full <-
structure(c(50, 55, 60, 65, 70, 75, 80, 85, 90, 95, 100, 1, 1, 
1, 1, 8.60613, 14.46527, 8.89313, 1, 12.31839, 13.84315, 7.60661, 
0.16667, 0.16667, 0.16667, 0.16667, -5.95285, -12.35541, -8.61201, 
0.16667, -14.72972, -1.35561, -13.0377, 0, 0, 0, 0, 0, 0, 0, 
0, 0, 0, 0, 0, 0, 0, 0, 0, 0, 0, 0, 0, 0, 0, 1, 1, 1, 1, 1, 1, 
1, 1, 0.98889, 0.99, 0.99091, 1, 1, 1, 1, 1, 1, 1, 1, 0.97778, 
0.97889, 0.9798, 0.0126, 0.0111, 0.0121, 0.0116, 0.0118, 0.0109, 
0.0122, 0.0121, 0.012, 0.0137, 0.0126, 19, 21.1, 21.6, 22.9, 
12.1, 11.1, 12.3, 28.8, 14.5, 39.9, 39.7, 1, 1, 1, 1, 2, 2, 3, 
1, 9, 2, 7, 1613, 1681, 1759, 1680, 1700, 1534, 1737, 1501, 736, 
715, 194, 100, 100, 100, 100, 100, 100, 100, 100, 100, 100, 100, 
2500, 2500, 2500, 2500, 2500, 2500, 2500, 2500, 2500, 2500, 2500, 
7866.999, 7883.571, 7756.01, 7777.115, 7796.406, 7792.16399999999, 
8124.69900000001, 8210.682, 8060.49999999999, 8145.19699999999, 
8322.50099999999, 13.31314, 5.18784, 9.62674, 2.67328, 4.88869, 
6.18974, 6.15934, 10.93995, 0.9837, 2.89538, 9.91264, -11.972, 
-1.85821, -4.03079, -6.72133, -4.94786, -6.04003, -7.22045, -3.5415, 
-4.0496, -0.51055, -0.8192, 0, 0, 0, 0, 0, 0, 0, 0, 0, 0, 0, 
0, 0, 0, 0, 0, 0, 0, 0, 0, 0, 0, 1, 1, 1, 1, 1, 1, 1, 1, 0.98889, 
0.99, 0.99091, 1, 1, 1, 1, 1, 1, 1, 1, 0.97778, 0.97889, 0.9798, 
0.0117, 0.0129, 0.0119, 0.0116, 0.0113, 0.0118, 0.0118, 0.0117, 
0.0119, 0.0143, 0.0145, 10.1, 23.1, 13.3, 20.8, 13.9, 12.6, 12.7, 
17.9, 22.6, 68.5, 60.4, 3, 2, 1, 1, 1, 4, 7, 2, 8, 3, 9, 1275, 
1440, 1517, 1525, 801, 877, 890, 1161, 305, 147, 88, 100, 100, 
100, 100, 100, 100, 100, 100, 100, 100, 100, 2500, 2500, 2500, 
2500, 2500, 2500, 2500, 2500, 2500, 2500, 2500, 7877.597, 7722.519, 
7701.81299999999, 7760.632, 7785.35400000001, 7969.958, 8237.088, 
8134.929, 8091.01199999999, 8271.845, 8753.27600000001, 1, 1, 
1, 1, 1, 1, 1, 1, 1, 1, 1, 0.16667, 0.16667, 0.16667, 0.16667, 
0.16667, 0.16667, 0.16667, 0.16667, 0.16667, 0.16667, 0.16667, 
0, 0, 0, 0, 0, 0, 0, 0, 0, 0, 0, 0, 0, 0, 0, 0, 0, 0, 0, 0, 0, 
0, 1, 1, 1, 1, 0.98571, 0.9875, 0.9875, 1, 0.97778, 0.98889, 
0.9798, 1, 1, 1, 1, 0.98571, 0.9875, 0.9875, 1, 0.97778, 0.97889, 
0.9798, 0.0106, 0.0116, 0.0113, 0.0119, 0.0119, 0.0115, 0.0118, 
0.0125, 0.0129, 0.013, 0.0139, 19, 21.1, 21.6, 22.9, 25.6, 26.8, 
27.1, 28.8, 29.5, 29, 30.5, 1, 1, 1, 1, 1, 1, 1, 1, 1, 1, 1, 
1, 1, 1, 1, 1, 1, 1, 1, 1, 1, 1, 1, 1, 1, 1, 1, 1, 1, 1, 1, 1, 
1, 1, 1, 1, 1, 1, 1, 1, 1, 1, 1, 1, 2.948, 3.179, 3.033, 3.167, 
3.098, 3.118, 3.24, 3.349, 3.252, 3.36, 4.192), .Dim = c(11L, 
40L), .Dimnames = list(NULL, c("Sampling", "PSO.cost", "PSO.gamma", 
"PSO.data.balancing", "PSO.feature.selection", "PSO.valid.acc", 
"PSO.test.acc", "PSO.train.time", "PSO.n.support.vectors", "PSO.index", 
"PSO.n.solutions", "PSO.generations", "PSO.n.evaluations", "PSO.cpu.time", 
"RS.cost", "RS.gamma", "RS.data.balancing", "RS.feature.selection", 
"RS.valid.acc", "RS.test.acc", "RS.train.time", "RS.n.support.vectors", 
"RS.index", "RS.n.solutions", "RS.generations", "RS.n.evaluations", 
"RS.cpu.time", "DF.cost", "DF.gamma", "DF.data.balancing", "DF.feature.selection", 
"DF.valid.acc", "DF.test.acc", "DF.train.time", "DF.n.support.vectors", 
"DF.index", "DF.n.solutions", "DF.generations", "DF.n.evaluations", 
"DF.cpu.time")))
