full <-
structure(c(50, 55, 60, 65, 70, 75, 80, 85, 90, 95, 100, 1, 4.29814, 
8.23765, 1, 11.71607, 9.4266, 5.47884, 1, 4.67004, 11.52768, 
3.21966, 0.16667, -8.89334, -12.98174, 0.16667, -14.98797, -12.33245, 
-6.89554, 0.16667, -4.98866, -13.52747, -6.83385, 0, 0, 0, 0, 
0, 0, 0, 0, 0, 0, 0, 0, 0, 0, 0, 0, 0, 0, 0, 0, 0, 0, 1, 1, 1, 
0.98571, 0.9875, 0.98889, 0.98889, 0.99, 0.99, 0.99, 0.99, 0.98, 
1, 0.98333, 0.98571, 0.9875, 0.98889, 0.98889, 0.97889, 0.97889, 
0.99, 0.99, 0.0123, 0.0112, 0.0143, 0.0128, 0.016, 0.0148, 0.0128, 
0.0131, 0.0127, 0.0122, 0.0119, 20.6, 24.1, 26.3, 23.8, 19, 16.5, 
12.6, 29.2, 12.9, 14.2, 22.1, 1, 159, 12, 1, 4, 6, 12, 1, 2, 
5, 9, 339, 224, 150, 1723, 599, 893, 731, 694, 2012, 882, 1004, 
100, 100, 100, 100, 100, 100, 100, 100, 100, 100, 100, 2500, 
2500, 2500, 2500, 2500, 2500, 2500, 2500, 2500, 2500, 2500, 7987.134, 
8042.687, 9903.019, 9893.57900000001, 9953.02100000001, 9593.753, 
9468.70699999999, 9528.63999999998, 9587.41199999998, 7460.935, 
7464.86900000001, 1.75856, -0.93737, 2.30955, 13.96197, 4.81477, 
11.5092, 3.01487, 10.11447, 13.54137, 8.07565, 1.63332, -6.90135, 
-4.05375, -6.93515, -0.90614, -8.60866, -12.89258, -5.22476, 
-11.31205, -10.0929, -11.55915, -2.79562, 0, 0, 0, 0, 0, 0, 0, 
0, 0, 0, 0, 0, 0, 0, 0, 0, 0, 0, 0, 0, 0, 0, 1, 1, 1, 0.98571, 
0.9875, 0.98889, 0.98889, 0.99, 0.99, 0.99, 0.99, 1, 0.98333, 
0.98333, 0.96905, 0.9875, 0.98889, 0.98889, 0.99, 0.97889, 0.99, 
0.99, 0.0109, 0.0115, 0.0142, 0.0128, 0.0144, 0.0125, 0.0127, 
0.0127, 0.0123, 0.0125, 0.0126, 26.6, 30.5, 25.8, 43.6, 21.3, 
11.6, 16, 11.2, 10.1, 21.2, 21.2, 13, 118, 84, 1, 9, 10, 5, 4, 
2, 28, 5, 169, 51, 43, 1391, 199, 309, 226, 396, 998, 330, 336, 
100, 100, 100, 100, 100, 100, 100, 100, 100, 100, 100, 2500, 
2500, 2500, 2500, 2500, 2500, 2500, 2500, 2500, 2500, 2500, 8004.019, 
9466.095, 9876.893, 9981.778, 9911.90199999999, 9541.803, 9471.08399999999, 
9590.34, 8580.15600000002, 7496.91699999999, 7443.916, 1, 1, 
1, 1, 1, 1, 1, 1, 1, 1, 1, 0.16667, 0.16667, 0.16667, 0.16667, 
0.16667, 0.16667, 0.16667, 0.16667, 0.16667, 0.16667, 0.16667, 
0, 0, 0, 0, 0, 0, 0, 0, 0, 0, 0, 0, 0, 0, 0, 0, 0, 0, 0, 0, 0, 
0, 1, 0.98333, 0.98333, 0.98571, 0.97321, 0.9746, 0.97778, 0.99, 
0.97889, 0.98, 0.98, 0.98, 0.98333, 0.98333, 0.98571, 0.97321, 
0.98889, 0.97778, 0.97889, 0.99, 0.99, 0.98, 0.0115, 0.0129, 
0.0123, 0.0125, 0.0143, 0.0131, 0.013, 0.0133, 0.0119, 0.0123, 
0.0117, 20.6, 22.1, 23.7, 23.8, 25.3, 27.3, 28.5, 29.2, 29.9, 
30.3, 29.6, 1, 1, 1, 1, 1, 1, 1, 1, 1, 1, 1, 1, 1, 1, 1, 1, 1, 
1, 1, 1, 1, 1, 1, 1, 1, 1, 1, 1, 1, 1, 1, 1, 1, 1, 1, 1, 1, 1, 
1, 1, 1, 1, 1, 1, 3.198, 3.902, 3.956, 3.994, 3.831, 3.786, 3.776, 
3.927, 3.005, 3.04, 2.877), .Dim = c(11L, 40L), .Dimnames = list(
    NULL, c("Sampling", "PSO.cost", "PSO.gamma", "PSO.data.balancing", 
    "PSO.feature.selection", "PSO.valid.acc", "PSO.test.acc", 
    "PSO.train.time", "PSO.n.support.vectors", "PSO.index", "PSO.n.solutions", 
    "PSO.generations", "PSO.n.evaluations", "PSO.cpu.time", "RS.cost", 
    "RS.gamma", "RS.data.balancing", "RS.feature.selection", 
    "RS.valid.acc", "RS.test.acc", "RS.train.time", "RS.n.support.vectors", 
    "RS.index", "RS.n.solutions", "RS.generations", "RS.n.evaluations", 
    "RS.cpu.time", "DF.cost", "DF.gamma", "DF.data.balancing", 
    "DF.feature.selection", "DF.valid.acc", "DF.test.acc", "DF.train.time", 
    "DF.n.support.vectors", "DF.index", "DF.n.solutions", "DF.generations", 
    "DF.n.evaluations", "DF.cpu.time")))
