full <-
structure(c(50, 55, 60, 65, 70, 75, 80, 85, 90, 95, 100, 1, 1, 
1, 1, 1, 6.23155, 6.61717, 1, 1, 1, 4.0482, 0.16667, 0.16667, 
0.16667, 0.16667, 0.16667, -3.88027, -3.52888, 0.16667, 0.16667, 
0.16667, -6.65621, 0, 0, 0, 0, 0, 0, 0, 0, 0, 0, 0, 0, 0, 0, 
0, 0, 0, 0, 0, 0, 0, 0, 1, 1, 1, 1, 1, 1, 1, 1, 1, 1, 0.99091, 
1, 1, 1, 1, 0.98571, 1, 1, 0.99, 1, 1, 0.99091, 0.0113, 0.0101, 
0.0103, 0.0112, 0.0107, 0.0104, 0.0106, 0.0109, 0.0129, 0.0132, 
0.0126, 21, 23.2, 23.3, 23.3, 25.5, 17.3, 19.7, 27.7, 28.1, 28.9, 
16.5, 1, 1, 1, 1, 1, 2, 5, 1, 1, 1, 12, 1650, 1787, 1863, 1797, 
1599, 2042, 1899, 1679, 1632, 1633, 402, 100, 100, 100, 100, 
100, 100, 100, 100, 100, 100, 100, 2500, 2500, 2500, 2500, 2500, 
2500, 2500, 2500, 2500, 2500, 2500, 6787.246, 6776.251, 6791.472, 
6979.56, 6952.625, 7052.43799999999, 7097.47199999999, 6816.867, 
9504.06299999999, 9580.429, 9821.99300000002, 11.47333, 10.64337, 
12.06486, 8.98777, 13.65971, 2.71773, 1.93262, 8.47407, 1.41595, 
13.62904, 9.21628, -9.40928, -1.23361, -11.94252, -14.37799, 
-3.09773, -5.93443, -4.25825, -7.30735, -4.45468, -8.56701, -12.80603, 
0, 0, 0, 0, 0, 0, 0, 0, 0, 0, 0, 0, 0, 0, 0, 0, 0, 0, 0, 0, 0, 
0, 1, 1, 1, 1, 1, 1, 1, 1, 1, 1, 0.99091, 1, 1, 1, 0.9875, 1, 
1, 1, 1, 1, 1, 0.99091, 0.0095, 0.011, 0.0103, 0.011, 0.0107, 
0.0106, 0.0115, 0.0098, 0.0129, 0.0125, 0.0129, 8.6, 35.3, 8.8, 
27.2, 19.1, 18.5, 18.5, 12.6, 20.4, 11.2, 21.3, 1, 1, 1, 3, 4, 
3, 3, 3, 1, 1, 12, 1442, 1394, 1482, 1452, 1221, 1185, 1088, 
1072, 1153, 1145, 129, 100, 100, 100, 100, 100, 100, 100, 100, 
100, 100, 100, 2500, 2500, 2500, 2500, 2500, 2500, 2500, 2500, 
2500, 2500, 2500, 6774.728, 6799.37, 6828.069, 6979.571, 7000.109, 
7072.28200000001, 6851.63099999999, 8670.99000000001, 9422.429, 
9747.652, 9833.62399999998, 1, 1, 1, 1, 1, 1, 1, 1, 1, 1, 1, 
0.16667, 0.16667, 0.16667, 0.16667, 0.16667, 0.16667, 0.16667, 
0.16667, 0.16667, 0.16667, 0.16667, 0, 0, 0, 0, 0, 0, 0, 0, 0, 
0, 0, 0, 0, 0, 0, 0, 0, 0, 0, 0, 0, 0, 1, 1, 1, 1, 1, 0.98571, 
0.9875, 1, 1, 1, 0.98091, 1, 1, 1, 1, 0.98571, 1, 0.9875, 0.99, 
1, 1, 0.99091, 0.0106, 0.0107, 0.0104, 0.0103, 0.0118, 0.011, 
0.0107, 0.013, 0.0135, 0.0137, 0.0135, 21, 23.2, 23.3, 23.3, 
25.5, 26.2, 28.2, 27.7, 28.1, 28.9, 29.5, 1, 1, 1, 1, 1, 1, 1, 
1, 1, 1, 1, 1, 1, 1, 1, 1, 1, 1, 1, 1, 1, 1, 1, 1, 1, 1, 1, 1, 
1, 1, 1, 1, 1, 1, 1, 1, 1, 1, 1, 1, 1, 1, 1, 1, 2.735, 2.777, 
2.771, 2.741, 2.778, 2.848, 2.812, 3.683, 3.942, 3.981, 3.936
), .Dim = c(11L, 40L), .Dimnames = list(NULL, c("Sampling", "PSO.cost", 
"PSO.gamma", "PSO.data.balancing", "PSO.feature.selection", "PSO.valid.acc", 
"PSO.test.acc", "PSO.train.time", "PSO.n.support.vectors", "PSO.index", 
"PSO.n.solutions", "PSO.generations", "PSO.n.evaluations", "PSO.cpu.time", 
"RS.cost", "RS.gamma", "RS.data.balancing", "RS.feature.selection", 
"RS.valid.acc", "RS.test.acc", "RS.train.time", "RS.n.support.vectors", 
"RS.index", "RS.n.solutions", "RS.generations", "RS.n.evaluations", 
"RS.cpu.time", "DF.cost", "DF.gamma", "DF.data.balancing", "DF.feature.selection", 
"DF.valid.acc", "DF.test.acc", "DF.train.time", "DF.n.support.vectors", 
"DF.index", "DF.n.solutions", "DF.generations", "DF.n.evaluations", 
"DF.cpu.time")))
