full <-
structure(c(50, 55, 60, 65, 70, 75, 80, 85, 90, 95, 100, 1, 1, 
1, 9.99188, 1, 1, 3.24832, 9.85132, 14.99511, 10.75925, 1, 0.16667, 
0.16667, 0.16667, -14.20185, 0.16667, 0.16667, -7.86733, -1.21216, 
-3.13992, -1.23051, 0.16667, 0, 0, 0, 0, 0, 0, 0, 0, 0, 0, 0, 
0, 0, 0, 0, 0, 0, 0, 0, 0, 0, 0, 0.975, 0.98333, 0.98333, 1, 
0.9875, 0.9875, 1, 0.98889, 0.99, 0.99091, 0.99091, 0.975, 0.98333, 
0.98333, 1, 0.9875, 0.9875, 0.98889, 0.98889, 0.98, 0.98091, 
0.98182, 0.0113, 0.0107, 0.013, 0.0112, 0.0109, 0.0114, 0.0108, 
0.012, 0.0114, 0.013, 0.0121, 20.7, 23, 25.1, 21.5, 23.9, 24.9, 
28.5, 42.5, 19, 44.9, 29.5, 1, 1, 1, 16, 1, 1, 105, 2, 2, 2, 
1, 635, 1259, 527, 339, 1335, 1554, 97, 584, 1068, 1625, 553, 
100, 100, 100, 100, 100, 100, 100, 100, 100, 100, 100, 2500, 
2500, 2500, 2500, 2500, 2500, 2500, 2500, 2500, 2500, 2500, 7074.801, 
7035.701, 9449.197, 6989.472, 6974.858, 6959.137, 6948.18999999999, 
6965.977, 6972.65700000001, 7045.76200000002, 7866.035, 12.48658, 
9.84594, 1.8364, 8.40125, 9.3796, 3.61569, 1.28245, 3.90375, 
4.71086, 5.9454, 1.69235, -0.58444, -13.89395, -0.79488, -12.19953, 
-14.20343, -9.06762, -5.77922, -5.80661, -7.51086, -0.53203, 
-3.52956, 0, 0, 0, 0, 0, 0, 0, 0, 0, 0, 0, 0, 0, 0, 0, 0, 0, 
0, 0, 0, 0, 0, 0.975, 0.98333, 0.98333, 1, 0.9875, 0.9875, 1, 
0.98889, 0.99, 0.99091, 0.99091, 0.975, 0.96667, 0.98333, 1, 
0.9875, 0.9875, 0.97639, 0.97778, 0.98, 0.98091, 0.99091, 0.0112, 
0.0104, 0.0115, 0.0109, 0.0111, 0.0117, 0.0114, 0.0111, 0.011, 
0.0146, 0.0127, 40.5, 19.6, 44.9, 19.6, 26.6, 34.6, 28.4, 14.9, 
16.3, 68.2, 18.4, 8, 8, 4, 9, 6, 4, 13, 5, 3, 7, 8, 425, 412, 
413, 116, 439, 1209, 19, 470, 368, 220, 291, 100, 100, 100, 100, 
100, 100, 100, 100, 100, 100, 100, 2500, 2500, 2500, 2500, 2500, 
2500, 2500, 2500, 2500, 2500, 2500, 7037.66, 7145.72, 7002.932, 
6978.59, 6943.822, 6969.198, 6956.45299999999, 6976.39199999999, 
6991.755, 7017.24599999998, 9057.04599999997, 1, 1, 1, 1, 1, 
1, 1, 1, 1, 1, 1, 0.16667, 0.16667, 0.16667, 0.16667, 0.16667, 
0.16667, 0.16667, 0.16667, 0.16667, 0.16667, 0.16667, 0, 0, 0, 
0, 0, 0, 0, 0, 0, 0, 0, 0, 0, 0, 0, 0, 0, 0, 0, 0, 0, 0, 0.975, 
0.98333, 0.98333, 0.98333, 0.9875, 0.9875, 0.97639, 0.97778, 
0.98, 0.98091, 0.99091, 0.975, 0.98333, 0.98333, 0.98333, 0.9875, 
0.9875, 0.97639, 0.97778, 0.98, 0.98091, 0.98182, 0.0103, 0.0125, 
0.0109, 0.0111, 0.0112, 0.0115, 0.0111, 0.0118, 0.0117, 0.0119, 
0.0121, 20.7, 23, 25.1, 23.6, 23.9, 24.9, 26.7, 27.1, 27.9, 29.4, 
29.5, 1, 1, 1, 1, 1, 1, 1, 1, 1, 1, 1, 1, 1, 1, 1, 1, 1, 1, 1, 
1, 1, 1, 1, 1, 1, 1, 1, 1, 1, 1, 1, 1, 1, 1, 1, 1, 1, 1, 1, 1, 
1, 1, 1, 1, 2.81, 4.149, 2.824, 2.765, 2.738, 2.829, 2.837, 2.871, 
2.84, 2.669, 2.807), .Dim = c(11L, 40L), .Dimnames = list(NULL, 
    c("Sampling", "PSO.cost", "PSO.gamma", "PSO.data.balancing", 
    "PSO.feature.selection", "PSO.valid.acc", "PSO.test.acc", 
    "PSO.train.time", "PSO.n.support.vectors", "PSO.index", "PSO.n.solutions", 
    "PSO.generations", "PSO.n.evaluations", "PSO.cpu.time", "RS.cost", 
    "RS.gamma", "RS.data.balancing", "RS.feature.selection", 
    "RS.valid.acc", "RS.test.acc", "RS.train.time", "RS.n.support.vectors", 
    "RS.index", "RS.n.solutions", "RS.generations", "RS.n.evaluations", 
    "RS.cpu.time", "DF.cost", "DF.gamma", "DF.data.balancing", 
    "DF.feature.selection", "DF.valid.acc", "DF.test.acc", "DF.train.time", 
    "DF.n.support.vectors", "DF.index", "DF.n.solutions", "DF.generations", 
    "DF.n.evaluations", "DF.cpu.time")))
