full <-
structure(c(50, 55, 60, 65, 70, 75, 80, 85, 90, 95, 100, 1, 9.99856, 
1, 1, 8.62177, 9.45127, 4.68964, -0.42225, 4.00936, 11.735, 13.12032, 
0.16667, -13.74823, 0.16667, 0.16667, -2.94561, -12.22881, -7.654, 
-1.31974, -6.58153, -14.76632, -14.95415, 0, 0, 0, 0, 0, 0, 0, 
0, 0, 0, 0, 0, 0, 0, 0, 0, 0, 0, 0, 0, 0, 0, 0.98333, 0.98333, 
0.98333, 0.97143, 0.9875, 0.9875, 0.9875, 0.98889, 0.98889, 0.98889, 
0.98889, 0.98333, 1, 0.98333, 0.97143, 0.975, 0.9875, 0.97639, 
0.97778, 0.98889, 0.97778, 0.98889, 0.0122, 0.0112, 0.0105, 0.0113, 
0.0107, 0.0111, 0.0111, 0.0122, 0.0106, 0.0116, 0.0111, 19, 16.1, 
19, 21.2, 15.3, 15.8, 17, 42.8, 15.5, 17.6, 12.3, 1, 9, 1, 1, 
5, 7, 17, 2, 16, 2, 21, 1487, 920, 794, 1098, 1093, 531, 663, 
553, 576, 594, 391, 100, 100, 100, 100, 100, 100, 100, 100, 100, 
100, 100, 2500, 2500, 2500, 2500, 2500, 2500, 2500, 2500, 2500, 
2500, 2500, 7954.388, 7640.116, 7122.732, 7169.761, 7362.323, 
7117.886, 6963.871, 7025.52099999999, 6846.969, 7042.56199999999, 
7061.11099999998, 8.38484, 3.54168, 13.90065, 5.96173, 5.90245, 
10.10552, 5.10293, 7.57047, 6.1854, 8.9248, 9.98773, -7.08577, 
-5.95271, -3.93348, -6.50689, -6.88223, -13.26215, -7.20738, 
-9.82344, -9.19631, -12.69043, -12.10296, 0, 0, 0, 0, 0, 0, 0, 
0, 0, 0, 0, 0, 0, 0, 0, 0, 0, 0, 0, 0, 0, 0, 0.98333, 0.98333, 
0.98333, 0.97143, 0.9875, 0.9875, 0.9875, 0.98889, 0.98889, 0.98889, 
0.98889, 0.96333, 0.98333, 0.98333, 0.97143, 0.975, 0.9875, 0.97639, 
0.98889, 0.98889, 0.98889, 0.98889, 0.0103, 0.0106, 0.0099, 0.012, 
0.0115, 0.0112, 0.0108, 0.011, 0.0119, 0.0112, 0.0112, 9.1, 12.5, 
10.1, 10.3, 11.5, 17.7, 13.4, 13.5, 17.7, 22.6, 13.9, 1, 1, 8, 
1, 6, 6, 1, 23, 27, 5, 30, 973, 426, 525, 778, 519, 169, 206, 
272, 161, 195, 107, 100, 100, 100, 100, 100, 100, 100, 100, 100, 
100, 100, 2500, 2500, 2500, 2500, 2500, 2500, 2500, 2500, 2500, 
2500, 2500, 7842.382, 7367.573, 7149.79500000001, 7400.206, 7287.95, 
6958.90800000001, 7077.817, 7055.405, 6973.84199999999, 7082.193, 
6977.34700000001, 1, 1, 1, 1, 1, 1, 1, 1, 1, 1, 1, 0.16667, 0.16667, 
0.16667, 0.16667, 0.16667, 0.16667, 0.16667, 0.16667, 0.16667, 
0.16667, 0.16667, 0, 0, 0, 0, 0, 0, 0, 0, 0, 0, 0, 0, 0, 0, 0, 
0, 0, 0, 0, 0, 0, 0, 0.98333, 0.96667, 0.98333, 0.97143, 0.975, 
0.97321, 0.97639, 0.97778, 0.97778, 0.97778, 0.97889, 0.98333, 
1, 0.98333, 0.97143, 0.975, 0.9875, 0.97639, 0.97778, 0.98889, 
0.97778, 0.97889, 0.0106, 0.0102, 0.0104, 0.0104, 0.0111, 0.0108, 
0.0114, 0.0113, 0.0116, 0.0118, 0.0114, 19, 18.7, 19, 21.2, 22.3, 
24.9, 25.7, 26.4, 27.8, 28.8, 29.8, 1, 1, 1, 1, 1, 1, 1, 1, 1, 
1, 1, 1, 1, 1, 1, 1, 1, 1, 1, 1, 1, 1, 1, 1, 1, 1, 1, 1, 1, 1, 
1, 1, 1, 1, 1, 1, 1, 1, 1, 1, 1, 1, 1, 1, 2.983, 2.862, 2.922, 
2.876, 2.942, 2.716, 2.908, 2.761, 2.852, 2.8, 2.803), .Dim = c(11L, 
40L), .Dimnames = list(NULL, c("Sampling", "PSO.cost", "PSO.gamma", 
"PSO.data.balancing", "PSO.feature.selection", "PSO.valid.acc", 
"PSO.test.acc", "PSO.train.time", "PSO.n.support.vectors", "PSO.index", 
"PSO.n.solutions", "PSO.generations", "PSO.n.evaluations", "PSO.cpu.time", 
"RS.cost", "RS.gamma", "RS.data.balancing", "RS.feature.selection", 
"RS.valid.acc", "RS.test.acc", "RS.train.time", "RS.n.support.vectors", 
"RS.index", "RS.n.solutions", "RS.generations", "RS.n.evaluations", 
"RS.cpu.time", "DF.cost", "DF.gamma", "DF.data.balancing", "DF.feature.selection", 
"DF.valid.acc", "DF.test.acc", "DF.train.time", "DF.n.support.vectors", 
"DF.index", "DF.n.solutions", "DF.generations", "DF.n.evaluations", 
"DF.cpu.time")))
