full <-
structure(c(50, 55, 60, 65, 70, 75, 80, 85, 90, 95, 100, 1, 1, 
1, 1, 1, 2.39255, 12.25297, 8.32791, 7.7596, 0.50778, 8.30921, 
0.16667, 0.16667, 0.16667, 0.16667, 0.16667, -4.92263, -13.756, 
-11.02685, -11.76317, -3.30758, -10.76859, 0, 0, 0, 0, 0, 0, 
0, 0, 0, 0, 0, 0, 0, 0, 0, 0, 0, 0, 0, 0, 0, 0, 0.98, 0.98333, 
0.96905, 0.97143, 0.97321, 0.98571, 0.98889, 0.98889, 0.98889, 
0.99, 0.99091, 0.98, 0.98333, 0.96905, 0.98571, 0.97321, 0.97321, 
0.97639, 0.97778, 0.98889, 0.99, 0.99091, 0.0118, 0.0109, 0.0107, 
0.0107, 0.0116, 0.0112, 0.0108, 0.011, 0.0108, 0.0124, 0.0112, 
17.8, 18.9, 21.5, 22.1, 24.5, 15.5, 12.5, 14.6, 22.8, 22.6, 15.3, 
1, 1, 1, 1, 1, 200, 2084, 2, 8, 63, 2, 1727, 1670, 1799, 1761, 
1025, 217, 10, 1705, 378, 238, 736, 100, 100, 100, 100, 100, 
100, 100, 100, 100, 100, 100, 2500, 2500, 2500, 2500, 2500, 2500, 
2500, 2500, 2500, 2500, 2500, 7058.628, 7119.071, 7068.565, 7048.258, 
7035.291, 6966.317, 7012.36200000001, 6952.42599999999, 6999.815, 
7027.33399999999, 7023.45199999999, 9.64243, 12.36061, 8.43379, 
7.88746, 12.58563, 8.15515, 6.48735, 14.81095, 0.8604, 3.6863, 
10.75886, -12.27846, -5.35199, -4.0296, -7.61269, -2.99868, -10.81728, 
-8.05789, -11.34503, -3.64195, -7.45616, -12.19589, 0, 0, 0, 
0, 0, 0, 0, 0, 0, 0, 0, 0, 0, 0, 0, 0, 0, 0, 0, 0, 0, 0, 0.98, 
0.98333, 0.96905, 0.97143, 0.97321, 0.98571, 0.98889, 0.98889, 
0.98889, 0.99, 0.99091, 0.98, 0.98333, 0.98333, 0.97143, 0.97321, 
0.97321, 0.97639, 0.97778, 0.97778, 0.99, 0.99091, 0.0107, 0.0102, 
0.0101, 0.0109, 0.0113, 0.0107, 0.0109, 0.0107, 0.0113, 0.0111, 
0.011, 11.8, 10, 11.7, 9.2, 17, 15.1, 12.4, 9.2, 21, 22.1, 11.9, 
1, 2, 1, 1, 2, 23, 48, 5, 56, 65, 12, 1363, 1387, 1453, 1377, 
897, 33, 35, 975, 94, 68, 281, 100, 100, 100, 100, 100, 100, 
100, 100, 100, 100, 100, 2500, 2500, 2500, 2500, 2500, 2500, 
2500, 2500, 2500, 2500, 2500, 7054.691, 7091.606, 7074.545, 7038.795, 
7009.30500000001, 6977.164, 6987.66100000001, 7006.531, 7009.62800000001, 
7023.761, 7048.63700000002, 1, 1, 1, 1, 1, 1, 1, 1, 1, 1, 1, 
0.16667, 0.16667, 0.16667, 0.16667, 0.16667, 0.16667, 0.16667, 
0.16667, 0.16667, 0.16667, 0.16667, 0, 0, 0, 0, 0, 0, 0, 0, 0, 
0, 0, 0, 0, 0, 0, 0, 0, 0, 0, 0, 0, 0, 0.98, 0.98333, 0.96905, 
0.97143, 0.97321, 0.97321, 0.97639, 0.97778, 0.97778, 0.98, 0.98182, 
0.98, 0.98333, 0.96905, 0.98571, 0.97321, 0.97321, 0.97639, 0.98889, 
0.97778, 0.98, 0.98182, 0.0108, 0.0104, 0.0102, 0.0107, 0.0111, 
0.011, 0.0113, 0.0116, 0.0116, 0.0115, 0.0118, 17.8, 18.9, 21.5, 
22.1, 24.5, 24.4, 25, 25.2, 26.1, 26.7, 29.2, 1, 1, 1, 1, 1, 
1, 1, 1, 1, 1, 1, 1, 1, 1, 1, 1, 1, 1, 1, 1, 1, 1, 1, 1, 1, 1, 
1, 1, 1, 1, 1, 1, 1, 1, 1, 1, 1, 1, 1, 1, 1, 1, 1, 1, 2.917, 
2.92, 2.881, 2.806, 2.871, 2.773, 2.81, 2.818, 2.835, 2.748, 
2.772), .Dim = c(11L, 40L), .Dimnames = list(NULL, c("Sampling", 
"PSO.cost", "PSO.gamma", "PSO.data.balancing", "PSO.feature.selection", 
"PSO.valid.acc", "PSO.test.acc", "PSO.train.time", "PSO.n.support.vectors", 
"PSO.index", "PSO.n.solutions", "PSO.generations", "PSO.n.evaluations", 
"PSO.cpu.time", "RS.cost", "RS.gamma", "RS.data.balancing", "RS.feature.selection", 
"RS.valid.acc", "RS.test.acc", "RS.train.time", "RS.n.support.vectors", 
"RS.index", "RS.n.solutions", "RS.generations", "RS.n.evaluations", 
"RS.cpu.time", "DF.cost", "DF.gamma", "DF.data.balancing", "DF.feature.selection", 
"DF.valid.acc", "DF.test.acc", "DF.train.time", "DF.n.support.vectors", 
"DF.index", "DF.n.solutions", "DF.generations", "DF.n.evaluations", 
"DF.cpu.time")))
