full <-
structure(c(50, 55, 60, 65, 70, 75, 80, 85, 90, 95, 100, 1, 11.2814, 
6.48414, 2.4101, 9.51085, 13.7072, 3.45033, 11.8994, 1, 3.30254, 
1, 0.16667, -1.37275, -10.28781, -1.55775, -13.66554, -1.41156, 
-8.30316, -0.87189, 0.16667, -1.26521, 0.16667, 0, 0, 0, 0, 0, 
0, 0, 0, 0, 0, 0, 0, 0, 0, 0, 0, 0, 0, 0, 0, 0, 0, 0.98333, 0.98571, 
0.98333, 0.98571, 1, 0.98571, 0.98889, 0.9875, 0.98889, 0.99, 
0.99091, 0.98333, 0.98571, 0.95476, 0.98571, 0.97083, 0.98571, 
0.98889, 0.97639, 0.98889, 0.99, 0.99091, 0.0107, 0.0096, 0.0093, 
0.01, 0.0103, 0.0114, 0.0107, 0.0125, 0.0111, 0.0123, 0.0118, 
21.4, 32.2, 18.8, 31.8, 22.4, 38.2, 29.1, 52.8, 26.8, 44.2, 29.7, 
1, 38, 27, 28, 124, 11, 6, 13, 1, 8, 1, 409, 310, 208, 897, 97, 
1412, 391, 1277, 717, 1652, 1606, 100, 100, 100, 100, 100, 100, 
100, 100, 100, 100, 100, 2500, 2500, 2500, 2500, 2500, 2500, 
2500, 2500, 2500, 2500, 2500, 6431.392, 6426.056, 6361.966, 6431.456, 
6747.38400000001, 6806.20499999999, 6788.75200000001, 6760.58499999999, 
6772.63499999999, 6829.39999999999, 6863.99899999998, 0.44698, 
9.32843, 10.59137, 2.1715, 2.80586, 4.52565, 14.64754, 8.95784, 
10.01689, 13.99451, 9.14809, -4.82323, -0.83685, -14.36068, -1.53757, 
-6.84037, -1.34447, -1.06834, -0.62317, -0.41159, -0.76259, -8.21692, 
0, 0, 0, 0, 0, 0, 0, 0, 0, 0, 0, 0, 0, 0, 0, 0, 0, 0, 0, 0, 0, 
0, 0.98333, 0.98571, 0.98333, 0.98571, 1, 0.98571, 0.98889, 0.9875, 
0.98889, 0.99, 0.99091, 0.98333, 0.98571, 0.95476, 0.98571, 0.97083, 
0.98571, 0.98889, 0.96528, 0.98889, 0.99, 0.98091, 0.0097, 0.0112, 
0.0096, 0.011, 0.0108, 0.0113, 0.012, 0.0121, 0.0129, 0.0134, 
0.0109, 22.5, 40.1, 18.4, 31.9, 21.7, 40.2, 48.3, 58.9, 67, 60.7, 
10.2, 10, 21, 123, 45, 29, 23, 14, 6, 5, 31, 1, 181, 129, 42, 
123, 4, 24, 222, 143, 372, 264, 1202, 100, 100, 100, 100, 100, 
100, 100, 100, 100, 100, 100, 2500, 2500, 2500, 2500, 2500, 2500, 
2500, 2500, 2500, 2500, 2500, 6408.782, 6403.736, 6301.059, 6743.618, 
6755.249, 6781.751, 6767.90000000001, 6742.378, 6798.17199999999, 
6795.59500000002, 6926.223, 1, 1, 1, 1, 1, 1, 1, 1, 1, 1, 1, 
0.16667, 0.16667, 0.16667, 0.16667, 0.16667, 0.16667, 0.16667, 
0.16667, 0.16667, 0.16667, 0.16667, 0, 0, 0, 0, 0, 0, 0, 0, 0, 
0, 0, 0, 0, 0, 0, 0, 0, 0, 0, 0, 0, 0, 0.98333, 0.96905, 0.96905, 
0.97143, 0.97083, 0.97143, 0.97639, 0.97639, 0.98889, 0.97889, 
0.99091, 0.98333, 0.96905, 0.95476, 0.97143, 0.97083, 0.97143, 
0.98889, 0.97639, 0.98889, 0.99, 0.99091, 0.0095, 0.0099, 0.0093, 
0.0109, 0.0109, 0.0109, 0.0106, 0.0113, 0.011, 0.0118, 0.0117, 
21.4, 21.9, 22.7, 24.1, 26.2, 26.1, 27.4, 27.3, 26.8, 29, 29.7, 
1, 1, 1, 1, 1, 1, 1, 1, 1, 1, 1, 1, 1, 1, 1, 1, 1, 1, 1, 1, 1, 
1, 1, 1, 1, 1, 1, 1, 1, 1, 1, 1, 1, 1, 1, 1, 1, 1, 1, 1, 1, 1, 
1, 1, 2.577, 2.582, 2.392, 2.787, 2.595, 2.637, 2.654, 2.762, 
2.63, 2.807, 2.765), .Dim = c(11L, 40L), .Dimnames = list(NULL, 
    c("Sampling", "PSO.cost", "PSO.gamma", "PSO.data.balancing", 
    "PSO.feature.selection", "PSO.valid.acc", "PSO.test.acc", 
    "PSO.train.time", "PSO.n.support.vectors", "PSO.index", "PSO.n.solutions", 
    "PSO.generations", "PSO.n.evaluations", "PSO.cpu.time", "RS.cost", 
    "RS.gamma", "RS.data.balancing", "RS.feature.selection", 
    "RS.valid.acc", "RS.test.acc", "RS.train.time", "RS.n.support.vectors", 
    "RS.index", "RS.n.solutions", "RS.generations", "RS.n.evaluations", 
    "RS.cpu.time", "DF.cost", "DF.gamma", "DF.data.balancing", 
    "DF.feature.selection", "DF.valid.acc", "DF.test.acc", "DF.train.time", 
    "DF.n.support.vectors", "DF.index", "DF.n.solutions", "DF.generations", 
    "DF.n.evaluations", "DF.cpu.time")))
