full <-
structure(c(50, 55, 60, 65, 70, 75, 80, 85, 90, 95, 100, 11.70363, 
2.40293, 6.72448, 4.41758, 7.92645, 8.21644, 8.84597, 1, 1, -0.36206, 
6.96924, -13.38563, -5.21922, -10.7863, -8.07954, -0.72566, -10.02259, 
-10.5105, 0.16667, 0.16667, -3.26289, -6.13222, 0, 0, 0, 0, 0, 
0, 0, 0, 0, 0, 0, 0, 0, 0, 0, 0, 0, 0, 0, 0, 0, 0, 0.98, 1, 0.98571, 
0.98571, 0.9875, 0.9875, 0.98889, 0.98889, 0.98889, 0.99, 0.99, 
0.98, 0.98333, 0.98571, 0.97143, 0.9875, 0.9875, 0.98889, 0.97639, 
0.98889, 0.99, 0.98, 0.0096, 0.0102, 0.0102, 0.0103, 0.012, 0.0104, 
0.0105, 0.0109, 0.0109, 0.0134, 0.0122, 10.9, 15.2, 20.2, 19.7, 
50, 11.9, 12.3, 27.2, 28.4, 29.1, 11.2, 10, 14, 4, 40, 8, 2, 
3, 1, 1, 2, 2, 610, 236, 681, 492, 698, 1019, 914, 1792, 1383, 
1778, 1362, 100, 100, 100, 100, 100, 100, 100, 100, 100, 100, 
100, 2500, 2500, 2500, 2500, 2500, 2500, 2500, 2500, 2500, 2500, 
2500, 6830.232, 6891.449, 6915.648, 6909.682, 6902.815, 6939.34499999999, 
6994.24000000001, 6993.22700000001, 7925.52800000001, 9054.989, 
8959.875, 4.02728, 2.08659, 5.67958, 10.25159, 1.69246, 2.64783, 
8.69966, 6.38819, 11.70406, 0.56225, 11.70946, -7.27405, -4.61296, 
-8.93019, -14.42205, -0.50221, -6.83092, -11.55641, -6.36728, 
-12.78838, -4.16157, -6.02034, 0, 0, 0, 0, 0, 0, 0, 0, 0, 0, 
0, 0, 0, 0, 0, 0, 0, 0, 0, 0, 0, 0, 0.98, 1, 0.98571, 0.98571, 
0.9875, 0.9875, 0.98889, 0.98889, 0.98889, 0.99, 0.99, 0.98, 
0.98333, 0.98571, 0.97143, 0.9875, 0.9875, 0.98889, 0.97639, 
0.98889, 0.99, 0.98, 0.01, 0.01, 0.0102, 0.0107, 0.0117, 0.0108, 
0.0106, 0.01, 0.0127, 0.0129, 0.0125, 14.1, 14.2, 16.3, 22.6, 
54.4, 24.3, 16, 11.3, 11.2, 25.9, 11.2, 3, 5, 5, 64, 8, 1, 2, 
1, 1, 7, 1, 196, 37, 247, 93, 301, 323, 369, 1151, 833, 1109, 
628, 100, 100, 100, 100, 100, 100, 100, 100, 100, 100, 100, 2500, 
2500, 2500, 2500, 2500, 2500, 2500, 2500, 2500, 2500, 2500, 6866.752, 
6916.139, 6888.183, 6928.09, 6924.25, 7009.86899999999, 7000.07799999999, 
6852.637, 9251.28199999999, 8994.13800000001, 8986.73000000001, 
1, 1, 1, 1, 1, 1, 1, 1, 1, 1, 1, 0.16667, 0.16667, 0.16667, 0.16667, 
0.16667, 0.16667, 0.16667, 0.16667, 0.16667, 0.16667, 0.16667, 
0, 0, 0, 0, 0, 0, 0, 0, 0, 0, 0, 0, 0, 0, 0, 0, 0, 0, 0, 0, 0, 
0, 0.96333, 0.98333, 0.96905, 0.97143, 0.97321, 0.97321, 0.97639, 
0.98889, 0.98889, 0.98, 0.98, 0.96333, 0.96667, 0.96905, 0.97143, 
0.97321, 0.97321, 0.97639, 0.97639, 0.98889, 0.99, 0.99, 0.0099, 
0.0106, 0.0104, 0.0107, 0.0105, 0.0106, 0.0108, 0.0105, 0.0141, 
0.0129, 0.0131, 19.4, 20.9, 22.3, 23.9, 24.2, 25.5, 26.9, 27.2, 
28.4, 29.4, 29.3, 1, 1, 1, 1, 1, 1, 1, 1, 1, 1, 1, 1, 1, 1, 1, 
1, 1, 1, 1, 1, 1, 1, 1, 1, 1, 1, 1, 1, 1, 1, 1, 1, 1, 1, 1, 1, 
1, 1, 1, 1, 1, 1, 1, 1, 2.744, 2.771, 2.76, 2.749, 2.768, 2.726, 
2.722, 2.717, 3.789, 3.597, 3.545), .Dim = c(11L, 40L), .Dimnames = list(
    NULL, c("Sampling", "PSO.cost", "PSO.gamma", "PSO.data.balancing", 
    "PSO.feature.selection", "PSO.valid.acc", "PSO.test.acc", 
    "PSO.train.time", "PSO.n.support.vectors", "PSO.index", "PSO.n.solutions", 
    "PSO.generations", "PSO.n.evaluations", "PSO.cpu.time", "RS.cost", 
    "RS.gamma", "RS.data.balancing", "RS.feature.selection", 
    "RS.valid.acc", "RS.test.acc", "RS.train.time", "RS.n.support.vectors", 
    "RS.index", "RS.n.solutions", "RS.generations", "RS.n.evaluations", 
    "RS.cpu.time", "DF.cost", "DF.gamma", "DF.data.balancing", 
    "DF.feature.selection", "DF.valid.acc", "DF.test.acc", "DF.train.time", 
    "DF.n.support.vectors", "DF.index", "DF.n.solutions", "DF.generations", 
    "DF.n.evaluations", "DF.cpu.time")))
