full <-
structure(c(50, 55, 60, 65, 70, 75, 80, 85, 90, 95, 100, 0.26506, 
1, 1, 1, 5.64901, 1, 1, 10.74987, 2.68263, 0.62927, 5.84455, 
-3.75315, 0.16667, 0.16667, 0.16667, -10.48288, 0.16667, 0.16667, 
-0.94053, -8.13666, -2.71292, -9.01774, 0, 0, 0, 0, 0, 0, 0, 
0, 0, 0, 0, 0, 0, 0, 0, 0, 0, 0, 0, 0, 0, 0, 1, 1, 1, 1, 1, 1, 
1, 1, 0.99, 0.99, 0.99091, 1, 0.98571, 1, 1, 1, 0.98571, 0.9875, 
1, 0.99, 0.99, 0.99091, 0.0123, 0.0114, 0.0117, 0.0111, 0.0125, 
0.0116, 0.0118, 0.0139, 0.0131, 0.0121, 0.0123, 19.8, 20.1, 20.9, 
22, 27.3, 25.5, 25.6, 51.2, 38.7, 24.9, 18.4, 101, 1, 1, 1, 10, 
1, 1, 2, 43, 3, 7, 96, 687, 975, 675, 271, 1151, 1058, 980, 156, 
1262, 978, 100, 100, 100, 100, 100, 100, 100, 100, 100, 100, 
100, 2500, 2500, 2500, 2500, 2500, 2500, 2500, 2500, 2500, 2500, 
2500, 8756.545, 8458.179, 8358.781, 8452.67, 8400.643, 8395.58200000001, 
8258.30399999999, 8470.686, 8488.818, 8293.94699999999, 8172.28700000001, 
0.16135, -0.04815, 13.62508, 9.36957, 4.35034, 14.06311, 14.53997, 
6.97267, 13.28095, 1.04044, 8.78345, -3.62246, -1.47743, -2.38071, 
-14.58482, -9.09505, -5.95917, -1.06144, -0.72509, -1.03794, 
-4.80438, -9.98575, 0, 0, 0, 0, 0, 0, 0, 0, 0, 0, 0, 0, 0, 0, 
0, 0, 0, 0, 0, 0, 0, 0, 1, 1, 1, 1, 1, 1, 1, 1, 0.99, 0.99, 0.99091, 
1, 0.98571, 1, 1, 1, 0.98571, 1, 1, 0.99, 0.99, 0.99091, 0.0124, 
0.0116, 0.0115, 0.0132, 0.0113, 0.012, 0.0129, 0.0137, 0.014, 
0.013, 0.0123, 19.8, 29.9, 18.5, 29.1, 26.6, 10.4, 47.5, 57.5, 
49.6, 25.3, 11.8, 130, 1, 2, 11, 22, 2, 5, 3, 30, 2, 15, 7, 400, 
638, 502, 38, 928, 439, 385, 62, 688, 302, 100, 100, 100, 100, 
100, 100, 100, 100, 100, 100, 100, 2500, 2500, 2500, 2500, 2500, 
2500, 2500, 2500, 2500, 2500, 2500, 8591.417, 8419.296, 8304.683, 
8435.646, 8359.27100000001, 8357.44499999999, 8444.14199999999, 
8481.446, 8295.47999999998, 8310.68000000002, 8159.79000000001, 
1, 1, 1, 1, 1, 1, 1, 1, 1, 1, 1, 0.16667, 0.16667, 0.16667, 0.16667, 
0.16667, 0.16667, 0.16667, 0.16667, 0.16667, 0.16667, 0.16667, 
0, 0, 0, 0, 0, 0, 0, 0, 0, 0, 0, 0, 0, 0, 0, 0, 0, 0, 0, 0, 0, 
0, 0.98, 1, 1, 1, 0.98571, 1, 1, 0.9875, 0.97889, 0.97889, 0.98091, 
1, 0.98571, 1, 1, 0.98571, 0.98571, 0.9875, 1, 0.97889, 0.97889, 
0.99091, 0.0119, 0.0113, 0.0109, 0.0118, 0.0114, 0.0122, 0.0118, 
0.0124, 0.0126, 0.0123, 0.0121, 19.9, 20.1, 20.9, 22, 23.5, 25.5, 
25.6, 26, 27.9, 28.6, 29.1, 1, 1, 1, 1, 1, 1, 1, 1, 1, 1, 1, 
1, 1, 1, 1, 1, 1, 1, 1, 1, 1, 1, 1, 1, 1, 1, 1, 1, 1, 1, 1, 1, 
1, 1, 1, 1, 1, 1, 1, 1, 1, 1, 1, 1, 3.556, 3.341, 3.107, 3.349, 
3.312, 3.282, 3.343, 3.304, 3.271, 3.248, 3.278), .Dim = c(11L, 
40L), .Dimnames = list(NULL, c("Sampling", "PSO.cost", "PSO.gamma", 
"PSO.data.balancing", "PSO.feature.selection", "PSO.valid.acc", 
"PSO.test.acc", "PSO.train.time", "PSO.n.support.vectors", "PSO.index", 
"PSO.n.solutions", "PSO.generations", "PSO.n.evaluations", "PSO.cpu.time", 
"RS.cost", "RS.gamma", "RS.data.balancing", "RS.feature.selection", 
"RS.valid.acc", "RS.test.acc", "RS.train.time", "RS.n.support.vectors", 
"RS.index", "RS.n.solutions", "RS.generations", "RS.n.evaluations", 
"RS.cpu.time", "DF.cost", "DF.gamma", "DF.data.balancing", "DF.feature.selection", 
"DF.valid.acc", "DF.test.acc", "DF.train.time", "DF.n.support.vectors", 
"DF.index", "DF.n.solutions", "DF.generations", "DF.n.evaluations", 
"DF.cpu.time")))
