full <-
structure(c(50, 55, 60, 65, 70, 75, 80, 85, 90, 95, 100, 8.10634, 
4.52154, 6.66322, 9.99312, 12.32379, 3.06655, 1, 2.16636, 1.42131, 
13.16512, 9.72899, -8.54686, -5.94297, -5.25794, -7.63058, -9.80785, 
-7.09091, 0.16667, -5.80354, -6.44377, -5.65568, -12.03402, 0, 
0, 0, 0, 0, 0, 0, 0, 0, 0, 0, 0, 0, 0, 0, 0, 0, 0, 0, 0, 0, 0, 
1, 1, 1, 1, 1, 1, 0.97778, 0.98889, 0.98889, 0.99, 0.99, 0.98, 
1, 1, 1, 1, 0.9875, 0.97778, 0.98889, 0.97639, 0.98, 0.99, 0.011, 
0.0108, 0.0108, 0.011, 0.011, 0.0117, 0.0115, 0.0123, 0.0117, 
0.0113, 0.0114, 11.4, 11.9, 12.9, 12, 11.8, 21, 23.9, 21.8, 33.1, 
11.8, 14.9, 3, 2, 2, 4, 15, 11, 1, 12, 24, 4, 16, 1645, 1851, 
1692, 1776, 1673, 186, 1795, 802, 294, 1860, 606, 100, 100, 100, 
100, 100, 100, 100, 100, 100, 100, 100, 2500, 2500, 2500, 2500, 
2500, 2500, 2500, 2500, 2500, 2500, 2500, 7355.118, 7364.165, 
7397.491, 7371.789, 7436.784, 7678.296, 7654.76800000001, 7654.762, 
7720.64999999999, 7691.764, 7740.26500000001, 9.36864, 11.79557, 
13.9796, 12.26504, 11.08177, 10.57736, 6.32703, 3.69142, -0.65685, 
3.76225, 0.4361, -8.79639, -10.02369, -4.83736, -9.29228, -4.17118, 
-14.58501, -1.10447, -5.54443, -3.70027, -6.42057, -3.69474, 
0, 0, 0, 0, 0, 0, 0, 0, 0, 0, 0, 0, 0, 0, 0, 0, 0, 0, 0, 0, 0, 
0, 1, 1, 1, 1, 1, 1, 0.97778, 0.98889, 0.98889, 0.99, 0.99, 0.98, 
1, 1, 1, 1, 0.9875, 0.97778, 0.98889, 0.97639, 0.99, 0.99, 0.0108, 
0.0102, 0.0105, 0.011, 0.0109, 0.0108, 0.0133, 0.0113, 0.0123, 
0.0115, 0.0122, 11.4, 10.3, 13.5, 11.7, 14.1, 19.9, 45, 13.8, 
32.4, 16.1, 25.8, 1, 6, 2, 5, 3, 77, 1, 3, 11, 1, 20, 670, 705, 
850, 795, 855, 25, 1559, 274, 54, 917, 208, 100, 100, 100, 100, 
100, 100, 100, 100, 100, 100, 100, 2500, 2500, 2500, 2500, 2500, 
2500, 2500, 2500, 2500, 2500, 2500, 7365.177, 7387.628, 7370.647, 
7397.216, 7444.58799999999, 7687.72100000001, 7680.77099999999, 
7732.55200000001, 7728.51900000001, 7714.024, 7771.834, 1, 1, 
1, 1, 1, 1, 1, 1, 1, 1, 1, 0.16667, 0.16667, 0.16667, 0.16667, 
0.16667, 0.16667, 0.16667, 0.16667, 0.16667, 0.16667, 0.16667, 
0, 0, 0, 0, 0, 0, 0, 0, 0, 0, 0, 0, 0, 0, 0, 0, 0, 0, 0, 0, 0, 
0, 0.98, 0.98, 0.98571, 0.98333, 0.98571, 0.9875, 0.97778, 0.97778, 
0.97639, 0.98, 0.98091, 0.98, 0.98, 0.98571, 0.98333, 0.98571, 
0.9875, 0.97778, 0.97778, 0.97639, 0.98, 0.98091, 0.0106, 0.0111, 
0.011, 0.0112, 0.0107, 0.0116, 0.0114, 0.0119, 0.0125, 0.0117, 
0.0129, 20, 20.3, 21.2, 21.2, 22.2, 23.1, 23.9, 26.5, 26.3, 27, 
30, 1, 1, 1, 1, 1, 1, 1, 1, 1, 1, 1, 1, 1, 1, 1, 1, 1, 1, 1, 
1, 1, 1, 1, 1, 1, 1, 1, 1, 1, 1, 1, 1, 1, 1, 1, 1, 1, 1, 1, 1, 
1, 1, 1, 1, 3.022, 2.904, 2.967, 2.917, 2.834, 3.15, 2.863, 3.149, 
3.218, 2.938, 2.98), .Dim = c(11L, 40L), .Dimnames = list(NULL, 
    c("Sampling", "PSO.cost", "PSO.gamma", "PSO.data.balancing", 
    "PSO.feature.selection", "PSO.valid.acc", "PSO.test.acc", 
    "PSO.train.time", "PSO.n.support.vectors", "PSO.index", "PSO.n.solutions", 
    "PSO.generations", "PSO.n.evaluations", "PSO.cpu.time", "RS.cost", 
    "RS.gamma", "RS.data.balancing", "RS.feature.selection", 
    "RS.valid.acc", "RS.test.acc", "RS.train.time", "RS.n.support.vectors", 
    "RS.index", "RS.n.solutions", "RS.generations", "RS.n.evaluations", 
    "RS.cpu.time", "DF.cost", "DF.gamma", "DF.data.balancing", 
    "DF.feature.selection", "DF.valid.acc", "DF.test.acc", "DF.train.time", 
    "DF.n.support.vectors", "DF.index", "DF.n.solutions", "DF.generations", 
    "DF.n.evaluations", "DF.cpu.time")))
