full <-
structure(c(50, 55, 60, 65, 70, 75, 80, 85, 90, 95, 100, 1, 1, 
1, 1, 1, 1, 1, 5.04686, 4.93313, 12.30168, 1.46788, 0.16667, 
0.16667, 0.16667, 0.16667, 0.16667, 0.16667, 0.16667, -7.40022, 
-8.36882, -14.02256, -5.66224, 0, 0, 0, 0, 0, 0, 0, 0, 0, 0, 
0, 0, 0, 0, 0, 0, 0, 0, 0, 0, 0, 0, 1, 1, 1, 1, 1, 1, 1, 0.98889, 
0.99, 0.99, 0.99, 1, 1, 1, 1, 1, 1, 1, 0.98889, 0.99, 0.99, 0.99, 
0.012, 0.0112, 0.0114, 0.0108, 0.0119, 0.0117, 0.0115, 0.0117, 
0.012, 0.0114, 0.0131, 18.1, 19.2, 21.3, 22.1, 22.5, 24.5, 26.6, 
15.7, 20.2, 11.9, 28.5, 1, 1, 1, 1, 1, 1, 1, 2, 34, 7, 26, 1630, 
1696, 1780, 1747, 1868, 1698, 1901, 1762, 991, 814, 577, 100, 
100, 100, 100, 100, 100, 100, 100, 100, 100, 100, 2500, 2500, 
2500, 2500, 2500, 2500, 2500, 2500, 2500, 2500, 2500, 7892.776, 
7834.214, 7993.756, 7874.446, 8074.56700000001, 8016.856, 7855.882, 
7970.163, 7833.211, 7553.23299999998, 7648.26699999999, 13.72616, 
8.98006, 11.17587, 9.55903, 11.96126, 2.6339, 3.75915, 7.89168, 
9.86824, 10.08611, 6.02083, -9.62438, -6.68432, -4.26741, -11.62806, 
-9.50871, -0.38987, -3.84918, -9.58194, -11.84929, -11.91559, 
-9.78331, 0, 0, 0, 0, 0, 0, 0, 0, 0, 0, 0, 0, 0, 0, 0, 0, 0, 
0, 0, 0, 0, 0, 1, 1, 1, 1, 1, 1, 1, 0.98889, 0.99, 0.99, 0.99, 
1, 1, 1, 1, 1, 1, 1, 0.98889, 0.99, 0.99, 0.99, 0.0113, 0.0115, 
0.0117, 0.0118, 0.0114, 0.0131, 0.012, 0.0124, 0.0118, 0.0118, 
0.012, 8.4, 10.6, 14.7, 11.3, 11.6, 58.5, 18.8, 12.9, 12.8, 12, 
23.5, 1, 1, 1, 1, 1, 1, 3, 2, 5, 2, 11, 1232, 1338, 1397, 1499, 
1452, 1499, 1503, 986, 331, 239, 123, 100, 100, 100, 100, 100, 
100, 100, 100, 100, 100, 100, 2500, 2500, 2500, 2500, 2500, 2500, 
2500, 2500, 2500, 2500, 2500, 7924.716, 7985.658, 8061.122, 8015.998, 
8138.527, 7979.031, 7888.68699999999, 7976.49000000001, 7445.61199999999, 
7611.05299999999, 7621.065, 1, 1, 1, 1, 1, 1, 1, 1, 1, 1, 1, 
0.16667, 0.16667, 0.16667, 0.16667, 0.16667, 0.16667, 0.16667, 
0.16667, 0.16667, 0.16667, 0.16667, 0, 0, 0, 0, 0, 0, 0, 0, 0, 
0, 0, 0, 0, 0, 0, 0, 0, 0, 0, 0, 0, 0, 1, 1, 1, 1, 1, 1, 1, 0.97778, 
0.9775, 0.98091, 0.98, 1, 1, 1, 1, 1, 1, 1, 0.97778, 0.9775, 
0.98091, 0.98, 0.0108, 0.0122, 0.011, 0.0114, 0.0121, 0.0122, 
0.0124, 0.012, 0.0122, 0.0123, 0.0122, 18.1, 19.2, 21.3, 22.1, 
22.5, 24.5, 26.6, 28, 27.7, 27.9, 29.2, 1, 1, 1, 1, 1, 1, 1, 
1, 1, 1, 1, 1, 1, 1, 1, 1, 1, 1, 1, 1, 1, 1, 1, 1, 1, 1, 1, 1, 
1, 1, 1, 1, 1, 1, 1, 1, 1, 1, 1, 1, 1, 1, 1, 1, 3.053, 3.255, 
3.064, 3.24, 3.163, 3.052, 3.091, 3.236, 2.916, 2.909, 2.923), .Dim = c(11L, 
40L), .Dimnames = list(NULL, c("Sampling", "PSO.cost", "PSO.gamma", 
"PSO.data.balancing", "PSO.feature.selection", "PSO.valid.acc", 
"PSO.test.acc", "PSO.train.time", "PSO.n.support.vectors", "PSO.index", 
"PSO.n.solutions", "PSO.generations", "PSO.n.evaluations", "PSO.cpu.time", 
"RS.cost", "RS.gamma", "RS.data.balancing", "RS.feature.selection", 
"RS.valid.acc", "RS.test.acc", "RS.train.time", "RS.n.support.vectors", 
"RS.index", "RS.n.solutions", "RS.generations", "RS.n.evaluations", 
"RS.cpu.time", "DF.cost", "DF.gamma", "DF.data.balancing", "DF.feature.selection", 
"DF.valid.acc", "DF.test.acc", "DF.train.time", "DF.n.support.vectors", 
"DF.index", "DF.n.solutions", "DF.generations", "DF.n.evaluations", 
"DF.cpu.time")))
