full <-
structure(c(50, 55, 60, 65, 70, 75, 80, 85, 90, 95, 100, 5.19342, 
8.98339, 1, 0.86183, 8.25309, 5.49113, 1.16574, 1, 3.55537, 5.3357, 
1, -9.31103, -12.8012, 0.16667, -2.91301, -12.07121, -7.34219, 
-2.65643, 0.16667, -6.90885, -9.39638, 0.16667, 0, 0, 0, 0, 0, 
0, 0, 0, 0, 0, 0, 0, 0, 0, 0, 0, 0, 0, 0, 0, 0, 0, 1, 1, 1, 0.98571, 
0.98571, 0.9875, 0.9875, 0.9875, 0.99, 0.99, 0.99091, 0.95833, 
0.98333, 0.98333, 0.98571, 0.98571, 0.97321, 0.975, 0.9875, 0.99, 
0.99, 0.9798, 0.0105, 0.0114, 0.0109, 0.0117, 0.0114, 0.0119, 
0.0112, 0.0115, 0.0128, 0.0115, 0.0117, 20.5, 19.3, 22.9, 20.1, 
22, 13.9, 20.3, 27.8, 19.1, 24.8, 28.8, 46, 49, 1, 23, 12, 3, 
8, 1, 9, 84, 1, 154, 281, 161, 184, 360, 1565, 124, 622, 1092, 
371, 754, 100, 100, 100, 100, 100, 100, 100, 100, 100, 100, 100, 
2500, 2500, 2500, 2500, 2500, 2500, 2500, 2500, 2500, 2500, 2500, 
7599.336, 7492.464, 7394.129, 7521.506, 7327.79399999999, 7179.39200000001, 
7456.09700000001, 7221.50999999999, 7182.054, 7426.69700000001, 
7323.68399999998, 4.89615, 0.22888, -0.05397, 4.21478, 8.77937, 
4.37391, 6.12773, 2.24484, 12.02716, 1.91152, 5.25818, -8.99838, 
-2.83948, -3.03168, -7.21514, -12.61968, -6.86313, -9.76263, 
-4.61496, -14.83162, -5.97741, -9.30854, 0, 0, 0, 0, 0, 0, 0, 
0, 0, 0, 0, 0, 0, 0, 0, 0, 0, 0, 0, 0, 0, 0, 1, 1, 1, 0.98571, 
0.98571, 0.9875, 0.9875, 0.9875, 0.99, 0.99, 0.99091, 0.95833, 
0.98333, 0.98333, 0.98571, 0.98571, 0.97321, 0.9875, 0.9875, 
0.99, 0.99, 0.99091, 0.0112, 0.0113, 0.0106, 0.0113, 0.011, 0.0107, 
0.0114, 0.0111, 0.0106, 0.0124, 0.0122, 20.6, 21.7, 23.3, 16.6, 
22.1, 15, 20.5, 17.4, 16.1, 26.2, 25.1, 30, 4, 45, 29, 3, 12, 
111, 2, 6, 23, 4, 54, 48, 51, 50, 113, 735, 17, 267, 283, 137, 
343, 100, 100, 100, 100, 100, 100, 100, 100, 100, 100, 100, 2500, 
2500, 2500, 2500, 2500, 2500, 2500, 2500, 2500, 2500, 2500, 7639.425, 
7681.284, 7429.711, 7520.649, 7253.164, 7335.716, 7359.39499999999, 
7204.323, 7020.66, 7555.22099999999, 7334.989, 1, 1, 1, 1, 1, 
1, 1, 1, 1, 1, 1, 0.16667, 0.16667, 0.16667, 0.16667, 0.16667, 
0.16667, 0.16667, 0.16667, 0.16667, 0.16667, 0.16667, 0, 0, 0, 
0, 0, 0, 0, 0, 0, 0, 0, 0, 0, 0, 0, 0, 0, 0, 0, 0, 0, 0, 0.975, 
0.98333, 1, 0.97143, 0.97143, 0.97321, 0.975, 0.9875, 0.9775, 
0.98, 0.99091, 0.95833, 0.98333, 0.98333, 0.98571, 0.97143, 0.9875, 
0.9875, 0.9875, 0.9775, 0.98, 0.9798, 0.0112, 0.0117, 0.0113, 
0.0106, 0.0104, 0.0109, 0.0111, 0.0137, 0.0111, 0.0117, 0.0119, 
22.2, 23.1, 22.9, 24.7, 24.9, 25.6, 25.6, 27.8, 28.7, 28.8, 28.8, 
1, 1, 1, 1, 1, 1, 1, 1, 1, 1, 1, 1, 1, 1, 1, 1, 1, 1, 1, 1, 1, 
1, 1, 1, 1, 1, 1, 1, 1, 1, 1, 1, 1, 1, 1, 1, 1, 1, 1, 1, 1, 1, 
1, 1, 3.112, 2.965, 3.238, 2.953, 2.922, 2.825, 2.895, 2.926, 
2.761, 2.887, 3.015), .Dim = c(11L, 40L), .Dimnames = list(NULL, 
    c("Sampling", "PSO.cost", "PSO.gamma", "PSO.data.balancing", 
    "PSO.feature.selection", "PSO.valid.acc", "PSO.test.acc", 
    "PSO.train.time", "PSO.n.support.vectors", "PSO.index", "PSO.n.solutions", 
    "PSO.generations", "PSO.n.evaluations", "PSO.cpu.time", "RS.cost", 
    "RS.gamma", "RS.data.balancing", "RS.feature.selection", 
    "RS.valid.acc", "RS.test.acc", "RS.train.time", "RS.n.support.vectors", 
    "RS.index", "RS.n.solutions", "RS.generations", "RS.n.evaluations", 
    "RS.cpu.time", "DF.cost", "DF.gamma", "DF.data.balancing", 
    "DF.feature.selection", "DF.valid.acc", "DF.test.acc", "DF.train.time", 
    "DF.n.support.vectors", "DF.index", "DF.n.solutions", "DF.generations", 
    "DF.n.evaluations", "DF.cpu.time")))
