full <-
structure(c(50, 55, 60, 65, 70, 75, 80, 85, 90, 95, 100, 1, 10.90008, 
1, 1, 7.70162, 8.24611, 2.6982, 4.88, 1, -0.0746, 9.98629, 0.16667, 
-15, 0.16667, 0.16667, -10.67221, -12.25111, -0.29095, -9.78136, 
0.16667, -3.73531, -12.74431, 0, 0, 0, 0, 0, 0, 0, 0, 0, 0, 0, 
0, 0, 0, 0, 0, 0, 0, 0, 0, 0, 0, 1, 1, 1, 1, 0.9875, 1, 0.98889, 
0.99, 0.98889, 1, 0.99, 1, 1, 1, 1, 0.9875, 0.9875, 0.98889, 
0.99, 0.97639, 0.99, 0.99, 0.0118, 0.0114, 0.0111, 0.0124, 0.0127, 
0.0139, 0.0147, 0.0145, 0.0143, 0.0172, 0.0151, 21.4, 20.2, 22.9, 
23.4, 16.2, 22.4, 62.7, 30.4, 28.2, 29, 16.5, 1, 222, 1, 1, 31, 
163, 17, 28, 1, 2118, 4, 1641, 84, 454, 1352, 257, 70, 1206, 
493, 838, 1, 653, 100, 100, 100, 100, 100, 100, 100, 100, 100, 
100, 100, 2500, 2500, 2500, 2500, 2500, 2500, 2500, 2500, 2500, 
2500, 2500, 7450.632, 7478.422, 7389.489, 10229.062, 10427.483, 
10490.141, 10456.199, 10974.44, 10955.992, 10934.573, 11116.951, 
5.57952, 10.24699, 14.89766, 2.76239, 4.48436, 9.4976, 7.47142, 
-1.0624, 12.21158, 9.77627, 2.34488, -9.3899, -14.33062, -1.88257, 
-1.88887, -7.87465, -13.56383, -1.32011, -2.77065, -2.04695, 
-6.42451, -6.35957, 0, 0, 0, 0, 0, 0, 0, 0, 0, 0, 0, 0, 0, 0, 
0, 0, 0, 0, 0, 0, 0, 0, 1, 1, 1, 1, 0.9875, 1, 0.98889, 0.99, 
0.98889, 0.99, 0.99, 1, 1, 1, 1, 0.9875, 0.9875, 0.98889, 0.99, 
0.97639, 0.99, 0.99, 0.0105, 0.0112, 0.0105, 0.0127, 0.0133, 
0.0135, 0.0141, 0.0171, 0.0141, 0.0141, 0.0149, 18.1, 19.8, 23.7, 
24.4, 19.1, 22.4, 37.3, 32.4, 27.5, 11.6, 26.1, 1, 56, 6, 1, 
47, 108, 5, 18, 7, 1, 9, 1473, 6, 349, 580, 64, 6, 262, 332, 
513, 1382, 270, 100, 100, 100, 100, 100, 100, 100, 100, 100, 
100, 100, 2500, 2500, 2500, 2500, 2500, 2500, 2500, 2500, 2500, 
2500, 2500, 7451.431, 7386.003, 9922.04700000001, 10454.392, 
10457.083, 10388.787, 10576.653, 11111.806, 10909.62, 11123.598, 
11167.802, 1, 1, 1, 1, 1, 1, 1, 1, 1, 1, 1, 0.16667, 0.16667, 
0.16667, 0.16667, 0.16667, 0.16667, 0.16667, 0.16667, 0.16667, 
0.16667, 0.16667, 0, 0, 0, 0, 0, 0, 0, 0, 0, 0, 0, 0, 0, 0, 0, 
0, 0, 0, 0, 0, 0, 0, 1, 0.98333, 1, 1, 0.97321, 0.9875, 0.97639, 
0.9775, 0.98889, 0.99, 0.98, 1, 1, 1, 1, 0.97321, 0.975, 0.9875, 
0.9775, 0.97639, 0.99, 0.99, 0.011, 0.0107, 0.0125, 0.0131, 0.0136, 
0.0131, 0.0143, 0.014, 0.0138, 0.0142, 0.0144, 21.4, 22.2, 22.9, 
23.4, 24, 25, 27.2, 27.9, 28.2, 29.6, 28.9, 1, 1, 1, 1, 1, 1, 
1, 1, 1, 1, 1, 1, 1, 1, 1, 1, 1, 1, 1, 1, 1, 1, 1, 1, 1, 1, 1, 
1, 1, 1, 1, 1, 1, 1, 1, 1, 1, 1, 1, 1, 1, 1, 1, 1, 2.953, 2.948, 
4.11, 4.248, 4.208, 4.149, 4.302, 4.387, 4.099, 4.365, 4.254), .Dim = c(11L, 
40L), .Dimnames = list(NULL, c("Sampling", "PSO.cost", "PSO.gamma", 
"PSO.data.balancing", "PSO.feature.selection", "PSO.valid.acc", 
"PSO.test.acc", "PSO.train.time", "PSO.n.support.vectors", "PSO.index", 
"PSO.n.solutions", "PSO.generations", "PSO.n.evaluations", "PSO.cpu.time", 
"RS.cost", "RS.gamma", "RS.data.balancing", "RS.feature.selection", 
"RS.valid.acc", "RS.test.acc", "RS.train.time", "RS.n.support.vectors", 
"RS.index", "RS.n.solutions", "RS.generations", "RS.n.evaluations", 
"RS.cpu.time", "DF.cost", "DF.gamma", "DF.data.balancing", "DF.feature.selection", 
"DF.valid.acc", "DF.test.acc", "DF.train.time", "DF.n.support.vectors", 
"DF.index", "DF.n.solutions", "DF.generations", "DF.n.evaluations", 
"DF.cpu.time")))
