full <-
structure(c(50, 55, 60, 65, 70, 75, 80, 85, 90, 95, 100, 11.26475, 
3.70212, 10.62786, 4.55934, 9.05686, 4.29872, 6.76978, 2.56009, 
11.01251, 5.67094, 9.46486, -13.42933, -6.17605, -11.50752, -6.69333, 
-10.11275, -7.65939, -12.19214, -5.93819, -8.73189, -8.34169, 
-7.33813, 0, 0, 0, 0, 0, 0, 0, 0, 0, 0, 0, 0, 0, 0, 0, 0, 0, 
0, 0, 0, 0, 0, 0.98333, 0.98, 0.98333, 0.98571, 0.9875, 0.9875, 
0.98889, 0.9875, 0.98889, 0.99, 0.99091, 0.98333, 0.98, 0.96905, 
0.98571, 0.97321, 0.97321, 0.96389, 0.9875, 0.97778, 0.99, 0.98091, 
0.0115, 0.0108, 0.0107, 0.0106, 0.0105, 0.0116, 0.0124, 0.0116, 
0.0116, 0.0118, 0.0115, 12.4, 15.6, 10.7, 14.4, 11.3, 19.2, 32.3, 
20.3, 10.4, 16.6, 10.4, 23, 9, 3, 8, 6, 65, 24, 7, 2, 3, 3, 564, 
708, 1914, 586, 784, 283, 266, 481, 2117, 1379, 1867, 100, 100, 
100, 100, 100, 100, 100, 100, 100, 100, 100, 2500, 2500, 2500, 
2500, 2500, 2500, 2500, 2500, 2500, 2500, 2500, 7450.597, 7494.171, 
7129.552, 7183.452, 7375.367, 7427.30899999999, 7308.84299999999, 
7402.311, 7661.173, 7493.11599999998, 7501.92700000003, 12.1559, 
6.26522, 11.37693, 7.07454, 9.81527, 10.90303, 2.80338, 1.3493, 
10.96147, 13.55194, 8.37557, -14.24248, -9.00348, -8.18386, -9.57806, 
-11.43312, -14.29997, -8.14901, -3.99468, -8.93722, -8.13868, 
-10.70912, 0, 0, 0, 0, 0, 0, 0, 0, 0, 0, 0, 0, 0, 0, 0, 0, 0, 
0, 0, 0, 0, 0, 0.98333, 0.98, 0.98333, 0.98571, 0.9875, 0.9875, 
0.98889, 0.9875, 0.98889, 0.99, 0.99091, 0.98333, 0.98, 0.95238, 
0.98571, 0.97321, 0.97321, 0.96389, 0.9875, 0.97778, 0.98, 0.99091, 
0.0105, 0.0108, 0.0101, 0.0105, 0.0107, 0.0111, 0.0117, 0.0118, 
0.0108, 0.0115, 0.0122, 12.1, 15.3, 10.7, 15.2, 11.7, 18.6, 32.4, 
20.8, 10.4, 11.4, 14.8, 13, 5, 1, 21, 3, 3, 7, 12, 1, 2, 1, 128, 
163, 636, 78, 259, 57, 45, 145, 1077, 645, 975, 100, 100, 100, 
100, 100, 100, 100, 100, 100, 100, 100, 2500, 2500, 2500, 2500, 
2500, 2500, 2500, 2500, 2500, 2500, 2500, 7752.969, 7189.863, 
7186.832, 7204.605, 7369.842, 7396.023, 7485.917, 7564.36, 7442.42200000001, 
7546.59099999999, 7479.351, 1, 1, 1, 1, 1, 1, 1, 1, 1, 1, 1, 
0.16667, 0.16667, 0.16667, 0.16667, 0.16667, 0.16667, 0.16667, 
0.16667, 0.16667, 0.16667, 0.16667, 0, 0, 0, 0, 0, 0, 0, 0, 0, 
0, 0, 0, 0, 0, 0, 0, 0, 0, 0, 0, 0, 0, 0.96333, 0.96333, 0.96905, 
0.96905, 0.97321, 0.97321, 0.97639, 0.975, 0.97778, 0.98, 0.98091, 
0.96333, 0.96333, 0.96905, 0.96905, 0.97321, 0.97321, 0.97639, 
0.9875, 0.98889, 0.98, 0.99091, 0.0111, 0.011, 0.0105, 0.0106, 
0.0109, 0.0115, 0.0115, 0.0122, 0.0119, 0.0123, 0.0121, 22.5, 
23.5, 23.6, 25.3, 25.9, 26.3, 27.5, 27.4, 27.7, 28.3, 30.6, 1, 
1, 1, 1, 1, 1, 1, 1, 1, 1, 1, 1, 1, 1, 1, 1, 1, 1, 1, 1, 1, 1, 
1, 1, 1, 1, 1, 1, 1, 1, 1, 1, 1, 1, 1, 1, 1, 1, 1, 1, 1, 1, 1, 
1, 3.119, 2.964, 2.77, 2.75, 2.844, 3.022, 2.915, 3.111, 2.965, 
3.079, 2.926), .Dim = c(11L, 40L), .Dimnames = list(NULL, c("Sampling", 
"PSO.cost", "PSO.gamma", "PSO.data.balancing", "PSO.feature.selection", 
"PSO.valid.acc", "PSO.test.acc", "PSO.train.time", "PSO.n.support.vectors", 
"PSO.index", "PSO.n.solutions", "PSO.generations", "PSO.n.evaluations", 
"PSO.cpu.time", "RS.cost", "RS.gamma", "RS.data.balancing", "RS.feature.selection", 
"RS.valid.acc", "RS.test.acc", "RS.train.time", "RS.n.support.vectors", 
"RS.index", "RS.n.solutions", "RS.generations", "RS.n.evaluations", 
"RS.cpu.time", "DF.cost", "DF.gamma", "DF.data.balancing", "DF.feature.selection", 
"DF.valid.acc", "DF.test.acc", "DF.train.time", "DF.n.support.vectors", 
"DF.index", "DF.n.solutions", "DF.generations", "DF.n.evaluations", 
"DF.cpu.time")))
