full <-
structure(c(50, 55, 60, 65, 70, 75, 80, 85, 90, 95, 100, 1, 1, 
6.28498, 4.93158, 1, -0.45458, 1, 14.25919, 1, 1.05581, 1, 0.16667, 
0.16667, -10.60683, -1.14397, 0.16667, -2.83331, 0.16667, -13.92099, 
0.16667, -3.76115, 0.16667, 0, 0, 0, 0, 0, 0, 0, 0, 0, 0, 0, 
0, 0, 0, 0, 0, 0, 0, 0, 0, 0, 0, 1, 1, 0.98571, 0.98571, 0.9875, 
0.9875, 0.9875, 1, 1, 0.99091, 0.99, 1, 1, 0.96905, 0.98571, 
0.9875, 0.9875, 0.975, 0.9875, 0.98889, 0.98091, 0.99, 0.0113, 
0.01, 0.0101, 0.0107, 0.0105, 0.011, 0.011, 0.0106, 0.0105, 0.0108, 
0.0112, 19.3, 19.4, 20.7, 37.9, 24.1, 27.5, 27, 10.5, 27.5, 21.9, 
29.4, 1, 1, 994, 260, 1, 3, 1, 2, 1, 57, 1, 1832, 1553, 21, 833, 
246, 826, 1673, 1569, 2, 734, 1704, 100, 100, 100, 100, 100, 
100, 100, 100, 100, 100, 100, 2500, 2500, 2500, 2500, 2500, 2500, 
2500, 2500, 2500, 2500, 2500, 6720.846, 6707.567, 7037.588, 7092.305, 
7059.182, 7000.811, 6954.84300000001, 6783.353, 6869.95, 6845.16299999999, 
6851.64299999998, 10.5667, 9.86848, 2.65452, 5.69155, 1.27376, 
4.02447, 4.50467, 9.59443, -0.16393, 4.97646, 9.9176, -7.33924, 
-5.54962, -6.94422, -1.10932, -5.81076, -5.60285, -3.32364, -8.63433, 
-2.73935, -7.33583, -8.32133, 0, 0, 0, 0, 0, 0, 0, 0, 0, 0, 0, 
0, 0, 0, 0, 0, 0, 0, 0, 0, 0, 0, 1, 1, 0.98571, 0.98571, 0.9875, 
0.9875, 0.9875, 1, 1, 0.99091, 0.99, 0.98, 1, 0.96905, 0.98571, 
0.97321, 0.9875, 0.975, 0.9875, 0.98889, 0.99091, 0.98, 0.0099, 
0.0099, 0.0095, 0.0105, 0.011, 0.01, 0.0102, 0.0104, 0.011, 0.0104, 
0.0106, 9.7, 10, 21, 38.4, 25.3, 12.8, 18, 10.5, 28.4, 15.2, 
9.6, 3, 1, 1301, 19, 42, 1, 2, 10, 1076, 6, 4, 1357, 1015, 11, 
58, 211, 572, 1080, 458, 3, 126, 1137, 100, 100, 100, 100, 100, 
100, 100, 100, 100, 100, 100, 2500, 2500, 2500, 2500, 2500, 2500, 
2500, 2500, 2500, 2500, 2500, 6714.671, 6959.69, 7054.195, 7041.381, 
7031.071, 6948.25900000001, 6686.552, 6889.235, 6886.698, 6860.484, 
7951.63200000001, 1, 1, 1, 1, 1, 1, 1, 1, 1, 1, 1, 0.16667, 0.16667, 
0.16667, 0.16667, 0.16667, 0.16667, 0.16667, 0.16667, 0.16667, 
0.16667, 0.16667, 0, 0, 0, 0, 0, 0, 0, 0, 0, 0, 0, 0, 0, 0, 0, 
0, 0, 0, 0, 0, 0, 0, 1, 1, 0.96905, 0.96905, 0.9875, 0.975, 0.9875, 
0.9875, 1, 0.98091, 0.99, 1, 1, 0.96905, 0.96905, 0.9875, 0.9875, 
0.975, 0.9875, 0.98889, 0.98091, 0.99, 0.0095, 0.0113, 0.0127, 
0.0107, 0.011, 0.0114, 0.0104, 0.0106, 0.0112, 0.0116, 0.0133, 
19.3, 19.4, 23.5, 24, 24.1, 26.2, 27, 27.2, 27.5, 29, 29.4, 1, 
1, 1, 1, 1, 1, 1, 1, 1, 1, 1, 1, 1, 1, 1, 1, 1, 1, 1, 1, 1, 1, 
1, 1, 1, 1, 1, 1, 1, 1, 1, 1, 1, 1, 1, 1, 1, 1, 1, 1, 1, 1, 1, 
1, 2.619, 2.802, 2.768, 2.878, 2.846, 2.856, 2.703, 2.728, 2.819, 
2.773, 3.817), .Dim = c(11L, 40L), .Dimnames = list(NULL, c("Sampling", 
"PSO.cost", "PSO.gamma", "PSO.data.balancing", "PSO.feature.selection", 
"PSO.valid.acc", "PSO.test.acc", "PSO.train.time", "PSO.n.support.vectors", 
"PSO.index", "PSO.n.solutions", "PSO.generations", "PSO.n.evaluations", 
"PSO.cpu.time", "RS.cost", "RS.gamma", "RS.data.balancing", "RS.feature.selection", 
"RS.valid.acc", "RS.test.acc", "RS.train.time", "RS.n.support.vectors", 
"RS.index", "RS.n.solutions", "RS.generations", "RS.n.evaluations", 
"RS.cpu.time", "DF.cost", "DF.gamma", "DF.data.balancing", "DF.feature.selection", 
"DF.valid.acc", "DF.test.acc", "DF.train.time", "DF.n.support.vectors", 
"DF.index", "DF.n.solutions", "DF.generations", "DF.n.evaluations", 
"DF.cpu.time")))
