full <-
structure(c(50, 55, 60, 65, 70, 75, 80, 85, 90, 95, 100, 12.95866, 
3.92583, 11.11146, 8.56879, 13.87095, 1, 9.75108, 0.90077, 1, 
1, 2.97654, -8.23846, -5.92721, -4.92875, -4.10062, -11.7541, 
0.16667, -4.30131, -4.524, 0.16667, 0.16667, -1.36821, 0, 0, 
0, 0, 0, 0, 0, 0, 0, 0, 0, 0, 0, 0, 0, 0, 0, 0, 0, 0, 0, 0, 1, 
1, 1, 1, 1, 1, 1, 1, 1, 0.99091, 0.99, 1, 1, 1, 1, 1, 1, 1, 1, 
1, 0.9798, 0.98091, 0.0112, 0.0105, 0.0106, 0.0098, 0.0097, 0.0114, 
0.0122, 0.0116, 0.0122, 0.0124, 0.0124, 9.6, 12.1, 12.9, 14.4, 
10, 25.1, 17.2, 23, 28.7, 29.4, 40.7, 3, 6, 3, 3, 6, 1, 4, 2, 
1, 1, 8, 1861, 1612, 1556, 1562, 1896, 1538, 1840, 1744, 1642, 
560, 822, 100, 100, 100, 100, 100, 100, 100, 100, 100, 100, 100, 
2500, 2500, 2500, 2500, 2500, 2500, 2500, 2500, 2500, 2500, 2500, 
7685.241, 7606.512, 7183.158, 7071.73, 6876.613, 7903.711, 7940.372, 
7679.323, 7624.932, 7315.58500000002, 7083.21799999999, 12.71229, 
9.12925, 14.54499, 12.03779, 14.71884, 14.85325, 12.61158, 12.13042, 
3.33746, 8.91066, 8.66445, -5.77498, -7.26535, -6.20495, -5.98287, 
-7.06118, -12.792, -14.38498, -3.19891, -8.28627, -12.45605, 
-0.58921, 0, 0, 0, 0, 0, 0, 0, 0, 0, 0, 0, 0, 0, 0, 0, 0, 0, 
0, 0, 0, 0, 0, 1, 1, 1, 1, 1, 1, 1, 1, 1, 0.99091, 0.99, 1, 1, 
1, 1, 1, 1, 1, 1, 0.99, 0.99091, 0.98091, 0.0112, 0.011, 0.0099, 
0.0108, 0.0097, 0.0104, 0.0117, 0.0118, 0.0124, 0.0109, 0.0134, 
10.2, 10.9, 11.5, 10.6, 11.2, 9.8, 12.1, 19.5, 31.6, 21.4, 69.6, 
4, 1, 2, 1, 4, 1, 1, 3, 3, 1, 29, 789, 918, 727, 843, 1086, 1075, 
1039, 1140, 1180, 330, 212, 100, 100, 100, 100, 100, 100, 100, 
100, 100, 100, 100, 2500, 2500, 2500, 2500, 2500, 2500, 2500, 
2500, 2500, 2500, 2500, 7474.275, 7366.049, 6998.564, 6999.309, 
7981.461, 7891.02, 7759.99800000001, 7613.023, 7618.42599999999, 
7053.19899999999, 7138.54299999998, 1, 1, 1, 1, 1, 1, 1, 1, 1, 
1, 1, 0.16667, 0.16667, 0.16667, 0.16667, 0.16667, 0.16667, 0.16667, 
0.16667, 0.16667, 0.16667, 0.16667, 0, 0, 0, 0, 0, 0, 0, 0, 0, 
0, 0, 0, 0, 0, 0, 0, 0, 0, 0, 0, 0, 0, 0.96333, 0.98, 0.98333, 
0.98571, 0.98571, 1, 0.98889, 0.9875, 1, 0.99091, 0.98091, 0.96333, 
0.98, 0.98333, 0.98571, 0.98571, 1, 0.98889, 1, 1, 0.9798, 0.99091, 
0.0109, 0.01, 0.0103, 0.0102, 0.0109, 0.0119, 0.0119, 0.0122, 
0.012, 0.0115, 0.0121, 18.4, 20.6, 21.7, 23.5, 24.6, 25.1, 25.8, 
27.4, 28.7, 29.4, 29, 1, 1, 1, 1, 1, 1, 1, 1, 1, 1, 1, 1, 1, 
1, 1, 1, 1, 1, 1, 1, 1, 1, 1, 1, 1, 1, 1, 1, 1, 1, 1, 1, 1, 1, 
1, 1, 1, 1, 1, 1, 1, 1, 1, 1, 2.978, 2.819, 2.774, 2.703, 3.021, 
3.199, 3.155, 3.272, 3.103, 2.837, 2.963), .Dim = c(11L, 40L), .Dimnames = list(
    NULL, c("Sampling", "PSO.cost", "PSO.gamma", "PSO.data.balancing", 
    "PSO.feature.selection", "PSO.valid.acc", "PSO.test.acc", 
    "PSO.train.time", "PSO.n.support.vectors", "PSO.index", "PSO.n.solutions", 
    "PSO.generations", "PSO.n.evaluations", "PSO.cpu.time", "RS.cost", 
    "RS.gamma", "RS.data.balancing", "RS.feature.selection", 
    "RS.valid.acc", "RS.test.acc", "RS.train.time", "RS.n.support.vectors", 
    "RS.index", "RS.n.solutions", "RS.generations", "RS.n.evaluations", 
    "RS.cpu.time", "DF.cost", "DF.gamma", "DF.data.balancing", 
    "DF.feature.selection", "DF.valid.acc", "DF.test.acc", "DF.train.time", 
    "DF.n.support.vectors", "DF.index", "DF.n.solutions", "DF.generations", 
    "DF.n.evaluations", "DF.cpu.time")))
