full <-
structure(c(50, 55, 60, 65, 70, 75, 80, 85, 90, 95, 100, 1, 3.80049, 
1, 12.03263, 1, 1, 6.26481, 0.52942, 11.47761, 5.29122, 5.6445, 
0.16667, -6.00377, 0.16667, -14.98679, 0.16667, 0.16667, -7.97658, 
-2.91159, -14.22452, -9.3321, -7.45956, 0, 0, 0, 0, 0, 0, 0, 
0, 0, 0, 0, 0, 0, 0, 0, 0, 0, 0, 0, 0, 0, 0, 0.98333, 0.98333, 
0.97143, 0.98333, 0.9875, 0.9875, 0.98889, 0.9875, 0.98889, 0.99, 
0.99, 0.98333, 0.98333, 0.98571, 0.96905, 0.97321, 0.9875, 0.98889, 
0.97639, 0.98889, 0.99, 0.99, 0.0123, 0.0108, 0.0111, 0.0112, 
0.0121, 0.0117, 0.0115, 0.0122, 0.0117, 0.0126, 0.0119, 22.3, 
14.3, 22.9, 14.5, 25.8, 27.7, 12.3, 24.1, 15.5, 24.6, 13.6, 1, 
6, 1, 116, 1, 1, 7, 29, 2, 34, 10, 786, 467, 1707, 79, 671, 1642, 
603, 557, 636, 732, 989, 100, 100, 100, 100, 100, 100, 100, 100, 
100, 100, 100, 2500, 2500, 2500, 2500, 2500, 2500, 2500, 2500, 
2500, 2500, 2500, 7796.139, 7688.976, 7745.432, 7756.191, 7957.465, 
7927.47500000001, 7810.774, 7769.33300000001, 7991.52800000002, 
7923.38600000003, 7690.508, -0.61578, 8.67329, 7.10525, 9.15405, 
4.97758, 13.42851, 7.08848, 7.26067, 12.3167, 6.69613, 2.77, 
-1.62718, -10.64566, -12.13726, -12.08068, -1.27605, -0.86069, 
-10.40637, -9.44665, -14.1846, -8.86307, -4.59283, 0, 0, 0, 0, 
0, 0, 0, 0, 0, 0, 0, 0, 0, 0, 0, 0, 0, 0, 0, 0, 0, 0, 0.98333, 
0.98333, 0.97143, 0.98333, 0.9875, 0.9875, 0.98889, 0.9875, 0.98889, 
0.99, 0.99, 0.98333, 0.98333, 0.97143, 0.96905, 0.97321, 0.9875, 
0.98889, 0.9875, 0.98889, 0.99, 0.99, 0.0113, 0.0107, 0.0118, 
0.0113, 0.0119, 0.0125, 0.0113, 0.0112, 0.0117, 0.0116, 0.0115, 
28.8, 12.1, 24.1, 14.5, 38.3, 49.2, 19.2, 13.2, 13.7, 14.3, 15.9, 
23, 12, 1, 277, 43, 3, 8, 10, 7, 1, 12, 161, 83, 1403, 9, 107, 
1358, 204, 169, 164, 212, 278, 100, 100, 100, 100, 100, 100, 
100, 100, 100, 100, 100, 2500, 2500, 2500, 2500, 2500, 2500, 
2500, 2500, 2500, 2500, 2500, 7713.125, 7730.262, 7769.74000000001, 
7749.155, 7892.22499999999, 7901.12699999999, 7735.02500000001, 
7754.11600000001, 8027.13199999998, 7808.33499999999, 7659.97700000001, 
1, 1, 1, 1, 1, 1, 1, 1, 1, 1, 1, 0.16667, 0.16667, 0.16667, 0.16667, 
0.16667, 0.16667, 0.16667, 0.16667, 0.16667, 0.16667, 0.16667, 
0, 0, 0, 0, 0, 0, 0, 0, 0, 0, 0, 0, 0, 0, 0, 0, 0, 0, 0, 0, 0, 
0, 0.98333, 0.96667, 0.97143, 0.96905, 0.9875, 0.9875, 0.97639, 
0.97639, 0.97778, 0.98, 0.98, 0.98333, 0.96667, 0.98571, 0.98571, 
0.97321, 0.9875, 0.98889, 0.97639, 0.97778, 0.99, 0.98, 0.0104, 
0.0107, 0.0113, 0.0122, 0.0118, 0.0123, 0.0116, 0.0119, 0.0126, 
0.0127, 0.012, 22.3, 21.9, 22.9, 23.5, 25.8, 27.7, 27.6, 27.5, 
29.2, 29.9, 30.2, 1, 1, 1, 1, 1, 1, 1, 1, 1, 1, 1, 1, 1, 1, 1, 
1, 1, 1, 1, 1, 1, 1, 1, 1, 1, 1, 1, 1, 1, 1, 1, 1, 1, 1, 1, 1, 
1, 1, 1, 1, 1, 1, 1, 1, 2.783, 2.933, 3.183, 3.209, 3.307, 3.28, 
3.069, 3.245, 3.302, 3.171, 2.963), .Dim = c(11L, 40L), .Dimnames = list(
    NULL, c("Sampling", "PSO.cost", "PSO.gamma", "PSO.data.balancing", 
    "PSO.feature.selection", "PSO.valid.acc", "PSO.test.acc", 
    "PSO.train.time", "PSO.n.support.vectors", "PSO.index", "PSO.n.solutions", 
    "PSO.generations", "PSO.n.evaluations", "PSO.cpu.time", "RS.cost", 
    "RS.gamma", "RS.data.balancing", "RS.feature.selection", 
    "RS.valid.acc", "RS.test.acc", "RS.train.time", "RS.n.support.vectors", 
    "RS.index", "RS.n.solutions", "RS.generations", "RS.n.evaluations", 
    "RS.cpu.time", "DF.cost", "DF.gamma", "DF.data.balancing", 
    "DF.feature.selection", "DF.valid.acc", "DF.test.acc", "DF.train.time", 
    "DF.n.support.vectors", "DF.index", "DF.n.solutions", "DF.generations", 
    "DF.n.evaluations", "DF.cpu.time")))
