full <-
structure(c(50, 55, 60, 65, 70, 75, 80, 85, 90, 95, 100, 1, 1, 
1, 1, 1, 1, 1, 1, 1, 1, 4.36328, 0.16667, 0.16667, 0.16667, 0.16667, 
0.16667, 0.16667, 0.16667, 0.16667, 0.16667, 0.16667, -6.51574, 
0, 0, 0, 0, 0, 0, 0, 0, 0, 0, 0, 0, 0, 0, 0, 0, 0, 0, 0, 0, 0, 
0, 1, 1, 1, 1, 1, 1, 1, 1, 1, 1, 0.99091, 1, 1, 1, 1, 1, 1, 1, 
1, 1, 1, 0.99091, 0.0124, 0.0107, 0.0106, 0.0099, 0.0096, 0.0108, 
0.0112, 0.0111, 0.0117, 0.0116, 0.0115, 21.2, 22.5, 21.9, 21.6, 
22, 23, 24, 25.1, 28.3, 28.5, 14.9, 1, 1, 1, 1, 1, 1, 1, 1, 1, 
1, 3, 1818, 1933, 1912, 1711, 1866, 1731, 1773, 1851, 1952, 1575, 
1811, 100, 100, 100, 100, 100, 100, 100, 100, 100, 100, 100, 
2500, 2500, 2500, 2500, 2500, 2500, 2500, 2500, 2500, 2500, 2500, 
7698.655, 7738.349, 7432.328, 6818.786, 6820.307, 7312.06700000001, 
7275.289, 7110.185, 7854.25900000001, 8069.84, 7556.962, 12.76935, 
11.813, 9.76219, 7.24456, 12.17249, 8.63895, 10.08852, 11.10173, 
5.56217, 13.09527, 5.42352, -3.87026, -9.35012, -5.9923, -2.76963, 
-6.97959, -5.81584, -0.77008, -9.0183, -7.69045, -7.45573, -3.89547, 
0, 0, 0, 0, 0, 0, 0, 0, 0, 0, 0, 0, 0, 0, 0, 0, 0, 0, 0, 0, 0, 
0, 1, 1, 1, 1, 1, 1, 1, 1, 1, 1, 0.99091, 1, 1, 1, 1, 1, 1, 1, 
1, 1, 1, 0.98091, 0.0104, 0.0113, 0.0097, 0.0102, 0.0102, 0.0104, 
0.0115, 0.0102, 0.0108, 0.0102, 0.0102, 13.4, 9.3, 11.1, 18.7, 
10.1, 10.3, 51.2, 12.2, 13.9, 12.5, 15.8, 2, 1, 2, 1, 3, 4, 3, 
4, 1, 1, 1, 1418, 1484, 1514, 1487, 1436, 1532, 1554, 1530, 1561, 
1147, 952, 100, 100, 100, 100, 100, 100, 100, 100, 100, 100, 
100, 2500, 2500, 2500, 2500, 2500, 2500, 2500, 2500, 2500, 2500, 
2500, 7554.325, 7546.554, 7184.356, 6815.018, 7203.06299999999, 
7327.24400000001, 7364.391, 7752.49100000001, 7921.75199999999, 
7952.965, 7867.45199999999, 1, 1, 1, 1, 1, 1, 1, 1, 1, 1, 1, 
0.16667, 0.16667, 0.16667, 0.16667, 0.16667, 0.16667, 0.16667, 
0.16667, 0.16667, 0.16667, 0.16667, 0, 0, 0, 0, 0, 0, 0, 0, 0, 
0, 0, 0, 0, 0, 0, 0, 0, 0, 0, 0, 0, 0, 1, 1, 1, 1, 1, 1, 1, 1, 
1, 1, 0.98091, 1, 1, 1, 1, 1, 1, 1, 1, 1, 1, 0.98091, 0.0103, 
0.0138, 0.0113, 0.0095, 0.01, 0.0108, 0.011, 0.0114, 0.0115, 
0.0122, 0.0126, 21.2, 22.5, 21.9, 21.6, 22, 23, 24, 25.1, 28.3, 
28.5, 29.1, 1, 1, 1, 1, 1, 1, 1, 1, 1, 1, 1, 1, 1, 1, 1, 1, 1, 
1, 1, 1, 1, 1, 1, 1, 1, 1, 1, 1, 1, 1, 1, 1, 1, 1, 1, 1, 1, 1, 
1, 1, 1, 1, 1, 1, 3.016, 3.137, 2.987, 2.53, 2.866, 3.044, 2.972, 
3.213, 2.99, 3.043, 3.249), .Dim = c(11L, 40L), .Dimnames = list(
    NULL, c("Sampling", "PSO.cost", "PSO.gamma", "PSO.data.balancing", 
    "PSO.feature.selection", "PSO.valid.acc", "PSO.test.acc", 
    "PSO.train.time", "PSO.n.support.vectors", "PSO.index", "PSO.n.solutions", 
    "PSO.generations", "PSO.n.evaluations", "PSO.cpu.time", "RS.cost", 
    "RS.gamma", "RS.data.balancing", "RS.feature.selection", 
    "RS.valid.acc", "RS.test.acc", "RS.train.time", "RS.n.support.vectors", 
    "RS.index", "RS.n.solutions", "RS.generations", "RS.n.evaluations", 
    "RS.cpu.time", "DF.cost", "DF.gamma", "DF.data.balancing", 
    "DF.feature.selection", "DF.valid.acc", "DF.test.acc", "DF.train.time", 
    "DF.n.support.vectors", "DF.index", "DF.n.solutions", "DF.generations", 
    "DF.n.evaluations", "DF.cpu.time")))
