full <-
structure(c(50, 55, 60, 65, 70, 75, 80, 85, 90, 95, 100, 6.21665, 
1, 4.25408, 11.14899, 11.91482, 1, 1, 2.89812, 5.49386, 1, 8.24524, 
-9.40366, 0.16667, -8.36092, -12.63442, -5.02873, 0.16667, 0.16667, 
-4.58985, -10.92213, 0.16667, -1.24224, 0, 0, 0, 0, 0, 0, 0, 
0, 0, 0, 0, 0, 0, 0, 0, 0, 0, 0, 0, 0, 0, 0, 1, 0.98333, 1, 0.98571, 
0.98571, 0.9875, 0.98889, 0.9875, 0.99, 0.99, 0.99, 1, 0.98333, 
0.98, 0.98571, 0.95714, 0.97321, 0.97639, 0.9875, 0.97889, 0.98, 
0.99, 0.0101, 0.013, 0.0127, 0.0131, 0.0128, 0.0135, 0.013, 0.0126, 
0.0128, 0.0129, 0.0139, 14.1, 21.8, 20.7, 11.5, 11.3, 26.5, 26.6, 
14.9, 38.2, 30, 45.9, 3, 1, 4, 61, 2, 1, 1, 3, 116, 1, 6, 1559, 
1671, 1855, 337, 971, 407, 1469, 1010, 231, 737, 1562, 100, 100, 
100, 100, 100, 100, 100, 100, 100, 100, 100, 2500, 2500, 2500, 
2500, 2500, 2500, 2500, 2500, 2500, 2500, 2500, 8050.006, 9953.217, 
9848.504, 9904.215, 10205.842, 10179.986, 10017.164, 9702.606, 
9492.10200000001, 9839.068, 9645.06099999999, 13.13946, 2.72537, 
2.75983, 8.88776, 0.54016, -0.11287, 11.50598, 3.98671, 6.8603, 
8.36623, 14.89568, -14.99101, -3.60435, -2.30048, -10.52678, 
-3.70468, -3.29513, -4.44617, -5.77188, -12.61581, -10.84482, 
-1.04379, 0, 0, 0, 0, 0, 0, 0, 0, 0, 0, 0, 0, 0, 0, 0, 0, 0, 
0, 0, 0, 0, 0, 1, 0.98333, 1, 0.98571, 0.98571, 0.9875, 0.98889, 
0.9875, 0.99, 0.99, 0.99, 1, 1, 0.98, 0.98571, 0.97143, 0.9875, 
0.98889, 0.9875, 0.97889, 0.99, 0.99, 0.0126, 0.0125, 0.0123, 
0.012, 0.014, 0.0128, 0.0132, 0.0128, 0.0145, 0.0122, 0.0151, 
11, 15.2, 24.4, 11.7, 23.7, 26.6, 13.1, 13.7, 40, 15.2, 52.8, 
2, 1, 2, 22, 10, 36, 1, 1, 3, 22, 2, 892, 1419, 1114, 40, 411, 
177, 1180, 621, 55, 306, 1092, 100, 100, 100, 100, 100, 100, 
100, 100, 100, 100, 100, 2500, 2500, 2500, 2500, 2500, 2500, 
2500, 2500, 2500, 2500, 2500, 9912.922, 9946.125, 9967.73, 10076.987, 
10196.651, 10061.941, 9827.383, 9497.584, 9700.079, 9702.36499999999, 
9342.19400000002, 1, 1, 1, 1, 1, 1, 1, 1, 1, 1, 1, 0.16667, 0.16667, 
0.16667, 0.16667, 0.16667, 0.16667, 0.16667, 0.16667, 0.16667, 
0.16667, 0.16667, 0, 0, 0, 0, 0, 0, 0, 0, 0, 0, 0, 0, 0, 0, 0, 
0, 0, 0, 0, 0, 0, 0, 0.98333, 0.98333, 0.98, 0.96905, 0.97143, 
0.9875, 0.98889, 0.975, 0.98889, 0.99, 0.98, 0.98333, 0.98333, 
0.98, 0.96905, 0.97143, 0.97321, 0.97639, 0.9875, 0.97889, 0.98, 
0.99, 0.0127, 0.0122, 0.0135, 0.0124, 0.0127, 0.0129, 0.0132, 
0.0132, 0.0136, 0.0137, 0.0141, 19.2, 21.8, 23.2, 24, 24.5, 26.5, 
26.6, 28.2, 28, 30, 29, 1, 1, 1, 1, 1, 1, 1, 1, 1, 1, 1, 1, 1, 
1, 1, 1, 1, 1, 1, 1, 1, 1, 1, 1, 1, 1, 1, 1, 1, 1, 1, 1, 1, 1, 
1, 1, 1, 1, 1, 1, 1, 1, 1, 1, 4.047, 3.767, 4.185, 3.878, 4.092, 
4.103, 3.846, 3.773, 3.929, 3.881, 3.883), .Dim = c(11L, 40L), .Dimnames = list(
    NULL, c("Sampling", "PSO.cost", "PSO.gamma", "PSO.data.balancing", 
    "PSO.feature.selection", "PSO.valid.acc", "PSO.test.acc", 
    "PSO.train.time", "PSO.n.support.vectors", "PSO.index", "PSO.n.solutions", 
    "PSO.generations", "PSO.n.evaluations", "PSO.cpu.time", "RS.cost", 
    "RS.gamma", "RS.data.balancing", "RS.feature.selection", 
    "RS.valid.acc", "RS.test.acc", "RS.train.time", "RS.n.support.vectors", 
    "RS.index", "RS.n.solutions", "RS.generations", "RS.n.evaluations", 
    "RS.cpu.time", "DF.cost", "DF.gamma", "DF.data.balancing", 
    "DF.feature.selection", "DF.valid.acc", "DF.test.acc", "DF.train.time", 
    "DF.n.support.vectors", "DF.index", "DF.n.solutions", "DF.generations", 
    "DF.n.evaluations", "DF.cpu.time")))
