full <-
structure(c(50, 55, 60, 65, 70, 75, 80, 85, 90, 95, 100, 5.24597, 
2.26028, 6.1153, 11.44171, 3.675, 3.78554, 8.09231, 1, 4.67851, 
1.16965, 1, -8.05262, -0.57524, -0.34209, -12.84166, -4.80034, 
-0.60448, -9.7086, 0.16667, -8.15638, -4.81961, 0.16667, 0, 0, 
0, 0, 0, 0, 0, 0, 0, 0, 0, 0, 0, 0, 0, 0, 0, 0, 0, 0, 0, 0, 0.98333, 
0.98333, 0.98333, 0.98333, 0.9875, 0.9875, 0.9875, 0.99, 0.98889, 
0.98889, 0.99091, 0.98333, 0.98333, 0.96667, 0.98333, 0.9875, 
0.97321, 0.9875, 0.9775, 0.98889, 0.97889, 0.98091, 0.0103, 0.0116, 
0.0125, 0.0114, 0.0107, 0.0127, 0.0118, 0.0115, 0.0114, 0.0109, 
0.0118, 15.3, 42.9, 47.9, 11.1, 13.2, 54, 13.7, 26.6, 20.9, 25.7, 
28.3, 30, 2, 4, 8, 5, 19, 6, 1, 11, 6, 1, 582, 919, 704, 715, 
984, 286, 981, 870, 504, 846, 1579, 100, 100, 100, 100, 100, 
100, 100, 100, 100, 100, 100, 2500, 2500, 2500, 2500, 2500, 2500, 
2500, 2500, 2500, 2500, 2500, 7051.533, 7696.078, 7736.365, 7462.192, 
7353.462, 7361.836, 7620.399, 7361.223, 7313.88699999999, 7378.56100000002, 
7162.02900000001, 10.25875, 8.91954, 7.91132, 1.66015, 8.39784, 
-1.57287, 6.53897, 2.86711, 11.29438, 6.24571, 6.1089, -13.24153, 
-11.9264, -11.47396, -4.87152, -9.9992, -2.06848, -7.8811, -4.33971, 
-14.99388, -9.34858, -6.47196, 0, 0, 0, 0, 0, 0, 0, 0, 0, 0, 
0, 0, 0, 0, 0, 0, 0, 0, 0, 0, 0, 0, 0.98333, 0.98333, 0.98333, 
0.98333, 0.9875, 0.9875, 0.9875, 0.99, 0.98889, 0.98889, 0.99091, 
0.98333, 0.98333, 0.96667, 0.98333, 0.9875, 0.97321, 0.9875, 
0.99, 0.98889, 0.97889, 0.98091, 0.0103, 0.0107, 0.0106, 0.0113, 
0.0116, 0.0113, 0.0117, 0.011, 0.0112, 0.0114, 0.0111, 16.1, 
16.6, 20.3, 20.3, 12.8, 39.7, 13.1, 16, 22.8, 18.4, 11.4, 23, 
3, 2, 2, 2, 4, 4, 3, 6, 35, 2, 216, 475, 501, 278, 295, 147, 
311, 393, 172, 227, 1185, 100, 100, 100, 100, 100, 100, 100, 
100, 100, 100, 100, 2500, 2500, 2500, 2500, 2500, 2500, 2500, 
2500, 2500, 2500, 2500, 7549.666, 7739.798, 7547.92200000001, 
7439.092, 7577.72899999999, 7387.70299999999, 7473.13800000001, 
7267.285, 7381.20500000002, 7490.51300000001, 7196.49299999999, 
1, 1, 1, 1, 1, 1, 1, 1, 1, 1, 1, 0.16667, 0.16667, 0.16667, 0.16667, 
0.16667, 0.16667, 0.16667, 0.16667, 0.16667, 0.16667, 0.16667, 
0, 0, 0, 0, 0, 0, 0, 0, 0, 0, 0, 0, 0, 0, 0, 0, 0, 0, 0, 0, 0, 
0, 0.96333, 0.96667, 0.96667, 0.96905, 0.97321, 0.98571, 0.975, 
0.99, 0.97778, 0.97889, 0.99091, 0.96333, 0.98333, 0.96667, 0.96905, 
0.97321, 0.97321, 0.9875, 0.9775, 0.97778, 0.97889, 0.98091, 
0.0121, 0.0109, 0.0111, 0.0111, 0.0114, 0.0111, 0.0118, 0.0112, 
0.0119, 0.0121, 0.012, 23, 22.7, 25.4, 25.7, 26.1, 26.9, 27, 
26.6, 28.5, 29.6, 28.3, 1, 1, 1, 1, 1, 1, 1, 1, 1, 1, 1, 1, 1, 
1, 1, 1, 1, 1, 1, 1, 1, 1, 1, 1, 1, 1, 1, 1, 1, 1, 1, 1, 1, 1, 
1, 1, 1, 1, 1, 1, 1, 1, 1, 1, 3.096, 3.058, 2.976, 2.856, 3.041, 
2.949, 3.076, 2.799, 2.903, 2.867, 2.843), .Dim = c(11L, 40L), .Dimnames = list(
    NULL, c("Sampling", "PSO.cost", "PSO.gamma", "PSO.data.balancing", 
    "PSO.feature.selection", "PSO.valid.acc", "PSO.test.acc", 
    "PSO.train.time", "PSO.n.support.vectors", "PSO.index", "PSO.n.solutions", 
    "PSO.generations", "PSO.n.evaluations", "PSO.cpu.time", "RS.cost", 
    "RS.gamma", "RS.data.balancing", "RS.feature.selection", 
    "RS.valid.acc", "RS.test.acc", "RS.train.time", "RS.n.support.vectors", 
    "RS.index", "RS.n.solutions", "RS.generations", "RS.n.evaluations", 
    "RS.cpu.time", "DF.cost", "DF.gamma", "DF.data.balancing", 
    "DF.feature.selection", "DF.valid.acc", "DF.test.acc", "DF.train.time", 
    "DF.n.support.vectors", "DF.index", "DF.n.solutions", "DF.generations", 
    "DF.n.evaluations", "DF.cpu.time")))
