full <-
structure(c(50, 55, 60, 65, 70, 75, 80, 85, 90, 95, 100, 8.57944, 
1, 1, 1, 1, 8.73105, 1, 11.23378, 1, 1, 11.73906, -12.60875, 
0.16667, 0.16667, 0.16667, 0.16667, -0.92431, 0.16667, -13.7745, 
0.16667, 0.16667, -12.82419, 0, 0, 0, 0, 0, 0, 0, 0, 0, 0, 0, 
0, 0, 0, 0, 0, 0, 0, 0, 0, 0, 0, 0.98, 1, 1, 1, 0.975, 0.98889, 
0.97639, 0.98889, 0.98889, 0.99, 0.99, 0.96333, 0.96667, 1, 1, 
0.975, 0.97639, 0.97639, 0.98889, 0.98889, 0.99, 0.99, 0.0113, 
0.0114, 0.0117, 0.0121, 0.012, 0.0121, 0.0116, 0.0121, 0.0128, 
0.0127, 0.0121, 15.7, 19.9, 21.3, 22.5, 23.4, 46.6, 25.7, 15, 
26.9, 28.3, 11.7, 31, 1, 1, 1, 1, 27, 1, 5, 1, 1, 2, 106, 181, 
202, 818, 409, 735, 1253, 968, 754, 1796, 692, 100, 100, 100, 
100, 100, 100, 100, 100, 100, 100, 100, 2500, 2500, 2500, 2500, 
2500, 2500, 2500, 2500, 2500, 2500, 2500, 8144.986, 7900.408, 
8128.305, 8071.822, 8408.985, 7452.164, 7957.086, 8221.925, 8167.276, 
8203.73300000001, 7748.65599999999, 7.44596, 10.69935, -0.04365, 
6.40523, 10.12051, 1.89402, 11.90955, 9.92096, 4.02873, 13.90466, 
3.77632, -11.58544, -14.6922, -3.7042, -1.87259, -13.97503, -1.03263, 
-0.47169, -13.54326, -6.10137, -9.0953, -5.08258, 0, 0, 0, 0, 
0, 0, 0, 0, 0, 0, 0, 0, 0, 0, 0, 0, 0, 0, 0, 0, 0, 0, 0.98, 1, 
1, 1, 0.975, 0.98889, 0.97639, 0.98889, 0.98889, 0.99, 0.99, 
0.96333, 0.96667, 1, 1, 0.975, 0.97639, 0.97639, 0.98889, 0.98889, 
0.99, 0.99, 0.0117, 0.0108, 0.0115, 0.012, 0.0121, 0.0125, 0.0139, 
0.0129, 0.0122, 0.0117, 0.0123, 16.3, 16.6, 20.5, 23, 19.2, 43.4, 
61.8, 19.7, 14.3, 9.4, 13.9, 9, 25, 9, 11, 1, 314, 4, 36, 3, 
1, 1, 24, 72, 144, 288, 194, 33, 910, 335, 532, 1523, 293, 100, 
100, 100, 100, 100, 100, 100, 100, 100, 100, 100, 2500, 2500, 
2500, 2500, 2500, 2500, 2500, 2500, 2500, 2500, 2500, 8090.08, 
8106.147, 8130.722, 8358.372, 7722.45700000001, 7486.409, 8168.811, 
8268.34600000001, 8166.93799999999, 8216.00700000001, 8313.85800000001, 
1, 1, 1, 1, 1, 1, 1, 1, 1, 1, 1, 0.16667, 0.16667, 0.16667, 0.16667, 
0.16667, 0.16667, 0.16667, 0.16667, 0.16667, 0.16667, 0.16667, 
0, 0, 0, 0, 0, 0, 0, 0, 0, 0, 0, 0, 0, 0, 0, 0, 0, 0, 0, 0, 0, 
0, 0.96, 1, 1, 1, 0.975, 0.97639, 0.97639, 0.97778, 0.98889, 
0.99, 0.98, 0.96333, 0.96667, 1, 1, 0.975, 0.97639, 0.97639, 
0.98889, 0.98889, 0.99, 0.98, 0.0114, 0.0119, 0.0119, 0.012, 
0.011, 0.0112, 0.0129, 0.0126, 0.0134, 0.0125, 0.012, 18.9, 19.9, 
21.3, 22.5, 23.4, 23.5, 25.7, 25.3, 26.9, 28.3, 30.1, 1, 1, 1, 
1, 1, 1, 1, 1, 1, 1, 1, 1, 1, 1, 1, 1, 1, 1, 1, 1, 1, 1, 1, 1, 
1, 1, 1, 1, 1, 1, 1, 1, 1, 1, 1, 1, 1, 1, 1, 1, 1, 1, 1, 1, 3.2, 
3.502, 3.321, 3.401, 2.829, 2.986, 3.353, 3.301, 3.374, 3.129, 
3.043), .Dim = c(11L, 40L), .Dimnames = list(NULL, c("Sampling", 
"PSO.cost", "PSO.gamma", "PSO.data.balancing", "PSO.feature.selection", 
"PSO.valid.acc", "PSO.test.acc", "PSO.train.time", "PSO.n.support.vectors", 
"PSO.index", "PSO.n.solutions", "PSO.generations", "PSO.n.evaluations", 
"PSO.cpu.time", "RS.cost", "RS.gamma", "RS.data.balancing", "RS.feature.selection", 
"RS.valid.acc", "RS.test.acc", "RS.train.time", "RS.n.support.vectors", 
"RS.index", "RS.n.solutions", "RS.generations", "RS.n.evaluations", 
"RS.cpu.time", "DF.cost", "DF.gamma", "DF.data.balancing", "DF.feature.selection", 
"DF.valid.acc", "DF.test.acc", "DF.train.time", "DF.n.support.vectors", 
"DF.index", "DF.n.solutions", "DF.generations", "DF.n.evaluations", 
"DF.cpu.time")))
