full <-
structure(c(50, 55, 60, 65, 70, 75, 80, 85, 90, 95, 100, 5.63259, 
5.25484, 1, 4.18645, 3.72461, 1, 1, 4.4079, 6.77685, 9.99413, 
2.03365, -8.35214, -10.02236, 0.16667, -6.77405, -7.23253, 0.16667, 
0.16667, -7.04494, -10.60875, -12.72412, -5.21484, 0, 0, 0, 0, 
0, 0, 0, 0, 0, 0, 0, 0, 0, 0, 0, 0, 0, 0, 0, 0, 0, 0, 0.98333, 
0.98333, 0.96905, 0.98571, 0.9875, 0.98889, 0.9875, 0.9875, 0.98889, 
0.99, 0.98889, 0.96333, 0.96667, 0.96905, 0.98571, 0.9875, 0.98889, 
0.975, 0.975, 0.98889, 0.99, 0.9798, 0.0103, 0.0113, 0.0107, 
0.0113, 0.0116, 0.0116, 0.0125, 0.0118, 0.012, 0.0115, 0.0119, 
14.8, 25.3, 24.6, 15.4, 20.2, 27.8, 27.7, 16.4, 24, 15.6, 21.4, 
21, 138, 1, 21, 3, 1, 1, 3, 7, 7, 16, 568, 205, 1801, 739, 805, 
819, 803, 1085, 602, 673, 684, 100, 100, 100, 100, 100, 100, 
100, 100, 100, 100, 100, 2500, 2500, 2500, 2500, 2500, 2500, 
2500, 2500, 2500, 2500, 2500, 7684.682, 7594.321, 7736.161, 7669.08100000001, 
7633.878, 7699.89499999999, 8160.42499999999, 8079.473, 8040.63900000001, 
7972.94100000002, 8016.30599999998, 7.979, 8.76693, 1.23824, 
11.1333, 2.09387, 0.21072, 9.32784, 11.12627, 8.52733, 2.6848, 
4.3015, -11.20454, -13.84154, -5.193, -12.3942, -5.31594, -4.12328, 
-11.58648, -12.64471, -11.79885, -4.70119, -5.493, 0, 0, 0, 0, 
0, 0, 0, 0, 0, 0, 0, 0, 0, 0, 0, 0, 0, 0, 0, 0, 0, 0, 0.98333, 
0.98333, 0.96905, 0.98571, 0.9875, 0.98889, 0.9875, 0.9875, 0.98889, 
0.99, 0.98889, 0.96333, 0.96667, 0.96905, 0.97143, 0.9875, 0.98889, 
0.9875, 0.975, 0.98889, 0.99, 0.9798, 0.011, 0.0121, 0.0117, 
0.0106, 0.0115, 0.0123, 0.0122, 0.0119, 0.0116, 0.0118, 0.0124, 
16.9, 27, 23.6, 11.3, 19.5, 27.3, 14.3, 11.5, 20.2, 16.4, 13.3, 
2, 30, 1, 14, 3, 22, 13, 3, 23, 20, 10, 150, 40, 1383, 207, 282, 
327, 369, 379, 243, 260, 208, 100, 100, 100, 100, 100, 100, 100, 
100, 100, 100, 100, 2500, 2500, 2500, 2500, 2500, 2500, 2500, 
2500, 2500, 2500, 2500, 7666.689, 7795.72, 7609.758, 7773.354, 
7677.969, 7880.375, 7921.90700000001, 8076.10500000001, 8021.02300000002, 
8081.598, 7964.76999999999, 1, 1, 1, 1, 1, 1, 1, 1, 1, 1, 1, 
0.16667, 0.16667, 0.16667, 0.16667, 0.16667, 0.16667, 0.16667, 
0.16667, 0.16667, 0.16667, 0.16667, 0, 0, 0, 0, 0, 0, 0, 0, 0, 
0, 0, 0, 0, 0, 0, 0, 0, 0, 0, 0, 0, 0, 0.96333, 0.96667, 0.96905, 
0.97143, 0.97321, 0.98889, 0.9875, 0.975, 0.97889, 0.98, 0.9798, 
0.96333, 0.98333, 0.96905, 0.97143, 0.97321, 0.98889, 0.975, 
0.975, 0.97889, 0.98, 0.9798, 0.0116, 0.0109, 0.0119, 0.0119, 
0.0115, 0.0121, 0.0127, 0.0122, 0.0124, 0.0129, 0.0126, 23.4, 
22.9, 24.6, 24.7, 25, 27.8, 27.7, 28, 28.9, 28.2, 30.1, 1, 1, 
1, 1, 1, 1, 1, 1, 1, 1, 1, 1, 1, 1, 1, 1, 1, 1, 1, 1, 1, 1, 1, 
1, 1, 1, 1, 1, 1, 1, 1, 1, 1, 1, 1, 1, 1, 1, 1, 1, 1, 1, 1, 1, 
3.12, 3.051, 3.12, 3.249, 3.174, 3.365, 3.428, 3.237, 3.259, 
3.237, 3.22), .Dim = c(11L, 40L), .Dimnames = list(NULL, c("Sampling", 
"PSO.cost", "PSO.gamma", "PSO.data.balancing", "PSO.feature.selection", 
"PSO.valid.acc", "PSO.test.acc", "PSO.train.time", "PSO.n.support.vectors", 
"PSO.index", "PSO.n.solutions", "PSO.generations", "PSO.n.evaluations", 
"PSO.cpu.time", "RS.cost", "RS.gamma", "RS.data.balancing", "RS.feature.selection", 
"RS.valid.acc", "RS.test.acc", "RS.train.time", "RS.n.support.vectors", 
"RS.index", "RS.n.solutions", "RS.generations", "RS.n.evaluations", 
"RS.cpu.time", "DF.cost", "DF.gamma", "DF.data.balancing", "DF.feature.selection", 
"DF.valid.acc", "DF.test.acc", "DF.train.time", "DF.n.support.vectors", 
"DF.index", "DF.n.solutions", "DF.generations", "DF.n.evaluations", 
"DF.cpu.time")))
