full <-
structure(c(50, 55, 60, 65, 70, 75, 80, 85, 90, 95, 100, 1, 7.66672, 
3.9568, 1, 1, 7.56762, 1, 1, 1, 1, 1, 0.16667, -10.69819, -8.80889, 
0.16667, 0.16667, -11.56979, 0.16667, 0.16667, 0.16667, 0.16667, 
0.16667, 0, 0, 0, 0, 0, 0, 0, 0, 0, 0, 0, 0, 0, 0, 0, 0, 0, 0, 
0, 0, 0, 0, 0.98333, 0.98333, 0.98571, 0.98571, 0.97321, 0.9875, 
0.98889, 0.99, 0.98889, 0.98889, 0.99, 0.96333, 0.98333, 0.98571, 
0.97143, 0.9875, 0.9875, 0.97639, 0.99, 0.98889, 0.97778, 0.98091, 
0.0122, 0.0112, 0.0121, 0.0121, 0.012, 0.0131, 0.0132, 0.0135, 
0.0132, 0.0131, 0.0126, 22.4, 15.8, 27.2, 25.2, 26.9, 23.5, 27.5, 
28.6, 29.8, 28.6, 29.2, 1, 26, 17, 1, 1, 20, 1, 1, 1, 1, 1, 1608, 
978, 770, 486, 1760, 573, 601, 767, 1622, 564, 1379, 100, 100, 
100, 100, 100, 100, 100, 100, 100, 100, 100, 2500, 2500, 2500, 
2500, 2500, 2500, 2500, 2500, 2500, 2500, 2500, 7611.144, 7910.438, 
8101.886, 9407.401, 9422.147, 9438.27800000001, 9536.798, 9642.56300000001, 
9891.19700000001, 9908.81299999999, 9943.94, 14.97714, 11.88096, 
2.2823, 1.06491, 8.63814, 1.0203, 11.70414, 0.361, 6.72337, 6.40415, 
9.70448, -9.04367, -14.03042, -5.22996, -4.72366, -5.15756, -2.73772, 
-13.59612, -2.4297, -6.94905, -9.8911, -11.62535, 0, 0, 0, 0, 
0, 0, 0, 0, 0, 0, 0, 0, 0, 0, 0, 0, 0, 0, 0, 0, 0, 0, 0.98333, 
0.98333, 0.98571, 0.98571, 0.97321, 0.9875, 0.98889, 0.99, 0.98889, 
0.98889, 0.99, 0.96333, 0.98333, 0.98571, 0.98571, 0.96071, 0.9875, 
0.98889, 0.97889, 0.98889, 0.98889, 0.99, 0.0114, 0.0118, 0.0115, 
0.0125, 0.0115, 0.0126, 0.0121, 0.0127, 0.0127, 0.0132, 0.0131, 
9.1, 12.5, 18.3, 22.7, 10.7, 22.1, 12.8, 26.2, 10.8, 20.7, 13, 
1, 2, 2, 44, 1, 7, 8, 29, 5, 4, 2, 1218, 280, 249, 212, 1454, 
170, 310, 357, 1166, 266, 951, 100, 100, 100, 100, 100, 100, 
100, 100, 100, 100, 100, 2500, 2500, 2500, 2500, 2500, 2500, 
2500, 2500, 2500, 2500, 2500, 7853.269, 8041.545, 8748.968, 9388.141, 
9432.57299999999, 9456.315, 9624.25999999999, 9950.71599999999, 
9874.83799999999, 9988.85800000001, 9905.859, 1, 1, 1, 1, 1, 
1, 1, 1, 1, 1, 1, 0.16667, 0.16667, 0.16667, 0.16667, 0.16667, 
0.16667, 0.16667, 0.16667, 0.16667, 0.16667, 0.16667, 0, 0, 0, 
0, 0, 0, 0, 0, 0, 0, 0, 0, 0, 0, 0, 0, 0, 0, 0, 0, 0, 0, 0.98333, 
0.96333, 0.96905, 0.98571, 0.97321, 0.975, 0.98889, 0.99, 0.98889, 
0.98889, 0.99, 0.96333, 0.98333, 0.96905, 0.97143, 0.9875, 0.9875, 
0.97639, 0.99, 0.98889, 0.97778, 0.98091, 0.0112, 0.0119, 0.0121, 
0.0122, 0.0123, 0.0132, 0.0128, 0.0134, 0.0131, 0.0128, 0.0137, 
22.4, 23.6, 23.8, 25.2, 26.9, 25.8, 27.5, 28.6, 29.8, 28.6, 29.2, 
1, 1, 1, 1, 1, 1, 1, 1, 1, 1, 1, 1, 1, 1, 1, 1, 1, 1, 1, 1, 1, 
1, 1, 1, 1, 1, 1, 1, 1, 1, 1, 1, 1, 1, 1, 1, 1, 1, 1, 1, 1, 1, 
1, 1, 3.057, 3.182, 3.839, 3.723, 3.719, 3.853, 3.786, 4.096, 
3.907, 3.994, 3.965), .Dim = c(11L, 40L), .Dimnames = list(NULL, 
    c("Sampling", "PSO.cost", "PSO.gamma", "PSO.data.balancing", 
    "PSO.feature.selection", "PSO.valid.acc", "PSO.test.acc", 
    "PSO.train.time", "PSO.n.support.vectors", "PSO.index", "PSO.n.solutions", 
    "PSO.generations", "PSO.n.evaluations", "PSO.cpu.time", "RS.cost", 
    "RS.gamma", "RS.data.balancing", "RS.feature.selection", 
    "RS.valid.acc", "RS.test.acc", "RS.train.time", "RS.n.support.vectors", 
    "RS.index", "RS.n.solutions", "RS.generations", "RS.n.evaluations", 
    "RS.cpu.time", "DF.cost", "DF.gamma", "DF.data.balancing", 
    "DF.feature.selection", "DF.valid.acc", "DF.test.acc", "DF.train.time", 
    "DF.n.support.vectors", "DF.index", "DF.n.solutions", "DF.generations", 
    "DF.n.evaluations", "DF.cpu.time")))
