full <-
structure(c(50, 55, 60, 65, 70, 75, 80, 85, 90, 95, 100, 1, 10.98506, 
12.79583, 5.31968, 11.60137, 1, 1, 1, -0.71628, 11.672, 3.55355, 
0.16667, -4.3783, -9.35003, -7.65371, -5.0714, 0.16667, 0.16667, 
0.16667, -2.85001, -0.55083, -6.8561, 0, 0, 0, 0, 0, 0, 0, 0, 
0, 0, 0, 0, 0, 0, 0, 0, 0, 0, 0, 0, 0, 0, 1, 1, 1, 1, 1, 0.975, 
0.97639, 0.9875, 1, 0.99091, 0.99091, 1, 1, 1, 1, 1, 0.9875, 
0.97639, 0.97639, 0.98889, 0.99091, 0.98182, 0.0123, 0.01, 0.0101, 
0.0115, 0.0109, 0.0102, 0.0112, 0.0115, 0.0132, 0.0131, 0.0111, 
17.2, 13.6, 10.1, 12.6, 14.5, 26.8, 26, 28, 31.1, 66.6, 20, 1, 
2, 2, 8, 6, 1, 1, 1, 270, 34, 21, 1683, 1564, 1767, 1825, 1916, 
1658, 1823, 487, 151, 209, 1067, 100, 100, 100, 100, 100, 100, 
100, 100, 100, 100, 100, 2500, 2500, 2500, 2500, 2500, 2500, 
2500, 2500, 2500, 2500, 2500, 7308.04, 7336.466, 7654.711, 7591.495, 
7127.60200000001, 6832.69500000001, 7234.23, 7466.80200000001, 
7360.60399999999, 6983.21900000001, 6964.33799999999, 6.67496, 
7.42436, 9.0162, 7.09492, 12.41299, 6.77512, 4.84615, 8.61579, 
-0.4509, 3.93332, 1.22946, -1.52393, -5.93329, -8.66003, -8.16754, 
-14.18498, -7.98068, -3.41055, -1.98368, -3.01906, -9.28407, 
-3.52997, 0, 0, 0, 0, 0, 0, 0, 0, 0, 0, 0, 0, 0, 0, 0, 0, 0, 
0, 0, 0, 0, 0, 1, 1, 1, 1, 1, 0.975, 0.97639, 0.9875, 1, 0.99091, 
0.99091, 1, 1, 1, 1, 1, 0.975, 0.97639, 0.97639, 0.97778, 0.98091, 
0.98182, 0.0105, 0.0105, 0.0113, 0.0104, 0.0102, 0.0094, 0.0109, 
0.011, 0.0114, 0.0111, 0.0107, 26.8, 12, 10.2, 10.3, 12.1, 11.2, 
15.4, 25.9, 29.1, 36.2, 20.1, 5, 6, 1, 6, 1, 2, 1, 4, 514, 14, 
2, 1305, 914, 939, 891, 927, 1431, 1533, 326, 2, 109, 267, 100, 
100, 100, 100, 100, 100, 100, 100, 100, 100, 100, 2500, 2500, 
2500, 2500, 2500, 2500, 2500, 2500, 2500, 2500, 2500, 7256.45, 
7499.394, 7680.27800000001, 7512.79, 6909.216, 6852.986, 7286.89, 
7213.406, 7181.41099999999, 7162.63800000001, 7076.204, 1, 1, 
1, 1, 1, 1, 1, 1, 1, 1, 1, 0.16667, 0.16667, 0.16667, 0.16667, 
0.16667, 0.16667, 0.16667, 0.16667, 0.16667, 0.16667, 0.16667, 
0, 0, 0, 0, 0, 0, 0, 0, 0, 0, 0, 0, 0, 0, 0, 0, 0, 0, 0, 0, 0, 
0, 1, 0.98333, 0.98571, 0.9875, 0.9875, 0.975, 0.97639, 0.9875, 
0.98889, 0.98091, 0.98182, 1, 0.98333, 0.98571, 0.9875, 0.9875, 
0.9875, 0.97639, 0.97639, 0.98889, 0.98091, 0.98182, 0.0096, 
0.0105, 0.011, 0.0111, 0.0103, 0.0115, 0.0111, 0.011, 0.0112, 
0.011, 0.0107, 17.2, 21.3, 21.3, 23.3, 26, 26.8, 26, 28, 28.2, 
28.3, 29.7, 1, 1, 1, 1, 1, 1, 1, 1, 1, 1, 1, 1, 1, 1, 1, 1, 1, 
1, 1, 1, 1, 1, 1, 1, 1, 1, 1, 1, 1, 1, 1, 1, 1, 1, 1, 1, 1, 1, 
1, 1, 1, 1, 1, 1, 2.674, 2.978, 3.251, 3.102, 2.811, 3.068, 2.965, 
2.87, 2.88, 2.673, 2.745), .Dim = c(11L, 40L), .Dimnames = list(
    NULL, c("Sampling", "PSO.cost", "PSO.gamma", "PSO.data.balancing", 
    "PSO.feature.selection", "PSO.valid.acc", "PSO.test.acc", 
    "PSO.train.time", "PSO.n.support.vectors", "PSO.index", "PSO.n.solutions", 
    "PSO.generations", "PSO.n.evaluations", "PSO.cpu.time", "RS.cost", 
    "RS.gamma", "RS.data.balancing", "RS.feature.selection", 
    "RS.valid.acc", "RS.test.acc", "RS.train.time", "RS.n.support.vectors", 
    "RS.index", "RS.n.solutions", "RS.generations", "RS.n.evaluations", 
    "RS.cpu.time", "DF.cost", "DF.gamma", "DF.data.balancing", 
    "DF.feature.selection", "DF.valid.acc", "DF.test.acc", "DF.train.time", 
    "DF.n.support.vectors", "DF.index", "DF.n.solutions", "DF.generations", 
    "DF.n.evaluations", "DF.cpu.time")))
