full <-
structure(c(50, 55, 60, 65, 70, 75, 80, 85, 90, 95, 100, 8.68226, 
8.01947, 10.83667, 8.89929, 11.9019, 7.85072, 2.3474, 1, 8.79126, 
11.50823, 5.77566, -7.07786, -10.60821, -9.65221, -7.77967, -11.68389, 
-3.95626, -7.04788, 0.16667, -2.82532, -14.40018, -7.75729, 0, 
0, 0, 0, 0, 0, 0, 0, 0, 0, 0, 0, 0, 0, 0, 0, 0, 0, 0, 0, 0, 0, 
1, 1, 1, 1, 1, 1, 1, 1, 1, 0.99, 0.99091, 1, 1, 1, 1, 0.9875, 
1, 0.9875, 0.9875, 1, 0.99, 0.99091, 0.0111, 0.0102, 0.0099, 
0.0124, 0.0128, 0.0128, 0.0128, 0.0127, 0.0127, 0.0127, 0.0129, 
11.7, 14.2, 12, 12.1, 10.6, 16.7, 28.1, 25.7, 22.2, 16.9, 13.3, 
4, 7, 3, 6, 2, 5, 2, 1, 2, 6, 2, 1854, 1870, 1797, 2021, 1827, 
1950, 1754, 1684, 1880, 785, 1685, 100, 100, 100, 100, 100, 100, 
100, 100, 100, 100, 100, 2500, 2500, 2500, 2500, 2500, 2500, 
2500, 2500, 2500, 2500, 2500, 6872.925, 6886.61, 6890.524, 9741.506, 
9660.507, 9378.46799999999, 9209.071, 9344.74099999999, 9323.655, 
9291.394, 8274.29800000001, 11.7913, 10.55208, 9.06223, 14.88582, 
13.88707, 9.35357, 12.99333, 1.31729, 1.51592, 8.64571, 10.91955, 
-14.1562, -12.17186, -10.27387, -5.12864, -13.21, -3.01627, -2.699, 
-3.57799, -5.19578, -10.12287, -8.63049, 0, 0, 0, 0, 0, 0, 0, 
0, 0, 0, 0, 0, 0, 0, 0, 0, 0, 0, 0, 0, 0, 0, 1, 1, 1, 1, 1, 1, 
1, 1, 1, 0.99, 0.99091, 1, 1, 1, 1, 0.9875, 1, 1, 1, 1, 0.98091, 
0.9798, 0.01, 0.01, 0.0103, 0.0122, 0.0122, 0.0127, 0.0126, 0.0125, 
0.0127, 0.0125, 0.0122, 12.7, 11.6, 11.8, 14.8, 10.5, 20.3, 22.1, 
18.9, 23.2, 11.8, 9.9, 3, 5, 2, 3, 1, 2, 2, 3, 2, 2, 2, 725, 
820, 987, 957, 796, 995, 1110, 1238, 1114, 269, 835, 100, 100, 
100, 100, 100, 100, 100, 100, 100, 100, 100, 2500, 2500, 2500, 
2500, 2500, 2500, 2500, 2500, 2500, 2500, 2500, 6880.495, 6885.095, 
8949.388, 9643.094, 9591.745, 9331.18000000001, 9251.375, 9317.81299999999, 
9253.00899999999, 9357.65299999999, 9259.48700000002, 1, 1, 1, 
1, 1, 1, 1, 1, 1, 1, 1, 0.16667, 0.16667, 0.16667, 0.16667, 0.16667, 
0.16667, 0.16667, 0.16667, 0.16667, 0.16667, 0.16667, 0, 0, 0, 
0, 0, 0, 0, 0, 0, 0, 0, 0, 0, 0, 0, 0, 0, 0, 0, 0, 0, 0, 0.98, 
0.98, 0.98333, 0.98571, 0.9875, 0.9875, 0.9875, 1, 0.9875, 0.98091, 
0.9798, 0.98, 0.98, 0.98333, 0.98571, 0.9875, 0.9875, 1, 0.9875, 
1, 0.98091, 0.9798, 0.0099, 0.0101, 0.0122, 0.0131, 0.0123, 0.0124, 
0.0126, 0.0127, 0.013, 0.0131, 0.0132, 22, 23, 24.4, 24.7, 25.7, 
26.6, 28, 25.7, 28.3, 28.6, 30.3, 1, 1, 1, 1, 1, 1, 1, 1, 1, 
1, 1, 1, 1, 1, 1, 1, 1, 1, 1, 1, 1, 1, 1, 1, 1, 1, 1, 1, 1, 1, 
1, 1, 1, 1, 1, 1, 1, 1, 1, 1, 1, 1, 1, 1, 2.736, 2.737, 4.046, 
3.948, 3.881, 3.705, 3.602, 3.714, 3.779, 3.665, 3.704), .Dim = c(11L, 
40L), .Dimnames = list(NULL, c("Sampling", "PSO.cost", "PSO.gamma", 
"PSO.data.balancing", "PSO.feature.selection", "PSO.valid.acc", 
"PSO.test.acc", "PSO.train.time", "PSO.n.support.vectors", "PSO.index", 
"PSO.n.solutions", "PSO.generations", "PSO.n.evaluations", "PSO.cpu.time", 
"RS.cost", "RS.gamma", "RS.data.balancing", "RS.feature.selection", 
"RS.valid.acc", "RS.test.acc", "RS.train.time", "RS.n.support.vectors", 
"RS.index", "RS.n.solutions", "RS.generations", "RS.n.evaluations", 
"RS.cpu.time", "DF.cost", "DF.gamma", "DF.data.balancing", "DF.feature.selection", 
"DF.valid.acc", "DF.test.acc", "DF.train.time", "DF.n.support.vectors", 
"DF.index", "DF.n.solutions", "DF.generations", "DF.n.evaluations", 
"DF.cpu.time")))
