full <-
structure(c(50, 55, 60, 65, 70, 75, 80, 85, 90, 95, 100, 1, 1, 
1, 1, 1, 1, 2.71115, 13.44632, 1, 10.70389, 1, 0.16667, 0.16667, 
0.16667, 0.16667, 0.16667, 0.16667, -4.94067, -3.30974, 0.16667, 
-14.24528, 0.16667, 0, 0, 0, 0, 0, 0, 0, 0, 0, 0, 0, 0, 0, 0, 
0, 0, 0, 0, 0, 0, 0, 0, 1, 1, 1, 1, 1, 0.9875, 0.9875, 0.9875, 
0.97889, 0.98889, 0.99091, 1, 1, 1, 1, 1, 0.9875, 0.9875, 0.9875, 
0.97889, 0.98889, 0.98182, 0.011, 0.0111, 0.0109, 0.0108, 0.0112, 
0.0115, 0.0114, 0.0104, 0.0113, 0.0109, 0.0111, 20.4, 19.4, 18.8, 
20.6, 20.7, 23.5, 16.7, 16.3, 26.9, 20.3, 29.5, 1, 1, 1, 1, 1, 
1, 2, 6, 1, 8, 1, 1649, 1691, 1855, 1873, 1780, 1656, 1670, 1294, 
1888, 1004, 649, 100, 100, 100, 100, 100, 100, 100, 100, 100, 
100, 100, 2500, 2500, 2500, 2500, 2500, 2500, 2500, 2500, 2500, 
2500, 2500, 6476.327, 6430.063, 6380.359, 6344.685, 6450.164, 
6350.892, 6420.552, 6466.86199999999, 6497.405, 6487.932, 6536.014, 
5.12019, 9.96174, 7.52319, -1.02499, -1.33414, 4.47566, 14.69489, 
3.44149, 12.76963, 10.30491, 1.3884, -7.01815, -10.29794, -5.99847, 
-1.62113, -1.68712, -3.03972, -11.65199, -7.06152, -1.75838, 
-12.05819, -5.55885, 0, 0, 0, 0, 0, 0, 0, 0, 0, 0, 0, 0, 0, 0, 
0, 0, 0, 0, 0, 0, 0, 0, 1, 1, 1, 1, 1, 0.9875, 0.9875, 0.9875, 
0.97889, 0.98889, 0.99091, 1, 1, 1, 1, 1, 0.9875, 0.9625, 0.9875, 
0.97889, 0.97889, 0.99091, 0.0102, 0.0108, 0.0109, 0.0105, 0.0113, 
0.0106, 0.01, 0.0111, 0.0112, 0.0105, 0.0115, 10.2, 9.9, 10.8, 
32.5, 35.4, 16.7, 9.3, 20.8, 29.4, 13.2, 27.6, 1, 1, 1, 1, 1, 
1, 3, 6, 6, 7, 2, 1318, 1312, 1319, 1310, 1385, 1348, 764, 598, 
1386, 322, 349, 100, 100, 100, 100, 100, 100, 100, 100, 100, 
100, 100, 2500, 2500, 2500, 2500, 2500, 2500, 2500, 2500, 2500, 
2500, 2500, 6486.375, 6339.933, 6386.821, 6365.973, 6397.041, 
6354.806, 6364.307, 6487.78599999999, 6507.07000000001, 6530.986, 
6608.326, 1, 1, 1, 1, 1, 1, 1, 1, 1, 1, 1, 0.16667, 0.16667, 
0.16667, 0.16667, 0.16667, 0.16667, 0.16667, 0.16667, 0.16667, 
0.16667, 0.16667, 0, 0, 0, 0, 0, 0, 0, 0, 0, 0, 0, 0, 0, 0, 0, 
0, 0, 0, 0, 0, 0, 0, 1, 1, 1, 1, 1, 0.9875, 0.975, 0.97639, 0.97889, 
0.97889, 0.99091, 1, 1, 1, 1, 1, 0.9875, 0.975, 0.97639, 0.97889, 
0.97889, 0.98182, 0.0107, 0.0111, 0.0112, 0.0114, 0.0101, 0.0115, 
0.0103, 0.0109, 0.0107, 0.0112, 0.0112, 20.4, 19.4, 18.8, 20.6, 
20.7, 23.5, 27.2, 26.1, 26.9, 28.1, 29.5, 1, 1, 1, 1, 1, 1, 1, 
1, 1, 1, 1, 1, 1, 1, 1, 1, 1, 1, 1, 1, 1, 1, 1, 1, 1, 1, 1, 1, 
1, 1, 1, 1, 1, 1, 1, 1, 1, 1, 1, 1, 1, 1, 1, 1, 2.661, 2.662, 
2.618, 2.633, 2.504, 2.636, 2.602, 2.636, 2.576, 2.582, 2.622
), .Dim = c(11L, 40L), .Dimnames = list(NULL, c("Sampling", "PSO.cost", 
"PSO.gamma", "PSO.data.balancing", "PSO.feature.selection", "PSO.valid.acc", 
"PSO.test.acc", "PSO.train.time", "PSO.n.support.vectors", "PSO.index", 
"PSO.n.solutions", "PSO.generations", "PSO.n.evaluations", "PSO.cpu.time", 
"RS.cost", "RS.gamma", "RS.data.balancing", "RS.feature.selection", 
"RS.valid.acc", "RS.test.acc", "RS.train.time", "RS.n.support.vectors", 
"RS.index", "RS.n.solutions", "RS.generations", "RS.n.evaluations", 
"RS.cpu.time", "DF.cost", "DF.gamma", "DF.data.balancing", "DF.feature.selection", 
"DF.valid.acc", "DF.test.acc", "DF.train.time", "DF.n.support.vectors", 
"DF.index", "DF.n.solutions", "DF.generations", "DF.n.evaluations", 
"DF.cpu.time")))
