full <-
structure(c(50, 55, 60, 65, 70, 75, 80, 85, 90, 95, 100, 1, 1, 
1, 1, 1.16521, 1, 1.03752, 5.65542, 9.34511, 9.78085, 1, 0.16667, 
0.16667, 0.16667, 0.16667, -5.08469, 0.16667, -6.60906, -7.02666, 
-14.56268, -13.75552, 0.16667, 0, 0, 0, 0, 0, 0, 0, 0, 0, 0, 
0, 0, 0, 0, 0, 0, 0, 0, 0, 0, 0, 0, 1, 1, 1, 1, 1, 1, 0.9875, 
0.9875, 0.98889, 0.99, 0.99, 1, 1, 1, 1, 1, 1, 0.9875, 0.975, 
0.98889, 0.99, 0.99, 0.0114, 0.0108, 0.0117, 0.0108, 0.011, 0.0109, 
0.0111, 0.0169, 0.0181, 0.0138, 0.0138, 20.3, 19.3, 20.5, 21.6, 
20.1, 23.4, 35.3, 12.1, 34.9, 24.4, 29.9, 1, 1, 1, 1, 38, 1, 
4, 30, 5, 5, 1, 1530, 1789, 1753, 1756, 610, 650, 459, 489, 513, 
243, 1569, 100, 100, 100, 100, 100, 100, 100, 100, 100, 100, 
100, 2500, 2500, 2500, 2500, 2500, 2500, 2500, 2500, 2500, 2500, 
2500, 7525.749, 7555.864, 7238.164, 7224.428, 7187.55, 7225.628, 
7840.26400000001, 11118.024, 10917.378, 11155.366, 11064.925, 
7.44506, 3.12126, 9.83926, 4.40674, 0.09678, 8.13403, 9.93551, 
9.31433, 3.58014, 5.21842, 13.99102, -10.92395, -5.40712, -4.6431, 
-8.67736, -3.48527, -13.33235, -14.2385, -11.37332, -9.00427, 
-9.0157, -14.93585, 0, 0, 0, 0, 0, 0, 0, 0, 0, 0, 0, 0, 0, 0, 
0, 0, 0, 0, 0, 0, 0, 0, 1, 1, 1, 1, 1, 1, 0.9875, 0.9875, 0.98889, 
0.99, 0.99, 1, 1, 1, 1, 0.98571, 1, 0.9875, 0.975, 0.98889, 0.99, 
0.98, 0.0107, 0.0103, 0.0103, 0.0107, 0.0113, 0.0112, 0.0165, 
0.017, 0.0139, 0.0167, 0.0139, 14.2, 12.2, 9.8, 19.4, 20.4, 28.6, 
23.8, 14.1, 37.5, 23.1, 10.9, 7, 3, 1, 1, 4, 1, 7, 7, 3, 12, 
6, 1234, 1211, 1321, 1295, 89, 303, 172, 110, 339, 79, 1166, 
100, 100, 100, 100, 100, 100, 100, 100, 100, 100, 100, 2500, 
2500, 2500, 2500, 2500, 2500, 2500, 2500, 2500, 2500, 2500, 7566.13, 
7385.075, 7210.58100000001, 7221.462, 7150.939, 7317.091, 11005.209, 
10915.168, 10977.321, 11094.142, 10842.796, 1, 1, 1, 1, 1, 1, 
1, 1, 1, 1, 1, 0.16667, 0.16667, 0.16667, 0.16667, 0.16667, 0.16667, 
0.16667, 0.16667, 0.16667, 0.16667, 0.16667, 0, 0, 0, 0, 0, 0, 
0, 0, 0, 0, 0, 0, 0, 0, 0, 0, 0, 0, 0, 0, 0, 0, 1, 1, 1, 1, 0.98571, 
1, 0.975, 0.975, 0.97778, 0.97889, 0.99, 1, 1, 1, 1, 0.98571, 
1, 0.975, 0.975, 0.97778, 0.99, 0.99, 0.0106, 0.0106, 0.0108, 
0.0107, 0.011, 0.0113, 0.0141, 0.015, 0.0143, 0.0144, 0.0146, 
20.3, 19.3, 20.5, 21.6, 21.8, 23.4, 25.6, 25.4, 29.1, 29.3, 29.9, 
1, 1, 1, 1, 1, 1, 1, 1, 1, 1, 1, 1, 1, 1, 1, 1, 1, 1, 1, 1, 1, 
1, 1, 1, 1, 1, 1, 1, 1, 1, 1, 1, 1, 1, 1, 1, 1, 1, 1, 1, 1, 1, 
1, 1, 3.011, 3, 2.936, 2.841, 2.869, 2.877, 4.422, 4.302, 4.36, 
4.283, 4.222), .Dim = c(11L, 40L), .Dimnames = list(NULL, c("Sampling", 
"PSO.cost", "PSO.gamma", "PSO.data.balancing", "PSO.feature.selection", 
"PSO.valid.acc", "PSO.test.acc", "PSO.train.time", "PSO.n.support.vectors", 
"PSO.index", "PSO.n.solutions", "PSO.generations", "PSO.n.evaluations", 
"PSO.cpu.time", "RS.cost", "RS.gamma", "RS.data.balancing", "RS.feature.selection", 
"RS.valid.acc", "RS.test.acc", "RS.train.time", "RS.n.support.vectors", 
"RS.index", "RS.n.solutions", "RS.generations", "RS.n.evaluations", 
"RS.cpu.time", "DF.cost", "DF.gamma", "DF.data.balancing", "DF.feature.selection", 
"DF.valid.acc", "DF.test.acc", "DF.train.time", "DF.n.support.vectors", 
"DF.index", "DF.n.solutions", "DF.generations", "DF.n.evaluations", 
"DF.cpu.time")))
