full <-
structure(c(50, 55, 60, 65, 70, 75, 80, 85, 90, 95, 100, 0.50619, 
0.90522, 6.8419, 3.65546, 0.17147, 0.51847, 0.42915, 6.33154, 
0.70828, 0.8432, 6.14272, -4.04778, -5.74596, -14.34765, -9.91831, 
-6.54357, -6.56214, -5.13216, -13.78017, -6.56778, -7.38348, 
-12.50296, 0, 0, 0, 0, 0, 0, 0, 0, 0, 0, 0, 0, 0, 0, 0, 0, 0, 
0, 0, 0, 0, 0, 0.28604, 0.32356, 0.32118, 0.35585, 0.33681, 0.35535, 
0.3319, 0.33566, 0.33353, 0.31921, 0.31313, 0.2763, 0.29522, 
0.32035, 0.30827, 0.33231, 0.32752, 0.3195, 0.31758, 0.3197, 
0.28962, 0.30036, 0.0622, 0.0711, 0.0726, 0.0812, 0.0872, 0.0995, 
0.1173, 0.1168, 0.1398, 0.1437, 0.157, 160, 176, 190.9, 204, 
223.7, 239.5, 256, 270, 286, 300.4, 313.6, 1741, 2389, 225, 1712, 
1441, 761, 2089, 750, 2124, 1923, 522, 6, 1, 203, 2, 47, 165, 
1, 15, 9, 6, 53, 100, 100, 100, 100, 100, 100, 100, 100, 100, 
100, 100, 2500, 2500, 2500, 2500, 2500, 2500, 2500, 2500, 2500, 
2500, 2500, 7632.534, 7999.414, 8164.568, 8429.871, 8426.87700000001, 
8551.87199999999, 9088.406, 11665.691, 12001.059, 12300.513, 
12681.855, 5.72387, 2.29745, 6.69282, 1.93261, 4.95868, 0.61925, 
0.11832, 5.46877, 0.67915, 0.79406, 5.19794, -12.93102, -8.93081, 
-14.14085, -7.81871, -12.41458, -6.74167, -6.16184, -12.84776, 
-6.57041, -7.36081, -11.55791, 0, 0, 0, 0, 0, 0, 0, 0, 0, 0, 
0, 0, 0, 0, 0, 0, 0, 0, 0, 0, 0, 0, 0.28465, 0.32253, 0.32118, 
0.35202, 0.33321, 0.3519, 0.3282, 0.33263, 0.33353, 0.31894, 
0.31313, 0.28008, 0.28611, 0.32035, 0.31985, 0.32434, 0.32752, 
0.30309, 0.3116, 0.31979, 0.28962, 0.30286, 0.0586, 0.0663, 0.073, 
0.0812, 0.0843, 0.0973, 0.112, 0.1177, 0.1392, 0.1448, 0.1572, 
159.1, 174.3, 190.8, 206.2, 222.5, 239.4, 255.6, 270, 286.3, 
300.5, 313.8, 158, 2316, 86, 1324, 1929, 646, 928, 280, 1790, 
390, 738, 6, 1, 12, 1, 1, 1, 2, 12, 2, 1, 2, 100, 100, 100, 100, 
100, 100, 100, 100, 100, 100, 100, 2500, 2500, 2500, 2500, 2500, 
2500, 2500, 2500, 2500, 2500, 2500, 7671.122, 8113.544, 8329.867, 
8274.613, 8501.08, 8809.17000000001, 9723.046, 11808.954, 12345.628, 
12775.195, 13295.94, 1, 1, 1, 1, 1, 1, 1, 1, 1, 1, 1, 0.025, 
0.025, 0.025, 0.025, 0.025, 0.025, 0.025, 0.025, 0.025, 0.025, 
0.025, 0, 0, 0, 0, 0, 0, 0, 0, 0, 0, 0, 0, 0, 0, 0, 0, 0, 0, 
0, 0, 0, 0, 0.26537, 0.2873, 0.29597, 0.29655, 0.30775, 0.33175, 
0.32194, 0.30892, 0.3279, 0.30576, 0.29317, 0.27013, 0.27348, 
0.28729, 0.32903, 0.32034, 0.30849, 0.30014, 0.3265, 0.3082, 
0.29239, 0.30305, 0.0615, 0.0696, 0.0776, 0.0855, 0.0962, 0.1007, 
0.1235, 0.1265, 0.1445, 0.1536, 0.1686, 160, 176, 192, 208, 224, 
240, 256, 272, 288, 303.9, 320, 1, 1, 1, 1, 1, 1, 1, 1, 1, 1, 
1, 1, 1, 1, 1, 1, 1, 1, 1, 1, 1, 1, 1, 1, 1, 1, 1, 1, 1, 1, 1, 
1, 1, 1, 1, 1, 1, 1, 1, 1, 1, 1, 1, 1, 3.118, 3.21, 3.285, 3.375, 
3.473, 3.379, 4.73, 4.452, 4.849, 4.915, 5.03), .Dim = c(11L, 
40L), .Dimnames = list(NULL, c("Sampling", "PSO.cost", "PSO.gamma", 
"PSO.data.balancing", "PSO.feature.selection", "PSO.valid.acc", 
"PSO.test.acc", "PSO.train.time", "PSO.n.support.vectors", "PSO.index", 
"PSO.n.solutions", "PSO.generations", "PSO.n.evaluations", "PSO.cpu.time", 
"RS.cost", "RS.gamma", "RS.data.balancing", "RS.feature.selection", 
"RS.valid.acc", "RS.test.acc", "RS.train.time", "RS.n.support.vectors", 
"RS.index", "RS.n.solutions", "RS.generations", "RS.n.evaluations", 
"RS.cpu.time", "DF.cost", "DF.gamma", "DF.data.balancing", "DF.feature.selection", 
"DF.valid.acc", "DF.test.acc", "DF.train.time", "DF.n.support.vectors", 
"DF.index", "DF.n.solutions", "DF.generations", "DF.n.evaluations", 
"DF.cpu.time")))
