full <-
structure(c(50, 55, 60, 65, 70, 75, 80, 85, 90, 95, 100, 5.63877, 
0.63791, 0.13485, 0.15353, 13.58036, 7.47436, 0.16756, 5.15099, 
3.12062, 0.96401, 5.51888, -4.99566, -5.2448, -6.58678, -4.55591, 
-3.97625, -4.13933, -6.40553, -13.16049, -9.76325, -5.52339, 
-12.17241, 0, 0, 0, 0, 0, 0, 0, 0, 0, 0, 0, 0, 0, 0, 0, 0, 0, 
0, 0, 0, 0, 0, 0.3597, 0.31523, 0.33295, 0.33202, 0.31192, 0.32094, 
0.32824, 0.31148, 0.32522, 0.32886, 0.31964, 0.33873, 0.31019, 
0.30487, 0.31555, 0.3085, 0.31762, 0.32464, 0.30278, 0.31133, 
0.3073, 0.31195, 0.062, 0.0717, 0.0759, 0.0886, 0.1016, 0.1107, 
0.1118, 0.1175, 0.1303, 0.1567, 0.1516, 160, 176, 191.6, 208, 
224, 240, 255.7, 270.9, 284.1, 304, 313.2, 14, 2487, 2236, 1260, 
259, 231, 744, 194, 242, 1210, 142, 1020, 1, 3, 101, 700, 1015, 
533, 14, 69, 44, 107, 100, 100, 100, 100, 100, 100, 100, 100, 
100, 100, 100, 2500, 2500, 2500, 2500, 2500, 2500, 2500, 2500, 
2500, 2500, 2500, 7897.039, 9993.901, 10270.169, 10512.731, 10777.772, 
11022.358, 11686.946, 11888.526, 12374.422, 12774.647, 12322.327, 
3.58686, 4.30324, 2.02357, 0.2638, 6.03344, 11.21563, -0.03175, 
-0.27273, 2.53405, 0.90737, 2.95462, -4.98933, -3.57847, -9.52175, 
-4.22217, -3.97774, -4.14681, -6.13782, -4.56521, -9.25369, -5.8843, 
-9.62687, 0, 0, 0, 0, 0, 0, 0, 0, 0, 0, 0, 0, 0, 0, 0, 0, 0, 
0, 0, 0, 0, 0, 0.3597, 0.30873, 0.3246, 0.32506, 0.31192, 0.32094, 
0.32199, 0.31466, 0.32522, 0.32068, 0.31958, 0.33873, 0.31284, 
0.31322, 0.31999, 0.3085, 0.31762, 0.33099, 0.30322, 0.31411, 
0.3258, 0.30945, 0.0644, 0.0737, 0.0728, 0.0892, 0.1017, 0.1119, 
0.1144, 0.1284, 0.129, 0.1533, 0.1512, 160, 176, 191.2, 208, 
224, 240, 255.7, 272, 284.2, 303.6, 313.9, 1289, 536, 270, 977, 
2426, 518, 1799, 1371, 463, 547, 622, 1, 10, 7, 1, 1, 4, 1, 1, 
4, 1, 1, 100, 100, 100, 100, 100, 100, 100, 100, 100, 100, 100, 
2500, 2500, 2500, 2500, 2500, 2500, 2500, 2500, 2500, 2500, 2500, 
8700.616, 10140.703, 10414, 10559.996, 10794.988, 11439.154, 
11995.37, 12305.84, 12707.641, 12737.874, 13363.026, 1, 1, 1, 
1, 1, 1, 1, 1, 1, 1, 1, 0.025, 0.025, 0.025, 0.025, 0.025, 0.025, 
0.025, 0.025, 0.025, 0.025, 0.025, 0, 0, 0, 0, 0, 0, 0, 0, 0, 
0, 0, 0, 0, 0, 0, 0, 0, 0, 0, 0, 0, 0, 0.31335, 0.29488, 0.31623, 
0.32116, 0.29073, 0.28732, 0.31876, 0.30002, 0.31109, 0.30286, 
0.28449, 0.32917, 0.32393, 0.31791, 0.31152, 0.29721, 0.3176, 
0.32161, 0.29699, 0.30599, 0.30299, 0.29984, 0.0646, 0.0735, 
0.0796, 0.0869, 0.0976, 0.1069, 0.1165, 0.1277, 0.1422, 0.1516, 
0.1624, 160, 176, 192, 208, 224, 240, 256, 272, 288, 304, 320, 
1, 1, 1, 1, 1, 1, 1, 1, 1, 1, 1, 1, 1, 1, 1, 1, 1, 1, 1, 1, 1, 
1, 1, 1, 1, 1, 1, 1, 1, 1, 1, 1, 1, 1, 1, 1, 1, 1, 1, 1, 1, 1, 
1, 1, 3.928, 4.176, 4.124, 4.114, 4.248, 4.573, 4.597, 4.775, 
4.959, 4.94, 4.847), .Dim = c(11L, 40L), .Dimnames = list(NULL, 
    c("Sampling", "PSO.cost", "PSO.gamma", "PSO.data.balancing", 
    "PSO.feature.selection", "PSO.valid.acc", "PSO.test.acc", 
    "PSO.train.time", "PSO.n.support.vectors", "PSO.index", "PSO.n.solutions", 
    "PSO.generations", "PSO.n.evaluations", "PSO.cpu.time", "RS.cost", 
    "RS.gamma", "RS.data.balancing", "RS.feature.selection", 
    "RS.valid.acc", "RS.test.acc", "RS.train.time", "RS.n.support.vectors", 
    "RS.index", "RS.n.solutions", "RS.generations", "RS.n.evaluations", 
    "RS.cpu.time", "DF.cost", "DF.gamma", "DF.data.balancing", 
    "DF.feature.selection", "DF.valid.acc", "DF.test.acc", "DF.train.time", 
    "DF.n.support.vectors", "DF.index", "DF.n.solutions", "DF.generations", 
    "DF.n.evaluations", "DF.cpu.time")))
