full <-
structure(c(50, 55, 60, 65, 70, 75, 80, 85, 90, 95, 100, 7.12825, 
10.48054, 1.55705, 0.53149, 3.49228, 0.2712, 5.05483, 0.89097, 
5.42961, 2.10689, 0.88809, -4.61621, -5.84467, -3.0447, -7.0569, 
-3.80632, -5.13626, -3.8119, -7.27384, -3.74851, -8.62639, -5.42134, 
0, 0, 0, 0, 0, 0, 0, 0, 0, 0, 0, 0, 0, 0, 0, 0, 0, 0, 0, 0, 0, 
0, 0.30665, 0.32649, 0.27955, 0.3187, 0.29379, 0.32751, 0.31275, 
0.33038, 0.3089, 0.31115, 0.31739, 0.25892, 0.30889, 0.25986, 
0.26867, 0.28995, 0.3105, 0.29096, 0.32223, 0.29485, 0.29463, 
0.29727, 0.0614, 0.0695, 0.0779, 0.0789, 0.0955, 0.1092, 0.1206, 
0.1184, 0.1482, 0.1441, 0.1673, 160, 175.9, 192, 207.8, 224, 
240, 256, 269.7, 288, 300.2, 319.8, 165, 387, 638, 570, 31, 2311, 
374, 1904, 217, 1613, 1435, 852, 710, 247, 216, 1053, 1, 601, 
2, 780, 19, 25, 100, 100, 100, 100, 100, 100, 100, 100, 100, 
100, 100, 2500, 2500, 2500, 2500, 2500, 2500, 2500, 2500, 2500, 
2500, 2500, 7668.069, 7876.321, 8270.643, 8272.971, 8644.09600000001, 
10073.883, 11738.482, 11842.957, 12318.134, 12348.343, 12375.298, 
11.30764, 7.31681, 0.47378, 0.59573, 5.09381, 0.20721, 1.14348, 
1.31665, 0.59523, 1.31723, 0.90329, -4.69568, -5.81009, -3.05546, 
-7.11123, -3.86399, -5.3112, -3.81361, -7.74643, -3.75459, -7.73688, 
-5.44725, 0, 0, 0, 0, 0, 0, 0, 0, 0, 0, 0, 0, 0, 0, 0, 0, 0, 
0, 0, 0, 0, 0, 0.30665, 0.32195, 0.27955, 0.3187, 0.29379, 0.32096, 
0.31275, 0.32753, 0.3089, 0.30837, 0.31482, 0.27392, 0.31365, 
0.25986, 0.26867, 0.29709, 0.32361, 0.29096, 0.30758, 0.29485, 
0.29463, 0.29727, 0.0628, 0.0704, 0.083, 0.0793, 0.0955, 0.1081, 
0.1278, 0.1197, 0.1502, 0.1389, 0.1658, 160, 175.9, 192, 207.8, 
224, 240, 256, 269.4, 288, 301.1, 319.8, 404, 303, 633, 1508, 
27, 2260, 326, 1763, 799, 521, 302, 8, 5, 4, 1, 13, 1, 3, 2, 
4, 1, 1, 100, 100, 100, 100, 100, 100, 100, 100, 100, 100, 100, 
2500, 2500, 2500, 2500, 2500, 2500, 2500, 2500, 2500, 2500, 2500, 
7720.742, 7912.809, 8188.475, 8413.641, 8680.084, 11277.025, 
11832.21, 12112.712, 12515.286, 12567.727, 12936.832, 1, 1, 1, 
1, 1, 1, 1, 1, 1, 1, 1, 0.025, 0.025, 0.025, 0.025, 0.025, 0.025, 
0.025, 0.025, 0.025, 0.025, 0.025, 0, 0, 0, 0, 0, 0, 0, 0, 0, 
0, 0, 0, 0, 0, 0, 0, 0, 0, 0, 0, 0, 0, 0.27607, 0.28069, 0.22161, 
0.2883, 0.28535, 0.30738, 0.28384, 0.31063, 0.28883, 0.3004, 
0.29707, 0.26296, 0.29875, 0.23771, 0.26943, 0.28598, 0.32993, 
0.27912, 0.31054, 0.29755, 0.27056, 0.30483, 0.0618, 0.0693, 
0.0774, 0.0822, 0.097, 0.1095, 0.121, 0.1264, 0.1466, 0.152, 
0.166, 160, 176, 192, 208, 224, 240, 256, 272, 288, 304, 319.9, 
1, 1, 1, 1, 1, 1, 1, 1, 1, 1, 1, 1, 1, 1, 1, 1, 1, 1, 1, 1, 1, 
1, 1, 1, 1, 1, 1, 1, 1, 1, 1, 1, 1, 1, 1, 1, 1, 1, 1, 1, 1, 1, 
1, 1, 3.076, 3.135, 3.277, 3.147, 3.583, 4.458, 4.671, 4.437, 
5.006, 4.843, 5.01), .Dim = c(11L, 40L), .Dimnames = list(NULL, 
    c("Sampling", "PSO.cost", "PSO.gamma", "PSO.data.balancing", 
    "PSO.feature.selection", "PSO.valid.acc", "PSO.test.acc", 
    "PSO.train.time", "PSO.n.support.vectors", "PSO.index", "PSO.n.solutions", 
    "PSO.generations", "PSO.n.evaluations", "PSO.cpu.time", "RS.cost", 
    "RS.gamma", "RS.data.balancing", "RS.feature.selection", 
    "RS.valid.acc", "RS.test.acc", "RS.train.time", "RS.n.support.vectors", 
    "RS.index", "RS.n.solutions", "RS.generations", "RS.n.evaluations", 
    "RS.cpu.time", "DF.cost", "DF.gamma", "DF.data.balancing", 
    "DF.feature.selection", "DF.valid.acc", "DF.test.acc", "DF.train.time", 
    "DF.n.support.vectors", "DF.index", "DF.n.solutions", "DF.generations", 
    "DF.n.evaluations", "DF.cpu.time")))
