full <-
structure(c(50, 55, 60, 65, 70, 75, 80, 85, 90, 95, 100, 3.83324, 
3.33579, 11.11905, 7.92358, 0.40385, 4.90257, 4.38329, 1.3801, 
6.85318, 0.77626, 0.42644, -3.78353, -10.68333, -3.84593, -14.67348, 
-7.68794, -11.34808, -11.53239, -7.5839, -13.79963, -7.44776, 
-4.09594, 0, 0, 0, 0, 0, 0, 0, 0, 0, 0, 0, 0, 0, 0, 0, 0, 0, 
0, 0, 0, 0, 0, 0.27072, 0.29258, 0.27606, 0.30472, 0.2894, 0.31427, 
0.30089, 0.34193, 0.306, 0.33186, 0.3231, 0.25046, 0.29298, 0.26784, 
0.30036, 0.25039, 0.287, 0.28494, 0.30956, 0.28895, 0.30761, 
0.29046, 0.0653, 0.0649, 0.0788, 0.0805, 0.0904, 0.0997, 0.1078, 
0.118, 0.129, 0.1433, 0.1666, 160, 175.4, 192, 206.6, 223.6, 
237.4, 254.3, 270.5, 284, 302.1, 320, 754, 261, 155, 204, 704, 
25, 598, 836, 975, 319, 2159, 91, 135, 74, 153, 161, 120, 42, 
76, 11, 39, 7, 100, 100, 100, 100, 100, 100, 100, 100, 100, 100, 
100, 2500, 2500, 2500, 2500, 2500, 2500, 2500, 2500, 2500, 2500, 
2500, 8043.336, 8078.025, 8516.237, 8571.348, 8852.40399999999, 
9246.882, 9402.98699999999, 9834.84300000001, 10129.718, 10245.585, 
11081.986, 5.48815, 4.29953, 1.58667, 8.1897, 5.25913, 7.27384, 
2.89614, 2.759, 2.20164, 1.33381, 7.89151, -12.98761, -11.68115, 
-8.39437, -14.97125, -12.97441, -13.73202, -9.97559, -9.2524, 
-8.9385, -8.04307, -4.09558, 0, 0, 0, 0, 0, 0, 0, 0, 0, 0, 0, 
0, 0, 0, 0, 0, 0, 0, 0, 0, 0, 0, 0.26647, 0.29258, 0.27886, 0.30472, 
0.28606, 0.31427, 0.30089, 0.34176, 0.306, 0.32923, 0.32054, 
0.24156, 0.29298, 0.27553, 0.30036, 0.25039, 0.287, 0.28494, 
0.3183, 0.28354, 0.31052, 0.29046, 0.0584, 0.0654, 0.0743, 0.0788, 
0.0909, 0.099, 0.1062, 0.1195, 0.1288, 0.1414, 0.1681, 159.3, 
175.4, 191, 206.7, 223.2, 237.4, 254.3, 269.3, 284.4, 301.2, 
320, 766, 865, 1361, 713, 620, 20, 1025, 1626, 590, 850, 396, 
4, 4, 1, 4, 11, 11, 2, 1, 1, 1, 3, 100, 100, 100, 100, 100, 100, 
100, 100, 100, 100, 100, 2500, 2500, 2500, 2500, 2500, 2500, 
2500, 2500, 2500, 2500, 2500, 8055.557, 8209.188, 8585.677, 8821.14199999999, 
9106.96299999999, 9468.618, 9694.058, 10342.312, 10567.533, 10904.735, 
11375.523, 1, 1, 1, 1, 1, 1, 1, 1, 1, 1, 1, 0.025, 0.025, 0.025, 
0.025, 0.025, 0.025, 0.025, 0.025, 0.025, 0.025, 0.025, 0, 0, 
0, 0, 0, 0, 0, 0, 0, 0, 0, 0, 0, 0, 0, 0, 0, 0, 0, 0, 0, 0, 0.26187, 
0.27792, 0.26282, 0.28918, 0.2674, 0.29379, 0.29393, 0.31267, 
0.2833, 0.30773, 0.30336, 0.24156, 0.28784, 0.25886, 0.2825, 
0.23659, 0.27708, 0.30011, 0.30081, 0.27497, 0.2943, 0.2886, 
0.0588, 0.0684, 0.0772, 0.0844, 0.0954, 0.1066, 0.116, 0.1264, 
0.1419, 0.1524, 0.1617, 160, 176, 192, 208, 224, 240, 255.9, 
272, 288, 304, 319.8, 1, 1, 1, 1, 1, 1, 1, 1, 1, 1, 1, 1, 1, 
1, 1, 1, 1, 1, 1, 1, 1, 1, 1, 1, 1, 1, 1, 1, 1, 1, 1, 1, 1, 1, 
1, 1, 1, 1, 1, 1, 1, 1, 1, 1, 3.04, 3.277, 3.392, 3.367, 3.625, 
3.741, 3.837, 3.867, 4.149, 4.142, 4.326), .Dim = c(11L, 40L), .Dimnames = list(
    NULL, c("Sampling", "PSO.cost", "PSO.gamma", "PSO.data.balancing", 
    "PSO.feature.selection", "PSO.valid.acc", "PSO.test.acc", 
    "PSO.train.time", "PSO.n.support.vectors", "PSO.index", "PSO.n.solutions", 
    "PSO.generations", "PSO.n.evaluations", "PSO.cpu.time", "RS.cost", 
    "RS.gamma", "RS.data.balancing", "RS.feature.selection", 
    "RS.valid.acc", "RS.test.acc", "RS.train.time", "RS.n.support.vectors", 
    "RS.index", "RS.n.solutions", "RS.generations", "RS.n.evaluations", 
    "RS.cpu.time", "DF.cost", "DF.gamma", "DF.data.balancing", 
    "DF.feature.selection", "DF.valid.acc", "DF.test.acc", "DF.train.time", 
    "DF.n.support.vectors", "DF.index", "DF.n.solutions", "DF.generations", 
    "DF.n.evaluations", "DF.cpu.time")))
