full <-
structure(c(50, 55, 60, 65, 70, 75, 80, 85, 90, 95, 100, 0.86424, 
4.06974, 5.76037, 7.1776, 4.7851, 7.94855, 1.06655, -0.30602, 
3.15281, -0.00115, 0.67003, -5.92414, -4.50654, -13.25389, -3.7422, 
-4.16487, -14.44899, -7.63191, -4.52058, -9.61627, -5.92161, 
-4.28973, 0, 0, 0, 0, 0, 0, 0, 0, 0, 0, 0, 0, 0, 0, 0, 0, 0, 
0, 0, 0, 0, 0, 0.33085, 0.32155, 0.30425, 0.3002, 0.29274, 0.30109, 
0.32587, 0.31461, 0.32785, 0.3468, 0.32781, 0.30062, 0.31752, 
0.27869, 0.2774, 0.27182, 0.30004, 0.29801, 0.29087, 0.30023, 
0.33647, 0.31528, 0.0629, 0.0699, 0.0681, 0.0859, 0.0943, 0.0942, 
0.1073, 0.127, 0.1299, 0.1446, 0.1656, 159.6, 176, 190.4, 208, 
224, 236.8, 254, 272, 282.9, 303.3, 320, 970, 2, 1341, 443, 159, 
63, 1729, 1556, 316, 1233, 1153, 14, 1199, 4, 353, 844, 25, 16, 
30, 56, 271, 27, 100, 100, 100, 100, 100, 100, 100, 100, 100, 
100, 100, 2500, 2500, 2500, 2500, 2500, 2500, 2500, 2500, 2500, 
2500, 2500, 7699.512, 7943.802, 8069.807, 8355.22, 8530.22500000001, 
8663.026, 9294.446, 9664.97500000001, 9629.19099999999, 9797.03699999998, 
10522.86, 13.45142, 8.23259, 0.89112, 10.5536, -0.33569, 4.04729, 
0.66278, -0.07158, 4.48899, 0.17169, 12.61484, -4.12682, -4.54382, 
-7.22329, -3.73507, -4.73858, -10.46845, -7.09413, -4.18362, 
-12.21621, -6.15706, -4.28591, 0, 0, 0, 0, 0, 0, 0, 0, 0, 0, 
0, 0, 0, 0, 0, 0, 0, 0, 0, 0, 0, 0, 0.31972, 0.32155, 0.30319, 
0.3002, 0.29288, 0.30109, 0.32274, 0.30847, 0.32548, 0.34146, 
0.32268, 0.31038, 0.30821, 0.30445, 0.2774, 0.2861, 0.29682, 
0.29801, 0.28784, 0.30649, 0.33397, 0.31528, 0.064, 0.0715, 0.0723, 
0.0895, 0.0942, 0.0944, 0.1044, 0.1275, 0.1221, 0.1429, 0.1665, 
160, 176, 190.5, 208, 224, 236.9, 254.6, 272, 285.7, 302.9, 320, 
31, 324, 1731, 1414, 25, 19, 2158, 13, 2, 2120, 265, 9, 12, 1, 
2, 1, 3, 1, 1, 9, 1, 7, 100, 100, 100, 100, 100, 100, 100, 100, 
100, 100, 100, 2500, 2500, 2500, 2500, 2500, 2500, 2500, 2500, 
2500, 2500, 2500, 7767.965, 7953.745, 8240.108, 8477.317, 8688.917, 
8976.84300000001, 9547.05099999999, 9772.60299999999, 9953.01199999999, 
10251.139, 10935.16, 1, 1, 1, 1, 1, 1, 1, 1, 1, 1, 1, 0.025, 
0.025, 0.025, 0.025, 0.025, 0.025, 0.025, 0.025, 0.025, 0.025, 
0.025, 0, 0, 0, 0, 0, 0, 0, 0, 0, 0, 0, 0, 0, 0, 0, 0, 0, 0, 
0, 0, 0, 0, 0.31316, 0.28915, 0.29591, 0.27309, 0.27117, 0.28034, 
0.31354, 0.29002, 0.30323, 0.33113, 0.30779, 0.27992, 0.29415, 
0.3128, 0.2768, 0.26057, 0.28968, 0.31648, 0.29936, 0.31151, 
0.32081, 0.31298, 0.06, 0.067, 0.0755, 0.0868, 0.0929, 0.102, 
0.1168, 0.1226, 0.1344, 0.1473, 0.1623, 160, 176, 192, 208, 224, 
240, 256, 271.8, 288, 304, 320, 1, 1, 1, 1, 1, 1, 1, 1, 1, 1, 
1, 1, 1, 1, 1, 1, 1, 1, 1, 1, 1, 1, 1, 1, 1, 1, 1, 1, 1, 1, 1, 
1, 1, 1, 1, 1, 1, 1, 1, 1, 1, 1, 1, 1, 3.004, 3.097, 3.166, 3.461, 
3.412, 3.617, 3.761, 3.618, 3.813, 3.905, 4.243), .Dim = c(11L, 
40L), .Dimnames = list(NULL, c("Sampling", "PSO.cost", "PSO.gamma", 
"PSO.data.balancing", "PSO.feature.selection", "PSO.valid.acc", 
"PSO.test.acc", "PSO.train.time", "PSO.n.support.vectors", "PSO.index", 
"PSO.n.solutions", "PSO.generations", "PSO.n.evaluations", "PSO.cpu.time", 
"RS.cost", "RS.gamma", "RS.data.balancing", "RS.feature.selection", 
"RS.valid.acc", "RS.test.acc", "RS.train.time", "RS.n.support.vectors", 
"RS.index", "RS.n.solutions", "RS.generations", "RS.n.evaluations", 
"RS.cpu.time", "DF.cost", "DF.gamma", "DF.data.balancing", "DF.feature.selection", 
"DF.valid.acc", "DF.test.acc", "DF.train.time", "DF.n.support.vectors", 
"DF.index", "DF.n.solutions", "DF.generations", "DF.n.evaluations", 
"DF.cpu.time")))
