full <-
structure(c(50, 55, 60, 65, 70, 75, 80, 85, 90, 95, 100, 1.42803, 
10.09886, 7.81333, 0.7055, 2.82209, -0.10523, 4.29049, 0.21349, 
3.12985, 2.90788, 9.18478, -7.10734, -4.08184, -3.70554, -5.03112, 
-4.54377, -6.35689, -11.92966, -3.80495, -11.09647, -10.95275, 
-4.47465, 0, 0, 0, 0, 0, 0, 0, 0, 0, 0, 0, 0, 0, 0, 0, 0, 0, 
0, 0, 0, 0, 0, 0.32728, 0.30807, 0.29597, 0.32938, 0.29245, 0.29058, 
0.28835, 0.29628, 0.31125, 0.31328, 0.30812, 0.29672, 0.28381, 
0.28311, 0.26592, 0.27947, 0.284, 0.28177, 0.29064, 0.2837, 0.30808, 
0.29342, 0.0575, 0.0701, 0.0803, 0.0854, 0.0975, 0.1011, 0.1039, 
0.1261, 0.1229, 0.133, 0.1645, 159.2, 176, 192, 208, 224, 239.6, 
253.8, 272, 285.2, 301.6, 320, 279, 373, 45, 1577, 1922, 559, 
176, 2395, 2033, 787, 245, 258, 950, 426, 16, 28, 65, 52, 1, 
15, 44, 492, 100, 100, 100, 100, 100, 100, 100, 100, 100, 100, 
100, 2500, 2500, 2500, 2500, 2500, 2500, 2500, 2500, 2500, 2500, 
2500, 7664.864, 7927.608, 8432.334, 8466.481, 8812.72100000001, 
9124.724, 8874.43800000001, 9258.70300000001, 9344.864, 9728.326, 
10422.285, 1.38939, 6.9429, 3.09783, 0.70021, 9.82061, 0.26626, 
0.94688, 3.36778, 1.55442, 6.8635, 4.04552, -6.96114, -4.07906, 
-3.70998, -5.52525, -4.55188, -4.1951, -8.2622, -3.79379, -9.43895, 
-14.96692, -11.58566, 0, 0, 0, 0, 0, 0, 0, 0, 0, 0, 0, 0, 0, 
0, 0, 0, 0, 0, 0, 0, 0, 0, 0.31726, 0.30807, 0.29597, 0.32128, 
0.29245, 0.28758, 0.28835, 0.29325, 0.30847, 0.31328, 0.3083, 
0.29122, 0.28381, 0.28311, 0.28119, 0.27947, 0.28044, 0.27562, 
0.28761, 0.2837, 0.30545, 0.30105, 0.0579, 0.0677, 0.0803, 0.0859, 
0.0988, 0.1027, 0.1038, 0.1274, 0.1229, 0.1337, 0.1468, 159.2, 
176, 192, 208, 224, 240, 254.1, 272, 285.3, 301.5, 315.9, 2423, 
92, 1734, 2061, 431, 1573, 1775, 1395, 345, 2329, 690, 1, 1, 
1, 1, 3, 1, 1, 3, 4, 2, 3, 100, 100, 100, 100, 100, 100, 100, 
100, 100, 100, 100, 2500, 2500, 2500, 2500, 2500, 2500, 2500, 
2500, 2500, 2500, 2500, 7776.162, 7885.928, 8422.585, 8630.454, 
8988.321, 8944.902, 9135.34599999999, 9452.14900000002, 9823.709, 
10298.691, 10751.098, 1, 1, 1, 1, 1, 1, 1, 1, 1, 1, 1, 0.025, 
0.025, 0.025, 0.025, 0.025, 0.025, 0.025, 0.025, 0.025, 0.025, 
0.025, 0, 0, 0, 0, 0, 0, 0, 0, 0, 0, 0, 0, 0, 0, 0, 0, 0, 0, 
0, 0, 0, 0, 0.30119, 0.2589, 0.28177, 0.29439, 0.26039, 0.27722, 
0.27856, 0.25474, 0.28377, 0.28379, 0.29323, 0.27112, 0.26198, 
0.27372, 0.26639, 0.26463, 0.27731, 0.26928, 0.27257, 0.27019, 
0.29983, 0.30111, 0.0585, 0.0684, 0.0772, 0.0858, 0.0931, 0.1017, 
0.1107, 0.1227, 0.1346, 0.1474, 0.16, 160, 176, 192, 208, 224, 
240, 256, 272, 288, 304, 320, 1, 1, 1, 1, 1, 1, 1, 1, 1, 1, 1, 
1, 1, 1, 1, 1, 1, 1, 1, 1, 1, 1, 1, 1, 1, 1, 1, 1, 1, 1, 1, 1, 
1, 1, 1, 1, 1, 1, 1, 1, 1, 1, 1, 1, 2.944, 3.254, 3.361, 3.406, 
3.397, 3.489, 3.477, 3.677, 3.786, 3.896, 4.075), .Dim = c(11L, 
40L), .Dimnames = list(NULL, c("Sampling", "PSO.cost", "PSO.gamma", 
"PSO.data.balancing", "PSO.feature.selection", "PSO.valid.acc", 
"PSO.test.acc", "PSO.train.time", "PSO.n.support.vectors", "PSO.index", 
"PSO.n.solutions", "PSO.generations", "PSO.n.evaluations", "PSO.cpu.time", 
"RS.cost", "RS.gamma", "RS.data.balancing", "RS.feature.selection", 
"RS.valid.acc", "RS.test.acc", "RS.train.time", "RS.n.support.vectors", 
"RS.index", "RS.n.solutions", "RS.generations", "RS.n.evaluations", 
"RS.cpu.time", "DF.cost", "DF.gamma", "DF.data.balancing", "DF.feature.selection", 
"DF.valid.acc", "DF.test.acc", "DF.train.time", "DF.n.support.vectors", 
"DF.index", "DF.n.solutions", "DF.generations", "DF.n.evaluations", 
"DF.cpu.time")))
