full <-
structure(c(50, 55, 60, 65, 70, 75, 80, 85, 90, 95, 100, 0.31685, 
2.76204, 7.73747, 8.05899, 6.58553, 2.25772, 1.44383, 6.96805, 
2.28715, 1.08439, 2.29608, -7.38419, -9.37774, -15, -15, -13.46076, 
-9.16322, -8.98956, -13.88834, -9.84897, -8.69612, -8.71382, 
0, 0, 0, 0, 0, 0, 0, 0, 0, 0, 0, 0, 0, 0, 0, 0, 0, 0, 0, 0, 0, 
0, 0.32444, 0.35041, 0.32178, 0.32734, 0.33913, 0.33334, 0.34669, 
0.3269, 0.34179, 0.31941, 0.3176, 0.30595, 0.31422, 0.32113, 
0.3157, 0.3063, 0.32988, 0.33125, 0.3211, 0.31947, 0.30631, 0.28995, 
0.0584, 0.0625, 0.0696, 0.0775, 0.0877, 0.0949, 0.1045, 0.1132, 
0.1299, 0.1438, 0.152, 158.9, 173.1, 189.9, 205.2, 220, 237.4, 
253.1, 266.9, 284.8, 300.9, 314.6, 870, 276, 214, 144, 1043, 
583, 1645, 630, 177, 990, 1174, 56, 108, 66, 112, 9, 119, 14, 
108, 94, 24, 43, 100, 100, 100, 100, 100, 100, 100, 100, 100, 
100, 100, 2500, 2500, 2500, 2500, 2500, 2500, 2500, 2500, 2500, 
2500, 2500, 7571.137, 7790.441, 7987.266, 8211.025, 8402.95400000001, 
8626.999, 8860.254, 9134.754, 11764.672, 12205.409, 12656.437, 
2.60828, 2.47862, 1.33518, 7.456, 4.69311, 0.89461, 7.16001, 
7.1347, 7.0873, 0.29256, 1.70216, -9.98531, -9.07456, -8.29355, 
-14.41433, -11.55591, -7.96659, -14.91869, -14.06807, -14.73937, 
-7.7488, -7.62566, 0, 0, 0, 0, 0, 0, 0, 0, 0, 0, 0, 0, 0, 0, 
0, 0, 0, 0, 0, 0, 0, 0, 0.31548, 0.35041, 0.32178, 0.32734, 0.33543, 
0.33032, 0.34347, 0.3269, 0.34179, 0.31928, 0.31267, 0.30516, 
0.31422, 0.32129, 0.3157, 0.3063, 0.32374, 0.33125, 0.31807, 
0.32225, 0.30341, 0.29495, 0.0562, 0.0648, 0.0705, 0.0773, 0.0847, 
0.0948, 0.1049, 0.1198, 0.1309, 0.1366, 0.1539, 157.4, 173.1, 
190.4, 205.2, 220, 238.1, 252.7, 267, 284.8, 301.7, 315.6, 1087, 
458, 143, 318, 979, 1369, 585, 458, 2445, 715, 2153, 5, 7, 5, 
4, 2, 1, 3, 3, 1, 2, 1, 100, 100, 100, 100, 100, 100, 100, 100, 
100, 100, 100, 2500, 2500, 2500, 2500, 2500, 2500, 2500, 2500, 
2500, 2500, 2500, 7639.225, 7815.457, 8160.289, 8343.399, 8605.359, 
8917.459, 9235.497, 11845.722, 12219.766, 12668.635, 12958.299, 
1, 1, 1, 1, 1, 1, 1, 1, 1, 1, 1, 0.025, 0.025, 0.025, 0.025, 
0.025, 0.025, 0.025, 0.025, 0.025, 0.025, 0.025, 0, 0, 0, 0, 
0, 0, 0, 0, 0, 0, 0, 0, 0, 0, 0, 0, 0, 0, 0, 0, 0, 0, 0.31048, 
0.32725, 0.30961, 0.3121, 0.29877, 0.32387, 0.29988, 0.30319, 
0.31685, 0.29564, 0.28476, 0.29516, 0.31358, 0.31713, 0.31915, 
0.29901, 0.3105, 0.31571, 0.31783, 0.32517, 0.29293, 0.28483, 
0.0587, 0.0664, 0.074, 0.0839, 0.0919, 0.1036, 0.1142, 0.129, 
0.1359, 0.1589, 0.1631, 160, 176, 192, 208, 224, 240, 256, 271.9, 
288, 304, 320, 1, 1, 1, 1, 1, 1, 1, 1, 1, 1, 1, 1, 1, 1, 1, 1, 
1, 1, 1, 1, 1, 1, 1, 1, 1, 1, 1, 1, 1, 1, 1, 1, 1, 1, 1, 1, 1, 
1, 1, 1, 1, 1, 1, 1, 2.958, 3.06, 3.172, 3.332, 3.315, 3.493, 
3.631, 4.669, 4.511, 5.153, 4.13), .Dim = c(11L, 40L), .Dimnames = list(
    NULL, c("Sampling", "PSO.cost", "PSO.gamma", "PSO.data.balancing", 
    "PSO.feature.selection", "PSO.valid.acc", "PSO.test.acc", 
    "PSO.train.time", "PSO.n.support.vectors", "PSO.index", "PSO.n.solutions", 
    "PSO.generations", "PSO.n.evaluations", "PSO.cpu.time", "RS.cost", 
    "RS.gamma", "RS.data.balancing", "RS.feature.selection", 
    "RS.valid.acc", "RS.test.acc", "RS.train.time", "RS.n.support.vectors", 
    "RS.index", "RS.n.solutions", "RS.generations", "RS.n.evaluations", 
    "RS.cpu.time", "DF.cost", "DF.gamma", "DF.data.balancing", 
    "DF.feature.selection", "DF.valid.acc", "DF.test.acc", "DF.train.time", 
    "DF.n.support.vectors", "DF.index", "DF.n.solutions", "DF.generations", 
    "DF.n.evaluations", "DF.cpu.time")))
