full <-
structure(c(50, 55, 60, 65, 70, 75, 80, 85, 90, 95, 100, 1, 0.50599, 
1.25259, 3.26394, 0.89963, 2.08827, 4.33754, 1.04505, 3.58417, 
-0.12889, -0.31658, 0.025, -5.41395, -7.48074, -10.70001, -7.31357, 
-8.99373, -11.31158, -7.49282, -3.9888, -6.81662, -5.13371, 0, 
0, 0, 0, 0, 0, 0, 0, 0, 0, 0, 0, 0, 0, 0, 0, 0, 0, 0, 0, 0, 0, 
0.33476, 0.3196, 0.31348, 0.2958, 0.31653, 0.31693, 0.32187, 
0.34466, 0.33113, 0.33382, 0.31595, 0.30995, 0.31712, 0.2679, 
0.2918, 0.29664, 0.29427, 0.31883, 0.33254, 0.30881, 0.30001, 
0.31144, 0.0655, 0.0699, 0.0697, 0.0778, 0.0911, 0.0939, 0.102, 
0.1165, 0.1424, 0.1391, 0.1598, 160, 176, 191.5, 206.8, 223.7, 
237.2, 252.9, 270.2, 288, 302.5, 320, 1, 2440, 325, 784, 342, 
1964, 280, 776, 1125, 1417, 1056, 39, 1, 64, 10, 33, 2, 73, 86, 
34, 42, 70, 100, 100, 100, 100, 100, 100, 100, 100, 100, 100, 
100, 2500, 2500, 2500, 2500, 2500, 2500, 2500, 2500, 2500, 2500, 
2500, 7598.648, 7952.047, 7966.405, 8370.561, 8486.80500000001, 
8631.03300000001, 8780.091, 9237.705, 10068.611, 10366.46, 10895.167, 
0.02517, 0.52698, 1.63742, 7.52726, 0.15265, 4.53403, 7.77477, 
1.20525, 5.36776, 2.71347, 10.11861, -5.23708, -5.57403, -7.98066, 
-14.9912, -5.45375, -11.6079, -14.82447, -7.70354, -3.99101, 
-10.20698, -4.18556, 0, 0, 0, 0, 0, 0, 0, 0, 0, 0, 0, 0, 0, 0, 
0, 0, 0, 0, 0, 0, 0, 0, 0.33476, 0.31506, 0.31348, 0.29566, 0.32244, 
0.31348, 0.32187, 0.34163, 0.33113, 0.33125, 0.31283, 0.30995, 
0.31712, 0.27225, 0.29537, 0.29018, 0.29741, 0.3157, 0.32951, 
0.30881, 0.31304, 0.30581, 0.0597, 0.0659, 0.0707, 0.0772, 0.0911, 
0.0985, 0.1033, 0.1168, 0.1431, 0.1368, 0.1649, 160, 176, 191.1, 
206.5, 224, 237.1, 252.9, 269.8, 288, 299.2, 320, 651, 655, 179, 
1432, 2218, 540, 71, 313, 38, 233, 239, 1, 1, 3, 1, 1, 2, 1, 
1, 1, 2, 3, 100, 100, 100, 100, 100, 100, 100, 100, 100, 100, 
100, 2500, 2500, 2500, 2500, 2500, 2500, 2500, 2500, 2500, 2500, 
2500, 7681.265, 7846.967, 8164.451, 8397.411, 8701.74000000001, 
8930.14300000001, 9152.95300000001, 10073.866, 10490.194, 10866.925, 
11248.154, 1, 1, 1, 1, 1, 1, 1, 1, 1, 1, 1, 0.025, 0.025, 0.025, 
0.025, 0.025, 0.025, 0.025, 0.025, 0.025, 0.025, 0.025, 0, 0, 
0, 0, 0, 0, 0, 0, 0, 0, 0, 0, 0, 0, 0, 0, 0, 0, 0, 0, 0, 0, 0.33476, 
0.29077, 0.29265, 0.27222, 0.30858, 0.29677, 0.29989, 0.32639, 
0.3167, 0.31844, 0.29317, 0.30995, 0.29135, 0.28482, 0.28443, 
0.29756, 0.28782, 0.30034, 0.31446, 0.31953, 0.31027, 0.3087, 
0.0618, 0.0688, 0.0792, 0.0865, 0.0969, 0.1057, 0.1107, 0.124, 
0.1357, 0.1473, 0.1609, 160, 176, 192, 208, 224, 240, 256, 271.9, 
287.9, 304, 319.9, 1, 1, 1, 1, 1, 1, 1, 1, 1, 1, 1, 1, 1, 1, 
1, 1, 1, 1, 1, 1, 1, 1, 1, 1, 1, 1, 1, 1, 1, 1, 1, 1, 1, 1, 1, 
1, 1, 1, 1, 1, 1, 1, 1, 1, 3.056, 3.132, 3.348, 3.411, 3.475, 
3.434, 3.392, 3.912, 4.056, 4.154, 4.343), .Dim = c(11L, 40L), .Dimnames = list(
    NULL, c("Sampling", "PSO.cost", "PSO.gamma", "PSO.data.balancing", 
    "PSO.feature.selection", "PSO.valid.acc", "PSO.test.acc", 
    "PSO.train.time", "PSO.n.support.vectors", "PSO.index", "PSO.n.solutions", 
    "PSO.generations", "PSO.n.evaluations", "PSO.cpu.time", "RS.cost", 
    "RS.gamma", "RS.data.balancing", "RS.feature.selection", 
    "RS.valid.acc", "RS.test.acc", "RS.train.time", "RS.n.support.vectors", 
    "RS.index", "RS.n.solutions", "RS.generations", "RS.n.evaluations", 
    "RS.cpu.time", "DF.cost", "DF.gamma", "DF.data.balancing", 
    "DF.feature.selection", "DF.valid.acc", "DF.test.acc", "DF.train.time", 
    "DF.n.support.vectors", "DF.index", "DF.n.solutions", "DF.generations", 
    "DF.n.evaluations", "DF.cpu.time")))
