full <-
structure(c(50, 55, 60, 65, 70, 75, 80, 85, 90, 95, 100, 0.58265, 
2.99805, 1.71638, 1.07894, 5.35549, 7.59945, 4.07169, 1.29558, 
2.6401, 0.55547, 1.93922, -8.20385, -10.75908, -8.75267, -8.82391, 
-12.60869, -14.07735, -10.89433, -6.25617, -9.65154, -8.19299, 
-7.29888, 0, 0, 0, 0, 0, 0, 0, 0, 0, 0, 0, 0, 0, 0, 0, 0, 0, 
0, 0, 0, 0, 0, 0.30084, 0.32727, 0.3258, 0.34542, 0.34127, 0.31993, 
0.32473, 0.3144, 0.32469, 0.32152, 0.32304, 0.27766, 0.30925, 
0.31431, 0.32664, 0.30862, 0.31007, 0.31534, 0.3207, 0.30848, 
0.30807, 0.31004, 0.0593, 0.0652, 0.0754, 0.0835, 0.0906, 0.0982, 
0.1061, 0.1241, 0.1263, 0.1379, 0.1516, 160, 175.4, 190.4, 207, 
222.4, 235.7, 253.3, 271.5, 284.8, 302.8, 315.6, 68, 120, 851, 
231, 162, 317, 673, 1171, 150, 829, 762, 114, 128, 38, 88, 42, 
174, 89, 155, 30, 57, 81, 100, 100, 100, 100, 100, 100, 100, 
100, 100, 100, 100, 2500, 2500, 2500, 2500, 2500, 2500, 2500, 
2500, 2500, 2500, 2500, 7751.797, 8017.461, 8512.852, 8677.671, 
8960.211, 9350.026, 9357.88299999999, 9957.72300000001, 10448.82, 
10780.637, 10791.974, 5.60693, 2.68267, 4.2488, 4.57094, 0.78124, 
3.62821, 2.63544, 1.23203, 14.18911, 5.66113, 1.76658, -13.62344, 
-10.42802, -11.58648, -12.50094, -7.38275, -10.04942, -9.36037, 
-6.1425, -3.78354, -13.58771, -7.01335, 0, 0, 0, 0, 0, 0, 0, 
0, 0, 0, 0, 0, 0, 0, 0, 0, 0, 0, 0, 0, 0, 0, 0.30084, 0.32727, 
0.32545, 0.34542, 0.33782, 0.31993, 0.32473, 0.31137, 0.32238, 
0.32152, 0.32041, 0.27766, 0.30925, 0.31796, 0.32664, 0.30517, 
0.31341, 0.31212, 0.3207, 0.31959, 0.30814, 0.31486, 0.0586, 
0.0648, 0.0745, 0.0829, 0.0909, 0.0982, 0.1077, 0.1259, 0.1433, 
0.1339, 0.1516, 160, 175.5, 190.6, 206.7, 222.8, 236.5, 253.7, 
271.6, 288, 302, 316.2, 858, 1522, 1256, 872, 2304, 180, 1696, 
2417, 750, 1666, 780, 2, 4, 2, 5, 1, 11, 1, 1, 4, 1, 1, 100, 
100, 100, 100, 100, 100, 100, 100, 100, 100, 100, 2500, 2500, 
2500, 2500, 2500, 2500, 2500, 2500, 2500, 2500, 2500, 7864.614, 
8224.604, 8700.078, 8893.13300000001, 9237.65700000001, 9532.761, 
9808.00899999999, 10461.325, 10854.082, 11122.798, 11461.911, 
1, 1, 1, 1, 1, 1, 1, 1, 1, 1, 1, 0.025, 0.025, 0.025, 0.025, 
0.025, 0.025, 0.025, 0.025, 0.025, 0.025, 0.025, 0, 0, 0, 0, 
0, 0, 0, 0, 0, 0, 0, 0, 0, 0, 0, 0, 0, 0, 0, 0, 0, 0, 0.27185, 
0.29502, 0.30077, 0.31462, 0.31653, 0.29655, 0.29698, 0.29891, 
0.30561, 0.31377, 0.29491, 0.29084, 0.29065, 0.30963, 0.31787, 
0.29849, 0.32404, 0.32462, 0.30253, 0.30268, 0.31903, 0.29484, 
0.0628, 0.0704, 0.0808, 0.0889, 0.0978, 0.108, 0.1139, 0.1264, 
0.1376, 0.1477, 0.1596, 160, 176, 192, 208, 224, 240, 256, 272, 
288, 303.9, 319.8, 1, 1, 1, 1, 1, 1, 1, 1, 1, 1, 1, 1, 1, 1, 
1, 1, 1, 1, 1, 1, 1, 1, 1, 1, 1, 1, 1, 1, 1, 1, 1, 1, 1, 1, 1, 
1, 1, 1, 1, 1, 1, 1, 1, 1, 3.159, 3.292, 3.442, 3.526, 3.659, 
3.784, 3.878, 4.077, 4.199, 4.28, 4.41), .Dim = c(11L, 40L), .Dimnames = list(
    NULL, c("Sampling", "PSO.cost", "PSO.gamma", "PSO.data.balancing", 
    "PSO.feature.selection", "PSO.valid.acc", "PSO.test.acc", 
    "PSO.train.time", "PSO.n.support.vectors", "PSO.index", "PSO.n.solutions", 
    "PSO.generations", "PSO.n.evaluations", "PSO.cpu.time", "RS.cost", 
    "RS.gamma", "RS.data.balancing", "RS.feature.selection", 
    "RS.valid.acc", "RS.test.acc", "RS.train.time", "RS.n.support.vectors", 
    "RS.index", "RS.n.solutions", "RS.generations", "RS.n.evaluations", 
    "RS.cpu.time", "DF.cost", "DF.gamma", "DF.data.balancing", 
    "DF.feature.selection", "DF.valid.acc", "DF.test.acc", "DF.train.time", 
    "DF.n.support.vectors", "DF.index", "DF.n.solutions", "DF.generations", 
    "DF.n.evaluations", "DF.cpu.time")))
