full <-
structure(c(50, 55, 60, 65, 70, 75, 80, 85, 90, 95, 100, 0.46239, 
0.44045, 8.52864, 1.64996, 0.77231, 8.34955, 0.63545, 0.64179, 
6.23721, 0.05915, 7.68636, -4.87168, -6.1824, -14.96733, -4.59056, 
-4.66282, -4.83732, -5.77701, -4.19075, -4.19137, -4.48871, -14.25376, 
0, 0, 0, 0, 0, 0, 0, 0, 0, 0, 0, 0, 0, 0, 0, 0, 0, 0, 0, 0, 0, 
0, 0.35121, 0.35933, 0.33513, 0.3435, 0.35381, 0.36357, 0.34984, 
0.32659, 0.32295, 0.32387, 0.31021, 0.3277, 0.33658, 0.33396, 
0.32426, 0.33567, 0.32446, 0.3217, 0.31204, 0.3115, 0.31874, 
0.29725, 0.0629, 0.0655, 0.075, 0.0849, 0.0974, 0.105, 0.1129, 
0.1304, 0.1355, 0.1573, 0.1522, 160, 175.8, 189.9, 208, 224, 
240, 256, 272, 288, 304, 313.3, 362, 966, 531, 174, 878, 614, 
1999, 1890, 1599, 1962, 555, 144, 58, 56, 418, 51, 445, 2, 66, 
12, 2, 39, 100, 100, 100, 100, 100, 100, 100, 100, 100, 100, 
100, 2500, 2500, 2500, 2500, 2500, 2500, 2500, 2500, 2500, 2500, 
2500, 7963.659, 7865.254, 8133.473, 8285.157, 8623.526, 8895.443, 
8873.031, 9897.465, 10197.573, 10569.44, 10607.267, 0.61354, 
6.94612, 7.3557, 11.96054, 0.88286, 5.40294, 0.62195, 6.07606, 
0.50672, 0.15285, 0.5887, -4.8818, -13.34102, -13.8261, -4.57286, 
-5.1161, -4.83564, -6.75553, -4.20663, -6.85371, -4.45976, -5.09038, 
0, 0, 0, 0, 0, 0, 0, 0, 0, 0, 0, 0, 0, 0, 0, 0, 0, 0, 0, 0, 0, 
0, 0.34621, 0.35913, 0.33513, 0.3435, 0.34679, 0.36024, 0.34368, 
0.32365, 0.32084, 0.3213, 0.31019, 0.33225, 0.3403, 0.33396, 
0.32042, 0.33872, 0.32446, 0.33695, 0.3091, 0.31226, 0.31874, 
0.27749, 0.0602, 0.0624, 0.07, 0.0909, 0.0938, 0.1119, 0.1104, 
0.1312, 0.1277, 0.1548, 0.168, 160, 173.3, 189.9, 208, 224, 240, 
254.7, 272, 285.4, 304, 320, 307, 31, 1090, 672, 1532, 657, 806, 
400, 2276, 436, 2387, 2, 2, 1, 3, 4, 1, 1, 3, 1, 1, 1, 100, 100, 
100, 100, 100, 100, 100, 100, 100, 100, 100, 2500, 2500, 2500, 
2500, 2500, 2500, 2500, 2500, 2500, 2500, 2500, 7761.822, 7981.891, 
8230.834, 8450.233, 8755.66899999999, 8961.07399999999, 9609.307, 
10119.758, 10358.478, 10817.268, 11200.739, 1, 1, 1, 1, 1, 1, 
1, 1, 1, 1, 1, 0.025, 0.025, 0.025, 0.025, 0.025, 0.025, 0.025, 
0.025, 0.025, 0.025, 0.025, 0, 0, 0, 0, 0, 0, 0, 0, 0, 0, 0, 
0, 0, 0, 0, 0, 0, 0, 0, 0, 0, 0, 0.31135, 0.31425, 0.30857, 0.3355, 
0.33195, 0.32668, 0.31535, 0.30911, 0.31783, 0.31874, 0.29207, 
0.3227, 0.33678, 0.30004, 0.32026, 0.33592, 0.32971, 0.32142, 
0.32382, 0.30662, 0.3107, 0.28787, 0.0613, 0.0696, 0.0741, 0.0835, 
0.0953, 0.1029, 0.1148, 0.1231, 0.1358, 0.1542, 0.1634, 160, 
176, 192, 208, 224, 240, 256, 272, 288, 304, 320, 1, 1, 1, 1, 
1, 1, 1, 1, 1, 1, 1, 1, 1, 1, 1, 1, 1, 1, 1, 1, 1, 1, 1, 1, 1, 
1, 1, 1, 1, 1, 1, 1, 1, 1, 1, 1, 1, 1, 1, 1, 1, 1, 1, 1, 3.064, 
3.185, 3.154, 3.241, 3.508, 3.421, 3.768, 3.9, 3.952, 4.219, 
4.233), .Dim = c(11L, 40L), .Dimnames = list(NULL, c("Sampling", 
"PSO.cost", "PSO.gamma", "PSO.data.balancing", "PSO.feature.selection", 
"PSO.valid.acc", "PSO.test.acc", "PSO.train.time", "PSO.n.support.vectors", 
"PSO.index", "PSO.n.solutions", "PSO.generations", "PSO.n.evaluations", 
"PSO.cpu.time", "RS.cost", "RS.gamma", "RS.data.balancing", "RS.feature.selection", 
"RS.valid.acc", "RS.test.acc", "RS.train.time", "RS.n.support.vectors", 
"RS.index", "RS.n.solutions", "RS.generations", "RS.n.evaluations", 
"RS.cpu.time", "DF.cost", "DF.gamma", "DF.data.balancing", "DF.feature.selection", 
"DF.valid.acc", "DF.test.acc", "DF.train.time", "DF.n.support.vectors", 
"DF.index", "DF.n.solutions", "DF.generations", "DF.n.evaluations", 
"DF.cpu.time")))
