full <-
structure(c(50, 55, 60, 65, 70, 75, 80, 85, 90, 95, 100, 6.60082, 
7.5309, -0.2466, 3.70515, 0.79752, 4.40894, 1.47012, -0.40495, 
10.99547, 0.97733, 1.88557, -13.45139, -14.79111, -5.87933, -10.63184, 
-7.65954, -11.77869, -9.0668, -6.25863, -4.25966, -7.23423, -9.00571, 
0, 0, 0, 0, 0, 0, 0, 0, 0, 0, 0, 0, 0, 0, 0, 0, 0, 0, 0, 0, 0, 
0, 0.32506, 0.32656, 0.30936, 0.30945, 0.31832, 0.31389, 0.32268, 
0.31815, 0.32555, 0.33157, 0.3208, 0.30454, 0.30377, 0.293, 0.30545, 
0.30363, 0.30021, 0.31975, 0.30325, 0.31406, 0.32353, 0.30092, 
0.0593, 0.0644, 0.0779, 0.0831, 0.0897, 0.0976, 0.1025, 0.1223, 
0.1473, 0.1405, 0.1496, 158.9, 174.5, 192, 206.5, 223, 238.7, 
254.6, 271.6, 288, 301.5, 314.8, 93, 1357, 1063, 522, 1361, 498, 
868, 1795, 640, 876, 503, 76, 14, 156, 45, 5, 86, 21, 20, 539, 
74, 52, 100, 100, 100, 100, 100, 100, 100, 100, 100, 100, 100, 
2500, 2500, 2500, 2500, 2500, 2500, 2500, 2500, 2500, 2500, 2500, 
7826.283, 7887.784, 8470.2, 8628.182, 8562.69099999999, 8813.353, 
9017.284, 9700.89599999999, 10170.22, 10262.324, 10889.645, 7.38116, 
0.97204, -0.22408, 1.88563, 0.23717, 6.82389, 3.11854, 13.2763, 
12.95343, 2.94114, 1.98959, -14.25477, -6.3227, -5.25915, -8.66814, 
-5.54941, -14.22487, -10.978, -4.73443, -4.26063, -9.96641, -9.01091, 
0, 0, 0, 0, 0, 0, 0, 0, 0, 0, 0, 0, 0, 0, 0, 0, 0, 0, 0, 0, 0, 
0, 0.32506, 0.32602, 0.30936, 0.30545, 0.31832, 0.31389, 0.31945, 
0.31495, 0.32555, 0.32866, 0.31824, 0.30454, 0.31302, 0.293, 
0.30545, 0.30005, 0.30021, 0.31037, 0.31236, 0.31406, 0.32596, 
0.29592, 0.0589, 0.0686, 0.0781, 0.0819, 0.0916, 0.0979, 0.1074, 
0.1324, 0.1358, 0.1372, 0.1538, 158.9, 175.6, 192, 207.2, 223.9, 
238.6, 254.5, 272, 288, 299, 314.7, 1427, 845, 198, 786, 219, 
511, 85, 352, 1729, 741, 1773, 4, 1, 1, 1, 2, 2, 3, 2, 1, 3, 
1, 100, 100, 100, 100, 100, 100, 100, 100, 100, 100, 100, 2500, 
2500, 2500, 2500, 2500, 2500, 2500, 2500, 2500, 2500, 2500, 7792.519, 
8168.903, 8579.584, 8762.118, 8847.09, 8997.76300000001, 9534.91900000001, 
9963.61399999999, 10356.649, 10798.573, 12957.23, 1, 1, 1, 1, 
1, 1, 1, 1, 1, 1, 1, 0.025, 0.025, 0.025, 0.025, 0.025, 0.025, 
0.025, 0.025, 0.025, 0.025, 0.025, 0, 0, 0, 0, 0, 0, 0, 0, 0, 
0, 0, 0, 0, 0, 0, 0, 0, 0, 0, 0, 0, 0, 0.31004, 0.29812, 0.30101, 
0.29997, 0.3182, 0.29732, 0.3007, 0.28003, 0.30049, 0.31077, 
0.31379, 0.31956, 0.30331, 0.30533, 0.30132, 0.31104, 0.29999, 
0.29785, 0.30671, 0.306, 0.32623, 0.29165, 0.0619, 0.0714, 0.0777, 
0.0868, 0.0973, 0.1016, 0.1167, 0.1247, 0.141, 0.1505, 0.1679, 
160, 176, 192, 208, 223.9, 240, 256, 272, 288, 304, 320, 1, 1, 
1, 1, 1, 1, 1, 1, 1, 1, 1, 1, 1, 1, 1, 1, 1, 1, 1, 1, 1, 1, 1, 
1, 1, 1, 1, 1, 1, 1, 1, 1, 1, 1, 1, 1, 1, 1, 1, 1, 1, 1, 1, 1, 
3.039, 3.247, 3.401, 3.462, 3.551, 3.398, 3.72, 3.909, 4.077, 
4.164, 5.219), .Dim = c(11L, 40L), .Dimnames = list(NULL, c("Sampling", 
"PSO.cost", "PSO.gamma", "PSO.data.balancing", "PSO.feature.selection", 
"PSO.valid.acc", "PSO.test.acc", "PSO.train.time", "PSO.n.support.vectors", 
"PSO.index", "PSO.n.solutions", "PSO.generations", "PSO.n.evaluations", 
"PSO.cpu.time", "RS.cost", "RS.gamma", "RS.data.balancing", "RS.feature.selection", 
"RS.valid.acc", "RS.test.acc", "RS.train.time", "RS.n.support.vectors", 
"RS.index", "RS.n.solutions", "RS.generations", "RS.n.evaluations", 
"RS.cpu.time", "DF.cost", "DF.gamma", "DF.data.balancing", "DF.feature.selection", 
"DF.valid.acc", "DF.test.acc", "DF.train.time", "DF.n.support.vectors", 
"DF.index", "DF.n.solutions", "DF.generations", "DF.n.evaluations", 
"DF.cpu.time")))
