full <-
structure(c(50, 55, 60, 65, 70, 75, 80, 85, 90, 95, 100, 1.53414, 
7.98203, 4.89086, 11.14497, 11.81383, 8.92482, 0.27034, 2.68654, 
8.53104, 1.36092, 8.16081, -6.41196, -4.48632, -11.54188, -4.07431, 
-4.44931, -4.47823, -5.68618, -3.66153, -14.73081, -8.15648, 
-14.97611, 0, 0, 0, 0, 0, 0, 0, 0, 0, 0, 0, 0, 0, 0, 0, 0, 0, 
0, 0, 0, 0, 0, 0.32637, 0.28879, 0.30148, 0.2965, 0.30021, 0.30377, 
0.3093, 0.29445, 0.29765, 0.32656, 0.32048, 0.26651, 0.2696, 
0.27169, 0.30019, 0.27901, 0.28342, 0.29044, 0.29713, 0.28083, 
0.31845, 0.31087, 0.0637, 0.0726, 0.0721, 0.0973, 0.1033, 0.1082, 
0.1151, 0.1334, 0.1307, 0.1401, 0.156, 159.8, 176, 190.5, 208, 
224, 240, 255.8, 272, 282.5, 300.3, 314.9, 1218, 137, 506, 326, 
117, 29, 1550, 41, 217, 1346, 192, 56, 866, 82, 143, 435, 1109, 
87, 199, 83, 17, 86, 100, 100, 100, 100, 100, 100, 100, 100, 
100, 100, 100, 2500, 2500, 2500, 2500, 2500, 2500, 2500, 2500, 
2500, 2500, 2500, 7906.345, 9427.745, 10022.842, 10511.464, 10757.256, 
11047.246, 11236.239, 11943.454, 12171.747, 12765.066, 12903.96, 
1.40552, 8.40157, 6.47549, 0.15054, 12.3124, 6.81851, 0.17614, 
10.19188, 5.00986, 3.7226, 4.97733, -6.56338, -4.47359, -13.12593, 
-6.27689, -4.46658, -4.48297, -5.3858, -3.68247, -11.21431, -11.00099, 
-11.75637, 0, 0, 0, 0, 0, 0, 0, 0, 0, 0, 0, 0, 0, 0, 0, 0, 0, 
0, 0, 0, 0, 0, 0.32171, 0.28879, 0.29748, 0.29664, 0.29676, 0.30377, 
0.30596, 0.29445, 0.29765, 0.32142, 0.32048, 0.27203, 0.2789, 
0.27169, 0.29991, 0.27901, 0.28342, 0.2875, 0.29713, 0.27527, 
0.31304, 0.31087, 0.0625, 0.0745, 0.0726, 0.0855, 0.0973, 0.1142, 
0.1159, 0.1333, 0.1251, 0.1472, 0.152, 159.4, 176, 190.5, 207.7, 
224, 240, 256, 272, 282.9, 299.8, 315.1, 296, 121, 119, 1263, 
453, 1029, 1826, 31, 917, 88, 2341, 2, 6, 3, 2, 6, 4, 1, 5, 2, 
8, 1, 100, 100, 100, 100, 100, 100, 100, 100, 100, 100, 100, 
2500, 2500, 2500, 2500, 2500, 2500, 2500, 2500, 2500, 2500, 2500, 
7922.248, 9856.161, 10255.2, 10512.461, 10855.317, 11272.787, 
11574.561, 12253.362, 12808.508, 13255.78, 13687.12, 1, 1, 1, 
1, 1, 1, 1, 1, 1, 1, 1, 0.025, 0.025, 0.025, 0.025, 0.025, 0.025, 
0.025, 0.025, 0.025, 0.025, 0.025, 0, 0, 0, 0, 0, 0, 0, 0, 0, 
0, 0, 0, 0, 0, 0, 0, 0, 0, 0, 0, 0, 0, 0.29581, 0.27448, 0.27508, 
0.29307, 0.27886, 0.28351, 0.29356, 0.2645, 0.25263, 0.30644, 
0.30792, 0.30106, 0.29127, 0.28819, 0.29291, 0.27529, 0.27001, 
0.28428, 0.26769, 0.26097, 0.31116, 0.31542, 0.0625, 0.0714, 
0.0772, 0.0871, 0.1033, 0.1131, 0.1165, 0.1296, 0.1387, 0.1579, 
0.1719, 160, 176, 192, 208, 224, 240, 256, 272, 287.9, 304, 320, 
1, 1, 1, 1, 1, 1, 1, 1, 1, 1, 1, 1, 1, 1, 1, 1, 1, 1, 1, 1, 1, 
1, 1, 1, 1, 1, 1, 1, 1, 1, 1, 1, 1, 1, 1, 1, 1, 1, 1, 1, 1, 1, 
1, 1, 3.129, 3.923, 3.877, 4.006, 4.468, 4.592, 4.664, 4.806, 
4.648, 5.08, 5.325), .Dim = c(11L, 40L), .Dimnames = list(NULL, 
    c("Sampling", "PSO.cost", "PSO.gamma", "PSO.data.balancing", 
    "PSO.feature.selection", "PSO.valid.acc", "PSO.test.acc", 
    "PSO.train.time", "PSO.n.support.vectors", "PSO.index", "PSO.n.solutions", 
    "PSO.generations", "PSO.n.evaluations", "PSO.cpu.time", "RS.cost", 
    "RS.gamma", "RS.data.balancing", "RS.feature.selection", 
    "RS.valid.acc", "RS.test.acc", "RS.train.time", "RS.n.support.vectors", 
    "RS.index", "RS.n.solutions", "RS.generations", "RS.n.evaluations", 
    "RS.cpu.time", "DF.cost", "DF.gamma", "DF.data.balancing", 
    "DF.feature.selection", "DF.valid.acc", "DF.test.acc", "DF.train.time", 
    "DF.n.support.vectors", "DF.index", "DF.n.solutions", "DF.generations", 
    "DF.n.evaluations", "DF.cpu.time")))
