full <-
structure(c(50, 55, 60, 65, 70, 75, 80, 85, 90, 95, 100, 3.98701, 
4.98524, 15, 0.30495, 12.29511, 0.43343, 0.81259, 0.56709, 1.62079, 
0.40562, 0.60902, -11.09605, -11.68298, -3.91594, -4.64596, -4.55578, 
-4.96414, -3.70912, -5.1963, -7.36311, -5.49641, -7.51653, 0, 
0, 0, 0, 0, 0, 0, 0, 0, 0, 0, 0, 0, 0, 0, 0, 0, 0, 0, 0, 0, 0, 
0.27958, 0.30923, 0.29164, 0.32679, 0.32322, 0.34026, 0.30647, 
0.33679, 0.3275, 0.32713, 0.33279, 0.25927, 0.2738, 0.27909, 
0.3244, 0.30148, 0.31669, 0.30032, 0.3332, 0.28388, 0.30056, 
0.31028, 0.0606, 0.0674, 0.0756, 0.0878, 0.0969, 0.1034, 0.1266, 
0.1268, 0.1285, 0.1555, 0.1508, 159.7, 175.2, 192, 208, 224, 
240, 256, 272, 284.8, 304, 317.2, 1352, 579, 230, 2213, 192, 
1462, 24, 1437, 2077, 1643, 588, 10, 54, 852, 1, 380, 54, 793, 
174, 3, 14, 89, 100, 100, 100, 100, 100, 100, 100, 100, 100, 
100, 100, 2500, 2500, 2500, 2500, 2500, 2500, 2500, 2500, 2500, 
2500, 2500, 8112.491, 8423.304, 8636.103, 8853.52, 9146.321, 
9348.07799999999, 9480.38099999999, 10008.98, 10343.46, 10720.411, 
10859.39, 7.19794, 4.90852, 6.85896, 0.25043, 6.29621, 0.30656, 
-0.1218, 0.5184, 0.82478, 0.27741, 3.45246, -14.32578, -11.59621, 
-3.93249, -6.61001, -4.55951, -4.9781, -6.55239, -5.02174, -6.76372, 
-4.73328, -10.81794, 0, 0, 0, 0, 0, 0, 0, 0, 0, 0, 0, 0, 0, 0, 
0, 0, 0, 0, 0, 0, 0, 0, 0.27958, 0.30923, 0.29147, 0.32011, 0.32322, 
0.33026, 0.30655, 0.32812, 0.32434, 0.32358, 0.33273, 0.25927, 
0.2738, 0.27493, 0.31227, 0.30148, 0.31669, 0.28486, 0.33025, 
0.30009, 0.30326, 0.30778, 0.0606, 0.0681, 0.0821, 0.0845, 0.0991, 
0.1106, 0.1078, 0.1352, 0.1352, 0.154, 0.1484, 159.7, 175.2, 
192, 207.8, 224, 240, 254.7, 272, 285.9, 304, 315.4, 2451, 898, 
1699, 728, 945, 914, 1668, 371, 264, 1967, 2355, 1, 4, 2, 1, 
5, 1, 1, 1, 1, 1, 1, 100, 100, 100, 100, 100, 100, 100, 100, 
100, 100, 100, 2500, 2500, 2500, 2500, 2500, 2500, 2500, 2500, 
2500, 2500, 2500, 8251.942, 8528.943, 8725.369, 8927.824, 9243.667, 
9398.211, 9717.902, 10324.71, 10748.13, 11090.951, 11444.272, 
1, 1, 1, 1, 1, 1, 1, 1, 1, 1, 1, 0.025, 0.025, 0.025, 0.025, 
0.025, 0.025, 0.025, 0.025, 0.025, 0.025, 0.025, 0, 0, 0, 0, 
0, 0, 0, 0, 0, 0, 0, 0, 0, 0, 0, 0, 0, 0, 0, 0, 0, 0, 0.25398, 
0.28131, 0.27059, 0.29641, 0.29779, 0.30357, 0.28799, 0.30703, 
0.31059, 0.32156, 0.31529, 0.22391, 0.25495, 0.27546, 0.3164, 
0.30404, 0.32014, 0.29737, 0.33041, 0.30827, 0.31616, 0.30539, 
0.0627, 0.0703, 0.0783, 0.0826, 0.0953, 0.11, 0.1155, 0.1257, 
0.1416, 0.1492, 0.1643, 160, 176, 192, 208, 224, 240, 255.9, 
272, 287.8, 304, 320, 1, 1, 1, 1, 1, 1, 1, 1, 1, 1, 1, 1, 1, 
1, 1, 1, 1, 1, 1, 1, 1, 1, 1, 1, 1, 1, 1, 1, 1, 1, 1, 1, 1, 1, 
1, 1, 1, 1, 1, 1, 1, 1, 1, 1, 3.287, 3.375, 3.463, 3.553, 3.607, 
3.824, 3.695, 3.902, 4.197, 4.155, 4.371), .Dim = c(11L, 40L), .Dimnames = list(
    NULL, c("Sampling", "PSO.cost", "PSO.gamma", "PSO.data.balancing", 
    "PSO.feature.selection", "PSO.valid.acc", "PSO.test.acc", 
    "PSO.train.time", "PSO.n.support.vectors", "PSO.index", "PSO.n.solutions", 
    "PSO.generations", "PSO.n.evaluations", "PSO.cpu.time", "RS.cost", 
    "RS.gamma", "RS.data.balancing", "RS.feature.selection", 
    "RS.valid.acc", "RS.test.acc", "RS.train.time", "RS.n.support.vectors", 
    "RS.index", "RS.n.solutions", "RS.generations", "RS.n.evaluations", 
    "RS.cpu.time", "DF.cost", "DF.gamma", "DF.data.balancing", 
    "DF.feature.selection", "DF.valid.acc", "DF.test.acc", "DF.train.time", 
    "DF.n.support.vectors", "DF.index", "DF.n.solutions", "DF.generations", 
    "DF.n.evaluations", "DF.cpu.time")))
