full <-
structure(c(50, 55, 60, 65, 70, 75, 80, 85, 90, 95, 100, 4.82435, 
3.22956, 5.23205, 5.76801, 7.10608, 2.86442, -0.6724, 1.97098, 
2.498, 1.26876, -0.65698, -4.15324, -4.17036, -5.44354, -3.94635, 
-14.25844, -4.14832, -5.87843, -8.00027, -7.6158, -7.17123, -5.9416, 
0, 0, 0, 0, 0, 0, 0, 0, 0, 0, 0, 0, 0, 0, 0, 0, 0, 0, 0, 0, 0, 
0, 0.33156, 0.33669, 0.34258, 0.34246, 0.33305, 0.3197, 0.31568, 
0.32943, 0.33718, 0.32409, 0.32504, 0.3054, 0.31431, 0.32426, 
0.30781, 0.30935, 0.31312, 0.30346, 0.31505, 0.2954, 0.31113, 
0.31258, 0.0644, 0.0724, 0.0811, 0.0853, 0.0879, 0.1116, 0.1172, 
0.121, 0.1325, 0.1484, 0.1703, 160, 176, 192, 208, 219.9, 240, 
255.7, 267.9, 284.3, 301.5, 319.7, 135, 170, 43, 217, 173, 452, 
2120, 493, 1541, 1343, 1381, 679, 636, 856, 271, 153, 569, 1, 
76, 29, 34, 41, 100, 100, 100, 100, 100, 100, 100, 100, 100, 
100, 100, 2500, 2500, 2500, 2500, 2500, 2500, 2500, 2500, 2500, 
2500, 2500, 7983.602, 8259.656, 8577.707, 8875.761, 8934.136, 
9379.32299999999, 11645.667, 12272.094, 12538.733, 13302.77, 
13957.006, 5.09048, 13.99041, 12.15964, 0.15031, 3.33618, -0.17368, 
-0.66927, 8.15593, 2.86287, 1.14529, -0.62854, -4.1406, -4.17596, 
-5.46909, -4.45775, -10.52412, -4.68381, -5.80996, -4.09488, 
-8.06894, -7.01371, -6.22696, 0, 0, 0, 0, 0, 0, 0, 0, 0, 0, 0, 
0, 0, 0, 0, 0, 0, 0, 0, 0, 0, 0, 0.33156, 0.33669, 0.34258, 0.3389, 
0.33305, 0.3199, 0.31568, 0.32683, 0.33154, 0.32409, 0.3226, 
0.31016, 0.31431, 0.32444, 0.31552, 0.30959, 0.30946, 0.30346, 
0.30337, 0.29818, 0.31113, 0.31014, 0.0639, 0.0726, 0.0783, 0.0872, 
0.0864, 0.1101, 0.1193, 0.1364, 0.1395, 0.1522, 0.158, 160, 176, 
192, 208, 220.1, 240, 255.8, 272, 283.7, 301.7, 319.2, 255, 632, 
38, 180, 98, 727, 1665, 1328, 980, 2296, 2310, 2, 4, 14, 1, 6, 
1, 1, 3, 1, 1, 1, 100, 100, 100, 100, 100, 100, 100, 100, 100, 
100, 100, 2500, 2500, 2500, 2500, 2500, 2500, 2500, 2500, 2500, 
2500, 2500, 8027.116, 8276.166, 8636.024, 8902.10300000001, 9171.845, 
9429.49399999999, 12074.961, 12297.192, 13330.047, 13864.971, 
13875.79, 1, 1, 1, 1, 1, 1, 1, 1, 1, 1, 1, 0.025, 0.025, 0.025, 
0.025, 0.025, 0.025, 0.025, 0.025, 0.025, 0.025, 0.025, 0, 0, 
0, 0, 0, 0, 0, 0, 0, 0, 0, 0, 0, 0, 0, 0, 0, 0, 0, 0, 0, 0, 0.27626, 
0.31914, 0.30868, 0.31165, 0.31585, 0.30301, 0.29387, 0.30337, 
0.31201, 0.31371, 0.30515, 0.29033, 0.30066, 0.3202, 0.3192, 
0.30949, 0.30613, 0.30337, 0.30648, 0.32551, 0.3033, 0.30802, 
0.063, 0.0703, 0.0775, 0.0831, 0.0951, 0.1007, 0.113, 0.1296, 
0.1505, 0.1599, 0.1636, 160, 176, 192, 208, 223.9, 239.8, 256, 
272, 288, 304, 320, 1, 1, 1, 1, 1, 1, 1, 1, 1, 1, 1, 1, 1, 1, 
1, 1, 1, 1, 1, 1, 1, 1, 1, 1, 1, 1, 1, 1, 1, 1, 1, 1, 1, 1, 1, 
1, 1, 1, 1, 1, 1, 1, 1, 1, 3.23, 3.273, 3.475, 3.479, 3.644, 
3.744, 4.728, 4.776, 5.259, 5.353, 5.018), .Dim = c(11L, 40L), .Dimnames = list(
    NULL, c("Sampling", "PSO.cost", "PSO.gamma", "PSO.data.balancing", 
    "PSO.feature.selection", "PSO.valid.acc", "PSO.test.acc", 
    "PSO.train.time", "PSO.n.support.vectors", "PSO.index", "PSO.n.solutions", 
    "PSO.generations", "PSO.n.evaluations", "PSO.cpu.time", "RS.cost", 
    "RS.gamma", "RS.data.balancing", "RS.feature.selection", 
    "RS.valid.acc", "RS.test.acc", "RS.train.time", "RS.n.support.vectors", 
    "RS.index", "RS.n.solutions", "RS.generations", "RS.n.evaluations", 
    "RS.cpu.time", "DF.cost", "DF.gamma", "DF.data.balancing", 
    "DF.feature.selection", "DF.valid.acc", "DF.test.acc", "DF.train.time", 
    "DF.n.support.vectors", "DF.index", "DF.n.solutions", "DF.generations", 
    "DF.n.evaluations", "DF.cpu.time")))
