full <-
structure(c(50, 55, 60, 65, 70, 75, 80, 85, 90, 95, 100, 6.97859, 
6.60001, 5.70104, 0.00498, 2.7922, 8.6856, 1.05399, 4.07865, 
12.53398, 2.63518, 1.17994, -13.77482, -13.46192, -12.69459, 
-6.20558, -9.17236, -3.85554, -7.47953, -11.02119, -3.96918, 
-4.27359, -5.97623, 0, 0, 0, 0, 0, 0, 0, 0, 0, 0, 0, 0, 0, 0, 
0, 0, 0, 0, 0, 0, 0, 0, 0.32548, 0.32802, 0.31278, 0.33394, 0.32149, 
0.34074, 0.32561, 0.32239, 0.33484, 0.33968, 0.31782, 0.30263, 
0.30111, 0.30371, 0.31469, 0.33137, 0.32415, 0.30428, 0.31393, 
0.31513, 0.31045, 0.30269, 0.0598, 0.0657, 0.0743, 0.0841, 0.0903, 
0.1093, 0.109, 0.1158, 0.1462, 0.165, 0.1651, 158.9, 174.9, 190.9, 
207.8, 221.8, 240, 253.6, 267.2, 288, 304, 319.1, 443, 326, 336, 
1273, 275, 244, 245, 39, 692, 686, 1176, 108, 84, 102, 20, 42, 
361, 105, 99, 300, 374, 17, 100, 100, 100, 100, 100, 100, 100, 
100, 100, 100, 100, 2500, 2500, 2500, 2500, 2500, 2500, 2500, 
2500, 2500, 2500, 2500, 7896.494, 7937.367, 8206.766, 8552.534, 
8776.20600000001, 9322.34000000001, 9192.031, 11648.951, 12373.008, 
12759.464, 12658.407, 1.83815, 4.80605, 6.29142, 0.06751, 6.54814, 
3.45245, 1.18095, 6.03241, 9.97241, 12.60261, 6.36529, -8.4814, 
-11.6754, -13.27409, -6.40675, -13.13651, -3.8555, -7.61077, 
-14.16004, -4.0329, -4.26078, -14.0221, 0, 0, 0, 0, 0, 0, 0, 
0, 0, 0, 0, 0, 0, 0, 0, 0, 0, 0, 0, 0, 0, 0, 0.32469, 0.32802, 
0.31278, 0.33394, 0.32162, 0.34074, 0.32561, 0.32087, 0.33468, 
0.33698, 0.31238, 0.29763, 0.30111, 0.30371, 0.31788, 0.33151, 
0.32415, 0.30428, 0.29709, 0.32311, 0.31045, 0.31782, 0.0599, 
0.0664, 0.0741, 0.0847, 0.0866, 0.1099, 0.1038, 0.1175, 0.1459, 
0.158, 0.1514, 159.1, 175, 190.9, 207.7, 221.5, 240, 253.5, 268.4, 
288, 304, 316.3, 977, 689, 43, 1747, 1197, 647, 291, 778, 868, 
546, 191, 2, 4, 4, 1, 2, 7, 1, 2, 3, 2, 7, 100, 100, 100, 100, 
100, 100, 100, 100, 100, 100, 100, 2500, 2500, 2500, 2500, 2500, 
2500, 2500, 2500, 2500, 2500, 2500, 7940.365, 8094.614, 8423.251, 
8859.58, 8960.32399999999, 9308.603, 9606.42200000001, 12215.296, 
12487.238, 12887.337, 13316.381, 1, 1, 1, 1, 1, 1, 1, 1, 1, 1, 
1, 0.025, 0.025, 0.025, 0.025, 0.025, 0.025, 0.025, 0.025, 0.025, 
0.025, 0.025, 0, 0, 0, 0, 0, 0, 0, 0, 0, 0, 0, 0, 0, 0, 0, 0, 
0, 0, 0, 0, 0, 0, 0.27509, 0.30397, 0.28737, 0.31894, 0.29598, 
0.31457, 0.30683, 0.29908, 0.31807, 0.316, 0.30757, 0.28284, 
0.29569, 0.28319, 0.31124, 0.29227, 0.30401, 0.29463, 0.31415, 
0.32611, 0.33428, 0.30507, 0.0628, 0.0706, 0.0756, 0.0864, 0.0932, 
0.1065, 0.1156, 0.1358, 0.1483, 0.151, 0.1663, 160, 176, 192, 
208, 224, 240, 256, 272, 288, 304, 319.9, 1, 1, 1, 1, 1, 1, 1, 
1, 1, 1, 1, 1, 1, 1, 1, 1, 1, 1, 1, 1, 1, 1, 1, 1, 1, 1, 1, 1, 
1, 1, 1, 1, 1, 1, 1, 1, 1, 1, 1, 1, 1, 1, 1, 1, 3.132, 3.205, 
3.178, 3.493, 3.399, 3.679, 3.739, 5.002, 4.968, 4.751, 4.951
), .Dim = c(11L, 40L), .Dimnames = list(NULL, c("Sampling", "PSO.cost", 
"PSO.gamma", "PSO.data.balancing", "PSO.feature.selection", "PSO.valid.acc", 
"PSO.test.acc", "PSO.train.time", "PSO.n.support.vectors", "PSO.index", 
"PSO.n.solutions", "PSO.generations", "PSO.n.evaluations", "PSO.cpu.time", 
"RS.cost", "RS.gamma", "RS.data.balancing", "RS.feature.selection", 
"RS.valid.acc", "RS.test.acc", "RS.train.time", "RS.n.support.vectors", 
"RS.index", "RS.n.solutions", "RS.generations", "RS.n.evaluations", 
"RS.cpu.time", "DF.cost", "DF.gamma", "DF.data.balancing", "DF.feature.selection", 
"DF.valid.acc", "DF.test.acc", "DF.train.time", "DF.n.support.vectors", 
"DF.index", "DF.n.solutions", "DF.generations", "DF.n.evaluations", 
"DF.cpu.time")))
