full <-
structure(c(50, 55, 60, 65, 70, 75, 80, 85, 90, 95, 100, 9.90834, 
1.08196, 0.70818, 6.00895, 3.82853, 4.51969, 1.05304, 1.49265, 
0.32311, 1.5861, 13.14676, -3.93429, -6.88666, -5.00517, -12.80396, 
-10.8022, -11.17447, -5.07705, -7.83216, -5.88903, -8.52054, 
-3.77132, 0, 0, 0, 0, 0, 0, 0, 0, 0, 0, 0, 0, 0, 0, 0, 0, 0, 
0, 0, 0, 0, 0, 0.3314, 0.31387, 0.32668, 0.31973, 0.33734, 0.33032, 
0.32401, 0.34073, 0.33753, 0.32879, 0.31531, 0.32049, 0.2913, 
0.30061, 0.30385, 0.31517, 0.3141, 0.32168, 0.3265, 0.32911, 
0.32311, 0.30549, 0.064, 0.0677, 0.0794, 0.0817, 0.0843, 0.094, 
0.1168, 0.1155, 0.1363, 0.1365, 0.1667, 160, 175.5, 192, 204.5, 
221, 235.6, 256, 266.5, 287.4, 300.4, 320, 216, 601, 1349, 2439, 
529, 614, 2270, 316, 994, 493, 699, 850, 45, 9, 1, 27, 68, 4, 
124, 74, 65, 213, 100, 100, 100, 100, 100, 100, 100, 100, 100, 
100, 100, 2500, 2500, 2500, 2500, 2500, 2500, 2500, 2500, 2500, 
2500, 2500, 7848.649, 7957.941, 8135.839, 8129.55100000001, 8756.162, 
8932.88499999999, 9280.215, 9369.514, 9846.821, 10093.448, 10801.172, 
13.1152, 1.26854, 11.21619, 4.74864, 4.0385, 6.6727, 1.0474, 
2.95448, 0.32471, 0.5959, 10.67953, -3.92276, -7.37763, -5.04253, 
-11.54399, -11.0743, -13.33631, -5.0842, -9.61083, -6.02986, 
-8.00291, -3.77229, 0, 0, 0, 0, 0, 0, 0, 0, 0, 0, 0, 0, 0, 0, 
0, 0, 0, 0, 0, 0, 0, 0, 0.3314, 0.30911, 0.32249, 0.31603, 0.33734, 
0.33032, 0.31792, 0.34081, 0.32911, 0.32804, 0.31531, 0.32049, 
0.30061, 0.30904, 0.30385, 0.31887, 0.31076, 0.32168, 0.32882, 
0.33174, 0.3229, 0.30549, 0.0619, 0.0658, 0.0758, 0.0775, 0.0876, 
0.0938, 0.1179, 0.1127, 0.1334, 0.1396, 0.167, 160, 175.1, 192, 
204.5, 221, 235.5, 256, 265.6, 287.4, 302, 320, 200, 1210, 233, 
57, 1077, 810, 1119, 576, 1600, 761, 65, 3, 2, 11, 3, 3, 3, 1, 
1, 1, 1, 1, 100, 100, 100, 100, 100, 100, 100, 100, 100, 100, 
100, 2500, 2500, 2500, 2500, 2500, 2500, 2500, 2500, 2500, 2500, 
2500, 7798.456, 8004.436, 8145.095, 8536.429, 8852.15000000001, 
9058.49400000001, 9431.217, 9768.25999999999, 10247.958, 10652.422, 
11141.073, 1, 1, 1, 1, 1, 1, 1, 1, 1, 1, 1, 0.025, 0.025, 0.025, 
0.025, 0.025, 0.025, 0.025, 0.025, 0.025, 0.025, 0.025, 0, 0, 
0, 0, 0, 0, 0, 0, 0, 0, 0, 0, 0, 0, 0, 0, 0, 0, 0, 0, 0, 0, 0.305, 
0.26462, 0.30102, 0.29249, 0.32292, 0.32733, 0.30305, 0.3282, 
0.31776, 0.31542, 0.29492, 0.30993, 0.28735, 0.27131, 0.292, 
0.30077, 0.3071, 0.31599, 0.32316, 0.32084, 0.31792, 0.29493, 
0.0597, 0.0656, 0.08, 0.0829, 0.0937, 0.1026, 0.1144, 0.1255, 
0.1369, 0.1511, 0.1622, 160, 176, 192, 208, 224, 240, 256, 271.9, 
288, 304, 319.8, 1, 1, 1, 1, 1, 1, 1, 1, 1, 1, 1, 1, 1, 1, 1, 
1, 1, 1, 1, 1, 1, 1, 1, 1, 1, 1, 1, 1, 1, 1, 1, 1, 1, 1, 1, 1, 
1, 1, 1, 1, 1, 1, 1, 1, 2.93, 3.009, 3.333, 3.338, 3.493, 3.603, 
3.692, 3.816, 3.962, 4.119, 4.242), .Dim = c(11L, 40L), .Dimnames = list(
    NULL, c("Sampling", "PSO.cost", "PSO.gamma", "PSO.data.balancing", 
    "PSO.feature.selection", "PSO.valid.acc", "PSO.test.acc", 
    "PSO.train.time", "PSO.n.support.vectors", "PSO.index", "PSO.n.solutions", 
    "PSO.generations", "PSO.n.evaluations", "PSO.cpu.time", "RS.cost", 
    "RS.gamma", "RS.data.balancing", "RS.feature.selection", 
    "RS.valid.acc", "RS.test.acc", "RS.train.time", "RS.n.support.vectors", 
    "RS.index", "RS.n.solutions", "RS.generations", "RS.n.evaluations", 
    "RS.cpu.time", "DF.cost", "DF.gamma", "DF.data.balancing", 
    "DF.feature.selection", "DF.valid.acc", "DF.test.acc", "DF.train.time", 
    "DF.n.support.vectors", "DF.index", "DF.n.solutions", "DF.generations", 
    "DF.n.evaluations", "DF.cpu.time")))
