full <-
structure(c(50, 55, 60, 65, 70, 75, 80, 85, 90, 95, 100, 0.5413, 
1.62385, 2.50496, 4.56234, 0.2991, 2.54614, 0.09705, 6.5565, 
-0.42576, -0.20602, 3.06534, -4.36472, -4.1501, -4.20176, -3.78758, 
-6.88539, -8.21573, -6.94126, -3.53688, -5.59755, -4.42659, -10.9721, 
0, 0, 0, 0, 0, 0, 0, 0, 0, 0, 0, 0, 0, 0, 0, 0, 0, 0, 0, 0, 0, 
0, 0.30122, 0.30027, 0.29926, 0.2843, 0.30692, 0.29418, 0.30322, 
0.28247, 0.30207, 0.29681, 0.32024, 0.30088, 0.29573, 0.28291, 
0.2766, 0.28523, 0.27177, 0.2657, 0.28533, 0.29089, 0.28895, 
0.29048, 0.0612, 0.0693, 0.0784, 0.0912, 0.0937, 0.0998, 0.1104, 
0.1244, 0.1483, 0.1535, 0.1527, 160, 176, 192, 208, 223.7, 238, 
254.9, 272, 287.8, 304, 317.6, 1658, 102, 455, 729, 1174, 2409, 
1030, 66, 1583, 912, 320, 23, 954, 150, 505, 112, 1, 32, 99, 
59, 19, 63, 100, 100, 100, 100, 100, 100, 100, 100, 100, 100, 
100, 2500, 2500, 2500, 2500, 2500, 2500, 2500, 2500, 2500, 2500, 
2500, 7801.759, 8144.299, 8440.892, 8884.331, 8960.64599999999, 
9460.428, 9480.85900000001, 12180.617, 12663.173, 13049.76, 13036.09, 
0.15258, 12.46131, 13.87588, -0.19223, 0.06187, 2.61107, 0.29918, 
1.92949, -0.46361, -0.40264, 2.03388, -6.97877, -4.12692, -3.85826, 
-4.83543, -6.35678, -8.26711, -7.30647, -8.92258, -6.17563, -4.71499, 
-8.62265, 0, 0, 0, 0, 0, 0, 0, 0, 0, 0, 0, 0, 0, 0, 0, 0, 0, 
0, 0, 0, 0, 0, 0.30096, 0.30027, 0.29618, 0.28886, 0.29978, 0.29397, 
0.29999, 0.28863, 0.29628, 0.29709, 0.32056, 0.29596, 0.29573, 
0.2793, 0.27687, 0.27821, 0.27177, 0.26247, 0.27417, 0.29608, 
0.28361, 0.30554, 0.0583, 0.0727, 0.0821, 0.088, 0.0959, 0.1012, 
0.1071, 0.1137, 0.143, 0.1558, 0.1518, 159.9, 176, 192, 208, 
223.9, 238, 254.6, 269.6, 287.4, 304, 315.7, 1746, 523, 157, 
738, 2307, 1039, 1184, 1244, 5, 1322, 1698, 1, 6, 5, 1, 1, 1, 
1, 2, 1, 1, 3, 100, 100, 100, 100, 100, 100, 100, 100, 100, 100, 
100, 2500, 2500, 2500, 2500, 2500, 2500, 2500, 2500, 2500, 2500, 
2500, 7970.223, 8279.825, 8756.601, 8955.639, 9286.895, 9508.05, 
9748.92, 12471.052, 13217.219, 13410.538, 13699.281, 1, 1, 1, 
1, 1, 1, 1, 1, 1, 1, 1, 0.025, 0.025, 0.025, 0.025, 0.025, 0.025, 
0.025, 0.025, 0.025, 0.025, 0.025, 0, 0, 0, 0, 0, 0, 0, 0, 0, 
0, 0, 0, 0, 0, 0, 0, 0, 0, 0, 0, 0, 0, 0.28641, 0.27794, 0.27057, 
0.25833, 0.27859, 0.27742, 0.29312, 0.27684, 0.27363, 0.27796, 
0.31005, 0.28187, 0.26865, 0.26608, 0.26918, 0.27464, 0.27582, 
0.28676, 0.26539, 0.29312, 0.26971, 0.3028, 0.0596, 0.0708, 0.0791, 
0.09, 0.0989, 0.1073, 0.1161, 0.1281, 0.1469, 0.1599, 0.169, 
160, 176, 192, 208, 224, 240, 256, 272, 287.9, 304, 320, 1, 1, 
1, 1, 1, 1, 1, 1, 1, 1, 1, 1, 1, 1, 1, 1, 1, 1, 1, 1, 1, 1, 1, 
1, 1, 1, 1, 1, 1, 1, 1, 1, 1, 1, 1, 1, 1, 1, 1, 1, 1, 1, 1, 1, 
3.029, 3.353, 3.426, 3.594, 3.624, 3.782, 3.811, 4.672, 5.268, 
5.394, 5.186), .Dim = c(11L, 40L), .Dimnames = list(NULL, c("Sampling", 
"PSO.cost", "PSO.gamma", "PSO.data.balancing", "PSO.feature.selection", 
"PSO.valid.acc", "PSO.test.acc", "PSO.train.time", "PSO.n.support.vectors", 
"PSO.index", "PSO.n.solutions", "PSO.generations", "PSO.n.evaluations", 
"PSO.cpu.time", "RS.cost", "RS.gamma", "RS.data.balancing", "RS.feature.selection", 
"RS.valid.acc", "RS.test.acc", "RS.train.time", "RS.n.support.vectors", 
"RS.index", "RS.n.solutions", "RS.generations", "RS.n.evaluations", 
"RS.cpu.time", "DF.cost", "DF.gamma", "DF.data.balancing", "DF.feature.selection", 
"DF.valid.acc", "DF.test.acc", "DF.train.time", "DF.n.support.vectors", 
"DF.index", "DF.n.solutions", "DF.generations", "DF.n.evaluations", 
"DF.cpu.time")))
