full <-
structure(c(50, 55, 60, 65, 70, 75, 80, 85, 90, 95, 100, 2.7181, 
1.53078, 0.044, 2.29855, 11.13973, 8.15947, 1.30914, -0.34601, 
0.95915, 7.18599, 7.45043, -9.89036, -8.97765, -7.24804, -9.38215, 
-4.26851, -15, -7.20799, -6.30143, -8.32864, -15, -15, 0, 0, 
0, 0, 0, 0, 0, 0, 0, 0, 0, 0, 0, 0, 0, 0, 0, 0, 0, 0, 0, 0, 0.33127, 
0.34228, 0.34711, 0.33945, 0.328, 0.34344, 0.3409, 0.33754, 0.32527, 
0.32545, 0.31028, 0.31574, 0.31497, 0.3341, 0.31848, 0.30663, 
0.33325, 0.31192, 0.31738, 0.31391, 0.3046, 0.30309, 0.0559, 
0.0658, 0.0718, 0.0792, 0.0986, 0.0937, 0.1092, 0.1217, 0.1286, 
0.1333, 0.1492, 158.5, 175, 190.8, 204.7, 224, 236.5, 252.9, 
270.4, 284.8, 301, 315.7, 1440, 551, 1837, 194, 157, 238, 1011, 
1729, 82, 112, 545, 3, 76, 4, 131, 768, 74, 29, 4, 247, 19, 87, 
100, 100, 100, 100, 100, 100, 100, 100, 100, 100, 100, 2500, 
2500, 2500, 2500, 2500, 2500, 2500, 2500, 2500, 2500, 2500, 7591.604, 
7859.992, 8203.238, 8279.391, 8639.10000000001, 8433.948, 8976.387, 
9539.969, 9402.11000000002, 9844.90600000002, 10368.51, 2.14451, 
6.13415, 0.65918, 1.92534, 0.12363, 6.94378, 1.18888, 3.69565, 
3.42266, 3.53888, 4.87331, -9.00457, -13.7364, -7.40847, -9.01323, 
-4.49744, -13.75884, -7.06512, -3.77029, -11.18643, -11.31413, 
-4.27053, 0, 0, 0, 0, 0, 0, 0, 0, 0, 0, 0, 0, 0, 0, 0, 0, 0, 
0, 0, 0, 0, 0, 0.32653, 0.34248, 0.34697, 0.33945, 0.33106, 0.34344, 
0.33756, 0.33217, 0.32527, 0.32545, 0.31041, 0.31598, 0.31497, 
0.33309, 0.31524, 0.31305, 0.33325, 0.30869, 0.32352, 0.31399, 
0.30197, 0.27526, 0.0554, 0.0646, 0.0723, 0.0792, 0.0983, 0.0975, 
0.1095, 0.1314, 0.121, 0.1337, 0.1624, 158.5, 174.9, 190.5, 204.7, 
224, 236.4, 253.1, 272, 284.6, 301, 320, 401, 830, 2109, 401, 
599, 665, 167, 25, 327, 860, 1575, 1, 2, 1, 8, 1, 1, 1, 4, 2, 
1, 3, 100, 100, 100, 100, 100, 100, 100, 100, 100, 100, 100, 
2500, 2500, 2500, 2500, 2500, 2500, 2500, 2500, 2500, 2500, 2500, 
7702.759, 8075.449, 8361.07399999999, 8210.634, 8574.223, 8833.673, 
9489.697, 9645.67200000001, 9989.899, 10472.699, 10727.741, 1, 
1, 1, 1, 1, 1, 1, 1, 1, 1, 1, 0.025, 0.025, 0.025, 0.025, 0.025, 
0.025, 0.025, 0.025, 0.025, 0.025, 0.025, 0, 0, 0, 0, 0, 0, 0, 
0, 0, 0, 0, 0, 0, 0, 0, 0, 0, 0, 0, 0, 0, 0, 0.31574, 0.32037, 
0.32592, 0.31201, 0.31364, 0.32301, 0.30885, 0.32587, 0.31399, 
0.3105, 0.30265, 0.31074, 0.31519, 0.33792, 0.30622, 0.30638, 
0.32926, 0.32805, 0.3173, 0.30264, 0.31579, 0.29546, 0.0602, 
0.0685, 0.0758, 0.0862, 0.0973, 0.1038, 0.1146, 0.1216, 0.1385, 
0.1444, 0.1661, 160, 176, 192, 207.9, 224, 240, 256, 271.8, 287.9, 
303.9, 320, 1, 1, 1, 1, 1, 1, 1, 1, 1, 1, 1, 1, 1, 1, 1, 1, 1, 
1, 1, 1, 1, 1, 1, 1, 1, 1, 1, 1, 1, 1, 1, 1, 1, 1, 1, 1, 1, 1, 
1, 1, 1, 1, 1, 1, 3.07, 3.253, 3.301, 3.341, 3.517, 3.448, 3.644, 
3.572, 3.942, 3.9, 4.247), .Dim = c(11L, 40L), .Dimnames = list(
    NULL, c("Sampling", "PSO.cost", "PSO.gamma", "PSO.data.balancing", 
    "PSO.feature.selection", "PSO.valid.acc", "PSO.test.acc", 
    "PSO.train.time", "PSO.n.support.vectors", "PSO.index", "PSO.n.solutions", 
    "PSO.generations", "PSO.n.evaluations", "PSO.cpu.time", "RS.cost", 
    "RS.gamma", "RS.data.balancing", "RS.feature.selection", 
    "RS.valid.acc", "RS.test.acc", "RS.train.time", "RS.n.support.vectors", 
    "RS.index", "RS.n.solutions", "RS.generations", "RS.n.evaluations", 
    "RS.cpu.time", "DF.cost", "DF.gamma", "DF.data.balancing", 
    "DF.feature.selection", "DF.valid.acc", "DF.test.acc", "DF.train.time", 
    "DF.n.support.vectors", "DF.index", "DF.n.solutions", "DF.generations", 
    "DF.n.evaluations", "DF.cpu.time")))
