full <-
structure(c(50, 55, 60, 65, 70, 75, 80, 85, 90, 95, 100, 15, 
8.41752, 8.15402, 0.0767, 0.89024, 0.84874, 6.52981, 1.27377, 
6.50265, 6.24056, 1.4742, -4.00481, -3.77004, -3.92373, -3.86972, 
-5.68194, -5.35424, -4.94656, -5.40331, -5.30236, -12.50146, 
-8.37708, 0, 0, 0, 0, 0, 0, 0, 0, 0, 0, 0, 0, 0, 0, 0, 0, 0, 
0, 0, 0, 0, 0, 0.29966, 0.31364, 0.28442, 0.30737, 0.32429, 0.30626, 
0.32497, 0.31156, 0.3169, 0.31914, 0.31834, 0.27987, 0.29999, 
0.2793, 0.28072, 0.29605, 0.28957, 0.28087, 0.29434, 0.29629, 
0.31592, 0.28788, 0.0624, 0.0707, 0.0787, 0.0848, 0.0943, 0.1022, 
0.1214, 0.1279, 0.142, 0.1348, 0.148, 160, 176, 192, 208, 224, 
240, 256, 272, 288, 297.3, 315.8, 1445, 191, 859, 1015, 2279, 
701, 420, 1466, 790, 774, 571, 25, 682, 344, 18, 1, 57, 809, 
6, 483, 19, 66, 100, 100, 100, 100, 100, 100, 100, 100, 100, 
100, 100, 2500, 2500, 2500, 2500, 2500, 2500, 2500, 2500, 2500, 
2500, 2500, 7857.321, 7988.646, 8222.206, 8465.368, 8678.07999999999, 
8708.88499999999, 9062.701, 9564.55300000001, 10015.855, 10097.952, 
10283.125, 0.26006, 0.96093, 7.44348, 8.82389, 0.92327, 13.04584, 
6.04761, 9.11016, 13.74098, 2.00587, 2.01653, -4.03795, -3.76594, 
-3.79513, -3.84151, -5.46875, -5.35513, -4.95701, -4.84427, -5.30828, 
-7.90551, -8.98376, 0, 0, 0, 0, 0, 0, 0, 0, 0, 0, 0, 0, 0, 0, 
0, 0, 0, 0, 0, 0, 0, 0, 0.29966, 0.31364, 0.28349, 0.30723, 0.31786, 
0.30281, 0.32497, 0.30881, 0.3169, 0.31657, 0.31834, 0.28463, 
0.29999, 0.29169, 0.29998, 0.28902, 0.29291, 0.28399, 0.29375, 
0.29629, 0.31883, 0.28788, 0.0612, 0.0697, 0.0788, 0.0871, 0.0923, 
0.1047, 0.1202, 0.1287, 0.14, 0.1376, 0.1462, 160, 176, 192, 
208, 224, 240, 256, 272, 288, 299.4, 315.6, 99, 1230, 1301, 2100, 
1911, 424, 812, 451, 2474, 422, 845, 1, 2, 2, 1, 1, 1, 1, 5, 
1, 1, 1, 100, 100, 100, 100, 100, 100, 100, 100, 100, 100, 100, 
2500, 2500, 2500, 2500, 2500, 2500, 2500, 2500, 2500, 2500, 2500, 
7843.524, 8037.823, 8255.25, 8538.61, 8516.572, 8781.92999999999, 
9261.92, 9780.36400000002, 10219.976, 10532.905, 10933.094, 1, 
1, 1, 1, 1, 1, 1, 1, 1, 1, 1, 0.025, 0.025, 0.025, 0.025, 0.025, 
0.025, 0.025, 0.025, 0.025, 0.025, 0.025, 0, 0, 0, 0, 0, 0, 0, 
0, 0, 0, 0, 0, 0, 0, 0, 0, 0, 0, 0, 0, 0, 0, 0.26292, 0.27588, 
0.26459, 0.27627, 0.29533, 0.2599, 0.28674, 0.28819, 0.29782, 
0.29787, 0.30547, 0.28887, 0.28068, 0.26421, 0.28812, 0.28262, 
0.27979, 0.29072, 0.29374, 0.30858, 0.32741, 0.29777, 0.0599, 
0.0683, 0.0762, 0.0836, 0.0906, 0.1015, 0.1112, 0.1245, 0.1353, 
0.1491, 0.159, 160, 176, 192, 208, 224, 240, 256, 271.9, 287.9, 
304, 320, 1, 1, 1, 1, 1, 1, 1, 1, 1, 1, 1, 1, 1, 1, 1, 1, 1, 
1, 1, 1, 1, 1, 1, 1, 1, 1, 1, 1, 1, 1, 1, 1, 1, 1, 1, 1, 1, 1, 
1, 1, 1, 1, 1, 1, 3.125, 3.192, 3.245, 3.358, 3.239, 3.373, 3.473, 
3.818, 3.913, 4.085, 4.139), .Dim = c(11L, 40L), .Dimnames = list(
    NULL, c("Sampling", "PSO.cost", "PSO.gamma", "PSO.data.balancing", 
    "PSO.feature.selection", "PSO.valid.acc", "PSO.test.acc", 
    "PSO.train.time", "PSO.n.support.vectors", "PSO.index", "PSO.n.solutions", 
    "PSO.generations", "PSO.n.evaluations", "PSO.cpu.time", "RS.cost", 
    "RS.gamma", "RS.data.balancing", "RS.feature.selection", 
    "RS.valid.acc", "RS.test.acc", "RS.train.time", "RS.n.support.vectors", 
    "RS.index", "RS.n.solutions", "RS.generations", "RS.n.evaluations", 
    "RS.cpu.time", "DF.cost", "DF.gamma", "DF.data.balancing", 
    "DF.feature.selection", "DF.valid.acc", "DF.test.acc", "DF.train.time", 
    "DF.n.support.vectors", "DF.index", "DF.n.solutions", "DF.generations", 
    "DF.n.evaluations", "DF.cpu.time")))
