full <-
structure(c(50, 55, 60, 65, 70, 75, 80, 85, 90, 95, 100, 6.20799, 
1.81388, 10.16796, 2.42674, 6.33781, 1.20756, -0.42957, 1.58755, 
4.05231, 5.14478, 0.45647, -4.65453, -4.00809, -3.8271, -8.86441, 
-12.57342, -5.41398, -6.80652, -7.70449, -10.07534, -3.91109, 
-7.05878, 0, 0, 0, 0, 0, 0, 0, 0, 0, 0, 0, 0, 0, 0, 0, 0, 0, 
0, 0, 0, 0, 0, 0.31474, 0.31963, 0.28354, 0.29226, 0.30478, 0.31503, 
0.30996, 0.32976, 0.30589, 0.30302, 0.32472, 0.27992, 0.30482, 
0.26192, 0.26797, 0.28156, 0.28762, 0.31026, 0.30561, 0.31453, 
0.28714, 0.31251, 0.0623, 0.0708, 0.08, 0.082, 0.0883, 0.1078, 
0.1092, 0.1243, 0.1325, 0.1568, 0.1589, 160, 176, 192, 206.6, 
222, 240, 255.8, 270.1, 283.7, 304, 317.8, 537, 151, 28, 414, 
174, 1764, 682, 1478, 370, 687, 760, 443, 967, 1037, 56, 85, 
20, 59, 49, 30, 100, 205, 100, 100, 100, 100, 100, 100, 100, 
100, 100, 100, 100, 2500, 2500, 2500, 2500, 2500, 2500, 2500, 
2500, 2500, 2500, 2500, 8084.018, 8216.192, 8431.54599999999, 
8650.693, 8751.25, 9079.47500000001, 9330.909, 11390.911, 11834.969, 
12797.282, 12934.471, 4.81967, 13.72575, -0.63362, 1.40402, 6.25739, 
1.64206, -0.63334, 2.53328, -0.27301, 6.75553, 0.59781, -4.67234, 
-4.01093, -5.8724, -7.57525, -12.45826, -7.89568, -5.52714, -8.77513, 
-5.22557, -3.89511, -5.66982, 0, 0, 0, 0, 0, 0, 0, 0, 0, 0, 0, 
0, 0, 0, 0, 0, 0, 0, 0, 0, 0, 0, 0.31474, 0.31963, 0.28421, 0.29226, 
0.30478, 0.31239, 0.30957, 0.32976, 0.31083, 0.30302, 0.31998, 
0.28492, 0.30482, 0.27915, 0.2684, 0.28156, 0.28515, 0.29756, 
0.29687, 0.29159, 0.28714, 0.29525, 0.0631, 0.0707, 0.0764, 0.0791, 
0.0894, 0.0963, 0.1131, 0.121, 0.1402, 0.1613, 0.1679, 160, 176, 
192, 207, 222, 238.9, 256, 269.4, 288, 304, 319.8, 573, 1466, 
559, 788, 619, 703, 244, 349, 1790, 926, 652, 2, 2, 1, 3, 2, 
1, 1, 1, 1, 2, 1, 100, 100, 100, 100, 100, 100, 100, 100, 100, 
100, 100, 2500, 2500, 2500, 2500, 2500, 2500, 2500, 2500, 2500, 
2500, 2500, 8115.516, 8354.382, 8434.153, 8638.872, 9067.73299999999, 
9244.128, 9494.49099999999, 11998.892, 12537.415, 13071.871, 
13534.52, 1, 1, 1, 1, 1, 1, 1, 1, 1, 1, 1, 0.025, 0.025, 0.025, 
0.025, 0.025, 0.025, 0.025, 0.025, 0.025, 0.025, 0.025, 0, 0, 
0, 0, 0, 0, 0, 0, 0, 0, 0, 0, 0, 0, 0, 0, 0, 0, 0, 0, 0, 0, 0.30021, 
0.30058, 0.26596, 0.27628, 0.26496, 0.30927, 0.29031, 0.29964, 
0.29392, 0.28438, 0.3099, 0.30095, 0.31404, 0.28697, 0.30314, 
0.28935, 0.28158, 0.29352, 0.31124, 0.28611, 0.29512, 0.29513, 
0.0599, 0.069, 0.0775, 0.0847, 0.0922, 0.1031, 0.1135, 0.1327, 
0.1416, 0.1563, 0.1705, 160, 175.9, 192, 208, 224, 240, 256, 
272, 288, 304, 320, 1, 1, 1, 1, 1, 1, 1, 1, 1, 1, 1, 1, 1, 1, 
1, 1, 1, 1, 1, 1, 1, 1, 1, 1, 1, 1, 1, 1, 1, 1, 1, 1, 1, 1, 1, 
1, 1, 1, 1, 1, 1, 1, 1, 1, 3.112, 3.296, 3.374, 3.476, 3.459, 
3.637, 3.69, 4.683, 4.92, 5.107, 5.302), .Dim = c(11L, 40L), .Dimnames = list(
    NULL, c("Sampling", "PSO.cost", "PSO.gamma", "PSO.data.balancing", 
    "PSO.feature.selection", "PSO.valid.acc", "PSO.test.acc", 
    "PSO.train.time", "PSO.n.support.vectors", "PSO.index", "PSO.n.solutions", 
    "PSO.generations", "PSO.n.evaluations", "PSO.cpu.time", "RS.cost", 
    "RS.gamma", "RS.data.balancing", "RS.feature.selection", 
    "RS.valid.acc", "RS.test.acc", "RS.train.time", "RS.n.support.vectors", 
    "RS.index", "RS.n.solutions", "RS.generations", "RS.n.evaluations", 
    "RS.cpu.time", "DF.cost", "DF.gamma", "DF.data.balancing", 
    "DF.feature.selection", "DF.valid.acc", "DF.test.acc", "DF.train.time", 
    "DF.n.support.vectors", "DF.index", "DF.n.solutions", "DF.generations", 
    "DF.n.evaluations", "DF.cpu.time")))
