full <-
structure(c(50, 55, 60, 65, 70, 75, 80, 85, 90, 95, 100, 0.59291, 
3.2075, 8.04813, 0.51598, 6.95015, 8.02984, 7.24124, 0.84002, 
0.467, 0.99244, 3.12624, -4.92825, -9.6812, -4.04842, -4.61338, 
-4.6266, -4.271, -4.53301, -5.7905, -4.55216, -5.37792, -9.23371, 
0, 0, 0, 0, 0, 0, 0, 0, 0, 0, 0, 0, 0, 0, 0, 0, 0, 0, 0, 0, 0, 
0, 0.33354, 0.34635, 0.3351, 0.32795, 0.36092, 0.32937, 0.33816, 
0.34156, 0.33062, 0.33984, 0.31109, 0.32547, 0.30573, 0.31736, 
0.34764, 0.31828, 0.30937, 0.31294, 0.33265, 0.32235, 0.32175, 
0.3037, 0.0644, 0.0654, 0.0836, 0.0909, 0.0961, 0.1049, 0.1256, 
0.1323, 0.1461, 0.1607, 0.1456, 160, 174, 192, 208, 224, 240, 
256, 271.8, 288, 304, 312.8, 1068, 201, 548, 2253, 84, 403, 507, 
1642, 1777, 2339, 1055, 40, 96, 530, 1, 557, 972, 625, 23, 11, 
1, 43, 100, 100, 100, 100, 100, 100, 100, 100, 100, 100, 100, 
2500, 2500, 2500, 2500, 2500, 2500, 2500, 2500, 2500, 2500, 2500, 
8135.159, 8282.882, 8590.605, 8721.347, 8925.792, 9032.24099999999, 
11995.316, 12266.409, 12630.105, 13161.109, 10331.531, 1.0506, 
6.77532, 6.16077, 3.88098, 13.89363, 12.96666, 1.02838, 1.29337, 
0.28496, 0.91836, 2.48295, -5.33035, -13.35711, -4.04877, -4.63211, 
-4.61558, -4.24814, -5.52126, -6.15765, -6.00209, -5.51515, -8.52009, 
0, 0, 0, 0, 0, 0, 0, 0, 0, 0, 0, 0, 0, 0, 0, 0, 0, 0, 0, 0, 0, 
0, 0.32901, 0.34635, 0.3351, 0.32395, 0.36092, 0.32937, 0.33786, 
0.3387, 0.33109, 0.32931, 0.30351, 0.32569, 0.31466, 0.31736, 
0.3432, 0.32173, 0.3127, 0.31567, 0.3181, 0.30832, 0.31642, 0.30106, 
0.0635, 0.065, 0.0794, 0.0891, 0.0978, 0.1068, 0.1228, 0.1315, 
0.1398, 0.1593, 0.1457, 160, 173.9, 192, 208, 224, 240, 255.9, 
271.5, 287, 303.8, 313.5, 1218, 324, 21, 2331, 37, 170, 1681, 
1797, 189, 197, 91, 1, 15, 2, 1, 7, 5, 1, 1, 1, 1, 3, 100, 100, 
100, 100, 100, 100, 100, 100, 100, 100, 100, 2500, 2500, 2500, 
2500, 2500, 2500, 2500, 2500, 2500, 2500, 2500, 8212.229, 8365.866, 
8544.161, 8864.52699999999, 9018.58499999999, 10791.729, 12151.35, 
12533.769, 12881.422, 12937.149, 11044.417, 1, 1, 1, 1, 1, 1, 
1, 1, 1, 1, 1, 0.025, 0.025, 0.025, 0.025, 0.025, 0.025, 0.025, 
0.025, 0.025, 0.025, 0.025, 0, 0, 0, 0, 0, 0, 0, 0, 0, 0, 0, 
0, 0, 0, 0, 0, 0, 0, 0, 0, 0, 0, 0.31002, 0.30833, 0.3043, 0.30482, 
0.33233, 0.30569, 0.29164, 0.31555, 0.32807, 0.30764, 0.28849, 
0.30544, 0.30055, 0.29659, 0.31978, 0.31817, 0.3097, 0.30659, 
0.31778, 0.31958, 0.31386, 0.28807, 0.0621, 0.0686, 0.0755, 0.0855, 
0.0969, 0.1112, 0.1204, 0.1314, 0.1439, 0.1467, 0.1631, 160, 
176, 192, 208, 224, 239.9, 256, 272, 287.9, 303.9, 319.8, 1, 
1, 1, 1, 1, 1, 1, 1, 1, 1, 1, 1, 1, 1, 1, 1, 1, 1, 1, 1, 1, 1, 
1, 1, 1, 1, 1, 1, 1, 1, 1, 1, 1, 1, 1, 1, 1, 1, 1, 1, 1, 1, 1, 
1, 3.27, 3.308, 3.201, 3.323, 3.631, 4.698, 4.768, 4.896, 5.054, 
3.954, 4.222), .Dim = c(11L, 40L), .Dimnames = list(NULL, c("Sampling", 
"PSO.cost", "PSO.gamma", "PSO.data.balancing", "PSO.feature.selection", 
"PSO.valid.acc", "PSO.test.acc", "PSO.train.time", "PSO.n.support.vectors", 
"PSO.index", "PSO.n.solutions", "PSO.generations", "PSO.n.evaluations", 
"PSO.cpu.time", "RS.cost", "RS.gamma", "RS.data.balancing", "RS.feature.selection", 
"RS.valid.acc", "RS.test.acc", "RS.train.time", "RS.n.support.vectors", 
"RS.index", "RS.n.solutions", "RS.generations", "RS.n.evaluations", 
"RS.cpu.time", "DF.cost", "DF.gamma", "DF.data.balancing", "DF.feature.selection", 
"DF.valid.acc", "DF.test.acc", "DF.train.time", "DF.n.support.vectors", 
"DF.index", "DF.n.solutions", "DF.generations", "DF.n.evaluations", 
"DF.cpu.time")))
