full <-
structure(c(50, 55, 60, 65, 70, 75, 80, 85, 90, 95, 100, 6.9499, 
0.89138, 1.0919, 4.92742, 8.86988, 0.91681, 1.18165, 14.55603, 
0.73991, 8.01701, 5.26256, -4.08995, -6.26406, -6.32413, -4.66842, 
-4.66782, -4.94603, -4.06661, -4.83631, -6.43393, -4.60563, -3.68457, 
0, 0, 0, 0, 0, 0, 0, 0, 0, 0, 0, 0, 0, 0, 0, 0, 0, 0, 0, 0, 0, 
0, 0.28005, 0.34493, 0.29104, 0.30484, 0.27622, 0.30714, 0.30657, 
0.2939, 0.31939, 0.31214, 0.30807, 0.29507, 0.30028, 0.26228, 
0.29769, 0.27205, 0.281, 0.29404, 0.27579, 0.2951, 0.29326, 0.30031, 
0.0628, 0.0663, 0.0737, 0.0848, 0.0965, 0.1049, 0.1183, 0.1255, 
0.1314, 0.1553, 0.166, 160, 175.8, 191.9, 208, 224, 240, 256, 
272, 286.9, 304, 320, 249, 402, 1908, 226, 638, 2482, 584, 195, 
1716, 54, 570, 78, 334, 8, 763, 630, 1, 663, 622, 6, 801, 27, 
100, 100, 100, 100, 100, 100, 100, 100, 100, 100, 100, 2500, 
2500, 2500, 2500, 2500, 2500, 2500, 2500, 2500, 2500, 2500, 7744.745, 
7975.603, 8148.317, 8411.955, 8865.285, 9109.03700000001, 9337.93700000001, 
9618.764, 9731.53599999999, 10142.022, 10509.812, 5.75023, 0.80477, 
0.77734, 4.78006, 12.81617, 0.93118, 5.11005, 0.81823, 0.2465, 
1.3024, 0.71612, -4.08836, -6.09767, -5.88955, -4.68428, -4.65897, 
-4.93504, -4.05177, -5.55276, -5.79676, -7.36489, -5.71612, 0, 
0, 0, 0, 0, 0, 0, 0, 0, 0, 0, 0, 0, 0, 0, 0, 0, 0, 0, 0, 0, 0, 
0.28005, 0.34038, 0.2832, 0.30484, 0.27622, 0.30381, 0.30657, 
0.29675, 0.31411, 0.31114, 0.30782, 0.29507, 0.30028, 0.27414, 
0.29399, 0.26848, 0.281, 0.29101, 0.27891, 0.2947, 0.30098, 0.29987, 
0.0644, 0.0658, 0.074, 0.0855, 0.095, 0.1069, 0.1133, 0.1234, 
0.1378, 0.1425, 0.165, 160, 175.8, 191.9, 208, 224, 240, 256, 
272, 287.7, 301.5, 319.4, 34, 1531, 51, 1131, 652, 270, 1154, 
56, 1760, 2450, 1903, 4, 1, 1, 8, 1, 1, 5, 1, 1, 1, 1, 100, 100, 
100, 100, 100, 100, 100, 100, 100, 100, 100, 2500, 2500, 2500, 
2500, 2500, 2500, 2500, 2500, 2500, 2500, 2500, 7837.967, 8086.811, 
8289.425, 8507.912, 8888.18799999999, 9254.73299999999, 9366.171, 
9713.053, 10071.762, 10418.582, 10933.301, 1, 1, 1, 1, 1, 1, 
1, 1, 1, 1, 1, 0.025, 0.025, 0.025, 0.025, 0.025, 0.025, 0.025, 
0.025, 0.025, 0.025, 0.025, 0, 0, 0, 0, 0, 0, 0, 0, 0, 0, 0, 
0, 0, 0, 0, 0, 0, 0, 0, 0, 0, 0, 0.27925, 0.28555, 0.26316, 0.29754, 
0.2656, 0.27686, 0.2857, 0.27017, 0.3001, 0.29065, 0.28261, 0.28481, 
0.29029, 0.2668, 0.28992, 0.2612, 0.29145, 0.27231, 0.27294, 
0.28689, 0.29084, 0.2824, 0.0591, 0.0663, 0.0775, 0.0858, 0.094, 
0.1029, 0.1147, 0.1214, 0.1389, 0.1455, 0.1654, 160, 176, 192, 
208, 224, 240, 256, 272, 288, 304, 319.9, 1, 1, 1, 1, 1, 1, 1, 
1, 1, 1, 1, 1, 1, 1, 1, 1, 1, 1, 1, 1, 1, 1, 1, 1, 1, 1, 1, 1, 
1, 1, 1, 1, 1, 1, 1, 1, 1, 1, 1, 1, 1, 1, 1, 1, 2.976, 3.044, 
3.294, 3.361, 3.464, 3.647, 3.682, 3.599, 4.011, 3.89, 4.269), .Dim = c(11L, 
40L), .Dimnames = list(NULL, c("Sampling", "PSO.cost", "PSO.gamma", 
"PSO.data.balancing", "PSO.feature.selection", "PSO.valid.acc", 
"PSO.test.acc", "PSO.train.time", "PSO.n.support.vectors", "PSO.index", 
"PSO.n.solutions", "PSO.generations", "PSO.n.evaluations", "PSO.cpu.time", 
"RS.cost", "RS.gamma", "RS.data.balancing", "RS.feature.selection", 
"RS.valid.acc", "RS.test.acc", "RS.train.time", "RS.n.support.vectors", 
"RS.index", "RS.n.solutions", "RS.generations", "RS.n.evaluations", 
"RS.cpu.time", "DF.cost", "DF.gamma", "DF.data.balancing", "DF.feature.selection", 
"DF.valid.acc", "DF.test.acc", "DF.train.time", "DF.n.support.vectors", 
"DF.index", "DF.n.solutions", "DF.generations", "DF.n.evaluations", 
"DF.cpu.time")))
