full <-
structure(c(50, 55, 60, 65, 70, 75, 80, 85, 90, 95, 100, 0.39607, 
4.47697, 2.57496, 0.09237, 5.14269, 0.0996, 2.34142, 0.51433, 
7.46457, 1.094, 2.76473, -4.91658, -12.24283, -9.83376, -5.83818, 
-4.13005, -4.99396, -8.98315, -4.69074, -4.92895, -7.74161, -10.19041, 
0, 0, 0, 0, 0, 0, 0, 0, 0, 0, 0, 0, 0, 0, 0, 0, 0, 0, 0, 0, 0, 
0, 0.3258, 0.34015, 0.35916, 0.32968, 0.32926, 0.33012, 0.34107, 
0.34485, 0.31483, 0.3242, 0.30961, 0.30623, 0.33241, 0.3341, 
0.29487, 0.30866, 0.29684, 0.31012, 0.32036, 0.28625, 0.30235, 
0.32007, 0.0618, 0.0635, 0.0702, 0.0838, 0.0955, 0.1051, 0.1065, 
0.1295, 0.1397, 0.1355, 0.1554, 160, 173.8, 189.6, 207.9, 224, 
240, 252.1, 272, 288, 301, 315.7, 1631, 47, 1070, 560, 197, 961, 
281, 2148, 1443, 802, 1373, 13, 55, 27, 343, 559, 264, 103, 15, 
72, 100, 7, 100, 100, 100, 100, 100, 100, 100, 100, 100, 100, 
100, 2500, 2500, 2500, 2500, 2500, 2500, 2500, 2500, 2500, 2500, 
2500, 7729.42, 7731.509, 7997.763, 8407.776, 8626.979, 8759.64, 
8840.587, 9465.925, 10000.657, 9846.46899999998, 10396.692, -0.18468, 
3.85737, 1.29539, 0.19445, 11.99115, 0.5152, 2.47521, 12.6241, 
2.55719, 6.29344, 3.21218, -6.56539, -11.61683, -8.38675, -4.79042, 
-4.11353, -5.79777, -9.24759, -4.57484, -4.89266, -13.34897, 
-10.68776, 0, 0, 0, 0, 0, 0, 0, 0, 0, 0, 0, 0, 0, 0, 0, 0, 0, 
0, 0, 0, 0, 0, 0.32076, 0.34015, 0.35916, 0.32906, 0.32593, 0.32343, 
0.33795, 0.33594, 0.31466, 0.32163, 0.30961, 0.29047, 0.33658, 
0.34243, 0.29443, 0.30111, 0.29706, 0.31304, 0.30859, 0.28903, 
0.30498, 0.32507, 0.0576, 0.0622, 0.0696, 0.0885, 0.0972, 0.1045, 
0.1017, 0.1329, 0.1406, 0.1341, 0.1479, 159.7, 173.8, 189.7, 
208, 224, 239.7, 251.9, 272, 288, 300.2, 315.5, 907, 706, 1605, 
1825, 575, 2486, 168, 1786, 94, 830, 1321, 2, 4, 2, 1, 3, 1, 
4, 1, 6, 2, 2, 100, 100, 100, 100, 100, 100, 100, 100, 100, 100, 
100, 2500, 2500, 2500, 2500, 2500, 2500, 2500, 2500, 2500, 2500, 
2500, 7711.106, 7838.453, 8147.403, 8403.535, 8735.50900000001, 
8882.348, 9258.984, 9757.28899999999, 10167.941, 10617.708, 11114.674, 
1, 1, 1, 1, 1, 1, 1, 1, 1, 1, 1, 0.025, 0.025, 0.025, 0.025, 
0.025, 0.025, 0.025, 0.025, 0.025, 0.025, 0.025, 0, 0, 0, 0, 
0, 0, 0, 0, 0, 0, 0, 0, 0, 0, 0, 0, 0, 0, 0, 0, 0, 0, 0.31004, 
0.32614, 0.32978, 0.32183, 0.30022, 0.32022, 0.3194, 0.31854, 
0.27588, 0.29799, 0.28947, 0.29073, 0.33999, 0.32595, 0.29811, 
0.30088, 0.29326, 0.31365, 0.31447, 0.29768, 0.28697, 0.28998, 
0.0602, 0.0658, 0.0752, 0.0873, 0.0925, 0.1044, 0.1164, 0.131, 
0.1375, 0.1476, 0.1642, 160, 176, 192, 208, 224, 239.9, 256, 
272, 288, 304, 319.8, 1, 1, 1, 1, 1, 1, 1, 1, 1, 1, 1, 1, 1, 
1, 1, 1, 1, 1, 1, 1, 1, 1, 1, 1, 1, 1, 1, 1, 1, 1, 1, 1, 1, 1, 
1, 1, 1, 1, 1, 1, 1, 1, 1, 1, 2.981, 2.993, 3.177, 3.43, 3.325, 
3.617, 3.725, 3.94, 3.873, 3.963, 4.364), .Dim = c(11L, 40L), .Dimnames = list(
    NULL, c("Sampling", "PSO.cost", "PSO.gamma", "PSO.data.balancing", 
    "PSO.feature.selection", "PSO.valid.acc", "PSO.test.acc", 
    "PSO.train.time", "PSO.n.support.vectors", "PSO.index", "PSO.n.solutions", 
    "PSO.generations", "PSO.n.evaluations", "PSO.cpu.time", "RS.cost", 
    "RS.gamma", "RS.data.balancing", "RS.feature.selection", 
    "RS.valid.acc", "RS.test.acc", "RS.train.time", "RS.n.support.vectors", 
    "RS.index", "RS.n.solutions", "RS.generations", "RS.n.evaluations", 
    "RS.cpu.time", "DF.cost", "DF.gamma", "DF.data.balancing", 
    "DF.feature.selection", "DF.valid.acc", "DF.test.acc", "DF.train.time", 
    "DF.n.support.vectors", "DF.index", "DF.n.solutions", "DF.generations", 
    "DF.n.evaluations", "DF.cpu.time")))
