full <-
structure(c(50, 55, 60, 65, 70, 75, 80, 85, 90, 95, 100, -0.11852, 
4.83358, 4.15945, 4.82586, 0.61265, -0.22917, 0.59315, 6.52787, 
1.66582, 8.55023, 0.79239, -5.47412, -4.07784, -4.06194, -4.69026, 
-4.62296, -4.37739, -4.31345, -4.45563, -7.70878, -15, -5.97725, 
0, 0, 0, 0, 0, 0, 0, 0, 0, 0, 0, 0, 0, 0, 0, 0, 0, 0, 0, 0, 0, 
0, 0.31626, 0.30117, 0.29989, 0.3158, 0.32873, 0.3101, 0.31576, 
0.29253, 0.2966, 0.31087, 0.30192, 0.3115, 0.29641, 0.30354, 
0.29598, 0.30238, 0.30654, 0.28469, 0.2601, 0.26933, 0.29757, 
0.28479, 0.0612, 0.0712, 0.0779, 0.0878, 0.0979, 0.1087, 0.1211, 
0.1282, 0.126, 0.1401, 0.1638, 159.9, 176, 192, 208, 224, 240, 
256, 272, 285.5, 300.2, 318.5, 279, 248, 444, 272, 360, 1288, 
2058, 174, 786, 113, 2265, 56, 1020, 900, 165, 203, 4, 3, 1154, 
45, 76, 1, 100, 100, 100, 100, 100, 100, 100, 100, 100, 100, 
100, 2500, 2500, 2500, 2500, 2500, 2500, 2500, 2500, 2500, 2500, 
2500, 7701.829, 7900.374, 8122.744, 8327.249, 8784.944, 8917.338, 
9319.02100000001, 9602.117, 9864.72899999999, 9942.39199999999, 
10814.207, 7.10274, 12.94635, 1.7096, 6.81109, 9.1866, -0.41045, 
10.61026, 8.81722, 1.7255, 5.69738, 5.88642, -4.2559, -4.1023, 
-4.0768, -4.68885, -4.63208, -4.69925, -4.24632, -4.45205, -7.77394, 
-12.11772, -12.49638, 0, 0, 0, 0, 0, 0, 0, 0, 0, 0, 0, 0, 0, 
0, 0, 0, 0, 0, 0, 0, 0, 0, 0.31158, 0.30117, 0.29989, 0.3158, 
0.32528, 0.3101, 0.31264, 0.29253, 0.29397, 0.31087, 0.29961, 
0.29991, 0.29641, 0.30354, 0.29598, 0.3011, 0.30008, 0.28469, 
0.2601, 0.26933, 0.29757, 0.28954, 0.0641, 0.0694, 0.0793, 0.0879, 
0.0983, 0.1029, 0.1162, 0.1308, 0.1269, 0.1387, 0.1529, 160, 
176, 192, 208, 224, 240, 256, 272, 285.5, 300.2, 313.1, 1539, 
13, 85, 868, 908, 887, 714, 490, 1387, 2449, 1398, 1, 10, 4, 
2, 3, 1, 4, 5, 1, 1, 2, 100, 100, 100, 100, 100, 100, 100, 100, 
100, 100, 100, 2500, 2500, 2500, 2500, 2500, 2500, 2500, 2500, 
2500, 2500, 2500, 7753.528, 7948.501, 8138.348, 8591.775, 8843.435, 
9193.65399999999, 9439.47099999999, 9848.96400000001, 10200.155, 
10674.339, 11308.148, 1, 1, 1, 1, 1, 1, 1, 1, 1, 1, 1, 0.025, 
0.025, 0.025, 0.025, 0.025, 0.025, 0.025, 0.025, 0.025, 0.025, 
0.025, 0, 0, 0, 0, 0, 0, 0, 0, 0, 0, 0, 0, 0, 0, 0, 0, 0, 0, 
0, 0, 0, 0, 0.29562, 0.26953, 0.27991, 0.27701, 0.30811, 0.27015, 
0.28673, 0.26896, 0.26054, 0.28496, 0.28703, 0.30015, 0.27303, 
0.27051, 0.29628, 0.30544, 0.28369, 0.28059, 0.25633, 0.25807, 
0.29236, 0.28273, 0.0604, 0.069, 0.0766, 0.088, 0.0923, 0.1025, 
0.1118, 0.1215, 0.1384, 0.1508, 0.1683, 160, 176, 192, 208, 224, 
240, 256, 272, 288, 304, 320, 1, 1, 1, 1, 1, 1, 1, 1, 1, 1, 1, 
1, 1, 1, 1, 1, 1, 1, 1, 1, 1, 1, 1, 1, 1, 1, 1, 1, 1, 1, 1, 1, 
1, 1, 1, 1, 1, 1, 1, 1, 1, 1, 1, 1, 2.98, 3.194, 3.239, 3.5, 
3.388, 3.432, 3.545, 3.586, 3.993, 4.152, 4.423), .Dim = c(11L, 
40L), .Dimnames = list(NULL, c("Sampling", "PSO.cost", "PSO.gamma", 
"PSO.data.balancing", "PSO.feature.selection", "PSO.valid.acc", 
"PSO.test.acc", "PSO.train.time", "PSO.n.support.vectors", "PSO.index", 
"PSO.n.solutions", "PSO.generations", "PSO.n.evaluations", "PSO.cpu.time", 
"RS.cost", "RS.gamma", "RS.data.balancing", "RS.feature.selection", 
"RS.valid.acc", "RS.test.acc", "RS.train.time", "RS.n.support.vectors", 
"RS.index", "RS.n.solutions", "RS.generations", "RS.n.evaluations", 
"RS.cpu.time", "DF.cost", "DF.gamma", "DF.data.balancing", "DF.feature.selection", 
"DF.valid.acc", "DF.test.acc", "DF.train.time", "DF.n.support.vectors", 
"DF.index", "DF.n.solutions", "DF.generations", "DF.n.evaluations", 
"DF.cpu.time")))
