full <-
structure(c(50, 55, 60, 65, 70, 75, 80, 85, 90, 95, 100, 0.40571, 
5.7467, 3.77193, 3.2841, 0.07691, 2.62372, 2.94222, 0.04929, 
4.22491, 1.60222, 0.15484, -4.72433, -4.27216, -9.77212, -10.4286, 
-4.70027, -9.13546, -3.97556, -5.9896, -11.49877, -7.38482, -5.08426, 
0, 0, 0, 0, 0, 0, 0, 0, 0, 0, 0, 0, 0, 0, 0, 0, 0, 0, 0, 0, 0, 
0, 0.34339, 0.32002, 0.33883, 0.30877, 0.32116, 0.3235, 0.30678, 
0.3269, 0.3225, 0.33214, 0.31854, 0.31373, 0.29341, 0.31813, 
0.29676, 0.27509, 0.31328, 0.29661, 0.32359, 0.31091, 0.30823, 
0.30134, 0.063, 0.0686, 0.0722, 0.0805, 0.094, 0.0952, 0.1183, 
0.1321, 0.127, 0.1472, 0.171, 160, 176, 189.9, 206.7, 224, 238.1, 
256, 271.3, 284.1, 300.2, 319.9, 1273, 196, 1813, 768, 2468, 
730, 339, 1711, 290, 439, 942, 14, 406, 2, 30, 1, 39, 549, 1, 
52, 150, 204, 100, 100, 100, 100, 100, 100, 100, 100, 100, 100, 
100, 2500, 2500, 2500, 2500, 2500, 2500, 2500, 2500, 2500, 2500, 
2500, 8369.673, 8429.619, 8387.66, 8676.654, 8889.261, 9034.71799999999, 
9549.03199999999, 11633.344, 11642.139, 12459.187, 13050.447, 
0.34852, 2.89665, 3.57334, 5.39115, 1.30166, 4.03558, 14.71625, 
3.52803, 2.09113, 1.64528, 0.06701, -5.23173, -4.26334, -9.56395, 
-12.56465, -8.69064, -10.53472, -3.97459, -10.84673, -9.28375, 
-7.526, -5.26428, 0, 0, 0, 0, 0, 0, 0, 0, 0, 0, 0, 0, 0, 0, 0, 
0, 0, 0, 0, 0, 0, 0, 0.33783, 0.32002, 0.33883, 0.30877, 0.31745, 
0.32029, 0.30678, 0.32654, 0.3198, 0.32674, 0.31348, 0.3182, 
0.29341, 0.31813, 0.3045, 0.29958, 0.30661, 0.29661, 0.32637, 
0.30543, 0.31322, 0.29621, 0.0638, 0.0714, 0.0718, 0.0796, 0.0883, 
0.0968, 0.1152, 0.1165, 0.1287, 0.1464, 0.1719, 160, 176, 190.1, 
206.6, 223.1, 237.6, 256, 268.7, 284.9, 299.9, 319.9, 1606, 668, 
1165, 591, 1235, 1751, 856, 704, 1120, 373, 410, 1, 3, 1, 3, 
1, 1, 1, 5, 3, 2, 1, 100, 100, 100, 100, 100, 100, 100, 100, 
100, 100, 100, 2500, 2500, 2500, 2500, 2500, 2500, 2500, 2500, 
2500, 2500, 2500, 8255.766, 8457.755, 8497.102, 8758.40300000001, 
9084.25099999999, 9206.15999999999, 9689.58700000001, 11988.895, 
12301.836, 13078.356, 13544.812, 1, 1, 1, 1, 1, 1, 1, 1, 1, 1, 
1, 0.025, 0.025, 0.025, 0.025, 0.025, 0.025, 0.025, 0.025, 0.025, 
0.025, 0.025, 0, 0, 0, 0, 0, 0, 0, 0, 0, 0, 0, 0, 0, 0, 0, 0, 
0, 0, 0, 0, 0, 0, 0.31233, 0.31109, 0.30141, 0.30117, 0.32091, 
0.30037, 0.28565, 0.32128, 0.29736, 0.31122, 0.30847, 0.3126, 
0.29299, 0.30074, 0.27817, 0.2784, 0.30695, 0.30375, 0.3178, 
0.30191, 0.31098, 0.29621, 0.0616, 0.0694, 0.0766, 0.0821, 0.0942, 
0.1044, 0.1228, 0.1258, 0.1363, 0.1575, 0.1715, 160, 176, 192, 
208, 224, 240, 255.9, 271.8, 287.9, 303.9, 319.8, 1, 1, 1, 1, 
1, 1, 1, 1, 1, 1, 1, 1, 1, 1, 1, 1, 1, 1, 1, 1, 1, 1, 1, 1, 1, 
1, 1, 1, 1, 1, 1, 1, 1, 1, 1, 1, 1, 1, 1, 1, 1, 1, 1, 1, 3.279, 
3.291, 3.336, 3.244, 3.583, 3.658, 4.788, 4.477, 4.55, 5.026, 
5.186), .Dim = c(11L, 40L), .Dimnames = list(NULL, c("Sampling", 
"PSO.cost", "PSO.gamma", "PSO.data.balancing", "PSO.feature.selection", 
"PSO.valid.acc", "PSO.test.acc", "PSO.train.time", "PSO.n.support.vectors", 
"PSO.index", "PSO.n.solutions", "PSO.generations", "PSO.n.evaluations", 
"PSO.cpu.time", "RS.cost", "RS.gamma", "RS.data.balancing", "RS.feature.selection", 
"RS.valid.acc", "RS.test.acc", "RS.train.time", "RS.n.support.vectors", 
"RS.index", "RS.n.solutions", "RS.generations", "RS.n.evaluations", 
"RS.cpu.time", "DF.cost", "DF.gamma", "DF.data.balancing", "DF.feature.selection", 
"DF.valid.acc", "DF.test.acc", "DF.train.time", "DF.n.support.vectors", 
"DF.index", "DF.n.solutions", "DF.generations", "DF.n.evaluations", 
"DF.cpu.time")))
