full <-
structure(c(50, 55, 60, 65, 70, 75, 80, 85, 90, 95, 100, 1, 1, 
1, 1, 1, 1, 1, 1, 1, 1, 1, 0.16667, 0.16667, 0.16667, 0.16667, 
0.16667, 0.16667, 0.16667, 0.16667, 0.16667, 0.16667, 0.16667, 
0, 0, 0, 0, 0, 0, 0, 0, 0, 0, 0, 0, 0, 0, 0, 0, 0, 0, 0, 0, 0, 
0, 1, 1, 1, 1, 1, 1, 1, 1, 1, 1, 1, 1, 1, 1, 1, 1, 1, 1, 1, 1, 
1, 1, 0.0105, 0.0104, 0.0107, 0.0109, 0.0105, 0.0108, 0.0108, 
0.0107, 0.0108, 0.0106, 0.0106, 14.4, 15.8, 16.9, 17.4, 18.4, 
17.8, 18.3, 18.4, 18.4, 18.3, 18.5, 1, 1, 1, 1, 1, 1, 1, 1, 1, 
1, 1, 2125, 2216, 2209, 2251, 2100, 2279, 2167, 2221, 2230, 2125, 
2250, 100, 100, 100, 100, 100, 100, 100, 100, 100, 100, 100, 
2500, 2500, 2500, 2500, 2500, 2500, 2500, 2500, 2500, 2500, 2500, 
7162.022, 7468.17, 7383.872, 7305.214, 7276.524, 7270.59599999999, 
7189.961, 7229.849, 7241.94100000001, 7323.84399999998, 7204.94700000001, 
13.86508, 13.15108, 10.27564, 5.85699, 14.15023, 7.44625, 7.14437, 
2.33963, 10.74515, 9.01341, 6.42178, -11.65023, -3.11732, 0.2264, 
-2.17079, -14.23457, -0.89369, -4.12002, 1.78197, 0.92893, 1.69109, 
-4.6834, 0, 0, 0, 0, 0, 0, 0, 0, 0, 0, 0, 0, 0, 0, 0, 0, 0, 0, 
0, 0, 0, 0, 1, 1, 1, 1, 1, 1, 1, 1, 1, 1, 1, 1, 1, 1, 1, 1, 1, 
1, 1, 1, 1, 1, 0.0102, 0.0102, 0.0104, 0.0106, 0.0104, 0.0107, 
0.011, 0.0111, 0.0116, 0.0112, 0.0109, 5, 5, 19.1, 7.8, 5.8, 
13.5, 5, 24.1, 20.6, 24, 5, 2, 1, 1, 2, 1, 1, 2, 1, 1, 1, 1, 
1766, 1811, 1923, 1869, 1889, 1857, 1918, 1933, 1958, 1857, 1960, 
100, 100, 100, 100, 100, 100, 100, 100, 100, 100, 100, 2500, 
2500, 2500, 2500, 2500, 2500, 2500, 2500, 2500, 2500, 2500, 7359.019, 
7443.613, 7326.2, 7301.29399999999, 7283.859, 7253.38699999999, 
7253.424, 7200.96299999999, 7380.791, 7378.57800000001, 7149.83599999998, 
1, 1, 1, 1, 1, 1, 1, 1, 1, 1, 1, 0.16667, 0.16667, 0.16667, 0.16667, 
0.16667, 0.16667, 0.16667, 0.16667, 0.16667, 0.16667, 0.16667, 
0, 0, 0, 0, 0, 0, 0, 0, 0, 0, 0, 0, 0, 0, 0, 0, 0, 0, 0, 0, 0, 
0, 1, 1, 1, 1, 1, 1, 1, 1, 1, 1, 1, 1, 1, 1, 1, 1, 1, 1, 1, 1, 
1, 1, 0.0103, 0.0106, 0.0102, 0.0103, 0.0105, 0.011, 0.0108, 
0.0108, 0.011, 0.0103, 0.0108, 14.4, 15.8, 16.9, 17.4, 18.4, 
17.8, 18.3, 18.4, 18.4, 18.3, 18.5, 1, 1, 1, 1, 1, 1, 1, 1, 1, 
1, 1, 1, 1, 1, 1, 1, 1, 1, 1, 1, 1, 1, 1, 1, 1, 1, 1, 1, 1, 1, 
1, 1, 1, 1, 1, 1, 1, 1, 1, 1, 1, 1, 1, 1, 2.95, 2.969, 2.94, 
2.937, 2.911, 2.919, 2.932, 2.859, 2.925, 2.747, 2.817), .Dim = c(11L, 
40L), .Dimnames = list(NULL, c("Sampling", "PSO.cost", "PSO.gamma", 
"PSO.data.balancing", "PSO.feature.selection", "PSO.valid.acc", 
"PSO.test.acc", "PSO.train.time", "PSO.n.support.vectors", "PSO.index", 
"PSO.n.solutions", "PSO.generations", "PSO.n.evaluations", "PSO.cpu.time", 
"RS.cost", "RS.gamma", "RS.data.balancing", "RS.feature.selection", 
"RS.valid.acc", "RS.test.acc", "RS.train.time", "RS.n.support.vectors", 
"RS.index", "RS.n.solutions", "RS.generations", "RS.n.evaluations", 
"RS.cpu.time", "DF.cost", "DF.gamma", "DF.data.balancing", "DF.feature.selection", 
"DF.valid.acc", "DF.test.acc", "DF.train.time", "DF.n.support.vectors", 
"DF.index", "DF.n.solutions", "DF.generations", "DF.n.evaluations", 
"DF.cpu.time")))
