full <-
structure(c(50, 55, 60, 65, 70, 75, 80, 85, 90, 95, 100, 1, 1, 
1, 1, 1, 1, 1, 1, 1, 1, 1, 0.16667, 0.16667, 0.16667, 0.16667, 
0.16667, 0.16667, 0.16667, 0.16667, 0.16667, 0.16667, 0.16667, 
0, 0, 0, 0, 0, 0, 0, 0, 0, 0, 0, 0, 0, 0, 0, 0, 0, 0, 0, 0, 0, 
0, 1, 1, 1, 1, 1, 1, 1, 1, 1, 1, 1, 1, 1, 1, 1, 1, 1, 1, 1, 1, 
1, 1, 0.0108, 0.0099, 0.0101, 0.0104, 0.0102, 0.0102, 0.01, 0.0104, 
0.0097, 0.0101, 0.0105, 15.7, 17.2, 17.1, 17.3, 17.6, 17.5, 18.1, 
18, 17.8, 18.2, 18.3, 1, 1, 1, 1, 1, 1, 1, 1, 1, 1, 1, 2183, 
2291, 2260, 2260, 2205, 2154, 2237, 2218, 2222, 2196, 2278, 100, 
100, 100, 100, 100, 100, 100, 100, 100, 100, 100, 2500, 2500, 
2500, 2500, 2500, 2500, 2500, 2500, 2500, 2500, 2500, 6777.753, 
6874.202, 6877.571, 6835.858, 6632.063, 6647.33199999999, 6846.033, 
6808.569, 6684.70599999999, 6653.875, 6622.71100000001, 14.03696, 
3.61678, 7.83081, 10.64297, 11.21996, 6.81945, 14.06384, -1.019, 
11.82503, 11.73519, 14.28632, -5.60669, -1.12515, -8.46854, -13.93449, 
-13.12233, -10.16667, -10.80122, -1.0475, -10.55398, -11.29192, 
-4.74849, 0, 0, 0, 0, 0, 0, 0, 0, 0, 0, 0, 0, 0, 0, 0, 0, 0, 
0, 0, 0, 0, 0, 1, 1, 1, 1, 1, 1, 1, 1, 1, 1, 1, 1, 1, 1, 1, 1, 
1, 1, 1, 1, 1, 1, 0.0098, 0.01, 0.0101, 0.0103, 0.0098, 0.01, 
0.01, 0.0105, 0.01, 0.0097, 0.01, 5, 13.1, 6, 17.6, 10.4, 18.1, 
5, 23.6, 5, 5, 5, 1, 2, 1, 1, 1, 1, 1, 1, 1, 1, 1, 1834, 1869, 
1859, 1864, 1824, 1864, 1951, 1893, 1934, 1937, 1870, 100, 100, 
100, 100, 100, 100, 100, 100, 100, 100, 100, 2500, 2500, 2500, 
2500, 2500, 2500, 2500, 2500, 2500, 2500, 2500, 6837.815, 6874.368, 
6847.863, 6869.117, 6668.547, 6710.564, 6834.59600000001, 6741.178, 
6668.414, 6640.48600000002, 6585.55000000002, 1, 1, 1, 1, 1, 
1, 1, 1, 1, 1, 1, 0.16667, 0.16667, 0.16667, 0.16667, 0.16667, 
0.16667, 0.16667, 0.16667, 0.16667, 0.16667, 0.16667, 0, 0, 0, 
0, 0, 0, 0, 0, 0, 0, 0, 0, 0, 0, 0, 0, 0, 0, 0, 0, 0, 0, 1, 1, 
1, 1, 1, 1, 1, 1, 1, 1, 1, 1, 1, 1, 1, 1, 1, 1, 1, 1, 1, 1, 0.0102, 
0.0099, 0.0101, 0.0105, 0.0103, 0.0102, 0.0103, 0.0102, 0.0104, 
0.01, 0.0101, 15.7, 17.2, 17.1, 17.3, 17.6, 17.5, 18.1, 18, 17.8, 
18.2, 18.3, 1, 1, 1, 1, 1, 1, 1, 1, 1, 1, 1, 1, 1, 1, 1, 1, 1, 
1, 1, 1, 1, 1, 1, 1, 1, 1, 1, 1, 1, 1, 1, 1, 1, 1, 1, 1, 1, 1, 
1, 1, 1, 1, 1, 1, 2.743, 2.723, 2.733, 2.738, 2.73, 2.727, 2.747, 
2.684, 2.636, 2.645, 2.567), .Dim = c(11L, 40L), .Dimnames = list(
    NULL, c("Sampling", "PSO.cost", "PSO.gamma", "PSO.data.balancing", 
    "PSO.feature.selection", "PSO.valid.acc", "PSO.test.acc", 
    "PSO.train.time", "PSO.n.support.vectors", "PSO.index", "PSO.n.solutions", 
    "PSO.generations", "PSO.n.evaluations", "PSO.cpu.time", "RS.cost", 
    "RS.gamma", "RS.data.balancing", "RS.feature.selection", 
    "RS.valid.acc", "RS.test.acc", "RS.train.time", "RS.n.support.vectors", 
    "RS.index", "RS.n.solutions", "RS.generations", "RS.n.evaluations", 
    "RS.cpu.time", "DF.cost", "DF.gamma", "DF.data.balancing", 
    "DF.feature.selection", "DF.valid.acc", "DF.test.acc", "DF.train.time", 
    "DF.n.support.vectors", "DF.index", "DF.n.solutions", "DF.generations", 
    "DF.n.evaluations", "DF.cpu.time")))
