full <-
structure(c(50, 55, 60, 65, 70, 75, 80, 85, 90, 95, 100, 1, 1, 
1, 1, 1, 1, 1, 1, 1, 1, 1, 0.16667, 0.16667, 0.16667, 0.16667, 
0.16667, 0.16667, 0.16667, 0.16667, 0.16667, 0.16667, 0.16667, 
0, 0, 0, 0, 0, 0, 0, 0, 0, 0, 0, 0, 0, 0, 0, 0, 0, 0, 0, 0, 0, 
0, 1, 1, 1, 1, 1, 1, 1, 1, 1, 1, 1, 0.98333, 1, 1, 1, 1, 1, 1, 
1, 1, 1, 1, 0.0119, 0.0102, 0.0103, 0.0104, 0.0106, 0.0098, 0.0094, 
0.0105, 0.01, 0.0105, 0.0107, 16.1, 16.5, 16.4, 17.7, 18, 18.4, 
18.2, 18.5, 18.1, 18, 18.4, 1, 1, 1, 1, 1, 1, 1, 1, 1, 1, 1, 
1874, 1947, 2244, 2216, 2190, 2314, 2122, 2271, 2304, 2312, 2191, 
100, 100, 100, 100, 100, 100, 100, 100, 100, 100, 100, 2500, 
2500, 2500, 2500, 2500, 2500, 2500, 2500, 2500, 2500, 2500, 6624.889, 
6787.829, 6926.173, 6878.566, 6556.407, 6382.819, 6560.603, 6666.414, 
6573.905, 6793.00600000001, 6589.41800000001, 2.92967, 9.47118, 
11.02984, 4.0651, 11.57727, 6.24458, 10.67914, 8.07895, 3.54597, 
-0.18998, 13.72149, -0.676, -11.79647, -13.31097, -6.91902, -12.12212, 
-0.74335, -8.3751, -10.31643, -1.91957, 2.57636, -7.4819, 0, 
0, 0, 0, 0, 0, 0, 0, 0, 0, 0, 0, 0, 0, 0, 0, 0, 0, 0, 0, 0, 0, 
1, 1, 1, 1, 1, 1, 1, 1, 1, 1, 1, 0.98333, 1, 1, 1, 1, 1, 1, 1, 
1, 1, 1, 0.0093, 0.0095, 0.0094, 0.01, 0.0097, 0.0104, 0.0102, 
0.0097, 0.0102, 0.0112, 0.0102, 13.9, 11.8, 11.8, 14.8, 6.5, 
14.9, 5, 12.9, 10.6, 34, 5, 3, 1, 3, 1, 1, 1, 1, 1, 2, 1, 2, 
1603, 1660, 1814, 1856, 1890, 1878, 1941, 1905, 1921, 1874, 1863, 
100, 100, 100, 100, 100, 100, 100, 100, 100, 100, 100, 2500, 
2500, 2500, 2500, 2500, 2500, 2500, 2500, 2500, 2500, 2500, 6762.597, 
6892.478, 6901.158, 6752.41, 6427.912, 6387.375, 6717.465, 6759.95699999999, 
6699.77899999999, 6789.83199999999, 6413.05500000002, 1, 1, 1, 
1, 1, 1, 1, 1, 1, 1, 1, 0.16667, 0.16667, 0.16667, 0.16667, 0.16667, 
0.16667, 0.16667, 0.16667, 0.16667, 0.16667, 0.16667, 0, 0, 0, 
0, 0, 0, 0, 0, 0, 0, 0, 0, 0, 0, 0, 0, 0, 0, 0, 0, 0, 0, 1, 1, 
1, 1, 1, 1, 1, 1, 1, 1, 1, 0.98333, 1, 1, 1, 1, 1, 1, 1, 1, 1, 
1, 0.0102, 0.0106, 0.0101, 0.0107, 0.0094, 0.0093, 0.0108, 0.0102, 
0.0111, 0.0106, 0.0096, 16.1, 16.5, 16.4, 17.7, 18, 18.4, 18.2, 
18.5, 18.1, 18, 18.4, 1, 1, 1, 1, 1, 1, 1, 1, 1, 1, 1, 1, 1, 
1, 1, 1, 1, 1, 1, 1, 1, 1, 1, 1, 1, 1, 1, 1, 1, 1, 1, 1, 1, 1, 
1, 1, 1, 1, 1, 1, 1, 1, 1, 1, 2.766, 2.78, 2.752, 2.735, 2.474, 
2.462, 2.653, 2.699, 2.683, 2.704, 2.479), .Dim = c(11L, 40L), .Dimnames = list(
    NULL, c("Sampling", "PSO.cost", "PSO.gamma", "PSO.data.balancing", 
    "PSO.feature.selection", "PSO.valid.acc", "PSO.test.acc", 
    "PSO.train.time", "PSO.n.support.vectors", "PSO.index", "PSO.n.solutions", 
    "PSO.generations", "PSO.n.evaluations", "PSO.cpu.time", "RS.cost", 
    "RS.gamma", "RS.data.balancing", "RS.feature.selection", 
    "RS.valid.acc", "RS.test.acc", "RS.train.time", "RS.n.support.vectors", 
    "RS.index", "RS.n.solutions", "RS.generations", "RS.n.evaluations", 
    "RS.cpu.time", "DF.cost", "DF.gamma", "DF.data.balancing", 
    "DF.feature.selection", "DF.valid.acc", "DF.test.acc", "DF.train.time", 
    "DF.n.support.vectors", "DF.index", "DF.n.solutions", "DF.generations", 
    "DF.n.evaluations", "DF.cpu.time")))
