full <-
structure(c(50, 55, 60, 65, 70, 75, 80, 85, 90, 95, 100, 1, 1, 
1, 1, 1, 1, 1, 1, 1, 1, 1, 0.16667, 0.16667, 0.16667, 0.16667, 
0.16667, 0.16667, 0.16667, 0.16667, 0.16667, 0.16667, 0.16667, 
0, 0, 0, 0, 0, 0, 0, 0, 0, 0, 0, 0, 0, 0, 0, 0, 0, 0, 0, 0, 0, 
0, 1, 1, 1, 1, 1, 1, 1, 1, 1, 1, 1, 1, 1, 1, 1, 1, 1, 1, 1, 1, 
1, 1, 0.0112, 0.0109, 0.0108, 0.0103, 0.0106, 0.0103, 0.0105, 
0.0108, 0.0106, 0.011, 0.0106, 14.6, 16.6, 16.6, 17.2, 18, 18.3, 
18.4, 18.4, 18.2, 18.5, 18.6, 1, 1, 1, 1, 1, 1, 1, 1, 1, 1, 1, 
2252, 2076, 2234, 2243, 2226, 2235, 2195, 2223, 2229, 2124, 2242, 
100, 100, 100, 100, 100, 100, 100, 100, 100, 100, 100, 2500, 
2500, 2500, 2500, 2500, 2500, 2500, 2500, 2500, 2500, 2500, 7164.521, 
6874.574, 7252.825, 7179.073, 7194.023, 7027.788, 7102.71100000001, 
7283.997, 7082.886, 7069.93200000002, 6792.14599999998, 14.76289, 
13.15868, 5.52898, -0.91992, 14.15673, 2.72, 8.45255, 10.82183, 
10.90424, 4.44716, 11.22765, 1.31687, -0.91296, -4.2963, 1.84483, 
2.08849, -0.9355, -7.47659, -1.73662, -9.62804, -0.54845, -13.74225, 
0, 0, 0, 0, 0, 0, 0, 0, 0, 0, 0, 0, 0, 0, 0, 0, 0, 0, 0, 0, 0, 
0, 1, 1, 1, 1, 1, 1, 1, 1, 1, 1, 1, 1, 1, 1, 1, 1, 1, 1, 1, 1, 
1, 1, 0.0108, 0.0098, 0.0097, 0.0112, 0.0114, 0.0096, 0.0124, 
0.0107, 0.0126, 0.0119, 0.0104, 20.2, 12.8, 5, 37.3, 24.7, 13.3, 
5, 11.2, 5, 16.6, 15.1, 2, 1, 1, 1, 1, 1, 2, 1, 1, 1, 1, 1808, 
1730, 1877, 1891, 1862, 1949, 1878, 1885, 1924, 1910, 1940, 100, 
100, 100, 100, 100, 100, 100, 100, 100, 100, 100, 2500, 2500, 
2500, 2500, 2500, 2500, 2500, 2500, 2500, 2500, 2500, 7110.064, 
7011.956, 7202.311, 7172.445, 7026.019, 7165.666, 7055.79300000001, 
7129.70599999999, 7028.68000000001, 6974.209, 6926.28, 1, 1, 
1, 1, 1, 1, 1, 1, 1, 1, 1, 0.16667, 0.16667, 0.16667, 0.16667, 
0.16667, 0.16667, 0.16667, 0.16667, 0.16667, 0.16667, 0.16667, 
0, 0, 0, 0, 0, 0, 0, 0, 0, 0, 0, 0, 0, 0, 0, 0, 0, 0, 0, 0, 0, 
0, 1, 1, 1, 1, 1, 1, 1, 1, 1, 1, 1, 1, 1, 1, 1, 1, 1, 1, 1, 1, 
1, 1, 0.0128, 0.0103, 0.0108, 0.013, 0.0104, 0.0109, 0.0113, 
0.0108, 0.0116, 0.0099, 0.0108, 14.6, 16.6, 16.6, 17.2, 18, 18.3, 
18.4, 18.4, 18.2, 18.5, 18.6, 1, 1, 1, 1, 1, 1, 1, 1, 1, 1, 1, 
1, 1, 1, 1, 1, 1, 1, 1, 1, 1, 1, 1, 1, 1, 1, 1, 1, 1, 1, 1, 1, 
1, 1, 1, 1, 1, 1, 1, 1, 1, 1, 1, 1, 2.893, 2.911, 2.898, 2.887, 
2.723, 2.906, 2.907, 2.9, 2.811, 2.535, 2.739), .Dim = c(11L, 
40L), .Dimnames = list(NULL, c("Sampling", "PSO.cost", "PSO.gamma", 
"PSO.data.balancing", "PSO.feature.selection", "PSO.valid.acc", 
"PSO.test.acc", "PSO.train.time", "PSO.n.support.vectors", "PSO.index", 
"PSO.n.solutions", "PSO.generations", "PSO.n.evaluations", "PSO.cpu.time", 
"RS.cost", "RS.gamma", "RS.data.balancing", "RS.feature.selection", 
"RS.valid.acc", "RS.test.acc", "RS.train.time", "RS.n.support.vectors", 
"RS.index", "RS.n.solutions", "RS.generations", "RS.n.evaluations", 
"RS.cpu.time", "DF.cost", "DF.gamma", "DF.data.balancing", "DF.feature.selection", 
"DF.valid.acc", "DF.test.acc", "DF.train.time", "DF.n.support.vectors", 
"DF.index", "DF.n.solutions", "DF.generations", "DF.n.evaluations", 
"DF.cpu.time")))
