full <-
structure(c(50, 55, 60, 65, 70, 75, 80, 85, 90, 95, 100, 10.79902, 
1, 1, 1, 1, 1, 1, 1, 1, 1, 1, -11.99813, 0.16667, 0.16667, 0.16667, 
0.16667, 0.16667, 0.16667, 0.16667, 0.16667, 0.16667, 0.16667, 
0, 0, 0, 0, 0, 0, 0, 0, 0, 0, 0, 0, 0, 0, 0, 0, 0, 0, 0, 0, 0, 
0, 1, 1, 1, 1, 1, 1, 1, 1, 1, 1, 1, 1, 1, 1, 1, 1, 1, 1, 1, 1, 
1, 1, 0.0116, 0.0119, 0.0104, 0.0108, 0.0121, 0.0111, 0.0116, 
0.0111, 0.0109, 0.012, 0.0125, 7.4, 15.2, 15.7, 16.7, 17.1, 17.7, 
17.9, 18.3, 18.4, 18.4, 18.5, 3, 1, 1, 1, 1, 1, 1, 1, 1, 1, 1, 
2025, 2169, 2161, 2253, 2209, 2067, 2009, 2166, 2289, 2306, 2119, 
100, 100, 100, 100, 100, 100, 100, 100, 100, 100, 100, 2500, 
2500, 2500, 2500, 2500, 2500, 2500, 2500, 2500, 2500, 2500, 9201.859, 
9460.561, 9040.596, 9024.59899999999, 9109.06300000001, 8999.788, 
8971.637, 8706.435, 8923.71300000002, 9064.44700000001, 9550.79699999999, 
9.63633, 9.01672, 0.74249, 0.96143, 9.84001, 9.47106, 3.09363, 
-1.29355, 7.01844, 13.36507, 9.79863, -12.53586, -5.10735, 2.65946, 
-3.17216, -0.85076, -12.31862, -5.18876, 2.05735, -1.80947, -1.59745, 
-8.08217, 0, 0, 0, 0, 0, 0, 0, 0, 0, 0, 0, 0, 0, 0, 0, 0, 0, 
0, 0, 0, 0, 0, 1, 1, 1, 1, 1, 1, 1, 1, 1, 1, 1, 1, 1, 1, 1, 1, 
1, 1, 1, 1, 1, 1, 0.0119, 0.0115, 0.0123, 0.0113, 0.011, 0.0108, 
0.0111, 0.0122, 0.0109, 0.0114, 0.0125, 11.8, 5, 26.6, 12.9, 
14.6, 15.4, 11.7, 45, 11, 12.3, 5, 1, 2, 1, 1, 3, 1, 1, 1, 1, 
2, 2, 1098, 1773, 1759, 1808, 1899, 1893, 1840, 1872, 1922, 1934, 
1878, 100, 100, 100, 100, 100, 100, 100, 100, 100, 100, 100, 
2500, 2500, 2500, 2500, 2500, 2500, 2500, 2500, 2500, 2500, 2500, 
9428.39, 9485.183, 9095.693, 9114.13600000001, 9066.026, 9073.829, 
8828.17999999999, 8719.701, 9020.62299999999, 9333.00699999998, 
9478.01500000001, 1, 1, 1, 1, 1, 1, 1, 1, 1, 1, 1, 0.16667, 0.16667, 
0.16667, 0.16667, 0.16667, 0.16667, 0.16667, 0.16667, 0.16667, 
0.16667, 0.16667, 0, 0, 0, 0, 0, 0, 0, 0, 0, 0, 0, 0, 0, 0, 0, 
0, 0, 0, 0, 0, 0, 0, 0.98, 1, 1, 1, 1, 1, 1, 1, 1, 1, 1, 1, 1, 
1, 1, 1, 1, 1, 1, 1, 1, 1, 0.0119, 0.0103, 0.0108, 0.012, 0.0107, 
0.0108, 0.0115, 0.0108, 0.0121, 0.0123, 0.0115, 13.5, 15.2, 15.7, 
16.7, 17.1, 17.7, 17.9, 18.3, 18.4, 18.4, 18.5, 1, 1, 1, 1, 1, 
1, 1, 1, 1, 1, 1, 1, 1, 1, 1, 1, 1, 1, 1, 1, 1, 1, 1, 1, 1, 1, 
1, 1, 1, 1, 1, 1, 1, 1, 1, 1, 1, 1, 1, 1, 1, 1, 1, 1, 3.775, 
3.436, 3.423, 3.823, 3.356, 3.442, 3.485, 3.343, 3.713, 3.787, 
3.727), .Dim = c(11L, 40L), .Dimnames = list(NULL, c("Sampling", 
"PSO.cost", "PSO.gamma", "PSO.data.balancing", "PSO.feature.selection", 
"PSO.valid.acc", "PSO.test.acc", "PSO.train.time", "PSO.n.support.vectors", 
"PSO.index", "PSO.n.solutions", "PSO.generations", "PSO.n.evaluations", 
"PSO.cpu.time", "RS.cost", "RS.gamma", "RS.data.balancing", "RS.feature.selection", 
"RS.valid.acc", "RS.test.acc", "RS.train.time", "RS.n.support.vectors", 
"RS.index", "RS.n.solutions", "RS.generations", "RS.n.evaluations", 
"RS.cpu.time", "DF.cost", "DF.gamma", "DF.data.balancing", "DF.feature.selection", 
"DF.valid.acc", "DF.test.acc", "DF.train.time", "DF.n.support.vectors", 
"DF.index", "DF.n.solutions", "DF.generations", "DF.n.evaluations", 
"DF.cpu.time")))
