full <-
structure(c(50, 55, 60, 65, 70, 75, 80, 85, 90, 95, 100, 1, 1, 
1, 1, 1, 1, 1, 1, 1, 1, 1, 0.16667, 0.16667, 0.16667, 0.16667, 
0.16667, 0.16667, 0.16667, 0.16667, 0.16667, 0.16667, 0.16667, 
0, 0, 0, 0, 0, 0, 0, 0, 0, 0, 0, 0, 0, 0, 0, 0, 0, 0, 0, 0, 0, 
0, 1, 1, 1, 1, 1, 1, 1, 1, 1, 1, 1, 1, 1, 1, 1, 1, 1, 1, 1, 1, 
1, 1, 0.0099, 0.0095, 0.0098, 0.0097, 0.0096, 0.0104, 0.01, 0.0102, 
0.0104, 0.01, 0.0105, 15.2, 15.9, 15.8, 17.3, 17.2, 16.8, 17.8, 
18.2, 18.2, 18.4, 17.9, 1, 1, 1, 1, 1, 1, 1, 1, 1, 1, 1, 2239, 
2066, 2273, 2207, 2131, 2237, 2073, 2341, 2280, 2289, 2200, 100, 
100, 100, 100, 100, 100, 100, 100, 100, 100, 100, 2500, 2500, 
2500, 2500, 2500, 2500, 2500, 2500, 2500, 2500, 2500, 6818.262, 
6784.759, 6768.876, 6717.853, 6706.277, 6707.522, 6762.856, 6738.618, 
6735.243, 6646.508, 6699.416, 13.09456, 10.48614, 10.57186, 9.24992, 
5.82209, 6.05482, 3.81133, 7.33567, 10.01464, 2.80473, 10.39574, 
1.424, -0.18786, -2.53272, -5.81275, -4.83927, -0.10565, -6.86498, 
-7.59046, -5.98008, 2.14121, -14.92677, 0, 0, 0, 0, 0, 0, 0, 
0, 0, 0, 0, 0, 0, 0, 0, 0, 0, 0, 0, 0, 0, 0, 1, 1, 1, 1, 1, 1, 
1, 1, 1, 1, 1, 1, 1, 1, 1, 1, 1, 1, 1, 1, 1, 1, 0.0096, 0.0102, 
0.0101, 0.0094, 0.0102, 0.0108, 0.0101, 0.0099, 0.01, 0.0101, 
0.011, 20, 17.7, 6.9, 5, 5, 18.4, 16.9, 6, 5, 25.9, 31.6, 1, 
1, 1, 2, 2, 1, 1, 1, 1, 1, 1, 1658, 1678, 1690, 1838, 1702, 1829, 
1804, 1915, 1872, 1817, 1926, 100, 100, 100, 100, 100, 100, 100, 
100, 100, 100, 100, 2500, 2500, 2500, 2500, 2500, 2500, 2500, 
2500, 2500, 2500, 2500, 6786.206, 6766.51, 6770.42, 6730.521, 
6695.56, 6712.826, 6749.022, 6750.277, 6710.47100000001, 6650.81999999999, 
6641.41, 1, 1, 1, 1, 1, 1, 1, 1, 1, 1, 1, 0.16667, 0.16667, 0.16667, 
0.16667, 0.16667, 0.16667, 0.16667, 0.16667, 0.16667, 0.16667, 
0.16667, 0, 0, 0, 0, 0, 0, 0, 0, 0, 0, 0, 0, 0, 0, 0, 0, 0, 0, 
0, 0, 0, 0, 1, 1, 1, 1, 1, 1, 1, 1, 1, 1, 1, 1, 1, 1, 1, 1, 1, 
1, 1, 1, 1, 1, 0.0095, 0.0095, 0.0096, 0.0098, 0.0097, 0.0103, 
0.0102, 0.01, 0.0098, 0.0105, 0.0104, 15.2, 15.9, 15.8, 17.3, 
17.2, 16.8, 17.8, 18.2, 18.2, 18.4, 17.9, 1, 1, 1, 1, 1, 1, 1, 
1, 1, 1, 1, 1, 1, 1, 1, 1, 1, 1, 1, 1, 1, 1, 1, 1, 1, 1, 1, 1, 
1, 1, 1, 1, 1, 1, 1, 1, 1, 1, 1, 1, 1, 1, 1, 1, 2.711, 2.702, 
2.692, 2.671, 2.674, 2.715, 2.684, 2.68, 2.658, 2.663, 2.651), .Dim = c(11L, 
40L), .Dimnames = list(NULL, c("Sampling", "PSO.cost", "PSO.gamma", 
"PSO.data.balancing", "PSO.feature.selection", "PSO.valid.acc", 
"PSO.test.acc", "PSO.train.time", "PSO.n.support.vectors", "PSO.index", 
"PSO.n.solutions", "PSO.generations", "PSO.n.evaluations", "PSO.cpu.time", 
"RS.cost", "RS.gamma", "RS.data.balancing", "RS.feature.selection", 
"RS.valid.acc", "RS.test.acc", "RS.train.time", "RS.n.support.vectors", 
"RS.index", "RS.n.solutions", "RS.generations", "RS.n.evaluations", 
"RS.cpu.time", "DF.cost", "DF.gamma", "DF.data.balancing", "DF.feature.selection", 
"DF.valid.acc", "DF.test.acc", "DF.train.time", "DF.n.support.vectors", 
"DF.index", "DF.n.solutions", "DF.generations", "DF.n.evaluations", 
"DF.cpu.time")))
