full <-
structure(c(50, 55, 60, 65, 70, 75, 80, 85, 90, 95, 100, 1, 1, 
1, 1, 1, 1, 1, 1, 1, 1, 1, 0.16667, 0.16667, 0.16667, 0.16667, 
0.16667, 0.16667, 0.16667, 0.16667, 0.16667, 0.16667, 0.16667, 
0, 0, 0, 0, 0, 0, 0, 0, 0, 0, 0, 0, 0, 0, 0, 0, 0, 0, 0, 0, 0, 
0, 1, 1, 1, 1, 1, 1, 1, 1, 1, 1, 1, 1, 1, 1, 1, 1, 1, 1, 1, 1, 
1, 1, 0.0123, 0.0117, 0.0116, 0.0115, 0.0115, 0.0118, 0.0118, 
0.0117, 0.0118, 0.0107, 0.0112, 15.5, 17.1, 17.9, 18.1, 18.1, 
17.9, 18.4, 18.5, 18.4, 18.1, 18.4, 1, 1, 1, 1, 1, 1, 1, 1, 1, 
1, 1, 1996, 2193, 2326, 2113, 2292, 2218, 2279, 2188, 2250, 2286, 
2261, 100, 100, 100, 100, 100, 100, 100, 100, 100, 100, 100, 
2500, 2500, 2500, 2500, 2500, 2500, 2500, 2500, 2500, 2500, 2500, 
9104.166, 9146.244, 9148.306, 9112.634, 9135.914, 9140.08600000001, 
9131.302, 9137.399, 8658.12699999998, 8247.886, 8342.829, 11.27968, 
8.13697, 5.06078, 13.11113, 4.22375, 1.87283, 12.8142, 0.09236, 
-1.20618, 1.98033, 6.60955, 1.14111, -7.74404, -7.68405, 0.49414, 
-6.99747, -3.43433, -12.90105, 0.32102, -2.46706, 1.7098, -11.68076, 
0, 0, 0, 0, 0, 0, 0, 0, 0, 0, 0, 0, 0, 0, 0, 0, 0, 0, 0, 0, 0, 
0, 1, 1, 1, 1, 1, 1, 1, 1, 1, 1, 1, 1, 1, 1, 1, 1, 1, 1, 1, 1, 
1, 1, 0.0114, 0.0115, 0.0122, 0.0116, 0.0121, 0.0115, 0.0114, 
0.0119, 0.0122, 0.0113, 0.0116, 19.6, 5, 14.1, 17.8, 15.9, 10, 
6, 19.9, 30.4, 24, 37.5, 3, 1, 1, 1, 1, 2, 1, 1, 1, 1, 1, 1575, 
1809, 1893, 1752, 1933, 1883, 1907, 1916, 1912, 1934, 1977, 100, 
100, 100, 100, 100, 100, 100, 100, 100, 100, 100, 2500, 2500, 
2500, 2500, 2500, 2500, 2500, 2500, 2500, 2500, 2500, 9142.18, 
9150.337, 9146.90500000001, 9133.75999999999, 9130.17599999999, 
9153.787, 9148.14600000001, 9130.09599999999, 8381.75100000002, 
8160.538, 8300.041, 1, 1, 1, 1, 1, 1, 1, 1, 1, 1, 1, 0.16667, 
0.16667, 0.16667, 0.16667, 0.16667, 0.16667, 0.16667, 0.16667, 
0.16667, 0.16667, 0.16667, 0, 0, 0, 0, 0, 0, 0, 0, 0, 0, 0, 0, 
0, 0, 0, 0, 0, 0, 0, 0, 0, 0, 1, 1, 1, 1, 1, 1, 1, 1, 1, 1, 1, 
1, 1, 1, 1, 1, 1, 1, 1, 1, 1, 1, 0.0117, 0.0113, 0.0112, 0.0117, 
0.0113, 0.0122, 0.0115, 0.0115, 0.0109, 0.011, 0.0115, 15.5, 
17.1, 17.9, 18.1, 18.1, 17.9, 18.4, 18.5, 18.4, 18.1, 18.4, 1, 
1, 1, 1, 1, 1, 1, 1, 1, 1, 1, 1, 1, 1, 1, 1, 1, 1, 1, 1, 1, 1, 
1, 1, 1, 1, 1, 1, 1, 1, 1, 1, 1, 1, 1, 1, 1, 1, 1, 1, 1, 1, 1, 
1, 3.657, 3.643, 3.672, 3.655, 3.647, 3.665, 3.668, 3.53, 3.241, 
3.23, 3.356), .Dim = c(11L, 40L), .Dimnames = list(NULL, c("Sampling", 
"PSO.cost", "PSO.gamma", "PSO.data.balancing", "PSO.feature.selection", 
"PSO.valid.acc", "PSO.test.acc", "PSO.train.time", "PSO.n.support.vectors", 
"PSO.index", "PSO.n.solutions", "PSO.generations", "PSO.n.evaluations", 
"PSO.cpu.time", "RS.cost", "RS.gamma", "RS.data.balancing", "RS.feature.selection", 
"RS.valid.acc", "RS.test.acc", "RS.train.time", "RS.n.support.vectors", 
"RS.index", "RS.n.solutions", "RS.generations", "RS.n.evaluations", 
"RS.cpu.time", "DF.cost", "DF.gamma", "DF.data.balancing", "DF.feature.selection", 
"DF.valid.acc", "DF.test.acc", "DF.train.time", "DF.n.support.vectors", 
"DF.index", "DF.n.solutions", "DF.generations", "DF.n.evaluations", 
"DF.cpu.time")))
