full <-
structure(c(50, 55, 60, 65, 70, 75, 80, 85, 90, 95, 100, 1, 1, 
1, 1, 1, 1, 1, 1, 1, 1, 1, 0.16667, 0.16667, 0.16667, 0.16667, 
0.16667, 0.16667, 0.16667, 0.16667, 0.16667, 0.16667, 0.16667, 
0, 0, 0, 0, 0, 0, 0, 0, 0, 0, 0, 0, 0, 0, 0, 0, 0, 0, 0, 0, 0, 
0, 1, 1, 1, 1, 1, 1, 1, 1, 1, 1, 1, 1, 1, 1, 1, 1, 1, 1, 1, 1, 
1, 1, 0.0114, 0.0098, 0.0104, 0.0108, 0.0105, 0.0102, 0.0107, 
0.0104, 0.0106, 0.0105, 0.0105, 16, 16.7, 16.9, 17.1, 18.2, 18.2, 
17.9, 18.3, 18.4, 18.3, 18.2, 1, 1, 1, 1, 1, 1, 1, 1, 1, 1, 1, 
2262, 1816, 1901, 2188, 2255, 2185, 2094, 2199, 2142, 2215, 2136, 
100, 100, 100, 100, 100, 100, 100, 100, 100, 100, 100, 2500, 
2500, 2500, 2500, 2500, 2500, 2500, 2500, 2500, 2500, 2500, 6862.237, 
6796.582, 6910.686, 6839.667, 6671.267, 6710.902, 6688.807, 6704.022, 
6514.23300000001, 6759.652, 6725.00700000001, 14.19235, 10.9157, 
14.16911, 8.45336, 7.44023, 13.77859, 11.57474, 10.95224, 2.60106, 
8.57206, 5.9445, -7.47576, -11.05368, -14.12467, -10.58878, -8.33866, 
-9.23611, -10.85519, -5.27286, -2.44867, -0.11363, -1.93807, 
0, 0, 0, 0, 0, 0, 0, 0, 0, 0, 0, 0, 0, 0, 0, 0, 0, 0, 0, 0, 0, 
0, 1, 1, 1, 1, 1, 1, 1, 1, 1, 1, 1, 1, 0.98333, 1, 1, 1, 1, 1, 
1, 1, 1, 1, 0.0102, 0.0102, 0.0096, 0.0098, 0.009, 0.0099, 0.0092, 
0.01, 0.0101, 0.0101, 0.0103, 5, 5.5, 5, 11.3, 7.1, 5, 5, 5, 
7, 18.9, 10.4, 1, 1, 1, 2, 1, 1, 1, 1, 3, 2, 1, 1894, 1582, 1780, 
1912, 1903, 1800, 1793, 1903, 1878, 1878, 1903, 100, 100, 100, 
100, 100, 100, 100, 100, 100, 100, 100, 2500, 2500, 2500, 2500, 
2500, 2500, 2500, 2500, 2500, 2500, 2500, 6804.405, 6876.379, 
6865.898, 6895.411, 6510.175, 6717.499, 6536.008, 6652.67700000001, 
6628.63299999999, 6685.30499999999, 6688.42600000001, 1, 1, 1, 
1, 1, 1, 1, 1, 1, 1, 1, 0.16667, 0.16667, 0.16667, 0.16667, 0.16667, 
0.16667, 0.16667, 0.16667, 0.16667, 0.16667, 0.16667, 0, 0, 0, 
0, 0, 0, 0, 0, 0, 0, 0, 0, 0, 0, 0, 0, 0, 0, 0, 0, 0, 0, 1, 1, 
1, 1, 1, 1, 1, 1, 1, 1, 1, 1, 1, 1, 1, 1, 1, 1, 1, 1, 1, 1, 0.0098, 
0.0107, 0.0104, 0.011, 0.0103, 0.0098, 0.0104, 0.0104, 0.0108, 
0.0111, 0.0098, 16, 16.7, 16.9, 17.1, 18.2, 18.2, 17.9, 18.3, 
18.4, 18.3, 18.2, 1, 1, 1, 1, 1, 1, 1, 1, 1, 1, 1, 1, 1, 1, 1, 
1, 1, 1, 1, 1, 1, 1, 1, 1, 1, 1, 1, 1, 1, 1, 1, 1, 1, 1, 1, 1, 
1, 1, 1, 1, 1, 1, 1, 1, 2.706, 2.797, 2.763, 2.764, 2.63, 2.698, 
2.677, 2.675, 2.716, 2.739, 2.491), .Dim = c(11L, 40L), .Dimnames = list(
    NULL, c("Sampling", "PSO.cost", "PSO.gamma", "PSO.data.balancing", 
    "PSO.feature.selection", "PSO.valid.acc", "PSO.test.acc", 
    "PSO.train.time", "PSO.n.support.vectors", "PSO.index", "PSO.n.solutions", 
    "PSO.generations", "PSO.n.evaluations", "PSO.cpu.time", "RS.cost", 
    "RS.gamma", "RS.data.balancing", "RS.feature.selection", 
    "RS.valid.acc", "RS.test.acc", "RS.train.time", "RS.n.support.vectors", 
    "RS.index", "RS.n.solutions", "RS.generations", "RS.n.evaluations", 
    "RS.cpu.time", "DF.cost", "DF.gamma", "DF.data.balancing", 
    "DF.feature.selection", "DF.valid.acc", "DF.test.acc", "DF.train.time", 
    "DF.n.support.vectors", "DF.index", "DF.n.solutions", "DF.generations", 
    "DF.n.evaluations", "DF.cpu.time")))
