full <-
structure(c(50, 55, 60, 65, 70, 75, 80, 85, 90, 95, 100, 1, 1, 
1, 1, 1, 1, 1, 1, 1, 1, 1, 0.16667, 0.16667, 0.16667, 0.16667, 
0.16667, 0.16667, 0.16667, 0.16667, 0.16667, 0.16667, 0.16667, 
0, 0, 0, 0, 0, 0, 0, 0, 0, 0, 0, 0, 0, 0, 0, 0, 0, 0, 0, 0, 0, 
0, 1, 1, 1, 1, 1, 1, 1, 1, 1, 1, 1, 1, 1, 1, 1, 1, 1, 1, 1, 1, 
1, 1, 0.0114, 0.0104, 0.0103, 0.0107, 0.0105, 0.0101, 0.0101, 
0.0108, 0.0109, 0.0109, 0.0108, 17.3, 17.1, 17.6, 17.9, 18.3, 
18, 18, 18, 18.4, 17.9, 17.9, 1, 1, 1, 1, 1, 1, 1, 1, 1, 1, 1, 
2194, 2063, 2127, 2004, 2331, 2053, 2310, 2241, 2173, 2232, 2253, 
100, 100, 100, 100, 100, 100, 100, 100, 100, 100, 100, 2500, 
2500, 2500, 2500, 2500, 2500, 2500, 2500, 2500, 2500, 2500, 7051.905, 
7063.777, 7116.105, 7033.181, 7010.535, 7019.648, 7000.83199999999, 
6962.606, 6940.94799999999, 6871.05599999998, 6841.80099999998, 
9.74893, 14.26099, 1.51383, 10.69539, 14.55885, 4.42301, 11.01771, 
14.42573, 7.07289, 14.36837, 5.94507, -13.47582, -4.91647, 1.66284, 
-0.95673, -8.16756, -2.24813, -8.92063, -4.95329, -10.89622, 
1.76586, -3.37763, 0, 0, 0, 0, 0, 0, 0, 0, 0, 0, 0, 0, 0, 0, 
0, 0, 0, 0, 0, 0, 0, 0, 1, 1, 1, 1, 1, 1, 1, 1, 1, 1, 1, 1, 1, 
1, 1, 1, 1, 1, 1, 1, 1, 1, 0.01, 0.0107, 0.0109, 0.0106, 0.0105, 
0.0105, 0.0105, 0.0102, 0.011, 0.011, 0.0108, 20, 5, 22.8, 13.6, 
5, 7.3, 5, 5, 25.1, 23.8, 5, 1, 1, 1, 2, 1, 1, 1, 1, 1, 1, 1, 
1794, 1809, 1800, 1570, 1878, 1843, 1890, 1830, 1918, 1892, 1912, 
100, 100, 100, 100, 100, 100, 100, 100, 100, 100, 100, 2500, 
2500, 2500, 2500, 2500, 2500, 2500, 2500, 2500, 2500, 2500, 7074.648, 
7104.67, 7052.884, 7013.58199999999, 7015.99599999999, 7032.416, 
6995.891, 6958.59599999999, 6855.291, 6873.785, 6949.875, 1, 
1, 1, 1, 1, 1, 1, 1, 1, 1, 1, 0.16667, 0.16667, 0.16667, 0.16667, 
0.16667, 0.16667, 0.16667, 0.16667, 0.16667, 0.16667, 0.16667, 
0, 0, 0, 0, 0, 0, 0, 0, 0, 0, 0, 0, 0, 0, 0, 0, 0, 0, 0, 0, 0, 
0, 1, 1, 1, 1, 1, 1, 1, 1, 1, 1, 1, 1, 1, 1, 1, 1, 1, 1, 1, 1, 
1, 1, 0.0099, 0.0106, 0.0102, 0.0103, 0.0102, 0.0102, 0.0107, 
0.0109, 0.0111, 0.011, 0.0106, 17.3, 17.1, 17.6, 17.9, 18.3, 
18, 18, 18, 18.4, 17.9, 17.9, 1, 1, 1, 1, 1, 1, 1, 1, 1, 1, 1, 
1, 1, 1, 1, 1, 1, 1, 1, 1, 1, 1, 1, 1, 1, 1, 1, 1, 1, 1, 1, 1, 
1, 1, 1, 1, 1, 1, 1, 1, 1, 1, 1, 1, 2.833, 2.854, 2.817, 2.811, 
2.815, 2.775, 2.814, 2.772, 2.745, 2.73, 2.785), .Dim = c(11L, 
40L), .Dimnames = list(NULL, c("Sampling", "PSO.cost", "PSO.gamma", 
"PSO.data.balancing", "PSO.feature.selection", "PSO.valid.acc", 
"PSO.test.acc", "PSO.train.time", "PSO.n.support.vectors", "PSO.index", 
"PSO.n.solutions", "PSO.generations", "PSO.n.evaluations", "PSO.cpu.time", 
"RS.cost", "RS.gamma", "RS.data.balancing", "RS.feature.selection", 
"RS.valid.acc", "RS.test.acc", "RS.train.time", "RS.n.support.vectors", 
"RS.index", "RS.n.solutions", "RS.generations", "RS.n.evaluations", 
"RS.cpu.time", "DF.cost", "DF.gamma", "DF.data.balancing", "DF.feature.selection", 
"DF.valid.acc", "DF.test.acc", "DF.train.time", "DF.n.support.vectors", 
"DF.index", "DF.n.solutions", "DF.generations", "DF.n.evaluations", 
"DF.cpu.time")))
