full <-
structure(c(50, 55, 60, 65, 70, 75, 80, 85, 90, 95, 100, 1, 1, 
1, 1, 1, 1, 1, 1, 1, 1, 1, 0.16667, 0.16667, 0.16667, 0.16667, 
0.16667, 0.16667, 0.16667, 0.16667, 0.16667, 0.16667, 0.16667, 
0, 0, 0, 0, 0, 0, 0, 0, 0, 0, 0, 0, 0, 0, 0, 0, 0, 0, 0, 0, 0, 
0, 1, 1, 1, 1, 1, 1, 1, 1, 1, 1, 1, 1, 1, 1, 1, 1, 1, 1, 1, 1, 
1, 1, 0.0125, 0.0105, 0.0095, 0.0099, 0.0099, 0.0132, 0.0104, 
0.0103, 0.0101, 0.0107, 0.0115, 16.7, 17.4, 17.5, 17.6, 17.5, 
17.9, 18.3, 18.5, 18.2, 18.4, 18.3, 1, 1, 1, 1, 1, 1, 1, 1, 1, 
1, 1, 2388, 2021, 2177, 2166, 2077, 2283, 2228, 2208, 2153, 2194, 
2292, 100, 100, 100, 100, 100, 100, 100, 100, 100, 100, 100, 
2500, 2500, 2500, 2500, 2500, 2500, 2500, 2500, 2500, 2500, 2500, 
6559.423, 6597.219, 6657.39, 6766.676, 6909.363, 6756.985, 6769.455, 
6570.55500000001, 6619.88699999999, 6850.746, 6984.02600000001, 
4.00847, 5.51956, 10.2091, 10.9053, 14.0409, 3.34087, 14.06064, 
8.51151, 9.53575, 6.83529, 7.5821, -7.1778, -7.82158, -8.9042, 
-4.5059, 1.75224, -3.82808, -14.75851, 1.46835, -11.80648, -3.14832, 
-6.03337, 0, 0, 0, 0, 0, 0, 0, 0, 0, 0, 0, 0, 0, 0, 0, 0, 0, 
0, 0, 0, 0, 0, 1, 1, 1, 1, 1, 1, 1, 1, 1, 1, 1, 1, 1, 1, 1, 1, 
1, 1, 1, 1, 1, 1, 0.0097, 0.0093, 0.0096, 0.0101, 0.0103, 0.0111, 
0.0094, 0.01, 0.0107, 0.0103, 0.0108, 16.7, 13.1, 5, 5, 23.6, 
6.1, 7.1, 23.4, 13.6, 5.1, 5, 1, 1, 1, 1, 1, 1, 1, 1, 1, 1, 1, 
1747, 1684, 1815, 1857, 1918, 1896, 1910, 1904, 1905, 1880, 1972, 
100, 100, 100, 100, 100, 100, 100, 100, 100, 100, 100, 2500, 
2500, 2500, 2500, 2500, 2500, 2500, 2500, 2500, 2500, 2500, 6539.574, 
6703.811, 6806.023, 6797.34, 6825.89800000001, 6829.48700000001, 
6742.988, 6595.77699999999, 6829.912, 6917.026, 6949.74400000001, 
1, 1, 1, 1, 1, 1, 1, 1, 1, 1, 1, 0.16667, 0.16667, 0.16667, 0.16667, 
0.16667, 0.16667, 0.16667, 0.16667, 0.16667, 0.16667, 0.16667, 
0, 0, 0, 0, 0, 0, 0, 0, 0, 0, 0, 0, 0, 0, 0, 0, 0, 0, 0, 0, 0, 
0, 1, 1, 1, 1, 1, 1, 1, 1, 1, 1, 1, 1, 1, 1, 1, 1, 1, 1, 1, 1, 
1, 1, 0.0104, 0.0101, 0.01, 0.01, 0.0114, 0.0105, 0.0095, 0.0102, 
0.011, 0.0113, 0.0109, 16.7, 17.4, 17.5, 17.6, 17.5, 17.9, 18.3, 
18.5, 18.2, 18.4, 18.3, 1, 1, 1, 1, 1, 1, 1, 1, 1, 1, 1, 1, 1, 
1, 1, 1, 1, 1, 1, 1, 1, 1, 1, 1, 1, 1, 1, 1, 1, 1, 1, 1, 1, 1, 
1, 1, 1, 1, 1, 1, 1, 1, 1, 1, 2.81, 2.63, 2.679, 2.762, 2.766, 
2.624, 2.541, 2.491, 2.691, 2.808, 2.693), .Dim = c(11L, 40L), .Dimnames = list(
    NULL, c("Sampling", "PSO.cost", "PSO.gamma", "PSO.data.balancing", 
    "PSO.feature.selection", "PSO.valid.acc", "PSO.test.acc", 
    "PSO.train.time", "PSO.n.support.vectors", "PSO.index", "PSO.n.solutions", 
    "PSO.generations", "PSO.n.evaluations", "PSO.cpu.time", "RS.cost", 
    "RS.gamma", "RS.data.balancing", "RS.feature.selection", 
    "RS.valid.acc", "RS.test.acc", "RS.train.time", "RS.n.support.vectors", 
    "RS.index", "RS.n.solutions", "RS.generations", "RS.n.evaluations", 
    "RS.cpu.time", "DF.cost", "DF.gamma", "DF.data.balancing", 
    "DF.feature.selection", "DF.valid.acc", "DF.test.acc", "DF.train.time", 
    "DF.n.support.vectors", "DF.index", "DF.n.solutions", "DF.generations", 
    "DF.n.evaluations", "DF.cpu.time")))
