full <-
structure(c(50, 55, 60, 65, 70, 75, 80, 85, 90, 95, 100, 1, 1, 
1, 1, 1, 1, 1, 1, 1, 1, 1, 0.16667, 0.16667, 0.16667, 0.16667, 
0.16667, 0.16667, 0.16667, 0.16667, 0.16667, 0.16667, 0.16667, 
0, 0, 0, 0, 0, 0, 0, 0, 0, 0, 0, 0, 0, 0, 0, 0, 0, 0, 0, 0, 0, 
0, 1, 1, 1, 1, 1, 1, 1, 1, 1, 1, 1, 1, 1, 1, 1, 1, 1, 1, 1, 1, 
1, 1, 0.0107, 0.0098, 0.0099, 0.01, 0.0095, 0.0104, 0.0111, 0.0101, 
0.0109, 0.0109, 0.0108, 15.6, 16.9, 17.9, 18.1, 18, 17.9, 18.3, 
18.1, 18.3, 18.3, 18.1, 1, 1, 1, 1, 1, 1, 1, 1, 1, 1, 1, 1437, 
2094, 2310, 2278, 2275, 2112, 2257, 2159, 2319, 2308, 2281, 100, 
100, 100, 100, 100, 100, 100, 100, 100, 100, 100, 2500, 2500, 
2500, 2500, 2500, 2500, 2500, 2500, 2500, 2500, 2500, 8002.325, 
8103.506, 8138.374, 8121.543, 8067.548, 8155.276, 8040.935, 8113.28200000001, 
8441.319, 8026.10399999999, 8097.467, 6.85259, 6.42368, 10.91544, 
-1.9337, 7.23643, 14.33697, 4.83001, 13.28056, 8.09679, 8.46637, 
14.04134, -0.63528, -8.23544, -13.02802, -0.21666, -1.52673, 
-12.56298, -2.1617, -3.03998, -2.42357, -2.94948, 2.35115, 0, 
0, 0, 0, 0, 0, 0, 0, 0, 0, 0, 0, 0, 0, 0, 0, 0, 0, 0, 0, 0, 0, 
1, 1, 1, 1, 1, 1, 1, 1, 1, 1, 1, 1, 1, 1, 1, 1, 1, 1, 1, 1, 1, 
1, 0.0096, 0.0096, 0.0098, 0.01, 0.0103, 0.0092, 0.0104, 0.0093, 
0.0102, 0.0104, 0.0116, 14.6, 9.7, 11.2, 36.3, 12.5, 5, 8.1, 
5.7, 7, 6, 28.5, 3, 1, 1, 2, 1, 1, 1, 2, 1, 1, 1, 1017, 1759, 
1884, 1890, 1891, 1918, 1925, 1926, 1911, 1937, 1914, 100, 100, 
100, 100, 100, 100, 100, 100, 100, 100, 100, 2500, 2500, 2500, 
2500, 2500, 2500, 2500, 2500, 2500, 2500, 2500, 8065.794, 8153.173, 
8115.921, 8064.488, 8060.22899999999, 8082.598, 8078.433, 8151.431, 
8429.13999999998, 8135.06200000001, 8138.15300000002, 1, 1, 1, 
1, 1, 1, 1, 1, 1, 1, 1, 0.16667, 0.16667, 0.16667, 0.16667, 0.16667, 
0.16667, 0.16667, 0.16667, 0.16667, 0.16667, 0.16667, 0, 0, 0, 
0, 0, 0, 0, 0, 0, 0, 0, 0, 0, 0, 0, 0, 0, 0, 0, 0, 0, 0, 1, 1, 
1, 1, 1, 1, 1, 1, 1, 1, 1, 1, 1, 1, 1, 1, 1, 1, 1, 1, 1, 1, 0.0097, 
0.0104, 0.0098, 0.0092, 0.0102, 0.0106, 0.0097, 0.0113, 0.0108, 
0.0109, 0.0112, 15.6, 16.9, 17.9, 18.1, 18, 17.9, 18.3, 18.1, 
18.3, 18.3, 18.1, 1, 1, 1, 1, 1, 1, 1, 1, 1, 1, 1, 1, 1, 1, 1, 
1, 1, 1, 1, 1, 1, 1, 1, 1, 1, 1, 1, 1, 1, 1, 1, 1, 1, 1, 1, 1, 
1, 1, 1, 1, 1, 1, 1, 1, 3.309, 3.296, 3.246, 3.04, 3.205, 3.39, 
3.178, 3.404, 3.353, 3.293, 3.266), .Dim = c(11L, 40L), .Dimnames = list(
    NULL, c("Sampling", "PSO.cost", "PSO.gamma", "PSO.data.balancing", 
    "PSO.feature.selection", "PSO.valid.acc", "PSO.test.acc", 
    "PSO.train.time", "PSO.n.support.vectors", "PSO.index", "PSO.n.solutions", 
    "PSO.generations", "PSO.n.evaluations", "PSO.cpu.time", "RS.cost", 
    "RS.gamma", "RS.data.balancing", "RS.feature.selection", 
    "RS.valid.acc", "RS.test.acc", "RS.train.time", "RS.n.support.vectors", 
    "RS.index", "RS.n.solutions", "RS.generations", "RS.n.evaluations", 
    "RS.cpu.time", "DF.cost", "DF.gamma", "DF.data.balancing", 
    "DF.feature.selection", "DF.valid.acc", "DF.test.acc", "DF.train.time", 
    "DF.n.support.vectors", "DF.index", "DF.n.solutions", "DF.generations", 
    "DF.n.evaluations", "DF.cpu.time")))
