full <-
structure(c(50, 55, 60, 65, 70, 75, 80, 85, 90, 95, 100, 1, 1, 
1, 1, 1, 1, 1, 1, 1, 1, 1, 0.16667, 0.16667, 0.16667, 0.16667, 
0.16667, 0.16667, 0.16667, 0.16667, 0.16667, 0.16667, 0.16667, 
0, 0, 0, 0, 0, 0, 0, 0, 0, 0, 0, 0, 0, 0, 0, 0, 0, 0, 0, 0, 0, 
0, 1, 1, 1, 1, 1, 1, 1, 1, 1, 1, 1, 1, 1, 1, 1, 1, 1, 1, 1, 1, 
1, 1, 0.0114, 0.0107, 0.0116, 0.0105, 0.0105, 0.0102, 0.0102, 
0.0114, 0.0109, 0.0115, 0.011, 14.2, 15.6, 14.8, 15.5, 16.9, 
17.6, 17.8, 17.4, 17.9, 17.9, 18.3, 1, 1, 1, 1, 1, 1, 1, 1, 1, 
1, 1, 1929, 2228, 2108, 2008, 2148, 2210, 2367, 2107, 2191, 2306, 
2299, 100, 100, 100, 100, 100, 100, 100, 100, 100, 100, 100, 
2500, 2500, 2500, 2500, 2500, 2500, 2500, 2500, 2500, 2500, 2500, 
8900.266, 8937.033, 8843.74099999999, 8866.84, 8427.484, 8497.54399999999, 
8499.701, 8782.59299999999, 8777.74299999999, 8566.565, 8553.182, 
6.25261, 1.09059, 3.41962, 9.003, 9.37479, 7.48335, 4.09251, 
4.36024, 10.15869, 8.96216, 1.00258, -4.47603, -2.43319, 0.42484, 
1.14049, -12.52431, -11.26744, -7.21238, -3.19866, -5.74429, 
1.97194, -0.61882, 0, 0, 0, 0, 0, 0, 0, 0, 0, 0, 0, 0, 0, 0, 
0, 0, 0, 0, 0, 0, 0, 0, 1, 1, 1, 1, 1, 1, 1, 1, 1, 1, 1, 1, 1, 
1, 1, 1, 1, 1, 1, 1, 1, 1, 0.0107, 0.0111, 0.0119, 0.0112, 0.0101, 
0.0107, 0.0112, 0.0099, 0.0071, 0.011, 0.0115, 5, 11.3, 18.9, 
20, 16.7, 20.8, 18.2, 5, 5, 24.7, 16.3, 1, 1, 1, 1, 1, 3, 1, 
1, 4, 1, 1, 1562, 1779, 1800, 1768, 1864, 1833, 1847, 1867, 1954, 
1921, 1974, 100, 100, 100, 100, 100, 100, 100, 100, 100, 100, 
100, 2500, 2500, 2500, 2500, 2500, 2500, 2500, 2500, 2500, 2500, 
2500, 8890.812, 8943, 8869.18, 8438.616, 8432.17600000001, 8415.171, 
8780.664, 8793.45000000001, 8571.72500000001, 8512.747, 8466.95300000001, 
1, 1, 1, 1, 1, 1, 1, 1, 1, 1, 1, 0.16667, 0.16667, 0.16667, 0.16667, 
0.16667, 0.16667, 0.16667, 0.16667, 0.16667, 0.16667, 0.16667, 
0, 0, 0, 0, 0, 0, 0, 0, 0, 0, 0, 0, 0, 0, 0, 0, 0, 0, 0, 0, 0, 
0, 1, 1, 1, 1, 1, 1, 1, 1, 1, 1, 1, 1, 1, 1, 1, 1, 1, 1, 1, 1, 
1, 1, 0.0107, 0.0109, 0.011, 0.0098, 0.0099, 0.0101, 0.0107, 
0.0109, 0.011, 0.0111, 0.0108, 14.2, 15.6, 14.8, 15.5, 16.9, 
17.6, 17.8, 17.4, 17.9, 17.9, 18.3, 1, 1, 1, 1, 1, 1, 1, 1, 1, 
1, 1, 1, 1, 1, 1, 1, 1, 1, 1, 1, 1, 1, 1, 1, 1, 1, 1, 1, 1, 1, 
1, 1, 1, 1, 1, 1, 1, 1, 1, 1, 1, 1, 1, 1, 3.549, 3.543, 3.51, 
3.283, 3.198, 3.184, 3.486, 3.493, 3.399, 3.417, 3.2), .Dim = c(11L, 
40L), .Dimnames = list(NULL, c("Sampling", "PSO.cost", "PSO.gamma", 
"PSO.data.balancing", "PSO.feature.selection", "PSO.valid.acc", 
"PSO.test.acc", "PSO.train.time", "PSO.n.support.vectors", "PSO.index", 
"PSO.n.solutions", "PSO.generations", "PSO.n.evaluations", "PSO.cpu.time", 
"RS.cost", "RS.gamma", "RS.data.balancing", "RS.feature.selection", 
"RS.valid.acc", "RS.test.acc", "RS.train.time", "RS.n.support.vectors", 
"RS.index", "RS.n.solutions", "RS.generations", "RS.n.evaluations", 
"RS.cpu.time", "DF.cost", "DF.gamma", "DF.data.balancing", "DF.feature.selection", 
"DF.valid.acc", "DF.test.acc", "DF.train.time", "DF.n.support.vectors", 
"DF.index", "DF.n.solutions", "DF.generations", "DF.n.evaluations", 
"DF.cpu.time")))
