full <-
structure(c(50, 55, 60, 65, 70, 75, 80, 85, 90, 95, 100, 1, 1, 
1, 1, 1, 1, 1, 1, 1, 1, 1, 0.16667, 0.16667, 0.16667, 0.16667, 
0.16667, 0.16667, 0.16667, 0.16667, 0.16667, 0.16667, 0.16667, 
0, 0, 0, 0, 0, 0, 0, 0, 0, 0, 0, 0, 0, 0, 0, 0, 0, 0, 0, 0, 0, 
0, 1, 1, 1, 1, 1, 1, 1, 1, 1, 1, 1, 1, 1, 1, 1, 1, 1, 1, 1, 1, 
1, 1, 0.0115, 0.0104, 0.0093, 0.0105, 0.0102, 0.0106, 0.0107, 
0.0104, 0.0102, 0.0107, 0.0098, 17.4, 17, 17.8, 18.5, 18.1, 18, 
18.3, 18.3, 18.5, 18.4, 18.3, 1, 1, 1, 1, 1, 1, 1, 1, 1, 1, 1, 
2084, 1913, 2182, 1989, 2069, 2041, 2269, 2087, 2278, 2282, 2194, 
100, 100, 100, 100, 100, 100, 100, 100, 100, 100, 100, 2500, 
2500, 2500, 2500, 2500, 2500, 2500, 2500, 2500, 2500, 2500, 6747.789, 
6853.022, 7109.221, 7075.591, 6977.928, 6993.22900000001, 6756.575, 
6890.72200000001, 6832.291, 7098.45199999999, 6961.55499999999, 
2.06948, 4.31408, 10.38278, 13.16825, 6.91775, 13.94642, 11.23619, 
10.23545, 12.0485, 7.78046, 10.75181, -4.19773, -8.03907, -5.7444, 
-13.0374, -1.95417, -1.66388, 1.73674, -4.88312, -8.01915, -0.80956, 
-7.6588, 0, 0, 0, 0, 0, 0, 0, 0, 0, 0, 0, 0, 0, 0, 0, 0, 0, 0, 
0, 0, 0, 0, 1, 1, 1, 1, 1, 1, 1, 1, 1, 1, 1, 1, 1, 1, 1, 1, 1, 
1, 1, 1, 1, 1, 0.0102, 0.0098, 0.0105, 0.0112, 0.0102, 0.0101, 
0.0107, 0.0101, 0.0097, 0.0102, 0.0109, 11.8, 20.6, 5, 5, 9.3, 
11.7, 23.6, 5, 5, 14.7, 5, 1, 1, 2, 2, 1, 1, 2, 1, 1, 1, 1, 1844, 
1751, 1864, 1754, 1893, 1850, 1886, 1929, 1942, 1942, 1886, 100, 
100, 100, 100, 100, 100, 100, 100, 100, 100, 100, 2500, 2500, 
2500, 2500, 2500, 2500, 2500, 2500, 2500, 2500, 2500, 6819.835, 
6859.116, 7239.561, 7059.862, 6921.268, 6928.29299999999, 6929.185, 
6940.43399999999, 7042.492, 6940.25099999999, 6765.095, 1, 1, 
1, 1, 1, 1, 1, 1, 1, 1, 1, 0.16667, 0.16667, 0.16667, 0.16667, 
0.16667, 0.16667, 0.16667, 0.16667, 0.16667, 0.16667, 0.16667, 
0, 0, 0, 0, 0, 0, 0, 0, 0, 0, 0, 0, 0, 0, 0, 0, 0, 0, 0, 0, 0, 
0, 1, 1, 1, 1, 1, 1, 1, 1, 1, 1, 1, 1, 1, 1, 1, 1, 1, 1, 1, 1, 
1, 1, 0.011, 0.0093, 0.0099, 0.0107, 0.0106, 0.0107, 0.0106, 
0.0104, 0.0108, 0.0111, 0.0115, 17.4, 17, 17.8, 18.5, 18.1, 18, 
18.3, 18.3, 18.5, 18.4, 18.3, 1, 1, 1, 1, 1, 1, 1, 1, 1, 1, 1, 
1, 1, 1, 1, 1, 1, 1, 1, 1, 1, 1, 1, 1, 1, 1, 1, 1, 1, 1, 1, 1, 
1, 1, 1, 1, 1, 1, 1, 1, 1, 1, 1, 1, 2.791, 2.531, 2.862, 2.837, 
2.826, 2.817, 2.744, 2.755, 2.893, 2.829, 2.753), .Dim = c(11L, 
40L), .Dimnames = list(NULL, c("Sampling", "PSO.cost", "PSO.gamma", 
"PSO.data.balancing", "PSO.feature.selection", "PSO.valid.acc", 
"PSO.test.acc", "PSO.train.time", "PSO.n.support.vectors", "PSO.index", 
"PSO.n.solutions", "PSO.generations", "PSO.n.evaluations", "PSO.cpu.time", 
"RS.cost", "RS.gamma", "RS.data.balancing", "RS.feature.selection", 
"RS.valid.acc", "RS.test.acc", "RS.train.time", "RS.n.support.vectors", 
"RS.index", "RS.n.solutions", "RS.generations", "RS.n.evaluations", 
"RS.cpu.time", "DF.cost", "DF.gamma", "DF.data.balancing", "DF.feature.selection", 
"DF.valid.acc", "DF.test.acc", "DF.train.time", "DF.n.support.vectors", 
"DF.index", "DF.n.solutions", "DF.generations", "DF.n.evaluations", 
"DF.cpu.time")))
