full <-
structure(c(50, 55, 60, 65, 70, 75, 80, 85, 90, 95, 100, 2.50618, 
1, 1, 1, 1, 1, 1, 1, 1, 1, 1, -2.05032, 0.16667, 0.16667, 0.16667, 
0.16667, 0.16667, 0.16667, 0.16667, 0.16667, 0.16667, 0.16667, 
0, 0, 0, 0, 0, 0, 0, 0, 0, 0, 0, 0, 0, 0, 0, 0, 0, 0, 0, 0, 0, 
0, 1, 1, 1, 1, 1, 1, 1, 1, 1, 1, 1, 1, 1, 1, 1, 1, 1, 1, 1, 1, 
1, 1, 0.0099, 0.0103, 0.01, 0.0105, 0.0105, 0.0101, 0.0103, 0.0105, 
0.0123, 0.0127, 0.0133, 8.2, 16.7, 16.9, 18.4, 18.4, 18.3, 18.4, 
18.7, 17.8, 18.2, 18.6, 3, 1, 1, 1, 1, 1, 1, 1, 1, 1, 1, 1914, 
2224, 2161, 2275, 2336, 2143, 2093, 2287, 2351, 2076, 2323, 100, 
100, 100, 100, 100, 100, 100, 100, 100, 100, 100, 2500, 2500, 
2500, 2500, 2500, 2500, 2500, 2500, 2500, 2500, 2500, 6958.097, 
6997.854, 6897.747, 6919.298, 6891.48, 6840.671, 6861.023, 8733.87000000001, 
9510.81600000001, 9416.753, 9153.133, 13.27894, 2.75786, 3.01977, 
2.93037, 11.52225, 12.93035, 8.79433, 14.0741, 4.72198, 9.08613, 
2.50898, -6.34239, 0.19679, -7.01402, -5.57068, -2.08894, -1.52528, 
0.93157, -13.89909, -7.97858, -11.08137, -1.46149, 0, 0, 0, 0, 
0, 0, 0, 0, 0, 0, 0, 0, 0, 0, 0, 0, 0, 0, 0, 0, 0, 0, 1, 1, 1, 
1, 1, 1, 1, 1, 1, 1, 1, 1, 1, 1, 1, 1, 1, 1, 1, 1, 1, 1, 0.0099, 
0.0106, 0.0103, 0.0107, 0.0099, 0.0104, 0.0104, 0.0115, 0.0127, 
0.0123, 0.011, 5, 18.5, 21.9, 14.9, 8.2, 11.9, 20.3, 5, 20.3, 
12.1, 12.7, 2, 2, 5, 4, 2, 1, 2, 1, 1, 1, 2, 1406, 1891, 1709, 
1950, 1883, 1896, 1937, 1879, 1894, 1918, 1889, 100, 100, 100, 
100, 100, 100, 100, 100, 100, 100, 100, 2500, 2500, 2500, 2500, 
2500, 2500, 2500, 2500, 2500, 2500, 2500, 6989.046, 6916.913, 
6882.128, 6914.615, 6854.726, 6819.499, 6834.925, 9216.82900000001, 
9478.60100000001, 9171.826, 9110.85700000002, 1, 1, 1, 1, 1, 
1, 1, 1, 1, 1, 1, 0.16667, 0.16667, 0.16667, 0.16667, 0.16667, 
0.16667, 0.16667, 0.16667, 0.16667, 0.16667, 0.16667, 0, 0, 0, 
0, 0, 0, 0, 0, 0, 0, 0, 0, 0, 0, 0, 0, 0, 0, 0, 0, 0, 0, 0.98, 
1, 1, 1, 1, 1, 1, 1, 1, 1, 1, 1, 1, 1, 1, 1, 1, 1, 1, 1, 1, 1, 
0.0101, 0.0101, 0.0097, 0.01, 0.0106, 0.0101, 0.0104, 0.0122, 
0.0122, 0.0126, 0.0112, 15.8, 16.7, 16.9, 18.4, 18.4, 18.3, 18.4, 
18.7, 17.8, 18.2, 18.6, 1, 1, 1, 1, 1, 1, 1, 1, 1, 1, 1, 1, 1, 
1, 1, 1, 1, 1, 1, 1, 1, 1, 1, 1, 1, 1, 1, 1, 1, 1, 1, 1, 1, 1, 
1, 1, 1, 1, 1, 1, 1, 1, 1, 1, 2.792, 2.754, 2.745, 2.759, 2.728, 
2.735, 2.73, 3.821, 3.819, 3.783, 3.575), .Dim = c(11L, 40L), .Dimnames = list(
    NULL, c("Sampling", "PSO.cost", "PSO.gamma", "PSO.data.balancing", 
    "PSO.feature.selection", "PSO.valid.acc", "PSO.test.acc", 
    "PSO.train.time", "PSO.n.support.vectors", "PSO.index", "PSO.n.solutions", 
    "PSO.generations", "PSO.n.evaluations", "PSO.cpu.time", "RS.cost", 
    "RS.gamma", "RS.data.balancing", "RS.feature.selection", 
    "RS.valid.acc", "RS.test.acc", "RS.train.time", "RS.n.support.vectors", 
    "RS.index", "RS.n.solutions", "RS.generations", "RS.n.evaluations", 
    "RS.cpu.time", "DF.cost", "DF.gamma", "DF.data.balancing", 
    "DF.feature.selection", "DF.valid.acc", "DF.test.acc", "DF.train.time", 
    "DF.n.support.vectors", "DF.index", "DF.n.solutions", "DF.generations", 
    "DF.n.evaluations", "DF.cpu.time")))
