full <-
structure(c(50, 55, 60, 65, 70, 75, 80, 85, 90, 95, 100, 1.30151, 
1, 1, 1, 1, 1, 1, 1, 1, 1, 1, -1.39146, 0.16667, 0.16667, 0.16667, 
0.16667, 0.16667, 0.16667, 0.16667, 0.16667, 0.16667, 0.16667, 
0, 0, 0, 0, 0, 0, 0, 0, 0, 0, 0, 0, 0, 0, 0, 0, 0, 0, 0, 0, 0, 
0, 1, 1, 1, 1, 1, 1, 1, 1, 1, 1, 1, 1, 1, 1, 1, 1, 1, 1, 1, 1, 
1, 1, 0.0112, 0.0096, 0.0101, 0.0101, 0.0098, 0.0094, 0.0095, 
0.0097, 0.0107, 0.0108, 0.0104, 12.3, 16.2, 16.7, 17, 17.6, 17.9, 
18.1, 18, 18, 18.3, 18.5, 3, 1, 1, 1, 1, 1, 1, 1, 1, 1, 1, 1914, 
2032, 2225, 2237, 2033, 2216, 2314, 2288, 2212, 2306, 2190, 100, 
100, 100, 100, 100, 100, 100, 100, 100, 100, 100, 2500, 2500, 
2500, 2500, 2500, 2500, 2500, 2500, 2500, 2500, 2500, 6899.812, 
6834.34, 6833.077, 6696.345, 6694.574, 6710.06300000001, 6776.71500000001, 
6794.78999999999, 6769.35399999999, 6771.95300000001, 6759.929, 
14.78879, 13.42028, 8.93008, 11.91564, 9.5944, 5.01289, 4.18449, 
3.80041, 5.4076, 11.00986, 13.95813, -11.3605, -9.99739, 0.41153, 
-2.03666, -5.40169, 2.65601, 0.6102, -4.39905, -3.77755, -8.32084, 
-8.77102, 0, 0, 0, 0, 0, 0, 0, 0, 0, 0, 0, 0, 0, 0, 0, 0, 0, 
0, 0, 0, 0, 0, 1, 1, 1, 1, 1, 1, 1, 1, 1, 1, 1, 1, 1, 1, 1, 1, 
1, 1, 1, 1, 1, 1, 0.0088, 0.0094, 0.0095, 0.0097, 0.0096, 0.0102, 
0.0104, 0.0115, 0.0119, 0.01, 0.0119, 5, 5, 19.6, 8.8, 5, 28.5, 
19.5, 6.6, 5, 5, 5, 2, 1, 1, 1, 1, 1, 1, 2, 3, 2, 1, 1610, 1696, 
1731, 1814, 1877, 1889, 1877, 1903, 1881, 1940, 1926, 100, 100, 
100, 100, 100, 100, 100, 100, 100, 100, 100, 2500, 2500, 2500, 
2500, 2500, 2500, 2500, 2500, 2500, 2500, 2500, 6923.524, 6865.181, 
6823.622, 6683.574, 6710.45800000001, 6697.804, 6796.246, 6795.27099999999, 
6793.22100000001, 6778.48400000001, 6745.34899999999, 1, 1, 1, 
1, 1, 1, 1, 1, 1, 1, 1, 0.16667, 0.16667, 0.16667, 0.16667, 0.16667, 
0.16667, 0.16667, 0.16667, 0.16667, 0.16667, 0.16667, 0, 0, 0, 
0, 0, 0, 0, 0, 0, 0, 0, 0, 0, 0, 0, 0, 0, 0, 0, 0, 0, 0, 0.98, 
1, 1, 1, 1, 1, 1, 1, 1, 1, 1, 0.98, 1, 1, 1, 1, 1, 1, 1, 1, 1, 
1, 0.0099, 0.0098, 0.0103, 0.0129, 0.0095, 0.0096, 0.0099, 0.0128, 
0.0108, 0.0117, 0.0129, 14, 16.2, 16.7, 17, 17.6, 17.9, 18.1, 
18, 18, 18.3, 18.5, 1, 1, 1, 1, 1, 1, 1, 1, 1, 1, 1, 1, 1, 1, 
1, 1, 1, 1, 1, 1, 1, 1, 1, 1, 1, 1, 1, 1, 1, 1, 1, 1, 1, 1, 1, 
1, 1, 1, 1, 1, 1, 1, 1, 1, 2.722, 2.706, 2.735, 2.693, 2.642, 
2.707, 2.706, 2.71, 2.712, 2.716, 2.7), .Dim = c(11L, 40L), .Dimnames = list(
    NULL, c("Sampling", "PSO.cost", "PSO.gamma", "PSO.data.balancing", 
    "PSO.feature.selection", "PSO.valid.acc", "PSO.test.acc", 
    "PSO.train.time", "PSO.n.support.vectors", "PSO.index", "PSO.n.solutions", 
    "PSO.generations", "PSO.n.evaluations", "PSO.cpu.time", "RS.cost", 
    "RS.gamma", "RS.data.balancing", "RS.feature.selection", 
    "RS.valid.acc", "RS.test.acc", "RS.train.time", "RS.n.support.vectors", 
    "RS.index", "RS.n.solutions", "RS.generations", "RS.n.evaluations", 
    "RS.cpu.time", "DF.cost", "DF.gamma", "DF.data.balancing", 
    "DF.feature.selection", "DF.valid.acc", "DF.test.acc", "DF.train.time", 
    "DF.n.support.vectors", "DF.index", "DF.n.solutions", "DF.generations", 
    "DF.n.evaluations", "DF.cpu.time")))
