full <-
structure(c(50, 55, 60, 65, 70, 75, 80, 85, 90, 95, 100, 1, 1, 
1, 1, 1, 1, 1, 1, 1, 1, 1, 0.16667, 0.16667, 0.16667, 0.16667, 
0.16667, 0.16667, 0.16667, 0.16667, 0.16667, 0.16667, 0.16667, 
0, 0, 0, 0, 0, 0, 0, 0, 0, 0, 0, 0, 0, 0, 0, 0, 0, 0, 0, 0, 0, 
0, 1, 1, 1, 1, 1, 1, 1, 1, 1, 1, 1, 1, 1, 1, 1, 1, 1, 1, 1, 1, 
1, 1, 0.011, 0.0115, 0.0099, 0.0107, 0.0102, 0.0111, 0.0107, 
0.0113, 0.0104, 0.0106, 0.0102, 15.4, 15.4, 16.9, 17.5, 17.1, 
17, 17.9, 18.1, 18.1, 17.9, 18.3, 1, 1, 1, 1, 1, 1, 1, 1, 1, 
1, 1, 2158, 2209, 2171, 2116, 2074, 2136, 2200, 2285, 2255, 2286, 
2195, 100, 100, 100, 100, 100, 100, 100, 100, 100, 100, 100, 
2500, 2500, 2500, 2500, 2500, 2500, 2500, 2500, 2500, 2500, 2500, 
7049.589, 7068.643, 7114.658, 7037.98499999999, 7012.61, 7012.019, 
6989.61199999999, 6946.12800000001, 6915.40400000001, 6823.49099999999, 
6800.54300000001, 12.4031, 4.59257, 6.87964, -1.30833, 1.71855, 
10.94375, 12.87112, 11.49043, 13.55133, -1.3951, 6.85045, -6.48993, 
2.71217, -4.17036, 1.41094, -2.36522, -0.59835, -5.93179, -13.09666, 
-0.63956, 0.17828, 1.65974, 0, 0, 0, 0, 0, 0, 0, 0, 0, 0, 0, 
0, 0, 0, 0, 0, 0, 0, 0, 0, 0, 0, 1, 1, 1, 1, 1, 1, 1, 1, 1, 1, 
1, 1, 1, 1, 1, 1, 1, 1, 1, 1, 1, 1, 0.0098, 0.0103, 0.0103, 0.0105, 
0.01, 0.0107, 0.0114, 0.0103, 0.0104, 0.0109, 0.0109, 5, 26.8, 
5, 38.2, 8.2, 15.7, 5, 9.8, 15.9, 33.4, 23.9, 2, 1, 2, 1, 1, 
1, 1, 1, 1, 2, 1, 1737, 1634, 1806, 1910, 1833, 1845, 1900, 1911, 
1923, 1872, 1873, 100, 100, 100, 100, 100, 100, 100, 100, 100, 
100, 100, 2500, 2500, 2500, 2500, 2500, 2500, 2500, 2500, 2500, 
2500, 2500, 7069.572, 7110.927, 7054.899, 7013.792, 7012.15700000001, 
7019.39700000001, 6991.124, 6935.15100000001, 6816.617, 6821.39199999999, 
6900.06299999999, 1, 1, 1, 1, 1, 1, 1, 1, 1, 1, 1, 0.16667, 0.16667, 
0.16667, 0.16667, 0.16667, 0.16667, 0.16667, 0.16667, 0.16667, 
0.16667, 0.16667, 0, 0, 0, 0, 0, 0, 0, 0, 0, 0, 0, 0, 0, 0, 0, 
0, 0, 0, 0, 0, 0, 0, 1, 1, 1, 1, 1, 1, 1, 1, 1, 1, 1, 1, 1, 1, 
1, 1, 1, 1, 1, 1, 1, 1, 0.0109, 0.0103, 0.0103, 0.011, 0.0109, 
0.0106, 0.0111, 0.011, 0.0107, 0.0105, 0.011, 15.4, 15.4, 16.9, 
17.5, 17.1, 17, 17.9, 18.1, 18.1, 17.9, 18.3, 1, 1, 1, 1, 1, 
1, 1, 1, 1, 1, 1, 1, 1, 1, 1, 1, 1, 1, 1, 1, 1, 1, 1, 1, 1, 1, 
1, 1, 1, 1, 1, 1, 1, 1, 1, 1, 1, 1, 1, 1, 1, 1, 1, 1, 2.833, 
2.849, 2.82, 2.819, 2.828, 2.802, 2.808, 2.765, 2.728, 2.715, 
2.756), .Dim = c(11L, 40L), .Dimnames = list(NULL, c("Sampling", 
"PSO.cost", "PSO.gamma", "PSO.data.balancing", "PSO.feature.selection", 
"PSO.valid.acc", "PSO.test.acc", "PSO.train.time", "PSO.n.support.vectors", 
"PSO.index", "PSO.n.solutions", "PSO.generations", "PSO.n.evaluations", 
"PSO.cpu.time", "RS.cost", "RS.gamma", "RS.data.balancing", "RS.feature.selection", 
"RS.valid.acc", "RS.test.acc", "RS.train.time", "RS.n.support.vectors", 
"RS.index", "RS.n.solutions", "RS.generations", "RS.n.evaluations", 
"RS.cpu.time", "DF.cost", "DF.gamma", "DF.data.balancing", "DF.feature.selection", 
"DF.valid.acc", "DF.test.acc", "DF.train.time", "DF.n.support.vectors", 
"DF.index", "DF.n.solutions", "DF.generations", "DF.n.evaluations", 
"DF.cpu.time")))
