full <-
structure(c(50, 55, 60, 65, 70, 75, 80, 85, 90, 95, 100, 1, 1, 
1, 1, 1, 1, 1, 1, 1, 1, 1, 0.16667, 0.16667, 0.16667, 0.16667, 
0.16667, 0.16667, 0.16667, 0.16667, 0.16667, 0.16667, 0.16667, 
0, 0, 0, 0, 0, 0, 0, 0, 0, 0, 0, 0, 0, 0, 0, 0, 0, 0, 0, 0, 0, 
0, 1, 1, 1, 1, 1, 1, 1, 1, 1, 1, 1, 1, 1, 1, 1, 1, 1, 1, 1, 1, 
1, 1, 0.0109, 0.0099, 0.0099, 0.0099, 0.0099, 0.0098, 0.0106, 
0.0101, 0.0098, 0.0098, 0.0104, 16, 16.2, 15.9, 16.9, 17.2, 17.1, 
17.9, 17.9, 18.3, 18, 18.6, 1, 1, 1, 1, 1, 1, 1, 1, 1, 1, 1, 
2116, 2368, 2141, 2050, 2191, 2142, 2251, 2157, 2166, 2204, 2199, 
100, 100, 100, 100, 100, 100, 100, 100, 100, 100, 100, 2500, 
2500, 2500, 2500, 2500, 2500, 2500, 2500, 2500, 2500, 2500, 6599.029, 
6700.946, 6699.545, 6745.791, 6756.35400000001, 6739.417, 6447.697, 
6370.613, 6360.944, 6289.731, 6637.83800000002, 12.47292, 6.11127, 
-0.05636, 11.42605, 13.73141, 7.34089, 13.93866, 12.01347, 0.80826, 
13.38274, 10.9501, -1.9781, -1.35357, -2.23086, -14.04317, -8.71959, 
-9.08911, 1.26598, -13.301, -1.5352, -11.40677, -0.67044, 0, 
0, 0, 0, 0, 0, 0, 0, 0, 0, 0, 0, 0, 0, 0, 0, 0, 0, 0, 0, 0, 0, 
1, 1, 1, 1, 1, 1, 1, 1, 1, 1, 1, 1, 1, 1, 1, 1, 1, 1, 1, 1, 1, 
1, 0.009, 0.0093, 0.0099, 0.0098, 0.0095, 0.0097, 0.0103, 0.0093, 
0.0111, 0.009, 0.0107, 8, 11.4, 15.1, 13.5, 5, 9.7, 22.4, 9, 
13.7, 5, 15.9, 2, 1, 3, 1, 1, 1, 1, 2, 1, 1, 3, 1862, 1883, 1804, 
1736, 1868, 1878, 1935, 1885, 1880, 1915, 1922, 100, 100, 100, 
100, 100, 100, 100, 100, 100, 100, 100, 2500, 2500, 2500, 2500, 
2500, 2500, 2500, 2500, 2500, 2500, 2500, 6713.606, 6695.263, 
6682.089, 6743.72399999999, 6741.909, 6733.598, 6347.216, 6351.395, 
6357.67599999999, 6296.66800000002, 6700.79800000001, 1, 1, 1, 
1, 1, 1, 1, 1, 1, 1, 1, 0.16667, 0.16667, 0.16667, 0.16667, 0.16667, 
0.16667, 0.16667, 0.16667, 0.16667, 0.16667, 0.16667, 0, 0, 0, 
0, 0, 0, 0, 0, 0, 0, 0, 0, 0, 0, 0, 0, 0, 0, 0, 0, 0, 0, 1, 1, 
1, 1, 1, 1, 1, 1, 1, 1, 1, 1, 1, 1, 1, 1, 1, 1, 1, 1, 1, 1, 0.0094, 
0.0098, 0.0098, 0.0097, 0.0106, 0.0099, 0.0096, 0.0097, 0.0104, 
0.0096, 0.0106, 16, 16.2, 15.9, 16.9, 17.2, 17.1, 17.9, 17.9, 
18.3, 18, 18.6, 1, 1, 1, 1, 1, 1, 1, 1, 1, 1, 1, 1, 1, 1, 1, 
1, 1, 1, 1, 1, 1, 1, 1, 1, 1, 1, 1, 1, 1, 1, 1, 1, 1, 1, 1, 1, 
1, 1, 1, 1, 1, 1, 1, 1, 2.677, 2.688, 2.667, 2.694, 2.689, 2.679, 
2.484, 2.512, 2.603, 2.472, 2.656), .Dim = c(11L, 40L), .Dimnames = list(
    NULL, c("Sampling", "PSO.cost", "PSO.gamma", "PSO.data.balancing", 
    "PSO.feature.selection", "PSO.valid.acc", "PSO.test.acc", 
    "PSO.train.time", "PSO.n.support.vectors", "PSO.index", "PSO.n.solutions", 
    "PSO.generations", "PSO.n.evaluations", "PSO.cpu.time", "RS.cost", 
    "RS.gamma", "RS.data.balancing", "RS.feature.selection", 
    "RS.valid.acc", "RS.test.acc", "RS.train.time", "RS.n.support.vectors", 
    "RS.index", "RS.n.solutions", "RS.generations", "RS.n.evaluations", 
    "RS.cpu.time", "DF.cost", "DF.gamma", "DF.data.balancing", 
    "DF.feature.selection", "DF.valid.acc", "DF.test.acc", "DF.train.time", 
    "DF.n.support.vectors", "DF.index", "DF.n.solutions", "DF.generations", 
    "DF.n.evaluations", "DF.cpu.time")))
