full <-
structure(c(50, 55, 60, 65, 70, 75, 80, 85, 90, 95, 100, 1, 1, 
1, 1, 1, 1, 1, 1, 1, 1, 1, 0.16667, 0.16667, 0.16667, 0.16667, 
0.16667, 0.16667, 0.16667, 0.16667, 0.16667, 0.16667, 0.16667, 
0, 0, 0, 0, 0, 0, 0, 0, 0, 0, 0, 0, 0, 0, 0, 0, 0, 0, 0, 0, 0, 
0, 1, 1, 1, 1, 1, 1, 1, 1, 1, 1, 1, 1, 1, 1, 1, 1, 1, 1, 1, 1, 
1, 1, 0.0109, 0.0103, 0.0104, 0.0101, 0.0102, 0.01, 0.0103, 0.0102, 
0.01, 0.0099, 0.0101, 18.1, 18.8, 18, 17.9, 18, 17.6, 18, 17.8, 
17.9, 18, 18.3, 1, 1, 1, 1, 1, 1, 1, 1, 1, 1, 1, 1849, 2100, 
2044, 2207, 1991, 2264, 2257, 2263, 2302, 2203, 2288, 100, 100, 
100, 100, 100, 100, 100, 100, 100, 100, 100, 2500, 2500, 2500, 
2500, 2500, 2500, 2500, 2500, 2500, 2500, 2500, 6834.265, 6809.357, 
6877.463, 6843.363, 6749.901, 6736.12, 6750.68399999999, 6712.712, 
6699.906, 6644.53199999999, 6657.05000000002, 5.95137, 0.24805, 
12.82887, 3.8079, 8.88647, 4.83258, 14.11384, 2.47965, 3.47932, 
7.97591, 2.02697, -8.15282, -1.83811, -2.89077, 2.56047, -9.02554, 
-8.03491, 1.73701, -1.63476, -0.27953, -2.86217, 2.79807, 0, 
0, 0, 0, 0, 0, 0, 0, 0, 0, 0, 0, 0, 0, 0, 0, 0, 0, 0, 0, 0, 0, 
1, 1, 1, 1, 1, 1, 1, 1, 1, 1, 1, 1, 1, 1, 1, 1, 1, 1, 1, 1, 1, 
1, 0.0098, 0.0097, 0.0097, 0.0108, 0.0102, 0.0102, 0.01, 0.0098, 
0.0102, 0.01, 0.011, 12.3, 15, 5.9, 29, 6, 19.8, 23.4, 12.1, 
17.1, 6.1, 33.4, 2, 1, 1, 1, 1, 1, 1, 2, 1, 1, 1, 1484, 1551, 
1829, 1936, 1855, 1845, 1922, 1942, 1957, 1883, 1907, 100, 100, 
100, 100, 100, 100, 100, 100, 100, 100, 100, 2500, 2500, 2500, 
2500, 2500, 2500, 2500, 2500, 2500, 2500, 2500, 6792.455, 6800.158, 
6871.571, 6825.859, 6746.342, 6732.19, 6724.97, 6740.037, 6678.171, 
6612.29000000001, 6648.035, 1, 1, 1, 1, 1, 1, 1, 1, 1, 1, 1, 
0.16667, 0.16667, 0.16667, 0.16667, 0.16667, 0.16667, 0.16667, 
0.16667, 0.16667, 0.16667, 0.16667, 0, 0, 0, 0, 0, 0, 0, 0, 0, 
0, 0, 0, 0, 0, 0, 0, 0, 0, 0, 0, 0, 0, 1, 1, 1, 1, 1, 1, 1, 1, 
1, 1, 1, 1, 1, 1, 1, 1, 1, 1, 1, 1, 1, 1, 0.0095, 0.0105, 0.0098, 
0.0096, 0.0101, 0.0095, 0.0097, 0.0103, 0.0105, 0.0103, 0.0106, 
18.1, 18.8, 18, 17.9, 18, 17.6, 18, 17.8, 17.9, 18, 18.3, 1, 
1, 1, 1, 1, 1, 1, 1, 1, 1, 1, 1, 1, 1, 1, 1, 1, 1, 1, 1, 1, 1, 
1, 1, 1, 1, 1, 1, 1, 1, 1, 1, 1, 1, 1, 1, 1, 1, 1, 1, 1, 1, 1, 
1, 2.717, 2.73, 2.695, 2.715, 2.686, 2.709, 2.684, 2.691, 2.663, 
2.667, 2.648), .Dim = c(11L, 40L), .Dimnames = list(NULL, c("Sampling", 
"PSO.cost", "PSO.gamma", "PSO.data.balancing", "PSO.feature.selection", 
"PSO.valid.acc", "PSO.test.acc", "PSO.train.time", "PSO.n.support.vectors", 
"PSO.index", "PSO.n.solutions", "PSO.generations", "PSO.n.evaluations", 
"PSO.cpu.time", "RS.cost", "RS.gamma", "RS.data.balancing", "RS.feature.selection", 
"RS.valid.acc", "RS.test.acc", "RS.train.time", "RS.n.support.vectors", 
"RS.index", "RS.n.solutions", "RS.generations", "RS.n.evaluations", 
"RS.cpu.time", "DF.cost", "DF.gamma", "DF.data.balancing", "DF.feature.selection", 
"DF.valid.acc", "DF.test.acc", "DF.train.time", "DF.n.support.vectors", 
"DF.index", "DF.n.solutions", "DF.generations", "DF.n.evaluations", 
"DF.cpu.time")))
