full <-
structure(c(50, 55, 60, 65, 70, 75, 80, 85, 90, 95, 100, 9.84084, 
1, 1, 1, 1, 1, 1, 1, 1, 1, 1, -2.43916, 0.16667, 0.16667, 0.16667, 
0.16667, 0.16667, 0.16667, 0.16667, 0.16667, 0.16667, 0.16667, 
0, 0, 0, 0, 0, 0, 0, 0, 0, 0, 0, 0, 0, 0, 0, 0, 0, 0, 0, 0, 0, 
0, 1, 1, 1, 1, 1, 1, 1, 1, 1, 1, 1, 1, 1, 1, 1, 1, 1, 1, 1, 1, 
1, 1, 0.0099, 0.0095, 0.0098, 0.0103, 0.01, 0.0104, 0.0102, 0.0098, 
0.0096, 0.0107, 0.0101, 7.3, 14.7, 15.9, 16.8, 17.1, 17.4, 17.6, 
17.6, 18, 18.3, 18.1, 2, 1, 1, 1, 1, 1, 1, 1, 1, 1, 1, 2000, 
2268, 2321, 2199, 2025, 2137, 2281, 2267, 2194, 2297, 2156, 100, 
100, 100, 100, 100, 100, 100, 100, 100, 100, 100, 2500, 2500, 
2500, 2500, 2500, 2500, 2500, 2500, 2500, 2500, 2500, 6636.529, 
6828.343, 6745.008, 6646.495, 6644.912, 6652.17600000001, 6607.652, 
6626.602, 6410.481, 6718.386, 6747.334, 5.69794, 0.11873, 0.55359, 
12.61649, 12.10727, 9.4403, 3.02755, 3.62537, 13.037, 13.55037, 
12.10165, -8.31969, 1.42174, -1.08124, -9.30765, 0.96376, -1.72444, 
-6.84781, -6.22421, -3.57296, 2.58317, -1.75566, 0, 0, 0, 0, 
0, 0, 0, 0, 0, 0, 0, 0, 0, 0, 0, 0, 0, 0, 0, 0, 0, 0, 1, 1, 1, 
1, 1, 1, 1, 1, 1, 1, 1, 1, 1, 1, 1, 1, 1, 1, 1, 1, 1, 1, 0.01, 
0.0106, 0.01, 0.0106, 0.0099, 0.01, 0.0112, 0.0104, 0.0098, 0.011, 
0.0101, 11, 20.6, 13.5, 5, 20.9, 10.6, 21.1, 13.7, 5, 31.1, 11.1, 
1, 2, 1, 1, 1, 1, 1, 1, 2, 1, 3, 1629, 1759, 1839, 1854, 1863, 
1856, 1900, 1872, 1871, 1960, 1958, 100, 100, 100, 100, 100, 
100, 100, 100, 100, 100, 100, 2500, 2500, 2500, 2500, 2500, 2500, 
2500, 2500, 2500, 2500, 2500, 6675.381, 6838.242, 6730.491, 6664.217, 
6600.39999999999, 6582.34600000001, 6673.254, 6501.965, 6369.818, 
6753.72499999999, 6854.47400000002, 1, 1, 1, 1, 1, 1, 1, 1, 1, 
1, 1, 0.16667, 0.16667, 0.16667, 0.16667, 0.16667, 0.16667, 0.16667, 
0.16667, 0.16667, 0.16667, 0.16667, 0, 0, 0, 0, 0, 0, 0, 0, 0, 
0, 0, 0, 0, 0, 0, 0, 0, 0, 0, 0, 0, 0, 0.98, 1, 1, 1, 1, 1, 1, 
1, 1, 1, 1, 0.98, 1, 1, 1, 1, 1, 1, 1, 1, 1, 1, 0.0095, 0.0098, 
0.0096, 0.0099, 0.0102, 0.0101, 0.0099, 0.0094, 0.0105, 0.0104, 
0.0103, 14.2, 14.7, 15.9, 16.8, 17.1, 17.4, 17.6, 17.6, 18, 18.3, 
18.1, 1, 1, 1, 1, 1, 1, 1, 1, 1, 1, 1, 1, 1, 1, 1, 1, 1, 1, 1, 
1, 1, 1, 1, 1, 1, 1, 1, 1, 1, 1, 1, 1, 1, 1, 1, 1, 1, 1, 1, 1, 
1, 1, 1, 1, 2.672, 2.711, 2.693, 2.667, 2.642, 2.633, 2.636, 
2.46, 2.661, 2.704, 2.717), .Dim = c(11L, 40L), .Dimnames = list(
    NULL, c("Sampling", "PSO.cost", "PSO.gamma", "PSO.data.balancing", 
    "PSO.feature.selection", "PSO.valid.acc", "PSO.test.acc", 
    "PSO.train.time", "PSO.n.support.vectors", "PSO.index", "PSO.n.solutions", 
    "PSO.generations", "PSO.n.evaluations", "PSO.cpu.time", "RS.cost", 
    "RS.gamma", "RS.data.balancing", "RS.feature.selection", 
    "RS.valid.acc", "RS.test.acc", "RS.train.time", "RS.n.support.vectors", 
    "RS.index", "RS.n.solutions", "RS.generations", "RS.n.evaluations", 
    "RS.cpu.time", "DF.cost", "DF.gamma", "DF.data.balancing", 
    "DF.feature.selection", "DF.valid.acc", "DF.test.acc", "DF.train.time", 
    "DF.n.support.vectors", "DF.index", "DF.n.solutions", "DF.generations", 
    "DF.n.evaluations", "DF.cpu.time")))
