full <-
structure(c(50, 55, 60, 65, 70, 75, 80, 85, 90, 95, 100, 1, 1, 
1, 1, 1, 1, 1, 1, 1, 1, 1, 0.16667, 0.16667, 0.16667, 0.16667, 
0.16667, 0.16667, 0.16667, 0.16667, 0.16667, 0.16667, 0.16667, 
0, 0, 0, 0, 0, 0, 0, 0, 0, 0, 0, 0, 0, 0, 0, 0, 0, 0, 0, 0, 0, 
0, 1, 1, 1, 1, 1, 1, 1, 1, 1, 1, 1, 1, 1, 1, 1, 1, 1, 1, 1, 1, 
1, 1, 0.0109, 0.0097, 0.0106, 0.0098, 0.0095, 0.0103, 0.0102, 
0.0099, 0.0097, 0.0098, 0.0115, 15.7, 16.1, 16.3, 16.6, 17.7, 
17.5, 17.8, 17.5, 18.1, 18.3, 18.3, 1, 1, 1, 1, 1, 1, 1, 1, 1, 
1, 1, 1949, 2174, 2095, 2095, 2177, 2247, 2273, 2127, 2294, 2213, 
2272, 100, 100, 100, 100, 100, 100, 100, 100, 100, 100, 100, 
2500, 2500, 2500, 2500, 2500, 2500, 2500, 2500, 2500, 2500, 2500, 
6535.713, 6566.776, 6613.681, 6583.05, 6581.558, 6534.489, 6440.71799999999, 
6441.67, 6525.682, 8349.39, 8804.32499999998, 0.83684, 11.14206, 
14.95294, 8.12534, 8.80627, 0.77599, 14.54578, 3.65695, 10.33867, 
8.03784, 8.14571, -0.47052, -4.2219, -5.31017, -3.45084, -4.96242, 
-4.73074, -3.69145, -3.01927, -2.80881, -3.01707, -1.68388, 0, 
0, 0, 0, 0, 0, 0, 0, 0, 0, 0, 0, 0, 0, 0, 0, 0, 0, 0, 0, 0, 0, 
1, 1, 1, 1, 1, 1, 1, 1, 1, 1, 1, 1, 1, 1, 1, 1, 1, 1, 1, 1, 1, 
1, 0.01, 0.0094, 0.01, 0.0095, 0.0098, 0.0101, 0.0093, 0.0103, 
0.0095, 0.011, 0.0107, 15.2, 5, 5, 5, 5, 23.3, 5, 5, 6.2, 5.7, 
12, 1, 1, 1, 1, 3, 2, 1, 1, 1, 1, 1, 1673, 1854, 1794, 1914, 
1851, 1880, 1892, 1801, 1938, 1903, 1931, 100, 100, 100, 100, 
100, 100, 100, 100, 100, 100, 100, 2500, 2500, 2500, 2500, 2500, 
2500, 2500, 2500, 2500, 2500, 2500, 6530.637, 6633.186, 6594.671, 
6582.643, 6578.341, 6469.33500000001, 6538.68700000001, 6456.933, 
6394.98300000001, 8783.80299999999, 8815.897, 1, 1, 1, 1, 1, 
1, 1, 1, 1, 1, 1, 0.16667, 0.16667, 0.16667, 0.16667, 0.16667, 
0.16667, 0.16667, 0.16667, 0.16667, 0.16667, 0.16667, 0, 0, 0, 
0, 0, 0, 0, 0, 0, 0, 0, 0, 0, 0, 0, 0, 0, 0, 0, 0, 0, 0, 1, 1, 
1, 1, 1, 1, 1, 1, 1, 1, 1, 1, 1, 1, 1, 1, 1, 1, 1, 1, 1, 1, 0.0096, 
0.0105, 0.0099, 0.0096, 0.01, 0.0106, 0.0102, 0.0101, 0.0103, 
0.0112, 0.0113, 15.7, 16.1, 16.3, 16.6, 17.7, 17.5, 17.8, 17.5, 
18.1, 18.3, 18.3, 1, 1, 1, 1, 1, 1, 1, 1, 1, 1, 1, 1, 1, 1, 1, 
1, 1, 1, 1, 1, 1, 1, 1, 1, 1, 1, 1, 1, 1, 1, 1, 1, 1, 1, 1, 1, 
1, 1, 1, 1, 1, 1, 1, 1, 2.522, 2.665, 2.673, 2.503, 2.614, 2.708, 
2.519, 2.542, 2.566, 3.322, 3.297), .Dim = c(11L, 40L), .Dimnames = list(
    NULL, c("Sampling", "PSO.cost", "PSO.gamma", "PSO.data.balancing", 
    "PSO.feature.selection", "PSO.valid.acc", "PSO.test.acc", 
    "PSO.train.time", "PSO.n.support.vectors", "PSO.index", "PSO.n.solutions", 
    "PSO.generations", "PSO.n.evaluations", "PSO.cpu.time", "RS.cost", 
    "RS.gamma", "RS.data.balancing", "RS.feature.selection", 
    "RS.valid.acc", "RS.test.acc", "RS.train.time", "RS.n.support.vectors", 
    "RS.index", "RS.n.solutions", "RS.generations", "RS.n.evaluations", 
    "RS.cpu.time", "DF.cost", "DF.gamma", "DF.data.balancing", 
    "DF.feature.selection", "DF.valid.acc", "DF.test.acc", "DF.train.time", 
    "DF.n.support.vectors", "DF.index", "DF.n.solutions", "DF.generations", 
    "DF.n.evaluations", "DF.cpu.time")))
