full <-
structure(c(50, 55, 60, 65, 70, 75, 80, 85, 90, 95, 100, 1, 1, 
1, 1, 1, 1, 1, 1, 1, 1, 1, 0.16667, 0.16667, 0.16667, 0.16667, 
0.16667, 0.16667, 0.16667, 0.16667, 0.16667, 0.16667, 0.16667, 
0, 0, 0, 0, 0, 0, 0, 0, 0, 0, 0, 0, 0, 0, 0, 0, 0, 0, 0, 0, 0, 
0, 1, 1, 1, 1, 1, 1, 1, 1, 1, 1, 1, 1, 1, 1, 1, 1, 1, 1, 1, 1, 
1, 1, 0.0112, 0.0103, 0.0098, 0.0113, 0.0116, 0.0118, 0.0117, 
0.0118, 0.012, 0.0119, 0.0114, 16.5, 17.4, 17.5, 17.8, 17.8, 
17.7, 17.6, 18, 17.9, 18.5, 18.4, 1, 1, 1, 1, 1, 1, 1, 1, 1, 
1, 1, 2165, 2191, 2064, 2212, 2177, 2197, 2206, 2186, 2157, 2303, 
2301, 100, 100, 100, 100, 100, 100, 100, 100, 100, 100, 100, 
2500, 2500, 2500, 2500, 2500, 2500, 2500, 2500, 2500, 2500, 2500, 
6446.686, 6701.378, 6890.802, 8965.726, 8948.607, 9015.762, 9052.007, 
8909.219, 8859.715, 8893.33799999999, 8445.19, 7.65984, 8.92963, 
8.2096, 8.40558, -0.33241, 11.24132, 12.45533, 13.05742, 5.68606, 
10.55776, 11.31062, -2.81856, -6.04362, -8.71111, -4.14747, -0.3113, 
-7.11079, 2.71271, -8.61514, -4.66179, -13.68685, -1.11055, 0, 
0, 0, 0, 0, 0, 0, 0, 0, 0, 0, 0, 0, 0, 0, 0, 0, 0, 0, 0, 0, 0, 
1, 1, 1, 1, 1, 1, 1, 1, 1, 1, 1, 1, 1, 1, 1, 1, 1, 1, 1, 1, 1, 
1, 0.01, 0.0101, 0.0118, 0.0118, 0.0117, 0.0117, 0.0122, 0.0117, 
0.0118, 0.012, 0.0121, 5.9, 5, 6, 5, 19.1, 5, 30.7, 5, 5, 18.6, 
13.7, 2, 1, 2, 2, 3, 1, 5, 2, 1, 1, 2, 1704, 1833, 1774, 1842, 
1892, 1867, 1888, 1906, 1871, 1914, 1937, 100, 100, 100, 100, 
100, 100, 100, 100, 100, 100, 100, 2500, 2500, 2500, 2500, 2500, 
2500, 2500, 2500, 2500, 2500, 2500, 6625.262, 6697.858, 8988.194, 
8950.469, 8986.90699999999, 9017.70299999999, 9016.008, 8861.414, 
8821.79800000001, 8718.90299999999, 8485.74599999998, 1, 1, 1, 
1, 1, 1, 1, 1, 1, 1, 1, 0.16667, 0.16667, 0.16667, 0.16667, 0.16667, 
0.16667, 0.16667, 0.16667, 0.16667, 0.16667, 0.16667, 0, 0, 0, 
0, 0, 0, 0, 0, 0, 0, 0, 0, 0, 0, 0, 0, 0, 0, 0, 0, 0, 0, 1, 1, 
1, 1, 1, 1, 1, 1, 1, 1, 1, 1, 1, 1, 1, 1, 1, 1, 1, 1, 1, 1, 0.0101, 
0.01, 0.0113, 0.0116, 0.0111, 0.0119, 0.0118, 0.012, 0.0122, 
0.0108, 0.0111, 16.5, 17.4, 17.5, 17.8, 17.8, 17.7, 17.6, 18, 
17.9, 18.5, 18.4, 1, 1, 1, 1, 1, 1, 1, 1, 1, 1, 1, 1, 1, 1, 1, 
1, 1, 1, 1, 1, 1, 1, 1, 1, 1, 1, 1, 1, 1, 1, 1, 1, 1, 1, 1, 1, 
1, 1, 1, 1, 1, 1, 1, 1, 2.678, 2.678, 3.581, 3.603, 3.588, 3.599, 
3.554, 3.544, 3.499, 3.232, 3.27), .Dim = c(11L, 40L), .Dimnames = list(
    NULL, c("Sampling", "PSO.cost", "PSO.gamma", "PSO.data.balancing", 
    "PSO.feature.selection", "PSO.valid.acc", "PSO.test.acc", 
    "PSO.train.time", "PSO.n.support.vectors", "PSO.index", "PSO.n.solutions", 
    "PSO.generations", "PSO.n.evaluations", "PSO.cpu.time", "RS.cost", 
    "RS.gamma", "RS.data.balancing", "RS.feature.selection", 
    "RS.valid.acc", "RS.test.acc", "RS.train.time", "RS.n.support.vectors", 
    "RS.index", "RS.n.solutions", "RS.generations", "RS.n.evaluations", 
    "RS.cpu.time", "DF.cost", "DF.gamma", "DF.data.balancing", 
    "DF.feature.selection", "DF.valid.acc", "DF.test.acc", "DF.train.time", 
    "DF.n.support.vectors", "DF.index", "DF.n.solutions", "DF.generations", 
    "DF.n.evaluations", "DF.cpu.time")))
