full <-
structure(c(50, 55, 60, 65, 70, 75, 80, 85, 90, 95, 100, 1, 1, 
1, 1, 1, 1, 1, 1, 1, 1, 1, 0.16667, 0.16667, 0.16667, 0.16667, 
0.16667, 0.16667, 0.16667, 0.16667, 0.16667, 0.16667, 0.16667, 
0, 0, 0, 0, 0, 0, 0, 0, 0, 0, 0, 0, 0, 0, 0, 0, 0, 0, 0, 0, 0, 
0, 1, 1, 1, 1, 1, 1, 1, 1, 1, 1, 1, 1, 1, 1, 1, 1, 1, 1, 1, 1, 
1, 1, 0.0108, 0.0098, 0.0103, 0.0092, 0.0106, 0.0093, 0.0101, 
0.0094, 0.0109, 0.0108, 0.01, 15.7, 16.1, 16.2, 16.3, 16.5, 17.8, 
17.9, 17.8, 18.3, 18.4, 18, 1, 1, 1, 1, 1, 1, 1, 1, 1, 1, 1, 
2201, 2242, 2205, 2248, 2309, 2190, 2274, 2280, 2313, 2220, 2352, 
100, 100, 100, 100, 100, 100, 100, 100, 100, 100, 100, 2500, 
2500, 2500, 2500, 2500, 2500, 2500, 2500, 2500, 2500, 2500, 6590.664, 
6833.932, 6748.924, 6562.055, 6536.19100000001, 6524.444, 6550.068, 
6609.11900000001, 6847.194, 6873.772, 6517.929, 14.13755, 1.18855, 
12.8056, 8.85426, 6.60053, 9.01125, 7.07254, 6.28948, 14.16677, 
6.70897, 0.43555, -14.23084, 2.13025, -14.19815, -3.25203, -9.211, 
-7.58108, -12.24414, 2.1309, -9.00775, -3.92813, 0.04533, 0, 
0, 0, 0, 0, 0, 0, 0, 0, 0, 0, 0, 0, 0, 0, 0, 0, 0, 0, 0, 0, 0, 
1, 1, 1, 1, 1, 1, 1, 1, 1, 1, 1, 1, 1, 1, 1, 1, 1, 1, 1, 1, 1, 
1, 0.0088, 0.0104, 0.0099, 0.0093, 0.0095, 0.0093, 0.0103, 0.0098, 
0.0105, 0.0102, 0.0108, 5, 21.9, 8.2, 5.2, 13.5, 5, 34.7, 24.4, 
5, 5, 19.3, 1, 1, 2, 1, 1, 1, 1, 1, 1, 1, 1, 1809, 1863, 1917, 
1893, 1890, 1930, 1937, 1897, 1913, 1892, 1901, 100, 100, 100, 
100, 100, 100, 100, 100, 100, 100, 100, 2500, 2500, 2500, 2500, 
2500, 2500, 2500, 2500, 2500, 2500, 2500, 6771.122, 6857.347, 
6559.792, 6560.67400000001, 6500.91800000001, 6576.053, 6489.894, 
6773.167, 6838.03, 6752.985, 6465.76300000001, 1, 1, 1, 1, 1, 
1, 1, 1, 1, 1, 1, 0.16667, 0.16667, 0.16667, 0.16667, 0.16667, 
0.16667, 0.16667, 0.16667, 0.16667, 0.16667, 0.16667, 0, 0, 0, 
0, 0, 0, 0, 0, 0, 0, 0, 0, 0, 0, 0, 0, 0, 0, 0, 0, 0, 0, 1, 1, 
1, 1, 1, 1, 1, 1, 1, 1, 1, 1, 1, 1, 1, 1, 1, 1, 1, 1, 1, 1, 0.0102, 
0.0104, 0.0091, 0.0104, 0.01, 0.01, 0.0093, 0.0105, 0.0106, 0.0097, 
0.011, 15.7, 16.1, 16.2, 16.3, 16.5, 17.8, 17.9, 17.8, 18.3, 
18.4, 18, 1, 1, 1, 1, 1, 1, 1, 1, 1, 1, 1, 1, 1, 1, 1, 1, 1, 
1, 1, 1, 1, 1, 1, 1, 1, 1, 1, 1, 1, 1, 1, 1, 1, 1, 1, 1, 1, 1, 
1, 1, 1, 1, 1, 1, 2.72, 2.756, 2.479, 2.676, 2.567, 2.625, 2.463, 
2.757, 2.722, 2.483, 2.724), .Dim = c(11L, 40L), .Dimnames = list(
    NULL, c("Sampling", "PSO.cost", "PSO.gamma", "PSO.data.balancing", 
    "PSO.feature.selection", "PSO.valid.acc", "PSO.test.acc", 
    "PSO.train.time", "PSO.n.support.vectors", "PSO.index", "PSO.n.solutions", 
    "PSO.generations", "PSO.n.evaluations", "PSO.cpu.time", "RS.cost", 
    "RS.gamma", "RS.data.balancing", "RS.feature.selection", 
    "RS.valid.acc", "RS.test.acc", "RS.train.time", "RS.n.support.vectors", 
    "RS.index", "RS.n.solutions", "RS.generations", "RS.n.evaluations", 
    "RS.cpu.time", "DF.cost", "DF.gamma", "DF.data.balancing", 
    "DF.feature.selection", "DF.valid.acc", "DF.test.acc", "DF.train.time", 
    "DF.n.support.vectors", "DF.index", "DF.n.solutions", "DF.generations", 
    "DF.n.evaluations", "DF.cpu.time")))
