full <-
structure(c(50, 55, 60, 65, 70, 75, 80, 85, 90, 95, 100, 1, 1, 
1, 1, 1, 1, 1, 1, 1, 1, 1, 0.16667, 0.16667, 0.16667, 0.16667, 
0.16667, 0.16667, 0.16667, 0.16667, 0.16667, 0.16667, 0.16667, 
0, 0, 0, 0, 0, 0, 0, 0, 0, 0, 0, 0, 0, 0, 0, 0, 0, 0, 0, 0, 0, 
0, 1, 1, 1, 1, 1, 1, 1, 1, 1, 1, 1, 1, 1, 1, 1, 1, 1, 1, 1, 1, 
1, 1, 0.0105, 0.0096, 0.0101, 0.0102, 0.0093, 0.0094, 0.0105, 
0.0104, 0.0109, 0.0104, 0.0108, 14.3, 14.6, 14.9, 16, 17, 17, 
17.7, 18.1, 18.4, 18.1, 18.2, 1, 1, 1, 1, 1, 1, 1, 1, 1, 1, 1, 
1785, 2313, 1963, 2211, 1921, 2177, 2270, 2231, 2307, 2290, 2294, 
100, 100, 100, 100, 100, 100, 100, 100, 100, 100, 100, 2500, 
2500, 2500, 2500, 2500, 2500, 2500, 2500, 2500, 2500, 2500, 6841.044, 
6930.617, 6813.284, 6532.445, 6588.755, 6550.11499999999, 6515.436, 
6538.197, 6446.69100000001, 6791.04300000001, 6799.628, 4.10593, 
6.79343, 1.82828, 14.53576, 14.83119, 9.47523, 13.28483, 9.08678, 
7.75848, 12.56519, 7.97785, -8.54825, -8.85797, -1.60262, -9.88301, 
-9.68627, -0.60859, -8.87063, 2.47869, 1.94259, -1.93754, -7.45899, 
0, 0, 0, 0, 0, 0, 0, 0, 0, 0, 0, 0, 0, 0, 0, 0, 0, 0, 0, 0, 0, 
0, 1, 1, 1, 1, 1, 1, 1, 1, 1, 1, 1, 0.98, 1, 1, 1, 1, 1, 1, 1, 
1, 1, 1, 0.0101, 0.01, 0.0099, 0.0091, 0.0102, 0.0108, 0.0096, 
0.0107, 0.0102, 0.0106, 0.0104, 19.7, 10.6, 11.7, 5, 5, 15.4, 
5, 28.3, 24, 10.7, 5, 3, 1, 2, 1, 3, 1, 1, 1, 2, 3, 1, 1331, 
1872, 1774, 1793, 1680, 1821, 1888, 1820, 1883, 1928, 1920, 100, 
100, 100, 100, 100, 100, 100, 100, 100, 100, 100, 2500, 2500, 
2500, 2500, 2500, 2500, 2500, 2500, 2500, 2500, 2500, 6880.906, 
6842.817, 6778.446, 6497.359, 6543.681, 6496.662, 6535.17999999999, 
6527.53, 6590.05899999999, 6784.981, 7156.94400000002, 1, 1, 
1, 1, 1, 1, 1, 1, 1, 1, 1, 0.16667, 0.16667, 0.16667, 0.16667, 
0.16667, 0.16667, 0.16667, 0.16667, 0.16667, 0.16667, 0.16667, 
0, 0, 0, 0, 0, 0, 0, 0, 0, 0, 0, 0, 0, 0, 0, 0, 0, 0, 0, 0, 0, 
0, 1, 1, 1, 1, 1, 1, 1, 1, 1, 1, 1, 1, 1, 1, 1, 1, 1, 1, 1, 1, 
1, 1, 0.0097, 0.0098, 0.01, 0.01, 0.0094, 0.0105, 0.0105, 0.0104, 
0.0104, 0.0108, 0.0108, 14.3, 14.6, 14.9, 16, 17, 17, 17.7, 18.1, 
18.4, 18.1, 18.2, 1, 1, 1, 1, 1, 1, 1, 1, 1, 1, 1, 1, 1, 1, 1, 
1, 1, 1, 1, 1, 1, 1, 1, 1, 1, 1, 1, 1, 1, 1, 1, 1, 1, 1, 1, 1, 
1, 1, 1, 1, 1, 1, 1, 1, 2.772, 2.739, 2.731, 2.624, 2.484, 2.729, 
2.758, 2.695, 2.671, 2.719, 2.741), .Dim = c(11L, 40L), .Dimnames = list(
    NULL, c("Sampling", "PSO.cost", "PSO.gamma", "PSO.data.balancing", 
    "PSO.feature.selection", "PSO.valid.acc", "PSO.test.acc", 
    "PSO.train.time", "PSO.n.support.vectors", "PSO.index", "PSO.n.solutions", 
    "PSO.generations", "PSO.n.evaluations", "PSO.cpu.time", "RS.cost", 
    "RS.gamma", "RS.data.balancing", "RS.feature.selection", 
    "RS.valid.acc", "RS.test.acc", "RS.train.time", "RS.n.support.vectors", 
    "RS.index", "RS.n.solutions", "RS.generations", "RS.n.evaluations", 
    "RS.cpu.time", "DF.cost", "DF.gamma", "DF.data.balancing", 
    "DF.feature.selection", "DF.valid.acc", "DF.test.acc", "DF.train.time", 
    "DF.n.support.vectors", "DF.index", "DF.n.solutions", "DF.generations", 
    "DF.n.evaluations", "DF.cpu.time")))
