full <-
structure(c(50, 55, 60, 65, 70, 75, 80, 85, 90, 95, 100, 1, 1, 
1, 1, 1, 1, 1, 1, 1, 1, 1, 0.16667, 0.16667, 0.16667, 0.16667, 
0.16667, 0.16667, 0.16667, 0.16667, 0.16667, 0.16667, 0.16667, 
0, 0, 0, 0, 0, 0, 0, 0, 0, 0, 0, 0, 0, 0, 0, 0, 0, 0, 0, 0, 0, 
0, 1, 1, 1, 1, 1, 1, 1, 1, 1, 1, 1, 1, 1, 1, 1, 1, 1, 1, 1, 1, 
1, 1, 0.0118, 0.0105, 0.0107, 0.011, 0.011, 0.0108, 0.0112, 0.0112, 
0.0113, 0.01, 0.0103, 15.6, 17.6, 17.4, 18, 17.8, 17.6, 18, 18.3, 
18.7, 18.2, 18.2, 1, 1, 1, 1, 1, 1, 1, 1, 1, 1, 1, 2134, 2245, 
2314, 2267, 2301, 2212, 2258, 2301, 2288, 2217, 2310, 100, 100, 
100, 100, 100, 100, 100, 100, 100, 100, 100, 2500, 2500, 2500, 
2500, 2500, 2500, 2500, 2500, 2500, 2500, 2500, 8804.521, 8791.784, 
8899.356, 8650.03, 8603.63, 8918.447, 9022.848, 6672.22200000001, 
6460.29800000001, 6371.128, 6392.90599999999, -0.41388, 11.1755, 
13.992, 8.82904, 11.82655, 12.83112, 10.90198, 11.93001, -0.70637, 
11.12039, 9.10226, 1.98416, -8.16094, -5.62156, 0.03765, -13.96284, 
1.63934, -4.11089, -4.55708, 0.29294, -12.89798, -9.00021, 0, 
0, 0, 0, 0, 0, 0, 0, 0, 0, 0, 0, 0, 0, 0, 0, 0, 0, 0, 0, 0, 0, 
1, 1, 1, 1, 1, 1, 1, 1, 1, 1, 1, 1, 1, 1, 1, 1, 1, 1, 1, 1, 1, 
1, 0.0108, 0.0106, 0.0109, 0.0107, 0.0106, 0.0117, 0.0109, 0.0109, 
0.0106, 0.011, 0.0105, 24.5, 5, 5, 19.2, 11.8, 24.1, 5, 5, 25, 
10.9, 5.7, 1, 1, 1, 1, 2, 1, 2, 1, 2, 1, 1, 1843, 1851, 1929, 
1844, 1926, 1866, 1882, 1850, 1825, 1917, 1912, 100, 100, 100, 
100, 100, 100, 100, 100, 100, 100, 100, 2500, 2500, 2500, 2500, 
2500, 2500, 2500, 2500, 2500, 2500, 2500, 8814.648, 8876.612, 
8880.452, 8593.44100000001, 8701.65399999999, 9043.901, 6744.327, 
6442.45599999999, 6430.47499999998, 6399.03900000002, 6600.42799999999, 
1, 1, 1, 1, 1, 1, 1, 1, 1, 1, 1, 0.16667, 0.16667, 0.16667, 0.16667, 
0.16667, 0.16667, 0.16667, 0.16667, 0.16667, 0.16667, 0.16667, 
0, 0, 0, 0, 0, 0, 0, 0, 0, 0, 0, 0, 0, 0, 0, 0, 0, 0, 0, 0, 0, 
0, 1, 1, 1, 1, 1, 1, 1, 1, 1, 1, 1, 1, 1, 1, 1, 1, 1, 1, 1, 1, 
1, 1, 0.0107, 0.0107, 0.0106, 0.0107, 0.0106, 0.0114, 0.0119, 
0.0116, 0.0101, 0.0102, 0.0116, 15.6, 17.6, 17.4, 18, 17.8, 17.6, 
18, 18.3, 18.7, 18.2, 18.2, 1, 1, 1, 1, 1, 1, 1, 1, 1, 1, 1, 
1, 1, 1, 1, 1, 1, 1, 1, 1, 1, 1, 1, 1, 1, 1, 1, 1, 1, 1, 1, 1, 
1, 1, 1, 1, 1, 1, 1, 1, 1, 1, 1, 1, 3.517, 3.551, 3.542, 3.509, 
3.416, 3.593, 2.705, 2.654, 2.394, 2.428, 3.538), .Dim = c(11L, 
40L), .Dimnames = list(NULL, c("Sampling", "PSO.cost", "PSO.gamma", 
"PSO.data.balancing", "PSO.feature.selection", "PSO.valid.acc", 
"PSO.test.acc", "PSO.train.time", "PSO.n.support.vectors", "PSO.index", 
"PSO.n.solutions", "PSO.generations", "PSO.n.evaluations", "PSO.cpu.time", 
"RS.cost", "RS.gamma", "RS.data.balancing", "RS.feature.selection", 
"RS.valid.acc", "RS.test.acc", "RS.train.time", "RS.n.support.vectors", 
"RS.index", "RS.n.solutions", "RS.generations", "RS.n.evaluations", 
"RS.cpu.time", "DF.cost", "DF.gamma", "DF.data.balancing", "DF.feature.selection", 
"DF.valid.acc", "DF.test.acc", "DF.train.time", "DF.n.support.vectors", 
"DF.index", "DF.n.solutions", "DF.generations", "DF.n.evaluations", 
"DF.cpu.time")))
