full <-
structure(c(50, 55, 60, 65, 70, 75, 80, 85, 90, 95, 100, 1, 1, 
1, 1, 1, 1, 1, 1, 1, 1, 1, 0.16667, 0.16667, 0.16667, 0.16667, 
0.16667, 0.16667, 0.16667, 0.16667, 0.16667, 0.16667, 0.16667, 
0, 0, 0, 0, 0, 0, 0, 0, 0, 0, 0, 0, 0, 0, 0, 0, 0, 0, 0, 0, 0, 
0, 1, 1, 1, 1, 1, 1, 1, 1, 1, 1, 1, 1, 1, 1, 1, 1, 1, 1, 1, 1, 
1, 1, 0.0118, 0.0107, 0.0107, 0.0103, 0.0106, 0.0104, 0.0108, 
0.0098, 0.0117, 0.0117, 0.0107, 17.4, 16.9, 17.8, 17.9, 17.6, 
17.8, 17.7, 18.1, 17.9, 18.2, 18.4, 1, 1, 1, 1, 1, 1, 1, 1, 1, 
1, 1, 2175, 2192, 2146, 2070, 2301, 2187, 2258, 2172, 2257, 2213, 
2310, 100, 100, 100, 100, 100, 100, 100, 100, 100, 100, 100, 
2500, 2500, 2500, 2500, 2500, 2500, 2500, 2500, 2500, 2500, 2500, 
7254.236, 7322.123, 7326.059, 7263.504, 7249.008, 7247.75200000001, 
7097.716, 6954.277, 8386.24900000001, 8513.71799999999, 8044.33900000001, 
7.94158, 3.54346, 10.64325, 11.403, 9.05829, 7.4603, 4.24484, 
1.38736, 10.28897, 0.24588, 8.02099, -3.12281, -7.3412, -7.97251, 
-6.51197, -8.72341, -2.68569, -2.93944, -2.8472, -6.12823, 1.67723, 
-8.00274, 0, 0, 0, 0, 0, 0, 0, 0, 0, 0, 0, 0, 0, 0, 0, 0, 0, 
0, 0, 0, 0, 0, 1, 1, 1, 1, 1, 1, 1, 1, 1, 1, 1, 1, 1, 1, 1, 1, 
1, 1, 1, 1, 1, 1, 0.0103, 0.0104, 0.0098, 0.0101, 0.0102, 0.01, 
0.0104, 0.0108, 0.0111, 0.0121, 0.0103, 5, 21.4, 5, 5, 5, 6.6, 
5.7, 11.1, 5, 24.2, 6, 1, 1, 1, 1, 1, 1, 1, 1, 1, 1, 1, 1812, 
1826, 1827, 1841, 1835, 1851, 1872, 1828, 1933, 1890, 1901, 100, 
100, 100, 100, 100, 100, 100, 100, 100, 100, 100, 2500, 2500, 
2500, 2500, 2500, 2500, 2500, 2500, 2500, 2500, 2500, 7341.465, 
7340.653, 7273.636, 7263.244, 7245.618, 7254.488, 6941.96800000001, 
7050.41499999999, 8493.88300000002, 8471.52300000002, 8058.34400000001, 
1, 1, 1, 1, 1, 1, 1, 1, 1, 1, 1, 0.16667, 0.16667, 0.16667, 0.16667, 
0.16667, 0.16667, 0.16667, 0.16667, 0.16667, 0.16667, 0.16667, 
0, 0, 0, 0, 0, 0, 0, 0, 0, 0, 0, 0, 0, 0, 0, 0, 0, 0, 0, 0, 0, 
0, 1, 1, 1, 1, 1, 1, 1, 1, 1, 1, 1, 1, 1, 1, 1, 1, 1, 1, 1, 1, 
1, 1, 0.0106, 0.0108, 0.0104, 0.0108, 0.0102, 0.0103, 0.0096, 
0.0113, 0.0115, 0.0105, 0.0112, 17.4, 16.9, 17.8, 17.9, 17.6, 
17.8, 17.7, 18.1, 17.9, 18.2, 18.4, 1, 1, 1, 1, 1, 1, 1, 1, 1, 
1, 1, 1, 1, 1, 1, 1, 1, 1, 1, 1, 1, 1, 1, 1, 1, 1, 1, 1, 1, 1, 
1, 1, 1, 1, 1, 1, 1, 1, 1, 1, 1, 1, 1, 1, 2.919, 2.935, 2.907, 
2.911, 2.85, 2.923, 2.652, 3.332, 3.381, 3.079, 3.213), .Dim = c(11L, 
40L), .Dimnames = list(NULL, c("Sampling", "PSO.cost", "PSO.gamma", 
"PSO.data.balancing", "PSO.feature.selection", "PSO.valid.acc", 
"PSO.test.acc", "PSO.train.time", "PSO.n.support.vectors", "PSO.index", 
"PSO.n.solutions", "PSO.generations", "PSO.n.evaluations", "PSO.cpu.time", 
"RS.cost", "RS.gamma", "RS.data.balancing", "RS.feature.selection", 
"RS.valid.acc", "RS.test.acc", "RS.train.time", "RS.n.support.vectors", 
"RS.index", "RS.n.solutions", "RS.generations", "RS.n.evaluations", 
"RS.cpu.time", "DF.cost", "DF.gamma", "DF.data.balancing", "DF.feature.selection", 
"DF.valid.acc", "DF.test.acc", "DF.train.time", "DF.n.support.vectors", 
"DF.index", "DF.n.solutions", "DF.generations", "DF.n.evaluations", 
"DF.cpu.time")))
