full <-
structure(c(50, 55, 60, 65, 70, 75, 80, 85, 90, 95, 100, 15, 
10.49915, 12.44692, 15, 5.00129, 6.75637, 4.54215, 15, 12.54012, 
8.30737, 12.68321, -12.37752, -11.95112, -14.10962, -11.32105, 
-6.39691, -7.52499, -6.87365, -14.97051, -12.03966, -9.77718, 
-13.59467, 0, 0, 0, 0, 0, 0, 0, 0, 0, 0, 0, 0, 0, 0, 0, 0, 0, 
0, 0, 0, 0, 0, 0.71368, 0.71468, 0.7071, 0.70949, 0.70754, 0.70576, 
0.70238, 0.70462, 0.71127, 0.71009, 0.71174, 0.71151, 0.71003, 
0.70229, 0.70393, 0.7039, 0.7053, 0.69829, 0.70163, 0.70885, 
0.70704, 0.70519, 1.6181, 0.9586, 1.0569, 4.3594, 0.8496, 1.189, 
1.1055, 1.9648, 3.559, 2.1951, 2.9453, 694.8, 806.1, 865.6, 903.8, 
993.2, 1056.3, 1160.4, 1169.2, 1239.4, 1351.7, 1371.6, 971, 1022, 
940, 1668, 693, 1903, 1027, 2353, 1253, 1604, 1646, 10, 25, 1, 
4, 257, 18, 40, 1, 1, 2, 7, 100, 100, 100, 100, 100, 100, 100, 
100, 100, 100, 100, 2500, 2500, 2500, 2500, 2500, 2500, 2500, 
2500, 2500, 2500, 2500, 45681.303, 32727.636, 38219.274, 107274.233, 
31900.6580000001, 53591.264, 90004.9840000001, 63879.3960000001, 
102639.958, 101246.711, 83150.73, 14.56565, 10.36702, 13.11255, 
14.7818, 5.72881, 9.68018, 9.10514, 14.2969, 12.56349, 8.09329, 
13.05214, -12.06601, -11.83703, -13.8141, -10.76575, -6.61238, 
-10.9042, -7.90756, -14.43723, -12.04119, -9.64896, -14.35155, 
0, 0, 0, 0, 0, 0, 0, 0, 0, 0, 0, 0, 0, 0, 0, 0, 0, 0, 0, 0, 0, 
0, 0.71511, 0.71401, 0.7053, 0.70836, 0.70546, 0.70384, 0.70236, 
0.70333, 0.71086, 0.70933, 0.70993, 0.70787, 0.70937, 0.7035, 
0.69778, 0.7013, 0.69853, 0.70145, 0.7012, 0.70966, 0.7059, 0.70702, 
1.5886, 0.9398, 1.191, 4.7399, 0.9213, 1.8606, 2.158, 2.0615, 
3.6306, 2.1283, 2.5844, 693.9, 806.8, 854.7, 905, 986.9, 1085.4, 
1123.7, 1175.6, 1242.2, 1351.2, 1369.4, 1009, 1876, 1541, 618, 
1177, 488, 35, 1948, 1471, 480, 1544, 1, 1, 1, 1, 2, 2, 2, 1, 
1, 1, 1, 100, 100, 100, 100, 100, 100, 100, 100, 100, 100, 100, 
2500, 2500, 2500, 2500, 2500, 2500, 2500, 2500, 2500, 2500, 2500, 
38798.182, 45354.738, 53518.057, 58952.9, 70744.815, 80078.0090000001, 
101390.177, 113344.058, 116663.449, 134347.003, 153601.612, 1, 
1, 1, 1, 1, 1, 1, 1, 1, 1, 1, 0.03846, 0.03846, 0.03846, 0.03846, 
0.03846, 0.03846, 0.03846, 0.03846, 0.03846, 0.03846, 0.03846, 
0, 0, 0, 0, 0, 0, 0, 0, 0, 0, 0, 0, 0, 0, 0, 0, 0, 0, 0, 0, 0, 
0, 0.69842, 0.70214, 0.69375, 0.69102, 0.69405, 0.69075, 0.69374, 
0.69008, 0.69717, 0.69902, 0.70375, 0.69552, 0.69356, 0.69074, 
0.69102, 0.69094, 0.69267, 0.69057, 0.69136, 0.69878, 0.69977, 
0.70229, 0.4051, 0.4812, 0.5662, 0.6652, 0.7656, 0.8809, 1.0114, 
1.123, 1.2439, 1.3653, 1.5313, 818.7, 888.3, 958.2, 1033.7, 1100.6, 
1174.7, 1250.8, 1312.3, 1379.8, 1440.6, 1505.2, 1, 1, 1, 1, 1, 
1, 1, 1, 1, 1, 1, 1, 1, 1, 1, 1, 1, 1, 1, 1, 1, 1, 1, 1, 1, 1, 
1, 1, 1, 1, 1, 1, 1, 1, 1, 1, 1, 1, 1, 1, 1, 1, 1, 1, 7.182, 
7.958, 8.749, 9.834, 10.894, 12.086, 13.832, 14.862, 15.86, 17.168, 
19.026), .Dim = c(11L, 40L), .Dimnames = list(NULL, c("Sampling", 
"PSO.cost", "PSO.gamma", "PSO.data.balancing", "PSO.feature.selection", 
"PSO.valid.acc", "PSO.test.acc", "PSO.train.time", "PSO.n.support.vectors", 
"PSO.index", "PSO.n.solutions", "PSO.generations", "PSO.n.evaluations", 
"PSO.cpu.time", "RS.cost", "RS.gamma", "RS.data.balancing", "RS.feature.selection", 
"RS.valid.acc", "RS.test.acc", "RS.train.time", "RS.n.support.vectors", 
"RS.index", "RS.n.solutions", "RS.generations", "RS.n.evaluations", 
"RS.cpu.time", "DF.cost", "DF.gamma", "DF.data.balancing", "DF.feature.selection", 
"DF.valid.acc", "DF.test.acc", "DF.train.time", "DF.n.support.vectors", 
"DF.index", "DF.n.solutions", "DF.generations", "DF.n.evaluations", 
"DF.cpu.time")))
