full <-
structure(c(50, 55, 60, 65, 70, 75, 80, 85, 90, 95, 100, 14.5794, 
9.36808, 13.78912, 14.91238, 13.59162, 11.52928, 8.29206, 14.83306, 
5.41095, 15, 14.99521, -12.24391, -7.81218, -14.97607, -14.74897, 
-14.99856, -12.70227, -9.45224, -14.94693, -7.98001, -13.93055, 
-13.37081, 0, 0, 0, 0, 0, 0, 0, 0, 0, 0, 0, 0, 0, 0, 0, 0, 0, 
0, 0, 0, 0, 0, 0.7093, 0.71001, 0.7137, 0.71338, 0.71888, 0.71156, 
0.71422, 0.7139, 0.71452, 0.71083, 0.71684, 0.69842, 0.69682, 
0.71066, 0.71169, 0.71474, 0.71107, 0.70922, 0.71091, 0.71131, 
0.7074, 0.71102, 1.9364, 1.115, 1.1554, 1.6546, 1.6345, 2.3054, 
2.0128, 2.3172, 1.864, 3.6603, 4.6476, 705.5, 752.3, 824, 874.8, 
959.7, 1052.9, 1119, 1151.2, 1270.2, 1281.2, 1339, 1396, 2393, 
1124, 986, 1721, 1317, 1469, 1336, 1349, 1700, 1266, 2, 1, 432, 
1, 1, 2, 21, 2, 36, 1, 1, 100, 100, 100, 100, 100, 100, 100, 
100, 100, 100, 100, 2500, 2500, 2500, 2500, 2500, 2500, 2500, 
2500, 2500, 2500, 2500, 47619.325, 53602.449, 40156.589, 52812.329, 
53667.321, 75723.868, 67808.868, 69117.122, 146866.775, 120261.042, 
139132.672, 14.89876, 14.80045, 13.61215, 14.93979, 12.47561, 
8.90308, 8.01034, 12.93575, 5.41974, 14.98991, 13.26387, -12.39877, 
-13.31557, -14.83677, -13.73168, -13.87413, -9.44075, -9.3207, 
-13.84119, -7.97442, -13.88951, -12.32765, 0, 0, 0, 0, 0, 0, 
0, 0, 0, 0, 0, 0, 0, 0, 0, 0, 0, 0, 0, 0, 0, 0, 0.70857, 0.70868, 
0.7137, 0.71224, 0.71577, 0.71107, 0.71376, 0.71262, 0.71452, 
0.71007, 0.71466, 0.69988, 0.70866, 0.71006, 0.70891, 0.71527, 
0.70673, 0.70785, 0.71261, 0.71131, 0.7074, 0.71029, 1.8628, 
1.5217, 1.2242, 2.0305, 1.79, 2.0304, 1.9044, 2.6209, 1.9147, 
3.8275, 5.1647, 704.2, 750.3, 823.8, 874.7, 971.2, 1039, 1123.9, 
1171.5, 1270.2, 1282.6, 1354.5, 592, 714, 1145, 2357, 2129, 2146, 
738, 1767, 252, 2119, 1518, 1, 1, 1, 1, 3, 1, 2, 3, 1, 1, 1, 
100, 100, 100, 100, 100, 100, 100, 100, 100, 100, 100, 2500, 
2500, 2500, 2500, 2500, 2500, 2500, 2500, 2500, 2500, 2500, 42229.465, 
50790.59, 60904.508, 64810.379, 78521.153, 93251.192, 102396.742, 
124796.94, 144882.696, 155148.174, 170965.748, 1, 1, 1, 1, 1, 
1, 1, 1, 1, 1, 1, 0.03846, 0.03846, 0.03846, 0.03846, 0.03846, 
0.03846, 0.03846, 0.03846, 0.03846, 0.03846, 0.03846, 0, 0, 0, 
0, 0, 0, 0, 0, 0, 0, 0, 0, 0, 0, 0, 0, 0, 0, 0, 0, 0, 0, 0.68678, 
0.68952, 0.69496, 0.69776, 0.69193, 0.69897, 0.69967, 0.69641, 
0.70485, 0.70093, 0.70268, 0.68825, 0.68952, 0.69377, 0.69999, 
0.69451, 0.69606, 0.70105, 0.69939, 0.70364, 0.70359, 0.70303, 
0.5401, 0.6568, 0.7751, 0.8625, 0.9611, 1.149, 1.2839, 1.4334, 
1.5343, 1.8052, 1.9117, 800.6, 868.7, 934.1, 1004.2, 1074, 1155.5, 
1217.8, 1295.1, 1357.5, 1439.6, 1504.3, 1, 1, 1, 1, 1, 1, 1, 
1, 1, 1, 1, 1, 1, 1, 1, 1, 1, 1, 1, 1, 1, 1, 1, 1, 1, 1, 1, 1, 
1, 1, 1, 1, 1, 1, 1, 1, 1, 1, 1, 1, 1, 1, 1, 1, 8.879, 10.159, 
11.267, 12.239, 13.518, 15.112, 16.599, 18.279, 19.139, 22.532, 
23.391), .Dim = c(11L, 40L), .Dimnames = list(NULL, c("Sampling", 
"PSO.cost", "PSO.gamma", "PSO.data.balancing", "PSO.feature.selection", 
"PSO.valid.acc", "PSO.test.acc", "PSO.train.time", "PSO.n.support.vectors", 
"PSO.index", "PSO.n.solutions", "PSO.generations", "PSO.n.evaluations", 
"PSO.cpu.time", "RS.cost", "RS.gamma", "RS.data.balancing", "RS.feature.selection", 
"RS.valid.acc", "RS.test.acc", "RS.train.time", "RS.n.support.vectors", 
"RS.index", "RS.n.solutions", "RS.generations", "RS.n.evaluations", 
"RS.cpu.time", "DF.cost", "DF.gamma", "DF.data.balancing", "DF.feature.selection", 
"DF.valid.acc", "DF.test.acc", "DF.train.time", "DF.n.support.vectors", 
"DF.index", "DF.n.solutions", "DF.generations", "DF.n.evaluations", 
"DF.cpu.time")))
