full <-
structure(c(50, 55, 60, 65, 70, 75, 80, 85, 90, 95, 100, 5.92731, 
10.09323, 14.89578, 14.19562, 15, 15, 14.22514, 12.98037, 6.03871, 
2.7672, 14.5842, -7.33661, -10.81243, -12.68153, -13.52494, -14.12606, 
-13.28509, -14.99423, -12.42621, -7.76138, -3.59252, -13.67838, 
0, 0, 0, 0, 0, 0, 0, 0, 0, 0, 0, 0, 0, 0, 0, 0, 0, 0, 0, 0, 0, 
0, 0.72374, 0.72523, 0.72407, 0.72333, 0.72667, 0.72411, 0.71959, 
0.72076, 0.71779, 0.71584, 0.71286, 0.70773, 0.72326, 0.71498, 
0.71942, 0.72251, 0.72121, 0.71551, 0.71519, 0.71336, 0.71087, 
0.70195, 0.4947, 0.9057, 1.6265, 1.5282, 1.5904, 2.3325, 1.5809, 
3.0802, 1.5763, 1.4384, 3.297, 705.9, 772.7, 794.6, 867.1, 921.7, 
985.1, 1070.5, 1133.1, 1255.9, 1368.2, 1339.2, 620, 969, 2122, 
675, 248, 2061, 2411, 910, 2488, 2219, 1158, 320, 165, 1, 2, 
8, 1, 1, 2, 2, 1, 1, 100, 100, 100, 100, 100, 100, 100, 100, 
100, 100, 100, 2500, 2500, 2500, 2500, 2500, 2500, 2500, 2500, 
2500, 2500, 2500, 23204.04, 34913.792, 52826.293, 50679.836, 
51063.626, 68571.83, 52521.562, 80322.8910000001, 126751.233, 
133296.347, 95163.017, 5.62139, 10.05374, 14.32614, 14.13033, 
14.04187, 14.55827, 2.90092, 11.28768, 5.44392, 1.53351, 13.25915, 
-6.8162, -10.74001, -11.27552, -13.06098, -13.673, -12.74872, 
-4.69012, -12.87928, -6.92583, -3.19535, -13.00982, 0, 0, 0, 
0, 0, 0, 0, 0, 0, 0, 0, 0, 0, 0, 0, 0, 0, 0, 0, 0, 0, 0, 0.72083, 
0.72523, 0.72163, 0.72109, 0.72511, 0.72263, 0.71913, 0.71989, 
0.71739, 0.71508, 0.71177, 0.70923, 0.7226, 0.71615, 0.7144, 
0.72199, 0.72122, 0.71687, 0.71732, 0.71255, 0.71202, 0.70158, 
0.4798, 0.8983, 2.1891, 1.7948, 1.6521, 2.7252, 0.9823, 2.1897, 
1.5285, 1.4052, 3.6745, 703.3, 771.2, 798.1, 865.6, 929.2, 986.8, 
1114.1, 1181.1, 1244.9, 1399.3, 1355.6, 717, 724, 2171, 1020, 
1522, 971, 826, 1914, 2124, 1415, 2112, 2, 1, 1, 1, 1, 1, 1, 
1, 1, 1, 1, 100, 100, 100, 100, 100, 100, 100, 100, 100, 100, 
100, 2500, 2500, 2500, 2500, 2500, 2500, 2500, 2500, 2500, 2500, 
2500, 37610.474, 43682.635, 51672.802, 59612.613, 69857.981, 
79720.0870000001, 88362.8439999999, 98886.566, 118313.976, 135262.006, 
150478.374, 1, 1, 1, 1, 1, 1, 1, 1, 1, 1, 1, 0.03846, 0.03846, 
0.03846, 0.03846, 0.03846, 0.03846, 0.03846, 0.03846, 0.03846, 
0.03846, 0.03846, 0, 0, 0, 0, 0, 0, 0, 0, 0, 0, 0, 0, 0, 0, 0, 
0, 0, 0, 0, 0, 0, 0, 0.70413, 0.69881, 0.70651, 0.70318, 0.70436, 
0.70816, 0.71052, 0.71219, 0.70613, 0.70512, 0.69756, 0.69834, 
0.70409, 0.70591, 0.70489, 0.70229, 0.70527, 0.7087, 0.71262, 
0.70614, 0.70665, 0.70083, 0.3978, 0.4676, 0.5505, 0.6537, 0.7502, 
0.8544, 0.9904, 1.0953, 1.2397, 1.3708, 1.5304, 797.8, 867.4, 
938.8, 1010.6, 1078.7, 1138.7, 1213.3, 1283.8, 1364.7, 1433, 
1506.4, 1, 1, 1, 1, 1, 1, 1, 1, 1, 1, 1, 1, 1, 1, 1, 1, 1, 1, 
1, 1, 1, 1, 1, 1, 1, 1, 1, 1, 1, 1, 1, 1, 1, 1, 1, 1, 1, 1, 1, 
1, 1, 1, 1, 1, 7.69, 8.352, 9.062, 10.484, 11.44, 12.528, 14.329, 
15.093, 16.35, 17.72, 19.39), .Dim = c(11L, 40L), .Dimnames = list(
    NULL, c("Sampling", "PSO.cost", "PSO.gamma", "PSO.data.balancing", 
    "PSO.feature.selection", "PSO.valid.acc", "PSO.test.acc", 
    "PSO.train.time", "PSO.n.support.vectors", "PSO.index", "PSO.n.solutions", 
    "PSO.generations", "PSO.n.evaluations", "PSO.cpu.time", "RS.cost", 
    "RS.gamma", "RS.data.balancing", "RS.feature.selection", 
    "RS.valid.acc", "RS.test.acc", "RS.train.time", "RS.n.support.vectors", 
    "RS.index", "RS.n.solutions", "RS.generations", "RS.n.evaluations", 
    "RS.cpu.time", "DF.cost", "DF.gamma", "DF.data.balancing", 
    "DF.feature.selection", "DF.valid.acc", "DF.test.acc", "DF.train.time", 
    "DF.n.support.vectors", "DF.index", "DF.n.solutions", "DF.generations", 
    "DF.n.evaluations", "DF.cpu.time")))
