full <-
structure(c(50, 55, 60, 65, 70, 75, 80, 85, 90, 95, 100, 6.12854, 
8.58674, 15, 8.29656, 15, 15, 14.99361, 13.13153, 14.86729, 14.73974, 
7.37548, -6.113, -6.14169, -10.24598, -6.24859, -12.50286, -13.93576, 
-13.72004, -9.02462, -12.21338, -13.08045, -8.67888, 0, 0, 0, 
0, 0, 0, 0, 0, 0, 0, 0, 0, 0, 0, 0, 0, 0, 0, 0, 0, 0, 0, 0.71151, 
0.71073, 0.71068, 0.7034, 0.70905, 0.70527, 0.71187, 0.71135, 
0.71487, 0.71045, 0.71432, 0.70933, 0.69487, 0.7028, 0.69224, 
0.6992, 0.698, 0.70369, 0.70451, 0.71406, 0.70473, 0.71104, 0.6299, 
1.1105, 6.4706, 1.4845, 3.085, 2.3473, 2.8396, 9.4633, 5.2869, 
4.4923, 2.8786, 680.6, 750.2, 804.3, 897.1, 944.7, 1005, 1074.9, 
1150.4, 1207.2, 1289.7, 1393.6, 1712, 1696, 1418, 2263, 686, 
1392, 1201, 1637, 2464, 1494, 1832, 19, 4, 3, 1, 2, 1, 10, 1, 
1, 1, 11, 100, 100, 100, 100, 100, 100, 100, 100, 100, 100, 100, 
2500, 2500, 2500, 2500, 2500, 2500, 2500, 2500, 2500, 2500, 2500, 
25013.031, 40471.432, 145968.114, 49481.857, 82832.172, 75704.278, 
92542.26, 244304.058, 150457.842, 123890.214, 117084.328, 3.32492, 
8.23293, 14.42581, 11.24793, 12.3498, 4.29856, 13.66038, 11.3906, 
14.78198, 10.2955, 6.9887, -3.93209, -6.01924, -10.13005, -7.70168, 
-11.07303, -4.38323, -12.87994, -8.30627, -12.07498, -11.48053, 
-8.50998, 0, 0, 0, 0, 0, 0, 0, 0, 0, 0, 0, 0, 0, 0, 0, 0, 0, 
0, 0, 0, 0, 0, 0.71009, 0.70941, 0.70885, 0.70231, 0.70698, 0.70619, 
0.71006, 0.71007, 0.71285, 0.70892, 0.71432, 0.70276, 0.69421, 
0.70703, 0.6939, 0.69816, 0.69994, 0.70414, 0.70621, 0.71406, 
0.70625, 0.7114, 0.5581, 1.0282, 5.1266, 3.1439, 2.9961, 1.2622, 
2.9616, 5.7988, 5.728, 3.6554, 2.697, 715.1, 751.6, 803.7, 892.4, 
956.7, 1058.6, 1083.4, 1154.7, 1203.2, 1348.6, 1396.4, 1114, 
519, 2335, 1538, 2114, 887, 2218, 151, 675, 1437, 97, 1, 1, 1, 
1, 1, 1, 1, 1, 2, 1, 1, 100, 100, 100, 100, 100, 100, 100, 100, 
100, 100, 100, 2500, 2500, 2500, 2500, 2500, 2500, 2500, 2500, 
2500, 2500, 2500, 39996.975, 50872.771, 60937.436, 66859.964, 
74523.23, 88585.501, 102965.153, 116709.824, 132442.616, 148671.834, 
164324.075, 1, 1, 1, 1, 1, 1, 1, 1, 1, 1, 1, 0.03846, 0.03846, 
0.03846, 0.03846, 0.03846, 0.03846, 0.03846, 0.03846, 0.03846, 
0.03846, 0.03846, 0, 0, 0, 0, 0, 0, 0, 0, 0, 0, 0, 0, 0, 0, 0, 
0, 0, 0, 0, 0, 0, 0, 0.69911, 0.69686, 0.70036, 0.69113, 0.69559, 
0.70092, 0.69962, 0.69809, 0.69755, 0.6971, 0.70124, 0.70058, 
0.69951, 0.70339, 0.69, 0.69817, 0.69559, 0.70187, 0.70066, 0.70359, 
0.69748, 0.70158, 0.535, 0.6441, 0.7444, 0.8442, 0.9702, 1.1244, 
1.2593, 1.4182, 1.6052, 1.7254, 1.935, 785.2, 854.3, 925.2, 1009.8, 
1077.2, 1151.6, 1231.8, 1300.7, 1366.6, 1442.2, 1505.7, 1, 1, 
1, 1, 1, 1, 1, 1, 1, 1, 1, 1, 1, 1, 1, 1, 1, 1, 1, 1, 1, 1, 1, 
1, 1, 1, 1, 1, 1, 1, 1, 1, 1, 1, 1, 1, 1, 1, 1, 1, 1, 1, 1, 1, 
8.362, 9.575, 10.593, 11.68, 12.998, 14.481, 16.032, 18.518, 
20.556, 21.155, 23.459), .Dim = c(11L, 40L), .Dimnames = list(
    NULL, c("Sampling", "PSO.cost", "PSO.gamma", "PSO.data.balancing", 
    "PSO.feature.selection", "PSO.valid.acc", "PSO.test.acc", 
    "PSO.train.time", "PSO.n.support.vectors", "PSO.index", "PSO.n.solutions", 
    "PSO.generations", "PSO.n.evaluations", "PSO.cpu.time", "RS.cost", 
    "RS.gamma", "RS.data.balancing", "RS.feature.selection", 
    "RS.valid.acc", "RS.test.acc", "RS.train.time", "RS.n.support.vectors", 
    "RS.index", "RS.n.solutions", "RS.generations", "RS.n.evaluations", 
    "RS.cpu.time", "DF.cost", "DF.gamma", "DF.data.balancing", 
    "DF.feature.selection", "DF.valid.acc", "DF.test.acc", "DF.train.time", 
    "DF.n.support.vectors", "DF.index", "DF.n.solutions", "DF.generations", 
    "DF.n.evaluations", "DF.cpu.time")))
