full <-
structure(c(50, 55, 60, 65, 70, 75, 80, 85, 90, 95, 100, 12.74764, 
14.81557, 10.58022, 10.20747, 1.92684, 14.97362, 3.16353, 13.50754, 
4.08901, 12.44652, 13.11539, -11.47474, -13.30091, -12.7793, 
-11.15344, -3.85013, -12.31584, -4.79845, -10.46337, -6.11933, 
-11.48057, -13.95142, 0, 0, 0, 0, 0, 0, 0, 0, 0, 0, 0, 0, 0, 
0, 0, 0, 0, 0, 0, 0, 0, 0, 0.7093, 0.71214, 0.71548, 0.719, 0.71837, 
0.71537, 0.72369, 0.7178, 0.7161, 0.7127, 0.71396, 0.69981, 0.70945, 
0.7088, 0.71791, 0.71212, 0.70715, 0.71642, 0.70882, 0.71327, 
0.70965, 0.70668, 1.3183, 1.578, 1.2284, 1.6508, 0.9685, 3.7724, 
1.3229, 5.4484, 1.701, 4.8902, 3.4406, 690.5, 755.4, 879.7, 915.5, 
1022.6, 1006.2, 1115.2, 1129.9, 1240.2, 1288, 1362.1, 1338, 1755, 
1110, 735, 1615, 870, 1369, 1208, 737, 2283, 1783, 4, 1, 45, 
167, 54, 3, 18, 9, 11, 1, 1, 100, 100, 100, 100, 100, 100, 100, 
100, 100, 100, 100, 2500, 2500, 2500, 2500, 2500, 2500, 2500, 
2500, 2500, 2500, 2500, 35758.39, 47635.589, 39562.996, 47968.511, 
39404.128, 100113.646, 51498.282, 117782.459, 64245.128, 111582.477, 
114088.361, 4.42358, 13.90348, 11.3786, 10.52016, 1.60675, 13.81899, 
3.70621, 6.66158, 6.5948, 14.5122, 13.59819, -8.40278, -13.09318, 
-13.99485, -11.2787, -3.84312, -11.75181, -5.22295, -7.18995, 
-7.54317, -12.58299, -14.49373, 0, 0, 0, 0, 0, 0, 0, 0, 0, 0, 
0, 0, 0, 0, 0, 0, 0, 0, 0, 0, 0, 0, 0.70852, 0.71014, 0.71548, 
0.71676, 0.71526, 0.71391, 0.72187, 0.71739, 0.7157, 0.71155, 
0.71323, 0.69906, 0.70814, 0.70698, 0.71568, 0.71108, 0.70763, 
0.71732, 0.71138, 0.71368, 0.70774, 0.70668, 0.6037, 1.4244, 
1.1852, 1.7589, 0.9945, 3.3751, 1.3084, 1.7241, 2.0737, 4.9307, 
3.1641, 778.9, 758.5, 875.1, 910.7, 1029.2, 1010.3, 1103, 1153.9, 
1220.1, 1275.8, 1356.8, 2266, 1838, 732, 2268, 1053, 1243, 1036, 
1781, 2297, 333, 1491, 2, 1, 3, 1, 1, 1, 1, 1, 1, 3, 1, 100, 
100, 100, 100, 100, 100, 100, 100, 100, 100, 100, 2500, 2500, 
2500, 2500, 2500, 2500, 2500, 2500, 2500, 2500, 2500, 41990.518, 
50791.485, 59014.477, 62920.206, 73088.987, 88075.314, 92721.818, 
107150.212, 119770.498, 137255.347, 173659.178, 1, 1, 1, 1, 1, 
1, 1, 1, 1, 1, 1, 0.03846, 0.03846, 0.03846, 0.03846, 0.03846, 
0.03846, 0.03846, 0.03846, 0.03846, 0.03846, 0.03846, 0, 0, 0, 
0, 0, 0, 0, 0, 0, 0, 0, 0, 0, 0, 0, 0, 0, 0, 0, 0, 0, 0, 0.69185, 
0.69359, 0.69916, 0.70228, 0.70175, 0.7033, 0.7119, 0.70626, 
0.704, 0.7043, 0.70158, 0.69184, 0.69622, 0.69916, 0.70507, 0.70434, 
0.70281, 0.7069, 0.70881, 0.70278, 0.70087, 0.70013, 0.5562, 
0.6387, 0.7454, 0.8626, 1.0416, 1.1569, 1.2897, 1.3921, 1.6003, 
1.7194, 1.9174, 802.9, 879.9, 945.1, 1022.2, 1089.6, 1155.6, 
1218.5, 1290.3, 1356.3, 1432.8, 1502.6, 1, 1, 1, 1, 1, 1, 1, 
1, 1, 1, 1, 1, 1, 1, 1, 1, 1, 1, 1, 1, 1, 1, 1, 1, 1, 1, 1, 1, 
1, 1, 1, 1, 1, 1, 1, 1, 1, 1, 1, 1, 1, 1, 1, 1, 8.941, 9.776, 
10.933, 12.292, 15.061, 15.066, 16.477, 18.011, 19.957, 20.99, 
23.212), .Dim = c(11L, 40L), .Dimnames = list(NULL, c("Sampling", 
"PSO.cost", "PSO.gamma", "PSO.data.balancing", "PSO.feature.selection", 
"PSO.valid.acc", "PSO.test.acc", "PSO.train.time", "PSO.n.support.vectors", 
"PSO.index", "PSO.n.solutions", "PSO.generations", "PSO.n.evaluations", 
"PSO.cpu.time", "RS.cost", "RS.gamma", "RS.data.balancing", "RS.feature.selection", 
"RS.valid.acc", "RS.test.acc", "RS.train.time", "RS.n.support.vectors", 
"RS.index", "RS.n.solutions", "RS.generations", "RS.n.evaluations", 
"RS.cpu.time", "DF.cost", "DF.gamma", "DF.data.balancing", "DF.feature.selection", 
"DF.valid.acc", "DF.test.acc", "DF.train.time", "DF.n.support.vectors", 
"DF.index", "DF.n.solutions", "DF.generations", "DF.n.evaluations", 
"DF.cpu.time")))
