full <-
structure(c(50, 55, 60, 65, 70, 75, 80, 85, 90, 95, 100, 13.3996, 
6.31633, 11.885, 9.2339, 13.23388, 14.5715, 6.96845, 12.32591, 
12.82271, 15, 14.91868, -14.54039, -5.71453, -15, -8.24122, -11.74027, 
-10.99931, -8.91946, -11.55731, -13.77876, -14.70769, -14.87711, 
0, 0, 0, 0, 0, 0, 0, 0, 0, 0, 0, 0, 0, 0, 0, 0, 0, 0, 0, 0, 0, 
0, 0.71011, 0.71393, 0.70284, 0.70661, 0.70689, 0.70039, 0.70597, 
0.70834, 0.71412, 0.71007, 0.71432, 0.70065, 0.70337, 0.70107, 
0.70329, 0.70376, 0.69702, 0.69736, 0.6998, 0.71009, 0.70358, 
0.70814, 0.8574, 0.8102, 1.0893, 1.8098, 3.45, 6.5308, 1.9407, 
4.6544, 3.0803, 3.2846, 3.2536, 694.6, 782.7, 890.4, 906.5, 978.5, 
1034.1, 1172.5, 1189, 1249.1, 1288.8, 1342.5, 598, 1407, 169, 
1633, 1249, 2110, 1595, 846, 2465, 540, 1102, 2, 62, 194, 31, 
3, 2, 32, 5, 1, 1, 1, 100, 100, 100, 100, 100, 100, 100, 100, 
100, 100, 100, 2500, 2500, 2500, 2500, 2500, 2500, 2500, 2500, 
2500, 2500, 2500, 30846.636, 31397.695, 38184.407, 75306.889, 
66235.939, 146691.189, 85158.711, 129232.195, 94753.0689999999, 
117907.904, 98838.5660000001, 10.07522, 6.44183, 11.05912, 8.85461, 
5.61719, 14.38264, 7.69936, 12.05414, 13.03375, 7.90893, 3.15147, 
-9.99919, -5.79906, -14.41191, -8.06255, -6.67361, -11.02634, 
-9.27678, -11.42337, -13.80783, -9.43964, -3.66911, 0, 0, 0, 
0, 0, 0, 0, 0, 0, 0, 0, 0, 0, 0, 0, 0, 0, 0, 0, 0, 0, 0, 0.70936, 
0.71327, 0.70284, 0.7055, 0.7074, 0.69893, 0.70461, 0.70707, 
0.7121, 0.70931, 0.71433, 0.70718, 0.70272, 0.70105, 0.70329, 
0.70376, 0.69751, 0.69507, 0.70022, 0.70928, 0.70511, 0.7078, 
1.0803, 0.8329, 1.1119, 1.6071, 1.3374, 5.8902, 2.0481, 4.642, 
3.1424, 2.9242, 2.101, 697.5, 780.8, 907.3, 907.5, 996.4, 1036.5, 
1164.2, 1192.3, 1247.6, 1356.9, 1428.5, 2345, 2344, 1301, 1255, 
399, 891, 1291, 1913, 1376, 907, 2150, 1, 1, 1, 1, 1, 2, 1, 2, 
1, 1, 1, 100, 100, 100, 100, 100, 100, 100, 100, 100, 100, 100, 
2500, 2500, 2500, 2500, 2500, 2500, 2500, 2500, 2500, 2500, 2500, 
41414.238, 49284.781, 62107.902, 67495.042, 90798.1089999999, 
94779.0399999999, 109211.259, 121013.036, 137280.817, 157773.614, 
168262.172, 1, 1, 1, 1, 1, 1, 1, 1, 1, 1, 1, 0.03846, 0.03846, 
0.03846, 0.03846, 0.03846, 0.03846, 0.03846, 0.03846, 0.03846, 
0.03846, 0.03846, 0, 0, 0, 0, 0, 0, 0, 0, 0, 0, 0, 0, 0, 0, 0, 
0, 0, 0, 0, 0, 0, 0, 0.69698, 0.70068, 0.69254, 0.69997, 0.69236, 
0.68829, 0.69098, 0.69124, 0.69758, 0.69823, 0.70126, 0.69774, 
0.702, 0.69919, 0.69608, 0.69342, 0.68635, 0.6937, 0.69383, 0.69759, 
0.69747, 0.70307, 0.5481, 0.6794, 0.8028, 0.9259, 1.1063, 1.2013, 
1.3571, 1.5137, 1.6423, 1.8381, 1.9588, 807.7, 888.2, 962.6, 
1036.7, 1112.1, 1184.9, 1256.1, 1312.9, 1382.3, 1447.7, 1504.4, 
1, 1, 1, 1, 1, 1, 1, 1, 1, 1, 1, 1, 1, 1, 1, 1, 1, 1, 1, 1, 1, 
1, 1, 1, 1, 1, 1, 1, 1, 1, 1, 1, 1, 1, 1, 1, 1, 1, 1, 1, 1, 1, 
1, 1, 8.685, 10.129, 11.35, 12.782, 16.788, 16.353, 18.659, 20.087, 
20.906, 23.278, 23.817), .Dim = c(11L, 40L), .Dimnames = list(
    NULL, c("Sampling", "PSO.cost", "PSO.gamma", "PSO.data.balancing", 
    "PSO.feature.selection", "PSO.valid.acc", "PSO.test.acc", 
    "PSO.train.time", "PSO.n.support.vectors", "PSO.index", "PSO.n.solutions", 
    "PSO.generations", "PSO.n.evaluations", "PSO.cpu.time", "RS.cost", 
    "RS.gamma", "RS.data.balancing", "RS.feature.selection", 
    "RS.valid.acc", "RS.test.acc", "RS.train.time", "RS.n.support.vectors", 
    "RS.index", "RS.n.solutions", "RS.generations", "RS.n.evaluations", 
    "RS.cpu.time", "DF.cost", "DF.gamma", "DF.data.balancing", 
    "DF.feature.selection", "DF.valid.acc", "DF.test.acc", "DF.train.time", 
    "DF.n.support.vectors", "DF.index", "DF.n.solutions", "DF.generations", 
    "DF.n.evaluations", "DF.cpu.time")))
