full <-
structure(c(50, 55, 60, 65, 70, 75, 80, 85, 90, 95, 100, 10.25793, 
13.06672, 9.0082, 3.46563, 4.89454, 2.14891, 7.33636, 14.7912, 
8.30148, 14.42466, 8.71309, -9.09608, -14.98068, -10.66663, -4.51223, 
-6.5226, -2.59208, -7.85475, -11.75285, -10.31206, -11.47099, 
-9.80229, 0, 0, 0, 0, 0, 0, 0, 0, 0, 0, 0, 0, 0, 0, 0, 0, 0, 
0, 0, 0, 0, 0, 0.70646, 0.70466, 0.70949, 0.70719, 0.71317, 0.70774, 
0.70917, 0.70927, 0.70894, 0.71314, 0.71354, 0.69554, 0.70073, 
0.70225, 0.70271, 0.70487, 0.69366, 0.70372, 0.70117, 0.70532, 
0.70626, 0.70918, 1.1434, 0.9137, 0.9982, 0.8384, 1.0045, 1.1097, 
1.6973, 5.7175, 2.1286, 6.8023, 3.1705, 693.7, 785.2, 863.7, 
931.5, 983.1, 1147.6, 1106.7, 1148.4, 1292.4, 1282.1, 1400.6, 
841, 1594, 680, 552, 541, 1718, 304, 1897, 934, 1987, 801, 2, 
1, 194, 56, 228, 41, 25, 1, 21, 2, 295, 100, 100, 100, 100, 100, 
100, 100, 100, 100, 100, 100, 2500, 2500, 2500, 2500, 2500, 2500, 
2500, 2500, 2500, 2500, 2500, 39148.748, 31423.47, 33163.024, 
36364.427, 38083.03, 45240.719, 69203.188, 138972.236, 70280.1510000001, 
171519.222, 109810.702, 9.85005, 8.90764, 8.94312, 3.58891, 4.07014, 
2.93679, 4.99764, 7.91127, 4.35024, 13.45171, 8.9553, -8.97131, 
-11.81199, -10.59256, -4.68304, -5.92986, -3.04329, -6.31054, 
-8.61617, -6.38097, -11.057, -9.69447, 0, 0, 0, 0, 0, 0, 0, 0, 
0, 0, 0, 0, 0, 0, 0, 0, 0, 0, 0, 0, 0, 0, 0.70427, 0.70334, 0.70889, 
0.70609, 0.71007, 0.70578, 0.70915, 0.70799, 0.70734, 0.71314, 
0.71173, 0.69626, 0.69939, 0.70286, 0.69991, 0.70435, 0.69895, 
0.70416, 0.70329, 0.70935, 0.70665, 0.70808, 1.0143, 0.7731, 
0.9455, 0.8583, 0.9895, 1.1259, 1.3337, 2.036, 1.5733, 6.5273, 
3.5229, 693.9, 843.7, 864.6, 927.3, 989.3, 1116.9, 1115.6, 1174.3, 
1252.7, 1284.7, 1389.3, 431, 2362, 2382, 1801, 24, 1184, 2439, 
926, 673, 1312, 887, 2, 3, 1, 1, 1, 1, 1, 1, 1, 1, 1, 100, 100, 
100, 100, 100, 100, 100, 100, 100, 100, 100, 2500, 2500, 2500, 
2500, 2500, 2500, 2500, 2500, 2500, 2500, 2500, 39272.556, 49204.491, 
52311.518, 63071.672, 77334.258, 82297.497, 99798.981, 114318.862, 
121797.319, 141903.891, 152263.751, 1, 1, 1, 1, 1, 1, 1, 1, 1, 
1, 1, 0.03846, 0.03846, 0.03846, 0.03846, 0.03846, 0.03846, 0.03846, 
0.03846, 0.03846, 0.03846, 0.03846, 0, 0, 0, 0, 0, 0, 0, 0, 0, 
0, 0, 0, 0, 0, 0, 0, 0, 0, 0, 0, 0, 0, 0.69192, 0.69545, 0.69373, 
0.69053, 0.69814, 0.698, 0.70055, 0.70112, 0.70086, 0.70435, 
0.70117, 0.6919, 0.69282, 0.69374, 0.69166, 0.69501, 0.69849, 
0.70146, 0.70242, 0.70208, 0.70129, 0.70045, 0.4988, 0.5761, 
0.6971, 0.814, 0.929, 1.0504, 1.1842, 1.2969, 1.4241, 1.6228, 
1.782, 799, 877.7, 940.8, 1009.7, 1077.7, 1154.8, 1221.2, 1296.9, 
1363.5, 1438.2, 1504.8, 1, 1, 1, 1, 1, 1, 1, 1, 1, 1, 1, 1, 1, 
1, 1, 1, 1, 1, 1, 1, 1, 1, 1, 1, 1, 1, 1, 1, 1, 1, 1, 1, 1, 1, 
1, 1, 1, 1, 1, 1, 1, 1, 1, 1, 7.659, 8.658, 9.884, 11.364, 12.483, 
13.762, 15.202, 16.435, 17.76, 19.916, 21.501), .Dim = c(11L, 
40L), .Dimnames = list(NULL, c("Sampling", "PSO.cost", "PSO.gamma", 
"PSO.data.balancing", "PSO.feature.selection", "PSO.valid.acc", 
"PSO.test.acc", "PSO.train.time", "PSO.n.support.vectors", "PSO.index", 
"PSO.n.solutions", "PSO.generations", "PSO.n.evaluations", "PSO.cpu.time", 
"RS.cost", "RS.gamma", "RS.data.balancing", "RS.feature.selection", 
"RS.valid.acc", "RS.test.acc", "RS.train.time", "RS.n.support.vectors", 
"RS.index", "RS.n.solutions", "RS.generations", "RS.n.evaluations", 
"RS.cpu.time", "DF.cost", "DF.gamma", "DF.data.balancing", "DF.feature.selection", 
"DF.valid.acc", "DF.test.acc", "DF.train.time", "DF.n.support.vectors", 
"DF.index", "DF.n.solutions", "DF.generations", "DF.n.evaluations", 
"DF.cpu.time")))
