full <-
structure(c(50, 55, 60, 65, 70, 75, 80, 85, 90, 95, 100, 14.59629, 
8.92207, 7.65823, 9.76316, 13.83769, 8.59106, 14.87094, 13.35572, 
14.01111, 14.74269, 7.29692, -13.53155, -9.43457, -8.04137, -9.8053, 
-13.40653, -8.89558, -12.647, -9.89395, -11.86936, -12.42519, 
-7.00125, 0, 0, 0, 0, 0, 0, 0, 0, 0, 0, 0, 0, 0, 0, 0, 0, 0, 
0, 0, 0, 0, 0, 0.71299, 0.71862, 0.71254, 0.71575, 0.71683, 0.71694, 
0.71646, 0.7169, 0.71973, 0.71579, 0.71607, 0.71005, 0.70674, 
0.70527, 0.71176, 0.7132, 0.71645, 0.70964, 0.71434, 0.71046, 
0.71006, 0.70881, 1.0373, 0.9873, 0.9943, 1.5314, 1.9275, 1.8053, 
3.68, 7.275, 5.2585, 5.4731, 2.7069, 690.5, 779.5, 838, 901.6, 
963.2, 1027.5, 1070.9, 1131.8, 1202.2, 1273.2, 1356.8, 1663, 
514, 2313, 933, 1438, 227, 1401, 1165, 1049, 1594, 1559, 1, 28, 
1, 102, 2, 68, 7, 4, 2, 1, 11, 100, 100, 100, 100, 100, 100, 
100, 100, 100, 100, 100, 2500, 2500, 2500, 2500, 2500, 2500, 
2500, 2500, 2500, 2500, 2500, 34046.228, 33109.626, 40461.581, 
47920.045, 58864.918, 76772.085, 99975.274, 174558.192, 143302.127, 
134466.632, 83372.2899999998, 9.79924, 8.23771, 6.72818, 9.50945, 
14.57426, 11.46281, 14.4324, 14.32119, 13.32346, 12.11225, 7.5792, 
-10.79653, -9.08289, -7.92899, -9.74162, -11.81223, -11.22217, 
-12.48417, -10.35211, -11.3587, -11.4676, -7.15654, 0, 0, 0, 
0, 0, 0, 0, 0, 0, 0, 0, 0, 0, 0, 0, 0, 0, 0, 0, 0, 0, 0, 0.71151, 
0.71665, 0.71131, 0.71463, 0.71528, 0.71646, 0.71646, 0.71604, 
0.71852, 0.7154, 0.71498, 0.70859, 0.7074, 0.70466, 0.7129, 0.71009, 
0.71064, 0.70964, 0.7122, 0.71085, 0.7112, 0.70771, 0.8231, 0.8851, 
0.8953, 1.4688, 3.8586, 2.8436, 3.6236, 9.2038, 5.7696, 5.0348, 
2.8752, 723.1, 780.5, 844.8, 903.2, 955.2, 1028.3, 1074.6, 1129.1, 
1205.6, 1294.7, 1354.6, 105, 548, 1721, 79, 2498, 1813, 2275, 
558, 2255, 661, 2471, 2, 1, 1, 1, 1, 3, 1, 1, 3, 2, 1, 100, 100, 
100, 100, 100, 100, 100, 100, 100, 100, 100, 2500, 2500, 2500, 
2500, 2500, 2500, 2500, 2500, 2500, 2500, 2500, 40050.178, 47464.778, 
53780.836, 58920.348, 68347.721, 86289.882, 94917.576, 107657.358, 
115733.47, 142993.084, 152788.373, 1, 1, 1, 1, 1, 1, 1, 1, 1, 
1, 1, 0.03846, 0.03846, 0.03846, 0.03846, 0.03846, 0.03846, 0.03846, 
0.03846, 0.03846, 0.03846, 0.03846, 0, 0, 0, 0, 0, 0, 0, 0, 0, 
0, 0, 0, 0, 0, 0, 0, 0, 0, 0, 0, 0, 0, 0.69989, 0.70083, 0.6986, 
0.69782, 0.69505, 0.70095, 0.69788, 0.70794, 0.70643, 0.7051, 
0.70263, 0.69556, 0.70152, 0.70404, 0.69836, 0.70022, 0.7053, 
0.69697, 0.70452, 0.70644, 0.70281, 0.70154, 0.5057, 0.5837, 
0.6984, 0.8073, 0.9192, 1.0391, 1.1685, 1.3046, 1.4623, 1.6213, 
1.7991, 798.5, 867.5, 937.2, 1001.8, 1081.1, 1137.7, 1210.1, 
1279.3, 1353.4, 1426.9, 1501.4, 1, 1, 1, 1, 1, 1, 1, 1, 1, 1, 
1, 1, 1, 1, 1, 1, 1, 1, 1, 1, 1, 1, 1, 1, 1, 1, 1, 1, 1, 1, 1, 
1, 1, 1, 1, 1, 1, 1, 1, 1, 1, 1, 1, 1, 7.879, 8.55, 9.941, 10.999, 
12.088, 13.772, 14.879, 16.425, 18.016, 19.67, 21.885), .Dim = c(11L, 
40L), .Dimnames = list(NULL, c("Sampling", "PSO.cost", "PSO.gamma", 
"PSO.data.balancing", "PSO.feature.selection", "PSO.valid.acc", 
"PSO.test.acc", "PSO.train.time", "PSO.n.support.vectors", "PSO.index", 
"PSO.n.solutions", "PSO.generations", "PSO.n.evaluations", "PSO.cpu.time", 
"RS.cost", "RS.gamma", "RS.data.balancing", "RS.feature.selection", 
"RS.valid.acc", "RS.test.acc", "RS.train.time", "RS.n.support.vectors", 
"RS.index", "RS.n.solutions", "RS.generations", "RS.n.evaluations", 
"RS.cpu.time", "DF.cost", "DF.gamma", "DF.data.balancing", "DF.feature.selection", 
"DF.valid.acc", "DF.test.acc", "DF.train.time", "DF.n.support.vectors", 
"DF.index", "DF.n.solutions", "DF.generations", "DF.n.evaluations", 
"DF.cpu.time")))
