full <-
structure(c(50, 55, 60, 65, 70, 75, 80, 85, 90, 95, 100, 4.45745, 
8.25713, 9.88759, 7.74115, 11.63075, 12.55657, 3.87909, 13.7473, 
13.46454, 7.4228, 8.35338, -6.95785, -9.96995, -10.09434, -9.60751, 
-12.30723, -11.64037, -6.23087, -9.99138, -9.80963, -9.02121, 
-10.0749, 0, 0, 0, 0, 0, 0, 0, 0, 0, 0, 0, 0, 0, 0, 0, 0, 0, 
0, 0, 0, 0, 0, 0.71019, 0.71802, 0.71124, 0.71843, 0.7095, 0.70862, 
0.71551, 0.71054, 0.70965, 0.71276, 0.71136, 0.70292, 0.71209, 
0.70698, 0.70837, 0.71052, 0.71008, 0.71144, 0.70369, 0.70561, 
0.70666, 0.71099, 0.4232, 0.7084, 1.1068, 0.9156, 1.6604, 2.6603, 
1.0156, 7.319, 7.4902, 2.0071, 2.5135, 728.3, 778.8, 824.3, 918.3, 
981.8, 1023, 1120.1, 1139.1, 1204.5, 1332.1, 1429.5, 1232, 1110, 
1214, 652, 1353, 471, 2356, 1717, 971, 2195, 554, 15, 69, 35, 
112, 57, 51, 1, 2, 1, 3, 133, 100, 100, 100, 100, 100, 100, 100, 
100, 100, 100, 100, 2500, 2500, 2500, 2500, 2500, 2500, 2500, 
2500, 2500, 2500, 2500, 30984.29, 30437.614, 37564.362, 33763.458, 
52951.751, 74808.672, 65305.6459999999, 188246.58, 197090.077, 
116731.852, 83715.3829999999, 4.3021, 8.42704, 9.76239, 7.70733, 
4.90637, 3.90994, 4.95656, 14.59299, 12.83877, 7.4382, 7.96998, 
-6.8522, -10.1487, -10.03349, -9.29665, -5.66327, -3.50128, -6.53869, 
-10.47653, -9.44065, -8.99652, -9.88908, 0, 0, 0, 0, 0, 0, 0, 
0, 0, 0, 0, 0, 0, 0, 0, 0, 0, 0, 0, 0, 0, 0, 0.70727, 0.7167, 
0.71064, 0.7162, 0.70794, 0.70814, 0.71459, 0.7084, 0.70885, 
0.71238, 0.71063, 0.70219, 0.71143, 0.70698, 0.71061, 0.71211, 
0.69896, 0.70871, 0.70583, 0.70561, 0.70627, 0.71209, 0.4239, 
0.7172, 1.0822, 0.9045, 0.8517, 0.947, 1.0836, 7.6749, 7.131, 
1.9939, 2.3582, 729.8, 781.3, 826.9, 911.9, 977.4, 1084.5, 1107.1, 
1137.8, 1206, 1332, 1427.1, 7, 618, 1039, 642, 865, 1364, 1585, 
1290, 1402, 2089, 1206, 1, 1, 1, 3, 1, 1, 1, 1, 1, 1, 1, 100, 
100, 100, 100, 100, 100, 100, 100, 100, 100, 100, 2500, 2500, 
2500, 2500, 2500, 2500, 2500, 2500, 2500, 2500, 2500, 36389.453, 
42888.799, 51466.135, 57011.687, 66076.887, 76205.738, 88341.612, 
94710.9230000001, 106006.371, 127360.888, 144052.975, 1, 1, 1, 
1, 1, 1, 1, 1, 1, 1, 1, 0.03846, 0.03846, 0.03846, 0.03846, 0.03846, 
0.03846, 0.03846, 0.03846, 0.03846, 0.03846, 0.03846, 0, 0, 0, 
0, 0, 0, 0, 0, 0, 0, 0, 0, 0, 0, 0, 0, 0, 0, 0, 0, 0, 0, 0.69997, 
0.69819, 0.69968, 0.7056, 0.69809, 0.69365, 0.70144, 0.69944, 
0.69915, 0.69784, 0.70082, 0.7007, 0.70346, 0.69849, 0.70559, 
0.69444, 0.69753, 0.70552, 0.70029, 0.69793, 0.69861, 0.69973, 
0.3877, 0.4606, 0.5458, 0.6366, 0.7466, 0.856, 0.9698, 1.0833, 
1.2099, 1.3656, 1.5236, 803.8, 861.2, 937, 1003.7, 1087.7, 1153.8, 
1217.9, 1294.5, 1366, 1430.9, 1504, 1, 1, 1, 1, 1, 1, 1, 1, 1, 
1, 1, 1, 1, 1, 1, 1, 1, 1, 1, 1, 1, 1, 1, 1, 1, 1, 1, 1, 1, 1, 
1, 1, 1, 1, 1, 1, 1, 1, 1, 1, 1, 1, 1, 1, 6.919, 7.917, 8.936, 
9.912, 11.276, 11.989, 13.279, 14.353, 15.54, 17.197, 18.949), .Dim = c(11L, 
40L), .Dimnames = list(NULL, c("Sampling", "PSO.cost", "PSO.gamma", 
"PSO.data.balancing", "PSO.feature.selection", "PSO.valid.acc", 
"PSO.test.acc", "PSO.train.time", "PSO.n.support.vectors", "PSO.index", 
"PSO.n.solutions", "PSO.generations", "PSO.n.evaluations", "PSO.cpu.time", 
"RS.cost", "RS.gamma", "RS.data.balancing", "RS.feature.selection", 
"RS.valid.acc", "RS.test.acc", "RS.train.time", "RS.n.support.vectors", 
"RS.index", "RS.n.solutions", "RS.generations", "RS.n.evaluations", 
"RS.cpu.time", "DF.cost", "DF.gamma", "DF.data.balancing", "DF.feature.selection", 
"DF.valid.acc", "DF.test.acc", "DF.train.time", "DF.n.support.vectors", 
"DF.index", "DF.n.solutions", "DF.generations", "DF.n.evaluations", 
"DF.cpu.time")))
