full <-
structure(c(50, 55, 60, 65, 70, 75, 80, 85, 90, 95, 100, 1.6703, 
5.857, 14.17075, 14.52245, 14.89522, 14.71323, 14.62229, 6.93817, 
10.83756, 7.95268, 14.6803, -3.01256, -7.95389, -12.61038, -11.61874, 
-13.99313, -13.50375, -12.48261, -6.57794, -10.33912, -8.80484, 
-12.76501, 0, 0, 0, 0, 0, 0, 0, 0, 0, 0, 0, 0, 0, 0, 0, 0, 0, 
0, 0, 0, 0, 0, 0.71732, 0.71257, 0.7149, 0.71112, 0.70499, 0.70769, 
0.71142, 0.71393, 0.71452, 0.71466, 0.71356, 0.71513, 0.6981, 
0.70761, 0.69995, 0.70084, 0.70624, 0.70823, 0.71052, 0.70645, 
0.71235, 0.71029, 0.5563, 0.7596, 2.0197, 3.233, 2.1434, 2.8038, 
3.7847, 2.1818, 4.7699, 2.6625, 5.6102, 760, 787.3, 817, 874.6, 
948.1, 1014, 1065.6, 1158.6, 1230.5, 1320.4, 1340.4, 2149, 1732, 
1952, 1178, 1546, 2279, 1246, 2287, 2231, 2156, 1069, 2, 1, 14, 
3, 1, 4, 1, 1, 1, 2, 1, 100, 100, 100, 100, 100, 100, 100, 100, 
100, 100, 100, 2500, 2500, 2500, 2500, 2500, 2500, 2500, 2500, 
2500, 2500, 2500, 32200.037, 30598.399, 57347.638, 88294.314, 
78097.03, 87497.9, 106568.509, 73345.789, 125768.74, 95761.071, 
159870.514, 1.47851, 0.58199, -0.49476, 0.78283, 1.12127, 14.56466, 
12.41078, 2.80128, 11.43522, 10.64855, 10.32572, -3.05354, -3.82958, 
-1.90489, -3.83065, -5.18843, -13.22395, -11.50319, -3.00542, 
-10.74527, -10.88866, -10.66138, 0, 0, 0, 0, 0, 0, 0, 0, 0, 0, 
0, 0, 0, 0, 0, 0, 0, 0, 0, 0, 0, 0, 0.7166, 0.71199, 0.71489, 
0.71061, 0.70441, 0.7072, 0.71096, 0.71309, 0.71332, 0.71389, 
0.71175, 0.71368, 0.70538, 0.7064, 0.70169, 0.69924, 0.70527, 
0.70959, 0.7071, 0.70645, 0.71349, 0.70956, 0.5608, 0.6532, 0.8438, 
0.8882, 1.0097, 2.765, 3.6914, 1.5605, 4.9219, 4.4102, 4.8044, 
760.7, 836.7, 1015.6, 964.6, 1048.9, 1014.3, 1076.2, 1246.1, 
1223.1, 1306.2, 1382.8, 1337, 1120, 2106, 1818, 32, 1670, 323, 
2150, 2371, 2164, 856, 1, 1, 1, 1, 1, 2, 2, 1, 1, 1, 1, 100, 
100, 100, 100, 100, 100, 100, 100, 100, 100, 100, 2500, 2500, 
2500, 2500, 2500, 2500, 2500, 2500, 2500, 2500, 2500, 41474.307, 
53241.093, 59525.546, 69983.033, 86546.0700000001, 101780.367, 
110073.644, 119388.57, 138075.136, 150196.369, 171835.619, 1, 
1, 1, 1, 1, 1, 1, 1, 1, 1, 1, 0.03846, 0.03846, 0.03846, 0.03846, 
0.03846, 0.03846, 0.03846, 0.03846, 0.03846, 0.03846, 0.03846, 
0, 0, 0, 0, 0, 0, 0, 0, 0, 0, 0, 0, 0, 0, 0, 0, 0, 0, 0, 0, 0, 
0, 0.7086, 0.70479, 0.70097, 0.70276, 0.69771, 0.69363, 0.69778, 
0.70534, 0.70079, 0.70626, 0.70375, 0.70788, 0.70213, 0.70581, 
0.69942, 0.69822, 0.69122, 0.69642, 0.70365, 0.69957, 0.70051, 
0.70265, 0.5414, 0.6491, 0.7525, 0.8557, 1.0392, 1.1688, 1.3013, 
1.4286, 1.6436, 1.7893, 1.8815, 786, 860.8, 933.9, 997.6, 1082.6, 
1156, 1210.9, 1290.1, 1366.2, 1433.3, 1506.1, 1, 1, 1, 1, 1, 
1, 1, 1, 1, 1, 1, 1, 1, 1, 1, 1, 1, 1, 1, 1, 1, 1, 1, 1, 1, 1, 
1, 1, 1, 1, 1, 1, 1, 1, 1, 1, 1, 1, 1, 1, 1, 1, 1, 1, 8.639, 
9.893, 10.986, 11.83, 15.488, 16.43, 17.805, 18.215, 21.313, 
22.782, 23.033), .Dim = c(11L, 40L), .Dimnames = list(NULL, c("Sampling", 
"PSO.cost", "PSO.gamma", "PSO.data.balancing", "PSO.feature.selection", 
"PSO.valid.acc", "PSO.test.acc", "PSO.train.time", "PSO.n.support.vectors", 
"PSO.index", "PSO.n.solutions", "PSO.generations", "PSO.n.evaluations", 
"PSO.cpu.time", "RS.cost", "RS.gamma", "RS.data.balancing", "RS.feature.selection", 
"RS.valid.acc", "RS.test.acc", "RS.train.time", "RS.n.support.vectors", 
"RS.index", "RS.n.solutions", "RS.generations", "RS.n.evaluations", 
"RS.cpu.time", "DF.cost", "DF.gamma", "DF.data.balancing", "DF.feature.selection", 
"DF.valid.acc", "DF.test.acc", "DF.train.time", "DF.n.support.vectors", 
"DF.index", "DF.n.solutions", "DF.generations", "DF.n.evaluations", 
"DF.cpu.time")))
