full <-
structure(c(50, 55, 60, 65, 70, 75, 80, 85, 90, 95, 100, 14.41039, 
6.23556, 4.32775, 14.62283, 14.98541, 15, 2.77886, 12.51112, 
3.62211, 14.93003, 14.98456, -13.60114, -8.13062, -6.33052, -11.42457, 
-12.27106, -12.51963, -5.22463, -11.25315, -3.81578, -11.46297, 
-14.92674, 0, 0, 0, 0, 0, 0, 0, 0, 0, 0, 0, 0, 0, 0, 0, 0, 0, 
0, 0, 0, 0, 0, 0.71362, 0.7167, 0.71728, 0.7123, 0.71523, 0.71688, 
0.71687, 0.71012, 0.71408, 0.71696, 0.71215, 0.70564, 0.70615, 
0.71366, 0.70389, 0.70641, 0.70527, 0.71006, 0.70714, 0.7048, 
0.70742, 0.70704, 1.3379, 0.8247, 0.8864, 4.743, 3.7941, 3.8128, 
1.3027, 4.8866, 1.7653, 9.2418, 3.1287, 686.4, 791.7, 865.2, 
885.6, 952, 1015.3, 1139.8, 1159.2, 1292, 1276, 1342.8, 1279, 
1985, 1138, 1770, 2123, 1436, 1829, 1406, 2187, 758, 2054, 6, 
5, 27, 2, 1, 1, 37, 2, 4, 1, 2, 100, 100, 100, 100, 100, 100, 
100, 100, 100, 100, 100, 2500, 2500, 2500, 2500, 2500, 2500, 
2500, 2500, 2500, 2500, 2500, 42873.73, 31109.31, 79743.27, 98335.096, 
96064.94, 96129.5429999999, 72755.1039999999, 100414.556, 81688.102, 
217639.727, 102533.692, 13.32858, 14.45642, 12.73073, 14.46564, 
14.1639, 14.69356, 3.07351, 14.76341, 2.33049, 13.99995, 14.63405, 
-13.01796, -12.84917, -11.12201, -11.38658, -11.7378, -12.6346, 
-5.36525, -12.38729, -3.27924, -10.94236, -14.66985, 0, 0, 0, 
0, 0, 0, 0, 0, 0, 0, 0, 0, 0, 0, 0, 0, 0, 0, 0, 0, 0, 0, 0.71145, 
0.71542, 0.71609, 0.71119, 0.7116, 0.71351, 0.71641, 0.7097, 
0.71327, 0.71543, 0.71106, 0.7049, 0.71477, 0.71124, 0.70277, 
0.70899, 0.70866, 0.71188, 0.70715, 0.70843, 0.70742, 0.70594, 
1.3636, 1.8854, 2.993, 4.4163, 3.8851, 3.4502, 1.2989, 4.8807, 
1.6791, 8.2801, 3.2476, 694.2, 743, 825.2, 883.9, 958.6, 1014.7, 
1132.9, 1146.6, 1321.1, 1278.7, 1344.2, 408, 568, 1685, 211, 
1187, 1489, 725, 698, 575, 2135, 1523, 1, 1, 1, 1, 1, 3, 2, 2, 
1, 3, 1, 100, 100, 100, 100, 100, 100, 100, 100, 100, 100, 100, 
2500, 2500, 2500, 2500, 2500, 2500, 2500, 2500, 2500, 2500, 2500, 
43979.116, 54181.355, 60964.772, 73805.482, 84043.7070000001, 
97631.6159999999, 103947.085, 124467.943, 135569.509, 148655.857, 
164789.22, 1, 1, 1, 1, 1, 1, 1, 1, 1, 1, 1, 0.03846, 0.03846, 
0.03846, 0.03846, 0.03846, 0.03846, 0.03846, 0.03846, 0.03846, 
0.03846, 0.03846, 0, 0, 0, 0, 0, 0, 0, 0, 0, 0, 0, 0, 0, 0, 0, 
0, 0, 0, 0, 0, 0, 0, 0.69111, 0.69951, 0.70155, 0.70222, 0.70125, 
0.70137, 0.70552, 0.69776, 0.70035, 0.70129, 0.70049, 0.69404, 
0.69551, 0.70396, 0.70054, 0.69555, 0.69702, 0.70371, 0.69947, 
0.70158, 0.69938, 0.70158, 0.5522, 0.6501, 0.7634, 0.9017, 0.9981, 
1.1959, 1.2937, 1.4826, 1.6123, 1.6631, 1.9211, 806.8, 868.1, 
945.1, 1020.8, 1092.9, 1169.3, 1228.7, 1302.1, 1364.7, 1433.1, 
1503.2, 1, 1, 1, 1, 1, 1, 1, 1, 1, 1, 1, 1, 1, 1, 1, 1, 1, 1, 
1, 1, 1, 1, 1, 1, 1, 1, 1, 1, 1, 1, 1, 1, 1, 1, 1, 1, 1, 1, 1, 
1, 1, 1, 1, 1, 8.602, 9.505, 11.01, 12.583, 13.193, 15.738, 16.655, 
18.665, 19.929, 20.218, 23.197), .Dim = c(11L, 40L), .Dimnames = list(
    NULL, c("Sampling", "PSO.cost", "PSO.gamma", "PSO.data.balancing", 
    "PSO.feature.selection", "PSO.valid.acc", "PSO.test.acc", 
    "PSO.train.time", "PSO.n.support.vectors", "PSO.index", "PSO.n.solutions", 
    "PSO.generations", "PSO.n.evaluations", "PSO.cpu.time", "RS.cost", 
    "RS.gamma", "RS.data.balancing", "RS.feature.selection", 
    "RS.valid.acc", "RS.test.acc", "RS.train.time", "RS.n.support.vectors", 
    "RS.index", "RS.n.solutions", "RS.generations", "RS.n.evaluations", 
    "RS.cpu.time", "DF.cost", "DF.gamma", "DF.data.balancing", 
    "DF.feature.selection", "DF.valid.acc", "DF.test.acc", "DF.train.time", 
    "DF.n.support.vectors", "DF.index", "DF.n.solutions", "DF.generations", 
    "DF.n.evaluations", "DF.cpu.time")))
