full <-
structure(c(50, 55, 60, 65, 70, 75, 80, 85, 90, 95, 100, 3.63075, 
11.39817, 6.55804, 3.51284, 5.18993, 3.37487, 9.31769, 4.23162, 
6.61405, 8.18131, 10.45937, -7.4269, -10.71307, -7.28031, -4.23201, 
-6.33831, -7.03236, -9.66321, -7.11518, -8.2846, -9.88021, -12.23573, 
0, 0, 0, 0, 0, 0, 0, 0, 0, 0, 0, 0, 0, 0, 0, 0, 0, 0, 0, 0, 0, 
0, 0.7079, 0.70931, 0.704, 0.70551, 0.70955, 0.70854, 0.7128, 
0.71305, 0.71213, 0.70892, 0.71389, 0.70497, 0.70339, 0.69974, 
0.69546, 0.70229, 0.70126, 0.7069, 0.70535, 0.7081, 0.7013, 0.71062, 
0.6081, 2.1431, 1.0977, 0.947, 1.2584, 1.2265, 2.8872, 1.6448, 
2.1386, 2.8184, 4.018, 769.4, 781.7, 858.9, 958.8, 995.8, 1118, 
1137, 1209.8, 1267.3, 1349.9, 1408.2, 845, 1492, 849, 584, 1670, 
1029, 631, 487, 2043, 1830, 897, 58, 15, 56, 152, 54, 14, 31, 
259, 5, 1, 257, 100, 100, 100, 100, 100, 100, 100, 100, 100, 
100, 100, 2500, 2500, 2500, 2500, 2500, 2500, 2500, 2500, 2500, 
2500, 2500, 25315.215, 53080.656, 48723.651, 35425.483, 45743.134, 
41939.7189999999, 91404.4550000001, 51489.99, 85289.9010000001, 
92880.9269999999, 108175.421, 3.27659, 7.81691, 11.24407, 3.00835, 
6.17154, 3.27925, 9.45766, 3.73264, 7.45278, 6.77004, 10.10972, 
-7.24203, -9.49969, -11.0486, -3.97293, -6.88913, -6.99907, -9.66303, 
-6.91071, -9.28689, -9.08787, -12.03637, 0, 0, 0, 0, 0, 0, 0, 
0, 0, 0, 0, 0, 0, 0, 0, 0, 0, 0, 0, 0, 0, 0, 0.70572, 0.70932, 
0.70334, 0.7044, 0.70799, 0.70805, 0.71189, 0.71049, 0.71093, 
0.70777, 0.71317, 0.70713, 0.70077, 0.69911, 0.69323, 0.70281, 
0.70126, 0.70781, 0.7045, 0.71012, 0.70397, 0.71135, 0.6076, 
0.9512, 2.2471, 0.9594, 1.4165, 1.2136, 2.942, 1.5359, 2.3889, 
2.3482, 3.8376, 773, 812, 853.7, 968.4, 989.1, 1118.1, 1131.7, 
1215.1, 1278.6, 1357.5, 1424.1, 1158, 1836, 1096, 2029, 555, 
1411, 1885, 1667, 2148, 1403, 1000, 1, 1, 1, 1, 1, 1, 1, 1, 1, 
1, 1, 100, 100, 100, 100, 100, 100, 100, 100, 100, 100, 100, 
2500, 2500, 2500, 2500, 2500, 2500, 2500, 2500, 2500, 2500, 2500, 
48868.274, 55781.128, 64138.89, 71853.263, 82807.2160000001, 
94214.206, 112247.971, 113900.551, 140513.226, 147867.142, 154878.088, 
1, 1, 1, 1, 1, 1, 1, 1, 1, 1, 1, 0.03846, 0.03846, 0.03846, 0.03846, 
0.03846, 0.03846, 0.03846, 0.03846, 0.03846, 0.03846, 0.03846, 
0, 0, 0, 0, 0, 0, 0, 0, 0, 0, 0, 0, 0, 0, 0, 0, 0, 0, 0, 0, 0, 
0, 0.69555, 0.69479, 0.69493, 0.69881, 0.69606, 0.70079, 0.70099, 
0.70365, 0.70003, 0.70015, 0.70407, 0.69337, 0.69808, 0.6913, 
0.69656, 0.70334, 0.69787, 0.69964, 0.70237, 0.70326, 0.69747, 
0.70189, 0.5716, 0.6644, 0.7941, 0.8958, 1.0182, 1.184, 1.3445, 
1.4476, 1.7044, 1.8256, 1.986, 795.1, 879.4, 956.1, 1032.1, 1092.8, 
1169, 1232.6, 1298.8, 1378.5, 1445.2, 1505.9, 1, 1, 1, 1, 1, 
1, 1, 1, 1, 1, 1, 1, 1, 1, 1, 1, 1, 1, 1, 1, 1, 1, 1, 1, 1, 1, 
1, 1, 1, 1, 1, 1, 1, 1, 1, 1, 1, 1, 1, 1, 1, 1, 1, 1, 9.095, 
10.056, 11.455, 12.525, 13.656, 15.866, 17.095, 18.351, 21.796, 
22.663, 24.106), .Dim = c(11L, 40L), .Dimnames = list(NULL, c("Sampling", 
"PSO.cost", "PSO.gamma", "PSO.data.balancing", "PSO.feature.selection", 
"PSO.valid.acc", "PSO.test.acc", "PSO.train.time", "PSO.n.support.vectors", 
"PSO.index", "PSO.n.solutions", "PSO.generations", "PSO.n.evaluations", 
"PSO.cpu.time", "RS.cost", "RS.gamma", "RS.data.balancing", "RS.feature.selection", 
"RS.valid.acc", "RS.test.acc", "RS.train.time", "RS.n.support.vectors", 
"RS.index", "RS.n.solutions", "RS.generations", "RS.n.evaluations", 
"RS.cpu.time", "DF.cost", "DF.gamma", "DF.data.balancing", "DF.feature.selection", 
"DF.valid.acc", "DF.test.acc", "DF.train.time", "DF.n.support.vectors", 
"DF.index", "DF.n.solutions", "DF.generations", "DF.n.evaluations", 
"DF.cpu.time")))
