full <-
structure(c(50, 55, 60, 65, 70, 75, 80, 85, 90, 95, 100, 3.63461, 
3.25398, 14.67406, 9.64742, 11.63842, 5.06339, 14.94942, 7.33698, 
14.82054, 14.3814, 7.47309, -3.8447, -4.2618, -14.86386, -9.55202, 
-14.88794, -10.22851, -13.4813, -9.07553, -11.60237, -12.72546, 
-9.13895, 0, 0, 0, 0, 0, 0, 0, 0, 0, 0, 0, 0, 0, 0, 0, 0, 0, 
0, 0, 0, 0, 0, 0.71154, 0.69555, 0.70526, 0.70227, 0.70435, 0.69888, 
0.7019, 0.70672, 0.70925, 0.70855, 0.71286, 0.697, 0.68631, 0.69859, 
0.6989, 0.69344, 0.69258, 0.69828, 0.69819, 0.70925, 0.70473, 
0.70849, 0.5836, 0.6757, 1.2949, 1.6963, 1.4967, 1.2851, 3.1925, 
2.0245, 7.181, 4.9294, 2.9072, 760.4, 832.1, 838.9, 922.5, 1050.4, 
1231.9, 1104.4, 1201.8, 1217.1, 1290.6, 1403.9, 1012, 2053, 2427, 
488, 374, 2210, 1758, 808, 2014, 1175, 1059, 191, 9, 1, 3, 25, 
2, 1, 141, 6, 1, 55, 100, 100, 100, 100, 100, 100, 100, 100, 
100, 100, 100, 2500, 2500, 2500, 2500, 2500, 2500, 2500, 2500, 
2500, 2500, 2500, 22762.249, 30173.259, 44410.435, 64653.793, 
50256.262, 50934.445, 88707.199, 65119.426, 195474.926, 157788.094, 
121870.145, 3.78521, 3.37815, 13.79873, 12.52653, 10.26498, 6.62906, 
10.11736, 1.96609, 14.33772, 6.02588, 7.3882, -3.53548, -4.45817, 
-14.21855, -10.79422, -13.56142, -11.76156, -12.24798, -3.02552, 
-11.26969, -7.56399, -8.98586, 0, 0, 0, 0, 0, 0, 0, 0, 0, 0, 
0, 0, 0, 0, 0, 0, 0, 0, 0, 0, 0, 0, 0.70936, 0.69226, 0.70345, 
0.70114, 0.70331, 0.69839, 0.70145, 0.70712, 0.70804, 0.70779, 
0.71214, 0.6919, 0.68961, 0.69799, 0.69891, 0.6924, 0.69258, 
0.70101, 0.69948, 0.70764, 0.70627, 0.7085, 0.5875, 0.6918, 1.4009, 
2.8787, 1.5613, 1.3479, 2.2511, 1.4616, 7.9099, 2.2579, 2.8213, 
764.5, 826, 847.6, 912.3, 1102.3, 1262.2, 1192.9, 1259.7, 1219.7, 
1323.5, 1399.8, 2167, 2169, 325, 1668, 508, 191, 1885, 1578, 
1107, 1458, 235, 1, 1, 1, 1, 3, 1, 1, 1, 2, 1, 1, 100, 100, 100, 
100, 100, 100, 100, 100, 100, 100, 100, 2500, 2500, 2500, 2500, 
2500, 2500, 2500, 2500, 2500, 2500, 2500, 41771.781, 52060.872, 
61625.154, 71723.451, 82083.342, 93607.953, 107761.779, 122909.097, 
128175.066, 151320.964, 174209.403, 1, 1, 1, 1, 1, 1, 1, 1, 1, 
1, 1, 0.03846, 0.03846, 0.03846, 0.03846, 0.03846, 0.03846, 0.03846, 
0.03846, 0.03846, 0.03846, 0.03846, 0, 0, 0, 0, 0, 0, 0, 0, 0, 
0, 0, 0, 0, 0, 0, 0, 0, 0, 0, 0, 0, 0, 0.69045, 0.68362, 0.68044, 
0.68939, 0.69036, 0.69308, 0.69196, 0.69388, 0.7024, 0.69902, 
0.70449, 0.68974, 0.68695, 0.69255, 0.68827, 0.68723, 0.69115, 
0.69286, 0.69601, 0.7008, 0.69979, 0.7063, 0.5463, 0.6468, 0.7696, 
0.88, 1.014, 1.1734, 1.3062, 1.4225, 1.6481, 1.7454, 1.9504, 
826, 902.8, 966.1, 1027.5, 1098.1, 1168.1, 1236.3, 1296.2, 1363.3, 
1440.4, 1502.3, 1, 1, 1, 1, 1, 1, 1, 1, 1, 1, 1, 1, 1, 1, 1, 
1, 1, 1, 1, 1, 1, 1, 1, 1, 1, 1, 1, 1, 1, 1, 1, 1, 1, 1, 1, 1, 
1, 1, 1, 1, 1, 1, 1, 1, 9.267, 10.286, 11.628, 12.704, 14.14, 
16.04, 17.493, 18.709, 21.048, 21.86, 24.373), .Dim = c(11L, 
40L), .Dimnames = list(NULL, c("Sampling", "PSO.cost", "PSO.gamma", 
"PSO.data.balancing", "PSO.feature.selection", "PSO.valid.acc", 
"PSO.test.acc", "PSO.train.time", "PSO.n.support.vectors", "PSO.index", 
"PSO.n.solutions", "PSO.generations", "PSO.n.evaluations", "PSO.cpu.time", 
"RS.cost", "RS.gamma", "RS.data.balancing", "RS.feature.selection", 
"RS.valid.acc", "RS.test.acc", "RS.train.time", "RS.n.support.vectors", 
"RS.index", "RS.n.solutions", "RS.generations", "RS.n.evaluations", 
"RS.cpu.time", "DF.cost", "DF.gamma", "DF.data.balancing", "DF.feature.selection", 
"DF.valid.acc", "DF.test.acc", "DF.train.time", "DF.n.support.vectors", 
"DF.index", "DF.n.solutions", "DF.generations", "DF.n.evaluations", 
"DF.cpu.time")))
