full <-
structure(c(50, 55, 60, 65, 70, 75, 80, 85, 90, 95, 100, 10.18389, 
6.76516, 10.68053, 5.04332, 14.10484, 11.17002, 12.39908, 8.69962, 
8.23982, 12.44061, 11.9946, -10.26785, -7.68576, -12.54085, -5.8392, 
-12.44399, -10.41282, -11.51669, -10.37979, -9.00091, -10.34656, 
-11.58113, 0, 0, 0, 0, 0, 0, 0, 0, 0, 0, 0, 0, 0, 0, 0, 0, 0, 
0, 0, 0, 0, 0, 0.7216, 0.71669, 0.71977, 0.71742, 0.71727, 0.71781, 
0.71957, 0.71344, 0.719, 0.71696, 0.715, 0.71213, 0.716, 0.71245, 
0.70964, 0.70585, 0.71054, 0.71868, 0.71729, 0.71052, 0.71351, 
0.71318, 0.9317, 0.7863, 1.2648, 0.9473, 2.8867, 3.2799, 3.6018, 
2.2715, 2.7725, 7.1503, 5.4496, 688.2, 754, 840, 878.4, 934.2, 
1017.5, 1068.5, 1212.9, 1246.2, 1274.5, 1365.3, 1959, 557, 468, 
1608, 2056, 1043, 2484, 2280, 574, 1639, 763, 7, 68, 372, 50, 
1, 154, 1, 1, 15, 1, 1, 100, 100, 100, 100, 100, 100, 100, 100, 
100, 100, 100, 2500, 2500, 2500, 2500, 2500, 2500, 2500, 2500, 
2500, 2500, 2500, 40118.146, 42982.049, 39591.534, 35234.171, 
81075.987, 89820.388, 107489.61, 80938.2350000001, 116817.167, 
179798.302, 156045.773, 9.83596, 6.66524, 10.42202, 5.22268, 
13.41604, 11.31893, 13.76785, 9.45873, 12.08705, 11.79431, 13.35355, 
-10.12872, -7.69044, -12.53428, -5.8936, -12.01198, -10.43446, 
-12.18768, -10.90965, -10.88237, -10.05543, -12.22805, 0, 0, 
0, 0, 0, 0, 0, 0, 0, 0, 0, 0, 0, 0, 0, 0, 0, 0, 0, 0, 0, 0, 0.72014, 
0.71603, 0.71916, 0.71573, 0.71518, 0.71635, 0.71821, 0.71174, 
0.7182, 0.71543, 0.71428, 0.71213, 0.71601, 0.71245, 0.70908, 
0.7069, 0.71054, 0.71869, 0.71602, 0.71132, 0.71351, 0.71172, 
0.8842, 0.7602, 1.2114, 0.9406, 2.9699, 3.2891, 3.5644, 2.5983, 
5.5365, 6.5343, 5.5433, 689.2, 754.3, 855.2, 878.3, 937.3, 1014.2, 
1061.3, 1207, 1213.4, 1279.8, 1355, 1018, 2104, 394, 2, 731, 
352, 3, 384, 954, 1921, 438, 1, 1, 1, 1, 1, 2, 2, 1, 3, 3, 1, 
100, 100, 100, 100, 100, 100, 100, 100, 100, 100, 100, 2500, 
2500, 2500, 2500, 2500, 2500, 2500, 2500, 2500, 2500, 2500, 38649.654, 
48556.142, 55273.206, 63991.717, 79342.189, 95546.7439999999, 
110898.755, 119873.403, 142808.757, 156367.265, 172631.147, 1, 
1, 1, 1, 1, 1, 1, 1, 1, 1, 1, 0.03846, 0.03846, 0.03846, 0.03846, 
0.03846, 0.03846, 0.03846, 0.03846, 0.03846, 0.03846, 0.03846, 
0, 0, 0, 0, 0, 0, 0, 0, 0, 0, 0, 0, 0, 0, 0, 0, 0, 0, 0, 0, 0, 
0, 0.70345, 0.69885, 0.70401, 0.7051, 0.70018, 0.70571, 0.70555, 
0.70408, 0.70446, 0.70666, 0.70556, 0.70418, 0.70151, 0.70281, 
0.69951, 0.70225, 0.70377, 0.706, 0.70408, 0.70568, 0.70398, 
0.70266, 0.5291, 0.6215, 0.7188, 0.8498, 0.9645, 1.1408, 1.2995, 
1.447, 1.5759, 1.7419, 1.914, 789.9, 863, 923.3, 982, 1067.4, 
1138.2, 1212.2, 1287.3, 1357.1, 1426.1, 1503, 1, 1, 1, 1, 1, 
1, 1, 1, 1, 1, 1, 1, 1, 1, 1, 1, 1, 1, 1, 1, 1, 1, 1, 1, 1, 1, 
1, 1, 1, 1, 1, 1, 1, 1, 1, 1, 1, 1, 1, 1, 1, 1, 1, 1, 8.327, 
9.331, 10.384, 11.658, 13.01, 14.787, 17.424, 19.223, 20.184, 
21.913, 23.873), .Dim = c(11L, 40L), .Dimnames = list(NULL, c("Sampling", 
"PSO.cost", "PSO.gamma", "PSO.data.balancing", "PSO.feature.selection", 
"PSO.valid.acc", "PSO.test.acc", "PSO.train.time", "PSO.n.support.vectors", 
"PSO.index", "PSO.n.solutions", "PSO.generations", "PSO.n.evaluations", 
"PSO.cpu.time", "RS.cost", "RS.gamma", "RS.data.balancing", "RS.feature.selection", 
"RS.valid.acc", "RS.test.acc", "RS.train.time", "RS.n.support.vectors", 
"RS.index", "RS.n.solutions", "RS.generations", "RS.n.evaluations", 
"RS.cpu.time", "DF.cost", "DF.gamma", "DF.data.balancing", "DF.feature.selection", 
"DF.valid.acc", "DF.test.acc", "DF.train.time", "DF.n.support.vectors", 
"DF.index", "DF.n.solutions", "DF.generations", "DF.n.evaluations", 
"DF.cpu.time")))
