full <-
structure(c(50, 55, 60, 65, 70, 75, 80, 85, 90, 95, 100, 13.80162, 
5.5269, 14.01354, 3.1197, 14.63806, 11.83854, 4.09556, 4.49419, 
15, 11.32875, 14.80578, -15, -7.98703, -14.96181, -6.67186, -12.54164, 
-12.97982, -5.6513, -6.05875, -11.92941, -11.16417, -12.34467, 
0, 0, 0, 0, 0, 0, 0, 0, 0, 0, 0, 0, 0, 0, 0, 0, 0, 0, 0, 0, 0, 
0, 0.72021, 0.72207, 0.72033, 0.72008, 0.71262, 0.71307, 0.71234, 
0.70968, 0.70732, 0.71237, 0.71355, 0.71144, 0.71877, 0.71067, 
0.71058, 0.70796, 0.70677, 0.70509, 0.70327, 0.70451, 0.71045, 
0.70738, 0.6663, 0.5297, 0.8813, 0.6582, 2.3232, 1.7114, 1.0208, 
1.1755, 5.3981, 4.1715, 5.2309, 686, 787.1, 818.1, 946.3, 939.8, 
1032.2, 1113.1, 1179.7, 1220.8, 1310.5, 1341.5, 479, 1417, 466, 
905, 2377, 372, 299, 1491, 2343, 478, 2224, 95, 74, 32, 25, 1, 
50, 36, 5, 1, 18, 3, 100, 100, 100, 100, 100, 100, 100, 100, 
100, 100, 100, 2500, 2500, 2500, 2500, 2500, 2500, 2500, 2500, 
2500, 2500, 2500, 28166.238, 25852.7, 33576.073, 51942.003, 64777.13, 
54343.429, 39111.683, 45901.567, 120024.267, 132883.329, 151012.415, 
13.87326, 5.30183, 12.94736, 2.9531, 13.69144, 11.4936, 3.72534, 
4.42377, 14.86629, 12.66945, 11.85968, -11.21259, -7.75501, -14.29676, 
-6.64223, -12.0565, -12.65768, -5.45563, -6.0228, -11.821, -10.93643, 
-10.50807, 0, 0, 0, 0, 0, 0, 0, 0, 0, 0, 0, 0, 0, 0, 0, 0, 0, 
0, 0, 0, 0, 0, 0.71943, 0.7201, 0.71973, 0.71784, 0.7121, 0.71211, 
0.71188, 0.7084, 0.70571, 0.71198, 0.7121, 0.71365, 0.71744, 
0.71128, 0.71001, 0.70849, 0.70726, 0.70645, 0.70327, 0.7041, 
0.70968, 0.70592, 1.4314, 0.5269, 0.9225, 0.6582, 2.2673, 1.7354, 
1.0007, 1.1629, 5.5378, 5.6155, 6.0755, 671.8, 784.9, 828.9, 
951.1, 945, 1037.3, 1118.3, 1181.8, 1216.2, 1293.4, 1354.6, 941, 
1774, 2321, 780, 151, 650, 131, 1993, 402, 741, 264, 2, 1, 1, 
2, 1, 1, 1, 3, 1, 1, 3, 100, 100, 100, 100, 100, 100, 100, 100, 
100, 100, 100, 2500, 2500, 2500, 2500, 2500, 2500, 2500, 2500, 
2500, 2500, 2500, 36338.874, 43581.426, 48716.673, 58000.056, 
70891.001, 77537.406, 87150.3909999999, 98743.751, 111856.636, 
136706.541, 144801.744, 1, 1, 1, 1, 1, 1, 1, 1, 1, 1, 1, 0.03846, 
0.03846, 0.03846, 0.03846, 0.03846, 0.03846, 0.03846, 0.03846, 
0.03846, 0.03846, 0.03846, 0, 0, 0, 0, 0, 0, 0, 0, 0, 0, 0, 0, 
0, 0, 0, 0, 0, 0, 0, 0, 0, 0, 0.70344, 0.70156, 0.7034, 0.70554, 
0.70795, 0.70287, 0.70599, 0.69433, 0.69525, 0.70359, 0.69429, 
0.70275, 0.70551, 0.70646, 0.7044, 0.70276, 0.70578, 0.70645, 
0.69517, 0.69807, 0.70283, 0.70083, 0.3953, 0.469, 0.5499, 0.6401, 
0.7402, 0.8472, 0.9733, 1.0951, 1.2439, 1.3916, 1.5241, 787.7, 
858.6, 932.6, 1003.2, 1076.1, 1140.1, 1216.6, 1296.6, 1375.1, 
1442.9, 1504, 1, 1, 1, 1, 1, 1, 1, 1, 1, 1, 1, 1, 1, 1, 1, 1, 
1, 1, 1, 1, 1, 1, 1, 1, 1, 1, 1, 1, 1, 1, 1, 1, 1, 1, 1, 1, 1, 
1, 1, 1, 1, 1, 1, 1, 7.482, 8.343, 8.92, 9.871, 11.15, 12.099, 
13.854, 14.775, 16.425, 17.506, 19.358), .Dim = c(11L, 40L), .Dimnames = list(
    NULL, c("Sampling", "PSO.cost", "PSO.gamma", "PSO.data.balancing", 
    "PSO.feature.selection", "PSO.valid.acc", "PSO.test.acc", 
    "PSO.train.time", "PSO.n.support.vectors", "PSO.index", "PSO.n.solutions", 
    "PSO.generations", "PSO.n.evaluations", "PSO.cpu.time", "RS.cost", 
    "RS.gamma", "RS.data.balancing", "RS.feature.selection", 
    "RS.valid.acc", "RS.test.acc", "RS.train.time", "RS.n.support.vectors", 
    "RS.index", "RS.n.solutions", "RS.generations", "RS.n.evaluations", 
    "RS.cpu.time", "DF.cost", "DF.gamma", "DF.data.balancing", 
    "DF.feature.selection", "DF.valid.acc", "DF.test.acc", "DF.train.time", 
    "DF.n.support.vectors", "DF.index", "DF.n.solutions", "DF.generations", 
    "DF.n.evaluations", "DF.cpu.time")))
