full <-
structure(c(50, 55, 60, 65, 70, 75, 80, 85, 90, 95, 100, 5.0753, 
12.90767, 6.81313, 11.57797, 12.37206, 13.15077, 4.88362, 8.435, 
14.86777, 10.45778, 12.48475, -7.53673, -11.1299, -7.15274, -9.57862, 
-13.49939, -12.3317, -5.36028, -8.88767, -13.30904, -10.09526, 
-10.67908, 0, 0, 0, 0, 0, 0, 0, 0, 0, 0, 0, 0, 0, 0, 0, 0, 0, 
0, 0, 0, 0, 0, 0.71379, 0.71129, 0.71252, 0.71339, 0.70744, 0.71732, 
0.71142, 0.71131, 0.71053, 0.71279, 0.71215, 0.70874, 0.70138, 
0.70046, 0.70061, 0.70381, 0.70764, 0.70279, 0.70704, 0.7069, 
0.70551, 0.70925, 0.5599, 2.4888, 1.0453, 3.7462, 1.757, 3.0784, 
1.3793, 2.3402, 3.8139, 4.4247, 7.3424, 718, 753.2, 842.5, 896.4, 
969.7, 1025.1, 1109.3, 1178.5, 1220.9, 1305.8, 1353.5, 873, 439, 
894, 2217, 539, 1386, 781, 694, 797, 1603, 1708, 57, 6, 162, 
1, 6, 1, 52, 43, 2, 7, 1, 100, 100, 100, 100, 100, 100, 100, 
100, 100, 100, 100, 2500, 2500, 2500, 2500, 2500, 2500, 2500, 
2500, 2500, 2500, 2500, 22099.161, 44827.135, 38266.313, 105134.684, 
48491.6, 83525.4330000001, 72625.152, 98615.5379999999, 102488.965, 
141509.887, 183683.895, 3.77974, 14.13521, 7.41417, 14.3019, 
10.18363, 13.20749, 5.54368, 8.20658, 14.75841, 9.65367, 9.25327, 
-7.24055, -11.71739, -7.39213, -10.77976, -14.89729, -12.26511, 
-5.61475, -8.76925, -13.06532, -9.6553, -9.19558, 0, 0, 0, 0, 
0, 0, 0, 0, 0, 0, 0, 0, 0, 0, 0, 0, 0, 0, 0, 0, 0, 0, 0.71237, 
0.71129, 0.71071, 0.7106, 0.70689, 0.7149, 0.71051, 0.71002, 
0.70932, 0.71203, 0.71142, 0.70799, 0.70204, 0.70106, 0.70062, 
0.70119, 0.70909, 0.70507, 0.70533, 0.70652, 0.70781, 0.70743, 
0.5158, 2.4415, 1.1652, 5.6335, 1.2428, 3.2747, 1.4803, 2.192, 
4.0494, 3.8122, 3.8438, 739.9, 749.3, 837.8, 886.9, 1094.7, 1027.7, 
1103.4, 1179.9, 1222.2, 1306.1, 1365.6, 1613, 1648, 416, 1514, 
1597, 2349, 2003, 689, 350, 1939, 1042, 1, 1, 3, 1, 1, 2, 1, 
3, 2, 3, 1, 100, 100, 100, 100, 100, 100, 100, 100, 100, 100, 
100, 2500, 2500, 2500, 2500, 2500, 2500, 2500, 2500, 2500, 2500, 
2500, 38081.063, 49474.515, 59694.898, 70954.878, 80500.261, 
90424.556, 98614.3540000001, 114106.236, 135465.512, 147857.757, 
163811.772, 1, 1, 1, 1, 1, 1, 1, 1, 1, 1, 1, 0.03846, 0.03846, 
0.03846, 0.03846, 0.03846, 0.03846, 0.03846, 0.03846, 0.03846, 
0.03846, 0.03846, 0, 0, 0, 0, 0, 0, 0, 0, 0, 0, 0, 0, 0, 0, 0, 
0, 0, 0, 0, 0, 0, 0, 0.70284, 0.70009, 0.70283, 0.69834, 0.69754, 
0.69844, 0.70054, 0.69764, 0.70167, 0.70094, 0.70269, 0.70794, 
0.69742, 0.70101, 0.70061, 0.69599, 0.69893, 0.70056, 0.69806, 
0.69843, 0.69903, 0.69905, 0.5024, 0.5885, 0.6955, 0.8301, 0.9215, 
1.0562, 1.1881, 1.3388, 1.4675, 1.6127, 1.7836, 791.3, 868.8, 
947.2, 1023.1, 1089.8, 1163.8, 1227.6, 1307.4, 1383.1, 1444.4, 
1503.3, 1, 1, 1, 1, 1, 1, 1, 1, 1, 1, 1, 1, 1, 1, 1, 1, 1, 1, 
1, 1, 1, 1, 1, 1, 1, 1, 1, 1, 1, 1, 1, 1, 1, 1, 1, 1, 1, 1, 1, 
1, 1, 1, 1, 1, 7.729, 8.859, 9.778, 11.532, 12.122, 13.582, 15.395, 
16.993, 17.948, 19.905, 21.518), .Dim = c(11L, 40L), .Dimnames = list(
    NULL, c("Sampling", "PSO.cost", "PSO.gamma", "PSO.data.balancing", 
    "PSO.feature.selection", "PSO.valid.acc", "PSO.test.acc", 
    "PSO.train.time", "PSO.n.support.vectors", "PSO.index", "PSO.n.solutions", 
    "PSO.generations", "PSO.n.evaluations", "PSO.cpu.time", "RS.cost", 
    "RS.gamma", "RS.data.balancing", "RS.feature.selection", 
    "RS.valid.acc", "RS.test.acc", "RS.train.time", "RS.n.support.vectors", 
    "RS.index", "RS.n.solutions", "RS.generations", "RS.n.evaluations", 
    "RS.cpu.time", "DF.cost", "DF.gamma", "DF.data.balancing", 
    "DF.feature.selection", "DF.valid.acc", "DF.test.acc", "DF.train.time", 
    "DF.n.support.vectors", "DF.index", "DF.n.solutions", "DF.generations", 
    "DF.n.evaluations", "DF.cpu.time")))
