full <-
structure(c(50, 55, 60, 65, 70, 75, 80, 85, 90, 95, 100, 14.60272, 
10.80771, 11.47675, 14.96592, 3.91982, 4.92838, 11.42151, 2.54682, 
0.88524, 8.0347, 14.3075, -8.85828, -12.29218, -12.02099, -14.47076, 
-3.67771, -5.94666, -10.86208, -3.29441, -2.99106, -9.39621, 
-12.03944, 0, 0, 0, 0, 0, 0, 0, 0, 0, 0, 0, 0, 0, 0, 0, 0, 0, 
0, 0, 0, 0, 0, 0.7086, 0.71341, 0.71364, 0.70837, 0.71369, 0.70862, 
0.71234, 0.71395, 0.71487, 0.71348, 0.71245, 0.69255, 0.70084, 
0.70277, 0.70054, 0.69918, 0.70281, 0.70646, 0.70625, 0.70882, 
0.70814, 0.70738, 4.0454, 1.1431, 1.5691, 1.7036, 1.0658, 1.2705, 
3.5612, 1.4515, 1.6055, 2.7272, 6.7209, 674.8, 790.3, 829.6, 
865.4, 988.2, 1032.6, 1086.2, 1224.6, 1338.2, 1328, 1344.6, 2133, 
830, 692, 1175, 1576, 1221, 790, 1038, 1359, 788, 2026, 1, 54, 
53, 2, 52, 38, 43, 28, 37, 58, 1, 100, 100, 100, 100, 100, 100, 
100, 100, 100, 100, 100, 2500, 2500, 2500, 2500, 2500, 2500, 
2500, 2500, 2500, 2500, 2500, 44842.361, 41413.567, 51826.083, 
57367.778, 42908.931, 101804.243, 99113.694, 51008.089, 96403.425, 
85631.0250000001, 186158.069, -0.27297, 10.87314, 11.92631, 14.86862, 
4.3264, 5.46544, 11.90119, 2.15445, 0.94642, 8.35559, 6.51196, 
-3.74272, -12.27263, -12.38638, -14.77212, -3.86376, -6.20986, 
-11.06384, -3.50314, -2.94306, -9.59793, -6.48976, 0, 0, 0, 0, 
0, 0, 0, 0, 0, 0, 0, 0, 0, 0, 0, 0, 0, 0, 0, 0, 0, 0, 0.70718, 
0.71275, 0.71304, 0.70614, 0.71109, 0.70765, 0.71189, 0.71309, 
0.71406, 0.71271, 0.71209, 0.70136, 0.69952, 0.70277, 0.7022, 
0.6971, 0.70329, 0.706, 0.71223, 0.71083, 0.70813, 0.70774, 0.5483, 
1.195, 1.6574, 1.6031, 1.0887, 1.3228, 3.6414, 1.4091, 1.6053, 
2.7886, 2.6091, 795.1, 785.8, 826, 866.1, 980.4, 1030.6, 1082.9, 
1222.4, 1339.3, 1329, 1359.3, 1188, 712, 1102, 1129, 1252, 665, 
1454, 1516, 1139, 230, 190, 1, 1, 2, 1, 1, 2, 1, 1, 1, 1, 1, 
100, 100, 100, 100, 100, 100, 100, 100, 100, 100, 100, 2500, 
2500, 2500, 2500, 2500, 2500, 2500, 2500, 2500, 2500, 2500, 43520.917, 
51753.276, 59963.195, 72025.788, 74366.5750000001, 90349.66, 
105652.975, 110850.816, 127657.723, 139141.636, 159986.823, 1, 
1, 1, 1, 1, 1, 1, 1, 1, 1, 1, 0.03846, 0.03846, 0.03846, 0.03846, 
0.03846, 0.03846, 0.03846, 0.03846, 0.03846, 0.03846, 0.03846, 
0, 0, 0, 0, 0, 0, 0, 0, 0, 0, 0, 0, 0, 0, 0, 0, 0, 0, 0, 0, 0, 
0, 0.69989, 0.69024, 0.69981, 0.69888, 0.70277, 0.69654, 0.69919, 
0.70325, 0.70157, 0.70125, 0.70482, 0.69843, 0.68958, 0.70283, 
0.70001, 0.7033, 0.69799, 0.69874, 0.70369, 0.70439, 0.69898, 
0.70226, 0.5268, 0.6466, 0.75, 0.8752, 1.02, 1.1506, 1.2966, 
1.4144, 1.603, 1.716, 1.9361, 794.2, 860.8, 928.7, 998.5, 1073.2, 
1152.7, 1217.4, 1282.4, 1359, 1432.1, 1503.5, 1, 1, 1, 1, 1, 
1, 1, 1, 1, 1, 1, 1, 1, 1, 1, 1, 1, 1, 1, 1, 1, 1, 1, 1, 1, 1, 
1, 1, 1, 1, 1, 1, 1, 1, 1, 1, 1, 1, 1, 1, 1, 1, 1, 1, 9.361, 
10.613, 11.891, 13.054, 15.014, 15.956, 17.717, 19.189, 19.876, 
21.653, 23.425), .Dim = c(11L, 40L), .Dimnames = list(NULL, c("Sampling", 
"PSO.cost", "PSO.gamma", "PSO.data.balancing", "PSO.feature.selection", 
"PSO.valid.acc", "PSO.test.acc", "PSO.train.time", "PSO.n.support.vectors", 
"PSO.index", "PSO.n.solutions", "PSO.generations", "PSO.n.evaluations", 
"PSO.cpu.time", "RS.cost", "RS.gamma", "RS.data.balancing", "RS.feature.selection", 
"RS.valid.acc", "RS.test.acc", "RS.train.time", "RS.n.support.vectors", 
"RS.index", "RS.n.solutions", "RS.generations", "RS.n.evaluations", 
"RS.cpu.time", "DF.cost", "DF.gamma", "DF.data.balancing", "DF.feature.selection", 
"DF.valid.acc", "DF.test.acc", "DF.train.time", "DF.n.support.vectors", 
"DF.index", "DF.n.solutions", "DF.generations", "DF.n.evaluations", 
"DF.cpu.time")))
