full <-
structure(c(50, 55, 60, 65, 70, 75, 80, 85, 90, 95, 100, 4.96583, 
3.80774, 7.8736, 2.24882, 15, 8.00792, 14.89393, 14.99215, 8.84812, 
8.81761, 8.94652, -8.20233, -7.85876, -8.79793, -6.04969, -13.51347, 
-9.50593, -13.07134, -13.80374, -9.60551, -9.75868, -9.99522, 
0, 0, 0, 0, 0, 0, 0, 0, 0, 0, 0, 0, 0, 0, 0, 0, 0, 0, 0, 0, 0, 
0, 0.70506, 0.70944, 0.70889, 0.71004, 0.7091, 0.71586, 0.71503, 
0.71644, 0.719, 0.7139, 0.71681, 0.69338, 0.70351, 0.70041, 0.70614, 
0.70288, 0.71248, 0.71005, 0.70875, 0.71256, 0.70894, 0.71173, 
0.6128, 0.7007, 1.1207, 0.9072, 2.5467, 1.6471, 3.6429, 3.1569, 
2.9567, 3.0495, 3.4998, 750.2, 843.4, 851.3, 980.1, 960.3, 1078.1, 
1091.4, 1146.4, 1249.8, 1329.8, 1402.1, 1030, 1950, 2040, 599, 
2086, 1555, 1530, 1903, 1256, 2188, 1404, 29, 23, 2, 173, 1, 
51, 1, 3, 9, 1, 23, 100, 100, 100, 100, 100, 100, 100, 100, 100, 
100, 100, 2500, 2500, 2500, 2500, 2500, 2500, 2500, 2500, 2500, 
2500, 2500, 23853.941, 31931.548, 33581.544, 33977.157, 60332.985, 
60104.274, 90192.781, 112653.802, 84345.649, 91046.9370000002, 
109264.58, 5.09452, 3.78102, 6.92005, 0.18708, 3.35521, 7.59278, 
14.77939, 14.10256, 7.82199, 1.72663, 9.10455, -8.26402, -8.0727, 
-9.35628, -3.71767, -3.69296, -9.08825, -13.17802, -13.58602, 
-9.29183, -3.81134, -10.03148, 0, 0, 0, 0, 0, 0, 0, 0, 0, 0, 
0, 0, 0, 0, 0, 0, 0, 0, 0, 0, 0, 0, 0.7036, 0.70943, 0.70827, 
0.70889, 0.71065, 0.71441, 0.71231, 0.716, 0.71819, 0.71276, 
0.71609, 0.69484, 0.70285, 0.70038, 0.6983, 0.71169, 0.7115, 
0.70915, 0.71088, 0.71256, 0.71428, 0.71173, 0.6124, 0.6642, 
0.9351, 0.8675, 1.0872, 1.6519, 3.1997, 3.019, 2.4163, 1.7682, 
3.6174, 750.7, 849.5, 879.9, 998.6, 1032.8, 1071.8, 1092.3, 1155, 
1265.9, 1377, 1398, 92, 1300, 905, 188, 1263, 340, 1789, 1608, 
1562, 2175, 850, 1, 1, 1, 1, 2, 1, 1, 1, 1, 1, 1, 100, 100, 100, 
100, 100, 100, 100, 100, 100, 100, 100, 2500, 2500, 2500, 2500, 
2500, 2500, 2500, 2500, 2500, 2500, 2500, 42845.333, 48665.977, 
58987.332, 71225.164, 82981.944, 91018.102, 106146.9, 111760.366, 
145691.507, 156166.186, 173822.434, 1, 1, 1, 1, 1, 1, 1, 1, 1, 
1, 1, 0.03846, 0.03846, 0.03846, 0.03846, 0.03846, 0.03846, 0.03846, 
0.03846, 0.03846, 0.03846, 0.03846, 0, 0, 0, 0, 0, 0, 0, 0, 0, 
0, 0, 0, 0, 0, 0, 0, 0, 0, 0, 0, 0, 0, 0.6926, 0.70084, 0.707, 
0.70668, 0.70598, 0.70474, 0.69915, 0.70275, 0.70448, 0.7013, 
0.70155, 0.68899, 0.69816, 0.70153, 0.69999, 0.70287, 0.70425, 
0.70052, 0.70276, 0.70649, 0.70321, 0.70119, 0.5604, 0.6655, 
0.7697, 0.9148, 1.0128, 1.152, 1.2831, 1.4352, 1.5726, 1.7406, 
1.9173, 800.6, 871, 944.8, 1020.6, 1091.7, 1156.9, 1230, 1297, 
1360.4, 1434.4, 1501.4, 1, 1, 1, 1, 1, 1, 1, 1, 1, 1, 1, 1, 1, 
1, 1, 1, 1, 1, 1, 1, 1, 1, 1, 1, 1, 1, 1, 1, 1, 1, 1, 1, 1, 1, 
1, 1, 1, 1, 1, 1, 1, 1, 1, 1, 8.843, 9.923, 11.075, 12.679, 13.666, 
14.866, 16.266, 18.357, 19.306, 21.023, 23.108), .Dim = c(11L, 
40L), .Dimnames = list(NULL, c("Sampling", "PSO.cost", "PSO.gamma", 
"PSO.data.balancing", "PSO.feature.selection", "PSO.valid.acc", 
"PSO.test.acc", "PSO.train.time", "PSO.n.support.vectors", "PSO.index", 
"PSO.n.solutions", "PSO.generations", "PSO.n.evaluations", "PSO.cpu.time", 
"RS.cost", "RS.gamma", "RS.data.balancing", "RS.feature.selection", 
"RS.valid.acc", "RS.test.acc", "RS.train.time", "RS.n.support.vectors", 
"RS.index", "RS.n.solutions", "RS.generations", "RS.n.evaluations", 
"RS.cpu.time", "DF.cost", "DF.gamma", "DF.data.balancing", "DF.feature.selection", 
"DF.valid.acc", "DF.test.acc", "DF.train.time", "DF.n.support.vectors", 
"DF.index", "DF.n.solutions", "DF.generations", "DF.n.evaluations", 
"DF.cpu.time")))
