full <-
structure(c(50, 55, 60, 65, 70, 75, 80, 85, 90, 95, 100, 14.34454, 
10.78897, 12.2696, 14.36468, 15, 11.52553, 10.92609, 5.21454, 
7.60837, 7.45181, 15, -12.89765, -9.10419, -10.96643, -11.95739, 
-14.71961, -13.09702, -10.91017, -5.48762, -7.54928, -8.36673, 
-13.55152, 0, 0, 0, 0, 0, 0, 0, 0, 0, 0, 0, 0, 0, 0, 0, 0, 0, 
0, 0, 0, 0, 0, 0.70208, 0.70664, 0.70639, 0.70391, 0.70438, 0.71098, 
0.71055, 0.70667, 0.71051, 0.71051, 0.71357, 0.69337, 0.69677, 
0.69732, 0.70226, 0.70283, 0.70325, 0.70553, 0.69984, 0.70485, 
0.71127, 0.70775, 1.2773, 1.1752, 1.8329, 3.0377, 1.5879, 1.8977, 
3.0328, 1.5431, 2.3112, 2.4023, 4.326, 704, 770, 843.1, 904.8, 
968.8, 1078.5, 1115, 1190, 1238.6, 1317.4, 1341.6, 1175, 552, 
509, 1622, 172, 1233, 739, 593, 2451, 765, 2086, 1, 15, 14, 2, 
5, 9, 10, 29, 41, 92, 1, 100, 100, 100, 100, 100, 100, 100, 100, 
100, 100, 100, 2500, 2500, 2500, 2500, 2500, 2500, 2500, 2500, 
2500, 2500, 2500, 38985.152, 41945.845, 53662.799, 71297.592, 
57327.8199999999, 58150.867, 82181.904, 126035.529, 97103.6410000001, 
78997.3629999999, 126396.788, 1.62188, 11.21232, 14.82238, 11.73693, 
4.93067, 11.42292, 9.97295, 5.13136, 7.79431, 13.97836, 11.68575, 
-3.23124, -9.28466, -12.26084, -10.58228, -5.46515, -13.27741, 
-10.63101, -5.49057, -7.64143, -13.15494, -11.83108, 0, 0, 0, 
0, 0, 0, 0, 0, 0, 0, 0, 0, 0, 0, 0, 0, 0, 0, 0, 0, 0, 0, 0.70211, 
0.70598, 0.70639, 0.70279, 0.70289, 0.71001, 0.70964, 0.70667, 
0.71051, 0.70937, 0.71175, 0.69119, 0.69677, 0.69793, 0.69947, 
0.70184, 0.70471, 0.70554, 0.70112, 0.70485, 0.71052, 0.70703, 
0.5188, 1.3617, 2.2534, 2.4137, 1.0575, 1.8287, 2.6226, 1.5342, 
2.3371, 3.7826, 4.5916, 774.3, 769, 831.2, 917, 1002.8, 1084.1, 
1129.7, 1189.3, 1238.2, 1291.9, 1372.9, 787, 1441, 1591, 1993, 
93, 1061, 955, 2268, 1269, 1507, 11, 1, 2, 1, 1, 1, 6, 1, 1, 
1, 2, 1, 100, 100, 100, 100, 100, 100, 100, 100, 100, 100, 100, 
2500, 2500, 2500, 2500, 2500, 2500, 2500, 2500, 2500, 2500, 2500, 
39866.184, 45399.177, 54600.28, 63288.67, 76939.315, 92079.0299999999, 
102458.197, 115951.259, 126897.804, 145726.313, 161191.819, 1, 
1, 1, 1, 1, 1, 1, 1, 1, 1, 1, 0.03846, 0.03846, 0.03846, 0.03846, 
0.03846, 0.03846, 0.03846, 0.03846, 0.03846, 0.03846, 0.03846, 
0, 0, 0, 0, 0, 0, 0, 0, 0, 0, 0, 0, 0, 0, 0, 0, 0, 0, 0, 0, 0, 
0, 0.69045, 0.6909, 0.69248, 0.6961, 0.69303, 0.69745, 0.69964, 
0.69856, 0.6992, 0.70058, 0.70085, 0.69044, 0.68762, 0.69429, 
0.69501, 0.69299, 0.69989, 0.69828, 0.69642, 0.69599, 0.70171, 
0.69685, 0.5172, 0.6105, 0.7034, 0.8349, 0.8881, 1.0425, 1.116, 
1.2598, 1.4905, 1.6302, 1.7966, 805.4, 882.9, 953.5, 1035.1, 
1103.8, 1166.9, 1230.2, 1301.9, 1365.9, 1434.4, 1501.8, 1, 1, 
1, 1, 1, 1, 1, 1, 1, 1, 1, 1, 1, 1, 1, 1, 1, 1, 1, 1, 1, 1, 1, 
1, 1, 1, 1, 1, 1, 1, 1, 1, 1, 1, 1, 1, 1, 1, 1, 1, 1, 1, 1, 1, 
8.05, 8.871, 10.031, 11.472, 12.167, 13.854, 14.406, 16.167, 
18.54, 19.824, 21.799), .Dim = c(11L, 40L), .Dimnames = list(
    NULL, c("Sampling", "PSO.cost", "PSO.gamma", "PSO.data.balancing", 
    "PSO.feature.selection", "PSO.valid.acc", "PSO.test.acc", 
    "PSO.train.time", "PSO.n.support.vectors", "PSO.index", "PSO.n.solutions", 
    "PSO.generations", "PSO.n.evaluations", "PSO.cpu.time", "RS.cost", 
    "RS.gamma", "RS.data.balancing", "RS.feature.selection", 
    "RS.valid.acc", "RS.test.acc", "RS.train.time", "RS.n.support.vectors", 
    "RS.index", "RS.n.solutions", "RS.generations", "RS.n.evaluations", 
    "RS.cpu.time", "DF.cost", "DF.gamma", "DF.data.balancing", 
    "DF.feature.selection", "DF.valid.acc", "DF.test.acc", "DF.train.time", 
    "DF.n.support.vectors", "DF.index", "DF.n.solutions", "DF.generations", 
    "DF.n.evaluations", "DF.cpu.time")))
