full <-
structure(c(50, 55, 60, 65, 70, 75, 80, 85, 90, 95, 100, 10.56152, 
5.00099, 14.02062, 9.69353, 6.24266, 4.97522, 10.00503, 9.83582, 
4.79599, 14.87746, 14.50073, -8.03982, -6.9337, -10.95709, -9.34302, 
-7.99823, -6.6977, -11.01539, -8.7229, -5.53462, -13.7315, -14.84449, 
0, 0, 0, 0, 0, 0, 0, 0, 0, 0, 0, 0, 0, 0, 0, 0, 0, 0, 0, 0, 0, 
0, 0.71738, 0.71726, 0.71987, 0.71843, 0.7142, 0.7101, 0.71185, 
0.70919, 0.71251, 0.71389, 0.71429, 0.70942, 0.71726, 0.70709, 
0.71734, 0.71005, 0.70478, 0.70322, 0.70619, 0.70444, 0.70701, 
0.70957, 1.4727, 0.7124, 3.6131, 1.965, 1.3206, 1.2943, 2.7234, 
3.4924, 1.8347, 3.8765, 3.125, 696.1, 787.8, 815, 893.7, 996.3, 
1058.4, 1146.8, 1164.3, 1253, 1278.7, 1347.1, 1095, 1433, 437, 
974, 1373, 2090, 1244, 1703, 854, 2239, 2487, 34, 1, 1, 30, 34, 
19, 68, 13, 58, 1, 1, 100, 100, 100, 100, 100, 100, 100, 100, 
100, 100, 100, 2500, 2500, 2500, 2500, 2500, 2500, 2500, 2500, 
2500, 2500, 2500, 40491.371, 35804.804, 82471.579, 51601.8, 63422.518, 
59216.285, 89493.868, 123176.655, 143685.656, 118403.612, 112708.006, 
9.64031, 4.31598, 10.41051, 9.17281, 8.73709, 12.37524, 12.10998, 
9.56325, 5.35294, 8.20321, 13.6094, -7.57445, -6.63685, -9.07799, 
-9.26415, -9.00181, -10.13238, -11.82311, -8.63491, -5.85845, 
-9.84959, -9.42029, 0, 0, 0, 0, 0, 0, 0, 0, 0, 0, 0, 0, 0, 0, 
0, 0, 0, 0, 0, 0, 0, 0, 0.71592, 0.71528, 0.71865, 0.71731, 0.71316, 
0.70914, 0.71138, 0.70834, 0.71211, 0.71236, 0.71248, 0.71085, 
0.72121, 0.70829, 0.7179, 0.71367, 0.7043, 0.70096, 0.70576, 
0.70444, 0.70816, 0.70846, 1.1984, 0.689, 1.7519, 1.749, 1.8619, 
4.8321, 3.466, 3.244, 1.9221, 2.721, 13.6636, 699.5, 798.1, 825.6, 
898.9, 980.4, 1030, 1115.1, 1167.6, 1245.2, 1354, 1335.3, 1705, 
2272, 1462, 1033, 1090, 820, 1510, 1413, 177, 1838, 1679, 1, 
1, 1, 1, 1, 1, 1, 1, 1, 1, 1, 100, 100, 100, 100, 100, 100, 100, 
100, 100, 100, 100, 2500, 2500, 2500, 2500, 2500, 2500, 2500, 
2500, 2500, 2500, 2500, 44720.702, 52611.53, 65226.939, 74664.025, 
89649.379, 96762.5429999999, 111809.955, 124227.68, 135655.452, 
150172.426, 158562.135, 1, 1, 1, 1, 1, 1, 1, 1, 1, 1, 1, 0.03846, 
0.03846, 0.03846, 0.03846, 0.03846, 0.03846, 0.03846, 0.03846, 
0.03846, 0.03846, 0.03846, 0, 0, 0, 0, 0, 0, 0, 0, 0, 0, 0, 0, 
0, 0, 0, 0, 0, 0, 0, 0, 0, 0, 0.69625, 0.70532, 0.7047, 0.70225, 
0.70175, 0.69798, 0.69285, 0.69041, 0.70242, 0.69824, 0.69794, 
0.69913, 0.70136, 0.70588, 0.70336, 0.70125, 0.69895, 0.69374, 
0.69254, 0.70083, 0.70052, 0.69977, 0.5546, 0.6451, 0.7725, 0.8951, 
0.994, 1.1626, 1.3042, 1.4558, 1.5801, 1.7459, 1.8409, 812.1, 
882.9, 949, 1019.4, 1092.4, 1164.9, 1237.5, 1312.7, 1375.4, 1442.6, 
1503.7, 1, 1, 1, 1, 1, 1, 1, 1, 1, 1, 1, 1, 1, 1, 1, 1, 1, 1, 
1, 1, 1, 1, 1, 1, 1, 1, 1, 1, 1, 1, 1, 1, 1, 1, 1, 1, 1, 1, 1, 
1, 1, 1, 1, 1, 8.524, 9.396, 11.786, 13.082, 14.089, 16.07, 17.577, 
18.988, 19.312, 21.152, 22.323), .Dim = c(11L, 40L), .Dimnames = list(
    NULL, c("Sampling", "PSO.cost", "PSO.gamma", "PSO.data.balancing", 
    "PSO.feature.selection", "PSO.valid.acc", "PSO.test.acc", 
    "PSO.train.time", "PSO.n.support.vectors", "PSO.index", "PSO.n.solutions", 
    "PSO.generations", "PSO.n.evaluations", "PSO.cpu.time", "RS.cost", 
    "RS.gamma", "RS.data.balancing", "RS.feature.selection", 
    "RS.valid.acc", "RS.test.acc", "RS.train.time", "RS.n.support.vectors", 
    "RS.index", "RS.n.solutions", "RS.generations", "RS.n.evaluations", 
    "RS.cpu.time", "DF.cost", "DF.gamma", "DF.data.balancing", 
    "DF.feature.selection", "DF.valid.acc", "DF.test.acc", "DF.train.time", 
    "DF.n.support.vectors", "DF.index", "DF.n.solutions", "DF.generations", 
    "DF.n.evaluations", "DF.cpu.time")))
