full <-
structure(c(50, 55, 60, 65, 70, 75, 80, 85, 90, 95, 100, 8.25065, 
11.94254, 6.56107, 9.73336, 7.1437, 14.99988, 14.97864, 14.60908, 
10.05243, 14.82374, 5.89275, -9.55053, -13.79799, -8.18604, -11.92073, 
-9.83689, -14.25355, -13.25012, -13.54732, -10.92084, -13.41818, 
-6.56745, 0, 0, 0, 0, 0, 0, 0, 0, 0, 0, 0, 0, 0, 0, 0, 0, 0, 
0, 0, 0, 0, 0, 0.70712, 0.70141, 0.70647, 0.71273, 0.71262, 0.70957, 
0.71281, 0.71399, 0.71174, 0.71196, 0.71466, 0.69258, 0.69353, 
0.70221, 0.70436, 0.70277, 0.7091, 0.7069, 0.7114, 0.70649, 0.7093, 
0.70594, 0.7129, 1.0582, 0.8578, 1.3231, 1.2128, 2.2036, 3.2826, 
3.197, 3.3163, 4.3375, 2.4623, 703.5, 786.6, 837.2, 945.3, 1015.7, 
1018.5, 1077.4, 1141.8, 1263.5, 1276.2, 1359.5, 1693, 1784, 1303, 
1354, 2223, 1455, 2017, 767, 392, 802, 1628, 2, 14, 51, 42, 12, 
1, 1, 3, 85, 4, 81, 100, 100, 100, 100, 100, 100, 100, 100, 100, 
100, 100, 2500, 2500, 2500, 2500, 2500, 2500, 2500, 2500, 2500, 
2500, 2500, 31907.932, 37914.143, 34647.413, 44490.48, 46278.546, 
66703.084, 86842.757, 99052.4669999999, 90676.6029999999, 118341.937, 
158879.042, 14.03566, 8.4843, 7.39787, 10.2058, 9.09319, 14.84834, 
13.8352, 14.81717, 10.48025, 14.19967, 6.183, -14.90431, -10.42924, 
-8.46988, -12.10489, -9.8218, -13.84297, -12.88085, -13.53577, 
-11.08686, -12.99238, -6.77726, 0, 0, 0, 0, 0, 0, 0, 0, 0, 0, 
0, 0, 0, 0, 0, 0, 0, 0, 0, 0, 0, 0, 0.70569, 0.70012, 0.70526, 
0.71217, 0.71104, 0.70763, 0.71145, 0.71314, 0.71093, 0.71006, 
0.71394, 0.69188, 0.69482, 0.70161, 0.70547, 0.70637, 0.70667, 
0.70736, 0.71226, 0.7073, 0.70968, 0.70448, 0.8177, 0.849, 0.9102, 
1.344, 1.6197, 2.4033, 3.0567, 3.168, 3.6984, 4.4081, 2.5518, 
688.9, 796.4, 831.7, 931.5, 968.5, 1015.9, 1087.8, 1140.6, 1256.2, 
1282.7, 1361.1, 1453, 47, 708, 1196, 1273, 385, 2094, 1857, 1344, 
871, 1566, 2, 1, 1, 1, 1, 1, 1, 1, 1, 1, 1, 100, 100, 100, 100, 
100, 100, 100, 100, 100, 100, 100, 2500, 2500, 2500, 2500, 2500, 
2500, 2500, 2500, 2500, 2500, 2500, 41981.616, 50049.136, 58958.291, 
69421.909, 79907.634, 92394.6, 110923.272, 112971.745, 134386.489, 
144386.364, 176742.272, 1, 1, 1, 1, 1, 1, 1, 1, 1, 1, 1, 0.03846, 
0.03846, 0.03846, 0.03846, 0.03846, 0.03846, 0.03846, 0.03846, 
0.03846, 0.03846, 0.03846, 0, 0, 0, 0, 0, 0, 0, 0, 0, 0, 0, 0, 
0, 0, 0, 0, 0, 0, 0, 0, 0, 0, 0.6955, 0.69021, 0.69436, 0.6982, 
0.69965, 0.69939, 0.69919, 0.70114, 0.70003, 0.70127, 0.70082, 
0.69476, 0.69151, 0.69192, 0.70099, 0.69861, 0.70084, 0.70145, 
0.70072, 0.70123, 0.70393, 0.70265, 0.5295, 0.631, 0.7552, 0.8886, 
0.9997, 1.1861, 1.2901, 1.3722, 1.6314, 1.7545, 1.9176, 782.6, 
864.3, 927.5, 997.4, 1068.3, 1145.8, 1208.8, 1285.1, 1366.1, 
1436.9, 1503.7, 1, 1, 1, 1, 1, 1, 1, 1, 1, 1, 1, 1, 1, 1, 1, 
1, 1, 1, 1, 1, 1, 1, 1, 1, 1, 1, 1, 1, 1, 1, 1, 1, 1, 1, 1, 1, 
1, 1, 1, 1, 1, 1, 1, 1, 8.706, 9.655, 11.725, 12.51, 13.44, 15.583, 
16.693, 17.872, 21.172, 22.158, 23.927), .Dim = c(11L, 40L), .Dimnames = list(
    NULL, c("Sampling", "PSO.cost", "PSO.gamma", "PSO.data.balancing", 
    "PSO.feature.selection", "PSO.valid.acc", "PSO.test.acc", 
    "PSO.train.time", "PSO.n.support.vectors", "PSO.index", "PSO.n.solutions", 
    "PSO.generations", "PSO.n.evaluations", "PSO.cpu.time", "RS.cost", 
    "RS.gamma", "RS.data.balancing", "RS.feature.selection", 
    "RS.valid.acc", "RS.test.acc", "RS.train.time", "RS.n.support.vectors", 
    "RS.index", "RS.n.solutions", "RS.generations", "RS.n.evaluations", 
    "RS.cpu.time", "DF.cost", "DF.gamma", "DF.data.balancing", 
    "DF.feature.selection", "DF.valid.acc", "DF.test.acc", "DF.train.time", 
    "DF.n.support.vectors", "DF.index", "DF.n.solutions", "DF.generations", 
    "DF.n.evaluations", "DF.cpu.time")))
