full <-
structure(c(50, 55, 60, 65, 70, 75, 80, 85, 90, 95, 100, 14.86375, 
15, 11.50016, 9.59123, 12.31426, 14.34081, 14.86716, 13.8061, 
6.83572, 15, 15, -14.98492, -14.97749, -11.7093, -10.21221, -12.80913, 
-14.56049, -14.39767, -14.72824, -7.36927, -12.76498, -12.75973, 
0, 0, 0, 0, 0, 0, 0, 0, 0, 0, 0, 0, 0, 0, 0, 0, 0, 0, 0, 0, 0, 
0, 0.71944, 0.72202, 0.72342, 0.719, 0.71896, 0.71787, 0.72326, 
0.72109, 0.72215, 0.71698, 0.71285, 0.71289, 0.72069, 0.71677, 
0.71511, 0.71221, 0.71592, 0.71828, 0.7194, 0.7161, 0.7143, 0.70776, 
0.9669, 1.0705, 1.4171, 1.4921, 1.9029, 1.9082, 2.269, 2.2603, 
2.0447, 5.3642, 5.6108, 669.7, 725.8, 818.6, 909, 963.6, 1012, 
1061.5, 1135.9, 1201.1, 1268.4, 1337.4, 2311, 596, 1010, 994, 
2323, 1605, 2249, 1679, 2308, 2385, 1982, 4, 5, 6, 130, 2, 1, 
2, 3, 2, 1, 1, 100, 100, 100, 100, 100, 100, 100, 100, 100, 100, 
100, 2500, 2500, 2500, 2500, 2500, 2500, 2500, 2500, 2500, 2500, 
2500, 34899.621, 37550.797, 46858.842, 49159.134, 56999.665, 
64610.0820000001, 70759.436, 71916.2830000001, 85097.3309999999, 
144275.826, 158561.592, 13.76838, 13.71312, 12.28054, 6.84686, 
11.62265, 14.95548, 14.98398, 13.64084, 7.49212, 8.18459, 9.29837, 
-13.88984, -13.906, -12.01641, -8.94527, -12.61618, -14.83968, 
-13.73838, -14.30775, -7.63131, -9.53087, -10.13867, 0, 0, 0, 
0, 0, 0, 0, 0, 0, 0, 0, 0, 0, 0, 0, 0, 0, 0, 0, 0, 0, 0, 0.71654, 
0.72136, 0.72221, 0.71734, 0.71792, 0.71787, 0.7219, 0.72023, 
0.72094, 0.71582, 0.71249, 0.71362, 0.71937, 0.71555, 0.71398, 
0.71272, 0.71447, 0.72099, 0.71898, 0.7165, 0.71469, 0.70666, 
1.058, 1.197, 1.5762, 1.1204, 1.8555, 1.9024, 2.7017, 2.3962, 
2.1908, 2.9657, 3.9, 678.4, 734.7, 807.2, 935, 976.5, 1003.2, 
1065, 1134.1, 1195.7, 1337.8, 1398.1, 2414, 1666, 1198, 295, 
1299, 49, 2068, 1578, 949, 1048, 351, 1, 1, 1, 1, 1, 1, 1, 1, 
2, 1, 1, 100, 100, 100, 100, 100, 100, 100, 100, 100, 100, 100, 
2500, 2500, 2500, 2500, 2500, 2500, 2500, 2500, 2500, 2500, 2500, 
43718.723, 47372.117, 59289.922, 65854.537, 80449.001, 86736.714, 
105139.277, 114034.852, 126438.234, 155019.54, 167666.473, 1, 
1, 1, 1, 1, 1, 1, 1, 1, 1, 1, 0.03846, 0.03846, 0.03846, 0.03846, 
0.03846, 0.03846, 0.03846, 0.03846, 0.03846, 0.03846, 0.03846, 
0, 0, 0, 0, 0, 0, 0, 0, 0, 0, 0, 0, 0, 0, 0, 0, 0, 0, 0, 0, 0, 
0, 0.70205, 0.6976, 0.70161, 0.70171, 0.70389, 0.70525, 0.70646, 
0.70362, 0.70318, 0.70399, 0.70449, 0.70715, 0.69892, 0.70524, 
0.70282, 0.70597, 0.70281, 0.70418, 0.70534, 0.70398, 0.704, 
0.70267, 0.5531, 0.6334, 0.7415, 0.8891, 0.9931, 1.1376, 1.2769, 
1.4266, 1.6013, 1.7414, 1.9799, 786, 853.3, 918.4, 1005.6, 1078.1, 
1144.3, 1215.8, 1275.5, 1345.5, 1429.3, 1504.5, 1, 1, 1, 1, 1, 
1, 1, 1, 1, 1, 1, 1, 1, 1, 1, 1, 1, 1, 1, 1, 1, 1, 1, 1, 1, 1, 
1, 1, 1, 1, 1, 1, 1, 1, 1, 1, 1, 1, 1, 1, 1, 1, 1, 1, 9.279, 
9.671, 10.869, 12.697, 13.588, 15.417, 16.509, 18.171, 19.936, 
21.82, 24.081), .Dim = c(11L, 40L), .Dimnames = list(NULL, c("Sampling", 
"PSO.cost", "PSO.gamma", "PSO.data.balancing", "PSO.feature.selection", 
"PSO.valid.acc", "PSO.test.acc", "PSO.train.time", "PSO.n.support.vectors", 
"PSO.index", "PSO.n.solutions", "PSO.generations", "PSO.n.evaluations", 
"PSO.cpu.time", "RS.cost", "RS.gamma", "RS.data.balancing", "RS.feature.selection", 
"RS.valid.acc", "RS.test.acc", "RS.train.time", "RS.n.support.vectors", 
"RS.index", "RS.n.solutions", "RS.generations", "RS.n.evaluations", 
"RS.cpu.time", "DF.cost", "DF.gamma", "DF.data.balancing", "DF.feature.selection", 
"DF.valid.acc", "DF.test.acc", "DF.train.time", "DF.n.support.vectors", 
"DF.index", "DF.n.solutions", "DF.generations", "DF.n.evaluations", 
"DF.cpu.time")))
