full <-
structure(c(50, 55, 60, 65, 70, 75, 80, 85, 90, 95, 100, 1.20861, 
10.32059, 4.39989, 2.01809, 13.90236, 14.99926, 12.3415, 14.11359, 
12.86574, 11.55421, 6.10386, -2.22268, -10.86801, -5.1828, -6.28005, 
-14.73502, -14.87404, -10.51805, -13.86947, -10.15104, -12.1088, 
-6.78978, 0, 0, 0, 0, 0, 0, 0, 0, 0, 0, 0, 0, 0, 0, 0, 0, 0, 
0, 0, 0, 0, 0, 0.72827, 0.72258, 0.72766, 0.71566, 0.71476, 0.71441, 
0.7096, 0.70926, 0.71009, 0.71123, 0.7121, 0.72169, 0.71929, 
0.72222, 0.71006, 0.70805, 0.7067, 0.69918, 0.70326, 0.70684, 
0.70817, 0.70846, 0.5855, 1.165, 0.7483, 0.8855, 1.6668, 2.003, 
4.3809, 2.7905, 7.4393, 4.1027, 2.4504, 800, 760, 827, 967.5, 
952.8, 1013.4, 1091.4, 1168.5, 1214.8, 1306, 1361.2, 531, 1253, 
2090, 2475, 2005, 676, 2090, 2500, 1402, 2437, 797, 207, 34, 
68, 1, 2, 2, 1, 1, 2, 22, 61, 100, 100, 100, 100, 100, 100, 100, 
100, 100, 100, 100, 2500, 2500, 2500, 2500, 2500, 2500, 2500, 
2500, 2500, 2500, 2500, 23264.844, 38738.122, 28510.006, 40148.567, 
55289.066, 73377.6200000001, 136367.483, 93864.679, 166672.548, 
119619.355, 133891.541, 1.15822, 9.90558, 4.83217, 2.12015, 2.36382, 
11.73385, 13.05059, 12.79092, 13.69863, 11.46679, 5.96398, -2.70703, 
-10.60046, -5.36504, -6.46855, -6.4128, -9.53444, -10.98837, 
-10.98216, -10.38267, -12.16711, -6.69468, 0, 0, 0, 0, 0, 0, 
0, 0, 0, 0, 0, 0, 0, 0, 0, 0, 0, 0, 0, 0, 0, 0, 0.72681, 0.72258, 
0.72463, 0.71565, 0.71426, 0.71441, 0.70914, 0.70797, 0.70808, 
0.71047, 0.71173, 0.72166, 0.71863, 0.7198, 0.71062, 0.70962, 
0.70377, 0.70235, 0.70668, 0.70727, 0.71009, 0.70846, 0.5496, 
1.1368, 0.7809, 0.8808, 1.0296, 3.5439, 4.6874, 5.1291, 8.9088, 
3.9845, 2.4651, 773.6, 759.7, 824.4, 970.1, 1025.1, 1012.4, 1090.9, 
1169.1, 1209.4, 1308.1, 1359.8, 731, 423, 1027, 2038, 432, 1174, 
2181, 2102, 2224, 2419, 1590, 1, 1, 1, 1, 1, 2, 1, 1, 1, 1, 1, 
100, 100, 100, 100, 100, 100, 100, 100, 100, 100, 100, 2500, 
2500, 2500, 2500, 2500, 2500, 2500, 2500, 2500, 2500, 2500, 36616.044, 
44798.103, 56549.638, 70067.377, 80621.704, 93116.323, 109003.587, 
117616.482, 124716.558, 145549.286, 158949.075, 1, 1, 1, 1, 1, 
1, 1, 1, 1, 1, 1, 0.03846, 0.03846, 0.03846, 0.03846, 0.03846, 
0.03846, 0.03846, 0.03846, 0.03846, 0.03846, 0.03846, 0, 0, 0, 
0, 0, 0, 0, 0, 0, 0, 0, 0, 0, 0, 0, 0, 0, 0, 0, 0, 0, 0, 0.71295, 
0.71134, 0.71066, 0.70671, 0.71119, 0.70523, 0.70098, 0.702, 
0.69999, 0.70437, 0.70046, 0.70929, 0.7107, 0.71307, 0.71007, 
0.70701, 0.70085, 0.69962, 0.69944, 0.70201, 0.70284, 0.69901, 
0.5121, 0.6116, 0.7223, 0.8928, 1.0147, 1.1593, 1.3115, 1.435, 
1.5606, 1.7269, 1.903, 774.6, 842.1, 916.7, 1005.7, 1072.4, 1143.3, 
1224.5, 1297.7, 1362.9, 1429.4, 1503.8, 1, 1, 1, 1, 1, 1, 1, 
1, 1, 1, 1, 1, 1, 1, 1, 1, 1, 1, 1, 1, 1, 1, 1, 1, 1, 1, 1, 1, 
1, 1, 1, 1, 1, 1, 1, 1, 1, 1, 1, 1, 1, 1, 1, 1, 8.359, 9.266, 
10.672, 13.382, 14.963, 15.267, 18.271, 18.54, 19.308, 21.892, 
23.855), .Dim = c(11L, 40L), .Dimnames = list(NULL, c("Sampling", 
"PSO.cost", "PSO.gamma", "PSO.data.balancing", "PSO.feature.selection", 
"PSO.valid.acc", "PSO.test.acc", "PSO.train.time", "PSO.n.support.vectors", 
"PSO.index", "PSO.n.solutions", "PSO.generations", "PSO.n.evaluations", 
"PSO.cpu.time", "RS.cost", "RS.gamma", "RS.data.balancing", "RS.feature.selection", 
"RS.valid.acc", "RS.test.acc", "RS.train.time", "RS.n.support.vectors", 
"RS.index", "RS.n.solutions", "RS.generations", "RS.n.evaluations", 
"RS.cpu.time", "DF.cost", "DF.gamma", "DF.data.balancing", "DF.feature.selection", 
"DF.valid.acc", "DF.test.acc", "DF.train.time", "DF.n.support.vectors", 
"DF.index", "DF.n.solutions", "DF.generations", "DF.n.evaluations", 
"DF.cpu.time")))
