full <-
structure(c(50, 55, 60, 65, 70, 75, 80, 85, 90, 95, 100, 9.48034, 
8.17174, 14.92484, 15, 10.18367, 10.97883, 9.18938, 7.97786, 
15, 14.30183, 5.21677, -11.83555, -9.47752, -13.22436, -14.98743, 
-12.00517, -11.58717, -10.93658, -9.35491, -14.9987, -11.67124, 
-6.60771, 0, 0, 0, 0, 0, 0, 0, 0, 0, 0, 0, 0, 0, 0, 0, 0, 0, 
0, 0, 0, 0, 0, 0.69913, 0.70478, 0.71245, 0.71231, 0.69968, 0.71105, 
0.70784, 0.71437, 0.71209, 0.71422, 0.71141, 0.6969, 0.6995, 
0.70453, 0.70726, 0.70176, 0.70039, 0.70146, 0.70457, 0.70564, 
0.71041, 0.70268, 0.7646, 0.9271, 1.8917, 1.4223, 1.7067, 2.5899, 
2.0672, 2.1531, 2.5495, 6.9658, 2.2078, 774.9, 805.6, 823.7, 
878.4, 1024.8, 1056.6, 1150, 1193.8, 1214.3, 1284.2, 1373.5, 
269, 1052, 782, 1082, 828, 1825, 1478, 1125, 149, 555, 1833, 
93, 45, 5, 2, 34, 1, 46, 117, 35, 1, 49, 100, 100, 100, 100, 
100, 100, 100, 100, 100, 100, 100, 2500, 2500, 2500, 2500, 2500, 
2500, 2500, 2500, 2500, 2500, 2500, 29703.817, 47089.847, 60745.456, 
46555.141, 50831.552, 73975.735, 70627.2339999999, 65827.822, 
76753.274, 167113.102, 95866.0870000001, 10.11942, 6.127, 13.31154, 
12.02942, 12.39727, 10.64907, 11.9636, 8.16644, 12.88989, 10.81691, 
4.82897, -12.4397, -6.76669, -12.26952, -13.38307, -13.89312, 
-11.69391, -12.78171, -9.70754, -13.71363, -9.68351, -6.47203, 
0, 0, 0, 0, 0, 0, 0, 0, 0, 0, 0, 0, 0, 0, 0, 0, 0, 0, 0, 0, 0, 
0, 0.69842, 0.70409, 0.70942, 0.71062, 0.69916, 0.7096, 0.70738, 
0.71309, 0.71088, 0.71346, 0.71068, 0.69762, 0.69881, 0.70332, 
0.71172, 0.70384, 0.70038, 0.701, 0.70456, 0.70403, 0.70851, 
0.70414, 0.8364, 0.8226, 2.0743, 1.5993, 1.6832, 2.3628, 2.5727, 
2.1519, 2.8574, 5.3402, 2.1805, 769.1, 790, 832.6, 910.5, 987.9, 
1068, 1111.7, 1202.1, 1238.4, 1294.8, 1377.1, 1367, 901, 2420, 
446, 2258, 336, 364, 604, 2493, 2480, 2315, 1, 1, 1, 1, 2, 3, 
1, 1, 1, 2, 1, 100, 100, 100, 100, 100, 100, 100, 100, 100, 100, 
100, 2500, 2500, 2500, 2500, 2500, 2500, 2500, 2500, 2500, 2500, 
2500, 44776.027, 50801.32, 62729.779, 77572.51, 87240.6930000001, 
92638.867, 104597.784, 124903.082, 130970.341, 155243.546, 164280.544, 
1, 1, 1, 1, 1, 1, 1, 1, 1, 1, 1, 0.03846, 0.03846, 0.03846, 0.03846, 
0.03846, 0.03846, 0.03846, 0.03846, 0.03846, 0.03846, 0.03846, 
0, 0, 0, 0, 0, 0, 0, 0, 0, 0, 0, 0, 0, 0, 0, 0, 0, 0, 0, 0, 0, 
0, 0.6832, 0.69216, 0.69846, 0.69723, 0.69189, 0.68734, 0.69737, 
0.69772, 0.70081, 0.70508, 0.69871, 0.68247, 0.68756, 0.69662, 
0.69275, 0.68984, 0.69361, 0.69873, 0.699, 0.7016, 0.70241, 0.70198, 
0.5699, 0.6508, 0.7601, 0.9053, 1.0147, 1.1234, 1.2834, 1.4204, 
1.5726, 1.7316, 1.9084, 814.4, 889.2, 955.2, 1016.8, 1096, 1160.8, 
1227.9, 1287.9, 1364, 1434.8, 1503.8, 1, 1, 1, 1, 1, 1, 1, 1, 
1, 1, 1, 1, 1, 1, 1, 1, 1, 1, 1, 1, 1, 1, 1, 1, 1, 1, 1, 1, 1, 
1, 1, 1, 1, 1, 1, 1, 1, 1, 1, 1, 1, 1, 1, 1, 8.869, 9.472, 10.654, 
13.185, 14.23, 15.271, 16.395, 17.877, 19.431, 20.974, 23.744
), .Dim = c(11L, 40L), .Dimnames = list(NULL, c("Sampling", "PSO.cost", 
"PSO.gamma", "PSO.data.balancing", "PSO.feature.selection", "PSO.valid.acc", 
"PSO.test.acc", "PSO.train.time", "PSO.n.support.vectors", "PSO.index", 
"PSO.n.solutions", "PSO.generations", "PSO.n.evaluations", "PSO.cpu.time", 
"RS.cost", "RS.gamma", "RS.data.balancing", "RS.feature.selection", 
"RS.valid.acc", "RS.test.acc", "RS.train.time", "RS.n.support.vectors", 
"RS.index", "RS.n.solutions", "RS.generations", "RS.n.evaluations", 
"RS.cpu.time", "DF.cost", "DF.gamma", "DF.data.balancing", "DF.feature.selection", 
"DF.valid.acc", "DF.test.acc", "DF.train.time", "DF.n.support.vectors", 
"DF.index", "DF.n.solutions", "DF.generations", "DF.n.evaluations", 
"DF.cpu.time")))
