full <-
structure(c(50, 55, 60, 65, 70, 75, 80, 85, 90, 95, 100, 11.92067, 
2.87549, 4.60093, 8.05318, 8.5722, 7.08812, 5.44675, 10.97876, 
6.5733, 4.73954, 14.56359, -14.92604, -6.5029, -6.35858, -9.0152, 
-9.7223, -9.26528, -7.45521, -9.10927, -9.33745, -6.16292, -12.69758, 
0, 0, 0, 0, 0, 0, 0, 0, 0, 0, 0, 0, 0, 0, 0, 0, 0, 0, 0, 0, 0, 
0, 0.7101, 0.71522, 0.71858, 0.71568, 0.71942, 0.71439, 0.7105, 
0.7062, 0.71127, 0.71353, 0.71429, 0.7072, 0.70863, 0.71256, 
0.71681, 0.71008, 0.70859, 0.70689, 0.69769, 0.70845, 0.70819, 
0.71101, 0.7486, 0.6002, 0.6865, 1.0895, 1.3444, 1.3139, 1.3723, 
3.6057, 1.7535, 1.8224, 5.1552, 734.1, 811, 821.3, 894.8, 984.1, 
1068.8, 1113.2, 1155.9, 1293.4, 1308.8, 1341.4, 1356, 1675, 601, 
1500, 912, 1310, 2254, 1251, 944, 982, 1830, 7, 5, 283, 125, 
152, 72, 3, 33, 256, 12, 4, 100, 100, 100, 100, 100, 100, 100, 
100, 100, 100, 100, 2500, 2500, 2500, 2500, 2500, 2500, 2500, 
2500, 2500, 2500, 2500, 28601.119, 23057.319, 26262.068, 36502.463, 
42884.329, 60077.882, 56694.588, 98960.796, 64919.426, 94063.753, 
154184.771, 3.223, 3.07356, 4.18765, 8.01195, 8.51142, 6.29001, 
5.41539, 7.71337, 6.81357, 11.46064, 2.83366, -5.01183, -6.79982, 
-6.14934, -8.99808, -9.62009, -8.79995, -7.38541, -8.24159, -9.31807, 
-10.3391, -5.11843, 0, 0, 0, 0, 0, 0, 0, 0, 0, 0, 0, 0, 0, 0, 
0, 0, 0, 0, 0, 0, 0, 0, 0.70938, 0.71258, 0.71676, 0.71568, 0.71735, 
0.71391, 0.71006, 0.70619, 0.70966, 0.71315, 0.71392, 0.69994, 
0.70931, 0.71196, 0.71625, 0.7106, 0.70762, 0.70734, 0.70065, 
0.70764, 0.70972, 0.70919, 0.5005, 0.608, 0.697, 1.0712, 1.2839, 
1.2615, 1.338, 1.9782, 1.8301, 5.3021, 1.9052, 725.6, 812.7, 
825.8, 894.2, 983.1, 1069.9, 1110.9, 1175.3, 1286.5, 1296.6, 
1404.4, 746, 696, 43, 1223, 588, 87, 1518, 3, 2395, 1797, 295, 
1, 1, 1, 2, 1, 1, 1, 1, 1, 1, 1, 100, 100, 100, 100, 100, 100, 
100, 100, 100, 100, 100, 2500, 2500, 2500, 2500, 2500, 2500, 
2500, 2500, 2500, 2500, 2500, 40096.496, 46811.429, 56545.938, 
63683.592, 72102.185, 86236.505, 96510.3640000001, 115766.283, 
132158.05, 136624.338, 144135.65, 1, 1, 1, 1, 1, 1, 1, 1, 1, 
1, 1, 0.03846, 0.03846, 0.03846, 0.03846, 0.03846, 0.03846, 0.03846, 
0.03846, 0.03846, 0.03846, 0.03846, 0, 0, 0, 0, 0, 0, 0, 0, 0, 
0, 0, 0, 0, 0, 0, 0, 0, 0, 0, 0, 0, 0, 0.692, 0.70003, 0.70227, 
0.70172, 0.69506, 0.69796, 0.70415, 0.69683, 0.69593, 0.70019, 
0.70375, 0.69638, 0.70006, 0.69926, 0.69834, 0.69869, 0.69848, 
0.69962, 0.6981, 0.69876, 0.70172, 0.70301, 0.4932, 0.5979, 0.6854, 
0.8034, 0.9207, 1.0684, 1.1656, 1.2968, 1.4339, 1.6234, 1.8058, 
799.5, 860.2, 919, 999.5, 1077.7, 1149.4, 1214.5, 1296.6, 1351.6, 
1438.1, 1503.9, 1, 1, 1, 1, 1, 1, 1, 1, 1, 1, 1, 1, 1, 1, 1, 
1, 1, 1, 1, 1, 1, 1, 1, 1, 1, 1, 1, 1, 1, 1, 1, 1, 1, 1, 1, 1, 
1, 1, 1, 1, 1, 1, 1, 1, 7.666, 8.84, 9.787, 11.077, 12.054, 13.853, 
15.189, 16.443, 17.878, 19.592, 21.932), .Dim = c(11L, 40L), .Dimnames = list(
    NULL, c("Sampling", "PSO.cost", "PSO.gamma", "PSO.data.balancing", 
    "PSO.feature.selection", "PSO.valid.acc", "PSO.test.acc", 
    "PSO.train.time", "PSO.n.support.vectors", "PSO.index", "PSO.n.solutions", 
    "PSO.generations", "PSO.n.evaluations", "PSO.cpu.time", "RS.cost", 
    "RS.gamma", "RS.data.balancing", "RS.feature.selection", 
    "RS.valid.acc", "RS.test.acc", "RS.train.time", "RS.n.support.vectors", 
    "RS.index", "RS.n.solutions", "RS.generations", "RS.n.evaluations", 
    "RS.cpu.time", "DF.cost", "DF.gamma", "DF.data.balancing", 
    "DF.feature.selection", "DF.valid.acc", "DF.test.acc", "DF.train.time", 
    "DF.n.support.vectors", "DF.index", "DF.n.solutions", "DF.generations", 
    "DF.n.evaluations", "DF.cpu.time")))
