full <-
structure(c(50, 55, 60, 65, 70, 75, 80, 85, 90, 95, 100, 10.59213, 
15, 13.79917, 15, 15, 12.05004, 13.60969, 5.53172, 4.87174, 14.62898, 
10.68666, -9.7541, -10.8621, -14.34298, -13.16743, -11.29201, 
-13.15738, -11.70815, -4.90337, -5.67724, -12.25813, -9.8057, 
0, 0, 0, 0, 0, 0, 0, 0, 0, 0, 0, 0, 0, 0, 0, 0, 0, 0, 0, 0, 0, 
0, 0.71218, 0.7259, 0.72819, 0.72351, 0.7184, 0.71826, 0.71824, 
0.71865, 0.71169, 0.71276, 0.71429, 0.69764, 0.71537, 0.71669, 
0.71682, 0.7179, 0.71777, 0.71822, 0.71013, 0.70403, 0.71008, 
0.71028, 1.1781, 4.9842, 1.4091, 2.433, 4.9776, 2.1205, 4.4064, 
1.8287, 1.8563, 5.3626, 5.4366, 686.1, 726.1, 794.9, 859.7, 926.4, 
1028.2, 1080.2, 1174.9, 1236.7, 1275.3, 1357.6, 889, 1500, 2361, 
1361, 1997, 2480, 1262, 2040, 1233, 2379, 1564, 49, 1, 25, 1, 
2, 1, 5, 7, 21, 3, 2, 100, 100, 100, 100, 100, 100, 100, 100, 
100, 100, 100, 2500, 2500, 2500, 2500, 2500, 2500, 2500, 2500, 
2500, 2500, 2500, 42405.632, 107490.657, 47561.673, 66210.434, 
117923.525, 79313.6730000001, 124550.726, 78221.4890000001, 164750.148, 
143865.882, 162886.658, 9.47051, 14.93977, 14.95796, 14.66693, 
6.08807, 3.30885, 2.56221, 4.95692, 4.40109, 14.91543, 11.36859, 
-9.8068, -10.82813, -14.86485, -12.86582, -6.34754, -3.54907, 
-3.25313, -5.08538, -5.48276, -12.45532, -10.15919, 0, 0, 0, 
0, 0, 0, 0, 0, 0, 0, 0, 0, 0, 0, 0, 0, 0, 0, 0, 0, 0, 0, 0.71, 
0.7226, 0.72577, 0.72185, 0.7184, 0.71828, 0.71868, 0.71525, 
0.71089, 0.71123, 0.7132, 0.70348, 0.71469, 0.71909, 0.71904, 
0.71476, 0.71003, 0.71325, 0.71355, 0.70322, 0.70818, 0.70992, 
0.974, 4.8648, 1.3885, 2.6365, 1.1978, 1.1628, 1.347, 1.7207, 
1.7439, 5.7161, 6.3253, 699.6, 726.1, 785.3, 861.2, 950.6, 1076.4, 
1171.6, 1170.8, 1242.7, 1271.5, 1358, 136, 1980, 544, 200, 921, 
2093, 1370, 479, 2340, 2267, 1184, 2, 1, 4, 1, 1, 1, 1, 4, 1, 
1, 1, 100, 100, 100, 100, 100, 100, 100, 100, 100, 100, 100, 
2500, 2500, 2500, 2500, 2500, 2500, 2500, 2500, 2500, 2500, 2500, 
40289.43, 52893.587, 61674.125, 68068.044, 82815.2070000001, 
93999.21, 115267.346, 129574.739, 133343.097, 149743.708, 161403.952, 
1, 1, 1, 1, 1, 1, 1, 1, 1, 1, 1, 0.03846, 0.03846, 0.03846, 0.03846, 
0.03846, 0.03846, 0.03846, 0.03846, 0.03846, 0.03846, 0.03846, 
0, 0, 0, 0, 0, 0, 0, 0, 0, 0, 0, 0, 0, 0, 0, 0, 0, 0, 0, 0, 0, 
0, 0.69104, 0.70283, 0.70514, 0.70003, 0.70129, 0.70468, 0.70146, 
0.70625, 0.6996, 0.70171, 0.70155, 0.6947, 0.70614, 0.70271, 
0.69949, 0.70337, 0.70227, 0.70054, 0.70369, 0.7, 0.69675, 0.69902, 
0.5407, 0.6455, 0.7587, 0.8492, 0.992, 1.0854, 1.2928, 1.4437, 
1.5196, 1.7219, 1.9372, 786.3, 849.5, 916.6, 997.3, 1072.5, 1131.2, 
1215.8, 1282.4, 1360.9, 1435.6, 1508.5, 1, 1, 1, 1, 1, 1, 1, 
1, 1, 1, 1, 1, 1, 1, 1, 1, 1, 1, 1, 1, 1, 1, 1, 1, 1, 1, 1, 1, 
1, 1, 1, 1, 1, 1, 1, 1, 1, 1, 1, 1, 1, 1, 1, 1, 8.436, 10.694, 
11.119, 11.88, 13.506, 14.566, 18.655, 19.393, 19.061, 21.222, 
23.543), .Dim = c(11L, 40L), .Dimnames = list(NULL, c("Sampling", 
"PSO.cost", "PSO.gamma", "PSO.data.balancing", "PSO.feature.selection", 
"PSO.valid.acc", "PSO.test.acc", "PSO.train.time", "PSO.n.support.vectors", 
"PSO.index", "PSO.n.solutions", "PSO.generations", "PSO.n.evaluations", 
"PSO.cpu.time", "RS.cost", "RS.gamma", "RS.data.balancing", "RS.feature.selection", 
"RS.valid.acc", "RS.test.acc", "RS.train.time", "RS.n.support.vectors", 
"RS.index", "RS.n.solutions", "RS.generations", "RS.n.evaluations", 
"RS.cpu.time", "DF.cost", "DF.gamma", "DF.data.balancing", "DF.feature.selection", 
"DF.valid.acc", "DF.test.acc", "DF.train.time", "DF.n.support.vectors", 
"DF.index", "DF.n.solutions", "DF.generations", "DF.n.evaluations", 
"DF.cpu.time")))
