full <-
structure(c(50, 55, 60, 65, 70, 75, 80, 85, 90, 95, 100, 8.94443, 
10.81949, 10.71538, 11.69847, 4.47761, 3.91199, 10.55263, 14.64294, 
7.77749, 11.55669, 6.61378, -10.5152, -10.12741, -9.92627, -11.12141, 
-6.7002, -6.28315, -9.39418, -14.87467, -7.43399, -10.42216, 
-8.59464, 0, 0, 0, 0, 0, 0, 0, 0, 0, 0, 0, 0, 0, 0, 0, 0, 0, 
0, 0, 0, 0, 0, 0.7173, 0.71539, 0.71799, 0.71847, 0.71673, 0.71157, 
0.71055, 0.7075, 0.71171, 0.71008, 0.711, 0.71077, 0.7081, 0.71436, 
0.71683, 0.71156, 0.70091, 0.70692, 0.70322, 0.70362, 0.70701, 
0.70809, 0.7179, 1.6044, 1.8535, 2.6947, 1.0883, 1.2448, 3.6255, 
2.4224, 2.5267, 5.9118, 2.5213, 708.5, 763.2, 823.6, 890.8, 985, 
1060.4, 1087.3, 1148.5, 1222.9, 1290.1, 1409.6, 2366, 433, 529, 
1973, 2162, 779, 124, 1157, 457, 2305, 1379, 2, 55, 31, 3, 9, 
222, 1, 3, 39, 16, 14, 100, 100, 100, 100, 100, 100, 100, 100, 
100, 100, 100, 2500, 2500, 2500, 2500, 2500, 2500, 2500, 2500, 
2500, 2500, 2500, 26576.198, 48961.99, 68253.838, 71902.19, 90749.889, 
48423.874, 112520.768, 81306.064, 191290.275, 157241.637, 121822.791, 
1.47236, 10.36197, 10.50944, 11.98609, 5.30266, 3.91546, 11.57523, 
14.10421, 6.94343, 10.39203, 7.19219, -4.03062, -9.89843, -9.99264, 
-11.32141, -7.18249, -6.70808, -10.03965, -14.66057, -7.0346, 
-9.83493, -8.76888, 0, 0, 0, 0, 0, 0, 0, 0, 0, 0, 0, 0, 0, 0, 
0, 0, 0, 0, 0, 0, 0, 0, 0.71583, 0.71407, 0.71738, 0.71791, 0.71621, 
0.7106, 0.70919, 0.70623, 0.71211, 0.70932, 0.711, 0.71075, 0.71008, 
0.71557, 0.71627, 0.71207, 0.70526, 0.70647, 0.7028, 0.70523, 
0.70663, 0.70954, 0.5221, 1.4948, 1.9169, 2.642, 1.1728, 1.2451, 
4.3726, 2.3984, 2.2179, 4.656, 2.72, 738.3, 764.1, 825.4, 887.6, 
979.7, 1071.7, 1084, 1152.1, 1225.4, 1295.5, 1402, 1789, 658, 
2240, 1518, 256, 2394, 1548, 400, 634, 1060, 290, 1, 1, 1, 1, 
1, 1, 2, 1, 1, 1, 1, 100, 100, 100, 100, 100, 100, 100, 100, 
100, 100, 100, 2500, 2500, 2500, 2500, 2500, 2500, 2500, 2500, 
2500, 2500, 2500, 39887.877, 52414.219, 60555.916, 77438.539, 
86007.589, 93504.4, 107557.983, 116923.417, 132291.756, 150613.55, 
167414.425, 1, 1, 1, 1, 1, 1, 1, 1, 1, 1, 1, 0.03846, 0.03846, 
0.03846, 0.03846, 0.03846, 0.03846, 0.03846, 0.03846, 0.03846, 
0.03846, 0.03846, 0, 0, 0, 0, 0, 0, 0, 0, 0, 0, 0, 0, 0, 0, 0, 
0, 0, 0, 0, 0, 0, 0, 0.70569, 0.69956, 0.70225, 0.70119, 0.69911, 
0.69558, 0.69603, 0.6981, 0.6976, 0.69787, 0.70482, 0.70133, 
0.70089, 0.70102, 0.70063, 0.69964, 0.69705, 0.69602, 0.69981, 
0.69959, 0.6994, 0.70046, 0.52, 0.6506, 0.7453, 0.9118, 1.0045, 
1.1337, 1.3003, 1.4443, 1.5618, 1.7594, 1.906, 783.7, 867.1, 
932, 1009.4, 1079.6, 1150.2, 1222.5, 1299.9, 1365, 1429.7, 1509.1, 
1, 1, 1, 1, 1, 1, 1, 1, 1, 1, 1, 1, 1, 1, 1, 1, 1, 1, 1, 1, 1, 
1, 1, 1, 1, 1, 1, 1, 1, 1, 1, 1, 1, 1, 1, 1, 1, 1, 1, 1, 1, 1, 
1, 1, 8.084, 10.518, 11.342, 13.484, 14.243, 14.791, 17.467, 
18.232, 19.096, 21.51, 22.981), .Dim = c(11L, 40L), .Dimnames = list(
    NULL, c("Sampling", "PSO.cost", "PSO.gamma", "PSO.data.balancing", 
    "PSO.feature.selection", "PSO.valid.acc", "PSO.test.acc", 
    "PSO.train.time", "PSO.n.support.vectors", "PSO.index", "PSO.n.solutions", 
    "PSO.generations", "PSO.n.evaluations", "PSO.cpu.time", "RS.cost", 
    "RS.gamma", "RS.data.balancing", "RS.feature.selection", 
    "RS.valid.acc", "RS.test.acc", "RS.train.time", "RS.n.support.vectors", 
    "RS.index", "RS.n.solutions", "RS.generations", "RS.n.evaluations", 
    "RS.cpu.time", "DF.cost", "DF.gamma", "DF.data.balancing", 
    "DF.feature.selection", "DF.valid.acc", "DF.test.acc", "DF.train.time", 
    "DF.n.support.vectors", "DF.index", "DF.n.solutions", "DF.generations", 
    "DF.n.evaluations", "DF.cpu.time")))
