full <-
structure(c(50, 55, 60, 65, 70, 75, 80, 85, 90, 95, 100, 4.60997, 
14.78382, 6.99949, 15, 9.68927, 15, 5.69477, 14.9612, 8.96437, 
12.68307, 8.60396, -4.71492, -13.67247, -9.20325, -14.4979, -11.72701, 
-13.1286, -8.13159, -12.30454, -8.47384, -12.71983, -10.40719, 
0, 0, 0, 0, 0, 0, 0, 0, 0, 0, 0, 0, 0, 0, 0, 0, 0, 0, 0, 0, 0, 
0, 0.7087, 0.71542, 0.7112, 0.71228, 0.71058, 0.71153, 0.70782, 
0.71049, 0.70804, 0.71359, 0.71106, 0.6942, 0.7035, 0.70515, 
0.70891, 0.70541, 0.70425, 0.7051, 0.70965, 0.70037, 0.70711, 
0.70598, 0.5078, 1.3848, 0.8738, 1.444, 1.4242, 2.5662, 1.3764, 
4.257, 2.7452, 3.659, 2.9425, 721.1, 739.3, 856.2, 869.9, 1015.9, 
1014.5, 1146.6, 1148.3, 1233, 1307.1, 1440.4, 840, 2325, 995, 
1505, 1272, 2213, 342, 1408, 2212, 1585, 955, 193, 4, 6, 1, 18, 
1, 54, 6, 1, 5, 235, 100, 100, 100, 100, 100, 100, 100, 100, 
100, 100, 100, 2500, 2500, 2500, 2500, 2500, 2500, 2500, 2500, 
2500, 2500, 2500, 20807.974, 43044.052, 34481.21, 49097.816, 
45163.396, 79675.049, 96294.611, 125018.425, 102016.711, 105650.168, 
100979.964, 4.63647, 14.21902, 7.02732, 12.43609, 3.89101, 14.57597, 
5.66723, 12.66881, 9.56994, 12.76138, 8.15546, -4.68303, -13.27073, 
-9.24797, -11.26044, -5.43702, -12.61857, -8.10545, -10.99098, 
-8.72232, -12.47909, -10.34024, 0, 0, 0, 0, 0, 0, 0, 0, 0, 0, 
0, 0, 0, 0, 0, 0, 0, 0, 0, 0, 0, 0, 0.70654, 0.71277, 0.7106, 
0.71116, 0.70955, 0.71006, 0.70737, 0.70963, 0.70683, 0.71281, 
0.70961, 0.6942, 0.70547, 0.70455, 0.70556, 0.70334, 0.70522, 
0.70555, 0.71008, 0.69956, 0.70749, 0.7078, 0.5191, 1.3126, 0.8906, 
2.3177, 0.961, 3.0689, 1.4044, 4.9403, 3.1492, 3.9258, 2.6515, 
720.9, 743.6, 856.4, 884.7, 987.2, 1018.7, 1143.5, 1158.1, 1231.6, 
1304.5, 1455.1, 2024, 703, 1018, 1754, 365, 763, 1974, 172, 1778, 
99, 1060, 1, 1, 1, 1, 2, 2, 1, 1, 1, 2, 3, 100, 100, 100, 100, 
100, 100, 100, 100, 100, 100, 100, 2500, 2500, 2500, 2500, 2500, 
2500, 2500, 2500, 2500, 2500, 2500, 41273.155, 46652.072, 55968.025, 
62843.236, 68540.746, 83573.853, 97958.166, 112559.687, 124180.506, 
138085.648, 158231.006, 1, 1, 1, 1, 1, 1, 1, 1, 1, 1, 1, 0.03846, 
0.03846, 0.03846, 0.03846, 0.03846, 0.03846, 0.03846, 0.03846, 
0.03846, 0.03846, 0.03846, 0, 0, 0, 0, 0, 0, 0, 0, 0, 0, 0, 0, 
0, 0, 0, 0, 0, 0, 0, 0, 0, 0, 0.68834, 0.70478, 0.70091, 0.70336, 
0.70174, 0.69797, 0.69694, 0.69426, 0.69272, 0.70059, 0.70341, 
0.68763, 0.70673, 0.69611, 0.69551, 0.70071, 0.69651, 0.69694, 
0.69384, 0.69594, 0.69868, 0.70232, 0.4995, 0.5682, 0.6605, 0.79, 
0.902, 1.0197, 1.1797, 1.3219, 1.4697, 1.6451, 1.7634, 800.7, 
865.5, 934.5, 1004, 1079, 1159, 1227.7, 1298.7, 1373.1, 1443.7, 
1500.7, 1, 1, 1, 1, 1, 1, 1, 1, 1, 1, 1, 1, 1, 1, 1, 1, 1, 1, 
1, 1, 1, 1, 1, 1, 1, 1, 1, 1, 1, 1, 1, 1, 1, 1, 1, 1, 1, 1, 1, 
1, 1, 1, 1, 1, 7.646, 8.507, 9.59, 10.884, 12.021, 13.274, 14.988, 
16.598, 18.125, 20.028, 21.137), .Dim = c(11L, 40L), .Dimnames = list(
    NULL, c("Sampling", "PSO.cost", "PSO.gamma", "PSO.data.balancing", 
    "PSO.feature.selection", "PSO.valid.acc", "PSO.test.acc", 
    "PSO.train.time", "PSO.n.support.vectors", "PSO.index", "PSO.n.solutions", 
    "PSO.generations", "PSO.n.evaluations", "PSO.cpu.time", "RS.cost", 
    "RS.gamma", "RS.data.balancing", "RS.feature.selection", 
    "RS.valid.acc", "RS.test.acc", "RS.train.time", "RS.n.support.vectors", 
    "RS.index", "RS.n.solutions", "RS.generations", "RS.n.evaluations", 
    "RS.cpu.time", "DF.cost", "DF.gamma", "DF.data.balancing", 
    "DF.feature.selection", "DF.valid.acc", "DF.test.acc", "DF.train.time", 
    "DF.n.support.vectors", "DF.index", "DF.n.solutions", "DF.generations", 
    "DF.n.evaluations", "DF.cpu.time")))
