full <-
structure(c(50, 55, 60, 65, 70, 75, 80, 85, 90, 95, 100, 8.89939, 
13.31306, 14.99989, 13.68089, 3.65578, 15, 8.94379, 10.64947, 
12.08128, 10.39155, 15, -11.2267, -14.70229, -12.45754, -11.71654, 
-6.9397, -11.57297, -10.88118, -9.10746, -12.53406, -10.33728, 
-13.24464, 0, 0, 0, 0, 0, 0, 0, 0, 0, 0, 0, 0, 0, 0, 0, 0, 0, 
0, 0, 0, 0, 0, 0.7246, 0.72326, 0.71371, 0.72123, 0.71118, 0.71056, 
0.71691, 0.70885, 0.71446, 0.71543, 0.71722, 0.71439, 0.71867, 
0.71069, 0.71115, 0.70598, 0.70672, 0.71509, 0.70375, 0.71083, 
0.71046, 0.70995, 0.6975, 0.9964, 2.1414, 2.3854, 1.0636, 4.5714, 
1.8286, 4.3799, 3.3709, 4.5007, 5.0021, 735.1, 759.7, 817.2, 
881.4, 1018.3, 1010.3, 1154.8, 1160.1, 1240.7, 1310.4, 1340.9, 
2051, 374, 1433, 1491, 1042, 1802, 554, 2311, 1552, 1595, 2230, 
9, 445, 1, 4, 133, 1, 63, 1, 8, 3, 1, 100, 100, 100, 100, 100, 
100, 100, 100, 100, 100, 100, 2500, 2500, 2500, 2500, 2500, 2500, 
2500, 2500, 2500, 2500, 2500, 25208.558, 33375.136, 56403.644, 
66484.787, 38884.648, 118185.225, 79092.7980000001, 138411.092, 
95046.477, 132006.911, 140938.08, 7.99125, 12.3782, 12.99586, 
12.5955, 4.33862, 9.56745, 11.09176, 11.12899, 12.66306, 13.70846, 
13.81318, -10.18434, -14.31635, -11.39352, -11.15837, -7.25378, 
-9.38169, -11.86904, -9.15634, -12.73365, -11.42445, -12.71112, 
0, 0, 0, 0, 0, 0, 0, 0, 0, 0, 0, 0, 0, 0, 0, 0, 0, 0, 0, 0, 0, 
0, 0.7224, 0.72194, 0.71189, 0.72067, 0.70962, 0.70859, 0.71601, 
0.70801, 0.71325, 0.71428, 0.71576, 0.71729, 0.71866, 0.71069, 
0.71225, 0.70547, 0.70767, 0.71509, 0.7046, 0.71163, 0.70855, 
0.70957, 0.6577, 1.0275, 1.8951, 2.2537, 1.053, 2.1178, 2.6653, 
4.9307, 3.403, 6.9155, 4.9511, 726.4, 770.7, 827.3, 885.7, 1007.5, 
1032, 1112.6, 1160.3, 1231, 1283.2, 1351, 634, 1529, 2096, 1870, 
174, 520, 1975, 2066, 120, 1591, 1207, 3, 1, 2, 1, 2, 1, 1, 1, 
1, 5, 1, 100, 100, 100, 100, 100, 100, 100, 100, 100, 100, 100, 
2500, 2500, 2500, 2500, 2500, 2500, 2500, 2500, 2500, 2500, 2500, 
37607.855, 49748.06, 55444.635, 67251.733, 77861.294, 91076.1529999999, 
108110.23, 115080.135, 128522.692, 147836.449, 168788.72, 1, 
1, 1, 1, 1, 1, 1, 1, 1, 1, 1, 0.03846, 0.03846, 0.03846, 0.03846, 
0.03846, 0.03846, 0.03846, 0.03846, 0.03846, 0.03846, 0.03846, 
0, 0, 0, 0, 0, 0, 0, 0, 0, 0, 0, 0, 0, 0, 0, 0, 0, 0, 0, 0, 0, 
0, 0.70493, 0.70081, 0.70644, 0.70558, 0.70183, 0.70189, 0.70695, 
0.70542, 0.69876, 0.70397, 0.69902, 0.70634, 0.70213, 0.70343, 
0.70556, 0.69718, 0.70381, 0.70785, 0.70288, 0.70279, 0.70167, 
0.70084, 0.515, 0.6253, 0.7331, 0.863, 0.9631, 1.152, 1.2877, 
1.4494, 1.5891, 1.7364, 1.9395, 780.2, 856.2, 931.9, 995, 1076.3, 
1149.4, 1220.2, 1292.2, 1361.4, 1435.3, 1505.5, 1, 1, 1, 1, 1, 
1, 1, 1, 1, 1, 1, 1, 1, 1, 1, 1, 1, 1, 1, 1, 1, 1, 1, 1, 1, 1, 
1, 1, 1, 1, 1, 1, 1, 1, 1, 1, 1, 1, 1, 1, 1, 1, 1, 1, 8.109, 
10.155, 10.323, 11.777, 12.944, 14.856, 16.325, 18.146, 19.553, 
21.097, 24.108), .Dim = c(11L, 40L), .Dimnames = list(NULL, c("Sampling", 
"PSO.cost", "PSO.gamma", "PSO.data.balancing", "PSO.feature.selection", 
"PSO.valid.acc", "PSO.test.acc", "PSO.train.time", "PSO.n.support.vectors", 
"PSO.index", "PSO.n.solutions", "PSO.generations", "PSO.n.evaluations", 
"PSO.cpu.time", "RS.cost", "RS.gamma", "RS.data.balancing", "RS.feature.selection", 
"RS.valid.acc", "RS.test.acc", "RS.train.time", "RS.n.support.vectors", 
"RS.index", "RS.n.solutions", "RS.generations", "RS.n.evaluations", 
"RS.cpu.time", "DF.cost", "DF.gamma", "DF.data.balancing", "DF.feature.selection", 
"DF.valid.acc", "DF.test.acc", "DF.train.time", "DF.n.support.vectors", 
"DF.index", "DF.n.solutions", "DF.generations", "DF.n.evaluations", 
"DF.cpu.time")))
