full <-
structure(c(50, 55, 60, 65, 70, 75, 80, 85, 90, 95, 100, 14.98383, 
7.09367, 15, 5.06099, 10.89137, 3.50988, 14.62951, 6.83334, 8.00133, 
6.82875, 15, -12.29188, -7.20594, -14.96783, -6.62588, -10.98965, 
-4.68179, -12.8299, -8.74872, -8.84159, -9.13189, -14.75212, 
0, 0, 0, 0, 0, 0, 0, 0, 0, 0, 0, 0, 0, 0, 0, 0, 0, 0, 0, 0, 0, 
0, 0.70559, 0.71015, 0.71066, 0.71568, 0.71683, 0.7077, 0.71278, 
0.71137, 0.71496, 0.71429, 0.71504, 0.70336, 0.69561, 0.70456, 
0.70559, 0.71008, 0.70043, 0.71052, 0.70624, 0.70648, 0.71047, 
0.71467, 1.5442, 0.7783, 1.1501, 0.9914, 2.1575, 1.1881, 3.0288, 
1.8108, 2.4009, 2.1432, 3.3162, 681.8, 758.5, 814.4, 905.8, 957.4, 
1062.4, 1075.4, 1205.6, 1251.1, 1351.5, 1336.8, 1307, 1097, 555, 
1185, 1520, 723, 2346, 1492, 1535, 544, 1140, 3, 181, 16, 12, 
3, 177, 1, 16, 2, 125, 5, 100, 100, 100, 100, 100, 100, 100, 
100, 100, 100, 100, 2500, 2500, 2500, 2500, 2500, 2500, 2500, 
2500, 2500, 2500, 2500, 46812.34, 31314.592, 40127.637, 39264.108, 
68876.75, 62062.1070000001, 92104.351, 67181.0179999999, 83265.209, 
68979.8669999999, 96963.4569999999, 8.749, 7.46934, 14.27533, 
4.83992, 10.24852, 3.40739, 14.12526, 6.57928, 8.24944, 7.01426, 
14.54548, -9.20057, -7.32736, -14.70581, -6.46496, -10.61321, 
-4.65155, -12.38796, -8.51347, -9.47599, -9.33945, -14.30531, 
0, 0, 0, 0, 0, 0, 0, 0, 0, 0, 0, 0, 0, 0, 0, 0, 0, 0, 0, 0, 0, 
0, 0.70413, 0.70683, 0.70884, 0.71344, 0.71578, 0.70672, 0.71097, 
0.71052, 0.71414, 0.71352, 0.71359, 0.699, 0.6943, 0.70578, 0.70504, 
0.71008, 0.70188, 0.71234, 0.7071, 0.70566, 0.70894, 0.71322, 
0.819, 0.8207, 1.133, 0.9615, 2.0689, 1.2054, 3.3515, 1.788, 
2.4244, 2.2132, 3.4717, 708.6, 757.5, 821.2, 907.9, 963.9, 1063.2, 
1083.2, 1204.4, 1264.1, 1353.5, 1342.2, 2143, 1196, 605, 773, 
1343, 285, 1206, 1177, 1914, 2151, 1722, 1, 1, 1, 1, 2, 1, 1, 
1, 2, 2, 1, 100, 100, 100, 100, 100, 100, 100, 100, 100, 100, 
100, 2500, 2500, 2500, 2500, 2500, 2500, 2500, 2500, 2500, 2500, 
2500, 41271.961, 46663.484, 57251.096, 74218.703, 88203.509, 
91142.4029999999, 102649.924, 110352.798, 129142.461, 140410.023, 
163613.54, 1, 1, 1, 1, 1, 1, 1, 1, 1, 1, 1, 0.03846, 0.03846, 
0.03846, 0.03846, 0.03846, 0.03846, 0.03846, 0.03846, 0.03846, 
0.03846, 0.03846, 0, 0, 0, 0, 0, 0, 0, 0, 0, 0, 0, 0, 0, 0, 0, 
0, 0, 0, 0, 0, 0, 0, 0.68598, 0.69032, 0.68885, 0.69834, 0.70125, 
0.69607, 0.70234, 0.69942, 0.70124, 0.69747, 0.70232, 0.67653, 
0.69028, 0.69247, 0.69947, 0.70283, 0.70188, 0.7028, 0.69898, 
0.70447, 0.70015, 0.69904, 0.5318, 0.617, 0.7286, 0.8874, 0.9984, 
1.1273, 1.2969, 1.415, 1.5643, 1.7506, 1.9387, 795.3, 860.1, 
933.7, 1008.6, 1077.1, 1150.5, 1221.3, 1301, 1367.3, 1429.2, 
1503.2, 1, 1, 1, 1, 1, 1, 1, 1, 1, 1, 1, 1, 1, 1, 1, 1, 1, 1, 
1, 1, 1, 1, 1, 1, 1, 1, 1, 1, 1, 1, 1, 1, 1, 1, 1, 1, 1, 1, 1, 
1, 1, 1, 1, 1, 8.828, 9.884, 10.937, 13.882, 14.392, 15.86, 17.055, 
17.884, 19.37, 21.697, 23.428), .Dim = c(11L, 40L), .Dimnames = list(
    NULL, c("Sampling", "PSO.cost", "PSO.gamma", "PSO.data.balancing", 
    "PSO.feature.selection", "PSO.valid.acc", "PSO.test.acc", 
    "PSO.train.time", "PSO.n.support.vectors", "PSO.index", "PSO.n.solutions", 
    "PSO.generations", "PSO.n.evaluations", "PSO.cpu.time", "RS.cost", 
    "RS.gamma", "RS.data.balancing", "RS.feature.selection", 
    "RS.valid.acc", "RS.test.acc", "RS.train.time", "RS.n.support.vectors", 
    "RS.index", "RS.n.solutions", "RS.generations", "RS.n.evaluations", 
    "RS.cpu.time", "DF.cost", "DF.gamma", "DF.data.balancing", 
    "DF.feature.selection", "DF.valid.acc", "DF.test.acc", "DF.train.time", 
    "DF.n.support.vectors", "DF.index", "DF.n.solutions", "DF.generations", 
    "DF.n.evaluations", "DF.cpu.time")))
