full <-
structure(c(50, 55, 60, 65, 70, 75, 80, 85, 90, 95, 100, 0.35882, 
5.6711, 9.13383, 9.2849, 3.94921, 5.3896, -1.74998, -0.77282, 
11.018, 3.52823, 6.43615, -7.02138, -11.91926, -15, -15, -11.18764, 
-13.34008, -6.23031, -6.28334, -12.59359, -11.58324, -15, 0, 
0, 0, 0, 0, 0, 0, 0, 0, 0, 0, 0, 0, 0, 0, 0, 0, 0, 0, 0, 0, 0, 
0.84918, 0.83244, 0.84669, 0.84764, 0.83158, 0.85371, 0.8635, 
0.85, 0.8545, 0.86649, 0.85185, 0.84918, 0.83958, 0.84669, 0.82444, 
0.82632, 0.83942, 0.84467, 0.82826, 0.83, 0.85495, 0.86296, 0.0183, 
0.0192, 0.0193, 0.0203, 0.0223, 0.0235, 0.0264, 0.0262, 0.0278, 
0.0297, 0.0311, 68.1, 68.8, 68.2, 71.5, 96.1, 110.9, 126.6, 115.5, 
76.5, 134.3, 149.8, 5, 119, 61, 41, 2, 101, 1373, 247, 691, 43, 
80, 598, 350, 300, 204, 528, 157, 19, 395, 18, 120, 256, 100, 
100, 100, 100, 100, 100, 100, 100, 100, 100, 100, 2500, 2500, 
2500, 2500, 2500, 2500, 2500, 2500, 2500, 2500, 2500, 7725.691, 
7695.241, 7679.244, 7871.125, 7874.72500000001, 8193.36599999999, 
8063.98, 8192.887, 8141.87700000001, 8029.66099999999, 8129.94200000001, 
3.36514, 7.71221, 3.83092, 9.11404, 4.79045, -0.89121, 2.70234, 
-1.08336, 10.61477, 0.289, 4.61793, -9.97931, -13.87879, -9.76771, 
-14.82424, -12.10598, -6.29479, -10.61869, -5.73497, -12.30723, 
-8.27744, -13.16859, 0, 0, 0, 0, 0, 0, 0, 0, 0, 0, 0, 0, 0, 0, 
0, 0, 0, 0, 0, 0, 0, 0, 0.84918, 0.83244, 0.84669, 0.84764, 0.83158, 
0.85371, 0.85874, 0.85, 0.85033, 0.86649, 0.85185, 0.84918, 0.83292, 
0.84044, 0.83, 0.82632, 0.83942, 0.85398, 0.83243, 0.83, 0.85495, 
0.86296, 0.018, 0.0181, 0.0194, 0.0203, 0.022, 0.0244, 0.0249, 
0.0258, 0.0259, 0.0295, 0.0297, 64.4, 68, 69.1, 71.5, 97.1, 107.4, 
116.6, 115.7, 76.9, 135, 149.5, 5, 175, 118, 640, 10, 434, 17, 
826, 1488, 44, 120, 134, 27, 42, 11, 76, 9, 61, 2, 1, 4, 16, 
100, 100, 100, 100, 100, 100, 100, 100, 100, 100, 100, 2500, 
2500, 2500, 2500, 2500, 2500, 2500, 2500, 2500, 2500, 2500, 7738.243, 
7729.624, 7943.127, 7885.854, 8048.69200000001, 8208.69799999999, 
8142.85000000001, 8217.44099999999, 8238.31299999999, 8235.46300000002, 
7885.57299999997, 1, 1, 1, 1, 1, 1, 1, 1, 1, 1, 1, 0.07692, 0.07692, 
0.07692, 0.07692, 0.07692, 0.07692, 0.07692, 0.07692, 0.07692, 
0.07692, 0.07692, 0, 0, 0, 0, 0, 0, 0, 0, 0, 0, 0, 0, 0, 0, 0, 
0, 0, 0, 0, 0, 0, 0, 0.8272, 0.77673, 0.82132, 0.80186, 0.81079, 
0.8154, 0.80872, 0.83261, 0.82567, 0.83141, 0.83704, 0.81108, 
0.77726, 0.80331, 0.80839, 0.81079, 0.81514, 0.81286, 0.82391, 
0.82983, 0.83201, 0.83704, 0.0187, 0.0192, 0.0201, 0.0208, 0.0226, 
0.0235, 0.0252, 0.0261, 0.0268, 0.0281, 0.027, 72.1, 80.5, 85.1, 
90.6, 97.5, 102.3, 106.7, 112.7, 118.2, 121, 125.2, 1, 1, 1, 
1, 1, 1, 1, 1, 1, 1, 1, 1, 1, 1, 1, 1, 1, 1, 1, 1, 1, 1, 1, 1, 
1, 1, 1, 1, 1, 1, 1, 1, 1, 1, 1, 1, 1, 1, 1, 1, 1, 1, 1, 1, 3.11, 
3.112, 3.194, 3.043, 3.212, 3.084, 3.282, 3.234, 3.224, 3.16, 
2.96), .Dim = c(11L, 40L), .Dimnames = list(NULL, c("Sampling", 
"PSO.cost", "PSO.gamma", "PSO.data.balancing", "PSO.feature.selection", 
"PSO.valid.acc", "PSO.test.acc", "PSO.train.time", "PSO.n.support.vectors", 
"PSO.index", "PSO.n.solutions", "PSO.generations", "PSO.n.evaluations", 
"PSO.cpu.time", "RS.cost", "RS.gamma", "RS.data.balancing", "RS.feature.selection", 
"RS.valid.acc", "RS.test.acc", "RS.train.time", "RS.n.support.vectors", 
"RS.index", "RS.n.solutions", "RS.generations", "RS.n.evaluations", 
"RS.cpu.time", "DF.cost", "DF.gamma", "DF.data.balancing", "DF.feature.selection", 
"DF.valid.acc", "DF.test.acc", "DF.train.time", "DF.n.support.vectors", 
"DF.index", "DF.n.solutions", "DF.generations", "DF.n.evaluations", 
"DF.cpu.time")))
