full <-
structure(c(50, 55, 60, 65, 70, 75, 80, 85, 90, 95, 100, 2.63124, 
5.17767, 2.19702, 1.49701, -0.24364, -0.04013, -1.43181, 7.61868, 
6.36021, 2.06637, -0.17493, -3.93534, -9.283, -10.19434, -10.09361, 
-7.90286, -4.82973, -6.32942, -13.29496, -14.53121, -11.27571, 
-6.79239, 0, 0, 0, 0, 0, 0, 0, 0, 0, 0, 0, 0, 0, 0, 0, 0, 0, 
0, 0, 0, 0, 0, 0.86538, 0.85137, 0.85118, 0.84787, 0.85936, 0.86786, 
0.85829, 0.85812, 0.86633, 0.84989, 0.85556, 0.83571, 0.85048, 
0.83941, 0.84787, 0.84854, 0.8531, 0.85829, 0.84978, 0.84233, 
0.83449, 0.83704, 0.0188, 0.0183, 0.0205, 0.0214, 0.0224, 0.0231, 
0.0239, 0.0242, 0.0276, 0.0305, 0.0277, 60.9, 50.5, 91.2, 107.8, 
108.5, 87.1, 121.1, 86.3, 129.6, 161.1, 123.3, 1450, 34, 479, 
2082, 121, 1492, 617, 12, 125, 116, 79, 38, 239, 126, 2, 163, 
28, 158, 152, 157, 116, 109, 100, 100, 100, 100, 100, 100, 100, 
100, 100, 100, 100, 2500, 2500, 2500, 2500, 2500, 2500, 2500, 
2500, 2500, 2500, 2500, 8137.539, 8111.137, 8142.468, 8273.09499999999, 
8126.107, 8350.982, 8284.04699999999, 8550.92, 8796.50900000002, 
8831.34900000002, 8975.63399999999, 2.15842, 3.36705, 0.52273, 
1.95663, -0.81099, 0.36904, -1.74858, 4.20374, -0.94291, 5.42826, 
5.21248, -3.86324, -9.14658, -8.39618, -8.05917, -7.65791, -5.29125, 
-5.79582, -9.84421, -6.95572, -14.53636, -10.57951, 0, 0, 0, 
0, 0, 0, 0, 0, 0, 0, 0, 0, 0, 0, 0, 0, 0, 0, 0, 0, 0, 0, 0.85824, 
0.85137, 0.85118, 0.84198, 0.85936, 0.86786, 0.85788, 0.85812, 
0.87033, 0.84989, 0.85556, 0.82857, 0.8447, 0.83353, 0.83087, 
0.84854, 0.86786, 0.85375, 0.84978, 0.85017, 0.83819, 0.84444, 
0.019, 0.0174, 0.0196, 0.0204, 0.0227, 0.0231, 0.0246, 0.0241, 
0.0286, 0.0298, 0.027, 62.1, 61, 90.8, 74.6, 115.6, 81.9, 120.2, 
86.3, 131.4, 159, 97.4, 56, 224, 71, 333, 12, 796, 1183, 687, 
1196, 279, 219, 24, 3, 4, 32, 28, 2, 1, 12, 2, 10, 14, 100, 100, 
100, 100, 100, 100, 100, 100, 100, 100, 100, 2500, 2500, 2500, 
2500, 2500, 2500, 2500, 2500, 2500, 2500, 2500, 8165.164, 8139.904, 
8271.932, 8458.698, 8236.65299999999, 8379.682, 8596.928, 8719.85200000001, 
8932.47, 9126.185, 9255.30000000002, 1, 1, 1, 1, 1, 1, 1, 1, 
1, 1, 1, 0.07692, 0.07692, 0.07692, 0.07692, 0.07692, 0.07692, 
0.07692, 0.07692, 0.07692, 0.07692, 0.07692, 0, 0, 0, 0, 0, 0, 
0, 0, 0, 0, 0, 0, 0, 0, 0, 0, 0, 0, 0, 0, 0, 0, 0.8511, 0.80506, 
0.80265, 0.80244, 0.82804, 0.84333, 0.83637, 0.83708, 0.846, 
0.8148, 0.84074, 0.84341, 0.81798, 0.80931, 0.80117, 0.82804, 
0.83857, 0.83594, 0.83273, 0.818, 0.8265, 0.82222, 0.0189, 0.0192, 
0.0194, 0.0213, 0.0213, 0.0239, 0.0253, 0.0244, 0.0269, 0.0293, 
0.0297, 67, 72.7, 79.8, 85.8, 89, 96.8, 101.8, 105.9, 114.5, 
120.5, 123.9, 1, 1, 1, 1, 1, 1, 1, 1, 1, 1, 1, 1, 1, 1, 1, 1, 
1, 1, 1, 1, 1, 1, 1, 1, 1, 1, 1, 1, 1, 1, 1, 1, 1, 1, 1, 1, 1, 
1, 1, 1, 1, 1, 1, 1, 3.329, 3.254, 3.299, 3.429, 3.23, 3.298, 
3.34, 3.401, 3.391, 3.881, 3.596), .Dim = c(11L, 40L), .Dimnames = list(
    NULL, c("Sampling", "PSO.cost", "PSO.gamma", "PSO.data.balancing", 
    "PSO.feature.selection", "PSO.valid.acc", "PSO.test.acc", 
    "PSO.train.time", "PSO.n.support.vectors", "PSO.index", "PSO.n.solutions", 
    "PSO.generations", "PSO.n.evaluations", "PSO.cpu.time", "RS.cost", 
    "RS.gamma", "RS.data.balancing", "RS.feature.selection", 
    "RS.valid.acc", "RS.test.acc", "RS.train.time", "RS.n.support.vectors", 
    "RS.index", "RS.n.solutions", "RS.generations", "RS.n.evaluations", 
    "RS.cpu.time", "DF.cost", "DF.gamma", "DF.data.balancing", 
    "DF.feature.selection", "DF.valid.acc", "DF.test.acc", "DF.train.time", 
    "DF.n.support.vectors", "DF.index", "DF.n.solutions", "DF.generations", 
    "DF.n.evaluations", "DF.cpu.time")))
