full <-
structure(c(50, 55, 60, 65, 70, 75, 80, 85, 90, 95, 100, 6.84099, 
4.91644, -2, 6.52508, 3.56452, 8.41967, 6.88988, 6.86318, 2.10251, 
-0.16204, 0.50923, -15, -13.78909, -3.97388, -11.52654, -7.26622, 
-13.43661, -15, -15, -6.48673, -7.71104, -6.03264, 0, 0, 0, 0, 
0, 0, 0, 0, 0, 0, 0, 0, 0, 0, 0, 0, 0, 0, 0, 0, 0, 0, 0.84341, 
0.83887, 0.85358, 0.8531, 0.87023, 0.8581, 0.8455, 0.84941, 0.86999, 
0.8595, 0.86296, 0.80549, 0.84554, 0.84728, 0.83607, 0.83918, 
0.84357, 0.83681, 0.8445, 0.84565, 0.85165, 0.85556, 0.0116, 
0.0121, 0.0133, 0.0128, 0.0134, 0.0144, 0.0166, 0.0174, 0.0165, 
0.0194, 0.0183, 85.4, 101.8, 98.4, 65.6, 63.8, 73.9, 118.4, 125.9, 
89.2, 133, 109.4, 352, 81, 198, 278, 1201, 66, 63, 445, 1878, 
768, 928, 3, 215, 854, 117, 72, 162, 274, 119, 12, 22, 35, 100, 
100, 100, 100, 100, 100, 100, 100, 100, 100, 100, 2500, 2500, 
2500, 2500, 2500, 2500, 2500, 2500, 2500, 2500, 2500, 7286.551, 
6802.336, 9001.178, 8973.914, 8934.448, 9189.80699999999, 9418.887, 
9122.481, 9218.42299999998, 9496.19700000001, 9349.73500000002, 
-0.80775, 3.37247, -1.65859, 9.34438, 3.48597, 4.15304, 5.71041, 
1.06027, 2.39487, 5.57024, 0.98935, -7.87057, -12.30583, -4.08648, 
-14.34047, -6.93806, -9.22108, -13.93868, -9.10787, -7.22796, 
-12.13063, -6.62616, 0, 0, 0, 0, 0, 0, 0, 0, 0, 0, 0, 0, 0, 0, 
0, 0, 0, 0, 0, 0, 0, 0, 0.83626, 0.83887, 0.8477, 0.8531, 0.86553, 
0.8581, 0.8455, 0.85357, 0.86599, 0.85936, 0.86296, 0.82857, 
0.83887, 0.8414, 0.83607, 0.83974, 0.84357, 0.83681, 0.84867, 
0.85382, 0.84395, 0.85556, 0.0116, 0.0124, 0.0133, 0.0128, 0.0132, 
0.0144, 0.0168, 0.0178, 0.0164, 0.0176, 0.018, 95.7, 103.3, 92.5, 
65.5, 63, 74.7, 121.2, 125.5, 89.9, 107.3, 107.3, 408, 23, 2476, 
1825, 829, 305, 98, 528, 107, 201, 704, 2, 26, 1, 1, 4, 14, 31, 
1, 11, 5, 1, 100, 100, 100, 100, 100, 100, 100, 100, 100, 100, 
100, 2500, 2500, 2500, 2500, 2500, 2500, 2500, 2500, 2500, 2500, 
2500, 6994.375, 6860.21, 9095.069, 8939.35000000001, 9113.11500000001, 
9858.23700000001, 9218.35799999999, 9234.89599999999, 9639.837, 
9525.08299999998, 9538.291, 1, 1, 1, 1, 1, 1, 1, 1, 1, 1, 1, 
0.07692, 0.07692, 0.07692, 0.07692, 0.07692, 0.07692, 0.07692, 
0.07692, 0.07692, 0.07692, 0.07692, 0, 0, 0, 0, 0, 0, 0, 0, 0, 
0, 0, 0, 0, 0, 0, 0, 0, 0, 0, 0, 0, 0, 0.79011, 0.81131, 0.81635, 
0.80731, 0.855, 0.83857, 0.83185, 0.84374, 0.83397, 0.82472, 
0.84444, 0.80495, 0.81268, 0.82301, 0.82496, 0.85474, 0.84857, 
0.83102, 0.82689, 0.83797, 0.83241, 0.84815, 0.011, 0.0112, 0.0133, 
0.0139, 0.0145, 0.0155, 0.016, 0.0171, 0.018, 0.0185, 0.0194, 
71.8, 76.8, 81.6, 87.6, 91.8, 98, 104.9, 111.3, 115.2, 118.6, 
124, 1, 1, 1, 1, 1, 1, 1, 1, 1, 1, 1, 1, 1, 1, 1, 1, 1, 1, 1, 
1, 1, 1, 1, 1, 1, 1, 1, 1, 1, 1, 1, 1, 1, 1, 1, 1, 1, 1, 1, 1, 
1, 1, 1, 1, 2.643, 2.755, 3.624, 3.588, 3.626, 3.883, 3.572, 
3.733, 3.804, 3.694, 3.784), .Dim = c(11L, 40L), .Dimnames = list(
    NULL, c("Sampling", "PSO.cost", "PSO.gamma", "PSO.data.balancing", 
    "PSO.feature.selection", "PSO.valid.acc", "PSO.test.acc", 
    "PSO.train.time", "PSO.n.support.vectors", "PSO.index", "PSO.n.solutions", 
    "PSO.generations", "PSO.n.evaluations", "PSO.cpu.time", "RS.cost", 
    "RS.gamma", "RS.data.balancing", "RS.feature.selection", 
    "RS.valid.acc", "RS.test.acc", "RS.train.time", "RS.n.support.vectors", 
    "RS.index", "RS.n.solutions", "RS.generations", "RS.n.evaluations", 
    "RS.cpu.time", "DF.cost", "DF.gamma", "DF.data.balancing", 
    "DF.feature.selection", "DF.valid.acc", "DF.test.acc", "DF.train.time", 
    "DF.n.support.vectors", "DF.index", "DF.n.solutions", "DF.generations", 
    "DF.n.evaluations", "DF.cpu.time")))
