full <-
structure(c(50, 55, 60, 65, 70, 75, 80, 85, 90, 95, 100, 0.5907, 
1.54182, 1.95088, 1.3605, 1.23274, 0.99702, 6.9569, 1.36214, 
-0.84941, -0.63862, -0.53034, -3.24, -7.96425, -9.04515, -7.17391, 
-5.6917, -4.80502, -15, -8.13352, -5.06183, -7.02716, -7.22001, 
0, 0, 0, 0, 0, 0, 0, 0, 0, 0, 0, 0, 0, 0, 0, 0, 0, 0, 0, 0, 0, 
0, 0.85934, 0.83464, 0.85221, 0.85327, 0.88041, 0.87286, 0.86771, 
0.87205, 0.87046, 0.85482, 0.85926, 0.80055, 0.79494, 0.81029, 
0.84183, 0.86988, 0.84381, 0.83566, 0.86316, 0.85428, 0.83189, 
0.85185, 0.0197, 0.0176, 0.0182, 0.0185, 0.0205, 0.0216, 0.0247, 
0.0244, 0.0248, 0.0254, 0.0276, 83.8, 75.3, 84.8, 78.2, 76.3, 
84, 117.3, 99.9, 109.3, 131.1, 136.9, 714, 209, 148, 131, 1694, 
276, 73, 112, 799, 74, 476, 527, 82, 106, 93, 4, 51, 86, 402, 
91, 99, 29, 100, 100, 100, 100, 100, 100, 100, 100, 100, 100, 
100, 2500, 2500, 2500, 2500, 2500, 2500, 2500, 2500, 2500, 2500, 
2500, 7986.795, 7648.389, 7422.011, 7384.775, 7648.07200000001, 
7691.47, 7926.89700000001, 7695.11899999999, 7693.052, 7605.25900000002, 
7665.17800000001, 0.76341, 4.73387, 5.25166, 4.58406, 1.77642, 
0.47343, 5.62016, 1.04, 0.01502, -0.09453, 9.01356, -3.11732, 
-11.13035, -12.4389, -9.77433, -6.54595, -4.26959, -13.65432, 
-7.76853, -6.38221, -7.58329, -14.09154, 0, 0, 0, 0, 0, 0, 0, 
0, 0, 0, 0, 0, 0, 0, 0, 0, 0, 0, 0, 0, 0, 0, 0.85934, 0.83464, 
0.85221, 0.85327, 0.87515, 0.8681, 0.86771, 0.87205, 0.87014, 
0.85482, 0.85556, 0.82253, 0.80208, 0.81029, 0.82516, 0.87015, 
0.84881, 0.83566, 0.86316, 0.86245, 0.83573, 0.84074, 0.0179, 
0.0181, 0.0196, 0.0184, 0.0203, 0.0219, 0.0237, 0.0233, 0.0235, 
0.0266, 0.0243, 85.7, 73.6, 84.9, 69.4, 73.3, 91.9, 117, 100.6, 
104.2, 129.8, 94.4, 761, 334, 254, 506, 52, 67, 106, 472, 214, 
443, 138, 1, 1, 11, 7, 12, 2, 3, 3, 2, 6, 28, 100, 100, 100, 
100, 100, 100, 100, 100, 100, 100, 100, 2500, 2500, 2500, 2500, 
2500, 2500, 2500, 2500, 2500, 2500, 2500, 7649.734, 7528.865, 
7616.252, 7568.628, 7821.924, 7796.68500000001, 7846.77499999999, 
7870.43400000001, 7818.86700000001, 7794.74099999998, 7987.538, 
1, 1, 1, 1, 1, 1, 1, 1, 1, 1, 1, 0.07692, 0.07692, 0.07692, 0.07692, 
0.07692, 0.07692, 0.07692, 0.07692, 0.07692, 0.07692, 0.07692, 
0, 0, 0, 0, 0, 0, 0, 0, 0, 0, 0, 0, 0, 0, 0, 0, 0, 0, 0, 0, 0, 
0, 0.82088, 0.80125, 0.82096, 0.83137, 0.85462, 0.86333, 0.83155, 
0.83305, 0.85379, 0.82093, 0.82963, 0.80769, 0.78298, 0.80956, 
0.84183, 0.86515, 0.84881, 0.84953, 0.84157, 0.84979, 0.83602, 
0.83704, 0.018, 0.0178, 0.0193, 0.021, 0.0207, 0.0221, 0.0234, 
0.0255, 0.025, 0.0267, 0.0272, 77.6, 84.1, 88.2, 94, 96.8, 100.3, 
105.7, 107.9, 113.4, 121.3, 125.4, 1, 1, 1, 1, 1, 1, 1, 1, 1, 
1, 1, 1, 1, 1, 1, 1, 1, 1, 1, 1, 1, 1, 1, 1, 1, 1, 1, 1, 1, 1, 
1, 1, 1, 1, 1, 1, 1, 1, 1, 1, 1, 1, 1, 1, 2.917, 2.865, 2.975, 
3.067, 2.997, 3.079, 3.213, 3.306, 3.063, 3.131, 2.963), .Dim = c(11L, 
40L), .Dimnames = list(NULL, c("Sampling", "PSO.cost", "PSO.gamma", 
"PSO.data.balancing", "PSO.feature.selection", "PSO.valid.acc", 
"PSO.test.acc", "PSO.train.time", "PSO.n.support.vectors", "PSO.index", 
"PSO.n.solutions", "PSO.generations", "PSO.n.evaluations", "PSO.cpu.time", 
"RS.cost", "RS.gamma", "RS.data.balancing", "RS.feature.selection", 
"RS.valid.acc", "RS.test.acc", "RS.train.time", "RS.n.support.vectors", 
"RS.index", "RS.n.solutions", "RS.generations", "RS.n.evaluations", 
"RS.cpu.time", "DF.cost", "DF.gamma", "DF.data.balancing", "DF.feature.selection", 
"DF.valid.acc", "DF.test.acc", "DF.train.time", "DF.n.support.vectors", 
"DF.index", "DF.n.solutions", "DF.generations", "DF.n.evaluations", 
"DF.cpu.time")))
