full <-
structure(c(50, 55, 60, 65, 70, 75, 80, 85, 90, 95, 100, 15, 
8.05704, 12.57775, 1.82362, 1.62227, 10.80414, 5.02576, 8.67018, 
4.87596, -0.67609, -1.55682, -13.47195, -10.10718, -13.15279, 
-6.00734, -5.96327, -15, -12.46446, -15, -13.6275, -5.51428, 
-5.76705, 0, 0, 0, 0, 0, 0, 0, 0, 0, 0, 0, 0, 0, 0, 0, 0, 0, 
0, 0, 0, 0, 0, 0.86022, 0.82524, 0.85696, 0.85992, 0.84184, 0.84429, 
0.84004, 0.85013, 0.85459, 0.85439, 0.86296, 0.84484, 0.79857, 
0.85113, 0.83796, 0.82632, 0.82452, 0.82208, 0.83347, 0.84274, 
0.84314, 0.84074, 0.0244, 0.0188, 0.0206, 0.0191, 0.0195, 0.0205, 
0.0234, 0.0223, 0.0269, 0.0258, 0.0268, 40.1, 50.9, 48.9, 67.6, 
74, 74.2, 110.1, 96.7, 145.2, 117.4, 137, 1894, 48, 268, 964, 
35, 116, 46, 53, 88, 893, 1049, 1, 219, 129, 33, 310, 117, 163, 
213, 65, 47, 20, 100, 100, 100, 100, 100, 100, 100, 100, 100, 
100, 100, 2500, 2500, 2500, 2500, 2500, 2500, 2500, 2500, 2500, 
2500, 2500, 7579.038, 7567.693, 7516.326, 7447.809, 7208.34700000001, 
7260.85299999999, 7277.876, 7261.084, 7293.989, 7321.08900000001, 
7387.96400000001, 11.34326, -1.90302, 12.04976, 4.37122, 1.04069, 
5.49171, 2.83235, 5.44873, 3.27031, -0.2293, 0.23368, -13.54491, 
-2.76945, -12.58508, -8.11329, -5.25626, -9.85429, -10.29352, 
-11.65879, -12.10219, -5.93554, -7.10174, 0, 0, 0, 0, 0, 0, 0, 
0, 0, 0, 0, 0, 0, 0, 0, 0, 0, 0, 0, 0, 0, 0, 0.85253, 0.83238, 
0.85696, 0.8596, 0.83658, 0.83952, 0.84004, 0.85013, 0.85459, 
0.85439, 0.85926, 0.85253, 0.81143, 0.85113, 0.83208, 0.82105, 
0.81952, 0.82662, 0.83347, 0.84674, 0.84314, 0.84074, 0.0173, 
0.0195, 0.0199, 0.0194, 0.02, 0.0211, 0.0231, 0.0225, 0.0283, 
0.0249, 0.026, 42.9, 109.3, 49.5, 60.6, 77.5, 76, 110.8, 95.6, 
146.5, 113.9, 121, 1007, 1657, 220, 287, 555, 254, 323, 8, 380, 
265, 151, 2, 1, 2, 11, 3, 6, 15, 13, 3, 1, 11, 100, 100, 100, 
100, 100, 100, 100, 100, 100, 100, 100, 2500, 2500, 2500, 2500, 
2500, 2500, 2500, 2500, 2500, 2500, 2500, 7586.199, 7562.344, 
7546.12100000001, 7468.574, 7307.21699999999, 7410.178, 7409.048, 
7447.52499999999, 7368.87300000001, 7494.84099999999, 7487.22899999999, 
1, 1, 1, 1, 1, 1, 1, 1, 1, 1, 1, 0.07692, 0.07692, 0.07692, 0.07692, 
0.07692, 0.07692, 0.07692, 0.07692, 0.07692, 0.07692, 0.07692, 
0, 0, 0, 0, 0, 0, 0, 0, 0, 0, 0, 0, 0, 0, 0, 0, 0, 0, 0, 0, 0, 
0, 0.77828, 0.79857, 0.8213, 0.84907, 0.81468, 0.825, 0.82186, 
0.8333, 0.82592, 0.82747, 0.81852, 0.81619, 0.76571, 0.82723, 
0.8324, 0.82076, 0.81024, 0.81732, 0.82894, 0.82594, 0.83174, 
0.83704, 0.018, 0.0191, 0.0191, 0.0197, 0.021, 0.0232, 0.0236, 
0.0239, 0.027, 0.0261, 0.027, 74.6, 81.6, 84.7, 89, 94.8, 102.8, 
108.8, 110.8, 117.3, 121.5, 124.5, 1, 1, 1, 1, 1, 1, 1, 1, 1, 
1, 1, 1, 1, 1, 1, 1, 1, 1, 1, 1, 1, 1, 1, 1, 1, 1, 1, 1, 1, 1, 
1, 1, 1, 1, 1, 1, 1, 1, 1, 1, 1, 1, 1, 1, 3.139, 2.949, 2.967, 
2.848, 2.973, 2.869, 2.803, 2.921, 2.843, 2.97, 2.909), .Dim = c(11L, 
40L), .Dimnames = list(NULL, c("Sampling", "PSO.cost", "PSO.gamma", 
"PSO.data.balancing", "PSO.feature.selection", "PSO.valid.acc", 
"PSO.test.acc", "PSO.train.time", "PSO.n.support.vectors", "PSO.index", 
"PSO.n.solutions", "PSO.generations", "PSO.n.evaluations", "PSO.cpu.time", 
"RS.cost", "RS.gamma", "RS.data.balancing", "RS.feature.selection", 
"RS.valid.acc", "RS.test.acc", "RS.train.time", "RS.n.support.vectors", 
"RS.index", "RS.n.solutions", "RS.generations", "RS.n.evaluations", 
"RS.cpu.time", "DF.cost", "DF.gamma", "DF.data.balancing", "DF.feature.selection", 
"DF.valid.acc", "DF.test.acc", "DF.train.time", "DF.n.support.vectors", 
"DF.index", "DF.n.solutions", "DF.generations", "DF.n.evaluations", 
"DF.cpu.time")))
