full <-
structure(c(50, 55, 60, 65, 70, 75, 80, 85, 90, 95, 100, 6.00982, 
-1.63639, -0.79277, 1.32564, 0.79137, 5.65394, 1.57625, 2.76512, 
6.79517, 7.69762, 4.16867, -12.97988, -5.65161, -5.61301, -9.09802, 
-8.95411, -10.18566, -10.05691, -6.89356, -14.77816, -12.44546, 
-7.66548, 0, 0, 0, 0, 0, 0, 0, 0, 0, 0, 0, 0, 0, 0, 0, 0, 0, 
0, 0, 0, 0, 0, 0.85165, 0.84554, 0.85221, 0.82549, 0.83988, 0.84857, 
0.83571, 0.85851, 0.84567, 0.84603, 0.85185, 0.81429, 0.83214, 
0.83382, 0.80294, 0.83933, 0.82881, 0.83593, 0.84565, 0.84567, 
0.84248, 0.84815, 0.0188, 0.0182, 0.0201, 0.0206, 0.023, 0.0204, 
0.024, 0.022, 0.0269, 0.0235, 0.0261, 69.8, 88.7, 83, 98.7, 112.3, 
76, 128.8, 85.8, 129.1, 91.2, 88.9, 20, 412, 696, 609, 2266, 
2152, 906, 1790, 1406, 27, 26, 270, 177, 39, 80, 3, 16, 14, 20, 
32, 250, 172, 100, 100, 100, 100, 100, 100, 100, 100, 100, 100, 
100, 2500, 2500, 2500, 2500, 2500, 2500, 2500, 2500, 2500, 2500, 
2500, 7767.139, 8002.153, 7385.862, 7461.471, 7788.052, 7856.268, 
7971.74399999999, 7668.894, 7864.85299999999, 7622.45000000001, 
7633.04699999999, 5.70959, 1.2129, -0.47047, 0.00811, -0.68026, 
5.50655, 2.56941, 3.18675, 1.27437, 2.07293, 0.35444, -12.71922, 
-8.18638, -6.40043, -7.65583, -7.27177, -7.90901, -11.04211, 
-7.39445, -6.26217, -6.96832, -8.91797, 0, 0, 0, 0, 0, 0, 0, 
0, 0, 0, 0, 0, 0, 0, 0, 0, 0, 0, 0, 0, 0, 0, 0.85165, 0.8322, 
0.84596, 0.82549, 0.83988, 0.84381, 0.83571, 0.85435, 0.84583, 
0.84973, 0.85556, 0.82143, 0.83929, 0.81507, 0.80294, 0.83962, 
0.81405, 0.83139, 0.83714, 0.846, 0.83818, 0.84444, 0.0174, 0.0175, 
0.0187, 0.0195, 0.022, 0.021, 0.0237, 0.0222, 0.0247, 0.0253, 
0.0284, 70.3, 76.9, 84.4, 99.1, 111.5, 70.9, 128, 85.1, 97.3, 
96.2, 152.4, 71, 582, 275, 111, 250, 1222, 2075, 37, 230, 2152, 
133, 26, 3, 3, 3, 8, 6, 2, 4, 2, 1, 4, 100, 100, 100, 100, 100, 
100, 100, 100, 100, 100, 100, 2500, 2500, 2500, 2500, 2500, 2500, 
2500, 2500, 2500, 2500, 2500, 7733.054, 7546.54, 7546.593, 7499.705, 
7919.446, 7779.53999999999, 7910.344, 7869.818, 7877.77300000002, 
7832.59599999999, 7880.43900000001, 1, 1, 1, 1, 1, 1, 1, 1, 1, 
1, 1, 0.07692, 0.07692, 0.07692, 0.07692, 0.07692, 0.07692, 0.07692, 
0.07692, 0.07692, 0.07692, 0.07692, 0, 0, 0, 0, 0, 0, 0, 0, 0, 
0, 0, 0, 0, 0, 0, 0, 0, 0, 0, 0, 0, 0, 0.78571, 0.81214, 0.82243, 
0.76895, 0.8019, 0.82452, 0.80346, 0.83714, 0.83333, 0.83094, 
0.82963, 0.78571, 0.80589, 0.79669, 0.78497, 0.78523, 0.81429, 
0.80801, 0.83261, 0.82517, 0.83049, 0.82222, 0.0176, 0.0184, 
0.02, 0.02, 0.021, 0.0231, 0.0227, 0.024, 0.0254, 0.0259, 0.0272, 
77.3, 81, 85.8, 92.2, 97.8, 102.3, 109, 112.9, 119, 122, 125.1, 
1, 1, 1, 1, 1, 1, 1, 1, 1, 1, 1, 1, 1, 1, 1, 1, 1, 1, 1, 1, 1, 
1, 1, 1, 1, 1, 1, 1, 1, 1, 1, 1, 1, 1, 1, 1, 1, 1, 1, 1, 1, 1, 
1, 1, 3.121, 3.053, 3.049, 3.061, 3.165, 3.158, 3.188, 3.18, 
3.192, 3.115, 3.094), .Dim = c(11L, 40L), .Dimnames = list(NULL, 
    c("Sampling", "PSO.cost", "PSO.gamma", "PSO.data.balancing", 
    "PSO.feature.selection", "PSO.valid.acc", "PSO.test.acc", 
    "PSO.train.time", "PSO.n.support.vectors", "PSO.index", "PSO.n.solutions", 
    "PSO.generations", "PSO.n.evaluations", "PSO.cpu.time", "RS.cost", 
    "RS.gamma", "RS.data.balancing", "RS.feature.selection", 
    "RS.valid.acc", "RS.test.acc", "RS.train.time", "RS.n.support.vectors", 
    "RS.index", "RS.n.solutions", "RS.generations", "RS.n.evaluations", 
    "RS.cpu.time", "DF.cost", "DF.gamma", "DF.data.balancing", 
    "DF.feature.selection", "DF.valid.acc", "DF.test.acc", "DF.train.time", 
    "DF.n.support.vectors", "DF.index", "DF.n.solutions", "DF.generations", 
    "DF.n.evaluations", "DF.cpu.time")))
