full <-
structure(c(50, 55, 60, 65, 70, 75, 80, 85, 90, 95, 100, 8.57408, 
-2, 3.28308, 2.83998, -1.55184, 0.80613, -1.62332, 1.59784, 0.43462, 
15, -1.17202, -14.59455, -4.23774, -11.31435, -10.77158, -5.88335, 
-7.32716, -3.48706, -9.75078, -6.32379, -13.58379, -7.02699, 
0, 0, 0, 0, 0, 0, 0, 0, 0, 0, 0, 0, 0, 0, 0, 0, 0, 0, 0, 0, 0, 
0, 0.86901, 0.89929, 0.85212, 0.86562, 0.88, 0.87333, 0.86315, 
0.86207, 0.86167, 0.85123, 0.85556, 0.84648, 0.87923, 0.83962, 
0.85418, 0.84842, 0.85857, 0.84453, 0.84957, 0.8535, 0.82842, 
0.84444, 0.0184, 0.0195, 0.0207, 0.0212, 0.0225, 0.0214, 0.025, 
0.027, 0.0257, 0.0408, 0.0315, 54.2, 85, 89.4, 94.7, 103.1, 88.8, 
120.5, 124.7, 103.6, 77, 147.2, 15, 612, 28, 199, 1258, 648, 
1117, 137, 179, 70, 102, 97, 392, 340, 141, 29, 50, 103, 56, 
594, 1618, 138, 100, 100, 100, 100, 100, 100, 100, 100, 100, 
100, 100, 2500, 2500, 2500, 2500, 2500, 2500, 2500, 2500, 2500, 
2500, 2500, 7431.093, 7830.366, 8140.977, 8167.753, 8085.745, 
8217.54000000001, 8300.734, 8369.11199999999, 8351.212, 8670.446, 
8474.82000000001, 5.577, -1.5759, 2.98404, 5.53952, -0.60506, 
0.7784, -1.56524, 3.89608, 0.66264, -0.76798, 7.91251, -11.57247, 
-4.43616, -10.77392, -13.47162, -7.37426, -7.27314, -3.37935, 
-12.09591, -6.30974, -7.12031, -9.67645, 0, 0, 0, 0, 0, 0, 0, 
0, 0, 0, 0, 0, 0, 0, 0, 0, 0, 0, 0, 0, 0, 0, 0.86901, 0.89929, 
0.85212, 0.86562, 0.88, 0.86857, 0.86315, 0.86207, 0.86167, 0.8552, 
0.85556, 0.84648, 0.8797, 0.84587, 0.85418, 0.85368, 0.85381, 
0.84453, 0.84957, 0.8535, 0.8475, 0.83704, 0.0157, 0.0201, 0.0195, 
0.0211, 0.0224, 0.0217, 0.0252, 0.0262, 0.025, 0.0295, 0.0263, 
54.1, 77.4, 85.9, 94.7, 104.3, 88.7, 121.9, 124.8, 101.5, 136.4, 
82.3, 829, 2214, 44, 498, 781, 580, 1096, 639, 628, 2169, 596, 
2, 1, 27, 7, 4, 6, 1, 3, 9, 1, 9, 100, 100, 100, 100, 100, 100, 
100, 100, 100, 100, 100, 2500, 2500, 2500, 2500, 2500, 2500, 
2500, 2500, 2500, 2500, 2500, 7717.246, 8120.759, 8206.886, 8069.267, 
8295.891, 8347.755, 8350.05, 8439.034, 8566.86300000001, 8628.32000000001, 
8684.09700000001, 1, 1, 1, 1, 1, 1, 1, 1, 1, 1, 1, 0.07692, 0.07692, 
0.07692, 0.07692, 0.07692, 0.07692, 0.07692, 0.07692, 0.07692, 
0.07692, 0.07692, 0, 0, 0, 0, 0, 0, 0, 0, 0, 0, 0, 0, 0, 0, 0, 
0, 0, 0, 0, 0, 0, 0, 0.84546, 0.87929, 0.80282, 0.85418, 0.83816, 
0.83929, 0.83522, 0.84486, 0.8335, 0.82058, 0.81852, 0.85315, 
0.87256, 0.80907, 0.81983, 0.83789, 0.84429, 0.83522, 0.83671, 
0.82517, 0.83211, 0.84444, 0.0173, 0.0192, 0.0195, 0.0218, 0.0228, 
0.0228, 0.0246, 0.0252, 0.0257, 0.0291, 0.0282, 65.3, 70.5, 78.6, 
85.2, 90.9, 95.8, 101.6, 109.9, 116.1, 121.9, 124.1, 1, 1, 1, 
1, 1, 1, 1, 1, 1, 1, 1, 1, 1, 1, 1, 1, 1, 1, 1, 1, 1, 1, 1, 1, 
1, 1, 1, 1, 1, 1, 1, 1, 1, 1, 1, 1, 1, 1, 1, 1, 1, 1, 1, 1, 3.152, 
3.306, 3.279, 3.265, 3.297, 3.367, 3.34, 3.411, 3.185, 3.326, 
3.503), .Dim = c(11L, 40L), .Dimnames = list(NULL, c("Sampling", 
"PSO.cost", "PSO.gamma", "PSO.data.balancing", "PSO.feature.selection", 
"PSO.valid.acc", "PSO.test.acc", "PSO.train.time", "PSO.n.support.vectors", 
"PSO.index", "PSO.n.solutions", "PSO.generations", "PSO.n.evaluations", 
"PSO.cpu.time", "RS.cost", "RS.gamma", "RS.data.balancing", "RS.feature.selection", 
"RS.valid.acc", "RS.test.acc", "RS.train.time", "RS.n.support.vectors", 
"RS.index", "RS.n.solutions", "RS.generations", "RS.n.evaluations", 
"RS.cpu.time", "DF.cost", "DF.gamma", "DF.data.balancing", "DF.feature.selection", 
"DF.valid.acc", "DF.test.acc", "DF.train.time", "DF.n.support.vectors", 
"DF.index", "DF.n.solutions", "DF.generations", "DF.n.evaluations", 
"DF.cpu.time")))
