full <-
structure(c(50, 55, 60, 65, 70, 75, 80, 85, 90, 95, 100, 9.64362, 
-0.37326, -1.04476, -2, -2, 0.2241, 6.7971, 2.14406, -0.30869, 
7.83374, -1.5362, -9.82671, -4.84582, -3.18197, -3.73723, -7.00435, 
-7.41375, -15, -9.46564, -5.12112, -12.41745, -5.81635, 0, 0, 
0, 0, 0, 0, 0, 0, 0, 0, 0, 0, 0, 0, 0, 0, 0, 0, 0, 0, 0, 0, 0.89597, 
0.87321, 0.89596, 0.87637, 0.86722, 0.85929, 0.86277, 0.85939, 
0.85877, 0.85384, 0.86667, 0.85742, 0.87321, 0.87757, 0.85316, 
0.85722, 0.84929, 0.83939, 0.85087, 0.8426, 0.82718, 0.84815, 
0.0161, 0.0166, 0.019, 0.0201, 0.0226, 0.0214, 0.0232, 0.0231, 
0.0252, 0.0233, 0.0272, 33.1, 67.2, 94.9, 104.3, 127.2, 98.5, 
117.4, 109.4, 104.5, 86.8, 137.2, 222, 607, 231, 865, 176, 2451, 
813, 106, 2421, 4, 1523, 315, 697, 732, 31, 111, 1, 59, 101, 
2, 204, 15, 100, 100, 100, 100, 100, 100, 100, 100, 100, 100, 
100, 2500, 2500, 2500, 2500, 2500, 2500, 2500, 2500, 2500, 2500, 
2500, 6569.981, 6608.444, 6634.632, 6697.509, 6856.316, 6886.23, 
6924.10400000001, 6925.144, 6962.567, 6920.364, 7050.47400000002, 
8.92096, -0.60068, -1.07267, -1.68483, 2.74304, 6.25992, 6.31262, 
3.33564, -0.23358, 7.99901, 1.99174, -9.3351, -4.74406, -3.19168, 
-3.39844, -11.95271, -13.43713, -14.51552, -10.89061, -5.01749, 
-12.54055, -9.57752, 0, 0, 0, 0, 0, 0, 0, 0, 0, 0, 0, 0, 0, 0, 
0, 0, 0, 0, 0, 0, 0, 0, 0.88883, 0.87321, 0.89596, 0.87637, 0.86722, 
0.85429, 0.86277, 0.85939, 0.85877, 0.85384, 0.86296, 0.85742, 
0.87321, 0.87757, 0.85316, 0.85196, 0.84429, 0.83939, 0.85087, 
0.8386, 0.82718, 0.83704, 0.016, 0.017, 0.0183, 0.0198, 0.0219, 
0.0208, 0.0227, 0.0237, 0.0242, 0.0231, 0.0266, 34.2, 69, 94.7, 
105.7, 125.3, 94.3, 117.4, 112, 104, 86.1, 129.5, 753, 109, 88, 
771, 247, 281, 955, 304, 1903, 637, 320, 2, 8, 2, 2, 5, 25, 1, 
10, 1, 9, 2, 100, 100, 100, 100, 100, 100, 100, 100, 100, 100, 
100, 2500, 2500, 2500, 2500, 2500, 2500, 2500, 2500, 2500, 2500, 
2500, 6633.02, 6620.122, 6662.528, 6862.443, 6894.651, 6946.338, 
6957.955, 7025.518, 7107.21800000001, 7140.09699999999, 7170.10399999999, 
1, 1, 1, 1, 1, 1, 1, 1, 1, 1, 1, 0.07692, 0.07692, 0.07692, 0.07692, 
0.07692, 0.07692, 0.07692, 0.07692, 0.07692, 0.07692, 0.07692, 
0, 0, 0, 0, 0, 0, 0, 0, 0, 0, 0, 0, 0, 0, 0, 0, 0, 0, 0, 0, 0, 
0, 0.85092, 0.83315, 0.87721, 0.82012, 0.82225, 0.82952, 0.83983, 
0.82913, 0.82276, 0.81918, 0.83704, 0.8413, 0.8594, 0.86471, 
0.81391, 0.84222, 0.82, 0.83528, 0.82551, 0.83476, 0.80777, 0.83704, 
0.0161, 0.0169, 0.0182, 0.0197, 0.0199, 0.0213, 0.0224, 0.0235, 
0.0248, 0.0262, 0.027, 66.3, 74.9, 81, 87.1, 91.3, 97, 102.3, 
106.3, 115.5, 120.5, 123.6, 1, 1, 1, 1, 1, 1, 1, 1, 1, 1, 1, 
1, 1, 1, 1, 1, 1, 1, 1, 1, 1, 1, 1, 1, 1, 1, 1, 1, 1, 1, 1, 1, 
1, 1, 1, 1, 1, 1, 1, 1, 1, 1, 1, 1, 2.609, 2.645, 2.657, 2.723, 
2.683, 2.76, 2.769, 2.805, 2.775, 2.815, 2.8), .Dim = c(11L, 
40L), .Dimnames = list(NULL, c("Sampling", "PSO.cost", "PSO.gamma", 
"PSO.data.balancing", "PSO.feature.selection", "PSO.valid.acc", 
"PSO.test.acc", "PSO.train.time", "PSO.n.support.vectors", "PSO.index", 
"PSO.n.solutions", "PSO.generations", "PSO.n.evaluations", "PSO.cpu.time", 
"RS.cost", "RS.gamma", "RS.data.balancing", "RS.feature.selection", 
"RS.valid.acc", "RS.test.acc", "RS.train.time", "RS.n.support.vectors", 
"RS.index", "RS.n.solutions", "RS.generations", "RS.n.evaluations", 
"RS.cpu.time", "DF.cost", "DF.gamma", "DF.data.balancing", "DF.feature.selection", 
"DF.valid.acc", "DF.test.acc", "DF.train.time", "DF.n.support.vectors", 
"DF.index", "DF.n.solutions", "DF.generations", "DF.n.evaluations", 
"DF.cpu.time")))
