full <-
structure(c(50, 55, 60, 65, 70, 75, 80, 85, 90, 95, 100, 3.61106, 
-0.58787, 8.14989, 3.26289, 1.93997, 6.10324, 3.40339, 5.62978, 
-0.83588, 5.3533, 6.88714, -10.49874, -4.20333, -13.15801, -10.45361, 
-8.29655, -13.83806, -10.52989, -11.50535, -7.35632, -7.72218, 
-15, 0, 0, 0, 0, 0, 0, 0, 0, 0, 0, 0, 0, 0, 0, 0, 0, 0, 0, 0, 
0, 0, 0, 0.87399, 0.86065, 0.8539, 0.86405, 0.85942, 0.88381, 
0.87208, 0.87536, 0.87483, 0.86187, 0.85926, 0.85082, 0.82107, 
0.83547, 0.8415, 0.84912, 0.85952, 0.84437, 0.85815, 0.85867, 
0.85076, 0.85556, 0.0109, 0.0114, 0.0112, 0.0126, 0.0128, 0.0139, 
0.0151, 0.0145, 0.0193, 0.0177, 0.0207, 68.5, 75.3, 61.5, 85.8, 
82.8, 104, 101, 87.4, 134.8, 84.8, 139.6, 76, 248, 170, 77, 397, 
148, 1700, 29, 460, 762, 88, 200, 1043, 156, 74, 67, 160, 6, 
171, 97, 53, 129, 100, 100, 100, 100, 100, 100, 100, 100, 100, 
100, 100, 2500, 2500, 2500, 2500, 2500, 2500, 2500, 2500, 2500, 
2500, 2500, 7217.707, 6822.076, 6543.147, 6295.188, 6289.996, 
6325.736, 6920.43599999999, 8947.274, 9811.02799999999, 9766.774, 
9805.83500000002, 6.63714, 1.81153, 5.36803, -1.50389, 4.2427, 
3.82469, 2.10218, 2.18277, 0.70523, 6.6221, 1.83635, -13.51568, 
-4.08073, -10.42945, -8.00845, -10.83852, -11.48282, -9.1919, 
-7.41902, -8.51809, -14.61161, -9.97089, 0, 0, 0, 0, 0, 0, 0, 
0, 0, 0, 0, 0, 0, 0, 0, 0, 0, 0, 0, 0, 0, 0, 0.87399, 0.8606, 
0.8539, 0.85915, 0.85468, 0.88381, 0.87208, 0.87554, 0.87083, 
0.85831, 0.85926, 0.85082, 0.83435, 0.83468, 0.81373, 0.84412, 
0.85452, 0.84437, 0.84964, 0.85467, 0.84706, 0.85556, 0.0112, 
0.0115, 0.011, 0.0143, 0.0129, 0.0139, 0.0146, 0.0159, 0.019, 
0.0199, 0.0205, 68.3, 66, 62.1, 127.4, 83.8, 103.1, 101, 83.8, 
124.5, 132.9, 140.4, 375, 1382, 727, 295, 128, 177, 2029, 1634, 
1073, 236, 3, 14, 1, 8, 4, 5, 15, 1, 1, 3, 6, 17, 100, 100, 100, 
100, 100, 100, 100, 100, 100, 100, 100, 2500, 2500, 2500, 2500, 
2500, 2500, 2500, 2500, 2500, 2500, 2500, 7280.277, 6775.409, 
6359.578, 6298.72700000001, 6342.97, 6477.81600000001, 6732.87299999999, 
9928.959, 10144.457, 9730.48500000002, 9784.35000000001, 1, 1, 
1, 1, 1, 1, 1, 1, 1, 1, 1, 0.07692, 0.07692, 0.07692, 0.07692, 
0.07692, 0.07692, 0.07692, 0.07692, 0.07692, 0.07692, 0.07692, 
0, 0, 0, 0, 0, 0, 0, 0, 0, 0, 0, 0, 0, 0, 0, 0, 0, 0, 0, 0, 0, 
0, 0.81877, 0.84726, 0.82297, 0.81961, 0.82336, 0.835, 0.84957, 
0.85815, 0.85417, 0.83166, 0.83333, 0.82647, 0.83393, 0.79235, 
0.8134, 0.82833, 0.83976, 0.86277, 0.84493, 0.83417, 0.84276, 
0.84074, 0.0112, 0.0117, 0.012, 0.0127, 0.0135, 0.0144, 0.0155, 
0.0175, 0.0186, 0.0194, 0.0204, 71.9, 77.6, 81.3, 85.7, 93, 95.5, 
103.3, 106.5, 114.1, 120.8, 125.2, 1, 1, 1, 1, 1, 1, 1, 1, 1, 
1, 1, 1, 1, 1, 1, 1, 1, 1, 1, 1, 1, 1, 1, 1, 1, 1, 1, 1, 1, 1, 
1, 1, 1, 1, 1, 1, 1, 1, 1, 1, 1, 1, 1, 1, 2.846, 2.666, 2.449, 
2.577, 2.523, 2.638, 2.655, 3.92, 4.179, 3.858, 3.943), .Dim = c(11L, 
40L), .Dimnames = list(NULL, c("Sampling", "PSO.cost", "PSO.gamma", 
"PSO.data.balancing", "PSO.feature.selection", "PSO.valid.acc", 
"PSO.test.acc", "PSO.train.time", "PSO.n.support.vectors", "PSO.index", 
"PSO.n.solutions", "PSO.generations", "PSO.n.evaluations", "PSO.cpu.time", 
"RS.cost", "RS.gamma", "RS.data.balancing", "RS.feature.selection", 
"RS.valid.acc", "RS.test.acc", "RS.train.time", "RS.n.support.vectors", 
"RS.index", "RS.n.solutions", "RS.generations", "RS.n.evaluations", 
"RS.cpu.time", "DF.cost", "DF.gamma", "DF.data.balancing", "DF.feature.selection", 
"DF.valid.acc", "DF.test.acc", "DF.train.time", "DF.n.support.vectors", 
"DF.index", "DF.n.solutions", "DF.generations", "DF.n.evaluations", 
"DF.cpu.time")))
