full <-
structure(c(50, 55, 60, 65, 70, 75, 80, 85, 90, 95, 100, 8.74598, 
0.67595, 2.94138, 5.11698, 8.46058, 0.95487, 2.6501, 0.56293, 
-0.68227, 1.30718, 7.33621, -13.48583, -6.43759, -9.75694, -12.71695, 
-12.7988, -8.30326, -10.72076, -4.55235, -7.13802, -9.65168, 
-15, 0, 0, 0, 0, 0, 0, 0, 0, 0, 0, 0, 0, 0, 0, 0, 0, 0, 0, 0, 
0, 0, 0, 0.85714, 0.82643, 0.85238, 0.84885, 0.85947, 0.8531, 
0.85882, 0.85393, 0.84642, 0.85495, 0.85556, 0.82802, 0.80595, 
0.84613, 0.84198, 0.83316, 0.83405, 0.84516, 0.81933, 0.82576, 
0.8434, 0.85185, 0.0175, 0.0188, 0.0195, 0.0205, 0.0214, 0.0225, 
0.0233, 0.0241, 0.0273, 0.0279, 0.0261, 53.1, 70.7, 79.5, 95.2, 
70, 105.1, 120.7, 100.6, 132.7, 145.1, 129.8, 282, 2393, 65, 
240, 102, 403, 48, 1172, 342, 379, 84, 91, 1, 207, 40, 470, 36, 
117, 53, 73, 40, 229, 100, 100, 100, 100, 100, 100, 100, 100, 
100, 100, 100, 2500, 2500, 2500, 2500, 2500, 2500, 2500, 2500, 
2500, 2500, 2500, 7521.094, 8044.008, 8070.436, 8065.075, 7934.506, 
7947.493, 7861.755, 7762.367, 7814.19299999998, 7731.85399999999, 
7449.18500000003, 4.87945, 0.83332, 1.85798, 1.6741, 6.72523, 
1.21047, 3.16876, 0.83851, -0.8723, -0.10678, 0.64452, -9.72099, 
-5.79834, -8.78118, -9.21972, -11.07407, -8.40877, -11.29403, 
-4.82355, -6.88071, -4.49422, -8.24815, 0, 0, 0, 0, 0, 0, 0, 
0, 0, 0, 0, 0, 0, 0, 0, 0, 0, 0, 0, 0, 0, 0, 0.85714, 0.8331, 
0.85238, 0.84297, 0.85947, 0.8531, 0.85882, 0.84976, 0.84242, 
0.85466, 0.85556, 0.83571, 0.81976, 0.85201, 0.8361, 0.83316, 
0.83881, 0.84516, 0.82784, 0.82576, 0.83926, 0.85185, 0.0204, 
0.0187, 0.0206, 0.0212, 0.0212, 0.0226, 0.0244, 0.0239, 0.0272, 
0.0255, 0.0272, 54.7, 67.8, 81.7, 95.3, 70.1, 102.6, 121.3, 97.4, 
132.4, 113.9, 131.4, 185, 108, 898, 711, 226, 694, 216, 505, 
585, 888, 96, 4, 2, 7, 5, 24, 2, 5, 1, 5, 3, 25, 100, 100, 100, 
100, 100, 100, 100, 100, 100, 100, 100, 2500, 2500, 2500, 2500, 
2500, 2500, 2500, 2500, 2500, 2500, 2500, 7889.717, 8146.955, 
8213.26, 8102.485, 8045.599, 7918.618, 7836.91099999999, 7969.311, 
7917.18899999998, 7679.42199999999, 7990.21299999999, 1, 1, 1, 
1, 1, 1, 1, 1, 1, 1, 1, 0.07692, 0.07692, 0.07692, 0.07692, 0.07692, 
0.07692, 0.07692, 0.07692, 0.07692, 0.07692, 0.07692, 0, 0, 0, 
0, 0, 0, 0, 0, 0, 0, 0, 0, 0, 0, 0, 0, 0, 0, 0, 0, 0, 0, 0.81264, 
0.78548, 0.80306, 0.79064, 0.81737, 0.80452, 0.81291, 0.83654, 
0.80991, 0.82772, 0.82222, 0.79066, 0.805, 0.8027, 0.77332, 0.80158, 
0.80952, 0.81765, 0.82784, 0.80191, 0.83157, 0.83704, 0.0192, 
0.0197, 0.0199, 0.021, 0.0226, 0.0224, 0.0237, 0.0248, 0.0268, 
0.027, 0.0273, 73.5, 82.2, 85.9, 93.2, 97.8, 104.7, 109.2, 112.8, 
119.2, 125.6, 125.1, 1, 1, 1, 1, 1, 1, 1, 1, 1, 1, 1, 1, 1, 1, 
1, 1, 1, 1, 1, 1, 1, 1, 1, 1, 1, 1, 1, 1, 1, 1, 1, 1, 1, 1, 1, 
1, 1, 1, 1, 1, 1, 1, 1, 1, 3.332, 3.334, 3.231, 3.202, 3.429, 
3.031, 2.994, 3.065, 3.159, 2.919, 2.97), .Dim = c(11L, 40L), .Dimnames = list(
    NULL, c("Sampling", "PSO.cost", "PSO.gamma", "PSO.data.balancing", 
    "PSO.feature.selection", "PSO.valid.acc", "PSO.test.acc", 
    "PSO.train.time", "PSO.n.support.vectors", "PSO.index", "PSO.n.solutions", 
    "PSO.generations", "PSO.n.evaluations", "PSO.cpu.time", "RS.cost", 
    "RS.gamma", "RS.data.balancing", "RS.feature.selection", 
    "RS.valid.acc", "RS.test.acc", "RS.train.time", "RS.n.support.vectors", 
    "RS.index", "RS.n.solutions", "RS.generations", "RS.n.evaluations", 
    "RS.cpu.time", "DF.cost", "DF.gamma", "DF.data.balancing", 
    "DF.feature.selection", "DF.valid.acc", "DF.test.acc", "DF.train.time", 
    "DF.n.support.vectors", "DF.index", "DF.n.solutions", "DF.generations", 
    "DF.n.evaluations", "DF.cpu.time")))
