full <-
structure(c(50, 55, 60, 65, 70, 75, 80, 85, 90, 95, 100, 1.2863, 
-2, 5.50206, 3.87498, 6.36559, 1.2974, -1.32668, 6.1155, 5.97144, 
2.344, 4.267, -9.62203, -6.01577, -15, -12.52886, -15, -8.26597, 
-5.83612, -14.71467, -14.39727, -9.05833, -13.04153, 0, 0, 0, 
0, 0, 0, 0, 0, 0, 0, 0, 0, 0, 0, 0, 0, 0, 0, 0, 0, 0, 0, 0.85824, 
0.8669, 0.85809, 0.87026, 0.86939, 0.86881, 0.85849, 0.86696, 
0.86183, 0.8612, 0.85556, 0.83626, 0.86065, 0.83309, 0.86471, 
0.85857, 0.87381, 0.84979, 0.85845, 0.85383, 0.8421, 0.85556, 
0.0182, 0.0184, 0.02, 0.0204, 0.0218, 0.0213, 0.0222, 0.0255, 
0.026, 0.0258, 0.0296, 84.7, 93.7, 116.8, 103.7, 109.7, 90.1, 
110, 131.2, 134.2, 110.7, 154.8, 135, 95, 1425, 64, 63, 4, 841, 
152, 13, 89, 274, 140, 845, 5, 267, 118, 324, 94, 42, 281, 96, 
87, 100, 100, 100, 100, 100, 100, 100, 100, 100, 100, 100, 2500, 
2500, 2500, 2500, 2500, 2500, 2500, 2500, 2500, 2500, 2500, 7271.511, 
7390.642, 7502.088, 7377.246, 7322.81, 7332.88799999999, 7318.27899999999, 
7317.41900000001, 7421.63499999999, 7466.99000000002, 7491.18799999999, 
2.5091, -1.27002, -1.94487, 0.29622, 4.72283, 5.75294, -1.40382, 
3.09036, -0.34214, 5.37477, 5.98946, -10.91598, -6.91857, -6.4623, 
-9.06513, -13.34008, -12.70804, -5.74212, -12.124, -8.00957, 
-12.04012, -14.80903, 0, 0, 0, 0, 0, 0, 0, 0, 0, 0, 0, 0, 0, 
0, 0, 0, 0, 0, 0, 0, 0, 0, 0.85824, 0.8669, 0.85184, 0.87026, 
0.86939, 0.86881, 0.85849, 0.8628, 0.86183, 0.8612, 0.85556, 
0.84341, 0.86732, 0.84559, 0.86438, 0.85857, 0.87381, 0.84979, 
0.84539, 0.85383, 0.84594, 0.85185, 0.0182, 0.0187, 0.0208, 0.0212, 
0.0217, 0.0216, 0.0233, 0.0258, 0.0268, 0.0254, 0.0293, 85.3, 
91.4, 104.6, 108, 109.7, 88.2, 110.3, 140.9, 136.5, 108.5, 155.6, 
97, 1684, 294, 31, 435, 22, 1816, 488, 381, 317, 1053, 13, 1, 
6, 27, 2, 30, 1, 12, 23, 5, 1, 100, 100, 100, 100, 100, 100, 
100, 100, 100, 100, 100, 2500, 2500, 2500, 2500, 2500, 2500, 
2500, 2500, 2500, 2500, 2500, 7352.149, 7420.501, 7919.592, 7392.465, 
7371.41500000001, 7413.07399999999, 7422.56600000001, 7427.33, 
7575.10000000001, 7604.78399999999, 7719.01300000001, 1, 1, 1, 
1, 1, 1, 1, 1, 1, 1, 1, 0.07692, 0.07692, 0.07692, 0.07692, 0.07692, 
0.07692, 0.07692, 0.07692, 0.07692, 0.07692, 0.07692, 0, 0, 0, 
0, 0, 0, 0, 0, 0, 0, 0, 0, 0, 0, 0, 0, 0, 0, 0, 0, 0, 0, 0.80549, 
0.84018, 0.82757, 0.84739, 0.80667, 0.81476, 0.8407, 0.83272, 
0.83367, 0.83426, 0.82222, 0.81319, 0.81964, 0.83971, 0.84739, 
0.80111, 0.81976, 0.84068, 0.8416, 0.84967, 0.82345, 0.84074, 
0.0186, 0.0181, 0.0186, 0.02, 0.0212, 0.0218, 0.0237, 0.0242, 
0.0251, 0.0276, 0.0281, 72.6, 76.6, 82.9, 85.2, 89.3, 95.3, 104, 
107.7, 111.8, 120.8, 123.9, 1, 1, 1, 1, 1, 1, 1, 1, 1, 1, 1, 
1, 1, 1, 1, 1, 1, 1, 1, 1, 1, 1, 1, 1, 1, 1, 1, 1, 1, 1, 1, 1, 
1, 1, 1, 1, 1, 1, 1, 1, 1, 1, 1, 1, 3.029, 2.929, 2.829, 3.044, 
3.053, 2.813, 2.851, 2.942, 2.929, 3.018, 3.019), .Dim = c(11L, 
40L), .Dimnames = list(NULL, c("Sampling", "PSO.cost", "PSO.gamma", 
"PSO.data.balancing", "PSO.feature.selection", "PSO.valid.acc", 
"PSO.test.acc", "PSO.train.time", "PSO.n.support.vectors", "PSO.index", 
"PSO.n.solutions", "PSO.generations", "PSO.n.evaluations", "PSO.cpu.time", 
"RS.cost", "RS.gamma", "RS.data.balancing", "RS.feature.selection", 
"RS.valid.acc", "RS.test.acc", "RS.train.time", "RS.n.support.vectors", 
"RS.index", "RS.n.solutions", "RS.generations", "RS.n.evaluations", 
"RS.cpu.time", "DF.cost", "DF.gamma", "DF.data.balancing", "DF.feature.selection", 
"DF.valid.acc", "DF.test.acc", "DF.train.time", "DF.n.support.vectors", 
"DF.index", "DF.n.solutions", "DF.generations", "DF.n.evaluations", 
"DF.cpu.time")))
