full <-
structure(c(50, 55, 60, 65, 70, 75, 80, 85, 90, 95, 100, -1.51904, 
-0.69873, 4.21843, 2.70259, 0.53476, -1.4472, -0.16782, 4.2757, 
0.53527, -0.61607, 6.06894, -5.96241, -7.03606, -12.73409, -11.12768, 
-8.78258, -6.52843, -8.64992, -13.28826, -9.39424, -6.46457, 
-15, 0, 0, 0, 0, 0, 0, 0, 0, 0, 0, 0, 0, 0, 0, 0, 0, 0, 0, 0, 
0, 0, 0, 0.83103, 0.82512, 0.82265, 0.82418, 0.83754, 0.84829, 
0.86342, 0.8501, 0.85417, 0.86274, 0.85556, 0.82333, 0.80512, 
0.81088, 0.80686, 0.83257, 0.84374, 0.82208, 0.83249, 0.84183, 
0.8546, 0.84815, 0.0191, 0.0197, 0.0212, 0.022, 0.0239, 0.0245, 
0.0274, 0.0288, 0.0308, 0.0286, 0.0304, 88.2, 94.4, 108.5, 112.5, 
115.4, 119.6, 137.5, 146.1, 149.9, 123, 158.8, 1241, 1260, 845, 
108, 154, 205, 77, 39, 92, 180, 169, 22, 65, 94, 38, 156, 98, 
147, 107, 173, 173, 131, 100, 100, 100, 100, 100, 100, 100, 100, 
100, 100, 100, 2500, 2500, 2500, 2500, 2500, 2500, 2500, 2500, 
2500, 2500, 2500, 8721.471, 8688.416, 8810.296, 8666.696, 8753.973, 
8782.969, 9095.15299999999, 9081.34199999999, 9138.57800000001, 
9077.81999999998, 8903.21799999999, -1.31935, -1.13204, 4.52109, 
9.09175, 1.85538, -0.53527, 1.62778, 7.84662, 1.86126, -1.8688, 
5.07153, -5.9539, -6.06662, -13.04131, -11.58193, -10.24049, 
-7.73889, -10.54058, -14.53161, -10.74961, -5.33207, -13.98351, 
0, 0, 0, 0, 0, 0, 0, 0, 0, 0, 0, 0, 0, 0, 0, 0, 0, 0, 0, 0, 0, 
0, 0.82388, 0.82512, 0.82265, 0.82418, 0.83754, 0.84829, 0.86342, 
0.8501, 0.85417, 0.86274, 0.85556, 0.81619, 0.80512, 0.81088, 
0.79608, 0.83784, 0.83944, 0.83117, 0.83742, 0.84583, 0.8546, 
0.84815, 0.0191, 0.0243, 0.0216, 0.0201, 0.023, 0.0248, 0.027, 
0.0251, 0.0291, 0.0287, 0.0314, 85.1, 90.8, 108.5, 64.3, 117.2, 
121.6, 137.5, 103.1, 150, 134.7, 158.3, 416, 373, 1193, 22, 408, 
430, 436, 229, 1296, 36, 5, 2, 5, 2, 15, 5, 5, 6, 15, 3, 4, 5, 
100, 100, 100, 100, 100, 100, 100, 100, 100, 100, 100, 2500, 
2500, 2500, 2500, 2500, 2500, 2500, 2500, 2500, 2500, 2500, 8716.123, 
8788.566, 8705.131, 8797.516, 8804.728, 8895.66200000001, 9134.202, 
9190.728, 9222.90699999998, 9039.83300000001, 8966.97199999998, 
1, 1, 1, 1, 1, 1, 1, 1, 1, 1, 1, 0.07692, 0.07692, 0.07692, 0.07692, 
0.07692, 0.07692, 0.07692, 0.07692, 0.07692, 0.07692, 0.07692, 
0, 0, 0, 0, 0, 0, 0, 0, 0, 0, 0, 0, 0, 0, 0, 0, 0, 0, 0, 0, 0, 
0, 0.76392, 0.7775, 0.76824, 0.78366, 0.79515, 0.82877, 0.80823, 
0.82872, 0.8295, 0.83506, 0.81852, 0.77938, 0.78417, 0.77333, 
0.78987, 0.76439, 0.8192, 0.81732, 0.82854, 0.82933, 0.84705, 
0.82963, 0.0188, 0.0214, 0.021, 0.0227, 0.0222, 0.0252, 0.0237, 
0.0264, 0.0279, 0.0278, 0.0289, 75.4, 82.8, 89.7, 94.9, 100.1, 
102.2, 107.1, 113.3, 118.3, 119.8, 123.9, 1, 1, 1, 1, 1, 1, 1, 
1, 1, 1, 1, 1, 1, 1, 1, 1, 1, 1, 1, 1, 1, 1, 1, 1, 1, 1, 1, 1, 
1, 1, 1, 1, 1, 1, 1, 1, 1, 1, 1, 1, 1, 1, 1, 1, 3.486, 3.474, 
3.397, 3.537, 3.405, 3.715, 3.367, 3.699, 3.556, 3.506, 3.52), .Dim = c(11L, 
40L), .Dimnames = list(NULL, c("Sampling", "PSO.cost", "PSO.gamma", 
"PSO.data.balancing", "PSO.feature.selection", "PSO.valid.acc", 
"PSO.test.acc", "PSO.train.time", "PSO.n.support.vectors", "PSO.index", 
"PSO.n.solutions", "PSO.generations", "PSO.n.evaluations", "PSO.cpu.time", 
"RS.cost", "RS.gamma", "RS.data.balancing", "RS.feature.selection", 
"RS.valid.acc", "RS.test.acc", "RS.train.time", "RS.n.support.vectors", 
"RS.index", "RS.n.solutions", "RS.generations", "RS.n.evaluations", 
"RS.cpu.time", "DF.cost", "DF.gamma", "DF.data.balancing", "DF.feature.selection", 
"DF.valid.acc", "DF.test.acc", "DF.train.time", "DF.n.support.vectors", 
"DF.index", "DF.n.solutions", "DF.generations", "DF.n.evaluations", 
"DF.cpu.time")))
