full <-
structure(c(50, 55, 60, 65, 70, 75, 80, 85, 90, 95, 100, 7.98986, 
-2, -2, 9.60261, 3.61693, 0.1808, 1.69309, 7.04437, 0.51746, 
0.09904, 6.54039, -11.87553, -6.26419, -7.06145, -13.81421, -12.26356, 
-8.56072, -10.87827, -15, -8.25353, -8.24287, -15, 0, 0, 0, 0, 
0, 0, 0, 0, 0, 0, 0, 0, 0, 0, 0, 0, 0, 0, 0, 0, 0, 0, 0.89615, 
0.88702, 0.88456, 0.87676, 0.87553, 0.88833, 0.86399, 0.85433, 
0.85012, 0.85859, 0.85185, 0.85934, 0.86607, 0.87243, 0.85388, 
0.865, 0.87881, 0.8549, 0.84582, 0.85028, 0.84674, 0.85185, 0.0178, 
0.02, 0.0211, 0.0191, 0.0228, 0.0245, 0.0265, 0.0253, 0.0276, 
0.0291, 0.0305, 42, 94.6, 113, 57.5, 113.4, 115.3, 140.1, 119.5, 
125.8, 138.1, 146.6, 120, 56, 1200, 348, 221, 719, 94, 71, 224, 
815, 151, 124, 669, 78, 66, 141, 30, 184, 193, 112, 130, 174, 
100, 100, 100, 100, 100, 100, 100, 100, 100, 100, 100, 2500, 
2500, 2500, 2500, 2500, 2500, 2500, 2500, 2500, 2500, 2500, 8758.688, 
8687.449, 8483.626, 8367.02299999999, 8473.19099999999, 8507.82299999999, 
8863.664, 8879.504, 9100.07699999999, 9127.28899999999, 9049.609, 
7.86419, -1.48616, 9.64102, 7.42879, 6.11519, -0.68831, 6.61794, 
3.12225, 0.73819, -1.51324, 0.89252, -11.78436, -7.62331, -10.45693, 
-11.64236, -14.84662, -7.67477, -14.22284, -11.01475, -8.49912, 
-6.74527, -9.31346, 0, 0, 0, 0, 0, 0, 0, 0, 0, 0, 0, 0, 0, 0, 
0, 0, 0, 0, 0, 0, 0, 0, 0.89615, 0.88613, 0.88419, 0.87676, 0.87553, 
0.88833, 0.86399, 0.85433, 0.85012, 0.85843, 0.85185, 0.85934, 
0.86607, 0.84154, 0.85388, 0.87, 0.87405, 0.85471, 0.84582, 0.85028, 
0.84304, 0.85185, 0.0185, 0.02, 0.0188, 0.0184, 0.023, 0.0245, 
0.0237, 0.0265, 0.0277, 0.0299, 0.0298, 42.2, 103.7, 42.7, 57.2, 
115.2, 116.6, 108.1, 118.7, 125.9, 145.7, 146.8, 379, 121, 78, 
463, 1497, 115, 213, 212, 853, 836, 230, 2, 12, 4, 2, 7, 1, 15, 
11, 2, 2, 10, 100, 100, 100, 100, 100, 100, 100, 100, 100, 100, 
100, 2500, 2500, 2500, 2500, 2500, 2500, 2500, 2500, 2500, 2500, 
2500, 8776.861, 8499.274, 8364.91, 8494.904, 8523.173, 8762.36199999999, 
8910.94899999999, 9123.057, 9164.34100000001, 9193.19400000002, 
9116.889, 1, 1, 1, 1, 1, 1, 1, 1, 1, 1, 1, 0.07692, 0.07692, 
0.07692, 0.07692, 0.07692, 0.07692, 0.07692, 0.07692, 0.07692, 
0.07692, 0.07692, 0, 0, 0, 0, 0, 0, 0, 0, 0, 0, 0, 0, 0, 0, 0, 
0, 0, 0, 0, 0, 0, 0, 0.85989, 0.85411, 0.85956, 0.84694, 0.8231, 
0.84476, 0.8365, 0.82008, 0.80576, 0.82363, 0.82963, 0.85275, 
0.85321, 0.85368, 0.84763, 0.8331, 0.83976, 0.8456, 0.83692, 
0.80945, 0.82379, 0.84074, 0.0191, 0.0194, 0.0198, 0.0211, 0.0217, 
0.0242, 0.0246, 0.0269, 0.0266, 0.0279, 0.03, 66.6, 73.7, 77.8, 
82.5, 89.8, 95.9, 104.1, 110.3, 116.2, 121.6, 125.4, 1, 1, 1, 
1, 1, 1, 1, 1, 1, 1, 1, 1, 1, 1, 1, 1, 1, 1, 1, 1, 1, 1, 1, 1, 
1, 1, 1, 1, 1, 1, 1, 1, 1, 1, 1, 1, 1, 1, 1, 1, 1, 1, 1, 1, 3.526, 
3.399, 3.383, 3.437, 3.443, 3.673, 3.649, 3.799, 3.479, 3.623, 
3.586), .Dim = c(11L, 40L), .Dimnames = list(NULL, c("Sampling", 
"PSO.cost", "PSO.gamma", "PSO.data.balancing", "PSO.feature.selection", 
"PSO.valid.acc", "PSO.test.acc", "PSO.train.time", "PSO.n.support.vectors", 
"PSO.index", "PSO.n.solutions", "PSO.generations", "PSO.n.evaluations", 
"PSO.cpu.time", "RS.cost", "RS.gamma", "RS.data.balancing", "RS.feature.selection", 
"RS.valid.acc", "RS.test.acc", "RS.train.time", "RS.n.support.vectors", 
"RS.index", "RS.n.solutions", "RS.generations", "RS.n.evaluations", 
"RS.cpu.time", "DF.cost", "DF.gamma", "DF.data.balancing", "DF.feature.selection", 
"DF.valid.acc", "DF.test.acc", "DF.train.time", "DF.n.support.vectors", 
"DF.index", "DF.n.solutions", "DF.generations", "DF.n.evaluations", 
"DF.cpu.time")))
