full <-
structure(c(50, 55, 60, 65, 70, 75, 80, 85, 90, 95, 100, 1.57076, 
2.92975, 6.06139, 2.31462, 10.32207, -2, 5.49584, -0.31003, 6.67194, 
7.32136, 10.31745, -10.02861, -11.09894, -15, -7.18731, -10.4604, 
-5.79554, -14.22935, -5.93224, -10.46517, -13.11183, -14.72225, 
0, 0, 0, 0, 0, 0, 0, 0, 0, 0, 0, 0, 0, 0, 0, 0, 0, 0, 0, 0, 0, 
0, 0.82253, 0.82571, 0.82868, 0.86471, 0.85854, 0.8403, 0.84928, 
0.84982, 0.86633, 0.86948, 0.86296, 0.79286, 0.79905, 0.80441, 
0.84216, 0.82219, 0.83078, 0.84018, 0.82826, 0.84183, 0.85794, 
0.84444, 0.0186, 0.0187, 0.0226, 0.0211, 0.025, 0.0245, 0.0261, 
0.0234, 0.024, 0.0233, 0.0253, 89.4, 91.7, 110, 70.8, 62.4, 121, 
130.7, 104, 77.4, 96, 89.2, 234, 115, 163, 1334, 738, 534, 33, 
2224, 1084, 29, 17, 67, 187, 93, 25, 88, 35, 163, 3, 26, 143, 
90, 100, 100, 100, 100, 100, 100, 100, 100, 100, 100, 100, 2500, 
2500, 2500, 2500, 2500, 2500, 2500, 2500, 2500, 2500, 2500, 7367.412, 
7398.559, 8379.599, 8189.598, 8551.2, 8378.64, 8471.40300000001, 
7499.36599999999, 7371.72199999999, 7395.193, 7335.67799999999, 
3.69961, 4.19613, 1.54956, -0.78651, 13.33113, 5.21638, 3.15491, 
-0.29857, 7.81347, 6.76508, 2.08797, -12.17881, -12.4162, -10.43368, 
-4.23959, -12.00315, -13.49642, -12.00449, -5.82084, -11.56531, 
-12.55496, -10.73206, 0, 0, 0, 0, 0, 0, 0, 0, 0, 0, 0, 0, 0, 
0, 0, 0, 0, 0, 0, 0, 0, 0, 0.82253, 0.82571, 0.82868, 0.86471, 
0.85854, 0.8403, 0.84928, 0.84982, 0.86233, 0.86948, 0.86296, 
0.79286, 0.79857, 0.80441, 0.83039, 0.82219, 0.83078, 0.84473, 
0.82826, 0.84183, 0.85794, 0.85556, 0.0181, 0.0189, 0.0223, 0.0219, 
0.0305, 0.0248, 0.0272, 0.0233, 0.0225, 0.0243, 0.029, 89.4, 
92.6, 109.6, 89.7, 61.2, 116.8, 133.3, 102.9, 77.3, 96.1, 151.6, 
24, 170, 331, 712, 339, 65, 92, 778, 748, 1052, 11, 5, 20, 2, 
7, 5, 2, 10, 2, 6, 2, 11, 100, 100, 100, 100, 100, 100, 100, 
100, 100, 100, 100, 2500, 2500, 2500, 2500, 2500, 2500, 2500, 
2500, 2500, 2500, 2500, 7351.559, 8080.987, 7576.264, 8651.48, 
8592.106, 8382.443, 8047.735, 7519.20699999999, 7590.345, 7453.62600000002, 
7478.731, 1, 1, 1, 1, 1, 1, 1, 1, 1, 1, 1, 0.07692, 0.07692, 
0.07692, 0.07692, 0.07692, 0.07692, 0.07692, 0.07692, 0.07692, 
0.07692, 0.07692, 0, 0, 0, 0, 0, 0, 0, 0, 0, 0, 0, 0, 0, 0, 0, 
0, 0, 0, 0, 0, 0, 0, 0.77857, 0.79143, 0.80441, 0.81961, 0.81693, 
0.81626, 0.83153, 0.8192, 0.83417, 0.85054, 0.83704, 0.80055, 
0.7981, 0.81728, 0.81928, 0.81225, 0.81195, 0.82696, 0.82808, 
0.83367, 0.83885, 0.83333, 0.0168, 0.02, 0.0196, 0.0219, 0.0233, 
0.024, 0.0225, 0.0248, 0.0254, 0.0252, 0.0272, 74.6, 80.7, 86.1, 
90.7, 97.1, 100.4, 104.8, 109.9, 112.3, 116.8, 124, 1, 1, 1, 
1, 1, 1, 1, 1, 1, 1, 1, 1, 1, 1, 1, 1, 1, 1, 1, 1, 1, 1, 1, 1, 
1, 1, 1, 1, 1, 1, 1, 1, 1, 1, 1, 1, 1, 1, 1, 1, 1, 1, 1, 1, 2.838, 
3.278, 2.951, 3.369, 3.371, 3.461, 2.795, 3.031, 3.025, 2.736, 
2.894), .Dim = c(11L, 40L), .Dimnames = list(NULL, c("Sampling", 
"PSO.cost", "PSO.gamma", "PSO.data.balancing", "PSO.feature.selection", 
"PSO.valid.acc", "PSO.test.acc", "PSO.train.time", "PSO.n.support.vectors", 
"PSO.index", "PSO.n.solutions", "PSO.generations", "PSO.n.evaluations", 
"PSO.cpu.time", "RS.cost", "RS.gamma", "RS.data.balancing", "RS.feature.selection", 
"RS.valid.acc", "RS.test.acc", "RS.train.time", "RS.n.support.vectors", 
"RS.index", "RS.n.solutions", "RS.generations", "RS.n.evaluations", 
"RS.cpu.time", "DF.cost", "DF.gamma", "DF.data.balancing", "DF.feature.selection", 
"DF.valid.acc", "DF.test.acc", "DF.train.time", "DF.n.support.vectors", 
"DF.index", "DF.n.solutions", "DF.generations", "DF.n.evaluations", 
"DF.cpu.time")))
