full <-
structure(c(50, 55, 60, 65, 70, 75, 80, 85, 90, 95, 100, 0.10997, 
1.30262, 4.98169, 5.53906, 3.20074, 6.94931, -0.90256, 6.14662, 
-0.27775, -0.36769, -1.8724, -2.54177, -8.91141, -13.79005, -7.23421, 
-11.36642, -13.42985, -7.9337, -15, -7.8952, -5.4612, -6.5396, 
0, 0, 0, 0, 0, 0, 0, 0, 0, 0, 0, 0, 0, 0, 0, 0, 0, 0, 0, 0, 0, 
0, 0.86648, 0.87333, 0.86581, 0.87484, 0.85895, 0.86892, 0.86271, 
0.85124, 0.86633, 0.86114, 0.85556, 0.82912, 0.83333, 0.84154, 
0.86307, 0.83263, 0.85459, 0.83046, 0.85142, 0.86617, 0.84945, 
0.84815, 0.0171, 0.0179, 0.0214, 0.0213, 0.023, 0.0228, 0.0271, 
0.0281, 0.0286, 0.0283, 0.0332, 89.7, 82.1, 107.4, 55.3, 108.9, 
85.4, 134.6, 138, 131.1, 111.1, 156.3, 736, 622, 99, 466, 363, 
10, 406, 132, 94, 1305, 613, 211, 71, 142, 107, 26, 110, 38, 
67, 156, 99, 28, 100, 100, 100, 100, 100, 100, 100, 100, 100, 
100, 100, 2500, 2500, 2500, 2500, 2500, 2500, 2500, 2500, 2500, 
2500, 2500, 6822.162, 6818.42, 9281.507, 9351.783, 9388.788, 
9373.515, 9478.068, 9539.81899999999, 9544.897, 9472.80900000001, 
9540.027, 0.12108, 3.89017, 5.84501, 2.01103, -1.97344, 6.26133, 
0.73474, 5.82859, -0.58848, -0.2053, 4.45478, -2.45862, -11.57842, 
-14.60922, -5.5405, -6.83262, -12.72545, -9.78874, -14.70829, 
-7.53994, -5.68034, -12.96256, 0, 0, 0, 0, 0, 0, 0, 0, 0, 0, 
0, 0, 0, 0, 0, 0, 0, 0, 0, 0, 0, 0, 0.86648, 0.87333, 0.86581, 
0.87484, 0.85368, 0.86892, 0.85817, 0.85124, 0.86633, 0.86114, 
0.85185, 0.82912, 0.83333, 0.84154, 0.83529, 0.84316, 0.85459, 
0.83955, 0.85142, 0.86617, 0.84945, 0.84815, 0.0172, 0.0192, 
0.0217, 0.0208, 0.0248, 0.0228, 0.0276, 0.0292, 0.0293, 0.0272, 
0.0314, 91.7, 82.5, 106.2, 64.1, 127.8, 85.2, 137.2, 138.5, 131.7, 
111, 148.8, 411, 1084, 298, 202, 46, 467, 1034, 264, 1206, 2248, 
332, 4, 3, 5, 3, 47, 4, 3, 2, 7, 1, 4, 100, 100, 100, 100, 100, 
100, 100, 100, 100, 100, 100, 2500, 2500, 2500, 2500, 2500, 2500, 
2500, 2500, 2500, 2500, 2500, 6831.825, 8701.282, 9327.108, 9429.417, 
9425.234, 9509.326, 9589.99500000001, 9629.361, 9565.255, 9626.242, 
9776.06699999998, 1, 1, 1, 1, 1, 1, 1, 1, 1, 1, 1, 0.07692, 0.07692, 
0.07692, 0.07692, 0.07692, 0.07692, 0.07692, 0.07692, 0.07692, 
0.07692, 0.07692, 0, 0, 0, 0, 0, 0, 0, 0, 0, 0, 0, 0, 0, 0, 0, 
0, 0, 0, 0, 0, 0, 0, 0.82198, 0.83333, 0.83419, 0.81275, 0.80605, 
0.83028, 0.79864, 0.8121, 0.83383, 0.84591, 0.82222, 0.83626, 
0.85333, 0.82279, 0.83464, 0.82184, 0.81439, 0.81641, 0.8208, 
0.83, 0.81896, 0.82593, 0.0169, 0.0198, 0.0213, 0.0222, 0.023, 
0.0238, 0.0257, 0.0264, 0.0277, 0.0287, 0.0306, 70, 76, 82.3, 
87.2, 95.7, 95.7, 104.3, 108.9, 113.2, 120.1, 125.2, 1, 1, 1, 
1, 1, 1, 1, 1, 1, 1, 1, 1, 1, 1, 1, 1, 1, 1, 1, 1, 1, 1, 1, 1, 
1, 1, 1, 1, 1, 1, 1, 1, 1, 1, 1, 1, 1, 1, 1, 1, 1, 1, 1, 1, 2.697, 
3.674, 3.761, 3.72, 3.732, 3.652, 3.844, 3.774, 3.79, 3.731, 
3.843), .Dim = c(11L, 40L), .Dimnames = list(NULL, c("Sampling", 
"PSO.cost", "PSO.gamma", "PSO.data.balancing", "PSO.feature.selection", 
"PSO.valid.acc", "PSO.test.acc", "PSO.train.time", "PSO.n.support.vectors", 
"PSO.index", "PSO.n.solutions", "PSO.generations", "PSO.n.evaluations", 
"PSO.cpu.time", "RS.cost", "RS.gamma", "RS.data.balancing", "RS.feature.selection", 
"RS.valid.acc", "RS.test.acc", "RS.train.time", "RS.n.support.vectors", 
"RS.index", "RS.n.solutions", "RS.generations", "RS.n.evaluations", 
"RS.cpu.time", "DF.cost", "DF.gamma", "DF.data.balancing", "DF.feature.selection", 
"DF.valid.acc", "DF.test.acc", "DF.train.time", "DF.n.support.vectors", 
"DF.index", "DF.n.solutions", "DF.generations", "DF.n.evaluations", 
"DF.cpu.time")))
