full <-
structure(c(50, 55, 60, 65, 70, 75, 80, 85, 90, 95, 100, 12.67084, 
3.49159, 2.91327, -1.24286, 3.92196, 4.4682, 5.35355, 2.78064, 
5.46139, 3.6053, 3.19593, -15, -8.56498, -9.88546, -6.3482, -10.36828, 
-7.77579, -13.62505, -9.82396, -11.61861, -6.78895, -10.50486, 
0, 0, 0, 0, 0, 0, 0, 0, 0, 0, 0, 0, 0, 0, 0, 0, 0, 0, 0, 0, 0, 
0, 0.86524, 0.87214, 0.85956, 0.87092, 0.88576, 0.87762, 0.87678, 
0.875, 0.87067, 0.86497, 0.85926, 0.85755, 0.85208, 0.83566, 
0.86536, 0.87997, 0.86738, 0.86748, 0.85761, 0.85467, 0.84203, 
0.85556, 0.0183, 0.0177, 0.0191, 0.0208, 0.0203, 0.0209, 0.0253, 
0.0236, 0.0243, 0.0252, 0.0285, 43.1, 59, 79, 98.8, 81.2, 64.4, 
117.8, 101, 93.9, 87.1, 123.4, 947, 14, 251, 1539, 579, 50, 100, 
181, 957, 218, 625, 90, 523, 79, 28, 23, 533, 162, 150, 22, 252, 
40, 100, 100, 100, 100, 100, 100, 100, 100, 100, 100, 100, 2500, 
2500, 2500, 2500, 2500, 2500, 2500, 2500, 2500, 2500, 2500, 8157.621, 
8102.332, 8194.968, 8027.278, 8133.252, 8022.45, 8086.68399999999, 
8039.527, 8126.04500000001, 8291.35399999999, 8565.28899999999, 
12.85633, 2.90368, 7.83006, -1.31167, 1.81098, 4.91336, 0.50458, 
7.62552, 7.5937, 2.09572, 4.85737, -14.88054, -8.50105, -14.77226, 
-5.86578, -8.12316, -7.91811, -8.39636, -14.70923, -13.7235, 
-5.8332, -12.17184, 0, 0, 0, 0, 0, 0, 0, 0, 0, 0, 0, 0, 0, 0, 
0, 0, 0, 0, 0, 0, 0, 0, 0.86524, 0.87214, 0.85956, 0.86536, 0.88576, 
0.87762, 0.87678, 0.875, 0.87067, 0.86497, 0.85926, 0.84985, 
0.85208, 0.83566, 0.87092, 0.87997, 0.86262, 0.86293, 0.85761, 
0.8505, 0.84972, 0.85556, 0.0185, 0.018, 0.0193, 0.0207, 0.0213, 
0.0206, 0.0234, 0.023, 0.0237, 0.0251, 0.0286, 43, 62.6, 77.8, 
95.8, 80.6, 63.8, 112, 100.5, 93.8, 92.5, 123.3, 335, 55, 77, 
80, 116, 126, 185, 16, 1842, 8, 430, 5, 38, 4, 9, 2, 2, 17, 8, 
1, 6, 2, 100, 100, 100, 100, 100, 100, 100, 100, 100, 100, 100, 
2500, 2500, 2500, 2500, 2500, 2500, 2500, 2500, 2500, 2500, 2500, 
8172.851, 8137.505, 8124.762, 8158.366, 8132.66100000001, 8157.806, 
8179.58899999999, 8156.091, 8332.63099999999, 8624.24599999998, 
8740.67000000001, 1, 1, 1, 1, 1, 1, 1, 1, 1, 1, 1, 0.07692, 0.07692, 
0.07692, 0.07692, 0.07692, 0.07692, 0.07692, 0.07692, 0.07692, 
0.07692, 0.07692, 0, 0, 0, 0, 0, 0, 0, 0, 0, 0, 0, 0, 0, 0, 0, 
0, 0, 0, 0, 0, 0, 0, 0.8493, 0.83696, 0.81066, 0.82614, 0.83889, 
0.8431, 0.83131, 0.84891, 0.84617, 0.84573, 0.81852, 0.83447, 
0.85119, 0.83529, 0.8366, 0.84418, 0.83881, 0.8404, 0.8317, 0.83417, 
0.84204, 0.84074, 0.0189, 0.0188, 0.0204, 0.02, 0.0229, 0.0231, 
0.0228, 0.0248, 0.0251, 0.0285, 0.0283, 73.7, 77.4, 82.2, 86.5, 
91.7, 97.4, 101.4, 105.3, 112.5, 121.6, 124.3, 1, 1, 1, 1, 1, 
1, 1, 1, 1, 1, 1, 1, 1, 1, 1, 1, 1, 1, 1, 1, 1, 1, 1, 1, 1, 1, 
1, 1, 1, 1, 1, 1, 1, 1, 1, 1, 1, 1, 1, 1, 1, 1, 1, 1, 3.392, 
3.22, 3.348, 2.98, 3.347, 3.323, 3.118, 3.377, 3.169, 3.399, 
3.325), .Dim = c(11L, 40L), .Dimnames = list(NULL, c("Sampling", 
"PSO.cost", "PSO.gamma", "PSO.data.balancing", "PSO.feature.selection", 
"PSO.valid.acc", "PSO.test.acc", "PSO.train.time", "PSO.n.support.vectors", 
"PSO.index", "PSO.n.solutions", "PSO.generations", "PSO.n.evaluations", 
"PSO.cpu.time", "RS.cost", "RS.gamma", "RS.data.balancing", "RS.feature.selection", 
"RS.valid.acc", "RS.test.acc", "RS.train.time", "RS.n.support.vectors", 
"RS.index", "RS.n.solutions", "RS.generations", "RS.n.evaluations", 
"RS.cpu.time", "DF.cost", "DF.gamma", "DF.data.balancing", "DF.feature.selection", 
"DF.valid.acc", "DF.test.acc", "DF.train.time", "DF.n.support.vectors", 
"DF.index", "DF.n.solutions", "DF.generations", "DF.n.evaluations", 
"DF.cpu.time")))
