full <-
structure(c(50, 55, 60, 65, 70, 75, 80, 85, 90, 95, 100, 4.85962, 
-1.939, 6.14525, 6.89977, 1.32316, 3.12691, 6.41884, 3.33341, 
3.87921, 5.84794, 0.08013, -12.36686, -4.00001, -15, -11.52559, 
-9.61741, -11.66054, -14.87609, -12.45214, -12.65682, -12.1749, 
-6.00373, 0, 0, 0, 0, 0, 0, 0, 0, 0, 0, 0, 0, 0, 0, 0, 0, 0, 
0, 0, 0, 0, 0, 0.82143, 0.83857, 0.82904, 0.84183, 0.84205, 0.83714, 
0.85866, 0.86721, 0.85781, 0.85875, 0.85926, 0.82143, 0.79857, 
0.82279, 0.79641, 0.84205, 0.83238, 0.85866, 0.85018, 0.83346, 
0.84707, 0.84074, 0.0178, 0.019, 0.0213, 0.0195, 0.0226, 0.0234, 
0.024, 0.0267, 0.0288, 0.0283, 0.0299, 77.9, 95, 111.1, 69.7, 
113.4, 123.5, 123.6, 147.1, 146.8, 106.5, 112.1, 321, 359, 95, 
65, 56, 289, 2071, 118, 403, 113, 57, 29, 727, 260, 317, 95, 
22, 2, 85, 67, 39, 541, 100, 100, 100, 100, 100, 100, 100, 100, 
100, 100, 100, 2500, 2500, 2500, 2500, 2500, 2500, 2500, 2500, 
2500, 2500, 2500, 7470.149, 7493.488, 7468.718, 7454.929, 7465.51300000001, 
7596.48599999999, 7630.667, 7693.041, 7826.35299999999, 9939.63500000001, 
9870.08600000001, 1.84118, -1.46931, 1.49217, 6.41458, 1.83846, 
1.22677, 1.32681, -1.34823, -0.66497, 2.12693, -0.19086, -10.86008, 
-3.64799, -10.30037, -11.03125, -10.10589, -9.74697, -9.69265, 
-7.60208, -8.24839, -7.99834, -5.7437, 0, 0, 0, 0, 0, 0, 0, 0, 
0, 0, 0, 0, 0, 0, 0, 0, 0, 0, 0, 0, 0, 0, 0.81593, 0.82524, 0.82904, 
0.84183, 0.84205, 0.83714, 0.85411, 0.86721, 0.85781, 0.85875, 
0.85926, 0.77857, 0.79857, 0.82904, 0.79641, 0.84205, 0.83238, 
0.85411, 0.85018, 0.84179, 0.84323, 0.84444, 0.0191, 0.019, 0.0205, 
0.0195, 0.0223, 0.0233, 0.0241, 0.0263, 0.0308, 0.028, 0.0292, 
97.5, 93, 110.8, 69.7, 112.3, 123.9, 122.8, 146.8, 152.6, 103.1, 
114.9, 66, 183, 67, 26, 391, 552, 76, 165, 739, 364, 126, 4, 
4, 18, 8, 7, 1, 27, 3, 5, 4, 11, 100, 100, 100, 100, 100, 100, 
100, 100, 100, 100, 100, 2500, 2500, 2500, 2500, 2500, 2500, 
2500, 2500, 2500, 2500, 2500, 7509.94, 7492.018, 7508.658, 7519.514, 
7544.72100000001, 7678.10699999999, 7749.285, 7775.796, 10078.476, 
9939.03700000001, 10106.452, 1, 1, 1, 1, 1, 1, 1, 1, 1, 1, 1, 
0.07692, 0.07692, 0.07692, 0.07692, 0.07692, 0.07692, 0.07692, 
0.07692, 0.07692, 0.07692, 0.07692, 0, 0, 0, 0, 0, 0, 0, 0, 0, 
0, 0, 0, 0, 0, 0, 0, 0, 0, 0, 0, 0, 0, 0.76264, 0.77857, 0.81654, 
0.81373, 0.80518, 0.80833, 0.82143, 0.82464, 0.81713, 0.84676, 
0.84444, 0.78407, 0.76524, 0.81507, 0.80196, 0.81076, 0.79786, 
0.8171, 0.81612, 0.81329, 0.83877, 0.82593, 0.0177, 0.0187, 0.0201, 
0.0207, 0.0215, 0.0226, 0.0233, 0.0248, 0.0293, 0.0295, 0.0307, 
75.5, 82.2, 89.3, 95, 98.2, 103.1, 104.7, 110, 115.5, 121.3, 
124.6, 1, 1, 1, 1, 1, 1, 1, 1, 1, 1, 1, 1, 1, 1, 1, 1, 1, 1, 
1, 1, 1, 1, 1, 1, 1, 1, 1, 1, 1, 1, 1, 1, 1, 1, 1, 1, 1, 1, 1, 
1, 1, 1, 1, 1, 2.867, 2.907, 3.085, 2.949, 3.02, 3.05, 2.997, 
3.092, 4.065, 3.921, 3.949), .Dim = c(11L, 40L), .Dimnames = list(
    NULL, c("Sampling", "PSO.cost", "PSO.gamma", "PSO.data.balancing", 
    "PSO.feature.selection", "PSO.valid.acc", "PSO.test.acc", 
    "PSO.train.time", "PSO.n.support.vectors", "PSO.index", "PSO.n.solutions", 
    "PSO.generations", "PSO.n.evaluations", "PSO.cpu.time", "RS.cost", 
    "RS.gamma", "RS.data.balancing", "RS.feature.selection", 
    "RS.valid.acc", "RS.test.acc", "RS.train.time", "RS.n.support.vectors", 
    "RS.index", "RS.n.solutions", "RS.generations", "RS.n.evaluations", 
    "RS.cpu.time", "DF.cost", "DF.gamma", "DF.data.balancing", 
    "DF.feature.selection", "DF.valid.acc", "DF.test.acc", "DF.train.time", 
    "DF.n.support.vectors", "DF.index", "DF.n.solutions", "DF.generations", 
    "DF.n.evaluations", "DF.cpu.time")))
