full <-
structure(c(50, 55, 60, 65, 70, 75, 80, 85, 90, 95, 100, 5.80687, 
4.27684, 0.14635, 6.7393, 2.90463, 1.08697, -0.79963, 3.81721, 
-1.46839, 4.71829, -1.63767, -14.32208, -12.61299, -7.9112, -15, 
-12.32922, -8.8027, -6.07163, -11.94919, -6.49248, -13.42286, 
-5.78961, 0, 0, 0, 0, 0, 0, 0, 0, 0, 0, 0, 0, 0, 0, 0, 0, 0, 
0, 0, 0, 0, 0, 0.85982, 0.85708, 0.85882, 0.85261, 0.8586, 0.8731, 
0.864, 0.85524, 0.86662, 0.85413, 0.86296, 0.83729, 0.86375, 
0.83456, 0.84706, 0.84307, 0.84833, 0.83648, 0.84274, 0.85845, 
0.84644, 0.84815, 0.0112, 0.012, 0.0134, 0.0144, 0.0161, 0.0152, 
0.016, 0.0174, 0.0186, 0.0198, 0.0199, 90, 91.1, 92.9, 103.3, 
131.9, 107.8, 108.7, 122.8, 133.5, 146.3, 138.6, 132, 937, 1494, 
94, 1493, 908, 348, 451, 43, 148, 702, 66, 20, 13, 329, 8, 57, 
372, 23, 86, 86, 74, 100, 100, 100, 100, 100, 100, 100, 100, 
100, 100, 100, 2500, 2500, 2500, 2500, 2500, 2500, 2500, 2500, 
2500, 2500, 2500, 6814.081, 6788.867, 9246.318, 9499.578, 9652.699, 
9415.94600000001, 9602.823, 9751.15100000001, 9775.842, 9083.59399999998, 
8870.58199999999, 4.03855, 0.75748, -0.42637, 4.54186, 2.21724, 
-0.99542, -1.94154, 2.44406, 6.06306, 2.07779, -1.51602, -12.5358, 
-8.78977, -7.27622, -12.78557, -11.57945, -6.05623, -5.86643, 
-10.53858, -13.96285, -7.41857, -6.11378, 0, 0, 0, 0, 0, 0, 0, 
0, 0, 0, 0, 0, 0, 0, 0, 0, 0, 0, 0, 0, 0, 0, 0.85982, 0.8575, 
0.85257, 0.85261, 0.8536, 0.86833, 0.86359, 0.85107, 0.86662, 
0.85413, 0.85926, 0.83729, 0.86417, 0.83456, 0.84706, 0.84307, 
0.83881, 0.84559, 0.84274, 0.8546, 0.8349, 0.84815, 0.0113, 0.0115, 
0.0134, 0.0138, 0.0159, 0.0157, 0.0172, 0.0177, 0.0179, 0.0171, 
0.0203, 90, 87.4, 93.3, 103.3, 130.9, 104.9, 125.8, 122.3, 123.3, 
97.2, 140.1, 447, 2495, 994, 51, 169, 43, 2311, 256, 19, 303, 
1296, 1, 1, 1, 18, 5, 15, 1, 8, 1, 8, 1, 100, 100, 100, 100, 
100, 100, 100, 100, 100, 100, 100, 2500, 2500, 2500, 2500, 2500, 
2500, 2500, 2500, 2500, 2500, 2500, 6805.94, 6798.894, 9463.42000000001, 
9529.69100000001, 9550.81, 9360.844, 9866.09899999999, 9976.712, 
9848.70000000001, 9039.81200000001, 10216.386, 1, 1, 1, 1, 1, 
1, 1, 1, 1, 1, 1, 0.07692, 0.07692, 0.07692, 0.07692, 0.07692, 
0.07692, 0.07692, 0.07692, 0.07692, 0.07692, 0.07692, 0, 0, 0, 
0, 0, 0, 0, 0, 0, 0, 0, 0, 0, 0, 0, 0, 0, 0, 0, 0, 0, 0, 0.80857, 
0.81071, 0.82169, 0.8134, 0.82673, 0.85381, 0.83648, 0.82136, 
0.84229, 0.83105, 0.83333, 0.79319, 0.80446, 0.79154, 0.82484, 
0.82699, 0.82452, 0.82324, 0.82533, 0.85029, 0.8198, 0.82593, 
0.0109, 0.0114, 0.013, 0.0139, 0.0144, 0.0155, 0.0164, 0.0175, 
0.0186, 0.0185, 0.0206, 72.3, 75.8, 83.1, 88.8, 94.1, 101.4, 
106.6, 111.4, 115.2, 118.7, 124.9, 1, 1, 1, 1, 1, 1, 1, 1, 1, 
1, 1, 1, 1, 1, 1, 1, 1, 1, 1, 1, 1, 1, 1, 1, 1, 1, 1, 1, 1, 1, 
1, 1, 1, 1, 1, 1, 1, 1, 1, 1, 1, 1, 1, 1, 2.722, 2.78, 3.734, 
3.833, 3.621, 3.721, 3.831, 3.913, 3.999, 3.428, 4.348), .Dim = c(11L, 
40L), .Dimnames = list(NULL, c("Sampling", "PSO.cost", "PSO.gamma", 
"PSO.data.balancing", "PSO.feature.selection", "PSO.valid.acc", 
"PSO.test.acc", "PSO.train.time", "PSO.n.support.vectors", "PSO.index", 
"PSO.n.solutions", "PSO.generations", "PSO.n.evaluations", "PSO.cpu.time", 
"RS.cost", "RS.gamma", "RS.data.balancing", "RS.feature.selection", 
"RS.valid.acc", "RS.test.acc", "RS.train.time", "RS.n.support.vectors", 
"RS.index", "RS.n.solutions", "RS.generations", "RS.n.evaluations", 
"RS.cpu.time", "DF.cost", "DF.gamma", "DF.data.balancing", "DF.feature.selection", 
"DF.valid.acc", "DF.test.acc", "DF.train.time", "DF.n.support.vectors", 
"DF.index", "DF.n.solutions", "DF.generations", "DF.n.evaluations", 
"DF.cpu.time")))
