full <-
structure(c(50, 55, 60, 65, 70, 75, 80, 85, 90, 95, 100, 5.96802, 
-0.87072, -0.5558, -1.36558, 0.4188, 0.24693, -1.22489, 6.47968, 
5.7206, 1.4922, 7.01526, -13.74084, -7.79943, -6.67793, -5.00406, 
-8.21745, -6.92579, -6.62654, -10.85663, -8.07079, -10.28088, 
-15, 0, 0, 0, 0, 0, 0, 0, 0, 0, 0, 0, 0, 0, 0, 0, 0, 0, 0, 0, 
0, 0, 0, 0.88462, 0.87905, 0.87029, 0.8711, 0.87515, 0.88463, 
0.87631, 0.87989, 0.87017, 0.86962, 0.86296, 0.87747, 0.86524, 
0.86404, 0.85967, 0.86959, 0.84511, 0.86226, 0.85435, 0.86217, 
0.85823, 0.84444, 0.0178, 0.0191, 0.0197, 0.0202, 0.0218, 0.0218, 
0.0244, 0.0231, 0.0264, 0.0312, 0.0293, 76.2, 98.3, 87, 93.2, 
101.8, 91.9, 114.9, 72.6, 73.8, 151.8, 137, 524, 62, 848, 699, 
1268, 1240, 1363, 88, 44, 89, 334, 20, 217, 40, 77, 22, 46, 14, 
57, 252, 164, 49, 100, 100, 100, 100, 100, 100, 100, 100, 100, 
100, 100, 2500, 2500, 2500, 2500, 2500, 2500, 2500, 2500, 2500, 
2500, 2500, 7586.507, 8002.555, 8114.769, 8021.329, 8134.06800000001, 
8156.803, 8255.07400000001, 8337.72199999999, 8487.41800000001, 
8590.845, 8344.03300000002, 0.00106, -0.78994, 0.7065, -1.24355, 
0.47222, -0.30354, -0.36494, 8.59927, -1.68188, -1.45079, 1.04304, 
-7.49874, -8.05892, -9.92118, -5.32587, -4.90173, -6.89339, -8.56267, 
-12.97313, -5.58953, -6.9655, -8.86737, 0, 0, 0, 0, 0, 0, 0, 
0, 0, 0, 0, 0, 0, 0, 0, 0, 0, 0, 0, 0, 0, 0, 0.88462, 0.87905, 
0.86951, 0.8711, 0.87459, 0.87963, 0.87155, 0.87989, 0.87017, 
0.87333, 0.86296, 0.86978, 0.87905, 0.86404, 0.85349, 0.86404, 
0.84511, 0.86659, 0.85435, 0.86617, 0.86578, 0.84815, 0.0172, 
0.02, 0.0214, 0.0197, 0.0206, 0.023, 0.0262, 0.0234, 0.0277, 
0.0319, 0.0291, 75.2, 101.5, 116.5, 92.2, 76.1, 100.2, 132.3, 
72.1, 125.8, 149.1, 135.2, 487, 52, 997, 1248, 486, 960, 81, 
692, 50, 787, 509, 8, 11, 2, 1, 2, 3, 8, 1, 13, 1, 3, 100, 100, 
100, 100, 100, 100, 100, 100, 100, 100, 100, 2500, 2500, 2500, 
2500, 2500, 2500, 2500, 2500, 2500, 2500, 2500, 7706.859, 8136.877, 
8167.722, 8024.459, 8261.70299999999, 8292.24799999999, 8288.46699999999, 
8510.477, 8680.728, 8599.47099999999, 8914.31299999999, 1, 1, 
1, 1, 1, 1, 1, 1, 1, 1, 1, 0.07692, 0.07692, 0.07692, 0.07692, 
0.07692, 0.07692, 0.07692, 0.07692, 0.07692, 0.07692, 0.07692, 
0, 0, 0, 0, 0, 0, 0, 0, 0, 0, 0, 0, 0, 0, 0, 0, 0, 0, 0, 0, 0, 
0, 0.85542, 0.83952, 0.8401, 0.84856, 0.86462, 0.85513, 0.85791, 
0.85417, 0.854, 0.83129, 0.82963, 0.86311, 0.85905, 0.83385, 
0.8479, 0.84354, 0.85965, 0.85831, 0.83714, 0.84983, 0.83115, 
0.82963, 0.018, 0.0188, 0.0206, 0.0215, 0.0232, 0.0232, 0.0232, 
0.0267, 0.0266, 0.0273, 0.0279, 69.1, 75.4, 81.7, 87.6, 91.6, 
95, 99.4, 104, 111.3, 121.1, 122.8, 1, 1, 1, 1, 1, 1, 1, 1, 1, 
1, 1, 1, 1, 1, 1, 1, 1, 1, 1, 1, 1, 1, 1, 1, 1, 1, 1, 1, 1, 1, 
1, 1, 1, 1, 1, 1, 1, 1, 1, 1, 1, 1, 1, 1, 3.132, 3.166, 3.309, 
3.374, 3.189, 3.312, 3.239, 3.574, 3.477, 3.224, 3.322), .Dim = c(11L, 
40L), .Dimnames = list(NULL, c("Sampling", "PSO.cost", "PSO.gamma", 
"PSO.data.balancing", "PSO.feature.selection", "PSO.valid.acc", 
"PSO.test.acc", "PSO.train.time", "PSO.n.support.vectors", "PSO.index", 
"PSO.n.solutions", "PSO.generations", "PSO.n.evaluations", "PSO.cpu.time", 
"RS.cost", "RS.gamma", "RS.data.balancing", "RS.feature.selection", 
"RS.valid.acc", "RS.test.acc", "RS.train.time", "RS.n.support.vectors", 
"RS.index", "RS.n.solutions", "RS.generations", "RS.n.evaluations", 
"RS.cpu.time", "DF.cost", "DF.gamma", "DF.data.balancing", "DF.feature.selection", 
"DF.valid.acc", "DF.test.acc", "DF.train.time", "DF.n.support.vectors", 
"DF.index", "DF.n.solutions", "DF.generations", "DF.n.evaluations", 
"DF.cpu.time")))
