full <-
structure(c(50, 55, 60, 65, 70, 75, 80, 85, 90, 95, 100, 4.19843, 
4.7361, 4.13781, -0.80703, 0.50356, 4.41233, 5.67619, 8.2738, 
-1.53658, 15, -2, -9.11405, -7.98749, -13.51319, -4.02937, -9.50831, 
-6.39656, -7.38733, -9.68282, -5.79034, -12.72833, -6.49042, 
0, 0, 0, 0, 0, 0, 0, 0, 0, 0, 0, 0, 0, 0, 0, 0, 0, 0, 0, 0, 0, 
0, 0.8467, 0.85173, 0.83971, 0.85948, 0.85409, 0.85974, 0.86268, 
0.86685, 0.86217, 0.85117, 0.84815, 0.80989, 0.81833, 0.83346, 
0.85359, 0.84383, 0.83495, 0.85315, 0.85399, 0.84567, 0.82791, 
0.84074, 0.0178, 0.0188, 0.0262, 0.0216, 0.0239, 0.0227, 0.0229, 
0.0249, 0.0285, 0.0501, 0.0311, 53, 52.5, 116.7, 91.4, 125, 72.2, 
70.1, 68.7, 128.4, 80.6, 158.3, 123, 173, 178, 712, 14, 198, 
211, 108, 2354, 327, 1249, 237, 130, 128, 224, 76, 111, 71, 158, 
1, 6, 128, 100, 100, 100, 100, 100, 100, 100, 100, 100, 100, 
100, 2500, 2500, 2500, 2500, 2500, 2500, 2500, 2500, 2500, 2500, 
2500, 8683.258, 8734.269, 8659.156, 8716.904, 8755.272, 8768.781, 
9006.614, 8962.40200000002, 8865.84299999999, 9406.065, 9057.921, 
8.06684, 4.36167, -0.6998, -0.64156, 0.50996, 4.06841, 5.32331, 
5.99315, -0.92018, 14.62202, -0.57048, -13.07799, -7.70365, -8.54818, 
-4.6876, -9.50778, -6.15648, -10.66982, -8.46307, -6.30687, -12.57183, 
-8.31484, 0, 0, 0, 0, 0, 0, 0, 0, 0, 0, 0, 0, 0, 0, 0, 0, 0, 
0, 0, 0, 0, 0, 0.8467, 0.85173, 0.83971, 0.85915, 0.85409, 0.85974, 
0.86205, 0.86685, 0.85817, 0.84746, 0.84444, 0.81703, 0.81167, 
0.82721, 0.84771, 0.84383, 0.83495, 0.85728, 0.85399, 0.85, 0.83176, 
0.84074, 0.0179, 0.0195, 0.0213, 0.0219, 0.0238, 0.0233, 0.0241, 
0.0237, 0.0275, 0.0466, 0.0324, 53.1, 52.8, 116.3, 86.5, 124.8, 
73, 78.8, 70.8, 122.7, 80.4, 159.5, 56, 983, 44, 2353, 258, 802, 
215, 481, 140, 1089, 120, 20, 2, 8, 1, 2, 1, 24, 13, 28, 3, 6, 
100, 100, 100, 100, 100, 100, 100, 100, 100, 100, 100, 2500, 
2500, 2500, 2500, 2500, 2500, 2500, 2500, 2500, 2500, 2500, 8706.268, 
8810.764, 8666.762, 8765.83300000001, 8807.311, 9077.451, 9116.15699999999, 
8988.29699999999, 9023.39499999999, 9257.43099999998, 9132.967, 
1, 1, 1, 1, 1, 1, 1, 1, 1, 1, 1, 0.07692, 0.07692, 0.07692, 0.07692, 
0.07692, 0.07692, 0.07692, 0.07692, 0.07692, 0.07692, 0.07692, 
0, 0, 0, 0, 0, 0, 0, 0, 0, 0, 0, 0, 0, 0, 0, 0, 0, 0, 0, 0, 0, 
0, 0.82473, 0.83125, 0.82794, 0.83072, 0.84439, 0.83945, 0.83517, 
0.85417, 0.84133, 0.82881, 0.82222, 0.81758, 0.82506, 0.82206, 
0.84183, 0.83936, 0.83469, 0.83867, 0.84529, 0.81717, 0.81697, 
0.81852, 0.0191, 0.0246, 0.0215, 0.0208, 0.0237, 0.0238, 0.0242, 
0.0258, 0.0281, 0.0288, 0.0297, 73.2, 80.5, 84.7, 91.2, 95.6, 
100.4, 105.3, 111.3, 118.1, 122.9, 124.6, 1, 1, 1, 1, 1, 1, 1, 
1, 1, 1, 1, 1, 1, 1, 1, 1, 1, 1, 1, 1, 1, 1, 1, 1, 1, 1, 1, 1, 
1, 1, 1, 1, 1, 1, 1, 1, 1, 1, 1, 1, 1, 1, 1, 1, 3.428, 3.524, 
3.433, 3.505, 3.618, 3.568, 3.531, 3.418, 3.728, 3.636, 3.602
), .Dim = c(11L, 40L), .Dimnames = list(NULL, c("Sampling", "PSO.cost", 
"PSO.gamma", "PSO.data.balancing", "PSO.feature.selection", "PSO.valid.acc", 
"PSO.test.acc", "PSO.train.time", "PSO.n.support.vectors", "PSO.index", 
"PSO.n.solutions", "PSO.generations", "PSO.n.evaluations", "PSO.cpu.time", 
"RS.cost", "RS.gamma", "RS.data.balancing", "RS.feature.selection", 
"RS.valid.acc", "RS.test.acc", "RS.train.time", "RS.n.support.vectors", 
"RS.index", "RS.n.solutions", "RS.generations", "RS.n.evaluations", 
"RS.cpu.time", "DF.cost", "DF.gamma", "DF.data.balancing", "DF.feature.selection", 
"DF.valid.acc", "DF.test.acc", "DF.train.time", "DF.n.support.vectors", 
"DF.index", "DF.n.solutions", "DF.generations", "DF.n.evaluations", 
"DF.cpu.time")))
