full <-
structure(c(50, 55, 60, 65, 70, 75, 80, 85, 90, 95, 100, 5.13597, 
3.5501, -0.64603, 6.78955, 0.37045, 5.69713, 6.01617, -1.09654, 
4.88457, 6.47295, 2.27501, -7.43842, -11.64871, -4.45612, -10.78344, 
-6.54542, -13.90399, -10.65798, -6.52589, -13.31843, -15, -10.81899, 
0, 0, 0, 0, 0, 0, 0, 0, 0, 0, 0, 0, 0, 0, 0, 0, 0, 0, 0, 0, 0, 
0, 0.88077, 0.88286, 0.88934, 0.87582, 0.88901, 0.88259, 0.88519, 
0.88478, 0.87417, 0.86621, 0.85556, 0.86538, 0.86232, 0.86471, 
0.87026, 0.86211, 0.85781, 0.87566, 0.88062, 0.85783, 0.85437, 
0.84074, 0.0161, 0.0208, 0.0201, 0.0212, 0.0193, 0.0259, 0.0214, 
0.0257, 0.0277, 0.0283, 0.0315, 40, 86.9, 74.8, 52.9, 78.8, 110.1, 
68.7, 117.5, 134.3, 143.7, 149.3, 137, 81, 258, 8, 140, 112, 
141, 339, 243, 1410, 68, 746, 107, 142, 281, 137, 285, 24, 113, 
77, 5, 148, 100, 100, 100, 100, 100, 100, 100, 100, 100, 100, 
100, 2500, 2500, 2500, 2500, 2500, 2500, 2500, 2500, 2500, 2500, 
2500, 7701.191, 8225.91, 8269.099, 8080.475, 8329.082, 8310.11700000001, 
8209.304, 8296.537, 8404.03, 8411.891, 8541.06999999998, 4.42005, 
4.23935, -0.59721, 10.64762, 5.78103, 2.50799, 6.9987, -0.73271, 
-0.7671, 6.00074, 2.07271, -7.21284, -12.26869, -6.94175, -14.67374, 
-12.27747, -10.86378, -11.61255, -7.00454, -7.54473, -14.52046, 
-10.60724, 0, 0, 0, 0, 0, 0, 0, 0, 0, 0, 0, 0, 0, 0, 0, 0, 0, 
0, 0, 0, 0, 0, 0.88077, 0.88286, 0.88934, 0.88137, 0.88374, 0.88259, 
0.88519, 0.88478, 0.87417, 0.86236, 0.85556, 0.86538, 0.86232, 
0.88309, 0.87582, 0.86737, 0.86281, 0.87132, 0.88478, 0.87, 0.85437, 
0.84074, 0.0173, 0.0184, 0.0222, 0.0189, 0.0197, 0.0235, 0.0213, 
0.0249, 0.0273, 0.029, 0.0317, 41.6, 85.8, 86.5, 52.9, 77.1, 
113, 68.4, 117.6, 136.2, 143.6, 149.1, 379, 37, 773, 2350, 319, 
167, 1962, 1493, 257, 195, 445, 8, 7, 1, 1, 12, 28, 1, 1, 8, 
6, 17, 100, 100, 100, 100, 100, 100, 100, 100, 100, 100, 100, 
2500, 2500, 2500, 2500, 2500, 2500, 2500, 2500, 2500, 2500, 2500, 
7968.579, 8273.407, 8313.13099999999, 8213.681, 8323.99000000001, 
8290.682, 8391.81200000001, 8412.53199999999, 8522.91099999999, 
8507.59599999999, 8734.658, 1, 1, 1, 1, 1, 1, 1, 1, 1, 1, 1, 
0.07692, 0.07692, 0.07692, 0.07692, 0.07692, 0.07692, 0.07692, 
0.07692, 0.07692, 0.07692, 0.07692, 0, 0, 0, 0, 0, 0, 0, 0, 0, 
0, 0, 0, 0, 0, 0, 0, 0, 0, 0, 0, 0, 0, 0.85, 0.83613, 0.85882, 
0.85817, 0.86211, 0.85331, 0.84855, 0.84656, 0.8495, 0.82803, 
0.83333, 0.84286, 0.84185, 0.85294, 0.87549, 0.85155, 0.85376, 
0.85806, 0.84638, 0.83317, 0.83928, 0.84815, 0.0176, 0.0187, 
0.0199, 0.021, 0.0221, 0.0224, 0.0231, 0.025, 0.0278, 0.0294, 
0.0288, 69.1, 75.1, 78.9, 83, 88.8, 94.7, 99.2, 104.6, 114.3, 
120.2, 125.3, 1, 1, 1, 1, 1, 1, 1, 1, 1, 1, 1, 1, 1, 1, 1, 1, 
1, 1, 1, 1, 1, 1, 1, 1, 1, 1, 1, 1, 1, 1, 1, 1, 1, 1, 1, 1, 1, 
1, 1, 1, 1, 1, 1, 1, 3.129, 3.296, 2.996, 3.308, 3.248, 3.123, 
3.254, 3.499, 3.24, 3.565, 3.333), .Dim = c(11L, 40L), .Dimnames = list(
    NULL, c("Sampling", "PSO.cost", "PSO.gamma", "PSO.data.balancing", 
    "PSO.feature.selection", "PSO.valid.acc", "PSO.test.acc", 
    "PSO.train.time", "PSO.n.support.vectors", "PSO.index", "PSO.n.solutions", 
    "PSO.generations", "PSO.n.evaluations", "PSO.cpu.time", "RS.cost", 
    "RS.gamma", "RS.data.balancing", "RS.feature.selection", 
    "RS.valid.acc", "RS.test.acc", "RS.train.time", "RS.n.support.vectors", 
    "RS.index", "RS.n.solutions", "RS.generations", "RS.n.evaluations", 
    "RS.cpu.time", "DF.cost", "DF.gamma", "DF.data.balancing", 
    "DF.feature.selection", "DF.valid.acc", "DF.test.acc", "DF.train.time", 
    "DF.n.support.vectors", "DF.index", "DF.n.solutions", "DF.generations", 
    "DF.n.evaluations", "DF.cpu.time")))
