full <-
structure(c(50, 55, 60, 65, 70, 75, 80, 85, 90, 95, 100, -2, 
-0.85074, -0.18199, -0.71373, 1.15741, 0.71675, 3.34193, 7.88345, 
5.26854, 1.59829, -1.64382, -6.34027, -4.36185, -3.61028, -4.04701, 
-8.29453, -9.16511, -5.36645, -15, -14.02289, -9.51384, -5.2268, 
0, 0, 0, 0, 0, 0, 0, 0, 0, 0, 0, 0, 0, 0, 0, 0, 0, 0, 0, 0, 0, 
0, 0.86538, 0.89083, 0.87752, 0.88068, 0.86442, 0.85446, 0.8671, 
0.84511, 0.84947, 0.85123, 0.85926, 0.82912, 0.85077, 0.86539, 
0.86336, 0.84889, 0.85446, 0.8305, 0.8279, 0.83714, 0.84338, 
0.85185, 0.0189, 0.0198, 0.0227, 0.0208, 0.0209, 0.0236, 0.024, 
0.0231, 0.0287, 0.0296, 0.0289, 93, 75, 83.5, 87.4, 89, 119.5, 
78.3, 107.6, 144.9, 133, 134.3, 416, 382, 750, 419, 131, 54, 
1616, 222, 220, 44, 94, 167, 216, 114, 581, 106, 143, 4, 152, 
197, 96, 542, 100, 100, 100, 100, 100, 100, 100, 100, 100, 100, 
100, 2500, 2500, 2500, 2500, 2500, 2500, 2500, 2500, 2500, 2500, 
2500, 7454.132, 7428.809, 7462.962, 7443.747, 7373.771, 7461.072, 
7620.103, 7491.224, 7555.10400000001, 7659.073, 7636.674, 2.62998, 
-1.36209, -0.8742, -0.52849, 1.09239, -1.74056, 3.50815, 6.49619, 
3.84597, 4.75287, 0.74112, -12.1509, -4.23038, -4.41572, -4.33511, 
-8.24495, -6.63687, -5.4554, -13.62576, -12.63798, -12.67881, 
-8.23084, 0, 0, 0, 0, 0, 0, 0, 0, 0, 0, 0, 0, 0, 0, 0, 0, 0, 
0, 0, 0, 0, 0, 0.85879, 0.87702, 0.87716, 0.87513, 0.86442, 0.85446, 
0.8671, 0.84511, 0.84947, 0.85123, 0.85926, 0.84341, 0.84369, 
0.88341, 0.85781, 0.84389, 0.85446, 0.83505, 0.8279, 0.83714, 
0.84338, 0.85185, 0.0195, 0.0192, 0.0205, 0.0207, 0.0216, 0.025, 
0.0231, 0.0255, 0.0281, 0.0283, 0.0276, 104.5, 80.1, 81.6, 83.3, 
89.6, 124.6, 77.7, 107.9, 145.6, 132.7, 128.8, 251, 78, 94, 107, 
841, 217, 1367, 1208, 41, 1139, 600, 4, 11, 10, 1, 5, 7, 1, 2, 
21, 8, 9, 100, 100, 100, 100, 100, 100, 100, 100, 100, 100, 100, 
2500, 2500, 2500, 2500, 2500, 2500, 2500, 2500, 2500, 2500, 2500, 
7489.477, 7473.524, 7513.236, 7397.294, 7443.00199999999, 7536.89, 
7610.202, 7729.60500000001, 7705.818, 7879.12699999998, 7701.753, 
1, 1, 1, 1, 1, 1, 1, 1, 1, 1, 1, 0.07692, 0.07692, 0.07692, 0.07692, 
0.07692, 0.07692, 0.07692, 0.07692, 0.07692, 0.07692, 0.07692, 
0, 0, 0, 0, 0, 0, 0, 0, 0, 0, 0, 0, 0, 0, 0, 0, 0, 0, 0, 0, 0, 
0, 0.84451, 0.86411, 0.87127, 0.85255, 0.83889, 0.80991, 0.83568, 
0.8192, 0.83714, 0.82014, 0.83704, 0.83681, 0.84411, 0.86539, 
0.84637, 0.83307, 0.82446, 0.8671, 0.81504, 0.83312, 0.81229, 
0.83333, 0.0184, 0.0177, 0.0186, 0.0197, 0.0206, 0.0231, 0.0243, 
0.0258, 0.0271, 0.0279, 0.0286, 69.8, 74.8, 81.5, 85.5, 89.1, 
98.5, 106.5, 112.7, 118.5, 121.8, 124.6, 1, 1, 1, 1, 1, 1, 1, 
1, 1, 1, 1, 1, 1, 1, 1, 1, 1, 1, 1, 1, 1, 1, 1, 1, 1, 1, 1, 1, 
1, 1, 1, 1, 1, 1, 1, 1, 1, 1, 1, 1, 1, 1, 1, 1, 3.137, 2.985, 
3.036, 2.798, 2.866, 3.101, 2.984, 3.073, 3.141, 3.19, 3.036), .Dim = c(11L, 
40L), .Dimnames = list(NULL, c("Sampling", "PSO.cost", "PSO.gamma", 
"PSO.data.balancing", "PSO.feature.selection", "PSO.valid.acc", 
"PSO.test.acc", "PSO.train.time", "PSO.n.support.vectors", "PSO.index", 
"PSO.n.solutions", "PSO.generations", "PSO.n.evaluations", "PSO.cpu.time", 
"RS.cost", "RS.gamma", "RS.data.balancing", "RS.feature.selection", 
"RS.valid.acc", "RS.test.acc", "RS.train.time", "RS.n.support.vectors", 
"RS.index", "RS.n.solutions", "RS.generations", "RS.n.evaluations", 
"RS.cpu.time", "DF.cost", "DF.gamma", "DF.data.balancing", "DF.feature.selection", 
"DF.valid.acc", "DF.test.acc", "DF.train.time", "DF.n.support.vectors", 
"DF.index", "DF.n.solutions", "DF.generations", "DF.n.evaluations", 
"DF.cpu.time")))
