full <-
structure(c(50, 55, 60, 65, 70, 75, 80, 85, 90, 95, 100, -1.40642, 
-1.26564, 2.97301, 13.59029, 2.19266, -0.73552, 3.65009, 4.38115, 
13.41215, 4.05824, 6.23969, -3.22365, -4.48544, -4.97658, -12.3062, 
-6.19844, -3.93625, -3.69419, -4.43085, -8.60735, -3.81362, -4.46607, 
0, 0, 0, 0, 0, 0, 0, 0, 0, 0, 0, 0, 0, 0, 0, 0, 0, 0, 0, 0, 0, 
0, 0.31229, 0.31472, 0.30451, 0.2979, 0.30158, 0.29956, 0.30329, 
0.30073, 0.30171, 0.30471, 0.30194, 0.30549, 0.30524, 0.30062, 
0.29465, 0.28709, 0.29434, 0.29419, 0.29891, 0.29392, 0.29897, 
0.29594, 1.1625, 1.4246, 1.6827, 3.0343, 2.1628, 2.5379, 2.9666, 
3.239, 10.1181, 4.1516, 5.1653, 1532.8, 1688.5, 1827.5, 1980, 
2143.7, 2297.1, 2434.4, 2592.4, 2745.1, 2894, 3047.7, 928, 2090, 
1506, 2211, 2295, 2054, 2051, 1411, 1575, 2260, 899, 325, 7, 
26, 1, 1, 2, 4, 8, 1, 1, 31, 100, 100, 100, 100, 100, 100, 100, 
100, 100, 100, 100, 2500, 2500, 2500, 2500, 2500, 2500, 2500, 
2500, 2500, 2500, 2500, 44921.373, 46030.435, 79044.428, 95017.6070000001, 
68946.205, 89789.0090000001, 134756.123, 117931.165, 291988.282, 
144107.655, 190929.269, -1.29421, -1.3368, 3.48973, 12.89844, 
12.06362, -0.77277, 7.98466, 13.18087, 14.30991, 3.96729, 5.04839, 
-3.24986, -4.48831, -5.10096, -11.92015, -6.80716, -3.83583, 
-6.05526, -8.3092, -8.89402, -3.80767, -4.08702, 0, 0, 0, 0, 
0, 0, 0, 0, 0, 0, 0, 0, 0, 0, 0, 0, 0, 0, 0, 0, 0, 0, 0.31021, 
0.31049, 0.30191, 0.29668, 0.30009, 0.29781, 0.30233, 0.30042, 
0.2997, 0.30307, 0.30063, 0.30445, 0.30335, 0.29888, 0.29465, 
0.2923, 0.2933, 0.29316, 0.29552, 0.2945, 0.29924, 0.29516, 1.1613, 
1.4259, 1.6238, 2.8948, 7.1816, 2.5455, 3.5245, 9.6022, 13.9364, 
4.131, 4.5874, 1532.7, 1688.7, 1826.9, 1980.6, 2124, 2296.6, 
2433.7, 2591.2, 2744.3, 2894.5, 3048.2, 548, 2201, 1572, 1500, 
1358, 1392, 2365, 1898, 1697, 853, 1713, 1, 1, 1, 1, 1, 2, 1, 
1, 1, 1, 1, 100, 100, 100, 100, 100, 100, 100, 100, 100, 100, 
100, 2500, 2500, 2500, 2500, 2500, 2500, 2500, 2500, 2500, 2500, 
2500, 76137.699, 90918.199, 106796.815, 125125.28, 151670.708, 
174511.11, 213212.922, 224660.521, 255321.375, 301661.458, 334168.979, 
1, 1, 1, 1, 1, 1, 1, 1, 1, 1, 1, 0.125, 0.125, 0.125, 0.125, 
0.125, 0.125, 0.125, 0.125, 0.125, 0.125, 0.125, 0, 0, 0, 0, 
0, 0, 0, 0, 0, 0, 0, 0, 0, 0, 0, 0, 0, 0, 0, 0, 0, 0, 0.29668, 
0.29389, 0.29151, 0.28272, 0.2915, 0.29397, 0.29744, 0.29366, 
0.2855, 0.29101, 0.29097, 0.29881, 0.30198, 0.29976, 0.28629, 
0.28671, 0.29016, 0.29546, 0.29492, 0.29041, 0.29183, 0.28343, 
1.1869, 1.3358, 1.6023, 1.8929, 2.1328, 2.5175, 2.8638, 3.0704, 
3.5018, 4.0944, 4.4207, 1527.2, 1678.7, 1831.1, 1983.7, 2140.3, 
2290.4, 2441.8, 2599.3, 2751.6, 2904.4, 3057.9, 1, 1, 1, 1, 1, 
1, 1, 1, 1, 1, 1, 1, 1, 1, 1, 1, 1, 1, 1, 1, 1, 1, 1, 1, 1, 1, 
1, 1, 1, 1, 1, 1, 1, 1, 1, 1, 1, 1, 1, 1, 1, 1, 1, 1, 15.541, 
16.905, 20.424, 22.9, 25.463, 30.422, 34.126, 35.308, 40.159, 
46.481, 50.668), .Dim = c(11L, 40L), .Dimnames = list(NULL, c("Sampling", 
"PSO.cost", "PSO.gamma", "PSO.data.balancing", "PSO.feature.selection", 
"PSO.valid.acc", "PSO.test.acc", "PSO.train.time", "PSO.n.support.vectors", 
"PSO.index", "PSO.n.solutions", "PSO.generations", "PSO.n.evaluations", 
"PSO.cpu.time", "RS.cost", "RS.gamma", "RS.data.balancing", "RS.feature.selection", 
"RS.valid.acc", "RS.test.acc", "RS.train.time", "RS.n.support.vectors", 
"RS.index", "RS.n.solutions", "RS.generations", "RS.n.evaluations", 
"RS.cpu.time", "DF.cost", "DF.gamma", "DF.data.balancing", "DF.feature.selection", 
"DF.valid.acc", "DF.test.acc", "DF.train.time", "DF.n.support.vectors", 
"DF.index", "DF.n.solutions", "DF.generations", "DF.n.evaluations", 
"DF.cpu.time")))
