full <-
structure(c(50, 55, 60, 65, 70, 75, 80, 85, 90, 95, 100, 3.206, 
0.77332, 5.95539, 1.48429, 15, -2, 9.01278, 6.91839, 5.8507, 
11.26258, 6.95821, -3.1952, -2.62373, -4.84996, -2.93605, -7.63278, 
-2.73678, -5.8907, -5.82484, -4.71382, -7.67034, -4.33238, 0, 
0, 0, 0, 0, 0, 0, 0, 0, 0, 0, 0, 0, 0, 0, 0, 0, 0, 0, 0, 0, 0, 
0.31026, 0.30859, 0.31065, 0.30803, 0.30492, 0.30791, 0.31237, 
0.30632, 0.30168, 0.2995, 0.30376, 0.30453, 0.29862, 0.30025, 
0.29959, 0.29079, 0.29475, 0.30103, 0.29925, 0.29939, 0.29291, 
0.29542, 1.1707, 1.4028, 1.7555, 1.8734, 25.398, 2.4778, 4.1549, 
3.4934, 3.9669, 7.3932, 5.5168, 1508.1, 1668.2, 1816.6, 1975.2, 
2118.8, 2298.1, 2428.7, 2589.7, 2739.6, 2896.2, 3045.1, 1676, 
1574, 1641, 1278, 1837, 1933, 2412, 1937, 1809, 1704, 1970, 6, 
48, 23, 16, 1, 8, 1, 8, 9, 1, 1, 100, 100, 100, 100, 100, 100, 
100, 100, 100, 100, 100, 2500, 2500, 2500, 2500, 2500, 2500, 
2500, 2500, 2500, 2500, 2500, 40905.18, 62241.378, 62892.131, 
74086.946, 319788.535, 196032.781, 132581.097, 115867.512, 150275.575, 
267045.833, 309207.394, 2.10313, 0.79964, 2.58216, 1.25032, 0.68575, 
7.46157, 1.90538, 6.28011, 5.31476, 12.01557, 6.78175, -1.87016, 
-2.91489, -3.38538, -2.8114, -1.47533, -4.27597, -2.62406, -5.62435, 
-4.38348, -8.16542, -4.22581, 0, 0, 0, 0, 0, 0, 0, 0, 0, 0, 0, 
0, 0, 0, 0, 0, 0, 0, 0, 0, 0, 0, 0.3066, 0.30525, 0.30936, 0.30562, 
0.30389, 0.30789, 0.30946, 0.30326, 0.30053, 0.29866, 0.30142, 
0.30091, 0.30052, 0.30503, 0.3004, 0.30127, 0.30202, 0.30524, 
0.30171, 0.29996, 0.29373, 0.2962, 1.2386, 1.3567, 1.589, 1.9135, 
2.2838, 3.3112, 2.8557, 3.4701, 3.9408, 8.132, 5.7539, 1504.6, 
1668.2, 1818.8, 1975.4, 2121.9, 2266.4, 2429.6, 2590.1, 2739.2, 
2897.5, 3044.1, 2169, 938, 1513, 1291, 1484, 578, 1126, 1392, 
2193, 1432, 1437, 1, 1, 1, 1, 1, 1, 1, 2, 1, 1, 1, 100, 100, 
100, 100, 100, 100, 100, 100, 100, 100, 100, 2500, 2500, 2500, 
2500, 2500, 2500, 2500, 2500, 2500, 2500, 2500, 77606.708, 92692.632, 
105977.002, 131658.457, 150083.437, 179841.321, 188266.991, 227374.649, 
257493.589, 275559.286, 343714.038, 1, 1, 1, 1, 1, 1, 1, 1, 1, 
1, 1, 0.125, 0.125, 0.125, 0.125, 0.125, 0.125, 0.125, 0.125, 
0.125, 0.125, 0.125, 0, 0, 0, 0, 0, 0, 0, 0, 0, 0, 0, 0, 0, 0, 
0, 0, 0, 0, 0, 0, 0, 0, 0.29205, 0.29343, 0.29541, 0.298, 0.28558, 
0.30167, 0.29157, 0.29098, 0.2904, 0.2891, 0.29022, 0.29462, 
0.29624, 0.29804, 0.2892, 0.29226, 0.29892, 0.29417, 0.29099, 
0.29417, 0.28854, 0.29413, 1.1012, 1.4284, 1.5937, 1.9032, 2.1957, 
2.3864, 2.7213, 3.0523, 3.6353, 3.9772, 4.4439, 1517.3, 1671.9, 
1825.3, 1981.1, 2132.3, 2287.3, 2441.2, 2594.7, 2747.5, 2903.2, 
3058.5, 1, 1, 1, 1, 1, 1, 1, 1, 1, 1, 1, 1, 1, 1, 1, 1, 1, 1, 
1, 1, 1, 1, 1, 1, 1, 1, 1, 1, 1, 1, 1, 1, 1, 1, 1, 1, 1, 1, 1, 
1, 1, 1, 1, 1, 14.392, 18.138, 19.396, 22.86, 26.095, 27.924, 
31.571, 35.086, 41.861, 45.458, 50.698), .Dim = c(11L, 40L), .Dimnames = list(
    NULL, c("Sampling", "PSO.cost", "PSO.gamma", "PSO.data.balancing", 
    "PSO.feature.selection", "PSO.valid.acc", "PSO.test.acc", 
    "PSO.train.time", "PSO.n.support.vectors", "PSO.index", "PSO.n.solutions", 
    "PSO.generations", "PSO.n.evaluations", "PSO.cpu.time", "RS.cost", 
    "RS.gamma", "RS.data.balancing", "RS.feature.selection", 
    "RS.valid.acc", "RS.test.acc", "RS.train.time", "RS.n.support.vectors", 
    "RS.index", "RS.n.solutions", "RS.generations", "RS.n.evaluations", 
    "RS.cpu.time", "DF.cost", "DF.gamma", "DF.data.balancing", 
    "DF.feature.selection", "DF.valid.acc", "DF.test.acc", "DF.train.time", 
    "DF.n.support.vectors", "DF.index", "DF.n.solutions", "DF.generations", 
    "DF.n.evaluations", "DF.cpu.time")))
