full <-
structure(c(50, 55, 60, 65, 70, 75, 80, 85, 90, 95, 100, 10.62665, 
9.38131, 4.84928, 7.92811, 7.83079, 4.10763, 6.88323, 14.61521, 
9.98324, 11.18197, 10.65342, -7.27774, -7.33888, -4.15114, -6.20977, 
-6.08778, -4.31132, -6.52451, -8.52216, -7.16135, -6.92855, -7.29739, 
0, 0, 0, 0, 0, 0, 0, 0, 0, 0, 0, 0, 0, 0, 0, 0, 0, 0, 0, 0, 0, 
0, 0.30556, 0.30669, 0.305, 0.30556, 0.30685, 0.30654, 0.29547, 
0.30321, 0.30921, 0.30144, 0.30609, 0.30554, 0.29199, 0.29332, 
0.29397, 0.30458, 0.30269, 0.29057, 0.29556, 0.30286, 0.29542, 
0.29387, 2.0724, 1.8833, 1.745, 2.2607, 2.6813, 2.6301, 3.1183, 
17.6542, 5.1885, 8.4916, 7.5746, 1528.9, 1680.7, 1829.1, 1983.2, 
2136.7, 2287.6, 2444.8, 2591.2, 2744.2, 2893.8, 3052.1, 2378, 
936, 1950, 1288, 1281, 1684, 1057, 2497, 1616, 1770, 782, 1, 
15, 2, 3, 42, 18, 36, 1, 6, 1, 9, 100, 100, 100, 100, 100, 100, 
100, 100, 100, 100, 100, 2500, 2500, 2500, 2500, 2500, 2500, 
2500, 2500, 2500, 2500, 2500, 69318.623, 83456.568, 59270.249, 
73574.344, 141517.546, 85723.1629999999, 106076.276, 444688.974, 
178777.193, 268843.615, 243217.227, 10.19622, 9.84633, 4.95436, 
11.43254, 12.93084, 4.27863, 6.90734, 1.74291, 9.53105, 8.32903, 
8.40788, -7.1713, -7.62965, -4.58496, -7.33078, -8.21555, -4.18867, 
-6.53411, -2.71811, -7.01169, -6.21504, -6.2516, 0, 0, 0, 0, 
0, 0, 0, 0, 0, 0, 0, 0, 0, 0, 0, 0, 0, 0, 0, 0, 0, 0, 0.30348, 
0.30479, 0.30414, 0.30436, 0.30573, 0.3048, 0.29482, 0.30293, 
0.30776, 0.30034, 0.30453, 0.30709, 0.29248, 0.29334, 0.28755, 
0.3046, 0.30198, 0.29025, 0.28854, 0.30372, 0.2894, 0.29387, 
1.9299, 1.8607, 1.7492, 4.1736, 6.349, 2.6233, 3.1271, 3.1485, 
4.9733, 4.9411, 5.5583, 1528.8, 1681, 1831.6, 1980.9, 2135.5, 
2286.5, 2444.8, 2594.8, 2744, 2896.8, 3052.2, 2444, 893, 1762, 
885, 213, 1243, 2111, 253, 1814, 800, 1858, 1, 1, 1, 1, 1, 1, 
1, 1, 1, 1, 1, 100, 100, 100, 100, 100, 100, 100, 100, 100, 100, 
100, 2500, 2500, 2500, 2500, 2500, 2500, 2500, 2500, 2500, 2500, 
2500, 81065.551, 94123.831, 106968.343, 131718.413, 157731.608, 
164429.794, 182632.655, 231343.37, 244813.438, 291040.623, 307485.561, 
1, 1, 1, 1, 1, 1, 1, 1, 1, 1, 1, 0.125, 0.125, 0.125, 0.125, 
0.125, 0.125, 0.125, 0.125, 0.125, 0.125, 0.125, 0, 0, 0, 0, 
0, 0, 0, 0, 0, 0, 0, 0, 0, 0, 0, 0, 0, 0, 0, 0, 0, 0, 0.28837, 
0.28633, 0.28725, 0.29471, 0.28974, 0.29086, 0.28573, 0.2919, 
0.29129, 0.29491, 0.29518, 0.2842, 0.29017, 0.28857, 0.28673, 
0.29347, 0.29157, 0.28602, 0.28885, 0.29735, 0.29353, 0.29231, 
1.1616, 1.3238, 1.5586, 1.9285, 2.215, 2.5484, 2.7449, 3.2686, 
3.57, 3.8064, 4.3321, 1535.1, 1687, 1838.5, 1991.3, 2143.4, 2294.7, 
2448.6, 2601.4, 2751.7, 2903.3, 3058.9, 1, 1, 1, 1, 1, 1, 1, 
1, 1, 1, 1, 1, 1, 1, 1, 1, 1, 1, 1, 1, 1, 1, 1, 1, 1, 1, 1, 1, 
1, 1, 1, 1, 1, 1, 1, 1, 1, 1, 1, 1, 1, 1, 1, 1, 15.795, 17.25, 
19.758, 24.118, 27.107, 30.579, 32.685, 38.473, 41.019, 43.174, 
49.002), .Dim = c(11L, 40L), .Dimnames = list(NULL, c("Sampling", 
"PSO.cost", "PSO.gamma", "PSO.data.balancing", "PSO.feature.selection", 
"PSO.valid.acc", "PSO.test.acc", "PSO.train.time", "PSO.n.support.vectors", 
"PSO.index", "PSO.n.solutions", "PSO.generations", "PSO.n.evaluations", 
"PSO.cpu.time", "RS.cost", "RS.gamma", "RS.data.balancing", "RS.feature.selection", 
"RS.valid.acc", "RS.test.acc", "RS.train.time", "RS.n.support.vectors", 
"RS.index", "RS.n.solutions", "RS.generations", "RS.n.evaluations", 
"RS.cpu.time", "DF.cost", "DF.gamma", "DF.data.balancing", "DF.feature.selection", 
"DF.valid.acc", "DF.test.acc", "DF.train.time", "DF.n.support.vectors", 
"DF.index", "DF.n.solutions", "DF.generations", "DF.n.evaluations", 
"DF.cpu.time")))
