full <-
structure(c(50, 55, 60, 65, 70, 75, 80, 85, 90, 95, 100, 6.47106, 
6.94681, 9.59026, 13.5932, 2.85117, 10.87562, -1.25134, 10.39103, 
4.99555, 8.84422, 5.10229, -8.02998, -5.40692, -6.65086, -9.64335, 
-2.27607, -8.13404, -1.30858, -7.65761, -5.21639, -7.08549, -4.83725, 
0, 0, 0, 0, 0, 0, 0, 0, 0, 0, 0, 0, 0, 0, 0, 0, 0, 0, 0, 0, 0, 
0, 0.2957, 0.30527, 0.29034, 0.29833, 0.30378, 0.29713, 0.29678, 
0.30441, 0.29912, 0.30147, 0.30137, 0.29307, 0.28587, 0.28465, 
0.29672, 0.28963, 0.28289, 0.28959, 0.2983, 0.29131, 0.29956, 
0.29619, 1.2659, 1.6236, 2.4211, 4.3523, 2.2708, 3.8397, 2.9325, 
4.6751, 3.8535, 4.8838, 4.7549, 1526.6, 1675.9, 1827.9, 1980.9, 
2124.9, 2288.5, 2442.3, 2595.2, 2750.3, 2902.1, 3052, 1201, 2270, 
946, 2460, 2191, 823, 1638, 2397, 1545, 2279, 1984, 18, 1, 20, 
2, 2, 24, 30, 2, 61, 1, 15, 100, 100, 100, 100, 100, 100, 100, 
100, 100, 100, 100, 2500, 2500, 2500, 2500, 2500, 2500, 2500, 
2500, 2500, 2500, 2500, 42800.86, 66314.79, 114223.509, 135236.012, 
78308.826, 125927.171, 126547.433, 171325.304, 121680.647, 187376.764, 
161671.056, 13.76458, 11.3713, 5.91674, 11.93083, 3.34083, 12.03622, 
-1.34969, 11.13781, 1.68234, 9.64303, 5.14323, -12.31237, -7.62659, 
-5.29512, -8.64304, -2.51696, -8.66946, -1.38321, -7.87089, -1.45044, 
-6.87778, -4.76606, 0, 0, 0, 0, 0, 0, 0, 0, 0, 0, 0, 0, 0, 0, 
0, 0, 0, 0, 0, 0, 0, 0, 0.29515, 0.30149, 0.28948, 0.29672, 0.3019, 
0.2954, 0.2945, 0.30379, 0.29797, 0.299, 0.30033, 0.29465, 0.28914, 
0.28508, 0.29471, 0.29112, 0.28184, 0.29123, 0.29769, 0.29188, 
0.29954, 0.29671, 2.186, 2.7514, 1.7385, 3.2909, 2.3131, 4.3943, 
2.8862, 5.3971, 3.7527, 5.7179, 4.6987, 1522.4, 1675.1, 1830.7, 
1981.1, 2124.6, 2288, 2443.4, 2594.9, 2733.4, 2899.5, 3052.1, 
262, 2204, 1145, 1911, 972, 2233, 671, 495, 566, 930, 191, 1, 
1, 1, 3, 1, 1, 1, 1, 1, 1, 1, 100, 100, 100, 100, 100, 100, 100, 
100, 100, 100, 100, 2500, 2500, 2500, 2500, 2500, 2500, 2500, 
2500, 2500, 2500, 2500, 82348.199, 97093.325, 109269.374, 129631.647, 
148266.309, 170392.732, 209374.172, 232968.837, 254829.693, 283357.451, 
322940.196, 1, 1, 1, 1, 1, 1, 1, 1, 1, 1, 1, 0.125, 0.125, 0.125, 
0.125, 0.125, 0.125, 0.125, 0.125, 0.125, 0.125, 0.125, 0, 0, 
0, 0, 0, 0, 0, 0, 0, 0, 0, 0, 0, 0, 0, 0, 0, 0, 0, 0, 0, 0, 0.28687, 
0.29584, 0.28597, 0.28788, 0.29108, 0.28461, 0.28768, 0.29186, 
0.289, 0.29049, 0.29407, 0.28527, 0.2902, 0.28769, 0.28426, 0.28737, 
0.28148, 0.28314, 0.298, 0.28784, 0.28611, 0.29096, 1.1797, 1.4115, 
1.5345, 1.8709, 2.081, 2.4109, 2.905, 3.1301, 3.5295, 3.9138, 
4.4081, 1525.1, 1683.9, 1836.6, 1987.5, 2141.2, 2292.5, 2446.8, 
2600.5, 2755.6, 2907.3, 3058.1, 1, 1, 1, 1, 1, 1, 1, 1, 1, 1, 
1, 1, 1, 1, 1, 1, 1, 1, 1, 1, 1, 1, 1, 1, 1, 1, 1, 1, 1, 1, 1, 
1, 1, 1, 1, 1, 1, 1, 1, 1, 1, 1, 1, 1, 15.553, 17.782, 18.676, 
22.441, 24.701, 28.21, 33.783, 36.524, 40.752, 44.621, 49.866
), .Dim = c(11L, 40L), .Dimnames = list(NULL, c("Sampling", "PSO.cost", 
"PSO.gamma", "PSO.data.balancing", "PSO.feature.selection", "PSO.valid.acc", 
"PSO.test.acc", "PSO.train.time", "PSO.n.support.vectors", "PSO.index", 
"PSO.n.solutions", "PSO.generations", "PSO.n.evaluations", "PSO.cpu.time", 
"RS.cost", "RS.gamma", "RS.data.balancing", "RS.feature.selection", 
"RS.valid.acc", "RS.test.acc", "RS.train.time", "RS.n.support.vectors", 
"RS.index", "RS.n.solutions", "RS.generations", "RS.n.evaluations", 
"RS.cpu.time", "DF.cost", "DF.gamma", "DF.data.balancing", "DF.feature.selection", 
"DF.valid.acc", "DF.test.acc", "DF.train.time", "DF.n.support.vectors", 
"DF.index", "DF.n.solutions", "DF.generations", "DF.n.evaluations", 
"DF.cpu.time")))
