full <-
structure(c(50, 55, 60, 65, 70, 75, 80, 85, 90, 95, 100, -1.32238, 
1.99287, 0.16907, 6.40839, 6.56165, 1.9434, 3.17348, 0.19191, 
3.18003, 2.55862, 4.61162, -1.98448, -2.45161, -2.77247, -5.50641, 
-3.60082, -2.53376, -3.82943, -0.36211, -4.27978, -3.03108, -4.28385, 
0, 0, 0, 0, 0, 0, 0, 0, 0, 0, 0, 0, 0, 0, 0, 0, 0, 0, 0, 0, 0, 
0, 0.30555, 0.30816, 0.30983, 0.30313, 0.30981, 0.30271, 0.30397, 
0.30723, 0.30111, 0.3042, 0.3035, 0.30552, 0.30478, 0.29937, 
0.29672, 0.30385, 0.29682, 0.29453, 0.29866, 0.29678, 0.29845, 
0.29385, 1.1717, 1.4119, 1.5964, 2.0962, 2.8545, 2.5683, 2.9222, 
3.2478, 3.6522, 4.1734, 4.6606, 1531.8, 1671.5, 1829.8, 1976.7, 
2122.4, 2283.9, 2440.3, 2578.2, 2749.2, 2893, 3052.4, 2045, 2191, 
1168, 2214, 1054, 2106, 1763, 1483, 2068, 1516, 1805, 4, 5, 12, 
1, 13, 1, 17, 98, 4, 26, 6, 100, 100, 100, 100, 100, 100, 100, 
100, 100, 100, 100, 2500, 2500, 2500, 2500, 2500, 2500, 2500, 
2500, 2500, 2500, 2500, 42690.575, 46687.443, 56800.676, 68505.824, 
116477.829, 122518.529, 151288.436, 108503.777, 127481.526, 126462.373, 
233265.27, -1.21488, 2.42447, 0.04342, 8.74833, 7.5071, 0.22585, 
12.71992, 0.5108, 2.44596, 2.31529, 4.43922, -3.31629, -2.57002, 
-2.75672, -4.89277, -3.8937, -2.29886, -8.16142, -1.05005, -3.84513, 
-2.93764, -4.18457, 0, 0, 0, 0, 0, 0, 0, 0, 0, 0, 0, 0, 0, 0, 
0, 0, 0, 0, 0, 0, 0, 0, 0.30398, 0.30672, 0.30808, 0.30234, 0.30758, 
0.30028, 0.30332, 0.30477, 0.29937, 0.30228, 0.30141, 0.29717, 
0.3048, 0.30066, 0.28754, 0.30385, 0.29752, 0.29652, 0.29895, 
0.29622, 0.2979, 0.29282, 1.1949, 1.3922, 1.6117, 3.1916, 3.2468, 
2.5605, 7.3067, 3.1448, 3.5734, 4.089, 4.5319, 1534.6, 1669.9, 
1829.8, 1969.1, 2120.2, 2290.4, 2439.5, 2581, 2749.5, 2892.9, 
3052.3, 2023, 183, 1082, 497, 1876, 2101, 1673, 2282, 1946, 1971, 
1384, 1, 1, 1, 1, 1, 1, 1, 1, 1, 1, 1, 100, 100, 100, 100, 100, 
100, 100, 100, 100, 100, 100, 2500, 2500, 2500, 2500, 2500, 2500, 
2500, 2500, 2500, 2500, 2500, 80840.528, 100770.275, 111697.562, 
128471.293, 155294.239, 179563.181, 198527.431, 217100.408, 254374.184, 
292094.842, 313776.101, 1, 1, 1, 1, 1, 1, 1, 1, 1, 1, 1, 0.125, 
0.125, 0.125, 0.125, 0.125, 0.125, 0.125, 0.125, 0.125, 0.125, 
0.125, 0, 0, 0, 0, 0, 0, 0, 0, 0, 0, 0, 0, 0, 0, 0, 0, 0, 0, 
0, 0, 0, 0, 0.29668, 0.30099, 0.30591, 0.29348, 0.3005, 0.29267, 
0.29158, 0.29497, 0.29214, 0.29161, 0.29544, 0.29718, 0.29438, 
0.29809, 0.29151, 0.29973, 0.29752, 0.29388, 0.29068, 0.28723, 
0.29544, 0.2897, 1.1837, 1.3504, 1.6328, 1.8867, 2.1978, 2.4335, 
2.7632, 3.0651, 3.545, 4.0046, 4.3094, 1529.4, 1679.9, 1831.2, 
1983.2, 2139, 2293.7, 2448.8, 2603, 2755.5, 2905.5, 3059, 1, 
1, 1, 1, 1, 1, 1, 1, 1, 1, 1, 1, 1, 1, 1, 1, 1, 1, 1, 1, 1, 1, 
1, 1, 1, 1, 1, 1, 1, 1, 1, 1, 1, 1, 1, 1, 1, 1, 1, 1, 1, 1, 1, 
1, 15.38, 17.026, 19.956, 23.656, 26.399, 28.615, 32.091, 35.296, 
40.851, 45.836, 49.634), .Dim = c(11L, 40L), .Dimnames = list(
    NULL, c("Sampling", "PSO.cost", "PSO.gamma", "PSO.data.balancing", 
    "PSO.feature.selection", "PSO.valid.acc", "PSO.test.acc", 
    "PSO.train.time", "PSO.n.support.vectors", "PSO.index", "PSO.n.solutions", 
    "PSO.generations", "PSO.n.evaluations", "PSO.cpu.time", "RS.cost", 
    "RS.gamma", "RS.data.balancing", "RS.feature.selection", 
    "RS.valid.acc", "RS.test.acc", "RS.train.time", "RS.n.support.vectors", 
    "RS.index", "RS.n.solutions", "RS.generations", "RS.n.evaluations", 
    "RS.cpu.time", "DF.cost", "DF.gamma", "DF.data.balancing", 
    "DF.feature.selection", "DF.valid.acc", "DF.test.acc", "DF.train.time", 
    "DF.n.support.vectors", "DF.index", "DF.n.solutions", "DF.generations", 
    "DF.n.evaluations", "DF.cpu.time")))
