full <-
structure(c(50, 55, 60, 65, 70, 75, 80, 85, 90, 95, 100, 3.09119, 
5.71741, 3.70123, 5.89021, -1.16427, 2.86418, 14.74078, 0.7698, 
14.50473, 3.41126, 10.28012, -2.46371, -4.39263, -3.72296, -4.40135, 
-0.3413, -2.36233, -7.96469, -0.28296, -8.75871, -3.3846, -6.0325, 
0, 0, 0, 0, 0, 0, 0, 0, 0, 0, 0, 0, 0, 0, 0, 0, 0, 0, 0, 0, 0, 
0, 0.2999, 0.30289, 0.30421, 0.30527, 0.30792, 0.30648, 0.31045, 
0.30754, 0.30024, 0.30531, 0.30422, 0.28479, 0.28961, 0.29119, 
0.29928, 0.29601, 0.30058, 0.30037, 0.29588, 0.29359, 0.29352, 
0.29408, 1.247, 1.595, 1.6668, 2.221, 2.4012, 2.5675, 23.0134, 
3.3113, 16.2217, 4.1845, 8.5771, 1520.1, 1672.3, 1829.9, 1981.4, 
2135.1, 2282.5, 2430.4, 2574.7, 2745.2, 2894.1, 3048.3, 2154, 
1806, 1772, 1307, 2223, 2455, 2295, 1108, 2055, 2377, 2136, 10, 
3, 17, 15, 9, 89, 1, 23, 1, 4, 3, 100, 100, 100, 100, 100, 100, 
100, 100, 100, 100, 100, 2500, 2500, 2500, 2500, 2500, 2500, 
2500, 2500, 2500, 2500, 2500, 55140.271, 52424.351, 163042.069, 
89525.9990000001, 104854.094, 83705.816, 351194.576, 108099.608, 
362650.969, 139461.76, 342243.991, 3.0678, -0.51056, 5.51054, 
-0.28429, 0.92673, 2.60664, 11.65731, 0.01214, 0.66469, 3.80994, 
1.89287, -2.45677, -3.49224, -4.68888, -0.07666, -0.73601, -2.25255, 
-6.83201, 0.07876, -3.89716, -3.56008, -1.55256, 0, 0, 0, 0, 
0, 0, 0, 0, 0, 0, 0, 0, 0, 0, 0, 0, 0, 0, 0, 0, 0, 0, 0.29886, 
0.29863, 0.30379, 0.30367, 0.30347, 0.30509, 0.3085, 0.30479, 
0.29757, 0.30448, 0.3053, 0.28479, 0.29107, 0.2921, 0.29806, 
0.30197, 0.30023, 0.30364, 0.30201, 0.29154, 0.29188, 0.29904, 
1.2445, 1.3948, 1.8173, 2.1022, 2.3419, 2.6537, 7.6705, 3.5084, 
3.4461, 4.2386, 4.4799, 1520, 1685.6, 1831.1, 1975.2, 2126, 2282.8, 
2429.9, 2574.8, 2752.5, 2894.3, 3038, 1423, 1608, 1557, 1309, 
1292, 366, 1363, 823, 2050, 317, 459, 1, 1, 1, 1, 1, 1, 1, 1, 
1, 1, 1, 100, 100, 100, 100, 100, 100, 100, 100, 100, 100, 100, 
2500, 2500, 2500, 2500, 2500, 2500, 2500, 2500, 2500, 2500, 2500, 
79794.009, 93083.564, 115529.088, 132460.438, 157527.128, 171831.834, 
215359.053, 219887.376, 253049.252, 284551.908, 318275.206, 1, 
1, 1, 1, 1, 1, 1, 1, 1, 1, 1, 0.125, 0.125, 0.125, 0.125, 0.125, 
0.125, 0.125, 0.125, 0.125, 0.125, 0.125, 0, 0, 0, 0, 0, 0, 0, 
0, 0, 0, 0, 0, 0, 0, 0, 0, 0, 0, 0, 0, 0, 0, 0.28209, 0.29104, 
0.29554, 0.29165, 0.29048, 0.29295, 0.30198, 0.29867, 0.29584, 
0.29572, 0.29307, 0.28786, 0.2901, 0.28642, 0.29204, 0.29269, 
0.30097, 0.29678, 0.29282, 0.29241, 0.29351, 0.29148, 1.1736, 
1.4127, 1.5897, 1.9573, 2.1615, 2.4732, 2.712, 3.2183, 3.5555, 
3.91, 4.3842, 1531.1, 1682.3, 1837.7, 1991.8, 2140.8, 2292.7, 
2444.2, 2596.1, 2751.3, 2905.3, 3059.4, 1, 1, 1, 1, 1, 1, 1, 
1, 1, 1, 1, 1, 1, 1, 1, 1, 1, 1, 1, 1, 1, 1, 1, 1, 1, 1, 1, 1, 
1, 1, 1, 1, 1, 1, 1, 1, 1, 1, 1, 1, 1, 1, 1, 1, 15.295, 17.75, 
20.093, 24.208, 25.623, 28.9, 31.397, 36.97, 40.843, 44.514, 
49.535), .Dim = c(11L, 40L), .Dimnames = list(NULL, c("Sampling", 
"PSO.cost", "PSO.gamma", "PSO.data.balancing", "PSO.feature.selection", 
"PSO.valid.acc", "PSO.test.acc", "PSO.train.time", "PSO.n.support.vectors", 
"PSO.index", "PSO.n.solutions", "PSO.generations", "PSO.n.evaluations", 
"PSO.cpu.time", "RS.cost", "RS.gamma", "RS.data.balancing", "RS.feature.selection", 
"RS.valid.acc", "RS.test.acc", "RS.train.time", "RS.n.support.vectors", 
"RS.index", "RS.n.solutions", "RS.generations", "RS.n.evaluations", 
"RS.cpu.time", "DF.cost", "DF.gamma", "DF.data.balancing", "DF.feature.selection", 
"DF.valid.acc", "DF.test.acc", "DF.train.time", "DF.n.support.vectors", 
"DF.index", "DF.n.solutions", "DF.generations", "DF.n.evaluations", 
"DF.cpu.time")))
