full <-
structure(c(50, 55, 60, 65, 70, 75, 80, 85, 90, 95, 100, 1.31601, 
4.45443, 7.53786, 8.69375, 9.8701, 6.57582, 8.55152, 3.69651, 
15, 12.89275, 4.27872, -0.17092, -4.41607, -6.26193, -6.54394, 
-6.89082, -5.32949, -6.50045, -4.16509, -9.2719, -9.09761, -4.119, 
0, 0, 0, 0, 0, 0, 0, 0, 0, 0, 0, 0, 0, 0, 0, 0, 0, 0, 0, 0, 0, 
0, 0.31654, 0.30996, 0.30669, 0.31042, 0.30424, 0.30784, 0.29842, 
0.30072, 0.29998, 0.30203, 0.30376, 0.2983, 0.30006, 0.2928, 
0.2996, 0.29571, 0.30126, 0.29449, 0.29215, 0.29303, 0.29189, 
0.29906, 1.2743, 1.5095, 1.8852, 2.4628, 3.2809, 2.8085, 3.6162, 
3.3111, 17.2654, 8.323, 4.6278, 1519.5, 1673.8, 1826.2, 1978.9, 
2133.6, 2285.6, 2442.2, 2594.9, 2744, 2900.9, 3051.8, 2210, 1606, 
1596, 2120, 1465, 2017, 1655, 1612, 2438, 2188, 2084, 1, 39, 
7, 4, 51, 6, 8, 13, 1, 2, 4, 100, 100, 100, 100, 100, 100, 100, 
100, 100, 100, 100, 2500, 2500, 2500, 2500, 2500, 2500, 2500, 
2500, 2500, 2500, 2500, 43432.478, 66122.799, 62818.6040000001, 
117568.15, 126427.01, 138329.913, 141565.572, 137548.28, 378538.941, 
257075.278, 177312.578, 1.37924, 3.31482, 9.34758, 5.82871, 9.92319, 
6.50256, 10.24376, 8.31436, 14.69846, 2.09368, 4.88536, -0.18808, 
-4.00824, -7.23629, -5.06035, -6.90482, -5.35346, -7.0832, -5.82893, 
-9.24741, -2.63015, -4.19371, 0, 0, 0, 0, 0, 0, 0, 0, 0, 0, 0, 
0, 0, 0, 0, 0, 0, 0, 0, 0, 0, 0, 0.31446, 0.30571, 0.30318, 0.3092, 
0.30312, 0.30332, 0.29615, 0.29983, 0.29766, 0.30195, 0.30245, 
0.29675, 0.29862, 0.29365, 0.3016, 0.29534, 0.30403, 0.29546, 
0.29923, 0.29129, 0.30116, 0.29646, 1.3068, 1.4631, 2.1665, 2.0644, 
3.3788, 2.7964, 4.5228, 4.2674, 14.9384, 4.1365, 4.7725, 1519.2, 
1675.4, 1828, 1978.6, 2133.6, 2286.3, 2441.5, 2593.9, 2745.5, 
2893, 3050.6, 1950, 1664, 428, 2011, 2337, 377, 836, 386, 1157, 
1543, 2500, 1, 1, 1, 1, 1, 1, 1, 1, 1, 1, 1, 100, 100, 100, 100, 
100, 100, 100, 100, 100, 100, 100, 2500, 2500, 2500, 2500, 2500, 
2500, 2500, 2500, 2500, 2500, 2500, 79877.528, 93037.094, 111492.584, 
127270.746, 152109.176, 178966.282, 198688.31, 232371.672, 265632.804, 
313801.503, 312257.659, 1, 1, 1, 1, 1, 1, 1, 1, 1, 1, 1, 0.125, 
0.125, 0.125, 0.125, 0.125, 0.125, 0.125, 0.125, 0.125, 0.125, 
0.125, 0, 0, 0, 0, 0, 0, 0, 0, 0, 0, 0, 0, 0, 0, 0, 0, 0, 0, 
0, 0, 0, 0, 0.29098, 0.28868, 0.29016, 0.29716, 0.29345, 0.29364, 
0.29061, 0.2943, 0.29276, 0.29404, 0.29178, 0.29463, 0.29579, 
0.29103, 0.29357, 0.2927, 0.2905, 0.29125, 0.29154, 0.29159, 
0.2946, 0.29281, 1.1808, 1.4289, 1.6017, 1.8695, 2.2187, 2.4652, 
2.7943, 3.1123, 3.5213, 3.9922, 4.4028, 1528, 1681.4, 1833.9, 
1987.9, 2140.8, 2292, 2445, 2600, 2749.1, 2903.2, 3059.1, 1, 
1, 1, 1, 1, 1, 1, 1, 1, 1, 1, 1, 1, 1, 1, 1, 1, 1, 1, 1, 1, 1, 
1, 1, 1, 1, 1, 1, 1, 1, 1, 1, 1, 1, 1, 1, 1, 1, 1, 1, 1, 1, 1, 
1, 16.108, 18.812, 19.801, 22.769, 27.06, 29.589, 32.641, 36.065, 
41.006, 45.66, 50.348), .Dim = c(11L, 40L), .Dimnames = list(
    NULL, c("Sampling", "PSO.cost", "PSO.gamma", "PSO.data.balancing", 
    "PSO.feature.selection", "PSO.valid.acc", "PSO.test.acc", 
    "PSO.train.time", "PSO.n.support.vectors", "PSO.index", "PSO.n.solutions", 
    "PSO.generations", "PSO.n.evaluations", "PSO.cpu.time", "RS.cost", 
    "RS.gamma", "RS.data.balancing", "RS.feature.selection", 
    "RS.valid.acc", "RS.test.acc", "RS.train.time", "RS.n.support.vectors", 
    "RS.index", "RS.n.solutions", "RS.generations", "RS.n.evaluations", 
    "RS.cpu.time", "DF.cost", "DF.gamma", "DF.data.balancing", 
    "DF.feature.selection", "DF.valid.acc", "DF.test.acc", "DF.train.time", 
    "DF.n.support.vectors", "DF.index", "DF.n.solutions", "DF.generations", 
    "DF.n.evaluations", "DF.cpu.time")))
