full <-
structure(c(50, 55, 60, 65, 70, 75, 80, 85, 90, 95, 100, 4.2626, 
8.87136, 8.86543, 3.58743, 5.46941, 1.87959, 12.82627, 1.20013, 
9.94861, 4.52777, 1.73032, -5.52133, -6.93109, -7.46886, -3.98026, 
-4.98, -2.87848, -7.73894, -2.95564, -6.12141, -4.04362, -2.86992, 
0, 0, 0, 0, 0, 0, 0, 0, 0, 0, 0, 0, 0, 0, 0, 0, 0, 0, 0, 0, 0, 
0, 0.29104, 0.29677, 0.2941, 0.30315, 0.29943, 0.29896, 0.30522, 
0.30873, 0.31328, 0.30362, 0.3022, 0.28853, 0.28785, 0.28367, 
0.29109, 0.29084, 0.29375, 0.30164, 0.29465, 0.30172, 0.30196, 
0.29595, 1.1912, 1.7813, 1.9604, 1.9069, 2.3789, 2.5612, 8.8502, 
3.2188, 6.5531, 4.2017, 4.4947, 1529.4, 1679.7, 1832.2, 1985.6, 
2136.1, 2286.4, 2433.7, 2596, 2738.7, 2893.8, 3049.6, 1203, 1910, 
1112, 1517, 1443, 2434, 1408, 2310, 1826, 1904, 1611, 20, 22, 
57, 101, 27, 1, 1, 11, 7, 1, 9, 100, 100, 100, 100, 100, 100, 
100, 100, 100, 100, 100, 2500, 2500, 2500, 2500, 2500, 2500, 
2500, 2500, 2500, 2500, 2500, 40839.604, 73247.729, 70119.69, 
63943.353, 76976.688, 120658.459, 249965.085, 105213.827, 231985.448, 
153090.786, 176493.528, 4.52236, 8.67073, 8.61344, 3.97939, 5.91486, 
1.35986, 11.90451, 8.49768, 9.97568, 4.47767, 1.72574, -4.85347, 
-6.87633, -7.32422, -5.16794, -4.95381, -2.46504, -7.16235, -5.35725, 
-6.13331, -4.07033, -2.85808, 0, 0, 0, 0, 0, 0, 0, 0, 0, 0, 0, 
0, 0, 0, 0, 0, 0, 0, 0, 0, 0, 0, 0.28848, 0.29534, 0.29366, 0.30112, 
0.29718, 0.29653, 0.30456, 0.30781, 0.3127, 0.30279, 0.30167, 
0.28745, 0.2883, 0.28453, 0.28835, 0.29121, 0.29376, 0.30001, 
0.29832, 0.30201, 0.30114, 0.29517, 1.2228, 1.7887, 1.9899, 1.9706, 
2.3716, 2.45, 7.3208, 4.5653, 6.4952, 4.3129, 4.4927, 1526.5, 
1679.7, 1832.8, 1989.2, 2134.8, 2285.3, 2434.2, 2586, 2738.9, 
2893.8, 3049.9, 232, 1254, 1376, 137, 1395, 2330, 1743, 1306, 
1854, 1154, 178, 1, 1, 1, 2, 1, 2, 1, 1, 1, 1, 2, 100, 100, 100, 
100, 100, 100, 100, 100, 100, 100, 100, 2500, 2500, 2500, 2500, 
2500, 2500, 2500, 2500, 2500, 2500, 2500, 77486.246, 94872.17, 
120761.168, 132866.576, 146483.418, 167012.559, 203239.239, 227744.65, 
273458.98, 307660.759, 333731.469, 1, 1, 1, 1, 1, 1, 1, 1, 1, 
1, 1, 0.125, 0.125, 0.125, 0.125, 0.125, 0.125, 0.125, 0.125, 
0.125, 0.125, 0.125, 0, 0, 0, 0, 0, 0, 0, 0, 0, 0, 0, 0, 0, 0, 
0, 0, 0, 0, 0, 0, 0, 0, 0.27704, 0.28739, 0.28242, 0.29552, 0.28937, 
0.29342, 0.29741, 0.30352, 0.30084, 0.29514, 0.29125, 0.28068, 
0.2836, 0.28501, 0.29471, 0.29349, 0.28961, 0.29773, 0.29372, 
0.29881, 0.29842, 0.29283, 1.1769, 1.3963, 1.5679, 1.9241, 2.1201, 
2.4094, 2.8285, 3.2457, 3.595, 4.0345, 4.3012, 1533.4, 1686.1, 
1837.7, 1992.1, 2142.6, 2293.1, 2445.1, 2600.4, 2750.9, 2902.8, 
3058.2, 1, 1, 1, 1, 1, 1, 1, 1, 1, 1, 1, 1, 1, 1, 1, 1, 1, 1, 
1, 1, 1, 1, 1, 1, 1, 1, 1, 1, 1, 1, 1, 1, 1, 1, 1, 1, 1, 1, 1, 
1, 1, 1, 1, 1, 15.368, 17.686, 19.076, 23.214, 25.141, 28.169, 
32.807, 37.425, 41.267, 46.054, 48.71), .Dim = c(11L, 40L), .Dimnames = list(
    NULL, c("Sampling", "PSO.cost", "PSO.gamma", "PSO.data.balancing", 
    "PSO.feature.selection", "PSO.valid.acc", "PSO.test.acc", 
    "PSO.train.time", "PSO.n.support.vectors", "PSO.index", "PSO.n.solutions", 
    "PSO.generations", "PSO.n.evaluations", "PSO.cpu.time", "RS.cost", 
    "RS.gamma", "RS.data.balancing", "RS.feature.selection", 
    "RS.valid.acc", "RS.test.acc", "RS.train.time", "RS.n.support.vectors", 
    "RS.index", "RS.n.solutions", "RS.generations", "RS.n.evaluations", 
    "RS.cpu.time", "DF.cost", "DF.gamma", "DF.data.balancing", 
    "DF.feature.selection", "DF.valid.acc", "DF.test.acc", "DF.train.time", 
    "DF.n.support.vectors", "DF.index", "DF.n.solutions", "DF.generations", 
    "DF.n.evaluations", "DF.cpu.time")))
