full <-
structure(c(50, 55, 60, 65, 70, 75, 80, 85, 90, 95, 100, -0.06021, 
1.97247, 15, 7.49863, 8.58049, 2.18426, 1.84708, 5.76218, 5.0922, 
7.29145, 10.31234, -0.85874, -1.33288, -8.10684, -4.70475, -4.10907, 
-2.04585, -1.58425, -4.55135, -4.52909, -5.47184, -7.69285, 0, 
0, 0, 0, 0, 0, 0, 0, 0, 0, 0, 0, 0, 0, 0, 0, 0, 0, 0, 0, 0, 0, 
0.30247, 0.30903, 0.2981, 0.30515, 0.30347, 0.30369, 0.29775, 
0.30442, 0.30114, 0.30727, 0.30217, 0.30451, 0.29625, 0.29418, 
0.30071, 0.28897, 0.28811, 0.29084, 0.29679, 0.29765, 0.29902, 
0.29461, 1.2229, 1.434, 15.1227, 2.5167, 4.0939, 2.6669, 2.9727, 
3.5084, 3.8995, 4.7696, 6.4076, 1519.9, 1665.6, 1822.9, 1974.6, 
2117.6, 2273.9, 2425.6, 2586.7, 2737, 2896.5, 3053.2, 2205, 1710, 
2176, 1722, 2047, 1399, 2430, 2286, 2380, 1106, 2207, 8, 61, 
1, 2, 8, 52, 2, 1, 1, 17, 1, 100, 100, 100, 100, 100, 100, 100, 
100, 100, 100, 100, 2500, 2500, 2500, 2500, 2500, 2500, 2500, 
2500, 2500, 2500, 2500, 46683.391, 48932.914, 196813.222, 82914.116, 
172914.515, 84550.9919999999, 96992.5739999998, 146706.302, 139308.927, 
153053.949, 253269.673, 11.2435, 1.00572, 4.63823, 6.794, 8.7352, 
1.69776, 1.7599, 5.79548, 4.75214, 7.17075, 11.08235, -6.56776, 
-0.73593, -4.28628, -4.51017, -4.15601, -1.8166, -1.4759, -4.57366, 
-4.38694, -5.3203, -8.18915, 0, 0, 0, 0, 0, 0, 0, 0, 0, 0, 0, 
0, 0, 0, 0, 0, 0, 0, 0, 0, 0, 0, 0.30495, 0.3038, 0.2994, 0.30313, 
0.30163, 0.30196, 0.29579, 0.3038, 0.29998, 0.30644, 0.30009, 
0.29349, 0.29766, 0.29939, 0.3003, 0.28673, 0.29019, 0.29018, 
0.29679, 0.29707, 0.29765, 0.29408, 3.0039, 1.4293, 1.7076, 2.3911, 
4.1531, 2.5572, 2.874, 3.5035, 3.7797, 4.7208, 6.7711, 1518.4, 
1665.8, 1831.2, 1976.4, 2118.1, 2274.9, 2424.7, 2586.9, 2736.6, 
2895.8, 3054, 1744, 1198, 280, 1618, 2266, 1190, 1678, 2259, 
1377, 2033, 1741, 1, 1, 1, 1, 1, 1, 1, 1, 1, 1, 1, 100, 100, 
100, 100, 100, 100, 100, 100, 100, 100, 100, 2500, 2500, 2500, 
2500, 2500, 2500, 2500, 2500, 2500, 2500, 2500, 80505.15, 93696.599, 
121577.241, 130166.478, 148151.433, 185491.954, 192788.495, 231639.733, 
264022.78, 293360.001, 307400.498, 1, 1, 1, 1, 1, 1, 1, 1, 1, 
1, 1, 0.125, 0.125, 0.125, 0.125, 0.125, 0.125, 0.125, 0.125, 
0.125, 0.125, 0.125, 0, 0, 0, 0, 0, 0, 0, 0, 0, 0, 0, 0, 0, 0, 
0, 0, 0, 0, 0, 0, 0, 0, 0.29989, 0.29288, 0.29118, 0.29077, 0.28375, 
0.29055, 0.28503, 0.29276, 0.29534, 0.29409, 0.29407, 0.28999, 
0.29097, 0.28768, 0.28912, 0.2841, 0.28985, 0.28729, 0.29338, 
0.29128, 0.29271, 0.29436, 1.1813, 1.3941, 1.6268, 1.9555, 2.0993, 
2.5464, 2.9056, 3.1363, 3.5356, 3.9274, 4.2111, 1531.5, 1684.7, 
1838.2, 1988.3, 2137.9, 2290.1, 2442, 2593.9, 2744.8, 2902.8, 
3059.3, 1, 1, 1, 1, 1, 1, 1, 1, 1, 1, 1, 1, 1, 1, 1, 1, 1, 1, 
1, 1, 1, 1, 1, 1, 1, 1, 1, 1, 1, 1, 1, 1, 1, 1, 1, 1, 1, 1, 1, 
1, 1, 1, 1, 1, 15.517, 17.678, 19.775, 23.414, 24.788, 29.783, 
33.754, 36.168, 40.63, 44.926, 47.64), .Dim = c(11L, 40L), .Dimnames = list(
    NULL, c("Sampling", "PSO.cost", "PSO.gamma", "PSO.data.balancing", 
    "PSO.feature.selection", "PSO.valid.acc", "PSO.test.acc", 
    "PSO.train.time", "PSO.n.support.vectors", "PSO.index", "PSO.n.solutions", 
    "PSO.generations", "PSO.n.evaluations", "PSO.cpu.time", "RS.cost", 
    "RS.gamma", "RS.data.balancing", "RS.feature.selection", 
    "RS.valid.acc", "RS.test.acc", "RS.train.time", "RS.n.support.vectors", 
    "RS.index", "RS.n.solutions", "RS.generations", "RS.n.evaluations", 
    "RS.cpu.time", "DF.cost", "DF.gamma", "DF.data.balancing", 
    "DF.feature.selection", "DF.valid.acc", "DF.test.acc", "DF.train.time", 
    "DF.n.support.vectors", "DF.index", "DF.n.solutions", "DF.generations", 
    "DF.n.evaluations", "DF.cpu.time")))
