full <-
structure(c(50, 55, 60, 65, 70, 75, 80, 85, 90, 95, 100, -1.04261, 
2.1523, -0.53378, -1.98625, -0.70919, -1.46842, 1.89743, 3.65576, 
3.09018, 5.25355, 10.64121, -3.77976, -3.49609, -4.80066, -4.10262, 
-1.49429, -2.23884, -2.35257, -3.55098, -2.47072, -4.07175, -7.4378, 
0, 0, 0, 0, 0, 0, 0, 0, 0, 0, 0, 0, 0, 0, 0, 0, 0, 0, 0, 0, 0, 
0, 0.29772, 0.30807, 0.29847, 0.30116, 0.3016, 0.30645, 0.30198, 
0.30931, 0.30631, 0.30558, 0.30111, 0.28727, 0.30194, 0.29631, 
0.29753, 0.2908, 0.2964, 0.30198, 0.30562, 0.30171, 0.29434, 
0.29668, 1.1925, 1.4526, 1.6261, 1.8254, 2.3171, 2.5639, 2.9855, 
3.2859, 3.7896, 4.4744, 7.2059, 1533.1, 1679.3, 1842.2, 1997.2, 
2137.6, 2295.4, 2435.7, 2590.1, 2734.4, 2893.4, 3052.4, 708, 
2420, 2010, 1723, 775, 2098, 2093, 1340, 1392, 1387, 1351, 70, 
1, 26, 32, 141, 58, 1, 38, 16, 2, 4, 100, 100, 100, 100, 100, 
100, 100, 100, 100, 100, 100, 2500, 2500, 2500, 2500, 2500, 2500, 
2500, 2500, 2500, 2500, 2500, 43432.016, 64893.526, 66673.437, 
82264.281, 74398.287, 80069.1479999999, 236446.646, 105482.513, 
156286.272, 165406.273, 237382.431, -1.3324, 2.24847, -0.93719, 
-1.02956, -0.51147, -1.20094, 1.34784, 3.77187, 1.34325, 1.25599, 
10.92237, -3.46623, -3.49157, -4.9805, -4.73199, -1.40681, -2.57755, 
-1.25337, -3.62357, -0.7355, -0.85765, -7.56979, 0, 0, 0, 0, 
0, 0, 0, 0, 0, 0, 0, 0, 0, 0, 0, 0, 0, 0, 0, 0, 0, 0, 0.29565, 
0.30525, 0.29762, 0.29672, 0.29937, 0.30506, 0.30199, 0.30685, 
0.3066, 0.30422, 0.30033, 0.28833, 0.30195, 0.29154, 0.2963, 
0.29228, 0.29744, 0.29713, 0.30563, 0.29968, 0.29736, 0.2972, 
1.1998, 1.4541, 1.5589, 1.8594, 2.2557, 2.5887, 2.9014, 3.396, 
3.7341, 4.1865, 7.391, 1534.2, 1678.8, 1843.8, 1997.3, 2135.3, 
2294.5, 2427.9, 2590.3, 2725.9, 2877.5, 3052.5, 2292, 71, 1965, 
1538, 2392, 92, 1763, 2053, 909, 1577, 626, 1, 1, 1, 1, 1, 1, 
1, 1, 2, 1, 1, 100, 100, 100, 100, 100, 100, 100, 100, 100, 100, 
100, 2500, 2500, 2500, 2500, 2500, 2500, 2500, 2500, 2500, 2500, 
2500, 79978.796, 97786.38, 114978.818, 128614.16, 166785.413, 
181633.688, 201262.442, 246393.878, 247131.262, 287985.562, 355020.47, 
1, 1, 1, 1, 1, 1, 1, 1, 1, 1, 1, 0.125, 0.125, 0.125, 0.125, 
0.125, 0.125, 0.125, 0.125, 0.125, 0.125, 0.125, 0, 0, 0, 0, 
0, 0, 0, 0, 0, 0, 0, 0, 0, 0, 0, 0, 0, 0, 0, 0, 0, 0, 0.28839, 
0.30149, 0.28891, 0.28438, 0.28967, 0.30298, 0.29447, 0.3026, 
0.29534, 0.29845, 0.2941, 0.28941, 0.29438, 0.29672, 0.28919, 
0.2938, 0.29605, 0.29545, 0.29524, 0.29735, 0.29543, 0.29643, 
1.1967, 1.352, 1.6898, 1.9665, 2.2578, 2.4139, 2.8996, 3.0996, 
3.5272, 3.8629, 4.2222, 1527.3, 1683.4, 1836.6, 1989.5, 2140.1, 
2291.1, 2447.7, 2598.5, 2750.3, 2904.3, 3058.6, 1, 1, 1, 1, 1, 
1, 1, 1, 1, 1, 1, 1, 1, 1, 1, 1, 1, 1, 1, 1, 1, 1, 1, 1, 1, 1, 
1, 1, 1, 1, 1, 1, 1, 1, 1, 1, 1, 1, 1, 1, 1, 1, 1, 1, 16.456, 
17.736, 21.589, 24.543, 26.876, 28.272, 34.551, 36.478, 41.488, 
44.74, 48.457), .Dim = c(11L, 40L), .Dimnames = list(NULL, c("Sampling", 
"PSO.cost", "PSO.gamma", "PSO.data.balancing", "PSO.feature.selection", 
"PSO.valid.acc", "PSO.test.acc", "PSO.train.time", "PSO.n.support.vectors", 
"PSO.index", "PSO.n.solutions", "PSO.generations", "PSO.n.evaluations", 
"PSO.cpu.time", "RS.cost", "RS.gamma", "RS.data.balancing", "RS.feature.selection", 
"RS.valid.acc", "RS.test.acc", "RS.train.time", "RS.n.support.vectors", 
"RS.index", "RS.n.solutions", "RS.generations", "RS.n.evaluations", 
"RS.cpu.time", "DF.cost", "DF.gamma", "DF.data.balancing", "DF.feature.selection", 
"DF.valid.acc", "DF.test.acc", "DF.train.time", "DF.n.support.vectors", 
"DF.index", "DF.n.solutions", "DF.generations", "DF.n.evaluations", 
"DF.cpu.time")))
