full <-
structure(c(50, 55, 60, 65, 70, 75, 80, 85, 90, 95, 100, 12.98993, 
2.49892, 6.81553, 3.96906, 14.91166, 10.50373, 0.02969, 1.30211, 
8.06607, 4.65219, 10.31169, -10.50724, -2.49183, -4.90596, -4.17059, 
-8.02244, -6.99121, -0.75156, -2.92724, -6.61041, -3.96225, -6.75055, 
0, 0, 0, 0, 0, 0, 0, 0, 0, 0, 0, 0, 0, 0, 0, 0, 0, 0, 0, 0, 0, 
0, 0.30462, 0.3086, 0.30841, 0.30596, 0.30569, 0.30021, 0.30883, 
0.3053, 0.30252, 0.30448, 0.30713, 0.28947, 0.30857, 0.29972, 
0.29276, 0.28897, 0.29394, 0.29353, 0.29277, 0.29822, 0.30119, 
0.30479, 1.9346, 1.4511, 1.944, 1.8941, 19.0636, 4.222, 2.8866, 
3.1839, 4.2805, 4.2558, 7.5333, 1523.8, 1669.4, 1822.8, 1976.3, 
2125.2, 2282.1, 2429.8, 2595.8, 2749.3, 2895.1, 3052, 2363, 1194, 
2006, 2115, 1753, 2320, 1657, 1004, 2095, 1563, 2194, 5, 73, 
2, 1, 1, 2, 35, 99, 1, 3, 8, 100, 100, 100, 100, 100, 100, 100, 
100, 100, 100, 100, 2500, 2500, 2500, 2500, 2500, 2500, 2500, 
2500, 2500, 2500, 2500, 65841.695, 56890.679, 75813.692, 83036.7070000001, 
392138.054, 160310.863, 91994.804, 109259.324, 147762.604, 131057, 
228643.75, 14.06521, 2.04812, 6.8977, 2.83585, 7.79577, 1.17336, 
-0.16412, 0.06749, 7.96644, 6.52207, 10.834, -11.03567, -2.13384, 
-4.95668, -3.53493, -5.49157, -1.91153, -0.70446, -1.21739, -6.48377, 
-4.42004, -6.94504, 0, 0, 0, 0, 0, 0, 0, 0, 0, 0, 0, 0, 0, 0, 
0, 0, 0, 0, 0, 0, 0, 0, 0.30254, 0.30669, 0.30755, 0.30354, 0.30277, 
0.29988, 0.30655, 0.30286, 0.30165, 0.30174, 0.30531, 0.29101, 
0.30574, 0.29928, 0.29115, 0.29643, 0.29259, 0.29484, 0.29126, 
0.29792, 0.30062, 0.30505, 2.2453, 1.4504, 1.9715, 1.9531, 2.843, 
2.4715, 3.027, 3.3432, 4.241, 4.7849, 8.2575, 1523.9, 1668.8, 
1822.9, 1976.9, 2128.7, 2279.9, 2429.8, 2584.6, 2749.3, 2894.4, 
3051.4, 1859, 1697, 1279, 500, 1200, 1358, 1712, 1266, 1600, 
1708, 297, 2, 1, 1, 1, 1, 1, 1, 1, 1, 1, 1, 100, 100, 100, 100, 
100, 100, 100, 100, 100, 100, 100, 2500, 2500, 2500, 2500, 2500, 
2500, 2500, 2500, 2500, 2500, 2500, 75924.675, 92204.964, 105816.91, 
125548.12, 153262.196, 168137.264, 189614.697, 237791.002, 279625.743, 
296936.157, 291350.488, 1, 1, 1, 1, 1, 1, 1, 1, 1, 1, 1, 0.125, 
0.125, 0.125, 0.125, 0.125, 0.125, 0.125, 0.125, 0.125, 0.125, 
0.125, 0, 0, 0, 0, 0, 0, 0, 0, 0, 0, 0, 0, 0, 0, 0, 0, 0, 0, 
0, 0, 0, 0, 0.28422, 0.28732, 0.28582, 0.29193, 0.28937, 0.28773, 
0.29191, 0.29155, 0.293, 0.29215, 0.29492, 0.28942, 0.29816, 
0.2815, 0.28795, 0.29271, 0.29015, 0.28671, 0.29123, 0.29477, 
0.28941, 0.29439, 1.1633, 1.4038, 1.5891, 1.9028, 2.2565, 2.4163, 
2.9425, 3.1742, 3.5157, 3.9022, 4.3962, 1526.4, 1677.1, 1830.3, 
1984.1, 2136.7, 2290.9, 2448.9, 2601.8, 2755, 2906.2, 3059, 1, 
1, 1, 1, 1, 1, 1, 1, 1, 1, 1, 1, 1, 1, 1, 1, 1, 1, 1, 1, 1, 1, 
1, 1, 1, 1, 1, 1, 1, 1, 1, 1, 1, 1, 1, 1, 1, 1, 1, 1, 1, 1, 1, 
1, 15.218, 18.659, 19.454, 22.955, 27.658, 29.062, 34.972, 37.322, 
41.091, 45.023, 49.62), .Dim = c(11L, 40L), .Dimnames = list(
    NULL, c("Sampling", "PSO.cost", "PSO.gamma", "PSO.data.balancing", 
    "PSO.feature.selection", "PSO.valid.acc", "PSO.test.acc", 
    "PSO.train.time", "PSO.n.support.vectors", "PSO.index", "PSO.n.solutions", 
    "PSO.generations", "PSO.n.evaluations", "PSO.cpu.time", "RS.cost", 
    "RS.gamma", "RS.data.balancing", "RS.feature.selection", 
    "RS.valid.acc", "RS.test.acc", "RS.train.time", "RS.n.support.vectors", 
    "RS.index", "RS.n.solutions", "RS.generations", "RS.n.evaluations", 
    "RS.cpu.time", "DF.cost", "DF.gamma", "DF.data.balancing", 
    "DF.feature.selection", "DF.valid.acc", "DF.test.acc", "DF.train.time", 
    "DF.n.support.vectors", "DF.index", "DF.n.solutions", "DF.generations", 
    "DF.n.evaluations", "DF.cpu.time")))
