full <-
structure(c(50, 55, 60, 65, 70, 75, 80, 85, 90, 95, 100, 0.10322, 
-0.16462, 13.26727, 0.90204, 2.38363, 6.74011, 6.68675, 7.15649, 
10.15239, 8.87337, 1.1243, -1.6511, -3.04358, -8.36965, -2.56307, 
-2.05566, -5.92541, -5.19669, -5.57128, -6.26272, -5.17402, -2.22102, 
0, 0, 0, 0, 0, 0, 0, 0, 0, 0, 0, 0, 0, 0, 0, 0, 0, 0, 0, 0, 0, 
0, 0.31185, 0.30142, 0.30067, 0.30234, 0.30088, 0.29611, 0.2994, 
0.29616, 0.2994, 0.30254, 0.30272, 0.30819, 0.29667, 0.2868, 
0.29553, 0.29566, 0.28568, 0.29356, 0.28637, 0.29156, 0.2935, 
0.29282, 1.191, 1.3411, 5.2887, 1.9593, 2.2283, 2.7438, 3.2152, 
3.7613, 6.4634, 6.4294, 4.4005, 1524.7, 1681.5, 1830.5, 1987.4, 
2136.2, 2292.5, 2441.1, 2594.4, 2744.5, 2888.3, 3049.2, 2068, 
890, 2131, 2165, 1717, 1945, 2162, 1410, 2332, 1428, 2374, 13, 
177, 2, 14, 34, 3, 2, 50, 1, 49, 1, 100, 100, 100, 100, 100, 
100, 100, 100, 100, 100, 100, 2500, 2500, 2500, 2500, 2500, 2500, 
2500, 2500, 2500, 2500, 2500, 40488.257, 45361.555, 167644.347, 
62883.817, 70743.6939999999, 118462.108, 106906.015, 284146.396, 
214983.812, 224352.77, 185312.634, 0.26429, 3.61382, 13.02786, 
1.89672, 1.96293, 9.16223, 6.91205, 1.40443, 11.12997, 9.73147, 
1.52435, -1.6096, -4.33059, -8.23314, -2.73999, -1.96653, -6.88384, 
-5.28573, -3.39854, -6.60169, -5.75658, -2.38515, 0, 0, 0, 0, 
0, 0, 0, 0, 0, 0, 0, 0, 0, 0, 0, 0, 0, 0, 0, 0, 0, 0, 0.30872, 
0.30149, 0.29937, 0.30073, 0.29937, 0.29539, 0.2981, 0.29432, 
0.29796, 0.29898, 0.30142, 0.30609, 0.29811, 0.28506, 0.28951, 
0.29009, 0.2829, 0.2929, 0.29094, 0.29302, 0.29242, 0.29464, 
1.1945, 1.4633, 4.9253, 1.8668, 2.3363, 3.4062, 3.3354, 3.0889, 
8.3049, 7.1265, 4.3897, 1524.1, 1676.4, 1830.5, 1985.2, 2136.8, 
2293, 2441.4, 2595.8, 2743.6, 2890.9, 3047.9, 1842, 124, 1706, 
1763, 582, 1648, 298, 1155, 26, 2389, 70, 1, 1, 1, 1, 1, 1, 1, 
2, 1, 1, 1, 100, 100, 100, 100, 100, 100, 100, 100, 100, 100, 
100, 2500, 2500, 2500, 2500, 2500, 2500, 2500, 2500, 2500, 2500, 
2500, 80036.52, 89831.573, 108959.285, 138050.027, 156968.835, 
181902.752, 204528.447, 236606.573, 253515.429, 280029.826, 322415.589, 
1, 1, 1, 1, 1, 1, 1, 1, 1, 1, 1, 0.125, 0.125, 0.125, 0.125, 
0.125, 0.125, 0.125, 0.125, 0.125, 0.125, 0.125, 0, 0, 0, 0, 
0, 0, 0, 0, 0, 0, 0, 0, 0, 0, 0, 0, 0, 0, 0, 0, 0, 0, 0.29824, 
0.2967, 0.28897, 0.2891, 0.28931, 0.28603, 0.28837, 0.28941, 
0.29246, 0.28254, 0.29023, 0.30498, 0.29431, 0.2894, 0.28991, 
0.28821, 0.28673, 0.29098, 0.2891, 0.2927, 0.28556, 0.29074, 
1.1704, 1.3963, 1.6346, 1.9529, 2.2166, 2.4748, 2.858, 3.165, 
3.599, 3.9685, 4.3392, 1527.4, 1681.1, 1834.5, 1990.2, 2143.9, 
2295.3, 2444.3, 2598.7, 2750.9, 2901.4, 3058.4, 1, 1, 1, 1, 1, 
1, 1, 1, 1, 1, 1, 1, 1, 1, 1, 1, 1, 1, 1, 1, 1, 1, 1, 1, 1, 1, 
1, 1, 1, 1, 1, 1, 1, 1, 1, 1, 1, 1, 1, 1, 1, 1, 1, 1, 15.413, 
17.68, 19.96, 23.578, 26.421, 28.992, 33.057, 36.775, 41.732, 
45.166, 49.155), .Dim = c(11L, 40L), .Dimnames = list(NULL, c("Sampling", 
"PSO.cost", "PSO.gamma", "PSO.data.balancing", "PSO.feature.selection", 
"PSO.valid.acc", "PSO.test.acc", "PSO.train.time", "PSO.n.support.vectors", 
"PSO.index", "PSO.n.solutions", "PSO.generations", "PSO.n.evaluations", 
"PSO.cpu.time", "RS.cost", "RS.gamma", "RS.data.balancing", "RS.feature.selection", 
"RS.valid.acc", "RS.test.acc", "RS.train.time", "RS.n.support.vectors", 
"RS.index", "RS.n.solutions", "RS.generations", "RS.n.evaluations", 
"RS.cpu.time", "DF.cost", "DF.gamma", "DF.data.balancing", "DF.feature.selection", 
"DF.valid.acc", "DF.test.acc", "DF.train.time", "DF.n.support.vectors", 
"DF.index", "DF.n.solutions", "DF.generations", "DF.n.evaluations", 
"DF.cpu.time")))
