full <-
structure(c(50, 55, 60, 65, 70, 75, 80, 85, 90, 95, 100, 9.0966, 
10.13947, 8.9352, 14.68818, 3.68969, 7.61833, 8.34723, 1.81653, 
6.6831, 4.05127, 10.37328, -8.41976, -7.87624, -6.58669, -14.51311, 
-3.66343, -5.63754, -5.78167, -2.70846, -4.586, -4.08085, -4.75665, 
0, 0, 0, 0, 0, 0, 0, 0, 0, 0, 0, 0, 0, 0, 0, 0, 0, 0, 0, 0, 0, 
0, 0.30139, 0.30306, 0.30848, 0.29515, 0.3012, 0.29819, 0.30428, 
0.30294, 0.30896, 0.30122, 0.30711, 0.28422, 0.28548, 0.29848, 
0.28391, 0.29601, 0.29504, 0.29319, 0.29069, 0.30146, 0.29105, 
0.29746, 1.4524, 1.9493, 2.1837, 2.6, 2.2151, 3.0956, 3.7324, 
3.2161, 4.2648, 4.2526, 13.1625, 1529.4, 1675.5, 1830, 1986.6, 
2132.6, 2284.6, 2436.8, 2591.7, 2742.2, 2894.3, 3033.8, 1614, 
1444, 1823, 2004, 2386, 2401, 1653, 902, 2450, 1397, 1923, 7, 
3, 24, 2, 2, 9, 1, 52, 1, 14, 2, 100, 100, 100, 100, 100, 100, 
100, 100, 100, 100, 100, 2500, 2500, 2500, 2500, 2500, 2500, 
2500, 2500, 2500, 2500, 2500, 51597.612, 78850.903, 85716.646, 
88467.916, 82510.219, 171917.536, 119098.802, 99522.7749999999, 
147233.838, 141763.365, 415368.878, 3.74415, 11.50803, 7.36064, 
14.10714, 3.42648, 4.4448, 9.17323, 3.02232, 6.06495, 4.18815, 
1.72701, -5.18778, -8.62399, -5.89653, -14.16384, -3.3585, -4.44835, 
-6.49469, -3.42563, -4.37946, -4.22095, -1.73696, 0, 0, 0, 0, 
0, 0, 0, 0, 0, 0, 0, 0, 0, 0, 0, 0, 0, 0, 0, 0, 0, 0, 0.29987, 
0.30215, 0.30804, 0.29515, 0.29897, 0.29713, 0.30165, 0.3008, 
0.30723, 0.29957, 0.30527, 0.28836, 0.28546, 0.29848, 0.28311, 
0.29489, 0.29573, 0.29676, 0.29407, 0.30349, 0.2916, 0.29617, 
1.1584, 2.324, 1.9706, 2.5874, 2.2272, 2.6175, 3.8748, 3.1852, 
4.0264, 4.1846, 4.4031, 1530.1, 1676, 1830.8, 1987.7, 2132.4, 
2286.1, 2438, 2591.2, 2742.2, 2894.1, 3037.9, 1356, 1833, 1262, 
1372, 818, 293, 99, 2484, 1447, 1306, 1566, 1, 1, 1, 1, 1, 1, 
1, 1, 1, 1, 1, 100, 100, 100, 100, 100, 100, 100, 100, 100, 100, 
100, 2500, 2500, 2500, 2500, 2500, 2500, 2500, 2500, 2500, 2500, 
2500, 80887.743, 93279.161, 109371.502, 119911.822, 159848.913, 
169717.749, 196508.616, 222436.63, 254242.169, 275663.577, 313292.563, 
1, 1, 1, 1, 1, 1, 1, 1, 1, 1, 1, 0.125, 0.125, 0.125, 0.125, 
0.125, 0.125, 0.125, 0.125, 0.125, 0.125, 0.125, 0, 0, 0, 0, 
0, 0, 0, 0, 0, 0, 0, 0, 0, 0, 0, 0, 0, 0, 0, 0, 0, 0, 0.29001, 
0.28742, 0.3041, 0.29231, 0.28932, 0.2846, 0.28602, 0.29252, 
0.29046, 0.29218, 0.29357, 0.28997, 0.28977, 0.29106, 0.29755, 
0.29599, 0.2881, 0.29187, 0.29313, 0.29566, 0.29052, 0.28966, 
1.2077, 1.4117, 1.6026, 1.8975, 2.2039, 2.5186, 2.79, 3.1195, 
3.5546, 4.0048, 4.2398, 1532.6, 1685.2, 1838.7, 1988.6, 2140.8, 
2293.4, 2445.8, 2599.7, 2752.6, 2902, 3058.1, 1, 1, 1, 1, 1, 
1, 1, 1, 1, 1, 1, 1, 1, 1, 1, 1, 1, 1, 1, 1, 1, 1, 1, 1, 1, 1, 
1, 1, 1, 1, 1, 1, 1, 1, 1, 1, 1, 1, 1, 1, 1, 1, 1, 1, 15.884, 
17.831, 19.752, 22.991, 26.411, 29.717, 32.986, 36.013, 40.983, 
46.289, 48.572), .Dim = c(11L, 40L), .Dimnames = list(NULL, c("Sampling", 
"PSO.cost", "PSO.gamma", "PSO.data.balancing", "PSO.feature.selection", 
"PSO.valid.acc", "PSO.test.acc", "PSO.train.time", "PSO.n.support.vectors", 
"PSO.index", "PSO.n.solutions", "PSO.generations", "PSO.n.evaluations", 
"PSO.cpu.time", "RS.cost", "RS.gamma", "RS.data.balancing", "RS.feature.selection", 
"RS.valid.acc", "RS.test.acc", "RS.train.time", "RS.n.support.vectors", 
"RS.index", "RS.n.solutions", "RS.generations", "RS.n.evaluations", 
"RS.cpu.time", "DF.cost", "DF.gamma", "DF.data.balancing", "DF.feature.selection", 
"DF.valid.acc", "DF.test.acc", "DF.train.time", "DF.n.support.vectors", 
"DF.index", "DF.n.solutions", "DF.generations", "DF.n.evaluations", 
"DF.cpu.time")))
