full <-
structure(c(50, 55, 60, 65, 70, 75, 80, 85, 90, 95, 100, 13.76247, 
-0.34987, 14.97515, 8.79232, 8.53185, 0.66293, 3.58318, 14.37089, 
0.73733, 5.1054, 10.01265, -6.97496, -0.88411, -8.40135, -6.31221, 
-5.37527, -0.66015, -3.95948, -8.53272, -1.21962, -4.3672, -5.79569, 
0, 0, 0, 0, 0, 0, 0, 0, 0, 0, 0, 0, 0, 0, 0, 0, 0, 0, 0, 0, 0, 
0, 0.31379, 0.30568, 0.30807, 0.30438, 0.30198, 0.30201, 0.29883, 
0.30169, 0.30145, 0.30337, 0.30323, 0.31272, 0.30332, 0.29767, 
0.29557, 0.28855, 0.3006, 0.29294, 0.29278, 0.29074, 0.29461, 
0.2936, 9.4876, 1.4597, 12.2394, 2.6925, 3.3026, 2.6459, 2.8918, 
15.0264, 3.751, 4.3673, 8.9012, 1513.5, 1664, 1828.5, 1985.6, 
2134.3, 2273.5, 2446, 2596.7, 2736.1, 2899.3, 3045.9, 710, 199, 
921, 1186, 1229, 1642, 2491, 1761, 2324, 804, 1846, 1, 61, 2, 
28, 7, 11, 1, 1, 2, 73, 3, 100, 100, 100, 100, 100, 100, 100, 
100, 100, 100, 100, 2500, 2500, 2500, 2500, 2500, 2500, 2500, 
2500, 2500, 2500, 2500, 224058.429, 170711.292, 216994.06, 105405.166, 
128710.484, 81486.4110000001, 101082.202, 376966.508, 128401.505, 
132298.009, 293162.367, 14.13261, 9.8813, 7.05216, 8.86272, 8.30203, 
0.88996, 0.16806, 14.45608, 0.86631, 3.78638, 9.67796, -7.05313, 
-6.83106, -4.75729, -6.16141, -5.26339, -0.90251, -0.89453, -8.59088, 
-1.26715, -3.66507, -5.67805, 0, 0, 0, 0, 0, 0, 0, 0, 0, 0, 0, 
0, 0, 0, 0, 0, 0, 0, 0, 0, 0, 0, 0.31173, 0.30428, 0.30677, 0.30238, 
0.3005, 0.30064, 0.29713, 0.29832, 0.3, 0.30229, 0.30089, 0.30806, 
0.29957, 0.2933, 0.29598, 0.2893, 0.29991, 0.2893, 0.29462, 0.29103, 
0.29625, 0.29335, 11.0012, 2.188, 2.0154, 2.7494, 3.0868, 2.6316, 
3.0207, 14.8489, 3.7528, 4.1391, 8.6636, 1512.6, 1678.5, 1826.9, 
1984.9, 2134.3, 2272.5, 2428.9, 2596.8, 2735.5, 2898.2, 3047.2, 
1571, 2167, 670, 1322, 1856, 1329, 1611, 1428, 1833, 1616, 1001, 
1, 1, 1, 2, 1, 1, 1, 1, 1, 1, 1, 100, 100, 100, 100, 100, 100, 
100, 100, 100, 100, 100, 2500, 2500, 2500, 2500, 2500, 2500, 
2500, 2500, 2500, 2500, 2500, 75693.964, 92695.942, 107626.516, 
138601.171, 154855.424, 174116.484, 196291.966, 233356.029, 227230.721, 
274508.782, 316001.095, 1, 1, 1, 1, 1, 1, 1, 1, 1, 1, 1, 0.125, 
0.125, 0.125, 0.125, 0.125, 0.125, 0.125, 0.125, 0.125, 0.125, 
0.125, 0, 0, 0, 0, 0, 0, 0, 0, 0, 0, 0, 0, 0, 0, 0, 0, 0, 0, 
0, 0, 0, 0, 0.29088, 0.29622, 0.29984, 0.2984, 0.28747, 0.28983, 
0.29166, 0.28238, 0.29191, 0.29708, 0.28916, 0.29608, 0.30047, 
0.29719, 0.29798, 0.28634, 0.29471, 0.29422, 0.28787, 0.29334, 
0.2949, 0.28787, 1.1722, 1.3724, 1.6688, 1.9246, 2.1086, 2.5264, 
2.8212, 3.1723, 3.6747, 3.9363, 4.6738, 1533.2, 1686.5, 1839.6, 
1993.1, 2146, 2299, 2451.9, 2604.6, 2756, 2905.4, 3058.9, 1, 
1, 1, 1, 1, 1, 1, 1, 1, 1, 1, 1, 1, 1, 1, 1, 1, 1, 1, 1, 1, 1, 
1, 1, 1, 1, 1, 1, 1, 1, 1, 1, 1, 1, 1, 1, 1, 1, 1, 1, 1, 1, 1, 
1, 15.12, 17.045, 20.605, 23.179, 24.844, 29.625, 32.749, 36.796, 
42.313, 44.99, 53.277), .Dim = c(11L, 40L), .Dimnames = list(
    NULL, c("Sampling", "PSO.cost", "PSO.gamma", "PSO.data.balancing", 
    "PSO.feature.selection", "PSO.valid.acc", "PSO.test.acc", 
    "PSO.train.time", "PSO.n.support.vectors", "PSO.index", "PSO.n.solutions", 
    "PSO.generations", "PSO.n.evaluations", "PSO.cpu.time", "RS.cost", 
    "RS.gamma", "RS.data.balancing", "RS.feature.selection", 
    "RS.valid.acc", "RS.test.acc", "RS.train.time", "RS.n.support.vectors", 
    "RS.index", "RS.n.solutions", "RS.generations", "RS.n.evaluations", 
    "RS.cpu.time", "DF.cost", "DF.gamma", "DF.data.balancing", 
    "DF.feature.selection", "DF.valid.acc", "DF.test.acc", "DF.train.time", 
    "DF.n.support.vectors", "DF.index", "DF.n.solutions", "DF.generations", 
    "DF.n.evaluations", "DF.cpu.time")))
