full <-
structure(c(50, 55, 60, 65, 70, 75, 80, 85, 90, 95, 100, 0.92477, 
14.82498, 5.36228, 9.51316, 9.22804, 8.61979, 11.3679, 1.37857, 
2.94273, 0.90645, 8.58348, -1.78188, -14.13694, -4.25236, -7.32875, 
-7.16155, -6.39109, -5.42793, -2.153, -2.9783, -2.75002, -5.71852, 
0, 0, 0, 0, 0, 0, 0, 0, 0, 0, 0, 0, 0, 0, 0, 0, 0, 0, 0, 0, 0, 
0, 0.30858, 0.3005, 0.3119, 0.30436, 0.29643, 0.2975, 0.30454, 
0.30073, 0.29823, 0.2998, 0.30115, 0.29562, 0.2896, 0.30321, 
0.29349, 0.29008, 0.29094, 0.29027, 0.28943, 0.28754, 0.29378, 
0.29101, 1.2074, 1.9866, 1.7718, 2.5295, 2.7887, 3.1727, 10.9947, 
3.2389, 3.6099, 4.1539, 6.1349, 1515.4, 1676.3, 1823.5, 1981.4, 
2139.1, 2290.4, 2428.4, 2589.3, 2743.6, 2902.9, 3048.1, 1606, 
1105, 2330, 2200, 1117, 2483, 1632, 2171, 1960, 2255, 2203, 12, 
4, 11, 3, 89, 1, 3, 1, 84, 3, 4, 100, 100, 100, 100, 100, 100, 
100, 100, 100, 100, 100, 2500, 2500, 2500, 2500, 2500, 2500, 
2500, 2500, 2500, 2500, 2500, 48205.928, 88275.808, 62527.068, 
98345.105, 90493.9619999999, 117327.715, 389499.02, 98434.4720000001, 
112049.021, 148928.911, 336933.974, 6.07065, 14.24499, 6.98858, 
9.79254, 9.19714, 8.71649, 11.72682, 1.32889, 3.23847, 1.23724, 
7.52823, -5.05787, -13.72801, -4.96276, -7.51606, -7.14371, -6.43585, 
-5.65524, -2.12661, -3.19575, -3.05616, -6.33651, 0, 0, 0, 0, 
0, 0, 0, 0, 0, 0, 0, 0, 0, 0, 0, 0, 0, 0, 0, 0, 0, 0, 0.30494, 
0.2986, 0.31019, 0.30074, 0.29606, 0.29612, 0.30029, 0.30012, 
0.29591, 0.29871, 0.30091, 0.30185, 0.28723, 0.30406, 0.29309, 
0.29008, 0.2906, 0.29028, 0.29005, 0.29073, 0.29514, 0.29624, 
1.2892, 1.9711, 1.9533, 2.6455, 2.9134, 3.1667, 12.1754, 3.2125, 
3.7957, 4.0151, 5.0628, 1519.5, 1677.3, 1823, 1981.1, 2139.1, 
2290.5, 2429.7, 2589.2, 2744, 2902.7, 3053.3, 2241, 54, 1590, 
2181, 1768, 1047, 969, 703, 1806, 2260, 1125, 1, 3, 1, 1, 1, 
1, 1, 1, 1, 2, 1, 100, 100, 100, 100, 100, 100, 100, 100, 100, 
100, 100, 2500, 2500, 2500, 2500, 2500, 2500, 2500, 2500, 2500, 
2500, 2500, 77669.486, 94475.316, 110061.226, 129244.625, 149950.81, 
177651.381, 204343.917, 236159.848, 259822.585, 269940.663, 340406.6, 
1, 1, 1, 1, 1, 1, 1, 1, 1, 1, 1, 0.125, 0.125, 0.125, 0.125, 
0.125, 0.125, 0.125, 0.125, 0.125, 0.125, 0.125, 0, 0, 0, 0, 
0, 0, 0, 0, 0, 0, 0, 0, 0, 0, 0, 0, 0, 0, 0, 0, 0, 0, 0.28985, 
0.28961, 0.29718, 0.29071, 0.28417, 0.28674, 0.28501, 0.28941, 
0.28898, 0.29487, 0.29181, 0.2909, 0.28438, 0.29457, 0.29232, 
0.27857, 0.28988, 0.29184, 0.29125, 0.28609, 0.29076, 0.29182, 
1.1648, 1.3886, 1.595, 1.9189, 2.2351, 2.4251, 2.7614, 3.2775, 
3.6857, 3.987, 4.4674, 1527.5, 1682.1, 1833.2, 1986.6, 2142.9, 
2295.5, 2446.3, 2599.6, 2753.6, 2906.6, 3058.7, 1, 1, 1, 1, 1, 
1, 1, 1, 1, 1, 1, 1, 1, 1, 1, 1, 1, 1, 1, 1, 1, 1, 1, 1, 1, 1, 
1, 1, 1, 1, 1, 1, 1, 1, 1, 1, 1, 1, 1, 1, 1, 1, 1, 1, 15.439, 
17.688, 19.738, 23.31, 26.897, 28.643, 32.705, 38.423, 42.995, 
45.846, 51.228), .Dim = c(11L, 40L), .Dimnames = list(NULL, c("Sampling", 
"PSO.cost", "PSO.gamma", "PSO.data.balancing", "PSO.feature.selection", 
"PSO.valid.acc", "PSO.test.acc", "PSO.train.time", "PSO.n.support.vectors", 
"PSO.index", "PSO.n.solutions", "PSO.generations", "PSO.n.evaluations", 
"PSO.cpu.time", "RS.cost", "RS.gamma", "RS.data.balancing", "RS.feature.selection", 
"RS.valid.acc", "RS.test.acc", "RS.train.time", "RS.n.support.vectors", 
"RS.index", "RS.n.solutions", "RS.generations", "RS.n.evaluations", 
"RS.cpu.time", "DF.cost", "DF.gamma", "DF.data.balancing", "DF.feature.selection", 
"DF.valid.acc", "DF.test.acc", "DF.train.time", "DF.n.support.vectors", 
"DF.index", "DF.n.solutions", "DF.generations", "DF.n.evaluations", 
"DF.cpu.time")))
