full <-
structure(c(50, 55, 60, 65, 70, 75, 80, 85, 90, 95, 100, -0.17631, 
-0.53554, -0.73713, 14.85798, 13.12655, 11.88496, 12.27716, 9.0381, 
11.99334, 6.94094, 3.25721, -0.92345, -0.15976, 0.25063, -6.92698, 
-7.39367, -6.5193, -7.65004, -6.138, -6.81645, -4.63221, -3.57201, 
0, 0, 0, 0, 0, 0, 0, 0, 0, 0, 0, 0, 0, 0, 0, 0, 0, 0, 0, 0, 0, 
0, 0.29626, 0.29105, 0.29799, 0.29599, 0.2994, 0.29955, 0.29805, 
0.30171, 0.30229, 0.30174, 0.31054, 0.28948, 0.28869, 0.28714, 
0.28198, 0.28225, 0.29085, 0.28572, 0.29187, 0.29304, 0.29707, 
0.3077, 1.2246, 1.4653, 1.7938, 28.321, 9.4439, 8.443, 7.591, 
4.527, 10.3546, 4.9478, 4.9698, 1518.9, 1669.6, 1818.9, 1966.7, 
2127.3, 2282.8, 2440.4, 2594, 2741, 2892.7, 3050.4, 1786, 2310, 
2297, 2103, 1190, 1657, 1074, 2174, 2156, 821, 2096, 21, 1, 1, 
1, 9, 1, 2, 1, 1, 4, 3, 100, 100, 100, 100, 100, 100, 100, 100, 
100, 100, 100, 2500, 2500, 2500, 2500, 2500, 2500, 2500, 2500, 
2500, 2500, 2500, 45390.494, 90516.062, 66050.458, 598754.989, 
262245.261, 323585.646, 267816.662, 145479.856, 267398.123, 241427.331, 
268910.762000001, -0.09153, 0.28781, -0.48628, 3.34021, 12.70453, 
10.30925, 11.66716, 8.38236, 11.83345, 3.14015, 4.35351, -1.20703, 
-0.81432, 0.23287, -2.09571, -7.3085, -6.28303, -7.35337, -5.95287, 
-6.7146, -3.32825, -4.0046, 0, 0, 0, 0, 0, 0, 0, 0, 0, 0, 0, 
0, 0, 0, 0, 0, 0, 0, 0, 0, 0, 0, 0.29364, 0.28728, 0.29581, 0.29239, 
0.29754, 0.29848, 0.29575, 0.30017, 0.30084, 0.29981, 0.3082, 
0.28844, 0.2816, 0.28973, 0.27721, 0.28336, 0.29086, 0.28573, 
0.29189, 0.29333, 0.29543, 0.30458, 1.2348, 1.4539, 1.8019, 2.0705, 
8.0658, 4.8071, 6.498, 4.1459, 10.2266, 4.3056, 4.788, 1519.6, 
1668.6, 1817.7, 1965.7, 2128.2, 2285.8, 2440, 2595.1, 2740.5, 
2895.4, 3050.3, 2137, 431, 520, 409, 896, 788, 707, 1478, 659, 
1572, 1850, 1, 1, 2, 1, 1, 1, 1, 1, 1, 1, 3, 100, 100, 100, 100, 
100, 100, 100, 100, 100, 100, 100, 2500, 2500, 2500, 2500, 2500, 
2500, 2500, 2500, 2500, 2500, 2500, 80486.058, 94623.052, 107013.371, 
121067.345, 150026.925, 170907.485, 192103.248, 230659.155, 249246.576, 
281803.957, 317296.824, 1, 1, 1, 1, 1, 1, 1, 1, 1, 1, 1, 0.125, 
0.125, 0.125, 0.125, 0.125, 0.125, 0.125, 0.125, 0.125, 0.125, 
0.125, 0, 0, 0, 0, 0, 0, 0, 0, 0, 0, 0, 0, 0, 0, 0, 0, 0, 0, 
0, 0, 0, 0, 0.27909, 0.27829, 0.28795, 0.28279, 0.28821, 0.28913, 
0.29156, 0.28552, 0.291, 0.28637, 0.29518, 0.28271, 0.27452, 
0.28624, 0.28719, 0.28932, 0.28321, 0.2831, 0.28859, 0.2855, 
0.29105, 0.30039, 1.2096, 1.4068, 1.6521, 1.9384, 2.1778, 2.5216, 
2.7497, 3.2304, 3.4661, 4.0797, 4.5575, 1534.5, 1688.2, 1836.2, 
1990.8, 2142.2, 2299.3, 2452.2, 2605.4, 2754.6, 2905.4, 3057.8, 
1, 1, 1, 1, 1, 1, 1, 1, 1, 1, 1, 1, 1, 1, 1, 1, 1, 1, 1, 1, 1, 
1, 1, 1, 1, 1, 1, 1, 1, 1, 1, 1, 1, 1, 1, 1, 1, 1, 1, 1, 1, 1, 
1, 1, 15.914, 17.483, 20.193, 23.332, 25.72, 29.589, 31.921, 
37.296, 39.841, 46.732, 52.078), .Dim = c(11L, 40L), .Dimnames = list(
    NULL, c("Sampling", "PSO.cost", "PSO.gamma", "PSO.data.balancing", 
    "PSO.feature.selection", "PSO.valid.acc", "PSO.test.acc", 
    "PSO.train.time", "PSO.n.support.vectors", "PSO.index", "PSO.n.solutions", 
    "PSO.generations", "PSO.n.evaluations", "PSO.cpu.time", "RS.cost", 
    "RS.gamma", "RS.data.balancing", "RS.feature.selection", 
    "RS.valid.acc", "RS.test.acc", "RS.train.time", "RS.n.support.vectors", 
    "RS.index", "RS.n.solutions", "RS.generations", "RS.n.evaluations", 
    "RS.cpu.time", "DF.cost", "DF.gamma", "DF.data.balancing", 
    "DF.feature.selection", "DF.valid.acc", "DF.test.acc", "DF.train.time", 
    "DF.n.support.vectors", "DF.index", "DF.n.solutions", "DF.generations", 
    "DF.n.evaluations", "DF.cpu.time")))
