full <-
structure(c(50, 55, 60, 65, 70, 75, 80, 85, 90, 95, 100, 0.26753, 
8.22912, -0.36291, 1.96582, 1.67368, 3.87854, 6.76291, 2.5035, 
5.4555, 0.39104, 2.1312, -2.51214, -4.09097, -2.77942, -3.79885, 
-3.22142, -3.15802, -4.53704, -3.82249, -5.00534, -1.15872, -2.35796, 
0, 0, 0, 0, 0, 0, 0, 0, 0, 0, 0, 0, 0, 0, 0, 0, 0, 0, 0, 0, 0, 
0, 0.30246, 0.30095, 0.30322, 0.3092, 0.30684, 0.31448, 0.3043, 
0.30904, 0.3029, 0.30063, 0.30398, 0.29989, 0.28446, 0.29629, 
0.2996, 0.29785, 0.30687, 0.29452, 0.29895, 0.29942, 0.29213, 
0.2967, 1.1597, 2.3434, 1.6092, 1.8603, 2.1179, 2.5814, 3.5069, 
3.2353, 3.7072, 4.2072, 4.5206, 1531.8, 1664.8, 1841.6, 1985.3, 
2135.9, 2281.2, 2434.2, 2597.2, 2746, 2883, 3047.7, 2173, 1592, 
1553, 1526, 560, 1275, 586, 1905, 1888, 1000, 2485, 13, 3, 17, 
10, 42, 62, 111, 55, 3, 25, 1, 100, 100, 100, 100, 100, 100, 
100, 100, 100, 100, 100, 2500, 2500, 2500, 2500, 2500, 2500, 
2500, 2500, 2500, 2500, 2500, 54871.766, 128415.866, 53222.104, 
59552.6679999999, 68804.1, 82308.423, 145090.643, 108027.27, 
155667.734, 193532.149, 294220.985, 0.33526, 13.11253, 3.35642, 
3.4476, 1.01033, 3.60578, 5.97894, 2.3456, 3.48317, 0.56488, 
4.83064, -2.4048, -7.3992, -5.49303, -3.53446, -2.33761, -3.11583, 
-4.23672, -3.734, -3.13778, -1.26773, -4.01553, 0, 0, 0, 0, 0, 
0, 0, 0, 0, 0, 0, 0, 0, 0, 0, 0, 0, 0, 0, 0, 0, 0, 0.29938, 0.30286, 
0.30106, 0.30797, 0.30344, 0.3131, 0.30234, 0.30751, 0.30173, 
0.30008, 0.30296, 0.2978, 0.2863, 0.29454, 0.30877, 0.29448, 
0.30616, 0.29289, 0.29894, 0.30376, 0.28966, 0.29436, 1.1682, 
5.8375, 1.5969, 1.9728, 2.1415, 2.5781, 3.2761, 3.1069, 3.7163, 
4.092, 4.7565, 1531.4, 1672.3, 1837.7, 1980.4, 2133.8, 2281.8, 
2435, 2597.2, 2739.8, 2883.7, 3050.6, 614, 1052, 1036, 1921, 
1571, 2365, 2456, 1392, 105, 2232, 1580, 1, 1, 1, 1, 1, 1, 1, 
1, 1, 1, 1, 100, 100, 100, 100, 100, 100, 100, 100, 100, 100, 
100, 2500, 2500, 2500, 2500, 2500, 2500, 2500, 2500, 2500, 2500, 
2500, 76589.389, 94487.676, 106916.185, 136346.4, 160205.333, 
168327.719, 196174.317, 230983.12, 275069.228, 294853.921, 332014.032, 
1, 1, 1, 1, 1, 1, 1, 1, 1, 1, 1, 0.125, 0.125, 0.125, 0.125, 
0.125, 0.125, 0.125, 0.125, 0.125, 0.125, 0.125, 0, 0, 0, 0, 
0, 0, 0, 0, 0, 0, 0, 0, 0, 0, 0, 0, 0, 0, 0, 0, 0, 0, 0.28525, 
0.29054, 0.29976, 0.29799, 0.3016, 0.30338, 0.29032, 0.29741, 
0.29162, 0.28858, 0.29072, 0.29154, 0.28952, 0.29454, 0.3016, 
0.29677, 0.30129, 0.28706, 0.29711, 0.29422, 0.2905, 0.29097, 
1.1533, 1.3858, 1.5926, 1.8997, 2.2194, 2.5017, 2.8307, 3.0752, 
3.4602, 4.0152, 4.4266, 1534.5, 1688.2, 1841.4, 1990.3, 2140.9, 
2296.8, 2449.4, 2602.5, 2753.9, 2904.9, 3060.3, 1, 1, 1, 1, 1, 
1, 1, 1, 1, 1, 1, 1, 1, 1, 1, 1, 1, 1, 1, 1, 1, 1, 1, 1, 1, 1, 
1, 1, 1, 1, 1, 1, 1, 1, 1, 1, 1, 1, 1, 1, 1, 1, 1, 1, 15.696, 
17.508, 19.755, 23.069, 27.08, 30.024, 33.464, 35.871, 39.813, 
46.413, 50.271), .Dim = c(11L, 40L), .Dimnames = list(NULL, c("Sampling", 
"PSO.cost", "PSO.gamma", "PSO.data.balancing", "PSO.feature.selection", 
"PSO.valid.acc", "PSO.test.acc", "PSO.train.time", "PSO.n.support.vectors", 
"PSO.index", "PSO.n.solutions", "PSO.generations", "PSO.n.evaluations", 
"PSO.cpu.time", "RS.cost", "RS.gamma", "RS.data.balancing", "RS.feature.selection", 
"RS.valid.acc", "RS.test.acc", "RS.train.time", "RS.n.support.vectors", 
"RS.index", "RS.n.solutions", "RS.generations", "RS.n.evaluations", 
"RS.cpu.time", "DF.cost", "DF.gamma", "DF.data.balancing", "DF.feature.selection", 
"DF.valid.acc", "DF.test.acc", "DF.train.time", "DF.n.support.vectors", 
"DF.index", "DF.n.solutions", "DF.generations", "DF.n.evaluations", 
"DF.cpu.time")))
