full <-
structure(c(50, 55, 60, 65, 70, 75, 80, 85, 90, 95, 100, 5.27915, 
11.1772, 9.68526, 12.77143, 5.4202, 4.96842, 1.64257, -1.74272, 
3.71974, 8.12722, 4.64068, -4.69491, -9.06778, -7.63488, -8.60138, 
-4.57933, -3.4314, -1.66556, -0.74323, -4.18915, -6.57207, -3.94283, 
0, 0, 0, 0, 0, 0, 0, 0, 0, 0, 0, 0, 0, 0, 0, 0, 0, 0, 0, 0, 0, 
0, 0.31074, 0.30188, 0.30677, 0.30917, 0.30466, 0.3051, 0.30655, 
0.29859, 0.29798, 0.30305, 0.30191, 0.30031, 0.29615, 0.30027, 
0.30034, 0.29166, 0.29403, 0.29741, 0.29003, 0.29451, 0.3061, 
0.29749, 1.281, 1.9117, 2.0807, 4.3352, 2.4373, 2.7829, 2.8609, 
3.3143, 3.5744, 4.7694, 4.7402, 1522.1, 1673.9, 1827.1, 1977.7, 
2128.4, 2277, 2425.9, 2593.1, 2744.7, 2896.4, 3047.4, 1984, 1436, 
1605, 1929, 2265, 1031, 2427, 2231, 2282, 2072, 308, 10, 1, 54, 
4, 1, 49, 1, 42, 1, 5, 27, 100, 100, 100, 100, 100, 100, 100, 
100, 100, 100, 100, 2500, 2500, 2500, 2500, 2500, 2500, 2500, 
2500, 2500, 2500, 2500, 48051.764, 83729.785, 79421.522, 141861.871, 
94700.596, 102360.639, 215982.08, 109590.637, 203008.001, 167776.967, 
196717.731, 5.3828, 14.77983, 10.0799, 13.27238, 5.89971, 5.87923, 
1.93304, -1.8373, 8.39416, 4.31461, 4.512, -4.60632, -11.1122, 
-7.81138, -8.83684, -5.38804, -3.78767, -1.95756, -0.92751, -4.9186, 
-4.54248, -3.87027, 0, 0, 0, 0, 0, 0, 0, 0, 0, 0, 0, 0, 0, 0, 
0, 0, 0, 0, 0, 0, 0, 0, 0.30762, 0.3, 0.3059, 0.30757, 0.30353, 
0.30441, 0.30524, 0.29706, 0.29597, 0.30253, 0.30113, 0.29666, 
0.29477, 0.29984, 0.29874, 0.2987, 0.2909, 0.29742, 0.29003, 
0.29308, 0.30116, 0.29749, 1.2295, 2.9532, 2.1758, 4.7645, 2.3696, 
2.9705, 3.0285, 3.2243, 5.4474, 4.114, 4.7281, 1521.6, 1673.1, 
1826.9, 1978.3, 2130.7, 2276.2, 2429.2, 2596.1, 2738.5, 2895.5, 
3047.4, 602, 150, 1065, 2358, 2169, 1656, 732, 2460, 418, 2299, 
653, 1, 1, 1, 1, 1, 1, 1, 1, 1, 1, 1, 100, 100, 100, 100, 100, 
100, 100, 100, 100, 100, 100, 2500, 2500, 2500, 2500, 2500, 2500, 
2500, 2500, 2500, 2500, 2500, 83222.269, 95774.274, 111093.93, 
131294.176, 149860.793, 173631.488, 201553.895, 224346.054, 246932.394, 
273809.665, 312170.642, 1, 1, 1, 1, 1, 1, 1, 1, 1, 1, 1, 0.125, 
0.125, 0.125, 0.125, 0.125, 0.125, 0.125, 0.125, 0.125, 0.125, 
0.125, 0, 0, 0, 0, 0, 0, 0, 0, 0, 0, 0, 0, 0, 0, 0, 0, 0, 0, 
0, 0, 0, 0, 0.28886, 0.2877, 0.29028, 0.30035, 0.29755, 0.29538, 
0.29385, 0.29186, 0.28756, 0.29542, 0.2902, 0.28834, 0.28957, 
0.28941, 0.29875, 0.29536, 0.29468, 0.29906, 0.29676, 0.29044, 
0.2954, 0.29359, 1.1577, 1.3208, 1.667, 1.8826, 2.1993, 2.4116, 
2.8517, 3.232, 3.4956, 3.9684, 4.2814, 1528.4, 1677.2, 1833, 
1980.8, 2136.5, 2288.6, 2445.2, 2599, 2751.6, 2900.3, 3057.9, 
1, 1, 1, 1, 1, 1, 1, 1, 1, 1, 1, 1, 1, 1, 1, 1, 1, 1, 1, 1, 1, 
1, 1, 1, 1, 1, 1, 1, 1, 1, 1, 1, 1, 1, 1, 1, 1, 1, 1, 1, 1, 1, 
1, 1, 15.113, 16.555, 21.255, 23.299, 27.009, 28.171, 32.981, 
37.221, 40.015, 46.223, 49.147), .Dim = c(11L, 40L), .Dimnames = list(
    NULL, c("Sampling", "PSO.cost", "PSO.gamma", "PSO.data.balancing", 
    "PSO.feature.selection", "PSO.valid.acc", "PSO.test.acc", 
    "PSO.train.time", "PSO.n.support.vectors", "PSO.index", "PSO.n.solutions", 
    "PSO.generations", "PSO.n.evaluations", "PSO.cpu.time", "RS.cost", 
    "RS.gamma", "RS.data.balancing", "RS.feature.selection", 
    "RS.valid.acc", "RS.test.acc", "RS.train.time", "RS.n.support.vectors", 
    "RS.index", "RS.n.solutions", "RS.generations", "RS.n.evaluations", 
    "RS.cpu.time", "DF.cost", "DF.gamma", "DF.data.balancing", 
    "DF.feature.selection", "DF.valid.acc", "DF.test.acc", "DF.train.time", 
    "DF.n.support.vectors", "DF.index", "DF.n.solutions", "DF.generations", 
    "DF.n.evaluations", "DF.cpu.time")))
