full <-
structure(c(50, 55, 60, 65, 70, 75, 80, 85, 90, 95, 100, 5.88218, 
9.34823, 5.31038, 10.59495, 13.22583, 14.9984, 2.93667, 5.48634, 
1.25566, 3.89507, 13.38455, -4.81952, -7.2449, -3.47146, -5.98645, 
-6.72079, -8.65699, -3.49906, -4.96719, -1.87259, -3.55112, -7.82495, 
0, 0, 0, 0, 0, 0, 0, 0, 0, 0, 0, 0, 0, 0, 0, 0, 0, 0, 0, 0, 0, 
0, 0.29578, 0.31051, 0.31116, 0.30315, 0.30085, 0.30308, 0.30623, 
0.30998, 0.30461, 0.3055, 0.30091, 0.28537, 0.30201, 0.29599, 
0.2931, 0.29266, 0.2895, 0.31012, 0.3017, 0.29997, 0.29812, 0.29674, 
1.3168, 1.8828, 1.8927, 4.4479, 13.7987, 16.5245, 2.8302, 3.5066, 
3.7268, 4.1502, 17.1871, 1523, 1676.7, 1819.6, 1973.6, 2123, 
2283.3, 2438.9, 2594, 2734.7, 2893.1, 3050.4, 2297, 2149, 1204, 
1690, 2328, 1303, 2150, 1533, 2345, 2014, 1762, 3, 2, 104, 2, 
1, 3, 3, 40, 1, 9, 1, 100, 100, 100, 100, 100, 100, 100, 100, 
100, 100, 100, 2500, 2500, 2500, 2500, 2500, 2500, 2500, 2500, 
2500, 2500, 2500, 56776.091, 84855.691, 60553.359, 152961.84, 
251130.806, 447560.296, 88598.139, 171305.611, 150589.288, 149485.454, 
400941.522, 1.33668, 6.70282, 7.63922, 5.1595, 11.9359, 14.67321, 
2.75401, 5.33395, 1.6734, 3.5965, 5.24782, -5.29932, -6.04569, 
-5.04177, -5.62705, -6.01396, -8.43196, -3.33741, -4.85425, -2.08313, 
-3.43898, -4.8923, 0, 0, 0, 0, 0, 0, 0, 0, 0, 0, 0, 0, 0, 0, 
0, 0, 0, 0, 0, 0, 0, 0, 0.29371, 0.30766, 0.30682, 0.30029, 0.299, 
0.30099, 0.30461, 0.30753, 0.3026, 0.30441, 0.30036, 0.28482, 
0.29729, 0.30075, 0.2931, 0.29044, 0.28848, 0.30752, 0.30353, 
0.2965, 0.29674, 0.29386, 1.1709, 1.5511, 2.1881, 1.9855, 9.0619, 
14.8942, 2.9008, 3.3769, 3.7389, 4.1513, 4.8772, 1533.6, 1677.4, 
1824.7, 1985.2, 2121.8, 2283.3, 2438.1, 2593.9, 2735.8, 2893.4, 
3051.8, 1576, 1520, 1961, 214, 2164, 2500, 2409, 1090, 70, 2388, 
659, 1, 1, 1, 1, 1, 1, 1, 1, 1, 1, 1, 100, 100, 100, 100, 100, 
100, 100, 100, 100, 100, 100, 2500, 2500, 2500, 2500, 2500, 2500, 
2500, 2500, 2500, 2500, 2500, 83625.641, 102626.658, 114617.912, 
127385.593, 156935.076, 167446.261, 191396.601, 215444.786, 252979.176, 
281905.82, 322562.165, 1, 1, 1, 1, 1, 1, 1, 1, 1, 1, 1, 0.125, 
0.125, 0.125, 0.125, 0.125, 0.125, 0.125, 0.125, 0.125, 0.125, 
0.125, 0, 0, 0, 0, 0, 0, 0, 0, 0, 0, 0, 0, 0, 0, 0, 0, 0, 0, 
0, 0, 0, 0, 0.28691, 0.28823, 0.29553, 0.28992, 0.29343, 0.2909, 
0.29743, 0.29804, 0.29998, 0.29373, 0.29386, 0.29262, 0.2911, 
0.30159, 0.2891, 0.28937, 0.28745, 0.29645, 0.30354, 0.29391, 
0.29264, 0.29359, 1.1718, 1.3898, 1.6376, 1.9048, 2.1883, 2.4769, 
2.824, 3.2358, 3.5129, 3.9902, 4.6705, 1529.7, 1681.8, 1834.7, 
1986.8, 2139.1, 2291.8, 2446.3, 2599.9, 2753.1, 2905.6, 3058.3, 
1, 1, 1, 1, 1, 1, 1, 1, 1, 1, 1, 1, 1, 1, 1, 1, 1, 1, 1, 1, 1, 
1, 1, 1, 1, 1, 1, 1, 1, 1, 1, 1, 1, 1, 1, 1, 1, 1, 1, 1, 1, 1, 
1, 1, 15.523, 18.015, 20.311, 23.11, 26.718, 29.718, 33.036, 
37.637, 40.589, 45.838, 53.58), .Dim = c(11L, 40L), .Dimnames = list(
    NULL, c("Sampling", "PSO.cost", "PSO.gamma", "PSO.data.balancing", 
    "PSO.feature.selection", "PSO.valid.acc", "PSO.test.acc", 
    "PSO.train.time", "PSO.n.support.vectors", "PSO.index", "PSO.n.solutions", 
    "PSO.generations", "PSO.n.evaluations", "PSO.cpu.time", "RS.cost", 
    "RS.gamma", "RS.data.balancing", "RS.feature.selection", 
    "RS.valid.acc", "RS.test.acc", "RS.train.time", "RS.n.support.vectors", 
    "RS.index", "RS.n.solutions", "RS.generations", "RS.n.evaluations", 
    "RS.cpu.time", "DF.cost", "DF.gamma", "DF.data.balancing", 
    "DF.feature.selection", "DF.valid.acc", "DF.test.acc", "DF.train.time", 
    "DF.n.support.vectors", "DF.index", "DF.n.solutions", "DF.generations", 
    "DF.n.evaluations", "DF.cpu.time")))
