full <-
structure(c(50, 55, 60, 65, 70, 75, 80, 85, 90, 95, 100, 0.24099, 
10.38029, 12.80721, 1.76971, 1.80145, 0.12396, 14.8723, 1.48272, 
7.75668, 4.34184, 0.47479, -0.73895, -4.19703, -6.77359, -1.38172, 
-1.91591, -0.29478, -7.35095, -1.74569, -5.08597, -3.96607, -0.50312, 
0, 0, 0, 0, 0, 0, 0, 0, 0, 0, 0, 0, 0, 0, 0, 0, 0, 0, 0, 0, 0, 
0, 0.31491, 0.31762, 0.31068, 0.31555, 0.31717, 0.3114, 0.30919, 
0.30077, 0.30609, 0.30475, 0.30086, 0.31176, 0.30299, 0.29978, 
0.30876, 0.30713, 0.30656, 0.30037, 0.29525, 0.29827, 0.29351, 
0.29358, 1.2303, 4.8495, 7.769, 1.9939, 2.3256, 2.7485, 34.0588, 
3.3597, 4.7802, 4.2724, 4.7744, 1520.2, 1650.1, 1818.7, 1975.5, 
2127.6, 2279.4, 2429.5, 2586.4, 2740.3, 2896, 3031, 1992, 801, 
2331, 2362, 2001, 1399, 1897, 2384, 1943, 2278, 2339, 6, 14, 
1, 1, 15, 86, 1, 1, 12, 1, 3, 100, 100, 100, 100, 100, 100, 100, 
100, 100, 100, 100, 2500, 2500, 2500, 2500, 2500, 2500, 2500, 
2500, 2500, 2500, 2500, 54131.473, 160066.545, 221679.197, 73499.524, 
73212.7710000001, 87933.0430000001, 775163.932, 102996.177, 150254.057, 
129863.5, 350296.855, -0.97522, 10.59483, 13.53633, 1.77149, 
0.87548, 0.21799, 14.69353, 3.2083, 7.37634, 5.13899, 1.4504, 
-0.05591, -4.33267, -5.84438, -1.31742, -1.46146, -0.25124, -8.35097, 
-2.58086, -4.97936, -3.71143, -1.30319, 0, 0, 0, 0, 0, 0, 0, 
0, 0, 0, 0, 0, 0, 0, 0, 0, 0, 0, 0, 0, 0, 0, 0.31074, 0.31382, 
0.31195, 0.31355, 0.31495, 0.3093, 0.30463, 0.29893, 0.30349, 
0.30309, 0.29956, 0.30705, 0.30252, 0.30155, 0.30915, 0.30863, 
0.3069, 0.30137, 0.29829, 0.29885, 0.29543, 0.29592, 1.2578, 
5.1585, 18.2881, 1.9577, 2.3396, 2.7593, 18.5008, 3.3746, 4.449, 
4.2899, 4.6966, 1527.1, 1651, 1806.4, 1975, 2128.2, 2279.2, 2436.8, 
2586.1, 2740.6, 2892.5, 3035.1, 1686, 409, 1724, 2134, 721, 601, 
626, 315, 596, 1686, 666, 1, 1, 1, 1, 1, 1, 1, 1, 1, 1, 1, 100, 
100, 100, 100, 100, 100, 100, 100, 100, 100, 100, 2500, 2500, 
2500, 2500, 2500, 2500, 2500, 2500, 2500, 2500, 2500, 80701.77, 
95533.901, 106921.406, 126751.372, 148895.951, 177337.041, 192470.766, 
248068.334, 251771.893, 278552.234, 331622.004, 1, 1, 1, 1, 1, 
1, 1, 1, 1, 1, 1, 0.125, 0.125, 0.125, 0.125, 0.125, 0.125, 0.125, 
0.125, 0.125, 0.125, 0.125, 0, 0, 0, 0, 0, 0, 0, 0, 0, 0, 0, 
0, 0, 0, 0, 0, 0, 0, 0, 0, 0, 0, 0.29562, 0.28868, 0.29806, 0.29711, 
0.29784, 0.30168, 0.28898, 0.28698, 0.29338, 0.29241, 0.28836, 
0.29667, 0.29959, 0.2976, 0.29073, 0.30009, 0.29617, 0.28897, 
0.28481, 0.29106, 0.29187, 0.29175, 1.1795, 1.3759, 1.6093, 1.947, 
2.1961, 2.5781, 2.871, 3.1203, 3.6148, 3.8967, 4.4056, 1528.8, 
1682, 1834, 1989, 2140.7, 2294.4, 2449.1, 2601.9, 2752.7, 2904.8, 
3058.6, 1, 1, 1, 1, 1, 1, 1, 1, 1, 1, 1, 1, 1, 1, 1, 1, 1, 1, 
1, 1, 1, 1, 1, 1, 1, 1, 1, 1, 1, 1, 1, 1, 1, 1, 1, 1, 1, 1, 1, 
1, 1, 1, 1, 1, 15.647, 17.488, 20.043, 23.769, 26.784, 30.895, 
33.655, 36.163, 41.664, 44.532, 50.584), .Dim = c(11L, 40L), .Dimnames = list(
    NULL, c("Sampling", "PSO.cost", "PSO.gamma", "PSO.data.balancing", 
    "PSO.feature.selection", "PSO.valid.acc", "PSO.test.acc", 
    "PSO.train.time", "PSO.n.support.vectors", "PSO.index", "PSO.n.solutions", 
    "PSO.generations", "PSO.n.evaluations", "PSO.cpu.time", "RS.cost", 
    "RS.gamma", "RS.data.balancing", "RS.feature.selection", 
    "RS.valid.acc", "RS.test.acc", "RS.train.time", "RS.n.support.vectors", 
    "RS.index", "RS.n.solutions", "RS.generations", "RS.n.evaluations", 
    "RS.cpu.time", "DF.cost", "DF.gamma", "DF.data.balancing", 
    "DF.feature.selection", "DF.valid.acc", "DF.test.acc", "DF.train.time", 
    "DF.n.support.vectors", "DF.index", "DF.n.solutions", "DF.generations", 
    "DF.n.evaluations", "DF.cpu.time")))
