full <-
structure(c(50, 55, 60, 65, 70, 75, 80, 85, 90, 95, 100, 3.14531, 
3.82059, 2.05321, 0.60289, 1.89648, 11.40533, 8.18187, 2.32168, 
8.79624, 2.70434, 6.591, -3.79182, -4.09228, -3.09788, -1.37634, 
-2.58818, -6.3574, -6.13395, -3.28163, -5.57999, -3.12709, -5.34187, 
0, 0, 0, 0, 0, 0, 0, 0, 0, 0, 0, 0, 0, 0, 0, 0, 0, 0, 0, 0, 0, 
0, 0.31251, 0.3029, 0.30333, 0.30923, 0.31096, 0.29992, 0.30231, 
0.29953, 0.30518, 0.30201, 0.30477, 0.30204, 0.2939, 0.2942, 
0.30043, 0.31018, 0.2888, 0.29191, 0.29614, 0.30142, 0.29105, 
0.29773, 1.1652, 1.4571, 1.7154, 1.959, 2.2054, 7.4446, 3.6057, 
3.3213, 5.4396, 4.0793, 5.1051, 1527, 1677.4, 1832.6, 1979, 2135.9, 
2284.2, 2443.9, 2597.9, 2741.2, 2895.2, 3052.6, 2331, 709, 2466, 
1480, 1804, 1557, 1264, 1294, 2350, 1550, 1760, 48, 55, 2, 138, 
2, 3, 1, 61, 1, 135, 23, 100, 100, 100, 100, 100, 100, 100, 100, 
100, 100, 100, 2500, 2500, 2500, 2500, 2500, 2500, 2500, 2500, 
2500, 2500, 2500, 43654.417, 55399.051, 54074.131, 72302.573, 
73269.5429999999, 178792.952, 104573.636, 106340.835, 176269.02, 
137024.085, 171058.308, 2.25361, 10.28609, 1.51393, 0.58426, 
2.10873, 4.85457, 6.95834, 4.94682, 2.04198, 3.31112, 7.34389, 
-3.45172, -6.53459, -2.09036, -1.3788, -2.94327, -3.98551, -5.64305, 
-4.49737, -3.20528, -3.71361, -5.33569, 0, 0, 0, 0, 0, 0, 0, 
0, 0, 0, 0, 0, 0, 0, 0, 0, 0, 0, 0, 0, 0, 0, 0.30942, 0.3001, 
0.29853, 0.30843, 0.30909, 0.3013, 0.30102, 0.298, 0.30431, 0.29955, 
0.30449, 0.30153, 0.30194, 0.28855, 0.30002, 0.30536, 0.29051, 
0.29549, 0.29062, 0.29476, 0.29188, 0.29486, 1.1902, 2.6562, 
1.6758, 1.8855, 2.2802, 2.7349, 3.2346, 3.4605, 3.7164, 4.1916, 
5.4242, 1528.7, 1670.2, 1829.3, 1979.2, 2137, 2289.1, 2443.9, 
2595.6, 2748.7, 2896.7, 3050.4, 336, 1311, 134, 85, 1582, 2401, 
854, 1535, 120, 2301, 1701, 1, 2, 1, 1, 1, 1, 1, 1, 1, 1, 1, 
100, 100, 100, 100, 100, 100, 100, 100, 100, 100, 100, 2500, 
2500, 2500, 2500, 2500, 2500, 2500, 2500, 2500, 2500, 2500, 80305.63, 
95063.606, 116501.529, 132732.553, 147148.605, 171489.079, 201581.796, 
222794.201, 256146.088, 293037.271, 326380.195, 1, 1, 1, 1, 1, 
1, 1, 1, 1, 1, 1, 0.125, 0.125, 0.125, 0.125, 0.125, 0.125, 0.125, 
0.125, 0.125, 0.125, 0.125, 0, 0, 0, 0, 0, 0, 0, 0, 0, 0, 0, 
0, 0, 0, 0, 0, 0, 0, 0, 0, 0, 0, 0.29159, 0.28913, 0.28513, 0.28481, 
0.29233, 0.28049, 0.28474, 0.28761, 0.29506, 0.29462, 0.29564, 
0.29209, 0.28631, 0.29119, 0.29003, 0.28748, 0.28323, 0.28737, 
0.28513, 0.28752, 0.29132, 0.29253, 1.1879, 1.4248, 1.5664, 1.882, 
2.2093, 2.4, 2.7625, 3.1158, 3.6447, 3.9539, 4.4196, 1531.9, 
1683.7, 1838.7, 1991.4, 2146.9, 2298.6, 2451.9, 2604, 2754.3, 
2905.1, 3057.5, 1, 1, 1, 1, 1, 1, 1, 1, 1, 1, 1, 1, 1, 1, 1, 
1, 1, 1, 1, 1, 1, 1, 1, 1, 1, 1, 1, 1, 1, 1, 1, 1, 1, 1, 1, 1, 
1, 1, 1, 1, 1, 1, 1, 1, 15.568, 18.035, 19.036, 22.509, 26.243, 
28.012, 31.972, 35.782, 41.8, 45.164, 50.096), .Dim = c(11L, 
40L), .Dimnames = list(NULL, c("Sampling", "PSO.cost", "PSO.gamma", 
"PSO.data.balancing", "PSO.feature.selection", "PSO.valid.acc", 
"PSO.test.acc", "PSO.train.time", "PSO.n.support.vectors", "PSO.index", 
"PSO.n.solutions", "PSO.generations", "PSO.n.evaluations", "PSO.cpu.time", 
"RS.cost", "RS.gamma", "RS.data.balancing", "RS.feature.selection", 
"RS.valid.acc", "RS.test.acc", "RS.train.time", "RS.n.support.vectors", 
"RS.index", "RS.n.solutions", "RS.generations", "RS.n.evaluations", 
"RS.cpu.time", "DF.cost", "DF.gamma", "DF.data.balancing", "DF.feature.selection", 
"DF.valid.acc", "DF.test.acc", "DF.train.time", "DF.n.support.vectors", 
"DF.index", "DF.n.solutions", "DF.generations", "DF.n.evaluations", 
"DF.cpu.time")))
