full <-
structure(c(50, 55, 60, 65, 70, 75, 80, 85, 90, 95, 100, 1.4033, 
1.88372, 4.98014, -2, -2, 4.1329, 2.82087, 8.52348, 12.11674, 
14.20189, 8.71508, -2.65256, -3.78407, -4.51532, -3.80053, -2.4187, 
-3.75726, -4.02201, -5.99325, -6.15554, -6.6317, -6.3839, 0, 
0, 0, 0, 0, 0, 0, 0, 0, 0, 0, 0, 0, 0, 0, 0, 0, 0, 0, 0, 0, 0, 
0.28944, 0.29958, 0.29462, 0.29838, 0.299, 0.29681, 0.30395, 
0.30132, 0.30165, 0.30506, 0.30612, 0.27485, 0.29053, 0.2742, 
0.29358, 0.28709, 0.28638, 0.29548, 0.2958, 0.29877, 0.29683, 
0.29909, 1.2075, 1.4349, 1.7654, 1.8804, 2.1248, 2.5664, 2.8332, 
4.3707, 14.452, 40.4083, 5.8563, 1531.5, 1685.1, 1833.6, 1997.6, 
2149.4, 2286.9, 2445.7, 2595.1, 2737.6, 2885.2, 3052.6, 1600, 
368, 1818, 169, 436, 1614, 1425, 2432, 1123, 1332, 2046, 7, 20, 
53, 58, 472, 7, 42, 1, 1, 1, 7, 100, 100, 100, 100, 100, 100, 
100, 100, 100, 100, 100, 2500, 2500, 2500, 2500, 2500, 2500, 
2500, 2500, 2500, 2500, 2500, 45029.991, 57515.206, 56831.85, 
61096.477, 66129.5249999999, 81001.402, 91518.206, 178796.581, 
357571.37, 904930.86, 188055.243, 1.42401, 4.33514, -1.70337, 
-1.79227, -1.88949, 4.46002, 3.13002, 7.44451, 9.27849, 14.58364, 
8.48324, -2.6953, -5.00199, -3.05357, -3.98413, -2.42098, -3.97076, 
-3.95563, -5.84971, -5.59183, -8.58088, -6.34409, 0, 0, 0, 0, 
0, 0, 0, 0, 0, 0, 0, 0, 0, 0, 0, 0, 0, 0, 0, 0, 0, 0, 0.2884, 
0.29865, 0.2924, 0.29757, 0.29677, 0.29438, 0.30265, 0.29947, 
0.29905, 0.30176, 0.30483, 0.27536, 0.28964, 0.28804, 0.29479, 
0.28672, 0.28535, 0.29939, 0.2961, 0.29819, 0.30094, 0.29961, 
1.207, 1.4354, 1.6356, 1.8121, 2.1268, 2.6362, 2.8711, 3.8671, 
5.8695, 19.4551, 6.3445, 1531.6, 1683.6, 1843.8, 1997.6, 2149, 
2287.6, 2444.1, 2596.3, 2742.8, 2899.7, 3053.2, 1127, 1654, 288, 
1890, 61, 1616, 1791, 56, 12, 2009, 2435, 1, 1, 1, 1, 1, 1, 1, 
2, 2, 1, 1, 100, 100, 100, 100, 100, 100, 100, 100, 100, 100, 
100, 2500, 2500, 2500, 2500, 2500, 2500, 2500, 2500, 2500, 2500, 
2500, 79848.591, 89756.334, 115084.923, 131845.843, 144800.319, 
190695.564, 202177.455, 238978.57, 270061.157, 284366.281, 323093.455, 
1, 1, 1, 1, 1, 1, 1, 1, 1, 1, 1, 0.125, 0.125, 0.125, 0.125, 
0.125, 0.125, 0.125, 0.125, 0.125, 0.125, 0.125, 0, 0, 0, 0, 
0, 0, 0, 0, 0, 0, 0, 0, 0, 0, 0, 0, 0, 0, 0, 0, 0, 0, 0.28372, 
0.29058, 0.28245, 0.28956, 0.2912, 0.28742, 0.29711, 0.29702, 
0.2884, 0.29025, 0.29597, 0.27694, 0.28817, 0.28285, 0.29117, 
0.28898, 0.28288, 0.29452, 0.29243, 0.28722, 0.29271, 0.29413, 
1.1992, 1.3659, 1.6349, 1.8277, 2.2027, 2.4244, 2.7446, 3.0504, 
3.4565, 3.963, 5.1097, 1535.1, 1687.3, 1840, 1990.9, 2142.9, 
2297, 2448.9, 2601.8, 2754.3, 2905.5, 3059.3, 1, 1, 1, 1, 1, 
1, 1, 1, 1, 1, 1, 1, 1, 1, 1, 1, 1, 1, 1, 1, 1, 1, 1, 1, 1, 1, 
1, 1, 1, 1, 1, 1, 1, 1, 1, 1, 1, 1, 1, 1, 1, 1, 1, 1, 16.212, 
17.433, 20.278, 22.54, 26.871, 29.053, 32.422, 35.637, 40.067, 
45.885, 58.746), .Dim = c(11L, 40L), .Dimnames = list(NULL, c("Sampling", 
"PSO.cost", "PSO.gamma", "PSO.data.balancing", "PSO.feature.selection", 
"PSO.valid.acc", "PSO.test.acc", "PSO.train.time", "PSO.n.support.vectors", 
"PSO.index", "PSO.n.solutions", "PSO.generations", "PSO.n.evaluations", 
"PSO.cpu.time", "RS.cost", "RS.gamma", "RS.data.balancing", "RS.feature.selection", 
"RS.valid.acc", "RS.test.acc", "RS.train.time", "RS.n.support.vectors", 
"RS.index", "RS.n.solutions", "RS.generations", "RS.n.evaluations", 
"RS.cpu.time", "DF.cost", "DF.gamma", "DF.data.balancing", "DF.feature.selection", 
"DF.valid.acc", "DF.test.acc", "DF.train.time", "DF.n.support.vectors", 
"DF.index", "DF.n.solutions", "DF.generations", "DF.n.evaluations", 
"DF.cpu.time")))
