full <-
structure(c(50, 55, 60, 65, 70, 75, 80, 85, 90, 95, 100, 2.19636, 
3.235, 0.97514, 1.53524, 1.13299, 4.21527, 8.52502, 5.71366, 
3.29186, 7.56862, 1.90393, -5.01468, -4.44265, -2.13043, -2.44739, 
-2.24464, -3.68342, -6.09218, -4.27953, -3.76865, -6.25393, -2.92167, 
0, 0, 0, 0, 0, 0, 0, 0, 0, 0, 0, 0, 0, 0, 0, 0, 0, 0, 0, 0, 0, 
0, 0.29828, 0.30286, 0.30595, 0.30876, 0.30941, 0.30268, 0.30493, 
0.30875, 0.30551, 0.30225, 0.30558, 0.29518, 0.29719, 0.29078, 
0.30434, 0.3027, 0.30164, 0.29904, 0.29526, 0.30033, 0.2943, 
0.29597, 1.1797, 1.4467, 1.6955, 1.9944, 2.2229, 2.7087, 3.8608, 
3.5716, 3.7206, 4.5971, 4.3997, 1528.4, 1677, 1818.8, 1978.1, 
2129.9, 2281.2, 2430.4, 2582.4, 2743.8, 2898.1, 3050.1, 1479, 
1254, 718, 456, 2039, 1241, 1556, 1250, 1355, 929, 1030, 74, 
23, 408, 92, 1, 5, 15, 24, 25, 202, 36, 100, 100, 100, 100, 100, 
100, 100, 100, 100, 100, 100, 2500, 2500, 2500, 2500, 2500, 2500, 
2500, 2500, 2500, 2500, 2500, 39529.353, 45557.809, 54187.604, 
62696.357, 72038.5750000001, 104590.595, 121823.682, 110969.415, 
108890.088, 151671.647, 168381.584, 1.37105, 0.07582, 1.0686, 
2.70694, -0.31211, 0.81449, 7.86437, 4.87229, 3.17355, 7.62356, 
6.33789, -4.75645, -3.62718, -2.2332, -2.65625, 0.14415, -1.16961, 
-5.80482, -4.01588, -3.64789, -6.30387, -4.67036, 0, 0, 0, 0, 
0, 0, 0, 0, 0, 0, 0, 0, 0, 0, 0, 0, 0, 0, 0, 0, 0, 0, 0.29515, 
0.301, 0.3038, 0.30793, 0.30755, 0.30162, 0.3033, 0.30813, 0.30377, 
0.3006, 0.30505, 0.29364, 0.2972, 0.2886, 0.29834, 0.29787, 0.29646, 
0.29872, 0.29098, 0.30034, 0.29321, 0.3022, 1.149, 1.4079, 1.6925, 
2.0127, 2.4135, 2.6663, 3.4712, 3.4724, 3.6856, 4.512, 4.9636, 
1529.5, 1684.1, 1819.3, 1975.5, 2114.3, 2269.1, 2429.7, 2582.3, 
2743.3, 2898, 3049.7, 596, 49, 1232, 1509, 1020, 2429, 1904, 
1592, 1291, 886, 1089, 1, 1, 1, 1, 1, 2, 1, 1, 1, 1, 1, 100, 
100, 100, 100, 100, 100, 100, 100, 100, 100, 100, 2500, 2500, 
2500, 2500, 2500, 2500, 2500, 2500, 2500, 2500, 2500, 69982.1, 
98104.124, 114944.517, 125052.159, 145421.447, 181810.959, 200473.452, 
225814.215, 258199.782, 282733.234, 333424.256, 1, 1, 1, 1, 1, 
1, 1, 1, 1, 1, 1, 0.125, 0.125, 0.125, 0.125, 0.125, 0.125, 0.125, 
0.125, 0.125, 0.125, 0.125, 0, 0, 0, 0, 0, 0, 0, 0, 0, 0, 0, 
0, 0, 0, 0, 0, 0, 0, 0, 0, 0, 0, 0.28741, 0.29389, 0.289, 0.30158, 
0.30268, 0.29226, 0.28962, 0.29712, 0.30005, 0.28746, 0.29543, 
0.29213, 0.30005, 0.28987, 0.30079, 0.30564, 0.29365, 0.30036, 
0.29219, 0.29772, 0.29375, 0.2957, 1.1532, 1.3659, 1.681, 1.9399, 
2.1057, 2.4744, 2.8977, 3.2104, 3.5966, 3.9446, 4.2941, 1527.2, 
1680.8, 1831, 1989.9, 2141.7, 2293.2, 2439.7, 2594.5, 2750.7, 
2901.8, 3059.2, 1, 1, 1, 1, 1, 1, 1, 1, 1, 1, 1, 1, 1, 1, 1, 
1, 1, 1, 1, 1, 1, 1, 1, 1, 1, 1, 1, 1, 1, 1, 1, 1, 1, 1, 1, 1, 
1, 1, 1, 1, 1, 1, 1, 1, 14.937, 17.068, 21.47, 23.217, 24.976, 
28.999, 34.457, 37.041, 41.197, 44.844, 48.668), .Dim = c(11L, 
40L), .Dimnames = list(NULL, c("Sampling", "PSO.cost", "PSO.gamma", 
"PSO.data.balancing", "PSO.feature.selection", "PSO.valid.acc", 
"PSO.test.acc", "PSO.train.time", "PSO.n.support.vectors", "PSO.index", 
"PSO.n.solutions", "PSO.generations", "PSO.n.evaluations", "PSO.cpu.time", 
"RS.cost", "RS.gamma", "RS.data.balancing", "RS.feature.selection", 
"RS.valid.acc", "RS.test.acc", "RS.train.time", "RS.n.support.vectors", 
"RS.index", "RS.n.solutions", "RS.generations", "RS.n.evaluations", 
"RS.cpu.time", "DF.cost", "DF.gamma", "DF.data.balancing", "DF.feature.selection", 
"DF.valid.acc", "DF.test.acc", "DF.train.time", "DF.n.support.vectors", 
"DF.index", "DF.n.solutions", "DF.generations", "DF.n.evaluations", 
"DF.cpu.time")))
