full <-
structure(c(50, 55, 60, 65, 70, 75, 80, 85, 90, 95, 100, 9.45185, 
10.2716, 6.69306, 8.78673, 4.41012, 5.97393, 11.14172, 5.65996, 
8.55366, 9.6963, 7.63754, -5.95362, -10.23393, -4.70157, -6.88584, 
-4.16902, -4.4411, -8.23382, -4.40599, -6.49768, -7.29849, -5.36148, 
0, 0, 0, 0, 0, 0, 0, 0, 0, 0, 0, 0, 0, 0, 0, 0, 0, 0, 0, 0, 0, 
0, 0.29838, 0.29723, 0.30457, 0.30558, 0.29903, 0.30551, 0.30202, 
0.30345, 0.30115, 0.3067, 0.30346, 0.28638, 0.28918, 0.29978, 
0.29078, 0.28637, 0.30027, 0.29845, 0.29982, 0.29188, 0.30397, 
0.2975, 2.0405, 1.708, 2.0046, 2.4912, 2.3223, 2.7869, 4.4639, 
3.5954, 4.4215, 5.4396, 5.5372, 1519, 1688, 1831.4, 1990.4, 2142.5, 
2290.5, 2447.2, 2595.4, 2752.4, 2901.3, 3047.2, 1381, 1093, 1251, 
920, 2211, 827, 1982, 2438, 1235, 2020, 2151, 30, 45, 18, 22, 
13, 102, 31, 1, 5, 1, 2, 100, 100, 100, 100, 100, 100, 100, 100, 
100, 100, 100, 2500, 2500, 2500, 2500, 2500, 2500, 2500, 2500, 
2500, 2500, 2500, 146000.783, 63463.622, 74274.844, 131549.62, 
133922.164, 93290.2949999999, 148438.803, 127385.537, 146192.077, 
246030.706, 257945.695, 5.82511, 10.77306, 3.22025, 13.95792, 
-0.85793, 7.09494, 6.61887, 4.99453, 8.47216, 11.16448, 9.54052, 
-5.23979, -10.4206, -5.27652, -8.49153, -2.41875, -5.00792, -6.26145, 
-4.12592, -6.40863, -8.1585, -5.61556, 0, 0, 0, 0, 0, 0, 0, 0, 
0, 0, 0, 0, 0, 0, 0, 0, 0, 0, 0, 0, 0, 0, 0.29783, 0.29534, 0.30194, 
0.30396, 0.29678, 0.30344, 0.30235, 0.30071, 0.2997, 0.30478, 
0.30217, 0.29375, 0.28728, 0.29496, 0.2936, 0.28562, 0.29994, 
0.29131, 0.29829, 0.29246, 0.30287, 0.29724, 1.2849, 1.7111, 
1.666, 8.6855, 2.1223, 3.0446, 3.0752, 3.4631, 4.548, 6.2706, 
7.5407, 1525, 1687.9, 1840.7, 1989.4, 2147.9, 2290.4, 2448.1, 
2594.5, 2751.6, 2901.7, 3045.7, 286, 825, 23, 2056, 1342, 47, 
931, 2228, 2187, 232, 1329, 1, 1, 1, 1, 1, 1, 1, 1, 2, 1, 1, 
100, 100, 100, 100, 100, 100, 100, 100, 100, 100, 100, 2500, 
2500, 2500, 2500, 2500, 2500, 2500, 2500, 2500, 2500, 2500, 80636.871, 
92993.157, 109023.192, 131081.448, 162905.611, 165236.759, 199930.29, 
220392.454, 258804.169, 277562.955, 327687.715, 1, 1, 1, 1, 1, 
1, 1, 1, 1, 1, 1, 0.125, 0.125, 0.125, 0.125, 0.125, 0.125, 0.125, 
0.125, 0.125, 0.125, 0.125, 0, 0, 0, 0, 0, 0, 0, 0, 0, 0, 0, 
0, 0, 0, 0, 0, 0, 0, 0, 0, 0, 0, 0.28523, 0.28632, 0.29414, 0.29602, 
0.29046, 0.29018, 0.29614, 0.28663, 0.28755, 0.29654, 0.29099, 
0.29362, 0.28966, 0.30063, 0.29562, 0.2886, 0.29367, 0.29876, 
0.28877, 0.28727, 0.29409, 0.29177, 1.1504, 1.3949, 1.6945, 1.9583, 
2.1802, 2.4799, 2.8353, 3.2319, 3.5634, 3.9827, 4.4016, 1529.7, 
1687.1, 1839, 1992.7, 2148.2, 2300.4, 2451.8, 2604.5, 2756.6, 
2905.3, 3059.3, 1, 1, 1, 1, 1, 1, 1, 1, 1, 1, 1, 1, 1, 1, 1, 
1, 1, 1, 1, 1, 1, 1, 1, 1, 1, 1, 1, 1, 1, 1, 1, 1, 1, 1, 1, 1, 
1, 1, 1, 1, 1, 1, 1, 1, 15.631, 18.143, 21.465, 24.424, 26.563, 
28.982, 33, 38.02, 40.946, 45.39, 49.845), .Dim = c(11L, 40L), .Dimnames = list(
    NULL, c("Sampling", "PSO.cost", "PSO.gamma", "PSO.data.balancing", 
    "PSO.feature.selection", "PSO.valid.acc", "PSO.test.acc", 
    "PSO.train.time", "PSO.n.support.vectors", "PSO.index", "PSO.n.solutions", 
    "PSO.generations", "PSO.n.evaluations", "PSO.cpu.time", "RS.cost", 
    "RS.gamma", "RS.data.balancing", "RS.feature.selection", 
    "RS.valid.acc", "RS.test.acc", "RS.train.time", "RS.n.support.vectors", 
    "RS.index", "RS.n.solutions", "RS.generations", "RS.n.evaluations", 
    "RS.cpu.time", "DF.cost", "DF.gamma", "DF.data.balancing", 
    "DF.feature.selection", "DF.valid.acc", "DF.test.acc", "DF.train.time", 
    "DF.n.support.vectors", "DF.index", "DF.n.solutions", "DF.generations", 
    "DF.n.evaluations", "DF.cpu.time")))
