full <-
structure(c(50, 55, 60, 65, 70, 75, 80, 85, 90, 95, 100, 8.47614, 
2.89851, 13.81876, 6.79088, 4.82025, 0.52309, 6.721, 15, 0.25993, 
3.93364, 9.38862, -11.65271, -3.43499, -13.83947, -7.37592, -5.82568, 
-0.64068, -5.82693, -9.58774, -0.21444, -3.66041, -6.54964, 0, 
0, 0, 0, 0, 0, 0, 0, 0, 0, 0, 0, 0, 0, 0, 0, 0, 0, 0, 0, 0, 0, 
0.30034, 0.30149, 0.30498, 0.29908, 0.29943, 0.30097, 0.30067, 
0.29892, 0.30261, 0.30313, 0.30063, 0.29409, 0.29443, 0.29543, 
0.29267, 0.29497, 0.29124, 0.29385, 0.28638, 0.29566, 0.29735, 
0.29725, 1.1993, 1.467, 2.25, 2.0644, 2.2515, 2.5644, 3.1613, 
13.4004, 3.8469, 4.3031, 6.2608, 1529, 1675.2, 1829.9, 1984.8, 
2139.9, 2270.7, 2439.7, 2591.1, 2728.4, 2896.2, 3051.7, 2455, 
959, 1823, 240, 599, 1394, 2470, 2367, 1452, 2166, 1756, 2, 114, 
1, 54, 64, 44, 1, 1, 56, 1, 6, 100, 100, 100, 100, 100, 100, 
100, 100, 100, 100, 100, 2500, 2500, 2500, 2500, 2500, 2500, 
2500, 2500, 2500, 2500, 2500, 44082.938, 46881.993, 69665.786, 
97074.732, 72855.292, 77180.853, 126824.117, 282514.221, 219367.105, 
159160.544, 349188.004, 8.44304, 2.85751, -0.10915, 9.58207, 
4.00573, 0.6808, 8.83604, 1.92144, 0.11638, 10.74652, 9.27151, 
-11.64182, -3.46532, 1.22809, -8.90429, -5.67677, -1.96449, -6.76132, 
-4.01641, -0.33547, -5.60941, -6.83158, 0, 0, 0, 0, 0, 0, 0, 
0, 0, 0, 0, 0, 0, 0, 0, 0, 0, 0, 0, 0, 0, 0, 0.29878, 0.29913, 
0.30368, 0.29829, 0.29906, 0.29929, 0.2997, 0.29862, 0.3003, 
0.3023, 0.29854, 0.29409, 0.29347, 0.29456, 0.28948, 0.28903, 
0.29441, 0.29516, 0.2925, 0.29653, 0.29407, 0.29804, 1.2714, 
1.4447, 1.9827, 2.3276, 2.1558, 2.4694, 3.6982, 3.2128, 3.8052, 
10.5291, 6.0732, 1528.8, 1675.7, 1820.8, 1983.2, 2141.6, 2286.6, 
2439.6, 2597.8, 2729.4, 2890.3, 3053.5, 140, 240, 1873, 1927, 
1777, 1295, 2391, 1933, 414, 2398, 1560, 1, 1, 1, 1, 1, 1, 1, 
1, 1, 1, 2, 100, 100, 100, 100, 100, 100, 100, 100, 100, 100, 
100, 2500, 2500, 2500, 2500, 2500, 2500, 2500, 2500, 2500, 2500, 
2500, 80557.101, 88307.402, 116745.597, 134753.489, 145882.883, 
181152.648, 197435.077, 220640.464, 278038.165, 326963.341, 326492.61, 
1, 1, 1, 1, 1, 1, 1, 1, 1, 1, 1, 0.125, 0.125, 0.125, 0.125, 
0.125, 0.125, 0.125, 0.125, 0.125, 0.125, 0.125, 0, 0, 0, 0, 
0, 0, 0, 0, 0, 0, 0, 0, 0, 0, 0, 0, 0, 0, 0, 0, 0, 0, 0.28477, 
0.29108, 0.28892, 0.29104, 0.2868, 0.29373, 0.2951, 0.29342, 
0.28901, 0.29518, 0.29101, 0.28426, 0.29206, 0.29543, 0.29304, 
0.29052, 0.29441, 0.29546, 0.29221, 0.29192, 0.29763, 0.29154, 
1.1169, 1.3382, 1.5555, 1.9148, 2.1632, 2.4931, 2.8382, 3.1276, 
3.6435, 3.9324, 4.337, 1525.5, 1680.9, 1833.8, 1986.6, 2143.4, 
2296.7, 2446.1, 2599.8, 2751.6, 2904.5, 3058.7, 1, 1, 1, 1, 1, 
1, 1, 1, 1, 1, 1, 1, 1, 1, 1, 1, 1, 1, 1, 1, 1, 1, 1, 1, 1, 1, 
1, 1, 1, 1, 1, 1, 1, 1, 1, 1, 1, 1, 1, 1, 1, 1, 1, 1, 14.528, 
16.798, 18.929, 22.996, 25.634, 29.24, 32.928, 36.09, 41.864, 
44.909, 49.241), .Dim = c(11L, 40L), .Dimnames = list(NULL, c("Sampling", 
"PSO.cost", "PSO.gamma", "PSO.data.balancing", "PSO.feature.selection", 
"PSO.valid.acc", "PSO.test.acc", "PSO.train.time", "PSO.n.support.vectors", 
"PSO.index", "PSO.n.solutions", "PSO.generations", "PSO.n.evaluations", 
"PSO.cpu.time", "RS.cost", "RS.gamma", "RS.data.balancing", "RS.feature.selection", 
"RS.valid.acc", "RS.test.acc", "RS.train.time", "RS.n.support.vectors", 
"RS.index", "RS.n.solutions", "RS.generations", "RS.n.evaluations", 
"RS.cpu.time", "DF.cost", "DF.gamma", "DF.data.balancing", "DF.feature.selection", 
"DF.valid.acc", "DF.test.acc", "DF.train.time", "DF.n.support.vectors", 
"DF.index", "DF.n.solutions", "DF.generations", "DF.n.evaluations", 
"DF.cpu.time")))
