full <-
structure(c(50, 55, 60, 65, 70, 75, 80, 85, 90, 95, 100, -0.47296, 
1.52706, 1.97697, -1.45622, 0.85851, 9.53277, 14.15386, 0.3588, 
3.94175, 7.01201, 5.66029, -2.39784, -2.86983, -1.64134, -2.00159, 
-4.37925, -7.98208, -9.53238, 0.16278, -3.58393, -5.14004, -4.68351, 
0, 0, 0, 0, 0, 0, 0, 0, 0, 0, 0, 0, 0, 0, 0, 0, 0, 0, 0, 0, 0, 
0, 0.30245, 0.30768, 0.31196, 0.30602, 0.30059, 0.29989, 0.30925, 
0.3035, 0.30691, 0.30311, 0.29985, 0.29673, 0.30108, 0.30461, 
0.30482, 0.29871, 0.29014, 0.30763, 0.29864, 0.29794, 0.29352, 
0.29804, 1.1847, 1.433, 1.7338, 1.841, 2.1595, 3.0956, 7.6982, 
3.4815, 3.7728, 4.7977, 4.9684, 1529, 1678, 1817.7, 1989.7, 2141.2, 
2288.9, 2438.7, 2580.8, 2738.7, 2894.8, 3050.5, 997, 1848, 1202, 
497, 2013, 2326, 1869, 1263, 1212, 1385, 1628, 45, 1, 43, 146, 
1, 3, 2, 32, 13, 22, 29, 100, 100, 100, 100, 100, 100, 100, 100, 
100, 100, 100, 2500, 2500, 2500, 2500, 2500, 2500, 2500, 2500, 
2500, 2500, 2500, 39797.377, 48506.663, 62702.674, 58296.051, 
81697.2810000001, 109725.504, 200990.2, 102258.934, 117299.168, 
157955.73, 172595.282, -0.24506, -1.96601, 1.55548, -1.63438, 
7.48542, 9.69209, 14.51473, 0.50049, 2.41617, 2.80726, 0.82421, 
-2.57256, -1.40113, -1.62417, -1.88898, -6.13577, -8.03541, -9.72162, 
-0.04146, -3.19078, -2.31308, -2.74336, 0, 0, 0, 0, 0, 0, 0, 
0, 0, 0, 0, 0, 0, 0, 0, 0, 0, 0, 0, 0, 0, 0, 0.30088, 0.3039, 
0.30851, 0.30402, 0.29942, 0.29781, 0.30826, 0.30136, 0.30547, 
0.30172, 0.2983, 0.29725, 0.29725, 0.30678, 0.30563, 0.28973, 
0.29187, 0.30828, 0.30109, 0.30026, 0.29268, 0.29619, 1.1954, 
1.4281, 1.6892, 1.9003, 2.5103, 3.1529, 8.4126, 3.3833, 3.5548, 
4.2681, 4.3525, 1529.6, 1682.3, 1820, 1990.3, 2134.7, 2288.7, 
2438.5, 2579.4, 2741.4, 2887.4, 3054.2, 1515, 1898, 1415, 2422, 
1090, 2041, 26, 1935, 173, 2197, 855, 1, 1, 1, 1, 1, 1, 1, 1, 
1, 2, 1, 100, 100, 100, 100, 100, 100, 100, 100, 100, 100, 100, 
2500, 2500, 2500, 2500, 2500, 2500, 2500, 2500, 2500, 2500, 2500, 
83510.574, 94449.723, 106129.035, 135496.2, 148129.081, 175418.396, 
190892.905, 249797.375, 233717.882, 277305.476, 307408.173, 1, 
1, 1, 1, 1, 1, 1, 1, 1, 1, 1, 0.125, 0.125, 0.125, 0.125, 0.125, 
0.125, 0.125, 0.125, 0.125, 0.125, 0.125, 0, 0, 0, 0, 0, 0, 0, 
0, 0, 0, 0, 0, 0, 0, 0, 0, 0, 0, 0, 0, 0, 0, 0.29515, 0.29541, 
0.29768, 0.30242, 0.29313, 0.29085, 0.29845, 0.28913, 0.29158, 
0.28971, 0.29049, 0.29567, 0.30199, 0.30026, 0.30242, 0.29906, 
0.28878, 0.29356, 0.29315, 0.29185, 0.29078, 0.29205, 1.1804, 
1.3892, 1.6467, 1.8153, 2.1694, 2.5064, 2.8051, 3.1193, 3.5014, 
4.0043, 4.4045, 1531.3, 1682.7, 1833.2, 1986.6, 2136.6, 2287, 
2440, 2592.9, 2747.9, 2903.4, 3058.8, 1, 1, 1, 1, 1, 1, 1, 1, 
1, 1, 1, 1, 1, 1, 1, 1, 1, 1, 1, 1, 1, 1, 1, 1, 1, 1, 1, 1, 1, 
1, 1, 1, 1, 1, 1, 1, 1, 1, 1, 1, 1, 1, 1, 1, 15.73, 17.852, 20.099, 
21.721, 25.664, 29.416, 32.68, 35.891, 40.036, 45.754, 49.893
), .Dim = c(11L, 40L), .Dimnames = list(NULL, c("Sampling", "PSO.cost", 
"PSO.gamma", "PSO.data.balancing", "PSO.feature.selection", "PSO.valid.acc", 
"PSO.test.acc", "PSO.train.time", "PSO.n.support.vectors", "PSO.index", 
"PSO.n.solutions", "PSO.generations", "PSO.n.evaluations", "PSO.cpu.time", 
"RS.cost", "RS.gamma", "RS.data.balancing", "RS.feature.selection", 
"RS.valid.acc", "RS.test.acc", "RS.train.time", "RS.n.support.vectors", 
"RS.index", "RS.n.solutions", "RS.generations", "RS.n.evaluations", 
"RS.cpu.time", "DF.cost", "DF.gamma", "DF.data.balancing", "DF.feature.selection", 
"DF.valid.acc", "DF.test.acc", "DF.train.time", "DF.n.support.vectors", 
"DF.index", "DF.n.solutions", "DF.generations", "DF.n.evaluations", 
"DF.cpu.time")))
