full <-
structure(c(50, 55, 60, 65, 70, 75, 80, 85, 90, 95, 100, 10.06636, 
6.67807, 8.72657, 3.98379, 8.20672, 1.36079, 10.00731, 0.38728, 
14.96915, 1.15021, 9.9885, -6.5314, -6.02677, -6.0242, -4.11082, 
-4.28672, -0.25287, -8.52357, -0.21706, -7.7824, -0.86047, -6.01312, 
0, 0, 0, 0, 0, 0, 0, 0, 0, 0, 0, 0, 0, 0, 0, 0, 0, 0, 0, 0, 0, 
0, 0.30503, 0.30001, 0.30457, 0.3084, 0.30341, 0.30441, 0.30169, 
0.30568, 0.29942, 0.29985, 0.30868, 0.29877, 0.29108, 0.29459, 
0.29922, 0.29273, 0.30027, 0.29125, 0.30475, 0.29422, 0.29381, 
0.30193, 2.1845, 1.5681, 2.3909, 1.9893, 3.5149, 2.718, 3.6588, 
3.3982, 35.7027, 4.0916, 7.8701, 1523.7, 1682.2, 1831.3, 1983, 
2122.4, 2269.1, 2447.6, 2573.8, 2736.7, 2882.8, 3046, 1231, 1542, 
1834, 925, 1943, 1405, 2298, 2398, 365, 1219, 2366, 8, 26, 10, 
36, 13, 12, 4, 1, 1, 3, 1, 100, 100, 100, 100, 100, 100, 100, 
100, 100, 100, 100, 2500, 2500, 2500, 2500, 2500, 2500, 2500, 
2500, 2500, 2500, 2500, 72023.652, 54388.584, 93334.188, 71018.711, 
222241.007, 214169.596, 130303.332, 105138.79, 492259.319, 125268.785, 
277423.222, 11.25762, 8.72829, 5.42694, 0.97512, 12.39837, 1.26246, 
10.18863, 0.39138, 13.46688, 1.26084, 9.96591, -7.02928, -6.53393, 
-4.14939, -0.82792, -7.60166, -0.18326, -8.69236, -0.0891, -7.34314, 
-0.91268, -5.97266, 0, 0, 0, 0, 0, 0, 0, 0, 0, 0, 0, 0, 0, 0, 
0, 0, 0, 0, 0, 0, 0, 0, 0.30241, 0.29812, 0.30327, 0.30599, 0.30193, 
0.30268, 0.29973, 0.30354, 0.29709, 0.29821, 0.30713, 0.2988, 
0.2935, 0.29679, 0.30281, 0.29487, 0.30028, 0.29125, 0.30077, 
0.29277, 0.29326, 0.30115, 2.8463, 1.8645, 1.8172, 2.0013, 6.4587, 
2.6989, 3.7701, 3.4426, 17.8582, 4.1269, 7.9864, 1522.8, 1679.8, 
1828.4, 1965.3, 2133.2, 2269.2, 2447.9, 2574.4, 2738.5, 2883.3, 
3046.1, 1195, 2370, 221, 961, 603, 1730, 1033, 1934, 1721, 675, 
463, 1, 1, 1, 1, 1, 1, 1, 1, 2, 1, 1, 100, 100, 100, 100, 100, 
100, 100, 100, 100, 100, 100, 2500, 2500, 2500, 2500, 2500, 2500, 
2500, 2500, 2500, 2500, 2500, 77703.943, 90709.784, 111590.561, 
124175.952, 149652.976, 165040.882, 210883.138, 217505.735, 261729.32, 
270518.45, 320951.114, 1, 1, 1, 1, 1, 1, 1, 1, 1, 1, 1, 0.125, 
0.125, 0.125, 0.125, 0.125, 0.125, 0.125, 0.125, 0.125, 0.125, 
0.125, 0, 0, 0, 0, 0, 0, 0, 0, 0, 0, 0, 0, 0, 0, 0, 0, 0, 0, 
0, 0, 0, 0, 0.28318, 0.28583, 0.29547, 0.29756, 0.2938, 0.28945, 
0.28962, 0.29957, 0.29106, 0.29079, 0.29595, 0.29362, 0.28443, 
0.28895, 0.28838, 0.28746, 0.28912, 0.28707, 0.29313, 0.28846, 
0.28752, 0.29518, 1.1511, 1.3942, 1.5759, 1.8798, 2.192, 2.5171, 
2.73, 3.2513, 3.5301, 3.8674, 4.4618, 1530.5, 1683.5, 1836.5, 
1989.7, 2142.1, 2293.7, 2449.2, 2602.2, 2751.2, 2906.2, 3059.9, 
1, 1, 1, 1, 1, 1, 1, 1, 1, 1, 1, 1, 1, 1, 1, 1, 1, 1, 1, 1, 1, 
1, 1, 1, 1, 1, 1, 1, 1, 1, 1, 1, 1, 1, 1, 1, 1, 1, 1, 1, 1, 1, 
1, 1, 15.094, 18.124, 19.796, 22.88, 26.752, 29.708, 32.391, 
38.118, 40.692, 44.276, 51.043), .Dim = c(11L, 40L), .Dimnames = list(
    NULL, c("Sampling", "PSO.cost", "PSO.gamma", "PSO.data.balancing", 
    "PSO.feature.selection", "PSO.valid.acc", "PSO.test.acc", 
    "PSO.train.time", "PSO.n.support.vectors", "PSO.index", "PSO.n.solutions", 
    "PSO.generations", "PSO.n.evaluations", "PSO.cpu.time", "RS.cost", 
    "RS.gamma", "RS.data.balancing", "RS.feature.selection", 
    "RS.valid.acc", "RS.test.acc", "RS.train.time", "RS.n.support.vectors", 
    "RS.index", "RS.n.solutions", "RS.generations", "RS.n.evaluations", 
    "RS.cpu.time", "DF.cost", "DF.gamma", "DF.data.balancing", 
    "DF.feature.selection", "DF.valid.acc", "DF.test.acc", "DF.train.time", 
    "DF.n.support.vectors", "DF.index", "DF.n.solutions", "DF.generations", 
    "DF.n.evaluations", "DF.cpu.time")))
