full <-
structure(c(50, 55, 60, 65, 70, 75, 80, 85, 90, 95, 100, 14.99589, 
11.47511, 11.19876, 13.10347, 15, 5.09975, 7.72305, 12.85143, 
-1.99849, 9.77638, 6.64384, -13.49488, -8.51701, -8.41937, -9.2404, 
-11.28853, -4.49183, -6.13786, -9.31858, -3.31168, -7.16384, 
-5.06388, 0, 0, 0, 0, 0, 0, 0, 0, 0, 0, 0, 0, 0, 0, 0, 0, 0, 
0, 0, 0, 0, 0, 0.28839, 0.29676, 0.29932, 0.30116, 0.30346, 0.29745, 
0.30427, 0.30472, 0.30171, 0.30829, 0.30453, 0.28578, 0.29013, 
0.29717, 0.29233, 0.29378, 0.29433, 0.30265, 0.29828, 0.29563, 
0.3009, 0.29672, 1.8378, 2.2406, 2.3949, 3.8225, 4.6726, 2.6483, 
3.2522, 5.6824, 3.6293, 5.5661, 5.037, 1526.9, 1676.1, 1826.5, 
1978.2, 2136.4, 2284.1, 2440.2, 2597, 2761.3, 2899.3, 3050.8, 
2035, 1822, 2478, 978, 1918, 1033, 1750, 729, 2357, 1722, 2056, 
1, 1, 1, 1, 1, 5, 6, 1, 385, 12, 2, 100, 100, 100, 100, 100, 
100, 100, 100, 100, 100, 100, 2500, 2500, 2500, 2500, 2500, 2500, 
2500, 2500, 2500, 2500, 2500, 58664.694, 108648.846, 72912.664, 
127995.502, 134969.89, 128403.819, 103854.475, 186321.832, 108481.063, 
197373.586, 169534.845, 14.06112, 14.50114, 8.72771, 13.1149, 
8.66456, 5.38057, 6.72099, 14.78253, 10.06282, 9.67317, 4.57515, 
-12.56853, -9.87328, -7.3443, -9.24132, -7.55588, -4.6335, -5.96467, 
-10.2683, -6.6235, -5.35568, -4.17539, 0, 0, 0, 0, 0, 0, 0, 0, 
0, 0, 0, 0, 0, 0, 0, 0, 0, 0, 0, 0, 0, 0, 0.28526, 0.29626, 0.29713, 
0.30036, 0.30234, 0.29675, 0.30361, 0.3047, 0.30224, 0.30639, 
0.30324, 0.2816, 0.28871, 0.29675, 0.29153, 0.29527, 0.29642, 
0.30264, 0.30012, 0.29675, 0.30281, 0.29905, 1.7482, 3.8406, 
1.9008, 3.8325, 2.4721, 2.6579, 3.1138, 8.5874, 5.852, 7.5805, 
4.6282, 1527, 1675.2, 1827.2, 1978, 2136.5, 2284.3, 2442, 2596.8, 
2741.9, 2890.7, 3051.1, 601, 2441, 2230, 1799, 2172, 1568, 2383, 
2388, 1995, 880, 291, 1, 1, 1, 1, 1, 1, 1, 1, 1, 1, 1, 100, 100, 
100, 100, 100, 100, 100, 100, 100, 100, 100, 2500, 2500, 2500, 
2500, 2500, 2500, 2500, 2500, 2500, 2500, 2500, 77104.935, 90073.95, 
110096.832, 126951.592, 146366.754, 186108.513, 193852.848, 214072.194, 
242944.71, 296712.765, 311823.9, 1, 1, 1, 1, 1, 1, 1, 1, 1, 1, 
1, 0.125, 0.125, 0.125, 0.125, 0.125, 0.125, 0.125, 0.125, 0.125, 
0.125, 0.125, 0, 0, 0, 0, 0, 0, 0, 0, 0, 0, 0, 0, 0, 0, 0, 0, 
0, 0, 0, 0, 0, 0, 0.27533, 0.29014, 0.2841, 0.28961, 0.29046, 
0.28638, 0.28861, 0.29433, 0.29534, 0.29428, 0.29491, 0.27224, 
0.27738, 0.28454, 0.28631, 0.2945, 0.29265, 0.28895, 0.29368, 
0.29678, 0.29734, 0.29386, 1.1702, 1.3751, 1.6353, 1.8135, 2.2111, 
2.4277, 2.8573, 3.1337, 3.6868, 4.0381, 4.3442, 1531.1, 1683.5, 
1833.5, 1987.8, 2141.7, 2295.5, 2448.3, 2603, 2751.1, 2906, 3058.3, 
1, 1, 1, 1, 1, 1, 1, 1, 1, 1, 1, 1, 1, 1, 1, 1, 1, 1, 1, 1, 1, 
1, 1, 1, 1, 1, 1, 1, 1, 1, 1, 1, 1, 1, 1, 1, 1, 1, 1, 1, 1, 1, 
1, 1, 15.41, 17.075, 19.912, 21.698, 26.204, 28.353, 33.182, 
36.432, 42.517, 46.35, 49.215), .Dim = c(11L, 40L), .Dimnames = list(
    NULL, c("Sampling", "PSO.cost", "PSO.gamma", "PSO.data.balancing", 
    "PSO.feature.selection", "PSO.valid.acc", "PSO.test.acc", 
    "PSO.train.time", "PSO.n.support.vectors", "PSO.index", "PSO.n.solutions", 
    "PSO.generations", "PSO.n.evaluations", "PSO.cpu.time", "RS.cost", 
    "RS.gamma", "RS.data.balancing", "RS.feature.selection", 
    "RS.valid.acc", "RS.test.acc", "RS.train.time", "RS.n.support.vectors", 
    "RS.index", "RS.n.solutions", "RS.generations", "RS.n.evaluations", 
    "RS.cpu.time", "DF.cost", "DF.gamma", "DF.data.balancing", 
    "DF.feature.selection", "DF.valid.acc", "DF.test.acc", "DF.train.time", 
    "DF.n.support.vectors", "DF.index", "DF.n.solutions", "DF.generations", 
    "DF.n.evaluations", "DF.cpu.time")))
