full <-
structure(c(50, 55, 60, 65, 70, 75, 80, 85, 90, 95, 100, 14.95626, 
13.78266, 8.73604, 6.20399, 1.27458, 14.98075, 6.39759, 6.14566, 
8.48755, 15, 15, -13.3904, -9.38231, -6.2151, -5.18195, -5.49136, 
-8.89773, -6.51251, -6.36905, -6.84122, -6.77428, -7.66653, 0, 
0, 0, 0, 0, 0, 0, 0, 0, 0, 0, 0, 0, 0, 0, 0, 0, 0, 0, 0, 0, 0, 
0.30093, 0.2982, 0.30202, 0.30879, 0.2997, 0.29852, 0.29577, 
0.29615, 0.29969, 0.29985, 0.30378, 0.29047, 0.28927, 0.29678, 
0.29716, 0.29341, 0.29092, 0.28991, 0.28846, 0.29766, 0.28915, 
0.29074, 1.7962, 3.8161, 2.2509, 2.0899, 2.0995, 15.1135, 3.0981, 
3.2804, 4.3125, 69.0301, 45.041, 1526.1, 1678.8, 1828.8, 1982.2, 
2148.1, 2285.2, 2444.6, 2598, 2746.6, 2885.5, 3044.3, 631, 1267, 
1134, 1573, 2333, 2260, 1488, 1048, 1101, 1705, 2000, 2, 1, 36, 
5, 9, 1, 25, 49, 11, 1, 1, 100, 100, 100, 100, 100, 100, 100, 
100, 100, 100, 100, 2500, 2500, 2500, 2500, 2500, 2500, 2500, 
2500, 2500, 2500, 2500, 61605.608, 72905.754, 107352.867, 79273.2659999999, 
169249.65, 351849.486, 111465.632, 111164.175, 235271.694, 593777.115, 
569670.775, 12.56313, 10.71954, 9.73618, 5.21386, 0.67033, 13.73325, 
5.21413, 7.71118, 10.32678, 6.31573, 14.20677, -8.31929, -9.3631, 
-5.79678, -5.52143, -5.30099, -7.92884, -5.83298, -6.45965, -6.58202, 
-4.84738, -7.2939, 0, 0, 0, 0, 0, 0, 0, 0, 0, 0, 0, 0, 0, 0, 
0, 0, 0, 0, 0, 0, 0, 0, 0.29616, 0.29678, 0.30025, 0.3076, 0.29785, 
0.29643, 0.29317, 0.29308, 0.29971, 0.29763, 0.30221, 0.30034, 
0.28593, 0.28724, 0.302, 0.29452, 0.29022, 0.29151, 0.2851, 0.29795, 
0.3012, 0.29126, 2.8899, 1.8116, 2.9429, 2.0323, 2.1555, 12.0401, 
2.8596, 3.6829, 6.3436, 4.5099, 36.5858, 1522.5, 1682.9, 1823.3, 
1985.7, 2149.1, 2283.2, 2444.9, 2596.3, 2743.7, 2895.9, 3044.2, 
2350, 2462, 2266, 1087, 1560, 1320, 1327, 236, 964, 1324, 1118, 
1, 1, 1, 1, 1, 1, 1, 1, 1, 1, 1, 100, 100, 100, 100, 100, 100, 
100, 100, 100, 100, 100, 2500, 2500, 2500, 2500, 2500, 2500, 
2500, 2500, 2500, 2500, 2500, 82311.21, 97160.548, 113572.88, 
130794.705, 159505.922, 171088.905, 193549.347, 248291.167, 269769.661, 
306460.207, 322532.939999999, 1, 1, 1, 1, 1, 1, 1, 1, 1, 1, 1, 
0.125, 0.125, 0.125, 0.125, 0.125, 0.125, 0.125, 0.125, 0.125, 
0.125, 0.125, 0, 0, 0, 0, 0, 0, 0, 0, 0, 0, 0, 0, 0, 0, 0, 0, 
0, 0, 0, 0, 0, 0, 0.28417, 0.28111, 0.28772, 0.29394, 0.29152, 
0.28809, 0.28341, 0.28694, 0.29131, 0.29294, 0.29283, 0.28426, 
0.28351, 0.28989, 0.29798, 0.29042, 0.2926, 0.28895, 0.27896, 
0.2893, 0.28966, 0.29203, 1.1792, 1.3992, 1.6136, 1.9407, 2.2895, 
2.5274, 2.7635, 3.246, 3.6505, 3.9453, 4.4901, 1530.4, 1684.4, 
1837.9, 1990.1, 2144.5, 2296.2, 2448.5, 2601.1, 2752.6, 2904.4, 
3058.8, 1, 1, 1, 1, 1, 1, 1, 1, 1, 1, 1, 1, 1, 1, 1, 1, 1, 1, 
1, 1, 1, 1, 1, 1, 1, 1, 1, 1, 1, 1, 1, 1, 1, 1, 1, 1, 1, 1, 1, 
1, 1, 1, 1, 1, 15.426, 17.523, 19.58, 23.443, 27.138, 29.526, 
31.952, 37.391, 42.085, 45.021, 51.281), .Dim = c(11L, 40L), .Dimnames = list(
    NULL, c("Sampling", "PSO.cost", "PSO.gamma", "PSO.data.balancing", 
    "PSO.feature.selection", "PSO.valid.acc", "PSO.test.acc", 
    "PSO.train.time", "PSO.n.support.vectors", "PSO.index", "PSO.n.solutions", 
    "PSO.generations", "PSO.n.evaluations", "PSO.cpu.time", "RS.cost", 
    "RS.gamma", "RS.data.balancing", "RS.feature.selection", 
    "RS.valid.acc", "RS.test.acc", "RS.train.time", "RS.n.support.vectors", 
    "RS.index", "RS.n.solutions", "RS.generations", "RS.n.evaluations", 
    "RS.cpu.time", "DF.cost", "DF.gamma", "DF.data.balancing", 
    "DF.feature.selection", "DF.valid.acc", "DF.test.acc", "DF.train.time", 
    "DF.n.support.vectors", "DF.index", "DF.n.solutions", "DF.generations", 
    "DF.n.evaluations", "DF.cpu.time")))
