full <-
structure(c(50, 55, 60, 65, 70, 75, 80, 85, 90, 95, 100, 6.06324, 
3.59552, 0.65832, 0.19257, 0.77077, 2.64507, 0.97611, 10.35946, 
3.18351, 6.24755, 13.22525, -5.61126, -2.16299, -1.63792, -3.77552, 
0.88712, -1.88456, 0.15111, -5.51308, -2.67095, -5.95554, -7.67603, 
0, 0, 0, 0, 0, 0, 0, 0, 0, 0, 0, 0, 0, 0, 0, 0, 0, 0, 0, 0, 0, 
0, 0.30091, 0.31661, 0.30547, 0.30077, 0.30608, 0.30161, 0.30823, 
0.30506, 0.29711, 0.30146, 0.30426, 0.29203, 0.29859, 0.29201, 
0.29196, 0.29008, 0.29538, 0.29355, 0.29616, 0.29159, 0.29243, 
0.29877, 1.3142, 1.5526, 1.6143, 1.9192, 2.5046, 2.7313, 3.0487, 
8.0648, 3.7107, 4.2922, 17.2209, 1523.2, 1655.5, 1816.7, 1989.8, 
2121.4, 2271.9, 2424.9, 2585.8, 2738.4, 2901, 3048.1, 1848, 1044, 
2160, 1648, 1869, 1631, 2090, 1947, 1149, 1243, 2427, 125, 77, 
1, 16, 8, 19, 5, 2, 12, 52, 1, 100, 100, 100, 100, 100, 100, 
100, 100, 100, 100, 100, 2500, 2500, 2500, 2500, 2500, 2500, 
2500, 2500, 2500, 2500, 2500, 48087.014, 52904.272, 56069.968, 
71874.1029999999, 104168.45, 100850.063, 99627.0650000002, 300455.643, 
160918.672, 148279.134, 524246.375, 5.95555, 3.13034, 0.71718, 
-0.07502, 2.07969, 2.12445, 0.94493, 10.1811, 3.15392, 7.18338, 
12.86261, -5.56446, -1.74965, -1.60652, -4.18012, -1.54527, -1.44962, 
0.06957, -5.37442, -2.53135, -6.47319, -7.44884, 0, 0, 0, 0, 
0, 0, 0, 0, 0, 0, 0, 0, 0, 0, 0, 0, 0, 0, 0, 0, 0, 0, 0.29883, 
0.31326, 0.302, 0.29836, 0.30125, 0.29879, 0.30597, 0.30323, 
0.29479, 0.29982, 0.30321, 0.29255, 0.29903, 0.29115, 0.29155, 
0.29342, 0.29123, 0.29485, 0.29369, 0.29131, 0.29242, 0.29747, 
1.3087, 1.5084, 1.7145, 1.9082, 2.2742, 2.5545, 3.0305, 7.592, 
3.7499, 4.3985, 15.4074, 1523.3, 1654.2, 1815.5, 1990.7, 2116.5, 
2269.5, 2424.5, 2584, 2738.5, 2900.6, 3047.6, 358, 632, 1087, 
342, 548, 2336, 1411, 227, 875, 1572, 1791, 1, 1, 1, 1, 2, 1, 
1, 1, 1, 1, 1, 100, 100, 100, 100, 100, 100, 100, 100, 100, 100, 
100, 2500, 2500, 2500, 2500, 2500, 2500, 2500, 2500, 2500, 2500, 
2500, 86115.356, 96867.996, 113721.624, 131461.365, 147053.027, 
182603.205, 193287.59, 236145.307, 254751.576, 297934.171, 333873.573, 
1, 1, 1, 1, 1, 1, 1, 1, 1, 1, 1, 0.125, 0.125, 0.125, 0.125, 
0.125, 0.125, 0.125, 0.125, 0.125, 0.125, 0.125, 0, 0, 0, 0, 
0, 0, 0, 0, 0, 0, 0, 0, 0, 0, 0, 0, 0, 0, 0, 0, 0, 0, 0.28317, 
0.29481, 0.29721, 0.29236, 0.28931, 0.2832, 0.29096, 0.2971, 
0.29014, 0.29379, 0.29748, 0.28941, 0.29298, 0.292, 0.28835, 
0.28712, 0.28838, 0.28873, 0.29095, 0.29361, 0.28941, 0.2967, 
1.2104, 1.4108, 1.6731, 1.9109, 2.2122, 2.44, 2.7922, 3.281, 
3.6834, 3.9747, 4.4042, 1528.8, 1678.4, 1832.3, 1988.2, 2139.1, 
2293.1, 2447.1, 2599.8, 2753.9, 2906.7, 3058.8, 1, 1, 1, 1, 1, 
1, 1, 1, 1, 1, 1, 1, 1, 1, 1, 1, 1, 1, 1, 1, 1, 1, 1, 1, 1, 1, 
1, 1, 1, 1, 1, 1, 1, 1, 1, 1, 1, 1, 1, 1, 1, 1, 1, 1, 16.855, 
18.556, 21.355, 23.814, 27.145, 29.413, 33.12, 38.616, 42.255, 
45.997, 50.849), .Dim = c(11L, 40L), .Dimnames = list(NULL, c("Sampling", 
"PSO.cost", "PSO.gamma", "PSO.data.balancing", "PSO.feature.selection", 
"PSO.valid.acc", "PSO.test.acc", "PSO.train.time", "PSO.n.support.vectors", 
"PSO.index", "PSO.n.solutions", "PSO.generations", "PSO.n.evaluations", 
"PSO.cpu.time", "RS.cost", "RS.gamma", "RS.data.balancing", "RS.feature.selection", 
"RS.valid.acc", "RS.test.acc", "RS.train.time", "RS.n.support.vectors", 
"RS.index", "RS.n.solutions", "RS.generations", "RS.n.evaluations", 
"RS.cpu.time", "DF.cost", "DF.gamma", "DF.data.balancing", "DF.feature.selection", 
"DF.valid.acc", "DF.test.acc", "DF.train.time", "DF.n.support.vectors", 
"DF.index", "DF.n.solutions", "DF.generations", "DF.n.evaluations", 
"DF.cpu.time")))
