full <-
structure(c(50, 55, 60, 65, 70, 75, 80, 85, 90, 95, 100, 6.01642, 
6.01514, 2.38703, 0.61844, -0.68447, 1.45082, 13.37614, 10.152, 
3.84679, 1.9816, 2.62886, -5.73565, -5.99748, -3.26885, -3.01018, 
-1.48586, -2.96801, -9.49233, -8.1645, -4.7851, -3.65121, -3.27031, 
0, 0, 0, 0, 0, 0, 0, 0, 0, 0, 0, 0, 0, 0, 0, 0, 0, 0, 0, 0, 0, 
0, 0.33739, 0.342, 0.34185, 0.34353, 0.33969, 0.34368, 0.34158, 
0.33786, 0.34032, 0.33961, 0.34262, 0.32714, 0.33205, 0.3348, 
0.33509, 0.33626, 0.33802, 0.33094, 0.33357, 0.33359, 0.33164, 
0.34323, 0.8834, 1.0838, 1.1701, 1.3689, 1.5735, 1.84, 4.4024, 
2.9684, 2.6668, 2.8696, 3.2304, 1296.4, 1430.2, 1562.2, 1693.3, 
1819.6, 1951.5, 2084.4, 2215.8, 2345.2, 2474.8, 2599.1, 2156, 
668, 1733, 1054, 1985, 1622, 2488, 1966, 1605, 1926, 2210, 15, 
130, 23, 35, 2, 15, 1, 9, 41, 20, 7, 100, 100, 100, 100, 100, 
100, 100, 100, 100, 100, 100, 2500, 2500, 2500, 2500, 2500, 2500, 
2500, 2500, 2500, 2500, 2500, 36720.856, 37338.045, 42671.32, 
43767.561, 53141.689, 58267.091, 125187.061, 126054.536, 84092.541, 
97205.122, 117141.041, 1.67319, 6.21915, 1.95286, 0.49437, 2.39984, 
2.31156, 11.18756, -1.49295, 3.49818, 2.03753, 2.75367, -2.10454, 
-6.31007, -3.10951, -2.98614, -2.43987, -3.33099, -8.40775, -3.0913, 
-4.49306, -3.93466, -3.36969, 0, 0, 0, 0, 0, 0, 0, 0, 0, 0, 0, 
0, 0, 0, 0, 0, 0, 0, 0, 0, 0, 0, 0.33557, 0.34034, 0.33831, 0.34119, 
0.33669, 0.34126, 0.33931, 0.33858, 0.33728, 0.33738, 0.34201, 
0.32835, 0.33591, 0.33125, 0.33602, 0.32412, 0.336, 0.33434, 
0.33641, 0.33763, 0.33482, 0.34171, 0.8543, 1.0332, 1.2043, 1.3614, 
1.5288, 1.8353, 3.1396, 2.2802, 2.5171, 2.8539, 3.2227, 1294.7, 
1431.5, 1562.7, 1694.2, 1811.9, 1950.7, 2084.4, 2224.2, 2345.1, 
2476.3, 2599.9, 214, 1988, 1829, 2475, 1772, 2442, 796, 1418, 
1174, 808, 1009, 1, 1, 1, 1, 1, 1, 1, 1, 2, 1, 1, 100, 100, 100, 
100, 100, 100, 100, 100, 100, 100, 100, 2500, 2500, 2500, 2500, 
2500, 2500, 2500, 2500, 2500, 2500, 2500, 59265.305, 76859.14, 
87517.085, 105813.595, 118789.028, 143582.768, 163013.821, 169426.505, 
200169.133, 218713.59, 244214.172, 1, 1, 1, 1, 1, 1, 1, 1, 1, 
1, 1, 0.125, 0.125, 0.125, 0.125, 0.125, 0.125, 0.125, 0.125, 
0.125, 0.125, 0.125, 0, 0, 0, 0, 0, 0, 0, 0, 0, 0, 0, 0, 0, 0, 
0, 0, 0, 0, 0, 0, 0, 0, 0.31495, 0.3326, 0.3317, 0.33974, 0.33018, 
0.3368, 0.3306, 0.32823, 0.32924, 0.33194, 0.33412, 0.32283, 
0.34033, 0.3292, 0.33696, 0.33192, 0.3364, 0.32908, 0.33677, 
0.33833, 0.32878, 0.33625, 0.8336, 0.9588, 1.1766, 1.3587, 1.4897, 
1.8085, 2.0419, 2.2929, 2.5368, 2.8452, 3.0587, 1302.6, 1435.6, 
1569.5, 1696, 1825, 1957.4, 2087.3, 2216.3, 2347.7, 2478.2, 2607.4, 
1, 1, 1, 1, 1, 1, 1, 1, 1, 1, 1, 1, 1, 1, 1, 1, 1, 1, 1, 1, 1, 
1, 1, 1, 1, 1, 1, 1, 1, 1, 1, 1, 1, 1, 1, 1, 1, 1, 1, 1, 1, 1, 
1, 1, 11.623, 12.719, 15.184, 17.963, 19.15, 22.951, 24.441, 
27.096, 29.719, 33.182, 35.593), .Dim = c(11L, 40L), .Dimnames = list(
    NULL, c("Sampling", "PSO.cost", "PSO.gamma", "PSO.data.balancing", 
    "PSO.feature.selection", "PSO.valid.acc", "PSO.test.acc", 
    "PSO.train.time", "PSO.n.support.vectors", "PSO.index", "PSO.n.solutions", 
    "PSO.generations", "PSO.n.evaluations", "PSO.cpu.time", "RS.cost", 
    "RS.gamma", "RS.data.balancing", "RS.feature.selection", 
    "RS.valid.acc", "RS.test.acc", "RS.train.time", "RS.n.support.vectors", 
    "RS.index", "RS.n.solutions", "RS.generations", "RS.n.evaluations", 
    "RS.cpu.time", "DF.cost", "DF.gamma", "DF.data.balancing", 
    "DF.feature.selection", "DF.valid.acc", "DF.test.acc", "DF.train.time", 
    "DF.n.support.vectors", "DF.index", "DF.n.solutions", "DF.generations", 
    "DF.n.evaluations", "DF.cpu.time")))
