full <-
structure(c(50, 55, 60, 65, 70, 75, 80, 85, 90, 95, 100, 6.5169, 
14.75095, 7.87577, 4.6994, 9.59773, 1.81619, 0.25055, -1.14766, 
5.45461, 1.50578, 2.15126, -8.04686, -14.99207, -5.84996, -5.08685, 
-7.99661, -4.48646, -2.70705, -1.73536, -5.16978, -1.16464, -3.33488, 
0, 0, 0, 0, 0, 0, 0, 0, 0, 0, 0, 0, 0, 0, 0, 0, 0, 0, 0, 0, 0, 
0, 0.34955, 0.34187, 0.35536, 0.35653, 0.34925, 0.34368, 0.35068, 
0.34461, 0.34675, 0.34405, 0.34386, 0.34709, 0.34139, 0.34075, 
0.34251, 0.34279, 0.34005, 0.34423, 0.33926, 0.33695, 0.33896, 
0.33567, 0.8566, 1.2383, 1.4683, 1.3778, 1.9685, 1.764, 2.0554, 
2.2063, 2.6385, 2.8825, 3.1538, 1302.1, 1434.8, 1553, 1692.9, 
1826.1, 1961.6, 2086.4, 2215.8, 2348.5, 2452, 2601.8, 867, 1001, 
2458, 731, 1009, 1767, 1413, 1132, 2243, 2015, 1938, 215, 1, 
3, 42, 57, 21, 15, 59, 5, 247, 6, 100, 100, 100, 100, 100, 100, 
100, 100, 100, 100, 100, 2500, 2500, 2500, 2500, 2500, 2500, 
2500, 2500, 2500, 2500, 2500, 32794.692, 40789.288, 58878.238, 
59927.341, 76756.76, 58618.1680000001, 64146.1649999999, 71248.0550000002, 
84961.5989999999, 122710.567, 106242.074, 6.48105, 14.07731, 
8.04516, 4.7303, 0.07345, 1.23868, 1.62844, -1.04348, 9.32608, 
1.73485, 5.13339, -8.01246, -14.53876, -5.90136, -5.10848, -2.27498, 
-3.6834, -3.38498, -1.98098, -7.09375, -1.26259, -4.79485, 0, 
0, 0, 0, 0, 0, 0, 0, 0, 0, 0, 0, 0, 0, 0, 0, 0, 0, 0, 0, 0, 0, 
0.34895, 0.34023, 0.35384, 0.35699, 0.34841, 0.34246, 0.34953, 
0.34283, 0.34403, 0.3415, 0.34263, 0.34527, 0.3414, 0.33975, 
0.34251, 0.34149, 0.33762, 0.34004, 0.33962, 0.33898, 0.33992, 
0.33537, 0.8541, 1.2495, 1.4918, 1.398, 1.6011, 1.7951, 2.0957, 
2.3191, 3.432, 2.9796, 3.4146, 1302.1, 1435.4, 1553, 1692.9, 
1822.4, 1959.1, 2084.8, 2218.1, 2349.1, 2452.3, 2603.9, 1024, 
1180, 2456, 2256, 2178, 1449, 712, 1551, 1670, 258, 1015, 1, 
1, 1, 1, 1, 1, 1, 1, 1, 1, 1, 100, 100, 100, 100, 100, 100, 100, 
100, 100, 100, 100, 2500, 2500, 2500, 2500, 2500, 2500, 2500, 
2500, 2500, 2500, 2500, 60316.041, 73985.81, 87175.463, 97473.431, 
120631.855, 131737.687, 156868.077, 183369.939, 206762.486, 223974.449, 
237523.977, 1, 1, 1, 1, 1, 1, 1, 1, 1, 1, 1, 0.125, 0.125, 0.125, 
0.125, 0.125, 0.125, 0.125, 0.125, 0.125, 0.125, 0.125, 0, 0, 
0, 0, 0, 0, 0, 0, 0, 0, 0, 0, 0, 0, 0, 0, 0, 0, 0, 0, 0, 0, 0.32456, 
0.32313, 0.33768, 0.3402, 0.34019, 0.33761, 0.34195, 0.33497, 
0.33968, 0.33255, 0.33567, 0.32582, 0.33204, 0.33263, 0.33926, 
0.34581, 0.33602, 0.34422, 0.34105, 0.33594, 0.33543, 0.33083, 
0.8229, 1.0215, 1.1835, 1.2629, 1.4769, 1.7908, 2.0093, 2.2823, 
2.5127, 2.7084, 3.0591, 1298.5, 1430.7, 1564.4, 1696.5, 1826.7, 
1959.3, 2088.6, 2219, 2352.1, 2482.8, 2607.4, 1, 1, 1, 1, 1, 
1, 1, 1, 1, 1, 1, 1, 1, 1, 1, 1, 1, 1, 1, 1, 1, 1, 1, 1, 1, 1, 
1, 1, 1, 1, 1, 1, 1, 1, 1, 1, 1, 1, 1, 1, 1, 1, 1, 1, 11.461, 
13.642, 14.986, 15.711, 18.054, 21.829, 24.03, 26.94, 29.379, 
31.321, 35.243), .Dim = c(11L, 40L), .Dimnames = list(NULL, c("Sampling", 
"PSO.cost", "PSO.gamma", "PSO.data.balancing", "PSO.feature.selection", 
"PSO.valid.acc", "PSO.test.acc", "PSO.train.time", "PSO.n.support.vectors", 
"PSO.index", "PSO.n.solutions", "PSO.generations", "PSO.n.evaluations", 
"PSO.cpu.time", "RS.cost", "RS.gamma", "RS.data.balancing", "RS.feature.selection", 
"RS.valid.acc", "RS.test.acc", "RS.train.time", "RS.n.support.vectors", 
"RS.index", "RS.n.solutions", "RS.generations", "RS.n.evaluations", 
"RS.cpu.time", "DF.cost", "DF.gamma", "DF.data.balancing", "DF.feature.selection", 
"DF.valid.acc", "DF.test.acc", "DF.train.time", "DF.n.support.vectors", 
"DF.index", "DF.n.solutions", "DF.generations", "DF.n.evaluations", 
"DF.cpu.time")))
