full <-
structure(c(50, 55, 60, 65, 70, 75, 80, 85, 90, 95, 100, 2.42404, 
0.1838, 1.12799, 2.21265, 14.97358, 7.48905, 3.97117, -0.76796, 
-1.66413, 9.55369, 4.46124, -4.77999, -1.67638, -3.34605, -4.98638, 
-13.45137, -5.88755, -5.39305, -4.05025, -3.48293, -7.53449, 
-4.65993, 0, 0, 0, 0, 0, 0, 0, 0, 0, 0, 0, 0, 0, 0, 0, 0, 0, 
0, 0, 0, 0, 0, 0.33745, 0.33539, 0.33423, 0.33499, 0.33881, 0.34498, 
0.34116, 0.34816, 0.33694, 0.33896, 0.34083, 0.31799, 0.32102, 
0.32662, 0.31633, 0.33012, 0.33727, 0.33396, 0.34245, 0.32485, 
0.33164, 0.33141, 0.8109, 1.0089, 1.1922, 1.3097, 2.2969, 2.1411, 
2.1354, 2.1787, 2.4139, 3.7079, 3.1882, 1316.6, 1440.1, 1575.7, 
1708.2, 1837, 1952.5, 2092.6, 2231.5, 2365.9, 2478.1, 2603.6, 
1334, 1752, 1295, 2109, 597, 1739, 1735, 2005, 1946, 1441, 1040, 
10, 28, 15, 6, 3, 3, 10, 13, 8, 39, 120, 100, 100, 100, 100, 
100, 100, 100, 100, 100, 100, 100, 2500, 2500, 2500, 2500, 2500, 
2500, 2500, 2500, 2500, 2500, 2500, 31862.422, 36987.449, 49356.543, 
45823.506, 77566.079, 82770.412, 121647.984, 83259.5319999999, 
90661.0799999998, 136442.238, 156064.81, 2.09457, 0.11726, 3.38096, 
2.114, 14.24494, 7.59833, 5.16511, -1.00642, -0.09947, 9.08678, 
-0.20654, -4.63943, -1.84828, -4.6351, -4.91964, -14.19254, -5.95809, 
-6.37369, -4.29408, -4.41759, -7.23533, -0.98723, 0, 0, 0, 0, 
0, 0, 0, 0, 0, 0, 0, 0, 0, 0, 0, 0, 0, 0, 0, 0, 0, 0, 0.3338, 
0.33207, 0.33271, 0.33313, 0.33664, 0.34377, 0.3385, 0.34494, 
0.33557, 0.33737, 0.33899, 0.3186, 0.31882, 0.32052, 0.3182, 
0.32883, 0.33727, 0.33244, 0.3421, 0.3319, 0.33164, 0.33899, 
0.8071, 0.9782, 1.1702, 1.3076, 1.9968, 2.2108, 2.1174, 2.1496, 
2.4163, 3.5226, 3.1784, 1316.7, 1441.7, 1573.8, 1708.1, 1838.4, 
1952.2, 2094.5, 2234.3, 2362.1, 2477.4, 2588.5, 754, 1217, 249, 
1556, 1060, 2469, 1842, 2319, 1404, 2201, 730, 2, 1, 1, 1, 2, 
1, 1, 1, 1, 1, 1, 100, 100, 100, 100, 100, 100, 100, 100, 100, 
100, 100, 2500, 2500, 2500, 2500, 2500, 2500, 2500, 2500, 2500, 
2500, 2500, 67285.894, 80715.298, 88889.756, 95071.046, 116528.112, 
152518.749, 155968.756, 195751.349, 203788.972, 228600.571, 260833.28, 
1, 1, 1, 1, 1, 1, 1, 1, 1, 1, 1, 0.125, 0.125, 0.125, 0.125, 
0.125, 0.125, 0.125, 0.125, 0.125, 0.125, 0.125, 0, 0, 0, 0, 
0, 0, 0, 0, 0, 0, 0, 0, 0, 0, 0, 0, 0, 0, 0, 0, 0, 0, 0.32468, 
0.32162, 0.32966, 0.32427, 0.32968, 0.33606, 0.32943, 0.33924, 
0.32986, 0.33196, 0.33079, 0.32102, 0.32386, 0.32967, 0.32057, 
0.32837, 0.33726, 0.3332, 0.33887, 0.33563, 0.33328, 0.32836, 
0.8615, 1.0387, 1.1368, 1.36, 1.5128, 1.745, 2.0511, 2.1631, 
2.4688, 2.6883, 3.1676, 1316.9, 1449.3, 1577.9, 1708.6, 1835.6, 
1963.6, 2093.2, 2223.4, 2354.4, 2482.2, 2607.7, 1, 1, 1, 1, 1, 
1, 1, 1, 1, 1, 1, 1, 1, 1, 1, 1, 1, 1, 1, 1, 1, 1, 1, 1, 1, 1, 
1, 1, 1, 1, 1, 1, 1, 1, 1, 1, 1, 1, 1, 1, 1, 1, 1, 1, 13.039, 
14.929, 15.449, 17.915, 19.37, 22.052, 25.517, 26.309, 28.905, 
31.238, 37.514), .Dim = c(11L, 40L), .Dimnames = list(NULL, c("Sampling", 
"PSO.cost", "PSO.gamma", "PSO.data.balancing", "PSO.feature.selection", 
"PSO.valid.acc", "PSO.test.acc", "PSO.train.time", "PSO.n.support.vectors", 
"PSO.index", "PSO.n.solutions", "PSO.generations", "PSO.n.evaluations", 
"PSO.cpu.time", "RS.cost", "RS.gamma", "RS.data.balancing", "RS.feature.selection", 
"RS.valid.acc", "RS.test.acc", "RS.train.time", "RS.n.support.vectors", 
"RS.index", "RS.n.solutions", "RS.generations", "RS.n.evaluations", 
"RS.cpu.time", "DF.cost", "DF.gamma", "DF.data.balancing", "DF.feature.selection", 
"DF.valid.acc", "DF.test.acc", "DF.train.time", "DF.n.support.vectors", 
"DF.index", "DF.n.solutions", "DF.generations", "DF.n.evaluations", 
"DF.cpu.time")))
