full <-
structure(c(50, 55, 60, 65, 70, 75, 80, 85, 90, 95, 100, 15, 
2.24625, 0.49966, 2.81765, -0.81488, 3.3188, -0.2334, 9.00235, 
-0.70817, 7.48143, 0.59838, -7.55674, -3.57064, -1.32541, -3.36517, 
-1.37017, -4.76396, -2.70045, -7.99395, -1.06433, -4.49324, -2.14963, 
0, 0, 0, 0, 0, 0, 0, 0, 0, 0, 0, 0, 0, 0, 0, 0, 0, 0, 0, 0, 0, 
0, 0.34343, 0.3403, 0.33971, 0.34487, 0.34009, 0.34326, 0.3529, 
0.34536, 0.35176, 0.34476, 0.34564, 0.3325, 0.32818, 0.32654, 
0.32943, 0.3332, 0.33961, 0.34228, 0.33678, 0.34333, 0.34091, 
0.33836, 9.8733, 1.0233, 1.2183, 1.3463, 1.5531, 1.8549, 1.9062, 
2.71, 2.4676, 3.7942, 3.1875, 1288, 1434.8, 1555.4, 1695.6, 1821, 
1963.7, 2088.1, 2219.9, 2330.3, 2463.8, 2599.2, 935, 2112, 1973, 
1165, 1164, 2431, 1059, 914, 1816, 855, 868, 1, 1, 8, 245, 32, 
1, 260, 75, 2, 46, 153, 100, 100, 100, 100, 100, 100, 100, 100, 
100, 100, 100, 2500, 2500, 2500, 2500, 2500, 2500, 2500, 2500, 
2500, 2500, 2500, 136654.939, 35042.423, 49197.673, 47003.05, 
53393.688, 58290.278, 63712.352, 105662.064, 81841.209, 320441.995, 
121438.975, 12.24183, -0.43081, 0.57788, 2.97025, -0.66131, 3.72052, 
-0.56195, 0.46009, -0.25102, 2.14034, 0.58118, -6.64019, -1.94798, 
-1.57418, -3.70841, -1.43519, -5.04053, -2.58859, -0.45466, -1.30128, 
-2.40146, -1.99568, 0, 0, 0, 0, 0, 0, 0, 0, 0, 0, 0, 0, 0, 0, 
0, 0, 0, 0, 0, 0, 0, 0, 0.34282, 0.33972, 0.33515, 0.343, 0.33749, 
0.34125, 0.34837, 0.34286, 0.34974, 0.34346, 0.34352, 0.33189, 
0.33476, 0.32553, 0.33552, 0.33146, 0.33677, 0.34305, 0.33643, 
0.34435, 0.33644, 0.33595, 3.1485, 1.0105, 1.2193, 1.3545, 1.5021, 
1.8398, 2.0085, 2.3712, 2.5179, 2.9446, 3.2302, 1290.3, 1437.8, 
1558.8, 1695.9, 1821.1, 1964.2, 2089.1, 2188.7, 2330.6, 2465.9, 
2599.1, 613, 1607, 1899, 1861, 1232, 563, 986, 734, 206, 2306, 
1858, 1, 1, 1, 1, 1, 1, 1, 2, 1, 1, 1, 100, 100, 100, 100, 100, 
100, 100, 100, 100, 100, 100, 2500, 2500, 2500, 2500, 2500, 2500, 
2500, 2500, 2500, 2500, 2500, 66390.715, 72651.251, 86576.977, 
106498.656, 125894.985, 137881.264, 146350.499, 167332.97, 200445.203, 
222551.585, 253620.734, 1, 1, 1, 1, 1, 1, 1, 1, 1, 1, 1, 0.125, 
0.125, 0.125, 0.125, 0.125, 0.125, 0.125, 0.125, 0.125, 0.125, 
0.125, 0, 0, 0, 0, 0, 0, 0, 0, 0, 0, 0, 0, 0, 0, 0, 0, 0, 0, 
0, 0, 0, 0, 0.32461, 0.33311, 0.32051, 0.32811, 0.32837, 0.33516, 
0.34722, 0.33427, 0.33893, 0.33612, 0.33837, 0.32823, 0.33148, 
0.31849, 0.33975, 0.33015, 0.33236, 0.34189, 0.33498, 0.33962, 
0.33164, 0.33715, 0.826, 1.0084, 1.1966, 1.3007, 1.4963, 1.7876, 
1.9306, 2.2101, 2.4395, 2.8452, 3.1379, 1309.7, 1439.3, 1570.9, 
1700, 1832.5, 1964.8, 2089.2, 2219.7, 2348.1, 2481.2, 2608, 1, 
1, 1, 1, 1, 1, 1, 1, 1, 1, 1, 1, 1, 1, 1, 1, 1, 1, 1, 1, 1, 1, 
1, 1, 1, 1, 1, 1, 1, 1, 1, 1, 1, 1, 1, 1, 1, 1, 1, 1, 1, 1, 1, 
1, 11.661, 13.981, 16.012, 16.824, 18.594, 21.923, 23.292, 26.215, 
28.778, 33.736, 36.932), .Dim = c(11L, 40L), .Dimnames = list(
    NULL, c("Sampling", "PSO.cost", "PSO.gamma", "PSO.data.balancing", 
    "PSO.feature.selection", "PSO.valid.acc", "PSO.test.acc", 
    "PSO.train.time", "PSO.n.support.vectors", "PSO.index", "PSO.n.solutions", 
    "PSO.generations", "PSO.n.evaluations", "PSO.cpu.time", "RS.cost", 
    "RS.gamma", "RS.data.balancing", "RS.feature.selection", 
    "RS.valid.acc", "RS.test.acc", "RS.train.time", "RS.n.support.vectors", 
    "RS.index", "RS.n.solutions", "RS.generations", "RS.n.evaluations", 
    "RS.cpu.time", "DF.cost", "DF.gamma", "DF.data.balancing", 
    "DF.feature.selection", "DF.valid.acc", "DF.test.acc", "DF.train.time", 
    "DF.n.support.vectors", "DF.index", "DF.n.solutions", "DF.generations", 
    "DF.n.evaluations", "DF.cpu.time")))
