full <-
structure(c(50, 55, 60, 65, 70, 75, 80, 85, 90, 95, 100, 0.32509, 
2.35387, 7.57552, -1.80976, -0.02789, -1.99081, -0.06284, 7.41099, 
-1.53333, 0.2096, 2.84749, -0.41478, -2.37368, -5.10017, -3.21795, 
-2.90354, -0.84166, -0.36172, -5.8831, -2.72097, -0.02649, -2.62139, 
0, 0, 0, 0, 0, 0, 0, 0, 0, 0, 0, 0, 0, 0, 0, 0, 0, 0, 0, 0, 0, 
0, 0.35189, 0.35082, 0.35647, 0.34718, 0.3471, 0.3458, 0.34766, 
0.34753, 0.34034, 0.3476, 0.34081, 0.33186, 0.34088, 0.34684, 
0.33551, 0.33671, 0.33724, 0.32794, 0.33827, 0.32923, 0.33738, 
0.32807, 0.8396, 1.0346, 1.4957, 1.2789, 1.5598, 1.7388, 2.0388, 
2.7138, 2.5441, 2.8888, 3.1923, 1286, 1415.1, 1543.6, 1697.7, 
1817, 1953.2, 2056.8, 2208.1, 2355.4, 2455.5, 2594.1, 955, 1904, 
1392, 1012, 1272, 1091, 2398, 1244, 1069, 889, 1491, 75, 10, 
4, 1, 75, 89, 1, 18, 155, 57, 42, 100, 100, 100, 100, 100, 100, 
100, 100, 100, 100, 100, 2500, 2500, 2500, 2500, 2500, 2500, 
2500, 2500, 2500, 2500, 2500, 42572.908, 47076.506, 84051.351, 
44093.983, 51037.777, 59354.9709999999, 74658.763, 178369.702, 
73975.1159999999, 143670.631, 96446.9269999999, 1.10747, 2.60431, 
6.8641, 0.27617, 0.0827, 1.93644, -0.19197, 0.55184, -1.56041, 
-0.189, 2.89247, -0.811, -2.49787, -4.8057, -0.89184, -2.93379, 
-1.85344, -0.36181, -2.83317, -2.71395, 0.03593, -2.70013, 0, 
0, 0, 0, 0, 0, 0, 0, 0, 0, 0, 0, 0, 0, 0, 0, 0, 0, 0, 0, 0, 0, 
0.34883, 0.34806, 0.35394, 0.34624, 0.34537, 0.34378, 0.34501, 
0.34614, 0.33966, 0.34633, 0.33778, 0.33853, 0.34254, 0.3448, 
0.34014, 0.33757, 0.34133, 0.32907, 0.3436, 0.3299, 0.33515, 
0.32837, 0.8671, 1.0768, 1.4749, 1.4381, 1.5311, 1.7684, 2.0905, 
2.2083, 2.5559, 2.8477, 3.2968, 1285.7, 1414.5, 1543.9, 1676.6, 
1816.8, 1934, 2056.8, 2206, 2355.6, 2455.4, 2594.3, 961, 1259, 
1425, 57, 2133, 607, 543, 415, 2436, 891, 1640, 1, 1, 1, 1, 1, 
1, 1, 1, 1, 1, 1, 100, 100, 100, 100, 100, 100, 100, 100, 100, 
100, 100, 2500, 2500, 2500, 2500, 2500, 2500, 2500, 2500, 2500, 
2500, 2500, 61917.158, 69935.531, 82672.605, 97251.823, 111871.321, 
141879.065, 138563.143, 171272.43, 190366.341, 222378.522, 242333.672, 
1, 1, 1, 1, 1, 1, 1, 1, 1, 1, 1, 0.125, 0.125, 0.125, 0.125, 
0.125, 0.125, 0.125, 0.125, 0.125, 0.125, 0.125, 0, 0, 0, 0, 
0, 0, 0, 0, 0, 0, 0, 0, 0, 0, 0, 0, 0, 0, 0, 0, 0, 0, 0.3325, 
0.33643, 0.34582, 0.33831, 0.34234, 0.34214, 0.33627, 0.34006, 
0.3302, 0.34091, 0.33112, 0.32947, 0.33866, 0.33874, 0.3383, 
0.33887, 0.33643, 0.34348, 0.33755, 0.33157, 0.33611, 0.32688, 
0.7967, 0.9933, 1.1147, 1.3627, 1.5418, 1.7264, 2.0227, 2.2915, 
2.5047, 2.7664, 2.9752, 1293, 1422.1, 1552.1, 1686.1, 1817.5, 
1946, 2075.7, 2210.7, 2347.6, 2479, 2607.9, 1, 1, 1, 1, 1, 1, 
1, 1, 1, 1, 1, 1, 1, 1, 1, 1, 1, 1, 1, 1, 1, 1, 1, 1, 1, 1, 1, 
1, 1, 1, 1, 1, 1, 1, 1, 1, 1, 1, 1, 1, 1, 1, 1, 1, 10.996, 13.061, 
14.266, 17.073, 18.957, 20.856, 24.21, 27.001, 29.225, 32.136, 
34.291), .Dim = c(11L, 40L), .Dimnames = list(NULL, c("Sampling", 
"PSO.cost", "PSO.gamma", "PSO.data.balancing", "PSO.feature.selection", 
"PSO.valid.acc", "PSO.test.acc", "PSO.train.time", "PSO.n.support.vectors", 
"PSO.index", "PSO.n.solutions", "PSO.generations", "PSO.n.evaluations", 
"PSO.cpu.time", "RS.cost", "RS.gamma", "RS.data.balancing", "RS.feature.selection", 
"RS.valid.acc", "RS.test.acc", "RS.train.time", "RS.n.support.vectors", 
"RS.index", "RS.n.solutions", "RS.generations", "RS.n.evaluations", 
"RS.cpu.time", "DF.cost", "DF.gamma", "DF.data.balancing", "DF.feature.selection", 
"DF.valid.acc", "DF.test.acc", "DF.train.time", "DF.n.support.vectors", 
"DF.index", "DF.n.solutions", "DF.generations", "DF.n.evaluations", 
"DF.cpu.time")))
