full <-
structure(c(50, 55, 60, 65, 70, 75, 80, 85, 90, 95, 100, 13.93946, 
12.89932, 4.59077, 7.37379, 1.80724, 3.34977, 3.32675, 10.95316, 
9.59586, -1.33353, 10.78656, -8.34483, -9.10146, -4.82462, -6.48467, 
-1.75489, -3.68252, -4.49877, -6.63649, -6.49477, -3.62724, -7.83624, 
0, 0, 0, 0, 0, 0, 0, 0, 0, 0, 0, 0, 0, 0, 0, 0, 0, 0, 0, 0, 0, 
0, 0.34346, 0.34971, 0.34888, 0.34157, 0.3467, 0.34807, 0.34045, 
0.34495, 0.34234, 0.33996, 0.34142, 0.33127, 0.34033, 0.34233, 
0.33219, 0.33543, 0.33234, 0.33778, 0.33317, 0.33454, 0.33517, 
0.32868, 3.9572, 2.3239, 1.2765, 1.5573, 1.6338, 1.8585, 2.1024, 
5.1446, 4.029, 2.8293, 5.0947, 1295.9, 1433, 1561.1, 1694, 1816.9, 
1953.5, 2082.5, 2208.6, 2345.6, 2492.2, 2605.6, 603, 693, 2163, 
1921, 2349, 1044, 2257, 2296, 1866, 1610, 1035, 1, 5, 15, 2, 
4, 58, 3, 1, 1, 35, 7, 100, 100, 100, 100, 100, 100, 100, 100, 
100, 100, 100, 2500, 2500, 2500, 2500, 2500, 2500, 2500, 2500, 
2500, 2500, 2500, 90558.987, 73519.201, 48318.599, 55826.094, 
53903.546, 65760.3909999999, 145263.37, 179371.112, 118718.313, 
96400.6359999999, 193585.217, 5.69437, 12.0717, 8.27359, 6.90663, 
2.03583, 3.40992, 5.62381, 11.17369, 9.89887, -0.62134, 10.43905, 
-5.9336, -8.72416, -5.77843, -6.12942, -1.84759, -3.7102, -5.34177, 
-6.71346, -6.69752, -2.81638, -7.68358, 0, 0, 0, 0, 0, 0, 0, 
0, 0, 0, 0, 0, 0, 0, 0, 0, 0, 0, 0, 0, 0, 0, 0.34105, 0.34806, 
0.34786, 0.34108, 0.34454, 0.34727, 0.33705, 0.34281, 0.33965, 
0.33708, 0.34082, 0.33131, 0.34198, 0.3438, 0.33544, 0.33326, 
0.33194, 0.34044, 0.33247, 0.33017, 0.33229, 0.32868, 0.9062, 
1.9536, 1.6151, 1.537, 1.6072, 1.8524, 2.2075, 5.4877, 4.1005, 
2.8482, 4.6928, 1303, 1432.7, 1557, 1693.8, 1816.4, 1953.6, 2082.2, 
2208.6, 2346, 2483.1, 2605.9, 1349, 1698, 1030, 2004, 1800, 2226, 
1596, 1489, 482, 2287, 1477, 1, 1, 1, 1, 1, 1, 2, 2, 1, 3, 2, 
100, 100, 100, 100, 100, 100, 100, 100, 100, 100, 100, 2500, 
2500, 2500, 2500, 2500, 2500, 2500, 2500, 2500, 2500, 2500, 66370.429, 
81137.043, 90448.957, 104524.26, 121013.013, 144876.465, 153411.659, 
167419.895, 190187.574, 230219.28, 231835.602, 1, 1, 1, 1, 1, 
1, 1, 1, 1, 1, 1, 0.125, 0.125, 0.125, 0.125, 0.125, 0.125, 0.125, 
0.125, 0.125, 0.125, 0.125, 0, 0, 0, 0, 0, 0, 0, 0, 0, 0, 0, 
0, 0, 0, 0, 0, 0, 0, 0, 0, 0, 0, 0.33256, 0.32819, 0.34127, 0.32662, 
0.33289, 0.33069, 0.3325, 0.32923, 0.33084, 0.33293, 0.33265, 
0.32948, 0.32435, 0.33828, 0.32704, 0.33418, 0.32748, 0.33931, 
0.33923, 0.33318, 0.33356, 0.33294, 0.845, 1.0324, 1.1391, 1.364, 
1.5034, 1.782, 2.0398, 2.3137, 2.5669, 2.8694, 3.042, 1306.6, 
1436.9, 1566, 1696.6, 1831.3, 1960.2, 2083.6, 2215.4, 2350.7, 
2480.8, 2608.6, 1, 1, 1, 1, 1, 1, 1, 1, 1, 1, 1, 1, 1, 1, 1, 
1, 1, 1, 1, 1, 1, 1, 1, 1, 1, 1, 1, 1, 1, 1, 1, 1, 1, 1, 1, 1, 
1, 1, 1, 1, 1, 1, 1, 1, 12.658, 14.574, 15.329, 18.024, 19.352, 
22.579, 25.245, 27.376, 30.065, 33.489, 35.333), .Dim = c(11L, 
40L), .Dimnames = list(NULL, c("Sampling", "PSO.cost", "PSO.gamma", 
"PSO.data.balancing", "PSO.feature.selection", "PSO.valid.acc", 
"PSO.test.acc", "PSO.train.time", "PSO.n.support.vectors", "PSO.index", 
"PSO.n.solutions", "PSO.generations", "PSO.n.evaluations", "PSO.cpu.time", 
"RS.cost", "RS.gamma", "RS.data.balancing", "RS.feature.selection", 
"RS.valid.acc", "RS.test.acc", "RS.train.time", "RS.n.support.vectors", 
"RS.index", "RS.n.solutions", "RS.generations", "RS.n.evaluations", 
"RS.cpu.time", "DF.cost", "DF.gamma", "DF.data.balancing", "DF.feature.selection", 
"DF.valid.acc", "DF.test.acc", "DF.train.time", "DF.n.support.vectors", 
"DF.index", "DF.n.solutions", "DF.generations", "DF.n.evaluations", 
"DF.cpu.time")))
