full <-
structure(c(50, 55, 60, 65, 70, 75, 80, 85, 90, 95, 100, -0.45064, 
-1.03132, -1.76948, 5.95676, 8.93814, 8.48186, 0.26274, 0.70548, 
13.44471, -2, 5.15821, -5.24002, -2.91619, -2.61561, -5.12927, 
-5.52984, -5.05394, -3.21117, -0.64634, -8.02856, -1.17447, -4.09455, 
0, 0, 0, 0, 0, 0, 0, 0, 0, 0, 0, 0, 0, 0, 0, 0, 0, 0, 0, 0, 0, 
0, 0.33803, 0.34521, 0.34119, 0.34958, 0.34449, 0.34374, 0.34573, 
0.34535, 0.34127, 0.33519, 0.34263, 0.33434, 0.34084, 0.33717, 
0.34031, 0.33843, 0.33401, 0.33438, 0.33644, 0.33521, 0.32595, 
0.332, 0.8298, 0.9996, 1.1608, 1.4659, 2.4289, 2.7787, 2.0292, 
2.2782, 9.209, 2.8219, 3.5258, 1315.8, 1442.4, 1576, 1687, 1809, 
1932.2, 2083.2, 2194, 2336, 2480.7, 2599.9, 1942, 1207, 1762, 
1410, 1402, 1984, 2144, 2085, 1535, 1303, 2438, 17, 180, 8, 40, 
13, 9, 8, 2, 1, 16, 1, 100, 100, 100, 100, 100, 100, 100, 100, 
100, 100, 100, 2500, 2500, 2500, 2500, 2500, 2500, 2500, 2500, 
2500, 2500, 2500, 37556.698, 34246.405, 39957.372, 56071.24, 
89337.153, 96422.9, 66411.416, 137947.487, 206639.223, 96097.46, 
123177.915, -0.49401, -0.85662, -1.76064, 4.97366, 9.11394, 0.52908, 
0.25149, 2.42966, -0.16438, -1.51776, 5.72882, -3.59069, -3.1748, 
-2.55991, -5.06053, -5.59253, -1.57568, -3.19424, -2.4508, -1.14839, 
-1.25584, -4.39509, 0, 0, 0, 0, 0, 0, 0, 0, 0, 0, 0, 0, 0, 0, 
0, 0, 0, 0, 0, 0, 0, 0, 0.33615, 0.34245, 0.33968, 0.34726, 0.34275, 
0.34249, 0.34535, 0.3432, 0.34029, 0.3336, 0.34142, 0.33127, 
0.33972, 0.33667, 0.33983, 0.33756, 0.33523, 0.334, 0.3375, 0.32884, 
0.32976, 0.33444, 0.832, 0.9975, 1.1704, 1.3609, 2.5011, 1.8572, 
2.0442, 2.2526, 2.5362, 2.8548, 3.5549, 1310.7, 1443.6, 1576, 
1691.5, 1809.2, 1942, 2083.1, 2202.1, 2332.8, 2476.7, 2599.7, 
1225, 1190, 1004, 2155, 1812, 310, 773, 250, 665, 777, 1843, 
1, 1, 1, 1, 1, 1, 1, 1, 1, 1, 1, 100, 100, 100, 100, 100, 100, 
100, 100, 100, 100, 100, 2500, 2500, 2500, 2500, 2500, 2500, 
2500, 2500, 2500, 2500, 2500, 60034.752, 73904.765, 83130.808, 
100512.884, 113719.397, 131674.663, 163961.444, 193635.115, 182939.447, 
201348.388, 255762.676, 1, 1, 1, 1, 1, 1, 1, 1, 1, 1, 1, 0.125, 
0.125, 0.125, 0.125, 0.125, 0.125, 0.125, 0.125, 0.125, 0.125, 
0.125, 0, 0, 0, 0, 0, 0, 0, 0, 0, 0, 0, 0, 0, 0, 0, 0, 0, 0, 
0, 0, 0, 0, 0.31852, 0.33812, 0.3311, 0.33467, 0.32711, 0.33524, 
0.34156, 0.3289, 0.33152, 0.33104, 0.33292, 0.33732, 0.3392, 
0.33921, 0.34217, 0.32971, 0.3344, 0.33363, 0.33464, 0.33222, 
0.32878, 0.33537, 0.8314, 0.9515, 1.1524, 1.2692, 1.5258, 1.821, 
1.9717, 2.245, 2.5411, 2.7412, 3.0853, 1304.6, 1436.8, 1567.5, 
1697, 1824.1, 1953.1, 2083.3, 2213.3, 2343.6, 2476.3, 2609.7, 
1, 1, 1, 1, 1, 1, 1, 1, 1, 1, 1, 1, 1, 1, 1, 1, 1, 1, 1, 1, 1, 
1, 1, 1, 1, 1, 1, 1, 1, 1, 1, 1, 1, 1, 1, 1, 1, 1, 1, 1, 1, 1, 
1, 1, 11.603, 12.526, 14.655, 15.799, 19.624, 22.967, 24.323, 
27.26, 29.626, 31.824, 36.486), .Dim = c(11L, 40L), .Dimnames = list(
    NULL, c("Sampling", "PSO.cost", "PSO.gamma", "PSO.data.balancing", 
    "PSO.feature.selection", "PSO.valid.acc", "PSO.test.acc", 
    "PSO.train.time", "PSO.n.support.vectors", "PSO.index", "PSO.n.solutions", 
    "PSO.generations", "PSO.n.evaluations", "PSO.cpu.time", "RS.cost", 
    "RS.gamma", "RS.data.balancing", "RS.feature.selection", 
    "RS.valid.acc", "RS.test.acc", "RS.train.time", "RS.n.support.vectors", 
    "RS.index", "RS.n.solutions", "RS.generations", "RS.n.evaluations", 
    "RS.cpu.time", "DF.cost", "DF.gamma", "DF.data.balancing", 
    "DF.feature.selection", "DF.valid.acc", "DF.test.acc", "DF.train.time", 
    "DF.n.support.vectors", "DF.index", "DF.n.solutions", "DF.generations", 
    "DF.n.evaluations", "DF.cpu.time")))
