full <-
structure(c(50, 55, 60, 65, 70, 75, 80, 85, 90, 95, 100, -0.05421, 
14.81063, -1.96069, -1.66608, 1.92483, 2.90519, 6.11186, 1.50982, 
0.01011, 2.03441, 9.60914, 0.03332, -10.30458, -3.77659, -3.55025, 
-2.89855, -3.95814, -4.65056, -3.02812, -1.656, -2.55199, -7.41895, 
0, 0, 0, 0, 0, 0, 0, 0, 0, 0, 0, 0, 0, 0, 0, 0, 0, 0, 0, 0, 0, 
0, 0.35367, 0.35303, 0.34991, 0.35422, 0.35694, 0.3465, 0.34984, 
0.34606, 0.3494, 0.34412, 0.34387, 0.34336, 0.33921, 0.3408, 
0.34488, 0.3509, 0.33719, 0.35019, 0.33928, 0.33997, 0.33326, 
0.33295, 0.8838, 3.0467, 1.1948, 1.3252, 1.5846, 1.8012, 2.3432, 
2.2029, 2.4713, 2.8892, 4.0057, 1287.2, 1429.8, 1582.4, 1710.6, 
1821.4, 1953.1, 2077.3, 2209.9, 2336.6, 2474.5, 2605.6, 2493, 
926, 756, 813, 1817, 2467, 1409, 1412, 1534, 1166, 863, 1, 1, 
237, 193, 9, 3, 13, 55, 19, 25, 4, 100, 100, 100, 100, 100, 100, 
100, 100, 100, 100, 100, 2500, 2500, 2500, 2500, 2500, 2500, 
2500, 2500, 2500, 2500, 2500, 33919.222, 105707.13, 40374.54, 
47068.344, 54266.2200000001, 63641.98, 73638.4620000001, 74428.341, 
98487.6569999999, 85904.4369999999, 158316.053, -1.7302, 14.38625, 
-1.43191, -1.74124, 1.46897, 2.80217, 5.85563, 1.1533, 0.02105, 
0.19228, 10.12097, -0.46174, -10.56035, -4.23135, -3.21708, -2.82953, 
-3.99824, -4.56729, -3.03837, -1.64737, 0.05517, -7.69684, 0, 
0, 0, 0, 0, 0, 0, 0, 0, 0, 0, 0, 0, 0, 0, 0, 0, 0, 0, 0, 0, 0, 
0.34764, 0.35246, 0.34333, 0.35047, 0.35391, 0.34568, 0.34719, 
0.34357, 0.34872, 0.34188, 0.34357, 0.3483, 0.34029, 0.33927, 
0.34768, 0.34959, 0.33759, 0.34867, 0.33928, 0.33929, 0.33389, 
0.33386, 0.8622, 2.4237, 1.1042, 1.3678, 1.6152, 1.7954, 2.2031, 
2.2175, 2.5689, 2.8329, 4.2605, 1301.2, 1431.6, 1582.4, 1709.8, 
1822.5, 1953.2, 2077.9, 2211.7, 2336.3, 2454.9, 2606, 1869, 120, 
114, 130, 1168, 1946, 1558, 1416, 2226, 1583, 720, 1, 1, 1, 1, 
1, 1, 1, 1, 1, 1, 1, 100, 100, 100, 100, 100, 100, 100, 100, 
100, 100, 100, 2500, 2500, 2500, 2500, 2500, 2500, 2500, 2500, 
2500, 2500, 2500, 63206.484, 76112.316, 90521.67, 106401.354, 
117041.084, 139911.48, 158419.041, 174610.104, 210805.606, 226787.29, 
235389.209, 1, 1, 1, 1, 1, 1, 1, 1, 1, 1, 1, 0.125, 0.125, 0.125, 
0.125, 0.125, 0.125, 0.125, 0.125, 0.125, 0.125, 0.125, 0, 0, 
0, 0, 0, 0, 0, 0, 0, 0, 0, 0, 0, 0, 0, 0, 0, 0, 0, 0, 0, 0, 0.33675, 
0.34362, 0.33622, 0.33835, 0.34308, 0.33719, 0.3392, 0.33785, 
0.3386, 0.33611, 0.33387, 0.34463, 0.34858, 0.3362, 0.34347, 
0.34397, 0.33799, 0.34147, 0.33643, 0.33828, 0.33486, 0.33175, 
0.7821, 1.0133, 1.1689, 1.3019, 1.5716, 1.7079, 1.9318, 2.1493, 
2.4951, 2.6924, 3.0075, 1313.4, 1442.1, 1570.8, 1699.1, 1829.1, 
1959.7, 2090.2, 2219.3, 2350.9, 2483.3, 2608.7, 1, 1, 1, 1, 1, 
1, 1, 1, 1, 1, 1, 1, 1, 1, 1, 1, 1, 1, 1, 1, 1, 1, 1, 1, 1, 1, 
1, 1, 1, 1, 1, 1, 1, 1, 1, 1, 1, 1, 1, 1, 1, 1, 1, 1, 10.899, 
14.287, 15.898, 17.083, 19.385, 20.684, 23.017, 25.315, 29.112, 
31.199, 35.51), .Dim = c(11L, 40L), .Dimnames = list(NULL, c("Sampling", 
"PSO.cost", "PSO.gamma", "PSO.data.balancing", "PSO.feature.selection", 
"PSO.valid.acc", "PSO.test.acc", "PSO.train.time", "PSO.n.support.vectors", 
"PSO.index", "PSO.n.solutions", "PSO.generations", "PSO.n.evaluations", 
"PSO.cpu.time", "RS.cost", "RS.gamma", "RS.data.balancing", "RS.feature.selection", 
"RS.valid.acc", "RS.test.acc", "RS.train.time", "RS.n.support.vectors", 
"RS.index", "RS.n.solutions", "RS.generations", "RS.n.evaluations", 
"RS.cpu.time", "DF.cost", "DF.gamma", "DF.data.balancing", "DF.feature.selection", 
"DF.valid.acc", "DF.test.acc", "DF.train.time", "DF.n.support.vectors", 
"DF.index", "DF.n.solutions", "DF.generations", "DF.n.evaluations", 
"DF.cpu.time")))
