full <-
structure(c(50, 55, 60, 65, 70, 75, 80, 85, 90, 95, 100, 2.22115, 
1.46123, -0.61825, 1.76728, 2.08611, 3.39245, 2.51759, 4.29736, 
1.40975, 5.21893, -0.55602, -3.41776, -3.21016, -1.9745, -4.35147, 
-4.33644, -4.31628, -2.86689, -4.24731, -2.32475, -5.4367, -1.13232, 
0, 0, 0, 0, 0, 0, 0, 0, 0, 0, 0, 0, 0, 0, 0, 0, 0, 0, 0, 0, 0, 
0, 0.35316, 0.34689, 0.35186, 0.3453, 0.33189, 0.34738, 0.34872, 
0.34928, 0.34871, 0.33928, 0.33996, 0.338, 0.32713, 0.34278, 
0.3332, 0.31675, 0.33605, 0.34305, 0.33105, 0.34166, 0.33547, 
0.33661, 0.8406, 1.0185, 1.1929, 1.3699, 1.5707, 1.7524, 2.1019, 
2.396, 2.5527, 2.977, 3.1047, 1297.9, 1430.3, 1566.9, 1695.7, 
1827.7, 1954.1, 2080.9, 2210.1, 2338.7, 2478.7, 2592.4, 1000, 
1787, 911, 918, 2162, 766, 1390, 1624, 1752, 1761, 2172, 201, 
5, 156, 59, 9, 14, 7, 29, 9, 7, 67, 100, 100, 100, 100, 100, 
100, 100, 100, 100, 100, 100, 2500, 2500, 2500, 2500, 2500, 2500, 
2500, 2500, 2500, 2500, 2500, 60323.325, 34745.474, 38678.357, 
45438.64, 50484.4620000001, 65840.5870000001, 68495.625, 74393.3060000001, 
80494.101, 93912.0449999999, 96152.6229999999, 2.07348, 1.9136, 
-0.58198, 2.17758, 2.32056, 5.15507, 2.95211, 3.72593, 0.9816, 
4.69988, -0.60475, -3.3318, -3.11737, -2.06734, -4.32499, -4.36612, 
-5.03395, -3.3529, -4.3191, -2.13864, -5.09407, -1.2097, 0, 0, 
0, 0, 0, 0, 0, 0, 0, 0, 0, 0, 0, 0, 0, 0, 0, 0, 0, 0, 0, 0, 0.35194, 
0.34359, 0.34934, 0.3425, 0.32972, 0.34537, 0.34569, 0.34856, 
0.34736, 0.33801, 0.33814, 0.33863, 0.32771, 0.34328, 0.33509, 
0.31761, 0.33725, 0.34303, 0.33678, 0.34198, 0.33739, 0.3351, 
0.8517, 1.0074, 1.2031, 1.3621, 1.5494, 1.864, 2.0828, 2.2984, 
2.4646, 2.8701, 3.1168, 1298.3, 1428.6, 1567.2, 1695.5, 1827.5, 
1953.2, 2083.5, 2211.9, 2339.3, 2478.3, 2595.3, 2085, 1199, 1308, 
646, 1269, 512, 345, 264, 2257, 2273, 25, 1, 1, 1, 1, 1, 1, 1, 
1, 2, 1, 1, 100, 100, 100, 100, 100, 100, 100, 100, 100, 100, 
100, 2500, 2500, 2500, 2500, 2500, 2500, 2500, 2500, 2500, 2500, 
2500, 62415.011, 69483.189, 89676.685, 99080.336, 122448.197, 
130465.288, 158832.476, 161372.458, 194369.369, 222381.796, 221733.678, 
1, 1, 1, 1, 1, 1, 1, 1, 1, 1, 1, 0.125, 0.125, 0.125, 0.125, 
0.125, 0.125, 0.125, 0.125, 0.125, 0.125, 0.125, 0, 0, 0, 0, 
0, 0, 0, 0, 0, 0, 0, 0, 0, 0, 0, 0, 0, 0, 0, 0, 0, 0, 0.33071, 
0.33257, 0.34172, 0.34069, 0.32195, 0.34011, 0.33469, 0.335, 
0.34031, 0.32905, 0.33235, 0.33619, 0.33487, 0.33822, 0.33835, 
0.31807, 0.33848, 0.33432, 0.33891, 0.34234, 0.33099, 0.33327, 
0.8301, 0.9933, 1.1957, 1.3724, 1.5421, 1.8293, 2.0284, 2.2747, 
2.4983, 2.7596, 3.1278, 1302.2, 1434.9, 1568.4, 1697.4, 1829.8, 
1959.7, 2092.2, 2217.9, 2348.7, 2479.7, 2609, 1, 1, 1, 1, 1, 
1, 1, 1, 1, 1, 1, 1, 1, 1, 1, 1, 1, 1, 1, 1, 1, 1, 1, 1, 1, 1, 
1, 1, 1, 1, 1, 1, 1, 1, 1, 1, 1, 1, 1, 1, 1, 1, 1, 1, 11.638, 
13.299, 15.412, 17.216, 18.923, 22.058, 24.3, 26.908, 29.248, 
31.947, 35.956), .Dim = c(11L, 40L), .Dimnames = list(NULL, c("Sampling", 
"PSO.cost", "PSO.gamma", "PSO.data.balancing", "PSO.feature.selection", 
"PSO.valid.acc", "PSO.test.acc", "PSO.train.time", "PSO.n.support.vectors", 
"PSO.index", "PSO.n.solutions", "PSO.generations", "PSO.n.evaluations", 
"PSO.cpu.time", "RS.cost", "RS.gamma", "RS.data.balancing", "RS.feature.selection", 
"RS.valid.acc", "RS.test.acc", "RS.train.time", "RS.n.support.vectors", 
"RS.index", "RS.n.solutions", "RS.generations", "RS.n.evaluations", 
"RS.cpu.time", "DF.cost", "DF.gamma", "DF.data.balancing", "DF.feature.selection", 
"DF.valid.acc", "DF.test.acc", "DF.train.time", "DF.n.support.vectors", 
"DF.index", "DF.n.solutions", "DF.generations", "DF.n.evaluations", 
"DF.cpu.time")))
