full <-
structure(c(50, 55, 60, 65, 70, 75, 80, 85, 90, 95, 100, 1.1106, 
6.4194, -0.2399, 3.54984, 12.82382, -2, 2.19133, 3.00178, -1.54054, 
3.58228, -0.34139, -3.50742, -3.35874, -0.5714, -5.73974, -7.51145, 
-4.51177, -4.59012, -4.04962, -4.43564, -4.24307, -0.3484, 0, 
0, 0, 0, 0, 0, 0, 0, 0, 0, 0, 0, 0, 0, 0, 0, 0, 0, 0, 0, 0, 0, 
0.36038, 0.35799, 0.3508, 0.34896, 0.34279, 0.34573, 0.3427, 
0.34706, 0.34062, 0.34824, 0.34417, 0.34639, 0.33811, 0.33514, 
0.34338, 0.33839, 0.33604, 0.34195, 0.33386, 0.33456, 0.33868, 
0.3372, 0.8289, 1.3016, 1.2328, 1.337, 5.5476, 1.7824, 2.0199, 
2.37, 2.5212, 2.8741, 3.2339, 1296.2, 1401.5, 1547.2, 1697.3, 
1816.8, 1973.5, 2090.2, 2212.9, 2365.5, 2475.1, 2581.2, 742, 
2134, 2269, 1821, 1621, 188, 891, 1785, 1600, 2061, 2196, 52, 
11, 32, 1, 4, 579, 8, 88, 14, 10, 2, 100, 100, 100, 100, 100, 
100, 100, 100, 100, 100, 100, 2500, 2500, 2500, 2500, 2500, 2500, 
2500, 2500, 2500, 2500, 2500, 31211.348, 61745.813, 61036.67, 
52237.099, 131651.758, 57451.098, 68547.505, 73140.71, 135500.312, 
100303.186, 117016.901, 0.34151, 6.03096, -0.66114, 9.92278, 
13.60342, 2.94591, 2.35978, 3.09097, -1.34279, 0.75635, 2.74904, 
-2.29197, -2.87713, -0.35638, -6.78281, -7.81494, -4.61652, -4.64484, 
-4.13328, -5.0372, -2.55103, -3.77647, 0, 0, 0, 0, 0, 0, 0, 0, 
0, 0, 0, 0, 0, 0, 0, 0, 0, 0, 0, 0, 0, 0, 0.35855, 0.35631, 0.34779, 
0.34803, 0.34278, 0.34327, 0.34118, 0.3442, 0.33758, 0.34571, 
0.34235, 0.3488, 0.33976, 0.34172, 0.34105, 0.3397, 0.33806, 
0.33928, 0.33279, 0.33051, 0.3387, 0.33567, 0.8363, 1.2842, 1.2503, 
2.1104, 7.0485, 1.8319, 2.0663, 2.3332, 2.5408, 2.7321, 3.225, 
1291.3, 1398.2, 1550, 1685.6, 1816.5, 1955.5, 2090.5, 2212.9, 
2367.9, 2473.9, 2604.2, 1702, 1242, 2399, 2216, 1336, 49, 2401, 
1068, 2488, 2412, 1844, 2, 1, 1, 1, 1, 1, 1, 1, 1, 1, 1, 100, 
100, 100, 100, 100, 100, 100, 100, 100, 100, 100, 2500, 2500, 
2500, 2500, 2500, 2500, 2500, 2500, 2500, 2500, 2500, 59664.296, 
70556.074, 87778.318, 102672.433, 118298.53, 123845.597, 146094.276, 
186728.049, 205108.853, 204160.164, 235699.372, 1, 1, 1, 1, 1, 
1, 1, 1, 1, 1, 1, 0.125, 0.125, 0.125, 0.125, 0.125, 0.125, 0.125, 
0.125, 0.125, 0.125, 0.125, 0, 0, 0, 0, 0, 0, 0, 0, 0, 0, 0, 
0, 0, 0, 0, 0, 0, 0, 0, 0, 0, 0, 0.34881, 0.33538, 0.33256, 0.33964, 
0.33331, 0.33927, 0.33395, 0.3417, 0.32919, 0.3323, 0.33596, 
0.34762, 0.33812, 0.34621, 0.33823, 0.33763, 0.33644, 0.33439, 
0.33065, 0.33021, 0.33582, 0.33324, 0.8277, 0.9965, 1.126, 1.3543, 
1.492, 1.7234, 1.9454, 2.3002, 2.539, 2.6979, 2.9857, 1298.1, 
1430.2, 1564.2, 1695.9, 1827.6, 1957.5, 2089.5, 2217.9, 2350.6, 
2480.2, 2608.8, 1, 1, 1, 1, 1, 1, 1, 1, 1, 1, 1, 1, 1, 1, 1, 
1, 1, 1, 1, 1, 1, 1, 1, 1, 1, 1, 1, 1, 1, 1, 1, 1, 1, 1, 1, 1, 
1, 1, 1, 1, 1, 1, 1, 1, 11.66, 13.387, 14.496, 17.911, 19.154, 
21.72, 24.011, 28.064, 30.624, 31.231, 34.372), .Dim = c(11L, 
40L), .Dimnames = list(NULL, c("Sampling", "PSO.cost", "PSO.gamma", 
"PSO.data.balancing", "PSO.feature.selection", "PSO.valid.acc", 
"PSO.test.acc", "PSO.train.time", "PSO.n.support.vectors", "PSO.index", 
"PSO.n.solutions", "PSO.generations", "PSO.n.evaluations", "PSO.cpu.time", 
"RS.cost", "RS.gamma", "RS.data.balancing", "RS.feature.selection", 
"RS.valid.acc", "RS.test.acc", "RS.train.time", "RS.n.support.vectors", 
"RS.index", "RS.n.solutions", "RS.generations", "RS.n.evaluations", 
"RS.cpu.time", "DF.cost", "DF.gamma", "DF.data.balancing", "DF.feature.selection", 
"DF.valid.acc", "DF.test.acc", "DF.train.time", "DF.n.support.vectors", 
"DF.index", "DF.n.solutions", "DF.generations", "DF.n.evaluations", 
"DF.cpu.time")))
