full <-
structure(c(50, 55, 60, 65, 70, 75, 80, 85, 90, 95, 100, -0.21746, 
14.41177, -1.63101, -1.93171, 12.03775, 3.08391, 1.51627, 3.24206, 
2.44613, 12.45788, 10.18166, -4.28002, -8.07508, -5.3487, -3.6937, 
-6.86934, -1.91943, -1.36258, -2.78353, -1.22843, -6.66548, -6.16482, 
0, 0, 0, 0, 0, 0, 0, 0, 0, 0, 0, 0, 0, 0, 0, 0, 0, 0, 0, 0, 0, 
0, 0.35131, 0.33764, 0.34324, 0.34979, 0.34623, 0.34697, 0.34947, 
0.34183, 0.34435, 0.34474, 0.34084, 0.33982, 0.3266, 0.33314, 
0.33718, 0.3393, 0.33446, 0.34187, 0.32434, 0.34133, 0.33449, 
0.33901, 0.8272, 7.2936, 1.1868, 1.3312, 5.1181, 1.9187, 2.1138, 
2.2973, 2.5898, 11.8352, 5.9434, 1303.1, 1414, 1578.2, 1700.2, 
1804.1, 1930.9, 2060.9, 2202.4, 2314.9, 2460.3, 2597.2, 1506, 
2314, 2381, 2191, 2493, 1758, 2136, 2013, 1942, 1701, 2378, 43, 
2, 1, 1, 1, 21, 3, 8, 53, 2, 3, 100, 100, 100, 100, 100, 100, 
100, 100, 100, 100, 100, 2500, 2500, 2500, 2500, 2500, 2500, 
2500, 2500, 2500, 2500, 2500, 30917.845, 183533.829, 39712.758, 
48563.032, 127781.813, 103010.316, 74989.4339999999, 82518.6399999999, 
81595.3389999999, 352279.552, 253404.45, 11.10864, 14.90056, 
-1.72799, -1.77453, 10.11438, 0.7795, 1.18607, 14.14013, 3.84827, 
0.43591, 12.62503, -8.31911, -8.21004, -5.25468, -3.55031, -6.20115, 
-1.20452, -1.28593, -7.42156, -1.6167, -0.16237, -5.78123, 0, 
0, 0, 0, 0, 0, 0, 0, 0, 0, 0, 0, 0, 0, 0, 0, 0, 0, 0, 0, 0, 0, 
0.34885, 0.33432, 0.34071, 0.3456, 0.34363, 0.34455, 0.34226, 
0.34142, 0.34063, 0.346, 0.33928, 0.33073, 0.32385, 0.33264, 
0.34184, 0.34101, 0.33326, 0.3415, 0.33536, 0.33593, 0.33641, 
0.34292, 1.3295, 8.8452, 1.178, 1.3369, 2.9395, 1.8357, 2.0584, 
16.9048, 2.7502, 2.9237, 18.9876, 1289.3, 1413.5, 1578.3, 1698.2, 
1805.3, 1939.4, 2063.9, 2196.7, 2311.7, 2455.4, 2580.3, 2328, 
1928, 831, 1443, 811, 380, 1686, 618, 35, 811, 1926, 1, 1, 1, 
1, 1, 1, 1, 1, 1, 1, 1, 100, 100, 100, 100, 100, 100, 100, 100, 
100, 100, 100, 2500, 2500, 2500, 2500, 2500, 2500, 2500, 2500, 
2500, 2500, 2500, 62089.623, 71628.701, 87360.34, 93351.3050000001, 
116276.01, 139946.348, 146072.01, 167449.776, 188294.631, 239893.293, 
250493.625, 1, 1, 1, 1, 1, 1, 1, 1, 1, 1, 1, 0.125, 0.125, 0.125, 
0.125, 0.125, 0.125, 0.125, 0.125, 0.125, 0.125, 0.125, 0, 0, 
0, 0, 0, 0, 0, 0, 0, 0, 0, 0, 0, 0, 0, 0, 0, 0, 0, 0, 0, 0, 0.33863, 
0.32548, 0.32963, 0.33254, 0.32453, 0.32839, 0.32981, 0.33894, 
0.33358, 0.32846, 0.33596, 0.33794, 0.32487, 0.32711, 0.33905, 
0.32581, 0.33, 0.33588, 0.33182, 0.32448, 0.32911, 0.33051, 0.7799, 
0.997, 1.1193, 1.3265, 1.5317, 1.6996, 1.9306, 2.2758, 2.5015, 
2.786, 3.1055, 1293.3, 1428.3, 1555.7, 1686, 1817.9, 1950.6, 
2081.7, 2217.3, 2347.9, 2478.7, 2607.9, 1, 1, 1, 1, 1, 1, 1, 
1, 1, 1, 1, 1, 1, 1, 1, 1, 1, 1, 1, 1, 1, 1, 1, 1, 1, 1, 1, 1, 
1, 1, 1, 1, 1, 1, 1, 1, 1, 1, 1, 1, 1, 1, 1, 1, 10.873, 13.272, 
14.354, 16.746, 19.831, 20.657, 23.048, 26.898, 29.209, 33.657, 
36.86), .Dim = c(11L, 40L), .Dimnames = list(NULL, c("Sampling", 
"PSO.cost", "PSO.gamma", "PSO.data.balancing", "PSO.feature.selection", 
"PSO.valid.acc", "PSO.test.acc", "PSO.train.time", "PSO.n.support.vectors", 
"PSO.index", "PSO.n.solutions", "PSO.generations", "PSO.n.evaluations", 
"PSO.cpu.time", "RS.cost", "RS.gamma", "RS.data.balancing", "RS.feature.selection", 
"RS.valid.acc", "RS.test.acc", "RS.train.time", "RS.n.support.vectors", 
"RS.index", "RS.n.solutions", "RS.generations", "RS.n.evaluations", 
"RS.cpu.time", "DF.cost", "DF.gamma", "DF.data.balancing", "DF.feature.selection", 
"DF.valid.acc", "DF.test.acc", "DF.train.time", "DF.n.support.vectors", 
"DF.index", "DF.n.solutions", "DF.generations", "DF.n.evaluations", 
"DF.cpu.time")))
