full <-
structure(c(50, 55, 60, 65, 70, 75, 80, 85, 90, 95, 100, -0.11179, 
8.69049, 14.98486, -0.67275, 0.06006, 6.5852, 14.90635, 13.59024, 
7.45246, 13.4061, 5.68656, -1.5245, -9.9149, -13.59074, -1.77583, 
-5.58501, -10.68773, -9.50118, -6.33405, -4.85446, -6.79781, 
-4.33601, 0, 0, 0, 0, 0, 0, 0, 0, 0, 0, 0, 0, 0, 0, 0, 0, 0, 
0, 0, 0, 0, 0, 0.33859, 0.33045, 0.33771, 0.33549, 0.33793, 0.33361, 
0.33247, 0.33434, 0.34033, 0.33607, 0.33928, 0.32467, 0.32211, 
0.32607, 0.32239, 0.33227, 0.32591, 0.32636, 0.3229, 0.32719, 
0.32107, 0.33807, 0.863, 1.1114, 1.6487, 1.3993, 1.5382, 1.8276, 
7.8168, 21.014, 3.2621, 16.9824, 3.5037, 1298.7, 1440.8, 1570.4, 
1691.5, 1840.3, 1969.6, 2079.6, 2195.3, 2337.2, 2463.5, 2598, 
1586, 146, 1682, 2004, 1249, 2391, 2123, 1320, 2466, 1495, 1349, 
14, 53, 1, 5, 44, 1, 1, 1, 1, 1, 17, 100, 100, 100, 100, 100, 
100, 100, 100, 100, 100, 100, 2500, 2500, 2500, 2500, 2500, 2500, 
2500, 2500, 2500, 2500, 2500, 30750.217, 67577.438, 53414.312, 
47734.943, 49191.517, 62576.2289999999, 81816.8150000001, 348693.517, 
117122.748, 375724.702, 111325.894, -1.05021, 0.93612, 0.4725, 
-0.50784, -0.28318, 1.86909, 14.89698, 13.0527, 10.30572, 5.565, 
5.044, -0.42272, -2.23576, -4.67473, -1.78865, -5.46364, -2.30436, 
-9.56695, -6.33592, -5.23781, -4.34418, -4.01387, 0, 0, 0, 0, 
0, 0, 0, 0, 0, 0, 0, 0, 0, 0, 0, 0, 0, 0, 0, 0, 0, 0, 0.3368, 
0.33053, 0.33522, 0.33407, 0.3362, 0.33119, 0.33323, 0.33433, 
0.33859, 0.33607, 0.33867, 0.32468, 0.32107, 0.32715, 0.32286, 
0.33097, 0.3231, 0.32751, 0.32684, 0.31809, 0.33226, 0.33716, 
0.8775, 0.9806, 1.1771, 1.3217, 1.5524, 1.8681, 7.6235, 16.0658, 
6.5736, 3.2479, 3.4165, 1300, 1422.3, 1572.9, 1691.1, 1841.2, 
1944.2, 2079.8, 2196.9, 2328.3, 2471.1, 2597.8, 1084, 1740, 1322, 
2382, 2348, 1415, 1424, 2265, 2322, 1265, 1991, 1, 1, 1, 1, 1, 
1, 1, 1, 1, 1, 1, 100, 100, 100, 100, 100, 100, 100, 100, 100, 
100, 100, 2500, 2500, 2500, 2500, 2500, 2500, 2500, 2500, 2500, 
2500, 2500, 66526.954, 75938.965, 90068.334, 109563.769, 119584.882, 
134603.704, 171724.021, 172554.499, 189562.642, 217568.615, 241829.263, 
1, 1, 1, 1, 1, 1, 1, 1, 1, 1, 1, 0.125, 0.125, 0.125, 0.125, 
0.125, 0.125, 0.125, 0.125, 0.125, 0.125, 0.125, 0, 0, 0, 0, 
0, 0, 0, 0, 0, 0, 0, 0, 0, 0, 0, 0, 0, 0, 0, 0, 0, 0, 0.3271, 
0.32058, 0.32005, 0.32706, 0.32838, 0.32633, 0.32791, 0.33182, 
0.32481, 0.32299, 0.33474, 0.31984, 0.32, 0.31955, 0.33125, 0.32362, 
0.31742, 0.32524, 0.32717, 0.32518, 0.32044, 0.33381, 0.8394, 
0.9793, 1.1974, 1.3489, 1.5483, 1.8492, 2.0006, 2.2599, 2.5426, 
2.8453, 3.1607, 1307, 1435, 1564.3, 1694.6, 1824.7, 1953.3, 2082.7, 
2218, 2347.9, 2479.6, 2607.7, 1, 1, 1, 1, 1, 1, 1, 1, 1, 1, 1, 
1, 1, 1, 1, 1, 1, 1, 1, 1, 1, 1, 1, 1, 1, 1, 1, 1, 1, 1, 1, 1, 
1, 1, 1, 1, 1, 1, 1, 1, 1, 1, 1, 1, 12.51, 13.74, 16.186, 17.676, 
18.973, 23.25, 24.683, 26.612, 29.769, 33.11, 36.501), .Dim = c(11L, 
40L), .Dimnames = list(NULL, c("Sampling", "PSO.cost", "PSO.gamma", 
"PSO.data.balancing", "PSO.feature.selection", "PSO.valid.acc", 
"PSO.test.acc", "PSO.train.time", "PSO.n.support.vectors", "PSO.index", 
"PSO.n.solutions", "PSO.generations", "PSO.n.evaluations", "PSO.cpu.time", 
"RS.cost", "RS.gamma", "RS.data.balancing", "RS.feature.selection", 
"RS.valid.acc", "RS.test.acc", "RS.train.time", "RS.n.support.vectors", 
"RS.index", "RS.n.solutions", "RS.generations", "RS.n.evaluations", 
"RS.cpu.time", "DF.cost", "DF.gamma", "DF.data.balancing", "DF.feature.selection", 
"DF.valid.acc", "DF.test.acc", "DF.train.time", "DF.n.support.vectors", 
"DF.index", "DF.n.solutions", "DF.generations", "DF.n.evaluations", 
"DF.cpu.time")))
