full <-
structure(c(50, 55, 60, 65, 70, 75, 80, 85, 90, 95, 100, -1.79664, 
0.71258, -0.86894, -0.87734, 0.39883, -1.30686, -1.08333, -1.8674, 
2.8218, 6.81696, 5.35211, -2.94955, -0.3718, -4.15896, -2.64916, 
-4.49977, -2.75191, -0.00239, -3.4542, -3.67555, -6.98732, -5.49429, 
0, 0, 0, 0, 0, 0, 0, 0, 0, 0, 0, 0, 0, 0, 0, 0, 0, 0, 0, 0, 0, 
0, 0.33557, 0.33982, 0.33467, 0.34489, 0.34226, 0.3429, 0.34804, 
0.34748, 0.33859, 0.34276, 0.33929, 0.33376, 0.33144, 0.33217, 
0.3346, 0.32796, 0.33522, 0.3344, 0.33355, 0.33322, 0.33381, 
0.34112, 0.8243, 1.0579, 1.1853, 1.3421, 1.5006, 1.7803, 2.0258, 
2.1925, 2.4606, 2.8967, 3.1586, 1316.2, 1427, 1576.8, 1702.8, 
1841.6, 1970.2, 2072.5, 2234, 2342.3, 2483.2, 2606.5, 1330, 1256, 
2437, 2446, 637, 895, 2161, 2471, 1769, 984, 1916, 130, 54, 1, 
67, 124, 436, 9, 1, 3, 26, 5, 100, 100, 100, 100, 100, 100, 100, 
100, 100, 100, 100, 2500, 2500, 2500, 2500, 2500, 2500, 2500, 
2500, 2500, 2500, 2500, 31958.611, 38989.888, 46174.578, 44117.013, 
53273.8320000001, 57076.934, 64224.0919999999, 101683.205, 77461.4779999999, 
94185.416, 164440.336, 0.5289, 2.75645, -1.7573, -1.49313, 0.03441, 
-0.97077, -1.19874, -1.87231, 3.73894, 3.29985, 9.1764, -1.49706, 
-1.29273, -4.08453, -2.20161, -4.66075, -3.24999, 0.11464, -3.53645, 
-4.22415, -5.18179, -6.91695, 0, 0, 0, 0, 0, 0, 0, 0, 0, 0, 0, 
0, 0, 0, 0, 0, 0, 0, 0, 0, 0, 0, 0.33314, 0.33758, 0.33216, 0.34349, 
0.34182, 0.34088, 0.34576, 0.34677, 0.3359, 0.3418, 0.33777, 
0.3174, 0.32327, 0.32708, 0.33415, 0.33017, 0.33966, 0.33175, 
0.33284, 0.33186, 0.3351, 0.34386, 0.8528, 1.0701, 1.1905, 1.3257, 
1.5591, 1.75, 2.1481, 2.1893, 2.4903, 2.8858, 4.0264, 1304.3, 
1424.9, 1580.6, 1704.9, 1843.5, 1970.5, 2075.1, 2234.4, 2343.5, 
2482, 2604.7, 2121, 338, 1331, 1852, 873, 463, 1269, 663, 2086, 
132, 1212, 2, 1, 1, 1, 1, 1, 1, 1, 1, 1, 1, 100, 100, 100, 100, 
100, 100, 100, 100, 100, 100, 100, 2500, 2500, 2500, 2500, 2500, 
2500, 2500, 2500, 2500, 2500, 2500, 60384.211, 74702.585, 92161.686, 
100913.392, 126989.638, 139014.226, 159559.187, 171869.142, 185715.173, 
219868.587, 256014.633, 1, 1, 1, 1, 1, 1, 1, 1, 1, 1, 1, 0.125, 
0.125, 0.125, 0.125, 0.125, 0.125, 0.125, 0.125, 0.125, 0.125, 
0.125, 0, 0, 0, 0, 0, 0, 0, 0, 0, 0, 0, 0, 0, 0, 0, 0, 0, 0, 
0, 0, 0, 0, 0.32765, 0.32538, 0.32305, 0.33415, 0.32709, 0.33725, 
0.34045, 0.3332, 0.33087, 0.33542, 0.32746, 0.3192, 0.32809, 
0.32156, 0.33225, 0.32666, 0.33522, 0.33208, 0.33464, 0.33425, 
0.33319, 0.33111, 0.8272, 0.9912, 1.1763, 1.3144, 1.5622, 1.74, 
1.9384, 2.153, 2.3879, 2.8153, 3.0186, 1310.7, 1439.6, 1569.3, 
1700.4, 1834.9, 1964.3, 2093.3, 2219.4, 2350.4, 2480, 2608.8, 
1, 1, 1, 1, 1, 1, 1, 1, 1, 1, 1, 1, 1, 1, 1, 1, 1, 1, 1, 1, 1, 
1, 1, 1, 1, 1, 1, 1, 1, 1, 1, 1, 1, 1, 1, 1, 1, 1, 1, 1, 1, 1, 
1, 1, 11.575, 13.221, 15.133, 17.237, 20.118, 21.024, 23.079, 
25.409, 27.793, 32.577, 34.801), .Dim = c(11L, 40L), .Dimnames = list(
    NULL, c("Sampling", "PSO.cost", "PSO.gamma", "PSO.data.balancing", 
    "PSO.feature.selection", "PSO.valid.acc", "PSO.test.acc", 
    "PSO.train.time", "PSO.n.support.vectors", "PSO.index", "PSO.n.solutions", 
    "PSO.generations", "PSO.n.evaluations", "PSO.cpu.time", "RS.cost", 
    "RS.gamma", "RS.data.balancing", "RS.feature.selection", 
    "RS.valid.acc", "RS.test.acc", "RS.train.time", "RS.n.support.vectors", 
    "RS.index", "RS.n.solutions", "RS.generations", "RS.n.evaluations", 
    "RS.cpu.time", "DF.cost", "DF.gamma", "DF.data.balancing", 
    "DF.feature.selection", "DF.valid.acc", "DF.test.acc", "DF.train.time", 
    "DF.n.support.vectors", "DF.index", "DF.n.solutions", "DF.generations", 
    "DF.n.evaluations", "DF.cpu.time")))
