full <-
structure(c(50, 55, 60, 65, 70, 75, 80, 85, 90, 95, 100, 3.1598, 
1.19341, 4.39397, 2.66047, 2.61548, 7.5233, 7.39887, 1.47161, 
4.49658, 11.90062, 12.76693, -3.37935, -2.3005, -4.27655, -2.91463, 
-3.75092, -4.97883, -5.9368, -3.24718, -5.08002, -6.55225, -7.23129, 
0, 0, 0, 0, 0, 0, 0, 0, 0, 0, 0, 0, 0, 0, 0, 0, 0, 0, 0, 0, 0, 
0, 0.36473, 0.36129, 0.35742, 0.35606, 0.35087, 0.35421, 0.34953, 
0.35282, 0.34029, 0.34791, 0.34263, 0.3459, 0.34975, 0.34783, 
0.34625, 0.3431, 0.34125, 0.34421, 0.3439, 0.33287, 0.33672, 
0.33381, 0.8713, 1.0478, 1.2756, 1.406, 1.6088, 2.3956, 2.4237, 
2.3332, 2.6405, 9.1898, 11.5039, 1284.4, 1418.8, 1555.2, 1681.7, 
1817.3, 1936.6, 2079.1, 2205.7, 2344.3, 2462, 2596.7, 1069, 1796, 
1044, 455, 1751, 1700, 2428, 1502, 861, 538, 1237, 280, 4, 36, 
35, 39, 43, 2, 15, 25, 1, 1, 100, 100, 100, 100, 100, 100, 100, 
100, 100, 100, 100, 2500, 2500, 2500, 2500, 2500, 2500, 2500, 
2500, 2500, 2500, 2500, 35834.54, 36939.339, 41641.191, 48333.339, 
54298.801, 84275.5140000001, 86272.755, 73569.4309999999, 90712.9890000001, 
286304.506, 369400.93, 3.24235, 1.33281, 4.40231, 4.40066, 2.38116, 
8.17416, 7.62954, 1.47988, 7.32795, 12.68406, 13.94981, -3.18333, 
-2.40834, -4.16254, -3.91406, -3.6559, -5.22619, -6.06194, -3.28402, 
-5.77504, -6.92188, -7.29525, 0, 0, 0, 0, 0, 0, 0, 0, 0, 0, 0, 
0, 0, 0, 0, 0, 0, 0, 0, 0, 0, 0, 0.36051, 0.36019, 0.35288, 0.35559, 
0.34914, 0.35179, 0.34839, 0.35032, 0.33927, 0.34599, 0.34079, 
0.34895, 0.35194, 0.34883, 0.34673, 0.34222, 0.34085, 0.34345, 
0.34533, 0.33051, 0.33513, 0.33106, 0.8312, 1.0061, 1.2575, 1.4349, 
1.61, 2.5563, 2.4022, 2.2969, 2.9802, 11.7324, 20.7914, 1283.6, 
1419.8, 1553.1, 1683.2, 1817.1, 1936.1, 2079.5, 2205.6, 2341.1, 
2463.1, 2591.3, 1587, 1615, 2379, 1532, 2325, 2010, 2322, 2062, 
1614, 983, 1370, 1, 1, 2, 1, 1, 1, 1, 1, 1, 1, 2, 100, 100, 100, 
100, 100, 100, 100, 100, 100, 100, 100, 2500, 2500, 2500, 2500, 
2500, 2500, 2500, 2500, 2500, 2500, 2500, 65106.011, 73318.635, 
82598.2, 104722.679, 121994.688, 134583.966, 164696.616, 179188.95, 
202936.003, 223045.326, 238501.846, 1, 1, 1, 1, 1, 1, 1, 1, 1, 
1, 1, 0.125, 0.125, 0.125, 0.125, 0.125, 0.125, 0.125, 0.125, 
0.125, 0.125, 0.125, 0, 0, 0, 0, 0, 0, 0, 0, 0, 0, 0, 0, 0, 0, 
0, 0, 0, 0, 0, 0, 0, 0, 0.34284, 0.35144, 0.34323, 0.34441, 0.34308, 
0.33356, 0.34459, 0.3439, 0.33323, 0.33705, 0.33442, 0.3398, 
0.35194, 0.33972, 0.34112, 0.33918, 0.34085, 0.33396, 0.34248, 
0.33321, 0.33417, 0.33593, 0.796, 1.0193, 1.1871, 1.3443, 1.5123, 
1.7209, 2.0313, 2.2709, 2.5259, 2.762, 3.0757, 1297.5, 1431.1, 
1565.4, 1694.3, 1822.9, 1955.3, 2083.4, 2209.5, 2345, 2477.8, 
2608.4, 1, 1, 1, 1, 1, 1, 1, 1, 1, 1, 1, 1, 1, 1, 1, 1, 1, 1, 
1, 1, 1, 1, 1, 1, 1, 1, 1, 1, 1, 1, 1, 1, 1, 1, 1, 1, 1, 1, 1, 
1, 1, 1, 1, 1, 11.123, 13.593, 15.281, 17.674, 19.295, 21.635, 
25.172, 27.668, 30.506, 32.881, 36.291), .Dim = c(11L, 40L), .Dimnames = list(
    NULL, c("Sampling", "PSO.cost", "PSO.gamma", "PSO.data.balancing", 
    "PSO.feature.selection", "PSO.valid.acc", "PSO.test.acc", 
    "PSO.train.time", "PSO.n.support.vectors", "PSO.index", "PSO.n.solutions", 
    "PSO.generations", "PSO.n.evaluations", "PSO.cpu.time", "RS.cost", 
    "RS.gamma", "RS.data.balancing", "RS.feature.selection", 
    "RS.valid.acc", "RS.test.acc", "RS.train.time", "RS.n.support.vectors", 
    "RS.index", "RS.n.solutions", "RS.generations", "RS.n.evaluations", 
    "RS.cpu.time", "DF.cost", "DF.gamma", "DF.data.balancing", 
    "DF.feature.selection", "DF.valid.acc", "DF.test.acc", "DF.train.time", 
    "DF.n.support.vectors", "DF.index", "DF.n.solutions", "DF.generations", 
    "DF.n.evaluations", "DF.cpu.time")))
