full <-
structure(c(50, 55, 60, 65, 70, 75, 80, 85, 90, 95, 100, 8.05563, 
4.14993, 0.8327, -1.87487, 0.64641, 0.91358, -0.66206, 2.45389, 
-1.20596, 2.46213, 11.87789, -6.70983, -5.05003, -0.80573, -2.91532, 
-4.79524, -2.56045, -1.23761, -3.35262, -0.88354, -2.90729, -8.56218, 
0, 0, 0, 0, 0, 0, 0, 0, 0, 0, 0, 0, 0, 0, 0, 0, 0, 0, 0, 0, 0, 
0, 0.35132, 0.35244, 0.3493, 0.33869, 0.3411, 0.34819, 0.34873, 
0.35213, 0.34538, 0.34506, 0.34542, 0.33617, 0.3425, 0.32456, 
0.33404, 0.33807, 0.33603, 0.33469, 0.34678, 0.33223, 0.3361, 
0.33358, 1.0111, 1.0389, 1.2428, 1.3621, 1.4825, 1.8199, 2.1008, 
2.3141, 2.6521, 2.8915, 5.4492, 1299.1, 1433.3, 1549.9, 1706.2, 
1837.5, 1958, 2081.2, 2214.1, 2341.1, 2470.6, 2607.4, 1940, 2492, 
1754, 1967, 591, 2011, 1289, 1986, 1317, 1361, 2487, 26, 1, 16, 
9, 126, 1, 41, 83, 79, 23, 1, 100, 100, 100, 100, 100, 100, 100, 
100, 100, 100, 100, 2500, 2500, 2500, 2500, 2500, 2500, 2500, 
2500, 2500, 2500, 2500, 42882.504, 37433.923, 42512.693, 45924.005, 
51146.6199999999, 60122.165, 68155.1290000001, 77462.1579999998, 
85850.5729999999, 110065.42, 179369.385, 11.00723, 3.59569, -1.59219, 
-1.53323, -1.5875, 6.36081, 1.21392, 2.44855, -1.30476, 2.61828, 
12.2136, -7.92821, -4.62499, -2.84486, -3.16082, -2.55743, -2.385, 
-2.98303, -3.45753, -0.75292, -2.94263, -8.74585, 0, 0, 0, 0, 
0, 0, 0, 0, 0, 0, 0, 0, 0, 0, 0, 0, 0, 0, 0, 0, 0, 0, 0.34889, 
0.35131, 0.34782, 0.33638, 0.34109, 0.34661, 0.34685, 0.3507, 
0.34234, 0.34314, 0.3436, 0.32885, 0.34141, 0.34381, 0.33124, 
0.33584, 0.32715, 0.3324, 0.34678, 0.3329, 0.33674, 0.33176, 
1.4299, 1.0377, 1.1808, 1.3687, 1.5443, 2.5931, 2.0098, 2.3417, 
2.6874, 2.9278, 5.6305, 1298.4, 1433.3, 1572.7, 1705.4, 1836.2, 
1919.1, 2086.8, 2215.4, 2341.4, 2470.3, 2608.1, 2226, 1982, 1730, 
60, 690, 71, 800, 2075, 1012, 1508, 1184, 1, 1, 1, 1, 1, 1, 1, 
1, 1, 1, 1, 100, 100, 100, 100, 100, 100, 100, 100, 100, 100, 
100, 2500, 2500, 2500, 2500, 2500, 2500, 2500, 2500, 2500, 2500, 
2500, 65564.104, 81359.134, 91648.674, 102328.499, 122088.265, 
140880.41, 155561.579, 162951.273, 201308.237, 207768.658, 260287.032, 
1, 1, 1, 1, 1, 1, 1, 1, 1, 1, 1, 0.125, 0.125, 0.125, 0.125, 
0.125, 0.125, 0.125, 0.125, 0.125, 0.125, 0.125, 0, 0, 0, 0, 
0, 0, 0, 0, 0, 0, 0, 0, 0, 0, 0, 0, 0, 0, 0, 0, 0, 0, 0.34038, 
0.34089, 0.33571, 0.33033, 0.33115, 0.33566, 0.33547, 0.34001, 
0.3319, 0.33579, 0.33966, 0.3367, 0.33199, 0.34182, 0.32746, 
0.33849, 0.33403, 0.33507, 0.33929, 0.33424, 0.32844, 0.33723, 
0.8287, 0.9922, 1.1907, 1.3353, 1.4913, 1.7243, 2.0483, 2.2094, 
2.5533, 2.7915, 3.0482, 1302.7, 1435.9, 1565.6, 1697.3, 1828.8, 
1963.4, 2090.6, 2219.2, 2352.3, 2482.5, 2607.7, 1, 1, 1, 1, 1, 
1, 1, 1, 1, 1, 1, 1, 1, 1, 1, 1, 1, 1, 1, 1, 1, 1, 1, 1, 1, 1, 
1, 1, 1, 1, 1, 1, 1, 1, 1, 1, 1, 1, 1, 1, 1, 1, 1, 1, 12.521, 
14.105, 16.227, 17.606, 19.205, 21.74, 25.498, 26.108, 29.881, 
32.432, 35.475), .Dim = c(11L, 40L), .Dimnames = list(NULL, c("Sampling", 
"PSO.cost", "PSO.gamma", "PSO.data.balancing", "PSO.feature.selection", 
"PSO.valid.acc", "PSO.test.acc", "PSO.train.time", "PSO.n.support.vectors", 
"PSO.index", "PSO.n.solutions", "PSO.generations", "PSO.n.evaluations", 
"PSO.cpu.time", "RS.cost", "RS.gamma", "RS.data.balancing", "RS.feature.selection", 
"RS.valid.acc", "RS.test.acc", "RS.train.time", "RS.n.support.vectors", 
"RS.index", "RS.n.solutions", "RS.generations", "RS.n.evaluations", 
"RS.cpu.time", "DF.cost", "DF.gamma", "DF.data.balancing", "DF.feature.selection", 
"DF.valid.acc", "DF.test.acc", "DF.train.time", "DF.n.support.vectors", 
"DF.index", "DF.n.solutions", "DF.generations", "DF.n.evaluations", 
"DF.cpu.time")))
