full <-
structure(c(50, 55, 60, 65, 70, 75, 80, 85, 90, 95, 100, 2.49678, 
11.16656, 5.51962, 9.22479, 9.78614, 0.12653, 14.29192, 14.59647, 
-0.921, 9.04612, 2.8036, -3.87257, -7.12141, -6.47494, -4.84935, 
-7.51531, -2.22024, -9.68179, -9.1496, -0.95532, -6.85512, -3.63261, 
0, 0, 0, 0, 0, 0, 0, 0, 0, 0, 0, 0, 0, 0, 0, 0, 0, 0, 0, 0, 0, 
0, 0.33972, 0.34246, 0.34429, 0.342, 0.3475, 0.34776, 0.34155, 
0.34499, 0.34734, 0.3508, 0.34051, 0.3342, 0.33638, 0.32559, 
0.32711, 0.33277, 0.33724, 0.33771, 0.33643, 0.33923, 0.33899, 
0.32717, 0.8405, 2.0715, 1.1986, 2.6833, 2.1118, 1.7723, 5.547, 
9.1404, 2.4993, 3.704, 3.255, 1302.4, 1426.4, 1567.2, 1677.3, 
1825.3, 1952.2, 2085.2, 2213.2, 2337.2, 2477.5, 2601.4, 1728, 
1579, 2180, 2477, 1929, 1908, 2146, 1422, 1898, 2417, 808, 1, 
5, 1, 1, 1, 9, 1, 1, 30, 1, 78, 100, 100, 100, 100, 100, 100, 
100, 100, 100, 100, 100, 2500, 2500, 2500, 2500, 2500, 2500, 
2500, 2500, 2500, 2500, 2500, 32156.55, 66755.929, 62985.048, 
67802.42, 76350.963, 61818.742, 165443.421, 280858.939, 77817.6719999998, 
131639.697, 94852.7050000001, 2.08648, 10.99073, 5.84597, 0.20906, 
9.55314, 0.82414, 14.45404, 14.40415, 0.20502, 10.29647, -0.24912, 
-3.67706, -7.06965, -6.69726, -0.14639, -7.37305, -2.70095, -9.79428, 
-8.98929, -2.17488, -7.40951, -1.7501, 0, 0, 0, 0, 0, 0, 0, 0, 
0, 0, 0, 0, 0, 0, 0, 0, 0, 0, 0, 0, 0, 0, 0.33668, 0.34026, 0.34278, 
0.34154, 0.34489, 0.34453, 0.34003, 0.34107, 0.34564, 0.34952, 
0.33811, 0.33359, 0.33913, 0.3251, 0.33126, 0.33624, 0.3425, 
0.33886, 0.33536, 0.32981, 0.33771, 0.32839, 0.8387, 2.0207, 
1.2065, 1.4135, 2.0594, 1.8163, 5.7128, 8.8848, 2.4484, 4.3703, 
3.1392, 1303, 1426.3, 1567.1, 1679, 1825.4, 1954.2, 2084.8, 2213, 
2344.7, 2477.9, 2599.7, 1391, 237, 799, 2366, 2126, 730, 770, 
38, 1215, 126, 2090, 1, 1, 1, 1, 1, 1, 2, 1, 1, 1, 1, 100, 100, 
100, 100, 100, 100, 100, 100, 100, 100, 100, 2500, 2500, 2500, 
2500, 2500, 2500, 2500, 2500, 2500, 2500, 2500, 65143.627, 77607.731, 
87940.541, 101870.256, 121159.628, 129815.995, 163368.858, 167779.695, 
201868.905, 235022.187, 245696.992, 1, 1, 1, 1, 1, 1, 1, 1, 1, 
1, 1, 0.125, 0.125, 0.125, 0.125, 0.125, 0.125, 0.125, 0.125, 
0.125, 0.125, 0.125, 0, 0, 0, 0, 0, 0, 0, 0, 0, 0, 0, 0, 0, 0, 
0, 0, 0, 0, 0, 0, 0, 0, 0.32694, 0.32479, 0.32863, 0.32663, 0.33103, 
0.33521, 0.33357, 0.33608, 0.33516, 0.33164, 0.33172, 0.32699, 
0.33692, 0.32914, 0.33226, 0.33321, 0.33157, 0.33247, 0.33785, 
0.33721, 0.33292, 0.33355, 0.7942, 0.9639, 1.1466, 1.332, 1.5101, 
1.7139, 1.9222, 2.1685, 2.458, 2.7129, 3.0494, 1305.8, 1437.3, 
1565.1, 1694.2, 1830.1, 1958.2, 2087.9, 2220.7, 2349.7, 2481, 
2607.6, 1, 1, 1, 1, 1, 1, 1, 1, 1, 1, 1, 1, 1, 1, 1, 1, 1, 1, 
1, 1, 1, 1, 1, 1, 1, 1, 1, 1, 1, 1, 1, 1, 1, 1, 1, 1, 1, 1, 1, 
1, 1, 1, 1, 1, 11.039, 12.878, 14.562, 16.519, 18.43, 20.785, 
22.895, 25.56, 28.651, 31.529, 35.174), .Dim = c(11L, 40L), .Dimnames = list(
    NULL, c("Sampling", "PSO.cost", "PSO.gamma", "PSO.data.balancing", 
    "PSO.feature.selection", "PSO.valid.acc", "PSO.test.acc", 
    "PSO.train.time", "PSO.n.support.vectors", "PSO.index", "PSO.n.solutions", 
    "PSO.generations", "PSO.n.evaluations", "PSO.cpu.time", "RS.cost", 
    "RS.gamma", "RS.data.balancing", "RS.feature.selection", 
    "RS.valid.acc", "RS.test.acc", "RS.train.time", "RS.n.support.vectors", 
    "RS.index", "RS.n.solutions", "RS.generations", "RS.n.evaluations", 
    "RS.cpu.time", "DF.cost", "DF.gamma", "DF.data.balancing", 
    "DF.feature.selection", "DF.valid.acc", "DF.test.acc", "DF.train.time", 
    "DF.n.support.vectors", "DF.index", "DF.n.solutions", "DF.generations", 
    "DF.n.evaluations", "DF.cpu.time")))
