full <-
structure(c(50, 55, 60, 65, 70, 75, 80, 85, 90, 95, 100, 9.05031, 
1.5659, 12.36544, 7.97174, 0.13893, -1.90077, 0.66895, 0.40829, 
4.18037, 14.75116, 1.3395, -7.85627, -4.13565, -9.07482, -6.28289, 
-4.02099, -4.13906, -0.02352, -0.69236, -4.11269, -7.86065, -2.86557, 
0, 0, 0, 0, 0, 0, 0, 0, 0, 0, 0, 0, 0, 0, 0, 0, 0, 0, 0, 0, 0, 
0, 0.34404, 0.34257, 0.34637, 0.3422, 0.34665, 0.33642, 0.34575, 
0.34322, 0.34738, 0.34312, 0.34202, 0.33609, 0.33489, 0.33828, 
0.33318, 0.33928, 0.32992, 0.33702, 0.33498, 0.34535, 0.33895, 
0.33626, 0.9762, 1.0025, 2.2009, 1.6487, 1.475, 1.7452, 2.0504, 
2.3405, 2.5593, 22.5633, 3.1746, 1300.2, 1433.4, 1560.1, 1686.8, 
1835.6, 1976.9, 2060.2, 2188.5, 2343.3, 2466.1, 2603.5, 1753, 
1818, 1413, 2361, 2180, 2426, 1995, 12, 1055, 1492, 524, 4, 21, 
1, 3, 5, 1, 7, 32, 93, 1, 66, 100, 100, 100, 100, 100, 100, 100, 
100, 100, 100, 100, 2500, 2500, 2500, 2500, 2500, 2500, 2500, 
2500, 2500, 2500, 2500, 38305.037, 40907.662, 66237.599, 107405.807, 
56452.0399999999, 55942.2810000001, 67535.6499999999, 165926.926, 
85457.29, 548718.795, 107934.934, 8.89479, 2.27509, 12.25753, 
7.87625, 0.50088, -1.77651, 0.99557, 1.10462, 4.45984, -9e-05, 
0.56301, -7.76034, -4.36465, -9.0367, -6.22861, -4.19393, -4.25467, 
-0.18896, -0.70059, -4.20909, -0.5816, -2.39331, 0, 0, 0, 0, 
0, 0, 0, 0, 0, 0, 0, 0, 0, 0, 0, 0, 0, 0, 0, 0, 0, 0, 0.34221, 
0.34094, 0.34537, 0.3408, 0.34404, 0.33481, 0.34272, 0.34322, 
0.34637, 0.3431, 0.34111, 0.3379, 0.33378, 0.3393, 0.33318, 0.33754, 
0.33195, 0.33628, 0.33571, 0.3467, 0.33895, 0.33596, 0.9625, 
0.9951, 2.1633, 1.5803, 1.5262, 1.6824, 2.1155, 2.3883, 2.589, 
2.8398, 3.1624, 1300.4, 1431.7, 1560.3, 1686.9, 1835.3, 1976.9, 
2060.3, 2186.6, 2342.8, 2446.5, 2603.6, 1568, 281, 1309, 1966, 
2181, 2035, 118, 978, 1183, 1599, 2399, 1, 1, 1, 1, 1, 1, 1, 
1, 1, 1, 1, 100, 100, 100, 100, 100, 100, 100, 100, 100, 100, 
100, 2500, 2500, 2500, 2500, 2500, 2500, 2500, 2500, 2500, 2500, 
2500, 59765.722, 75090.445, 84426.674, 102072.413, 116224.227, 
131219.663, 151660.665, 164886.535, 200426.763, 244084.747, 259196.743, 
1, 1, 1, 1, 1, 1, 1, 1, 1, 1, 1, 0.125, 0.125, 0.125, 0.125, 
0.125, 0.125, 0.125, 0.125, 0.125, 0.125, 0.125, 0, 0, 0, 0, 
0, 0, 0, 0, 0, 0, 0, 0, 0, 0, 0, 0, 0, 0, 0, 0, 0, 0, 0.32816, 
0.33709, 0.3322, 0.32899, 0.33929, 0.32351, 0.33895, 0.33212, 
0.33391, 0.33227, 0.33233, 0.3263, 0.33381, 0.33267, 0.3374, 
0.33755, 0.3288, 0.33552, 0.33105, 0.33526, 0.3348, 0.33656, 
0.8115, 0.9525, 1.1484, 1.3612, 1.5087, 1.7797, 2.0139, 2.2936, 
2.4589, 2.6834, 3.1215, 1306.3, 1435.2, 1568.2, 1696.8, 1830.5, 
1961.4, 2090.5, 2218.9, 2352.3, 2479.1, 2607.7, 1, 1, 1, 1, 1, 
1, 1, 1, 1, 1, 1, 1, 1, 1, 1, 1, 1, 1, 1, 1, 1, 1, 1, 1, 1, 1, 
1, 1, 1, 1, 1, 1, 1, 1, 1, 1, 1, 1, 1, 1, 1, 1, 1, 1, 11.213, 
12.529, 14.651, 17.009, 18.547, 21.494, 24.037, 27.828, 29.572, 
31.186, 35.977), .Dim = c(11L, 40L), .Dimnames = list(NULL, c("Sampling", 
"PSO.cost", "PSO.gamma", "PSO.data.balancing", "PSO.feature.selection", 
"PSO.valid.acc", "PSO.test.acc", "PSO.train.time", "PSO.n.support.vectors", 
"PSO.index", "PSO.n.solutions", "PSO.generations", "PSO.n.evaluations", 
"PSO.cpu.time", "RS.cost", "RS.gamma", "RS.data.balancing", "RS.feature.selection", 
"RS.valid.acc", "RS.test.acc", "RS.train.time", "RS.n.support.vectors", 
"RS.index", "RS.n.solutions", "RS.generations", "RS.n.evaluations", 
"RS.cpu.time", "DF.cost", "DF.gamma", "DF.data.balancing", "DF.feature.selection", 
"DF.valid.acc", "DF.test.acc", "DF.train.time", "DF.n.support.vectors", 
"DF.index", "DF.n.solutions", "DF.generations", "DF.n.evaluations", 
"DF.cpu.time")))
