full <-
structure(c(50, 55, 60, 65, 70, 75, 80, 85, 90, 95, 100, -0.28287, 
5.19747, 14.90379, -0.41872, 3.48949, 15, 2.93992, -0.49722, 
3.64042, 1.88531, 7.62851, 0.44337, -4.76421, -10.03985, -2.30859, 
-5.3207, -10.55136, -1.44004, -3.74455, -3.29325, -4.53386, -5.46827, 
0, 0, 0, 0, 0, 0, 0, 0, 0, 0, 0, 0, 0, 0, 0, 0, 0, 0, 0, 0, 0, 
0, 0.33667, 0.33978, 0.33662, 0.343, 0.34054, 0.34213, 0.33967, 
0.33964, 0.34441, 0.34438, 0.34268, 0.31781, 0.32487, 0.33863, 
0.33133, 0.32748, 0.32513, 0.32562, 0.33358, 0.33597, 0.33225, 
0.33631, 0.9004, 1.1081, 3.8283, 1.3357, 1.5974, 4.7782, 2.1769, 
2.2795, 2.6828, 2.8445, 3.8773, 1301.6, 1431.1, 1562.8, 1692.1, 
1824.8, 1956, 2065.1, 2219.8, 2336.2, 2480.4, 2601, 1934, 1934, 
1549, 2203, 2045, 1650, 2293, 444, 2297, 1186, 1229, 17, 10, 
1, 2, 15, 1, 34, 336, 2, 79, 43, 100, 100, 100, 100, 100, 100, 
100, 100, 100, 100, 100, 2500, 2500, 2500, 2500, 2500, 2500, 
2500, 2500, 2500, 2500, 2500, 34838.158, 38537.136, 98025.129, 
46073.54, 55086.5110000001, 138436.344, 83879.126, 70262.2619999999, 
89643.9669999999, 95806.575, 122266.261, 14.7593, 5.79787, 14.70903, 
-0.84249, 4.1833, 14.27735, 2.59432, 0.52906, 4.1679, 2.37609, 
7.61366, -10.39962, -4.88903, -9.8513, -3.29429, -5.72674, -9.93904, 
-1.33619, -3.75349, -3.43696, -4.82766, -5.47351, 0, 0, 0, 0, 
0, 0, 0, 0, 0, 0, 0, 0, 0, 0, 0, 0, 0, 0, 0, 0, 0, 0, 0.33238, 
0.33756, 0.33509, 0.34112, 0.33836, 0.34009, 0.33702, 0.33858, 
0.3417, 0.34278, 0.34207, 0.31905, 0.32985, 0.33511, 0.33273, 
0.32921, 0.32716, 0.32486, 0.33929, 0.33327, 0.33193, 0.3357, 
2.2217, 1.1356, 3.7108, 1.3563, 1.5869, 4.4856, 2.1631, 2.2496, 
2.7321, 2.7673, 3.9831, 1304.3, 1430.3, 1562.3, 1700, 1824.4, 
1955.5, 2067.2, 2214.6, 2336.1, 2481.3, 2601.1, 773, 433, 2127, 
462, 711, 2412, 543, 2498, 128, 1982, 1443, 1, 1, 1, 1, 2, 1, 
1, 1, 1, 1, 1, 100, 100, 100, 100, 100, 100, 100, 100, 100, 100, 
100, 2500, 2500, 2500, 2500, 2500, 2500, 2500, 2500, 2500, 2500, 
2500, 64497.991, 75453.46, 82858.671, 97502.36, 120738.653, 134742.264, 
155341.162, 162955.068, 191910.09, 231986.479, 233482.643, 1, 
1, 1, 1, 1, 1, 1, 1, 1, 1, 1, 0.125, 0.125, 0.125, 0.125, 0.125, 
0.125, 0.125, 0.125, 0.125, 0.125, 0.125, 0, 0, 0, 0, 0, 0, 0, 
0, 0, 0, 0, 0, 0, 0, 0, 0, 0, 0, 0, 0, 0, 0, 0.32144, 0.3166, 
0.3199, 0.33277, 0.33101, 0.33119, 0.33241, 0.33038, 0.33225, 
0.33641, 0.33293, 0.31961, 0.32376, 0.32088, 0.32479, 0.32495, 
0.32756, 0.33092, 0.33751, 0.33158, 0.33704, 0.33266, 0.8357, 
1.0245, 1.1633, 1.3664, 1.5459, 1.7825, 2.0065, 2.2072, 2.4848, 
2.7507, 3.1331, 1305.7, 1434.3, 1564, 1695, 1822.3, 1951.9, 2083.6, 
2211.4, 2344.2, 2479.5, 2607.4, 1, 1, 1, 1, 1, 1, 1, 1, 1, 1, 
1, 1, 1, 1, 1, 1, 1, 1, 1, 1, 1, 1, 1, 1, 1, 1, 1, 1, 1, 1, 1, 
1, 1, 1, 1, 1, 1, 1, 1, 1, 1, 1, 1, 1, 11.844, 14.296, 15.594, 
17.781, 19.396, 22.008, 24.271, 26.313, 29.302, 32.744, 37.02
), .Dim = c(11L, 40L), .Dimnames = list(NULL, c("Sampling", "PSO.cost", 
"PSO.gamma", "PSO.data.balancing", "PSO.feature.selection", "PSO.valid.acc", 
"PSO.test.acc", "PSO.train.time", "PSO.n.support.vectors", "PSO.index", 
"PSO.n.solutions", "PSO.generations", "PSO.n.evaluations", "PSO.cpu.time", 
"RS.cost", "RS.gamma", "RS.data.balancing", "RS.feature.selection", 
"RS.valid.acc", "RS.test.acc", "RS.train.time", "RS.n.support.vectors", 
"RS.index", "RS.n.solutions", "RS.generations", "RS.n.evaluations", 
"RS.cpu.time", "DF.cost", "DF.gamma", "DF.data.balancing", "DF.feature.selection", 
"DF.valid.acc", "DF.test.acc", "DF.train.time", "DF.n.support.vectors", 
"DF.index", "DF.n.solutions", "DF.generations", "DF.n.evaluations", 
"DF.cpu.time")))
