full <-
structure(c(50, 55, 60, 65, 70, 75, 80, 85, 90, 95, 100, 7.2542, 
-1.79765, -1.44969, 2.91739, 0.72812, -0.26839, 6.19646, -0.41773, 
0.56706, 8.70652, 5.41937, -4.39899, -1.18591, -1.01266, -2.82145, 
-1.56998, -0.86089, -4.25367, -1.2535, -2.47055, -6.66202, -5.42678, 
0, 0, 0, 0, 0, 0, 0, 0, 0, 0, 0, 0, 0, 0, 0, 0, 0, 0, 0, 0, 0, 
0, 0.36784, 0.35642, 0.34781, 0.34814, 0.35269, 0.33723, 0.33889, 
0.34353, 0.34063, 0.34025, 0.33991, 0.3412, 0.34033, 0.33822, 
0.33508, 0.34186, 0.33846, 0.32677, 0.3282, 0.33287, 0.3275, 
0.3296, 1.1334, 1.0407, 1.204, 1.3995, 1.5614, 1.7442, 2.436, 
2.2653, 2.4535, 3.6269, 3.2894, 1274.5, 1430.3, 1561.8, 1683.8, 
1816, 1944.3, 2075.9, 2208.8, 2346.7, 2476.6, 2605.7, 1714, 840, 
2493, 917, 2380, 1865, 1831, 1442, 1887, 2416, 1557, 24, 587, 
119, 45, 2, 5, 36, 18, 35, 1, 32, 100, 100, 100, 100, 100, 100, 
100, 100, 100, 100, 100, 2500, 2500, 2500, 2500, 2500, 2500, 
2500, 2500, 2500, 2500, 2500, 43308.897, 35909.872, 41561.438, 
49645.832, 51011.7120000001, 58548.213, 126869.346, 73650.469, 
81117.111, 127791.543, 144869.182, -0.44716, 2.73641, -1.13246, 
2.46996, 0.59262, -0.39275, 7.84669, -0.79095, 0.53823, 8.90723, 
8.88967, -0.30852, -3.36443, -1.25671, -2.65803, -1.32916, -1.55974, 
-5.29966, -0.8562, -2.52824, -6.78578, -5.07726, 0, 0, 0, 0, 
0, 0, 0, 0, 0, 0, 0, 0, 0, 0, 0, 0, 0, 0, 0, 0, 0, 0, 0.36358, 
0.35305, 0.34731, 0.34488, 0.35226, 0.33482, 0.33663, 0.34067, 
0.3386, 0.33897, 0.3387, 0.3496, 0.34255, 0.33771, 0.33228, 0.3436, 
0.33606, 0.32866, 0.32855, 0.33523, 0.32718, 0.32779, 0.8643, 
1.0245, 1.2292, 1.3475, 1.5825, 1.8254, 2.5884, 2.3283, 2.5865, 
3.6185, 5.2292, 1290.2, 1419.5, 1560.3, 1684.1, 1813.1, 1954.1, 
2079.4, 2208.1, 2347, 2476.6, 2592.4, 336, 507, 1137, 1859, 861, 
2123, 647, 2424, 969, 218, 1023, 1, 1, 1, 1, 1, 2, 1, 1, 2, 1, 
1, 100, 100, 100, 100, 100, 100, 100, 100, 100, 100, 100, 2500, 
2500, 2500, 2500, 2500, 2500, 2500, 2500, 2500, 2500, 2500, 61249.827, 
69757.605, 85107.544, 108979.044, 115386.853, 136699.094, 146794.237, 
178502.267, 193253.249, 229432.735, 244245.108, 1, 1, 1, 1, 1, 
1, 1, 1, 1, 1, 1, 0.125, 0.125, 0.125, 0.125, 0.125, 0.125, 0.125, 
0.125, 0.125, 0.125, 0.125, 0, 0, 0, 0, 0, 0, 0, 0, 0, 0, 0, 
0, 0, 0, 0, 0, 0, 0, 0, 0, 0, 0, 0.3556, 0.33383, 0.33669, 0.33135, 
0.33493, 0.32512, 0.32108, 0.32782, 0.33355, 0.33004, 0.3296, 
0.35199, 0.33701, 0.34174, 0.33697, 0.33362, 0.32272, 0.32335, 
0.32676, 0.33119, 0.33196, 0.3296, 0.7927, 0.99, 1.1663, 1.3111, 
1.4789, 1.8001, 2.0509, 2.274, 2.5145, 2.7866, 3.1478, 1293.5, 
1427.1, 1560.7, 1693.2, 1827.8, 1960.3, 2088.4, 2220.8, 2350.2, 
2480.2, 2608.1, 1, 1, 1, 1, 1, 1, 1, 1, 1, 1, 1, 1, 1, 1, 1, 
1, 1, 1, 1, 1, 1, 1, 1, 1, 1, 1, 1, 1, 1, 1, 1, 1, 1, 1, 1, 1, 
1, 1, 1, 1, 1, 1, 1, 1, 11.001, 13.337, 14.869, 16.342, 18.141, 
21.778, 24.591, 26.771, 29.457, 32.272, 36.638), .Dim = c(11L, 
40L), .Dimnames = list(NULL, c("Sampling", "PSO.cost", "PSO.gamma", 
"PSO.data.balancing", "PSO.feature.selection", "PSO.valid.acc", 
"PSO.test.acc", "PSO.train.time", "PSO.n.support.vectors", "PSO.index", 
"PSO.n.solutions", "PSO.generations", "PSO.n.evaluations", "PSO.cpu.time", 
"RS.cost", "RS.gamma", "RS.data.balancing", "RS.feature.selection", 
"RS.valid.acc", "RS.test.acc", "RS.train.time", "RS.n.support.vectors", 
"RS.index", "RS.n.solutions", "RS.generations", "RS.n.evaluations", 
"RS.cpu.time", "DF.cost", "DF.gamma", "DF.data.balancing", "DF.feature.selection", 
"DF.valid.acc", "DF.test.acc", "DF.train.time", "DF.n.support.vectors", 
"DF.index", "DF.n.solutions", "DF.generations", "DF.n.evaluations", 
"DF.cpu.time")))
