full <-
structure(c(50, 55, 60, 65, 70, 75, 80, 85, 90, 95, 100, 7.64827, 
3.97075, 1.10838, 0.44309, 0.45337, -0.77544, 14.94287, -1.86877, 
-1.97657, 0.55017, 2.21418, -4.94522, -4.02375, -3.38169, -0.56081, 
-2.00051, -1.36163, -9.45171, -4.26297, -4.76823, -0.7012, -3.18059, 
0, 0, 0, 0, 0, 0, 0, 0, 0, 0, 0, 0, 0, 0, 0, 0, 0, 0, 0, 0, 0, 
0, 0.35862, 0.35355, 0.34737, 0.34856, 0.3475, 0.34687, 0.3446, 
0.33827, 0.34402, 0.34152, 0.339, 0.35017, 0.34038, 0.33425, 
0.34526, 0.344, 0.33958, 0.33171, 0.33792, 0.3376, 0.33769, 0.339, 
1.108, 1.0666, 1.1895, 1.3835, 1.5688, 1.7643, 8.3876, 2.2127, 
2.559, 2.8937, 3.1859, 1297.5, 1431.8, 1568.4, 1675, 1819.3, 
1947.3, 2084.2, 2236.3, 2372.3, 2454.1, 2600.6, 2097, 1414, 1268, 
1915, 1679, 1903, 2075, 1874, 715, 1634, 1592, 6, 91, 28, 38, 
24, 19, 1, 5, 289, 6, 10, 100, 100, 100, 100, 100, 100, 100, 
100, 100, 100, 100, 2500, 2500, 2500, 2500, 2500, 2500, 2500, 
2500, 2500, 2500, 2500, 41452.527, 36489.437, 42203.237, 47456.834, 
55392.351, 55446.05, 199108.381, 70145.013, 90196.8269999998, 
91850.889, 160908.884, 8.76289, 3.567, 1.65032, 0.51088, 0.36074, 
-0.66688, -1.10392, 0.9074, -1.99395, 0.73164, -0.47477, -5.16164, 
-3.79882, -3.55524, -0.51355, -1.92055, -1.4227, -0.21975, -0.47577, 
-4.76568, -0.89603, 0.18204, 0, 0, 0, 0, 0, 0, 0, 0, 0, 0, 0, 
0, 0, 0, 0, 0, 0, 0, 0, 0, 0, 0, 0.35619, 0.35134, 0.34634, 0.34761, 
0.34663, 0.34403, 0.34006, 0.3361, 0.34368, 0.33929, 0.33628, 
0.35015, 0.34314, 0.33678, 0.34199, 0.34183, 0.34079, 0.33668, 
0.33148, 0.33761, 0.33833, 0.33354, 1.3722, 1.0602, 1.1863, 1.3967, 
1.5038, 1.7636, 2.1276, 2.3439, 2.527, 2.9516, 3.326, 1294.2, 
1432.2, 1567.8, 1675.1, 1819.3, 1947.4, 2068.2, 2190.4, 2372.5, 
2455.8, 2585, 157, 322, 120, 383, 1127, 1590, 1151, 1907, 656, 
198, 897, 1, 1, 2, 1, 1, 1, 1, 1, 1, 1, 1, 100, 100, 100, 100, 
100, 100, 100, 100, 100, 100, 100, 2500, 2500, 2500, 2500, 2500, 
2500, 2500, 2500, 2500, 2500, 2500, 64675.319, 73399.126, 81505.853, 
99496.237, 120043.43, 119686.144, 159198.432, 181395.184, 194772.558, 
223752.344, 255782.184, 1, 1, 1, 1, 1, 1, 1, 1, 1, 1, 1, 0.125, 
0.125, 0.125, 0.125, 0.125, 0.125, 0.125, 0.125, 0.125, 0.125, 
0.125, 0, 0, 0, 0, 0, 0, 0, 0, 0, 0, 0, 0, 0, 0, 0, 0, 0, 0, 
0, 0, 0, 0, 0.33255, 0.33923, 0.33624, 0.33454, 0.33666, 0.33676, 
0.32908, 0.32544, 0.33188, 0.33162, 0.33414, 0.34048, 0.33982, 
0.33273, 0.33263, 0.34486, 0.33876, 0.33439, 0.33005, 0.33222, 
0.3348, 0.33505, 0.8315, 1.0011, 1.1973, 1.3694, 1.5367, 1.7759, 
2.0068, 2.2794, 2.4173, 2.7633, 3.1404, 1311.4, 1439.8, 1571.5, 
1701.8, 1828.2, 1955.7, 2085, 2217.6, 2349.1, 2478.2, 2608.2, 
1, 1, 1, 1, 1, 1, 1, 1, 1, 1, 1, 1, 1, 1, 1, 1, 1, 1, 1, 1, 1, 
1, 1, 1, 1, 1, 1, 1, 1, 1, 1, 1, 1, 1, 1, 1, 1, 1, 1, 1, 1, 1, 
1, 1, 11.746, 13.325, 15.316, 17.089, 18.994, 21.612, 23.919, 
26.932, 28.189, 32.118, 36.282), .Dim = c(11L, 40L), .Dimnames = list(
    NULL, c("Sampling", "PSO.cost", "PSO.gamma", "PSO.data.balancing", 
    "PSO.feature.selection", "PSO.valid.acc", "PSO.test.acc", 
    "PSO.train.time", "PSO.n.support.vectors", "PSO.index", "PSO.n.solutions", 
    "PSO.generations", "PSO.n.evaluations", "PSO.cpu.time", "RS.cost", 
    "RS.gamma", "RS.data.balancing", "RS.feature.selection", 
    "RS.valid.acc", "RS.test.acc", "RS.train.time", "RS.n.support.vectors", 
    "RS.index", "RS.n.solutions", "RS.generations", "RS.n.evaluations", 
    "RS.cpu.time", "DF.cost", "DF.gamma", "DF.data.balancing", 
    "DF.feature.selection", "DF.valid.acc", "DF.test.acc", "DF.train.time", 
    "DF.n.support.vectors", "DF.index", "DF.n.solutions", "DF.generations", 
    "DF.n.evaluations", "DF.cpu.time")))
