full <-
structure(c(50, 55, 60, 65, 70, 75, 80, 85, 90, 95, 100, 14.13633, 
-1.13765, 8.61678, 4.4115, 13.06769, -0.99728, 5.32315, 11.35226, 
-0.38984, 0.16544, 3.06011, -10.32046, -4.63369, -7.92491, -4.75595, 
-8.49554, -5.2609, -5.20586, -6.60298, -3.57902, -0.91608, -4.11506, 
0, 0, 0, 0, 0, 0, 0, 0, 0, 0, 0, 0, 0, 0, 0, 0, 0, 0, 0, 0, 0, 
0, 0.33736, 0.34307, 0.34124, 0.33736, 0.33969, 0.33769, 0.33737, 
0.34176, 0.34363, 0.34316, 0.3396, 0.32101, 0.33092, 0.33119, 
0.32895, 0.32754, 0.32637, 0.33738, 0.33751, 0.33353, 0.3355, 
0.33111, 1.966, 0.9845, 1.2959, 1.4225, 4.2621, 1.6771, 2.0979, 
5.8587, 2.4949, 2.916, 3.0788, 1300.6, 1444.9, 1565, 1693.4, 
1820.1, 1970.5, 2079.5, 2202.6, 2355.5, 2453.3, 2604.2, 2261, 
1657, 872, 2397, 2398, 1758, 2357, 2113, 1478, 1471, 1024, 1, 
1, 195, 19, 1, 14, 1, 3, 47, 52, 21, 100, 100, 100, 100, 100, 
100, 100, 100, 100, 100, 100, 2500, 2500, 2500, 2500, 2500, 2500, 
2500, 2500, 2500, 2500, 2500, 61901.163, 38087.523, 47001.82, 
49243.425, 128793.005, 56373.8080000001, 79007.705, 208917.921, 
76300.9140000001, 98493.9849999999, 130411.479, 14.25608, -0.72876, 
8.37095, 4.83391, 14.91808, -0.99318, 5.83697, 6.94957, -0.44145, 
0.02449, 3.13643, -10.22575, -5.02889, -7.92996, -5.05056, -8.98407, 
-5.20261, -5.44585, -4.99802, -3.49611, -1.06085, -4.14518, 0, 
0, 0, 0, 0, 0, 0, 0, 0, 0, 0, 0, 0, 0, 0, 0, 0, 0, 0, 0, 0, 0, 
0.33497, 0.34192, 0.33872, 0.33503, 0.33663, 0.33567, 0.33547, 
0.33928, 0.34194, 0.34125, 0.33899, 0.32042, 0.33038, 0.32816, 
0.32613, 0.32364, 0.32557, 0.33699, 0.33679, 0.3332, 0.33965, 
0.33202, 2.1104, 0.9369, 1.328, 1.4136, 8.5312, 1.7743, 2.251, 
2.6973, 2.3718, 2.7519, 3.1149, 1299.9, 1444.7, 1565.7, 1693, 
1817.8, 1970.1, 2079.2, 2206.1, 2355.3, 2455.9, 2604.2, 850, 
1109, 1964, 343, 2318, 1754, 1559, 323, 2485, 1088, 1377, 1, 
1, 1, 1, 1, 1, 2, 1, 1, 1, 1, 100, 100, 100, 100, 100, 100, 100, 
100, 100, 100, 100, 2500, 2500, 2500, 2500, 2500, 2500, 2500, 
2500, 2500, 2500, 2500, 62240.424, 72856.442, 88861.951, 101984.1, 
121594.669, 139798.824, 163011.021, 177919.888, 181369.582, 225245.079, 
256582.695, 1, 1, 1, 1, 1, 1, 1, 1, 1, 1, 1, 0.125, 0.125, 0.125, 
0.125, 0.125, 0.125, 0.125, 0.125, 0.125, 0.125, 0.125, 0, 0, 
0, 0, 0, 0, 0, 0, 0, 0, 0, 0, 0, 0, 0, 0, 0, 0, 0, 0, 0, 0, 0.31735, 
0.33203, 0.31997, 0.32195, 0.32671, 0.32274, 0.33019, 0.32822, 
0.33589, 0.33135, 0.32839, 0.32465, 0.32817, 0.32507, 0.32241, 
0.32583, 0.32235, 0.32868, 0.33323, 0.33251, 0.33391, 0.32504, 
0.8335, 1.0034, 1.1592, 1.3357, 1.5081, 1.6994, 1.952, 2.1605, 
2.4839, 2.7157, 3.0266, 1307.2, 1435.1, 1566.8, 1697.8, 1823.2, 
1950.3, 2082.3, 2214.5, 2350.5, 2479.1, 2608.4, 1, 1, 1, 1, 1, 
1, 1, 1, 1, 1, 1, 1, 1, 1, 1, 1, 1, 1, 1, 1, 1, 1, 1, 1, 1, 1, 
1, 1, 1, 1, 1, 1, 1, 1, 1, 1, 1, 1, 1, 1, 1, 1, 1, 1, 12.554, 
13.364, 15.866, 17.604, 19.264, 20.517, 24.221, 25.52, 29.074, 
31.595, 34.989), .Dim = c(11L, 40L), .Dimnames = list(NULL, c("Sampling", 
"PSO.cost", "PSO.gamma", "PSO.data.balancing", "PSO.feature.selection", 
"PSO.valid.acc", "PSO.test.acc", "PSO.train.time", "PSO.n.support.vectors", 
"PSO.index", "PSO.n.solutions", "PSO.generations", "PSO.n.evaluations", 
"PSO.cpu.time", "RS.cost", "RS.gamma", "RS.data.balancing", "RS.feature.selection", 
"RS.valid.acc", "RS.test.acc", "RS.train.time", "RS.n.support.vectors", 
"RS.index", "RS.n.solutions", "RS.generations", "RS.n.evaluations", 
"RS.cpu.time", "DF.cost", "DF.gamma", "DF.data.balancing", "DF.feature.selection", 
"DF.valid.acc", "DF.test.acc", "DF.train.time", "DF.n.support.vectors", 
"DF.index", "DF.n.solutions", "DF.generations", "DF.n.evaluations", 
"DF.cpu.time")))
