full <-
structure(c(50, 55, 60, 65, 70, 75, 80, 85, 90, 95, 100, -1.99931, 
-1.09261, 3.62295, 7.55704, -1.16574, -2, 8.78408, 2.93796, 14.6377, 
1.2765, -1.25696, -4.01875, -1.44465, -4.76099, -4.79612, -2.2066, 
-3.59446, -5.92549, -3.60829, -8.40949, -3.69977, -3.51387, 0, 
0, 0, 0, 0, 0, 0, 0, 0, 0, 0, 0, 0, 0, 0, 0, 0, 0, 0, 0, 0, 0, 
0.33331, 0.33262, 0.33267, 0.33882, 0.34051, 0.34098, 0.33549, 
0.34321, 0.34089, 0.3377, 0.33627, 0.32361, 0.32378, 0.32008, 
0.33461, 0.33096, 0.33247, 0.32902, 0.33359, 0.33177, 0.32942, 
0.33567, 0.8413, 1.0428, 1.2329, 1.7987, 1.584, 1.7398, 2.8658, 
2.2924, 15.3444, 2.7055, 3.1429, 1317, 1433.4, 1567.5, 1685.8, 
1832.2, 1974, 2081.4, 2218.3, 2343.5, 2478.7, 2618.9, 567, 1477, 
159, 2177, 2236, 360, 1086, 1123, 1288, 1402, 938, 588, 197, 
280, 3, 8, 270, 27, 43, 1, 40, 84, 100, 100, 100, 100, 100, 100, 
100, 100, 100, 100, 100, 2500, 2500, 2500, 2500, 2500, 2500, 
2500, 2500, 2500, 2500, 2500, 29393.39, 37270.583, 39513.016, 
58348.513, 69713.8919999999, 59456.799, 112731.584, 74119.4340000001, 
289865.658, 95301.446, 104171.273, -1.75203, -1.32571, 3.67157, 
-1.93247, -1.73686, 5.37234, 8.61618, 2.80989, 13.97243, 1.72038, 
-1.75187, -3.91822, -1.36416, -4.8599, -4.28149, -3.58582, -4.56782, 
-5.88128, -3.5339, -8.18987, -3.29145, -3.6155, 0, 0, 0, 0, 0, 
0, 0, 0, 0, 0, 0, 0, 0, 0, 0, 0, 0, 0, 0, 0, 0, 0, 0.33151, 0.32877, 
0.33016, 0.33783, 0.33703, 0.33891, 0.33473, 0.34178, 0.33887, 
0.33548, 0.33413, 0.32422, 0.32046, 0.32158, 0.33456, 0.33701, 
0.33489, 0.32749, 0.33252, 0.33313, 0.33037, 0.33081, 0.8539, 
1.0124, 1.2307, 1.365, 1.5274, 1.9318, 2.8313, 2.3475, 11.7997, 
2.8023, 3.0124, 1316, 1434.7, 1567.7, 1713.5, 1842.9, 1951.4, 
2081.8, 2218.5, 2343, 2474.4, 2623.2, 2386, 2242, 1172, 1756, 
1088, 1878, 1113, 2380, 2500, 1305, 527, 1, 1, 1, 1, 1, 1, 2, 
1, 1, 1, 1, 100, 100, 100, 100, 100, 100, 100, 100, 100, 100, 
100, 2500, 2500, 2500, 2500, 2500, 2500, 2500, 2500, 2500, 2500, 
2500, 58405.112, 76929.836, 88201.835, 105340.897, 122118.031, 
145053.42, 162170.724, 167087.096, 216775.976, 227521.097, 242363.948, 
1, 1, 1, 1, 1, 1, 1, 1, 1, 1, 1, 0.125, 0.125, 0.125, 0.125, 
0.125, 0.125, 0.125, 0.125, 0.125, 0.125, 0.125, 0, 0, 0, 0, 
0, 0, 0, 0, 0, 0, 0, 0, 0, 0, 0, 0, 0, 0, 0, 0, 0, 0, 0.31812, 
0.31662, 0.32109, 0.32612, 0.33357, 0.3313, 0.32634, 0.33466, 
0.33415, 0.33196, 0.32838, 0.32234, 0.31663, 0.31903, 0.33177, 
0.32751, 0.33453, 0.32861, 0.3275, 0.32906, 0.32974, 0.33082, 
0.8512, 0.9526, 1.176, 1.3805, 1.4951, 1.767, 1.9557, 2.2858, 
2.5824, 2.8142, 3.0497, 1306.2, 1436.9, 1571.6, 1700.2, 1830.9, 
1960.6, 2094.5, 2224.5, 2351.7, 2479.8, 2607.3, 1, 1, 1, 1, 1, 
1, 1, 1, 1, 1, 1, 1, 1, 1, 1, 1, 1, 1, 1, 1, 1, 1, 1, 1, 1, 1, 
1, 1, 1, 1, 1, 1, 1, 1, 1, 1, 1, 1, 1, 1, 1, 1, 1, 1, 11.884, 
12.653, 15.068, 17.295, 18.379, 21.556, 23.359, 27.868, 31.154, 
33.623, 36.079), .Dim = c(11L, 40L), .Dimnames = list(NULL, c("Sampling", 
"PSO.cost", "PSO.gamma", "PSO.data.balancing", "PSO.feature.selection", 
"PSO.valid.acc", "PSO.test.acc", "PSO.train.time", "PSO.n.support.vectors", 
"PSO.index", "PSO.n.solutions", "PSO.generations", "PSO.n.evaluations", 
"PSO.cpu.time", "RS.cost", "RS.gamma", "RS.data.balancing", "RS.feature.selection", 
"RS.valid.acc", "RS.test.acc", "RS.train.time", "RS.n.support.vectors", 
"RS.index", "RS.n.solutions", "RS.generations", "RS.n.evaluations", 
"RS.cpu.time", "DF.cost", "DF.gamma", "DF.data.balancing", "DF.feature.selection", 
"DF.valid.acc", "DF.test.acc", "DF.train.time", "DF.n.support.vectors", 
"DF.index", "DF.n.solutions", "DF.generations", "DF.n.evaluations", 
"DF.cpu.time")))
