full <-
structure(c(50, 55, 60, 65, 70, 75, 80, 85, 90, 95, 100, 2.2899, 
4.29945, 3.67879, 1.74981, 3.20328, 7.36673, 3.95302, 6.5302, 
4.81291, -0.40376, 2.07685, -1.35924, -5.48903, -4.55484, -3.2643, 
-3.91727, -6.73429, -4.89196, -5.59572, -4.61452, 0.064, -3.18199, 
0, 0, 0, 0, 0, 0, 0, 0, 0, 0, 0, 0, 0, 0, 0, 0, 0, 0, 0, 0, 0, 
0, 0.34161, 0.33431, 0.34582, 0.34331, 0.34446, 0.34295, 0.35215, 
0.34783, 0.34572, 0.34535, 0.33961, 0.32529, 0.31939, 0.33618, 
0.33263, 0.33499, 0.33567, 0.34078, 0.3346, 0.34065, 0.33322, 
0.33324, 0.8709, 0.9817, 1.2129, 1.3577, 1.6305, 2.044, 2.1129, 
2.5323, 2.7007, 2.8877, 3.1517, 1285.4, 1433.4, 1561.4, 1692.6, 
1819.5, 1955.2, 2085.3, 2211.8, 2342.9, 2458, 2600.2, 1411, 1331, 
2245, 1166, 1736, 886, 1806, 784, 1314, 2417, 2080, 47, 21, 7, 
67, 11, 14, 4, 141, 20, 1, 33, 100, 100, 100, 100, 100, 100, 
100, 100, 100, 100, 100, 2500, 2500, 2500, 2500, 2500, 2500, 
2500, 2500, 2500, 2500, 2500, 31468.89, 35767.616, 48639.968, 
47280.832, 58826.211, 78020.35, 77017.4550000001, 85140.0559999999, 
92908.1500000001, 87815.6059999999, 104059.347, -0.43884, 5.59391, 
5.95983, 0.10492, 3.34154, 8.3612, 3.7051, 6.67404, -0.82159, 
0.13776, 1.97891, -1.05878, -6.12356, -4.9193, -2.28681, -3.80854, 
-7.31372, -4.72963, -5.72986, -0.74395, -0.08013, -3.13569, 0, 
0, 0, 0, 0, 0, 0, 0, 0, 0, 0, 0, 0, 0, 0, 0, 0, 0, 0, 0, 0, 0, 
0.33859, 0.33262, 0.34228, 0.34191, 0.34144, 0.34133, 0.35025, 
0.34638, 0.34436, 0.34247, 0.33779, 0.3259, 0.31443, 0.33618, 
0.3331, 0.33501, 0.33243, 0.34191, 0.33389, 0.34062, 0.33387, 
0.33354, 0.8475, 1.0618, 1.3238, 1.3928, 1.643, 2.0817, 2.0324, 
2.5312, 2.58, 2.9519, 3.1151, 1297.3, 1433.2, 1558.6, 1694.4, 
1818.3, 1955.5, 2085.4, 2212.1, 2334.6, 2453.5, 2599.8, 1151, 
1005, 1528, 1481, 2435, 2289, 1677, 1476, 941, 2142, 2481, 1, 
1, 2, 1, 1, 1, 1, 1, 1, 1, 1, 100, 100, 100, 100, 100, 100, 100, 
100, 100, 100, 100, 2500, 2500, 2500, 2500, 2500, 2500, 2500, 
2500, 2500, 2500, 2500, 65068.697, 72328.009, 89553.135, 98282.826, 
112362.711, 131601.496, 165671.052, 168072.333, 198468.327, 215163.481, 
233410.075, 1, 1, 1, 1, 1, 1, 1, 1, 1, 1, 1, 0.125, 0.125, 0.125, 
0.125, 0.125, 0.125, 0.125, 0.125, 0.125, 0.125, 0.125, 0, 0, 
0, 0, 0, 0, 0, 0, 0, 0, 0, 0, 0, 0, 0, 0, 0, 0, 0, 0, 0, 0, 0.33252, 
0.31993, 0.33171, 0.33496, 0.32842, 0.32999, 0.34154, 0.33427, 
0.33797, 0.3329, 0.3317, 0.32832, 0.31164, 0.32968, 0.33729, 
0.33582, 0.32473, 0.33623, 0.32821, 0.33325, 0.33005, 0.33324, 
0.8541, 0.9547, 1.1172, 1.3346, 1.5992, 1.7783, 2.0533, 2.2579, 
2.5651, 2.8154, 3.1762, 1306.4, 1435.8, 1566.4, 1698.3, 1827, 
1960.9, 2090.6, 2219.8, 2350.1, 2477.9, 2608.4, 1, 1, 1, 1, 1, 
1, 1, 1, 1, 1, 1, 1, 1, 1, 1, 1, 1, 1, 1, 1, 1, 1, 1, 1, 1, 1, 
1, 1, 1, 1, 1, 1, 1, 1, 1, 1, 1, 1, 1, 1, 1, 1, 1, 1, 11.716, 
12.74, 14.327, 16.591, 19.511, 21.598, 24.411, 26.597, 29.94, 
32.642, 36.688), .Dim = c(11L, 40L), .Dimnames = list(NULL, c("Sampling", 
"PSO.cost", "PSO.gamma", "PSO.data.balancing", "PSO.feature.selection", 
"PSO.valid.acc", "PSO.test.acc", "PSO.train.time", "PSO.n.support.vectors", 
"PSO.index", "PSO.n.solutions", "PSO.generations", "PSO.n.evaluations", 
"PSO.cpu.time", "RS.cost", "RS.gamma", "RS.data.balancing", "RS.feature.selection", 
"RS.valid.acc", "RS.test.acc", "RS.train.time", "RS.n.support.vectors", 
"RS.index", "RS.n.solutions", "RS.generations", "RS.n.evaluations", 
"RS.cpu.time", "DF.cost", "DF.gamma", "DF.data.balancing", "DF.feature.selection", 
"DF.valid.acc", "DF.test.acc", "DF.train.time", "DF.n.support.vectors", 
"DF.index", "DF.n.solutions", "DF.generations", "DF.n.evaluations", 
"DF.cpu.time")))
