full <-
structure(c(50, 55, 60, 65, 70, 75, 80, 85, 90, 95, 100, 9.60157, 
8.53606, 15, -0.42023, -2, 5.02668, 8.09703, 3.19838, 8.26432, 
11.75436, 7.21761, -7.07621, -7.44637, -13.44029, -5.52318, -4.05777, 
-6.24769, -4.68718, -3.51273, -6.56128, -6.39196, -4.23612, 0, 
0, 0, 0, 0, 0, 0, 0, 0, 0, 0, 0, 0, 0, 0, 0, 0, 0, 0, 0, 0, 0, 
0.34529, 0.34869, 0.33974, 0.33133, 0.33621, 0.34053, 0.34422, 
0.34463, 0.34369, 0.34117, 0.34112, 0.33966, 0.33764, 0.33774, 
0.32434, 0.3297, 0.32636, 0.32639, 0.33571, 0.33864, 0.33674, 
0.33474, 1.2571, 1.2077, 1.7808, 1.3006, 1.5602, 1.8856, 3.1449, 
2.3827, 3.1373, 9.4594, 4.1932, 1296.2, 1429.6, 1564.5, 1710.5, 
1844.6, 1962.6, 2074.3, 2211, 2349.9, 2466.4, 2591.8, 1706, 996, 
1709, 2223, 585, 1104, 2488, 329, 1107, 2447, 1649, 21, 58, 1, 
1, 219, 83, 1, 35, 13, 1, 2, 100, 100, 100, 100, 100, 100, 100, 
100, 100, 100, 100, 2500, 2500, 2500, 2500, 2500, 2500, 2500, 
2500, 2500, 2500, 2500, 51229.772, 46480.833, 54536.611, 48242.1789999999, 
51310.7059999999, 67331.274, 167036.993, 78705.534, 115361.417, 
237121.604, 269384.965, 9.72003, 9.23764, 11.66896, 3.30899, 
1.69495, 5.36071, 7.86764, 4.02967, 8.80974, 3.48391, 5.57369, 
-7.05576, -6.15108, -11.77955, -4.58406, -5.34398, -6.42661, 
-4.65247, -3.9766, -6.78712, -5.57614, -4.27857, 0, 0, 0, 0, 
0, 0, 0, 0, 0, 0, 0, 0, 0, 0, 0, 0, 0, 0, 0, 0, 0, 0, 0.34468, 
0.34758, 0.33673, 0.33134, 0.33446, 0.33931, 0.34005, 0.34284, 
0.34167, 0.34087, 0.3402, 0.34088, 0.33427, 0.33421, 0.32291, 
0.33531, 0.32556, 0.32905, 0.33142, 0.33729, 0.33385, 0.33352, 
1.2454, 1.5801, 1.5186, 1.3914, 1.6057, 1.8582, 2.9377, 2.427, 
3.3457, 2.9088, 3.3813, 1295.4, 1421.4, 1565.5, 1695.4, 1835.9, 
1962.7, 2075.6, 2212.8, 2349.6, 2486.3, 2599.9, 1372, 1480, 1423, 
1330, 1960, 1824, 2497, 371, 1522, 239, 1747, 1, 1, 1, 1, 2, 
1, 1, 1, 1, 3, 3, 100, 100, 100, 100, 100, 100, 100, 100, 100, 
100, 100, 2500, 2500, 2500, 2500, 2500, 2500, 2500, 2500, 2500, 
2500, 2500, 64468.203, 72123.298, 88825.27, 96976.885, 125097.897, 
144861.661, 153682.088, 177436.987, 197981.682, 224598.979, 260194.681, 
1, 1, 1, 1, 1, 1, 1, 1, 1, 1, 1, 0.125, 0.125, 0.125, 0.125, 
0.125, 0.125, 0.125, 0.125, 0.125, 0.125, 0.125, 0, 0, 0, 0, 
0, 0, 0, 0, 0, 0, 0, 0, 0, 0, 0, 0, 0, 0, 0, 0, 0, 0, 0.3282, 
0.3338, 0.31496, 0.32617, 0.32274, 0.32681, 0.33321, 0.33717, 
0.33627, 0.33576, 0.33444, 0.32512, 0.33434, 0.32259, 0.32105, 
0.32622, 0.32677, 0.32602, 0.3275, 0.33763, 0.33546, 0.33475, 
0.8003, 0.9711, 1.1438, 1.3554, 1.516, 1.7935, 2.0449, 2.3126, 
2.6045, 2.8091, 2.9896, 1304.4, 1430.8, 1561.7, 1697.3, 1830.1, 
1960.6, 2088.5, 2219.8, 2350.1, 2480.2, 2607.8, 1, 1, 1, 1, 1, 
1, 1, 1, 1, 1, 1, 1, 1, 1, 1, 1, 1, 1, 1, 1, 1, 1, 1, 1, 1, 1, 
1, 1, 1, 1, 1, 1, 1, 1, 1, 1, 1, 1, 1, 1, 1, 1, 1, 1, 11.114, 
12.946, 15.489, 17.056, 18.648, 22.04, 25.407, 28.314, 31.328, 
32.556, 34.409), .Dim = c(11L, 40L), .Dimnames = list(NULL, c("Sampling", 
"PSO.cost", "PSO.gamma", "PSO.data.balancing", "PSO.feature.selection", 
"PSO.valid.acc", "PSO.test.acc", "PSO.train.time", "PSO.n.support.vectors", 
"PSO.index", "PSO.n.solutions", "PSO.generations", "PSO.n.evaluations", 
"PSO.cpu.time", "RS.cost", "RS.gamma", "RS.data.balancing", "RS.feature.selection", 
"RS.valid.acc", "RS.test.acc", "RS.train.time", "RS.n.support.vectors", 
"RS.index", "RS.n.solutions", "RS.generations", "RS.n.evaluations", 
"RS.cpu.time", "DF.cost", "DF.gamma", "DF.data.balancing", "DF.feature.selection", 
"DF.valid.acc", "DF.test.acc", "DF.train.time", "DF.n.support.vectors", 
"DF.index", "DF.n.solutions", "DF.generations", "DF.n.evaluations", 
"DF.cpu.time")))
