full <-
structure(c(50, 55, 60, 65, 70, 75, 80, 85, 90, 95, 100, 3.51296, 
2.3537, 15, 3.72164, -1.96967, -0.09684, -1.60474, 10.69693, 
10.85291, 1.99376, 2.3828, -3.93924, -2.40574, -7.66507, -2.5169, 
-3.05755, -1.11884, -4.97285, -5.75909, -7.40186, -3.05806, -2.23545, 
0, 0, 0, 0, 0, 0, 0, 0, 0, 0, 0, 0, 0, 0, 0, 0, 0, 0, 0, 0, 0, 
0, 0.36162, 0.35357, 0.34277, 0.34023, 0.34185, 0.35147, 0.3367, 
0.34534, 0.34566, 0.35143, 0.34237, 0.35134, 0.34418, 0.32961, 
0.32809, 0.33923, 0.34133, 0.334, 0.32998, 0.33184, 0.34347, 
0.33083, 0.8521, 1.0381, 13.8428, 1.4227, 1.5841, 1.8517, 2.0243, 
5.8063, 4.5186, 2.7785, 3.2987, 1294.3, 1420.9, 1542.8, 1678.4, 
1837.9, 1939.5, 2107.3, 2199.5, 2344.2, 2474.8, 2592.1, 1451, 
1295, 1844, 2449, 1778, 1342, 2290, 2137, 1441, 1932, 2189, 12, 
54, 2, 3, 15, 34, 1, 14, 13, 16, 9, 100, 100, 100, 100, 100, 
100, 100, 100, 100, 100, 100, 2500, 2500, 2500, 2500, 2500, 2500, 
2500, 2500, 2500, 2500, 2500, 34891.693, 37205.659, 160068.912, 
49608.073, 123612.763, 61162.933, 89170.3219999999, 181456.17, 
148188.564, 120280.674, 126277.921, 3.65162, 1.67383, 6.92798, 
1.99388, -1.91968, -0.26133, 1.34549, 11.22377, 10.0189, 1.7865, 
2.19499, -3.99135, -1.76898, -3.05493, -2.22201, -2.81284, -1.13782, 
-7.57186, -5.97211, -7.04229, -3.01455, -2.21259, 0, 0, 0, 0, 
0, 0, 0, 0, 0, 0, 0, 0, 0, 0, 0, 0, 0, 0, 0, 0, 0, 0, 0.36041, 
0.35137, 0.34481, 0.33924, 0.33924, 0.35024, 0.33518, 0.34498, 
0.34331, 0.34983, 0.34116, 0.35498, 0.34252, 0.33066, 0.336, 
0.3414, 0.34457, 0.3272, 0.32749, 0.33351, 0.3425, 0.33235, 0.865, 
1.0336, 1.7565, 1.368, 1.5306, 1.8452, 2.0182, 6.7766, 3.9001, 
2.7575, 3.2452, 1293.7, 1418.3, 1526.8, 1687.2, 1836.4, 1941.1, 
2107.7, 2200.4, 2344.8, 2475.1, 2592.3, 1479, 124, 38, 2205, 
763, 880, 1992, 140, 1314, 1997, 2388, 1, 1, 1, 1, 1, 1, 1, 1, 
1, 1, 1, 100, 100, 100, 100, 100, 100, 100, 100, 100, 100, 100, 
2500, 2500, 2500, 2500, 2500, 2500, 2500, 2500, 2500, 2500, 2500, 
62503.235, 75943.553, 92735.593, 101720.14, 126080.112, 126199.454, 
153422.189, 164387.226, 188946.942, 218248.435, 237749.438, 1, 
1, 1, 1, 1, 1, 1, 1, 1, 1, 1, 0.125, 0.125, 0.125, 0.125, 0.125, 
0.125, 0.125, 0.125, 0.125, 0.125, 0.125, 0, 0, 0, 0, 0, 0, 0, 
0, 0, 0, 0, 0, 0, 0, 0, 0, 0, 0, 0, 0, 0, 0, 0.33803, 0.33367, 
0.32863, 0.32526, 0.32882, 0.33891, 0.3249, 0.3311, 0.33789, 
0.34281, 0.33145, 0.34347, 0.33975, 0.33269, 0.32524, 0.33446, 
0.34172, 0.33624, 0.33252, 0.33386, 0.33867, 0.32719, 0.8249, 
0.9907, 1.1884, 1.3382, 1.537, 1.7851, 2.0221, 2.26, 2.5366, 
2.8377, 3.1341, 1300.2, 1433.2, 1562.6, 1698.4, 1827.4, 1959.3, 
2088.6, 2220.6, 2349.4, 2481.8, 2608.1, 1, 1, 1, 1, 1, 1, 1, 
1, 1, 1, 1, 1, 1, 1, 1, 1, 1, 1, 1, 1, 1, 1, 1, 1, 1, 1, 1, 1, 
1, 1, 1, 1, 1, 1, 1, 1, 1, 1, 1, 1, 1, 1, 1, 1, 12.561, 13.491, 
16.177, 17.632, 19.784, 21.903, 24.257, 26.779, 29.701, 33.074, 
37.221), .Dim = c(11L, 40L), .Dimnames = list(NULL, c("Sampling", 
"PSO.cost", "PSO.gamma", "PSO.data.balancing", "PSO.feature.selection", 
"PSO.valid.acc", "PSO.test.acc", "PSO.train.time", "PSO.n.support.vectors", 
"PSO.index", "PSO.n.solutions", "PSO.generations", "PSO.n.evaluations", 
"PSO.cpu.time", "RS.cost", "RS.gamma", "RS.data.balancing", "RS.feature.selection", 
"RS.valid.acc", "RS.test.acc", "RS.train.time", "RS.n.support.vectors", 
"RS.index", "RS.n.solutions", "RS.generations", "RS.n.evaluations", 
"RS.cpu.time", "DF.cost", "DF.gamma", "DF.data.balancing", "DF.feature.selection", 
"DF.valid.acc", "DF.test.acc", "DF.train.time", "DF.n.support.vectors", 
"DF.index", "DF.n.solutions", "DF.generations", "DF.n.evaluations", 
"DF.cpu.time")))
