full <-
structure(c(50, 55, 60, 65, 70, 75, 80, 85, 90, 95, 100, -2, 
9.68259, 11.40025, 15, 5.42142, 12.64513, 7.35294, -0.2805, 14.98714, 
-0.91955, 2.85166, -1.9382, -7.75009, -5.12334, -7.08164, -4.65507, 
-7.57569, -4.81746, -0.55745, -7.99713, -1.77978, -3.45896, 0, 
0, 0, 0, 0, 0, 0, 0, 0, 0, 0, 0, 0, 0, 0, 0, 0, 0, 0, 0, 0, 0, 
0.34845, 0.35291, 0.34887, 0.34394, 0.3492, 0.33806, 0.34611, 
0.34456, 0.34297, 0.3438, 0.34023, 0.3327, 0.34578, 0.32308, 
0.33047, 0.33228, 0.33644, 0.32903, 0.33672, 0.32443, 0.3396, 
0.32929, 0.8363, 1.4194, 5.7617, 22.0064, 1.7305, 5.8545, 2.7208, 
2.3729, 24.3956, 2.8768, 3.1458, 1310.9, 1431.7, 1538.6, 1672.3, 
1819.7, 1947.1, 2070.3, 2195.6, 2329.1, 2474.2, 2601.3, 346, 
2034, 1407, 1622, 617, 1733, 2343, 2048, 1892, 1538, 2259, 546, 
1, 45, 1, 54, 1, 1, 9, 2, 51, 1, 100, 100, 100, 100, 100, 100, 
100, 100, 100, 100, 100, 2500, 2500, 2500, 2500, 2500, 2500, 
2500, 2500, 2500, 2500, 2500, 31536.67, 59687.658, 171077.682, 
423551.983, 57233.22, 156400.289, 139937.269, 75316.456, 256856.546, 
88450.0150000001, 94364.6629999997, -0.43857, 9.56865, 12.56205, 
14.38503, 5.58966, 11.21379, 8.3554, -0.30744, 1.86931, -0.59736, 
2.58927, -4.92385, -7.7025, -5.53033, -6.9263, -4.72999, -7.0735, 
-5.25174, -0.77297, -2.52958, -2.56863, -3.31297, 0, 0, 0, 0, 
0, 0, 0, 0, 0, 0, 0, 0, 0, 0, 0, 0, 0, 0, 0, 0, 0, 0, 0.34542, 
0.35235, 0.34483, 0.34213, 0.34615, 0.33643, 0.34384, 0.34205, 
0.343, 0.34189, 0.33902, 0.33695, 0.34742, 0.3256, 0.33048, 0.33185, 
0.33563, 0.33168, 0.34029, 0.33188, 0.33995, 0.32837, 0.8153, 
1.4033, 9.5332, 15.849, 1.7385, 3.8939, 3.0091, 2.2553, 2.5632, 
2.88, 3.2431, 1311.6, 1431.7, 1538.9, 1674.2, 1819.9, 1947.2, 
2070.6, 2198.2, 2334.1, 2477.9, 2601.5, 1032, 1735, 1982, 2391, 
237, 1875, 1264, 1683, 1354, 2365, 162, 1, 1, 1, 1, 2, 1, 1, 
1, 1, 1, 1, 100, 100, 100, 100, 100, 100, 100, 100, 100, 100, 
100, 2500, 2500, 2500, 2500, 2500, 2500, 2500, 2500, 2500, 2500, 
2500, 64711.159, 77454.057, 88326.268, 108021.154, 125689.265, 
141432.2, 154331.619, 183676.534, 211467.746, 213450.575, 256712.226, 
1, 1, 1, 1, 1, 1, 1, 1, 1, 1, 1, 0.125, 0.125, 0.125, 0.125, 
0.125, 0.125, 0.125, 0.125, 0.125, 0.125, 0.125, 0, 0, 0, 0, 
0, 0, 0, 0, 0, 0, 0, 0, 0, 0, 0, 0, 0, 0, 0, 0, 0, 0, 0.34115, 
0.33527, 0.31903, 0.32575, 0.33143, 0.32835, 0.32565, 0.33134, 
0.33794, 0.33837, 0.33261, 0.33693, 0.34249, 0.32305, 0.32719, 
0.33143, 0.31742, 0.32829, 0.3324, 0.32917, 0.33897, 0.33173, 
0.8192, 0.9579, 1.2025, 1.3603, 1.5572, 1.7988, 2.0548, 2.3032, 
2.5414, 2.8893, 3.1624, 1302.6, 1433.8, 1565.6, 1696.2, 1826.3, 
1956.3, 2083.5, 2214.7, 2341.2, 2477.6, 2607.8, 1, 1, 1, 1, 1, 
1, 1, 1, 1, 1, 1, 1, 1, 1, 1, 1, 1, 1, 1, 1, 1, 1, 1, 1, 1, 1, 
1, 1, 1, 1, 1, 1, 1, 1, 1, 1, 1, 1, 1, 1, 1, 1, 1, 1, 12.097, 
13.161, 15.561, 17.798, 19.834, 22.292, 24.744, 27.391, 29.966, 
33.846, 37.084), .Dim = c(11L, 40L), .Dimnames = list(NULL, c("Sampling", 
"PSO.cost", "PSO.gamma", "PSO.data.balancing", "PSO.feature.selection", 
"PSO.valid.acc", "PSO.test.acc", "PSO.train.time", "PSO.n.support.vectors", 
"PSO.index", "PSO.n.solutions", "PSO.generations", "PSO.n.evaluations", 
"PSO.cpu.time", "RS.cost", "RS.gamma", "RS.data.balancing", "RS.feature.selection", 
"RS.valid.acc", "RS.test.acc", "RS.train.time", "RS.n.support.vectors", 
"RS.index", "RS.n.solutions", "RS.generations", "RS.n.evaluations", 
"RS.cpu.time", "DF.cost", "DF.gamma", "DF.data.balancing", "DF.feature.selection", 
"DF.valid.acc", "DF.test.acc", "DF.train.time", "DF.n.support.vectors", 
"DF.index", "DF.n.solutions", "DF.generations", "DF.n.evaluations", 
"DF.cpu.time")))
