full <-
structure(c(50, 55, 60, 65, 70, 75, 80, 85, 90, 95, 100, -0.82798, 
-1.91572, -0.11388, -0.74075, -1.14484, -0.77345, -1.99065, -1.961, 
-1.29289, 1.91625, 9.35748, -4.34577, -2.98849, -4.19105, -4.55253, 
-3.34383, -5.72062, -4.52381, -5.00391, -3.44516, -2.96722, -4.71771, 
0, 0, 0, 0, 0, 0, 0, 0, 0, 0, 0, 0, 0, 0, 0, 0, 0, 0, 0, 0, 0, 
0, 0.3381, 0.32767, 0.33254, 0.33599, 0.33529, 0.33562, 0.34, 
0.33073, 0.3315, 0.33831, 0.34355, 0.33631, 0.32164, 0.32393, 
0.33551, 0.32051, 0.32992, 0.33166, 0.33037, 0.32544, 0.32523, 
0.33625, 0.8177, 0.9923, 1.1609, 1.3124, 1.5612, 1.6954, 1.9816, 
2.2604, 2.3948, 2.8905, 6.192, 1309.7, 1440.3, 1569, 1700, 1826.6, 
1971.6, 2104.9, 2239.6, 2361.8, 2474.4, 2587.4, 1058, 1737, 1546, 
1230, 988, 1112, 1644, 1969, 2223, 2265, 1400, 112, 9, 12, 26, 
40, 37, 15, 6, 207, 2, 8, 100, 100, 100, 100, 100, 100, 100, 
100, 100, 100, 100, 2500, 2500, 2500, 2500, 2500, 2500, 2500, 
2500, 2500, 2500, 2500, 30373.766, 38713.735, 39229.502, 44552.538, 
55077.269, 59895.5060000001, 66622.103, 69425.4649999999, 79474.8799999999, 
104051.002, 269132.871, -1.37376, -1.52049, -1.78377, -0.22689, 
-1.01106, -0.80044, -1.25573, -0.50725, -0.15166, 2.05644, 3.22272, 
-4.17983, -3.15386, -3.87479, -4.62942, -3.35456, -5.64115, -4.60739, 
-5.17968, -3.75481, -3.02039, -3.91008, 0, 0, 0, 0, 0, 0, 0, 
0, 0, 0, 0, 0, 0, 0, 0, 0, 0, 0, 0, 0, 0, 0, 0.33568, 0.32546, 
0.33054, 0.33412, 0.33528, 0.33278, 0.33773, 0.32928, 0.32882, 
0.33672, 0.34111, 0.33509, 0.32162, 0.32851, 0.33362, 0.31964, 
0.33073, 0.33506, 0.32574, 0.32207, 0.32619, 0.33625, 0.8358, 
0.9925, 1.1934, 1.3396, 1.5058, 1.7539, 1.9728, 2.2557, 2.4597, 
2.8816, 3.2102, 1311.8, 1438.2, 1575.2, 1697.8, 1825.9, 1971.3, 
2101.4, 2233.4, 2357.4, 2474.1, 2604.3, 250, 1642, 403, 2414, 
567, 1671, 2015, 1494, 1439, 7, 1520, 1, 1, 1, 1, 1, 1, 1, 1, 
1, 2, 1, 100, 100, 100, 100, 100, 100, 100, 100, 100, 100, 100, 
2500, 2500, 2500, 2500, 2500, 2500, 2500, 2500, 2500, 2500, 2500, 
61135.178, 74558.689, 85317.931, 96535.803, 116608.105, 136716.094, 
160835.618, 173357.275, 187091.075, 235980.572, 232077.792, 1, 
1, 1, 1, 1, 1, 1, 1, 1, 1, 1, 0.125, 0.125, 0.125, 0.125, 0.125, 
0.125, 0.125, 0.125, 0.125, 0.125, 0.125, 0, 0, 0, 0, 0, 0, 0, 
0, 0, 0, 0, 0, 0, 0, 0, 0, 0, 0, 0, 0, 0, 0, 0.33137, 0.30006, 
0.31832, 0.32006, 0.32055, 0.32306, 0.32297, 0.31648, 0.32071, 
0.33129, 0.332, 0.32963, 0.30393, 0.31326, 0.32381, 0.31708, 
0.32508, 0.32485, 0.31929, 0.31736, 0.32522, 0.33414, 0.8345, 
0.9969, 1.1377, 1.288, 1.494, 1.7743, 1.903, 2.2183, 2.4733, 
2.7247, 3.0324, 1300.3, 1430.7, 1561.9, 1688.4, 1819.3, 1952.8, 
2087.4, 2219.4, 2352.5, 2479.7, 2608.4, 1, 1, 1, 1, 1, 1, 1, 
1, 1, 1, 1, 1, 1, 1, 1, 1, 1, 1, 1, 1, 1, 1, 1, 1, 1, 1, 1, 1, 
1, 1, 1, 1, 1, 1, 1, 1, 1, 1, 1, 1, 1, 1, 1, 1, 11.862, 13.602, 
14.722, 16.225, 18.481, 21.545, 22.681, 26.149, 28.853, 31.541, 
35.056), .Dim = c(11L, 40L), .Dimnames = list(NULL, c("Sampling", 
"PSO.cost", "PSO.gamma", "PSO.data.balancing", "PSO.feature.selection", 
"PSO.valid.acc", "PSO.test.acc", "PSO.train.time", "PSO.n.support.vectors", 
"PSO.index", "PSO.n.solutions", "PSO.generations", "PSO.n.evaluations", 
"PSO.cpu.time", "RS.cost", "RS.gamma", "RS.data.balancing", "RS.feature.selection", 
"RS.valid.acc", "RS.test.acc", "RS.train.time", "RS.n.support.vectors", 
"RS.index", "RS.n.solutions", "RS.generations", "RS.n.evaluations", 
"RS.cpu.time", "DF.cost", "DF.gamma", "DF.data.balancing", "DF.feature.selection", 
"DF.valid.acc", "DF.test.acc", "DF.train.time", "DF.n.support.vectors", 
"DF.index", "DF.n.solutions", "DF.generations", "DF.n.evaluations", 
"DF.cpu.time")))
