full <-
structure(c(50, 55, 60, 65, 70, 75, 80, 85, 90, 95, 100, 15, 
3.4465, 10.93806, 7.9533, 7.98579, 8.69105, 11.00607, 1.95028, 
2.46579, 2.74261, 9.91912, -9.97208, -4.29056, -6.56528, -6.44006, 
-6.41333, -5.14059, -6.59711, -3.51153, -3.78498, -4.79358, -5.1408, 
0, 0, 0, 0, 0, 0, 0, 0, 0, 0, 0, 0, 0, 0, 0, 0, 0, 0, 0, 0, 0, 
0, 0.34951, 0.34143, 0.33976, 0.34436, 0.34396, 0.34942, 0.34764, 
0.34638, 0.34501, 0.34668, 0.34479, 0.32706, 0.33091, 0.33061, 
0.32946, 0.33573, 0.34413, 0.33663, 0.33527, 0.344, 0.33649, 
0.33025, 2.9796, 1.0427, 2.6761, 1.6105, 1.8387, 2.7898, 4.5464, 
2.1797, 2.5562, 2.8684, 7.1259, 1304.4, 1435.2, 1556.4, 1694.7, 
1822.5, 1937.9, 2072.6, 2208.5, 2336.3, 2478.9, 2587.4, 1652, 
1650, 1672, 1984, 1185, 1900, 1353, 2010, 941, 1469, 2039, 1, 
1, 8, 26, 6, 1, 5, 2, 219, 13, 5, 100, 100, 100, 100, 100, 100, 
100, 100, 100, 100, 100, 2500, 2500, 2500, 2500, 2500, 2500, 
2500, 2500, 2500, 2500, 2500, 74477.523, 38801.397, 105835.941, 
58542.172, 69038.139, 110858.656, 160335.386, 93031.459, 81590.5589999999, 
86850.9169999999, 280996.633, 13.35556, 1.03647, 11.71225, 7.64202, 
7.59874, 8.63986, 11.39002, 3.76461, 2.57938, 1.76104, 1.11882, 
-9.06151, -2.86425, -6.70381, -6.26097, -6.20632, -5.12804, -6.77944, 
-3.13418, -3.88731, -4.24867, -2.36887, 0, 0, 0, 0, 0, 0, 0, 
0, 0, 0, 0, 0, 0, 0, 0, 0, 0, 0, 0, 0, 0, 0, 0.34528, 0.33922, 
0.33723, 0.34296, 0.34179, 0.34861, 0.34575, 0.34463, 0.34333, 
0.34762, 0.34508, 0.32645, 0.33478, 0.33062, 0.32573, 0.33312, 
0.34373, 0.33473, 0.33102, 0.34299, 0.3384, 0.33598, 2.1301, 
1.0303, 3.4823, 1.5757, 1.8058, 2.7243, 4.7851, 2.4039, 2.5714, 
2.8449, 3.1571, 1303, 1436.2, 1555.3, 1694.5, 1822.4, 1937.8, 
2072.6, 2196.2, 2336.8, 2478.3, 2598.7, 2346, 157, 1043, 995, 
2477, 1203, 1224, 1701, 795, 2222, 2386, 1, 1, 1, 1, 1, 1, 1, 
1, 1, 1, 1, 100, 100, 100, 100, 100, 100, 100, 100, 100, 100, 
100, 2500, 2500, 2500, 2500, 2500, 2500, 2500, 2500, 2500, 2500, 
2500, 59457.022, 73632.874, 92878.703, 99688.7449999999, 113837.397, 
133405.083, 158294.147, 172209.698, 188142.645, 221132.888, 232334.958, 
1, 1, 1, 1, 1, 1, 1, 1, 1, 1, 1, 0.125, 0.125, 0.125, 0.125, 
0.125, 0.125, 0.125, 0.125, 0.125, 0.125, 0.125, 0, 0, 0, 0, 
0, 0, 0, 0, 0, 0, 0, 0, 0, 0, 0, 0, 0, 0, 0, 0, 0, 0, 0.33673, 
0.3315, 0.32561, 0.32761, 0.33444, 0.33279, 0.33627, 0.3378, 
0.34097, 0.33935, 0.33324, 0.3246, 0.3337, 0.32454, 0.33088, 
0.33355, 0.33202, 0.34309, 0.33634, 0.34267, 0.34031, 0.33568, 
0.7963, 0.974, 1.1847, 1.3703, 1.4879, 1.7648, 1.9284, 2.2622, 
2.4529, 2.7988, 3.1567, 1313.2, 1441.1, 1569, 1702.4, 1830.1, 
1957.5, 2088, 2212.9, 2341.4, 2477.3, 2607.6, 1, 1, 1, 1, 1, 
1, 1, 1, 1, 1, 1, 1, 1, 1, 1, 1, 1, 1, 1, 1, 1, 1, 1, 1, 1, 1, 
1, 1, 1, 1, 1, 1, 1, 1, 1, 1, 1, 1, 1, 1, 1, 1, 1, 1, 11.045, 
13.012, 15.125, 17.29, 18.202, 21.42, 22.943, 26.678, 28.684, 
32.528, 36.486), .Dim = c(11L, 40L), .Dimnames = list(NULL, c("Sampling", 
"PSO.cost", "PSO.gamma", "PSO.data.balancing", "PSO.feature.selection", 
"PSO.valid.acc", "PSO.test.acc", "PSO.train.time", "PSO.n.support.vectors", 
"PSO.index", "PSO.n.solutions", "PSO.generations", "PSO.n.evaluations", 
"PSO.cpu.time", "RS.cost", "RS.gamma", "RS.data.balancing", "RS.feature.selection", 
"RS.valid.acc", "RS.test.acc", "RS.train.time", "RS.n.support.vectors", 
"RS.index", "RS.n.solutions", "RS.generations", "RS.n.evaluations", 
"RS.cpu.time", "DF.cost", "DF.gamma", "DF.data.balancing", "DF.feature.selection", 
"DF.valid.acc", "DF.test.acc", "DF.train.time", "DF.n.support.vectors", 
"DF.index", "DF.n.solutions", "DF.generations", "DF.n.evaluations", 
"DF.cpu.time")))
