full <-
structure(c(50, 55, 60, 65, 70, 75, 80, 85, 90, 95, 100, 8.20402, 
2.27014, 11.72135, -0.78241, 3.29362, -0.06656, 1.96, 0.40909, 
8.05841, 0.63687, -0.98214, -4.28989, -3.62084, -6.00049, -2.31474, 
-4.30649, -2.60352, -4.09633, -2.33793, -5.90673, -0.5739, -1.35208, 
0, 0, 0, 0, 0, 0, 0, 0, 0, 0, 0, 0, 0, 0, 0, 0, 0, 0, 0, 0, 0, 
0, 0.34477, 0.34757, 0.34183, 0.34291, 0.34662, 0.34571, 0.3476, 
0.34643, 0.34301, 0.34251, 0.34261, 0.33497, 0.33596, 0.31654, 
0.33265, 0.33142, 0.3388, 0.34494, 0.3432, 0.34128, 0.33709, 
0.33776, 1.4152, 1.0336, 4.5816, 1.3735, 1.6196, 1.7628, 1.9558, 
2.1747, 3.1973, 2.9042, 3.0793, 1277.9, 1433.7, 1538.2, 1699, 
1823.2, 1959.8, 2088.1, 2215, 2341.7, 2449.1, 2602.5, 1598, 1003, 
860, 2141, 1518, 2441, 1267, 881, 1775, 1084, 1692, 38, 9, 5, 
32, 15, 2, 21, 137, 4, 45, 34, 100, 100, 100, 100, 100, 100, 
100, 100, 100, 100, 100, 2500, 2500, 2500, 2500, 2500, 2500, 
2500, 2500, 2500, 2500, 2500, 55252.396, 37924.754, 120264.181, 
64781.275, 71511.4820000001, 57479.3960000001, 63599.7170000001, 
69256.581, 111752.43, 101426.168, 93929.9610000001, 7.25727, 
3.59637, 14.93325, -0.7022, 4.20496, 0.56247, 2.02134, 0.35679, 
6.02464, 0.01263, 0.36911, -4.08203, -5.50417, -7.51553, -2.35582, 
-4.67546, -3.13074, -4.27799, -2.63041, -5.24895, 0.20414, -2.73877, 
0, 0, 0, 0, 0, 0, 0, 0, 0, 0, 0, 0, 0, 0, 0, 0, 0, 0, 0, 0, 0, 
0, 0.34167, 0.34533, 0.34032, 0.34197, 0.34533, 0.34407, 0.34532, 
0.3443, 0.34199, 0.34315, 0.34081, 0.34166, 0.33869, 0.31705, 
0.33219, 0.33272, 0.3396, 0.34532, 0.34143, 0.34094, 0.3339, 
0.33654, 1.1766, 0.9907, 14.6821, 1.3416, 1.6413, 1.7768, 2.0168, 
2.2245, 2.82, 3.0772, 3.0075, 1280.4, 1439.1, 1539.3, 1698.6, 
1822.5, 1959.4, 2088.7, 2216.3, 2342.4, 2456.1, 2606.4, 1207, 
1112, 10, 2086, 124, 1471, 477, 2296, 256, 650, 858, 1, 1, 1, 
1, 1, 1, 1, 1, 1, 1, 1, 100, 100, 100, 100, 100, 100, 100, 100, 
100, 100, 100, 2500, 2500, 2500, 2500, 2500, 2500, 2500, 2500, 
2500, 2500, 2500, 57696.998, 74806.893, 83054.764, 104361.945, 
116817.471, 135658.882, 150031.54, 167094.456, 198529.918, 232932.889, 
251015.374, 1, 1, 1, 1, 1, 1, 1, 1, 1, 1, 1, 0.125, 0.125, 0.125, 
0.125, 0.125, 0.125, 0.125, 0.125, 0.125, 0.125, 0.125, 0, 0, 
0, 0, 0, 0, 0, 0, 0, 0, 0, 0, 0, 0, 0, 0, 0, 0, 0, 0, 0, 0, 0.32348, 
0.33656, 0.32965, 0.33777, 0.33709, 0.34083, 0.34001, 0.33963, 
0.33253, 0.33484, 0.33625, 0.32474, 0.3415, 0.32563, 0.33404, 
0.33318, 0.33798, 0.34455, 0.33466, 0.33487, 0.33131, 0.33745, 
0.8348, 1.0161, 1.2195, 1.3475, 1.5017, 1.7365, 2.0207, 2.2507, 
2.5416, 2.7935, 3.0215, 1304.9, 1439.2, 1567.4, 1698.5, 1828.7, 
1960, 2088.5, 2220.3, 2348.3, 2481.7, 2609, 1, 1, 1, 1, 1, 1, 
1, 1, 1, 1, 1, 1, 1, 1, 1, 1, 1, 1, 1, 1, 1, 1, 1, 1, 1, 1, 1, 
1, 1, 1, 1, 1, 1, 1, 1, 1, 1, 1, 1, 1, 1, 1, 1, 1, 11.694, 13.529, 
15.419, 16.846, 18.372, 21.055, 24.081, 26.534, 29.86, 32.386, 
34.821), .Dim = c(11L, 40L), .Dimnames = list(NULL, c("Sampling", 
"PSO.cost", "PSO.gamma", "PSO.data.balancing", "PSO.feature.selection", 
"PSO.valid.acc", "PSO.test.acc", "PSO.train.time", "PSO.n.support.vectors", 
"PSO.index", "PSO.n.solutions", "PSO.generations", "PSO.n.evaluations", 
"PSO.cpu.time", "RS.cost", "RS.gamma", "RS.data.balancing", "RS.feature.selection", 
"RS.valid.acc", "RS.test.acc", "RS.train.time", "RS.n.support.vectors", 
"RS.index", "RS.n.solutions", "RS.generations", "RS.n.evaluations", 
"RS.cpu.time", "DF.cost", "DF.gamma", "DF.data.balancing", "DF.feature.selection", 
"DF.valid.acc", "DF.test.acc", "DF.train.time", "DF.n.support.vectors", 
"DF.index", "DF.n.solutions", "DF.generations", "DF.n.evaluations", 
"DF.cpu.time")))
