full <-
structure(c(50, 55, 60, 65, 70, 75, 80, 85, 90, 95, 100, 8.57218, 
3.06256, 7.94821, 0.74751, -0.59627, -1.23491, -2, 0.44641, 2.02518, 
12.22181, 12.23172, -5.6654, -1.7354, -5.57826, -1.48323, 0.25961, 
-4.95295, -3.83988, -1.46316, -2.99352, -7.57473, -5.73098, 0, 
0, 0, 0, 0, 0, 0, 0, 0, 0, 0, 0, 0, 0, 0, 0, 0, 0, 0, 0, 0, 0, 
0.35384, 0.35291, 0.34772, 0.34577, 0.34919, 0.34472, 0.34157, 
0.33996, 0.3369, 0.34626, 0.34232, 0.33676, 0.34472, 0.33559, 
0.33643, 0.33571, 0.33661, 0.33209, 0.32566, 0.33759, 0.33892, 
0.32804, 1.1555, 1.065, 1.4489, 1.303, 1.567, 1.6884, 1.9237, 
2.2564, 2.4696, 6.8994, 16.1373, 1291.5, 1409, 1556.1, 1682.1, 
1813.4, 1975.4, 2104.2, 2205.4, 2341.6, 2473.4, 2585.1, 1438, 
984, 434, 1912, 1704, 760, 335, 2280, 1407, 1085, 2011, 5, 74, 
69, 4, 19, 91, 31, 2, 28, 1, 2, 100, 100, 100, 100, 100, 100, 
100, 100, 100, 100, 100, 2500, 2500, 2500, 2500, 2500, 2500, 
2500, 2500, 2500, 2500, 2500, 45973.74, 43273.109, 53294.231, 
44995.298, 149791.479, 53395.5299999999, 60975.005, 83475.2079999999, 
91234.1969999999, 216726.833, 372983.818, 8.78177, 3.70403, 8.77067, 
0.89799, -0.24952, -0.81911, 0.1166, 0.71314, 2.24596, 11.55379, 
10.32004, -5.7699, -2.3609, -5.99009, -2.07973, 0.14597, -5.15469, 
-1.03036, -1.66671, -3.42189, -7.32509, -4.98675, 0, 0, 0, 0, 
0, 0, 0, 0, 0, 0, 0, 0, 0, 0, 0, 0, 0, 0, 0, 0, 0, 0, 0.3508, 
0.34795, 0.34519, 0.34391, 0.34485, 0.3427, 0.34042, 0.33818, 
0.33488, 0.34435, 0.33958, 0.33676, 0.34309, 0.33157, 0.34344, 
0.34136, 0.33743, 0.32829, 0.3253, 0.33154, 0.33925, 0.32377, 
1.2076, 1.0694, 1.638, 1.3681, 1.6487, 1.7509, 1.9687, 2.1995, 
2.4793, 5.9018, 8.5184, 1291.2, 1412.4, 1556.8, 1685.6, 1808.4, 
1974.7, 2067.9, 2207, 2343.2, 2473.6, 2586.4, 1700, 471, 110, 
2293, 2378, 764, 2364, 74, 476, 837, 101, 1, 1, 1, 1, 1, 1, 1, 
1, 1, 1, 1, 100, 100, 100, 100, 100, 100, 100, 100, 100, 100, 
100, 2500, 2500, 2500, 2500, 2500, 2500, 2500, 2500, 2500, 2500, 
2500, 62530.378, 71772.175, 81139.188, 98740.723, 117644.879, 
135859.337, 151821.417, 169525.984, 208807.899, 219952.914, 258081.595, 
1, 1, 1, 1, 1, 1, 1, 1, 1, 1, 1, 0.125, 0.125, 0.125, 0.125, 
0.125, 0.125, 0.125, 0.125, 0.125, 0.125, 0.125, 0, 0, 0, 0, 
0, 0, 0, 0, 0, 0, 0, 0, 0, 0, 0, 0, 0, 0, 0, 0, 0, 0, 0.33437, 
0.33155, 0.33404, 0.32993, 0.33706, 0.33742, 0.33286, 0.32496, 
0.32647, 0.3351, 0.33079, 0.3356, 0.33764, 0.32698, 0.3346, 0.34442, 
0.33622, 0.33134, 0.32747, 0.32985, 0.33443, 0.33594, 0.8356, 
0.9498, 1.134, 1.3318, 1.4515, 1.7367, 2.0009, 2.2101, 2.4748, 
2.7455, 3.0732, 1301.2, 1431.4, 1562.5, 1695.7, 1827.6, 1958.7, 
2086.4, 2220.2, 2347.2, 2480.8, 2608.6, 1, 1, 1, 1, 1, 1, 1, 
1, 1, 1, 1, 1, 1, 1, 1, 1, 1, 1, 1, 1, 1, 1, 1, 1, 1, 1, 1, 1, 
1, 1, 1, 1, 1, 1, 1, 1, 1, 1, 1, 1, 1, 1, 1, 1, 11.65, 12.674, 
14.549, 16.719, 17.802, 21.011, 23.818, 26.06, 28.897, 31.988, 
35.523), .Dim = c(11L, 40L), .Dimnames = list(NULL, c("Sampling", 
"PSO.cost", "PSO.gamma", "PSO.data.balancing", "PSO.feature.selection", 
"PSO.valid.acc", "PSO.test.acc", "PSO.train.time", "PSO.n.support.vectors", 
"PSO.index", "PSO.n.solutions", "PSO.generations", "PSO.n.evaluations", 
"PSO.cpu.time", "RS.cost", "RS.gamma", "RS.data.balancing", "RS.feature.selection", 
"RS.valid.acc", "RS.test.acc", "RS.train.time", "RS.n.support.vectors", 
"RS.index", "RS.n.solutions", "RS.generations", "RS.n.evaluations", 
"RS.cpu.time", "DF.cost", "DF.gamma", "DF.data.balancing", "DF.feature.selection", 
"DF.valid.acc", "DF.test.acc", "DF.train.time", "DF.n.support.vectors", 
"DF.index", "DF.n.solutions", "DF.generations", "DF.n.evaluations", 
"DF.cpu.time")))
