full <-
structure(c(50, 55, 60, 65, 70, 75, 80, 85, 90, 95, 100, 14.68614, 
5.24171, 0.06655, 1.1071, 1.31389, 7.65025, 14.82213, 14.86557, 
3.10798, -0.07922, 0.48684, -7.50692, -2.20584, -0.84978, -2.22039, 
-2.20851, -3.84597, -7.02355, -6.01672, -1.23571, -0.57419, -0.74928, 
0, 0, 0, 0, 0, 0, 0, 0, 0, 0, 0, 0, 0, 0, 0, 0, 0, 0, 0, 0, 0, 
0, 0.92141, 0.9151, 0.92106, 0.92143, 0.92351, 0.91877, 0.92157, 
0.91958, 0.9199, 0.92283, 0.91696, 0.91277, 0.91176, 0.91282, 
0.92049, 0.91645, 0.91218, 0.9177, 0.91524, 0.91377, 0.91829, 
0.91575, 0.82, 0.0975, 0.0964, 0.0973, 0.1082, 0.2607, 2.8521, 
4.2735, 0.1925, 0.1941, 0.2083, 112.1, 140.5, 188.9, 165.3, 177.1, 
172.6, 168.1, 181.6, 239, 281.7, 289.4, 327, 1002, 1413, 287, 
1487, 415, 1364, 1019, 631, 558, 476, 550, 43, 91, 136, 70, 131, 
21, 70, 145, 441, 356, 100, 100, 100, 100, 100, 100, 100, 100, 
100, 100, 100, 2500, 2500, 2500, 2500, 2500, 2500, 2500, 2500, 
2500, 2500, 2500, 24173.28, 12267.53, 12211.176, 14246.375, 12246.5, 
17088.309, 35152.357, 69582.642, 12479.705, 13578.122, 12642.104, 
14.45053, 5.81756, 1.04079, 14.37789, 1.94402, 3.90404, 12.44957, 
13.57163, 1.21222, -0.25208, 0.24748, -7.31647, -2.77378, -1.4007, 
-6.32433, -2.589, -2.10996, -6.40252, -5.52437, -0.06557, -0.26927, 
-0.76419, 0, 0, 0, 0, 0, 0, 0, 0, 0, 0, 0, 0, 0, 0, 0, 0, 0, 
0, 0, 0, 0, 0, 0.92018, 0.91399, 0.919, 0.92143, 0.92176, 0.91877, 
0.9208, 0.91885, 0.91855, 0.92153, 0.91636, 0.91277, 0.914, 0.91487, 
0.9186, 0.91645, 0.90974, 0.9169, 0.91597, 0.91514, 0.91829, 
0.91514, 0.7486, 0.1059, 0.0945, 1.6425, 0.1109, 0.1568, 1.1118, 
2.3975, 0.1975, 0.197, 0.2078, 113.1, 135.7, 174.5, 140.3, 165.1, 
185.5, 171.1, 185.9, 292.9, 297, 289.1, 525, 930, 1413, 2272, 
1628, 1823, 19, 3, 1999, 902, 2392, 2, 4, 1, 1, 1, 2, 2, 2, 2, 
1, 1, 100, 100, 100, 100, 100, 100, 100, 100, 100, 100, 100, 
2500, 2500, 2500, 2500, 2500, 2500, 2500, 2500, 2500, 2500, 2500, 
10621.268, 13597.567, 14070.586, 14491.049, 15510.051, 16510.059, 
17445.677, 15716.903, 16785.81, 17617.995, 17832.344, 1, 1, 1, 
1, 1, 1, 1, 1, 1, 1, 1, 0.33333, 0.33333, 0.33333, 0.33333, 0.33333, 
0.33333, 0.33333, 0.33333, 0.33333, 0.33333, 0.33333, 0, 0, 0, 
0, 0, 0, 0, 0, 0, 0, 0, 0, 0, 0, 0, 0, 0, 0, 0, 0, 0, 0, 0.91647, 
0.90835, 0.91181, 0.91858, 0.91912, 0.91462, 0.91386, 0.9174, 
0.91581, 0.91959, 0.91207, 0.91644, 0.91286, 0.90973, 0.91954, 
0.91381, 0.91467, 0.91382, 0.91597, 0.9172, 0.91765, 0.91147, 
0.0667, 0.0768, 0.0883, 0.0954, 0.1062, 0.123, 0.1315, 0.1452, 
0.1576, 0.1722, 0.1809, 142.8, 159.3, 169.2, 176.7, 188.5, 202.8, 
215.2, 224.2, 235.8, 242, 256.3, 1, 1, 1, 1, 1, 1, 1, 1, 1, 1, 
1, 1, 1, 1, 1, 1, 1, 1, 1, 1, 1, 1, 1, 1, 1, 1, 1, 1, 1, 1, 1, 
1, 1, 1, 1, 1, 1, 1, 1, 1, 1, 1, 1, 1, 4.559, 4.667, 4.571, 4.717, 
4.697, 4.841, 4.685, 4.154, 4.332, 4.398, 4.353), .Dim = c(11L, 
40L), .Dimnames = list(NULL, c("Sampling", "PSO.cost", "PSO.gamma", 
"PSO.data.balancing", "PSO.feature.selection", "PSO.valid.acc", 
"PSO.test.acc", "PSO.train.time", "PSO.n.support.vectors", "PSO.index", 
"PSO.n.solutions", "PSO.generations", "PSO.n.evaluations", "PSO.cpu.time", 
"RS.cost", "RS.gamma", "RS.data.balancing", "RS.feature.selection", 
"RS.valid.acc", "RS.test.acc", "RS.train.time", "RS.n.support.vectors", 
"RS.index", "RS.n.solutions", "RS.generations", "RS.n.evaluations", 
"RS.cpu.time", "DF.cost", "DF.gamma", "DF.data.balancing", "DF.feature.selection", 
"DF.valid.acc", "DF.test.acc", "DF.train.time", "DF.n.support.vectors", 
"DF.index", "DF.n.solutions", "DF.generations", "DF.n.evaluations", 
"DF.cpu.time")))
