full <-
structure(c(50, 55, 60, 65, 70, 75, 80, 85, 90, 95, 100, 7.71806, 
9.0812, 6.60448, 6.85465, 2.57842, 5.5701, 15, 1.43022, 0.19285, 
0.02624, 10.34418, -5.7036, -6.15814, -3.27274, -3.59371, -0.94281, 
-3.97952, -6.16335, -1.56174, -0.26409, -0.5701, -4.24366, 0, 
0, 0, 0, 0, 0, 0, 0, 0, 0, 0, 0, 0, 0, 0, 0, 0, 0, 0, 0, 0, 0, 
0.9176, 0.91839, 0.91802, 0.91391, 0.91473, 0.91788, 0.92, 0.92103, 
0.92201, 0.91961, 0.91574, 0.90899, 0.91501, 0.91288, 0.91202, 
0.9121, 0.91215, 0.91691, 0.91669, 0.92065, 0.9157, 0.91393, 
0.0657, 0.0875, 0.1233, 0.1473, 0.1085, 0.1469, 2.9594, 0.147, 
0.1699, 0.18, 0.8596, 99.8, 106.4, 142.5, 150.7, 191.7, 164.2, 
166.4, 217.4, 277.6, 282, 219.1, 293, 140, 1929, 896, 2050, 172, 
664, 1011, 2176, 1643, 1274, 49, 319, 10, 28, 1, 157, 3, 265, 
3, 78, 100, 100, 100, 100, 100, 100, 100, 100, 100, 100, 100, 
100, 2500, 2500, 2500, 2500, 2500, 2500, 2500, 2500, 2500, 2500, 
2500, 9873.107, 9179.998, 16728.557, 11032.631, 12381.573, 12256.242, 
26390.23, 10049.008, 18044.278, 12894.882, 23441.244, -0.07803, 
9.20178, 6.24931, 8.4702, 0.56696, 2.63582, 12.99168, 1.33641, 
-0.16341, -0.43551, 1.76004, 0.0824, -6.2217, -3.19932, -3.92324, 
1.20468, -2.28111, -7.11232, -1.71288, -0.27254, -0.58469, -2.54598, 
0, 0, 0, 0, 0, 0, 0, 0, 0, 0, 0, 0, 0, 0, 0, 0, 0, 0, 0, 0, 0, 
0, 0.91763, 0.91839, 0.91801, 0.91292, 0.91472, 0.91788, 0.91923, 
0.92031, 0.92201, 0.91703, 0.91514, 0.91024, 0.91501, 0.91288, 
0.91014, 0.91033, 0.91215, 0.91536, 0.91596, 0.91927, 0.91634, 
0.91207, 0.0807, 0.0929, 0.1128, 0.201, 0.1813, 0.1211, 0.8379, 
0.1469, 0.1714, 0.1781, 0.1895, 199.9, 106.1, 142.5, 152.3, 350.6, 
179.6, 160.6, 219.7, 276.6, 280.3, 235.5, 2087, 285, 918, 241, 
1772, 1623, 219, 505, 2090, 34, 619, 1, 5, 1, 3, 1, 2, 6, 1, 
1, 1, 1, 100, 100, 100, 100, 100, 100, 100, 100, 100, 100, 100, 
2500, 2500, 2500, 2500, 2500, 2500, 2500, 2500, 2500, 2500, 2500, 
8483.291, 8897.21, 9389.18, 10606.274, 11145.732, 12042.411, 
13069.924, 14101.411, 14607.105, 15482.258, 17605.481, 1, 1, 
1, 1, 1, 1, 1, 1, 1, 1, 1, 0.33333, 0.33333, 0.33333, 0.33333, 
0.33333, 0.33333, 0.33333, 0.33333, 0.33333, 0.33333, 0.33333, 
0, 0, 0, 0, 0, 0, 0, 0, 0, 0, 0, 0, 0, 0, 0, 0, 0, 0, 0, 0, 0, 
0, 0.91025, 0.91503, 0.91287, 0.90912, 0.90502, 0.91216, 0.91614, 
0.91885, 0.91859, 0.91442, 0.91207, 0.91024, 0.91278, 0.9139, 
0.90914, 0.91032, 0.91215, 0.91845, 0.91668, 0.92204, 0.9144, 
0.91207, 0.0572, 0.0595, 0.0764, 0.0863, 0.0989, 0.1077, 0.1127, 
0.1372, 0.1401, 0.1588, 0.1771, 139.1, 150.3, 166.8, 181.6, 184.1, 
199.5, 205.3, 217.4, 225.6, 244.2, 259.8, 1, 1, 1, 1, 1, 1, 1, 
1, 1, 1, 1, 1, 1, 1, 1, 1, 1, 1, 1, 1, 1, 1, 1, 1, 1, 1, 1, 1, 
1, 1, 1, 1, 1, 1, 1, 1, 1, 1, 1, 1, 1, 1, 1, 1, 3.068, 2.809, 
3.24, 3.194, 3.525, 3.439, 3.405, 3.92, 3.715, 3.98, 4.135), .Dim = c(11L, 
40L), .Dimnames = list(NULL, c("Sampling", "PSO.cost", "PSO.gamma", 
"PSO.data.balancing", "PSO.feature.selection", "PSO.valid.acc", 
"PSO.test.acc", "PSO.train.time", "PSO.n.support.vectors", "PSO.index", 
"PSO.n.solutions", "PSO.generations", "PSO.n.evaluations", "PSO.cpu.time", 
"RS.cost", "RS.gamma", "RS.data.balancing", "RS.feature.selection", 
"RS.valid.acc", "RS.test.acc", "RS.train.time", "RS.n.support.vectors", 
"RS.index", "RS.n.solutions", "RS.generations", "RS.n.evaluations", 
"RS.cpu.time", "DF.cost", "DF.gamma", "DF.data.balancing", "DF.feature.selection", 
"DF.valid.acc", "DF.test.acc", "DF.train.time", "DF.n.support.vectors", 
"DF.index", "DF.n.solutions", "DF.generations", "DF.n.evaluations", 
"DF.cpu.time")))
