full <-
structure(c(50, 55, 60, 65, 70, 75, 80, 85, 90, 95, 100, 4.85236, 
1.32231, 0.56135, 0.51339, 0.14095, 11.10865, 15, 3.23985, 1.14393, 
5.29063, -0.2929, -6.98778, -1.77716, -0.58546, -3.36773, 0.20357, 
-3.83191, -6.85799, -2.91281, -2.50184, -1.60876, -0.4363, 0, 
0, 0, 0, 0, 0, 0, 0, 0, 0, 0, 0, 0, 0, 0, 0, 0, 0, 0, 0, 0, 0, 
0.91032, 0.91165, 0.9159, 0.91102, 0.91473, 0.91131, 0.91298, 
0.91385, 0.91514, 0.91508, 0.91884, 0.90291, 0.90831, 0.90873, 
0.90724, 0.90943, 0.90804, 0.90606, 0.90876, 0.91035, 0.90988, 
0.91761, 0.0577, 0.0674, 0.0827, 0.0736, 0.116, 0.6167, 2.1966, 
0.1545, 0.1405, 0.2237, 0.1985, 127.5, 152.2, 189.8, 152.4, 248.7, 
179.5, 175.4, 199.6, 218.3, 237.5, 302.5, 488, 1876, 621, 263, 
440, 2380, 151, 329, 2290, 1520, 553, 116, 14, 24, 87, 92, 1, 
82, 66, 1, 9, 74, 100, 100, 100, 100, 100, 100, 100, 100, 100, 
100, 100, 2500, 2500, 2500, 2500, 2500, 2500, 2500, 2500, 2500, 
2500, 2500, 8009.514, 16290.99, 8360.267, 9308.34499999999, 12181.92, 
15682.225, 38738.899, 15922.788, 18146.281, 35648.636, 20662.735, 
3.43328, 1.57927, 10.6766, 12.94291, 0.14672, 9.9674, 0.52079, 
0.82276, 10.09636, 5.40772, -0.44617, -5.93746, -1.96426, -8.48549, 
-6.73136, 0.34021, -3.47851, -1.45617, 0.51394, -3.02674, -1.64615, 
-0.13326, 0, 0, 0, 0, 0, 0, 0, 0, 0, 0, 0, 0, 0, 0, 0, 0, 0, 
0, 0, 0, 0, 0, 0.91032, 0.91165, 0.91492, 0.91194, 0.91473, 0.91048, 
0.913, 0.91381, 0.91376, 0.91508, 0.92007, 0.90291, 0.90943, 
0.90674, 0.90439, 0.90855, 0.90721, 0.90761, 0.9138, 0.90622, 
0.90923, 0.91762, 0.05, 0.0683, 0.097, 0.6475, 0.118, 0.4182, 
0.1183, 0.1677, 0.6539, 0.2346, 0.2007, 119.1, 147.6, 114.2, 
143.2, 258.7, 183, 221.4, 310.7, 218.4, 238.2, 316.5, 680, 2210, 
2385, 1665, 1701, 1321, 980, 99, 884, 1135, 2323, 2, 1, 1, 1, 
1, 1, 1, 1, 1, 1, 1, 100, 100, 100, 100, 100, 100, 100, 100, 
100, 100, 100, 2500, 2500, 2500, 2500, 2500, 2500, 2500, 2500, 
2500, 2500, 2500, 8278.689, 8992.542, 9207.03, 10694.538, 10971.093, 
12027.549, 12363.416, 13562.626, 14906.809, 15632.119, 16059.526, 
1, 1, 1, 1, 1, 1, 1, 1, 1, 1, 1, 0.33333, 0.33333, 0.33333, 0.33333, 
0.33333, 0.33333, 0.33333, 0.33333, 0.33333, 0.33333, 0.33333, 
0, 0, 0, 0, 0, 0, 0, 0, 0, 0, 0, 0, 0, 0, 0, 0, 0, 0, 0, 0, 0, 
0, 0.90546, 0.90936, 0.91184, 0.90629, 0.91295, 0.90475, 0.90913, 
0.90949, 0.9124, 0.90857, 0.91516, 0.90665, 0.90943, 0.90567, 
0.90909, 0.91206, 0.90557, 0.91146, 0.90803, 0.90898, 0.91247, 
0.91699, 0.0535, 0.0618, 0.0695, 0.0856, 0.089, 0.1016, 0.1136, 
0.13, 0.1365, 0.1534, 0.1674, 145.2, 156.4, 162.1, 181.7, 190, 
204.9, 213.3, 223.4, 234.3, 250.8, 255.4, 1, 1, 1, 1, 1, 1, 1, 
1, 1, 1, 1, 1, 1, 1, 1, 1, 1, 1, 1, 1, 1, 1, 1, 1, 1, 1, 1, 1, 
1, 1, 1, 1, 1, 1, 1, 1, 1, 1, 1, 1, 1, 1, 1, 1, 2.811, 2.765, 
3.027, 3.316, 3.368, 3.159, 3.45, 3.907, 3.857, 3.744, 4.005), .Dim = c(11L, 
40L), .Dimnames = list(NULL, c("Sampling", "PSO.cost", "PSO.gamma", 
"PSO.data.balancing", "PSO.feature.selection", "PSO.valid.acc", 
"PSO.test.acc", "PSO.train.time", "PSO.n.support.vectors", "PSO.index", 
"PSO.n.solutions", "PSO.generations", "PSO.n.evaluations", "PSO.cpu.time", 
"RS.cost", "RS.gamma", "RS.data.balancing", "RS.feature.selection", 
"RS.valid.acc", "RS.test.acc", "RS.train.time", "RS.n.support.vectors", 
"RS.index", "RS.n.solutions", "RS.generations", "RS.n.evaluations", 
"RS.cpu.time", "DF.cost", "DF.gamma", "DF.data.balancing", "DF.feature.selection", 
"DF.valid.acc", "DF.test.acc", "DF.train.time", "DF.n.support.vectors", 
"DF.index", "DF.n.solutions", "DF.generations", "DF.n.evaluations", 
"DF.cpu.time")))
