full <-
structure(c(50, 55, 60, 65, 70, 75, 80, 85, 90, 95, 100, 0.51828, 
1.13693, 9.911, 2.50173, 7.86074, 8.71528, -0.51843, 14.98653, 
0.58072, 11.59845, 12.18618, -0.35149, -0.90938, -4.45797, -1.13627, 
-4.4827, -4.24603, -0.74675, -5.31591, -0.47094, -4.2954, -4.33267, 
0, 0, 0, 0, 0, 0, 0, 0, 0, 0, 0, 0, 0, 0, 0, 0, 0, 0, 0, 0, 0, 
0, 0.92272, 0.91846, 0.91605, 0.91673, 0.91472, 0.91873, 0.91303, 
0.9167, 0.9165, 0.91895, 0.91886, 0.92025, 0.91283, 0.91295, 
0.91296, 0.90946, 0.91709, 0.90918, 0.9109, 0.91376, 0.91504, 
0.91579, 0.0714, 0.0801, 0.2731, 0.1123, 0.2231, 0.3185, 0.1548, 
5.6783, 0.1877, 1.4138, 1.9418, 171.3, 169.8, 142.7, 189.3, 161.9, 
175.5, 261.1, 198.8, 283.3, 214.2, 221.8, 1125, 238, 232, 1743, 
409, 495, 1080, 1776, 1055, 1473, 1642, 39, 68, 209, 35, 139, 
107, 36, 1, 40, 6, 14, 100, 100, 100, 100, 100, 100, 100, 100, 
100, 100, 100, 2500, 2500, 2500, 2500, 2500, 2500, 2500, 2500, 
2500, 2500, 2500, 15596.615, 11980.965, 16534.317, 11551.039, 
13939.4, 16429.479, 23597.318, 50496.502, 13904.7830000001, 43913.844, 
52748.497, 0.33868, 1.08488, 10.63869, 2.87651, 7.80698, 8.65033, 
-0.21305, 4.80108, 0.57852, 11.84787, 14.83939, -0.11457, -0.85991, 
-4.76126, -1.40728, -4.46309, -4.19846, -0.7052, -1.29239, -0.48195, 
-4.41259, -5.19663, 0, 0, 0, 0, 0, 0, 0, 0, 0, 0, 0, 0, 0, 0, 
0, 0, 0, 0, 0, 0, 0, 0, 0.92272, 0.91846, 0.91605, 0.9158, 0.91472, 
0.91791, 0.91227, 0.91525, 0.91581, 0.91831, 0.91824, 0.92025, 
0.91283, 0.91295, 0.91201, 0.90946, 0.91709, 0.90917, 0.90801, 
0.91308, 0.9144, 0.91518, 0.0739, 0.0816, 0.3339, 0.1136, 0.2269, 
0.3145, 0.1651, 0.2045, 0.1947, 1.5769, 6.0228, 184.2, 172.1, 
139.2, 180.1, 162, 174.6, 263.3, 232.6, 282.9, 212.9, 218.1, 
117, 2011, 1965, 742, 1538, 808, 449, 651, 1529, 1673, 1346, 
1, 1, 1, 2, 2, 2, 1, 2, 2, 2, 2, 100, 100, 100, 100, 100, 100, 
100, 100, 100, 100, 100, 2500, 2500, 2500, 2500, 2500, 2500, 
2500, 2500, 2500, 2500, 2500, 10236.977, 11026.737, 11390.738, 
12492.169, 12970.117, 14752.798, 17727.36, 16015.504, 18102.596, 
19920.603, 20124.717, 1, 1, 1, 1, 1, 1, 1, 1, 1, 1, 1, 0.33333, 
0.33333, 0.33333, 0.33333, 0.33333, 0.33333, 0.33333, 0.33333, 
0.33333, 0.33333, 0.33333, 0, 0, 0, 0, 0, 0, 0, 0, 0, 0, 0, 0, 
0, 0, 0, 0, 0, 0, 0, 0, 0, 0, 0.91778, 0.91062, 0.91192, 0.91009, 
0.91032, 0.90969, 0.90919, 0.91379, 0.91513, 0.91441, 0.9164, 
0.919, 0.91059, 0.91288, 0.91107, 0.9121, 0.90969, 0.90764, 0.91307, 
0.91171, 0.91311, 0.91455, 0.0648, 0.0763, 0.0868, 0.0992, 0.1114, 
0.1182, 0.145, 0.1473, 0.1601, 0.1812, 0.1931, 148.7, 161.9, 
173.3, 188.8, 194.3, 210.1, 229.3, 233.1, 240.5, 246.9, 254.6, 
1, 1, 1, 1, 1, 1, 1, 1, 1, 1, 1, 1, 1, 1, 1, 1, 1, 1, 1, 1, 1, 
1, 1, 1, 1, 1, 1, 1, 1, 1, 1, 1, 1, 1, 1, 1, 1, 1, 1, 1, 1, 1, 
1, 1, 3.444, 3.541, 3.597, 3.797, 3.891, 3.832, 4.977, 4.131, 
4.934, 5.422, 5.412), .Dim = c(11L, 40L), .Dimnames = list(NULL, 
    c("Sampling", "PSO.cost", "PSO.gamma", "PSO.data.balancing", 
    "PSO.feature.selection", "PSO.valid.acc", "PSO.test.acc", 
    "PSO.train.time", "PSO.n.support.vectors", "PSO.index", "PSO.n.solutions", 
    "PSO.generations", "PSO.n.evaluations", "PSO.cpu.time", "RS.cost", 
    "RS.gamma", "RS.data.balancing", "RS.feature.selection", 
    "RS.valid.acc", "RS.test.acc", "RS.train.time", "RS.n.support.vectors", 
    "RS.index", "RS.n.solutions", "RS.generations", "RS.n.evaluations", 
    "RS.cpu.time", "DF.cost", "DF.gamma", "DF.data.balancing", 
    "DF.feature.selection", "DF.valid.acc", "DF.test.acc", "DF.train.time", 
    "DF.n.support.vectors", "DF.index", "DF.n.solutions", "DF.generations", 
    "DF.n.evaluations", "DF.cpu.time")))
