full <-
structure(c(50, 55, 60, 65, 70, 75, 80, 85, 90, 95, 100, 8.3024, 
1.19521, 8.72066, 15, 15, 1.29435, 4.04905, 10.10043, 3.75695, 
11.7344, 12.82978, -3.60398, -2.70863, -12.53179, -5.21259, -7.36693, 
-2.29047, -7.5051, -13.03069, -2.76798, -4.62716, -5.29864, 0, 
0, 0, 0, 0, 0, 0, 0, 0, 0, 0, 0, 0, 0, 0, 0, 0, 0, 0, 0, 0, 0, 
0.91781, 0.91846, 0.91191, 0.91855, 0.92263, 0.91877, 0.91537, 
0.91674, 0.91859, 0.92218, 0.91885, 0.90557, 0.91505, 0.91088, 
0.90907, 0.91823, 0.91466, 0.91305, 0.91382, 0.91515, 0.91699, 
0.91578, 0.0918, 0.0445, 0.0622, 2.5338, 1.4684, 0.0816, 0.0988, 
0.1647, 0.135, 0.9622, 1.6714, 129.5, 134.9, 151, 155.2, 147.5, 
192.2, 270.6, 230.6, 211.3, 203.6, 213.9, 553, 985, 779, 459, 
292, 491, 462, 154, 80, 271, 352, 57, 52, 15, 787, 235, 165, 
226, 136, 223, 115, 36, 100, 100, 100, 100, 100, 100, 100, 100, 
100, 100, 100, 2500, 2500, 2500, 2500, 2500, 2500, 2500, 2500, 
2500, 2500, 2500, 10206.805, 8824.976, 8939.375, 57925.988, 25073.829, 
10533.124, 12266.679, 12786.162, 13913.656, 29509.28, 47089.841, 
9.45694, 0.5645, 1.64737, 14.75825, 12.42911, 1.0572, 14.34626, 
7.00618, 4.90482, 10.36121, 10.54979, -3.57436, -1.89949, -2.97744, 
-5.07894, -6.40265, -2.17711, -5.23537, -10.00974, -3.31783, 
-4.09432, -4.00052, 0, 0, 0, 0, 0, 0, 0, 0, 0, 0, 0, 0, 0, 0, 
0, 0, 0, 0, 0, 0, 0, 0, 0.9166, 0.91733, 0.91291, 0.91761, 0.92263, 
0.91877, 0.91538, 0.91674, 0.91859, 0.92218, 0.91884, 0.9092, 
0.91618, 0.90981, 0.90813, 0.91735, 0.91549, 0.91383, 0.91382, 
0.91447, 0.91764, 0.91516, 0.1384, 0.0486, 0.0516, 2.5878, 0.5412, 
0.0825, 2.3267, 0.121, 0.1474, 0.5853, 0.7226, 133.1, 149, 144.3, 
156.3, 151.3, 195.3, 181.8, 252.3, 205.4, 207.4, 221.7, 120, 
1302, 1304, 215, 30, 2376, 1630, 149, 137, 2021, 293, 3, 2, 3, 
1, 5, 1, 1, 5, 3, 1, 1, 100, 100, 100, 100, 100, 100, 100, 100, 
100, 100, 100, 2500, 2500, 2500, 2500, 2500, 2500, 2500, 2500, 
2500, 2500, 2500, 8941.958, 8711.849, 9612.41899999999, 12459.097, 
12794.822, 13911.37, 14911.002, 15515.738, 15823.802, 16213.599, 
16558.132, 1, 1, 1, 1, 1, 1, 1, 1, 1, 1, 1, 0.33333, 0.33333, 
0.33333, 0.33333, 0.33333, 0.33333, 0.33333, 0.33333, 0.33333, 
0.33333, 0.33333, 0, 0, 0, 0, 0, 0, 0, 0, 0, 0, 0, 0, 0, 0, 0, 
0, 0, 0, 0, 0, 0, 0, 0.90918, 0.91506, 0.91083, 0.91194, 0.91734, 
0.91546, 0.9123, 0.91309, 0.91515, 0.91765, 0.91575, 0.91046, 
0.91394, 0.91084, 0.9138, 0.91826, 0.913, 0.9146, 0.91309, 0.91653, 
0.91699, 0.91883, 0.0423, 0.0477, 0.057, 0.066, 0.0715, 0.0828, 
0.0914, 0.0989, 0.1114, 0.1149, 0.126, 146.5, 154.5, 172, 187.5, 
194.1, 213, 222.5, 230.7, 249, 244.8, 257.3, 1, 1, 1, 1, 1, 1, 
1, 1, 1, 1, 1, 1, 1, 1, 1, 1, 1, 1, 1, 1, 1, 1, 1, 1, 1, 1, 1, 
1, 1, 1, 1, 1, 1, 1, 1, 1, 1, 1, 1, 1, 1, 1, 1, 1, 3.187, 2.967, 
4.071, 4.119, 3.953, 4.08, 4.295, 4.233, 4.378, 4.289, 4.438), .Dim = c(11L, 
40L), .Dimnames = list(NULL, c("Sampling", "PSO.cost", "PSO.gamma", 
"PSO.data.balancing", "PSO.feature.selection", "PSO.valid.acc", 
"PSO.test.acc", "PSO.train.time", "PSO.n.support.vectors", "PSO.index", 
"PSO.n.solutions", "PSO.generations", "PSO.n.evaluations", "PSO.cpu.time", 
"RS.cost", "RS.gamma", "RS.data.balancing", "RS.feature.selection", 
"RS.valid.acc", "RS.test.acc", "RS.train.time", "RS.n.support.vectors", 
"RS.index", "RS.n.solutions", "RS.generations", "RS.n.evaluations", 
"RS.cpu.time", "DF.cost", "DF.gamma", "DF.data.balancing", "DF.feature.selection", 
"DF.valid.acc", "DF.test.acc", "DF.train.time", "DF.n.support.vectors", 
"DF.index", "DF.n.solutions", "DF.generations", "DF.n.evaluations", 
"DF.cpu.time")))
