full <-
structure(c(50, 55, 60, 65, 70, 75, 80, 85, 90, 95, 100, 4.02351, 
12.61614, 13.17331, 9.86173, 0.45196, 12.42796, 12.54969, -0.11518, 
10.05768, 14.7596, -0.46955, -5.07714, -14.00561, -5.16262, -3.87657, 
-0.05024, -4.48266, -4.02141, 0.03048, -4.28225, -5.72724, -0.23947, 
0, 0, 0, 0, 0, 0, 0, 0, 0, 0, 0, 0, 0, 0, 0, 0, 0, 0, 0, 0, 0, 
0, 0.92371, 0.9218, 0.92003, 0.92518, 0.92527, 0.91714, 0.91845, 
0.91596, 0.91581, 0.91508, 0.91946, 0.92252, 0.92182, 0.91699, 
0.92233, 0.9244, 0.91633, 0.91227, 0.91451, 0.91171, 0.91186, 
0.91699, 0.0723, 0.1881, 1.4746, 0.3567, 0.1235, 1.3523, 1.5891, 
0.1725, 0.6877, 5.0348, 0.208, 116.1, 117.2, 142.8, 150.3, 239.7, 
177.5, 197.2, 297.2, 206.3, 206.3, 315.1, 214, 2049, 2339, 806, 
760, 816, 1092, 2202, 975, 546, 2022, 144, 3, 1, 165, 37, 55, 
15, 1, 23, 126, 9, 100, 100, 100, 100, 100, 100, 100, 100, 100, 
100, 100, 2500, 2500, 2500, 2500, 2500, 2500, 2500, 2500, 2500, 
2500, 2500, 9723.075, 12313.421, 14869.054, 19469.917, 11441.143, 
28950.198, 46603.551, 11760.557, 27444.984, 78323.675, 19427.219, 
14.22973, 12.30003, 12.54327, 9.42808, 1.59961, 11.27986, 13.58119, 
-0.12464, 10.97012, 12.58599, 0.99665, -13.44689, -13.70433, 
-5.0163, -3.86336, -0.70479, -4.89978, -4.51146, -0.0328, -4.55649, 
-5.12624, -0.17257, 0, 0, 0, 0, 0, 0, 0, 0, 0, 0, 0, 0, 0, 0, 
0, 0, 0, 0, 0, 0, 0, 0, 0.92371, 0.9218, 0.92105, 0.92518, 0.9244, 
0.91713, 0.91766, 0.91523, 0.91513, 0.91508, 0.91825, 0.9225, 
0.92182, 0.91596, 0.92234, 0.92001, 0.91468, 0.91304, 0.91451, 
0.91239, 0.91186, 0.91455, 0.2053, 0.1905, 1.0555, 0.3004, 0.118, 
0.6806, 2.6674, 0.1813, 0.9691, 1.8876, 0.2215, 94.7, 124.4, 
143.5, 148.2, 205, 169.4, 193.9, 294.6, 205.1, 208.6, 312.2, 
115, 270, 2078, 1170, 777, 1310, 38, 1136, 1112, 789, 2381, 28, 
10, 1, 1, 4, 1, 1, 1, 1, 2, 1, 100, 100, 100, 100, 100, 100, 
100, 100, 100, 100, 100, 2500, 2500, 2500, 2500, 2500, 2500, 
2500, 2500, 2500, 2500, 2500, 10357.912, 12183.815, 13217.254, 
13447.188, 14380.632, 14396.456, 15316.907, 15650.876, 16476.263, 
17581.814, 17725.604, 1, 1, 1, 1, 1, 1, 1, 1, 1, 1, 1, 0.33333, 
0.33333, 0.33333, 0.33333, 0.33333, 0.33333, 0.33333, 0.33333, 
0.33333, 0.33333, 0.33333, 0, 0, 0, 0, 0, 0, 0, 0, 0, 0, 0, 0, 
0, 0, 0, 0, 0, 0, 0, 0, 0, 0, 0.92127, 0.91847, 0.91696, 0.91952, 
0.91999, 0.91302, 0.91073, 0.9109, 0.91169, 0.91119, 0.91516, 
0.91883, 0.91847, 0.91593, 0.91952, 0.9191, 0.91222, 0.91227, 
0.91163, 0.91238, 0.91185, 0.917, 0.0638, 0.0775, 0.0886, 0.0957, 
0.1072, 0.1256, 0.1366, 0.1485, 0.1547, 0.1719, 0.1878, 146.1, 
166.2, 174.5, 180.9, 194.8, 212.2, 229.9, 237.4, 246.4, 253.4, 
259.8, 1, 1, 1, 1, 1, 1, 1, 1, 1, 1, 1, 1, 1, 1, 1, 1, 1, 1, 
1, 1, 1, 1, 1, 1, 1, 1, 1, 1, 1, 1, 1, 1, 1, 1, 1, 1, 1, 1, 1, 
1, 1, 1, 1, 1, 3.419, 3.633, 4.039, 3.787, 3.792, 3.833, 3.913, 
4.04, 3.926, 4.147, 4.421), .Dim = c(11L, 40L), .Dimnames = list(
    NULL, c("Sampling", "PSO.cost", "PSO.gamma", "PSO.data.balancing", 
    "PSO.feature.selection", "PSO.valid.acc", "PSO.test.acc", 
    "PSO.train.time", "PSO.n.support.vectors", "PSO.index", "PSO.n.solutions", 
    "PSO.generations", "PSO.n.evaluations", "PSO.cpu.time", "RS.cost", 
    "RS.gamma", "RS.data.balancing", "RS.feature.selection", 
    "RS.valid.acc", "RS.test.acc", "RS.train.time", "RS.n.support.vectors", 
    "RS.index", "RS.n.solutions", "RS.generations", "RS.n.evaluations", 
    "RS.cpu.time", "DF.cost", "DF.gamma", "DF.data.balancing", 
    "DF.feature.selection", "DF.valid.acc", "DF.test.acc", "DF.train.time", 
    "DF.n.support.vectors", "DF.index", "DF.n.solutions", "DF.generations", 
    "DF.n.evaluations", "DF.cpu.time")))
