full <-
structure(c(50, 55, 60, 65, 70, 75, 80, 85, 90, 95, 100, 6.54166, 
6.9053, 10.85397, 1.29002, 3.02015, 9.28181, 15, 0.30069, 14.62661, 
12.02078, 1.03575, -6.61457, -3.16528, -7.3362, -2.7257, -2.90849, 
-8.94771, -6.37471, -0.37876, -6.20544, -4.2208, -1.91247, 0, 
0, 0, 0, 0, 0, 0, 0, 0, 0, 0, 0, 0, 0, 0, 0, 0, 0, 0, 0, 0, 0, 
0.91054, 0.91388, 0.91696, 0.91668, 0.91555, 0.91384, 0.9161, 
0.91742, 0.92129, 0.92219, 0.91884, 0.90805, 0.91168, 0.91182, 
0.90913, 0.91028, 0.9089, 0.91533, 0.91525, 0.91718, 0.91504, 
0.91576, 0.0775, 0.1341, 0.2472, 0.0989, 0.1249, 0.3093, 4.3837, 
0.1737, 3.6624, 1.6172, 0.2022, 111.2, 138.7, 124, 159.7, 164.9, 
235.9, 178, 271.5, 189, 211.9, 245.9, 116, 569, 127, 2, 1831, 
248, 238, 386, 1843, 330, 1309, 145, 56, 59, 240, 9, 169, 129, 
93, 7, 193, 53, 100, 100, 100, 100, 100, 100, 100, 100, 100, 
100, 100, 2500, 2500, 2500, 2500, 2500, 2500, 2500, 2500, 2500, 
2500, 2500, 9897.495, 23680.557, 17614.674, 21596.541, 20080.238, 
16034.384, 74273.286, 13199.988, 42177.7, 41868.671, 22070.491, 
6.95194, 6.38554, 11.43765, 14.72649, 3.20712, 13.53412, 9.48282, 
0.03888, 14.65028, 12.04729, 1.09891, -6.87552, -2.99886, -7.67247, 
-9.36661, -2.85797, -11.12801, -5.62347, -0.16054, -6.1979, -4.18182, 
-1.96416, 0, 0, 0, 0, 0, 0, 0, 0, 0, 0, 0, 0, 0, 0, 0, 0, 0, 
0, 0, 0, 0, 0, 0.91054, 0.91388, 0.91696, 0.91668, 0.91468, 0.91384, 
0.91533, 0.91742, 0.92129, 0.92153, 0.91884, 0.90805, 0.91168, 
0.91182, 0.91197, 0.90852, 0.9089, 0.91303, 0.91453, 0.91718, 
0.91569, 0.91576, 0.0799, 0.1256, 0.2947, 0.7493, 0.1296, 0.4124, 
0.4439, 0.1843, 3.5985, 1.6993, 0.1934, 113.3, 139, 125.2, 125.1, 
167.7, 143, 171.2, 281.8, 188.5, 212, 244.3, 56, 547, 811, 340, 
898, 438, 818, 1383, 863, 2321, 875, 3, 3, 3, 9, 1, 11, 9, 1, 
1, 1, 2, 100, 100, 100, 100, 100, 100, 100, 100, 100, 100, 100, 
2500, 2500, 2500, 2500, 2500, 2500, 2500, 2500, 2500, 2500, 2500, 
10830.335, 11348.049, 11958.422, 12917.288, 12852.998, 14796.784, 
15129.782, 15865.95, 15506.785, 16139.603, 17444.006, 1, 1, 1, 
1, 1, 1, 1, 1, 1, 1, 1, 0.33333, 0.33333, 0.33333, 0.33333, 0.33333, 
0.33333, 0.33333, 0.33333, 0.33333, 0.33333, 0.33333, 0, 0, 0, 
0, 0, 0, 0, 0, 0, 0, 0, 0, 0, 0, 0, 0, 0, 0, 0, 0, 0, 0, 0.90796, 
0.90832, 0.91078, 0.91288, 0.91118, 0.91133, 0.91148, 0.91523, 
0.91515, 0.91052, 0.91698, 0.90921, 0.90834, 0.91077, 0.91099, 
0.90854, 0.91132, 0.9092, 0.91452, 0.91511, 0.9144, 0.91392, 
0.0686, 0.0779, 0.0861, 0.0984, 0.1103, 0.1268, 0.1365, 0.1442, 
0.1525, 0.17, 0.1939, 154.6, 163.3, 172.7, 184.3, 196.1, 214.6, 
223.5, 230.8, 233.7, 244.1, 257.2, 1, 1, 1, 1, 1, 1, 1, 1, 1, 
1, 1, 1, 1, 1, 1, 1, 1, 1, 1, 1, 1, 1, 1, 1, 1, 1, 1, 1, 1, 1, 
1, 1, 1, 1, 1, 1, 1, 1, 1, 1, 1, 1, 1, 1, 3.703, 3.486, 3.657, 
3.601, 3.69, 3.715, 3.661, 3.748, 3.832, 3.958, 4.424), .Dim = c(11L, 
40L), .Dimnames = list(NULL, c("Sampling", "PSO.cost", "PSO.gamma", 
"PSO.data.balancing", "PSO.feature.selection", "PSO.valid.acc", 
"PSO.test.acc", "PSO.train.time", "PSO.n.support.vectors", "PSO.index", 
"PSO.n.solutions", "PSO.generations", "PSO.n.evaluations", "PSO.cpu.time", 
"RS.cost", "RS.gamma", "RS.data.balancing", "RS.feature.selection", 
"RS.valid.acc", "RS.test.acc", "RS.train.time", "RS.n.support.vectors", 
"RS.index", "RS.n.solutions", "RS.generations", "RS.n.evaluations", 
"RS.cpu.time", "DF.cost", "DF.gamma", "DF.data.balancing", "DF.feature.selection", 
"DF.valid.acc", "DF.test.acc", "DF.train.time", "DF.n.support.vectors", 
"DF.index", "DF.n.solutions", "DF.generations", "DF.n.evaluations", 
"DF.cpu.time")))
