full <-
structure(c(50, 55, 60, 65, 70, 75, 80, 85, 90, 95, 100, 14.04336, 
-1.09572, -0.18142, -0.09522, 2.67149, 4.78495, 10.38941, 15, 
0.5962, 0.48812, 0.09121, -5.04984, -0.8304, -0.67948, -1.38908, 
-0.89765, -4.15115, -6.88217, -12.58261, 1.18483, -1.03168, -1.35571, 
0, 0, 0, 0, 0, 0, 0, 0, 0, 0, 0, 0, 0, 0, 0, 0, 0, 0, 0, 0, 0, 
0, 0.91776, 0.91278, 0.91184, 0.91576, 0.91915, 0.91708, 0.91459, 
0.91451, 0.91857, 0.91965, 0.92007, 0.9079, 0.90722, 0.91084, 
0.91293, 0.91741, 0.91709, 0.9092, 0.91089, 0.9165, 0.91769, 
0.91824, 0.7238, 0.0712, 0.089, 0.0925, 0.1189, 0.138, 0.286, 
0.3101, 0.2658, 0.1873, 0.196, 116.5, 170.5, 192.4, 181.7, 198.4, 
158.2, 154.4, 150.1, 414.8, 268.5, 269.3, 44, 191, 203, 2291, 
464, 484, 323, 474, 269, 691, 1665, 233, 1003, 117, 1, 223, 143, 
437, 82, 105, 198, 9, 100, 100, 100, 100, 100, 100, 100, 100, 
100, 100, 100, 2500, 2500, 2500, 2500, 2500, 2500, 2500, 2500, 
2500, 2500, 2500, 19271.708, 8109.108, 8511.567, 8939.318, 9416.436, 
17330.772, 16213.604, 14394.117, 11700.048, 16436.3, 12263.559, 
12.84808, -1.00808, 0.10794, 2.39258, 2.47066, 6.82461, 10.80795, 
1.33976, 3.38739, -0.02845, 5.04417, -4.62686, -0.73518, -0.49179, 
-4.73635, -0.76739, -5.09091, -7.02035, -3.79719, -3.99043, -0.47127, 
-2.62364, 0, 0, 0, 0, 0, 0, 0, 0, 0, 0, 0, 0, 0, 0, 0, 0, 0, 
0, 0, 0, 0, 0, 0.91776, 0.91278, 0.91082, 0.9148, 0.91915, 0.91707, 
0.91459, 0.91451, 0.91787, 0.91965, 0.91885, 0.9079, 0.91167, 
0.90982, 0.91103, 0.91741, 0.91709, 0.9092, 0.90943, 0.91788, 
0.91704, 0.91577, 0.4255, 0.0732, 0.0918, 0.0747, 0.118, 0.1671, 
0.3192, 0.1164, 0.1617, 0.197, 0.2699, 118.3, 172.8, 199.9, 136.6, 
203.1, 155.5, 153.9, 181.1, 187.5, 285.4, 233.1, 40, 655, 455, 
56, 525, 69, 343, 2322, 167, 121, 976, 8, 1, 1, 6, 1, 2, 2, 2, 
6, 2, 1, 100, 100, 100, 100, 100, 100, 100, 100, 100, 100, 100, 
2500, 2500, 2500, 2500, 2500, 2500, 2500, 2500, 2500, 2500, 2500, 
8725.816, 9140.744, 10160.871, 10911.132, 11439.568, 12066.263, 
13009.783, 14021.525, 15484.281, 15824.225, 17634.428, 1, 1, 
1, 1, 1, 1, 1, 1, 1, 1, 1, 0.33333, 0.33333, 0.33333, 0.33333, 
0.33333, 0.33333, 0.33333, 0.33333, 0.33333, 0.33333, 0.33333, 
0, 0, 0, 0, 0, 0, 0, 0, 0, 0, 0, 0, 0, 0, 0, 0, 0, 0, 0, 0, 0, 
0, 0.91037, 0.90831, 0.90878, 0.91481, 0.9148, 0.91384, 0.9092, 
0.91232, 0.91785, 0.9125, 0.91761, 0.90912, 0.90941, 0.90879, 
0.91387, 0.91303, 0.91466, 0.91075, 0.91017, 0.91717, 0.91508, 
0.91762, 0.0561, 0.0681, 0.0818, 0.0918, 0.1013, 0.1105, 0.1229, 
0.1363, 0.1521, 0.1612, 0.189, 137.4, 153.1, 171.3, 178.5, 185, 
196.4, 208.1, 219.7, 231.6, 237.8, 262, 1, 1, 1, 1, 1, 1, 1, 
1, 1, 1, 1, 1, 1, 1, 1, 1, 1, 1, 1, 1, 1, 1, 1, 1, 1, 1, 1, 1, 
1, 1, 1, 1, 1, 1, 1, 1, 1, 1, 1, 1, 1, 1, 1, 1, 3.019, 3.068, 
3.256, 3.331, 3.475, 3.674, 3.721, 3.817, 4.011, 4.064, 4.425
), .Dim = c(11L, 40L), .Dimnames = list(NULL, c("Sampling", "PSO.cost", 
"PSO.gamma", "PSO.data.balancing", "PSO.feature.selection", "PSO.valid.acc", 
"PSO.test.acc", "PSO.train.time", "PSO.n.support.vectors", "PSO.index", 
"PSO.n.solutions", "PSO.generations", "PSO.n.evaluations", "PSO.cpu.time", 
"RS.cost", "RS.gamma", "RS.data.balancing", "RS.feature.selection", 
"RS.valid.acc", "RS.test.acc", "RS.train.time", "RS.n.support.vectors", 
"RS.index", "RS.n.solutions", "RS.generations", "RS.n.evaluations", 
"RS.cpu.time", "DF.cost", "DF.gamma", "DF.data.balancing", "DF.feature.selection", 
"DF.valid.acc", "DF.test.acc", "DF.train.time", "DF.n.support.vectors", 
"DF.index", "DF.n.solutions", "DF.generations", "DF.n.evaluations", 
"DF.cpu.time")))
