full <-
structure(c(50, 55, 60, 65, 70, 75, 80, 85, 90, 95, 100, 10.37055, 
4.11453, 13.56611, 4.0989, 0.58442, -0.21709, 1.14585, 0.93433, 
5.30388, 4.09141, 15, -6.481, -2.83276, -4.80795, -4.07302, -1.32262, 
-2.44238, -0.61051, -1.17515, -3.58991, -2.22227, -4.86786, 0, 
0, 0, 0, 0, 0, 0, 0, 0, 0, 0, 0, 0, 0, 0, 0, 0, 0, 0, 0, 0, 0, 
0.91886, 0.92066, 0.92521, 0.92621, 0.92353, 0.92202, 0.91693, 
0.92104, 0.91786, 0.92153, 0.92072, 0.91514, 0.91957, 0.91907, 
0.92332, 0.91999, 0.91791, 0.91538, 0.91887, 0.91444, 0.91505, 
0.91521, 0.1474, 0.0769, 0.8317, 0.0946, 0.0914, 0.0932, 0.1331, 
0.1424, 0.1997, 0.2049, 7.2163, 101.1, 129.4, 130.7, 134, 184, 
178.6, 242.9, 233.1, 193.1, 224.7, 219.8, 123, 310, 588, 341, 
278, 186, 1106, 245, 899, 1434, 1705, 259, 572, 139, 135, 422, 
185, 75, 332, 62, 18, 14, 100, 100, 100, 100, 100, 100, 100, 
100, 100, 100, 100, 2500, 2500, 2500, 2500, 2500, 2500, 2500, 
2500, 2500, 2500, 2500, 11888.193, 7738.147, 25689.453, 10247.315, 
9516.19300000001, 10974.788, 9930.87599999999, 12041.798, 17957.942, 
13172.393, 54049.263, 14.21872, 2.89628, 14.17448, 4.39698, 1.07794, 
-0.53974, 5.68634, 0.9326, 4.37307, 10.54332, 12.78506, -8.1169, 
-2.43026, -4.97848, -4.25298, -1.67123, -0.84755, -6.39403, -1.1149, 
-3.29582, -4.50902, -4.11746, 0, 0, 0, 0, 0, 0, 0, 0, 0, 0, 0, 
0, 0, 0, 0, 0, 0, 0, 0, 0, 0, 0, 0.91886, 0.92066, 0.92419, 0.92621, 
0.92353, 0.92119, 0.9169, 0.92032, 0.91786, 0.92088, 0.91949, 
0.91514, 0.92068, 0.91805, 0.92332, 0.91999, 0.91793, 0.91306, 
0.91887, 0.91444, 0.91699, 0.91457, 0.4335, 0.0691, 1.1352, 0.1005, 
0.0949, 0.1082, 0.1837, 0.1449, 0.1793, 0.7874, 2.468, 99.5, 
132, 129.1, 133, 174.9, 219.9, 211.8, 237.6, 195.7, 204.4, 225.9, 
301, 472, 1977, 2387, 973, 1687, 2208, 175, 438, 208, 1186, 13, 
5, 1, 1, 3, 1, 1, 2, 1, 6, 3, 100, 100, 100, 100, 100, 100, 100, 
100, 100, 100, 100, 2500, 2500, 2500, 2500, 2500, 2500, 2500, 
2500, 2500, 2500, 2500, 8427.607, 9382.898, 9836.078, 10498.75, 
11448.173, 12236.342, 13984.792, 15029.834, 15764.336, 15638.347, 
16690.602, 1, 1, 1, 1, 1, 1, 1, 1, 1, 1, 1, 0.33333, 0.33333, 
0.33333, 0.33333, 0.33333, 0.33333, 0.33333, 0.33333, 0.33333, 
0.33333, 0.33333, 0, 0, 0, 0, 0, 0, 0, 0, 0, 0, 0, 0, 0, 0, 0, 
0, 0, 0, 0, 0, 0, 0, 0.91639, 0.91732, 0.92009, 0.92241, 0.92178, 
0.91955, 0.91228, 0.91452, 0.91581, 0.91507, 0.91455, 0.91761, 
0.91845, 0.91905, 0.92432, 0.92265, 0.91875, 0.91382, 0.91598, 
0.9172, 0.91377, 0.91455, 0.0494, 0.0617, 0.0694, 0.0784, 0.0868, 
0.104, 0.1171, 0.1281, 0.1404, 0.1553, 0.1709, 132.7, 156, 161.7, 
170.1, 182.9, 200.2, 219.6, 227.9, 235.2, 247.5, 256.8, 1, 1, 
1, 1, 1, 1, 1, 1, 1, 1, 1, 1, 1, 1, 1, 1, 1, 1, 1, 1, 1, 1, 1, 
1, 1, 1, 1, 1, 1, 1, 1, 1, 1, 1, 1, 1, 1, 1, 1, 1, 1, 1, 1, 1, 
2.661, 2.706, 2.985, 3.083, 3.12, 3.31, 3.392, 3.749, 3.873, 
4.069, 4.06), .Dim = c(11L, 40L), .Dimnames = list(NULL, c("Sampling", 
"PSO.cost", "PSO.gamma", "PSO.data.balancing", "PSO.feature.selection", 
"PSO.valid.acc", "PSO.test.acc", "PSO.train.time", "PSO.n.support.vectors", 
"PSO.index", "PSO.n.solutions", "PSO.generations", "PSO.n.evaluations", 
"PSO.cpu.time", "RS.cost", "RS.gamma", "RS.data.balancing", "RS.feature.selection", 
"RS.valid.acc", "RS.test.acc", "RS.train.time", "RS.n.support.vectors", 
"RS.index", "RS.n.solutions", "RS.generations", "RS.n.evaluations", 
"RS.cpu.time", "DF.cost", "DF.gamma", "DF.data.balancing", "DF.feature.selection", 
"DF.valid.acc", "DF.test.acc", "DF.train.time", "DF.n.support.vectors", 
"DF.index", "DF.n.solutions", "DF.generations", "DF.n.evaluations", 
"DF.cpu.time")))
