full <-
structure(c(50, 55, 60, 65, 70, 75, 80, 85, 90, 95, 100, 7.61844, 
7.46248, 15, 12.97646, 10.81123, 12.71415, 12.52431, -0.07232, 
15, 3.28472, 0.4023, -9.79124, -8.60114, -11.91281, -8.31402, 
-10.65502, -6.87256, -6.84844, -0.22247, -5.63822, -1.65086, 
-0.27964, 0, 0, 0, 0, 0, 0, 0, 0, 0, 0, 0, 0, 0, 0, 0, 0, 0, 
0, 0, 0, 0, 0, 0.91152, 0.90719, 0.90571, 0.91108, 0.91123, 0.91307, 
0.91299, 0.91529, 0.91582, 0.91575, 0.9207, 0.90785, 0.90384, 
0.90167, 0.90539, 0.9086, 0.9106, 0.90837, 0.91457, 0.91307, 
0.91249, 0.9164, 0.0552, 0.0656, 0.1523, 0.2474, 0.0945, 0.7294, 
0.7361, 0.1193, 4.5542, 0.1465, 0.1512, 168.1, 191.5, 123.2, 
133, 143.2, 167, 175.2, 280.7, 197.6, 245.1, 306.7, 126, 1268, 
159, 1127, 3, 32, 294, 1491, 257, 1499, 1149, 223, 22, 378, 17, 
442, 285, 107, 46, 465, 43, 60, 100, 100, 100, 100, 100, 100, 
100, 100, 100, 100, 100, 2500, 2500, 2500, 2500, 2500, 2500, 
2500, 2500, 2500, 2500, 2500, 7633.725, 8264.774, 9364.991, 11871.079, 
9603.91, 25339.634, 24659.578, 16466.358, 75867.98, 12933.373, 
14963.509, 10.69529, 12.96557, 14.23601, 7.35262, 7.03999, 9.40327, 
12.52203, -0.37937, 14.03677, 2.60648, 0.07534, -12.75167, -9.55779, 
-11.58, -5.70917, -7.17014, -3.13415, -6.82205, -0.75168, -5.35039, 
-1.3125, 0.10564, 0, 0, 0, 0, 0, 0, 0, 0, 0, 0, 0, 0, 0, 0, 0, 
0, 0, 0, 0, 0, 0, 0, 0.91152, 0.90716, 0.90571, 0.91013, 0.91123, 
0.91308, 0.91299, 0.91528, 0.91513, 0.91444, 0.91946, 0.9054, 
0.90385, 0.90268, 0.90634, 0.90596, 0.91219, 0.9076, 0.91382, 
0.91307, 0.91184, 0.91763, 0.077, 0.2461, 0.145, 0.0855, 0.07, 
0.3151, 0.7371, 0.1095, 2.779, 0.1433, 0.1608, 150.4, 126.4, 
124.9, 140.7, 144.4, 187.7, 176.5, 257.2, 199, 256.1, 330.8, 
27, 1415, 550, 1618, 1381, 584, 508, 1651, 1632, 1689, 2036, 
34, 1, 4, 2, 35, 1, 2, 1, 7, 1, 1, 100, 100, 100, 100, 100, 100, 
100, 100, 100, 100, 100, 2500, 2500, 2500, 2500, 2500, 2500, 
2500, 2500, 2500, 2500, 2500, 8160.143, 8586.821, 8937.759, 9383.37499999999, 
10004.74, 10718.233, 13547.039, 14155.884, 14797.424, 15569.907, 
15843.614, 1, 1, 1, 1, 1, 1, 1, 1, 1, 1, 1, 0.33333, 0.33333, 
0.33333, 0.33333, 0.33333, 0.33333, 0.33333, 0.33333, 0.33333, 
0.33333, 0.33333, 0, 0, 0, 0, 0, 0, 0, 0, 0, 0, 0, 0, 0, 0, 0, 
0, 0, 0, 0, 0, 0, 0, 0.90655, 0.89936, 0.8996, 0.90635, 0.90773, 
0.91219, 0.90839, 0.90877, 0.9117, 0.91056, 0.91698, 0.90536, 
0.90161, 0.8996, 0.90445, 0.90683, 0.91057, 0.91068, 0.9102, 
0.91443, 0.91119, 0.91761, 0.0414, 0.049, 0.0555, 0.062, 0.0688, 
0.077, 0.0881, 0.0964, 0.1053, 0.1151, 0.1245, 156.2, 172.9, 
181.1, 188.4, 198.2, 205, 218.6, 225.9, 235.6, 244.5, 254.2, 
1, 1, 1, 1, 1, 1, 1, 1, 1, 1, 1, 1, 1, 1, 1, 1, 1, 1, 1, 1, 1, 
1, 1, 1, 1, 1, 1, 1, 1, 1, 1, 1, 1, 1, 1, 1, 1, 1, 1, 1, 1, 1, 
1, 1, 2.742, 2.772, 2.773, 2.816, 2.934, 3.037, 3.923, 4.114, 
4.153, 4.186, 4.297), .Dim = c(11L, 40L), .Dimnames = list(NULL, 
    c("Sampling", "PSO.cost", "PSO.gamma", "PSO.data.balancing", 
    "PSO.feature.selection", "PSO.valid.acc", "PSO.test.acc", 
    "PSO.train.time", "PSO.n.support.vectors", "PSO.index", "PSO.n.solutions", 
    "PSO.generations", "PSO.n.evaluations", "PSO.cpu.time", "RS.cost", 
    "RS.gamma", "RS.data.balancing", "RS.feature.selection", 
    "RS.valid.acc", "RS.test.acc", "RS.train.time", "RS.n.support.vectors", 
    "RS.index", "RS.n.solutions", "RS.generations", "RS.n.evaluations", 
    "RS.cpu.time", "DF.cost", "DF.gamma", "DF.data.balancing", 
    "DF.feature.selection", "DF.valid.acc", "DF.test.acc", "DF.train.time", 
    "DF.n.support.vectors", "DF.index", "DF.n.solutions", "DF.generations", 
    "DF.n.evaluations", "DF.cpu.time")))
