full <-
structure(c(50, 55, 60, 65, 70, 75, 80, 85, 90, 95, 100, 9.83311, 
-0.44359, 15, 5.14093, 0.41209, 5.29542, 3.60507, 15, 14.11747, 
3.8367, 7.33599, -3.63971, -0.42319, -6.04598, -5.58412, 1.04931, 
-2.26449, -1.31001, -8.41825, -5.23699, -1.46194, -3.35132, 0, 
0, 0, 0, 0, 0, 0, 0, 0, 0, 0, 0, 0, 0, 0, 0, 0, 0, 0, 0, 0, 0, 
0.91278, 0.91388, 0.91386, 0.91105, 0.91381, 0.91714, 0.91769, 
0.91958, 0.9172, 0.91763, 0.91885, 0.90908, 0.9128, 0.90773, 
0.90438, 0.90684, 0.9163, 0.90998, 0.91742, 0.91309, 0.91375, 
0.91946, 0.1596, 0.0771, 1.881, 0.1052, 0.1565, 0.1587, 0.1565, 
1.3609, 3.1275, 0.2286, 0.3759, 122.9, 186.3, 138.7, 143, 326, 
181.2, 203.6, 159.8, 198.4, 238.7, 224.3, 198, 2485, 1272, 121, 
733, 2329, 566, 102, 866, 2360, 176, 104, 1, 81, 116, 130, 1, 
122, 556, 34, 1, 120, 100, 100, 100, 100, 100, 100, 100, 100, 
100, 100, 100, 2500, 2500, 2500, 2500, 2500, 2500, 2500, 2500, 
2500, 2500, 2500, 11239.899, 12614.025, 26894.466, 12200.295, 
12699.5, 26141.792, 13605.302, 30244.86, 48042.174, 16048.868, 
16769.066, 9.86302, -0.96261, -0.43481, -0.69942, 8.96626, 5.39634, 
5.53999, 12.27478, 4.88691, 3.613, 14.65153, -3.58987, -0.67451, 
-1.03349, -0.41155, -3.70679, -2.34349, -2.87406, -7.56743, -2.28941, 
-1.41531, -5.21454, 0, 0, 0, 0, 0, 0, 0, 0, 0, 0, 0, 0, 0, 0, 
0, 0, 0, 0, 0, 0, 0, 0, 0.91156, 0.91278, 0.91385, 0.91199, 0.91123, 
0.91632, 0.91769, 0.91958, 0.91718, 0.91698, 0.91885, 0.90786, 
0.90943, 0.91283, 0.90914, 0.90769, 0.9163, 0.91229, 0.91597, 
0.91308, 0.91375, 0.91822, 0.1614, 0.074, 0.0839, 0.1026, 0.2531, 
0.1605, 0.1849, 0.5249, 0.214, 0.2246, 5.5621, 123.9, 179.1, 
180.4, 212.5, 165.7, 179.3, 187.4, 162.2, 212.9, 242.7, 217, 
1337, 776, 838, 1944, 1247, 2186, 749, 241, 664, 108, 2092, 2, 
1, 2, 1, 1, 1, 2, 12, 1, 3, 3, 100, 100, 100, 100, 100, 100, 
100, 100, 100, 100, 100, 2500, 2500, 2500, 2500, 2500, 2500, 
2500, 2500, 2500, 2500, 2500, 12163.811, 12994.244, 13362.818, 
13633.552, 14048.649, 14772.35, 15811.884, 16071.047, 17785.569, 
19109.672, 19602.275, 1, 1, 1, 1, 1, 1, 1, 1, 1, 1, 1, 0.33333, 
0.33333, 0.33333, 0.33333, 0.33333, 0.33333, 0.33333, 0.33333, 
0.33333, 0.33333, 0.33333, 0, 0, 0, 0, 0, 0, 0, 0, 0, 0, 0, 0, 
0, 0, 0, 0, 0, 0, 0, 0, 0, 0, 0.90775, 0.91055, 0.91181, 0.91103, 
0.90947, 0.9097, 0.91151, 0.91522, 0.91446, 0.91051, 0.91515, 
0.90659, 0.90944, 0.91181, 0.90632, 0.90949, 0.90807, 0.91228, 
0.91306, 0.91309, 0.91375, 0.91576, 0.0638, 0.0667, 0.0807, 0.0836, 
0.1049, 0.1103, 0.1288, 0.1383, 0.1489, 0.1767, 0.1883, 144.7, 
159.8, 167.7, 179.3, 188.6, 203.3, 213.3, 220.1, 236.8, 252.8, 
254.6, 1, 1, 1, 1, 1, 1, 1, 1, 1, 1, 1, 1, 1, 1, 1, 1, 1, 1, 
1, 1, 1, 1, 1, 1, 1, 1, 1, 1, 1, 1, 1, 1, 1, 1, 1, 1, 1, 1, 1, 
1, 1, 1, 1, 1, 4.256, 4.005, 4.402, 4.086, 4.626, 4.449, 4.773, 
4.783, 4.659, 5.229, 5.3), .Dim = c(11L, 40L), .Dimnames = list(
    NULL, c("Sampling", "PSO.cost", "PSO.gamma", "PSO.data.balancing", 
    "PSO.feature.selection", "PSO.valid.acc", "PSO.test.acc", 
    "PSO.train.time", "PSO.n.support.vectors", "PSO.index", "PSO.n.solutions", 
    "PSO.generations", "PSO.n.evaluations", "PSO.cpu.time", "RS.cost", 
    "RS.gamma", "RS.data.balancing", "RS.feature.selection", 
    "RS.valid.acc", "RS.test.acc", "RS.train.time", "RS.n.support.vectors", 
    "RS.index", "RS.n.solutions", "RS.generations", "RS.n.evaluations", 
    "RS.cpu.time", "DF.cost", "DF.gamma", "DF.data.balancing", 
    "DF.feature.selection", "DF.valid.acc", "DF.test.acc", "DF.train.time", 
    "DF.n.support.vectors", "DF.index", "DF.n.solutions", "DF.generations", 
    "DF.n.evaluations", "DF.cpu.time")))
