full <-
structure(c(50, 55, 60, 65, 70, 75, 80, 85, 90, 95, 100, 14.26269, 
15, 4.84331, 15, 2.3306, 9.99345, 14.99219, 1.33264, 8.24789, 
15, 0.93755, -7.37979, -8.21887, -4.30058, -7.87167, -2.2367, 
-5.55682, -6.63898, -1.40109, -3.73938, -8.79806, -0.75886, 0, 
0, 0, 0, 0, 0, 0, 0, 0, 0, 0, 0, 0, 0, 0, 0, 0, 0, 0, 0, 0, 0, 
0.9212, 0.92399, 0.91699, 0.92426, 0.9262, 0.92037, 0.91919, 
0.92173, 0.9179, 0.91379, 0.92251, 0.91507, 0.91838, 0.91492, 
0.92046, 0.92266, 0.91874, 0.91916, 0.91956, 0.91516, 0.91446, 
0.91576, 0.5455, 0.6545, 0.0884, 1.1917, 0.1092, 0.3204, 2.3267, 
0.1552, 0.3723, 1.2782, 0.2147, 105.5, 108.8, 130.1, 129.4, 167, 
152.5, 163.2, 224.4, 205.9, 178, 288.6, 418, 382, 727, 154, 801, 
428, 341, 901, 155, 406, 1370, 183, 146, 95, 241, 168, 98, 127, 
90, 206, 112, 15, 100, 100, 100, 100, 100, 100, 100, 100, 100, 
100, 100, 2500, 2500, 2500, 2500, 2500, 2500, 2500, 2500, 2500, 
2500, 2500, 17518.523, 19937.878, 12006.071, 29051.173, 11736.983, 
21957.494, 60212.047, 11547.584, 21382.219, 35097.362, 26472.986, 
12.73805, 14.53109, 0.06881, 14.80782, 2.44415, 9.28956, 11.48106, 
1.29561, 8.90619, -0.34884, 0.06616, -6.83607, -7.31351, 0.3668, 
-7.74807, -2.29683, -5.30025, -5.35332, -1.60679, -4.09446, 0.46222, 
-1.0304, 0, 0, 0, 0, 0, 0, 0, 0, 0, 0, 0, 0, 0, 0, 0, 0, 0, 0, 
0, 0, 0, 0, 0.91997, 0.92286, 0.91802, 0.92331, 0.9262, 0.92037, 
0.91919, 0.92102, 0.9179, 0.91379, 0.9213, 0.91507, 0.91723, 
0.91393, 0.92046, 0.92266, 0.91874, 0.91916, 0.91883, 0.91447, 
0.91445, 0.91762, 0.3169, 0.749, 0.1063, 1.1806, 0.1056, 0.2741, 
0.6007, 0.1486, 0.4497, 0.2332, 0.1965, 106.6, 112.4, 233.2, 
129.3, 166.1, 152.6, 165.4, 219.2, 205.4, 343.3, 279.8, 521, 
555, 837, 361, 1766, 428, 18, 2468, 221, 748, 1167, 3, 14, 1, 
3, 1, 1, 4, 1, 2, 1, 1, 100, 100, 100, 100, 100, 100, 100, 100, 
100, 100, 100, 2500, 2500, 2500, 2500, 2500, 2500, 2500, 2500, 
2500, 2500, 2500, 9914.173, 10512.153, 11260.929, 11434.228, 
12102.514, 13042.634, 12307.671, 14318.7180000001, 16070.091, 
17369.571, 17451.672, 1, 1, 1, 1, 1, 1, 1, 1, 1, 1, 1, 0.33333, 
0.33333, 0.33333, 0.33333, 0.33333, 0.33333, 0.33333, 0.33333, 
0.33333, 0.33333, 0.33333, 0, 0, 0, 0, 0, 0, 0, 0, 0, 0, 0, 0, 
0, 0, 0, 0, 0, 0, 0, 0, 0, 0, 0.91637, 0.91837, 0.9139, 0.92237, 
0.92356, 0.91713, 0.91534, 0.91739, 0.91242, 0.91186, 0.91944, 
0.91391, 0.92058, 0.91393, 0.92049, 0.92092, 0.91545, 0.91764, 
0.92029, 0.91449, 0.91057, 0.91452, 0.0617, 0.0693, 0.0793, 0.0868, 
0.1024, 0.1078, 0.1184, 0.1347, 0.157, 0.1688, 0.1788, 139.2, 
148, 163.2, 167.4, 179.7, 188.5, 202.1, 217.1, 238.6, 244, 252.7, 
1, 1, 1, 1, 1, 1, 1, 1, 1, 1, 1, 1, 1, 1, 1, 1, 1, 1, 1, 1, 1, 
1, 1, 1, 1, 1, 1, 1, 1, 1, 1, 1, 1, 1, 1, 1, 1, 1, 1, 1, 1, 1, 
1, 1, 3.501, 3.766, 3.674, 3.682, 4.083, 3.797, 3.903, 4.015, 
4.41, 4.417, 4.25), .Dim = c(11L, 40L), .Dimnames = list(NULL, 
    c("Sampling", "PSO.cost", "PSO.gamma", "PSO.data.balancing", 
    "PSO.feature.selection", "PSO.valid.acc", "PSO.test.acc", 
    "PSO.train.time", "PSO.n.support.vectors", "PSO.index", "PSO.n.solutions", 
    "PSO.generations", "PSO.n.evaluations", "PSO.cpu.time", "RS.cost", 
    "RS.gamma", "RS.data.balancing", "RS.feature.selection", 
    "RS.valid.acc", "RS.test.acc", "RS.train.time", "RS.n.support.vectors", 
    "RS.index", "RS.n.solutions", "RS.generations", "RS.n.evaluations", 
    "RS.cpu.time", "DF.cost", "DF.gamma", "DF.data.balancing", 
    "DF.feature.selection", "DF.valid.acc", "DF.test.acc", "DF.train.time", 
    "DF.n.support.vectors", "DF.index", "DF.n.solutions", "DF.generations", 
    "DF.n.evaluations", "DF.cpu.time")))
