full <-
structure(c(50, 55, 60, 65, 70, 75, 80, 85, 90, 95, 100, 0.63698, 
8.80708, 0.46552, 2.34011, 1.01563, 14.10158, 15, 0.61625, -0.13785, 
7.66928, 0.93791, -0.11607, -4.60865, -0.45126, -1.76321, -2.10034, 
-5.21436, -5.38397, -1.59466, -0.70593, -2.45119, -0.50765, 0, 
0, 0, 0, 0, 0, 0, 0, 0, 0, 0, 0, 0, 0, 0, 0, 0, 0, 0, 0, 0, 0, 
0.90787, 0.90493, 0.91078, 0.90831, 0.90951, 0.91132, 0.91154, 
0.91377, 0.91584, 0.91441, 0.9176, 0.90534, 0.89933, 0.9077, 
0.90169, 0.90599, 0.90887, 0.90692, 0.91014, 0.90831, 0.91185, 
0.91575, 0.0808, 0.1429, 0.0907, 0.1091, 0.104, 2.5543, 5.2819, 
0.156, 0.1884, 0.3549, 0.2181, 196.5, 134.5, 204.7, 184.7, 193.1, 
185.4, 193.1, 238.4, 278.9, 227.3, 296, 414, 2355, 1781, 331, 
81, 710, 123, 1115, 1156, 871, 475, 210, 1, 24, 462, 87, 147, 
111, 28, 121, 143, 107, 100, 100, 100, 100, 100, 100, 100, 100, 
100, 100, 100, 2500, 2500, 2500, 2500, 2500, 2500, 2500, 2500, 
2500, 2500, 2500, 9736.983, 11331.539, 9227.375, 9694.902, 13623.137, 
40105.36, 68282.542, 13807.442, 12454.284, 50304.208, 12669.278, 
6.62186, 9.22348, 1.25374, 2.07245, 6.12582, 14.83501, 9.76508, 
0.21024, -0.13847, 10.84138, 0.51585, -3.33017, -5.08952, -0.91654, 
-2.16538, -2.95382, -5.45779, -4.03677, -1.3208, -0.83954, -4.59704, 
0.19803, 0, 0, 0, 0, 0, 0, 0, 0, 0, 0, 0, 0, 0, 0, 0, 0, 0, 0, 
0, 0, 0, 0, 0.90665, 0.90382, 0.90874, 0.90831, 0.9095, 0.9105, 
0.91154, 0.91304, 0.91447, 0.91377, 0.91697, 0.90168, 0.89823, 
0.90358, 0.90357, 0.90425, 0.90722, 0.90766, 0.91304, 0.90831, 
0.91443, 0.91453, 0.0924, 0.1554, 0.0862, 0.1036, 0.1704, 3.6683, 
0.5334, 0.1586, 0.1859, 0.9692, 0.2362, 128.7, 134.2, 192.6, 
179.1, 183.6, 184, 196.6, 245.7, 276, 208, 331.7, 461, 392, 2007, 
1295, 1703, 1262, 2274, 2179, 200, 95, 1682, 3, 15, 2, 2, 1, 
2, 1, 5, 3, 10, 1, 100, 100, 100, 100, 100, 100, 100, 100, 100, 
100, 100, 2500, 2500, 2500, 2500, 2500, 2500, 2500, 2500, 2500, 
2500, 2500, 10126.737, 10451.646, 10852.271, 12034.87, 12913.704, 
14187.551, 15962.006, 15756.595, 16472.753, 16967.189, 17845.369, 
1, 1, 1, 1, 1, 1, 1, 1, 1, 1, 1, 0.33333, 0.33333, 0.33333, 0.33333, 
0.33333, 0.33333, 0.33333, 0.33333, 0.33333, 0.33333, 0.33333, 
0, 0, 0, 0, 0, 0, 0, 0, 0, 0, 0, 0, 0, 0, 0, 0, 0, 0, 0, 0, 0, 
0, 0.90164, 0.90157, 0.90463, 0.90073, 0.90773, 0.90555, 0.90693, 
0.91013, 0.91036, 0.91118, 0.9133, 0.90287, 0.8971, 0.90258, 
0.89785, 0.90601, 0.90392, 0.90768, 0.91376, 0.90763, 0.91118, 
0.90966, 0.0632, 0.0668, 0.0772, 0.0912, 0.1012, 0.1192, 0.139, 
0.141, 0.1604, 0.1647, 0.1797, 155, 167.9, 176.6, 192.3, 206.4, 
220.4, 231.3, 233, 244, 243.4, 257.1, 1, 1, 1, 1, 1, 1, 1, 1, 
1, 1, 1, 1, 1, 1, 1, 1, 1, 1, 1, 1, 1, 1, 1, 1, 1, 1, 1, 1, 1, 
1, 1, 1, 1, 1, 1, 1, 1, 1, 1, 1, 1, 1, 1, 1, 3.499, 3.215, 3.408, 
3.526, 3.541, 3.764, 4.073, 4.048, 4.298, 4.186, 4.424), .Dim = c(11L, 
40L), .Dimnames = list(NULL, c("Sampling", "PSO.cost", "PSO.gamma", 
"PSO.data.balancing", "PSO.feature.selection", "PSO.valid.acc", 
"PSO.test.acc", "PSO.train.time", "PSO.n.support.vectors", "PSO.index", 
"PSO.n.solutions", "PSO.generations", "PSO.n.evaluations", "PSO.cpu.time", 
"RS.cost", "RS.gamma", "RS.data.balancing", "RS.feature.selection", 
"RS.valid.acc", "RS.test.acc", "RS.train.time", "RS.n.support.vectors", 
"RS.index", "RS.n.solutions", "RS.generations", "RS.n.evaluations", 
"RS.cpu.time", "DF.cost", "DF.gamma", "DF.data.balancing", "DF.feature.selection", 
"DF.valid.acc", "DF.test.acc", "DF.train.time", "DF.n.support.vectors", 
"DF.index", "DF.n.solutions", "DF.generations", "DF.n.evaluations", 
"DF.cpu.time")))
