full <-
structure(c(50, 55, 60, 65, 70, 75, 80, 85, 90, 95, 100, 0.40845, 
2.34359, 0.76245, 1.28125, 2.15019, -0.07223, 14.34629, -0.64676, 
12.54989, -0.55112, 14.71452, -1.68825, -1.96631, -0.97296, -1.95607, 
-2.4729, -0.11214, -4.5451, -0.53656, -4.03054, -0.45304, -5.02433, 
0, 0, 0, 0, 0, 0, 0, 0, 0, 0, 0, 0, 0, 0, 0, 0, 0, 0, 0, 0, 0, 
0, 0.91163, 0.9162, 0.91796, 0.9186, 0.91478, 0.91295, 0.91227, 
0.9138, 0.91585, 0.91961, 0.92069, 0.90794, 0.91394, 0.91385, 
0.91673, 0.90949, 0.90803, 0.90688, 0.91233, 0.91243, 0.91506, 
0.91944, 0.0636, 0.0821, 0.0929, 0.0971, 0.1162, 0.1423, 3.1062, 
0.1548, 1.6904, 0.1874, 5.8932, 154.4, 153.5, 193.8, 175.7, 175.9, 
263.6, 193.6, 271.6, 205.6, 287.7, 219.6, 2425, 198, 484, 895, 
271, 1173, 784, 1285, 309, 1448, 1851, 1, 448, 596, 236, 263, 
27, 108, 122, 109, 54, 6, 100, 100, 100, 100, 100, 100, 100, 
100, 100, 100, 100, 2500, 2500, 2500, 2500, 2500, 2500, 2500, 
2500, 2500, 2500, 2500, 8934.698, 9643.226, 9770.322, 9613.787, 
10049.17, 19188.335, 85847.003, 13872.08, 72433.781, 39615.734, 
69973.965, 0.43194, 2.5646, 13.96532, 0.86223, 0.86741, 0.10545, 
14.80466, -0.72763, 14.98095, -0.6384, 9.02638, -1.71992, -2.13932, 
-3.96849, -1.76485, -2.46341, -0.17926, -4.14043, -0.47286, -4.65399, 
-0.17889, -3.39162, 0, 0, 0, 0, 0, 0, 0, 0, 0, 0, 0, 0, 0, 0, 
0, 0, 0, 0, 0, 0, 0, 0, 0.91163, 0.9162, 0.91594, 0.91766, 0.91477, 
0.91131, 0.91149, 0.9138, 0.91517, 0.91961, 0.92007, 0.90794, 
0.91394, 0.91181, 0.91484, 0.91036, 0.90967, 0.90766, 0.91233, 
0.9097, 0.91571, 0.91883, 0.0635, 0.0837, 1.6253, 0.1006, 0.1074, 
0.1443, 4.5162, 0.1624, 5.3439, 0.1956, 0.5437, 153.5, 149, 154.5, 
181, 178.6, 258.2, 200, 275.2, 204.9, 299.5, 225.6, 1313, 2155, 
2335, 1356, 2390, 1249, 860, 406, 239, 386, 2414, 1, 1, 2, 1, 
1, 1, 1, 2, 1, 1, 1, 100, 100, 100, 100, 100, 100, 100, 100, 
100, 100, 100, 2500, 2500, 2500, 2500, 2500, 2500, 2500, 2500, 
2500, 2500, 2500, 10795.942, 11825.527, 12564.938, 13065.783, 
13967.249, 14106.18, 14735.312, 15409.57, 15657.684, 16040.549, 
17845.755, 1, 1, 1, 1, 1, 1, 1, 1, 1, 1, 1, 0.33333, 0.33333, 
0.33333, 0.33333, 0.33333, 0.33333, 0.33333, 0.33333, 0.33333, 
0.33333, 0.33333, 0, 0, 0, 0, 0, 0, 0, 0, 0, 0, 0, 0, 0, 0, 0, 
0, 0, 0, 0, 0, 0, 0, 0.9092, 0.90947, 0.91081, 0.91294, 0.913, 
0.90475, 0.90611, 0.9116, 0.91311, 0.91635, 0.91699, 0.9067, 
0.91282, 0.90978, 0.91578, 0.90949, 0.90805, 0.90842, 0.91089, 
0.91311, 0.91247, 0.91761, 0.0668, 0.0784, 0.088, 0.0978, 0.1097, 
0.1205, 0.1313, 0.1459, 0.1459, 0.1646, 0.1884, 157.8, 172.5, 
176.8, 186.2, 195.8, 213.8, 224, 230.6, 234.7, 242.7, 258.5, 
1, 1, 1, 1, 1, 1, 1, 1, 1, 1, 1, 1, 1, 1, 1, 1, 1, 1, 1, 1, 1, 
1, 1, 1, 1, 1, 1, 1, 1, 1, 1, 1, 1, 1, 1, 1, 1, 1, 1, 1, 1, 1, 
1, 1, 3.418, 3.58, 3.674, 3.809, 3.903, 3.79, 3.864, 4.175, 3.824, 
4.141, 4.373), .Dim = c(11L, 40L), .Dimnames = list(NULL, c("Sampling", 
"PSO.cost", "PSO.gamma", "PSO.data.balancing", "PSO.feature.selection", 
"PSO.valid.acc", "PSO.test.acc", "PSO.train.time", "PSO.n.support.vectors", 
"PSO.index", "PSO.n.solutions", "PSO.generations", "PSO.n.evaluations", 
"PSO.cpu.time", "RS.cost", "RS.gamma", "RS.data.balancing", "RS.feature.selection", 
"RS.valid.acc", "RS.test.acc", "RS.train.time", "RS.n.support.vectors", 
"RS.index", "RS.n.solutions", "RS.generations", "RS.n.evaluations", 
"RS.cpu.time", "DF.cost", "DF.gamma", "DF.data.balancing", "DF.feature.selection", 
"DF.valid.acc", "DF.test.acc", "DF.train.time", "DF.n.support.vectors", 
"DF.index", "DF.n.solutions", "DF.generations", "DF.n.evaluations", 
"DF.cpu.time")))
