full <-
structure(c(50, 55, 60, 65, 70, 75, 80, 85, 90, 95, 100, 12.02827, 
-0.13485, 4.76821, 12.57664, 4.23165, 14.35555, 12.74952, 6.20615, 
-0.15474, 5.56539, 7.93658, -4.93148, -1.13303, -2.80922, -4.92697, 
-2.39548, -5.21905, -4.62291, -3.697, -0.07406, -1.76161, -2.99102, 
0, 0, 0, 0, 0, 0, 0, 0, 0, 0, 0, 0, 0, 0, 0, 0, 0, 0, 0, 0, 0, 
0, 0.92129, 0.92283, 0.92411, 0.92048, 0.92086, 0.91873, 0.91921, 
0.916, 0.91924, 0.91895, 0.91824, 0.91388, 0.91949, 0.92216, 
0.91291, 0.91646, 0.91296, 0.91685, 0.91526, 0.91719, 0.91504, 
0.91578, 0.3438, 0.0677, 0.0961, 0.7077, 0.1163, 1.8807, 1.1559, 
0.1903, 0.1664, 0.2331, 0.3979, 121, 175.6, 147.1, 152.9, 169.2, 
165.9, 173.2, 186, 299.8, 235.8, 229.3, 605, 731, 358, 462, 779, 
810, 20, 471, 2433, 503, 759, 39, 70, 433, 98, 106, 66, 129, 
121, 2, 242, 92, 100, 100, 100, 100, 100, 100, 100, 100, 100, 
100, 100, 2500, 2500, 2500, 2500, 2500, 2500, 2500, 2500, 2500, 
2500, 2500, 17438.02, 7650.306, 8195.031, 16218.294, 11637.577, 
21823.069, 25256.142, 17411.994, 23535.722, 15029.937, 22829.83, 
11.19037, -0.34407, 4.55978, 0.72537, 4.26898, 12.06306, 12.56411, 
-0.24877, 0.14191, 14.42214, -0.19721, -4.48302, -1.33876, -2.75559, 
-0.77752, -2.42141, -4.56776, -4.5612, 0.30548, 0.15326, -9.23858, 
-0.77143, 0, 0, 0, 0, 0, 0, 0, 0, 0, 0, 0, 0, 0, 0, 0, 0, 0, 
0, 0, 0, 0, 0, 0.92005, 0.92173, 0.92411, 0.92047, 0.91999, 0.91873, 
0.91921, 0.91668, 0.91856, 0.91829, 0.91824, 0.91388, 0.91841, 
0.92216, 0.91476, 0.91558, 0.91216, 0.91685, 0.91525, 0.91788, 
0.91506, 0.9164, 0.2416, 0.0665, 0.0921, 0.0906, 0.1137, 0.7071, 
0.9907, 0.1631, 0.1804, 0.7772, 0.1885, 121.9, 168, 148.1, 202.5, 
169.8, 166.7, 174.9, 299.3, 312.4, 175.7, 289.7, 298, 486, 1071, 
2124, 1339, 2099, 1131, 174, 296, 361, 2337, 8, 1, 1, 1, 1, 2, 
1, 1, 1, 3, 1, 100, 100, 100, 100, 100, 100, 100, 100, 100, 100, 
100, 2500, 2500, 2500, 2500, 2500, 2500, 2500, 2500, 2500, 2500, 
2500, 8605.957, 8823.404, 9258.386, 9831.962, 10815.554, 11087.585, 
12437.003, 12653.536, 14853.05, 15776.728, 17504.563, 1, 1, 1, 
1, 1, 1, 1, 1, 1, 1, 1, 0.33333, 0.33333, 0.33333, 0.33333, 0.33333, 
0.33333, 0.33333, 0.33333, 0.33333, 0.33333, 0.33333, 0, 0, 0, 
0, 0, 0, 0, 0, 0, 0, 0, 0, 0, 0, 0, 0, 0, 0, 0, 0, 0, 0, 0.91146, 
0.92061, 0.92001, 0.91289, 0.91383, 0.91546, 0.91225, 0.91018, 
0.91171, 0.91569, 0.91393, 0.91513, 0.91952, 0.916, 0.91288, 
0.91823, 0.91546, 0.91455, 0.91235, 0.91651, 0.91376, 0.91331, 
0.0576, 0.0628, 0.0732, 0.0821, 0.0918, 0.0961, 0.1104, 0.1288, 
0.1372, 0.151, 0.1664, 151.9, 161.2, 171.4, 179.2, 189.7, 194.2, 
205.1, 220.3, 231.7, 245.1, 257.2, 1, 1, 1, 1, 1, 1, 1, 1, 1, 
1, 1, 1, 1, 1, 1, 1, 1, 1, 1, 1, 1, 1, 1, 1, 1, 1, 1, 1, 1, 1, 
1, 1, 1, 1, 1, 1, 1, 1, 1, 1, 1, 1, 1, 1, 2.878, 2.752, 3.001, 
3.183, 3.321, 3.141, 3.428, 3.794, 3.752, 3.909, 3.947), .Dim = c(11L, 
40L), .Dimnames = list(NULL, c("Sampling", "PSO.cost", "PSO.gamma", 
"PSO.data.balancing", "PSO.feature.selection", "PSO.valid.acc", 
"PSO.test.acc", "PSO.train.time", "PSO.n.support.vectors", "PSO.index", 
"PSO.n.solutions", "PSO.generations", "PSO.n.evaluations", "PSO.cpu.time", 
"RS.cost", "RS.gamma", "RS.data.balancing", "RS.feature.selection", 
"RS.valid.acc", "RS.test.acc", "RS.train.time", "RS.n.support.vectors", 
"RS.index", "RS.n.solutions", "RS.generations", "RS.n.evaluations", 
"RS.cpu.time", "DF.cost", "DF.gamma", "DF.data.balancing", "DF.feature.selection", 
"DF.valid.acc", "DF.test.acc", "DF.train.time", "DF.n.support.vectors", 
"DF.index", "DF.n.solutions", "DF.generations", "DF.n.evaluations", 
"DF.cpu.time")))
