full <-
structure(c(50, 55, 60, 65, 70, 75, 80, 85, 90, 95, 100, 1.64746, 
11.04441, 9.92096, 12.34562, 11.08148, 2.11851, 5.40116, -0.46869, 
0.47866, 10.25303, 6.61573, -2.17658, -8.8655, -7.60354, -5.77583, 
-7.59239, -2.1406, -2.74098, -1.19649, -1.81103, -3.79357, -5.67911, 
0, 0, 0, 0, 0, 0, 0, 0, 0, 0, 0, 0, 0, 0, 0, 0, 0, 0, 0, 0, 0, 
0, 0.91764, 0.91727, 0.91703, 0.92433, 0.92265, 0.9229, 0.92149, 
0.9196, 0.92338, 0.92027, 0.91639, 0.91272, 0.91388, 0.91598, 
0.9167, 0.91471, 0.91961, 0.91534, 0.91742, 0.91789, 0.91896, 
0.91514, 0.0617, 0.2087, 0.2861, 0.6286, 0.3218, 0.1379, 0.1961, 
0.1524, 0.1577, 0.8166, 0.2363, 124.3, 126.7, 150.7, 140.2, 140.6, 
195.1, 187.6, 241, 226.5, 215, 194.7, 428, 87, 209, 293, 482, 
364, 299, 1089, 1466, 1119, 1575, 125, 202, 221, 125, 167, 229, 
98, 37, 79, 52, 25, 100, 100, 100, 100, 100, 100, 100, 100, 100, 
100, 100, 2500, 2500, 2500, 2500, 2500, 2500, 2500, 2500, 2500, 
2500, 2500, 8961.143, 10677.212, 13529.741, 31352.734, 16200.855, 
13195.286, 16130.878, 26449.65, 12863.364, 25540.963, 23965.914, 
13.75434, 7.59609, 13.1465, 14.98444, 12.02896, 10.6341, 4.8346, 
-0.06072, 0.10367, 10.06315, 3.70733, -8.85247, -6.89815, -9.25686, 
-6.52465, -8.01094, -4.67437, -2.4819, -1.46246, -1.34308, -3.71578, 
-1.98936, 0, 0, 0, 0, 0, 0, 0, 0, 0, 0, 0, 0, 0, 0, 0, 0, 0, 
0, 0, 0, 0, 0, 0.91642, 0.91727, 0.91703, 0.92432, 0.92265, 0.92207, 
0.92149, 0.91887, 0.92201, 0.91963, 0.91697, 0.91397, 0.91501, 
0.91598, 0.91669, 0.91381, 0.92043, 0.91611, 0.91814, 0.91652, 
0.91896, 0.91329, 0.303, 0.1118, 0.6158, 1.9432, 0.4547, 0.5976, 
0.1865, 0.1464, 0.1691, 0.7175, 0.2352, 99, 121, 128.6, 140.1, 
136.1, 169.4, 191, 230.1, 241.2, 215.4, 240.4, 112, 67, 254, 
607, 1086, 275, 2078, 509, 1821, 778, 354, 1, 28, 16, 3, 2, 1, 
2, 2, 1, 1, 1, 100, 100, 100, 100, 100, 100, 100, 100, 100, 100, 
100, 2500, 2500, 2500, 2500, 2500, 2500, 2500, 2500, 2500, 2500, 
2500, 9579.14, 10043.876, 10960.422, 12266.875, 12122.012, 13071.24, 
14169.79, 15306.159, 15734.528, 16753.808, 17036.214, 1, 1, 1, 
1, 1, 1, 1, 1, 1, 1, 1, 0.33333, 0.33333, 0.33333, 0.33333, 0.33333, 
0.33333, 0.33333, 0.33333, 0.33333, 0.33333, 0.33333, 0, 0, 0, 
0, 0, 0, 0, 0, 0, 0, 0, 0, 0, 0, 0, 0, 0, 0, 0, 0, 0, 0, 0.91395, 
0.91501, 0.91599, 0.91863, 0.91472, 0.91879, 0.91376, 0.91887, 
0.91857, 0.91832, 0.9139, 0.91272, 0.91164, 0.91701, 0.9148, 
0.91469, 0.91961, 0.91763, 0.91741, 0.9172, 0.91572, 0.91637, 
0.0598, 0.0706, 0.0772, 0.0934, 0.1011, 0.1263, 0.1303, 0.1419, 
0.1552, 0.166, 0.1816, 136.5, 147.7, 164.9, 176.7, 186.9, 210.5, 
214.4, 225, 234.1, 245, 255.6, 1, 1, 1, 1, 1, 1, 1, 1, 1, 1, 
1, 1, 1, 1, 1, 1, 1, 1, 1, 1, 1, 1, 1, 1, 1, 1, 1, 1, 1, 1, 1, 
1, 1, 1, 1, 1, 1, 1, 1, 1, 1, 1, 1, 1, 3.195, 3.234, 3.271, 3.34, 
3.437, 3.767, 3.714, 3.969, 4.05, 4.26, 4.37), .Dim = c(11L, 
40L), .Dimnames = list(NULL, c("Sampling", "PSO.cost", "PSO.gamma", 
"PSO.data.balancing", "PSO.feature.selection", "PSO.valid.acc", 
"PSO.test.acc", "PSO.train.time", "PSO.n.support.vectors", "PSO.index", 
"PSO.n.solutions", "PSO.generations", "PSO.n.evaluations", "PSO.cpu.time", 
"RS.cost", "RS.gamma", "RS.data.balancing", "RS.feature.selection", 
"RS.valid.acc", "RS.test.acc", "RS.train.time", "RS.n.support.vectors", 
"RS.index", "RS.n.solutions", "RS.generations", "RS.n.evaluations", 
"RS.cpu.time", "DF.cost", "DF.gamma", "DF.data.balancing", "DF.feature.selection", 
"DF.valid.acc", "DF.test.acc", "DF.train.time", "DF.n.support.vectors", 
"DF.index", "DF.n.solutions", "DF.generations", "DF.n.evaluations", 
"DF.cpu.time")))
