full <-
structure(c(50, 55, 60, 65, 70, 75, 80, 85, 90, 95, 100, 2.04609, 
2.78413, 15, 13.78557, 0.24101, 12.78327, 0.94226, 3.05903, 6.06499, 
0.48206, 0.0103, -1.92358, -2.22459, -5.93743, -5.9039, -1.49981, 
-5.34122, -0.97447, -2.07218, -2.64164, -0.31769, -0.7123, 0, 
0, 0, 0, 0, 0, 0, 0, 0, 0, 0, 0, 0, 0, 0, 0, 0, 0, 0, 0, 0, 0, 
0.91522, 0.91625, 0.91597, 0.91288, 0.91209, 0.913, 0.91691, 
0.91738, 0.91923, 0.9228, 0.91946, 0.90903, 0.9084, 0.90775, 
0.90813, 0.90681, 0.90723, 0.91536, 0.91449, 0.91237, 0.91636, 
0.91885, 0.0619, 0.0754, 1.8464, 1.4422, 0.107, 1.437, 0.1483, 
0.1677, 0.244, 0.2006, 0.2027, 139.2, 142.3, 136, 149.2, 201.7, 
176.9, 242, 210.2, 212.5, 294.9, 292, 406, 402, 264, 75, 1773, 
1700, 1195, 582, 296, 1380, 1219, 61, 236, 153, 83, 29, 35, 295, 
606, 295, 114, 43, 100, 100, 100, 100, 100, 100, 100, 100, 100, 
100, 100, 2500, 2500, 2500, 2500, 2500, 2500, 2500, 2500, 2500, 
2500, 2500, 9097.698, 9911.66, 28689.964, 27721.011, 10151.595, 
22790.502, 11684.766, 12113.424, 14067.944, 11929.145, 17970.315, 
2.95191, 2.53144, 14.6362, 9.20964, 12.47602, 12.35478, 1.03952, 
3.4167, 6.49647, 0.42578, -0.06594, -2.17689, -2.1776, -5.8331, 
-4.14732, -4.57486, -5.1601, -1.24933, -2.17615, -2.81566, -0.77286, 
-0.7828, 0, 0, 0, 0, 0, 0, 0, 0, 0, 0, 0, 0, 0, 0, 0, 0, 0, 0, 
0, 0, 0, 0, 0.91518, 0.91625, 0.91597, 0.91288, 0.91118, 0.913, 
0.91614, 0.91738, 0.91923, 0.92023, 0.91884, 0.90902, 0.9073, 
0.90775, 0.90815, 0.90417, 0.90723, 0.91689, 0.91521, 0.91237, 
0.91571, 0.91824, 0.0653, 0.0733, 1.5071, 0.248, 0.9995, 1.1728, 
0.145, 0.17, 0.2517, 0.1935, 0.1973, 132.3, 142.6, 136.8, 151.4, 
167.8, 177.9, 234.9, 206.6, 210.6, 274.4, 287.1, 1140, 96, 414, 
254, 2101, 650, 1701, 291, 627, 1108, 5, 1, 2, 2, 2, 1, 2, 2, 
2, 1, 2, 1, 100, 100, 100, 100, 100, 100, 100, 100, 100, 100, 
100, 2500, 2500, 2500, 2500, 2500, 2500, 2500, 2500, 2500, 2500, 
2500, 9984.198, 10273.258, 10890.892, 11547.751, 12888.44, 13758.116, 
13646.027, 14849.647, 15763.361, 16661.89, 17306.777, 1, 1, 1, 
1, 1, 1, 1, 1, 1, 1, 1, 0.33333, 0.33333, 0.33333, 0.33333, 0.33333, 
0.33333, 0.33333, 0.33333, 0.33333, 0.33333, 0.33333, 0, 0, 0, 
0, 0, 0, 0, 0, 0, 0, 0, 0, 0, 0, 0, 0, 0, 0, 0, 0, 0, 0, 0.90419, 
0.91061, 0.90673, 0.91004, 0.90681, 0.90725, 0.91149, 0.91159, 
0.91308, 0.91634, 0.91575, 0.90297, 0.91178, 0.90673, 0.9091, 
0.9024, 0.90888, 0.91073, 0.91304, 0.9165, 0.91633, 0.91638, 
0.0596, 0.0688, 0.076, 0.0901, 0.1051, 0.1173, 0.1284, 0.1416, 
0.1506, 0.1636, 0.1775, 149.4, 160.2, 168, 183.4, 200.5, 211.8, 
223.6, 230.3, 241.9, 249.8, 257.5, 1, 1, 1, 1, 1, 1, 1, 1, 1, 
1, 1, 1, 1, 1, 1, 1, 1, 1, 1, 1, 1, 1, 1, 1, 1, 1, 1, 1, 1, 1, 
1, 1, 1, 1, 1, 1, 1, 1, 1, 1, 1, 1, 1, 1, 3.173, 3.32, 3.343, 
3.496, 3.624, 3.715, 3.928, 4.016, 4.022, 4.142, 4.314), .Dim = c(11L, 
40L), .Dimnames = list(NULL, c("Sampling", "PSO.cost", "PSO.gamma", 
"PSO.data.balancing", "PSO.feature.selection", "PSO.valid.acc", 
"PSO.test.acc", "PSO.train.time", "PSO.n.support.vectors", "PSO.index", 
"PSO.n.solutions", "PSO.generations", "PSO.n.evaluations", "PSO.cpu.time", 
"RS.cost", "RS.gamma", "RS.data.balancing", "RS.feature.selection", 
"RS.valid.acc", "RS.test.acc", "RS.train.time", "RS.n.support.vectors", 
"RS.index", "RS.n.solutions", "RS.generations", "RS.n.evaluations", 
"RS.cpu.time", "DF.cost", "DF.gamma", "DF.data.balancing", "DF.feature.selection", 
"DF.valid.acc", "DF.test.acc", "DF.train.time", "DF.n.support.vectors", 
"DF.index", "DF.n.solutions", "DF.generations", "DF.n.evaluations", 
"DF.cpu.time")))
