full <-
structure(c(50, 55, 60, 65, 70, 75, 80, 85, 90, 95, 100, 14.00555, 
12.69067, 0.32343, 0.92069, 8.05008, -0.31026, 6.46847, 0.11406, 
8.88436, 3.19517, 0.50434, -7.45426, -6.04196, -1.56238, -1.22796, 
-4.68228, -0.70519, -2.42977, -1.15953, -4.14401, -3.17399, -0.73857, 
0, 0, 0, 0, 0, 0, 0, 0, 0, 0, 0, 0, 0, 0, 0, 0, 0, 0, 0, 0, 0, 
0, 0.91403, 0.91947, 0.92215, 0.91763, 0.91827, 0.9155, 0.91916, 
0.92107, 0.91788, 0.91894, 0.91949, 0.91031, 0.91499, 0.91694, 
0.91288, 0.91563, 0.91219, 0.91454, 0.91527, 0.9165, 0.91571, 
0.91763, 0.3808, 0.4286, 0.078, 0.0968, 0.1846, 0.1286, 0.1972, 
0.1477, 0.4043, 0.1872, 0.2199, 105.1, 118, 163.7, 186.1, 150.3, 
234.9, 188.6, 236.1, 194.2, 208.9, 291.7, 814, 370, 814, 872, 
1798, 233, 79, 1185, 349, 1374, 479, 76, 396, 193, 207, 4, 387, 
316, 189, 240, 47, 288, 100, 100, 100, 100, 100, 100, 100, 100, 
100, 100, 100, 2500, 2500, 2500, 2500, 2500, 2500, 2500, 2500, 
2500, 2500, 2500, 13150.029, 19188.364, 10239.295, 12806.41, 
20989.72, 10418.5, 12620.169, 11009.785, 18101.262, 22016.203, 
12501.282, 13.49977, 13.71227, 0.16451, 0.64841, 1.15393, -0.53371, 
4.31733, 0.28282, 7.54843, 3.06504, 0.35242, -7.21516, -6.42133, 
-1.36782, -1.22636, -1.24986, -0.69313, -1.41964, -1.04713, -3.64474, 
-3.1189, -0.70381, 0, 0, 0, 0, 0, 0, 0, 0, 0, 0, 0, 0, 0, 0, 
0, 0, 0, 0, 0, 0, 0, 0, 0.91403, 0.91947, 0.92113, 0.91669, 0.91824, 
0.91304, 0.91915, 0.91962, 0.91787, 0.91894, 0.91826, 0.91031, 
0.91499, 0.91694, 0.91288, 0.91564, 0.91055, 0.91222, 0.91454, 
0.9165, 0.91571, 0.91763, 0.3107, 0.6024, 0.0795, 0.1008, 0.1118, 
0.128, 0.1595, 0.1454, 0.2989, 0.1818, 0.209, 103.8, 118, 167.9, 
186.1, 195.6, 237, 196.2, 239.2, 199.6, 209.5, 293.9, 469, 11, 
604, 190, 1041, 963, 1369, 768, 888, 1689, 911, 2, 3, 2, 1, 1, 
1, 1, 4, 4, 2, 1, 100, 100, 100, 100, 100, 100, 100, 100, 100, 
100, 100, 2500, 2500, 2500, 2500, 2500, 2500, 2500, 2500, 2500, 
2500, 2500, 9710.379, 10399.882, 11227.843, 11791.507, 12083.868, 
12609.844, 13927.454, 14457.694, 15389.774, 16734.228, 17255.451, 
1, 1, 1, 1, 1, 1, 1, 1, 1, 1, 1, 0.33333, 0.33333, 0.33333, 0.33333, 
0.33333, 0.33333, 0.33333, 0.33333, 0.33333, 0.33333, 0.33333, 
0, 0, 0, 0, 0, 0, 0, 0, 0, 0, 0, 0, 0, 0, 0, 0, 0, 0, 0, 0, 0, 
0, 0.91284, 0.91277, 0.92009, 0.91576, 0.91648, 0.9114, 0.91454, 
0.91672, 0.91171, 0.91505, 0.91518, 0.90912, 0.91276, 0.91799, 
0.91195, 0.91298, 0.90973, 0.90993, 0.91525, 0.91103, 0.91441, 
0.91887, 0.0569, 0.0695, 0.0811, 0.0927, 0.1003, 0.1071, 0.1285, 
0.1379, 0.1481, 0.1657, 0.178, 135.8, 151, 163.5, 181.7, 186.4, 
205.9, 214.1, 220.1, 231.9, 239.5, 254.3, 1, 1, 1, 1, 1, 1, 1, 
1, 1, 1, 1, 1, 1, 1, 1, 1, 1, 1, 1, 1, 1, 1, 1, 1, 1, 1, 1, 1, 
1, 1, 1, 1, 1, 1, 1, 1, 1, 1, 1, 1, 1, 1, 1, 1, 3.474, 3.514, 
3.949, 3.756, 3.888, 3.587, 4.096, 4.097, 3.891, 4.209, 4.156
), .Dim = c(11L, 40L), .Dimnames = list(NULL, c("Sampling", "PSO.cost", 
"PSO.gamma", "PSO.data.balancing", "PSO.feature.selection", "PSO.valid.acc", 
"PSO.test.acc", "PSO.train.time", "PSO.n.support.vectors", "PSO.index", 
"PSO.n.solutions", "PSO.generations", "PSO.n.evaluations", "PSO.cpu.time", 
"RS.cost", "RS.gamma", "RS.data.balancing", "RS.feature.selection", 
"RS.valid.acc", "RS.test.acc", "RS.train.time", "RS.n.support.vectors", 
"RS.index", "RS.n.solutions", "RS.generations", "RS.n.evaluations", 
"RS.cpu.time", "DF.cost", "DF.gamma", "DF.data.balancing", "DF.feature.selection", 
"DF.valid.acc", "DF.test.acc", "DF.train.time", "DF.n.support.vectors", 
"DF.index", "DF.n.solutions", "DF.generations", "DF.n.evaluations", 
"DF.cpu.time")))
