full <-
structure(c(50, 55, 60, 65, 70, 75, 80, 85, 90, 95, 100, 10.34292, 
7.71174, 11.35998, 8.56967, 12.47029, 4.13143, 4.47925, 14.99216, 
15, 6.50653, -0.83919, -7.35701, -3.40327, -4.84484, -6.57862, 
-6.30604, -2.10882, -3.6454, -4.78022, -9.58469, -2.7201, -0.50435, 
0, 0, 0, 0, 0, 0, 0, 0, 0, 0, 0, 0, 0, 0, 0, 0, 0, 0, 0, 0, 0, 
0, 0.91272, 0.91959, 0.92011, 0.92239, 0.91997, 0.91792, 0.9169, 
0.91526, 0.91789, 0.91702, 0.91949, 0.91153, 0.91732, 0.91801, 
0.91764, 0.91557, 0.913, 0.91384, 0.91088, 0.9124, 0.91312, 0.91579, 
0.1169, 0.1176, 0.3695, 0.1035, 0.6881, 0.1355, 0.1483, 5.3036, 
0.5489, 0.2905, 0.1843, 103.9, 129.7, 134, 118.5, 150, 181.9, 
179.3, 198.3, 162.4, 226.2, 298, 34, 1398, 208, 517, 521, 1940, 
1604, 893, 1679, 43, 773, 219, 32, 235, 120, 205, 9, 8, 67, 4, 
299, 374, 100, 100, 100, 100, 100, 100, 100, 100, 100, 100, 100, 
2500, 2500, 2500, 2500, 2500, 2500, 2500, 2500, 2500, 2500, 2500, 
10160.228, 8492.843, 16049.302, 9680.60000000001, 23741.362, 
20573.292, 13078.6, 85515.144, 20162.012, 14700.835, 11313.597, 
9.95919, 9.13743, 1.35329, 9.31297, 10.36874, 4.07371, 3.41614, 
14.55479, 14.04186, 6.67094, -0.5177, -7.24338, -3.96364, -1.4352, 
-6.94167, -5.57129, -2.08557, -3.03087, -4.15553, -9.0272, -2.76634, 
0.37506, 0, 0, 0, 0, 0, 0, 0, 0, 0, 0, 0, 0, 0, 0, 0, 0, 0, 0, 
0, 0, 0, 0, 0.91272, 0.91848, 0.91911, 0.92239, 0.9191, 0.91792, 
0.91614, 0.91453, 0.91721, 0.91702, 0.91888, 0.91153, 0.91842, 
0.91496, 0.91764, 0.91558, 0.913, 0.91384, 0.90872, 0.91377, 
0.91377, 0.9164, 0.1001, 0.1552, 0.0746, 0.1079, 0.3474, 0.131, 
0.1454, 4.4874, 0.4906, 0.3035, 0.2188, 104.9, 127.2, 163.5, 
118, 150.4, 182.6, 186.5, 202.7, 161.5, 225.2, 348.8, 69, 464, 
209, 1651, 1177, 939, 1716, 597, 350, 2023, 738, 18, 2, 1, 1, 
1, 1, 2, 1, 1, 2, 1, 100, 100, 100, 100, 100, 100, 100, 100, 
100, 100, 100, 2500, 2500, 2500, 2500, 2500, 2500, 2500, 2500, 
2500, 2500, 2500, 8486.962, 8581.087, 9047.319, 9982.496, 10961.168, 
12471.5, 13793.723, 13884.052, 14019.381, 16470.494, 16601.629, 
1, 1, 1, 1, 1, 1, 1, 1, 1, 1, 1, 0.33333, 0.33333, 0.33333, 0.33333, 
0.33333, 0.33333, 0.33333, 0.33333, 0.33333, 0.33333, 0.33333, 
0, 0, 0, 0, 0, 0, 0, 0, 0, 0, 0, 0, 0, 0, 0, 0, 0, 0, 0, 0, 0, 
0, 0.90908, 0.91395, 0.91703, 0.91672, 0.91206, 0.91216, 0.91305, 
0.91306, 0.91514, 0.91247, 0.91518, 0.91028, 0.91506, 0.91491, 
0.91765, 0.91295, 0.91298, 0.91152, 0.91378, 0.91104, 0.91246, 
0.91518, 0.0535, 0.0599, 0.0704, 0.0771, 0.0888, 0.1047, 0.1181, 
0.1274, 0.1444, 0.1632, 0.1653, 140.2, 147.1, 157, 169.7, 183.6, 
199.3, 216.2, 231.3, 236.3, 252.1, 256, 1, 1, 1, 1, 1, 1, 1, 
1, 1, 1, 1, 1, 1, 1, 1, 1, 1, 1, 1, 1, 1, 1, 1, 1, 1, 1, 1, 1, 
1, 1, 1, 1, 1, 1, 1, 1, 1, 1, 1, 1, 1, 1, 1, 1, 2.904, 2.868, 
3.171, 3.164, 3.178, 3.643, 3.743, 3.581, 3.784, 4.138, 4.023
), .Dim = c(11L, 40L), .Dimnames = list(NULL, c("Sampling", "PSO.cost", 
"PSO.gamma", "PSO.data.balancing", "PSO.feature.selection", "PSO.valid.acc", 
"PSO.test.acc", "PSO.train.time", "PSO.n.support.vectors", "PSO.index", 
"PSO.n.solutions", "PSO.generations", "PSO.n.evaluations", "PSO.cpu.time", 
"RS.cost", "RS.gamma", "RS.data.balancing", "RS.feature.selection", 
"RS.valid.acc", "RS.test.acc", "RS.train.time", "RS.n.support.vectors", 
"RS.index", "RS.n.solutions", "RS.generations", "RS.n.evaluations", 
"RS.cpu.time", "DF.cost", "DF.gamma", "DF.data.balancing", "DF.feature.selection", 
"DF.valid.acc", "DF.test.acc", "DF.train.time", "DF.n.support.vectors", 
"DF.index", "DF.n.solutions", "DF.generations", "DF.n.evaluations", 
"DF.cpu.time")))
