full <-
structure(c(50, 55, 60, 65, 70, 75, 80, 85, 90, 95, 100, 3.99369, 
1.74571, 1.13106, 1.64923, 0.02812, 0.02003, 0.14763, 15, 2.76142, 
11.7364, 0.44613, -0.83336, -0.48272, -0.96499, -0.34888, -0.72273, 
-1.51314, -0.83167, -6.04481, -1.77989, -4.45915, 0.05276, 0, 
0, 0, 0, 0, 0, 0, 0, 0, 0, 0, 0, 0, 0, 0, 0, 0, 0, 0, 0, 0, 0, 
0.91639, 0.91627, 0.91904, 0.92426, 0.92526, 0.92285, 0.9208, 
0.92319, 0.91857, 0.92154, 0.91886, 0.90531, 0.91062, 0.91496, 
0.91954, 0.92086, 0.92036, 0.92002, 0.91666, 0.91857, 0.91505, 
0.91642, 0.0679, 0.0788, 0.0884, 0.1017, 0.1092, 0.1115, 0.1453, 
4.446, 0.1819, 1.2722, 0.2405, 148, 181.8, 182, 208.8, 215.6, 
200.7, 239.2, 182.2, 224.2, 207.7, 326.4, 299, 2223, 730, 609, 
2151, 286, 562, 443, 1411, 2193, 677, 460, 1, 121, 239, 3, 202, 
338, 316, 31, 4, 305, 100, 100, 100, 100, 100, 100, 100, 100, 
100, 100, 100, 2500, 2500, 2500, 2500, 2500, 2500, 2500, 2500, 
2500, 2500, 2500, 8061.459, 8391.059, 8543.71799999999, 9110.213, 
9141.47, 9543.899, 10919.796, 66045.053, 27616.106, 34121.759, 
12663.6580000001, 7.13632, 1.5273, 10.03315, 1.4318, 0.13097, 
3.55647, 0.25217, 13.43731, 2.80759, 11.83712, 0.87546, -1.99562, 
-1.24853, -3.78853, -0.17802, -0.90882, -2.83211, -0.39853, -5.56702, 
-1.77636, -4.50821, -0.59009, 0, 0, 0, 0, 0, 0, 0, 0, 0, 0, 0, 
0, 0, 0, 0, 0, 0, 0, 0, 0, 0, 0, 0.91638, 0.91623, 0.91906, 0.92426, 
0.92349, 0.92039, 0.92078, 0.92319, 0.91857, 0.92089, 0.91826, 
0.90657, 0.91067, 0.916, 0.91954, 0.92086, 0.91794, 0.92155, 
0.91666, 0.91857, 0.91505, 0.91643, 0.0892, 0.0785, 0.2556, 0.1056, 
0.1057, 0.1362, 0.1495, 2.2527, 0.1833, 1.306, 0.2272, 139.5, 
165.3, 143.2, 218.3, 203.5, 170.9, 250.1, 185.3, 223, 208.8, 
296.5, 2229, 1861, 1092, 1053, 1567, 71, 1089, 598, 779, 803, 
626, 1, 2, 1, 1, 1, 4, 1, 4, 1, 1, 2, 100, 100, 100, 100, 100, 
100, 100, 100, 100, 100, 100, 2500, 2500, 2500, 2500, 2500, 2500, 
2500, 2500, 2500, 2500, 2500, 9436.761, 9900.091, 10341.715, 
10861.171, 11491.865, 12799.045, 13466.11, 13887.717, 15617.587, 
15857.046, 17830.511, 1, 1, 1, 1, 1, 1, 1, 1, 1, 1, 1, 0.33333, 
0.33333, 0.33333, 0.33333, 0.33333, 0.33333, 0.33333, 0.33333, 
0.33333, 0.33333, 0.33333, 0, 0, 0, 0, 0, 0, 0, 0, 0, 0, 0, 0, 
0, 0, 0, 0, 0, 0, 0, 0, 0, 0, 0.90293, 0.90956, 0.91601, 0.91576, 
0.92085, 0.92038, 0.9177, 0.91741, 0.91583, 0.9151, 0.91581, 
0.9042, 0.91176, 0.91401, 0.91671, 0.91909, 0.91955, 0.91848, 
0.91957, 0.91721, 0.91509, 0.91766, 0.062, 0.0716, 0.0809, 0.0884, 
0.0985, 0.1141, 0.1301, 0.1385, 0.1533, 0.1681, 0.1863, 150.4, 
160.1, 166, 174.6, 180.9, 197.4, 213.4, 225.4, 232.8, 243.2, 
256.3, 1, 1, 1, 1, 1, 1, 1, 1, 1, 1, 1, 1, 1, 1, 1, 1, 1, 1, 
1, 1, 1, 1, 1, 1, 1, 1, 1, 1, 1, 1, 1, 1, 1, 1, 1, 1, 1, 1, 1, 
1, 1, 1, 1, 1, 3.073, 3.192, 3.296, 3.363, 3.478, 3.565, 3.759, 
3.75, 3.917, 4.123, 4.339), .Dim = c(11L, 40L), .Dimnames = list(
    NULL, c("Sampling", "PSO.cost", "PSO.gamma", "PSO.data.balancing", 
    "PSO.feature.selection", "PSO.valid.acc", "PSO.test.acc", 
    "PSO.train.time", "PSO.n.support.vectors", "PSO.index", "PSO.n.solutions", 
    "PSO.generations", "PSO.n.evaluations", "PSO.cpu.time", "RS.cost", 
    "RS.gamma", "RS.data.balancing", "RS.feature.selection", 
    "RS.valid.acc", "RS.test.acc", "RS.train.time", "RS.n.support.vectors", 
    "RS.index", "RS.n.solutions", "RS.generations", "RS.n.evaluations", 
    "RS.cpu.time", "DF.cost", "DF.gamma", "DF.data.balancing", 
    "DF.feature.selection", "DF.valid.acc", "DF.test.acc", "DF.train.time", 
    "DF.n.support.vectors", "DF.index", "DF.n.solutions", "DF.generations", 
    "DF.n.evaluations", "DF.cpu.time")))
