full <-
structure(c(50, 55, 60, 65, 70, 75, 80, 85, 90, 95, 100, -0.14919, 
15, 3.64165, 11.13611, 13.64358, -0.11985, 4.78073, 13.34693, 
12.22632, 12.5885, 10.69609, -0.40803, -8.61252, -2.38417, -3.87496, 
-5.92569, -0.14707, -3.50972, -4.96789, -7.39461, -4.96769, -3.71597, 
0, 0, 0, 0, 0, 0, 0, 0, 0, 0, 0, 0, 0, 0, 0, 0, 0, 0, 0, 0, 0, 
0, 0.92261, 0.92063, 0.92313, 0.92241, 0.92176, 0.92539, 0.92075, 
0.91961, 0.9179, 0.9196, 0.9207, 0.92006, 0.91608, 0.91801, 0.91483, 
0.91473, 0.92127, 0.91458, 0.91525, 0.91447, 0.917, 0.91514, 
0.071, 0.5498, 0.0893, 0.371, 0.9356, 0.13, 0.1617, 1.7655, 0.6957, 
1.8595, 1.034, 173.1, 102.9, 143.5, 146.5, 144.2, 241.4, 170, 
182.8, 174.9, 205.4, 223.6, 1895, 390, 271, 246, 192, 292, 1026, 
1504, 486, 836, 1018, 14, 41, 68, 206, 356, 353, 55, 21, 81, 
131, 45, 100, 100, 100, 100, 100, 100, 100, 100, 100, 100, 100, 
2500, 2500, 2500, 2500, 2500, 2500, 2500, 2500, 2500, 2500, 2500, 
9693.003, 16109.884, 9605.199, 14183.91, 28354.266, 11102.242, 
17290.25, 27224.133, 23971.565, 65410.674, 57910.477, -0.06558, 
12.60833, 1.01015, 10.39834, 9.44416, -0.09405, 6.72684, 12.87605, 
11.14333, 11.98804, 10.83369, -0.64911, -7.93216, 0.80489, -3.57496, 
-4.08984, -0.19964, -3.70598, -4.77423, -7.01418, -4.50257, -3.76059, 
0, 0, 0, 0, 0, 0, 0, 0, 0, 0, 0, 0, 0, 0, 0, 0, 0, 0, 0, 0, 0, 
0, 0.92137, 0.91951, 0.92313, 0.92147, 0.92177, 0.92539, 0.92074, 
0.91889, 0.9179, 0.91895, 0.92007, 0.9213, 0.9172, 0.91801, 0.91672, 
0.91475, 0.92127, 0.91767, 0.91525, 0.91447, 0.91571, 0.91514, 
0.0642, 0.1917, 0.1202, 0.2946, 0.2403, 0.127, 0.1934, 1.5286, 
0.5368, 1.4397, 1.0977, 162.2, 103.8, 274.9, 146.8, 150.8, 238.6, 
172.7, 185.4, 175.3, 206.4, 224.3, 333, 1038, 144, 1323, 513, 
899, 150, 2069, 1687, 408, 1382, 1, 1, 1, 7, 1, 2, 3, 1, 1, 11, 
1, 100, 100, 100, 100, 100, 100, 100, 100, 100, 100, 100, 2500, 
2500, 2500, 2500, 2500, 2500, 2500, 2500, 2500, 2500, 2500, 9038.691, 
9948.451, 10270.555, 10705.687, 11054.547, 11514.697, 12567.782, 
13868.679, 15243.663, 16924.606, 19601.209, 1, 1, 1, 1, 1, 1, 
1, 1, 1, 1, 1, 0.33333, 0.33333, 0.33333, 0.33333, 0.33333, 0.33333, 
0.33333, 0.33333, 0.33333, 0.33333, 0.33333, 0, 0, 0, 0, 0, 0, 
0, 0, 0, 0, 0, 0, 0, 0, 0, 0, 0, 0, 0, 0, 0, 0, 0.91524, 0.91611, 
0.91287, 0.91582, 0.91646, 0.92373, 0.91458, 0.91451, 0.91377, 
0.9157, 0.91458, 0.91758, 0.91387, 0.91389, 0.91773, 0.91473, 
0.9188, 0.91538, 0.91598, 0.91514, 0.9144, 0.91336, 0.0562, 0.0684, 
0.075, 0.0843, 0.0983, 0.1037, 0.1187, 0.1365, 0.1494, 0.158, 
0.1905, 138.4, 154.5, 159.4, 170.1, 178.8, 189, 199.4, 216.9, 
229.9, 241.6, 255.4, 1, 1, 1, 1, 1, 1, 1, 1, 1, 1, 1, 1, 1, 1, 
1, 1, 1, 1, 1, 1, 1, 1, 1, 1, 1, 1, 1, 1, 1, 1, 1, 1, 1, 1, 1, 
1, 1, 1, 1, 1, 1, 1, 1, 1, 3.251, 3.409, 3.481, 3.654, 3.764, 
3.582, 3.774, 3.938, 4.011, 3.967, 5.309), .Dim = c(11L, 40L), .Dimnames = list(
    NULL, c("Sampling", "PSO.cost", "PSO.gamma", "PSO.data.balancing", 
    "PSO.feature.selection", "PSO.valid.acc", "PSO.test.acc", 
    "PSO.train.time", "PSO.n.support.vectors", "PSO.index", "PSO.n.solutions", 
    "PSO.generations", "PSO.n.evaluations", "PSO.cpu.time", "RS.cost", 
    "RS.gamma", "RS.data.balancing", "RS.feature.selection", 
    "RS.valid.acc", "RS.test.acc", "RS.train.time", "RS.n.support.vectors", 
    "RS.index", "RS.n.solutions", "RS.generations", "RS.n.evaluations", 
    "RS.cpu.time", "DF.cost", "DF.gamma", "DF.data.balancing", 
    "DF.feature.selection", "DF.valid.acc", "DF.test.acc", "DF.train.time", 
    "DF.n.support.vectors", "DF.index", "DF.n.solutions", "DF.generations", 
    "DF.n.evaluations", "DF.cpu.time")))
