full <-
structure(c(50, 55, 60, 65, 70, 75, 80, 85, 90, 95, 100, 6.89984, 
-0.71423, 4.69928, 15, 1.88659, 2.57782, -0.45858, 8.11179, 1.36177, 
8.80145, 9.44255, -10.69352, -2.28871, -7.88132, -15, -2.41015, 
-6.70397, -0.4005, -3.19213, -0.09101, -4.68885, -4.51109, 0, 
0, 0, 0, 0, 0, 0, 0, 0, 0, 0, 0, 0, 0, 0, 0, 0, 0, 0, 0, 0, 0, 
0.89304, 0.89946, 0.90168, 0.90344, 0.90505, 0.90726, 0.90993, 
0.91451, 0.91445, 0.91312, 0.91822, 0.89057, 0.89721, 0.89858, 
0.89964, 0.90155, 0.90315, 0.90608, 0.91016, 0.91241, 0.91183, 
0.91577, 0.0507, 0.0658, 0.0745, 0.1489, 0.1161, 0.0808, 0.1508, 
0.3442, 0.1272, 0.4649, 0.6059, 112.6, 151.7, 173.5, 134.2, 189.1, 
154.3, 265.6, 204, 288.9, 209.1, 215.6, 328, 1051, 1979, 56, 
171, 1989, 519, 172, 581, 676, 403, 52, 56, 5, 1933, 120, 6, 
66, 206, 75, 33, 119, 100, 100, 100, 100, 100, 100, 100, 100, 
100, 100, 100, 2500, 2500, 2500, 2500, 2500, 2500, 2500, 2500, 
2500, 2500, 2500, 8003.104, 10272.53, 9412.265, 10057.274, 11494.662, 
9343.36500000001, 13144.909, 17752.571, 12923.071, 35509.456, 
35103.971, -0.56765, -0.51236, 5.27283, 12.34589, 1.54196, 1.98618, 
0.4051, 7.95894, 13.67994, 8.89911, 2.24123, -2.17956, -2.5579, 
-8.2925, -12.96316, -2.16428, -6.15566, 0.06479, -3.14647, -5.1663, 
-4.73698, -1.21276, 0, 0, 0, 0, 0, 0, 0, 0, 0, 0, 0, 0, 0, 0, 
0, 0, 0, 0, 0, 0, 0, 0, 0.89552, 0.89835, 0.90168, 0.90344, 0.90505, 
0.90644, 0.90993, 0.91451, 0.91449, 0.91312, 0.91822, 0.89055, 
0.89721, 0.89858, 0.89964, 0.90331, 0.90315, 0.90761, 0.90944, 
0.90901, 0.91183, 0.91823, 0.0592, 0.0628, 0.0761, 0.1837, 0.114, 
0.0824, 0.1653, 0.2135, 2.8387, 0.4768, 0.2332, 142.8, 146.7, 
173.2, 144.7, 195.9, 161.3, 291.1, 203.9, 202.4, 208.8, 266.9, 
2214, 170, 1372, 201, 1924, 600, 2405, 1789, 1747, 961, 2327, 
1, 2, 1, 45, 1, 5, 1, 1, 1, 1, 8, 100, 100, 100, 100, 100, 100, 
100, 100, 100, 100, 100, 2500, 2500, 2500, 2500, 2500, 2500, 
2500, 2500, 2500, 2500, 2500, 11401.382, 9870.051, 11255.757, 
11869.044, 12249.009, 13067.709, 13795.753, 12478.793, 17965.164, 
17536.856, 18559.066, 1, 1, 1, 1, 1, 1, 1, 1, 1, 1, 1, 0.33333, 
0.33333, 0.33333, 0.33333, 0.33333, 0.33333, 0.33333, 0.33333, 
0.33333, 0.33333, 0.33333, 0, 0, 0, 0, 0, 0, 0, 0, 0, 0, 0, 0, 
0, 0, 0, 0, 0, 0, 0, 0, 0, 0, 0.88566, 0.89385, 0.89959, 0.90059, 
0.90419, 0.90232, 0.90916, 0.90869, 0.91245, 0.90988, 0.91452, 
0.88689, 0.89609, 0.89857, 0.90059, 0.90243, 0.90153, 0.90839, 
0.91014, 0.91248, 0.90923, 0.91514, 0.0672, 0.0728, 0.0867, 0.098, 
0.1076, 0.1123, 0.1228, 0.0973, 0.153, 0.1759, 0.182, 158.4, 
171.9, 187.1, 200.1, 205.9, 210.3, 219.7, 227.8, 233.3, 249.3, 
256.8, 1, 1, 1, 1, 1, 1, 1, 1, 1, 1, 1, 1, 1, 1, 1, 1, 1, 1, 
1, 1, 1, 1, 1, 1, 1, 1, 1, 1, 1, 1, 1, 1, 1, 1, 1, 1, 1, 1, 1, 
1, 1, 1, 1, 1, 4.051, 3.175, 3.345, 3.389, 3.553, 3.479, 3.553, 
3.624, 4.814, 5.145, 5.027), .Dim = c(11L, 40L), .Dimnames = list(
    NULL, c("Sampling", "PSO.cost", "PSO.gamma", "PSO.data.balancing", 
    "PSO.feature.selection", "PSO.valid.acc", "PSO.test.acc", 
    "PSO.train.time", "PSO.n.support.vectors", "PSO.index", "PSO.n.solutions", 
    "PSO.generations", "PSO.n.evaluations", "PSO.cpu.time", "RS.cost", 
    "RS.gamma", "RS.data.balancing", "RS.feature.selection", 
    "RS.valid.acc", "RS.test.acc", "RS.train.time", "RS.n.support.vectors", 
    "RS.index", "RS.n.solutions", "RS.generations", "RS.n.evaluations", 
    "RS.cpu.time", "DF.cost", "DF.gamma", "DF.data.balancing", 
    "DF.feature.selection", "DF.valid.acc", "DF.test.acc", "DF.train.time", 
    "DF.n.support.vectors", "DF.index", "DF.n.solutions", "DF.generations", 
    "DF.n.evaluations", "DF.cpu.time")))
