full <-
structure(c(50, 55, 60, 65, 70, 75, 80, 85, 90, 95, 100, 14.46346, 
1.15468, 14.02793, 1.55378, 0.27343, 9.62853, 6.39629, 15, 0.00433, 
15, -0.21265, -6.99423, -0.76363, -4.69188, -1.86088, -0.80484, 
-6.24104, -4.39091, -5.71547, -0.46318, -7.4729, -0.43732, 0, 
0, 0, 0, 0, 0, 0, 0, 0, 0, 0, 0, 0, 0, 0, 0, 0, 0, 0, 0, 0, 0, 
0.92625, 0.92395, 0.92831, 0.93183, 0.92613, 0.92447, 0.92381, 
0.9239, 0.92338, 0.92092, 0.92006, 0.92259, 0.92061, 0.92522, 
0.92996, 0.92525, 0.91792, 0.91381, 0.91884, 0.92268, 0.91635, 
0.91759, 0.6116, 0.0809, 1.044, 0.0885, 0.1086, 0.2607, 0.1886, 
3.8879, 0.1649, 2.8756, 0.2022, 104, 167.9, 132.2, 154.4, 205.9, 
146.6, 168.4, 179.3, 265.7, 194.9, 300, 185, 184, 515, 694, 457, 
157, 318, 412, 595, 490, 757, 116, 605, 19, 68, 77, 174, 221, 
78, 50, 11, 343, 100, 100, 100, 100, 100, 100, 100, 100, 100, 
100, 100, 2500, 2500, 2500, 2500, 2500, 2500, 2500, 2500, 2500, 
2500, 2500, 17714.267, 10194.823, 18422.201, 9539.52799999999, 
9675.071, 13786.742, 15003.189, 76597.877, 21432.373, 52175.005, 
14752.465, 4.09195, 1.63604, 11.14178, 1.51896, 0.59543, 12.79217, 
6.45003, 12.22637, 1.11914, 6.06747, 11.85293, -2.3979, -1.11041, 
-3.79669, -2.02302, -1.0026, -7.28495, -4.44406, -4.82696, -1.86013, 
-4.97147, -4.45325, 0, 0, 0, 0, 0, 0, 0, 0, 0, 0, 0, 0, 0, 0, 
0, 0, 0, 0, 0, 0, 0, 0, 0.92625, 0.92395, 0.92831, 0.93182, 0.92611, 
0.92447, 0.92381, 0.92317, 0.92202, 0.9209, 0.91942, 0.92017, 
0.91726, 0.92214, 0.92901, 0.92437, 0.91957, 0.91381, 0.91884, 
0.92064, 0.91765, 0.91635, 0.0691, 0.0783, 0.3038, 0.0878, 0.1079, 
0.6212, 0.1839, 1.1539, 0.1545, 0.231, 1.5794, 118, 158.9, 134.2, 
149.9, 196.3, 145.4, 165.7, 182.5, 217.3, 196.8, 219.1, 473, 
1629, 1926, 1736, 1989, 500, 1521, 1112, 52, 2403, 76, 5, 2, 
2, 1, 1, 8, 1, 8, 7, 1, 2, 100, 100, 100, 100, 100, 100, 100, 
100, 100, 100, 100, 2500, 2500, 2500, 2500, 2500, 2500, 2500, 
2500, 2500, 2500, 2500, 9543.843, 9952.691, 10278.964, 10512.55, 
11601.652, 12280.643, 13061.972, 15238.555, 16999.596, 18184.913, 
19125.503, 1, 1, 1, 1, 1, 1, 1, 1, 1, 1, 1, 0.33333, 0.33333, 
0.33333, 0.33333, 0.33333, 0.33333, 0.33333, 0.33333, 0.33333, 
0.33333, 0.33333, 0, 0, 0, 0, 0, 0, 0, 0, 0, 0, 0, 0, 0, 0, 0, 
0, 0, 0, 0, 0, 0, 0, 0.91764, 0.9195, 0.92727, 0.92712, 0.9226, 
0.92282, 0.91841, 0.91811, 0.91995, 0.91829, 0.9176, 0.91891, 
0.9195, 0.92418, 0.92711, 0.92172, 0.92283, 0.91917, 0.91958, 
0.91994, 0.91765, 0.91574, 0.0599, 0.0698, 0.0805, 0.083, 0.0984, 
0.1056, 0.1248, 0.1371, 0.16, 0.167, 0.1903, 138, 148.6, 158.9, 
159.5, 183.4, 195, 205.3, 216.9, 225.1, 246.1, 254.9, 1, 1, 1, 
1, 1, 1, 1, 1, 1, 1, 1, 1, 1, 1, 1, 1, 1, 1, 1, 1, 1, 1, 1, 1, 
1, 1, 1, 1, 1, 1, 1, 1, 1, 1, 1, 1, 1, 1, 1, 1, 1, 1, 1, 1, 3.486, 
3.416, 3.651, 3.481, 3.701, 3.521, 3.884, 4.633, 5.103, 5.039, 
5.252), .Dim = c(11L, 40L), .Dimnames = list(NULL, c("Sampling", 
"PSO.cost", "PSO.gamma", "PSO.data.balancing", "PSO.feature.selection", 
"PSO.valid.acc", "PSO.test.acc", "PSO.train.time", "PSO.n.support.vectors", 
"PSO.index", "PSO.n.solutions", "PSO.generations", "PSO.n.evaluations", 
"PSO.cpu.time", "RS.cost", "RS.gamma", "RS.data.balancing", "RS.feature.selection", 
"RS.valid.acc", "RS.test.acc", "RS.train.time", "RS.n.support.vectors", 
"RS.index", "RS.n.solutions", "RS.generations", "RS.n.evaluations", 
"RS.cpu.time", "DF.cost", "DF.gamma", "DF.data.balancing", "DF.feature.selection", 
"DF.valid.acc", "DF.test.acc", "DF.train.time", "DF.n.support.vectors", 
"DF.index", "DF.n.solutions", "DF.generations", "DF.n.evaluations", 
"DF.cpu.time")))
