full <-
structure(c(50, 55, 60, 65, 70, 75, 80, 85, 90, 95, 100, 1.95549, 
14.77569, 7.4411, 0.71871, 14.63948, 4.56006, 1.82452, 15, 1.03189, 
11.36671, 9.45908, -0.29098, -6.10061, -3.21063, -1.25078, -5.97618, 
-2.42093, -1.75349, -4.9516, -1.26291, -6.00847, -4.10826, 0, 
0, 0, 0, 0, 0, 0, 0, 0, 0, 0, 0, 0, 0, 0, 0, 0, 0, 0, 0, 0, 0, 
0.92007, 0.92736, 0.92412, 0.92329, 0.92354, 0.92447, 0.92309, 
0.92466, 0.92404, 0.91829, 0.91762, 0.91391, 0.91396, 0.91386, 
0.92041, 0.92179, 0.9212, 0.91921, 0.91957, 0.91857, 0.91505, 
0.91575, 0.0674, 1.0731, 0.1376, 0.103, 1.7142, 0.1452, 0.1447, 
4.6781, 0.1801, 0.9659, 0.6318, 167.2, 123.2, 140.8, 186.2, 147.5, 
171.3, 202.8, 183, 249.8, 197.8, 218.8, 729, 655, 1159, 956, 
1060, 194, 964, 1551, 744, 141, 36, 141, 175, 29, 74, 155, 116, 
23, 14, 617, 285, 150, 100, 100, 100, 100, 100, 100, 100, 100, 
100, 100, 100, 2500, 2500, 2500, 2500, 2500, 2500, 2500, 2500, 
2500, 2500, 2500, 8169.864, 20296.484, 14277.027, 12138.063, 
32919.576, 17779.433, 11943.554, 70374.99, 12283.437, 37903.001, 
35433.899, 1.01345, 11.42745, 6.94327, 0.67812, 13.56329, 12.97306, 
1.42989, 11.8751, 1.04537, 10.82824, 8.55882, 0.08699, -4.89326, 
-3.06962, -1.47622, -5.62393, -4.80252, -1.61504, -5.06931, -1.23948, 
-5.97526, -3.75877, 0, 0, 0, 0, 0, 0, 0, 0, 0, 0, 0, 0, 0, 0, 
0, 0, 0, 0, 0, 0, 0, 0, 0.91885, 0.92736, 0.92308, 0.92237, 0.92266, 
0.92365, 0.92231, 0.92395, 0.92404, 0.91829, 0.91762, 0.91513, 
0.9173, 0.91489, 0.91945, 0.92004, 0.92283, 0.91767, 0.92032, 
0.91857, 0.91375, 0.91637, 0.0762, 0.292, 0.1281, 0.0999, 1.131, 
1.0559, 0.1421, 0.9543, 0.1793, 0.787, 0.5051, 193.2, 126.2, 
141, 181, 147.5, 159.1, 208.1, 176.6, 248.2, 198.8, 222.1, 397, 
1594, 360, 834, 803, 536, 1897, 1554, 2027, 1170, 1937, 4, 1, 
4, 1, 1, 5, 3, 1, 1, 4, 1, 100, 100, 100, 100, 100, 100, 100, 
100, 100, 100, 100, 2500, 2500, 2500, 2500, 2500, 2500, 2500, 
2500, 2500, 2500, 2500, 9349.296, 9656.992, 12566.825, 13462.572, 
13652.736, 14316.389, 13832.026, 14494.758, 15479.389, 16464.937, 
19603.607, 1, 1, 1, 1, 1, 1, 1, 1, 1, 1, 1, 0.33333, 0.33333, 
0.33333, 0.33333, 0.33333, 0.33333, 0.33333, 0.33333, 0.33333, 
0.33333, 0.33333, 0, 0, 0, 0, 0, 0, 0, 0, 0, 0, 0, 0, 0, 0, 0, 
0, 0, 0, 0, 0, 0, 0, 0.91022, 0.9151, 0.91494, 0.91669, 0.91475, 
0.92038, 0.92078, 0.92034, 0.91788, 0.9157, 0.91332, 0.91021, 
0.91288, 0.91492, 0.91664, 0.91741, 0.91955, 0.91537, 0.91962, 
0.91789, 0.91311, 0.9133, 0.064, 0.0708, 0.0842, 0.0892, 0.0978, 
0.114, 0.1295, 0.1393, 0.1566, 0.1682, 0.1829, 153.8, 160.4, 
168.9, 177, 186.7, 193.2, 211.2, 217.1, 233.1, 247.7, 257.7, 
1, 1, 1, 1, 1, 1, 1, 1, 1, 1, 1, 1, 1, 1, 1, 1, 1, 1, 1, 1, 1, 
1, 1, 1, 1, 1, 1, 1, 1, 1, 1, 1, 1, 1, 1, 1, 1, 1, 1, 1, 1, 1, 
1, 1, 3.132, 3.254, 4.271, 4.182, 4.219, 4.619, 3.944, 3.987, 
4.178, 4.841, 4.924), .Dim = c(11L, 40L), .Dimnames = list(NULL, 
    c("Sampling", "PSO.cost", "PSO.gamma", "PSO.data.balancing", 
    "PSO.feature.selection", "PSO.valid.acc", "PSO.test.acc", 
    "PSO.train.time", "PSO.n.support.vectors", "PSO.index", "PSO.n.solutions", 
    "PSO.generations", "PSO.n.evaluations", "PSO.cpu.time", "RS.cost", 
    "RS.gamma", "RS.data.balancing", "RS.feature.selection", 
    "RS.valid.acc", "RS.test.acc", "RS.train.time", "RS.n.support.vectors", 
    "RS.index", "RS.n.solutions", "RS.generations", "RS.n.evaluations", 
    "RS.cpu.time", "DF.cost", "DF.gamma", "DF.data.balancing", 
    "DF.feature.selection", "DF.valid.acc", "DF.test.acc", "DF.train.time", 
    "DF.n.support.vectors", "DF.index", "DF.n.solutions", "DF.generations", 
    "DF.n.evaluations", "DF.cpu.time")))
