full <-
structure(c(50, 55, 60, 65, 70, 75, 80, 85, 90, 95, 100, 0.54323, 
3.3689, 11.74058, 0.36177, 0.89072, 0.02281, 9.18169, 5.21821, 
6.07262, 8.41008, -0.61694, 0.11879, -0.80469, -7.18428, 0.13986, 
0.63206, 0.07623, -3.10639, -3.13308, -2.26887, -2.68286, 0.17684, 
0, 0, 0, 0, 0, 0, 0, 0, 0, 0, 0, 0, 0, 0, 0, 0, 0, 0, 0, 0, 0, 
0, 0.91766, 0.92284, 0.92627, 0.92712, 0.92793, 0.92368, 0.92304, 
0.92256, 0.92404, 0.91964, 0.91945, 0.91273, 0.915, 0.92107, 
0.92335, 0.92617, 0.92121, 0.91996, 0.92108, 0.91992, 0.91638, 
0.91515, 0.0718, 0.076, 0.2712, 0.1042, 0.1406, 0.1409, 0.3308, 
0.2016, 0.242, 0.4232, 0.231, 198.8, 147.9, 113.1, 222.4, 266, 
252, 178.7, 186.1, 209.6, 222, 336.7, 1736, 2299, 327, 1917, 
524, 1570, 365, 1058, 1206, 659, 1479, 27, 1, 325, 16, 753, 34, 
298, 38, 20, 110, 32, 100, 100, 100, 100, 100, 100, 100, 100, 
100, 100, 100, 2500, 2500, 2500, 2500, 2500, 2500, 2500, 2500, 
2500, 2500, 2500, 9280.005, 11093.937, 14081.86, 9831.78, 10800.34, 
10906.833, 15562.807, 14928.307, 23523.63, 17485.857, 17997.827, 
0.63991, 4.02992, 11.87409, 0.08721, 0.65352, 14.94749, 9.64532, 
0.59872, 6.84388, 6.98808, 13.41988, -1.45592, -1.09715, -7.27348, 
0.64028, 0.6649, -5.51885, -3.21876, 0.50863, -2.20952, -2.31856, 
-4.22753, 0, 0, 0, 0, 0, 0, 0, 0, 0, 0, 0, 0, 0, 0, 0, 0, 0, 
0, 0, 0, 0, 0, 0.91645, 0.92173, 0.92627, 0.92619, 0.92704, 0.92203, 
0.92304, 0.92331, 0.92404, 0.919, 0.91823, 0.91276, 0.915, 0.92107, 
0.92431, 0.92529, 0.92118, 0.91918, 0.92041, 0.92061, 0.91379, 
0.91947, 0.0665, 0.0807, 0.273, 0.1286, 0.1465, 2.7441, 0.3774, 
0.1931, 0.2595, 0.319, 3.4095, 151.1, 144.5, 112.1, 259.3, 269.2, 
159.9, 177.7, 310.9, 209.7, 225.6, 224.6, 311, 1490, 429, 1604, 
6, 447, 1757, 1227, 1108, 112, 248, 1, 1, 2, 1, 1, 12, 1, 1, 
1, 1, 8, 100, 100, 100, 100, 100, 100, 100, 100, 100, 100, 100, 
2500, 2500, 2500, 2500, 2500, 2500, 2500, 2500, 2500, 2500, 2500, 
10049.346, 10598.096, 10654.642, 11120.747, 11870.886, 13238.912, 
16230.255, 16543.317, 17905.219, 19263.507, 19472.432, 1, 1, 
1, 1, 1, 1, 1, 1, 1, 1, 1, 0.33333, 0.33333, 0.33333, 0.33333, 
0.33333, 0.33333, 0.33333, 0.33333, 0.33333, 0.33333, 0.33333, 
0, 0, 0, 0, 0, 0, 0, 0, 0, 0, 0, 0, 0, 0, 0, 0, 0, 0, 0, 0, 0, 
0, 0.91156, 0.91614, 0.92215, 0.92052, 0.91738, 0.91793, 0.91303, 
0.91678, 0.91927, 0.91377, 0.91576, 0.91153, 0.91951, 0.92111, 
0.9234, 0.9209, 0.9212, 0.91379, 0.91743, 0.91926, 0.91314, 0.91391, 
0.0579, 0.0686, 0.0734, 0.0863, 0.0935, 0.1109, 0.1228, 0.1308, 
0.1509, 0.1685, 0.1784, 146.2, 154.9, 155.5, 166.8, 172.6, 192.8, 
203.1, 213.2, 230.9, 245.1, 251.8, 1, 1, 1, 1, 1, 1, 1, 1, 1, 
1, 1, 1, 1, 1, 1, 1, 1, 1, 1, 1, 1, 1, 1, 1, 1, 1, 1, 1, 1, 1, 
1, 1, 1, 1, 1, 1, 1, 1, 1, 1, 1, 1, 1, 1, 3.206, 3.52, 3.428, 
3.81, 3.745, 4.018, 4.723, 4.646, 4.895, 5, 5.029), .Dim = c(11L, 
40L), .Dimnames = list(NULL, c("Sampling", "PSO.cost", "PSO.gamma", 
"PSO.data.balancing", "PSO.feature.selection", "PSO.valid.acc", 
"PSO.test.acc", "PSO.train.time", "PSO.n.support.vectors", "PSO.index", 
"PSO.n.solutions", "PSO.generations", "PSO.n.evaluations", "PSO.cpu.time", 
"RS.cost", "RS.gamma", "RS.data.balancing", "RS.feature.selection", 
"RS.valid.acc", "RS.test.acc", "RS.train.time", "RS.n.support.vectors", 
"RS.index", "RS.n.solutions", "RS.generations", "RS.n.evaluations", 
"RS.cpu.time", "DF.cost", "DF.gamma", "DF.data.balancing", "DF.feature.selection", 
"DF.valid.acc", "DF.test.acc", "DF.train.time", "DF.n.support.vectors", 
"DF.index", "DF.n.solutions", "DF.generations", "DF.n.evaluations", 
"DF.cpu.time")))
