full <-
structure(c(50, 55, 60, 65, 70, 75, 80, 85, 90, 95, 100, 4.45951, 
0.29506, 10.8147, 5.50939, 10.69993, 12.56381, 7.61705, 15, 14.10422, 
0.08343, 7.36063, -5.16921, 0.0876, -4.47013, -6.46833, -3.17608, 
-3.80141, -6.21258, -4.09784, -5.76483, -0.18868, -2.8033, 0, 
0, 0, 0, 0, 0, 0, 0, 0, 0, 0, 0, 0, 0, 0, 0, 0, 0, 0, 0, 0, 0, 
0.90656, 0.9094, 0.91183, 0.90348, 0.91209, 0.91466, 0.91072, 
0.91519, 0.91515, 0.91702, 0.91885, 0.9004, 0.90267, 0.9098, 
0.89776, 0.91034, 0.90976, 0.90764, 0.9094, 0.91308, 0.91702, 
0.91576, 0.0531, 0.0895, 0.3299, 0.1216, 0.4536, 1.3034, 0.2078, 
5.8534, 2.7815, 0.2141, 0.3681, 106.6, 217.6, 144.4, 172.7, 177, 
185.4, 176.3, 206.9, 197, 310.7, 231.1, 225, 193, 560, 2125, 
343, 490, 222, 399, 186, 570, 878, 58, 114, 33, 1, 358, 97, 61, 
330, 97, 192, 159, 100, 100, 100, 100, 100, 100, 100, 100, 100, 
100, 100, 2500, 2500, 2500, 2500, 2500, 2500, 2500, 2500, 2500, 
2500, 2500, 9268.53, 12728.459, 11731.159, 12790.015, 20068.483, 
54123.163, 21113.894, 98369.802, 47085.725, 14663.635, 18840.27, 
1.45275, 0.4211, 3.71003, 5.1864, 11.2195, 11.87861, 7.30489, 
14.13207, 12.17316, -0.18076, 1.0616, -0.93845, 0.37873, -2.56697, 
-6.0206, -3.19845, -3.66045, -6.05612, -3.80819, -5.07417, 0.19583, 
-0.19031, 0, 0, 0, 0, 0, 0, 0, 0, 0, 0, 0, 0, 0, 0, 0, 0, 0, 
0, 0, 0, 0, 0, 0.90783, 0.90716, 0.91081, 0.90252, 0.91121, 0.91302, 
0.91072, 0.91447, 0.91515, 0.91637, 0.91822, 0.89798, 0.90601, 
0.90773, 0.89966, 0.90945, 0.90974, 0.9084, 0.90941, 0.9124, 
0.91766, 0.9133, 0.0688, 0.093, 0.0961, 0.1195, 0.5689, 0.9349, 
0.1971, 3.6946, 1.2367, 0.2186, 0.2221, 159.8, 234.9, 150.1, 
159.6, 178.9, 185.9, 174.6, 210.4, 200.9, 332.3, 310.1, 1856, 
978, 1643, 317, 1947, 1205, 1157, 2449, 948, 847, 903, 1, 2, 
1, 4, 4, 1, 3, 1, 1, 3, 2, 100, 100, 100, 100, 100, 100, 100, 
100, 100, 100, 100, 2500, 2500, 2500, 2500, 2500, 2500, 2500, 
2500, 2500, 2500, 2500, 9937.412, 10401.583, 11429.98, 12152.291, 
12945.691, 14827.563, 14866.512, 16106.3579999999, 15381.395, 
16924.497, 17898.642, 1, 1, 1, 1, 1, 1, 1, 1, 1, 1, 1, 0.33333, 
0.33333, 0.33333, 0.33333, 0.33333, 0.33333, 0.33333, 0.33333, 
0.33333, 0.33333, 0.33333, 0, 0, 0, 0, 0, 0, 0, 0, 0, 0, 0, 0, 
0, 0, 0, 0, 0, 0, 0, 0, 0, 0, 0.90165, 0.89932, 0.9067, 0.89871, 
0.90153, 0.90806, 0.90611, 0.90734, 0.91377, 0.91572, 0.9121, 
0.90042, 0.90714, 0.90567, 0.90249, 0.90242, 0.90397, 0.90689, 
0.91022, 0.9117, 0.91443, 0.91514, 0.0557, 0.0712, 0.0809, 0.0917, 
0.0996, 0.1181, 0.1327, 0.1521, 0.1581, 0.1655, 0.1774, 147.5, 
160, 171.8, 190.5, 197.7, 215.3, 225.3, 235.3, 240.6, 248.6, 
258.9, 1, 1, 1, 1, 1, 1, 1, 1, 1, 1, 1, 1, 1, 1, 1, 1, 1, 1, 
1, 1, 1, 1, 1, 1, 1, 1, 1, 1, 1, 1, 1, 1, 1, 1, 1, 1, 1, 1, 1, 
1, 1, 1, 1, 1, 3.174, 3.533, 3.746, 3.699, 3.596, 4.042, 4.254, 
4.412, 4.446, 4.307, 4.433), .Dim = c(11L, 40L), .Dimnames = list(
    NULL, c("Sampling", "PSO.cost", "PSO.gamma", "PSO.data.balancing", 
    "PSO.feature.selection", "PSO.valid.acc", "PSO.test.acc", 
    "PSO.train.time", "PSO.n.support.vectors", "PSO.index", "PSO.n.solutions", 
    "PSO.generations", "PSO.n.evaluations", "PSO.cpu.time", "RS.cost", 
    "RS.gamma", "RS.data.balancing", "RS.feature.selection", 
    "RS.valid.acc", "RS.test.acc", "RS.train.time", "RS.n.support.vectors", 
    "RS.index", "RS.n.solutions", "RS.generations", "RS.n.evaluations", 
    "RS.cpu.time", "DF.cost", "DF.gamma", "DF.data.balancing", 
    "DF.feature.selection", "DF.valid.acc", "DF.test.acc", "DF.train.time", 
    "DF.n.support.vectors", "DF.index", "DF.n.solutions", "DF.generations", 
    "DF.n.evaluations", "DF.cpu.time")))
