full <-
structure(c(50, 55, 60, 65, 70, 75, 80, 85, 90, 95, 100, 14.28623, 
4.42896, 15, -0.16827, 1.16379, -0.50875, 12.06972, 11.73268, 
3.00585, 15, 0.1406, -15, -4.88519, -6.83116, 0.26658, 0.24137, 
-0.33046, -5.85084, -4.56534, -1.63013, -5.35877, -0.66054, 0, 
0, 0, 0, 0, 0, 0, 0, 0, 0, 0, 0, 0, 0, 0, 0, 0, 0, 0, 0, 0, 0, 
0.90054, 0.90268, 0.90779, 0.90824, 0.90768, 0.90724, 0.91151, 
0.91384, 0.91312, 0.91959, 0.91941, 0.88943, 0.89934, 0.90262, 
0.9054, 0.90679, 0.90399, 0.90841, 0.90585, 0.91038, 0.91506, 
0.91511, 0.1311, 0.084, 1.9424, 0.1208, 0.1426, 0.1322, 0.8958, 
1.151, 0.1962, 6.2157, 0.2028, 111.9, 137.6, 146.7, 265.1, 276, 
259, 182.3, 198.2, 238.5, 209.9, 295.3, 89, 1155, 323, 874, 1129, 
657, 285, 670, 1755, 1274, 972, 502, 108, 93, 88, 62, 352, 28, 
185, 30, 6, 60, 100, 100, 100, 100, 100, 100, 100, 100, 100, 
100, 100, 2500, 2500, 2500, 2500, 2500, 2500, 2500, 2500, 2500, 
2500, 2500, 10757.123, 10895.899, 27139.634, 10000.504, 13109.624, 
10788.827, 27670.847, 57265.807, 23363.438, 79951.465, 19118.925, 
2.18186, 6.80905, 11.27867, -0.21112, 0.67589, -0.57144, 11.93138, 
13.14197, 3.87137, 3.18036, -0.07173, 0.64751, -6.4194, -5.40142, 
0.37925, 0.50444, -0.38178, -5.80744, -5.02912, -2.03083, -2.19401, 
-0.2989, 0, 0, 0, 0, 0, 0, 0, 0, 0, 0, 0, 0, 0, 0, 0, 0, 0, 0, 
0, 0, 0, 0, 0.90288, 0.90157, 0.90676, 0.9073, 0.9068, 0.90642, 
0.91151, 0.91384, 0.91243, 0.91894, 0.9188, 0.89431, 0.89822, 
0.90265, 0.90351, 0.90855, 0.90399, 0.90841, 0.90585, 0.90833, 
0.91248, 0.91573, 0.0807, 0.1136, 0.4601, 0.1321, 0.1499, 0.1416, 
0.8207, 2.0892, 0.2021, 0.2027, 0.2091, 225.3, 145.1, 149, 269.6, 
292.9, 258.1, 183.4, 195.1, 227.7, 232.2, 305, 1807, 8, 898, 
1001, 11, 72, 905, 155, 940, 2114, 536, 1, 5, 1, 1, 2, 2, 1, 
4, 1, 1, 1, 100, 100, 100, 100, 100, 100, 100, 100, 100, 100, 
100, 2500, 2500, 2500, 2500, 2500, 2500, 2500, 2500, 2500, 2500, 
2500, 10467.275, 11166.412, 11679.848, 12540.48, 12758.165, 13499.415, 
14026.694, 14774.063, 16060.588, 16667.96, 17877.687, 1, 1, 1, 
1, 1, 1, 1, 1, 1, 1, 1, 0.33333, 0.33333, 0.33333, 0.33333, 0.33333, 
0.33333, 0.33333, 0.33333, 0.33333, 0.33333, 0.33333, 0, 0, 0, 
0, 0, 0, 0, 0, 0, 0, 0, 0, 0, 0, 0, 0, 0, 0, 0, 0, 0, 0, 0.89561, 
0.89709, 0.90262, 0.90256, 0.90505, 0.90234, 0.90687, 0.90875, 
0.90764, 0.9118, 0.91451, 0.89552, 0.89598, 0.90263, 0.90349, 
0.90238, 0.90399, 0.9069, 0.90585, 0.90899, 0.91377, 0.91451, 
0.0652, 0.0772, 0.0848, 0.0966, 0.105, 0.1181, 0.1312, 0.1471, 
0.162, 0.1669, 0.1756, 161.8, 175.5, 182, 194.7, 201.7, 214.2, 
220.6, 230.2, 241.7, 252.2, 252.4, 1, 1, 1, 1, 1, 1, 1, 1, 1, 
1, 1, 1, 1, 1, 1, 1, 1, 1, 1, 1, 1, 1, 1, 1, 1, 1, 1, 1, 1, 1, 
1, 1, 1, 1, 1, 1, 1, 1, 1, 1, 1, 1, 1, 1, 3.207, 3.562, 3.468, 
3.653, 3.522, 3.731, 3.781, 3.98, 4.158, 4.04, 4.044), .Dim = c(11L, 
40L), .Dimnames = list(NULL, c("Sampling", "PSO.cost", "PSO.gamma", 
"PSO.data.balancing", "PSO.feature.selection", "PSO.valid.acc", 
"PSO.test.acc", "PSO.train.time", "PSO.n.support.vectors", "PSO.index", 
"PSO.n.solutions", "PSO.generations", "PSO.n.evaluations", "PSO.cpu.time", 
"RS.cost", "RS.gamma", "RS.data.balancing", "RS.feature.selection", 
"RS.valid.acc", "RS.test.acc", "RS.train.time", "RS.n.support.vectors", 
"RS.index", "RS.n.solutions", "RS.generations", "RS.n.evaluations", 
"RS.cpu.time", "DF.cost", "DF.gamma", "DF.data.balancing", "DF.feature.selection", 
"DF.valid.acc", "DF.test.acc", "DF.train.time", "DF.n.support.vectors", 
"DF.index", "DF.n.solutions", "DF.generations", "DF.n.evaluations", 
"DF.cpu.time")))
