full <-
structure(c(50, 55, 60, 65, 70, 75, 80, 85, 90, 95, 100, 3.92665, 
11.05538, 12.38537, 11.13393, 10.78732, 5.41601, 11.54181, 15, 
6.25198, 0.35265, -0.35308, -2.13153, -4.60708, -3.40322, -2.77157, 
-5.05353, -3.02934, -5.92215, -5.25596, -2.00952, -0.44326, -0.46499, 
0, 0, 0, 0, 0, 0, 0, 0, 0, 0, 0, 0, 0, 0, 0, 0, 0, 0, 0, 0, 0, 
0, 0.92142, 0.92511, 0.92099, 0.91482, 0.91386, 0.91461, 0.91842, 
0.92031, 0.92131, 0.9196, 0.91946, 0.91769, 0.91725, 0.90766, 
0.90911, 0.91209, 0.91298, 0.91306, 0.91667, 0.91242, 0.91892, 
0.91699, 0.0649, 0.3176, 0.6386, 0.45, 0.4639, 0.173, 0.8391, 
5.4921, 0.2632, 0.2143, 0.2153, 122.5, 124.8, 147.1, 163, 159.3, 
181.9, 172.9, 187.1, 219.1, 291.6, 301.8, 486, 311, 583, 2256, 
133, 1067, 34, 225, 554, 461, 1007, 127, 379, 136, 5, 71, 40, 
270, 270, 246, 64, 105, 100, 100, 100, 100, 100, 100, 100, 100, 
100, 100, 100, 2500, 2500, 2500, 2500, 2500, 2500, 2500, 2500, 
2500, 2500, 2500, 8425.93, 17143.733, 30454.263, 25701.402, 25634.892, 
30307.981, 28394.984, 71987.491, 15339.051, 16089.968, 13524.436, 
3.85141, 12.20392, 12.50836, 11.83209, 13.78209, 4.39754, 3.78763, 
13.16922, 6.38765, 0.14329, 0.99354, -2.12978, -4.97093, -3.4396, 
-2.93363, -5.08619, -2.73485, -2.07831, -4.64733, -2.02999, -0.28529, 
-1.25329, 0, 0, 0, 0, 0, 0, 0, 0, 0, 0, 0, 0, 0, 0, 0, 0, 0, 
0, 0, 0, 0, 0, 0.92142, 0.92511, 0.91997, 0.91482, 0.91384, 0.91462, 
0.91919, 0.92031, 0.92063, 0.9196, 0.91945, 0.91892, 0.91725, 
0.90766, 0.90816, 0.91297, 0.913, 0.91612, 0.91813, 0.91242, 
0.91957, 0.91698, 0.065, 0.4841, 0.7113, 0.5959, 2.082, 0.1561, 
0.176, 2.1566, 0.2694, 0.2077, 0.2231, 122.3, 123.8, 146.8, 161.4, 
165.1, 184.4, 202.4, 190.1, 218.9, 294.6, 273.4, 41, 216, 474, 
1996, 2320, 1894, 1388, 952, 1880, 1914, 559, 3, 7, 3, 1, 2, 
1, 1, 1, 1, 1, 1, 100, 100, 100, 100, 100, 100, 100, 100, 100, 
100, 100, 2500, 2500, 2500, 2500, 2500, 2500, 2500, 2500, 2500, 
2500, 2500, 9041.365, 12132.427, 13445.177, 14091.552, 14922.588, 
15718.552, 17112.256, 17105.766, 17525.833, 18393.212, 19725.157, 
1, 1, 1, 1, 1, 1, 1, 1, 1, 1, 1, 0.33333, 0.33333, 0.33333, 0.33333, 
0.33333, 0.33333, 0.33333, 0.33333, 0.33333, 0.33333, 0.33333, 
0, 0, 0, 0, 0, 0, 0, 0, 0, 0, 0, 0, 0, 0, 0, 0, 0, 0, 0, 0, 0, 
0, 0.91403, 0.91835, 0.9108, 0.90912, 0.90857, 0.90971, 0.91227, 
0.91594, 0.91379, 0.91375, 0.91269, 0.91525, 0.91724, 0.90876, 
0.90814, 0.91034, 0.91053, 0.91074, 0.91595, 0.91722, 0.91503, 
0.91637, 0.0581, 0.0758, 0.0878, 0.0996, 0.1105, 0.1171, 0.135, 
0.1429, 0.1592, 0.1744, 0.1859, 140.1, 157.4, 169.5, 181.7, 201.6, 
211.3, 223.7, 224.7, 240.6, 245.7, 257.8, 1, 1, 1, 1, 1, 1, 1, 
1, 1, 1, 1, 1, 1, 1, 1, 1, 1, 1, 1, 1, 1, 1, 1, 1, 1, 1, 1, 1, 
1, 1, 1, 1, 1, 1, 1, 1, 1, 1, 1, 1, 1, 1, 1, 1, 3.011, 4.083, 
4.192, 4.347, 4.322, 4.267, 4.423, 4.636, 4.672, 4.801, 4.926
), .Dim = c(11L, 40L), .Dimnames = list(NULL, c("Sampling", "PSO.cost", 
"PSO.gamma", "PSO.data.balancing", "PSO.feature.selection", "PSO.valid.acc", 
"PSO.test.acc", "PSO.train.time", "PSO.n.support.vectors", "PSO.index", 
"PSO.n.solutions", "PSO.generations", "PSO.n.evaluations", "PSO.cpu.time", 
"RS.cost", "RS.gamma", "RS.data.balancing", "RS.feature.selection", 
"RS.valid.acc", "RS.test.acc", "RS.train.time", "RS.n.support.vectors", 
"RS.index", "RS.n.solutions", "RS.generations", "RS.n.evaluations", 
"RS.cpu.time", "DF.cost", "DF.gamma", "DF.data.balancing", "DF.feature.selection", 
"DF.valid.acc", "DF.test.acc", "DF.train.time", "DF.n.support.vectors", 
"DF.index", "DF.n.solutions", "DF.generations", "DF.n.evaluations", 
"DF.cpu.time")))
