full <-
structure(c(50, 55, 60, 65, 70, 75, 80, 85, 90, 95, 100, 5.36173, 
6.45071, 7.20758, 4.91303, 10.81629, 11.02179, -1.24148, 0.92064, 
3.46793, 4.34922, 6.24676, -5.9175, -4.34845, -4.47952, -4.94417, 
-5.56842, -8.9293, -0.54395, -1.40984, -1.43083, -2.49508, -2.96653, 
0, 0, 0, 0, 0, 0, 0, 0, 0, 0, 0, 0, 0, 0, 0, 0, 0, 0, 0, 0, 0, 
0, 0.90908, 0.90283, 0.9108, 0.91011, 0.90774, 0.91469, 0.91152, 
0.91598, 0.91718, 0.91897, 0.91883, 0.90541, 0.90057, 0.90157, 
0.90725, 0.9007, 0.91142, 0.90998, 0.91523, 0.91238, 0.91768, 
0.9133, 0.0524, 0.0998, 0.1383, 0.0898, 0.3988, 0.1477, 0.1306, 
0.1372, 0.1943, 0.2302, 0.3174, 106.2, 132.2, 139.6, 133.4, 156.5, 
140.1, 244.4, 217.7, 225.9, 220.8, 225.4, 1062, 66, 1378, 128, 
781, 302, 1365, 486, 767, 386, 1137, 43, 28, 8, 184, 26, 87, 
14, 142, 103, 226, 36, 100, 100, 100, 100, 100, 100, 100, 100, 
100, 100, 100, 2500, 2500, 2500, 2500, 2500, 2500, 2500, 2500, 
2500, 2500, 2500, 9188.341, 11675.966, 9989.183, 9618.25399999999, 
14735.68, 12052.701, 10089.648, 11727.182, 12177.37, 14067.198, 
13632.445, 14.61714, 7.07601, 6.99326, 0.972, 10.10602, 11.02176, 
0.48424, 8.12843, 3.04466, 11.84589, 0.43106, -10.53208, -4.40995, 
-4.10692, -2.67113, -5.3208, -8.91362, -1.13915, -5.8514, -1.26596, 
-7.18893, -0.95481, 0, 0, 0, 0, 0, 0, 0, 0, 0, 0, 0, 0, 0, 0, 
0, 0, 0, 0, 0, 0, 0, 0, 0.90783, 0.90171, 0.90877, 0.90918, 0.90774, 
0.91469, 0.91147, 0.91525, 0.91649, 0.91769, 0.91821, 0.90416, 
0.90054, 0.90463, 0.90628, 0.90157, 0.91142, 0.91303, 0.9138, 
0.91374, 0.91443, 0.9182, 0.1359, 0.1108, 0.1345, 0.0828, 0.3274, 
0.1495, 0.1331, 0.2494, 0.1909, 0.8526, 0.2095, 105.1, 134.1, 
144.4, 159.3, 156, 139.7, 220.7, 169, 230.2, 189, 280.4, 712, 
2318, 480, 624, 705, 148, 2064, 114, 426, 7, 423, 3, 4, 3, 1, 
1, 1, 1, 9, 1, 8, 3, 100, 100, 100, 100, 100, 100, 100, 100, 
100, 100, 100, 2500, 2500, 2500, 2500, 2500, 2500, 2500, 2500, 
2500, 2500, 2500, 9974.265, 9931.319, 10706.277, 11044.261, 12074.743, 
12275.48, 13038.136, 13902.412, 15615.467, 16569.321, 17490.526, 
1, 1, 1, 1, 1, 1, 1, 1, 1, 1, 1, 0.33333, 0.33333, 0.33333, 0.33333, 
0.33333, 0.33333, 0.33333, 0.33333, 0.33333, 0.33333, 0.33333, 
0, 0, 0, 0, 0, 0, 0, 0, 0, 0, 0, 0, 0, 0, 0, 0, 0, 0, 0, 0, 0, 
0, 0.90541, 0.89608, 0.90675, 0.90538, 0.90419, 0.90976, 0.90688, 
0.91453, 0.91374, 0.91638, 0.91575, 0.90298, 0.89828, 0.90158, 
0.90817, 0.90419, 0.91389, 0.90918, 0.91236, 0.91101, 0.91378, 
0.91883, 0.0597, 0.069, 0.0846, 0.0911, 0.1024, 0.1059, 0.1187, 
0.1354, 0.1502, 0.1719, 0.187, 144.2, 159.2, 170.3, 176, 186.2, 
194.5, 208.5, 214.6, 231.9, 244.8, 257.8, 1, 1, 1, 1, 1, 1, 1, 
1, 1, 1, 1, 1, 1, 1, 1, 1, 1, 1, 1, 1, 1, 1, 1, 1, 1, 1, 1, 1, 
1, 1, 1, 1, 1, 1, 1, 1, 1, 1, 1, 1, 1, 1, 1, 1, 3.493, 3.375, 
3.715, 3.686, 3.819, 3.608, 3.647, 3.997, 3.976, 4.362, 4.41), .Dim = c(11L, 
40L), .Dimnames = list(NULL, c("Sampling", "PSO.cost", "PSO.gamma", 
"PSO.data.balancing", "PSO.feature.selection", "PSO.valid.acc", 
"PSO.test.acc", "PSO.train.time", "PSO.n.support.vectors", "PSO.index", 
"PSO.n.solutions", "PSO.generations", "PSO.n.evaluations", "PSO.cpu.time", 
"RS.cost", "RS.gamma", "RS.data.balancing", "RS.feature.selection", 
"RS.valid.acc", "RS.test.acc", "RS.train.time", "RS.n.support.vectors", 
"RS.index", "RS.n.solutions", "RS.generations", "RS.n.evaluations", 
"RS.cpu.time", "DF.cost", "DF.gamma", "DF.data.balancing", "DF.feature.selection", 
"DF.valid.acc", "DF.test.acc", "DF.train.time", "DF.n.support.vectors", 
"DF.index", "DF.n.solutions", "DF.generations", "DF.n.evaluations", 
"DF.cpu.time")))
