full <-
structure(c(50, 55, 60, 65, 70, 75, 80, 85, 90, 95, 100, -0.09644, 
10.59871, 2.89623, 1.76707, -0.4914, 2.15331, 1.33902, 9.49558, 
11.0757, 0.02961, 2.32173, -1.79936, -3.0959, -1.73565, -4.10497, 
-0.54546, -0.60799, -0.30973, -4.30781, -5.42247, -0.40225, -1.40054, 
0, 0, 0, 0, 0, 0, 0, 0, 0, 0, 0, 0, 0, 0, 0, 0, 0, 0, 0, 0, 0, 
0, 0.90897, 0.90605, 0.90776, 0.91008, 0.91556, 0.92119, 0.9238, 
0.91813, 0.91856, 0.91765, 0.9188, 0.90411, 0.89489, 0.90156, 
0.90437, 0.91558, 0.91958, 0.92072, 0.91667, 0.91925, 0.91569, 
0.9145, 0.0568, 0.2718, 0.091, 0.0736, 0.1133, 0.1367, 0.1576, 
0.4599, 0.7688, 0.1942, 0.2184, 147.1, 151, 164.5, 139, 228.4, 
237.3, 255.2, 190.8, 194.3, 294.2, 260.5, 1607, 375, 55, 179, 
1386, 451, 96, 319, 183, 1123, 237, 33, 300, 128, 217, 73, 87, 
295, 235, 157, 390, 578, 100, 100, 100, 100, 100, 100, 100, 100, 
100, 100, 100, 2500, 2500, 2500, 2500, 2500, 2500, 2500, 2500, 
2500, 2500, 2500, 11721.127, 15997.228, 12375.088, 9719.027, 
10746.654, 10425.017, 11851.608, 27558.037, 51284.287, 11564.309, 
13411.456, 0.00457, 10.79997, 2.95467, 2.8475, -0.52768, -0.09103, 
2.0335, 11.41105, 11.534, 0.02793, 0.94325, -1.66011, -3.08948, 
-1.74151, -4.50265, -0.34488, -0.61238, -0.8359, -4.68121, -5.58373, 
-0.43181, -1.08715, 0, 0, 0, 0, 0, 0, 0, 0, 0, 0, 0, 0, 0, 0, 
0, 0, 0, 0, 0, 0, 0, 0, 0.90776, 0.90605, 0.90776, 0.91008, 0.91383, 
0.9204, 0.92227, 0.91742, 0.91856, 0.91765, 0.91758, 0.90286, 
0.89489, 0.90156, 0.90344, 0.91558, 0.91875, 0.92072, 0.91596, 
0.91925, 0.91569, 0.91575, 0.057, 0.2936, 0.0916, 0.0735, 0.1204, 
0.1342, 0.1504, 0.8652, 0.9218, 0.1926, 0.2103, 148.5, 151, 164.9, 
139.3, 237.3, 236.9, 231.3, 194.1, 192.4, 291, 278.6, 296, 31, 
292, 463, 240, 2271, 2214, 2080, 955, 128, 465, 1, 4, 1, 2, 2, 
1, 1, 4, 2, 1, 3, 100, 100, 100, 100, 100, 100, 100, 100, 100, 
100, 100, 2500, 2500, 2500, 2500, 2500, 2500, 2500, 2500, 2500, 
2500, 2500, 9564.936, 10634.072, 11342.316, 11470.132, 12130.488, 
12959.917, 13653.438, 14883.962, 16166.993, 16908.573, 17939.83, 
1, 1, 1, 1, 1, 1, 1, 1, 1, 1, 1, 0.33333, 0.33333, 0.33333, 0.33333, 
0.33333, 0.33333, 0.33333, 0.33333, 0.33333, 0.33333, 0.33333, 
0, 0, 0, 0, 0, 0, 0, 0, 0, 0, 0, 0, 0, 0, 0, 0, 0, 0, 0, 0, 0, 
0, 0.90651, 0.90046, 0.90161, 0.90819, 0.91117, 0.91627, 0.91918, 
0.91454, 0.91377, 0.91441, 0.9139, 0.90407, 0.90271, 0.90569, 
0.90722, 0.91207, 0.91628, 0.91842, 0.91381, 0.91513, 0.91374, 
0.91452, 0.0629, 0.0702, 0.0812, 0.0897, 0.0998, 0.1154, 0.1263, 
0.1351, 0.1464, 0.16, 0.1826, 150.1, 160.5, 171.2, 179.4, 190.2, 
200.6, 206.1, 223.7, 234.2, 242, 256.8, 1, 1, 1, 1, 1, 1, 1, 
1, 1, 1, 1, 1, 1, 1, 1, 1, 1, 1, 1, 1, 1, 1, 1, 1, 1, 1, 1, 1, 
1, 1, 1, 1, 1, 1, 1, 1, 1, 1, 1, 1, 1, 1, 1, 1, 3.567, 3.511, 
3.652, 3.757, 3.727, 3.967, 3.978, 4.019, 4.078, 4.103, 4.348
), .Dim = c(11L, 40L), .Dimnames = list(NULL, c("Sampling", "PSO.cost", 
"PSO.gamma", "PSO.data.balancing", "PSO.feature.selection", "PSO.valid.acc", 
"PSO.test.acc", "PSO.train.time", "PSO.n.support.vectors", "PSO.index", 
"PSO.n.solutions", "PSO.generations", "PSO.n.evaluations", "PSO.cpu.time", 
"RS.cost", "RS.gamma", "RS.data.balancing", "RS.feature.selection", 
"RS.valid.acc", "RS.test.acc", "RS.train.time", "RS.n.support.vectors", 
"RS.index", "RS.n.solutions", "RS.generations", "RS.n.evaluations", 
"RS.cpu.time", "DF.cost", "DF.gamma", "DF.data.balancing", "DF.feature.selection", 
"DF.valid.acc", "DF.test.acc", "DF.train.time", "DF.n.support.vectors", 
"DF.index", "DF.n.solutions", "DF.generations", "DF.n.evaluations", 
"DF.cpu.time")))
