full <-
structure(c(50, 55, 60, 65, 70, 75, 80, 85, 90, 95, 100, 9.14727, 
2.58485, 1.73452, 7.27721, 1.72017, -0.34337, 0.59147, 0.39083, 
0.47262, 0.73757, 0.23328, -6.6706, -6.32939, -6.80707, -4.67426, 
-5.50828, -5.06488, -3.91999, -4.84387, -4.29891, -4.68208, -4.9177, 
0, 0, 0, 0, 0, 0, 0, 0, 0, 0, 0, 0, 0, 0, 0, 0, 0, 0, 0, 0, 0, 
0, 0.5444, 0.5776, 0.6153, 0.55742, 0.51368, 0.54833, 0.54926, 
0.54053, 0.58504, 0.58486, 0.5602, 0.47015, 0.54823, 0.57775, 
0.55266, 0.49522, 0.48464, 0.54375, 0.55089, 0.56318, 0.54949, 
0.54065, 0.03, 0.0303, 0.0308, 0.0342, 0.0355, 0.0363, 0.0431, 
0.0439, 0.0453, 0.0513, 0.0482, 73.8, 81.5, 89, 100.7, 105.9, 
116.1, 123.7, 129.5, 137.1, 143.9, 149.9, 349, 565, 853, 335, 
308, 2077, 829, 667, 1886, 775, 1249, 55, 91, 119, 634, 262, 
37, 371, 546, 34, 627, 149, 100, 100, 100, 100, 100, 100, 100, 
100, 100, 100, 100, 2500, 2500, 2500, 2500, 2500, 2500, 2500, 
2500, 2500, 2500, 2500, 7231.779, 7421.039, 7406.495, 7668.719, 
7688.42200000001, 7744.68799999999, 8094.427, 7830.341, 8005.973, 
8131.39299999998, 8093.734, 2.99327, 2.49308, 1.53195, 11.56429, 
1.73832, -0.07782, 0.52535, 0.49118, 0.45006, 0.62748, 0.96157, 
-4.96402, -6.21494, -6.72473, -4.66411, -6.13727, -5.05671, -3.62259, 
-5.62824, -4.36462, -4.46994, -4.21969, 0, 0, 0, 0, 0, 0, 0, 
0, 0, 0, 0, 0, 0, 0, 0, 0, 0, 0, 0, 0, 0, 0, 0.54921, 0.5776, 
0.6053, 0.55742, 0.51856, 0.5269, 0.53976, 0.52242, 0.56834, 
0.5796, 0.55014, 0.48596, 0.55732, 0.57775, 0.55266, 0.50869, 
0.50333, 0.53778, 0.55158, 0.56318, 0.55808, 0.5462, 0.0306, 
0.0311, 0.0319, 0.0337, 0.0337, 0.0384, 0.0414, 0.0422, 0.0457, 
0.0516, 0.0527, 76.9, 82, 89.3, 100.7, 104.4, 115, 124.1, 128.7, 
136.6, 144.8, 151.1, 1091, 1714, 1548, 66, 687, 140, 805, 47, 
1221, 2434, 1606, 1, 1, 1, 2, 1, 1, 1, 1, 1, 1, 1, 100, 100, 
100, 100, 100, 100, 100, 100, 100, 100, 100, 2500, 2500, 2500, 
2500, 2500, 2500, 2500, 2500, 2500, 2500, 2500, 7377.836, 7562.064, 
7374.974, 7720.514, 7785.00900000001, 7806.357, 7866.981, 7931.21400000001, 
7846.3, 8168.85500000001, 8131.96500000003, 1, 1, 1, 1, 1, 1, 
1, 1, 1, 1, 1, 0.03571, 0.03571, 0.03571, 0.03571, 0.03571, 0.03571, 
0.03571, 0.03571, 0.03571, 0.03571, 0.03571, 0, 0, 0, 0, 0, 0, 
0, 0, 0, 0, 0, 0, 0, 0, 0, 0, 0, 0, 0, 0, 0, 0, 0.46021, 0.53467, 
0.53576, 0.53544, 0.47771, 0.50554, 0.51101, 0.5216, 0.52745, 
0.55754, 0.53432, 0.45541, 0.54531, 0.52619, 0.50458, 0.47274, 
0.50333, 0.52999, 0.56269, 0.54422, 0.54423, 0.53565, 0.0304, 
0.0317, 0.032, 0.0333, 0.0371, 0.0393, 0.0398, 0.0446, 0.0462, 
0.0485, 0.0527, 77.6, 85.5, 93.4, 101.3, 109, 115.3, 121.7, 130, 
136.8, 144.5, 150.4, 1, 1, 1, 1, 1, 1, 1, 1, 1, 1, 1, 1, 1, 1, 
1, 1, 1, 1, 1, 1, 1, 1, 1, 1, 1, 1, 1, 1, 1, 1, 1, 1, 1, 1, 1, 
1, 1, 1, 1, 1, 1, 1, 1, 1, 3.022, 3.1, 2.956, 3.185, 3.168, 3.213, 
3.245, 3.244, 3.191, 3.167, 3.301), .Dim = c(11L, 40L), .Dimnames = list(
    NULL, c("Sampling", "PSO.cost", "PSO.gamma", "PSO.data.balancing", 
    "PSO.feature.selection", "PSO.valid.acc", "PSO.test.acc", 
    "PSO.train.time", "PSO.n.support.vectors", "PSO.index", "PSO.n.solutions", 
    "PSO.generations", "PSO.n.evaluations", "PSO.cpu.time", "RS.cost", 
    "RS.gamma", "RS.data.balancing", "RS.feature.selection", 
    "RS.valid.acc", "RS.test.acc", "RS.train.time", "RS.n.support.vectors", 
    "RS.index", "RS.n.solutions", "RS.generations", "RS.n.evaluations", 
    "RS.cpu.time", "DF.cost", "DF.gamma", "DF.data.balancing", 
    "DF.feature.selection", "DF.valid.acc", "DF.test.acc", "DF.train.time", 
    "DF.n.support.vectors", "DF.index", "DF.n.solutions", "DF.generations", 
    "DF.n.evaluations", "DF.cpu.time")))
