full <-
structure(c(50, 55, 60, 65, 70, 75, 80, 85, 90, 95, 100, 2.46322, 
2.06934, 3.29151, 1, 6.00439, 1.3594, 1.45327, 5.5686, 0.88418, 
1.19241, 13.04509, -6.96814, -6.47252, -7.4414, 0.03571, -4.1259, 
-4.65712, -5.50528, -4.59086, -4.50561, -3.75189, -4.751, 0, 
0, 0, 0, 0, 0, 0, 0, 0, 0, 0, 0, 0, 0, 0, 0, 0, 0, 0, 0, 0, 0, 
0.57851, 0.54722, 0.55111, 0.55086, 0.54515, 0.55855, 0.55587, 
0.55306, 0.60142, 0.56122, 0.55114, 0.55644, 0.54404, 0.49394, 
0.52817, 0.51218, 0.53008, 0.50657, 0.49921, 0.56871, 0.53791, 
0.55651, 0.0284, 0.0285, 0.0326, 0.0351, 0.0371, 0.0402, 0.0409, 
0.0451, 0.0492, 0.0518, 0.0522, 73.3, 80.2, 86.1, 100.2, 107.5, 
113, 118.9, 129.7, 136.6, 147.4, 148.2, 199, 1392, 1461, 1, 89, 
971, 484, 2071, 775, 1286, 239, 121, 72, 43, 1, 1364, 165, 492, 
1, 142, 144, 679, 100, 100, 100, 100, 100, 100, 100, 100, 100, 
100, 100, 2500, 2500, 2500, 2500, 2500, 2500, 2500, 2500, 2500, 
2500, 2500, 7353.202, 7395.19, 7861.404, 7912.036, 7922.026, 
8091.848, 7830.527, 7873.58199999999, 8072.78600000001, 8031.617, 
8196.56599999999, 2.97116, 1.33456, 3.37183, -0.1689, 13.87666, 
1.06911, 1.36417, 5.21206, 1.25727, 1.11113, 1.35449, -6.3955, 
-4.95678, -7.54882, -4.61446, -4.06559, -4.82242, -5.55135, -4.33554, 
-4.40681, -3.81233, -4.91563, 0, 0, 0, 0, 0, 0, 0, 0, 0, 0, 0, 
0, 0, 0, 0, 0, 0, 0, 0, 0, 0, 0, 0.56942, 0.5448, 0.54277, 0.54984, 
0.54515, 0.55141, 0.55587, 0.54882, 0.59008, 0.54455, 0.55296, 
0.55417, 0.51167, 0.50227, 0.52112, 0.51218, 0.52061, 0.52552, 
0.49921, 0.56315, 0.543, 0.5536, 0.0303, 0.0324, 0.0321, 0.0348, 
0.0377, 0.0388, 0.0426, 0.0486, 0.0465, 0.0486, 0.053, 73.5, 
84.1, 86.1, 100.6, 107.6, 112.8, 118.9, 130.6, 136.9, 147.3, 
148.6, 477, 390, 1826, 899, 40, 272, 373, 2213, 853, 2413, 2298, 
3, 4, 1, 1, 21, 3, 1, 1, 1, 1, 1, 100, 100, 100, 100, 100, 100, 
100, 100, 100, 100, 100, 2500, 2500, 2500, 2500, 2500, 2500, 
2500, 2500, 2500, 2500, 2500, 7305.781, 7549.182, 8053.77, 7901.516, 
8141.44, 7986.783, 7823.094, 7824.43599999999, 7979.497, 8079.40300000002, 
8199.27299999999, 1, 1, 1, 1, 1, 1, 1, 1, 1, 1, 1, 0.03571, 0.03571, 
0.03571, 0.03571, 0.03571, 0.03571, 0.03571, 0.03571, 0.03571, 
0.03571, 0.03571, 0, 0, 0, 0, 0, 0, 0, 0, 0, 0, 0, 0, 0, 0, 0, 
0, 0, 0, 0, 0, 0, 0, 0.48263, 0.51071, 0.49212, 0.55086, 0.52043, 
0.51527, 0.48762, 0.53171, 0.54649, 0.52188, 0.5404, 0.51624, 
0.49424, 0.49148, 0.52817, 0.50313, 0.50225, 0.50657, 0.53005, 
0.55106, 0.54247, 0.54757, 0.031, 0.0333, 0.0348, 0.0341, 0.0373, 
0.0383, 0.0418, 0.0442, 0.0459, 0.0452, 0.0506, 76.7, 84.9, 92.8, 
100.2, 107.4, 113.8, 122.3, 129.9, 136.8, 145.5, 150.8, 1, 1, 
1, 1, 1, 1, 1, 1, 1, 1, 1, 1, 1, 1, 1, 1, 1, 1, 1, 1, 1, 1, 1, 
1, 1, 1, 1, 1, 1, 1, 1, 1, 1, 1, 1, 1, 1, 1, 1, 1, 1, 1, 1, 1, 
3.034, 3.139, 3.228, 3.006, 3.185, 3.107, 3.167, 3.125, 3.197, 
3.23, 3.228), .Dim = c(11L, 40L), .Dimnames = list(NULL, c("Sampling", 
"PSO.cost", "PSO.gamma", "PSO.data.balancing", "PSO.feature.selection", 
"PSO.valid.acc", "PSO.test.acc", "PSO.train.time", "PSO.n.support.vectors", 
"PSO.index", "PSO.n.solutions", "PSO.generations", "PSO.n.evaluations", 
"PSO.cpu.time", "RS.cost", "RS.gamma", "RS.data.balancing", "RS.feature.selection", 
"RS.valid.acc", "RS.test.acc", "RS.train.time", "RS.n.support.vectors", 
"RS.index", "RS.n.solutions", "RS.generations", "RS.n.evaluations", 
"RS.cpu.time", "DF.cost", "DF.gamma", "DF.data.balancing", "DF.feature.selection", 
"DF.valid.acc", "DF.test.acc", "DF.train.time", "DF.n.support.vectors", 
"DF.index", "DF.n.solutions", "DF.generations", "DF.n.evaluations", 
"DF.cpu.time")))
