full <-
structure(c(50, 55, 60, 65, 70, 75, 80, 85, 90, 95, 100, 4.58375, 
4.55071, 1.5584, 0.18917, 1.49453, 9.78508, 6.7489, -0.07231, 
0.3177, 0.73389, 1.33809, -9.19238, -9.89434, -6.12893, -5.89833, 
-6.6842, -15, -12.25171, -5.19538, -5.3174, -4.07972, -5.15147, 
0, 0, 0, 0, 0, 0, 0, 0, 0, 0, 0, 0, 0, 0, 0, 0, 0, 0, 0, 0, 0, 
0, 0.58467, 0.53283, 0.56699, 0.57172, 0.59553, 0.58531, 0.55338, 
0.54648, 0.53519, 0.56897, 0.54399, 0.56995, 0.47576, 0.55968, 
0.54672, 0.55293, 0.57109, 0.55082, 0.51643, 0.53888, 0.53057, 
0.52669, 0.0267, 0.0307, 0.0333, 0.0348, 0.0355, 0.0361, 0.0388, 
0.0423, 0.0437, 0.0511, 0.0503, 73.2, 79.8, 87.6, 97.4, 102.2, 
106.1, 114.7, 128.2, 135.2, 146.1, 147.2, 1411, 85, 596, 485, 
1457, 158, 292, 1040, 608, 1414, 341, 19, 222, 388, 71, 16, 153, 
113, 133, 106, 79, 158, 100, 100, 100, 100, 100, 100, 100, 100, 
100, 100, 100, 2500, 2500, 2500, 2500, 2500, 2500, 2500, 2500, 
2500, 2500, 2500, 6988.293, 7477.926, 7674.529, 7698.485, 7807.942, 
7880.86199999999, 7881.86300000001, 8004.85400000001, 8022.82699999999, 
8141.34900000002, 8027.59, 4.4632, 3.53323, 1.28198, 0.07079, 
1.45444, 7.59587, 8.19656, 0.16624, 0.24642, 0.30436, 0.56718, 
-9.03279, -8.86688, -5.88527, -5.67826, -6.47228, -12.70718, 
-13.69219, -5.51135, -4.0551, -5.08359, -5.83054, 0, 0, 0, 0, 
0, 0, 0, 0, 0, 0, 0, 0, 0, 0, 0, 0, 0, 0, 0, 0, 0, 0, 0.58265, 
0.53283, 0.56032, 0.56339, 0.5872, 0.58531, 0.55338, 0.54648, 
0.53475, 0.55818, 0.53812, 0.56995, 0.47576, 0.55968, 0.54672, 
0.5396, 0.57775, 0.55082, 0.51613, 0.49619, 0.54204, 0.52175, 
0.0289, 0.0309, 0.0335, 0.035, 0.0358, 0.0366, 0.0371, 0.0425, 
0.0479, 0.0487, 0.0477, 73.2, 80, 88.2, 97.8, 102.7, 105.9, 114.6, 
127.1, 139.2, 144, 147.1, 415, 272, 381, 553, 59, 103, 106, 1838, 
2130, 438, 1795, 3, 1, 1, 1, 1, 9, 6, 1, 1, 1, 1, 100, 100, 100, 
100, 100, 100, 100, 100, 100, 100, 100, 2500, 2500, 2500, 2500, 
2500, 2500, 2500, 2500, 2500, 2500, 2500, 7363.2, 7549.864, 7669.334, 
7781.826, 7867.173, 7935.251, 7913.818, 8068.144, 8076.348, 8036.89499999999, 
8022.897, 1, 1, 1, 1, 1, 1, 1, 1, 1, 1, 1, 0.03571, 0.03571, 
0.03571, 0.03571, 0.03571, 0.03571, 0.03571, 0.03571, 0.03571, 
0.03571, 0.03571, 0, 0, 0, 0, 0, 0, 0, 0, 0, 0, 0, 0, 0, 0, 0, 
0, 0, 0, 0, 0, 0, 0, 0.50495, 0.52449, 0.51187, 0.54855, 0.55903, 
0.553, 0.53312, 0.51728, 0.52368, 0.53613, 0.52651, 0.51649, 
0.47652, 0.53699, 0.53958, 0.52626, 0.58125, 0.53771, 0.51498, 
0.52082, 0.5473, 0.54227, 0.0294, 0.0325, 0.0336, 0.0345, 0.0367, 
0.0375, 0.0398, 0.0439, 0.0461, 0.0479, 0.0494, 77.2, 85.4, 92.2, 
100.2, 106.6, 114.5, 122, 129, 136.5, 145.2, 149.7, 1, 1, 1, 
1, 1, 1, 1, 1, 1, 1, 1, 1, 1, 1, 1, 1, 1, 1, 1, 1, 1, 1, 1, 1, 
1, 1, 1, 1, 1, 1, 1, 1, 1, 1, 1, 1, 1, 1, 1, 1, 1, 1, 1, 1, 2.891, 
3.051, 3.082, 3.115, 3.099, 3.166, 3.226, 3.202, 3.204, 3.214, 
3.227), .Dim = c(11L, 40L), .Dimnames = list(NULL, c("Sampling", 
"PSO.cost", "PSO.gamma", "PSO.data.balancing", "PSO.feature.selection", 
"PSO.valid.acc", "PSO.test.acc", "PSO.train.time", "PSO.n.support.vectors", 
"PSO.index", "PSO.n.solutions", "PSO.generations", "PSO.n.evaluations", 
"PSO.cpu.time", "RS.cost", "RS.gamma", "RS.data.balancing", "RS.feature.selection", 
"RS.valid.acc", "RS.test.acc", "RS.train.time", "RS.n.support.vectors", 
"RS.index", "RS.n.solutions", "RS.generations", "RS.n.evaluations", 
"RS.cpu.time", "DF.cost", "DF.gamma", "DF.data.balancing", "DF.feature.selection", 
"DF.valid.acc", "DF.test.acc", "DF.train.time", "DF.n.support.vectors", 
"DF.index", "DF.n.solutions", "DF.generations", "DF.n.evaluations", 
"DF.cpu.time")))
