full <-
structure(c(50, 55, 60, 65, 70, 75, 80, 85, 90, 95, 100, 4.81341, 
2.13832, 5.0615, 6.00549, -0.28294, -0.17658, 2.22665, 0.95642, 
0.59199, 1.80734, 0.62087, -8.80259, -6.68675, -9.31517, -10.08306, 
-5.03152, -4.56088, -8.62877, -6.74396, -4.85309, -5.75637, -4.64273, 
0, 0, 0, 0, 0, 0, 0, 0, 0, 0, 0, 0, 0, 0, 0, 0, 0, 0, 0, 0, 0, 
0, 0.56414, 0.60541, 0.56725, 0.53462, 0.51, 0.4865, 0.52457, 
0.52551, 0.54671, 0.57674, 0.56135, 0.53136, 0.55671, 0.49971, 
0.51124, 0.48572, 0.42536, 0.45854, 0.48713, 0.54626, 0.53211, 
0.54661, 0.0267, 0.0308, 0.0315, 0.034, 0.0356, 0.0401, 0.0388, 
0.0418, 0.044, 0.0452, 0.0512, 72.7, 80.8, 87, 90.5, 107.4, 115.3, 
120, 127.7, 137.3, 139.7, 149.8, 140, 1415, 380, 708, 1708, 429, 
753, 931, 1837, 1069, 1204, 239, 43, 107, 49, 41, 415, 92, 32, 
26, 60, 165, 100, 100, 100, 100, 100, 100, 100, 100, 100, 100, 
100, 2500, 2500, 2500, 2500, 2500, 2500, 2500, 2500, 2500, 2500, 
2500, 6585.441, 6672.882, 6813.9, 7068.742, 7037.904, 7214.603, 
7238.78300000001, 7430.75599999999, 7413.51299999999, 7451.806, 
7692.22699999998, 5.33509, 1.97675, 9.09173, 7.44753, -0.23445, 
0.06963, 2.15546, 1.30602, 0.23557, 1.01944, 0.85443, -9.34332, 
-6.4793, -13.32257, -11.56723, -5.28994, -4.63709, -8.5808, -7.22514, 
-5.86313, -5.40863, -4.49957, 0, 0, 0, 0, 0, 0, 0, 0, 0, 0, 0, 
0, 0, 0, 0, 0, 0, 0, 0, 0, 0, 0, 0.56414, 0.58723, 0.55892, 0.53462, 
0.50091, 0.47461, 0.52457, 0.52051, 0.54652, 0.56783, 0.55661, 
0.53136, 0.54671, 0.49138, 0.51124, 0.50314, 0.44391, 0.45139, 
0.48088, 0.50733, 0.5531, 0.55605, 0.0286, 0.0287, 0.0321, 0.0337, 
0.0355, 0.0394, 0.0391, 0.0419, 0.045, 0.0474, 0.0524, 72.4, 
80.9, 85.8, 90.3, 107.5, 114.8, 120, 126.9, 136.9, 141.8, 150.4, 
486, 270, 153, 2150, 983, 74, 1883, 757, 2417, 72, 242, 2, 1, 
4, 2, 1, 1, 1, 2, 1, 1, 1, 100, 100, 100, 100, 100, 100, 100, 
100, 100, 100, 100, 2500, 2500, 2500, 2500, 2500, 2500, 2500, 
2500, 2500, 2500, 2500, 6568.953, 6657.505, 6954.456, 7137.612, 
7146.41800000001, 7176.63, 7404.56599999999, 7495.67199999999, 
7234.08900000001, 7605.30899999998, 7542.83499999999, 1, 1, 1, 
1, 1, 1, 1, 1, 1, 1, 1, 0.03571, 0.03571, 0.03571, 0.03571, 0.03571, 
0.03571, 0.03571, 0.03571, 0.03571, 0.03571, 0.03571, 0, 0, 0, 
0, 0, 0, 0, 0, 0, 0, 0, 0, 0, 0, 0, 0, 0, 0, 0, 0, 0, 0, 0.45629, 
0.48841, 0.52255, 0.4862, 0.46782, 0.45256, 0.49921, 0.46833, 
0.52964, 0.5155, 0.53635, 0.46851, 0.48779, 0.50286, 0.48815, 
0.47005, 0.43683, 0.50477, 0.49265, 0.52358, 0.55335, 0.52635, 
0.0294, 0.0291, 0.0333, 0.035, 0.0378, 0.0387, 0.0418, 0.0439, 
0.0439, 0.048, 0.0499, 76.5, 83.2, 92.1, 99.5, 107.4, 114.8, 
122.9, 130.4, 137.9, 145.1, 149.9, 1, 1, 1, 1, 1, 1, 1, 1, 1, 
1, 1, 1, 1, 1, 1, 1, 1, 1, 1, 1, 1, 1, 1, 1, 1, 1, 1, 1, 1, 1, 
1, 1, 1, 1, 1, 1, 1, 1, 1, 1, 1, 1, 1, 1, 2.687, 2.606, 2.835, 
2.835, 2.944, 2.879, 2.952, 2.986, 2.873, 3.052, 2.894), .Dim = c(11L, 
40L), .Dimnames = list(NULL, c("Sampling", "PSO.cost", "PSO.gamma", 
"PSO.data.balancing", "PSO.feature.selection", "PSO.valid.acc", 
"PSO.test.acc", "PSO.train.time", "PSO.n.support.vectors", "PSO.index", 
"PSO.n.solutions", "PSO.generations", "PSO.n.evaluations", "PSO.cpu.time", 
"RS.cost", "RS.gamma", "RS.data.balancing", "RS.feature.selection", 
"RS.valid.acc", "RS.test.acc", "RS.train.time", "RS.n.support.vectors", 
"RS.index", "RS.n.solutions", "RS.generations", "RS.n.evaluations", 
"RS.cpu.time", "DF.cost", "DF.gamma", "DF.data.balancing", "DF.feature.selection", 
"DF.valid.acc", "DF.test.acc", "DF.train.time", "DF.n.support.vectors", 
"DF.index", "DF.n.solutions", "DF.generations", "DF.n.evaluations", 
"DF.cpu.time")))
