full <-
structure(c(50, 55, 60, 65, 70, 75, 80, 85, 90, 95, 100, 0.24273, 
0.74129, 0.5439, 1.04319, 0.48761, 1.70784, 15, 0.57287, 0.39901, 
1.09695, 0.48428, -4.84492, -5.08803, -4.17353, -4.77523, -4.98479, 
-4.13809, -3.94022, -4.74588, -3.9556, -5.39288, -4.11328, 0, 
0, 0, 0, 0, 0, 0, 0, 0, 0, 0, 0, 0, 0, 0, 0, 0, 0, 0, 0, 0, 0, 
0.52646, 0.54364, 0.51056, 0.49621, 0.53924, 0.52739, 0.54931, 
0.58168, 0.54478, 0.58444, 0.57806, 0.48737, 0.48462, 0.48366, 
0.48138, 0.54187, 0.54072, 0.53765, 0.55569, 0.51544, 0.5567, 
0.58449, 0.0268, 0.0308, 0.0335, 0.0371, 0.0371, 0.04, 0.0446, 
0.0427, 0.0475, 0.0488, 0.0552, 76.4, 84.8, 93.5, 100.9, 108.1, 
115.9, 123.5, 128, 139.3, 142, 151.6, 814, 455, 1392, 1157, 391, 
292, 99, 1149, 1043, 349, 2136, 124, 270, 43, 35, 342, 708, 1005, 
163, 72, 538, 6, 100, 100, 100, 100, 100, 100, 100, 100, 100, 
100, 100, 2500, 2500, 2500, 2500, 2500, 2500, 2500, 2500, 2500, 
2500, 2500, 6475.28, 9121.131, 8719.635, 8844.489, 8822.651, 
8857.591, 8964.034, 9022.819, 9120.361, 9150.929, 9311.02399999998, 
0.59595, 0.87495, 0.64915, 1.0563, 2.4702, 0.16312, 14.66834, 
0.4186, 0.18394, 0.82289, 0.82667, -5.21316, -5.10078, -4.111, 
-4.7919, -7.3765, -4.66133, -3.94343, -4.77448, -3.99074, -5.13136, 
-4.55969, 0, 0, 0, 0, 0, 0, 0, 0, 0, 0, 0, 0, 0, 0, 0, 0, 0, 
0, 0, 0, 0, 0, 0.51646, 0.53288, 0.50287, 0.49621, 0.5378, 0.5245, 
0.54931, 0.56428, 0.52808, 0.57362, 0.56254, 0.48737, 0.48462, 
0.49275, 0.48138, 0.49915, 0.51178, 0.53765, 0.54454, 0.5105, 
0.55676, 0.59454, 0.0275, 0.0316, 0.0336, 0.037, 0.0348, 0.0386, 
0.0426, 0.0456, 0.0474, 0.0495, 0.0541, 75.8, 84.8, 93.5, 100.9, 
103.4, 114.9, 123.4, 128.1, 139.2, 143, 149.5, 269, 2041, 549, 
1253, 718, 948, 1017, 694, 545, 864, 1608, 3, 1, 1, 1, 1, 1, 
3, 1, 2, 1, 1, 100, 100, 100, 100, 100, 100, 100, 100, 100, 100, 
100, 2500, 2500, 2500, 2500, 2500, 2500, 2500, 2500, 2500, 2500, 
2500, 7060.309, 8926.577, 8677.375, 8792.675, 8838.553, 8851.67599999999, 
8917.24799999999, 9029.91400000002, 9109.22700000001, 9213.02600000001, 
9280.79399999999, 1, 1, 1, 1, 1, 1, 1, 1, 1, 1, 1, 0.03571, 0.03571, 
0.03571, 0.03571, 0.03571, 0.03571, 0.03571, 0.03571, 0.03571, 
0.03571, 0.03571, 0, 0, 0, 0, 0, 0, 0, 0, 0, 0, 0, 0, 0, 0, 0, 
0, 0, 0, 0, 0, 0, 0, 0.50424, 0.47545, 0.47457, 0.45745, 0.53155, 
0.51117, 0.51723, 0.53377, 0.51007, 0.5258, 0.53645, 0.48646, 
0.4722, 0.47597, 0.49621, 0.5188, 0.50511, 0.51644, 0.53829, 
0.49348, 0.54194, 0.54175, 0.0329, 0.0303, 0.0334, 0.0342, 0.0369, 
0.0385, 0.0407, 0.0424, 0.0464, 0.0505, 0.0493, 76.4, 84.8, 92.9, 
100.9, 108.3, 114.7, 121.6, 128.8, 137, 145, 149.7, 1, 1, 1, 
1, 1, 1, 1, 1, 1, 1, 1, 1, 1, 1, 1, 1, 1, 1, 1, 1, 1, 1, 1, 1, 
1, 1, 1, 1, 1, 1, 1, 1, 1, 1, 1, 1, 1, 1, 1, 1, 1, 1, 1, 1, 3.772, 
3.381, 3.541, 3.474, 3.475, 3.504, 3.509, 3.537, 3.651, 3.901, 
3.612), .Dim = c(11L, 40L), .Dimnames = list(NULL, c("Sampling", 
"PSO.cost", "PSO.gamma", "PSO.data.balancing", "PSO.feature.selection", 
"PSO.valid.acc", "PSO.test.acc", "PSO.train.time", "PSO.n.support.vectors", 
"PSO.index", "PSO.n.solutions", "PSO.generations", "PSO.n.evaluations", 
"PSO.cpu.time", "RS.cost", "RS.gamma", "RS.data.balancing", "RS.feature.selection", 
"RS.valid.acc", "RS.test.acc", "RS.train.time", "RS.n.support.vectors", 
"RS.index", "RS.n.solutions", "RS.generations", "RS.n.evaluations", 
"RS.cpu.time", "DF.cost", "DF.gamma", "DF.data.balancing", "DF.feature.selection", 
"DF.valid.acc", "DF.test.acc", "DF.train.time", "DF.n.support.vectors", 
"DF.index", "DF.n.solutions", "DF.generations", "DF.n.evaluations", 
"DF.cpu.time")))
