full <-
structure(c(50, 55, 60, 65, 70, 75, 80, 85, 90, 95, 100, 0.20134, 
0.41611, 0.18248, 1.65263, 0.40365, 7.08873, 0.64102, 9.80442, 
0.80979, 0.57814, 0.46842, -7.46095, -4.16819, -3.39561, -5.64532, 
-4.17995, -12.62516, -5.38298, -14.76234, -4.62164, -4.96298, 
-5.16663, 0, 0, 0, 0, 0, 0, 0, 0, 0, 0, 0, 0, 0, 0, 0, 0, 0, 
0, 0, 0, 0, 0, 0.54389, 0.58056, 0.558, 0.57054, 0.56262, 0.56047, 
0.53755, 0.54362, 0.576, 0.55013, 0.55008, 0.49869, 0.55222, 
0.53649, 0.46562, 0.52311, 0.53849, 0.53145, 0.50364, 0.57615, 
0.5337, 0.53479, 0.0263, 0.0292, 0.0354, 0.0338, 0.0391, 0.0379, 
0.0407, 0.0419, 0.0472, 0.0499, 0.0493, 75.6, 84.3, 92.4, 96.9, 
107.6, 106.4, 119.9, 122.4, 137, 143.2, 148.1, 1460, 599, 1592, 
602, 1024, 357, 570, 229, 1454, 706, 615, 20, 480, 11, 171, 204, 
36, 57, 44, 210, 354, 39, 100, 100, 100, 100, 100, 100, 100, 
100, 100, 100, 100, 2500, 2500, 2500, 2500, 2500, 2500, 2500, 
2500, 2500, 2500, 2500, 7390.858, 7964.579, 8610.86, 8895.12, 
8915.223, 8917.628, 8974.274, 8771.09300000001, 9012.03, 9128.046, 
9286.59400000001, 0.19423, 0.2418, 0.14301, 0.80806, 0.4431, 
8.41852, -0.4565, 2.19628, 0.83062, 0.55331, 0.3261, -7.5007, 
-4.2045, -3.33, -4.87057, -4.5141, -13.94084, -4.54806, -7.21663, 
-4.7418, -4.31322, -4.84409, 0, 0, 0, 0, 0, 0, 0, 0, 0, 0, 0, 
0, 0, 0, 0, 0, 0, 0, 0, 0, 0, 0, 0.54389, 0.57056, 0.54133, 0.5659, 
0.56159, 0.56047, 0.52941, 0.5481, 0.56489, 0.53988, 0.54531, 
0.48126, 0.55222, 0.53364, 0.51587, 0.53128, 0.54474, 0.51664, 
0.50393, 0.56504, 0.5337, 0.53979, 0.0287, 0.0311, 0.034, 0.0352, 
0.0356, 0.0373, 0.0416, 0.0389, 0.045, 0.051, 0.0526, 75.7, 84.3, 
92.5, 100.1, 107, 106.5, 122.8, 124.3, 137.1, 146, 149.4, 1718, 
2198, 57, 901, 1966, 2371, 1220, 1921, 958, 432, 247, 1, 1, 1, 
1, 1, 1, 1, 1, 1, 1, 1, 100, 100, 100, 100, 100, 100, 100, 100, 
100, 100, 100, 2500, 2500, 2500, 2500, 2500, 2500, 2500, 2500, 
2500, 2500, 2500, 7473.482, 8287.418, 8889.79599999999, 8879.57900000001, 
8899.05100000001, 8950.913, 8942.48400000001, 8881.08799999999, 
9034.16399999999, 9165.98800000001, 9392.796, 1, 1, 1, 1, 1, 
1, 1, 1, 1, 1, 1, 0.03571, 0.03571, 0.03571, 0.03571, 0.03571, 
0.03571, 0.03571, 0.03571, 0.03571, 0.03571, 0.03571, 0, 0, 0, 
0, 0, 0, 0, 0, 0, 0, 0, 0, 0, 0, 0, 0, 0, 0, 0, 0, 0, 0, 0.50535, 
0.53556, 0.51911, 0.53288, 0.54707, 0.54618, 0.49832, 0.52507, 
0.54776, 0.51993, 0.52894, 0.52043, 0.52444, 0.5168, 0.50526, 
0.52359, 0.52426, 0.53544, 0.53033, 0.52539, 0.52876, 0.53976, 
0.0307, 0.0309, 0.0327, 0.0365, 0.0359, 0.0371, 0.0391, 0.0447, 
0.0453, 0.0476, 0.0504, 76.2, 84.1, 91.7, 100.6, 106.6, 114, 
121.4, 130.4, 137.3, 144.7, 150.6, 1, 1, 1, 1, 1, 1, 1, 1, 1, 
1, 1, 1, 1, 1, 1, 1, 1, 1, 1, 1, 1, 1, 1, 1, 1, 1, 1, 1, 1, 1, 
1, 1, 1, 1, 1, 1, 1, 1, 1, 1, 1, 1, 1, 1, 3.055, 3.351, 3.518, 
3.562, 3.553, 3.557, 3.493, 3.599, 3.606, 3.669, 3.788), .Dim = c(11L, 
40L), .Dimnames = list(NULL, c("Sampling", "PSO.cost", "PSO.gamma", 
"PSO.data.balancing", "PSO.feature.selection", "PSO.valid.acc", 
"PSO.test.acc", "PSO.train.time", "PSO.n.support.vectors", "PSO.index", 
"PSO.n.solutions", "PSO.generations", "PSO.n.evaluations", "PSO.cpu.time", 
"RS.cost", "RS.gamma", "RS.data.balancing", "RS.feature.selection", 
"RS.valid.acc", "RS.test.acc", "RS.train.time", "RS.n.support.vectors", 
"RS.index", "RS.n.solutions", "RS.generations", "RS.n.evaluations", 
"RS.cpu.time", "DF.cost", "DF.gamma", "DF.data.balancing", "DF.feature.selection", 
"DF.valid.acc", "DF.test.acc", "DF.train.time", "DF.n.support.vectors", 
"DF.index", "DF.n.solutions", "DF.generations", "DF.n.evaluations", 
"DF.cpu.time")))
