full <-
structure(c(50, 55, 60, 65, 70, 75, 80, 85, 90, 95, 100, 9.22629, 
0.91222, 3.63632, 1.22085, 0.61643, 0.72956, 1.27751, 0.88436, 
0.46429, 2.93656, 2.78456, -3.29062, -5.20488, -8.26693, -5.03265, 
-3.85903, -4.20981, -4.04211, -3.99065, -4.26545, -6.88282, -6.24632, 
0, 0, 0, 0, 0, 0, 0, 0, 0, 0, 0, 0, 0, 0, 0, 0, 0, 0, 0, 0, 0, 
0, 0.49538, 0.49575, 0.54172, 0.56656, 0.5334, 0.54796, 0.57134, 
0.55277, 0.55926, 0.55854, 0.58775, 0.47316, 0.49686, 0.50534, 
0.5497, 0.50001, 0.49761, 0.55638, 0.51426, 0.53834, 0.48642, 
0.5264, 0.0296, 0.0312, 0.0317, 0.0344, 0.0375, 0.039, 0.0444, 
0.0456, 0.0484, 0.0452, 0.0478, 77.6, 84.6, 88.2, 100.3, 108.8, 
116.5, 124.7, 131.5, 138.1, 136.4, 140.3, 34, 742, 184, 2250, 
1947, 859, 1818, 1442, 468, 1043, 755, 939, 313, 210, 4, 10, 
89, 30, 34, 780, 54, 39, 100, 100, 100, 100, 100, 100, 100, 100, 
100, 100, 100, 2500, 2500, 2500, 2500, 2500, 2500, 2500, 2500, 
2500, 2500, 2500, 7594.529, 8677.508, 8842.158, 8914.34, 8914.107, 
8983.102, 9001.36199999999, 9006.07000000001, 9049.35500000001, 
9119.546, 9247.375, 3.30599, 1.88554, 4.91254, 1.65584, 0.26368, 
0.99638, 1.10137, 0.67326, 0.79265, 1.272, 2.86848, -6.32898, 
-5.84894, -9.5454, -5.53916, -4.23363, -4.22729, -4.00204, -5.07917, 
-3.99148, -4.42228, -6.32258, 0, 0, 0, 0, 0, 0, 0, 0, 0, 0, 0, 
0, 0, 0, 0, 0, 0, 0, 0, 0, 0, 0, 0.49879, 0.49142, 0.54172, 0.55912, 
0.53053, 0.54082, 0.55705, 0.54388, 0.53745, 0.55651, 0.5822, 
0.49657, 0.45201, 0.48226, 0.54341, 0.51396, 0.49635, 0.56352, 
0.50192, 0.52742, 0.54845, 0.5264, 0.0269, 0.0303, 0.0324, 0.0335, 
0.0373, 0.0397, 0.0428, 0.0428, 0.0482, 0.0522, 0.0487, 74, 83.6, 
87.9, 99.5, 108.7, 116.1, 124.6, 129, 139.4, 145.6, 139.6, 393, 
483, 506, 1832, 874, 1987, 2328, 57, 1228, 431, 376, 4, 1, 5, 
1, 1, 1, 1, 1, 2, 1, 2, 100, 100, 100, 100, 100, 100, 100, 100, 
100, 100, 100, 2500, 2500, 2500, 2500, 2500, 2500, 2500, 2500, 
2500, 2500, 2500, 8017.654, 8747.51, 8872.288, 8894.02, 8912.901, 
8802.561, 8985.973, 9004.99100000001, 9054.37899999999, 9179.128, 
9408.38, 1, 1, 1, 1, 1, 1, 1, 1, 1, 1, 1, 0.03571, 0.03571, 0.03571, 
0.03571, 0.03571, 0.03571, 0.03571, 0.03571, 0.03571, 0.03571, 
0.03571, 0, 0, 0, 0, 0, 0, 0, 0, 0, 0, 0, 0, 0, 0, 0, 0, 0, 0, 
0, 0, 0, 0, 0.45864, 0.41023, 0.45882, 0.51413, 0.50784, 0.49665, 
0.50981, 0.5317, 0.50823, 0.53584, 0.56537, 0.46157, 0.42397, 
0.45846, 0.48979, 0.49921, 0.46315, 0.52359, 0.51203, 0.52871, 
0.5666, 0.55503, 0.0292, 0.0344, 0.0339, 0.0355, 0.0408, 0.0383, 
0.0409, 0.0448, 0.0432, 0.0482, 0.0506, 77.5, 85.5, 93.1, 101.1, 
108.8, 116.6, 124.2, 131.2, 138, 145.3, 149.7, 1, 1, 1, 1, 1, 
1, 1, 1, 1, 1, 1, 1, 1, 1, 1, 1, 1, 1, 1, 1, 1, 1, 1, 1, 1, 1, 
1, 1, 1, 1, 1, 1, 1, 1, 1, 1, 1, 1, 1, 1, 1, 1, 1, 1, 3.459, 
3.56, 3.545, 3.505, 3.596, 3.555, 3.604, 3.632, 3.591, 3.669, 
3.748), .Dim = c(11L, 40L), .Dimnames = list(NULL, c("Sampling", 
"PSO.cost", "PSO.gamma", "PSO.data.balancing", "PSO.feature.selection", 
"PSO.valid.acc", "PSO.test.acc", "PSO.train.time", "PSO.n.support.vectors", 
"PSO.index", "PSO.n.solutions", "PSO.generations", "PSO.n.evaluations", 
"PSO.cpu.time", "RS.cost", "RS.gamma", "RS.data.balancing", "RS.feature.selection", 
"RS.valid.acc", "RS.test.acc", "RS.train.time", "RS.n.support.vectors", 
"RS.index", "RS.n.solutions", "RS.generations", "RS.n.evaluations", 
"RS.cpu.time", "DF.cost", "DF.gamma", "DF.data.balancing", "DF.feature.selection", 
"DF.valid.acc", "DF.test.acc", "DF.train.time", "DF.n.support.vectors", 
"DF.index", "DF.n.solutions", "DF.generations", "DF.n.evaluations", 
"DF.cpu.time")))
