full <-
structure(c(50, 55, 60, 65, 70, 75, 80, 85, 90, 95, 100, 2.22806, 
2.71301, 0.63165, 0.31449, 3.13091, 1.01323, 0.8375, -0.52503, 
2.21981, -0.31939, 0.39862, -6.68299, -9.51206, -5.53421, -3.87889, 
-9.27525, -4.43095, -4.89646, -5.8029, -5.82481, -4.73174, -4.29603, 
0, 0, 0, 0, 0, 0, 0, 0, 0, 0, 0, 0, 0, 0, 0, 0, 0, 0, 0, 0, 0, 
0, 0.51939, 0.49152, 0.55155, 0.54336, 0.57875, 0.5855, 0.5223, 
0.54274, 0.57427, 0.52766, 0.58321, 0.4176, 0.45334, 0.53552, 
0.51879, 0.55123, 0.49625, 0.52044, 0.50152, 0.51249, 0.48335, 
0.5467, 0.0305, 0.0306, 0.0338, 0.0376, 0.0334, 0.0408, 0.0399, 
0.0404, 0.0437, 0.047, 0.056, 75.9, 83.6, 91.1, 101.3, 105, 116, 
122, 129.7, 131.5, 145.9, 150.6, 525, 685, 501, 1264, 409, 1243, 
1822, 1452, 799, 309, 788, 355, 41, 65, 36, 101, 75, 2, 75, 127, 
43, 750, 100, 100, 100, 100, 100, 100, 100, 100, 100, 100, 100, 
2500, 2500, 2500, 2500, 2500, 2500, 2500, 2500, 2500, 2500, 2500, 
7199.537, 7260.318, 7667.286, 7787.9, 7531.33199999999, 7659.397, 
7621.806, 7659.46399999999, 7669.579, 8885.17199999999, 10396.303, 
3.14639, 2.79526, 8.18484, 0.27565, 2.61512, 0.78419, 1.41041, 
-0.07405, 2.78101, -0.31055, 0.29952, -7.93195, -9.62466, -14.31121, 
-3.84745, -8.93982, -4.59525, -5.42795, -3.81867, -6.06769, -4.71578, 
-4.36584, 0, 0, 0, 0, 0, 0, 0, 0, 0, 0, 0, 0, 0, 0, 0, 0, 0, 
0, 0, 0, 0, 0, 0.50598, 0.49152, 0.55128, 0.54336, 0.57273, 0.57217, 
0.51708, 0.52583, 0.56374, 0.52766, 0.56683, 0.4151, 0.45334, 
0.53246, 0.51776, 0.55806, 0.50244, 0.49515, 0.5012, 0.51249, 
0.48335, 0.54673, 0.0287, 0.0308, 0.0337, 0.0375, 0.0338, 0.041, 
0.042, 0.0434, 0.0435, 0.0512, 0.0526, 74.9, 83.6, 89.6, 101.3, 
105.6, 115.4, 121.2, 131.1, 129.9, 145.9, 150.4, 1348, 791, 350, 
2201, 1082, 281, 1676, 1053, 2343, 869, 2390, 3, 1, 3, 1, 1, 
1, 1, 1, 1, 1, 1, 100, 100, 100, 100, 100, 100, 100, 100, 100, 
100, 100, 2500, 2500, 2500, 2500, 2500, 2500, 2500, 2500, 2500, 
2500, 2500, 7234.046, 7437.872, 7674.498, 7751.481, 7462.394, 
7644.284, 7622.204, 7716.799, 7699.30700000002, 10247.337, 10100.462, 
1, 1, 1, 1, 1, 1, 1, 1, 1, 1, 1, 0.03571, 0.03571, 0.03571, 0.03571, 
0.03571, 0.03571, 0.03571, 0.03571, 0.03571, 0.03571, 0.03571, 
0, 0, 0, 0, 0, 0, 0, 0, 0, 0, 0, 0, 0, 0, 0, 0, 0, 0, 0, 0, 0, 
0, 0.49646, 0.43545, 0.52617, 0.52555, 0.55797, 0.55217, 0.48201, 
0.50662, 0.52779, 0.49922, 0.5315, 0.48439, 0.49012, 0.51552, 
0.53248, 0.55147, 0.5225, 0.49637, 0.49481, 0.50944, 0.50417, 
0.53562, 0.0287, 0.0326, 0.0337, 0.0362, 0.0387, 0.0371, 0.0395, 
0.0415, 0.044, 0.0518, 0.0545, 77.1, 84.7, 91.8, 99.8, 107, 115.9, 
122.7, 129.5, 137.2, 144.9, 150.3, 1, 1, 1, 1, 1, 1, 1, 1, 1, 
1, 1, 1, 1, 1, 1, 1, 1, 1, 1, 1, 1, 1, 1, 1, 1, 1, 1, 1, 1, 1, 
1, 1, 1, 1, 1, 1, 1, 1, 1, 1, 1, 1, 1, 1, 2.795, 3.023, 3.067, 
3.07, 3.07, 2.874, 2.979, 2.916, 3.005, 4.144, 4.105), .Dim = c(11L, 
40L), .Dimnames = list(NULL, c("Sampling", "PSO.cost", "PSO.gamma", 
"PSO.data.balancing", "PSO.feature.selection", "PSO.valid.acc", 
"PSO.test.acc", "PSO.train.time", "PSO.n.support.vectors", "PSO.index", 
"PSO.n.solutions", "PSO.generations", "PSO.n.evaluations", "PSO.cpu.time", 
"RS.cost", "RS.gamma", "RS.data.balancing", "RS.feature.selection", 
"RS.valid.acc", "RS.test.acc", "RS.train.time", "RS.n.support.vectors", 
"RS.index", "RS.n.solutions", "RS.generations", "RS.n.evaluations", 
"RS.cpu.time", "DF.cost", "DF.gamma", "DF.data.balancing", "DF.feature.selection", 
"DF.valid.acc", "DF.test.acc", "DF.train.time", "DF.n.support.vectors", 
"DF.index", "DF.n.solutions", "DF.generations", "DF.n.evaluations", 
"DF.cpu.time")))
