full <-
structure(c(50, 55, 60, 65, 70, 75, 80, 85, 90, 95, 100, 1.81772, 
0.39235, 2.64898, 0.26479, 0.18638, 2.08298, 5.74358, 0.56344, 
0.75505, 15, 0.34839, -3.83121, -4.98593, -5.64213, -4.98569, 
-5.24829, -8.55814, -12.23458, -4.10867, -4.68424, -4.06554, 
-5.96741, 0, 0, 0, 0, 0, 0, 0, 0, 0, 0, 0, 0, 0, 0, 0, 0, 0, 
0, 0, 0, 0, 0, 0.465, 0.56455, 0.51594, 0.53823, 0.50219, 0.52535, 
0.54346, 0.56389, 0.5535, 0.57528, 0.54161, 0.43682, 0.47818, 
0.46945, 0.48182, 0.4749, 0.4758, 0.49475, 0.53505, 0.51861, 
0.55047, 0.53752, 0.0277, 0.0305, 0.0325, 0.0339, 0.0351, 0.0369, 
0.0367, 0.0433, 0.0452, 0.049, 0.0461, 77.3, 85.2, 90.5, 100.3, 
108.1, 112.9, 119, 131.6, 137.2, 146.5, 147.5, 1368, 138, 1570, 
1104, 555, 2427, 54, 1093, 193, 761, 133, 43, 581, 34, 219, 280, 
1, 62, 393, 450, 184, 333, 100, 100, 100, 100, 100, 100, 100, 
100, 100, 100, 100, 2500, 2500, 2500, 2500, 2500, 2500, 2500, 
2500, 2500, 2500, 2500, 6639.444, 6783.879, 6840.197, 6852.255, 
7006.134, 7067.841, 7098.42199999999, 7229.556, 7222.85900000001, 
7390.95400000001, 7305.595, 14.04053, 0.44728, 2.67779, 0.29173, 
-0.07988, 2.09097, 4.71743, 0.51161, 0.23078, 12.49746, 0.31079, 
-3.47203, -4.64842, -5.47928, -5.09727, -5.17245, -8.60702, -11.19428, 
-4.20346, -4.20937, -4.08219, -5.67292, 0, 0, 0, 0, 0, 0, 0, 
0, 0, 0, 0, 0, 0, 0, 0, 0, 0, 0, 0, 0, 0, 0, 0.46409, 0.54545, 
0.5088, 0.53053, 0.48329, 0.52535, 0.54346, 0.55176, 0.54262, 
0.56972, 0.54161, 0.455, 0.48818, 0.46854, 0.48182, 0.45292, 
0.48247, 0.4885, 0.53505, 0.48488, 0.55047, 0.53781, 0.0286, 
0.0296, 0.0324, 0.033, 0.0358, 0.0343, 0.0379, 0.0436, 0.0456, 
0.0491, 0.0459, 77, 85, 91.2, 100.3, 108.3, 113.1, 119, 131.3, 
138.6, 146.5, 147.7, 69, 817, 962, 1682, 1362, 794, 81, 306, 
1461, 1010, 146, 19, 1, 1, 1, 1, 1, 1, 1, 1, 2, 1, 100, 100, 
100, 100, 100, 100, 100, 100, 100, 100, 100, 2500, 2500, 2500, 
2500, 2500, 2500, 2500, 2500, 2500, 2500, 2500, 6646.344, 6816.366, 
6822.369, 6944.62699999999, 6944.94499999999, 7092.601, 7169.606, 
7216.314, 7285.928, 7371.16700000002, 7400.54199999999, 1, 1, 
1, 1, 1, 1, 1, 1, 1, 1, 1, 0.03571, 0.03571, 0.03571, 0.03571, 
0.03571, 0.03571, 0.03571, 0.03571, 0.03571, 0.03571, 0.03571, 
0, 0, 0, 0, 0, 0, 0, 0, 0, 0, 0, 0, 0, 0, 0, 0, 0, 0, 0, 0, 0, 
0, 0.42134, 0.50818, 0.45459, 0.53129, 0.46545, 0.5115, 0.51721, 
0.52846, 0.53174, 0.54019, 0.52579, 0.43972, 0.45909, 0.48149, 
0.48322, 0.4749, 0.52496, 0.52257, 0.51629, 0.51328, 0.53455, 
0.54161, 0.0288, 0.0301, 0.0325, 0.034, 0.035, 0.0377, 0.0402, 
0.0417, 0.0438, 0.0488, 0.048, 77.6, 85.4, 91.9, 100.4, 108.2, 
116.3, 123.4, 131, 139.1, 145.9, 149.8, 1, 1, 1, 1, 1, 1, 1, 
1, 1, 1, 1, 1, 1, 1, 1, 1, 1, 1, 1, 1, 1, 1, 1, 1, 1, 1, 1, 1, 
1, 1, 1, 1, 1, 1, 1, 1, 1, 1, 1, 1, 1, 1, 1, 1, 2.638, 2.712, 
2.715, 2.79, 2.746, 2.815, 2.847, 2.908, 2.941, 2.958, 2.96), .Dim = c(11L, 
40L), .Dimnames = list(NULL, c("Sampling", "PSO.cost", "PSO.gamma", 
"PSO.data.balancing", "PSO.feature.selection", "PSO.valid.acc", 
"PSO.test.acc", "PSO.train.time", "PSO.n.support.vectors", "PSO.index", 
"PSO.n.solutions", "PSO.generations", "PSO.n.evaluations", "PSO.cpu.time", 
"RS.cost", "RS.gamma", "RS.data.balancing", "RS.feature.selection", 
"RS.valid.acc", "RS.test.acc", "RS.train.time", "RS.n.support.vectors", 
"RS.index", "RS.n.solutions", "RS.generations", "RS.n.evaluations", 
"RS.cpu.time", "DF.cost", "DF.gamma", "DF.data.balancing", "DF.feature.selection", 
"DF.valid.acc", "DF.test.acc", "DF.train.time", "DF.n.support.vectors", 
"DF.index", "DF.n.solutions", "DF.generations", "DF.n.evaluations", 
"DF.cpu.time")))
