full <-
structure(c(50, 55, 60, 65, 70, 75, 80, 85, 90, 95, 100, 1.41728, 
3.69796, 1.33139, 0.81237, 3.46137, 0.56875, 1.1295, 0.30962, 
0.3472, -0.1295, 0.27449, -6.06916, -6.9349, -6.95074, -4.33199, 
-9.39482, -4.57799, -4.56623, -4.48694, -4.18551, -4.8837, -4.3438, 
0, 0, 0, 0, 0, 0, 0, 0, 0, 0, 0, 0, 0, 0, 0, 0, 0, 0, 0, 0, 0, 
0, 0.60879, 0.53929, 0.56836, 0.61574, 0.54401, 0.5581, 0.59415, 
0.58694, 0.57303, 0.58575, 0.55644, 0.56545, 0.51631, 0.54595, 
0.5681, 0.52315, 0.55857, 0.59345, 0.5641, 0.5572, 0.55012, 0.54347, 
0.0292, 0.0291, 0.0343, 0.0346, 0.036, 0.0443, 0.0432, 0.0452, 
0.0456, 0.045, 0.051, 72.9, 76, 87.5, 99.7, 101.9, 114.4, 120.6, 
129.5, 138.3, 145.2, 150.7, 546, 2015, 2119, 1727, 456, 485, 
1685, 700, 1029, 732, 407, 91, 19, 4, 29, 22, 268, 20, 531, 361, 
262, 621, 100, 100, 100, 100, 100, 100, 100, 100, 100, 100, 100, 
2500, 2500, 2500, 2500, 2500, 2500, 2500, 2500, 2500, 2500, 2500, 
6909.065, 7677.082, 8311.619, 8688.449, 8932.656, 8979.001, 8981.71100000001, 
8852.95600000001, 9069.89500000002, 8882.97500000001, 8947.88200000001, 
2.41572, 3.55037, 1.1066, 0.50497, 11.26676, 0.57441, 1.02433, 
0.7419, 0.3837, -0.31665, 0.60324, -7.15678, -6.82777, -6.77029, 
-4.08901, -4.46839, -4.66712, -5.04744, -4.18649, -4.21785, -5.07802, 
-4.26158, 0, 0, 0, 0, 0, 0, 0, 0, 0, 0, 0, 0, 0, 0, 0, 0, 0, 
0, 0, 0, 0, 0, 0.59768, 0.53929, 0.56067, 0.59322, 0.53773, 0.55185, 
0.58631, 0.57985, 0.56748, 0.57623, 0.54065, 0.53434, 0.51631, 
0.54595, 0.55207, 0.51527, 0.5519, 0.587, 0.55266, 0.56275, 0.54424, 
0.54418, 0.029, 0.0312, 0.0313, 0.0354, 0.0376, 0.0373, 0.0404, 
0.0457, 0.0482, 0.0454, 0.0533, 71.4, 76.5, 88, 99.7, 107.2, 
114.2, 119.3, 130.3, 138, 145.8, 150.8, 763, 193, 1241, 2328, 
38, 1460, 510, 434, 182, 2394, 392, 2, 3, 1, 1, 6, 1, 1, 1, 2, 
1, 1, 100, 100, 100, 100, 100, 100, 100, 100, 100, 100, 100, 
2500, 2500, 2500, 2500, 2500, 2500, 2500, 2500, 2500, 2500, 2500, 
7290.363, 7726.713, 8514.85000000001, 8920.628, 8918.663, 8952.463, 
8991.31599999999, 8914.715, 8875.38099999999, 8883.81200000001, 
9048.18799999999, 1, 1, 1, 1, 1, 1, 1, 1, 1, 1, 1, 0.03571, 0.03571, 
0.03571, 0.03571, 0.03571, 0.03571, 0.03571, 0.03571, 0.03571, 
0.03571, 0.03571, 0, 0, 0, 0, 0, 0, 0, 0, 0, 0, 0, 0, 0, 0, 0, 
0, 0, 0, 0, 0, 0, 0, 0.51284, 0.52652, 0.5266, 0.55837, 0.47832, 
0.51804, 0.56181, 0.55221, 0.54437, 0.56996, 0.52555, 0.50855, 
0.48056, 0.49965, 0.54493, 0.48546, 0.52518, 0.56784, 0.55855, 
0.53914, 0.55012, 0.54857, 0.0304, 0.0324, 0.0319, 0.0345, 0.0374, 
0.0426, 0.0402, 0.0406, 0.0448, 0.0448, 0.0508, 76.9, 84.6, 91.9, 
99.5, 107.7, 115.8, 122, 129.5, 136.5, 144.9, 150.2, 1, 1, 1, 
1, 1, 1, 1, 1, 1, 1, 1, 1, 1, 1, 1, 1, 1, 1, 1, 1, 1, 1, 1, 1, 
1, 1, 1, 1, 1, 1, 1, 1, 1, 1, 1, 1, 1, 1, 1, 1, 1, 1, 1, 1, 3.01, 
3.256, 3.456, 3.536, 3.581, 3.62, 3.561, 3.609, 3.569, 3.519, 
3.626), .Dim = c(11L, 40L), .Dimnames = list(NULL, c("Sampling", 
"PSO.cost", "PSO.gamma", "PSO.data.balancing", "PSO.feature.selection", 
"PSO.valid.acc", "PSO.test.acc", "PSO.train.time", "PSO.n.support.vectors", 
"PSO.index", "PSO.n.solutions", "PSO.generations", "PSO.n.evaluations", 
"PSO.cpu.time", "RS.cost", "RS.gamma", "RS.data.balancing", "RS.feature.selection", 
"RS.valid.acc", "RS.test.acc", "RS.train.time", "RS.n.support.vectors", 
"RS.index", "RS.n.solutions", "RS.generations", "RS.n.evaluations", 
"RS.cpu.time", "DF.cost", "DF.gamma", "DF.data.balancing", "DF.feature.selection", 
"DF.valid.acc", "DF.test.acc", "DF.train.time", "DF.n.support.vectors", 
"DF.index", "DF.n.solutions", "DF.generations", "DF.n.evaluations", 
"DF.cpu.time")))
