full <-
structure(c(50, 55, 60, 65, 70, 75, 80, 85, 90, 95, 100, 9.59654, 
2.58231, 1.95113, 1.09732, 1.30125, 3.21117, 2.30388, 1.47593, 
0.55066, 10.32006, 0.7419, -5.1263, -6.3964, -4.67995, -4.33459, 
-5.07605, -7.50318, -7.50043, -4.93343, -4.22471, -5.16405, -5.25385, 
0, 0, 0, 0, 0, 0, 0, 0, 0, 0, 0, 0, 0, 0, 0, 0, 0, 0, 0, 0, 0, 
0, 0.50616, 0.51924, 0.54015, 0.51744, 0.52765, 0.53006, 0.53765, 
0.53795, 0.55549, 0.54021, 0.56318, 0.44619, 0.49222, 0.53301, 
0.49909, 0.46896, 0.44232, 0.47264, 0.49118, 0.52614, 0.5343, 
0.54642, 0.0305, 0.0318, 0.0315, 0.036, 0.0382, 0.0377, 0.0406, 
0.0441, 0.0468, 0.0462, 0.0489, 76.4, 82.2, 91.1, 98.8, 105.4, 
108.4, 118.7, 127.8, 138.1, 141.3, 148.6, 467, 665, 907, 764, 
756, 1504, 530, 1495, 719, 165, 2122, 63, 117, 15, 383, 344, 
42, 43, 58, 272, 671, 1, 100, 100, 100, 100, 100, 100, 100, 100, 
100, 100, 100, 2500, 2500, 2500, 2500, 2500, 2500, 2500, 2500, 
2500, 2500, 2500, 7882.537, 8592.14, 8699.223, 8897.881, 8894.208, 
8902.745, 8925.60400000001, 8998.705, 9029.19, 8894.83199999999, 
9009.25999999998, 14.76233, 2.61754, 1.53718, 3.81843, 0.74447, 
3.83369, 2.31667, 1.29633, 1.22654, 9.06373, 0.25116, -4.83913, 
-6.46922, -4.58619, -7.75846, -3.57551, -8.21119, -7.3322, -4.43927, 
-4.85323, -5.19178, -5.21274, 0, 0, 0, 0, 0, 0, 0, 0, 0, 0, 0, 
0, 0, 0, 0, 0, 0, 0, 0, 0, 0, 0, 0.50525, 0.51924, 0.52301, 0.51146, 
0.51169, 0.51714, 0.52432, 0.53207, 0.54405, 0.54021, 0.55786, 
0.44758, 0.50131, 0.53301, 0.48647, 0.46784, 0.42185, 0.46639, 
0.51544, 0.53141, 0.5343, 0.56151, 0.0344, 0.0315, 0.0344, 0.0354, 
0.036, 0.0367, 0.0396, 0.043, 0.0455, 0.0472, 0.0483, 76.5, 82.2, 
91, 93.8, 107.4, 108.4, 118.3, 130.2, 135.4, 141.2, 149.2, 2452, 
97, 923, 1353, 543, 1532, 774, 2402, 829, 927, 500, 1, 1, 1, 
1, 3, 2, 1, 1, 5, 5, 1, 100, 100, 100, 100, 100, 100, 100, 100, 
100, 100, 100, 2500, 2500, 2500, 2500, 2500, 2500, 2500, 2500, 
2500, 2500, 2500, 8008.694, 8384.084, 8852.532, 8887.35600000001, 
8892.789, 8937.261, 8963.163, 8980.71399999999, 8934.106, 8953.94700000001, 
9152.57699999999, 1, 1, 1, 1, 1, 1, 1, 1, 1, 1, 1, 0.03571, 0.03571, 
0.03571, 0.03571, 0.03571, 0.03571, 0.03571, 0.03571, 0.03571, 
0.03571, 0.03571, 0, 0, 0, 0, 0, 0, 0, 0, 0, 0, 0, 0, 0, 0, 0, 
0, 0, 0, 0, 0, 0, 0, 0.48667, 0.46308, 0.48316, 0.49981, 0.46522, 
0.48196, 0.48604, 0.49052, 0.52117, 0.5273, 0.53651, 0.49667, 
0.51424, 0.4792, 0.48119, 0.45134, 0.47667, 0.51229, 0.51614, 
0.53235, 0.54257, 0.54122, 0.0297, 0.0319, 0.0326, 0.0344, 0.0381, 
0.0374, 0.0397, 0.0405, 0.0462, 0.0485, 0.0514, 77.5, 84.5, 91.6, 
99.4, 106.6, 114.6, 122.9, 129.9, 137, 144.9, 150.4, 1, 1, 1, 
1, 1, 1, 1, 1, 1, 1, 1, 1, 1, 1, 1, 1, 1, 1, 1, 1, 1, 1, 1, 1, 
1, 1, 1, 1, 1, 1, 1, 1, 1, 1, 1, 1, 1, 1, 1, 1, 1, 1, 1, 1, 3.433, 
3.459, 3.556, 3.548, 3.575, 3.591, 3.571, 3.569, 3.523, 3.596, 
3.635), .Dim = c(11L, 40L), .Dimnames = list(NULL, c("Sampling", 
"PSO.cost", "PSO.gamma", "PSO.data.balancing", "PSO.feature.selection", 
"PSO.valid.acc", "PSO.test.acc", "PSO.train.time", "PSO.n.support.vectors", 
"PSO.index", "PSO.n.solutions", "PSO.generations", "PSO.n.evaluations", 
"PSO.cpu.time", "RS.cost", "RS.gamma", "RS.data.balancing", "RS.feature.selection", 
"RS.valid.acc", "RS.test.acc", "RS.train.time", "RS.n.support.vectors", 
"RS.index", "RS.n.solutions", "RS.generations", "RS.n.evaluations", 
"RS.cpu.time", "DF.cost", "DF.gamma", "DF.data.balancing", "DF.feature.selection", 
"DF.valid.acc", "DF.test.acc", "DF.train.time", "DF.n.support.vectors", 
"DF.index", "DF.n.solutions", "DF.generations", "DF.n.evaluations", 
"DF.cpu.time")))
