full <-
structure(c(50, 55, 60, 65, 70, 75, 80, 85, 90, 95, 100, 8.92826, 
1, 0.44343, -0.51168, 1.9899, 0.73432, 0.45243, 0.28694, 0.73993, 
0.73304, 1.47049, -14.24619, 0.03571, -5.06548, -4.65863, -4.58992, 
-4.53961, -4.13485, -3.58674, -3.8815, -4.35766, -5.48976, 0, 
0, 0, 0, 0, 0, 0, 0, 0, 0, 0, 0, 0, 0, 0, 0, 0, 0, 0, 0, 0, 0, 
0.46005, 0.50864, 0.50286, 0.49923, 0.55221, 0.56038, 0.59688, 
0.56557, 0.55266, 0.59618, 0.55257, 0.40422, 0.45045, 0.43662, 
0.4909, 0.52273, 0.53937, 0.57042, 0.5042, 0.53229, 0.57399, 
0.55195, 0.0309, 0.0332, 0.0339, 0.0328, 0.0394, 0.0394, 0.0459, 
0.0453, 0.0457, 0.0498, 0.051, 74.4, 85.6, 93.2, 101.6, 107.8, 
115.9, 123.7, 131.9, 139.8, 146, 146.3, 86, 1, 1859, 1144, 1160, 
601, 1848, 1567, 1914, 386, 1203, 254, 1, 1, 82, 260, 501, 28, 
67, 1, 754, 28, 100, 100, 100, 100, 100, 100, 100, 100, 100, 
100, 100, 2500, 2500, 2500, 2500, 2500, 2500, 2500, 2500, 2500, 
2500, 2500, 8410.755, 8464.712, 8667.446, 8687.473, 8724.193, 
8740.96799999999, 8767.40299999999, 8957.33600000001, 9031.16999999998, 
9142.701, 9081.19400000002, 0.66938, -0.06369, 0.43866, -0.38692, 
2.17069, 0.7937, 0.58902, 0.10028, 11.06371, 0.81142, 0.31319, 
-4.19181, -4.70129, -5.1975, -4.80507, -4.55209, -4.65966, -4.4608, 
-3.82737, -14.14775, -4.16158, -3.91726, 0, 0, 0, 0, 0, 0, 0, 
0, 0, 0, 0, 0, 0, 0, 0, 0, 0, 0, 0, 0, 0, 0, 0.48164, 0.51864, 
0.48739, 0.49923, 0.54452, 0.55371, 0.57761, 0.54669, 0.54665, 
0.59062, 0.55106, 0.39407, 0.46136, 0.44495, 0.48256, 0.51508, 
0.53937, 0.5712, 0.50498, 0.50519, 0.57954, 0.53181, 0.0316, 
0.0344, 0.0319, 0.0398, 0.036, 0.0387, 0.0407, 0.0475, 0.0426, 
0.0527, 0.0518, 77.6, 85.6, 93.1, 101.3, 107.8, 116.1, 123.5, 
132.1, 120.7, 147.1, 152.4, 875, 2359, 267, 2171, 1532, 269, 
640, 1864, 590, 1340, 1312, 1, 1, 1, 1, 1, 1, 1, 1, 1, 1, 1, 
100, 100, 100, 100, 100, 100, 100, 100, 100, 100, 100, 2500, 
2500, 2500, 2500, 2500, 2500, 2500, 2500, 2500, 2500, 2500, 8612.838, 
8496.077, 8622.149, 8596.827, 8700.852, 8728.067, 8774.02100000001, 
8984.11699999998, 9047.83600000001, 8948.772, 9154.103, 1, 1, 
1, 1, 1, 1, 1, 1, 1, 1, 1, 0.03571, 0.03571, 0.03571, 0.03571, 
0.03571, 0.03571, 0.03571, 0.03571, 0.03571, 0.03571, 0.03571, 
0, 0, 0, 0, 0, 0, 0, 0, 0, 0, 0, 0, 0, 0, 0, 0, 0, 0, 0, 0, 0, 
0, 0.41894, 0.50864, 0.45151, 0.46756, 0.51102, 0.52664, 0.56285, 
0.52275, 0.54598, 0.56392, 0.51622, 0.42859, 0.45045, 0.45766, 
0.49026, 0.49358, 0.52569, 0.55277, 0.55789, 0.53675, 0.56334, 
0.53219, 0.0294, 0.0335, 0.0327, 0.0352, 0.0387, 0.0423, 0.0389, 
0.0446, 0.0456, 0.0472, 0.0511, 77.6, 85.6, 93.6, 101.1, 108.7, 
116.6, 124.1, 131.6, 139.2, 145.9, 151, 1, 1, 1, 1, 1, 1, 1, 
1, 1, 1, 1, 1, 1, 1, 1, 1, 1, 1, 1, 1, 1, 1, 1, 1, 1, 1, 1, 1, 
1, 1, 1, 1, 1, 1, 1, 1, 1, 1, 1, 1, 1, 1, 1, 1, 3.489, 3.465, 
3.468, 3.486, 3.509, 3.528, 3.5, 3.606, 3.633, 3.568, 3.672), .Dim = c(11L, 
40L), .Dimnames = list(NULL, c("Sampling", "PSO.cost", "PSO.gamma", 
"PSO.data.balancing", "PSO.feature.selection", "PSO.valid.acc", 
"PSO.test.acc", "PSO.train.time", "PSO.n.support.vectors", "PSO.index", 
"PSO.n.solutions", "PSO.generations", "PSO.n.evaluations", "PSO.cpu.time", 
"RS.cost", "RS.gamma", "RS.data.balancing", "RS.feature.selection", 
"RS.valid.acc", "RS.test.acc", "RS.train.time", "RS.n.support.vectors", 
"RS.index", "RS.n.solutions", "RS.generations", "RS.n.evaluations", 
"RS.cpu.time", "DF.cost", "DF.gamma", "DF.data.balancing", "DF.feature.selection", 
"DF.valid.acc", "DF.test.acc", "DF.train.time", "DF.n.support.vectors", 
"DF.index", "DF.n.solutions", "DF.generations", "DF.n.evaluations", 
"DF.cpu.time")))
