full <-
structure(c(50, 55, 60, 65, 70, 75, 80, 85, 90, 95, 100, 7.83174, 
2.38105, 1.18463, 0.25848, 2.42405, 0.12691, 3.27607, 0.32038, 
0.17248, 0.50676, 0.67351, -13.30444, -7.5345, -5.9353, -5.61872, 
-5.68108, -4.67965, -7.85763, -4.35096, -3.95731, -3.74673, -5.64387, 
0, 0, 0, 0, 0, 0, 0, 0, 0, 0, 0, 0, 0, 0, 0, 0, 0, 0, 0, 0, 0, 
0, 0.55667, 0.533, 0.54416, 0.51592, 0.54207, 0.57852, 0.5657, 
0.59472, 0.61185, 0.58315, 0.55994, 0.45472, 0.51782, 0.51519, 
0.45664, 0.47661, 0.5306, 0.50724, 0.56218, 0.58992, 0.54413, 
0.52412, 0.0273, 0.0302, 0.0353, 0.0383, 0.0405, 0.0424, 0.0402, 
0.0447, 0.0499, 0.0536, 0.0506, 75, 82.2, 90.6, 98.7, 105.8, 
115.3, 114.7, 130.9, 139.5, 147.6, 148.1, 269, 569, 1627, 1647, 
499, 1766, 1498, 1135, 745, 732, 2296, 106, 41, 23, 58, 78, 27, 
32, 454, 617, 238, 1, 100, 100, 100, 100, 100, 100, 100, 100, 
100, 100, 100, 2500, 2500, 2500, 2500, 2500, 2500, 2500, 2500, 
2500, 2500, 2500, 7869.761, 8938.936, 9252.469, 9792.37, 9772.823, 
9855.664, 9816.512, 9883.07200000001, 8065.83599999998, 9936.076, 
9905.18100000001, 2.58053, 0.33155, 1.16117, 0.17156, 2.11109, 
0.02587, 1.74497, 0.31169, 0.15372, 0.14617, 4.161, -7.46152, 
-4.92867, -6.59328, -5.52562, -5.45585, -4.67485, -6.15481, -4.33083, 
-4.45747, -3.71796, -3.98804, 0, 0, 0, 0, 0, 0, 0, 0, 0, 0, 0, 
0, 0, 0, 0, 0, 0, 0, 0, 0, 0, 0, 0.56583, 0.52653, 0.52583, 0.51592, 
0.53492, 0.56639, 0.54862, 0.59472, 0.58989, 0.58279, 0.55608, 
0.50722, 0.49381, 0.4984, 0.45664, 0.47763, 0.53097, 0.5348, 
0.56218, 0.5729, 0.53887, 0.54023, 0.0285, 0.0316, 0.0381, 0.0347, 
0.0386, 0.0435, 0.0425, 0.0491, 0.0445, 0.0536, 0.0561, 74.6, 
84.9, 90, 99.3, 106.2, 115.4, 117.5, 130.9, 138.1, 147.7, 151.9, 
1282, 371, 1238, 2447, 241, 1136, 271, 4, 2458, 2392, 1105, 1, 
3, 1, 1, 5, 1, 1, 1, 1, 1, 1, 100, 100, 100, 100, 100, 100, 100, 
100, 100, 100, 100, 2500, 2500, 2500, 2500, 2500, 2500, 2500, 
2500, 2500, 2500, 2500, 8722.179, 8992.686, 9740.81299999999, 
9743.63200000001, 9764.24400000001, 9843.79800000001, 9868.75099999999, 
8385.80600000001, 8016.00399999999, 9904.38799999998, 9948.74900000001, 
1, 1, 1, 1, 1, 1, 1, 1, 1, 1, 1, 0.03571, 0.03571, 0.03571, 0.03571, 
0.03571, 0.03571, 0.03571, 0.03571, 0.03571, 0.03571, 0.03571, 
0, 0, 0, 0, 0, 0, 0, 0, 0, 0, 0, 0, 0, 0, 0, 0, 0, 0, 0, 0, 0, 
0, 0.45583, 0.486, 0.49202, 0.4692, 0.50614, 0.55972, 0.5305, 
0.56556, 0.58335, 0.5506, 0.53968, 0.46333, 0.45562, 0.50749, 
0.47831, 0.50525, 0.51757, 0.52809, 0.5733, 0.57351, 0.53854, 
0.51939, 0.0294, 0.0309, 0.0368, 0.0351, 0.0394, 0.0427, 0.0413, 
0.0448, 0.0442, 0.0507, 0.0532, 76.8, 84.9, 92.9, 100.4, 107.9, 
115, 123.1, 130.7, 138.1, 144.8, 150.6, 1, 1, 1, 1, 1, 1, 1, 
1, 1, 1, 1, 1, 1, 1, 1, 1, 1, 1, 1, 1, 1, 1, 1, 1, 1, 1, 1, 1, 
1, 1, 1, 1, 1, 1, 1, 1, 1, 1, 1, 1, 1, 1, 1, 1, 3.507, 3.519, 
3.913, 3.694, 3.97, 4.026, 3.706, 3.185, 3.188, 3.884, 3.933), .Dim = c(11L, 
40L), .Dimnames = list(NULL, c("Sampling", "PSO.cost", "PSO.gamma", 
"PSO.data.balancing", "PSO.feature.selection", "PSO.valid.acc", 
"PSO.test.acc", "PSO.train.time", "PSO.n.support.vectors", "PSO.index", 
"PSO.n.solutions", "PSO.generations", "PSO.n.evaluations", "PSO.cpu.time", 
"RS.cost", "RS.gamma", "RS.data.balancing", "RS.feature.selection", 
"RS.valid.acc", "RS.test.acc", "RS.train.time", "RS.n.support.vectors", 
"RS.index", "RS.n.solutions", "RS.generations", "RS.n.evaluations", 
"RS.cpu.time", "DF.cost", "DF.gamma", "DF.data.balancing", "DF.feature.selection", 
"DF.valid.acc", "DF.test.acc", "DF.train.time", "DF.n.support.vectors", 
"DF.index", "DF.n.solutions", "DF.generations", "DF.n.evaluations", 
"DF.cpu.time")))
