full <-
structure(c(50, 55, 60, 65, 70, 75, 80, 85, 90, 95, 100, 3.96425, 
2.64338, 3.50207, 1.142, 2.61707, 0.15187, 0.65889, 1.35277, 
2.61942, 2.36825, 0.32736, -4.30742, -6.96629, -9.40382, -6.55175, 
-9.14509, -4.38358, -5.25036, -5.57055, -5.82684, -8.72064, -4.21748, 
0, 0, 0, 0, 0, 0, 0, 0, 0, 0, 0, 0, 0, 0, 0, 0, 0, 0, 0, 0, 0, 
0, 0.42571, 0.4388, 0.42995, 0.46401, 0.51385, 0.55362, 0.5796, 
0.57489, 0.55897, 0.57713, 0.55788, 0.41066, 0.36889, 0.40381, 
0.4587, 0.47734, 0.50376, 0.51481, 0.56855, 0.51853, 0.55183, 
0.53349, 0.0321, 0.031, 0.03, 0.0316, 0.0329, 0.0405, 0.0394, 
0.0402, 0.0428, 0.0425, 0.0495, 77.5, 81.3, 89.8, 97.9, 104.4, 
116, 121.7, 126.3, 132.9, 138.5, 151.4, 1231, 2259, 767, 577, 
817, 511, 1484, 396, 871, 530, 1112, 267, 1, 58, 70, 21, 393, 
23, 111, 94, 73, 306, 100, 100, 100, 100, 100, 100, 100, 100, 
100, 100, 100, 2500, 2500, 2500, 2500, 2500, 2500, 2500, 2500, 
2500, 2500, 2500, 7080.233, 6707.71, 6753.232, 6803.668, 6758.913, 
6952.698, 7048.039, 6913.40400000001, 6994.302, 7084.572, 7152.867, 
4.09228, 2.8395, 4.15934, 0.52643, 3.18332, 0.35785, 0.88532, 
1.63832, 2.77475, 2.00768, 0.26801, -4.31468, -7.30193, -10.10355, 
-4.66434, -9.75108, -4.49688, -4.71708, -5.94394, -6.05455, -8.33121, 
-4.16611, 0, 0, 0, 0, 0, 0, 0, 0, 0, 0, 0, 0, 0, 0, 0, 0, 0, 
0, 0, 0, 0, 0, 0.42571, 0.4388, 0.43829, 0.46639, 0.51385, 0.55273, 
0.573, 0.56897, 0.55309, 0.57213, 0.55312, 0.41066, 0.38769, 
0.39472, 0.45101, 0.46965, 0.51797, 0.53361, 0.55017, 0.51783, 
0.55183, 0.53349, 0.0317, 0.0319, 0.0294, 0.0338, 0.0354, 0.0372, 
0.0396, 0.0417, 0.043, 0.0462, 0.0515, 77.5, 80.9, 89.3, 100.2, 
104.2, 115.7, 122.8, 125.3, 131.8, 138.8, 151.4, 555, 928, 802, 
2151, 245, 1477, 1396, 1191, 24, 57, 2070, 1, 1, 2, 1, 1, 1, 
1, 1, 3, 1, 1, 100, 100, 100, 100, 100, 100, 100, 100, 100, 100, 
100, 2500, 2500, 2500, 2500, 2500, 2500, 2500, 2500, 2500, 2500, 
2500, 7019.469, 6828.469, 6771.882, 6883.199, 6978.749, 7004.09600000001, 
6933.095, 6914.84699999999, 7062.306, 7137.101, 7133.77100000001, 
1, 1, 1, 1, 1, 1, 1, 1, 1, 1, 1, 0.03571, 0.03571, 0.03571, 0.03571, 
0.03571, 0.03571, 0.03571, 0.03571, 0.03571, 0.03571, 0.03571, 
0, 0, 0, 0, 0, 0, 0, 0, 0, 0, 0, 0, 0, 0, 0, 0, 0, 0, 0, 0, 0, 
0, 0.3946, 0.39408, 0.41457, 0.42665, 0.48789, 0.52676, 0.57084, 
0.54864, 0.51911, 0.54737, 0.52748, 0.41293, 0.40197, 0.43662, 
0.4576, 0.48004, 0.50513, 0.54653, 0.55012, 0.53716, 0.53742, 
0.52748, 0.0309, 0.0292, 0.0313, 0.0326, 0.0366, 0.0394, 0.042, 
0.0408, 0.0472, 0.0483, 0.0469, 77.4, 85.5, 93.1, 100.5, 108.2, 
115.5, 123.4, 129.6, 139, 145.1, 150.4, 1, 1, 1, 1, 1, 1, 1, 
1, 1, 1, 1, 1, 1, 1, 1, 1, 1, 1, 1, 1, 1, 1, 1, 1, 1, 1, 1, 1, 
1, 1, 1, 1, 1, 1, 1, 1, 1, 1, 1, 1, 1, 1, 1, 1, 2.817, 2.576, 
2.68, 2.616, 2.765, 2.875, 2.886, 2.725, 2.928, 2.884, 2.728), .Dim = c(11L, 
40L), .Dimnames = list(NULL, c("Sampling", "PSO.cost", "PSO.gamma", 
"PSO.data.balancing", "PSO.feature.selection", "PSO.valid.acc", 
"PSO.test.acc", "PSO.train.time", "PSO.n.support.vectors", "PSO.index", 
"PSO.n.solutions", "PSO.generations", "PSO.n.evaluations", "PSO.cpu.time", 
"RS.cost", "RS.gamma", "RS.data.balancing", "RS.feature.selection", 
"RS.valid.acc", "RS.test.acc", "RS.train.time", "RS.n.support.vectors", 
"RS.index", "RS.n.solutions", "RS.generations", "RS.n.evaluations", 
"RS.cpu.time", "DF.cost", "DF.gamma", "DF.data.balancing", "DF.feature.selection", 
"DF.valid.acc", "DF.test.acc", "DF.train.time", "DF.n.support.vectors", 
"DF.index", "DF.n.solutions", "DF.generations", "DF.n.evaluations", 
"DF.cpu.time")))
