full <-
structure(c(50, 55, 60, 65, 70, 75, 80, 85, 90, 95, 100, 7.4637, 
3.50127, 6.75257, 2.13677, 7.21166, 4.39106, 5.0675, 0.74235, 
0.5895, 0.33765, 0.75596, -9.81954, -9.80483, -11.84687, -7.59147, 
-10.47029, -8.43518, -9.83671, -4.14498, -4.32543, -4.07056, 
-4.36968, 0, 0, 0, 0, 0, 0, 0, 0, 0, 0, 0, 0, 0, 0, 0, 0, 0, 
0, 0, 0, 0, 0, 0.53087, 0.52836, 0.53548, 0.55435, 0.52564, 0.55669, 
0.52265, 0.58363, 0.57767, 0.57246, 0.55802, 0.47137, 0.46991, 
0.49416, 0.49821, 0.50445, 0.5067, 0.51131, 0.54176, 0.54332, 
0.56193, 0.55083, 0.0313, 0.0334, 0.0328, 0.0362, 0.034, 0.0362, 
0.0379, 0.0464, 0.0444, 0.0509, 0.0526, 71.5, 83.2, 88.2, 98.7, 
98.3, 104.9, 112.4, 131, 138.6, 146.6, 149.8, 120, 739, 210, 
623, 832, 1309, 999, 381, 303, 1935, 953, 132, 43, 97, 18, 119, 
8, 31, 177, 445, 1, 332, 100, 100, 100, 100, 100, 100, 100, 100, 
100, 100, 100, 2500, 2500, 2500, 2500, 2500, 2500, 2500, 2500, 
2500, 2500, 2500, 8195.589, 8707.943, 8551.737, 8630.736, 8710.948, 
8722.698, 8755.321, 8864.60699999999, 9047.079, 9151.49000000002, 
9268.842, 0.50684, 3.49788, 5.40902, 3.02897, 11.67843, 4.36487, 
-0.49156, 1.01732, 0.32926, 0.37944, 1.13301, -5.44325, -6.17027, 
-10.36709, -8.51662, -14.92234, -8.46893, -5.66293, -4.29047, 
-4.37441, -4.34555, -4.81798, 0, 0, 0, 0, 0, 0, 0, 0, 0, 0, 0, 
0, 0, 0, 0, 0, 0, 0, 0, 0, 0, 0, 0.5392, 0.52014, 0.53548, 0.54601, 
0.52516, 0.55669, 0.52253, 0.56946, 0.56587, 0.56746, 0.5375, 
0.48975, 0.49391, 0.50082, 0.49756, 0.51214, 0.5067, 0.51173, 
0.54176, 0.5542, 0.55723, 0.55059, 0.0307, 0.0311, 0.0331, 0.0338, 
0.0357, 0.0362, 0.0389, 0.044, 0.0465, 0.0501, 0.0524, 76.6, 
82.9, 88, 98.2, 97.7, 104.8, 123.2, 130.7, 138.4, 146, 148.2, 
1833, 716, 103, 295, 298, 1464, 1016, 1150, 1792, 625, 1054, 
1, 3, 7, 9, 2, 1, 1, 1, 1, 1, 1, 100, 100, 100, 100, 100, 100, 
100, 100, 100, 100, 100, 2500, 2500, 2500, 2500, 2500, 2500, 
2500, 2500, 2500, 2500, 2500, 8404.345, 8693.432, 8621.169, 8673.151, 
8716.74500000001, 8764.655, 8765.784, 8861.353, 9042.31099999999, 
9186.70200000002, 9388.49400000001, 1, 1, 1, 1, 1, 1, 1, 1, 1, 
1, 1, 0.03571, 0.03571, 0.03571, 0.03571, 0.03571, 0.03571, 0.03571, 
0.03571, 0.03571, 0.03571, 0.03571, 0, 0, 0, 0, 0, 0, 0, 0, 0, 
0, 0, 0, 0, 0, 0, 0, 0, 0, 0, 0, 0, 0, 0.48118, 0.48704, 0.51245, 
0.52935, 0.50778, 0.529, 0.50627, 0.55353, 0.54559, 0.54079, 
0.53244, 0.45527, 0.46435, 0.48955, 0.5138, 0.485, 0.52948, 0.5133, 
0.57473, 0.54128, 0.53085, 0.55112, 0.0333, 0.0316, 0.0345, 0.0358, 
0.0374, 0.0405, 0.0386, 0.0464, 0.044, 0.0478, 0.0509, 77, 84.7, 
92.2, 100.2, 107.8, 115.1, 122.7, 129.7, 137.8, 145.4, 150.1, 
1, 1, 1, 1, 1, 1, 1, 1, 1, 1, 1, 1, 1, 1, 1, 1, 1, 1, 1, 1, 1, 
1, 1, 1, 1, 1, 1, 1, 1, 1, 1, 1, 1, 1, 1, 1, 1, 1, 1, 1, 1, 1, 
1, 1, 3.433, 3.326, 3.49, 3.483, 3.516, 3.496, 3.513, 3.604, 
3.617, 3.642, 3.801), .Dim = c(11L, 40L), .Dimnames = list(NULL, 
    c("Sampling", "PSO.cost", "PSO.gamma", "PSO.data.balancing", 
    "PSO.feature.selection", "PSO.valid.acc", "PSO.test.acc", 
    "PSO.train.time", "PSO.n.support.vectors", "PSO.index", "PSO.n.solutions", 
    "PSO.generations", "PSO.n.evaluations", "PSO.cpu.time", "RS.cost", 
    "RS.gamma", "RS.data.balancing", "RS.feature.selection", 
    "RS.valid.acc", "RS.test.acc", "RS.train.time", "RS.n.support.vectors", 
    "RS.index", "RS.n.solutions", "RS.generations", "RS.n.evaluations", 
    "RS.cpu.time", "DF.cost", "DF.gamma", "DF.data.balancing", 
    "DF.feature.selection", "DF.valid.acc", "DF.test.acc", "DF.train.time", 
    "DF.n.support.vectors", "DF.index", "DF.n.solutions", "DF.generations", 
    "DF.n.evaluations", "DF.cpu.time")))
