full <-
structure(c(50, 55, 60, 65, 70, 75, 80, 85, 90, 95, 100, 5.69551, 
13.64481, 5.22306, 1.97798, 5.04186, 0.30223, -0.28779, 3.73476, 
4.07634, 0.3344, 0.57029, -12.18393, -4.58894, -5.15825, -6.83393, 
-11.05454, -4.43744, -4.53944, -8.20408, -8.42345, -4.18531, 
-4.48753, 0, 0, 0, 0, 0, 0, 0, 0, 0, 0, 0, 0, 0, 0, 0, 0, 0, 
0, 0, 0, 0, 0, 0.60207, 0.61211, 0.61457, 0.56094, 0.57607, 0.6113, 
0.57165, 0.565, 0.54451, 0.56215, 0.5782, 0.57937, 0.57109, 0.56537, 
0.53996, 0.54665, 0.61267, 0.57754, 0.50367, 0.47614, 0.57123, 
0.55712, 0.0278, 0.0306, 0.0359, 0.0326, 0.0355, 0.0407, 0.0398, 
0.0392, 0.043, 0.0511, 0.0497, 74.1, 84.6, 91.2, 94, 102.5, 116.3, 
122.3, 118.6, 126.4, 145.5, 149.2, 435, 148, 291, 839, 299, 397, 
1043, 1532, 980, 553, 662, 66, 444, 877, 137, 76, 147, 95, 31, 
35, 362, 278, 100, 100, 100, 100, 100, 100, 100, 100, 100, 100, 
100, 2500, 2500, 2500, 2500, 2500, 2500, 2500, 2500, 2500, 2500, 
2500, 7290.923, 7637.569, 8328.272, 8667.882, 8671.406, 8750.22199999999, 
8761.304, 9020.70700000001, 8799.72300000003, 8930.69899999999, 
8943.72399999999, 6.71938, 7.57042, 7.67946, 1.85654, 5.87284, 
0.68927, -0.02533, 3.78777, 4.44241, 0.15389, 0.60078, -13.21669, 
-4.31816, -5.14514, -6.67991, -11.86429, -4.99763, -4.57984, 
-8.35152, -8.76484, -4.01031, -4.53339, 0, 0, 0, 0, 0, 0, 0, 
0, 0, 0, 0, 0, 0, 0, 0, 0, 0, 0, 0, 0, 0, 0, 0.60207, 0.61211, 
0.60742, 0.56094, 0.57607, 0.60547, 0.55958, 0.55393, 0.53918, 
0.54545, 0.57264, 0.57937, 0.56033, 0.55628, 0.53996, 0.54665, 
0.59838, 0.57213, 0.51547, 0.4879, 0.5506, 0.55745, 0.0268, 0.032, 
0.0348, 0.033, 0.0336, 0.0391, 0.0419, 0.0415, 0.0426, 0.053, 
0.0512, 74.1, 84.9, 91.3, 94.3, 102.2, 114.6, 122, 119, 126.2, 
146, 149.1, 750, 571, 1344, 1294, 1370, 1843, 1816, 683, 1094, 
2035, 210, 3, 5, 1, 1, 2, 1, 1, 1, 1, 1, 1, 100, 100, 100, 100, 
100, 100, 100, 100, 100, 100, 100, 2500, 2500, 2500, 2500, 2500, 
2500, 2500, 2500, 2500, 2500, 2500, 7570.081, 8137.554, 8653.108, 
8677.327, 8716.162, 8747.73299999999, 8868.06899999999, 8977.10799999999, 
9025.42300000001, 8886.43799999999, 9065.77299999999, 1, 1, 1, 
1, 1, 1, 1, 1, 1, 1, 1, 0.03571, 0.03571, 0.03571, 0.03571, 0.03571, 
0.03571, 0.03571, 0.03571, 0.03571, 0.03571, 0.03571, 0, 0, 0, 
0, 0, 0, 0, 0, 0, 0, 0, 0, 0, 0, 0, 0, 0, 0, 0, 0, 0, 0, 0.57793, 
0.55878, 0.58012, 0.55472, 0.53417, 0.58444, 0.54608, 0.50988, 
0.51131, 0.5174, 0.53843, 0.58841, 0.55033, 0.59493, 0.55944, 
0.55396, 0.61886, 0.57213, 0.53838, 0.52232, 0.55948, 0.52365, 
0.0286, 0.0321, 0.0332, 0.0348, 0.0384, 0.0396, 0.0446, 0.0435, 
0.045, 0.0461, 0.0525, 76.9, 84.8, 93.3, 100.1, 107.9, 115.9, 
121.6, 129.6, 137.4, 144.2, 148.9, 1, 1, 1, 1, 1, 1, 1, 1, 1, 
1, 1, 1, 1, 1, 1, 1, 1, 1, 1, 1, 1, 1, 1, 1, 1, 1, 1, 1, 1, 1, 
1, 1, 1, 1, 1, 1, 1, 1, 1, 1, 1, 1, 1, 1, 3.012, 3.326, 3.479, 
3.453, 3.5, 3.531, 3.579, 3.529, 3.64, 3.556, 3.604), .Dim = c(11L, 
40L), .Dimnames = list(NULL, c("Sampling", "PSO.cost", "PSO.gamma", 
"PSO.data.balancing", "PSO.feature.selection", "PSO.valid.acc", 
"PSO.test.acc", "PSO.train.time", "PSO.n.support.vectors", "PSO.index", 
"PSO.n.solutions", "PSO.generations", "PSO.n.evaluations", "PSO.cpu.time", 
"RS.cost", "RS.gamma", "RS.data.balancing", "RS.feature.selection", 
"RS.valid.acc", "RS.test.acc", "RS.train.time", "RS.n.support.vectors", 
"RS.index", "RS.n.solutions", "RS.generations", "RS.n.evaluations", 
"RS.cpu.time", "DF.cost", "DF.gamma", "DF.data.balancing", "DF.feature.selection", 
"DF.valid.acc", "DF.test.acc", "DF.train.time", "DF.n.support.vectors", 
"DF.index", "DF.n.solutions", "DF.generations", "DF.n.evaluations", 
"DF.cpu.time")))
