full <-
structure(c(50, 55, 60, 65, 70, 75, 80, 85, 90, 95, 100, 0.23452, 
5.0315, 0.25006, 0.646, 0.60151, 0.99181, 0.96556, 0.1852, 0.00186, 
0.81275, 0.34435, -4.7459, -11.19386, -4.67073, -5.93771, -4.70965, 
-6.73193, -5.26229, -5.51606, -4.98665, -5.63557, -4.31654, 0, 
0, 0, 0, 0, 0, 0, 0, 0, 0, 0, 0, 0, 0, 0, 0, 0, 0, 0, 0, 0, 0, 
0.62884, 0.53497, 0.54966, 0.52295, 0.57196, 0.50274, 0.5409, 
0.57055, 0.58348, 0.55524, 0.54562, 0.56864, 0.49508, 0.51542, 
0.54667, 0.51479, 0.47696, 0.53334, 0.54304, 0.57953, 0.51596, 
0.54582, 0.0321, 0.0316, 0.0323, 0.0375, 0.0353, 0.0396, 0.0376, 
0.0405, 0.0452, 0.0464, 0.0508, 77, 82.9, 92.4, 98.9, 107.5, 
112.3, 119.8, 127.7, 137.2, 141.4, 150.8, 250, 425, 1357, 549, 
562, 497, 797, 2054, 1517, 1275, 884, 320, 12, 43, 561, 419, 
152, 395, 4, 17, 70, 255, 100, 100, 100, 100, 100, 100, 100, 
100, 100, 100, 100, 2500, 2500, 2500, 2500, 2500, 2500, 2500, 
2500, 2500, 2500, 2500, 8699.219, 8824.621, 8648.91899999999, 
8648.037, 8703.27, 8663.054, 8732.049, 8929.70999999999, 8824.69099999999, 
8921.08799999999, 9149.33300000001, 0.25582, 5.23903, 0.33672, 
0.61774, 1.53952, 0.35035, 0.89227, 0.34176, 0.01454, 0.69923, 
0.31786, -4.55063, -11.3909, -4.71676, -5.84929, -5.2909, -6.42375, 
-5.35484, -5.95967, -5.07691, -5.47286, -4.16111, 0, 0, 0, 0, 
0, 0, 0, 0, 0, 0, 0, 0, 0, 0, 0, 0, 0, 0, 0, 0, 0, 0, 0.62884, 
0.53497, 0.54133, 0.51526, 0.56626, 0.49649, 0.52709, 0.565, 
0.57723, 0.55492, 0.53973, 0.56864, 0.49508, 0.51542, 0.54667, 
0.49087, 0.45107, 0.53286, 0.53304, 0.57953, 0.51596, 0.54646, 
0.0316, 0.0339, 0.0341, 0.037, 0.0377, 0.0385, 0.0413, 0.047, 
0.0417, 0.049, 0.0521, 76.9, 82.9, 92.3, 99.1, 106.3, 113.1, 
119.7, 127.3, 137.2, 142, 151.3, 975, 53, 940, 1299, 1217, 2181, 
2454, 1448, 876, 2018, 522, 1, 2, 1, 1, 1, 1, 1, 1, 1, 1, 2, 
100, 100, 100, 100, 100, 100, 100, 100, 100, 100, 100, 2500, 
2500, 2500, 2500, 2500, 2500, 2500, 2500, 2500, 2500, 2500, 8651.757, 
8838.67, 8636.849, 8660.113, 8698.48699999999, 8708.875, 8757.74399999999, 
8934.06099999999, 8829.66500000001, 9133.51799999998, 9181.334, 
1, 1, 1, 1, 1, 1, 1, 1, 1, 1, 1, 0.03571, 0.03571, 0.03571, 0.03571, 
0.03571, 0.03571, 0.03571, 0.03571, 0.03571, 0.03571, 0.03571, 
0, 0, 0, 0, 0, 0, 0, 0, 0, 0, 0, 0, 0, 0, 0, 0, 0, 0, 0, 0, 0, 
0, 0.61939, 0.49785, 0.5053, 0.48309, 0.53366, 0.45095, 0.49905, 
0.53916, 0.57848, 0.53813, 0.52386, 0.55364, 0.47273, 0.52978, 
0.52295, 0.50973, 0.50411, 0.49439, 0.56907, 0.5973, 0.52022, 
0.52018, 0.0298, 0.031, 0.0336, 0.0361, 0.0362, 0.039, 0.0424, 
0.0415, 0.0452, 0.0496, 0.0498, 77.2, 85.2, 92.6, 100.1, 107.5, 
115, 121.7, 129.5, 137.2, 145.5, 149.8, 1, 1, 1, 1, 1, 1, 1, 
1, 1, 1, 1, 1, 1, 1, 1, 1, 1, 1, 1, 1, 1, 1, 1, 1, 1, 1, 1, 1, 
1, 1, 1, 1, 1, 1, 1, 1, 1, 1, 1, 1, 1, 1, 1, 1, 3.488, 3.4, 3.438, 
3.443, 3.462, 3.451, 3.446, 3.507, 3.553, 3.6, 3.656), .Dim = c(11L, 
40L), .Dimnames = list(NULL, c("Sampling", "PSO.cost", "PSO.gamma", 
"PSO.data.balancing", "PSO.feature.selection", "PSO.valid.acc", 
"PSO.test.acc", "PSO.train.time", "PSO.n.support.vectors", "PSO.index", 
"PSO.n.solutions", "PSO.generations", "PSO.n.evaluations", "PSO.cpu.time", 
"RS.cost", "RS.gamma", "RS.data.balancing", "RS.feature.selection", 
"RS.valid.acc", "RS.test.acc", "RS.train.time", "RS.n.support.vectors", 
"RS.index", "RS.n.solutions", "RS.generations", "RS.n.evaluations", 
"RS.cpu.time", "DF.cost", "DF.gamma", "DF.data.balancing", "DF.feature.selection", 
"DF.valid.acc", "DF.test.acc", "DF.train.time", "DF.n.support.vectors", 
"DF.index", "DF.n.solutions", "DF.generations", "DF.n.evaluations", 
"DF.cpu.time")))
