full <-
structure(c(50, 55, 60, 65, 70, 75, 80, 85, 90, 95, 100, 10.92099, 
2.20592, 0.77604, 0.81269, 0.17371, 0.35889, 2.17971, 0.15576, 
0.49906, 1.45657, 0.44766, -2.23867, -7.02357, -4.52015, -4.12465, 
-5.49387, -3.98101, -4.8211, -5.08524, -3.80178, -4.4306, -3.94698, 
0, 0, 0, 0, 0, 0, 0, 0, 0, 0, 0, 0, 0, 0, 0, 0, 0, 0, 0, 0, 0, 
0, 0.48025, 0.51084, 0.55864, 0.56807, 0.54351, 0.58576, 0.54238, 
0.54991, 0.54237, 0.56473, 0.53063, 0.46823, 0.49679, 0.50211, 
0.55543, 0.4949, 0.51928, 0.49654, 0.49166, 0.50333, 0.52266, 
0.52589, 0.0306, 0.0287, 0.0331, 0.0377, 0.0363, 0.0395, 0.0417, 
0.041, 0.0471, 0.0482, 0.0507, 77.6, 81.3, 91.8, 100.5, 107.7, 
115.6, 122.5, 130.1, 139.2, 144.7, 152.1, 370, 346, 1204, 1180, 
934, 1005, 176, 1742, 811, 886, 1011, 532, 154, 66, 24, 38, 266, 
729, 80, 353, 149, 46, 100, 100, 100, 100, 100, 100, 100, 100, 
100, 100, 100, 2500, 2500, 2500, 2500, 2500, 2500, 2500, 2500, 
2500, 2500, 2500, 7125.435, 7130.874, 7412.664, 7928.888, 8022.83299999999, 
8090.26199999999, 8010.606, 8120.264, 7874.86500000001, 8123.51200000002, 
8123.95700000002, 1.15303, 1.52145, 1.81719, 0.96123, 0.50414, 
0.42985, 2.05557, -0.10732, 0.45518, 1.19019, 0.51197, -5.93578, 
-6.26955, -6.65105, -4.23998, -5.58817, -4.13737, -4.86868, -4.45461, 
-4.09851, -4.47781, -3.99871, 0, 0, 0, 0, 0, 0, 0, 0, 0, 0, 0, 
0, 0, 0, 0, 0, 0, 0, 0, 0, 0, 0, 0.48816, 0.50806, 0.54261, 0.55974, 
0.53636, 0.5664, 0.53613, 0.52773, 0.53246, 0.5642, 0.52536, 
0.50712, 0.50679, 0.47162, 0.54634, 0.477, 0.53934, 0.49618, 
0.48643, 0.52131, 0.53795, 0.52119, 0.028, 0.0318, 0.0307, 0.0358, 
0.0359, 0.0383, 0.0442, 0.0445, 0.0479, 0.0487, 0.0494, 74.9, 
82.5, 88.9, 99.9, 107.3, 115.4, 122.3, 130.9, 138.8, 144.7, 152, 
582, 919, 1031, 577, 396, 1620, 1956, 1281, 265, 578, 1767, 1, 
1, 2, 1, 3, 2, 1, 1, 1, 1, 1, 100, 100, 100, 100, 100, 100, 100, 
100, 100, 100, 100, 2500, 2500, 2500, 2500, 2500, 2500, 2500, 
2500, 2500, 2500, 2500, 7169.465, 7531.523, 7530.872, 7938.622, 
7932.84000000001, 8169.038, 8011.143, 7876.99200000001, 7854.89600000001, 
8119.20600000001, 8083.59099999999, 1, 1, 1, 1, 1, 1, 1, 1, 1, 
1, 1, 0.03571, 0.03571, 0.03571, 0.03571, 0.03571, 0.03571, 0.03571, 
0.03571, 0.03571, 0.03571, 0.03571, 0, 0, 0, 0, 0, 0, 0, 0, 0, 
0, 0, 0, 0, 0, 0, 0, 0, 0, 0, 0, 0, 0, 0.44593, 0.43654, 0.53325, 
0.5349, 0.52089, 0.51609, 0.49071, 0.52111, 0.509, 0.53689, 0.49476, 
0.44593, 0.47646, 0.51029, 0.51344, 0.50919, 0.51659, 0.48368, 
0.49199, 0.49226, 0.51161, 0.53536, 0.031, 0.033, 0.0348, 0.036, 
0.0376, 0.0395, 0.0397, 0.0419, 0.0453, 0.0474, 0.0486, 76.6, 
84.9, 92.1, 100, 108.2, 115, 122.8, 130.6, 137.3, 144.9, 149.7, 
1, 1, 1, 1, 1, 1, 1, 1, 1, 1, 1, 1, 1, 1, 1, 1, 1, 1, 1, 1, 1, 
1, 1, 1, 1, 1, 1, 1, 1, 1, 1, 1, 1, 1, 1, 1, 1, 1, 1, 1, 1, 1, 
1, 1, 2.986, 3.027, 3.185, 3.181, 3.151, 3.206, 3.254, 2.969, 
3.25, 3.271, 3.068), .Dim = c(11L, 40L), .Dimnames = list(NULL, 
    c("Sampling", "PSO.cost", "PSO.gamma", "PSO.data.balancing", 
    "PSO.feature.selection", "PSO.valid.acc", "PSO.test.acc", 
    "PSO.train.time", "PSO.n.support.vectors", "PSO.index", "PSO.n.solutions", 
    "PSO.generations", "PSO.n.evaluations", "PSO.cpu.time", "RS.cost", 
    "RS.gamma", "RS.data.balancing", "RS.feature.selection", 
    "RS.valid.acc", "RS.test.acc", "RS.train.time", "RS.n.support.vectors", 
    "RS.index", "RS.n.solutions", "RS.generations", "RS.n.evaluations", 
    "RS.cpu.time", "DF.cost", "DF.gamma", "DF.data.balancing", 
    "DF.feature.selection", "DF.valid.acc", "DF.test.acc", "DF.train.time", 
    "DF.n.support.vectors", "DF.index", "DF.n.solutions", "DF.generations", 
    "DF.n.evaluations", "DF.cpu.time")))
