full <-
structure(c(50, 55, 60, 65, 70, 75, 80, 85, 90, 95, 100, 0.27336, 
0.25233, 0.7005, 0.93155, 0.54755, 0.59037, 8.96039, 0.75846, 
3.25145, 0.73564, 0.94827, -4.71817, -4.85546, -5.39622, -4.46129, 
-4.3869, -4.77309, -15, -4.13162, -5.85722, -4.74509, -3.98759, 
0, 0, 0, 0, 0, 0, 0, 0, 0, 0, 0, 0, 0, 0, 0, 0, 0, 0, 0, 0, 0, 
0, 0.68203, 0.67885, 0.64887, 0.59212, 0.57674, 0.5831, 0.56638, 
0.55452, 0.56374, 0.56426, 0.57799, 0.63267, 0.60348, 0.59854, 
0.53899, 0.57729, 0.56226, 0.47864, 0.54631, 0.52277, 0.54818, 
0.56828, 0.0289, 0.0306, 0.0337, 0.0378, 0.0357, 0.0414, 0.0397, 
0.0429, 0.0441, 0.0477, 0.0529, 77.4, 84.3, 91.2, 100.6, 108.9, 
115.5, 115.9, 132.5, 130.5, 144.8, 152.2, 668, 1460, 661, 1178, 
828, 927, 356, 1560, 134, 968, 518, 484, 52, 332, 109, 167, 417, 
45, 18, 48, 228, 152, 100, 100, 100, 100, 100, 100, 100, 100, 
100, 100, 100, 2500, 2500, 2500, 2500, 2500, 2500, 2500, 2500, 
2500, 2500, 2500, 7251.195, 7633.531, 8447.63, 8690.519, 8723.76700000001, 
8796.34699999999, 8941.685, 9069.53000000001, 9041.391, 9116.25, 
9247.52300000002, 0.35068, 0.74516, 0.97609, 0.33321, 0.46098, 
-0.06252, 0.7903, 12.0738, 3.31433, 0.5669, 1.06167, -4.85177, 
-4.84481, -5.82051, -4.13681, -4.5113, -4.57073, -4.50387, -4.21764, 
-5.71869, -4.36313, -4.09081, 0, 0, 0, 0, 0, 0, 0, 0, 0, 0, 0, 
0, 0, 0, 0, 0, 0, 0, 0, 0, 0, 0, 0.68203, 0.66821, 0.63775, 0.58186, 
0.56126, 0.5706, 0.57204, 0.55419, 0.55388, 0.55873, 0.57299, 
0.63267, 0.63277, 0.57406, 0.57125, 0.58341, 0.54688, 0.56248, 
0.51229, 0.50015, 0.54736, 0.56828, 0.0281, 0.0299, 0.0326, 0.0354, 
0.0379, 0.0381, 0.0408, 0.0486, 0.0467, 0.0477, 0.0532, 77.4, 
84.1, 89.4, 100.7, 108.8, 116.1, 124, 131.7, 130.9, 145.8, 151.7, 
548, 1082, 1413, 1712, 378, 1903, 71, 527, 1472, 2292, 943, 1, 
1, 2, 1, 1, 1, 1, 6, 1, 1, 1, 100, 100, 100, 100, 100, 100, 100, 
100, 100, 100, 100, 2500, 2500, 2500, 2500, 2500, 2500, 2500, 
2500, 2500, 2500, 2500, 7644.23, 8215.692, 8608.831, 8685.93900000001, 
8693.44799999999, 8962.026, 8995.586, 9024.243, 9046.76000000001, 
9179.30600000001, 9324.42999999999, 1, 1, 1, 1, 1, 1, 1, 1, 1, 
1, 1, 0.03571, 0.03571, 0.03571, 0.03571, 0.03571, 0.03571, 0.03571, 
0.03571, 0.03571, 0.03571, 0.03571, 0, 0, 0, 0, 0, 0, 0, 0, 0, 
0, 0, 0, 0, 0, 0, 0, 0, 0, 0, 0, 0, 0, 0.61536, 0.60277, 0.6067, 
0.57201, 0.53088, 0.56188, 0.52078, 0.54101, 0.52905, 0.53168, 
0.52557, 0.60838, 0.59459, 0.61921, 0.53641, 0.54579, 0.54207, 
0.54279, 0.5466, 0.53523, 0.53606, 0.5567, 0.0289, 0.0313, 0.0352, 
0.035, 0.0369, 0.0406, 0.0406, 0.0418, 0.0483, 0.0503, 0.0494, 
77.5, 84.4, 92.4, 100.3, 108.7, 116.1, 123.9, 131.1, 137.9, 145.7, 
150.1, 1, 1, 1, 1, 1, 1, 1, 1, 1, 1, 1, 1, 1, 1, 1, 1, 1, 1, 
1, 1, 1, 1, 1, 1, 1, 1, 1, 1, 1, 1, 1, 1, 1, 1, 1, 1, 1, 1, 1, 
1, 1, 1, 1, 1, 2.928, 3.363, 3.464, 3.426, 3.481, 3.589, 3.563, 
3.588, 3.601, 3.669, 3.73), .Dim = c(11L, 40L), .Dimnames = list(
    NULL, c("Sampling", "PSO.cost", "PSO.gamma", "PSO.data.balancing", 
    "PSO.feature.selection", "PSO.valid.acc", "PSO.test.acc", 
    "PSO.train.time", "PSO.n.support.vectors", "PSO.index", "PSO.n.solutions", 
    "PSO.generations", "PSO.n.evaluations", "PSO.cpu.time", "RS.cost", 
    "RS.gamma", "RS.data.balancing", "RS.feature.selection", 
    "RS.valid.acc", "RS.test.acc", "RS.train.time", "RS.n.support.vectors", 
    "RS.index", "RS.n.solutions", "RS.generations", "RS.n.evaluations", 
    "RS.cpu.time", "DF.cost", "DF.gamma", "DF.data.balancing", 
    "DF.feature.selection", "DF.valid.acc", "DF.test.acc", "DF.train.time", 
    "DF.n.support.vectors", "DF.index", "DF.n.solutions", "DF.generations", 
    "DF.n.evaluations", "DF.cpu.time")))
