full <-
structure(c(50, 55, 60, 65, 70, 75, 80, 85, 90, 95, 100, 1.42758, 
1.00247, 2.20532, 4.31096, 9.41101, 1.51332, 0.15339, 0.35525, 
1.18809, -0.51501, 0.7297, -4.62405, -4.2999, -8.16527, -8.23877, 
-14.61272, -5.01743, -5.92469, -5.98025, -4.70605, -5.18266, 
-4.09378, 0, 0, 0, 0, 0, 0, 0, 0, 0, 0, 0, 0, 0, 0, 0, 0, 0, 
0, 0, 0, 0, 0, 0.57073, 0.53288, 0.55466, 0.53735, 0.54306, 0.53986, 
0.56104, 0.55807, 0.57927, 0.55228, 0.52901, 0.49929, 0.51712, 
0.49837, 0.48223, 0.51332, 0.52605, 0.53011, 0.54747, 0.51733, 
0.53538, 0.51914, 0.0318, 0.0353, 0.0315, 0.0336, 0.0348, 0.0404, 
0.0397, 0.0429, 0.0476, 0.048, 0.054, 77.5, 85.6, 89.3, 91.9, 
100.1, 113.7, 119.7, 126, 136.4, 144.8, 151.7, 619, 1798, 684, 
2320, 2472, 315, 1209, 254, 398, 1014, 1904, 134, 13, 237, 1, 
1, 141, 168, 458, 616, 339, 21, 100, 100, 100, 100, 100, 100, 
100, 100, 100, 100, 100, 2500, 2500, 2500, 2500, 2500, 2500, 
2500, 2500, 2500, 2500, 2500, 8188.357, 8542.339, 8526.642, 8664.639, 
8680.51700000001, 8759.058, 8761.238, 8801.10400000001, 8870.16499999998, 
8960.883, 9181.44, -0.03351, 1.04972, 1.73985, 9.88293, 7.64957, 
0.91316, 0.61817, 0.27642, 1.97992, 0.44092, 0.73826, -5.55393, 
-4.36856, -7.5554, -14.71574, -12.80335, -3.81531, -4.0507, -5.89681, 
-5.24816, -4.93956, -4.09807, 0, 0, 0, 0, 0, 0, 0, 0, 0, 0, 0, 
0, 0, 0, 0, 0, 0, 0, 0, 0, 0, 0, 0.56303, 0.53288, 0.54633, 0.52057, 
0.53537, 0.54474, 0.55111, 0.55807, 0.57401, 0.54702, 0.52901, 
0.51116, 0.51712, 0.49004, 0.51364, 0.51332, 0.5251, 0.52158, 
0.54747, 0.51326, 0.52988, 0.51914, 0.0312, 0.0342, 0.033, 0.0345, 
0.0371, 0.0401, 0.0457, 0.0403, 0.0444, 0.0497, 0.0551, 77.5, 
85.6, 89.8, 92.5, 100, 116.9, 123.4, 126.7, 133.4, 142.8, 151.8, 
697, 1577, 153, 303, 1232, 2416, 1197, 1362, 686, 1312, 770, 
1, 1, 2, 2, 6, 1, 1, 1, 3, 1, 1, 100, 100, 100, 100, 100, 100, 
100, 100, 100, 100, 100, 2500, 2500, 2500, 2500, 2500, 2500, 
2500, 2500, 2500, 2500, 2500, 8335.962, 8380.64, 8656.26300000001, 
8687.891, 8634.97199999999, 8761.463, 8780.883, 8830.45600000001, 
8866.23300000001, 9169.67800000001, 9334.76700000002, 1, 1, 1, 
1, 1, 1, 1, 1, 1, 1, 1, 0.03571, 0.03571, 0.03571, 0.03571, 0.03571, 
0.03571, 0.03571, 0.03571, 0.03571, 0.03571, 0.03571, 0, 0, 0, 
0, 0, 0, 0, 0, 0, 0, 0, 0, 0, 0, 0, 0, 0, 0, 0, 0, 0, 0, 0.54144, 
0.47803, 0.47265, 0.49859, 0.47942, 0.51066, 0.53033, 0.53422, 
0.55023, 0.52564, 0.48767, 0.51394, 0.47879, 0.4804, 0.49676, 
0.49473, 0.51169, 0.53599, 0.54792, 0.50448, 0.53541, 0.5221, 
0.032, 0.0331, 0.0339, 0.034, 0.0374, 0.0407, 0.0397, 0.0431, 
0.0452, 0.0477, 0.0481, 77.4, 85.6, 93.5, 100.7, 108.4, 115.5, 
122.2, 129.4, 137.2, 143.9, 150.4, 1, 1, 1, 1, 1, 1, 1, 1, 1, 
1, 1, 1, 1, 1, 1, 1, 1, 1, 1, 1, 1, 1, 1, 1, 1, 1, 1, 1, 1, 1, 
1, 1, 1, 1, 1, 1, 1, 1, 1, 1, 1, 1, 1, 1, 3.478, 3.403, 3.36, 
3.439, 3.445, 3.482, 3.479, 3.515, 3.531, 3.654, 3.749), .Dim = c(11L, 
40L), .Dimnames = list(NULL, c("Sampling", "PSO.cost", "PSO.gamma", 
"PSO.data.balancing", "PSO.feature.selection", "PSO.valid.acc", 
"PSO.test.acc", "PSO.train.time", "PSO.n.support.vectors", "PSO.index", 
"PSO.n.solutions", "PSO.generations", "PSO.n.evaluations", "PSO.cpu.time", 
"RS.cost", "RS.gamma", "RS.data.balancing", "RS.feature.selection", 
"RS.valid.acc", "RS.test.acc", "RS.train.time", "RS.n.support.vectors", 
"RS.index", "RS.n.solutions", "RS.generations", "RS.n.evaluations", 
"RS.cpu.time", "DF.cost", "DF.gamma", "DF.data.balancing", "DF.feature.selection", 
"DF.valid.acc", "DF.test.acc", "DF.train.time", "DF.n.support.vectors", 
"DF.index", "DF.n.solutions", "DF.generations", "DF.n.evaluations", 
"DF.cpu.time")))
