full <-
structure(c(50, 55, 60, 65, 70, 75, 80, 85, 90, 95, 100, 3.23731, 
0.72922, 0.98608, 1.99094, 1.67985, 1.86498, 0.6871, 0.28603, 
1.08993, 0.60289, 0.41838, -7.53542, -4.77067, -5.03566, -5.84764, 
-5.79374, -6.17365, -4.8647, -4.68552, -5.00694, -4.71297, -4.1485, 
0, 0, 0, 0, 0, 0, 0, 0, 0, 0, 0, 0, 0, 0, 0, 0, 0, 0, 0, 0, 0, 
0, 0.57124, 0.54106, 0.58112, 0.57597, 0.57906, 0.60005, 0.56645, 
0.57782, 0.5672, 0.5838, 0.58878, 0.5529, 0.51455, 0.52949, 0.52913, 
0.53327, 0.55498, 0.5518, 0.55594, 0.54498, 0.55076, 0.55161, 
0.0282, 0.0312, 0.0339, 0.0362, 0.0355, 0.0379, 0.0395, 0.0449, 
0.0436, 0.0471, 0.0543, 72.4, 84.7, 92.4, 97.5, 105.4, 109.8, 
121.6, 129.1, 134.8, 143.8, 151.4, 1552, 603, 2027, 1299, 1606, 
1301, 941, 1400, 1210, 521, 1170, 5, 483, 2, 46, 6, 61, 103, 
73, 145, 479, 214, 100, 100, 100, 100, 100, 100, 100, 100, 100, 
100, 100, 2500, 2500, 2500, 2500, 2500, 2500, 2500, 2500, 2500, 
2500, 2500, 8026.298, 8615.823, 8843.431, 8894.934, 8918.496, 
8858.758, 8674.092, 8825.5, 8873.94200000001, 8897.459, 9190.48199999999, 
2.5727, 0.5534, 0.97337, 2.59512, 1.01729, 1.80777, 5.24426, 
0.24657, 1.16513, 0.59591, 0.39927, -6.86369, -4.40956, -4.9022, 
-5.44825, -5.38796, -5.98405, -9.6602, -4.90732, -4.84737, -5.10593, 
-4.24972, 0, 0, 0, 0, 0, 0, 0, 0, 0, 0, 0, 0, 0, 0, 0, 0, 0, 
0, 0, 0, 0, 0, 0.56985, 0.53197, 0.5546, 0.57023, 0.56868, 0.5868, 
0.55089, 0.56975, 0.55609, 0.57321, 0.57846, 0.5629, 0.52455, 
0.52949, 0.50965, 0.53225, 0.55498, 0.51778, 0.55594, 0.53942, 
0.55148, 0.55241, 0.0286, 0.0326, 0.0333, 0.0364, 0.0378, 0.0365, 
0.0399, 0.0419, 0.0444, 0.0482, 0.0518, 72.9, 85.2, 92.4, 97.7, 
106.5, 110, 115, 128.7, 134.9, 142.7, 150.8, 2219, 51, 2187, 
1960, 238, 1956, 329, 1757, 2459, 2225, 1825, 1, 2, 1, 1, 1, 
1, 2, 1, 1, 1, 1, 100, 100, 100, 100, 100, 100, 100, 100, 100, 
100, 100, 2500, 2500, 2500, 2500, 2500, 2500, 2500, 2500, 2500, 
2500, 2500, 8298.194, 8691.819, 8875.397, 8915.808, 8929.476, 
8722.92199999999, 8789.30900000001, 8831.689, 8874.79499999998, 
8924.255, 9329.609, 1, 1, 1, 1, 1, 1, 1, 1, 1, 1, 1, 0.03571, 
0.03571, 0.03571, 0.03571, 0.03571, 0.03571, 0.03571, 0.03571, 
0.03571, 0.03571, 0.03571, 0, 0, 0, 0, 0, 0, 0, 0, 0, 0, 0, 0, 
0, 0, 0, 0, 0, 0, 0, 0, 0, 0, 0.51682, 0.5047, 0.49615, 0.55694, 
0.51146, 0.57171, 0.5444, 0.56428, 0.53946, 0.55579, 0.55271, 
0.52333, 0.50379, 0.49755, 0.52038, 0.49184, 0.57049, 0.55041, 
0.54381, 0.52802, 0.54592, 0.56385, 0.03, 0.0324, 0.0339, 0.0394, 
0.035, 0.0383, 0.0423, 0.0404, 0.0457, 0.0468, 0.048, 77, 85.4, 
92.7, 101.1, 108.2, 115.3, 123.2, 129.5, 136.6, 144.2, 150.2, 
1, 1, 1, 1, 1, 1, 1, 1, 1, 1, 1, 1, 1, 1, 1, 1, 1, 1, 1, 1, 1, 
1, 1, 1, 1, 1, 1, 1, 1, 1, 1, 1, 1, 1, 1, 1, 1, 1, 1, 1, 1, 1, 
1, 1, 3.272, 3.452, 3.535, 3.564, 3.571, 3.467, 3.518, 3.488, 
3.507, 3.545, 3.749), .Dim = c(11L, 40L), .Dimnames = list(NULL, 
    c("Sampling", "PSO.cost", "PSO.gamma", "PSO.data.balancing", 
    "PSO.feature.selection", "PSO.valid.acc", "PSO.test.acc", 
    "PSO.train.time", "PSO.n.support.vectors", "PSO.index", "PSO.n.solutions", 
    "PSO.generations", "PSO.n.evaluations", "PSO.cpu.time", "RS.cost", 
    "RS.gamma", "RS.data.balancing", "RS.feature.selection", 
    "RS.valid.acc", "RS.test.acc", "RS.train.time", "RS.n.support.vectors", 
    "RS.index", "RS.n.solutions", "RS.generations", "RS.n.evaluations", 
    "RS.cpu.time", "DF.cost", "DF.gamma", "DF.data.balancing", 
    "DF.feature.selection", "DF.valid.acc", "DF.test.acc", "DF.train.time", 
    "DF.n.support.vectors", "DF.index", "DF.n.solutions", "DF.generations", 
    "DF.n.evaluations", "DF.cpu.time")))
