full <-
structure(c(50, 55, 60, 65, 70, 75, 80, 85, 90, 95, 100, 0.08831, 
2.85496, 0.35539, 7.99068, 0.4444, 0.29537, 1.2821, 0.46032, 
0.80242, 0.46649, 0.7571, -4.70751, -8.14278, -4.1662, -4.44161, 
-4.76906, -4.28472, -4.47179, -3.98759, -4.15238, -4.43675, -4.06398, 
0, 0, 0, 0, 0, 0, 0, 0, 0, 0, 0, 0, 0, 0, 0, 0, 0, 0, 0, 0, 0, 
0, 0.55662, 0.53078, 0.56342, 0.53853, 0.54795, 0.52845, 0.53777, 
0.56169, 0.55502, 0.57566, 0.56364, 0.50073, 0.48942, 0.54783, 
0.52371, 0.52359, 0.51423, 0.49602, 0.55457, 0.52669, 0.52399, 
0.54123, 0.0283, 0.0299, 0.0312, 0.0336, 0.0347, 0.0394, 0.0402, 
0.0429, 0.0457, 0.0502, 0.0528, 77.1, 81.4, 92.3, 99.4, 107.1, 
115.1, 122.6, 131, 138.4, 144.9, 151.8, 1610, 817, 362, 28, 1446, 
285, 1355, 591, 475, 920, 920, 33, 14, 618, 1140, 180, 667, 152, 
115, 378, 290, 313, 100, 100, 100, 100, 100, 100, 100, 100, 100, 
100, 100, 2500, 2500, 2500, 2500, 2500, 2500, 2500, 2500, 2500, 
2500, 2500, 6644.627, 6835.915, 7013.8, 7159.965, 7176.318, 7208.162, 
7301.477, 7394.012, 7428.77499999999, 7478.73499999999, 7520.834, 
0.0983, 1.75917, 0.78319, 13.1562, 0.98949, 0.80786, 0.22636, 
0.49326, 1.92089, 0.87659, 1.76778, -4.62605, -7.16087, -4.57153, 
-4.424, -4.99059, -5.39225, -5.30643, -3.77482, -5.03837, -4.56475, 
-5.20743, 0, 0, 0, 0, 0, 0, 0, 0, 0, 0, 0, 0, 0, 0, 0, 0, 0, 
0, 0, 0, 0, 0, 0.55571, 0.52939, 0.55231, 0.53853, 0.53962, 0.51709, 
0.52314, 0.55454, 0.54332, 0.56681, 0.54835, 0.50073, 0.51026, 
0.53235, 0.52371, 0.53192, 0.48566, 0.52796, 0.53064, 0.48803, 
0.53987, 0.51506, 0.0268, 0.0275, 0.0335, 0.0342, 0.0356, 0.0363, 
0.038, 0.0435, 0.0452, 0.0479, 0.0501, 77.1, 81.8, 91.3, 99.6, 
107, 113.1, 121.9, 131.6, 136.2, 144.8, 147, 1189, 1897, 722, 
40, 343, 85, 1081, 338, 701, 598, 802, 1, 1, 1, 10, 2, 2, 1, 
1, 1, 1, 1, 100, 100, 100, 100, 100, 100, 100, 100, 100, 100, 
100, 2500, 2500, 2500, 2500, 2500, 2500, 2500, 2500, 2500, 2500, 
2500, 6637.477, 6868.573, 7089.745, 7142.50999999999, 7170.932, 
7223.505, 7302.12299999999, 7394.743, 7425.678, 7485.12, 7510.91700000002, 
1, 1, 1, 1, 1, 1, 1, 1, 1, 1, 1, 0.03571, 0.03571, 0.03571, 0.03571, 
0.03571, 0.03571, 0.03571, 0.03571, 0.03571, 0.03571, 0.03571, 
0, 0, 0, 0, 0, 0, 0, 0, 0, 0, 0, 0, 0, 0, 0, 0, 0, 0, 0, 0, 0, 
0, 0.53301, 0.51538, 0.546, 0.52499, 0.50885, 0.5063, 0.51689, 
0.53406, 0.52191, 0.53899, 0.54799, 0.47712, 0.53369, 0.56164, 
0.5173, 0.53192, 0.47828, 0.51789, 0.52848, 0.51593, 0.51703, 
0.51458, 0.028, 0.029, 0.0314, 0.0332, 0.0347, 0.0361, 0.0387, 
0.0433, 0.0437, 0.0461, 0.0479, 77.1, 84.3, 91.2, 99.7, 107.3, 
114.5, 122.5, 129.3, 138.1, 145.6, 150.1, 1, 1, 1, 1, 1, 1, 1, 
1, 1, 1, 1, 1, 1, 1, 1, 1, 1, 1, 1, 1, 1, 1, 1, 1, 1, 1, 1, 1, 
1, 1, 1, 1, 1, 1, 1, 1, 1, 1, 1, 1, 1, 1, 1, 1, 2.599, 2.681, 
2.805, 2.791, 2.795, 2.77, 2.819, 3.006, 2.928, 2.907, 2.96), .Dim = c(11L, 
40L), .Dimnames = list(NULL, c("Sampling", "PSO.cost", "PSO.gamma", 
"PSO.data.balancing", "PSO.feature.selection", "PSO.valid.acc", 
"PSO.test.acc", "PSO.train.time", "PSO.n.support.vectors", "PSO.index", 
"PSO.n.solutions", "PSO.generations", "PSO.n.evaluations", "PSO.cpu.time", 
"RS.cost", "RS.gamma", "RS.data.balancing", "RS.feature.selection", 
"RS.valid.acc", "RS.test.acc", "RS.train.time", "RS.n.support.vectors", 
"RS.index", "RS.n.solutions", "RS.generations", "RS.n.evaluations", 
"RS.cpu.time", "DF.cost", "DF.gamma", "DF.data.balancing", "DF.feature.selection", 
"DF.valid.acc", "DF.test.acc", "DF.train.time", "DF.n.support.vectors", 
"DF.index", "DF.n.solutions", "DF.generations", "DF.n.evaluations", 
"DF.cpu.time")))
