full <-
structure(c(50, 55, 60, 65, 70, 75, 80, 85, 90, 95, 100, 1.02415, 
2.29469, 0.17964, 9.83934, 0.67063, -0.20313, 6.27216, 9.97078, 
0.36983, 2.99555, 0.51271, -4.58751, -5.34095, -5.16823, -14.12125, 
-4.45487, -4.66059, -9.87989, -4.05561, -5.10303, -4.22268, -5.11366, 
0, 0, 0, 0, 0, 0, 0, 0, 0, 0, 0, 0, 0, 0, 0, 0, 0, 0, 0, 0, 0, 
0, 0.57859, 0.55075, 0.58854, 0.52976, 0.52355, 0.49961, 0.54468, 
0.51664, 0.54552, 0.56804, 0.57172, 0.53665, 0.54277, 0.56533, 
0.48478, 0.48428, 0.47461, 0.49491, 0.49208, 0.54443, 0.53667, 
0.56516, 0.0307, 0.0302, 0.0338, 0.0326, 0.0355, 0.0377, 0.039, 
0.0452, 0.047, 0.0522, 0.0487, 76.4, 82.1, 91.9, 93.5, 108.1, 
115.7, 111.5, 131.8, 136.9, 146.5, 148, 2324, 703, 356, 136, 
2120, 1458, 269, 167, 260, 762, 699, 1, 69, 342, 263, 9, 63, 
276, 1190, 120, 158, 389, 100, 100, 100, 100, 100, 100, 100, 
100, 100, 100, 100, 2500, 2500, 2500, 2500, 2500, 2500, 2500, 
2500, 2500, 2500, 2500, 7683.582, 8386.442, 8390.596, 8670.456, 
8750.37700000001, 8791.088, 8872.42600000001, 9100.488, 9041.41, 
9068.81199999998, 9180.144, 0.80724, 2.28128, 0.48824, 7.71601, 
1.70508, -0.12099, 6.58327, 2.40947, 1.11165, 3.41161, 0.38809, 
-4.43597, -5.30666, -4.1341, -11.93056, -6.7477, -4.35392, -10.23299, 
-6.11121, -6.39231, -3.87625, -5.16426, 0, 0, 0, 0, 0, 0, 0, 
0, 0, 0, 0, 0, 0, 0, 0, 0, 0, 0, 0, 0, 0, 0, 0.56117, 0.55075, 
0.58548, 0.52976, 0.51091, 0.48086, 0.5388, 0.52199, 0.54055, 
0.56278, 0.57084, 0.53665, 0.54277, 0.56237, 0.49387, 0.48687, 
0.46781, 0.48866, 0.50315, 0.52348, 0.52491, 0.55514, 0.0294, 
0.0319, 0.0332, 0.0318, 0.0353, 0.0376, 0.0417, 0.0414, 0.0436, 
0.0484, 0.0493, 76.5, 82.2, 92.3, 93.5, 103.7, 115.8, 111.5, 
123.8, 132.5, 147.3, 148.3, 202, 284, 90, 532, 1615, 2416, 298, 
1425, 175, 945, 2413, 2, 1, 1, 7, 1, 1, 1, 1, 1, 2, 1, 100, 100, 
100, 100, 100, 100, 100, 100, 100, 100, 100, 2500, 2500, 2500, 
2500, 2500, 2500, 2500, 2500, 2500, 2500, 2500, 8156.442, 7885.822, 
8526.587, 8682.41500000001, 8741.07800000001, 8786.458, 9013.18999999999, 
9042.83699999998, 8899.16800000001, 9161.709, 9250.704, 1, 1, 
1, 1, 1, 1, 1, 1, 1, 1, 1, 0.03571, 0.03571, 0.03571, 0.03571, 
0.03571, 0.03571, 0.03571, 0.03571, 0.03571, 0.03571, 0.03571, 
0, 0, 0, 0, 0, 0, 0, 0, 0, 0, 0, 0, 0, 0, 0, 0, 0, 0, 0, 0, 0, 
0, 0.52315, 0.51536, 0.56881, 0.46788, 0.49566, 0.49144, 0.46949, 
0.48986, 0.52944, 0.54672, 0.53944, 0.53236, 0.54277, 0.56839, 
0.48203, 0.48534, 0.46458, 0.50079, 0.52199, 0.55068, 0.56233, 
0.54408, 0.0301, 0.0313, 0.032, 0.0327, 0.0375, 0.037, 0.0423, 
0.0439, 0.0443, 0.0459, 0.0522, 76.6, 84.7, 92.3, 100.6, 108.2, 
115.5, 123.1, 131.3, 137.8, 144.8, 150.2, 1, 1, 1, 1, 1, 1, 1, 
1, 1, 1, 1, 1, 1, 1, 1, 1, 1, 1, 1, 1, 1, 1, 1, 1, 1, 1, 1, 1, 
1, 1, 1, 1, 1, 1, 1, 1, 1, 1, 1, 1, 1, 1, 1, 1, 3.308, 3.244, 
3.461, 3.494, 3.504, 3.493, 3.585, 3.596, 3.527, 3.612, 3.685
), .Dim = c(11L, 40L), .Dimnames = list(NULL, c("Sampling", "PSO.cost", 
"PSO.gamma", "PSO.data.balancing", "PSO.feature.selection", "PSO.valid.acc", 
"PSO.test.acc", "PSO.train.time", "PSO.n.support.vectors", "PSO.index", 
"PSO.n.solutions", "PSO.generations", "PSO.n.evaluations", "PSO.cpu.time", 
"RS.cost", "RS.gamma", "RS.data.balancing", "RS.feature.selection", 
"RS.valid.acc", "RS.test.acc", "RS.train.time", "RS.n.support.vectors", 
"RS.index", "RS.n.solutions", "RS.generations", "RS.n.evaluations", 
"RS.cpu.time", "DF.cost", "DF.gamma", "DF.data.balancing", "DF.feature.selection", 
"DF.valid.acc", "DF.test.acc", "DF.train.time", "DF.n.support.vectors", 
"DF.index", "DF.n.solutions", "DF.generations", "DF.n.evaluations", 
"DF.cpu.time")))
