full <-
structure(c(50, 55, 60, 65, 70, 75, 80, 85, 90, 95, 100, 1.3909, 
5.87426, 0.03885, 7.42804, 7.91385, 0.54208, 1.23261, 8.14868, 
5.35754, 0.3836, -0.47794, -3.96307, -4.90547, -4.1141, -3.89603, 
-4.28286, -4.61276, -5.00437, -4.03304, -5.02685, -3.96339, -5.39538, 
0, 0, 0, 0, 0, 0, 0, 0, 0, 0, 0, 0, 0, 0, 0, 0, 0, 0, 0, 0, 0, 
0, 0.52409, 0.48583, 0.45868, 0.50135, 0.47066, 0.54459, 0.56811, 
0.51163, 0.53806, 0.57137, 0.53208, 0.48, 0.39348, 0.46008, 0.47093, 
0.4563, 0.47672, 0.52837, 0.50426, 0.49463, 0.55212, 0.51049, 
0.0305, 0.0319, 0.0339, 0.0363, 0.0382, 0.0405, 0.0419, 0.0454, 
0.0457, 0.0498, 0.047, 76.4, 83.9, 92.6, 99.3, 107, 114.7, 121.4, 
131.1, 135.6, 147, 150.6, 431, 187, 2016, 238, 42, 876, 302, 
172, 105, 1090, 1807, 213, 506, 9, 1024, 1114, 148, 81, 1017, 
864, 101, 11, 100, 100, 100, 100, 100, 100, 100, 100, 100, 100, 
100, 2500, 2500, 2500, 2500, 2500, 2500, 2500, 2500, 2500, 2500, 
2500, 7036.637, 6993.918, 7082.964, 7132.698, 7175.36, 7200.62700000001, 
7223.09699999999, 7339.81999999999, 7079.05100000001, 7136.785, 
7201.87300000002, 1.31217, 10.24328, 2.34185, 5.3112, 0.56656, 
0.50296, 1.39368, 10.77776, 1.63961, 0.36909, 1.11684, -3.9536, 
-4.88168, -5.76594, -3.97853, -5.62187, -4.4849, -5.29641, -4.00053, 
-5.14355, -4.27101, -3.97628, 0, 0, 0, 0, 0, 0, 0, 0, 0, 0, 0, 
0, 0, 0, 0, 0, 0, 0, 0, 0, 0, 0, 0.51409, 0.47583, 0.46144, 0.50135, 
0.47694, 0.5312, 0.55478, 0.51163, 0.54052, 0.55972, 0.52205, 
0.48, 0.39182, 0.41614, 0.47093, 0.44821, 0.48922, 0.52212, 0.50426, 
0.48899, 0.56286, 0.49568, 0.0308, 0.0323, 0.0334, 0.0361, 0.0364, 
0.0399, 0.0414, 0.0429, 0.043, 0.047, 0.0529, 76.4, 83.9, 89.7, 
99.4, 105.1, 114.8, 120.5, 131.3, 135.8, 146.5, 151.8, 572, 23, 
2277, 609, 1941, 1075, 1617, 1649, 570, 1145, 1336, 1, 9, 1, 
5, 1, 1, 2, 2, 1, 1, 1, 100, 100, 100, 100, 100, 100, 100, 100, 
100, 100, 100, 2500, 2500, 2500, 2500, 2500, 2500, 2500, 2500, 
2500, 2500, 2500, 7007.039, 7019.507, 7046.743, 7120.05, 7143.548, 
7108.39, 7233.724, 7180.234, 7046.54100000001, 7137.144, 7220.022, 
1, 1, 1, 1, 1, 1, 1, 1, 1, 1, 1, 0.03571, 0.03571, 0.03571, 0.03571, 
0.03571, 0.03571, 0.03571, 0.03571, 0.03571, 0.03571, 0.03571, 
0, 0, 0, 0, 0, 0, 0, 0, 0, 0, 0, 0, 0, 0, 0, 0, 0, 0, 0, 0, 0, 
0, 0.48048, 0.45091, 0.44266, 0.42609, 0.44766, 0.48346, 0.53551, 
0.48139, 0.50652, 0.54172, 0.50605, 0.47909, 0.42348, 0.43368, 
0.45911, 0.43337, 0.48118, 0.5175, 0.49209, 0.52066, 0.55188, 
0.5271, 0.0302, 0.0312, 0.0311, 0.0352, 0.0373, 0.039, 0.0414, 
0.0425, 0.0435, 0.0453, 0.0491, 77.1, 84.7, 92.1, 99.8, 107.3, 
115, 122.5, 130.9, 138.4, 145.6, 149.9, 1, 1, 1, 1, 1, 1, 1, 
1, 1, 1, 1, 1, 1, 1, 1, 1, 1, 1, 1, 1, 1, 1, 1, 1, 1, 1, 1, 1, 
1, 1, 1, 1, 1, 1, 1, 1, 1, 1, 1, 1, 1, 1, 1, 1, 2.772, 2.802, 
2.617, 2.818, 2.891, 2.841, 2.877, 2.833, 2.762, 2.77, 2.913), .Dim = c(11L, 
40L), .Dimnames = list(NULL, c("Sampling", "PSO.cost", "PSO.gamma", 
"PSO.data.balancing", "PSO.feature.selection", "PSO.valid.acc", 
"PSO.test.acc", "PSO.train.time", "PSO.n.support.vectors", "PSO.index", 
"PSO.n.solutions", "PSO.generations", "PSO.n.evaluations", "PSO.cpu.time", 
"RS.cost", "RS.gamma", "RS.data.balancing", "RS.feature.selection", 
"RS.valid.acc", "RS.test.acc", "RS.train.time", "RS.n.support.vectors", 
"RS.index", "RS.n.solutions", "RS.generations", "RS.n.evaluations", 
"RS.cpu.time", "DF.cost", "DF.gamma", "DF.data.balancing", "DF.feature.selection", 
"DF.valid.acc", "DF.test.acc", "DF.train.time", "DF.n.support.vectors", 
"DF.index", "DF.n.solutions", "DF.generations", "DF.n.evaluations", 
"DF.cpu.time")))
