full <-
structure(c(50, 55, 60, 65, 70, 75, 80, 85, 90, 95, 100, -0.07475, 
0.16497, 14.92428, 0.22517, 10.07829, -0.57254, 1.17125, -0.1516, 
1.41232, 2.29434, 5.53443, -4.64314, -4.56357, -4.17626, -4.9191, 
-4.58721, -5.23424, -6.38962, -5.69873, -6.12772, -5.61663, -5.11967, 
0, 0, 0, 0, 0, 0, 0, 0, 0, 0, 0, 0, 0, 0, 0, 0, 0, 0, 0, 0, 0, 
0, 0.51788, 0.52902, 0.51775, 0.53629, 0.57399, 0.5154, 0.50328, 
0.5469, 0.53259, 0.5421, 0.5759, 0.47768, 0.49866, 0.47377, 0.52962, 
0.5459, 0.51438, 0.46297, 0.51745, 0.49133, 0.52812, 0.54503, 
0.0334, 0.0323, 0.0333, 0.0341, 0.0403, 0.0358, 0.0399, 0.041, 
0.0453, 0.0516, 0.0487, 77.2, 85, 92.5, 100.2, 106.7, 116.5, 
121, 130.5, 132.5, 137.8, 147, 1094, 1808, 281, 797, 176, 1513, 
1269, 1033, 684, 1277, 911, 367, 50, 1219, 86, 840, 46, 50, 45, 
385, 22, 337, 100, 100, 100, 100, 100, 100, 100, 100, 100, 100, 
100, 2500, 2500, 2500, 2500, 2500, 2500, 2500, 2500, 2500, 2500, 
2500, 7859.141, 8476.509, 8400.267, 8683.335, 8638.015, 8769.19899999999, 
8762.39999999999, 8802.22900000001, 8752.96399999998, 8920.16899999999, 
8954.41399999999, 0.14103, 0.14448, 9.08533, -0.17578, 11.11505, 
0.90095, 1.36101, -0.34599, 1.41461, 2.42342, 4.45489, -4.50134, 
-4.53681, -4.17051, -4.88307, -4.48356, -4.52792, -6.39713, -5.40682, 
-6.11723, -5.68739, -5.13691, 0, 0, 0, 0, 0, 0, 0, 0, 0, 0, 0, 
0, 0, 0, 0, 0, 0, 0, 0, 0, 0, 0, 0.51697, 0.52902, 0.51775, 0.52962, 
0.57399, 0.51456, 0.49662, 0.54102, 0.53259, 0.5421, 0.57063, 
0.48566, 0.50775, 0.47377, 0.52129, 0.53106, 0.47422, 0.46963, 
0.51745, 0.49133, 0.52812, 0.53977, 0.0302, 0.0358, 0.0347, 0.0321, 
0.0373, 0.0429, 0.0425, 0.0398, 0.0428, 0.0457, 0.0535, 77, 85, 
92.5, 100.7, 106.8, 115.1, 120.1, 131.6, 132.5, 137.4, 147.5, 
1854, 1441, 17, 731, 165, 1027, 574, 485, 1159, 1571, 43, 1, 
1, 13, 4, 8, 2, 1, 3, 1, 1, 1, 100, 100, 100, 100, 100, 100, 
100, 100, 100, 100, 100, 2500, 2500, 2500, 2500, 2500, 2500, 
2500, 2500, 2500, 2500, 2500, 8242.65, 8253.39, 8637.114, 8706.773, 
8740.72100000001, 8723.56200000001, 8789.289, 8809.40300000001, 
8867.06899999999, 8934.88699999999, 9060.55100000001, 1, 1, 1, 
1, 1, 1, 1, 1, 1, 1, 1, 0.03571, 0.03571, 0.03571, 0.03571, 0.03571, 
0.03571, 0.03571, 0.03571, 0.03571, 0.03571, 0.03571, 0, 0, 0, 
0, 0, 0, 0, 0, 0, 0, 0, 0, 0, 0, 0, 0, 0, 0, 0, 0, 0, 0, 0.50677, 
0.51977, 0.47056, 0.52962, 0.51418, 0.50075, 0.47, 0.52922, 0.50408, 
0.51695, 0.54329, 0.49677, 0.50775, 0.47418, 0.52129, 0.52956, 
0.49476, 0.46255, 0.50495, 0.50309, 0.50517, 0.55382, 0.0303, 
0.0312, 0.0334, 0.0359, 0.0385, 0.0373, 0.0433, 0.0442, 0.0439, 
0.0492, 0.0501, 77.2, 85, 92.7, 100.2, 107.3, 115.9, 123.2, 130.4, 
137.3, 144.9, 150.2, 1, 1, 1, 1, 1, 1, 1, 1, 1, 1, 1, 1, 1, 1, 
1, 1, 1, 1, 1, 1, 1, 1, 1, 1, 1, 1, 1, 1, 1, 1, 1, 1, 1, 1, 1, 
1, 1, 1, 1, 1, 1, 1, 1, 1, 3.348, 3.309, 3.51, 3.474, 3.49, 3.482, 
3.559, 3.406, 3.502, 3.58, 3.614), .Dim = c(11L, 40L), .Dimnames = list(
    NULL, c("Sampling", "PSO.cost", "PSO.gamma", "PSO.data.balancing", 
    "PSO.feature.selection", "PSO.valid.acc", "PSO.test.acc", 
    "PSO.train.time", "PSO.n.support.vectors", "PSO.index", "PSO.n.solutions", 
    "PSO.generations", "PSO.n.evaluations", "PSO.cpu.time", "RS.cost", 
    "RS.gamma", "RS.data.balancing", "RS.feature.selection", 
    "RS.valid.acc", "RS.test.acc", "RS.train.time", "RS.n.support.vectors", 
    "RS.index", "RS.n.solutions", "RS.generations", "RS.n.evaluations", 
    "RS.cpu.time", "DF.cost", "DF.gamma", "DF.data.balancing", 
    "DF.feature.selection", "DF.valid.acc", "DF.test.acc", "DF.train.time", 
    "DF.n.support.vectors", "DF.index", "DF.n.solutions", "DF.generations", 
    "DF.n.evaluations", "DF.cpu.time")))
