full <-
structure(c(50, 55, 60, 65, 70, 75, 80, 85, 90, 95, 100, 1.59114, 
2.3493, 0.61647, 5.90271, -0.30122, 5.61767, 0.37911, 0.60546, 
0.47408, 0.29744, 1.22265, -5.97019, -7.47671, -6.05147, -7.67019, 
-4.93017, -10.18153, -5.17235, -4.08832, -4.37188, -4.28569, 
-4.38348, 0, 0, 0, 0, 0, 0, 0, 0, 0, 0, 0, 0, 0, 0, 0, 0, 0, 
0, 0, 0, 0, 0, 0.47439, 0.52591, 0.51502, 0.54709, 0.49762, 0.49458, 
0.56026, 0.57182, 0.59962, 0.56509, 0.57069, 0.42509, 0.46121, 
0.47197, 0.43624, 0.49833, 0.50744, 0.52169, 0.56495, 0.53419, 
0.54306, 0.53987, 0.0299, 0.0277, 0.0307, 0.0355, 0.035, 0.0351, 
0.0383, 0.0424, 0.0444, 0.0478, 0.0507, 75, 81.8, 91.4, 92.2, 
107.5, 106.3, 121.9, 130.2, 137.9, 145.8, 151.5, 483, 1346, 772, 
1887, 572, 104, 64, 1471, 1128, 1214, 1724, 91, 10, 391, 48, 
172, 139, 602, 36, 141, 40, 94, 100, 100, 100, 100, 100, 100, 
100, 100, 100, 100, 100, 2500, 2500, 2500, 2500, 2500, 2500, 
2500, 2500, 2500, 2500, 2500, 6416.758, 6546.626, 6718.008, 6895.799, 
7215.191, 7164.772, 7205.00899999999, 7372.026, 7424.55, 7479.68500000001, 
7555.18299999999, 0.98128, 1.88683, 0.45654, 4.8938, 0.26863, 
7.79677, 0.50907, 0.18318, 0.19157, -0.0134, 0.92568, -5.20184, 
-6.954, -5.87535, -7.83677, -4.42462, -12.38452, -5.41859, -4.08334, 
-4.69402, -4.22697, -4.49797, 0, 0, 0, 0, 0, 0, 0, 0, 0, 0, 0, 
0, 0, 0, 0, 0, 0, 0, 0, 0, 0, 0, 0.47439, 0.51682, 0.51502, 0.53247, 
0.48341, 0.49458, 0.55401, 0.55475, 0.57239, 0.5493, 0.56063, 
0.436, 0.46212, 0.46531, 0.46012, 0.48405, 0.50744, 0.50988, 
0.55271, 0.5439, 0.53324, 0.54365, 0.0269, 0.0306, 0.0328, 0.0311, 
0.036, 0.0342, 0.0374, 0.0421, 0.044, 0.048, 0.0499, 76.3, 82.5, 
91.6, 92.4, 108.1, 106.1, 121.4, 130.4, 136.6, 146.2, 150.4, 
1701, 459, 1422, 1652, 2495, 361, 800, 1085, 1091, 1917, 84, 
1, 1, 1, 1, 1, 10, 2, 1, 1, 1, 1, 100, 100, 100, 100, 100, 100, 
100, 100, 100, 100, 100, 2500, 2500, 2500, 2500, 2500, 2500, 
2500, 2500, 2500, 2500, 2500, 6493.081, 6707.423, 6941.901, 6925.194, 
7198.18499999999, 7170.711, 7298.48, 7352.284, 7415.417, 7467.242, 
7638.52499999999, 1, 1, 1, 1, 1, 1, 1, 1, 1, 1, 1, 0.03571, 0.03571, 
0.03571, 0.03571, 0.03571, 0.03571, 0.03571, 0.03571, 0.03571, 
0.03571, 0.03571, 0, 0, 0, 0, 0, 0, 0, 0, 0, 0, 0, 0, 0, 0, 0, 
0, 0, 0, 0, 0, 0, 0, 0.39267, 0.45788, 0.49796, 0.47807, 0.47619, 
0.47167, 0.52242, 0.53568, 0.55532, 0.52688, 0.52811, 0.42033, 
0.4603, 0.48534, 0.51446, 0.49786, 0.4922, 0.51083, 0.57076, 
0.54357, 0.53254, 0.52136, 0.0299, 0.0295, 0.0302, 0.0354, 0.0348, 
0.036, 0.0392, 0.0413, 0.0425, 0.0452, 0.0476, 77, 84.9, 92.4, 
99.6, 107.5, 114.6, 122.6, 128.1, 137.2, 145.3, 149.9, 1, 1, 
1, 1, 1, 1, 1, 1, 1, 1, 1, 1, 1, 1, 1, 1, 1, 1, 1, 1, 1, 1, 1, 
1, 1, 1, 1, 1, 1, 1, 1, 1, 1, 1, 1, 1, 1, 1, 1, 1, 1, 1, 1, 1, 
2.717, 2.6, 2.604, 2.875, 2.862, 2.863, 2.927, 2.923, 2.957, 
2.977, 3.006), .Dim = c(11L, 40L), .Dimnames = list(NULL, c("Sampling", 
"PSO.cost", "PSO.gamma", "PSO.data.balancing", "PSO.feature.selection", 
"PSO.valid.acc", "PSO.test.acc", "PSO.train.time", "PSO.n.support.vectors", 
"PSO.index", "PSO.n.solutions", "PSO.generations", "PSO.n.evaluations", 
"PSO.cpu.time", "RS.cost", "RS.gamma", "RS.data.balancing", "RS.feature.selection", 
"RS.valid.acc", "RS.test.acc", "RS.train.time", "RS.n.support.vectors", 
"RS.index", "RS.n.solutions", "RS.generations", "RS.n.evaluations", 
"RS.cpu.time", "DF.cost", "DF.gamma", "DF.data.balancing", "DF.feature.selection", 
"DF.valid.acc", "DF.test.acc", "DF.train.time", "DF.n.support.vectors", 
"DF.index", "DF.n.solutions", "DF.generations", "DF.n.evaluations", 
"DF.cpu.time")))
