full <-
structure(c(50, 55, 60, 65, 70, 75, 80, 85, 90, 95, 100, 6.69766, 
5.82125, 1.525, 13.90516, 8.77845, 4.26509, 3.14027, 10.83463, 
3.33253, 1.24095, 4.26638, -4.91329, -10.96172, -5.38031, -4.82214, 
-14.89197, -9.01608, -5.92727, -15, -6.63764, -7.29705, -6.84864, 
0, 0, 0, 0, 0, 0, 0, 0, 0, 0, 0, 0, 0, 0, 0, 0, 0, 0, 0, 0, 0, 
0, 0.52742, 0.53631, 0.51472, 0.55379, 0.53984, 0.55199, 0.5589, 
0.53904, 0.584, 0.56673, 0.5629, 0.46583, 0.52722, 0.54096, 0.51265, 
0.49564, 0.51896, 0.54528, 0.52802, 0.53394, 0.51329, 0.51338, 
0.0276, 0.0307, 0.0323, 0.037, 0.0329, 0.0365, 0.0389, 0.0404, 
0.0419, 0.0457, 0.0476, 76, 80.7, 91.8, 99.8, 102.3, 107.7, 117.6, 
119.7, 127.7, 138.9, 137.2, 303, 139, 2454, 158, 1154, 518, 356, 
357, 1071, 770, 1289, 200, 114, 1, 1145, 18, 202, 385, 120, 227, 
10, 48, 100, 100, 100, 100, 100, 100, 100, 100, 100, 100, 100, 
2500, 2500, 2500, 2500, 2500, 2500, 2500, 2500, 2500, 2500, 2500, 
6815.928, 6857.481, 7012.001, 7073.484, 7240.757, 7303.10399999999, 
7361.845, 7590.93900000001, 7449.804, 7696.30399999999, 7818.51199999999, 
5.03084, 8.03327, 2.75058, 1.16575, 6.58996, 4.08222, 3.10171, 
9.82958, 3.56918, 0.42283, 5.64399, -4.91078, -13.26951, -6.58953, 
-5.04724, -12.69216, -8.8705, -5.80332, -13.91694, -6.74845, 
-4.46495, -7.91863, 0, 0, 0, 0, 0, 0, 0, 0, 0, 0, 0, 0, 0, 0, 
0, 0, 0, 0, 0, 0, 0, 0, 0.52742, 0.52798, 0.50925, 0.55553, 0.53984, 
0.55199, 0.55821, 0.53904, 0.57812, 0.55969, 0.55662, 0.46583, 
0.49889, 0.53446, 0.52382, 0.50333, 0.51896, 0.53813, 0.52136, 
0.53332, 0.55335, 0.51907, 0.0307, 0.0307, 0.0318, 0.0358, 0.0321, 
0.0364, 0.0418, 0.0393, 0.0414, 0.0512, 0.0456, 76, 80.6, 88.1, 
99.9, 102.3, 107.8, 117.6, 119.4, 127, 144.7, 133.8, 1307, 582, 
831, 1935, 969, 1892, 73, 409, 41, 173, 783, 1, 2, 1, 1, 2, 1, 
1, 2, 1, 1, 1, 100, 100, 100, 100, 100, 100, 100, 100, 100, 100, 
100, 2500, 2500, 2500, 2500, 2500, 2500, 2500, 2500, 2500, 2500, 
2500, 6962.239, 7046.589, 7022.291, 7056.895, 7149.19500000001, 
7230.329, 7309.08100000001, 7637.811, 7568.802, 7786.65299999999, 
7790.55900000001, 1, 1, 1, 1, 1, 1, 1, 1, 1, 1, 1, 0.03571, 0.03571, 
0.03571, 0.03571, 0.03571, 0.03571, 0.03571, 0.03571, 0.03571, 
0.03571, 0.03571, 0, 0, 0, 0, 0, 0, 0, 0, 0, 0, 0, 0, 0, 0, 0, 
0, 0, 0, 0, 0, 0, 0, 0.45869, 0.43399, 0.45926, 0.45269, 0.43654, 
0.49291, 0.49918, 0.5169, 0.51593, 0.5527, 0.54578, 0.44619, 
0.45253, 0.50171, 0.45834, 0.49009, 0.49134, 0.50515, 0.51612, 
0.54691, 0.53541, 0.54953, 0.03, 0.0322, 0.031, 0.0331, 0.0357, 
0.0367, 0.0388, 0.042, 0.044, 0.0488, 0.0513, 76.8, 84.8, 93.3, 
100.4, 108, 116, 122.8, 130.4, 137.2, 144.3, 150.8, 1, 1, 1, 
1, 1, 1, 1, 1, 1, 1, 1, 1, 1, 1, 1, 1, 1, 1, 1, 1, 1, 1, 1, 1, 
1, 1, 1, 1, 1, 1, 1, 1, 1, 1, 1, 1, 1, 1, 1, 1, 1, 1, 1, 1, 2.791, 
2.838, 2.659, 2.869, 2.964, 2.771, 2.798, 3.039, 2.927, 3.115, 
3.209), .Dim = c(11L, 40L), .Dimnames = list(NULL, c("Sampling", 
"PSO.cost", "PSO.gamma", "PSO.data.balancing", "PSO.feature.selection", 
"PSO.valid.acc", "PSO.test.acc", "PSO.train.time", "PSO.n.support.vectors", 
"PSO.index", "PSO.n.solutions", "PSO.generations", "PSO.n.evaluations", 
"PSO.cpu.time", "RS.cost", "RS.gamma", "RS.data.balancing", "RS.feature.selection", 
"RS.valid.acc", "RS.test.acc", "RS.train.time", "RS.n.support.vectors", 
"RS.index", "RS.n.solutions", "RS.generations", "RS.n.evaluations", 
"RS.cpu.time", "DF.cost", "DF.gamma", "DF.data.balancing", "DF.feature.selection", 
"DF.valid.acc", "DF.test.acc", "DF.train.time", "DF.n.support.vectors", 
"DF.index", "DF.n.solutions", "DF.generations", "DF.n.evaluations", 
"DF.cpu.time")))
