full <-
structure(c(50, 55, 60, 65, 70, 75, 80, 85, 90, 95, 100, 2.74848, 
2.3089, 7.9099, 1.50042, 4.27975, 8.68942, 0.26717, 1.7237, 1.23426, 
10.15914, 0.51723, -8.08352, -6.66961, -4.53651, -6.65422, -4.09395, 
-4.00887, -4.60842, -5.93993, -5.01624, -4.80439, -4.34373, 0, 
0, 0, 0, 0, 0, 0, 0, 0, 0, 0, 0, 0, 0, 0, 0, 0, 0, 0, 0, 0, 0, 
0.51157, 0.52054, 0.50879, 0.55983, 0.54331, 0.52476, 0.55411, 
0.56461, 0.52649, 0.53875, 0.58076, 0.48192, 0.44895, 0.46443, 
0.50384, 0.51599, 0.49577, 0.55513, 0.50785, 0.52558, 0.50291, 
0.57221, 0.0289, 0.0305, 0.0362, 0.0325, 0.0377, 0.0422, 0.0399, 
0.0402, 0.047, 0.0495, 0.0516, 74.5, 82.2, 92.1, 96.2, 108.7, 
117.2, 123.1, 124.9, 136.4, 144.1, 150.6, 263, 1513, 67, 97, 
392, 28, 1109, 2440, 623, 19, 1411, 112, 12, 628, 514, 596, 894, 
176, 1, 208, 1244, 75, 100, 100, 100, 100, 100, 100, 100, 100, 
100, 100, 100, 2500, 2500, 2500, 2500, 2500, 2500, 2500, 2500, 
2500, 2500, 2500, 7425.824, 8693.864, 8874.151, 8871.626, 8864.162, 
8768.849, 8971.27200000001, 9050.39199999999, 8886.908, 8935.00099999999, 
9089.46100000001, 2.08005, 3.24402, 7.90418, 1.31775, 4.55732, 
13.04203, 5.68056, 1.58928, 1.23692, 9.46672, 0.28061, -7.27591, 
-8.15169, -4.53146, -6.65359, -4.03758, -4.03615, -11.3159, -4.83973, 
-4.65003, -4.93358, -4.4738, 0, 0, 0, 0, 0, 0, 0, 0, 0, 0, 0, 
0, 0, 0, 0, 0, 0, 0, 0, 0, 0, 0, 0.51157, 0.51054, 0.50879, 0.55269, 
0.53743, 0.52476, 0.54888, 0.56387, 0.52031, 0.53875, 0.56597, 
0.47359, 0.43597, 0.46443, 0.50384, 0.51599, 0.49577, 0.49357, 
0.50553, 0.50891, 0.50291, 0.5568, 0.0267, 0.0331, 0.033, 0.0344, 
0.0382, 0.0418, 0.0389, 0.0448, 0.0459, 0.0505, 0.0494, 74.7, 
81.1, 92.1, 96.6, 108.7, 117.2, 115.4, 129.9, 137.8, 142.8, 150.6, 
416, 1899, 1090, 247, 749, 177, 1322, 251, 1661, 30, 91, 2, 1, 
1, 2, 3, 5, 2, 1, 1, 11, 2, 100, 100, 100, 100, 100, 100, 100, 
100, 100, 100, 100, 2500, 2500, 2500, 2500, 2500, 2500, 2500, 
2500, 2500, 2500, 2500, 7635.175, 8744.48, 8870.414, 8886.04500000001, 
8625.753, 8808.571, 8964.14200000001, 8922.91499999999, 8833.89200000002, 
8926.16900000002, 9138.43100000001, 1, 1, 1, 1, 1, 1, 1, 1, 1, 
1, 1, 0.03571, 0.03571, 0.03571, 0.03571, 0.03571, 0.03571, 0.03571, 
0.03571, 0.03571, 0.03571, 0.03571, 0, 0, 0, 0, 0, 0, 0, 0, 0, 
0, 0, 0, 0, 0, 0, 0, 0, 0, 0, 0, 0, 0, 0.47157, 0.44728, 0.47685, 
0.50681, 0.51935, 0.49185, 0.53108, 0.51849, 0.50329, 0.48968, 
0.55009, 0.45081, 0.43617, 0.50045, 0.52367, 0.51285, 0.51101, 
0.53457, 0.5388, 0.49806, 0.50893, 0.56738, 0.0323, 0.0328, 0.0385, 
0.0363, 0.0378, 0.0371, 0.0413, 0.0411, 0.0464, 0.0487, 0.0508, 
77.1, 85.1, 93, 100.6, 107.4, 115.6, 122.9, 130.1, 137.2, 144.7, 
150.6, 1, 1, 1, 1, 1, 1, 1, 1, 1, 1, 1, 1, 1, 1, 1, 1, 1, 1, 
1, 1, 1, 1, 1, 1, 1, 1, 1, 1, 1, 1, 1, 1, 1, 1, 1, 1, 1, 1, 1, 
1, 1, 1, 1, 1, 3.478, 3.55, 3.545, 3.542, 3.431, 3.583, 3.563, 
3.497, 3.531, 3.592, 3.65), .Dim = c(11L, 40L), .Dimnames = list(
    NULL, c("Sampling", "PSO.cost", "PSO.gamma", "PSO.data.balancing", 
    "PSO.feature.selection", "PSO.valid.acc", "PSO.test.acc", 
    "PSO.train.time", "PSO.n.support.vectors", "PSO.index", "PSO.n.solutions", 
    "PSO.generations", "PSO.n.evaluations", "PSO.cpu.time", "RS.cost", 
    "RS.gamma", "RS.data.balancing", "RS.feature.selection", 
    "RS.valid.acc", "RS.test.acc", "RS.train.time", "RS.n.support.vectors", 
    "RS.index", "RS.n.solutions", "RS.generations", "RS.n.evaluations", 
    "RS.cpu.time", "DF.cost", "DF.gamma", "DF.data.balancing", 
    "DF.feature.selection", "DF.valid.acc", "DF.test.acc", "DF.train.time", 
    "DF.n.support.vectors", "DF.index", "DF.n.solutions", "DF.generations", 
    "DF.n.evaluations", "DF.cpu.time")))
