full <-
structure(c(50, 55, 60, 65, 70, 75, 80, 85, 90, 95, 100, 2.49852, 
2.12016, -0.27555, 0.60853, 1.28196, 3.12462, 2.94954, -0.25207, 
0.70595, 0.66084, 6.28479, -5.83008, -4.81748, -3.86259, -4.37104, 
-5.44037, -5.59994, -6.16575, -5.38423, -4.62019, -4.40009, -4.51929, 
0, 0, 0, 0, 0, 0, 0, 0, 0, 0, 0, 0, 0, 0, 0, 0, 0, 0, 0, 0, 0, 
0, 0.42216, 0.49397, 0.46501, 0.51996, 0.53497, 0.58203, 0.539, 
0.55542, 0.56542, 0.5538, 0.56523, 0.36779, 0.40619, 0.42031, 
0.51001, 0.54099, 0.518, 0.49334, 0.51514, 0.54624, 0.5423, 0.53307, 
0.0312, 0.03, 0.0339, 0.0341, 0.038, 0.0387, 0.0393, 0.0461, 
0.0468, 0.0488, 0.05, 76.1, 84.3, 93, 100.1, 106.7, 111.7, 117.3, 
131, 137.1, 144.9, 150.5, 90, 304, 405, 1235, 859, 904, 313, 
764, 843, 346, 15, 180, 435, 40, 190, 31, 91, 247, 611, 222, 
361, 1256, 100, 100, 100, 100, 100, 100, 100, 100, 100, 100, 
100, 2500, 2500, 2500, 2500, 2500, 2500, 2500, 2500, 2500, 2500, 
2500, 7786.935, 8519.808, 8843.097, 8799.288, 8720.367, 8771.363, 
8982.755, 9005.98, 9058.55800000002, 8915.726, 9000.364, 3.16927, 
1.79722, 6.97247, 1.60845, 1.6949, 3.51744, 3.03768, 5.45512, 
0.3878, 0.60572, 2.6639, -5.27115, -4.68353, -2.98835, -5.79565, 
-4.59352, -6.13816, -6.16155, -11.65604, -4.11297, -4.36258, 
-5.79179, 0, 0, 0, 0, 0, 0, 0, 0, 0, 0, 0, 0, 0, 0, 0, 0, 0, 
0, 0, 0, 0, 0, 0.42049, 0.47849, 0.4635, 0.51022, 0.5259, 0.57434, 
0.539, 0.55708, 0.54945, 0.54824, 0.56602, 0.36843, 0.41619, 
0.43941, 0.50406, 0.54715, 0.48387, 0.49334, 0.47708, 0.5573, 
0.5423, 0.54277, 0.0307, 0.0321, 0.0329, 0.0357, 0.0375, 0.0381, 
0.0423, 0.0405, 0.0465, 0.0513, 0.0478, 76.3, 84.3, 93, 99, 107.5, 
110.5, 117.3, 126.3, 138.7, 145, 143.5, 901, 1464, 545, 1389, 
2003, 924, 135, 1093, 128, 1511, 336, 1, 1, 3, 2, 1, 1, 1, 2, 
1, 1, 2, 100, 100, 100, 100, 100, 100, 100, 100, 100, 100, 100, 
2500, 2500, 2500, 2500, 2500, 2500, 2500, 2500, 2500, 2500, 2500, 
8262.132, 8706.357, 8878.555, 8715.268, 8737.007, 8809.766, 8990.7, 
9022.603, 8870.27900000001, 8911.18399999998, 9093.323, 1, 1, 
1, 1, 1, 1, 1, 1, 1, 1, 1, 0.03571, 0.03571, 0.03571, 0.03571, 
0.03571, 0.03571, 0.03571, 0.03571, 0.03571, 0.03571, 0.03571, 
0, 0, 0, 0, 0, 0, 0, 0, 0, 0, 0, 0, 0, 0, 0, 0, 0, 0, 0, 0, 0, 
0, 0.33108, 0.40516, 0.43467, 0.45608, 0.51333, 0.51967, 0.49523, 
0.54431, 0.52007, 0.52592, 0.53495, 0.33969, 0.38952, 0.43558, 
0.44873, 0.48795, 0.53361, 0.50539, 0.52694, 0.56363, 0.50978, 
0.5278, 0.03, 0.0312, 0.0326, 0.0351, 0.0369, 0.0404, 0.0425, 
0.0423, 0.0462, 0.0462, 0.0519, 76.5, 84.5, 92.4, 100.5, 108.2, 
115.9, 123.3, 130.6, 137.6, 144.8, 150.2, 1, 1, 1, 1, 1, 1, 1, 
1, 1, 1, 1, 1, 1, 1, 1, 1, 1, 1, 1, 1, 1, 1, 1, 1, 1, 1, 1, 1, 
1, 1, 1, 1, 1, 1, 1, 1, 1, 1, 1, 1, 1, 1, 1, 1, 3.357, 3.49, 
3.529, 3.521, 3.474, 3.552, 3.552, 3.589, 3.558, 3.544, 3.656
), .Dim = c(11L, 40L), .Dimnames = list(NULL, c("Sampling", "PSO.cost", 
"PSO.gamma", "PSO.data.balancing", "PSO.feature.selection", "PSO.valid.acc", 
"PSO.test.acc", "PSO.train.time", "PSO.n.support.vectors", "PSO.index", 
"PSO.n.solutions", "PSO.generations", "PSO.n.evaluations", "PSO.cpu.time", 
"RS.cost", "RS.gamma", "RS.data.balancing", "RS.feature.selection", 
"RS.valid.acc", "RS.test.acc", "RS.train.time", "RS.n.support.vectors", 
"RS.index", "RS.n.solutions", "RS.generations", "RS.n.evaluations", 
"RS.cpu.time", "DF.cost", "DF.gamma", "DF.data.balancing", "DF.feature.selection", 
"DF.valid.acc", "DF.test.acc", "DF.train.time", "DF.n.support.vectors", 
"DF.index", "DF.n.solutions", "DF.generations", "DF.n.evaluations", 
"DF.cpu.time")))
