full <-
structure(c(50, 55, 60, 65, 70, 75, 80, 85, 90, 95, 100, 1.54624, 
2.95535, 0.90391, 1.26828, 0.35258, 0.19369, 0.33026, 8.02057, 
0.69045, 0.726, 2.12499, -6.65412, -7.70651, -5.27558, -6.84341, 
-4.2746, -4.12591, -4.90133, -3.72219, -4.59692, -5.29554, -5.58471, 
0, 0, 0, 0, 0, 0, 0, 0, 0, 0, 0, 0, 0, 0, 0, 0, 0, 0, 0, 0, 0, 
0, 0.4996, 0.53222, 0.51818, 0.53267, 0.52076, 0.54571, 0.60608, 
0.5625, 0.56362, 0.56427, 0.57469, 0.43737, 0.52071, 0.44214, 
0.44895, 0.4793, 0.53741, 0.54742, 0.56279, 0.56216, 0.55757, 
0.52776, 0.0272, 0.0293, 0.0362, 0.0358, 0.0364, 0.0393, 0.0434, 
0.0467, 0.049, 0.048, 0.0499, 76, 82.5, 92.1, 98.9, 108.5, 115.7, 
122.4, 131.4, 137.6, 143.4, 145.1, 1985, 1235, 925, 863, 588, 
1774, 615, 323, 1112, 517, 531, 8, 41, 66, 174, 32, 22, 560, 
1006, 36, 581, 308, 100, 100, 100, 100, 100, 100, 100, 100, 100, 
100, 100, 2500, 2500, 2500, 2500, 2500, 2500, 2500, 2500, 2500, 
2500, 2500, 7017.318, 7424.761, 7482.08, 7876.56400000001, 8146.59399999999, 
8136.023, 7827.269, 8022.141, 7993.47099999999, 7982.565, 8031.30100000001, 
1.71855, 2.87883, 1.25856, 1.20287, 0.52859, 0.31576, 0.19342, 
6.04791, 0.82084, 0.74263, 1.78603, -6.74631, -7.73876, -5.62801, 
-6.64489, -4.28531, -4.0802, -4.7804, -3.77084, -4.93449, -4.99458, 
-5.38193, 0, 0, 0, 0, 0, 0, 0, 0, 0, 0, 0, 0, 0, 0, 0, 0, 0, 
0, 0, 0, 0, 0, 0.48848, 0.53131, 0.50909, 0.51267, 0.50647, 0.53905, 
0.59942, 0.5625, 0.56251, 0.55842, 0.55014, 0.42626, 0.52071, 
0.46877, 0.45895, 0.49347, 0.55177, 0.55457, 0.56279, 0.54966, 
0.54646, 0.52221, 0.0329, 0.0305, 0.0315, 0.0359, 0.041, 0.0416, 
0.0446, 0.046, 0.0465, 0.0485, 0.0498, 75.8, 82.7, 91.9, 99.1, 
108.5, 115.8, 122.5, 131.3, 137, 144.8, 146.1, 891, 2051, 1741, 
1505, 1384, 746, 59, 97, 1671, 95, 2172, 1, 1, 1, 1, 2, 1, 1, 
7, 1, 1, 1, 100, 100, 100, 100, 100, 100, 100, 100, 100, 100, 
100, 2500, 2500, 2500, 2500, 2500, 2500, 2500, 2500, 2500, 2500, 
2500, 7311.347, 7347.138, 7709.68700000001, 7949.011, 8153.155, 
7997.212, 7954.04700000001, 7904.549, 7941.796, 8067.908, 8004.53, 
1, 1, 1, 1, 1, 1, 1, 1, 1, 1, 1, 0.03571, 0.03571, 0.03571, 0.03571, 
0.03571, 0.03571, 0.03571, 0.03571, 0.03571, 0.03571, 0.03571, 
0, 0, 0, 0, 0, 0, 0, 0, 0, 0, 0, 0, 0, 0, 0, 0, 0, 0, 0, 0, 0, 
0, 0.44424, 0.48126, 0.45107, 0.48331, 0.49189, 0.51796, 0.58051, 
0.50275, 0.53644, 0.55401, 0.5006, 0.41515, 0.47333, 0.42277, 
0.49831, 0.49388, 0.52991, 0.54832, 0.53983, 0.54606, 0.51982, 
0.52747, 0.0291, 0.0316, 0.0321, 0.0372, 0.039, 0.0409, 0.0415, 
0.0446, 0.0464, 0.0483, 0.0502, 77.1, 84.7, 93, 101.1, 108.1, 
115.8, 122.9, 130.7, 138.3, 146.1, 150.5, 1, 1, 1, 1, 1, 1, 1, 
1, 1, 1, 1, 1, 1, 1, 1, 1, 1, 1, 1, 1, 1, 1, 1, 1, 1, 1, 1, 1, 
1, 1, 1, 1, 1, 1, 1, 1, 1, 1, 1, 1, 1, 1, 1, 1, 2.956, 3.005, 
2.912, 3.231, 3.25, 3.178, 3.144, 3.212, 3.206, 3.107, 3.184), .Dim = c(11L, 
40L), .Dimnames = list(NULL, c("Sampling", "PSO.cost", "PSO.gamma", 
"PSO.data.balancing", "PSO.feature.selection", "PSO.valid.acc", 
"PSO.test.acc", "PSO.train.time", "PSO.n.support.vectors", "PSO.index", 
"PSO.n.solutions", "PSO.generations", "PSO.n.evaluations", "PSO.cpu.time", 
"RS.cost", "RS.gamma", "RS.data.balancing", "RS.feature.selection", 
"RS.valid.acc", "RS.test.acc", "RS.train.time", "RS.n.support.vectors", 
"RS.index", "RS.n.solutions", "RS.generations", "RS.n.evaluations", 
"RS.cpu.time", "DF.cost", "DF.gamma", "DF.data.balancing", "DF.feature.selection", 
"DF.valid.acc", "DF.test.acc", "DF.train.time", "DF.n.support.vectors", 
"DF.index", "DF.n.solutions", "DF.generations", "DF.n.evaluations", 
"DF.cpu.time")))
