full <-
structure(c(50, 55, 60, 65, 70, 75, 80, 85, 90, 95, 100, 7.85974, 
9.32873, 2.26657, 0.70101, 10.28829, 5.05844, 5.5056, 8.11379, 
0.07076, 1.28959, 6.96289, -8.57012, -11.55974, -7.7027, -4.0548, 
-9.15765, -5.96025, -8.95631, -10.9867, -3.54328, -8.17764, -12.28768, 
0, 0, 0, 0, 0, 0, 0, 0, 0, 0, 0, 0, 0, 0, 0, 0, 0, 0, 0, 0, 0, 
0, 0.80561, 0.78462, 0.73846, 0.76238, 0.75377, 0.76838, 0.75616, 
0.73222, 0.7031, 0.73203, 0.73783, 0.78909, 0.77692, 0.70055, 
0.75524, 0.74206, 0.73309, 0.72773, 0.73222, 0.68762, 0.68571, 
0.71154, 0.0246, 0.0272, 0.0271, 0.0296, 0.0321, 0.0314, 0.0315, 
0.0329, 0.0369, 0.0401, 0.0403, 51.2, 58.9, 82.7, 86.7, 73.8, 
86, 101.3, 106, 129.3, 150.6, 143.1, 73, 217, 355, 151, 766, 
1405, 921, 179, 2218, 47, 320, 413, 150, 34, 375, 218, 18, 32, 
67, 10, 39, 13, 100, 100, 100, 100, 100, 100, 100, 100, 100, 
100, 100, 2500, 2500, 2500, 2500, 2500, 2500, 2500, 2500, 2500, 
2500, 2500, 8702.801, 8600.327, 8634.229, 8658.353, 8707.14300000001, 
8816.29399999999, 9056.61, 9208.82499999998, 9451.82100000003, 
9383.85399999999, 9570.16899999999, 8.1464, 8.9341, 1.94234, 
0.79778, 10.41298, 5.4377, 6.17858, 10.11323, 11.38469, 6.41185, 
-0.74197, -8.59788, -11.10467, -7.36365, -4.32526, -9.1657, -6.16423, 
-9.64865, -13.01404, -14.86129, -13.36014, -2.33479, 0, 0, 0, 
0, 0, 0, 0, 0, 0, 0, 0, 0, 0, 0, 0, 0, 0, 0, 0, 0, 0, 0, 0.80561, 
0.78462, 0.73846, 0.76238, 0.75377, 0.75662, 0.75616, 0.73222, 
0.69333, 0.73203, 0.73822, 0.79742, 0.76859, 0.70055, 0.74857, 
0.73581, 0.73309, 0.72773, 0.73222, 0.70286, 0.68571, 0.70718, 
0.026, 0.0262, 0.029, 0.0281, 0.0342, 0.0328, 0.0329, 0.0338, 
0.0369, 0.0408, 0.042, 50.1, 58.5, 82.7, 85.5, 73.9, 85.4, 101.3, 
106, 114.7, 150.6, 156.8, 104, 310, 170, 868, 768, 1115, 18, 
2198, 191, 1268, 1067, 54, 12, 4, 3, 1, 4, 3, 2, 5, 1, 2, 100, 
100, 100, 100, 100, 100, 100, 100, 100, 100, 100, 2500, 2500, 
2500, 2500, 2500, 2500, 2500, 2500, 2500, 2500, 2500, 8764.796, 
8730.951, 8667.372, 8730.491, 8762.363, 9057.77, 9144.89999999999, 
9469.55299999999, 9434.71100000001, 9706.20499999999, 9697.78100000002, 
1, 1, 1, 1, 1, 1, 1, 1, 1, 1, 1, 0.04545, 0.04545, 0.04545, 0.04545, 
0.04545, 0.04545, 0.04545, 0.04545, 0.04545, 0.04545, 0.04545, 
0, 0, 0, 0, 0, 0, 0, 0, 0, 0, 0, 0, 0, 0, 0, 0, 0, 0, 0, 0, 0, 
0, 0.74667, 0.74423, 0.70824, 0.7481, 0.72868, 0.69669, 0.73328, 
0.6895, 0.67381, 0.71299, 0.71966, 0.74742, 0.72949, 0.70769, 
0.73476, 0.73493, 0.71507, 0.69432, 0.6895, 0.71762, 0.70368, 
0.72006, 0.0255, 0.0275, 0.0269, 0.0295, 0.0296, 0.0328, 0.0344, 
0.0393, 0.0353, 0.0386, 0.0389, 69.3, 74.9, 80.9, 89, 95, 102.8, 
112.9, 122.6, 128.8, 134.1, 142.2, 1, 1, 1, 1, 1, 1, 1, 1, 1, 
1, 1, 1, 1, 1, 1, 1, 1, 1, 1, 1, 1, 1, 1, 1, 1, 1, 1, 1, 1, 1, 
1, 1, 1, 1, 1, 1, 1, 1, 1, 1, 1, 1, 1, 1, 3.317, 3.331, 3.59, 
3.442, 3.633, 3.689, 3.757, 3.928, 3.553, 3.739, 3.746), .Dim = c(11L, 
40L), .Dimnames = list(NULL, c("Sampling", "PSO.cost", "PSO.gamma", 
"PSO.data.balancing", "PSO.feature.selection", "PSO.valid.acc", 
"PSO.test.acc", "PSO.train.time", "PSO.n.support.vectors", "PSO.index", 
"PSO.n.solutions", "PSO.generations", "PSO.n.evaluations", "PSO.cpu.time", 
"RS.cost", "RS.gamma", "RS.data.balancing", "RS.feature.selection", 
"RS.valid.acc", "RS.test.acc", "RS.train.time", "RS.n.support.vectors", 
"RS.index", "RS.n.solutions", "RS.generations", "RS.n.evaluations", 
"RS.cpu.time", "DF.cost", "DF.gamma", "DF.data.balancing", "DF.feature.selection", 
"DF.valid.acc", "DF.test.acc", "DF.train.time", "DF.n.support.vectors", 
"DF.index", "DF.n.solutions", "DF.generations", "DF.n.evaluations", 
"DF.cpu.time")))
