full <-
structure(c(50, 55, 60, 65, 70, 75, 80, 85, 90, 95, 100, 4.70633, 
5.26483, 3.85157, 7.32495, 6.02124, 7.23432, 3.11696, 6.24335, 
1, 8.94298, 0.91091, -6.09808, -9.68029, -7.86625, -11.45722, 
-7.26411, -8.0821, -6.03998, -10.2995, 0.04545, -11.49403, -4.79253, 
0, 0, 0, 0, 0, 0, 0, 0, 0, 0, 0, 0, 0, 0, 0, 0, 0, 0, 0, 0, 0, 
0, 0.76515, 0.74679, 0.7537, 0.72095, 0.73929, 0.75078, 0.74293, 
0.72962, 0.75714, 0.73788, 0.71945, 0.71061, 0.74615, 0.74601, 
0.69524, 0.70127, 0.74592, 0.70894, 0.72412, 0.73214, 0.71472, 
0.70206, 0.0222, 0.0238, 0.0247, 0.0259, 0.0271, 0.03, 0.0346, 
0.0343, 0.0373, 0.0384, 0.0425, 63.3, 75.7, 76.9, 85.5, 80.8, 
85.8, 98.5, 106.8, 124.9, 111.1, 136.5, 989, 120, 77, 71, 132, 
263, 478, 46, 1, 462, 856, 23, 95, 38, 320, 113, 563, 259, 254, 
83, 18, 130, 100, 100, 100, 100, 100, 100, 100, 100, 100, 100, 
100, 2500, 2500, 2500, 2500, 2500, 2500, 2500, 2500, 2500, 2500, 
2500, 8051.556, 8051.313, 8030.233, 8186.547, 8121.522, 9359.45700000001, 
11575.495, 11805.578, 12270.032, 12292.835, 12380.554, 3.57269, 
7.95058, 4.31036, 9.77335, 0.40678, 7.37854, 3.50016, 8.26662, 
0.24381, 10.74317, 1.05187, -5.16429, -12.36799, -8.40266, -13.8048, 
-6.0188, -8.12226, -6.46164, -12.36796, -4.81762, -13.06121, 
-5.53474, 0, 0, 0, 0, 0, 0, 0, 0, 0, 0, 0, 0, 0, 0, 0, 0, 0, 
0, 0, 0, 0, 0, 0.76439, 0.74679, 0.7537, 0.72095, 0.73804, 0.75078, 
0.74293, 0.72962, 0.75714, 0.73312, 0.71528, 0.7197, 0.74615, 
0.74601, 0.69524, 0.70596, 0.74592, 0.70894, 0.71912, 0.73214, 
0.71472, 0.71569, 0.0227, 0.023, 0.0239, 0.0277, 0.029, 0.0328, 
0.0342, 0.0357, 0.04, 0.0398, 0.0435, 65.2, 75.4, 77.6, 84.7, 
107, 85.6, 98.3, 107, 124.2, 109.1, 139.2, 1565, 74, 2037, 18, 
275, 1468, 241, 37, 166, 117, 673, 2, 12, 2, 42, 1, 1, 1, 22, 
2, 4, 3, 100, 100, 100, 100, 100, 100, 100, 100, 100, 100, 100, 
2500, 2500, 2500, 2500, 2500, 2500, 2500, 2500, 2500, 2500, 2500, 
8095.5, 8094.467, 8170.795, 8239.261, 8218.376, 11718.852, 11785.216, 
11981.132, 12427.592, 12473.293, 12924.049, 1, 1, 1, 1, 1, 1, 
1, 1, 1, 1, 1, 0.04545, 0.04545, 0.04545, 0.04545, 0.04545, 0.04545, 
0.04545, 0.04545, 0.04545, 0.04545, 0.04545, 0, 0, 0, 0, 0, 0, 
0, 0, 0, 0, 0, 0, 0, 0, 0, 0, 0, 0, 0, 0, 0, 0, 0.69318, 0.73013, 
0.71689, 0.70762, 0.68716, 0.72896, 0.70862, 0.71301, 0.75714, 
0.68593, 0.70659, 0.69318, 0.7141, 0.74601, 0.69476, 0.7185, 
0.74592, 0.69751, 0.72383, 0.73214, 0.70498, 0.7066, 0.0243, 
0.0236, 0.0255, 0.0269, 0.0286, 0.0346, 0.0361, 0.0367, 0.0399, 
0.0396, 0.0441, 77.5, 81.3, 86.5, 94.3, 100.8, 110.3, 114.3, 
117.9, 124.9, 131.9, 142.6, 1, 1, 1, 1, 1, 1, 1, 1, 1, 1, 1, 
1, 1, 1, 1, 1, 1, 1, 1, 1, 1, 1, 1, 1, 1, 1, 1, 1, 1, 1, 1, 1, 
1, 1, 1, 1, 1, 1, 1, 1, 1, 1, 1, 1, 3.449, 3.118, 3.356, 3.25, 
3.312, 4.722, 4.727, 4.634, 4.954, 4.49, 5.207), .Dim = c(11L, 
40L), .Dimnames = list(NULL, c("Sampling", "PSO.cost", "PSO.gamma", 
"PSO.data.balancing", "PSO.feature.selection", "PSO.valid.acc", 
"PSO.test.acc", "PSO.train.time", "PSO.n.support.vectors", "PSO.index", 
"PSO.n.solutions", "PSO.generations", "PSO.n.evaluations", "PSO.cpu.time", 
"RS.cost", "RS.gamma", "RS.data.balancing", "RS.feature.selection", 
"RS.valid.acc", "RS.test.acc", "RS.train.time", "RS.n.support.vectors", 
"RS.index", "RS.n.solutions", "RS.generations", "RS.n.evaluations", 
"RS.cpu.time", "DF.cost", "DF.gamma", "DF.data.balancing", "DF.feature.selection", 
"DF.valid.acc", "DF.test.acc", "DF.train.time", "DF.n.support.vectors", 
"DF.index", "DF.n.solutions", "DF.generations", "DF.n.evaluations", 
"DF.cpu.time")))
