full <-
structure(c(50, 55, 60, 65, 70, 75, 80, 85, 90, 95, 100, 5.93902, 
8.27881, 0.27115, 14.47606, 6.93659, -0.30441, -1.77241, -0.61134, 
-0.91413, 3.58668, 2.27463, -11.57248, -11.41848, -3.74458, -14.72522, 
-4.47856, -3.89049, -2.82796, -3.41355, -2.78739, -5.37804, -5.09972, 
0, 0, 0, 0, 0, 0, 0, 0, 0, 0, 0, 0, 0, 0, 0, 0, 0, 0, 0, 0, 0, 
0, 0.75379, 0.68625, 0.72308, 0.70905, 0.72382, 0.70384, 0.72817, 
0.73617, 0.73424, 0.7368, 0.73646, 0.70909, 0.65612, 0.67857, 
0.70714, 0.67841, 0.65678, 0.69974, 0.7098, 0.71871, 0.70411, 
0.67004, 0.0226, 0.0241, 0.0272, 0.0281, 0.0324, 0.0293, 0.0311, 
0.0323, 0.035, 0.0337, 0.0362, 77.6, 73.5, 90.9, 77.2, 90, 115.2, 
133.8, 127.3, 137.4, 116.4, 128.7, 315, 54, 106, 290, 2349, 302, 
971, 392, 1053, 141, 756, 36, 60, 54, 17, 1, 410, 77, 219, 175, 
83, 128, 100, 100, 100, 100, 100, 100, 100, 100, 100, 100, 100, 
2500, 2500, 2500, 2500, 2500, 2500, 2500, 2500, 2500, 2500, 2500, 
7713.598, 7767.997, 8331.337, 8313.47, 8015.774, 8366.72399999999, 
8468.93799999999, 8164.39899999999, 8791.58, 9394.62599999999, 
8674.80499999999, -0.66926, 7.90426, 2.9451, 8.68251, 6.51516, 
-0.4328, 1.78906, -0.69142, -1.0423, -1.11616, 3.0419, -4.32594, 
-10.97843, -5.58056, -9.46475, -4.21492, -3.8176, -2.33224, -3.27164, 
-2.77068, -2.36654, -5.85005, 0, 0, 0, 0, 0, 0, 0, 0, 0, 0, 0, 
0, 0, 0, 0, 0, 0, 0, 0, 0, 0, 0, 0.75379, 0.68625, 0.72308, 0.70857, 
0.71169, 0.70384, 0.7183, 0.73617, 0.72424, 0.74156, 0.73211, 
0.70076, 0.65612, 0.67912, 0.7281, 0.67841, 0.66266, 0.69637, 
0.70453, 0.73373, 0.71797, 0.67439, 0.0239, 0.024, 0.0242, 0.0264, 
0.0316, 0.0307, 0.0327, 0.033, 0.0347, 0.0367, 0.0368, 79.4, 
73.3, 81.3, 78.2, 90.7, 115.7, 125.6, 128.5, 138.8, 149.1, 126.7, 
2061, 1981, 357, 38, 2161, 1354, 2446, 1225, 2096, 1886, 362, 
1, 1, 2, 3, 1, 2, 1, 1, 1, 1, 3, 100, 100, 100, 100, 100, 100, 
100, 100, 100, 100, 100, 2500, 2500, 2500, 2500, 2500, 2500, 
2500, 2500, 2500, 2500, 2500, 7961.468, 7941.931, 8339.742, 8211.26300000001, 
8190.35299999999, 8278.53099999999, 8328.37000000001, 8360.06599999999, 
9453.152, 9566.39600000001, 8595.21600000001, 1, 1, 1, 1, 1, 
1, 1, 1, 1, 1, 1, 0.04545, 0.04545, 0.04545, 0.04545, 0.04545, 
0.04545, 0.04545, 0.04545, 0.04545, 0.04545, 0.04545, 0, 0, 0, 
0, 0, 0, 0, 0, 0, 0, 0, 0, 0, 0, 0, 0, 0, 0, 0, 0, 0, 0, 0.7447, 
0.65408, 0.71593, 0.66714, 0.68586, 0.69208, 0.70654, 0.72064, 
0.70445, 0.70866, 0.70107, 0.70985, 0.65828, 0.67857, 0.70048, 
0.70341, 0.66855, 0.70657, 0.69456, 0.71969, 0.72749, 0.69634, 
0.023, 0.0241, 0.0253, 0.0263, 0.0287, 0.029, 0.0325, 0.0312, 
0.0356, 0.0346, 0.0375, 75.5, 86.2, 93.7, 99.7, 105.7, 114.2, 
120.9, 123.6, 128.3, 133.1, 143.1, 1, 1, 1, 1, 1, 1, 1, 1, 1, 
1, 1, 1, 1, 1, 1, 1, 1, 1, 1, 1, 1, 1, 1, 1, 1, 1, 1, 1, 1, 1, 
1, 1, 1, 1, 1, 1, 1, 1, 1, 1, 1, 1, 1, 1, 3.204, 3.017, 3.03, 
2.988, 3.294, 3.154, 3.344, 3.179, 3.986, 3.584, 3.481), .Dim = c(11L, 
40L), .Dimnames = list(NULL, c("Sampling", "PSO.cost", "PSO.gamma", 
"PSO.data.balancing", "PSO.feature.selection", "PSO.valid.acc", 
"PSO.test.acc", "PSO.train.time", "PSO.n.support.vectors", "PSO.index", 
"PSO.n.solutions", "PSO.generations", "PSO.n.evaluations", "PSO.cpu.time", 
"RS.cost", "RS.gamma", "RS.data.balancing", "RS.feature.selection", 
"RS.valid.acc", "RS.test.acc", "RS.train.time", "RS.n.support.vectors", 
"RS.index", "RS.n.solutions", "RS.generations", "RS.n.evaluations", 
"RS.cpu.time", "DF.cost", "DF.gamma", "DF.data.balancing", "DF.feature.selection", 
"DF.valid.acc", "DF.test.acc", "DF.train.time", "DF.n.support.vectors", 
"DF.index", "DF.n.solutions", "DF.generations", "DF.n.evaluations", 
"DF.cpu.time")))
