full <-
structure(c(50, 55, 60, 65, 70, 75, 80, 85, 90, 95, 100, 5.3488, 
1.29229, -0.35227, 9.9104, -0.2811, 0.43439, -0.20628, 5.47315, 
-0.27596, 4.97628, 0.65014, -11.42778, -4.12615, -2.34843, -14.34522, 
-4.0319, -2.88152, -3.58187, -10.09218, -3.22034, -8.71206, -4.21013, 
0, 0, 0, 0, 0, 0, 0, 0, 0, 0, 0, 0, 0, 0, 0, 0, 0, 0, 0, 0, 0, 
0, 0.7514, 0.79863, 0.77253, 0.77548, 0.77902, 0.7759, 0.76734, 
0.75895, 0.74335, 0.74286, 0.7334, 0.72552, 0.76648, 0.70659, 
0.775, 0.74694, 0.75302, 0.75096, 0.76947, 0.72734, 0.72857, 
0.69822, 0.025, 0.0252, 0.0271, 0.0281, 0.0301, 0.0297, 0.031, 
0.0321, 0.0355, 0.0359, 0.0393, 80.9, 74.6, 98.2, 86.9, 101.9, 
109, 115.4, 111.8, 129.8, 118.3, 136.9, 52, 378, 2100, 138, 1602, 
29, 1024, 1071, 889, 48, 811, 37, 102, 12, 460, 113, 101, 399, 
4, 36, 113, 101, 100, 100, 100, 100, 100, 100, 100, 100, 100, 
100, 100, 2500, 2500, 2500, 2500, 2500, 2500, 2500, 2500, 2500, 
2500, 2500, 8152.842, 8399.934, 8380.877, 8291.008, 8436.689, 
8341.75999999999, 8658.93299999999, 9094.921, 9079.35500000001, 
9095.06699999998, 8871.204, 0.57474, 1.24333, -0.24897, -0.66039, 
-0.39686, 0.77622, -0.28069, 6.64807, -0.28766, 3.61397, 1.41421, 
-6.50989, -3.96521, -2.27685, -4.5793, -4.00579, -3.03002, -3.30306, 
-11.26963, -3.35589, -7.41721, -4.75639, 0, 0, 0, 0, 0, 0, 0, 
0, 0, 0, 0, 0, 0, 0, 0, 0, 0, 0, 0, 0, 0, 0, 0.7514, 0.79863, 
0.76538, 0.7822, 0.77314, 0.7759, 0.75681, 0.75895, 0.73835, 
0.74286, 0.72905, 0.71643, 0.76648, 0.70604, 0.7831, 0.74694, 
0.75302, 0.73985, 0.76947, 0.72734, 0.72857, 0.70277, 0.0241, 
0.0249, 0.0271, 0.0281, 0.0295, 0.03, 0.0317, 0.0317, 0.0344, 
0.0355, 0.0401, 80.8, 75.3, 98, 98, 102.3, 107.5, 116.5, 111.5, 
128.8, 119.2, 132.5, 543, 3, 12, 1642, 719, 1433, 734, 621, 1567, 
4, 455, 5, 3, 1, 3, 2, 3, 1, 1, 1, 12, 3, 100, 100, 100, 100, 
100, 100, 100, 100, 100, 100, 100, 2500, 2500, 2500, 2500, 2500, 
2500, 2500, 2500, 2500, 2500, 2500, 8294.349, 8419.645, 8367.575, 
8411.734, 8490.268, 8540.268, 8946.923, 9307.41100000001, 9273.85000000001, 
8983.481, 9024.69100000002, 1, 1, 1, 1, 1, 1, 1, 1, 1, 1, 1, 
0.04545, 0.04545, 0.04545, 0.04545, 0.04545, 0.04545, 0.04545, 
0.04545, 0.04545, 0.04545, 0.04545, 0, 0, 0, 0, 0, 0, 0, 0, 0, 
0, 0, 0, 0, 0, 0, 0, 0, 0, 0, 0, 0, 0, 0.73322, 0.76832, 0.75055, 
0.76167, 0.77235, 0.7527, 0.75067, 0.74842, 0.73308, 0.72857, 
0.70731, 0.71568, 0.75101, 0.72912, 0.78214, 0.74694, 0.75895, 
0.73985, 0.76421, 0.72158, 0.71429, 0.70731, 0.0249, 0.0266, 
0.0272, 0.0281, 0.0292, 0.0306, 0.0328, 0.0335, 0.035, 0.0369, 
0.0406, 75.6, 79.2, 89.7, 93.3, 100.7, 107.9, 113.1, 119.5, 126.7, 
131.5, 142.6, 1, 1, 1, 1, 1, 1, 1, 1, 1, 1, 1, 1, 1, 1, 1, 1, 
1, 1, 1, 1, 1, 1, 1, 1, 1, 1, 1, 1, 1, 1, 1, 1, 1, 1, 1, 1, 1, 
1, 1, 1, 1, 1, 1, 1, 3.406, 3.321, 3.34, 3.474, 3.415, 3.374, 
3.569, 3.749, 3.655, 3.568, 3.591), .Dim = c(11L, 40L), .Dimnames = list(
    NULL, c("Sampling", "PSO.cost", "PSO.gamma", "PSO.data.balancing", 
    "PSO.feature.selection", "PSO.valid.acc", "PSO.test.acc", 
    "PSO.train.time", "PSO.n.support.vectors", "PSO.index", "PSO.n.solutions", 
    "PSO.generations", "PSO.n.evaluations", "PSO.cpu.time", "RS.cost", 
    "RS.gamma", "RS.data.balancing", "RS.feature.selection", 
    "RS.valid.acc", "RS.test.acc", "RS.train.time", "RS.n.support.vectors", 
    "RS.index", "RS.n.solutions", "RS.generations", "RS.n.evaluations", 
    "RS.cpu.time", "DF.cost", "DF.gamma", "DF.data.balancing", 
    "DF.feature.selection", "DF.valid.acc", "DF.test.acc", "DF.train.time", 
    "DF.n.support.vectors", "DF.index", "DF.n.solutions", "DF.generations", 
    "DF.n.evaluations", "DF.cpu.time")))
