full <-
structure(c(50, 55, 60, 65, 70, 75, 80, 85, 90, 95, 100, 1.97049, 
4.44684, 7.34484, 1.68979, -0.54399, 0.95605, -1.27574, 1.16054, 
3.56935, 12.97808, 0.3248, -5.76522, -7.69951, -11.10972, -5.82004, 
-1.79313, -4.72305, -2.61976, -7.61168, -8.06603, -11.04127, 
-4.44916, 0, 0, 0, 0, 0, 0, 0, 0, 0, 0, 0, 0, 0, 0, 0, 0, 0, 
0, 0, 0, 0, 0, 0.76348, 0.73718, 0.7261, 0.73375, 0.75397, 0.73897, 
0.7176, 0.70886, 0.7231, 0.74682, 0.7501, 0.74606, 0.74551, 0.71236, 
0.71232, 0.7348, 0.72721, 0.70184, 0.68135, 0.70381, 0.72368, 
0.68424, 0.0239, 0.0249, 0.0264, 0.0272, 0.03, 0.0303, 0.0339, 
0.0342, 0.0337, 0.0479, 0.0374, 71.9, 74.1, 82.6, 91.2, 119.1, 
105.7, 127.9, 135.1, 122.3, 107.3, 140.1, 40, 106, 2, 1945, 1557, 
40, 331, 133, 110, 7, 1276, 143, 82, 304, 5, 52, 529, 117, 43, 
164, 98, 95, 100, 100, 100, 100, 100, 100, 100, 100, 100, 100, 
100, 2500, 2500, 2500, 2500, 2500, 2500, 2500, 2500, 2500, 2500, 
2500, 7378.352, 7509.588, 7524.377, 7726, 7797.234, 7857.63799999999, 
8047.067, 7939.599, 7936.217, 8208.53599999999, 8089.32500000001, 
7.53524, 5.52995, 7.75667, -0.36841, 0.2582, 0.55286, -1.29969, 
6.83846, 3.18972, 1.85706, 0.38878, -11.78619, -8.6343, -11.57906, 
-3.71437, -2.11413, -4.35512, -2.49752, -13.3711, -7.66916, -6.06284, 
-4.57928, 0, 0, 0, 0, 0, 0, 0, 0, 0, 0, 0, 0, 0, 0, 0, 0, 0, 
0, 0, 0, 0, 0, 0.76348, 0.73718, 0.7261, 0.73375, 0.74032, 0.73897, 
0.7176, 0.70886, 0.7231, 0.74271, 0.74575, 0.74606, 0.72885, 
0.71236, 0.69893, 0.72147, 0.72721, 0.69658, 0.68135, 0.70881, 
0.70957, 0.67554, 0.0236, 0.0245, 0.0261, 0.0283, 0.0315, 0.0306, 
0.0325, 0.0353, 0.0355, 0.0364, 0.0379, 71.7, 73.7, 82.9, 97.8, 
113.7, 107.1, 128.9, 134.9, 122.2, 128.5, 139.5, 12, 366, 10, 
1160, 1245, 399, 1491, 1808, 77, 11, 944, 33, 1, 58, 1, 3, 2, 
2, 2, 23, 1, 1, 100, 100, 100, 100, 100, 100, 100, 100, 100, 
100, 100, 2500, 2500, 2500, 2500, 2500, 2500, 2500, 2500, 2500, 
2500, 2500, 7439.23, 7537.117, 7637.545, 7806.937, 7844.41499999999, 
7968.13099999999, 8036.178, 8027.50199999999, 8063.193, 8115.34299999999, 
8257.34300000002, 1, 1, 1, 1, 1, 1, 1, 1, 1, 1, 1, 0.04545, 0.04545, 
0.04545, 0.04545, 0.04545, 0.04545, 0.04545, 0.04545, 0.04545, 
0.04545, 0.04545, 0, 0, 0, 0, 0, 0, 0, 0, 0, 0, 0, 0, 0, 0, 0, 
0, 0, 0, 0, 0, 0, 0, 0.72621, 0.71346, 0.68919, 0.72083, 0.72314, 
0.72721, 0.69475, 0.66693, 0.7081, 0.71864, 0.73231, 0.73545, 
0.70513, 0.69689, 0.70607, 0.72314, 0.70956, 0.69567, 0.68801, 
0.68881, 0.70481, 0.68878, 0.0235, 0.0254, 0.0253, 0.0279, 0.0298, 
0.0314, 0.0322, 0.0329, 0.0355, 0.0367, 0.0382, 77.6, 85, 91, 
96.7, 103.6, 110.5, 117.3, 125.1, 128.8, 136.4, 142.7, 1, 1, 
1, 1, 1, 1, 1, 1, 1, 1, 1, 1, 1, 1, 1, 1, 1, 1, 1, 1, 1, 1, 1, 
1, 1, 1, 1, 1, 1, 1, 1, 1, 1, 1, 1, 1, 1, 1, 1, 1, 1, 1, 1, 1, 
2.946, 3.025, 3.026, 3.109, 3.087, 3.186, 3.093, 3.203, 3.258, 
3.14, 3.233), .Dim = c(11L, 40L), .Dimnames = list(NULL, c("Sampling", 
"PSO.cost", "PSO.gamma", "PSO.data.balancing", "PSO.feature.selection", 
"PSO.valid.acc", "PSO.test.acc", "PSO.train.time", "PSO.n.support.vectors", 
"PSO.index", "PSO.n.solutions", "PSO.generations", "PSO.n.evaluations", 
"PSO.cpu.time", "RS.cost", "RS.gamma", "RS.data.balancing", "RS.feature.selection", 
"RS.valid.acc", "RS.test.acc", "RS.train.time", "RS.n.support.vectors", 
"RS.index", "RS.n.solutions", "RS.generations", "RS.n.evaluations", 
"RS.cpu.time", "DF.cost", "DF.gamma", "DF.data.balancing", "DF.feature.selection", 
"DF.valid.acc", "DF.test.acc", "DF.train.time", "DF.n.support.vectors", 
"DF.index", "DF.n.solutions", "DF.generations", "DF.n.evaluations", 
"DF.cpu.time")))
