full <-
structure(c(50, 55, 60, 65, 70, 75, 80, 85, 90, 95, 100, -0.34356, 
0.29445, -1.95765, 5.61566, 5.54279, 8.79944, 1.17011, 6.52373, 
0.69788, 9.76471, 14.98434, -2.76734, -2.82019, -2.98681, -7.46404, 
-7.30599, -11.95508, -7.36172, -13.52224, -4.79007, -9.05689, 
-12.5519, 0, 0, 0, 0, 0, 0, 0, 0, 0, 0, 0, 0, 0, 0, 0, 0, 0, 
0, 0, 0, 0, 0, 0.7197, 0.73543, 0.75443, 0.73652, 0.74076, 0.72721, 
0.71682, 0.71237, 0.70905, 0.73351, 0.74498, 0.61667, 0.65594, 
0.69399, 0.74319, 0.66983, 0.69632, 0.68349, 0.70158, 0.66429, 
0.67245, 0.70583, 0.0255, 0.0255, 0.0274, 0.0269, 0.0283, 0.0288, 
0.0328, 0.0348, 0.0357, 0.0382, 0.0578, 83.1, 86.3, 103.5, 81.3, 
84, 96.1, 125.8, 141.4, 124.9, 110.8, 114, 2466, 691, 1219, 521, 
204, 160, 96, 353, 740, 1421, 134, 1, 61, 165, 76, 338, 50, 36, 
14, 165, 38, 687, 100, 100, 100, 100, 100, 100, 100, 100, 100, 
100, 100, 2500, 2500, 2500, 2500, 2500, 2500, 2500, 2500, 2500, 
2500, 2500, 8227.604, 8401.456, 8489.193, 8457.475, 8406.023, 
8186.444, 8051.803, 8140.516, 8815.56399999998, 8888.41800000001, 
9315.64600000001, -0.39176, 1.53872, -1.88415, 5.72041, -0.80513, 
7.83389, 1.08267, 1.91002, 0.74157, 9.3304, 14.71277, -2.60744, 
-6.5061, -3.9267, -7.55561, -2.9975, -10.97345, -7.24335, -8.53423, 
-4.77287, -8.83023, -12.34788, 0, 0, 0, 0, 0, 0, 0, 0, 0, 0, 
0, 0, 0, 0, 0, 0, 0, 0, 0, 0, 0, 0, 0.70303, 0.72786, 0.73905, 
0.73652, 0.74034, 0.72721, 0.71682, 0.71211, 0.70405, 0.72874, 
0.74498, 0.6, 0.6958, 0.69399, 0.74319, 0.71404, 0.69632, 0.68349, 
0.72263, 0.67429, 0.67245, 0.70583, 0.0245, 0.0268, 0.0271, 0.0273, 
0.0289, 0.0297, 0.0322, 0.0359, 0.0352, 0.0387, 0.0573, 84, 85.6, 
102.8, 81.4, 108.6, 96, 125.8, 139.4, 125.1, 110.8, 114.1, 2414, 
99, 597, 1492, 41, 294, 1868, 58, 76, 477, 780, 1, 1, 4, 2, 5, 
1, 1, 16, 4, 1, 2, 100, 100, 100, 100, 100, 100, 100, 100, 100, 
100, 100, 2500, 2500, 2500, 2500, 2500, 2500, 2500, 2500, 2500, 
2500, 2500, 8390.935, 8341.757, 8494.329, 8480.741, 8306.42600000001, 
8102.575, 8128.557, 8586.16099999999, 9063.48700000002, 8839.31299999999, 
9180.64499999999, 1, 1, 1, 1, 1, 1, 1, 1, 1, 1, 1, 0.04545, 0.04545, 
0.04545, 0.04545, 0.04545, 0.04545, 0.04545, 0.04545, 0.04545, 
0.04545, 0.04545, 0, 0, 0, 0, 0, 0, 0, 0, 0, 0, 0, 0, 0, 0, 0, 
0, 0, 0, 0, 0, 0, 0, 0.66742, 0.69429, 0.65059, 0.66733, 0.72154, 
0.68562, 0.68806, 0.68105, 0.70381, 0.69628, 0.70958, 0.65076, 
0.7035, 0.69509, 0.69344, 0.72696, 0.68521, 0.69431, 0.69632, 
0.68929, 0.72009, 0.69654, 0.0247, 0.0263, 0.027, 0.0286, 0.0291, 
0.0303, 0.0315, 0.0329, 0.0353, 0.0374, 0.0379, 80.4, 87.1, 92.3, 
99.6, 102.6, 110.5, 116.6, 124.8, 129.4, 136, 143, 1, 1, 1, 1, 
1, 1, 1, 1, 1, 1, 1, 1, 1, 1, 1, 1, 1, 1, 1, 1, 1, 1, 1, 1, 1, 
1, 1, 1, 1, 1, 1, 1, 1, 1, 1, 1, 1, 1, 1, 1, 1, 1, 1, 1, 3.205, 
3.33, 3.401, 3.348, 3.434, 3.198, 3.156, 3.312, 3.712, 3.487, 
3.59), .Dim = c(11L, 40L), .Dimnames = list(NULL, c("Sampling", 
"PSO.cost", "PSO.gamma", "PSO.data.balancing", "PSO.feature.selection", 
"PSO.valid.acc", "PSO.test.acc", "PSO.train.time", "PSO.n.support.vectors", 
"PSO.index", "PSO.n.solutions", "PSO.generations", "PSO.n.evaluations", 
"PSO.cpu.time", "RS.cost", "RS.gamma", "RS.data.balancing", "RS.feature.selection", 
"RS.valid.acc", "RS.test.acc", "RS.train.time", "RS.n.support.vectors", 
"RS.index", "RS.n.solutions", "RS.generations", "RS.n.evaluations", 
"RS.cpu.time", "DF.cost", "DF.gamma", "DF.data.balancing", "DF.feature.selection", 
"DF.valid.acc", "DF.test.acc", "DF.train.time", "DF.n.support.vectors", 
"DF.index", "DF.n.solutions", "DF.generations", "DF.n.evaluations", 
"DF.cpu.time")))
