full <-
structure(c(50, 55, 60, 65, 70, 75, 80, 85, 90, 95, 100, 8.04808, 
9.71044, 12.76562, 1.91196, 4.21094, 15, 4.87442, -1.8823, -0.33501, 
-0.20189, -1.06101, -8.88123, -8.62313, -10.00878, -2.40634, 
-2.80027, -11.55743, -10.1533, -2.96277, -6.04022, -2.6966, -2.86793, 
0, 0, 0, 0, 0, 0, 0, 0, 0, 0, 0, 0, 0, 0, 0, 0, 0, 0, 0, 0, 0, 
0, 0.69545, 0.71282, 0.74011, 0.73476, 0.69728, 0.70944, 0.69453, 
0.71061, 0.73821, 0.74632, 0.73248, 0.65758, 0.62436, 0.7033, 
0.68095, 0.65926, 0.67933, 0.70067, 0.67816, 0.70368, 0.69524, 
0.70163, 0.0239, 0.026, 0.0344, 0.0272, 0.0291, 0.0515, 0.0322, 
0.034, 0.0335, 0.034, 0.0369, 61.8, 66.9, 68.8, 101.2, 101.8, 
88.6, 115.9, 134.6, 139.9, 140.3, 153.9, 34, 337, 890, 510, 647, 
651, 146, 1049, 67, 1171, 638, 398, 73, 59, 253, 87, 59, 95, 
69, 117, 148, 239, 100, 100, 100, 100, 100, 100, 100, 100, 100, 
100, 100, 2500, 2500, 2500, 2500, 2500, 2500, 2500, 2500, 2500, 
2500, 2500, 7781.62, 7750.506, 7896.404, 7760.269, 7839.943, 
8039.883, 7906.18800000001, 7989.374, 7734.71100000001, 7985.837, 
8039.51700000002, 8.86768, 3.6273, 13.96971, 1.69096, 2.66573, 
1.02577, 0.09779, 2.27779, -1.54397, -0.10396, -1.08236, -10.25847, 
-1.12911, -10.6424, -1.87137, -2.80214, -4.22044, -4.88743, -8.63851, 
-4.14044, -2.58497, -2.71343, 0, 0, 0, 0, 0, 0, 0, 0, 0, 0, 0, 
0, 0, 0, 0, 0, 0, 0, 0, 0, 0, 0, 0.69545, 0.71154, 0.73297, 0.72095, 
0.70316, 0.70359, 0.69482, 0.70535, 0.73821, 0.74177, 0.72795, 
0.65758, 0.64679, 0.7033, 0.6881, 0.67301, 0.69739, 0.69541, 
0.70006, 0.71318, 0.69048, 0.68875, 0.0236, 0.0263, 0.0383, 0.0274, 
0.028, 0.0277, 0.0313, 0.033, 0.0337, 0.0344, 0.0383, 63, 99, 
67.9, 107.2, 103.4, 107.3, 116.2, 130.4, 139.7, 142.3, 155.4, 
170, 24, 657, 2, 1166, 1457, 2483, 2120, 607, 1110, 539, 10, 
13, 2, 2, 1, 3, 1, 1, 3, 1, 1, 100, 100, 100, 100, 100, 100, 
100, 100, 100, 100, 100, 2500, 2500, 2500, 2500, 2500, 2500, 
2500, 2500, 2500, 2500, 2500, 7688.664, 7753.415, 7774.572, 7781.477, 
7631.05100000001, 7738.23, 8033.231, 7998.242, 7841.86499999999, 
8079.959, 8207.62400000001, 1, 1, 1, 1, 1, 1, 1, 1, 1, 1, 1, 
0.04545, 0.04545, 0.04545, 0.04545, 0.04545, 0.04545, 0.04545, 
0.04545, 0.04545, 0.04545, 0.04545, 0, 0, 0, 0, 0, 0, 0, 0, 0, 
0, 0, 0, 0, 0, 0, 0, 0, 0, 0, 0, 0, 0, 0.65985, 0.64103, 0.70165, 
0.69333, 0.66515, 0.6797, 0.67874, 0.69292, 0.71347, 0.71797, 
0.70145, 0.65076, 0.63269, 0.72473, 0.7081, 0.67529, 0.68525, 
0.69541, 0.70482, 0.71297, 0.71818, 0.70616, 0.0237, 0.0245, 
0.0253, 0.0268, 0.0273, 0.0295, 0.0319, 0.0332, 0.0349, 0.0371, 
0.037, 81.3, 88.2, 92.3, 98.8, 106.6, 113.1, 116.2, 120.8, 126.6, 
134.4, 142.6, 1, 1, 1, 1, 1, 1, 1, 1, 1, 1, 1, 1, 1, 1, 1, 1, 
1, 1, 1, 1, 1, 1, 1, 1, 1, 1, 1, 1, 1, 1, 1, 1, 1, 1, 1, 1, 1, 
1, 1, 1, 1, 1, 1, 1, 3.108, 3.016, 3.101, 3.148, 2.97, 3.008, 
3.208, 3.24, 3.199, 3.281, 3.231), .Dim = c(11L, 40L), .Dimnames = list(
    NULL, c("Sampling", "PSO.cost", "PSO.gamma", "PSO.data.balancing", 
    "PSO.feature.selection", "PSO.valid.acc", "PSO.test.acc", 
    "PSO.train.time", "PSO.n.support.vectors", "PSO.index", "PSO.n.solutions", 
    "PSO.generations", "PSO.n.evaluations", "PSO.cpu.time", "RS.cost", 
    "RS.gamma", "RS.data.balancing", "RS.feature.selection", 
    "RS.valid.acc", "RS.test.acc", "RS.train.time", "RS.n.support.vectors", 
    "RS.index", "RS.n.solutions", "RS.generations", "RS.n.evaluations", 
    "RS.cpu.time", "DF.cost", "DF.gamma", "DF.data.balancing", 
    "DF.feature.selection", "DF.valid.acc", "DF.test.acc", "DF.train.time", 
    "DF.n.support.vectors", "DF.index", "DF.n.solutions", "DF.generations", 
    "DF.n.evaluations", "DF.cpu.time")))
