full <-
structure(c(50, 55, 60, 65, 70, 75, 80, 85, 90, 95, 100, 4.37741, 
7.59415, 1.34862, -0.36095, 4.90874, -0.53641, 0.19457, -0.2993, 
3.15096, -0.66001, 3.93107, -5.01959, -9.61838, -4.39232, -5.52432, 
-5.44191, -2.60839, -4.91932, -4.70307, -8.78913, -2.27154, -7.39358, 
0, 0, 0, 0, 0, 0, 0, 0, 0, 0, 0, 0, 0, 0, 0, 0, 0, 0, 0, 0, 0, 
0, 0.73939, 0.7049, 0.73857, 0.73494, 0.74708, 0.72737, 0.72169, 
0.71263, 0.73147, 0.73788, 0.74597, 0.67803, 0.69516, 0.73143, 
0.7006, 0.67208, 0.70274, 0.69914, 0.69132, 0.72647, 0.68636, 
0.73272, 0.0249, 0.0258, 0.0272, 0.0283, 0.0299, 0.0319, 0.033, 
0.0337, 0.0348, 0.0384, 0.0387, 66.8, 64.8, 82.4, 102.3, 86.9, 
119.9, 118.2, 123.9, 131.7, 149.4, 127.9, 534, 225, 773, 345, 
270, 349, 2403, 771, 1185, 593, 308, 193, 107, 252, 126, 117, 
857, 1, 147, 32, 61, 207, 100, 100, 100, 100, 100, 100, 100, 
100, 100, 100, 100, 2500, 2500, 2500, 2500, 2500, 2500, 2500, 
2500, 2500, 2500, 2500, 8427.648, 8445.465, 8347.63, 8738.702, 
8747.74699999999, 8680.981, 8846.83899999999, 8709.054, 8828.33600000001, 
9268.046, 9430.67000000001, 4.57018, 8.37424, 1.25481, -0.13197, 
4.69919, -0.52831, 3.04368, -0.40683, 2.04461, -0.20638, 3.09221, 
-5.2878, -10.3664, -4.21656, -5.81312, -5.34541, -2.52623, -8.19177, 
-4.03535, -7.60563, -2.91481, -6.61988, 0, 0, 0, 0, 0, 0, 0, 
0, 0, 0, 0, 0, 0, 0, 0, 0, 0, 0, 0, 0, 0, 0, 0.73939, 0.7049, 
0.73857, 0.73494, 0.74708, 0.72737, 0.7214, 0.71263, 0.73147, 
0.73766, 0.74597, 0.66894, 0.69516, 0.73143, 0.70774, 0.67208, 
0.70274, 0.7047, 0.71237, 0.72147, 0.67684, 0.72403, 0.0249, 
0.0273, 0.0278, 0.0289, 0.0301, 0.0323, 0.0326, 0.0334, 0.0364, 
0.0365, 0.0377, 65.7, 64.7, 82.5, 102.3, 87.2, 120.5, 116.3, 
123.1, 132, 139.1, 129.2, 514, 471, 44, 1198, 2260, 1990, 82, 
395, 2276, 714, 300, 1, 7, 1, 2, 1, 1, 27, 2, 1, 1, 2, 100, 100, 
100, 100, 100, 100, 100, 100, 100, 100, 100, 2500, 2500, 2500, 
2500, 2500, 2500, 2500, 2500, 2500, 2500, 2500, 8472.963, 8330.624, 
8535.819, 8775.624, 8676.337, 8815.87699999999, 9014.25900000001, 
8878.73700000001, 9114.29800000001, 9497.75399999999, 9578.83799999999, 
1, 1, 1, 1, 1, 1, 1, 1, 1, 1, 1, 0.04545, 0.04545, 0.04545, 0.04545, 
0.04545, 0.04545, 0.04545, 0.04545, 0.04545, 0.04545, 0.04545, 
0, 0, 0, 0, 0, 0, 0, 0, 0, 0, 0, 0, 0, 0, 0, 0, 0, 0, 0, 0, 0, 
0, 0.71136, 0.6958, 0.70066, 0.71976, 0.69083, 0.70237, 0.71058, 
0.69684, 0.7017, 0.69134, 0.71968, 0.67576, 0.7035, 0.72326, 
0.7403, 0.70417, 0.69722, 0.7047, 0.70184, 0.72197, 0.70022, 
0.70247, 0.0243, 0.0252, 0.0271, 0.0292, 0.0296, 0.0308, 0.0327, 
0.0337, 0.0368, 0.0379, 0.0384, 75, 79.2, 87.5, 95.2, 100.9, 
110.4, 117.5, 119.7, 128.8, 134.6, 143.1, 1, 1, 1, 1, 1, 1, 1, 
1, 1, 1, 1, 1, 1, 1, 1, 1, 1, 1, 1, 1, 1, 1, 1, 1, 1, 1, 1, 1, 
1, 1, 1, 1, 1, 1, 1, 1, 1, 1, 1, 1, 1, 1, 1, 1, 3.303, 3.25, 
3.415, 3.53, 3.341, 3.468, 3.619, 3.644, 4.023, 3.871, 3.703), .Dim = c(11L, 
40L), .Dimnames = list(NULL, c("Sampling", "PSO.cost", "PSO.gamma", 
"PSO.data.balancing", "PSO.feature.selection", "PSO.valid.acc", 
"PSO.test.acc", "PSO.train.time", "PSO.n.support.vectors", "PSO.index", 
"PSO.n.solutions", "PSO.generations", "PSO.n.evaluations", "PSO.cpu.time", 
"RS.cost", "RS.gamma", "RS.data.balancing", "RS.feature.selection", 
"RS.valid.acc", "RS.test.acc", "RS.train.time", "RS.n.support.vectors", 
"RS.index", "RS.n.solutions", "RS.generations", "RS.n.evaluations", 
"RS.cpu.time", "DF.cost", "DF.gamma", "DF.data.balancing", "DF.feature.selection", 
"DF.valid.acc", "DF.test.acc", "DF.train.time", "DF.n.support.vectors", 
"DF.index", "DF.n.solutions", "DF.generations", "DF.n.evaluations", 
"DF.cpu.time")))
