full <-
structure(c(50, 55, 60, 65, 70, 75, 80, 85, 90, 95, 100, 1, 0.58175, 
-1.02164, 3.27034, 11.08951, 6.64538, 1.66586, 12.00354, 4.78407, 
12.71059, 9.26996, 0.04545, -1.28124, -4.11323, -2.96252, -15, 
-11.24595, -8.14972, -15, -8.4665, -13.80095, -15, 0, 0, 0, 0, 
0, 0, 0, 0, 0, 0, 0, 0, 0, 0, 0, 0, 0, 0, 0, 0, 0, 0, 0.69864, 
0.70989, 0.68535, 0.75512, 0.73429, 0.74032, 0.71667, 0.71152, 
0.7081, 0.72859, 0.7291, 0.64303, 0.64679, 0.63965, 0.69452, 
0.72846, 0.7223, 0.67778, 0.66962, 0.6731, 0.68158, 0.69844, 
0.0254, 0.0272, 0.0284, 0.0299, 0.0286, 0.0297, 0.0331, 0.032, 
0.0342, 0.0402, 0.0441, 75.8, 95.6, 96.5, 93.2, 91.9, 102, 125.8, 
103.6, 114, 104.5, 147.4, 1, 1464, 1533, 354, 119, 145, 125, 
232, 82, 465, 219, 9, 108, 9, 94, 105, 250, 75, 96, 133, 33, 
99, 100, 100, 100, 100, 100, 100, 100, 100, 100, 100, 100, 2500, 
2500, 2500, 2500, 2500, 2500, 2500, 2500, 2500, 2500, 2500, 8915.809, 
9203.325, 9100.052, 9351.039, 9158.33499999999, 9147.143, 9298.31, 
9282.19099999999, 14246.839, 14694.2, 14421.669, 1.90743, 0.5991, 
3.66422, 3.71425, 10.37962, 1.01047, 3.67846, 6.99074, -1.08814, 
10.10242, 1.47578, -1.91846, -1.33345, -2.81116, -3.28655, -14.32819, 
-4.70102, -2.78798, -10.0078, -3.71051, -11.32517, -7.13313, 
0, 0, 0, 0, 0, 0, 0, 0, 0, 0, 0, 0, 0, 0, 0, 0, 0, 0, 0, 0, 0, 
0, 0.70788, 0.70275, 0.67894, 0.74887, 0.73429, 0.74069, 0.72222, 
0.71152, 0.70833, 0.72859, 0.7291, 0.67303, 0.6391, 0.67115, 
0.69363, 0.72846, 0.71569, 0.65, 0.66406, 0.6931, 0.6818, 0.7026, 
0.026, 0.0273, 0.0274, 0.0283, 0.0285, 0.0309, 0.0333, 0.0327, 
0.0419, 0.0391, 0.0451, 83.4, 94.9, 89.2, 90.6, 92, 102.4, 107.6, 
103.9, 134.5, 105.3, 147.8, 2335, 2042, 1539, 1478, 38, 14, 691, 
9, 786, 2371, 614, 1, 1, 1, 1, 7, 4, 1, 9, 3, 1, 3, 100, 100, 
100, 100, 100, 100, 100, 100, 100, 100, 100, 2500, 2500, 2500, 
2500, 2500, 2500, 2500, 2500, 2500, 2500, 2500, 9004.519, 9291.649, 
9434.722, 9143.93499999999, 9235.022, 9220.375, 9404.13499999999, 
9386.728, 14213.485, 14013.71, 14760.127, 1, 1, 1, 1, 1, 1, 1, 
1, 1, 1, 1, 0.04545, 0.04545, 0.04545, 0.04545, 0.04545, 0.04545, 
0.04545, 0.04545, 0.04545, 0.04545, 0.04545, 0, 0, 0, 0, 0, 0, 
0, 0, 0, 0, 0, 0, 0, 0, 0, 0, 0, 0, 0, 0, 0, 0, 0.69864, 0.65339, 
0.66108, 0.70881, 0.69674, 0.71532, 0.67778, 0.67406, 0.67833, 
0.70519, 0.71566, 0.64303, 0.6772, 0.68306, 0.67982, 0.72179, 
0.72782, 0.68889, 0.69044, 0.6881, 0.70087, 0.6941, 0.0231, 0.0254, 
0.0273, 0.0278, 0.0295, 0.0302, 0.0314, 0.0324, 0.0409, 0.0418, 
0.045, 75.8, 81.2, 92.1, 96.8, 102.5, 109.1, 113.1, 121.6, 128, 
132.3, 142.9, 1, 1, 1, 1, 1, 1, 1, 1, 1, 1, 1, 1, 1, 1, 1, 1, 
1, 1, 1, 1, 1, 1, 1, 1, 1, 1, 1, 1, 1, 1, 1, 1, 1, 1, 1, 1, 1, 
1, 1, 1, 1, 1, 1, 1, 3.266, 3.617, 3.615, 3.589, 3.655, 3.673, 
3.703, 3.704, 5.988, 5.602, 6.142), .Dim = c(11L, 40L), .Dimnames = list(
    NULL, c("Sampling", "PSO.cost", "PSO.gamma", "PSO.data.balancing", 
    "PSO.feature.selection", "PSO.valid.acc", "PSO.test.acc", 
    "PSO.train.time", "PSO.n.support.vectors", "PSO.index", "PSO.n.solutions", 
    "PSO.generations", "PSO.n.evaluations", "PSO.cpu.time", "RS.cost", 
    "RS.gamma", "RS.data.balancing", "RS.feature.selection", 
    "RS.valid.acc", "RS.test.acc", "RS.train.time", "RS.n.support.vectors", 
    "RS.index", "RS.n.solutions", "RS.generations", "RS.n.evaluations", 
    "RS.cpu.time", "DF.cost", "DF.gamma", "DF.data.balancing", 
    "DF.feature.selection", "DF.valid.acc", "DF.test.acc", "DF.train.time", 
    "DF.n.support.vectors", "DF.index", "DF.n.solutions", "DF.generations", 
    "DF.n.evaluations", "DF.cpu.time")))
