full <-
structure(c(50, 55, 60, 65, 70, 75, 80, 85, 90, 95, 100, 8.70152, 
5.25497, 3.11947, 10.54165, -0.39072, -0.08481, -0.85963, 13.93868, 
2.89765, -2, -0.8895, -14.23403, -10.16616, -9.21995, -14.61998, 
-1.88217, -4.05418, -4.01833, -11.01908, -5.69545, -4.10332, 
-3.74426, 0, 0, 0, 0, 0, 0, 0, 0, 0, 0, 0, 0, 0, 0, 0, 0, 0, 
0, 0, 0, 0, 0, 0.70833, 0.73013, 0.71429, 0.6919, 0.72855, 0.72659, 
0.74957, 0.76044, 0.74214, 0.72028, 0.72767, 0.725, 0.66538, 
0.66813, 0.6719, 0.67257, 0.69714, 0.71682, 0.73357, 0.73214, 
0.69104, 0.67964, 0.0243, 0.025, 0.0263, 0.0268, 0.0295, 0.0303, 
0.0306, 0.0486, 0.0332, 0.0366, 0.0403, 81.7, 85, 97, 90.1, 116.6, 
109.7, 120.2, 96.6, 113.6, 153.9, 148, 8, 241, 327, 415, 1314, 
23, 1283, 1204, 1107, 643, 1583, 128, 120, 60, 143, 73, 166, 
85, 57, 28, 559, 47, 100, 100, 100, 100, 100, 100, 100, 100, 
100, 100, 100, 2500, 2500, 2500, 2500, 2500, 2500, 2500, 2500, 
2500, 2500, 2500, 7825.53, 7849.378, 7842.26, 7879.35, 8058.257, 
8041.08499999999, 7980.726, 8249.17, 8349.88400000001, 8481.568, 
8786.40400000001, 0.32688, 8.6491, -0.18546, 8.19376, 0.45142, 
0.10117, -0.61341, 11.17414, -0.52172, -1.93975, -0.83747, -5.94601, 
-13.67852, -5.47038, -12.28754, -2.13698, -4.22855, -4.3648, 
-9.41569, -3.08639, -4.25648, -3.74581, 0, 0, 0, 0, 0, 0, 0, 
0, 0, 0, 0, 0, 0, 0, 0, 0, 0, 0, 0, 0, 0, 0, 0.71667, 0.73013, 
0.71429, 0.6919, 0.716, 0.72104, 0.74401, 0.76015, 0.7369, 0.72028, 
0.72332, 0.71742, 0.65705, 0.66154, 0.6719, 0.68549, 0.70302, 
0.71156, 0.73357, 0.7069, 0.69104, 0.67964, 0.0244, 0.0256, 0.0266, 
0.0267, 0.0291, 0.0286, 0.0311, 0.0386, 0.0361, 0.0374, 0.0411, 
82.4, 85.6, 96.5, 90.2, 112.1, 109.1, 119.3, 98.2, 132.2, 154.2, 
147.5, 1567, 225, 915, 1252, 157, 1846, 1449, 309, 792, 1803, 
115, 1, 12, 5, 2, 1, 1, 1, 2, 2, 1, 2, 100, 100, 100, 100, 100, 
100, 100, 100, 100, 100, 100, 2500, 2500, 2500, 2500, 2500, 2500, 
2500, 2500, 2500, 2500, 2500, 7861.634, 7865.077, 7836.075, 8022.817, 
8237.97199999999, 8030.111, 7976.52600000001, 8114.31299999999, 
8269.18799999999, 8722.49500000002, 8900.37800000003, 1, 1, 1, 
1, 1, 1, 1, 1, 1, 1, 1, 0.04545, 0.04545, 0.04545, 0.04545, 0.04545, 
0.04545, 0.04545, 0.04545, 0.04545, 0.04545, 0.04545, 0, 0, 0, 
0, 0, 0, 0, 0, 0, 0, 0, 0, 0, 0, 0, 0, 0, 0, 0, 0, 0, 0, 0.68182, 
0.7141, 0.69945, 0.66476, 0.69017, 0.70891, 0.72764, 0.71088, 
0.71214, 0.68286, 0.70158, 0.71591, 0.64936, 0.68571, 0.6719, 
0.65882, 0.69195, 0.70538, 0.72193, 0.71714, 0.69193, 0.68399, 
0.0236, 0.0257, 0.0277, 0.0268, 0.0285, 0.0293, 0.0303, 0.0326, 
0.0349, 0.0359, 0.0366, 80.5, 86.9, 92.5, 97.8, 105.4, 110.3, 
114.8, 120.9, 128.8, 134.4, 142, 1, 1, 1, 1, 1, 1, 1, 1, 1, 1, 
1, 1, 1, 1, 1, 1, 1, 1, 1, 1, 1, 1, 1, 1, 1, 1, 1, 1, 1, 1, 1, 
1, 1, 1, 1, 1, 1, 1, 1, 1, 1, 1, 1, 1, 3.137, 3.173, 3.034, 3.102, 
3.277, 3.132, 3.103, 3.076, 3.361, 3.521, 3.462), .Dim = c(11L, 
40L), .Dimnames = list(NULL, c("Sampling", "PSO.cost", "PSO.gamma", 
"PSO.data.balancing", "PSO.feature.selection", "PSO.valid.acc", 
"PSO.test.acc", "PSO.train.time", "PSO.n.support.vectors", "PSO.index", 
"PSO.n.solutions", "PSO.generations", "PSO.n.evaluations", "PSO.cpu.time", 
"RS.cost", "RS.gamma", "RS.data.balancing", "RS.feature.selection", 
"RS.valid.acc", "RS.test.acc", "RS.train.time", "RS.n.support.vectors", 
"RS.index", "RS.n.solutions", "RS.generations", "RS.n.evaluations", 
"RS.cpu.time", "DF.cost", "DF.gamma", "DF.data.balancing", "DF.feature.selection", 
"DF.valid.acc", "DF.test.acc", "DF.train.time", "DF.n.support.vectors", 
"DF.index", "DF.n.solutions", "DF.generations", "DF.n.evaluations", 
"DF.cpu.time")))
