full <-
structure(c(50, 55, 60, 65, 70, 75, 80, 85, 90, 95, 100, 1.44494, 
-0.5316, 11.4696, 3.12553, 8.26771, 7.3104, -0.83783, -0.44665, 
8.63287, 9.41775, 11.4361, -7.87405, -3.08965, -13.80195, -9.77803, 
-13.33081, -10.82817, -2.50977, -4.42826, -15, -8.91677, -13.58061, 
0, 0, 0, 0, 0, 0, 0, 0, 0, 0, 0, 0, 0, 0, 0, 0, 0, 0, 0, 0, 0, 
0, 0.72803, 0.73526, 0.72216, 0.70208, 0.70341, 0.7221, 0.7, 
0.70816, 0.70738, 0.7381, 0.72806, 0.71061, 0.68077, 0.70685, 
0.6744, 0.68341, 0.68084, 0.66667, 0.67018, 0.68762, 0.6868, 
0.71482, 0.0259, 0.0249, 0.0266, 0.027, 0.028, 0.0292, 0.0331, 
0.0331, 0.0344, 0.0384, 0.0364, 83.4, 83.5, 75.7, 105.7, 99.5, 
100.3, 127.3, 131.1, 141.1, 112.7, 120.1, 277, 600, 175, 377, 
119, 318, 459, 231, 170, 685, 96, 84, 462, 53, 37, 65, 65, 79, 
394, 89, 86, 84, 100, 100, 100, 100, 100, 100, 100, 100, 100, 
100, 100, 2500, 2500, 2500, 2500, 2500, 2500, 2500, 2500, 2500, 
2500, 2500, 7815.308, 7904.828, 7882.665, 8023.91899999999, 8049.628, 
8070.33100000001, 8028.38800000001, 8033.20199999999, 8286.535, 
8705.07500000001, 8372.55299999999, -1.38724, -0.67153, 10.35037, 
4.90174, -0.5123, 3.96004, -0.95569, -0.64101, 3.30607, 9.06155, 
-1.03205, -2.23864, -2.71672, -12.76346, -11.58014, -3.87479, 
-7.01112, -2.45018, -4.16141, -9.63571, -8.76851, -3.28121, 0, 
0, 0, 0, 0, 0, 0, 0, 0, 0, 0, 0, 0, 0, 0, 0, 0, 0, 0, 0, 0, 0, 
0.73864, 0.72756, 0.72216, 0.70208, 0.70966, 0.71622, 0.69444, 
0.70816, 0.70262, 0.7381, 0.73221, 0.71212, 0.68846, 0.70685, 
0.6744, 0.69637, 0.68705, 0.66667, 0.67018, 0.68762, 0.6868, 
0.71897, 0.0243, 0.0256, 0.0259, 0.0282, 0.0284, 0.029, 0.0331, 
0.0334, 0.0353, 0.0378, 0.0382, 84.6, 85.4, 76.2, 105.6, 103.9, 
99.3, 128.5, 132, 141, 112.9, 151, 577, 1079, 1574, 2425, 1990, 
314, 832, 1671, 137, 2232, 1143, 1, 4, 2, 1, 1, 10, 2, 1, 4, 
1, 2, 100, 100, 100, 100, 100, 100, 100, 100, 100, 100, 100, 
2500, 2500, 2500, 2500, 2500, 2500, 2500, 2500, 2500, 2500, 2500, 
7863.091, 7993.554, 8047.425, 8063.573, 8068.38399999999, 9147.64, 
8081.265, 8195.323, 8414.848, 8524.71500000003, 8549.85199999998, 
1, 1, 1, 1, 1, 1, 1, 1, 1, 1, 1, 0.04545, 0.04545, 0.04545, 0.04545, 
0.04545, 0.04545, 0.04545, 0.04545, 0.04545, 0.04545, 0.04545, 
0, 0, 0, 0, 0, 0, 0, 0, 0, 0, 0, 0, 0, 0, 0, 0, 0, 0, 0, 0, 0, 
0, 0.6947, 0.71282, 0.69359, 0.66958, 0.69716, 0.6864, 0.65, 
0.68655, 0.66286, 0.70022, 0.70593, 0.70303, 0.69615, 0.71604, 
0.66065, 0.68971, 0.68709, 0.65556, 0.67488, 0.7031, 0.70455, 
0.71877, 0.0243, 0.0246, 0.0264, 0.0277, 0.0284, 0.0302, 0.0312, 
0.0322, 0.0345, 0.0349, 0.0373, 75.4, 80.7, 89.3, 96.6, 101.3, 
110.7, 118.6, 127.6, 130.9, 135.1, 143.1, 1, 1, 1, 1, 1, 1, 1, 
1, 1, 1, 1, 1, 1, 1, 1, 1, 1, 1, 1, 1, 1, 1, 1, 1, 1, 1, 1, 1, 
1, 1, 1, 1, 1, 1, 1, 1, 1, 1, 1, 1, 1, 1, 1, 1, 3.175, 3.136, 
3.23, 3.302, 3.164, 3.154, 3.236, 3.217, 3.292, 3.339, 3.492), .Dim = c(11L, 
40L), .Dimnames = list(NULL, c("Sampling", "PSO.cost", "PSO.gamma", 
"PSO.data.balancing", "PSO.feature.selection", "PSO.valid.acc", 
"PSO.test.acc", "PSO.train.time", "PSO.n.support.vectors", "PSO.index", 
"PSO.n.solutions", "PSO.generations", "PSO.n.evaluations", "PSO.cpu.time", 
"RS.cost", "RS.gamma", "RS.data.balancing", "RS.feature.selection", 
"RS.valid.acc", "RS.test.acc", "RS.train.time", "RS.n.support.vectors", 
"RS.index", "RS.n.solutions", "RS.generations", "RS.n.evaluations", 
"RS.cpu.time", "DF.cost", "DF.gamma", "DF.data.balancing", "DF.feature.selection", 
"DF.valid.acc", "DF.test.acc", "DF.train.time", "DF.n.support.vectors", 
"DF.index", "DF.n.solutions", "DF.generations", "DF.n.evaluations", 
"DF.cpu.time")))
