full <-
structure(c(50, 55, 60, 65, 70, 75, 80, 85, 90, 95, 100, 15, 
-0.17, 0.17611, -1.00612, -1.18291, -1.65454, 3.51564, -0.23015, 
-0.66222, -0.67717, 10.73907, -11.8393, -3.37994, -1.90698, -1.47801, 
-1.82103, -2.02222, -9.29603, -6.42419, -6.17819, -3.64213, -14.83133, 
0, 0, 0, 0, 0, 0, 0, 0, 0, 0, 0, 0, 0, 0, 0, 0, 0, 0, 0, 0, 0, 
0, 0.74033, 0.75128, 0.8011, 0.74637, 0.76667, 0.79158, 0.70635, 
0.72544, 0.72262, 0.73145, 0.70604, 0.69563, 0.72885, 0.75, 0.71298, 
0.74167, 0.73815, 0.69494, 0.71018, 0.7031, 0.73121, 0.69279, 
0.0353, 0.0239, 0.0276, 0.0283, 0.0295, 0.0311, 0.0327, 0.034, 
0.0373, 0.0358, 0.0384, 52.1, 78.9, 97.3, 111.7, 117.6, 125.6, 
120.5, 136.6, 145.6, 140, 131.6, 431, 682, 611, 1106, 322, 485, 
64, 1168, 1879, 428, 254, 6, 66, 546, 44, 301, 203, 256, 20, 
1, 87, 110, 100, 100, 100, 100, 100, 100, 100, 100, 100, 100, 
100, 2500, 2500, 2500, 2500, 2500, 2500, 2500, 2500, 2500, 2500, 
2500, 8833.104, 8660.949, 8668.758, 8646.44300000001, 8740.323, 
8731.219, 8752.143, 8955.09599999999, 8944.10399999999, 8979.52499999999, 
9077.89500000002, 14.07157, 2.09171, 0.24717, 1.25826, -0.22971, 
-1.06682, -1.40132, -1.49202, 0.38119, -0.699, 7.58197, -12.2097, 
-7.51118, -1.77007, -7.86435, -1.91402, -2.09066, -3.89765, -4.81754, 
-7.3198, -3.6575, -11.74333, 0, 0, 0, 0, 0, 0, 0, 0, 0, 0, 0, 
0, 0, 0, 0, 0, 0, 0, 0, 0, 0, 0, 0.73124, 0.75064, 0.78626, 0.73964, 
0.76042, 0.76867, 0.71096, 0.72044, 0.72262, 0.7269, 0.70604, 
0.71305, 0.75192, 0.75769, 0.7, 0.75417, 0.73186, 0.68416, 0.71518, 
0.70786, 0.72667, 0.68844, 0.0284, 0.0254, 0.0282, 0.0283, 0.0297, 
0.031, 0.0333, 0.0362, 0.0375, 0.0378, 0.0372, 52.3, 79.6, 99.2, 
105.2, 115.6, 122.9, 124.3, 136.9, 145.5, 140.3, 132.7, 440, 
64, 268, 428, 260, 53, 2290, 118, 2496, 1650, 181, 6, 9, 1, 8, 
3, 2, 1, 1, 1, 1, 10, 100, 100, 100, 100, 100, 100, 100, 100, 
100, 100, 100, 2500, 2500, 2500, 2500, 2500, 2500, 2500, 2500, 
2500, 2500, 2500, 8631.797, 8667.008, 8659.38099999999, 8676.17099999999, 
8708.91899999999, 8778.75199999999, 8959.202, 8992.89599999998, 
9034.66499999998, 9132.76000000001, 9194.52499999999, 1, 1, 1, 
1, 1, 1, 1, 1, 1, 1, 1, 0.04545, 0.04545, 0.04545, 0.04545, 0.04545, 
0.04545, 0.04545, 0.04545, 0.04545, 0.04545, 0.04545, 0, 0, 0, 
0, 0, 0, 0, 0, 0, 0, 0, 0, 0, 0, 0, 0, 0, 0, 0, 0, 0, 0, 0.68805, 
0.71859, 0.74121, 0.71339, 0.7225, 0.72079, 0.68409, 0.69988, 
0.69405, 0.6992, 0.67935, 0.67896, 0.73654, 0.72637, 0.70679, 
0.69708, 0.72667, 0.68409, 0.70073, 0.68405, 0.70848, 0.70641, 
0.0239, 0.0255, 0.0265, 0.0278, 0.0284, 0.0294, 0.032, 0.0341, 
0.0336, 0.0365, 0.0377, 71, 78.9, 85.4, 93.7, 101.4, 108.1, 115.9, 
122.4, 129, 135.2, 144, 1, 1, 1, 1, 1, 1, 1, 1, 1, 1, 1, 1, 1, 
1, 1, 1, 1, 1, 1, 1, 1, 1, 1, 1, 1, 1, 1, 1, 1, 1, 1, 1, 1, 1, 
1, 1, 1, 1, 1, 1, 1, 1, 1, 1, 3.371, 3.35, 3.555, 3.634, 3.447, 
3.352, 3.587, 3.586, 3.493, 3.507, 3.535), .Dim = c(11L, 40L), .Dimnames = list(
    NULL, c("Sampling", "PSO.cost", "PSO.gamma", "PSO.data.balancing", 
    "PSO.feature.selection", "PSO.valid.acc", "PSO.test.acc", 
    "PSO.train.time", "PSO.n.support.vectors", "PSO.index", "PSO.n.solutions", 
    "PSO.generations", "PSO.n.evaluations", "PSO.cpu.time", "RS.cost", 
    "RS.gamma", "RS.data.balancing", "RS.feature.selection", 
    "RS.valid.acc", "RS.test.acc", "RS.train.time", "RS.n.support.vectors", 
    "RS.index", "RS.n.solutions", "RS.generations", "RS.n.evaluations", 
    "RS.cpu.time", "DF.cost", "DF.gamma", "DF.data.balancing", 
    "DF.feature.selection", "DF.valid.acc", "DF.test.acc", "DF.train.time", 
    "DF.n.support.vectors", "DF.index", "DF.n.solutions", "DF.generations", 
    "DF.n.evaluations", "DF.cpu.time")))
