full <-
structure(c(50, 55, 60, 65, 70, 75, 80, 85, 90, 95, 100, 1.12035, 
-1.30021, 8.23372, -1.81719, 5.52705, 5.81884, 3.44352, 9.07437, 
7.43172, 6.11421, 11.82537, -4.58029, -4.1251, -13.45266, -4.13432, 
-12.14627, -11.72335, -2.0396, -15, -14.85292, -8.65617, -12.48617, 
0, 0, 0, 0, 0, 0, 0, 0, 0, 0, 0, 0, 0, 0, 0, 0, 0, 0, 0, 0, 0, 
0, 0.68351, 0.69936, 0.70465, 0.71476, 0.71755, 0.72913, 0.72809, 
0.73354, 0.72714, 0.72307, 0.70917, 0.68211, 0.67436, 0.68322, 
0.70095, 0.71718, 0.71699, 0.70126, 0.72857, 0.69786, 0.69991, 
0.69595, 0.0241, 0.0259, 0.0262, 0.0286, 0.0298, 0.0301, 0.0348, 
0.0328, 0.0365, 0.0361, 0.038, 71.6, 89.7, 88.3, 108.4, 114.3, 
113.9, 122.8, 126.2, 151.6, 115.5, 114.5, 1935, 1706, 130, 620, 
1241, 376, 985, 69, 377, 633, 204, 3, 2, 113, 44, 60, 16, 27, 
111, 56, 41, 210, 100, 100, 100, 100, 100, 100, 100, 100, 100, 
100, 100, 2500, 2500, 2500, 2500, 2500, 2500, 2500, 2500, 2500, 
2500, 2500, 8233.333, 8217.777, 8250.742, 8294.254, 9464.91099999999, 
8211.25199999999, 8480.413, 8502.14999999999, 8567.54800000001, 
8555.90900000001, 8533.413, 1.28388, -0.04226, 7.97273, 5.2979, 
5.74031, 6.231, 1.13175, 4.74696, 1.20499, 5.83548, 11.78367, 
-4.83961, -5.82896, -13.16456, -12.17835, -12.35699, -12.13556, 
-1.85632, -10.68092, -8.2079, -8.39842, -12.38992, 0, 0, 0, 0, 
0, 0, 0, 0, 0, 0, 0, 0, 0, 0, 0, 0, 0, 0, 0, 0, 0, 0, 0.68351, 
0.69103, 0.70465, 0.7081, 0.71755, 0.72913, 0.72221, 0.73354, 
0.72714, 0.72307, 0.70917, 0.66469, 0.65833, 0.68322, 0.68762, 
0.71718, 0.71699, 0.67399, 0.72857, 0.70238, 0.69991, 0.69595, 
0.0258, 0.0261, 0.0262, 0.031, 0.029, 0.03, 0.0342, 0.0339, 0.037, 
0.0342, 0.0387, 71.2, 88.9, 88.1, 108, 114.3, 113.9, 128.1, 126.4, 
147.6, 115.4, 114.4, 69, 171, 332, 1371, 548, 1865, 1403, 1310, 
501, 2463, 395, 3, 5, 7, 3, 1, 2, 1, 3, 2, 1, 3, 100, 100, 100, 
100, 100, 100, 100, 100, 100, 100, 100, 2500, 2500, 2500, 2500, 
2500, 2500, 2500, 2500, 2500, 2500, 2500, 8254.03, 8219.42, 8299.642, 
10601.67, 8167.819, 8304.70899999999, 8529.367, 8580.21999999999, 
8603.255, 8665.992, 8587.91900000002, 1, 1, 1, 1, 1, 1, 1, 1, 
1, 1, 1, 0.04545, 0.04545, 0.04545, 0.04545, 0.04545, 0.04545, 
0.04545, 0.04545, 0.04545, 0.04545, 0.04545, 0, 0, 0, 0, 0, 0, 
0, 0, 0, 0, 0, 0, 0, 0, 0, 0, 0, 0, 0, 0, 0, 0, 0.63753, 0.65962, 
0.6826, 0.66619, 0.67922, 0.7056, 0.67279, 0.69722, 0.69286, 
0.69946, 0.67777, 0.68916, 0.67308, 0.66015, 0.67286, 0.69292, 
0.69865, 0.68913, 0.70804, 0.71286, 0.70489, 0.6649, 0.0248, 
0.0253, 0.0262, 0.0288, 0.0287, 0.0296, 0.0339, 0.0337, 0.0357, 
0.0365, 0.0378, 76.1, 83.4, 88.2, 94.6, 101.2, 107.4, 114.2, 
118.2, 126.9, 133.9, 142.7, 1, 1, 1, 1, 1, 1, 1, 1, 1, 1, 1, 
1, 1, 1, 1, 1, 1, 1, 1, 1, 1, 1, 1, 1, 1, 1, 1, 1, 1, 1, 1, 1, 
1, 1, 1, 1, 1, 1, 1, 1, 1, 1, 1, 1, 3.249, 3.284, 3.283, 4.037, 
3.407, 3.195, 3.46, 3.491, 3.572, 3.451, 3.334), .Dim = c(11L, 
40L), .Dimnames = list(NULL, c("Sampling", "PSO.cost", "PSO.gamma", 
"PSO.data.balancing", "PSO.feature.selection", "PSO.valid.acc", 
"PSO.test.acc", "PSO.train.time", "PSO.n.support.vectors", "PSO.index", 
"PSO.n.solutions", "PSO.generations", "PSO.n.evaluations", "PSO.cpu.time", 
"RS.cost", "RS.gamma", "RS.data.balancing", "RS.feature.selection", 
"RS.valid.acc", "RS.test.acc", "RS.train.time", "RS.n.support.vectors", 
"RS.index", "RS.n.solutions", "RS.generations", "RS.n.evaluations", 
"RS.cpu.time", "DF.cost", "DF.gamma", "DF.data.balancing", "DF.feature.selection", 
"DF.valid.acc", "DF.test.acc", "DF.train.time", "DF.n.support.vectors", 
"DF.index", "DF.n.solutions", "DF.generations", "DF.n.evaluations", 
"DF.cpu.time")))
