full <-
structure(c(50, 55, 60, 65, 70, 75, 80, 85, 90, 95, 100, 1.28372, 
1.21472, 0.88951, 5.35178, 1.05298, -1.44273, -1.49017, 8.72931, 
5.73916, 0.06194, 4.41727, -5.51866, -5.8257, -4.5568, -6.82594, 
-4.99748, -3.26632, -2.71086, -12.94117, -11.9331, -4.67741, 
-7.93475, 0, 0, 0, 0, 0, 0, 0, 0, 0, 0, 0, 0, 0, 0, 0, 0, 0, 
0, 0, 0, 0, 0, 0.70682, 0.76923, 0.71264, 0.7281, 0.69684, 0.71642, 
0.74979, 0.72237, 0.72871, 0.71407, 0.71877, 0.67197, 0.70641, 
0.68407, 0.71476, 0.67841, 0.68207, 0.72202, 0.70158, 0.68961, 
0.69048, 0.70534, 0.0232, 0.0244, 0.0249, 0.0262, 0.0268, 0.0304, 
0.0313, 0.0311, 0.0336, 0.0344, 0.0363, 75.1, 82.4, 87.2, 79.2, 
99.6, 118.3, 125.1, 112.5, 135.4, 131.7, 128.7, 828, 848, 1046, 
1793, 1225, 465, 1828, 82, 794, 814, 1813, 74, 121, 86, 1, 27, 
147, 21, 437, 10, 37, 2, 100, 100, 100, 100, 100, 100, 100, 100, 
100, 100, 100, 2500, 2500, 2500, 2500, 2500, 2500, 2500, 2500, 
2500, 2500, 2500, 7739.61, 7805.493, 7796.393, 8036.922, 8208.827, 
8227.77499999999, 8275.481, 8248.719, 8282.02300000002, 8297.93700000001, 
8477.07699999999, 1.0443, 1.22072, 1.51422, 4.69422, 0.87179, 
0.20653, -0.80509, 9.73627, 4.28119, 7.12016, 4.51094, -5.24843, 
-5.83189, -4.9664, -6.32327, -4.55254, -3.55136, -3.86888, -13.27434, 
-10.45771, -12.78814, -8.01524, 0, 0, 0, 0, 0, 0, 0, 0, 0, 0, 
0, 0, 0, 0, 0, 0, 0, 0, 0, 0, 0, 0, 0.70682, 0.76923, 0.70549, 
0.72143, 0.69684, 0.70466, 0.73868, 0.72237, 0.72395, 0.70952, 
0.71877, 0.67197, 0.70641, 0.67637, 0.70762, 0.67252, 0.6703, 
0.7214, 0.69632, 0.68961, 0.7, 0.70968, 0.0229, 0.0238, 0.0251, 
0.0262, 0.0279, 0.0292, 0.0301, 0.0306, 0.0334, 0.0358, 0.0353, 
75.1, 82.4, 84.9, 80.7, 100.1, 109.8, 118.7, 108.5, 135.1, 134.4, 
128.3, 1740, 1144, 211, 1243, 1212, 1738, 825, 164, 278, 253, 
987, 2, 1, 9, 2, 1, 2, 7, 36, 11, 4, 1, 100, 100, 100, 100, 100, 
100, 100, 100, 100, 100, 100, 2500, 2500, 2500, 2500, 2500, 2500, 
2500, 2500, 2500, 2500, 2500, 7802.09, 7809.249, 7961.873, 8234.433, 
8261.393, 8341.40000000001, 8323.833, 8351.56200000001, 8358.625, 
8525.701, 8578.01700000002, 1, 1, 1, 1, 1, 1, 1, 1, 1, 1, 1, 
0.04545, 0.04545, 0.04545, 0.04545, 0.04545, 0.04545, 0.04545, 
0.04545, 0.04545, 0.04545, 0.04545, 0, 0, 0, 0, 0, 0, 0, 0, 0, 
0, 0, 0, 0, 0, 0, 0, 0, 0, 0, 0, 0, 0, 0.68788, 0.75256, 0.69011, 
0.71381, 0.68434, 0.69873, 0.72728, 0.71158, 0.69011, 0.70022, 
0.70099, 0.70682, 0.72308, 0.69121, 0.70714, 0.65966, 0.66442, 
0.71555, 0.70105, 0.69514, 0.69978, 0.69229, 0.0231, 0.0255, 
0.0252, 0.0264, 0.0277, 0.0298, 0.0296, 0.0313, 0.0326, 0.0349, 
0.037, 77.6, 84, 90.9, 98.1, 104.9, 109.8, 115.1, 120.7, 126.4, 
131.6, 142, 1, 1, 1, 1, 1, 1, 1, 1, 1, 1, 1, 1, 1, 1, 1, 1, 1, 
1, 1, 1, 1, 1, 1, 1, 1, 1, 1, 1, 1, 1, 1, 1, 1, 1, 1, 1, 1, 1, 
1, 1, 1, 1, 1, 1, 3.131, 3.189, 3.173, 3.242, 3.31, 3.464, 3.183, 
3.252, 3.219, 3.515, 3.499), .Dim = c(11L, 40L), .Dimnames = list(
    NULL, c("Sampling", "PSO.cost", "PSO.gamma", "PSO.data.balancing", 
    "PSO.feature.selection", "PSO.valid.acc", "PSO.test.acc", 
    "PSO.train.time", "PSO.n.support.vectors", "PSO.index", "PSO.n.solutions", 
    "PSO.generations", "PSO.n.evaluations", "PSO.cpu.time", "RS.cost", 
    "RS.gamma", "RS.data.balancing", "RS.feature.selection", 
    "RS.valid.acc", "RS.test.acc", "RS.train.time", "RS.n.support.vectors", 
    "RS.index", "RS.n.solutions", "RS.generations", "RS.n.evaluations", 
    "RS.cpu.time", "DF.cost", "DF.gamma", "DF.data.balancing", 
    "DF.feature.selection", "DF.valid.acc", "DF.test.acc", "DF.train.time", 
    "DF.n.support.vectors", "DF.index", "DF.n.solutions", "DF.generations", 
    "DF.n.evaluations", "DF.cpu.time")))
