full <-
structure(c(50, 55, 60, 65, 70, 75, 80, 85, 90, 95, 100, 8.52094, 
5.58383, 0.1474, 1.06855, -0.53736, 2.85227, 7.4748, -0.69602, 
13.03157, 14.39311, 4.3696, -13.82854, -11.13669, -2.86398, -6.7121, 
-3.18405, -7.1445, -11.93015, -3.14774, -11.43368, -11.54444, 
-6.98371, 0, 0, 0, 0, 0, 0, 0, 0, 0, 0, 0, 0, 0, 0, 0, 0, 0, 
0, 0, 0, 0, 0, 0.71014, 0.71527, 0.7089, 0.70714, 0.70096, 0.72876, 
0.70605, 0.70614, 0.72345, 0.72608, 0.73195, 0.69272, 0.68939, 
0.6833, 0.66619, 0.65679, 0.69931, 0.67762, 0.66401, 0.66411, 
0.70792, 0.70094, 0.0251, 0.0252, 0.0268, 0.0285, 0.0298, 0.0299, 
0.0303, 0.0337, 0.0416, 0.0554, 0.0355, 81.1, 88.2, 96.1, 104, 
111.4, 107.7, 113.3, 133.4, 103.7, 107.7, 123.9, 390, 251, 2437, 
107, 1523, 351, 166, 124, 22, 18, 1057, 14, 31, 1, 19, 42, 125, 
59, 625, 367, 407, 56, 100, 100, 100, 100, 100, 100, 100, 100, 
100, 100, 100, 2500, 2500, 2500, 2500, 2500, 2500, 2500, 2500, 
2500, 2500, 2500, 7987.137, 8042.304, 8176.101, 8311.98, 8192.539, 
8023.24900000001, 8116.65400000001, 8378.376, 8628.03600000002, 
8750.30900000001, 8345.321, 4.58351, 7.22224, 0.34021, 0.17797, 
-0.72815, 3.1521, 9.70006, -0.74884, 6.02062, 12.28403, 4.64556, 
-9.87085, -12.66608, -2.80922, -5.67226, -3.70708, -7.55251, 
-14.17094, -3.2846, -6.2502, -10.48819, -7.20335, 0, 0, 0, 0, 
0, 0, 0, 0, 0, 0, 0, 0, 0, 0, 0, 0, 0, 0, 0, 0, 0, 0, 0.71014, 
0.70693, 0.7089, 0.70714, 0.69549, 0.72876, 0.70605, 0.70614, 
0.72392, 0.72608, 0.7274, 0.69272, 0.68939, 0.69044, 0.67286, 
0.64387, 0.70519, 0.67762, 0.65874, 0.66411, 0.71292, 0.70094, 
0.0255, 0.0261, 0.0267, 0.0272, 0.0288, 0.0289, 0.0304, 0.0352, 
0.0335, 0.0429, 0.0358, 81.1, 87.2, 95.8, 103.9, 111.6, 108, 
113.5, 133.2, 111.3, 108.5, 123.7, 847, 88, 1366, 1412, 2247, 
1059, 148, 1693, 880, 111, 406, 1, 8, 2, 1, 1, 2, 6, 2, 1, 5, 
2, 100, 100, 100, 100, 100, 100, 100, 100, 100, 100, 100, 2500, 
2500, 2500, 2500, 2500, 2500, 2500, 2500, 2500, 2500, 2500, 8062.901, 
8095.207, 8294.629, 8303.328, 8185.296, 8095.088, 8424.27899999999, 
8468.712, 8480.35500000001, 8468.30599999998, 8454.36099999998, 
1, 1, 1, 1, 1, 1, 1, 1, 1, 1, 1, 0.04545, 0.04545, 0.04545, 0.04545, 
0.04545, 0.04545, 0.04545, 0.04545, 0.04545, 0.04545, 0.04545, 
0, 0, 0, 0, 0, 0, 0, 0, 0, 0, 0, 0, 0, 0, 0, 0, 0, 0, 0, 0, 0, 
0, 0.69411, 0.68735, 0.69249, 0.67286, 0.67554, 0.70523, 0.67828, 
0.68561, 0.72268, 0.70249, 0.69279, 0.69272, 0.69633, 0.69099, 
0.68619, 0.67475, 0.70519, 0.68939, 0.66456, 0.67837, 0.69816, 
0.69636, 0.0241, 0.0237, 0.0263, 0.0267, 0.0288, 0.0306, 0.0322, 
0.0344, 0.0345, 0.0357, 0.036, 80, 85.7, 94.6, 100.4, 108.9, 
114.4, 120.2, 127.8, 131.3, 135.8, 142.5, 1, 1, 1, 1, 1, 1, 1, 
1, 1, 1, 1, 1, 1, 1, 1, 1, 1, 1, 1, 1, 1, 1, 1, 1, 1, 1, 1, 1, 
1, 1, 1, 1, 1, 1, 1, 1, 1, 1, 1, 1, 1, 1, 1, 1, 3.313, 2.954, 
3.09, 3.068, 3.105, 3.368, 3.295, 3.59, 3.195, 3.264, 3.031), .Dim = c(11L, 
40L), .Dimnames = list(NULL, c("Sampling", "PSO.cost", "PSO.gamma", 
"PSO.data.balancing", "PSO.feature.selection", "PSO.valid.acc", 
"PSO.test.acc", "PSO.train.time", "PSO.n.support.vectors", "PSO.index", 
"PSO.n.solutions", "PSO.generations", "PSO.n.evaluations", "PSO.cpu.time", 
"RS.cost", "RS.gamma", "RS.data.balancing", "RS.feature.selection", 
"RS.valid.acc", "RS.test.acc", "RS.train.time", "RS.n.support.vectors", 
"RS.index", "RS.n.solutions", "RS.generations", "RS.n.evaluations", 
"RS.cpu.time", "DF.cost", "DF.gamma", "DF.data.balancing", "DF.feature.selection", 
"DF.valid.acc", "DF.test.acc", "DF.train.time", "DF.n.support.vectors", 
"DF.index", "DF.n.solutions", "DF.generations", "DF.n.evaluations", 
"DF.cpu.time")))
