full <-
structure(c(50, 55, 60, 65, 70, 75, 80, 85, 90, 95, 100, 4.80192, 
8.26621, 6.18658, 0.68283, 7.39454, 8.98475, 0.67459, 5.58784, 
4.01505, 1.56185, -1.6686, -7.96351, -9.40259, -11.61094, -5.7885, 
-9.40809, -12.61459, -3.91669, -9.70903, -7.08874, -6.15902, 
-3.24679, 0, 0, 0, 0, 0, 0, 0, 0, 0, 0, 0, 0, 0, 0, 0, 0, 0, 
0, 0, 0, 0, 0, 0.7303, 0.7222, 0.67615, 0.71762, 0.73958, 0.7279, 
0.76574, 0.75313, 0.73786, 0.73169, 0.72889, 0.70379, 0.67809, 
0.66077, 0.71048, 0.70875, 0.71609, 0.7157, 0.74257, 0.73238, 
0.71669, 0.71092, 0.0235, 0.0257, 0.0267, 0.029, 0.0274, 0.0292, 
0.0303, 0.0308, 0.0319, 0.0342, 0.0393, 67.8, 68.1, 92.8, 98.5, 
82.2, 94.7, 109.6, 107.4, 107, 125.8, 158.2, 433, 1440, 56, 2187, 
78, 44, 317, 14, 521, 954, 954, 204, 32, 116, 2, 228, 214, 419, 
156, 84, 49, 105, 100, 100, 100, 100, 100, 100, 100, 100, 100, 
100, 100, 2500, 2500, 2500, 2500, 2500, 2500, 2500, 2500, 2500, 
2500, 2500, 7655.71, 7865.944, 8057.596, 8115.598, 8198.545, 
7938.264, 8001.44099999999, 8015.682, 8157.711, 8120.76999999999, 
8200.522, 5.51389, 6.61714, 0.41318, 1.30006, 7.54512, -0.95804, 
0.70786, 3.81933, 0.26751, 6.70073, -1.15676, -8.67296, -8.05787, 
-5.7087, -6.2885, -9.78003, -2.20297, -3.73525, -7.89194, -1.3162, 
-10.66603, -4.17223, 0, 0, 0, 0, 0, 0, 0, 0, 0, 0, 0, 0, 0, 0, 
0, 0, 0, 0, 0, 0, 0, 0, 0.7303, 0.71387, 0.67615, 0.71095, 0.73958, 
0.72892, 0.76018, 0.75313, 0.74262, 0.72214, 0.72474, 0.70379, 
0.70886, 0.66846, 0.71762, 0.70875, 0.70539, 0.70518, 0.74257, 
0.7131, 0.72236, 0.71566, 0.024, 0.0241, 0.0279, 0.028, 0.0284, 
0.0318, 0.0294, 0.0331, 0.0366, 0.0352, 0.0381, 67.4, 69.2, 94.6, 
96.6, 82.8, 121.7, 110.3, 107.2, 150.9, 118.4, 153, 1671, 698, 
133, 26, 12, 677, 133, 9, 2219, 37, 1303, 1, 1, 10, 2, 19, 1, 
2, 11, 1, 43, 1, 100, 100, 100, 100, 100, 100, 100, 100, 100, 
100, 100, 2500, 2500, 2500, 2500, 2500, 2500, 2500, 2500, 2500, 
2500, 2500, 7789.611, 7912.513, 8099.527, 8219.49, 8235.171, 
7991.64499999999, 8144.20000000001, 8153.969, 8207.57200000001, 
8271.41, 8690.61199999999, 1, 1, 1, 1, 1, 1, 1, 1, 1, 1, 1, 0.04545, 
0.04545, 0.04545, 0.04545, 0.04545, 0.04545, 0.04545, 0.04545, 
0.04545, 0.04545, 0.04545, 0, 0, 0, 0, 0, 0, 0, 0, 0, 0, 0, 0, 
0, 0, 0, 0, 0, 0, 0, 0, 0, 0, 0.67576, 0.68939, 0.64132, 0.70429, 
0.70167, 0.71581, 0.72714, 0.73202, 0.72286, 0.70831, 0.70677, 
0.65985, 0.73193, 0.67608, 0.70429, 0.69583, 0.71614, 0.72681, 
0.71591, 0.71762, 0.7174, 0.71624, 0.0246, 0.0259, 0.0284, 0.0292, 
0.0287, 0.0306, 0.0332, 0.0328, 0.0333, 0.0352, 0.0365, 76.6, 
83.7, 91.9, 98.2, 101.5, 107.5, 114, 117.7, 125.8, 130.6, 142.6, 
1, 1, 1, 1, 1, 1, 1, 1, 1, 1, 1, 1, 1, 1, 1, 1, 1, 1, 1, 1, 1, 
1, 1, 1, 1, 1, 1, 1, 1, 1, 1, 1, 1, 1, 1, 1, 1, 1, 1, 1, 1, 1, 
1, 1, 3.104, 3.172, 3.27, 3.244, 3.233, 3.227, 3.318, 3.21, 3.073, 
3.21, 3.407), .Dim = c(11L, 40L), .Dimnames = list(NULL, c("Sampling", 
"PSO.cost", "PSO.gamma", "PSO.data.balancing", "PSO.feature.selection", 
"PSO.valid.acc", "PSO.test.acc", "PSO.train.time", "PSO.n.support.vectors", 
"PSO.index", "PSO.n.solutions", "PSO.generations", "PSO.n.evaluations", 
"PSO.cpu.time", "RS.cost", "RS.gamma", "RS.data.balancing", "RS.feature.selection", 
"RS.valid.acc", "RS.test.acc", "RS.train.time", "RS.n.support.vectors", 
"RS.index", "RS.n.solutions", "RS.generations", "RS.n.evaluations", 
"RS.cpu.time", "DF.cost", "DF.gamma", "DF.data.balancing", "DF.feature.selection", 
"DF.valid.acc", "DF.test.acc", "DF.train.time", "DF.n.support.vectors", 
"DF.index", "DF.n.solutions", "DF.generations", "DF.n.evaluations", 
"DF.cpu.time")))
