full <-
structure(c(50, 55, 60, 65, 70, 75, 80, 85, 90, 95, 100, 10.8843, 
5.90446, 10.61997, -0.95042, 0.55414, 8.56342, -0.98078, -0.396, 
2.80221, -1.85444, 11.43403, -14.70698, -1.39508, -13.57706, 
-2.56315, -6.00201, -11.27783, -2.81388, -4.4584, -9.26785, -4.03091, 
-13.65816, 0, 0, 0, 0, 0, 0, 0, 0, 0, 0, 0, 0, 0, 0, 0, 0, 0, 
0, 0, 0, 0, 0, 0.64697, 0.663, 0.69176, 0.68048, 0.68574, 0.68015, 
0.72308, 0.70263, 0.70286, 0.73312, 0.71115, 0.60303, 0.5912, 
0.67857, 0.66, 0.67944, 0.65662, 0.69585, 0.66629, 0.6981, 0.70519, 
0.71948, 0.0229, 0.0249, 0.0251, 0.0281, 0.0288, 0.0288, 0.0312, 
0.0317, 0.0347, 0.0369, 0.035, 73.5, 97.3, 82.5, 108.2, 112, 
98.9, 127.6, 129.8, 141.9, 150.9, 120.1, 506, 552, 5, 488, 42, 
68, 315, 1524, 398, 356, 110, 70, 314, 281, 113, 260, 164, 657, 
41, 43, 86, 176, 100, 100, 100, 100, 100, 100, 100, 100, 100, 
100, 100, 2500, 2500, 2500, 2500, 2500, 2500, 2500, 2500, 2500, 
2500, 2500, 7295.575, 7363.516, 7428.298, 7497.72399999999, 7552.88400000001, 
7634.016, 7679.757, 7691.118, 7737.288, 7800.43899999998, 7799.41500000001, 
8.82343, 12.54785, -0.71043, 3.74547, 0.24161, 5.65268, -1.20983, 
-0.34536, -1.88386, 0.71878, 10.39108, -12.63152, -1.40115, -2.30843, 
-9.84305, -5.67397, -8.37553, -3.04893, -4.43714, -3.00608, -7.06066, 
-12.52196, 0, 0, 0, 0, 0, 0, 0, 0, 0, 0, 0, 0, 0, 0, 0, 0, 0, 
0, 0, 0, 0, 0, 0.64697, 0.663, 0.69945, 0.66524, 0.68574, 0.68015, 
0.72308, 0.70263, 0.70286, 0.7145, 0.71115, 0.60303, 0.5912, 
0.68407, 0.61857, 0.67944, 0.6625, 0.70638, 0.67184, 0.6781, 
0.68139, 0.71039, 0.0227, 0.0251, 0.0253, 0.0266, 0.0275, 0.0295, 
0.0312, 0.0322, 0.0336, 0.0351, 0.0351, 73.3, 97.2, 99.7, 106.2, 
112.3, 99.9, 128, 129, 145.4, 146.9, 119.9, 1814, 723, 977, 97, 
257, 276, 789, 1043, 406, 165, 91, 1, 1, 1, 30, 4, 10, 2, 1, 
3, 5, 13, 100, 100, 100, 100, 100, 100, 100, 100, 100, 100, 100, 
2500, 2500, 2500, 2500, 2500, 2500, 2500, 2500, 2500, 2500, 2500, 
7328.712, 7375.413, 7476.935, 7547.974, 7640.65699999999, 7710.17600000001, 
7725.371, 7795.633, 7836.67, 7894.981, 7950.345, 1, 1, 1, 1, 
1, 1, 1, 1, 1, 1, 1, 0.04545, 0.04545, 0.04545, 0.04545, 0.04545, 
0.04545, 0.04545, 0.04545, 0.04545, 0.04545, 0.04545, 0, 0, 0, 
0, 0, 0, 0, 0, 0, 0, 0, 0, 0, 0, 0, 0, 0, 0, 0, 0, 0, 0, 0.60379, 
0.63992, 0.64121, 0.64476, 0.64574, 0.65699, 0.70086, 0.69763, 
0.6831, 0.69545, 0.68883, 0.62879, 0.62733, 0.66319, 0.65905, 
0.6975, 0.67463, 0.69001, 0.68295, 0.6831, 0.69545, 0.71966, 
0.0231, 0.0248, 0.0251, 0.0276, 0.0276, 0.029, 0.03, 0.0318, 
0.0327, 0.0343, 0.0363, 78.9, 85.8, 93.9, 101.1, 109.3, 114.3, 
120.1, 127.1, 129.8, 136.1, 142.7, 1, 1, 1, 1, 1, 1, 1, 1, 1, 
1, 1, 1, 1, 1, 1, 1, 1, 1, 1, 1, 1, 1, 1, 1, 1, 1, 1, 1, 1, 1, 
1, 1, 1, 1, 1, 1, 1, 1, 1, 1, 1, 1, 1, 1, 2.913, 2.974, 2.942, 
3.067, 3.025, 2.969, 3.049, 3.034, 3.13, 3.161, 3.154), .Dim = c(11L, 
40L), .Dimnames = list(NULL, c("Sampling", "PSO.cost", "PSO.gamma", 
"PSO.data.balancing", "PSO.feature.selection", "PSO.valid.acc", 
"PSO.test.acc", "PSO.train.time", "PSO.n.support.vectors", "PSO.index", 
"PSO.n.solutions", "PSO.generations", "PSO.n.evaluations", "PSO.cpu.time", 
"RS.cost", "RS.gamma", "RS.data.balancing", "RS.feature.selection", 
"RS.valid.acc", "RS.test.acc", "RS.train.time", "RS.n.support.vectors", 
"RS.index", "RS.n.solutions", "RS.generations", "RS.n.evaluations", 
"RS.cpu.time", "DF.cost", "DF.gamma", "DF.data.balancing", "DF.feature.selection", 
"DF.valid.acc", "DF.test.acc", "DF.train.time", "DF.n.support.vectors", 
"DF.index", "DF.n.solutions", "DF.generations", "DF.n.evaluations", 
"DF.cpu.time")))
