full <-
structure(c(50, 55, 60, 65, 70, 75, 80, 85, 90, 95, 100, -1.55389, 
1.74758, 2.62807, 7.66947, 3.54116, 1.57743, 6.92954, 6.79901, 
1.12732, -1.10562, -0.60157, -2.38328, -4.13842, -8.45307, -13.07864, 
-6.46618, -4.75173, -7.61559, -8.00586, -4.54029, -2.59873, -3.05566, 
0, 0, 0, 0, 0, 0, 0, 0, 0, 0, 0, 0, 0, 0, 0, 0, 0, 0, 0, 0, 0, 
0, 0.74435, 0.68654, 0.70714, 0.7081, 0.73439, 0.70486, 0.73894, 
0.69067, 0.72238, 0.72013, 0.73686, 0.70798, 0.67115, 0.69231, 
0.6681, 0.68985, 0.67545, 0.68822, 0.67488, 0.72262, 0.68745, 
0.73646, 0.0244, 0.0257, 0.0258, 0.0276, 0.0273, 0.0302, 0.0317, 
0.0313, 0.0342, 0.0368, 0.0375, 86.5, 79.1, 95.8, 99.8, 93.7, 
106.2, 98.8, 105.8, 124.3, 148.8, 149.4, 1516, 127, 52, 21, 1770, 
265, 464, 697, 2010, 2205, 908, 98, 123, 46, 17, 2, 146, 176, 
195, 3, 1, 216, 100, 100, 100, 100, 100, 100, 100, 100, 100, 
100, 100, 2500, 2500, 2500, 2500, 2500, 2500, 2500, 2500, 2500, 
2500, 2500, 7437.738, 7553.072, 7569.839, 7692.92099999999, 7742.09100000001, 
7872.92999999999, 7930.436, 7933.62699999999, 8020.04399999999, 
8073.48799999998, 8208.23499999999, -1.66823, 1.61939, -0.47509, 
9.0043, 5.48065, 1.66599, 7.14816, 5.71292, 1.05434, -1.70336, 
-0.46994, -2.87308, -4.04557, -2.37321, -14.39755, -8.68638, 
-4.8211, -7.81864, -7.3216, -4.38682, -2.54583, -2.93758, 0, 
0, 0, 0, 0, 0, 0, 0, 0, 0, 0, 0, 0, 0, 0, 0, 0, 0, 0, 0, 0, 0, 
0.7109, 0.68654, 0.71484, 0.7081, 0.72814, 0.70486, 0.73894, 
0.68567, 0.72238, 0.71515, 0.72816, 0.69196, 0.67885, 0.66484, 
0.66095, 0.69647, 0.68133, 0.68822, 0.68015, 0.72738, 0.67273, 
0.73628, 0.0243, 0.0256, 0.027, 0.0276, 0.0275, 0.0291, 0.0303, 
0.0314, 0.0335, 0.036, 0.0399, 85, 79.7, 99, 99.7, 93.7, 105.7, 
98.2, 106.6, 124.7, 152.1, 149.9, 1584, 2130, 1047, 1667, 104, 
427, 1617, 1315, 1477, 1693, 262, 1, 1, 3, 2, 30, 3, 2, 8, 1, 
1, 1, 100, 100, 100, 100, 100, 100, 100, 100, 100, 100, 100, 
2500, 2500, 2500, 2500, 2500, 2500, 2500, 2500, 2500, 2500, 2500, 
7501.458, 7588.149, 7673.101, 7761.542, 7886.07699999999, 7921.183, 
7979.97199999999, 8064.80799999999, 8129.95799999998, 8260.97100000002, 
8335.321, 1, 1, 1, 1, 1, 1, 1, 1, 1, 1, 1, 0.04545, 0.04545, 
0.04545, 0.04545, 0.04545, 0.04545, 0.04545, 0.04545, 0.04545, 
0.04545, 0.04545, 0, 0, 0, 0, 0, 0, 0, 0, 0, 0, 0, 0, 0, 0, 0, 
0, 0, 0, 0, 0, 0, 0, 0.69207, 0.67051, 0.66209, 0.67381, 0.69684, 
0.68129, 0.68851, 0.65988, 0.69786, 0.69675, 0.73175, 0.70192, 
0.65449, 0.6478, 0.65905, 0.68475, 0.68685, 0.68789, 0.66573, 
0.71262, 0.68701, 0.72322, 0.023, 0.0257, 0.027, 0.0266, 0.0284, 
0.0321, 0.0307, 0.0345, 0.0346, 0.0363, 0.0365, 77.9, 85.8, 95.4, 
99.6, 106.1, 112.9, 118.1, 126.4, 130.7, 136.3, 142.7, 1, 1, 
1, 1, 1, 1, 1, 1, 1, 1, 1, 1, 1, 1, 1, 1, 1, 1, 1, 1, 1, 1, 1, 
1, 1, 1, 1, 1, 1, 1, 1, 1, 1, 1, 1, 1, 1, 1, 1, 1, 1, 1, 1, 1, 
2.982, 3.032, 3.114, 3.098, 3.09, 3.216, 3.197, 3.293, 3.202, 
3.222, 3.23), .Dim = c(11L, 40L), .Dimnames = list(NULL, c("Sampling", 
"PSO.cost", "PSO.gamma", "PSO.data.balancing", "PSO.feature.selection", 
"PSO.valid.acc", "PSO.test.acc", "PSO.train.time", "PSO.n.support.vectors", 
"PSO.index", "PSO.n.solutions", "PSO.generations", "PSO.n.evaluations", 
"PSO.cpu.time", "RS.cost", "RS.gamma", "RS.data.balancing", "RS.feature.selection", 
"RS.valid.acc", "RS.test.acc", "RS.train.time", "RS.n.support.vectors", 
"RS.index", "RS.n.solutions", "RS.generations", "RS.n.evaluations", 
"RS.cpu.time", "DF.cost", "DF.gamma", "DF.data.balancing", "DF.feature.selection", 
"DF.valid.acc", "DF.test.acc", "DF.train.time", "DF.n.support.vectors", 
"DF.index", "DF.n.solutions", "DF.generations", "DF.n.evaluations", 
"DF.cpu.time")))
