full <-
structure(c(50, 55, 60, 65, 70, 75, 80, 85, 90, 95, 100, 10.22145, 
5.06939, 1.01339, -0.96125, 1.00496, 5.08949, 2.99295, 4.45124, 
8.01462, 1.84199, 8.98539, -13.678, -9.06101, -5.35636, -4.40969, 
-4.87986, -8.05154, -6.28395, -11.74072, -11.9293, -8.76668, 
-8.88464, 0, 0, 0, 0, 0, 0, 0, 0, 0, 0, 0, 0, 0, 0, 0, 0, 0, 
0, 0, 0, 0, 0, 0.7303, 0.74359, 0.73835, 0.74714, 0.721, 0.71618, 
0.73756, 0.71211, 0.7285, 0.70498, 0.71869, 0.71061, 0.72115, 
0.73828, 0.71952, 0.68929, 0.69228, 0.71563, 0.71263, 0.69292, 
0.67682, 0.6916, 0.0231, 0.0249, 0.026, 0.0282, 0.0278, 0.03, 
0.031, 0.0346, 0.0329, 0.0363, 0.0381, 67, 74.4, 87.6, 103.4, 
101.3, 98.3, 108.2, 145, 118.3, 155.3, 116.1, 109, 116, 112, 
987, 730, 41, 1684, 152, 208, 553, 290, 91, 31, 417, 59, 65, 
89, 6, 52, 90, 35, 66, 100, 100, 100, 100, 100, 100, 100, 100, 
100, 100, 100, 2500, 2500, 2500, 2500, 2500, 2500, 2500, 2500, 
2500, 2500, 2500, 7783.195, 7854.702, 7854.259, 7961.697, 7907.16, 
8163.40400000001, 8104.22500000001, 8216.469, 8369.113, 8434.878, 
9101.61800000002, 9.82781, 4.67407, 2.58814, -1.16881, 5.04637, 
10.3901, 1.5528, 1.26131, 10.92591, 4.76946, -1.99078, -13.00255, 
-8.67834, -6.85051, -3.97841, -9.49519, -13.61878, -5.21947, 
-8.50671, -14.8335, -11.73868, -2.26713, 0, 0, 0, 0, 0, 0, 0, 
0, 0, 0, 0, 0, 0, 0, 0, 0, 0, 0, 0, 0, 0, 0, 0.72197, 0.74359, 
0.73835, 0.74714, 0.71475, 0.71618, 0.72645, 0.71211, 0.7285, 
0.70498, 0.73233, 0.71136, 0.72115, 0.73114, 0.71952, 0.68934, 
0.69853, 0.70913, 0.70737, 0.69292, 0.67682, 0.66726, 0.0226, 
0.024, 0.0242, 0.0268, 0.0276, 0.0289, 0.0315, 0.0351, 0.0324, 
0.0382, 0.0402, 66.3, 74.6, 85.5, 104.1, 100.7, 98.5, 111, 145, 
118, 155.3, 166, 39, 139, 326, 1890, 292, 164, 81, 75, 987, 1067, 
1948, 21, 7, 17, 1, 10, 6, 2, 2, 2, 4, 1, 100, 100, 100, 100, 
100, 100, 100, 100, 100, 100, 100, 2500, 2500, 2500, 2500, 2500, 
2500, 2500, 2500, 2500, 2500, 2500, 7874.07, 7875.638, 7774.515, 
7980.069, 8189.83399999999, 8232.19899999999, 8197.09700000001, 
8421.19799999999, 8531.226, 8749.389, 9053.97500000001, 1, 1, 
1, 1, 1, 1, 1, 1, 1, 1, 1, 0.04545, 0.04545, 0.04545, 0.04545, 
0.04545, 0.04545, 0.04545, 0.04545, 0.04545, 0.04545, 0.04545, 
0, 0, 0, 0, 0, 0, 0, 0, 0, 0, 0, 0, 0, 0, 0, 0, 0, 0, 0, 0, 0, 
0, 0.6947, 0.70449, 0.73066, 0.72, 0.69596, 0.69265, 0.69181, 
0.67026, 0.70345, 0.68071, 0.69634, 0.70152, 0.71346, 0.73828, 
0.72619, 0.68929, 0.71654, 0.69773, 0.69605, 0.69792, 0.68591, 
0.67515, 0.0245, 0.0249, 0.025, 0.0272, 0.029, 0.0314, 0.0309, 
0.0333, 0.0342, 0.0351, 0.0378, 77.2, 82.9, 91.7, 96.3, 106.6, 
113.3, 119.5, 125.5, 129.5, 136.6, 143.3, 1, 1, 1, 1, 1, 1, 1, 
1, 1, 1, 1, 1, 1, 1, 1, 1, 1, 1, 1, 1, 1, 1, 1, 1, 1, 1, 1, 1, 
1, 1, 1, 1, 1, 1, 1, 1, 1, 1, 1, 1, 1, 1, 1, 1, 3.16, 3.099, 
2.996, 3.242, 3.221, 3.255, 3.162, 3.301, 3.308, 3.338, 3.602
), .Dim = c(11L, 40L), .Dimnames = list(NULL, c("Sampling", "PSO.cost", 
"PSO.gamma", "PSO.data.balancing", "PSO.feature.selection", "PSO.valid.acc", 
"PSO.test.acc", "PSO.train.time", "PSO.n.support.vectors", "PSO.index", 
"PSO.n.solutions", "PSO.generations", "PSO.n.evaluations", "PSO.cpu.time", 
"RS.cost", "RS.gamma", "RS.data.balancing", "RS.feature.selection", 
"RS.valid.acc", "RS.test.acc", "RS.train.time", "RS.n.support.vectors", 
"RS.index", "RS.n.solutions", "RS.generations", "RS.n.evaluations", 
"RS.cpu.time", "DF.cost", "DF.gamma", "DF.data.balancing", "DF.feature.selection", 
"DF.valid.acc", "DF.test.acc", "DF.train.time", "DF.n.support.vectors", 
"DF.index", "DF.n.solutions", "DF.generations", "DF.n.evaluations", 
"DF.cpu.time")))
