full <-
structure(c(50, 55, 60, 65, 70, 75, 80, 85, 90, 95, 100, 0.36244, 
4.39581, 0.48437, -0.64282, 5.7741, 0.05677, 7.75562, 11.34505, 
2.21535, -0.23216, 11.84172, -2.09339, -3.17061, -2.40628, -4.39387, 
-11.01628, -2.99081, -8.98052, -13.48257, -5.15274, -5.22067, 
-14.19109, 0, 0, 0, 0, 0, 0, 0, 0, 0, 0, 0, 0, 0, 0, 0, 0, 0, 
0, 0, 0, 0, 0, 0.73015, 0.68205, 0.76538, 0.70262, 0.7348, 0.72443, 
0.75141, 0.75459, 0.75667, 0.74654, 0.72418, 0.69833, 0.66538, 
0.7511, 0.68792, 0.716, 0.70114, 0.66082, 0.72766, 0.74167, 0.73203, 
0.70166, 0.03, 0.0269, 0.0269, 0.0278, 0.029, 0.0314, 0.0305, 
0.0313, 0.0332, 0.0372, 0.035, 81.8, 75.7, 92.7, 102, 102.4, 
109.8, 91.6, 99, 112.1, 139.4, 120.6, 893, 706, 1442, 125, 1996, 
551, 35, 471, 517, 726, 417, 108, 166, 14, 62, 2, 395, 344, 65, 
155, 21, 17, 100, 100, 100, 100, 100, 100, 100, 100, 100, 100, 
100, 2500, 2500, 2500, 2500, 2500, 2500, 2500, 2500, 2500, 2500, 
2500, 8404.849, 8484.411, 8627.203, 8591.038, 8510.133, 8739.38900000001, 
8591.344, 8795.947, 8926.351, 9048.63900000002, 8993.36900000001, 
1.82224, 4.2539, 0.71502, -1.05989, 4.77555, -0.57463, 7.13721, 
11.2389, 0.82311, -0.68098, 11.53791, -3.80722, -3.11579, -2.8998, 
-3.59141, -10.10718, -4.62979, -8.5372, -13.37942, -5.16907, 
-4.53482, -13.88914, 0, 0, 0, 0, 0, 0, 0, 0, 0, 0, 0, 0, 0, 0, 
0, 0, 0, 0, 0, 0, 0, 0, 0.71348, 0.68205, 0.76538, 0.69595, 0.72855, 
0.72443, 0.75141, 0.75459, 0.7519, 0.74199, 0.72418, 0.6703, 
0.66538, 0.75165, 0.6803, 0.716, 0.70151, 0.66637, 0.72766, 0.72167, 
0.72727, 0.70166, 0.0237, 0.0278, 0.0265, 0.0291, 0.0293, 0.0331, 
0.0305, 0.0318, 0.0341, 0.0386, 0.037, 74.4, 76.3, 89.3, 103.4, 
103.7, 114.3, 91.9, 99, 122.5, 140, 120.6, 2033, 2364, 670, 1618, 
770, 631, 2499, 2237, 824, 2219, 2425, 1, 1, 1, 1, 5, 2, 1, 1, 
4, 1, 1, 100, 100, 100, 100, 100, 100, 100, 100, 100, 100, 100, 
2500, 2500, 2500, 2500, 2500, 2500, 2500, 2500, 2500, 2500, 2500, 
8191.743, 8595.543, 8643.046, 8588.90300000001, 8639.65300000001, 
8677.99900000001, 8634.398, 8962.89299999998, 9134.18400000001, 
9006.85200000001, 9281.02799999999, 1, 1, 1, 1, 1, 1, 1, 1, 1, 
1, 1, 0.04545, 0.04545, 0.04545, 0.04545, 0.04545, 0.04545, 0.04545, 
0.04545, 0.04545, 0.04545, 0.04545, 0, 0, 0, 0, 0, 0, 0, 0, 0, 
0, 0, 0, 0, 0, 0, 0, 0, 0, 0, 0, 0, 0, 0.65288, 0.64167, 0.73626, 
0.65488, 0.7098, 0.68248, 0.69978, 0.72792, 0.73167, 0.72749, 
0.70166, 0.63773, 0.66795, 0.70659, 0.68214, 0.72772, 0.70776, 
0.69455, 0.72377, 0.73643, 0.72316, 0.69317, 0.024, 0.0253, 0.0284, 
0.0275, 0.0291, 0.0301, 0.032, 0.0332, 0.0356, 0.0336, 0.0384, 
79.4, 84.9, 90.8, 97.2, 103.5, 108.4, 114, 121.9, 126.5, 132.7, 
143, 1, 1, 1, 1, 1, 1, 1, 1, 1, 1, 1, 1, 1, 1, 1, 1, 1, 1, 1, 
1, 1, 1, 1, 1, 1, 1, 1, 1, 1, 1, 1, 1, 1, 1, 1, 1, 1, 1, 1, 1, 
1, 1, 1, 1, 3.29, 3.493, 3.441, 3.322, 3.349, 3.348, 3.511, 3.416, 
3.758, 3.398, 3.63), .Dim = c(11L, 40L), .Dimnames = list(NULL, 
    c("Sampling", "PSO.cost", "PSO.gamma", "PSO.data.balancing", 
    "PSO.feature.selection", "PSO.valid.acc", "PSO.test.acc", 
    "PSO.train.time", "PSO.n.support.vectors", "PSO.index", "PSO.n.solutions", 
    "PSO.generations", "PSO.n.evaluations", "PSO.cpu.time", "RS.cost", 
    "RS.gamma", "RS.data.balancing", "RS.feature.selection", 
    "RS.valid.acc", "RS.test.acc", "RS.train.time", "RS.n.support.vectors", 
    "RS.index", "RS.n.solutions", "RS.generations", "RS.n.evaluations", 
    "RS.cpu.time", "DF.cost", "DF.gamma", "DF.data.balancing", 
    "DF.feature.selection", "DF.valid.acc", "DF.test.acc", "DF.train.time", 
    "DF.n.support.vectors", "DF.index", "DF.n.solutions", "DF.generations", 
    "DF.n.evaluations", "DF.cpu.time")))
