full <-
structure(c(50, 55, 60, 65, 70, 75, 80, 85, 90, 95, 100, 12.03613, 
6.74642, 2.70091, -1.99265, 8.1261, 6.2834, 14.16291, -2, 0.94658, 
-1.72285, -1.66368, -0.52226, -9.64975, -6.97556, -4.36948, -13.74561, 
-9.28662, -13.70425, -3.72403, -6.11563, -2.43807, -2.60554, 
0, 0, 0, 0, 0, 0, 0, 0, 0, 0, 0, 0, 0, 0, 0, 0, 0, 0, 0, 0, 0, 
0, 0.64015, 0.6641, 0.64725, 0.68726, 0.69017, 0.70355, 0.73299, 
0.72658, 0.71286, 0.71797, 0.73842, 0.56212, 0.58526, 0.64066, 
0.66589, 0.69059, 0.68591, 0.66164, 0.71213, 0.70786, 0.67619, 
0.73406, 0.0267, 0.0318, 0.0268, 0.0276, 0.0295, 0.0302, 0.0351, 
0.034, 0.0466, 0.0464, 0.0455, 91.2, 79.8, 94.5, 115.8, 111.5, 
98, 89.4, 138.5, 131, 152.9, 160.5, 740, 46, 1492, 1124, 97, 
592, 117, 774, 706, 714, 1337, 173, 211, 1, 54, 139, 47, 142, 
75, 71, 104, 31, 100, 100, 100, 100, 100, 100, 100, 100, 100, 
100, 100, 2500, 2500, 2500, 2500, 2500, 2500, 2500, 2500, 2500, 
2500, 2500, 9176.762, 9602.759, 8104.224, 8390.99, 8524.06300000001, 
8615.69, 8855.39, 8613.481, 12422.591, 12856.099, 12284.015, 
-1.34901, 7.46606, 2.51536, -1.99156, 1.09452, 6.65933, 14.82553, 
-1.68976, 0.98243, -1.3977, -1.97431, -2.53704, -10.24883, -6.82121, 
-4.20328, -6.58944, -9.40586, -14.37595, -4.34725, -6.0558, -2.23362, 
-3.23682, 0, 0, 0, 0, 0, 0, 0, 0, 0, 0, 0, 0, 0, 0, 0, 0, 0, 
0, 0, 0, 0, 0, 0.63939, 0.6641, 0.64725, 0.68679, 0.69642, 0.70319, 
0.73299, 0.72102, 0.70786, 0.71342, 0.72933, 0.57652, 0.59359, 
0.64066, 0.67923, 0.69059, 0.69734, 0.65053, 0.70687, 0.70786, 
0.66667, 0.72933, 0.03, 0.0268, 0.0255, 0.0293, 0.0295, 0.0295, 
0.0352, 0.0348, 0.0401, 0.043, 0.0447, 89.4, 79.8, 94.6, 115.8, 
112, 96.6, 89.4, 137.8, 130.5, 153.1, 160.3, 2290, 64, 1380, 
1389, 1948, 200, 1021, 2198, 349, 1804, 600, 1, 12, 1, 1, 1, 
5, 2, 1, 1, 1, 4, 100, 100, 100, 100, 100, 100, 100, 100, 100, 
100, 100, 2500, 2500, 2500, 2500, 2500, 2500, 2500, 2500, 2500, 
2500, 2500, 12314.961, 8220.753, 8263.21, 8469.16100000001, 8655.337, 
8818.86, 8700.443, 8745.361, 12750.083, 12568.552, 12553.248, 
1, 1, 1, 1, 1, 1, 1, 1, 1, 1, 1, 0.04545, 0.04545, 0.04545, 0.04545, 
0.04545, 0.04545, 0.04545, 0.04545, 0.04545, 0.04545, 0.04545, 
0, 0, 0, 0, 0, 0, 0, 0, 0, 0, 0, 0, 0, 0, 0, 0, 0, 0, 0, 0, 0, 
0, 0.58561, 0.61731, 0.61044, 0.64625, 0.65809, 0.65613, 0.69933, 
0.69658, 0.69786, 0.67987, 0.70702, 0.56742, 0.63333, 0.6033, 
0.65875, 0.67142, 0.68595, 0.68357, 0.70187, 0.6881, 0.70823, 
0.71571, 0.0294, 0.0272, 0.0262, 0.0284, 0.029, 0.0301, 0.0304, 
0.0331, 0.042, 0.0414, 0.0444, 85, 93.2, 99, 104, 109.5, 112.6, 
117.5, 123.1, 130.1, 135.5, 143, 1, 1, 1, 1, 1, 1, 1, 1, 1, 1, 
1, 1, 1, 1, 1, 1, 1, 1, 1, 1, 1, 1, 1, 1, 1, 1, 1, 1, 1, 1, 1, 
1, 1, 1, 1, 1, 1, 1, 1, 1, 1, 1, 1, 1, 4.757, 3.508, 3.116, 3.31, 
3.289, 3.339, 3.226, 3.334, 5.131, 4.895, 5.011), .Dim = c(11L, 
40L), .Dimnames = list(NULL, c("Sampling", "PSO.cost", "PSO.gamma", 
"PSO.data.balancing", "PSO.feature.selection", "PSO.valid.acc", 
"PSO.test.acc", "PSO.train.time", "PSO.n.support.vectors", "PSO.index", 
"PSO.n.solutions", "PSO.generations", "PSO.n.evaluations", "PSO.cpu.time", 
"RS.cost", "RS.gamma", "RS.data.balancing", "RS.feature.selection", 
"RS.valid.acc", "RS.test.acc", "RS.train.time", "RS.n.support.vectors", 
"RS.index", "RS.n.solutions", "RS.generations", "RS.n.evaluations", 
"RS.cpu.time", "DF.cost", "DF.gamma", "DF.data.balancing", "DF.feature.selection", 
"DF.valid.acc", "DF.test.acc", "DF.train.time", "DF.n.support.vectors", 
"DF.index", "DF.n.solutions", "DF.generations", "DF.n.evaluations", 
"DF.cpu.time")))
