full <-
structure(c(50, 55, 60, 65, 70, 75, 80, 85, 90, 95, 100, 1.45958, 
6.11491, 8.96342, 3.27147, 4.72211, -0.07109, 5.27623, -1.02733, 
1.76915, 9.57019, 2.52748, -1.70442, -11.32331, -13.73166, -7.45272, 
-5.46568, -6.00475, -7.53396, -3.47424, -4.88234, -12.20553, 
-6.81139, 0, 0, 0, 0, 0, 0, 0, 0, 0, 0, 0, 0, 0, 0, 0, 0, 0, 
0, 0, 0, 0, 0, 0.77879, 0.72912, 0.74451, 0.7747, 0.73958, 0.74641, 
0.73333, 0.71842, 0.70221, 0.73788, 0.71904, 0.72576, 0.69771, 
0.73681, 0.71327, 0.70833, 0.71001, 0.7, 0.67518, 0.70744, 0.70476, 
0.67953, 0.0265, 0.0271, 0.0264, 0.0277, 0.0293, 0.0307, 0.0309, 
0.0341, 0.0341, 0.0338, 0.0379, 81, 80.8, 83.8, 85, 81.9, 116.3, 
97.4, 131.5, 117.4, 114.5, 134.5, 418, 1067, 1304, 28, 1875, 
1981, 1694, 2313, 24, 2257, 2091, 798, 18, 28, 115, 4, 19, 32, 
1, 64, 372, 2, 100, 100, 100, 100, 100, 100, 100, 100, 100, 100, 
100, 2500, 2500, 2500, 2500, 2500, 2500, 2500, 2500, 2500, 2500, 
2500, 8692.763, 8700.503, 8644.484, 8593.451, 8686.53199999999, 
8721.67, 8828.978, 8925.039, 8909.34199999998, 8905.894, 9073.641, 
1.61227, -0.10888, 2.80287, 5.2094, 4.79065, -0.43963, 10.60274, 
7.88559, 5.72308, 12.89826, 1.93661, -1.61193, -3.93752, -7.66438, 
-9.59453, -5.63372, -5.48636, -12.98398, -11.65525, -9.97097, 
-14.66532, -6.05394, 0, 0, 0, 0, 0, 0, 0, 0, 0, 0, 0, 0, 0, 0, 
0, 0, 0, 0, 0, 0, 0, 0, 0.77879, 0.72976, 0.73681, 0.7747, 0.73333, 
0.74085, 0.72222, 0.71787, 0.70194, 0.74221, 0.71904, 0.73485, 
0.70604, 0.73022, 0.71994, 0.70208, 0.71001, 0.7, 0.67602, 0.71721, 
0.70476, 0.68842, 0.0265, 0.0274, 0.0265, 0.0268, 0.0286, 0.0314, 
0.0304, 0.0315, 0.0332, 0.035, 0.0368, 82.1, 80.8, 84.6, 85.2, 
82, 116, 95.8, 111.5, 118.5, 109.6, 134.2, 440, 757, 961, 1400, 
293, 1161, 898, 427, 608, 2332, 2090, 2, 1, 3, 3, 6, 4, 7, 3, 
3, 1, 1, 100, 100, 100, 100, 100, 100, 100, 100, 100, 100, 100, 
2500, 2500, 2500, 2500, 2500, 2500, 2500, 2500, 2500, 2500, 2500, 
8703.918, 8689.437, 8630.583, 8693.801, 8695.164, 8758.344, 8989.73699999999, 
8970.95800000001, 8992.35399999999, 9143.38199999998, 9034.041, 
1, 1, 1, 1, 1, 1, 1, 1, 1, 1, 1, 0.04545, 0.04545, 0.04545, 0.04545, 
0.04545, 0.04545, 0.04545, 0.04545, 0.04545, 0.04545, 0.04545, 
0, 0, 0, 0, 0, 0, 0, 0, 0, 0, 0, 0, 0, 0, 0, 0, 0, 0, 0, 0, 0, 
0, 0.69167, 0.69707, 0.73681, 0.73417, 0.7075, 0.71695, 0.69444, 
0.69787, 0.67739, 0.72835, 0.69728, 0.73561, 0.69771, 0.71538, 
0.70655, 0.71417, 0.7038, 0.66667, 0.68599, 0.70771, 0.71385, 
0.67538, 0.026, 0.0253, 0.0253, 0.0272, 0.0297, 0.0301, 0.0319, 
0.0332, 0.0348, 0.0362, 0.0379, 70.4, 81.1, 87.3, 91, 98, 106.7, 
114.8, 123.2, 128.1, 131.7, 142.3, 1, 1, 1, 1, 1, 1, 1, 1, 1, 
1, 1, 1, 1, 1, 1, 1, 1, 1, 1, 1, 1, 1, 1, 1, 1, 1, 1, 1, 1, 1, 
1, 1, 1, 1, 1, 1, 1, 1, 1, 1, 1, 1, 1, 1, 3.509, 3.284, 3.2, 
3.403, 3.488, 3.51, 3.441, 3.519, 3.578, 3.75, 3.539), .Dim = c(11L, 
40L), .Dimnames = list(NULL, c("Sampling", "PSO.cost", "PSO.gamma", 
"PSO.data.balancing", "PSO.feature.selection", "PSO.valid.acc", 
"PSO.test.acc", "PSO.train.time", "PSO.n.support.vectors", "PSO.index", 
"PSO.n.solutions", "PSO.generations", "PSO.n.evaluations", "PSO.cpu.time", 
"RS.cost", "RS.gamma", "RS.data.balancing", "RS.feature.selection", 
"RS.valid.acc", "RS.test.acc", "RS.train.time", "RS.n.support.vectors", 
"RS.index", "RS.n.solutions", "RS.generations", "RS.n.evaluations", 
"RS.cpu.time", "DF.cost", "DF.gamma", "DF.data.balancing", "DF.feature.selection", 
"DF.valid.acc", "DF.test.acc", "DF.train.time", "DF.n.support.vectors", 
"DF.index", "DF.n.solutions", "DF.generations", "DF.n.evaluations", 
"DF.cpu.time")))
