full <-
structure(c(50, 55, 60, 65, 70, 75, 80, 85, 90, 95, 100, 6.60152, 
-0.05931, 1.26267, -0.66562, 6.22414, 14.99564, 10.27227, 9.50204, 
15, 8.0773, 5.76594, -0.97727, -1.27318, -1.73092, -4.99377, 
-13.18646, -11.62146, -13.42976, -9.14573, -11.54838, -15, -10.03734, 
0, 0, 0, 0, 0, 0, 0, 0, 0, 0, 0, 0, 0, 0, 0, 0, 0, 0, 0, 0, 0, 
0, 0.74621, 0.74762, 0.72775, 0.70048, 0.68375, 0.748, 0.7437, 
0.73386, 0.72796, 0.71407, 0.74083, 0.69242, 0.69057, 0.64515, 
0.66, 0.66458, 0.69387, 0.73724, 0.72281, 0.71746, 0.68593, 0.70545, 
0.0245, 0.0262, 0.0256, 0.0275, 0.0295, 0.0488, 0.0299, 0.0341, 
0.0564, 0.0358, 0.0353, 90.1, 95.7, 100.6, 101, 112.7, 81.5, 
95.8, 95.2, 100.6, 147.3, 132, 434, 685, 608, 567, 708, 884, 
981, 1628, 297, 318, 118, 363, 38, 478, 60, 36, 2, 10, 17, 163, 
44, 97, 100, 100, 100, 100, 100, 100, 100, 100, 100, 100, 100, 
2500, 2500, 2500, 2500, 2500, 2500, 2500, 2500, 2500, 2500, 2500, 
7604.498, 7501.881, 7322.762, 7328.128, 7418.29700000001, 7891.042, 
7738.02499999999, 7897.507, 8029.448, 7691.72399999999, 7802.77600000001, 
-1.262, 5.64535, 1.15231, 11.0401, 7.03317, 13.92745, 10.06837, 
9.22792, 11.39197, 2.41932, 8.96504, -2.1048, -12.20385, -1.7511, 
-1.73827, -13.99644, -11.12994, -13.46015, -9.00572, -13.87105, 
-9.31568, -13.2425, 0, 0, 0, 0, 0, 0, 0, 0, 0, 0, 0, 0, 0, 0, 
0, 0, 0, 0, 0, 0, 0, 0, 0.75379, 0.74515, 0.71346, 0.69905, 0.68375, 
0.73623, 0.74341, 0.72886, 0.72772, 0.71407, 0.74083, 0.65758, 
0.70348, 0.65284, 0.68476, 0.66458, 0.69975, 0.73724, 0.71781, 
0.73224, 0.68593, 0.70545, 0.0242, 0.0246, 0.0257, 0.0287, 0.0296, 
0.0411, 0.0302, 0.0323, 0.0312, 0.0362, 0.0357, 85.4, 86.7, 100.2, 
107.5, 112.6, 81.4, 96, 95.5, 106.1, 147.3, 131.7, 645, 346, 
2171, 98, 474, 31, 1357, 666, 8, 253, 1440, 1, 3, 1, 7, 2, 7, 
2, 2, 1, 4, 3, 100, 100, 100, 100, 100, 100, 100, 100, 100, 100, 
100, 2500, 2500, 2500, 2500, 2500, 2500, 2500, 2500, 2500, 2500, 
2500, 7523.005, 7409.785, 7344.126, 7394.21, 7511.126, 7617.908, 
7845.429, 7878.59000000001, 7750.208, 7842.49399999998, 8071.704, 
1, 1, 1, 1, 1, 1, 1, 1, 1, 1, 1, 0.04545, 0.04545, 0.04545, 0.04545, 
0.04545, 0.04545, 0.04545, 0.04545, 0.04545, 0.04545, 0.04545, 
0, 0, 0, 0, 0, 0, 0, 0, 0, 0, 0, 0, 0, 0, 0, 0, 0, 0, 0, 0, 0, 
0, 0.71061, 0.69002, 0.69139, 0.65952, 0.64458, 0.69984, 0.71557, 
0.69807, 0.70693, 0.69892, 0.71851, 0.66591, 0.69002, 0.66941, 
0.66667, 0.6575, 0.68766, 0.71557, 0.68807, 0.70267, 0.71775, 
0.71415, 0.0238, 0.0245, 0.0234, 0.0253, 0.0279, 0.0286, 0.0314, 
0.0308, 0.0327, 0.0344, 0.037, 75.7, 80.5, 89.7, 94.6, 99.7, 
106.4, 111.7, 118.2, 125.8, 133.1, 142.8, 1, 1, 1, 1, 1, 1, 1, 
1, 1, 1, 1, 1, 1, 1, 1, 1, 1, 1, 1, 1, 1, 1, 1, 1, 1, 1, 1, 1, 
1, 1, 1, 1, 1, 1, 1, 1, 1, 1, 1, 1, 1, 1, 1, 1, 2.957, 2.994, 
2.761, 2.872, 3.039, 2.957, 3.222, 2.968, 3.089, 3.077, 3.143
), .Dim = c(11L, 40L), .Dimnames = list(NULL, c("Sampling", "PSO.cost", 
"PSO.gamma", "PSO.data.balancing", "PSO.feature.selection", "PSO.valid.acc", 
"PSO.test.acc", "PSO.train.time", "PSO.n.support.vectors", "PSO.index", 
"PSO.n.solutions", "PSO.generations", "PSO.n.evaluations", "PSO.cpu.time", 
"RS.cost", "RS.gamma", "RS.data.balancing", "RS.feature.selection", 
"RS.valid.acc", "RS.test.acc", "RS.train.time", "RS.n.support.vectors", 
"RS.index", "RS.n.solutions", "RS.generations", "RS.n.evaluations", 
"RS.cpu.time", "DF.cost", "DF.gamma", "DF.data.balancing", "DF.feature.selection", 
"DF.valid.acc", "DF.test.acc", "DF.train.time", "DF.n.support.vectors", 
"DF.index", "DF.n.solutions", "DF.generations", "DF.n.evaluations", 
"DF.cpu.time")))
