full <-
structure(c(50, 55, 60, 65, 70, 75, 80, 85, 90, 95, 100, 15, 
1.29948, 0.56409, 2.72136, 1.56092, 2.6054, -1.44639, -0.14846, 
5.3904, 7.98037, -1.43705, -12.73284, -2.90457, -3.97556, -5.58897, 
-4.19288, -7.11486, -2.38032, -2.7554, -10.68116, -12.54605, 
-2.82636, 0, 0, 0, 0, 0, 0, 0, 0, 0, 0, 0, 0, 0, 0, 0, 0, 0, 
0, 0, 0, 0, 0, 0.73712, 0.74679, 0.73571, 0.71952, 0.74125, 0.74579, 
0.72776, 0.74465, 0.7131, 0.74156, 0.74684, 0.67576, 0.6891, 
0.69945, 0.69952, 0.69708, 0.70453, 0.68756, 0.70807, 0.69286, 
0.72316, 0.72431, 0.0292, 0.0241, 0.0257, 0.0252, 0.0272, 0.0282, 
0.0331, 0.0333, 0.0337, 0.0344, 0.0411, 53.5, 84.5, 86.6, 87, 
95.9, 104.1, 129.9, 125.7, 127.5, 128.9, 156.6, 1555, 1060, 426, 
637, 31, 129, 395, 1887, 151, 163, 581, 48, 98, 230, 98, 173, 
388, 168, 21, 74, 73, 126, 100, 100, 100, 100, 100, 100, 100, 
100, 100, 100, 100, 2500, 2500, 2500, 2500, 2500, 2500, 2500, 
2500, 2500, 2500, 2500, 8252.304, 7861.187, 8254.93, 8100.429, 
8091.648, 8418.53700000001, 8774.25, 9133.70000000001, 8535.07700000002, 
8422.476, 9942.86600000001, 14.51412, 1.39634, -0.10882, 2.57185, 
1.10665, 2.36529, -1.18644, -1.40539, 9.03621, 4.84093, -1.54504, 
-12.50826, -3.02783, -3.65256, -5.59685, -3.8567, -6.55221, -2.62579, 
-2.3571, -14.2851, -9.38137, -3.26821, 0, 0, 0, 0, 0, 0, 0, 0, 
0, 0, 0, 0, 0, 0, 0, 0, 0, 0, 0, 0, 0, 0, 0.73712, 0.73846, 0.73571, 
0.71286, 0.74125, 0.74579, 0.72221, 0.74439, 0.7131, 0.74156, 
0.74209, 0.66742, 0.69744, 0.70659, 0.70619, 0.70333, 0.71042, 
0.69374, 0.71278, 0.68786, 0.72316, 0.73735, 0.0294, 0.0251, 
0.0267, 0.0268, 0.0269, 0.0283, 0.0334, 0.0336, 0.0332, 0.0335, 
0.0395, 52.6, 84, 89.1, 87.9, 97.8, 102.3, 126.8, 137.5, 127.1, 
128.8, 156, 1677, 1637, 148, 1090, 449, 40, 227, 1939, 742, 225, 
866, 1, 1, 1, 1, 1, 4, 3, 1, 2, 6, 2, 100, 100, 100, 100, 100, 
100, 100, 100, 100, 100, 100, 2500, 2500, 2500, 2500, 2500, 2500, 
2500, 2500, 2500, 2500, 2500, 8013.385, 8306.285, 8187.816, 8130.04599999999, 
8169.73199999999, 8478.666, 8738.008, 9104.46200000001, 8547.86499999999, 
9297.201, 9892.484, 1, 1, 1, 1, 1, 1, 1, 1, 1, 1, 1, 0.04545, 
0.04545, 0.04545, 0.04545, 0.04545, 0.04545, 0.04545, 0.04545, 
0.04545, 0.04545, 0.04545, 0, 0, 0, 0, 0, 0, 0, 0, 0, 0, 0, 0, 
0, 0, 0, 0, 0, 0, 0, 0, 0, 0, 0.71212, 0.70385, 0.72088, 0.66429, 
0.73458, 0.72222, 0.69991, 0.70807, 0.69833, 0.72251, 0.71601, 
0.68561, 0.69679, 0.70659, 0.67238, 0.70375, 0.72255, 0.67642, 
0.70781, 0.6881, 0.7368, 0.71621, 0.023, 0.026, 0.0263, 0.0266, 
0.0281, 0.0297, 0.0309, 0.0321, 0.0331, 0.0374, 0.0406, 76.5, 
84, 88.1, 97.7, 102, 109.7, 115.3, 119.8, 128.1, 135.1, 143.2, 
1, 1, 1, 1, 1, 1, 1, 1, 1, 1, 1, 1, 1, 1, 1, 1, 1, 1, 1, 1, 1, 
1, 1, 1, 1, 1, 1, 1, 1, 1, 1, 1, 1, 1, 1, 1, 1, 1, 1, 1, 1, 1, 
1, 1, 3.122, 3.78, 3.486, 3.27, 3.381, 3.419, 3.584, 3.455, 3.315, 
4.198, 3.438), .Dim = c(11L, 40L), .Dimnames = list(NULL, c("Sampling", 
"PSO.cost", "PSO.gamma", "PSO.data.balancing", "PSO.feature.selection", 
"PSO.valid.acc", "PSO.test.acc", "PSO.train.time", "PSO.n.support.vectors", 
"PSO.index", "PSO.n.solutions", "PSO.generations", "PSO.n.evaluations", 
"PSO.cpu.time", "RS.cost", "RS.gamma", "RS.data.balancing", "RS.feature.selection", 
"RS.valid.acc", "RS.test.acc", "RS.train.time", "RS.n.support.vectors", 
"RS.index", "RS.n.solutions", "RS.generations", "RS.n.evaluations", 
"RS.cpu.time", "DF.cost", "DF.gamma", "DF.data.balancing", "DF.feature.selection", 
"DF.valid.acc", "DF.test.acc", "DF.train.time", "DF.n.support.vectors", 
"DF.index", "DF.n.solutions", "DF.generations", "DF.n.evaluations", 
"DF.cpu.time")))
