full <-
structure(c(50, 55, 60, 65, 70, 75, 80, 85, 90, 95, 100, -0.95149, 
0.19645, 4.55553, -1.34267, 11.13816, 2.27496, 11.16987, 12.56402, 
8.7391, 11.14444, 0.38333, -8.63832, 1.483, -5.06167, 3, -7.18077, 
-0.97139, -5.76265, -8.92287, -5.78696, -5.77038, -1.58677, 0, 
0, 0, 0, 0, 0, 0, 0, 0, 0, 0, 0, 0, 0, 0, 0, 0, 0, 0, 0, 0, 0, 
0.71453, 0.7477, 0.72495, 0.74083, 0.73798, 0.75064, 0.75465, 
0.75614, 0.75308, 0.76039, 0.75426, 0.71453, 0.73069, 0.7188, 
0.73503, 0.73257, 0.72564, 0.73355, 0.74947, 0.74887, 0.74463, 
0.74119, 0.0172, 0.0228, 0.0314, 0.0304, 0.2817, 0.0361, 0.2134, 
0.1433, 0.1087, 0.2472, 0.0458, 129.7, 175.9, 153.1, 239.4, 171.5, 
192.7, 181.7, 187.6, 204.5, 216.5, 252.1, 2, 723, 757, 364, 1280, 
1679, 284, 140, 64, 282, 2144, 1992, 69, 54, 527, 37, 60, 115, 
25, 372, 166, 5, 100, 100, 100, 100, 100, 100, 100, 100, 100, 
100, 100, 2500, 2500, 2500, 2500, 2500, 2500, 2500, 2500, 2500, 
2500, 2500, 6169.436, 11459.185, 6798.524, 6556.327, 12489.051, 
6775.33100000001, 17696.697, 11727.013, 15635.158, 16628.492, 
25923.091, -1.35798, 0.34517, -1.48166, -1.40134, -1.15471, 2.18601, 
11.01369, 2.11417, 12.58358, 13.40585, 1.77108, 2.61305, 0.96485, 
2.65418, 2.80186, 2.89164, -1.09941, -5.71903, 0.27556, -7.17972, 
-6.50491, -0.15869, 0, 0, 0, 0, 0, 0, 0, 0, 0, 0, 0, 0, 0, 0, 
0, 0, 0, 0, 0, 0, 0, 0, 0.71467, 0.75138, 0.72515, 0.74083, 0.74331, 
0.7482, 0.75465, 0.76048, 0.75308, 0.75843, 0.75052, 0.70712, 
0.71023, 0.72515, 0.73225, 0.73791, 0.72314, 0.73355, 0.73638, 
0.74887, 0.74463, 0.74693, 0.0214, 0.0206, 0.0259, 0.0316, 0.0365, 
0.0326, 0.1997, 0.0436, 0.3541, 0.7796, 0.05, 185, 168.3, 218.6, 
234.6, 254.3, 192.2, 181.6, 215.9, 202.3, 216.4, 253.7, 2126, 
1934, 941, 759, 367, 742, 2062, 97, 52, 191, 1452, 1, 1, 6, 3, 
1, 1, 1, 1, 15, 4, 1, 100, 100, 100, 100, 100, 100, 100, 100, 
100, 100, 100, 2500, 2500, 2500, 2500, 2500, 2500, 2500, 2500, 
2500, 2500, 2500, 7335.751, 8028.946, 8823.42, 9911.396, 10692.344, 
10304.437, 11303.957, 11401.473, 12421.197, 13116.385, 13451.384, 
1, 1, 1, 1, 1, 1, 1, 1, 1, 1, 1, 0.25, 0.25, 0.25, 0.25, 0.25, 
0.25, 0.25, 0.25, 0.25, 0.25, 0.25, 0, 0, 0, 0, 0, 0, 0, 0, 0, 
0, 0, 0, 0, 0, 0, 0, 0, 0, 0, 0, 0, 0, 0.68832, 0.71011, 0.71255, 
0.73495, 0.72205, 0.71814, 0.73826, 0.7386, 0.74275, 0.73871, 
0.7261, 0.69972, 0.71, 0.71567, 0.73217, 0.72724, 0.72064, 0.72896, 
0.7385, 0.7427, 0.73471, 0.74113, 0.0175, 0.0201, 0.0241, 0.0256, 
0.0283, 0.0293, 0.0328, 0.0342, 0.0383, 0.041, 0.0466, 133.5, 
148.7, 161, 166.8, 181.9, 188.9, 194.2, 202.7, 217.7, 232.3, 
250, 1, 1, 1, 1, 1, 1, 1, 1, 1, 1, 1, 1, 1, 1, 1, 1, 1, 1, 1, 
1, 1, 1, 1, 1, 1, 1, 1, 1, 1, 1, 1, 1, 1, 1, 1, 1, 1, 1, 1, 1, 
1, 1, 1, 1, 2.339, 2.386, 2.571, 2.603, 2.498, 2.503, 2.788, 
2.491, 2.524, 2.616, 2.772), .Dim = c(11L, 40L), .Dimnames = list(
    NULL, c("Sampling", "PSO.cost", "PSO.gamma", "PSO.data.balancing", 
    "PSO.feature.selection", "PSO.valid.acc", "PSO.test.acc", 
    "PSO.train.time", "PSO.n.support.vectors", "PSO.index", "PSO.n.solutions", 
    "PSO.generations", "PSO.n.evaluations", "PSO.cpu.time", "RS.cost", 
    "RS.gamma", "RS.data.balancing", "RS.feature.selection", 
    "RS.valid.acc", "RS.test.acc", "RS.train.time", "RS.n.support.vectors", 
    "RS.index", "RS.n.solutions", "RS.generations", "RS.n.evaluations", 
    "RS.cpu.time", "DF.cost", "DF.gamma", "DF.data.balancing", 
    "DF.feature.selection", "DF.valid.acc", "DF.test.acc", "DF.train.time", 
    "DF.n.support.vectors", "DF.index", "DF.n.solutions", "DF.generations", 
    "DF.n.evaluations", "DF.cpu.time")))
