full <-
structure(c(50, 55, 60, 65, 70, 75, 80, 85, 90, 95, 100, 7.86493, 
12.74833, 7.72605, 12.02085, 11.53285, 8.53152, 10.74632, 4.18922, 
1.5073, 1.91735, 2.99015, -6.77281, -5.79587, -3.42571, -4.18438, 
-6.61055, -5.50601, -3.89873, -2.18524, -0.81129, -0.79883, -2.28038, 
0, 0, 0, 0, 0, 0, 0, 0, 0, 0, 0, 0, 0, 0, 0, 0, 0, 0, 0, 0, 0, 
0, 0.75221, 0.75391, 0.76606, 0.77235, 0.7701, 0.77093, 0.76856, 
0.76222, 0.77594, 0.76827, 0.7653, 0.74095, 0.75069, 0.75033, 
0.76924, 0.75673, 0.75074, 0.75233, 0.75343, 0.76569, 0.76435, 
0.75217, 0.0228, 0.3935, 0.0736, 0.5272, 0.107, 0.0502, 0.2481, 
0.0426, 0.0411, 0.0453, 0.0493, 119.3, 126.9, 145.1, 149.5, 160.4, 
170.9, 183.1, 200.2, 222.2, 233.8, 241.4, 49, 300, 218, 2228, 
1166, 318, 689, 208, 360, 1575, 1394, 179, 142, 145, 1, 6, 86, 
97, 180, 654, 63, 18, 100, 100, 100, 100, 100, 100, 100, 100, 
100, 100, 100, 2500, 2500, 2500, 2500, 2500, 2500, 2500, 2500, 
2500, 2500, 2500, 7483.232, 13454.961, 15271.164, 12372.527, 
12252.587, 11389.274, 12461.369, 15848.303, 7645.81099999999, 
7684.34099999999, 9262.87599999999, 5.09527, 9.51435, 11.67332, 
10.0088, 7.13558, 8.89231, 10.70656, 4.46198, 1.28679, 1.58701, 
8.97921, -5.29131, -4.81936, -4.68195, -3.99313, -4.84845, -5.67743, 
-3.89591, -2.2578, -0.98862, -0.68331, -4.6471, 0, 0, 0, 0, 0, 
0, 0, 0, 0, 0, 0, 0, 0, 0, 0, 0, 0, 0, 0, 0, 0, 0, 0.75221, 0.75391, 
0.76606, 0.77227, 0.7701, 0.77093, 0.76856, 0.76222, 0.77385, 
0.76435, 0.75985, 0.7411, 0.74379, 0.7472, 0.76067, 0.75944, 
0.75074, 0.75005, 0.75343, 0.76365, 0.76827, 0.73529, 0.0195, 
0.0916, 0.511, 0.1646, 0.0403, 0.0564, 0.2436, 0.0423, 0.0405, 
0.0453, 0.1256, 120.4, 128.9, 142.9, 148.3, 162.6, 171.1, 183.1, 
198.5, 222, 235.8, 233.7, 604, 201, 86, 283, 82, 2177, 216, 120, 
40, 1683, 1328, 7, 12, 10, 3, 2, 1, 2, 2, 4, 1, 1, 100, 100, 
100, 100, 100, 100, 100, 100, 100, 100, 100, 2500, 2500, 2500, 
2500, 2500, 2500, 2500, 2500, 2500, 2500, 2500, 8102.731, 8854.92, 
9553.716, 9484.14, 10467.587, 10099.034, 10465.035, 10822.547, 
11620.481, 12923.729, 13795.18, 1, 1, 1, 1, 1, 1, 1, 1, 1, 1, 
1, 0.25, 0.25, 0.25, 0.25, 0.25, 0.25, 0.25, 0.25, 0.25, 0.25, 
0.25, 0, 0, 0, 0, 0, 0, 0, 0, 0, 0, 0, 0, 0, 0, 0, 0, 0, 0, 0, 
0, 0, 0, 0.73326, 0.75057, 0.73783, 0.75496, 0.75673, 0.76074, 
0.74762, 0.73821, 0.74902, 0.73286, 0.72593, 0.73711, 0.75414, 
0.75659, 0.75504, 0.7568, 0.74568, 0.75011, 0.72942, 0.75323, 
0.73486, 0.74284, 0.0186, 0.0211, 0.0229, 0.0248, 0.0277, 0.0303, 
0.0324, 0.0353, 0.0384, 0.0426, 0.0452, 132.9, 140.5, 154.5, 
165, 176.1, 188.9, 200.8, 212.4, 220.3, 234.9, 249.3, 1, 1, 1, 
1, 1, 1, 1, 1, 1, 1, 1, 1, 1, 1, 1, 1, 1, 1, 1, 1, 1, 1, 1, 1, 
1, 1, 1, 1, 1, 1, 1, 1, 1, 1, 1, 1, 1, 1, 1, 1, 1, 1, 1, 1, 2.546, 
2.577, 2.606, 2.606, 2.775, 2.8, 2.759, 2.792, 2.798, 2.907, 
2.866), .Dim = c(11L, 40L), .Dimnames = list(NULL, c("Sampling", 
"PSO.cost", "PSO.gamma", "PSO.data.balancing", "PSO.feature.selection", 
"PSO.valid.acc", "PSO.test.acc", "PSO.train.time", "PSO.n.support.vectors", 
"PSO.index", "PSO.n.solutions", "PSO.generations", "PSO.n.evaluations", 
"PSO.cpu.time", "RS.cost", "RS.gamma", "RS.data.balancing", "RS.feature.selection", 
"RS.valid.acc", "RS.test.acc", "RS.train.time", "RS.n.support.vectors", 
"RS.index", "RS.n.solutions", "RS.generations", "RS.n.evaluations", 
"RS.cpu.time", "DF.cost", "DF.gamma", "DF.data.balancing", "DF.feature.selection", 
"DF.valid.acc", "DF.test.acc", "DF.train.time", "DF.n.support.vectors", 
"DF.index", "DF.n.solutions", "DF.generations", "DF.n.evaluations", 
"DF.cpu.time")))
