full <-
structure(c(50, 55, 60, 65, 70, 75, 80, 85, 90, 95, 100, 8.65633, 
12.51092, 10.56558, 8.49451, 6.77039, 1.06881, 12.51063, 0.42017, 
10.26057, 2.7422, 2.27332, -12.67553, -5.2831, -2.45941, -4.40551, 
-5.19368, 0.5549, -4.84016, -0.58745, -5.51425, -1.4819, -1.75434, 
0, 0, 0, 0, 0, 0, 0, 0, 0, 0, 0, 0, 0, 0, 0, 0, 0, 0, 0, 0, 0, 
0, 0.73305, 0.7577, 0.75625, 0.76672, 0.76202, 0.77305, 0.73605, 
0.76295, 0.74481, 0.7682, 0.75992, 0.73305, 0.74391, 0.73125, 
0.76101, 0.7542, 0.75567, 0.72204, 0.75638, 0.74069, 0.74467, 
0.74294, 0.0248, 0.176, 0.1372, 0.0401, 0.0314, 0.0331, 0.422, 
0.0392, 0.1556, 0.0499, 0.0478, 134, 128.5, 136.1, 149, 165.6, 
203.7, 189.4, 221.2, 210.3, 233.1, 245.8, 8, 606, 592, 1199, 
1739, 389, 1342, 312, 409, 2188, 592, 2120, 59, 125, 58, 18, 
403, 3, 127, 86, 4, 89, 100, 100, 100, 100, 100, 100, 100, 100, 
100, 100, 100, 2500, 2500, 2500, 2500, 2500, 2500, 2500, 2500, 
2500, 2500, 2500, 6450.091, 11134.748, 12078.146, 9521.869, 10348.424, 
7373.54300000001, 15346.162, 16579.997, 16899.276, 10463.06, 
7903.92000000001, -1.00074, 11.73612, 0.84216, 9.77605, -0.68739, 
0.42437, 0.54284, 0.66557, 2.07735, 2.49757, 1.14984, 1.05618, 
-3.18056, -0.33293, -4.9883, 0.88656, 0.5703, -0.9522, -0.6546, 
-1.65543, -1.51785, -1.28995, 0, 0, 0, 0, 0, 0, 0, 0, 0, 0, 0, 
0, 0, 0, 0, 0, 0, 0, 0, 0, 0, 0, 0.73689, 0.75483, 0.75625, 0.76387, 
0.76494, 0.77043, 0.73843, 0.76295, 0.74677, 0.76427, 0.75804, 
0.72179, 0.73069, 0.75, 0.76387, 0.7569, 0.74811, 0.73594, 0.7586, 
0.73648, 0.75251, 0.74476, 0.0213, 0.1781, 0.0228, 0.0501, 0.0314, 
0.033, 0.0351, 0.0368, 0.0417, 0.0436, 0.0468, 156.2, 126.2, 
159.4, 149.2, 206.9, 207.1, 208.5, 219.9, 219.9, 233.1, 250.8, 
1370, 692, 1282, 759, 1590, 2004, 134, 1584, 754, 2486, 1279, 
1, 3, 1, 5, 1, 1, 1, 1, 1, 1, 2, 100, 100, 100, 100, 100, 100, 
100, 100, 100, 100, 100, 2500, 2500, 2500, 2500, 2500, 2500, 
2500, 2500, 2500, 2500, 2500, 7625.566, 8024.935, 8123.16, 8921.136, 
9150.683, 9551.30500000001, 10672.988, 10883.222, 11906.927, 
13247.183, 14063.894, 1, 1, 1, 1, 1, 1, 1, 1, 1, 1, 1, 0.25, 
0.25, 0.25, 0.25, 0.25, 0.25, 0.25, 0.25, 0.25, 0.25, 0.25, 0, 
0, 0, 0, 0, 0, 0, 0, 0, 0, 0, 0, 0, 0, 0, 0, 0, 0, 0, 0, 0, 0, 
0.71809, 0.73391, 0.7125, 0.72067, 0.74602, 0.73817, 0.7057, 
0.72976, 0.72819, 0.73278, 0.73742, 0.72165, 0.72011, 0.70938, 
0.73496, 0.73023, 0.73067, 0.71262, 0.72986, 0.72406, 0.73278, 
0.73354, 0.0172, 0.0207, 0.0227, 0.0247, 0.0276, 0.0296, 0.0327, 
0.0372, 0.0385, 0.0423, 0.0503, 127.7, 142.3, 155.3, 165, 177.5, 
186.3, 203.5, 212.1, 223.3, 237.5, 249, 1, 1, 1, 1, 1, 1, 1, 
1, 1, 1, 1, 1, 1, 1, 1, 1, 1, 1, 1, 1, 1, 1, 1, 1, 1, 1, 1, 1, 
1, 1, 1, 1, 1, 1, 1, 1, 1, 1, 1, 1, 1, 1, 1, 1, 2.474, 2.616, 
2.631, 2.826, 2.766, 2.771, 2.687, 2.787, 2.718, 2.795, 3.191
), .Dim = c(11L, 40L), .Dimnames = list(NULL, c("Sampling", "PSO.cost", 
"PSO.gamma", "PSO.data.balancing", "PSO.feature.selection", "PSO.valid.acc", 
"PSO.test.acc", "PSO.train.time", "PSO.n.support.vectors", "PSO.index", 
"PSO.n.solutions", "PSO.generations", "PSO.n.evaluations", "PSO.cpu.time", 
"RS.cost", "RS.gamma", "RS.data.balancing", "RS.feature.selection", 
"RS.valid.acc", "RS.test.acc", "RS.train.time", "RS.n.support.vectors", 
"RS.index", "RS.n.solutions", "RS.generations", "RS.n.evaluations", 
"RS.cpu.time", "DF.cost", "DF.gamma", "DF.data.balancing", "DF.feature.selection", 
"DF.valid.acc", "DF.test.acc", "DF.train.time", "DF.n.support.vectors", 
"DF.index", "DF.n.solutions", "DF.generations", "DF.n.evaluations", 
"DF.cpu.time")))
