full <-
structure(c(50, 55, 60, 65, 70, 75, 80, 85, 90, 95, 100, 9.41978, 
15, 14.57985, 4.85435, 10.51172, 15, 0.88586, 15, 14.94564, 11.99283, 
3.34714, -5.64873, -6.33169, -5.21752, -2.1817, -7.13266, -6.16381, 
-0.62316, -5.83332, -6.53215, -8.53167, -0.84001, 0, 0, 0, 0, 
0, 0, 0, 0, 0, 0, 0, 0, 0, 0, 0, 0, 0, 0, 0, 0, 0, 0, 0.7743, 
0.75805, 0.75884, 0.76138, 0.74872, 0.77309, 0.77504, 0.77126, 
0.76144, 0.74471, 0.7543, 0.72913, 0.73402, 0.72473, 0.73254, 
0.74075, 0.74827, 0.76336, 0.747, 0.74685, 0.73878, 0.73913, 
0.0337, 0.4316, 0.6684, 0.0269, 0.0538, 1.2978, 0.0345, 1.6944, 
1.4576, 0.1136, 0.0561, 117.3, 128.8, 137.2, 152.1, 159.3, 171.5, 
201.4, 192, 206.4, 222.1, 244.1, 1539, 155, 741, 1526, 451, 2050, 
384, 1030, 2102, 243, 1777, 15, 83, 107, 58, 311, 3, 466, 48, 
1, 384, 23, 100, 100, 100, 100, 100, 100, 100, 100, 100, 100, 
100, 2500, 2500, 2500, 2500, 2500, 2500, 2500, 2500, 2500, 2500, 
2500, 7092.066, 13213.954, 19931.738, 7065.502, 7667.05500000001, 
16745.586, 6536.247, 33648.947, 33976.19, 10762.963, 7700.44199999998, 
8.31901, 13.88221, 4.93731, -0.23922, -0.18934, 0.4736, 1.82867, 
13.87894, 11.7738, 1.88879, 1.89247, -5.19304, -5.9221, -2.15595, 
1.30099, -0.57417, 1.00217, -0.93462, -5.594, -5.57698, -1.28301, 
-0.39684, 0, 0, 0, 0, 0, 0, 0, 0, 0, 0, 0, 0, 0, 0, 0, 0, 0, 
0, 0, 0, 0, 0, 0.76688, 0.7546, 0.75601, 0.76962, 0.74893, 0.76827, 
0.77277, 0.76691, 0.75727, 0.75047, 0.75056, 0.7327, 0.73747, 
0.72805, 0.73826, 0.74367, 0.75345, 0.76109, 0.74478, 0.74477, 
0.75243, 0.74291, 0.0266, 0.2569, 0.0266, 0.0264, 0.0276, 0.0341, 
0.0332, 1.021, 0.3135, 0.0476, 0.0529, 118.4, 129.2, 144, 195.9, 
180.5, 214.4, 194.6, 192.6, 207.1, 235.6, 250.8, 194, 447, 1315, 
1740, 821, 1779, 721, 2041, 1638, 440, 517, 1, 3, 1, 1, 1, 1, 
2, 1, 2, 2, 5, 100, 100, 100, 100, 100, 100, 100, 100, 100, 100, 
100, 2500, 2500, 2500, 2500, 2500, 2500, 2500, 2500, 2500, 2500, 
2500, 7340.345, 7695.654, 8160.361, 7992.64200000001, 9016.364, 
9881.031, 10705.17, 11520.444, 11553.182, 12407.762, 13710.169, 
1, 1, 1, 1, 1, 1, 1, 1, 1, 1, 1, 0.25, 0.25, 0.25, 0.25, 0.25, 
0.25, 0.25, 0.25, 0.25, 0.25, 0.25, 0, 0, 0, 0, 0, 0, 0, 0, 0, 
0, 0, 0, 0, 0, 0, 0, 0, 0, 0, 0, 0, 0, 0.72157, 0.73379, 0.72172, 
0.72944, 0.74339, 0.7357, 0.73793, 0.73831, 0.7324, 0.73086, 
0.73365, 0.72542, 0.73034, 0.71869, 0.72356, 0.73265, 0.74564, 
0.73566, 0.72952, 0.73236, 0.7269, 0.72802, 0.018, 0.0207, 0.0224, 
0.0233, 0.0275, 0.0302, 0.0329, 0.0345, 0.0412, 0.0451, 0.0497, 
126.2, 142, 151.2, 159.7, 171.5, 185.3, 196.1, 208.7, 221.2, 
237.6, 251, 1, 1, 1, 1, 1, 1, 1, 1, 1, 1, 1, 1, 1, 1, 1, 1, 1, 
1, 1, 1, 1, 1, 1, 1, 1, 1, 1, 1, 1, 1, 1, 1, 1, 1, 1, 1, 1, 1, 
1, 1, 1, 1, 1, 1, 2.574, 2.58, 2.656, 2.424, 2.663, 2.699, 2.607, 
2.628, 2.808, 2.872, 2.891), .Dim = c(11L, 40L), .Dimnames = list(
    NULL, c("Sampling", "PSO.cost", "PSO.gamma", "PSO.data.balancing", 
    "PSO.feature.selection", "PSO.valid.acc", "PSO.test.acc", 
    "PSO.train.time", "PSO.n.support.vectors", "PSO.index", "PSO.n.solutions", 
    "PSO.generations", "PSO.n.evaluations", "PSO.cpu.time", "RS.cost", 
    "RS.gamma", "RS.data.balancing", "RS.feature.selection", 
    "RS.valid.acc", "RS.test.acc", "RS.train.time", "RS.n.support.vectors", 
    "RS.index", "RS.n.solutions", "RS.generations", "RS.n.evaluations", 
    "RS.cpu.time", "DF.cost", "DF.gamma", "DF.data.balancing", 
    "DF.feature.selection", "DF.valid.acc", "DF.test.acc", "DF.train.time", 
    "DF.n.support.vectors", "DF.index", "DF.n.solutions", "DF.generations", 
    "DF.n.evaluations", "DF.cpu.time")))
