full <-
structure(c(50, 55, 60, 65, 70, 75, 80, 85, 90, 95, 100, 0.56544, 
1.68712, 3.17017, 2.38122, 4.28973, 0.65314, 2.7283, 0.96745, 
1.5761, 0.54296, 1.79714, -1.01197, -0.61583, -1.45614, -1.99211, 
-3.01839, -1.04907, -1.12515, -0.58387, -0.19994, -0.74211, -1.09249, 
0, 0, 0, 0, 0, 0, 0, 0, 0, 0, 0, 0, 0, 0, 0, 0, 0, 0, 0, 0, 0, 
0, 0.78884, 0.77506, 0.75981, 0.78677, 0.77276, 0.77055, 0.75933, 
0.76531, 0.77192, 0.77019, 0.75985, 0.76248, 0.7646, 0.74095, 
0.75769, 0.75121, 0.76042, 0.74997, 0.76309, 0.76979, 0.75835, 
0.74661, 0.0172, 0.0201, 0.0227, 0.0258, 0.0313, 0.0299, 0.0361, 
0.0399, 0.0442, 0.0443, 0.0477, 131.8, 141.5, 150.1, 160.4, 172.4, 
191.9, 194.7, 218, 228.7, 242, 246.7, 459, 227, 297, 951, 291, 
944, 380, 573, 475, 905, 627, 317, 480, 115, 195, 180, 27, 90, 
418, 207, 72, 127, 100, 100, 100, 100, 100, 100, 100, 100, 100, 
100, 100, 2500, 2500, 2500, 2500, 2500, 2500, 2500, 2500, 2500, 
2500, 2500, 6417.577, 6584.291, 6334.76, 7567.585, 7758.156, 
7409.906, 9678.43400000001, 7807.09, 7737.11800000002, 9897.74599999998, 
9321.99600000001, 1.58036, 1.90757, 1.70263, 1.52986, 4.34165, 
0.84141, 2.01662, 1.11976, 1.3313, 1.6619, 1.41548, -1.34374, 
-1.00981, -1.34825, -1.82885, -3.08901, -1.17865, -0.98578, -0.62374, 
-0.00391, -1.02684, -0.99334, 0, 0, 0, 0, 0, 0, 0, 0, 0, 0, 0, 
0, 0, 0, 0, 0, 0, 0, 0, 0, 0, 0, 0.78884, 0.77172, 0.76274, 0.78383, 
0.77276, 0.76805, 0.75933, 0.76309, 0.76775, 0.76431, 0.758, 
0.7659, 0.76115, 0.75678, 0.76651, 0.75121, 0.76048, 0.75705, 
0.76087, 0.76767, 0.76431, 0.75035, 0.0187, 0.0213, 0.023, 0.0235, 
0.0311, 0.0303, 0.0364, 0.037, 0.0437, 0.0436, 0.0509, 125.9, 
137.5, 154.7, 163, 172, 189.9, 198.6, 217.6, 229.3, 238, 249.5, 
492, 17, 352, 880, 90, 1966, 2288, 814, 2315, 2302, 123, 2, 4, 
1, 1, 2, 1, 1, 3, 1, 1, 1, 100, 100, 100, 100, 100, 100, 100, 
100, 100, 100, 100, 2500, 2500, 2500, 2500, 2500, 2500, 2500, 
2500, 2500, 2500, 2500, 7374.216, 7609.423, 8123.486, 8116.048, 
8955.281, 9863.463, 10022.136, 11465.268, 12060.903, 12474.637, 
13668.471, 1, 1, 1, 1, 1, 1, 1, 1, 1, 1, 1, 0.25, 0.25, 0.25, 
0.25, 0.25, 0.25, 0.25, 0.25, 0.25, 0.25, 0.25, 0, 0, 0, 0, 0, 
0, 0, 0, 0, 0, 0, 0, 0, 0, 0, 0, 0, 0, 0, 0, 0, 0, 0.7555, 0.76138, 
0.73803, 0.73492, 0.72987, 0.74323, 0.73358, 0.73831, 0.73663, 
0.73286, 0.74479, 0.75508, 0.76126, 0.72211, 0.735, 0.74061, 
0.72572, 0.73375, 0.7429, 0.74488, 0.73074, 0.73728, 0.0191, 
0.0194, 0.0217, 0.0238, 0.0281, 0.0288, 0.0317, 0.0377, 0.0408, 
0.0415, 0.048, 132.3, 146.3, 162.2, 169.1, 183.2, 191.6, 204.1, 
215.4, 225.8, 238.7, 249.1, 1, 1, 1, 1, 1, 1, 1, 1, 1, 1, 1, 
1, 1, 1, 1, 1, 1, 1, 1, 1, 1, 1, 1, 1, 1, 1, 1, 1, 1, 1, 1, 1, 
1, 1, 1, 1, 1, 1, 1, 1, 1, 1, 1, 1, 2.584, 2.477, 2.661, 2.455, 
2.718, 2.538, 2.597, 2.841, 2.897, 2.693, 2.962), .Dim = c(11L, 
40L), .Dimnames = list(NULL, c("Sampling", "PSO.cost", "PSO.gamma", 
"PSO.data.balancing", "PSO.feature.selection", "PSO.valid.acc", 
"PSO.test.acc", "PSO.train.time", "PSO.n.support.vectors", "PSO.index", 
"PSO.n.solutions", "PSO.generations", "PSO.n.evaluations", "PSO.cpu.time", 
"RS.cost", "RS.gamma", "RS.data.balancing", "RS.feature.selection", 
"RS.valid.acc", "RS.test.acc", "RS.train.time", "RS.n.support.vectors", 
"RS.index", "RS.n.solutions", "RS.generations", "RS.n.evaluations", 
"RS.cpu.time", "DF.cost", "DF.gamma", "DF.data.balancing", "DF.feature.selection", 
"DF.valid.acc", "DF.test.acc", "DF.train.time", "DF.n.support.vectors", 
"DF.index", "DF.n.solutions", "DF.generations", "DF.n.evaluations", 
"DF.cpu.time")))
