full <-
structure(c(50, 55, 60, 65, 70, 75, 80, 85, 90, 95, 100, 1.73056, 
4.45404, 2.43934, 14.89112, 4.11567, 15, 7.84775, 14.08288, 1.81129, 
3.09982, 15, -3.03163, -3.7751, -1.83934, -6.12194, -1.62193, 
-5.8731, -2.27439, -5.82212, -1.61485, -2.05951, -4.81645, 0, 
0, 0, 0, 0, 0, 0, 0, 0, 0, 0, 0, 0, 0, 0, 0, 0, 0, 0, 0, 0, 0, 
0.76318, 0.77161, 0.77247, 0.75807, 0.75601, 0.76583, 0.75047, 
0.75858, 0.74524, 0.75232, 0.76179, 0.74748, 0.75092, 0.7626, 
0.7379, 0.74022, 0.76327, 0.74803, 0.7408, 0.72853, 0.73452, 
0.74282, 0.0189, 0.0213, 0.0237, 0.784, 0.0334, 1.2595, 0.0964, 
0.8548, 0.0425, 0.0512, 4.2856, 128, 134.1, 148.6, 151.8, 171.5, 
173.7, 191.4, 203.5, 229.1, 237.6, 232.8, 604, 123, 477, 372, 
983, 165, 128, 605, 344, 1095, 1607, 148, 244, 121, 8, 124, 524, 
247, 5, 237, 14, 1, 100, 100, 100, 100, 100, 100, 100, 100, 100, 
100, 100, 2500, 2500, 2500, 2500, 2500, 2500, 2500, 2500, 2500, 
2500, 2500, 8889.317, 6588.655, 7629.716, 15930.393, 8531.85000000001, 
28374.036, 14580.884, 24186.009, 7738.66199999998, 41280.432, 
88438.145, -0.1666, 3.71205, 2.95542, 0.35952, 4.12962, 14.34971, 
4.08012, 1.65844, 1.71557, 3.54689, 14.36931, -1.9312, -3.6093, 
-1.92635, -1.74667, -1.64402, -5.7253, -1.83978, -1.61654, -1.59996, 
-2.12145, -4.83435, 0, 0, 0, 0, 0, 0, 0, 0, 0, 0, 0, 0, 0, 0, 
0, 0, 0, 0, 0, 0, 0, 0, 0.76304, 0.76828, 0.77247, 0.75824, 0.75338, 
0.76583, 0.75052, 0.7537, 0.74524, 0.75036, 0.75802, 0.75148, 
0.74759, 0.75957, 0.74067, 0.74022, 0.75827, 0.73629, 0.7406, 
0.72853, 0.73652, 0.74474, 0.0185, 0.0209, 0.0236, 0.0247, 0.0337, 
0.938, 0.0404, 0.0356, 0.0401, 0.0517, 2.5373, 134.4, 135.5, 
147.7, 170.1, 171.5, 173.3, 195.5, 214.3, 229.3, 235, 233.3, 
966, 1236, 468, 2032, 167, 948, 582, 2499, 229, 1956, 1491, 1, 
3, 3, 1, 2, 1, 1, 1, 1, 1, 1, 100, 100, 100, 100, 100, 100, 100, 
100, 100, 100, 100, 2500, 2500, 2500, 2500, 2500, 2500, 2500, 
2500, 2500, 2500, 2500, 7813.141, 7997.128, 8087.72, 8849.14400000001, 
9541.29700000001, 9795.35799999999, 10409.84, 11692.182, 11879.394, 
13818.506, 13465.169, 1, 1, 1, 1, 1, 1, 1, 1, 1, 1, 1, 0.25, 
0.25, 0.25, 0.25, 0.25, 0.25, 0.25, 0.25, 0.25, 0.25, 0.25, 0, 
0, 0, 0, 0, 0, 0, 0, 0, 0, 0, 0, 0, 0, 0, 0, 0, 0, 0, 0, 0, 0, 
0.75919, 0.74092, 0.74726, 0.73218, 0.73225, 0.73576, 0.73148, 
0.72094, 0.72189, 0.7289, 0.73541, 0.75518, 0.72356, 0.74121, 
0.73218, 0.72165, 0.73333, 0.72217, 0.72978, 0.73048, 0.72286, 
0.73915, 0.0183, 0.0208, 0.0223, 0.0247, 0.0258, 0.031, 0.0307, 
0.0341, 0.0399, 0.0448, 0.0474, 133.6, 147.1, 159.1, 170.6, 181.1, 
191.4, 205.9, 216.6, 233.8, 242.8, 250.7, 1, 1, 1, 1, 1, 1, 1, 
1, 1, 1, 1, 1, 1, 1, 1, 1, 1, 1, 1, 1, 1, 1, 1, 1, 1, 1, 1, 1, 
1, 1, 1, 1, 1, 1, 1, 1, 1, 1, 1, 1, 1, 1, 1, 1, 2.575, 2.645, 
2.505, 2.628, 2.477, 2.725, 2.356, 2.459, 2.686, 3.033, 2.934
), .Dim = c(11L, 40L), .Dimnames = list(NULL, c("Sampling", "PSO.cost", 
"PSO.gamma", "PSO.data.balancing", "PSO.feature.selection", "PSO.valid.acc", 
"PSO.test.acc", "PSO.train.time", "PSO.n.support.vectors", "PSO.index", 
"PSO.n.solutions", "PSO.generations", "PSO.n.evaluations", "PSO.cpu.time", 
"RS.cost", "RS.gamma", "RS.data.balancing", "RS.feature.selection", 
"RS.valid.acc", "RS.test.acc", "RS.train.time", "RS.n.support.vectors", 
"RS.index", "RS.n.solutions", "RS.generations", "RS.n.evaluations", 
"RS.cpu.time", "DF.cost", "DF.gamma", "DF.data.balancing", "DF.feature.selection", 
"DF.valid.acc", "DF.test.acc", "DF.train.time", "DF.n.support.vectors", 
"DF.index", "DF.n.solutions", "DF.generations", "DF.n.evaluations", 
"DF.cpu.time")))
