full <-
structure(c(50, 55, 60, 65, 70, 75, 80, 85, 90, 95, 100, 9.16175, 
5.33472, 2.89804, 3.10362, 4.1425, 7.65065, 8.38016, 6.75668, 
2.88371, 6.38195, 1.81566, -3.54353, -1.40494, -1.0263, -1.11293, 
-1.68061, -4.65718, -4.72221, -5.61009, 0.19739, -6.3532, -0.38675, 
0, 0, 0, 0, 0, 0, 0, 0, 0, 0, 0, 0, 0, 0, 0, 0, 0, 0, 0, 0, 0, 
0, 0.76729, 0.74747, 0.76255, 0.75235, 0.76491, 0.75071, 0.74291, 
0.74952, 0.76148, 0.74657, 0.75435, 0.74122, 0.73103, 0.76596, 
0.74076, 0.74598, 0.72833, 0.73826, 0.74072, 0.74277, 0.73872, 
0.74303, 0.0454, 0.0276, 0.0244, 0.028, 0.0339, 0.0613, 0.0936, 
0.0486, 0.0467, 0.0494, 0.0522, 116.8, 132.6, 153.2, 162.8, 175.7, 
179.3, 189.9, 197.5, 232.5, 222.3, 252.2, 1002, 590, 434, 211, 
847, 484, 561, 582, 1600, 7, 663, 131, 219, 576, 479, 49, 49, 
329, 109, 3, 572, 284, 100, 100, 100, 100, 100, 100, 100, 100, 
100, 100, 100, 2500, 2500, 2500, 2500, 2500, 2500, 2500, 2500, 
2500, 2500, 2500, 9142.597, 6546.696, 6538.798, 6365.805, 9972.25400000001, 
9636.19, 10287.282, 9410.82999999999, 13386.508, 8469.758, 7808.519, 
9.47421, 5.21453, 4.37462, 13.90658, 9.9795, 5.76266, 8.60117, 
6.16401, 3.51348, 0.66969, 1.99247, -3.64184, -0.89626, -1.6934, 
-3.39179, -3.87301, -4.09859, -4.88992, -5.31419, -0.0292, -1.4978, 
-0.4789, 0, 0, 0, 0, 0, 0, 0, 0, 0, 0, 0, 0, 0, 0, 0, 0, 0, 0, 
0, 0, 0, 0, 0.76729, 0.74402, 0.76264, 0.74958, 0.76228, 0.74821, 
0.74291, 0.74952, 0.75736, 0.74838, 0.75058, 0.74122, 0.73057, 
0.75649, 0.73807, 0.73809, 0.72333, 0.73826, 0.74295, 0.74069, 
0.75241, 0.74303, 0.0476, 0.0268, 0.0253, 1.8968, 0.1182, 0.0435, 
0.0998, 0.0472, 0.0465, 0.0457, 0.0523, 116.7, 134.6, 149, 152.4, 
170.3, 181.2, 189.8, 198.8, 227.2, 239.2, 249.6, 2279, 1528, 
1399, 711, 582, 1261, 2052, 1070, 1846, 668, 1354, 1, 1, 1, 1, 
4, 5, 2, 1, 1, 1, 4, 100, 100, 100, 100, 100, 100, 100, 100, 
100, 100, 100, 2500, 2500, 2500, 2500, 2500, 2500, 2500, 2500, 
2500, 2500, 2500, 7241.86, 7671.831, 8252.773, 9069.158, 9425.458, 
10281.48, 10862.158, 11424.15, 12020.646, 12480.233, 13115.857, 
1, 1, 1, 1, 1, 1, 1, 1, 1, 1, 1, 0.25, 0.25, 0.25, 0.25, 0.25, 
0.25, 0.25, 0.25, 0.25, 0.25, 0.25, 0, 0, 0, 0, 0, 0, 0, 0, 0, 
0, 0, 0, 0, 0, 0, 0, 0, 0, 0, 0, 0, 0, 0.72968, 0.70701, 0.73763, 
0.73202, 0.73013, 0.73577, 0.72187, 0.74077, 0.74281, 0.73868, 
0.73178, 0.72584, 0.70356, 0.73451, 0.74361, 0.73006, 0.72333, 
0.7289, 0.74517, 0.73452, 0.73861, 0.74125, 0.0181, 0.0194, 0.022, 
0.0237, 0.0287, 0.0313, 0.0354, 0.0369, 0.039, 0.0458, 0.0509, 
129.7, 141.6, 155.4, 167.1, 184.4, 192.5, 203.4, 212.7, 224.8, 
238.8, 250.1, 1, 1, 1, 1, 1, 1, 1, 1, 1, 1, 1, 1, 1, 1, 1, 1, 
1, 1, 1, 1, 1, 1, 1, 1, 1, 1, 1, 1, 1, 1, 1, 1, 1, 1, 1, 1, 1, 
1, 1, 1, 1, 1, 1, 1, 2.462, 2.39, 2.409, 2.403, 2.684, 2.678, 
2.689, 2.595, 2.639, 2.904, 2.901), .Dim = c(11L, 40L), .Dimnames = list(
    NULL, c("Sampling", "PSO.cost", "PSO.gamma", "PSO.data.balancing", 
    "PSO.feature.selection", "PSO.valid.acc", "PSO.test.acc", 
    "PSO.train.time", "PSO.n.support.vectors", "PSO.index", "PSO.n.solutions", 
    "PSO.generations", "PSO.n.evaluations", "PSO.cpu.time", "RS.cost", 
    "RS.gamma", "RS.data.balancing", "RS.feature.selection", 
    "RS.valid.acc", "RS.test.acc", "RS.train.time", "RS.n.support.vectors", 
    "RS.index", "RS.n.solutions", "RS.generations", "RS.n.evaluations", 
    "RS.cpu.time", "DF.cost", "DF.gamma", "DF.data.balancing", 
    "DF.feature.selection", "DF.valid.acc", "DF.test.acc", "DF.train.time", 
    "DF.n.support.vectors", "DF.index", "DF.n.solutions", "DF.generations", 
    "DF.n.evaluations", "DF.cpu.time")))
