full <-
structure(c(50, 55, 60, 65, 70, 75, 80, 85, 90, 95, 100, 3.94654, 
10.13572, 9.9831, 0.28217, 12.96032, 7.62205, 2.98894, 0.98052, 
14.63964, 1.83325, 3.63401, -5.87262, -13.68519, -7.96674, 1.9978, 
-7.18633, -5.33549, -3.24522, -1.74484, -10.17974, -1.18439, 
-1.42099, 0, 0, 0, 0, 0, 0, 0, 0, 0, 0, 0, 0, 0, 0, 0, 0, 0, 
0, 0, 0, 0, 0, 0.7557, 0.75793, 0.76245, 0.78975, 0.74342, 0.74586, 
0.74549, 0.74522, 0.74292, 0.75835, 0.76575, 0.74444, 0.75437, 
0.75933, 0.76664, 0.73809, 0.73585, 0.74084, 0.7186, 0.73455, 
0.74062, 0.74125, 0.0172, 0.0226, 0.0431, 0.0313, 0.3381, 0.0683, 
0.0385, 0.0385, 0.2178, 0.0504, 0.0595, 109.2, 120.3, 133.4, 
204.9, 159.1, 175.7, 195.8, 217.2, 212.1, 239, 242.2, 487, 68, 
46, 273, 4, 254, 854, 661, 2393, 360, 692, 59, 1239, 149, 366, 
1813, 71, 52, 78, 1, 623, 80, 100, 100, 100, 100, 100, 100, 100, 
100, 100, 100, 100, 2500, 2500, 2500, 2500, 2500, 2500, 2500, 
2500, 2500, 2500, 2500, 6773.755, 8919.075, 9771.761, 9596.19499999999, 
9957.602, 13317.837, 14087.744, 10192.599, 14075.926, 11086.107, 
10919.125, 4.24151, 0.10194, 9.52171, 0.2733, 9.2282, 12.44135, 
3.85489, 1.40365, 1.41443, 1.82512, 3.84266, -5.75535, 2.26531, 
-7.77271, 2.1022, -4.13476, -10.70942, -3.48066, -1.88437, -0.69626, 
-1.13043, -1.48459, 0, 0, 0, 0, 0, 0, 0, 0, 0, 0, 0, 0, 0, 0, 
0, 0, 0, 0, 0, 0, 0, 0, 0.7557, 0.78149, 0.76245, 0.78689, 0.74619, 
0.74579, 0.74549, 0.74077, 0.74257, 0.75835, 0.76575, 0.74444, 
0.76782, 0.75933, 0.7695, 0.73282, 0.74086, 0.74305, 0.723, 0.73645, 
0.74658, 0.74129, 0.0204, 0.0254, 0.0409, 0.0318, 0.1265, 0.0797, 
0.0375, 0.0384, 0.0464, 0.0516, 0.0611, 109.4, 181.3, 133.1, 
208.2, 162.2, 171.8, 194.8, 216, 229.1, 238.1, 241.8, 861, 2356, 
648, 336, 891, 553, 1658, 576, 429, 816, 1575, 2, 1, 1, 2, 4, 
18, 1, 2, 1, 1, 1, 100, 100, 100, 100, 100, 100, 100, 100, 100, 
100, 100, 2500, 2500, 2500, 2500, 2500, 2500, 2500, 2500, 2500, 
2500, 2500, 9825.228, 10107.395, 10734.235, 11041.341, 12220.605, 
12959.042, 12672.91, 13931.655, 14964.597, 15638.75, 16278.935, 
1, 1, 1, 1, 1, 1, 1, 1, 1, 1, 1, 0.25, 0.25, 0.25, 0.25, 0.25, 
0.25, 0.25, 0.25, 0.25, 0.25, 0.25, 0, 0, 0, 0, 0, 0, 0, 0, 0, 
0, 0, 0, 0, 0, 0, 0, 0, 0, 0, 0, 0, 0, 0.7406, 0.75103, 0.74682, 
0.75227, 0.73546, 0.73598, 0.72921, 0.72749, 0.72634, 0.73282, 
0.728, 0.73675, 0.73724, 0.7438, 0.74941, 0.73538, 0.72585, 0.72689, 
0.72082, 0.72621, 0.73286, 0.72409, 0.0202, 0.0221, 0.0245, 0.0264, 
0.0302, 0.0341, 0.0352, 0.0388, 0.0448, 0.0484, 0.0517, 118.2, 
129.3, 144.7, 152, 171.8, 186.7, 203.6, 217, 227, 240.7, 250.6, 
1, 1, 1, 1, 1, 1, 1, 1, 1, 1, 1, 1, 1, 1, 1, 1, 1, 1, 1, 1, 1, 
1, 1, 1, 1, 1, 1, 1, 1, 1, 1, 1, 1, 1, 1, 1, 1, 1, 1, 1, 1, 1, 
1, 1, 3.514, 3.557, 3.621, 3.625, 3.604, 3.663, 3.584, 3.663, 
3.914, 3.895, 3.915), .Dim = c(11L, 40L), .Dimnames = list(NULL, 
    c("Sampling", "PSO.cost", "PSO.gamma", "PSO.data.balancing", 
    "PSO.feature.selection", "PSO.valid.acc", "PSO.test.acc", 
    "PSO.train.time", "PSO.n.support.vectors", "PSO.index", "PSO.n.solutions", 
    "PSO.generations", "PSO.n.evaluations", "PSO.cpu.time", "RS.cost", 
    "RS.gamma", "RS.data.balancing", "RS.feature.selection", 
    "RS.valid.acc", "RS.test.acc", "RS.train.time", "RS.n.support.vectors", 
    "RS.index", "RS.n.solutions", "RS.generations", "RS.n.evaluations", 
    "RS.cpu.time", "DF.cost", "DF.gamma", "DF.data.balancing", 
    "DF.feature.selection", "DF.valid.acc", "DF.test.acc", "DF.train.time", 
    "DF.n.support.vectors", "DF.index", "DF.n.solutions", "DF.generations", 
    "DF.n.evaluations", "DF.cpu.time")))
