full <-
structure(c(50, 55, 60, 65, 70, 75, 80, 85, 90, 95, 100, 5.21445, 
14.63223, 1.99444, 1.30006, -0.06227, 3.98983, 10.21788, 6.28275, 
0.19451, 2.32959, 1.12244, -1.58563, -8.02288, -0.86323, 0.30906, 
1.45163, -1.4346, -4.96353, -3.32856, -0.8138, -1.74261, -0.92028, 
0, 0, 0, 0, 0, 0, 0, 0, 0, 0, 0, 0, 0, 0, 0, 0, 0, 0, 0, 0, 0, 
0, 0.7933, 0.78172, 0.76524, 0.76092, 0.78336, 0.77321, 0.7665, 
0.75831, 0.75723, 0.75045, 0.76009, 0.78191, 0.76115, 0.77178, 
0.74958, 0.76202, 0.75339, 0.74784, 0.73643, 0.74898, 0.7483, 
0.74688, 0.0212, 0.2007, 0.0245, 0.0257, 0.0311, 0.0368, 0.1333, 
0.057, 0.0383, 0.0443, 0.0474, 107.1, 117.2, 149.9, 174, 206.7, 
177.5, 180.9, 198, 230.9, 235.4, 251.9, 1269, 364, 431, 224, 
1961, 433, 214, 510, 1041, 364, 580, 34, 244, 205, 722, 15, 521, 
27, 73, 61, 192, 201, 100, 100, 100, 100, 100, 100, 100, 100, 
100, 100, 100, 2500, 2500, 2500, 2500, 2500, 2500, 2500, 2500, 
2500, 2500, 2500, 6645.958, 10110.58, 6904.57, 6895.862, 8736.163, 
7422.474, 18586.688, 16826.721, 7260.96100000001, 7646.334, 7319.302, 
4.89392, 14.98039, 4.52551, 1.97914, 0.21434, 4.8892, 10.59674, 
10.789, 1.47161, 0.68771, 8.95559, -1.49581, -8.26255, -1.36691, 
0.06839, 1.4723, -1.5975, -5.15309, -3.68242, -1.39257, -0.54609, 
-2.91109, 0, 0, 0, 0, 0, 0, 0, 0, 0, 0, 0, 0, 0, 0, 0, 0, 0, 
0, 0, 0, 0, 0, 0.7896, 0.78172, 0.76221, 0.76092, 0.77809, 0.76821, 
0.76423, 0.75633, 0.7531, 0.74845, 0.75628, 0.78575, 0.75793, 
0.75937, 0.74663, 0.75669, 0.74601, 0.74784, 0.74739, 0.75106, 
0.74434, 0.74688, 0.0193, 0.1982, 0.0274, 0.0283, 0.0311, 0.0407, 
0.152, 0.2861, 0.0389, 0.0432, 0.2092, 106.7, 117.1, 144.6, 168.3, 
205.7, 176.3, 181.5, 195.8, 221.3, 246, 235.6, 846, 484, 2001, 
293, 1365, 251, 620, 2037, 1111, 970, 654, 3, 1, 2, 1, 1, 2, 
2, 1, 1, 1, 2, 100, 100, 100, 100, 100, 100, 100, 100, 100, 100, 
100, 2500, 2500, 2500, 2500, 2500, 2500, 2500, 2500, 2500, 2500, 
2500, 7240.622, 8072.341, 8932.605, 9361.61, 9311.52500000001, 
10292.69, 11093.353, 11466.759, 11675.606, 12368.792, 13322.48, 
1, 1, 1, 1, 1, 1, 1, 1, 1, 1, 1, 0.25, 0.25, 0.25, 0.25, 0.25, 
0.25, 0.25, 0.25, 0.25, 0.25, 0.25, 0, 0, 0, 0, 0, 0, 0, 0, 0, 
0, 0, 0, 0, 0, 0, 0, 0, 0, 0, 0, 0, 0, 0.77094, 0.76448, 0.72803, 
0.73773, 0.75149, 0.74814, 0.74069, 0.7386, 0.74486, 0.71119, 
0.74296, 0.77436, 0.77506, 0.72803, 0.74344, 0.75683, 0.75064, 
0.73388, 0.73855, 0.74077, 0.72473, 0.73915, 0.0199, 0.02, 0.023, 
0.0238, 0.0284, 0.0306, 0.0334, 0.0379, 0.0372, 0.042, 0.0519, 
115.9, 132.3, 148.2, 161.9, 164.1, 181.4, 194.8, 211.2, 224.1, 
241.3, 251.4, 1, 1, 1, 1, 1, 1, 1, 1, 1, 1, 1, 1, 1, 1, 1, 1, 
1, 1, 1, 1, 1, 1, 1, 1, 1, 1, 1, 1, 1, 1, 1, 1, 1, 1, 1, 1, 1, 
1, 1, 1, 1, 1, 1, 1, 2.599, 2.568, 2.754, 2.534, 2.739, 2.737, 
2.748, 2.833, 2.591, 2.693, 3.024), .Dim = c(11L, 40L), .Dimnames = list(
    NULL, c("Sampling", "PSO.cost", "PSO.gamma", "PSO.data.balancing", 
    "PSO.feature.selection", "PSO.valid.acc", "PSO.test.acc", 
    "PSO.train.time", "PSO.n.support.vectors", "PSO.index", "PSO.n.solutions", 
    "PSO.generations", "PSO.n.evaluations", "PSO.cpu.time", "RS.cost", 
    "RS.gamma", "RS.data.balancing", "RS.feature.selection", 
    "RS.valid.acc", "RS.test.acc", "RS.train.time", "RS.n.support.vectors", 
    "RS.index", "RS.n.solutions", "RS.generations", "RS.n.evaluations", 
    "RS.cpu.time", "DF.cost", "DF.gamma", "DF.data.balancing", 
    "DF.feature.selection", "DF.valid.acc", "DF.test.acc", "DF.train.time", 
    "DF.n.support.vectors", "DF.index", "DF.n.solutions", "DF.generations", 
    "DF.n.evaluations", "DF.cpu.time")))
