full <-
structure(c(50, 55, 60, 65, 70, 75, 80, 85, 90, 95, 100, -0.70258, 
-0.01503, 11.90694, 2.10624, 7.48378, 0.98869, 15, 0.24726, 0.83343, 
1.09991, -0.00619, 2.37139, 1.42542, -6.67611, -0.07601, -3.38817, 
-0.44546, -6.24656, 0.81494, -0.45729, -0.3728, -0.39036, 0, 
0, 0, 0, 0, 0, 0, 0, 0, 0, 0, 0, 0, 0, 0, 0, 0, 0, 0, 0, 0, 0, 
0.77094, 0.78494, 0.78463, 0.78689, 0.78895, 0.76562, 0.75714, 
0.75145, 0.75499, 0.7527, 0.75778, 0.75185, 0.77805, 0.7689, 
0.78101, 0.75416, 0.75556, 0.74308, 0.73826, 0.74466, 0.73513, 
0.74464, 0.0197, 0.0217, 0.0805, 0.0249, 0.0475, 0.0301, 1.2326, 
0.0413, 0.0401, 0.0458, 0.0481, 177.8, 165.4, 127.7, 159.7, 151.1, 
186.6, 185, 245.1, 234.4, 248.7, 260.3, 775, 1224, 263, 842, 
300, 1359, 459, 1089, 1674, 643, 1929, 391, 50, 27, 395, 371, 
121, 59, 122, 36, 374, 21, 100, 100, 100, 100, 100, 100, 100, 
100, 100, 100, 100, 2500, 2500, 2500, 2500, 2500, 2500, 2500, 
2500, 2500, 2500, 2500, 6062.944, 6593.088, 10073.287, 7710.629, 
7252.37, 9227.32100000001, 26495.352, 7858.182, 30234.485, 12275.072, 
17173.627, -0.80655, 0.01988, 0.41082, 8.36963, 7.33763, 1.10027, 
14.0789, 2.89645, 1.1605, 1.4112, 0.89145, 2.25935, 1.49654, 
0.22483, -2.75199, -3.27064, -0.37358, -5.62497, 0.27487, -0.49946, 
-0.52898, -0.83397, 0, 0, 0, 0, 0, 0, 0, 0, 0, 0, 0, 0, 0, 0, 
0, 0, 0, 0, 0, 0, 0, 0, 0.76709, 0.77483, 0.7815, 0.78126, 0.78895, 
0.76068, 0.75714, 0.7428, 0.75091, 0.75078, 0.75778, 0.75556, 
0.77805, 0.75972, 0.76395, 0.75687, 0.76056, 0.7314, 0.73609, 
0.74666, 0.73513, 0.75019, 0.0198, 0.0201, 0.0219, 0.0619, 0.0433, 
0.0338, 0.7814, 0.0412, 0.0427, 0.0446, 0.0472, 175.9, 166.1, 
155.4, 140, 150.6, 187.1, 183.3, 220.7, 232.5, 245.6, 251.6, 
2219, 1781, 720, 254, 2194, 1261, 1594, 2423, 1467, 189, 1119, 
2, 3, 1, 1, 1, 1, 1, 1, 1, 1, 1, 100, 100, 100, 100, 100, 100, 
100, 100, 100, 100, 100, 2500, 2500, 2500, 2500, 2500, 2500, 
2500, 2500, 2500, 2500, 2500, 7288.743, 7704.948, 8369.372, 8685.229, 
9266.211, 9437.501, 10697.767, 10851.671, 12380.499, 12714.988, 
13177.999, 1, 1, 1, 1, 1, 1, 1, 1, 1, 1, 1, 0.25, 0.25, 0.25, 
0.25, 0.25, 0.25, 0.25, 0.25, 0.25, 0.25, 0.25, 0, 0, 0, 0, 0, 
0, 0, 0, 0, 0, 0, 0, 0, 0, 0, 0, 0, 0, 0, 0, 0, 0, 0.72934, 0.75103, 
0.75005, 0.7521, 0.75416, 0.74049, 0.7196, 0.72077, 0.7302, 0.72494, 
0.72406, 0.73704, 0.75448, 0.75005, 0.74622, 0.75424, 0.73554, 
0.72658, 0.73179, 0.73024, 0.71533, 0.73174, 0.0172, 0.0204, 
0.0217, 0.026, 0.0262, 0.0296, 0.0339, 0.0342, 0.0403, 0.0426, 
0.0458, 125.6, 134, 141, 156.4, 168.2, 182.4, 202.3, 216.8, 229.1, 
244.8, 249.7, 1, 1, 1, 1, 1, 1, 1, 1, 1, 1, 1, 1, 1, 1, 1, 1, 
1, 1, 1, 1, 1, 1, 1, 1, 1, 1, 1, 1, 1, 1, 1, 1, 1, 1, 1, 1, 1, 
1, 1, 1, 1, 1, 1, 1, 2.368, 2.56, 2.618, 2.737, 2.578, 2.782, 
2.714, 2.529, 2.704, 2.729, 2.795), .Dim = c(11L, 40L), .Dimnames = list(
    NULL, c("Sampling", "PSO.cost", "PSO.gamma", "PSO.data.balancing", 
    "PSO.feature.selection", "PSO.valid.acc", "PSO.test.acc", 
    "PSO.train.time", "PSO.n.support.vectors", "PSO.index", "PSO.n.solutions", 
    "PSO.generations", "PSO.n.evaluations", "PSO.cpu.time", "RS.cost", 
    "RS.gamma", "RS.data.balancing", "RS.feature.selection", 
    "RS.valid.acc", "RS.test.acc", "RS.train.time", "RS.n.support.vectors", 
    "RS.index", "RS.n.solutions", "RS.generations", "RS.n.evaluations", 
    "RS.cpu.time", "DF.cost", "DF.gamma", "DF.data.balancing", 
    "DF.feature.selection", "DF.valid.acc", "DF.test.acc", "DF.train.time", 
    "DF.n.support.vectors", "DF.index", "DF.n.solutions", "DF.generations", 
    "DF.n.evaluations", "DF.cpu.time")))
