full <-
structure(c(50, 55, 60, 65, 70, 75, 80, 85, 90, 95, 100, 7.92607, 
12.44407, 10.92304, 5.72461, 14.99962, 14.75246, 14.99661, 3.32855, 
2.04856, 2.08166, 1.12651, -3.84186, -6.41032, -5.50245, -1.46338, 
-7.28759, -6.19455, -5.46456, -2.26897, -1.51456, -1.47908, -1.89279, 
0, 0, 0, 0, 0, 0, 0, 0, 0, 0, 0, 0, 0, 0, 0, 0, 0, 0, 0, 0, 0, 
0, 0.78508, 0.77805, 0.79075, 0.78681, 0.77248, 0.76324, 0.75492, 
0.76945, 0.77609, 0.76457, 0.75996, 0.77012, 0.76793, 0.78762, 
0.76664, 0.75917, 0.75048, 0.75957, 0.74268, 0.76367, 0.7468, 
0.73742, 0.0267, 0.0782, 0.0552, 0.0371, 0.3729, 0.9135, 2.1137, 
0.0433, 0.0442, 0.0507, 0.0519, 108.9, 118.3, 126.3, 148.5, 167.6, 
177.9, 190.6, 205.5, 220.9, 236.1, 247, 845, 63, 2055, 814, 1683, 
192, 986, 395, 411, 2273, 749, 55, 370, 3, 117, 9, 24, 4, 86, 
457, 1, 391, 100, 100, 100, 100, 100, 100, 100, 100, 100, 100, 
100, 2500, 2500, 2500, 2500, 2500, 2500, 2500, 2500, 2500, 2500, 
2500, 8091.667, 8522.011, 13007.57, 10651.769, 14143.212, 19997.134, 
35017.885, 12846.835, 9757.39300000001, 10655.944, 10886.813, 
12.79523, 12.85563, 7.86761, 6.32627, 3.57504, 10.48661, 14.85191, 
5.25758, 2.30457, 0.75188, 1.32534, -6.84814, -6.56298, -2.74798, 
-1.6811, -2.8035, -4.50637, -6.24318, -2.97732, -1.69451, -0.3762, 
-1.97144, 0, 0, 0, 0, 0, 0, 0, 0, 0, 0, 0, 0, 0, 0, 0, 0, 0, 
0, 0, 0, 0, 0, 0.78179, 0.77805, 0.78743, 0.78109, 0.76735, 0.7608, 
0.75243, 0.76935, 0.77609, 0.7626, 0.75811, 0.77039, 0.76793, 
0.77199, 0.76378, 0.76465, 0.75048, 0.76877, 0.74263, 0.75951, 
0.75472, 0.73927, 0.0563, 0.0921, 0.0433, 0.038, 0.0309, 0.138, 
1.2456, 0.0527, 0.045, 0.0497, 0.0521, 108.1, 118.5, 127.8, 146.3, 
173.7, 178.4, 191.3, 202.6, 220.1, 245.9, 246.5, 1750, 1378, 
1583, 254, 1244, 484, 1480, 1555, 764, 2008, 1101, 1, 1, 1, 2, 
3, 3, 2, 1, 1, 1, 1, 100, 100, 100, 100, 100, 100, 100, 100, 
100, 100, 100, 2500, 2500, 2500, 2500, 2500, 2500, 2500, 2500, 
2500, 2500, 2500, 6904.689, 8210.529, 10015.039, 10532.411, 10972.496, 
11790.359, 12580.673, 13227.574, 14066.564, 14900.103, 15835.871, 
1, 1, 1, 1, 1, 1, 1, 1, 1, 1, 1, 0.25, 0.25, 0.25, 0.25, 0.25, 
0.25, 0.25, 0.25, 0.25, 0.25, 0.25, 0, 0, 0, 0, 0, 0, 0, 0, 0, 
0, 0, 0, 0, 0, 0, 0, 0, 0, 0, 0, 0, 0, 0.71849, 0.74046, 0.75323, 
0.73185, 0.72717, 0.73354, 0.7309, 0.73201, 0.7365, 0.73884, 
0.74116, 0.73331, 0.7408, 0.75342, 0.73756, 0.74851, 0.73328, 
0.73095, 0.74253, 0.73646, 0.74865, 0.73368, 0.0174, 0.0213, 
0.0236, 0.0268, 0.0291, 0.0338, 0.0384, 0.0399, 0.0437, 0.0481, 
0.0516, 124.2, 136.7, 145.2, 163.9, 183.3, 195.2, 209.9, 215.4, 
224.5, 241.3, 249, 1, 1, 1, 1, 1, 1, 1, 1, 1, 1, 1, 1, 1, 1, 
1, 1, 1, 1, 1, 1, 1, 1, 1, 1, 1, 1, 1, 1, 1, 1, 1, 1, 1, 1, 1, 
1, 1, 1, 1, 1, 1, 1, 1, 1, 2.411, 3.343, 3.532, 3.577, 3.457, 
3.617, 3.7, 3.712, 3.741, 3.816, 3.826), .Dim = c(11L, 40L), .Dimnames = list(
    NULL, c("Sampling", "PSO.cost", "PSO.gamma", "PSO.data.balancing", 
    "PSO.feature.selection", "PSO.valid.acc", "PSO.test.acc", 
    "PSO.train.time", "PSO.n.support.vectors", "PSO.index", "PSO.n.solutions", 
    "PSO.generations", "PSO.n.evaluations", "PSO.cpu.time", "RS.cost", 
    "RS.gamma", "RS.data.balancing", "RS.feature.selection", 
    "RS.valid.acc", "RS.test.acc", "RS.train.time", "RS.n.support.vectors", 
    "RS.index", "RS.n.solutions", "RS.generations", "RS.n.evaluations", 
    "RS.cpu.time", "DF.cost", "DF.gamma", "DF.data.balancing", 
    "DF.feature.selection", "DF.valid.acc", "DF.test.acc", "DF.train.time", 
    "DF.n.support.vectors", "DF.index", "DF.n.solutions", "DF.generations", 
    "DF.n.evaluations", "DF.cpu.time")))
