full <-
structure(c(50, 55, 60, 65, 70, 75, 80, 85, 90, 95, 100, 8.74824, 
1.57157, 14.43541, 11.93374, 7.50345, 15, 12.58641, 1.02247, 
13.13325, 0.40937, 4.23975, -4.89239, -0.27344, -6.65465, -6.41947, 
-4.04487, -6.30912, -4.61335, 0.55219, -9.95306, -1.04199, -1.7119, 
0, 0, 0, 0, 0, 0, 0, 0, 0, 0, 0, 0, 0, 0, 0, 0, 0, 0, 0, 0, 0, 
0, 0.74074, 0.75432, 0.74732, 0.74937, 0.74595, 0.7508, 0.75709, 
0.76051, 0.74277, 0.76241, 0.75611, 0.72934, 0.75444, 0.73159, 
0.7292, 0.73812, 0.74067, 0.73605, 0.74741, 0.73656, 0.74653, 
0.73365, 0.0656, 0.0224, 0.978, 0.2264, 0.0584, 1.9228, 0.8324, 
0.043, 0.1628, 0.0468, 0.0609, 122.4, 147.4, 142.1, 150.7, 168.2, 
175.5, 189.3, 232.5, 210.4, 243.9, 240.5, 134, 448, 719, 151, 
823, 246, 519, 1920, 193, 537, 289, 543, 66, 69, 164, 142, 13, 
82, 8, 171, 229, 122, 100, 100, 100, 100, 100, 100, 100, 100, 
100, 100, 100, 2500, 2500, 2500, 2500, 2500, 2500, 2500, 2500, 
2500, 2500, 2500, 8333.805, 15231.718, 18447.378, 10647.624, 
12706.294, 40776.778, 30143.468, 8062.90599999999, 10119.086, 
8254.05600000001, 24108.772, 14.71867, 0.4383, 9.50919, 9.30383, 
7.83804, 13.56274, 13.11029, 0.7687, 11.93584, 1.32128, 7.82564, 
-6.89979, 0.67006, -5.05029, -5.43243, -4.17142, -6.09295, -4.68248, 
-0.19562, -9.46264, -1.41069, -4.31247, 0, 0, 0, 0, 0, 0, 0, 
0, 0, 0, 0, 0, 0, 0, 0, 0, 0, 0, 0, 0, 0, 0, 0.74074, 0.76122, 
0.7442, 0.74937, 0.74331, 0.74829, 0.75476, 0.76036, 0.74277, 
0.75849, 0.75615, 0.73305, 0.74742, 0.73159, 0.72634, 0.73542, 
0.74567, 0.74302, 0.75616, 0.73656, 0.75249, 0.74298, 0.9918, 
0.021, 0.1016, 0.0853, 0.0589, 0.9383, 1.1193, 0.0378, 0.0852, 
0.0496, 0.0965, 122.2, 159.9, 144.1, 151.5, 167.4, 174.8, 189.1, 
222.6, 210.6, 239.6, 234.9, 245, 2144, 753, 1065, 1658, 1688, 
110, 1422, 720, 114, 1717, 28, 1, 2, 1, 1, 1, 2, 1, 4, 4, 1, 
100, 100, 100, 100, 100, 100, 100, 100, 100, 100, 100, 2500, 
2500, 2500, 2500, 2500, 2500, 2500, 2500, 2500, 2500, 2500, 8214.799, 
8373.302, 9238.467, 9612.07799999999, 10499.236, 10685.423, 11677.557, 
12359.845, 13106.235, 13227.916, 13402.539, 1, 1, 1, 1, 1, 1, 
1, 1, 1, 1, 1, 0.25, 0.25, 0.25, 0.25, 0.25, 0.25, 0.25, 0.25, 
0.25, 0.25, 0.25, 0, 0, 0, 0, 0, 0, 0, 0, 0, 0, 0, 0, 0, 0, 0, 
0, 0, 0, 0, 0, 0, 0, 0.73305, 0.73742, 0.73139, 0.73197, 0.72994, 
0.74054, 0.73837, 0.73621, 0.73231, 0.7368, 0.73169, 0.7292, 
0.73731, 0.72494, 0.73491, 0.73272, 0.73311, 0.74308, 0.73394, 
0.7344, 0.72892, 0.74113, 0.0193, 0.0207, 0.024, 0.0259, 0.0287, 
0.0313, 0.0359, 0.0393, 0.042, 0.0459, 0.0491, 130.7, 141.9, 
156.4, 164.3, 178.5, 188.5, 201.7, 213.3, 225.3, 238.5, 250.1, 
1, 1, 1, 1, 1, 1, 1, 1, 1, 1, 1, 1, 1, 1, 1, 1, 1, 1, 1, 1, 1, 
1, 1, 1, 1, 1, 1, 1, 1, 1, 1, 1, 1, 1, 1, 1, 1, 1, 1, 1, 1, 1, 
1, 1, 2.555, 2.544, 2.555, 2.665, 2.651, 2.677, 2.946, 2.939, 
2.979, 3.012, 2.975), .Dim = c(11L, 40L), .Dimnames = list(NULL, 
    c("Sampling", "PSO.cost", "PSO.gamma", "PSO.data.balancing", 
    "PSO.feature.selection", "PSO.valid.acc", "PSO.test.acc", 
    "PSO.train.time", "PSO.n.support.vectors", "PSO.index", "PSO.n.solutions", 
    "PSO.generations", "PSO.n.evaluations", "PSO.cpu.time", "RS.cost", 
    "RS.gamma", "RS.data.balancing", "RS.feature.selection", 
    "RS.valid.acc", "RS.test.acc", "RS.train.time", "RS.n.support.vectors", 
    "RS.index", "RS.n.solutions", "RS.generations", "RS.n.evaluations", 
    "RS.cpu.time", "DF.cost", "DF.gamma", "DF.data.balancing", 
    "DF.feature.selection", "DF.valid.acc", "DF.test.acc", "DF.train.time", 
    "DF.n.support.vectors", "DF.index", "DF.n.solutions", "DF.generations", 
    "DF.n.evaluations", "DF.cpu.time")))
