full <-
structure(c(50, 55, 60, 65, 70, 75, 80, 85, 90, 95, 100, 3.92382, 
0.40825, 15, 2.68978, 9.29011, 5.35241, 10.7299, 15, 14.95528, 
1.37523, 12.43322, -3.50346, 1.10162, -8.97426, 0.31755, -8.02553, 
-5.87045, -3.14335, -6.89596, -6.2661, -0.66246, -2.88517, 0, 
0, 0, 0, 0, 0, 0, 0, 0, 0, 0, 0, 0, 0, 0, 0, 0, 0, 0, 0, 0, 0, 
0.73348, 0.74356, 0.74688, 0.73782, 0.74079, 0.74567, 0.74779, 
0.76261, 0.75742, 0.77216, 0.75076, 0.70755, 0.72966, 0.74062, 
0.70613, 0.73809, 0.74317, 0.71274, 0.7385, 0.74492, 0.76827, 
0.73384, 0.0197, 0.0223, 0.1965, 0.0255, 0.0416, 0.0329, 0.3445, 
1.015, 1.4735, 0.0462, 1.5415, 126.1, 169.5, 143.5, 176.1, 165.6, 
177.6, 190.2, 190.6, 203.3, 236.9, 232, 459, 2004, 656, 791, 
96, 427, 385, 456, 1001, 499, 959, 65, 2, 117, 66, 204, 81, 85, 
12, 37, 282, 44, 100, 100, 100, 100, 100, 100, 100, 100, 100, 
100, 100, 2500, 2500, 2500, 2500, 2500, 2500, 2500, 2500, 2500, 
2500, 2500, 6834.093, 6486.715, 8413.458, 6544.251, 7807.363, 
7899.64599999999, 14452.794, 23332.741, 30112.355, 7739.42799999999, 
41444.579, 12.37815, 0.51179, 14.95173, 5.46992, 8.21889, 14.85925, 
1.70322, 11.39489, 1.92692, 2.70395, 1.34606, -6.63732, 1.04821, 
-9.03617, -6.29351, -7.72335, -9.70578, -0.98687, -5.59776, -1.72014, 
-0.92345, -0.0058, 0, 0, 0, 0, 0, 0, 0, 0, 0, 0, 0, 0, 0, 0, 
0, 0, 0, 0, 0, 0, 0, 0, 0.72991, 0.74011, 0.74688, 0.73479, 0.74079, 
0.74567, 0.74779, 0.75821, 0.76163, 0.76624, 0.75076, 0.72265, 
0.72966, 0.74375, 0.7321, 0.73538, 0.74317, 0.7454, 0.7385, 0.74488, 
0.76431, 0.75293, 0.0772, 0.0224, 0.1622, 0.0258, 0.0343, 0.1808, 
0.0356, 0.2208, 0.0398, 0.0485, 0.055, 122.9, 168, 143.1, 160, 
165.7, 174.2, 203.8, 191.6, 217.4, 231.7, 259.9, 253, 1436, 612, 
75, 333, 1212, 352, 144, 32, 2014, 353, 4, 2, 4, 4, 10, 1, 1, 
3, 1, 1, 1, 100, 100, 100, 100, 100, 100, 100, 100, 100, 100, 
100, 2500, 2500, 2500, 2500, 2500, 2500, 2500, 2500, 2500, 2500, 
2500, 7156.392, 7356.175, 7664.033, 8371.339, 9271.901, 9610.829, 
10297.263, 11114.537, 11842.894, 11905.643, 14095.239, 1, 1, 
1, 1, 1, 1, 1, 1, 1, 1, 1, 0.25, 0.25, 0.25, 0.25, 0.25, 0.25, 
0.25, 0.25, 0.25, 0.25, 0.25, 0, 0, 0, 0, 0, 0, 0, 0, 0, 0, 0, 
0, 0, 0, 0, 0, 0, 0, 0, 0, 0, 0, 0.71439, 0.71632, 0.73438, 0.71462, 
0.71362, 0.73573, 0.72204, 0.74942, 0.73437, 0.74847, 0.73178, 
0.68476, 0.71644, 0.73438, 0.70916, 0.72707, 0.73823, 0.72669, 
0.74512, 0.73441, 0.73878, 0.73555, 0.0193, 0.02, 0.0228, 0.0252, 
0.0286, 0.0309, 0.0344, 0.0361, 0.0413, 0.044, 0.0505, 132.4, 
143.4, 155.4, 170.3, 179.1, 189.3, 201.6, 206.6, 222.8, 233, 
250.4, 1, 1, 1, 1, 1, 1, 1, 1, 1, 1, 1, 1, 1, 1, 1, 1, 1, 1, 
1, 1, 1, 1, 1, 1, 1, 1, 1, 1, 1, 1, 1, 1, 1, 1, 1, 1, 1, 1, 1, 
1, 1, 1, 1, 1, 2.544, 2.488, 2.571, 2.538, 2.568, 2.601, 2.589, 
2.701, 2.766, 2.771, 2.913), .Dim = c(11L, 40L), .Dimnames = list(
    NULL, c("Sampling", "PSO.cost", "PSO.gamma", "PSO.data.balancing", 
    "PSO.feature.selection", "PSO.valid.acc", "PSO.test.acc", 
    "PSO.train.time", "PSO.n.support.vectors", "PSO.index", "PSO.n.solutions", 
    "PSO.generations", "PSO.n.evaluations", "PSO.cpu.time", "RS.cost", 
    "RS.gamma", "RS.data.balancing", "RS.feature.selection", 
    "RS.valid.acc", "RS.test.acc", "RS.train.time", "RS.n.support.vectors", 
    "RS.index", "RS.n.solutions", "RS.generations", "RS.n.evaluations", 
    "RS.cpu.time", "DF.cost", "DF.gamma", "DF.data.balancing", 
    "DF.feature.selection", "DF.valid.acc", "DF.test.acc", "DF.train.time", 
    "DF.n.support.vectors", "DF.index", "DF.n.solutions", "DF.generations", 
    "DF.n.evaluations", "DF.cpu.time")))
