full <-
structure(c(50, 55, 60, 65, 70, 75, 80, 85, 90, 95, 100, 15, 
14.85429, 15, 14.95381, 8.97795, 2.29288, 1.10484, 10.66233, 
2.71443, 9.8469, 0.71738, -9.73074, -7.41599, -7.63934, -5.62784, 
-5.8826, -1.60045, -0.13234, -3.27422, -0.48053, -5.26899, -1.35727, 
0, 0, 0, 0, 0, 0, 0, 0, 0, 0, 0, 0, 0, 0, 0, 0, 0, 0, 0, 0, 0, 
0, 0.74382, 0.74759, 0.74062, 0.72622, 0.71148, 0.74305, 0.74554, 
0.74507, 0.75122, 0.74868, 0.75608, 0.71075, 0.73379, 0.74375, 
0.71765, 0.6873, 0.71823, 0.73386, 0.72097, 0.75738, 0.73303, 
0.74301, 0.0621, 0.2444, 0.3442, 1.5556, 0.0512, 0.0331, 0.0377, 
0.3421, 0.0447, 0.137, 0.0468, 131.9, 137.3, 153.7, 166.6, 182.8, 
198.4, 221.3, 206.5, 230.7, 225.3, 251.6, 677, 1653, 1397, 1523, 
586, 105, 1081, 274, 2114, 1123, 722, 29, 7, 15, 1, 108, 165, 
109, 53, 10, 41, 137, 100, 100, 100, 100, 100, 100, 100, 100, 
100, 100, 100, 2500, 2500, 2500, 2500, 2500, 2500, 2500, 2500, 
2500, 2500, 2500, 8842.867, 10102.38, 12776.27, 22940.648, 9374.038, 
11791.452, 8000.401, 18559.178, 12828.297, 17065.107, 8642.24400000001, 
14.86269, 14.72254, 14.00726, 12.39915, 3.11922, 1.18441, 1.90064, 
5.84821, 1.88899, 9.78186, 0.43834, -9.85217, -7.43473, -6.80827, 
-5.03599, -2.83299, -0.36661, -0.73017, -3.45166, -0.42699, -5.23715, 
-1.19228, 0, 0, 0, 0, 0, 0, 0, 0, 0, 0, 0, 0, 0, 0, 0, 0, 0, 
0, 0, 0, 0, 0, 0.74012, 0.74414, 0.7375, 0.72345, 0.71119, 0.74061, 
0.74089, 0.7429, 0.75113, 0.74868, 0.75234, 0.71075, 0.73379, 
0.7375, 0.71765, 0.68715, 0.73067, 0.72915, 0.73435, 0.75117, 
0.73303, 0.74486, 0.0523, 0.1894, 0.2694, 0.3361, 0.032, 0.0351, 
0.0359, 0.0532, 0.0433, 0.1438, 0.0474, 131.7, 136.6, 153.1, 
167.7, 188.4, 210, 213.2, 207.5, 233.7, 225.2, 252.9, 1964, 2457, 
121, 1937, 1415, 94, 1778, 1855, 316, 346, 497, 1, 1, 25, 1, 
1, 1, 1, 1, 1, 1, 3, 100, 100, 100, 100, 100, 100, 100, 100, 
100, 100, 100, 2500, 2500, 2500, 2500, 2500, 2500, 2500, 2500, 
2500, 2500, 2500, 7426.833, 7747.513, 8550.689, 9100.724, 9017.93700000001, 
9575.219, 10878.575, 11701.64, 11835.408, 13449.266, 14686.806, 
1, 1, 1, 1, 1, 1, 1, 1, 1, 1, 1, 0.25, 0.25, 0.25, 0.25, 0.25, 
0.25, 0.25, 0.25, 0.25, 0.25, 0.25, 0, 0, 0, 0, 0, 0, 0, 0, 0, 
0, 0, 0, 0, 0, 0, 0, 0, 0, 0, 0, 0, 0, 0.69922, 0.70644, 0.7125, 
0.7121, 0.69782, 0.71067, 0.7245, 0.71208, 0.73854, 0.73291, 
0.73728, 0.70692, 0.69954, 0.70625, 0.71496, 0.68986, 0.71323, 
0.73137, 0.7056, 0.73255, 0.71915, 0.74106, 0.0199, 0.0207, 0.0233, 
0.0255, 0.0303, 0.0338, 0.0346, 0.0368, 0.0403, 0.0442, 0.0473, 
142.3, 152.4, 168.5, 181.6, 197.2, 203.4, 212.1, 222.6, 229.8, 
239.6, 250.1, 1, 1, 1, 1, 1, 1, 1, 1, 1, 1, 1, 1, 1, 1, 1, 1, 
1, 1, 1, 1, 1, 1, 1, 1, 1, 1, 1, 1, 1, 1, 1, 1, 1, 1, 1, 1, 1, 
1, 1, 1, 1, 1, 1, 1, 2.49, 2.538, 2.55, 2.53, 2.623, 2.761, 2.683, 
2.61, 2.649, 2.812, 2.725), .Dim = c(11L, 40L), .Dimnames = list(
    NULL, c("Sampling", "PSO.cost", "PSO.gamma", "PSO.data.balancing", 
    "PSO.feature.selection", "PSO.valid.acc", "PSO.test.acc", 
    "PSO.train.time", "PSO.n.support.vectors", "PSO.index", "PSO.n.solutions", 
    "PSO.generations", "PSO.n.evaluations", "PSO.cpu.time", "RS.cost", 
    "RS.gamma", "RS.data.balancing", "RS.feature.selection", 
    "RS.valid.acc", "RS.test.acc", "RS.train.time", "RS.n.support.vectors", 
    "RS.index", "RS.n.solutions", "RS.generations", "RS.n.evaluations", 
    "RS.cpu.time", "DF.cost", "DF.gamma", "DF.data.balancing", 
    "DF.feature.selection", "DF.valid.acc", "DF.test.acc", "DF.train.time", 
    "DF.n.support.vectors", "DF.index", "DF.n.solutions", "DF.generations", 
    "DF.n.evaluations", "DF.cpu.time")))
