full <-
structure(c(50, 55, 60, 65, 70, 75, 80, 85, 90, 95, 100, 7.71466, 
12.96218, 4.34426, 15, 0.25189, 2.78811, 8.77784, 8.25551, 9.85689, 
3.98084, -0.1818, -3.53861, -4.99919, -2.30611, -6.42309, -1.08933, 
-1.85951, -4.0185, -4.33976, -3.06157, -2.59973, -0.6974, 0, 
0, 0, 0, 0, 0, 0, 0, 0, 0, 0, 0, 0, 0, 0, 0, 0, 0, 0, 0, 0, 0, 
0.77799, 0.77131, 0.77779, 0.76146, 0.7643, 0.75824, 0.77351, 
0.7608, 0.75276, 0.75426, 0.75959, 0.74423, 0.74716, 0.74985, 
0.75836, 0.74815, 0.73573, 0.76886, 0.75186, 0.74043, 0.75034, 
0.75201, 0.0289, 0.3033, 0.0253, 0.6656, 0.0263, 0.0313, 0.0694, 
0.0626, 0.2033, 0.0497, 0.0466, 109.1, 122.3, 136.3, 146.3, 178.9, 
183.6, 182.4, 196.7, 212.8, 227.1, 258.5, 815, 2294, 600, 411, 
413, 1474, 984, 588, 539, 628, 1393, 48, 2, 102, 55, 222, 21, 
117, 45, 61, 123, 13, 100, 100, 100, 100, 100, 100, 100, 100, 
100, 100, 100, 2500, 2500, 2500, 2500, 2500, 2500, 2500, 2500, 
2500, 2500, 2500, 7286.523, 13144.318, 6946.415, 17598.93, 9497.196, 
11467.897, 7814.13900000001, 14447.66, 18817.008, 11337.95, 7386.071, 
7.76981, 0.24948, 1.65817, 14.94576, 0.16647, 2.92602, 9.34286, 
6.2623, 2.46388, -0.12675, -0.14896, -3.57538, 0.91367, -1.17865, 
-6.41675, -1.2358, -2.01037, -4.2161, -3.66349, -1.45229, -0.75264, 
-0.68453, 0, 0, 0, 0, 0, 0, 0, 0, 0, 0, 0, 0, 0, 0, 0, 0, 0, 
0, 0, 0, 0, 0, 0.77429, 0.7681, 0.77457, 0.7586, 0.76166, 0.75574, 
0.77118, 0.76075, 0.74872, 0.75415, 0.75585, 0.74423, 0.76131, 
0.7561, 0.75836, 0.75889, 0.73329, 0.76886, 0.75843, 0.75076, 
0.74841, 0.75201, 0.0302, 0.0213, 0.0229, 0.679, 0.0262, 0.0305, 
0.0799, 0.0473, 0.0442, 0.0457, 0.0526, 109.8, 156.8, 144.8, 
147, 179.4, 183.8, 181.7, 198.4, 223.6, 246.7, 258.8, 1249, 2265, 
865, 1678, 59, 211, 152, 1262, 2301, 1700, 1279, 1, 1, 2, 1, 
1, 2, 3, 1, 1, 1, 1, 100, 100, 100, 100, 100, 100, 100, 100, 
100, 100, 100, 2500, 2500, 2500, 2500, 2500, 2500, 2500, 2500, 
2500, 2500, 2500, 7359.92, 7743.62, 8257.442, 8153.423, 8385.41500000001, 
9578.54699999999, 9457.67200000001, 10607.471, 11667.313, 12219.836, 
13905.414, 1, 1, 1, 1, 1, 1, 1, 1, 1, 1, 1, 0.25, 0.25, 0.25, 
0.25, 0.25, 0.25, 0.25, 0.25, 0.25, 0.25, 0.25, 0, 0, 0, 0, 0, 
0, 0, 0, 0, 0, 0, 0, 0, 0, 0, 0, 0, 0, 0, 0, 0, 0, 0.74808, 0.74086, 
0.72807, 0.74096, 0.7271, 0.72798, 0.74533, 0.74327, 0.72397, 
0.73284, 0.73349, 0.75577, 0.74099, 0.72807, 0.72323, 0.73777, 
0.73317, 0.73818, 0.74307, 0.73643, 0.73868, 0.73719, 0.0179, 
0.0196, 0.0223, 0.0244, 0.0255, 0.0288, 0.0323, 0.0345, 0.0391, 
0.043, 0.048, 117.6, 134, 144.2, 160.1, 177.1, 190.8, 199.8, 
212.6, 228.5, 240.1, 250.1, 1, 1, 1, 1, 1, 1, 1, 1, 1, 1, 1, 
1, 1, 1, 1, 1, 1, 1, 1, 1, 1, 1, 1, 1, 1, 1, 1, 1, 1, 1, 1, 1, 
1, 1, 1, 1, 1, 1, 1, 1, 1, 1, 1, 1, 2.526, 2.47, 2.606, 2.565, 
2.382, 2.564, 2.629, 2.601, 2.71, 2.741, 2.894), .Dim = c(11L, 
40L), .Dimnames = list(NULL, c("Sampling", "PSO.cost", "PSO.gamma", 
"PSO.data.balancing", "PSO.feature.selection", "PSO.valid.acc", 
"PSO.test.acc", "PSO.train.time", "PSO.n.support.vectors", "PSO.index", 
"PSO.n.solutions", "PSO.generations", "PSO.n.evaluations", "PSO.cpu.time", 
"RS.cost", "RS.gamma", "RS.data.balancing", "RS.feature.selection", 
"RS.valid.acc", "RS.test.acc", "RS.train.time", "RS.n.support.vectors", 
"RS.index", "RS.n.solutions", "RS.generations", "RS.n.evaluations", 
"RS.cpu.time", "DF.cost", "DF.gamma", "DF.data.balancing", "DF.feature.selection", 
"DF.valid.acc", "DF.test.acc", "DF.train.time", "DF.n.support.vectors", 
"DF.index", "DF.n.solutions", "DF.generations", "DF.n.evaluations", 
"DF.cpu.time")))
