full <-
structure(c(50, 55, 60, 65, 70, 75, 80, 85, 90, 95, 100, 8.68325, 
3.08173, 9.45708, 15, 12.21294, 7.1743, 1.70251, 4.64208, 6.5054, 
9.54965, 11.89582, -8.08631, -4.76817, -5.06497, -5.91679, -6.59999, 
-6.95491, -0.17125, -1.9461, -2.45896, -4.53952, -6.33803, 0, 
0, 0, 0, 0, 0, 0, 0, 0, 0, 0, 0, 0, 0, 0, 0, 0, 0, 0, 0, 0, 0, 
0.78953, 0.78172, 0.78826, 0.76684, 0.7648, 0.7558, 0.76209, 
0.77565, 0.7696, 0.7602, 0.7561, 0.78198, 0.77828, 0.77858, 0.74659, 
0.74872, 0.74579, 0.74105, 0.77121, 0.74889, 0.74836, 0.73545, 
0.0216, 0.0188, 0.0921, 1.2434, 0.2188, 0.0316, 0.0371, 0.0445, 
0.0647, 0.1333, 0.3068, 100.2, 116.9, 126.3, 144.2, 153.3, 170.2, 
203.6, 197.3, 205.7, 218.1, 232.8, 48, 29, 590, 196, 45, 121, 
1621, 186, 1424, 593, 1009, 638, 214, 177, 4, 255, 72, 94, 90, 
19, 207, 71, 100, 100, 100, 100, 100, 100, 100, 100, 100, 100, 
100, 2500, 2500, 2500, 2500, 2500, 2500, 2500, 2500, 2500, 2500, 
2500, 7176.99, 7757.303, 10173.363, 16561.444, 12617.659, 11660.108, 
10045.577, 8284.05800000002, 9282.503, 13509.439, 18104.789, 
13.13956, 14.37218, 10.98328, 12.42665, 13.67726, 1.94243, 1.54077, 
6.72322, 5.49723, 14.03687, 13.53696, -10.48727, -11.10904, -5.31077, 
-8.81392, -7.01671, -2.047, -0.12716, -2.64556, -2.49417, -3.68211, 
-6.89446, 0, 0, 0, 0, 0, 0, 0, 0, 0, 0, 0, 0, 0, 0, 0, 0, 0, 
0, 0, 0, 0, 0, 0.78953, 0.78172, 0.78807, 0.76676, 0.7648, 0.75793, 
0.75977, 0.77565, 0.76752, 0.7584, 0.7561, 0.78198, 0.77828, 
0.78484, 0.76097, 0.74609, 0.74079, 0.74337, 0.76686, 0.74894, 
0.74678, 0.73733, 0.037, 0.053, 0.1864, 0.062, 0.3994, 0.0323, 
0.0364, 0.0607, 0.0536, 2.2823, 0.6264, 99.7, 113.1, 126.3, 143.3, 
153.1, 180.2, 204.8, 195.5, 207.4, 216.6, 232.6, 25, 260, 1343, 
950, 219, 1908, 1769, 282, 942, 2316, 900, 55, 28, 1, 4, 5, 1, 
1, 3, 2, 1, 1, 100, 100, 100, 100, 100, 100, 100, 100, 100, 100, 
100, 2500, 2500, 2500, 2500, 2500, 2500, 2500, 2500, 2500, 2500, 
2500, 7696.915, 7871.727, 8490.23, 8856.554, 9517.03, 9535.243, 
10540.87, 10829.924, 11911.15, 13047.857, 13936.035, 1, 1, 1, 
1, 1, 1, 1, 1, 1, 1, 1, 0.25, 0.25, 0.25, 0.25, 0.25, 0.25, 0.25, 
0.25, 0.25, 0.25, 0.25, 0, 0, 0, 0, 0, 0, 0, 0, 0, 0, 0, 0, 0, 
0, 0, 0, 0, 0, 0, 0, 0, 0, 0.76702, 0.76793, 0.77839, 0.75516, 
0.7515, 0.73335, 0.7384, 0.73614, 0.74043, 0.73863, 0.73555, 
0.77842, 0.77126, 0.77526, 0.75508, 0.73571, 0.73336, 0.73607, 
0.72729, 0.73835, 0.72482, 0.72982, 0.0176, 0.0214, 0.0221, 0.0243, 
0.0286, 0.0293, 0.0337, 0.0366, 0.0414, 0.0458, 0.0501, 112.7, 
127.4, 138.6, 157.4, 168.4, 185.6, 196.9, 209.9, 218.8, 236.3, 
249.5, 1, 1, 1, 1, 1, 1, 1, 1, 1, 1, 1, 1, 1, 1, 1, 1, 1, 1, 
1, 1, 1, 1, 1, 1, 1, 1, 1, 1, 1, 1, 1, 1, 1, 1, 1, 1, 1, 1, 1, 
1, 1, 1, 1, 1, 2.622, 2.726, 2.716, 2.742, 2.732, 2.741, 2.928, 
2.882, 3.141, 3.13, 3.271), .Dim = c(11L, 40L), .Dimnames = list(
    NULL, c("Sampling", "PSO.cost", "PSO.gamma", "PSO.data.balancing", 
    "PSO.feature.selection", "PSO.valid.acc", "PSO.test.acc", 
    "PSO.train.time", "PSO.n.support.vectors", "PSO.index", "PSO.n.solutions", 
    "PSO.generations", "PSO.n.evaluations", "PSO.cpu.time", "RS.cost", 
    "RS.gamma", "RS.data.balancing", "RS.feature.selection", 
    "RS.valid.acc", "RS.test.acc", "RS.train.time", "RS.n.support.vectors", 
    "RS.index", "RS.n.solutions", "RS.generations", "RS.n.evaluations", 
    "RS.cpu.time", "DF.cost", "DF.gamma", "DF.data.balancing", 
    "DF.feature.selection", "DF.valid.acc", "DF.test.acc", "DF.train.time", 
    "DF.n.support.vectors", "DF.index", "DF.n.solutions", "DF.generations", 
    "DF.n.evaluations", "DF.cpu.time")))
