full <-
structure(c(50, 55, 60, 65, 70, 75, 80, 85, 90, 95, 100, 15, 
9.21208, 14.94792, 10.9193, 10.21173, 0.37837, 4.81395, 7.06571, 
2.62255, 2.32053, 3.40182, -6.88545, -4.38697, -6.45396, -5.0052, 
-4.75468, 1.36904, -2.35268, -2.88604, -0.64573, -1.25878, -1.98089, 
0, 0, 0, 0, 0, 0, 0, 0, 0, 0, 0, 0, 0, 0, 0, 0, 0, 0, 0, 0, 0, 
0, 0.7745, 0.75782, 0.75649, 0.76345, 0.74609, 0.76308, 0.75703, 
0.76034, 0.76146, 0.75663, 0.76345, 0.76681, 0.75805, 0.74399, 
0.74345, 0.73542, 0.74563, 0.74302, 0.75585, 0.73446, 0.75659, 
0.7428, 0.3285, 0.0593, 0.8218, 0.1876, 0.1335, 0.0345, 0.041, 
0.0695, 0.0424, 0.0486, 0.0549, 110.5, 124.9, 141.2, 154.3, 166.5, 
224.6, 195.3, 203, 226.6, 234.3, 240.5, 356, 2066, 602, 495, 
488, 417, 581, 100, 258, 365, 353, 238, 9, 1, 84, 62, 622, 260, 
43, 482, 264, 154, 100, 100, 100, 100, 100, 100, 100, 100, 100, 
100, 100, 2500, 2500, 2500, 2500, 2500, 2500, 2500, 2500, 2500, 
2500, 2500, 10629.161, 10201.174, 22504.592, 17292.719, 10556.442, 
6740.901, 16637.174, 10245.914, 7249.723, 9470.96400000001, 7988.557, 
14.16023, 9.07143, 13.51817, 9.04059, 2.59591, 0.44754, 0.54098, 
7.49118, 0.60266, 1.91028, 3.18025, -6.62673, -4.30214, -5.48478, 
-3.70619, -5.31385, 1.32342, 1.7231, -3.13448, -0.3221, -1.21787, 
-1.84801, 0, 0, 0, 0, 0, 0, 0, 0, 0, 0, 0, 0, 0, 0, 0, 0, 0, 
0, 0, 0, 0, 0, 0.7745, 0.75782, 0.75345, 0.76059, 0.74083, 0.76064, 
0.75952, 0.76029, 0.75933, 0.75467, 0.7616, 0.76681, 0.75805, 
0.7347, 0.73773, 0.74068, 0.75063, 0.75471, 0.75812, 0.74687, 
0.75267, 0.75024, 0.2296, 0.054, 0.6614, 0.1018, 0.0248, 0.033, 
0.0367, 0.0756, 0.0422, 0.0454, 0.0496, 111, 125.2, 142.2, 156.3, 
169, 223.6, 247.7, 201.1, 235.3, 234.6, 242.5, 990, 1773, 73, 
35, 1737, 1301, 822, 648, 813, 257, 1595, 3, 2, 16, 8, 1, 2, 
1, 2, 1, 1, 1, 100, 100, 100, 100, 100, 100, 100, 100, 100, 100, 
100, 2500, 2500, 2500, 2500, 2500, 2500, 2500, 2500, 2500, 2500, 
2500, 7003.017, 7450.152, 8452.22500000001, 9548.48700000001, 
9432.774, 10074.602, 10921.219, 10721.546, 12457.905, 12831.595, 
14698.759, 1, 1, 1, 1, 1, 1, 1, 1, 1, 1, 1, 0.25, 0.25, 0.25, 
0.25, 0.25, 0.25, 0.25, 0.25, 0.25, 0.25, 0.25, 0, 0, 0, 0, 0, 
0, 0, 0, 0, 0, 0, 0, 0, 0, 0, 0, 0, 0, 0, 0, 0, 0, 0.7443, 0.73057, 
0.73167, 0.74924, 0.73009, 0.72326, 0.73123, 0.73174, 0.74271, 
0.7349, 0.7427, 0.75926, 0.74425, 0.73167, 0.72924, 0.73272, 
0.72807, 0.72896, 0.73401, 0.74483, 0.7329, 0.74458, 0.0172, 
0.0191, 0.0231, 0.024, 0.0269, 0.0298, 0.032, 0.0351, 0.0393, 
0.044, 0.0476, 124.8, 140.5, 154.8, 166, 177.7, 190, 204.2, 212.6, 
225.2, 235, 250.3, 1, 1, 1, 1, 1, 1, 1, 1, 1, 1, 1, 1, 1, 1, 
1, 1, 1, 1, 1, 1, 1, 1, 1, 1, 1, 1, 1, 1, 1, 1, 1, 1, 1, 1, 1, 
1, 1, 1, 1, 1, 1, 1, 1, 1, 2.4, 2.33, 2.572, 2.436, 2.459, 2.571, 
2.492, 2.575, 2.629, 2.831, 2.828), .Dim = c(11L, 40L), .Dimnames = list(
    NULL, c("Sampling", "PSO.cost", "PSO.gamma", "PSO.data.balancing", 
    "PSO.feature.selection", "PSO.valid.acc", "PSO.test.acc", 
    "PSO.train.time", "PSO.n.support.vectors", "PSO.index", "PSO.n.solutions", 
    "PSO.generations", "PSO.n.evaluations", "PSO.cpu.time", "RS.cost", 
    "RS.gamma", "RS.data.balancing", "RS.feature.selection", 
    "RS.valid.acc", "RS.test.acc", "RS.train.time", "RS.n.support.vectors", 
    "RS.index", "RS.n.solutions", "RS.generations", "RS.n.evaluations", 
    "RS.cpu.time", "DF.cost", "DF.gamma", "DF.data.balancing", 
    "DF.feature.selection", "DF.valid.acc", "DF.test.acc", "DF.train.time", 
    "DF.n.support.vectors", "DF.index", "DF.n.solutions", "DF.generations", 
    "DF.n.evaluations", "DF.cpu.time")))
