full <-
structure(c(50, 55, 60, 65, 70, 75, 80, 85, 90, 95, 100, 12.94794, 
6.63471, 9.49794, 1.19306, 1.01717, 1.74936, 8.66905, 2.17409, 
14.79907, 3.69409, 10.15857, -7.05351, -4.9532, -3.57998, -0.23591, 
-0.47657, -1.92492, -2.16323, -0.61868, -6.55188, -1.22588, -3.53574, 
0, 0, 0, 0, 0, 0, 0, 0, 0, 0, 0, 0, 0, 0, 0, 0, 0, 0, 0, 0, 0, 
0, 0.76724, 0.77149, 0.76885, 0.76735, 0.75125, 0.75083, 0.75493, 
0.75402, 0.75124, 0.74659, 0.75987, 0.73319, 0.73057, 0.77198, 
0.76735, 0.75154, 0.73613, 0.7361, 0.74087, 0.73648, 0.7269, 
0.73171, 0.0707, 0.0234, 0.0702, 0.0271, 0.0307, 0.0309, 0.1205, 
0.0397, 0.9988, 0.0536, 0.2979, 118.2, 130.5, 135.5, 174.8, 189.3, 
195.1, 196.3, 218.4, 209.8, 234.6, 234.8, 265, 877, 361, 858, 
607, 2430, 652, 1373, 1986, 1756, 414, 94, 34, 161, 210, 37, 
1, 123, 33, 2, 4, 210, 100, 100, 100, 100, 100, 100, 100, 100, 
100, 100, 100, 2500, 2500, 2500, 2500, 2500, 2500, 2500, 2500, 
2500, 2500, 2500, 8865.814, 10608.195, 10993.89, 7188.601, 8441.24400000001, 
10882.976, 13756.243, 12038.179, 30774.433, 10733.99, 19426.616, 
12.72141, 9.38101, 6.11421, 1.62785, 1.89481, 2.33655, 2.86079, 
1.69595, 14.10938, 11.10242, -0.16405, -6.92883, -6.06735, -2.39857, 
-0.28959, -0.70096, -1.98621, -0.43767, -0.38107, -6.21158, -5.39409, 
-0.90921, 0, 0, 0, 0, 0, 0, 0, 0, 0, 0, 0, 0, 0, 0, 0, 0, 0, 
0, 0, 0, 0, 0, 0.76724, 0.76805, 0.76866, 0.76458, 0.74855, 0.74839, 
0.75493, 0.75184, 0.7449, 0.74851, 0.76179, 0.73319, 0.73724, 
0.76563, 0.76718, 0.75687, 0.73851, 0.74767, 0.73865, 0.7406, 
0.73667, 0.74851, 0.068, 0.031, 0.0308, 0.026, 0.0309, 0.0322, 
0.0384, 0.0392, 0.7971, 0.2251, 0.0504, 118.4, 130.3, 138.5, 
172.4, 183, 193.4, 207.5, 221.6, 210.9, 226.7, 256.5, 295, 295, 
157, 695, 1039, 142, 145, 1504, 174, 274, 2033, 4, 2, 1, 1, 3, 
2, 1, 1, 2, 2, 1, 100, 100, 100, 100, 100, 100, 100, 100, 100, 
100, 100, 2500, 2500, 2500, 2500, 2500, 2500, 2500, 2500, 2500, 
2500, 2500, 7911.1, 8310.331, 8578.387, 9501.92000000001, 9805.246, 
10496.35, 10560.382, 12358.442, 13120.997, 12696.857, 14219.196, 
1, 1, 1, 1, 1, 1, 1, 1, 1, 1, 1, 0.25, 0.25, 0.25, 0.25, 0.25, 
0.25, 0.25, 0.25, 0.25, 0.25, 0.25, 0, 0, 0, 0, 0, 0, 0, 0, 0, 
0, 0, 0, 0, 0, 0, 0, 0, 0, 0, 0, 0, 0, 0.74088, 0.74414, 0.74375, 
0.72944, 0.7139, 0.72088, 0.71733, 0.72309, 0.73027, 0.70922, 
0.7373, 0.74117, 0.74069, 0.75313, 0.7265, 0.72997, 0.71356, 
0.72669, 0.7297, 0.72202, 0.72298, 0.74299, 0.0203, 0.0213, 0.022, 
0.0256, 0.0275, 0.0325, 0.0325, 0.0375, 0.0399, 0.0469, 0.0496, 
132.6, 144, 151.1, 167, 182.9, 199.3, 207.8, 219.3, 230.5, 245.1, 
248.8, 1, 1, 1, 1, 1, 1, 1, 1, 1, 1, 1, 1, 1, 1, 1, 1, 1, 1, 
1, 1, 1, 1, 1, 1, 1, 1, 1, 1, 1, 1, 1, 1, 1, 1, 1, 1, 1, 1, 1, 
1, 1, 1, 1, 1, 2.771, 2.805, 2.722, 2.763, 2.659, 2.93, 2.744, 
2.916, 2.997, 3.199, 3.227), .Dim = c(11L, 40L), .Dimnames = list(
    NULL, c("Sampling", "PSO.cost", "PSO.gamma", "PSO.data.balancing", 
    "PSO.feature.selection", "PSO.valid.acc", "PSO.test.acc", 
    "PSO.train.time", "PSO.n.support.vectors", "PSO.index", "PSO.n.solutions", 
    "PSO.generations", "PSO.n.evaluations", "PSO.cpu.time", "RS.cost", 
    "RS.gamma", "RS.data.balancing", "RS.feature.selection", 
    "RS.valid.acc", "RS.test.acc", "RS.train.time", "RS.n.support.vectors", 
    "RS.index", "RS.n.solutions", "RS.generations", "RS.n.evaluations", 
    "RS.cpu.time", "DF.cost", "DF.gamma", "DF.data.balancing", 
    "DF.feature.selection", "DF.valid.acc", "DF.test.acc", "DF.train.time", 
    "DF.n.support.vectors", "DF.index", "DF.n.solutions", "DF.generations", 
    "DF.n.evaluations", "DF.cpu.time")))
