full <-
structure(c(50, 55, 60, 65, 70, 75, 80, 85, 90, 95, 100, 2.13679, 
5.12423, 1, 15, 11.28714, 2.11821, 13.75514, 3.2201, 14.97293, 
0.49225, 15, -1.28551, -6.99931, 0.25, -6.00614, -8.71533, -1.00025, 
-3.4389, -0.41426, -5.90785, -0.37021, -6.78352, 0, 0, 0, 0, 
0, 0, 0, 0, 0, 0, 0, 0, 0, 0, 0, 0, 0, 0, 0, 0, 0, 0, 0.72578, 
0.72718, 0.7375, 0.7408, 0.74339, 0.74823, 0.73571, 0.743, 0.74956, 
0.75429, 0.76172, 0.71766, 0.72384, 0.71875, 0.72046, 0.73798, 
0.74329, 0.71927, 0.72976, 0.7246, 0.72692, 0.75033, 0.0185, 
0.02, 0.0232, 1.3252, 0.0728, 0.0313, 1.8787, 0.0427, 1.7553, 
0.0429, 1.337, 134.6, 136.7, 156.7, 155.8, 164.8, 193.4, 192.3, 
213.8, 209.4, 246.1, 231.4, 1822, 11, 1, 430, 73, 1902, 486, 
2060, 870, 2293, 593, 9, 1083, 427, 2, 368, 2, 34, 3, 1, 1, 2, 
100, 100, 100, 100, 100, 100, 100, 100, 100, 100, 100, 2500, 
2500, 2500, 2500, 2500, 2500, 2500, 2500, 2500, 2500, 2500, 6660.233, 
6645.831, 6737.041, 14490.73, 8130.126, 7610.18800000001, 14589.804, 
7398.48999999999, 20080.308, 8493.617, 25431.991, 0.99395, -0.30878, 
6.98867, 3.64001, 12.28889, 2.35449, 1.18846, 2.42142, 13.3157, 
0.87474, 14.85899, -0.8091, 2.87606, -6.17685, -7.70977, -9.1678, 
-0.89191, -1.01686, 0.02082, -5.34684, -0.49684, -6.75925, 0, 
0, 0, 0, 0, 0, 0, 0, 0, 0, 0, 0, 0, 0, 0, 0, 0, 0, 0, 0, 0, 0, 
0.72564, 0.7304, 0.7375, 0.74063, 0.74339, 0.74073, 0.73583, 
0.74295, 0.74535, 0.75037, 0.75987, 0.70285, 0.70279, 0.73125, 
0.73205, 0.74068, 0.73829, 0.72398, 0.73633, 0.72252, 0.72888, 
0.7503, 0.018, 0.0246, 0.0369, 0.0229, 0.0856, 0.0322, 0.0351, 
0.0408, 0.9616, 0.0476, 1.2654, 138.3, 196.6, 147.1, 154.8, 164.5, 
192.6, 210.6, 218.3, 210.7, 241.7, 231.7, 466, 647, 7, 74, 151, 
763, 227, 600, 418, 736, 1782, 3, 2, 93, 5, 12, 2, 1, 3, 2, 1, 
1, 100, 100, 100, 100, 100, 100, 100, 100, 100, 100, 100, 2500, 
2500, 2500, 2500, 2500, 2500, 2500, 2500, 2500, 2500, 2500, 7188.72, 
7638.947, 7936.186, 8105.609, 8990.77800000001, 10134.08, 10919.439, 
11284.801, 13041.706, 13131.067, 14051.141, 1, 1, 1, 1, 1, 1, 
1, 1, 1, 1, 1, 0.25, 0.25, 0.25, 0.25, 0.25, 0.25, 0.25, 0.25, 
0.25, 0.25, 0.25, 0, 0, 0, 0, 0, 0, 0, 0, 0, 0, 0, 0, 0, 0, 0, 
0, 0, 0, 0, 0, 0, 0, 0.71823, 0.71325, 0.7375, 0.73492, 0.73798, 
0.72811, 0.72198, 0.72531, 0.72213, 0.72888, 0.73552, 0.71083, 
0.71337, 0.71875, 0.72903, 0.73798, 0.73061, 0.70803, 0.71652, 
0.74079, 0.723, 0.73352, 0.0179, 0.0212, 0.0217, 0.0247, 0.0283, 
0.0304, 0.0349, 0.0368, 0.0388, 0.0425, 0.0447, 136.1, 148, 156.7, 
167.7, 181.3, 191.8, 207.1, 221.7, 227.1, 238.1, 250.2, 1, 1, 
1, 1, 1, 1, 1, 1, 1, 1, 1, 1, 1, 1, 1, 1, 1, 1, 1, 1, 1, 1, 1, 
1, 1, 1, 1, 1, 1, 1, 1, 1, 1, 1, 1, 1, 1, 1, 1, 1, 1, 1, 1, 1, 
2.371, 2.575, 2.4, 2.44, 2.617, 2.55, 2.725, 2.73, 2.66, 2.747, 
2.704), .Dim = c(11L, 40L), .Dimnames = list(NULL, c("Sampling", 
"PSO.cost", "PSO.gamma", "PSO.data.balancing", "PSO.feature.selection", 
"PSO.valid.acc", "PSO.test.acc", "PSO.train.time", "PSO.n.support.vectors", 
"PSO.index", "PSO.n.solutions", "PSO.generations", "PSO.n.evaluations", 
"PSO.cpu.time", "RS.cost", "RS.gamma", "RS.data.balancing", "RS.feature.selection", 
"RS.valid.acc", "RS.test.acc", "RS.train.time", "RS.n.support.vectors", 
"RS.index", "RS.n.solutions", "RS.generations", "RS.n.evaluations", 
"RS.cpu.time", "DF.cost", "DF.gamma", "DF.data.balancing", "DF.feature.selection", 
"DF.valid.acc", "DF.test.acc", "DF.train.time", "DF.n.support.vectors", 
"DF.index", "DF.n.solutions", "DF.generations", "DF.n.evaluations", 
"DF.cpu.time")))
