full <-
structure(c(50, 55, 60, 65, 70, 75, 80, 85, 90, 95, 100, 2.20668, 
0.56643, 3.03156, 1.55048, 7.87094, 4.50903, 8.32661, 7.26289, 
2.76403, 11.43975, 8.11302, -1.57876, 0.12939, -0.70182, -1.05551, 
-4.0297, -2.43129, -4.39152, -3.15127, -1.20411, -4.30123, -4.64719, 
0, 0, 0, 0, 0, 0, 0, 0, 0, 0, 0, 0, 0, 0, 0, 0, 0, 0, 0, 0, 0, 
0, 0.78134, 0.77172, 0.76578, 0.77815, 0.78025, 0.79055, 0.79233, 
0.77126, 0.77588, 0.76391, 0.75977, 0.7661, 0.75149, 0.75034, 
0.76933, 0.76461, 0.77555, 0.78281, 0.747, 0.76954, 0.7563, 0.7467, 
0.018, 0.0205, 0.0233, 0.0256, 0.0534, 0.0337, 0.0596, 0.0599, 
0.0408, 0.3546, 0.0973, 125.1, 151.3, 150.7, 165.1, 164.1, 173.8, 
179.6, 195.9, 218.5, 220, 234, 416, 136, 330, 1598, 919, 1530, 
620, 388, 1093, 200, 1987, 585, 664, 278, 44, 61, 38, 213, 142, 
19, 564, 1, 100, 100, 100, 100, 100, 100, 100, 100, 100, 100, 
100, 2500, 2500, 2500, 2500, 2500, 2500, 2500, 2500, 2500, 2500, 
2500, 6434.089, 6483.989, 6538.73, 6729.607, 8755.188, 8029.94200000001, 
8865.864, 11120.792, 7520.00099999999, 16799.294, 19771.36, 2.07109, 
0.5661, 3.57012, -0.8761, 7.85321, 0.30264, 3.56601, 0.13257, 
2.97352, 11.93243, 7.96159, -1.51043, -0.1569, -0.92725, 2.33871, 
-3.9712, -1.33812, -2.9423, -0.98703, -1.41232, -4.44089, -4.59461, 
0, 0, 0, 0, 0, 0, 0, 0, 0, 0, 0, 0, 0, 0, 0, 0, 0, 0, 0, 0, 0, 
0, 0.78134, 0.77161, 0.76275, 0.77244, 0.77762, 0.78561, 0.79217, 
0.76696, 0.77371, 0.76391, 0.75977, 0.7661, 0.75149, 0.75659, 
0.7695, 0.76731, 0.76561, 0.78048, 0.75599, 0.77371, 0.7563, 
0.7467, 0.0186, 0.0199, 0.0254, 0.0303, 0.0518, 0.0292, 0.035, 
0.0368, 0.0425, 0.4945, 0.087, 125.5, 148.1, 149.4, 222.8, 164.5, 
187.8, 184.2, 217.9, 218.4, 219.7, 234.4, 2102, 1261, 2062, 431, 
1042, 823, 2128, 96, 1224, 486, 153, 1, 1, 1, 2, 1, 2, 1, 4, 
1, 3, 1, 100, 100, 100, 100, 100, 100, 100, 100, 100, 100, 100, 
2500, 2500, 2500, 2500, 2500, 2500, 2500, 2500, 2500, 2500, 2500, 
7464.365, 8041.748, 8349.872, 8642.767, 9531.288, 9768.04400000001, 
9848.84, 11038.492, 10890.466, 12335.388, 13850.41, 1, 1, 1, 
1, 1, 1, 1, 1, 1, 1, 1, 0.25, 0.25, 0.25, 0.25, 0.25, 0.25, 0.25, 
0.25, 0.25, 0.25, 0.25, 0, 0, 0, 0, 0, 0, 0, 0, 0, 0, 0, 0, 0, 
0, 0, 0, 0, 0, 0, 0, 0, 0, 0.74416, 0.72023, 0.71538, 0.72924, 
0.74846, 0.75323, 0.76409, 0.7385, 0.75113, 0.73457, 0.73342, 
0.74031, 0.72011, 0.72788, 0.73218, 0.73815, 0.74317, 0.76614, 
0.74285, 0.74692, 0.73284, 0.73712, 0.0179, 0.0203, 0.0225, 0.0254, 
0.0278, 0.0315, 0.0324, 0.0357, 0.0387, 0.042, 0.046, 128.7, 
143, 157.7, 167.3, 178.3, 186.8, 194.5, 213.1, 226.5, 237.8, 
249.8, 1, 1, 1, 1, 1, 1, 1, 1, 1, 1, 1, 1, 1, 1, 1, 1, 1, 1, 
1, 1, 1, 1, 1, 1, 1, 1, 1, 1, 1, 1, 1, 1, 1, 1, 1, 1, 1, 1, 1, 
1, 1, 1, 1, 1, 2.589, 2.559, 2.589, 2.694, 2.82, 2.864, 2.837, 
2.861, 2.799, 2.799, 2.85), .Dim = c(11L, 40L), .Dimnames = list(
    NULL, c("Sampling", "PSO.cost", "PSO.gamma", "PSO.data.balancing", 
    "PSO.feature.selection", "PSO.valid.acc", "PSO.test.acc", 
    "PSO.train.time", "PSO.n.support.vectors", "PSO.index", "PSO.n.solutions", 
    "PSO.generations", "PSO.n.evaluations", "PSO.cpu.time", "RS.cost", 
    "RS.gamma", "RS.data.balancing", "RS.feature.selection", 
    "RS.valid.acc", "RS.test.acc", "RS.train.time", "RS.n.support.vectors", 
    "RS.index", "RS.n.solutions", "RS.generations", "RS.n.evaluations", 
    "RS.cpu.time", "DF.cost", "DF.gamma", "DF.data.balancing", 
    "DF.feature.selection", "DF.valid.acc", "DF.test.acc", "DF.train.time", 
    "DF.n.support.vectors", "DF.index", "DF.n.solutions", "DF.generations", 
    "DF.n.evaluations", "DF.cpu.time")))
