full <-
structure(c(50, 55, 60, 65, 70, 75, 80, 85, 90, 95, 100, 12.89013, 
9.68141, 0.77152, 7.67273, 1.51912, 14.6997, 5.76564, 1.0533, 
1.03396, 5.37512, 0.50628, -7.20506, -4.94305, -1.00323, -3.59353, 
-1.07986, -5.42074, -2.18029, -0.00961, -0.5551, -2.55616, -1.00486, 
0, 0, 0, 0, 0, 0, 0, 0, 0, 0, 0, 0, 0, 0, 0, 0, 0, 0, 0, 0, 0, 
0, 0.7594, 0.73789, 0.74697, 0.75496, 0.75427, 0.75076, 0.75909, 
0.76684, 0.76967, 0.77398, 0.76745, 0.72593, 0.73088, 0.73145, 
0.74361, 0.74353, 0.72826, 0.74491, 0.758, 0.76138, 0.75649, 
0.75816, 0.0781, 0.0436, 0.0233, 0.0471, 0.03, 1.7036, 0.0476, 
0.04, 0.0387, 0.0551, 0.0477, 123.7, 133.5, 162.8, 160.4, 184.3, 
178.9, 185.6, 219.5, 224.3, 223.5, 252.8, 749, 992, 619, 158, 
638, 1178, 1440, 858, 919, 870, 975, 55, 38, 369, 337, 282, 6, 
24, 113, 54, 158, 68, 100, 100, 100, 100, 100, 100, 100, 100, 
100, 100, 100, 2500, 2500, 2500, 2500, 2500, 2500, 2500, 2500, 
2500, 2500, 2500, 9054.562, 7914.692, 6523.275, 9021.84800000001, 
7515.393, 28629.294, 8598.372, 7708.72, 7339.546, 9408.31200000001, 
10091.863, 13.96942, 10.96978, 5.20475, 7.16587, 1.2522, 12.98653, 
5.75059, 3.73718, 0.03073, 4.07779, 0.50074, -7.5947, -4.87147, 
-2.515, -3.5037, -0.75747, -5.3551, -2.2482, -0.92623, -0.62155, 
-2.21066, -0.93104, 0, 0, 0, 0, 0, 0, 0, 0, 0, 0, 0, 0, 0, 0, 
0, 0, 0, 0, 0, 0, 0, 0, 0.7594, 0.73467, 0.74082, 0.75496, 0.74893, 
0.74832, 0.75682, 0.76042, 0.7655, 0.77002, 0.76557, 0.72593, 
0.73421, 0.73174, 0.74076, 0.74083, 0.7282, 0.74259, 0.75129, 
0.75104, 0.75457, 0.75627, 0.1193, 0.0943, 0.0279, 0.0403, 0.0303, 
0.6248, 0.0481, 0.044, 0.0376, 0.0476, 0.046, 123.2, 132.4, 150.9, 
160.7, 187.5, 177.6, 186.2, 204.7, 227.7, 225.1, 252.3, 628, 
187, 1341, 1535, 133, 492, 1227, 10, 127, 1108, 838, 1, 3, 3, 
1, 4, 2, 3, 1, 2, 2, 1, 100, 100, 100, 100, 100, 100, 100, 100, 
100, 100, 100, 2500, 2500, 2500, 2500, 2500, 2500, 2500, 2500, 
2500, 2500, 2500, 7569.269, 7851.631, 8258.146, 8901.196, 9842.542, 
10015.083, 10766.694, 11786.163, 11916.523, 12029.972, 14168.311, 
1, 1, 1, 1, 1, 1, 1, 1, 1, 1, 1, 0.25, 0.25, 0.25, 0.25, 0.25, 
0.25, 0.25, 0.25, 0.25, 0.25, 0.25, 0, 0, 0, 0, 0, 0, 0, 0, 0, 
0, 0, 0, 0, 0, 0, 0, 0, 0, 0, 0, 0, 0, 0.71823, 0.71649, 0.70643, 
0.7263, 0.72198, 0.72832, 0.73588, 0.7165, 0.73446, 0.7268, 0.7243, 
0.72194, 0.70982, 0.70956, 0.71202, 0.72198, 0.72576, 0.73361, 
0.72505, 0.73646, 0.73673, 0.72626, 0.0176, 0.0201, 0.0234, 0.0243, 
0.0286, 0.0292, 0.0347, 0.0351, 0.0386, 0.0411, 0.0444, 134.8, 
146.9, 159.9, 173.1, 184.5, 193.2, 197.6, 211.1, 220.6, 234.3, 
249.7, 1, 1, 1, 1, 1, 1, 1, 1, 1, 1, 1, 1, 1, 1, 1, 1, 1, 1, 
1, 1, 1, 1, 1, 1, 1, 1, 1, 1, 1, 1, 1, 1, 1, 1, 1, 1, 1, 1, 1, 
1, 1, 1, 1, 1, 2.403, 2.564, 2.658, 2.526, 2.775, 2.544, 2.855, 
2.757, 2.719, 2.822, 2.86), .Dim = c(11L, 40L), .Dimnames = list(
    NULL, c("Sampling", "PSO.cost", "PSO.gamma", "PSO.data.balancing", 
    "PSO.feature.selection", "PSO.valid.acc", "PSO.test.acc", 
    "PSO.train.time", "PSO.n.support.vectors", "PSO.index", "PSO.n.solutions", 
    "PSO.generations", "PSO.n.evaluations", "PSO.cpu.time", "RS.cost", 
    "RS.gamma", "RS.data.balancing", "RS.feature.selection", 
    "RS.valid.acc", "RS.test.acc", "RS.train.time", "RS.n.support.vectors", 
    "RS.index", "RS.n.solutions", "RS.generations", "RS.n.evaluations", 
    "RS.cpu.time", "DF.cost", "DF.gamma", "DF.data.balancing", 
    "DF.feature.selection", "DF.valid.acc", "DF.test.acc", "DF.train.time", 
    "DF.n.support.vectors", "DF.index", "DF.n.solutions", "DF.generations", 
    "DF.n.evaluations", "DF.cpu.time")))
