full <-
structure(c(50, 55, 60, 65, 70, 75, 80, 85, 90, 95, 100, 11.4792, 
5.25288, 15, 6.97058, 1.72067, 1.46457, 0.35115, 0.28431, 3.20851, 
3.23939, 2.24257, -4.25208, -7.8313, -5.21809, -6.69179, -0.29241, 
-1.19554, -1.06672, -1.30724, -2.24961, -1.6785, -1.27606, 0, 
0, 0, 0, 0, 0, 0, 0, 0, 0, 0, 0, 0, 0, 0, 0, 0, 0, 0, 0, 0, 0, 
0.73689, 0.71701, 0.75058, 0.73513, 0.74844, 0.76545, 0.74761, 
0.74727, 0.75119, 0.76832, 0.75444, 0.71453, 0.68621, 0.74111, 
0.71513, 0.73755, 0.75539, 0.73538, 0.73398, 0.74494, 0.7504, 
0.74682, 0.0958, 0.0189, 1.4528, 0.0298, 0.0326, 0.0323, 0.0374, 
0.0413, 0.0471, 0.0526, 0.0543, 125.3, 145.4, 148.6, 164.3, 188.1, 
197.6, 214.5, 226.3, 224.5, 232.6, 245.5, 821, 385, 322, 29, 
1364, 95, 1676, 1786, 454, 1484, 755, 28, 108, 52, 177, 18, 163, 
17, 3, 46, 36, 59, 100, 100, 100, 100, 100, 100, 100, 100, 100, 
100, 100, 2500, 2500, 2500, 2500, 2500, 2500, 2500, 2500, 2500, 
2500, 2500, 9259.203, 5918.55, 25704.035, 9875.14399999999, 9657.64099999999, 
9677.25999999999, 9290.50899999999, 11169.41, 24399.415, 15150.484, 
15356.776, 12.50725, 2.68363, 14.36678, 1.4428, 2.11445, 2.74082, 
0.24245, 0.34517, 6.08781, 2.83942, 2.02887, -4.34048, -1.82422, 
-5.35438, -1.93421, -0.73731, -1.50401, -0.86593, -1.3595, -3.15561, 
-1.40055, -1.18109, 0, 0, 0, 0, 0, 0, 0, 0, 0, 0, 0, 0, 0, 0, 
0, 0, 0, 0, 0, 0, 0, 0, 0.72949, 0.72069, 0.74433, 0.73538, 0.74317, 
0.76051, 0.74524, 0.74505, 0.75332, 0.76639, 0.75255, 0.71068, 
0.70034, 0.73476, 0.73513, 0.74026, 0.75051, 0.73777, 0.73398, 
0.73452, 0.75036, 0.74871, 0.1805, 0.0213, 1.0322, 0.0281, 0.033, 
0.035, 0.0397, 0.0388, 0.0595, 0.0478, 0.0551, 125.1, 149.3, 
148.9, 172.4, 185, 191.7, 217.3, 225.3, 219.4, 233.2, 246.3, 
1284, 870, 777, 176, 628, 2388, 1662, 1065, 653, 123, 1417, 2, 
2, 5, 2, 1, 1, 1, 1, 1, 4, 2, 100, 100, 100, 100, 100, 100, 100, 
100, 100, 100, 100, 2500, 2500, 2500, 2500, 2500, 2500, 2500, 
2500, 2500, 2500, 2500, 7118.134, 7692.76, 9507.985, 11495.272, 
11763.003, 12401.584, 13390.178, 14672.086, 14238.18, 15814.382, 
15819.734, 1, 1, 1, 1, 1, 1, 1, 1, 1, 1, 1, 0.25, 0.25, 0.25, 
0.25, 0.25, 0.25, 0.25, 0.25, 0.25, 0.25, 0.25, 0, 0, 0, 0, 0, 
0, 0, 0, 0, 0, 0, 0, 0, 0, 0, 0, 0, 0, 0, 0, 0, 0, 0.6916, 0.6931, 
0.69441, 0.71218, 0.73023, 0.72545, 0.71943, 0.72094, 0.73248, 
0.72871, 0.74479, 0.71068, 0.68333, 0.70018, 0.71487, 0.71942, 
0.7282, 0.71727, 0.72084, 0.73652, 0.72317, 0.73913, 0.0176, 
0.0196, 0.0254, 0.0266, 0.0312, 0.0335, 0.0382, 0.0372, 0.0407, 
0.0478, 0.0513, 141, 153.8, 164.1, 177.9, 188.3, 199.5, 209.8, 
223, 237.3, 242.4, 249.7, 1, 1, 1, 1, 1, 1, 1, 1, 1, 1, 1, 1, 
1, 1, 1, 1, 1, 1, 1, 1, 1, 1, 1, 1, 1, 1, 1, 1, 1, 1, 1, 1, 1, 
1, 1, 1, 1, 1, 1, 1, 1, 1, 1, 1, 2.307, 2.375, 3.564, 3.319, 
3.636, 3.678, 3.801, 3.419, 3.566, 3.887, 3.916), .Dim = c(11L, 
40L), .Dimnames = list(NULL, c("Sampling", "PSO.cost", "PSO.gamma", 
"PSO.data.balancing", "PSO.feature.selection", "PSO.valid.acc", 
"PSO.test.acc", "PSO.train.time", "PSO.n.support.vectors", "PSO.index", 
"PSO.n.solutions", "PSO.generations", "PSO.n.evaluations", "PSO.cpu.time", 
"RS.cost", "RS.gamma", "RS.data.balancing", "RS.feature.selection", 
"RS.valid.acc", "RS.test.acc", "RS.train.time", "RS.n.support.vectors", 
"RS.index", "RS.n.solutions", "RS.generations", "RS.n.evaluations", 
"RS.cpu.time", "DF.cost", "DF.gamma", "DF.data.balancing", "DF.feature.selection", 
"DF.valid.acc", "DF.test.acc", "DF.train.time", "DF.n.support.vectors", 
"DF.index", "DF.n.solutions", "DF.generations", "DF.n.evaluations", 
"DF.cpu.time")))
