full <-
structure(c(50, 55, 60, 65, 70, 75, 80, 85, 90, 95, 100, 13.28539, 
5.238, 6.96473, 3.47687, 13.82772, 11.86949, 15, 11.69431, 4.497, 
1.83413, 2.48105, -10.04292, -4.62432, -3.74537, -1.95923, -6.12214, 
-4.44321, -8.37174, -5.77587, -2.2308, -1.73617, -0.0413, 0, 
0, 0, 0, 0, 0, 0, 0, 0, 0, 0, 0, 0, 0, 0, 0, 0, 0, 0, 0, 0, 0, 
0.73362, 0.74508, 0.75049, 0.73229, 0.72717, 0.72598, 0.73361, 
0.74275, 0.74679, 0.76038, 0.75978, 0.72607, 0.7308, 0.73485, 
0.72666, 0.69516, 0.72104, 0.71733, 0.72739, 0.73459, 0.75053, 
0.74284, 0.049, 0.0209, 0.0321, 0.0276, 0.5226, 0.3574, 0.4812, 
0.3967, 0.0474, 0.0424, 0.049, 120.5, 133.1, 143.9, 168, 175.8, 
188.4, 194.6, 205.1, 218.7, 235.9, 252.7, 61, 1012, 1739, 345, 
549, 237, 1156, 471, 549, 599, 311, 359, 20, 4, 34, 25, 160, 
3, 63, 36, 169, 201, 100, 100, 100, 100, 100, 100, 100, 100, 
100, 100, 100, 2500, 2500, 2500, 2500, 2500, 2500, 2500, 2500, 
2500, 2500, 2500, 6326.594, 6742.625, 13098.858, 11127.872, 16562.464, 
24020.395, 13344.696, 21273.076, 15141.05, 7678.02000000002, 
8489.16399999999, 14.84198, -0.2994, 1.99235, 3.0341, 12.50717, 
13.18916, 13.81717, 10.57694, 13.76314, 1.37756, 2.83955, -12.85239, 
-2.0347, -1.55998, -1.82866, -6.01363, -4.83458, -8.09926, -5.39612, 
-7.7963, -1.55602, -0.10765, 0, 0, 0, 0, 0, 0, 0, 0, 0, 0, 0, 
0, 0, 0, 0, 0, 0, 0, 0, 0, 0, 0, 0.73362, 0.73795, 0.74756, 0.73221, 
0.72454, 0.72598, 0.73123, 0.73841, 0.74492, 0.75838, 0.75601, 
0.73362, 0.73092, 0.73171, 0.72674, 0.69516, 0.72604, 0.71965, 
0.72739, 0.74492, 0.74853, 0.7428, 0.0321, 0.0202, 0.0243, 0.0275, 
0.2159, 0.8296, 0.2598, 0.2758, 0.3728, 0.0423, 0.0503, 121.4, 
143.5, 155.3, 168.8, 176, 187.8, 194.8, 205.2, 208, 237.4, 249.7, 
174, 1313, 1783, 2049, 384, 183, 360, 627, 86, 321, 1191, 26, 
1, 1, 2, 3, 2, 5, 1, 1, 1, 1, 100, 100, 100, 100, 100, 100, 100, 
100, 100, 100, 100, 2500, 2500, 2500, 2500, 2500, 2500, 2500, 
2500, 2500, 2500, 2500, 7154.204, 7761.634, 7834.20299999999, 
8497.745, 9198.769, 9667.575, 10132.632, 10824.677, 11370.117, 
12231.687, 13773.24, 1, 1, 1, 1, 1, 1, 1, 1, 1, 1, 1, 0.25, 0.25, 
0.25, 0.25, 0.25, 0.25, 0.25, 0.25, 0.25, 0.25, 0.25, 0, 0, 0, 
0, 0, 0, 0, 0, 0, 0, 0, 0, 0, 0, 0, 0, 0, 0, 0, 0, 0, 0, 0.72593, 
0.73117, 0.72226, 0.71155, 0.7059, 0.71579, 0.71484, 0.72082, 
0.74088, 0.73288, 0.73176, 0.72949, 0.73806, 0.741, 0.7091, 0.71899, 
0.70085, 0.71478, 0.72952, 0.73879, 0.73088, 0.73365, 0.0184, 
0.0189, 0.0222, 0.0246, 0.0286, 0.0318, 0.0319, 0.0349, 0.0371, 
0.0422, 0.0438, 130.6, 143.3, 158.5, 174.1, 192, 203.3, 211.9, 
222.1, 225.7, 238.2, 251.6, 1, 1, 1, 1, 1, 1, 1, 1, 1, 1, 1, 
1, 1, 1, 1, 1, 1, 1, 1, 1, 1, 1, 1, 1, 1, 1, 1, 1, 1, 1, 1, 1, 
1, 1, 1, 1, 1, 1, 1, 1, 1, 1, 1, 1, 2.492, 2.363, 2.503, 2.509, 
2.532, 2.59, 2.468, 2.44, 2.515, 2.661, 2.614), .Dim = c(11L, 
40L), .Dimnames = list(NULL, c("Sampling", "PSO.cost", "PSO.gamma", 
"PSO.data.balancing", "PSO.feature.selection", "PSO.valid.acc", 
"PSO.test.acc", "PSO.train.time", "PSO.n.support.vectors", "PSO.index", 
"PSO.n.solutions", "PSO.generations", "PSO.n.evaluations", "PSO.cpu.time", 
"RS.cost", "RS.gamma", "RS.data.balancing", "RS.feature.selection", 
"RS.valid.acc", "RS.test.acc", "RS.train.time", "RS.n.support.vectors", 
"RS.index", "RS.n.solutions", "RS.generations", "RS.n.evaluations", 
"RS.cpu.time", "DF.cost", "DF.gamma", "DF.data.balancing", "DF.feature.selection", 
"DF.valid.acc", "DF.test.acc", "DF.train.time", "DF.n.support.vectors", 
"DF.index", "DF.n.solutions", "DF.generations", "DF.n.evaluations", 
"DF.cpu.time")))
