full <-
structure(c(50, 55, 60, 65, 70, 75, 80, 85, 90, 95, 100, 2.16373, 
11.05248, 1.70276, 1.06667, 2.96471, 0.79859, 0.6431, 15, 1.10513, 
12.75967, 1.37497, -1.94942, -3.38996, -0.72923, -0.67415, -1.34506, 
0.52934, -1.99923, -5.6786, -0.22702, -5.00366, -1.41423, 0, 
0, 0, 0, 0, 0, 0, 0, 0, 0, 0, 0, 0, 0, 0, 0, 0, 0, 0, 0, 0, 0, 
0.7859, 0.78111, 0.78736, 0.7984, 0.80245, 0.78055, 0.77802, 
0.77382, 0.75703, 0.76798, 0.7635, 0.76325, 0.75743, 0.78443, 
0.78966, 0.79164, 0.77299, 0.77342, 0.75845, 0.74665, 0.75425, 
0.75044, 0.0177, 0.1443, 0.022, 0.0239, 0.0274, 0.0317, 0.0339, 
2.0666, 0.0439, 0.7092, 0.0465, 121.8, 119.9, 146.4, 159, 160.1, 
200.4, 197.1, 196.6, 229.9, 215.9, 248.3, 587, 349, 505, 404, 
594, 505, 1672, 223, 516, 1508, 901, 116, 189, 160, 416, 400, 
79, 50, 53, 125, 8, 66, 100, 100, 100, 100, 100, 100, 100, 100, 
100, 100, 100, 2500, 2500, 2500, 2500, 2500, 2500, 2500, 2500, 
2500, 2500, 2500, 6293.36, 12025.253, 6957.609, 6579.423, 8097.663, 
10903.366, 13200.527, 43593.861, 14435.252, 27722.862, 9779.36499999999, 
0.94504, 10.73222, 1.56437, 1.17705, 1.33972, 0.6831, 0.55005, 
13.38135, 11.44515, 13.3271, 0.98018, -1.20103, -3.43766, -1.39959, 
-0.12866, -0.66059, 0.30018, -1.97698, -5.17441, -5.21396, -5.24582, 
-1.29376, 0, 0, 0, 0, 0, 0, 0, 0, 0, 0, 0, 0, 0, 0, 0, 0, 0, 
0, 0, 0, 0, 0, 0.78575, 0.78089, 0.78423, 0.79555, 0.80238, 0.77805, 
0.77331, 0.76942, 0.75291, 0.76794, 0.76162, 0.7708, 0.75409, 
0.78131, 0.77815, 0.79157, 0.77549, 0.7711, 0.75179, 0.74249, 
0.75618, 0.75414, 0.0179, 0.1164, 0.0223, 0.0253, 0.0262, 0.0326, 
0.0331, 0.993, 0.272, 0.8291, 0.046, 124.6, 121.7, 145.5, 163.1, 
165.3, 197.4, 196.9, 197.8, 203.1, 213.8, 249.2, 334, 122, 293, 
79, 620, 227, 204, 540, 1914, 604, 1863, 4, 2, 7, 1, 5, 1, 4, 
2, 1, 1, 1, 100, 100, 100, 100, 100, 100, 100, 100, 100, 100, 
100, 2500, 2500, 2500, 2500, 2500, 2500, 2500, 2500, 2500, 2500, 
2500, 7192.932, 7595.515, 7820.707, 8502.899, 8843.012, 9937.02900000001, 
10726.62, 12294.409, 12514.682, 13373.254, 13484.474, 1, 1, 1, 
1, 1, 1, 1, 1, 1, 1, 1, 0.25, 0.25, 0.25, 0.25, 0.25, 0.25, 0.25, 
0.25, 0.25, 0.25, 0.25, 0, 0, 0, 0, 0, 0, 0, 0, 0, 0, 0, 0, 0, 
0, 0, 0, 0, 0, 0, 0, 0, 0, 0.74473, 0.75375, 0.74673, 0.75798, 
0.76732, 0.76305, 0.76163, 0.74527, 0.74032, 0.73857, 0.73174, 
0.74858, 0.75397, 0.75621, 0.75782, 0.76739, 0.76573, 0.76174, 
0.74734, 0.73628, 0.74241, 0.73741, 0.0187, 0.0204, 0.0216, 0.0242, 
0.0262, 0.0294, 0.0332, 0.0372, 0.0415, 0.0414, 0.0457, 126.8, 
139, 153.1, 163.3, 170.3, 185.7, 199.2, 216.9, 222.3, 235, 249.4, 
1, 1, 1, 1, 1, 1, 1, 1, 1, 1, 1, 1, 1, 1, 1, 1, 1, 1, 1, 1, 1, 
1, 1, 1, 1, 1, 1, 1, 1, 1, 1, 1, 1, 1, 1, 1, 1, 1, 1, 1, 1, 1, 
1, 1, 2.572, 2.629, 2.518, 2.655, 2.483, 2.62, 2.683, 2.794, 
2.952, 2.696, 2.803), .Dim = c(11L, 40L), .Dimnames = list(NULL, 
    c("Sampling", "PSO.cost", "PSO.gamma", "PSO.data.balancing", 
    "PSO.feature.selection", "PSO.valid.acc", "PSO.test.acc", 
    "PSO.train.time", "PSO.n.support.vectors", "PSO.index", "PSO.n.solutions", 
    "PSO.generations", "PSO.n.evaluations", "PSO.cpu.time", "RS.cost", 
    "RS.gamma", "RS.data.balancing", "RS.feature.selection", 
    "RS.valid.acc", "RS.test.acc", "RS.train.time", "RS.n.support.vectors", 
    "RS.index", "RS.n.solutions", "RS.generations", "RS.n.evaluations", 
    "RS.cpu.time", "DF.cost", "DF.gamma", "DF.data.balancing", 
    "DF.feature.selection", "DF.valid.acc", "DF.test.acc", "DF.train.time", 
    "DF.n.support.vectors", "DF.index", "DF.n.solutions", "DF.generations", 
    "DF.n.evaluations", "DF.cpu.time")))
