full <-
structure(c(50, 55, 60, 65, 70, 75, 80, 85, 90, 95, 100, 15, 
5.53672, 6.57538, 4.97154, 7.62578, 2.49163, 10.36877, 3.06347, 
0.46388, 1.51764, 1.28315, -5.63087, -2.26223, -1.9431, -6.18036, 
-3.06424, -0.29715, -8.79165, 0.23444, -0.17445, -1.41182, -1.55, 
0, 0, 0, 0, 0, 0, 0, 0, 0, 0, 0, 0, 0, 0, 0, 0, 0, 0, 0, 0, 0, 
0, 0.77764, 0.76161, 0.7625, 0.75235, 0.76739, 0.76287, 0.75733, 
0.74957, 0.75514, 0.76247, 0.75814, 0.75527, 0.75115, 0.74375, 
0.75521, 0.75921, 0.74293, 0.74792, 0.72971, 0.74072, 0.74475, 
0.7507, 0.794, 0.0256, 0.0353, 0.0261, 0.066, 0.0315, 0.0459, 
0.0441, 0.0415, 0.0434, 0.051, 110.2, 127.4, 141.8, 152.9, 164.4, 
187.7, 181.1, 218, 239.5, 237.7, 248, 794, 90, 1012, 73, 239, 
565, 32, 1852, 1359, 946, 2144, 204, 92, 31, 326, 83, 103, 232, 
1, 79, 95, 2, 100, 100, 100, 100, 100, 100, 100, 100, 100, 100, 
100, 2500, 2500, 2500, 2500, 2500, 2500, 2500, 2500, 2500, 2500, 
2500, 14595.094, 7942.776, 7122.006, 6822.087, 8085.50999999999, 
7846.133, 7816.26299999999, 11956.483, 7532.63099999999, 16945.276, 
8095.37099999998, 14.44885, 4.56392, 6.43398, 12.87999, 4.49402, 
1.65537, 9.71241, 3.34711, 0.54946, 2.60262, 0.51815, -5.49541, 
-1.92573, -1.90847, -10.12915, -1.77899, -0.10612, -8.40008, 
0.29892, -0.14543, -1.70894, -1.25017, 0, 0, 0, 0, 0, 0, 0, 0, 
0, 0, 0, 0, 0, 0, 0, 0, 0, 0, 0, 0, 0, 0, 0.77379, 0.76161, 0.75938, 
0.75521, 0.76447, 0.76287, 0.75733, 0.75174, 0.74889, 0.75855, 
0.75437, 0.75527, 0.7477, 0.74688, 0.74664, 0.76198, 0.75293, 
0.74792, 0.72092, 0.74072, 0.74278, 0.75444, 0.6283, 0.0217, 
0.0332, 0.0496, 0.0331, 0.0326, 0.0451, 0.0447, 0.041, 0.0502, 
0.0512, 110.5, 128.1, 142, 151.1, 170.1, 191.5, 180.9, 217, 239.5, 
233.4, 250.9, 966, 1269, 1410, 2416, 1074, 1184, 876, 522, 1636, 
575, 1327, 2, 4, 1, 1, 1, 1, 5, 1, 1, 2, 2, 100, 100, 100, 100, 
100, 100, 100, 100, 100, 100, 100, 2500, 2500, 2500, 2500, 2500, 
2500, 2500, 2500, 2500, 2500, 2500, 7470.878, 7871.715, 8394.552, 
8878.55, 9182.64700000001, 10149.116, 10104.259, 11485.251, 12699.827, 
12527.266, 14502.686, 1, 1, 1, 1, 1, 1, 1, 1, 1, 1, 1, 0.25, 
0.25, 0.25, 0.25, 0.25, 0.25, 0.25, 0.25, 0.25, 0.25, 0.25, 0, 
0, 0, 0, 0, 0, 0, 0, 0, 0, 0, 0, 0, 0, 0, 0, 0, 0, 0, 0, 0, 0, 
0.75897, 0.7508, 0.7375, 0.74378, 0.74569, 0.74561, 0.74576, 
0.72976, 0.73452, 0.72317, 0.73372, 0.75157, 0.7408, 0.74375, 
0.74378, 0.74569, 0.74561, 0.75052, 0.7429, 0.72818, 0.72902, 
0.73176, 0.0175, 0.0194, 0.0227, 0.024, 0.0262, 0.0312, 0.0326, 
0.0365, 0.0409, 0.0444, 0.0501, 123.4, 136.7, 152.8, 165.8, 175.8, 
185.2, 198, 212.8, 229.1, 239.7, 248.8, 1, 1, 1, 1, 1, 1, 1, 
1, 1, 1, 1, 1, 1, 1, 1, 1, 1, 1, 1, 1, 1, 1, 1, 1, 1, 1, 1, 1, 
1, 1, 1, 1, 1, 1, 1, 1, 1, 1, 1, 1, 1, 1, 1, 1, 2.5, 2.681, 2.497, 
2.421, 2.364, 2.672, 2.542, 2.686, 2.698, 2.816, 3.006), .Dim = c(11L, 
40L), .Dimnames = list(NULL, c("Sampling", "PSO.cost", "PSO.gamma", 
"PSO.data.balancing", "PSO.feature.selection", "PSO.valid.acc", 
"PSO.test.acc", "PSO.train.time", "PSO.n.support.vectors", "PSO.index", 
"PSO.n.solutions", "PSO.generations", "PSO.n.evaluations", "PSO.cpu.time", 
"RS.cost", "RS.gamma", "RS.data.balancing", "RS.feature.selection", 
"RS.valid.acc", "RS.test.acc", "RS.train.time", "RS.n.support.vectors", 
"RS.index", "RS.n.solutions", "RS.generations", "RS.n.evaluations", 
"RS.cpu.time", "DF.cost", "DF.gamma", "DF.data.balancing", "DF.feature.selection", 
"DF.valid.acc", "DF.test.acc", "DF.train.time", "DF.n.support.vectors", 
"DF.index", "DF.n.solutions", "DF.generations", "DF.n.evaluations", 
"DF.cpu.time")))
