full <-
structure(c(50, 55, 60, 65, 70, 75, 80, 85, 90, 95, 100, 7.47524, 
3.93537, 3.73835, 1.49504, 4.3793, 0.30004, 15, 8.03349, 3.21126, 
13.88569, 1.73252, -3.13286, -3.42183, -2.71102, -1.97813, -2.83994, 
-1.46798, -6.81973, -3.14129, -0.59931, -4.77493, -0.10812, 0, 
0, 0, 0, 0, 0, 0, 0, 0, 0, 0, 0, 0, 0, 0, 0, 0, 0, 0, 0, 0, 0, 
0.77801, 0.74747, 0.76875, 0.75504, 0.77009, 0.7607, 0.77104, 
0.76718, 0.76746, 0.74855, 0.7615, 0.72158, 0.72701, 0.7625, 
0.74916, 0.75409, 0.75045, 0.75703, 0.75394, 0.74262, 0.73875, 
0.75031, 0.0294, 0.0218, 0.0244, 0.0249, 0.0329, 0.0298, 0.8522, 
0.0837, 0.0461, 1.8172, 0.0543, 115.5, 132.6, 148.4, 168.5, 170, 
193.3, 190.2, 204.5, 227.4, 228.2, 255.3, 574, 143, 1636, 1851, 
774, 173, 2013, 491, 651, 511, 478, 135, 58, 32, 21, 64, 66, 
2, 205, 279, 111, 317, 100, 100, 100, 100, 100, 100, 100, 100, 
100, 100, 100, 2500, 2500, 2500, 2500, 2500, 2500, 2500, 2500, 
2500, 2500, 2500, 7022.283, 10503.806, 11614.154, 10704.774, 
16290.317, 10195.737, 20261.594, 9626.402, 8716.15099999998, 
36216.66, 8532.666, 7.36771, 7.46791, 3.97108, 8.4335, 6.14844, 
0.58761, 14.92113, 7.87303, 4.3823, 14.51385, 1.64197, -3.09536, 
-4.79277, -2.8506, -4.50536, -3.59044, -1.62089, -6.59146, -3.17419, 
-1.33417, -4.90137, -1.26826, 0, 0, 0, 0, 0, 0, 0, 0, 0, 0, 0, 
0, 0, 0, 0, 0, 0, 0, 0, 0, 0, 0, 0.77801, 0.74747, 0.76875, 0.75202, 
0.76483, 0.7582, 0.77093, 0.76495, 0.76337, 0.74855, 0.75961, 
0.72158, 0.72368, 0.75938, 0.73471, 0.75672, 0.75045, 0.7501, 
0.75611, 0.74471, 0.74071, 0.7485, 0.03, 0.0307, 0.0241, 0.0484, 
0.0357, 0.0322, 0.8881, 0.0853, 0.0487, 2.6447, 0.0508, 115.8, 
129.9, 147.2, 156.1, 165.7, 192.5, 189.8, 204.1, 222.5, 228, 
247.5, 1829, 306, 2219, 1358, 1003, 343, 1536, 452, 145, 1721, 
35, 1, 2, 1, 1, 1, 1, 1, 1, 1, 2, 6, 100, 100, 100, 100, 100, 
100, 100, 100, 100, 100, 100, 2500, 2500, 2500, 2500, 2500, 2500, 
2500, 2500, 2500, 2500, 2500, 7628.435, 8338.034, 8211.39, 8883.58000000001, 
9278.648, 10698.719, 10575.049, 11305.871, 11884.326, 13265.849, 
14375.754, 1, 1, 1, 1, 1, 1, 1, 1, 1, 1, 1, 0.25, 0.25, 0.25, 
0.25, 0.25, 0.25, 0.25, 0.25, 0.25, 0.25, 0.25, 0, 0, 0, 0, 0, 
0, 0, 0, 0, 0, 0, 0, 0, 0, 0, 0, 0, 0, 0, 0, 0, 0, 0.73311, 0.73034, 
0.725, 0.72319, 0.73838, 0.73076, 0.72874, 0.732, 0.726, 0.72114, 
0.72229, 0.74465, 0.73034, 0.7375, 0.72899, 0.72478, 0.73558, 
0.7289, 0.73196, 0.73637, 0.73094, 0.726, 0.0187, 0.0201, 0.023, 
0.0239, 0.0289, 0.0315, 0.0343, 0.0391, 0.0434, 0.0419, 0.0456, 
128.1, 142, 156.5, 171.9, 181.9, 192.6, 207.9, 221.5, 237.2, 
246.5, 249.5, 1, 1, 1, 1, 1, 1, 1, 1, 1, 1, 1, 1, 1, 1, 1, 1, 
1, 1, 1, 1, 1, 1, 1, 1, 1, 1, 1, 1, 1, 1, 1, 1, 1, 1, 1, 1, 1, 
1, 1, 1, 1, 1, 1, 1, 2.626, 2.568, 2.574, 2.456, 2.778, 2.811, 
2.774, 2.908, 2.965, 2.738, 2.923), .Dim = c(11L, 40L), .Dimnames = list(
    NULL, c("Sampling", "PSO.cost", "PSO.gamma", "PSO.data.balancing", 
    "PSO.feature.selection", "PSO.valid.acc", "PSO.test.acc", 
    "PSO.train.time", "PSO.n.support.vectors", "PSO.index", "PSO.n.solutions", 
    "PSO.generations", "PSO.n.evaluations", "PSO.cpu.time", "RS.cost", 
    "RS.gamma", "RS.data.balancing", "RS.feature.selection", 
    "RS.valid.acc", "RS.test.acc", "RS.train.time", "RS.n.support.vectors", 
    "RS.index", "RS.n.solutions", "RS.generations", "RS.n.evaluations", 
    "RS.cpu.time", "DF.cost", "DF.gamma", "DF.data.balancing", 
    "DF.feature.selection", "DF.valid.acc", "DF.test.acc", "DF.train.time", 
    "DF.n.support.vectors", "DF.index", "DF.n.solutions", "DF.generations", 
    "DF.n.evaluations", "DF.cpu.time")))
