full <-
structure(c(50, 55, 60, 65, 70, 75, 80, 85, 90, 95, 100, 4.43722, 
15, 0.13314, 0.77909, -0.97488, 11.13669, 13.59768, 14.78791, 
4.30579, 1.746, 1.1055, -2.36904, -6.45365, 1.70616, 0.86527, 
1.79497, -10.72149, -9.22521, -3.39054, -6.338, 0.09211, -1.51741, 
0, 0, 0, 0, 0, 0, 0, 0, 0, 0, 0, 0, 0, 0, 0, 0, 0, 0, 0, 0, 0, 
0, 0.75199, 0.75466, 0.76885, 0.74622, 0.76203, 0.7382, 0.74313, 
0.74715, 0.73661, 0.74065, 0.76183, 0.73319, 0.74443, 0.74697, 
0.72311, 0.75413, 0.7332, 0.73378, 0.73184, 0.72827, 0.73484, 
0.74104, 0.0238, 1.1118, 0.024, 0.0258, 0.0312, 0.0683, 0.1243, 
3.5256, 0.0386, 0.0475, 0.0467, 125.3, 128.4, 188, 183, 221.2, 
177.5, 187.7, 195.3, 213.1, 249.5, 248.7, 137, 490, 2220, 2345, 
205, 6, 121, 2412, 134, 853, 913, 394, 54, 1, 1, 778, 566, 829, 
1, 208, 59, 66, 100, 100, 100, 100, 100, 100, 100, 100, 100, 
100, 100, 2500, 2500, 2500, 2500, 2500, 2500, 2500, 2500, 2500, 
2500, 2500, 7916.817, 17689.041, 6402.452, 6477.073, 6377.022, 
7934.75300000001, 9228.32699999999, 9915.63800000001, 6998.23999999999, 
10905.275, 9690.804, 2.58522, 13.36092, 0.27481, 9.29198, -0.92609, 
-1.01429, 12.23286, 1.45854, 2.57964, 0.53751, 1.37221, -1.60444, 
-5.89062, 1.35717, -6.17352, 1.80221, 2.07767, -8.98173, -0.45063, 
-5.46027, 0.18315, -1.63181, 0, 0, 0, 0, 0, 0, 0, 0, 0, 0, 0, 
0, 0, 0, 0, 0, 0, 0, 0, 0, 0, 0, 0.75199, 0.75466, 0.75947, 0.74345, 
0.76203, 0.74527, 0.74313, 0.74715, 0.73661, 0.73861, 0.75806, 
0.73689, 0.74443, 0.75938, 0.73479, 0.75136, 0.7327, 0.73605, 
0.7185, 0.73036, 0.72315, 0.74104, 0.0223, 0.5002, 0.0242, 0.07, 
0.0294, 0.0347, 0.086, 0.0357, 0.0393, 0.0469, 0.0464, 128.3, 
128.3, 182.4, 153, 221.4, 245.6, 187.9, 217.1, 216.2, 255.8, 
246.4, 49, 720, 921, 1426, 1806, 2194, 154, 475, 274, 1813, 730, 
9, 2, 1, 3, 1, 1, 13, 1, 4, 1, 1, 100, 100, 100, 100, 100, 100, 
100, 100, 100, 100, 100, 2500, 2500, 2500, 2500, 2500, 2500, 
2500, 2500, 2500, 2500, 2500, 8401.118, 8355.762, 8504.256, 8424.649, 
8787.891, 9670.535, 9885.16499999999, 10380.915, 10950.827, 12165.472, 
12959.138, 1, 1, 1, 1, 1, 1, 1, 1, 1, 1, 1, 0.25, 0.25, 0.25, 
0.25, 0.25, 0.25, 0.25, 0.25, 0.25, 0.25, 0.25, 0, 0, 0, 0, 0, 
0, 0, 0, 0, 0, 0, 0, 0, 0, 0, 0, 0, 0, 0, 0, 0, 0, 0.73689, 0.73741, 
0.73749, 0.73773, 0.73534, 0.73063, 0.72431, 0.72536, 0.71365, 
0.71323, 0.73003, 0.73689, 0.74075, 0.73749, 0.73765, 0.73534, 
0.72313, 0.71722, 0.72324, 0.70952, 0.70931, 0.72979, 0.0206, 
0.0203, 0.0232, 0.0245, 0.0253, 0.029, 0.0324, 0.0347, 0.0398, 
0.0436, 0.0469, 130.7, 140.1, 154.3, 162.5, 171.8, 188.1, 202.2, 
213.9, 222.3, 239.4, 250.1, 1, 1, 1, 1, 1, 1, 1, 1, 1, 1, 1, 
1, 1, 1, 1, 1, 1, 1, 1, 1, 1, 1, 1, 1, 1, 1, 1, 1, 1, 1, 1, 1, 
1, 1, 1, 1, 1, 1, 1, 1, 1, 1, 1, 1, 2.674, 2.379, 2.476, 2.525, 
2.365, 2.511, 2.513, 2.59, 2.633, 2.728, 2.818), .Dim = c(11L, 
40L), .Dimnames = list(NULL, c("Sampling", "PSO.cost", "PSO.gamma", 
"PSO.data.balancing", "PSO.feature.selection", "PSO.valid.acc", 
"PSO.test.acc", "PSO.train.time", "PSO.n.support.vectors", "PSO.index", 
"PSO.n.solutions", "PSO.generations", "PSO.n.evaluations", "PSO.cpu.time", 
"RS.cost", "RS.gamma", "RS.data.balancing", "RS.feature.selection", 
"RS.valid.acc", "RS.test.acc", "RS.train.time", "RS.n.support.vectors", 
"RS.index", "RS.n.solutions", "RS.generations", "RS.n.evaluations", 
"RS.cpu.time", "DF.cost", "DF.gamma", "DF.data.balancing", "DF.feature.selection", 
"DF.valid.acc", "DF.test.acc", "DF.train.time", "DF.n.support.vectors", 
"DF.index", "DF.n.solutions", "DF.generations", "DF.n.evaluations", 
"DF.cpu.time")))
