full <-
structure(c(50, 55, 60, 65, 70, 75, 80, 85, 90, 95, 100, 15, 
1.88206, 0.41206, 10.86207, 3.43383, 9.15373, 3.07602, 4.62372, 
1.92258, 1.15502, 15, -8.25734, -1.48329, -1.57165, -5.33501, 
-2.27013, -3.44537, -1.68781, -2.54103, -1.87453, -1.56092, -5.5737, 
0, 0, 0, 0, 0, 0, 0, 0, 0, 0, 0, 0, 0, 0, 0, 0, 0, 0, 0, 0, 0, 
0, 0.80142, 0.79511, 0.77823, 0.7837, 0.78106, 0.78008, 0.78289, 
0.76718, 0.77198, 0.7682, 0.75759, 0.78647, 0.79534, 0.7752, 
0.77504, 0.76797, 0.75538, 0.77591, 0.75636, 0.7679, 0.76212, 
0.74641, 0.0994, 0.0199, 0.0228, 0.0925, 0.0285, 0.0936, 0.0334, 
0.0433, 0.0393, 0.0446, 2.9397, 112.4, 135.7, 159.7, 151, 167, 
171.8, 189.7, 202, 220.4, 235.9, 231.5, 2376, 632, 1369, 279, 
1651, 1066, 779, 1133, 931, 1680, 1952, 1, 553, 32, 187, 5, 56, 
165, 79, 69, 108, 2, 100, 100, 100, 100, 100, 100, 100, 100, 
100, 100, 100, 2500, 2500, 2500, 2500, 2500, 2500, 2500, 2500, 
2500, 2500, 2500, 7633.03, 6620.026, 6412.811, 9362.419, 13741.837, 
9239.715, 7487.007, 8081.042, 7249.008, 8114.27100000001, 40013.42, 
7.2626, 2.74268, 0.97807, 0.62908, 3.63743, 3.31188, 2.77753, 
5.08545, 2.32136, 2.11612, 2.54032, -4.92825, -1.72724, -1.49517, 
-1.16179, -2.34715, -1.99758, -1.45432, -2.69763, -2.18908, -1.94969, 
-0.93178, 0, 0, 0, 0, 0, 0, 0, 0, 0, 0, 0, 0, 0, 0, 0, 0, 0, 
0, 0, 0, 0, 0, 0.79786, 0.79488, 0.77529, 0.78109, 0.78106, 0.7777, 
0.78051, 0.76284, 0.7679, 0.76628, 0.75379, 0.77151, 0.79523, 
0.77529, 0.77529, 0.76782, 0.76283, 0.77591, 0.75854, 0.75753, 
0.76797, 0.7426, 0.0202, 0.0199, 0.0223, 0.0246, 0.0283, 0.0324, 
0.033, 0.044, 0.0392, 0.045, 0.0495, 114.8, 133.3, 157.4, 166.2, 
166.9, 179.4, 189.8, 200.9, 218.2, 230.5, 245.8, 1950, 1082, 
1631, 665, 2122, 171, 193, 1643, 17, 41, 592, 1, 2, 3, 2, 1, 
1, 4, 1, 1, 4, 2, 100, 100, 100, 100, 100, 100, 100, 100, 100, 
100, 100, 2500, 2500, 2500, 2500, 2500, 2500, 2500, 2500, 2500, 
2500, 2500, 6935.39, 7768.823, 8198.136, 8530.325, 9348.55100000001, 
9363.19399999999, 9880.591, 11124.248, 11574.557, 12068.273, 
13245.245, 1, 1, 1, 1, 1, 1, 1, 1, 1, 1, 1, 0.25, 0.25, 0.25, 
0.25, 0.25, 0.25, 0.25, 0.25, 0.25, 0.25, 0.25, 0, 0, 0, 0, 0, 
0, 0, 0, 0, 0, 0, 0, 0, 0, 0, 0, 0, 0, 0, 0, 0, 0, 0.76752, 0.74443, 
0.75009, 0.75798, 0.73553, 0.7377, 0.75936, 0.72099, 0.74494, 
0.73647, 0.73171, 0.77863, 0.76108, 0.75938, 0.76353, 0.74349, 
0.75045, 0.7361, 0.72988, 0.74486, 0.74624, 0.73733, 0.017, 0.021, 
0.0231, 0.0243, 0.0269, 0.0293, 0.0338, 0.0352, 0.0371, 0.0427, 
0.0449, 128.6, 142.1, 161.5, 168.7, 181.9, 191.9, 202, 215.5, 
226.1, 238.1, 250.2, 1, 1, 1, 1, 1, 1, 1, 1, 1, 1, 1, 1, 1, 1, 
1, 1, 1, 1, 1, 1, 1, 1, 1, 1, 1, 1, 1, 1, 1, 1, 1, 1, 1, 1, 1, 
1, 1, 1, 1, 1, 1, 1, 1, 1, 2.351, 2.618, 2.618, 2.652, 2.595, 
2.614, 2.733, 2.644, 2.61, 2.756, 2.765), .Dim = c(11L, 40L), .Dimnames = list(
    NULL, c("Sampling", "PSO.cost", "PSO.gamma", "PSO.data.balancing", 
    "PSO.feature.selection", "PSO.valid.acc", "PSO.test.acc", 
    "PSO.train.time", "PSO.n.support.vectors", "PSO.index", "PSO.n.solutions", 
    "PSO.generations", "PSO.n.evaluations", "PSO.cpu.time", "RS.cost", 
    "RS.gamma", "RS.data.balancing", "RS.feature.selection", 
    "RS.valid.acc", "RS.test.acc", "RS.train.time", "RS.n.support.vectors", 
    "RS.index", "RS.n.solutions", "RS.generations", "RS.n.evaluations", 
    "RS.cpu.time", "DF.cost", "DF.gamma", "DF.data.balancing", 
    "DF.feature.selection", "DF.valid.acc", "DF.test.acc", "DF.train.time", 
    "DF.n.support.vectors", "DF.index", "DF.n.solutions", "DF.generations", 
    "DF.n.evaluations", "DF.cpu.time")))
