full <-
structure(c(50, 55, 60, 65, 70, 75, 80, 85, 90, 95, 100, 6.12997, 
14.79257, 3.96695, 15, 6.6003, 14.1385, 13.49371, 2.24929, 0.82736, 
0.78713, 1.59366, -3.45328, -11.02716, -5.53881, -8.08497, -1.97021, 
-9.38959, -8.39438, -1.90871, -0.12585, -1.2678, -1.62789, 0, 
0, 0, 0, 0, 0, 0, 0, 0, 0, 0, 0, 0, 0, 0, 0, 0, 0, 0, 0, 0, 0, 
0.73661, 0.73753, 0.7437, 0.74953, 0.75156, 0.75583, 0.75485, 
0.77379, 0.77632, 0.76819, 0.76379, 0.71382, 0.7273, 0.74057, 
0.74088, 0.74587, 0.74827, 0.75485, 0.76065, 0.76183, 0.75439, 
0.76012, 0.0216, 0.0937, 0.0252, 0.8805, 0.0581, 0.1801, 0.2146, 
0.0391, 0.0428, 0.0447, 0.0537, 127.6, 135.2, 146.4, 151.3, 175.2, 
172.2, 180.2, 204, 234.4, 237.8, 245.2, 232, 160, 34, 219, 953, 
8, 23, 866, 902, 1171, 2485, 63, 73, 407, 305, 75, 432, 788, 
260, 94, 60, 1, 100, 100, 100, 100, 100, 100, 100, 100, 100, 
100, 100, 2500, 2500, 2500, 2500, 2500, 2500, 2500, 2500, 2500, 
2500, 2500, 6366.077, 7578.009, 6837.497, 24155.294, 10337.243, 
13718.093, 14527.624, 13235.546, 10744.519, 12966.791, 11133.524, 
5.8691, 3.2596, 7.41011, 14.99151, 8.87083, 10.84284, 1.59973, 
4.27148, 3.22305, 0.08744, 2.20826, -3.34696, -5.5284, -7.59305, 
-8.13443, -2.63082, -7.1035, -1.33492, -2.68539, -1.31735, -0.83937, 
-1.82888, 0, 0, 0, 0, 0, 0, 0, 0, 0, 0, 0, 0, 0, 0, 0, 0, 0, 
0, 0, 0, 0, 0, 0.73661, 0.73753, 0.7437, 0.74953, 0.74879, 0.75583, 
0.76188, 0.7694, 0.77424, 0.76627, 0.76186, 0.71382, 0.72741, 
0.73754, 0.74088, 0.74047, 0.74077, 0.75258, 0.75191, 0.77424, 
0.75831, 0.75826, 0.0212, 0.0194, 0.0267, 0.7606, 0.1209, 0.0967, 
0.0384, 0.0438, 0.0483, 0.0469, 0.0504, 127.9, 138.3, 143, 151.5, 
171.8, 173, 196.1, 199.6, 220.1, 242.6, 243.2, 2327, 23, 41, 
1496, 326, 38, 1208, 1215, 27, 173, 72, 1, 5, 20, 1, 1, 21, 1, 
1, 5, 2, 1, 100, 100, 100, 100, 100, 100, 100, 100, 100, 100, 
100, 2500, 2500, 2500, 2500, 2500, 2500, 2500, 2500, 2500, 2500, 
2500, 7131.814, 7726.313, 10519.814, 11367.325, 12138.934, 12520.102, 
13082.387, 13284.666, 14429.115, 15761.989, 14079.655, 1, 1, 
1, 1, 1, 1, 1, 1, 1, 1, 1, 0.25, 0.25, 0.25, 0.25, 0.25, 0.25, 
0.25, 0.25, 0.25, 0.25, 0.25, 0, 0, 0, 0, 0, 0, 0, 0, 0, 0, 0, 
0, 0, 0, 0, 0, 0, 0, 0, 0, 0, 0, 0.7104, 0.72016, 0.73442, 0.735, 
0.72752, 0.7407, 0.74089, 0.75394, 0.72848, 0.72301, 0.73737, 
0.71026, 0.7104, 0.73129, 0.74096, 0.73272, 0.7407, 0.74792, 
0.74524, 0.74099, 0.7267, 0.73755, 0.019, 0.0207, 0.025, 0.0279, 
0.0294, 0.0334, 0.0338, 0.0359, 0.0397, 0.047, 0.047, 136.4, 
145.7, 157.5, 166.1, 178.8, 185.5, 193, 209.9, 223.1, 237.4, 
249.3, 1, 1, 1, 1, 1, 1, 1, 1, 1, 1, 1, 1, 1, 1, 1, 1, 1, 1, 
1, 1, 1, 1, 1, 1, 1, 1, 1, 1, 1, 1, 1, 1, 1, 1, 1, 1, 1, 1, 1, 
1, 1, 1, 1, 1, 2.508, 2.508, 3.228, 3.372, 3.296, 3.58, 3.361, 
3.329, 3.404, 3.797, 2.868), .Dim = c(11L, 40L), .Dimnames = list(
    NULL, c("Sampling", "PSO.cost", "PSO.gamma", "PSO.data.balancing", 
    "PSO.feature.selection", "PSO.valid.acc", "PSO.test.acc", 
    "PSO.train.time", "PSO.n.support.vectors", "PSO.index", "PSO.n.solutions", 
    "PSO.generations", "PSO.n.evaluations", "PSO.cpu.time", "RS.cost", 
    "RS.gamma", "RS.data.balancing", "RS.feature.selection", 
    "RS.valid.acc", "RS.test.acc", "RS.train.time", "RS.n.support.vectors", 
    "RS.index", "RS.n.solutions", "RS.generations", "RS.n.evaluations", 
    "RS.cpu.time", "DF.cost", "DF.gamma", "DF.data.balancing", 
    "DF.feature.selection", "DF.valid.acc", "DF.test.acc", "DF.train.time", 
    "DF.n.support.vectors", "DF.index", "DF.n.solutions", "DF.generations", 
    "DF.n.evaluations", "DF.cpu.time")))
