full <-
structure(c(50, 55, 60, 65, 70, 75, 80, 85, 90, 95, 100, 3.77855, 
2.09247, 15, 0.044, 1.64785, 1.65426, 8.04846, 1.95939, 0.93356, 
14.23107, 1.96509, -0.62027, -0.71787, -9.00424, 1.56925, 0.18404, 
-0.54867, -5.35141, -1.22512, -0.23764, -5.89291, -1.68722, 0, 
0, 0, 0, 0, 0, 0, 0, 0, 0, 0, 0, 0, 0, 0, 0, 0, 0, 0, 0, 0, 0, 
0.76724, 0.7746, 0.75332, 0.7608, 0.75661, 0.76061, 0.75025, 
0.75836, 0.76569, 0.74851, 0.76569, 0.74074, 0.76793, 0.7375, 
0.74087, 0.74061, 0.74823, 0.73618, 0.7428, 0.75727, 0.73878, 
0.76565, 0.0202, 0.0215, 0.1632, 0.0271, 0.0294, 0.0321, 0.0645, 
0.0383, 0.0395, 1.2777, 0.0497, 124.8, 140.8, 137.7, 201.9, 181.9, 
191.1, 183.1, 212.6, 229.4, 222.5, 245, 504, 1062, 192, 705, 
770, 1632, 78, 2126, 1016, 1287, 461, 116, 328, 378, 379, 44, 
28, 104, 6, 111, 3, 173, 100, 100, 100, 100, 100, 100, 100, 100, 
100, 100, 100, 2500, 2500, 2500, 2500, 2500, 2500, 2500, 2500, 
2500, 2500, 2500, 6647.511, 6656.55, 9551.668, 7219.913, 12905.396, 
11905.524, 8098.03, 7466.58900000001, 8701.82699999999, 30752.372, 
7755.212, 4.3456, 2.29174, 13.69291, 0.12815, 2.69354, 2.25483, 
4.14034, 2.40062, 0.95149, -0.18673, 1.50919, -0.7932, -0.80017, 
-8.36408, 1.66402, -0.25894, -0.40753, -3.70787, -1.55931, -0.37412, 
-0.97543, -1.53826, 0, 0, 0, 0, 0, 0, 0, 0, 0, 0, 0, 0, 0, 0, 
0, 0, 0, 0, 0, 0, 0, 0, 0.75969, 0.7746, 0.75332, 0.75794, 0.75391, 
0.76055, 0.75025, 0.75184, 0.76148, 0.74667, 0.76569, 0.73319, 
0.76793, 0.7375, 0.73801, 0.73521, 0.74823, 0.74083, 0.74725, 
0.76144, 0.7467, 0.76754, 0.0217, 0.0225, 0.1067, 0.0291, 0.0296, 
0.0303, 0.0389, 0.0395, 0.039, 0.0448, 0.0473, 123.5, 139.7, 
138.4, 204.3, 174.9, 190.5, 187.8, 210, 228.2, 246.8, 247.1, 
644, 35, 523, 915, 1337, 773, 2138, 1602, 362, 1016, 1120, 1, 
1, 4, 3, 2, 1, 1, 1, 2, 2, 2, 100, 100, 100, 100, 100, 100, 100, 
100, 100, 100, 100, 2500, 2500, 2500, 2500, 2500, 2500, 2500, 
2500, 2500, 2500, 2500, 7661.016, 7889.164, 8423.794, 8345.564, 
9043.357, 9845.15700000001, 10083.661, 10706.361, 12041.229, 
12528.024, 13762.106, 1, 1, 1, 1, 1, 1, 1, 1, 1, 1, 1, 0.25, 
0.25, 0.25, 0.25, 0.25, 0.25, 0.25, 0.25, 0.25, 0.25, 0.25, 0, 
0, 0, 0, 0, 0, 0, 0, 0, 0, 0, 0, 0, 0, 0, 0, 0, 0, 0, 0, 0, 0, 
0.72963, 0.73046, 0.7376, 0.72625, 0.73798, 0.72817, 0.74797, 
0.73411, 0.73656, 0.72686, 0.73742, 0.73319, 0.74046, 0.72822, 
0.73205, 0.73257, 0.73067, 0.73867, 0.74072, 0.72823, 0.7289, 
0.73368, 0.0185, 0.0216, 0.0212, 0.0248, 0.0265, 0.0289, 0.0337, 
0.0352, 0.0376, 0.0458, 0.0483, 128.7, 141.4, 150.3, 164.4, 175.2, 
189.1, 196.6, 211.2, 221.7, 241.6, 250.1, 1, 1, 1, 1, 1, 1, 1, 
1, 1, 1, 1, 1, 1, 1, 1, 1, 1, 1, 1, 1, 1, 1, 1, 1, 1, 1, 1, 1, 
1, 1, 1, 1, 1, 1, 1, 1, 1, 1, 1, 1, 1, 1, 1, 1, 2.678, 2.646, 
2.415, 2.623, 2.755, 2.558, 2.712, 2.604, 2.596, 2.981, 2.976
), .Dim = c(11L, 40L), .Dimnames = list(NULL, c("Sampling", "PSO.cost", 
"PSO.gamma", "PSO.data.balancing", "PSO.feature.selection", "PSO.valid.acc", 
"PSO.test.acc", "PSO.train.time", "PSO.n.support.vectors", "PSO.index", 
"PSO.n.solutions", "PSO.generations", "PSO.n.evaluations", "PSO.cpu.time", 
"RS.cost", "RS.gamma", "RS.data.balancing", "RS.feature.selection", 
"RS.valid.acc", "RS.test.acc", "RS.train.time", "RS.n.support.vectors", 
"RS.index", "RS.n.solutions", "RS.generations", "RS.n.evaluations", 
"RS.cpu.time", "DF.cost", "DF.gamma", "DF.data.balancing", "DF.feature.selection", 
"DF.valid.acc", "DF.test.acc", "DF.train.time", "DF.n.support.vectors", 
"DF.index", "DF.n.solutions", "DF.generations", "DF.n.evaluations", 
"DF.cpu.time")))
