full <-
structure(c(50, 55, 60, 65, 70, 75, 80, 85, 90, 95, 100, 11.68749, 
8.47814, 14.80563, 13.90221, 9.90396, 6.37585, 15, 11.83483, 
14.81976, 14.5671, 12.6012, -13.08273, -10.29362, -14.04578, 
-13.87133, -10.79841, -7.87137, -14.86625, -11.71917, -14.16711, 
-13.28794, -11.89552, 0, 0, 0, 0, 0, 0, 0, 0, 0, 0, 0, 0, 0, 
0, 0, 0, 0, 0, 0, 0, 0, 0, 0.7107, 0.71409, 0.72212, 0.71386, 
0.70746, 0.7134, 0.71506, 0.71776, 0.71413, 0.71389, 0.71644, 
0.70054, 0.71342, 0.71182, 0.70659, 0.70904, 0.71147, 0.71414, 
0.71392, 0.71211, 0.71045, 0.71317, 0.9284, 0.9016, 1.5094, 1.6406, 
1.9711, 1.4727, 2.2325, 3.6946, 3.2861, 4.3009, 5.5625, 715.5, 
798.9, 798.9, 880.4, 987.1, 1057.9, 1081.5, 1156.9, 1212.8, 1283.3, 
1357.8, 485, 2347, 1779, 1268, 1117, 2180, 1376, 1714, 2160, 
1994, 920, 12, 1, 1, 8, 49, 67, 1, 2, 1, 2, 1, 100, 100, 100, 
100, 100, 100, 100, 100, 100, 100, 100, 2500, 2500, 2500, 2500, 
2500, 2500, 2500, 2500, 2500, 2500, 2500, 31638.865, 36617.591, 
54232.957, 53061.777, 60453.544, 55359.243, 69157.0059999999, 
103508.447, 100054.226, 130456.406, 154156.702, 12.94012, 12.06901, 
14.5337, 10.40967, 11.32538, 8.02377, 14.3846, 13.02552, 14.34871, 
14.30298, 11.84514, -14.2253, -13.65374, -14.0663, -12.32557, 
-11.19191, -8.60767, -14.24585, -12.47129, -13.19402, -13.08066, 
-11.51459, 0, 0, 0, 0, 0, 0, 0, 0, 0, 0, 0, 0, 0, 0, 0, 0, 0, 
0, 0, 0, 0, 0, 0.70997, 0.71213, 0.72151, 0.71329, 0.70642, 0.71243, 
0.71279, 0.71605, 0.71171, 0.71312, 0.71535, 0.702, 0.71344, 
0.71363, 0.70937, 0.70591, 0.71199, 0.71414, 0.71307, 0.71131, 
0.71083, 0.71208, 0.8907, 1.0773, 1.4888, 1.4429, 2.5752, 1.7949, 
2.5522, 3.7747, 3.9735, 4.2871, 5.5657, 703.2, 769.5, 802.4, 
940.8, 968.1, 1046, 1088.5, 1148.1, 1216.6, 1286, 1365.7, 238, 
1557, 358, 232, 18, 76, 1513, 2073, 267, 417, 1567, 4, 1, 1, 
1, 2, 1, 1, 5, 1, 1, 2, 100, 100, 100, 100, 100, 100, 100, 100, 
100, 100, 100, 2500, 2500, 2500, 2500, 2500, 2500, 2500, 2500, 
2500, 2500, 2500, 42035.791, 50672.155, 60965.885, 69260.693, 
79477.117, 95321.407, 102232.27, 125543.912, 137351.475, 149639.414, 
176210.226, 1, 1, 1, 1, 1, 1, 1, 1, 1, 1, 1, 0.03846, 0.03846, 
0.03846, 0.03846, 0.03846, 0.03846, 0.03846, 0.03846, 0.03846, 
0.03846, 0.03846, 0, 0, 0, 0, 0, 0, 0, 0, 0, 0, 0, 0, 0, 0, 0, 
0, 0, 0, 0, 0, 0, 0, 0.69472, 0.69491, 0.70335, 0.69648, 0.69713, 
0.7042, 0.7069, 0.70748, 0.70525, 0.70318, 0.70008, 0.69179, 
0.69625, 0.70517, 0.69705, 0.70123, 0.70128, 0.70283, 0.70407, 
0.70605, 0.70356, 0.69863, 0.5441, 0.6357, 0.7497, 0.8615, 0.9898, 
1.1632, 1.3218, 1.4285, 1.6136, 1.8526, 1.9687, 799.4, 865.8, 
935.3, 1016, 1085.4, 1165.2, 1231.2, 1284.2, 1368.6, 1443.5, 
1506.7, 1, 1, 1, 1, 1, 1, 1, 1, 1, 1, 1, 1, 1, 1, 1, 1, 1, 1, 
1, 1, 1, 1, 1, 1, 1, 1, 1, 1, 1, 1, 1, 1, 1, 1, 1, 1, 1, 1, 1, 
1, 1, 1, 1, 1, 8.906, 9.896, 11.243, 12.283, 13.691, 15.579, 
17.379, 20.565, 22.41, 24.261, 24.934), .Dim = c(11L, 40L), .Dimnames = list(
    NULL, c("Sampling", "PSO.cost", "PSO.gamma", "PSO.data.balancing", 
    "PSO.feature.selection", "PSO.valid.acc", "PSO.test.acc", 
    "PSO.train.time", "PSO.n.support.vectors", "PSO.index", "PSO.n.solutions", 
    "PSO.generations", "PSO.n.evaluations", "PSO.cpu.time", "RS.cost", 
    "RS.gamma", "RS.data.balancing", "RS.feature.selection", 
    "RS.valid.acc", "RS.test.acc", "RS.train.time", "RS.n.support.vectors", 
    "RS.index", "RS.n.solutions", "RS.generations", "RS.n.evaluations", 
    "RS.cpu.time", "DF.cost", "DF.gamma", "DF.data.balancing", 
    "DF.feature.selection", "DF.valid.acc", "DF.test.acc", "DF.train.time", 
    "DF.n.support.vectors", "DF.index", "DF.n.solutions", "DF.generations", 
    "DF.n.evaluations", "DF.cpu.time")))
