full <-
structure(c(50, 55, 60, 65, 70, 75, 80, 85, 90, 95, 100, 10.31992, 
14.32933, 6.32718, 9.88774, 13.68868, 14.52673, 14.9754, 11.12372, 
7.43175, 13.84595, 14.6001, -9.39848, -14.99123, -7.62847, -11.66152, 
-10.80584, -11.76375, -10.50219, -10.35751, -9.01619, -11.34358, 
-13.50822, 0, 0, 0, 0, 0, 0, 0, 0, 0, 0, 0, 0, 0, 0, 0, 0, 0, 
0, 0, 0, 0, 0, 0.70572, 0.70479, 0.70761, 0.70612, 0.71008, 0.711, 
0.71187, 0.71139, 0.71048, 0.71581, 0.71276, 0.69919, 0.6962, 
0.70093, 0.70388, 0.70642, 0.70373, 0.706, 0.7067, 0.70645, 0.70475, 
0.70513, 0.937, 1.0446, 0.9105, 1.4535, 4.3211, 2.7235, 10.6823, 
4.3428, 2.1172, 6.4216, 4.2108, 705.3, 767.5, 854.3, 956, 961.1, 
1035.1, 1098.8, 1178.4, 1295.1, 1287.9, 1345, 605, 2415, 1650, 
1103, 1474, 1824, 2321, 1643, 672, 1682, 468, 183, 1, 16, 2, 
4, 4, 1, 14, 20, 1, 1, 100, 100, 100, 100, 100, 100, 100, 100, 
100, 100, 100, 2500, 2500, 2500, 2500, 2500, 2500, 2500, 2500, 
2500, 2500, 2500, 29859.954, 40165.229, 38207.076, 51045.794, 
56217.604, 106312.202, 189074.924, 104250.839, 78722.0149999999, 
162169.294, 140978.629, 10.12569, 11.33669, 6.72124, 5.60033, 
8.0959, 11.41895, 14.78555, 10.54653, 8.65737, 12.63649, 13.52236, 
-9.24758, -10.76616, -7.61113, -8.65546, -7.80062, -9.88904, 
-10.7386, -10.09245, -9.75967, -10.73095, -11.92186, 0, 0, 0, 
0, 0, 0, 0, 0, 0, 0, 0, 0, 0, 0, 0, 0, 0, 0, 0, 0, 0, 0, 0.70572, 
0.70411, 0.70577, 0.70558, 0.70852, 0.70955, 0.71005, 0.71139, 
0.70927, 0.71352, 0.71204, 0.69993, 0.70279, 0.70274, 0.70389, 
0.70901, 0.70421, 0.70599, 0.70628, 0.70605, 0.70323, 0.70623, 
0.9245, 1.4127, 0.9279, 1.0041, 1.0301, 4.0786, 8.713, 3.8091, 
2.463, 6.7702, 5.9053, 704.6, 776, 850.7, 962.4, 978.2, 1052.4, 
1097.3, 1183.9, 1290.4, 1292.7, 1348.1, 2299, 1724, 1753, 337, 
702, 244, 613, 2276, 1919, 1678, 329, 1, 1, 1, 2, 1, 1, 1, 1, 
3, 2, 1, 100, 100, 100, 100, 100, 100, 100, 100, 100, 100, 100, 
2500, 2500, 2500, 2500, 2500, 2500, 2500, 2500, 2500, 2500, 2500, 
33533.547, 44451.875, 55009.057, 61938.802, 67000.699, 90520.7209999999, 
96253.054, 113341.649, 127224.796, 144637.807, 156590.831, 1, 
1, 1, 1, 1, 1, 1, 1, 1, 1, 1, 0.03846, 0.03846, 0.03846, 0.03846, 
0.03846, 0.03846, 0.03846, 0.03846, 0.03846, 0.03846, 0.03846, 
0, 0, 0, 0, 0, 0, 0, 0, 0, 0, 0, 0, 0, 0, 0, 0, 0, 0, 0, 0, 0, 
0, 0.68902, 0.69416, 0.6991, 0.69775, 0.70179, 0.70373, 0.69827, 
0.69857, 0.69636, 0.6994, 0.70111, 0.6912, 0.69547, 0.69546, 
0.69719, 0.69349, 0.70326, 0.69874, 0.70495, 0.7016, 0.69673, 
0.70002, 0.5492, 0.654, 0.735, 0.5887, 1.0138, 1.11, 0.8672, 
1.4049, 1.5822, 1.7032, 1.92, 802.1, 872.9, 947.3, 1022.4, 1092.9, 
1177.9, 1239.2, 1307.9, 1383.9, 1447.2, 1503.9, 1, 1, 1, 1, 1, 
1, 1, 1, 1, 1, 1, 1, 1, 1, 1, 1, 1, 1, 1, 1, 1, 1, 1, 1, 1, 1, 
1, 1, 1, 1, 1, 1, 1, 1, 1, 1, 1, 1, 1, 1, 1, 1, 1, 1, 8.43, 10.476, 
10.225, 8.226, 13.286, 14.177, 11.161, 18.436, 19.291, 21.239, 
23.154), .Dim = c(11L, 40L), .Dimnames = list(NULL, c("Sampling", 
"PSO.cost", "PSO.gamma", "PSO.data.balancing", "PSO.feature.selection", 
"PSO.valid.acc", "PSO.test.acc", "PSO.train.time", "PSO.n.support.vectors", 
"PSO.index", "PSO.n.solutions", "PSO.generations", "PSO.n.evaluations", 
"PSO.cpu.time", "RS.cost", "RS.gamma", "RS.data.balancing", "RS.feature.selection", 
"RS.valid.acc", "RS.test.acc", "RS.train.time", "RS.n.support.vectors", 
"RS.index", "RS.n.solutions", "RS.generations", "RS.n.evaluations", 
"RS.cpu.time", "DF.cost", "DF.gamma", "DF.data.balancing", "DF.feature.selection", 
"DF.valid.acc", "DF.test.acc", "DF.train.time", "DF.n.support.vectors", 
"DF.index", "DF.n.solutions", "DF.generations", "DF.n.evaluations", 
"DF.cpu.time")))
