full <-
structure(c(50, 55, 60, 65, 70, 75, 80, 85, 90, 95, 100, 11.78383, 
3.88722, 6.88109, 10.6601, 3.25876, 7.44974, 5.31447, 13.14101, 
7.19667, 10.35726, 8.54889, -12.69189, -8.52997, -8.34922, -11.38028, 
-6.60322, -8.6627, -5.70479, -11.75942, -8.00495, -9.7324, -10.43139, 
0, 0, 0, 0, 0, 0, 0, 0, 0, 0, 0, 0, 0, 0, 0, 0, 0, 0, 0, 0, 0, 
0, 0.69844, 0.69812, 0.69789, 0.70781, 0.70802, 0.71392, 0.71099, 
0.71049, 0.70886, 0.71543, 0.71279, 0.69406, 0.69216, 0.69304, 
0.70781, 0.70128, 0.70619, 0.70554, 0.70963, 0.70362, 0.71236, 
0.70989, 1.1832, 0.707, 1.0874, 2.0342, 1.0561, 1.7079, 1.531, 
4.7109, 2.2988, 4.675, 3.0977, 726.4, 872, 860.6, 913.5, 1010.8, 
1054.2, 1112, 1147.2, 1238.7, 1293.6, 1445.2, 692, 2046, 633, 
478, 2481, 2439, 962, 2399, 935, 1945, 650, 5, 85, 278, 45, 1, 
65, 55, 1, 10, 7, 119, 100, 100, 100, 100, 100, 100, 100, 100, 
100, 100, 100, 2500, 2500, 2500, 2500, 2500, 2500, 2500, 2500, 
2500, 2500, 2500, 40038.894, 33741.935, 41952.958, 61569.749, 
51800.183, 84051.961, 94249.911, 120317.239, 71042.8940000001, 
129233.419, 98072.031, 11.87559, 3.8447, 2.46659, 11.09853, 14.95236, 
7.44797, 5.51469, 12.74334, 6.6427, 10.60414, 8.97931, -12.86183, 
-8.3963, -3.18028, -11.98239, -14.07314, -8.63828, -5.84151, 
-11.58013, -7.99241, -9.69276, -10.6436, 0, 0, 0, 0, 0, 0, 0, 
0, 0, 0, 0, 0, 0, 0, 0, 0, 0, 0, 0, 0, 0, 0, 0.69699, 0.69747, 
0.69973, 0.70669, 0.70743, 0.71343, 0.70963, 0.7092, 0.70806, 
0.71389, 0.71207, 0.69407, 0.6915, 0.69249, 0.70726, 0.70485, 
0.70715, 0.70417, 0.70791, 0.70523, 0.71351, 0.70953, 1.1668, 
0.742, 0.853, 1.9519, 2.1962, 1.6818, 1.6262, 4.5005, 2.2503, 
4.9862, 3.5332, 725.3, 866.7, 918.6, 915.4, 939.6, 1055.5, 1108.5, 
1150.9, 1250.9, 1288.9, 1434.1, 28, 722, 2105, 468, 701, 2274, 
2487, 1261, 1884, 1078, 1189, 1, 1, 1, 4, 1, 1, 1, 1, 2, 1, 1, 
100, 100, 100, 100, 100, 100, 100, 100, 100, 100, 100, 2500, 
2500, 2500, 2500, 2500, 2500, 2500, 2500, 2500, 2500, 2500, 45439.35, 
54676.649, 63502.735, 71310.298, 81647.964, 96382.827, 111643.187, 
117614.353, 143597.332, 141769.175, 170686.784, 1, 1, 1, 1, 1, 
1, 1, 1, 1, 1, 1, 0.03846, 0.03846, 0.03846, 0.03846, 0.03846, 
0.03846, 0.03846, 0.03846, 0.03846, 0.03846, 0.03846, 0, 0, 0, 
0, 0, 0, 0, 0, 0, 0, 0, 0, 0, 0, 0, 0, 0, 0, 0, 0, 0, 0, 0.68316, 
0.68619, 0.68395, 0.69778, 0.70025, 0.6965, 0.69554, 0.69426, 
0.69879, 0.70129, 0.70337, 0.67808, 0.68553, 0.68698, 0.69107, 
0.70024, 0.69991, 0.69283, 0.69725, 0.69555, 0.70433, 0.70155, 
0.5571, 0.6647, 0.7846, 0.8865, 1.0203, 1.2084, 1.327, 1.4409, 
1.6313, 1.8446, 2.0571, 802.2, 880.2, 946.2, 1010.7, 1077.3, 
1157.7, 1225.9, 1288.8, 1361.8, 1426.7, 1503.5, 1, 1, 1, 1, 1, 
1, 1, 1, 1, 1, 1, 1, 1, 1, 1, 1, 1, 1, 1, 1, 1, 1, 1, 1, 1, 1, 
1, 1, 1, 1, 1, 1, 1, 1, 1, 1, 1, 1, 1, 1, 1, 1, 1, 1, 9.013, 
10.454, 11.92, 12.608, 14.499, 16.253, 17.696, 18.77, 20.443, 
22.869, 25.721), .Dim = c(11L, 40L), .Dimnames = list(NULL, c("Sampling", 
"PSO.cost", "PSO.gamma", "PSO.data.balancing", "PSO.feature.selection", 
"PSO.valid.acc", "PSO.test.acc", "PSO.train.time", "PSO.n.support.vectors", 
"PSO.index", "PSO.n.solutions", "PSO.generations", "PSO.n.evaluations", 
"PSO.cpu.time", "RS.cost", "RS.gamma", "RS.data.balancing", "RS.feature.selection", 
"RS.valid.acc", "RS.test.acc", "RS.train.time", "RS.n.support.vectors", 
"RS.index", "RS.n.solutions", "RS.generations", "RS.n.evaluations", 
"RS.cpu.time", "DF.cost", "DF.gamma", "DF.data.balancing", "DF.feature.selection", 
"DF.valid.acc", "DF.test.acc", "DF.train.time", "DF.n.support.vectors", 
"DF.index", "DF.n.solutions", "DF.generations", "DF.n.evaluations", 
"DF.cpu.time")))
