full <-
structure(c(50, 55, 60, 65, 70, 75, 80, 85, 90, 95, 100, 12.25082, 
14.91482, 12.78634, 12.79123, 13.62822, 9.81714, 14.94679, 5.46021, 
14.11229, 13.22585, 6.28428, -15, -14.99126, -14.18891, -14.05102, 
-14.95167, -9.81404, -14.62173, -7.66548, -12.68112, -13.16416, 
-8.61489, 0, 0, 0, 0, 0, 0, 0, 0, 0, 0, 0, 0, 0, 0, 0, 0, 0, 
0, 0, 0, 0, 0, 0.72619, 0.72646, 0.72225, 0.7179, 0.7173, 0.71404, 
0.716, 0.71092, 0.70845, 0.71082, 0.71143, 0.72036, 0.71985, 
0.71745, 0.71063, 0.70796, 0.70824, 0.71189, 0.7058, 0.70119, 
0.70815, 0.70198, 0.8518, 1.0934, 1.3223, 1.6675, 1.6505, 2.8077, 
2.408, 1.725, 4.5366, 3.7795, 2.4096, 717.3, 727.4, 833.3, 908.4, 
960, 1055.7, 1080.8, 1210.8, 1231.7, 1299.9, 1416.6, 469, 2370, 
508, 2005, 1972, 1110, 2394, 1233, 2092, 1505, 1795, 232, 1, 
28, 1, 1, 3, 2, 50, 3, 1, 55, 100, 100, 100, 100, 100, 100, 100, 
100, 100, 100, 100, 2500, 2500, 2500, 2500, 2500, 2500, 2500, 
2500, 2500, 2500, 2500, 33810.796, 37890.991, 42746.248, 51324.371, 
54792.196, 84496.333, 74256.9569999999, 68672.3670000001, 116868.555, 
128128.497, 130706.288, 3.537, 14.22524, 12.07874, 13.5494, 13.92821, 
10.69875, 14.94343, 5.39378, 7.01895, 3.55947, 6.59032, -6.17409, 
-14.21197, -13.50433, -14.81297, -14.47482, -10.24959, -14.89587, 
-7.54019, -9.56357, -6.7422, -8.95993, 0, 0, 0, 0, 0, 0, 0, 0, 
0, 0, 0, 0, 0, 0, 0, 0, 0, 0, 0, 0, 0, 0, 0.72474, 0.72448, 0.72225, 
0.71679, 0.71418, 0.71259, 0.71328, 0.71049, 0.70845, 0.71118, 
0.71071, 0.71456, 0.71919, 0.71745, 0.71064, 0.70537, 0.7092, 
0.70781, 0.7058, 0.70684, 0.70737, 0.70562, 0.5871, 1.2432, 1.3727, 
1.5457, 1.8783, 3.6792, 2.3298, 1.7482, 2.1353, 1.841, 2.4931, 
728.4, 731, 854, 890.7, 955.4, 1053.9, 1081.5, 1206.1, 1314, 
1358.2, 1427.6, 1469, 1367, 2356, 2004, 1874, 1696, 1162, 24, 
400, 525, 1614, 2, 4, 1, 1, 5, 2, 3, 2, 1, 1, 3, 100, 100, 100, 
100, 100, 100, 100, 100, 100, 100, 100, 2500, 2500, 2500, 2500, 
2500, 2500, 2500, 2500, 2500, 2500, 2500, 40721.911, 51266.204, 
61229.602, 68892.541, 81672.85, 95316.677, 109561.953, 124799.69, 
141739.443, 155103.5, 164733.372, 1, 1, 1, 1, 1, 1, 1, 1, 1, 
1, 1, 0.03846, 0.03846, 0.03846, 0.03846, 0.03846, 0.03846, 0.03846, 
0.03846, 0.03846, 0.03846, 0.03846, 0, 0, 0, 0, 0, 0, 0, 0, 0, 
0, 0, 0, 0, 0, 0, 0, 0, 0, 0, 0, 0, 0, 0.70648, 0.70271, 0.70826, 
0.70231, 0.70591, 0.69709, 0.69784, 0.69855, 0.70079, 0.70239, 
0.69761, 0.7058, 0.70271, 0.7028, 0.70175, 0.69865, 0.69904, 
0.69784, 0.70025, 0.7016, 0.70049, 0.70051, 0.5525, 0.6519, 0.7631, 
0.8769, 1.0204, 1.1689, 1.3043, 1.4651, 1.5847, 1.727, 1.9344, 
802.4, 875.2, 946.4, 1021.7, 1092.5, 1176.7, 1234.7, 1310.7, 
1374.7, 1437.7, 1500.1, 1, 1, 1, 1, 1, 1, 1, 1, 1, 1, 1, 1, 1, 
1, 1, 1, 1, 1, 1, 1, 1, 1, 1, 1, 1, 1, 1, 1, 1, 1, 1, 1, 1, 1, 
1, 1, 1, 1, 1, 1, 1, 1, 1, 1, 8.709, 9.685, 10.888, 12.15, 13.615, 
16.206, 17.594, 19.194, 20.459, 22.031, 24.026), .Dim = c(11L, 
40L), .Dimnames = list(NULL, c("Sampling", "PSO.cost", "PSO.gamma", 
"PSO.data.balancing", "PSO.feature.selection", "PSO.valid.acc", 
"PSO.test.acc", "PSO.train.time", "PSO.n.support.vectors", "PSO.index", 
"PSO.n.solutions", "PSO.generations", "PSO.n.evaluations", "PSO.cpu.time", 
"RS.cost", "RS.gamma", "RS.data.balancing", "RS.feature.selection", 
"RS.valid.acc", "RS.test.acc", "RS.train.time", "RS.n.support.vectors", 
"RS.index", "RS.n.solutions", "RS.generations", "RS.n.evaluations", 
"RS.cpu.time", "DF.cost", "DF.gamma", "DF.data.balancing", "DF.feature.selection", 
"DF.valid.acc", "DF.test.acc", "DF.train.time", "DF.n.support.vectors", 
"DF.index", "DF.n.solutions", "DF.generations", "DF.n.evaluations", 
"DF.cpu.time")))
