full <-
structure(c(50, 55, 60, 65, 70, 75, 80, 85, 90, 95, 100, 13.71285, 
4.16412, 14.07835, 3.97231, 5.11336, 5.47664, 14.50499, 7.60827, 
8.91716, 7.25499, 9.75761, -14.08402, -5.36362, -14.99369, -5.1141, 
-5.85999, -5.83557, -14.5954, -7.21083, -8.68567, -9.32155, -11.03656, 
0, 0, 0, 0, 0, 0, 0, 0, 0, 0, 0, 0, 0, 0, 0, 0, 0, 0, 0, 0, 0, 
0, 0.70561, 0.71336, 0.71313, 0.71905, 0.71366, 0.71589, 0.71371, 
0.71648, 0.71454, 0.71282, 0.71248, 0.69761, 0.70742, 0.71069, 
0.71178, 0.7038, 0.70715, 0.71144, 0.7088, 0.71333, 0.71166, 
0.70921, 0.6544, 0.6826, 1.2536, 0.9346, 1.1439, 1.3413, 2.2041, 
2.1072, 2.9415, 2.3473, 3.6947, 709, 790.8, 833.2, 924.1, 986.7, 
1046.6, 1086.3, 1166.7, 1232.3, 1343.2, 1405.6, 1180, 638, 994, 
2371, 1932, 639, 2481, 1480, 1071, 1596, 2349, 1, 230, 9, 3, 
2, 47, 2, 16, 3, 2, 4, 100, 100, 100, 100, 100, 100, 100, 100, 
100, 100, 100, 2500, 2500, 2500, 2500, 2500, 2500, 2500, 2500, 
2500, 2500, 2500, 29620.449, 34664.348, 46264.235, 50288.623, 
45035.995, 78821.712, 66426.7290000001, 71760.475, 111401.036, 
76381.7850000001, 128300.709, 14.13054, 4.2325, 13.26944, 4.41444, 
5.77257, 5.33249, 14.05286, 7.49824, 8.90077, 6.70133, 9.84331, 
-14.6991, -5.43327, -14.14427, -5.34509, -6.49232, -5.98898, 
-14.38475, -7.23213, -8.68339, -8.94649, -11.0485, 0, 0, 0, 0, 
0, 0, 0, 0, 0, 0, 0, 0, 0, 0, 0, 0, 0, 0, 0, 0, 0, 0, 0.70415, 
0.71336, 0.71191, 0.71681, 0.71159, 0.71395, 0.71235, 0.71562, 
0.71414, 0.71167, 0.71212, 0.69762, 0.70609, 0.70768, 0.71122, 
0.70587, 0.7062, 0.71054, 0.70837, 0.71373, 0.71165, 0.70885, 
0.9487, 0.6894, 1.4497, 0.9518, 1.2513, 1.3723, 2.2729, 2.1476, 
2.9612, 2.2313, 3.9114, 707.6, 789.3, 834.3, 917.5, 982.5, 1046.2, 
1088.9, 1166.6, 1233.7, 1343, 1402.5, 294, 290, 34, 274, 2381, 
1951, 2419, 2204, 723, 79, 135, 4, 1, 2, 1, 1, 1, 1, 2, 1, 1, 
1, 100, 100, 100, 100, 100, 100, 100, 100, 100, 100, 100, 2500, 
2500, 2500, 2500, 2500, 2500, 2500, 2500, 2500, 2500, 2500, 45127.031, 
45255.639, 58948.828, 67831.325, 77321.286, 90331.9570000001, 
107621.897, 116101.917, 117950.153, 136773.159, 159205.444, 1, 
1, 1, 1, 1, 1, 1, 1, 1, 1, 1, 0.03846, 0.03846, 0.03846, 0.03846, 
0.03846, 0.03846, 0.03846, 0.03846, 0.03846, 0.03846, 0.03846, 
0, 0, 0, 0, 0, 0, 0, 0, 0, 0, 0, 0, 0, 0, 0, 0, 0, 0, 0, 0, 0, 
0, 0.69326, 0.6988, 0.70339, 0.70288, 0.70123, 0.70041, 0.70328, 
0.70707, 0.70567, 0.70287, 0.70048, 0.69032, 0.6988, 0.70153, 
0.70283, 0.70331, 0.69697, 0.70192, 0.70367, 0.70608, 0.70096, 
0.70157, 0.5597, 0.639, 0.7729, 0.8751, 1.0289, 1.1622, 1.3335, 
1.4335, 1.5766, 1.1974, 1.9445, 805.1, 880.6, 941.9, 1019.2, 
1095.7, 1162, 1239.8, 1303.9, 1371.1, 1435.4, 1502.2, 1, 1, 1, 
1, 1, 1, 1, 1, 1, 1, 1, 1, 1, 1, 1, 1, 1, 1, 1, 1, 1, 1, 1, 1, 
1, 1, 1, 1, 1, 1, 1, 1, 1, 1, 1, 1, 1, 1, 1, 1, 1, 1, 1, 1, 9.47, 
9.225, 11.668, 12.492, 13.456, 14.864, 17.616, 18.501, 20.075, 
14.697, 24.141), .Dim = c(11L, 40L), .Dimnames = list(NULL, c("Sampling", 
"PSO.cost", "PSO.gamma", "PSO.data.balancing", "PSO.feature.selection", 
"PSO.valid.acc", "PSO.test.acc", "PSO.train.time", "PSO.n.support.vectors", 
"PSO.index", "PSO.n.solutions", "PSO.generations", "PSO.n.evaluations", 
"PSO.cpu.time", "RS.cost", "RS.gamma", "RS.data.balancing", "RS.feature.selection", 
"RS.valid.acc", "RS.test.acc", "RS.train.time", "RS.n.support.vectors", 
"RS.index", "RS.n.solutions", "RS.generations", "RS.n.evaluations", 
"RS.cpu.time", "DF.cost", "DF.gamma", "DF.data.balancing", "DF.feature.selection", 
"DF.valid.acc", "DF.test.acc", "DF.train.time", "DF.n.support.vectors", 
"DF.index", "DF.n.solutions", "DF.generations", "DF.n.evaluations", 
"DF.cpu.time")))
