full <-
structure(c(50, 55, 60, 65, 70, 75, 80, 85, 90, 95, 100, 8.44954, 
7.47701, 11.93513, 12.45169, 7.80802, 5.94404, 4.6489, 10.18779, 
1.29322, 7.94374, 14.98553, -8.4398, -8.91208, -10.79493, -9.30184, 
-8.74314, -8.04353, -6.32579, -9.20777, -3.29491, -9.91735, -12.26468, 
0, 0, 0, 0, 0, 0, 0, 0, 0, 0, 0, 0, 0, 0, 0, 0, 0, 0, 0, 0, 0, 
0, 0.71285, 0.70955, 0.70828, 0.71341, 0.7116, 0.71008, 0.70914, 
0.71435, 0.72101, 0.71391, 0.71355, 0.70486, 0.70161, 0.70404, 
0.70388, 0.70433, 0.7038, 0.70779, 0.71264, 0.71615, 0.70968, 
0.70664, 0.7668, 0.8355, 2.094, 3.9606, 1.4596, 1.4152, 1.434, 
3.7172, 1.5599, 2.5373, 7.3405, 697, 789.3, 832.2, 891.7, 986.4, 
1072.9, 1123.9, 1171.5, 1335.3, 1360.6, 1340.8, 624, 629, 671, 
769, 1636, 1861, 1204, 647, 1213, 976, 1173, 47, 206, 5, 3, 27, 
13, 17, 176, 82, 75, 1, 100, 100, 100, 100, 100, 100, 100, 100, 
100, 100, 100, 2500, 2500, 2500, 2500, 2500, 2500, 2500, 2500, 
2500, 2500, 2500, 28758.691, 30432.836, 61317.616, 104774.755, 
51563.885, 46640.807, 61244.9669999999, 105918.242, 106256.659, 
80364.51, 190417.391, 8.66316, 6.49021, 8.38149, 12.38791, 10.9545, 
11.93613, 4.33381, 14.90899, 0.80571, 8.2219, 12.65737, -8.59287, 
-8.36634, -8.36154, -9.26324, -9.66242, -10.63081, -6.23383, 
-11.69033, -3.023, -10.12483, -11.63757, 0, 0, 0, 0, 0, 0, 0, 
0, 0, 0, 0, 0, 0, 0, 0, 0, 0, 0, 0, 0, 0, 0, 0.71212, 0.70757, 
0.70768, 0.71341, 0.71056, 0.71006, 0.70778, 0.7135, 0.71899, 
0.71237, 0.71355, 0.70268, 0.70093, 0.70704, 0.70388, 0.7033, 
0.70042, 0.70869, 0.71008, 0.71132, 0.70969, 0.70772, 0.7731, 
0.7686, 1.1616, 3.7799, 2.7326, 4.0158, 1.4002, 6.5118, 1.6392, 
2.7205, 5.9693, 696.1, 792.1, 834.7, 891.4, 968.7, 1035.1, 1127.5, 
1153.2, 1356.1, 1354.7, 1358.5, 2342, 846, 157, 887, 1393, 632, 
441, 1863, 1790, 1558, 191, 1, 1, 1, 1, 1, 2, 4, 1, 1, 1, 1, 
100, 100, 100, 100, 100, 100, 100, 100, 100, 100, 100, 2500, 
2500, 2500, 2500, 2500, 2500, 2500, 2500, 2500, 2500, 2500, 42227.463, 
50580.998, 54872.597, 72218.393, 80571.5869999999, 97943.026, 
105399.35, 117772.547, 128867.825, 150553.52, 177262.412, 1, 
1, 1, 1, 1, 1, 1, 1, 1, 1, 1, 0.03846, 0.03846, 0.03846, 0.03846, 
0.03846, 0.03846, 0.03846, 0.03846, 0.03846, 0.03846, 0.03846, 
0, 0, 0, 0, 0, 0, 0, 0, 0, 0, 0, 0, 0, 0, 0, 0, 0, 0, 0, 0, 0, 
0, 0.69252, 0.68836, 0.69368, 0.69718, 0.69294, 0.69796, 0.70142, 
0.70452, 0.70165, 0.70397, 0.69976, 0.69542, 0.69166, 0.69792, 
0.69328, 0.69397, 0.68925, 0.69462, 0.70153, 0.70044, 0.7055, 
0.70157, 0.5338, 0.6349, 0.7439, 0.8803, 1.0483, 1.1956, 1.2964, 
1.4278, 1.5854, 1.8291, 1.9756, 802.2, 881.2, 957.8, 1026.6, 
1099, 1163, 1238.7, 1305.7, 1369.6, 1433.8, 1503.6, 1, 1, 1, 
1, 1, 1, 1, 1, 1, 1, 1, 1, 1, 1, 1, 1, 1, 1, 1, 1, 1, 1, 1, 1, 
1, 1, 1, 1, 1, 1, 1, 1, 1, 1, 1, 1, 1, 1, 1, 1, 1, 1, 1, 1, 8.315, 
9.385, 10.598, 12.106, 13.776, 16.293, 16.323, 17.755, 20.485, 
23.242, 24.726), .Dim = c(11L, 40L), .Dimnames = list(NULL, c("Sampling", 
"PSO.cost", "PSO.gamma", "PSO.data.balancing", "PSO.feature.selection", 
"PSO.valid.acc", "PSO.test.acc", "PSO.train.time", "PSO.n.support.vectors", 
"PSO.index", "PSO.n.solutions", "PSO.generations", "PSO.n.evaluations", 
"PSO.cpu.time", "RS.cost", "RS.gamma", "RS.data.balancing", "RS.feature.selection", 
"RS.valid.acc", "RS.test.acc", "RS.train.time", "RS.n.support.vectors", 
"RS.index", "RS.n.solutions", "RS.generations", "RS.n.evaluations", 
"RS.cpu.time", "DF.cost", "DF.gamma", "DF.data.balancing", "DF.feature.selection", 
"DF.valid.acc", "DF.test.acc", "DF.train.time", "DF.n.support.vectors", 
"DF.index", "DF.n.solutions", "DF.generations", "DF.n.evaluations", 
"DF.cpu.time")))
