full <-
structure(c(50, 55, 60, 65, 70, 75, 80, 85, 90, 95, 100, 7.54705, 
1.32126, 6.33065, 10.9186, 3.69769, 11.04116, 12.15218, 7.86622, 
14.76705, 6.68861, 8.83706, -10.32313, -2.68515, -8.36298, -11.11179, 
-4.39124, -10.87146, -13.37367, -8.31085, -13.49677, -7.83339, 
-10.012, 0, 0, 0, 0, 0, 0, 0, 0, 0, 0, 0, 0, 0, 0, 0, 0, 0, 0, 
0, 0, 0, 0, 0.69184, 0.69872, 0.69193, 0.69993, 0.69868, 0.70182, 
0.70422, 0.70754, 0.70119, 0.71203, 0.71175, 0.68532, 0.69014, 
0.6816, 0.69661, 0.69298, 0.69554, 0.70012, 0.70583, 0.69675, 
0.70706, 0.70884, 0.7112, 0.7066, 0.9639, 2.1956, 1.0542, 3.1798, 
2.3838, 2.2685, 3.7522, 2.3888, 3.3417, 774.8, 886.1, 888, 943.1, 
1028.1, 1059.4, 1135.8, 1194.2, 1230.7, 1321.6, 1408.5, 1372, 
2209, 1528, 1597, 1462, 1961, 1732, 2467, 1338, 2124, 647, 42, 
9, 9, 6, 12, 2, 21, 1, 8, 12, 121, 100, 100, 100, 100, 100, 100, 
100, 100, 100, 100, 100, 2500, 2500, 2500, 2500, 2500, 2500, 
2500, 2500, 2500, 2500, 2500, 28392.366, 31803.626, 36880.538, 
61916.166, 42568.54, 82758.345, 72356.7290000001, 123760.598, 
94053.0870000001, 90860.578, 106749.34, 7.70657, 0.52723, 5.80036, 
12.76881, 3.08741, 9.63749, 13.81005, 5.38359, 12.36589, 6.22095, 
9.12068, -10.53173, -2.68401, -8.0908, -14.22669, -4.27893, -10.13697, 
-14.75461, -7.11541, -11.79509, -6.95252, -10.2472, 0, 0, 0, 
0, 0, 0, 0, 0, 0, 0, 0, 0, 0, 0, 0, 0, 0, 0, 0, 0, 0, 0, 0.69039, 
0.69743, 0.69069, 0.69937, 0.69662, 0.70037, 0.70376, 0.70669, 
0.70078, 0.71126, 0.7103, 0.68605, 0.69011, 0.68161, 0.6955, 
0.69247, 0.69603, 0.70238, 0.70454, 0.69916, 0.70515, 0.70921, 
0.7197, 0.7041, 0.9355, 1.4396, 1.0585, 2.4999, 2.0421, 1.649, 
4.5014, 2.2371, 3.5644, 781.8, 895.8, 891.2, 934.6, 1033.9, 1075.1, 
1112, 1205.2, 1251.6, 1306.8, 1409.9, 731, 713, 920, 523, 2114, 
1483, 1255, 464, 667, 131, 2290, 3, 1, 1, 3, 1, 2, 3, 2, 1, 1, 
2, 100, 100, 100, 100, 100, 100, 100, 100, 100, 100, 100, 2500, 
2500, 2500, 2500, 2500, 2500, 2500, 2500, 2500, 2500, 2500, 42744.547, 
49467.75, 60473.662, 72277.693, 77163.897, 95050.42, 101682.28, 
120067.761, 138825.65, 146816.69, 170602.744, 1, 1, 1, 1, 1, 
1, 1, 1, 1, 1, 1, 0.03846, 0.03846, 0.03846, 0.03846, 0.03846, 
0.03846, 0.03846, 0.03846, 0.03846, 0.03846, 0.03846, 0, 0, 0, 
0, 0, 0, 0, 0, 0, 0, 0, 0, 0, 0, 0, 0, 0, 0, 0, 0, 0, 0, 0.67882, 
0.68356, 0.68042, 0.68714, 0.68828, 0.68777, 0.69466, 0.69301, 
0.69157, 0.6979, 0.7023, 0.67664, 0.67957, 0.67857, 0.69159, 
0.68776, 0.69019, 0.6933, 0.69344, 0.69236, 0.69981, 0.70048, 
0.5548, 0.6863, 0.78, 0.8888, 1.0159, 1.1585, 1.3289, 1.476, 
1.5801, 1.7069, 1.9014, 819.8, 888.8, 969.3, 1042.4, 1111.2, 
1178.3, 1245, 1320.5, 1384.2, 1443.3, 1498.3, 1, 1, 1, 1, 1, 
1, 1, 1, 1, 1, 1, 1, 1, 1, 1, 1, 1, 1, 1, 1, 1, 1, 1, 1, 1, 1, 
1, 1, 1, 1, 1, 1, 1, 1, 1, 1, 1, 1, 1, 1, 1, 1, 1, 1, 8.775, 
10.211, 11.336, 12.275, 13.665, 15.182, 17.018, 18.773, 20.709, 
21.952, 23.102), .Dim = c(11L, 40L), .Dimnames = list(NULL, c("Sampling", 
"PSO.cost", "PSO.gamma", "PSO.data.balancing", "PSO.feature.selection", 
"PSO.valid.acc", "PSO.test.acc", "PSO.train.time", "PSO.n.support.vectors", 
"PSO.index", "PSO.n.solutions", "PSO.generations", "PSO.n.evaluations", 
"PSO.cpu.time", "RS.cost", "RS.gamma", "RS.data.balancing", "RS.feature.selection", 
"RS.valid.acc", "RS.test.acc", "RS.train.time", "RS.n.support.vectors", 
"RS.index", "RS.n.solutions", "RS.generations", "RS.n.evaluations", 
"RS.cpu.time", "DF.cost", "DF.gamma", "DF.data.balancing", "DF.feature.selection", 
"DF.valid.acc", "DF.test.acc", "DF.train.time", "DF.n.support.vectors", 
"DF.index", "DF.n.solutions", "DF.generations", "DF.n.evaluations", 
"DF.cpu.time")))
