full <-
structure(c(50, 55, 60, 65, 70, 75, 80, 85, 90, 95, 100, 11.43667, 
8.10944, 13.11405, 14.91548, 11.14233, 10.16274, 14.82284, 9.51248, 
14.92061, 14.37635, 12.54156, -11.15743, -8.41923, -10.28184, 
-12.83585, -11.27172, -10.73644, -13.33806, -10.00337, -12.65015, 
-13.50941, -11.88189, 0, 0, 0, 0, 0, 0, 0, 0, 0, 0, 0, 0, 0, 
0, 0, 0, 0, 0, 0, 0, 0, 0, 0.72824, 0.73045, 0.72644, 0.72237, 
0.72304, 0.71635, 0.71453, 0.71347, 0.71448, 0.71582, 0.71102, 
0.71951, 0.72915, 0.71796, 0.7151, 0.72201, 0.70811, 0.7086, 
0.70665, 0.71166, 0.70893, 0.70739, 1.3882, 0.9653, 3.2589, 2.9193, 
2.4987, 2.5626, 3.3075, 2.8742, 5.2293, 3.8198, 5.3773, 684.4, 
745, 800.8, 872.1, 961.1, 1044.5, 1084.9, 1176.4, 1217, 1279.4, 
1364.7, 617, 770, 1910, 1256, 1497, 1735, 1716, 1119, 1417, 1801, 
1017, 138, 27, 2, 1, 10, 4, 1, 86, 2, 3, 9, 100, 100, 100, 100, 
100, 100, 100, 100, 100, 100, 100, 2500, 2500, 2500, 2500, 2500, 
2500, 2500, 2500, 2500, 2500, 2500, 41277.981, 39476.788, 68352.028, 
81147.918, 73489.808, 91237.727, 94935.143, 92954.255, 144941.026, 
112992.464, 142537.897, 11.27123, 11.85211, 12.01314, 14.4739, 
10.74881, 10.48942, 13.6979, 8.81812, 13.22966, 13.55027, 13.0858, 
-11.01056, -11.83192, -9.71413, -12.45623, -11.03577, -10.97438, 
-13.08943, -10.1665, -11.84819, -13.12132, -12.08109, 0, 0, 0, 
0, 0, 0, 0, 0, 0, 0, 0, 0, 0, 0, 0, 0, 0, 0, 0, 0, 0, 0, 0.7268, 
0.7304, 0.72522, 0.72013, 0.72148, 0.7149, 0.71317, 0.71177, 
0.71327, 0.71467, 0.70993, 0.71951, 0.72776, 0.71795, 0.7123, 
0.72305, 0.7086, 0.70905, 0.70706, 0.71166, 0.70969, 0.70813, 
1.3406, 1.6871, 2.4409, 2.9993, 2.4717, 2.7073, 3.1294, 2.3824, 
5.2218, 3.9448, 5.4036, 687.2, 754.4, 801.6, 873.1, 962.6, 1047.8, 
1090.9, 1198, 1223.9, 1287.3, 1355.2, 745, 2386, 205, 1353, 388, 
117, 951, 1574, 402, 1592, 601, 1, 1, 4, 1, 1, 2, 1, 1, 1, 1, 
2, 100, 100, 100, 100, 100, 100, 100, 100, 100, 100, 100, 2500, 
2500, 2500, 2500, 2500, 2500, 2500, 2500, 2500, 2500, 2500, 41516.105, 
46630.467, 63204.719, 72773.557, 77197.235, 90769.726, 101098.609, 
114301.718, 141714.027, 153453.954, 162498.275, 1, 1, 1, 1, 1, 
1, 1, 1, 1, 1, 1, 0.03846, 0.03846, 0.03846, 0.03846, 0.03846, 
0.03846, 0.03846, 0.03846, 0.03846, 0.03846, 0.03846, 0, 0, 0, 
0, 0, 0, 0, 0, 0, 0, 0, 0, 0, 0, 0, 0, 0, 0, 0, 0, 0, 0, 0.70055, 
0.70403, 0.70402, 0.70108, 0.69918, 0.69603, 0.69777, 0.70023, 
0.7052, 0.70397, 0.69938, 0.69767, 0.70735, 0.70764, 0.70052, 
0.70229, 0.69553, 0.69596, 0.69893, 0.70198, 0.70435, 0.70229, 
0.5485, 0.6387, 0.7987, 0.9143, 1.001, 1.1224, 1.2706, 1.3825, 
1.6417, 1.7667, 1.9522, 772.3, 847.4, 922.5, 992, 1064, 1142.6, 
1212.3, 1282.6, 1366.9, 1435.9, 1505.1, 1, 1, 1, 1, 1, 1, 1, 
1, 1, 1, 1, 1, 1, 1, 1, 1, 1, 1, 1, 1, 1, 1, 1, 1, 1, 1, 1, 1, 
1, 1, 1, 1, 1, 1, 1, 1, 1, 1, 1, 1, 1, 1, 1, 1, 8.658, 9.487, 
12.348, 13.636, 14.434, 15.633, 17.266, 18.398, 21.224, 22.507, 
23.542), .Dim = c(11L, 40L), .Dimnames = list(NULL, c("Sampling", 
"PSO.cost", "PSO.gamma", "PSO.data.balancing", "PSO.feature.selection", 
"PSO.valid.acc", "PSO.test.acc", "PSO.train.time", "PSO.n.support.vectors", 
"PSO.index", "PSO.n.solutions", "PSO.generations", "PSO.n.evaluations", 
"PSO.cpu.time", "RS.cost", "RS.gamma", "RS.data.balancing", "RS.feature.selection", 
"RS.valid.acc", "RS.test.acc", "RS.train.time", "RS.n.support.vectors", 
"RS.index", "RS.n.solutions", "RS.generations", "RS.n.evaluations", 
"RS.cpu.time", "DF.cost", "DF.gamma", "DF.data.balancing", "DF.feature.selection", 
"DF.valid.acc", "DF.test.acc", "DF.train.time", "DF.n.support.vectors", 
"DF.index", "DF.n.solutions", "DF.generations", "DF.n.evaluations", 
"DF.cpu.time")))
