full <-
structure(c(50, 55, 60, 65, 70, 75, 80, 85, 90, 95, 100, 11.3814, 
2.68678, 1.90662, 0.2456, 3.95777, 8.87201, 12.70365, 7.57192, 
9.10586, 6.77595, 10.42594, -11.61448, -5.56972, -6.7516, -3.91028, 
-7.65531, -9.65207, -12.9174, -9.55096, -10.89787, -6.74337, 
-10.73964, 0, 0, 0, 0, 0, 0, 0, 0, 0, 0, 0, 0, 0, 0, 0, 0, 0, 
0, 0, 0, 0, 0, 0.71233, 0.7074, 0.70578, 0.70393, 0.70534, 0.69892, 
0.70187, 0.70323, 0.70723, 0.7151, 0.71463, 0.70362, 0.69948, 
0.70093, 0.70002, 0.69861, 0.69556, 0.69733, 0.70067, 0.70521, 
0.70897, 0.70772, 1.116, 0.6397, 0.7713, 0.8762, 1.0933, 1.9678, 
2.8708, 2.0543, 2.7548, 2.4595, 4.6892, 690, 796.8, 936.1, 995.9, 
1031.2, 1057.9, 1124.6, 1219.6, 1288.9, 1290.1, 1379.4, 576, 
2193, 1429, 900, 2468, 2020, 1708, 1545, 2237, 1027, 2134, 23, 
1, 57, 8, 1, 47, 1, 28, 2, 34, 3, 100, 100, 100, 100, 100, 100, 
100, 100, 100, 100, 100, 2500, 2500, 2500, 2500, 2500, 2500, 
2500, 2500, 2500, 2500, 2500, 36956.555, 26593.537, 29171.933, 
35528.011, 45027.206, 73332.748, 93227.98, 105143.507, 92608.719, 
106779.391, 133120.84, 11.91681, 3.17153, 1.91157, 0.33139, 3.36012, 
8.94073, 8.607, 8.70643, 8.32432, 11.47118, 10.50228, -11.98262, 
-5.77071, -6.71235, -3.87953, -8.06559, -9.77509, -10.17878, 
-10.49349, -9.52922, -10.49998, -10.8753, 0, 0, 0, 0, 0, 0, 0, 
0, 0, 0, 0, 0, 0, 0, 0, 0, 0, 0, 0, 0, 0, 0, 0.71089, 0.70673, 
0.70457, 0.7028, 0.7038, 0.69747, 0.70098, 0.70323, 0.70682, 
0.71357, 0.71354, 0.70362, 0.70146, 0.69972, 0.70057, 0.70016, 
0.69411, 0.69599, 0.70152, 0.71004, 0.70934, 0.7088, 1.198, 0.6747, 
0.7891, 0.9153, 1.0342, 1.9403, 2.0129, 2.2943, 2.6469, 5.2932, 
4.5692, 689.9, 788.8, 934.2, 993.5, 1075.3, 1058.5, 1153.3, 1226.2, 
1257.6, 1295.8, 1384, 2043, 1870, 2180, 1622, 1345, 1493, 232, 
1380, 1558, 2196, 2302, 1, 1, 1, 1, 1, 1, 1, 1, 1, 1, 1, 100, 
100, 100, 100, 100, 100, 100, 100, 100, 100, 100, 2500, 2500, 
2500, 2500, 2500, 2500, 2500, 2500, 2500, 2500, 2500, 45917.709, 
49937.979, 59321.703, 68951.404, 83467.9449999999, 88744.875, 
113993.984, 112323.92, 132011.73, 151372.262, 155303.517, 1, 
1, 1, 1, 1, 1, 1, 1, 1, 1, 1, 0.03846, 0.03846, 0.03846, 0.03846, 
0.03846, 0.03846, 0.03846, 0.03846, 0.03846, 0.03846, 0.03846, 
0, 0, 0, 0, 0, 0, 0, 0, 0, 0, 0, 0, 0, 0, 0, 0, 0, 0, 0, 0, 0, 
0, 0.705, 0.70079, 0.6979, 0.69611, 0.69809, 0.69601, 0.69282, 
0.69428, 0.69671, 0.70095, 0.70299, 0.70573, 0.70145, 0.6985, 
0.69667, 0.69963, 0.69312, 0.69102, 0.69555, 0.69872, 0.70094, 
0.70445, 0.5523, 0.6662, 0.767, 0.8869, 0.9874, 1.1286, 1.2967, 
1.4909, 1.6221, 1.7517, 1.9411, 786.6, 866.7, 941.1, 1013, 1083.5, 
1164.2, 1242, 1309.6, 1370.2, 1433, 1506.9, 1, 1, 1, 1, 1, 1, 
1, 1, 1, 1, 1, 1, 1, 1, 1, 1, 1, 1, 1, 1, 1, 1, 1, 1, 1, 1, 1, 
1, 1, 1, 1, 1, 1, 1, 1, 1, 1, 1, 1, 1, 1, 1, 1, 1, 9.63, 9.84, 
11.9, 13.154, 14.245, 15.651, 17.186, 19.548, 19.856, 21.221, 
23.321), .Dim = c(11L, 40L), .Dimnames = list(NULL, c("Sampling", 
"PSO.cost", "PSO.gamma", "PSO.data.balancing", "PSO.feature.selection", 
"PSO.valid.acc", "PSO.test.acc", "PSO.train.time", "PSO.n.support.vectors", 
"PSO.index", "PSO.n.solutions", "PSO.generations", "PSO.n.evaluations", 
"PSO.cpu.time", "RS.cost", "RS.gamma", "RS.data.balancing", "RS.feature.selection", 
"RS.valid.acc", "RS.test.acc", "RS.train.time", "RS.n.support.vectors", 
"RS.index", "RS.n.solutions", "RS.generations", "RS.n.evaluations", 
"RS.cpu.time", "DF.cost", "DF.gamma", "DF.data.balancing", "DF.feature.selection", 
"DF.valid.acc", "DF.test.acc", "DF.train.time", "DF.n.support.vectors", 
"DF.index", "DF.n.solutions", "DF.generations", "DF.n.evaluations", 
"DF.cpu.time")))
