full <-
structure(c(50, 55, 60, 65, 70, 75, 80, 85, 90, 95, 100, 9.63611, 
4.68394, 14.61586, 8.72124, 13.98401, 10.17342, 2.48954, 14.45032, 
14.70735, 9.71894, 8.91205, -9.59221, -6.79945, -12.64784, -8.28092, 
-13.50327, -9.6205, -5.92814, -11.44545, -11.21304, -9.07116, 
-11.4288, 0, 0, 0, 0, 0, 0, 0, 0, 0, 0, 0, 0, 0, 0, 0, 0, 0, 
0, 0, 0, 0, 0, 0.72165, 0.72257, 0.71123, 0.71171, 0.7179, 0.71587, 
0.7196, 0.72158, 0.7238, 0.71617, 0.71392, 0.72379, 0.7153, 0.70699, 
0.70949, 0.70853, 0.71149, 0.71142, 0.70921, 0.71492, 0.71122, 
0.7081, 1.0137, 0.7031, 1.49, 1.7067, 2.1354, 2.7178, 1.279, 
3.7632, 7.9707, 4.037, 2.8884, 679.2, 768.7, 810.1, 895.1, 941.8, 
1021.6, 1150.8, 1125.1, 1188.9, 1287.7, 1481.1, 665, 1336, 720, 
1549, 1530, 717, 1464, 1816, 1204, 2224, 2039, 225, 87, 6, 9, 
1, 243, 14, 1, 1, 1, 1, 100, 100, 100, 100, 100, 100, 100, 100, 
100, 100, 100, 2500, 2500, 2500, 2500, 2500, 2500, 2500, 2500, 
2500, 2500, 2500, 33619.772, 27478.46, 64520.743, 47373.345, 
58447.501, 88250.79, 52865.085, 133022.623, 175862.852, 124856.164, 
100266.515, 8.65928, 4.77192, 12.60339, 6.96736, 12.49763, 13.80848, 
2.49497, 13.73909, 13.8025, 9.43561, 12.46898, -9.15298, -6.94221, 
-10.9957, -7.10152, -12.67552, -11.24222, -5.9659, -11.44672, 
-11.10306, -8.96043, -12.91743, 0, 0, 0, 0, 0, 0, 0, 0, 0, 0, 
0, 0, 0, 0, 0, 0, 0, 0, 0, 0, 0, 0, 0.72019, 0.72191, 0.71002, 
0.71059, 0.71581, 0.71393, 0.7196, 0.71945, 0.72097, 0.71503, 
0.71356, 0.72161, 0.71596, 0.7076, 0.70615, 0.70957, 0.71247, 
0.71142, 0.71006, 0.71412, 0.7116, 0.70956, 0.8382, 0.7086, 2.8381, 
1.2482, 2.2868, 4.5847, 1.3142, 5.0767, 3.9366, 3.8384, 3.9925, 
682.5, 768.9, 820, 894.2, 957.3, 999.8, 1153, 1125.1, 1197.1, 
1290.6, 1369.2, 1217, 1339, 913, 2000, 2061, 2205, 2377, 2008, 
1508, 219, 1993, 3, 1, 1, 1, 1, 4, 1, 3, 1, 2, 2, 100, 100, 100, 
100, 100, 100, 100, 100, 100, 100, 100, 2500, 2500, 2500, 2500, 
2500, 2500, 2500, 2500, 2500, 2500, 2500, 40323.524, 47659.933, 
61426.524, 64915.311, 76420.82, 84246.997, 100031.939, 107166.882, 
120064.877, 136896.29, 160435.386, 1, 1, 1, 1, 1, 1, 1, 1, 1, 
1, 1, 0.03846, 0.03846, 0.03846, 0.03846, 0.03846, 0.03846, 0.03846, 
0.03846, 0.03846, 0.03846, 0.03846, 0, 0, 0, 0, 0, 0, 0, 0, 0, 
0, 0, 0, 0, 0, 0, 0, 0, 0, 0, 0, 0, 0, 0.70207, 0.70276, 0.69788, 
0.70052, 0.70126, 0.70183, 0.70961, 0.71047, 0.70768, 0.70663, 
0.7041, 0.70207, 0.70014, 0.70031, 0.69998, 0.70591, 0.70521, 
0.71006, 0.71259, 0.70888, 0.70625, 0.70156, 0.5411, 0.6458, 
0.5078, 0.865, 0.9849, 1.1325, 1.2551, 1.4119, 1.0672, 1.7015, 
1.9302, 778.9, 849.9, 935.4, 1000.9, 1073.5, 1145.8, 1212.9, 
1283.8, 1354.7, 1427.5, 1508.1, 1, 1, 1, 1, 1, 1, 1, 1, 1, 1, 
1, 1, 1, 1, 1, 1, 1, 1, 1, 1, 1, 1, 1, 1, 1, 1, 1, 1, 1, 1, 1, 
1, 1, 1, 1, 1, 1, 1, 1, 1, 1, 1, 1, 1, 9.202, 10.341, 8.034, 
11.724, 13.72, 14.476, 15.863, 18.365, 13.363, 20.598, 24.122
), .Dim = c(11L, 40L), .Dimnames = list(NULL, c("Sampling", "PSO.cost", 
"PSO.gamma", "PSO.data.balancing", "PSO.feature.selection", "PSO.valid.acc", 
"PSO.test.acc", "PSO.train.time", "PSO.n.support.vectors", "PSO.index", 
"PSO.n.solutions", "PSO.generations", "PSO.n.evaluations", "PSO.cpu.time", 
"RS.cost", "RS.gamma", "RS.data.balancing", "RS.feature.selection", 
"RS.valid.acc", "RS.test.acc", "RS.train.time", "RS.n.support.vectors", 
"RS.index", "RS.n.solutions", "RS.generations", "RS.n.evaluations", 
"RS.cpu.time", "DF.cost", "DF.gamma", "DF.data.balancing", "DF.feature.selection", 
"DF.valid.acc", "DF.test.acc", "DF.train.time", "DF.n.support.vectors", 
"DF.index", "DF.n.solutions", "DF.generations", "DF.n.evaluations", 
"DF.cpu.time")))
