full <-
structure(c(50, 55, 60, 65, 70, 75, 80, 85, 90, 95, 100, 14.74311, 
11.96666, 13.56234, 5.98527, 8.71587, 14.40126, 7.20382, 11.91786, 
11.3036, 4.28305, 13.593, -14.41446, -14.9509, -11.50922, -7.07888, 
-7.17421, -12.28663, -8.24558, -11.9496, -10.81973, -6.40987, 
-13.75004, 0, 0, 0, 0, 0, 0, 0, 0, 0, 0, 0, 0, 0, 0, 0, 0, 0, 
0, 0, 0, 0, 0, 0.72251, 0.71743, 0.72278, 0.72235, 0.71994, 0.7241, 
0.7173, 0.71693, 0.71369, 0.71546, 0.71539, 0.7188, 0.71084, 
0.71369, 0.71899, 0.71631, 0.71878, 0.71187, 0.70924, 0.71168, 
0.70706, 0.7074, 1.1152, 0.9511, 1.7505, 1.1451, 1.1972, 2.3164, 
1.9091, 3.397, 4.6055, 1.8902, 3.5361, 656.8, 777.2, 797.4, 884.3, 
930.9, 992.5, 1097.2, 1138.7, 1216.7, 1322.6, 1353.7, 1069, 157, 
1808, 1963, 1332, 512, 298, 2267, 2442, 2253, 1331, 1, 99, 1, 
1, 55, 2, 142, 1, 8, 186, 3, 100, 100, 100, 100, 100, 100, 100, 
100, 100, 100, 100, 2500, 2500, 2500, 2500, 2500, 2500, 2500, 
2500, 2500, 2500, 2500, 37184.662, 34042.407, 67325.591, 69973.903, 
47067.666, 114803.391, 63031.9400000001, 113946.122, 130457.985, 
69345.987, 94095.0249999999, 2.22532, 11.50775, 13.76175, 3.9445, 
8.07313, 11.78257, 10.95041, 10.50342, 11.5508, 4.46408, 10.99459, 
-4.04373, -14.43881, -11.77184, -5.83528, -6.87109, -10.44822, 
-9.93416, -11.41012, -10.95049, -6.54981, -12.17952, 0, 0, 0, 
0, 0, 0, 0, 0, 0, 0, 0, 0, 0, 0, 0, 0, 0, 0, 0, 0, 0, 0, 0.72101, 
0.71676, 0.72216, 0.72234, 0.71838, 0.72363, 0.71685, 0.71693, 
0.71328, 0.7147, 0.71429, 0.71438, 0.7115, 0.71187, 0.71508, 
0.71475, 0.71879, 0.7105, 0.71138, 0.71088, 0.7082, 0.70777, 
0.5455, 0.9858, 2.9419, 0.9161, 1.6643, 4.2548, 4.2201, 1.855, 
4.6751, 1.9548, 3.8241, 727.8, 782.2, 795, 895.6, 932.6, 1005.2, 
1070.8, 1165.5, 1213.1, 1322.2, 1401.2, 508, 73, 1617, 403, 2121, 
460, 569, 804, 1598, 949, 87, 1, 1, 1, 1, 1, 1, 1, 2, 1, 1, 1, 
100, 100, 100, 100, 100, 100, 100, 100, 100, 100, 100, 2500, 
2500, 2500, 2500, 2500, 2500, 2500, 2500, 2500, 2500, 2500, 39918.442, 
46915.616, 54622.882, 68632.109, 70987.224, 89659.1849999999, 
101840.65, 111009.255, 126735.406, 140871.144, 139437.915, 1, 
1, 1, 1, 1, 1, 1, 1, 1, 1, 1, 0.03846, 0.03846, 0.03846, 0.03846, 
0.03846, 0.03846, 0.03846, 0.03846, 0.03846, 0.03846, 0.03846, 
0, 0, 0, 0, 0, 0, 0, 0, 0, 0, 0, 0, 0, 0, 0, 0, 0, 0, 0, 0, 0, 
0, 0.70495, 0.69892, 0.70272, 0.70446, 0.70592, 0.70571, 0.70325, 
0.70668, 0.70401, 0.70207, 0.70448, 0.70644, 0.69826, 0.70576, 
0.70894, 0.70071, 0.70521, 0.70644, 0.70754, 0.7032, 0.7059, 
0.70267, 0.546, 0.6458, 0.7595, 0.8614, 0.9838, 1.1203, 1.242, 
1.4316, 1.5442, 1.6963, 1.8776, 794.5, 864.8, 928.8, 992.9, 1062, 
1131.5, 1202.7, 1276.3, 1349.3, 1427.1, 1503.5, 1, 1, 1, 1, 1, 
1, 1, 1, 1, 1, 1, 1, 1, 1, 1, 1, 1, 1, 1, 1, 1, 1, 1, 1, 1, 1, 
1, 1, 1, 1, 1, 1, 1, 1, 1, 1, 1, 1, 1, 1, 1, 1, 1, 1, 9.035, 
9.576, 11.31, 11.812, 13.49, 15.001, 15.794, 18.117, 19.419, 
20.617, 22.746), .Dim = c(11L, 40L), .Dimnames = list(NULL, c("Sampling", 
"PSO.cost", "PSO.gamma", "PSO.data.balancing", "PSO.feature.selection", 
"PSO.valid.acc", "PSO.test.acc", "PSO.train.time", "PSO.n.support.vectors", 
"PSO.index", "PSO.n.solutions", "PSO.generations", "PSO.n.evaluations", 
"PSO.cpu.time", "RS.cost", "RS.gamma", "RS.data.balancing", "RS.feature.selection", 
"RS.valid.acc", "RS.test.acc", "RS.train.time", "RS.n.support.vectors", 
"RS.index", "RS.n.solutions", "RS.generations", "RS.n.evaluations", 
"RS.cpu.time", "DF.cost", "DF.gamma", "DF.data.balancing", "DF.feature.selection", 
"DF.valid.acc", "DF.test.acc", "DF.train.time", "DF.n.support.vectors", 
"DF.index", "DF.n.solutions", "DF.generations", "DF.n.evaluations", 
"DF.cpu.time")))
