full <-
structure(c(50, 55, 60, 65, 70, 75, 80, 85, 90, 95, 100, 4.79734, 
7.09714, 13.82674, 5.88888, 9.20182, 14.83537, 15, 11.49216, 
8.45233, 11.05713, 9.80497, -7.06844, -8.59746, -15, -8.2113, 
-9.17228, -10.64314, -14.86647, -11.17807, -8.67515, -12.1497, 
-11.6833, 0, 0, 0, 0, 0, 0, 0, 0, 0, 0, 0, 0, 0, 0, 0, 0, 0, 
0, 0, 0, 0, 0, 0.71942, 0.71072, 0.71608, 0.7106, 0.72156, 0.71202, 
0.7173, 0.7203, 0.71775, 0.71389, 0.71354, 0.70924, 0.7035, 0.71369, 
0.70671, 0.71688, 0.70329, 0.7114, 0.71475, 0.71331, 0.71122, 
0.70482, 0.5502, 0.7198, 1.1506, 0.9644, 1.638, 6.7384, 2.0859, 
3.5343, 2.5611, 3.4319, 3.3532, 712.2, 767.7, 812.1, 908.2, 941.5, 
998.9, 1062.9, 1143.7, 1217.6, 1323.9, 1435.2, 2346, 1145, 201, 
928, 930, 985, 951, 2241, 976, 1352, 1555, 4, 29, 204, 26, 145, 
1, 3, 5, 67, 31, 4, 100, 100, 100, 100, 100, 100, 100, 100, 100, 
100, 100, 2500, 2500, 2500, 2500, 2500, 2500, 2500, 2500, 2500, 
2500, 2500, 34754.697, 27918.807, 41725.489, 36684.227, 52736.326, 
103196.34, 66324.642, 97423.3679999999, 100655.437, 98874.753, 
99474.5310000002, 4.66725, 6.56377, 12.20827, 7.38101, 7.10703, 
13.79493, 14.64725, 12.88386, 8.1329, 11.01665, 10.09609, -6.96838, 
-8.31344, -13.83614, -13.33531, -8.08996, -10.03931, -14.41675, 
-11.83837, -8.46552, -12.11145, -11.98562, 0, 0, 0, 0, 0, 0, 
0, 0, 0, 0, 0, 0, 0, 0, 0, 0, 0, 0, 0, 0, 0, 0, 0.71798, 0.7094, 
0.71486, 0.71057, 0.72053, 0.71105, 0.71504, 0.7186, 0.71734, 
0.7135, 0.71317, 0.70924, 0.70351, 0.71187, 0.70609, 0.71689, 
0.7028, 0.71185, 0.71475, 0.7129, 0.71122, 0.70518, 0.5398, 0.6903, 
1.2618, 0.8989, 1.2306, 5.4637, 2.2232, 3.634, 2.4262, 3.3932, 
3.3914, 712.7, 770.4, 829.4, 1075.6, 950.2, 999.3, 1062.9, 1131.8, 
1217.9, 1323.7, 1432.5, 1306, 592, 762, 1206, 1396, 1347, 501, 
1564, 2415, 1622, 217, 1, 2, 1, 1, 1, 3, 1, 2, 1, 1, 1, 100, 
100, 100, 100, 100, 100, 100, 100, 100, 100, 100, 2500, 2500, 
2500, 2500, 2500, 2500, 2500, 2500, 2500, 2500, 2500, 39024.373, 
46155.534, 53245.723, 66781.743, 74027.112, 80356.8099999999, 
99475.142, 113292.026, 126422.927, 151320.925, 153960.97, 1, 
1, 1, 1, 1, 1, 1, 1, 1, 1, 1, 0.03846, 0.03846, 0.03846, 0.03846, 
0.03846, 0.03846, 0.03846, 0.03846, 0.03846, 0.03846, 0.03846, 
0, 0, 0, 0, 0, 0, 0, 0, 0, 0, 0, 0, 0, 0, 0, 0, 0, 0, 0, 0, 0, 
0, 0.70342, 0.69954, 0.70581, 0.70166, 0.70703, 0.70525, 0.70823, 
0.7096, 0.71089, 0.70359, 0.69938, 0.70056, 0.69422, 0.70524, 
0.70446, 0.71171, 0.70089, 0.70278, 0.7113, 0.70967, 0.70512, 
0.69721, 0.5088, 0.5851, 0.6769, 0.8022, 0.8987, 1.0231, 1.1205, 
1.2963, 1.4697, 1.6239, 1.8089, 780.5, 854.3, 912.6, 988.7, 1050.2, 
1131.2, 1199.3, 1264.1, 1339.5, 1428.5, 1505.5, 1, 1, 1, 1, 1, 
1, 1, 1, 1, 1, 1, 1, 1, 1, 1, 1, 1, 1, 1, 1, 1, 1, 1, 1, 1, 1, 
1, 1, 1, 1, 1, 1, 1, 1, 1, 1, 1, 1, 1, 1, 1, 1, 1, 1, 8.508, 
9.544, 10.183, 11.231, 12.197, 13.583, 15.077, 16.42, 18.128, 
19.923, 21.79), .Dim = c(11L, 40L), .Dimnames = list(NULL, c("Sampling", 
"PSO.cost", "PSO.gamma", "PSO.data.balancing", "PSO.feature.selection", 
"PSO.valid.acc", "PSO.test.acc", "PSO.train.time", "PSO.n.support.vectors", 
"PSO.index", "PSO.n.solutions", "PSO.generations", "PSO.n.evaluations", 
"PSO.cpu.time", "RS.cost", "RS.gamma", "RS.data.balancing", "RS.feature.selection", 
"RS.valid.acc", "RS.test.acc", "RS.train.time", "RS.n.support.vectors", 
"RS.index", "RS.n.solutions", "RS.generations", "RS.n.evaluations", 
"RS.cpu.time", "DF.cost", "DF.gamma", "DF.data.balancing", "DF.feature.selection", 
"DF.valid.acc", "DF.test.acc", "DF.train.time", "DF.n.support.vectors", 
"DF.index", "DF.n.solutions", "DF.generations", "DF.n.evaluations", 
"DF.cpu.time")))
