full <-
structure(c(50, 55, 60, 65, 70, 75, 80, 85, 90, 95, 100, 4.89542, 
9.45894, 13.54129, 12.36035, 10.00564, 15, 11.57205, 14.99614, 
3.36979, 11.24702, 6.64436, -6.72327, -11.68882, -14.61215, -12.7396, 
-12.1582, -13.63769, -12.02898, -14.84647, -6.20441, -11.32992, 
-6.26862, 0, 0, 0, 0, 0, 0, 0, 0, 0, 0, 0, 0, 0, 0, 0, 0, 0, 
0, 0, 0, 0, 0, 0.7151, 0.70344, 0.69494, 0.70675, 0.70645, 0.70431, 
0.70872, 0.7135, 0.71369, 0.71158, 0.71359, 0.70419, 0.70081, 
0.68769, 0.70114, 0.7013, 0.69317, 0.70052, 0.70666, 0.70401, 
0.71083, 0.70669, 0.5963, 0.9559, 1.2368, 1.791, 1.6134, 2.6984, 
3.1539, 2.4188, 1.6941, 4.356, 2.694, 718.2, 823.7, 851.4, 912.6, 
1037.2, 1027.5, 1120.2, 1144.3, 1270.2, 1302.2, 1354.8, 551, 
2128, 990, 1915, 1154, 1427, 1352, 927, 1157, 2090, 634, 282, 
2, 4, 8, 93, 2, 22, 5, 84, 1, 86, 100, 100, 100, 100, 100, 100, 
100, 100, 100, 100, 100, 2500, 2500, 2500, 2500, 2500, 2500, 
2500, 2500, 2500, 2500, 2500, 25739.582, 35646.154, 39864.67, 
47867.299, 51901.775, 84625.208, 85880.3, 74771.628, 73743.3559999999, 
138357.543, 94668.6129999999, 4.81121, 9.59801, 13.58966, 12.66011, 
9.98428, 7.96307, 10.91458, 14.37489, 4.08602, 10.71189, 6.84662, 
-6.63858, -11.88457, -14.54015, -13.14376, -12.14411, -10.89048, 
-11.41113, -14.45458, -6.6959, -11.05578, -6.47927, 0, 0, 0, 
0, 0, 0, 0, 0, 0, 0, 0, 0, 0, 0, 0, 0, 0, 0, 0, 0, 0, 0, 0.71437, 
0.70344, 0.69434, 0.70563, 0.70645, 0.70285, 0.70827, 0.71094, 
0.71166, 0.71119, 0.71249, 0.70419, 0.70015, 0.68647, 0.70058, 
0.7013, 0.69558, 0.70097, 0.70537, 0.70198, 0.71045, 0.70778, 
0.6003, 0.9913, 1.2372, 1.6659, 1.6, 1.5548, 3.2105, 2.5775, 
1.7334, 4.1403, 2.6942, 717.7, 826.6, 848.9, 909.1, 1035.1, 1129.9, 
1124.1, 1150.4, 1264.9, 1306.7, 1351.4, 1837, 497, 687, 1798, 
1493, 202, 2109, 1194, 1123, 1905, 278, 2, 1, 1, 2, 1, 4, 1, 
1, 1, 3, 1, 100, 100, 100, 100, 100, 100, 100, 100, 100, 100, 
100, 2500, 2500, 2500, 2500, 2500, 2500, 2500, 2500, 2500, 2500, 
2500, 43157.839, 50267.142, 59402.656, 68960.5, 76113.659, 88586.551, 
105719.431, 118589.808, 132279.404, 147131.449, 151928.48, 1, 
1, 1, 1, 1, 1, 1, 1, 1, 1, 1, 0.03846, 0.03846, 0.03846, 0.03846, 
0.03846, 0.03846, 0.03846, 0.03846, 0.03846, 0.03846, 0.03846, 
0, 0, 0, 0, 0, 0, 0, 0, 0, 0, 0, 0, 0, 0, 0, 0, 0, 0, 0, 0, 0, 
0, 0.69193, 0.68631, 0.68283, 0.69162, 0.69192, 0.69267, 0.70057, 
0.69728, 0.70037, 0.70013, 0.70266, 0.69118, 0.68566, 0.68403, 
0.68827, 0.68985, 0.69413, 0.69876, 0.69899, 0.69795, 0.70165, 
0.70158, 0.5495, 0.6419, 0.7518, 0.8591, 0.971, 1.1549, 1.3102, 
1.449, 1.6237, 1.7251, 1.8889, 800.3, 875.4, 951.4, 1012.2, 1086.6, 
1164, 1223, 1295.8, 1365.7, 1426.7, 1506.3, 1, 1, 1, 1, 1, 1, 
1, 1, 1, 1, 1, 1, 1, 1, 1, 1, 1, 1, 1, 1, 1, 1, 1, 1, 1, 1, 1, 
1, 1, 1, 1, 1, 1, 1, 1, 1, 1, 1, 1, 1, 1, 1, 1, 1, 8.714, 9.615, 
10.79, 11.947, 13.216, 15.062, 16.773, 18.215, 20.105, 21.055, 
22.876), .Dim = c(11L, 40L), .Dimnames = list(NULL, c("Sampling", 
"PSO.cost", "PSO.gamma", "PSO.data.balancing", "PSO.feature.selection", 
"PSO.valid.acc", "PSO.test.acc", "PSO.train.time", "PSO.n.support.vectors", 
"PSO.index", "PSO.n.solutions", "PSO.generations", "PSO.n.evaluations", 
"PSO.cpu.time", "RS.cost", "RS.gamma", "RS.data.balancing", "RS.feature.selection", 
"RS.valid.acc", "RS.test.acc", "RS.train.time", "RS.n.support.vectors", 
"RS.index", "RS.n.solutions", "RS.generations", "RS.n.evaluations", 
"RS.cpu.time", "DF.cost", "DF.gamma", "DF.data.balancing", "DF.feature.selection", 
"DF.valid.acc", "DF.test.acc", "DF.train.time", "DF.n.support.vectors", 
"DF.index", "DF.n.solutions", "DF.generations", "DF.n.evaluations", 
"DF.cpu.time")))
