full <-
structure(c(50, 55, 60, 65, 70, 75, 80, 85, 90, 95, 100, 11.31899, 
4.71127, 14.76599, 4.95543, 7.56884, 13.3038, 2.50381, 6.9222, 
13.75419, 11.13811, 7.28868, -14.62688, -7.81591, -14.70251, 
-7.48825, -8.44628, -12.11419, -3.85993, -8.32451, -14.74206, 
-10.82339, -10.38626, 0, 0, 0, 0, 0, 0, 0, 0, 0, 0, 0, 0, 0, 
0, 0, 0, 0, 0, 0, 0, 0, 0, 0.7167, 0.71599, 0.71556, 0.7129, 
0.71476, 0.71446, 0.72231, 0.72075, 0.71889, 0.71626, 0.71142, 
0.71306, 0.71402, 0.71252, 0.69946, 0.70956, 0.70378, 0.71593, 
0.71478, 0.71325, 0.7109, 0.70815, 0.7016, 0.6575, 1.2707, 0.9494, 
1.4201, 3.2158, 1.2811, 1.8348, 2.4884, 4.6202, 2.3887, 740.6, 
794.9, 811.8, 923.7, 965.8, 1023.7, 1146.8, 1164.3, 1217.3, 1301.9, 
1481.7, 112, 576, 1956, 1771, 1721, 1282, 1547, 1914, 2122, 2306, 
2269, 159, 407, 1, 23, 28, 4, 25, 21, 15, 2, 2, 100, 100, 100, 
100, 100, 100, 100, 100, 100, 100, 100, 2500, 2500, 2500, 2500, 
2500, 2500, 2500, 2500, 2500, 2500, 2500, 26842.636, 26513.747, 
47491.202, 56258.926, 66685.054, 95076.262, 51221.074, 85412.982, 
82731.446, 133881.182, 89069.9439999999, 9.62244, 4.46592, 9.09545, 
4.96373, 7.66662, 14.74398, 2.57757, 7.13099, 1.80135, 11.03925, 
5.87169, -12.57601, -7.62868, -9.48379, -7.53955, -8.50853, -12.87796, 
-3.90542, -8.39257, -3.72344, -10.81578, -8.98242, 0, 0, 0, 0, 
0, 0, 0, 0, 0, 0, 0, 0, 0, 0, 0, 0, 0, 0, 0, 0, 0, 0, 0.71669, 
0.71402, 0.71432, 0.71122, 0.71424, 0.71348, 0.72049, 0.7199, 
0.71848, 0.71549, 0.71069, 0.71307, 0.71468, 0.71252, 0.69946, 
0.70955, 0.70427, 0.71638, 0.71392, 0.71204, 0.7109, 0.70597, 
0.6986, 0.6784, 1.2042, 0.9666, 1.3955, 3.3612, 1.3037, 1.9053, 
1.5885, 4.5457, 2.183, 742.1, 795.6, 828.5, 925.9, 964.8, 1015.3, 
1145.1, 1160.3, 1298.3, 1302.4, 1444.7, 681, 2250, 1112, 2308, 
2298, 366, 656, 611, 1515, 187, 458, 1, 1, 1, 1, 1, 1, 1, 1, 
2, 1, 1, 100, 100, 100, 100, 100, 100, 100, 100, 100, 100, 100, 
2500, 2500, 2500, 2500, 2500, 2500, 2500, 2500, 2500, 2500, 2500, 
40083.274, 49594.84, 56103.793, 67994.14, 80379.644, 94047.394, 
107049.634, 120049.553, 121042.777, 143467.148, 162808.888, 1, 
1, 1, 1, 1, 1, 1, 1, 1, 1, 1, 0.03846, 0.03846, 0.03846, 0.03846, 
0.03846, 0.03846, 0.03846, 0.03846, 0.03846, 0.03846, 0.03846, 
0, 0, 0, 0, 0, 0, 0, 0, 0, 0, 0, 0, 0, 0, 0, 0, 0, 0, 0, 0, 0, 
0, 0.70134, 0.70079, 0.70584, 0.69724, 0.69918, 0.70281, 0.70506, 
0.70623, 0.70681, 0.70326, 0.69797, 0.70498, 0.69949, 0.70101, 
0.69558, 0.69919, 0.70379, 0.70459, 0.70111, 0.70519, 0.69983, 
0.70124, 0.5384, 0.6357, 0.7335, 0.862, 0.989, 1.1388, 1.2642, 
1.412, 1.5529, 1.7029, 1.8685, 780.6, 853.2, 923.9, 1004.6, 1079.3, 
1147.5, 1214, 1277.7, 1361.9, 1429.5, 1503.5, 1, 1, 1, 1, 1, 
1, 1, 1, 1, 1, 1, 1, 1, 1, 1, 1, 1, 1, 1, 1, 1, 1, 1, 1, 1, 1, 
1, 1, 1, 1, 1, 1, 1, 1, 1, 1, 1, 1, 1, 1, 1, 1, 1, 1, 8.673, 
10.871, 11.797, 13.287, 15.105, 16.421, 18.077, 19.441, 20.483, 
21.928, 23.565), .Dim = c(11L, 40L), .Dimnames = list(NULL, c("Sampling", 
"PSO.cost", "PSO.gamma", "PSO.data.balancing", "PSO.feature.selection", 
"PSO.valid.acc", "PSO.test.acc", "PSO.train.time", "PSO.n.support.vectors", 
"PSO.index", "PSO.n.solutions", "PSO.generations", "PSO.n.evaluations", 
"PSO.cpu.time", "RS.cost", "RS.gamma", "RS.data.balancing", "RS.feature.selection", 
"RS.valid.acc", "RS.test.acc", "RS.train.time", "RS.n.support.vectors", 
"RS.index", "RS.n.solutions", "RS.generations", "RS.n.evaluations", 
"RS.cpu.time", "DF.cost", "DF.gamma", "DF.data.balancing", "DF.feature.selection", 
"DF.valid.acc", "DF.test.acc", "DF.train.time", "DF.n.support.vectors", 
"DF.index", "DF.n.solutions", "DF.generations", "DF.n.evaluations", 
"DF.cpu.time")))
