full <-
structure(c(50, 55, 60, 65, 70, 75, 80, 85, 90, 95, 100, 14.24421, 
11.54279, 15, 9.41366, 9.21987, 10.38056, 14.45419, 14.97981, 
14.52395, 14.43457, 15, -14.55605, -12.50036, -12.47729, -10.557, 
-10.42221, -10.14137, -13.36666, -14.31142, -13.13883, -12.41025, 
-11.05931, 0, 0, 0, 0, 0, 0, 0, 0, 0, 0, 0, 0, 0, 0, 0, 0, 0, 
0, 0, 0, 0, 0, 0.71165, 0.71267, 0.71491, 0.71173, 0.71427, 0.71925, 
0.7146, 0.7203, 0.71692, 0.71316, 0.71095, 0.70143, 0.69952, 
0.70402, 0.7011, 0.70908, 0.71537, 0.71366, 0.71475, 0.71087, 
0.71009, 0.71207, 0.9719, 1.1708, 2.2742, 1.5822, 1.8107, 2.8099, 
2.9166, 2.8245, 4.0378, 5.1166, 11.4809, 696.2, 792.7, 822.2, 
931.9, 997.1, 1038.9, 1080.3, 1145.2, 1202.1, 1278.7, 1337.5, 
2321, 2079, 1035, 853, 2157, 1174, 1910, 1325, 1157, 2072, 1678, 
1, 1, 1, 167, 4, 34, 1, 1, 2, 1, 1, 100, 100, 100, 100, 100, 
100, 100, 100, 100, 100, 100, 2500, 2500, 2500, 2500, 2500, 2500, 
2500, 2500, 2500, 2500, 2500, 31531.812, 39988.431, 63927.992, 
45334.974, 54993.346, 89871.647, 89235.005, 82333.48, 115763.435, 
145232.276, 243534.924, 0.7052, 12.5029, 10.59329, 9.63202, 9.2643, 
10.90268, 13.97415, 13.39042, 14.7016, 14.2726, 7.60109, -2.70251, 
-13.14213, -10.03224, -10.79605, -10.38205, -10.37759, -13.05272, 
-13.59126, -13.3158, -12.27355, -7.08269, 0, 0, 0, 0, 0, 0, 0, 
0, 0, 0, 0, 0, 0, 0, 0, 0, 0, 0, 0, 0, 0, 0, 0.70944, 0.71068, 
0.71368, 0.71117, 0.71323, 0.71876, 0.71369, 0.71773, 0.71611, 
0.71125, 0.7124, 0.70798, 0.6982, 0.70402, 0.7011, 0.70908, 0.71585, 
0.71549, 0.71474, 0.71006, 0.71008, 0.71206, 0.5805, 1.2049, 
1.443, 1.5501, 1.862, 1.8647, 3.0664, 2.8948, 3.9725, 5.4316, 
3.1089, 795.1, 782.1, 832.7, 935, 997.9, 1038.3, 1083.9, 1156.8, 
1200.2, 1279.2, 1353, 1134, 771, 537, 425, 1858, 149, 1667, 1827, 
80, 296, 1285, 1, 1, 1, 1, 1, 1, 1, 1, 1, 1, 1, 100, 100, 100, 
100, 100, 100, 100, 100, 100, 100, 100, 2500, 2500, 2500, 2500, 
2500, 2500, 2500, 2500, 2500, 2500, 2500, 41591.235, 49296.976, 
56792.453, 68410.686, 79175.901, 83977.7740000001, 98885.036, 
121431.64, 131845.296, 142271.548, 163335.278, 1, 1, 1, 1, 1, 
1, 1, 1, 1, 1, 1, 0.03846, 0.03846, 0.03846, 0.03846, 0.03846, 
0.03846, 0.03846, 0.03846, 0.03846, 0.03846, 0.03846, 0, 0, 0, 
0, 0, 0, 0, 0, 0, 0, 0, 0, 0, 0, 0, 0, 0, 0, 0, 0, 0, 0, 0.68903, 
0.69094, 0.69677, 0.69164, 0.6982, 0.6989, 0.69963, 0.70537, 
0.70159, 0.70018, 0.69897, 0.6883, 0.68963, 0.69977, 0.69274, 
0.70029, 0.70131, 0.70464, 0.70795, 0.70522, 0.70093, 0.70334, 
0.5468, 0.6361, 0.7561, 0.8887, 1.0097, 1.1473, 1.292, 1.3894, 
1.5991, 1.7182, 1.3682, 798.4, 877.5, 946.7, 1022.9, 1086.6, 
1150.6, 1217.3, 1287.5, 1356.1, 1436.4, 1503.6, 1, 1, 1, 1, 1, 
1, 1, 1, 1, 1, 1, 1, 1, 1, 1, 1, 1, 1, 1, 1, 1, 1, 1, 1, 1, 1, 
1, 1, 1, 1, 1, 1, 1, 1, 1, 1, 1, 1, 1, 1, 1, 1, 1, 1, 9.115, 
9.866, 10.554, 12.85, 14.05, 14.626, 17.108, 17.898, 19.507, 
21.619, 17.34), .Dim = c(11L, 40L), .Dimnames = list(NULL, c("Sampling", 
"PSO.cost", "PSO.gamma", "PSO.data.balancing", "PSO.feature.selection", 
"PSO.valid.acc", "PSO.test.acc", "PSO.train.time", "PSO.n.support.vectors", 
"PSO.index", "PSO.n.solutions", "PSO.generations", "PSO.n.evaluations", 
"PSO.cpu.time", "RS.cost", "RS.gamma", "RS.data.balancing", "RS.feature.selection", 
"RS.valid.acc", "RS.test.acc", "RS.train.time", "RS.n.support.vectors", 
"RS.index", "RS.n.solutions", "RS.generations", "RS.n.evaluations", 
"RS.cpu.time", "DF.cost", "DF.gamma", "DF.data.balancing", "DF.feature.selection", 
"DF.valid.acc", "DF.test.acc", "DF.train.time", "DF.n.support.vectors", 
"DF.index", "DF.n.solutions", "DF.generations", "DF.n.evaluations", 
"DF.cpu.time")))
