full <-
structure(c(50, 55, 60, 65, 70, 75, 80, 85, 90, 95, 100, 14.06857, 
14.59539, 9.76476, 7.16049, 6.91902, 12.42889, 9.72582, 14.58114, 
5.68713, 6.05844, 14.97126, -12.81922, -13.29264, -10.22434, 
-9.05452, -9.17419, -13.12259, -10.78766, -14.98767, -7.41337, 
-8.53282, -14.52483, 0, 0, 0, 0, 0, 0, 0, 0, 0, 0, 0, 0, 0, 0, 
0, 0, 0, 0, 0, 0, 0, 0, 0.71222, 0.71799, 0.71553, 0.7162, 0.71943, 
0.71588, 0.71777, 0.71439, 0.71861, 0.71581, 0.71465, 0.70568, 
0.7127, 0.70404, 0.71452, 0.7096, 0.71638, 0.71731, 0.71181, 
0.70773, 0.71045, 0.7121, 1.8818, 1.9021, 1.6398, 1.2751, 1.3494, 
2.5154, 2.752, 2.3433, 1.8995, 2.1438, 3.5181, 685.4, 751, 853.8, 
928.8, 1000.1, 1034.2, 1130, 1140.2, 1233.4, 1343.2, 1343, 712, 
1215, 434, 1568, 443, 339, 613, 1116, 1714, 1500, 411, 12, 1, 
536, 20, 483, 65, 29, 2, 3, 2, 1, 100, 100, 100, 100, 100, 100, 
100, 100, 100, 100, 100, 2500, 2500, 2500, 2500, 2500, 2500, 
2500, 2500, 2500, 2500, 2500, 54231.34, 61495.393, 54777.412, 
47314.949, 43482.845, 82708.5719999999, 80210.745, 76005.909, 
63844.7069999999, 67264.77, 108681.529, 14.79729, 6.54713, 9.67477, 
7.24043, 6.31935, 13.9228, 11.05415, 9.73279, 5.89926, 5.31523, 
8.93663, -13.37649, -8.30255, -10.2068, -9.16232, -9.25116, -11.42549, 
-11.82258, -10.11271, -7.54215, -8.02597, -9.34248, 0, 0, 0, 
0, 0, 0, 0, 0, 0, 0, 0, 0, 0, 0, 0, 0, 0, 0, 0, 0, 0, 0, 0.71222, 
0.71602, 0.71553, 0.71507, 0.71892, 0.71494, 0.71687, 0.71354, 
0.7174, 0.71504, 0.71319, 0.70496, 0.71271, 0.70344, 0.71396, 
0.7101, 0.71057, 0.71686, 0.71225, 0.70813, 0.71008, 0.70992, 
1.6316, 0.9295, 1.6309, 1.2691, 1.307, 5.2087, 3.0434, 3.1568, 
1.934, 2.0657, 3.7539, 682, 788.8, 855.9, 932.7, 1018.8, 1010.7, 
1123.2, 1169.4, 1234.3, 1338.3, 1379.1, 1100, 1054, 125, 647, 
429, 1583, 1128, 1741, 1617, 724, 722, 1, 2, 1, 1, 1, 2, 1, 1, 
1, 1, 2, 100, 100, 100, 100, 100, 100, 100, 100, 100, 100, 100, 
2500, 2500, 2500, 2500, 2500, 2500, 2500, 2500, 2500, 2500, 2500, 
47514.339, 58579.848, 67256.858, 74459.217, 77645.4409999999, 
92323.799, 109608.844, 120628.058, 127295.554, 158240.549, 163773.281, 
1, 1, 1, 1, 1, 1, 1, 1, 1, 1, 1, 0.03846, 0.03846, 0.03846, 0.03846, 
0.03846, 0.03846, 0.03846, 0.03846, 0.03846, 0.03846, 0.03846, 
0, 0, 0, 0, 0, 0, 0, 0, 0, 0, 0, 0, 0, 0, 0, 0, 0, 0, 0, 0, 0, 
0, 0.68819, 0.70546, 0.69436, 0.69832, 0.69608, 0.70475, 0.70324, 
0.70071, 0.70733, 0.70817, 0.70375, 0.68597, 0.70017, 0.69679, 
0.69666, 0.69558, 0.70718, 0.70281, 0.70585, 0.70448, 0.70281, 
0.6983, 0.5613, 0.6675, 0.8011, 0.884, 1.014, 1.1638, 1.2833, 
1.4276, 1.6235, 1.7673, 1.9599, 793.9, 869.5, 942.6, 1012.1, 
1081.6, 1146.5, 1226.3, 1286.7, 1352, 1425.2, 1506.8, 1, 1, 1, 
1, 1, 1, 1, 1, 1, 1, 1, 1, 1, 1, 1, 1, 1, 1, 1, 1, 1, 1, 1, 1, 
1, 1, 1, 1, 1, 1, 1, 1, 1, 1, 1, 1, 1, 1, 1, 1, 1, 1, 1, 1, 10.448, 
11.171, 12.873, 12.325, 13.73, 15.163, 16.45, 17.989, 20.113, 
21.588, 23.714), .Dim = c(11L, 40L), .Dimnames = list(NULL, c("Sampling", 
"PSO.cost", "PSO.gamma", "PSO.data.balancing", "PSO.feature.selection", 
"PSO.valid.acc", "PSO.test.acc", "PSO.train.time", "PSO.n.support.vectors", 
"PSO.index", "PSO.n.solutions", "PSO.generations", "PSO.n.evaluations", 
"PSO.cpu.time", "RS.cost", "RS.gamma", "RS.data.balancing", "RS.feature.selection", 
"RS.valid.acc", "RS.test.acc", "RS.train.time", "RS.n.support.vectors", 
"RS.index", "RS.n.solutions", "RS.generations", "RS.n.evaluations", 
"RS.cpu.time", "DF.cost", "DF.gamma", "DF.data.balancing", "DF.feature.selection", 
"DF.valid.acc", "DF.test.acc", "DF.train.time", "DF.n.support.vectors", 
"DF.index", "DF.n.solutions", "DF.generations", "DF.n.evaluations", 
"DF.cpu.time")))
