full <-
structure(c(50, 55, 60, 65, 70, 75, 80, 85, 90, 95, 100, 8.99241, 
10.07162, 14.09165, 8.89873, 7.99591, 10.23023, 12.46237, 11.29648, 
14.18231, 12.05631, 7.20253, -9.20235, -10.25487, -14.94962, 
-9.78332, -7.83814, -8.48234, -11.35854, -12.22019, -14.87397, 
-10.11473, -8.69238, 0, 0, 0, 0, 0, 0, 0, 0, 0, 0, 0, 0, 0, 0, 
0, 0, 0, 0, 0, 0, 0, 0, 0.70284, 0.70864, 0.70454, 0.70676, 0.70958, 
0.71391, 0.71417, 0.71184, 0.71009, 0.71123, 0.7143, 0.69406, 
0.70667, 0.69845, 0.70061, 0.70075, 0.71151, 0.70963, 0.70714, 
0.70363, 0.70434, 0.70703, 0.7667, 1.0735, 1.1909, 1.3454, 1.3764, 
2.2628, 3.5139, 2.694, 2.5212, 6.858, 2.7014, 714.7, 777.6, 841.4, 
931.7, 966.1, 1010.2, 1082.6, 1190, 1227.4, 1294.1, 1397.2, 336, 
775, 1859, 478, 828, 1550, 1337, 1629, 1871, 1545, 1270, 122, 
98, 5, 308, 63, 16, 2, 4, 5, 1, 82, 100, 100, 100, 100, 100, 
100, 100, 100, 100, 100, 100, 2500, 2500, 2500, 2500, 2500, 2500, 
2500, 2500, 2500, 2500, 2500, 29765.177, 35411.307, 39756.086, 
40519.141, 51011.953, 104228.253, 95343.314, 80675.683, 74166.9989999998, 
162969.267, 99534.8190000001, 9.35652, 11.55241, 13.45462, 8.69404, 
6.92522, 10.26677, 12.35848, 11.81977, 9.97173, 12.26308, 7.34653, 
-9.40487, -10.91243, -14.32017, -9.5948, -10.63829, -8.49595, 
-11.31054, -12.44067, -10.4373, -10.0583, -8.77458, 0, 0, 0, 
0, 0, 0, 0, 0, 0, 0, 0, 0, 0, 0, 0, 0, 0, 0, 0, 0, 0, 0, 0.70284, 
0.70534, 0.70272, 0.70565, 0.70805, 0.71343, 0.71281, 0.7097, 
0.70889, 0.71046, 0.71358, 0.69405, 0.70534, 0.69785, 0.70117, 
0.70235, 0.71151, 0.70781, 0.70799, 0.70123, 0.70625, 0.70739, 
0.8297, 1.3187, 1.2579, 1.3533, 1.1289, 2.3299, 3.5087, 2.7769, 
2.1359, 6.8892, 2.785, 714.4, 771.8, 846.9, 932, 1063.2, 1009.5, 
1086.6, 1178.7, 1264.6, 1291.6, 1393.8, 461, 2127, 667, 132, 
2456, 544, 655, 654, 841, 2247, 2372, 2, 2, 1, 3, 1, 1, 1, 2, 
1, 1, 1, 100, 100, 100, 100, 100, 100, 100, 100, 100, 100, 100, 
2500, 2500, 2500, 2500, 2500, 2500, 2500, 2500, 2500, 2500, 2500, 
39274.956, 47225.885, 50395.446, 63062.316, 73597.144, 85757.948, 
92882.198, 115392.617, 114024.906, 136291.142, 151348.271, 1, 
1, 1, 1, 1, 1, 1, 1, 1, 1, 1, 0.03846, 0.03846, 0.03846, 0.03846, 
0.03846, 0.03846, 0.03846, 0.03846, 0.03846, 0.03846, 0.03846, 
0, 0, 0, 0, 0, 0, 0, 0, 0, 0, 0, 0, 0, 0, 0, 0, 0, 0, 0, 0, 0, 
0, 0.69054, 0.70011, 0.68585, 0.6894, 0.6971, 0.6994, 0.69828, 
0.6973, 0.69962, 0.70017, 0.70011, 0.6905, 0.69681, 0.69132, 
0.69219, 0.69712, 0.70037, 0.7019, 0.69558, 0.69438, 0.70015, 
0.7012, 0.5329, 0.6397, 0.5118, 0.5846, 1.0009, 1.1311, 1.2696, 
1.3953, 1.5778, 1.7221, 1.8984, 803.2, 865.6, 941.9, 1019, 1077.9, 
1145.5, 1214.2, 1290.9, 1368.6, 1436.1, 1505.1, 1, 1, 1, 1, 1, 
1, 1, 1, 1, 1, 1, 1, 1, 1, 1, 1, 1, 1, 1, 1, 1, 1, 1, 1, 1, 1, 
1, 1, 1, 1, 1, 1, 1, 1, 1, 1, 1, 1, 1, 1, 1, 1, 1, 1, 8.221, 
9.388, 8.186, 8.181, 13.214, 14.547, 15.936, 17.315, 20.08, 20.886, 
23.482), .Dim = c(11L, 40L), .Dimnames = list(NULL, c("Sampling", 
"PSO.cost", "PSO.gamma", "PSO.data.balancing", "PSO.feature.selection", 
"PSO.valid.acc", "PSO.test.acc", "PSO.train.time", "PSO.n.support.vectors", 
"PSO.index", "PSO.n.solutions", "PSO.generations", "PSO.n.evaluations", 
"PSO.cpu.time", "RS.cost", "RS.gamma", "RS.data.balancing", "RS.feature.selection", 
"RS.valid.acc", "RS.test.acc", "RS.train.time", "RS.n.support.vectors", 
"RS.index", "RS.n.solutions", "RS.generations", "RS.n.evaluations", 
"RS.cpu.time", "DF.cost", "DF.gamma", "DF.data.balancing", "DF.feature.selection", 
"DF.valid.acc", "DF.test.acc", "DF.train.time", "DF.n.support.vectors", 
"DF.index", "DF.n.solutions", "DF.generations", "DF.n.evaluations", 
"DF.cpu.time")))
