full <-
structure(c(50, 55, 60, 65, 70, 75, 80, 85, 90, 95, 100, 9.42696, 
4.13155, 7.67144, 10.61069, 12.76323, 10.57419, 7.42117, 14.06813, 
9.70329, 6.72837, 5.09062, -10.20133, -6.62754, -9.34724, -11.40797, 
-12.10141, -11.18428, -9.35701, -12.81357, -10.27767, -6.41502, 
-6.36189, 0, 0, 0, 0, 0, 0, 0, 0, 0, 0, 0, 0, 0, 0, 0, 0, 0, 
0, 0, 0, 0, 0, 0.70933, 0.7047, 0.70944, 0.71801, 0.71163, 0.7125, 
0.71774, 0.72504, 0.71371, 0.7158, 0.71682, 0.70421, 0.70206, 
0.71247, 0.71186, 0.70902, 0.70622, 0.71457, 0.71008, 0.70887, 
0.71122, 0.70918, 0.9319, 0.6889, 1.0148, 1.6999, 2.557, 2.4066, 
1.7934, 3.5598, 3.4404, 2.5304, 2.2583, 732.4, 796.4, 868.1, 
909.1, 958.8, 1058.1, 1147.7, 1132.5, 1241.5, 1280.6, 1369.4, 
2240, 1725, 1739, 1504, 2190, 2170, 1569, 2298, 1184, 1233, 1565, 
3, 24, 40, 5, 1, 2, 8, 2, 27, 81, 26, 100, 100, 100, 100, 100, 
100, 100, 100, 100, 100, 100, 2500, 2500, 2500, 2500, 2500, 2500, 
2500, 2500, 2500, 2500, 2500, 36663.679, 39735.05, 35270.194, 
53512.545, 78268.307, 80896.105, 75888.439, 110593.556, 107284.123, 
128696.416, 77565.318, 8.87763, 4.69891, 7.83438, 10.71928, 12.87069, 
10.76447, 9.33986, 14.647, 5.16862, 6.57958, 6.0288, -9.70548, 
-7.01713, -9.43486, -11.34843, -7.65024, -11.34435, -9.55092, 
-13.08325, -6.07916, -6.36714, -6.86205, 0, 0, 0, 0, 0, 0, 0, 
0, 0, 0, 0, 0, 0, 0, 0, 0, 0, 0, 0, 0, 0, 0, 0.70791, 0.70338, 
0.70824, 0.71578, 0.7111, 0.71201, 0.71639, 0.72545, 0.71331, 
0.71541, 0.715, 0.70714, 0.70139, 0.71247, 0.7124, 0.68981, 0.70719, 
0.71094, 0.71265, 0.70768, 0.71199, 0.71245, 0.8493, 0.7175, 
1.0467, 1.7793, 7.1514, 2.3719, 2.7437, 3.7051, 1.8665, 2.4052, 
2.4873, 729.7, 792.8, 867.9, 907.6, 950.1, 1052.6, 1113.8, 1129.5, 
1228.6, 1280.7, 1365.5, 249, 909, 1936, 2011, 2389, 531, 1685, 
1837, 714, 1325, 1938, 1, 1, 1, 2, 1, 1, 2, 1, 1, 1, 2, 100, 
100, 100, 100, 100, 100, 100, 100, 100, 100, 100, 2500, 2500, 
2500, 2500, 2500, 2500, 2500, 2500, 2500, 2500, 2500, 42659.466, 
50933.229, 62593.627, 68362.477, 82369.11, 94175.714, 117910.628, 
124242.468, 138389.742, 163622.962, 162561.389, 1, 1, 1, 1, 1, 
1, 1, 1, 1, 1, 1, 0.03846, 0.03846, 0.03846, 0.03846, 0.03846, 
0.03846, 0.03846, 0.03846, 0.03846, 0.03846, 0.03846, 0, 0, 0, 
0, 0, 0, 0, 0, 0, 0, 0, 0, 0, 0, 0, 0, 0, 0, 0, 0, 0, 0, 0.69179, 
0.69016, 0.69795, 0.70517, 0.69915, 0.6961, 0.70008, 0.70794, 
0.70044, 0.70394, 0.70191, 0.6911, 0.69677, 0.701, 0.70686, 0.70019, 
0.70047, 0.69827, 0.70364, 0.70125, 0.70242, 0.7041, 0.5553, 
0.648, 0.746, 0.8744, 1.005, 1.1673, 1.3664, 1.4806, 1.5976, 
1.8026, 1.9686, 801.7, 869.7, 936.5, 1001.6, 1084.1, 1151.9, 
1221.7, 1275.3, 1357.5, 1423.8, 1502.1, 1, 1, 1, 1, 1, 1, 1, 
1, 1, 1, 1, 1, 1, 1, 1, 1, 1, 1, 1, 1, 1, 1, 1, 1, 1, 1, 1, 1, 
1, 1, 1, 1, 1, 1, 1, 1, 1, 1, 1, 1, 1, 1, 1, 1, 9.145, 10.006, 
10.95, 13.672, 15.044, 16.49, 19.346, 20.154, 20.689, 23.141, 
23.863), .Dim = c(11L, 40L), .Dimnames = list(NULL, c("Sampling", 
"PSO.cost", "PSO.gamma", "PSO.data.balancing", "PSO.feature.selection", 
"PSO.valid.acc", "PSO.test.acc", "PSO.train.time", "PSO.n.support.vectors", 
"PSO.index", "PSO.n.solutions", "PSO.generations", "PSO.n.evaluations", 
"PSO.cpu.time", "RS.cost", "RS.gamma", "RS.data.balancing", "RS.feature.selection", 
"RS.valid.acc", "RS.test.acc", "RS.train.time", "RS.n.support.vectors", 
"RS.index", "RS.n.solutions", "RS.generations", "RS.n.evaluations", 
"RS.cpu.time", "DF.cost", "DF.gamma", "DF.data.balancing", "DF.feature.selection", 
"DF.valid.acc", "DF.test.acc", "DF.train.time", "DF.n.support.vectors", 
"DF.index", "DF.n.solutions", "DF.generations", "DF.n.evaluations", 
"DF.cpu.time")))
