full <-
structure(c(50, 55, 60, 65, 70, 75, 80, 85, 90, 95, 100, 14.94516, 
12.78122, 9.72238, 12.38004, 4.24327, 11.62001, 9.80699, 10.09957, 
13.65796, 14.65082, 14.51828, -14.28988, -14.17657, -12.80029, 
-12.83234, -6.63866, -11.64994, -9.2705, -8.48554, -11.55145, 
-15, -13.23773, 0, 0, 0, 0, 0, 0, 0, 0, 0, 0, 0, 0, 0, 0, 0, 
0, 0, 0, 0, 0, 0, 0, 0.70855, 0.71274, 0.71485, 0.71234, 0.71108, 
0.713, 0.71186, 0.71266, 0.71009, 0.71579, 0.71575, 0.70855, 
0.70544, 0.7094, 0.70397, 0.70431, 0.71155, 0.7019, 0.70668, 
0.70525, 0.7112, 0.70775, 1.0203, 0.9938, 1.0372, 1.6818, 1.0549, 
2.665, 1.7472, 3.3772, 5.3544, 2.6562, 2.8552, 678.6, 765, 914.4, 
902.8, 1007.6, 1046.7, 1109.6, 1160.3, 1221.5, 1278.7, 1344, 
915, 452, 405, 1707, 760, 1620, 1760, 2464, 2253, 270, 2188, 
6, 13, 18, 19, 206, 8, 1, 1, 2, 634, 1, 100, 100, 100, 100, 100, 
100, 100, 100, 100, 100, 100, 2500, 2500, 2500, 2500, 2500, 2500, 
2500, 2500, 2500, 2500, 2500, 32012.548, 33147.993, 37430.77, 
49138.167, 43955.18, 75813.145, 72998.872, 86377.3319999999, 
119267.19, 79178.702, 122353.446, 14.69543, 12.47378, 8.83408, 
4.98208, 4.09198, 11.24445, 9.10748, 14.76065, 11.37579, 14.21205, 
13.90976, -14.2215, -13.91656, -11.91911, -7.00203, -6.52508, 
-11.38386, -8.98889, -11.29552, -11.78939, -13.34604, -13.08442, 
0, 0, 0, 0, 0, 0, 0, 0, 0, 0, 0, 0, 0, 0, 0, 0, 0, 0, 0, 0, 0, 
0, 0.70783, 0.71208, 0.71484, 0.71289, 0.71056, 0.71251, 0.71096, 
0.71224, 0.70928, 0.71502, 0.71429, 0.70928, 0.70479, 0.7094, 
0.70616, 0.70535, 0.71203, 0.70235, 0.7088, 0.70647, 0.71235, 
0.70993, 0.6411, 1.0092, 0.9704, 0.964, 0.7046, 2.6603, 2.463, 
6.6059, 3.4385, 3.5659, 2.7845, 678.5, 769.4, 917, 920.9, 1007.4, 
1053.3, 1113, 1153.1, 1251.9, 1278.3, 1344.5, 1760, 1737, 1108, 
1885, 1811, 1274, 307, 1583, 258, 456, 619, 1, 1, 1, 1, 1, 1, 
1, 1, 1, 1, 8, 100, 100, 100, 100, 100, 100, 100, 100, 100, 100, 
100, 2500, 2500, 2500, 2500, 2500, 2500, 2500, 2500, 2500, 2500, 
2500, 35500.786, 48630.173, 52293.929, 68028.94, 74781.441, 87249.174, 
91983.7590000001, 107407.127, 126078.859, 119375.535, 147526.83, 
1, 1, 1, 1, 1, 1, 1, 1, 1, 1, 1, 0.03846, 0.03846, 0.03846, 0.03846, 
0.03846, 0.03846, 0.03846, 0.03846, 0.03846, 0.03846, 0.03846, 
0, 0, 0, 0, 0, 0, 0, 0, 0, 0, 0, 0, 0, 0, 0, 0, 0, 0, 0, 0, 0, 
0, 0.69034, 0.6948, 0.69183, 0.69781, 0.6971, 0.69943, 0.69917, 
0.70069, 0.69922, 0.70089, 0.70228, 0.69038, 0.69547, 0.69667, 
0.69333, 0.69608, 0.69702, 0.69511, 0.70368, 0.69922, 0.70624, 
0.70011, 0.553, 0.6214, 0.7475, 0.8481, 0.9806, 1.1291, 1.3089, 
1.4574, 1.6067, 1.714, 1.3013, 793.9, 866.2, 944.1, 1021.6, 1103, 
1171.4, 1243.4, 1315.5, 1372.1, 1436.9, 1503.3, 1, 1, 1, 1, 1, 
1, 1, 1, 1, 1, 1, 1, 1, 1, 1, 1, 1, 1, 1, 1, 1, 1, 1, 1, 1, 1, 
1, 1, 1, 1, 1, 1, 1, 1, 1, 1, 1, 1, 1, 1, 1, 1, 1, 1, 9.414, 
9.197, 10.489, 11.358, 12.913, 14.389, 16.455, 18.082, 19.625, 
21.343, 15.85), .Dim = c(11L, 40L), .Dimnames = list(NULL, c("Sampling", 
"PSO.cost", "PSO.gamma", "PSO.data.balancing", "PSO.feature.selection", 
"PSO.valid.acc", "PSO.test.acc", "PSO.train.time", "PSO.n.support.vectors", 
"PSO.index", "PSO.n.solutions", "PSO.generations", "PSO.n.evaluations", 
"PSO.cpu.time", "RS.cost", "RS.gamma", "RS.data.balancing", "RS.feature.selection", 
"RS.valid.acc", "RS.test.acc", "RS.train.time", "RS.n.support.vectors", 
"RS.index", "RS.n.solutions", "RS.generations", "RS.n.evaluations", 
"RS.cpu.time", "DF.cost", "DF.gamma", "DF.data.balancing", "DF.feature.selection", 
"DF.valid.acc", "DF.test.acc", "DF.train.time", "DF.n.support.vectors", 
"DF.index", "DF.n.solutions", "DF.generations", "DF.n.evaluations", 
"DF.cpu.time")))
