full <-
structure(c(50, 55, 60, 65, 70, 75, 80, 85, 90, 95, 100, 7.96569, 
14.9942, 9.51087, 14.34181, 7.28281, 7.83474, 7.28038, 11.49111, 
4.86786, 9.98423, 15, -9.0927, -13.28524, -10.10836, -14.98845, 
-8.92077, -9.48422, -8.80664, -10.24305, -6.54088, -11.25687, 
-12.19179, 0, 0, 0, 0, 0, 0, 0, 0, 0, 0, 0, 0, 0, 0, 0, 0, 0, 
0, 0, 0, 0, 0, 0.73039, 0.72528, 0.71917, 0.71956, 0.71475, 0.71539, 
0.71284, 0.71557, 0.71418, 0.70964, 0.71319, 0.72458, 0.71072, 
0.72038, 0.71004, 0.70954, 0.70861, 0.71148, 0.70233, 0.70814, 
0.70048, 0.70847, 0.7653, 1.527, 1.3678, 1.3249, 1.3183, 1.627, 
1.7555, 4.7182, 1.745, 3.4674, 6.9301, 696.2, 729.6, 837.9, 880.2, 
990.7, 1066, 1132.5, 1161, 1248.7, 1352.1, 1341.8, 551, 1705, 
1055, 603, 1997, 1784, 2100, 1174, 1931, 1172, 103, 279, 1, 53, 
1, 34, 17, 10, 16, 42, 17, 3, 100, 100, 100, 100, 100, 100, 100, 
100, 100, 100, 100, 2500, 2500, 2500, 2500, 2500, 2500, 2500, 
2500, 2500, 2500, 2500, 29523.263, 45809.261, 45140.58, 38836.927, 
49464.35, 59832.638, 84121.9249999999, 107546.177, 131853.448, 
103963.978, 191793.451, 6.96113, 14.56736, 9.59586, 4.38061, 
7.55793, 8.18662, 7.52428, 8.30989, 12.87807, 9.85566, 4.69186, 
-8.78948, -13.16972, -10.15286, -6.7651, -8.82578, -8.83923, 
-8.85176, -10.01422, -14.69258, -11.21427, -7.59802, 0, 0, 0, 
0, 0, 0, 0, 0, 0, 0, 0, 0, 0, 0, 0, 0, 0, 0, 0, 0, 0, 0, 0.73039, 
0.72197, 0.71917, 0.71843, 0.71371, 0.71346, 0.71192, 0.71428, 
0.71337, 0.70849, 0.71247, 0.72019, 0.70875, 0.71977, 0.71842, 
0.71163, 0.71201, 0.71193, 0.71129, 0.70813, 0.70163, 0.70993, 
0.6849, 1.4352, 1.4086, 0.9164, 1.3472, 1.8024, 1.8082, 2.1832, 
2.3468, 3.2881, 2.0892, 706.8, 729.2, 837.1, 918.3, 977.9, 1037, 
1126, 1216, 1242.4, 1353.3, 1415.9, 1779, 418, 759, 822, 912, 
2389, 518, 832, 1398, 735, 452, 1, 2, 2, 2, 1, 1, 1, 1, 1, 1, 
1, 100, 100, 100, 100, 100, 100, 100, 100, 100, 100, 100, 2500, 
2500, 2500, 2500, 2500, 2500, 2500, 2500, 2500, 2500, 2500, 43414.919, 
48025.689, 53605.471, 67137.749, 79214.731, 86871.389, 111820.774, 
117547.034, 128518.689, 143882.241, 155085.591, 1, 1, 1, 1, 1, 
1, 1, 1, 1, 1, 1, 0.03846, 0.03846, 0.03846, 0.03846, 0.03846, 
0.03846, 0.03846, 0.03846, 0.03846, 0.03846, 0.03846, 0, 0, 0, 
0, 0, 0, 0, 0, 0, 0, 0, 0, 0, 0, 0, 0, 0, 0, 0, 0, 0, 0, 0.71142, 
0.70612, 0.7058, 0.71007, 0.7033, 0.70423, 0.70196, 0.70489, 
0.70287, 0.69935, 0.70231, 0.71284, 0.70612, 0.70825, 0.70615, 
0.70227, 0.70326, 0.70058, 0.70275, 0.70005, 0.69895, 0.70194, 
0.5305, 0.6231, 0.7121, 0.8285, 1.0083, 1.1084, 1.2839, 1.3981, 
1.521, 1.752, 1.9151, 795.1, 868.2, 936.1, 1011, 1083.1, 1161.2, 
1235.1, 1295, 1371, 1442.3, 1503.7, 1, 1, 1, 1, 1, 1, 1, 1, 1, 
1, 1, 1, 1, 1, 1, 1, 1, 1, 1, 1, 1, 1, 1, 1, 1, 1, 1, 1, 1, 1, 
1, 1, 1, 1, 1, 1, 1, 1, 1, 1, 1, 1, 1, 1, 8.062, 9.169, 9.893, 
11.171, 14.127, 14.207, 16.245, 17.388, 18.554, 21.111, 22.974
), .Dim = c(11L, 40L), .Dimnames = list(NULL, c("Sampling", "PSO.cost", 
"PSO.gamma", "PSO.data.balancing", "PSO.feature.selection", "PSO.valid.acc", 
"PSO.test.acc", "PSO.train.time", "PSO.n.support.vectors", "PSO.index", 
"PSO.n.solutions", "PSO.generations", "PSO.n.evaluations", "PSO.cpu.time", 
"RS.cost", "RS.gamma", "RS.data.balancing", "RS.feature.selection", 
"RS.valid.acc", "RS.test.acc", "RS.train.time", "RS.n.support.vectors", 
"RS.index", "RS.n.solutions", "RS.generations", "RS.n.evaluations", 
"RS.cpu.time", "DF.cost", "DF.gamma", "DF.data.balancing", "DF.feature.selection", 
"DF.valid.acc", "DF.test.acc", "DF.train.time", "DF.n.support.vectors", 
"DF.index", "DF.n.solutions", "DF.generations", "DF.n.evaluations", 
"DF.cpu.time")))
