full <-
structure(c(50, 55, 60, 65, 70, 75, 80, 85, 90, 95, 100, 14.30319, 
12.25274, 12.65457, 6.77998, 4.96021, 9.77388, 12.94681, 3.02784, 
11.32703, 14.85231, 9.91552, -14.88743, -9.63366, -14.86113, 
-9.01266, -6.59857, -11.02928, -14.7096, -6.86573, -10.58561, 
-13.49073, -11.0408, 0, 0, 0, 0, 0, 0, 0, 0, 0, 0, 0, 0, 0, 0, 
0, 0, 0, 0, 0, 0, 0, 0, 0.70938, 0.70879, 0.70952, 0.71228, 0.71318, 
0.7139, 0.70869, 0.71053, 0.71251, 0.71278, 0.71462, 0.70648, 
0.69556, 0.70527, 0.70165, 0.70746, 0.70906, 0.70552, 0.70155, 
0.70889, 0.71048, 0.70699, 0.8786, 1.8489, 1.0951, 1.0524, 1.0662, 
2.08, 1.9539, 1.4595, 4.7597, 3.8453, 4.0828, 676.6, 747.8, 843.3, 
926.6, 974.2, 1063.9, 1109.3, 1242.7, 1235.2, 1273.8, 1409.1, 
1533, 2392, 1896, 861, 1160, 1984, 946, 2083, 1065, 1252, 921, 
3, 2, 1, 81, 26, 6, 5, 1, 11, 3, 52, 100, 100, 100, 100, 100, 
100, 100, 100, 100, 100, 100, 2500, 2500, 2500, 2500, 2500, 2500, 
2500, 2500, 2500, 2500, 2500, 31727.187, 51914.835, 40669.579, 
37113.481, 45934.562, 59701.988, 65389.375, 56086.727, 120576.25, 
129605.128, 114405.978, 2.76033, 11.83032, 9.41692, 4.34608, 
9.32523, 10.45954, 5.42419, 2.69361, 11.27189, 11.49298, 10.97961, 
-3.68888, -9.46635, -11.92857, -6.58195, -10.10113, -11.30518, 
-6.83696, -6.51525, -10.53814, -10.90445, -11.32482, 0, 0, 0, 
0, 0, 0, 0, 0, 0, 0, 0, 0, 0, 0, 0, 0, 0, 0, 0, 0, 0, 0, 0.71087, 
0.70878, 0.7089, 0.71061, 0.71211, 0.71294, 0.70867, 0.70797, 
0.71171, 0.71277, 0.71316, 0.70362, 0.69817, 0.70406, 0.69999, 
0.70333, 0.7081, 0.70549, 0.70241, 0.70889, 0.71009, 0.70881, 
0.5523, 1.6917, 1.0711, 0.914, 1.8308, 2.3178, 1.4339, 0.9691, 
4.6577, 5.1063, 4.7842, 735.4, 748.3, 896.2, 916.8, 980.6, 1053.9, 
1108.8, 1239.6, 1237.6, 1299, 1384.9, 1995, 836, 1970, 67, 2050, 
2163, 248, 192, 358, 305, 1000, 1, 1, 1, 1, 1, 1, 1, 1, 1, 1, 
4, 100, 100, 100, 100, 100, 100, 100, 100, 100, 100, 100, 2500, 
2500, 2500, 2500, 2500, 2500, 2500, 2500, 2500, 2500, 2500, 40581.554, 
47392.49, 56240.824, 57938.469, 75144.774, 85233.123, 99749.166, 
101129.164, 128654.539, 139072.607, 168502.436, 1, 1, 1, 1, 1, 
1, 1, 1, 1, 1, 1, 0.03846, 0.03846, 0.03846, 0.03846, 0.03846, 
0.03846, 0.03846, 0.03846, 0.03846, 0.03846, 0.03846, 0, 0, 0, 
0, 0, 0, 0, 0, 0, 0, 0, 0, 0, 0, 0, 0, 0, 0, 0, 0, 0, 0, 0.69632, 
0.69237, 0.69922, 0.70003, 0.70225, 0.70274, 0.69689, 0.69944, 
0.70002, 0.70206, 0.69975, 0.6956, 0.69758, 0.70168, 0.69665, 
0.70071, 0.70226, 0.69596, 0.699, 0.698, 0.70551, 0.70556, 0.5347, 
0.6348, 0.749, 0.8435, 0.9978, 1.0848, 1.2821, 1.3783, 1.5897, 
1.1834, 1.8918, 794.1, 869.6, 936.1, 1007.7, 1073.4, 1146.7, 
1222.2, 1293.9, 1365.3, 1437.4, 1509.9, 1, 1, 1, 1, 1, 1, 1, 
1, 1, 1, 1, 1, 1, 1, 1, 1, 1, 1, 1, 1, 1, 1, 1, 1, 1, 1, 1, 1, 
1, 1, 1, 1, 1, 1, 1, 1, 1, 1, 1, 1, 1, 1, 1, 1, 8.279, 10.134, 
11.356, 11.47, 13.154, 13.878, 16.93, 17.191, 20.23, 14.626, 
23.457), .Dim = c(11L, 40L), .Dimnames = list(NULL, c("Sampling", 
"PSO.cost", "PSO.gamma", "PSO.data.balancing", "PSO.feature.selection", 
"PSO.valid.acc", "PSO.test.acc", "PSO.train.time", "PSO.n.support.vectors", 
"PSO.index", "PSO.n.solutions", "PSO.generations", "PSO.n.evaluations", 
"PSO.cpu.time", "RS.cost", "RS.gamma", "RS.data.balancing", "RS.feature.selection", 
"RS.valid.acc", "RS.test.acc", "RS.train.time", "RS.n.support.vectors", 
"RS.index", "RS.n.solutions", "RS.generations", "RS.n.evaluations", 
"RS.cpu.time", "DF.cost", "DF.gamma", "DF.data.balancing", "DF.feature.selection", 
"DF.valid.acc", "DF.test.acc", "DF.train.time", "DF.n.support.vectors", 
"DF.index", "DF.n.solutions", "DF.generations", "DF.n.evaluations", 
"DF.cpu.time")))
