full <-
structure(c(50, 55, 60, 65, 70, 75, 80, 85, 90, 95, 100, 7.48764, 
11.72104, 13.81348, 10.39277, 14.55339, 14.99702, 14.84085, 15, 
14.67336, 15, 8.34569, -6.19353, -12.94274, -11.05528, -7.46555, 
-9.6398, -14.80374, -10.81216, -13.94756, -12.64789, -14.39923, 
-9.69325, 0, 0, 0, 0, 0, 0, 0, 0, 0, 0, 0, 0, 0, 0, 0, 0, 0, 
0, 0, 0, 0, 0, 0.70427, 0.70934, 0.71257, 0.71566, 0.71266, 0.71539, 
0.70961, 0.71865, 0.71291, 0.71576, 0.71354, 0.69771, 0.70476, 
0.69986, 0.70559, 0.70852, 0.71296, 0.70238, 0.71224, 0.70766, 
0.71078, 0.71026, 0.7405, 1.2797, 3.1027, 2.1512, 8.9952, 1.9981, 
9.1058, 3.0154, 4.2961, 3.1637, 3.0339, 712.1, 789.2, 818.6, 
883.8, 942.2, 1010.1, 1079.9, 1135.4, 1211.7, 1272.2, 1403.3, 
1812, 1500, 2465, 1547, 2166, 1773, 1210, 1689, 1560, 2232, 2222, 
4, 1, 1, 7, 3, 2, 3, 1, 1, 1, 3, 100, 100, 100, 100, 100, 100, 
100, 100, 100, 100, 100, 2500, 2500, 2500, 2500, 2500, 2500, 
2500, 2500, 2500, 2500, 2500, 38004.34, 45359.631, 78900.969, 
80744.165, 193718.336, 67519.9399999999, 197341.674, 89668.2120000001, 
118744.345, 117358.229, 104168.737, 9.14758, 11.66703, 11.32806, 
3.26813, 13.8003, 14.93433, 14.31325, 12.53386, 8.33647, 13.5114, 
9.22042, -6.66143, -12.7296, -10.11966, -3.74775, -9.25987, -14.07151, 
-10.67216, -12.6742, -10.59188, -12.96456, -10.16998, 0, 0, 0, 
0, 0, 0, 0, 0, 0, 0, 0, 0, 0, 0, 0, 0, 0, 0, 0, 0, 0, 0, 0.70279, 
0.70801, 0.71136, 0.71396, 0.71161, 0.71345, 0.70916, 0.71779, 
0.71169, 0.71385, 0.71171, 0.68971, 0.70278, 0.69987, 0.70783, 
0.70748, 0.71296, 0.70102, 0.71181, 0.70604, 0.70696, 0.70917, 
0.9481, 1.3154, 2.0941, 0.9212, 7.2263, 2.3238, 8.2202, 3.069, 
2.1897, 3.8441, 3.705, 706.6, 782.1, 829.3, 939, 945.5, 1009.2, 
1085.1, 1155.9, 1316.2, 1283.1, 1397.6, 1665, 1994, 472, 2278, 
2452, 917, 1392, 1139, 2298, 1975, 355, 1, 2, 1, 1, 1, 1, 1, 
1, 1, 5, 1, 100, 100, 100, 100, 100, 100, 100, 100, 100, 100, 
100, 2500, 2500, 2500, 2500, 2500, 2500, 2500, 2500, 2500, 2500, 
2500, 41562.324, 50975.21, 59673.895, 70863.576, 83654.265, 87965.919, 
112147.634, 122221.615, 134768.131, 148779.914, 169543.43, 1, 
1, 1, 1, 1, 1, 1, 1, 1, 1, 1, 0.03846, 0.03846, 0.03846, 0.03846, 
0.03846, 0.03846, 0.03846, 0.03846, 0.03846, 0.03846, 0.03846, 
0, 0, 0, 0, 0, 0, 0, 0, 0, 0, 0, 0, 0, 0, 0, 0, 0, 0, 0, 0, 0, 
0, 0.68612, 0.6936, 0.69195, 0.69837, 0.70022, 0.6975, 0.69417, 
0.69943, 0.69194, 0.699, 0.70117, 0.68175, 0.69293, 0.6932, 0.70002, 
0.70074, 0.69992, 0.6951, 0.69987, 0.69476, 0.70396, 0.70155, 
0.5504, 0.6603, 0.7748, 0.8718, 1.0001, 1.141, 1.295, 1.3889, 
1.5668, 1.7311, 1.9419, 805.9, 864, 935.9, 999.7, 1079.2, 1154.2, 
1235, 1297, 1367.5, 1444.2, 1505.9, 1, 1, 1, 1, 1, 1, 1, 1, 1, 
1, 1, 1, 1, 1, 1, 1, 1, 1, 1, 1, 1, 1, 1, 1, 1, 1, 1, 1, 1, 1, 
1, 1, 1, 1, 1, 1, 1, 1, 1, 1, 1, 1, 1, 1, 8.722, 10, 11.361, 
12.185, 13.778, 15.176, 16.824, 17.671, 19.615, 21.457, 23.735
), .Dim = c(11L, 40L), .Dimnames = list(NULL, c("Sampling", "PSO.cost", 
"PSO.gamma", "PSO.data.balancing", "PSO.feature.selection", "PSO.valid.acc", 
"PSO.test.acc", "PSO.train.time", "PSO.n.support.vectors", "PSO.index", 
"PSO.n.solutions", "PSO.generations", "PSO.n.evaluations", "PSO.cpu.time", 
"RS.cost", "RS.gamma", "RS.data.balancing", "RS.feature.selection", 
"RS.valid.acc", "RS.test.acc", "RS.train.time", "RS.n.support.vectors", 
"RS.index", "RS.n.solutions", "RS.generations", "RS.n.evaluations", 
"RS.cpu.time", "DF.cost", "DF.gamma", "DF.data.balancing", "DF.feature.selection", 
"DF.valid.acc", "DF.test.acc", "DF.train.time", "DF.n.support.vectors", 
"DF.index", "DF.n.solutions", "DF.generations", "DF.n.evaluations", 
"DF.cpu.time")))
