full <-
structure(c(50, 55, 60, 65, 70, 75, 80, 85, 90, 95, 100, 4.38875, 
9.02925, 12.32298, 9.55701, 15, 13.40255, -0.22444, 9.63232, 
1.66502, 15, 14.55143, -7.70554, -11.17018, -15, -9.75735, -12.5301, 
-14.89069, -3.5004, -10.60192, -3.51938, -12.47352, -13.08306, 
0, 0, 0, 0, 0, 0, 0, 0, 0, 0, 0, 0, 0, 0, 0, 0, 0, 0, 0, 0, 0, 
0, 0.71153, 0.70475, 0.71004, 0.71059, 0.70646, 0.7101, 0.71419, 
0.7191, 0.71533, 0.71467, 0.71321, 0.69918, 0.70143, 0.70638, 
0.70275, 0.70282, 0.70575, 0.70741, 0.71441, 0.70606, 0.70931, 
0.71139, 0.5982, 0.9798, 1.1563, 1.6394, 3.1316, 1.7681, 1.3265, 
2.714, 1.602, 5.8236, 4.7282, 750.6, 803.1, 867.8, 910.6, 950.1, 
1028.9, 1217.6, 1168.3, 1312.9, 1271.5, 1341.9, 2084, 1056, 80, 
2168, 590, 2306, 2334, 2454, 2072, 361, 2400, 6, 17, 63, 3, 1, 
9, 2, 117, 19, 3, 2, 100, 100, 100, 100, 100, 100, 100, 100, 
100, 100, 100, 2500, 2500, 2500, 2500, 2500, 2500, 2500, 2500, 
2500, 2500, 2500, 34823.399, 35602.116, 38428.917, 50821.862, 
73755.579, 58659.2119999999, 48015.912, 82429.3130000001, 98518.7420000001, 
135435.277, 136765.836, 4.34432, 5.00385, 8.58213, 9.70403, 10.09165, 
12.58528, -0.20408, 9.51973, 1.58231, 10.75226, 14.67499, -7.60888, 
-7.28652, -11.27359, -9.9172, -12.00301, -14.19734, -3.46441, 
-10.62392, -3.54329, -10.77919, -13.05121, 0, 0, 0, 0, 0, 0, 
0, 0, 0, 0, 0, 0, 0, 0, 0, 0, 0, 0, 0, 0, 0, 0, 0.71008, 0.7054, 
0.71004, 0.71003, 0.70592, 0.70962, 0.71284, 0.7191, 0.71493, 
0.71352, 0.71103, 0.69628, 0.70014, 0.70699, 0.70275, 0.7023, 
0.70672, 0.70786, 0.71569, 0.70727, 0.7116, 0.70957, 0.6086, 
0.7149, 1.0472, 1.723, 1.6548, 1.8779, 1.2911, 2.5905, 1.6208, 
4.5044, 4.908, 748.9, 787.1, 904.6, 911.9, 1010.2, 1037.6, 1217.9, 
1171.9, 1314.6, 1300.2, 1342.1, 1293, 690, 2006, 164, 1143, 555, 
824, 464, 284, 1680, 1945, 1, 1, 1, 2, 1, 1, 1, 1, 1, 1, 2, 100, 
100, 100, 100, 100, 100, 100, 100, 100, 100, 100, 2500, 2500, 
2500, 2500, 2500, 2500, 2500, 2500, 2500, 2500, 2500, 40313.183, 
51884.756, 59732.801, 73563.628, 80338.8370000001, 91802.2390000001, 
104484.32, 119516.879, 133219.152, 141998.177, 165581.231, 1, 
1, 1, 1, 1, 1, 1, 1, 1, 1, 1, 0.03846, 0.03846, 0.03846, 0.03846, 
0.03846, 0.03846, 0.03846, 0.03846, 0.03846, 0.03846, 0.03846, 
0, 0, 0, 0, 0, 0, 0, 0, 0, 0, 0, 0, 0, 0, 0, 0, 0, 0, 0, 0, 0, 
0, 0.69485, 0.6968, 0.69792, 0.69661, 0.68934, 0.70332, 0.70466, 
0.70543, 0.70769, 0.70359, 0.70376, 0.6905, 0.69743, 0.69611, 
0.69383, 0.69816, 0.69945, 0.70468, 0.70884, 0.70567, 0.70435, 
0.70376, 0.5678, 0.6509, 0.7813, 0.9114, 1.0019, 1.1719, 1.2821, 
1.3956, 1.5745, 1.7534, 1.9038, 803.8, 873.3, 949.3, 1019.2, 
1086.5, 1151.4, 1208.7, 1278.4, 1356.5, 1426.6, 1501.5, 1, 1, 
1, 1, 1, 1, 1, 1, 1, 1, 1, 1, 1, 1, 1, 1, 1, 1, 1, 1, 1, 1, 1, 
1, 1, 1, 1, 1, 1, 1, 1, 1, 1, 1, 1, 1, 1, 1, 1, 1, 1, 1, 1, 1, 
8.943, 9.807, 11.189, 12.953, 13.553, 15.301, 16.698, 17.746, 
19.706, 21.408, 22.818), .Dim = c(11L, 40L), .Dimnames = list(
    NULL, c("Sampling", "PSO.cost", "PSO.gamma", "PSO.data.balancing", 
    "PSO.feature.selection", "PSO.valid.acc", "PSO.test.acc", 
    "PSO.train.time", "PSO.n.support.vectors", "PSO.index", "PSO.n.solutions", 
    "PSO.generations", "PSO.n.evaluations", "PSO.cpu.time", "RS.cost", 
    "RS.gamma", "RS.data.balancing", "RS.feature.selection", 
    "RS.valid.acc", "RS.test.acc", "RS.train.time", "RS.n.support.vectors", 
    "RS.index", "RS.n.solutions", "RS.generations", "RS.n.evaluations", 
    "RS.cpu.time", "DF.cost", "DF.gamma", "DF.data.balancing", 
    "DF.feature.selection", "DF.valid.acc", "DF.test.acc", "DF.train.time", 
    "DF.n.support.vectors", "DF.index", "DF.n.solutions", "DF.generations", 
    "DF.n.evaluations", "DF.cpu.time")))
