full <-
structure(c(50, 55, 60, 65, 70, 75, 80, 85, 90, 95, 100, 1.80022, 
13.05579, 12.98796, 13.28586, 9.58327, 15, 12.47969, 4.3059, 
11.89659, 9.68142, 9.0813, -5.57915, -12.21955, -14.96794, -10.80132, 
-11.28159, -14.76186, -14.3489, -6.10841, -13.99434, -7.68029, 
-10.96771, 0, 0, 0, 0, 0, 0, 0, 0, 0, 0, 0, 0, 0, 0, 0, 0, 0, 
0, 0, 0, 0, 0, 0.70498, 0.70668, 0.70462, 0.71011, 0.70797, 0.70667, 
0.70917, 0.70923, 0.71289, 0.71353, 0.71062, 0.69773, 0.70272, 
0.69797, 0.69728, 0.70276, 0.70326, 0.70872, 0.69899, 0.70767, 
0.7059, 0.71209, 0.509, 1.6761, 1.0717, 3.0146, 1.7225, 1.8431, 
2.01, 1.4829, 2.5679, 4.0402, 3.3361, 769.3, 763.9, 862.7, 897.4, 
1022.6, 1022.9, 1124.4, 1192.8, 1269.1, 1278.2, 1421.6, 1255, 
1009, 345, 1513, 2454, 405, 1487, 987, 1144, 2290, 1276, 8, 11, 
72, 2, 1, 11, 4, 35, 11, 1, 89, 100, 100, 100, 100, 100, 100, 
100, 100, 100, 100, 100, 2500, 2500, 2500, 2500, 2500, 2500, 
2500, 2500, 2500, 2500, 2500, 23069.674, 48569.122, 37595.703, 
72760.604, 52458.003, 63720.172, 63624.497, 49514.135, 76586.1869999999, 
74519.3230000001, 110701.285, 1.83589, 13.52725, 11.75879, 13.33955, 
9.43947, 10.47495, 11.39024, 3.89565, 13.88761, 10.19059, 11.91803, 
-5.5724, -12.64008, -14.28684, -10.75139, -11.15303, -10.89317, 
-13.53688, -4.16311, -14.80917, -8.02155, -11.10231, 0, 0, 0, 
0, 0, 0, 0, 0, 0, 0, 0, 0, 0, 0, 0, 0, 0, 0, 0, 0, 0, 0, 0.70353, 
0.70535, 0.70282, 0.70955, 0.70692, 0.70618, 0.70872, 0.70881, 
0.71169, 0.71353, 0.7099, 0.69846, 0.7014, 0.70039, 0.69671, 
0.70277, 0.7052, 0.70873, 0.70323, 0.70686, 0.70666, 0.70919, 
0.5153, 1.5639, 1.0936, 3.1373, 1.6127, 2.5055, 2.111, 1.4935, 
2.4336, 4.5202, 5.5729, 768.1, 762.8, 885.3, 897.4, 1022.9, 1058.1, 
1148, 1208.8, 1228.1, 1276.9, 1358.7, 2152, 1633, 168, 695, 1623, 
538, 1303, 937, 1914, 851, 1767, 1, 1, 2, 1, 3, 2, 2, 1, 1, 1, 
1, 100, 100, 100, 100, 100, 100, 100, 100, 100, 100, 100, 2500, 
2500, 2500, 2500, 2500, 2500, 2500, 2500, 2500, 2500, 2500, 40006.509, 
49296.815, 57311.165, 64136.144, 75709.488, 89033.774, 101464.315, 
110809.693, 125557.746, 137842.73, 157796.628, 1, 1, 1, 1, 1, 
1, 1, 1, 1, 1, 1, 0.03846, 0.03846, 0.03846, 0.03846, 0.03846, 
0.03846, 0.03846, 0.03846, 0.03846, 0.03846, 0.03846, 0, 0, 0, 
0, 0, 0, 0, 0, 0, 0, 0, 0, 0, 0, 0, 0, 0, 0, 0, 0, 0, 0, 0.69842, 
0.69813, 0.68826, 0.69281, 0.69241, 0.69652, 0.69599, 0.69387, 
0.70159, 0.70361, 0.6983, 0.69481, 0.69815, 0.69069, 0.6928, 
0.68927, 0.69458, 0.69645, 0.69472, 0.69797, 0.70666, 0.70011, 
0.5237, 0.6185, 0.7393, 0.8077, 0.9666, 1.047, 1.2452, 1.3817, 
1.5171, 1.675, 1.8487, 810.3, 882, 964.6, 1033.9, 1103.4, 1167.1, 
1236.3, 1309.4, 1371.1, 1437.9, 1504.9, 1, 1, 1, 1, 1, 1, 1, 
1, 1, 1, 1, 1, 1, 1, 1, 1, 1, 1, 1, 1, 1, 1, 1, 1, 1, 1, 1, 1, 
1, 1, 1, 1, 1, 1, 1, 1, 1, 1, 1, 1, 1, 1, 1, 1, 8.298, 9.421, 
10.777, 11.454, 12.902, 13.938, 15.993, 17.528, 18.735, 20.342, 
22.052), .Dim = c(11L, 40L), .Dimnames = list(NULL, c("Sampling", 
"PSO.cost", "PSO.gamma", "PSO.data.balancing", "PSO.feature.selection", 
"PSO.valid.acc", "PSO.test.acc", "PSO.train.time", "PSO.n.support.vectors", 
"PSO.index", "PSO.n.solutions", "PSO.generations", "PSO.n.evaluations", 
"PSO.cpu.time", "RS.cost", "RS.gamma", "RS.data.balancing", "RS.feature.selection", 
"RS.valid.acc", "RS.test.acc", "RS.train.time", "RS.n.support.vectors", 
"RS.index", "RS.n.solutions", "RS.generations", "RS.n.evaluations", 
"RS.cpu.time", "DF.cost", "DF.gamma", "DF.data.balancing", "DF.feature.selection", 
"DF.valid.acc", "DF.test.acc", "DF.train.time", "DF.n.support.vectors", 
"DF.index", "DF.n.solutions", "DF.generations", "DF.n.evaluations", 
"DF.cpu.time")))
