full <-
structure(c(50, 55, 60, 65, 70, 75, 80, 85, 90, 95, 100, 8.15309, 
5.46594, 14.98067, 5.81415, 7.90534, 15, 7.12098, 6.93549, 13.83913, 
12.15246, 14.27756, -12.08155, -9.70864, -14.17262, -10.5134, 
-8.65532, -14.91811, -7.62746, -8.24959, -12.03637, -12.43774, 
-12.49356, 0, 0, 0, 0, 0, 0, 0, 0, 0, 0, 0, 0, 0, 0, 0, 0, 0, 
0, 0, 0, 0, 0, 0.71881, 0.71663, 0.715, 0.7106, 0.7142, 0.71598, 
0.71958, 0.71519, 0.71331, 0.71622, 0.71318, 0.71371, 0.70937, 
0.70952, 0.70389, 0.71213, 0.71405, 0.71686, 0.70665, 0.70526, 
0.71011, 0.71028, 0.7118, 0.6018, 1.5203, 0.9885, 1.5248, 1.9473, 
1.7487, 1.8933, 4.9417, 3.9417, 5.5202, 805.3, 851, 819.2, 1048.6, 
980, 1023.3, 1086.7, 1181.8, 1228.7, 1308.9, 1343.9, 178, 818, 
1651, 448, 1008, 1978, 1221, 414, 1170, 2233, 725, 42, 43, 3, 
115, 209, 1, 20, 128, 15, 3, 3, 100, 100, 100, 100, 100, 100, 
100, 100, 100, 100, 100, 2500, 2500, 2500, 2500, 2500, 2500, 
2500, 2500, 2500, 2500, 2500, 32051.751, 38351.725, 45893.607, 
36118.774, 54442.438, 96058.498, 59379.245, 64256.037, 130078.813, 
101598.457, 154723.499, 10.89294, 2.35402, 14.63617, 5.97147, 
8.00764, 6.61269, 5.76894, 7.35005, 10.87366, 11.69373, 11.48248, 
-14.71623, -4.95608, -14.44546, -10.6634, -8.68782, -6.88747, 
-6.38753, -8.41482, -10.57971, -12.10691, -11.015, 0, 0, 0, 0, 
0, 0, 0, 0, 0, 0, 0, 0, 0, 0, 0, 0, 0, 0, 0, 0, 0, 0, 0.7188, 
0.71728, 0.71318, 0.71004, 0.71368, 0.71501, 0.71958, 0.71476, 
0.71211, 0.71583, 0.71209, 0.71079, 0.7067, 0.70954, 0.70389, 
0.71265, 0.71406, 0.71413, 0.70751, 0.70607, 0.71279, 0.70992, 
0.7714, 0.6492, 1.3928, 0.9843, 0.9783, 1.5482, 1.5479, 2.0135, 
4.3585, 3.9995, 5.7448, 760.3, 793, 822.7, 1048.2, 977.5, 1033, 
1098.8, 1181.3, 1249.9, 1312.9, 1362.3, 927, 130, 1840, 2056, 
1495, 2116, 1142, 1813, 1947, 658, 1118, 1, 1, 2, 3, 1, 1, 1, 
1, 1, 1, 5, 100, 100, 100, 100, 100, 100, 100, 100, 100, 100, 
100, 2500, 2500, 2500, 2500, 2500, 2500, 2500, 2500, 2500, 2500, 
2500, 40207.218, 44969.478, 57168.489, 71814.666, 61648.1, 94274.593, 
98165.662, 114641.57, 126995.545, 142162.662, 158045.653, 1, 
1, 1, 1, 1, 1, 1, 1, 1, 1, 1, 0.03846, 0.03846, 0.03846, 0.03846, 
0.03846, 0.03846, 0.03846, 0.03846, 0.03846, 0.03846, 0.03846, 
0, 0, 0, 0, 0, 0, 0, 0, 0, 0, 0, 0, 0, 0, 0, 0, 0, 0, 0, 0, 0, 
0, 0.70642, 0.7074, 0.70465, 0.69888, 0.70022, 0.70483, 0.70235, 
0.69981, 0.70244, 0.70359, 0.70119, 0.70933, 0.71202, 0.70221, 
0.70279, 0.70022, 0.70193, 0.69689, 0.70366, 0.69921, 0.70397, 
0.70264, 0.3566, 0.6539, 0.7503, 0.8785, 0.6797, 1.1337, 1.2992, 
1.4231, 1.584, 1.7479, 1.312, 779.3, 860.4, 940.6, 1016.2, 1083.9, 
1162.1, 1225.3, 1302.2, 1374.7, 1440.8, 1504.8, 1, 1, 1, 1, 1, 
1, 1, 1, 1, 1, 1, 1, 1, 1, 1, 1, 1, 1, 1, 1, 1, 1, 1, 1, 1, 1, 
1, 1, 1, 1, 1, 1, 1, 1, 1, 1, 1, 1, 1, 1, 1, 1, 1, 1, 5.803, 
10.439, 11.168, 12.537, 9.163, 15.188, 16.324, 17.908, 19.329, 
21.786, 16.046), .Dim = c(11L, 40L), .Dimnames = list(NULL, c("Sampling", 
"PSO.cost", "PSO.gamma", "PSO.data.balancing", "PSO.feature.selection", 
"PSO.valid.acc", "PSO.test.acc", "PSO.train.time", "PSO.n.support.vectors", 
"PSO.index", "PSO.n.solutions", "PSO.generations", "PSO.n.evaluations", 
"PSO.cpu.time", "RS.cost", "RS.gamma", "RS.data.balancing", "RS.feature.selection", 
"RS.valid.acc", "RS.test.acc", "RS.train.time", "RS.n.support.vectors", 
"RS.index", "RS.n.solutions", "RS.generations", "RS.n.evaluations", 
"RS.cpu.time", "DF.cost", "DF.gamma", "DF.data.balancing", "DF.feature.selection", 
"DF.valid.acc", "DF.test.acc", "DF.train.time", "DF.n.support.vectors", 
"DF.index", "DF.n.solutions", "DF.generations", "DF.n.evaluations", 
"DF.cpu.time")))
