full <-
structure(c(50, 55, 60, 65, 70, 75, 80, 85, 90, 95, 100, 14.80615, 
7.67241, 10.89297, 2.80013, 14.37612, 15, 11.06191, 14.93364, 
8.06875, 5.24334, 3.60182, -12.60579, -8.91505, -11.39874, -3.12304, 
-13.20681, -12.6177, -11.29842, -12.005, -9.02542, -6.47889, 
-4.54583, 0, 0, 0, 0, 0, 0, 0, 0, 0, 0, 0, 0, 0, 0, 0, 0, 0, 
0, 0, 0, 0, 0, 0.71805, 0.72066, 0.72034, 0.70895, 0.71887, 0.71784, 
0.71648, 0.71475, 0.71576, 0.71465, 0.71318, 0.70785, 0.71403, 
0.71368, 0.70054, 0.71213, 0.71541, 0.71013, 0.70706, 0.71535, 
0.71008, 0.70991, 1.8657, 0.898, 1.6442, 0.9342, 2.5641, 3.8037, 
3.1204, 6.106, 2.5718, 2.0629, 2.137, 670.2, 760.5, 818.9, 960.4, 
933.2, 988.3, 1082.8, 1132.5, 1232.6, 1297.5, 1403.2, 1928, 1382, 
1931, 1721, 2449, 2065, 1150, 2263, 1447, 1022, 2011, 2, 25, 
8, 26, 2, 2, 51, 1, 37, 30, 8, 100, 100, 100, 100, 100, 100, 
100, 100, 100, 100, 100, 2500, 2500, 2500, 2500, 2500, 2500, 
2500, 2500, 2500, 2500, 2500, 60045.211, 45776.889, 48222.734, 
48671.305, 72713.403, 101158.667, 82159.536, 153398.972, 97640.3129999998, 
79190.78, 69839.831, 13.39166, 8.1445, 10.9119, 3.09449, 13.85147, 
3.83458, 11.06388, 14.21838, 8.95864, 5.24615, 14.7738, -11.39814, 
-9.55867, -11.40026, -3.60163, -12.78606, -3.76409, -11.30302, 
-11.58502, -9.37225, -6.46533, -13.25819, 0, 0, 0, 0, 0, 0, 0, 
0, 0, 0, 0, 0, 0, 0, 0, 0, 0, 0, 0, 0, 0, 0, 0.71515, 0.72064, 
0.71974, 0.70727, 0.71731, 0.71735, 0.71603, 0.71262, 0.71535, 
0.7135, 0.71281, 0.70785, 0.71533, 0.71308, 0.70612, 0.71369, 
0.70961, 0.71058, 0.70707, 0.71776, 0.70969, 0.7088, 2.0753, 
0.9208, 1.6479, 0.9258, 2.7152, 1.222, 3.0266, 6.0369, 3.0795, 
2.0516, 5.0291, 675.4, 763.9, 820.9, 942.8, 935.5, 1054.4, 1085.1, 
1136.1, 1225.6, 1297.6, 1341.4, 2197, 289, 2090, 1880, 1380, 
71, 1308, 2206, 296, 1333, 1194, 1, 1, 1, 1, 1, 1, 2, 2, 1, 1, 
3, 100, 100, 100, 100, 100, 100, 100, 100, 100, 100, 100, 2500, 
2500, 2500, 2500, 2500, 2500, 2500, 2500, 2500, 2500, 2500, 41565.314, 
48363.549, 55768.833, 72740.781, 78878.1, 88892.929, 101540.671, 
116359.54, 128268.513, 147749.219, 158707.547, 1, 1, 1, 1, 1, 
1, 1, 1, 1, 1, 1, 0.03846, 0.03846, 0.03846, 0.03846, 0.03846, 
0.03846, 0.03846, 0.03846, 0.03846, 0.03846, 0.03846, 0, 0, 0, 
0, 0, 0, 0, 0, 0, 0, 0, 0, 0, 0, 0, 0, 0, 0, 0, 0, 0, 0, 0.70061, 
0.70479, 0.70037, 0.69105, 0.69345, 0.70284, 0.70241, 0.70192, 
0.70244, 0.70167, 0.70157, 0.70278, 0.70413, 0.69915, 0.6944, 
0.69812, 0.69896, 0.7015, 0.7015, 0.70447, 0.7013, 0.70375, 0.5577, 
0.655, 0.7593, 0.8859, 1.0157, 1.1356, 1.3136, 1.4582, 1.6041, 
1.8117, 1.9377, 791.6, 859.8, 924.2, 1008.6, 1071.5, 1134.4, 
1207.4, 1289.1, 1354.1, 1427.6, 1504.5, 1, 1, 1, 1, 1, 1, 1, 
1, 1, 1, 1, 1, 1, 1, 1, 1, 1, 1, 1, 1, 1, 1, 1, 1, 1, 1, 1, 1, 
1, 1, 1, 1, 1, 1, 1, 1, 1, 1, 1, 1, 1, 1, 1, 1, 8.869, 9.876, 
10.885, 12.325, 13.656, 14.735, 16.647, 18.95, 20.756, 22.961, 
24.236), .Dim = c(11L, 40L), .Dimnames = list(NULL, c("Sampling", 
"PSO.cost", "PSO.gamma", "PSO.data.balancing", "PSO.feature.selection", 
"PSO.valid.acc", "PSO.test.acc", "PSO.train.time", "PSO.n.support.vectors", 
"PSO.index", "PSO.n.solutions", "PSO.generations", "PSO.n.evaluations", 
"PSO.cpu.time", "RS.cost", "RS.gamma", "RS.data.balancing", "RS.feature.selection", 
"RS.valid.acc", "RS.test.acc", "RS.train.time", "RS.n.support.vectors", 
"RS.index", "RS.n.solutions", "RS.generations", "RS.n.evaluations", 
"RS.cpu.time", "DF.cost", "DF.gamma", "DF.data.balancing", "DF.feature.selection", 
"DF.valid.acc", "DF.test.acc", "DF.train.time", "DF.n.support.vectors", 
"DF.index", "DF.n.solutions", "DF.generations", "DF.n.evaluations", 
"DF.cpu.time")))
