full <-
structure(c(50, 55, 60, 65, 70, 75, 80, 85, 90, 95, 100, 14.77322, 
9.15995, 5.7139, 6.81176, 6.80296, 11.13764, 14.95781, 9.9507, 
10.36995, 15, 11.09046, -13.57396, -11.01981, -6.76168, -8.08935, 
-8.2799, -12.12518, -12.12523, -11.07204, -11.18904, -13.37268, 
-12.41154, 0, 0, 0, 0, 0, 0, 0, 0, 0, 0, 0, 0, 0, 0, 0, 0, 0, 
0, 0, 0, 0, 0, 0.72246, 0.71592, 0.7143, 0.71846, 0.71943, 0.71829, 
0.72005, 0.71523, 0.71571, 0.71005, 0.71246, 0.71016, 0.70733, 
0.70643, 0.70784, 0.71474, 0.71103, 0.71277, 0.71523, 0.70804, 
0.71117, 0.70412, 1.2912, 0.9597, 0.892, 1.1987, 1.3025, 2.3337, 
4.5854, 2.7525, 3.3545, 4.0476, 3.7553, 664, 793.8, 838.6, 909.3, 
975.9, 1044.7, 1067.5, 1198.5, 1262.9, 1270.6, 1401.2, 2447, 
2057, 653, 2434, 1123, 1969, 1027, 705, 1604, 1656, 317, 1, 6, 
46, 58, 107, 5, 5, 42, 20, 1, 101, 100, 100, 100, 100, 100, 100, 
100, 100, 100, 100, 100, 2500, 2500, 2500, 2500, 2500, 2500, 
2500, 2500, 2500, 2500, 2500, 42293.016, 36747.704, 36178.41, 
40841.563, 44340.168, 71498.175, 123306.142, 93744.5839999999, 
95442.2560000001, 152175.983, 111019.293, 14.50113, 9.06106, 
13.7742, 1.73825, 6.68657, 11.13076, 14.64404, 10.95554, 10.49126, 
3.17956, 10.93836, -13.22426, -10.90267, -12.19428, -4.26399, 
-8.25257, -12.13903, -11.9267, -11.54178, -11.36772, -3.89201, 
-12.34318, 0, 0, 0, 0, 0, 0, 0, 0, 0, 0, 0, 0, 0, 0, 0, 0, 0, 
0, 0, 0, 0, 0, 0.72099, 0.71525, 0.71489, 0.71845, 0.71891, 0.71732, 
0.71914, 0.71523, 0.7141, 0.70969, 0.71101, 0.71088, 0.70666, 
0.704, 0.71284, 0.71423, 0.71054, 0.7105, 0.71522, 0.70805, 0.70584, 
0.70412, 1.4071, 0.9356, 2.1942, 0.8571, 1.3187, 2.3173, 4.5879, 
3.1851, 3.2722, 1.8689, 3.8118, 669.4, 795.3, 814.1, 948.5, 976.1, 
1043.8, 1072, 1182, 1267.1, 1354.5, 1406.6, 549, 488, 1003, 2113, 
2187, 1619, 1070, 379, 914, 1311, 2132, 1, 1, 1, 1, 1, 1, 1, 
1, 1, 1, 1, 100, 100, 100, 100, 100, 100, 100, 100, 100, 100, 
100, 2500, 2500, 2500, 2500, 2500, 2500, 2500, 2500, 2500, 2500, 
2500, 41864.761, 48108.76, 57737.389, 66007.938, 77004.852, 90662.269, 
101696.265, 123249.077, 131978.882, 150587.105, 164742.278, 1, 
1, 1, 1, 1, 1, 1, 1, 1, 1, 1, 0.03846, 0.03846, 0.03846, 0.03846, 
0.03846, 0.03846, 0.03846, 0.03846, 0.03846, 0.03846, 0.03846, 
0, 0, 0, 0, 0, 0, 0, 0, 0, 0, 0, 0, 0, 0, 0, 0, 0, 0, 0, 0, 0, 
0, 0.71299, 0.7067, 0.70459, 0.71172, 0.70851, 0.70719, 0.70871, 
0.70587, 0.70441, 0.69935, 0.70154, 0.7152, 0.70736, 0.70639, 
0.71003, 0.7111, 0.70769, 0.70825, 0.70628, 0.70321, 0.69936, 
0.7019, 0.5325, 0.6295, 0.757, 0.831, 1.0159, 1.1307, 1.2633, 
1.4084, 1.5886, 1.7698, 1.9291, 786.3, 862, 936, 996.1, 1066.8, 
1147, 1217.4, 1297.1, 1372.5, 1434.7, 1505.1, 1, 1, 1, 1, 1, 
1, 1, 1, 1, 1, 1, 1, 1, 1, 1, 1, 1, 1, 1, 1, 1, 1, 1, 1, 1, 1, 
1, 1, 1, 1, 1, 1, 1, 1, 1, 1, 1, 1, 1, 1, 1, 1, 1, 1, 8.527, 
9.584, 11.005, 11.818, 13.776, 14.846, 16.217, 17.704, 19.676, 
21.711, 23.343), .Dim = c(11L, 40L), .Dimnames = list(NULL, c("Sampling", 
"PSO.cost", "PSO.gamma", "PSO.data.balancing", "PSO.feature.selection", 
"PSO.valid.acc", "PSO.test.acc", "PSO.train.time", "PSO.n.support.vectors", 
"PSO.index", "PSO.n.solutions", "PSO.generations", "PSO.n.evaluations", 
"PSO.cpu.time", "RS.cost", "RS.gamma", "RS.data.balancing", "RS.feature.selection", 
"RS.valid.acc", "RS.test.acc", "RS.train.time", "RS.n.support.vectors", 
"RS.index", "RS.n.solutions", "RS.generations", "RS.n.evaluations", 
"RS.cpu.time", "DF.cost", "DF.gamma", "DF.data.balancing", "DF.feature.selection", 
"DF.valid.acc", "DF.test.acc", "DF.train.time", "DF.n.support.vectors", 
"DF.index", "DF.n.solutions", "DF.generations", "DF.n.evaluations", 
"DF.cpu.time")))
