full <-
structure(c(50, 55, 60, 65, 70, 75, 80, 85, 90, 95, 100, 11.71365, 
7.55225, 13.18548, 14.47865, 14.16986, 6.55517, 6.92845, 3.2122, 
14.18234, 10.48217, 14.98598, -13.46697, -8.20926, -14.05418, 
-14.99715, -14.66852, -7.1802, -8.45551, -4.56111, -12.07658, 
-11.30609, -10.9318, 0, 0, 0, 0, 0, 0, 0, 0, 0, 0, 0, 0, 0, 0, 
0, 0, 0, 0, 0, 0, 0, 0, 0.72235, 0.72054, 0.72215, 0.7196, 0.72363, 
0.71835, 0.71326, 0.71267, 0.71655, 0.71851, 0.71321, 0.71653, 
0.71128, 0.71913, 0.71119, 0.72156, 0.7135, 0.70781, 0.70842, 
0.71252, 0.71355, 0.70776, 0.9208, 0.86, 1.3882, 1.5286, 1.7611, 
1.4181, 1.7297, 1.5472, 5.5002, 4.0904, 11.157, 691.8, 754.6, 
810.7, 869.8, 931.9, 1021, 1116.8, 1202.8, 1211.6, 1326.2, 1337.2, 
1190, 1308, 642, 463, 1465, 1338, 518, 1718, 1772, 2295, 2407, 
8, 42, 75, 46, 1, 32, 76, 245, 1, 2, 1, 100, 100, 100, 100, 100, 
100, 100, 100, 100, 100, 100, 2500, 2500, 2500, 2500, 2500, 2500, 
2500, 2500, 2500, 2500, 2500, 35185.28, 33164.075, 45947.867, 
48314.831, 55066.967, 50115.108, 73681.6579999999, 64367.25, 
152347.147, 134157.102, 291168.518, 7.69744, 7.64332, 8.23365, 
13.58979, 13.75869, 7.8294, 6.90024, 3.55397, 13.17358, 10.44531, 
12.27742, -8.58409, -8.11677, -6.51979, -14.30736, -14.48541, 
-8.143, -8.43816, -4.73724, -11.58502, -11.13729, -9.58268, 0, 
0, 0, 0, 0, 0, 0, 0, 0, 0, 0, 0, 0, 0, 0, 0, 0, 0, 0, 0, 0, 0, 
0.72234, 0.71921, 0.72333, 0.71848, 0.72156, 0.71738, 0.71281, 
0.71138, 0.71534, 0.71698, 0.71212, 0.71505, 0.71062, 0.71788, 
0.71008, 0.72103, 0.71206, 0.70736, 0.70968, 0.71091, 0.71278, 
0.70776, 0.7224, 0.8353, 1.2437, 1.6355, 1.7864, 1.6902, 1.7574, 
1.5497, 5.5965, 4.1103, 8.1816, 682.1, 752.3, 805.4, 873.4, 934.9, 
1019.9, 1116.4, 1197.5, 1215.9, 1320.6, 1344.9, 1391, 2292, 2332, 
493, 799, 2368, 2326, 1690, 1705, 2491, 904, 1, 1, 1, 2, 1, 2, 
3, 1, 1, 1, 1, 100, 100, 100, 100, 100, 100, 100, 100, 100, 100, 
100, 2500, 2500, 2500, 2500, 2500, 2500, 2500, 2500, 2500, 2500, 
2500, 42698.898, 49092.218, 54205.057, 66418.341, 76199.747, 
87523.377, 105131.098, 124661.492, 144830.98, 160074.909, 155811.295, 
1, 1, 1, 1, 1, 1, 1, 1, 1, 1, 1, 0.03846, 0.03846, 0.03846, 0.03846, 
0.03846, 0.03846, 0.03846, 0.03846, 0.03846, 0.03846, 0.03846, 
0, 0, 0, 0, 0, 0, 0, 0, 0, 0, 0, 0, 0, 0, 0, 0, 0, 0, 0, 0, 0, 
0, 0.70633, 0.70142, 0.70581, 0.70392, 0.70131, 0.70383, 0.69781, 
0.69555, 0.69962, 0.70093, 0.70266, 0.70704, 0.69878, 0.70823, 
0.70279, 0.70235, 0.70191, 0.69918, 0.6973, 0.70043, 0.70016, 
0.70339, 0.5413, 0.6404, 0.7446, 0.8723, 0.9975, 1.1578, 1.3291, 
1.4696, 1.6457, 1.7786, 1.9448, 767.5, 850.7, 920.2, 996.2, 1063.9, 
1151.1, 1222.2, 1295.1, 1363.8, 1437.8, 1505.3, 1, 1, 1, 1, 1, 
1, 1, 1, 1, 1, 1, 1, 1, 1, 1, 1, 1, 1, 1, 1, 1, 1, 1, 1, 1, 1, 
1, 1, 1, 1, 1, 1, 1, 1, 1, 1, 1, 1, 1, 1, 1, 1, 1, 1, 8.775, 
9.869, 10.906, 12.35, 13.673, 16.546, 18.608, 20.186, 21.786, 
21.805, 23.712), .Dim = c(11L, 40L), .Dimnames = list(NULL, c("Sampling", 
"PSO.cost", "PSO.gamma", "PSO.data.balancing", "PSO.feature.selection", 
"PSO.valid.acc", "PSO.test.acc", "PSO.train.time", "PSO.n.support.vectors", 
"PSO.index", "PSO.n.solutions", "PSO.generations", "PSO.n.evaluations", 
"PSO.cpu.time", "RS.cost", "RS.gamma", "RS.data.balancing", "RS.feature.selection", 
"RS.valid.acc", "RS.test.acc", "RS.train.time", "RS.n.support.vectors", 
"RS.index", "RS.n.solutions", "RS.generations", "RS.n.evaluations", 
"RS.cpu.time", "DF.cost", "DF.gamma", "DF.data.balancing", "DF.feature.selection", 
"DF.valid.acc", "DF.test.acc", "DF.train.time", "DF.n.support.vectors", 
"DF.index", "DF.n.solutions", "DF.generations", "DF.n.evaluations", 
"DF.cpu.time")))
