full <-
structure(c(50, 55, 60, 65, 70, 75, 80, 85, 90, 95, 100, 7.88918, 
11.52047, 13.96586, 11.20567, 9.5162, 14.87724, 9.26254, 5.63884, 
2.8255, 5.9422, 13.25893, -11.25125, -13.02061, -12.24677, -12.55068, 
-11.45481, -14.68327, -9.10936, -8.01885, -6.00657, -8.06702, 
-12.74602, 0, 0, 0, 0, 0, 0, 0, 0, 0, 0, 0, 0, 0, 0, 0, 0, 0, 
0, 0, 0, 0, 0, 0.71007, 0.71409, 0.70824, 0.71679, 0.71835, 0.71684, 
0.7137, 0.71129, 0.71215, 0.71466, 0.71465, 0.70204, 0.70413, 
0.70398, 0.7112, 0.71217, 0.71346, 0.70644, 0.7079, 0.70731, 
0.70855, 0.70739, 0.6783, 1.2188, 2.3402, 1.6988, 1.5886, 2.0089, 
2.579, 1.662, 1.6415, 2.1548, 4.4789, 784.1, 791.1, 832.5, 933.8, 
1022.5, 1014.5, 1111.2, 1209.9, 1296.6, 1342.4, 1352.6, 1609, 
251, 1264, 2032, 1836, 443, 822, 1297, 1056, 1576, 757, 1, 26, 
1, 1, 1, 3, 42, 52, 111, 45, 11, 100, 100, 100, 100, 100, 100, 
100, 100, 100, 100, 100, 2500, 2500, 2500, 2500, 2500, 2500, 
2500, 2500, 2500, 2500, 2500, 31092.48, 39738.953, 71732.37, 
46348.473, 53762.295, 60388.086, 88458.65, 64774.251, 60834.838, 
95458.4479999999, 127237.533, 11.00228, 14.9974, 9.34106, 4.87897, 
9.42446, 14.61475, 8.88053, 5.39968, 2.18862, 5.70498, 11.63276, 
-9.65118, -13.85146, -7.54271, -6.56597, -11.34123, -14.25321, 
-8.99368, -6.9138, -5.16362, -7.91417, -12.54148, 0, 0, 0, 0, 
0, 0, 0, 0, 0, 0, 0, 0, 0, 0, 0, 0, 0, 0, 0, 0, 0, 0, 0.71001, 
0.7134, 0.70643, 0.71678, 0.71783, 0.71393, 0.71324, 0.70961, 
0.71054, 0.71314, 0.71357, 0.70427, 0.71137, 0.69974, 0.71064, 
0.71372, 0.71249, 0.70735, 0.70918, 0.70852, 0.70893, 0.70557, 
1.0001, 1.4802, 1.5687, 0.9525, 1.588, 2.1204, 1.5457, 1.0859, 
1.5757, 2.0979, 3.9, 704.4, 753.7, 831.7, 912.3, 1021.1, 1016.1, 
1112.1, 1184.5, 1295.7, 1342, 1381.8, 1531, 844, 442, 947, 535, 
2110, 2013, 257, 982, 92, 195, 1, 1, 2, 1, 1, 1, 1, 1, 1, 1, 
1, 100, 100, 100, 100, 100, 100, 100, 100, 100, 100, 100, 2500, 
2500, 2500, 2500, 2500, 2500, 2500, 2500, 2500, 2500, 2500, 35373.683, 
52183.59, 60750.986, 68097.257, 82085.66, 90953.7339999999, 97868.0480000001, 
118329.714, 140879.985, 143869.441, 164830.456, 1, 1, 1, 1, 1, 
1, 1, 1, 1, 1, 1, 0.03846, 0.03846, 0.03846, 0.03846, 0.03846, 
0.03846, 0.03846, 0.03846, 0.03846, 0.03846, 0.03846, 0, 0, 0, 
0, 0, 0, 0, 0, 0, 0, 0, 0, 0, 0, 0, 0, 0, 0, 0, 0, 0, 0, 0.69333, 
0.68493, 0.69313, 0.70394, 0.69866, 0.70475, 0.70098, 0.70148, 
0.70207, 0.70245, 0.70302, 0.69548, 0.69091, 0.6889, 0.69891, 
0.70439, 0.69943, 0.70144, 0.70275, 0.70287, 0.70397, 0.70084, 
0.5584, 0.6467, 0.7672, 0.8786, 0.9888, 1.1042, 1.2939, 1.4008, 
1.567, 1.7624, 1.8867, 804.5, 875.6, 946.5, 1011.6, 1073.7, 1147.1, 
1225.3, 1296.5, 1377.3, 1439.1, 1506.6, 1, 1, 1, 1, 1, 1, 1, 
1, 1, 1, 1, 1, 1, 1, 1, 1, 1, 1, 1, 1, 1, 1, 1, 1, 1, 1, 1, 1, 
1, 1, 1, 1, 1, 1, 1, 1, 1, 1, 1, 1, 1, 1, 1, 1, 9.212, 10.008, 
11.324, 12.105, 13.15, 14.44, 16.617, 17.657, 19.405, 21.984, 
23.187), .Dim = c(11L, 40L), .Dimnames = list(NULL, c("Sampling", 
"PSO.cost", "PSO.gamma", "PSO.data.balancing", "PSO.feature.selection", 
"PSO.valid.acc", "PSO.test.acc", "PSO.train.time", "PSO.n.support.vectors", 
"PSO.index", "PSO.n.solutions", "PSO.generations", "PSO.n.evaluations", 
"PSO.cpu.time", "RS.cost", "RS.gamma", "RS.data.balancing", "RS.feature.selection", 
"RS.valid.acc", "RS.test.acc", "RS.train.time", "RS.n.support.vectors", 
"RS.index", "RS.n.solutions", "RS.generations", "RS.n.evaluations", 
"RS.cpu.time", "DF.cost", "DF.gamma", "DF.data.balancing", "DF.feature.selection", 
"DF.valid.acc", "DF.test.acc", "DF.train.time", "DF.n.support.vectors", 
"DF.index", "DF.n.solutions", "DF.generations", "DF.n.evaluations", 
"DF.cpu.time")))
