full <-
structure(c(50, 55, 60, 65, 70, 75, 80, 85, 90, 95, 100, -0.1922, 
8.31913, 11.69667, 10.50256, 12.06011, 7.88141, 13.27118, 10.05118, 
11.99719, 1.4822, 12.54703, -3.03185, -10.22625, -11.84478, -11.34874, 
-13.34804, -7.6596, -10.90817, -10.46961, -13.11361, -5.08149, 
-11.09438, 0, 0, 0, 0, 0, 0, 0, 0, 0, 0, 0, 0, 0, 0, 0, 0, 0, 
0, 0, 0, 0, 0, 0.69857, 0.70867, 0.70221, 0.70276, 0.70022, 0.71212, 
0.70868, 0.71734, 0.71208, 0.70742, 0.71684, 0.6942, 0.70012, 
0.70159, 0.69993, 0.6909, 0.70246, 0.7037, 0.70581, 0.70804, 
0.70128, 0.70811, 0.5439, 0.8944, 1.6607, 1.7139, 1.8867, 1.7349, 
5.0259, 3.112, 3.0042, 1.7157, 6.6689, 790.7, 793.8, 841.3, 928.1, 
992.1, 1023, 1089.6, 1191, 1249.6, 1375.7, 1353.2, 1553, 2030, 
2177, 915, 1873, 233, 2120, 2450, 1877, 1224, 2390, 66, 4, 1, 
23, 4, 23, 3, 19, 5, 18, 1, 100, 100, 100, 100, 100, 100, 100, 
100, 100, 100, 100, 2500, 2500, 2500, 2500, 2500, 2500, 2500, 
2500, 2500, 2500, 2500, 23454.964, 38286.721, 49016.067, 52583.482, 
64700.624, 75470.838, 145308.114, 98642.9670000001, 92774.1839999999, 
161889.741, 158139.798, -0.17823, 12.66144, 3.44241, 1.41088, 
12.59132, 9.97206, 13.09722, 11.26209, 2.80308, 0.27921, 5.18231, 
-3.03626, -13.46053, -6.73855, -2.47821, -13.69367, -8.61565, 
-10.77187, -11.03296, -4.65375, -2.4303, -6.0476, 0, 0, 0, 0, 
0, 0, 0, 0, 0, 0, 0, 0, 0, 0, 0, 0, 0, 0, 0, 0, 0, 0, 0.69784, 
0.70737, 0.70157, 0.70168, 0.69918, 0.71163, 0.70822, 0.71606, 
0.71164, 0.70627, 0.71575, 0.69492, 0.69678, 0.69917, 0.69382, 
0.69142, 0.70148, 0.70506, 0.70581, 0.70161, 0.70245, 0.70848, 
0.5487, 1.2189, 0.8096, 0.9489, 1.9274, 2.3935, 5.2347, 3.9514, 
1.6023, 1.7906, 2.2897, 789.5, 769.7, 876.7, 1012.6, 984.7, 1016.2, 
1090.1, 1174.8, 1275.6, 1468.8, 1368.3, 1782, 116, 1108, 28, 
679, 966, 960, 87, 2419, 2271, 2293, 1, 2, 1, 1, 1, 2, 1, 1, 
1, 2, 1, 100, 100, 100, 100, 100, 100, 100, 100, 100, 100, 100, 
2500, 2500, 2500, 2500, 2500, 2500, 2500, 2500, 2500, 2500, 2500, 
42353.732, 47473, 57962.186, 65580.244, 81134.524, 86406.301, 
105566.758, 119237.763, 129783.738, 143019.974, 170621.023, 1, 
1, 1, 1, 1, 1, 1, 1, 1, 1, 1, 0.03846, 0.03846, 0.03846, 0.03846, 
0.03846, 0.03846, 0.03846, 0.03846, 0.03846, 0.03846, 0.03846, 
0, 0, 0, 0, 0, 0, 0, 0, 0, 0, 0, 0, 0, 0, 0, 0, 0, 0, 0, 0, 0, 
0, 0.69201, 0.68952, 0.68829, 0.69723, 0.68934, 0.70387, 0.69873, 
0.69814, 0.70601, 0.70054, 0.70301, 0.69201, 0.69416, 0.6889, 
0.68715, 0.6914, 0.70094, 0.69826, 0.70156, 0.70158, 0.69939, 
0.70195, 0.5386, 0.6496, 0.7764, 0.8579, 1.0452, 1.1331, 1.3103, 
1.4307, 1.5633, 1.6756, 1.9063, 785.3, 863.4, 939.6, 1012.8, 
1087.7, 1157.5, 1241.7, 1297.4, 1366.9, 1434, 1502.1, 1, 1, 1, 
1, 1, 1, 1, 1, 1, 1, 1, 1, 1, 1, 1, 1, 1, 1, 1, 1, 1, 1, 1, 1, 
1, 1, 1, 1, 1, 1, 1, 1, 1, 1, 1, 1, 1, 1, 1, 1, 1, 1, 1, 1, 8.824, 
10.201, 11.514, 12.036, 14.363, 14.914, 17.001, 17.943, 19.689, 
20.704, 23.299), .Dim = c(11L, 40L), .Dimnames = list(NULL, c("Sampling", 
"PSO.cost", "PSO.gamma", "PSO.data.balancing", "PSO.feature.selection", 
"PSO.valid.acc", "PSO.test.acc", "PSO.train.time", "PSO.n.support.vectors", 
"PSO.index", "PSO.n.solutions", "PSO.generations", "PSO.n.evaluations", 
"PSO.cpu.time", "RS.cost", "RS.gamma", "RS.data.balancing", "RS.feature.selection", 
"RS.valid.acc", "RS.test.acc", "RS.train.time", "RS.n.support.vectors", 
"RS.index", "RS.n.solutions", "RS.generations", "RS.n.evaluations", 
"RS.cpu.time", "DF.cost", "DF.gamma", "DF.data.balancing", "DF.feature.selection", 
"DF.valid.acc", "DF.test.acc", "DF.train.time", "DF.n.support.vectors", 
"DF.index", "DF.n.solutions", "DF.generations", "DF.n.evaluations", 
"DF.cpu.time")))
