full <-
structure(c(50, 55, 60, 65, 70, 75, 80, 85, 90, 95, 100, 8.94985, 
10.35938, 15, 6.13396, 11.52061, 8.84573, 15, 9.50428, 9.04634, 
8.13586, 8.43107, -10.03396, -10.99306, -15, -6.45304, -10.63206, 
-8.20316, -12.61491, -7.98779, -8.37204, -7.54376, -7.73094, 
0, 0, 0, 0, 0, 0, 0, 0, 0, 0, 0, 0, 0, 0, 0, 0, 0, 0, 0, 0, 0, 
0, 0.99745, 0.99768, 0.99756, 0.99776, 0.99817, 0.99903, 0.99817, 
0.99871, 0.99879, 0.99904, 0.99927, 0.99709, 0.99701, 0.99756, 
0.99663, 0.99713, 0.99733, 0.99748, 0.99828, 0.99838, 0.99866, 
0.99872, 0.7072, 0.7522, 0.8271, 1.1097, 1.0098, 1.1935, 1.1647, 
1.3649, 1.4518, 1.5729, 1.6634, 311, 303, 288, 414.4, 310.7, 
356.3, 310.7, 375.4, 369.3, 406.2, 402, 66, 2111, 57, 1095, 1490, 
464, 114, 891, 1078, 473, 37, 426, 486, 2134, 76, 532, 751, 795, 
17, 62, 476, 368, 100, 100, 100, 100, 100, 100, 100, 100, 100, 
100, 100, 2500, 2500, 2500, 2500, 2500, 2500, 2500, 2500, 2500, 
2500, 2500, 27729.199, 29002.746, 32012.3, 43202.762, 36878.0510000001, 
43475.7699999999, 43128.586, 47136.352, 49367.6439999999, 60531.6029999999, 
65356.8659999999, 8.49419, 10.39004, 10.12832, 4.61462, 11.45727, 
9.19077, 14.26659, 9.17494, 9.4741, 8.05926, 8.81566, -9.66891, 
-10.97711, -11.4209, -5.8545, -10.56196, -8.30517, -11.99799, 
-8.97191, -9.44623, -7.56926, -7.64811, 0, 0, 0, 0, 0, 0, 0, 
0, 0, 0, 0, 0, 0, 0, 0, 0, 0, 0, 0, 0, 0, 0, 0.99745, 0.99768, 
0.99726, 0.99748, 0.99817, 0.99903, 0.99817, 0.9985, 0.99858, 
0.99904, 0.99909, 0.99635, 0.99701, 0.99726, 0.99692, 0.99713, 
0.99757, 0.99726, 0.99721, 0.99818, 0.99885, 0.9989, 0.6968, 
0.7457, 0.8958, 1.191, 0.997, 1.1608, 1.195, 1.2849, 1.4117, 
1.6006, 1.7023, 317.3, 301.9, 332.7, 467.9, 311.7, 353.3, 313.9, 
357.6, 352.3, 406.7, 401.8, 539, 38, 100, 90, 422, 1409, 505, 
1632, 867, 1154, 2389, 6, 2, 17, 4, 11, 3, 3, 1, 2, 1, 5, 100, 
100, 100, 100, 100, 100, 100, 100, 100, 100, 100, 2500, 2500, 
2500, 2500, 2500, 2500, 2500, 2500, 2500, 2500, 2500, 78856.956, 
97447.038, 121627.53, 133225.048, 157350.525, 165361.884, 171564.657, 
188055.019, 213387.905, 230240.789, 246440.772, 1, 1, 1, 1, 1, 
1, 1, 1, 1, 1, 1, 0.025, 0.025, 0.025, 0.025, 0.025, 0.025, 0.025, 
0.025, 0.025, 0.025, 0.025, 0, 0, 0, 0, 0, 0, 0, 0, 0, 0, 0, 
0, 0, 0, 0, 0, 0, 0, 0, 0, 0, 0, 0.98284, 0.98537, 0.98538, 0.98623, 
0.98747, 0.98856, 0.98949, 0.98968, 0.99047, 0.99077, 0.99123, 
0.98137, 0.98505, 0.98629, 0.98848, 0.98643, 0.98904, 0.98812, 
0.98947, 0.98986, 0.99058, 0.99105, 1.479, 1.7185, 1.9234, 2.2732, 
2.5506, 2.7387, 2.9216, 3.2707, 3.5581, 3.8046, 4.3658, 842.5, 
882.5, 925.5, 974.9, 1013.7, 1051.8, 1092.3, 1133.4, 1165.5, 
1207.9, 1238.7, 1, 1, 1, 1, 1, 1, 1, 1, 1, 1, 1, 1, 1, 1, 1, 
1, 1, 1, 1, 1, 1, 1, 1, 1, 1, 1, 1, 1, 1, 1, 1, 1, 1, 1, 1, 1, 
1, 1, 1, 1, 1, 1, 1, 1, 19.002, 21.779, 23.814, 27.998, 30.911, 
32.954, 35.029, 38.646, 42.005, 44.421, 51.087), .Dim = c(11L, 
40L), .Dimnames = list(NULL, c("Sampling", "PSO.cost", "PSO.gamma", 
"PSO.data.balancing", "PSO.feature.selection", "PSO.valid.acc", 
"PSO.test.acc", "PSO.train.time", "PSO.n.support.vectors", "PSO.index", 
"PSO.n.solutions", "PSO.generations", "PSO.n.evaluations", "PSO.cpu.time", 
"RS.cost", "RS.gamma", "RS.data.balancing", "RS.feature.selection", 
"RS.valid.acc", "RS.test.acc", "RS.train.time", "RS.n.support.vectors", 
"RS.index", "RS.n.solutions", "RS.generations", "RS.n.evaluations", 
"RS.cpu.time", "DF.cost", "DF.gamma", "DF.data.balancing", "DF.feature.selection", 
"DF.valid.acc", "DF.test.acc", "DF.train.time", "DF.n.support.vectors", 
"DF.index", "DF.n.solutions", "DF.generations", "DF.n.evaluations", 
"DF.cpu.time")))
