full <-
structure(c(50, 55, 60, 65, 70, 75, 80, 85, 90, 95, 100, 6.12814, 
11.15462, 10.6973, 7.58288, 9.65274, 9.03185, 9.58027, 8.89028, 
10.74664, 7.01837, 9.55475, -7.4038, -11.96516, -10.38593, -6.698, 
-7.31568, -7.91359, -8.46504, -7.79493, -10.19761, -6.75671, 
-10.36336, 0, 0, 0, 0, 0, 0, 0, 0, 0, 0, 0, 0, 0, 0, 0, 0, 0, 
0, 0, 0, 0, 0, 0.99745, 0.99801, 0.99848, 0.99888, 0.99896, 0.99902, 
0.99886, 0.99893, 0.99919, 0.99865, 0.9989, 0.99598, 0.99734, 
0.99757, 0.99747, 0.99869, 0.9983, 0.99886, 0.99828, 0.99736, 
0.99885, 0.99872, 0.7754, 0.8335, 0.857, 1.0892, 1.1889, 1.2376, 
1.289, 1.4602, 1.3759, 1.776, 1.7359, 368.4, 311, 307.2, 387.1, 
367.5, 364.3, 356.8, 387.7, 350.8, 449.9, 391.4, 938, 50, 713, 
270, 256, 738, 104, 752, 174, 308, 132, 256, 344, 50, 627, 1041, 
172, 685, 127, 485, 134, 511, 100, 100, 100, 100, 100, 100, 100, 
100, 100, 100, 100, 2500, 2500, 2500, 2500, 2500, 2500, 2500, 
2500, 2500, 2500, 2500, 31772.271, 37045.478, 38544.261, 45682.437, 
49641.813, 53652.199, 48001.5560000001, 53520.2309999999, 55503.3200000001, 
65952.7549999999, 65692.216, 6.14513, 10.76374, 10.95502, 7.68673, 
9.42678, 8.58188, 7.74134, 8.93864, 9.21151, 9.8213, 9.19069, 
-7.41919, -11.4731, -8.66943, -6.73668, -7.30665, -7.55427, -6.68218, 
-7.88728, -8.50731, -9.30138, -10.41252, 0, 0, 0, 0, 0, 0, 0, 
0, 0, 0, 0, 0, 0, 0, 0, 0, 0, 0, 0, 0, 0, 0, 0.99745, 0.99768, 
0.99817, 0.99888, 0.99896, 0.99878, 0.99886, 0.99893, 0.99899, 
0.99865, 0.9989, 0.99598, 0.99701, 0.99757, 0.99748, 0.99869, 
0.99805, 0.99863, 0.99828, 0.99777, 0.99865, 0.99836, 0.7509, 
0.804, 0.8765, 1.0462, 1.1125, 1.2439, 1.4052, 1.3776, 1.4689, 
1.546, 1.683, 368.3, 309.8, 318.2, 385.5, 368.3, 376.9, 418.5, 
384.6, 375.4, 365.4, 408.3, 710, 1789, 47, 1415, 938, 1853, 57, 
1380, 1670, 672, 88, 1, 3, 14, 1, 3, 4, 16, 3, 6, 2, 15, 100, 
100, 100, 100, 100, 100, 100, 100, 100, 100, 100, 2500, 2500, 
2500, 2500, 2500, 2500, 2500, 2500, 2500, 2500, 2500, 88357.468, 
123823.025, 145077.493, 157783.752, 181124.924, 171839.676, 185493.029, 
230047.101, 235418.694, 271750.626, 272694.938, 1, 1, 1, 1, 1, 
1, 1, 1, 1, 1, 1, 0.025, 0.025, 0.025, 0.025, 0.025, 0.025, 0.025, 
0.025, 0.025, 0.025, 0.025, 0, 0, 0, 0, 0, 0, 0, 0, 0, 0, 0, 
0, 0, 0, 0, 0, 0, 0, 0, 0, 0, 0, 0.98539, 0.98538, 0.98722, 0.98652, 
0.98826, 0.98806, 0.98836, 0.98969, 0.98945, 0.99058, 0.99087, 
0.98539, 0.98438, 0.98691, 0.98765, 0.98774, 0.98879, 0.98813, 
0.9884, 0.99006, 0.99115, 0.9905, 1.4795, 1.7135, 2.0125, 2.2876, 
2.352, 2.7352, 3.1089, 3.2732, 3.5312, 4.1724, 4.0964, 844.2, 
892.9, 927.6, 970, 1003.8, 1048.8, 1090.4, 1134.3, 1165.1, 1209.6, 
1239.7, 1, 1, 1, 1, 1, 1, 1, 1, 1, 1, 1, 1, 1, 1, 1, 1, 1, 1, 
1, 1, 1, 1, 1, 1, 1, 1, 1, 1, 1, 1, 1, 1, 1, 1, 1, 1, 1, 1, 1, 
1, 1, 1, 1, 1, 19.451, 23.828, 26.473, 30.527, 30.658, 32.863, 
37.318, 40.479, 42.94, 50.794, 47.726), .Dim = c(11L, 40L), .Dimnames = list(
    NULL, c("Sampling", "PSO.cost", "PSO.gamma", "PSO.data.balancing", 
    "PSO.feature.selection", "PSO.valid.acc", "PSO.test.acc", 
    "PSO.train.time", "PSO.n.support.vectors", "PSO.index", "PSO.n.solutions", 
    "PSO.generations", "PSO.n.evaluations", "PSO.cpu.time", "RS.cost", 
    "RS.gamma", "RS.data.balancing", "RS.feature.selection", 
    "RS.valid.acc", "RS.test.acc", "RS.train.time", "RS.n.support.vectors", 
    "RS.index", "RS.n.solutions", "RS.generations", "RS.n.evaluations", 
    "RS.cpu.time", "DF.cost", "DF.gamma", "DF.data.balancing", 
    "DF.feature.selection", "DF.valid.acc", "DF.test.acc", "DF.train.time", 
    "DF.n.support.vectors", "DF.index", "DF.n.solutions", "DF.generations", 
    "DF.n.evaluations", "DF.cpu.time")))
