full <-
structure(c(50, 55, 60, 65, 70, 75, 80, 85, 90, 95, 100, 15, 
14.65067, 9.00389, 8.17615, 8.5894, 9.50957, 8.17533, 12.14739, 
6.61729, 15, 7.89882, -14.83669, -14.85364, -7.66895, -9.09061, 
-8.74649, -10.62654, -9.02263, -13.0932, -6.51906, -15, -8.95604, 
0, 0, 0, 0, 0, 0, 0, 0, 0, 0, 0, 0, 0, 0, 0, 0, 0, 0, 0, 0, 0, 
0, 0.99708, 0.99768, 0.99848, 0.99831, 0.99896, 0.99854, 0.99863, 
0.99871, 0.99939, 0.99885, 0.99909, 0.99635, 0.99635, 0.99726, 
0.99803, 0.9987, 0.99732, 0.99817, 0.99785, 0.99919, 0.99769, 
0.9989, 0.6633, 0.7417, 0.8604, 0.9631, 1.0718, 1.131, 1.3344, 
1.4001, 1.6859, 1.493, 1.7944, 275.1, 292.3, 334.2, 343.8, 342.7, 
366.4, 376.6, 359.9, 455.6, 342.7, 415.8, 177, 5, 190, 114, 244, 
266, 446, 419, 208, 54, 258, 1034, 1181, 820, 793, 939, 188, 
93, 128, 562, 1527, 264, 100, 100, 100, 100, 100, 100, 100, 100, 
100, 100, 100, 2500, 2500, 2500, 2500, 2500, 2500, 2500, 2500, 
2500, 2500, 2500, 26209.965, 28423.496, 35733.866, 36489.084, 
42962.5480000001, 41450.835, 52281.62, 51975.7150000001, 63862.6780000001, 
55689.048, 65772.0569999998, 14.89655, 13.01514, 9.2589, 8.14447, 
8.4379, 9.0045, 9.66603, 11.62635, 6.17528, 14.45924, 7.93398, 
-13.98516, -12.94338, -7.48903, -9.21534, -8.69074, -10.05362, 
-10.59868, -12.58758, -6.43623, -14.19533, -8.94642, 0, 0, 0, 
0, 0, 0, 0, 0, 0, 0, 0, 0, 0, 0, 0, 0, 0, 0, 0, 0, 0, 0, 0.99708, 
0.99768, 0.99817, 0.99831, 0.99896, 0.99854, 0.9984, 0.99871, 
0.99939, 0.99885, 0.99909, 0.99598, 0.99636, 0.99695, 0.99803, 
0.9987, 0.99757, 0.99794, 0.99785, 0.99899, 0.99769, 0.9989, 
0.6115, 0.7292, 0.8706, 0.9569, 1.0345, 1.1037, 1.2806, 1.3849, 
1.7108, 1.4853, 1.772, 266.6, 289.7, 341.6, 346.3, 344.6, 365.2, 
368.4, 360.9, 468.3, 337.6, 414.9, 781, 81, 416, 79, 671, 1703, 
508, 695, 301, 105, 1664, 2, 31, 16, 97, 6, 2, 31, 1, 1, 8, 1, 
100, 100, 100, 100, 100, 100, 100, 100, 100, 100, 100, 2500, 
2500, 2500, 2500, 2500, 2500, 2500, 2500, 2500, 2500, 2500, 85264.692, 
92635.933, 108052.979, 158717.332, 141021.587, 155232.664, 177355.77, 
225375.204, 245198.789, 234932.888, 298076.495, 1, 1, 1, 1, 1, 
1, 1, 1, 1, 1, 1, 0.025, 0.025, 0.025, 0.025, 0.025, 0.025, 0.025, 
0.025, 0.025, 0.025, 0.025, 0, 0, 0, 0, 0, 0, 0, 0, 0, 0, 0, 
0, 0, 0, 0, 0, 0, 0, 0, 0, 0, 0, 0.98355, 0.9844, 0.98538, 0.9882, 
0.98799, 0.991, 0.9895, 0.98926, 0.98965, 0.99096, 0.99159, 0.98246, 
0.98572, 0.98599, 0.98736, 0.98852, 0.98953, 0.98836, 0.98904, 
0.98986, 0.99039, 0.99068, 1.4409, 1.6967, 1.9361, 2.2111, 2.3137, 
2.5611, 2.8887, 3.379, 3.5331, 3.8247, 4.4269, 830.5, 873.1, 
920.3, 968.1, 1009.2, 1045.7, 1098.8, 1133.7, 1160.8, 1197.4, 
1238.4, 1, 1, 1, 1, 1, 1, 1, 1, 1, 1, 1, 1, 1, 1, 1, 1, 1, 1, 
1, 1, 1, 1, 1, 1, 1, 1, 1, 1, 1, 1, 1, 1, 1, 1, 1, 1, 1, 1, 1, 
1, 1, 1, 1, 1, 18.608, 21.336, 24.061, 28.651, 28.279, 30.985, 
34.684, 41.076, 42.503, 45.841, 52.914), .Dim = c(11L, 40L), .Dimnames = list(
    NULL, c("Sampling", "PSO.cost", "PSO.gamma", "PSO.data.balancing", 
    "PSO.feature.selection", "PSO.valid.acc", "PSO.test.acc", 
    "PSO.train.time", "PSO.n.support.vectors", "PSO.index", "PSO.n.solutions", 
    "PSO.generations", "PSO.n.evaluations", "PSO.cpu.time", "RS.cost", 
    "RS.gamma", "RS.data.balancing", "RS.feature.selection", 
    "RS.valid.acc", "RS.test.acc", "RS.train.time", "RS.n.support.vectors", 
    "RS.index", "RS.n.solutions", "RS.generations", "RS.n.evaluations", 
    "RS.cpu.time", "DF.cost", "DF.gamma", "DF.data.balancing", 
    "DF.feature.selection", "DF.valid.acc", "DF.test.acc", "DF.train.time", 
    "DF.n.support.vectors", "DF.index", "DF.n.solutions", "DF.generations", 
    "DF.n.evaluations", "DF.cpu.time")))
