full <-
structure(c(50, 55, 60, 65, 70, 75, 80, 85, 90, 95, 100, 15, 
7.29444, 7.7684, 13.86917, 4.98875, 12.52582, 8.33492, 5.85322, 
8.40778, 8.37899, 11.89474, -7.39853, -6.52147, -8.60965, -13.52629, 
-5.0512, -11.89991, -7.73736, -6.18185, -8.82751, -7.90085, -13.2662, 
0, 0, 0, 0, 0, 0, 0, 0, 0, 0, 0, 0, 0, 0, 0, 0, 0, 0, 0, 0, 0, 
0, 0.99744, 0.999, 0.99878, 0.99888, 0.9987, 0.99903, 0.99863, 
0.99871, 0.99878, 0.99923, 0.99836, 0.99707, 0.99801, 0.99818, 
0.99775, 0.99687, 0.99829, 0.99818, 0.99871, 0.99817, 0.99846, 
0.99781, 0.731, 0.8987, 0.9044, 0.8915, 1.453, 1.1154, 1.2925, 
1.6225, 1.4397, 1.5551, 1.7074, 339.7, 387, 353.3, 301.6, 529.4, 
323.2, 382.1, 474, 383.4, 394.8, 406.9, 407, 316, 351, 480, 56, 
142, 392, 849, 354, 466, 1884, 302, 301, 660, 120, 167, 353, 
113, 148, 495, 416, 4, 100, 100, 100, 100, 100, 100, 100, 100, 
100, 100, 100, 2500, 2500, 2500, 2500, 2500, 2500, 2500, 2500, 
2500, 2500, 2500, 27904.432, 37225.888, 33618.107, 38145.963, 
51636.8330000001, 42057.1649999999, 51065.36, 57818.3090000001, 
51374.2110000001, 56627.203, 88245.706, 10.08737, 6.96009, 7.78476, 
13.69928, 4.92783, 12.40514, 8.84951, 5.80952, 8.62657, 6.64267, 
10.47718, -7.389, -6.46072, -8.2852, -13.3075, -5.01789, -11.86278, 
-8.17628, -6.19661, -9.09359, -7.86663, -11.98075, 0, 0, 0, 0, 
0, 0, 0, 0, 0, 0, 0, 0, 0, 0, 0, 0, 0, 0, 0, 0, 0, 0, 0.99744, 
0.999, 0.99878, 0.99888, 0.9987, 0.99903, 0.9984, 0.99871, 0.99878, 
0.99904, 0.99835, 0.99707, 0.99801, 0.99818, 0.99775, 0.99687, 
0.99829, 0.99795, 0.9985, 0.99797, 0.99827, 0.99781, 0.7361, 
0.9322, 0.9125, 0.9061, 1.4557, 1.1112, 1.3104, 1.6089, 1.4607, 
1.6659, 1.7652, 339.6, 389.4, 352.2, 300.7, 532.8, 324.7, 370.5, 
474.5, 381.9, 441, 417.3, 251, 1146, 807, 195, 1194, 194, 523, 
657, 861, 1070, 410, 1, 1, 17, 3, 8, 4, 58, 16, 1, 4, 1, 100, 
100, 100, 100, 100, 100, 100, 100, 100, 100, 100, 2500, 2500, 
2500, 2500, 2500, 2500, 2500, 2500, 2500, 2500, 2500, 77714.895, 
100242.926, 105458.851, 120504.479, 145207.323, 159274.537, 175618.406, 
201566.275, 209261.885, 231334.31, 249122.306, 1, 1, 1, 1, 1, 
1, 1, 1, 1, 1, 1, 0.025, 0.025, 0.025, 0.025, 0.025, 0.025, 0.025, 
0.025, 0.025, 0.025, 0.025, 0, 0, 0, 0, 0, 0, 0, 0, 0, 0, 0, 
0, 0, 0, 0, 0, 0, 0, 0, 0, 0, 0, 0.98173, 0.98505, 0.98294, 0.98567, 
0.98618, 0.98878, 0.98904, 0.99077, 0.99047, 0.99038, 0.99013, 
0.98355, 0.98438, 0.98477, 0.98679, 0.98748, 0.98781, 0.9879, 
0.98883, 0.98925, 0.98923, 0.99105, 1.4618, 1.7457, 2.0004, 2.2232, 
2.4675, 2.8071, 2.8942, 3.2229, 3.3819, 3.7349, 4.002, 846.7, 
900, 947.5, 992.2, 1030.7, 1076.1, 1109, 1140.6, 1171.5, 1206.6, 
1240.2, 1, 1, 1, 1, 1, 1, 1, 1, 1, 1, 1, 1, 1, 1, 1, 1, 1, 1, 
1, 1, 1, 1, 1, 1, 1, 1, 1, 1, 1, 1, 1, 1, 1, 1, 1, 1, 1, 1, 1, 
1, 1, 1, 1, 1, 18.88, 21.874, 24.678, 27.011, 29.81, 33.713, 
34.612, 38.386, 40.013, 43.835, 46.887), .Dim = c(11L, 40L), .Dimnames = list(
    NULL, c("Sampling", "PSO.cost", "PSO.gamma", "PSO.data.balancing", 
    "PSO.feature.selection", "PSO.valid.acc", "PSO.test.acc", 
    "PSO.train.time", "PSO.n.support.vectors", "PSO.index", "PSO.n.solutions", 
    "PSO.generations", "PSO.n.evaluations", "PSO.cpu.time", "RS.cost", 
    "RS.gamma", "RS.data.balancing", "RS.feature.selection", 
    "RS.valid.acc", "RS.test.acc", "RS.train.time", "RS.n.support.vectors", 
    "RS.index", "RS.n.solutions", "RS.generations", "RS.n.evaluations", 
    "RS.cpu.time", "DF.cost", "DF.gamma", "DF.data.balancing", 
    "DF.feature.selection", "DF.valid.acc", "DF.test.acc", "DF.train.time", 
    "DF.n.support.vectors", "DF.index", "DF.n.solutions", "DF.generations", 
    "DF.n.evaluations", "DF.cpu.time")))
