full <-
structure(c(50, 55, 60, 65, 70, 75, 80, 85, 90, 95, 100, 5.10033, 
10.21076, 11.42003, 13.2804, 14.38224, 8.0712, 15, 7.51143, 7.70409, 
10.06909, 7.50685, -6.45126, -10.02949, -10.61184, -13.95631, 
-13.58332, -7.34981, -15, -7.7699, -7.83809, -10.22398, -6.74385, 
0, 0, 0, 0, 0, 0, 0, 0, 0, 0, 0, 0, 0, 0, 0, 0, 0, 0, 0, 0, 0, 
0, 0.99817, 0.99736, 0.99786, 0.99915, 0.99765, 0.99854, 0.99817, 
0.99893, 0.99899, 0.99885, 0.99945, 0.9978, 0.99636, 0.99726, 
0.99831, 0.99713, 0.99805, 0.99726, 0.99828, 0.99838, 0.9977, 
0.99909, 0.7339, 0.7208, 0.7625, 0.8972, 0.9165, 1.1031, 1.1246, 
1.2751, 1.3873, 1.4225, 1.6815, 385.9, 302.6, 290.7, 316.7, 295.5, 
385.3, 324.6, 395.9, 398.9, 364.3, 443.4, 1494, 502, 343, 147, 
103, 865, 303, 829, 418, 344, 152, 16, 81, 297, 596, 960, 102, 
834, 252, 582, 249, 890, 100, 100, 100, 100, 100, 100, 100, 100, 
100, 100, 100, 2500, 2500, 2500, 2500, 2500, 2500, 2500, 2500, 
2500, 2500, 2500, 30005.391, 29443.697, 29193.162, 33075.45, 
33842.045, 43573.047, 41063.548, 46802.7879999999, 52772.3840000001, 
54348.3810000001, 57870.183, 5.25556, 10.79577, 11.7873, 12.27919, 
11.53449, 7.13431, 14.55277, 8.07667, 8.2061, 11.13147, 7.4555, 
-6.84321, -11.26833, -10.94883, -13.11346, -11.03715, -6.82091, 
-14.68474, -8.21597, -7.94849, -10.8494, -6.76213, 0, 0, 0, 0, 
0, 0, 0, 0, 0, 0, 0, 0, 0, 0, 0, 0, 0, 0, 0, 0, 0, 0, 0.99781, 
0.99735, 0.99756, 0.99915, 0.99765, 0.99854, 0.99817, 0.99871, 
0.99878, 0.99885, 0.99945, 0.9978, 0.99669, 0.99726, 0.99831, 
0.99739, 0.99757, 0.99749, 0.99807, 0.99838, 0.99789, 0.99909, 
0.7329, 0.7478, 0.7756, 0.8791, 0.9307, 1.1992, 1.1372, 1.2404, 
1.3876, 1.4054, 1.6901, 377.5, 309.2, 288.1, 323.1, 308.7, 411.4, 
326.2, 381.1, 390.8, 351.9, 442.5, 386, 130, 1059, 13, 1611, 
283, 323, 402, 2014, 740, 1215, 11, 24, 8, 16, 5, 1, 2, 3, 6, 
3, 3, 100, 100, 100, 100, 100, 100, 100, 100, 100, 100, 100, 
2500, 2500, 2500, 2500, 2500, 2500, 2500, 2500, 2500, 2500, 2500, 
73306.742, 93650.141, 100600.34, 119848.03, 139840.021, 146357.455, 
159925.401, 176900.795, 192871.409, 213409.238, 219832.332, 1, 
1, 1, 1, 1, 1, 1, 1, 1, 1, 1, 0.025, 0.025, 0.025, 0.025, 0.025, 
0.025, 0.025, 0.025, 0.025, 0.025, 0.025, 0, 0, 0, 0, 0, 0, 0, 
0, 0, 0, 0, 0, 0, 0, 0, 0, 0, 0, 0, 0, 0, 0, 0.98135, 0.98273, 
0.98723, 0.9865, 0.98773, 0.98735, 0.98881, 0.98926, 0.98904, 
0.99078, 0.99141, 0.98465, 0.98473, 0.9851, 0.98706, 0.9859, 
0.98905, 0.98904, 0.98969, 0.99005, 0.99135, 0.99178, 1.3919, 
1.6043, 1.845, 1.9943, 2.2169, 2.5007, 2.7662, 3.1055, 3.354, 
3.5939, 3.9501, 826.3, 880.6, 926.3, 971.5, 1009.8, 1051.4, 1087.9, 
1129.3, 1166.1, 1200.6, 1244, 1, 1, 1, 1, 1, 1, 1, 1, 1, 1, 1, 
1, 1, 1, 1, 1, 1, 1, 1, 1, 1, 1, 1, 1, 1, 1, 1, 1, 1, 1, 1, 1, 
1, 1, 1, 1, 1, 1, 1, 1, 1, 1, 1, 1, 18.056, 20.721, 23.3, 24.932, 
26.956, 30.033, 32.831, 36.677, 39.319, 42.226, 45.96), .Dim = c(11L, 
40L), .Dimnames = list(NULL, c("Sampling", "PSO.cost", "PSO.gamma", 
"PSO.data.balancing", "PSO.feature.selection", "PSO.valid.acc", 
"PSO.test.acc", "PSO.train.time", "PSO.n.support.vectors", "PSO.index", 
"PSO.n.solutions", "PSO.generations", "PSO.n.evaluations", "PSO.cpu.time", 
"RS.cost", "RS.gamma", "RS.data.balancing", "RS.feature.selection", 
"RS.valid.acc", "RS.test.acc", "RS.train.time", "RS.n.support.vectors", 
"RS.index", "RS.n.solutions", "RS.generations", "RS.n.evaluations", 
"RS.cpu.time", "DF.cost", "DF.gamma", "DF.data.balancing", "DF.feature.selection", 
"DF.valid.acc", "DF.test.acc", "DF.train.time", "DF.n.support.vectors", 
"DF.index", "DF.n.solutions", "DF.generations", "DF.n.evaluations", 
"DF.cpu.time")))
