full <-
structure(c(50, 55, 60, 65, 70, 75, 80, 85, 90, 95, 100, 8.00107, 
10.98983, 6.1087, 4.55022, 6.63185, 10.24968, 7.01453, 9.85333, 
5.77824, 7.90075, 5.34138, -8.92374, -11.64635, -7.31616, -5.97562, 
-7.72642, -10.8818, -5.64454, -8.39967, -6.69001, -8.08021, -6.32759, 
0, 0, 0, 0, 0, 0, 0, 0, 0, 0, 0, 0, 0, 0, 0, 0, 0, 0, 0, 0, 0, 
0, 0.99817, 0.99801, 0.99848, 0.99832, 0.99869, 0.99854, 0.99863, 
0.99828, 0.99899, 0.99923, 0.99927, 0.99744, 0.99767, 0.99848, 
0.99775, 0.99765, 0.99805, 0.99726, 0.99806, 0.99817, 0.99827, 
0.99872, 0.7138, 0.7739, 0.9599, 1.2133, 1.1108, 1.126, 1.5796, 
1.342, 1.6797, 1.6114, 1.9844, 315.7, 300.7, 386.2, 457.1, 388.3, 
343.2, 487.9, 360.9, 468, 405.6, 507.9, 46, 198, 1514, 399, 244, 
226, 169, 485, 118, 606, 632, 754, 175, 9, 81, 413, 109, 805, 
355, 80, 203, 226, 100, 100, 100, 100, 100, 100, 100, 100, 100, 
100, 100, 2500, 2500, 2500, 2500, 2500, 2500, 2500, 2500, 2500, 
2500, 2500, 28168.962, 32854.821, 36420.525, 42706.102, 41428.2409999999, 
42494.542, 52896.659, 48196.6300000001, 77123.4470000002, 58344.1060000001, 
81123.9500000002, 7.74588, 7.25179, 8.33453, 12.27809, 6.01949, 
8.74088, 7.10178, 9.50196, 5.92959, 5.964, 5.68445, -8.81404, 
-7.74961, -9.22829, -10.35603, -7.19245, -7.916, -5.73196, -8.37723, 
-6.7516, -6.74008, -6.41437, 0, 0, 0, 0, 0, 0, 0, 0, 0, 0, 0, 
0, 0, 0, 0, 0, 0, 0, 0, 0, 0, 0, 0.99817, 0.99833, 0.99817, 0.99831, 
0.99843, 0.99854, 0.99863, 0.99806, 0.99899, 0.99903, 0.99909, 
0.99744, 0.99767, 0.99847, 0.99719, 0.99791, 0.99781, 0.99726, 
0.99828, 0.99817, 0.99788, 0.99872, 0.703, 0.8324, 0.9107, 0.8917, 
1.1684, 1.1445, 1.5897, 1.3211, 1.6219, 1.7723, 1.9912, 320.9, 
338.3, 335.5, 291.9, 408.3, 354.4, 478.8, 361.7, 463, 467.7, 
492.7, 298, 2132, 83, 319, 246, 758, 1150, 1584, 554, 780, 1122, 
21, 1, 14, 6, 8, 2, 2, 11, 2, 2, 3, 100, 100, 100, 100, 100, 
100, 100, 100, 100, 100, 100, 2500, 2500, 2500, 2500, 2500, 2500, 
2500, 2500, 2500, 2500, 2500, 78602.18, 106094.323, 121601.119, 
129231.118, 151171.763, 170250.886, 184595.318, 191657.356, 221153.702, 
226784.201, 266143.883, 1, 1, 1, 1, 1, 1, 1, 1, 1, 1, 1, 0.025, 
0.025, 0.025, 0.025, 0.025, 0.025, 0.025, 0.025, 0.025, 0.025, 
0.025, 0, 0, 0, 0, 0, 0, 0, 0, 0, 0, 0, 0, 0, 0, 0, 0, 0, 0, 
0, 0, 0, 0, 0.98246, 0.98273, 0.98415, 0.98566, 0.98643, 0.98635, 
0.9879, 0.98882, 0.98945, 0.98943, 0.99178, 0.9799, 0.98239, 
0.98568, 0.98482, 0.9859, 0.98733, 0.9879, 0.98904, 0.98884, 
0.99038, 0.99178, 1.4681, 1.8396, 1.9721, 2.2494, 2.373, 2.7839, 
3.0739, 3.3786, 3.5082, 3.8703, 4.2142, 830.2, 881.2, 931, 965.1, 
1008.9, 1053.2, 1098.2, 1139.9, 1172.4, 1197.7, 1238.4, 1, 1, 
1, 1, 1, 1, 1, 1, 1, 1, 1, 1, 1, 1, 1, 1, 1, 1, 1, 1, 1, 1, 1, 
1, 1, 1, 1, 1, 1, 1, 1, 1, 1, 1, 1, 1, 1, 1, 1, 1, 1, 1, 1, 1, 
18.78, 23.432, 24.779, 27.633, 29.003, 33.545, 36.675, 40.124, 
41.441, 45.414, 49.509), .Dim = c(11L, 40L), .Dimnames = list(
    NULL, c("Sampling", "PSO.cost", "PSO.gamma", "PSO.data.balancing", 
    "PSO.feature.selection", "PSO.valid.acc", "PSO.test.acc", 
    "PSO.train.time", "PSO.n.support.vectors", "PSO.index", "PSO.n.solutions", 
    "PSO.generations", "PSO.n.evaluations", "PSO.cpu.time", "RS.cost", 
    "RS.gamma", "RS.data.balancing", "RS.feature.selection", 
    "RS.valid.acc", "RS.test.acc", "RS.train.time", "RS.n.support.vectors", 
    "RS.index", "RS.n.solutions", "RS.generations", "RS.n.evaluations", 
    "RS.cpu.time", "DF.cost", "DF.gamma", "DF.data.balancing", 
    "DF.feature.selection", "DF.valid.acc", "DF.test.acc", "DF.train.time", 
    "DF.n.support.vectors", "DF.index", "DF.n.solutions", "DF.generations", 
    "DF.n.evaluations", "DF.cpu.time")))
