full <-
structure(c(50, 55, 60, 65, 70, 75, 80, 85, 90, 95, 100, 6.44638, 
6.17357, 5.56162, 13.18165, 8.70288, 10.29643, 15, 6.48629, 11.79495, 
8.46407, 14.01201, -8.48307, -7.97581, -7.28764, -12.2684, -9.06756, 
-10.86797, -15, -6.35512, -12.39102, -8.11157, -14.0433, 0, 0, 
0, 0, 0, 0, 0, 0, 0, 0, 0, 0, 0, 0, 0, 0, 0, 0, 0, 0, 0, 0, 0.99781, 
0.998, 0.99878, 0.99859, 0.99869, 0.99878, 0.9984, 0.99871, 0.99878, 
0.99885, 0.9989, 0.99745, 0.99767, 0.99817, 0.99775, 0.99843, 
0.99854, 0.99818, 0.9985, 0.99797, 0.99808, 0.99854, 0.7761, 
0.908, 1.011, 0.922, 1.0724, 1.1199, 1.2028, 1.5198, 1.4271, 
1.5805, 1.616, 378, 381.2, 409.2, 295.8, 342.7, 335.8, 326.1, 
446.3, 363.8, 388.5, 351.4, 414, 553, 112, 107, 1040, 483, 52, 
555, 184, 332, 643, 107, 528, 422, 462, 47, 215, 2147, 507, 127, 
120, 886, 100, 100, 100, 100, 100, 100, 100, 100, 100, 100, 100, 
2500, 2500, 2500, 2500, 2500, 2500, 2500, 2500, 2500, 2500, 2500, 
32902.825, 35219.638, 37253.364, 34281.157, 39464.455, 43734.1090000001, 
42789.352, 53913.452, 52824.919, 57953.004, 56968.172, 9.86498, 
5.83166, 5.61714, 12.58003, 9.15353, 8.75846, 12.55334, 6.45325, 
12.78821, 8.36716, 13.56267, -11.02022, -7.62804, -7.39658, -11.8068, 
-9.04473, -10.59215, -12.5552, -6.70195, -13.40248, -8.18737, 
-13.46299, 0, 0, 0, 0, 0, 0, 0, 0, 0, 0, 0, 0, 0, 0, 0, 0, 0, 
0, 0, 0, 0, 0, 0.99781, 0.998, 0.99878, 0.99859, 0.99843, 0.99854, 
0.9984, 0.9985, 0.99858, 0.99885, 0.9989, 0.99707, 0.99767, 0.99817, 
0.99775, 0.99869, 0.99805, 0.99795, 0.99785, 0.99797, 0.99808, 
0.99872, 0.6968, 0.8982, 1.0039, 0.9005, 1.0326, 1.241, 1.1926, 
1.5042, 1.4752, 1.5774, 1.606, 312.4, 391, 408.9, 298, 334.2, 
396.5, 332.8, 430.3, 363.9, 389.2, 348.2, 1939, 1102, 298, 1866, 
1355, 402, 16, 1187, 1621, 169, 863, 1, 1, 12, 1, 3, 23, 8, 2, 
1, 5, 10, 100, 100, 100, 100, 100, 100, 100, 100, 100, 100, 100, 
2500, 2500, 2500, 2500, 2500, 2500, 2500, 2500, 2500, 2500, 2500, 
82159.827, 97701.863, 109298.183, 121544.741, 145352.7, 170654.906, 
175304.77, 189813.66, 221946.329, 231402.239, 259506.949, 1, 
1, 1, 1, 1, 1, 1, 1, 1, 1, 1, 0.025, 0.025, 0.025, 0.025, 0.025, 
0.025, 0.025, 0.025, 0.025, 0.025, 0.025, 0, 0, 0, 0, 0, 0, 0, 
0, 0, 0, 0, 0, 0, 0, 0, 0, 0, 0, 0, 0, 0, 0, 0.98245, 0.98238, 
0.98509, 0.98567, 0.98722, 0.9888, 0.98904, 0.98882, 0.98823, 
0.99096, 0.99177, 0.98208, 0.98371, 0.986, 0.98623, 0.9859, 0.98855, 
0.98881, 0.98818, 0.98964, 0.9902, 0.99141, 1.4379, 1.7067, 2.016, 
2.1758, 2.4312, 2.6655, 2.9878, 3.4507, 3.5261, 3.8502, 4.0481, 
843.3, 892.4, 943.4, 987.8, 1021, 1070.2, 1101.8, 1136.2, 1173.9, 
1204.2, 1236.8, 1, 1, 1, 1, 1, 1, 1, 1, 1, 1, 1, 1, 1, 1, 1, 
1, 1, 1, 1, 1, 1, 1, 1, 1, 1, 1, 1, 1, 1, 1, 1, 1, 1, 1, 1, 1, 
1, 1, 1, 1, 1, 1, 1, 1, 18.666, 21.537, 24.862, 26.581, 29.636, 
32.225, 35.65, 40.717, 41.518, 45.057, 47.434), .Dim = c(11L, 
40L), .Dimnames = list(NULL, c("Sampling", "PSO.cost", "PSO.gamma", 
"PSO.data.balancing", "PSO.feature.selection", "PSO.valid.acc", 
"PSO.test.acc", "PSO.train.time", "PSO.n.support.vectors", "PSO.index", 
"PSO.n.solutions", "PSO.generations", "PSO.n.evaluations", "PSO.cpu.time", 
"RS.cost", "RS.gamma", "RS.data.balancing", "RS.feature.selection", 
"RS.valid.acc", "RS.test.acc", "RS.train.time", "RS.n.support.vectors", 
"RS.index", "RS.n.solutions", "RS.generations", "RS.n.evaluations", 
"RS.cpu.time", "DF.cost", "DF.gamma", "DF.data.balancing", "DF.feature.selection", 
"DF.valid.acc", "DF.test.acc", "DF.train.time", "DF.n.support.vectors", 
"DF.index", "DF.n.solutions", "DF.generations", "DF.n.evaluations", 
"DF.cpu.time")))
