full <-
structure(c(50, 55, 60, 65, 70, 75, 80, 85, 90, 95, 100, 14.67013, 
8.71114, 4.63708, 6.43713, 6.93641, 7.9059, 10.23991, 7.08536, 
5.86606, 6.90832, 9.69708, -13.06742, -9.73441, -3.91275, -6.61188, 
-7.52238, -8.19525, -9.76834, -6.59972, -6.37259, -6.94868, -8.56487, 
0, 0, 0, 0, 0, 0, 0, 0, 0, 0, 0, 0, 0, 0, 0, 0, 0, 0, 0, 0, 0, 
0, 0.99854, 0.999, 0.99817, 0.99888, 0.99792, 0.99805, 0.99886, 
0.99892, 0.99899, 0.99943, 0.99909, 0.9978, 0.99767, 0.99817, 
0.99916, 0.99765, 0.99756, 0.99726, 0.99764, 0.99818, 0.99923, 
0.99781, 0.6431, 0.7957, 1.5011, 1.0602, 1.1239, 1.1676, 1.1593, 
1.4973, 1.6676, 1.6569, 1.584, 270.7, 333.6, 624.5, 396.6, 385.8, 
367.5, 340.3, 430, 474.9, 437.5, 374.3, 107, 119, 182, 199, 147, 
125, 124, 2389, 330, 360, 437, 1153, 1009, 377, 499, 371, 93, 
249, 9, 743, 525, 138, 100, 100, 100, 100, 100, 100, 100, 100, 
100, 100, 100, 2500, 2500, 2500, 2500, 2500, 2500, 2500, 2500, 
2500, 2500, 2500, 24984.065, 28009.476, 48397.865, 38403.135, 
41988.8630000001, 52290.2039999999, 40204.548, 51632.2070000001, 
56136.4440000001, 56100.463, 53884.175, 10.36981, 9.49712, 5.31933, 
5.7107, 6.86817, 10.39567, 11.05398, 5.84929, 5.74767, 5.29356, 
9.48727, -10.8456, -9.36952, -3.91926, -6.18076, -7.54455, -11.15849, 
-10.57848, -7.35566, -6.23864, -6.27753, -8.67637, 0, 0, 0, 0, 
0, 0, 0, 0, 0, 0, 0, 0, 0, 0, 0, 0, 0, 0, 0, 0, 0, 0, 0.99854, 
0.999, 0.99817, 0.9986, 0.99792, 0.99805, 0.99886, 0.99871, 0.99879, 
0.99923, 0.9989, 0.99671, 0.99867, 0.99817, 0.99804, 0.99765, 
0.99805, 0.99726, 0.99828, 0.99818, 0.99866, 0.99817, 0.6852, 
0.4965, 1.4705, 1.1242, 1.126, 1.1382, 1.1431, 1.4809, 1.6972, 
1.8551, 1.5493, 297.3, 311.5, 622.1, 423.4, 387.7, 348.3, 331.3, 
452.9, 484.1, 504.9, 375.9, 190, 20, 815, 1953, 1679, 392, 1112, 
251, 1240, 357, 1161, 13, 8, 17, 2, 2, 5, 3, 18, 3, 13, 2, 100, 
100, 100, 100, 100, 100, 100, 100, 100, 100, 100, 2500, 2500, 
2500, 2500, 2500, 2500, 2500, 2500, 2500, 2500, 2500, 73115.216, 
86224.29, 92821.896, 92846.773, 117496.589, 141352.009, 146979.998, 
170387.222, 181138.844, 194337.084, 225692.141, 1, 1, 1, 1, 1, 
1, 1, 1, 1, 1, 1, 0.025, 0.025, 0.025, 0.025, 0.025, 0.025, 0.025, 
0.025, 0.025, 0.025, 0.025, 0, 0, 0, 0, 0, 0, 0, 0, 0, 0, 0, 
0, 0, 0, 0, 0, 0, 0, 0, 0, 0, 0, 0.98428, 0.98638, 0.9863, 0.98764, 
0.988, 0.99027, 0.98995, 0.98968, 0.99067, 0.99097, 0.99105, 
0.98575, 0.98738, 0.98751, 0.98623, 0.98722, 0.98905, 0.98995, 
0.99054, 0.99006, 0.99, 0.9916, 1.4854, 1.7266, 1.9345, 1.3714, 
2.4125, 2.6537, 2.9341, 3.2039, 3.5002, 3.8239, 4.0137, 846.6, 
884.5, 930.9, 974.8, 1009.2, 1061.2, 1105.6, 1139.9, 1175.6, 
1209.2, 1241.7, 1, 1, 1, 1, 1, 1, 1, 1, 1, 1, 1, 1, 1, 1, 1, 
1, 1, 1, 1, 1, 1, 1, 1, 1, 1, 1, 1, 1, 1, 1, 1, 1, 1, 1, 1, 1, 
1, 1, 1, 1, 1, 1, 1, 1, 19.012, 22.6, 24.63, 17.763, 28.841, 
31.359, 35.57, 38.218, 40.887, 45.464, 46.74), .Dim = c(11L, 
40L), .Dimnames = list(NULL, c("Sampling", "PSO.cost", "PSO.gamma", 
"PSO.data.balancing", "PSO.feature.selection", "PSO.valid.acc", 
"PSO.test.acc", "PSO.train.time", "PSO.n.support.vectors", "PSO.index", 
"PSO.n.solutions", "PSO.generations", "PSO.n.evaluations", "PSO.cpu.time", 
"RS.cost", "RS.gamma", "RS.data.balancing", "RS.feature.selection", 
"RS.valid.acc", "RS.test.acc", "RS.train.time", "RS.n.support.vectors", 
"RS.index", "RS.n.solutions", "RS.generations", "RS.n.evaluations", 
"RS.cpu.time", "DF.cost", "DF.gamma", "DF.data.balancing", "DF.feature.selection", 
"DF.valid.acc", "DF.test.acc", "DF.train.time", "DF.n.support.vectors", 
"DF.index", "DF.n.solutions", "DF.generations", "DF.n.evaluations", 
"DF.cpu.time")))
