full <-
structure(c(50, 55, 60, 65, 70, 75, 80, 85, 90, 95, 100, 15, 
5.62421, 11.52916, 12.09614, 15, 14.90626, 7.34782, 8.9838, 10.93595, 
11.87406, 7.66065, -15, -6.95452, -12.4602, -12.27853, -15, -14.44763, 
-7.44683, -8.30321, -11.7443, -11.31601, -7.21019, 0, 0, 0, 0, 
0, 0, 0, 0, 0, 0, 0, 0, 0, 0, 0, 0, 0, 0, 0, 0, 0, 0, 0.9989, 
0.999, 0.99879, 0.99916, 0.99895, 0.9983, 0.99886, 0.99914, 0.99899, 
0.99865, 0.99927, 0.99818, 0.99734, 0.99817, 0.99831, 0.99817, 
0.99708, 0.99863, 0.99871, 0.99858, 0.99827, 0.9989, 0.6409, 
0.921, 0.8984, 0.8939, 0.9832, 1.1389, 1.2606, 1.3339, 1.3867, 
1.4807, 1.7664, 273.8, 389.4, 327.2, 318.2, 309.5, 314.6, 394.8, 
365.7, 372.3, 343.7, 430, 66, 105, 73, 149, 51, 209, 576, 307, 
26, 270, 124, 1764, 534, 331, 512, 1559, 1590, 339, 125, 349, 
325, 1188, 100, 100, 100, 100, 100, 100, 100, 100, 100, 100, 
100, 2500, 2500, 2500, 2500, 2500, 2500, 2500, 2500, 2500, 2500, 
2500, 25503.821, 33717.787, 36401.312, 33556.259, 39340.3520000001, 
43901.0819999999, 51336.99, 50904.7879999999, 51017.8530000001, 
54485.9689999998, 61855.024, 13.76974, 8.35267, 10.71605, 12.6067, 
13.83685, 12.48483, 7.71036, 11.79066, 9.99602, 11.44448, 8.91282, 
-13.36714, -8.62921, -11.44119, -12.87632, -14.05599, -12.80807, 
-8.05694, -12.18155, -10.64909, -11.00145, -7.76312, 0, 0, 0, 
0, 0, 0, 0, 0, 0, 0, 0, 0, 0, 0, 0, 0, 0, 0, 0, 0, 0, 0, 0.9989, 
0.999, 0.99879, 0.99916, 0.99895, 0.9983, 0.99886, 0.99914, 0.99899, 
0.99865, 0.99927, 0.99781, 0.99767, 0.99817, 0.99831, 0.99843, 
0.99732, 0.9984, 0.99893, 0.99858, 0.99827, 0.9989, 0.6294, 0.807, 
0.8498, 0.929, 1.0108, 1.1102, 1.227, 1.3015, 1.4605, 1.461, 
1.6663, 270.3, 324.3, 322.6, 318.9, 317.4, 334.5, 384.3, 351.7, 
369.7, 349, 397.3, 182, 676, 287, 662, 17, 1580, 1087, 1565, 
602, 5, 800, 19, 7, 10, 8, 4, 3, 9, 2, 9, 5, 8, 100, 100, 100, 
100, 100, 100, 100, 100, 100, 100, 100, 2500, 2500, 2500, 2500, 
2500, 2500, 2500, 2500, 2500, 2500, 2500, 75479.162, 108214.958, 
112959.95, 121524.183, 143640.922, 171256.279, 177175.335, 199691.486, 
214525.266, 220630.148, 250248.812, 1, 1, 1, 1, 1, 1, 1, 1, 1, 
1, 1, 0.025, 0.025, 0.025, 0.025, 0.025, 0.025, 0.025, 0.025, 
0.025, 0.025, 0.025, 0, 0, 0, 0, 0, 0, 0, 0, 0, 0, 0, 0, 0, 0, 
0, 0, 0, 0, 0, 0, 0, 0, 0.98208, 0.98372, 0.98569, 0.98566, 0.98719, 
0.98757, 0.98744, 0.98754, 0.98985, 0.99, 0.99178, 0.98318, 0.98339, 
0.98478, 0.9851, 0.98589, 0.98635, 0.98812, 0.98904, 0.98985, 
0.99077, 0.9916, 1.51, 1.7785, 1.8625, 2.1302, 2.3185, 2.5506, 
2.8834, 3.2344, 3.4931, 3.821, 4.2251, 850.5, 893.9, 932, 976.2, 
1019, 1054.2, 1093.2, 1135.3, 1165.7, 1203.2, 1241, 1, 1, 1, 
1, 1, 1, 1, 1, 1, 1, 1, 1, 1, 1, 1, 1, 1, 1, 1, 1, 1, 1, 1, 1, 
1, 1, 1, 1, 1, 1, 1, 1, 1, 1, 1, 1, 1, 1, 1, 1, 1, 1, 1, 1, 19.358, 
23.219, 23.08, 27.094, 28.156, 30.713, 35.203, 38.218, 41.887, 
44.581, 49.151), .Dim = c(11L, 40L), .Dimnames = list(NULL, c("Sampling", 
"PSO.cost", "PSO.gamma", "PSO.data.balancing", "PSO.feature.selection", 
"PSO.valid.acc", "PSO.test.acc", "PSO.train.time", "PSO.n.support.vectors", 
"PSO.index", "PSO.n.solutions", "PSO.generations", "PSO.n.evaluations", 
"PSO.cpu.time", "RS.cost", "RS.gamma", "RS.data.balancing", "RS.feature.selection", 
"RS.valid.acc", "RS.test.acc", "RS.train.time", "RS.n.support.vectors", 
"RS.index", "RS.n.solutions", "RS.generations", "RS.n.evaluations", 
"RS.cpu.time", "DF.cost", "DF.gamma", "DF.data.balancing", "DF.feature.selection", 
"DF.valid.acc", "DF.test.acc", "DF.train.time", "DF.n.support.vectors", 
"DF.index", "DF.n.solutions", "DF.generations", "DF.n.evaluations", 
"DF.cpu.time")))
