full <-
structure(c(50, 55, 60, 65, 70, 75, 80, 85, 90, 95, 100, 13.14411, 
7.21384, 10.6193, 8.25108, 5.26539, 9.01741, 12.67708, 9.04979, 
7.83492, 7.58223, 12.77144, -7.66658, -7.77415, -11.20416, -9.06859, 
-5.83009, -9.45373, -12.78376, -8.01202, -8.98275, -6.59224, 
-13.77732, 0, 0, 0, 0, 0, 0, 0, 0, 0, 0, 0, 0, 0, 0, 0, 0, 0, 
0, 0, 0, 0, 0, 0.9989, 0.99768, 0.99757, 0.9986, 0.99869, 0.99854, 
0.99886, 0.99957, 0.99837, 0.99923, 0.9989, 0.99671, 0.99602, 
0.99665, 0.99776, 0.99739, 0.99878, 0.99795, 0.99893, 0.99817, 
0.99904, 0.99854, 0.4429, 0.798, 0.8555, 0.9552, 1.2525, 1.1476, 
1.1706, 1.31, 1.4798, 1.6749, 1.676, 312.4, 337.7, 317.5, 343.2, 
459.7, 350.8, 337.4, 370.2, 408.3, 447, 392.5, 115, 805, 1689, 
822, 836, 341, 1506, 106, 348, 482, 2490, 1122, 136, 7, 122, 
153, 308, 59, 1043, 615, 213, 1474, 100, 100, 100, 100, 100, 
100, 100, 100, 100, 100, 100, 2500, 2500, 2500, 2500, 2500, 2500, 
2500, 2500, 2500, 2500, 2500, 24996.658, 31166.543, 34890.51, 
34266.758, 41185.0090000001, 39909.267, 42838.226, 45064.675, 
50232.1469999999, 56585.675, 53787.507, 10.65699, 7.01312, 9.30212, 
8.25074, 5.68491, 9.34157, 11.08908, 8.79838, 7.27766, 7.92156, 
14.2251, -7.62897, -7.94001, -10.18781, -9.10852, -6.25712, -9.46968, 
-11.2664, -7.78512, -8.48553, -6.47684, -14.46087, 0, 0, 0, 0, 
0, 0, 0, 0, 0, 0, 0, 0, 0, 0, 0, 0, 0, 0, 0, 0, 0, 0, 0.9989, 
0.99734, 0.99726, 0.9986, 0.99869, 0.99854, 0.99886, 0.99957, 
0.99837, 0.99904, 0.9989, 0.99671, 0.99635, 0.99665, 0.99776, 
0.99739, 0.99878, 0.99795, 0.99893, 0.99817, 0.99884, 0.99872, 
0.6969, 0.8414, 0.8533, 0.9657, 1.2089, 1.1128, 1.1851, 1.3153, 
1.5017, 1.6789, 1.5743, 312.9, 345.8, 330.4, 343.4, 432, 344.6, 
342.3, 374.5, 417.9, 453.3, 358.1, 212, 74, 993, 355, 386, 1512, 
2248, 1213, 928, 938, 140, 7, 7, 6, 1, 2, 4, 1, 4, 9, 49, 6, 
100, 100, 100, 100, 100, 100, 100, 100, 100, 100, 100, 2500, 
2500, 2500, 2500, 2500, 2500, 2500, 2500, 2500, 2500, 2500, 64564.245, 
91884.439, 95546.026, 108283.371, 115130.357, 125649.474, 148015.088, 
164870.759, 178660.808, 197424.636, 217068.704, 1, 1, 1, 1, 1, 
1, 1, 1, 1, 1, 1, 0.025, 0.025, 0.025, 0.025, 0.025, 0.025, 0.025, 
0.025, 0.025, 0.025, 0.025, 0, 0, 0, 0, 0, 0, 0, 0, 0, 0, 0, 
0, 0, 0, 0, 0, 0, 0, 0, 0, 0, 0, 0.98428, 0.98507, 0.98508, 0.98847, 
0.98852, 0.99026, 0.99087, 0.99033, 0.99066, 0.99155, 0.99087, 
0.98319, 0.98407, 0.98751, 0.98735, 0.98852, 0.98953, 0.98996, 
0.98947, 0.99107, 0.99059, 0.99069, 1.4956, 1.7416, 1.9418, 2.1737, 
2.4263, 1.6975, 2.9178, 2.0247, 3.4654, 3.7293, 4.0978, 847.2, 
893.9, 939.3, 978.8, 1023.9, 1062.2, 1097.4, 1135.2, 1168.7, 
1203.2, 1239.6, 1, 1, 1, 1, 1, 1, 1, 1, 1, 1, 1, 1, 1, 1, 1, 
1, 1, 1, 1, 1, 1, 1, 1, 1, 1, 1, 1, 1, 1, 1, 1, 1, 1, 1, 1, 1, 
1, 1, 1, 1, 1, 1, 1, 1, 19.086, 21.682, 24.623, 27.231, 29.027, 
21.208, 34.349, 24.154, 41.189, 43.453, 48.455), .Dim = c(11L, 
40L), .Dimnames = list(NULL, c("Sampling", "PSO.cost", "PSO.gamma", 
"PSO.data.balancing", "PSO.feature.selection", "PSO.valid.acc", 
"PSO.test.acc", "PSO.train.time", "PSO.n.support.vectors", "PSO.index", 
"PSO.n.solutions", "PSO.generations", "PSO.n.evaluations", "PSO.cpu.time", 
"RS.cost", "RS.gamma", "RS.data.balancing", "RS.feature.selection", 
"RS.valid.acc", "RS.test.acc", "RS.train.time", "RS.n.support.vectors", 
"RS.index", "RS.n.solutions", "RS.generations", "RS.n.evaluations", 
"RS.cpu.time", "DF.cost", "DF.gamma", "DF.data.balancing", "DF.feature.selection", 
"DF.valid.acc", "DF.test.acc", "DF.train.time", "DF.n.support.vectors", 
"DF.index", "DF.n.solutions", "DF.generations", "DF.n.evaluations", 
"DF.cpu.time")))
