full <-
structure(c(50, 55, 60, 65, 70, 75, 80, 85, 90, 95, 100, 10.5578, 
11.31743, 10.72549, 14.64881, 12.81818, 9.70109, 15, 8.54502, 
15, 7.94806, 8.38871, -11.51094, -12.62144, -11.2648, -14.02359, 
-12.65659, -8.96561, -15, -7.85313, -15, -9.01143, -7.9826, 0, 
0, 0, 0, 0, 0, 0, 0, 0, 0, 0, 0, 0, 0, 0, 0, 0, 0, 0, 0, 0, 0, 
0.99853, 0.99867, 0.99878, 0.9986, 0.99791, 0.99854, 0.99817, 
0.99871, 0.99838, 0.99923, 0.99909, 0.99634, 0.99768, 0.99787, 
0.99719, 0.99739, 0.99781, 0.99817, 0.99806, 0.99797, 0.99827, 
0.99762, 0.683, 0.8453, 0.8648, 0.9539, 1.0646, 1.1936, 1.2788, 
1.452, 1.3829, 1.6002, 1.6875, 310.8, 329.9, 318.8, 303.9, 319.5, 
348.4, 328.9, 381.6, 336.5, 411.7, 403.3, 500, 2340, 944, 184, 
507, 600, 76, 2259, 62, 85, 630, 163, 1, 55, 508, 48, 79, 1859, 
274, 1682, 328, 219, 100, 100, 100, 100, 100, 100, 100, 100, 
100, 100, 100, 2500, 2500, 2500, 2500, 2500, 2500, 2500, 2500, 
2500, 2500, 2500, 28304.222, 35067.229, 40927.844, 39296.218, 
43399.706, 52735.0159999999, 47276.2479999999, 62964.8829999999, 
51769.6599999999, 59469.4500000002, 64510.148, 9.26339, 12.97877, 
7.81494, 13.96044, 6.25236, 10.89156, 13.4537, 5.77189, 14.09525, 
7.35434, 6.67384, -10.46844, -13.99355, -8.89507, -14.37911, 
-8.30511, -9.8647, -13.48763, -7.58503, -10.57611, -8.67656, 
-6.22361, 0, 0, 0, 0, 0, 0, 0, 0, 0, 0, 0, 0, 0, 0, 0, 0, 0, 
0, 0, 0, 0, 0, 0.99817, 0.99834, 0.99848, 0.99832, 0.99791, 0.9983, 
0.99817, 0.99871, 0.99838, 0.99923, 0.9989, 0.99634, 0.99701, 
0.99817, 0.99663, 0.99713, 0.99756, 0.99794, 0.99742, 0.99837, 
0.99846, 0.99781, 0.6918, 0.8134, 0.9165, 0.9698, 1.2687, 1.1551, 
1.257, 1.6293, 1.3807, 1.6111, 1.9697, 322.7, 317.9, 353.9, 318.8, 
433.6, 333.9, 331.9, 462.8, 335.6, 426.6, 486.1, 498, 243, 57, 
2392, 1147, 1941, 1713, 96, 53, 271, 508, 2, 4, 18, 1, 3, 5, 
4, 1, 24, 7, 11, 100, 100, 100, 100, 100, 100, 100, 100, 100, 
100, 100, 2500, 2500, 2500, 2500, 2500, 2500, 2500, 2500, 2500, 
2500, 2500, 79587.261, 126215.899, 129122.445, 159090.678, 174719.134, 
184992.737, 206004.895, 241080.233, 249454.097, 254631.011, 278405.012, 
1, 1, 1, 1, 1, 1, 1, 1, 1, 1, 1, 0.025, 0.025, 0.025, 0.025, 
0.025, 0.025, 0.025, 0.025, 0.025, 0.025, 0.025, 0, 0, 0, 0, 
0, 0, 0, 0, 0, 0, 0, 0, 0, 0, 0, 0, 0, 0, 0, 0, 0, 0, 0.98646, 
0.98671, 0.98902, 0.98877, 0.98748, 0.98953, 0.98994, 0.98968, 
0.99107, 0.99135, 0.99105, 0.98611, 0.98837, 0.98963, 0.98849, 
0.98826, 0.98929, 0.9904, 0.98968, 0.99067, 0.99115, 0.99178, 
1.4886, 1.8279, 1.9644, 2.2249, 2.561, 2.9693, 3.1238, 3.2038, 
3.518, 3.8877, 4.0476, 843.5, 895.6, 945.3, 985.2, 1024.1, 1062, 
1096.1, 1140.2, 1176, 1210, 1238.2, 1, 1, 1, 1, 1, 1, 1, 1, 1, 
1, 1, 1, 1, 1, 1, 1, 1, 1, 1, 1, 1, 1, 1, 1, 1, 1, 1, 1, 1, 1, 
1, 1, 1, 1, 1, 1, 1, 1, 1, 1, 1, 1, 1, 1, 20.603, 24.622, 25.964, 
28.788, 31.864, 36.893, 38.414, 39.698, 43.224, 46.725, 48.304
), .Dim = c(11L, 40L), .Dimnames = list(NULL, c("Sampling", "PSO.cost", 
"PSO.gamma", "PSO.data.balancing", "PSO.feature.selection", "PSO.valid.acc", 
"PSO.test.acc", "PSO.train.time", "PSO.n.support.vectors", "PSO.index", 
"PSO.n.solutions", "PSO.generations", "PSO.n.evaluations", "PSO.cpu.time", 
"RS.cost", "RS.gamma", "RS.data.balancing", "RS.feature.selection", 
"RS.valid.acc", "RS.test.acc", "RS.train.time", "RS.n.support.vectors", 
"RS.index", "RS.n.solutions", "RS.generations", "RS.n.evaluations", 
"RS.cpu.time", "DF.cost", "DF.gamma", "DF.data.balancing", "DF.feature.selection", 
"DF.valid.acc", "DF.test.acc", "DF.train.time", "DF.n.support.vectors", 
"DF.index", "DF.n.solutions", "DF.generations", "DF.n.evaluations", 
"DF.cpu.time")))
