full <-
structure(c(50, 55, 60, 65, 70, 75, 80, 85, 90, 95, 100, 13.3422, 
8.88946, 7.23258, 8.43071, 10.71092, 11.67441, 6.70561, 4.45553, 
9.83612, 8.39878, 8.33081, -11.22369, -7.86854, -8.70577, -9.18109, 
-9.73767, -10.3759, -7.20007, -4.48566, -8.81907, -7.07874, -8.99353, 
0, 0, 0, 0, 0, 0, 0, 0, 0, 0, 0, 0, 0, 0, 0, 0, 0, 0, 0, 0, 0, 
0, 0.99744, 0.99668, 0.99665, 0.99691, 0.99791, 0.99878, 0.99863, 
0.99828, 0.99838, 0.99923, 0.9989, 0.99744, 0.99535, 0.99605, 
0.99634, 0.99791, 0.99781, 0.99772, 0.99699, 0.99736, 0.99904, 
0.99872, 0.628, 0.7479, 0.9418, 1.0063, 1.0198, 1.0841, 1.3585, 
2.0892, 1.3959, 1.6754, 1.6793, 267.8, 316.4, 353.6, 342.3, 322.4, 
318.1, 404.5, 628.5, 364.8, 420, 401.1, 203, 351, 1135, 815, 
326, 100, 1344, 120, 495, 218, 2473, 209, 234, 54, 53, 237, 634, 
2, 847, 109, 1207, 1, 100, 100, 100, 100, 100, 100, 100, 100, 
100, 100, 100, 2500, 2500, 2500, 2500, 2500, 2500, 2500, 2500, 
2500, 2500, 2500, 26572.977, 36202.194, 39373.11, 42511.797, 
40238.322, 41377.6410000001, 51378.4149999999, 72935.7550000001, 
54866.925, 58454.659, 62061.4489999998, 11.65119, 6.5147, 7.26348, 
9.02119, 7.61642, 10.86318, 6.99314, 4.29828, 9.18893, 8.05474, 
14.8793, -12.04673, -9.05876, -8.7256, -9.70323, -8.74011, -9.51819, 
-7.61959, -4.62803, -8.65071, -7.09374, -14.999, 0, 0, 0, 0, 
0, 0, 0, 0, 0, 0, 0, 0, 0, 0, 0, 0, 0, 0, 0, 0, 0, 0, 0.99744, 
0.99668, 0.99665, 0.99663, 0.99765, 0.99878, 0.9984, 0.99828, 
0.99817, 0.99923, 0.99854, 0.99707, 0.99668, 0.99605, 0.99634, 
0.99791, 0.99732, 0.99749, 0.99677, 0.99736, 0.99942, 0.99817, 
0.6096, 0.9055, 0.9434, 0.964, 1.1005, 1.1062, 1.3287, 2.0008, 
1.4832, 1.6557, 1.6458, 277.1, 398.1, 352.7, 334.4, 370.9, 326.6, 
397.5, 618.2, 370.2, 420.6, 357.2, 4, 1370, 1793, 1446, 411, 
659, 281, 2477, 185, 1577, 219, 10, 31, 1, 3, 12, 9, 20, 1, 14, 
6, 14, 100, 100, 100, 100, 100, 100, 100, 100, 100, 100, 100, 
2500, 2500, 2500, 2500, 2500, 2500, 2500, 2500, 2500, 2500, 2500, 
71073.878, 96478.548, 129586.644, 135736.772, 155323.71, 159408.302, 
191329.235, 202911.927, 225797.82, 239927.915, 265729.631, 1, 
1, 1, 1, 1, 1, 1, 1, 1, 1, 1, 0.025, 0.025, 0.025, 0.025, 0.025, 
0.025, 0.025, 0.025, 0.025, 0.025, 0.025, 0, 0, 0, 0, 0, 0, 0, 
0, 0, 0, 0, 0, 0, 0, 0, 0, 0, 0, 0, 0, 0, 0, 0.98575, 0.98704, 
0.98572, 0.98652, 0.98852, 0.9888, 0.9895, 0.98925, 0.99046, 
0.99096, 0.99068, 0.98503, 0.98771, 0.98572, 0.9854, 0.98773, 
0.98905, 0.99133, 0.98926, 0.99026, 0.99039, 0.99105, 1.3443, 
1.7177, 1.8587, 2.1521, 2.4099, 2.7462, 2.7944, 3.1904, 3.5885, 
3.7494, 4.1463, 799.1, 852.2, 906.2, 960.1, 1003.2, 1043.4, 1089.3, 
1134.4, 1172.5, 1202.9, 1241.8, 1, 1, 1, 1, 1, 1, 1, 1, 1, 1, 
1, 1, 1, 1, 1, 1, 1, 1, 1, 1, 1, 1, 1, 1, 1, 1, 1, 1, 1, 1, 1, 
1, 1, 1, 1, 1, 1, 1, 1, 1, 1, 1, 1, 1, 17.573, 22.504, 24.141, 
27.314, 30.158, 33.793, 33.375, 38.595, 43.198, 44.006, 49.218
), .Dim = c(11L, 40L), .Dimnames = list(NULL, c("Sampling", "PSO.cost", 
"PSO.gamma", "PSO.data.balancing", "PSO.feature.selection", "PSO.valid.acc", 
"PSO.test.acc", "PSO.train.time", "PSO.n.support.vectors", "PSO.index", 
"PSO.n.solutions", "PSO.generations", "PSO.n.evaluations", "PSO.cpu.time", 
"RS.cost", "RS.gamma", "RS.data.balancing", "RS.feature.selection", 
"RS.valid.acc", "RS.test.acc", "RS.train.time", "RS.n.support.vectors", 
"RS.index", "RS.n.solutions", "RS.generations", "RS.n.evaluations", 
"RS.cpu.time", "DF.cost", "DF.gamma", "DF.data.balancing", "DF.feature.selection", 
"DF.valid.acc", "DF.test.acc", "DF.train.time", "DF.n.support.vectors", 
"DF.index", "DF.n.solutions", "DF.generations", "DF.n.evaluations", 
"DF.cpu.time")))
