full <-
structure(c(50, 55, 60, 65, 70, 75, 80, 85, 90, 95, 100, 14.90647, 
15, 10.19184, 9.54426, 7.1559, 7.02936, 12.4211, 9.10394, 8.69985, 
7.75083, 9.25943, -15, -12.56137, -9.02757, -9.62837, -8.12193, 
-8.18273, -12.93607, -8.20097, -8.06193, -8.29773, -9.71986, 
0, 0, 0, 0, 0, 0, 0, 0, 0, 0, 0, 0, 0, 0, 0, 0, 0, 0, 0, 0, 0, 
0, 0.99708, 0.99801, 0.99909, 0.99831, 0.9987, 0.9983, 0.99772, 
0.99893, 0.99858, 0.99846, 0.99909, 0.99708, 0.99668, 0.99756, 
0.99719, 0.99687, 0.99781, 0.99726, 0.99893, 0.99817, 0.99808, 
0.99836, 0.621, 0.721, 0.8419, 0.9198, 1.0886, 1.2, 1.1647, 1.3123, 
0.8936, 1.5485, 1.6306, 278.5, 276.1, 310, 330.2, 380.3, 392.6, 
336.7, 365.2, 380.8, 408.1, 382.5, 299, 73, 77, 156, 1458, 313, 
489, 86, 182, 90, 478, 1511, 1191, 1111, 522, 76, 516, 71, 468, 
216, 83, 183, 100, 100, 100, 100, 100, 100, 100, 100, 100, 100, 
100, 2500, 2500, 2500, 2500, 2500, 2500, 2500, 2500, 2500, 2500, 
2500, 24130.447, 27554.721, 32716.495, 34065.601, 41267.9669999999, 
45174.556, 48875.762, 49399.41, 41984.105, 54472.236, 59654.5929999999, 
12.96224, 13.09786, 8.60127, 10.06675, 7.52828, 6.99346, 12.52085, 
9.24181, 14.21914, 10.87819, 8.5067, -12.36097, -12.00101, -8.73825, 
-9.999, -8.67973, -7.92947, -12.99309, -7.97429, -14.29249, -10.24424, 
-9.09437, 0, 0, 0, 0, 0, 0, 0, 0, 0, 0, 0, 0, 0, 0, 0, 0, 0, 
0, 0, 0, 0, 0, 0.99634, 0.99801, 0.99909, 0.99831, 0.99844, 0.9983, 
0.99772, 0.99893, 0.99858, 0.99846, 0.99909, 0.99635, 0.99635, 
0.99817, 0.99719, 0.99713, 0.99732, 0.99726, 0.99914, 0.99777, 
0.99865, 0.99854, 0.6458, 0.7259, 0.8684, 0.5858, 1.0844, 1.2076, 
1.1784, 1.3523, 1.355, 1.4363, 1.6256, 279.2, 279.8, 327.3, 324.8, 
375.9, 391.3, 335.8, 369.2, 340.1, 346.8, 394.3, 1205, 92, 108, 
701, 297, 359, 1199, 493, 373, 1409, 1891, 5, 54, 14, 7, 1, 4, 
2, 7, 1, 1, 1, 100, 100, 100, 100, 100, 100, 100, 100, 100, 100, 
100, 2500, 2500, 2500, 2500, 2500, 2500, 2500, 2500, 2500, 2500, 
2500, 74388.745, 93241.419, 99176.148, 110505.211, 125505.415, 
136121.255, 148943.234, 169347.249, 172241.077, 206063.123, 210742.788, 
1, 1, 1, 1, 1, 1, 1, 1, 1, 1, 1, 0.025, 0.025, 0.025, 0.025, 
0.025, 0.025, 0.025, 0.025, 0.025, 0.025, 0.025, 0, 0, 0, 0, 
0, 0, 0, 0, 0, 0, 0, 0, 0, 0, 0, 0, 0, 0, 0, 0, 0, 0, 0.98502, 
0.98604, 0.98722, 0.98933, 0.98773, 0.98856, 0.98995, 0.99054, 
0.99107, 0.99058, 0.99105, 0.98465, 0.98472, 0.98661, 0.98933, 
0.98826, 0.98758, 0.98949, 0.99033, 0.99148, 0.99135, 0.99123, 
1.4995, 1.7517, 1.9638, 2.162, 2.4447, 2.6984, 2.6779, 3.2468, 
3.4728, 2.3644, 2.5486, 846.2, 895, 942.3, 980.2, 1022.9, 1057.2, 
1095.3, 1135.9, 1169.2, 1206.9, 1237.5, 1, 1, 1, 1, 1, 1, 1, 
1, 1, 1, 1, 1, 1, 1, 1, 1, 1, 1, 1, 1, 1, 1, 1, 1, 1, 1, 1, 1, 
1, 1, 1, 1, 1, 1, 1, 1, 1, 1, 1, 1, 1, 1, 1, 1, 19.079, 22.726, 
24.916, 26.18, 29.282, 32.867, 32.619, 38.836, 41.249, 27.982, 
30.086), .Dim = c(11L, 40L), .Dimnames = list(NULL, c("Sampling", 
"PSO.cost", "PSO.gamma", "PSO.data.balancing", "PSO.feature.selection", 
"PSO.valid.acc", "PSO.test.acc", "PSO.train.time", "PSO.n.support.vectors", 
"PSO.index", "PSO.n.solutions", "PSO.generations", "PSO.n.evaluations", 
"PSO.cpu.time", "RS.cost", "RS.gamma", "RS.data.balancing", "RS.feature.selection", 
"RS.valid.acc", "RS.test.acc", "RS.train.time", "RS.n.support.vectors", 
"RS.index", "RS.n.solutions", "RS.generations", "RS.n.evaluations", 
"RS.cpu.time", "DF.cost", "DF.gamma", "DF.data.balancing", "DF.feature.selection", 
"DF.valid.acc", "DF.test.acc", "DF.train.time", "DF.n.support.vectors", 
"DF.index", "DF.n.solutions", "DF.generations", "DF.n.evaluations", 
"DF.cpu.time")))
