full <-
structure(c(50, 55, 60, 65, 70, 75, 80, 85, 90, 95, 100, 13.11921, 
8.27735, 12.32754, 14.01992, 12.18982, 9.16173, 6.62242, 8.33907, 
9.11905, 8.70519, 14.85462, -12.91474, -9.58811, -12.99258, -15, 
-13.35157, -9.87222, -7.55557, -9.45164, -8.06824, -7.74081, 
-15, 0, 0, 0, 0, 0, 0, 0, 0, 0, 0, 0, 0, 0, 0, 0, 0, 0, 0, 0, 
0, 0, 0, 0.99744, 0.99868, 0.99756, 0.99803, 0.9987, 0.99903, 
0.99886, 0.99914, 0.99939, 0.99885, 0.99909, 0.99707, 0.99601, 
0.99756, 0.99719, 0.99844, 0.99854, 0.99886, 0.99871, 0.99838, 
0.99808, 0.99817, 0.6261, 0.7872, 0.8598, 0.9737, 1.0557, 1.0919, 
1.3278, 1.3966, 1.3753, 1.6349, 1.6518, 279.8, 336, 314.2, 339.9, 
349.3, 351.1, 413.9, 390.4, 376.2, 393.7, 357.3, 1486, 1578, 
51, 28, 254, 67, 825, 305, 85, 145, 526, 14, 55, 503, 1690, 301, 
810, 204, 375, 1241, 863, 355, 100, 100, 100, 100, 100, 100, 
100, 100, 100, 100, 100, 2500, 2500, 2500, 2500, 2500, 2500, 
2500, 2500, 2500, 2500, 2500, 26497.42, 30822.367, 34805.15, 
34928.587, 39838.583, 41456.8269999999, 51100.7220000001, 49787.4950000001, 
49221.9129999999, 64619.2790000001, 63380.9339999999, 13.12603, 
8.56497, 11.72563, 14.97196, 12.30963, 8.75346, 6.63933, 8.7907, 
8.77813, 8.1685, 14.11506, -11.82789, -9.1405, -12.42601, -14.94875, 
-13.49501, -9.69997, -7.5671, -9.24439, -8.24603, -7.57668, -13.89192, 
0, 0, 0, 0, 0, 0, 0, 0, 0, 0, 0, 0, 0, 0, 0, 0, 0, 0, 0, 0, 0, 
0, 0.99707, 0.99834, 0.99756, 0.99803, 0.9987, 0.99903, 0.99886, 
0.99914, 0.99939, 0.99885, 0.99909, 0.99671, 0.99568, 0.99756, 
0.99747, 0.99817, 0.99903, 0.99886, 0.99871, 0.99838, 0.99827, 
0.99817, 0.6425, 0.7575, 0.8542, 0.9213, 1.0368, 1.1655, 1.3362, 
1.3807, 1.4576, 1.6186, 1.5837, 274.5, 318.5, 315.4, 308.2, 351.3, 
360.5, 413.3, 370.3, 375.6, 398.2, 346.6, 433, 23, 91, 48, 744, 
1316, 100, 852, 545, 899, 1199, 21, 30, 11, 7, 5, 2, 1, 3, 2, 
19, 1, 100, 100, 100, 100, 100, 100, 100, 100, 100, 100, 100, 
2500, 2500, 2500, 2500, 2500, 2500, 2500, 2500, 2500, 2500, 2500, 
77948.462, 90916.684, 108471.488, 137999.503, 144301.805, 165291.804, 
176075.415, 233381.247, 227442.778, 250709.62, 297696.197, 1, 
1, 1, 1, 1, 1, 1, 1, 1, 1, 1, 0.025, 0.025, 0.025, 0.025, 0.025, 
0.025, 0.025, 0.025, 0.025, 0.025, 0.025, 0, 0, 0, 0, 0, 0, 0, 
0, 0, 0, 0, 0, 0, 0, 0, 0, 0, 0, 0, 0, 0, 0, 0.98282, 0.98472, 
0.98478, 0.98512, 0.98591, 0.98831, 0.98973, 0.99076, 0.99066, 
0.98904, 0.99032, 0.98465, 0.98538, 0.98508, 0.98625, 0.98696, 
0.98758, 0.98927, 0.99033, 0.98985, 0.98885, 0.9905, 1.4434, 
1.6933, 1.9688, 2.1144, 2.3252, 2.7217, 3.0133, 3.1793, 3.6299, 
4.2056, 4.2836, 817.6, 865.3, 921.6, 962.7, 1003.5, 1049.1, 1089.8, 
1133.5, 1164.7, 1201.4, 1236.7, 1, 1, 1, 1, 1, 1, 1, 1, 1, 1, 
1, 1, 1, 1, 1, 1, 1, 1, 1, 1, 1, 1, 1, 1, 1, 1, 1, 1, 1, 1, 1, 
1, 1, 1, 1, 1, 1, 1, 1, 1, 1, 1, 1, 1, 18.698, 21.367, 24.375, 
26.093, 28.392, 32.593, 36.014, 39.234, 43.844, 50.55, 50.205
), .Dim = c(11L, 40L), .Dimnames = list(NULL, c("Sampling", "PSO.cost", 
"PSO.gamma", "PSO.data.balancing", "PSO.feature.selection", "PSO.valid.acc", 
"PSO.test.acc", "PSO.train.time", "PSO.n.support.vectors", "PSO.index", 
"PSO.n.solutions", "PSO.generations", "PSO.n.evaluations", "PSO.cpu.time", 
"RS.cost", "RS.gamma", "RS.data.balancing", "RS.feature.selection", 
"RS.valid.acc", "RS.test.acc", "RS.train.time", "RS.n.support.vectors", 
"RS.index", "RS.n.solutions", "RS.generations", "RS.n.evaluations", 
"RS.cpu.time", "DF.cost", "DF.gamma", "DF.data.balancing", "DF.feature.selection", 
"DF.valid.acc", "DF.test.acc", "DF.train.time", "DF.n.support.vectors", 
"DF.index", "DF.n.solutions", "DF.generations", "DF.n.evaluations", 
"DF.cpu.time")))
