full <-
structure(c(50, 55, 60, 65, 70, 75, 80, 85, 90, 95, 100, 14.77203, 
8.08567, 13.57818, 6.78217, 6.18107, 8.24177, 6.3835, 8.84205, 
8.84015, 4.0258, 7.90997, -14.3948, -8.52321, -13.25043, -7.68372, 
-7.68569, -8.52229, -5.45749, -8.60944, -8.56729, -4.5181, -7.58814, 
0, 0, 0, 0, 0, 0, 0, 0, 0, 0, 0, 0, 0, 0, 0, 0, 0, 0, 0, 0, 0, 
0, 0.99671, 0.99801, 0.99726, 0.99803, 0.99817, 0.99854, 0.99886, 
0.99806, 0.99858, 0.99846, 0.99872, 0.99597, 0.99734, 0.99635, 
0.99719, 0.99817, 0.99805, 0.99795, 0.99785, 0.99838, 0.99731, 
0.99872, 0.6651, 0.8128, 0.8671, 1.0882, 1.1918, 1.1605, 1.6368, 
1.2983, 1.4425, 2.4107, 1.7097, 276.4, 324, 303.1, 379.2, 411.9, 
354.1, 508.1, 362.7, 371, 662.1, 409.2, 79, 694, 138, 594, 476, 
566, 1961, 2491, 173, 144, 492, 1060, 66, 753, 91, 170, 85, 52, 
264, 249, 752, 175, 100, 100, 100, 100, 100, 100, 100, 100, 100, 
100, 100, 2500, 2500, 2500, 2500, 2500, 2500, 2500, 2500, 2500, 
2500, 2500, 26968.291, 33423.668, 32257.27, 46234.927, 48220.6020000001, 
45484.0850000001, 63138.865, 54760.246, 54257.1400000001, 81105.493, 
75544.2480000001, 14.59708, 8.48905, 13.32621, 6.93797, 6.32212, 
8.72868, 6.23593, 13.01574, 9.63329, 3.6199, 7.2861, -14.39188, 
-8.93695, -12.45214, -7.72127, -7.5998, -8.46193, -5.30093, -12.23298, 
-8.05029, -4.33309, -7.18353, 0, 0, 0, 0, 0, 0, 0, 0, 0, 0, 0, 
0, 0, 0, 0, 0, 0, 0, 0, 0, 0, 0, 0.99671, 0.99801, 0.99726, 0.99803, 
0.99791, 0.9983, 0.99863, 0.99806, 0.99858, 0.99846, 0.99872, 
0.9956, 0.99734, 0.99726, 0.99719, 0.99817, 0.99829, 0.99818, 
0.99807, 0.99858, 0.99731, 0.99872, 0.6374, 0.8146, 0.8147, 1.0412, 
1.1802, 1.1289, 1.6205, 1.2631, 1.4455, 2.5526, 1.7983, 278.1, 
317.8, 298.1, 375.9, 406.3, 347.3, 520.9, 322.4, 377.7, 696.5, 
430.2, 609, 2024, 22, 929, 788, 488, 1058, 40, 995, 286, 1652, 
32, 1, 36, 4, 31, 9, 5, 6, 3, 9, 3, 100, 100, 100, 100, 100, 
100, 100, 100, 100, 100, 100, 2500, 2500, 2500, 2500, 2500, 2500, 
2500, 2500, 2500, 2500, 2500, 78310.332, 99561.557, 110243.759, 
131588.485, 157064.621, 170016.601, 183117.446, 193146.649, 217083.905, 
229720.335, 263890.723, 1, 1, 1, 1, 1, 1, 1, 1, 1, 1, 1, 0.025, 
0.025, 0.025, 0.025, 0.025, 0.025, 0.025, 0.025, 0.025, 0.025, 
0.025, 0, 0, 0, 0, 0, 0, 0, 0, 0, 0, 0, 0, 0, 0, 0, 0, 0, 0, 
0, 0, 0, 0, 0.98354, 0.98737, 0.98812, 0.98932, 0.98799, 0.98831, 
0.98814, 0.99033, 0.98904, 0.99039, 0.99141, 0.98427, 0.98704, 
0.98661, 0.98848, 0.98851, 0.98879, 0.98882, 0.98947, 0.98945, 
0.9902, 0.99178, 1.5114, 1.7233, 2.0383, 2.2036, 2.399, 2.7746, 
2.9428, 3.3171, 3.5747, 3.8628, 4.2655, 833.3, 880.4, 920.4, 
966.1, 1010, 1054.2, 1104.5, 1141.3, 1177.3, 1212.8, 1238.1, 
1, 1, 1, 1, 1, 1, 1, 1, 1, 1, 1, 1, 1, 1, 1, 1, 1, 1, 1, 1, 1, 
1, 1, 1, 1, 1, 1, 1, 1, 1, 1, 1, 1, 1, 1, 1, 1, 1, 1, 1, 1, 1, 
1, 1, 19.538, 21.773, 25.622, 26.905, 29.391, 33.517, 35.232, 
39.179, 42.355, 45.262, 50.039), .Dim = c(11L, 40L), .Dimnames = list(
    NULL, c("Sampling", "PSO.cost", "PSO.gamma", "PSO.data.balancing", 
    "PSO.feature.selection", "PSO.valid.acc", "PSO.test.acc", 
    "PSO.train.time", "PSO.n.support.vectors", "PSO.index", "PSO.n.solutions", 
    "PSO.generations", "PSO.n.evaluations", "PSO.cpu.time", "RS.cost", 
    "RS.gamma", "RS.data.balancing", "RS.feature.selection", 
    "RS.valid.acc", "RS.test.acc", "RS.train.time", "RS.n.support.vectors", 
    "RS.index", "RS.n.solutions", "RS.generations", "RS.n.evaluations", 
    "RS.cpu.time", "DF.cost", "DF.gamma", "DF.data.balancing", 
    "DF.feature.selection", "DF.valid.acc", "DF.test.acc", "DF.train.time", 
    "DF.n.support.vectors", "DF.index", "DF.n.solutions", "DF.generations", 
    "DF.n.evaluations", "DF.cpu.time")))
