full <-
structure(c(50, 55, 60, 65, 70, 75, 80, 85, 90, 95, 100, 6.31413, 
6.38696, 8.49737, 4.96865, 8.62518, 10.529, 5.99603, 6.80434, 
8.10152, 8.66076, 7.97278, -6.58065, -7.08783, -7.45598, -6.34967, 
-8.545, -8.68503, -7.41972, -8.24986, -9.12019, -7.73529, -6.73223, 
0, 0, 0, 0, 0, 0, 0, 0, 0, 0, 0, 0, 0, 0, 0, 0, 0, 0, 0, 0, 0, 
0, 0.99817, 0.998, 0.99878, 0.99831, 0.99792, 0.99927, 0.9984, 
0.99936, 0.99878, 0.99942, 0.99909, 0.99634, 0.997, 0.99756, 
0.99831, 0.99687, 0.99854, 0.99795, 0.99828, 0.99818, 0.99942, 
0.9989, 0.7759, 0.8551, 0.8836, 1.1704, 1.0433, 1.1471, 1.3977, 
1.443, 1.4351, 1.5763, 1.7932, 360.6, 367.9, 349.8, 441.8, 346.9, 
338.4, 435.7, 424.6, 400.1, 393.9, 443.6, 726, 700, 269, 1755, 
693, 168, 145, 438, 166, 1926, 22, 198, 10, 843, 22, 118, 310, 
101, 731, 677, 8, 736, 100, 100, 100, 100, 100, 100, 100, 100, 
100, 100, 100, 2500, 2500, 2500, 2500, 2500, 2500, 2500, 2500, 
2500, 2500, 2500, 35666.336, 31071.344, 33624.362, 40723.076, 
42117.669, 44251.12, 56577.2340000001, 52875.453, 53873.4950000001, 
60430.0700000001, 61823.0559999999, 6.36197, 8.11782, 8.42556, 
6.77186, 12.19956, 9.94764, 6.00763, 7.40569, 8.36111, 10.04979, 
8.649, -6.49668, -7.89971, -7.50589, -7.44622, -12.4522, -7.91434, 
-7.4652, -8.30081, -9.35221, -9.77337, -8.04435, 0, 0, 0, 0, 
0, 0, 0, 0, 0, 0, 0, 0, 0, 0, 0, 0, 0, 0, 0, 0, 0, 0, 0.9978, 
0.99767, 0.99878, 0.99803, 0.99792, 0.99927, 0.9984, 0.99914, 
0.99878, 0.99923, 0.99909, 0.99634, 0.99701, 0.99756, 0.99747, 
0.99687, 0.99829, 0.99795, 0.99828, 0.99838, 0.99885, 0.9989, 
0.766, 0.7793, 0.8833, 1.005, 1.0526, 1.1899, 1.4198, 1.4153, 
1.4981, 1.5117, 1.6264, 363, 330.5, 348.4, 377.1, 322.6, 357.3, 
436.2, 397.8, 395.2, 358.5, 391.9, 631, 106, 1609, 179, 98, 296, 
1284, 371, 1126, 152, 597, 5, 7, 1, 12, 8, 6, 1, 13, 2, 22, 1, 
100, 100, 100, 100, 100, 100, 100, 100, 100, 100, 100, 2500, 
2500, 2500, 2500, 2500, 2500, 2500, 2500, 2500, 2500, 2500, 79715.092, 
100096.826, 110275.764, 135567.331, 148119.84, 163549.097, 180040.501, 
190585.725, 210786.321, 224101.711, 233896.207, 1, 1, 1, 1, 1, 
1, 1, 1, 1, 1, 1, 0.025, 0.025, 0.025, 0.025, 0.025, 0.025, 0.025, 
0.025, 0.025, 0.025, 0.025, 0, 0, 0, 0, 0, 0, 0, 0, 0, 0, 0, 
0, 0, 0, 0, 0, 0, 0, 0, 0, 0, 0, 0.98317, 0.98404, 0.98477, 0.98509, 
0.98644, 0.98709, 0.98859, 0.9897, 0.99087, 0.99116, 0.99141, 
0.98281, 0.98503, 0.98538, 0.98368, 0.9867, 0.98855, 0.98859, 
0.98905, 0.99128, 0.99096, 0.99178, 1.446, 1.7243, 1.9751, 2.2479, 
2.4426, 2.7927, 3.0078, 3.3038, 3.5338, 3.781, 4.13, 828.6, 878.1, 
927.1, 970.8, 1021.1, 1059.2, 1100.2, 1140.5, 1176.5, 1207.4, 
1235.7, 1, 1, 1, 1, 1, 1, 1, 1, 1, 1, 1, 1, 1, 1, 1, 1, 1, 1, 
1, 1, 1, 1, 1, 1, 1, 1, 1, 1, 1, 1, 1, 1, 1, 1, 1, 1, 1, 1, 1, 
1, 1, 1, 1, 1, 18.695, 21.955, 24.365, 27.431, 29.9, 33.358, 
35.984, 38.888, 41.735, 44.289, 48.286), .Dim = c(11L, 40L), .Dimnames = list(
    NULL, c("Sampling", "PSO.cost", "PSO.gamma", "PSO.data.balancing", 
    "PSO.feature.selection", "PSO.valid.acc", "PSO.test.acc", 
    "PSO.train.time", "PSO.n.support.vectors", "PSO.index", "PSO.n.solutions", 
    "PSO.generations", "PSO.n.evaluations", "PSO.cpu.time", "RS.cost", 
    "RS.gamma", "RS.data.balancing", "RS.feature.selection", 
    "RS.valid.acc", "RS.test.acc", "RS.train.time", "RS.n.support.vectors", 
    "RS.index", "RS.n.solutions", "RS.generations", "RS.n.evaluations", 
    "RS.cpu.time", "DF.cost", "DF.gamma", "DF.data.balancing", 
    "DF.feature.selection", "DF.valid.acc", "DF.test.acc", "DF.train.time", 
    "DF.n.support.vectors", "DF.index", "DF.n.solutions", "DF.generations", 
    "DF.n.evaluations", "DF.cpu.time")))
