full <-
structure(c(50, 55, 60, 65, 70, 75, 80, 85, 90, 95, 100, 5.31055, 
6.90756, 7.34963, 12.15537, 8.52919, 13.56269, 8.47362, 7.64007, 
5.51461, 6.5635, 8.57894, -6.08588, -6.83872, -7.40338, -12.68582, 
-9.03755, -14.68384, -7.56302, -7.34326, -5.60863, -6.71674, 
-7.60599, 0, 0, 0, 0, 0, 0, 0, 0, 0, 0, 0, 0, 0, 0, 0, 0, 0, 
0, 0, 0, 0, 0, 0.99782, 0.99833, 0.99817, 0.99804, 0.99844, 0.99829, 
0.9984, 0.99893, 0.99919, 0.99923, 0.99963, 0.99745, 0.99701, 
0.99787, 0.99776, 0.99739, 0.99757, 0.9984, 0.99807, 0.99878, 
0.99885, 0.99872, 0.8163, 0.8557, 0.9112, 0.9514, 1.0908, 1.2011, 
1.2884, 1.4389, 1.7954, 1.7747, 1.7043, 393.8, 373.4, 364.5, 
326, 354, 356.5, 385.7, 413.9, 525.3, 452.8, 409.8, 18, 324, 
355, 122, 67, 115, 267, 86, 304, 323, 45, 746, 259, 340, 765, 
500, 307, 787, 683, 410, 692, 853, 100, 100, 100, 100, 100, 100, 
100, 100, 100, 100, 100, 2500, 2500, 2500, 2500, 2500, 2500, 
2500, 2500, 2500, 2500, 2500, 30742.556, 34847.633, 34797.461, 
36063.404, 43730.23, 58276.55, 44679.7030000001, 53727.469, 62327.9199999999, 
60348.8530000001, 65759.4550000001, 5.72478, 6.90508, 7.41678, 
11.73605, 9.21155, 12.34881, 8.71119, 7.54883, 4.92785, 6.72411, 
8.27339, -6.40894, -6.82529, -7.38688, -12.22715, -9.47127, -13.70394, 
-8.51609, -7.37877, -5.00979, -7.05141, -7.40876, 0, 0, 0, 0, 
0, 0, 0, 0, 0, 0, 0, 0, 0, 0, 0, 0, 0, 0, 0, 0, 0, 0, 0.99782, 
0.99833, 0.99817, 0.99804, 0.99844, 0.99829, 0.9984, 0.99893, 
0.99898, 0.99923, 0.99963, 0.99781, 0.99701, 0.99787, 0.99776, 
0.99687, 0.99708, 0.99772, 0.99807, 0.99858, 0.99885, 0.99872, 
0.7893, 0.8783, 0.9238, 0.91, 1.0973, 1.2319, 1.2434, 1.4345, 
2.0471, 1.6784, 1.7101, 378.9, 373.6, 363.8, 325.5, 340, 372.3, 
366.6, 413.6, 582.7, 440, 416.4, 1217, 283, 1919, 1045, 26, 226, 
2, 191, 403, 2340, 82, 1, 1, 1, 2, 6, 16, 5, 3, 5, 2, 6, 100, 
100, 100, 100, 100, 100, 100, 100, 100, 100, 100, 2500, 2500, 
2500, 2500, 2500, 2500, 2500, 2500, 2500, 2500, 2500, 76553.939, 
93802.506, 108212.273, 124971.224, 185542.079, 192970.146, 162448.466, 
178922.83, 218268.534, 235306.982, 259424.545, 1, 1, 1, 1, 1, 
1, 1, 1, 1, 1, 1, 0.025, 0.025, 0.025, 0.025, 0.025, 0.025, 0.025, 
0.025, 0.025, 0.025, 0.025, 0, 0, 0, 0, 0, 0, 0, 0, 0, 0, 0, 
0, 0, 0, 0, 0, 0, 0, 0, 0, 0, 0, 0.98319, 0.98506, 0.98752, 0.98707, 
0.98827, 0.98952, 0.98995, 0.9899, 0.98965, 0.99096, 0.9916, 
0.98501, 0.98505, 0.9866, 0.98707, 0.98827, 0.98927, 0.98927, 
0.98882, 0.98924, 0.99019, 0.99141, 1.476, 1.7034, 1.9891, 2.1803, 
2.5307, 2.8755, 2.9636, 3.3074, 3.5553, 3.8229, 4.1223, 845.5, 
890.6, 940.3, 974.8, 1011.4, 1065.9, 1108, 1147.9, 1182.2, 1209.4, 
1238.1, 1, 1, 1, 1, 1, 1, 1, 1, 1, 1, 1, 1, 1, 1, 1, 1, 1, 1, 
1, 1, 1, 1, 1, 1, 1, 1, 1, 1, 1, 1, 1, 1, 1, 1, 1, 1, 1, 1, 1, 
1, 1, 1, 1, 1, 19.028, 21.527, 24.449, 27.998, 32.484, 36.014, 
35.208, 38.983, 42.74, 45.721, 49.284), .Dim = c(11L, 40L), .Dimnames = list(
    NULL, c("Sampling", "PSO.cost", "PSO.gamma", "PSO.data.balancing", 
    "PSO.feature.selection", "PSO.valid.acc", "PSO.test.acc", 
    "PSO.train.time", "PSO.n.support.vectors", "PSO.index", "PSO.n.solutions", 
    "PSO.generations", "PSO.n.evaluations", "PSO.cpu.time", "RS.cost", 
    "RS.gamma", "RS.data.balancing", "RS.feature.selection", 
    "RS.valid.acc", "RS.test.acc", "RS.train.time", "RS.n.support.vectors", 
    "RS.index", "RS.n.solutions", "RS.generations", "RS.n.evaluations", 
    "RS.cpu.time", "DF.cost", "DF.gamma", "DF.data.balancing", 
    "DF.feature.selection", "DF.valid.acc", "DF.test.acc", "DF.train.time", 
    "DF.n.support.vectors", "DF.index", "DF.n.solutions", "DF.generations", 
    "DF.n.evaluations", "DF.cpu.time")))
