full <-
structure(c(50, 55, 60, 65, 70, 75, 80, 85, 90, 95, 100, 7.6664, 
6.90735, 7.3537, 14.94541, 6.34835, 7.34689, 5.57648, 8.98563, 
4.11969, 5.09952, 8.77298, -7.40099, -6.98302, -8.03494, -12.89269, 
-7.05151, -8.18843, -6.63764, -8.91909, -5.10595, -7.0567, -7.92183, 
0, 0, 0, 0, 0, 0, 0, 0, 0, 0, 0, 0, 0, 0, 0, 0, 0, 0, 0, 0, 0, 
0, 0.99635, 0.99734, 0.99726, 0.99747, 0.99818, 0.9983, 0.99795, 
0.99871, 0.99838, 0.99885, 0.99872, 0.99525, 0.99701, 0.99574, 
0.99607, 0.99687, 0.99781, 0.99795, 0.99764, 0.99777, 0.99808, 
0.99818, 0.7075, 0.8214, 0.9236, 0.8763, 1.155, 1.2014, 1.4822, 
1.3947, 2.0862, 1.8259, 1.6708, 327.2, 362.4, 345.8, 280, 397.3, 
379.3, 458.9, 366.8, 593, 512, 394, 725, 1119, 2054, 646, 355, 
267, 589, 350, 1073, 1554, 400, 396, 36, 9, 298, 410, 361, 42, 
230, 244, 10, 327, 100, 100, 100, 100, 100, 100, 100, 100, 100, 
100, 100, 2500, 2500, 2500, 2500, 2500, 2500, 2500, 2500, 2500, 
2500, 2500, 29671.402, 31555.202, 42329.092, 37608.063, 47326.6240000001, 
49083.328, 61562.9029999999, 54554.9639999999, 70501.638, 63600.7280000001, 
61467.0359999998, 8.38421, 6.61167, 7.46102, 9.16927, 6.73655, 
7.06066, 6.21556, 9.06002, 4.13492, 3.7498, 7.38144, -8.60838, 
-6.9054, -8.11993, -8.5768, -7.24695, -7.99997, -7.04738, -8.87004, 
-5.21869, -5.24711, -6.75095, 0, 0, 0, 0, 0, 0, 0, 0, 0, 0, 0, 
0, 0, 0, 0, 0, 0, 0, 0, 0, 0, 0, 0.99635, 0.99668, 0.99696, 0.99775, 
0.99818, 0.9983, 0.99772, 0.99871, 0.99838, 0.99866, 0.99872, 
0.99525, 0.99701, 0.99574, 0.99663, 0.99661, 0.99805, 0.99795, 
0.99764, 0.99777, 0.99827, 0.99836, 0.6622, 0.8282, 0.9155, 0.9411, 
1.1331, 1.2258, 1.3929, 1.4049, 2.047, 2.2024, 1.8268, 307, 367.2, 
342.7, 323.1, 382.3, 387.4, 428.6, 364.1, 584.2, 605.2, 448.7, 
2472, 1080, 1329, 267, 95, 867, 236, 254, 896, 2183, 2164, 1, 
26, 1, 1, 1, 2, 3, 3, 3, 1, 1, 100, 100, 100, 100, 100, 100, 
100, 100, 100, 100, 100, 2500, 2500, 2500, 2500, 2500, 2500, 
2500, 2500, 2500, 2500, 2500, 77797.921, 91286.226, 135298.272, 
153992.332, 188620.256, 194644.146, 227135.895, 223010.635, 212305.48, 
236630.838, 265916.898, 1, 1, 1, 1, 1, 1, 1, 1, 1, 1, 1, 0.025, 
0.025, 0.025, 0.025, 0.025, 0.025, 0.025, 0.025, 0.025, 0.025, 
0.025, 0, 0, 0, 0, 0, 0, 0, 0, 0, 0, 0, 0, 0, 0, 0, 0, 0, 0, 
0, 0, 0, 0, 0.97955, 0.98305, 0.98569, 0.98792, 0.98746, 0.98832, 
0.98813, 0.9899, 0.99006, 0.98982, 0.9905, 0.97845, 0.98405, 
0.98721, 0.98764, 0.98746, 0.98905, 0.98858, 0.98947, 0.99067, 
0.98962, 0.99068, 1.4342, 1.6975, 1.9372, 2.1771, 2.4557, 2.6893, 
3.1534, 3.1549, 3.4056, 3.8392, 4.086, 833.8, 886.9, 937.6, 979.7, 
1017.4, 1055.9, 1101.4, 1144.2, 1168.6, 1209.5, 1242.1, 1, 1, 
1, 1, 1, 1, 1, 1, 1, 1, 1, 1, 1, 1, 1, 1, 1, 1, 1, 1, 1, 1, 1, 
1, 1, 1, 1, 1, 1, 1, 1, 1, 1, 1, 1, 1, 1, 1, 1, 1, 1, 1, 1, 1, 
18.539, 21.599, 25.382, 28.645, 31.177, 34.07, 39.445, 38.549, 
40.442, 45.324, 47.935), .Dim = c(11L, 40L), .Dimnames = list(
    NULL, c("Sampling", "PSO.cost", "PSO.gamma", "PSO.data.balancing", 
    "PSO.feature.selection", "PSO.valid.acc", "PSO.test.acc", 
    "PSO.train.time", "PSO.n.support.vectors", "PSO.index", "PSO.n.solutions", 
    "PSO.generations", "PSO.n.evaluations", "PSO.cpu.time", "RS.cost", 
    "RS.gamma", "RS.data.balancing", "RS.feature.selection", 
    "RS.valid.acc", "RS.test.acc", "RS.train.time", "RS.n.support.vectors", 
    "RS.index", "RS.n.solutions", "RS.generations", "RS.n.evaluations", 
    "RS.cpu.time", "DF.cost", "DF.gamma", "DF.data.balancing", 
    "DF.feature.selection", "DF.valid.acc", "DF.test.acc", "DF.train.time", 
    "DF.n.support.vectors", "DF.index", "DF.n.solutions", "DF.generations", 
    "DF.n.evaluations", "DF.cpu.time")))
