full <-
structure(c(50, 55, 60, 65, 70, 75, 80, 85, 90, 95, 100, 13.47934, 
8.76579, 11.0678, 8.82417, 7.80253, 7.90264, 7.90635, 6.33473, 
14.91439, 8.36699, 5.85778, -12.75698, -7.97413, -11.88452, -8.50442, 
-7.64296, -7.66714, -7.58474, -5.44712, -12.70995, -9.34017, 
-5.90266, 0, 0, 0, 0, 0, 0, 0, 0, 0, 0, 0, 0, 0, 0, 0, 0, 0, 
0, 0, 0, 0, 0, 0.99817, 0.99834, 0.99817, 0.99859, 0.9987, 0.99903, 
0.9984, 0.99871, 0.99899, 0.99923, 0.99817, 0.99817, 0.99768, 
0.99665, 0.99719, 0.99817, 0.9983, 0.9984, 0.99828, 0.99757, 
0.99846, 0.99835, 0.6229, 0.7738, 0.8287, 0.9249, 1.0857, 1.2148, 
1.3522, 1.7531, 1.3224, 1.5823, 2.041, 265.7, 318.7, 314, 330.2, 
356, 374, 383.7, 508.2, 318.4, 403.9, 513.8, 139, 45, 232, 101, 
227, 223, 388, 162, 203, 30, 144, 649, 1020, 395, 436, 780, 229, 
53, 424, 541, 618, 653, 100, 100, 100, 100, 100, 100, 100, 100, 
100, 100, 100, 2500, 2500, 2500, 2500, 2500, 2500, 2500, 2500, 
2500, 2500, 2500, 26563.84, 31844.841, 33281.008, 36735.953, 
42581.153, 50561.429, 54313.252, 74982.3489999999, 53896.973, 
60332.4409999999, 70859.4329999997, 13.4845, 8.11572, 10.99932, 
7.15001, 7.5201, 7.29491, 14.77266, 6.05154, 13.84879, 8.99462, 
12.55082, -13.13501, -7.06396, -11.63766, -7.19252, -7.51743, 
-6.48873, -14.13382, -5.3563, -12.91989, -9.78157, -12.68696, 
0, 0, 0, 0, 0, 0, 0, 0, 0, 0, 0, 0, 0, 0, 0, 0, 0, 0, 0, 0, 0, 
0, 0.99817, 0.99834, 0.99787, 0.99859, 0.9987, 0.99903, 0.99818, 
0.99871, 0.99899, 0.99923, 0.99817, 0.99817, 0.99668, 0.99665, 
0.99803, 0.99817, 0.9983, 0.99886, 0.99828, 0.99797, 0.99846, 
0.99817, 0.632, 0.8091, 0.8197, 1.0013, 1.096, 1.2967, 1.1999, 
1.7104, 1.3145, 1.5075, 1.606, 265.9, 340.4, 308.8, 359.5, 360.7, 
417.2, 317, 515.5, 323.9, 390.2, 355.2, 231, 79, 984, 268, 855, 
795, 4, 364, 286, 722, 1955, 20, 20, 3, 10, 6, 2, 53, 57, 8, 
2, 9, 100, 100, 100, 100, 100, 100, 100, 100, 100, 100, 100, 
2500, 2500, 2500, 2500, 2500, 2500, 2500, 2500, 2500, 2500, 2500, 
83364.318, 94321.971, 113314.496, 133745.847, 169673.997, 190391.09, 
203108.654, 216726.723, 222502.034, 240763.166, 270785.875, 1, 
1, 1, 1, 1, 1, 1, 1, 1, 1, 1, 0.025, 0.025, 0.025, 0.025, 0.025, 
0.025, 0.025, 0.025, 0.025, 0.025, 0.025, 0, 0, 0, 0, 0, 0, 0, 
0, 0, 0, 0, 0, 0, 0, 0, 0, 0, 0, 0, 0, 0, 0, 0.98721, 0.99036, 
0.98843, 0.98904, 0.99009, 0.99001, 0.99041, 0.99119, 0.99088, 
0.99096, 0.99105, 0.98757, 0.98903, 0.98935, 0.99016, 0.99035, 
0.99025, 0.99041, 0.99119, 0.99087, 0.99039, 0.99123, 1.4438, 
1.6364, 1.8989, 2.1516, 2.4155, 2.7124, 2.8781, 3.1278, 3.3541, 
3.8362, 4.1273, 829, 873, 919.2, 963.2, 1007.1, 1052.8, 1096, 
1126.3, 1163.2, 1200.4, 1238.5, 1, 1, 1, 1, 1, 1, 1, 1, 1, 1, 
1, 1, 1, 1, 1, 1, 1, 1, 1, 1, 1, 1, 1, 1, 1, 1, 1, 1, 1, 1, 1, 
1, 1, 1, 1, 1, 1, 1, 1, 1, 1, 1, 1, 1, 18.957, 21.126, 24.02, 
27.937, 30.805, 34.105, 35.441, 38.172, 40.604, 45.736, 48.936
), .Dim = c(11L, 40L), .Dimnames = list(NULL, c("Sampling", "PSO.cost", 
"PSO.gamma", "PSO.data.balancing", "PSO.feature.selection", "PSO.valid.acc", 
"PSO.test.acc", "PSO.train.time", "PSO.n.support.vectors", "PSO.index", 
"PSO.n.solutions", "PSO.generations", "PSO.n.evaluations", "PSO.cpu.time", 
"RS.cost", "RS.gamma", "RS.data.balancing", "RS.feature.selection", 
"RS.valid.acc", "RS.test.acc", "RS.train.time", "RS.n.support.vectors", 
"RS.index", "RS.n.solutions", "RS.generations", "RS.n.evaluations", 
"RS.cpu.time", "DF.cost", "DF.gamma", "DF.data.balancing", "DF.feature.selection", 
"DF.valid.acc", "DF.test.acc", "DF.train.time", "DF.n.support.vectors", 
"DF.index", "DF.n.solutions", "DF.generations", "DF.n.evaluations", 
"DF.cpu.time")))
