full <-
structure(c(50, 55, 60, 65, 70, 75, 80, 85, 90, 95, 100, 13.80317, 
6.3902, 8.03642, 9.85967, 13.77705, 11.54779, 7.85472, 7.00253, 
8.72205, 12.5206, 7.33478, -13.57326, -8.16562, -8.98677, -9.5464, 
-13.84259, -11.4224, -9.60929, -7.13233, -8.59117, -13.14765, 
-6.95305, 0, 0, 0, 0, 0, 0, 0, 0, 0, 0, 0, 0, 0, 0, 0, 0, 0, 
0, 0, 0, 0, 0, 0.99781, 0.99701, 0.99757, 0.9986, 0.99896, 0.99854, 
0.99818, 0.99914, 0.99858, 0.99866, 0.9989, 0.99744, 0.99568, 
0.99726, 0.99775, 0.99791, 0.99756, 0.99772, 0.9985, 0.99797, 
0.99846, 0.99781, 0.6379, 0.8748, 0.9204, 0.9113, 1.0329, 1.0953, 
1.3743, 1.4822, 1.4756, 1.5178, 1.8248, 278, 387.7, 350.4, 322.1, 
315.4, 327.2, 415.3, 424.2, 381.7, 364.6, 440.4, 409, 655, 353, 
83, 119, 131, 307, 651, 316, 116, 1870, 141, 280, 141, 796, 305, 
142, 246, 649, 216, 167, 49, 100, 100, 100, 100, 100, 100, 100, 
100, 100, 100, 100, 2500, 2500, 2500, 2500, 2500, 2500, 2500, 
2500, 2500, 2500, 2500, 25590.079, 32792.26, 36456.152, 34450.252, 
38997.998, 48364.047, 59219.2459999999, 54519.112, 52740.1710000001, 
61343.79, 89470.0630000001, 14.2254, 7.62068, 7.34398, 9.92023, 
14.16058, 12.6178, 7.70763, 6.84948, 7.38809, 8.77409, 7.0897, 
-13.81463, -8.05335, -8.39984, -9.3524, -14.10582, -12.31611, 
-9.39091, -6.78463, -7.38159, -8.84628, -7.18927, 0, 0, 0, 0, 
0, 0, 0, 0, 0, 0, 0, 0, 0, 0, 0, 0, 0, 0, 0, 0, 0, 0, 0.99744, 
0.99668, 0.99757, 0.9986, 0.99896, 0.9983, 0.99818, 0.99893, 
0.99858, 0.99866, 0.99872, 0.99744, 0.99568, 0.99726, 0.99747, 
0.99817, 0.99732, 0.99818, 0.99871, 0.99757, 0.99827, 0.99817, 
0.6439, 0.8222, 0.9613, 0.9808, 1.0435, 1.0896, 1.3532, 1.5306, 
1.566, 1.5593, 1.8359, 274.1, 346.6, 365.9, 322.9, 314.1, 319.2, 
414.7, 439.5, 418.5, 382.6, 437.6, 1097, 23, 1319, 213, 321, 
41, 2102, 2173, 1898, 97, 102, 8, 5, 2, 11, 1, 29, 1, 1, 1, 8, 
3, 100, 100, 100, 100, 100, 100, 100, 100, 100, 100, 100, 2500, 
2500, 2500, 2500, 2500, 2500, 2500, 2500, 2500, 2500, 2500, 76688.689, 
99758.021, 109908.688, 135951.977, 145499.545, 162292.013, 177020.429, 
195335.068, 216713.507, 226577.679, 270785.848, 1, 1, 1, 1, 1, 
1, 1, 1, 1, 1, 1, 0.025, 0.025, 0.025, 0.025, 0.025, 0.025, 0.025, 
0.025, 0.025, 0.025, 0.025, 0, 0, 0, 0, 0, 0, 0, 0, 0, 0, 0, 
0, 0, 0, 0, 0, 0, 0, 0, 0, 0, 0, 0.98173, 0.98438, 0.98388, 0.98652, 
0.98721, 0.98807, 0.98928, 0.99076, 0.98986, 0.99001, 0.99105, 
0.98247, 0.98305, 0.98448, 0.9868, 0.98696, 0.98831, 0.99019, 
0.99033, 0.98986, 0.98943, 0.99141, 1.4732, 1.7712, 1.8977, 2.3074, 
2.3821, 2.6731, 2.9391, 3.2944, 3.5303, 3.7095, 4.1318, 841.4, 
888, 938.7, 985.7, 1017.1, 1063.5, 1100.5, 1140.6, 1174.3, 1201.4, 
1241.4, 1, 1, 1, 1, 1, 1, 1, 1, 1, 1, 1, 1, 1, 1, 1, 1, 1, 1, 
1, 1, 1, 1, 1, 1, 1, 1, 1, 1, 1, 1, 1, 1, 1, 1, 1, 1, 1, 1, 1, 
1, 1, 1, 1, 1, 18.92, 22.062, 23.444, 29.005, 29.804, 32.774, 
35.838, 39.71, 42.338, 44.298, 49.168), .Dim = c(11L, 40L), .Dimnames = list(
    NULL, c("Sampling", "PSO.cost", "PSO.gamma", "PSO.data.balancing", 
    "PSO.feature.selection", "PSO.valid.acc", "PSO.test.acc", 
    "PSO.train.time", "PSO.n.support.vectors", "PSO.index", "PSO.n.solutions", 
    "PSO.generations", "PSO.n.evaluations", "PSO.cpu.time", "RS.cost", 
    "RS.gamma", "RS.data.balancing", "RS.feature.selection", 
    "RS.valid.acc", "RS.test.acc", "RS.train.time", "RS.n.support.vectors", 
    "RS.index", "RS.n.solutions", "RS.generations", "RS.n.evaluations", 
    "RS.cpu.time", "DF.cost", "DF.gamma", "DF.data.balancing", 
    "DF.feature.selection", "DF.valid.acc", "DF.test.acc", "DF.train.time", 
    "DF.n.support.vectors", "DF.index", "DF.n.solutions", "DF.generations", 
    "DF.n.evaluations", "DF.cpu.time")))
