full <-
structure(c(50, 55, 60, 65, 70, 75, 80, 85, 90, 95, 100, 9.68613, 
13.72606, 9.63182, 6.47282, 6.30896, 8.87739, 8.81477, 8.13562, 
6.00067, 13.01833, 8.50777, -8.78217, -12.72086, -10.25938, -7.30914, 
-6.97458, -8.74444, -8.49028, -9.21659, -7.68153, -12.26037, 
-7.38087, 0, 0, 0, 0, 0, 0, 0, 0, 0, 0, 0, 0, 0, 0, 0, 0, 0, 
0, 0, 0, 0, 0, 0.99671, 0.99867, 0.99756, 0.9986, 0.9987, 0.99878, 
0.99909, 0.99893, 0.99878, 0.99923, 0.9989, 0.9967, 0.99667, 
0.99695, 0.99719, 0.99791, 0.99878, 0.99703, 0.99871, 0.99797, 
0.99885, 0.99799, 0.6595, 0.7747, 0.8943, 1.042, 1.1479, 1.1359, 
1.2211, 1.3725, 1.6263, 1.4541, 1.7295, 298.2, 279.7, 314.5, 
378.6, 396, 345.5, 357.8, 387.3, 460.1, 333.2, 410.3, 253, 294, 
258, 415, 1084, 133, 948, 360, 562, 81, 399, 927, 1008, 181, 
466, 91, 710, 69, 105, 551, 445, 370, 100, 100, 100, 100, 100, 
100, 100, 100, 100, 100, 100, 2500, 2500, 2500, 2500, 2500, 2500, 
2500, 2500, 2500, 2500, 2500, 26882.271, 32063.913, 42212.435, 
41970.56, 51168.5480000001, 47007.52, 47301.6159999999, 52486.8259999999, 
55880.683, 51571.912, 61493.6970000002, 9.32172, 12.85351, 9.36388, 
5.1597, 6.23388, 8.33525, 6.9875, 7.40995, 5.91897, 14.18089, 
7.78131, -8.84395, -12.0803, -10.08049, -6.96275, -6.93935, -8.55288, 
-8.07072, -9.04933, -7.62397, -13.56238, -7.30899, 0, 0, 0, 0, 
0, 0, 0, 0, 0, 0, 0, 0, 0, 0, 0, 0, 0, 0, 0, 0, 0, 0, 0.99671, 
0.99867, 0.99756, 0.99832, 0.9987, 0.99878, 0.99886, 0.99871, 
0.99878, 0.99923, 0.99872, 0.9967, 0.99733, 0.99695, 0.99803, 
0.99791, 0.99854, 0.99772, 0.99871, 0.99797, 0.99885, 0.99854, 
0.6541, 0.7657, 0.858, 1.1209, 1.1533, 1.1943, 1.3182, 1.4375, 
1.6397, 1.407, 1.7697, 298.2, 282.5, 316.5, 420.9, 398.8, 355.4, 
397.3, 416.1, 462.7, 331.3, 418.6, 41, 12, 1209, 280, 348, 572, 
1676, 1394, 390, 112, 1073, 3, 5, 10, 6, 1, 4, 11, 23, 13, 12, 
4, 100, 100, 100, 100, 100, 100, 100, 100, 100, 100, 100, 2500, 
2500, 2500, 2500, 2500, 2500, 2500, 2500, 2500, 2500, 2500, 75813.084, 
116560.719, 126665.702, 135778.133, 170950.57, 192135.604, 162806.766, 
181647.494, 207777.696, 231770.451, 266901.27, 1, 1, 1, 1, 1, 
1, 1, 1, 1, 1, 1, 0.025, 0.025, 0.025, 0.025, 0.025, 0.025, 0.025, 
0.025, 0.025, 0.025, 0.025, 0, 0, 0, 0, 0, 0, 0, 0, 0, 0, 0, 
0, 0, 0, 0, 0, 0, 0, 0, 0, 0, 0, 0.985, 0.9874, 0.98842, 0.98735, 
0.98905, 0.98904, 0.99019, 0.99055, 0.99128, 0.99154, 0.99214, 
0.98647, 0.98673, 0.98873, 0.98707, 0.98853, 0.9888, 0.99019, 
0.99097, 0.99168, 0.99154, 0.99159, 1.4546, 1.7424, 1.983, 2.1223, 
2.483, 2.7324, 2.9651, 3.1925, 3.5494, 3.7834, 4.1378, 820.1, 
867.4, 911.1, 957.9, 999.4, 1052.4, 1098.9, 1130.7, 1168.8, 1203.7, 
1239.9, 1, 1, 1, 1, 1, 1, 1, 1, 1, 1, 1, 1, 1, 1, 1, 1, 1, 1, 
1, 1, 1, 1, 1, 1, 1, 1, 1, 1, 1, 1, 1, 1, 1, 1, 1, 1, 1, 1, 1, 
1, 1, 1, 1, 1, 18.836, 23.058, 25.585, 27.59, 31.501, 32.788, 
35.211, 37.456, 41.877, 44.968, 49.591), .Dim = c(11L, 40L), .Dimnames = list(
    NULL, c("Sampling", "PSO.cost", "PSO.gamma", "PSO.data.balancing", 
    "PSO.feature.selection", "PSO.valid.acc", "PSO.test.acc", 
    "PSO.train.time", "PSO.n.support.vectors", "PSO.index", "PSO.n.solutions", 
    "PSO.generations", "PSO.n.evaluations", "PSO.cpu.time", "RS.cost", 
    "RS.gamma", "RS.data.balancing", "RS.feature.selection", 
    "RS.valid.acc", "RS.test.acc", "RS.train.time", "RS.n.support.vectors", 
    "RS.index", "RS.n.solutions", "RS.generations", "RS.n.evaluations", 
    "RS.cpu.time", "DF.cost", "DF.gamma", "DF.data.balancing", 
    "DF.feature.selection", "DF.valid.acc", "DF.test.acc", "DF.train.time", 
    "DF.n.support.vectors", "DF.index", "DF.n.solutions", "DF.generations", 
    "DF.n.evaluations", "DF.cpu.time")))
