full <-
structure(c(50, 55, 60, 65, 70, 75, 80, 85, 90, 95, 100, 7.17928, 
6.56934, 13.70956, 6.96202, 11.36113, 14.83997, 7.44275, 6.92583, 
8.78293, 6.4927, 6.30688, -8.88678, -7.30779, -11.46472, -7.0027, 
-11.59513, -14.64768, -7.57119, -7.3068, -7.19127, -5.81019, 
-5.7682, 0, 0, 0, 0, 0, 0, 0, 0, 0, 0, 0, 0, 0, 0, 0, 0, 0, 0, 
0, 0, 0, 0, 0.99671, 0.99735, 0.99756, 0.99859, 0.99791, 0.99854, 
0.9984, 0.99893, 0.99939, 0.99904, 0.99927, 0.99524, 0.99668, 
0.99635, 0.99831, 0.99739, 0.99781, 0.9984, 0.99828, 0.99817, 
0.99827, 0.99817, 0.6911, 0.7819, 0.7646, 0.9612, 0.9624, 1.009, 
1.2448, 1.3288, 1.4634, 1.7821, 1.8862, 350.6, 363.7, 285.6, 
383.1, 318.3, 313, 391.2, 412.8, 415, 512.1, 521.6, 245, 425, 
921, 533, 351, 535, 146, 674, 496, 110, 468, 184, 47, 299, 355, 
55, 241, 357, 128, 392, 915, 33, 100, 100, 100, 100, 100, 100, 
100, 100, 100, 100, 100, 2500, 2500, 2500, 2500, 2500, 2500, 
2500, 2500, 2500, 2500, 2500, 31478.133, 39494.757, 31706.551, 
39571.926, 47471.6179999999, 44931.5730000001, 47120.7860000001, 
47246.3289999999, 51299.9759999998, 60738.7920000001, 67095.2409999999, 
6.79104, 5.01079, 5.67857, 5.62524, 11.05421, 14.50774, 7.46113, 
7.08637, 8.18212, 6.23237, 5.50371, -8.58839, -6.31808, -5.36814, 
-6.61408, -11.29634, -14.33124, -7.53896, -7.07742, -7.08301, 
-6.08858, -5.57866, 0, 0, 0, 0, 0, 0, 0, 0, 0, 0, 0, 0, 0, 0, 
0, 0, 0, 0, 0, 0, 0, 0, 0.99671, 0.99735, 0.99756, 0.99831, 0.99791, 
0.99854, 0.9984, 0.99893, 0.99919, 0.99904, 0.99909, 0.99525, 
0.99668, 0.99664, 0.99775, 0.99713, 0.9983, 0.9984, 0.99871, 
0.99837, 0.99827, 0.9978, 0.6962, 0.88, 1.0392, 1.0678, 0.9613, 
1.0485, 1.2473, 1.3677, 1.4607, 1.7145, 1.9875, 359, 422.3, 459.3, 
422, 319.9, 313.8, 391.6, 412.9, 418.8, 489.8, 542.5, 1253, 916, 
164, 585, 697, 213, 1518, 585, 1413, 1304, 1404, 12, 1, 3, 6, 
2, 1, 23, 1, 5, 5, 4, 100, 100, 100, 100, 100, 100, 100, 100, 
100, 100, 100, 2500, 2500, 2500, 2500, 2500, 2500, 2500, 2500, 
2500, 2500, 2500, 76540.28, 94139.497, 108500.517, 120740.249, 
131155.553, 148229.121, 165954.992, 177917.207, 189553.756, 195422.64, 
229891.063, 1, 1, 1, 1, 1, 1, 1, 1, 1, 1, 1, 0.025, 0.025, 0.025, 
0.025, 0.025, 0.025, 0.025, 0.025, 0.025, 0.025, 0.025, 0, 0, 
0, 0, 0, 0, 0, 0, 0, 0, 0, 0, 0, 0, 0, 0, 0, 0, 0, 0, 0, 0, 0.98138, 
0.98406, 0.98569, 0.98735, 0.9893, 0.98782, 0.98903, 0.99012, 
0.99026, 0.99039, 0.99141, 0.98211, 0.98472, 0.98599, 0.98792, 
0.98669, 0.98806, 0.99017, 0.98969, 0.99066, 0.99078, 0.99214, 
1.4092, 1.6346, 1.9357, 2.1381, 2.2876, 2.6137, 2.9393, 3.0481, 
3.3294, 3.6623, 3.8961, 849.4, 897.5, 953.2, 994.1, 1028, 1070.6, 
1115.9, 1152.5, 1181.5, 1214.1, 1237.2, 1, 1, 1, 1, 1, 1, 1, 
1, 1, 1, 1, 1, 1, 1, 1, 1, 1, 1, 1, 1, 1, 1, 1, 1, 1, 1, 1, 1, 
1, 1, 1, 1, 1, 1, 1, 1, 1, 1, 1, 1, 1, 1, 1, 1, 18.276, 20.857, 
24.268, 26.118, 27.702, 31.331, 34.986, 36.343, 39.167, 42.839, 
45.501), .Dim = c(11L, 40L), .Dimnames = list(NULL, c("Sampling", 
"PSO.cost", "PSO.gamma", "PSO.data.balancing", "PSO.feature.selection", 
"PSO.valid.acc", "PSO.test.acc", "PSO.train.time", "PSO.n.support.vectors", 
"PSO.index", "PSO.n.solutions", "PSO.generations", "PSO.n.evaluations", 
"PSO.cpu.time", "RS.cost", "RS.gamma", "RS.data.balancing", "RS.feature.selection", 
"RS.valid.acc", "RS.test.acc", "RS.train.time", "RS.n.support.vectors", 
"RS.index", "RS.n.solutions", "RS.generations", "RS.n.evaluations", 
"RS.cpu.time", "DF.cost", "DF.gamma", "DF.data.balancing", "DF.feature.selection", 
"DF.valid.acc", "DF.test.acc", "DF.train.time", "DF.n.support.vectors", 
"DF.index", "DF.n.solutions", "DF.generations", "DF.n.evaluations", 
"DF.cpu.time")))
