full <-
structure(c(50, 55, 60, 65, 70, 75, 80, 85, 90, 95, 100, 15, 
6.39359, 8.84009, 6.3084, 7.06978, 9.40194, 8.24679, 11.03871, 
4.23672, 5.24452, 7.38025, -15, -7.09038, -8.60699, -8.15675, 
-7.33556, -10.2642, -7.85639, -11.21165, -4.66723, -5.84784, 
-7.10279, 0, 0, 0, 0, 0, 0, 0, 0, 0, 0, 0, 0, 0, 0, 0, 0, 0, 
0, 0, 0, 0, 0, 0.99818, 0.99834, 0.99787, 0.99887, 0.99921, 0.99878, 
0.99886, 0.99807, 0.99878, 0.99885, 0.99927, 0.99708, 0.99701, 
0.99817, 0.99887, 0.99843, 0.99854, 0.99886, 0.99785, 0.99838, 
0.99846, 0.99854, 0.6462, 0.8717, 0.8566, 1.1192, 1.1461, 1.1884, 
1.2621, 1.3261, 2.1087, 1.9349, 1.7804, 276.1, 357, 323.9, 398.7, 
373.7, 352.5, 370.7, 347.5, 629.7, 524.1, 434, 53, 68, 39, 107, 
203, 536, 175, 139, 277, 481, 407, 1269, 851, 672, 506, 415, 
308, 936, 61, 430, 149, 257, 100, 100, 100, 100, 100, 100, 100, 
100, 100, 100, 100, 2500, 2500, 2500, 2500, 2500, 2500, 2500, 
2500, 2500, 2500, 2500, 26947.981, 36092.939, 36288.105, 49745.146, 
44771.96, 59149.6900000001, 47920.3460000001, 64282.2390000001, 
75240.027, 66909.419, 68340.787, 8.24611, 7.09693, 7.64509, 5.95126, 
6.43369, 9.03119, 7.999, 11.53646, 3.97239, 6.01357, 5.41315, 
-6.95832, -7.82473, -7.21611, -7.87484, -7.03486, -10.11017, 
-7.87288, -10.55617, -4.5914, -6.73869, -5.96792, 0, 0, 0, 0, 
0, 0, 0, 0, 0, 0, 0, 0, 0, 0, 0, 0, 0, 0, 0, 0, 0, 0, 0.99854, 
0.99834, 0.99787, 0.99887, 0.99921, 0.99878, 0.99886, 0.99807, 
0.99878, 0.99866, 0.99909, 0.99781, 0.99734, 0.99757, 0.99887, 
0.99843, 0.99829, 0.99863, 0.99742, 0.99817, 0.99846, 0.99817, 
0.7312, 0.8045, 0.9303, 1.111, 1.1614, 1.1792, 1.2755, 1.2683, 
2.1564, 1.7634, 1.9742, 332.1, 342.2, 353.8, 408.9, 391.8, 360.8, 
371.7, 329.3, 642.2, 466.5, 523.4, 741, 1699, 100, 1513, 229, 
192, 58, 677, 1266, 996, 567, 3, 4, 8, 4, 1, 25, 6, 7, 3, 1, 
12, 100, 100, 100, 100, 100, 100, 100, 100, 100, 100, 100, 2500, 
2500, 2500, 2500, 2500, 2500, 2500, 2500, 2500, 2500, 2500, 79392.139, 
107872.794, 138962.122, 146385.137, 172264.695, 192745.72, 179351.693, 
195034.773, 214389.146, 243787.485, 267135.993, 1, 1, 1, 1, 1, 
1, 1, 1, 1, 1, 1, 0.025, 0.025, 0.025, 0.025, 0.025, 0.025, 0.025, 
0.025, 0.025, 0.025, 0.025, 0, 0, 0, 0, 0, 0, 0, 0, 0, 0, 0, 
0, 0, 0, 0, 0, 0, 0, 0, 0, 0, 0, 0.98282, 0.98541, 0.98326, 0.98736, 
0.98461, 0.98855, 0.98859, 0.98883, 0.98945, 0.99096, 0.99178, 
0.98245, 0.98441, 0.98386, 0.9882, 0.98618, 0.99001, 0.98721, 
0.98969, 0.98945, 0.99154, 0.99214, 1.4762, 1.6738, 1.9864, 2.244, 
2.4908, 2.6535, 2.9883, 3.2153, 3.54, 3.793, 4.1695, 844.2, 890.3, 
938, 981.4, 1013.9, 1053.2, 1094.1, 1133.3, 1167.2, 1206.1, 1238.4, 
1, 1, 1, 1, 1, 1, 1, 1, 1, 1, 1, 1, 1, 1, 1, 1, 1, 1, 1, 1, 1, 
1, 1, 1, 1, 1, 1, 1, 1, 1, 1, 1, 1, 1, 1, 1, 1, 1, 1, 1, 1, 1, 
1, 1, 18.941, 22.136, 26.117, 28.96, 31.296, 33.052, 35.652, 
38.072, 41.688, 44.629, 48.734), .Dim = c(11L, 40L), .Dimnames = list(
    NULL, c("Sampling", "PSO.cost", "PSO.gamma", "PSO.data.balancing", 
    "PSO.feature.selection", "PSO.valid.acc", "PSO.test.acc", 
    "PSO.train.time", "PSO.n.support.vectors", "PSO.index", "PSO.n.solutions", 
    "PSO.generations", "PSO.n.evaluations", "PSO.cpu.time", "RS.cost", 
    "RS.gamma", "RS.data.balancing", "RS.feature.selection", 
    "RS.valid.acc", "RS.test.acc", "RS.train.time", "RS.n.support.vectors", 
    "RS.index", "RS.n.solutions", "RS.generations", "RS.n.evaluations", 
    "RS.cpu.time", "DF.cost", "DF.gamma", "DF.data.balancing", 
    "DF.feature.selection", "DF.valid.acc", "DF.test.acc", "DF.train.time", 
    "DF.n.support.vectors", "DF.index", "DF.n.solutions", "DF.generations", 
    "DF.n.evaluations", "DF.cpu.time")))
