full <-
structure(c(50, 55, 60, 65, 70, 75, 80, 85, 90, 95, 100, 14.67146, 
12.85524, 9.83087, 13.7366, 14.78481, 7.80663, 6.70603, 7.43238, 
14.14333, 7.5663, 5.97577, -9.18985, -9.25942, -9.58866, -12.84637, 
-15, -8.64268, -8.04763, -7.65845, -15, -7.10165, -6.48506, 0, 
0, 0, 0, 0, 0, 0, 0, 0, 0, 0, 0, 0, 0, 0, 0, 0, 0, 0, 0, 0, 0, 
0.99854, 0.99768, 0.99878, 0.99831, 0.99791, 0.99829, 0.9984, 
0.99893, 0.99837, 0.99904, 0.99909, 0.99598, 0.99834, 0.99787, 
0.99747, 0.99713, 0.99732, 0.99794, 0.9985, 0.99837, 0.9975, 
0.99927, 0.4237, 0.7701, 0.8268, 0.8691, 0.9976, 1.1537, 1.2965, 
1.3779, 1.4161, 1.6393, 1.9005, 297.2, 310.2, 315.2, 291, 314.7, 
372.2, 413, 400.5, 370.7, 423.9, 486.9, 99, 42, 127, 120, 70, 
315, 2226, 26, 662, 1462, 238, 1129, 1397, 438, 714, 578, 786, 
9, 545, 554, 143, 272, 100, 100, 100, 100, 100, 100, 100, 100, 
100, 100, 100, 2500, 2500, 2500, 2500, 2500, 2500, 2500, 2500, 
2500, 2500, 2500, 22929.564, 28903.416, 33604.137, 31258.147, 
35260.999, 41473.2960000001, 43076.875, 46208.2120000001, 57130.524, 
57172.1539999999, 65405.3459999999, 8.03761, 11.54845, 11.87331, 
13.24211, 14.35734, 8.0259, 11.68373, 7.26167, 13.96012, 7.42874, 
5.73783, -7.92027, -8.99292, -11.26724, -12.32765, -14.68761, 
-8.35994, -11.62533, -7.54219, -14.84769, -7.10441, -6.40137, 
0, 0, 0, 0, 0, 0, 0, 0, 0, 0, 0, 0, 0, 0, 0, 0, 0, 0, 0, 0, 0, 
0, 0.99854, 0.99768, 0.99878, 0.99831, 0.99791, 0.99829, 0.99817, 
0.99893, 0.99837, 0.99885, 0.99909, 0.99634, 0.99834, 0.99817, 
0.99747, 0.99687, 0.99732, 0.99726, 0.9985, 0.99837, 0.9977, 
0.99908, 0.7042, 0.7725, 0.8056, 0.8694, 0.6467, 1.1269, 1.1678, 
1.3956, 1.4368, 1.4564, 1.2029, 325.2, 313.7, 300.3, 292.9, 317.3, 
364.3, 328.3, 405.9, 372.2, 426.5, 498.2, 1488, 121, 396, 79, 
32, 650, 2271, 1054, 1260, 1847, 657, 12, 43, 8, 14, 3, 4, 18, 
2, 1, 3, 11, 100, 100, 100, 100, 100, 100, 100, 100, 100, 100, 
100, 2500, 2500, 2500, 2500, 2500, 2500, 2500, 2500, 2500, 2500, 
2500, 73743.995, 82229.795, 93356.737, 112469.147, 123470.758, 
141547.958, 150556.429, 162681.451, 157525.27, 190744.837, 219375.595, 
1, 1, 1, 1, 1, 1, 1, 1, 1, 1, 1, 0.025, 0.025, 0.025, 0.025, 
0.025, 0.025, 0.025, 0.025, 0.025, 0.025, 0.025, 0, 0, 0, 0, 
0, 0, 0, 0, 0, 0, 0, 0, 0, 0, 0, 0, 0, 0, 0, 0, 0, 0, 0.98063, 
0.98373, 0.98571, 0.9865, 0.98642, 0.98733, 0.98926, 0.98969, 
0.98924, 0.99096, 0.99141, 0.98245, 0.98572, 0.9851, 0.98734, 
0.98798, 0.98831, 0.9888, 0.9899, 0.98985, 0.99019, 0.99178, 
1.4583, 1.0998, 1.904, 2.1685, 2.4067, 2.6897, 2.8838, 3.1606, 
3.4519, 3.8227, 4.0311, 836.1, 880.2, 923.8, 974.5, 1014, 1057.1, 
1091.2, 1137, 1165.2, 1207.3, 1236.9, 1, 1, 1, 1, 1, 1, 1, 1, 
1, 1, 1, 1, 1, 1, 1, 1, 1, 1, 1, 1, 1, 1, 1, 1, 1, 1, 1, 1, 1, 
1, 1, 1, 1, 1, 1, 1, 1, 1, 1, 1, 1, 1, 1, 1, 18.616, 14.88, 23.992, 
26.319, 28.796, 31.905, 34.721, 37.096, 40.368, 45.327, 47.574
), .Dim = c(11L, 40L), .Dimnames = list(NULL, c("Sampling", "PSO.cost", 
"PSO.gamma", "PSO.data.balancing", "PSO.feature.selection", "PSO.valid.acc", 
"PSO.test.acc", "PSO.train.time", "PSO.n.support.vectors", "PSO.index", 
"PSO.n.solutions", "PSO.generations", "PSO.n.evaluations", "PSO.cpu.time", 
"RS.cost", "RS.gamma", "RS.data.balancing", "RS.feature.selection", 
"RS.valid.acc", "RS.test.acc", "RS.train.time", "RS.n.support.vectors", 
"RS.index", "RS.n.solutions", "RS.generations", "RS.n.evaluations", 
"RS.cpu.time", "DF.cost", "DF.gamma", "DF.data.balancing", "DF.feature.selection", 
"DF.valid.acc", "DF.test.acc", "DF.train.time", "DF.n.support.vectors", 
"DF.index", "DF.n.solutions", "DF.generations", "DF.n.evaluations", 
"DF.cpu.time")))
