full <-
structure(c(50, 55, 60, 65, 70, 75, 80, 85, 90, 95, 100, 11.10121, 
15, 11.30524, 6.98646, 12.09691, 7.03044, 10.8783, 5.79847, 6.80101, 
7.5472, 8.26803, -11.19446, -15, -12.16481, -8.14811, -12.4089, 
-7.35274, -11.44529, -6.34359, -7.59486, -6.99178, -7.55125, 
0, 0, 0, 0, 0, 0, 0, 0, 0, 0, 0, 0, 0, 0, 0, 0, 0, 0, 0, 0, 0, 
0, 0.99818, 0.99801, 0.99756, 0.9986, 0.99844, 0.99878, 0.9984, 
0.99893, 0.99919, 0.99904, 0.99854, 0.99781, 0.99734, 0.99756, 
0.99719, 0.99818, 0.99756, 0.99726, 0.99785, 0.99858, 0.99808, 
0.99817, 0.6536, 0.7496, 0.8186, 1.0038, 1.0551, 1.293, 1.2012, 
1.5593, 1.5442, 1.7122, 1.7233, 279.9, 275.4, 309.6, 369.2, 316.8, 
396.8, 350.2, 464.1, 428, 431.8, 407.8, 380, 57, 23, 236, 403, 
1241, 183, 835, 35, 34, 274, 52, 1521, 492, 518, 126, 79, 152, 
54, 649, 454, 763, 100, 100, 100, 100, 100, 100, 100, 100, 100, 
100, 100, 2500, 2500, 2500, 2500, 2500, 2500, 2500, 2500, 2500, 
2500, 2500, 29999.243, 31618.396, 33582.107, 38571.035, 42400.816, 
48725.5599999999, 56057.0919999999, 51697.514, 54626.196, 57777.4619999998, 
62567.3869999999, 7.07201, 8.95717, 8.29481, 5.8851, 13.33053, 
8.21456, 10.11015, 7.20296, 7.23973, 7.75462, 8.73791, -7.62498, 
-10.06956, -9.20444, -7.1678, -12.83215, -8.07567, -10.66715, 
-7.22519, -8.08462, -7.17898, -7.91807, 0, 0, 0, 0, 0, 0, 0, 
0, 0, 0, 0, 0, 0, 0, 0, 0, 0, 0, 0, 0, 0, 0, 0.99818, 0.99801, 
0.99756, 0.99831, 0.99844, 0.99878, 0.9984, 0.99871, 0.99919, 
0.99904, 0.99835, 0.99708, 0.99801, 0.99756, 0.99719, 0.99844, 
0.99854, 0.99726, 0.99828, 0.99838, 0.99808, 0.99836, 0.735, 
0.7703, 0.8679, 1.0327, 0.9998, 1.2353, 1.2171, 1.4296, 1.486, 
1.6515, 1.6972, 331.1, 316.4, 325, 399.5, 304.3, 364.4, 353.4, 
410.5, 414, 421.6, 397.9, 1159, 426, 213, 423, 271, 2205, 1343, 
75, 627, 1380, 461, 5, 8, 10, 5, 14, 1, 5, 12, 5, 2, 10, 100, 
100, 100, 100, 100, 100, 100, 100, 100, 100, 100, 2500, 2500, 
2500, 2500, 2500, 2500, 2500, 2500, 2500, 2500, 2500, 88634.956, 
108130.243, 109578.521, 136966.324, 181674.192, 198579.12, 164821.214, 
179749.612, 212457.222, 224255.794, 249537.218, 1, 1, 1, 1, 1, 
1, 1, 1, 1, 1, 1, 0.025, 0.025, 0.025, 0.025, 0.025, 0.025, 0.025, 
0.025, 0.025, 0.025, 0.025, 0, 0, 0, 0, 0, 0, 0, 0, 0, 0, 0, 
0, 0, 0, 0, 0, 0, 0, 0, 0, 0, 0, 0.98467, 0.9864, 0.98597, 0.98791, 
0.9893, 0.98855, 0.98904, 0.99012, 0.99087, 0.99077, 0.99123, 
0.98466, 0.98508, 0.98506, 0.98763, 0.988, 0.98831, 0.98973, 
0.99011, 0.99087, 0.99115, 0.9916, 1.523, 1.704, 1.8648, 2.2787, 
2.5539, 2.9235, 2.9819, 3.2292, 3.5868, 3.8578, 4.2509, 843.7, 
892.6, 930.4, 980.2, 1017.3, 1061.5, 1103.1, 1137.4, 1173, 1210, 
1241.1, 1, 1, 1, 1, 1, 1, 1, 1, 1, 1, 1, 1, 1, 1, 1, 1, 1, 1, 
1, 1, 1, 1, 1, 1, 1, 1, 1, 1, 1, 1, 1, 1, 1, 1, 1, 1, 1, 1, 1, 
1, 1, 1, 1, 1, 20.744, 21.513, 23.233, 29.039, 32.243, 36.022, 
35.491, 37.884, 42.944, 45.036, 49.725), .Dim = c(11L, 40L), .Dimnames = list(
    NULL, c("Sampling", "PSO.cost", "PSO.gamma", "PSO.data.balancing", 
    "PSO.feature.selection", "PSO.valid.acc", "PSO.test.acc", 
    "PSO.train.time", "PSO.n.support.vectors", "PSO.index", "PSO.n.solutions", 
    "PSO.generations", "PSO.n.evaluations", "PSO.cpu.time", "RS.cost", 
    "RS.gamma", "RS.data.balancing", "RS.feature.selection", 
    "RS.valid.acc", "RS.test.acc", "RS.train.time", "RS.n.support.vectors", 
    "RS.index", "RS.n.solutions", "RS.generations", "RS.n.evaluations", 
    "RS.cpu.time", "DF.cost", "DF.gamma", "DF.data.balancing", 
    "DF.feature.selection", "DF.valid.acc", "DF.test.acc", "DF.train.time", 
    "DF.n.support.vectors", "DF.index", "DF.n.solutions", "DF.generations", 
    "DF.n.evaluations", "DF.cpu.time")))
