full <-
structure(c(50, 55, 60, 65, 70, 75, 80, 85, 90, 95, 100, 12.84587, 
12.33948, 12.12379, 10.3724, 13.25452, 13.25421, 11.02607, 5.07969, 
9.85669, 14.22643, 8.66784, -12.97472, -10.85691, -11.6278, -11.23351, 
-13.55958, -14.20206, -10.74721, -5.92438, -8.75217, -13.93478, 
-9.83297, 0, 0, 0, 0, 0, 0, 0, 0, 0, 0, 0, 0, 0, 0, 0, 0, 0, 
0, 0, 0, 0, 0, 0.99745, 0.99767, 0.99847, 0.9986, 0.99818, 0.99829, 
0.99794, 0.99871, 0.99817, 0.99827, 0.99854, 0.99672, 0.99601, 
0.99726, 0.99748, 0.99739, 0.99781, 0.99703, 0.99699, 0.99696, 
0.99769, 0.99854, 0.696, 0.7323, 0.8055, 0.9894, 1.0374, 1.1556, 
1.1976, 1.6344, 1.3898, 1.4066, 1.705, 284, 288.8, 299.9, 332.4, 
315.9, 343, 329.3, 492.9, 362, 335, 413.6, 332, 400, 101, 688, 
358, 303, 194, 2070, 1344, 168, 26, 396, 200, 238, 196, 85, 229, 
316, 20, 116, 141, 133, 100, 100, 100, 100, 100, 100, 100, 100, 
100, 100, 100, 2500, 2500, 2500, 2500, 2500, 2500, 2500, 2500, 
2500, 2500, 2500, 28403.126, 29459.009, 31732.708, 42748.83, 
41324.061, 56528.426, 45262.5950000001, 69963.1569999999, 52304.622, 
50666.578, 63499.9489999998, 9.32511, 12.07265, 11.72314, 11.14227, 
12.46095, 12.96248, 11.806, 4.71264, 10.76171, 14.7181, 8.51396, 
-9.54772, -10.50342, -11.27538, -12.16834, -12.73367, -13.56867, 
-11.60678, -5.61952, -11.14029, -14.39532, -9.63568, 0, 0, 0, 
0, 0, 0, 0, 0, 0, 0, 0, 0, 0, 0, 0, 0, 0, 0, 0, 0, 0, 0, 0.99781, 
0.99767, 0.99847, 0.99832, 0.99818, 0.99829, 0.99794, 0.99807, 
0.99817, 0.99827, 0.99854, 0.99708, 0.99601, 0.99726, 0.99691, 
0.99739, 0.99781, 0.9968, 0.99677, 0.99756, 0.9975, 0.99854, 
0.6444, 0.737, 0.8457, 1.0084, 1.0509, 1.1583, 1.1874, 1.6757, 
1.3852, 1.4024, 1.7015, 296, 290.7, 301.9, 336.7, 316.1, 329.3, 
325.7, 515.6, 356.6, 334.7, 413.3, 86, 619, 1614, 2280, 864, 
30, 1255, 732, 2393, 712, 256, 1, 2, 1, 1, 4, 2, 3, 1, 1, 1, 
9, 100, 100, 100, 100, 100, 100, 100, 100, 100, 100, 100, 2500, 
2500, 2500, 2500, 2500, 2500, 2500, 2500, 2500, 2500, 2500, 79949.171, 
100626.041, 134696.99, 156716.416, 155920.522, 171187.567, 181310.259, 
199264.161, 211809.529, 219143.857, 269180.804, 1, 1, 1, 1, 1, 
1, 1, 1, 1, 1, 1, 0.025, 0.025, 0.025, 0.025, 0.025, 0.025, 0.025, 
0.025, 0.025, 0.025, 0.025, 0, 0, 0, 0, 0, 0, 0, 0, 0, 0, 0, 
0, 0, 0, 0, 0, 0, 0, 0, 0, 0, 0, 0.98283, 0.98605, 0.98691, 0.98735, 
0.98774, 0.98952, 0.98927, 0.98926, 0.98945, 0.99077, 0.9905, 
0.98319, 0.98538, 0.9857, 0.98764, 0.98774, 0.98903, 0.98813, 
0.98904, 0.98965, 0.99135, 0.99105, 1.4545, 1.6897, 1.9433, 2.2547, 
2.5081, 2.7565, 3.0258, 3.3007, 3.4855, 3.7518, 4.1584, 846.7, 
890.1, 938.2, 974.1, 1013.7, 1060.3, 1101.2, 1133.2, 1174.9, 
1208, 1239.8, 1, 1, 1, 1, 1, 1, 1, 1, 1, 1, 1, 1, 1, 1, 1, 1, 
1, 1, 1, 1, 1, 1, 1, 1, 1, 1, 1, 1, 1, 1, 1, 1, 1, 1, 1, 1, 1, 
1, 1, 1, 1, 1, 1, 1, 19.014, 21.3, 25.719, 29.081, 30.315, 33.1, 
36.191, 39.837, 41.154, 43.989, 48.765), .Dim = c(11L, 40L), .Dimnames = list(
    NULL, c("Sampling", "PSO.cost", "PSO.gamma", "PSO.data.balancing", 
    "PSO.feature.selection", "PSO.valid.acc", "PSO.test.acc", 
    "PSO.train.time", "PSO.n.support.vectors", "PSO.index", "PSO.n.solutions", 
    "PSO.generations", "PSO.n.evaluations", "PSO.cpu.time", "RS.cost", 
    "RS.gamma", "RS.data.balancing", "RS.feature.selection", 
    "RS.valid.acc", "RS.test.acc", "RS.train.time", "RS.n.support.vectors", 
    "RS.index", "RS.n.solutions", "RS.generations", "RS.n.evaluations", 
    "RS.cpu.time", "DF.cost", "DF.gamma", "DF.data.balancing", 
    "DF.feature.selection", "DF.valid.acc", "DF.test.acc", "DF.train.time", 
    "DF.n.support.vectors", "DF.index", "DF.n.solutions", "DF.generations", 
    "DF.n.evaluations", "DF.cpu.time")))
