full <-
structure(c(50, 55, 60, 65, 70, 75, 80, 85, 90, 95, 100, 2.77235, 
0.77972, 6.40677, 2.63135, 5.32883, 10.85278, 4.29561, 1.84574, 
14.35887, 12.54737, 2.97298, -1.94268, -0.75389, -3.41588, -3.35654, 
-1.31526, -7.67973, -2.50925, -4.23813, -8.58282, -11.06904, 
-4.85699, 0, 0, 0, 0, 0, 0, 0, 0, 0, 0, 0, 0, 0, 0, 0, 0, 0, 
0, 0, 0, 0, 0, 0.975, 0.96528, 0.98, 0.96889, 0.97, 0.95439, 
0.95606, 0.96667, 0.96795, 0.96469, 0.97286, 0.975, 0.96528, 
0.98, 0.96889, 0.95889, 0.95439, 0.93864, 0.95119, 0.95247, 0.97238, 
0.97238, 0.0049, 0.0074, 0.0066, 0.0048, 0.0047, 0.0049, 0.0045, 
0.0046, 0.0045, 0.0047, 0.0053, 23.3, 33.8, 17.4, 22.9, 29.4, 
12.7, 25.3, 34.1, 12.6, 16.2, 33.3, 3, 1, 4, 2, 2, 1, 1, 2, 2, 
3, 1, 1, 1, 1, 1, 1, 2, 1, 1, 1, 1, 1, 2, 2, 2, 2, 2, 2, 2, 2, 
2, 2, 2, 6, 6, 6, 6, 6, 6, 6, 6, 6, 6, 6, 9.36700000000002, 9.88900000000001, 
10.282, 9.48899999999998, 9.137, 9.20800000000008, 9.16700000000003, 
9.221, 9.21500000000003, 9.221, 9.25099999999998, 13.24788, 4.48124, 
10.98238, 13.95132, 13.98899, 4.15446, 5.8075, 0.26337, 11.42466, 
4.83738, 11.95558, -9.38857, -6.49377, -9.83274, -5.10173, -14.80887, 
-2.90513, -5.14475, -2.20344, -7.83323, -6.53952, -12.57065, 
0, 0, 0, 0, 0, 0, 0, 0, 0, 0, 0, 0, 0, 0, 0, 0, 0, 0, 0, 0, 0, 
0, 0.97321, 1, 0.96889, 0.93889, 0.98, 0.95439, 0.95606, 0.95, 
0.95366, 0.97033, 0.96619, 0.97321, 0.96349, 0.95778, 0.93889, 
0.96889, 0.95439, 0.93864, 0.95833, 0.93645, 0.97033, 0.96619, 
0.0047, 0.0046, 0.0048, 0.0046, 0.0046, 0.0044, 0.0042, 0.0044, 
0.0047, 0.0053, 0.0049, 9.5, 24.6, 14.4, 12.7, 19.5, 22.7, 19.2, 
39, 14, 28.7, 23.6, 3, 6, 1, 4, 4, 1, 3, 1, 4, 3, 1, 1, 1, 1, 
1, 2, 1, 2, 1, 1, 1, 1, 2, 2, 2, 2, 2, 2, 2, 2, 2, 2, 2, 6, 6, 
6, 6, 6, 6, 6, 6, 6, 6, 6, 9.91200000000003, 9.60500000000002, 
9.42899999999997, 9.43299999999999, 9.17400000000004, 9.1149999999999, 
9.154, 9.22299999999996, 9.23300000000006, 9.19899999999996, 
9.25800000000004), .Dim = c(11L, 27L), .Dimnames = list(NULL, 
    c("Sampling", "RS.cost", "RS.gamma", "RS.data.balancing", 
    "RS.feature.selection", "RS.valid.acc", "RS.test.acc", "RS.train.time", 
    "RS.n.support.vectors", "RS.index", "RS.n.solutions", "RS.generations", 
    "RS.n.evaluations", "RS.cpu.time", "RS.cost", "RS.gamma", 
    "RS.data.balancing", "RS.feature.selection", "RS.valid.acc", 
    "RS.test.acc", "RS.train.time", "RS.n.support.vectors", "RS.index", 
    "RS.n.solutions", "RS.generations", "RS.n.evaluations", "RS.cpu.time"
    )))
