full <-
structure(c(50, 55, 60, 65, 70, 75, 80, 85, 90, 95, 100, 4.08544, 
6.96689, 14.44019, 6.81404, 3.98307, 2.95637, 7.13191, 14.44322, 
10.98494, -1.17442, 14.42696, -5.43436, -8.02979, -10.75629, 
-7.15346, -2.257, -3.52002, -11.27242, -9.32184, -4.31153, -0.34894, 
-12.15028, 0, 0, 0, 0, 0, 0, 0, 0, 0, 0, 0, 0, 0, 0, 0, 0, 0, 
0, 0, 0, 0, 0, 0.94464, 0.96071, 0.95278, 0.94778, 0.93778, 0.96364, 
0.93083, 0.96145, 0.9685, 0.95549, 0.95905, 0.90496, 0.9496, 
0.95417, 0.94778, 0.93667, 0.96364, 0.95041, 0.94466, 0.95311, 
0.9478, 0.96571, 0.0057, 0.0053, 0.0045, 0.0045, 0.0047, 0.0049, 
0.0053, 0.0051, 0.0054, 0.006, 0.0054, 22.4, 21.9, 12.3, 20.9, 
26.7, 27.6, 48.6, 12.6, 16.9, 60.1, 15.7, 5, 2, 6, 4, 2, 6, 5, 
1, 5, 2, 4, 1, 1, 1, 1, 1, 1, 1, 1, 1, 2, 1, 2, 2, 2, 2, 2, 2, 
2, 2, 2, 2, 2, 6, 6, 6, 6, 6, 6, 6, 6, 6, 6, 6, 9.23, 9.323, 
9.153, 9.145, 9.032, 9.193, 9.336, 9.22, 9.30999999999997, 9.244, 
9.376, 11.49859, 12.49236, 1.04944, 0.64955, 14.38238, 3.3776, 
9.38548, 13.66237, 5.67075, 10.97225, 7.63421, -12.6148, -10.14535, 
-2.40248, -4.02058, -14.32038, -7.25449, -10.83429, -10.63048, 
-3.45799, -6.87009, -11.51064, 0, 0, 0, 0, 0, 0, 0, 0, 0, 0, 
0, 0, 0, 0, 0, 0, 0, 0, 0, 0, 0, 0, 0.94464, 0.93571, 0.93333, 
0.92556, 0.93869, 0.92727, 0.96503, 0.96005, 0.96081, 0.96319, 
0.96571, 0.94464, 0.92321, 0.89722, 0.89333, 0.95869, 0.96364, 
0.96364, 0.95236, 0.96145, 0.94938, 0.9519, 0.0048, 0.0045, 0.0047, 
0.0049, 0.0063, 0.0052, 0.0063, 0.0047, 0.0047, 0.0047, 0.0056, 
20.9, 13.3, 30.7, 40, 18.5, 44.3, 25.3, 14.3, 22, 13.3, 52.2, 
4, 3, 2, 2, 2, 3, 5, 4, 2, 1, 1, 1, 2, 1, 1, 1, 2, 1, 1, 2, 1, 
1, 2, 2, 2, 2, 2, 2, 2, 2, 2, 2, 2, 6, 6, 6, 6, 6, 6, 6, 6, 6, 
6, 6, 9.229, 9.13500000000001, 9.147, 9.20700000000001, 9.413, 
9.16300000000001, 9.48799999999999, 9.304, 9.18200000000002, 
9.471, 9.58099999999999), .Dim = c(11L, 27L), .Dimnames = list(
    NULL, c("Sampling", "RS.cost", "RS.gamma", "RS.data.balancing", 
    "RS.feature.selection", "RS.valid.acc", "RS.test.acc", "RS.train.time", 
    "RS.n.support.vectors", "RS.index", "RS.n.solutions", "RS.generations", 
    "RS.n.evaluations", "RS.cpu.time", "RS.cost", "RS.gamma", 
    "RS.data.balancing", "RS.feature.selection", "RS.valid.acc", 
    "RS.test.acc", "RS.train.time", "RS.n.support.vectors", "RS.index", 
    "RS.n.solutions", "RS.generations", "RS.n.evaluations", "RS.cpu.time"
    )))
