full <-
structure(c(50, 55, 60, 65, 70, 75, 80, 85, 90, 95, 100, 9.57581, 
13.12772, 9.50223, 13.18751, 14.94549, 14.89828, 12.38356, 14.22055, 
14.43698, 15, 12.01342, -11.73321, -14.9137, -10.69214, -12.24556, 
-13.45063, -14.98729, -13.28852, -12.24619, -14.99735, -12.3844, 
-11.89446, 0, 0, 0, 0, 0, 0, 0, 0, 0, 0, 0, 0, 0, 0, 0, 0, 0, 
0, 0, 0, 0, 0, 0.72322, 0.72458, 0.71732, 0.71114, 0.71835, 0.7101, 
0.71331, 0.71175, 0.71087, 0.71198, 0.7154, 0.7152, 0.71469, 
0.71551, 0.70557, 0.71108, 0.71253, 0.70782, 0.70493, 0.70804, 
0.70549, 0.70957, 0.7885, 0.9502, 1.1926, 2.4224, 2.4773, 1.8657, 
2.4435, 4.6531, 2.5561, 6.1366, 4.9798, 745.6, 758.9, 862.6, 
886.6, 938.4, 1013.2, 1111.9, 1158.5, 1219.4, 1278.2, 1363.8, 
1150, 711, 974, 2150, 1729, 1845, 778, 2228, 852, 2031, 2036, 
19, 5, 49, 2, 1, 1, 2, 1, 25, 1, 2, 100, 100, 100, 100, 100, 
100, 100, 100, 100, 100, 100, 2500, 2500, 2500, 2500, 2500, 2500, 
2500, 2500, 2500, 2500, 2500, 30216.978, 33951.618, 40864.527, 
68331.775, 66192.141, 61757.4330000001, 76365.1699999999, 122112.094, 
81457.6630000002, 129662.635, 136326.282, 9.49033, 9.52227, 6.9888, 
13.85274, 14.45342, 13.56706, 8.38267, 13.66439, 10.42376, 13.31396, 
11.83317, -11.71538, -12.28414, -9.83914, -12.64113, -13.25601, 
-13.57019, -10.20738, -11.80302, -12.72097, -14.31669, -11.67541, 
0, 0, 0, 0, 0, 0, 0, 0, 0, 0, 0, 0, 0, 0, 0, 0, 0, 0, 0, 0, 0, 
0, 0.72178, 0.72392, 0.71611, 0.71003, 0.71575, 0.70961, 0.71331, 
0.70962, 0.71046, 0.71085, 0.71503, 0.7152, 0.71734, 0.71127, 
0.70557, 0.70952, 0.713, 0.7092, 0.70365, 0.70603, 0.71009, 0.71103, 
0.8204, 0.8951, 0.9681, 2.069, 2.2772, 2.1622, 2.0599, 4.6647, 
2.7288, 2.9109, 5.0902, 745.6, 833.9, 896, 878.4, 940.9, 1020, 
1162.1, 1161.2, 1311.3, 1302.1, 1366.7, 2378, 676, 2226, 1153, 
7, 332, 2151, 2020, 2111, 2128, 2015, 1, 4, 1, 2, 1, 1, 1, 3, 
1, 1, 1, 100, 100, 100, 100, 100, 100, 100, 100, 100, 100, 100, 
2500, 2500, 2500, 2500, 2500, 2500, 2500, 2500, 2500, 2500, 2500, 
45289.826, 50856.297, 61862.56, 71893.786, 81221.4479999999, 
86611.922, 109954.803, 123327.198, 130367.268, 146595.884, 166883.503, 
1, 1, 1, 1, 1, 1, 1, 1, 1, 1, 1, 0.03846, 0.03846, 0.03846, 0.03846, 
0.03846, 0.03846, 0.03846, 0.03846, 0.03846, 0.03846, 0.03846, 
0, 0, 0, 0, 0, 0, 0, 0, 0, 0, 0, 0, 0, 0, 0, 0, 0, 0, 0, 0, 0, 
0, 0.69775, 0.69684, 0.70158, 0.69836, 0.69814, 0.69942, 0.70055, 
0.6981, 0.69757, 0.69978, 0.70269, 0.69697, 0.69882, 0.70581, 
0.69612, 0.70074, 0.69845, 0.69828, 0.69939, 0.7, 0.69825, 0.70014, 
0.5545, 0.6361, 0.7853, 0.8541, 1.0012, 1.164, 1.3094, 1.44, 
1.5885, 1.7608, 1.8991, 798.6, 875.7, 950, 1021.1, 1090.6, 1160.9, 
1226.2, 1304.5, 1366.2, 1434.3, 1506, 1, 1, 1, 1, 1, 1, 1, 1, 
1, 1, 1, 1, 1, 1, 1, 1, 1, 1, 1, 1, 1, 1, 1, 1, 1, 1, 1, 1, 1, 
1, 1, 1, 1, 1, 1, 1, 1, 1, 1, 1, 1, 1, 1, 1, 8.943, 9.594, 12.892, 
11.818, 13.454, 15.347, 17.881, 19.478, 21.178, 21.847, 22.994
), .Dim = c(11L, 40L), .Dimnames = list(NULL, c("Sampling", "PSO.cost", 
"PSO.gamma", "PSO.data.balancing", "PSO.feature.selection", "PSO.valid.acc", 
"PSO.test.acc", "PSO.train.time", "PSO.n.support.vectors", "PSO.index", 
"PSO.n.solutions", "PSO.generations", "PSO.n.evaluations", "PSO.cpu.time", 
"RS.cost", "RS.gamma", "RS.data.balancing", "RS.feature.selection", 
"RS.valid.acc", "RS.test.acc", "RS.train.time", "RS.n.support.vectors", 
"RS.index", "RS.n.solutions", "RS.generations", "RS.n.evaluations", 
"RS.cpu.time", "DF.cost", "DF.gamma", "DF.data.balancing", "DF.feature.selection", 
"DF.valid.acc", "DF.test.acc", "DF.train.time", "DF.n.support.vectors", 
"DF.index", "DF.n.solutions", "DF.generations", "DF.n.evaluations", 
"DF.cpu.time")))
