full <-
structure(c(50, 55, 60, 65, 70, 75, 80, 85, 90, 95, 100, 0.77086, 
14.42899, 14.99107, 13.18621, 0.05193, 2.87061, 13.5152, 14.48657, 
12.8793, 9.06527, 14.99971, -3.46779, -9.7548, -15, -14.37883, 
-3.13201, -3.95337, -14.77472, -14.96944, -9.73959, -10.30284, 
-13.93094, 0, 0, 0, 0, 0, 0, 0, 0, 0, 0, 0, 0, 0, 0, 0, 0, 0, 
0, 0, 0, 0, 0, 0.70498, 0.70674, 0.71183, 0.71227, 0.71161, 0.71443, 
0.71286, 0.71303, 0.71052, 0.71318, 0.71211, 0.6926, 0.70011, 
0.70335, 0.70944, 0.70487, 0.70474, 0.70516, 0.71176, 0.70727, 
0.70477, 0.70556, 0.5313, 5.0248, 1.2296, 1.4293, 0.9772, 1.1867, 
2.1311, 2.3371, 4.6914, 3.1845, 4.1043, 769.8, 752.7, 803.5, 
891.4, 1067.2, 1081.9, 1096.2, 1148.6, 1203.4, 1335.2, 1344.1, 
2468, 1590, 1160, 1889, 2164, 396, 751, 2349, 1858, 954, 1085, 
1, 1, 926, 1, 15, 68, 3, 3, 14, 79, 2, 100, 100, 100, 100, 100, 
100, 100, 100, 100, 100, 100, 2500, 2500, 2500, 2500, 2500, 2500, 
2500, 2500, 2500, 2500, 2500, 37919.275, 90855.812, 40017.347, 
46503.042, 35449.442, 85694.0329999999, 60325.782, 101375.524, 
181587.481, 97573.4890000001, 166798.17, 1.33611, 13.45069, 14.79029, 
13.61943, 0.2794, 3.25002, 11.90413, 8.89393, 11.4407, 11.70945, 
14.16713, -5.40172, -9.25909, -13.77581, -14.93913, -3.0368, 
-4.43682, -13.62837, -8.19065, -8.67256, -11.29985, -13.32714, 
0, 0, 0, 0, 0, 0, 0, 0, 0, 0, 0, 0, 0, 0, 0, 0, 0, 0, 0, 0, 0, 
0, 0.70416, 0.70541, 0.70881, 0.71059, 0.71006, 0.71249, 0.7115, 
0.71262, 0.71012, 0.7128, 0.71138, 0.70054, 0.69813, 0.70396, 
0.70777, 0.70643, 0.71007, 0.70379, 0.71004, 0.70606, 0.7063, 
0.70447, 0.5181, 3.8085, 1.5943, 1.3499, 1.001, 1.1696, 2.3562, 
2.792, 6.1011, 5.1653, 4.2921, 749.7, 753.6, 800.2, 886.7, 1065.8, 
1066.9, 1129, 1149.1, 1204.6, 1295.3, 1348.8, 1871, 2054, 2073, 
1726, 1724, 561, 838, 1874, 1482, 1788, 1713, 1, 1, 5, 1, 1, 
2, 1, 1, 2, 1, 4, 100, 100, 100, 100, 100, 100, 100, 100, 100, 
100, 100, 2500, 2500, 2500, 2500, 2500, 2500, 2500, 2500, 2500, 
2500, 2500, 39127.013, 48381.807, 54782.008, 61117.167, 74720.879, 
90789.3200000001, 110158.686, 118226.663, 133379.801, 158271.241, 
127222.289, 1, 1, 1, 1, 1, 1, 1, 1, 1, 1, 1, 0.03846, 0.03846, 
0.03846, 0.03846, 0.03846, 0.03846, 0.03846, 0.03846, 0.03846, 
0.03846, 0.03846, 0, 0, 0, 0, 0, 0, 0, 0, 0, 0, 0, 0, 0, 0, 0, 
0, 0, 0, 0, 0, 0, 0, 0.69836, 0.69418, 0.6997, 0.70054, 0.7054, 
0.69797, 0.69652, 0.70621, 0.70203, 0.70131, 0.699, 0.69399, 
0.69353, 0.70638, 0.69997, 0.69814, 0.69797, 0.697, 0.70323, 
0.70001, 0.70017, 0.70082, 0.5093, 0.6266, 0.7346, 0.864, 0.992, 
1.1036, 1.2761, 1.3985, 1.601, 1.7819, 1.9201, 778.4, 856, 923.4, 
996.9, 1065.1, 1143.7, 1215.9, 1280.1, 1360, 1431.6, 1502.6, 
1, 1, 1, 1, 1, 1, 1, 1, 1, 1, 1, 1, 1, 1, 1, 1, 1, 1, 1, 1, 1, 
1, 1, 1, 1, 1, 1, 1, 1, 1, 1, 1, 1, 1, 1, 1, 1, 1, 1, 1, 1, 1, 
1, 1, 7.76, 9.142, 10.191, 11.651, 13.042, 14.005, 16.74, 18.42, 
20.363, 22.746, 23.02), .Dim = c(11L, 40L), .Dimnames = list(
    NULL, c("Sampling", "PSO.cost", "PSO.gamma", "PSO.data.balancing", 
    "PSO.feature.selection", "PSO.valid.acc", "PSO.test.acc", 
    "PSO.train.time", "PSO.n.support.vectors", "PSO.index", "PSO.n.solutions", 
    "PSO.generations", "PSO.n.evaluations", "PSO.cpu.time", "RS.cost", 
    "RS.gamma", "RS.data.balancing", "RS.feature.selection", 
    "RS.valid.acc", "RS.test.acc", "RS.train.time", "RS.n.support.vectors", 
    "RS.index", "RS.n.solutions", "RS.generations", "RS.n.evaluations", 
    "RS.cpu.time", "DF.cost", "DF.gamma", "DF.data.balancing", 
    "DF.feature.selection", "DF.valid.acc", "DF.test.acc", "DF.train.time", 
    "DF.n.support.vectors", "DF.index", "DF.n.solutions", "DF.generations", 
    "DF.n.evaluations", "DF.cpu.time")))
