full <-
structure(c(50, 55, 60, 65, 70, 75, 80, 85, 90, 95, 100, 12.5929, 
5.6293, 14.96496, 1.90521, 12.9284, 11.9406, 14.98306, 4.29654, 
10.31983, 10.49283, 14.03521, -10.07557, -5.85339, -12.47641, 
-3.23866, -14.96188, -11.5681, -12.67127, -4.94558, -10.24316, 
-9.60155, -13.90043, 0, 0, 0, 0, 0, 0, 0, 0, 0, 0, 0, 0, 0, 0, 
0, 0, 0, 0, 0, 0, 0, 0, 0.6991, 0.71138, 0.71486, 0.71515, 0.71371, 
0.71056, 0.71193, 0.71211, 0.70847, 0.71165, 0.71358, 0.68969, 
0.70211, 0.69913, 0.70566, 0.70541, 0.70426, 0.70875, 0.70869, 
0.70645, 0.70554, 0.71103, 1.5335, 0.7136, 2.3943, 0.9123, 1.4506, 
2.7087, 3.6042, 1.0135, 2.2884, 4.5316, 3.6174, 696.8, 782.4, 
821.8, 977, 985.8, 1038.4, 1081.3, 1179.6, 1248.7, 1302.7, 1348.9, 
1085, 1063, 1428, 1690, 2420, 1479, 1108, 838, 747, 737, 653, 
26, 72, 2, 50, 1, 5, 2, 82, 24, 27, 1, 100, 100, 100, 100, 100, 
100, 100, 100, 100, 100, 100, 2500, 2500, 2500, 2500, 2500, 2500, 
2500, 2500, 2500, 2500, 2500, 53556.844, 28601.654, 65991.778, 
60644.578, 54791.39, 78835.998, 104794.071, 57518.0850000001, 
87951.0209999999, 125435.57, 107081.632, 14.27365, 4.95259, 14.39989, 
1.83333, 4.51422, 12.96079, 9.82331, 1.09973, 10.27485, 9.03333, 
13.20963, -10.90952, -5.4904, -11.99294, -3.18697, -5.57118, 
-12.13629, -10.20514, -3.81201, -10.20528, -8.24112, -13.43788, 
0, 0, 0, 0, 0, 0, 0, 0, 0, 0, 0, 0, 0, 0, 0, 0, 0, 0, 0, 0, 0, 
0, 0.69838, 0.70939, 0.71061, 0.71346, 0.71112, 0.70959, 0.71101, 
0.71124, 0.70766, 0.71126, 0.71285, 0.69041, 0.70412, 0.70155, 
0.70622, 0.7044, 0.70183, 0.70695, 0.7044, 0.70605, 0.70859, 
0.71103, 2.2705, 0.6957, 2.3477, 0.9136, 1.054, 1.7782, 2.3587, 
1.3646, 3.7689, 3.4195, 3.7692, 693.3, 785.5, 824.8, 978.7, 977.8, 
1031.5, 1112.9, 1245.8, 1251.2, 1294.8, 1359.9, 851, 488, 1252, 
1051, 1027, 566, 292, 1532, 1839, 1548, 1413, 1, 1, 1, 1, 1, 
1, 1, 1, 1, 1, 2, 100, 100, 100, 100, 100, 100, 100, 100, 100, 
100, 100, 2500, 2500, 2500, 2500, 2500, 2500, 2500, 2500, 2500, 
2500, 2500, 42255.012, 49275.402, 58441.654, 71257.507, 71446.159, 
77914.508, 96438.8420000001, 114437.924, 134722.663, 146114.479, 
142516.918, 1, 1, 1, 1, 1, 1, 1, 1, 1, 1, 1, 0.03846, 0.03846, 
0.03846, 0.03846, 0.03846, 0.03846, 0.03846, 0.03846, 0.03846, 
0.03846, 0.03846, 0, 0, 0, 0, 0, 0, 0, 0, 0, 0, 0, 0, 0, 0, 0, 
0, 0, 0, 0, 0, 0, 0, 0.69109, 0.69745, 0.6997, 0.70059, 0.70126, 
0.69602, 0.70239, 0.70314, 0.70201, 0.69863, 0.70268, 0.69472, 
0.69418, 0.69853, 0.70057, 0.70333, 0.69262, 0.70148, 0.70058, 
0.69879, 0.70016, 0.70159, 0.5566, 0.6412, 0.7395, 0.8784, 0.9531, 
1.1434, 0.8708, 1.3996, 1.602, 1.2259, 1.9417, 806.8, 881.9, 
939.5, 1010.7, 1079.3, 1155.1, 1226.3, 1292.8, 1371.1, 1441.4, 
1503.7, 1, 1, 1, 1, 1, 1, 1, 1, 1, 1, 1, 1, 1, 1, 1, 1, 1, 1, 
1, 1, 1, 1, 1, 1, 1, 1, 1, 1, 1, 1, 1, 1, 1, 1, 1, 1, 1, 1, 1, 
1, 1, 1, 1, 1, 9.331, 10.025, 10.961, 12.632, 12.444, 15.494, 
11.861, 18.289, 19.654, 15.96, 24.305), .Dim = c(11L, 40L), .Dimnames = list(
    NULL, c("Sampling", "PSO.cost", "PSO.gamma", "PSO.data.balancing", 
    "PSO.feature.selection", "PSO.valid.acc", "PSO.test.acc", 
    "PSO.train.time", "PSO.n.support.vectors", "PSO.index", "PSO.n.solutions", 
    "PSO.generations", "PSO.n.evaluations", "PSO.cpu.time", "RS.cost", 
    "RS.gamma", "RS.data.balancing", "RS.feature.selection", 
    "RS.valid.acc", "RS.test.acc", "RS.train.time", "RS.n.support.vectors", 
    "RS.index", "RS.n.solutions", "RS.generations", "RS.n.evaluations", 
    "RS.cpu.time", "DF.cost", "DF.gamma", "DF.data.balancing", 
    "DF.feature.selection", "DF.valid.acc", "DF.test.acc", "DF.train.time", 
    "DF.n.support.vectors", "DF.index", "DF.n.solutions", "DF.generations", 
    "DF.n.evaluations", "DF.cpu.time")))
