full <-
structure(c(50, 55, 60, 65, 70, 75, 80, 85, 90, 95, 100, 12.39626, 
5.96733, 15, 5.0177, 8.708, 4.60365, 5.78236, 14.10617, 13.57096, 
10.56409, 8.85031, -15, -7.34866, -11.60905, -6.76785, -10.94572, 
-7.12645, -6.46344, -13.56417, -12.50904, -12.33032, -7.85642, 
0, 0, 0, 0, 0, 0, 0, 0, 0, 0, 0, 0, 0, 0, 0, 0, 0, 0, 0, 0, 0, 
0, 0.718, 0.71729, 0.71486, 0.71004, 0.71628, 0.7125, 0.71595, 
0.71084, 0.70722, 0.71084, 0.71536, 0.71146, 0.70672, 0.70942, 
0.70447, 0.70589, 0.70667, 0.70325, 0.70569, 0.70722, 0.7074, 
0.70955, 0.7454, 0.6798, 2.9305, 0.8808, 1.3337, 1.1383, 1.3576, 
2.7696, 3.9917, 3.0844, 3.5523, 705.6, 766.3, 817.4, 917.7, 1012.8, 
1053, 1101.8, 1147.3, 1221.3, 1358.2, 1343.4, 278, 1718, 1810, 
355, 1122, 1570, 796, 1939, 1726, 857, 1623, 337, 13, 5, 153, 
126, 20, 29, 1, 7, 3, 38, 100, 100, 100, 100, 100, 100, 100, 
100, 100, 100, 100, 2500, 2500, 2500, 2500, 2500, 2500, 2500, 
2500, 2500, 2500, 2500, 26900.106, 27704.115, 70628.003, 33531.33, 
41584.646, 46474.6580000001, 66565.29, 91107.009, 106345.924, 
92223.0120000001, 108665.118, 8.03469, 5.68975, 9.73465, 5.04664, 
8.77963, 4.73829, 6.12794, 4.58203, 8.31162, 10.7584, 8.82952, 
-9.76107, -7.20446, -9.16141, -6.81203, -10.92378, -7.02392, 
-6.57629, -6.22425, -9.85594, -12.3535, -7.85011, 0, 0, 0, 0, 
0, 0, 0, 0, 0, 0, 0, 0, 0, 0, 0, 0, 0, 0, 0, 0, 0, 0, 0.71798, 
0.71663, 0.71365, 0.71004, 0.71576, 0.71104, 0.71459, 0.71045, 
0.70682, 0.7097, 0.71464, 0.71001, 0.70737, 0.70882, 0.70447, 
0.70589, 0.7062, 0.70325, 0.70702, 0.70481, 0.7074, 0.70955, 
0.6341, 0.6596, 1.1913, 0.9063, 1.3301, 1.1562, 1.4248, 1.4429, 
2.3145, 3.2269, 3.5332, 699.2, 770.6, 831.4, 918.1, 1006.6, 1046.9, 
1100.1, 1176, 1276.5, 1349.7, 1343.5, 2097, 1012, 1205, 204, 
2147, 1949, 72, 1535, 1724, 746, 903, 1, 1, 1, 1, 1, 1, 1, 1, 
1, 1, 1, 100, 100, 100, 100, 100, 100, 100, 100, 100, 100, 100, 
2500, 2500, 2500, 2500, 2500, 2500, 2500, 2500, 2500, 2500, 2500, 
39665.05, 45567.124, 56197.668, 66132.64, 71663.383, 85194.276, 
99210.0020000001, 110024.086, 126321.134, 138075.489, 155848.322, 
1, 1, 1, 1, 1, 1, 1, 1, 1, 1, 1, 0.03846, 0.03846, 0.03846, 0.03846, 
0.03846, 0.03846, 0.03846, 0.03846, 0.03846, 0.03846, 0.03846, 
0, 0, 0, 0, 0, 0, 0, 0, 0, 0, 0, 0, 0, 0, 0, 0, 0, 0, 0, 0, 0, 
0, 0.71288, 0.70603, 0.69917, 0.70055, 0.70589, 0.70134, 0.70506, 
0.70407, 0.70157, 0.70128, 0.69864, 0.70707, 0.70802, 0.69793, 
0.69552, 0.70692, 0.7028, 0.70279, 0.70406, 0.70037, 0.70052, 
0.70155, 0.4906, 0.5825, 0.6884, 0.8237, 0.9203, 1.0453, 1.1706, 
1.3307, 1.4865, 1.6679, 1.8338, 780.6, 855, 937.8, 1010.2, 1071.8, 
1145, 1220.8, 1289.5, 1367, 1441.2, 1502.2, 1, 1, 1, 1, 1, 1, 
1, 1, 1, 1, 1, 1, 1, 1, 1, 1, 1, 1, 1, 1, 1, 1, 1, 1, 1, 1, 1, 
1, 1, 1, 1, 1, 1, 1, 1, 1, 1, 1, 1, 1, 1, 1, 1, 1, 8.042, 8.875, 
9.919, 11.552, 12.313, 13.625, 14.947, 16.696, 18.242, 20.418, 
22.157), .Dim = c(11L, 40L), .Dimnames = list(NULL, c("Sampling", 
"PSO.cost", "PSO.gamma", "PSO.data.balancing", "PSO.feature.selection", 
"PSO.valid.acc", "PSO.test.acc", "PSO.train.time", "PSO.n.support.vectors", 
"PSO.index", "PSO.n.solutions", "PSO.generations", "PSO.n.evaluations", 
"PSO.cpu.time", "RS.cost", "RS.gamma", "RS.data.balancing", "RS.feature.selection", 
"RS.valid.acc", "RS.test.acc", "RS.train.time", "RS.n.support.vectors", 
"RS.index", "RS.n.solutions", "RS.generations", "RS.n.evaluations", 
"RS.cpu.time", "DF.cost", "DF.gamma", "DF.data.balancing", "DF.feature.selection", 
"DF.valid.acc", "DF.test.acc", "DF.train.time", "DF.n.support.vectors", 
"DF.index", "DF.n.solutions", "DF.generations", "DF.n.evaluations", 
"DF.cpu.time")))
