full <-
structure(c(50, 55, 60, 65, 70, 75, 80, 85, 90, 95, 100, 6.1071, 
8.87082, 4.01595, 15, 7.2549, 7.48688, 13.94164, 8.4356, 14.13776, 
14.93808, 12.64053, -7.17033, -8.46869, -6.38755, -12.64822, 
-7.90311, -8.41685, -14.61276, -9.40769, -12.0046, -14.82316, 
-14.5669, 0, 0, 0, 0, 0, 0, 0, 0, 0, 0, 0, 0, 0, 0, 0, 0, 0, 
0, 0, 0, 0, 0, 0.69636, 0.69689, 0.69978, 0.70677, 0.70802, 0.71296, 
0.7119, 0.71521, 0.7145, 0.71394, 0.70924, 0.68617, 0.69358, 
0.69123, 0.70284, 0.70438, 0.71394, 0.70508, 0.7088, 0.70681, 
0.70706, 0.70886, 0.6209, 1.1187, 0.8215, 2.7294, 1.5248, 1.6944, 
2.262, 2.4904, 5.6651, 3.1216, 2.977, 727.2, 783.5, 889, 893.5, 
1005.2, 1062.6, 1091.7, 1179.5, 1217.4, 1279.6, 1382.4, 771, 
1010, 1169, 1033, 2073, 768, 1793, 1522, 1219, 2043, 1184, 25, 
108, 39, 1, 5, 141, 1, 44, 1, 1, 11, 100, 100, 100, 100, 100, 
100, 100, 100, 100, 100, 100, 2500, 2500, 2500, 2500, 2500, 2500, 
2500, 2500, 2500, 2500, 2500, 29741.42, 43679.312, 40129.792, 
69019.38, 69123.133, 58093.993, 96860.448, 86598.546, 147107.155, 
96831.8190000001, 107136.112, 0.56745, 8.3861, 4.53574, 14.77101, 
6.61709, 7.21257, 13.46232, 9.20807, 14.60146, 14.80125, 13.07463, 
-3.74657, -8.13886, -6.61392, -12.75574, -7.65876, -8.0518, -11.9526, 
-9.7363, -12.15315, -14.80484, -14.81939, 0, 0, 0, 0, 0, 0, 0, 
0, 0, 0, 0, 0, 0, 0, 0, 0, 0, 0, 0, 0, 0, 0, 0.6949, 0.69622, 
0.69796, 0.70454, 0.70698, 0.71247, 0.71054, 0.71393, 0.71328, 
0.71279, 0.70888, 0.68984, 0.69292, 0.69183, 0.70005, 0.70543, 
0.712, 0.70509, 0.70666, 0.70682, 0.70821, 0.70922, 0.5588, 1.0188, 
0.871, 2.6541, 1.3791, 1.7004, 4.1224, 2.7409, 5.7542, 3.1391, 
2.8511, 786.5, 783.3, 883.7, 895.9, 1009.3, 1056, 1092.3, 1176.5, 
1214.9, 1280.3, 1372.3, 371, 319, 607, 1589, 1668, 1224, 1745, 
1850, 1233, 579, 871, 1, 1, 2, 1, 2, 1, 2, 1, 1, 2, 1, 100, 100, 
100, 100, 100, 100, 100, 100, 100, 100, 100, 2500, 2500, 2500, 
2500, 2500, 2500, 2500, 2500, 2500, 2500, 2500, 43039.033, 49918.137, 
61355.829, 75581.227, 83327.163, 92160.125, 107347.558, 127265.211, 
142013.002, 155158.823, 164362.07, 1, 1, 1, 1, 1, 1, 1, 1, 1, 
1, 1, 0.03846, 0.03846, 0.03846, 0.03846, 0.03846, 0.03846, 0.03846, 
0.03846, 0.03846, 0.03846, 0.03846, 0, 0, 0, 0, 0, 0, 0, 0, 0, 
0, 0, 0, 0, 0, 0, 0, 0, 0, 0, 0, 0, 0, 0.6782, 0.68365, 0.68885, 
0.69056, 0.69606, 0.69893, 0.69831, 0.70111, 0.6992, 0.70058, 
0.70047, 0.68041, 0.68562, 0.68581, 0.6939, 0.69606, 0.69507, 
0.69558, 0.69898, 0.70078, 0.70213, 0.6954, 0.5595, 0.6424, 0.766, 
0.9132, 1.0209, 1.1513, 1.2726, 1.4779, 1.6244, 1.8088, 1.8876, 
801.1, 885.9, 960.6, 1039.3, 1102.1, 1162.2, 1217.6, 1287.5, 
1366.5, 1437.2, 1501.8, 1, 1, 1, 1, 1, 1, 1, 1, 1, 1, 1, 1, 1, 
1, 1, 1, 1, 1, 1, 1, 1, 1, 1, 1, 1, 1, 1, 1, 1, 1, 1, 1, 1, 1, 
1, 1, 1, 1, 1, 1, 1, 1, 1, 1, 9.424, 10.052, 11.374, 13.25, 13.931, 
15.761, 16.612, 18.932, 20.931, 22.248, 23.1), .Dim = c(11L, 
40L), .Dimnames = list(NULL, c("Sampling", "PSO.cost", "PSO.gamma", 
"PSO.data.balancing", "PSO.feature.selection", "PSO.valid.acc", 
"PSO.test.acc", "PSO.train.time", "PSO.n.support.vectors", "PSO.index", 
"PSO.n.solutions", "PSO.generations", "PSO.n.evaluations", "PSO.cpu.time", 
"RS.cost", "RS.gamma", "RS.data.balancing", "RS.feature.selection", 
"RS.valid.acc", "RS.test.acc", "RS.train.time", "RS.n.support.vectors", 
"RS.index", "RS.n.solutions", "RS.generations", "RS.n.evaluations", 
"RS.cpu.time", "DF.cost", "DF.gamma", "DF.data.balancing", "DF.feature.selection", 
"DF.valid.acc", "DF.test.acc", "DF.train.time", "DF.n.support.vectors", 
"DF.index", "DF.n.solutions", "DF.generations", "DF.n.evaluations", 
"DF.cpu.time")))
