full <-
structure(c(50, 55, 60, 65, 70, 75, 80, 85, 90, 95, 100, 11.09959, 
11.80656, 14.71053, 12.15254, 9.79294, 5.92695, 14.98462, 1.85035, 
14.75867, 12.78959, 10.97218, -12.55042, -10.36348, -14.03028, 
-12.58162, -12.24215, -7.97804, -11.78509, -4.79076, -12.88898, 
-14.16332, -9.60069, 0, 0, 0, 0, 0, 0, 0, 0, 0, 0, 0, 0, 0, 0, 
0, 0, 0, 0, 0, 0, 0, 0, 0.70862, 0.7087, 0.70943, 0.71236, 0.71683, 
0.72172, 0.71453, 0.71516, 0.71532, 0.71466, 0.7114, 0.70493, 
0.69616, 0.70337, 0.71122, 0.70178, 0.71447, 0.71046, 0.70663, 
0.71251, 0.70664, 0.71032, 0.9782, 1.5228, 1.4515, 1.8363, 1.4757, 
1.4008, 5.5368, 1.426, 4.5346, 2.9182, 5.9124, 726.7, 761.3, 
810.9, 897.1, 1033.4, 1045.8, 1072.5, 1230.9, 1213.3, 1305.9, 
1354.6, 480, 2289, 1311, 1797, 550, 898, 1149, 1223, 2090, 2299, 
1608, 24, 3, 1, 18, 96, 196, 4, 102, 7, 1, 12, 100, 100, 100, 
100, 100, 100, 100, 100, 100, 100, 100, 2500, 2500, 2500, 2500, 
2500, 2500, 2500, 2500, 2500, 2500, 2500, 32962.217, 43872.018, 
51853.312, 54929.827, 51549.54, 49796.5690000001, 163133.163, 
64360.795, 133880.379, 90212.6599999999, 184606.833, 10.64535, 
12.23133, 13.89155, 8.01751, 9.54351, 5.93863, 7.81135, 2.08106, 
14.04487, 12.82225, 3.31575, -12.59006, -10.58779, -12.55999, 
-9.74922, -12.05447, -7.70648, -7.71959, -4.9215, -12.47342, 
-14.2032, -5.69448, 0, 0, 0, 0, 0, 0, 0, 0, 0, 0, 0, 0, 0, 0, 
0, 0, 0, 0, 0, 0, 0, 0, 0.70716, 0.70738, 0.70701, 0.71125, 0.71631, 
0.72075, 0.71408, 0.71345, 0.7141, 0.71351, 0.71068, 0.70346, 
0.69748, 0.70339, 0.71347, 0.70178, 0.71351, 0.71045, 0.70706, 
0.71372, 0.70664, 0.70669, 0.9096, 1.6667, 1.9242, 1.2129, 1.4433, 
1.3848, 1.8882, 1.422, 4.4459, 2.9899, 1.924, 742.6, 760.1, 818, 
922, 1038.4, 1039.5, 1084, 1224.3, 1220, 1307.4, 1393.8, 916, 
2341, 726, 1367, 136, 1649, 301, 1509, 1517, 1574, 1713, 3, 2, 
2, 1, 1, 2, 2, 2, 1, 1, 2, 100, 100, 100, 100, 100, 100, 100, 
100, 100, 100, 100, 2500, 2500, 2500, 2500, 2500, 2500, 2500, 
2500, 2500, 2500, 2500, 42184.015, 47198.912, 57572.515, 63304.458, 
78243.008, 93359.964, 106391.39, 119340.941, 139298.161, 154126.064, 
163469.817, 1, 1, 1, 1, 1, 1, 1, 1, 1, 1, 1, 0.03846, 0.03846, 
0.03846, 0.03846, 0.03846, 0.03846, 0.03846, 0.03846, 0.03846, 
0.03846, 0.03846, 0, 0, 0, 0, 0, 0, 0, 0, 0, 0, 0, 0, 0, 0, 0, 
0, 0, 0, 0, 0, 0, 0, 0.68678, 0.69748, 0.69792, 0.70173, 0.70436, 
0.70917, 0.69865, 0.70621, 0.70081, 0.70245, 0.70123, 0.68746, 
0.69419, 0.70275, 0.70341, 0.70798, 0.70866, 0.6991, 0.70152, 
0.70123, 0.69748, 0.70414, 0.5239, 0.6258, 0.7205, 0.831, 0.9707, 
1.17, 1.2736, 1.4229, 1.5754, 1.7782, 1.9032, 793.3, 865.1, 930.5, 
1001.8, 1073.4, 1143.1, 1217.8, 1301.4, 1363.7, 1430.3, 1498.5, 
1, 1, 1, 1, 1, 1, 1, 1, 1, 1, 1, 1, 1, 1, 1, 1, 1, 1, 1, 1, 1, 
1, 1, 1, 1, 1, 1, 1, 1, 1, 1, 1, 1, 1, 1, 1, 1, 1, 1, 1, 1, 1, 
1, 1, 8.254, 9.419, 10.315, 11.515, 13.817, 16.029, 17.038, 18.774, 
20.385, 22.508, 23.461), .Dim = c(11L, 40L), .Dimnames = list(
    NULL, c("Sampling", "PSO.cost", "PSO.gamma", "PSO.data.balancing", 
    "PSO.feature.selection", "PSO.valid.acc", "PSO.test.acc", 
    "PSO.train.time", "PSO.n.support.vectors", "PSO.index", "PSO.n.solutions", 
    "PSO.generations", "PSO.n.evaluations", "PSO.cpu.time", "RS.cost", 
    "RS.gamma", "RS.data.balancing", "RS.feature.selection", 
    "RS.valid.acc", "RS.test.acc", "RS.train.time", "RS.n.support.vectors", 
    "RS.index", "RS.n.solutions", "RS.generations", "RS.n.evaluations", 
    "RS.cpu.time", "DF.cost", "DF.gamma", "DF.data.balancing", 
    "DF.feature.selection", "DF.valid.acc", "DF.test.acc", "DF.train.time", 
    "DF.n.support.vectors", "DF.index", "DF.n.solutions", "DF.generations", 
    "DF.n.evaluations", "DF.cpu.time")))
