full <-
structure(c(50, 55, 60, 65, 70, 75, 80, 85, 90, 95, 100, 8.02243, 
13.20029, 7.7045, 13.11392, 12.66291, 12.41671, 14.98794, 15, 
3.84157, 10.65443, 14.14327, -8.59175, -9.82828, -6.80548, -14.34336, 
-13.17412, -11.29499, -13.55465, -14.88563, -6.74102, -9.73833, 
-11.48837, 0, 0, 0, 0, 0, 0, 0, 0, 0, 0, 0, 0, 0, 0, 0, 0, 0, 
0, 0, 0, 0, 0, 0.70121, 0.71077, 0.70764, 0.71282, 0.70651, 0.71054, 
0.71185, 0.71311, 0.7117, 0.70895, 0.71283, 0.69759, 0.70282, 
0.70399, 0.70275, 0.69873, 0.70765, 0.71094, 0.70498, 0.70766, 
0.70628, 0.70849, 0.7641, 2.3995, 1.0747, 1.301, 1.8437, 3.4296, 
2.7956, 2.2873, 1.5968, 4.785, 7.4693, 728.7, 754.1, 830, 910.2, 
984.1, 1036.2, 1080.3, 1152, 1281, 1295.7, 1343.8, 406, 1398, 
2489, 902, 2322, 2442, 2150, 1199, 2277, 2116, 1872, 65, 28, 
1, 6, 4, 1, 1, 1, 3, 2, 3, 100, 100, 100, 100, 100, 100, 100, 
100, 100, 100, 100, 2500, 2500, 2500, 2500, 2500, 2500, 2500, 
2500, 2500, 2500, 2500, 32045.394, 61547.143, 49629.124, 53814.617, 
67371.586, 93215.111, 85146.268, 67069.6969999999, 85695.0010000002, 
167541.691, 189566.53, 8.26708, 5.02335, 4.16559, 10.75344, 2.52348, 
3.53571, 13.89431, 14.92179, 3.60605, 10.30931, 2.96905, -8.74688, 
-6.19506, -4.97445, -11.41966, -4.36996, -4.23904, -11.74806, 
-14.87765, -6.59518, -9.58582, -5.76656, 0, 0, 0, 0, 0, 0, 0, 
0, 0, 0, 0, 0, 0, 0, 0, 0, 0, 0, 0, 0, 0, 0, 0.70048, 0.71143, 
0.70701, 0.71226, 0.70595, 0.71007, 0.71048, 0.71097, 0.71049, 
0.70856, 0.71282, 0.69614, 0.70614, 0.70643, 0.70443, 0.70026, 
0.70428, 0.71002, 0.70584, 0.70887, 0.70666, 0.70629, 0.7867, 
0.6796, 0.7559, 1.7184, 0.9457, 1.1068, 4.7352, 2.1625, 1.536, 
4.3732, 1.7953, 728.4, 785.7, 856.4, 928.2, 1018.1, 1076.7, 1085.2, 
1151.2, 1281.7, 1298.3, 1405.8, 605, 147, 1228, 1816, 984, 2439, 
2087, 249, 1782, 1830, 1142, 1, 2, 1, 2, 1, 1, 1, 1, 2, 1, 1, 
100, 100, 100, 100, 100, 100, 100, 100, 100, 100, 100, 2500, 
2500, 2500, 2500, 2500, 2500, 2500, 2500, 2500, 2500, 2500, 39404.467, 
44495.953, 55407.46, 65297.737, 75128.045, 89140.9850000001, 
96929.067, 115286.902, 127385.416, 146772.524, 155590.01, 1, 
1, 1, 1, 1, 1, 1, 1, 1, 1, 1, 0.03846, 0.03846, 0.03846, 0.03846, 
0.03846, 0.03846, 0.03846, 0.03846, 0.03846, 0.03846, 0.03846, 
0, 0, 0, 0, 0, 0, 0, 0, 0, 0, 0, 0, 0, 0, 0, 0, 0, 0, 0, 0, 0, 
0, 0.68669, 0.69887, 0.69554, 0.69385, 0.6992, 0.69846, 0.69418, 
0.69343, 0.69801, 0.69748, 0.7023, 0.68961, 0.69954, 0.69735, 
0.6933, 0.69455, 0.69847, 0.69327, 0.69216, 0.69841, 0.70129, 
0.70194, 0.5142, 0.6155, 0.7061, 0.8151, 0.9278, 1.076, 1.1891, 
1.3263, 1.4752, 1.61, 1.7397, 816.3, 881.7, 952.9, 1023.8, 1096.5, 
1159.7, 1233, 1299.5, 1363, 1438.1, 1501.4, 1, 1, 1, 1, 1, 1, 
1, 1, 1, 1, 1, 1, 1, 1, 1, 1, 1, 1, 1, 1, 1, 1, 1, 1, 1, 1, 1, 
1, 1, 1, 1, 1, 1, 1, 1, 1, 1, 1, 1, 1, 1, 1, 1, 1, 8.135, 9.335, 
10.595, 11.337, 12.575, 14.05, 15.081, 16.587, 18.254, 19.899, 
21.202), .Dim = c(11L, 40L), .Dimnames = list(NULL, c("Sampling", 
"PSO.cost", "PSO.gamma", "PSO.data.balancing", "PSO.feature.selection", 
"PSO.valid.acc", "PSO.test.acc", "PSO.train.time", "PSO.n.support.vectors", 
"PSO.index", "PSO.n.solutions", "PSO.generations", "PSO.n.evaluations", 
"PSO.cpu.time", "RS.cost", "RS.gamma", "RS.data.balancing", "RS.feature.selection", 
"RS.valid.acc", "RS.test.acc", "RS.train.time", "RS.n.support.vectors", 
"RS.index", "RS.n.solutions", "RS.generations", "RS.n.evaluations", 
"RS.cpu.time", "DF.cost", "DF.gamma", "DF.data.balancing", "DF.feature.selection", 
"DF.valid.acc", "DF.test.acc", "DF.train.time", "DF.n.support.vectors", 
"DF.index", "DF.n.solutions", "DF.generations", "DF.n.evaluations", 
"DF.cpu.time")))
