full <-
structure(c(50, 55, 60, 65, 70, 75, 80, 85, 90, 95, 100, 1.98509, 
11.14496, 12.02434, 15, 6.3979, 7.69126, 14.39937, 5.74497, 3.2351, 
11.76961, 12.61155, -6.59822, -11.28599, -13.09123, -14.01657, 
-7.83412, -11.49469, -14.99796, -7.60494, -5.18595, -10.06635, 
-11.93132, 0, 0, 0, 0, 0, 0, 0, 0, 0, 0, 0, 0, 0, 0, 0, 0, 0, 
0, 0, 0, 0, 0, 0.69696, 0.69753, 0.7022, 0.7022, 0.70015, 0.698, 
0.70016, 0.70532, 0.70604, 0.70893, 0.71354, 0.6933, 0.69355, 
0.69434, 0.69716, 0.69236, 0.69363, 0.69289, 0.69807, 0.7, 0.70702, 
0.71063, 0.5682, 1.2072, 1.3509, 1.7069, 1.1735, 1.3407, 1.9837, 
1.7099, 1.6132, 5.981, 5.2861, 793, 766.4, 857.9, 892.1, 987.1, 
1164.1, 1100.4, 1199.2, 1270.3, 1291.4, 1358.5, 1857, 1015, 1922, 
2276, 605, 2043, 1803, 1750, 575, 1429, 893, 17, 33, 5, 2, 17, 
1, 2, 21, 136, 7, 7, 100, 100, 100, 100, 100, 100, 100, 100, 
100, 100, 100, 2500, 2500, 2500, 2500, 2500, 2500, 2500, 2500, 
2500, 2500, 2500, 28357.544, 39097.194, 44990.946, 50299.023, 
58786.182, 47018.126, 63843.184, 59385.906, 65120.3570000001, 
167776.333, 147426.566, 1.94508, 11.23536, 10.07813, 14.62392, 
1.32986, 8.23506, 13.83352, 9.02785, 2.56923, 12.7161, 13.06357, 
-6.16038, -11.53958, -11.25316, -14.10111, -3.67234, -11.05118, 
-14.49438, -9.88203, -4.33899, -10.61633, -12.15052, 0, 0, 0, 
0, 0, 0, 0, 0, 0, 0, 0, 0, 0, 0, 0, 0, 0, 0, 0, 0, 0, 0, 0.69626, 
0.69686, 0.70038, 0.70053, 0.70117, 0.69749, 0.69925, 0.70447, 
0.70483, 0.70893, 0.71281, 0.69187, 0.69225, 0.69252, 0.69548, 
0.69081, 0.69119, 0.69153, 0.70106, 0.69798, 0.70703, 0.70954, 
0.572, 1.1978, 1.2628, 1.622, 1.0088, 1.4148, 2.09, 2.5768, 1.6172, 
6.8357, 5.2771, 777.9, 770.9, 867.2, 893.6, 1059.3, 1124.5, 1105, 
1200.1, 1294, 1289.3, 1350.9, 1625, 1029, 745, 1815, 864, 773, 
392, 641, 1106, 1427, 2088, 1, 1, 2, 1, 1, 1, 1, 1, 1, 1, 1, 
100, 100, 100, 100, 100, 100, 100, 100, 100, 100, 100, 2500, 
2500, 2500, 2500, 2500, 2500, 2500, 2500, 2500, 2500, 2500, 43424.381, 
46752, 59917.624, 64051.814, 82276.507, 88420.597, 98861.433, 
112215.568, 128744.458, 152806.223, 159763.987, 1, 1, 1, 1, 1, 
1, 1, 1, 1, 1, 1, 0.03846, 0.03846, 0.03846, 0.03846, 0.03846, 
0.03846, 0.03846, 0.03846, 0.03846, 0.03846, 0.03846, 0, 0, 0, 
0, 0, 0, 0, 0, 0, 0, 0, 0, 0, 0, 0, 0, 0, 0, 0, 0, 0, 0, 0.68753, 
0.68369, 0.69073, 0.68822, 0.69082, 0.69029, 0.69107, 0.6934, 
0.69154, 0.70054, 0.69937, 0.69117, 0.685, 0.69013, 0.68375, 
0.68874, 0.69606, 0.68744, 0.69252, 0.69598, 0.70207, 0.70192, 
0.5617, 0.655, 0.7525, 0.8872, 0.943, 1.1298, 1.294, 1.3963, 
1.5738, 1.766, 1.9305, 808.3, 878, 954.2, 1023.6, 1097.4, 1170.3, 
1244.5, 1308.9, 1375.9, 1433.9, 1500.9, 1, 1, 1, 1, 1, 1, 1, 
1, 1, 1, 1, 1, 1, 1, 1, 1, 1, 1, 1, 1, 1, 1, 1, 1, 1, 1, 1, 1, 
1, 1, 1, 1, 1, 1, 1, 1, 1, 1, 1, 1, 1, 1, 1, 1, 9.055, 9.86, 
10.962, 12.337, 12.914, 14.645, 16.917, 18.113, 20.719, 21.983, 
23.54), .Dim = c(11L, 40L), .Dimnames = list(NULL, c("Sampling", 
"PSO.cost", "PSO.gamma", "PSO.data.balancing", "PSO.feature.selection", 
"PSO.valid.acc", "PSO.test.acc", "PSO.train.time", "PSO.n.support.vectors", 
"PSO.index", "PSO.n.solutions", "PSO.generations", "PSO.n.evaluations", 
"PSO.cpu.time", "RS.cost", "RS.gamma", "RS.data.balancing", "RS.feature.selection", 
"RS.valid.acc", "RS.test.acc", "RS.train.time", "RS.n.support.vectors", 
"RS.index", "RS.n.solutions", "RS.generations", "RS.n.evaluations", 
"RS.cpu.time", "DF.cost", "DF.gamma", "DF.data.balancing", "DF.feature.selection", 
"DF.valid.acc", "DF.test.acc", "DF.train.time", "DF.n.support.vectors", 
"DF.index", "DF.n.solutions", "DF.generations", "DF.n.evaluations", 
"DF.cpu.time")))
