full <-
structure(c(50, 55, 60, 65, 70, 75, 80, 85, 90, 95, 100, 5.39134, 
3.64483, 7.1353, 5.85767, 6.79444, 13.50689, 15, 8.53036, 8.8778, 
14.47246, 1.56609, -11.00796, -7.74459, -10.91064, -8.81643, 
-7.91181, -12.4062, -11.98223, -10.32028, -9.75535, -13.03084, 
-3.52942, 0, 0, 0, 0, 0, 0, 0, 0, 0, 0, 0, 0, 0, 0, 0, 0, 0, 
0, 0, 0, 0, 0, 0.69264, 0.70218, 0.70213, 0.70172, 0.70282, 0.70523, 
0.70416, 0.70671, 0.70968, 0.71278, 0.71391, 0.68682, 0.69029, 
0.69363, 0.69783, 0.69449, 0.70086, 0.70008, 0.70244, 0.71007, 
0.70781, 0.70772, 0.6005, 0.677, 0.9275, 0.9887, 1.34, 3.1829, 
5.7831, 2.2231, 2.7997, 4.2866, 2.0177, 840.2, 845.7, 944.3, 
954.4, 983.5, 1023.5, 1088.4, 1229.5, 1260.8, 1283.2, 1457.2, 
1095, 2322, 1822, 800, 867, 1241, 1324, 1682, 1428, 2167, 2038, 
29, 5, 4, 131, 133, 1, 13, 30, 14, 2, 1, 100, 100, 100, 100, 
100, 100, 100, 100, 100, 100, 100, 2500, 2500, 2500, 2500, 2500, 
2500, 2500, 2500, 2500, 2500, 2500, 24503.012, 30395.641, 33430.394, 
38289.663, 48521.428, 88426.492, 130491.301, 68143.34, 95814.0930000001, 
119417.361, 84741.365, 7.58834, 3.04889, 7.08036, 5.8343, 7.25786, 
11.07264, 13.55597, 7.57132, 9.25301, 14.59933, 1.92775, -13.24358, 
-7.0451, -10.88283, -8.69568, -7.82562, -10.28807, -11.43706, 
-9.45616, -10.00073, -13.19942, -3.72904, 0, 0, 0, 0, 0, 0, 0, 
0, 0, 0, 0, 0, 0, 0, 0, 0, 0, 0, 0, 0, 0, 0, 0.69119, 0.69956, 
0.70152, 0.70116, 0.70126, 0.70473, 0.7028, 0.70543, 0.70847, 
0.71087, 0.71101, 0.69118, 0.6883, 0.69363, 0.69728, 0.6945, 
0.70135, 0.69918, 0.70031, 0.71087, 0.70743, 0.70664, 0.6199, 
0.6752, 0.922, 1.0355, 1.4654, 3.5164, 5.0193, 1.9469, 3.0572, 
4.2255, 1.9858, 862.4, 841.2, 940, 948.9, 978.6, 1036.3, 1091.2, 
1221.7, 1258.2, 1280.2, 1443.4, 62, 765, 2354, 2132, 240, 1171, 
167, 628, 400, 75, 30, 4, 1, 1, 1, 1, 2, 2, 2, 1, 1, 1, 100, 
100, 100, 100, 100, 100, 100, 100, 100, 100, 100, 2500, 2500, 
2500, 2500, 2500, 2500, 2500, 2500, 2500, 2500, 2500, 42988.68, 
50372.973, 58181.909, 73356.166, 88798.774, 96012.2810000001, 
103035.956, 124103.674, 129771.972, 149122.815, 160702.756, 1, 
1, 1, 1, 1, 1, 1, 1, 1, 1, 1, 0.03846, 0.03846, 0.03846, 0.03846, 
0.03846, 0.03846, 0.03846, 0.03846, 0.03846, 0.03846, 0.03846, 
0, 0, 0, 0, 0, 0, 0, 0, 0, 0, 0, 0, 0, 0, 0, 0, 0, 0, 0, 0, 0, 
0, 0.67518, 0.68102, 0.68699, 0.68495, 0.69037, 0.69166, 0.69192, 
0.69471, 0.69999, 0.70094, 0.7037, 0.68316, 0.68633, 0.68881, 
0.68719, 0.68883, 0.68875, 0.69011, 0.69514, 0.7012, 0.69903, 
0.70335, 0.5502, 0.6603, 0.7769, 0.9271, 1.0136, 1.1545, 1.295, 
1.4634, 1.6362, 1.7659, 1.8968, 805.3, 877.3, 953.7, 1019.3, 
1099, 1163.2, 1232.9, 1305.3, 1369.9, 1438.3, 1501.7, 1, 1, 1, 
1, 1, 1, 1, 1, 1, 1, 1, 1, 1, 1, 1, 1, 1, 1, 1, 1, 1, 1, 1, 1, 
1, 1, 1, 1, 1, 1, 1, 1, 1, 1, 1, 1, 1, 1, 1, 1, 1, 1, 1, 1, 8.614, 
9.867, 11.008, 12.759, 13.572, 14.988, 16.515, 18.58, 21.054, 
21.826, 24.235), .Dim = c(11L, 40L), .Dimnames = list(NULL, c("Sampling", 
"PSO.cost", "PSO.gamma", "PSO.data.balancing", "PSO.feature.selection", 
"PSO.valid.acc", "PSO.test.acc", "PSO.train.time", "PSO.n.support.vectors", 
"PSO.index", "PSO.n.solutions", "PSO.generations", "PSO.n.evaluations", 
"PSO.cpu.time", "RS.cost", "RS.gamma", "RS.data.balancing", "RS.feature.selection", 
"RS.valid.acc", "RS.test.acc", "RS.train.time", "RS.n.support.vectors", 
"RS.index", "RS.n.solutions", "RS.generations", "RS.n.evaluations", 
"RS.cpu.time", "DF.cost", "DF.gamma", "DF.data.balancing", "DF.feature.selection", 
"DF.valid.acc", "DF.test.acc", "DF.train.time", "DF.n.support.vectors", 
"DF.index", "DF.n.solutions", "DF.generations", "DF.n.evaluations", 
"DF.cpu.time")))
