full <-
structure(c(50, 55, 60, 65, 70, 75, 80, 85, 90, 95, 100, 14.63289, 
14.98363, 13.42304, 14.87837, 13.01921, 8.39025, 7.24156, 6.60627, 
15, 14.71955, 14.28329, -14.99898, -14.97741, -15, -12.58636, 
-11.91953, -10.23444, -8.44731, -8.06433, -14.50013, -13.4546, 
-12.73751, 0, 0, 0, 0, 0, 0, 0, 0, 0, 0, 0, 0, 0, 0, 0, 0, 0, 
0, 0, 0, 0, 0, 0.71009, 0.71003, 0.70939, 0.71289, 0.7209, 0.71491, 
0.71775, 0.71734, 0.71452, 0.71199, 0.71392, 0.69703, 0.69747, 
0.70514, 0.70897, 0.71261, 0.70715, 0.7096, 0.70669, 0.70966, 
0.70588, 0.70918, 0.8542, 1.0363, 1.0224, 2.636, 2.6334, 1.5263, 
1.5406, 1.6852, 2.6378, 3.6059, 4.9842, 677.4, 738.3, 822.1, 
877.3, 944, 1054.1, 1087.5, 1164.3, 1202.1, 1279.3, 1347.1, 658, 
1115, 456, 2134, 2057, 2122, 1043, 1039, 1958, 2103, 1999, 12, 
1, 302, 11, 1, 43, 8, 47, 6, 1, 1, 100, 100, 100, 100, 100, 100, 
100, 100, 100, 100, 100, 2500, 2500, 2500, 2500, 2500, 2500, 
2500, 2500, 2500, 2500, 2500, 29242.606, 33477.027, 42142.697, 
69860.177, 76388.221, 57813.112, 62442.248, 104739.644, 74657.0279999999, 
106942.915, 153654.687, 14.76789, 14.16244, 14.74718, 14.21146, 
14.85817, 6.99528, 6.35503, 7.11551, 12.29178, 13.22451, 14.16148, 
-14.99841, -14.56602, -14.5144, -12.23566, -12.00419, -8.9665, 
-8.37816, -8.23081, -14.01385, -12.73856, -12.59069, 0, 0, 0, 
0, 0, 0, 0, 0, 0, 0, 0, 0, 0, 0, 0, 0, 0, 0, 0, 0, 0, 0, 0.71008, 
0.70672, 0.70818, 0.71066, 0.7209, 0.71491, 0.71686, 0.71564, 
0.71371, 0.71047, 0.71246, 0.6963, 0.7001, 0.70513, 0.70953, 
0.71625, 0.70714, 0.71187, 0.70753, 0.70524, 0.70626, 0.70773, 
0.8452, 1.0171, 1.2406, 2.5719, 3.7186, 1.3688, 1.4233, 1.8017, 
2.4172, 3.6893, 5.0038, 676.1, 746.9, 798.1, 880.4, 931.3, 1042.1, 
1100.2, 1161.2, 1244.3, 1292.7, 1346.7, 102, 79, 2027, 997, 1155, 
1788, 783, 187, 1422, 648, 506, 1, 1, 2, 1, 1, 1, 1, 1, 1, 1, 
2, 100, 100, 100, 100, 100, 100, 100, 100, 100, 100, 100, 2500, 
2500, 2500, 2500, 2500, 2500, 2500, 2500, 2500, 2500, 2500, 38200.907, 
45986.642, 52994.35, 63381.831, 73454.228, 79240.607, 90827.617, 
102314.759, 133980.083, 141861.202, 160952.347, 1, 1, 1, 1, 1, 
1, 1, 1, 1, 1, 1, 0.03846, 0.03846, 0.03846, 0.03846, 0.03846, 
0.03846, 0.03846, 0.03846, 0.03846, 0.03846, 0.03846, 0, 0, 0, 
0, 0, 0, 0, 0, 0, 0, 0, 0, 0, 0, 0, 0, 0, 0, 0, 0, 0, 0, 0.68973, 
0.6974, 0.69793, 0.69841, 0.70069, 0.7028, 0.70867, 0.70156, 
0.70119, 0.69748, 0.69826, 0.68466, 0.69613, 0.70037, 0.70285, 
0.69916, 0.70425, 0.70277, 0.70156, 0.70119, 0.69862, 0.70189, 
0.4901, 0.5692, 0.6655, 0.8037, 0.9126, 1.0265, 1.1386, 1.2505, 
1.4453, 1.6268, 1.8062, 778.3, 841.6, 913.2, 992.7, 1056.7, 1125.9, 
1189.3, 1275.1, 1359, 1432, 1504, 1, 1, 1, 1, 1, 1, 1, 1, 1, 
1, 1, 1, 1, 1, 1, 1, 1, 1, 1, 1, 1, 1, 1, 1, 1, 1, 1, 1, 1, 1, 
1, 1, 1, 1, 1, 1, 1, 1, 1, 1, 1, 1, 1, 1, 7.753, 8.547, 9.688, 
11.262, 12.513, 13.632, 14.655, 15.976, 17.818, 19.839, 21.682
), .Dim = c(11L, 40L), .Dimnames = list(NULL, c("Sampling", "PSO.cost", 
"PSO.gamma", "PSO.data.balancing", "PSO.feature.selection", "PSO.valid.acc", 
"PSO.test.acc", "PSO.train.time", "PSO.n.support.vectors", "PSO.index", 
"PSO.n.solutions", "PSO.generations", "PSO.n.evaluations", "PSO.cpu.time", 
"RS.cost", "RS.gamma", "RS.data.balancing", "RS.feature.selection", 
"RS.valid.acc", "RS.test.acc", "RS.train.time", "RS.n.support.vectors", 
"RS.index", "RS.n.solutions", "RS.generations", "RS.n.evaluations", 
"RS.cpu.time", "DF.cost", "DF.gamma", "DF.data.balancing", "DF.feature.selection", 
"DF.valid.acc", "DF.test.acc", "DF.train.time", "DF.n.support.vectors", 
"DF.index", "DF.n.solutions", "DF.generations", "DF.n.evaluations", 
"DF.cpu.time")))
