full <-
structure(c(50, 55, 60, 65, 70, 75, 80, 85, 90, 95, 100, 14.93282, 
12.12729, 5.2253, 5.15048, 14.44443, 1.30748, 7.05355, 9.9981, 
11.8564, 8.18931, 14.93282, -14.86933, -14.35818, -7.30994, -7.94152, 
-14.83086, -4.00778, -8.31221, -9.93969, -11.73969, -9.58434, 
-14.90163, 0, 0, 0, 0, 0, 0, 0, 0, 0, 0, 0, 0, 0, 0, 0, 0, 0, 
0, 0, 0, 0, 0, 0.70424, 0.70012, 0.70405, 0.70338, 0.7028, 0.70571, 
0.71146, 0.71523, 0.71407, 0.71698, 0.71463, 0.69915, 0.69813, 
0.69918, 0.69949, 0.70025, 0.69797, 0.70828, 0.71394, 0.70562, 
0.71468, 0.7059, 0.9759, 1.0377, 0.913, 1.006, 1.6342, 1.129, 
1.7296, 2.9945, 3.934, 2.7716, 3.2959, 703, 810.4, 873.9, 961.6, 
978.5, 1121.5, 1118, 1180.9, 1241.6, 1347.2, 1340.1, 1485, 491, 
1817, 468, 1446, 868, 631, 1271, 720, 1767, 926, 2, 29, 3, 169, 
1, 182, 49, 80, 33, 238, 2, 100, 100, 100, 100, 100, 100, 100, 
100, 100, 100, 100, 2500, 2500, 2500, 2500, 2500, 2500, 2500, 
2500, 2500, 2500, 2500, 34938.659, 39934.776, 36116.74, 40405.749, 
58064.966, 47361.95, 56667.3859999999, 100518.134, 114630.865, 
89019.3470000001, 101494.946, 13.11549, 7.75758, 8.47549, 5.1738, 
13.77881, 0.9369, 9.04199, 9.5896, 11.90847, 14.67096, 13.97168, 
-13.02047, -9.07578, -9.19299, -8.18889, -14.28252, -3.89109, 
-9.29742, -9.84522, -11.77746, -12.13687, -14.50883, 0, 0, 0, 
0, 0, 0, 0, 0, 0, 0, 0, 0, 0, 0, 0, 0, 0, 0, 0, 0, 0, 0, 0.70208, 
0.70139, 0.70343, 0.70229, 0.70227, 0.70473, 0.71146, 0.7148, 
0.71327, 0.71546, 0.71318, 0.69916, 0.69086, 0.69919, 0.70005, 
0.6992, 0.69797, 0.70828, 0.71266, 0.70602, 0.71049, 0.70627, 
1.2262, 0.9828, 1.2985, 0.9925, 1.7548, 1.1311, 2.3319, 2.8045, 
4.0285, 6.1494, 3.3747, 712.5, 808.8, 868.6, 966.5, 981.7, 1132.2, 
1109.6, 1187.7, 1240.2, 1283, 1351.1, 903, 389, 215, 59, 77, 
2156, 460, 50, 2163, 455, 72, 1, 1, 2, 1, 1, 1, 2, 3, 1, 1, 1, 
100, 100, 100, 100, 100, 100, 100, 100, 100, 100, 100, 2500, 
2500, 2500, 2500, 2500, 2500, 2500, 2500, 2500, 2500, 2500, 46018.888, 
56666.759, 66834.648, 67966.903, 75152.436, 87529.561, 102127.422, 
114120.805, 131723.753, 155944.736, 176168.739, 1, 1, 1, 1, 1, 
1, 1, 1, 1, 1, 1, 0.03846, 0.03846, 0.03846, 0.03846, 0.03846, 
0.03846, 0.03846, 0.03846, 0.03846, 0.03846, 0.03846, 0, 0, 0, 
0, 0, 0, 0, 0, 0, 0, 0, 0, 0, 0, 0, 0, 0, 0, 0, 0, 0, 0, 0.68824, 
0.6869, 0.69798, 0.69392, 0.69085, 0.69507, 0.70373, 0.70155, 
0.70401, 0.69942, 0.7012, 0.6897, 0.69283, 0.69557, 0.69224, 
0.69236, 0.69605, 0.70282, 0.69856, 0.70038, 0.70056, 0.7001, 
0.5537, 0.6816, 0.7772, 0.8758, 0.9843, 1.1106, 1.271, 1.398, 
1.6286, 1.8419, 1.9308, 812.1, 888.7, 956.6, 1033.5, 1099, 1164.8, 
1223, 1295.5, 1375.1, 1441.5, 1505.2, 1, 1, 1, 1, 1, 1, 1, 1, 
1, 1, 1, 1, 1, 1, 1, 1, 1, 1, 1, 1, 1, 1, 1, 1, 1, 1, 1, 1, 1, 
1, 1, 1, 1, 1, 1, 1, 1, 1, 1, 1, 1, 1, 1, 1, 9.935, 11.615, 11.383, 
12.521, 13.528, 14.821, 18.285, 17.91, 20.2, 22.769, 23.394), .Dim = c(11L, 
40L), .Dimnames = list(NULL, c("Sampling", "PSO.cost", "PSO.gamma", 
"PSO.data.balancing", "PSO.feature.selection", "PSO.valid.acc", 
"PSO.test.acc", "PSO.train.time", "PSO.n.support.vectors", "PSO.index", 
"PSO.n.solutions", "PSO.generations", "PSO.n.evaluations", "PSO.cpu.time", 
"RS.cost", "RS.gamma", "RS.data.balancing", "RS.feature.selection", 
"RS.valid.acc", "RS.test.acc", "RS.train.time", "RS.n.support.vectors", 
"RS.index", "RS.n.solutions", "RS.generations", "RS.n.evaluations", 
"RS.cpu.time", "DF.cost", "DF.gamma", "DF.data.balancing", "DF.feature.selection", 
"DF.valid.acc", "DF.test.acc", "DF.train.time", "DF.n.support.vectors", 
"DF.index", "DF.n.solutions", "DF.generations", "DF.n.evaluations", 
"DF.cpu.time")))
