full <-
structure(c(50, 55, 60, 65, 70, 75, 80, 85, 90, 95, 100, 14.36855, 
14.26638, 13.6711, 13.27152, 8.13781, 10.38771, 3.36606, 12.16563, 
11.65151, 13.09092, 13.22824, -15, -14.90634, -14.98944, -14.97128, 
-8.93724, -12.80768, -6.19952, -12.97765, -9.41308, -10.5631, 
-12.24564, 0, 0, 0, 0, 0, 0, 0, 0, 0, 0, 0, 0, 0, 0, 0, 0, 0, 
0, 0, 0, 0, 0, 0.70638, 0.71465, 0.71365, 0.71397, 0.71105, 0.71114, 
0.70736, 0.70924, 0.71246, 0.71044, 0.71714, 0.70269, 0.71002, 
0.70698, 0.70727, 0.70532, 0.7029, 0.701, 0.70585, 0.70197, 0.70395, 
0.7135, 0.5729, 1.0819, 0.7385, 1.3635, 1.4362, 1.8089, 1.3187, 
2.8059, 5.6245, 7.6177, 5.0695, 689.4, 750.7, 830.9, 907.5, 967, 
1108.5, 1150.7, 1193.9, 1216.8, 1284.2, 1355.9, 131, 1983, 2449, 
1616, 2182, 1950, 2009, 2094, 1253, 1457, 1184, 1402, 3, 1, 5, 
1, 1, 8, 1, 15, 1, 1, 100, 100, 100, 100, 100, 100, 100, 100, 
100, 100, 100, 2500, 2500, 2500, 2500, 2500, 2500, 2500, 2500, 
2500, 2500, 2500, 30569.742, 40142.542, 28161.204, 42301.982, 
47867.566, 58231.367, 104028.156, 75606.049, 132184.964, 141206.089, 
135553.064, 14.20751, 7.75905, 3.34816, 11.83468, 9.60931, 13.87203, 
5.4077, 9.19563, 11.493, 14.23975, 12.59876, -14.91864, -7.54719, 
-5.33194, -13.46805, -9.70604, -13.17369, -7.63643, -10.88127, 
-9.37941, -11.23015, -11.94818, 0, 0, 0, 0, 0, 0, 0, 0, 0, 0, 
0, 0, 0, 0, 0, 0, 0, 0, 0, 0, 0, 0, 0.70493, 0.71334, 0.71179, 
0.71286, 0.70951, 0.71065, 0.70419, 0.70795, 0.71206, 0.71006, 
0.71677, 0.70414, 0.70672, 0.70389, 0.70727, 0.70532, 0.7053, 
0.70148, 0.70541, 0.70278, 0.70548, 0.71278, 0.9244, 0.8602, 
0.4975, 0.9466, 1.8689, 1.5849, 1.4515, 1.4752, 5.3077, 4.6288, 
5.1243, 688.3, 757.6, 859.8, 925.8, 963.6, 1027.8, 1143.3, 1228.7, 
1217.4, 1278.8, 1361.7, 1095, 2006, 400, 502, 2211, 774, 1310, 
696, 2436, 938, 2469, 1, 1, 1, 2, 1, 1, 1, 2, 1, 1, 1, 100, 100, 
100, 100, 100, 100, 100, 100, 100, 100, 100, 2500, 2500, 2500, 
2500, 2500, 2500, 2500, 2500, 2500, 2500, 2500, 41254.416, 48679.099, 
43202.994, 57600.21, 65752.341, 76138.975, 103205.536, 105407.799, 
133933.94, 150437.874, 155500.511, 1, 1, 1, 1, 1, 1, 1, 1, 1, 
1, 1, 0.03846, 0.03846, 0.03846, 0.03846, 0.03846, 0.03846, 0.03846, 
0.03846, 0.03846, 0.03846, 0.03846, 0, 0, 0, 0, 0, 0, 0, 0, 0, 
0, 0, 0, 0, 0, 0, 0, 0, 0, 0, 0, 0, 0, 0.67728, 0.69814, 0.6997, 
0.7017, 0.69963, 0.69807, 0.69239, 0.69643, 0.69756, 0.70357, 
0.70298, 0.69113, 0.69816, 0.70151, 0.69947, 0.70224, 0.7029, 
0.69466, 0.69898, 0.70159, 0.70243, 0.70078, 0.5284, 0.6118, 
0.7309, 0.841, 0.9443, 1.136, 1.2903, 1.4423, 1.5571, 1.7328, 
1.9095, 783.4, 851.2, 937.7, 1007.7, 1070.5, 1151.4, 1237.1, 
1308.7, 1365.7, 1433.7, 1500.4, 1, 1, 1, 1, 1, 1, 1, 1, 1, 1, 
1, 1, 1, 1, 1, 1, 1, 1, 1, 1, 1, 1, 1, 1, 1, 1, 1, 1, 1, 1, 1, 
1, 1, 1, 1, 1, 1, 1, 1, 1, 1, 1, 1, 1, 8.131, 8.895, 10.24, 12.29, 
12.372, 15.354, 17.128, 17.923, 19.884, 21.186, 23.005), .Dim = c(11L, 
40L), .Dimnames = list(NULL, c("Sampling", "PSO.cost", "PSO.gamma", 
"PSO.data.balancing", "PSO.feature.selection", "PSO.valid.acc", 
"PSO.test.acc", "PSO.train.time", "PSO.n.support.vectors", "PSO.index", 
"PSO.n.solutions", "PSO.generations", "PSO.n.evaluations", "PSO.cpu.time", 
"RS.cost", "RS.gamma", "RS.data.balancing", "RS.feature.selection", 
"RS.valid.acc", "RS.test.acc", "RS.train.time", "RS.n.support.vectors", 
"RS.index", "RS.n.solutions", "RS.generations", "RS.n.evaluations", 
"RS.cpu.time", "DF.cost", "DF.gamma", "DF.data.balancing", "DF.feature.selection", 
"DF.valid.acc", "DF.test.acc", "DF.train.time", "DF.n.support.vectors", 
"DF.index", "DF.n.solutions", "DF.generations", "DF.n.evaluations", 
"DF.cpu.time")))
