full <-
structure(c(50, 55, 60, 65, 70, 75, 80, 85, 90, 95, 100, 2.18788, 
7.95669, 3.79315, 9.4885, 5.67236, 5.63419, 6.19217, 14.92256, 
12.63606, 15, 8.25915, -5.60807, -9.40858, -6.13993, -11.005, 
-6.71552, -6.96061, -9.27255, -14.16513, -13.13804, -12.9248, 
-9.74094, 0, 0, 0, 0, 0, 0, 0, 0, 0, 0, 0, 0, 0, 0, 0, 0, 0, 
0, 0, 0, 0, 0, 0.71945, 0.71469, 0.70821, 0.70395, 0.70536, 0.70765, 
0.71054, 0.71226, 0.71254, 0.71429, 0.7154, 0.71946, 0.69883, 
0.70275, 0.69895, 0.69552, 0.70427, 0.70195, 0.70799, 0.70688, 
0.7078, 0.70741, 0.5403, 0.8704, 0.8313, 1.4535, 1.1377, 1.3451, 
1.5112, 2.9069, 3.3721, 5.2949, 3.1064, 739.9, 787.4, 870.9, 
952.2, 978, 1056, 1178, 1156.1, 1244.7, 1287.8, 1411.6, 1743, 
485, 1569, 590, 1958, 558, 1218, 2302, 476, 2285, 1132, 8, 173, 
38, 113, 4, 318, 67, 1, 13, 1, 110, 100, 100, 100, 100, 100, 
100, 100, 100, 100, 100, 100, 2500, 2500, 2500, 2500, 2500, 2500, 
2500, 2500, 2500, 2500, 2500, 23172.013, 31021.238, 37366.172, 
54321.582, 71844.074, 49985.373, 53894.2679999999, 126029.126, 
90515.9510000001, 156065.77, 106619.864, 1.9195, 8.2551, 3.91294, 
14.40254, 5.58559, 5.7416, 5.79816, 14.1061, 8.88757, 14.73678, 
8.115, -5.58066, -10.12815, -6.18245, -11.3848, -6.62634, -7.34514, 
-8.93429, -13.589, -9.88846, -12.78173, -9.7409, 0, 0, 0, 0, 
0, 0, 0, 0, 0, 0, 0, 0, 0, 0, 0, 0, 0, 0, 0, 0, 0, 0, 0.71802, 
0.7127, 0.7064, 0.70228, 0.70484, 0.7062, 0.71009, 0.71183, 0.71132, 
0.712, 0.71431, 0.71728, 0.70345, 0.70274, 0.69723, 0.69501, 
0.70429, 0.69968, 0.70585, 0.70567, 0.70665, 0.70851, 0.5512, 
0.8359, 0.8626, 3.7478, 1.1579, 1.3689, 1.4981, 2.9732, 2.8252, 
5.2891, 2.9959, 746, 800.1, 871, 887.3, 979.6, 1061.8, 1173.2, 
1162.9, 1271.9, 1289.5, 1417, 1662, 14, 2041, 2300, 1642, 912, 
1871, 403, 497, 2499, 334, 1, 2, 1, 1, 1, 1, 1, 2, 1, 1, 1, 100, 
100, 100, 100, 100, 100, 100, 100, 100, 100, 100, 2500, 2500, 
2500, 2500, 2500, 2500, 2500, 2500, 2500, 2500, 2500, 41595.27, 
48683.921, 60337.068, 68665.995, 81533.008, 95695.747, 111956.893, 
125836.332, 141492.982, 153387.5, 168791.567, 1, 1, 1, 1, 1, 
1, 1, 1, 1, 1, 1, 0.03846, 0.03846, 0.03846, 0.03846, 0.03846, 
0.03846, 0.03846, 0.03846, 0.03846, 0.03846, 0.03846, 0, 0, 0, 
0, 0, 0, 0, 0, 0, 0, 0, 0, 0, 0, 0, 0, 0, 0, 0, 0, 0, 0, 0.71143, 
0.70017, 0.70518, 0.69389, 0.69296, 0.6941, 0.70331, 0.70072, 
0.70243, 0.7009, 0.69867, 0.71146, 0.70346, 0.70033, 0.69392, 
0.69658, 0.69459, 0.69381, 0.702, 0.69921, 0.69785, 0.69721, 
0.5364, 0.6401, 0.7789, 0.8723, 1.0246, 1.1772, 1.2678, 1.4621, 
1.5966, 1.7983, 1.9304, 786.3, 864.6, 945.1, 1013.3, 1088.8, 
1165.4, 1225.3, 1293.8, 1372.3, 1449.4, 1502, 1, 1, 1, 1, 1, 
1, 1, 1, 1, 1, 1, 1, 1, 1, 1, 1, 1, 1, 1, 1, 1, 1, 1, 1, 1, 1, 
1, 1, 1, 1, 1, 1, 1, 1, 1, 1, 1, 1, 1, 1, 1, 1, 1, 1, 8.857, 
9.952, 11.239, 12.285, 13.905, 15.479, 16.307, 18.633, 19.628, 
22.247, 23.289), .Dim = c(11L, 40L), .Dimnames = list(NULL, c("Sampling", 
"PSO.cost", "PSO.gamma", "PSO.data.balancing", "PSO.feature.selection", 
"PSO.valid.acc", "PSO.test.acc", "PSO.train.time", "PSO.n.support.vectors", 
"PSO.index", "PSO.n.solutions", "PSO.generations", "PSO.n.evaluations", 
"PSO.cpu.time", "RS.cost", "RS.gamma", "RS.data.balancing", "RS.feature.selection", 
"RS.valid.acc", "RS.test.acc", "RS.train.time", "RS.n.support.vectors", 
"RS.index", "RS.n.solutions", "RS.generations", "RS.n.evaluations", 
"RS.cpu.time", "DF.cost", "DF.gamma", "DF.data.balancing", "DF.feature.selection", 
"DF.valid.acc", "DF.test.acc", "DF.train.time", "DF.n.support.vectors", 
"DF.index", "DF.n.solutions", "DF.generations", "DF.n.evaluations", 
"DF.cpu.time")))
