full <-
structure(c(50, 55, 60, 65, 70, 75, 80, 85, 90, 95, 100, 8.93273, 
10.76062, 2.4946, 14.92752, 8.67288, 4.72644, 11.90686, 7.9717, 
13.48987, 5.09488, 12.44434, -9.05086, -8.65557, -6.01558, -11.19308, 
-10.08514, -8.79761, -9.92192, -9.65935, -14.99567, -5.41466, 
-12.65351, 0, 0, 0, 0, 0, 0, 0, 0, 0, 0, 0, 0, 0, 0, 0, 0, 0, 
0, 0, 0, 0, 0, 0.69913, 0.70472, 0.70578, 0.69892, 0.70853, 0.70615, 
0.70412, 0.70666, 0.70846, 0.70512, 0.71206, 0.68827, 0.69681, 
0.69911, 0.68997, 0.70231, 0.6984, 0.70095, 0.70453, 0.70362, 
0.70016, 0.70661, 0.6389, 1.2228, 0.7839, 4.5086, 1.6439, 1.2549, 
4.6468, 2.2079, 2.5194, 2.1055, 4.2565, 686.8, 754.2, 896.2, 
898.3, 1018, 1146.9, 1108.6, 1233.3, 1242.2, 1325.5, 1370.6, 
841, 1662, 1395, 2404, 631, 474, 1988, 940, 1318, 2278, 1840, 
51, 7, 28, 2, 62, 154, 2, 102, 4, 1, 1, 100, 100, 100, 100, 100, 
100, 100, 100, 100, 100, 100, 2500, 2500, 2500, 2500, 2500, 2500, 
2500, 2500, 2500, 2500, 2500, 26226.924, 44761.044, 31340.224, 
110535.18, 52165.096, 46300.9179999999, 132695.846, 74688.8350000001, 
80171.105, 72070.3060000001, 122641.499, 4.12065, 11.33367, 2.29309, 
14.84833, 3.60553, 4.62023, 11.40697, 7.68853, 13.31787, 3.9417, 
12.25326, -5.06748, -8.99552, -6.03375, -11.1711, -8.13296, -8.73348, 
-9.78889, -9.45066, -14.91408, -5.43933, -12.48565, 0, 0, 0, 
0, 0, 0, 0, 0, 0, 0, 0, 0, 0, 0, 0, 0, 0, 0, 0, 0, 0, 0, 0.69914, 
0.7034, 0.70457, 0.69667, 0.7075, 0.7047, 0.70367, 0.70581, 0.70765, 
0.70473, 0.71097, 0.69043, 0.69549, 0.69668, 0.68941, 0.69918, 
0.69888, 0.70095, 0.70538, 0.70483, 0.70322, 0.70734, 0.5318, 
1.3689, 0.748, 4.2159, 1.0611, 1.2807, 4.3334, 2.1499, 2.5024, 
1.9403, 4.3896, 707.1, 753.9, 902.8, 896.5, 1085.8, 1149, 1110.6, 
1230.3, 1244, 1331.7, 1368.3, 1154, 694, 1197, 244, 1715, 1847, 
266, 634, 1817, 1636, 2234, 1, 1, 1, 1, 2, 1, 1, 1, 1, 3, 4, 
100, 100, 100, 100, 100, 100, 100, 100, 100, 100, 100, 2500, 
2500, 2500, 2500, 2500, 2500, 2500, 2500, 2500, 2500, 2500, 40020.093, 
45170.435, 58272.458, 67704.33, 82272.47, 95131.446, 108666.668, 
123845.954, 138530.201, 152971.894, 163893.168, 1, 1, 1, 1, 1, 
1, 1, 1, 1, 1, 1, 0.03846, 0.03846, 0.03846, 0.03846, 0.03846, 
0.03846, 0.03846, 0.03846, 0.03846, 0.03846, 0.03846, 0, 0, 0, 
0, 0, 0, 0, 0, 0, 0, 0, 0, 0, 0, 0, 0, 0, 0, 0, 0, 0, 0, 0.68749, 
0.69419, 0.69549, 0.69278, 0.69558, 0.69894, 0.69553, 0.69257, 
0.69554, 0.69595, 0.70078, 0.68173, 0.6889, 0.69182, 0.69558, 
0.69404, 0.69793, 0.69872, 0.69257, 0.69554, 0.69977, 0.7026, 
0.513, 0.6467, 0.7355, 0.9099, 1.0067, 1.1799, 1.3168, 1.4713, 
1.6591, 1.8428, 1.944, 785.8, 862.4, 944.4, 1027.9, 1094.2, 1165.5, 
1242.1, 1312.3, 1376.6, 1450.5, 1506.6, 1, 1, 1, 1, 1, 1, 1, 
1, 1, 1, 1, 1, 1, 1, 1, 1, 1, 1, 1, 1, 1, 1, 1, 1, 1, 1, 1, 1, 
1, 1, 1, 1, 1, 1, 1, 1, 1, 1, 1, 1, 1, 1, 1, 1, 8.16, 9.855, 
10.503, 12.705, 13.504, 15.547, 18.007, 19.484, 21.426, 23.472, 
24.523), .Dim = c(11L, 40L), .Dimnames = list(NULL, c("Sampling", 
"PSO.cost", "PSO.gamma", "PSO.data.balancing", "PSO.feature.selection", 
"PSO.valid.acc", "PSO.test.acc", "PSO.train.time", "PSO.n.support.vectors", 
"PSO.index", "PSO.n.solutions", "PSO.generations", "PSO.n.evaluations", 
"PSO.cpu.time", "RS.cost", "RS.gamma", "RS.data.balancing", "RS.feature.selection", 
"RS.valid.acc", "RS.test.acc", "RS.train.time", "RS.n.support.vectors", 
"RS.index", "RS.n.solutions", "RS.generations", "RS.n.evaluations", 
"RS.cpu.time", "DF.cost", "DF.gamma", "DF.data.balancing", "DF.feature.selection", 
"DF.valid.acc", "DF.test.acc", "DF.train.time", "DF.n.support.vectors", 
"DF.index", "DF.n.solutions", "DF.generations", "DF.n.evaluations", 
"DF.cpu.time")))
