full <-
structure(c(50, 55, 60, 65, 70, 75, 80, 85, 90, 95, 100, 13.6318, 
3.81812, 11.12592, 13.53373, 5.04164, 13.76255, 14.74041, 13.09559, 
12.98587, 8.23061, 10.30585, -12.63109, -9.17804, -11.60878, 
-14.831, -6.89999, -11.92888, -13.98119, -11.22383, -13.98182, 
-8.62597, -11.58979, 0, 0, 0, 0, 0, 0, 0, 0, 0, 0, 0, 0, 0, 0, 
0, 0, 0, 0, 0, 0, 0, 0, 0.69488, 0.70079, 0.69188, 0.70448, 0.70123, 
0.70437, 0.71411, 0.7118, 0.71129, 0.71351, 0.71575, 0.68031, 
0.69419, 0.68947, 0.70058, 0.6945, 0.70047, 0.70823, 0.7058, 
0.70685, 0.70586, 0.7092, 1.1132, 0.6687, 1.4981, 1.2686, 1.1376, 
3.5102, 2.3927, 5.4027, 2.8015, 2.9787, 3.938, 694.1, 887.1, 
851.8, 906.3, 1000.2, 1034.5, 1081.7, 1155.6, 1234.7, 1298.4, 
1403, 1406, 2486, 2105, 914, 264, 719, 2451, 869, 1900, 1664, 
1409, 1, 1, 1, 1, 138, 4, 1, 6, 1, 40, 9, 100, 100, 100, 100, 
100, 100, 100, 100, 100, 100, 100, 2500, 2500, 2500, 2500, 2500, 
2500, 2500, 2500, 2500, 2500, 2500, 37735.197, 28376.73, 45674.764, 
44388.576, 61154.032, 104128.196, 73126.6379999999, 129091.107, 
84083.554, 98935.956, 117374.217, 12.36023, 2.19252, 10.06115, 
11.58679, 12.24355, 13.95342, 14.76421, 12.56035, 11.75937, 13.68524, 
9.80939, -11.88187, -7.4211, -11.06015, -13.2649, -13.29589, 
-11.97155, -13.97136, -10.6559, -12.77421, -11.36275, -11.17964, 
0, 0, 0, 0, 0, 0, 0, 0, 0, 0, 0, 0, 0, 0, 0, 0, 0, 0, 0, 0, 0, 
0, 0.69124, 0.70079, 0.69068, 0.70335, 0.70072, 0.70388, 0.71185, 
0.71137, 0.71089, 0.71274, 0.71393, 0.68249, 0.69221, 0.68887, 
0.69834, 0.69448, 0.69999, 0.70688, 0.70795, 0.70484, 0.70776, 
0.7092, 1.1049, 0.6575, 1.312, 1.5014, 1.7435, 3.6377, 2.5071, 
5.2932, 3.128, 6.7974, 3.7965, 701.8, 875.5, 860.5, 922.8, 989.5, 
1031.8, 1080.5, 1155.6, 1250.3, 1280.9, 1416.4, 317, 723, 219, 
1999, 737, 687, 1262, 343, 2144, 1671, 1113, 1, 1, 1, 1, 1, 1, 
2, 3, 1, 1, 1, 100, 100, 100, 100, 100, 100, 100, 100, 100, 100, 
100, 2500, 2500, 2500, 2500, 2500, 2500, 2500, 2500, 2500, 2500, 
2500, 44254.606, 51368.474, 63948.171, 71634.064, 83010.21, 101712.054, 
106678.348, 124375.946, 131986.674, 149216.56, 161805.587, 1, 
1, 1, 1, 1, 1, 1, 1, 1, 1, 1, 0.03846, 0.03846, 0.03846, 0.03846, 
0.03846, 0.03846, 0.03846, 0.03846, 0.03846, 0.03846, 0.03846, 
0, 0, 0, 0, 0, 0, 0, 0, 0, 0, 0, 0, 0, 0, 0, 0, 0, 0, 0, 0, 0, 
0, 0.67887, 0.69484, 0.68161, 0.6871, 0.68466, 0.68792, 0.69327, 
0.69087, 0.69554, 0.70206, 0.69904, 0.67891, 0.69221, 0.68344, 
0.68766, 0.69087, 0.68742, 0.69328, 0.69472, 0.69514, 0.69823, 
0.69941, 0.531, 0.6464, 0.7719, 0.9048, 0.9919, 1.1508, 1.2722, 
1.4516, 1.6447, 1.7751, 1.9171, 797.7, 874.2, 950.6, 1010.8, 
1094.7, 1159.4, 1218.5, 1291.4, 1366, 1431.4, 1501, 1, 1, 1, 
1, 1, 1, 1, 1, 1, 1, 1, 1, 1, 1, 1, 1, 1, 1, 1, 1, 1, 1, 1, 1, 
1, 1, 1, 1, 1, 1, 1, 1, 1, 1, 1, 1, 1, 1, 1, 1, 1, 1, 1, 1, 8.241, 
9.576, 10.991, 12.606, 13.388, 15.173, 16.365, 18.33, 20.221, 
22.047, 22.916), .Dim = c(11L, 40L), .Dimnames = list(NULL, c("Sampling", 
"PSO.cost", "PSO.gamma", "PSO.data.balancing", "PSO.feature.selection", 
"PSO.valid.acc", "PSO.test.acc", "PSO.train.time", "PSO.n.support.vectors", 
"PSO.index", "PSO.n.solutions", "PSO.generations", "PSO.n.evaluations", 
"PSO.cpu.time", "RS.cost", "RS.gamma", "RS.data.balancing", "RS.feature.selection", 
"RS.valid.acc", "RS.test.acc", "RS.train.time", "RS.n.support.vectors", 
"RS.index", "RS.n.solutions", "RS.generations", "RS.n.evaluations", 
"RS.cpu.time", "DF.cost", "DF.gamma", "DF.data.balancing", "DF.feature.selection", 
"DF.valid.acc", "DF.test.acc", "DF.train.time", "DF.n.support.vectors", 
"DF.index", "DF.n.solutions", "DF.generations", "DF.n.evaluations", 
"DF.cpu.time")))
