full <-
structure(c(50, 55, 60, 65, 70, 75, 80, 85, 90, 95, 100, 13.16941, 
14.92364, 12.713, 11.1639, 7.66946, 9.10265, 10.85568, 1.61966, 
8.17308, 12.43, 15, -10.42212, -14.4106, -10.85073, -9.53301, 
-9.3188, -7.42941, -8.81829, -3.5429, -9.28788, -13.54805, -12.42195, 
0, 0, 0, 0, 0, 0, 0, 0, 0, 0, 0, 0, 0, 0, 0, 0, 0, 0, 0, 0, 0, 
0, 0.72591, 0.71995, 0.72396, 0.71508, 0.71941, 0.71884, 0.71915, 
0.71824, 0.71573, 0.71241, 0.71683, 0.71578, 0.71268, 0.71063, 
0.71846, 0.7106, 0.71688, 0.71278, 0.71015, 0.70605, 0.71048, 
0.70774, 2.685, 1.2245, 3.0124, 3.3141, 1.3326, 2.2432, 4.2586, 
1.4717, 2.5157, 3.2385, 6.5157, 663.5, 726.3, 806.2, 883, 979.3, 
1013.6, 1082.7, 1233.3, 1241.8, 1306.4, 1336.7, 1743, 2457, 797, 
613, 2225, 985, 1458, 663, 1916, 2389, 1239, 4, 2, 9, 60, 1, 
56, 24, 197, 4, 1, 4, 100, 100, 100, 100, 100, 100, 100, 100, 
100, 100, 100, 2500, 2500, 2500, 2500, 2500, 2500, 2500, 2500, 
2500, 2500, 2500, 77813.456, 40581.203, 79626.988, 95182.524, 
58953.398, 71539.105, 119846.097, 65141.9999999999, 107666.234, 
109687.06, 179232.851, 13.7352, 14.17446, 12.31744, 11.93873, 
7.4564, 9.7062, 11.02437, 1.85159, 7.00031, 12.85142, 7.94565, 
-10.68374, -14.24452, -10.61401, -9.81236, -9.1883, -7.77256, 
-8.89607, -3.70102, -8.59779, -14.59316, -8.50913, 0, 0, 0, 0, 
0, 0, 0, 0, 0, 0, 0, 0, 0, 0, 0, 0, 0, 0, 0, 0, 0, 0, 0.72591, 
0.71864, 0.72276, 0.71396, 0.71889, 0.71739, 0.71824, 0.7161, 
0.71412, 0.71202, 0.71574, 0.71288, 0.71271, 0.71003, 0.71789, 
0.7106, 0.71737, 0.71324, 0.71058, 0.70686, 0.70666, 0.70992, 
2.7419, 1.1888, 2.955, 3.8982, 1.297, 2.5543, 4.3819, 1.4736, 
2.1687, 2.7319, 3.2659, 663.4, 730.4, 806.3, 878.6, 979.4, 1012.2, 
1084.2, 1224.8, 1242.5, 1306.2, 1374.6, 346, 41, 2059, 816, 807, 
165, 1478, 632, 2311, 701, 2119, 1, 1, 1, 2, 1, 1, 2, 2, 1, 1, 
1, 100, 100, 100, 100, 100, 100, 100, 100, 100, 100, 100, 2500, 
2500, 2500, 2500, 2500, 2500, 2500, 2500, 2500, 2500, 2500, 41977.911, 
50630.297, 60019.881, 72937.296, 76327.314, 94205.6900000001, 
102082.039, 120583.187, 132335.07, 154011.815, 176886.185, 1, 
1, 1, 1, 1, 1, 1, 1, 1, 1, 1, 0.03846, 0.03846, 0.03846, 0.03846, 
0.03846, 0.03846, 0.03846, 0.03846, 0.03846, 0.03846, 0.03846, 
0, 0, 0, 0, 0, 0, 0, 0, 0, 0, 0, 0, 0, 0, 0, 0, 0, 0, 0, 0, 0, 
0, 0.70265, 0.70934, 0.70697, 0.70613, 0.70801, 0.70817, 0.70327, 
0.70668, 0.70283, 0.70094, 0.70228, 0.70482, 0.71066, 0.70454, 
0.70336, 0.7101, 0.70625, 0.70553, 0.70926, 0.70526, 0.70056, 
0.7012, 0.5473, 0.6374, 0.7538, 0.8859, 0.9828, 1.1291, 1.2894, 
1.4274, 1.6207, 1.805, 1.938, 780.5, 854.1, 933.4, 1006.8, 1072.4, 
1144.1, 1218.8, 1272.3, 1349.8, 1430.4, 1506.5, 1, 1, 1, 1, 1, 
1, 1, 1, 1, 1, 1, 1, 1, 1, 1, 1, 1, 1, 1, 1, 1, 1, 1, 1, 1, 1, 
1, 1, 1, 1, 1, 1, 1, 1, 1, 1, 1, 1, 1, 1, 1, 1, 1, 1, 8.977, 
10.014, 10.93, 12.478, 13.494, 14.836, 17.626, 19.062, 21.19, 
23.07, 24.067), .Dim = c(11L, 40L), .Dimnames = list(NULL, c("Sampling", 
"PSO.cost", "PSO.gamma", "PSO.data.balancing", "PSO.feature.selection", 
"PSO.valid.acc", "PSO.test.acc", "PSO.train.time", "PSO.n.support.vectors", 
"PSO.index", "PSO.n.solutions", "PSO.generations", "PSO.n.evaluations", 
"PSO.cpu.time", "RS.cost", "RS.gamma", "RS.data.balancing", "RS.feature.selection", 
"RS.valid.acc", "RS.test.acc", "RS.train.time", "RS.n.support.vectors", 
"RS.index", "RS.n.solutions", "RS.generations", "RS.n.evaluations", 
"RS.cpu.time", "DF.cost", "DF.gamma", "DF.data.balancing", "DF.feature.selection", 
"DF.valid.acc", "DF.test.acc", "DF.train.time", "DF.n.support.vectors", 
"DF.index", "DF.n.solutions", "DF.generations", "DF.n.evaluations", 
"DF.cpu.time")))
