full <-
structure(c(50, 55, 60, 65, 70, 75, 80, 85, 90, 95, 100, 13.14671, 
15, 14.17029, 7.02514, 10.7362, 9.11651, 13.45303, 14.66313, 
14.99318, 15, 3.55513, -11.12508, -12.7542, -11.25852, -7.14187, 
-10.60692, -8.92748, -12.10998, -12.53747, -13.97828, -14.27419, 
-6.01889, 0, 0, 0, 0, 0, 0, 0, 0, 0, 0, 0, 0, 0, 0, 0, 0, 0, 
0, 0, 0, 0, 0, 0.7035, 0.71331, 0.71369, 0.71005, 0.71221, 0.71205, 
0.71189, 0.71227, 0.71418, 0.71241, 0.71138, 0.69985, 0.70344, 
0.7119, 0.70388, 0.70287, 0.70817, 0.70691, 0.70543, 0.70528, 
0.71048, 0.70813, 2.0274, 2.3108, 3.3468, 1.1843, 2.6015, 2.0771, 
3.5954, 4.2143, 3.2723, 3.3145, 2.0686, 697.1, 758.9, 830.3, 
901.3, 982.6, 1040.1, 1093.8, 1159, 1212.1, 1272.6, 1395.5, 770, 
816, 1051, 1383, 876, 1260, 1483, 1730, 1891, 477, 1641, 3, 1, 
1, 15, 26, 60, 4, 2, 7, 2, 24, 100, 100, 100, 100, 100, 100, 
100, 100, 100, 100, 100, 2500, 2500, 2500, 2500, 2500, 2500, 
2500, 2500, 2500, 2500, 2500, 64308.859, 66899.328, 71815.16, 
44705.831, 74564.3149999999, 65613.25, 102380.51, 117639.306, 
96813.6189999999, 90669.672, 121236.449, 14.4611, -0.33806, 10.24454, 
5.63125, 10.79385, 8.63658, 13.21771, 14.3329, 14.77929, 12.45323, 
3.97076, -11.79059, -3.87367, -9.62176, -6.41348, -10.53024, 
-8.67184, -11.94662, -12.40074, -13.87969, -13.46302, -6.19115, 
0, 0, 0, 0, 0, 0, 0, 0, 0, 0, 0, 0, 0, 0, 0, 0, 0, 0, 0, 0, 0, 
0, 0.70203, 0.7107, 0.71249, 0.70948, 0.71169, 0.71107, 0.71053, 
0.71142, 0.71297, 0.71164, 0.70993, 0.7042, 0.70938, 0.7137, 
0.70611, 0.70287, 0.70817, 0.70828, 0.70415, 0.70851, 0.70895, 
0.70849, 2.2788, 0.6645, 1.8827, 1.041, 2.4696, 1.9988, 3.5838, 
4.324, 3.3076, 3.2646, 2.0649, 691.6, 873.8, 850.5, 909.5, 978.2, 
1041.5, 1096.1, 1159.2, 1215.5, 1304.5, 1389.6, 1253, 1338, 1475, 
448, 1750, 700, 1900, 2308, 101, 2204, 1043, 1, 1, 1, 1, 1, 1, 
1, 1, 2, 1, 1, 100, 100, 100, 100, 100, 100, 100, 100, 100, 100, 
100, 2500, 2500, 2500, 2500, 2500, 2500, 2500, 2500, 2500, 2500, 
2500, 45458.617, 52531.67, 60880.105, 75441.336, 81835.86, 93883.042, 
100762.55, 116860.923, 139731.118, 157546.471, 164529.968, 1, 
1, 1, 1, 1, 1, 1, 1, 1, 1, 1, 0.03846, 0.03846, 0.03846, 0.03846, 
0.03846, 0.03846, 0.03846, 0.03846, 0.03846, 0.03846, 0.03846, 
0, 0, 0, 0, 0, 0, 0, 0, 0, 0, 0, 0, 0, 0, 0, 0, 0, 0, 0, 0, 0, 
0, 0.69551, 0.70409, 0.7022, 0.69721, 0.70338, 0.70144, 0.69699, 
0.70028, 0.70285, 0.7017, 0.70156, 0.69044, 0.70344, 0.70157, 
0.69553, 0.69921, 0.69951, 0.70015, 0.70243, 0.70244, 0.70285, 
0.70303, 0.5555, 0.6669, 0.7965, 0.8807, 1.0029, 1.1975, 1.2984, 
1.4687, 1.6128, 1.7825, 1.9437, 802, 879.3, 957.5, 1019, 1093.9, 
1167, 1241.4, 1310.2, 1371.4, 1436.5, 1504.4, 1, 1, 1, 1, 1, 
1, 1, 1, 1, 1, 1, 1, 1, 1, 1, 1, 1, 1, 1, 1, 1, 1, 1, 1, 1, 1, 
1, 1, 1, 1, 1, 1, 1, 1, 1, 1, 1, 1, 1, 1, 1, 1, 1, 1, 8.982, 
9.92, 11.482, 12.017, 13.421, 15.777, 16.697, 18.484, 20.017, 
21.748, 23.419), .Dim = c(11L, 40L), .Dimnames = list(NULL, c("Sampling", 
"PSO.cost", "PSO.gamma", "PSO.data.balancing", "PSO.feature.selection", 
"PSO.valid.acc", "PSO.test.acc", "PSO.train.time", "PSO.n.support.vectors", 
"PSO.index", "PSO.n.solutions", "PSO.generations", "PSO.n.evaluations", 
"PSO.cpu.time", "RS.cost", "RS.gamma", "RS.data.balancing", "RS.feature.selection", 
"RS.valid.acc", "RS.test.acc", "RS.train.time", "RS.n.support.vectors", 
"RS.index", "RS.n.solutions", "RS.generations", "RS.n.evaluations", 
"RS.cpu.time", "DF.cost", "DF.gamma", "DF.data.balancing", "DF.feature.selection", 
"DF.valid.acc", "DF.test.acc", "DF.train.time", "DF.n.support.vectors", 
"DF.index", "DF.n.solutions", "DF.generations", "DF.n.evaluations", 
"DF.cpu.time")))
