full <-
structure(c(50, 55, 60, 65, 70, 75, 80, 85, 90, 95, 100, 12.36106, 
13.93964, 10.27031, 7.91588, 14.89714, 15, 14.00466, 15, 10.78685, 
13.70067, 12.96344, -9.9857, -14.85991, -11.32845, -9.7298, -14.00769, 
-14.91077, -15, -12.63249, -10.89241, -12.67642, -13.52202, 0, 
0, 0, 0, 0, 0, 0, 0, 0, 0, 0, 0, 0, 0, 0, 0, 0, 0, 0, 0, 0, 0, 
0.72098, 0.71997, 0.73005, 0.72009, 0.71884, 0.71687, 0.71554, 
0.71262, 0.71653, 0.71391, 0.71428, 0.7108, 0.71665, 0.72221, 
0.71674, 0.71469, 0.71352, 0.71507, 0.7045, 0.70725, 0.7097, 
0.70918, 1.4854, 0.936, 1.3094, 1.1099, 1.9494, 1.7707, 1.875, 
4.3906, 3.9411, 4.4258, 3.4952, 669.7, 749.3, 833.2, 914.7, 928, 
995.2, 1072.7, 1143.8, 1232, 1271.8, 1362.8, 2344, 1833, 397, 
1638, 635, 1421, 235, 2264, 1466, 1519, 2266, 2, 1489, 110, 14, 
2, 2, 759, 1, 2, 2, 8, 100, 100, 100, 100, 100, 100, 100, 100, 
100, 100, 100, 2500, 2500, 2500, 2500, 2500, 2500, 2500, 2500, 
2500, 2500, 2500, 45106.184, 33928.919, 43257.792, 38363.455, 
56422.308, 56126.074, 59329.528, 108328.907, 98906.9790000001, 
117235.116, 101484.488, 10.37535, 14.14897, 10.09269, 9.68337, 
14.53418, 13.47432, 14.23898, 14.2488, 10.81189, 6.42379, 13.10992, 
-9.31202, -14.98369, -11.16161, -11.66184, -13.84079, -13.483, 
-14.97244, -12.27488, -11.15691, -8.19815, -13.49094, 0, 0, 0, 
0, 0, 0, 0, 0, 0, 0, 0, 0, 0, 0, 0, 0, 0, 0, 0, 0, 0, 0, 0.71955, 
0.71931, 0.72944, 0.71898, 0.71676, 0.71639, 0.71463, 0.71219, 
0.71533, 0.71351, 0.71428, 0.71006, 0.71731, 0.72221, 0.71506, 
0.71626, 0.71497, 0.71507, 0.70493, 0.70845, 0.70969, 0.71064, 
0.9402, 0.9556, 1.2332, 1.212, 2.0149, 2.0846, 1.9285, 4.2211, 
3.6687, 2.162, 3.5322, 676.8, 743.4, 833.9, 930.8, 927.5, 1005.4, 
1069.1, 1145, 1236.2, 1317.9, 1362.2, 1954, 129, 687, 472, 93, 
88, 1103, 1448, 302, 963, 1948, 1, 1, 1, 1, 2, 1, 2, 1, 1, 1, 
1, 100, 100, 100, 100, 100, 100, 100, 100, 100, 100, 100, 2500, 
2500, 2500, 2500, 2500, 2500, 2500, 2500, 2500, 2500, 2500, 39188.038, 
46469.653, 54615.906, 64611.053, 77643.558, 89758.16, 99790.7440000001, 
111106.668, 130344.983, 151520.454, 165899.407, 1, 1, 1, 1, 1, 
1, 1, 1, 1, 1, 1, 0.03846, 0.03846, 0.03846, 0.03846, 0.03846, 
0.03846, 0.03846, 0.03846, 0.03846, 0.03846, 0.03846, 0, 0, 0, 
0, 0, 0, 0, 0, 0, 0, 0, 0, 0, 0, 0, 0, 0, 0, 0, 0, 0, 0, 0.70284, 
0.70672, 0.71366, 0.70835, 0.70482, 0.70188, 0.70465, 0.69765, 
0.70202, 0.70432, 0.70086, 0.70789, 0.70741, 0.70944, 0.70445, 
0.70328, 0.69752, 0.70465, 0.69765, 0.70041, 0.70395, 0.69831, 
0.4986, 0.5921, 0.6592, 0.7935, 0.9227, 1.0323, 1.2077, 1.3186, 
1.4958, 1.6315, 1.7832, 781, 852.8, 918.9, 982.4, 1063.9, 1133.4, 
1202.6, 1287, 1356.8, 1430.9, 1499, 1, 1, 1, 1, 1, 1, 1, 1, 1, 
1, 1, 1, 1, 1, 1, 1, 1, 1, 1, 1, 1, 1, 1, 1, 1, 1, 1, 1, 1, 1, 
1, 1, 1, 1, 1, 1, 1, 1, 1, 1, 1, 1, 1, 1, 7.978, 8.877, 9.654, 
11.127, 12.415, 13.77, 15.492, 16.703, 18.426, 19.727, 21.47), .Dim = c(11L, 
40L), .Dimnames = list(NULL, c("Sampling", "PSO.cost", "PSO.gamma", 
"PSO.data.balancing", "PSO.feature.selection", "PSO.valid.acc", 
"PSO.test.acc", "PSO.train.time", "PSO.n.support.vectors", "PSO.index", 
"PSO.n.solutions", "PSO.generations", "PSO.n.evaluations", "PSO.cpu.time", 
"RS.cost", "RS.gamma", "RS.data.balancing", "RS.feature.selection", 
"RS.valid.acc", "RS.test.acc", "RS.train.time", "RS.n.support.vectors", 
"RS.index", "RS.n.solutions", "RS.generations", "RS.n.evaluations", 
"RS.cpu.time", "DF.cost", "DF.gamma", "DF.data.balancing", "DF.feature.selection", 
"DF.valid.acc", "DF.test.acc", "DF.train.time", "DF.n.support.vectors", 
"DF.index", "DF.n.solutions", "DF.generations", "DF.n.evaluations", 
"DF.cpu.time")))
