full <-
structure(c(50, 55, 60, 65, 70, 75, 80, 85, 90, 95, 100, 7.70945, 
13.45824, 8.04627, 15, 7.20002, 15, 12.09766, 11.05915, 14.78933, 
5.95824, 7.53065, -9.10697, -14.90936, -10.1086, -13.40765, -9.25689, 
-14.24219, -12.58348, -10.25523, -14.03676, -8.2589, -9.3786, 
0, 0, 0, 0, 0, 0, 0, 0, 0, 0, 0, 0, 0, 0, 0, 0, 0, 0, 0, 0, 0, 
0, 0.72016, 0.72591, 0.72152, 0.72295, 0.72257, 0.71779, 0.71868, 
0.71214, 0.71734, 0.7162, 0.7161, 0.71362, 0.7206, 0.71608, 0.7146, 
0.7122, 0.71102, 0.71368, 0.70402, 0.70727, 0.70933, 0.71065, 
0.7154, 0.8859, 0.957, 2.0147, 1.2241, 2.0827, 2.5191, 3.8233, 
2.9421, 1.9646, 2.6683, 691.8, 745.1, 845.8, 864.7, 992.2, 1007.9, 
1093.7, 1160.9, 1208.4, 1350.2, 1406.7, 58, 272, 2154, 1300, 
252, 1375, 1327, 1929, 2254, 2288, 1037, 65, 86, 50, 1, 343, 
1, 5, 3, 1, 9, 140, 100, 100, 100, 100, 100, 100, 100, 100, 100, 
100, 100, 2500, 2500, 2500, 2500, 2500, 2500, 2500, 2500, 2500, 
2500, 2500, 26525.168, 34673.704, 39183.934, 55098.051, 42227.522, 
69546.279, 74910.6229999999, 122943.288, 83898.4199999999, 85416.0430000001, 
81389.3160000001, 8.12919, 12.0003, 8.06288, 14.83272, 7.14082, 
12.67636, 11.94193, 13.44379, 14.1278, 5.80631, 7.36404, -9.43111, 
-13.49316, -10.15487, -13.54613, -9.36217, -12.96687, -12.45238, 
-11.28528, -13.82496, -8.29546, -9.75062, 0, 0, 0, 0, 0, 0, 0, 
0, 0, 0, 0, 0, 0, 0, 0, 0, 0, 0, 0, 0, 0, 0, 0.71869, 0.72526, 
0.72031, 0.72071, 0.72049, 0.71633, 0.71732, 0.71129, 0.71413, 
0.71429, 0.71501, 0.7158, 0.72192, 0.71548, 0.71457, 0.71168, 
0.71151, 0.71187, 0.70274, 0.70807, 0.70971, 0.71064, 0.7316, 
1.1045, 0.9616, 2.0016, 1.2355, 2.3247, 2.6155, 4.6959, 2.8741, 
1.9526, 2.4471, 691.8, 754.4, 845.2, 866, 998, 1022.4, 1096.2, 
1147.9, 1211.5, 1353.6, 1426.8, 77, 2120, 2162, 1499, 2317, 1394, 
2160, 1397, 374, 1425, 532, 1, 1, 1, 1, 1, 2, 1, 1, 2, 1, 1, 
100, 100, 100, 100, 100, 100, 100, 100, 100, 100, 100, 2500, 
2500, 2500, 2500, 2500, 2500, 2500, 2500, 2500, 2500, 2500, 42810.111, 
48990.094, 61272.503, 64851.471, 78230.76, 94124.425, 102668.77, 
121090.512, 133658.063, 143304.717, 163806.094, 1, 1, 1, 1, 1, 
1, 1, 1, 1, 1, 1, 0.03846, 0.03846, 0.03846, 0.03846, 0.03846, 
0.03846, 0.03846, 0.03846, 0.03846, 0.03846, 0.03846, 0, 0, 0, 
0, 0, 0, 0, 0, 0, 0, 0, 0, 0, 0, 0, 0, 0, 0, 0, 0, 0, 0, 0.69984, 
0.70412, 0.70275, 0.69949, 0.70442, 0.69457, 0.70323, 0.70062, 
0.69842, 0.70016, 0.70374, 0.70055, 0.70215, 0.70578, 0.69946, 
0.70236, 0.69796, 0.69823, 0.69762, 0.6956, 0.69977, 0.70047, 
0.5077, 0.5979, 0.7227, 0.813, 0.9618, 1.0644, 1.2469, 1.3703, 
1.539, 1.6701, 1.8322, 782.2, 855.7, 928.8, 1001.7, 1080.9, 1157, 
1224.2, 1295.2, 1367.8, 1440.3, 1504.9, 1, 1, 1, 1, 1, 1, 1, 
1, 1, 1, 1, 1, 1, 1, 1, 1, 1, 1, 1, 1, 1, 1, 1, 1, 1, 1, 1, 1, 
1, 1, 1, 1, 1, 1, 1, 1, 1, 1, 1, 1, 1, 1, 1, 1, 8.113, 9.023, 
10.439, 11.611, 12.91, 14.023, 15.869, 17.377, 19.109, 20.466, 
22.25), .Dim = c(11L, 40L), .Dimnames = list(NULL, c("Sampling", 
"PSO.cost", "PSO.gamma", "PSO.data.balancing", "PSO.feature.selection", 
"PSO.valid.acc", "PSO.test.acc", "PSO.train.time", "PSO.n.support.vectors", 
"PSO.index", "PSO.n.solutions", "PSO.generations", "PSO.n.evaluations", 
"PSO.cpu.time", "RS.cost", "RS.gamma", "RS.data.balancing", "RS.feature.selection", 
"RS.valid.acc", "RS.test.acc", "RS.train.time", "RS.n.support.vectors", 
"RS.index", "RS.n.solutions", "RS.generations", "RS.n.evaluations", 
"RS.cpu.time", "DF.cost", "DF.gamma", "DF.data.balancing", "DF.feature.selection", 
"DF.valid.acc", "DF.test.acc", "DF.train.time", "DF.n.support.vectors", 
"DF.index", "DF.n.solutions", "DF.generations", "DF.n.evaluations", 
"DF.cpu.time")))
