full <-
structure(c(50, 55, 60, 65, 70, 75, 80, 85, 90, 95, 100, 1.3315, 
7.56658, 12.67473, 14.98448, 14.85351, 14.75179, 13.13653, 15, 
14.76201, 8.13632, 13.20636, -2.95379, -10.13839, -11.55315, 
-11.8807, -15, -14.98818, -12.07082, -14.17869, -11.47784, -7.71442, 
-11.68016, 0, 0, 0, 0, 0, 0, 0, 0, 0, 0, 0, 0, 0, 0, 0, 0, 0, 
0, 0, 0, 0, 0, 0.72249, 0.7186, 0.71912, 0.71791, 0.71518, 0.71831, 
0.72047, 0.71903, 0.71609, 0.71351, 0.71428, 0.71956, 0.71466, 
0.70942, 0.7118, 0.71052, 0.70237, 0.70961, 0.71263, 0.7165, 
0.70893, 0.70956, 0.5533, 0.7899, 1.7693, 3.4214, 1.6236, 1.796, 
3.7041, 2.7414, 7.673, 3.0732, 6.1245, 761.8, 789.8, 813.5, 858.6, 
940.4, 1004.2, 1088.1, 1132.8, 1190.4, 1288.7, 1348.8, 1664, 
825, 1812, 877, 197, 2033, 1296, 1578, 1513, 790, 2012, 2, 56, 
4, 1, 1206, 3, 3, 8, 1, 110, 2, 100, 100, 100, 100, 100, 100, 
100, 100, 100, 100, 100, 2500, 2500, 2500, 2500, 2500, 2500, 
2500, 2500, 2500, 2500, 2500, 23230.211, 39245.471, 58156.785, 
85816.935, 53823.047, 56640.145, 103117.196, 82277.816, 122376.638, 
155467.822, 173758.936, 1.05936, 1.39265, 2.14024, 14.10879, 
14.30084, 14.86955, 13.80734, 12.80761, 13.46939, 8.12348, 8.01468, 
-2.78428, -5.76106, -4.47496, -11.33969, -14.63455, -14.96603, 
-12.4197, -13.9092, -10.84151, -7.70078, -9.187, 0, 0, 0, 0, 
0, 0, 0, 0, 0, 0, 0, 0, 0, 0, 0, 0, 0, 0, 0, 0, 0, 0, 0.72176, 
0.71732, 0.72032, 0.71567, 0.71311, 0.71735, 0.71911, 0.7169, 
0.71569, 0.71351, 0.71283, 0.71812, 0.714, 0.71486, 0.7118, 0.71052, 
0.70528, 0.70915, 0.71477, 0.71529, 0.70931, 0.7092, 0.5559, 
0.6443, 0.7485, 3.2088, 1.6379, 1.8773, 3.6622, 2.5276, 7.0925, 
3.0688, 3.0964, 771.2, 823.6, 868.1, 862, 940.4, 1003.7, 1081.6, 
1165.7, 1197, 1288.5, 1400.1, 495, 2120, 32, 2485, 1587, 399, 
2091, 672, 506, 1436, 1467, 2, 1, 1, 1, 3, 1, 1, 4, 1, 1, 1, 
100, 100, 100, 100, 100, 100, 100, 100, 100, 100, 100, 2500, 
2500, 2500, 2500, 2500, 2500, 2500, 2500, 2500, 2500, 2500, 37066.076, 
47751.546, 55807.205, 61697.514, 75374.909, 88503.042, 98604.2560000001, 
119547.95, 128767.592, 148566.808, 167822.683, 1, 1, 1, 1, 1, 
1, 1, 1, 1, 1, 1, 0.03846, 0.03846, 0.03846, 0.03846, 0.03846, 
0.03846, 0.03846, 0.03846, 0.03846, 0.03846, 0.03846, 0, 0, 0, 
0, 0, 0, 0, 0, 0, 0, 0, 0, 0, 0, 0, 0, 0, 0, 0, 0, 0, 0, 0.71661, 
0.70936, 0.70338, 0.70336, 0.69914, 0.70622, 0.6969, 0.70452, 
0.70481, 0.69938, 0.70121, 0.70932, 0.7107, 0.70339, 0.70618, 
0.6955, 0.7067, 0.69691, 0.70493, 0.70601, 0.70167, 0.70049, 
0.5351, 0.6293, 0.7476, 0.8451, 0.9884, 1.143, 1.2814, 1.4331, 
1.5947, 1.8144, 1.9027, 775.8, 852.9, 929.6, 994.3, 1073.6, 1139.7, 
1217.2, 1291.4, 1353.2, 1432, 1504.4, 1, 1, 1, 1, 1, 1, 1, 1, 
1, 1, 1, 1, 1, 1, 1, 1, 1, 1, 1, 1, 1, 1, 1, 1, 1, 1, 1, 1, 1, 
1, 1, 1, 1, 1, 1, 1, 1, 1, 1, 1, 1, 1, 1, 1, 8.575, 9.821, 10.778, 
11.836, 13.741, 14.857, 16.57, 18.171, 19.658, 22.382, 22.992
), .Dim = c(11L, 40L), .Dimnames = list(NULL, c("Sampling", "PSO.cost", 
"PSO.gamma", "PSO.data.balancing", "PSO.feature.selection", "PSO.valid.acc", 
"PSO.test.acc", "PSO.train.time", "PSO.n.support.vectors", "PSO.index", 
"PSO.n.solutions", "PSO.generations", "PSO.n.evaluations", "PSO.cpu.time", 
"RS.cost", "RS.gamma", "RS.data.balancing", "RS.feature.selection", 
"RS.valid.acc", "RS.test.acc", "RS.train.time", "RS.n.support.vectors", 
"RS.index", "RS.n.solutions", "RS.generations", "RS.n.evaluations", 
"RS.cpu.time", "DF.cost", "DF.gamma", "DF.data.balancing", "DF.feature.selection", 
"DF.valid.acc", "DF.test.acc", "DF.train.time", "DF.n.support.vectors", 
"DF.index", "DF.n.solutions", "DF.generations", "DF.n.evaluations", 
"DF.cpu.time")))
