full <-
structure(c(50, 55, 60, 65, 70, 75, 80, 85, 90, 95, 100, 7.53462, 
7.97196, 14.87289, 12.49193, 14.88367, 13.73342, 14.29139, 14.49016, 
9.60977, 6.95342, 15, -8.39786, -10.15531, -14.96119, -12.90994, 
-14.60246, -14.94194, -14.80736, -14.16886, -8.91279, -9.92735, 
-13.45414, 0, 0, 0, 0, 0, 0, 0, 0, 0, 0, 0, 0, 0, 0, 0, 0, 0, 
0, 0, 0, 0, 0, 0.71083, 0.71009, 0.71483, 0.71118, 0.71326, 0.70525, 
0.71731, 0.71604, 0.71252, 0.71046, 0.7114, 0.70217, 0.7048, 
0.70694, 0.70617, 0.70548, 0.70379, 0.70868, 0.71135, 0.70364, 
0.7074, 0.70377, 0.5934, 0.738, 1.2403, 1.7408, 1.7928, 1.7605, 
1.3148, 2.5017, 3.0245, 2.0139, 4.5524, 705.7, 786.2, 812.8, 
913.7, 957, 1041.5, 1094.5, 1149.6, 1225.3, 1391.5, 1341.3, 1099, 
1267, 535, 465, 605, 2166, 942, 678, 1228, 1071, 73, 17, 13, 
17, 8, 6, 2, 2, 20, 28, 48, 4, 100, 100, 100, 100, 100, 100, 
100, 100, 100, 100, 100, 2500, 2500, 2500, 2500, 2500, 2500, 
2500, 2500, 2500, 2500, 2500, 26028.328, 30002.404, 38127.905, 
48206.593, 53036.737, 55420.599, 58720.492, 72010.936, 111955.584, 
80270.0419999999, 139736.215, 10.05147, 3.16411, 14.04423, 12.42472, 
14.64692, 12.83859, 13.86724, 14.63944, 9.46225, 7.20706, 14.56058, 
-10.29903, -7.22959, -13.77833, -12.9911, -14.43634, -14.13771, 
-14.82283, -14.23614, -8.83228, -10.17723, -13.27522, 0, 0, 0, 
0, 0, 0, 0, 0, 0, 0, 0, 0, 0, 0, 0, 0, 0, 0, 0, 0, 0, 0, 0.70867, 
0.70878, 0.71301, 0.71118, 0.7117, 0.70427, 0.71594, 0.71604, 
0.71211, 0.70969, 0.71031, 0.70363, 0.70153, 0.70633, 0.70672, 
0.70599, 0.70233, 0.70777, 0.71135, 0.70324, 0.7074, 0.70559, 
0.7246, 0.6365, 1.4113, 1.7096, 1.778, 1.9501, 2.0153, 2.4379, 
2.9042, 2.0652, 4.5232, 701, 824, 818, 914, 956.6, 1051.8, 1099.3, 
1150.4, 1226.6, 1392.4, 1341.5, 550, 616, 2403, 2138, 210, 2229, 
2030, 1515, 1353, 1278, 1844, 1, 1, 1, 1, 1, 1, 1, 1, 1, 1, 1, 
100, 100, 100, 100, 100, 100, 100, 100, 100, 100, 100, 2500, 
2500, 2500, 2500, 2500, 2500, 2500, 2500, 2500, 2500, 2500, 39739.607, 
46649.155, 52236.201, 66172.722, 78963.218, 84136.995, 92442.209, 
106892.594, 107658.708, 135254.651, 154904.765, 1, 1, 1, 1, 1, 
1, 1, 1, 1, 1, 1, 0.03846, 0.03846, 0.03846, 0.03846, 0.03846, 
0.03846, 0.03846, 0.03846, 0.03846, 0.03846, 0.03846, 0, 0, 0, 
0, 0, 0, 0, 0, 0, 0, 0, 0, 0, 0, 0, 0, 0, 0, 0, 0, 0, 0, 0.69484, 
0.69487, 0.69855, 0.69881, 0.69041, 0.69314, 0.69642, 0.69898, 
0.70123, 0.70244, 0.7023, 0.69558, 0.70085, 0.6973, 0.69658, 
0.68886, 0.6912, 0.69689, 0.69856, 0.70043, 0.70091, 0.70121, 
0.5234, 0.6208, 0.7164, 0.8463, 0.9719, 1.1308, 1.2559, 1.3766, 
1.0617, 1.6882, 1.9299, 800.6, 864.1, 938.5, 1013.9, 1093, 1158.8, 
1224.2, 1293.3, 1362.5, 1429.6, 1500, 1, 1, 1, 1, 1, 1, 1, 1, 
1, 1, 1, 1, 1, 1, 1, 1, 1, 1, 1, 1, 1, 1, 1, 1, 1, 1, 1, 1, 1, 
1, 1, 1, 1, 1, 1, 1, 1, 1, 1, 1, 1, 1, 1, 1, 7.864, 9.701, 9.913, 
11.344, 12.716, 14.498, 16.596, 17.075, 14.028, 20.49, 24.059
), .Dim = c(11L, 40L), .Dimnames = list(NULL, c("Sampling", "PSO.cost", 
"PSO.gamma", "PSO.data.balancing", "PSO.feature.selection", "PSO.valid.acc", 
"PSO.test.acc", "PSO.train.time", "PSO.n.support.vectors", "PSO.index", 
"PSO.n.solutions", "PSO.generations", "PSO.n.evaluations", "PSO.cpu.time", 
"RS.cost", "RS.gamma", "RS.data.balancing", "RS.feature.selection", 
"RS.valid.acc", "RS.test.acc", "RS.train.time", "RS.n.support.vectors", 
"RS.index", "RS.n.solutions", "RS.generations", "RS.n.evaluations", 
"RS.cpu.time", "DF.cost", "DF.gamma", "DF.data.balancing", "DF.feature.selection", 
"DF.valid.acc", "DF.test.acc", "DF.train.time", "DF.n.support.vectors", 
"DF.index", "DF.n.solutions", "DF.generations", "DF.n.evaluations", 
"DF.cpu.time")))
