full <-
structure(c(50, 55, 60, 65, 70, 75, 80, 85, 90, 95, 100, 14.88539, 
9.60218, 15, 14.30022, 13.82947, 14.96287, 14.40117, 5.6248, 
9.20971, 14.86668, 9.61959, -14.30416, -9.74153, -13.76747, -14.77414, 
-14.40695, -12.0559, -14.99553, -7.53063, -9.96491, -14.80013, 
-10.56035, 0, 0, 0, 0, 0, 0, 0, 0, 0, 0, 0, 0, 0, 0, 0, 0, 0, 
0, 0, 0, 0, 0, 0.69187, 0.70007, 0.70945, 0.70561, 0.70851, 0.70961, 
0.71873, 0.71472, 0.7121, 0.71429, 0.71171, 0.68674, 0.69338, 
0.70099, 0.70392, 0.70178, 0.70331, 0.71466, 0.71088, 0.70646, 
0.70741, 0.70591, 1.1119, 1.284, 1.8207, 1.5285, 1.7616, 4.0797, 
2.0566, 1.6612, 3.0624, 3.0199, 4.0112, 701.7, 787.3, 816.5, 
895.2, 962.9, 1020.6, 1080.1, 1180.8, 1250.3, 1275, 1399.9, 353, 
1055, 1876, 621, 1994, 2117, 1381, 1129, 1883, 382, 2236, 3, 
18, 1, 7, 3, 3, 11, 54, 11, 2, 1, 100, 100, 100, 100, 100, 100, 
100, 100, 100, 100, 100, 2500, 2500, 2500, 2500, 2500, 2500, 
2500, 2500, 2500, 2500, 2500, 38267.147, 44376.12, 50637.953, 
50345.558, 53576.33, 114583.95, 65786.243, 57346.1460000001, 
118919.919, 91658.9740000002, 107984.723, 14.46449, 9.5567, 13.20492, 
13.43615, 14.32572, 14.44557, 10.65937, 5.56179, 11.72155, 11.39747, 
4.10244, -13.79472, -9.66272, -12.65252, -14.06503, -14.50954, 
-12.81189, -11.48175, -7.41278, -10.75619, -11.64086, -6.25079, 
0, 0, 0, 0, 0, 0, 0, 0, 0, 0, 0, 0, 0, 0, 0, 0, 0, 0, 0, 0, 0, 
0, 0.68823, 0.69941, 0.70704, 0.70393, 0.70747, 0.7072, 0.71691, 
0.71344, 0.7109, 0.71161, 0.711, 0.68892, 0.69205, 0.7016, 0.70392, 
0.70023, 0.70621, 0.71284, 0.71173, 0.70767, 0.70932, 0.70846, 
1.2291, 1.3263, 1.859, 1.5864, 1.8216, 3.094, 2.7178, 1.6901, 
4.8216, 4.258, 2.0463, 702.9, 789.6, 828.9, 901.6, 959.6, 1024.8, 
1114.8, 1178.3, 1222.9, 1309.7, 1381.1, 658, 2434, 2319, 907, 
169, 134, 490, 2148, 1471, 1410, 1253, 3, 1, 1, 1, 3, 1, 4, 1, 
1, 3, 1, 100, 100, 100, 100, 100, 100, 100, 100, 100, 100, 100, 
2500, 2500, 2500, 2500, 2500, 2500, 2500, 2500, 2500, 2500, 2500, 
43741.121, 54798.237, 64001.708, 70980.939, 83486.868, 97068.4400000001, 
105794.751, 125840.45, 133614.647, 163020.619, 179949.995, 1, 
1, 1, 1, 1, 1, 1, 1, 1, 1, 1, 0.03846, 0.03846, 0.03846, 0.03846, 
0.03846, 0.03846, 0.03846, 0.03846, 0.03846, 0.03846, 0.03846, 
0, 0, 0, 0, 0, 0, 0, 0, 0, 0, 0, 0, 0, 0, 0, 0, 0, 0, 0, 0, 0, 
0, 0.67878, 0.68816, 0.68881, 0.69273, 0.69398, 0.69897, 0.70148, 
0.70024, 0.70122, 0.70054, 0.7001, 0.67586, 0.68553, 0.69245, 
0.69663, 0.69088, 0.69654, 0.70012, 0.70322, 0.70002, 0.70283, 
0.69937, 0.5332, 0.651, 0.7682, 0.8736, 1.031, 1.1719, 1.3035, 
1.409, 1.6064, 1.7367, 1.955, 804.7, 878.9, 939.1, 1016, 1092.4, 
1159.7, 1223.9, 1288, 1359.7, 1438.4, 1503, 1, 1, 1, 1, 1, 1, 
1, 1, 1, 1, 1, 1, 1, 1, 1, 1, 1, 1, 1, 1, 1, 1, 1, 1, 1, 1, 1, 
1, 1, 1, 1, 1, 1, 1, 1, 1, 1, 1, 1, 1, 1, 1, 1, 1, 8.471, 9.733, 
10.993, 12.056, 13.711, 15.195, 16.738, 18.446, 20.677, 22.325, 
24.437), .Dim = c(11L, 40L), .Dimnames = list(NULL, c("Sampling", 
"PSO.cost", "PSO.gamma", "PSO.data.balancing", "PSO.feature.selection", 
"PSO.valid.acc", "PSO.test.acc", "PSO.train.time", "PSO.n.support.vectors", 
"PSO.index", "PSO.n.solutions", "PSO.generations", "PSO.n.evaluations", 
"PSO.cpu.time", "RS.cost", "RS.gamma", "RS.data.balancing", "RS.feature.selection", 
"RS.valid.acc", "RS.test.acc", "RS.train.time", "RS.n.support.vectors", 
"RS.index", "RS.n.solutions", "RS.generations", "RS.n.evaluations", 
"RS.cpu.time", "DF.cost", "DF.gamma", "DF.data.balancing", "DF.feature.selection", 
"DF.valid.acc", "DF.test.acc", "DF.train.time", "DF.n.support.vectors", 
"DF.index", "DF.n.solutions", "DF.generations", "DF.n.evaluations", 
"DF.cpu.time")))
