full <-
structure(c(50, 55, 60, 65, 70, 75, 80, 85, 90, 95, 100, 11.16113, 
11.81219, 7.10424, 2.44414, 2.26795, 4.51289, 11.89668, 7.01245, 
15, 9.66833, 4.73182, -11.65907, -12.69563, -11.33686, -6.86844, 
-6.90525, -6.8529, -11.47237, -8.77383, -14.81618, -7.90582, 
-7.09292, 0, 0, 0, 0, 0, 0, 0, 0, 0, 0, 0, 0, 0, 0, 0, 0, 0, 
0, 0, 0, 0, 0, 0.69845, 0.69552, 0.69793, 0.69617, 0.69658, 0.70185, 
0.70642, 0.70752, 0.70844, 0.7105, 0.71063, 0.68323, 0.68957, 
0.69188, 0.69282, 0.69709, 0.69703, 0.70415, 0.70453, 0.704, 
0.70515, 0.70337, 0.9894, 1.1593, 0.8589, 0.834, 0.9648, 1.1343, 
3.4426, 1.82, 2.6718, 3.8178, 1.9693, 742, 810.4, 986.9, 1018, 
1093.7, 1081.1, 1122.4, 1208.6, 1221, 1286.7, 1398.3, 843, 564, 
917, 1072, 192, 2002, 1520, 1501, 2351, 1999, 2399, 5, 42, 108, 
44, 50, 6, 7, 2, 4, 1, 64, 100, 100, 100, 100, 100, 100, 100, 
100, 100, 100, 100, 2500, 2500, 2500, 2500, 2500, 2500, 2500, 
2500, 2500, 2500, 2500, 31547.883, 39416.561, 30978.317, 37479.095, 
36243.321, 44172.738, 85427.652, 96674.0160000001, 78167.2070000001, 
183063.065, 109977.533, 10.76561, 8.46211, 7.30662, 2.59264, 
-0.40233, 6.04503, 11.63888, 14.0054, 13.90991, 10.47567, 4.92343, 
-11.51467, -10.997, -11.54461, -6.97196, -3.39791, -8.91597, 
-11.37417, -11.35625, -14.80283, -8.29087, -7.16472, 0, 0, 0, 
0, 0, 0, 0, 0, 0, 0, 0, 0, 0, 0, 0, 0, 0, 0, 0, 0, 0, 0, 0.69772, 
0.69292, 0.69793, 0.69672, 0.69657, 0.70041, 0.70551, 0.70666, 
0.70684, 0.70936, 0.71027, 0.68615, 0.68894, 0.69371, 0.69449, 
0.69345, 0.69509, 0.70461, 0.70196, 0.70401, 0.70515, 0.70336, 
0.9078, 0.8309, 0.8684, 0.8445, 0.9884, 1.2705, 3.3381, 5.1973, 
2.4716, 4.7415, 2.0405, 743.6, 850.8, 989.7, 1016.8, 1124.4, 
1108.3, 1126.1, 1160.2, 1236.9, 1287.3, 1397.1, 2194, 2363, 888, 
981, 1260, 397, 1173, 282, 1290, 1538, 682, 1, 1, 5, 1, 1, 1, 
2, 1, 1, 2, 1, 100, 100, 100, 100, 100, 100, 100, 100, 100, 100, 
100, 2500, 2500, 2500, 2500, 2500, 2500, 2500, 2500, 2500, 2500, 
2500, 42845.071, 52740.242, 61282.296, 71901.137, 77956.455, 
95341.981, 99659.126, 115322.433, 128467.566, 144685.312, 160590.074, 
1, 1, 1, 1, 1, 1, 1, 1, 1, 1, 1, 0.03846, 0.03846, 0.03846, 0.03846, 
0.03846, 0.03846, 0.03846, 0.03846, 0.03846, 0.03846, 0.03846, 
0, 0, 0, 0, 0, 0, 0, 0, 0, 0, 0, 0, 0, 0, 0, 0, 0, 0, 0, 0, 0, 
0, 0.68321, 0.68436, 0.68763, 0.68891, 0.69242, 0.69505, 0.69691, 
0.69812, 0.69555, 0.70211, 0.70409, 0.67738, 0.68243, 0.68644, 
0.68667, 0.69191, 0.69073, 0.69599, 0.69727, 0.69797, 0.69905, 
0.70228, 0.492, 0.598, 0.6789, 0.8563, 0.9258, 1.0402, 1.1758, 
1.3419, 1.4812, 1.5609, 1.7072, 809.4, 879, 958.8, 1040.5, 1109, 
1172.7, 1237.4, 1299.5, 1366.1, 1439.7, 1502.5, 1, 1, 1, 1, 1, 
1, 1, 1, 1, 1, 1, 1, 1, 1, 1, 1, 1, 1, 1, 1, 1, 1, 1, 1, 1, 1, 
1, 1, 1, 1, 1, 1, 1, 1, 1, 1, 1, 1, 1, 1, 1, 1, 1, 1, 8.038, 
9.134, 9.945, 12.141, 12.593, 13.723, 15.068, 16.711, 18.137, 
19.302, 21.027), .Dim = c(11L, 40L), .Dimnames = list(NULL, c("Sampling", 
"PSO.cost", "PSO.gamma", "PSO.data.balancing", "PSO.feature.selection", 
"PSO.valid.acc", "PSO.test.acc", "PSO.train.time", "PSO.n.support.vectors", 
"PSO.index", "PSO.n.solutions", "PSO.generations", "PSO.n.evaluations", 
"PSO.cpu.time", "RS.cost", "RS.gamma", "RS.data.balancing", "RS.feature.selection", 
"RS.valid.acc", "RS.test.acc", "RS.train.time", "RS.n.support.vectors", 
"RS.index", "RS.n.solutions", "RS.generations", "RS.n.evaluations", 
"RS.cpu.time", "DF.cost", "DF.gamma", "DF.data.balancing", "DF.feature.selection", 
"DF.valid.acc", "DF.test.acc", "DF.train.time", "DF.n.support.vectors", 
"DF.index", "DF.n.solutions", "DF.generations", "DF.n.evaluations", 
"DF.cpu.time")))
