full <-
structure(c(50, 55, 60, 65, 70, 75, 80, 85, 90, 95, 100, 14.66463, 
15, 14.99789, 15, 14.64409, 15, 14.97243, 13.40649, 12.47852, 
9.48163, 14.97254, -13.06579, -13.01029, -13.24366, -13.96409, 
-14.08577, -14.76689, -13.82577, -12.15138, -12.27863, -10.46139, 
-14.25666, 0, 0, 0, 0, 0, 0, 0, 0, 0, 0, 0, 0, 0, 0, 0, 0, 0, 
0, 0, 0, 0, 0, 0.71376, 0.7193, 0.71065, 0.71065, 0.71317, 0.71066, 
0.71911, 0.71136, 0.71412, 0.71543, 0.71501, 0.71368, 0.71205, 
0.70701, 0.7017, 0.70799, 0.7058, 0.71594, 0.70923, 0.7113, 0.712, 
0.70992, 1.3393, 1.6692, 2.0184, 1.7218, 1.906, 2.0057, 2.6374, 
4.1106, 3.7067, 3.3708, 3.4298, 685.8, 753, 834.5, 898.6, 961.8, 
1023.7, 1078.2, 1157, 1227.7, 1338.2, 1338.5, 1520, 1772, 1707, 
1185, 1144, 424, 1809, 2257, 871, 1303, 1946, 1, 1, 1, 4, 1, 
1, 1, 1, 1, 49, 1, 100, 100, 100, 100, 100, 100, 100, 100, 100, 
100, 100, 2500, 2500, 2500, 2500, 2500, 2500, 2500, 2500, 2500, 
2500, 2500, 39484.43, 46472.428, 56114.828, 54795.901, 54439.403, 
61934.442, 79462.3999999999, 115007.712, 98358.3859999999, 93898.9039999999, 
98412.1359999999, 14.15983, 14.67168, 11.42854, 14.98369, 12.96558, 
13.46854, 14.33157, 13.25665, 9.95542, 9.34451, 12.40079, -12.1469, 
-12.9736, -11.71534, -14.36125, -13.00588, -12.90176, -13.43925, 
-12.18154, -11.16369, -10.40777, -12.14543, 0, 0, 0, 0, 0, 0, 
0, 0, 0, 0, 0, 0, 0, 0, 0, 0, 0, 0, 0, 0, 0, 0, 0.71228, 0.716, 
0.70823, 0.70897, 0.71006, 0.70869, 0.71775, 0.70966, 0.71331, 
0.71466, 0.71283, 0.71442, 0.71072, 0.70883, 0.70449, 0.70798, 
0.70724, 0.71776, 0.71008, 0.70888, 0.71085, 0.71355, 1.3726, 
1.532, 1.7393, 1.58, 2.1558, 2.6782, 2.6914, 3.6996, 2.9457, 
3.2849, 4.4896, 689.9, 752.3, 858.3, 897.3, 979.3, 1036.3, 1083.2, 
1154, 1274.7, 1341.6, 1360.7, 819, 76, 610, 1102, 2130, 2111, 
2083, 1519, 992, 2109, 187, 1, 1, 1, 1, 1, 1, 1, 2, 3, 1, 9, 
100, 100, 100, 100, 100, 100, 100, 100, 100, 100, 100, 2500, 
2500, 2500, 2500, 2500, 2500, 2500, 2500, 2500, 2500, 2500, 39863.728, 
46017.33, 55596.165, 69827.793, 75980.82, 88420.958, 93658.045, 
112906.629, 125728.616, 140049.116, 156360.343, 1, 1, 1, 1, 1, 
1, 1, 1, 1, 1, 1, 0.03846, 0.03846, 0.03846, 0.03846, 0.03846, 
0.03846, 0.03846, 0.03846, 0.03846, 0.03846, 0.03846, 0, 0, 0, 
0, 0, 0, 0, 0, 0, 0, 0, 0, 0, 0, 0, 0, 0, 0, 0, 0, 0, 0, 0.69486, 
0.69291, 0.69132, 0.68832, 0.68831, 0.68887, 0.69235, 0.69983, 
0.69759, 0.70129, 0.70483, 0.69918, 0.69619, 0.69008, 0.68833, 
0.69659, 0.69556, 0.69824, 0.70025, 0.69959, 0.7013, 0.70337, 
0.4874, 0.5806, 0.7016, 0.8246, 0.9178, 1.0508, 1.1558, 1.3114, 
1.4681, 1.6269, 1.7483, 774.9, 855.3, 947, 1022.3, 1088.6, 1155.8, 
1221.7, 1290, 1362, 1435.9, 1505.2, 1, 1, 1, 1, 1, 1, 1, 1, 1, 
1, 1, 1, 1, 1, 1, 1, 1, 1, 1, 1, 1, 1, 1, 1, 1, 1, 1, 1, 1, 1, 
1, 1, 1, 1, 1, 1, 1, 1, 1, 1, 1, 1, 1, 1, 7.834, 8.729, 10.197, 
11.48, 12.23, 13.682, 14.92, 16.444, 18.31, 20.078, 21.376), .Dim = c(11L, 
40L), .Dimnames = list(NULL, c("Sampling", "PSO.cost", "PSO.gamma", 
"PSO.data.balancing", "PSO.feature.selection", "PSO.valid.acc", 
"PSO.test.acc", "PSO.train.time", "PSO.n.support.vectors", "PSO.index", 
"PSO.n.solutions", "PSO.generations", "PSO.n.evaluations", "PSO.cpu.time", 
"RS.cost", "RS.gamma", "RS.data.balancing", "RS.feature.selection", 
"RS.valid.acc", "RS.test.acc", "RS.train.time", "RS.n.support.vectors", 
"RS.index", "RS.n.solutions", "RS.generations", "RS.n.evaluations", 
"RS.cpu.time", "DF.cost", "DF.gamma", "DF.data.balancing", "DF.feature.selection", 
"DF.valid.acc", "DF.test.acc", "DF.train.time", "DF.n.support.vectors", 
"DF.index", "DF.n.solutions", "DF.generations", "DF.n.evaluations", 
"DF.cpu.time")))
