full <-
structure(c(50, 55, 60, 65, 70, 75, 80, 85, 90, 95, 100, 11.81602, 
14.04212, 4.13131, 13.66174, 10.76923, 12.99039, 1.83632, 3.01074, 
5.84773, 12.67538, 9.33534, -11.72583, -14.90135, -7.85789, -12.58222, 
-10.95021, -11.81692, -2.84074, -4.38703, -6.8903, -11.30482, 
-9.14119, 0, 0, 0, 0, 0, 0, 0, 0, 0, 0, 0, 0, 0, 0, 0, 0, 0, 
0, 0, 0, 0, 0, 0.72239, 0.72332, 0.71116, 0.71239, 0.71318, 0.71488, 
0.71555, 0.7152, 0.71579, 0.71463, 0.71391, 0.70644, 0.71339, 
0.70205, 0.70568, 0.70437, 0.70861, 0.70875, 0.71091, 0.71539, 
0.71348, 0.70846, 1.1004, 1.084, 0.8135, 2.2129, 2.171, 3.0118, 
1.3668, 1.5064, 1.9257, 5.8614, 4.1798, 694.5, 749.9, 896.8, 
883.8, 976.8, 1025.7, 1203.6, 1208.3, 1230.7, 1296.4, 1364.2, 
472, 2145, 1390, 1501, 1643, 1447, 2042, 955, 1699, 1311, 2247, 
131, 6, 27, 2, 1, 12, 14, 59, 26, 4, 4, 100, 100, 100, 100, 100, 
100, 100, 100, 100, 100, 100, 2500, 2500, 2500, 2500, 2500, 2500, 
2500, 2500, 2500, 2500, 2500, 38415.181, 36539.883, 31200.969, 
65900.16, 64316.788, 77798.211, 62207.056, 59451.6410000001, 
106792.626, 140629.395, 125762.473, 12.09838, 14.92884, 4.38545, 
13.58422, 9.16391, 10.6993, 1.66723, 2.7811, 5.76635, 12.85406, 
9.5635, -11.74058, -14.80915, -7.821, -12.69341, -10.24255, -10.81023, 
-2.88567, -3.59384, -6.78212, -11.42515, -9.17442, 0, 0, 0, 0, 
0, 0, 0, 0, 0, 0, 0, 0, 0, 0, 0, 0, 0, 0, 0, 0, 0, 0, 0.72022, 
0.72199, 0.70934, 0.71014, 0.71214, 0.71391, 0.71374, 0.71434, 
0.71538, 0.71387, 0.71319, 0.71006, 0.71205, 0.70087, 0.70511, 
0.70489, 0.70958, 0.71056, 0.70791, 0.71619, 0.71424, 0.70955, 
1.1587, 1.181, 0.8698, 2.1413, 1.6918, 2.5681, 1.34, 1.4628, 
2.0155, 5.9087, 4.4359, 694.5, 740, 892.2, 883.5, 987.1, 1039.9, 
1204.2, 1229.2, 1229.8, 1293.6, 1364.2, 779, 948, 621, 2012, 
619, 2492, 1975, 1997, 55, 360, 1825, 1, 1, 1, 2, 2, 3, 1, 2, 
1, 1, 1, 100, 100, 100, 100, 100, 100, 100, 100, 100, 100, 100, 
2500, 2500, 2500, 2500, 2500, 2500, 2500, 2500, 2500, 2500, 2500, 
41458.663, 49478.766, 65291.091, 73502.32, 79538.568, 96247.6850000001, 
110486.76, 118596.748, 130705.207, 161766.64, 162621.21, 1, 1, 
1, 1, 1, 1, 1, 1, 1, 1, 1, 0.03846, 0.03846, 0.03846, 0.03846, 
0.03846, 0.03846, 0.03846, 0.03846, 0.03846, 0.03846, 0.03846, 
0, 0, 0, 0, 0, 0, 0, 0, 0, 0, 0, 0, 0, 0, 0, 0, 0, 0, 0, 0, 0, 
0, 0.7028, 0.70224, 0.69848, 0.70342, 0.69815, 0.69796, 0.70148, 
0.70238, 0.70085, 0.70625, 0.69864, 0.69549, 0.69957, 0.69481, 
0.70117, 0.70022, 0.70233, 0.70011, 0.70411, 0.69965, 0.70776, 
0.69865, 0.5542, 0.6559, 0.7957, 0.9086, 1.0029, 1.1602, 1.3175, 
1.4148, 1.5703, 1.7769, 1.9535, 780.3, 846.7, 933.5, 999.2, 1073.8, 
1151.6, 1225.3, 1289.7, 1357.5, 1435.6, 1499, 1, 1, 1, 1, 1, 
1, 1, 1, 1, 1, 1, 1, 1, 1, 1, 1, 1, 1, 1, 1, 1, 1, 1, 1, 1, 1, 
1, 1, 1, 1, 1, 1, 1, 1, 1, 1, 1, 1, 1, 1, 1, 1, 1, 1, 8.816, 
9.867, 12.929, 13.489, 13.288, 16.181, 17.589, 18.869, 19.325, 
22.749, 24.363), .Dim = c(11L, 40L), .Dimnames = list(NULL, c("Sampling", 
"PSO.cost", "PSO.gamma", "PSO.data.balancing", "PSO.feature.selection", 
"PSO.valid.acc", "PSO.test.acc", "PSO.train.time", "PSO.n.support.vectors", 
"PSO.index", "PSO.n.solutions", "PSO.generations", "PSO.n.evaluations", 
"PSO.cpu.time", "RS.cost", "RS.gamma", "RS.data.balancing", "RS.feature.selection", 
"RS.valid.acc", "RS.test.acc", "RS.train.time", "RS.n.support.vectors", 
"RS.index", "RS.n.solutions", "RS.generations", "RS.n.evaluations", 
"RS.cpu.time", "DF.cost", "DF.gamma", "DF.data.balancing", "DF.feature.selection", 
"DF.valid.acc", "DF.test.acc", "DF.train.time", "DF.n.support.vectors", 
"DF.index", "DF.n.solutions", "DF.generations", "DF.n.evaluations", 
"DF.cpu.time")))
