full <-
structure(c(50, 55, 60, 65, 70, 75, 80, 85, 90, 95, 100, 8.34788, 
3.08699, 5.40036, 9.72154, 2.09826, 12.57253, 7.65131, 2.08382, 
14.71355, 14.95736, 14.89431, -10.08008, -5.87155, -7.49239, 
-11.18079, -4.08235, -10.51265, -9.36877, -3.60065, -12.67948, 
-14.99092, -12.83022, 0, 0, 0, 0, 0, 0, 0, 0, 0, 0, 0, 0, 0, 
0, 0, 0, 0, 0, 0, 0, 0, 0, 0.73843, 0.7299, 0.73256, 0.72459, 
0.72666, 0.72648, 0.72054, 0.72164, 0.71615, 0.71503, 0.71683, 
0.73992, 0.72658, 0.72768, 0.71898, 0.72095, 0.71728, 0.71599, 
0.71609, 0.71252, 0.7093, 0.70919, 0.6667, 0.6152, 0.7908, 1.3204, 
0.8907, 3.6354, 1.6759, 1.3434, 4.4385, 2.7609, 5.0482, 696.9, 
775.9, 828.3, 908.8, 1003.6, 1002.5, 1125.4, 1236.9, 1203.3, 
1271.9, 1341.7, 1491, 1864, 2496, 671, 1798, 1575, 1357, 1764, 
1057, 2323, 1762, 36, 17, 1, 243, 39, 1, 139, 17, 1, 4, 7, 100, 
100, 100, 100, 100, 100, 100, 100, 100, 100, 100, 2500, 2500, 
2500, 2500, 2500, 2500, 2500, 2500, 2500, 2500, 2500, 25844.6, 
24341.708, 48095.21, 49247.046, 38424.182, 99134.105, 56605.684, 
57222.1139999999, 115679.607, 79188.1470000001, 143914.82, 9.39898, 
4.88101, 13.92137, 9.83819, 2.01746, 13.98082, 7.09428, 2.03152, 
11.41886, 8.09243, 13.46838, -11.19676, -6.99391, -13.19108, 
-11.2243, -4.08506, -11.25146, -8.91097, -3.29667, -11.59532, 
-10.66334, -12.14039, 0, 0, 0, 0, 0, 0, 0, 0, 0, 0, 0, 0, 0, 
0, 0, 0, 0, 0, 0, 0, 0, 0, 0.73699, 0.72986, 0.73254, 0.72403, 
0.72511, 0.72552, 0.71918, 0.71993, 0.71533, 0.71388, 0.71574, 
0.73412, 0.72918, 0.72465, 0.71786, 0.72147, 0.71728, 0.71599, 
0.71481, 0.71373, 0.70893, 0.70992, 0.7183, 0.6582, 1.4705, 1.3527, 
0.92, 4.3438, 1.5489, 1.3465, 3.8133, 2.2344, 5.3894, 704.6, 
759.9, 788.9, 910.7, 1005.4, 1001.2, 1120.6, 1246.3, 1234.2, 
1398.6, 1353.6, 14, 1003, 1758, 1864, 2148, 1878, 2033, 1384, 
104, 2467, 1104, 1, 1, 1, 1, 1, 1, 2, 1, 1, 2, 3, 100, 100, 100, 
100, 100, 100, 100, 100, 100, 100, 100, 2500, 2500, 2500, 2500, 
2500, 2500, 2500, 2500, 2500, 2500, 2500, 40712.249, 49968.619, 
54937.06, 66230.432, 76706.397, 81416.287, 98365.347, 106608.144, 
131814.069, 143129.394, 152136.466, 1, 1, 1, 1, 1, 1, 1, 1, 1, 
1, 1, 0.03846, 0.03846, 0.03846, 0.03846, 0.03846, 0.03846, 0.03846, 
0.03846, 0.03846, 0.03846, 0.03846, 0, 0, 0, 0, 0, 0, 0, 0, 0, 
0, 0, 0, 0, 0, 0, 0, 0, 0, 0, 0, 0, 0, 0.71803, 0.71869, 0.71619, 
0.70896, 0.71837, 0.71099, 0.71144, 0.71015, 0.70848, 0.70588, 
0.70013, 0.71655, 0.71802, 0.71739, 0.71338, 0.71316, 0.71244, 
0.70827, 0.70672, 0.70686, 0.70473, 0.70121, 0.4876, 0.6021, 
0.6868, 0.8049, 0.9278, 1.043, 1.1925, 1.3447, 1.4729, 1.6008, 
1.7745, 769.9, 851, 921.3, 993.9, 1072.9, 1151, 1220.6, 1292.3, 
1355.2, 1434.1, 1502.4, 1, 1, 1, 1, 1, 1, 1, 1, 1, 1, 1, 1, 1, 
1, 1, 1, 1, 1, 1, 1, 1, 1, 1, 1, 1, 1, 1, 1, 1, 1, 1, 1, 1, 1, 
1, 1, 1, 1, 1, 1, 1, 1, 1, 1, 8.039, 9.151, 9.798, 11.514, 12.475, 
13.502, 15.151, 16.92, 18.313, 19.527, 21.428), .Dim = c(11L, 
40L), .Dimnames = list(NULL, c("Sampling", "PSO.cost", "PSO.gamma", 
"PSO.data.balancing", "PSO.feature.selection", "PSO.valid.acc", 
"PSO.test.acc", "PSO.train.time", "PSO.n.support.vectors", "PSO.index", 
"PSO.n.solutions", "PSO.generations", "PSO.n.evaluations", "PSO.cpu.time", 
"RS.cost", "RS.gamma", "RS.data.balancing", "RS.feature.selection", 
"RS.valid.acc", "RS.test.acc", "RS.train.time", "RS.n.support.vectors", 
"RS.index", "RS.n.solutions", "RS.generations", "RS.n.evaluations", 
"RS.cpu.time", "DF.cost", "DF.gamma", "DF.data.balancing", "DF.feature.selection", 
"DF.valid.acc", "DF.test.acc", "DF.train.time", "DF.n.support.vectors", 
"DF.index", "DF.n.solutions", "DF.generations", "DF.n.evaluations", 
"DF.cpu.time")))
