full <-
structure(c(50, 55, 60, 65, 70, 75, 80, 85, 90, 95, 100, 4.65024, 
6.26886, 4.73673, 8.62465, 6.21813, 6.49547, 13.47614, 13.26645, 
14.99183, 12.70975, 14.48689, -7.26585, -8.20268, -4.68331, -9.97413, 
-6.50462, -9.0639, -11.22953, -13.08654, -13.49437, -14.40458, 
-12.21709, 0, 0, 0, 0, 0, 0, 0, 0, 0, 0, 0, 0, 0, 0, 0, 0, 0, 
0, 0, 0, 0, 0, 0.7078, 0.70612, 0.70814, 0.70391, 0.70795, 0.71107, 
0.71326, 0.71564, 0.71613, 0.71694, 0.71684, 0.7049, 0.70085, 
0.69484, 0.69439, 0.70173, 0.70526, 0.70737, 0.71008, 0.70768, 
0.70892, 0.71029, 0.544, 0.6845, 0.7905, 1.2694, 1.1476, 1.3075, 
4.2546, 2.9034, 3.6244, 2.6208, 6.1965, 713.3, 766.2, 849.6, 
925.8, 964.7, 1074, 1067.5, 1149.8, 1202.1, 1303.6, 1344, 983, 
1487, 870, 1098, 2018, 1433, 2392, 1726, 2474, 1641, 1604, 73, 
17, 73, 39, 98, 32, 1, 3, 1, 6, 1, 100, 100, 100, 100, 100, 100, 
100, 100, 100, 100, 100, 2500, 2500, 2500, 2500, 2500, 2500, 
2500, 2500, 2500, 2500, 2500, 24474.893, 28550.931, 36780.386, 
42183.221, 43056.652, 64422.285, 125450.588, 96534.211, 104149.523, 
86972.085, 166216.267, 1.31557, 5.71694, 5.05735, 9.41839, 6.51433, 
1.33343, 14.94966, 14.4676, -0.01341, 14.08381, 14.19792, -3.594, 
-8.43284, -4.80608, -8.20631, -6.56177, -5.32909, -11.92034, 
-12.53302, -3.49327, -14.90946, -12.18695, 0, 0, 0, 0, 0, 0, 
0, 0, 0, 0, 0, 0, 0, 0, 0, 0, 0, 0, 0, 0, 0, 0, 0.70854, 0.70546, 
0.70753, 0.70334, 0.70742, 0.70963, 0.71236, 0.71477, 0.71573, 
0.71618, 0.71502, 0.70201, 0.70217, 0.69301, 0.69886, 0.70018, 
0.70622, 0.70782, 0.71392, 0.70726, 0.7093, 0.71138, 0.5345, 
0.6862, 0.8109, 1.3847, 1.219, 1.1494, 4.6724, 3.777, 1.6056, 
2.6547, 5.7958, 752.3, 785.4, 845.3, 887.9, 961.9, 1111.2, 1064.2, 
1136.7, 1349, 1279.6, 1346.4, 213, 500, 2149, 149, 1277, 2492, 
451, 1852, 386, 1246, 2481, 1, 2, 1, 1, 1, 1, 1, 1, 1, 3, 2, 
100, 100, 100, 100, 100, 100, 100, 100, 100, 100, 100, 2500, 
2500, 2500, 2500, 2500, 2500, 2500, 2500, 2500, 2500, 2500, 38278.35, 
45729.626, 57267.981, 64834.464, 76453.769, 83893.493, 95317.567, 
108250.127, 120653.622, 144354.168, 167373.391, 1, 1, 1, 1, 1, 
1, 1, 1, 1, 1, 1, 0.03846, 0.03846, 0.03846, 0.03846, 0.03846, 
0.03846, 0.03846, 0.03846, 0.03846, 0.03846, 0.03846, 0, 0, 0, 
0, 0, 0, 0, 0, 0, 0, 0, 0, 0, 0, 0, 0, 0, 0, 0, 0, 0, 0, 0.70127, 
0.69816, 0.69718, 0.691, 0.69968, 0.70766, 0.70509, 0.7101, 0.70768, 
0.70435, 0.70376, 0.70057, 0.69953, 0.69965, 0.69718, 0.70071, 
0.70475, 0.70691, 0.70882, 0.71009, 0.70549, 0.70412, 0.526, 
0.6303, 0.7605, 0.8666, 0.9935, 1.1483, 1.2773, 1.4129, 1.5359, 
1.7606, 1.919, 785.1, 863.6, 944, 1021.3, 1090.3, 1156, 1222.3, 
1289.3, 1357.1, 1437.7, 1503.3, 1, 1, 1, 1, 1, 1, 1, 1, 1, 1, 
1, 1, 1, 1, 1, 1, 1, 1, 1, 1, 1, 1, 1, 1, 1, 1, 1, 1, 1, 1, 1, 
1, 1, 1, 1, 1, 1, 1, 1, 1, 1, 1, 1, 1, 8.721, 9.754, 11.36, 12.443, 
13.457, 16.266, 17.612, 18.05, 20.15, 21.729, 24.203), .Dim = c(11L, 
40L), .Dimnames = list(NULL, c("Sampling", "PSO.cost", "PSO.gamma", 
"PSO.data.balancing", "PSO.feature.selection", "PSO.valid.acc", 
"PSO.test.acc", "PSO.train.time", "PSO.n.support.vectors", "PSO.index", 
"PSO.n.solutions", "PSO.generations", "PSO.n.evaluations", "PSO.cpu.time", 
"RS.cost", "RS.gamma", "RS.data.balancing", "RS.feature.selection", 
"RS.valid.acc", "RS.test.acc", "RS.train.time", "RS.n.support.vectors", 
"RS.index", "RS.n.solutions", "RS.generations", "RS.n.evaluations", 
"RS.cpu.time", "DF.cost", "DF.gamma", "DF.data.balancing", "DF.feature.selection", 
"DF.valid.acc", "DF.test.acc", "DF.train.time", "DF.n.support.vectors", 
"DF.index", "DF.n.solutions", "DF.generations", "DF.n.evaluations", 
"DF.cpu.time")))
