full <-
structure(c(50, 55, 60, 65, 70, 75, 80, 85, 90, 95, 100, 13.43791, 
7.53811, 6.17467, 8.02886, 8.83389, 14.81972, 15, 14.16619, 7.92148, 
14.32875, 14.73017, -14.56691, -7.33307, -8.91586, -7.92832, 
-9.70639, -11.08273, -11.43861, -12.11698, -9.08237, -12.16457, 
-13.1168, 0, 0, 0, 0, 0, 0, 0, 0, 0, 0, 0, 0, 0, 0, 0, 0, 0, 
0, 0, 0, 0, 0, 0.72403, 0.72332, 0.72093, 0.72183, 0.71734, 0.71634, 
0.71777, 0.71775, 0.71449, 0.71461, 0.71611, 0.71966, 0.72001, 
0.71368, 0.71568, 0.71212, 0.71341, 0.71461, 0.71391, 0.71125, 
0.71233, 0.7132, 0.923, 0.9016, 0.5773, 1.3837, 1.5858, 6.6243, 
3.8155, 4.367, 2.3761, 5.9033, 3.243, 675.7, 740.8, 848, 869.2, 
961.5, 995.1, 1061.2, 1146.1, 1243.9, 1285.6, 1342.5, 928, 2278, 
596, 1958, 1361, 1700, 994, 1160, 2002, 1974, 1570, 23, 54, 178, 
1, 158, 1, 3, 2, 44, 3, 1, 100, 100, 100, 100, 100, 100, 100, 
100, 100, 100, 100, 2500, 2500, 2500, 2500, 2500, 2500, 2500, 
2500, 2500, 2500, 2500, 30730.358, 34162.347, 34737.07, 48057.986, 
50937.349, 138846.971, 145832.991, 115275.883, 85911.6630000002, 
132005.911, 139548.345, 12.81273, 7.13946, 13.14835, 8.1676, 
12.10988, 13.71572, 12.40638, 14.22744, 6.91782, 6.40963, 14.82513, 
-14.14271, -7.11234, -12.36298, -8.00509, -11.44584, -10.49427, 
-10.07835, -12.12888, -9.44543, -7.64402, -13.27828, 0, 0, 0, 
0, 0, 0, 0, 0, 0, 0, 0, 0, 0, 0, 0, 0, 0, 0, 0, 0, 0, 0, 0.72184, 
0.72332, 0.71969, 0.72072, 0.71578, 0.71487, 0.71505, 0.71688, 
0.71408, 0.71349, 0.71429, 0.72184, 0.72003, 0.71065, 0.71568, 
0.71265, 0.71291, 0.71189, 0.71265, 0.70884, 0.71044, 0.71247, 
0.9661, 0.8314, 2.0787, 1.4294, 1.8768, 3.4396, 3.1439, 2.673, 
1.9294, 2.2615, 4.9003, 680.6, 741.4, 797.6, 868.9, 942, 999.9, 
1073.7, 1148.3, 1277.8, 1310.5, 1339.9, 1743, 1494, 1553, 2200, 
273, 643, 9, 1192, 994, 1732, 2130, 1, 1, 1, 1, 3, 1, 1, 1, 1, 
1, 1, 100, 100, 100, 100, 100, 100, 100, 100, 100, 100, 100, 
2500, 2500, 2500, 2500, 2500, 2500, 2500, 2500, 2500, 2500, 2500, 
39907.341, 47077.183, 57981.195, 66311.673, 67323.613, 86106.037, 
85648, 100352.59, 126019.317, 148105.342, 166910.554, 1, 1, 1, 
1, 1, 1, 1, 1, 1, 1, 1, 0.03846, 0.03846, 0.03846, 0.03846, 0.03846, 
0.03846, 0.03846, 0.03846, 0.03846, 0.03846, 0.03846, 0, 0, 0, 
0, 0, 0, 0, 0, 0, 0, 0, 0, 0, 0, 0, 0, 0, 0, 0, 0, 0, 0, 0.70656, 
0.71014, 0.71009, 0.71395, 0.71111, 0.70469, 0.70511, 0.70282, 
0.70803, 0.70164, 0.70303, 0.70431, 0.7121, 0.70701, 0.71508, 
0.71319, 0.70906, 0.70601, 0.70752, 0.70761, 0.70011, 0.69938, 
0.5269, 0.6291, 0.7575, 0.8579, 0.6748, 1.1327, 1.2704, 1.4174, 
1.5943, 1.7848, 1.9912, 774.4, 843.2, 925.8, 995.3, 1074.3, 1145.9, 
1215.2, 1290, 1360.4, 1438.5, 1505.4, 1, 1, 1, 1, 1, 1, 1, 1, 
1, 1, 1, 1, 1, 1, 1, 1, 1, 1, 1, 1, 1, 1, 1, 1, 1, 1, 1, 1, 1, 
1, 1, 1, 1, 1, 1, 1, 1, 1, 1, 1, 1, 1, 1, 1, 7.982, 9.078, 10.534, 
12.481, 9.124, 14.519, 16.927, 17.599, 20.342, 21.657, 24.99), .Dim = c(11L, 
40L), .Dimnames = list(NULL, c("Sampling", "PSO.cost", "PSO.gamma", 
"PSO.data.balancing", "PSO.feature.selection", "PSO.valid.acc", 
"PSO.test.acc", "PSO.train.time", "PSO.n.support.vectors", "PSO.index", 
"PSO.n.solutions", "PSO.generations", "PSO.n.evaluations", "PSO.cpu.time", 
"RS.cost", "RS.gamma", "RS.data.balancing", "RS.feature.selection", 
"RS.valid.acc", "RS.test.acc", "RS.train.time", "RS.n.support.vectors", 
"RS.index", "RS.n.solutions", "RS.generations", "RS.n.evaluations", 
"RS.cpu.time", "DF.cost", "DF.gamma", "DF.data.balancing", "DF.feature.selection", 
"DF.valid.acc", "DF.test.acc", "DF.train.time", "DF.n.support.vectors", 
"DF.index", "DF.n.solutions", "DF.generations", "DF.n.evaluations", 
"DF.cpu.time")))
