full <-
structure(c(50, 55, 60, 65, 70, 75, 80, 85, 90, 95, 100, 11.80797, 
3.58883, 13.88887, 9.08769, 14.95808, 7.41202, 13.06456, 4.87319, 
11.02793, 14.29511, 13.20619, -14.775, -3.5384, -14.80912, -7.30107, 
-10.88983, -7.30489, -10.05025, -5.35862, -9.97539, -11.41104, 
-12.16686, 0, 0, 0, 0, 0, 0, 0, 0, 0, 0, 0, 0, 0, 0, 0, 0, 0, 
0, 0, 0, 0, 0, 0.69692, 0.70165, 0.70757, 0.70846, 0.70387, 0.71005, 
0.71234, 0.70669, 0.71086, 0.71234, 0.71353, 0.68312, 0.69168, 
0.70031, 0.70448, 0.70075, 0.70327, 0.70551, 0.70284, 0.70642, 
0.70814, 0.70953, 0.8137, 0.7068, 1.2963, 1.6484, 7.7219, 1.6754, 
6.3537, 1.6838, 4.7387, 7.423, 5.6205, 758.5, 822.1, 836.4, 905.1, 
964.3, 1036.3, 1084.1, 1185.3, 1232.3, 1285.4, 1356.8, 309, 2463, 
1758, 2489, 1979, 937, 2436, 1434, 1320, 1580, 1554, 34, 1, 6, 
1, 2, 26, 4, 60, 5, 3, 2, 100, 100, 100, 100, 100, 100, 100, 
100, 100, 100, 100, 2500, 2500, 2500, 2500, 2500, 2500, 2500, 
2500, 2500, 2500, 2500, 29524.683, 71350.961, 58793.972, 92184.824, 
174489.212, 62431.8890000001, 136986.415, 88748.737, 127225.731, 
198458.431, 143157.798, 11.61264, 3.53355, 2.77825, 8.48229, 
3.63681, 7.04741, 13.11632, 6.1112, 12.97165, 13.16579, 14.69988, 
-14.59989, -3.53778, -4.00226, -7.23753, -4.18126, -7.27029, 
-9.95924, -6.01467, -10.83609, -10.91556, -13.62978, 0, 0, 0, 
0, 0, 0, 0, 0, 0, 0, 0, 0, 0, 0, 0, 0, 0, 0, 0, 0, 0, 0, 0.69619, 
0.70098, 0.70697, 0.70788, 0.70181, 0.70861, 0.71233, 0.70583, 
0.71086, 0.71158, 0.71244, 0.68384, 0.69103, 0.69788, 0.70504, 
0.69243, 0.69988, 0.70551, 0.70455, 0.70481, 0.71006, 0.70844, 
0.8274, 0.6949, 0.7761, 1.4906, 1.0569, 1.5213, 6.051, 1.9216, 
6.2582, 7.2893, 4.3723, 761.3, 822.8, 875.6, 906.4, 1008, 1034.9, 
1083.6, 1176.2, 1226.5, 1291, 1340, 614, 2500, 2000, 207, 2378, 
2015, 1536, 89, 1733, 2219, 1928, 1, 1, 1, 3, 1, 1, 1, 3, 2, 
1, 1, 100, 100, 100, 100, 100, 100, 100, 100, 100, 100, 100, 
2500, 2500, 2500, 2500, 2500, 2500, 2500, 2500, 2500, 2500, 2500, 
43744.515, 55021.379, 59744.387, 70028.933, 79897.608, 90487.684, 
103640.906, 128371.657, 135492.08, 152839.765, 167482.453, 1, 
1, 1, 1, 1, 1, 1, 1, 1, 1, 1, 0.03846, 0.03846, 0.03846, 0.03846, 
0.03846, 0.03846, 0.03846, 0.03846, 0.03846, 0.03846, 0.03846, 
0, 0, 0, 0, 0, 0, 0, 0, 0, 0, 0, 0, 0, 0, 0, 0, 0, 0, 0, 0, 0, 
0, 0.68307, 0.68699, 0.69304, 0.68716, 0.68674, 0.68973, 0.69467, 
0.69473, 0.69675, 0.69898, 0.70298, 0.6838, 0.683, 0.69065, 0.69219, 
0.68622, 0.69019, 0.69464, 0.69303, 0.69352, 0.70128, 0.70153, 
0.5687, 0.6531, 0.7657, 0.8637, 1.0024, 1.1197, 1.2127, 1.4224, 
1.6104, 1.8139, 1.9465, 817.8, 883.2, 941.2, 1021.1, 1092.3, 
1157.9, 1220.4, 1303.6, 1372, 1440.4, 1504.7, 1, 1, 1, 1, 1, 
1, 1, 1, 1, 1, 1, 1, 1, 1, 1, 1, 1, 1, 1, 1, 1, 1, 1, 1, 1, 1, 
1, 1, 1, 1, 1, 1, 1, 1, 1, 1, 1, 1, 1, 1, 1, 1, 1, 1, 8.866, 
9.577, 10.854, 11.783, 14.185, 14.508, 15.484, 19.007, 20.783, 
22.842, 24.138), .Dim = c(11L, 40L), .Dimnames = list(NULL, c("Sampling", 
"PSO.cost", "PSO.gamma", "PSO.data.balancing", "PSO.feature.selection", 
"PSO.valid.acc", "PSO.test.acc", "PSO.train.time", "PSO.n.support.vectors", 
"PSO.index", "PSO.n.solutions", "PSO.generations", "PSO.n.evaluations", 
"PSO.cpu.time", "RS.cost", "RS.gamma", "RS.data.balancing", "RS.feature.selection", 
"RS.valid.acc", "RS.test.acc", "RS.train.time", "RS.n.support.vectors", 
"RS.index", "RS.n.solutions", "RS.generations", "RS.n.evaluations", 
"RS.cpu.time", "DF.cost", "DF.gamma", "DF.data.balancing", "DF.feature.selection", 
"DF.valid.acc", "DF.test.acc", "DF.train.time", "DF.n.support.vectors", 
"DF.index", "DF.n.solutions", "DF.generations", "DF.n.evaluations", 
"DF.cpu.time")))
