full <-
structure(c(50, 55, 60, 65, 70, 75, 80, 85, 90, 95, 100, 13.68051, 
11.61648, 5.87325, 14.05385, 15, 15, 11.74006, 6.03081, 14.95361, 
12.01924, 12.06471, -14.74636, -10.78508, -7.69315, -14.83721, 
-15, -14.27765, -11.62851, -6.8753, -14.27223, -11.15042, -10.28581, 
0, 0, 0, 0, 0, 0, 0, 0, 0, 0, 0, 0, 0, 0, 0, 0, 0, 0, 0, 0, 0, 
0, 0.70643, 0.72332, 0.72099, 0.72238, 0.71678, 0.71788, 0.71596, 
0.71389, 0.71654, 0.71506, 0.71576, 0.7086, 0.72198, 0.71555, 
0.72073, 0.7116, 0.71544, 0.71096, 0.70921, 0.70926, 0.71162, 
0.70957, 0.8785, 1.6603, 0.868, 1.4157, 1.5771, 1.3538, 3.4365, 
1.7612, 2.9977, 5.3099, 4.8809, 680.1, 739.5, 822.6, 869.5, 933.2, 
1008.7, 1106.2, 1167.3, 1217.1, 1298.1, 1354.6, 336, 2013, 690, 
397, 61, 1997, 1803, 1575, 2335, 95, 818, 171, 8, 92, 5, 2323, 
1, 3, 28, 1, 1, 10, 100, 100, 100, 100, 100, 100, 100, 100, 100, 
100, 100, 2500, 2500, 2500, 2500, 2500, 2500, 2500, 2500, 2500, 
2500, 2500, 24541.762, 48366.283, 36172.759, 50028.015, 50672.157, 
67685.733, 86047.965, 79131.791, 84987.899, 117071.972, 173952.757, 
13.12234, 14.68566, 6.16285, 13.81979, 8.20305, 13.51167, 11.38479, 
6.60585, 14.95709, 10.88612, 11.69614, -14.25007, -12.68258, 
-7.93204, -14.58122, -9.9052, -11.32774, -11.43563, -6.48452, 
-14.73531, -10.58332, -10.11443, 0, 0, 0, 0, 0, 0, 0, 0, 0, 0, 
0, 0, 0, 0, 0, 0, 0, 0, 0, 0, 0, 0, 0.7057, 0.72331, 0.71978, 
0.72071, 0.71726, 0.71547, 0.7155, 0.71262, 0.71453, 0.7143, 
0.71539, 0.71225, 0.72332, 0.71494, 0.72073, 0.71261, 0.71545, 
0.71004, 0.71093, 0.70887, 0.71009, 0.70994, 0.5693, 1.9342, 
0.5739, 0.9274, 1.4698, 2.5773, 3.3664, 1.8703, 2.6591, 4.6474, 
6.7124, 682.7, 720.8, 824.4, 868.1, 983.1, 1011.5, 1107, 1164.1, 
1218.8, 1304.3, 1352.7, 214, 1331, 1516, 610, 2450, 2365, 1743, 
2063, 458, 42, 832, 3, 1, 1, 5, 1, 1, 2, 3, 1, 1, 1, 100, 100, 
100, 100, 100, 100, 100, 100, 100, 100, 100, 2500, 2500, 2500, 
2500, 2500, 2500, 2500, 2500, 2500, 2500, 2500, 38975.937, 48580.834, 
49730.884, 63184.107, 77646.843, 64270.642, 106594.415, 120279.519, 
133359.612, 141107.319, 163216.908, 1, 1, 1, 1, 1, 1, 1, 1, 1, 
1, 1, 0.03846, 0.03846, 0.03846, 0.03846, 0.03846, 0.03846, 0.03846, 
0.03846, 0.03846, 0.03846, 0.03846, 0, 0, 0, 0, 0, 0, 0, 0, 0, 
0, 0, 0, 0, 0, 0, 0, 0, 0, 0, 0, 0, 0, 0.69987, 0.70671, 0.70585, 
0.70784, 0.70221, 0.70332, 0.69871, 0.70067, 0.70001, 0.70247, 
0.7041, 0.69843, 0.70801, 0.70525, 0.70623, 0.7048, 0.70429, 
0.70007, 0.70112, 0.69678, 0.70132, 0.69901, 0.5388, 0.6251, 
0.7501, 0.5674, 0.9937, 0.7642, 1.2896, 1.3797, 1.5907, 1.7752, 
1.9252, 780.7, 844.1, 907.8, 977.3, 1062.1, 1133.8, 1214.8, 1292.3, 
1369, 1436.1, 1503.7, 1, 1, 1, 1, 1, 1, 1, 1, 1, 1, 1, 1, 1, 
1, 1, 1, 1, 1, 1, 1, 1, 1, 1, 1, 1, 1, 1, 1, 1, 1, 1, 1, 1, 1, 
1, 1, 1, 1, 1, 1, 1, 1, 1, 1, 8.182, 9.846, 11.401, 7.988, 13.869, 
10.729, 17.113, 17.056, 19.383, 21.51, 23.032), .Dim = c(11L, 
40L), .Dimnames = list(NULL, c("Sampling", "PSO.cost", "PSO.gamma", 
"PSO.data.balancing", "PSO.feature.selection", "PSO.valid.acc", 
"PSO.test.acc", "PSO.train.time", "PSO.n.support.vectors", "PSO.index", 
"PSO.n.solutions", "PSO.generations", "PSO.n.evaluations", "PSO.cpu.time", 
"RS.cost", "RS.gamma", "RS.data.balancing", "RS.feature.selection", 
"RS.valid.acc", "RS.test.acc", "RS.train.time", "RS.n.support.vectors", 
"RS.index", "RS.n.solutions", "RS.generations", "RS.n.evaluations", 
"RS.cpu.time", "DF.cost", "DF.gamma", "DF.data.balancing", "DF.feature.selection", 
"DF.valid.acc", "DF.test.acc", "DF.train.time", "DF.n.support.vectors", 
"DF.index", "DF.n.solutions", "DF.generations", "DF.n.evaluations", 
"DF.cpu.time")))
