full <-
structure(c(50, 55, 60, 65, 70, 75, 80, 85, 90, 95, 100, 9.27038, 
13.59668, 8.01873, 5.99487, 14.24095, 7.52534, 11.62461, 9.73395, 
15, 12.2507, 10.78503, -7.08311, -10.84704, -8.83737, -9.12407, 
-13.93075, -5.65745, -11.5399, -9.02139, -12.13134, -10.81908, 
-7.79583, 0, 0, 0, 0, 0, 0, 0, 0, 0, 0, 0, 0, 0, 0, 0, 0, 0, 
0, 0, 0, 0, 0, 0.90153, 0.89199, 0.90946, 0.90836, 0.9143, 0.92043, 
0.91991, 0.91503, 0.92798, 0.92673, 0.93036, 0.8622, 0.88701, 
0.90477, 0.89694, 0.9005, 0.89387, 0.90134, 0.90344, 0.92497, 
0.90566, 0.92542, 0.0151, 0.017, 0.0173, 0.0214, 0.0195, 0.0211, 
0.0212, 0.0226, 0.0243, 0.0243, 0.0274, 60.6, 57.4, 81.5, 132.2, 
74.8, 84.2, 84.1, 81.7, 66.3, 77.3, 77.7, 659, 179, 178, 149, 
123, 137, 75, 607, 56, 210, 972, 50, 259, 45, 174, 267, 147, 
86, 187, 763, 131, 94, 100, 100, 100, 100, 100, 100, 100, 100, 
100, 100, 100, 2500, 2500, 2500, 2500, 2500, 2500, 2500, 2500, 
2500, 2500, 2500, 6473.967, 6587.751, 6600.795, 6756.44, 6783.232, 
6826.05900000001, 6713.05200000001, 6785.787, 6744.466, 6730.43599999999, 
6766.72100000002, 9.21165, 5.73037, 10.87337, 7.49576, 13.29203, 
11.9544, 11.83286, 7.29572, 8.31864, 14.92893, 9.03583, -7.02549, 
-5.49698, -12.23146, -10.69088, -12.59124, -7.9418, -11.76753, 
-7.40532, -9.94925, -13.41921, -7.18768, 0, 0, 0, 0, 0, 0, 0, 
0, 0, 0, 0, 0, 0, 0, 0, 0, 0, 0, 0, 0, 0, 0, 0.89676, 0.89633, 
0.90593, 0.90836, 0.9143, 0.9171, 0.91991, 0.91503, 0.92789, 
0.92416, 0.92779, 0.85744, 0.89217, 0.89693, 0.89694, 0.8936, 
0.9071, 0.90134, 0.90924, 0.91964, 0.90829, 0.92786, 0.0145, 
0.0168, 0.0182, 0.0219, 0.0191, 0.0239, 0.0219, 0.023, 0.0254, 
0.0245, 0.0262, 61, 81.1, 89, 133.1, 72, 68.5, 84.3, 93.7, 120.2, 
76.3, 83.1, 2413, 200, 462, 33, 95, 84, 321, 359, 1498, 118, 
17, 1, 1, 3, 17, 34, 12, 1, 2, 1, 7, 1, 100, 100, 100, 100, 100, 
100, 100, 100, 100, 100, 100, 2500, 2500, 2500, 2500, 2500, 2500, 
2500, 2500, 2500, 2500, 2500, 6562.646, 6686.111, 6742.967, 6886.273, 
6973.23899999999, 6988.80100000001, 6974.54000000001, 7002.402, 
7053.09600000001, 7148.405, 7194.823, 1, 1, 1, 1, 1, 1, 1, 1, 
1, 1, 1, 0.2, 0.2, 0.2, 0.2, 0.2, 0.2, 0.2, 0.2, 0.2, 0.2, 0.2, 
0, 0, 0, 0, 0, 0, 0, 0, 0, 0, 0, 0, 0, 0, 0, 0, 0, 0, 0, 0, 0, 
0, 0.83791, 0.83347, 0.86465, 0.84318, 0.86456, 0.89387, 0.8765, 
0.88855, 0.89229, 0.87461, 0.88582, 0.82219, 0.83755, 0.85634, 
0.85529, 0.86815, 0.87731, 0.89204, 0.88586, 0.88396, 0.89042, 
0.88101, 0.0192, 0.0207, 0.0225, 0.0241, 0.0257, 0.0285, 0.0303, 
0.0325, 0.0352, 0.0367, 0.0374, 132.6, 141.7, 152, 161.1, 172.5, 
184.6, 190.5, 198.4, 209.8, 215.2, 224.3, 1, 1, 1, 1, 1, 1, 1, 
1, 1, 1, 1, 1, 1, 1, 1, 1, 1, 1, 1, 1, 1, 1, 1, 1, 1, 1, 1, 1, 
1, 1, 1, 1, 1, 1, 1, 1, 1, 1, 1, 1, 1, 1, 1, 1, 2.684, 2.69, 
2.7, 2.71, 2.716, 2.801, 2.753, 2.774, 2.784, 2.807, 2.672), .Dim = c(11L, 
40L), .Dimnames = list(NULL, c("Sampling", "PSO.cost", "PSO.gamma", 
"PSO.data.balancing", "PSO.feature.selection", "PSO.valid.acc", 
"PSO.test.acc", "PSO.train.time", "PSO.n.support.vectors", "PSO.index", 
"PSO.n.solutions", "PSO.generations", "PSO.n.evaluations", "PSO.cpu.time", 
"RS.cost", "RS.gamma", "RS.data.balancing", "RS.feature.selection", 
"RS.valid.acc", "RS.test.acc", "RS.train.time", "RS.n.support.vectors", 
"RS.index", "RS.n.solutions", "RS.generations", "RS.n.evaluations", 
"RS.cpu.time", "DF.cost", "DF.gamma", "DF.data.balancing", "DF.feature.selection", 
"DF.valid.acc", "DF.test.acc", "DF.train.time", "DF.n.support.vectors", 
"DF.index", "DF.n.solutions", "DF.generations", "DF.n.evaluations", 
"DF.cpu.time")))
