full <-
structure(c(50, 55, 60, 65, 70, 75, 80, 85, 90, 95, 100, 11.81946, 
8.65533, 10.13959, 10.74301, 12.28932, 15, 14.42045, 14.34342, 
12.76846, 9.61454, 6.65226, -10.29217, -7.03179, -8.81835, -8.22995, 
-10.66803, -15, -9.97535, -9.7019, -11.09428, -8.1784, -5.83998, 
0, 0, 0, 0, 0, 0, 0, 0, 0, 0, 0, 0, 0, 0, 0, 0, 0, 0, 0, 0, 0, 
0, 0.92065, 0.93698, 0.94646, 0.92826, 0.9469, 0.92052, 0.92522, 
0.92114, 0.93098, 0.93407, 0.93297, 0.91019, 0.92847, 0.92144, 
0.91654, 0.93591, 0.91363, 0.91945, 0.90894, 0.92542, 0.91778, 
0.92797, 0.0159, 0.016, 0.0164, 0.0171, 0.0186, 0.0182, 0.0233, 
0.0244, 0.0231, 0.0224, 0.0247, 53.9, 61.8, 60.9, 59.6, 61.6, 
79.8, 58.4, 64.7, 75.2, 83.1, 98.5, 227, 1197, 553, 691, 377, 
35, 1219, 297, 127, 786, 300, 133, 116, 140, 246, 284, 1918, 
35, 113, 342, 47, 465, 100, 100, 100, 100, 100, 100, 100, 100, 
100, 100, 100, 2500, 2500, 2500, 2500, 2500, 2500, 2500, 2500, 
2500, 2500, 2500, 6391.537, 6350.085, 6341.399, 6095.204, 6379.721, 
6238.376, 6317.212, 6147.849, 6039.989, 6256.76500000001, 6587.52099999999, 
11.68244, 7.78125, 9.02141, 10.54287, 12.74155, 14.74, 8.13717, 
14.91354, 11.54645, 7.37063, 8.11264, -10.17444, -6.59913, -8.52565, 
-8.0409, -11.11345, -14.4446, -6.42658, -10.02079, -10.03016, 
-6.5073, -6.80412, 0, 0, 0, 0, 0, 0, 0, 0, 0, 0, 0, 0, 0, 0, 
0, 0, 0, 0, 0, 0, 0, 0, 0.92065, 0.93244, 0.94629, 0.92826, 0.9469, 
0.92052, 0.92228, 0.92114, 0.93098, 0.93379, 0.93047, 0.91019, 
0.92412, 0.92944, 0.91654, 0.93247, 0.91697, 0.92532, 0.90894, 
0.93098, 0.92035, 0.93047, 0.0153, 0.0158, 0.0162, 0.018, 0.0184, 
0.0185, 0.0201, 0.0253, 0.022, 0.0232, 0.024, 54.3, 65.2, 69.1, 
60.4, 61.4, 76.9, 76, 63.3, 77.7, 93.2, 88.8, 376, 1360, 188, 
2175, 1742, 201, 9, 144, 241, 2412, 1752, 1, 1, 1, 1, 1, 9, 2, 
1, 4, 1, 1, 100, 100, 100, 100, 100, 100, 100, 100, 100, 100, 
100, 2500, 2500, 2500, 2500, 2500, 2500, 2500, 2500, 2500, 2500, 
2500, 6207.982, 6524.614, 6301.674, 6367.57900000001, 6530.376, 
6456.11, 6446.69500000001, 6234.673, 6298.58799999999, 6830.996, 
6991.568, 1, 1, 1, 1, 1, 1, 1, 1, 1, 1, 1, 0.2, 0.2, 0.2, 0.2, 
0.2, 0.2, 0.2, 0.2, 0.2, 0.2, 0.2, 0, 0, 0, 0, 0, 0, 0, 0, 0, 
0, 0, 0, 0, 0, 0, 0, 0, 0, 0, 0, 0, 0, 0.80361, 0.83691, 0.85972, 
0.85536, 0.86558, 0.85446, 0.87661, 0.87127, 0.8645, 0.88222, 
0.88827, 0.81382, 0.84676, 0.85521, 0.84809, 0.86852, 0.85436, 
0.87349, 0.85958, 0.86674, 0.89222, 0.88345, 0.0177, 0.0196, 
0.0212, 0.0231, 0.0247, 0.0269, 0.028, 0.0294, 0.0324, 0.0342, 
0.0382, 132.5, 143.5, 155.4, 167.7, 174.8, 183, 191.6, 200.1, 
211.1, 218, 225, 1, 1, 1, 1, 1, 1, 1, 1, 1, 1, 1, 1, 1, 1, 1, 
1, 1, 1, 1, 1, 1, 1, 1, 1, 1, 1, 1, 1, 1, 1, 1, 1, 1, 1, 1, 1, 
1, 1, 1, 1, 1, 1, 1, 1, 2.329, 2.601, 2.495, 2.517, 2.609, 2.705, 
2.484, 2.471, 2.557, 2.656, 2.856), .Dim = c(11L, 40L), .Dimnames = list(
    NULL, c("Sampling", "PSO.cost", "PSO.gamma", "PSO.data.balancing", 
    "PSO.feature.selection", "PSO.valid.acc", "PSO.test.acc", 
    "PSO.train.time", "PSO.n.support.vectors", "PSO.index", "PSO.n.solutions", 
    "PSO.generations", "PSO.n.evaluations", "PSO.cpu.time", "RS.cost", 
    "RS.gamma", "RS.data.balancing", "RS.feature.selection", 
    "RS.valid.acc", "RS.test.acc", "RS.train.time", "RS.n.support.vectors", 
    "RS.index", "RS.n.solutions", "RS.generations", "RS.n.evaluations", 
    "RS.cpu.time", "DF.cost", "DF.gamma", "DF.data.balancing", 
    "DF.feature.selection", "DF.valid.acc", "DF.test.acc", "DF.train.time", 
    "DF.n.support.vectors", "DF.index", "DF.n.solutions", "DF.generations", 
    "DF.n.evaluations", "DF.cpu.time")))
