full <-
structure(c(50, 55, 60, 65, 70, 75, 80, 85, 90, 95, 100, 13.2287, 
4.43077, 9.35232, 9.71666, 8.86976, 5.2486, 14.87547, 6.44527, 
7.66641, 4.99517, 7.55756, -7.50408, -5.41805, -7.39275, -8.37254, 
-5.55774, -5.97375, -11.26751, -5.63844, -6.23451, -4.58357, 
-7.70688, 0, 0, 0, 0, 0, 0, 0, 0, 0, 0, 0, 0, 0, 0, 0, 0, 0, 
0, 0, 0, 0, 0, 0.94579, 0.91421, 0.92996, 0.92753, 0.9515, 0.93043, 
0.92256, 0.92945, 0.92271, 0.9295, 0.93058, 0.91194, 0.90945, 
0.91795, 0.91596, 0.94435, 0.92376, 0.89968, 0.92062, 0.91723, 
0.91666, 0.91557, 0.0173, 0.0172, 0.0162, 0.0164, 0.0189, 0.021, 
0.023, 0.0228, 0.0255, 0.0261, 0.0271, 51, 84.2, 55.3, 60.6, 
68.9, 93.4, 57.9, 90.1, 88.1, 111, 102, 313, 278, 22, 49, 237, 
2448, 318, 1111, 273, 918, 86, 431, 146, 221, 498, 340, 3, 224, 
33, 601, 63, 823, 100, 100, 100, 100, 100, 100, 100, 100, 100, 
100, 100, 2500, 2500, 2500, 2500, 2500, 2500, 2500, 2500, 2500, 
2500, 2500, 6624.805, 6689.877, 6443.221, 6325.286, 6421.527, 
6543.612, 6602.66100000001, 6831.81600000001, 6923.675, 6990.49299999999, 
8809.80300000001, 13.48325, 4.94597, 9.39335, 6.42971, 8.32135, 
5.36348, 13.78392, 6.53769, 7.84836, 5.36717, 7.35475, -7.51997, 
-5.64171, -7.60121, -5.62854, -4.68177, -6.04024, -10.85394, 
-5.71032, -6.20386, -4.83229, -7.67043, 0, 0, 0, 0, 0, 0, 0, 
0, 0, 0, 0, 0, 0, 0, 0, 0, 0, 0, 0, 0, 0, 0, 0.94579, 0.91421, 
0.92996, 0.92796, 0.94793, 0.93043, 0.92247, 0.92945, 0.92271, 
0.92693, 0.93058, 0.91218, 0.90945, 0.92211, 0.91981, 0.93781, 
0.9271, 0.89977, 0.92062, 0.92009, 0.91929, 0.92052, 0.016, 0.0159, 
0.0164, 0.0171, 0.0203, 0.0196, 0.0219, 0.0225, 0.0243, 0.0257, 
0.0299, 50.5, 78.5, 54.9, 72.5, 75.3, 92.5, 59.9, 89.3, 86.6, 
106.2, 104.2, 2112, 1461, 1923, 241, 793, 576, 1905, 1013, 28, 
997, 272, 1, 2, 1, 1, 1, 1, 1, 1, 8, 1, 2, 100, 100, 100, 100, 
100, 100, 100, 100, 100, 100, 100, 2500, 2500, 2500, 2500, 2500, 
2500, 2500, 2500, 2500, 2500, 2500, 6715.665, 6565.984, 6527.534, 
6547.234, 6626.13400000001, 6722.33499999999, 6843.50099999999, 
7179.841, 7263.262, 7480.99400000001, 9281.829, 1, 1, 1, 1, 1, 
1, 1, 1, 1, 1, 1, 0.2, 0.2, 0.2, 0.2, 0.2, 0.2, 0.2, 0.2, 0.2, 
0.2, 0.2, 0, 0, 0, 0, 0, 0, 0, 0, 0, 0, 0, 0, 0, 0, 0, 0, 0, 
0, 0, 0, 0, 0, 0.85711, 0.88751, 0.89229, 0.87503, 0.88772, 0.88075, 
0.86944, 0.89179, 0.87792, 0.87722, 0.88576, 0.86666, 0.8782, 
0.88061, 0.87458, 0.88845, 0.88065, 0.8793, 0.87691, 0.88666, 
0.87701, 0.87344, 0.0198, 0.0201, 0.0224, 0.0224, 0.0263, 0.027, 
0.03, 0.0331, 0.0357, 0.0387, 0.0434, 135.2, 141, 150.5, 159.7, 
169.2, 180.2, 190.5, 199.1, 208, 218.8, 223.4, 1, 1, 1, 1, 1, 
1, 1, 1, 1, 1, 1, 1, 1, 1, 1, 1, 1, 1, 1, 1, 1, 1, 1, 1, 1, 1, 
1, 1, 1, 1, 1, 1, 1, 1, 1, 1, 1, 1, 1, 1, 1, 1, 1, 1, 2.724, 
2.593, 2.74, 2.548, 2.794, 2.628, 2.788, 2.808, 2.821, 3.628, 
3.843), .Dim = c(11L, 40L), .Dimnames = list(NULL, c("Sampling", 
"PSO.cost", "PSO.gamma", "PSO.data.balancing", "PSO.feature.selection", 
"PSO.valid.acc", "PSO.test.acc", "PSO.train.time", "PSO.n.support.vectors", 
"PSO.index", "PSO.n.solutions", "PSO.generations", "PSO.n.evaluations", 
"PSO.cpu.time", "RS.cost", "RS.gamma", "RS.data.balancing", "RS.feature.selection", 
"RS.valid.acc", "RS.test.acc", "RS.train.time", "RS.n.support.vectors", 
"RS.index", "RS.n.solutions", "RS.generations", "RS.n.evaluations", 
"RS.cpu.time", "DF.cost", "DF.gamma", "DF.data.balancing", "DF.feature.selection", 
"DF.valid.acc", "DF.test.acc", "DF.train.time", "DF.n.support.vectors", 
"DF.index", "DF.n.solutions", "DF.generations", "DF.n.evaluations", 
"DF.cpu.time")))
