full <-
structure(c(50, 55, 60, 65, 70, 75, 80, 85, 90, 95, 100, 5.39299, 
14.8566, 9.13484, 15, 15, 15, 10.96612, 13.99467, 15, 7.65434, 
7.9254, -7.5428, -10.45654, -7.50245, -13.59858, -15, -12.03373, 
-9.73417, -13.80614, -11.83406, -9.29875, -5.89526, 0, 0, 0, 
0, 0, 0, 0, 0, 0, 0, 0, 0, 0, 0, 0, 0, 0, 0, 0, 0, 0, 0, 0.89695, 
0.90538, 0.90392, 0.9093, 0.91845, 0.91672, 0.92525, 0.92384, 
0.93377, 0.93179, 0.93292, 0.88171, 0.86564, 0.88344, 0.89819, 
0.91845, 0.90027, 0.90952, 0.91207, 0.92266, 0.92119, 0.91798, 
0.0112, 0.0134, 0.0122, 0.0126, 0.0135, 0.0148, 0.0144, 0.0158, 
0.0174, 0.0184, 0.0184, 98.7, 51.6, 67.3, 63.7, 77.1, 59.2, 71.5, 
82.5, 62.9, 124.1, 90.2, 438, 282, 1003, 155, 99, 1172, 223, 
252, 255, 1423, 625, 70, 632, 134, 443, 1147, 117, 455, 193, 
23, 8, 78, 100, 100, 100, 100, 100, 100, 100, 100, 100, 100, 
100, 2500, 2500, 2500, 2500, 2500, 2500, 2500, 2500, 2500, 2500, 
2500, 6082.392, 6277.651, 6358.959, 6369.74000000001, 6347.982, 
6338.67999999999, 6337.124, 6397.071, 6452.42000000001, 6458.79700000001, 
6449.87899999999, 6.08993, 6.83017, 9.72204, 14.97041, 11.01198, 
7.56045, 10.65601, 13.41494, 5.82087, 8.46151, 7.7212, -8.22054, 
-5.87845, -7.75381, -11.60521, -12.30084, -7.87989, -9.4748, 
-13.24221, -7.40226, -10.39263, -6.36469, 0, 0, 0, 0, 0, 0, 0, 
0, 0, 0, 0, 0, 0, 0, 0, 0, 0, 0, 0, 0, 0, 0, 0.89695, 0.90538, 
0.90392, 0.90901, 0.91845, 0.91661, 0.92525, 0.92384, 0.93114, 
0.92916, 0.93042, 0.87716, 0.89253, 0.88378, 0.88677, 0.9219, 
0.88659, 0.90962, 0.91492, 0.92003, 0.92638, 0.91548, 0.0113, 
0.0114, 0.0121, 0.0141, 0.0141, 0.0141, 0.0147, 0.0153, 0.0171, 
0.0186, 0.0178, 97, 76.4, 65.2, 56, 93.9, 86.4, 71.6, 82.8, 119.3, 
129.2, 90.6, 413, 172, 1063, 1739, 227, 1561, 741, 565, 1432, 
271, 850, 7, 1, 1, 1, 4, 1, 7, 6, 2, 4, 2, 100, 100, 100, 100, 
100, 100, 100, 100, 100, 100, 100, 2500, 2500, 2500, 2500, 2500, 
2500, 2500, 2500, 2500, 2500, 2500, 6214.589, 6316.496, 6442.897, 
6475.10400000001, 6470.343, 6516.751, 6536.802, 6575.656, 6642.54300000001, 
6679.36, 6735.77299999999, 1, 1, 1, 1, 1, 1, 1, 1, 1, 1, 1, 0.2, 
0.2, 0.2, 0.2, 0.2, 0.2, 0.2, 0.2, 0.2, 0.2, 0.2, 0, 0, 0, 0, 
0, 0, 0, 0, 0, 0, 0, 0, 0, 0, 0, 0, 0, 0, 0, 0, 0, 0, 0.82847, 
0.86111, 0.86607, 0.8638, 0.86894, 0.88348, 0.88488, 0.89467, 
0.87588, 0.8954, 0.88584, 0.829, 0.86565, 0.84221, 0.86807, 0.87571, 
0.88348, 0.89719, 0.89165, 0.88129, 0.90046, 0.89322, 0.0133, 
0.0146, 0.0156, 0.0172, 0.0185, 0.02, 0.0214, 0.0227, 0.0243, 
0.026, 0.0283, 133, 141.9, 151.9, 160.9, 169.3, 179.7, 186.2, 
194.8, 203.6, 214, 225.2, 1, 1, 1, 1, 1, 1, 1, 1, 1, 1, 1, 1, 
1, 1, 1, 1, 1, 1, 1, 1, 1, 1, 1, 1, 1, 1, 1, 1, 1, 1, 1, 1, 1, 
1, 1, 1, 1, 1, 1, 1, 1, 1, 1, 1, 2.527, 2.434, 2.58, 2.679, 2.59, 
2.55, 2.609, 2.648, 2.546, 2.621, 2.636), .Dim = c(11L, 40L), .Dimnames = list(
    NULL, c("Sampling", "PSO.cost", "PSO.gamma", "PSO.data.balancing", 
    "PSO.feature.selection", "PSO.valid.acc", "PSO.test.acc", 
    "PSO.train.time", "PSO.n.support.vectors", "PSO.index", "PSO.n.solutions", 
    "PSO.generations", "PSO.n.evaluations", "PSO.cpu.time", "RS.cost", 
    "RS.gamma", "RS.data.balancing", "RS.feature.selection", 
    "RS.valid.acc", "RS.test.acc", "RS.train.time", "RS.n.support.vectors", 
    "RS.index", "RS.n.solutions", "RS.generations", "RS.n.evaluations", 
    "RS.cpu.time", "DF.cost", "DF.gamma", "DF.data.balancing", 
    "DF.feature.selection", "DF.valid.acc", "DF.test.acc", "DF.train.time", 
    "DF.n.support.vectors", "DF.index", "DF.n.solutions", "DF.generations", 
    "DF.n.evaluations", "DF.cpu.time")))
