full <-
structure(c(50, 55, 60, 65, 70, 75, 80, 85, 90, 95, 100, 15, 
9.00265, 7.58215, 10.32061, 14.47221, 12.45807, 5.35767, 9.88916, 
13.03528, 12.34988, 10.03665, -11.83556, -8.53931, -6.24998, 
-9.64995, -10.61841, -11.87954, -6.98784, -8.49381, -10.28715, 
-10.09038, -9.62706, 0, 0, 0, 0, 0, 0, 0, 0, 0, 0, 0, 0, 0, 0, 
0, 0, 0, 0, 0, 0, 0, 0, 0.93024, 0.92855, 0.95065, 0.93469, 0.9466, 
0.92717, 0.92231, 0.93837, 0.92828, 0.9323, 0.93558, 0.92593, 
0.93351, 0.93414, 0.93497, 0.93231, 0.91405, 0.91322, 0.92129, 
0.92805, 0.92689, 0.9257, 0.0176, 0.0172, 0.0166, 0.0194, 0.0228, 
0.0209, 0.0242, 0.0233, 0.0244, 0.0263, 0.0259, 49, 68.4, 69.5, 
69.2, 55.2, 75.5, 117.8, 76.6, 66.6, 70.7, 92.6, 118, 94, 553, 
2408, 301, 448, 1603, 187, 210, 49, 1818, 538, 306, 205, 1, 408, 
59, 5, 307, 838, 729, 2, 100, 100, 100, 100, 100, 100, 100, 100, 
100, 100, 100, 2500, 2500, 2500, 2500, 2500, 2500, 2500, 2500, 
2500, 2500, 2500, 6898.669, 6642.174, 6667.688, 6882.38, 6930.75399999999, 
7258.45999999999, 7487.77200000001, 7396.93400000001, 7418.535, 
7567.61400000002, 7396.55299999999, 14.39844, 14.00382, 6.19884, 
12.09134, 14.71892, 14.29972, 5.36319, 9.84089, 12.75236, 11.74632, 
10.10956, -11.2169, -11.41246, -5.40548, -10.66281, -10.79088, 
-13.63823, -7.03554, -8.30835, -9.98962, -10.00401, -9.67881, 
0, 0, 0, 0, 0, 0, 0, 0, 0, 0, 0, 0, 0, 0, 0, 0, 0, 0, 0, 0, 0, 
0, 0.93024, 0.92855, 0.94649, 0.93454, 0.9466, 0.92717, 0.92231, 
0.93837, 0.92828, 0.9323, 0.93558, 0.93048, 0.91964, 0.92597, 
0.93113, 0.93231, 0.91405, 0.91625, 0.92129, 0.93083, 0.92426, 
0.92814, 0.0167, 0.0166, 0.0181, 0.0188, 0.0215, 0.0205, 0.0241, 
0.0229, 0.024, 0.0235, 0.0257, 49.8, 52, 76.8, 61.7, 54.9, 74.8, 
118.6, 76.2, 67, 72.4, 92.3, 880, 24, 959, 156, 122, 1307, 1848, 
1163, 882, 570, 45, 3, 21, 1, 14, 3, 2, 1, 3, 3, 3, 1, 100, 100, 
100, 100, 100, 100, 100, 100, 100, 100, 100, 2500, 2500, 2500, 
2500, 2500, 2500, 2500, 2500, 2500, 2500, 2500, 6719.663, 6638.081, 
6964.683, 7063.37, 7206.24000000001, 7681.557, 7737.16799999999, 
7671.815, 7724.55799999999, 7770.872, 7839.41400000002, 1, 1, 
1, 1, 1, 1, 1, 1, 1, 1, 1, 0.2, 0.2, 0.2, 0.2, 0.2, 0.2, 0.2, 
0.2, 0.2, 0.2, 0.2, 0, 0, 0, 0, 0, 0, 0, 0, 0, 0, 0, 0, 0, 0, 
0, 0, 0, 0, 0, 0, 0, 0, 0.85634, 0.84329, 0.87626, 0.85847, 0.87535, 
0.87025, 0.86036, 0.88916, 0.87571, 0.88268, 0.87091, 0.85655, 
0.87516, 0.87557, 0.87443, 0.8792, 0.87336, 0.87541, 0.8863, 
0.87293, 0.89308, 0.88085, 0.0187, 0.0201, 0.0223, 0.0253, 0.0277, 
0.0295, 0.0321, 0.0329, 0.035, 0.0368, 0.0384, 134.8, 146.7, 
155.6, 165.9, 173.1, 182.2, 192.2, 200.2, 206.9, 214.5, 223.8, 
1, 1, 1, 1, 1, 1, 1, 1, 1, 1, 1, 1, 1, 1, 1, 1, 1, 1, 1, 1, 1, 
1, 1, 1, 1, 1, 1, 1, 1, 1, 1, 1, 1, 1, 1, 1, 1, 1, 1, 1, 1, 1, 
1, 1, 2.672, 2.56, 2.688, 2.85, 3.061, 2.984, 3.118, 3.036, 3.063, 
3.154, 3.102), .Dim = c(11L, 40L), .Dimnames = list(NULL, c("Sampling", 
"PSO.cost", "PSO.gamma", "PSO.data.balancing", "PSO.feature.selection", 
"PSO.valid.acc", "PSO.test.acc", "PSO.train.time", "PSO.n.support.vectors", 
"PSO.index", "PSO.n.solutions", "PSO.generations", "PSO.n.evaluations", 
"PSO.cpu.time", "RS.cost", "RS.gamma", "RS.data.balancing", "RS.feature.selection", 
"RS.valid.acc", "RS.test.acc", "RS.train.time", "RS.n.support.vectors", 
"RS.index", "RS.n.solutions", "RS.generations", "RS.n.evaluations", 
"RS.cpu.time", "DF.cost", "DF.gamma", "DF.data.balancing", "DF.feature.selection", 
"DF.valid.acc", "DF.test.acc", "DF.train.time", "DF.n.support.vectors", 
"DF.index", "DF.n.solutions", "DF.generations", "DF.n.evaluations", 
"DF.cpu.time")))
