full <-
structure(c(50, 55, 60, 65, 70, 75, 80, 85, 90, 95, 100, 9.57917, 
12.62143, 15, 6.02865, 7.04138, 8.42065, 9.11922, 5.99295, 6.55429, 
12.72542, 5.99131, -8.01084, -9.32799, -13.54518, -5.84994, -7.14791, 
-6.65619, -8.82788, -5.13218, -7.61006, -12.19209, -4.87025, 
0, 0, 0, 0, 0, 0, 0, 0, 0, 0, 0, 0, 0, 0, 0, 0, 0, 0, 0, 0, 0, 
0, 0.91212, 0.91932, 0.92274, 0.93145, 0.93212, 0.93021, 0.92258, 
0.92453, 0.91963, 0.92446, 0.93091, 0.9219, 0.89698, 0.89006, 
0.90864, 0.91105, 0.91717, 0.91017, 0.92175, 0.9085, 0.92168, 
0.9082, 0.0161, 0.0218, 0.0194, 0.0204, 0.0216, 0.0234, 0.0215, 
0.025, 0.028, 0.0274, 0.0311, 55.7, 51.6, 57.5, 83.6, 85.4, 74.9, 
84.7, 99.3, 114, 89, 103.8, 78, 1952, 75, 518, 1153, 204, 377, 
1422, 1064, 112, 832, 284, 2, 236, 62, 20, 454, 380, 17, 54, 
484, 340, 100, 100, 100, 100, 100, 100, 100, 100, 100, 100, 100, 
2500, 2500, 2500, 2500, 2500, 2500, 2500, 2500, 2500, 2500, 2500, 
7437.54, 8444.196, 8425.004, 8498.387, 8395.951, 8681.766, 7262.16800000001, 
7527.402, 9494.18800000002, 9429.81899999999, 9692.041, 9.29777, 
12.2329, 12.26394, 8.28913, 5.34331, 8.45627, 8.52439, 6.29068, 
10.51059, 13.66882, 5.9621, -7.79306, -9.12916, -10.7299, -8.10003, 
-5.9569, -6.59896, -8.57415, -5.14688, -8.63217, -13.06163, -5.08203, 
0, 0, 0, 0, 0, 0, 0, 0, 0, 0, 0, 0, 0, 0, 0, 0, 0, 0, 0, 0, 0, 
0, 0.91212, 0.91932, 0.92274, 0.9276, 0.92867, 0.93021, 0.92258, 
0.92444, 0.9221, 0.92446, 0.92841, 0.9219, 0.89698, 0.89823, 
0.91607, 0.9145, 0.90716, 0.91339, 0.92747, 0.90558, 0.92445, 
0.91585, 0.0164, 0.0206, 0.0204, 0.0206, 0.0215, 0.0227, 0.0229, 
0.0266, 0.0272, 0.0274, 0.0298, 56.9, 52, 58.4, 75.2, 95.2, 75.1, 
89.5, 97.6, 78.4, 87.9, 103.9, 2310, 894, 299, 602, 183, 1244, 
1607, 1564, 1015, 915, 346, 1, 2, 7, 10, 2, 2, 1, 1, 1, 4, 1, 
100, 100, 100, 100, 100, 100, 100, 100, 100, 100, 100, 2500, 
2500, 2500, 2500, 2500, 2500, 2500, 2500, 2500, 2500, 2500, 7603.36, 
8988.264, 8590.00900000001, 8700.316, 8697.101, 8934.436, 7516.35100000001, 
9739.74400000001, 9760.77300000002, 9820.96299999999, 9950.14000000001, 
1, 1, 1, 1, 1, 1, 1, 1, 1, 1, 1, 0.2, 0.2, 0.2, 0.2, 0.2, 0.2, 
0.2, 0.2, 0.2, 0.2, 0.2, 0, 0, 0, 0, 0, 0, 0, 0, 0, 0, 0, 0, 
0, 0, 0, 0, 0, 0, 0, 0, 0, 0, 0.85328, 0.85164, 0.87297, 0.87442, 
0.8646, 0.88163, 0.85731, 0.87407, 0.87501, 0.86657, 0.87618, 
0.87233, 0.85642, 0.86061, 0.87057, 0.86459, 0.87061, 0.86376, 
0.87104, 0.8862, 0.86879, 0.88358, 0.02, 0.0235, 0.0253, 0.0276, 
0.0287, 0.0317, 0.0307, 0.036, 0.0382, 0.0444, 0.0445, 139.2, 
149.9, 159.1, 168.4, 178.7, 182.2, 193.5, 202, 211.1, 217, 223.8, 
1, 1, 1, 1, 1, 1, 1, 1, 1, 1, 1, 1, 1, 1, 1, 1, 1, 1, 1, 1, 1, 
1, 1, 1, 1, 1, 1, 1, 1, 1, 1, 1, 1, 1, 1, 1, 1, 1, 1, 1, 1, 1, 
1, 1, 2.94, 3.372, 3.42, 3.318, 3.522, 3.593, 3.025, 3.927, 3.893, 
4.013, 4.016), .Dim = c(11L, 40L), .Dimnames = list(NULL, c("Sampling", 
"PSO.cost", "PSO.gamma", "PSO.data.balancing", "PSO.feature.selection", 
"PSO.valid.acc", "PSO.test.acc", "PSO.train.time", "PSO.n.support.vectors", 
"PSO.index", "PSO.n.solutions", "PSO.generations", "PSO.n.evaluations", 
"PSO.cpu.time", "RS.cost", "RS.gamma", "RS.data.balancing", "RS.feature.selection", 
"RS.valid.acc", "RS.test.acc", "RS.train.time", "RS.n.support.vectors", 
"RS.index", "RS.n.solutions", "RS.generations", "RS.n.evaluations", 
"RS.cpu.time", "DF.cost", "DF.gamma", "DF.data.balancing", "DF.feature.selection", 
"DF.valid.acc", "DF.test.acc", "DF.train.time", "DF.n.support.vectors", 
"DF.index", "DF.n.solutions", "DF.generations", "DF.n.evaluations", 
"DF.cpu.time")))
