full <-
structure(c(50, 55, 60, 65, 70, 75, 80, 85, 90, 95, 100, 9.9946, 
8.63624, 10.44428, 10.98885, 8.92379, 8.70077, 12.06493, 9.5685, 
10.80975, 10.73652, 11.66542, -8.13424, -6.49704, -9.16774, -9.54793, 
-6.43451, -6.79444, -8.97825, -7.86043, -8.10853, -6.80688, -8.99023, 
0, 0, 0, 0, 0, 0, 0, 0, 0, 0, 0, 0, 0, 0, 0, 0, 0, 0, 0, 0, 0, 
0, 0.93445, 0.94598, 0.95514, 0.93555, 0.93689, 0.9405, 0.9505, 
0.94408, 0.94456, 0.93708, 0.93053, 0.91442, 0.92005, 0.94662, 
0.932, 0.91901, 0.92771, 0.93185, 0.9239, 0.93591, 0.92675, 0.92083, 
0.0166, 0.0176, 0.0169, 0.0185, 0.0192, 0.0203, 0.0229, 0.0218, 
0.0237, 0.0279, 0.0269, 55.7, 60.1, 57, 57.5, 68.2, 71.1, 59.9, 
71.2, 69.9, 75.8, 75.1, 193, 630, 170, 290, 476, 681, 128, 782, 
368, 1012, 2065, 60, 77, 60, 134, 137, 23, 286, 294, 192, 54, 
1, 100, 100, 100, 100, 100, 100, 100, 100, 100, 100, 100, 2500, 
2500, 2500, 2500, 2500, 2500, 2500, 2500, 2500, 2500, 2500, 6315.782, 
6334.828, 6387.85, 6462.009, 6562.159, 6564.762, 6566.802, 6609.82000000001, 
6571.625, 6566.644, 6525.38699999999, 9.36444, 8.87748, 6.69857, 
13.42401, 9.6075, 7.61418, 11.8236, 9.20458, 10.55736, 13.72396, 
11.35956, -7.44982, -6.71421, -6.80536, -12.43211, -7.79489, 
-5.99634, -8.83898, -7.32854, -7.91003, -11.84315, -9.17629, 
0, 0, 0, 0, 0, 0, 0, 0, 0, 0, 0, 0, 0, 0, 0, 0, 0, 0, 0, 0, 0, 
0, 0.93445, 0.94598, 0.95097, 0.93555, 0.93689, 0.94029, 0.9505, 
0.9413, 0.9417, 0.93458, 0.92815, 0.91942, 0.92422, 0.94697, 
0.9394, 0.91544, 0.92426, 0.93497, 0.92978, 0.93869, 0.92141, 
0.91839, 0.0162, 0.0161, 0.0186, 0.0192, 0.0202, 0.021, 0.0216, 
0.0227, 0.0248, 0.0245, 0.0255, 56.8, 59, 72.4, 59.2, 63.6, 77.4, 
60.4, 73, 70.7, 70.8, 77.4, 1468, 1512, 964, 2269, 1433, 919, 
1731, 193, 52, 1068, 1879, 4, 1, 5, 1, 2, 4, 2, 2, 5, 2, 1, 100, 
100, 100, 100, 100, 100, 100, 100, 100, 100, 100, 2500, 2500, 
2500, 2500, 2500, 2500, 2500, 2500, 2500, 2500, 2500, 6378.15, 
6437.133, 6530.894, 6646.542, 6737.627, 6787.03099999999, 6763.838, 
6923.946, 6691.158, 6809.939, 6924.21900000001, 1, 1, 1, 1, 1, 
1, 1, 1, 1, 1, 1, 0.2, 0.2, 0.2, 0.2, 0.2, 0.2, 0.2, 0.2, 0.2, 
0.2, 0.2, 0, 0, 0, 0, 0, 0, 0, 0, 0, 0, 0, 0, 0, 0, 0, 0, 0, 
0, 0, 0, 0, 0, 0.84503, 0.85057, 0.90194, 0.88964, 0.87699, 0.891, 
0.88841, 0.90341, 0.88657, 0.89827, 0.88868, 0.84, 0.85535, 0.87794, 
0.89038, 0.86614, 0.89478, 0.88557, 0.89458, 0.89776, 0.893, 
0.88381, 0.019, 0.0207, 0.0241, 0.0252, 0.0264, 0.0279, 0.0301, 
0.0317, 0.0339, 0.0359, 0.0387, 133.4, 140.6, 151.1, 157.8, 167.6, 
176.1, 185.7, 194.3, 202.4, 209.8, 225.1, 1, 1, 1, 1, 1, 1, 1, 
1, 1, 1, 1, 1, 1, 1, 1, 1, 1, 1, 1, 1, 1, 1, 1, 1, 1, 1, 1, 1, 
1, 1, 1, 1, 1, 1, 1, 1, 1, 1, 1, 1, 1, 1, 1, 1, 2.428, 2.493, 
2.68, 2.689, 2.68, 2.686, 2.711, 2.731, 2.765, 2.724, 2.723), .Dim = c(11L, 
40L), .Dimnames = list(NULL, c("Sampling", "PSO.cost", "PSO.gamma", 
"PSO.data.balancing", "PSO.feature.selection", "PSO.valid.acc", 
"PSO.test.acc", "PSO.train.time", "PSO.n.support.vectors", "PSO.index", 
"PSO.n.solutions", "PSO.generations", "PSO.n.evaluations", "PSO.cpu.time", 
"RS.cost", "RS.gamma", "RS.data.balancing", "RS.feature.selection", 
"RS.valid.acc", "RS.test.acc", "RS.train.time", "RS.n.support.vectors", 
"RS.index", "RS.n.solutions", "RS.generations", "RS.n.evaluations", 
"RS.cpu.time", "DF.cost", "DF.gamma", "DF.data.balancing", "DF.feature.selection", 
"DF.valid.acc", "DF.test.acc", "DF.train.time", "DF.n.support.vectors", 
"DF.index", "DF.n.solutions", "DF.generations", "DF.n.evaluations", 
"DF.cpu.time")))
