full <-
structure(c(50, 55, 60, 65, 70, 75, 80, 85, 90, 95, 100, 5.36348, 
10.011, 8.06425, 10.75348, 12.41301, 12.63094, 13.09075, 4.54213, 
4.37913, 10.13899, 6.73794, -3.59066, -7.57638, -7.38735, -10.51792, 
-13.15105, -11.31474, -15, -6.19713, -5.9271, -7.14524, -7.34339, 
0, 0, 0, 0, 0, 0, 0, 0, 0, 0, 0, 0, 0, 0, 0, 0, 0, 0, 0, 0, 0, 
0, 0.96093, 0.94563, 0.93424, 0.93515, 0.91866, 0.91144, 0.91337, 
0.9331, 0.92874, 0.91786, 0.93033, 0.94566, 0.93239, 0.91421, 
0.91975, 0.91904, 0.89799, 0.90712, 0.90948, 0.91698, 0.91344, 
0.91532, 0.0179, 0.0182, 0.0178, 0.0176, 0.0201, 0.0208, 0.0223, 
0.025, 0.0265, 0.0279, 0.0277, 79.4, 51.9, 64.5, 69, 84.7, 68.5, 
116.8, 122.2, 127.4, 77.6, 109.5, 820, 416, 443, 252, 122, 333, 
99, 541, 821, 811, 67, 176, 90, 87, 109, 231, 30, 96, 103, 66, 
132, 198, 100, 100, 100, 100, 100, 100, 100, 100, 100, 100, 100, 
2500, 2500, 2500, 2500, 2500, 2500, 2500, 2500, 2500, 2500, 2500, 
7559.349, 7623.637, 7641.748, 7639.243, 7708.90100000001, 7688.815, 
7664.81, 7936.23400000001, 7914.68400000001, 7781.51200000002, 
7823.17099999997, 5.33565, 4.29071, 8.04121, 6.80587, 13.40001, 
14.06182, 11.17799, 4.54056, 4.42279, 4.50804, 7.36353, -3.36753, 
-4.63552, -7.44788, -7.13095, -14.1444, -12.97571, -13.11894, 
-6.13077, -5.97755, -3.69697, -7.31614, 0, 0, 0, 0, 0, 0, 0, 
0, 0, 0, 0, 0, 0, 0, 0, 0, 0, 0, 0, 0, 0, 0, 0.95593, 0.94563, 
0.93424, 0.9353, 0.91866, 0.90811, 0.91337, 0.93016, 0.92874, 
0.91759, 0.93033, 0.93566, 0.9231, 0.91421, 0.92375, 0.91904, 
0.90121, 0.90399, 0.90948, 0.91698, 0.90003, 0.92038, 0.0183, 
0.0168, 0.0175, 0.0186, 0.0203, 0.0211, 0.0238, 0.0251, 0.0257, 
0.0278, 0.0256, 83.9, 79.9, 64.8, 78.5, 84.8, 70, 117.6, 120.8, 
127.2, 120.7, 100.6, 45, 571, 207, 1622, 40, 240, 255, 1776, 
747, 66, 800, 1, 3, 1, 2, 14, 4, 8, 2, 1, 1, 2, 100, 100, 100, 
100, 100, 100, 100, 100, 100, 100, 100, 2500, 2500, 2500, 2500, 
2500, 2500, 2500, 2500, 2500, 2500, 2500, 7678.204, 7739.781, 
7788.686, 7800.955, 7897.42, 7926.298, 7919.53200000001, 8144.76299999999, 
8082.033, 8107.88999999998, 7842.451, 1, 1, 1, 1, 1, 1, 1, 1, 
1, 1, 1, 0.2, 0.2, 0.2, 0.2, 0.2, 0.2, 0.2, 0.2, 0.2, 0.2, 0.2, 
0, 0, 0, 0, 0, 0, 0, 0, 0, 0, 0, 0, 0, 0, 0, 0, 0, 0, 0, 0, 0, 
0, 0.91011, 0.89619, 0.89226, 0.87815, 0.86221, 0.86509, 0.88534, 
0.87997, 0.89506, 0.87339, 0.88823, 0.90083, 0.88731, 0.8929, 
0.8817, 0.86899, 0.8812, 0.87284, 0.89148, 0.88664, 0.87354, 
0.89555, 0.0188, 0.0214, 0.022, 0.0239, 0.0261, 0.0272, 0.0315, 
0.033, 0.0337, 0.0359, 0.039, 131.5, 142.2, 151.5, 159.2, 169.3, 
179.9, 190.2, 197.4, 206.4, 216.4, 223.6, 1, 1, 1, 1, 1, 1, 1, 
1, 1, 1, 1, 1, 1, 1, 1, 1, 1, 1, 1, 1, 1, 1, 1, 1, 1, 1, 1, 1, 
1, 1, 1, 1, 1, 1, 1, 1, 1, 1, 1, 1, 1, 1, 1, 1, 3.051, 3.138, 
3.045, 3.126, 3.094, 3.192, 3.232, 3.205, 3.114, 3.1, 3.167), .Dim = c(11L, 
40L), .Dimnames = list(NULL, c("Sampling", "PSO.cost", "PSO.gamma", 
"PSO.data.balancing", "PSO.feature.selection", "PSO.valid.acc", 
"PSO.test.acc", "PSO.train.time", "PSO.n.support.vectors", "PSO.index", 
"PSO.n.solutions", "PSO.generations", "PSO.n.evaluations", "PSO.cpu.time", 
"RS.cost", "RS.gamma", "RS.data.balancing", "RS.feature.selection", 
"RS.valid.acc", "RS.test.acc", "RS.train.time", "RS.n.support.vectors", 
"RS.index", "RS.n.solutions", "RS.generations", "RS.n.evaluations", 
"RS.cpu.time", "DF.cost", "DF.gamma", "DF.data.balancing", "DF.feature.selection", 
"DF.valid.acc", "DF.test.acc", "DF.train.time", "DF.n.support.vectors", 
"DF.index", "DF.n.solutions", "DF.generations", "DF.n.evaluations", 
"DF.cpu.time")))
