full <-
structure(c(50, 55, 60, 65, 70, 75, 80, 85, 90, 95, 100, 14.77242, 
4.69357, 8.16635, 10.92599, 11.05366, 8.95006, 9.74056, 7.54754, 
8.98717, 9.3812, 14.64491, -14.62799, -6.50849, -9.78434, -7.6131, 
-12.02647, -6.84133, -7.71027, -4.84914, -7.46512, -7.28973, 
-12.54743, 0, 0, 0, 0, 0, 0, 0, 0, 0, 0, 0, 0, 0, 0, 0, 0, 0, 
0, 0, 0, 0, 0, 0.94808, 0.92763, 0.92991, 0.93103, 0.93949, 0.92387, 
0.92222, 0.93267, 0.9369, 0.93971, 0.93041, 0.92782, 0.90941, 
0.90106, 0.89965, 0.92149, 0.93032, 0.90962, 0.90922, 0.92586, 
0.92675, 0.91791, 0.0151, 0.0166, 0.0183, 0.0197, 0.0204, 0.0206, 
0.0225, 0.0238, 0.0236, 0.0244, 0.0265, 61.9, 94.3, 90.7, 63, 
92.2, 74, 72.6, 88.5, 81, 77.7, 73.6, 1893, 753, 2202, 615, 2380, 
1965, 308, 97, 533, 390, 1394, 14, 290, 1, 511, 1, 6, 88, 222, 
196, 81, 78, 100, 100, 100, 100, 100, 100, 100, 100, 100, 100, 
100, 2500, 2500, 2500, 2500, 2500, 2500, 2500, 2500, 2500, 2500, 
2500, 7418.674, 8150.173, 8658.597, 8815.084, 8933.973, 8683.917, 
8607.44500000001, 8761.58199999999, 8610.25900000002, 8564.511, 
8595.315, 11.40072, 4.21351, 8.08569, 11.12964, 11.60774, 12.18993, 
12.1309, 10.78525, 9.9962, 9.33726, 14.48342, -11.45792, -6.05137, 
-9.81648, -7.4481, -12.69179, -9.85336, -9.36209, -7.83906, -8.08415, 
-7.3706, -12.38263, 0, 0, 0, 0, 0, 0, 0, 0, 0, 0, 0, 0, 0, 0, 
0, 0, 0, 0, 0, 0, 0, 0, 0.94308, 0.91874, 0.93008, 0.92719, 0.93578, 
0.92366, 0.9191, 0.92981, 0.93412, 0.93971, 0.93041, 0.92282, 
0.90963, 0.9049, 0.89965, 0.91792, 0.9171, 0.91284, 0.9267, 0.93134, 
0.92669, 0.91791, 0.0143, 0.017, 0.0184, 0.0211, 0.0204, 0.0214, 
0.022, 0.0235, 0.0245, 0.0243, 0.0262, 63.3, 96.2, 93.9, 63.8, 
94.3, 62.5, 65.6, 69.6, 77.5, 78.2, 73.4, 1378, 147, 1, 1275, 
70, 33, 146, 254, 544, 409, 2233, 3, 2, 1, 3, 15, 3, 3, 8, 1, 
2, 1, 100, 100, 100, 100, 100, 100, 100, 100, 100, 100, 100, 
2500, 2500, 2500, 2500, 2500, 2500, 2500, 2500, 2500, 2500, 2500, 
8264.18, 8588.073, 8751.163, 9071.342, 8777.281, 8827.314, 8872.568, 
8958.56799999998, 9029.08300000001, 8831.103, 9258.52000000002, 
1, 1, 1, 1, 1, 1, 1, 1, 1, 1, 1, 0.2, 0.2, 0.2, 0.2, 0.2, 0.2, 
0.2, 0.2, 0.2, 0.2, 0.2, 0, 0, 0, 0, 0, 0, 0, 0, 0, 0, 0, 0, 
0, 0, 0, 0, 0, 0, 0, 0, 0, 0, 0.808, 0.82024, 0.81752, 0.85466, 
0.87209, 0.86409, 0.87864, 0.88568, 0.89228, 0.88977, 0.88559, 
0.79826, 0.82005, 0.82135, 0.85437, 0.86853, 0.87742, 0.8757, 
0.87669, 0.89784, 0.87952, 0.87809, 0.0195, 0.0211, 0.023, 0.0255, 
0.0269, 0.0284, 0.0314, 0.0336, 0.0344, 0.0363, 0.039, 131.4, 
140, 152, 165, 175.9, 184.1, 193, 200.5, 205.6, 215.4, 223.3, 
1, 1, 1, 1, 1, 1, 1, 1, 1, 1, 1, 1, 1, 1, 1, 1, 1, 1, 1, 1, 1, 
1, 1, 1, 1, 1, 1, 1, 1, 1, 1, 1, 1, 1, 1, 1, 1, 1, 1, 1, 1, 1, 
1, 1, 3.372, 3.51, 3.618, 3.59, 3.602, 3.587, 3.612, 3.636, 3.637, 
3.536, 3.713), .Dim = c(11L, 40L), .Dimnames = list(NULL, c("Sampling", 
"PSO.cost", "PSO.gamma", "PSO.data.balancing", "PSO.feature.selection", 
"PSO.valid.acc", "PSO.test.acc", "PSO.train.time", "PSO.n.support.vectors", 
"PSO.index", "PSO.n.solutions", "PSO.generations", "PSO.n.evaluations", 
"PSO.cpu.time", "RS.cost", "RS.gamma", "RS.data.balancing", "RS.feature.selection", 
"RS.valid.acc", "RS.test.acc", "RS.train.time", "RS.n.support.vectors", 
"RS.index", "RS.n.solutions", "RS.generations", "RS.n.evaluations", 
"RS.cpu.time", "DF.cost", "DF.gamma", "DF.data.balancing", "DF.feature.selection", 
"DF.valid.acc", "DF.test.acc", "DF.train.time", "DF.n.support.vectors", 
"DF.index", "DF.n.solutions", "DF.generations", "DF.n.evaluations", 
"DF.cpu.time")))
