full <-
structure(c(50, 55, 60, 65, 70, 75, 80, 85, 90, 95, 100, 7.14022, 
7.68024, 12.90354, 11.2315, 4.31926, 13.08718, 9.03933, 10.59744, 
10.35371, 7.21839, 2.72703, -7.91386, -8.27959, -15, -6.69312, 
-3.91181, -10.53088, -7.96157, -9.31206, -12.11732, -7.83787, 
-4.16915, 0, 0, 0, 0, 0, 0, 0, 0, 0, 0, 0, 0, 0, 0, 0, 0, 0, 
0, 0, 0, 0, 0, 0.91657, 0.94159, 0.94695, 0.92489, 0.91856, 0.92405, 
0.92849, 0.92661, 0.9279, 0.92152, 0.92582, 0.897, 0.91443, 0.93043, 
0.90948, 0.89713, 0.92072, 0.90983, 0.9093, 0.91694, 0.9107, 
0.90313, 0.017, 0.0173, 0.0189, 0.0191, 0.0212, 0.0222, 0.0229, 
0.0233, 0.0263, 0.0268, 0.0317, 73.2, 72.7, 100.6, 60.7, 103.9, 
61.3, 76.7, 76.7, 123.6, 107.7, 150.9, 29, 406, 55, 407, 804, 
306, 370, 637, 167, 75, 1441, 192, 117, 400, 64, 50, 91, 212, 
110, 137, 259, 5, 100, 100, 100, 100, 100, 100, 100, 100, 100, 
100, 100, 2500, 2500, 2500, 2500, 2500, 2500, 2500, 2500, 2500, 
2500, 2500, 7339.125, 7342.881, 7336.458, 7237.635, 7346.674, 
7666.235, 7953.62300000001, 7911.06999999999, 7989.887, 8144.288, 
8287.924, 7.87068, 8.59821, 8.86464, 7.54279, 5.22208, 3.80916, 
9.66073, 10.46745, 12.39624, 8.49717, 12.93584, -8.59906, -8.55153, 
-10.92439, -9.61271, -4.6814, -4.13517, -8.24137, -9.17468, -14.21957, 
-8.06592, -10.8472, 0, 0, 0, 0, 0, 0, 0, 0, 0, 0, 0, 0, 0, 0, 
0, 0, 0, 0, 0, 0, 0, 0, 0.91657, 0.94159, 0.94695, 0.92484, 0.91499, 
0.92459, 0.92527, 0.92375, 0.9279, 0.92138, 0.92576, 0.89174, 
0.9103, 0.93043, 0.92068, 0.90772, 0.9047, 0.91286, 0.9093, 0.91146, 
0.91327, 0.91564, 0.0168, 0.0166, 0.0181, 0.0197, 0.0204, 0.0217, 
0.0233, 0.0241, 0.0274, 0.0263, 0.0274, 72.3, 66.4, 100.2, 106, 
93.5, 111.6, 73.9, 76.9, 125.4, 89.3, 75.3, 373, 400, 309, 1031, 
205, 787, 1481, 1025, 82, 406, 1850, 6, 2, 25, 4, 3, 1, 1, 1, 
9, 1, 1, 100, 100, 100, 100, 100, 100, 100, 100, 100, 100, 100, 
2500, 2500, 2500, 2500, 2500, 2500, 2500, 2500, 2500, 2500, 2500, 
7381.163, 7470.401, 7278.13, 7321.595, 7714.35500000001, 7973.62, 
8230.295, 8195.243, 8406.91800000002, 8499.54000000001, 8541.59, 
1, 1, 1, 1, 1, 1, 1, 1, 1, 1, 1, 0.2, 0.2, 0.2, 0.2, 0.2, 0.2, 
0.2, 0.2, 0.2, 0.2, 0.2, 0, 0, 0, 0, 0, 0, 0, 0, 0, 0, 0, 0, 
0, 0, 0, 0, 0, 0, 0, 0, 0, 0, 0.83312, 0.82016, 0.85627, 0.85301, 
0.85078, 0.84863, 0.86343, 0.86558, 0.86732, 0.87433, 0.88088, 
0.8281, 0.82492, 0.8481, 0.86842, 0.84376, 0.85822, 0.86655, 
0.87424, 0.86724, 0.87419, 0.8782, 0.0196, 0.0215, 0.0227, 0.0241, 
0.0265, 0.03, 0.0303, 0.0347, 0.0369, 0.038, 0.0408, 130.8, 141.1, 
153.7, 163.4, 178.6, 185.4, 193.2, 200.9, 208.7, 214.9, 225.8, 
1, 1, 1, 1, 1, 1, 1, 1, 1, 1, 1, 1, 1, 1, 1, 1, 1, 1, 1, 1, 1, 
1, 1, 1, 1, 1, 1, 1, 1, 1, 1, 1, 1, 1, 1, 1, 1, 1, 1, 1, 1, 1, 
1, 1, 2.938, 2.986, 2.941, 2.943, 3.149, 3.14, 3.187, 3.372, 
3.41, 3.388, 3.424), .Dim = c(11L, 40L), .Dimnames = list(NULL, 
    c("Sampling", "PSO.cost", "PSO.gamma", "PSO.data.balancing", 
    "PSO.feature.selection", "PSO.valid.acc", "PSO.test.acc", 
    "PSO.train.time", "PSO.n.support.vectors", "PSO.index", "PSO.n.solutions", 
    "PSO.generations", "PSO.n.evaluations", "PSO.cpu.time", "RS.cost", 
    "RS.gamma", "RS.data.balancing", "RS.feature.selection", 
    "RS.valid.acc", "RS.test.acc", "RS.train.time", "RS.n.support.vectors", 
    "RS.index", "RS.n.solutions", "RS.generations", "RS.n.evaluations", 
    "RS.cpu.time", "DF.cost", "DF.gamma", "DF.data.balancing", 
    "DF.feature.selection", "DF.valid.acc", "DF.test.acc", "DF.train.time", 
    "DF.n.support.vectors", "DF.index", "DF.n.solutions", "DF.generations", 
    "DF.n.evaluations", "DF.cpu.time")))
