full <-
structure(c(50, 55, 60, 65, 70, 75, 80, 85, 90, 95, 100, 14.69674, 
10.33099, 9.46696, 6.86275, 7.49392, 8.72139, 10.2775, 6.2679, 
9.56793, 11.92032, 7.68254, -9.95441, -6.81416, -8.67517, -5.38955, 
-7.04562, -6.60003, -7.83135, -5.239, -9.51538, -12.05392, -7.06692, 
0, 0, 0, 0, 0, 0, 0, 0, 0, 0, 0, 0, 0, 0, 0, 0, 0, 0, 0, 0, 0, 
0, 0.91557, 0.91461, 0.93062, 0.93594, 0.94293, 0.93027, 0.93465, 
0.9333, 0.93082, 0.92378, 0.92804, 0.89167, 0.89675, 0.93046, 
0.91696, 0.93554, 0.91682, 0.91599, 0.92423, 0.92022, 0.91359, 
0.91316, 0.0176, 0.0156, 0.0164, 0.0192, 0.0188, 0.0198, 0.0208, 
0.0225, 0.0235, 0.0233, 0.024, 44.2, 57.4, 64.3, 76.9, 77.3, 
71.7, 68.4, 96.6, 90.8, 96.2, 94, 33, 244, 1455, 295, 637, 240, 
27, 1552, 418, 1493, 499, 583, 328, 39, 64, 29, 512, 250, 13, 
139, 19, 66, 100, 100, 100, 100, 100, 100, 100, 100, 100, 100, 
100, 2500, 2500, 2500, 2500, 2500, 2500, 2500, 2500, 2500, 2500, 
2500, 6267.849, 5772.38, 6157.773, 6262.322, 6321.799, 6250.494, 
6482.962, 6849.099, 6888.298, 6626.17300000001, 6523.834, 14.88976, 
4.15058, 9.63327, 5.08117, 8.39792, 9.15241, 10.76838, 6.93223, 
9.52007, 13.92184, 10.41289, -9.95882, -4.81636, -8.7298, -5.53351, 
-7.14986, -6.80634, -7.99445, -5.47034, -9.41467, -14.03382, 
-12.43386, 0, 0, 0, 0, 0, 0, 0, 0, 0, 0, 0, 0, 0, 0, 0, 0, 0, 
0, 0, 0, 0, 0, 0.91557, 0.91477, 0.92662, 0.93237, 0.94269, 0.93027, 
0.93465, 0.93027, 0.93082, 0.92378, 0.9256, 0.89167, 0.8928, 
0.93046, 0.92054, 0.93911, 0.91349, 0.91912, 0.92423, 0.92022, 
0.91359, 0.90597, 0.0168, 0.0162, 0.0169, 0.0183, 0.0185, 0.0194, 
0.0209, 0.0225, 0.0236, 0.0237, 0.0277, 44.4, 91, 64.2, 91.1, 
70.1, 70.1, 66.2, 91.6, 89.8, 96.1, 136.5, 58, 2087, 2490, 1256, 
894, 2099, 710, 703, 1367, 802, 2070, 4, 1, 1, 3, 1, 1, 1, 6, 
1, 2, 9, 100, 100, 100, 100, 100, 100, 100, 100, 100, 100, 100, 
2500, 2500, 2500, 2500, 2500, 2500, 2500, 2500, 2500, 2500, 2500, 
6108.235, 5980.309, 6456.717, 6437.673, 6480.578, 6391.405, 7018.77500000001, 
7231.26699999999, 7022.03600000001, 6727.91800000001, 6776.52499999999, 
1, 1, 1, 1, 1, 1, 1, 1, 1, 1, 1, 0.2, 0.2, 0.2, 0.2, 0.2, 0.2, 
0.2, 0.2, 0.2, 0.2, 0.2, 0, 0, 0, 0, 0, 0, 0, 0, 0, 0, 0, 0, 
0, 0, 0, 0, 0, 0, 0, 0, 0, 0, 0.85712, 0.84643, 0.85154, 0.8779, 
0.89341, 0.87712, 0.87251, 0.86955, 0.87837, 0.87207, 0.88347, 
0.8526, 0.8375, 0.85972, 0.85524, 0.86826, 0.87379, 0.87876, 
0.86955, 0.87837, 0.87187, 0.89103, 0.0175, 0.0198, 0.0222, 0.0235, 
0.0257, 0.0268, 0.03, 0.0332, 0.0335, 0.034, 0.0366, 133.2, 146, 
158.9, 164.8, 173, 184.6, 194.9, 205.5, 209.3, 219.2, 224.1, 
1, 1, 1, 1, 1, 1, 1, 1, 1, 1, 1, 1, 1, 1, 1, 1, 1, 1, 1, 1, 1, 
1, 1, 1, 1, 1, 1, 1, 1, 1, 1, 1, 1, 1, 1, 1, 1, 1, 1, 1, 1, 1, 
1, 1, 2.359, 2.469, 2.593, 2.584, 2.63, 2.571, 2.859, 2.958, 
2.789, 2.605, 2.781), .Dim = c(11L, 40L), .Dimnames = list(NULL, 
    c("Sampling", "PSO.cost", "PSO.gamma", "PSO.data.balancing", 
    "PSO.feature.selection", "PSO.valid.acc", "PSO.test.acc", 
    "PSO.train.time", "PSO.n.support.vectors", "PSO.index", "PSO.n.solutions", 
    "PSO.generations", "PSO.n.evaluations", "PSO.cpu.time", "RS.cost", 
    "RS.gamma", "RS.data.balancing", "RS.feature.selection", 
    "RS.valid.acc", "RS.test.acc", "RS.train.time", "RS.n.support.vectors", 
    "RS.index", "RS.n.solutions", "RS.generations", "RS.n.evaluations", 
    "RS.cpu.time", "DF.cost", "DF.gamma", "DF.data.balancing", 
    "DF.feature.selection", "DF.valid.acc", "DF.test.acc", "DF.train.time", 
    "DF.n.support.vectors", "DF.index", "DF.n.solutions", "DF.generations", 
    "DF.n.evaluations", "DF.cpu.time")))
