full <-
structure(c(50, 55, 60, 65, 70, 75, 80, 85, 90, 95, 100, 4.22717, 
7.56404, 15, 7.43471, 15, 14.61705, 13.3467, 8.97321, 9.81227, 
15, 8.95459, -3.73492, -7.25399, -12.21629, -6.88688, -12.61415, 
-12.63773, -10.74599, -7.83821, -9.89349, -11.75997, -8.3423, 
0, 0, 0, 0, 0, 0, 0, 0, 0, 0, 0, 0, 0, 0, 0, 0, 0, 0, 0, 0, 0, 
0, 0.92011, 0.93288, 0.93808, 0.9353, 0.91799, 0.92055, 0.93521, 
0.92712, 0.93096, 0.91599, 0.93329, 0.89133, 0.92399, 0.93406, 
0.92358, 0.90739, 0.90397, 0.91938, 0.91232, 0.92207, 0.91057, 
0.92829, 0.0169, 0.0175, 0.0188, 0.0181, 0.0194, 0.0213, 0.0214, 
0.0216, 0.0247, 0.0273, 0.0175, 86, 71.4, 51.4, 73.9, 60, 63.4, 
64.6, 81.2, 93.8, 67.3, 93, 1219, 328, 68, 1807, 32, 83, 533, 
399, 732, 143, 150, 158, 77, 1184, 8, 529, 266, 313, 276, 118, 
800, 355, 100, 100, 100, 100, 100, 100, 100, 100, 100, 100, 100, 
2500, 2500, 2500, 2500, 2500, 2500, 2500, 2500, 2500, 2500, 2500, 
7434.149, 7620.648, 7202.86400000001, 7409, 7547.99100000001, 
7595.35800000001, 7159.88500000001, 7042.19799999999, 7927.523, 
8068.255, 7889.00399999999, 5.09215, 14.55988, 14.68044, 7.44768, 
13.65046, 13.93543, 13.76417, 7.045, 3.85372, 14.65277, 5.6207, 
-3.95401, -12.40323, -11.95684, -6.94045, -11.05389, -11.88195, 
-11.1154, -7.08951, -3.51153, -11.41239, -6.35204, 0, 0, 0, 0, 
0, 0, 0, 0, 0, 0, 0, 0, 0, 0, 0, 0, 0, 0, 0, 0, 0, 0, 0.91561, 
0.92934, 0.93808, 0.93901, 0.91799, 0.92055, 0.93521, 0.92712, 
0.9312, 0.91599, 0.93097, 0.90109, 0.92379, 0.93424, 0.91987, 
0.90739, 0.90397, 0.92251, 0.92106, 0.9088, 0.90801, 0.92835, 
0.0116, 0.0182, 0.0186, 0.0174, 0.0211, 0.0205, 0.0218, 0.0226, 
0.0185, 0.0273, 0.0274, 82.6, 53.5, 51.9, 74.6, 60.1, 63.8, 63.3, 
93.6, 126.9, 67.8, 116.6, 711, 67, 542, 1602, 750, 741, 1220, 
2217, 1023, 1108, 76, 1, 11, 3, 1, 8, 1, 1, 1, 1, 3, 3, 100, 
100, 100, 100, 100, 100, 100, 100, 100, 100, 100, 2500, 2500, 
2500, 2500, 2500, 2500, 2500, 2500, 2500, 2500, 2500, 7373.901, 
7401.633, 7272.781, 7500.335, 7912.42200000001, 7593.034, 7423.60500000001, 
7570.31200000001, 8137.21800000001, 8536.45600000001, 8592.65099999998, 
1, 1, 1, 1, 1, 1, 1, 1, 1, 1, 1, 0.2, 0.2, 0.2, 0.2, 0.2, 0.2, 
0.2, 0.2, 0.2, 0.2, 0.2, 0, 0, 0, 0, 0, 0, 0, 0, 0, 0, 0, 0, 
0, 0, 0, 0, 0, 0, 0, 0, 0, 0, 0.82173, 0.81121, 0.83971, 0.84736, 
0.84338, 0.86195, 0.87296, 0.86299, 0.87319, 0.87169, 0.89119, 
0.82697, 0.82981, 0.84353, 0.85045, 0.84005, 0.85206, 0.87296, 
0.8603, 0.87805, 0.86926, 0.90108, 0.0194, 0.0207, 0.023, 0.0243, 
0.0254, 0.0278, 0.0295, 0.0336, 0.0357, 0.0382, 0.0413, 132.4, 
144.8, 152.9, 161.2, 175.2, 181.5, 185.7, 196, 209.5, 215.7, 
222.8, 1, 1, 1, 1, 1, 1, 1, 1, 1, 1, 1, 1, 1, 1, 1, 1, 1, 1, 
1, 1, 1, 1, 1, 1, 1, 1, 1, 1, 1, 1, 1, 1, 1, 1, 1, 1, 1, 1, 1, 
1, 1, 1, 1, 1, 3.083, 2.944, 3.019, 2.991, 2.984, 2.989, 2.975, 
3.32, 3.374, 3.421, 3.371), .Dim = c(11L, 40L), .Dimnames = list(
    NULL, c("Sampling", "PSO.cost", "PSO.gamma", "PSO.data.balancing", 
    "PSO.feature.selection", "PSO.valid.acc", "PSO.test.acc", 
    "PSO.train.time", "PSO.n.support.vectors", "PSO.index", "PSO.n.solutions", 
    "PSO.generations", "PSO.n.evaluations", "PSO.cpu.time", "RS.cost", 
    "RS.gamma", "RS.data.balancing", "RS.feature.selection", 
    "RS.valid.acc", "RS.test.acc", "RS.train.time", "RS.n.support.vectors", 
    "RS.index", "RS.n.solutions", "RS.generations", "RS.n.evaluations", 
    "RS.cpu.time", "DF.cost", "DF.gamma", "DF.data.balancing", 
    "DF.feature.selection", "DF.valid.acc", "DF.test.acc", "DF.train.time", 
    "DF.n.support.vectors", "DF.index", "DF.n.solutions", "DF.generations", 
    "DF.n.evaluations", "DF.cpu.time")))
