full <-
structure(c(50, 55, 60, 65, 70, 75, 80, 85, 90, 95, 100, 14.41829, 
10.98023, 15, 9.15461, 10.17491, 6.47537, 9.61997, 6.3089, 8.34303, 
11.69464, 11.81587, -13.30599, -10.39426, -15, -8.41304, -9.72646, 
-6.84653, -6.54694, -5.20115, -8.75202, -10.46601, -8.34018, 
0, 0, 0, 0, 0, 0, 0, 0, 0, 0, 0, 0, 0, 0, 0, 0, 0, 0, 0, 0, 0, 
0, 0.93591, 0.93849, 0.93811, 0.92006, 0.92838, 0.9375, 0.93186, 
0.92392, 0.92806, 0.92154, 0.92555, 0.93184, 0.9288, 0.93361, 
0.90851, 0.9105, 0.91436, 0.91906, 0.91215, 0.91995, 0.91641, 
0.92055, 0.0154, 0.0149, 0.0166, 0.0177, 0.0178, 0.0182, 0.0218, 
0.0214, 0.0229, 0.0227, 0.0276, 48.9, 57.9, 64.9, 64, 67.3, 86.2, 
69.3, 91, 94.3, 78.6, 75.4, 35, 1714, 62, 308, 1006, 1800, 346, 
567, 502, 533, 42, 358, 10, 502, 132, 106, 11, 476, 169, 117, 
76, 596, 100, 100, 100, 100, 100, 100, 100, 100, 100, 100, 100, 
2500, 2500, 2500, 2500, 2500, 2500, 2500, 2500, 2500, 2500, 2500, 
6241.711, 6306.126, 6172.696, 6289.791, 5947.158, 5928.72, 6562.073, 
6556.44, 6503.299, 6393.863, 6801.14699999998, 7.83949, 7.12978, 
14.80227, 12.63274, 10.14615, 5.99337, 9.7827, 6.59776, 6.49328, 
6.17493, 12.53448, -6.93091, -6.70332, -14.90273, -11.9298, -9.70187, 
-6.70548, -6.6533, -5.38855, -7.60706, -5.1259, -8.6768, 0, 0, 
0, 0, 0, 0, 0, 0, 0, 0, 0, 0, 0, 0, 0, 0, 0, 0, 0, 0, 0, 0, 0.93636, 
0.93394, 0.93811, 0.9165, 0.92838, 0.93403, 0.93186, 0.92392, 
0.92536, 0.92411, 0.92555, 0.94615, 0.9286, 0.93796, 0.90467, 
0.9105, 0.92091, 0.91906, 0.91198, 0.91432, 0.92417, 0.92055, 
0.0151, 0.0152, 0.0166, 0.0161, 0.018, 0.0191, 0.0213, 0.0219, 
0.0247, 0.0251, 0.0281, 58.3, 65.7, 65.9, 61.8, 67.4, 89.9, 68.2, 
88.9, 108.9, 99.8, 73.2, 2071, 328, 300, 279, 778, 452, 208, 
2147, 168, 2353, 66, 1, 11, 4, 8, 1, 1, 1, 1, 6, 1, 2, 100, 100, 
100, 100, 100, 100, 100, 100, 100, 100, 100, 2500, 2500, 2500, 
2500, 2500, 2500, 2500, 2500, 2500, 2500, 2500, 6310.243, 6294.481, 
6284.625, 6249.027, 6761.645, 6890.916, 6650.436, 6755.52699999999, 
6686.32799999999, 6804.12699999999, 7099.823, 1, 1, 1, 1, 1, 
1, 1, 1, 1, 1, 1, 0.2, 0.2, 0.2, 0.2, 0.2, 0.2, 0.2, 0.2, 0.2, 
0.2, 0.2, 0, 0, 0, 0, 0, 0, 0, 0, 0, 0, 0, 0, 0, 0, 0, 0, 0, 
0, 0, 0, 0, 0, 0.84267, 0.87156, 0.88069, 0.85519, 0.87208, 0.8881, 
0.87558, 0.89181, 0.87549, 0.88218, 0.87144, 0.84217, 0.86664, 
0.87184, 0.85876, 0.86544, 0.87141, 0.87254, 0.88013, 0.87572, 
0.88204, 0.88627, 0.0181, 0.0194, 0.0215, 0.0237, 0.0249, 0.0267, 
0.0265, 0.0312, 0.0317, 0.0356, 0.0379, 129, 139.3, 148, 158.7, 
167.3, 175.6, 184.1, 196.2, 208.1, 215.8, 224.1, 1, 1, 1, 1, 
1, 1, 1, 1, 1, 1, 1, 1, 1, 1, 1, 1, 1, 1, 1, 1, 1, 1, 1, 1, 1, 
1, 1, 1, 1, 1, 1, 1, 1, 1, 1, 1, 1, 1, 1, 1, 1, 1, 1, 1, 2.495, 
2.513, 2.578, 2.507, 2.675, 2.726, 2.669, 2.705, 2.544, 2.786, 
2.93), .Dim = c(11L, 40L), .Dimnames = list(NULL, c("Sampling", 
"PSO.cost", "PSO.gamma", "PSO.data.balancing", "PSO.feature.selection", 
"PSO.valid.acc", "PSO.test.acc", "PSO.train.time", "PSO.n.support.vectors", 
"PSO.index", "PSO.n.solutions", "PSO.generations", "PSO.n.evaluations", 
"PSO.cpu.time", "RS.cost", "RS.gamma", "RS.data.balancing", "RS.feature.selection", 
"RS.valid.acc", "RS.test.acc", "RS.train.time", "RS.n.support.vectors", 
"RS.index", "RS.n.solutions", "RS.generations", "RS.n.evaluations", 
"RS.cpu.time", "DF.cost", "DF.gamma", "DF.data.balancing", "DF.feature.selection", 
"DF.valid.acc", "DF.test.acc", "DF.train.time", "DF.n.support.vectors", 
"DF.index", "DF.n.solutions", "DF.generations", "DF.n.evaluations", 
"DF.cpu.time")))
