full <-
structure(c(50, 55, 60, 65, 70, 75, 80, 85, 90, 95, 100, 4.61647, 
7.77213, 3.56534, 5.50931, 11.01991, 15, 4.55957, 8.07036, 13.05215, 
15, 7.39847, -3.86228, -5.688, -3.74681, -5.81707, -8.03837, 
-13.46662, -5.37308, -7.2289, -8.70936, -11.31667, -6.43596, 
0, 0, 0, 0, 0, 0, 0, 0, 0, 0, 0, 0, 0, 0, 0, 0, 0, 0, 0, 0, 0, 
0, 0.93212, 0.92405, 0.92565, 0.93516, 0.93656, 0.91405, 0.91633, 
0.92134, 0.93102, 0.92671, 0.93076, 0.92186, 0.91018, 0.92165, 
0.92392, 0.90056, 0.91394, 0.89102, 0.92134, 0.91974, 0.91888, 
0.921, 0.0174, 0.0168, 0.02, 0.0194, 0.0204, 0.0218, 0.0226, 
0.023, 0.0276, 0.0276, 0.0267, 85.2, 65.9, 101.8, 87.7, 64, 68.7, 
107.9, 83.8, 68.9, 66, 93.8, 535, 308, 120, 169, 1269, 72, 118, 
91, 336, 471, 932, 178, 135, 261, 467, 47, 424, 58, 106, 102, 
454, 159, 100, 100, 100, 100, 100, 100, 100, 100, 100, 100, 100, 
2500, 2500, 2500, 2500, 2500, 2500, 2500, 2500, 2500, 2500, 2500, 
6790.311, 6787.356, 6835.645, 6879.553, 7044.854, 7181.59600000001, 
7281.29299999999, 7325.35400000001, 7387.25899999999, 7424.14600000001, 
7385.13200000001, 3.70556, 9.30792, 4.87277, 4.58786, 5.19991, 
13.76129, 4.15658, 12.08328, 12.24172, 14.46809, 8.05281, -3.32527, 
-6.6737, -4.45997, -5.30595, -5.05819, -11.63736, -5.06907, -9.86887, 
-8.14651, -11.19336, -6.8441, 0, 0, 0, 0, 0, 0, 0, 0, 0, 0, 0, 
0, 0, 0, 0, 0, 0, 0, 0, 0, 0, 0, 0.92712, 0.92364, 0.92565, 0.93516, 
0.93631, 0.91405, 0.91633, 0.92134, 0.92839, 0.92671, 0.92832, 
0.91686, 0.91453, 0.91349, 0.91609, 0.90412, 0.91728, 0.89102, 
0.90671, 0.91689, 0.91888, 0.92338, 0.0176, 0.0167, 0.0185, 0.0194, 
0.0195, 0.0204, 0.0226, 0.0239, 0.0261, 0.0269, 0.0257, 95.3, 
59.4, 86.8, 95.5, 92.3, 65, 112, 69.4, 70.5, 67.2, 89.6, 1199, 
2150, 183, 426, 1361, 863, 302, 1682, 859, 193, 762, 3, 1, 4, 
4, 1, 2, 3, 3, 3, 5, 1, 100, 100, 100, 100, 100, 100, 100, 100, 
100, 100, 100, 2500, 2500, 2500, 2500, 2500, 2500, 2500, 2500, 
2500, 2500, 2500, 6877.788, 6900.376, 6947.198, 7121.365, 7370.473, 
7415.387, 7420.652, 7616.16799999999, 7689.33499999999, 7728.24399999998, 
7743.625, 1, 1, 1, 1, 1, 1, 1, 1, 1, 1, 1, 0.2, 0.2, 0.2, 0.2, 
0.2, 0.2, 0.2, 0.2, 0.2, 0.2, 0.2, 0, 0, 0, 0, 0, 0, 0, 0, 0, 
0, 0, 0, 0, 0, 0, 0, 0, 0, 0, 0, 0, 0, 0.85309, 0.87272, 0.87197, 
0.88158, 0.87644, 0.8607, 0.87569, 0.88612, 0.87563, 0.87716, 
0.87871, 0.8672, 0.8694, 0.87649, 0.88189, 0.86545, 0.86393, 
0.87853, 0.87755, 0.8672, 0.88243, 0.87145, 0.0196, 0.0212, 0.0234, 
0.0246, 0.0287, 0.0281, 0.0299, 0.0327, 0.0351, 0.0371, 0.039, 
136.1, 142.4, 152.5, 163.8, 171.3, 182.9, 189.3, 199.7, 208.5, 
216.7, 223.7, 1, 1, 1, 1, 1, 1, 1, 1, 1, 1, 1, 1, 1, 1, 1, 1, 
1, 1, 1, 1, 1, 1, 1, 1, 1, 1, 1, 1, 1, 1, 1, 1, 1, 1, 1, 1, 1, 
1, 1, 1, 1, 1, 1, 1, 2.749, 2.772, 2.813, 2.828, 2.937, 2.864, 
2.971, 3.014, 3.094, 3.086, 3.079), .Dim = c(11L, 40L), .Dimnames = list(
    NULL, c("Sampling", "PSO.cost", "PSO.gamma", "PSO.data.balancing", 
    "PSO.feature.selection", "PSO.valid.acc", "PSO.test.acc", 
    "PSO.train.time", "PSO.n.support.vectors", "PSO.index", "PSO.n.solutions", 
    "PSO.generations", "PSO.n.evaluations", "PSO.cpu.time", "RS.cost", 
    "RS.gamma", "RS.data.balancing", "RS.feature.selection", 
    "RS.valid.acc", "RS.test.acc", "RS.train.time", "RS.n.support.vectors", 
    "RS.index", "RS.n.solutions", "RS.generations", "RS.n.evaluations", 
    "RS.cpu.time", "DF.cost", "DF.gamma", "DF.data.balancing", 
    "DF.feature.selection", "DF.valid.acc", "DF.test.acc", "DF.train.time", 
    "DF.n.support.vectors", "DF.index", "DF.n.solutions", "DF.generations", 
    "DF.n.evaluations", "DF.cpu.time")))
