full <-
structure(c(50, 55, 60, 65, 70, 75, 80, 85, 90, 95, 100, 5.62804, 
14.77777, 9.99824, 9.31746, 15, 5.73712, 6.58802, 5.90377, 13.00327, 
15, 13.2137, -5.94501, -10.11764, -7.2572, -9.69922, -13.24595, 
-4.59624, -5.51154, -4.94486, -9.23167, -12.09291, -10.71601, 
0, 0, 0, 0, 0, 0, 0, 0, 0, 0, 0, 0, 0, 0, 0, 0, 0, 0, 0, 0, 0, 
0, 0.91686, 0.92781, 0.92176, 0.93161, 0.92901, 0.94373, 0.92911, 
0.93567, 0.92589, 0.91935, 0.93316, 0.91631, 0.88767, 0.91325, 
0.91238, 0.91471, 0.92692, 0.92874, 0.92389, 0.91741, 0.91943, 
0.92309, 0.0153, 0.0184, 0.0172, 0.0168, 0.0188, 0.0198, 0.0202, 
0.0214, 0.0259, 0.0247, 0.0261, 74.5, 46.7, 59, 75, 58.6, 90.1, 
85.9, 97.2, 67.3, 66.9, 74.6, 96, 171, 1152, 60, 146, 305, 248, 
2205, 240, 195, 140, 355, 874, 48, 90, 163, 103, 251, 12, 732, 
488, 334, 100, 100, 100, 100, 100, 100, 100, 100, 100, 100, 100, 
2500, 2500, 2500, 2500, 2500, 2500, 2500, 2500, 2500, 2500, 2500, 
6068.396, 6252.148, 6183.152, 6289.988, 6373.054, 6005.73, 5923.022, 
5987.28899999999, 6449.715, 6582.019, 6370.99399999999, 6.3091, 
14.69815, 6.49815, 7.0422, 11.40242, 7.53271, 4.57617, 5.8804, 
11.75698, 14.8848, 12.23323, -6.54986, -10.1084, -4.95892, -5.80659, 
-9.99717, -5.88358, -4.64165, -4.90433, -8.6392, -12.0784, -9.7868, 
0, 0, 0, 0, 0, 0, 0, 0, 0, 0, 0, 0, 0, 0, 0, 0, 0, 0, 0, 0, 0, 
0, 0.91686, 0.92781, 0.92524, 0.93161, 0.92556, 0.94039, 0.92911, 
0.93567, 0.92589, 0.91935, 0.93316, 0.90654, 0.88767, 0.9209, 
0.91238, 0.91866, 0.92079, 0.92229, 0.92389, 0.92026, 0.92206, 
0.92797, 0.0144, 0.0183, 0.0171, 0.0184, 0.0174, 0.0188, 0.0206, 
0.0217, 0.0236, 0.024, 0.0247, 71.9, 46.5, 76.2, 74.7, 61.3, 
78.4, 100.7, 97.7, 69.5, 67, 76, 238, 811, 1204, 579, 1081, 26, 
801, 2162, 1059, 218, 437, 2, 1, 1, 6, 2, 7, 1, 1, 8, 2, 3, 100, 
100, 100, 100, 100, 100, 100, 100, 100, 100, 100, 2500, 2500, 
2500, 2500, 2500, 2500, 2500, 2500, 2500, 2500, 2500, 6093.702, 
6323.873, 6353.045, 6372.63, 6381.821, 6153.13100000001, 6246.87199999999, 
6607.715, 6896.004, 6906.78499999999, 6716.764, 1, 1, 1, 1, 1, 
1, 1, 1, 1, 1, 1, 0.2, 0.2, 0.2, 0.2, 0.2, 0.2, 0.2, 0.2, 0.2, 
0.2, 0.2, 0, 0, 0, 0, 0, 0, 0, 0, 0, 0, 0, 0, 0, 0, 0, 0, 0, 
0, 0, 0, 0, 0, 0.79384, 0.85147, 0.86307, 0.88559, 0.8833, 0.89689, 
0.87879, 0.89499, 0.87813, 0.87446, 0.8932, 0.80839, 0.84712, 
0.86372, 0.87049, 0.89722, 0.89734, 0.88457, 0.8949, 0.86725, 
0.87994, 0.89314, 0.0176, 0.0201, 0.0216, 0.0235, 0.0244, 0.026, 
0.0286, 0.0302, 0.0324, 0.035, 0.0364, 134, 143.5, 154.5, 162, 
172.8, 180.1, 189.6, 200.9, 210.5, 217.9, 225.2, 1, 1, 1, 1, 
1, 1, 1, 1, 1, 1, 1, 1, 1, 1, 1, 1, 1, 1, 1, 1, 1, 1, 1, 1, 1, 
1, 1, 1, 1, 1, 1, 1, 1, 1, 1, 1, 1, 1, 1, 1, 1, 1, 1, 1, 2.353, 
2.562, 2.576, 2.601, 2.475, 2.376, 2.513, 2.612, 2.696, 2.719, 
2.619), .Dim = c(11L, 40L), .Dimnames = list(NULL, c("Sampling", 
"PSO.cost", "PSO.gamma", "PSO.data.balancing", "PSO.feature.selection", 
"PSO.valid.acc", "PSO.test.acc", "PSO.train.time", "PSO.n.support.vectors", 
"PSO.index", "PSO.n.solutions", "PSO.generations", "PSO.n.evaluations", 
"PSO.cpu.time", "RS.cost", "RS.gamma", "RS.data.balancing", "RS.feature.selection", 
"RS.valid.acc", "RS.test.acc", "RS.train.time", "RS.n.support.vectors", 
"RS.index", "RS.n.solutions", "RS.generations", "RS.n.evaluations", 
"RS.cpu.time", "DF.cost", "DF.gamma", "DF.data.balancing", "DF.feature.selection", 
"DF.valid.acc", "DF.test.acc", "DF.train.time", "DF.n.support.vectors", 
"DF.index", "DF.n.solutions", "DF.generations", "DF.n.evaluations", 
"DF.cpu.time")))
