full <-
structure(c(50, 55, 60, 65, 70, 75, 80, 85, 90, 95, 100, 5.58714, 
9.47246, 8.06978, 12.16134, 15, 11.54367, 8.92473, 9.97084, 8.18549, 
12.10898, 6.49355, -6.99374, -7.89929, -8.24463, -8.46468, -12.74915, 
-9.0552, -7.27704, -8.80031, -6.94374, -8.47333, -6.3657, 0, 
0, 0, 0, 0, 0, 0, 0, 0, 0, 0, 0, 0, 0, 0, 0, 0, 0, 0, 0, 0, 0, 
0.92224, 0.93392, 0.93687, 0.93596, 0.92616, 0.9341, 0.93502, 
0.92976, 0.93926, 0.93193, 0.93028, 0.91724, 0.91033, 0.93253, 
0.91327, 0.93281, 0.92776, 0.9229, 0.92354, 0.93092, 0.91349, 
0.9254, 0.0158, 0.0165, 0.0175, 0.0185, 0.0185, 0.0199, 0.0206, 
0.0221, 0.0232, 0.0274, 0.027, 82.8, 55.8, 70.5, 53.4, 55.7, 
59.9, 69.6, 73, 80, 72.7, 103.5, 31, 1536, 33, 77, 111, 255, 
140, 837, 51, 138, 1631, 448, 20, 707, 194, 417, 398, 187, 55, 
68, 540, 26, 100, 100, 100, 100, 100, 100, 100, 100, 100, 100, 
100, 2500, 2500, 2500, 2500, 2500, 2500, 2500, 2500, 2500, 2500, 
2500, 6835.326, 6965.06, 7024.603, 6786.788, 6879.173, 7028.364, 
7427.751, 7393.06800000001, 7562.11199999999, 7619.11799999999, 
7687.51499999998, 13.82622, 9.22665, 4.75708, 12.13709, 13.48794, 
13.01594, 8.24799, 9.5828, 7.79074, 11.4179, 7.30091, -14.79037, 
-7.5537, -5.68857, -8.42587, -11.34762, -9.39026, -7.55222, -8.47142, 
-6.87228, -8.18356, -6.89666, 0, 0, 0, 0, 0, 0, 0, 0, 0, 0, 0, 
0, 0, 0, 0, 0, 0, 0, 0, 0, 0, 0, 0.92224, 0.93392, 0.94154, 0.93596, 
0.92616, 0.93099, 0.93502, 0.92976, 0.93648, 0.93193, 0.9279, 
0.91198, 0.9149, 0.93303, 0.91327, 0.93293, 0.92141, 0.92593, 
0.92934, 0.92822, 0.91079, 0.92784, 0.0158, 0.0167, 0.0183, 0.0181, 
0.019, 0.0206, 0.0217, 0.0226, 0.0231, 0.0283, 0.0265, 71, 57, 
88.6, 53.4, 57.5, 56.4, 74.3, 73.5, 81.5, 73.7, 96.9, 30, 1581, 
2076, 159, 428, 585, 131, 1480, 324, 1233, 46, 94, 1, 1, 4, 8, 
2, 5, 1, 8, 1, 2, 100, 100, 100, 100, 100, 100, 100, 100, 100, 
100, 100, 2500, 2500, 2500, 2500, 2500, 2500, 2500, 2500, 2500, 
2500, 2500, 7057.432, 7081.674, 6947.61399999999, 6967.911, 7196.06299999999, 
7447.18699999999, 7549.209, 7851.54300000001, 7832.75300000001, 
7973.39499999999, 7999.32200000001, 1, 1, 1, 1, 1, 1, 1, 1, 1, 
1, 1, 0.2, 0.2, 0.2, 0.2, 0.2, 0.2, 0.2, 0.2, 0.2, 0.2, 0.2, 
0, 0, 0, 0, 0, 0, 0, 0, 0, 0, 0, 0, 0, 0, 0, 0, 0, 0, 0, 0, 0, 
0, 0.84665, 0.87535, 0.83569, 0.87093, 0.86183, 0.8748, 0.88508, 
0.89173, 0.8897, 0.88762, 0.89056, 0.82758, 0.86583, 0.86037, 
0.85921, 0.86576, 0.88084, 0.88821, 0.88575, 0.88144, 0.89525, 
0.90044, 0.0187, 0.0206, 0.0213, 0.025, 0.0272, 0.0287, 0.0304, 
0.032, 0.0333, 0.0367, 0.0394, 132.8, 142.6, 152.7, 163.1, 172.4, 
179.1, 186.7, 195.4, 201.8, 213.7, 223, 1, 1, 1, 1, 1, 1, 1, 
1, 1, 1, 1, 1, 1, 1, 1, 1, 1, 1, 1, 1, 1, 1, 1, 1, 1, 1, 1, 1, 
1, 1, 1, 1, 1, 1, 1, 1, 1, 1, 1, 1, 1, 1, 1, 1, 2.832, 2.86, 
2.685, 2.946, 3.003, 3.049, 3.012, 3.051, 3.077, 3.144, 3.149
), .Dim = c(11L, 40L), .Dimnames = list(NULL, c("Sampling", "PSO.cost", 
"PSO.gamma", "PSO.data.balancing", "PSO.feature.selection", "PSO.valid.acc", 
"PSO.test.acc", "PSO.train.time", "PSO.n.support.vectors", "PSO.index", 
"PSO.n.solutions", "PSO.generations", "PSO.n.evaluations", "PSO.cpu.time", 
"RS.cost", "RS.gamma", "RS.data.balancing", "RS.feature.selection", 
"RS.valid.acc", "RS.test.acc", "RS.train.time", "RS.n.support.vectors", 
"RS.index", "RS.n.solutions", "RS.generations", "RS.n.evaluations", 
"RS.cpu.time", "DF.cost", "DF.gamma", "DF.data.balancing", "DF.feature.selection", 
"DF.valid.acc", "DF.test.acc", "DF.train.time", "DF.n.support.vectors", 
"DF.index", "DF.n.solutions", "DF.generations", "DF.n.evaluations", 
"DF.cpu.time")))
