full <-
structure(c(50, 55, 60, 65, 70, 75, 80, 85, 90, 95, 100, 12.55421, 
9.85334, 8.50239, 14.16063, 7.44868, 8.34573, 13.02184, 7.0487, 
5.50798, 8.93056, 9.6661, -11.5922, -8.96152, -7.60229, -11.12074, 
-7.88998, -9.12104, -9.98032, -7.01481, -5.07701, -7.30571, -7.60891, 
0, 0, 0, 0, 0, 0, 0, 0, 0, 0, 0, 0, 0, 0, 0, 0, 0, 0, 0, 0, 0, 
0, 0.94581, 0.93672, 0.9295, 0.92694, 0.93633, 0.93761, 0.94399, 
0.93917, 0.92778, 0.93196, 0.93285, 0.93083, 0.93237, 0.90791, 
0.90028, 0.92254, 0.92405, 0.93433, 0.94203, 0.91397, 0.92392, 
0.92298, 0.0161, 0.0167, 0.0178, 0.0131, 0.0187, 0.0204, 0.0231, 
0.023, 0.0237, 0.024, 0.0257, 52.1, 58.2, 66.6, 53.5, 83.6, 90.7, 
59.4, 90.9, 101.5, 85.4, 82.3, 18, 237, 356, 128, 348, 119, 274, 
486, 306, 275, 125, 670, 526, 183, 696, 103, 167, 302, 287, 48, 
141, 219, 100, 100, 100, 100, 100, 100, 100, 100, 100, 100, 100, 
2500, 2500, 2500, 2500, 2500, 2500, 2500, 2500, 2500, 2500, 2500, 
7256.407, 7175.758, 6510.348, 7128.779, 7718.79300000001, 7870.439, 
7424.481, 7460.80899999999, 7497.66, 7849.52900000001, 7398.64499999999, 
10.01035, 6.90655, 8.21015, 14.10212, 7.66053, 11.6176, 12.37269, 
5.33204, 6.71584, 8.69656, 9.44065, -9.44476, -6.9138, -7.42945, 
-10.82279, -7.97939, -11.95493, -9.53424, -6.12455, -6.42232, 
-7.22713, -7.42614, 0, 0, 0, 0, 0, 0, 0, 0, 0, 0, 0, 0, 0, 0, 
0, 0, 0, 0, 0, 0, 0, 0, 0.94605, 0.93672, 0.9295, 0.92694, 0.93633, 
0.93761, 0.94399, 0.93614, 0.92764, 0.92939, 0.93285, 0.9406, 
0.92328, 0.91208, 0.90028, 0.92599, 0.92405, 0.92807, 0.93017, 
0.92779, 0.92129, 0.92298, 0.0161, 0.0164, 0.0187, 0.0198, 0.0194, 
0.0207, 0.0222, 0.024, 0.024, 0.0248, 0.0274, 55.4, 69.5, 68.3, 
52.6, 81, 82.4, 60.2, 108, 95.7, 86.6, 83.4, 114, 76, 558, 85, 
66, 267, 2260, 369, 413, 1388, 2376, 1, 4, 1, 9, 2, 8, 1, 8, 
2, 1, 1, 100, 100, 100, 100, 100, 100, 100, 100, 100, 100, 100, 
2500, 2500, 2500, 2500, 2500, 2500, 2500, 2500, 2500, 2500, 2500, 
7336.872, 7073.034, 6373.398, 7530.024, 8018.76299999999, 8064.24500000001, 
7767.045, 7830.75199999999, 7923.02100000001, 7868.628, 7920.967, 
1, 1, 1, 1, 1, 1, 1, 1, 1, 1, 1, 0.2, 0.2, 0.2, 0.2, 0.2, 0.2, 
0.2, 0.2, 0.2, 0.2, 0.2, 0, 0, 0, 0, 0, 0, 0, 0, 0, 0, 0, 0, 
0, 0, 0, 0, 0, 0, 0, 0, 0, 0, 0.85239, 0.88295, 0.85203, 0.85107, 
0.87635, 0.88457, 0.88835, 0.88365, 0.86957, 0.88768, 0.89572, 
0.84645, 0.88253, 0.85031, 0.86675, 0.88373, 0.88168, 0.88854, 
0.87194, 0.87251, 0.88235, 0.8759, 0.02, 0.0202, 0.0151, 0.025, 
0.0249, 0.028, 0.0308, 0.0327, 0.0353, 0.0379, 0.0377, 134.6, 
145.6, 157, 165.9, 173, 181.5, 190.7, 200.6, 208.8, 216.6, 224.6, 
1, 1, 1, 1, 1, 1, 1, 1, 1, 1, 1, 1, 1, 1, 1, 1, 1, 1, 1, 1, 1, 
1, 1, 1, 1, 1, 1, 1, 1, 1, 1, 1, 1, 1, 1, 1, 1, 1, 1, 1, 1, 1, 
1, 1, 2.976, 2.738, 2.36, 3.034, 3.166, 2.935, 3.112, 3.149, 
3.421, 3.182, 2.991), .Dim = c(11L, 40L), .Dimnames = list(NULL, 
    c("Sampling", "PSO.cost", "PSO.gamma", "PSO.data.balancing", 
    "PSO.feature.selection", "PSO.valid.acc", "PSO.test.acc", 
    "PSO.train.time", "PSO.n.support.vectors", "PSO.index", "PSO.n.solutions", 
    "PSO.generations", "PSO.n.evaluations", "PSO.cpu.time", "RS.cost", 
    "RS.gamma", "RS.data.balancing", "RS.feature.selection", 
    "RS.valid.acc", "RS.test.acc", "RS.train.time", "RS.n.support.vectors", 
    "RS.index", "RS.n.solutions", "RS.generations", "RS.n.evaluations", 
    "RS.cpu.time", "DF.cost", "DF.gamma", "DF.data.balancing", 
    "DF.feature.selection", "DF.valid.acc", "DF.test.acc", "DF.train.time", 
    "DF.n.support.vectors", "DF.index", "DF.n.solutions", "DF.generations", 
    "DF.n.evaluations", "DF.cpu.time")))
