full <-
structure(c(50, 55, 60, 65, 70, 75, 80, 85, 90, 95, 100, 8.13547, 
9.03342, 12.20586, 9.55702, 7.08089, 14.22979, 6.6285, 6.21376, 
6.98428, 15, 10.35497, -10.40854, -7.83986, -13.33366, -6.70921, 
-6.63645, -15, -5.72612, -5.24887, -5.63664, -14.6956, -8.11906, 
0, 0, 0, 0, 0, 0, 0, 0, 0, 0, 0, 0, 0, 0, 0, 0, 0, 0, 0, 0, 0, 
0, 0.94595, 0.95133, 0.93846, 0.94684, 0.9364, 0.93993, 0.92301, 
0.92648, 0.92527, 0.93209, 0.93334, 0.94095, 0.93295, 0.93376, 
0.91989, 0.91593, 0.92399, 0.90747, 0.9122, 0.91733, 0.91891, 
0.92126, 0.0165, 0.0162, 0.0184, 0.0179, 0.0199, 0.0215, 0.0222, 
0.0242, 0.0265, 0.0258, 0.0274, 86.6, 55.3, 75.3, 60.3, 73.3, 
86.5, 85.6, 94.1, 91.8, 89.7, 80.2, 7, 181, 252, 563, 302, 396, 
341, 120, 1455, 1006, 377, 285, 562, 127, 27, 812, 90, 393, 398, 
74, 21, 374, 100, 100, 100, 100, 100, 100, 100, 100, 100, 100, 
100, 2500, 2500, 2500, 2500, 2500, 2500, 2500, 2500, 2500, 2500, 
2500, 6967.794, 6983.971, 6905.507, 6900.463, 7066.031, 7208.848, 
7248.96000000001, 7402.463, 7923.64, 7801.54400000001, 7734.098, 
5.8247, 9.59249, 13.81732, 9.58346, 10.0358, 11.0651, 6.4824, 
6.23028, 6.60213, 7.95514, 10.22026, -8.42912, -8.33921, -14.93591, 
-6.68762, -7.77981, -11.91567, -5.69357, -5.09016, -5.41554, 
-8.99252, -7.98005, 0, 0, 0, 0, 0, 0, 0, 0, 0, 0, 0, 0, 0, 0, 
0, 0, 0, 0, 0, 0, 0, 0, 0.94595, 0.95133, 0.93846, 0.94684, 0.93615, 
0.93993, 0.92301, 0.92648, 0.9225, 0.92973, 0.93334, 0.94095, 
0.92424, 0.93376, 0.92373, 0.9195, 0.92076, 0.9106, 0.90648, 
0.92003, 0.92169, 0.92126, 0.017, 0.0172, 0.0181, 0.0194, 0.0207, 
0.0214, 0.0211, 0.0234, 0.0252, 0.0274, 0.0269, 94.6, 53.1, 75.3, 
60.6, 59.7, 87.6, 86.2, 94.3, 94.4, 114.3, 80.4, 120, 468, 99, 
2176, 125, 89, 427, 2322, 1513, 420, 1647, 22, 4, 3, 1, 1, 4, 
1, 1, 1, 6, 2, 100, 100, 100, 100, 100, 100, 100, 100, 100, 100, 
100, 2500, 2500, 2500, 2500, 2500, 2500, 2500, 2500, 2500, 2500, 
2500, 6959.103, 6949.805, 6964.496, 7186.634, 7228.313, 7255.817, 
7562.788, 8046.671, 8089.50300000001, 8125.19500000001, 8196.46599999999, 
1, 1, 1, 1, 1, 1, 1, 1, 1, 1, 1, 0.2, 0.2, 0.2, 0.2, 0.2, 0.2, 
0.2, 0.2, 0.2, 0.2, 0.2, 0, 0, 0, 0, 0, 0, 0, 0, 0, 0, 0, 0, 
0, 0, 0, 0, 0, 0, 0, 0, 0, 0, 0.87738, 0.91134, 0.90472, 0.90093, 
0.87314, 0.89829, 0.88549, 0.87445, 0.8758, 0.89035, 0.89082, 
0.8919, 0.8979, 0.9089, 0.90066, 0.87672, 0.89507, 0.87904, 0.88034, 
0.8731, 0.87926, 0.88838, 0.0195, 0.0208, 0.0224, 0.0242, 0.0266, 
0.0281, 0.0311, 0.0317, 0.0349, 0.0381, 0.0372, 128.2, 139.9, 
150.3, 159.2, 169.7, 177.8, 189.2, 200.1, 207, 215.4, 223.5, 
1, 1, 1, 1, 1, 1, 1, 1, 1, 1, 1, 1, 1, 1, 1, 1, 1, 1, 1, 1, 1, 
1, 1, 1, 1, 1, 1, 1, 1, 1, 1, 1, 1, 1, 1, 1, 1, 1, 1, 1, 1, 1, 
1, 1, 2.893, 2.82, 2.77, 2.845, 2.905, 2.897, 3.067, 3.141, 3.148, 
3.204, 3.005), .Dim = c(11L, 40L), .Dimnames = list(NULL, c("Sampling", 
"PSO.cost", "PSO.gamma", "PSO.data.balancing", "PSO.feature.selection", 
"PSO.valid.acc", "PSO.test.acc", "PSO.train.time", "PSO.n.support.vectors", 
"PSO.index", "PSO.n.solutions", "PSO.generations", "PSO.n.evaluations", 
"PSO.cpu.time", "RS.cost", "RS.gamma", "RS.data.balancing", "RS.feature.selection", 
"RS.valid.acc", "RS.test.acc", "RS.train.time", "RS.n.support.vectors", 
"RS.index", "RS.n.solutions", "RS.generations", "RS.n.evaluations", 
"RS.cpu.time", "DF.cost", "DF.gamma", "DF.data.balancing", "DF.feature.selection", 
"DF.valid.acc", "DF.test.acc", "DF.train.time", "DF.n.support.vectors", 
"DF.index", "DF.n.solutions", "DF.generations", "DF.n.evaluations", 
"DF.cpu.time")))
