full <-
structure(c(50, 55, 60, 65, 70, 75, 80, 85, 90, 95, 100, 9.94422, 
7.52258, 6.88744, 9.63847, 9.68891, 9.64183, 9.38302, 10.06729, 
14.00364, 4.07695, 11.11247, -7.22439, -8.54859, -5.11985, -6.69799, 
-8.17773, -8.25578, -6.57734, -9.90217, -9.52356, -5.69432, -8.70855, 
0, 0, 0, 0, 0, 0, 0, 0, 0, 0, 0, 0, 0, 0, 0, 0, 0, 0, 0, 0, 0, 
0, 0.94641, 0.93297, 0.93721, 0.93581, 0.93618, 0.93762, 0.92877, 
0.92149, 0.92829, 0.91919, 0.93045, 0.93564, 0.92468, 0.90432, 
0.92044, 0.92201, 0.92449, 0.91949, 0.91257, 0.91462, 0.91143, 
0.91825, 0.0154, 0.0175, 0.0169, 0.0177, 0.0185, 0.0199, 0.0212, 
0.0225, 0.0294, 0.0301, 0.0283, 52.1, 77.9, 73, 63, 64.6, 67.7, 
68.9, 85.3, 68, 134.1, 75.7, 1469, 637, 1556, 836, 479, 270, 
108, 231, 331, 1070, 887, 11, 79, 20, 55, 84, 68, 360, 88, 497, 
72, 59, 100, 100, 100, 100, 100, 100, 100, 100, 100, 100, 100, 
2500, 2500, 2500, 2500, 2500, 2500, 2500, 2500, 2500, 2500, 2500, 
6506.612, 6515.633, 6559.928, 6544.467, 6561.645, 6565.04400000001, 
6614.60000000001, 6771.63800000001, 6915.852, 8962.601, 9223.72899999999, 
10.97562, 6.68685, 7.38326, 7.5143, 9.40912, 9.62251, 9.26814, 
9.84402, 13.84574, 4.23012, 11.0397, -8.16507, -8.26002, -5.3833, 
-3.98704, -7.98442, -8.21005, -6.68027, -9.67161, -9.51165, -5.82512, 
-8.59985, 0, 0, 0, 0, 0, 0, 0, 0, 0, 0, 0, 0, 0, 0, 0, 0, 0, 
0, 0, 0, 0, 0, 0.94165, 0.92862, 0.93304, 0.93509, 0.93273, 0.93762, 
0.92877, 0.92149, 0.92829, 0.91919, 0.92807, 0.94091, 0.92468, 
0.90432, 0.91985, 0.92201, 0.92449, 0.91314, 0.91257, 0.91733, 
0.91143, 0.91825, 0.0145, 0.0165, 0.0174, 0.0192, 0.0184, 0.0182, 
0.0217, 0.0211, 0.0298, 0.0292, 0.0289, 48.4, 87.1, 69.9, 85.7, 
65.9, 67.9, 69, 85.3, 67.6, 133.1, 75.7, 1652, 11, 157, 61, 1858, 
2085, 1609, 1201, 2059, 1455, 1788, 1, 20, 9, 6, 1, 1, 1, 1, 
1, 1, 1, 100, 100, 100, 100, 100, 100, 100, 100, 100, 100, 100, 
2500, 2500, 2500, 2500, 2500, 2500, 2500, 2500, 2500, 2500, 2500, 
6586.949, 6609.95, 6677.848, 6707.084, 6730.31200000001, 6770.674, 
6886.143, 7055.39600000001, 7145.47199999999, 9551.25099999999, 
9614.06299999999, 1, 1, 1, 1, 1, 1, 1, 1, 1, 1, 1, 0.2, 0.2, 
0.2, 0.2, 0.2, 0.2, 0.2, 0.2, 0.2, 0.2, 0.2, 0, 0, 0, 0, 0, 0, 
0, 0, 0, 0, 0, 0, 0, 0, 0, 0, 0, 0, 0, 0, 0, 0, 0.87645, 0.87441, 
0.86764, 0.87104, 0.87938, 0.88524, 0.88521, 0.88677, 0.87865, 
0.87235, 0.87891, 0.87097, 0.85599, 0.88015, 0.87819, 0.88641, 
0.87846, 0.89175, 0.88365, 0.88119, 0.87497, 0.8863, 0.0195, 
0.0203, 0.0221, 0.0239, 0.0244, 0.0276, 0.0304, 0.0299, 0.0337, 
0.0391, 0.0409, 137, 147, 154.9, 161.1, 171.1, 181.5, 192.8, 
200.6, 208.8, 218.7, 223.4, 1, 1, 1, 1, 1, 1, 1, 1, 1, 1, 1, 
1, 1, 1, 1, 1, 1, 1, 1, 1, 1, 1, 1, 1, 1, 1, 1, 1, 1, 1, 1, 1, 
1, 1, 1, 1, 1, 1, 1, 1, 1, 1, 1, 1, 2.638, 2.653, 2.587, 2.677, 
2.618, 2.749, 2.77, 2.61, 2.914, 3.767, 3.783), .Dim = c(11L, 
40L), .Dimnames = list(NULL, c("Sampling", "PSO.cost", "PSO.gamma", 
"PSO.data.balancing", "PSO.feature.selection", "PSO.valid.acc", 
"PSO.test.acc", "PSO.train.time", "PSO.n.support.vectors", "PSO.index", 
"PSO.n.solutions", "PSO.generations", "PSO.n.evaluations", "PSO.cpu.time", 
"RS.cost", "RS.gamma", "RS.data.balancing", "RS.feature.selection", 
"RS.valid.acc", "RS.test.acc", "RS.train.time", "RS.n.support.vectors", 
"RS.index", "RS.n.solutions", "RS.generations", "RS.n.evaluations", 
"RS.cpu.time", "DF.cost", "DF.gamma", "DF.data.balancing", "DF.feature.selection", 
"DF.valid.acc", "DF.test.acc", "DF.train.time", "DF.n.support.vectors", 
"DF.index", "DF.n.solutions", "DF.generations", "DF.n.evaluations", 
"DF.cpu.time")))
