full <-
structure(c(50, 55, 60, 65, 70, 75, 80, 85, 90, 95, 100, 5.77893, 
6.97211, 4.87995, 6.04751, 8.71361, 11.00269, 9.61939, 7.84849, 
9.31145, 8.16118, 9.95456, -4.22349, -6.05197, -4.62774, -4.34189, 
-6.72901, -9.07025, -7.77042, -6.51735, -8.26364, -6.44533, -9.91973, 
0, 0, 0, 0, 0, 0, 0, 0, 0, 0, 0, 0, 0, 0, 0, 0, 0, 0, 0, 0, 0, 
0, 0.9209, 0.92384, 0.92594, 0.93198, 0.93973, 0.92448, 0.92885, 
0.92981, 0.92828, 0.94254, 0.92828, 0.90138, 0.91948, 0.90027, 
0.92785, 0.91816, 0.91113, 0.92904, 0.9119, 0.93113, 0.91615, 
0.91352, 0.0173, 0.0177, 0.0186, 0.0216, 0.0206, 0.0211, 0.0226, 
0.0236, 0.0236, 0.0251, 0.0264, 79.1, 73.2, 89.7, 88.8, 71.1, 
68.5, 71.7, 80.6, 80.9, 84.7, 96.8, 131, 440, 486, 161, 516, 
51, 454, 66, 184, 632, 1636, 218, 104, 268, 515, 195, 898, 258, 
207, 476, 290, 27, 100, 100, 100, 100, 100, 100, 100, 100, 100, 
100, 100, 2500, 2500, 2500, 2500, 2500, 2500, 2500, 2500, 2500, 
2500, 2500, 7184.788, 7414.41, 7638.041, 7681.265, 7673.15, 7693.02099999999, 
7726.05499999999, 7772.715, 7927.90399999999, 7966.489, 7986.47899999999, 
6.20401, 6.13048, 5.06909, 5.35616, 8.47852, 13.34847, 7.19431, 
12.70089, 8.74643, 8.65145, 11.63597, -4.43482, -5.65714, -4.76264, 
-3.97566, -6.6141, -9.63573, -6.25694, -9.699, -8.18881, -6.88046, 
-9.93852, 0, 0, 0, 0, 0, 0, 0, 0, 0, 0, 0, 0, 0, 0, 0, 0, 0, 
0, 0, 0, 0, 0, 0.9209, 0.92384, 0.92594, 0.93198, 0.93973, 0.92448, 
0.92885, 0.92973, 0.9282, 0.93998, 0.92572, 0.90638, 0.91948, 
0.90027, 0.91673, 0.91816, 0.91425, 0.92582, 0.91502, 0.93106, 
0.91615, 0.91853, 0.0191, 0.0192, 0.0193, 0.0197, 0.0231, 0.0231, 
0.0228, 0.0246, 0.0238, 0.025, 0.0258, 76.8, 77.7, 87.3, 96.4, 
71.2, 62, 82.8, 67.7, 85.9, 80.9, 78.2, 752, 1975, 404, 336, 
1009, 47, 2479, 440, 867, 362, 1771, 5, 4, 3, 2, 1, 34, 1, 3, 
3, 3, 3, 100, 100, 100, 100, 100, 100, 100, 100, 100, 100, 100, 
2500, 2500, 2500, 2500, 2500, 2500, 2500, 2500, 2500, 2500, 2500, 
7210.543, 7698.694, 7779.909, 7809.49299999999, 7851.046, 7960.382, 
7986.12400000001, 8006.822, 8294.068, 8349.39599999998, 8394.19, 
1, 1, 1, 1, 1, 1, 1, 1, 1, 1, 1, 0.2, 0.2, 0.2, 0.2, 0.2, 0.2, 
0.2, 0.2, 0.2, 0.2, 0.2, 0, 0, 0, 0, 0, 0, 0, 0, 0, 0, 0, 0, 
0, 0, 0, 0, 0, 0, 0, 0, 0, 0, 0.84709, 0.85733, 0.86687, 0.87097, 
0.87194, 0.87832, 0.86991, 0.88004, 0.88426, 0.89062, 0.89345, 
0.84283, 0.85791, 0.86337, 0.87512, 0.86871, 0.88832, 0.87295, 
0.88902, 0.87577, 0.89021, 0.89089, 0.0204, 0.0232, 0.0237, 0.0286, 
0.0284, 0.0275, 0.033, 0.0326, 0.035, 0.0367, 0.0393, 138, 148.3, 
157.6, 166.8, 177.2, 184.7, 194, 201.7, 204.6, 212.5, 225.4, 
1, 1, 1, 1, 1, 1, 1, 1, 1, 1, 1, 1, 1, 1, 1, 1, 1, 1, 1, 1, 1, 
1, 1, 1, 1, 1, 1, 1, 1, 1, 1, 1, 1, 1, 1, 1, 1, 1, 1, 1, 1, 1, 
1, 1, 2.974, 3.118, 3.02, 3.116, 3.072, 3.033, 3.203, 3.182, 
3.274, 3.345, 3.317), .Dim = c(11L, 40L), .Dimnames = list(NULL, 
    c("Sampling", "PSO.cost", "PSO.gamma", "PSO.data.balancing", 
    "PSO.feature.selection", "PSO.valid.acc", "PSO.test.acc", 
    "PSO.train.time", "PSO.n.support.vectors", "PSO.index", "PSO.n.solutions", 
    "PSO.generations", "PSO.n.evaluations", "PSO.cpu.time", "RS.cost", 
    "RS.gamma", "RS.data.balancing", "RS.feature.selection", 
    "RS.valid.acc", "RS.test.acc", "RS.train.time", "RS.n.support.vectors", 
    "RS.index", "RS.n.solutions", "RS.generations", "RS.n.evaluations", 
    "RS.cpu.time", "DF.cost", "DF.gamma", "DF.data.balancing", 
    "DF.feature.selection", "DF.valid.acc", "DF.test.acc", "DF.train.time", 
    "DF.n.support.vectors", "DF.index", "DF.n.solutions", "DF.generations", 
    "DF.n.evaluations", "DF.cpu.time")))
