full <-
structure(c(50, 55, 60, 65, 70, 75, 80, 85, 90, 95, 100, 7.93374, 
13.98053, 3.78095, 11.48883, 13.2408, 7.99934, 6.03559, 14.03476, 
7.85468, 11.16892, 13.37645, -8.73906, -12.88699, -4.55301, -8.8937, 
-10.55658, -7.05797, -6.7404, -11.71198, -8.85751, -8.29041, 
-11.23818, 0, 0, 0, 0, 0, 0, 0, 0, 0, 0, 0, 0, 0, 0, 0, 0, 0, 
0, 0, 0, 0, 0, 0.92712, 0.90925, 0.91347, 0.90855, 0.91575, 0.92047, 
0.92864, 0.93847, 0.93647, 0.94059, 0.9279, 0.92736, 0.90056, 
0.89629, 0.9084, 0.90859, 0.8971, 0.90987, 0.93267, 0.92829, 
0.92992, 0.92028, 0.0161, 0.0171, 0.0188, 0.0188, 0.02, 0.0203, 
0.0224, 0.0226, 0.0243, 0.0253, 0.0264, 73.7, 60.3, 102.5, 61.6, 
60, 77.9, 100.1, 63.9, 104.8, 72.6, 75.4, 2448, 424, 184, 116, 
73, 199, 747, 159, 134, 335, 188, 1, 57, 120, 455, 187, 288, 
288, 387, 151, 124, 99, 100, 100, 100, 100, 100, 100, 100, 100, 
100, 100, 100, 2500, 2500, 2500, 2500, 2500, 2500, 2500, 2500, 
2500, 2500, 2500, 6791.855, 6885.502, 6949.994, 6977.254, 7089.883, 
7071.28199999999, 7203.613, 7216.59599999999, 7363.03700000001, 
7333.88600000001, 7389.31, 8.21264, 8.12928, 4.46141, 12.01464, 
14.08755, 7.79554, 5.4833, 14.937, 7.33084, 11.03912, 9.66465, 
-8.14001, -7.79298, -5.11795, -8.96392, -10.68006, -6.91073, 
-6.2326, -12.44295, -8.38344, -7.5684, -8.9658, 0, 0, 0, 0, 0, 
0, 0, 0, 0, 0, 0, 0, 0, 0, 0, 0, 0, 0, 0, 0, 0, 0, 0.92258, 0.90905, 
0.91764, 0.90855, 0.91575, 0.92047, 0.9257, 0.93847, 0.93647, 
0.94053, 0.9279, 0.9221, 0.90016, 0.89212, 0.91225, 0.90502, 
0.8971, 0.90692, 0.92679, 0.92558, 0.92715, 0.91296, 0.016, 0.0165, 
0.0188, 0.0193, 0.0206, 0.0198, 0.0225, 0.0232, 0.0238, 0.0261, 
0.0256, 67, 68.6, 96.6, 60.9, 58.1, 79.1, 103.9, 63.3, 107, 74.2, 
89.2, 140, 1246, 1460, 929, 109, 1780, 563, 560, 386, 1278, 120, 
9, 2, 1, 5, 4, 1, 1, 3, 8, 7, 1, 100, 100, 100, 100, 100, 100, 
100, 100, 100, 100, 100, 2500, 2500, 2500, 2500, 2500, 2500, 
2500, 2500, 2500, 2500, 2500, 6928.81, 6971.55, 7016.714, 7176.561, 
7288.07999999999, 7337.10500000001, 7381.617, 7564.86799999999, 
7665.20599999999, 7661.08599999998, 7646.22700000001, 1, 1, 1, 
1, 1, 1, 1, 1, 1, 1, 1, 0.2, 0.2, 0.2, 0.2, 0.2, 0.2, 0.2, 0.2, 
0.2, 0.2, 0.2, 0, 0, 0, 0, 0, 0, 0, 0, 0, 0, 0, 0, 0, 0, 0, 0, 
0, 0, 0, 0, 0, 0, 0.83217, 0.84202, 0.81843, 0.84729, 0.85732, 
0.87429, 0.88174, 0.87946, 0.87602, 0.87805, 0.87832, 0.84217, 
0.85111, 0.82676, 0.83989, 0.86102, 0.86416, 0.8692, 0.88266, 
0.88729, 0.89081, 0.87325, 0.0194, 0.0209, 0.0235, 0.0246, 0.0259, 
0.0286, 0.0295, 0.0326, 0.0347, 0.0363, 0.038, 133, 145.4, 155.3, 
165.3, 173.1, 181.3, 189.8, 198, 205.8, 213, 223.7, 1, 1, 1, 
1, 1, 1, 1, 1, 1, 1, 1, 1, 1, 1, 1, 1, 1, 1, 1, 1, 1, 1, 1, 1, 
1, 1, 1, 1, 1, 1, 1, 1, 1, 1, 1, 1, 1, 1, 1, 1, 1, 1, 1, 1, 2.816, 
2.752, 2.855, 2.828, 2.923, 2.951, 2.93, 3.015, 3.068, 3.017, 
2.943), .Dim = c(11L, 40L), .Dimnames = list(NULL, c("Sampling", 
"PSO.cost", "PSO.gamma", "PSO.data.balancing", "PSO.feature.selection", 
"PSO.valid.acc", "PSO.test.acc", "PSO.train.time", "PSO.n.support.vectors", 
"PSO.index", "PSO.n.solutions", "PSO.generations", "PSO.n.evaluations", 
"PSO.cpu.time", "RS.cost", "RS.gamma", "RS.data.balancing", "RS.feature.selection", 
"RS.valid.acc", "RS.test.acc", "RS.train.time", "RS.n.support.vectors", 
"RS.index", "RS.n.solutions", "RS.generations", "RS.n.evaluations", 
"RS.cpu.time", "DF.cost", "DF.gamma", "DF.data.balancing", "DF.feature.selection", 
"DF.valid.acc", "DF.test.acc", "DF.train.time", "DF.n.support.vectors", 
"DF.index", "DF.n.solutions", "DF.generations", "DF.n.evaluations", 
"DF.cpu.time")))
