full <-
structure(c(50, 55, 60, 65, 70, 75, 80, 85, 90, 95, 100, 6.27523, 
14.50812, 14.03819, 15, 14.7902, 7.36156, 8.4947, 5.89427, 11.48441, 
11.61245, 12.82856, -5.3805, -14.94961, -11.21386, -9.51083, 
-11.24078, -7.81046, -5.43557, -4.97879, -12.62994, -7.74277, 
-10.59825, 0, 0, 0, 0, 0, 0, 0, 0, 0, 0, 0, 0, 0, 0, 0, 0, 0, 
0, 0, 0, 0, 0, 0.94117, 0.93751, 0.93796, 0.92761, 0.92555, 0.93373, 
0.93254, 0.92435, 0.92566, 0.92647, 0.92568, 0.93186, 0.91558, 
0.93361, 0.92775, 0.92568, 0.92416, 0.92561, 0.90955, 0.91207, 
0.916, 0.92549, 0.0146, 0.0153, 0.0173, 0.022, 0.0224, 0.0199, 
0.0206, 0.0228, 0.023, 0.0296, 0.0295, 68.4, 68.7, 51.5, 53, 
53.5, 85.9, 77.4, 95.3, 107.6, 73.8, 75.6, 830, 44, 367, 1295, 
692, 1035, 635, 58, 195, 95, 1281, 44, 158, 416, 29, 167, 32, 
42, 54, 35, 165, 25, 100, 100, 100, 100, 100, 100, 100, 100, 
100, 100, 100, 2500, 2500, 2500, 2500, 2500, 2500, 2500, 2500, 
2500, 2500, 2500, 5911.666, 6304.574, 6328.516, 7531.821, 8889.134, 
6704.13500000001, 6553.28700000001, 6729.541, 6633.068, 9089.89299999998, 
8956.81299999999, 12.49234, 12.09294, 13.9073, 14.88544, 10.01572, 
7.46428, 7.36476, 11.79489, 10.64924, 12.3264, 12.78594, -12.10692, 
-9.98217, -11.08291, -11.17629, -8.84599, -7.21677, -5.5789, 
-11.72827, -11.80417, -8.0856, -10.53826, 0, 0, 0, 0, 0, 0, 0, 
0, 0, 0, 0, 0, 0, 0, 0, 0, 0, 0, 0, 0, 0, 0, 0.94064, 0.93316, 
0.93796, 0.92405, 0.92554, 0.9305, 0.93216, 0.92418, 0.92566, 
0.92647, 0.92568, 0.93088, 0.91103, 0.92944, 0.93516, 0.92196, 
0.92384, 0.92268, 0.91241, 0.90929, 0.916, 0.92549, 0.0142, 0.0158, 
0.0171, 0.0221, 0.0175, 0.0208, 0.0202, 0.0216, 0.0259, 0.0298, 
0.027, 58.7, 51.3, 51.8, 50.3, 64.2, 79, 80.9, 86.6, 107.7, 72.3, 
75.5, 80, 309, 724, 356, 785, 1886, 288, 1852, 1998, 1807, 1401, 
13, 3, 3, 8, 4, 1, 1, 2, 2, 1, 1, 100, 100, 100, 100, 100, 100, 
100, 100, 100, 100, 100, 2500, 2500, 2500, 2500, 2500, 2500, 
2500, 2500, 2500, 2500, 2500, 5490.661, 6451.027, 6631.184, 8844.895, 
7428.80299999999, 7122.386, 6702.63400000001, 6935.69100000001, 
8352.486, 9044.96600000001, 8488.29500000001, 1, 1, 1, 1, 1, 
1, 1, 1, 1, 1, 1, 0.2, 0.2, 0.2, 0.2, 0.2, 0.2, 0.2, 0.2, 0.2, 
0.2, 0.2, 0, 0, 0, 0, 0, 0, 0, 0, 0, 0, 0, 0, 0, 0, 0, 0, 0, 
0, 0, 0, 0, 0, 0.86535, 0.87048, 0.87109, 0.88217, 0.8754, 0.88078, 
0.88571, 0.88566, 0.87301, 0.88518, 0.88309, 0.85676, 0.85206, 
0.86726, 0.86677, 0.87898, 0.88101, 0.87604, 0.87432, 0.88405, 
0.88781, 0.8882, 0.0178, 0.019, 0.0213, 0.0258, 0.0255, 0.0275, 
0.0294, 0.0318, 0.0355, 0.0391, 0.0402, 128.5, 139.2, 145.9, 
155.6, 168.1, 177.8, 183.7, 197.9, 207.2, 213.7, 223.8, 1, 1, 
1, 1, 1, 1, 1, 1, 1, 1, 1, 1, 1, 1, 1, 1, 1, 1, 1, 1, 1, 1, 1, 
1, 1, 1, 1, 1, 1, 1, 1, 1, 1, 1, 1, 1, 1, 1, 1, 1, 1, 1, 1, 1, 
2.548, 2.571, 2.632, 3.599, 2.775, 2.727, 2.811, 2.787, 3.618, 
3.778, 3.692), .Dim = c(11L, 40L), .Dimnames = list(NULL, c("Sampling", 
"PSO.cost", "PSO.gamma", "PSO.data.balancing", "PSO.feature.selection", 
"PSO.valid.acc", "PSO.test.acc", "PSO.train.time", "PSO.n.support.vectors", 
"PSO.index", "PSO.n.solutions", "PSO.generations", "PSO.n.evaluations", 
"PSO.cpu.time", "RS.cost", "RS.gamma", "RS.data.balancing", "RS.feature.selection", 
"RS.valid.acc", "RS.test.acc", "RS.train.time", "RS.n.support.vectors", 
"RS.index", "RS.n.solutions", "RS.generations", "RS.n.evaluations", 
"RS.cpu.time", "DF.cost", "DF.gamma", "DF.data.balancing", "DF.feature.selection", 
"DF.valid.acc", "DF.test.acc", "DF.train.time", "DF.n.support.vectors", 
"DF.index", "DF.n.solutions", "DF.generations", "DF.n.evaluations", 
"DF.cpu.time")))
