full <-
structure(c(50, 55, 60, 65, 70, 75, 80, 85, 90, 95, 100, 11.02643, 
6.01895, 14.38887, 11.48196, 9.56099, 13.71105, 14.21135, 5.53373, 
15, 14.01709, 6.77726, -11.34674, -4.92493, -9.71718, -9.39022, 
-7.21261, -11.73718, -10.78545, -6.7232, -13.01259, -11.32938, 
-7.09044, 0, 0, 0, 0, 0, 0, 0, 0, 0, 0, 0, 0, 0, 0, 0, 0, 0, 
0, 0, 0, 0, 0, 0.91564, 0.91473, 0.89374, 0.90393, 0.91568, 0.92427, 
0.93494, 0.92389, 0.9282, 0.92927, 0.93284, 0.89085, 0.89218, 
0.87721, 0.89731, 0.90851, 0.9177, 0.91932, 0.91488, 0.91701, 
0.9053, 0.93059, 0.0152, 0.017, 0.0223, 0.019, 0.0199, 0.0217, 
0.0248, 0.0246, 0.0253, 0.025, 0.0253, 67.2, 76.7, 57.4, 63.6, 
69.7, 66.8, 61.5, 110.5, 71.6, 68.7, 106.9, 312, 1625, 627, 1290, 
238, 291, 93, 234, 216, 329, 276, 154, 1, 52, 23, 260, 134, 580, 
84, 488, 78, 396, 100, 100, 100, 100, 100, 100, 100, 100, 100, 
100, 100, 2500, 2500, 2500, 2500, 2500, 2500, 2500, 2500, 2500, 
2500, 2500, 6900.868, 7049.765, 7138.016, 7295.967, 7188.626, 
7121.749, 7373.67, 7473.37999999999, 7621.008, 7491.182, 7510.42199999999, 
11.48394, 5.77416, 10.77851, 11.63424, 10.61427, 13.61571, 14.15832, 
10.87607, 14.71234, 12.08295, 6.92647, -11.80259, -4.75694, -11.57111, 
-9.45596, -7.88562, -11.66019, -10.66826, -10.92517, -12.67516, 
-8.47904, -7.3457, 0, 0, 0, 0, 0, 0, 0, 0, 0, 0, 0, 0, 0, 0, 
0, 0, 0, 0, 0, 0, 0, 0, 0.91564, 0.90997, 0.89253, 0.90393, 0.91568, 
0.92427, 0.93494, 0.92389, 0.9282, 0.92684, 0.9304, 0.89085, 
0.88763, 0.88052, 0.89731, 0.90851, 0.9177, 0.91619, 0.90666, 
0.91701, 0.9161, 0.93303, 0.0159, 0.0172, 0.0178, 0.0203, 0.0209, 
0.0208, 0.0241, 0.0221, 0.025, 0.028, 0.0265, 67, 78.2, 84.4, 
63.1, 66.7, 66.9, 61.9, 87.7, 71.5, 73.8, 108.6, 594, 160, 115, 
1523, 22, 683, 2, 961, 1487, 1228, 502, 3, 1, 10, 1, 2, 2, 19, 
1, 1, 1, 4, 100, 100, 100, 100, 100, 100, 100, 100, 100, 100, 
100, 2500, 2500, 2500, 2500, 2500, 2500, 2500, 2500, 2500, 2500, 
2500, 7076.361, 7101.236, 7235.355, 7295.349, 7288.459, 7542.428, 
7619.02100000001, 7861.122, 7849.607, 7865.63999999998, 8027.35000000001, 
1, 1, 1, 1, 1, 1, 1, 1, 1, 1, 1, 0.2, 0.2, 0.2, 0.2, 0.2, 0.2, 
0.2, 0.2, 0.2, 0.2, 0.2, 0, 0, 0, 0, 0, 0, 0, 0, 0, 0, 0, 0, 
0, 0, 0, 0, 0, 0, 0, 0, 0, 0, 0.85154, 0.84234, 0.8363, 0.87426, 
0.85867, 0.85754, 0.87292, 0.87079, 0.87306, 0.89321, 0.89552, 
0.86154, 0.83386, 0.83595, 0.85572, 0.85534, 0.8513, 0.87273, 
0.85936, 0.86488, 0.88241, 0.88344, 0.0188, 0.0207, 0.0219, 0.0254, 
0.0266, 0.0279, 0.0307, 0.0313, 0.0339, 0.0372, 0.0409, 131.2, 
141.7, 154.6, 161.6, 172.6, 183.8, 191.1, 199.8, 207.3, 216.5, 
222.3, 1, 1, 1, 1, 1, 1, 1, 1, 1, 1, 1, 1, 1, 1, 1, 1, 1, 1, 
1, 1, 1, 1, 1, 1, 1, 1, 1, 1, 1, 1, 1, 1, 1, 1, 1, 1, 1, 1, 1, 
1, 1, 1, 1, 1, 2.806, 2.845, 2.753, 3.003, 2.835, 2.869, 3.003, 
2.989, 3.039, 3.181, 3.369), .Dim = c(11L, 40L), .Dimnames = list(
    NULL, c("Sampling", "PSO.cost", "PSO.gamma", "PSO.data.balancing", 
    "PSO.feature.selection", "PSO.valid.acc", "PSO.test.acc", 
    "PSO.train.time", "PSO.n.support.vectors", "PSO.index", "PSO.n.solutions", 
    "PSO.generations", "PSO.n.evaluations", "PSO.cpu.time", "RS.cost", 
    "RS.gamma", "RS.data.balancing", "RS.feature.selection", 
    "RS.valid.acc", "RS.test.acc", "RS.train.time", "RS.n.support.vectors", 
    "RS.index", "RS.n.solutions", "RS.generations", "RS.n.evaluations", 
    "RS.cpu.time", "DF.cost", "DF.gamma", "DF.data.balancing", 
    "DF.feature.selection", "DF.valid.acc", "DF.test.acc", "DF.train.time", 
    "DF.n.support.vectors", "DF.index", "DF.n.solutions", "DF.generations", 
    "DF.n.evaluations", "DF.cpu.time")))
