full <-
structure(c(50, 55, 60, 65, 70, 75, 80, 85, 90, 95, 100, 1.66147, 
2.02077, 9.56087, 5.32506, 3.20452, 9.56333, 3.33849, 2.59468, 
5.13985, 2.84389, 6.1603, -5.93444, -6.41654, -13.94785, -7.267, 
-6.69654, -15, -6.6368, -5.55996, -8.32538, -6.53898, -9.54333, 
0, 0, 0, 0, 0, 0, 0, 0, 0, 0, 0, 0, 0, 0, 0, 0, 0, 0, 0, 0, 0, 
0, 0.80566, 0.81405, 0.8046, 0.80745, 0.82167, 0.81337, 0.83056, 
0.83366, 0.84135, 0.83799, 0.8456, 0.79174, 0.79232, 0.79651, 
0.79567, 0.80627, 0.80154, 0.81891, 0.83058, 0.83222, 0.83473, 
0.83253, 2.1419, 2.479, 2.4938, 4.2374, 4.6897, 4.5046, 4.7719, 
5.5955, 4.9146, 5.4797, 5.7143, 636.1, 699.1, 747.7, 820.6, 882.4, 
928.5, 1002.9, 1066.6, 1114.8, 1185.8, 1221.3, 2156, 830, 458, 
249, 919, 889, 1561, 1519, 1678, 2455, 2429, 7, 86, 106, 174, 
27, 14, 9, 101, 6, 1, 1, 100, 100, 100, 100, 100, 100, 100, 100, 
100, 100, 100, 2500, 2500, 2500, 2500, 2500, 2500, 2500, 2500, 
2500, 2500, 2500, 64793.458, 73968.44, 88415.2329999999, 123384.895, 
139054.63, 130308.48, 137618.583, 161873.644, 154356.391, 152171.099, 
176271.309, 4.807, 2.10947, 8.19734, 13.36377, 3.50573, 1.84057, 
3.39286, 2.69653, 5.24547, 2.73677, 1.85733, -6.00925, -6.5145, 
-12.56573, -7.26045, -6.94297, -5.92428, -6.70947, -5.53374, 
-8.41361, -5.28257, -5.36576, 0, 0, 0, 0, 0, 0, 0, 0, 0, 0, 0, 
0, 0, 0, 0, 0, 0, 0, 0, 0, 0, 0, 0.80281, 0.81405, 0.8046, 0.80654, 
0.81982, 0.81327, 0.83052, 0.83214, 0.84135, 0.83721, 0.84808, 
0.78238, 0.79339, 0.79858, 0.79567, 0.80439, 0.79915, 0.81812, 
0.83058, 0.83362, 0.83279, 0.84135, 2.2601, 2.4446, 3.431, 4.291, 
4.3595, 4.5655, 4.8698, 5.6405, 4.826, 5.718, 6.2931, 635.8, 
699.2, 748.1, 820.5, 882.1, 945.2, 1002.9, 1066.8, 1114.9, 1190, 
1250.8, 1398, 744, 2226, 907, 1686, 1898, 1053, 1810, 1035, 507, 
94, 1, 1, 1, 6, 1, 1, 1, 1, 1, 1, 1, 100, 100, 100, 100, 100, 
100, 100, 100, 100, 100, 100, 2500, 2500, 2500, 2500, 2500, 2500, 
2500, 2500, 2500, 2500, 2500, 63718.197, 74825.48, 105238.506, 
131216.178, 132126.926, 133904.89, 147277.544, 152779.199, 146745.369, 
159776.663, 171447.774, 1, 1, 1, 1, 1, 1, 1, 1, 1, 1, 1, 0.01562, 
0.01562, 0.01562, 0.01562, 0.01562, 0.01562, 0.01562, 0.01562, 
0.01562, 0.01562, 0.01562, 0, 0, 0, 0, 0, 0, 0, 0, 0, 0, 0, 0, 
0, 0, 0, 0, 0, 0, 0, 0, 0, 0, 0.6891, 0.71036, 0.72906, 0.74582, 
0.7627, 0.76681, 0.77185, 0.7822, 0.80245, 0.80741, 0.81377, 
0.67871, 0.71659, 0.72731, 0.74393, 0.76021, 0.77175, 0.78432, 
0.79236, 0.79322, 0.81644, 0.82003, 2.2471, 2.5961, 3.7365, 4.6466, 
4.3217, 4.587, 5.1082, 5.6707, 5.1686, 5.6328, 5.9744, 637.8, 
700.6, 764.8, 826.7, 888.7, 949.2, 1011.3, 1073, 1134.9, 1198.3, 
1257.5, 1, 1, 1, 1, 1, 1, 1, 1, 1, 1, 1, 1, 1, 1, 1, 1, 1, 1, 
1, 1, 1, 1, 1, 1, 1, 1, 1, 1, 1, 1, 1, 1, 1, 1, 1, 1, 1, 1, 1, 
1, 1, 1, 1, 1, 26.511, 30.327, 44.074, 54.898, 50.267, 53.032, 
58.61, 64.036, 57.844, 63.054, 66.859), .Dim = c(11L, 40L), .Dimnames = list(
    NULL, c("Sampling", "PSO.cost", "PSO.gamma", "PSO.data.balancing", 
    "PSO.feature.selection", "PSO.valid.acc", "PSO.test.acc", 
    "PSO.train.time", "PSO.n.support.vectors", "PSO.index", "PSO.n.solutions", 
    "PSO.generations", "PSO.n.evaluations", "PSO.cpu.time", "RS.cost", 
    "RS.gamma", "RS.data.balancing", "RS.feature.selection", 
    "RS.valid.acc", "RS.test.acc", "RS.train.time", "RS.n.support.vectors", 
    "RS.index", "RS.n.solutions", "RS.generations", "RS.n.evaluations", 
    "RS.cpu.time", "DF.cost", "DF.gamma", "DF.data.balancing", 
    "DF.feature.selection", "DF.valid.acc", "DF.test.acc", "DF.train.time", 
    "DF.n.support.vectors", "DF.index", "DF.n.solutions", "DF.generations", 
    "DF.n.evaluations", "DF.cpu.time")))
