full <-
structure(c(50, 55, 60, 65, 70, 75, 80, 85, 90, 95, 100, 4.81584, 
3.59741, 2.23626, 2.80696, 4.82902, 6.33377, 2.67101, 3.16652, 
11.88698, 3.44624, 3.01004, -9.49161, -8.22597, -6.23825, -5.6926, 
-8.20136, -11.32646, -5.44604, -6.389, -5.6169, -7.41818, -6.22695, 
0, 0, 0, 0, 0, 0, 0, 0, 0, 0, 0, 0, 0, 0, 0, 0, 0, 0, 0, 0, 0, 
0, 0.77278, 0.78531, 0.81228, 0.819, 0.83202, 0.83088, 0.8408, 
0.84126, 0.83633, 0.8441, 0.85277, 0.77981, 0.7957, 0.80095, 
0.80243, 0.82498, 0.81766, 0.82449, 0.83678, 0.83969, 0.83194, 
0.84441, 2.0132, 2.0881, 2.4518, 3.0132, 3.0612, 2.9734, 3.9576, 
3.9153, 4.6352, 4.7456, 5.2999, 630.5, 692.2, 759.2, 821.9, 872.4, 
926.6, 1008, 1062.8, 1128.2, 1179.2, 1245.1, 2466, 1800, 777, 
2104, 1307, 1255, 1528, 466, 192, 1215, 1065, 1, 1, 291, 3, 77, 
20, 15, 676, 243, 16, 287, 100, 100, 100, 100, 100, 100, 100, 
100, 100, 100, 100, 2500, 2500, 2500, 2500, 2500, 2500, 2500, 
2500, 2500, 2500, 2500, 64662.753, 66955.034, 77469.748, 85863.238, 
86354.0730000001, 91980.1370000001, 109067.095, 116197.385, 139757.273, 
139967.66, 150227.321, 4.30095, 2.08648, 2.17783, 2.35503, 4.81012, 
8.63701, 1.83274, 2.76394, 12.13812, 4.5436, 2.467, -8.96697, 
-6.17409, -6.23454, -5.29572, -8.21029, -13.67587, -5.66798, 
-5.8841, -5.7201, -8.64105, -6.2409, 0, 0, 0, 0, 0, 0, 0, 0, 
0, 0, 0, 0, 0, 0, 0, 0, 0, 0, 0, 0, 0, 0, 0.77271, 0.78524, 0.81118, 
0.81885, 0.83202, 0.83013, 0.83939, 0.83757, 0.83632, 0.84212, 
0.85161, 0.77506, 0.78983, 0.79996, 0.80912, 0.82407, 0.81604, 
0.82066, 0.83602, 0.83969, 0.83259, 0.8444, 1.999, 2.6066, 2.5822, 
2.8672, 2.8569, 3.0836, 3.7521, 4.0345, 4.6743, 4.8232, 5.772, 
630.9, 698.4, 759.1, 823.2, 872.4, 925.8, 1006.2, 1065.4, 1127.6, 
1170.9, 1245.9, 635, 1876, 2433, 864, 183, 39, 1663, 1578, 157, 
2265, 1704, 1, 2, 1, 1, 1, 1, 1, 1, 1, 1, 1, 100, 100, 100, 100, 
100, 100, 100, 100, 100, 100, 100, 2500, 2500, 2500, 2500, 2500, 
2500, 2500, 2500, 2500, 2500, 2500, 64162.407, 70971.073, 77995.323, 
86771.592, 89398.714, 99887.439, 106159.524, 118944.854, 138728.898, 
149830.148, 166731.941, 1, 1, 1, 1, 1, 1, 1, 1, 1, 1, 1, 0.01562, 
0.01562, 0.01562, 0.01562, 0.01562, 0.01562, 0.01562, 0.01562, 
0.01562, 0.01562, 0.01562, 0, 0, 0, 0, 0, 0, 0, 0, 0, 0, 0, 0, 
0, 0, 0, 0, 0, 0, 0, 0, 0, 0, 0.66762, 0.71003, 0.73883, 0.75438, 
0.77409, 0.78586, 0.79188, 0.80295, 0.80016, 0.80569, 0.81995, 
0.66993, 0.70962, 0.73676, 0.74849, 0.77753, 0.7858, 0.78742, 
0.80145, 0.80968, 0.80602, 0.81762, 2.1905, 2.6675, 2.6492, 2.9876, 
3.2699, 3.5545, 3.6693, 4.2773, 4.6826, 5.2681, 6.0378, 637.6, 
700.7, 762.7, 825.7, 887.8, 948.1, 1011, 1072.3, 1134.1, 1195.6, 
1259.6, 1, 1, 1, 1, 1, 1, 1, 1, 1, 1, 1, 1, 1, 1, 1, 1, 1, 1, 
1, 1, 1, 1, 1, 1, 1, 1, 1, 1, 1, 1, 1, 1, 1, 1, 1, 1, 1, 1, 1, 
1, 1, 1, 1, 1, 26.233, 31.614, 31.298, 34.863, 37.848, 40.934, 
41.924, 48.489, 53.081, 59.707, 68.122), .Dim = c(11L, 40L), .Dimnames = list(
    NULL, c("Sampling", "PSO.cost", "PSO.gamma", "PSO.data.balancing", 
    "PSO.feature.selection", "PSO.valid.acc", "PSO.test.acc", 
    "PSO.train.time", "PSO.n.support.vectors", "PSO.index", "PSO.n.solutions", 
    "PSO.generations", "PSO.n.evaluations", "PSO.cpu.time", "RS.cost", 
    "RS.gamma", "RS.data.balancing", "RS.feature.selection", 
    "RS.valid.acc", "RS.test.acc", "RS.train.time", "RS.n.support.vectors", 
    "RS.index", "RS.n.solutions", "RS.generations", "RS.n.evaluations", 
    "RS.cpu.time", "DF.cost", "DF.gamma", "DF.data.balancing", 
    "DF.feature.selection", "DF.valid.acc", "DF.test.acc", "DF.train.time", 
    "DF.n.support.vectors", "DF.index", "DF.n.solutions", "DF.generations", 
    "DF.n.evaluations", "DF.cpu.time")))
