full <-
structure(c(50, 55, 60, 65, 70, 75, 80, 85, 90, 95, 100, 5.88178, 
1.9469, 1.85394, 1.66483, 4.62526, 1.49517, 1.96949, 2.2762, 
12.4303, 4.22554, 2.61497, -10.25489, -5.04672, -5.29136, -6.13695, 
-6.94046, -5.6781, -6.11403, -6.18448, -5.79637, -6.76465, -5.12215, 
0, 0, 0, 0, 0, 0, 0, 0, 0, 0, 0, 0, 0, 0, 0, 0, 0, 0, 0, 0, 0, 
0, 0.8063, 0.80349, 0.81687, 0.8363, 0.8324, 0.83133, 0.84689, 
0.85296, 0.85489, 0.84936, 0.84616, 0.79457, 0.78923, 0.80716, 
0.81545, 0.82689, 0.82682, 0.83741, 0.84056, 0.85002, 0.84818, 
0.83964, 2.1659, 3.3073, 2.7191, 3.3565, 3.4064, 4.9614, 3.8031, 
6.1132, 6, 6.6849, 7.0588, 630.9, 699, 758.9, 820.4, 881.9, 947.3, 
1004.4, 1063.6, 1128.5, 1181, 1253.9, 2352, 1259, 1600, 328, 
1270, 2252, 2420, 1223, 333, 1339, 1921, 2, 118, 35, 350, 15, 
1, 1, 171, 419, 35, 42, 100, 100, 100, 100, 100, 100, 100, 100, 
100, 100, 100, 2500, 2500, 2500, 2500, 2500, 2500, 2500, 2500, 
2500, 2500, 2500, 64565.016, 92220.023, 80643.936, 95193.6639999999, 
98945.522, 142933.775, 124450.108, 165628.597, 176128.315, 185160.816, 
197127.956, 6.75411, 1.50925, 1.98182, 1.89227, 4.57388, 1.34161, 
1.73394, 2.03813, 11.33626, 3.36185, 2.5887, -11.20437, -5.0435, 
-5.40019, -6.31342, -7.04921, -5.27998, -5.9867, -6.00234, -5.88316, 
-6.79917, -5.11692, 0, 0, 0, 0, 0, 0, 0, 0, 0, 0, 0, 0, 0, 0, 
0, 0, 0, 0, 0, 0, 0, 0, 0.80627, 0.80235, 0.81582, 0.83326, 0.83155, 
0.82803, 0.8453, 0.85152, 0.85488, 0.84621, 0.84553, 0.79575, 
0.78817, 0.80722, 0.81453, 0.8278, 0.82281, 0.83508, 0.84058, 
0.84934, 0.84738, 0.83967, 2.1758, 2.4691, 2.6306, 3.1018, 3.3181, 
4.8695, 4.2311, 5.9733, 6.6153, 7.1399, 6.8156, 629.7, 699.1, 
758.9, 820.9, 881.8, 948, 1004.8, 1064.7, 1127.7, 1181, 1253.8, 
1610, 1810, 323, 2108, 226, 476, 1122, 120, 284, 848, 2301, 1, 
1, 1, 1, 1, 1, 1, 1, 1, 1, 1, 100, 100, 100, 100, 100, 100, 100, 
100, 100, 100, 100, 2500, 2500, 2500, 2500, 2500, 2500, 2500, 
2500, 2500, 2500, 2500, 66634.57, 77702.665, 89460.622, 92074.1359999999, 
101118.755, 135371.31, 121729.969, 162633.304, 190754.08, 196570.427, 
193079.668, 1, 1, 1, 1, 1, 1, 1, 1, 1, 1, 1, 0.01562, 0.01562, 
0.01562, 0.01562, 0.01562, 0.01562, 0.01562, 0.01562, 0.01562, 
0.01562, 0.01562, 0, 0, 0, 0, 0, 0, 0, 0, 0, 0, 0, 0, 0, 0, 0, 
0, 0, 0, 0, 0, 0, 0, 0.70448, 0.7065, 0.73878, 0.74668, 0.76518, 
0.77584, 0.80563, 0.81425, 0.81395, 0.80821, 0.81302, 0.6921, 
0.70174, 0.74475, 0.74612, 0.75908, 0.77068, 0.81823, 0.80503, 
0.8087, 0.8103, 0.80915, 2.3529, 2.5463, 3.6747, 3.271, 4.5794, 
5.0105, 4.4537, 5.6377, 6.344, 6.0262, 7.0021, 637.3, 701.2, 
761.4, 824.3, 888.7, 951.1, 1010.1, 1070.2, 1135.5, 1197.8, 1257.5, 
1, 1, 1, 1, 1, 1, 1, 1, 1, 1, 1, 1, 1, 1, 1, 1, 1, 1, 1, 1, 1, 
1, 1, 1, 1, 1, 1, 1, 1, 1, 1, 1, 1, 1, 1, 1, 1, 1, 1, 1, 1, 1, 
1, 1, 27.879, 29.833, 43.607, 37.752, 52.909, 57.789, 50.641, 
63.868, 71.712, 67.7, 78.536), .Dim = c(11L, 40L), .Dimnames = list(
    NULL, c("Sampling", "PSO.cost", "PSO.gamma", "PSO.data.balancing", 
    "PSO.feature.selection", "PSO.valid.acc", "PSO.test.acc", 
    "PSO.train.time", "PSO.n.support.vectors", "PSO.index", "PSO.n.solutions", 
    "PSO.generations", "PSO.n.evaluations", "PSO.cpu.time", "RS.cost", 
    "RS.gamma", "RS.data.balancing", "RS.feature.selection", 
    "RS.valid.acc", "RS.test.acc", "RS.train.time", "RS.n.support.vectors", 
    "RS.index", "RS.n.solutions", "RS.generations", "RS.n.evaluations", 
    "RS.cpu.time", "DF.cost", "DF.gamma", "DF.data.balancing", 
    "DF.feature.selection", "DF.valid.acc", "DF.test.acc", "DF.train.time", 
    "DF.n.support.vectors", "DF.index", "DF.n.solutions", "DF.generations", 
    "DF.n.evaluations", "DF.cpu.time")))
