full <-
structure(c(50, 55, 60, 65, 70, 75, 80, 85, 90, 95, 100, 2.95067, 
5.62764, 9.27522, 2.01561, 2.71537, 2.44189, 1.1478, 2.22969, 
11.72605, 12.10709, 8.7831, -6.95625, -9.27166, -14.16513, -5.67804, 
-6.9545, -5.54216, -5.96612, -6.88823, -4.57981, -14.90027, -12.38175, 
0, 0, 0, 0, 0, 0, 0, 0, 0, 0, 0, 0, 0, 0, 0, 0, 0, 0, 0, 0, 0, 
0, 0.79723, 0.80021, 0.81684, 0.82432, 0.84466, 0.84607, 0.83756, 
0.83876, 0.83858, 0.83983, 0.84568, 0.7892, 0.79811, 0.80456, 
0.82133, 0.82849, 0.82843, 0.83643, 0.8283, 0.82903, 0.8251, 
0.84771, 2.0348, 2.3274, 2.584, 3.0995, 3.7034, 4.1595, 4.3241, 
5.6292, 5.27, 4.8754, 6.8036, 635.5, 694.7, 750.2, 822.8, 882.3, 
948.2, 1007.5, 1062.4, 1135.5, 1157.6, 1215.3, 1034, 2421, 415, 
935, 764, 715, 1555, 956, 172, 2476, 871, 25, 1, 44, 184, 38, 
574, 3, 33, 819, 1, 1, 100, 100, 100, 100, 100, 100, 100, 100, 
100, 100, 100, 2500, 2500, 2500, 2500, 2500, 2500, 2500, 2500, 
2500, 2500, 2500, 59930.023, 68555.097, 74694.929, 87821.058, 
104406.528, 116172.3, 121512.118, 153036.904, 147896.075, 139856.407, 
184774.554, 1.90963, 7.67103, 9.57864, 1.85483, 2.54151, 2.06373, 
2.45586, 2.70231, 2.94679, 10.19468, 9.74937, -6.07814, -9.28082, 
-14.4645, -5.96111, -6.87799, -5.60578, -7.34621, -7.22814, -6.52723, 
-13.01937, -13.33614, 0, 0, 0, 0, 0, 0, 0, 0, 0, 0, 0, 0, 0, 
0, 0, 0, 0, 0, 0, 0, 0, 0, 0.79396, 0.79778, 0.81583, 0.8215, 
0.84284, 0.84184, 0.8354, 0.83802, 0.84208, 0.83853, 0.84446, 
0.79186, 0.79563, 0.80554, 0.8233, 0.82851, 0.82585, 0.83572, 
0.83055, 0.83042, 0.82638, 0.84766, 2.0933, 2.3469, 2.484, 3.1849, 
3.6056, 3.9323, 3.9132, 5.6494, 5.1175, 4.9354, 6.7195, 637.8, 
694.6, 750.2, 822.4, 882.4, 948.1, 1002.6, 1059.9, 1124.3, 1158.5, 
1214.6, 1783, 61, 1796, 1907, 397, 2113, 71, 2081, 276, 801, 
531, 1, 28, 1, 1, 1, 2, 1, 1, 1, 1, 3, 100, 100, 100, 100, 100, 
100, 100, 100, 100, 100, 100, 2500, 2500, 2500, 2500, 2500, 2500, 
2500, 2500, 2500, 2500, 2500, 62068.418, 72009.295, 78512.953, 
88402.947, 102350.354, 111866.106, 130316.233, 160314.023, 145817.267, 
155529.635, 210552.683, 1, 1, 1, 1, 1, 1, 1, 1, 1, 1, 1, 0.01562, 
0.01562, 0.01562, 0.01562, 0.01562, 0.01562, 0.01562, 0.01562, 
0.01562, 0.01562, 0.01562, 0, 0, 0, 0, 0, 0, 0, 0, 0, 0, 0, 0, 
0, 0, 0, 0, 0, 0, 0, 0, 0, 0, 0.70463, 0.71759, 0.74619, 0.76085, 
0.78119, 0.79277, 0.80168, 0.80595, 0.80896, 0.81383, 0.81749, 
0.70361, 0.72902, 0.75547, 0.7735, 0.78376, 0.801, 0.79918, 0.7995, 
0.81313, 0.80587, 0.81743, 2.1171, 2.5685, 2.7677, 3.15, 3.5861, 
4.1068, 4.9189, 4.8391, 5.2597, 5.5633, 7.3753, 638.9, 701.7, 
764.2, 826.1, 888.9, 951.9, 1013.6, 1074.1, 1137.1, 1198, 1258.6, 
1, 1, 1, 1, 1, 1, 1, 1, 1, 1, 1, 1, 1, 1, 1, 1, 1, 1, 1, 1, 1, 
1, 1, 1, 1, 1, 1, 1, 1, 1, 1, 1, 1, 1, 1, 1, 1, 1, 1, 1, 1, 1, 
1, 1, 25.183, 30.04, 32.213, 36.454, 40.956, 46.733, 56.159, 
54.371, 58.979, 62.179, 83.021), .Dim = c(11L, 40L), .Dimnames = list(
    NULL, c("Sampling", "PSO.cost", "PSO.gamma", "PSO.data.balancing", 
    "PSO.feature.selection", "PSO.valid.acc", "PSO.test.acc", 
    "PSO.train.time", "PSO.n.support.vectors", "PSO.index", "PSO.n.solutions", 
    "PSO.generations", "PSO.n.evaluations", "PSO.cpu.time", "RS.cost", 
    "RS.gamma", "RS.data.balancing", "RS.feature.selection", 
    "RS.valid.acc", "RS.test.acc", "RS.train.time", "RS.n.support.vectors", 
    "RS.index", "RS.n.solutions", "RS.generations", "RS.n.evaluations", 
    "RS.cpu.time", "DF.cost", "DF.gamma", "DF.data.balancing", 
    "DF.feature.selection", "DF.valid.acc", "DF.test.acc", "DF.train.time", 
    "DF.n.support.vectors", "DF.index", "DF.n.solutions", "DF.generations", 
    "DF.n.evaluations", "DF.cpu.time")))
