full <-
structure(c(50, 55, 60, 65, 70, 75, 80, 85, 90, 95, 100, 13.80189, 
3.02328, 2.776, 2.97535, 3.44849, 3.53049, 4.45938, 1.95684, 
4.41225, 1.48443, 3.70478, -6.70358, -7.38096, -6.15728, -6.71515, 
-8.569, -6.41663, -8.50255, -6.37305, -6.23501, -6.36731, -7.33678, 
0, 0, 0, 0, 0, 0, 0, 0, 0, 0, 0, 0, 0, 0, 0, 0, 0, 0, 0, 0, 0, 
0, 0.79491, 0.81831, 0.82753, 0.82105, 0.82916, 0.82362, 0.82604, 
0.83472, 0.83944, 0.84749, 0.84809, 0.79776, 0.80846, 0.81472, 
0.81272, 0.82029, 0.82261, 0.82512, 0.83206, 0.82901, 0.83027, 
0.84283, 2.1738, 2.519, 2.8411, 3.0701, 2.9897, 3.8805, 3.6826, 
4.837, 4.6183, 5.6523, 5.5589, 631.1, 689, 755.5, 814.9, 869.6, 
941.9, 992.7, 1067.4, 1128.3, 1190.5, 1238.1, 75, 1890, 2052, 
1466, 988, 404, 178, 2363, 40, 1535, 1225, 1171, 1, 12, 63, 20, 
940, 269, 1, 1077, 37, 160, 100, 100, 100, 100, 100, 100, 100, 
100, 100, 100, 100, 2500, 2500, 2500, 2500, 2500, 2500, 2500, 
2500, 2500, 2500, 2500, 64682.757, 74812.044, 80704.221, 91787.149, 
89387.2439999999, 109350.132, 109916.373, 129131.888, 142626.931, 
153102.832, 161314.446, 8.01758, 1.81534, 3.28052, 2.66216, 2.65859, 
2.98644, 5.56186, 1.79871, 13.0853, 1.56388, 4.04506, -6.71884, 
-6.2185, -6.82325, -6.39791, -7.78249, -6.37405, -9.72601, -6.21661, 
-6.30924, -6.53325, -7.61028, 0, 0, 0, 0, 0, 0, 0, 0, 0, 0, 0, 
0, 0, 0, 0, 0, 0, 0, 0, 0, 0, 0, 0.79491, 0.816, 0.82546, 0.81994, 
0.82732, 0.82266, 0.82455, 0.8318, 0.83944, 0.84479, 0.84618, 
0.79776, 0.81316, 0.81257, 0.81277, 0.81934, 0.82091, 0.82897, 
0.83281, 0.82898, 0.82824, 0.84038, 2.1911, 2.5773, 2.5782, 2.9034, 
3.046, 3.7474, 3.6521, 4.8094, 5.115, 5.644, 5.6736, 631, 693.5, 
752.2, 816.3, 875.5, 942.1, 987.6, 1068, 1128.2, 1190.1, 1236, 
774, 447, 1811, 2261, 1793, 1006, 2378, 1548, 62, 1058, 1218, 
8, 1, 1, 1, 1, 1, 1, 1, 17, 1, 1, 100, 100, 100, 100, 100, 100, 
100, 100, 100, 100, 100, 2500, 2500, 2500, 2500, 2500, 2500, 
2500, 2500, 2500, 2500, 2500, 64095.472, 73493.281, 79529.364, 
88696.336, 91636.38, 111481.542, 116377.255, 132443.497, 146990.484, 
164137.469, 174793.787, 1, 1, 1, 1, 1, 1, 1, 1, 1, 1, 1, 0.01562, 
0.01562, 0.01562, 0.01562, 0.01562, 0.01562, 0.01562, 0.01562, 
0.01562, 0.01562, 0.01562, 0, 0, 0, 0, 0, 0, 0, 0, 0, 0, 0, 0, 
0, 0, 0, 0, 0, 0, 0, 0, 0, 0, 0.69039, 0.7291, 0.76016, 0.76806, 
0.78296, 0.77258, 0.80419, 0.80315, 0.80729, 0.81435, 0.81729, 
0.69043, 0.73056, 0.76905, 0.76644, 0.77664, 0.77563, 0.79757, 
0.80357, 0.80745, 0.82569, 0.82704, 2.1192, 2.4939, 2.812, 3.086, 
3.2481, 3.9934, 3.9522, 4.3293, 4.981, 5.7563, 6.1007, 636.7, 
698.3, 762, 824.4, 887.4, 950.7, 1014.1, 1076.4, 1136.8, 1198.4, 
1258.5, 1, 1, 1, 1, 1, 1, 1, 1, 1, 1, 1, 1, 1, 1, 1, 1, 1, 1, 
1, 1, 1, 1, 1, 1, 1, 1, 1, 1, 1, 1, 1, 1, 1, 1, 1, 1, 1, 1, 1, 
1, 1, 1, 1, 1, 25.182, 29.226, 32.854, 35.531, 37.391, 45.436, 
44.818, 48.843, 55.87, 64.311, 68.487), .Dim = c(11L, 40L), .Dimnames = list(
    NULL, c("Sampling", "PSO.cost", "PSO.gamma", "PSO.data.balancing", 
    "PSO.feature.selection", "PSO.valid.acc", "PSO.test.acc", 
    "PSO.train.time", "PSO.n.support.vectors", "PSO.index", "PSO.n.solutions", 
    "PSO.generations", "PSO.n.evaluations", "PSO.cpu.time", "RS.cost", 
    "RS.gamma", "RS.data.balancing", "RS.feature.selection", 
    "RS.valid.acc", "RS.test.acc", "RS.train.time", "RS.n.support.vectors", 
    "RS.index", "RS.n.solutions", "RS.generations", "RS.n.evaluations", 
    "RS.cpu.time", "DF.cost", "DF.gamma", "DF.data.balancing", 
    "DF.feature.selection", "DF.valid.acc", "DF.test.acc", "DF.train.time", 
    "DF.n.support.vectors", "DF.index", "DF.n.solutions", "DF.generations", 
    "DF.n.evaluations", "DF.cpu.time")))
