full <-
structure(c(50, 55, 60, 65, 70, 75, 80, 85, 90, 95, 100, 3.44558, 
4.44701, 2.306, 2.68739, 4.56744, 9.86874, 2.5022, 1.99633, 5.59125, 
2.23894, 3.67741, -6.78479, -7.10903, -6.68541, -6.26928, -8.47434, 
-15, -6.24947, -6.56183, -10.86711, -5.01649, -6.79164, 0, 0, 
0, 0, 0, 0, 0, 0, 0, 0, 0, 0, 0, 0, 0, 0, 0, 0, 0, 0, 0, 0, 0.80316, 
0.81254, 0.81147, 0.82508, 0.83624, 0.83949, 0.83924, 0.84883, 
0.84417, 0.84559, 0.85786, 0.79677, 0.81957, 0.80626, 0.81541, 
0.82826, 0.83352, 0.83741, 0.83405, 0.8272, 0.84411, 0.8512, 
2.4848, 2.856, 2.8616, 3.688, 3.7885, 3.9917, 4.9737, 5.5684, 
5.0781, 6.2556, 6.5722, 632.5, 692.8, 757.6, 820.5, 872.6, 924.9, 
1003.6, 1065.2, 1107.2, 1193.9, 1243.3, 1142, 899, 1357, 1039, 
2181, 598, 1902, 930, 1870, 1917, 210, 17, 54, 6, 63, 5, 57, 
11, 58, 6, 24, 363, 100, 100, 100, 100, 100, 100, 100, 100, 100, 
100, 100, 2500, 2500, 2500, 2500, 2500, 2500, 2500, 2500, 2500, 
2500, 2500, 69154.394, 82713.228, 83825.647, 105253.909, 111666.918, 
112830.323, 134181.198, 153510.171, 154992.453, 167989.983, 189087.842, 
6.33292, 7.73649, 4.23326, 2.60023, 2.07392, 5.04595, 2.56415, 
1.35757, 9.122, 5.3207, 4.38686, -8.49995, -11.30388, -8.73965, 
-6.16696, -6.51566, -10.14614, -6.24264, -5.67603, -14.41296, 
-8.91241, -7.46498, 0, 0, 0, 0, 0, 0, 0, 0, 0, 0, 0, 0, 0, 0, 
0, 0, 0, 0, 0, 0, 0, 0, 0.80172, 0.8125, 0.80958, 0.82414, 0.83609, 
0.83866, 0.83693, 0.84659, 0.84342, 0.8442, 0.85667, 0.804, 0.81355, 
0.80199, 0.81345, 0.82456, 0.83435, 0.83972, 0.83635, 0.82792, 
0.83961, 0.85118, 2.0222, 2.566, 2.9401, 3.6762, 3.9349, 3.6716, 
4.4312, 5.403, 4.7625, 5.7183, 6.5184, 626.6, 683.9, 748.6, 820.4, 
883.3, 927.4, 1003.6, 1066.8, 1105, 1168.1, 1238.3, 440, 1357, 
1884, 1822, 5, 881, 1395, 2381, 1760, 967, 1031, 6, 1, 1, 1, 
1, 1, 1, 1, 1, 1, 2, 100, 100, 100, 100, 100, 100, 100, 100, 
100, 100, 100, 2500, 2500, 2500, 2500, 2500, 2500, 2500, 2500, 
2500, 2500, 2500, 66491.163, 80795.759, 88179.5, 103777.511, 
118437.897, 115490.402, 128721.37, 153948.733, 156468.462, 179193.029, 
189525.065, 1, 1, 1, 1, 1, 1, 1, 1, 1, 1, 1, 0.01562, 0.01562, 
0.01562, 0.01562, 0.01562, 0.01562, 0.01562, 0.01562, 0.01562, 
0.01562, 0.01562, 0, 0, 0, 0, 0, 0, 0, 0, 0, 0, 0, 0, 0, 0, 0, 
0, 0, 0, 0, 0, 0, 0, 0.68546, 0.71906, 0.74779, 0.7624, 0.78445, 
0.79505, 0.79838, 0.80086, 0.80927, 0.80933, 0.81584, 0.67266, 
0.71234, 0.73723, 0.766, 0.77643, 0.79043, 0.79137, 0.79504, 
0.81127, 0.81449, 0.82169, 2.2632, 2.6264, 2.9914, 3.5712, 3.9671, 
4.3098, 4.695, 5.4656, 5.4254, 6.2193, 6.3841, 636.3, 698.9, 
761.8, 824.4, 888, 949.8, 1010.8, 1073.2, 1135.4, 1197.1, 1259.1, 
1, 1, 1, 1, 1, 1, 1, 1, 1, 1, 1, 1, 1, 1, 1, 1, 1, 1, 1, 1, 1, 
1, 1, 1, 1, 1, 1, 1, 1, 1, 1, 1, 1, 1, 1, 1, 1, 1, 1, 1, 1, 1, 
1, 1, 27.721, 30.793, 34.725, 40.954, 45.201, 49.467, 53.364, 
61.641, 60.94, 69.869, 71.553), .Dim = c(11L, 40L), .Dimnames = list(
    NULL, c("Sampling", "PSO.cost", "PSO.gamma", "PSO.data.balancing", 
    "PSO.feature.selection", "PSO.valid.acc", "PSO.test.acc", 
    "PSO.train.time", "PSO.n.support.vectors", "PSO.index", "PSO.n.solutions", 
    "PSO.generations", "PSO.n.evaluations", "PSO.cpu.time", "RS.cost", 
    "RS.gamma", "RS.data.balancing", "RS.feature.selection", 
    "RS.valid.acc", "RS.test.acc", "RS.train.time", "RS.n.support.vectors", 
    "RS.index", "RS.n.solutions", "RS.generations", "RS.n.evaluations", 
    "RS.cpu.time", "DF.cost", "DF.gamma", "DF.data.balancing", 
    "DF.feature.selection", "DF.valid.acc", "DF.test.acc", "DF.train.time", 
    "DF.n.support.vectors", "DF.index", "DF.n.solutions", "DF.generations", 
    "DF.n.evaluations", "DF.cpu.time")))
