full <-
structure(c(50, 55, 60, 65, 70, 75, 80, 85, 90, 95, 100, 2.91564, 
2.31331, 9.91564, 2.38269, 2.61989, 1.71058, 2.60422, 2.48203, 
3.63083, 2.76952, 3.60206, -5.49103, -5.00416, -12.21492, -6.82107, 
-5.10631, -6.36862, -4.85604, -5.70837, -7.29791, -6.05004, -6.20676, 
0, 0, 0, 0, 0, 0, 0, 0, 0, 0, 0, 0, 0, 0, 0, 0, 0, 0, 0, 0, 0, 
0, 0.80974, 0.79854, 0.81313, 0.81467, 0.82545, 0.81485, 0.82302, 
0.83585, 0.83424, 0.84435, 0.8515, 0.81508, 0.79808, 0.81103, 
0.81935, 0.80929, 0.81121, 0.8234, 0.82558, 0.83083, 0.83743, 
0.84203, 2.3201, 2.5141, 2.5757, 3.0267, 3.621, 3.9011, 4.3979, 
4.8271, 5.0274, 5.5215, 6.4626, 636.3, 700.9, 742.9, 820.6, 889.8, 
945.7, 1013.7, 1068.8, 1119.1, 1189.5, 1246.3, 943, 1008, 217, 
1764, 1291, 1927, 2303, 1277, 2422, 1515, 1089, 218, 245, 532, 
16, 46, 15, 1, 122, 1, 115, 261, 100, 100, 100, 100, 100, 100, 
100, 100, 100, 100, 100, 2500, 2500, 2500, 2500, 2500, 2500, 
2500, 2500, 2500, 2500, 2500, 66689.398, 74492.907, 77454.165, 
90154.6090000001, 101316.45, 105225.751, 123510.874, 139323.534, 
140472.089, 157080.972, 175850.77, 2.87613, 2.76283, 2.11669, 
4.16027, 7.89583, 1.80366, 12.48671, 2.49017, 3.60314, 2.68762, 
3.76665, -5.45833, -4.98962, -5.39036, -7.82062, -5.10482, -6.42868, 
-4.73952, -5.66762, -7.29175, -6.06906, -6.22512, 0, 0, 0, 0, 
0, 0, 0, 0, 0, 0, 0, 0, 0, 0, 0, 0, 0, 0, 0, 0, 0, 0, 0.80974, 
0.79636, 0.81731, 0.81358, 0.82365, 0.81322, 0.82296, 0.83358, 
0.83424, 0.84369, 0.85024, 0.81378, 0.80046, 0.80477, 0.80964, 
0.81021, 0.81208, 0.82191, 0.82331, 0.82942, 0.83815, 0.8433, 
2.1743, 2.5183, 2.6325, 3.0241, 3.6587, 3.8538, 4.2085, 4.987, 
5.1777, 5.7974, 6.2767, 636.3, 700.8, 761.5, 815, 889.9, 945.6, 
1015.5, 1068.8, 1119.2, 1189.6, 1246.2, 905, 152, 2238, 1480, 
2156, 2241, 1316, 40, 1459, 897, 692, 1, 2, 1, 1, 1, 1, 4, 1, 
1, 1, 1, 100, 100, 100, 100, 100, 100, 100, 100, 100, 100, 100, 
2500, 2500, 2500, 2500, 2500, 2500, 2500, 2500, 2500, 2500, 2500, 
63373.207, 71654.112, 81680.435, 92653.374, 98424.032, 108495.989, 
119697.169, 137952.286, 148490.452, 163754.619, 175516.651, 1, 
1, 1, 1, 1, 1, 1, 1, 1, 1, 1, 0.01562, 0.01562, 0.01562, 0.01562, 
0.01562, 0.01562, 0.01562, 0.01562, 0.01562, 0.01562, 0.01562, 
0, 0, 0, 0, 0, 0, 0, 0, 0, 0, 0, 0, 0, 0, 0, 0, 0, 0, 0, 0, 0, 
0, 0.70847, 0.70066, 0.73121, 0.74728, 0.76298, 0.75762, 0.78584, 
0.79528, 0.7981, 0.81745, 0.8203, 0.70151, 0.71446, 0.74043, 
0.74144, 0.75057, 0.76406, 0.7884, 0.79222, 0.80645, 0.80795, 
0.80582, 2.2396, 2.5016, 2.7601, 3.1467, 3.4713, 3.9242, 4.3395, 
4.9878, 5.2122, 6.0116, 5.8962, 637.1, 700.5, 764.1, 827.6, 890.6, 
950.5, 1014.2, 1076.1, 1136.5, 1199.5, 1258.6, 1, 1, 1, 1, 1, 
1, 1, 1, 1, 1, 1, 1, 1, 1, 1, 1, 1, 1, 1, 1, 1, 1, 1, 1, 1, 1, 
1, 1, 1, 1, 1, 1, 1, 1, 1, 1, 1, 1, 1, 1, 1, 1, 1, 1, 26.621, 
29.429, 32.283, 36.369, 39.695, 44.606, 49.237, 56.139, 58.805, 
67.352, 65.899), .Dim = c(11L, 40L), .Dimnames = list(NULL, c("Sampling", 
"PSO.cost", "PSO.gamma", "PSO.data.balancing", "PSO.feature.selection", 
"PSO.valid.acc", "PSO.test.acc", "PSO.train.time", "PSO.n.support.vectors", 
"PSO.index", "PSO.n.solutions", "PSO.generations", "PSO.n.evaluations", 
"PSO.cpu.time", "RS.cost", "RS.gamma", "RS.data.balancing", "RS.feature.selection", 
"RS.valid.acc", "RS.test.acc", "RS.train.time", "RS.n.support.vectors", 
"RS.index", "RS.n.solutions", "RS.generations", "RS.n.evaluations", 
"RS.cpu.time", "DF.cost", "DF.gamma", "DF.data.balancing", "DF.feature.selection", 
"DF.valid.acc", "DF.test.acc", "DF.train.time", "DF.n.support.vectors", 
"DF.index", "DF.n.solutions", "DF.generations", "DF.n.evaluations", 
"DF.cpu.time")))
