full <-
structure(c(50, 55, 60, 65, 70, 75, 80, 85, 90, 95, 100, 3.04936, 
3.21087, 6.33144, 4.34504, 5.67917, 1.56844, 7.46679, 2.75188, 
4.5545, 4.98443, 3.06744, -7.22785, -8.01798, -11.19171, -7.4506, 
-8.85162, -5.62855, -11.90257, -6.47949, -8.22698, -8.2198, -6.34008, 
0, 0, 0, 0, 0, 0, 0, 0, 0, 0, 0, 0, 0, 0, 0, 0, 0, 0, 0, 0, 0, 
0, 0.78875, 0.78886, 0.8055, 0.80377, 0.81261, 0.81601, 0.81181, 
0.83334, 0.84726, 0.84399, 0.84026, 0.77248, 0.77518, 0.78352, 
0.80367, 0.78619, 0.80733, 0.81292, 0.82741, 0.83242, 0.82972, 
0.83513, 2.0987, 2.228, 2.4612, 3.0017, 3.1373, 4.8145, 4.465, 
5.6886, 4.7315, 5.0879, 6.0538, 636.8, 699.5, 753.8, 825.2, 877.8, 
953.1, 991.3, 1070.5, 1118.8, 1173.5, 1243.9, 478, 1635, 1588, 
827, 455, 988, 895, 2179, 808, 1474, 2434, 118, 2, 24, 357, 44, 
252, 3, 4, 334, 2, 3, 100, 100, 100, 100, 100, 100, 100, 100, 
100, 100, 100, 2500, 2500, 2500, 2500, 2500, 2500, 2500, 2500, 
2500, 2500, 2500, 61916.297, 64741.594, 90618.955, 91243.341, 
93330.8690000001, 135381.133, 130565.387, 161413.347, 133866.016, 
143290.051, 163420.404, 3.03268, 3.63768, 6.29152, 4.40808, 5.33949, 
1.82021, 8.38815, 3.20348, 4.61358, 5.37495, 6.46376, -7.49564, 
-8.49458, -11.06459, -7.44102, -8.53114, -5.96135, -12.81535, 
-5.06688, -8.30233, -8.63571, -9.57614, 0, 0, 0, 0, 0, 0, 0, 
0, 0, 0, 0, 0, 0, 0, 0, 0, 0, 0, 0, 0, 0, 0, 0.78619, 0.78758, 
0.80349, 0.80285, 0.81082, 0.81346, 0.81178, 0.83184, 0.84656, 
0.84398, 0.83912, 0.7735, 0.77625, 0.78152, 0.80367, 0.78706, 
0.80411, 0.81535, 0.82224, 0.83105, 0.83104, 0.83701, 1.9618, 
2.2537, 3.1496, 3.0914, 4.1306, 4.3499, 4.4642, 5.9357, 4.9473, 
4.9184, 5.4678, 636.7, 697.5, 753.9, 825.2, 879.6, 952.4, 990.9, 
1075.4, 1118.7, 1169.9, 1221.8, 47, 370, 370, 120, 1778, 2304, 
329, 47, 861, 2081, 1381, 1, 1, 1, 1, 1, 1, 1, 4, 2, 1, 2, 100, 
100, 100, 100, 100, 100, 100, 100, 100, 100, 100, 2500, 2500, 
2500, 2500, 2500, 2500, 2500, 2500, 2500, 2500, 2500, 59102.156, 
67136.14, 95730.925, 87891.981, 120495.885, 126378.995, 137061.486, 
152624.012, 148140.438, 152757.069, 169011.137, 1, 1, 1, 1, 1, 
1, 1, 1, 1, 1, 1, 0.01562, 0.01562, 0.01562, 0.01562, 0.01562, 
0.01562, 0.01562, 0.01562, 0.01562, 0.01562, 0.01562, 0, 0, 0, 
0, 0, 0, 0, 0, 0, 0, 0, 0, 0, 0, 0, 0, 0, 0, 0, 0, 0, 0, 0.67815, 
0.70116, 0.70914, 0.74015, 0.74938, 0.77099, 0.7869, 0.79778, 
0.79997, 0.8139, 0.81641, 0.67847, 0.70114, 0.72328, 0.7402, 
0.75812, 0.76447, 0.77674, 0.78534, 0.79831, 0.81383, 0.81929, 
2.0253, 2.3894, 3.2092, 3.1364, 4.4267, 4.5472, 4.8421, 4.7387, 
5.3416, 5.2947, 5.5396, 639.6, 703.6, 766.9, 830.6, 894.3, 957.9, 
1019.2, 1080.4, 1142.7, 1200.4, 1258.5, 1, 1, 1, 1, 1, 1, 1, 
1, 1, 1, 1, 1, 1, 1, 1, 1, 1, 1, 1, 1, 1, 1, 1, 1, 1, 1, 1, 1, 
1, 1, 1, 1, 1, 1, 1, 1, 1, 1, 1, 1, 1, 1, 1, 1, 23.982, 27.95, 
37.72, 36.228, 51.372, 52.284, 55.32, 53.205, 60.014, 59.473, 
61.956), .Dim = c(11L, 40L), .Dimnames = list(NULL, c("Sampling", 
"PSO.cost", "PSO.gamma", "PSO.data.balancing", "PSO.feature.selection", 
"PSO.valid.acc", "PSO.test.acc", "PSO.train.time", "PSO.n.support.vectors", 
"PSO.index", "PSO.n.solutions", "PSO.generations", "PSO.n.evaluations", 
"PSO.cpu.time", "RS.cost", "RS.gamma", "RS.data.balancing", "RS.feature.selection", 
"RS.valid.acc", "RS.test.acc", "RS.train.time", "RS.n.support.vectors", 
"RS.index", "RS.n.solutions", "RS.generations", "RS.n.evaluations", 
"RS.cpu.time", "DF.cost", "DF.gamma", "DF.data.balancing", "DF.feature.selection", 
"DF.valid.acc", "DF.test.acc", "DF.train.time", "DF.n.support.vectors", 
"DF.index", "DF.n.solutions", "DF.generations", "DF.n.evaluations", 
"DF.cpu.time")))
