full <-
structure(c(50, 55, 60, 65, 70, 75, 80, 85, 90, 95, 100, 4.73404, 
10.05904, 6.95791, 9.80446, 2.80562, 4.45462, 6.70759, 1.79921, 
8.81675, 3.329, 1.45093, -8.88867, -15, -10.63163, -6.03317, 
-6.48926, -8.26182, -8.11465, -6.17393, -13.64769, -6.12629, 
-6.19413, 0, 0, 0, 0, 0, 0, 0, 0, 0, 0, 0, 0, 0, 0, 0, 0, 0, 
0, 0, 0, 0, 0, 0.7916, 0.79854, 0.83127, 0.84695, 0.83981, 0.83511, 
0.84429, 0.84691, 0.8469, 0.84815, 0.85084, 0.79191, 0.78713, 
0.82268, 0.82593, 0.82346, 0.82659, 0.84209, 0.83828, 0.84266, 
0.83988, 0.84169, 2.0629, 2.3637, 2.8097, 3.3539, 3.5798, 3.827, 
3.7941, 4.2691, 4.876, 5.5492, 6.0542, 632.7, 688.6, 747.8, 821.5, 
882.1, 936.2, 997.3, 1066.3, 1099.2, 1187.1, 1248.2, 1447, 460, 
1329, 201, 687, 950, 76, 1334, 488, 1552, 876, 10, 21, 2, 976, 
342, 79, 1219, 95, 12, 79, 99, 100, 100, 100, 100, 100, 100, 
100, 100, 100, 100, 100, 2500, 2500, 2500, 2500, 2500, 2500, 
2500, 2500, 2500, 2500, 2500, 61068.218, 73676.693, 83149.065, 
99866.053, 104281.952, 112277.145, 109840.925, 119440.072, 143351.805, 
166217.862, 180894.514, 5.37795, 7.66336, 1.90108, 6.29124, 3.03631, 
4.27768, 11.18175, 1.83868, 1.34659, 3.28308, 6.84761, -9.72241, 
-12.58915, -5.83762, -6.02109, -6.41556, -8.06516, -8.32852, 
-6.20163, -5.63982, -6.06417, -10.8751, 0, 0, 0, 0, 0, 0, 0, 
0, 0, 0, 0, 0, 0, 0, 0, 0, 0, 0, 0, 0, 0, 0, 0.79019, 0.79744, 
0.83432, 0.84695, 0.83884, 0.83428, 0.84429, 0.84691, 0.84819, 
0.84549, 0.84998, 0.79059, 0.78831, 0.82581, 0.82593, 0.82072, 
0.82659, 0.84204, 0.83828, 0.84136, 0.83988, 0.84753, 2.0941, 
2.5527, 3.1265, 3.1847, 3.7437, 3.5376, 3.7055, 4.5093, 5.4515, 
5.6164, 6.0735, 630.3, 688.8, 758.7, 821.4, 882.4, 937.7, 996.6, 
1066.2, 1128.5, 1187.3, 1216, 490, 2279, 574, 350, 2172, 1237, 
60, 985, 222, 422, 748, 1, 2, 1, 3, 1, 1, 33, 1, 1, 1, 1, 100, 
100, 100, 100, 100, 100, 100, 100, 100, 100, 100, 2500, 2500, 
2500, 2500, 2500, 2500, 2500, 2500, 2500, 2500, 2500, 63520.983, 
80736.028, 88441.541, 91941.202, 109303.817, 107375.467, 119112.355, 
133028.441, 151867.896, 169843.321, 186918.89, 1, 1, 1, 1, 1, 
1, 1, 1, 1, 1, 1, 0.01562, 0.01562, 0.01562, 0.01562, 0.01562, 
0.01562, 0.01562, 0.01562, 0.01562, 0.01562, 0.01562, 0, 0, 0, 
0, 0, 0, 0, 0, 0, 0, 0, 0, 0, 0, 0, 0, 0, 0, 0, 0, 0, 0, 0.68762, 
0.71018, 0.74833, 0.7678, 0.76981, 0.78067, 0.80893, 0.81004, 
0.81368, 0.81289, 0.82302, 0.6825, 0.70471, 0.74932, 0.75797, 
0.77224, 0.7826, 0.80473, 0.81263, 0.81435, 0.81204, 0.81866, 
2.1363, 2.6563, 3.1245, 3.3004, 3.9448, 3.8473, 3.9252, 4.9167, 
5.5191, 5.9838, 6.7212, 638.5, 701.6, 763.4, 825.5, 887.7, 949.4, 
1011.3, 1074.7, 1136.7, 1197.1, 1258.9, 1, 1, 1, 1, 1, 1, 1, 
1, 1, 1, 1, 1, 1, 1, 1, 1, 1, 1, 1, 1, 1, 1, 1, 1, 1, 1, 1, 1, 
1, 1, 1, 1, 1, 1, 1, 1, 1, 1, 1, 1, 1, 1, 1, 1, 25.155, 30.989, 
36.281, 38.03, 45.185, 43.854, 44.374, 55.273, 62.149, 67.11, 
75.239), .Dim = c(11L, 40L), .Dimnames = list(NULL, c("Sampling", 
"PSO.cost", "PSO.gamma", "PSO.data.balancing", "PSO.feature.selection", 
"PSO.valid.acc", "PSO.test.acc", "PSO.train.time", "PSO.n.support.vectors", 
"PSO.index", "PSO.n.solutions", "PSO.generations", "PSO.n.evaluations", 
"PSO.cpu.time", "RS.cost", "RS.gamma", "RS.data.balancing", "RS.feature.selection", 
"RS.valid.acc", "RS.test.acc", "RS.train.time", "RS.n.support.vectors", 
"RS.index", "RS.n.solutions", "RS.generations", "RS.n.evaluations", 
"RS.cpu.time", "DF.cost", "DF.gamma", "DF.data.balancing", "DF.feature.selection", 
"DF.valid.acc", "DF.test.acc", "DF.train.time", "DF.n.support.vectors", 
"DF.index", "DF.n.solutions", "DF.generations", "DF.n.evaluations", 
"DF.cpu.time")))
