full <-
structure(c(50, 55, 60, 65, 70, 75, 80, 85, 90, 95, 100, 6.02476, 
3.78684, 1.59874, 1.72896, 2.92297, 5.18966, 1.66479, 2.73901, 
2.50279, 3.12782, 2.89991, -10.49226, -8.54447, -5.90664, -6.07038, 
-6.76645, -8.66346, -5.38059, -6.26364, -6.38036, -6.02292, -6.27034, 
0, 0, 0, 0, 0, 0, 0, 0, 0, 0, 0, 0, 0, 0, 0, 0, 0, 0, 0, 0, 0, 
0, 0.80597, 0.82853, 0.8304, 0.82269, 0.8368, 0.83692, 0.84107, 
0.8473, 0.84377, 0.85115, 0.85546, 0.79933, 0.82516, 0.81471, 
0.81689, 0.82272, 0.83357, 0.82809, 0.84054, 0.83551, 0.84237, 
0.84804, 2.1159, 2.3359, 2.8565, 3.1555, 3.4949, 3.8982, 4.1571, 
4.7646, 5.2147, 5.7362, 6.304, 629.4, 693.4, 760.4, 822.9, 882.4, 
935.9, 1005.1, 1064.8, 1124.2, 1185.7, 1246.4, 413, 1088, 554, 
2294, 652, 290, 1131, 1662, 1151, 666, 1263, 84, 15, 40, 2, 277, 
51, 42, 65, 51, 102, 127, 100, 100, 100, 100, 100, 100, 100, 
100, 100, 100, 100, 2500, 2500, 2500, 2500, 2500, 2500, 2500, 
2500, 2500, 2500, 2500, 63524.705, 70503.257, 79628.087, 91873.32, 
100932.793, 107621.936, 117602.955, 137727.765, 147592.909, 159951.337, 
177406.611, 7.31586, 3.60028, 2.99243, 1.61872, 3.99026, 5.24647, 
3.30945, 2.86736, 1.40015, 13.79067, 2.63244, -11.80916, -8.32942, 
-7.55513, -5.96239, -7.69484, -8.7063, -5.94882, -6.26666, -4.98394, 
-6.00054, -6.25385, 0, 0, 0, 0, 0, 0, 0, 0, 0, 0, 0, 0, 0, 0, 
0, 0, 0, 0, 0, 0, 0, 0, 0.80597, 0.82634, 0.82926, 0.81978, 0.83383, 
0.83773, 0.83942, 0.84577, 0.84172, 0.84981, 0.85432, 0.79816, 
0.82528, 0.82078, 0.81501, 0.81825, 0.83357, 0.83047, 0.83979, 
0.84296, 0.84325, 0.84931, 2.0493, 2.212, 2.596, 3.3678, 3.4021, 
3.5585, 4.2085, 5.0287, 5.349, 5.6386, 6.0288, 628.9, 694.1, 
757.6, 822.9, 880.3, 935.7, 1004.2, 1064.5, 1130.5, 1185.6, 1247, 
475, 1475, 2034, 912, 1869, 1604, 1376, 1138, 2310, 383, 1674, 
2, 1, 1, 1, 1, 1, 1, 1, 1, 3, 1, 100, 100, 100, 100, 100, 100, 
100, 100, 100, 100, 100, 2500, 2500, 2500, 2500, 2500, 2500, 
2500, 2500, 2500, 2500, 2500, 63431.445, 69968.917, 79323.201, 
93125.112, 105156.146, 107145.488, 116266.73, 139141.322, 150946.669, 
164308.042, 175943.42, 1, 1, 1, 1, 1, 1, 1, 1, 1, 1, 1, 0.01562, 
0.01562, 0.01562, 0.01562, 0.01562, 0.01562, 0.01562, 0.01562, 
0.01562, 0.01562, 0.01562, 0, 0, 0, 0, 0, 0, 0, 0, 0, 0, 0, 0, 
0, 0, 0, 0, 0, 0, 0, 0, 0, 0, 0.70466, 0.72508, 0.7466, 0.76794, 
0.78209, 0.78848, 0.79839, 0.80676, 0.80338, 0.81037, 0.81367, 
0.69456, 0.73628, 0.75826, 0.77189, 0.7837, 0.77938, 0.79781, 
0.80148, 0.7978, 0.81295, 0.81671, 2.1488, 2.4613, 2.7649, 3.2839, 
3.7032, 3.9052, 4.284, 4.7811, 5.4531, 5.8509, 5.8417, 638.3, 
699.6, 762.3, 826.4, 889.1, 949.4, 1012.7, 1073.4, 1136.1, 1196.7, 
1259.3, 1, 1, 1, 1, 1, 1, 1, 1, 1, 1, 1, 1, 1, 1, 1, 1, 1, 1, 
1, 1, 1, 1, 1, 1, 1, 1, 1, 1, 1, 1, 1, 1, 1, 1, 1, 1, 1, 1, 1, 
1, 1, 1, 1, 1, 25.51, 28.74, 31.898, 37.623, 42.435, 44.341, 
48.573, 53.768, 60.948, 65.696, 65.263), .Dim = c(11L, 40L), .Dimnames = list(
    NULL, c("Sampling", "PSO.cost", "PSO.gamma", "PSO.data.balancing", 
    "PSO.feature.selection", "PSO.valid.acc", "PSO.test.acc", 
    "PSO.train.time", "PSO.n.support.vectors", "PSO.index", "PSO.n.solutions", 
    "PSO.generations", "PSO.n.evaluations", "PSO.cpu.time", "RS.cost", 
    "RS.gamma", "RS.data.balancing", "RS.feature.selection", 
    "RS.valid.acc", "RS.test.acc", "RS.train.time", "RS.n.support.vectors", 
    "RS.index", "RS.n.solutions", "RS.generations", "RS.n.evaluations", 
    "RS.cpu.time", "DF.cost", "DF.gamma", "DF.data.balancing", 
    "DF.feature.selection", "DF.valid.acc", "DF.test.acc", "DF.train.time", 
    "DF.n.support.vectors", "DF.index", "DF.n.solutions", "DF.generations", 
    "DF.n.evaluations", "DF.cpu.time")))
