full <-
structure(c(50, 55, 60, 65, 70, 75, 80, 85, 90, 95, 100, 6.97132, 
2.16009, 12.51344, 10.17326, 6.29115, 1.36103, 2.46048, 4.42774, 
6.51233, 2.10789, 2.17687, -5.81966, -6.77531, -5.75844, -15, 
-10.57578, -5.79276, -6.5145, -9.16983, -10.50913, -5.57157, 
-5.71088, 0, 0, 0, 0, 0, 0, 0, 0, 0, 0, 0, 0, 0, 0, 0, 0, 0, 
0, 0, 0, 0, 0, 0.8089, 0.81828, 0.82004, 0.82087, 0.82658, 0.84285, 
0.83811, 0.83677, 0.85971, 0.85006, 0.85314, 0.79692, 0.79134, 
0.81552, 0.81039, 0.82466, 0.8251, 0.83167, 0.8279, 0.83827, 
0.85059, 0.84876, 2.0494, 2.5228, 2.6159, 2.9119, 3.1154, 3.9914, 
4.2207, 4.1428, 4.5709, 5.6475, 6.2477, 634.6, 695.5, 756.8, 
806, 866.8, 945.9, 1007.6, 1052.9, 1100.3, 1186.4, 1249, 19, 
488, 17, 2294, 2323, 1201, 1359, 277, 2220, 2480, 1054, 1357, 
65, 529, 1, 1, 308, 35, 37, 1, 1, 283, 100, 100, 100, 100, 100, 
100, 100, 100, 100, 100, 100, 2500, 2500, 2500, 2500, 2500, 2500, 
2500, 2500, 2500, 2500, 2500, 64556.491, 71544.832, 80562.285, 
85285.797, 93021.1410000001, 111339.567, 120324.741, 123374.314, 
134806.616, 159964.74, 175109.285, 6.23355, 2.75835, 11.2513, 
6.52149, 5.80346, 1.40642, 2.07284, 5.58209, 6.0971, 1.77378, 
2.07943, -5.77164, -6.82077, -5.74108, -11.39401, -10.13437, 
-5.74063, -6.4472, -10.38326, -9.93518, -4.87402, -5.73539, 0, 
0, 0, 0, 0, 0, 0, 0, 0, 0, 0, 0, 0, 0, 0, 0, 0, 0, 0, 0, 0, 0, 
0.8089, 0.81664, 0.82004, 0.81986, 0.82844, 0.84118, 0.83489, 
0.83527, 0.85828, 0.84871, 0.85063, 0.79559, 0.79761, 0.8144, 
0.81234, 0.82296, 0.82504, 0.83639, 0.82863, 0.83758, 0.84797, 
0.84808, 2.2267, 2.4301, 2.768, 2.9249, 3.0098, 3.774, 4.5161, 
4.6375, 4.702, 5.9198, 6.4453, 634.4, 695, 756.6, 807, 867.6, 
945.8, 1007.6, 1049.2, 1102.2, 1193.5, 1248.8, 50, 722, 445, 
748, 2484, 1001, 787, 1886, 1421, 2495, 1387, 10, 1, 2, 1, 1, 
1, 1, 1, 2, 1, 1, 100, 100, 100, 100, 100, 100, 100, 100, 100, 
100, 100, 2500, 2500, 2500, 2500, 2500, 2500, 2500, 2500, 2500, 
2500, 2500, 64424.634, 70645.08, 79450.524, 90980.3460000001, 
99397.054, 109098.918, 121299.973, 136715.271, 148550.004, 161757.879, 
177668.195, 1, 1, 1, 1, 1, 1, 1, 1, 1, 1, 1, 0.01562, 0.01562, 
0.01562, 0.01562, 0.01562, 0.01562, 0.01562, 0.01562, 0.01562, 
0.01562, 0.01562, 0, 0, 0, 0, 0, 0, 0, 0, 0, 0, 0, 0, 0, 0, 0, 
0, 0, 0, 0, 0, 0, 0, 0.67664, 0.71832, 0.73786, 0.75452, 0.77836, 
0.78922, 0.81129, 0.8028, 0.8224, 0.81493, 0.81999, 0.67778, 
0.71317, 0.73852, 0.76404, 0.77888, 0.79639, 0.80547, 0.80277, 
0.81394, 0.80581, 0.82181, 2.2084, 2.4177, 2.7096, 3.2148, 3.4886, 
3.9467, 4.0486, 4.7787, 5.196, 5.9217, 6.349, 635.8, 698.7, 761.4, 
824.3, 887.8, 950.3, 1013.1, 1074.6, 1134.6, 1194.8, 1258.7, 
1, 1, 1, 1, 1, 1, 1, 1, 1, 1, 1, 1, 1, 1, 1, 1, 1, 1, 1, 1, 1, 
1, 1, 1, 1, 1, 1, 1, 1, 1, 1, 1, 1, 1, 1, 1, 1, 1, 1, 1, 1, 1, 
1, 1, 26.261, 28.471, 31.451, 36.952, 40.009, 45.133, 45.871, 
53.999, 58.667, 66.345, 71.236), .Dim = c(11L, 40L), .Dimnames = list(
    NULL, c("Sampling", "PSO.cost", "PSO.gamma", "PSO.data.balancing", 
    "PSO.feature.selection", "PSO.valid.acc", "PSO.test.acc", 
    "PSO.train.time", "PSO.n.support.vectors", "PSO.index", "PSO.n.solutions", 
    "PSO.generations", "PSO.n.evaluations", "PSO.cpu.time", "RS.cost", 
    "RS.gamma", "RS.data.balancing", "RS.feature.selection", 
    "RS.valid.acc", "RS.test.acc", "RS.train.time", "RS.n.support.vectors", 
    "RS.index", "RS.n.solutions", "RS.generations", "RS.n.evaluations", 
    "RS.cpu.time", "DF.cost", "DF.gamma", "DF.data.balancing", 
    "DF.feature.selection", "DF.valid.acc", "DF.test.acc", "DF.train.time", 
    "DF.n.support.vectors", "DF.index", "DF.n.solutions", "DF.generations", 
    "DF.n.evaluations", "DF.cpu.time")))
