full <-
structure(c(50, 55, 60, 65, 70, 75, 80, 85, 90, 95, 100, 6.88043, 
3.85469, 1.82472, 3.9264, 6.75842, 4.22848, 3.44021, 9.41965, 
4.42204, 3.85177, 3.14954, -9.76621, -8.43687, -6.16871, -6.15488, 
-11.67334, -7.76634, -6.72867, -12.86305, -7.95622, -6.20423, 
-7.14696, 0, 0, 0, 0, 0, 0, 0, 0, 0, 0, 0, 0, 0, 0, 0, 0, 0, 
0, 0, 0, 0, 0, 0.79616, 0.80576, 0.81486, 0.82326, 0.82201, 0.82826, 
0.84975, 0.85515, 0.85159, 0.84616, 0.84738, 0.78891, 0.80597, 
0.80637, 0.81569, 0.81596, 0.83655, 0.83146, 0.84554, 0.8447, 
0.8368, 0.83283, 2.3528, 2.7391, 2.7492, 3.6184, 3.6693, 4.2001, 
4.3093, 5.2194, 5.2604, 5.915, 6.6886, 627.3, 692.4, 761.9, 823.7, 
869.1, 937, 1003.4, 1040, 1115, 1186, 1240.7, 1032, 1538, 1593, 
2208, 2041, 1990, 2100, 225, 1259, 978, 2001, 190, 78, 101, 1, 
1, 4, 13, 72, 39, 251, 3, 100, 100, 100, 100, 100, 100, 100, 
100, 100, 100, 100, 2500, 2500, 2500, 2500, 2500, 2500, 2500, 
2500, 2500, 2500, 2500, 71901.217, 80422.378, 80325.939, 101057.823, 
106543.173, 119648.371, 123546.037, 141441.545, 150498.076, 166528.612, 
188950.27, 9.07288, 5.24278, 1.79611, 11.92527, 6.42875, 9.63573, 
3.81016, 9.00289, 3.15871, 7.4118, 2.97268, -11.96901, -8.39127, 
-6.08956, -6.1407, -11.29653, -7.60065, -6.77098, -12.45553, 
-6.4077, -6.20607, -7.06047, 0, 0, 0, 0, 0, 0, 0, 0, 0, 0, 0, 
0, 0, 0, 0, 0, 0, 0, 0, 0, 0, 0, 0.79496, 0.80557, 0.81376, 0.82224, 
0.82122, 0.82754, 0.84902, 0.85515, 0.84942, 0.84354, 0.84612, 
0.78891, 0.7967, 0.80734, 0.81572, 0.81694, 0.83235, 0.83615, 
0.84545, 0.84535, 0.83682, 0.83595, 2.3523, 2.6979, 3.0786, 3.7779, 
3.6139, 4.0393, 4.8111, 4.8359, 5.8171, 5.9628, 6.5332, 625.9, 
692.3, 761.6, 823.7, 869.1, 938.1, 1003.2, 1039.9, 1127.3, 1186, 
1242.2, 762, 389, 1944, 349, 1046, 17, 1709, 64, 885, 68, 27, 
2, 1, 1, 3, 2, 20, 1, 1, 1, 2, 1, 100, 100, 100, 100, 100, 100, 
100, 100, 100, 100, 100, 2500, 2500, 2500, 2500, 2500, 2500, 
2500, 2500, 2500, 2500, 2500, 71582.148, 80346.234, 87496.234, 
102293.645, 112423.409, 116092.268, 135616.482, 151791.937, 162201.851, 
180699.126, 191073.749, 1, 1, 1, 1, 1, 1, 1, 1, 1, 1, 1, 0.01562, 
0.01562, 0.01562, 0.01562, 0.01562, 0.01562, 0.01562, 0.01562, 
0.01562, 0.01562, 0.01562, 0, 0, 0, 0, 0, 0, 0, 0, 0, 0, 0, 0, 
0, 0, 0, 0, 0, 0, 0, 0, 0, 0, 0.68554, 0.71252, 0.74514, 0.76868, 
0.78657, 0.79223, 0.79413, 0.80605, 0.81855, 0.81465, 0.81606, 
0.69391, 0.72736, 0.74201, 0.75589, 0.78178, 0.78989, 0.79808, 
0.81697, 0.82302, 0.80964, 0.8097, 2.4226, 2.74, 3.0102, 3.6065, 
3.9583, 4.1259, 4.7948, 5.1557, 5.5349, 6.398, 6.3297, 637.5, 
699.6, 764.1, 827.8, 889.7, 950.7, 1013.1, 1074, 1136.7, 1198.3, 
1258.6, 1, 1, 1, 1, 1, 1, 1, 1, 1, 1, 1, 1, 1, 1, 1, 1, 1, 1, 
1, 1, 1, 1, 1, 1, 1, 1, 1, 1, 1, 1, 1, 1, 1, 1, 1, 1, 1, 1, 1, 
1, 1, 1, 1, 1, 28.589, 31.931, 35.08, 41.728, 45.389, 47.171, 
54.711, 58.03, 62.39, 71.952, 70.836), .Dim = c(11L, 40L), .Dimnames = list(
    NULL, c("Sampling", "PSO.cost", "PSO.gamma", "PSO.data.balancing", 
    "PSO.feature.selection", "PSO.valid.acc", "PSO.test.acc", 
    "PSO.train.time", "PSO.n.support.vectors", "PSO.index", "PSO.n.solutions", 
    "PSO.generations", "PSO.n.evaluations", "PSO.cpu.time", "RS.cost", 
    "RS.gamma", "RS.data.balancing", "RS.feature.selection", 
    "RS.valid.acc", "RS.test.acc", "RS.train.time", "RS.n.support.vectors", 
    "RS.index", "RS.n.solutions", "RS.generations", "RS.n.evaluations", 
    "RS.cpu.time", "DF.cost", "DF.gamma", "DF.data.balancing", 
    "DF.feature.selection", "DF.valid.acc", "DF.test.acc", "DF.train.time", 
    "DF.n.support.vectors", "DF.index", "DF.n.solutions", "DF.generations", 
    "DF.n.evaluations", "DF.cpu.time")))
