full <-
structure(c(50, 55, 60, 65, 70, 75, 80, 85, 90, 95, 100, 1.53493, 
4.60183, 2.41445, 6.31794, 5.81395, 5.41508, 1.46567, 3.38982, 
6.25074, 6.32649, 4.01435, -5.90981, -7.79476, -5.96971, -10.3151, 
-9.30586, -5.28639, -5.29201, -6.19605, -9.61951, -9.6745, -6.84921, 
0, 0, 0, 0, 0, 0, 0, 0, 0, 0, 0, 0, 0, 0, 0, 0, 0, 0, 0, 0, 0, 
0, 0.80827, 0.81876, 0.82401, 0.8348, 0.83262, 0.83462, 0.83857, 
0.83772, 0.84996, 0.85536, 0.85797, 0.79319, 0.81172, 0.81483, 
0.82717, 0.83368, 0.82897, 0.83536, 0.83637, 0.8403, 0.8489, 
0.84167, 2.0878, 2.3238, 3.0162, 3.2061, 3.1674, 3.8966, 4.2436, 
4.6063, 5.4391, 5.0513, 5.747, 636.5, 694.2, 761.9, 810.2, 873.1, 
952.2, 1012.7, 1068.8, 1108.1, 1165, 1241.9, 1004, 1389, 1804, 
2156, 1444, 165, 1884, 1012, 1012, 1413, 1290, 137, 57, 42, 2, 
20, 52, 8, 224, 144, 36, 60, 100, 100, 100, 100, 100, 100, 100, 
100, 100, 100, 100, 2500, 2500, 2500, 2500, 2500, 2500, 2500, 
2500, 2500, 2500, 2500, 61872.427, 68249.388, 89328.719, 94839.235, 
99771.907, 105010.603, 116780.976, 128345.469, 154926.174, 145771.896, 
166154.257, 14.78095, 4.61811, 4.53242, 6.39406, 8.19975, 5.2695, 
1.55075, 3.3177, 5.9205, 7.67699, 2.87743, -5.87138, -7.89594, 
-6.08713, -10.3605, -11.69231, -5.2856, -5.34476, -6.22391, -9.45117, 
-9.2411, -5.9542, 0, 0, 0, 0, 0, 0, 0, 0, 0, 0, 0, 0, 0, 0, 0, 
0, 0, 0, 0, 0, 0, 0, 0.80533, 0.81761, 0.82086, 0.83386, 0.83258, 
0.83462, 0.83622, 0.83698, 0.84915, 0.85405, 0.85681, 0.79455, 
0.81172, 0.81284, 0.82811, 0.83368, 0.82897, 0.8346, 0.83567, 
0.84023, 0.84304, 0.84045, 2.0816, 2.3083, 3.2401, 3.2114, 3.0775, 
3.6351, 4.1557, 4.8082, 5.7992, 6.3561, 7.3443, 636.8, 693.9, 
762, 810, 869.7, 952.2, 1012.6, 1068.8, 1109.1, 1167.6, 1247, 
293, 666, 129, 684, 1672, 2424, 15, 1073, 220, 297, 1577, 3, 
3, 4, 1, 1, 1, 1, 1, 1, 2, 1, 100, 100, 100, 100, 100, 100, 100, 
100, 100, 100, 100, 2500, 2500, 2500, 2500, 2500, 2500, 2500, 
2500, 2500, 2500, 2500, 60319.405, 68553.581, 90034.703, 106049.378, 
97658.9669999999, 102226.756, 114759.289, 144381.006, 177590.356, 
187070.676, 192560.261, 1, 1, 1, 1, 1, 1, 1, 1, 1, 1, 1, 0.01562, 
0.01562, 0.01562, 0.01562, 0.01562, 0.01562, 0.01562, 0.01562, 
0.01562, 0.01562, 0.01562, 0, 0, 0, 0, 0, 0, 0, 0, 0, 0, 0, 0, 
0, 0, 0, 0, 0, 0, 0, 0, 0, 0, 0.70435, 0.73703, 0.74713, 0.76601, 
0.77173, 0.7907, 0.80109, 0.80089, 0.8151, 0.82347, 0.81822, 
0.6994, 0.73247, 0.74897, 0.76609, 0.78287, 0.7849, 0.79918, 
0.80778, 0.81251, 0.82097, 0.81734, 2.0576, 2.3405, 2.8832, 3.7839, 
3.474, 3.713, 4.0608, 5.4545, 6.1599, 5.7448, 7.4119, 637.9, 
701.7, 764.8, 826.9, 890.5, 954, 1016.2, 1075.9, 1137.9, 1199.5, 
1258.1, 1, 1, 1, 1, 1, 1, 1, 1, 1, 1, 1, 1, 1, 1, 1, 1, 1, 1, 
1, 1, 1, 1, 1, 1, 1, 1, 1, 1, 1, 1, 1, 1, 1, 1, 1, 1, 1, 1, 1, 
1, 1, 1, 1, 1, 24.216, 27.264, 33.981, 44.106, 39.694, 42.154, 
46.021, 61.903, 69.58, 64.475, 83.636), .Dim = c(11L, 40L), .Dimnames = list(
    NULL, c("Sampling", "PSO.cost", "PSO.gamma", "PSO.data.balancing", 
    "PSO.feature.selection", "PSO.valid.acc", "PSO.test.acc", 
    "PSO.train.time", "PSO.n.support.vectors", "PSO.index", "PSO.n.solutions", 
    "PSO.generations", "PSO.n.evaluations", "PSO.cpu.time", "RS.cost", 
    "RS.gamma", "RS.data.balancing", "RS.feature.selection", 
    "RS.valid.acc", "RS.test.acc", "RS.train.time", "RS.n.support.vectors", 
    "RS.index", "RS.n.solutions", "RS.generations", "RS.n.evaluations", 
    "RS.cpu.time", "DF.cost", "DF.gamma", "DF.data.balancing", 
    "DF.feature.selection", "DF.valid.acc", "DF.test.acc", "DF.train.time", 
    "DF.n.support.vectors", "DF.index", "DF.n.solutions", "DF.generations", 
    "DF.n.evaluations", "DF.cpu.time")))
