full <-
structure(c(50, 55, 60, 65, 70, 75, 80, 85, 90, 95, 100, 6.16152, 
2.63771, 4.59962, 3.27813, 9.75183, 4.10885, 3.34313, 1.87337, 
2.35559, 1.7245, 4.33189, -4.66773, -6.37757, -6.78873, -7.286, 
-5.40941, -7.4083, -7.95589, -6.45033, -6.71798, -5.73681, -7.11049, 
0, 0, 0, 0, 0, 0, 0, 0, 0, 0, 0, 0, 0, 0, 0, 0, 0, 0, 0, 0, 0, 
0, 0.78359, 0.79788, 0.8188, 0.83247, 0.83124, 0.84009, 0.8518, 
0.84257, 0.83638, 0.84886, 0.85077, 0.77765, 0.79083, 0.81305, 
0.82979, 0.82301, 0.83405, 0.84632, 0.83244, 0.832, 0.83414, 
0.84475, 2.1866, 2.8326, 2.5691, 2.8454, 3.2358, 3.166, 3.5476, 
4.0482, 4.5812, 5.0598, 5.2753, 637.4, 696.2, 757.3, 815.1, 883.4, 
935.4, 995.6, 1064.9, 1124.5, 1189.1, 1240.2, 160, 567, 1073, 
1695, 144, 1225, 1226, 2418, 989, 2030, 1719, 513, 22, 173, 49, 
753, 86, 17, 1, 31, 17, 1, 100, 100, 100, 100, 100, 100, 100, 
100, 100, 100, 100, 2500, 2500, 2500, 2500, 2500, 2500, 2500, 
2500, 2500, 2500, 2500, 69001.641, 73511.07, 77355.633, 81901.242, 
95004.058, 97839.2910000001, 101498.178, 117883.532, 136016.456, 
143808.503, 144124.375, 5.66028, 3.18139, 3.87577, 2.60263, 4.4762, 
4.30168, 4.37196, 6.1119, 2.32711, 2.00847, 4.08379, -4.70368, 
-7.10059, -5.88273, -6.49479, -5.40862, -7.57824, -8.83389, -6.60816, 
-6.65529, -5.79002, -6.72023, 0, 0, 0, 0, 0, 0, 0, 0, 0, 0, 0, 
0, 0, 0, 0, 0, 0, 0, 0, 0, 0, 0, 0.78356, 0.79659, 0.81789, 0.83137, 
0.83124, 0.83849, 0.85098, 0.84097, 0.83294, 0.84562, 0.85071, 
0.77516, 0.78619, 0.80783, 0.82785, 0.82301, 0.83406, 0.84558, 
0.83323, 0.83125, 0.84133, 0.84336, 2.1499, 2.74, 2.4854, 3.1378, 
3.1286, 3.2047, 3.481, 4.2022, 5.0459, 5.3245, 5.5636, 637.3, 
693.9, 759.1, 817.9, 883.4, 934.7, 988.5, 1061.9, 1124.7, 1188, 
1244.4, 956, 804, 1810, 1446, 1261, 2419, 338, 2348, 1655, 2196, 
2125, 2, 1, 1, 1, 1, 1, 1, 1, 1, 1, 1, 100, 100, 100, 100, 100, 
100, 100, 100, 100, 100, 100, 2500, 2500, 2500, 2500, 2500, 2500, 
2500, 2500, 2500, 2500, 2500, 63303.405, 73741.492, 75121.45, 
85403.732, 92149.784, 100422.532, 105539.689, 120432.236, 138501.084, 
148197.124, 166520.063, 1, 1, 1, 1, 1, 1, 1, 1, 1, 1, 1, 0.01562, 
0.01562, 0.01562, 0.01562, 0.01562, 0.01562, 0.01562, 0.01562, 
0.01562, 0.01562, 0.01562, 0, 0, 0, 0, 0, 0, 0, 0, 0, 0, 0, 0, 
0, 0, 0, 0, 0, 0, 0, 0, 0, 0, 0.69097, 0.70829, 0.74242, 0.76801, 
0.77404, 0.79373, 0.79945, 0.80975, 0.79774, 0.81362, 0.82761, 
0.67764, 0.70943, 0.74469, 0.75753, 0.76684, 0.78489, 0.80181, 
0.80299, 0.79232, 0.81085, 0.82702, 2.2275, 2.7857, 2.7139, 3.1834, 
3.2179, 3.4343, 3.6898, 4.5679, 5.3025, 5.3679, 5.462, 635.8, 
697.9, 761, 823.9, 886.9, 949.8, 1011.3, 1072.3, 1135, 1196.6, 
1258.3, 1, 1, 1, 1, 1, 1, 1, 1, 1, 1, 1, 1, 1, 1, 1, 1, 1, 1, 
1, 1, 1, 1, 1, 1, 1, 1, 1, 1, 1, 1, 1, 1, 1, 1, 1, 1, 1, 1, 1, 
1, 1, 1, 1, 1, 26.5, 32.87, 31.834, 36.778, 37.085, 39.164, 41.987, 
52.372, 60.322, 60.484, 61.278), .Dim = c(11L, 40L), .Dimnames = list(
    NULL, c("Sampling", "PSO.cost", "PSO.gamma", "PSO.data.balancing", 
    "PSO.feature.selection", "PSO.valid.acc", "PSO.test.acc", 
    "PSO.train.time", "PSO.n.support.vectors", "PSO.index", "PSO.n.solutions", 
    "PSO.generations", "PSO.n.evaluations", "PSO.cpu.time", "RS.cost", 
    "RS.gamma", "RS.data.balancing", "RS.feature.selection", 
    "RS.valid.acc", "RS.test.acc", "RS.train.time", "RS.n.support.vectors", 
    "RS.index", "RS.n.solutions", "RS.generations", "RS.n.evaluations", 
    "RS.cpu.time", "DF.cost", "DF.gamma", "DF.data.balancing", 
    "DF.feature.selection", "DF.valid.acc", "DF.test.acc", "DF.train.time", 
    "DF.n.support.vectors", "DF.index", "DF.n.solutions", "DF.generations", 
    "DF.n.evaluations", "DF.cpu.time")))
