full <-
structure(c(50, 55, 60, 65, 70, 75, 80, 85, 90, 95, 100, 1.98259, 
2.3816, 1.5443, 6.62304, 2.77143, 1.7443, 1.29926, 5.47636, 2.39142, 
3.31648, 1.83348, -5.95244, -6.60033, -5.59878, -4.84765, -6.53903, 
-5.10177, -4.67075, -7.99158, -5.72951, -5.78018, -5.1324, 0, 
0, 0, 0, 0, 0, 0, 0, 0, 0, 0, 0, 0, 0, 0, 0, 0, 0, 0, 0, 0, 0, 
0.79947, 0.81317, 0.8292, 0.82924, 0.8358, 0.84717, 0.84631, 
0.84707, 0.84388, 0.85633, 0.84107, 0.79798, 0.80781, 0.81561, 
0.82648, 0.83228, 0.84113, 0.83893, 0.84215, 0.83404, 0.8464, 
0.83869, 2.1519, 2.4, 2.6719, 3.549, 3.3417, 3.7589, 4.3479, 
4.2208, 5.0997, 5.4748, 6.2455, 634.6, 697.3, 761.1, 826.9, 883.6, 
949.2, 1013.3, 1058, 1129.2, 1190.1, 1252.3, 1572, 2148, 1403, 
142, 1812, 1529, 1650, 1656, 2301, 1832, 1951, 28, 2, 43, 774, 
32, 59, 22, 40, 1, 34, 6, 100, 100, 100, 100, 100, 100, 100, 
100, 100, 100, 100, 2500, 2500, 2500, 2500, 2500, 2500, 2500, 
2500, 2500, 2500, 2500, 62568.105, 65525.732, 76238.335, 84628.267, 
93736.335, 107781.355, 120323.869, 123991.578, 145977.639, 156938.662, 
175767.201, 10.39564, 2.505, 1.90098, 11.76003, 2.78998, 2.0144, 
13.08832, 8.73084, 14.63094, 6.90915, 1.86926, -7.53349, -6.70182, 
-6.02602, -4.80746, -6.4015, -5.62196, -4.67106, -8.01257, -5.71379, 
-5.80203, -5.15355, 0, 0, 0, 0, 0, 0, 0, 0, 0, 0, 0, 0, 0, 0, 
0, 0, 0, 0, 0, 0, 0, 0, 0.79586, 0.81317, 0.82928, 0.82824, 0.83217, 
0.84618, 0.84477, 0.84635, 0.84386, 0.85434, 0.84046, 0.78881, 
0.80672, 0.81848, 0.82655, 0.83045, 0.84115, 0.83818, 0.84356, 
0.8341, 0.84506, 0.83932, 2.0037, 2.4258, 2.5915, 2.9581, 3.1854, 
3.743, 4.0987, 4.3666, 5.314, 5.4514, 6.2888, 633.6, 697.1, 761.3, 
827, 884.5, 946.1, 1013.1, 1058, 1129.5, 1190.1, 1252.3, 605, 
592, 592, 98, 2406, 491, 2277, 55, 1920, 719, 234, 7, 1, 1, 10, 
1, 1, 1, 9, 1, 1, 2, 100, 100, 100, 100, 100, 100, 100, 100, 
100, 100, 100, 2500, 2500, 2500, 2500, 2500, 2500, 2500, 2500, 
2500, 2500, 2500, 59795.497, 69647.379, 73776.29, 82580.757, 
94650.795, 108971.494, 114770.841, 132167.001, 145641.351, 157151.057, 
190369.773, 1, 1, 1, 1, 1, 1, 1, 1, 1, 1, 1, 0.01562, 0.01562, 
0.01562, 0.01562, 0.01562, 0.01562, 0.01562, 0.01562, 0.01562, 
0.01562, 0.01562, 0, 0, 0, 0, 0, 0, 0, 0, 0, 0, 0, 0, 0, 0, 0, 
0, 0, 0, 0, 0, 0, 0, 0.66764, 0.70653, 0.74094, 0.77051, 0.78493, 
0.79404, 0.80015, 0.79934, 0.81032, 0.81796, 0.80414, 0.67077, 
0.70519, 0.73146, 0.76345, 0.78564, 0.79288, 0.79926, 0.80543, 
0.80947, 0.81061, 0.80729, 2.0687, 2.4385, 2.5218, 2.9893, 3.2912, 
3.8476, 4.1688, 4.8333, 5.1098, 5.614, 8.2885, 635.7, 698.4, 
761.8, 825.9, 888.4, 949.9, 1012, 1073, 1135.6, 1197.6, 1258.1, 
1, 1, 1, 1, 1, 1, 1, 1, 1, 1, 1, 1, 1, 1, 1, 1, 1, 1, 1, 1, 1, 
1, 1, 1, 1, 1, 1, 1, 1, 1, 1, 1, 1, 1, 1, 1, 1, 1, 1, 1, 1, 1, 
1, 1, 24.493, 28.581, 29.327, 34.482, 37.77, 43.889, 47.288, 
54.33, 57.418, 63.106, 93.838), .Dim = c(11L, 40L), .Dimnames = list(
    NULL, c("Sampling", "PSO.cost", "PSO.gamma", "PSO.data.balancing", 
    "PSO.feature.selection", "PSO.valid.acc", "PSO.test.acc", 
    "PSO.train.time", "PSO.n.support.vectors", "PSO.index", "PSO.n.solutions", 
    "PSO.generations", "PSO.n.evaluations", "PSO.cpu.time", "RS.cost", 
    "RS.gamma", "RS.data.balancing", "RS.feature.selection", 
    "RS.valid.acc", "RS.test.acc", "RS.train.time", "RS.n.support.vectors", 
    "RS.index", "RS.n.solutions", "RS.generations", "RS.n.evaluations", 
    "RS.cpu.time", "DF.cost", "DF.gamma", "DF.data.balancing", 
    "DF.feature.selection", "DF.valid.acc", "DF.test.acc", "DF.train.time", 
    "DF.n.support.vectors", "DF.index", "DF.n.solutions", "DF.generations", 
    "DF.n.evaluations", "DF.cpu.time")))
