full <-
structure(c(50, 55, 60, 65, 70, 75, 80, 85, 90, 95, 100, 4.22559, 
5.42294, 5.92995, 5.81578, 12.18293, 5.15624, 2.93621, 3.2705, 
2.2772, 3.0104, 5.07724, -7.36123, -9.61484, -8.28451, -9.75648, 
-5.72118, -7.86533, -6.07959, -6.31542, -5.91412, -5.67949, -8.39969, 
0, 0, 0, 0, 0, 0, 0, 0, 0, 0, 0, 0, 0, 0, 0, 0, 0, 0, 0, 0, 0, 
0, 0.77769, 0.79427, 0.80221, 0.81919, 0.8281, 0.82918, 0.82117, 
0.82478, 0.83896, 0.83812, 0.84826, 0.77912, 0.78507, 0.7957, 
0.81032, 0.81379, 0.80948, 0.82277, 0.81709, 0.83611, 0.83181, 
0.85069, 2.3382, 2.2165, 2.4038, 2.6723, 3.511, 3.502, 3.7706, 
3.9531, 5.207, 5.3429, 4.6944, 634.2, 692.5, 757.3, 812.4, 884.9, 
939.8, 1006.7, 1066.4, 1126.9, 1189.8, 1227.7, 1263, 2184, 974, 
1594, 304, 1081, 2395, 1034, 1660, 1122, 1184, 15, 2, 28, 5, 
829, 59, 1, 64, 107, 41, 23, 100, 100, 100, 100, 100, 100, 100, 
100, 100, 100, 100, 2500, 2500, 2500, 2500, 2500, 2500, 2500, 
2500, 2500, 2500, 2500, 66904.777, 68625.007, 77973.637, 80926.842, 
95322.292, 99179.2359999999, 101490.005, 117168.797, 138896.57, 
144129.718, 140602.096, 4.09291, 6.4549, 4.89616, 5.76191, 10.17393, 
4.93902, 3.53011, 2.91176, 3.5341, 3.05036, 6.21509, -7.28099, 
-9.91145, -7.2613, -9.75959, -5.71828, -7.67034, -6.60887, -6.03767, 
-5.8933, -5.80115, -9.53543, 0, 0, 0, 0, 0, 0, 0, 0, 0, 0, 0, 
0, 0, 0, 0, 0, 0, 0, 0, 0, 0, 0, 0.77769, 0.79338, 0.8012, 0.81825, 
0.8281, 0.82834, 0.81891, 0.82187, 0.83565, 0.8362, 0.8464, 0.77796, 
0.79046, 0.7967, 0.81032, 0.81379, 0.80864, 0.82349, 0.81793, 
0.83486, 0.83308, 0.85129, 2.2343, 2.1203, 2.6702, 2.6139, 3.0289, 
3.2549, 3.6873, 4.3614, 4.9563, 5.3046, 5.1766, 634.1, 691.7, 
759.7, 812.5, 884.9, 941, 1005.1, 1067.3, 1127.1, 1188.8, 1220.9, 
2037, 433, 1783, 326, 750, 2091, 1766, 1602, 567, 2401, 2441, 
1, 1, 1, 1, 3, 1, 2, 1, 1, 1, 1, 100, 100, 100, 100, 100, 100, 
100, 100, 100, 100, 100, 2500, 2500, 2500, 2500, 2500, 2500, 
2500, 2500, 2500, 2500, 2500, 67571.033, 72276.721, 79526.223, 
85401.453, 88887.627, 100895, 104615.898, 122971.412, 137175.936, 
147702.958, 164179.585, 1, 1, 1, 1, 1, 1, 1, 1, 1, 1, 1, 0.01562, 
0.01562, 0.01562, 0.01562, 0.01562, 0.01562, 0.01562, 0.01562, 
0.01562, 0.01562, 0.01562, 0, 0, 0, 0, 0, 0, 0, 0, 0, 0, 0, 0, 
0, 0, 0, 0, 0, 0, 0, 0, 0, 0, 0.65121, 0.69186, 0.71482, 0.73296, 
0.7677, 0.78165, 0.76962, 0.78022, 0.80238, 0.80413, 0.81831, 
0.66731, 0.69901, 0.71902, 0.73709, 0.75881, 0.77752, 0.77279, 
0.77973, 0.80081, 0.79769, 0.82433, 2.3296, 2.6727, 2.7606, 3.1398, 
3.3098, 3.3953, 3.5416, 4.4065, 4.704, 5.3165, 5.609, 636.4, 
700.5, 764.3, 827.3, 888.8, 951.7, 1013, 1075.3, 1135.5, 1197, 
1258.7, 1, 1, 1, 1, 1, 1, 1, 1, 1, 1, 1, 1, 1, 1, 1, 1, 1, 1, 
1, 1, 1, 1, 1, 1, 1, 1, 1, 1, 1, 1, 1, 1, 1, 1, 1, 1, 1, 1, 1, 
1, 1, 1, 1, 1, 27.941, 31.782, 32.464, 36.507, 38.5, 39.112, 
40.405, 49.903, 53.498, 59.958, 63.286), .Dim = c(11L, 40L), .Dimnames = list(
    NULL, c("Sampling", "PSO.cost", "PSO.gamma", "PSO.data.balancing", 
    "PSO.feature.selection", "PSO.valid.acc", "PSO.test.acc", 
    "PSO.train.time", "PSO.n.support.vectors", "PSO.index", "PSO.n.solutions", 
    "PSO.generations", "PSO.n.evaluations", "PSO.cpu.time", "RS.cost", 
    "RS.gamma", "RS.data.balancing", "RS.feature.selection", 
    "RS.valid.acc", "RS.test.acc", "RS.train.time", "RS.n.support.vectors", 
    "RS.index", "RS.n.solutions", "RS.generations", "RS.n.evaluations", 
    "RS.cpu.time", "DF.cost", "DF.gamma", "DF.data.balancing", 
    "DF.feature.selection", "DF.valid.acc", "DF.test.acc", "DF.train.time", 
    "DF.n.support.vectors", "DF.index", "DF.n.solutions", "DF.generations", 
    "DF.n.evaluations", "DF.cpu.time")))
