full <-
structure(c(50, 55, 60, 65, 70, 75, 80, 85, 90, 95, 100, 7.23716, 
2.86374, 4.94518, 10.51045, 2.48382, 4.62413, 14.33015, 4.46237, 
5.0112, 3.02292, 1.16078, -11.97619, -7.08932, -9.38323, -15, 
-6.46139, -9.16226, -6.5496, -7.15532, -8.14092, -5.32608, -4.98616, 
0, 0, 0, 0, 0, 0, 0, 0, 0, 0, 0, 0, 0, 0, 0, 0, 0, 0, 0, 0, 0, 
0, 0.79892, 0.80471, 0.81248, 0.8242, 0.83323, 0.8283, 0.83309, 
0.84602, 0.84945, 0.84663, 0.84807, 0.79658, 0.79109, 0.80252, 
0.8262, 0.82911, 0.82391, 0.8253, 0.83118, 0.84113, 0.8371, 0.83612, 
1.9062, 2.285, 2.3842, 2.6979, 4.12, 4.5418, 3.8778, 4.3554, 
5.6693, 5.8292, 6.0466, 630.2, 700.2, 755.6, 811.8, 884.7, 936.3, 
1006.6, 1064.7, 1120, 1191.5, 1254.4, 1320, 1019, 990, 309, 1894, 
882, 126, 1014, 1690, 527, 1372, 40, 53, 20, 54, 16, 73, 1171, 
158, 42, 312, 37, 100, 100, 100, 100, 100, 100, 100, 100, 100, 
100, 100, 2500, 2500, 2500, 2500, 2500, 2500, 2500, 2500, 2500, 
2500, 2500, 57157.362, 66655.172, 69567.995, 80420.731, 119868.871, 
131158.333, 110549.52, 124160.156, 159848.314, 159678.426, 165284.987, 
9.54097, 2.84938, 4.45883, 9.20922, 2.14929, 4.98107, 2.82967, 
10.69362, 5.56085, 3.64079, 1.06217, -14.25865, -7.15617, -8.8906, 
-13.67672, -5.36163, -9.68576, -7.83961, -7.15045, -8.24251, 
-5.34143, -4.94888, 0, 0, 0, 0, 0, 0, 0, 0, 0, 0, 0, 0, 0, 0, 
0, 0, 0, 0, 0, 0, 0, 0, 0.79759, 0.8023, 0.81144, 0.82227, 0.83142, 
0.82743, 0.83385, 0.84467, 0.84873, 0.84529, 0.84685, 0.79777, 
0.79006, 0.80148, 0.8243, 0.82233, 0.82384, 0.8261, 0.82758, 
0.83639, 0.83579, 0.83926, 1.8996, 2.3062, 2.3535, 2.764, 3.9473, 
3.4953, 3.583, 4.5005, 5.8481, 5.7127, 6.0654, 629.9, 700.2, 
757.3, 811.9, 885.8, 935.1, 1003.6, 1064.9, 1119, 1191.7, 1254.8, 
841, 274, 57, 1323, 902, 1050, 1466, 734, 910, 216, 571, 2, 1, 
1, 1, 1, 2, 1, 2, 1, 13, 1, 100, 100, 100, 100, 100, 100, 100, 
100, 100, 100, 100, 2500, 2500, 2500, 2500, 2500, 2500, 2500, 
2500, 2500, 2500, 2500, 59508.382, 65613.943, 73894.937, 96096.343, 
114003.316, 114686.273, 113750.295, 136259.321, 175169.991, 158986.973, 
167128.973, 1, 1, 1, 1, 1, 1, 1, 1, 1, 1, 1, 0.01562, 0.01562, 
0.01562, 0.01562, 0.01562, 0.01562, 0.01562, 0.01562, 0.01562, 
0.01562, 0.01562, 0, 0, 0, 0, 0, 0, 0, 0, 0, 0, 0, 0, 0, 0, 0, 
0, 0, 0, 0, 0, 0, 0, 0.70071, 0.73801, 0.75253, 0.76831, 0.78403, 
0.78434, 0.79447, 0.80746, 0.79862, 0.81147, 0.81581, 0.71201, 
0.73537, 0.73462, 0.7721, 0.77744, 0.79141, 0.7978, 0.8044, 0.80001, 
0.81798, 0.82019, 2.0227, 2.2178, 2.5546, 3.8168, 4.0931, 3.7318, 
3.9382, 4.9095, 5.2103, 5.5951, 5.8831, 638.4, 702.3, 765.1, 
825.8, 888.4, 951, 1013.6, 1075.6, 1137.6, 1197.6, 1258.5, 1, 
1, 1, 1, 1, 1, 1, 1, 1, 1, 1, 1, 1, 1, 1, 1, 1, 1, 1, 1, 1, 1, 
1, 1, 1, 1, 1, 1, 1, 1, 1, 1, 1, 1, 1, 1, 1, 1, 1, 1, 1, 1, 1, 
1, 24.007, 26.049, 29.744, 44.546, 47.458, 42.49, 44.519, 55.24, 
58.811, 62.603, 65.722), .Dim = c(11L, 40L), .Dimnames = list(
    NULL, c("Sampling", "PSO.cost", "PSO.gamma", "PSO.data.balancing", 
    "PSO.feature.selection", "PSO.valid.acc", "PSO.test.acc", 
    "PSO.train.time", "PSO.n.support.vectors", "PSO.index", "PSO.n.solutions", 
    "PSO.generations", "PSO.n.evaluations", "PSO.cpu.time", "RS.cost", 
    "RS.gamma", "RS.data.balancing", "RS.feature.selection", 
    "RS.valid.acc", "RS.test.acc", "RS.train.time", "RS.n.support.vectors", 
    "RS.index", "RS.n.solutions", "RS.generations", "RS.n.evaluations", 
    "RS.cpu.time", "DF.cost", "DF.gamma", "DF.data.balancing", 
    "DF.feature.selection", "DF.valid.acc", "DF.test.acc", "DF.train.time", 
    "DF.n.support.vectors", "DF.index", "DF.n.solutions", "DF.generations", 
    "DF.n.evaluations", "DF.cpu.time")))
