full <-
structure(c(50, 55, 60, 65, 70, 75, 80, 85, 90, 95, 100, 2.56476, 
7.32707, 5.07602, 4.32432, 3.02345, 2.36665, 3.75233, 6.36697, 
3.97606, 3.87145, 3.9274, -5.84989, -11.13682, -8.8755, -8.03951, 
-7.13292, -6.05599, -7.85557, -5.81995, -4.55738, -7.48481, -6.94847, 
0, 0, 0, 0, 0, 0, 0, 0, 0, 0, 0, 0, 0, 0, 0, 0, 0, 0, 0, 0, 0, 
0, 0.80274, 0.81592, 0.81681, 0.82118, 0.82647, 0.8319, 0.83479, 
0.83986, 0.83364, 0.84255, 0.83986, 0.79665, 0.80883, 0.81849, 
0.81234, 0.8141, 0.81501, 0.82143, 0.83092, 0.83251, 0.83323, 
0.83643, 2.2133, 2.4225, 2.751, 3.2064, 3.6642, 3.939, 3.7429, 
4.2102, 5.6286, 5.3225, 6.0745, 636.2, 687.9, 752.4, 815.4, 879.3, 
944.5, 996.9, 1069.5, 1137.1, 1179.9, 1241, 894, 1452, 2297, 
1489, 1163, 1251, 1306, 492, 399, 870, 2402, 247, 36, 1, 33, 
36, 36, 26, 506, 306, 246, 3, 100, 100, 100, 100, 100, 100, 100, 
100, 100, 100, 100, 2500, 2500, 2500, 2500, 2500, 2500, 2500, 
2500, 2500, 2500, 2500, 64566.567, 71493.645, 80835.896, 95170.1520000001, 
108694.936, 119480.685, 117519.513, 125638.024, 156494.686, 152760.301, 
174975.567, 2.37003, 8.00188, 5.12862, 10.88049, 3.10334, 2.3307, 
4.28125, 13.4568, 9.19428, 4.08067, 0.91124, -5.6892, -11.84483, 
-8.71657, -14.70238, -7.24107, -6.15686, -8.43245, -5.83176, 
-4.55584, -7.42686, -5.22672, 0, 0, 0, 0, 0, 0, 0, 0, 0, 0, 0, 
0, 0, 0, 0, 0, 0, 0, 0, 0, 0, 0, 0.80022, 0.81476, 0.81596, 0.81997, 
0.82391, 0.82957, 0.8325, 0.83911, 0.83364, 0.83992, 0.83884, 
0.79545, 0.80883, 0.81966, 0.81426, 0.8151, 0.81761, 0.82226, 
0.83164, 0.83251, 0.83514, 0.83637, 2.0753, 2.5422, 2.8839, 3.2529, 
3.7864, 3.9478, 3.5423, 4.7448, 5.5407, 5.575, 6.5056, 636.1, 
687.6, 752.6, 804.5, 879, 943.9, 994.4, 1069.5, 1137.1, 1180.2, 
1254.2, 1667, 796, 1129, 208, 1949, 2059, 1256, 305, 1497, 4, 
466, 1, 2, 1, 6, 1, 1, 1, 2, 1, 1, 1, 100, 100, 100, 100, 100, 
100, 100, 100, 100, 100, 100, 2500, 2500, 2500, 2500, 2500, 2500, 
2500, 2500, 2500, 2500, 2500, 64121.558, 77608.742, 86228.032, 
101136.414, 108435.027, 115125.978, 112899.555, 143136.877, 150269.89, 
171673.52, 177557.704, 1, 1, 1, 1, 1, 1, 1, 1, 1, 1, 1, 0.01562, 
0.01562, 0.01562, 0.01562, 0.01562, 0.01562, 0.01562, 0.01562, 
0.01562, 0.01562, 0.01562, 0, 0, 0, 0, 0, 0, 0, 0, 0, 0, 0, 0, 
0, 0, 0, 0, 0, 0, 0, 0, 0, 0, 0.69385, 0.72212, 0.72232, 0.74317, 
0.75396, 0.77667, 0.79051, 0.80099, 0.80214, 0.81257, 0.81539, 
0.67845, 0.72402, 0.73072, 0.74789, 0.75847, 0.77847, 0.78977, 
0.80523, 0.79979, 0.80919, 0.81009, 2.2261, 2.5516, 3.0434, 3.4133, 
3.8285, 4.1067, 3.8394, 5.302, 5.2749, 6.0815, 5.9129, 637.5, 
699.2, 763.1, 823.5, 886.4, 948.7, 1011.7, 1074.7, 1137.6, 1196.6, 
1258.8, 1, 1, 1, 1, 1, 1, 1, 1, 1, 1, 1, 1, 1, 1, 1, 1, 1, 1, 
1, 1, 1, 1, 1, 1, 1, 1, 1, 1, 1, 1, 1, 1, 1, 1, 1, 1, 1, 1, 1, 
1, 1, 1, 1, 1, 26.266, 29.692, 35.395, 39.511, 43.736, 46.738, 
43.488, 59.708, 59.053, 68.133, 66.246), .Dim = c(11L, 40L), .Dimnames = list(
    NULL, c("Sampling", "PSO.cost", "PSO.gamma", "PSO.data.balancing", 
    "PSO.feature.selection", "PSO.valid.acc", "PSO.test.acc", 
    "PSO.train.time", "PSO.n.support.vectors", "PSO.index", "PSO.n.solutions", 
    "PSO.generations", "PSO.n.evaluations", "PSO.cpu.time", "RS.cost", 
    "RS.gamma", "RS.data.balancing", "RS.feature.selection", 
    "RS.valid.acc", "RS.test.acc", "RS.train.time", "RS.n.support.vectors", 
    "RS.index", "RS.n.solutions", "RS.generations", "RS.n.evaluations", 
    "RS.cpu.time", "DF.cost", "DF.gamma", "DF.data.balancing", 
    "DF.feature.selection", "DF.valid.acc", "DF.test.acc", "DF.train.time", 
    "DF.n.support.vectors", "DF.index", "DF.n.solutions", "DF.generations", 
    "DF.n.evaluations", "DF.cpu.time")))
