full <-
structure(c(50, 55, 60, 65, 70, 75, 80, 85, 90, 95, 100, 10.92224, 
4.25441, 9.32134, 4.1253, 5.28334, 4.64162, 10.21524, 5.70834, 
3.30161, 0.99534, 4.80466, -14.94564, -6.88586, -12.48418, -6.17647, 
-8.42364, -8.49435, -14.47648, -9.39358, -7.32098, -5.04344, 
-9.71067, 0, 0, 0, 0, 0, 0, 0, 0, 0, 0, 0, 0, 0, 0, 0, 0, 0, 
0, 0, 0, 0, 0, 0.79729, 0.80053, 0.81468, 0.82293, 0.82629, 0.82111, 
0.83823, 0.84131, 0.84501, 0.85417, 0.84623, 0.76914, 0.79828, 
0.80741, 0.80296, 0.81692, 0.81019, 0.82102, 0.84039, 0.83394, 
0.84753, 0.83641, 2.0736, 2.3639, 2.6877, 3.3345, 3.2374, 3.9116, 
3.6752, 4.4958, 4.8349, 5.8095, 5.8111, 626.4, 697.6, 747.9, 
825.2, 876, 933.7, 983.2, 1044.5, 1122.7, 1195.8, 1224.3, 1358, 
2099, 928, 820, 1887, 1334, 309, 559, 863, 685, 1001, 9, 26, 
32, 67, 1, 10, 21, 144, 152, 205, 31, 100, 100, 100, 100, 100, 
100, 100, 100, 100, 100, 100, 2500, 2500, 2500, 2500, 2500, 2500, 
2500, 2500, 2500, 2500, 2500, 62702.106, 70798.646, 77597.024, 
93804.303, 98278.863, 112772.94, 108760.081, 127377.407, 140942.056, 
158845.712, 162638.464, 3.72395, 8.55995, 1.73719, 3.76373, 3.10303, 
4.73178, 8.05809, 2.28743, 1.67893, 0.9986, 8.84082, -7.32008, 
-7.09804, -5.1776, -6.14312, -7.35174, -8.46561, -12.32687, -6.40364, 
-5.09853, -5.10683, -13.78989, 0, 0, 0, 0, 0, 0, 0, 0, 0, 0, 
0, 0, 0, 0, 0, 0, 0, 0, 0, 0, 0, 0, 0.79756, 0.79832, 0.81528, 
0.82201, 0.82515, 0.8203, 0.8375, 0.84081, 0.84235, 0.85225, 
0.84558, 0.78077, 0.79368, 0.81551, 0.80196, 0.81178, 0.80851, 
0.82021, 0.83759, 0.83812, 0.84622, 0.83463, 2.1757, 2.3241, 
2.9541, 3.122, 3.5563, 3.6279, 3.7323, 4.9716, 5.4319, 5.7506, 
5.5241, 633.9, 696.8, 763, 825.5, 882.9, 933.4, 983.4, 1065.3, 
1134.6, 1195.4, 1217.9, 1058, 76, 140, 1578, 1462, 1887, 1763, 
2220, 1900, 417, 1264, 1, 16, 1, 1, 1, 1, 1, 1, 1, 1, 1, 100, 
100, 100, 100, 100, 100, 100, 100, 100, 100, 100, 2500, 2500, 
2500, 2500, 2500, 2500, 2500, 2500, 2500, 2500, 2500, 64911.554, 
69822.249, 80603.595, 88703.166, 104279.551, 110360.61, 116370.223, 
137333.122, 152591.866, 158499.736, 177651.318, 1, 1, 1, 1, 1, 
1, 1, 1, 1, 1, 1, 0.01562, 0.01562, 0.01562, 0.01562, 0.01562, 
0.01562, 0.01562, 0.01562, 0.01562, 0.01562, 0.01562, 0, 0, 0, 
0, 0, 0, 0, 0, 0, 0, 0, 0, 0, 0, 0, 0, 0, 0, 0, 0, 0, 0, 0.7049, 
0.73186, 0.75247, 0.77167, 0.77581, 0.77646, 0.80289, 0.81256, 
0.81429, 0.81025, 0.81471, 0.70312, 0.73104, 0.75468, 0.76637, 
0.7726, 0.7844, 0.80335, 0.81287, 0.81513, 0.82144, 0.81932, 
2.0901, 2.654, 2.6748, 3.1764, 3.6587, 3.8631, 4.2672, 4.8341, 
5.1597, 5.7779, 6.1149, 636.8, 701.5, 763.8, 828.7, 890.6, 953, 
1014.3, 1075.1, 1137.3, 1198.3, 1257.3, 1, 1, 1, 1, 1, 1, 1, 
1, 1, 1, 1, 1, 1, 1, 1, 1, 1, 1, 1, 1, 1, 1, 1, 1, 1, 1, 1, 1, 
1, 1, 1, 1, 1, 1, 1, 1, 1, 1, 1, 1, 1, 1, 1, 1, 24.767, 31.004, 
31.015, 36.818, 41.914, 43.987, 48.203, 54.443, 58.16, 64.773, 
68.471), .Dim = c(11L, 40L), .Dimnames = list(NULL, c("Sampling", 
"PSO.cost", "PSO.gamma", "PSO.data.balancing", "PSO.feature.selection", 
"PSO.valid.acc", "PSO.test.acc", "PSO.train.time", "PSO.n.support.vectors", 
"PSO.index", "PSO.n.solutions", "PSO.generations", "PSO.n.evaluations", 
"PSO.cpu.time", "RS.cost", "RS.gamma", "RS.data.balancing", "RS.feature.selection", 
"RS.valid.acc", "RS.test.acc", "RS.train.time", "RS.n.support.vectors", 
"RS.index", "RS.n.solutions", "RS.generations", "RS.n.evaluations", 
"RS.cpu.time", "DF.cost", "DF.gamma", "DF.data.balancing", "DF.feature.selection", 
"DF.valid.acc", "DF.test.acc", "DF.train.time", "DF.n.support.vectors", 
"DF.index", "DF.n.solutions", "DF.generations", "DF.n.evaluations", 
"DF.cpu.time")))
