full <-
structure(c(50, 55, 60, 65, 70, 75, 80, 85, 90, 95, 100, 2.88918, 
2.59288, 2.83006, 5.88818, 1.48625, 1.93517, 0.78195, 2.51982, 
4.14783, 5.52598, 1.73073, -6.2228, -6.3349, -7.02789, -10.98162, 
-5.97711, -5.05326, -4.34405, -6.93108, -8.88, -10.01675, -5.41753, 
0, 0, 0, 0, 0, 0, 0, 0, 0, 0, 0, 0, 0, 0, 0, 0, 0, 0, 0, 0, 0, 
0, 0.77727, 0.79284, 0.79753, 0.81169, 0.82589, 0.82863, 0.82885, 
0.83277, 0.84559, 0.83673, 0.85026, 0.7744, 0.7829, 0.789, 0.78547, 
0.81122, 0.8128, 0.80786, 0.82611, 0.83513, 0.83013, 0.84086, 
2.1237, 2.5506, 2.6302, 2.725, 3.2017, 3.7247, 5.1281, 5.4679, 
5.7102, 5.054, 6.5392, 636.2, 697.9, 758.4, 812.5, 886.7, 951, 
1018.9, 1064.6, 1113.6, 1161.5, 1251, 1080, 1278, 2435, 632, 
1227, 2093, 1415, 2374, 588, 297, 2477, 48, 148, 1, 15, 140, 
16, 130, 1, 45, 117, 1, 100, 100, 100, 100, 100, 100, 100, 100, 
100, 100, 100, 2500, 2500, 2500, 2500, 2500, 2500, 2500, 2500, 
2500, 2500, 2500, 62200.131, 74091.868, 76476.851, 82135.501, 
93201.8979999999, 106432.437, 146019.932, 156678.086, 162617.104, 
142574.973, 174185.452, 1.87656, 2.09642, 2.94512, 4.97734, 1.89064, 
1.55781, 1.34818, 1.50096, 3.68044, 5.80246, 1.84878, -5.25179, 
-6.20968, -7.34046, -10.07551, -5.99152, -4.71928, -5.11534, 
-5.77078, -8.42492, -10.27987, -5.77445, 0, 0, 0, 0, 0, 0, 0, 
0, 0, 0, 0, 0, 0, 0, 0, 0, 0, 0, 0, 0, 0, 0, 0.77739, 0.78942, 
0.79426, 0.81172, 0.82127, 0.8236, 0.82701, 0.82995, 0.84489, 
0.83673, 0.84831, 0.77436, 0.77963, 0.78479, 0.78361, 0.81476, 
0.81777, 0.81406, 0.82606, 0.83511, 0.82879, 0.84202, 2.124, 
2.5256, 2.5956, 2.5868, 3.2997, 3.7425, 4.8724, 4.8159, 5.8139, 
5.1038, 6.0678, 637.5, 698.6, 757.9, 813.4, 886.2, 953.2, 1011.6, 
1069.6, 1117.3, 1160.6, 1249.3, 25, 486, 664, 952, 1793, 257, 
1613, 1559, 1416, 1112, 2066, 1, 1, 1, 1, 1, 1, 1, 1, 1, 1, 1, 
100, 100, 100, 100, 100, 100, 100, 100, 100, 100, 100, 2500, 
2500, 2500, 2500, 2500, 2500, 2500, 2500, 2500, 2500, 2500, 62683.579, 
72746.105, 76295.62, 83810.395, 95038.1259999999, 121747.059, 
144235.208, 146280.758, 164882.404, 155795.43, 174330.57, 1, 
1, 1, 1, 1, 1, 1, 1, 1, 1, 1, 0.01562, 0.01562, 0.01562, 0.01562, 
0.01562, 0.01562, 0.01562, 0.01562, 0.01562, 0.01562, 0.01562, 
0, 0, 0, 0, 0, 0, 0, 0, 0, 0, 0, 0, 0, 0, 0, 0, 0, 0, 0, 0, 0, 
0, 0.68108, 0.69913, 0.70185, 0.75312, 0.7677, 0.77738, 0.79371, 
0.80026, 0.80447, 0.80796, 0.81825, 0.66306, 0.68903, 0.72239, 
0.74071, 0.76172, 0.77675, 0.79847, 0.79019, 0.79698, 0.80244, 
0.81212, 2.1812, 2.4781, 2.7058, 2.934, 3.4296, 4.7912, 5.0434, 
4.7396, 5.1336, 5.752, 5.9393, 637.9, 700.7, 763.9, 827.1, 889.9, 
952.7, 1015.7, 1077, 1136.9, 1197.3, 1258.7, 1, 1, 1, 1, 1, 1, 
1, 1, 1, 1, 1, 1, 1, 1, 1, 1, 1, 1, 1, 1, 1, 1, 1, 1, 1, 1, 1, 
1, 1, 1, 1, 1, 1, 1, 1, 1, 1, 1, 1, 1, 1, 1, 1, 1, 25.801, 29.044, 
31.419, 33.725, 39.192, 55.145, 57.719, 53.19, 57.561, 64.508, 
66.328), .Dim = c(11L, 40L), .Dimnames = list(NULL, c("Sampling", 
"PSO.cost", "PSO.gamma", "PSO.data.balancing", "PSO.feature.selection", 
"PSO.valid.acc", "PSO.test.acc", "PSO.train.time", "PSO.n.support.vectors", 
"PSO.index", "PSO.n.solutions", "PSO.generations", "PSO.n.evaluations", 
"PSO.cpu.time", "RS.cost", "RS.gamma", "RS.data.balancing", "RS.feature.selection", 
"RS.valid.acc", "RS.test.acc", "RS.train.time", "RS.n.support.vectors", 
"RS.index", "RS.n.solutions", "RS.generations", "RS.n.evaluations", 
"RS.cpu.time", "DF.cost", "DF.gamma", "DF.data.balancing", "DF.feature.selection", 
"DF.valid.acc", "DF.test.acc", "DF.train.time", "DF.n.support.vectors", 
"DF.index", "DF.n.solutions", "DF.generations", "DF.n.evaluations", 
"DF.cpu.time")))
