full <-
structure(c(50, 55, 60, 65, 70, 75, 80, 85, 90, 95, 100, 2.87678, 
1.79357, 10.39828, 7.91907, 2.49528, 1.73541, 1.22406, 2.9186, 
2.106, 9.10462, 5.86662, -5.38823, -6.08186, -9.10719, -5.77871, 
-4.90876, -5.89819, -5.73458, -5.50529, -5.735, -5.70858, -9.20055, 
0, 0, 0, 0, 0, 0, 0, 0, 0, 0, 0, 0, 0, 0, 0, 0, 0, 0, 0, 0, 0, 
0, 0.78155, 0.78926, 0.80803, 0.81461, 0.81625, 0.83216, 0.83668, 
0.82951, 0.83703, 0.83892, 0.85253, 0.75825, 0.78707, 0.80853, 
0.79898, 0.80528, 0.82472, 0.82016, 0.81765, 0.83153, 0.83387, 
0.84507, 2.0614, 3.1332, 3.3535, 3.0917, 3.7786, 3.6895, 4.1185, 
4.8767, 5.1376, 5.6525, 6.224, 638, 698.9, 750.3, 821.1, 886.5, 
945.1, 1008, 1067.1, 1130.8, 1190.6, 1224.3, 412, 2297, 436, 
274, 1448, 1340, 2058, 1964, 1093, 491, 1106, 191, 3, 222, 996, 
28, 44, 11, 23, 115, 93, 44, 100, 100, 100, 100, 100, 100, 100, 
100, 100, 100, 100, 2500, 2500, 2500, 2500, 2500, 2500, 2500, 
2500, 2500, 2500, 2500, 61316.193, 79593.525, 95431.796, 88846.969, 
104243.72, 107282.352, 114202.752, 132554.276, 143210.676, 154821.98, 
177515.293, 2.77111, 1.63972, 12.743, 5.21215, 5.62847, 2.18634, 
2.41985, 6.39685, 2.04481, 2.41396, 5.29244, -5.40237, -6.05728, 
-9.14383, -5.75496, -4.91291, -6.23459, -7.01342, -5.61132, -5.67123, 
-7.04105, -9.01366, 0, 0, 0, 0, 0, 0, 0, 0, 0, 0, 0, 0, 0, 0, 
0, 0, 0, 0, 0, 0, 0, 0, 0.78155, 0.78678, 0.80803, 0.81461, 0.8154, 
0.8297, 0.83117, 0.82804, 0.83562, 0.83895, 0.85191, 0.75958, 
0.78823, 0.80853, 0.79898, 0.80529, 0.82576, 0.82007, 0.81912, 
0.83083, 0.83673, 0.84444, 2.0642, 3.3858, 2.9886, 3.081, 3.7454, 
3.7079, 3.8198, 4.9353, 5.1116, 5.2147, 6.5587, 637.8, 698.7, 
750.4, 821.2, 886.5, 944.5, 1003.8, 1067.1, 1131.4, 1187.1, 1225.9, 
481, 1635, 2044, 233, 403, 1309, 285, 447, 599, 2116, 2476, 1, 
1, 1, 2, 3, 1, 1, 6, 1, 1, 1, 100, 100, 100, 100, 100, 100, 100, 
100, 100, 100, 100, 2500, 2500, 2500, 2500, 2500, 2500, 2500, 
2500, 2500, 2500, 2500, 59900.082, 94288.347, 89834.376, 87188.356, 
100606.613, 103126.218, 114241.045, 139590.318, 145491.946, 155454.74, 
197406.692, 1, 1, 1, 1, 1, 1, 1, 1, 1, 1, 1, 0.01562, 0.01562, 
0.01562, 0.01562, 0.01562, 0.01562, 0.01562, 0.01562, 0.01562, 
0.01562, 0.01562, 0, 0, 0, 0, 0, 0, 0, 0, 0, 0, 0, 0, 0, 0, 0, 
0, 0, 0, 0, 0, 0, 0, 0.67785, 0.7225, 0.72853, 0.74426, 0.75858, 
0.78292, 0.78586, 0.78864, 0.80696, 0.80574, 0.81452, 0.67695, 
0.7069, 0.72805, 0.74515, 0.7616, 0.76908, 0.78118, 0.788, 0.80629, 
0.81471, 0.8112, 2.0784, 3.2641, 2.7098, 3.2415, 3.4291, 3.7268, 
3.9398, 4.9658, 5.1604, 5.0728, 6.6848, 638.4, 700.9, 763.6, 
824.5, 888.3, 951.9, 1013.9, 1075, 1138.1, 1198.4, 1258.8, 1, 
1, 1, 1, 1, 1, 1, 1, 1, 1, 1, 1, 1, 1, 1, 1, 1, 1, 1, 1, 1, 1, 
1, 1, 1, 1, 1, 1, 1, 1, 1, 1, 1, 1, 1, 1, 1, 1, 1, 1, 1, 1, 1, 
1, 24.603, 38.473, 31.514, 37.282, 39.288, 42.669, 44.674, 55.875, 
58.014, 56.984, 75.199), .Dim = c(11L, 40L), .Dimnames = list(
    NULL, c("Sampling", "PSO.cost", "PSO.gamma", "PSO.data.balancing", 
    "PSO.feature.selection", "PSO.valid.acc", "PSO.test.acc", 
    "PSO.train.time", "PSO.n.support.vectors", "PSO.index", "PSO.n.solutions", 
    "PSO.generations", "PSO.n.evaluations", "PSO.cpu.time", "RS.cost", 
    "RS.gamma", "RS.data.balancing", "RS.feature.selection", 
    "RS.valid.acc", "RS.test.acc", "RS.train.time", "RS.n.support.vectors", 
    "RS.index", "RS.n.solutions", "RS.generations", "RS.n.evaluations", 
    "RS.cpu.time", "DF.cost", "DF.gamma", "DF.data.balancing", 
    "DF.feature.selection", "DF.valid.acc", "DF.test.acc", "DF.train.time", 
    "DF.n.support.vectors", "DF.index", "DF.n.solutions", "DF.generations", 
    "DF.n.evaluations", "DF.cpu.time")))
