full <-
structure(c(50, 55, 60, 65, 70, 75, 80, 85, 90, 95, 100, 3.64127, 
1.88334, 2.18013, 6.8728, 4.72914, 2.55837, 11.16201, 2.79467, 
15, 15, 2.89879, -7.05383, -6.83475, -5.97508, -6.60491, -6.77662, 
-6.60012, -6.39403, -5.98226, -8.83229, -5.73656, -5.70467, 0, 
0, 0, 0, 0, 0, 0, 0, 0, 0, 0, 0, 0, 0, 0, 0, 0, 0, 0, 0, 0, 0, 
0.78288, 0.79194, 0.80507, 0.80591, 0.82081, 0.81936, 0.82607, 
0.82765, 0.82964, 0.84094, 0.85522, 0.7607, 0.78518, 0.8012, 
0.80417, 0.80731, 0.8091, 0.8234, 0.81572, 0.81382, 0.82846, 
0.84837, 2.0408, 2.3282, 2.5886, 2.8163, 3.0336, 3.4436, 3.8295, 
4.3991, 4.2816, 5.2477, 7.112, 632.6, 695.8, 758.3, 817.9, 880.2, 
941.2, 1001.5, 1064.6, 1107.8, 1190.5, 1248.4, 1984, 839, 1926, 
371, 1173, 1219, 352, 1434, 117, 443, 929, 19, 56, 20, 1135, 
151, 71, 839, 18, 902, 139, 319, 100, 100, 100, 100, 100, 100, 
100, 100, 100, 100, 100, 2500, 2500, 2500, 2500, 2500, 2500, 
2500, 2500, 2500, 2500, 2500, 60339.259, 66432.151, 75198.515, 
81021.816, 86521.0059999999, 98111.954, 107428.767, 124063.846, 
123572.198, 148032.653, 196391.537, 3.16388, 2.17828, 2.38741, 
7.86604, 10.7233, 2.94112, 11.52148, 4.64264, 7.61637, 10.46364, 
2.64764, -6.6298, -6.96836, -6.0813, -6.60522, -6.77667, -7.04674, 
-6.39192, -7.78557, -8.82023, -5.7296, -5.71468, 0, 0, 0, 0, 
0, 0, 0, 0, 0, 0, 0, 0, 0, 0, 0, 0, 0, 0, 0, 0, 0, 0, 0.77885, 
0.79066, 0.80401, 0.80591, 0.81906, 0.81684, 0.82607, 0.82679, 
0.82964, 0.8403, 0.85406, 0.76313, 0.78311, 0.80427, 0.80417, 
0.80731, 0.80914, 0.8234, 0.82233, 0.81382, 0.82975, 0.84581, 
1.9946, 2.3163, 2.6073, 2.7457, 2.9882, 3.5961, 3.8271, 4.1534, 
4.3964, 5.3611, 6.1789, 633, 695.3, 758.1, 818, 880.2, 938, 1001.5, 
1054.5, 1108, 1190.6, 1248.4, 1164, 886, 359, 303, 749, 775, 
1237, 2052, 1081, 283, 1198, 1, 1, 1, 3, 4, 1, 1, 1, 1, 1, 1, 
100, 100, 100, 100, 100, 100, 100, 100, 100, 100, 100, 2500, 
2500, 2500, 2500, 2500, 2500, 2500, 2500, 2500, 2500, 2500, 60459.016, 
68055.795, 73849.728, 79975.6259999999, 87073.505, 103184.829, 
109166.65, 124954.082, 135218.292, 154536.689, 183407.547, 1, 
1, 1, 1, 1, 1, 1, 1, 1, 1, 1, 0.01562, 0.01562, 0.01562, 0.01562, 
0.01562, 0.01562, 0.01562, 0.01562, 0.01562, 0.01562, 0.01562, 
0, 0, 0, 0, 0, 0, 0, 0, 0, 0, 0, 0, 0, 0, 0, 0, 0, 0, 0, 0, 0, 
0, 0.67873, 0.69809, 0.71118, 0.73091, 0.75805, 0.75578, 0.77992, 
0.78454, 0.8011, 0.80326, 0.82691, 0.6798, 0.71329, 0.7207, 0.73965, 
0.75429, 0.74616, 0.77533, 0.77742, 0.79542, 0.81115, 0.8258, 
2.1087, 2.3613, 2.5639, 2.8438, 2.9905, 3.6854, 3.8197, 4.4927, 
4.7351, 5.3904, 5.894, 635.7, 699.2, 761.9, 824.6, 888.2, 951.2, 
1012, 1073.3, 1135.5, 1197.3, 1258.7, 1, 1, 1, 1, 1, 1, 1, 1, 
1, 1, 1, 1, 1, 1, 1, 1, 1, 1, 1, 1, 1, 1, 1, 1, 1, 1, 1, 1, 1, 
1, 1, 1, 1, 1, 1, 1, 1, 1, 1, 1, 1, 1, 1, 1, 24.763, 27.64, 29.737, 
32.819, 34.395, 41.884, 43.275, 50.424, 53.114, 60.3, 65.757), .Dim = c(11L, 
40L), .Dimnames = list(NULL, c("Sampling", "PSO.cost", "PSO.gamma", 
"PSO.data.balancing", "PSO.feature.selection", "PSO.valid.acc", 
"PSO.test.acc", "PSO.train.time", "PSO.n.support.vectors", "PSO.index", 
"PSO.n.solutions", "PSO.generations", "PSO.n.evaluations", "PSO.cpu.time", 
"RS.cost", "RS.gamma", "RS.data.balancing", "RS.feature.selection", 
"RS.valid.acc", "RS.test.acc", "RS.train.time", "RS.n.support.vectors", 
"RS.index", "RS.n.solutions", "RS.generations", "RS.n.evaluations", 
"RS.cpu.time", "DF.cost", "DF.gamma", "DF.data.balancing", "DF.feature.selection", 
"DF.valid.acc", "DF.test.acc", "DF.train.time", "DF.n.support.vectors", 
"DF.index", "DF.n.solutions", "DF.generations", "DF.n.evaluations", 
"DF.cpu.time")))
