full <-
structure(c(50, 55, 60, 65, 70, 75, 80, 85, 90, 95, 100, 3.60675, 
9.79428, 8.64176, 2.17224, 2.93532, 2.70897, 1.90993, 3.45027, 
1.1349, 2.29108, 7.30862, -7.86532, -14.19832, -12.7831, -5.29397, 
-6.43047, -6.05912, -6.22116, -6.4815, -5.49234, -5.17595, -12.23849, 
0, 0, 0, 0, 0, 0, 0, 0, 0, 0, 0, 0, 0, 0, 0, 0, 0, 0, 0, 0, 0, 
0, 0.79304, 0.7975, 0.81032, 0.81831, 0.827, 0.82802, 0.82573, 
0.83975, 0.839, 0.84918, 0.85539, 0.77168, 0.78388, 0.80882, 
0.80845, 0.82889, 0.82406, 0.82688, 0.82817, 0.82692, 0.83202, 
0.83736, 2.0578, 2.3315, 2.7651, 3.2068, 3.4633, 4.1577, 5.0417, 
4.4794, 5.4403, 5.5992, 6.9494, 631, 684.2, 747.7, 825.1, 884.6, 
947.1, 1009.3, 1066.9, 1133.6, 1194.9, 1219.4, 1626, 257, 416, 
1452, 1729, 897, 646, 864, 2205, 516, 677, 1, 46, 19, 54, 1, 
33, 8, 71, 6, 389, 20, 100, 100, 100, 100, 100, 100, 100, 100, 
100, 100, 100, 2500, 2500, 2500, 2500, 2500, 2500, 2500, 2500, 
2500, 2500, 2500, 63223.709, 69538.203, 80484.369, 95367.8810000001, 
97732.607, 114419.38, 139807.632, 124765.558, 150668.196, 176775.206, 
208337.377, 3.59948, 5.4857, 10.69943, 2.35059, 3.86829, 3.03836, 
1.79656, 3.81042, 1.28867, 1.64423, 6.09149, -7.79611, -9.55796, 
-14.84042, -5.46309, -7.57644, -6.20696, -5.94072, -6.85711, 
-5.83617, -4.99831, -11.03152, 0, 0, 0, 0, 0, 0, 0, 0, 0, 0, 
0, 0, 0, 0, 0, 0, 0, 0, 0, 0, 0, 0, 0.78903, 0.79758, 0.81032, 
0.81739, 0.82364, 0.82641, 0.82166, 0.83899, 0.83556, 0.844, 
0.85413, 0.77288, 0.78046, 0.80988, 0.81041, 0.82796, 0.82316, 
0.82848, 0.82809, 0.82342, 0.82808, 0.83675, 2.1462, 2.329, 2.7646, 
3.0698, 3.3727, 4.041, 3.8648, 4.6594, 5.0434, 7.7417, 7.3955, 
630.7, 687.1, 747.2, 824.9, 879.9, 947.2, 1008.8, 1065.4, 1133.5, 
1196.2, 1220.4, 1179, 2445, 593, 1545, 1600, 1243, 1726, 1536, 
2245, 131, 992, 1, 1, 1, 1, 1, 1, 1, 1, 1, 1, 1, 100, 100, 100, 
100, 100, 100, 100, 100, 100, 100, 100, 2500, 2500, 2500, 2500, 
2500, 2500, 2500, 2500, 2500, 2500, 2500, 64988.991, 72522.253, 
85255.494, 87685.241, 104631.962, 116185.416, 117125.196, 133602.504, 
141298.972, 208700.789, 226348.595, 1, 1, 1, 1, 1, 1, 1, 1, 1, 
1, 1, 0.01562, 0.01562, 0.01562, 0.01562, 0.01562, 0.01562, 0.01562, 
0.01562, 0.01562, 0.01562, 0.01562, 0, 0, 0, 0, 0, 0, 0, 0, 0, 
0, 0, 0, 0, 0, 0, 0, 0, 0, 0, 0, 0, 0, 0.66385, 0.69717, 0.73514, 
0.75983, 0.77381, 0.78076, 0.79354, 0.80226, 0.80474, 0.8248, 
0.82116, 0.65259, 0.68902, 0.72776, 0.75929, 0.77866, 0.77909, 
0.7949, 0.80061, 0.80903, 0.81372, 0.82417, 2.2055, 2.6661, 3.0164, 
3.1583, 3.8529, 4.0933, 4.1324, 4.8545, 5.0063, 7.0696, 7.6769, 
637.7, 701.1, 764.8, 827.5, 890.1, 951.7, 1014.3, 1077.4, 1138.1, 
1199.6, 1259, 1, 1, 1, 1, 1, 1, 1, 1, 1, 1, 1, 1, 1, 1, 1, 1, 
1, 1, 1, 1, 1, 1, 1, 1, 1, 1, 1, 1, 1, 1, 1, 1, 1, 1, 1, 1, 1, 
1, 1, 1, 1, 1, 1, 1, 26.16, 31.301, 35.223, 36.492, 44.236, 46.789, 
46.862, 54.563, 56.274, 79.909, 86.092), .Dim = c(11L, 40L), .Dimnames = list(
    NULL, c("Sampling", "PSO.cost", "PSO.gamma", "PSO.data.balancing", 
    "PSO.feature.selection", "PSO.valid.acc", "PSO.test.acc", 
    "PSO.train.time", "PSO.n.support.vectors", "PSO.index", "PSO.n.solutions", 
    "PSO.generations", "PSO.n.evaluations", "PSO.cpu.time", "RS.cost", 
    "RS.gamma", "RS.data.balancing", "RS.feature.selection", 
    "RS.valid.acc", "RS.test.acc", "RS.train.time", "RS.n.support.vectors", 
    "RS.index", "RS.n.solutions", "RS.generations", "RS.n.evaluations", 
    "RS.cpu.time", "DF.cost", "DF.gamma", "DF.data.balancing", 
    "DF.feature.selection", "DF.valid.acc", "DF.test.acc", "DF.train.time", 
    "DF.n.support.vectors", "DF.index", "DF.n.solutions", "DF.generations", 
    "DF.n.evaluations", "DF.cpu.time")))
