full <-
structure(c(50, 55, 60, 65, 70, 75, 80, 85, 90, 95, 100, 9.82044, 
3.04094, 14.06, 4.33404, 1.88765, 3.59997, 5.17734, 2.9586, 2.33352, 
1.25649, 3.44857, -14.36121, -7.03062, -7.50129, -6.61019, -5.61961, 
-6.47694, -7.33461, -7.48529, -6.94882, -5.08065, -6.36512, 0, 
0, 0, 0, 0, 0, 0, 0, 0, 0, 0, 0, 0, 0, 0, 0, 0, 0, 0, 0, 0, 0, 
0.81834, 0.82946, 0.83976, 0.83614, 0.82975, 0.83689, 0.84368, 
0.84022, 0.83956, 0.85017, 0.84993, 0.81735, 0.81782, 0.82668, 
0.82528, 0.82874, 0.82785, 0.84362, 0.83009, 0.82797, 0.8368, 
0.84896, 2.2024, 2.8353, 2.5468, 3.6818, 4.2096, 4.4153, 4.5015, 
4.2493, 4.7416, 5.4372, 6.7734, 622.4, 694.1, 754, 820.5, 886.8, 
944.1, 996.9, 1060.1, 1124.4, 1193.5, 1244.9, 850, 1566, 351, 
1462, 1271, 1505, 183, 2029, 1615, 2090, 1626, 6, 36, 13, 10, 
20, 3, 547, 6, 43, 10, 51, 100, 100, 100, 100, 100, 100, 100, 
100, 100, 100, 100, 2500, 2500, 2500, 2500, 2500, 2500, 2500, 
2500, 2500, 2500, 2500, 68794.076, 81651.43, 74219.185, 101717.439, 
118854.723, 128350.019, 131741.449, 116955.022, 133966.633, 145574.51, 
193273.383, 12.212, 7.55913, 11.93452, 6.35296, 3.2213, 12.21444, 
5.72743, 5.32332, 1.13396, 2.33665, 2.91338, -6.47063, -11.57201, 
-14.38307, -6.62643, -6.80425, -5.98764, -7.60535, -8.24993, 
-4.83764, -6.68621, -5.77117, 0, 0, 0, 0, 0, 0, 0, 0, 0, 0, 0, 
0, 0, 0, 0, 0, 0, 0, 0, 0, 0, 0, 0.8174, 0.82715, 0.839, 0.83519, 
0.8271, 0.8353, 0.84291, 0.83795, 0.83616, 0.84866, 0.84856, 
0.8058, 0.81891, 0.82766, 0.82624, 0.82872, 0.83374, 0.84131, 
0.82862, 0.83203, 0.8335, 0.84891, 2.4614, 2.8012, 2.9963, 3.6436, 
4.0921, 4.4306, 4.4656, 4.0818, 5.1326, 5.2405, 7.0705, 633.6, 
684.2, 742.2, 820.4, 879.5, 948, 995.7, 1054.3, 1135.6, 1185.8, 
1249, 1915, 232, 38, 5, 1234, 985, 667, 681, 649, 447, 681, 1, 
3, 4, 14, 1, 3, 1, 2, 1, 1, 1, 100, 100, 100, 100, 100, 100, 
100, 100, 100, 100, 100, 2500, 2500, 2500, 2500, 2500, 2500, 
2500, 2500, 2500, 2500, 2500, 71852.93, 86709.08, 94402.182, 
105556.745, 119649.682, 125666.128, 125845.829, 124730.839, 139639.268, 
152644.028, 196874.506, 1, 1, 1, 1, 1, 1, 1, 1, 1, 1, 1, 0.01562, 
0.01562, 0.01562, 0.01562, 0.01562, 0.01562, 0.01562, 0.01562, 
0.01562, 0.01562, 0.01562, 0, 0, 0, 0, 0, 0, 0, 0, 0, 0, 0, 0, 
0, 0, 0, 0, 0, 0, 0, 0, 0, 0, 0.68763, 0.72717, 0.75831, 0.76735, 
0.77592, 0.7788, 0.79586, 0.80669, 0.81097, 0.81261, 0.8218, 
0.69129, 0.7396, 0.75107, 0.7696, 0.77126, 0.79609, 0.79269, 
0.8039, 0.80385, 0.80836, 0.82314, 2.4759, 3.0492, 3.3391, 3.7412, 
4.133, 4.4114, 4.0091, 4.4637, 4.9262, 5.4481, 6.9878, 637.5, 
700, 763.9, 827.2, 889, 953.7, 1014.3, 1075.2, 1138.1, 1197.3, 
1258.9, 1, 1, 1, 1, 1, 1, 1, 1, 1, 1, 1, 1, 1, 1, 1, 1, 1, 1, 
1, 1, 1, 1, 1, 1, 1, 1, 1, 1, 1, 1, 1, 1, 1, 1, 1, 1, 1, 1, 1, 
1, 1, 1, 1, 1, 29.482, 35.984, 38.98, 43.419, 47.696, 51.004, 
45.31, 50.097, 55.174, 61.061, 78.432), .Dim = c(11L, 40L), .Dimnames = list(
    NULL, c("Sampling", "PSO.cost", "PSO.gamma", "PSO.data.balancing", 
    "PSO.feature.selection", "PSO.valid.acc", "PSO.test.acc", 
    "PSO.train.time", "PSO.n.support.vectors", "PSO.index", "PSO.n.solutions", 
    "PSO.generations", "PSO.n.evaluations", "PSO.cpu.time", "RS.cost", 
    "RS.gamma", "RS.data.balancing", "RS.feature.selection", 
    "RS.valid.acc", "RS.test.acc", "RS.train.time", "RS.n.support.vectors", 
    "RS.index", "RS.n.solutions", "RS.generations", "RS.n.evaluations", 
    "RS.cpu.time", "DF.cost", "DF.gamma", "DF.data.balancing", 
    "DF.feature.selection", "DF.valid.acc", "DF.test.acc", "DF.train.time", 
    "DF.n.support.vectors", "DF.index", "DF.n.solutions", "DF.generations", 
    "DF.n.evaluations", "DF.cpu.time")))
