full <-
structure(c(50, 55, 60, 65, 70, 75, 80, 85, 90, 95, 100, 3.09902, 
14.5193, 12.85944, 3.51759, 2.32582, 9.56041, 3.44954, 5.44904, 
2.13939, 6.91792, 6.7206, -5.98238, -5.33195, -5.63733, -8.86783, 
-7.09354, -5.24722, -6.76602, -7.45082, -5.66976, -10.62626, 
-10.88361, 0, 0, 0, 0, 0, 0, 0, 0, 0, 0, 0, 0, 0, 0, 0, 0, 0, 
0, 0, 0, 0, 0, 0.79728, 0.79788, 0.82023, 0.82983, 0.83424, 0.84641, 
0.847, 0.84689, 0.84424, 0.85707, 0.84963, 0.79224, 0.80303, 
0.80453, 0.82968, 0.82394, 0.83755, 0.84176, 0.83565, 0.8383, 
0.85281, 0.83615, 2.0495, 2.3242, 2.6458, 3.0042, 3.3847, 4.0268, 
3.9938, 4.3066, 6.2962, 6.4632, 5.286, 635.7, 699.4, 762.8, 816.2, 
882.3, 949.1, 1005, 1059.4, 1130.1, 1157.4, 1216.8, 909, 160, 
1089, 2031, 1338, 162, 1891, 1007, 1687, 738, 496, 192, 750, 
3, 1, 11, 923, 79, 77, 36, 85, 42, 100, 100, 100, 100, 100, 100, 
100, 100, 100, 100, 100, 2500, 2500, 2500, 2500, 2500, 2500, 
2500, 2500, 2500, 2500, 2500, 60588.73, 68835.638, 76592.653, 
93076.681, 95211.664, 114273.505, 109811.818, 125831.513, 159431.183, 
176375.38, 156825.86, 2.76814, 5.90436, 13.99291, 1.67691, 9.98381, 
13.64812, 7.07859, 5.64652, 2.05615, 9.41109, 8.13547, -5.95555, 
-5.26161, -5.63749, -6.62047, -14.93384, -5.24163, -10.27539, 
-7.489, -5.75635, -12.99218, -12.31306, 0, 0, 0, 0, 0, 0, 0, 
0, 0, 0, 0, 0, 0, 0, 0, 0, 0, 0, 0, 0, 0, 0, 0.79603, 0.79788, 
0.82023, 0.83056, 0.83237, 0.84641, 0.84492, 0.84684, 0.84278, 
0.85705, 0.84839, 0.7922, 0.80064, 0.80453, 0.81813, 0.81943, 
0.83755, 0.83414, 0.83568, 0.83967, 0.85224, 0.83615, 2.0765, 
2.3466, 3.4518, 2.9675, 3.3486, 3.6297, 3.757, 4.6455, 6.3789, 
5.7487, 5.7533, 635.6, 699.7, 762.8, 822.2, 870.9, 949.1, 987.6, 
1059, 1129.6, 1154.1, 1214.7, 50, 194, 1164, 1844, 330, 1201, 
2034, 310, 758, 1233, 446, 12, 11, 1, 1, 2, 2, 1, 9, 1, 1, 2, 
100, 100, 100, 100, 100, 100, 100, 100, 100, 100, 100, 2500, 
2500, 2500, 2500, 2500, 2500, 2500, 2500, 2500, 2500, 2500, 60176.467, 
68393.288, 89525.339, 86302.771, 112705.985, 104419.879, 115205.398, 
139137.678, 180309.221, 171862.36, 173132.489, 1, 1, 1, 1, 1, 
1, 1, 1, 1, 1, 1, 0.01562, 0.01562, 0.01562, 0.01562, 0.01562, 
0.01562, 0.01562, 0.01562, 0.01562, 0.01562, 0.01562, 0, 0, 0, 
0, 0, 0, 0, 0, 0, 0, 0, 0, 0, 0, 0, 0, 0, 0, 0, 0, 0, 0, 0.70243, 
0.71923, 0.73929, 0.77686, 0.78222, 0.79467, 0.80434, 0.80599, 
0.80411, 0.81712, 0.81269, 0.6922, 0.70608, 0.74557, 0.77585, 
0.78189, 0.78945, 0.8025, 0.79981, 0.80814, 0.82481, 0.81603, 
2.0382, 2.3959, 3.3207, 3.0443, 4.2852, 3.6244, 3.9307, 4.9371, 
6.4904, 5.4154, 5.7927, 636.4, 700, 764, 826.8, 890.5, 951.6, 
1012.9, 1075.4, 1136, 1198.3, 1258.7, 1, 1, 1, 1, 1, 1, 1, 1, 
1, 1, 1, 1, 1, 1, 1, 1, 1, 1, 1, 1, 1, 1, 1, 1, 1, 1, 1, 1, 1, 
1, 1, 1, 1, 1, 1, 1, 1, 1, 1, 1, 1, 1, 1, 1, 24.16, 28.15, 39.051, 
35.103, 49.625, 41.174, 44.659, 55.613, 73.285, 60.56, 64.676
), .Dim = c(11L, 40L), .Dimnames = list(NULL, c("Sampling", "PSO.cost", 
"PSO.gamma", "PSO.data.balancing", "PSO.feature.selection", "PSO.valid.acc", 
"PSO.test.acc", "PSO.train.time", "PSO.n.support.vectors", "PSO.index", 
"PSO.n.solutions", "PSO.generations", "PSO.n.evaluations", "PSO.cpu.time", 
"RS.cost", "RS.gamma", "RS.data.balancing", "RS.feature.selection", 
"RS.valid.acc", "RS.test.acc", "RS.train.time", "RS.n.support.vectors", 
"RS.index", "RS.n.solutions", "RS.generations", "RS.n.evaluations", 
"RS.cpu.time", "DF.cost", "DF.gamma", "DF.data.balancing", "DF.feature.selection", 
"DF.valid.acc", "DF.test.acc", "DF.train.time", "DF.n.support.vectors", 
"DF.index", "DF.n.solutions", "DF.generations", "DF.n.evaluations", 
"DF.cpu.time")))
