full <-
structure(c(50, 55, 60, 65, 70, 75, 80, 85, 90, 95, 100, 4.35183, 
1.77843, 3.42486, 2.19372, 3.72668, 9.38717, 5.0208, 2.11955, 
2.48872, 3.63601, 2.59391, -7.22101, -6.52762, -8.26783, -6.12065, 
-7.99696, -13.84736, -9.50853, -6.13524, -5.89216, -7.99194, 
-6.44685, 0, 0, 0, 0, 0, 0, 0, 0, 0, 0, 0, 0, 0, 0, 0, 0, 0, 
0, 0, 0, 0, 0, 0.78064, 0.78417, 0.80591, 0.80582, 0.83395, 0.82539, 
0.83299, 0.84078, 0.83902, 0.8438, 0.84654, 0.76305, 0.78086, 
0.79937, 0.79538, 0.83143, 0.81562, 0.82042, 0.82783, 0.834, 
0.84043, 0.838, 2.1377, 2.7591, 2.5078, 2.8009, 3.1325, 3.4075, 
3.4175, 4.3758, 5.1046, 4.6533, 5.8936, 637.6, 702.3, 760.6, 
826.5, 880.5, 927.6, 992.3, 1069.8, 1131.6, 1175.2, 1244.1, 861, 
1372, 2152, 600, 2007, 681, 2146, 2048, 1309, 798, 2227, 106, 
3, 1, 28, 9, 25, 1, 2, 269, 29, 6, 100, 100, 100, 100, 100, 100, 
100, 100, 100, 100, 100, 2500, 2500, 2500, 2500, 2500, 2500, 
2500, 2500, 2500, 2500, 2500, 64909.44, 74341.54, 76532.971, 
84983.865, 84239.26, 98779.561, 98122.1429999999, 121607.066, 
138444.089, 135888.707, 149591.335, 4.84802, 2.97592, 3.18831, 
8.32917, 4.84977, 3.72205, 6.96435, 2.38007, 2.74691, 3.85106, 
3.33447, -7.24535, -6.58832, -8.16485, -5.05395, -9.21931, -8.09881, 
-11.20803, -6.44514, -6.3696, -8.11198, -7.23624, 0, 0, 0, 0, 
0, 0, 0, 0, 0, 0, 0, 0, 0, 0, 0, 0, 0, 0, 0, 0, 0, 0, 0.78049, 
0.78336, 0.80379, 0.80476, 0.82866, 0.82398, 0.83292, 0.83922, 
0.83752, 0.84182, 0.84586, 0.76287, 0.784, 0.80221, 0.78538, 
0.82881, 0.8183, 0.82124, 0.82927, 0.83615, 0.84101, 0.83734, 
2.2864, 2.488, 2.5406, 3.1692, 2.9779, 3.1054, 3.347, 4.3991, 
4.5824, 4.6151, 4.8523, 637.6, 701.6, 761.1, 827.6, 876, 938.4, 
987.8, 1067.8, 1129, 1173.2, 1241, 697, 1538, 770, 6, 1379, 1366, 
457, 1563, 685, 1849, 1888, 1, 1, 1, 4, 2, 1, 1, 1, 1, 2, 1, 
100, 100, 100, 100, 100, 100, 100, 100, 100, 100, 100, 2500, 
2500, 2500, 2500, 2500, 2500, 2500, 2500, 2500, 2500, 2500, 63765.286, 
76225.702, 74590.665, 83259.778, 89836.491, 98802.286, 106817.953, 
124461.625, 140710.303, 142403.649, 160888.086, 1, 1, 1, 1, 1, 
1, 1, 1, 1, 1, 1, 0.01562, 0.01562, 0.01562, 0.01562, 0.01562, 
0.01562, 0.01562, 0.01562, 0.01562, 0.01562, 0.01562, 0, 0, 0, 
0, 0, 0, 0, 0, 0, 0, 0, 0, 0, 0, 0, 0, 0, 0, 0, 0, 0, 0, 0.65755, 
0.69382, 0.71185, 0.74639, 0.76808, 0.77125, 0.78302, 0.78876, 
0.80556, 0.80575, 0.82416, 0.65921, 0.69636, 0.71928, 0.74056, 
0.7692, 0.78703, 0.78295, 0.78091, 0.80095, 0.80607, 0.82283, 
2.0423, 2.528, 2.6547, 2.967, 3.5273, 3.3819, 3.9485, 4.6857, 
4.7769, 5.08, 5.4244, 639.6, 703.7, 766.6, 829.4, 893.1, 952, 
1014.8, 1077.8, 1139.3, 1200.3, 1257.9, 1, 1, 1, 1, 1, 1, 1, 
1, 1, 1, 1, 1, 1, 1, 1, 1, 1, 1, 1, 1, 1, 1, 1, 1, 1, 1, 1, 1, 
1, 1, 1, 1, 1, 1, 1, 1, 1, 1, 1, 1, 1, 1, 1, 1, 24.541, 29.901, 
31.104, 34.105, 40.743, 38.688, 45.091, 53.762, 54.573, 57.268, 
61.432), .Dim = c(11L, 40L), .Dimnames = list(NULL, c("Sampling", 
"PSO.cost", "PSO.gamma", "PSO.data.balancing", "PSO.feature.selection", 
"PSO.valid.acc", "PSO.test.acc", "PSO.train.time", "PSO.n.support.vectors", 
"PSO.index", "PSO.n.solutions", "PSO.generations", "PSO.n.evaluations", 
"PSO.cpu.time", "RS.cost", "RS.gamma", "RS.data.balancing", "RS.feature.selection", 
"RS.valid.acc", "RS.test.acc", "RS.train.time", "RS.n.support.vectors", 
"RS.index", "RS.n.solutions", "RS.generations", "RS.n.evaluations", 
"RS.cpu.time", "DF.cost", "DF.gamma", "DF.data.balancing", "DF.feature.selection", 
"DF.valid.acc", "DF.test.acc", "DF.train.time", "DF.n.support.vectors", 
"DF.index", "DF.n.solutions", "DF.generations", "DF.n.evaluations", 
"DF.cpu.time")))
