full <-
structure(c(50, 55, 60, 65, 70, 75, 80, 85, 90, 95, 100, 5.90576, 
2.78421, 3.12535, 3.22058, 1.93931, 3.66731, 2.54993, 2.5996, 
2.79894, 2.22622, 2.78549, -10.21465, -6.99919, -6.55954, -7.42389, 
-6.54572, -6.81026, -6.41179, -6.25199, -6.38589, -4.58305, -6.12221, 
0, 0, 0, 0, 0, 0, 0, 0, 0, 0, 0, 0, 0, 0, 0, 0, 0, 0, 0, 0, 0, 
0, 0.7922, 0.79372, 0.81422, 0.8184, 0.82312, 0.82513, 0.82595, 
0.83879, 0.84524, 0.84426, 0.84955, 0.78942, 0.78185, 0.81232, 
0.80389, 0.81257, 0.8116, 0.81738, 0.83286, 0.83406, 0.84088, 
0.84313, 2.0149, 2.3255, 2.7742, 3.1679, 3.3966, 3.8139, 4.3273, 
5.0942, 5.2485, 6.0319, 6.1405, 628.3, 697.3, 760.5, 821.4, 882.3, 
943.7, 1005.7, 1064.9, 1126.2, 1195.9, 1246, 112, 1189, 1206, 
2488, 2297, 1741, 1851, 1416, 1135, 1462, 1225, 100, 61, 85, 
1, 5, 12, 17, 10, 216, 79, 50, 100, 100, 100, 100, 100, 100, 
100, 100, 100, 100, 100, 2500, 2500, 2500, 2500, 2500, 2500, 
2500, 2500, 2500, 2500, 2500, 60356.257, 69945.437, 80427.457, 
93457.781, 96175.894, 106261.427, 119056.093, 129908.334, 146348.445, 
162782.322, 168352.423, 7.86789, 2.54933, 3.10677, 2.99881, 2.72382, 
3.69746, 3.0271, 2.51233, 2.50249, 2.47661, 3.9126, -12.14463, 
-7.53293, -6.40528, -7.13792, -6.79357, -6.81993, -6.89765, -6.15344, 
-6.38365, -4.68863, -7.67582, 0, 0, 0, 0, 0, 0, 0, 0, 0, 0, 0, 
0, 0, 0, 0, 0, 0, 0, 0, 0, 0, 0, 0.7922, 0.79029, 0.81114, 0.81637, 
0.82054, 0.82342, 0.82427, 0.83658, 0.84309, 0.84292, 0.84827, 
0.78942, 0.78361, 0.81031, 0.80493, 0.81154, 0.81076, 0.81347, 
0.83058, 0.83465, 0.84029, 0.84125, 1.9781, 2.3439, 2.8898, 3.2518, 
3.3702, 3.6625, 4.0688, 4.7631, 4.8886, 6.1886, 5.8536, 627, 
696.9, 761.1, 821.8, 881.6, 943.7, 1004.4, 1065, 1126.3, 1194.8, 
1237.3, 140, 159, 2152, 892, 1634, 97, 1092, 1202, 1792, 967, 
1677, 10, 1, 1, 1, 1, 1, 1, 2, 1, 1, 2, 100, 100, 100, 100, 100, 
100, 100, 100, 100, 100, 100, 2500, 2500, 2500, 2500, 2500, 2500, 
2500, 2500, 2500, 2500, 2500, 61556.934, 72883.423, 80719.417, 
92161.005, 96498.306, 106549.067, 120481.395, 135438.428, 142361.558, 
165494.284, 176218.089, 1, 1, 1, 1, 1, 1, 1, 1, 1, 1, 1, 0.01562, 
0.01562, 0.01562, 0.01562, 0.01562, 0.01562, 0.01562, 0.01562, 
0.01562, 0.01562, 0.01562, 0, 0, 0, 0, 0, 0, 0, 0, 0, 0, 0, 0, 
0, 0, 0, 0, 0, 0, 0, 0, 0, 0, 0.67976, 0.71231, 0.74244, 0.74322, 
0.75869, 0.76263, 0.78776, 0.7881, 0.80073, 0.81699, 0.82632, 
0.68337, 0.7122, 0.73427, 0.75097, 0.75334, 0.77175, 0.78174, 
0.79404, 0.80438, 0.81546, 0.82468, 2.1329, 2.5337, 2.7992, 3.0687, 
3.5956, 3.9892, 4.4687, 5.0708, 5.1995, 5.7894, 6.5548, 638, 
701.3, 764.3, 827.4, 887.1, 951, 1012.2, 1074.5, 1134.9, 1197, 
1258.9, 1, 1, 1, 1, 1, 1, 1, 1, 1, 1, 1, 1, 1, 1, 1, 1, 1, 1, 
1, 1, 1, 1, 1, 1, 1, 1, 1, 1, 1, 1, 1, 1, 1, 1, 1, 1, 1, 1, 1, 
1, 1, 1, 1, 1, 25.222, 29.667, 32.704, 35.587, 41.144, 45.524, 
50.56, 57.044, 58.359, 65.32, 73.32), .Dim = c(11L, 40L), .Dimnames = list(
    NULL, c("Sampling", "PSO.cost", "PSO.gamma", "PSO.data.balancing", 
    "PSO.feature.selection", "PSO.valid.acc", "PSO.test.acc", 
    "PSO.train.time", "PSO.n.support.vectors", "PSO.index", "PSO.n.solutions", 
    "PSO.generations", "PSO.n.evaluations", "PSO.cpu.time", "RS.cost", 
    "RS.gamma", "RS.data.balancing", "RS.feature.selection", 
    "RS.valid.acc", "RS.test.acc", "RS.train.time", "RS.n.support.vectors", 
    "RS.index", "RS.n.solutions", "RS.generations", "RS.n.evaluations", 
    "RS.cpu.time", "DF.cost", "DF.gamma", "DF.data.balancing", 
    "DF.feature.selection", "DF.valid.acc", "DF.test.acc", "DF.train.time", 
    "DF.n.support.vectors", "DF.index", "DF.n.solutions", "DF.generations", 
    "DF.n.evaluations", "DF.cpu.time")))
