full <-
structure(c(50, 55, 60, 65, 70, 75, 80, 85, 90, 95, 100, 3.28591, 
4.86853, 5.06682, 2.30368, 11.93516, 10.99959, 1.97287, 3.54847, 
1.51344, 3.48687, 3.37817, -7.2721, -8.60469, -7.76516, -4.98636, 
-4.66181, -15, -5.39231, -7.55108, -4.88128, -6.54686, -6.84603, 
0, 0, 0, 0, 0, 0, 0, 0, 0, 0, 0, 0, 0, 0, 0, 0, 0, 0, 0, 0, 0, 
0, 0.8094, 0.80654, 0.80799, 0.83166, 0.83769, 0.84458, 0.83085, 
0.84796, 0.8355, 0.85024, 0.84256, 0.79961, 0.78994, 0.81526, 
0.82018, 0.83051, 0.83369, 0.81815, 0.83923, 0.8306, 0.83716, 
0.83757, 2.3447, 3.09, 3.2772, 3.7785, 3.6228, 4.271, 4.4994, 
4.896, 5.4412, 6.0215, 6.1834, 635.4, 693.4, 758.6, 826.9, 888.3, 
926.3, 1007.4, 1056.2, 1131.6, 1184.4, 1242.1, 2069, 1948, 1237, 
1864, 654, 270, 1195, 1344, 1103, 1341, 1098, 5, 12, 23, 26, 
213, 32, 30, 128, 56, 97, 128, 100, 100, 100, 100, 100, 100, 
100, 100, 100, 100, 100, 2500, 2500, 2500, 2500, 2500, 2500, 
2500, 2500, 2500, 2500, 2500, 72633.621, 94180.709, 102534.722, 
110504.344, 104598.153, 119487.464, 128348.27, 152733.198, 154424.284, 
170862.923, 174623.77, 3.22874, 5.3821, 10.76123, 2.16864, 1.10816, 
9.0625, 4.35637, 3.47202, 3.26777, 2.89741, 3.23622, -7.21141, 
-9.20815, -7.55468, -4.87014, -4.66898, -13.0692, -5.38717, -7.43031, 
-6.52563, -6.68281, -6.66301, 0, 0, 0, 0, 0, 0, 0, 0, 0, 0, 0, 
0, 0, 0, 0, 0, 0, 0, 0, 0, 0, 0, 0.80805, 0.80535, 0.8071, 0.82882, 
0.83688, 0.84374, 0.83076, 0.84651, 0.83367, 0.84584, 0.84127, 
0.79961, 0.79216, 0.81214, 0.81926, 0.82614, 0.83369, 0.81976, 
0.83851, 0.83059, 0.83704, 0.83813, 2.5345, 2.8884, 3.2567, 3.5207, 
3.696, 4.0093, 4.2641, 5.0829, 5.2192, 6.1355, 6.254, 635.6, 
691.5, 758.7, 827.5, 888.2, 926.7, 1007.8, 1057, 1123.8, 1184.6, 
1243.4, 8, 1010, 347, 2449, 1090, 861, 214, 1069, 1350, 2004, 
412, 1, 1, 8, 2, 1, 1, 3, 1, 1, 1, 1, 100, 100, 100, 100, 100, 
100, 100, 100, 100, 100, 100, 2500, 2500, 2500, 2500, 2500, 2500, 
2500, 2500, 2500, 2500, 2500, 79174.579, 93352.379, 100496.226, 
103767.256, 104778.394, 126031.744, 121197.532, 154575.575, 153179.649, 
173711.149, 187680.53, 1, 1, 1, 1, 1, 1, 1, 1, 1, 1, 1, 0.01562, 
0.01562, 0.01562, 0.01562, 0.01562, 0.01562, 0.01562, 0.01562, 
0.01562, 0.01562, 0.01562, 0, 0, 0, 0, 0, 0, 0, 0, 0, 0, 0, 0, 
0, 0, 0, 0, 0, 0, 0, 0, 0, 0, 0.66876, 0.70883, 0.73218, 0.77287, 
0.79025, 0.79605, 0.78513, 0.8074, 0.80395, 0.80192, 0.81489, 
0.68398, 0.70927, 0.74584, 0.77206, 0.78877, 0.78687, 0.78187, 
0.80218, 0.80676, 0.80074, 0.81751, 2.9142, 3.1855, 3.633, 3.5098, 
3.5364, 4.5366, 4.2767, 5.4404, 5.4517, 6.3077, 6.5965, 638.4, 
701.9, 764.6, 827.2, 887.8, 949.7, 1012.7, 1071.8, 1134.8, 1195.3, 
1260.2, 1, 1, 1, 1, 1, 1, 1, 1, 1, 1, 1, 1, 1, 1, 1, 1, 1, 1, 
1, 1, 1, 1, 1, 1, 1, 1, 1, 1, 1, 1, 1, 1, 1, 1, 1, 1, 1, 1, 1, 
1, 1, 1, 1, 1, 35.386, 38.443, 43.812, 40.593, 40.995, 52.1, 
48.674, 61.365, 61.352, 70.986, 74.143), .Dim = c(11L, 40L), .Dimnames = list(
    NULL, c("Sampling", "PSO.cost", "PSO.gamma", "PSO.data.balancing", 
    "PSO.feature.selection", "PSO.valid.acc", "PSO.test.acc", 
    "PSO.train.time", "PSO.n.support.vectors", "PSO.index", "PSO.n.solutions", 
    "PSO.generations", "PSO.n.evaluations", "PSO.cpu.time", "RS.cost", 
    "RS.gamma", "RS.data.balancing", "RS.feature.selection", 
    "RS.valid.acc", "RS.test.acc", "RS.train.time", "RS.n.support.vectors", 
    "RS.index", "RS.n.solutions", "RS.generations", "RS.n.evaluations", 
    "RS.cpu.time", "DF.cost", "DF.gamma", "DF.data.balancing", 
    "DF.feature.selection", "DF.valid.acc", "DF.test.acc", "DF.train.time", 
    "DF.n.support.vectors", "DF.index", "DF.n.solutions", "DF.generations", 
    "DF.n.evaluations", "DF.cpu.time")))
