full <-
structure(c(50, 55, 60, 65, 70, 75, 80, 85, 90, 95, 100, 2.87695, 
3.77863, 2.0817, 1.90483, 2.82536, 2.597, 1.98089, 1.81831, 4.65858, 
3.93681, 2.08286, -5.56927, -8.53473, -5.52916, -5.25434, -5.70405, 
-5.48382, -5.47029, -4.98245, -6.62905, -8.7797, -4.91645, 0, 
0, 0, 0, 0, 0, 0, 0, 0, 0, 0, 0, 0, 0, 0, 0, 0, 0, 0, 0, 0, 0, 
0.81342, 0.8247, 0.83163, 0.83951, 0.82898, 0.84023, 0.84784, 
0.8369, 0.84951, 0.84548, 0.844, 0.80633, 0.81022, 0.81824, 0.83252, 
0.83299, 0.83195, 0.82984, 0.83214, 0.8431, 0.84048, 0.8367, 
2.3801, 2.4527, 2.5611, 3.1754, 3.1468, 3.5528, 3.8387, 4.2821, 
4.7379, 4.677, 5.536, 635.3, 692.7, 761.8, 823.8, 885.1, 946.8, 
1005.5, 1071.3, 1124.1, 1170.3, 1254.2, 704, 2082, 2179, 1055, 
1751, 1325, 719, 209, 2281, 1479, 503, 86, 2, 6, 273, 105, 52, 
29, 327, 2, 2, 121, 100, 100, 100, 100, 100, 100, 100, 100, 100, 
100, 100, 2500, 2500, 2500, 2500, 2500, 2500, 2500, 2500, 2500, 
2500, 2500, 70131.624, 69167.362, 77422.785, 88483.583, 92533.064, 
104369.12, 106990.431, 120504.418, 132673.826, 137451.296, 155283.736, 
5.2544, 3.79344, 2.04147, 1.53426, 12.4561, 2.86886, 2.31533, 
2.0104, 13.37304, 3.30943, 2.66221, -5.49607, -8.55376, -5.49773, 
-5.17357, -5.71294, -5.52492, -5.53331, -5.00166, -6.63632, -8.17367, 
-5.71475, 0, 0, 0, 0, 0, 0, 0, 0, 0, 0, 0, 0, 0, 0, 0, 0, 0, 
0, 0, 0, 0, 0, 0.81339, 0.82137, 0.83061, 0.83473, 0.82733, 0.83765, 
0.84624, 0.83536, 0.84815, 0.84415, 0.84204, 0.80629, 0.81022, 
0.81926, 0.83059, 0.83392, 0.83366, 0.83284, 0.83054, 0.84246, 
0.8372, 0.84303, 2.2697, 2.7295, 2.5766, 2.9148, 3.2043, 3.3919, 
3.7513, 4.3695, 4.738, 4.3035, 5.7814, 635.5, 692.1, 761.8, 823.7, 
885.1, 946.6, 1005.5, 1071.6, 1124.1, 1174.9, 1249.9, 9, 1791, 
1394, 527, 519, 1894, 65, 2267, 252, 1666, 901, 22, 1, 1, 1, 
1, 1, 1, 1, 2, 1, 1, 100, 100, 100, 100, 100, 100, 100, 100, 
100, 100, 100, 2500, 2500, 2500, 2500, 2500, 2500, 2500, 2500, 
2500, 2500, 2500, 61641.868, 79425.508, 74844.454, 84305.917, 
89637.9820000001, 97278.715, 105340.642, 125422.273, 138570.289, 
141416.918, 156276.708, 1, 1, 1, 1, 1, 1, 1, 1, 1, 1, 1, 0.01562, 
0.01562, 0.01562, 0.01562, 0.01562, 0.01562, 0.01562, 0.01562, 
0.01562, 0.01562, 0.01562, 0, 0, 0, 0, 0, 0, 0, 0, 0, 0, 0, 0, 
0, 0, 0, 0, 0, 0, 0, 0, 0, 0, 0.69601, 0.7242, 0.73699, 0.77328, 
0.77754, 0.77472, 0.79691, 0.80221, 0.80923, 0.80616, 0.80841, 
0.70265, 0.73109, 0.73787, 0.7712, 0.79571, 0.77489, 0.79651, 
0.80451, 0.80905, 0.81079, 0.81765, 2.0374, 2.554, 2.4845, 2.8026, 
3.1344, 3.6178, 3.7969, 4.2843, 4.9695, 5.1183, 5.57, 636.9, 
699.5, 762.8, 824.3, 887.5, 950.4, 1010, 1073.4, 1134.2, 1196.5, 
1259.1, 1, 1, 1, 1, 1, 1, 1, 1, 1, 1, 1, 1, 1, 1, 1, 1, 1, 1, 
1, 1, 1, 1, 1, 1, 1, 1, 1, 1, 1, 1, 1, 1, 1, 1, 1, 1, 1, 1, 1, 
1, 1, 1, 1, 1, 24.237, 30.307, 29.201, 32.447, 36.179, 41.478, 
43.503, 48.418, 56.011, 57.706, 62.879), .Dim = c(11L, 40L), .Dimnames = list(
    NULL, c("Sampling", "PSO.cost", "PSO.gamma", "PSO.data.balancing", 
    "PSO.feature.selection", "PSO.valid.acc", "PSO.test.acc", 
    "PSO.train.time", "PSO.n.support.vectors", "PSO.index", "PSO.n.solutions", 
    "PSO.generations", "PSO.n.evaluations", "PSO.cpu.time", "RS.cost", 
    "RS.gamma", "RS.data.balancing", "RS.feature.selection", 
    "RS.valid.acc", "RS.test.acc", "RS.train.time", "RS.n.support.vectors", 
    "RS.index", "RS.n.solutions", "RS.generations", "RS.n.evaluations", 
    "RS.cpu.time", "DF.cost", "DF.gamma", "DF.data.balancing", 
    "DF.feature.selection", "DF.valid.acc", "DF.test.acc", "DF.train.time", 
    "DF.n.support.vectors", "DF.index", "DF.n.solutions", "DF.generations", 
    "DF.n.evaluations", "DF.cpu.time")))
