full <-
structure(c(50, 55, 60, 65, 70, 75, 80, 85, 90, 95, 100, 2.06387, 
1.73014, 3.07804, 1.75206, 1.87649, 3.29925, 2.38239, 3.16251, 
6.49316, 2.21188, 2.82425, -5.6346, -5.69042, -7.89333, -5.5424, 
-6.07994, -5.78364, -5.97747, -6.32871, -9.64711, -5.3225, -6.2527, 
0, 0, 0, 0, 0, 0, 0, 0, 0, 0, 0, 0, 0, 0, 0, 0, 0, 0, 0, 0, 0, 
0, 0.78286, 0.80428, 0.81166, 0.81893, 0.83374, 0.83421, 0.83028, 
0.82899, 0.84434, 0.84469, 0.85373, 0.76682, 0.80675, 0.80011, 
0.80817, 0.82202, 0.82412, 0.824, 0.82486, 0.83413, 0.84043, 
0.83847, 2.513, 3.1455, 3.1406, 3.7373, 3.2044, 3.8344, 4.0752, 
4.5372, 4.5359, 5.6769, 6.1182, 636.5, 699.2, 759.1, 822.7, 881.7, 
944.6, 1005.3, 1063.5, 1104.9, 1189.7, 1247.1, 1690, 2149, 1625, 
591, 2302, 1222, 2416, 1225, 297, 2414, 2363, 4, 2, 17, 537, 
1, 80, 1, 32, 87, 1, 1, 100, 100, 100, 100, 100, 100, 100, 100, 
100, 100, 100, 2500, 2500, 2500, 2500, 2500, 2500, 2500, 2500, 
2500, 2500, 2500, 70783.127, 92912.535, 96708.478, 104034.655, 
95583.351, 108418.778, 114614.2, 129126.962, 131302.605, 153732.053, 
172627.225, 14.53225, 2.05477, 3.02161, 1.55971, 1.5101, 3.42929, 
2.93989, 2.95025, 5.674, 1.49324, 3.15718, -5.64449, -6.22662, 
-7.9244, -5.66789, -5.65027, -5.76673, -5.96545, -6.35028, -8.737, 
-5.05749, -6.61773, 0, 0, 0, 0, 0, 0, 0, 0, 0, 0, 0, 0, 0, 0, 
0, 0, 0, 0, 0, 0, 0, 0, 0.77806, 0.80333, 0.80958, 0.81785, 0.8293, 
0.83335, 0.82808, 0.82752, 0.84295, 0.84284, 0.85199, 0.7744, 
0.80053, 0.79902, 0.80239, 0.82201, 0.82495, 0.82247, 0.8242, 
0.83419, 0.84026, 0.8397, 2.7117, 3.1352, 3.253, 2.9741, 3.3646, 
3.9415, 4.1802, 4.7393, 4.6928, 5.7142, 6.1472, 636.6, 698.3, 
759.4, 822.9, 882.9, 944.6, 1005.2, 1063.1, 1110.9, 1192, 1244.6, 
809, 141, 2100, 227, 873, 646, 1290, 443, 1384, 2192, 1618, 1, 
1, 1, 1, 1, 1, 1, 1, 2, 1, 1, 100, 100, 100, 100, 100, 100, 100, 
100, 100, 100, 100, 2500, 2500, 2500, 2500, 2500, 2500, 2500, 
2500, 2500, 2500, 2500, 77031.82, 92298.053, 96400.725, 82621.6579999999, 
96612.627, 107744.308, 119523.919, 131830.743, 142773.43, 159899.539, 
178320.867, 1, 1, 1, 1, 1, 1, 1, 1, 1, 1, 1, 0.01562, 0.01562, 
0.01562, 0.01562, 0.01562, 0.01562, 0.01562, 0.01562, 0.01562, 
0.01562, 0.01562, 0, 0, 0, 0, 0, 0, 0, 0, 0, 0, 0, 0, 0, 0, 0, 
0, 0, 0, 0, 0, 0, 0, 0.66449, 0.73077, 0.74816, 0.76565, 0.78959, 
0.78875, 0.79524, 0.80547, 0.8024, 0.80389, 0.81911, 0.66504, 
0.71829, 0.74095, 0.75616, 0.77813, 0.79523, 0.79742, 0.79682, 
0.8104, 0.8088, 0.81402, 2.7811, 3.3228, 3.4727, 2.9676, 3.2091, 
3.8908, 4.0618, 4.5622, 5.1182, 5.5832, 6.2089, 638.5, 701, 764.1, 
827.5, 888.1, 950.8, 1014.7, 1076.1, 1136.5, 1195.4, 1258.4, 
1, 1, 1, 1, 1, 1, 1, 1, 1, 1, 1, 1, 1, 1, 1, 1, 1, 1, 1, 1, 1, 
1, 1, 1, 1, 1, 1, 1, 1, 1, 1, 1, 1, 1, 1, 1, 1, 1, 1, 1, 1, 1, 
1, 1, 33.202, 39.178, 40.894, 34.083, 36.866, 44.247, 46.008, 
51.264, 57.395, 62.538, 69.452), .Dim = c(11L, 40L), .Dimnames = list(
    NULL, c("Sampling", "PSO.cost", "PSO.gamma", "PSO.data.balancing", 
    "PSO.feature.selection", "PSO.valid.acc", "PSO.test.acc", 
    "PSO.train.time", "PSO.n.support.vectors", "PSO.index", "PSO.n.solutions", 
    "PSO.generations", "PSO.n.evaluations", "PSO.cpu.time", "RS.cost", 
    "RS.gamma", "RS.data.balancing", "RS.feature.selection", 
    "RS.valid.acc", "RS.test.acc", "RS.train.time", "RS.n.support.vectors", 
    "RS.index", "RS.n.solutions", "RS.generations", "RS.n.evaluations", 
    "RS.cpu.time", "DF.cost", "DF.gamma", "DF.data.balancing", 
    "DF.feature.selection", "DF.valid.acc", "DF.test.acc", "DF.train.time", 
    "DF.n.support.vectors", "DF.index", "DF.n.solutions", "DF.generations", 
    "DF.n.evaluations", "DF.cpu.time")))
