full <-
structure(c(50, 55, 60, 65, 70, 75, 80, 85, 90, 95, 100, -0.13378, 
1.32861, 0.65574, 1.21101, -1.29967, 0.68152, 7.01085, -0.38544, 
11.5928, 12.25769, -0.30476, -3.47581, -3.4402, -3.38938, -4.55258, 
-3.87293, -5.71577, -7.00961, -4.10449, -9.3063, -9.12736, -3.69336, 
0, 0, 0, 0, 0, 0, 0, 0, 0, 0, 0, 0, 0, 0, 0, 0, 0, 0, 0, 0, 0, 
0, 0.57718, 0.58626, 0.56315, 0.57527, 0.56832, 0.55585, 0.56689, 
0.55424, 0.5726, 0.57523, 0.5599, 0.56874, 0.56714, 0.55858, 
0.56987, 0.55224, 0.54273, 0.53789, 0.5551, 0.55388, 0.54555, 
0.54793, 0.1608, 0.1966, 0.2355, 0.285, 0.3442, 0.3606, 0.4267, 
0.4554, 0.7379, 1.012, 0.6389, 495, 520.4, 575.5, 629.1, 714.9, 
760.2, 739.4, 833.9, 832.9, 878.3, 976.8, 1866, 1533, 301, 2108, 
2364, 1430, 2483, 462, 910, 1305, 1714, 1, 45, 478, 3, 3, 39, 
1, 148, 2, 20, 28, 100, 100, 100, 100, 100, 100, 100, 100, 100, 
100, 100, 2500, 2500, 2500, 2500, 2500, 2500, 2500, 2500, 2500, 
2500, 2500, 10787.567, 11536.582, 12726.59, 15307.89, 16290.896, 
17921.358, 29358.102, 19237.435, 38869.513, 51034.52, 35111.188, 
-1.03583, 1.29311, 0.72933, 0.57, 3.23736, 0.78415, 7.2756, -1.95464, 
9.68983, 12.67982, -0.08076, -2.05758, -3.30898, -3.45809, -4.08825, 
-5.69268, -5.78861, -7.17331, -3.19593, -8.21074, -9.3146, -3.61304, 
0, 0, 0, 0, 0, 0, 0, 0, 0, 0, 0, 0, 0, 0, 0, 0, 0, 0, 0, 0, 0, 
0, 0.57438, 0.57983, 0.56197, 0.57417, 0.56328, 0.55493, 0.56513, 
0.55179, 0.57026, 0.57302, 0.55782, 0.56868, 0.56837, 0.55858, 
0.56661, 0.54915, 0.54178, 0.53788, 0.55592, 0.5539, 0.54482, 
0.54443, 0.1722, 0.2105, 0.2406, 0.2836, 0.305, 0.3909, 0.459, 
0.4561, 0.6532, 1.0944, 0.6395, 508.8, 520.7, 574.9, 631.6, 663.8, 
759.6, 739.9, 861, 832.3, 878.7, 969.9, 2355, 2384, 651, 1775, 
189, 1836, 864, 561, 932, 2055, 1619, 1, 1, 1, 2, 1, 1, 1, 1, 
1, 1, 1, 100, 100, 100, 100, 100, 100, 100, 100, 100, 100, 100, 
2500, 2500, 2500, 2500, 2500, 2500, 2500, 2500, 2500, 2500, 2500, 
14429.357, 16423.103, 19803.135, 22284.53, 23623.814, 26670.089, 
30335.042, 35157.08, 38655.001, 41643.225, 47258.4090000001, 
1, 1, 1, 1, 1, 1, 1, 1, 1, 1, 1, 0.11111, 0.11111, 0.11111, 0.11111, 
0.11111, 0.11111, 0.11111, 0.11111, 0.11111, 0.11111, 0.11111, 
0, 0, 0, 0, 0, 0, 0, 0, 0, 0, 0, 0, 0, 0, 0, 0, 0, 0, 0, 0, 0, 
0, 0.56178, 0.56841, 0.5526, 0.56116, 0.5552, 0.53995, 0.54839, 
0.53362, 0.55157, 0.56412, 0.55219, 0.57576, 0.56326, 0.56909, 
0.56982, 0.55719, 0.53052, 0.54578, 0.54431, 0.54371, 0.55741, 
0.54509, 0.1603, 0.2103, 0.2453, 0.2903, 0.3272, 0.3518, 0.3976, 
0.4438, 0.5233, 0.5719, 0.6355, 491.6, 538, 585, 633.1, 679.3, 
725.2, 772.7, 812.3, 861.7, 912, 962.8, 1, 1, 1, 1, 1, 1, 1, 
1, 1, 1, 1, 1, 1, 1, 1, 1, 1, 1, 1, 1, 1, 1, 1, 1, 1, 1, 1, 1, 
1, 1, 1, 1, 1, 1, 1, 1, 1, 1, 1, 1, 1, 1, 1, 1, 4.024, 4.738, 
5.053, 5.585, 5.92, 6.111, 6.576, 7.039, 8.009, 8.521, 9.227), .Dim = c(11L, 
40L), .Dimnames = list(NULL, c("Sampling", "PSO.cost", "PSO.gamma", 
"PSO.data.balancing", "PSO.feature.selection", "PSO.valid.acc", 
"PSO.test.acc", "PSO.train.time", "PSO.n.support.vectors", "PSO.index", 
"PSO.n.solutions", "PSO.generations", "PSO.n.evaluations", "PSO.cpu.time", 
"RS.cost", "RS.gamma", "RS.data.balancing", "RS.feature.selection", 
"RS.valid.acc", "RS.test.acc", "RS.train.time", "RS.n.support.vectors", 
"RS.index", "RS.n.solutions", "RS.generations", "RS.n.evaluations", 
"RS.cpu.time", "DF.cost", "DF.gamma", "DF.data.balancing", "DF.feature.selection", 
"DF.valid.acc", "DF.test.acc", "DF.train.time", "DF.n.support.vectors", 
"DF.index", "DF.n.solutions", "DF.generations", "DF.n.evaluations", 
"DF.cpu.time")))
