full <-
structure(c(50, 55, 60, 65, 70, 75, 80, 85, 90, 95, 100, 15, 
14.79253, 0.01011, 7.20141, 1.20338, -0.32595, -1.36879, -1.17922, 
-1.78383, 6.04091, -0.60623, -10.85961, -11.26064, -3.118, -8.01697, 
-5.33051, -3.15537, -3.27964, -3.10042, -3.54097, -7.26219, -2.24403, 
0, 0, 0, 0, 0, 0, 0, 0, 0, 0, 0, 0, 0, 0, 0, 0, 0, 0, 0, 0, 0, 
0, 0.55221, 0.55823, 0.55836, 0.56417, 0.56428, 0.55667, 0.56498, 
0.56651, 0.55778, 0.56472, 0.55934, 0.54235, 0.54562, 0.55259, 
0.53723, 0.54917, 0.54821, 0.55005, 0.55572, 0.5562, 0.5603, 
0.55019, 0.4792, 0.4556, 0.2459, 0.2948, 0.3259, 0.3673, 0.4275, 
0.479, 0.5497, 0.5998, 0.6322, 468.1, 517.3, 585.8, 611.2, 686.2, 
728, 801.9, 843, 920.2, 900.5, 977.9, 1198, 1720, 1310, 2029, 
1329, 904, 904, 656, 959, 2217, 2191, 1, 1, 25, 1, 30, 63, 113, 
55, 47, 4, 4, 100, 100, 100, 100, 100, 100, 100, 100, 100, 100, 
100, 2500, 2500, 2500, 2500, 2500, 2500, 2500, 2500, 2500, 2500, 
2500, 18959.639, 18519.372, 13738.055, 21419.512, 26132.403, 
23034.843, 20274.718, 22059.749, 31265.283, 27014.861, 28570.821, 
9.70332, 5.38313, -0.38342, 7.40566, 1.38699, -0.63998, -1.04005, 
-1.35533, -1.66827, -0.95876, -0.63798, -8.23105, -6.4841, -3.06997, 
-8.11552, -5.49072, -3.00167, -3.55713, -3.40657, -3.18592, -2.27339, 
-2.28826, 0, 0, 0, 0, 0, 0, 0, 0, 0, 0, 0, 0, 0, 0, 0, 0, 0, 
0, 0, 0, 0, 0, 0.55081, 0.55442, 0.5572, 0.56202, 0.56025, 0.55574, 
0.56148, 0.56235, 0.55698, 0.56179, 0.55793, 0.54513, 0.53918, 
0.55022, 0.53938, 0.54919, 0.55292, 0.55707, 0.55239, 0.55697, 
0.55665, 0.55159, 0.2184, 0.2081, 0.2325, 0.2898, 0.3329, 0.3638, 
0.435, 0.4803, 0.544, 0.5674, 0.6515, 468.2, 521.2, 589.9, 610.8, 
686.5, 733.2, 796.7, 851.6, 908.6, 934, 978, 2132, 263, 141, 
1864, 256, 256, 82, 1864, 1936, 477, 2242, 1, 1, 1, 1, 1, 1, 
1, 1, 1, 1, 1, 100, 100, 100, 100, 100, 100, 100, 100, 100, 100, 
100, 2500, 2500, 2500, 2500, 2500, 2500, 2500, 2500, 2500, 2500, 
2500, 15788.805, 17266.018, 19334.818, 24065.39, 28995.221, 30284.893, 
33261.997, 36106.083, 43159.265, 45718.916, 49736.401, 1, 1, 
1, 1, 1, 1, 1, 1, 1, 1, 1, 0.11111, 0.11111, 0.11111, 0.11111, 
0.11111, 0.11111, 0.11111, 0.11111, 0.11111, 0.11111, 0.11111, 
0, 0, 0, 0, 0, 0, 0, 0, 0, 0, 0, 0, 0, 0, 0, 0, 0, 0, 0, 0, 0, 
0, 0.53664, 0.53775, 0.55249, 0.5469, 0.54422, 0.54824, 0.54388, 
0.55907, 0.54447, 0.55737, 0.55018, 0.54079, 0.5392, 0.54907, 
0.54694, 0.53917, 0.54726, 0.5535, 0.564, 0.54764, 0.5559, 0.55303, 
0.1739, 0.2044, 0.2313, 0.2739, 0.3178, 0.3688, 0.4241, 0.4593, 
0.5284, 0.5832, 0.641, 494.8, 542, 585.6, 627.8, 673, 723.3, 
770.3, 816.2, 870.4, 911.5, 962, 1, 1, 1, 1, 1, 1, 1, 1, 1, 1, 
1, 1, 1, 1, 1, 1, 1, 1, 1, 1, 1, 1, 1, 1, 1, 1, 1, 1, 1, 1, 1, 
1, 1, 1, 1, 1, 1, 1, 1, 1, 1, 1, 1, 1, 4.489, 4.716, 4.887, 6.078, 
6.625, 7.22, 7.955, 8.139, 9.101, 9.698, 10.268), .Dim = c(11L, 
40L), .Dimnames = list(NULL, c("Sampling", "PSO.cost", "PSO.gamma", 
"PSO.data.balancing", "PSO.feature.selection", "PSO.valid.acc", 
"PSO.test.acc", "PSO.train.time", "PSO.n.support.vectors", "PSO.index", 
"PSO.n.solutions", "PSO.generations", "PSO.n.evaluations", "PSO.cpu.time", 
"RS.cost", "RS.gamma", "RS.data.balancing", "RS.feature.selection", 
"RS.valid.acc", "RS.test.acc", "RS.train.time", "RS.n.support.vectors", 
"RS.index", "RS.n.solutions", "RS.generations", "RS.n.evaluations", 
"RS.cpu.time", "DF.cost", "DF.gamma", "DF.data.balancing", "DF.feature.selection", 
"DF.valid.acc", "DF.test.acc", "DF.train.time", "DF.n.support.vectors", 
"DF.index", "DF.n.solutions", "DF.generations", "DF.n.evaluations", 
"DF.cpu.time")))
