full <-
structure(c(50, 55, 60, 65, 70, 75, 80, 85, 90, 95, 100, -1.39927, 
8.76631, 3.13935, -1.87371, -1.84026, 11.93292, 3.27554, 2.41512, 
-1.09568, -0.34262, 9.4068, -2.61545, -9.04529, -5.50576, -1.73844, 
-2.29363, -10.14476, -5.62008, -5.37483, -3.65695, -4.16808, 
-8.38271, 0, 0, 0, 0, 0, 0, 0, 0, 0, 0, 0, 0, 0, 0, 0, 0, 0, 
0, 0, 0, 0, 0, 0.54666, 0.55046, 0.54669, 0.55683, 0.56192, 0.56726, 
0.57016, 0.56239, 0.56655, 0.567, 0.56357, 0.52125, 0.53884, 
0.5281, 0.54056, 0.5369, 0.54751, 0.54637, 0.56152, 0.55796, 
0.55295, 0.55724, 0.1799, 0.2284, 0.2484, 0.283, 0.343, 0.5045, 
0.4278, 0.4711, 0.5389, 0.5889, 0.7833, 516.1, 531.5, 577, 677.9, 
715.4, 705.7, 759.1, 806.8, 894.7, 933.1, 937.1, 1583, 1963, 
1817, 1030, 1255, 1948, 1447, 887, 1572, 1032, 1778, 53, 5, 7, 
384, 72, 1, 29, 226, 51, 11, 9, 100, 100, 100, 100, 100, 100, 
100, 100, 100, 100, 100, 2500, 2500, 2500, 2500, 2500, 2500, 
2500, 2500, 2500, 2500, 2500, 12464.79, 14058.667, 13774.378, 
13895.519, 19965.883, 25614.574, 25071.817, 23421.918, 23537.516, 
32702.542, 34058.296, -1.48444, 10.01326, 3.02648, -1.96137, 
-0.53773, 9.93968, 2.59865, 2.97622, -1.09705, 6.80522, 10.12315, 
-2.68222, -9.67592, -5.42121, -1.9181, -3.3619, -9.39376, -5.50853, 
-5.60891, -3.50294, -8.48069, -8.83904, 0, 0, 0, 0, 0, 0, 0, 
0, 0, 0, 0, 0, 0, 0, 0, 0, 0, 0, 0, 0, 0, 0, 0.5425, 0.54663, 
0.54436, 0.54923, 0.55902, 0.56539, 0.56481, 0.55908, 0.56501, 
0.5655, 0.56146, 0.52551, 0.53497, 0.5281, 0.546, 0.54697, 0.5513, 
0.55344, 0.56649, 0.558, 0.55219, 0.55795, 0.1826, 0.2381, 0.2399, 
0.3055, 0.3349, 0.433, 0.4322, 0.4747, 0.5396, 0.6043, 0.7947, 
516.6, 531, 577.2, 674.5, 692.4, 710.3, 766.4, 803.2, 892.6, 
909.6, 937.8, 2356, 981, 1504, 2249, 161, 925, 1906, 2387, 1747, 
99, 1384, 1, 1, 1, 1, 1, 4, 1, 1, 1, 1, 1, 100, 100, 100, 100, 
100, 100, 100, 100, 100, 100, 100, 2500, 2500, 2500, 2500, 2500, 
2500, 2500, 2500, 2500, 2500, 2500, 15840.536, 17673.874, 19434.902, 
24068.562, 27459.516, 30797.85, 34452.455, 38901.091, 41850.007, 
45198.132, 49444.73, 1, 1, 1, 1, 1, 1, 1, 1, 1, 1, 1, 0.11111, 
0.11111, 0.11111, 0.11111, 0.11111, 0.11111, 0.11111, 0.11111, 
0.11111, 0.11111, 0.11111, 0, 0, 0, 0, 0, 0, 0, 0, 0, 0, 0, 0, 
0, 0, 0, 0, 0, 0, 0, 0, 0, 0, 0.51577, 0.51962, 0.53505, 0.52325, 
0.55498, 0.54933, 0.5508, 0.54583, 0.55635, 0.54701, 0.54599, 
0.52135, 0.52866, 0.52705, 0.5286, 0.54698, 0.55119, 0.54548, 
0.55242, 0.55012, 0.55889, 0.55087, 0.1761, 0.2079, 0.2326, 0.2906, 
0.3321, 0.3746, 0.4311, 0.4706, 0.5235, 0.5836, 0.621, 498.5, 
539.6, 589.4, 634.9, 680, 727.7, 774.4, 816.1, 862, 908.6, 965.2, 
1, 1, 1, 1, 1, 1, 1, 1, 1, 1, 1, 1, 1, 1, 1, 1, 1, 1, 1, 1, 1, 
1, 1, 1, 1, 1, 1, 1, 1, 1, 1, 1, 1, 1, 1, 1, 1, 1, 1, 1, 1, 1, 
1, 1, 4.539, 4.86, 4.853, 6.6, 6.962, 7.376, 8.1, 8.51, 9.029, 
9.651, 9.786), .Dim = c(11L, 40L), .Dimnames = list(NULL, c("Sampling", 
"PSO.cost", "PSO.gamma", "PSO.data.balancing", "PSO.feature.selection", 
"PSO.valid.acc", "PSO.test.acc", "PSO.train.time", "PSO.n.support.vectors", 
"PSO.index", "PSO.n.solutions", "PSO.generations", "PSO.n.evaluations", 
"PSO.cpu.time", "RS.cost", "RS.gamma", "RS.data.balancing", "RS.feature.selection", 
"RS.valid.acc", "RS.test.acc", "RS.train.time", "RS.n.support.vectors", 
"RS.index", "RS.n.solutions", "RS.generations", "RS.n.evaluations", 
"RS.cpu.time", "DF.cost", "DF.gamma", "DF.data.balancing", "DF.feature.selection", 
"DF.valid.acc", "DF.test.acc", "DF.train.time", "DF.n.support.vectors", 
"DF.index", "DF.n.solutions", "DF.generations", "DF.n.evaluations", 
"DF.cpu.time")))
