full <-
structure(c(50, 55, 60, 65, 70, 75, 80, 85, 90, 95, 100, 2.23671, 
-1.59185, -2, 14.97623, 3.57775, 15, 7.81954, 1.28346, 2.06684, 
-0.99355, -1.82288, -3.83395, -1.48439, -1.47936, -12.00723, 
-5.36774, -12.11341, -6.88599, -3.6887, -6.12684, -2.55081, -3.5361, 
0, 0, 0, 0, 0, 0, 0, 0, 0, 0, 0, 0, 0, 0, 0, 0, 0, 0, 0, 0, 0, 
0, 0.56331, 0.55552, 0.55631, 0.55999, 0.56641, 0.56605, 0.55624, 
0.56322, 0.55009, 0.55589, 0.56082, 0.55053, 0.53637, 0.54095, 
0.53953, 0.55229, 0.54077, 0.54405, 0.54255, 0.54772, 0.54701, 
0.55378, 0.1746, 0.2316, 0.2636, 0.4817, 0.3295, 0.6313, 0.4996, 
0.4658, 0.5273, 0.5958, 0.663, 474.9, 584.7, 644.2, 618.8, 662.3, 
714.9, 745.6, 810.7, 897.7, 935.2, 1019.3, 2339, 2434, 918, 2265, 
692, 1836, 1022, 2355, 965, 2206, 853, 3, 1, 333, 1, 86, 2, 26, 
4, 112, 4, 206, 100, 100, 100, 100, 100, 100, 100, 100, 100, 
100, 100, 2500, 2500, 2500, 2500, 2500, 2500, 2500, 2500, 2500, 
2500, 2500, 11464.138, 13651.654, 13239.388, 18878.194, 16602.165, 
26004.407, 24194.216, 20855.828, 20133.415, 22101.617, 24427.712, 
-1.85232, -1.68455, -1.80699, 11.93099, 4.07754, 14.42565, 8.09389, 
1.27752, 2.87121, -1.00546, 8.46868, -1.58514, -1.61068, -1.44535, 
-10.56792, -4.72566, -11.62324, -7.04086, -3.71557, -6.558, -2.65744, 
-7.07461, 0, 0, 0, 0, 0, 0, 0, 0, 0, 0, 0, 0, 0, 0, 0, 0, 0, 
0, 0, 0, 0, 0, 0.56178, 0.55046, 0.55161, 0.55784, 0.56234, 0.56509, 
0.55361, 0.5599, 0.54927, 0.55441, 0.55866, 0.53795, 0.53889, 
0.54327, 0.54598, 0.54727, 0.54263, 0.54404, 0.54585, 0.54385, 
0.54775, 0.54535, 0.1904, 0.2055, 0.2585, 0.367, 0.3493, 0.6212, 
0.4989, 0.4648, 0.5291, 0.5962, 0.8033, 538.9, 582.3, 641.2, 
620.9, 652.7, 712, 745.9, 810.2, 892.5, 936.1, 929.5, 2005, 635, 
1453, 1414, 2401, 2315, 1105, 2225, 727, 288, 734, 1, 1, 1, 1, 
1, 1, 1, 1, 1, 1, 1, 100, 100, 100, 100, 100, 100, 100, 100, 
100, 100, 100, 2500, 2500, 2500, 2500, 2500, 2500, 2500, 2500, 
2500, 2500, 2500, 15066.486, 17054.939, 19462.791, 22820.083, 
24892.133, 27899.863, 31720.428, 35153.773, 38295.067, 41726.278, 
48994.781, 1, 1, 1, 1, 1, 1, 1, 1, 1, 1, 1, 0.11111, 0.11111, 
0.11111, 0.11111, 0.11111, 0.11111, 0.11111, 0.11111, 0.11111, 
0.11111, 0.11111, 0, 0, 0, 0, 0, 0, 0, 0, 0, 0, 0, 0, 0, 0, 0, 
0, 0, 0, 0, 0, 0, 0, 0.54644, 0.53746, 0.5304, 0.5373, 0.53827, 
0.551, 0.53861, 0.54917, 0.52977, 0.54924, 0.54879, 0.54502, 
0.53229, 0.54319, 0.54164, 0.54627, 0.54914, 0.53955, 0.54751, 
0.54228, 0.54701, 0.55026, 0.1754, 0.2011, 0.2421, 0.2774, 0.3114, 
0.3787, 0.4199, 0.4641, 0.53, 0.5817, 0.6566, 495.1, 541.6, 586.3, 
636.6, 681.5, 726.7, 778.8, 826.6, 873.9, 916.6, 962.5, 1, 1, 
1, 1, 1, 1, 1, 1, 1, 1, 1, 1, 1, 1, 1, 1, 1, 1, 1, 1, 1, 1, 1, 
1, 1, 1, 1, 1, 1, 1, 1, 1, 1, 1, 1, 1, 1, 1, 1, 1, 1, 1, 1, 1, 
4.191, 4.412, 4.87, 5.211, 5.541, 6.433, 6.763, 7.259, 8.02, 
8.601, 9.527), .Dim = c(11L, 40L), .Dimnames = list(NULL, c("Sampling", 
"PSO.cost", "PSO.gamma", "PSO.data.balancing", "PSO.feature.selection", 
"PSO.valid.acc", "PSO.test.acc", "PSO.train.time", "PSO.n.support.vectors", 
"PSO.index", "PSO.n.solutions", "PSO.generations", "PSO.n.evaluations", 
"PSO.cpu.time", "RS.cost", "RS.gamma", "RS.data.balancing", "RS.feature.selection", 
"RS.valid.acc", "RS.test.acc", "RS.train.time", "RS.n.support.vectors", 
"RS.index", "RS.n.solutions", "RS.generations", "RS.n.evaluations", 
"RS.cpu.time", "DF.cost", "DF.gamma", "DF.data.balancing", "DF.feature.selection", 
"DF.valid.acc", "DF.test.acc", "DF.train.time", "DF.n.support.vectors", 
"DF.index", "DF.n.solutions", "DF.generations", "DF.n.evaluations", 
"DF.cpu.time")))
