full <-
structure(c(50, 55, 60, 65, 70, 75, 80, 85, 90, 95, 100, -1.99069, 
-1.38175, -1.5039, -2, 14.92524, 15, -1.63528, -0.64192, 1.99949, 
6.78563, 7.26901, -2.18238, -2.50951, -1.72515, -1.60906, -11.36346, 
-11.20359, -1.70202, -3.72945, -6.20359, -6.07002, -6.85483, 
0, 0, 0, 0, 0, 0, 0, 0, 0, 0, 0, 0, 0, 0, 0, 0, 0, 0, 0, 0, 0, 
0, 0.57874, 0.56839, 0.56438, 0.55984, 0.5633, 0.56708, 0.57296, 
0.56916, 0.56483, 0.56329, 0.56909, 0.57305, 0.54168, 0.54324, 
0.55445, 0.54935, 0.56705, 0.56334, 0.55502, 0.55473, 0.56252, 
0.55861, 0.18, 0.2117, 0.2571, 0.3074, 0.6605, 0.7765, 0.4568, 
0.4484, 0.5041, 0.6359, 0.6906, 519.9, 559.2, 622.2, 689.9, 647.2, 
690.7, 819.5, 840.7, 892.2, 871.8, 931.9, 620, 1470, 1327, 1499, 
709, 765, 992, 838, 1210, 776, 1602, 630, 153, 125, 14, 3, 1, 
86, 169, 28, 80, 5, 100, 100, 100, 100, 100, 100, 100, 100, 100, 
100, 100, 2500, 2500, 2500, 2500, 2500, 2500, 2500, 2500, 2500, 
2500, 2500, 11275.082, 12335.405, 14070.682, 16913.527, 24998.945, 
27808.914, 18499.203, 20890.119, 23212.603, 25718.144, 29393.323, 
-1.97578, -1.59827, -1.49171, -0.43786, 1.39199, 12.0193, -1.4657, 
-0.97307, 2.62854, 6.86042, 14.58754, -2.2471, -2.46772, -1.87839, 
-3.31591, -4.55528, -9.65531, -1.64297, -3.76354, -6.83787, -6.04999, 
-10.67032, 0, 0, 0, 0, 0, 0, 0, 0, 0, 0, 0, 0, 0, 0, 0, 0, 0, 
0, 0, 0, 0, 0, 0.57453, 0.56329, 0.55967, 0.55773, 0.5603, 0.5652, 
0.57207, 0.56668, 0.55701, 0.56181, 0.56698, 0.57166, 0.54173, 
0.54792, 0.55562, 0.55929, 0.56801, 0.56505, 0.56083, 0.54302, 
0.55956, 0.55787, 0.177, 0.2148, 0.2559, 0.287, 0.322, 0.5431, 
0.4256, 0.4464, 0.5088, 0.6344, 1.4463, 519.2, 563.5, 618.7, 
643.1, 671.6, 690.8, 818.5, 850.8, 897, 870.8, 932.3, 857, 420, 
627, 1979, 2100, 925, 613, 1327, 571, 1359, 2229, 1, 1, 2, 1, 
1, 1, 1, 1, 1, 1, 1, 100, 100, 100, 100, 100, 100, 100, 100, 
100, 100, 100, 2500, 2500, 2500, 2500, 2500, 2500, 2500, 2500, 
2500, 2500, 2500, 15158.962, 17041.415, 18667.462, 21433.429, 
25287.45, 28358.663, 31751.831, 34940.667, 40177.196, 43525.847, 
44305.722, 1, 1, 1, 1, 1, 1, 1, 1, 1, 1, 1, 0.11111, 0.11111, 
0.11111, 0.11111, 0.11111, 0.11111, 0.11111, 0.11111, 0.11111, 
0.11111, 0.11111, 0, 0, 0, 0, 0, 0, 0, 0, 0, 0, 0, 0, 0, 0, 0, 
0, 0, 0, 0, 0, 0, 0, 0.55341, 0.5505, 0.55616, 0.54908, 0.54726, 
0.54452, 0.55977, 0.55668, 0.54295, 0.54846, 0.54735, 0.56477, 
0.54802, 0.55029, 0.5578, 0.54525, 0.54732, 0.55799, 0.55251, 
0.55861, 0.55733, 0.55155, 0.1691, 0.2034, 0.2431, 0.2814, 0.3284, 
0.3725, 0.4279, 0.4644, 0.4945, 0.578, 0.6081, 485.8, 536.5, 
585.4, 634.1, 680.6, 720.2, 770.3, 819.6, 867, 914.4, 960.3, 
1, 1, 1, 1, 1, 1, 1, 1, 1, 1, 1, 1, 1, 1, 1, 1, 1, 1, 1, 1, 1, 
1, 1, 1, 1, 1, 1, 1, 1, 1, 1, 1, 1, 1, 1, 1, 1, 1, 1, 1, 1, 1, 
1, 1, 4.465, 4.695, 5.138, 5.509, 6.001, 6.528, 7.105, 7.516, 
7.611, 8.631, 8.804), .Dim = c(11L, 40L), .Dimnames = list(NULL, 
    c("Sampling", "PSO.cost", "PSO.gamma", "PSO.data.balancing", 
    "PSO.feature.selection", "PSO.valid.acc", "PSO.test.acc", 
    "PSO.train.time", "PSO.n.support.vectors", "PSO.index", "PSO.n.solutions", 
    "PSO.generations", "PSO.n.evaluations", "PSO.cpu.time", "RS.cost", 
    "RS.gamma", "RS.data.balancing", "RS.feature.selection", 
    "RS.valid.acc", "RS.test.acc", "RS.train.time", "RS.n.support.vectors", 
    "RS.index", "RS.n.solutions", "RS.generations", "RS.n.evaluations", 
    "RS.cpu.time", "DF.cost", "DF.gamma", "DF.data.balancing", 
    "DF.feature.selection", "DF.valid.acc", "DF.test.acc", "DF.train.time", 
    "DF.n.support.vectors", "DF.index", "DF.n.solutions", "DF.generations", 
    "DF.n.evaluations", "DF.cpu.time")))
