full <-
structure(c(50, 55, 60, 65, 70, 75, 80, 85, 90, 95, 100, 2.03306, 
-0.92209, -1.58584, -1.8832, -1.70186, -1.87999, 6.72012, 12.57741, 
-1.4011, 0.14015, 10.5571, -5.27073, -3.23166, -3.11704, -2.9695, 
-2.57591, -2.59881, -6.95555, -10.55794, -4.43142, -4.59087, 
-10.6557, 0, 0, 0, 0, 0, 0, 0, 0, 0, 0, 0, 0, 0, 0, 0, 0, 0, 
0, 0, 0, 0, 0, 0.56199, 0.5492, 0.56442, 0.55801, 0.55318, 0.56881, 
0.57118, 0.56672, 0.56172, 0.56122, 0.56003, 0.53678, 0.52494, 
0.55033, 0.54389, 0.54009, 0.55, 0.55363, 0.54758, 0.54846, 0.55529, 
0.54106, 0.1726, 0.207, 0.2355, 0.2832, 0.3258, 0.3769, 0.453, 
0.639, 0.5309, 0.5906, 0.7225, 486.4, 556.9, 609, 664.6, 713.6, 
764.5, 745.7, 789.5, 921.2, 932.9, 970.4, 1192, 935, 2466, 1601, 
1703, 2269, 2454, 2378, 1267, 572, 1062, 16, 301, 1, 35, 23, 
1, 1, 1, 81, 93, 11, 100, 100, 100, 100, 100, 100, 100, 100, 
100, 100, 100, 2500, 2500, 2500, 2500, 2500, 2500, 2500, 2500, 
2500, 2500, 2500, 13303.344, 15115.068, 22917.44, 22382.157, 
17535.553, 21939.726, 25183.429, 28021.661, 26211.618, 25975.371, 
33332.979, 1.95298, -0.96212, -1.23837, 12.26747, 1.10385, -1.67308, 
7.01238, 10.44643, -1.31302, 0.16059, -1.43339, -5.30829, -3.24334, 
-3.72341, -9.93252, -5.46035, -3.37046, -7.08714, -9.44711, -4.55951, 
-4.60102, -2.12176, 0, 0, 0, 0, 0, 0, 0, 0, 0, 0, 0, 0, 0, 0, 
0, 0, 0, 0, 0, 0, 0, 0, 0.55916, 0.54408, 0.55505, 0.55367, 0.55122, 
0.56598, 0.56942, 0.56424, 0.55625, 0.56122, 0.55996, 0.53815, 
0.52623, 0.54569, 0.54064, 0.54916, 0.55558, 0.5545, 0.54842, 
0.55079, 0.55529, 0.55578, 0.1806, 0.2041, 0.2528, 0.4116, 0.3198, 
0.3696, 0.441, 0.5491, 0.5554, 0.5632, 0.6728, 488.4, 557.7, 
609.3, 610.5, 701.2, 764.5, 745.7, 789.3, 921.9, 932.8, 997.7, 
384, 442, 1767, 882, 1304, 855, 245, 1926, 2084, 323, 968, 2, 
1, 1, 1, 1, 1, 1, 1, 1, 1, 1, 100, 100, 100, 100, 100, 100, 100, 
100, 100, 100, 100, 2500, 2500, 2500, 2500, 2500, 2500, 2500, 
2500, 2500, 2500, 2500, 17453.854, 19896.44, 21833.147, 23924.216, 
27846.527, 29670.216, 32063.125, 37469.833, 40736.447, 43846.491, 
50696.053, 1, 1, 1, 1, 1, 1, 1, 1, 1, 1, 1, 0.11111, 0.11111, 
0.11111, 0.11111, 0.11111, 0.11111, 0.11111, 0.11111, 0.11111, 
0.11111, 0.11111, 0, 0, 0, 0, 0, 0, 0, 0, 0, 0, 0, 0, 0, 0, 0, 
0, 0, 0, 0, 0, 0, 0, 0.54089, 0.5313, 0.54341, 0.53531, 0.53807, 
0.55861, 0.55268, 0.54352, 0.54228, 0.55228, 0.55156, 0.54077, 
0.51981, 0.53988, 0.54064, 0.5491, 0.54069, 0.55976, 0.54923, 
0.54304, 0.54929, 0.55084, 0.1699, 0.2159, 0.2286, 0.2975, 0.3233, 
0.3633, 0.4312, 0.4778, 0.5309, 0.5945, 0.6536, 490.5, 543.3, 
582.9, 636.1, 684.4, 727.9, 770, 813.9, 864.5, 914.8, 963.2, 
1, 1, 1, 1, 1, 1, 1, 1, 1, 1, 1, 1, 1, 1, 1, 1, 1, 1, 1, 1, 1, 
1, 1, 1, 1, 1, 1, 1, 1, 1, 1, 1, 1, 1, 1, 1, 1, 1, 1, 1, 1, 1, 
1, 1, 5.179, 5.819, 5.558, 6.582, 6.676, 7.022, 8.056, 8.591, 
9.105, 9.799, 10.427), .Dim = c(11L, 40L), .Dimnames = list(NULL, 
    c("Sampling", "PSO.cost", "PSO.gamma", "PSO.data.balancing", 
    "PSO.feature.selection", "PSO.valid.acc", "PSO.test.acc", 
    "PSO.train.time", "PSO.n.support.vectors", "PSO.index", "PSO.n.solutions", 
    "PSO.generations", "PSO.n.evaluations", "PSO.cpu.time", "RS.cost", 
    "RS.gamma", "RS.data.balancing", "RS.feature.selection", 
    "RS.valid.acc", "RS.test.acc", "RS.train.time", "RS.n.support.vectors", 
    "RS.index", "RS.n.solutions", "RS.generations", "RS.n.evaluations", 
    "RS.cpu.time", "DF.cost", "DF.gamma", "DF.data.balancing", 
    "DF.feature.selection", "DF.valid.acc", "DF.test.acc", "DF.train.time", 
    "DF.n.support.vectors", "DF.index", "DF.n.solutions", "DF.generations", 
    "DF.n.evaluations", "DF.cpu.time")))
