full <-
structure(c(50, 55, 60, 65, 70, 75, 80, 85, 90, 95, 100, 0.36007, 
0.86533, 5.02071, -0.14342, 2.71751, 6.37183, -1.25282, 5.95678, 
3.49547, -1.01978, 14.46547, -4.48549, -4.75386, -7.03274, -5.17709, 
-6.56576, -6.77555, -3.20506, -6.49166, -5.06369, -3.45609, -12.56541, 
0, 0, 0, 0, 0, 0, 0, 0, 0, 0, 0, 0, 0, 0, 0, 0, 0, 0, 0, 0, 0, 
0, 0.59562, 0.58115, 0.56332, 0.57407, 0.57415, 0.57175, 0.56591, 
0.56075, 0.56086, 0.55735, 0.56922, 0.57886, 0.56443, 0.55632, 
0.55784, 0.55716, 0.5614, 0.55444, 0.54832, 0.54296, 0.55293, 
0.55296, 0.1713, 0.2093, 0.2227, 0.2705, 0.3165, 0.3652, 0.4252, 
0.4708, 0.5356, 0.5813, 0.9099, 495.6, 537.8, 565.2, 659.8, 681, 
699.2, 796.9, 794.8, 842.1, 944.6, 965, 691, 512, 987, 718, 2449, 
1139, 1284, 1177, 1905, 778, 1091, 242, 96, 116, 95, 1, 109, 
90, 58, 10, 415, 1, 100, 100, 100, 100, 100, 100, 100, 100, 100, 
100, 100, 2500, 2500, 2500, 2500, 2500, 2500, 2500, 2500, 2500, 
2500, 2500, 10391.195, 11673.652, 12660.497, 14411.481, 15757.807, 
17581.645, 18044.138, 23754.257, 22514.923, 22444.198, 32544.153, 
-0.61077, 0.90088, -1.55213, -0.46158, 1.33832, 6.5643, -1.49389, 
6.2192, 2.90098, -1.09713, 0.6621, -4.18898, -4.79366, -4.02169, 
-5.08237, -6.01145, -7.49345, -2.9175, -6.65525, -5.84109, -3.47336, 
-5.46115, 0, 0, 0, 0, 0, 0, 0, 0, 0, 0, 0, 0, 0, 0, 0, 0, 0, 
0, 0, 0, 0, 0, 0.59277, 0.57862, 0.56213, 0.56756, 0.57015, 0.57081, 
0.56151, 0.55907, 0.5571, 0.5544, 0.56919, 0.57033, 0.5619, 0.55744, 
0.5535, 0.56217, 0.55486, 0.5518, 0.54749, 0.55004, 0.54997, 
0.54957, 0.1737, 0.2093, 0.2349, 0.2834, 0.334, 0.3692, 0.4374, 
0.4701, 0.5439, 0.5729, 0.6387, 509.1, 537.7, 619.8, 663.8, 695.3, 
704.9, 801.3, 794.9, 863.7, 947.2, 1000.5, 808, 1222, 1970, 443, 
398, 1979, 326, 2203, 849, 102, 2235, 1, 1, 1, 1, 1, 1, 1, 1, 
1, 2, 1, 100, 100, 100, 100, 100, 100, 100, 100, 100, 100, 100, 
2500, 2500, 2500, 2500, 2500, 2500, 2500, 2500, 2500, 2500, 2500, 
14162.96, 15861.105, 18593.659, 21162.241, 24999.145, 27854.942, 
32193.066, 35885.508, 39895.175, 44210.821, 49761.683, 1, 1, 
1, 1, 1, 1, 1, 1, 1, 1, 1, 0.11111, 0.11111, 0.11111, 0.11111, 
0.11111, 0.11111, 0.11111, 0.11111, 0.11111, 0.11111, 0.11111, 
0, 0, 0, 0, 0, 0, 0, 0, 0, 0, 0, 0, 0, 0, 0, 0, 0, 0, 0, 0, 0, 
0, 0.57592, 0.55158, 0.54338, 0.54057, 0.55108, 0.55204, 0.55009, 
0.55661, 0.54915, 0.54477, 0.55381, 0.576, 0.55539, 0.54107, 
0.55254, 0.54404, 0.55955, 0.54479, 0.54999, 0.54841, 0.54547, 
0.55026, 0.1728, 0.2086, 0.2196, 0.2581, 0.3007, 0.3667, 0.4285, 
0.4791, 0.532, 0.5791, 0.6373, 486, 534.7, 579.5, 626.6, 670.4, 
724.9, 773.4, 818, 863, 915.5, 964.4, 1, 1, 1, 1, 1, 1, 1, 1, 
1, 1, 1, 1, 1, 1, 1, 1, 1, 1, 1, 1, 1, 1, 1, 1, 1, 1, 1, 1, 1, 
1, 1, 1, 1, 1, 1, 1, 1, 1, 1, 1, 1, 1, 1, 1, 4.217, 4.561, 4.522, 
4.983, 5.443, 6.161, 6.955, 7.591, 8.091, 8.521, 9.198), .Dim = c(11L, 
40L), .Dimnames = list(NULL, c("Sampling", "PSO.cost", "PSO.gamma", 
"PSO.data.balancing", "PSO.feature.selection", "PSO.valid.acc", 
"PSO.test.acc", "PSO.train.time", "PSO.n.support.vectors", "PSO.index", 
"PSO.n.solutions", "PSO.generations", "PSO.n.evaluations", "PSO.cpu.time", 
"RS.cost", "RS.gamma", "RS.data.balancing", "RS.feature.selection", 
"RS.valid.acc", "RS.test.acc", "RS.train.time", "RS.n.support.vectors", 
"RS.index", "RS.n.solutions", "RS.generations", "RS.n.evaluations", 
"RS.cpu.time", "DF.cost", "DF.gamma", "DF.data.balancing", "DF.feature.selection", 
"DF.valid.acc", "DF.test.acc", "DF.train.time", "DF.n.support.vectors", 
"DF.index", "DF.n.solutions", "DF.generations", "DF.n.evaluations", 
"DF.cpu.time")))
