full <-
structure(c(50, 55, 60, 65, 70, 75, 80, 85, 90, 95, 100, 4.179, 
7.75581, 1.28064, 1.68221, 4.6087, 2.11528, 6.68518, 3.5324, 
1.76725, 7.38552, 0.64341, -6.24847, -8.17807, -4.81969, -4.79863, 
-7.10464, -6.05485, -8.65757, -6.35027, -4.09622, -8.4725, -4.4991, 
0, 0, 0, 0, 0, 0, 0, 0, 0, 0, 0, 0, 0, 0, 0, 0, 0, 0, 0, 0, 0, 
0, 0.54204, 0.55447, 0.55161, 0.55349, 0.55526, 0.56516, 0.55352, 
0.57081, 0.55767, 0.55656, 0.56343, 0.53079, 0.53277, 0.53986, 
0.53941, 0.55123, 0.5455, 0.53685, 0.5567, 0.54978, 0.54477, 
0.55921, 0.1737, 0.2178, 0.2449, 0.2834, 0.35, 0.3543, 0.4188, 
0.4799, 0.5219, 0.6057, 0.6334, 479.7, 527.4, 592.1, 628.9, 680.1, 
736, 778.5, 817.2, 847.5, 910.8, 971.4, 1673, 1380, 1486, 1599, 
1431, 1389, 1886, 2319, 895, 2094, 1167, 2, 27, 14, 55, 3, 76, 
2, 1, 40, 6, 38, 100, 100, 100, 100, 100, 100, 100, 100, 100, 
100, 100, 2500, 2500, 2500, 2500, 2500, 2500, 2500, 2500, 2500, 
2500, 2500, 11884.945, 12814.266, 13913.162, 14125.717, 21356.259, 
19012.733, 21568.811, 21988.74, 25361.841, 27213.519, 26762.822, 
4.55754, 8.58157, 3.87756, 2.10217, 8.74272, -0.8943, -0.98869, 
3.68347, 0.31315, 14.03734, 0.44956, -6.75091, -8.67004, -6.35944, 
-5.08751, -9.13555, -2.7405, -2.32947, -6.40118, -3.24823, -12.31594, 
-4.47864, 0, 0, 0, 0, 0, 0, 0, 0, 0, 0, 0, 0, 0, 0, 0, 0, 0, 
0, 0, 0, 0, 0, 0.53785, 0.55192, 0.54342, 0.54809, 0.55327, 0.5586, 
0.5544, 0.56668, 0.55765, 0.55284, 0.56204, 0.53075, 0.52896, 
0.54335, 0.534, 0.55126, 0.55301, 0.55088, 0.55504, 0.54977, 
0.54106, 0.55852, 0.1704, 0.223, 0.246, 0.2849, 0.3563, 0.3609, 
0.4137, 0.4919, 0.5211, 0.7874, 0.6391, 483.7, 527.9, 583.4, 
628.4, 671.2, 737.8, 792.3, 815.8, 860.9, 920.2, 975.7, 1977, 
994, 1657, 743, 1641, 2197, 1392, 488, 2395, 317, 61, 1, 1, 1, 
1, 1, 1, 1, 1, 1, 1, 1, 100, 100, 100, 100, 100, 100, 100, 100, 
100, 100, 100, 2500, 2500, 2500, 2500, 2500, 2500, 2500, 2500, 
2500, 2500, 2500, 15473.107, 16840.126, 19917.988, 25214.6, 28232.329, 
29846.879, 33649.313, 38391.898, 40068.564, 41276.482, 47348.013, 
1, 1, 1, 1, 1, 1, 1, 1, 1, 1, 1, 0.11111, 0.11111, 0.11111, 0.11111, 
0.11111, 0.11111, 0.11111, 0.11111, 0.11111, 0.11111, 0.11111, 
0, 0, 0, 0, 0, 0, 0, 0, 0, 0, 0, 0, 0, 0, 0, 0, 0, 0, 0, 0, 0, 
0, 0.51385, 0.53668, 0.52821, 0.53728, 0.53324, 0.54732, 0.54301, 
0.5617, 0.55532, 0.54109, 0.55431, 0.49838, 0.53145, 0.53639, 
0.54709, 0.53818, 0.54453, 0.55266, 0.5534, 0.54979, 0.53596, 
0.55573, 0.1703, 0.2066, 0.2455, 0.3056, 0.3388, 0.3547, 0.4071, 
0.4808, 0.5215, 0.5761, 0.635, 495.4, 546.7, 593.1, 637.9, 682.3, 
724, 770.7, 817.1, 865.6, 911.6, 962.3, 1, 1, 1, 1, 1, 1, 1, 
1, 1, 1, 1, 1, 1, 1, 1, 1, 1, 1, 1, 1, 1, 1, 1, 1, 1, 1, 1, 1, 
1, 1, 1, 1, 1, 1, 1, 1, 1, 1, 1, 1, 1, 1, 1, 1, 4.3, 4.677, 5.1, 
6.677, 7.125, 6.889, 7.495, 8.62, 8.106, 8.627, 9.282), .Dim = c(11L, 
40L), .Dimnames = list(NULL, c("Sampling", "PSO.cost", "PSO.gamma", 
"PSO.data.balancing", "PSO.feature.selection", "PSO.valid.acc", 
"PSO.test.acc", "PSO.train.time", "PSO.n.support.vectors", "PSO.index", 
"PSO.n.solutions", "PSO.generations", "PSO.n.evaluations", "PSO.cpu.time", 
"RS.cost", "RS.gamma", "RS.data.balancing", "RS.feature.selection", 
"RS.valid.acc", "RS.test.acc", "RS.train.time", "RS.n.support.vectors", 
"RS.index", "RS.n.solutions", "RS.generations", "RS.n.evaluations", 
"RS.cpu.time", "DF.cost", "DF.gamma", "DF.data.balancing", "DF.feature.selection", 
"DF.valid.acc", "DF.test.acc", "DF.train.time", "DF.n.support.vectors", 
"DF.index", "DF.n.solutions", "DF.generations", "DF.n.evaluations", 
"DF.cpu.time")))
