full <-
structure(c(50, 55, 60, 65, 70, 75, 80, 85, 90, 95, 100, 1.55807, 
11.19349, 6.55622, 8.88307, 2.12182, 4.27519, 11.5649, 0.41689, 
7.97108, 0.84164, 12.16206, -3.32318, -9.83669, -6.8041, -7.80278, 
-4.53284, -4.96404, -10.22246, -4.86403, -6.6994, -4.31362, -8.9963, 
0, 0, 0, 0, 0, 0, 0, 0, 0, 0, 0, 0, 0, 0, 0, 0, 0, 0, 0, 0, 0, 
0, 0.52382, 0.55567, 0.55402, 0.54784, 0.54721, 0.53693, 0.55182, 
0.56822, 0.56466, 0.56845, 0.56146, 0.51821, 0.51748, 0.54107, 
0.53177, 0.53718, 0.5303, 0.53775, 0.54666, 0.55377, 0.55665, 
0.54878, 0.1866, 0.2507, 0.2706, 0.349, 0.3446, 0.3959, 0.5249, 
0.4549, 0.6153, 0.58, 1.1543, 497.5, 531.6, 575.8, 619.1, 681.6, 
714.2, 765.8, 841.6, 834.4, 910.2, 929.2, 517, 1160, 880, 1175, 
1963, 409, 937, 1958, 1750, 445, 2273, 31, 23, 47, 8, 1, 61, 
8, 20, 326, 153, 1, 100, 100, 100, 100, 100, 100, 100, 100, 100, 
100, 100, 2500, 2500, 2500, 2500, 2500, 2500, 2500, 2500, 2500, 
2500, 2500, 11170.42, 16141.462, 12987.056, 17277.445, 25156.013, 
17292.741, 22835.064, 19740.255, 23428.815, 23643.753, 48458.886, 
0.98902, 11.93875, 6.11911, 6.67537, 9.72304, -1.84519, 8.98317, 
1.13944, 7.28217, 3.4335, 14.07978, -2.71388, -10.21244, -6.90405, 
-6.52203, -7.94215, -3.64062, -8.91479, -5.21183, -6.22572, -5.68125, 
-10.368, 0, 0, 0, 0, 0, 0, 0, 0, 0, 0, 0, 0, 0, 0, 0, 0, 0, 0, 
0, 0, 0, 0, 0.52101, 0.55439, 0.55281, 0.54781, 0.54618, 0.53409, 
0.55006, 0.5649, 0.56231, 0.56552, 0.55864, 0.51111, 0.51875, 
0.53988, 0.53283, 0.53819, 0.52943, 0.53774, 0.545, 0.55296, 
0.55369, 0.55441, 0.1656, 0.2628, 0.2548, 0.3173, 0.4181, 0.4003, 
0.4718, 0.4497, 0.5937, 0.5549, 1.4225, 504.6, 531.8, 580.6, 
617.6, 664.2, 779, 767.1, 834.9, 834.7, 895.9, 932.5, 1062, 719, 
1434, 1095, 575, 2062, 1858, 1063, 573, 1942, 464, 1, 1, 1, 1, 
1, 1, 1, 1, 1, 2, 1, 100, 100, 100, 100, 100, 100, 100, 100, 
100, 100, 100, 2500, 2500, 2500, 2500, 2500, 2500, 2500, 2500, 
2500, 2500, 2500, 15128.06, 17332.509, 19860.062, 22770.317, 
24621.614, 28444.451, 32790.411, 38258.265, 41083.921, 42793.425, 
48547.931, 1, 1, 1, 1, 1, 1, 1, 1, 1, 1, 1, 0.11111, 0.11111, 
0.11111, 0.11111, 0.11111, 0.11111, 0.11111, 0.11111, 0.11111, 
0.11111, 0.11111, 0, 0, 0, 0, 0, 0, 0, 0, 0, 0, 0, 0, 0, 0, 0, 
0, 0, 0, 0, 0, 0, 0, 0.51535, 0.52628, 0.54331, 0.53604, 0.53915, 
0.5294, 0.53784, 0.55088, 0.54596, 0.55812, 0.54881, 0.52244, 
0.53147, 0.53045, 0.53278, 0.53719, 0.54338, 0.5325, 0.53844, 
0.55533, 0.55294, 0.55723, 0.1628, 0.2064, 0.2542, 0.2661, 0.3459, 
0.3897, 0.4397, 0.4474, 0.5319, 0.5481, 0.6149, 511.4, 551.8, 
599.3, 645.9, 696.2, 739.6, 786.9, 825.6, 868.6, 910.1, 964, 
1, 1, 1, 1, 1, 1, 1, 1, 1, 1, 1, 1, 1, 1, 1, 1, 1, 1, 1, 1, 1, 
1, 1, 1, 1, 1, 1, 1, 1, 1, 1, 1, 1, 1, 1, 1, 1, 1, 1, 1, 1, 1, 
1, 1, 3.869, 4.464, 5.081, 5.046, 6.111, 6.578, 7.15, 7.036, 
8.062, 8.137, 8.925), .Dim = c(11L, 40L), .Dimnames = list(NULL, 
    c("Sampling", "PSO.cost", "PSO.gamma", "PSO.data.balancing", 
    "PSO.feature.selection", "PSO.valid.acc", "PSO.test.acc", 
    "PSO.train.time", "PSO.n.support.vectors", "PSO.index", "PSO.n.solutions", 
    "PSO.generations", "PSO.n.evaluations", "PSO.cpu.time", "RS.cost", 
    "RS.gamma", "RS.data.balancing", "RS.feature.selection", 
    "RS.valid.acc", "RS.test.acc", "RS.train.time", "RS.n.support.vectors", 
    "RS.index", "RS.n.solutions", "RS.generations", "RS.n.evaluations", 
    "RS.cpu.time", "DF.cost", "DF.gamma", "DF.data.balancing", 
    "DF.feature.selection", "DF.valid.acc", "DF.test.acc", "DF.train.time", 
    "DF.n.support.vectors", "DF.index", "DF.n.solutions", "DF.generations", 
    "DF.n.evaluations", "DF.cpu.time")))
