full <-
structure(c(50, 55, 60, 65, 70, 75, 80, 85, 90, 95, 100, 0.05286, 
-0.33378, -1.91478, -0.69861, -1.68519, -1.43716, -1.99716, 3.83772, 
6.2496, -1.5273, 2.93152, -4.96092, -4.75555, -3.46088, -4.6863, 
-3.07374, -3.64719, -3.29717, -6.26995, -6.59452, -2.65843, -6.93298, 
0, 0, 0, 0, 0, 0, 0, 0, 0, 0, 0, 0, 0, 0, 0, 0, 0, 0, 0, 0, 0, 
0, 0.56306, 0.56888, 0.5504, 0.5546, 0.55722, 0.56787, 0.57214, 
0.57074, 0.56018, 0.56179, 0.56215, 0.55742, 0.55985, 0.53631, 
0.55029, 0.55114, 0.55849, 0.56071, 0.55497, 0.54683, 0.55586, 
0.54885, 0.1767, 0.1984, 0.252, 0.286, 0.333, 0.3607, 0.4506, 
0.4645, 0.5346, 0.5845, 0.6569, 514.8, 561.5, 628.9, 669.4, 711, 
757.4, 818.6, 806.2, 833, 942.4, 993.4, 592, 793, 481, 961, 1099, 
755, 602, 1680, 682, 1514, 1533, 40, 233, 48, 36, 31, 500, 519, 
11, 31, 11, 3, 100, 100, 100, 100, 100, 100, 100, 100, 100, 100, 
100, 2500, 2500, 2500, 2500, 2500, 2500, 2500, 2500, 2500, 2500, 
2500, 10936.103, 11892.904, 12948.285, 14564.547, 14961.158, 
16056.679, 17722.813, 22365.13, 22326.677, 23138.787, 24827.839, 
-0.22774, 0.20713, -1.59865, -1.53675, -1.57291, -1.65266, -0.53743, 
3.97461, 6.86642, -1.85479, 1.63156, -4.85873, -4.33348, -3.27795, 
-4.63995, -3.32214, -3.30486, -5.2307, -6.25148, -7.06119, -2.56985, 
-5.8933, 0, 0, 0, 0, 0, 0, 0, 0, 0, 0, 0, 0, 0, 0, 0, 0, 0, 0, 
0, 0, 0, 0, 0.56155, 0.56492, 0.54803, 0.55028, 0.55321, 0.56224, 
0.56952, 0.56745, 0.55706, 0.55736, 0.55792, 0.54623, 0.5444, 
0.53513, 0.54268, 0.55314, 0.55475, 0.54852, 0.55332, 0.54369, 
0.55585, 0.55307, 0.1774, 0.2119, 0.2504, 0.298, 0.3294, 0.3857, 
0.4241, 0.4699, 0.5295, 0.5765, 0.6205, 519.3, 543.4, 620.1, 
686.1, 711.3, 758.7, 825, 804.6, 835, 951.3, 989.9, 1700, 2230, 
1617, 30, 2380, 866, 2196, 835, 674, 631, 223, 1, 1, 1, 1, 1, 
1, 1, 1, 1, 2, 2, 100, 100, 100, 100, 100, 100, 100, 100, 100, 
100, 100, 2500, 2500, 2500, 2500, 2500, 2500, 2500, 2500, 2500, 
2500, 2500, 15181.092, 17309.478, 19286.754, 22188.081, 25003.63, 
27983.025, 29952.052, 34507.295, 39882.646, 41454.338, 48873.839, 
1, 1, 1, 1, 1, 1, 1, 1, 1, 1, 1, 0.11111, 0.11111, 0.11111, 0.11111, 
0.11111, 0.11111, 0.11111, 0.11111, 0.11111, 0.11111, 0.11111, 
0, 0, 0, 0, 0, 0, 0, 0, 0, 0, 0, 0, 0, 0, 0, 0, 0, 0, 0, 0, 0, 
0, 0.53216, 0.5431, 0.52703, 0.53076, 0.54105, 0.55007, 0.56247, 
0.55088, 0.55153, 0.55139, 0.5544, 0.53083, 0.53411, 0.53632, 
0.54049, 0.5421, 0.54719, 0.54936, 0.55581, 0.54526, 0.54996, 
0.54394, 0.1709, 0.209, 0.234, 0.2903, 0.3282, 0.3837, 0.4048, 
0.461, 0.5126, 0.5703, 0.624, 492.5, 535.6, 589.6, 635.3, 679.6, 
723.2, 770.5, 819.4, 863.6, 907.8, 960.2, 1, 1, 1, 1, 1, 1, 1, 
1, 1, 1, 1, 1, 1, 1, 1, 1, 1, 1, 1, 1, 1, 1, 1, 1, 1, 1, 1, 1, 
1, 1, 1, 1, 1, 1, 1, 1, 1, 1, 1, 1, 1, 1, 1, 1, 4.191, 4.583, 
4.734, 5.461, 5.802, 6.483, 6.554, 7.285, 7.848, 8.425, 8.888
), .Dim = c(11L, 40L), .Dimnames = list(NULL, c("Sampling", "PSO.cost", 
"PSO.gamma", "PSO.data.balancing", "PSO.feature.selection", "PSO.valid.acc", 
"PSO.test.acc", "PSO.train.time", "PSO.n.support.vectors", "PSO.index", 
"PSO.n.solutions", "PSO.generations", "PSO.n.evaluations", "PSO.cpu.time", 
"RS.cost", "RS.gamma", "RS.data.balancing", "RS.feature.selection", 
"RS.valid.acc", "RS.test.acc", "RS.train.time", "RS.n.support.vectors", 
"RS.index", "RS.n.solutions", "RS.generations", "RS.n.evaluations", 
"RS.cpu.time", "DF.cost", "DF.gamma", "DF.data.balancing", "DF.feature.selection", 
"DF.valid.acc", "DF.test.acc", "DF.train.time", "DF.n.support.vectors", 
"DF.index", "DF.n.solutions", "DF.generations", "DF.n.evaluations", 
"DF.cpu.time")))
