full <-
structure(c(50, 55, 60, 65, 70, 75, 80, 85, 90, 95, 100, -0.23969, 
-1.05779, -1.53498, -1.81571, 4.16379, -1.69253, 12.77859, 3.34108, 
9.16402, -1.42201, 7.31162, -4.18399, -3.86631, -4.23584, -4.01738, 
-6.96629, -3.00338, -10.24412, -5.54642, -9.3355, -3.01769, -7.64605, 
0, 0, 0, 0, 0, 0, 0, 0, 0, 0, 0, 0, 0, 0, 0, 0, 0, 0, 0, 0, 0, 
0, 0.56894, 0.56096, 0.562, 0.56117, 0.57037, 0.56043, 0.55616, 
0.57157, 0.56487, 0.56929, 0.56568, 0.54793, 0.552, 0.55495, 
0.54487, 0.55435, 0.55387, 0.54918, 0.55914, 0.55781, 0.55442, 
0.5551, 0.1793, 0.2176, 0.257, 0.2985, 0.3281, 0.3668, 0.6347, 
0.4542, 0.5699, 0.5849, 0.6821, 518.2, 575.4, 638.8, 689.5, 684.7, 
767.5, 746.1, 797.5, 849.6, 946.4, 941.5, 974, 514, 1026, 724, 
753, 1066, 774, 2173, 1348, 1752, 1407, 51, 63, 23, 131, 50, 
401, 4, 64, 33, 66, 23, 100, 100, 100, 100, 100, 100, 100, 100, 
100, 100, 100, 2500, 2500, 2500, 2500, 2500, 2500, 2500, 2500, 
2500, 2500, 2500, 11120.182, 12407.833, 12916.281, 14143.325, 
15676.762, 16666.853, 35938.075, 20528.376, 28111.857, 25710.402, 
29197.323, -0.21368, -0.84275, -1.56787, -1.48082, 3.11921, -1.69779, 
13.72096, 3.11951, -0.94159, -1.52666, 3.93323, -4.02723, -3.85488, 
-4.22508, -4.03109, -6.45057, -2.76477, -10.72634, -5.40191, 
-4.41973, -3.02163, -6.65345, 0, 0, 0, 0, 0, 0, 0, 0, 0, 0, 0, 
0, 0, 0, 0, 0, 0, 0, 0, 0, 0, 0, 0.56333, 0.5583, 0.55849, 0.55685, 
0.56836, 0.5548, 0.55529, 0.57074, 0.56333, 0.56631, 0.56213, 
0.55077, 0.55327, 0.5561, 0.54921, 0.55634, 0.55477, 0.5483, 
0.55666, 0.55548, 0.55368, 0.54247, 0.1786, 0.213, 0.2574, 0.2952, 
0.3236, 0.3778, 0.7167, 0.4687, 0.5435, 0.5925, 0.6559, 515.8, 
570.3, 639.1, 682.9, 689.2, 765.5, 746.2, 797.3, 912.1, 949.5, 
965.9, 1868, 682, 410, 183, 970, 570, 827, 614, 969, 1094, 1901, 
1, 1, 1, 1, 1, 1, 1, 1, 1, 1, 1, 100, 100, 100, 100, 100, 100, 
100, 100, 100, 100, 100, 2500, 2500, 2500, 2500, 2500, 2500, 
2500, 2500, 2500, 2500, 2500, 15184.242, 17652.408, 19413.704, 
21873.19, 24630.166, 29445.407, 36110.959, 39203.752, 40853.724, 
43737.76, 52185.161, 1, 1, 1, 1, 1, 1, 1, 1, 1, 1, 1, 0.11111, 
0.11111, 0.11111, 0.11111, 0.11111, 0.11111, 0.11111, 0.11111, 
0.11111, 0.11111, 0.11111, 0, 0, 0, 0, 0, 0, 0, 0, 0, 0, 0, 0, 
0, 0, 0, 0, 0, 0, 0, 0, 0, 0, 0.54912, 0.54043, 0.54087, 0.54497, 
0.53927, 0.54253, 0.53767, 0.55837, 0.55007, 0.5567, 0.55158, 
0.5423, 0.54045, 0.53861, 0.54272, 0.55732, 0.53596, 0.55087, 
0.5567, 0.55241, 0.5493, 0.54241, 0.1752, 0.2075, 0.2445, 0.2761, 
0.3255, 0.3871, 0.4169, 0.473, 0.5174, 0.5793, 0.6492, 502.1, 
547.9, 595.8, 640.6, 684.4, 730.1, 775.7, 816.9, 861.3, 913.1, 
962.6, 1, 1, 1, 1, 1, 1, 1, 1, 1, 1, 1, 1, 1, 1, 1, 1, 1, 1, 
1, 1, 1, 1, 1, 1, 1, 1, 1, 1, 1, 1, 1, 1, 1, 1, 1, 1, 1, 1, 1, 
1, 1, 1, 1, 1, 4.33, 4.632, 5.028, 5.343, 5.862, 7.534, 7.608, 
8.42, 8.835, 9.494, 10.242), .Dim = c(11L, 40L), .Dimnames = list(
    NULL, c("Sampling", "PSO.cost", "PSO.gamma", "PSO.data.balancing", 
    "PSO.feature.selection", "PSO.valid.acc", "PSO.test.acc", 
    "PSO.train.time", "PSO.n.support.vectors", "PSO.index", "PSO.n.solutions", 
    "PSO.generations", "PSO.n.evaluations", "PSO.cpu.time", "RS.cost", 
    "RS.gamma", "RS.data.balancing", "RS.feature.selection", 
    "RS.valid.acc", "RS.test.acc", "RS.train.time", "RS.n.support.vectors", 
    "RS.index", "RS.n.solutions", "RS.generations", "RS.n.evaluations", 
    "RS.cpu.time", "DF.cost", "DF.gamma", "DF.data.balancing", 
    "DF.feature.selection", "DF.valid.acc", "DF.test.acc", "DF.train.time", 
    "DF.n.support.vectors", "DF.index", "DF.n.solutions", "DF.generations", 
    "DF.n.evaluations", "DF.cpu.time")))
