full <-
structure(c(50, 55, 60, 65, 70, 75, 80, 85, 90, 95, 100, -0.29078, 
0.46598, -0.5088, -1.07207, -1.08624, -1.01107, 7.82882, 2.81245, 
-0.88109, 4.02879, -1.10934, -3.25622, -3.04742, -2.55749, -1.82781, 
-2.88246, -4.63596, -8.07814, -4.88559, -4.72151, -5.67831, -3.65299, 
0, 0, 0, 0, 0, 0, 0, 0, 0, 0, 0, 0, 0, 0, 0, 0, 0, 0, 0, 0, 0, 
0, 0.53527, 0.53496, 0.55967, 0.53734, 0.55106, 0.54368, 0.54208, 
0.5616, 0.55159, 0.5625, 0.56066, 0.52385, 0.51334, 0.52697, 
0.53198, 0.53103, 0.52208, 0.53766, 0.54262, 0.54064, 0.54479, 
0.54522, 0.1701, 0.2164, 0.2479, 0.3084, 0.3461, 0.3723, 0.4397, 
0.486, 0.5566, 0.5938, 0.6419, 504.3, 544.3, 602.4, 669.6, 706.8, 
780.8, 767.7, 808.2, 931.3, 903.7, 999.8, 1153, 1286, 496, 1050, 
1863, 509, 1445, 1588, 1107, 1534, 1337, 119, 41, 528, 37, 12, 
348, 16, 32, 44, 80, 19, 100, 100, 100, 100, 100, 100, 100, 100, 
100, 100, 100, 2500, 2500, 2500, 2500, 2500, 2500, 2500, 2500, 
2500, 2500, 2500, 13000.143, 12942.752, 13825.357, 17367.808, 
16442.19, 17325.179, 21316.384, 26997.644, 26868.931, 26261.273, 
26095.899, -0.56281, 0.70809, -0.37256, -1.36605, -1.3652, -1.35348, 
3.07533, 5.78755, -1.58783, 5.0687, 1.50837, -3.33819, -3.25927, 
-2.90923, -2.71894, -3.18508, -3.29244, -4.92148, -6.08421, -4.39524, 
-5.92518, -5.7705, 0, 0, 0, 0, 0, 0, 0, 0, 0, 0, 0, 0, 0, 0, 
0, 0, 0, 0, 0, 0, 0, 0, 0.53525, 0.5324, 0.55381, 0.53415, 0.54707, 
0.53897, 0.5386, 0.55917, 0.54538, 0.56103, 0.55572, 0.53646, 
0.51719, 0.53043, 0.52986, 0.525, 0.53804, 0.52275, 0.54423, 
0.54377, 0.54551, 0.54095, 0.1642, 0.2126, 0.2549, 0.3025, 0.3481, 
0.3657, 0.4087, 0.479, 0.5608, 0.5924, 0.6441, 505.8, 542.4, 
597.8, 662.7, 712.3, 765.1, 768, 798.2, 940.9, 898.3, 988.1, 
635, 2245, 2374, 1652, 71, 97, 637, 465, 1256, 1856, 1312, 1, 
1, 1, 1, 1, 2, 1, 2, 1, 1, 2, 100, 100, 100, 100, 100, 100, 100, 
100, 100, 100, 100, 2500, 2500, 2500, 2500, 2500, 2500, 2500, 
2500, 2500, 2500, 2500, 15853.761, 18328.218, 20035.873, 22336.717, 
25389.283, 28603.564, 32155.566, 35757.7, 38157.238, 41738.499, 
46276.9940000001, 1, 1, 1, 1, 1, 1, 1, 1, 1, 1, 1, 0.11111, 0.11111, 
0.11111, 0.11111, 0.11111, 0.11111, 0.11111, 0.11111, 0.11111, 
0.11111, 0.11111, 0, 0, 0, 0, 0, 0, 0, 0, 0, 0, 0, 0, 0, 0, 0, 
0, 0, 0, 0, 0, 0, 0, 0.52968, 0.51833, 0.54446, 0.52543, 0.54098, 
0.52584, 0.53422, 0.55581, 0.53046, 0.54994, 0.54723, 0.52115, 
0.51584, 0.52805, 0.53842, 0.52501, 0.5287, 0.53419, 0.54507, 
0.53519, 0.54479, 0.54446, 0.1711, 0.2111, 0.253, 0.2952, 0.3323, 
0.373, 0.4154, 0.4487, 0.5331, 0.5619, 0.626, 502.7, 547.4, 594.6, 
643.8, 691.6, 741, 786, 826.4, 878.3, 922.4, 964.7, 1, 1, 1, 
1, 1, 1, 1, 1, 1, 1, 1, 1, 1, 1, 1, 1, 1, 1, 1, 1, 1, 1, 1, 1, 
1, 1, 1, 1, 1, 1, 1, 1, 1, 1, 1, 1, 1, 1, 1, 1, 1, 1, 1, 1, 4.283, 
4.773, 5.178, 5.681, 6.046, 6.481, 7.635, 7.097, 8.202, 8.435, 
9.175), .Dim = c(11L, 40L), .Dimnames = list(NULL, c("Sampling", 
"PSO.cost", "PSO.gamma", "PSO.data.balancing", "PSO.feature.selection", 
"PSO.valid.acc", "PSO.test.acc", "PSO.train.time", "PSO.n.support.vectors", 
"PSO.index", "PSO.n.solutions", "PSO.generations", "PSO.n.evaluations", 
"PSO.cpu.time", "RS.cost", "RS.gamma", "RS.data.balancing", "RS.feature.selection", 
"RS.valid.acc", "RS.test.acc", "RS.train.time", "RS.n.support.vectors", 
"RS.index", "RS.n.solutions", "RS.generations", "RS.n.evaluations", 
"RS.cpu.time", "DF.cost", "DF.gamma", "DF.data.balancing", "DF.feature.selection", 
"DF.valid.acc", "DF.test.acc", "DF.train.time", "DF.n.support.vectors", 
"DF.index", "DF.n.solutions", "DF.generations", "DF.n.evaluations", 
"DF.cpu.time")))
