full <-
structure(c(50, 55, 60, 65, 70, 75, 80, 85, 90, 95, 100, 13.21127, 
15, 11.46626, 12.981, 14.99138, 13.95851, 6.41257, 11.21372, 
2.53451, 14.9441, 3.47391, -11.3516, -12.26917, -10.6161, -9.36212, 
-10.40788, -11.92524, -5.7867, -9.12693, -5.82759, -11.04228, 
-7.00358, 0, 0, 0, 0, 0, 0, 0, 0, 0, 0, 0, 0, 0, 0, 0, 0, 0, 
0, 0, 0, 0, 0, 0.52775, 0.54419, 0.53647, 0.54599, 0.54911, 0.55111, 
0.55541, 0.5525, 0.5539, 0.56339, 0.56067, 0.53344, 0.5364, 0.51996, 
0.53619, 0.53707, 0.53614, 0.54661, 0.54583, 0.55233, 0.54193, 
0.54457, 0.233, 0.3622, 0.2887, 0.6359, 1.0876, 0.5466, 0.4595, 
0.6647, 0.5341, 1.3223, 0.6474, 481, 525.7, 578.8, 607.7, 647.4, 
719.7, 739.8, 794.4, 868.5, 882.2, 984.1, 2046, 1821, 2255, 1825, 
2358, 1939, 2323, 1172, 1670, 1725, 1573, 1, 1, 2, 4, 1, 3, 2, 
44, 35, 1, 28, 100, 100, 100, 100, 100, 100, 100, 100, 100, 100, 
100, 2500, 2500, 2500, 2500, 2500, 2500, 2500, 2500, 2500, 2500, 
2500, 14083.601, 16245.216, 14614.402, 29354.609, 32030.408, 
23874.383, 27438.145, 30127.922, 24562.857, 43633.832, 24597.1370000001, 
12.04051, 14.54966, 9.09925, 13.54321, 11.27314, 14.22493, 6.57982, 
9.56456, -0.74894, 14.05799, 2.77239, -10.73657, -11.99247, -9.38363, 
-9.60808, -8.89957, -12.03816, -5.88077, -8.26672, -2.53483, 
-10.63201, -6.66295, 0, 0, 0, 0, 0, 0, 0, 0, 0, 0, 0, 0, 0, 0, 
0, 0, 0, 0, 0, 0, 0, 0, 0.52493, 0.53905, 0.53297, 0.54169, 0.54812, 
0.55204, 0.5554, 0.55167, 0.55238, 0.55745, 0.55927, 0.52926, 
0.53895, 0.52233, 0.53726, 0.54205, 0.53707, 0.54573, 0.54749, 
0.54221, 0.54267, 0.54527, 0.2203, 0.3442, 0.2622, 0.7359, 0.4956, 
0.5923, 0.4932, 0.5677, 0.5253, 1.1303, 0.6505, 481.4, 525, 579.3, 
607.5, 651, 719.6, 740, 795.5, 883.5, 883.1, 989.3, 1775, 32, 
1401, 1788, 1056, 2283, 1747, 173, 612, 1196, 1454, 1, 1, 2, 
2, 1, 1, 1, 3, 1, 1, 1, 100, 100, 100, 100, 100, 100, 100, 100, 
100, 100, 100, 2500, 2500, 2500, 2500, 2500, 2500, 2500, 2500, 
2500, 2500, 2500, 15569.171, 17789.598, 19399.959, 22740.123, 
26582.907, 29778.565, 31633.613, 35590.703, 41662.849, 45309.789, 
46584.084, 1, 1, 1, 1, 1, 1, 1, 1, 1, 1, 1, 0.11111, 0.11111, 
0.11111, 0.11111, 0.11111, 0.11111, 0.11111, 0.11111, 0.11111, 
0.11111, 0.11111, 0, 0, 0, 0, 0, 0, 0, 0, 0, 0, 0, 0, 0, 0, 0, 
0, 0, 0, 0, 0, 0, 0, 0.51936, 0.51222, 0.51996, 0.51456, 0.52391, 
0.52858, 0.54132, 0.53849, 0.54221, 0.54933, 0.54384, 0.5307, 
0.51094, 0.50699, 0.52316, 0.51793, 0.52582, 0.54574, 0.5351, 
0.54219, 0.55375, 0.55012, 0.1784, 0.2094, 0.2454, 0.2938, 0.3141, 
0.3773, 0.4075, 0.4822, 0.5292, 0.5839, 0.6535, 500.2, 550.4, 
598.7, 646, 690.3, 734.3, 776.1, 825.4, 868.5, 913.5, 963.1, 
1, 1, 1, 1, 1, 1, 1, 1, 1, 1, 1, 1, 1, 1, 1, 1, 1, 1, 1, 1, 1, 
1, 1, 1, 1, 1, 1, 1, 1, 1, 1, 1, 1, 1, 1, 1, 1, 1, 1, 1, 1, 1, 
1, 1, 4.329, 4.618, 4.942, 5.693, 5.682, 6.57, 6.707, 7.704, 
8.273, 8.797, 9.518), .Dim = c(11L, 40L), .Dimnames = list(NULL, 
    c("Sampling", "PSO.cost", "PSO.gamma", "PSO.data.balancing", 
    "PSO.feature.selection", "PSO.valid.acc", "PSO.test.acc", 
    "PSO.train.time", "PSO.n.support.vectors", "PSO.index", "PSO.n.solutions", 
    "PSO.generations", "PSO.n.evaluations", "PSO.cpu.time", "RS.cost", 
    "RS.gamma", "RS.data.balancing", "RS.feature.selection", 
    "RS.valid.acc", "RS.test.acc", "RS.train.time", "RS.n.support.vectors", 
    "RS.index", "RS.n.solutions", "RS.generations", "RS.n.evaluations", 
    "RS.cpu.time", "DF.cost", "DF.gamma", "DF.data.balancing", 
    "DF.feature.selection", "DF.valid.acc", "DF.test.acc", "DF.train.time", 
    "DF.n.support.vectors", "DF.index", "DF.n.solutions", "DF.generations", 
    "DF.n.evaluations", "DF.cpu.time")))
