full <-
structure(c(50, 55, 60, 65, 70, 75, 80, 85, 90, 95, 100, 0.06885, 
1.48387, -0.34559, 1.22172, -1.58972, -0.62123, 2.0113, 2.55162, 
8.674, 4.18237, 14.47867, -2.53236, -3.61786, -3.77782, -4.55104, 
-2.454, -2.91456, -4.53602, -5.87507, -8.75321, -5.78841, -11.727, 
0, 0, 0, 0, 0, 0, 0, 0, 0, 0, 0, 0, 0, 0, 0, 0, 0, 0, 0, 0, 0, 
0, 0.57025, 0.56859, 0.56298, 0.57611, 0.56436, 0.56716, 0.57127, 
0.56653, 0.56098, 0.56543, 0.55984, 0.55898, 0.55828, 0.54896, 
0.56758, 0.55122, 0.56158, 0.5527, 0.56077, 0.54293, 0.56691, 
0.55419, 0.1781, 0.2044, 0.2341, 0.2916, 0.3304, 0.3875, 0.4273, 
0.4599, 0.5829, 0.5899, 1.0337, 501.4, 535.6, 609.6, 642, 716.8, 
744.7, 762, 830.9, 857.7, 896.5, 946.8, 756, 1273, 1966, 879, 
1124, 2207, 1027, 1830, 222, 2322, 1285, 156, 22, 7, 39, 200, 
1, 108, 4, 44, 1, 1, 100, 100, 100, 100, 100, 100, 100, 100, 
100, 100, 100, 2500, 2500, 2500, 2500, 2500, 2500, 2500, 2500, 
2500, 2500, 2500, 10933.23, 12157.966, 15788.063, 13908.399, 
16074.209, 17117.92, 18215.171, 19533.532, 25687.613, 26118.275, 
39206.05, -1.36806, 1.5851, -0.56455, 3.12785, -1.51232, -0.36179, 
1.61955, 2.52677, 8.56157, -0.05042, 14.11549, -1.74711, -3.6757, 
-2.86426, -4.06855, -2.52377, -3.98377, -4.36103, -5.84348, -8.74661, 
-3.73975, -11.50291, 0, 0, 0, 0, 0, 0, 0, 0, 0, 0, 0, 0, 0, 0, 
0, 0, 0, 0, 0, 0, 0, 0, 0.56604, 0.56732, 0.5607, 0.57513, 0.56034, 
0.56525, 0.56687, 0.56488, 0.5602, 0.5632, 0.55772, 0.55342, 
0.55827, 0.55129, 0.55145, 0.5522, 0.55877, 0.55711, 0.56075, 
0.5445, 0.56172, 0.55627, 0.1941, 0.2021, 0.263, 0.2885, 0.3304, 
0.3857, 0.4157, 0.4895, 0.5718, 0.5928, 1.0359, 533.8, 535.5, 
603.3, 610.7, 714.7, 751.8, 764.4, 830.4, 859.5, 923.4, 945.9, 
1397, 471, 973, 1716, 2361, 644, 1234, 1331, 1688, 2257, 2205, 
1, 1, 2, 1, 2, 1, 1, 1, 1, 2, 1, 100, 100, 100, 100, 100, 100, 
100, 100, 100, 100, 100, 2500, 2500, 2500, 2500, 2500, 2500, 
2500, 2500, 2500, 2500, 2500, 14594.444, 17087.841, 18778.477, 
21244.839, 24565.659, 27541.603, 30823.384, 36352.135, 39308.503, 
43627.217, 46240.885, 1, 1, 1, 1, 1, 1, 1, 1, 1, 1, 1, 0.11111, 
0.11111, 0.11111, 0.11111, 0.11111, 0.11111, 0.11111, 0.11111, 
0.11111, 0.11111, 0.11111, 0, 0, 0, 0, 0, 0, 0, 0, 0, 0, 0, 0, 
0, 0, 0, 0, 0, 0, 0, 0, 0, 0, 0.559, 0.56086, 0.55714, 0.56648, 
0.5493, 0.55874, 0.55894, 0.54996, 0.54447, 0.55877, 0.54231, 
0.56041, 0.57357, 0.55712, 0.57839, 0.54929, 0.56066, 0.56242, 
0.54083, 0.55071, 0.56246, 0.53883, 0.1639, 0.2212, 0.231, 0.2662, 
0.3419, 0.3858, 0.4148, 0.4805, 0.5345, 0.5902, 0.6421, 504.9, 
552.1, 595.3, 641.3, 686.4, 732.6, 776.6, 821.5, 867.6, 916.4, 
960.5, 1, 1, 1, 1, 1, 1, 1, 1, 1, 1, 1, 1, 1, 1, 1, 1, 1, 1, 
1, 1, 1, 1, 1, 1, 1, 1, 1, 1, 1, 1, 1, 1, 1, 1, 1, 1, 1, 1, 1, 
1, 1, 1, 1, 1, 4.047, 4.858, 4.714, 5.082, 6.132, 6.556, 6.699, 
7.639, 8.212, 8.816, 9.406), .Dim = c(11L, 40L), .Dimnames = list(
    NULL, c("Sampling", "PSO.cost", "PSO.gamma", "PSO.data.balancing", 
    "PSO.feature.selection", "PSO.valid.acc", "PSO.test.acc", 
    "PSO.train.time", "PSO.n.support.vectors", "PSO.index", "PSO.n.solutions", 
    "PSO.generations", "PSO.n.evaluations", "PSO.cpu.time", "RS.cost", 
    "RS.gamma", "RS.data.balancing", "RS.feature.selection", 
    "RS.valid.acc", "RS.test.acc", "RS.train.time", "RS.n.support.vectors", 
    "RS.index", "RS.n.solutions", "RS.generations", "RS.n.evaluations", 
    "RS.cpu.time", "DF.cost", "DF.gamma", "DF.data.balancing", 
    "DF.feature.selection", "DF.valid.acc", "DF.test.acc", "DF.train.time", 
    "DF.n.support.vectors", "DF.index", "DF.n.solutions", "DF.generations", 
    "DF.n.evaluations", "DF.cpu.time")))
