full <-
structure(c(50, 55, 60, 65, 70, 75, 80, 85, 90, 95, 100, -0.73626, 
1.26284, 14.57903, -0.48832, -0.0257, 0.77365, 2.07854, 3.71572, 
4.36591, 15, 2.23136, -1.71108, -4.84998, -11.31717, -2.65676, 
-4.02019, -3.98244, -4.9466, -5.68522, -5.29387, -12.22607, -6.62403, 
0, 0, 0, 0, 0, 0, 0, 0, 0, 0, 0, 0, 0, 0, 0, 0, 0, 0, 0, 0, 0, 
0, 0.58418, 0.57846, 0.5678, 0.57522, 0.56116, 0.55663, 0.57468, 
0.57325, 0.56638, 0.56477, 0.56135, 0.57731, 0.56305, 0.5561, 
0.56542, 0.5511, 0.55385, 0.56151, 0.55008, 0.5531, 0.5559, 0.55502, 
0.1895, 0.2164, 0.5157, 0.2956, 0.3102, 0.3824, 0.4117, 0.4801, 
0.5198, 0.9794, 0.6234, 517.1, 542.7, 567.1, 638.8, 692.8, 725.6, 
763.4, 801.9, 838.5, 904.1, 1000.4, 1225, 632, 1298, 475, 1575, 
2466, 1998, 331, 1750, 2266, 2228, 58, 170, 2, 203, 24, 1, 26, 
99, 5, 2, 2, 100, 100, 100, 100, 100, 100, 100, 100, 100, 100, 
100, 2500, 2500, 2500, 2500, 2500, 2500, 2500, 2500, 2500, 2500, 
2500, 11098.281, 12236.612, 19377.961, 13643.647, 15783.11, 16411.963, 
21573.6, 23798.009, 20846.611, 41553.58, 35071.785, -0.50095, 
1.44721, 11.79494, -0.46144, -1.03823, 11.30542, 2.15834, 11.53326, 
7.7238, 7.36212, 0.15531, -2.13723, -5.00989, -9.89721, -2.76605, 
-3.10934, -9.20216, -5.02052, -9.06313, -7.67481, -6.54095, -4.83749, 
0, 0, 0, 0, 0, 0, 0, 0, 0, 0, 0, 0, 0, 0, 0, 0, 0, 0, 0, 0, 0, 
0, 0.5814, 0.5759, 0.56778, 0.57306, 0.56215, 0.55276, 0.57202, 
0.57324, 0.5648, 0.56186, 0.55997, 0.5744, 0.56688, 0.55375, 
0.56648, 0.55303, 0.54535, 0.56151, 0.55418, 0.55227, 0.56331, 
0.55572, 0.1707, 0.2136, 0.3596, 0.2642, 0.338, 0.5418, 0.4232, 
0.7195, 0.578, 0.6401, 0.6615, 506.1, 542.3, 566.8, 637.6, 699.1, 
704.1, 763.9, 789.6, 843.5, 880.8, 994.7, 1704, 1294, 1088, 1621, 
2410, 1455, 563, 1837, 767, 1642, 2354, 1, 1, 1, 2, 1, 1, 1, 
1, 1, 2, 1, 100, 100, 100, 100, 100, 100, 100, 100, 100, 100, 
100, 2500, 2500, 2500, 2500, 2500, 2500, 2500, 2500, 2500, 2500, 
2500, 15587.385, 17006.732, 19448.205, 21035.603, 25370.091, 
27490.044, 31456.019, 36339.804, 39448.891, 45243.296, 46587.064, 
1, 1, 1, 1, 1, 1, 1, 1, 1, 1, 1, 0.11111, 0.11111, 0.11111, 0.11111, 
0.11111, 0.11111, 0.11111, 0.11111, 0.11111, 0.11111, 0.11111, 
0, 0, 0, 0, 0, 0, 0, 0, 0, 0, 0, 0, 0, 0, 0, 0, 0, 0, 0, 0, 0, 
0, 0.56317, 0.56191, 0.56311, 0.56766, 0.55813, 0.5482, 0.56328, 
0.55587, 0.54682, 0.55144, 0.54589, 0.55894, 0.56053, 0.5503, 
0.5622, 0.55609, 0.54907, 0.56158, 0.55336, 0.55151, 0.55218, 
0.55022, 0.1711, 0.1952, 0.2293, 0.2792, 0.309, 0.3849, 0.433, 
0.4681, 0.4972, 0.5509, 0.6489, 493.8, 537.9, 586.3, 630.5, 678.2, 
729.9, 772.9, 817, 866, 913.7, 963.2, 1, 1, 1, 1, 1, 1, 1, 1, 
1, 1, 1, 1, 1, 1, 1, 1, 1, 1, 1, 1, 1, 1, 1, 1, 1, 1, 1, 1, 1, 
1, 1, 1, 1, 1, 1, 1, 1, 1, 1, 1, 1, 1, 1, 1, 4.367, 4.343, 4.622, 
5.293, 5.532, 6.457, 6.932, 7.558, 7.505, 8.154, 9.444), .Dim = c(11L, 
40L), .Dimnames = list(NULL, c("Sampling", "PSO.cost", "PSO.gamma", 
"PSO.data.balancing", "PSO.feature.selection", "PSO.valid.acc", 
"PSO.test.acc", "PSO.train.time", "PSO.n.support.vectors", "PSO.index", 
"PSO.n.solutions", "PSO.generations", "PSO.n.evaluations", "PSO.cpu.time", 
"RS.cost", "RS.gamma", "RS.data.balancing", "RS.feature.selection", 
"RS.valid.acc", "RS.test.acc", "RS.train.time", "RS.n.support.vectors", 
"RS.index", "RS.n.solutions", "RS.generations", "RS.n.evaluations", 
"RS.cpu.time", "DF.cost", "DF.gamma", "DF.data.balancing", "DF.feature.selection", 
"DF.valid.acc", "DF.test.acc", "DF.train.time", "DF.n.support.vectors", 
"DF.index", "DF.n.solutions", "DF.generations", "DF.n.evaluations", 
"DF.cpu.time")))
