full <-
structure(c(50, 55, 60, 65, 70, 75, 80, 85, 90, 95, 100, -1.99558, 
1.54355, 0.93069, -0.66917, 1.43718, -0.10899, -1.27037, 1.25927, 
-1.04625, 1.25646, -1.53208, -2.17291, -4.9062, -5.17376, -3.31413, 
-4.66805, -5.32906, -4.21228, -5.21303, -2.46394, -3.83459, -2.93703, 
0, 0, 0, 0, 0, 0, 0, 0, 0, 0, 0, 0, 0, 0, 0, 0, 0, 0, 0, 0, 0, 
0, 0.56755, 0.56308, 0.57376, 0.56316, 0.57031, 0.56509, 0.57818, 
0.57398, 0.56479, 0.56553, 0.5691, 0.5521, 0.55797, 0.55505, 
0.53936, 0.57134, 0.5557, 0.56064, 0.55073, 0.54842, 0.55515, 
0.55999, 0.1782, 0.2068, 0.2548, 0.2866, 0.3116, 0.3823, 0.423, 
0.4541, 0.4995, 0.5548, 0.6571, 515.6, 532.5, 600.9, 648, 678.5, 
773.7, 822.6, 826.5, 883, 897, 1000.5, 2115, 639, 1174, 507, 
1392, 2313, 1324, 1716, 1477, 1850, 1045, 42, 175, 13, 321, 31, 
1, 20, 57, 50, 25, 2, 100, 100, 100, 100, 100, 100, 100, 100, 
100, 100, 100, 2500, 2500, 2500, 2500, 2500, 2500, 2500, 2500, 
2500, 2500, 2500, 11585.469, 12026.527, 14036.508, 14335.925, 
15423.507, 23972.621, 18451.803, 20548.425, 22805.527, 26907.333, 
25057.22, 0.74563, 0.44001, 1.77321, -0.4586, -0.18275, 0.91084, 
-1.10296, 1.18323, -0.82089, 1.26974, -1.51389, -4.0259, -4.33858, 
-5.19051, -3.48805, -4.19402, -5.84522, -4.17429, -5.19808, -2.34445, 
-2.66206, -3.01201, 0, 0, 0, 0, 0, 0, 0, 0, 0, 0, 0, 0, 0, 0, 
0, 0, 0, 0, 0, 0, 0, 0, 0.5646, 0.55924, 0.57148, 0.55775, 0.56631, 
0.56136, 0.57553, 0.57315, 0.56015, 0.56037, 0.56629, 0.56317, 
0.55416, 0.5574, 0.53723, 0.57026, 0.55383, 0.5589, 0.55073, 
0.54839, 0.54112, 0.55719, 0.1619, 0.2144, 0.2441, 0.2946, 0.332, 
0.3778, 0.4461, 0.4417, 0.5038, 0.5686, 0.6612, 481.2, 538.4, 
586.6, 645.8, 698.7, 763, 816.9, 827.6, 879.5, 902.4, 1001.7, 
1154, 2373, 1447, 208, 599, 324, 1500, 2157, 2125, 629, 317, 
1, 1, 1, 1, 1, 2, 1, 1, 1, 1, 1, 100, 100, 100, 100, 100, 100, 
100, 100, 100, 100, 100, 2500, 2500, 2500, 2500, 2500, 2500, 
2500, 2500, 2500, 2500, 2500, 15248.462, 16964.241, 19603.795, 
22496.28, 24568.736, 27893.532, 31634.915, 34502.581, 40510.785, 
46064.922, 53300.183, 1, 1, 1, 1, 1, 1, 1, 1, 1, 1, 1, 0.11111, 
0.11111, 0.11111, 0.11111, 0.11111, 0.11111, 0.11111, 0.11111, 
0.11111, 0.11111, 0.11111, 0, 0, 0, 0, 0, 0, 0, 0, 0, 0, 0, 0, 
0, 0, 0, 0, 0, 0, 0, 0, 0, 0, 0.55345, 0.54899, 0.5633, 0.54694, 
0.55631, 0.54072, 0.56847, 0.55825, 0.5523, 0.55666, 0.55575, 
0.56176, 0.54516, 0.54461, 0.53936, 0.56726, 0.55384, 0.55269, 
0.55815, 0.54606, 0.55516, 0.55435, 0.1614, 0.208, 0.2445, 0.2906, 
0.3261, 0.3669, 0.4054, 0.4498, 0.4914, 0.5509, 0.6263, 482.8, 
532.4, 585.4, 636.3, 680.7, 725.2, 771, 814.2, 861.6, 912.6, 
963.1, 1, 1, 1, 1, 1, 1, 1, 1, 1, 1, 1, 1, 1, 1, 1, 1, 1, 1, 
1, 1, 1, 1, 1, 1, 1, 1, 1, 1, 1, 1, 1, 1, 1, 1, 1, 1, 1, 1, 1, 
1, 1, 1, 1, 1, 4.178, 4.851, 5.171, 5.598, 6.046, 6.439, 6.76, 
7.2, 7.617, 8.229, 9.897), .Dim = c(11L, 40L), .Dimnames = list(
    NULL, c("Sampling", "PSO.cost", "PSO.gamma", "PSO.data.balancing", 
    "PSO.feature.selection", "PSO.valid.acc", "PSO.test.acc", 
    "PSO.train.time", "PSO.n.support.vectors", "PSO.index", "PSO.n.solutions", 
    "PSO.generations", "PSO.n.evaluations", "PSO.cpu.time", "RS.cost", 
    "RS.gamma", "RS.data.balancing", "RS.feature.selection", 
    "RS.valid.acc", "RS.test.acc", "RS.train.time", "RS.n.support.vectors", 
    "RS.index", "RS.n.solutions", "RS.generations", "RS.n.evaluations", 
    "RS.cpu.time", "DF.cost", "DF.gamma", "DF.data.balancing", 
    "DF.feature.selection", "DF.valid.acc", "DF.test.acc", "DF.train.time", 
    "DF.n.support.vectors", "DF.index", "DF.n.solutions", "DF.generations", 
    "DF.n.evaluations", "DF.cpu.time")))
