full <-
structure(c(50, 55, 60, 65, 70, 75, 80, 85, 90, 95, 100, -0.66755, 
-1.2672, -1.24351, -1.92502, 0.40471, -1.36558, -0.32215, -1.804, 
-1.15071, 3.11042, 11.27271, -3.53588, -2.39898, -1.63724, -1.80424, 
-3.46125, -1.75616, -5.05737, -2.49314, -2.66747, -4.64447, -9.238, 
0, 0, 0, 0, 0, 0, 0, 0, 0, 0, 0, 0, 0, 0, 0, 0, 0, 0, 0, 0, 0, 
0, 0.56043, 0.56825, 0.54568, 0.5547, 0.55444, 0.53984, 0.55457, 
0.55332, 0.55554, 0.55364, 0.55499, 0.54634, 0.54262, 0.52928, 
0.54601, 0.54237, 0.5408, 0.54135, 0.54754, 0.54614, 0.55222, 
0.53886, 0.1621, 0.2184, 0.272, 0.2934, 0.3293, 0.4003, 0.4489, 
0.493, 0.5431, 0.5767, 0.9014, 499.7, 552.1, 620.8, 674.8, 675.7, 
765.6, 816, 863, 889.5, 889.8, 933.9, 2039, 1154, 809, 652, 2145, 
1154, 1376, 962, 2480, 1999, 564, 9, 188, 641, 187, 1, 300, 33, 
147, 56, 13, 63, 100, 100, 100, 100, 100, 100, 100, 100, 100, 
100, 100, 2500, 2500, 2500, 2500, 2500, 2500, 2500, 2500, 2500, 
2500, 2500, 12519.675, 12068.934, 13373.916, 14459.373, 15738.949, 
17094.819, 25722.651, 19121.237, 24185.475, 33629.944, 32739.164, 
-1.01194, -1.03026, -1.47061, -1.80629, 0.88577, -1.54284, 8.54143, 
-0.82054, 2.35967, 1.32934, 11.10245, -3.65072, -1.6873, -1.66283, 
-1.6436, -3.4728, -1.66045, -8.93379, -2.39347, -4.2955, -3.39749, 
-9.17009, 0, 0, 0, 0, 0, 0, 0, 0, 0, 0, 0, 0, 0, 0, 0, 0, 0, 
0, 0, 0, 0, 0, 0.55904, 0.56438, 0.53978, 0.55255, 0.55243, 0.53514, 
0.55353, 0.55163, 0.55322, 0.55144, 0.55429, 0.54775, 0.53483, 
0.53275, 0.54818, 0.53636, 0.53516, 0.54918, 0.54661, 0.53988, 
0.55145, 0.54166, 0.184, 0.2221, 0.2603, 0.3084, 0.329, 0.3893, 
0.4639, 0.4599, 0.5394, 0.5834, 0.9087, 507.1, 566.3, 623.1, 
678.7, 670, 771, 762.8, 844.2, 845.3, 898.2, 934.6, 326, 1981, 
1334, 1489, 2359, 2103, 1943, 282, 1077, 1538, 1946, 1, 1, 1, 
1, 1, 1, 2, 1, 1, 1, 1, 100, 100, 100, 100, 100, 100, 100, 100, 
100, 100, 100, 2500, 2500, 2500, 2500, 2500, 2500, 2500, 2500, 
2500, 2500, 2500, 15845.52, 17270.607, 19764.981, 22363.741, 
25443.554, 27963.185, 32033.686, 35192.077, 41222.385, 41763.532, 
47178.208, 1, 1, 1, 1, 1, 1, 1, 1, 1, 1, 1, 0.11111, 0.11111, 
0.11111, 0.11111, 0.11111, 0.11111, 0.11111, 0.11111, 0.11111, 
0.11111, 0.11111, 0, 0, 0, 0, 0, 0, 0, 0, 0, 0, 0, 0, 0, 0, 0, 
0, 0, 0, 0, 0, 0, 0, 0.54365, 0.55156, 0.52688, 0.52546, 0.54842, 
0.52206, 0.5387, 0.53755, 0.54697, 0.54402, 0.54737, 0.54372, 
0.54648, 0.52814, 0.53637, 0.54038, 0.5202, 0.54399, 0.54171, 
0.55007, 0.54921, 0.54881, 0.1711, 0.2121, 0.2458, 0.2832, 0.3135, 
0.3833, 0.4324, 0.4749, 0.5075, 0.5843, 0.6491, 487.6, 532.5, 
581.7, 630.4, 679.6, 723.6, 774.7, 823.9, 869, 914.3, 962.9, 
1, 1, 1, 1, 1, 1, 1, 1, 1, 1, 1, 1, 1, 1, 1, 1, 1, 1, 1, 1, 1, 
1, 1, 1, 1, 1, 1, 1, 1, 1, 1, 1, 1, 1, 1, 1, 1, 1, 1, 1, 1, 1, 
1, 1, 4.31, 4.758, 5.17, 5.482, 5.68, 6.488, 6.952, 7.596, 7.809, 
8.612, 9.398), .Dim = c(11L, 40L), .Dimnames = list(NULL, c("Sampling", 
"PSO.cost", "PSO.gamma", "PSO.data.balancing", "PSO.feature.selection", 
"PSO.valid.acc", "PSO.test.acc", "PSO.train.time", "PSO.n.support.vectors", 
"PSO.index", "PSO.n.solutions", "PSO.generations", "PSO.n.evaluations", 
"PSO.cpu.time", "RS.cost", "RS.gamma", "RS.data.balancing", "RS.feature.selection", 
"RS.valid.acc", "RS.test.acc", "RS.train.time", "RS.n.support.vectors", 
"RS.index", "RS.n.solutions", "RS.generations", "RS.n.evaluations", 
"RS.cpu.time", "DF.cost", "DF.gamma", "DF.data.balancing", "DF.feature.selection", 
"DF.valid.acc", "DF.test.acc", "DF.train.time", "DF.n.support.vectors", 
"DF.index", "DF.n.solutions", "DF.generations", "DF.n.evaluations", 
"DF.cpu.time")))
