full <-
structure(c(50, 55, 60, 65, 70, 75, 80, 85, 90, 95, 100, 1.40295, 
-0.7092, -1.65467, -0.49679, 2.46933, 14.59348, 14.03974, 8.1397, 
8.44129, -0.46218, 4.20252, -5.71914, -2.11175, -3.98299, -3.68787, 
-6.21967, -11.05355, -11.51899, -8.03839, -8.77539, -4.18463, 
-5.43379, 0, 0, 0, 0, 0, 0, 0, 0, 0, 0, 0, 0, 0, 0, 0, 0, 0, 
0, 0, 0, 0, 0, 0.58007, 0.58511, 0.58222, 0.57726, 0.5792, 0.58388, 
0.58268, 0.56822, 0.5735, 0.56401, 0.56345, 0.56743, 0.56844, 
0.57151, 0.56743, 0.56921, 0.57358, 0.5756, 0.5525, 0.56489, 
0.54854, 0.55015, 0.1725, 0.2122, 0.2621, 0.2878, 0.3298, 0.7086, 
0.6338, 0.4915, 0.55, 0.5745, 0.6506, 494.5, 547.7, 620.8, 639.7, 
682.3, 689, 748.3, 789.9, 853.8, 942.2, 936.3, 2251, 1729, 975, 
2234, 1215, 1717, 1382, 869, 1398, 1553, 647, 16, 18, 152, 2, 
22, 2, 1, 22, 4, 37, 32, 100, 100, 100, 100, 100, 100, 100, 100, 
100, 100, 100, 2500, 2500, 2500, 2500, 2500, 2500, 2500, 2500, 
2500, 2500, 2500, 11048.513, 12595.499, 14831.194, 16202.772, 
15294.967, 25961.303, 23992.942, 23287.906, 29089.078, 22409.14, 
25090.677, -0.79069, -0.71273, 4.058, -1.0699, 2.22401, 11.32956, 
11.65203, 10.67152, 8.25135, -0.62798, -0.63054, -3.73223, -2.03637, 
-5.95989, -3.1988, -6.00506, -9.44351, -10.33515, -9.25413, -8.71311, 
-4.07976, -3.58783, 0, 0, 0, 0, 0, 0, 0, 0, 0, 0, 0, 0, 0, 0, 
0, 0, 0, 0, 0, 0, 0, 0, 0.57444, 0.58506, 0.57971, 0.57288, 0.57818, 
0.58294, 0.58004, 0.56736, 0.57269, 0.56326, 0.56693, 0.56886, 
0.56716, 0.57712, 0.57063, 0.56819, 0.57452, 0.57473, 0.55581, 
0.56489, 0.55149, 0.55152, 0.1745, 0.2162, 0.2236, 0.2879, 0.3286, 
0.4753, 0.4994, 0.5871, 0.5653, 0.59, 0.6261, 499.5, 549.6, 559.1, 
648.1, 681, 689.1, 748.6, 787.2, 854.3, 943.9, 982.4, 2229, 134, 
1540, 845, 2409, 1902, 2175, 1517, 1567, 2460, 871, 1, 1, 1, 
1, 1, 1, 1, 1, 1, 1, 1, 100, 100, 100, 100, 100, 100, 100, 100, 
100, 100, 100, 2500, 2500, 2500, 2500, 2500, 2500, 2500, 2500, 
2500, 2500, 2500, 14624.764, 17478.355, 20074.066, 22684.491, 
24805.348, 26654.341, 33418.86, 35552.208, 40093.966, 42393.827, 
51269.536, 1, 1, 1, 1, 1, 1, 1, 1, 1, 1, 1, 0.11111, 0.11111, 
0.11111, 0.11111, 0.11111, 0.11111, 0.11111, 0.11111, 0.11111, 
0.11111, 0.11111, 0, 0, 0, 0, 0, 0, 0, 0, 0, 0, 0, 0, 0, 0, 0, 
0, 0, 0, 0, 0, 0, 0, 0.5548, 0.57229, 0.56802, 0.56204, 0.56011, 
0.55952, 0.56334, 0.55, 0.55721, 0.54923, 0.55012, 0.57853, 0.56979, 
0.57032, 0.56529, 0.5592, 0.56797, 0.55804, 0.55079, 0.55868, 
0.55519, 0.54877, 0.1693, 0.2105, 0.2472, 0.284, 0.3215, 0.3504, 
0.4288, 0.4666, 0.5305, 0.5565, 0.6364, 484.1, 527.8, 576.7, 
623, 673.1, 720.2, 767.3, 813.7, 864.8, 913.4, 963.3, 1, 1, 1, 
1, 1, 1, 1, 1, 1, 1, 1, 1, 1, 1, 1, 1, 1, 1, 1, 1, 1, 1, 1, 1, 
1, 1, 1, 1, 1, 1, 1, 1, 1, 1, 1, 1, 1, 1, 1, 1, 1, 1, 1, 1, 4.327, 
4.75, 5.105, 5.522, 5.888, 6.009, 7.078, 7.467, 8.22, 8.231, 
9.434), .Dim = c(11L, 40L), .Dimnames = list(NULL, c("Sampling", 
"PSO.cost", "PSO.gamma", "PSO.data.balancing", "PSO.feature.selection", 
"PSO.valid.acc", "PSO.test.acc", "PSO.train.time", "PSO.n.support.vectors", 
"PSO.index", "PSO.n.solutions", "PSO.generations", "PSO.n.evaluations", 
"PSO.cpu.time", "RS.cost", "RS.gamma", "RS.data.balancing", "RS.feature.selection", 
"RS.valid.acc", "RS.test.acc", "RS.train.time", "RS.n.support.vectors", 
"RS.index", "RS.n.solutions", "RS.generations", "RS.n.evaluations", 
"RS.cpu.time", "DF.cost", "DF.gamma", "DF.data.balancing", "DF.feature.selection", 
"DF.valid.acc", "DF.test.acc", "DF.train.time", "DF.n.support.vectors", 
"DF.index", "DF.n.solutions", "DF.generations", "DF.n.evaluations", 
"DF.cpu.time")))
