full <-
structure(c(50, 55, 60, 65, 70, 75, 80, 85, 90, 95, 100, -1.68448, 
15, 2.82651, 0.78462, -1.00473, -0.82166, 2.36389, 11.50992, 
8.7267, -0.07324, 4.88798, -3.55355, -10.79343, -5.15406, -3.9876, 
-2.56605, -2.69265, -5.68303, -9.25699, -7.6004, -4.91603, -7.36271, 
0, 0, 0, 0, 0, 0, 0, 0, 0, 0, 0, 0, 0, 0, 0, 0, 0, 0, 0, 0, 0, 
0, 0.55329, 0.54043, 0.54562, 0.54712, 0.54318, 0.54645, 0.5544, 
0.54908, 0.56722, 0.55071, 0.55785, 0.53515, 0.53393, 0.52796, 
0.5222, 0.52927, 0.53626, 0.52716, 0.54168, 0.55082, 0.53886, 
0.5431, 0.1834, 0.6343, 0.2524, 0.2885, 0.3473, 0.3951, 0.4161, 
0.6811, 0.635, 0.5975, 0.6581, 532.6, 536.6, 587.8, 643.4, 712, 
758.6, 789.4, 804.4, 842.7, 951.7, 968, 1162, 2086, 877, 1274, 
1173, 2041, 1692, 1666, 1720, 2337, 913, 164, 1, 27, 61, 37, 
7, 35, 3, 9, 1, 34, 100, 100, 100, 100, 100, 100, 100, 100, 100, 
100, 100, 2500, 2500, 2500, 2500, 2500, 2500, 2500, 2500, 2500, 
2500, 2500, 11731.667, 20331.495, 13382.981, 14396.131, 27766.716, 
20309.615, 20212.723, 32212.837, 29486.301, 31655.094, 33148.545, 
-1.73829, 13.41929, 4.31642, 0.75002, -1.11613, -0.94539, 2.28033, 
10.85322, 5.8605, 12.2278, 5.28295, -3.55095, -10.14946, -5.89663, 
-3.94014, -2.32261, -2.35477, -5.61434, -8.92779, -6.20867, -10.36118, 
-7.59574, 0, 0, 0, 0, 0, 0, 0, 0, 0, 0, 0, 0, 0, 0, 0, 0, 0, 
0, 0, 0, 0, 0, 0.55049, 0.54039, 0.54443, 0.54603, 0.5431, 0.54364, 
0.55264, 0.54825, 0.56566, 0.54853, 0.55574, 0.53234, 0.53393, 
0.53149, 0.52114, 0.53226, 0.52874, 0.52716, 0.54332, 0.55393, 
0.5455, 0.5403, 0.1813, 0.4408, 0.2454, 0.2991, 0.3524, 0.3986, 
0.4414, 0.6247, 0.557, 0.7883, 0.6255, 533.1, 537.2, 585.5, 642.9, 
715.5, 763.3, 788.6, 805.2, 843.9, 896, 967.9, 2443, 859, 1181, 
1445, 1189, 783, 1069, 672, 1266, 544, 188, 1, 1, 1, 1, 1, 1, 
1, 2, 1, 1, 1, 100, 100, 100, 100, 100, 100, 100, 100, 100, 100, 
100, 2500, 2500, 2500, 2500, 2500, 2500, 2500, 2500, 2500, 2500, 
2500, 15848.778, 18047.463, 20524.321, 24629.249, 26898.472, 
29905.136, 35154.774, 37737.339, 43481.203, 46692.824, 48986.415, 
1, 1, 1, 1, 1, 1, 1, 1, 1, 1, 1, 0.11111, 0.11111, 0.11111, 0.11111, 
0.11111, 0.11111, 0.11111, 0.11111, 0.11111, 0.11111, 0.11111, 
0, 0, 0, 0, 0, 0, 0, 0, 0, 0, 0, 0, 0, 0, 0, 0, 0, 0, 0, 0, 0, 
0, 0.53506, 0.53389, 0.5339, 0.53847, 0.53415, 0.54087, 0.53075, 
0.53086, 0.55473, 0.53454, 0.54315, 0.5223, 0.53134, 0.52921, 
0.52651, 0.53324, 0.52504, 0.52018, 0.53003, 0.55396, 0.54777, 
0.54737, 0.1762, 0.2237, 0.2499, 0.3003, 0.3312, 0.37, 0.4436, 
0.4852, 0.5365, 0.5633, 0.6308, 507.7, 558.2, 601.2, 648.4, 697.1, 
747.2, 789.7, 833.3, 874.3, 914.4, 962.4, 1, 1, 1, 1, 1, 1, 1, 
1, 1, 1, 1, 1, 1, 1, 1, 1, 1, 1, 1, 1, 1, 1, 1, 1, 1, 1, 1, 1, 
1, 1, 1, 1, 1, 1, 1, 1, 1, 1, 1, 1, 1, 1, 1, 1, 4.48, 4.984, 
5.155, 6.599, 6.754, 7.089, 8.085, 8.525, 9.183, 9.159, 9.97), .Dim = c(11L, 
40L), .Dimnames = list(NULL, c("Sampling", "PSO.cost", "PSO.gamma", 
"PSO.data.balancing", "PSO.feature.selection", "PSO.valid.acc", 
"PSO.test.acc", "PSO.train.time", "PSO.n.support.vectors", "PSO.index", 
"PSO.n.solutions", "PSO.generations", "PSO.n.evaluations", "PSO.cpu.time", 
"RS.cost", "RS.gamma", "RS.data.balancing", "RS.feature.selection", 
"RS.valid.acc", "RS.test.acc", "RS.train.time", "RS.n.support.vectors", 
"RS.index", "RS.n.solutions", "RS.generations", "RS.n.evaluations", 
"RS.cpu.time", "DF.cost", "DF.gamma", "DF.data.balancing", "DF.feature.selection", 
"DF.valid.acc", "DF.test.acc", "DF.train.time", "DF.n.support.vectors", 
"DF.index", "DF.n.solutions", "DF.generations", "DF.n.evaluations", 
"DF.cpu.time")))
