full <-
structure(c(50, 55, 60, 65, 70, 75, 80, 85, 90, 95, 100, -0.89334, 
-1.97618, -0.74647, 0.81698, 5.75718, 0.63918, 1.13344, 6.11085, 
1.30548, -1.62732, 10.34614, -2.27854, -2.13938, -4.21585, -3.79383, 
-5.46477, -2.80933, -4.28763, -5.87087, -4.23184, -2.33088, -8.51912, 
0, 0, 0, 0, 0, 0, 0, 0, 0, 0, 0, 0, 0, 0, 0, 0, 0, 0, 0, 0, 0, 
0, 0.57546, 0.5708, 0.56477, 0.5762, 0.58243, 0.57924, 0.57461, 
0.56902, 0.57342, 0.56397, 0.55805, 0.57301, 0.55166, 0.55188, 
0.56327, 0.56628, 0.55952, 0.55959, 0.55079, 0.55315, 0.54622, 
0.54397, 0.1648, 0.2257, 0.2317, 0.2691, 0.3365, 0.3397, 0.3978, 
0.4978, 0.5005, 0.5849, 0.8486, 504.3, 577.4, 617.6, 626.2, 647.4, 
710.7, 766.7, 790, 861.1, 953.3, 934.1, 1117, 846, 1348, 1107, 
1809, 1254, 1201, 1422, 1297, 1675, 562, 79, 573, 123, 3, 3, 
108, 26, 25, 33, 28, 51, 100, 100, 100, 100, 100, 100, 100, 100, 
100, 100, 100, 2500, 2500, 2500, 2500, 2500, 2500, 2500, 2500, 
2500, 2500, 2500, 10619.567, 12021.211, 12557.75, 13409.762, 
17056.562, 15307.142, 18422.818, 22249.054, 20961.905, 22578.932, 
33421.346, -1.27702, -1.64193, -0.51023, 1.95327, 4.87146, 0.70821, 
1.2045, 6.78078, 1.3256, -1.20053, 10.13479, -1.73699, -1.77852, 
-4.38374, -4.52064, -4.95205, -2.78234, -4.64803, -6.21429, -4.30382, 
-2.52629, -8.4016, 0, 0, 0, 0, 0, 0, 0, 0, 0, 0, 0, 0, 0, 0, 
0, 0, 0, 0, 0, 0, 0, 0, 0.57121, 0.56569, 0.56239, 0.56973, 0.57736, 
0.57549, 0.57374, 0.56736, 0.5711, 0.56174, 0.55664, 0.56869, 
0.54665, 0.54951, 0.55999, 0.56529, 0.56139, 0.55871, 0.54829, 
0.55237, 0.54772, 0.54467, 0.1769, 0.2196, 0.2385, 0.2614, 0.3168, 
0.3431, 0.4332, 0.5183, 0.5132, 0.5902, 0.8348, 520.1, 576.6, 
616.2, 621.1, 646.4, 710.4, 772.5, 790.1, 862, 941.4, 934.7, 
2334, 1055, 2030, 2113, 2194, 769, 1259, 2163, 1706, 614, 1376, 
1, 1, 1, 1, 1, 1, 1, 1, 1, 1, 2, 100, 100, 100, 100, 100, 100, 
100, 100, 100, 100, 100, 2500, 2500, 2500, 2500, 2500, 2500, 
2500, 2500, 2500, 2500, 2500, 15179.541, 16686.857, 19218.332, 
22296.162, 23788.693, 28212.471, 30425.912, 33399.266, 40482.746, 
42769.348, 48236.219, 1, 1, 1, 1, 1, 1, 1, 1, 1, 1, 1, 0.11111, 
0.11111, 0.11111, 0.11111, 0.11111, 0.11111, 0.11111, 0.11111, 
0.11111, 0.11111, 0.11111, 0, 0, 0, 0, 0, 0, 0, 0, 0, 0, 0, 0, 
0, 0, 0, 0, 0, 0, 0, 0, 0, 0, 0.55325, 0.5528, 0.5484, 0.56112, 
0.55423, 0.56798, 0.56671, 0.55659, 0.56166, 0.55361, 0.54047, 
0.55609, 0.54905, 0.54362, 0.5557, 0.56429, 0.55202, 0.55789, 
0.55905, 0.5586, 0.54696, 0.55027, 0.1624, 0.1901, 0.2249, 0.2817, 
0.3041, 0.3784, 0.4309, 0.4422, 0.4957, 0.5809, 0.602, 488.4, 
541.9, 586.7, 631, 681, 721.1, 772.1, 824.5, 870.8, 917.3, 963.2, 
1, 1, 1, 1, 1, 1, 1, 1, 1, 1, 1, 1, 1, 1, 1, 1, 1, 1, 1, 1, 1, 
1, 1, 1, 1, 1, 1, 1, 1, 1, 1, 1, 1, 1, 1, 1, 1, 1, 1, 1, 1, 1, 
1, 1, 4.01, 4.244, 4.604, 5.357, 5.463, 6.438, 7.014, 6.908, 
7.5, 8.582, 8.597), .Dim = c(11L, 40L), .Dimnames = list(NULL, 
    c("Sampling", "PSO.cost", "PSO.gamma", "PSO.data.balancing", 
    "PSO.feature.selection", "PSO.valid.acc", "PSO.test.acc", 
    "PSO.train.time", "PSO.n.support.vectors", "PSO.index", "PSO.n.solutions", 
    "PSO.generations", "PSO.n.evaluations", "PSO.cpu.time", "RS.cost", 
    "RS.gamma", "RS.data.balancing", "RS.feature.selection", 
    "RS.valid.acc", "RS.test.acc", "RS.train.time", "RS.n.support.vectors", 
    "RS.index", "RS.n.solutions", "RS.generations", "RS.n.evaluations", 
    "RS.cpu.time", "DF.cost", "DF.gamma", "DF.data.balancing", 
    "DF.feature.selection", "DF.valid.acc", "DF.test.acc", "DF.train.time", 
    "DF.n.support.vectors", "DF.index", "DF.n.solutions", "DF.generations", 
    "DF.n.evaluations", "DF.cpu.time")))
