full <-
structure(c(50, 55, 60, 65, 70, 75, 80, 85, 90, 95, 100, 1.50353, 
0.67031, 2.8975, 1.71609, 3.36709, 5.31147, 2.78397, 1.72913, 
15, 5.70202, 9.09151, -5.67922, -3.77, -4.94606, -5.05949, -6.04696, 
-7.65964, -5.84217, -4.74784, -11.61438, -6.90396, -7.92441, 
0, 0, 0, 0, 0, 0, 0, 0, 0, 0, 0, 0, 0, 0, 0, 0, 0, 0, 0, 0, 0, 
0, 0.55504, 0.53876, 0.55184, 0.55995, 0.55733, 0.55194, 0.56435, 
0.56656, 0.55783, 0.56027, 0.55929, 0.52256, 0.53251, 0.55274, 
0.54489, 0.55028, 0.53594, 0.55201, 0.5575, 0.53986, 0.54769, 
0.55582, 0.1791, 0.2131, 0.2445, 0.2945, 0.3356, 0.3686, 0.4294, 
0.4628, 0.9866, 0.5955, 0.7428, 511.1, 549.7, 585.2, 642.3, 683.3, 
739.4, 782.2, 825.7, 854, 895.5, 930.5, 1273, 1280, 593, 803, 
752, 704, 457, 1325, 1923, 1229, 2001, 67, 11, 51, 50, 135, 103, 
45, 14, 1, 3, 1, 100, 100, 100, 100, 100, 100, 100, 100, 100, 
100, 100, 2500, 2500, 2500, 2500, 2500, 2500, 2500, 2500, 2500, 
2500, 2500, 11322.276, 12744.062, 13315.692, 14102.012, 15572.69, 
16708.761, 19820.318, 19018.529, 34431.932, 29744.8909999999, 
37497.393, 1.21875, -0.20184, 2.75628, 1.66058, 1.58399, 7.32892, 
3.49469, 1.60154, 0.42428, 5.51058, 6.79078, -5.47933, -3.21312, 
-4.86772, -5.03234, -4.94057, -8.18205, -6.34828, -4.88572, -5.2729, 
-6.90989, -6.90905, 0, 0, 0, 0, 0, 0, 0, 0, 0, 0, 0, 0, 0, 0, 
0, 0, 0, 0, 0, 0, 0, 0, 0.55085, 0.53363, 0.55184, 0.55778, 0.55429, 
0.55005, 0.56346, 0.56326, 0.5563, 0.5588, 0.55862, 0.51829, 
0.52988, 0.55274, 0.54489, 0.5563, 0.53129, 0.54852, 0.55336, 
0.54379, 0.54769, 0.55514, 0.1768, 0.2098, 0.2365, 0.2948, 0.337, 
0.4059, 0.4266, 0.4536, 0.543, 0.5954, 0.6627, 511.8, 557, 585, 
642.6, 689.6, 728.4, 781.7, 828.6, 906.9, 896.8, 933.1, 774, 
2390, 460, 160, 448, 2171, 113, 2220, 636, 2316, 1716, 1, 1, 
1, 1, 1, 1, 1, 1, 3, 1, 1, 100, 100, 100, 100, 100, 100, 100, 
100, 100, 100, 100, 2500, 2500, 2500, 2500, 2500, 2500, 2500, 
2500, 2500, 2500, 2500, 14934.495, 16952.307, 18851.974, 21255.517, 
25123.389, 28466.179, 29163.889, 36394.177, 38494.531, 43316.852, 
49699.348, 1, 1, 1, 1, 1, 1, 1, 1, 1, 1, 1, 0.11111, 0.11111, 
0.11111, 0.11111, 0.11111, 0.11111, 0.11111, 0.11111, 0.11111, 
0.11111, 0.11111, 0, 0, 0, 0, 0, 0, 0, 0, 0, 0, 0, 0, 0, 0, 0, 
0, 0, 0, 0, 0, 0, 0, 0.53381, 0.53239, 0.53999, 0.53507, 0.54517, 
0.53136, 0.55109, 0.55004, 0.55158, 0.55435, 0.55583, 0.54488, 
0.53123, 0.54336, 0.55349, 0.55122, 0.53502, 0.54587, 0.55004, 
0.54534, 0.5595, 0.55447, 0.1762, 0.2107, 0.2546, 0.2881, 0.3165, 
0.378, 0.4286, 0.4796, 0.5302, 0.5894, 0.6515, 505.8, 555, 603.5, 
648.1, 696.6, 742.4, 788.4, 835.3, 876.9, 916.8, 962.7, 1, 1, 
1, 1, 1, 1, 1, 1, 1, 1, 1, 1, 1, 1, 1, 1, 1, 1, 1, 1, 1, 1, 1, 
1, 1, 1, 1, 1, 1, 1, 1, 1, 1, 1, 1, 1, 1, 1, 1, 1, 1, 1, 1, 1, 
4.41, 4.55, 5.055, 5.4, 5.64, 6.406, 6.847, 7.604, 8.009, 8.679, 
9.472), .Dim = c(11L, 40L), .Dimnames = list(NULL, c("Sampling", 
"PSO.cost", "PSO.gamma", "PSO.data.balancing", "PSO.feature.selection", 
"PSO.valid.acc", "PSO.test.acc", "PSO.train.time", "PSO.n.support.vectors", 
"PSO.index", "PSO.n.solutions", "PSO.generations", "PSO.n.evaluations", 
"PSO.cpu.time", "RS.cost", "RS.gamma", "RS.data.balancing", "RS.feature.selection", 
"RS.valid.acc", "RS.test.acc", "RS.train.time", "RS.n.support.vectors", 
"RS.index", "RS.n.solutions", "RS.generations", "RS.n.evaluations", 
"RS.cpu.time", "DF.cost", "DF.gamma", "DF.data.balancing", "DF.feature.selection", 
"DF.valid.acc", "DF.test.acc", "DF.train.time", "DF.n.support.vectors", 
"DF.index", "DF.n.solutions", "DF.generations", "DF.n.evaluations", 
"DF.cpu.time")))
