full <-
structure(c(50, 55, 60, 65, 70, 75, 80, 85, 90, 95, 100, -0.32706, 
1.36539, -0.78774, -1.01689, -1.01026, -1.66419, 0.11822, -1.06558, 
5.54056, 14.55828, 2.03406, -5.31864, -4.72432, -1.79451, -3.32154, 
-2.8326, -2.69522, -5.7221, -1.49633, -6.57974, -10.85174, -4.59859, 
0, 0, 0, 0, 0, 0, 0, 0, 0, 0, 0, 0, 0, 0, 0, 0, 0, 0, 0, 0, 0, 
0, 0.58985, 0.57731, 0.57271, 0.57626, 0.56026, 0.56131, 0.55519, 
0.56002, 0.5601, 0.56399, 0.56006, 0.57573, 0.57085, 0.58088, 
0.56648, 0.55019, 0.54729, 0.54817, 0.54842, 0.54519, 0.54998, 
0.54873, 0.18, 0.2142, 0.2482, 0.2972, 0.332, 0.3686, 0.4288, 
0.4883, 0.5216, 1.2285, 0.6551, 526, 527.9, 607.1, 650.3, 690.7, 
755.5, 833.3, 871.1, 850.5, 887.1, 948.1, 1524, 681, 1306, 1339, 
1149, 1885, 1008, 1496, 1123, 1493, 1843, 118, 115, 47, 41, 139, 
11, 9, 62, 112, 1, 13, 100, 100, 100, 100, 100, 100, 100, 100, 
100, 100, 100, 2500, 2500, 2500, 2500, 2500, 2500, 2500, 2500, 
2500, 2500, 2500, 11220.446, 11978.698, 13146.583, 14261.138, 
15066.326, 16480.076, 17872.933, 19508.596, 20285.168, 37676.004, 
24464.089, -0.31372, 1.67354, 0.11712, -1.28683, -0.88501, -1.65799, 
-1.38754, -0.91652, 5.89042, 10.99705, 1.95503, -3.82508, -4.85507, 
-1.58488, -3.07699, -3.47053, -2.72557, -3.34112, -1.47625, -6.7236, 
-9.42382, -4.64886, 0, 0, 0, 0, 0, 0, 0, 0, 0, 0, 0, 0, 0, 0, 
0, 0, 0, 0, 0, 0, 0, 0, 0.57872, 0.57603, 0.57148, 0.5741, 0.55822, 
0.55756, 0.55344, 0.55754, 0.55854, 0.55956, 0.55795, 0.56622, 
0.56323, 0.5715, 0.57082, 0.54416, 0.54729, 0.54382, 0.55008, 
0.54598, 0.55887, 0.54874, 0.1733, 0.2137, 0.267, 0.2727, 0.3229, 
0.3712, 0.4353, 0.4908, 0.5202, 0.7386, 0.6274, 497.1, 525.8, 
604.9, 653.2, 695.7, 755, 812.1, 868.9, 849.3, 890.1, 950.7, 
465, 2335, 388, 1749, 199, 938, 235, 452, 1185, 916, 479, 1, 
1, 1, 1, 1, 1, 1, 1, 1, 1, 1, 100, 100, 100, 100, 100, 100, 100, 
100, 100, 100, 100, 2500, 2500, 2500, 2500, 2500, 2500, 2500, 
2500, 2500, 2500, 2500, 15174.526, 17353.87, 19981.811, 21881.196, 
24970.992, 30034.075, 34188.309, 35630.457, 39595.687, 43766.233, 
51468.156, 1, 1, 1, 1, 1, 1, 1, 1, 1, 1, 1, 0.11111, 0.11111, 
0.11111, 0.11111, 0.11111, 0.11111, 0.11111, 0.11111, 0.11111, 
0.11111, 0.11111, 0, 0, 0, 0, 0, 0, 0, 0, 0, 0, 0, 0, 0, 0, 0, 
0, 0, 0, 0, 0, 0, 0, 0.57035, 0.56452, 0.55632, 0.55898, 0.54919, 
0.54443, 0.54476, 0.54013, 0.54064, 0.54769, 0.54599, 0.56759, 
0.55813, 0.5633, 0.57846, 0.55221, 0.54354, 0.54388, 0.55836, 
0.54751, 0.55224, 0.54315, 0.177, 0.2148, 0.2538, 0.2695, 0.3085, 
0.3554, 0.4349, 0.4558, 0.5326, 0.5976, 0.6255, 488.3, 529.1, 
579.9, 628.7, 673.9, 724.2, 777, 823.4, 872.6, 915.6, 961.1, 
1, 1, 1, 1, 1, 1, 1, 1, 1, 1, 1, 1, 1, 1, 1, 1, 1, 1, 1, 1, 1, 
1, 1, 1, 1, 1, 1, 1, 1, 1, 1, 1, 1, 1, 1, 1, 1, 1, 1, 1, 1, 1, 
1, 1, 4.376, 4.727, 5.083, 5.156, 5.591, 6.035, 7.057, 7.163, 
8.083, 8.795, 9.008), .Dim = c(11L, 40L), .Dimnames = list(NULL, 
    c("Sampling", "PSO.cost", "PSO.gamma", "PSO.data.balancing", 
    "PSO.feature.selection", "PSO.valid.acc", "PSO.test.acc", 
    "PSO.train.time", "PSO.n.support.vectors", "PSO.index", "PSO.n.solutions", 
    "PSO.generations", "PSO.n.evaluations", "PSO.cpu.time", "RS.cost", 
    "RS.gamma", "RS.data.balancing", "RS.feature.selection", 
    "RS.valid.acc", "RS.test.acc", "RS.train.time", "RS.n.support.vectors", 
    "RS.index", "RS.n.solutions", "RS.generations", "RS.n.evaluations", 
    "RS.cpu.time", "DF.cost", "DF.gamma", "DF.data.balancing", 
    "DF.feature.selection", "DF.valid.acc", "DF.test.acc", "DF.train.time", 
    "DF.n.support.vectors", "DF.index", "DF.n.solutions", "DF.generations", 
    "DF.n.evaluations", "DF.cpu.time")))
