full <-
structure(c(50, 55, 60, 65, 70, 75, 80, 85, 90, 95, 100, 0.10988, 
0.65079, -0.2215, 0.48937, 8.35305, -1.62874, 3.78883, 5.23784, 
9.71231, 0.04887, 5.47689, -4.27156, -4.53937, -1.32424, -2.48025, 
-7.87193, -1.49878, -5.54644, -7.01908, -7.80245, -4.20599, -8.17146, 
0, 0, 0, 0, 0, 0, 0, 0, 0, 0, 0, 0, 0, 0, 0, 0, 0, 0, 0, 0, 0, 
0, 0.55753, 0.54819, 0.5516, 0.55247, 0.5562, 0.55298, 0.56154, 
0.55997, 0.5657, 0.56257, 0.56347, 0.54908, 0.53783, 0.53517, 
0.53956, 0.55018, 0.5501, 0.54748, 0.54672, 0.55004, 0.55144, 
0.55717, 0.1727, 0.1971, 0.2497, 0.2993, 0.3804, 0.4112, 0.4341, 
0.4518, 0.7101, 0.5634, 0.6509, 511.1, 550.9, 624, 635.1, 658.4, 
786.4, 761.7, 815.7, 832.2, 929.1, 980.1, 2040, 211, 702, 1277, 
885, 396, 993, 932, 1516, 366, 1735, 5, 404, 44, 62, 45, 72, 
45, 87, 6, 42, 13, 100, 100, 100, 100, 100, 100, 100, 100, 100, 
100, 100, 2500, 2500, 2500, 2500, 2500, 2500, 2500, 2500, 2500, 
2500, 2500, 10790.76, 11487.262, 21749.686, 17632.889, 25265.761, 
17054.047, 31089.368, 21744.484, 35885.129, 24178.044, 29586.941, 
8.25427, 0.59976, 11.29351, 0.52599, 8.26219, -1.90094, 11.54311, 
6.0321, 10.03305, 0.63929, 9.58875, -7.23176, -4.8064, -9.78886, 
-1.99736, -7.77822, -1.95421, -9.49434, -7.26519, -8.3403, -4.95143, 
-9.62367, 0, 0, 0, 0, 0, 0, 0, 0, 0, 0, 0, 0, 0, 0, 0, 0, 0, 
0, 0, 0, 0, 0, 0.55344, 0.54439, 0.55037, 0.5481, 0.5552, 0.55105, 
0.55899, 0.55749, 0.56415, 0.56036, 0.5613, 0.55771, 0.54035, 
0.54576, 0.53623, 0.55017, 0.551, 0.54931, 0.54094, 0.55394, 
0.54702, 0.55573, 0.2192, 0.2062, 0.3378, 0.3067, 0.3485, 0.3805, 
0.5955, 0.4934, 0.6947, 0.5605, 0.7253, 475.9, 557.8, 572.5, 
644.2, 658.1, 777.7, 756.1, 810.2, 835.1, 932.5, 957.3, 2298, 
161, 1527, 1867, 1725, 1696, 2365, 1791, 1771, 831, 2144, 1, 
1, 1, 1, 1, 1, 1, 1, 2, 1, 1, 100, 100, 100, 100, 100, 100, 100, 
100, 100, 100, 100, 2500, 2500, 2500, 2500, 2500, 2500, 2500, 
2500, 2500, 2500, 2500, 14988.846, 16892.652, 19277.657, 22833.741, 
26251.058, 31205.221, 34431.862, 37331.429, 42502.468, 43702.641, 
47523.2610000001, 1, 1, 1, 1, 1, 1, 1, 1, 1, 1, 1, 0.11111, 0.11111, 
0.11111, 0.11111, 0.11111, 0.11111, 0.11111, 0.11111, 0.11111, 
0.11111, 0.11111, 0, 0, 0, 0, 0, 0, 0, 0, 0, 0, 0, 0, 0, 0, 0, 
0, 0, 0, 0, 0, 0, 0, 0.54218, 0.54049, 0.5411, 0.53622, 0.54718, 
0.53803, 0.55273, 0.54261, 0.55158, 0.54997, 0.55078, 0.5589, 
0.5353, 0.54456, 0.54924, 0.54922, 0.54363, 0.55008, 0.55251, 
0.54928, 0.54628, 0.54871, 0.1722, 0.1963, 0.2325, 0.2959, 0.3322, 
0.3679, 0.4326, 0.4784, 0.5234, 0.5967, 0.6133, 504.3, 547.6, 
594.5, 636.8, 682.2, 732.6, 779.8, 825.7, 862.1, 913.9, 962.4, 
1, 1, 1, 1, 1, 1, 1, 1, 1, 1, 1, 1, 1, 1, 1, 1, 1, 1, 1, 1, 1, 
1, 1, 1, 1, 1, 1, 1, 1, 1, 1, 1, 1, 1, 1, 1, 1, 1, 1, 1, 1, 1, 
1, 1, 4.154, 4.369, 4.729, 5.571, 5.947, 6.95, 7.908, 8.515, 
8.938, 8.815, 8.855), .Dim = c(11L, 40L), .Dimnames = list(NULL, 
    c("Sampling", "PSO.cost", "PSO.gamma", "PSO.data.balancing", 
    "PSO.feature.selection", "PSO.valid.acc", "PSO.test.acc", 
    "PSO.train.time", "PSO.n.support.vectors", "PSO.index", "PSO.n.solutions", 
    "PSO.generations", "PSO.n.evaluations", "PSO.cpu.time", "RS.cost", 
    "RS.gamma", "RS.data.balancing", "RS.feature.selection", 
    "RS.valid.acc", "RS.test.acc", "RS.train.time", "RS.n.support.vectors", 
    "RS.index", "RS.n.solutions", "RS.generations", "RS.n.evaluations", 
    "RS.cpu.time", "DF.cost", "DF.gamma", "DF.data.balancing", 
    "DF.feature.selection", "DF.valid.acc", "DF.test.acc", "DF.train.time", 
    "DF.n.support.vectors", "DF.index", "DF.n.solutions", "DF.generations", 
    "DF.n.evaluations", "DF.cpu.time")))
