full <-
structure(c(50, 55, 60, 65, 70, 75, 80, 85, 90, 95, 100, 8.91111, 
-0.74821, 0.11348, -1.64002, -1.45757, 0.30001, -1.99971, -1.78175, 
-0.40751, 2.95265, 0.64821, -8.77511, -2.69956, -4.69197, -3.15105, 
-3.86633, -4.18992, -4.01012, -3.75983, -3.72346, -6.27953, -4.14461, 
0, 0, 0, 0, 0, 0, 0, 0, 0, 0, 0, 0, 0, 0, 0, 0, 0, 0, 0, 0, 0, 
0, 0.57442, 0.57474, 0.57461, 0.56986, 0.56946, 0.56892, 0.57117, 
0.56733, 0.57577, 0.56402, 0.55574, 0.56875, 0.54036, 0.56516, 
0.55899, 0.56053, 0.56055, 0.55544, 0.56988, 0.57427, 0.56028, 
0.54946, 0.1976, 0.2141, 0.2385, 0.2925, 0.3423, 0.3734, 0.4485, 
0.4925, 0.4984, 0.552, 0.6473, 474.4, 555.1, 605.7, 666.6, 723.6, 
736.3, 839, 873.7, 876.5, 921.1, 961.4, 1394, 2348, 1762, 835, 
1933, 1992, 1070, 782, 1541, 2417, 2396, 72, 3, 14, 102, 30, 
2, 52, 326, 19, 1, 1, 100, 100, 100, 100, 100, 100, 100, 100, 
100, 100, 100, 2500, 2500, 2500, 2500, 2500, 2500, 2500, 2500, 
2500, 2500, 2500, 12916.931, 12138.275, 17559.284, 15747.807, 
15707.09, 18150.703, 20591.9, 20135.994, 20033.854, 25730.025, 
27304.125, 8.47919, -0.59054, -0.51596, -1.93671, -1.77775, 0.52267, 
4.86733, -1.24103, -0.5766, 8.30013, 2.29389, -8.67202, -2.56784, 
-4.13379, -2.25855, -3.0513, -4.32437, -4.7214, -2.97365, -3.73223, 
-9.09735, -4.4478, 0, 0, 0, 0, 0, 0, 0, 0, 0, 0, 0, 0, 0, 0, 
0, 0, 0, 0, 0, 0, 0, 0, 0.57303, 0.56704, 0.56639, 0.56556, 0.56447, 
0.56705, 0.56595, 0.56402, 0.575, 0.56251, 0.5543, 0.56875, 0.5391, 
0.56754, 0.5547, 0.56351, 0.5596, 0.54669, 0.56572, 0.57035, 
0.55285, 0.548, 0.1741, 0.2042, 0.2565, 0.2953, 0.3417, 0.3727, 
0.448, 0.4514, 0.5392, 0.6253, 0.6433, 475.7, 553.7, 607.9, 674.6, 
718.9, 733.8, 729.8, 842, 881.4, 910.7, 943.5, 492, 1469, 1057, 
931, 465, 699, 2133, 1445, 1539, 31, 2096, 2, 1, 1, 1, 1, 1, 
1, 1, 1, 1, 1, 100, 100, 100, 100, 100, 100, 100, 100, 100, 100, 
100, 2500, 2500, 2500, 2500, 2500, 2500, 2500, 2500, 2500, 2500, 
2500, 14926.187, 17845.294, 20170.782, 22194.444, 24550.534, 
28888.726, 30936.486, 35362.315, 38541.131, 42599.66, 48946.914, 
1, 1, 1, 1, 1, 1, 1, 1, 1, 1, 1, 0.11111, 0.11111, 0.11111, 0.11111, 
0.11111, 0.11111, 0.11111, 0.11111, 0.11111, 0.11111, 0.11111, 
0, 0, 0, 0, 0, 0, 0, 0, 0, 0, 0, 0, 0, 0, 0, 0, 0, 0, 0, 0, 0, 
0, 0.55613, 0.55684, 0.55814, 0.55155, 0.5524, 0.55765, 0.55889, 
0.54419, 0.5625, 0.54995, 0.54032, 0.56025, 0.55184, 0.55006, 
0.55365, 0.56746, 0.57077, 0.55806, 0.55497, 0.561, 0.55738, 
0.55156, 0.1614, 0.1957, 0.2429, 0.2829, 0.3277, 0.3746, 0.424, 
0.448, 0.4952, 0.5592, 0.6393, 488.8, 543, 587.8, 633, 680.8, 
727.3, 771, 815, 857.6, 909.2, 962.6, 1, 1, 1, 1, 1, 1, 1, 1, 
1, 1, 1, 1, 1, 1, 1, 1, 1, 1, 1, 1, 1, 1, 1, 1, 1, 1, 1, 1, 1, 
1, 1, 1, 1, 1, 1, 1, 1, 1, 1, 1, 1, 1, 1, 1, 4.11, 4.48, 5.136, 
5.501, 6.007, 6.503, 7.008, 7.172, 7.607, 8.379, 9.233), .Dim = c(11L, 
40L), .Dimnames = list(NULL, c("Sampling", "PSO.cost", "PSO.gamma", 
"PSO.data.balancing", "PSO.feature.selection", "PSO.valid.acc", 
"PSO.test.acc", "PSO.train.time", "PSO.n.support.vectors", "PSO.index", 
"PSO.n.solutions", "PSO.generations", "PSO.n.evaluations", "PSO.cpu.time", 
"RS.cost", "RS.gamma", "RS.data.balancing", "RS.feature.selection", 
"RS.valid.acc", "RS.test.acc", "RS.train.time", "RS.n.support.vectors", 
"RS.index", "RS.n.solutions", "RS.generations", "RS.n.evaluations", 
"RS.cpu.time", "DF.cost", "DF.gamma", "DF.data.balancing", "DF.feature.selection", 
"DF.valid.acc", "DF.test.acc", "DF.train.time", "DF.n.support.vectors", 
"DF.index", "DF.n.solutions", "DF.generations", "DF.n.evaluations", 
"DF.cpu.time")))
