full <-
structure(c(50, 55, 60, 65, 70, 75, 80, 85, 90, 95, 100, 6.61421, 
-0.32984, -0.78088, 2.37077, 4.70437, 0.19067, 4.34732, 6.96968, 
14.5493, 0.24567, 12.00499, -6.76679, -3.85044, -3.00332, -5.95632, 
-5.78265, -4.01415, -5.45652, -6.61934, -11.83304, -4.56022, 
-9.40607, 0, 0, 0, 0, 0, 0, 0, 0, 0, 0, 0, 0, 0, 0, 0, 0, 0, 
0, 0, 0, 0, 0, 0.55599, 0.57212, 0.56782, 0.55349, 0.5634, 0.56793, 
0.57376, 0.57325, 0.56872, 0.56925, 0.56487, 0.52801, 0.55166, 
0.55962, 0.53299, 0.56035, 0.55191, 0.56235, 0.55581, 0.55472, 
0.56337, 0.55507, 0.1896, 0.214, 0.2541, 0.2893, 0.3372, 0.3707, 
0.429, 0.5298, 0.8361, 0.5903, 1.02, 481.9, 555.9, 606.2, 642.7, 
660.6, 734.1, 746.6, 786.9, 844.5, 930, 934.1, 2122, 2107, 909, 
851, 1407, 1889, 2074, 1211, 1274, 1400, 690, 5, 2, 184, 99, 
4, 23, 5, 41, 4, 6, 6, 100, 100, 100, 100, 100, 100, 100, 100, 
100, 100, 100, 2500, 2500, 2500, 2500, 2500, 2500, 2500, 2500, 
2500, 2500, 2500, 12300.925, 12942.146, 13706.212, 15499.449, 
16824.504, 24846.181, 18239.197, 21488.386, 30622.078, 26147.8920000001, 
41110.441, 4.61609, -0.90177, -0.80665, 2.27646, 4.7181, -0.22347, 
4.15033, 6.81143, 11.33468, 0.05328, 12.29194, -6.0063, -3.4152, 
-3.21015, -5.85018, -5.7685, -3.78046, -5.30127, -6.55461, -9.76728, 
-4.23269, -9.57528, 0, 0, 0, 0, 0, 0, 0, 0, 0, 0, 0, 0, 0, 0, 
0, 0, 0, 0, 0, 0, 0, 0, 0.55319, 0.56704, 0.56312, 0.54807, 0.5634, 
0.56605, 0.572, 0.57077, 0.56561, 0.56852, 0.56416, 0.5224, 0.55167, 
0.55495, 0.53191, 0.55835, 0.55473, 0.55972, 0.55829, 0.54456, 
0.55891, 0.55508, 0.178, 0.2148, 0.251, 0.2883, 0.3313, 0.3584, 
0.4266, 0.5091, 0.6752, 0.5552, 1.0419, 485.6, 560.4, 607.1, 
642, 660.1, 737.6, 746.9, 786.9, 837.9, 926.1, 934, 338, 1150, 
575, 732, 1250, 2273, 1620, 1577, 1507, 762, 2012, 1, 1, 1, 1, 
1, 1, 1, 1, 1, 1, 1, 100, 100, 100, 100, 100, 100, 100, 100, 
100, 100, 100, 2500, 2500, 2500, 2500, 2500, 2500, 2500, 2500, 
2500, 2500, 2500, 15397.882, 17508.784, 19743.021, 21639.747, 
26008.209, 28226.866, 31430.888, 36484.181, 43083.003, 47685.803, 
49278.131, 1, 1, 1, 1, 1, 1, 1, 1, 1, 1, 1, 0.11111, 0.11111, 
0.11111, 0.11111, 0.11111, 0.11111, 0.11111, 0.11111, 0.11111, 
0.11111, 0.11111, 0, 0, 0, 0, 0, 0, 0, 0, 0, 0, 0, 0, 0, 0, 0, 
0, 0, 0, 0, 0, 0, 0, 0.54043, 0.55941, 0.55964, 0.53947, 0.55426, 
0.55386, 0.56232, 0.56493, 0.55628, 0.55819, 0.5557, 0.52944, 
0.54789, 0.54327, 0.53953, 0.56331, 0.5557, 0.56145, 0.55911, 
0.54377, 0.55001, 0.54878, 0.1772, 0.2119, 0.2495, 0.2862, 0.3304, 
0.3694, 0.4153, 0.4718, 0.5368, 0.5529, 0.6502, 506.9, 550.1, 
597.4, 644.4, 686.2, 732.5, 775.6, 820.6, 864.7, 909.2, 963.3, 
1, 1, 1, 1, 1, 1, 1, 1, 1, 1, 1, 1, 1, 1, 1, 1, 1, 1, 1, 1, 1, 
1, 1, 1, 1, 1, 1, 1, 1, 1, 1, 1, 1, 1, 1, 1, 1, 1, 1, 1, 1, 1, 
1, 1, 4.461, 4.831, 5.221, 5.591, 5.968, 6.367, 6.822, 8.443, 
9.226, 9.039, 10.468), .Dim = c(11L, 40L), .Dimnames = list(NULL, 
    c("Sampling", "PSO.cost", "PSO.gamma", "PSO.data.balancing", 
    "PSO.feature.selection", "PSO.valid.acc", "PSO.test.acc", 
    "PSO.train.time", "PSO.n.support.vectors", "PSO.index", "PSO.n.solutions", 
    "PSO.generations", "PSO.n.evaluations", "PSO.cpu.time", "RS.cost", 
    "RS.gamma", "RS.data.balancing", "RS.feature.selection", 
    "RS.valid.acc", "RS.test.acc", "RS.train.time", "RS.n.support.vectors", 
    "RS.index", "RS.n.solutions", "RS.generations", "RS.n.evaluations", 
    "RS.cpu.time", "DF.cost", "DF.gamma", "DF.data.balancing", 
    "DF.feature.selection", "DF.valid.acc", "DF.test.acc", "DF.train.time", 
    "DF.n.support.vectors", "DF.index", "DF.n.solutions", "DF.generations", 
    "DF.n.evaluations", "DF.cpu.time")))
