full <-
structure(c(50, 55, 60, 65, 70, 75, 80, 85, 90, 95, 100, -0.81675, 
-0.27064, 12.02172, 1.35786, -1.19087, -1.89834, 6.21817, -1.42088, 
0.86624, 14.56328, 1.56341, -4.31379, -3.02506, -9.31797, -3.47822, 
-2.94211, -3.00589, -7.41412, -3.01822, -6.05717, -10.67122, 
-5.6991, 0, 0, 0, 0, 0, 0, 0, 0, 0, 0, 0, 0, 0, 0, 0, 0, 0, 0, 
0, 0, 0, 0, 0.55047, 0.55565, 0.54683, 0.54592, 0.55718, 0.5482, 
0.56134, 0.55833, 0.55863, 0.55662, 0.55929, 0.53783, 0.54799, 
0.53398, 0.54916, 0.54316, 0.53231, 0.55603, 0.55338, 0.54607, 
0.53885, 0.55578, 0.1621, 0.2088, 0.4092, 0.2827, 0.3366, 0.3899, 
0.434, 0.4783, 0.5389, 1.3582, 0.6549, 508.7, 538.2, 557.1, 616.9, 
701.7, 767.8, 753.5, 850.9, 912.2, 889.3, 984.5, 499, 1070, 734, 
1829, 1105, 436, 2344, 961, 1397, 1377, 1493, 326, 21, 48, 38, 
47, 68, 1, 29, 29, 1, 108, 100, 100, 100, 100, 100, 100, 100, 
100, 100, 100, 100, 2500, 2500, 2500, 2500, 2500, 2500, 2500, 
2500, 2500, 2500, 2500, 10940.091, 13044.772, 17879.414, 16266.697, 
15741.628, 17102.382, 19370.841, 20014.06, 21071.489, 47019.427, 
24285.031, -0.74359, -1.77945, 10.72362, 1.58849, -0.17948, -1.60619, 
6.32467, -1.48737, -0.30807, 6.33055, 11.57323, -4.33911, -1.76919, 
-8.65706, -3.94482, -3.83815, -3.29164, -7.42781, -2.80838, -3.30539, 
-7.72402, -8.47381, 0, 0, 0, 0, 0, 0, 0, 0, 0, 0, 0, 0, 0, 0, 
0, 0, 0, 0, 0, 0, 0, 0, 0.54763, 0.55437, 0.54683, 0.54162, 0.55116, 
0.54725, 0.55873, 0.55503, 0.55396, 0.55515, 0.55581, 0.53642, 
0.5378, 0.53283, 0.54158, 0.53512, 0.54169, 0.55691, 0.55339, 
0.5439, 0.55073, 0.54523, 0.1608, 0.2235, 0.351, 0.2787, 0.3318, 
0.3836, 0.4362, 0.4814, 0.5258, 0.589, 1.1565, 508.4, 575.5, 
556.4, 615.1, 691.6, 762.4, 752.3, 851.4, 878.7, 907.3, 929.7, 
350, 49, 633, 2204, 1788, 1266, 423, 1484, 1181, 2184, 2036, 
1, 1, 1, 1, 1, 1, 1, 1, 1, 1, 1, 100, 100, 100, 100, 100, 100, 
100, 100, 100, 100, 100, 2500, 2500, 2500, 2500, 2500, 2500, 
2500, 2500, 2500, 2500, 2500, 15328.871, 17750.626, 19933.938, 
21029.614, 24414.936, 27572.567, 30041.944, 34133.861, 39643.528, 
42089.728, 48794.217, 1, 1, 1, 1, 1, 1, 1, 1, 1, 1, 1, 0.11111, 
0.11111, 0.11111, 0.11111, 0.11111, 0.11111, 0.11111, 0.11111, 
0.11111, 0.11111, 0.11111, 0, 0, 0, 0, 0, 0, 0, 0, 0, 0, 0, 0, 
0, 0, 0, 0, 0, 0, 0, 0, 0, 0, 0.53063, 0.54926, 0.52933, 0.5308, 
0.54215, 0.53037, 0.54632, 0.54103, 0.54852, 0.54549, 0.54805, 
0.54198, 0.54544, 0.53753, 0.5459, 0.53808, 0.53134, 0.55604, 
0.55255, 0.54547, 0.54256, 0.55506, 0.1731, 0.2064, 0.2443, 0.284, 
0.3308, 0.3756, 0.4217, 0.4691, 0.5321, 0.5851, 0.6278, 489.9, 
533.8, 583.3, 631.3, 683.2, 727.6, 770.9, 821.1, 870.3, 920.3, 
962.8, 1, 1, 1, 1, 1, 1, 1, 1, 1, 1, 1, 1, 1, 1, 1, 1, 1, 1, 
1, 1, 1, 1, 1, 1, 1, 1, 1, 1, 1, 1, 1, 1, 1, 1, 1, 1, 1, 1, 1, 
1, 1, 1, 1, 1, 4.513, 4.772, 5.121, 5.569, 6, 6.575, 7.06, 7.49, 
8.216, 8.789, 9.115), .Dim = c(11L, 40L), .Dimnames = list(NULL, 
    c("Sampling", "PSO.cost", "PSO.gamma", "PSO.data.balancing", 
    "PSO.feature.selection", "PSO.valid.acc", "PSO.test.acc", 
    "PSO.train.time", "PSO.n.support.vectors", "PSO.index", "PSO.n.solutions", 
    "PSO.generations", "PSO.n.evaluations", "PSO.cpu.time", "RS.cost", 
    "RS.gamma", "RS.data.balancing", "RS.feature.selection", 
    "RS.valid.acc", "RS.test.acc", "RS.train.time", "RS.n.support.vectors", 
    "RS.index", "RS.n.solutions", "RS.generations", "RS.n.evaluations", 
    "RS.cpu.time", "DF.cost", "DF.gamma", "DF.data.balancing", 
    "DF.feature.selection", "DF.valid.acc", "DF.test.acc", "DF.train.time", 
    "DF.n.support.vectors", "DF.index", "DF.n.solutions", "DF.generations", 
    "DF.n.evaluations", "DF.cpu.time")))
