full <-
structure(c(50, 55, 60, 65, 70, 75, 80, 85, 90, 95, 100, -1.97634, 
4.14581, 0.0718, 1.54456, 7.49859, 3.20385, 10.13301, 7.24193, 
1.56434, -0.76323, 0.71494, -2.42644, -5.44896, -4.09131, -4.87536, 
-6.34595, -4.68536, -7.50431, -6.43345, -3.40395, -3.07969, -3.16869, 
0, 0, 0, 0, 0, 0, 0, 0, 0, 0, 0, 0, 0, 0, 0, 0, 0, 0, 0, 0, 0, 
0, 0.56211, 0.5528, 0.56192, 0.55678, 0.56252, 0.56533, 0.55444, 
0.57578, 0.56324, 0.56178, 0.56554, 0.54371, 0.53514, 0.5467, 
0.54481, 0.54029, 0.55689, 0.53427, 0.55345, 0.54758, 0.54846, 
0.55009, 0.18, 0.1994, 0.2466, 0.286, 0.3839, 0.3556, 0.6698, 
0.5517, 0.534, 0.5986, 0.6269, 527.5, 520.2, 596.2, 639.8, 654.8, 
709.1, 744.8, 791.5, 849.4, 935, 951.8, 1799, 1735, 1696, 671, 
342, 842, 2389, 1358, 1064, 345, 734, 9, 17, 25, 87, 35, 84, 
1, 57, 49, 189, 46, 100, 100, 100, 100, 100, 100, 100, 100, 100, 
100, 100, 2500, 2500, 2500, 2500, 2500, 2500, 2500, 2500, 2500, 
2500, 2500, 14638.574, 12720.764, 15938.503, 14653.871, 18732.922, 
16284.933, 29301.19, 23133.546, 22153.033, 23283.797, 36382.175, 
-1.22733, 4.03683, 0.93006, 1.20366, 7.67702, 2.16376, 10.05184, 
6.98738, 8.69662, -0.92218, 0.68004, -3.69894, -5.40005, -5.54889, 
-4.65541, -6.42269, -3.70897, -7.48216, -6.31418, -8.61917, -3.74722, 
-3.01451, 0, 0, 0, 0, 0, 0, 0, 0, 0, 0, 0, 0, 0, 0, 0, 0, 0, 
0, 0, 0, 0, 0, 0.55921, 0.55025, 0.55589, 0.55458, 0.5615, 0.56158, 
0.55267, 0.57329, 0.56322, 0.55956, 0.56622, 0.53526, 0.53764, 
0.53719, 0.54587, 0.54127, 0.55504, 0.53602, 0.55263, 0.5593, 
0.54846, 0.55078, 0.1718, 0.2108, 0.2523, 0.285, 0.3919, 0.3705, 
0.6672, 0.5458, 0.5766, 0.5808, 0.6311, 516.8, 520.1, 611.5, 
640.6, 654.5, 711.1, 745.2, 791.1, 848.9, 949.3, 952.7, 1587, 
361, 1999, 49, 737, 1319, 1321, 775, 557, 268, 190, 1, 1, 1, 
1, 1, 2, 1, 2, 1, 1, 1, 100, 100, 100, 100, 100, 100, 100, 100, 
100, 100, 100, 2500, 2500, 2500, 2500, 2500, 2500, 2500, 2500, 
2500, 2500, 2500, 15202.187, 17412.864, 19576.166, 22787.323, 
25129.367, 28684.625, 33051.6, 35065.86, 40518.347, 43475.941, 
46872.941, 1, 1, 1, 1, 1, 1, 1, 1, 1, 1, 1, 0.11111, 0.11111, 
0.11111, 0.11111, 0.11111, 0.11111, 0.11111, 0.11111, 0.11111, 
0.11111, 0.11111, 0, 0, 0, 0, 0, 0, 0, 0, 0, 0, 0, 0, 0, 0, 0, 
0, 0, 0, 0, 0, 0, 0, 0.53103, 0.53897, 0.53044, 0.53934, 0.54825, 
0.55412, 0.53769, 0.55264, 0.55072, 0.5455, 0.55498, 0.54222, 
0.54277, 0.53965, 0.53614, 0.55128, 0.55123, 0.53861, 0.55838, 
0.55307, 0.54697, 0.55291, 0.1804, 0.2096, 0.2332, 0.2792, 0.3253, 
0.3684, 0.4214, 0.4507, 0.5381, 0.5847, 0.6268, 489.8, 542.1, 
590.7, 640.6, 687.4, 731.6, 780.6, 822.9, 867.9, 918.2, 961.1, 
1, 1, 1, 1, 1, 1, 1, 1, 1, 1, 1, 1, 1, 1, 1, 1, 1, 1, 1, 1, 1, 
1, 1, 1, 1, 1, 1, 1, 1, 1, 1, 1, 1, 1, 1, 1, 1, 1, 1, 1, 1, 1, 
1, 1, 4.417, 4.74, 4.812, 5.368, 5.801, 6.295, 6.846, 7.12, 8.156, 
8.608, 9.149), .Dim = c(11L, 40L), .Dimnames = list(NULL, c("Sampling", 
"PSO.cost", "PSO.gamma", "PSO.data.balancing", "PSO.feature.selection", 
"PSO.valid.acc", "PSO.test.acc", "PSO.train.time", "PSO.n.support.vectors", 
"PSO.index", "PSO.n.solutions", "PSO.generations", "PSO.n.evaluations", 
"PSO.cpu.time", "RS.cost", "RS.gamma", "RS.data.balancing", "RS.feature.selection", 
"RS.valid.acc", "RS.test.acc", "RS.train.time", "RS.n.support.vectors", 
"RS.index", "RS.n.solutions", "RS.generations", "RS.n.evaluations", 
"RS.cpu.time", "DF.cost", "DF.gamma", "DF.data.balancing", "DF.feature.selection", 
"DF.valid.acc", "DF.test.acc", "DF.train.time", "DF.n.support.vectors", 
"DF.index", "DF.n.solutions", "DF.generations", "DF.n.evaluations", 
"DF.cpu.time")))
