full <-
structure(c(50, 55, 60, 65, 70, 75, 80, 85, 90, 95, 100, 1.18815, 
0.8004, 10.08028, 10.86156, 0.26168, -2, 0.37282, -1.6446, -1.31612, 
10.02579, 2.63107, -4.47977, -4.65234, -9.58772, -10.30402, -4.56394, 
-3.38097, -4.59477, -2.77929, -2.76835, -8.95762, -6.50169, 0, 
0, 0, 0, 0, 0, 0, 0, 0, 0, 0, 0, 0, 0, 0, 0, 0, 0, 0, 0, 0, 0, 
0.54894, 0.54791, 0.54092, 0.54501, 0.56452, 0.55947, 0.56062, 
0.56585, 0.56185, 0.5655, 0.5557, 0.52635, 0.53254, 0.51627, 
0.53205, 0.54928, 0.53607, 0.54659, 0.56254, 0.55089, 0.55368, 
0.54872, 0.1854, 0.2051, 0.2979, 0.3448, 0.3289, 0.3866, 0.424, 
0.4787, 0.5221, 0.6919, 0.6348, 495.6, 550.9, 584.4, 624.7, 698.8, 
772.6, 793.8, 858.9, 893.3, 892.5, 986.4, 1440, 1268, 2048, 490, 
1997, 959, 597, 1431, 2446, 847, 194, 20, 54, 13, 322, 1, 169, 
38, 135, 4, 22, 68, 100, 100, 100, 100, 100, 100, 100, 100, 100, 
100, 100, 2500, 2500, 2500, 2500, 2500, 2500, 2500, 2500, 2500, 
2500, 2500, 11684.536, 12031.934, 17645.529, 17246.216, 16200.548, 
16703.742, 22190.157, 24035.465, 30684.244, 36023.311, 33932.472, 
0.22707, -0.78705, 10.02835, 13.56303, 0.02488, -1.9489, -0.75404, 
-0.48504, 1.06412, 11.65099, 2.52879, -4.19785, -3.12227, -9.52156, 
-11.89159, -4.42031, -3.69513, -4.21531, -4.87004, -5.30294, 
-9.78109, -6.45339, 0, 0, 0, 0, 0, 0, 0, 0, 0, 0, 0, 0, 0, 0, 
0, 0, 0, 0, 0, 0, 0, 0, 0.54329, 0.54662, 0.53976, 0.54501, 0.56047, 
0.55388, 0.55971, 0.56248, 0.56261, 0.56476, 0.55569, 0.53214, 
0.52996, 0.51393, 0.52984, 0.55231, 0.54359, 0.54658, 0.55917, 
0.55006, 0.55294, 0.55014, 0.1862, 0.2064, 0.2747, 0.4223, 0.3292, 
0.3879, 0.4302, 0.4806, 0.52, 0.781, 0.6559, 504.3, 555.2, 584, 
628.3, 700.9, 776.7, 810, 870, 888.2, 892.3, 987.2, 2180, 2168, 
322, 622, 966, 1164, 1013, 1661, 1569, 1758, 890, 1, 1, 1, 1, 
1, 1, 1, 1, 1, 2, 1, 100, 100, 100, 100, 100, 100, 100, 100, 
100, 100, 100, 2500, 2500, 2500, 2500, 2500, 2500, 2500, 2500, 
2500, 2500, 2500, 15782.763, 17230.61, 20199.101, 23722.351, 
24772.34, 27065.994, 29446.477, 34704.509, 37079.768, 41213.592, 
48724.504, 1, 1, 1, 1, 1, 1, 1, 1, 1, 1, 1, 0.11111, 0.11111, 
0.11111, 0.11111, 0.11111, 0.11111, 0.11111, 0.11111, 0.11111, 
0.11111, 0.11111, 0, 0, 0, 0, 0, 0, 0, 0, 0, 0, 0, 0, 0, 0, 0, 
0, 0, 0, 0, 0, 0, 0, 0.54049, 0.53638, 0.51985, 0.52009, 0.54634, 
0.54354, 0.5474, 0.55264, 0.54857, 0.55666, 0.54591, 0.54057, 
0.52739, 0.50932, 0.5233, 0.54831, 0.54728, 0.55003, 0.55505, 
0.5431, 0.55441, 0.54244, 0.1744, 0.1968, 0.2427, 0.2869, 0.3261, 
0.3625, 0.4188, 0.4668, 0.5118, 0.5724, 0.6207, 498.7, 546, 595.9, 
636.1, 685.5, 726.2, 774.7, 825, 864.9, 915.9, 961.2, 1, 1, 1, 
1, 1, 1, 1, 1, 1, 1, 1, 1, 1, 1, 1, 1, 1, 1, 1, 1, 1, 1, 1, 1, 
1, 1, 1, 1, 1, 1, 1, 1, 1, 1, 1, 1, 1, 1, 1, 1, 1, 1, 1, 1, 4.345, 
4.478, 4.999, 6.35, 5.875, 6.212, 6.827, 7.414, 7.84, 8.514, 
8.967), .Dim = c(11L, 40L), .Dimnames = list(NULL, c("Sampling", 
"PSO.cost", "PSO.gamma", "PSO.data.balancing", "PSO.feature.selection", 
"PSO.valid.acc", "PSO.test.acc", "PSO.train.time", "PSO.n.support.vectors", 
"PSO.index", "PSO.n.solutions", "PSO.generations", "PSO.n.evaluations", 
"PSO.cpu.time", "RS.cost", "RS.gamma", "RS.data.balancing", "RS.feature.selection", 
"RS.valid.acc", "RS.test.acc", "RS.train.time", "RS.n.support.vectors", 
"RS.index", "RS.n.solutions", "RS.generations", "RS.n.evaluations", 
"RS.cpu.time", "DF.cost", "DF.gamma", "DF.data.balancing", "DF.feature.selection", 
"DF.valid.acc", "DF.test.acc", "DF.train.time", "DF.n.support.vectors", 
"DF.index", "DF.n.solutions", "DF.generations", "DF.n.evaluations", 
"DF.cpu.time")))
