full <-
structure(c(50, 55, 60, 65, 70, 75, 80, 85, 90, 95, 100, 6.17496, 
2.31588, 4.28284, 0.57336, 0.41201, -2, 2.57139, 0.20591, 0.29799, 
5.10337, 5.06407, -7.0675, -3.93087, -6.20879, -2.40829, -5.07066, 
-3.74063, -4.97194, -5.15451, -4.74201, -6.15569, -5.48392, 0, 
0, 0, 0, 0, 0, 0, 0, 0, 0, 0, 0, 0, 0, 0, 0, 0, 0, 0, 0, 0, 0, 
0.56601, 0.56445, 0.57025, 0.57831, 0.57826, 0.57078, 0.56939, 
0.55756, 0.56251, 0.56614, 0.55927, 0.54921, 0.56345, 0.56204, 
0.57397, 0.55909, 0.55203, 0.55799, 0.55923, 0.55623, 0.55278, 
0.55291, 0.1828, 0.1903, 0.238, 0.295, 0.3089, 0.3653, 0.4248, 
0.4866, 0.5321, 0.583, 0.6545, 472, 516.8, 564.8, 621.9, 695.8, 
779.2, 760, 859.5, 894.4, 894.7, 929.9, 2218, 2185, 675, 1333, 
2071, 758, 1110, 1688, 893, 1876, 1917, 8, 1, 103, 47, 1, 146, 
41, 8, 178, 8, 14, 100, 100, 100, 100, 100, 100, 100, 100, 100, 
100, 100, 2500, 2500, 2500, 2500, 2500, 2500, 2500, 2500, 2500, 
2500, 2500, 12690.126, 11951.834, 13342.066, 13741.186, 14722.663, 
20443.953, 20134.298, 22763.9, 23331.592, 41698.114, 29010.416, 
5.79466, 1.39108, 4.51361, 0.3913, 0.05694, -0.85812, 6.06612, 
5.45655, -1.28518, 5.13779, 4.87788, -6.9025, -3.42547, -5.95871, 
-2.77738, -4.69595, -4.31911, -7.01907, -7.91315, -4.21715, -6.20691, 
-5.30886, 0, 0, 0, 0, 0, 0, 0, 0, 0, 0, 0, 0, 0, 0, 0, 0, 0, 
0, 0, 0, 0, 0, 0.56464, 0.56447, 0.56784, 0.57612, 0.57323, 0.56612, 
0.56681, 0.55506, 0.55935, 0.56466, 0.55644, 0.5576, 0.55831, 
0.56791, 0.56425, 0.55913, 0.56047, 0.54836, 0.55675, 0.55233, 
0.5513, 0.55011, 0.179, 0.1955, 0.2464, 0.2894, 0.3074, 0.3898, 
0.4388, 0.4597, 0.5207, 0.5891, 0.6512, 472.1, 522.8, 560.8, 
620.3, 695.1, 762, 757.1, 832.5, 924.8, 895.2, 930.1, 1780, 165, 
2368, 2074, 637, 690, 69, 1621, 1294, 956, 1410, 1, 1, 1, 1, 
1, 1, 1, 1, 1, 1, 1, 100, 100, 100, 100, 100, 100, 100, 100, 
100, 100, 100, 2500, 2500, 2500, 2500, 2500, 2500, 2500, 2500, 
2500, 2500, 2500, 14541.949, 16555.454, 18685.54, 21542.228, 
23818.533, 26806.641, 34416.067, 35537.226, 41807.392, 46576.4, 
47978.33, 1, 1, 1, 1, 1, 1, 1, 1, 1, 1, 1, 0.11111, 0.11111, 
0.11111, 0.11111, 0.11111, 0.11111, 0.11111, 0.11111, 0.11111, 
0.11111, 0.11111, 0, 0, 0, 0, 0, 0, 0, 0, 0, 0, 0, 0, 0, 0, 0, 
0, 0, 0, 0, 0, 0, 0, 0.56038, 0.55063, 0.55489, 0.55882, 0.56311, 
0.5483, 0.55882, 0.54098, 0.55242, 0.55135, 0.54594, 0.5631, 
0.55702, 0.55738, 0.56102, 0.56219, 0.552, 0.55622, 0.55426, 
0.55394, 0.55428, 0.5445, 0.1674, 0.212, 0.2234, 0.2787, 0.3034, 
0.3507, 0.4256, 0.4781, 0.5387, 0.5609, 0.6213, 490.5, 538.2, 
579.9, 626.1, 674.4, 727.2, 777.3, 825.8, 872.1, 916.9, 962.5, 
1, 1, 1, 1, 1, 1, 1, 1, 1, 1, 1, 1, 1, 1, 1, 1, 1, 1, 1, 1, 1, 
1, 1, 1, 1, 1, 1, 1, 1, 1, 1, 1, 1, 1, 1, 1, 1, 1, 1, 1, 1, 1, 
1, 1, 4.069, 4.666, 4.575, 5.284, 5.44, 5.959, 7.896, 8.442, 
9.079, 9.01, 9.62), .Dim = c(11L, 40L), .Dimnames = list(NULL, 
    c("Sampling", "PSO.cost", "PSO.gamma", "PSO.data.balancing", 
    "PSO.feature.selection", "PSO.valid.acc", "PSO.test.acc", 
    "PSO.train.time", "PSO.n.support.vectors", "PSO.index", "PSO.n.solutions", 
    "PSO.generations", "PSO.n.evaluations", "PSO.cpu.time", "RS.cost", 
    "RS.gamma", "RS.data.balancing", "RS.feature.selection", 
    "RS.valid.acc", "RS.test.acc", "RS.train.time", "RS.n.support.vectors", 
    "RS.index", "RS.n.solutions", "RS.generations", "RS.n.evaluations", 
    "RS.cpu.time", "DF.cost", "DF.gamma", "DF.data.balancing", 
    "DF.feature.selection", "DF.valid.acc", "DF.test.acc", "DF.train.time", 
    "DF.n.support.vectors", "DF.index", "DF.n.solutions", "DF.generations", 
    "DF.n.evaluations", "DF.cpu.time")))
