full <-
structure(c(50, 55, 60, 65, 70, 75, 80, 85, 90, 95, 100, 0.17174, 
4.56774, 10.01803, 1.70068, 0.2586, 6.81473, 8.4409, 2.06564, 
-0.52452, -1.22527, 8.16334, -3.88974, -7.01001, -10.04426, -5.2918, 
-5.11818, -6.71872, -9.13324, -5.95526, -2.54642, -1.57146, -6.87048, 
0, 0, 0, 0, 0, 0, 0, 0, 0, 0, 0, 0, 0, 0, 0, 0, 0, 0, 0, 0, 0, 
0, 0.54926, 0.55708, 0.5658, 0.56966, 0.56716, 0.56317, 0.56929, 
0.56926, 0.57666, 0.56705, 0.56489, 0.53375, 0.5469, 0.55054, 
0.56752, 0.55411, 0.55385, 0.56323, 0.55091, 0.56961, 0.55213, 
0.55783, 0.175, 0.2011, 0.2759, 0.2745, 0.3317, 0.4169, 0.4606, 
0.4815, 0.4988, 0.6169, 0.7878, 502.1, 533.7, 579, 637.7, 712.2, 
700.1, 770.7, 834.1, 872.4, 957.1, 928.1, 797, 1565, 1646, 2045, 
811, 1742, 925, 2089, 413, 890, 449, 99, 35, 2, 7, 5, 15, 32, 
1, 533, 109, 71, 100, 100, 100, 100, 100, 100, 100, 100, 100, 
100, 100, 2500, 2500, 2500, 2500, 2500, 2500, 2500, 2500, 2500, 
2500, 2500, 11411.182, 13503.131, 18793.085, 16706.569, 15608.146, 
22451.72, 19991.325, 36017.663, 21449.269, 35408.276, 36138.7530000001, 
-0.64076, 4.12658, 13.02569, -0.61163, 0.11231, -0.04687, 3.40423, 
9.30576, -0.49589, -1.31057, 8.20053, -3.03733, -6.7812, -11.61455, 
-4.65584, -5.15819, -3.82706, -7.17323, -7.84822, -2.96571, -1.76884, 
-6.91193, 0, 0, 0, 0, 0, 0, 0, 0, 0, 0, 0, 0, 0, 0, 0, 0, 0, 
0, 0, 0, 0, 0, 0.54783, 0.55327, 0.56467, 0.56636, 0.56415, 0.56225, 
0.56498, 0.56757, 0.5751, 0.56331, 0.56281, 0.52835, 0.54565, 
0.54937, 0.56746, 0.55608, 0.54822, 0.55268, 0.55345, 0.57039, 
0.5551, 0.55924, 0.1684, 0.2171, 0.3174, 0.2988, 0.3375, 0.3678, 
0.4446, 0.5907, 0.5369, 0.6092, 0.7817, 508.5, 534.5, 578.2, 
670.2, 717.3, 738.1, 799, 783.3, 872.8, 950.5, 928.4, 931, 465, 
2137, 899, 1128, 2156, 1465, 1281, 578, 587, 814, 1, 1, 1, 1, 
1, 1, 1, 2, 1, 1, 1, 100, 100, 100, 100, 100, 100, 100, 100, 
100, 100, 100, 2500, 2500, 2500, 2500, 2500, 2500, 2500, 2500, 
2500, 2500, 2500, 16178.578, 18114.466, 20447.264, 22539.894, 
25340.147, 28624.708, 31571.344, 34877.912, 39315.087, 41289.873, 
49341.027, 1, 1, 1, 1, 1, 1, 1, 1, 1, 1, 1, 0.11111, 0.11111, 
0.11111, 0.11111, 0.11111, 0.11111, 0.11111, 0.11111, 0.11111, 
0.11111, 0.11111, 0, 0, 0, 0, 0, 0, 0, 0, 0, 0, 0, 0, 0, 0, 0, 
0, 0, 0, 0, 0, 0, 0, 0.53384, 0.53283, 0.54943, 0.55123, 0.55006, 
0.551, 0.54304, 0.55105, 0.56728, 0.55438, 0.55231, 0.52395, 
0.54569, 0.5378, 0.55236, 0.54504, 0.54823, 0.55359, 0.56088, 
0.57119, 0.55731, 0.56278, 0.1672, 0.2152, 0.2328, 0.2755, 0.3115, 
0.3786, 0.4085, 0.4753, 0.5335, 0.5919, 0.6397, 500.7, 543.7, 
591.4, 636.1, 682.1, 730.4, 778.3, 817.6, 865.3, 908.4, 965.3, 
1, 1, 1, 1, 1, 1, 1, 1, 1, 1, 1, 1, 1, 1, 1, 1, 1, 1, 1, 1, 1, 
1, 1, 1, 1, 1, 1, 1, 1, 1, 1, 1, 1, 1, 1, 1, 1, 1, 1, 1, 1, 1, 
1, 1, 4.132, 4.858, 4.816, 5.315, 5.66, 6.532, 6.742, 7.586, 
8.151, 8.933, 9.346), .Dim = c(11L, 40L), .Dimnames = list(NULL, 
    c("Sampling", "PSO.cost", "PSO.gamma", "PSO.data.balancing", 
    "PSO.feature.selection", "PSO.valid.acc", "PSO.test.acc", 
    "PSO.train.time", "PSO.n.support.vectors", "PSO.index", "PSO.n.solutions", 
    "PSO.generations", "PSO.n.evaluations", "PSO.cpu.time", "RS.cost", 
    "RS.gamma", "RS.data.balancing", "RS.feature.selection", 
    "RS.valid.acc", "RS.test.acc", "RS.train.time", "RS.n.support.vectors", 
    "RS.index", "RS.n.solutions", "RS.generations", "RS.n.evaluations", 
    "RS.cpu.time", "DF.cost", "DF.gamma", "DF.data.balancing", 
    "DF.feature.selection", "DF.valid.acc", "DF.test.acc", "DF.train.time", 
    "DF.n.support.vectors", "DF.index", "DF.n.solutions", "DF.generations", 
    "DF.n.evaluations", "DF.cpu.time")))
