full <-
structure(c(50, 55, 60, 65, 70, 75, 80, 85, 90, 95, 100, 8.24089, 
3.3862, 13.79925, 12.46628, 6.08494, 4.04681, 2.2685, 13.89931, 
3.68631, 4.11573, 11.43971, -9.16677, -5.25025, -6.76861, -15, 
-9.09176, -4.86035, -6.77335, -5.15708, -6.83827, -8.35219, -8.0972, 
0, 0, 0, 0, 0, 0, 0, 0, 0, 0, 0, 0, 0, 0, 0, 0, 0, 0, 0, 0, 0, 
0, 0.8778, 0.88107, 0.90603, 0.91113, 0.91697, 0.92838, 0.92467, 
0.92665, 0.92999, 0.9267, 0.92154, 0.85754, 0.84737, 0.91257, 
0.90452, 0.89776, 0.91445, 0.91666, 0.91413, 0.90776, 0.91597, 
0.90842, 0.0489, 0.0601, 0.0638, 0.0661, 0.073, 0.0831, 0.081, 
0.0888, 0.0909, 0.0937, 0.104, 111.6, 122.4, 133.9, 142.8, 153.3, 
156.1, 172.3, 173.1, 187.5, 198.7, 203.6, 90, 811, 8, 85, 412, 
246, 257, 283, 343, 167, 367, 135, 82, 1505, 64, 264, 757, 111, 
899, 335, 41, 126, 100, 100, 100, 100, 100, 100, 100, 100, 100, 
100, 100, 2500, 2500, 2500, 2500, 2500, 2500, 2500, 2500, 2500, 
2500, 2500, 8138.617, 10294.558, 11144.802, 11547.844, 11554.667, 
11726.64, 11740.958, 11936.119, 11971.3, 12087.686, 12358.735, 
13.84439, 3.22033, 8.38875, 11.75051, 6.70331, 4.01837, 1.1197, 
3.35309, 2.6462, 2.21084, 1.27661, -14.68885, -5.23706, -6.68741, 
-14.36265, -7.789, -4.82444, -5.57203, -6.54975, -6.23124, -6.10382, 
-6.05097, 0, 0, 0, 0, 0, 0, 0, 0, 0, 0, 0, 0, 0, 0, 0, 0, 0, 
0, 0, 0, 0, 0, 0.8778, 0.88107, 0.90603, 0.91113, 0.91784, 0.92838, 
0.92082, 0.92304, 0.92614, 0.9236, 0.92433, 0.86379, 0.84149, 
0.91257, 0.90452, 0.90339, 0.90556, 0.91666, 0.91115, 0.91834, 
0.91941, 0.921, 0.0478, 0.0611, 0.0645, 0.0666, 0.0714, 0.0815, 
0.0834, 0.0854, 0.0909, 0.1004, 0.1016, 112.3, 122.7, 134, 143, 
152.6, 156, 170, 179.8, 186.5, 195.5, 208.3, 34, 66, 73, 148, 
1889, 1557, 1032, 1135, 184, 941, 257, 15, 1, 58, 7, 1, 1, 3, 
2, 5, 3, 3, 100, 100, 100, 100, 100, 100, 100, 100, 100, 100, 
100, 2500, 2500, 2500, 2500, 2500, 2500, 2500, 2500, 2500, 2500, 
2500, 8237.266, 11002.607, 11366.587, 11670.419, 11717.293, 11768.434, 
11924.991, 12073.027, 12214.403, 12343.438, 12543.709, 1, 1, 
1, 1, 1, 1, 1, 1, 1, 1, 1, 0.02857, 0.02857, 0.02857, 0.02857, 
0.02857, 0.02857, 0.02857, 0.02857, 0.02857, 0.02857, 0.02857, 
0, 0, 0, 0, 0, 0, 0, 0, 0, 0, 0, 0, 0, 0, 0, 0, 0, 0, 0, 0, 0, 
0, 0.80813, 0.82202, 0.84302, 0.83937, 0.86443, 0.88336, 0.89662, 
0.88337, 0.89726, 0.88756, 0.89722, 0.83562, 0.79821, 0.86227, 
0.84913, 0.85871, 0.86211, 0.89629, 0.87953, 0.90456, 0.89855, 
0.8942, 0.0549, 0.0617, 0.0669, 0.0719, 0.0761, 0.0809, 0.0839, 
0.0913, 0.0944, 0.1045, 0.1046, 116.8, 124.7, 135.2, 144.6, 153.2, 
161.3, 170.8, 178.3, 188.1, 198.6, 208, 1, 1, 1, 1, 1, 1, 1, 
1, 1, 1, 1, 1, 1, 1, 1, 1, 1, 1, 1, 1, 1, 1, 1, 1, 1, 1, 1, 1, 
1, 1, 1, 1, 1, 1, 1, 1, 1, 1, 1, 1, 1, 1, 1, 1, 3.433, 4.377, 
4.568, 4.675, 4.678, 4.678, 4.662, 4.892, 4.756, 4.912, 4.701
), .Dim = c(11L, 40L), .Dimnames = list(NULL, c("Sampling", "PSO.cost", 
"PSO.gamma", "PSO.data.balancing", "PSO.feature.selection", "PSO.valid.acc", 
"PSO.test.acc", "PSO.train.time", "PSO.n.support.vectors", "PSO.index", 
"PSO.n.solutions", "PSO.generations", "PSO.n.evaluations", "PSO.cpu.time", 
"RS.cost", "RS.gamma", "RS.data.balancing", "RS.feature.selection", 
"RS.valid.acc", "RS.test.acc", "RS.train.time", "RS.n.support.vectors", 
"RS.index", "RS.n.solutions", "RS.generations", "RS.n.evaluations", 
"RS.cpu.time", "DF.cost", "DF.gamma", "DF.data.balancing", "DF.feature.selection", 
"DF.valid.acc", "DF.test.acc", "DF.train.time", "DF.n.support.vectors", 
"DF.index", "DF.n.solutions", "DF.generations", "DF.n.evaluations", 
"DF.cpu.time")))
