full <-
structure(c(50, 55, 60, 65, 70, 75, 80, 85, 90, 95, 100, 7.2272, 
3.25613, 3.06493, 1.64088, 2.7134, 2.76739, 3.12333, 5.47322, 
3.09087, 9.01532, 9.54078, -10.57004, -6.40776, -6.90675, -6.81596, 
-7.24651, -6.52304, -6.80423, -9.53677, -7.00064, -12.24175, 
-14.78301, 0, 0, 0, 0, 0, 0, 0, 0, 0, 0, 0, 0, 0, 0, 0, 0, 0, 
0, 0, 0, 0, 0, 0.8834, 0.89222, 0.91735, 0.91093, 0.91754, 0.92865, 
0.94255, 0.92982, 0.93676, 0.93099, 0.91822, 0.88506, 0.89055, 
0.89179, 0.90045, 0.90732, 0.92935, 0.93871, 0.93794, 0.93304, 
0.90754, 0.91501, 0.0539, 0.0552, 0.0579, 0.0628, 0.0669, 0.0703, 
0.074, 0.0789, 0.0849, 0.0865, 0.0879, 115.5, 126.1, 135.6, 148.4, 
155.4, 165.1, 172.8, 184.1, 192.4, 197.9, 211.9, 102, 799, 46, 
361, 528, 317, 690, 122, 221, 52, 353, 457, 303, 1167, 130, 397, 
629, 190, 352, 229, 368, 72, 100, 100, 100, 100, 100, 100, 100, 
100, 100, 100, 100, 2500, 2500, 2500, 2500, 2500, 2500, 2500, 
2500, 2500, 2500, 2500, 8958.971, 9175.7, 8850.137, 9181.502, 
9169.807, 9443.16600000001, 9443.51599999999, 10062.633, 9605.584, 
9618.595, 9977.802, 6.25116, 3.10373, 2.24903, 9.19067, 2.29343, 
2.45828, 3.10917, 5.40201, 4.84428, 5.27932, 3.5905, -9.77319, 
-6.26901, -5.73622, -13.01812, -6.75325, -6.4996, -6.93543, -9.21181, 
-8.68108, -8.10122, -9.53377, 0, 0, 0, 0, 0, 0, 0, 0, 0, 0, 0, 
0, 0, 0, 0, 0, 0, 0, 0, 0, 0, 0, 0.8834, 0.89222, 0.91735, 0.91069, 
0.91754, 0.92865, 0.9387, 0.92982, 0.93343, 0.93422, 0.9179, 
0.89173, 0.89055, 0.89179, 0.91019, 0.90732, 0.92935, 0.93471, 
0.93377, 0.92971, 0.90389, 0.90866, 0.0531, 0.0558, 0.0618, 0.0599, 
0.0655, 0.0696, 0.0716, 0.0793, 0.0793, 0.0884, 0.0947, 115.6, 
125.9, 134.9, 146.5, 155.6, 164.9, 173.1, 183.5, 189.5, 197, 
217.9, 57, 56, 332, 356, 1899, 1925, 2432, 121, 1055, 115, 1485, 
1, 3, 5, 13, 2, 1, 1, 7, 2, 1, 1, 100, 100, 100, 100, 100, 100, 
100, 100, 100, 100, 100, 2500, 2500, 2500, 2500, 2500, 2500, 
2500, 2500, 2500, 2500, 2500, 9078.463, 9019.459, 9210.826, 9414.089, 
9380.44100000001, 9540.18700000001, 9472.387, 9610.02499999999, 
9873.492, 10146.341, 10376.629, 1, 1, 1, 1, 1, 1, 1, 1, 1, 1, 
1, 0.02857, 0.02857, 0.02857, 0.02857, 0.02857, 0.02857, 0.02857, 
0.02857, 0.02857, 0.02857, 0.02857, 0, 0, 0, 0, 0, 0, 0, 0, 0, 
0, 0, 0, 0, 0, 0, 0, 0, 0, 0, 0, 0, 0, 0.8475, 0.84888, 0.88513, 
0.8659, 0.86888, 0.89676, 0.90528, 0.88271, 0.8952, 0.9032, 0.90176, 
0.82155, 0.83774, 0.8698, 0.8659, 0.8789, 0.89735, 0.90258, 0.88954, 
0.89572, 0.90261, 0.90165, 0.0542, 0.0553, 0.0607, 0.0644, 0.0732, 
0.0742, 0.0754, 0.0854, 0.0915, 0.0938, 0.1007, 112.4, 125, 135.6, 
146.8, 154.3, 163.1, 173.4, 184.4, 191.9, 199.7, 208.9, 1, 1, 
1, 1, 1, 1, 1, 1, 1, 1, 1, 1, 1, 1, 1, 1, 1, 1, 1, 1, 1, 1, 1, 
1, 1, 1, 1, 1, 1, 1, 1, 1, 1, 1, 1, 1, 1, 1, 1, 1, 1, 1, 1, 1, 
3.68, 3.188, 3.789, 4.09, 4.065, 3.743, 3.622, 3.8, 3.977, 3.929, 
4.284), .Dim = c(11L, 40L), .Dimnames = list(NULL, c("Sampling", 
"PSO.cost", "PSO.gamma", "PSO.data.balancing", "PSO.feature.selection", 
"PSO.valid.acc", "PSO.test.acc", "PSO.train.time", "PSO.n.support.vectors", 
"PSO.index", "PSO.n.solutions", "PSO.generations", "PSO.n.evaluations", 
"PSO.cpu.time", "RS.cost", "RS.gamma", "RS.data.balancing", "RS.feature.selection", 
"RS.valid.acc", "RS.test.acc", "RS.train.time", "RS.n.support.vectors", 
"RS.index", "RS.n.solutions", "RS.generations", "RS.n.evaluations", 
"RS.cpu.time", "DF.cost", "DF.gamma", "DF.data.balancing", "DF.feature.selection", 
"DF.valid.acc", "DF.test.acc", "DF.train.time", "DF.n.support.vectors", 
"DF.index", "DF.n.solutions", "DF.generations", "DF.n.evaluations", 
"DF.cpu.time")))
