full <-
structure(c(50, 55, 60, 65, 70, 75, 80, 85, 90, 95, 100, 13.63469, 
6.5723, 6.228, 11.71818, 5.19004, 12.7711, 15, 9.47036, 2.89979, 
10.72159, 9.2901, -7.80737, -6.17961, -7.72728, -15, -7.7519, 
-7.08092, -8.38654, -8.86746, -5.55961, -7.8051, -15, 0, 0, 0, 
0, 0, 0, 0, 0, 0, 0, 0, 0, 0, 0, 0, 0, 0, 0, 0, 0, 0, 0, 0.86705, 
0.87651, 0.90122, 0.88553, 0.9011, 0.91631, 0.9258, 0.91821, 
0.91983, 0.94019, 0.92789, 0.88372, 0.85762, 0.88404, 0.88154, 
0.88645, 0.90313, 0.89748, 0.91065, 0.9019, 0.92934, 0.918, 0.0514, 
0.0539, 0.0549, 0.0601, 0.0625, 0.0696, 0.0746, 0.0756, 0.0855, 
0.0876, 0.0896, 114.7, 126.7, 134.5, 145.6, 150.7, 158.3, 169.8, 
178.2, 183.3, 192.6, 216.2, 96, 288, 131, 129, 164, 11, 110, 
491, 423, 417, 548, 705, 401, 731, 160, 58, 1448, 1507, 374, 
308, 575, 27, 100, 100, 100, 100, 100, 100, 100, 100, 100, 100, 
100, 2500, 2500, 2500, 2500, 2500, 2500, 2500, 2500, 2500, 2500, 
2500, 8778.22, 8814.92, 9246.414, 9410.453, 9005.30899999999, 
9685.56200000001, 9472.01699999999, 9744.764, 9478.56900000002, 
9550.38699999999, 9430.62599999999, 8.37046, 1.86861, 6.19424, 
6.41277, 2.46596, 13.49021, 14.51186, 9.23406, 5.12518, 10.66478, 
1.2979, -7.87068, -5.63216, -7.72852, -9.73985, -6.89507, -7.14324, 
-8.52755, -8.7026, -5.52206, -7.7616, -6.20904, 0, 0, 0, 0, 0, 
0, 0, 0, 0, 0, 0, 0, 0, 0, 0, 0, 0, 0, 0, 0, 0, 0, 0.86705, 0.87366, 
0.90122, 0.88553, 0.89873, 0.91631, 0.9258, 0.91821, 0.91923, 
0.94019, 0.928, 0.87657, 0.87189, 0.88404, 0.88154, 0.88909, 
0.89913, 0.89748, 0.90665, 0.89746, 0.92934, 0.91778, 0.0474, 
0.0534, 0.0564, 0.0591, 0.0638, 0.0688, 0.0749, 0.0796, 0.0852, 
0.0853, 0.0951, 114.7, 127.7, 134.6, 145.5, 154.4, 158, 169.6, 
178.2, 182.8, 192.6, 210.6, 448, 1081, 571, 328, 456, 330, 64, 
2493, 1161, 1976, 1992, 4, 2, 1, 9, 1, 11, 13, 1, 1, 1, 1, 100, 
100, 100, 100, 100, 100, 100, 100, 100, 100, 100, 2500, 2500, 
2500, 2500, 2500, 2500, 2500, 2500, 2500, 2500, 2500, 8459.655, 
9108.727, 9185.998, 9213.276, 9158.00600000001, 9614.436, 9795.97899999999, 
9542.11800000002, 9762.92600000001, 9645.715, 9656.342, 1, 1, 
1, 1, 1, 1, 1, 1, 1, 1, 1, 0.02857, 0.02857, 0.02857, 0.02857, 
0.02857, 0.02857, 0.02857, 0.02857, 0.02857, 0.02857, 0.02857, 
0, 0, 0, 0, 0, 0, 0, 0, 0, 0, 0, 0, 0, 0, 0, 0, 0, 0, 0, 0, 0, 
0, 0.80673, 0.81171, 0.82249, 0.85894, 0.85201, 0.84178, 0.84934, 
0.88311, 0.89417, 0.90539, 0.90488, 0.80467, 0.81046, 0.82627, 
0.82763, 0.851, 0.84716, 0.85301, 0.88311, 0.89374, 0.89491, 
0.90488, 0.0503, 0.0578, 0.0593, 0.0645, 0.0696, 0.0728, 0.0781, 
0.0834, 0.0875, 0.0898, 0.0962, 116.8, 129, 135.3, 144.6, 155.4, 
163.5, 172, 182.4, 189.4, 198.4, 208.3, 1, 1, 1, 1, 1, 1, 1, 
1, 1, 1, 1, 1, 1, 1, 1, 1, 1, 1, 1, 1, 1, 1, 1, 1, 1, 1, 1, 1, 
1, 1, 1, 1, 1, 1, 1, 1, 1, 1, 1, 1, 1, 1, 1, 1, 3.257, 3.667, 
3.843, 3.672, 3.992, 3.837, 4.081, 3.801, 3.951, 3.532, 3.877
), .Dim = c(11L, 40L), .Dimnames = list(NULL, c("Sampling", "PSO.cost", 
"PSO.gamma", "PSO.data.balancing", "PSO.feature.selection", "PSO.valid.acc", 
"PSO.test.acc", "PSO.train.time", "PSO.n.support.vectors", "PSO.index", 
"PSO.n.solutions", "PSO.generations", "PSO.n.evaluations", "PSO.cpu.time", 
"RS.cost", "RS.gamma", "RS.data.balancing", "RS.feature.selection", 
"RS.valid.acc", "RS.test.acc", "RS.train.time", "RS.n.support.vectors", 
"RS.index", "RS.n.solutions", "RS.generations", "RS.n.evaluations", 
"RS.cpu.time", "DF.cost", "DF.gamma", "DF.data.balancing", "DF.feature.selection", 
"DF.valid.acc", "DF.test.acc", "DF.train.time", "DF.n.support.vectors", 
"DF.index", "DF.n.solutions", "DF.generations", "DF.n.evaluations", 
"DF.cpu.time")))
