full <-
structure(c(50, 55, 60, 65, 70, 75, 80, 85, 90, 95, 100, 3.26946, 
3.90328, 1.76916, 3.10873, 8.97434, 0.94278, 7.16915, 0.89763, 
7.1307, 12.53918, 5.97769, -5.14542, -7.14292, -6.68867, -6.79684, 
-13.59253, -5.36075, -5.79751, -6.43471, -6.14706, -8.8571, -11.25621, 
0, 0, 0, 0, 0, 0, 0, 0, 0, 0, 0, 0, 0, 0, 0, 0, 0, 0, 0, 0, 0, 
0, 0.93353, 0.89213, 0.89858, 0.91398, 0.91854, 0.91112, 0.922, 
0.91349, 0.93435, 0.91783, 0.92745, 0.89362, 0.87206, 0.88105, 
0.89741, 0.8953, 0.9153, 0.91348, 0.90482, 0.93052, 0.88822, 
0.91744, 0.0546, 0.0573, 0.0633, 0.0668, 0.0679, 0.0774, 0.0813, 
0.0872, 0.0901, 0.0918, 0.096, 116, 127.3, 138.6, 146.2, 158.1, 
161.5, 169.2, 186.4, 184.4, 194.5, 212.3, 509, 579, 132, 528, 
13, 308, 76, 2215, 1306, 240, 113, 429, 26, 825, 208, 105, 476, 
859, 3, 47, 77, 231, 100, 100, 100, 100, 100, 100, 100, 100, 
100, 100, 100, 2500, 2500, 2500, 2500, 2500, 2500, 2500, 2500, 
2500, 2500, 2500, 9546.203, 9507.735, 9679.948, 9755.41499999999, 
9514.82699999999, 9711.215, 10093.466, 10437.241, 10245.818, 
10299.676, 10470.11, 5.0708, 6.27655, 1.97277, 2.90931, 0.75863, 
1.49104, 6.72788, 0.85777, 7.82843, 5.40061, 4.67267, -5.13132, 
-9.45591, -7.06614, -6.80879, -5.91269, -5.68644, -5.81746, -6.40009, 
-6.83697, -10.33299, -9.96055, 0, 0, 0, 0, 0, 0, 0, 0, 0, 0, 
0, 0, 0, 0, 0, 0, 0, 0, 0, 0, 0, 0, 0.93353, 0.89046, 0.89858, 
0.91398, 0.91896, 0.90712, 0.922, 0.91349, 0.93422, 0.91725, 
0.92745, 0.86396, 0.88358, 0.88105, 0.90297, 0.91043, 0.91113, 
0.91765, 0.90482, 0.93052, 0.9041, 0.91744, 0.0567, 0.0571, 0.0627, 
0.0664, 0.0716, 0.0782, 0.0803, 0.0838, 0.0886, 0.091, 0.0949, 
116.1, 127.3, 139.1, 146.3, 157.9, 162.1, 169.2, 186.5, 185.9, 
201, 211.7, 1534, 1552, 93, 107, 201, 2103, 819, 977, 525, 264, 
22, 1, 1, 4, 2, 2, 1, 4, 1, 5, 4, 19, 100, 100, 100, 100, 100, 
100, 100, 100, 100, 100, 100, 2500, 2500, 2500, 2500, 2500, 2500, 
2500, 2500, 2500, 2500, 2500, 9457.178, 9589.217, 9709.798, 9649.41100000001, 
9664.841, 9843.936, 10367.56, 10462.327, 10472.477, 10570.269, 
10860.552, 1, 1, 1, 1, 1, 1, 1, 1, 1, 1, 1, 0.02857, 0.02857, 
0.02857, 0.02857, 0.02857, 0.02857, 0.02857, 0.02857, 0.02857, 
0.02857, 0.02857, 0, 0, 0, 0, 0, 0, 0, 0, 0, 0, 0, 0, 0, 0, 0, 
0, 0, 0, 0, 0, 0, 0, 0.81093, 0.83936, 0.854, 0.88022, 0.90132, 
0.8877, 0.88439, 0.9085, 0.90496, 0.90469, 0.911, 0.81169, 0.83899, 
0.85865, 0.88522, 0.88215, 0.90182, 0.88805, 0.89334, 0.9051, 
0.90402, 0.89454, 0.0553, 0.0599, 0.0648, 0.0683, 0.0744, 0.0778, 
0.0823, 0.0883, 0.0931, 0.099, 0.105, 117, 128.2, 137.1, 147.6, 
157.2, 164.8, 174.9, 182.6, 189.6, 199.5, 209.6, 1, 1, 1, 1, 
1, 1, 1, 1, 1, 1, 1, 1, 1, 1, 1, 1, 1, 1, 1, 1, 1, 1, 1, 1, 1, 
1, 1, 1, 1, 1, 1, 1, 1, 1, 1, 1, 1, 1, 1, 1, 1, 1, 1, 1, 3.733, 
3.781, 3.776, 3.749, 3.8, 3.972, 4.182, 4.122, 4.15, 4.26, 4.208
), .Dim = c(11L, 40L), .Dimnames = list(NULL, c("Sampling", "PSO.cost", 
"PSO.gamma", "PSO.data.balancing", "PSO.feature.selection", "PSO.valid.acc", 
"PSO.test.acc", "PSO.train.time", "PSO.n.support.vectors", "PSO.index", 
"PSO.n.solutions", "PSO.generations", "PSO.n.evaluations", "PSO.cpu.time", 
"RS.cost", "RS.gamma", "RS.data.balancing", "RS.feature.selection", 
"RS.valid.acc", "RS.test.acc", "RS.train.time", "RS.n.support.vectors", 
"RS.index", "RS.n.solutions", "RS.generations", "RS.n.evaluations", 
"RS.cpu.time", "DF.cost", "DF.gamma", "DF.data.balancing", "DF.feature.selection", 
"DF.valid.acc", "DF.test.acc", "DF.train.time", "DF.n.support.vectors", 
"DF.index", "DF.n.solutions", "DF.generations", "DF.n.evaluations", 
"DF.cpu.time")))
