full <-
structure(c(50, 55, 60, 65, 70, 75, 80, 85, 90, 95, 100, 10.36741, 
6.42157, 3.80655, 5.98925, 10.99904, 11.12426, 3.47415, 14.81431, 
11.39487, 2.03928, 15, -13.46361, -8.39553, -5.85226, -8.03719, 
-14.11518, -8.5542, -7.23859, -11.23053, -5.86324, -6.02558, 
-9.73903, 0, 0, 0, 0, 0, 0, 0, 0, 0, 0, 0, 0, 0, 0, 0, 0, 0, 
0, 0, 0, 0, 0, 0.87767, 0.88257, 0.87489, 0.9013, 0.92194, 0.91274, 
0.91921, 0.92364, 0.93045, 0.9223, 0.92551, 0.8425, 0.87855, 
0.87776, 0.84853, 0.88882, 0.88525, 0.91283, 0.90433, 0.90457, 
0.90811, 0.93519, 0.0492, 0.0584, 0.0589, 0.0631, 0.0633, 0.0712, 
0.0783, 0.077, 0.0914, 0.0899, 0.0965, 113.5, 122.3, 130.2, 138.5, 
151, 158.8, 170.5, 177, 184.5, 196.7, 201.7, 12, 53, 1536, 401, 
6, 868, 288, 92, 70, 6, 348, 652, 1033, 110, 255, 185, 137, 117, 
1235, 1239, 163, 386, 100, 100, 100, 100, 100, 100, 100, 100, 
100, 100, 100, 2500, 2500, 2500, 2500, 2500, 2500, 2500, 2500, 
2500, 2500, 2500, 8281.691, 8407.962, 8506.914, 8610.962, 8770.75999999999, 
8911.383, 9088.284, 9207.95499999999, 9422.93099999998, 9437.55100000001, 
9517.98000000001, 9.33798, 8.48975, 3.71184, 5.86973, 8.72679, 
12.07964, 3.28608, 14.83894, 7.71893, 1.74756, 14.91598, -12.32163, 
-8.22574, -5.82807, -8.01462, -11.92517, -8.54893, -7.03496, 
-11.12898, -5.73188, -5.69957, -9.80173, 0, 0, 0, 0, 0, 0, 0, 
0, 0, 0, 0, 0, 0, 0, 0, 0, 0, 0, 0, 0, 0, 0, 0.87767, 0.88257, 
0.87489, 0.9013, 0.92194, 0.90874, 0.91921, 0.92364, 0.93045, 
0.9223, 0.92551, 0.8425, 0.8723, 0.87776, 0.84853, 0.88882, 0.88525, 
0.91283, 0.90803, 0.90057, 0.90811, 0.93519, 0.0533, 0.0562, 
0.0621, 0.0597, 0.0667, 0.0713, 0.0774, 0.0762, 0.0856, 0.0911, 
0.0982, 113.4, 122.2, 130.1, 138.8, 151.2, 158.5, 170.4, 177, 
184, 195.8, 202.1, 559, 53, 59, 579, 398, 37, 2015, 1003, 462, 
1100, 1712, 10, 52, 1, 2, 26, 12, 1, 1, 11, 1, 1, 100, 100, 100, 
100, 100, 100, 100, 100, 100, 100, 100, 2500, 2500, 2500, 2500, 
2500, 2500, 2500, 2500, 2500, 2500, 2500, 8377.079, 8444.697, 
8616.168, 8781.881, 8969.35699999999, 9135.68800000001, 9267.637, 
9424.46300000002, 9595.80299999999, 9593.101, 9838.97200000001, 
1, 1, 1, 1, 1, 1, 1, 1, 1, 1, 1, 0.02857, 0.02857, 0.02857, 0.02857, 
0.02857, 0.02857, 0.02857, 0.02857, 0.02857, 0.02857, 0.02857, 
0, 0, 0, 0, 0, 0, 0, 0, 0, 0, 0, 0, 0, 0, 0, 0, 0, 0, 0, 0, 0, 
0, 0.82098, 0.80905, 0.81191, 0.86425, 0.8715, 0.86479, 0.87939, 
0.88652, 0.89024, 0.89724, 0.90174, 0.80922, 0.82249, 0.80715, 
0.85776, 0.86261, 0.86519, 0.89101, 0.87524, 0.88569, 0.89737, 
0.91142, 0.0552, 0.0568, 0.0634, 0.0649, 0.0706, 0.0742, 0.0793, 
0.0841, 0.0914, 0.0965, 0.1072, 117.8, 127.9, 135.5, 145.6, 156.2, 
165.7, 174.3, 181.7, 190.4, 198.8, 209.4, 1, 1, 1, 1, 1, 1, 1, 
1, 1, 1, 1, 1, 1, 1, 1, 1, 1, 1, 1, 1, 1, 1, 1, 1, 1, 1, 1, 1, 
1, 1, 1, 1, 1, 1, 1, 1, 1, 1, 1, 1, 1, 1, 1, 1, 3.326, 3.432, 
3.459, 3.578, 3.663, 3.569, 3.683, 3.762, 3.789, 3.877, 3.996
), .Dim = c(11L, 40L), .Dimnames = list(NULL, c("Sampling", "PSO.cost", 
"PSO.gamma", "PSO.data.balancing", "PSO.feature.selection", "PSO.valid.acc", 
"PSO.test.acc", "PSO.train.time", "PSO.n.support.vectors", "PSO.index", 
"PSO.n.solutions", "PSO.generations", "PSO.n.evaluations", "PSO.cpu.time", 
"RS.cost", "RS.gamma", "RS.data.balancing", "RS.feature.selection", 
"RS.valid.acc", "RS.test.acc", "RS.train.time", "RS.n.support.vectors", 
"RS.index", "RS.n.solutions", "RS.generations", "RS.n.evaluations", 
"RS.cpu.time", "DF.cost", "DF.gamma", "DF.data.balancing", "DF.feature.selection", 
"DF.valid.acc", "DF.test.acc", "DF.train.time", "DF.n.support.vectors", 
"DF.index", "DF.n.solutions", "DF.generations", "DF.n.evaluations", 
"DF.cpu.time")))
