full <-
structure(c(50, 55, 60, 65, 70, 75, 80, 85, 90, 95, 100, 4.89472, 
13.46201, 11.57898, 2.09649, 3.22821, 6.11881, 1.59037, 5.02257, 
6.2622, 6.2369, 8.22022, -7.6287, -6.1655, -10.52361, -5.81913, 
-7.08877, -9.83495, -6.38958, -9.62458, -11.14161, -10.3594, 
-5.40911, 0, 0, 0, 0, 0, 0, 0, 0, 0, 0, 0, 0, 0, 0, 0, 0, 0, 
0, 0, 0, 0, 0, 0.90769, 0.91627, 0.8907, 0.91355, 0.89861, 0.91332, 
0.91616, 0.90648, 0.92323, 0.93401, 0.9345, 0.88499, 0.90082, 
0.8694, 0.90734, 0.89823, 0.88009, 0.90448, 0.90548, 0.91513, 
0.91318, 0.92072, 0.0514, 0.0579, 0.0567, 0.064, 0.0644, 0.0686, 
0.0773, 0.0787, 0.0825, 0.0873, 0.099, 113.8, 126.5, 134.2, 143.6, 
153.1, 162.8, 173.1, 180.3, 190.8, 197.4, 202.1, 1259, 33, 347, 
1220, 97, 260, 935, 18, 176, 109, 42, 14, 1138, 130, 195, 241, 
93, 63, 125, 142, 129, 690, 100, 100, 100, 100, 100, 100, 100, 
100, 100, 100, 100, 2500, 2500, 2500, 2500, 2500, 2500, 2500, 
2500, 2500, 2500, 2500, 7899.978, 8162.078, 8336.975, 8440.33100000001, 
8564.96799999999, 8920.728, 9031.539, 9206.59699999999, 9319.318, 
9369.29400000002, 9672.10499999998, 5.01211, 12.09792, 11.10503, 
2.01626, 3.86822, 6.04231, 1.34347, 7.58926, 8.47778, 9.74003, 
11.65875, -7.67494, -6.19174, -10.04931, -5.81504, -7.85399, 
-9.79884, -6.18686, -12.23029, -13.17286, -13.85042, -5.47648, 
0, 0, 0, 0, 0, 0, 0, 0, 0, 0, 0, 0, 0, 0, 0, 0, 0, 0, 0, 0, 0, 
0, 0.90769, 0.91627, 0.8907, 0.91355, 0.89861, 0.91332, 0.91616, 
0.90648, 0.92323, 0.93401, 0.93439, 0.87944, 0.90082, 0.87496, 
0.90734, 0.89823, 0.88009, 0.90832, 0.90548, 0.91156, 0.91318, 
0.92072, 0.0497, 0.0563, 0.0561, 0.0621, 0.0633, 0.0703, 0.0762, 
0.0772, 0.0843, 0.0849, 0.1004, 113.8, 126.5, 134, 143.6, 154.4, 
162.8, 173, 180.7, 190.7, 197, 201.9, 2390, 364, 237, 1528, 1051, 
80, 2155, 312, 43, 224, 357, 1, 7, 3, 1, 3, 7, 1, 13, 18, 2, 
11, 100, 100, 100, 100, 100, 100, 100, 100, 100, 100, 100, 2500, 
2500, 2500, 2500, 2500, 2500, 2500, 2500, 2500, 2500, 2500, 8165.655, 
8212.003, 8340.136, 8566.10599999999, 8781.53899999999, 9118.25, 
9217.499, 9427.12199999999, 9537.08600000001, 9750.58600000001, 
9959.15700000001, 1, 1, 1, 1, 1, 1, 1, 1, 1, 1, 1, 0.02857, 0.02857, 
0.02857, 0.02857, 0.02857, 0.02857, 0.02857, 0.02857, 0.02857, 
0.02857, 0.02857, 0, 0, 0, 0, 0, 0, 0, 0, 0, 0, 0, 0, 0, 0, 0, 
0, 0, 0, 0, 0, 0, 0, 0.84549, 0.84285, 0.82964, 0.85583, 0.86677, 
0.87007, 0.87857, 0.87551, 0.90133, 0.89653, 0.90458, 0.83708, 
0.82567, 0.83716, 0.84518, 0.88066, 0.879, 0.88352, 0.89418, 
0.88966, 0.9001, 0.89791, 0.0525, 0.0573, 0.0614, 0.0648, 0.0698, 
0.0724, 0.0792, 0.0857, 0.0927, 0.0948, 0.1002, 116.2, 127.4, 
136.2, 145.5, 153.8, 163.4, 171.9, 182, 190, 199.5, 210.2, 1, 
1, 1, 1, 1, 1, 1, 1, 1, 1, 1, 1, 1, 1, 1, 1, 1, 1, 1, 1, 1, 1, 
1, 1, 1, 1, 1, 1, 1, 1, 1, 1, 1, 1, 1, 1, 1, 1, 1, 1, 1, 1, 1, 
1, 3.332, 3.286, 3.471, 3.515, 3.718, 3.658, 3.63, 3.944, 3.806, 
3.954, 3.82), .Dim = c(11L, 40L), .Dimnames = list(NULL, c("Sampling", 
"PSO.cost", "PSO.gamma", "PSO.data.balancing", "PSO.feature.selection", 
"PSO.valid.acc", "PSO.test.acc", "PSO.train.time", "PSO.n.support.vectors", 
"PSO.index", "PSO.n.solutions", "PSO.generations", "PSO.n.evaluations", 
"PSO.cpu.time", "RS.cost", "RS.gamma", "RS.data.balancing", "RS.feature.selection", 
"RS.valid.acc", "RS.test.acc", "RS.train.time", "RS.n.support.vectors", 
"RS.index", "RS.n.solutions", "RS.generations", "RS.n.evaluations", 
"RS.cpu.time", "DF.cost", "DF.gamma", "DF.data.balancing", "DF.feature.selection", 
"DF.valid.acc", "DF.test.acc", "DF.train.time", "DF.n.support.vectors", 
"DF.index", "DF.n.solutions", "DF.generations", "DF.n.evaluations", 
"DF.cpu.time")))
