full <-
structure(c(50, 55, 60, 65, 70, 75, 80, 85, 90, 95, 100, 2.83662, 
1.49977, 10.99414, 2.9424, 5.89286, 1.80471, 4.30513, 3.17111, 
2.63186, 15, 6.43464, -7.61955, -5.13307, -14.64136, -6.74736, 
-9.68195, -5.27205, -4.89103, -7.00452, -5.92514, -9.5607, -5.95674, 
0, 0, 0, 0, 0, 0, 0, 0, 0, 0, 0, 0, 0, 0, 0, 0, 0, 0, 0, 0, 0, 
0, 0.89325, 0.9024, 0.8856, 0.90876, 0.90488, 0.90951, 0.90321, 
0.91617, 0.92934, 0.91948, 0.92855, 0.887, 0.88405, 0.88167, 
0.90906, 0.91423, 0.88566, 0.90092, 0.89566, 0.91516, 0.90373, 
0.90822, 0.051, 0.0585, 0.0531, 0.0645, 0.0673, 0.0761, 0.0822, 
0.0824, 0.0862, 0.0898, 0.0963, 114.6, 123.8, 131.6, 145.1, 151.2, 
162.2, 168.9, 178.7, 183.9, 194.1, 202.8, 1102, 591, 34, 232, 
645, 342, 1563, 1147, 294, 96, 2343, 24, 520, 396, 364, 204, 
145, 29, 59, 224, 854, 1, 100, 100, 100, 100, 100, 100, 100, 
100, 100, 100, 100, 2500, 2500, 2500, 2500, 2500, 2500, 2500, 
2500, 2500, 2500, 2500, 8545.572, 8709.989, 8730.544, 8907.572, 
9004.08900000001, 9161.89099999999, 9248.398, 9281.391, 9404.658, 
9545.41800000001, 9521.019, 1.1, 0.70937, 1.97387, 2.57376, 6.06963, 
4.83663, 4.6171, 4.28997, 2.5558, 4.05872, 10.13377, -5.69802, 
-5.20746, -5.30163, -6.17321, -9.92203, -8.32358, -4.90786, -8.23026, 
-5.84197, -8.12175, -7.18158, 0, 0, 0, 0, 0, 0, 0, 0, 0, 0, 0, 
0, 0, 0, 0, 0, 0, 0, 0, 0, 0, 0, 0.89325, 0.9024, 0.88576, 0.90441, 
0.90488, 0.90916, 0.90321, 0.9126, 0.92934, 0.9196, 0.92845, 
0.89913, 0.88294, 0.89469, 0.89846, 0.91423, 0.90461, 0.90926, 
0.90353, 0.91516, 0.9035, 0.91468, 0.0509, 0.0564, 0.0605, 0.0614, 
0.0655, 0.0667, 0.0817, 0.0792, 0.0862, 0.0866, 0.0978, 114.8, 
124.1, 135.3, 145.4, 151.4, 161.1, 169, 179.1, 183.7, 196.9, 
204, 85, 354, 521, 74, 382, 254, 259, 87, 196, 2036, 913, 7, 
2, 2, 2, 2, 17, 1, 11, 2, 1, 9, 100, 100, 100, 100, 100, 100, 
100, 100, 100, 100, 100, 2500, 2500, 2500, 2500, 2500, 2500, 
2500, 2500, 2500, 2500, 2500, 8607.341, 8727.304, 8844.374, 8940.607, 
9073.76400000001, 9223.85799999999, 9290.864, 9423.84599999999, 
9626.71299999999, 9748.17799999999, 9817.34099999999, 1, 1, 1, 
1, 1, 1, 1, 1, 1, 1, 1, 0.02857, 0.02857, 0.02857, 0.02857, 0.02857, 
0.02857, 0.02857, 0.02857, 0.02857, 0.02857, 0.02857, 0, 0, 0, 
0, 0, 0, 0, 0, 0, 0, 0, 0, 0, 0, 0, 0, 0, 0, 0, 0, 0, 0, 0.83887, 
0.86311, 0.8467, 0.8654, 0.85963, 0.85587, 0.84958, 0.88511, 
0.87416, 0.88878, 0.90856, 0.84693, 0.86241, 0.84937, 0.86958, 
0.85378, 0.86541, 0.86576, 0.88094, 0.88569, 0.87826, 0.89867, 
0.053, 0.0571, 0.0609, 0.0661, 0.069, 0.0763, 0.0816, 0.0862, 
0.0896, 0.094, 0.1037, 114.1, 125.2, 135.8, 146.6, 156.8, 164.3, 
173.8, 182.7, 191, 198.9, 208.4, 1, 1, 1, 1, 1, 1, 1, 1, 1, 1, 
1, 1, 1, 1, 1, 1, 1, 1, 1, 1, 1, 1, 1, 1, 1, 1, 1, 1, 1, 1, 1, 
1, 1, 1, 1, 1, 1, 1, 1, 1, 1, 1, 1, 1, 3.369, 3.418, 3.535, 3.594, 
3.579, 3.639, 3.708, 3.786, 3.743, 3.777, 3.951), .Dim = c(11L, 
40L), .Dimnames = list(NULL, c("Sampling", "PSO.cost", "PSO.gamma", 
"PSO.data.balancing", "PSO.feature.selection", "PSO.valid.acc", 
"PSO.test.acc", "PSO.train.time", "PSO.n.support.vectors", "PSO.index", 
"PSO.n.solutions", "PSO.generations", "PSO.n.evaluations", "PSO.cpu.time", 
"RS.cost", "RS.gamma", "RS.data.balancing", "RS.feature.selection", 
"RS.valid.acc", "RS.test.acc", "RS.train.time", "RS.n.support.vectors", 
"RS.index", "RS.n.solutions", "RS.generations", "RS.n.evaluations", 
"RS.cpu.time", "DF.cost", "DF.gamma", "DF.data.balancing", "DF.feature.selection", 
"DF.valid.acc", "DF.test.acc", "DF.train.time", "DF.n.support.vectors", 
"DF.index", "DF.n.solutions", "DF.generations", "DF.n.evaluations", 
"DF.cpu.time")))
