full <-
structure(c(50, 55, 60, 65, 70, 75, 80, 85, 90, 95, 100, 4.97888, 
11.54387, 3.7957, 1.8672, 5.86355, 4.34827, 8.27143, 12.65292, 
4.26635, 3.04387, 13.78591, -5.07876, -4.9584, -5.12956, -5.30372, 
-6.74685, -6.56171, -5.41515, -4.98077, -9.93157, -7.24276, -6.76303, 
0, 0, 0, 0, 0, 0, 0, 0, 0, 0, 0, 0, 0, 0, 0, 0, 0, 0, 0, 0, 0, 
0, 0.92135, 0.89594, 0.9181, 0.91178, 0.9113, 0.93291, 0.93372, 
0.91506, 0.90716, 0.92302, 0.93699, 0.90814, 0.89164, 0.90674, 
0.90178, 0.88832, 0.90186, 0.91279, 0.91057, 0.90051, 0.92253, 
0.92396, 0.0581, 0.0617, 0.0639, 0.0679, 0.0677, 0.0722, 0.0792, 
0.0884, 0.0863, 0.0929, 0.0981, 114.1, 125.1, 132.6, 142.8, 149.9, 
160.2, 162.7, 176.8, 196.1, 199.1, 203.5, 481, 100, 478, 492, 
2340, 977, 44, 152, 182, 490, 45, 634, 1071, 225, 548, 4, 24, 
762, 152, 90, 141, 1415, 100, 100, 100, 100, 100, 100, 100, 100, 
100, 100, 100, 2500, 2500, 2500, 2500, 2500, 2500, 2500, 2500, 
2500, 2500, 2500, 8733.027, 8878.164, 8836.205, 8851.512, 9080.90800000001, 
8812.891, 8967.838, 9246.40500000001, 9194.58499999999, 9094.902, 
9350.75100000002, 5.06076, 10.97932, 2.95935, 1.67139, 3.5098, 
4.01633, 13.59879, 10.4623, 3.36236, 2.17033, 9.90955, -5.32825, 
-4.94629, -4.86656, -5.1292, -6.59018, -5.79701, -5.37939, -4.96107, 
-9.00362, -5.9996, -6.587, 0, 0, 0, 0, 0, 0, 0, 0, 0, 0, 0, 0, 
0, 0, 0, 0, 0, 0, 0, 0, 0, 0, 0.92036, 0.89594, 0.90834, 0.91178, 
0.91107, 0.9327, 0.93372, 0.91506, 0.90716, 0.91931, 0.93699, 
0.90091, 0.89164, 0.90772, 0.90178, 0.88801, 0.92835, 0.91279, 
0.91057, 0.90051, 0.91575, 0.92741, 0.0571, 0.0618, 0.0634, 0.0679, 
0.0683, 0.0722, 0.0801, 0.0884, 0.0832, 0.0918, 0.0949, 114.2, 
125.1, 134.3, 142.5, 151, 158.8, 162.9, 176.9, 195.9, 194.6, 
203.2, 1534, 77, 21, 551, 1914, 166, 1543, 2299, 894, 2466, 108, 
2, 10, 3, 3, 1, 4, 4, 1, 2, 1, 20, 100, 100, 100, 100, 100, 100, 
100, 100, 100, 100, 100, 2500, 2500, 2500, 2500, 2500, 2500, 
2500, 2500, 2500, 2500, 2500, 8766.661, 8714.275, 8816.199, 8838.829, 
8948.45600000001, 9036.577, 9061.98, 9403.182, 9154.644, 9291.23000000001, 
9829.26700000002, 1, 1, 1, 1, 1, 1, 1, 1, 1, 1, 1, 0.02857, 0.02857, 
0.02857, 0.02857, 0.02857, 0.02857, 0.02857, 0.02857, 0.02857, 
0.02857, 0.02857, 0, 0, 0, 0, 0, 0, 0, 0, 0, 0, 0, 0, 0, 0, 0, 
0, 0, 0, 0, 0, 0, 0, 0.83274, 0.82049, 0.85268, 0.85707, 0.86649, 
0.89639, 0.88859, 0.8955, 0.89281, 0.88858, 0.89726, 0.80604, 
0.8, 0.84693, 0.85594, 0.8591, 0.88331, 0.88338, 0.89177, 0.89652, 
0.89203, 0.90382, 0.0566, 0.0613, 0.0647, 0.0694, 0.0696, 0.0748, 
0.0799, 0.0867, 0.092, 0.0932, 0.1033, 117.9, 127.6, 136.6, 146.1, 
155.2, 164.1, 171.6, 182.7, 191.3, 197.5, 209, 1, 1, 1, 1, 1, 
1, 1, 1, 1, 1, 1, 1, 1, 1, 1, 1, 1, 1, 1, 1, 1, 1, 1, 1, 1, 1, 
1, 1, 1, 1, 1, 1, 1, 1, 1, 1, 1, 1, 1, 1, 1, 1, 1, 1, 3.623, 
3.475, 3.57, 3.536, 3.4, 3.513, 3.523, 3.644, 3.757, 3.625, 3.866
), .Dim = c(11L, 40L), .Dimnames = list(NULL, c("Sampling", "PSO.cost", 
"PSO.gamma", "PSO.data.balancing", "PSO.feature.selection", "PSO.valid.acc", 
"PSO.test.acc", "PSO.train.time", "PSO.n.support.vectors", "PSO.index", 
"PSO.n.solutions", "PSO.generations", "PSO.n.evaluations", "PSO.cpu.time", 
"RS.cost", "RS.gamma", "RS.data.balancing", "RS.feature.selection", 
"RS.valid.acc", "RS.test.acc", "RS.train.time", "RS.n.support.vectors", 
"RS.index", "RS.n.solutions", "RS.generations", "RS.n.evaluations", 
"RS.cpu.time", "DF.cost", "DF.gamma", "DF.data.balancing", "DF.feature.selection", 
"DF.valid.acc", "DF.test.acc", "DF.train.time", "DF.n.support.vectors", 
"DF.index", "DF.n.solutions", "DF.generations", "DF.n.evaluations", 
"DF.cpu.time")))
