full <-
structure(c(50, 55, 60, 65, 70, 75, 80, 85, 90, 95, 100, 10.39588, 
6.42897, 7.99827, 2.25414, 5.36772, 6.2775, 3.93332, 9.54761, 
12.21319, 7.40264, 7.97503, -13.79681, -10.72333, -11.56325, 
-5.26714, -9.39173, -9.35228, -7.97905, -13.18741, -7.33812, 
-6.03416, -5.9224, 0, 0, 0, 0, 0, 0, 0, 0, 0, 0, 0, 0, 0, 0, 
0, 0, 0, 0, 0, 0, 0, 0, 0.8883, 0.90444, 0.92309, 0.90919, 0.90044, 
0.91172, 0.9132, 0.91758, 0.93406, 0.9233, 0.92444, 0.87746, 
0.91184, 0.88968, 0.89837, 0.88093, 0.92061, 0.91439, 0.89371, 
0.90741, 0.90627, 0.92441, 0.0502, 0.0565, 0.0597, 0.067, 0.0648, 
0.0719, 0.0763, 0.0791, 0.0863, 0.0942, 0.1023, 116.8, 127.5, 
136.5, 142.6, 155.1, 163.8, 172.8, 182.1, 188, 198.2, 202.8, 
91, 1397, 202, 987, 333, 856, 76, 37, 89, 474, 580, 196, 46, 
60, 185, 32, 21, 515, 26, 1640, 89, 27, 100, 100, 100, 100, 100, 
100, 100, 100, 100, 100, 100, 2500, 2500, 2500, 2500, 2500, 2500, 
2500, 2500, 2500, 2500, 2500, 8116.249, 8231.851, 8304.131, 8470.338, 
8482.36900000001, 8644.38499999999, 8767.466, 8925.923, 9086.144, 
9248.76000000001, 11578.402, 6.99057, 9.95838, 7.19685, 2.32602, 
6.43117, 5.81284, 3.6986, 10.22292, 13.14042, 11.34327, 8.18297, 
-10.47079, -14.27172, -10.78939, -5.3487, -8.94511, -8.92987, 
-7.77161, -13.87679, -7.34112, -7.88162, -5.92892, 0, 0, 0, 0, 
0, 0, 0, 0, 0, 0, 0, 0, 0, 0, 0, 0, 0, 0, 0, 0, 0, 0, 0.8883, 
0.90444, 0.92309, 0.90919, 0.89701, 0.91172, 0.9132, 0.91758, 
0.93406, 0.91685, 0.92432, 0.88371, 0.90517, 0.88968, 0.89837, 
0.86991, 0.92061, 0.91439, 0.89371, 0.90741, 0.89566, 0.92441, 
0.0532, 0.0555, 0.0584, 0.0662, 0.0657, 0.0727, 0.0776, 0.0805, 
0.0871, 0.091, 0.1021, 117, 127.5, 136.8, 142.6, 153.4, 163.8, 
173.1, 182.1, 188, 198.4, 202.7, 157, 704, 1379, 528, 1076, 1198, 
77, 185, 175, 71, 1979, 27, 6, 1, 1, 2, 1, 18, 6, 16, 2, 1, 100, 
100, 100, 100, 100, 100, 100, 100, 100, 100, 100, 2500, 2500, 
2500, 2500, 2500, 2500, 2500, 2500, 2500, 2500, 2500, 8166.265, 
8281.501, 8410.904, 8499.219, 8611.92, 8807.667, 8945.58099999999, 
9119.62299999999, 9295.12299999999, 9965.20800000001, 11724.473, 
1, 1, 1, 1, 1, 1, 1, 1, 1, 1, 1, 0.02857, 0.02857, 0.02857, 0.02857, 
0.02857, 0.02857, 0.02857, 0.02857, 0.02857, 0.02857, 0.02857, 
0, 0, 0, 0, 0, 0, 0, 0, 0, 0, 0, 0, 0, 0, 0, 0, 0, 0, 0, 0, 0, 
0, 0.84141, 0.83909, 0.83917, 0.85345, 0.84563, 0.85921, 0.87378, 
0.87492, 0.87184, 0.89121, 0.89748, 0.8283, 0.85769, 0.86133, 
0.84951, 0.84834, 0.85961, 0.86621, 0.88213, 0.88159, 0.89862, 
0.90727, 0.0544, 0.0594, 0.0633, 0.0678, 0.0717, 0.0771, 0.0811, 
0.0866, 0.0915, 0.1024, 0.1066, 115, 126.7, 136.4, 145.1, 155.5, 
163.9, 173.6, 183.5, 191.5, 203.3, 209.2, 1, 1, 1, 1, 1, 1, 1, 
1, 1, 1, 1, 1, 1, 1, 1, 1, 1, 1, 1, 1, 1, 1, 1, 1, 1, 1, 1, 1, 
1, 1, 1, 1, 1, 1, 1, 1, 1, 1, 1, 1, 1, 1, 1, 1, 3.254, 3.334, 
3.342, 3.334, 3.489, 3.581, 3.561, 3.595, 3.695, 4.603, 4.622
), .Dim = c(11L, 40L), .Dimnames = list(NULL, c("Sampling", "PSO.cost", 
"PSO.gamma", "PSO.data.balancing", "PSO.feature.selection", "PSO.valid.acc", 
"PSO.test.acc", "PSO.train.time", "PSO.n.support.vectors", "PSO.index", 
"PSO.n.solutions", "PSO.generations", "PSO.n.evaluations", "PSO.cpu.time", 
"RS.cost", "RS.gamma", "RS.data.balancing", "RS.feature.selection", 
"RS.valid.acc", "RS.test.acc", "RS.train.time", "RS.n.support.vectors", 
"RS.index", "RS.n.solutions", "RS.generations", "RS.n.evaluations", 
"RS.cpu.time", "DF.cost", "DF.gamma", "DF.data.balancing", "DF.feature.selection", 
"DF.valid.acc", "DF.test.acc", "DF.train.time", "DF.n.support.vectors", 
"DF.index", "DF.n.solutions", "DF.generations", "DF.n.evaluations", 
"DF.cpu.time")))
