full <-
structure(c(50, 55, 60, 65, 70, 75, 80, 85, 90, 95, 100, 7.30454, 
4.33171, 5.87561, 6.43824, 3.23867, 5.04942, 10.49878, 1.57816, 
14.53397, 6.33153, 14.67556, -9.31895, -8.15349, -6.2649, -11.16333, 
-7.06628, -9.19319, -14.96441, -5.72576, -5.79864, -9.56175, 
-6.96425, 0, 0, 0, 0, 0, 0, 0, 0, 0, 0, 0, 0, 0, 0, 0, 0, 0, 
0, 0, 0, 0, 0, 0.86844, 0.90643, 0.91628, 0.92842, 0.92109, 0.93908, 
0.92083, 0.92336, 0.92063, 0.91354, 0.9373, 0.85048, 0.89902, 
0.86569, 0.9243, 0.90416, 0.91549, 0.91279, 0.91917, 0.88252, 
0.9022, 0.93085, 0.0508, 0.0542, 0.059, 0.062, 0.0668, 0.0672, 
0.0737, 0.0835, 0.0874, 0.0893, 0.0947, 113.6, 125.6, 135.6, 
145.8, 153.6, 163.3, 173.5, 181.4, 185.5, 197.5, 204.4, 114, 
140, 83, 36, 196, 135, 234, 580, 168, 451, 4, 47, 415, 1079, 
118, 494, 339, 474, 116, 1327, 37, 1427, 100, 100, 100, 100, 
100, 100, 100, 100, 100, 100, 100, 2500, 2500, 2500, 2500, 2500, 
2500, 2500, 2500, 2500, 2500, 2500, 8388.595, 8399.693, 8508.926, 
8555.394, 8683.26300000001, 8762.80899999999, 8848.572, 9116.216, 
9292.04200000002, 9292.44399999999, 9539.122, 11.19461, 4.58531, 
5.48205, 6.50291, 2.95028, 2.58276, 2.35884, 1.57634, 13.48128, 
5.58661, 13.7438, -13.28247, -8.12587, -6.16336, -11.28219, -6.90588, 
-6.67559, -6.45478, -5.71007, -5.79995, -8.80142, -7.03685, 0, 
0, 0, 0, 0, 0, 0, 0, 0, 0, 0, 0, 0, 0, 0, 0, 0, 0, 0, 0, 0, 0, 
0.86765, 0.90643, 0.91628, 0.92842, 0.92109, 0.93908, 0.92117, 
0.92336, 0.92063, 0.91354, 0.9373, 0.83279, 0.89402, 0.87125, 
0.9243, 0.90016, 0.91549, 0.91714, 0.91917, 0.88252, 0.90565, 
0.93085, 0.0499, 0.0532, 0.0601, 0.06, 0.0653, 0.0703, 0.074, 
0.0866, 0.0846, 0.0878, 0.0983, 114.1, 125.3, 135.6, 146.1, 153.6, 
163.6, 173.2, 181.3, 185.5, 197.7, 204.7, 8, 731, 201, 413, 2451, 
77, 143, 1127, 754, 2294, 124, 6, 1, 6, 9, 2, 6, 4, 1, 5, 1, 
34, 100, 100, 100, 100, 100, 100, 100, 100, 100, 100, 100, 2500, 
2500, 2500, 2500, 2500, 2500, 2500, 2500, 2500, 2500, 2500, 8421.92, 
8486.711, 8537.20099999999, 8616.548, 8750.272, 8945.965, 9070.34699999999, 
9248.822, 9434.90900000001, 9574.33900000001, 9934.28, 1, 1, 
1, 1, 1, 1, 1, 1, 1, 1, 1, 0.02857, 0.02857, 0.02857, 0.02857, 
0.02857, 0.02857, 0.02857, 0.02857, 0.02857, 0.02857, 0.02857, 
0, 0, 0, 0, 0, 0, 0, 0, 0, 0, 0, 0, 0, 0, 0, 0, 0, 0, 0, 0, 0, 
0, 0.79694, 0.82635, 0.80581, 0.8489, 0.85428, 0.87328, 0.87156, 
0.88017, 0.88313, 0.88518, 0.8974, 0.79278, 0.82722, 0.81589, 
0.84194, 0.8388, 0.86905, 0.87992, 0.88031, 0.87929, 0.88112, 
0.90729, 0.0549, 0.0557, 0.0608, 0.0655, 0.0684, 0.074, 0.0772, 
0.0838, 0.0896, 0.0943, 0.1005, 115.9, 126.4, 137.8, 147.3, 156.6, 
165.5, 174.7, 182.7, 189.5, 198.9, 208.1, 1, 1, 1, 1, 1, 1, 1, 
1, 1, 1, 1, 1, 1, 1, 1, 1, 1, 1, 1, 1, 1, 1, 1, 1, 1, 1, 1, 1, 
1, 1, 1, 1, 1, 1, 1, 1, 1, 1, 1, 1, 1, 1, 1, 1, 3.349, 3.363, 
3.449, 3.543, 3.539, 3.573, 3.548, 3.656, 3.888, 3.76, 3.905), .Dim = c(11L, 
40L), .Dimnames = list(NULL, c("Sampling", "PSO.cost", "PSO.gamma", 
"PSO.data.balancing", "PSO.feature.selection", "PSO.valid.acc", 
"PSO.test.acc", "PSO.train.time", "PSO.n.support.vectors", "PSO.index", 
"PSO.n.solutions", "PSO.generations", "PSO.n.evaluations", "PSO.cpu.time", 
"RS.cost", "RS.gamma", "RS.data.balancing", "RS.feature.selection", 
"RS.valid.acc", "RS.test.acc", "RS.train.time", "RS.n.support.vectors", 
"RS.index", "RS.n.solutions", "RS.generations", "RS.n.evaluations", 
"RS.cpu.time", "DF.cost", "DF.gamma", "DF.data.balancing", "DF.feature.selection", 
"DF.valid.acc", "DF.test.acc", "DF.train.time", "DF.n.support.vectors", 
"DF.index", "DF.n.solutions", "DF.generations", "DF.n.evaluations", 
"DF.cpu.time")))
