full <-
structure(c(50, 55, 60, 65, 70, 75, 80, 85, 90, 95, 100, 4.85459, 
2.34007, 8.78467, 5.54863, 1.43132, 13.95883, 4.94705, 2.82583, 
1.01855, 0.83983, 6.81073, -7.63467, -5.5657, -11.83764, -9.58538, 
-6.58849, -13.42685, -10.8114, -8.32148, -5.83911, -5.91429, 
-11.17742, 0, 0, 0, 0, 0, 0, 0, 0, 0, 0, 0, 0, 0, 0, 0, 0, 0, 
0, 0, 0, 0, 0, 0.89697, 0.89978, 0.88479, 0.8889, 0.89124, 0.89628, 
0.90094, 0.90712, 0.90508, 0.91751, 0.91832, 0.86972, 0.88165, 
0.87909, 0.87364, 0.88565, 0.88276, 0.89009, 0.90295, 0.8975, 
0.90692, 0.91768, 0.0501, 0.0548, 0.0571, 0.0583, 0.0629, 0.0642, 
0.0697, 0.075, 0.0853, 0.0899, 0.0909, 111.1, 120.7, 134.2, 142.4, 
155.4, 159.9, 179.5, 188.2, 192.7, 201.5, 207.5, 1142, 1702, 
121, 374, 40, 108, 111, 890, 92, 78, 31, 18, 24, 225, 155, 947, 
535, 14, 70, 1265, 104, 261, 100, 100, 100, 100, 100, 100, 100, 
100, 100, 100, 100, 2500, 2500, 2500, 2500, 2500, 2500, 2500, 
2500, 2500, 2500, 2500, 7868.781, 8027.461, 8038.156, 8159.55, 
8227.00900000001, 8253.96500000001, 8465.205, 8527.77799999999, 
8749.087, 8959.32499999998, 9028.451, 4.25814, 2.46414, 10.28834, 
1.59273, 1.27053, 0.99981, 6.55438, 0.8556, 1.15226, 0.71405, 
9.66019, -7.67446, -5.70402, -13.06663, -5.81735, -6.50126, -6.28301, 
-12.44272, -6.27648, -5.92695, -5.77831, -14.01933, 0, 0, 0, 
0, 0, 0, 0, 0, 0, 0, 0, 0, 0, 0, 0, 0, 0, 0, 0, 0, 0, 0, 0.89109, 
0.89452, 0.88479, 0.89361, 0.89124, 0.89655, 0.90094, 0.90712, 
0.90508, 0.91751, 0.91832, 0.87561, 0.8761, 0.87321, 0.87364, 
0.88999, 0.89617, 0.89009, 0.89925, 0.8975, 0.90692, 0.91768, 
0.0492, 0.0553, 0.055, 0.0636, 0.0633, 0.0683, 0.069, 0.0775, 
0.0861, 0.0913, 0.0919, 110.8, 120.8, 133.7, 140.6, 155.9, 167.4, 
179.5, 186.2, 193, 201, 207.1, 64, 1103, 299, 217, 146, 1757, 
1813, 1191, 381, 57, 214, 9, 2, 13, 2, 20, 2, 2, 4, 3, 1, 20, 
100, 100, 100, 100, 100, 100, 100, 100, 100, 100, 100, 2500, 
2500, 2500, 2500, 2500, 2500, 2500, 2500, 2500, 2500, 2500, 7934.911, 
8062.95, 8145.695, 8204.093, 8346.674, 8437.51700000001, 8573.807, 
8676.193, 8974.25899999999, 9138.81200000001, 9365.16, 1, 1, 
1, 1, 1, 1, 1, 1, 1, 1, 1, 0.02857, 0.02857, 0.02857, 0.02857, 
0.02857, 0.02857, 0.02857, 0.02857, 0.02857, 0.02857, 0.02857, 
0, 0, 0, 0, 0, 0, 0, 0, 0, 0, 0, 0, 0, 0, 0, 0, 0, 0, 0, 0, 0, 
0, 0.83669, 0.8274, 0.83091, 0.8638, 0.87205, 0.85665, 0.88453, 
0.88813, 0.89448, 0.91036, 0.90184, 0.83669, 0.81633, 0.8246, 
0.84774, 0.87136, 0.86212, 0.88848, 0.89971, 0.8975, 0.89977, 
0.90485, 0.0524, 0.0558, 0.0583, 0.062, 0.0659, 0.0705, 0.0746, 
0.0814, 0.087, 0.0935, 0.1031, 112.6, 122.6, 133.9, 142.7, 154.4, 
164.2, 173.7, 183.4, 192.5, 198.5, 209.5, 1, 1, 1, 1, 1, 1, 1, 
1, 1, 1, 1, 1, 1, 1, 1, 1, 1, 1, 1, 1, 1, 1, 1, 1, 1, 1, 1, 1, 
1, 1, 1, 1, 1, 1, 1, 1, 1, 1, 1, 1, 1, 1, 1, 1, 3.169, 3.187, 
3.227, 3.281, 3.304, 3.377, 3.367, 3.414, 3.534, 3.625, 3.693
), .Dim = c(11L, 40L), .Dimnames = list(NULL, c("Sampling", "PSO.cost", 
"PSO.gamma", "PSO.data.balancing", "PSO.feature.selection", "PSO.valid.acc", 
"PSO.test.acc", "PSO.train.time", "PSO.n.support.vectors", "PSO.index", 
"PSO.n.solutions", "PSO.generations", "PSO.n.evaluations", "PSO.cpu.time", 
"RS.cost", "RS.gamma", "RS.data.balancing", "RS.feature.selection", 
"RS.valid.acc", "RS.test.acc", "RS.train.time", "RS.n.support.vectors", 
"RS.index", "RS.n.solutions", "RS.generations", "RS.n.evaluations", 
"RS.cpu.time", "DF.cost", "DF.gamma", "DF.data.balancing", "DF.feature.selection", 
"DF.valid.acc", "DF.test.acc", "DF.train.time", "DF.n.support.vectors", 
"DF.index", "DF.n.solutions", "DF.generations", "DF.n.evaluations", 
"DF.cpu.time")))
