full <-
structure(c(50, 55, 60, 65, 70, 75, 80, 85, 90, 95, 100, 4.50127, 
8.57588, 2.3789, 15, 2.74053, 4.32824, 3.19624, 4.96696, 0.85628, 
2.14564, 10.96463, -6.36563, -7.62077, -6.1803, -11.24419, -7.00506, 
-5.58561, -7.48505, -4.896, -6.34883, -5.41399, -8.17577, 0, 
0, 0, 0, 0, 0, 0, 0, 0, 0, 0, 0, 0, 0, 0, 0, 0, 0, 0, 0, 0, 0, 
0.8888, 0.89922, 0.89145, 0.90028, 0.90154, 0.90224, 0.91279, 
0.93002, 0.91842, 0.91916, 0.92771, 0.85259, 0.88968, 0.86333, 
0.88944, 0.88796, 0.89734, 0.90073, 0.88657, 0.91168, 0.90447, 
0.93038, 0.0513, 0.0561, 0.0608, 0.0691, 0.0687, 0.0758, 0.0776, 
0.0881, 0.0864, 0.0964, 0.0924, 113.5, 122.9, 135.9, 142.7, 153.2, 
160.2, 174, 177.1, 196.1, 195.4, 204.4, 2465, 303, 1227, 299, 
1250, 1802, 28, 2225, 432, 642, 711, 1, 415, 49, 1016, 20, 14, 
321, 1, 244, 83, 239, 100, 100, 100, 100, 100, 100, 100, 100, 
100, 100, 100, 2500, 2500, 2500, 2500, 2500, 2500, 2500, 2500, 
2500, 2500, 2500, 8784.213, 9030.305, 9504.855, 9582.056, 9511.057, 
9771.162, 9979.901, 10265.872, 10137.675, 9989.32200000001, 9832.5, 
9.40673, 8.33925, 2.43029, 14.83772, 7.24463, 3.47321, 4.41777, 
5.61533, 1.02022, 2.27693, 11.94743, -6.82718, -7.4692, -6.32638, 
-11.27378, -12.3945, -5.61231, -8.84812, -4.9113, -6.41226, -5.54098, 
-8.71777, 0, 0, 0, 0, 0, 0, 0, 0, 0, 0, 0, 0, 0, 0, 0, 0, 0, 
0, 0, 0, 0, 0, 0.88722, 0.89922, 0.88669, 0.90028, 0.8981, 0.89789, 
0.91279, 0.91802, 0.91842, 0.91916, 0.92448, 0.84723, 0.89523, 
0.86859, 0.88944, 0.88367, 0.89254, 0.90508, 0.88657, 0.91168, 
0.90447, 0.93038, 0.0524, 0.0534, 0.0661, 0.0627, 0.0658, 0.0737, 
0.076, 0.0912, 0.0877, 0.0957, 0.096, 113.1, 122.7, 135.9, 142.8, 
154.8, 160.4, 172.9, 177.4, 195.8, 196.1, 203.2, 4, 67, 231, 
1491, 1215, 1146, 307, 1628, 1599, 130, 1190, 13, 1, 2, 2, 3, 
2, 10, 1, 1, 4, 1, 100, 100, 100, 100, 100, 100, 100, 100, 100, 
100, 100, 2500, 2500, 2500, 2500, 2500, 2500, 2500, 2500, 2500, 
2500, 2500, 8859.138, 9214.504, 9472.61, 9620.857, 9731.159, 
9992.25599999999, 10232.336, 10382.936, 10127.393, 10064.112, 
10239.7, 1, 1, 1, 1, 1, 1, 1, 1, 1, 1, 1, 0.02857, 0.02857, 0.02857, 
0.02857, 0.02857, 0.02857, 0.02857, 0.02857, 0.02857, 0.02857, 
0.02857, 0, 0, 0, 0, 0, 0, 0, 0, 0, 0, 0, 0, 0, 0, 0, 0, 0, 0, 
0, 0, 0, 0, 0.84052, 0.84108, 0.85878, 0.86401, 0.86983, 0.87432, 
0.8838, 0.9021, 0.89241, 0.90089, 0.89069, 0.83302, 0.84762, 
0.85352, 0.85431, 0.8746, 0.87017, 0.89234, 0.89425, 0.88854, 
0.90816, 0.89437, 0.0533, 0.0565, 0.0614, 0.0652, 0.0696, 0.0758, 
0.0804, 0.0879, 0.0941, 0.0942, 0.1022, 114.1, 124.8, 135.8, 
144.7, 153.5, 164.1, 170.7, 183.2, 193.4, 201.1, 209.2, 1, 1, 
1, 1, 1, 1, 1, 1, 1, 1, 1, 1, 1, 1, 1, 1, 1, 1, 1, 1, 1, 1, 1, 
1, 1, 1, 1, 1, 1, 1, 1, 1, 1, 1, 1, 1, 1, 1, 1, 1, 1, 1, 1, 1, 
3.576, 3.732, 3.879, 3.818, 3.873, 3.792, 3.833, 3.981, 4.14, 
3.803, 4.155), .Dim = c(11L, 40L), .Dimnames = list(NULL, c("Sampling", 
"PSO.cost", "PSO.gamma", "PSO.data.balancing", "PSO.feature.selection", 
"PSO.valid.acc", "PSO.test.acc", "PSO.train.time", "PSO.n.support.vectors", 
"PSO.index", "PSO.n.solutions", "PSO.generations", "PSO.n.evaluations", 
"PSO.cpu.time", "RS.cost", "RS.gamma", "RS.data.balancing", "RS.feature.selection", 
"RS.valid.acc", "RS.test.acc", "RS.train.time", "RS.n.support.vectors", 
"RS.index", "RS.n.solutions", "RS.generations", "RS.n.evaluations", 
"RS.cpu.time", "DF.cost", "DF.gamma", "DF.data.balancing", "DF.feature.selection", 
"DF.valid.acc", "DF.test.acc", "DF.train.time", "DF.n.support.vectors", 
"DF.index", "DF.n.solutions", "DF.generations", "DF.n.evaluations", 
"DF.cpu.time")))
