full <-
structure(c(50, 55, 60, 65, 70, 75, 80, 85, 90, 95, 100, 2.2322, 
2.5072, 7.16195, 6.76567, 3.91677, 8.11109, 6.84217, 8.89939, 
6.98743, 2.76679, 11.07481, -5.94413, -5.92424, -11.50477, -10.72697, 
-7.37753, -12.6927, -6.24542, -5.96696, -6.0052, -7.09858, -8.2157, 
0, 0, 0, 0, 0, 0, 0, 0, 0, 0, 0, 0, 0, 0, 0, 0, 0, 0, 0, 0, 0, 
0, 0.90761, 0.90233, 0.896, 0.89179, 0.9106, 0.92026, 0.91801, 
0.9267, 0.91389, 0.93075, 0.91983, 0.91744, 0.87481, 0.90241, 
0.89264, 0.90718, 0.906, 0.9211, 0.91085, 0.89893, 0.92051, 0.90667, 
0.0527, 0.0579, 0.0593, 0.0596, 0.0669, 0.0681, 0.0805, 0.0817, 
0.0897, 0.0942, 0.0964, 114.9, 124.8, 135.1, 146.2, 157.3, 165.3, 
172, 178, 186.7, 199.7, 204.4, 197, 41, 45, 63, 1685, 145, 138, 
56, 66, 25, 212, 139, 326, 209, 35, 18, 253, 1090, 332, 389, 
243, 388, 100, 100, 100, 100, 100, 100, 100, 100, 100, 100, 100, 
2500, 2500, 2500, 2500, 2500, 2500, 2500, 2500, 2500, 2500, 2500, 
8286.832, 8560.793, 8616.02899999999, 8896.09, 8980.485, 8937.57799999999, 
9436.202, 9250.81799999998, 9354.16099999999, 9874.155, 9778.58099999998, 
2.33237, 2.85062, 1.31298, 10.68992, 3.32816, 2.98921, 6.91586, 
13.66437, 6.12327, 3.86383, 13.01345, -5.81805, -6.26708, -5.93094, 
-14.60047, -6.79398, -7.49347, -6.22099, -5.95021, -5.44739, 
-8.30865, -9.03857, 0, 0, 0, 0, 0, 0, 0, 0, 0, 0, 0, 0, 0, 0, 
0, 0, 0, 0, 0, 0, 0, 0, 0.90761, 0.90233, 0.89659, 0.89179, 0.90605, 
0.92426, 0.91801, 0.9267, 0.91363, 0.93075, 0.91983, 0.91744, 
0.88106, 0.88659, 0.89264, 0.90718, 0.911, 0.9211, 0.91085, 0.89769, 
0.91706, 0.90345, 0.0539, 0.0559, 0.0583, 0.066, 0.0689, 0.0738, 
0.0817, 0.0852, 0.0919, 0.0928, 0.0963, 114.8, 124.2, 136.9, 
146, 157.2, 168.2, 171.8, 178, 185.9, 198.9, 203.5, 896, 44, 
192, 496, 332, 385, 83, 732, 1641, 1005, 535, 3, 15, 2, 7, 4, 
1, 3, 5, 1, 2, 5, 100, 100, 100, 100, 100, 100, 100, 100, 100, 
100, 100, 2500, 2500, 2500, 2500, 2500, 2500, 2500, 2500, 2500, 
2500, 2500, 8401.829, 8519.71, 8726.392, 9018.72199999999, 9066.90599999999, 
9213.257, 9526.417, 9389.117, 9742.97200000001, 10154.733, 10106.74, 
1, 1, 1, 1, 1, 1, 1, 1, 1, 1, 1, 0.02857, 0.02857, 0.02857, 0.02857, 
0.02857, 0.02857, 0.02857, 0.02857, 0.02857, 0.02857, 0.02857, 
0, 0, 0, 0, 0, 0, 0, 0, 0, 0, 0, 0, 0, 0, 0, 0, 0, 0, 0, 0, 0, 
0, 0.85545, 0.83783, 0.84139, 0.84754, 0.85734, 0.87193, 0.86814, 
0.87535, 0.88859, 0.89944, 0.8999, 0.8467, 0.85634, 0.84129, 
0.84778, 0.84927, 0.88517, 0.86426, 0.87505, 0.89537, 0.89612, 
0.90022, 0.0541, 0.0609, 0.0626, 0.0692, 0.0718, 0.0793, 0.0793, 
0.0862, 0.0941, 0.0947, 0.1015, 114.7, 126.4, 138.1, 147.5, 156.6, 
167.1, 177.1, 183.9, 191.5, 200, 210.1, 1, 1, 1, 1, 1, 1, 1, 
1, 1, 1, 1, 1, 1, 1, 1, 1, 1, 1, 1, 1, 1, 1, 1, 1, 1, 1, 1, 1, 
1, 1, 1, 1, 1, 1, 1, 1, 1, 1, 1, 1, 1, 1, 1, 1, 3.372, 3.537, 
3.498, 3.676, 3.607, 3.721, 3.555, 3.828, 4.021, 3.785, 3.911
), .Dim = c(11L, 40L), .Dimnames = list(NULL, c("Sampling", "PSO.cost", 
"PSO.gamma", "PSO.data.balancing", "PSO.feature.selection", "PSO.valid.acc", 
"PSO.test.acc", "PSO.train.time", "PSO.n.support.vectors", "PSO.index", 
"PSO.n.solutions", "PSO.generations", "PSO.n.evaluations", "PSO.cpu.time", 
"RS.cost", "RS.gamma", "RS.data.balancing", "RS.feature.selection", 
"RS.valid.acc", "RS.test.acc", "RS.train.time", "RS.n.support.vectors", 
"RS.index", "RS.n.solutions", "RS.generations", "RS.n.evaluations", 
"RS.cpu.time", "DF.cost", "DF.gamma", "DF.data.balancing", "DF.feature.selection", 
"DF.valid.acc", "DF.test.acc", "DF.train.time", "DF.n.support.vectors", 
"DF.index", "DF.n.solutions", "DF.generations", "DF.n.evaluations", 
"DF.cpu.time")))
