full <-
structure(c(50, 55, 60, 65, 70, 75, 80, 85, 90, 95, 100, 9.62429, 
4.99409, 8.56132, 3.37286, 4.80229, 9.83946, 5.52501, 6.45508, 
10.33262, 7.55502, 11.61918, -13.61278, -8.99129, -11.13738, 
-7.91752, -5.78592, -12.83245, -9.05659, -9.43964, -7.5441, -11.91674, 
-7.77177, 0, 0, 0, 0, 0, 0, 0, 0, 0, 0, 0, 0, 0, 0, 0, 0, 0, 
0, 0, 0, 0, 0, 0.89392, 0.89939, 0.90546, 0.90505, 0.9309, 0.92075, 
0.92606, 0.92669, 0.92358, 0.91315, 0.92359, 0.87296, 0.91083, 
0.88964, 0.89074, 0.90746, 0.90756, 0.923, 0.92284, 0.90821, 
0.91278, 0.92057, 0.0493, 0.0548, 0.0556, 0.0607, 0.0674, 0.0672, 
0.0737, 0.0766, 0.0834, 0.086, 0.0985, 116.5, 125.4, 135, 147.7, 
151.1, 162.5, 171.4, 180.8, 188.1, 199, 203.4, 340, 14, 57, 803, 
509, 169, 1046, 1846, 1262, 470, 24, 116, 251, 177, 25, 710, 
77, 31, 2, 45, 85, 346, 100, 100, 100, 100, 100, 100, 100, 100, 
100, 100, 100, 2500, 2500, 2500, 2500, 2500, 2500, 2500, 2500, 
2500, 2500, 2500, 8022.229, 8123.677, 8275.06100000001, 8452.21999999999, 
8749.068, 9167.291, 9092.21900000001, 9168.985, 9359.867, 9475.84, 
9604.337, 9.34839, 2.5878, 5.55869, 3.41873, 5.30508, 9.30705, 
7.59903, 6.40498, 9.91446, 14.51686, 13.49664, -13.36895, -6.13538, 
-8.13457, -7.96925, -5.8578, -12.31109, -10.85014, -9.33542, 
-7.41424, -10.19767, -7.48775, 0, 0, 0, 0, 0, 0, 0, 0, 0, 0, 
0, 0, 0, 0, 0, 0, 0, 0, 0, 0, 0, 0, 0.89392, 0.89972, 0.90546, 
0.90505, 0.9309, 0.92075, 0.92312, 0.92637, 0.92358, 0.9137, 
0.92359, 0.86582, 0.89351, 0.88487, 0.89074, 0.90746, 0.91172, 
0.9153, 0.92284, 0.90821, 0.91341, 0.92402, 0.0504, 0.0556, 0.0563, 
0.0604, 0.0698, 0.0684, 0.0739, 0.0777, 0.0893, 0.094, 0.0969, 
116.4, 125.5, 134.8, 147.5, 151.1, 162.6, 171.4, 180.8, 187.9, 
195.7, 203.9, 496, 662, 63, 2389, 1651, 134, 928, 283, 319, 2169, 
210, 4, 2, 23, 1, 1, 1, 1, 1, 2, 1, 7, 100, 100, 100, 100, 100, 
100, 100, 100, 100, 100, 100, 2500, 2500, 2500, 2500, 2500, 2500, 
2500, 2500, 2500, 2500, 2500, 8017.747, 8314.103, 8313.148, 8494.936, 
9303.91500000001, 9008.04399999999, 9295.834, 9405.724, 9506.63199999998, 
9774.65099999998, 9737.09900000002, 1, 1, 1, 1, 1, 1, 1, 1, 1, 
1, 1, 0.02857, 0.02857, 0.02857, 0.02857, 0.02857, 0.02857, 0.02857, 
0.02857, 0.02857, 0.02857, 0.02857, 0, 0, 0, 0, 0, 0, 0, 0, 0, 
0, 0, 0, 0, 0, 0, 0, 0, 0, 0, 0, 0, 0, 0.80262, 0.84349, 0.83473, 
0.86816, 0.87713, 0.86803, 0.89076, 0.90043, 0.89671, 0.89848, 
0.89688, 0.8041, 0.8244, 0.84775, 0.84909, 0.87276, 0.88148, 
0.88616, 0.88807, 0.88175, 0.8948, 0.90354, 0.0507, 0.0543, 0.0592, 
0.0646, 0.0681, 0.0729, 0.0781, 0.0859, 0.0906, 0.0935, 0.0997, 
115.2, 125.2, 133.7, 145.5, 149.7, 161.4, 170.5, 182, 189.7, 
199.7, 209.4, 1, 1, 1, 1, 1, 1, 1, 1, 1, 1, 1, 1, 1, 1, 1, 1, 
1, 1, 1, 1, 1, 1, 1, 1, 1, 1, 1, 1, 1, 1, 1, 1, 1, 1, 1, 1, 1, 
1, 1, 1, 1, 1, 1, 1, 3.085, 3.255, 3.319, 3.377, 3.676, 3.641, 
3.516, 3.743, 3.671, 3.644, 3.784), .Dim = c(11L, 40L), .Dimnames = list(
    NULL, c("Sampling", "PSO.cost", "PSO.gamma", "PSO.data.balancing", 
    "PSO.feature.selection", "PSO.valid.acc", "PSO.test.acc", 
    "PSO.train.time", "PSO.n.support.vectors", "PSO.index", "PSO.n.solutions", 
    "PSO.generations", "PSO.n.evaluations", "PSO.cpu.time", "RS.cost", 
    "RS.gamma", "RS.data.balancing", "RS.feature.selection", 
    "RS.valid.acc", "RS.test.acc", "RS.train.time", "RS.n.support.vectors", 
    "RS.index", "RS.n.solutions", "RS.generations", "RS.n.evaluations", 
    "RS.cpu.time", "DF.cost", "DF.gamma", "DF.data.balancing", 
    "DF.feature.selection", "DF.valid.acc", "DF.test.acc", "DF.train.time", 
    "DF.n.support.vectors", "DF.index", "DF.n.solutions", "DF.generations", 
    "DF.n.evaluations", "DF.cpu.time")))
