full <-
structure(c(50, 55, 60, 65, 70, 75, 80, 85, 90, 95, 100, 5.92175, 
10.11015, 15, 8.28563, 10.35966, 10.61113, 4.33306, 13.63174, 
15, 12.53851, 9.19027, -5.6997, -6.86763, -7.8866, -5.79762, 
-5.9977, -6.10596, -6.27601, -7.99746, -8.58219, -7.31452, -7.06343, 
0, 0, 0, 0, 0, 0, 0, 0, 0, 0, 0, 0, 0, 0, 0, 0, 0, 0, 0, 0, 0, 
0, 0.8735, 0.90019, 0.89964, 0.90592, 0.89995, 0.90733, 0.92626, 
0.92754, 0.93472, 0.9317, 0.9278, 0.87387, 0.88867, 0.88814, 
0.89054, 0.89578, 0.91603, 0.91747, 0.91391, 0.9157, 0.93134, 
0.92467, 0.055, 0.0586, 0.0601, 0.067, 0.0704, 0.0719, 0.0801, 
0.082, 0.0846, 0.0929, 0.0961, 111.4, 121.2, 132.1, 137.8, 146.8, 
157.4, 166.7, 175.7, 184.3, 195.1, 204.5, 38, 29, 78, 225, 53, 
35, 2009, 105, 90, 239, 28, 1294, 1437, 1034, 814, 1212, 1234, 
8, 1557, 187, 1322, 1435, 100, 100, 100, 100, 100, 100, 100, 
100, 100, 100, 100, 2500, 2500, 2500, 2500, 2500, 2500, 2500, 
2500, 2500, 2500, 2500, 9229.322, 9265.562, 9399.748, 9454.646, 
9380.13699999999, 9489.83100000001, 9948.01300000001, 10080.199, 
10071.409, 10268.309, 10348.45, 8.4759, 10.41861, 12.34956, 11.26859, 
9.78165, 11.6495, 12.71482, 12.78058, 11.28055, 13.68966, 4.52741, 
-11.98589, -7.2549, -7.93779, -5.80956, -5.96363, -6.26603, -7.03996, 
-7.88755, -8.61323, -7.35403, -4.89893, 0, 0, 0, 0, 0, 0, 0, 
0, 0, 0, 0, 0, 0, 0, 0, 0, 0, 0, 0, 0, 0, 0, 0.88123, 0.90019, 
0.89964, 0.90592, 0.89995, 0.90733, 0.92245, 0.92754, 0.93472, 
0.9317, 0.92813, 0.85474, 0.88867, 0.88814, 0.89054, 0.89162, 
0.91603, 0.92582, 0.91321, 0.9157, 0.928, 0.91466, 0.0538, 0.0568, 
0.061, 0.0647, 0.0694, 0.0723, 0.0776, 0.0816, 0.0864, 0.0898, 
0.1008, 116.1, 122.3, 132.1, 137.8, 146.9, 157.7, 167.6, 175.8, 
184.4, 195, 201.2, 704, 58, 21, 1649, 22, 210, 92, 325, 502, 
755, 906, 2, 54, 4, 1, 40, 19, 14, 21, 3, 6, 1, 100, 100, 100, 
100, 100, 100, 100, 100, 100, 100, 100, 2500, 2500, 2500, 2500, 
2500, 2500, 2500, 2500, 2500, 2500, 2500, 9172.724, 9362.867, 
9520.923, 9257.04, 9451.196, 9728.65299999999, 10206.637, 10158.477, 
10354.644, 10485.388, 10777.254, 1, 1, 1, 1, 1, 1, 1, 1, 1, 1, 
1, 0.02857, 0.02857, 0.02857, 0.02857, 0.02857, 0.02857, 0.02857, 
0.02857, 0.02857, 0.02857, 0.02857, 0, 0, 0, 0, 0, 0, 0, 0, 0, 
0, 0, 0, 0, 0, 0, 0, 0, 0, 0, 0, 0, 0, 0.79963, 0.82039, 0.84978, 
0.84361, 0.83737, 0.86509, 0.88466, 0.89205, 0.90403, 0.90335, 
0.89806, 0.79588, 0.82706, 0.83514, 0.84335, 0.84684, 0.87374, 
0.89171, 0.89894, 0.89696, 0.9037, 0.91109, 0.056, 0.0566, 0.0643, 
0.0682, 0.0724, 0.0755, 0.0811, 0.0869, 0.0923, 0.0991, 0.1027, 
113.7, 121.1, 133.2, 142.4, 151.6, 160.9, 170.2, 180.6, 189.2, 
198.1, 209.1, 1, 1, 1, 1, 1, 1, 1, 1, 1, 1, 1, 1, 1, 1, 1, 1, 
1, 1, 1, 1, 1, 1, 1, 1, 1, 1, 1, 1, 1, 1, 1, 1, 1, 1, 1, 1, 1, 
1, 1, 1, 1, 1, 1, 1, 3.769, 3.427, 3.935, 3.802, 3.753, 3.791, 
4.123, 4.034, 4.054, 4.26, 4.214), .Dim = c(11L, 40L), .Dimnames = list(
    NULL, c("Sampling", "PSO.cost", "PSO.gamma", "PSO.data.balancing", 
    "PSO.feature.selection", "PSO.valid.acc", "PSO.test.acc", 
    "PSO.train.time", "PSO.n.support.vectors", "PSO.index", "PSO.n.solutions", 
    "PSO.generations", "PSO.n.evaluations", "PSO.cpu.time", "RS.cost", 
    "RS.gamma", "RS.data.balancing", "RS.feature.selection", 
    "RS.valid.acc", "RS.test.acc", "RS.train.time", "RS.n.support.vectors", 
    "RS.index", "RS.n.solutions", "RS.generations", "RS.n.evaluations", 
    "RS.cpu.time", "DF.cost", "DF.gamma", "DF.data.balancing", 
    "DF.feature.selection", "DF.valid.acc", "DF.test.acc", "DF.train.time", 
    "DF.n.support.vectors", "DF.index", "DF.n.solutions", "DF.generations", 
    "DF.n.evaluations", "DF.cpu.time")))
