full <-
structure(c(50, 55, 60, 65, 70, 75, 80, 85, 90, 95, 100, 14.38174, 
6.36767, 2.61213, 3.35406, 3.37967, 8.5061, 2.86171, 0.50717, 
1.48156, 3.47742, 12.20229, -6.07713, -9.5098, -6.13649, -7.29297, 
-7.10523, -12.26924, -6.68226, -4.98812, -6.02005, -4.97449, 
-9.21979, 0, 0, 0, 0, 0, 0, 0, 0, 0, 0, 0, 0, 0, 0, 0, 0, 0, 
0, 0, 0, 0, 0, 0.88484, 0.90746, 0.92751, 0.91744, 0.91524, 0.917, 
0.9178, 0.91956, 0.91608, 0.90992, 0.9236, 0.86121, 0.88387, 
0.90418, 0.90175, 0.92455, 0.90756, 0.90832, 0.90832, 0.91536, 
0.88951, 0.90381, 0.0515, 0.0546, 0.0628, 0.0653, 0.0686, 0.0693, 
0.0759, 0.0874, 0.0868, 0.0967, 0.0885, 114.9, 124.6, 135.4, 
145.3, 153.7, 162.1, 171.2, 178.4, 189.1, 196.5, 204.3, 20, 107, 
588, 91, 1958, 243, 896, 1230, 697, 1338, 389, 1320, 190, 206, 
600, 1, 342, 107, 27, 426, 51, 64, 100, 100, 100, 100, 100, 100, 
100, 100, 100, 100, 100, 2500, 2500, 2500, 2500, 2500, 2500, 
2500, 2500, 2500, 2500, 2500, 8304.541, 8625.602, 8942.22, 9117.587, 
8961.64999999999, 9097.27900000001, 9274.992, 9499.715, 9273.39499999999, 
9268.337, 9239.58800000002, 6.84572, 5.44377, 2.47385, 3.01514, 
9.38984, 1.21033, 2.49653, 0.5348, 0.8163, 3.1348, 10.76279, 
-5.85692, -9.01727, -5.98272, -6.96844, -13.48951, -5.33718, 
-7.18114, -5.11407, -5.2806, -8.08511, -8.39925, 0, 0, 0, 0, 
0, 0, 0, 0, 0, 0, 0, 0, 0, 0, 0, 0, 0, 0, 0, 0, 0, 0, 0.88484, 
0.90746, 0.92751, 0.91744, 0.91474, 0.91755, 0.91738, 0.91956, 
0.91251, 0.90947, 0.92037, 0.86891, 0.88914, 0.90418, 0.90175, 
0.91452, 0.90734, 0.90342, 0.90832, 0.90834, 0.91003, 0.90714, 
0.0519, 0.0562, 0.062, 0.0659, 0.0666, 0.0749, 0.0785, 0.0876, 
0.085, 0.0881, 0.0881, 114.8, 124.6, 135.4, 144.9, 156.6, 159.5, 
173.3, 178.8, 187.6, 203.5, 204.2, 4, 99, 1149, 312, 141, 1793, 
160, 1553, 134, 491, 2121, 60, 15, 1, 6, 7, 1, 1, 1, 5, 1, 2, 
100, 100, 100, 100, 100, 100, 100, 100, 100, 100, 100, 2500, 
2500, 2500, 2500, 2500, 2500, 2500, 2500, 2500, 2500, 2500, 8606.88, 
8666.586, 9049.897, 8873.762, 9133.16299999999, 9271.55100000001, 
9398.285, 9468.14799999999, 9269.27100000001, 9384.60399999999, 
9563.864, 1, 1, 1, 1, 1, 1, 1, 1, 1, 1, 1, 0.02857, 0.02857, 
0.02857, 0.02857, 0.02857, 0.02857, 0.02857, 0.02857, 0.02857, 
0.02857, 0.02857, 0, 0, 0, 0, 0, 0, 0, 0, 0, 0, 0, 0, 0, 0, 0, 
0, 0, 0, 0, 0, 0, 0, 0.85817, 0.88636, 0.87369, 0.87828, 0.87774, 
0.88213, 0.87457, 0.88828, 0.88737, 0.89213, 0.89757, 0.86483, 
0.88324, 0.87331, 0.87302, 0.87752, 0.88665, 0.86938, 0.88506, 
0.88346, 0.88134, 0.89757, 0.0568, 0.0602, 0.0647, 0.0664, 0.0704, 
0.0758, 0.0822, 0.0865, 0.0865, 0.0915, 0.0943, 116.5, 126.8, 
136.2, 145.4, 151.7, 161.7, 170.3, 180.5, 188.6, 201.2, 208.2, 
1, 1, 1, 1, 1, 1, 1, 1, 1, 1, 1, 1, 1, 1, 1, 1, 1, 1, 1, 1, 1, 
1, 1, 1, 1, 1, 1, 1, 1, 1, 1, 1, 1, 1, 1, 1, 1, 1, 1, 1, 1, 1, 
1, 1, 3.504, 3.6, 3.56, 3.578, 3.655, 3.656, 3.773, 3.762, 3.661, 
3.671, 3.677), .Dim = c(11L, 40L), .Dimnames = list(NULL, c("Sampling", 
"PSO.cost", "PSO.gamma", "PSO.data.balancing", "PSO.feature.selection", 
"PSO.valid.acc", "PSO.test.acc", "PSO.train.time", "PSO.n.support.vectors", 
"PSO.index", "PSO.n.solutions", "PSO.generations", "PSO.n.evaluations", 
"PSO.cpu.time", "RS.cost", "RS.gamma", "RS.data.balancing", "RS.feature.selection", 
"RS.valid.acc", "RS.test.acc", "RS.train.time", "RS.n.support.vectors", 
"RS.index", "RS.n.solutions", "RS.generations", "RS.n.evaluations", 
"RS.cpu.time", "DF.cost", "DF.gamma", "DF.data.balancing", "DF.feature.selection", 
"DF.valid.acc", "DF.test.acc", "DF.train.time", "DF.n.support.vectors", 
"DF.index", "DF.n.solutions", "DF.generations", "DF.n.evaluations", 
"DF.cpu.time")))
