full <-
structure(c(50, 55, 60, 65, 70, 75, 80, 85, 90, 95, 100, 2.75737, 
9.62307, 6.30673, 3.92069, 8.66001, 4.55779, 2.12833, 4.04237, 
10.43426, 11.33483, 1.56876, -5.78425, -5.17008, -10.01187, -8.08187, 
-13.24839, -9.12444, -6.35324, -9.22099, -14.48831, -7.88478, 
-5.69286, 0, 0, 0, 0, 0, 0, 0, 0, 0, 0, 0, 0, 0, 0, 0, 0, 0, 
0, 0, 0, 0, 0, 0.8808, 0.88845, 0.89297, 0.8896, 0.91209, 0.92103, 
0.90258, 0.92185, 0.91958, 0.93404, 0.92146, 0.8801, 0.8703, 
0.9054, 0.87968, 0.89267, 0.90373, 0.90402, 0.90445, 0.91254, 
0.90351, 0.91792, 0.0535, 0.0591, 0.059, 0.0621, 0.0623, 0.0689, 
0.0741, 0.0782, 0.0788, 0.0853, 0.098, 114.7, 121.5, 134.4, 145.8, 
153.8, 163.4, 171.2, 183.4, 188.6, 193.5, 206, 2271, 227, 97, 
74, 94, 47, 2342, 31, 85, 731, 331, 10, 1037, 329, 169, 387, 
364, 2, 63, 140, 129, 246, 100, 100, 100, 100, 100, 100, 100, 
100, 100, 100, 100, 2500, 2500, 2500, 2500, 2500, 2500, 2500, 
2500, 2500, 2500, 2500, 9088.79, 9137.449, 9163.35, 9549.433, 
9499.12699999999, 9143.178, 9719.076, 9631.27399999998, 9329.83000000002, 
9761.89199999999, 10007.2, 0.78948, 9.97964, 2.29421, 8.88819, 
5.02999, 3.72274, 1.92579, 1.85941, 5.05658, 11.29565, 2.84812, 
-5.78141, -5.20354, -5.74436, -13.07403, -9.83119, -8.47927, 
-6.50758, -6.63997, -9.10152, -7.89315, -6.97567, 0, 0, 0, 0, 
0, 0, 0, 0, 0, 0, 0, 0, 0, 0, 0, 0, 0, 0, 0, 0, 0, 0, 0.87407, 
0.88845, 0.9049, 0.8896, 0.91209, 0.92103, 0.89823, 0.92179, 
0.91958, 0.93404, 0.91813, 0.84007, 0.87585, 0.89365, 0.87492, 
0.89247, 0.90373, 0.89078, 0.9088, 0.91254, 0.90018, 0.92792, 
0.0528, 0.0568, 0.0596, 0.0591, 0.0647, 0.0714, 0.08, 0.0786, 
0.0822, 0.0869, 0.0927, 115.8, 121.5, 133.6, 145.2, 153.9, 164.8, 
172.1, 180.7, 187.5, 193.3, 208, 886, 294, 764, 22, 137, 2096, 
549, 1184, 121, 296, 2, 1, 5, 1, 8, 17, 1, 11, 1, 5, 1, 5, 100, 
100, 100, 100, 100, 100, 100, 100, 100, 100, 100, 2500, 2500, 
2500, 2500, 2500, 2500, 2500, 2500, 2500, 2500, 2500, 9196.989, 
9245.706, 9227.63800000001, 9451.391, 9808.11, 9207.102, 9715.02099999999, 
9625.66699999999, 9785.989, 9954.37899999999, 9910.38999999998, 
1, 1, 1, 1, 1, 1, 1, 1, 1, 1, 1, 0.02857, 0.02857, 0.02857, 0.02857, 
0.02857, 0.02857, 0.02857, 0.02857, 0.02857, 0.02857, 0.02857, 
0, 0, 0, 0, 0, 0, 0, 0, 0, 0, 0, 0, 0, 0, 0, 0, 0, 0, 0, 0, 0, 
0, 0.80696, 0.82547, 0.85037, 0.84621, 0.86352, 0.88669, 0.86147, 
0.87463, 0.8919, 0.89631, 0.90814, 0.80757, 0.83787, 0.84381, 
0.84145, 0.86807, 0.89464, 0.86618, 0.87028, 0.88049, 0.90003, 
0.9048, 0.0526, 0.0572, 0.0609, 0.0645, 0.0653, 0.0747, 0.0809, 
0.0832, 0.087, 0.0915, 0.0983, 115.5, 124.7, 134, 144.2, 154, 
162, 171.8, 180.8, 187.7, 198.3, 208, 1, 1, 1, 1, 1, 1, 1, 1, 
1, 1, 1, 1, 1, 1, 1, 1, 1, 1, 1, 1, 1, 1, 1, 1, 1, 1, 1, 1, 1, 
1, 1, 1, 1, 1, 1, 1, 1, 1, 1, 1, 1, 1, 1, 1, 3.568, 3.578, 3.635, 
3.784, 3.685, 3.879, 3.796, 3.597, 3.915, 3.995, 3.775), .Dim = c(11L, 
40L), .Dimnames = list(NULL, c("Sampling", "PSO.cost", "PSO.gamma", 
"PSO.data.balancing", "PSO.feature.selection", "PSO.valid.acc", 
"PSO.test.acc", "PSO.train.time", "PSO.n.support.vectors", "PSO.index", 
"PSO.n.solutions", "PSO.generations", "PSO.n.evaluations", "PSO.cpu.time", 
"RS.cost", "RS.gamma", "RS.data.balancing", "RS.feature.selection", 
"RS.valid.acc", "RS.test.acc", "RS.train.time", "RS.n.support.vectors", 
"RS.index", "RS.n.solutions", "RS.generations", "RS.n.evaluations", 
"RS.cpu.time", "DF.cost", "DF.gamma", "DF.data.balancing", "DF.feature.selection", 
"DF.valid.acc", "DF.test.acc", "DF.train.time", "DF.n.support.vectors", 
"DF.index", "DF.n.solutions", "DF.generations", "DF.n.evaluations", 
"DF.cpu.time")))
