full <-
structure(c(50, 55, 60, 65, 70, 75, 80, 85, 90, 95, 100, 7.27627, 
8.89559, 4.38643, 3.50728, 15, 9.99043, 12.94662, 10.91061, 2.35427, 
15, 15, -5.75787, -12.95766, -7.05295, -6.47329, -11.54933, -6.9379, 
-8.98295, -7.41046, -7.2424, -8.18012, -10.27433, 0, 0, 0, 0, 
0, 0, 0, 0, 0, 0, 0, 0, 0, 0, 0, 0, 0, 0, 0, 0, 0, 0, 0.88125, 
0.90556, 0.89497, 0.88331, 0.89872, 0.89869, 0.92396, 0.92553, 
0.91626, 0.91868, 0.93002, 0.86917, 0.88795, 0.87568, 0.88487, 
0.87996, 0.8942, 0.91904, 0.91444, 0.91515, 0.91521, 0.91046, 
0.0519, 0.0537, 0.0597, 0.0636, 0.0678, 0.0712, 0.0763, 0.0808, 
0.082, 0.0898, 0.0949, 112.6, 123.2, 135.3, 144.1, 150.2, 161.6, 
166.8, 178.3, 194.5, 195.4, 203.3, 62, 227, 694, 1068, 189, 628, 
159, 502, 979, 506, 85, 1341, 99, 245, 104, 457, 258, 218, 133, 
146, 139, 784, 100, 100, 100, 100, 100, 100, 100, 100, 100, 100, 
100, 2500, 2500, 2500, 2500, 2500, 2500, 2500, 2500, 2500, 2500, 
2500, 8040.084, 8814.157, 9177.857, 9095.748, 9163.037, 9087.66099999999, 
9453.614, 9396.92099999999, 9365.72, 9529.21300000002, 9575.70999999999, 
14.16292, 6.75101, 3.95797, 4.48832, 14.61389, 9.84328, 12.53077, 
4.61798, 2.03615, 14.64296, 13.96701, -5.83055, -10.81505, -7.01395, 
-6.58019, -11.09947, -6.82704, -9.00693, -7.9942, -7.14602, -9.63967, 
-5.16669, 0, 0, 0, 0, 0, 0, 0, 0, 0, 0, 0, 0, 0, 0, 0, 0, 0, 
0, 0, 0, 0, 0, 0.88125, 0.90556, 0.89021, 0.87831, 0.89437, 0.89869, 
0.92396, 0.92182, 0.91626, 0.91828, 0.92735, 0.86917, 0.88795, 
0.86512, 0.88916, 0.88472, 0.8942, 0.91904, 0.90273, 0.91181, 
0.90779, 0.90355, 0.0517, 0.0534, 0.0597, 0.0688, 0.0674, 0.0714, 
0.0741, 0.0782, 0.0896, 0.0906, 0.1002, 112.6, 123.4, 135.6, 
143.2, 150.4, 161.5, 166.8, 179.4, 195.1, 195.7, 200.6, 48, 654, 
794, 29, 80, 575, 214, 21, 178, 1821, 364, 15, 5, 4, 8, 3, 2, 
4, 2, 5, 1, 4, 100, 100, 100, 100, 100, 100, 100, 100, 100, 100, 
100, 2500, 2500, 2500, 2500, 2500, 2500, 2500, 2500, 2500, 2500, 
2500, 8507.825, 9038.599, 9188.055, 9190.67800000001, 9067.28199999999, 
9197.49099999999, 9455.357, 9498.261, 9627.54199999999, 9777.476, 
9646.076, 1, 1, 1, 1, 1, 1, 1, 1, 1, 1, 1, 0.02857, 0.02857, 
0.02857, 0.02857, 0.02857, 0.02857, 0.02857, 0.02857, 0.02857, 
0.02857, 0.02857, 0, 0, 0, 0, 0, 0, 0, 0, 0, 0, 0, 0, 0, 0, 0, 
0, 0, 0, 0, 0, 0, 0, 0.78724, 0.79306, 0.82526, 0.8137, 0.85068, 
0.85875, 0.877, 0.89938, 0.90148, 0.89904, 0.89766, 0.78137, 
0.79434, 0.81026, 0.81929, 0.85509, 0.85464, 0.88546, 0.89197, 
0.90102, 0.89869, 0.89733, 0.0504, 0.0593, 0.0669, 0.0664, 0.0691, 
0.0748, 0.0788, 0.0851, 0.0885, 0.095, 0.1039, 114.5, 124.5, 
136.2, 147.1, 156, 167.8, 174, 184.3, 191.9, 201, 208.7, 1, 1, 
1, 1, 1, 1, 1, 1, 1, 1, 1, 1, 1, 1, 1, 1, 1, 1, 1, 1, 1, 1, 1, 
1, 1, 1, 1, 1, 1, 1, 1, 1, 1, 1, 1, 1, 1, 1, 1, 1, 1, 1, 1, 1, 
3.244, 3.748, 3.786, 3.485, 3.45, 3.64, 3.583, 3.712, 3.758, 
3.837, 3.873), .Dim = c(11L, 40L), .Dimnames = list(NULL, c("Sampling", 
"PSO.cost", "PSO.gamma", "PSO.data.balancing", "PSO.feature.selection", 
"PSO.valid.acc", "PSO.test.acc", "PSO.train.time", "PSO.n.support.vectors", 
"PSO.index", "PSO.n.solutions", "PSO.generations", "PSO.n.evaluations", 
"PSO.cpu.time", "RS.cost", "RS.gamma", "RS.data.balancing", "RS.feature.selection", 
"RS.valid.acc", "RS.test.acc", "RS.train.time", "RS.n.support.vectors", 
"RS.index", "RS.n.solutions", "RS.generations", "RS.n.evaluations", 
"RS.cpu.time", "DF.cost", "DF.gamma", "DF.data.balancing", "DF.feature.selection", 
"DF.valid.acc", "DF.test.acc", "DF.train.time", "DF.n.support.vectors", 
"DF.index", "DF.n.solutions", "DF.generations", "DF.n.evaluations", 
"DF.cpu.time")))
