full <-
structure(c(50, 55, 60, 65, 70, 75, 80, 85, 90, 95, 100, 8.0555, 
4.7819, 1.52998, 3.10646, 1.89869, 4.27195, 1.96685, 13.45406, 
3.62489, 6.21022, 3.83317, -11.75683, -9.12357, -5.73187, -5.9408, 
-6.87523, -8.4588, -5.50038, -6.64625, -9.36389, -5.6357, -7.45994, 
0, 0, 0, 0, 0, 0, 0, 0, 0, 0, 0, 0, 0, 0, 0, 0, 0, 0, 0, 0, 0, 
0, 0.85635, 0.88872, 0.88661, 0.89873, 0.89918, 0.91325, 0.90899, 
0.91104, 0.91556, 0.93056, 0.92758, 0.84648, 0.88629, 0.89772, 
0.88337, 0.88951, 0.89585, 0.90095, 0.89428, 0.91157, 0.92111, 
0.92724, 0.0535, 0.056, 0.0623, 0.0664, 0.0694, 0.0704, 0.0834, 
0.0829, 0.0879, 0.0962, 0.0967, 117.9, 129.1, 137.2, 145.4, 158.8, 
167.8, 174.4, 182.9, 201.9, 196.4, 208.4, 3, 269, 856, 153, 541, 
1165, 443, 137, 173, 1481, 708, 441, 282, 35, 120, 402, 49, 291, 
1309, 104, 53, 63, 100, 100, 100, 100, 100, 100, 100, 100, 100, 
100, 100, 2500, 2500, 2500, 2500, 2500, 2500, 2500, 2500, 2500, 
2500, 2500, 8853.102, 9115.613, 9478.4, 9651.117, 9625.32299999999, 
10032.449, 10035.199, 9285.883, 9447.36200000002, 9618.625, 9847.54399999999, 
8.67388, 5.50719, 1.06413, 2.06182, 2.11835, 3.61892, 2.12023, 
12.20709, 5.74743, 6.33084, 3.84816, -12.65196, -10.12016, -6.18876, 
-5.88679, -6.16635, -7.77424, -5.76938, -6.77148, -11.46213, 
-5.61654, -7.51197, 0, 0, 0, 0, 0, 0, 0, 0, 0, 0, 0, 0, 0, 0, 
0, 0, 0, 0, 0, 0, 0, 0, 0.85635, 0.88872, 0.88661, 0.89847, 0.89518, 
0.90891, 0.90529, 0.91104, 0.91556, 0.93056, 0.92413, 0.8595, 
0.88629, 0.85926, 0.89818, 0.88951, 0.89585, 0.90095, 0.89428, 
0.91491, 0.91741, 0.92379, 0.0513, 0.0546, 0.0612, 0.0698, 0.0689, 
0.0712, 0.0825, 0.084, 0.0853, 0.0972, 0.0968, 117.9, 128.9, 
138.9, 144.7, 156.3, 167.7, 175.4, 183.2, 201.5, 196.2, 208.4, 
33, 544, 102, 54, 137, 2290, 583, 64, 231, 483, 1031, 37, 6, 
2, 3, 7, 1, 1, 9, 5, 1, 1, 100, 100, 100, 100, 100, 100, 100, 
100, 100, 100, 100, 2500, 2500, 2500, 2500, 2500, 2500, 2500, 
2500, 2500, 2500, 2500, 8930.342, 9410.563, 9588.862, 9606.641, 
9865.947, 10206.863, 9286.507, 9433.10499999998, 9585.31100000002, 
9988.73400000003, 10318.624, 1, 1, 1, 1, 1, 1, 1, 1, 1, 1, 1, 
0.02857, 0.02857, 0.02857, 0.02857, 0.02857, 0.02857, 0.02857, 
0.02857, 0.02857, 0.02857, 0.02857, 0, 0, 0, 0, 0, 0, 0, 0, 0, 
0, 0, 0, 0, 0, 0, 0, 0, 0, 0, 0, 0, 0, 0.76696, 0.83188, 0.82839, 
0.85931, 0.86778, 0.86891, 0.88373, 0.88332, 0.89662, 0.91631, 
0.90411, 0.78992, 0.82393, 0.83274, 0.85365, 0.86842, 0.8915, 
0.87169, 0.89133, 0.90072, 0.91261, 0.90433, 0.0543, 0.0579, 
0.0633, 0.0684, 0.0771, 0.0797, 0.0835, 0.0888, 0.0953, 0.0956, 
0.1053, 116, 127.1, 138.5, 147.6, 158.9, 167.8, 177.6, 186.5, 
194.5, 200, 210.2, 1, 1, 1, 1, 1, 1, 1, 1, 1, 1, 1, 1, 1, 1, 
1, 1, 1, 1, 1, 1, 1, 1, 1, 1, 1, 1, 1, 1, 1, 1, 1, 1, 1, 1, 1, 
1, 1, 1, 1, 1, 1, 1, 1, 1, 3.581, 3.613, 3.578, 3.863, 3.944, 
4.25, 3.692, 3.726, 3.883, 3.881, 4.379), .Dim = c(11L, 40L), .Dimnames = list(
    NULL, c("Sampling", "PSO.cost", "PSO.gamma", "PSO.data.balancing", 
    "PSO.feature.selection", "PSO.valid.acc", "PSO.test.acc", 
    "PSO.train.time", "PSO.n.support.vectors", "PSO.index", "PSO.n.solutions", 
    "PSO.generations", "PSO.n.evaluations", "PSO.cpu.time", "RS.cost", 
    "RS.gamma", "RS.data.balancing", "RS.feature.selection", 
    "RS.valid.acc", "RS.test.acc", "RS.train.time", "RS.n.support.vectors", 
    "RS.index", "RS.n.solutions", "RS.generations", "RS.n.evaluations", 
    "RS.cpu.time", "DF.cost", "DF.gamma", "DF.data.balancing", 
    "DF.feature.selection", "DF.valid.acc", "DF.test.acc", "DF.train.time", 
    "DF.n.support.vectors", "DF.index", "DF.n.solutions", "DF.generations", 
    "DF.n.evaluations", "DF.cpu.time")))
