full <-
structure(c(50, 55, 60, 65, 70, 75, 80, 85, 90, 95, 100, 8.83194, 
12.13823, 10.95466, 1.1073, 2.53902, 2.47892, 3.16179, 9.37699, 
13.1334, 10.43022, 3.17028, -6.90335, -7.1671, -15, -6.04791, 
-5.82572, -5.83644, -6.33105, -7.10662, -5.13907, -14.95472, 
-7.37535, 0, 0, 0, 0, 0, 0, 0, 0, 0, 0, 0, 0, 0, 0, 0, 0, 0, 
0, 0, 0, 0, 0, 0.87753, 0.87042, 0.89746, 0.89587, 0.89687, 0.91587, 
0.90094, 0.91871, 0.91547, 0.93017, 0.92038, 0.87241, 0.87603, 
0.86765, 0.88975, 0.8933, 0.87951, 0.88762, 0.88325, 0.90795, 
0.9066, 0.92017, 0.0535, 0.055, 0.0595, 0.0653, 0.0681, 0.076, 
0.0766, 0.0792, 0.0873, 0.0848, 0.0928, 114.3, 124.6, 134.5, 
146.7, 153.6, 162.4, 172.6, 178.2, 184.2, 198.8, 211.1, 274, 
22, 54, 1347, 152, 1679, 1779, 901, 213, 8, 482, 1182, 895, 515, 
44, 404, 17, 3, 81, 978, 90, 91, 100, 100, 100, 100, 100, 100, 
100, 100, 100, 100, 100, 2500, 2500, 2500, 2500, 2500, 2500, 
2500, 2500, 2500, 2500, 2500, 8561.695, 9036.245, 9314.38, 9527.14, 
9448.38499999999, 9696.379, 9430.486, 9565.18999999999, 9919.27300000002, 
9818.5, 9205.821, 8.94258, 11.58073, 10.34973, 0.74404, 2.76117, 
2.63489, 2.57953, 7.37348, 10.12911, 8.10618, 4.5037, -6.758, 
-7.147, -14.37902, -5.68821, -6.2492, -5.96571, -7.56265, -6.06734, 
-5.14967, -12.74283, -10.36254, 0, 0, 0, 0, 0, 0, 0, 0, 0, 0, 
0, 0, 0, 0, 0, 0, 0, 0, 0, 0, 0, 0, 0.87753, 0.87042, 0.89746, 
0.89087, 0.89687, 0.91133, 0.90013, 0.91884, 0.91547, 0.93017, 
0.92027, 0.87241, 0.87603, 0.86765, 0.88387, 0.8933, 0.87951, 
0.90339, 0.89494, 0.90795, 0.9066, 0.91371, 0.0507, 0.0548, 0.059, 
0.0663, 0.0691, 0.0718, 0.0754, 0.0808, 0.093, 0.0842, 0.0888, 
114.5, 124.5, 134.5, 146.7, 153.9, 162.4, 176.5, 179, 184.2, 
199.4, 217.2, 85, 21, 186, 1105, 196, 317, 90, 2225, 210, 28, 
1267, 3, 47, 11, 4, 3, 3, 11, 1, 5, 5, 2, 100, 100, 100, 100, 
100, 100, 100, 100, 100, 100, 100, 2500, 2500, 2500, 2500, 2500, 
2500, 2500, 2500, 2500, 2500, 2500, 8906.405, 8935.093, 9918.695, 
9469.18799999999, 9516.00199999999, 9544.73300000001, 9464.12, 
9770.56399999998, 9896.728, 9420.51699999999, 9470.08499999999, 
1, 1, 1, 1, 1, 1, 1, 1, 1, 1, 1, 0.02857, 0.02857, 0.02857, 0.02857, 
0.02857, 0.02857, 0.02857, 0.02857, 0.02857, 0.02857, 0.02857, 
0, 0, 0, 0, 0, 0, 0, 0, 0, 0, 0, 0, 0, 0, 0, 0, 0, 0, 0, 0, 0, 
0, 0.77802, 0.78258, 0.82399, 0.83418, 0.86953, 0.85471, 0.86539, 
0.87949, 0.89276, 0.89934, 0.89692, 0.76285, 0.79568, 0.80768, 
0.84855, 0.86533, 0.87211, 0.86208, 0.86794, 0.88866, 0.89577, 
0.89402, 0.053, 0.0562, 0.0645, 0.066, 0.0703, 0.0741, 0.0768, 
0.0829, 0.0879, 0.0894, 0.0974, 114.9, 125.7, 137.2, 146.6, 156, 
164.3, 172.9, 183.1, 189.7, 198.1, 209.1, 1, 1, 1, 1, 1, 1, 1, 
1, 1, 1, 1, 1, 1, 1, 1, 1, 1, 1, 1, 1, 1, 1, 1, 1, 1, 1, 1, 1, 
1, 1, 1, 1, 1, 1, 1, 1, 1, 1, 1, 1, 1, 1, 1, 1, 3.62, 3.778, 
3.99, 3.603, 3.649, 3.773, 3.712, 3.72, 3.923, 3.79, 3.631), .Dim = c(11L, 
40L), .Dimnames = list(NULL, c("Sampling", "PSO.cost", "PSO.gamma", 
"PSO.data.balancing", "PSO.feature.selection", "PSO.valid.acc", 
"PSO.test.acc", "PSO.train.time", "PSO.n.support.vectors", "PSO.index", 
"PSO.n.solutions", "PSO.generations", "PSO.n.evaluations", "PSO.cpu.time", 
"RS.cost", "RS.gamma", "RS.data.balancing", "RS.feature.selection", 
"RS.valid.acc", "RS.test.acc", "RS.train.time", "RS.n.support.vectors", 
"RS.index", "RS.n.solutions", "RS.generations", "RS.n.evaluations", 
"RS.cpu.time", "DF.cost", "DF.gamma", "DF.data.balancing", "DF.feature.selection", 
"DF.valid.acc", "DF.test.acc", "DF.train.time", "DF.n.support.vectors", 
"DF.index", "DF.n.solutions", "DF.generations", "DF.n.evaluations", 
"DF.cpu.time")))
