full <-
structure(c(50, 55, 60, 65, 70, 75, 80, 85, 90, 95, 100, 2.77338, 
1.59164, 1.54252, 10.2954, 1.85541, 3.15434, 6.4183, 8.81934, 
4.29102, 1.4233, 2.3106, -7.83097, -5.85938, -5.49839, -6.44283, 
-6.22265, -6.93932, -5.02272, -13.56473, -9.70817, -5.79381, 
-6.3689, 0, 0, 0, 0, 0, 0, 0, 0, 0, 0, 0, 0, 0, 0, 0, 0, 0, 0, 
0, 0, 0, 0, 0.88396, 0.89526, 0.90659, 0.93509, 0.9152, 0.91634, 
0.91761, 0.92375, 0.91792, 0.91698, 0.9308, 0.86479, 0.88364, 
0.91159, 0.90976, 0.91565, 0.89719, 0.90109, 0.91205, 0.91113, 
0.90957, 0.92101, 0.0551, 0.0536, 0.0612, 0.0579, 0.0655, 0.0691, 
0.0779, 0.0729, 0.0817, 0.0897, 0.0907, 114.3, 125.3, 133, 141.3, 
151.7, 160.6, 168.7, 180.2, 193.3, 198.4, 207.5, 773, 1097, 11, 
325, 642, 1543, 102, 736, 52, 77, 586, 81, 44, 81, 549, 74, 31, 
925, 21, 120, 537, 110, 100, 100, 100, 100, 100, 100, 100, 100, 
100, 100, 100, 2500, 2500, 2500, 2500, 2500, 2500, 2500, 2500, 
2500, 2500, 2500, 9113.557, 8996.09, 9392.676, 9379.632, 9165.452, 
9122.861, 9371.55600000001, 9229.67099999999, 9144.97399999999, 
9318.12900000002, 9749.91700000002, 5.29025, 2.17973, 5.18271, 
9.27717, 3.17202, 3.14873, 7.13144, 7.4399, 1.71875, 1.64669, 
2.45121, -8.08955, -5.79767, -9.76891, -6.46108, -7.06211, -6.97211, 
-5.02199, -6.93716, -6.80778, -5.59578, -6.54572, 0, 0, 0, 0, 
0, 0, 0, 0, 0, 0, 0, 0, 0, 0, 0, 0, 0, 0, 0, 0, 0, 0, 0.88215, 
0.89026, 0.90159, 0.93509, 0.91085, 0.91634, 0.91761, 0.92385, 
0.91792, 0.91698, 0.92746, 0.84963, 0.87354, 0.90747, 0.90976, 
0.92091, 0.89719, 0.90109, 0.92008, 0.90613, 0.90266, 0.92101, 
0.0546, 0.0587, 0.0573, 0.0605, 0.0642, 0.0681, 0.0773, 0.0796, 
0.085, 0.0887, 0.0919, 111.3, 124.5, 135.1, 141.4, 152, 160.5, 
168.7, 177.2, 193.1, 196.5, 208.2, 263, 1746, 290, 1286, 1822, 
82, 584, 52, 208, 294, 419, 4, 1, 4, 4, 1, 1, 3, 3, 17, 5, 3, 
100, 100, 100, 100, 100, 100, 100, 100, 100, 100, 100, 2500, 
2500, 2500, 2500, 2500, 2500, 2500, 2500, 2500, 2500, 2500, 8787.423, 
9339.869, 9220.243, 9314.93700000001, 8934.72100000001, 9412.52100000001, 
9427.026, 9359.09399999998, 9317.50200000001, 9229.628, 10053.704, 
1, 1, 1, 1, 1, 1, 1, 1, 1, 1, 1, 0.02857, 0.02857, 0.02857, 0.02857, 
0.02857, 0.02857, 0.02857, 0.02857, 0.02857, 0.02857, 0.02857, 
0, 0, 0, 0, 0, 0, 0, 0, 0, 0, 0, 0, 0, 0, 0, 0, 0, 0, 0, 0, 0, 
0, 0.7836, 0.829, 0.8524, 0.85787, 0.85874, 0.86943, 0.86547, 
0.90019, 0.89684, 0.906, 0.90068, 0.80275, 0.84521, 0.85103, 
0.86287, 0.86266, 0.86853, 0.86155, 0.89324, 0.89169, 0.90957, 
0.90724, 0.0514, 0.0585, 0.06, 0.0645, 0.0699, 0.0722, 0.0769, 
0.0825, 0.0917, 0.0924, 0.0961, 113.8, 124.8, 133.9, 142.8, 153.5, 
164.1, 173.4, 183.7, 191.9, 199.5, 210.1, 1, 1, 1, 1, 1, 1, 1, 
1, 1, 1, 1, 1, 1, 1, 1, 1, 1, 1, 1, 1, 1, 1, 1, 1, 1, 1, 1, 1, 
1, 1, 1, 1, 1, 1, 1, 1, 1, 1, 1, 1, 1, 1, 1, 1, 3.359, 3.858, 
3.848, 3.657, 3.606, 3.748, 3.614, 3.63, 3.803, 3.653, 3.744), .Dim = c(11L, 
40L), .Dimnames = list(NULL, c("Sampling", "PSO.cost", "PSO.gamma", 
"PSO.data.balancing", "PSO.feature.selection", "PSO.valid.acc", 
"PSO.test.acc", "PSO.train.time", "PSO.n.support.vectors", "PSO.index", 
"PSO.n.solutions", "PSO.generations", "PSO.n.evaluations", "PSO.cpu.time", 
"RS.cost", "RS.gamma", "RS.data.balancing", "RS.feature.selection", 
"RS.valid.acc", "RS.test.acc", "RS.train.time", "RS.n.support.vectors", 
"RS.index", "RS.n.solutions", "RS.generations", "RS.n.evaluations", 
"RS.cpu.time", "DF.cost", "DF.gamma", "DF.data.balancing", "DF.feature.selection", 
"DF.valid.acc", "DF.test.acc", "DF.train.time", "DF.n.support.vectors", 
"DF.index", "DF.n.solutions", "DF.generations", "DF.n.evaluations", 
"DF.cpu.time")))
