full <-
structure(c(50, 55, 60, 65, 70, 75, 80, 85, 90, 95, 100, 3.22745, 
3.99201, 4.71051, 8.80833, 3.4813, 10.32674, 3.22564, 1.3342, 
13.38352, 13.36146, 9.18243, -6.98064, -9.24457, -10.39062, -15, 
-7.27426, -15, -7.78339, -6.76668, -5.09147, -5.04928, -7.40757, 
0, 0, 0, 0, 0, 0, 0, 0, 0, 0, 0, 0, 0, 0, 0, 0, 0, 0, 0, 0, 0, 
0, 0.92284, 0.91993, 0.91876, 0.89747, 0.90325, 0.90223, 0.90942, 
0.90217, 0.91983, 0.92229, 0.93797, 0.91943, 0.89649, 0.90177, 
0.89676, 0.89414, 0.90639, 0.89653, 0.90259, 0.91256, 0.9045, 
0.92795, 0.0507, 0.0551, 0.0551, 0.0608, 0.0621, 0.0669, 0.0731, 
0.085, 0.0881, 0.095, 0.094, 114.9, 126.7, 138, 150.1, 151.9, 
163.9, 174.8, 187, 186, 192.1, 205.4, 337, 291, 192, 70, 1885, 
131, 495, 242, 200, 350, 1104, 566, 186, 50, 108, 5, 175, 130, 
206, 604, 649, 39, 100, 100, 100, 100, 100, 100, 100, 100, 100, 
100, 100, 2500, 2500, 2500, 2500, 2500, 2500, 2500, 2500, 2500, 
2500, 2500, 8171.437, 8571.435, 8509.939, 8675.633, 8784.74799999999, 
8780.31600000001, 8971.94499999999, 9420.85500000001, 9533.712, 
9701.753, 9765.08800000002, 2.97409, 3.29371, 3.34441, 5.06686, 
3.51053, 1.76249, 1.63541, 1.9679, 14.22413, 11.53525, 10.6348, 
-6.77209, -8.45814, -8.93112, -11.15623, -7.25189, -5.76756, 
-6.4895, -7.41159, -5.09144, -5.06079, -7.78799, 0, 0, 0, 0, 
0, 0, 0, 0, 0, 0, 0, 0, 0, 0, 0, 0, 0, 0, 0, 0, 0, 0, 0.92284, 
0.91993, 0.91876, 0.89747, 0.90325, 0.90242, 0.90888, 0.90217, 
0.91983, 0.92229, 0.93785, 0.91943, 0.89649, 0.89621, 0.90301, 
0.89414, 0.88855, 0.89653, 0.90259, 0.91256, 0.90821, 0.9344, 
0.049, 0.0544, 0.0553, 0.0613, 0.0649, 0.0707, 0.0799, 0.079, 
0.0903, 0.094, 0.0931, 114.6, 126.4, 137.5, 149.9, 151.5, 159.8, 
174.4, 188.6, 186, 192, 204.6, 240, 792, 553, 384, 65, 1042, 
1212, 1927, 1896, 234, 278, 3, 2, 2, 4, 3, 1, 3, 2, 1, 5, 3, 
100, 100, 100, 100, 100, 100, 100, 100, 100, 100, 100, 2500, 
2500, 2500, 2500, 2500, 2500, 2500, 2500, 2500, 2500, 2500, 8320.812, 
8561.503, 8620.06600000001, 8839.214, 8859.97200000001, 8955.235, 
9311.94, 9556.095, 9603.84399999998, 9874.549, 10094.56, 1, 1, 
1, 1, 1, 1, 1, 1, 1, 1, 1, 0.02857, 0.02857, 0.02857, 0.02857, 
0.02857, 0.02857, 0.02857, 0.02857, 0.02857, 0.02857, 0.02857, 
0, 0, 0, 0, 0, 0, 0, 0, 0, 0, 0, 0, 0, 0, 0, 0, 0, 0, 0, 0, 0, 
0, 0.84605, 0.84167, 0.86788, 0.86441, 0.8713, 0.86202, 0.88768, 
0.87439, 0.88525, 0.89847, 0.90137, 0.8548, 0.86155, 0.87873, 
0.86174, 0.87065, 0.87625, 0.88803, 0.88255, 0.90036, 0.89847, 
0.90783, 0.0534, 0.0549, 0.0602, 0.064, 0.0704, 0.0731, 0.0813, 
0.0848, 0.0877, 0.093, 0.0993, 114.9, 122.9, 133.4, 144.4, 151.9, 
162.1, 174.1, 184.7, 194, 201.6, 209.5, 1, 1, 1, 1, 1, 1, 1, 
1, 1, 1, 1, 1, 1, 1, 1, 1, 1, 1, 1, 1, 1, 1, 1, 1, 1, 1, 1, 1, 
1, 1, 1, 1, 1, 1, 1, 1, 1, 1, 1, 1, 1, 1, 1, 1, 3.351, 3.343, 
3.424, 3.409, 3.639, 3.505, 3.675, 3.892, 3.829, 3.884, 3.96), .Dim = c(11L, 
40L), .Dimnames = list(NULL, c("Sampling", "PSO.cost", "PSO.gamma", 
"PSO.data.balancing", "PSO.feature.selection", "PSO.valid.acc", 
"PSO.test.acc", "PSO.train.time", "PSO.n.support.vectors", "PSO.index", 
"PSO.n.solutions", "PSO.generations", "PSO.n.evaluations", "PSO.cpu.time", 
"RS.cost", "RS.gamma", "RS.data.balancing", "RS.feature.selection", 
"RS.valid.acc", "RS.test.acc", "RS.train.time", "RS.n.support.vectors", 
"RS.index", "RS.n.solutions", "RS.generations", "RS.n.evaluations", 
"RS.cpu.time", "DF.cost", "DF.gamma", "DF.data.balancing", "DF.feature.selection", 
"DF.valid.acc", "DF.test.acc", "DF.train.time", "DF.n.support.vectors", 
"DF.index", "DF.n.solutions", "DF.generations", "DF.n.evaluations", 
"DF.cpu.time")))
