full <-
structure(c(50, 55, 60, 65, 70, 75, 80, 85, 90, 95, 100, 2.13944, 
1.92538, 2.42301, 5.6296, 2.48015, 2.26106, 15, 15, 11.85678, 
15, 9.25413, -6.55198, -5.53797, -7.28243, -7.88264, -5.5811, 
-5.23129, -9.36577, -5.15826, -8.00135, -7.0394, -6.5674, 0, 
0, 0, 0, 0, 0, 0, 0, 0, 0, 0, 0, 0, 0, 0, 0, 0, 0, 0, 0, 0, 0, 
0.89536, 0.90831, 0.91326, 0.92365, 0.91935, 0.92738, 0.91302, 
0.91848, 0.92686, 0.92755, 0.93077, 0.8893, 0.90354, 0.918, 0.89979, 
0.9003, 0.91904, 0.90577, 0.89146, 0.89442, 0.92748, 0.91352, 
0.0547, 0.0565, 0.0584, 0.0635, 0.0703, 0.0783, 0.0748, 0.0865, 
0.0867, 0.0927, 0.099, 113.1, 121.6, 135.1, 138.5, 147.9, 158.5, 
168.3, 176.3, 186.3, 196.7, 203.2, 336, 48, 616, 346, 646, 750, 
68, 73, 307, 93, 1018, 359, 1468, 120, 598, 97, 125, 1022, 1373, 
530, 1213, 109, 100, 100, 100, 100, 100, 100, 100, 100, 100, 
100, 100, 2500, 2500, 2500, 2500, 2500, 2500, 2500, 2500, 2500, 
2500, 2500, 8486.594, 8618.249, 9153.548, 9398.138, 9783.36599999999, 
9894.69100000001, 9752.22100000001, 10216.843, 10437.682, 10379.727, 
10160.827, 1.85779, 11.11077, 3.23361, 5.82155, 2.41918, 2.81534, 
3.38985, 8.11676, 11.62916, 3.95252, 13.09511, -6.42603, -5.29746, 
-7.34407, -8.09595, -5.43036, -5.58378, -8.58569, -5.47187, -8.00637, 
-7.81677, -6.61512, 0, 0, 0, 0, 0, 0, 0, 0, 0, 0, 0, 0, 0, 0, 
0, 0, 0, 0, 0, 0, 0, 0, 0.89536, 0.90831, 0.913, 0.92365, 0.91459, 
0.92262, 0.91569, 0.91848, 0.92686, 0.92815, 0.93043, 0.88263, 
0.90354, 0.89721, 0.89979, 0.89554, 0.91882, 0.91518, 0.89886, 
0.89442, 0.91728, 0.91352, 0.0522, 0.0541, 0.0586, 0.0627, 0.068, 
0.0741, 0.0757, 0.0866, 0.0873, 0.0901, 0.0956, 113.2, 120.3, 
132.8, 138.6, 147.9, 159.4, 174.2, 176.4, 186.5, 201.1, 203.5, 
984, 4, 479, 778, 423, 278, 64, 101, 186, 1906, 42, 2, 55, 3, 
2, 1, 1, 5, 13, 7, 2, 45, 100, 100, 100, 100, 100, 100, 100, 
100, 100, 100, 100, 2500, 2500, 2500, 2500, 2500, 2500, 2500, 
2500, 2500, 2500, 2500, 8543.869, 8667.37, 9220.614, 9654.35500000001, 
9806.62699999999, 9784.74400000001, 10016.599, 10368.313, 10608.473, 
10514.565, 10323.192, 1, 1, 1, 1, 1, 1, 1, 1, 1, 1, 1, 0.02857, 
0.02857, 0.02857, 0.02857, 0.02857, 0.02857, 0.02857, 0.02857, 
0.02857, 0.02857, 0.02857, 0, 0, 0, 0, 0, 0, 0, 0, 0, 0, 0, 0, 
0, 0, 0, 0, 0, 0, 0, 0, 0, 0, 0.81644, 0.84245, 0.87521, 0.88779, 
0.87158, 0.89786, 0.88772, 0.89973, 0.88874, 0.90269, 0.9039, 
0.84178, 0.86095, 0.88438, 0.87856, 0.89065, 0.8795, 0.88753, 
0.87991, 0.89946, 0.89896, 0.90032, 0.0562, 0.058, 0.0621, 0.0649, 
0.0726, 0.0744, 0.0837, 0.0853, 0.0898, 0.0947, 0.1033, 113.1, 
123.1, 134.6, 142.5, 152.6, 162.5, 172.3, 181.1, 192.8, 200.3, 
208.8, 1, 1, 1, 1, 1, 1, 1, 1, 1, 1, 1, 1, 1, 1, 1, 1, 1, 1, 
1, 1, 1, 1, 1, 1, 1, 1, 1, 1, 1, 1, 1, 1, 1, 1, 1, 1, 1, 1, 1, 
1, 1, 1, 1, 1, 3.659, 3.678, 3.81, 3.873, 3.828, 3.802, 4.277, 
4.117, 4.078, 4.138, 4.158), .Dim = c(11L, 40L), .Dimnames = list(
    NULL, c("Sampling", "PSO.cost", "PSO.gamma", "PSO.data.balancing", 
    "PSO.feature.selection", "PSO.valid.acc", "PSO.test.acc", 
    "PSO.train.time", "PSO.n.support.vectors", "PSO.index", "PSO.n.solutions", 
    "PSO.generations", "PSO.n.evaluations", "PSO.cpu.time", "RS.cost", 
    "RS.gamma", "RS.data.balancing", "RS.feature.selection", 
    "RS.valid.acc", "RS.test.acc", "RS.train.time", "RS.n.support.vectors", 
    "RS.index", "RS.n.solutions", "RS.generations", "RS.n.evaluations", 
    "RS.cpu.time", "DF.cost", "DF.gamma", "DF.data.balancing", 
    "DF.feature.selection", "DF.valid.acc", "DF.test.acc", "DF.train.time", 
    "DF.n.support.vectors", "DF.index", "DF.n.solutions", "DF.generations", 
    "DF.n.evaluations", "DF.cpu.time")))
