full <-
structure(c(50, 55, 60, 65, 70, 75, 80, 85, 90, 95, 100, 7.79236, 
2.59875, 5.67141, 5.16231, 3.85247, 11.68712, 6.89819, 3.38911, 
15, 15, 9.63853, -8.39616, -6.27786, -9.92176, -8.84954, -7.30454, 
-8.41643, -7.0781, -7.45485, -11.74349, -9.96042, -13.3264, 0, 
0, 0, 0, 0, 0, 0, 0, 0, 0, 0, 0, 0, 0, 0, 0, 0, 0, 0, 0, 0, 0, 
0.86467, 0.86703, 0.8928, 0.89302, 0.90471, 0.91921, 0.94165, 
0.91555, 0.93394, 0.93589, 0.92489, 0.80669, 0.86732, 0.87117, 
0.86997, 0.88599, 0.90539, 0.90885, 0.90359, 0.90727, 0.92574, 
0.90775, 0.0505, 0.0549, 0.0553, 0.0582, 0.0635, 0.0668, 0.0708, 
0.0863, 0.0897, 0.0938, 0.0985, 110.9, 121.6, 132.9, 141.6, 152.5, 
162.8, 170.2, 184.2, 188.2, 194.1, 206.4, 366, 41, 180, 235, 
390, 1265, 172, 1761, 101, 289, 89, 424, 187, 77, 133, 67, 31, 
501, 10, 1284, 1045, 69, 100, 100, 100, 100, 100, 100, 100, 100, 
100, 100, 100, 2500, 2500, 2500, 2500, 2500, 2500, 2500, 2500, 
2500, 2500, 2500, 8348.875, 8705.53, 8756.318, 8895.111, 9016.488, 
9076.674, 9210.376, 12031.452, 12118.414, 12350.286, 12366.251, 
8.30152, 10.61503, 4.08338, 4.37825, 4.10318, 12.35324, 6.82365, 
5.03762, 14.82892, 14.91139, 5.61196, -8.71402, -6.89683, -8.38157, 
-8.33329, -7.53023, -8.42917, -7.05329, -9.31589, -11.67785, 
-10.00817, -9.27753, 0, 0, 0, 0, 0, 0, 0, 0, 0, 0, 0, 0, 0, 0, 
0, 0, 0, 0, 0, 0, 0, 0, 0.86467, 0.86425, 0.88804, 0.88826, 0.90471, 
0.91921, 0.94165, 0.91138, 0.93394, 0.92899, 0.92489, 0.81882, 
0.86638, 0.87117, 0.87067, 0.88599, 0.90539, 0.90885, 0.91101, 
0.90727, 0.92262, 0.91431, 0.0501, 0.0579, 0.0552, 0.0595, 0.0624, 
0.0679, 0.0733, 0.0843, 0.0874, 0.0976, 0.1018, 110.7, 121.2, 
134.3, 142, 152.7, 162.9, 170.4, 184.2, 188.3, 194.1, 207, 1746, 
73, 400, 685, 255, 1796, 131, 140, 433, 787, 1211, 1, 45, 5, 
4, 1, 1, 4, 8, 4, 2, 2, 100, 100, 100, 100, 100, 100, 100, 100, 
100, 100, 100, 2500, 2500, 2500, 2500, 2500, 2500, 2500, 2500, 
2500, 2500, 2500, 8447.275, 8772.138, 8902.285, 9022.29300000001, 
9112.655, 9250.77, 10762.131, 12271.37, 12418.217, 12559.914, 
12657.976, 1, 1, 1, 1, 1, 1, 1, 1, 1, 1, 1, 0.02857, 0.02857, 
0.02857, 0.02857, 0.02857, 0.02857, 0.02857, 0.02857, 0.02857, 
0.02857, 0.02857, 0, 0, 0, 0, 0, 0, 0, 0, 0, 0, 0, 0, 0, 0, 0, 
0, 0, 0, 0, 0, 0, 0, 0.76769, 0.77233, 0.81874, 0.84147, 0.86335, 
0.86079, 0.88203, 0.87219, 0.88957, 0.8981, 0.9042, 0.77982, 
0.78377, 0.81528, 0.81126, 0.84354, 0.8434, 0.88168, 0.88367, 
0.89005, 0.89128, 0.90107, 0.0522, 0.0583, 0.0624, 0.0629, 0.0735, 
0.0769, 0.0854, 0.0914, 0.0954, 0.1117, 0.1081, 115, 123.5, 135.5, 
145, 155.2, 166.5, 174.6, 183.3, 194, 200.2, 209.5, 1, 1, 1, 
1, 1, 1, 1, 1, 1, 1, 1, 1, 1, 1, 1, 1, 1, 1, 1, 1, 1, 1, 1, 1, 
1, 1, 1, 1, 1, 1, 1, 1, 1, 1, 1, 1, 1, 1, 1, 1, 1, 1, 1, 1, 3.373, 
3.55, 3.568, 3.679, 3.622, 3.709, 4.763, 4.902, 4.948, 5.065, 
4.859), .Dim = c(11L, 40L), .Dimnames = list(NULL, c("Sampling", 
"PSO.cost", "PSO.gamma", "PSO.data.balancing", "PSO.feature.selection", 
"PSO.valid.acc", "PSO.test.acc", "PSO.train.time", "PSO.n.support.vectors", 
"PSO.index", "PSO.n.solutions", "PSO.generations", "PSO.n.evaluations", 
"PSO.cpu.time", "RS.cost", "RS.gamma", "RS.data.balancing", "RS.feature.selection", 
"RS.valid.acc", "RS.test.acc", "RS.train.time", "RS.n.support.vectors", 
"RS.index", "RS.n.solutions", "RS.generations", "RS.n.evaluations", 
"RS.cpu.time", "DF.cost", "DF.gamma", "DF.data.balancing", "DF.feature.selection", 
"DF.valid.acc", "DF.test.acc", "DF.train.time", "DF.n.support.vectors", 
"DF.index", "DF.n.solutions", "DF.generations", "DF.n.evaluations", 
"DF.cpu.time")))
