full <-
structure(c(50, 55, 60, 65, 70, 75, 80, 85, 90, 95, 100, 8.56522, 
2.57737, 1.56594, 2.51146, 3.80574, 4.28799, 9.2162, 4.70293, 
2.54097, 3.48766, 7.5707, -12.2477, -5.79444, -5.14459, -6.15587, 
-8.07689, -5.99008, -10.12565, -7.34099, -6.82353, -7.21631, 
-6.00307, 0, 0, 0, 0, 0, 0, 0, 0, 0, 0, 0, 0, 0, 0, 0, 0, 0, 
0, 0, 0, 0, 0, 0.92561, 0.94168, 0.93288, 0.93997, 0.94849, 0.94497, 
0.93474, 0.93841, 0.94342, 0.92679, 0.93648, 0.92944, 0.93242, 
0.92295, 0.92701, 0.94349, 0.92232, 0.91358, 0.92588, 0.92829, 
0.91995, 0.9298, 0.0507, 0.0552, 0.0601, 0.0652, 0.0643, 0.0721, 
0.0746, 0.0812, 0.0849, 0.0891, 0.0942, 114.5, 123.9, 132.1, 
146.2, 157.8, 161.1, 173, 185, 193.3, 200, 202.1, 19, 317, 844, 
185, 1486, 231, 35, 516, 126, 326, 273, 394, 243, 130, 1045, 
9, 967, 887, 124, 146, 107, 572, 100, 100, 100, 100, 100, 100, 
100, 100, 100, 100, 100, 2500, 2500, 2500, 2500, 2500, 2500, 
2500, 2500, 2500, 2500, 2500, 8440.501, 8595.292, 8594.854, 8792.952, 
8564.96500000001, 8831.79299999999, 9239.678, 9044.07399999999, 
9369.20099999997, 9403.79000000001, 9598.32800000001, 4.59296, 
2.7923, 3.33344, 2.33498, 1.87478, 4.53164, 8.85326, 3.83805, 
2.60312, 3.6451, 7.38533, -8.83996, -5.84822, -6.83841, -5.95278, 
-5.74135, -6.10306, -11.0166, -5.39877, -6.98356, -7.43594, -5.8843, 
0, 0, 0, 0, 0, 0, 0, 0, 0, 0, 0, 0, 0, 0, 0, 0, 0, 0, 0, 0, 0, 
0, 0.92561, 0.94168, 0.93252, 0.93997, 0.94803, 0.94063, 0.93474, 
0.93694, 0.94342, 0.92679, 0.93648, 0.9223, 0.93242, 0.91582, 
0.92701, 0.94849, 0.92687, 0.92608, 0.93719, 0.92484, 0.91995, 
0.92635, 0.049, 0.0576, 0.0608, 0.0627, 0.0671, 0.0765, 0.0735, 
0.0822, 0.0876, 0.087, 0.0973, 115.7, 124.4, 137, 146.2, 154.1, 
160.9, 172.9, 179.1, 193.7, 200.4, 202.1, 136, 291, 482, 474, 
450, 600, 57, 1547, 388, 26, 1121, 41, 6, 3, 3, 2, 1, 35, 1, 
1, 2, 2, 100, 100, 100, 100, 100, 100, 100, 100, 100, 100, 100, 
2500, 2500, 2500, 2500, 2500, 2500, 2500, 2500, 2500, 2500, 2500, 
8630.494, 8601.849, 8722.134, 8575.393, 8648.652, 9047.71500000001, 
9280.837, 9331.701, 9441.52499999999, 9684.18899999998, 9810.57699999999, 
1, 1, 1, 1, 1, 1, 1, 1, 1, 1, 1, 0.02857, 0.02857, 0.02857, 0.02857, 
0.02857, 0.02857, 0.02857, 0.02857, 0.02857, 0.02857, 0.02857, 
0, 0, 0, 0, 0, 0, 0, 0, 0, 0, 0, 0, 0, 0, 0, 0, 0, 0, 0, 0, 0, 
0, 0.8711, 0.87053, 0.86706, 0.90628, 0.91958, 0.90818, 0.90586, 
0.90332, 0.91016, 0.8853, 0.91032, 0.86959, 0.85986, 0.85647, 
0.92107, 0.92513, 0.9085, 0.90684, 0.89433, 0.914, 0.90714, 0.89762, 
0.0526, 0.0592, 0.0617, 0.0652, 0.0698, 0.0754, 0.0805, 0.0843, 
0.0906, 0.0932, 0.0999, 112.5, 123.4, 133.6, 143.9, 153.7, 160.9, 
172.1, 183, 192.3, 201.1, 209.5, 1, 1, 1, 1, 1, 1, 1, 1, 1, 1, 
1, 1, 1, 1, 1, 1, 1, 1, 1, 1, 1, 1, 1, 1, 1, 1, 1, 1, 1, 1, 1, 
1, 1, 1, 1, 1, 1, 1, 1, 1, 1, 1, 1, 1, 3.235, 3.668, 3.556, 3.454, 
3.553, 3.7, 3.728, 3.754, 3.767, 3.824, 3.826), .Dim = c(11L, 
40L), .Dimnames = list(NULL, c("Sampling", "PSO.cost", "PSO.gamma", 
"PSO.data.balancing", "PSO.feature.selection", "PSO.valid.acc", 
"PSO.test.acc", "PSO.train.time", "PSO.n.support.vectors", "PSO.index", 
"PSO.n.solutions", "PSO.generations", "PSO.n.evaluations", "PSO.cpu.time", 
"RS.cost", "RS.gamma", "RS.data.balancing", "RS.feature.selection", 
"RS.valid.acc", "RS.test.acc", "RS.train.time", "RS.n.support.vectors", 
"RS.index", "RS.n.solutions", "RS.generations", "RS.n.evaluations", 
"RS.cpu.time", "DF.cost", "DF.gamma", "DF.data.balancing", "DF.feature.selection", 
"DF.valid.acc", "DF.test.acc", "DF.train.time", "DF.n.support.vectors", 
"DF.index", "DF.n.solutions", "DF.generations", "DF.n.evaluations", 
"DF.cpu.time")))
