full <-
structure(c(50, 55, 60, 65, 70, 75, 80, 85, 90, 95, 100, 3.41196, 
5.09321, 11.73803, 10.44626, 3.85559, 7.48102, 12.95543, 3.24989, 
2.66547, 1.66188, 10.75169, -6.70122, -7.76307, -11.51617, -13.27829, 
-7.20533, -12.2286, -14.02826, -5.86051, -7.11495, -5.63, -5.5801, 
0, 0, 0, 0, 0, 0, 0, 0, 0, 0, 0, 0, 0, 0, 0, 0, 0, 0, 0, 0, 0, 
0, 0.89731, 0.89504, 0.92892, 0.92409, 0.91858, 0.92237, 0.93095, 
0.92941, 0.91891, 0.92623, 0.94106, 0.88679, 0.88246, 0.89945, 
0.90499, 0.90177, 0.90519, 0.91442, 0.9257, 0.91254, 0.92565, 
0.9346, 0.0518, 0.0547, 0.0547, 0.0614, 0.0659, 0.0694, 0.0716, 
0.082, 0.087, 0.0936, 0.0993, 115.4, 124.2, 134.7, 147.7, 155.4, 
166.9, 173.7, 177.6, 192, 196.5, 200.5, 369, 571, 159, 140, 221, 
169, 171, 156, 337, 2092, 113, 597, 226, 144, 55, 224, 318, 794, 
693, 94, 1, 1097, 100, 100, 100, 100, 100, 100, 100, 100, 100, 
100, 100, 2500, 2500, 2500, 2500, 2500, 2500, 2500, 2500, 2500, 
2500, 2500, 8420.655, 8959.485, 9158.465, 8767.601, 8925.42200000001, 
9251.803, 9129.898, 9347.18800000001, 9367.408, 9424.454, 9601.21100000001, 
4.64386, 5.00457, 12.50928, 7.70533, 2.38209, 7.93564, 12.56816, 
3.22572, 2.53903, 8.41293, 13.71833, -8.78767, -7.71452, -12.20832, 
-10.54542, -7.10584, -12.69765, -14.07133, -5.7678, -6.86003, 
-12.76863, -5.59379, 0, 0, 0, 0, 0, 0, 0, 0, 0, 0, 0, 0, 0, 0, 
0, 0, 0, 0, 0, 0, 0, 0, 0.89301, 0.89504, 0.92892, 0.92409, 0.91438, 
0.92237, 0.93095, 0.92941, 0.91891, 0.92611, 0.94106, 0.90157, 
0.88246, 0.89945, 0.90499, 0.89021, 0.90519, 0.91442, 0.9257, 
0.91254, 0.92923, 0.9346, 0.0528, 0.055, 0.0569, 0.06, 0.0659, 
0.0713, 0.0741, 0.084, 0.0859, 0.0884, 0.0987, 115.1, 124.4, 
134.7, 147.6, 157.4, 166.9, 173.7, 177.5, 191.2, 198.5, 200.6, 
288, 497, 127, 42, 1498, 692, 19, 1381, 1783, 1679, 57, 4, 1, 
10, 4, 1, 16, 11, 3, 1, 3, 9, 100, 100, 100, 100, 100, 100, 100, 
100, 100, 100, 100, 2500, 2500, 2500, 2500, 2500, 2500, 2500, 
2500, 2500, 2500, 2500, 8513.086, 8936.852, 9071.933, 8853.918, 
9012.372, 9180.969, 9399.64, 9456.47, 9503.91900000002, 9705.69700000001, 
9842.103, 1, 1, 1, 1, 1, 1, 1, 1, 1, 1, 1, 0.02857, 0.02857, 
0.02857, 0.02857, 0.02857, 0.02857, 0.02857, 0.02857, 0.02857, 
0.02857, 0.02857, 0, 0, 0, 0, 0, 0, 0, 0, 0, 0, 0, 0, 0, 0, 0, 
0, 0, 0, 0, 0, 0, 0, 0.82678, 0.81489, 0.85328, 0.85314, 0.87317, 
0.87992, 0.89158, 0.90986, 0.89798, 0.89477, 0.90781, 0.84089, 
0.826, 0.85522, 0.8637, 0.86387, 0.88428, 0.87841, 0.90986, 0.90552, 
0.90477, 0.90781, 0.0568, 0.0603, 0.0604, 0.0682, 0.0701, 0.0745, 
0.0821, 0.0867, 0.0908, 0.0983, 0.1029, 116.1, 125, 135.1, 146.9, 
156, 165.3, 174.6, 183.6, 191.6, 200.5, 209.7, 1, 1, 1, 1, 1, 
1, 1, 1, 1, 1, 1, 1, 1, 1, 1, 1, 1, 1, 1, 1, 1, 1, 1, 1, 1, 1, 
1, 1, 1, 1, 1, 1, 1, 1, 1, 1, 1, 1, 1, 1, 1, 1, 1, 1, 3.509, 
3.602, 3.401, 3.574, 3.619, 3.487, 3.763, 3.777, 3.752, 3.807, 
4.039), .Dim = c(11L, 40L), .Dimnames = list(NULL, c("Sampling", 
"PSO.cost", "PSO.gamma", "PSO.data.balancing", "PSO.feature.selection", 
"PSO.valid.acc", "PSO.test.acc", "PSO.train.time", "PSO.n.support.vectors", 
"PSO.index", "PSO.n.solutions", "PSO.generations", "PSO.n.evaluations", 
"PSO.cpu.time", "RS.cost", "RS.gamma", "RS.data.balancing", "RS.feature.selection", 
"RS.valid.acc", "RS.test.acc", "RS.train.time", "RS.n.support.vectors", 
"RS.index", "RS.n.solutions", "RS.generations", "RS.n.evaluations", 
"RS.cpu.time", "DF.cost", "DF.gamma", "DF.data.balancing", "DF.feature.selection", 
"DF.valid.acc", "DF.test.acc", "DF.train.time", "DF.n.support.vectors", 
"DF.index", "DF.n.solutions", "DF.generations", "DF.n.evaluations", 
"DF.cpu.time")))
