full <-
structure(c(50, 55, 60, 65, 70, 75, 80, 85, 90, 95, 100, 1.56608, 
1.25321, 3.56384, 4.29597, 2.25385, 7.97783, 10.83288, 13.16692, 
9.67606, 12.82337, 4.01689, -6.0995, -4.94206, -6.28229, -5.19396, 
-6.43358, -4.76037, -9.02604, -4.98508, -6.26544, -7.53218, -8.05724, 
0, 0, 0, 0, 0, 0, 0, 0, 0, 0, 0, 0, 0, 0, 0, 0, 0, 0, 0, 0, 0, 
0, 0.92061, 0.92267, 0.91616, 0.92334, 0.90973, 0.91289, 0.90841, 
0.91897, 0.92973, 0.93303, 0.92731, 0.89488, 0.89795, 0.88537, 
0.91064, 0.90465, 0.88175, 0.87844, 0.91084, 0.91186, 0.91667, 
0.90505, 0.0495, 0.0539, 0.0566, 0.0641, 0.0665, 0.0781, 0.0781, 
0.0809, 0.0815, 0.094, 0.0882, 113.8, 121.7, 133.2, 141.9, 155.7, 
161.6, 170.7, 177.3, 186, 199.1, 207.7, 1504, 1347, 516, 431, 
528, 113, 465, 219, 237, 9, 864, 23, 17, 131, 793, 58, 1241, 
95, 1153, 1012, 1227, 26, 100, 100, 100, 100, 100, 100, 100, 
100, 100, 100, 100, 2500, 2500, 2500, 2500, 2500, 2500, 2500, 
2500, 2500, 2500, 2500, 8214.182, 8427.168, 8616.26300000001, 
8750.262, 8972.81599999999, 9319.33600000001, 9220.503, 9370.20700000001, 
9314.26800000001, 9424.804, 9511.40300000002, 1.43993, 1.80562, 
3.64685, 4.79358, 1.37617, 10.11998, 7.58734, 6.38566, 9.71873, 
12.50601, 6.67983, -5.91301, -4.99274, -6.34955, -5.2114, -5.59897, 
-4.7696, -7.38131, -4.94248, -6.25995, -7.54081, -6.00041, 0, 
0, 0, 0, 0, 0, 0, 0, 0, 0, 0, 0, 0, 0, 0, 0, 0, 0, 0, 0, 0, 0, 
0.91346, 0.92267, 0.91616, 0.92334, 0.90914, 0.91289, 0.90821, 
0.91897, 0.92973, 0.93303, 0.91998, 0.89488, 0.89935, 0.88537, 
0.9035, 0.90882, 0.88175, 0.87039, 0.90339, 0.91186, 0.91667, 
0.91538, 0.049, 0.0547, 0.0573, 0.0643, 0.0703, 0.0782, 0.0723, 
0.0832, 0.0884, 0.0914, 0.0923, 113.9, 121.8, 133.2, 141.9, 154.4, 
161.7, 170.9, 177.1, 186, 199, 201.5, 1359, 39, 669, 1637, 155, 
637, 258, 110, 1324, 186, 2090, 1, 2, 1, 2, 2, 6, 6, 13, 4, 7, 
1, 100, 100, 100, 100, 100, 100, 100, 100, 100, 100, 100, 2500, 
2500, 2500, 2500, 2500, 2500, 2500, 2500, 2500, 2500, 2500, 8176.091, 
8541.23, 8668.525, 8788.707, 9102.62899999999, 9322.133, 9363.60800000001, 
9420.33199999999, 9524.80599999998, 9701.48300000001, 9817.58899999998, 
1, 1, 1, 1, 1, 1, 1, 1, 1, 1, 1, 0.02857, 0.02857, 0.02857, 0.02857, 
0.02857, 0.02857, 0.02857, 0.02857, 0.02857, 0.02857, 0.02857, 
0, 0, 0, 0, 0, 0, 0, 0, 0, 0, 0, 0, 0, 0, 0, 0, 0, 0, 0, 0, 0, 
0, 0.82326, 0.85838, 0.86993, 0.86652, 0.88203, 0.87676, 0.88051, 
0.88096, 0.8878, 0.89254, 0.89489, 0.82351, 0.84186, 0.86509, 
0.8653, 0.87695, 0.86724, 0.87509, 0.86909, 0.89898, 0.89921, 
0.89534, 0.0503, 0.0554, 0.0588, 0.0637, 0.0742, 0.0778, 0.0819, 
0.0801, 0.0894, 0.0941, 0.1023, 114.4, 123.4, 134.1, 143.6, 155.3, 
165.8, 173.9, 179.4, 190, 200.7, 208.7, 1, 1, 1, 1, 1, 1, 1, 
1, 1, 1, 1, 1, 1, 1, 1, 1, 1, 1, 1, 1, 1, 1, 1, 1, 1, 1, 1, 1, 
1, 1, 1, 1, 1, 1, 1, 1, 1, 1, 1, 1, 1, 1, 1, 1, 3.344, 3.508, 
3.468, 3.375, 3.852, 3.558, 3.687, 3.682, 3.752, 3.778, 3.926
), .Dim = c(11L, 40L), .Dimnames = list(NULL, c("Sampling", "PSO.cost", 
"PSO.gamma", "PSO.data.balancing", "PSO.feature.selection", "PSO.valid.acc", 
"PSO.test.acc", "PSO.train.time", "PSO.n.support.vectors", "PSO.index", 
"PSO.n.solutions", "PSO.generations", "PSO.n.evaluations", "PSO.cpu.time", 
"RS.cost", "RS.gamma", "RS.data.balancing", "RS.feature.selection", 
"RS.valid.acc", "RS.test.acc", "RS.train.time", "RS.n.support.vectors", 
"RS.index", "RS.n.solutions", "RS.generations", "RS.n.evaluations", 
"RS.cpu.time", "DF.cost", "DF.gamma", "DF.data.balancing", "DF.feature.selection", 
"DF.valid.acc", "DF.test.acc", "DF.train.time", "DF.n.support.vectors", 
"DF.index", "DF.n.solutions", "DF.generations", "DF.n.evaluations", 
"DF.cpu.time")))
