full <-
structure(c(50, 55, 60, 65, 70, 75, 80, 85, 90, 95, 100, 1.43384, 
14.9097, 2.58666, 1.73195, 3.88124, 1.88307, 9.02809, 6.75477, 
2.55154, 3.28801, 13.61273, -5.35268, -6.26638, -7.03081, -6.45145, 
-8.28248, -6.93976, -6.73268, -11.31105, -6.7704, -7.07308, -4.8657, 
0, 0, 0, 0, 0, 0, 0, 0, 0, 0, 0, 0, 0, 0, 0, 0, 0, 0, 0, 0, 0, 
0, 0.86388, 0.86457, 0.92653, 0.92088, 0.92855, 0.89519, 0.90601, 
0.90221, 0.91669, 0.91937, 0.92839, 0.83272, 0.86449, 0.90983, 
0.89017, 0.9138, 0.90099, 0.88456, 0.88233, 0.89915, 0.90973, 
0.91114, 0.0552, 0.0559, 0.0576, 0.0622, 0.0643, 0.0712, 0.0758, 
0.0798, 0.0883, 0.0877, 0.099, 116.1, 127.1, 137.8, 147, 156.1, 
169.4, 174.4, 183.9, 194.2, 199.6, 201.2, 207, 13, 286, 742, 
174, 772, 162, 6, 428, 370, 35, 157, 1200, 557, 43, 121, 193, 
1039, 129, 236, 60, 1313, 100, 100, 100, 100, 100, 100, 100, 
100, 100, 100, 100, 2500, 2500, 2500, 2500, 2500, 2500, 2500, 
2500, 2500, 2500, 2500, 8575.261, 8783.006, 8741.961, 8860.88, 
8923.795, 9082.60400000001, 9196.40500000001, 9242.60800000001, 
9545.60800000001, 9716.01199999999, 10125.384, 1.57001, 2.05879, 
2.49215, 1.50571, 4.72045, 1.50782, 12.5251, 7.94826, 2.18895, 
3.47066, 8.62519, -5.62566, -6.92688, -6.99429, -6.22092, -9.43093, 
-6.34373, -6.50521, -12.47932, -6.18154, -7.18251, -4.8565, 0, 
0, 0, 0, 0, 0, 0, 0, 0, 0, 0, 0, 0, 0, 0, 0, 0, 0, 0, 0, 0, 0, 
0.86388, 0.86606, 0.92653, 0.92088, 0.92855, 0.89519, 0.90601, 
0.90221, 0.91669, 0.92282, 0.92839, 0.83327, 0.88908, 0.90983, 
0.90099, 0.90904, 0.88255, 0.88056, 0.88617, 0.90642, 0.9064, 
0.91114, 0.0542, 0.0554, 0.0579, 0.0639, 0.0643, 0.0718, 0.0776, 
0.0773, 0.085, 0.0877, 0.1011, 116.2, 129.2, 137.8, 146.9, 157.1, 
167.2, 173.9, 183.9, 193.3, 199.3, 200.8, 2419, 1916, 695, 975, 
328, 470, 160, 923, 334, 1300, 9, 1, 1, 1, 1, 12, 3, 12, 5, 5, 
1, 5, 100, 100, 100, 100, 100, 100, 100, 100, 100, 100, 100, 
2500, 2500, 2500, 2500, 2500, 2500, 2500, 2500, 2500, 2500, 2500, 
8649.229, 8773.6, 8764.925, 8960.726, 9021.031, 9210.954, 9322.29000000001, 
9525.087, 9746.454, 10032.844, 10232.276, 1, 1, 1, 1, 1, 1, 1, 
1, 1, 1, 1, 0.02857, 0.02857, 0.02857, 0.02857, 0.02857, 0.02857, 
0.02857, 0.02857, 0.02857, 0.02857, 0.02857, 0, 0, 0, 0, 0, 0, 
0, 0, 0, 0, 0, 0, 0, 0, 0, 0, 0, 0, 0, 0, 0, 0, 0.79182, 0.81732, 
0.85335, 0.86407, 0.87792, 0.85942, 0.86862, 0.87385, 0.88366, 
0.89182, 0.90432, 0.78449, 0.82643, 0.82753, 0.85632, 0.86872, 
0.8605, 0.86825, 0.87329, 0.89484, 0.89838, 0.9041, 0.0528, 0.0581, 
0.0591, 0.0627, 0.0668, 0.0765, 0.0832, 0.0838, 0.0923, 0.0926, 
0.0998, 116.5, 126, 137, 147.9, 156.2, 166.1, 174.4, 184.1, 194.8, 
201.9, 209.1, 1, 1, 1, 1, 1, 1, 1, 1, 1, 1, 1, 1, 1, 1, 1, 1, 
1, 1, 1, 1, 1, 1, 1, 1, 1, 1, 1, 1, 1, 1, 1, 1, 1, 1, 1, 1, 1, 
1, 1, 1, 1, 1, 1, 1, 3.343, 3.558, 3.473, 3.432, 3.471, 3.724, 
3.776, 3.804, 3.975, 3.841, 3.975), .Dim = c(11L, 40L), .Dimnames = list(
    NULL, c("Sampling", "PSO.cost", "PSO.gamma", "PSO.data.balancing", 
    "PSO.feature.selection", "PSO.valid.acc", "PSO.test.acc", 
    "PSO.train.time", "PSO.n.support.vectors", "PSO.index", "PSO.n.solutions", 
    "PSO.generations", "PSO.n.evaluations", "PSO.cpu.time", "RS.cost", 
    "RS.gamma", "RS.data.balancing", "RS.feature.selection", 
    "RS.valid.acc", "RS.test.acc", "RS.train.time", "RS.n.support.vectors", 
    "RS.index", "RS.n.solutions", "RS.generations", "RS.n.evaluations", 
    "RS.cpu.time", "DF.cost", "DF.gamma", "DF.data.balancing", 
    "DF.feature.selection", "DF.valid.acc", "DF.test.acc", "DF.train.time", 
    "DF.n.support.vectors", "DF.index", "DF.n.solutions", "DF.generations", 
    "DF.n.evaluations", "DF.cpu.time")))
