full <-
structure(c(50, 55, 60, 65, 70, 75, 80, 85, 90, 95, 100, 13.13931, 
12.06176, 7.10752, 4.30113, 8.40631, 10.29883, 5.18632, 5.05635, 
7.97893, 12.8799, 9.08529, -7.07141, -8.94262, -6.28228, -7.64016, 
-6.85132, -5.72054, -5.40986, -5.33155, -5.3123, -10.39781, -6.81478, 
0, 0, 0, 0, 0, 0, 0, 0, 0, 0, 0, 0, 0, 0, 0, 0, 0, 0, 0, 0, 0, 
0, 0.89843, 0.89908, 0.94025, 0.91817, 0.90618, 0.89319, 0.93834, 
0.93033, 0.93476, 0.9157, 0.93466, 0.89129, 0.89075, 0.90552, 
0.89738, 0.90726, 0.90223, 0.92682, 0.93004, 0.91291, 0.89102, 
0.93111, 0.049, 0.0505, 0.0573, 0.0593, 0.0652, 0.0707, 0.0791, 
0.0849, 0.0868, 0.0903, 0.0958, 113.3, 123.8, 132.1, 143.9, 151.1, 
156.5, 167, 175.8, 182.2, 197.1, 205.6, 70, 111, 26, 293, 117, 
72, 700, 790, 39, 2196, 298, 1100, 1419, 1381, 77, 461, 1162, 
481, 436, 1434, 3, 532, 100, 100, 100, 100, 100, 100, 100, 100, 
100, 100, 100, 2500, 2500, 2500, 2500, 2500, 2500, 2500, 2500, 
2500, 2500, 2500, 8317.255, 8462.033, 8529.622, 8720.177, 9079.09999999999, 
9169.186, 9138.682, 9240.81999999999, 9356.60699999999, 9428.02300000002, 
9556.351, 9.0359, 6.3992, 13.66588, 8.42801, 8.87424, 8.98243, 
5.40568, 7.02688, 8.88086, 1.25912, 9.5933, -7.08203, -4.95328, 
-6.93605, -7.6557, -6.92164, -5.75357, -5.45747, -5.95698, -5.3257, 
-6.59796, -7.0375, 0, 0, 0, 0, 0, 0, 0, 0, 0, 0, 0, 0, 0, 0, 
0, 0, 0, 0, 0, 0, 0, 0, 0.89843, 0.90004, 0.94025, 0.91429, 0.90618, 
0.89319, 0.93834, 0.92557, 0.93476, 0.91891, 0.93466, 0.89129, 
0.89298, 0.90584, 0.8977, 0.89875, 0.90623, 0.93082, 0.92587, 
0.91635, 0.90483, 0.92766, 0.0493, 0.0545, 0.0583, 0.0624, 0.0679, 
0.0728, 0.0798, 0.081, 0.0823, 0.0884, 0.0964, 113.4, 119.9, 
132.9, 142.6, 150.8, 156.5, 167.5, 177.5, 182.1, 205.2, 206, 
6, 1589, 40, 256, 157, 241, 932, 827, 13, 580, 1573, 9, 2, 44, 
6, 4, 14, 1, 2, 9, 3, 1, 100, 100, 100, 100, 100, 100, 100, 100, 
100, 100, 100, 2500, 2500, 2500, 2500, 2500, 2500, 2500, 2500, 
2500, 2500, 2500, 8411.727, 8521.422, 8614.27899999999, 8944.87100000001, 
9189.461, 9188.742, 9188.048, 9305.13499999998, 9436.459, 9583.68899999998, 
9921.715, 1, 1, 1, 1, 1, 1, 1, 1, 1, 1, 1, 0.02857, 0.02857, 
0.02857, 0.02857, 0.02857, 0.02857, 0.02857, 0.02857, 0.02857, 
0.02857, 0.02857, 0, 0, 0, 0, 0, 0, 0, 0, 0, 0, 0, 0, 0, 0, 0, 
0, 0, 0, 0, 0, 0, 0, 0.78149, 0.82823, 0.832, 0.83776, 0.84142, 
0.83657, 0.86531, 0.87501, 0.91155, 0.9051, 0.90471, 0.79543, 
0.84004, 0.83052, 0.8264, 0.83874, 0.83366, 0.87233, 0.87948, 
0.90413, 0.89439, 0.90471, 0.0505, 0.0547, 0.0574, 0.064, 0.0707, 
0.0724, 0.0796, 0.0831, 0.0893, 0.0958, 0.1027, 114.6, 123.4, 
134.1, 143.2, 151.7, 161.6, 170.6, 180.5, 190, 199.9, 208.7, 
1, 1, 1, 1, 1, 1, 1, 1, 1, 1, 1, 1, 1, 1, 1, 1, 1, 1, 1, 1, 1, 
1, 1, 1, 1, 1, 1, 1, 1, 1, 1, 1, 1, 1, 1, 1, 1, 1, 1, 1, 1, 1, 
1, 1, 3.49, 3.452, 3.441, 3.409, 3.733, 3.488, 3.668, 3.672, 
3.772, 3.768, 3.964), .Dim = c(11L, 40L), .Dimnames = list(NULL, 
    c("Sampling", "PSO.cost", "PSO.gamma", "PSO.data.balancing", 
    "PSO.feature.selection", "PSO.valid.acc", "PSO.test.acc", 
    "PSO.train.time", "PSO.n.support.vectors", "PSO.index", "PSO.n.solutions", 
    "PSO.generations", "PSO.n.evaluations", "PSO.cpu.time", "RS.cost", 
    "RS.gamma", "RS.data.balancing", "RS.feature.selection", 
    "RS.valid.acc", "RS.test.acc", "RS.train.time", "RS.n.support.vectors", 
    "RS.index", "RS.n.solutions", "RS.generations", "RS.n.evaluations", 
    "RS.cpu.time", "DF.cost", "DF.gamma", "DF.data.balancing", 
    "DF.feature.selection", "DF.valid.acc", "DF.test.acc", "DF.train.time", 
    "DF.n.support.vectors", "DF.index", "DF.n.solutions", "DF.generations", 
    "DF.n.evaluations", "DF.cpu.time")))
