full <-
structure(c(50, 55, 60, 65, 70, 75, 80, 85, 90, 95, 100, 7.69704, 
2.69318, 8.80483, 6.66352, 4.92683, 5.52285, 4.40844, 3.76972, 
5.99232, 2.60307, 4.9912, -13.1428, -5.75086, -12.38866, -9.85757, 
-6.55763, -8.18943, -7.84589, -6.1307, -9.40405, -6.4885, -8.14334, 
0, 0, 0, 0, 0, 0, 0, 0, 0, 0, 0, 0, 0, 0, 0, 0, 0, 0, 0, 0, 0, 
0, 0.90595, 0.93546, 0.93473, 0.9225, 0.93852, 0.93843, 0.93512, 
0.93645, 0.92279, 0.94044, 0.93092, 0.89203, 0.93513, 0.92385, 
0.91296, 0.93376, 0.93028, 0.92826, 0.92671, 0.91177, 0.93354, 
0.90486, 0.0489, 0.0545, 0.0533, 0.0592, 0.0716, 0.0723, 0.0725, 
0.0838, 0.084, 0.09, 0.0954, 113.7, 123.9, 131.4, 142.3, 153.3, 
161.5, 174.8, 180.4, 189.4, 198.3, 205.6, 205, 109, 9, 35, 33, 
7, 43, 460, 72, 364, 27, 92, 966, 477, 222, 109, 420, 165, 609, 
176, 139, 45, 100, 100, 100, 100, 100, 100, 100, 100, 100, 100, 
100, 2500, 2500, 2500, 2500, 2500, 2500, 2500, 2500, 2500, 2500, 
2500, 8584.708, 8785.84, 8750.47, 8754.021, 9203.656, 9774.56600000001, 
9035.69899999999, 9295.39799999999, 9302.94500000001, 9375.66900000002, 
10748.749, 5.54633, 3.34099, 10.42282, 1.83732, 8.93656, 4.87742, 
10.07852, 2.38597, 11.52076, 2.58159, 4.32971, -10.99735, -6.27298, 
-13.75527, -5.30702, -12.73949, -7.38991, -11.39, -5.93925, -14.954, 
-6.39342, -7.42289, 0, 0, 0, 0, 0, 0, 0, 0, 0, 0, 0, 0, 0, 0, 
0, 0, 0, 0, 0, 0, 0, 0, 0.90595, 0.93546, 0.93473, 0.92731, 0.93398, 
0.93843, 0.93512, 0.93245, 0.92279, 0.94044, 0.93092, 0.89203, 
0.92888, 0.91858, 0.92731, 0.92948, 0.93028, 0.92678, 0.92446, 
0.9082, 0.93354, 0.90486, 0.049, 0.0575, 0.061, 0.0619, 0.0693, 
0.0734, 0.0762, 0.0849, 0.0837, 0.0973, 0.1022, 113.2, 123.7, 
131.2, 140.2, 153.9, 161.4, 172.2, 179.7, 189.4, 198, 207.8, 
590, 125, 6, 1466, 40, 17, 25, 10, 38, 940, 99, 7, 10, 71, 2, 
47, 9, 22, 14, 13, 1, 3, 100, 100, 100, 100, 100, 100, 100, 100, 
100, 100, 100, 2500, 2500, 2500, 2500, 2500, 2500, 2500, 2500, 
2500, 2500, 2500, 8715.611, 8756.727, 8720.338, 8854.55, 9823.27900000001, 
9320.394, 9460.59299999999, 9419.44700000001, 9559.24500000002, 
10808.296, 10841.768, 1, 1, 1, 1, 1, 1, 1, 1, 1, 1, 1, 0.02857, 
0.02857, 0.02857, 0.02857, 0.02857, 0.02857, 0.02857, 0.02857, 
0.02857, 0.02857, 0.02857, 0, 0, 0, 0, 0, 0, 0, 0, 0, 0, 0, 0, 
0, 0, 0, 0, 0, 0, 0, 0, 0, 0, 0.86794, 0.88207, 0.90126, 0.87844, 
0.91589, 0.89547, 0.89399, 0.90049, 0.90091, 0.91285, 0.90139, 
0.87413, 0.89943, 0.90071, 0.89278, 0.91589, 0.90315, 0.8934, 
0.89182, 0.90806, 0.90571, 0.90784, 0.0511, 0.0538, 0.0587, 0.063, 
0.0691, 0.0779, 0.0819, 0.0868, 0.0925, 0.0995, 0.1024, 112.4, 
124.2, 133.3, 143.1, 153.7, 162.5, 171.7, 181.7, 192.4, 202.1, 
209.9, 1, 1, 1, 1, 1, 1, 1, 1, 1, 1, 1, 1, 1, 1, 1, 1, 1, 1, 
1, 1, 1, 1, 1, 1, 1, 1, 1, 1, 1, 1, 1, 1, 1, 1, 1, 1, 1, 1, 1, 
1, 1, 1, 1, 1, 3.526, 3.458, 3.582, 3.434, 3.82, 3.651, 3.631, 
3.784, 3.813, 4.286, 4.177), .Dim = c(11L, 40L), .Dimnames = list(
    NULL, c("Sampling", "PSO.cost", "PSO.gamma", "PSO.data.balancing", 
    "PSO.feature.selection", "PSO.valid.acc", "PSO.test.acc", 
    "PSO.train.time", "PSO.n.support.vectors", "PSO.index", "PSO.n.solutions", 
    "PSO.generations", "PSO.n.evaluations", "PSO.cpu.time", "RS.cost", 
    "RS.gamma", "RS.data.balancing", "RS.feature.selection", 
    "RS.valid.acc", "RS.test.acc", "RS.train.time", "RS.n.support.vectors", 
    "RS.index", "RS.n.solutions", "RS.generations", "RS.n.evaluations", 
    "RS.cpu.time", "DF.cost", "DF.gamma", "DF.data.balancing", 
    "DF.feature.selection", "DF.valid.acc", "DF.test.acc", "DF.train.time", 
    "DF.n.support.vectors", "DF.index", "DF.n.solutions", "DF.generations", 
    "DF.n.evaluations", "DF.cpu.time")))
