full <-
structure(c(50, 55, 60, 65, 70, 75, 80, 85, 90, 95, 100, 4.85697, 
0.7884, 1.51678, 1.57112, 1.34734, 0.95281, 1.58768, 1.51167, 
1.30017, 1, 1.52688, -6.38771, -1.91886, -3.12723, -2.78046, 
-2.3822, -2.271, -2.77712, -2.56184, -2.39213, 0.0625, -2.3821, 
0, 0, 0, 0, 0, 0, 0, 0, 0, 0, 0, 0, 0, 0, 0, 0, 0, 0, 0, 0, 0, 
0, 0.83442, 0.83405, 0.83787, 0.84688, 0.84593, 0.85079, 0.84431, 
0.84872, 0.85491, 0.85378, 0.85319, 0.82174, 0.8345, 0.83416, 
0.83398, 0.84299, 0.85087, 0.83905, 0.85122, 0.85258, 0.85378, 
0.85106, 0.0309, 0.0321, 0.0332, 0.0381, 0.0418, 0.0438, 0.045, 
0.0509, 0.056, 0.0546, 0.0627, 86.7, 122.3, 114.7, 129.3, 145.2, 
154, 155.5, 166.8, 178.8, 155.7, 191.7, 77, 168, 484, 803, 629, 
707, 974, 2179, 432, 1, 1066, 380, 159, 169, 83, 134, 75, 43, 
2, 161, 1932, 94, 100, 100, 100, 100, 100, 100, 100, 100, 100, 
100, 100, 2500, 2500, 2500, 2500, 2500, 2500, 2500, 2500, 2500, 
2500, 2500, 7741.356, 7601.859, 7752.754, 7929.717, 8114.164, 
8180.90599999999, 8147.836, 8105.51999999999, 8231.533, 8300.149, 
8879.66400000002, 4.94922, 1.20137, 0.98862, 2.46226, 1.56238, 
0.95355, 1.50531, 1.13187, 1.19298, 2.2031, 1.38047, -6.24871, 
-2.43728, -2.3551, -3.38581, -2.53298, -2.31843, -2.68358, -2.21325, 
-2.37727, -6.53934, -2.2763, 0, 0, 0, 0, 0, 0, 0, 0, 0, 0, 0, 
0, 0, 0, 0, 0, 0, 0, 0, 0, 0, 0, 0.83442, 0.83421, 0.83787, 0.84688, 
0.84593, 0.85079, 0.84431, 0.84628, 0.85491, 0.85378, 0.85319, 
0.81739, 0.8345, 0.83046, 0.83398, 0.84611, 0.85087, 0.83642, 
0.84872, 0.85258, 0.85378, 0.84894, 0.0292, 0.0323, 0.036, 0.0367, 
0.0414, 0.0447, 0.0475, 0.052, 0.0531, 0.0542, 0.0614, 87.2, 
116.7, 124.3, 122.4, 141.9, 153.2, 156.8, 176.1, 179.6, 143.4, 
194.2, 203, 126, 100, 568, 999, 94, 773, 1569, 34, 2, 692, 12, 
1, 3, 3, 2, 1, 2, 1, 8, 959, 2, 100, 100, 100, 100, 100, 100, 
100, 100, 100, 100, 100, 2500, 2500, 2500, 2500, 2500, 2500, 
2500, 2500, 2500, 2500, 2500, 7568.728, 7898.509, 8071.82900000001, 
8401.1, 8478.63500000001, 8752.47899999999, 8905.25599999999, 
9227.29999999999, 9354.103, 9830.40699999998, 10071.635, 1, 1, 
1, 1, 1, 1, 1, 1, 1, 1, 1, 0.0625, 0.0625, 0.0625, 0.0625, 0.0625, 
0.0625, 0.0625, 0.0625, 0.0625, 0.0625, 0.0625, 0, 0, 0, 0, 0, 
0, 0, 0, 0, 0, 0, 0, 0, 0, 0, 0, 0, 0, 0, 0, 0, 0, 0.81721, 0.83035, 
0.83416, 0.83387, 0.83702, 0.84238, 0.84168, 0.84622, 0.8502, 
0.85378, 0.85106, 0.81721, 0.83035, 0.83416, 0.83387, 0.83702, 
0.84238, 0.84168, 0.84622, 0.8502, 0.85378, 0.85106, 0.0279, 
0.0302, 0.0333, 0.0353, 0.039, 0.0413, 0.0446, 0.0473, 0.052, 
0.0526, 0.0583, 96.4, 101.2, 108.3, 118.6, 125.9, 132.6, 143.6, 
146, 156, 155.7, 165, 1, 1, 1, 1, 1, 1, 1, 1, 1, 1, 1, 1, 1, 
1, 1, 1, 1, 1, 1, 1, 1, 1, 1, 1, 1, 1, 1, 1, 1, 1, 1, 1, 1, 1, 
1, 1, 1, 1, 1, 1, 1, 1, 1, 1, 2.746, 3.017, 3.096, 2.927, 3.215, 
3.335, 3.156, 3.133, 3.377, 3.432, 3.539), .Dim = c(11L, 40L), .Dimnames = list(
    NULL, c("Sampling", "PSO.cost", "PSO.gamma", "PSO.data.balancing", 
    "PSO.feature.selection", "PSO.valid.acc", "PSO.test.acc", 
    "PSO.train.time", "PSO.n.support.vectors", "PSO.index", "PSO.n.solutions", 
    "PSO.generations", "PSO.n.evaluations", "PSO.cpu.time", "RS.cost", 
    "RS.gamma", "RS.data.balancing", "RS.feature.selection", 
    "RS.valid.acc", "RS.test.acc", "RS.train.time", "RS.n.support.vectors", 
    "RS.index", "RS.n.solutions", "RS.generations", "RS.n.evaluations", 
    "RS.cpu.time", "DF.cost", "DF.gamma", "DF.data.balancing", 
    "DF.feature.selection", "DF.valid.acc", "DF.test.acc", "DF.train.time", 
    "DF.n.support.vectors", "DF.index", "DF.n.solutions", "DF.generations", 
    "DF.n.evaluations", "DF.cpu.time")))
