full <-
structure(c(50, 55, 60, 65, 70, 75, 80, 85, 90, 95, 100, 7.25811, 
6.51826, 1, 4.33418, 1, 4.07349, 1, 1, 0.69609, -0.00538, 1, 
-8.09724, -7.58552, 0.0625, -6.39918, 0.0625, -5.16585, 0.0625, 
0.0625, -1.17486, 3, 0.0625, 0, 0, 0, 0, 0, 0, 0, 0, 0, 0, 0, 
0, 0, 0, 0, 0, 0, 0, 0, 0, 0, 0, 0.86413, 0.86503, 0.8447, 0.84699, 
0.84599, 0.84817, 0.84701, 0.84622, 0.85258, 0.85145, 0.85106, 
0.85996, 0.85334, 0.8447, 0.84376, 0.84599, 0.84246, 0.84701, 
0.84622, 0.84793, 0.85145, 0.85106, 0.0329, 0.0342, 0.0332, 0.0389, 
0.0391, 0.0435, 0.0482, 0.048, 0.0637, 0.0947, 0.0624, 71, 77.5, 
104.5, 104.1, 119.5, 119, 137.6, 145.3, 214.6, 335.6, 166.3, 
40, 1250, 1, 1011, 1, 161, 1, 1, 883, 1391, 1, 486, 114, 1791, 
45, 1828, 94, 1615, 1950, 112, 58, 1678, 100, 100, 100, 100, 
100, 100, 100, 100, 100, 100, 100, 2500, 2500, 2500, 2500, 2500, 
2500, 2500, 2500, 2500, 2500, 2500, 9176.862, 9166.96, 9051.353, 
8984.71799999999, 8943.732, 8540.516, 8799.118, 8712.46900000001, 
9102.908, 9465.43600000002, 9672.12900000002, 11.74423, 6.43586, 
-0.91484, 4.90516, -1.80278, 6.1309, -1.87179, 0.69577, 0.83325, 
-0.39105, 0.99383, -12.05944, -7.70003, -14.15575, -6.94639, 
-13.76202, -7.4889, -3.21223, -1.40955, -1.34794, -7.32294, -1.79122, 
0, 0, 0, 0, 0, 0, 0, 0, 0, 0, 0, 0, 0, 0, 0, 0, 0, 0, 0, 0, 0, 
0, 0.86413, 0.86503, 0.8447, 0.84699, 0.84599, 0.84817, 0.84701, 
0.84872, 0.85026, 0.84923, 0.85319, 0.85996, 0.85734, 0.8447, 
0.84376, 0.84599, 0.83675, 0.84701, 0.84122, 0.84793, 0.84923, 
0.84894, 0.0501, 0.0339, 0.0283, 0.0382, 0.0297, 0.0489, 0.0474, 
0.0576, 0.0637, 0.0517, 0.0684, 70.5, 77, 70.4, 103.1, 81.7, 
113.9, 148.3, 199.2, 207.9, 149.2, 207.4, 18, 564, 2, 77, 4, 
777, 4, 949, 2047, 1, 1727, 71, 4, 834, 6, 967, 5, 883, 1, 1, 
968, 1, 100, 100, 100, 100, 100, 100, 100, 100, 100, 100, 100, 
2500, 2500, 2500, 2500, 2500, 2500, 2500, 2500, 2500, 2500, 2500, 
9235.654, 9332.217, 9239.311, 9376.448, 9377.66500000001, 9191.01699999999, 
9388.921, 9753.21600000001, 10350.522, 10450.906, 10342.973, 
1, 1, 1, 1, 1, 1, 1, 1, 1, 1, 1, 0.0625, 0.0625, 0.0625, 0.0625, 
0.0625, 0.0625, 0.0625, 0.0625, 0.0625, 0.0625, 0.0625, 0, 0, 
0, 0, 0, 0, 0, 0, 0, 0, 0, 0, 0, 0, 0, 0, 0, 0, 0, 0, 0, 0, 0.85562, 
0.85734, 0.8447, 0.84376, 0.84599, 0.84802, 0.84701, 0.84622, 
0.84788, 0.84923, 0.85106, 0.85562, 0.85734, 0.8447, 0.84376, 
0.84599, 0.84802, 0.84701, 0.84622, 0.84788, 0.84923, 0.85106, 
0.0294, 0.0329, 0.0352, 0.0371, 0.039, 0.043, 0.046, 0.0475, 
0.0568, 0.0594, 0.0621, 82.5, 90.4, 104.5, 115.4, 119.5, 127.2, 
137.6, 145.3, 154.9, 160.8, 166.3, 1, 1, 1, 1, 1, 1, 1, 1, 1, 
1, 1, 1, 1, 1, 1, 1, 1, 1, 1, 1, 1, 1, 1, 1, 1, 1, 1, 1, 1, 1, 
1, 1, 1, 1, 1, 1, 1, 1, 1, 1, 1, 1, 1, 1, 3.585, 3.592, 3.632, 
3.507, 3.329, 3.388, 3.321, 3.243, 3.564, 3.836, 3.609), .Dim = c(11L, 
40L), .Dimnames = list(NULL, c("Sampling", "PSO.cost", "PSO.gamma", 
"PSO.data.balancing", "PSO.feature.selection", "PSO.valid.acc", 
"PSO.test.acc", "PSO.train.time", "PSO.n.support.vectors", "PSO.index", 
"PSO.n.solutions", "PSO.generations", "PSO.n.evaluations", "PSO.cpu.time", 
"RS.cost", "RS.gamma", "RS.data.balancing", "RS.feature.selection", 
"RS.valid.acc", "RS.test.acc", "RS.train.time", "RS.n.support.vectors", 
"RS.index", "RS.n.solutions", "RS.generations", "RS.n.evaluations", 
"RS.cpu.time", "DF.cost", "DF.gamma", "DF.data.balancing", "DF.feature.selection", 
"DF.valid.acc", "DF.test.acc", "DF.train.time", "DF.n.support.vectors", 
"DF.index", "DF.n.solutions", "DF.generations", "DF.n.evaluations", 
"DF.cpu.time")))
