full <-
structure(c(50, 55, 60, 65, 70, 75, 80, 85, 90, 95, 100, 1, 1, 
8.43131, 3.78313, 1, 1, 5.32632, 5.66098, 1, 1.67561, 1, 0.0625, 
0.0625, -8.90141, -6.58913, 0.0625, 0.0625, -6.58687, -6.87495, 
0.0625, -1.96702, 0.0625, 0, 0, 0, 0, 0, 0, 0, 0, 0, 0, 0, 0, 
0, 0, 0, 0, 0, 0, 0, 0, 0, 0, 0.82149, 0.8265, 0.84148, 0.84373, 
0.84599, 0.84802, 0.85237, 0.85114, 0.84788, 0.85815, 0.85106, 
0.82149, 0.8265, 0.83063, 0.84051, 0.84599, 0.84802, 0.84185, 
0.8487, 0.84788, 0.84269, 0.85106, 0.0321, 0.0326, 0.0421, 0.0394, 
0.0398, 0.0417, 0.0486, 0.0539, 0.0518, 0.0652, 0.0581, 96.8, 
103.9, 95.4, 107.2, 122.5, 126.5, 123.7, 128.8, 151.4, 196, 165.8, 
1, 1, 671, 2389, 1, 1, 269, 176, 1, 1351, 1, 1809, 1878, 32, 
1, 1867, 1563, 28, 65, 1864, 18, 1824, 100, 100, 100, 100, 100, 
100, 100, 100, 100, 100, 100, 2500, 2500, 2500, 2500, 2500, 2500, 
2500, 2500, 2500, 2500, 2500, 9251.498, 9285.3, 10081.734, 8938.59099999999, 
9194.43699999999, 9479.18399999999, 8934.289, 9659.83899999998, 
9256.80600000001, 9253.16800000001, 9431.633, 2.91059, 11.88467, 
13.43765, 2.41772, 8.80827, 3.47648, 6.15588, 7.16601, -1.12407, 
1.5201, 8.46874, -11.55648, -14.39154, -12.07368, -6.9214, -14.21981, 
-13.25936, -7.40417, -8.37989, -7.91622, -2.00233, -12.78933, 
0, 0, 0, 0, 0, 0, 0, 0, 0, 0, 0, 0, 0, 0, 0, 0, 0, 0, 0, 0, 0, 
0, 0.82149, 0.8265, 0.84122, 0.84051, 0.84599, 0.84802, 0.85237, 
0.85114, 0.84788, 0.85593, 0.85106, 0.82149, 0.8265, 0.81658, 
0.84051, 0.84599, 0.84802, 0.84711, 0.8462, 0.84788, 0.84714, 
0.85106, 0.0306, 0.0545, 0.0737, 0.0384, 0.0486, 0.0367, 0.0517, 
0.0634, 0.0494, 0.0643, 0.0928, 93.2, 96.2, 92.6, 108.2, 146.8, 
106.3, 122.6, 127.5, 143.7, 195.4, 212.4, 5, 2, 2428, 4, 4, 2, 
1293, 465, 1, 1946, 1, 877, 973, 1, 949, 1055, 916, 1, 1, 954, 
1, 999, 100, 100, 100, 100, 100, 100, 100, 100, 100, 100, 100, 
2500, 2500, 2500, 2500, 2500, 2500, 2500, 2500, 2500, 2500, 2500, 
9554.867, 9426.928, 9294.059, 9428.421, 9613.61199999999, 9579.276, 
9676.64499999999, 10352.526, 10152.738, 10283.231, 10538.318, 
1, 1, 1, 1, 1, 1, 1, 1, 1, 1, 1, 0.0625, 0.0625, 0.0625, 0.0625, 
0.0625, 0.0625, 0.0625, 0.0625, 0.0625, 0.0625, 0.0625, 0, 0, 
0, 0, 0, 0, 0, 0, 0, 0, 0, 0, 0, 0, 0, 0, 0, 0, 0, 0, 0, 0, 0.82149, 
0.8265, 0.83765, 0.84051, 0.84599, 0.84802, 0.84974, 0.8487, 
0.84788, 0.85148, 0.85106, 0.82149, 0.8265, 0.83765, 0.84051, 
0.84599, 0.84802, 0.84974, 0.8487, 0.84788, 0.85148, 0.85106, 
0.0299, 0.0316, 0.0346, 0.0379, 0.0391, 0.0431, 0.0464, 0.0478, 
0.05, 0.0544, 0.0581, 96.8, 103.9, 109, 118.2, 122.5, 126.5, 
138.1, 144, 151.4, 155.3, 165.8, 1, 1, 1, 1, 1, 1, 1, 1, 1, 1, 
1, 1, 1, 1, 1, 1, 1, 1, 1, 1, 1, 1, 1, 1, 1, 1, 1, 1, 1, 1, 1, 
1, 1, 1, 1, 1, 1, 1, 1, 1, 1, 1, 1, 1, 3.426, 3.351, 3.708, 3.518, 
3.38, 3.554, 3.68, 3.427, 3.374, 3.639, 3.679), .Dim = c(11L, 
40L), .Dimnames = list(NULL, c("Sampling", "PSO.cost", "PSO.gamma", 
"PSO.data.balancing", "PSO.feature.selection", "PSO.valid.acc", 
"PSO.test.acc", "PSO.train.time", "PSO.n.support.vectors", "PSO.index", 
"PSO.n.solutions", "PSO.generations", "PSO.n.evaluations", "PSO.cpu.time", 
"RS.cost", "RS.gamma", "RS.data.balancing", "RS.feature.selection", 
"RS.valid.acc", "RS.test.acc", "RS.train.time", "RS.n.support.vectors", 
"RS.index", "RS.n.solutions", "RS.generations", "RS.n.evaluations", 
"RS.cpu.time", "DF.cost", "DF.gamma", "DF.data.balancing", "DF.feature.selection", 
"DF.valid.acc", "DF.test.acc", "DF.train.time", "DF.n.support.vectors", 
"DF.index", "DF.n.solutions", "DF.generations", "DF.n.evaluations", 
"DF.cpu.time")))
