full <-
structure(c(50, 55, 60, 65, 70, 75, 80, 85, 90, 95, 100, 4.35203, 
1.81534, 0.04395, 1, 1, 4.14644, 1, 0.01885, -0.04886, 2.55329, 
1, 2.36148, -3.45605, 3, 0.0625, 0.0625, -4.61879, 0.0625, 2.97823, 
3, -3.20014, 0.0625, 0, 0, 0, 0, 0, 0, 0, 0, 0, 0, 0, 0, 0, 0, 
0, 0, 0, 0, 0, 0, 0, 0, 0.83442, 0.83819, 0.84527, 0.85032, 0.84893, 
0.85656, 0.84974, 0.85358, 0.8503, 0.84705, 0.85106, 0.82591, 
0.83804, 0.84527, 0.85032, 0.84893, 0.8537, 0.84974, 0.85358, 
0.84792, 0.84261, 0.85106, 0.0367, 0.0328, 0.049, 0.0351, 0.0378, 
0.0461, 0.0453, 0.0751, 0.0853, 0.0634, 0.0608, 177.9, 106.3, 
220.5, 113.5, 120.8, 124.8, 137.8, 306.7, 322.4, 171.5, 165.1, 
22, 2025, 1495, 1, 1, 2185, 1, 1473, 670, 1716, 1, 1748, 4, 97, 
1847, 1864, 7, 1802, 19, 186, 1, 1789, 100, 100, 100, 100, 100, 
100, 100, 100, 100, 100, 100, 2500, 2500, 2500, 2500, 2500, 2500, 
2500, 2500, 2500, 2500, 2500, 7828.244, 7699.264, 7886.831, 8092.20600000001, 
8033.719, 8156.19399999999, 8444.864, 9033.773, 10876.507, 8705.005, 
8941.242, 6.06454, 1.68217, 0.01703, -0.42804, 1.85157, 4.06969, 
6.77925, -0.02122, 4.90512, 2.09528, 8.3191, 2.5665, -3.17176, 
2.67829, -7.77572, -8.77264, -4.56038, -14.07789, 2.89138, -7.93548, 
-3.08683, -12.86682, 0, 0, 0, 0, 0, 0, 0, 0, 0, 0, 0, 0, 0, 0, 
0, 0, 0, 0, 0, 0, 0, 0, 0.83442, 0.83819, 0.84156, 0.85032, 0.84893, 
0.85656, 0.84974, 0.8512, 0.84792, 0.84705, 0.85106, 0.82591, 
0.83419, 0.83786, 0.85032, 0.84893, 0.8537, 0.84974, 0.8512, 
0.84792, 0.84705, 0.85106, 0.0383, 0.032, 0.0469, 0.0349, 0.0401, 
0.0437, 0.0447, 0.0794, 0.0646, 0.0585, 0.0877, 178.8, 109.3, 
218.9, 111.9, 122.2, 125.5, 140.7, 305.1, 137.8, 171.8, 200.2, 
16, 448, 2064, 1, 1, 239, 3, 276, 1, 1615, 4, 70, 1, 1, 1010, 
1125, 2, 1082, 1, 941, 1, 954, 100, 100, 100, 100, 100, 100, 
100, 100, 100, 100, 100, 2500, 2500, 2500, 2500, 2500, 2500, 
2500, 2500, 2500, 2500, 2500, 7923.326, 8010.274, 8151.086, 8445.32900000001, 
8484.175, 8754.21699999999, 9011.30100000001, 9721.46399999999, 
10834.599, 9920.32699999999, 10003.114, 1, 1, 1, 1, 1, 1, 1, 
1, 1, 1, 1, 0.0625, 0.0625, 0.0625, 0.0625, 0.0625, 0.0625, 0.0625, 
0.0625, 0.0625, 0.0625, 0.0625, 0, 0, 0, 0, 0, 0, 0, 0, 0, 0, 
0, 0, 0, 0, 0, 0, 0, 0, 0, 0, 0, 0, 0.83406, 0.83804, 0.84131, 
0.85032, 0.84893, 0.85085, 0.84974, 0.8487, 0.84792, 0.847, 0.85106, 
0.83406, 0.83804, 0.84131, 0.85032, 0.84893, 0.85085, 0.84974, 
0.8487, 0.84792, 0.847, 0.85106, 0.0286, 0.0323, 0.0321, 0.037, 
0.0378, 0.0425, 0.0443, 0.0521, 0.0529, 0.0555, 0.0596, 92.7, 
101.9, 108.2, 113.5, 120.8, 129.2, 137.8, 147.5, 154.4, 160, 
165.1, 1, 1, 1, 1, 1, 1, 1, 1, 1, 1, 1, 1, 1, 1, 1, 1, 1, 1, 
1, 1, 1, 1, 1, 1, 1, 1, 1, 1, 1, 1, 1, 1, 1, 1, 1, 1, 1, 1, 1, 
1, 1, 1, 1, 1, 3.051, 3.114, 3.077, 3.182, 3.163, 3.133, 3.075, 
4.152, 3.372, 3.377, 3.355), .Dim = c(11L, 40L), .Dimnames = list(
    NULL, c("Sampling", "PSO.cost", "PSO.gamma", "PSO.data.balancing", 
    "PSO.feature.selection", "PSO.valid.acc", "PSO.test.acc", 
    "PSO.train.time", "PSO.n.support.vectors", "PSO.index", "PSO.n.solutions", 
    "PSO.generations", "PSO.n.evaluations", "PSO.cpu.time", "RS.cost", 
    "RS.gamma", "RS.data.balancing", "RS.feature.selection", 
    "RS.valid.acc", "RS.test.acc", "RS.train.time", "RS.n.support.vectors", 
    "RS.index", "RS.n.solutions", "RS.generations", "RS.n.evaluations", 
    "RS.cpu.time", "DF.cost", "DF.gamma", "DF.data.balancing", 
    "DF.feature.selection", "DF.valid.acc", "DF.test.acc", "DF.train.time", 
    "DF.n.support.vectors", "DF.index", "DF.n.solutions", "DF.generations", 
    "DF.n.evaluations", "DF.cpu.time")))
