full <-
structure(c(50, 55, 60, 65, 70, 75, 80, 85, 90, 95, 100, 1, 1, 
1, 1.18785, 1, 2.16615, 1, 0.5796, 1.75544, 1, -0.01537, 0.0625, 
0.0625, 0.0625, -2.6105, 0.0625, -2.91993, 0.0625, -1.40536, 
-3.69361, 0.0625, 2.48427, 0, 0, 0, 0, 0, 0, 0, 0, 0, 0, 0, 0, 
0, 0, 0, 0, 0, 0, 0, 0, 0, 0, 0.87663, 0.88042, 0.8731, 0.86978, 
0.86725, 0.87048, 0.86548, 0.85858, 0.85491, 0.847, 0.85319, 
0.87663, 0.88042, 0.8731, 0.86645, 0.86725, 0.8677, 0.86548, 
0.85364, 0.85253, 0.847, 0.85106, 0.0315, 0.0317, 0.0332, 0.0379, 
0.0385, 0.0435, 0.0419, 0.0566, 0.0525, 0.0583, 0.0963, 83.3, 
89.4, 96.9, 120.7, 109.3, 128.8, 123.9, 186.2, 149, 160.5, 345, 
1, 1, 1, 52, 1, 477, 1, 295, 260, 1, 172, 1703, 2003, 1880, 189, 
1895, 83, 1847, 154, 50, 1776, 418, 100, 100, 100, 100, 100, 
100, 100, 100, 100, 100, 100, 2500, 2500, 2500, 2500, 2500, 2500, 
2500, 2500, 2500, 2500, 2500, 9439.25, 9399.385, 9131.575, 9158.579, 
9004.943, 8959.861, 8930.69899999999, 9485.42800000001, 9014.47, 
9403.07800000001, 9758.302, 1.00623, 6.44844, 6.68392, 2.14057, 
4.80272, 6.20589, -0.07987, 0.70341, 1.882, -0.96972, -0.19173, 
-6.30648, -12.76007, -7.94413, -3.46054, -14.81158, -7.31237, 
-9.51867, -1.45011, -3.87577, -1.15705, 2.90965, 0, 0, 0, 0, 
0, 0, 0, 0, 0, 0, 0, 0, 0, 0, 0, 0, 0, 0, 0, 0, 0, 0, 0.87663, 
0.88042, 0.8731, 0.86978, 0.86725, 0.86778, 0.86548, 0.85858, 
0.85491, 0.847, 0.85319, 0.87663, 0.88042, 0.8731, 0.86323, 0.86725, 
0.86206, 0.86548, 0.85364, 0.85253, 0.847, 0.85106, 0.0318, 0.0348, 
0.0447, 0.0359, 0.0332, 0.0454, 0.0403, 0.0549, 0.0543, 0.067, 
0.0953, 82.4, 123.5, 88.9, 108.9, 86.8, 103.7, 120.2, 185.1, 
147, 221.5, 348.7, 2, 1, 1, 1063, 2, 94, 3, 828, 201, 1, 599, 
1009, 1356, 1305, 5, 997, 3, 826, 4, 1, 888, 2, 100, 100, 100, 
100, 100, 100, 100, 100, 100, 100, 100, 2500, 2500, 2500, 2500, 
2500, 2500, 2500, 2500, 2500, 2500, 2500, 9460.394, 9285.379, 
9160.302, 9294.74099999999, 9400.06200000001, 9242.74800000001, 
10227.307, 9979.636, 9905.18900000001, 10418.904, 10452.075, 
1, 1, 1, 1, 1, 1, 1, 1, 1, 1, 1, 0.0625, 0.0625, 0.0625, 0.0625, 
0.0625, 0.0625, 0.0625, 0.0625, 0.0625, 0.0625, 0.0625, 0, 0, 
0, 0, 0, 0, 0, 0, 0, 0, 0, 0, 0, 0, 0, 0, 0, 0, 0, 0, 0, 0, 0.87663, 
0.88042, 0.8731, 0.86645, 0.86725, 0.8677, 0.86548, 0.85614, 
0.85486, 0.847, 0.85106, 0.87663, 0.88042, 0.8731, 0.86645, 0.86725, 
0.8677, 0.86548, 0.85614, 0.85486, 0.847, 0.85106, 0.0298, 0.0313, 
0.0346, 0.0355, 0.0402, 0.039, 0.049, 0.0492, 0.0542, 0.0578, 
0.0597, 83.3, 89.4, 96.9, 104.5, 109.3, 115.2, 123.9, 137.9, 
147.7, 160.5, 164.5, 1, 1, 1, 1, 1, 1, 1, 1, 1, 1, 1, 1, 1, 1, 
1, 1, 1, 1, 1, 1, 1, 1, 1, 1, 1, 1, 1, 1, 1, 1, 1, 1, 1, 1, 1, 
1, 1, 1, 1, 1, 1, 1, 1, 1, 3.695, 3.489, 3.58, 3.591, 3.68, 3.553, 
4.123, 3.742, 3.705, 3.763, 3.67), .Dim = c(11L, 40L), .Dimnames = list(
    NULL, c("Sampling", "PSO.cost", "PSO.gamma", "PSO.data.balancing", 
    "PSO.feature.selection", "PSO.valid.acc", "PSO.test.acc", 
    "PSO.train.time", "PSO.n.support.vectors", "PSO.index", "PSO.n.solutions", 
    "PSO.generations", "PSO.n.evaluations", "PSO.cpu.time", "RS.cost", 
    "RS.gamma", "RS.data.balancing", "RS.feature.selection", 
    "RS.valid.acc", "RS.test.acc", "RS.train.time", "RS.n.support.vectors", 
    "RS.index", "RS.n.solutions", "RS.generations", "RS.n.evaluations", 
    "RS.cpu.time", "DF.cost", "DF.gamma", "DF.data.balancing", 
    "DF.feature.selection", "DF.valid.acc", "DF.test.acc", "DF.train.time", 
    "DF.n.support.vectors", "DF.index", "DF.n.solutions", "DF.generations", 
    "DF.n.evaluations", "DF.cpu.time")))
