full <-
structure(c(50, 55, 60, 65, 70, 75, 80, 85, 90, 95, 100, 1, 3.06515, 
1, 1, 1, 1, 5.57174, 0.8548, 0.18567, 2.19558, 1, 0.0625, -4.32154, 
0.0625, 0.0625, 0.0625, 0.0625, -6.27143, -1.89267, 3, -2.42209, 
0.0625, 0, 0, 0, 0, 0, 0, 0, 0, 0, 0, 0, 0, 0, 0, 0, 0, 0, 0, 
0, 0, 0, 0, 0.83419, 0.84564, 0.84828, 0.85355, 0.85196, 0.85085, 
0.85204, 0.84628, 0.85022, 0.85371, 0.85106, 0.83419, 0.83779, 
0.84828, 0.85355, 0.85196, 0.85085, 0.85204, 0.8389, 0.84795, 
0.84936, 0.85106, 0.0292, 0.0304, 0.0323, 0.0383, 0.0404, 0.0445, 
0.0528, 0.0515, 0.0528, 0.0615, 0.0558, 97.5, 98.8, 106.9, 114.8, 
121.5, 130.4, 126.6, 183, 320.7, 186.6, 162.8, 1, 78, 1, 1, 1, 
1, 16, 168, 234, 856, 1, 1977, 59, 1854, 1729, 1659, 1896, 577, 
179, 166, 103, 1726, 100, 100, 100, 100, 100, 100, 100, 100, 
100, 100, 100, 2500, 2500, 2500, 2500, 2500, 2500, 2500, 2500, 
2500, 2500, 2500, 6961.961, 7323.889, 7833.46, 9851.36, 9975.48199999999, 
9997.39200000001, 10499.317, 9436.70100000002, 6705.495, 7581.242, 
8534.554, 5.2575, 3.63456, -1.96153, 3.17912, 2.84608, 6.33315, 
7.0873, 2.54417, -1.7066, 2.14757, 1.66562, -14.30659, -4.83768, 
-9.23586, -5.88675, -4.41525, -13.73113, -7.34121, -11.07232, 
-4.31181, -2.42344, -2.53317, 0, 0, 0, 0, 0, 0, 0, 0, 0, 0, 0, 
0, 0, 0, 0, 0, 0, 0, 0, 0, 0, 0, 0.83419, 0.84564, 0.84828, 0.85355, 
0.85196, 0.85085, 0.85204, 0.84378, 0.85017, 0.85371, 0.85532, 
0.83419, 0.83779, 0.84828, 0.85355, 0.85196, 0.85085, 0.85204, 
0.84378, 0.85017, 0.84936, 0.84894, 0.0249, 0.0315, 0.0302, 0.0391, 
0.0413, 0.0414, 0.0602, 0.0458, 0.0492, 0.059, 0.0625, 82.3, 
95.8, 84.4, 102.7, 118.4, 126.7, 124.1, 158.2, 151.3, 186.2, 
189.3, 1, 2300, 1, 1, 5, 1, 195, 7, 1, 1412, 688, 1000, 1, 1014, 
975, 1043, 957, 22, 881, 897, 2, 1, 100, 100, 100, 100, 100, 
100, 100, 100, 100, 100, 100, 2500, 2500, 2500, 2500, 2500, 2500, 
2500, 2500, 2500, 2500, 2500, 7491.034, 7610.51, 10014.719, 8732.187, 
10389.002, 10667.72, 10915.836, 7013.01000000001, 7769.15400000001, 
8338.82900000003, 7863.00200000001, 1, 1, 1, 1, 1, 1, 1, 1, 1, 
1, 1, 0.0625, 0.0625, 0.0625, 0.0625, 0.0625, 0.0625, 0.0625, 
0.0625, 0.0625, 0.0625, 0.0625, 0, 0, 0, 0, 0, 0, 0, 0, 0, 0, 
0, 0, 0, 0, 0, 0, 0, 0, 0, 0, 0, 0, 0.83419, 0.84179, 0.84828, 
0.85355, 0.85196, 0.85085, 0.84706, 0.84378, 0.85017, 0.84926, 
0.85106, 0.83419, 0.84179, 0.84828, 0.85355, 0.85196, 0.85085, 
0.84706, 0.84378, 0.85017, 0.84926, 0.85106, 0.0283, 0.0309, 
0.0346, 0.0374, 0.0406, 0.0419, 0.0455, 0.0311, 0.0491, 0.0529, 
0.0367, 97.5, 101.5, 106.9, 114.8, 121.5, 130.4, 140.2, 149.4, 
152.3, 161.6, 162.8, 1, 1, 1, 1, 1, 1, 1, 1, 1, 1, 1, 1, 1, 1, 
1, 1, 1, 1, 1, 1, 1, 1, 1, 1, 1, 1, 1, 1, 1, 1, 1, 1, 1, 1, 1, 
1, 1, 1, 1, 1, 1, 1, 1, 1, 2.873, 2.916, 3.888, 3.829, 3.884, 
3.854, 3.911, 2.345, 3.052, 3.084, 2.386), .Dim = c(11L, 40L), .Dimnames = list(
    NULL, c("Sampling", "PSO.cost", "PSO.gamma", "PSO.data.balancing", 
    "PSO.feature.selection", "PSO.valid.acc", "PSO.test.acc", 
    "PSO.train.time", "PSO.n.support.vectors", "PSO.index", "PSO.n.solutions", 
    "PSO.generations", "PSO.n.evaluations", "PSO.cpu.time", "RS.cost", 
    "RS.gamma", "RS.data.balancing", "RS.feature.selection", 
    "RS.valid.acc", "RS.test.acc", "RS.train.time", "RS.n.support.vectors", 
    "RS.index", "RS.n.solutions", "RS.generations", "RS.n.evaluations", 
    "RS.cpu.time", "DF.cost", "DF.gamma", "DF.data.balancing", 
    "DF.feature.selection", "DF.valid.acc", "DF.test.acc", "DF.train.time", 
    "DF.n.support.vectors", "DF.index", "DF.n.solutions", "DF.generations", 
    "DF.n.evaluations", "DF.cpu.time")))
