full <-
structure(c(50, 55, 60, 65, 70, 75, 80, 85, 90, 95, 100, 1.83843, 
1, 1, 1, 2.00358, 0.54269, 1, 1, 1, 1, 1, -3.16301, 0.0625, 0.0625, 
0.0625, -2.59567, -1.90556, 0.0625, 0.0625, 0.0625, 0.0625, 0.0625, 
0, 0, 0, 0, 0, 0, 0, 0, 0, 0, 0, 0, 0, 0, 0, 0, 0, 0, 0, 0, 0, 
0, 0.8683, 0.85338, 0.84122, 0.83394, 0.83981, 0.84516, 0.83646, 
0.84378, 0.84319, 0.8493, 0.85106, 0.8596, 0.85338, 0.84122, 
0.83394, 0.83384, 0.84238, 0.83646, 0.84378, 0.84319, 0.8493, 
0.85106, 0.0291, 0.0295, 0.0337, 0.0347, 0.042, 0.044, 0.0437, 
0.0449, 0.0522, 0.0532, 0.0562, 91.5, 94.8, 109.3, 115.2, 142.8, 
163.3, 140.2, 143.9, 156.2, 160.8, 162.2, 1304, 1, 1, 1, 2280, 
363, 1, 1, 1, 1, 1, 28, 1923, 1833, 1771, 3, 311, 1795, 1778, 
1871, 1853, 1716, 100, 100, 100, 100, 100, 100, 100, 100, 100, 
100, 100, 2500, 2500, 2500, 2500, 2500, 2500, 2500, 2500, 2500, 
2500, 2500, 8220.985, 8358.184, 8481.93, 8738.611, 8685.3, 8590.664, 
8737.99400000001, 8706.25099999999, 9011.84299999999, 9107.66899999999, 
9447.57499999998, 1.96081, 1.37072, 2.64171, 1.13472, 1.9498, 
1.5424, -1.46475, 7.64981, -0.64465, 6.53418, 0.14925, -3.40316, 
-4.88475, -13.26871, -2.16532, -2.46213, -2.37538, 0.28635, -12.64563, 
-6.48384, -12.18381, -7.39888, 0, 0, 0, 0, 0, 0, 0, 0, 0, 0, 
0, 0, 0, 0, 0, 0, 0, 0, 0, 0, 0, 0, 0.8683, 0.85338, 0.84122, 
0.83696, 0.83981, 0.84238, 0.83646, 0.84378, 0.84319, 0.8493, 
0.85106, 0.8596, 0.85338, 0.84122, 0.82727, 0.83081, 0.83683, 
0.83646, 0.84378, 0.84319, 0.8493, 0.85106, 0.0276, 0.029, 0.0288, 
0.0394, 0.0415, 0.0446, 0.0596, 0.0631, 0.0481, 0.0718, 0.0533, 
88, 88.6, 88, 140, 144.9, 154.3, 245.5, 188.2, 149.1, 209.8, 
160.1, 1586, 2, 1, 706, 1702, 1951, 6, 3, 2, 1, 2, 2, 1038, 880, 
1, 1, 1, 916, 936, 964, 940, 1012, 100, 100, 100, 100, 100, 100, 
100, 100, 100, 100, 100, 2500, 2500, 2500, 2500, 2500, 2500, 
2500, 2500, 2500, 2500, 2500, 8398.252, 8596.372, 8896.853, 9080.676, 
9131.841, 9111.489, 9266.156, 9688.68000000001, 9900.21899999998, 
10238.841, 10276.166, 1, 1, 1, 1, 1, 1, 1, 1, 1, 1, 1, 0.0625, 
0.0625, 0.0625, 0.0625, 0.0625, 0.0625, 0.0625, 0.0625, 0.0625, 
0.0625, 0.0625, 0, 0, 0, 0, 0, 0, 0, 0, 0, 0, 0, 0, 0, 0, 0, 
0, 0, 0, 0, 0, 0, 0, 0.86395, 0.85338, 0.84122, 0.83394, 0.83393, 
0.83952, 0.83646, 0.84378, 0.84319, 0.8493, 0.85106, 0.86395, 
0.85338, 0.84122, 0.83394, 0.83393, 0.83952, 0.83646, 0.84378, 
0.84319, 0.8493, 0.85106, 0.0274, 0.0302, 0.033, 0.0356, 0.0373, 
0.0409, 0.0431, 0.0459, 0.0519, 0.0544, 0.0547, 82.7, 94.8, 109.3, 
115.2, 125.8, 132.9, 140.2, 143.9, 156.2, 160.8, 162.2, 1, 1, 
1, 1, 1, 1, 1, 1, 1, 1, 1, 1, 1, 1, 1, 1, 1, 1, 1, 1, 1, 1, 1, 
1, 1, 1, 1, 1, 1, 1, 1, 1, 1, 1, 1, 1, 1, 1, 1, 1, 1, 1, 1, 1, 
3.291, 3.385, 3.441, 3.48, 3.295, 3.459, 3.395, 3.384, 3.636, 
3.54, 3.424), .Dim = c(11L, 40L), .Dimnames = list(NULL, c("Sampling", 
"PSO.cost", "PSO.gamma", "PSO.data.balancing", "PSO.feature.selection", 
"PSO.valid.acc", "PSO.test.acc", "PSO.train.time", "PSO.n.support.vectors", 
"PSO.index", "PSO.n.solutions", "PSO.generations", "PSO.n.evaluations", 
"PSO.cpu.time", "RS.cost", "RS.gamma", "RS.data.balancing", "RS.feature.selection", 
"RS.valid.acc", "RS.test.acc", "RS.train.time", "RS.n.support.vectors", 
"RS.index", "RS.n.solutions", "RS.generations", "RS.n.evaluations", 
"RS.cpu.time", "DF.cost", "DF.gamma", "DF.data.balancing", "DF.feature.selection", 
"DF.valid.acc", "DF.test.acc", "DF.train.time", "DF.n.support.vectors", 
"DF.index", "DF.n.solutions", "DF.generations", "DF.n.evaluations", 
"DF.cpu.time")))
