full <-
structure(c(50, 55, 60, 65, 70, 75, 80, 85, 90, 95, 100, 1, 1, 
1, 1, 0.9559, 1, 3.89673, 2.00858, 2.85226, 0.46963, 1.53065, 
0.0625, 0.0625, 0.0625, 0.0625, -1.88908, 0.0625, -6.29139, -2.91987, 
-3.99341, 3, -2.21657, 0, 0, 0, 0, 0, 0, 0, 0, 0, 0, 0, 0, 0, 
0, 0, 0, 0, 0, 0, 0, 0, 0, 0.85562, 0.85734, 0.85172, 0.8504, 
0.85196, 0.83381, 0.84165, 0.84866, 0.85031, 0.85374, 0.85319, 
0.85562, 0.85734, 0.85172, 0.8504, 0.8459, 0.83381, 0.83369, 
0.84872, 0.84561, 0.85152, 0.84894, 0.0303, 0.0297, 0.0338, 0.0353, 
0.0442, 0.0431, 0.0525, 0.0544, 0.0567, 0.0952, 0.0671, 85.8, 
92.6, 101.6, 112.3, 156.3, 138.1, 132.9, 164.5, 153.6, 339.5, 
195.8, 1, 1, 1, 1, 507, 1, 118, 127, 1478, 1079, 2369, 1987, 
1901, 1837, 1845, 108, 1777, 145, 130, 22, 86, 1, 100, 100, 100, 
100, 100, 100, 100, 100, 100, 100, 100, 2500, 2500, 2500, 2500, 
2500, 2500, 2500, 2500, 2500, 2500, 2500, 8215.246, 7668.485, 
8582.543, 7788.874, 7895.167, 8115.054, 10090.205, 10210.093, 
10512.175, 10582.857, 10637.289, -1.40475, 2.98664, -0.56033, 
7.36826, 1.36534, -1.77116, 4.41035, 1.62714, -1.78504, 1.0329, 
0.71007, -11.1373, -6.13189, 2.48868, -9.71038, -1.44411, -9.40073, 
-6.80172, -2.73726, -2.98401, -1.88318, -1.45448, 0, 0, 0, 0, 
0, 0, 0, 0, 0, 0, 0, 0, 0, 0, 0, 0, 0, 0, 0, 0, 0, 0, 0.85562, 
0.85734, 0.85172, 0.85373, 0.85196, 0.83381, 0.84165, 0.84616, 
0.84788, 0.85157, 0.85319, 0.85562, 0.85734, 0.85172, 0.84394, 
0.8459, 0.83381, 0.83369, 0.84872, 0.84788, 0.84708, 0.84894, 
0.0236, 0.0332, 0.0447, 0.0379, 0.0455, 0.0362, 0.035, 0.0542, 
0.0545, 0.0643, 0.0704, 61.2, 82.3, 216.9, 95.4, 163.5, 115, 
131.7, 168, 169.1, 193.5, 221.1, 3, 3, 1, 2466, 481, 7, 631, 
1362, 1, 482, 1645, 1078, 956, 928, 1, 2, 796, 2, 1, 1003, 1, 
1, 100, 100, 100, 100, 100, 100, 100, 100, 100, 100, 100, 2500, 
2500, 2500, 2500, 2500, 2500, 2500, 2500, 2500, 2500, 2500, 7819.636, 
9825.583, 7997.209, 8126.876, 8505.30900000001, 10445.708, 10652.26, 
10493.208, 11109.703, 11225.733, 10757.791, 1, 1, 1, 1, 1, 1, 
1, 1, 1, 1, 1, 0.0625, 0.0625, 0.0625, 0.0625, 0.0625, 0.0625, 
0.0625, 0.0625, 0.0625, 0.0625, 0.0625, 0, 0, 0, 0, 0, 0, 0, 
0, 0, 0, 0, 0, 0, 0, 0, 0, 0, 0, 0, 0, 0, 0, 0.85562, 0.85734, 
0.85172, 0.8504, 0.84893, 0.83381, 0.83909, 0.84378, 0.84788, 
0.85152, 0.85106, 0.85562, 0.85734, 0.85172, 0.8504, 0.84893, 
0.83381, 0.83909, 0.84378, 0.84788, 0.85152, 0.85106, 0.0276, 
0.0318, 0.0322, 0.0339, 0.0382, 0.0449, 0.0462, 0.0515, 0.0543, 
0.0567, 0.0565, 85.8, 92.6, 101.6, 112.3, 121.3, 138.1, 144.5, 
149.9, 154.9, 155.4, 165.9, 1, 1, 1, 1, 1, 1, 1, 1, 1, 1, 1, 
1, 1, 1, 1, 1, 1, 1, 1, 1, 1, 1, 1, 1, 1, 1, 1, 1, 1, 1, 1, 1, 
1, 1, 1, 1, 1, 1, 1, 1, 1, 1, 1, 1, 3.009, 3.836, 3.101, 3.017, 
3.103, 3.895, 3.891, 4.023, 4.003, 4.006, 3.209), .Dim = c(11L, 
40L), .Dimnames = list(NULL, c("Sampling", "PSO.cost", "PSO.gamma", 
"PSO.data.balancing", "PSO.feature.selection", "PSO.valid.acc", 
"PSO.test.acc", "PSO.train.time", "PSO.n.support.vectors", "PSO.index", 
"PSO.n.solutions", "PSO.generations", "PSO.n.evaluations", "PSO.cpu.time", 
"RS.cost", "RS.gamma", "RS.data.balancing", "RS.feature.selection", 
"RS.valid.acc", "RS.test.acc", "RS.train.time", "RS.n.support.vectors", 
"RS.index", "RS.n.solutions", "RS.generations", "RS.n.evaluations", 
"RS.cpu.time", "DF.cost", "DF.gamma", "DF.data.balancing", "DF.feature.selection", 
"DF.valid.acc", "DF.test.acc", "DF.train.time", "DF.n.support.vectors", 
"DF.index", "DF.n.solutions", "DF.generations", "DF.n.evaluations", 
"DF.cpu.time")))
