full <-
structure(c(50, 55, 60, 65, 70, 75, 80, 85, 90, 95, 100, 10.89466, 
10.5064, 1, 0.35317, 1, -0.06537, 1, 0.47157, 1, 4.83112, 1, 
-10.21623, 3, 0.0625, 3, 0.0625, 3, 0.0625, 3, 0.0625, -6.07557, 
0.0625, 0, 0, 0, 0, 0, 0, 0, 0, 0, 0, 0, 0, 0, 0, 0, 0, 0, 0, 
0, 0, 0, 0, 0.85543, 0.85749, 0.86933, 0.87613, 0.85203, 0.8537, 
0.85237, 0.86098, 0.84788, 0.85153, 0.85106, 0.8221, 0.85749, 
0.86933, 0.86968, 0.85203, 0.85363, 0.85237, 0.85854, 0.84788, 
0.84709, 0.85106, 0.0236, 0.0278, 0.0203, 0.0348, 0.0255, 0.0421, 
0.0315, 0.052, 0.0366, 0.042, 0.0405, 69.4, 197.7, 92.4, 235.6, 
118.5, 269.2, 136.2, 304.6, 155.2, 144.7, 162.4, 6, 97, 1, 443, 
1, 416, 1, 353, 1, 70, 1, 83, 1954, 1975, 107, 1818, 272, 1947, 
356, 1717, 78, 1811, 100, 100, 100, 100, 100, 100, 100, 100, 
100, 100, 100, 2500, 2500, 2500, 2500, 2500, 2500, 2500, 2500, 
2500, 2500, 2500, 6238.193, 6495.694, 6336.702, 8880.933, 6744.101, 
8705.126, 9244.673, 9637.746, 9505.71400000001, 9824.49400000001, 
9795.345, 14.65443, 7.57533, 5.74865, 5.82004, 3.58088, 0.11164, 
9.12427, 0.33889, 4.85652, 3.29274, 10.03333, -14.26955, 2.99106, 
-12.76057, -6.36437, -12.78937, 2.73287, -12.00846, 2.61452, 
-12.17621, -4.54794, -14.12823, 0, 0, 0, 0, 0, 0, 0, 0, 0, 0, 
0, 0, 0, 0, 0, 0, 0, 0, 0, 0, 0, 0, 0.85562, 0.85749, 0.86933, 
0.8729, 0.85203, 0.8537, 0.85237, 0.85854, 0.84788, 0.85153, 
0.85106, 0.81775, 0.85749, 0.86933, 0.86312, 0.85203, 0.85363, 
0.85237, 0.8561, 0.84788, 0.84931, 0.85106, 0.0318, 0.0277, 0.0203, 
0.0248, 0.022, 0.0429, 0.0597, 0.0514, 0.0409, 0.0407, 0.0765, 
66.2, 197.7, 95.2, 89.6, 100, 267.8, 141, 301.2, 194.7, 151.8, 
188.1, 2017, 208, 1, 115, 2, 624, 1, 2391, 5, 1125, 3, 1, 15, 
896, 4, 899, 2, 1036, 1, 943, 2, 1036, 100, 100, 100, 100, 100, 
100, 100, 100, 100, 100, 100, 2500, 2500, 2500, 2500, 2500, 2500, 
2500, 2500, 2500, 2500, 2500, 6353.572, 6501.874, 6520.927, 8137.146, 
7249.87000000001, 9719.932, 9746.338, 9962.29300000001, 10333.482, 
10571.031, 10551.925, 1, 1, 1, 1, 1, 1, 1, 1, 1, 1, 1, 0.0625, 
0.0625, 0.0625, 0.0625, 0.0625, 0.0625, 0.0625, 0.0625, 0.0625, 
0.0625, 0.0625, 0, 0, 0, 0, 0, 0, 0, 0, 0, 0, 0, 0, 0, 0, 0, 
0, 0, 0, 0, 0, 0, 0, 0.85145, 0.85734, 0.86933, 0.86968, 0.85203, 
0.85363, 0.85237, 0.8561, 0.84788, 0.85148, 0.85106, 0.85145, 
0.85734, 0.86933, 0.86968, 0.85203, 0.85363, 0.85237, 0.8561, 
0.84788, 0.85148, 0.85106, 0.0181, 0.0195, 0.0201, 0.0227, 0.0255, 
0.029, 0.0316, 0.0334, 0.0365, 0.0386, 0.0405, 86.1, 93.8, 92.4, 
101.9, 118.5, 126.7, 136.2, 142.7, 155.2, 157.3, 162.4, 1, 1, 
1, 1, 1, 1, 1, 1, 1, 1, 1, 1, 1, 1, 1, 1, 1, 1, 1, 1, 1, 1, 1, 
1, 1, 1, 1, 1, 1, 1, 1, 1, 1, 1, 1, 1, 1, 1, 1, 1, 1, 1, 1, 1, 
2.489, 2.546, 2.485, 2.638, 2.691, 3.641, 3.659, 3.613, 3.592, 
3.777, 3.807), .Dim = c(11L, 40L), .Dimnames = list(NULL, c("Sampling", 
"PSO.cost", "PSO.gamma", "PSO.data.balancing", "PSO.feature.selection", 
"PSO.valid.acc", "PSO.test.acc", "PSO.train.time", "PSO.n.support.vectors", 
"PSO.index", "PSO.n.solutions", "PSO.generations", "PSO.n.evaluations", 
"PSO.cpu.time", "RS.cost", "RS.gamma", "RS.data.balancing", "RS.feature.selection", 
"RS.valid.acc", "RS.test.acc", "RS.train.time", "RS.n.support.vectors", 
"RS.index", "RS.n.solutions", "RS.generations", "RS.n.evaluations", 
"RS.cpu.time", "DF.cost", "DF.gamma", "DF.data.balancing", "DF.feature.selection", 
"DF.valid.acc", "DF.test.acc", "DF.train.time", "DF.n.support.vectors", 
"DF.index", "DF.n.solutions", "DF.generations", "DF.n.evaluations", 
"DF.cpu.time")))
