full <-
structure(c(50, 55, 60, 65, 70, 75, 80, 85, 90, 95, 100, 1, 1, 
1.13098, 1.01696, 1, 1, 2.547, 1, 0.0934, 2.17412, 1, 0.0625, 
0.0625, -1.84194, -1.87631, 0.0625, 0.0625, -4.03764, 0.0625, 
3, -2.59644, 0.0625, 0, 0, 0, 0, 0, 0, 0, 0, 0, 0, 0, 0, 0, 0, 
0, 0, 0, 0, 0, 0, 0, 0, 0.86824, 0.86899, 0.85862, 0.86348, 0.86415, 
0.86198, 0.86278, 0.8611, 0.85727, 0.85359, 0.85106, 0.86824, 
0.86899, 0.8516, 0.85681, 0.86415, 0.86198, 0.85502, 0.8611, 
0.85489, 0.8446, 0.85106, 0.0291, 0.0295, 0.0361, 0.0388, 0.037, 
0.0421, 0.0452, 0.0474, 0.0871, 0.0609, 0.0587, 76, 85.9, 128.4, 
131.2, 110.9, 118.3, 128.3, 134.1, 321.9, 181.1, 164.5, 1, 1, 
1581, 827, 1, 1, 2182, 1, 2199, 560, 1, 1814, 1884, 3, 103, 1867, 
1840, 1, 1986, 12, 37, 1792, 100, 100, 100, 100, 100, 100, 100, 
100, 100, 100, 100, 2500, 2500, 2500, 2500, 2500, 2500, 2500, 
2500, 2500, 2500, 2500, 8262.675, 8331.232, 8442.44500000001, 
8549.884, 8575.87, 8710.587, 9040.32000000001, 8946.50099999999, 
9297.39499999999, 9116.61299999998, 9346.16700000002, -0.16715, 
1.95184, 0.02248, 1.05441, 6.56585, 2.71389, 4.45842, 1.26056, 
8.99032, -1.27677, -0.95826, -14.75097, -10.78431, -10.79578, 
-2.07034, -9.26841, -14.72317, -5.57343, -2.54901, -13.59378, 
-0.1185, -12.26209, 0, 0, 0, 0, 0, 0, 0, 0, 0, 0, 0, 0, 0, 0, 
0, 0, 0, 0, 0, 0, 0, 0, 0.86824, 0.86899, 0.85517, 0.86348, 0.86415, 
0.86198, 0.86278, 0.8636, 0.85489, 0.85152, 0.85106, 0.86824, 
0.86899, 0.85517, 0.85359, 0.86415, 0.86198, 0.85495, 0.8536, 
0.85489, 0.85152, 0.85106, 0.0244, 0.0289, 0.0297, 0.0378, 0.0464, 
0.0333, 0.0447, 0.0522, 0.0769, 0.0762, 0.0438, 50.7, 79.7, 81.2, 
128.1, 98.9, 87.8, 115.4, 156, 173.4, 266.5, 117.5, 1, 3, 1, 
806, 2, 5, 1553, 1035, 1, 8, 3, 923, 1064, 1106, 2, 983, 1011, 
1, 1, 1006, 966, 969, 100, 100, 100, 100, 100, 100, 100, 100, 
100, 100, 100, 2500, 2500, 2500, 2500, 2500, 2500, 2500, 2500, 
2500, 2500, 2500, 8468.617, 8572.709, 8841.331, 8865.809, 9027.81200000001, 
9406.677, 9419.29100000001, 9688.932, 10004.316, 10383.112, 10381.352, 
1, 1, 1, 1, 1, 1, 1, 1, 1, 1, 1, 0.0625, 0.0625, 0.0625, 0.0625, 
0.0625, 0.0625, 0.0625, 0.0625, 0.0625, 0.0625, 0.0625, 0, 0, 
0, 0, 0, 0, 0, 0, 0, 0, 0, 0, 0, 0, 0, 0, 0, 0, 0, 0, 0, 0, 0.86824, 
0.86899, 0.85517, 0.86015, 0.86415, 0.86198, 0.86022, 0.8611, 
0.85489, 0.85152, 0.85106, 0.86824, 0.86899, 0.85517, 0.86015, 
0.86415, 0.86198, 0.86022, 0.8611, 0.85489, 0.85152, 0.85106, 
0.027, 0.0296, 0.0328, 0.0347, 0.0384, 0.0406, 0.0447, 0.0465, 
0.0519, 0.0552, 0.0581, 76, 85.9, 100.4, 103, 110.9, 118.3, 129, 
134.1, 148.5, 157.7, 164.5, 1, 1, 1, 1, 1, 1, 1, 1, 1, 1, 1, 
1, 1, 1, 1, 1, 1, 1, 1, 1, 1, 1, 1, 1, 1, 1, 1, 1, 1, 1, 1, 1, 
1, 1, 1, 1, 1, 1, 1, 1, 1, 1, 1, 1, 3.288, 3.228, 3.356, 3.277, 
3.456, 3.411, 3.485, 3.401, 3.571, 3.513, 3.39), .Dim = c(11L, 
40L), .Dimnames = list(NULL, c("Sampling", "PSO.cost", "PSO.gamma", 
"PSO.data.balancing", "PSO.feature.selection", "PSO.valid.acc", 
"PSO.test.acc", "PSO.train.time", "PSO.n.support.vectors", "PSO.index", 
"PSO.n.solutions", "PSO.generations", "PSO.n.evaluations", "PSO.cpu.time", 
"RS.cost", "RS.gamma", "RS.data.balancing", "RS.feature.selection", 
"RS.valid.acc", "RS.test.acc", "RS.train.time", "RS.n.support.vectors", 
"RS.index", "RS.n.solutions", "RS.generations", "RS.n.evaluations", 
"RS.cpu.time", "DF.cost", "DF.gamma", "DF.data.balancing", "DF.feature.selection", 
"DF.valid.acc", "DF.test.acc", "DF.train.time", "DF.n.support.vectors", 
"DF.index", "DF.n.solutions", "DF.generations", "DF.n.evaluations", 
"DF.cpu.time")))
