full <-
structure(c(50, 55, 60, 65, 70, 75, 80, 85, 90, 95, 100, -0.55504, 
1, 1.45587, 1, 13.80758, 1.45831, 1.04799, 1.97514, 1, 1.08856, 
1, -3.28368, 0.0625, -3.18249, 0.0625, -8.45929, -2.49454, -1.78841, 
-1.17172, 0.0625, -2.16052, 0.0625, 0, 0, 0, 0, 0, 0, 0, 0, 0, 
0, 0, 0, 0, 0, 0, 0, 0, 0, 0, 0, 0, 0, 0.85145, 0.85349, 0.85538, 
0.85677, 0.86165, 0.86784, 0.86548, 0.86619, 0.85947, 0.8582, 
0.85106, 0.85145, 0.85349, 0.84823, 0.85677, 0.83133, 0.86507, 
0.86022, 0.85131, 0.85947, 0.85598, 0.85106, 0.0277, 0.0288, 
0.0317, 0.0359, 0.1896, 0.0448, 0.0493, 0.0602, 0.051, 0.0609, 
0.0555, 86.2, 92.2, 108.7, 108.1, 104, 138.5, 164.3, 189.5, 143.9, 
183.5, 165.3, 6, 1, 1411, 1, 980, 173, 244, 1023, 1, 344, 1, 
1975, 1752, 15, 1853, 46, 386, 72, 41, 1985, 89, 1808, 100, 100, 
100, 100, 100, 100, 100, 100, 100, 100, 100, 2500, 2500, 2500, 
2500, 2500, 2500, 2500, 2500, 2500, 2500, 2500, 7715.844, 7859.707, 
7848.038, 7838.70099999999, 8860.153, 8022.804, 8032.75, 8362.28499999999, 
8518.723, 8660.342, 8899.508, -0.71822, -0.22451, 1.33595, -1.66211, 
12.50055, 1.57646, 1.10749, 0.96293, 8.7256, 2.03479, 6.69763, 
-11.0178, -11.15411, -3.06304, -10.41378, -7.80159, -2.44201, 
-1.76601, -0.64321, -14.92497, -1.77387, -10.74985, 0, 0, 0, 
0, 0, 0, 0, 0, 0, 0, 0, 0, 0, 0, 0, 0, 0, 0, 0, 0, 0, 0, 0.85145, 
0.85349, 0.85538, 0.85677, 0.86165, 0.86784, 0.86548, 0.86369, 
0.85947, 0.85839, 0.85106, 0.85145, 0.85349, 0.84823, 0.85677, 
0.83133, 0.86507, 0.85759, 0.85612, 0.85947, 0.84724, 0.85106, 
0.026, 0.0276, 0.032, 0.0299, 0.1366, 0.0411, 0.047, 0.0648, 
0.0521, 0.0621, 0.087, 65.4, 73.2, 110.5, 81.4, 104.6, 140.3, 
164.9, 216.1, 155.3, 190.4, 184.3, 3, 1, 435, 1, 1120, 262, 415, 
1087, 5, 383, 1, 463, 962, 4, 1001, 2, 3, 1, 2, 962, 2, 1022, 
100, 100, 100, 100, 100, 100, 100, 100, 100, 100, 100, 2500, 
2500, 2500, 2500, 2500, 2500, 2500, 2500, 2500, 2500, 2500, 7943.348, 
8032.535, 8156.662, 8257.375, 8468.766, 8537.251, 8707.698, 9285.606, 
9569.74000000002, 9659.33500000002, 9899.614, 1, 1, 1, 1, 1, 
1, 1, 1, 1, 1, 1, 0.0625, 0.0625, 0.0625, 0.0625, 0.0625, 0.0625, 
0.0625, 0.0625, 0.0625, 0.0625, 0.0625, 0, 0, 0, 0, 0, 0, 0, 
0, 0, 0, 0, 0, 0, 0, 0, 0, 0, 0, 0, 0, 0, 0, 0.84728, 0.85349, 
0.85181, 0.85677, 0.85816, 0.86204, 0.86285, 0.86119, 0.85947, 
0.85815, 0.85106, 0.84728, 0.85349, 0.85181, 0.85677, 0.85816, 
0.86204, 0.86285, 0.86119, 0.85947, 0.85815, 0.85106, 0.0268, 
0.0301, 0.0325, 0.0346, 0.0367, 0.0376, 0.0424, 0.0476, 0.0499, 
0.0519, 0.0552, 82.4, 92.2, 100.9, 108.1, 117, 118.6, 123.8, 
135.1, 143.9, 154.8, 165.3, 1, 1, 1, 1, 1, 1, 1, 1, 1, 1, 1, 
1, 1, 1, 1, 1, 1, 1, 1, 1, 1, 1, 1, 1, 1, 1, 1, 1, 1, 1, 1, 1, 
1, 1, 1, 1, 1, 1, 1, 1, 1, 1, 1, 1, 3.059, 3.005, 3.143, 3.096, 
2.956, 2.925, 3.203, 3.27, 3.299, 3.089, 3.122), .Dim = c(11L, 
40L), .Dimnames = list(NULL, c("Sampling", "PSO.cost", "PSO.gamma", 
"PSO.data.balancing", "PSO.feature.selection", "PSO.valid.acc", 
"PSO.test.acc", "PSO.train.time", "PSO.n.support.vectors", "PSO.index", 
"PSO.n.solutions", "PSO.generations", "PSO.n.evaluations", "PSO.cpu.time", 
"RS.cost", "RS.gamma", "RS.data.balancing", "RS.feature.selection", 
"RS.valid.acc", "RS.test.acc", "RS.train.time", "RS.n.support.vectors", 
"RS.index", "RS.n.solutions", "RS.generations", "RS.n.evaluations", 
"RS.cpu.time", "DF.cost", "DF.gamma", "DF.data.balancing", "DF.feature.selection", 
"DF.valid.acc", "DF.test.acc", "DF.train.time", "DF.n.support.vectors", 
"DF.index", "DF.n.solutions", "DF.generations", "DF.n.evaluations", 
"DF.cpu.time")))
