full <-
structure(c(50, 55, 60, 65, 70, 75, 80, 85, 90, 95, 100, 6.74488, 
5.21824, 1, 15, 5.3021, 10.21019, 1.24937, 1.48235, 1.55232, 
-0.17044, 1, -6.62719, -5.6643, 0.0625, -11.1006, -6.36603, -9.16797, 
-0.97772, -2.09978, -2.00036, 3, 0.0625, 0, 0, 0, 0, 0, 0, 0, 
0, 0, 0, 0, 0, 0, 0, 0, 0, 0, 0, 0, 0, 0, 0, 0.8596, 0.84189, 
0.83408, 0.83753, 0.84303, 0.85934, 0.85501, 0.8611, 0.85493, 
0.85152, 0.85106, 0.85091, 0.83835, 0.83408, 0.83065, 0.83393, 
0.85934, 0.84427, 0.84866, 0.84108, 0.8493, 0.85106, 0.0282, 
0.031, 0.032, 0.1155, 0.0247, 0.0664, 0.0372, 0.0527, 0.0566, 
0.0909, 0.0566, 76.6, 87.3, 107, 97.6, 107.4, 104.7, 188.5, 164.1, 
185, 339.3, 163.1, 305, 539, 1, 143, 1518, 39, 2448, 660, 1711, 
862, 1, 141, 78, 1987, 25, 11, 420, 1, 176, 10, 89, 1700, 100, 
100, 100, 100, 100, 100, 100, 100, 100, 100, 100, 2500, 2500, 
2500, 2500, 2500, 2500, 2500, 2500, 2500, 2500, 2500, 7175.75, 
6898.592, 7772.536, 8110.8, 7642.45, 8263.02499999999, 7669.73700000001, 
9228.67499999999, 7858.16899999999, 8054.43400000001, 8927.33200000002, 
7.66089, 6.31186, 4.84906, 10.4168, 5.33558, 13.63343, 9.53299, 
1.31553, 1.58764, 0.36104, -0.12689, -6.82388, -6.42702, -12.0985, 
-8.68903, -6.30985, -10.84793, -14.26877, -1.78417, -2.01012, 
-5.44522, 2.70655, 0, 0, 0, 0, 0, 0, 0, 0, 0, 0, 0, 0, 0, 0, 
0, 0, 0, 0, 0, 0, 0, 0, 0.85525, 0.84189, 0.83408, 0.83753, 0.84303, 
0.85934, 0.85237, 0.8586, 0.85493, 0.8493, 0.85319, 0.84674, 
0.8459, 0.83408, 0.83398, 0.83384, 0.85934, 0.85237, 0.84866, 
0.84335, 0.8493, 0.85106, 0.0292, 0.0307, 0.0355, 0.0498, 0.039, 
0.1234, 0.0353, 0.0542, 0.0592, 0.0519, 0.0887, 74.2, 85.8, 109.1, 
98.4, 107.2, 104, 131.6, 173.2, 184.5, 147.8, 347.5, 163, 1055, 
1, 852, 2308, 9, 2, 125, 1873, 2, 2067, 6, 1, 877, 2, 1, 33, 
948, 2, 2, 901, 1, 100, 100, 100, 100, 100, 100, 100, 100, 100, 
100, 100, 2500, 2500, 2500, 2500, 2500, 2500, 2500, 2500, 2500, 
2500, 2500, 7567.138, 6989.226, 7820.193, 7379.1, 7984.04700000001, 
7912.02, 9969.70600000001, 9433.511, 9718.48700000002, 9665.87100000001, 
11270.254, 1, 1, 1, 1, 1, 1, 1, 1, 1, 1, 1, 0.0625, 0.0625, 0.0625, 
0.0625, 0.0625, 0.0625, 0.0625, 0.0625, 0.0625, 0.0625, 0.0625, 
0, 0, 0, 0, 0, 0, 0, 0, 0, 0, 0, 0, 0, 0, 0, 0, 0, 0, 0, 0, 0, 
0, 0.83841, 0.83419, 0.83408, 0.83387, 0.83696, 0.84807, 0.85237, 
0.8536, 0.8526, 0.8493, 0.85106, 0.83841, 0.83419, 0.83408, 0.83387, 
0.83696, 0.84807, 0.85237, 0.8536, 0.8526, 0.8493, 0.85106, 0.0272, 
0.019, 0.0314, 0.0359, 0.0373, 0.0371, 0.0438, 0.0446, 0.0497, 
0.0537, 0.0601, 88.4, 97.6, 107, 114.5, 117.6, 122.8, 127.4, 
134.7, 148.5, 160.9, 163.1, 1, 1, 1, 1, 1, 1, 1, 1, 1, 1, 1, 
1, 1, 1, 1, 1, 1, 1, 1, 1, 1, 1, 1, 1, 1, 1, 1, 1, 1, 1, 1, 1, 
1, 1, 1, 1, 1, 1, 1, 1, 1, 1, 1, 1, 2.844, 2.21, 2.875, 3.784, 
2.99, 2.919, 3.857, 3.067, 3.085, 3.107, 4.007), .Dim = c(11L, 
40L), .Dimnames = list(NULL, c("Sampling", "PSO.cost", "PSO.gamma", 
"PSO.data.balancing", "PSO.feature.selection", "PSO.valid.acc", 
"PSO.test.acc", "PSO.train.time", "PSO.n.support.vectors", "PSO.index", 
"PSO.n.solutions", "PSO.generations", "PSO.n.evaluations", "PSO.cpu.time", 
"RS.cost", "RS.gamma", "RS.data.balancing", "RS.feature.selection", 
"RS.valid.acc", "RS.test.acc", "RS.train.time", "RS.n.support.vectors", 
"RS.index", "RS.n.solutions", "RS.generations", "RS.n.evaluations", 
"RS.cpu.time", "DF.cost", "DF.gamma", "DF.data.balancing", "DF.feature.selection", 
"DF.valid.acc", "DF.test.acc", "DF.train.time", "DF.n.support.vectors", 
"DF.index", "DF.n.solutions", "DF.generations", "DF.n.evaluations", 
"DF.cpu.time")))
