full <-
structure(c(50, 55, 60, 65, 70, 75, 80, 85, 90, 95, 100, 1, 0.36525, 
6.21214, 1, 1, 2.63298, 1, 6.39943, 2.12275, 0.77987, 1.54734, 
0.0625, 3, 2.63138, 0.0625, 0.0625, -3.25524, 0.0625, -7.25303, 
-3.02893, -1.61987, -2.436, 0, 0, 0, 0, 0, 0, 0, 0, 0, 0, 0, 
0, 0, 0, 0, 0, 0, 0, 0, 0, 0, 0, 0.87228, 0.88042, 0.88027, 0.87968, 
0.8762, 0.88188, 0.87077, 0.87602, 0.86189, 0.86045, 0.85319, 
0.87228, 0.88042, 0.87682, 0.87968, 0.8762, 0.86204, 0.87077, 
0.86364, 0.85253, 0.856, 0.85106, 0.0295, 0.0434, 0.047, 0.0322, 
0.0399, 0.0383, 0.0398, 0.0494, 0.0516, 0.0587, 0.0624, 78.6, 
201, 215, 92.8, 103.1, 114.1, 119.5, 115.6, 157.1, 199.5, 195.1, 
1, 163, 118, 1, 1, 431, 1, 514, 580, 457, 2311, 1805, 689, 1843, 
1873, 1844, 68, 2007, 171, 180, 81, 1, 100, 100, 100, 100, 100, 
100, 100, 100, 100, 100, 100, 2500, 2500, 2500, 2500, 2500, 2500, 
2500, 2500, 2500, 2500, 2500, 8886.226, 8867.238, 9055.969, 10335.407, 
9811.455, 8458.23300000001, 8343.575, 8778.59, 8927.905, 9307.82200000001, 
8770.424, 1.89141, 0.60293, 9.15896, 1.49682, 1.56808, 2.75833, 
0.67736, 5.12275, 1.18384, 0.77019, 1.83104, -13.12347, 2.16405, 
2.96342, -8.44193, 2.73685, 1.68106, -13.48787, -6.02672, -2.68603, 
-1.74899, -2.15968, 0, 0, 0, 0, 0, 0, 0, 0, 0, 0, 0, 0, 0, 0, 
0, 0, 0, 0, 0, 0, 0, 0, 0.87228, 0.88042, 0.88027, 0.87968, 0.87923, 
0.88188, 0.87077, 0.87602, 0.85956, 0.85827, 0.85319, 0.87228, 
0.88042, 0.87682, 0.87968, 0.87023, 0.87339, 0.87077, 0.86364, 
0.85718, 0.85595, 0.85106, 0.0252, 0.0431, 0.0491, 0.0371, 0.0542, 
0.0595, 0.033, 0.046, 0.0512, 0.0591, 0.0642, 60.6, 197.2, 217.4, 
90.7, 248.4, 248, 84.6, 117.5, 161.6, 195.6, 200.7, 3, 313, 67, 
2, 1160, 1660, 1, 351, 1305, 160, 441, 941, 4, 53, 1030, 1, 2, 
863, 4, 3, 4, 3, 100, 100, 100, 100, 100, 100, 100, 100, 100, 
100, 100, 2500, 2500, 2500, 2500, 2500, 2500, 2500, 2500, 2500, 
2500, 2500, 8866.485, 8875.783, 8887.162, 11156.297, 8584.325, 
8766.712, 9054.717, 9175.32800000001, 9660.519, 9647.36900000001, 
9786.20599999998, 1, 1, 1, 1, 1, 1, 1, 1, 1, 1, 1, 0.0625, 0.0625, 
0.0625, 0.0625, 0.0625, 0.0625, 0.0625, 0.0625, 0.0625, 0.0625, 
0.0625, 0, 0, 0, 0, 0, 0, 0, 0, 0, 0, 0, 0, 0, 0, 0, 0, 0, 0, 
0, 0, 0, 0, 0.87228, 0.87657, 0.87657, 0.87968, 0.8762, 0.87903, 
0.87077, 0.86614, 0.85718, 0.856, 0.85106, 0.87228, 0.87657, 
0.87657, 0.87968, 0.8762, 0.87903, 0.87077, 0.86614, 0.85718, 
0.856, 0.85106, 0.0296, 0.0301, 0.0304, 0.0358, 0.0344, 0.0359, 
0.0399, 0.0434, 0.0477, 0.0526, 0.057, 78.6, 81.7, 88, 92.8, 
103.1, 106.8, 119.5, 127.8, 143.6, 154.5, 166.7, 1, 1, 1, 1, 
1, 1, 1, 1, 1, 1, 1, 1, 1, 1, 1, 1, 1, 1, 1, 1, 1, 1, 1, 1, 1, 
1, 1, 1, 1, 1, 1, 1, 1, 1, 1, 1, 1, 1, 1, 1, 1, 1, 1, 1, 3.391, 
3.515, 3.431, 4.642, 3.293, 3.252, 3.416, 3.364, 3.386, 3.344, 
3.318), .Dim = c(11L, 40L), .Dimnames = list(NULL, c("Sampling", 
"PSO.cost", "PSO.gamma", "PSO.data.balancing", "PSO.feature.selection", 
"PSO.valid.acc", "PSO.test.acc", "PSO.train.time", "PSO.n.support.vectors", 
"PSO.index", "PSO.n.solutions", "PSO.generations", "PSO.n.evaluations", 
"PSO.cpu.time", "RS.cost", "RS.gamma", "RS.data.balancing", "RS.feature.selection", 
"RS.valid.acc", "RS.test.acc", "RS.train.time", "RS.n.support.vectors", 
"RS.index", "RS.n.solutions", "RS.generations", "RS.n.evaluations", 
"RS.cpu.time", "DF.cost", "DF.gamma", "DF.data.balancing", "DF.feature.selection", 
"DF.valid.acc", "DF.test.acc", "DF.train.time", "DF.n.support.vectors", 
"DF.index", "DF.n.solutions", "DF.generations", "DF.n.evaluations", 
"DF.cpu.time")))
