full <-
structure(c(50, 55, 60, 65, 70, 75, 80, 85, 90, 95, 100, 15, 
11.71127, 1, 13.98378, 7.31941, 12.32551, 1.75563, 0.39236, 2.02852, 
-0.11011, 1.68888, -13.07969, -11.64556, 0.0625, -10.20288, -7.2033, 
-11.38497, -2.19806, 3, -2.78155, 3, -2.35258, 0, 0, 0, 0, 0, 
0, 0, 0, 0, 0, 0, 0, 0, 0, 0, 0, 0, 0, 0, 0, 0, 0, 0.8601, 0.85723, 
0.84828, 0.86011, 0.85809, 0.86204, 0.85524, 0.85616, 0.86656, 
0.8626, 0.85532, 0.8512, 0.85723, 0.84828, 0.85032, 0.85809, 
0.86204, 0.85247, 0.85366, 0.8619, 0.86037, 0.84894, 0.067, 0.0524, 
0.0347, 0.0855, 0.0448, 0.0975, 0.049, 0.0747, 0.0571, 0.0906, 
0.0646, 68, 79.3, 101, 94.5, 103.6, 105.5, 161.2, 305.4, 163.9, 
337.2, 192.3, 110, 35, 1, 136, 10, 6, 706, 258, 1722, 1528, 1034, 
65, 1053, 1882, 204, 610, 923, 240, 228, 1, 21, 92, 100, 100, 
100, 100, 100, 100, 100, 100, 100, 100, 100, 2500, 2500, 2500, 
2500, 2500, 2500, 2500, 2500, 2500, 2500, 2500, 8722.748, 8939.064, 
8658.331, 9340.969, 9598.20299999999, 9791.02899999999, 8869.37400000001, 
9016.30499999999, 9121.03200000001, 9462.277, 9276.717, 13.32163, 
13.06768, 0.85283, 9.89451, 14.57119, 14.96412, 1.30759, -0.82417, 
2.03686, -0.25765, 1.68718, -12.09116, -14.05709, -2.26156, -7.93969, 
-11.14556, -11.89039, -2.59157, -14.71148, -2.88996, 2.91901, 
-2.33101, 0, 0, 0, 0, 0, 0, 0, 0, 0, 0, 0, 0, 0, 0, 0, 0, 0, 
0, 0, 0, 0, 0, 0.8601, 0.85723, 0.8484, 0.86011, 0.85809, 0.86204, 
0.85517, 0.8561, 0.86423, 0.8626, 0.85532, 0.85555, 0.85723, 
0.84126, 0.8471, 0.85809, 0.86204, 0.85524, 0.8561, 0.85958, 
0.86037, 0.84894, 0.0474, 0.0424, 0.0366, 0.0471, 0.1296, 0.1854, 
0.0469, 0.0371, 0.0547, 0.0916, 0.0646, 68.6, 75.6, 119.7, 97, 
100.2, 105.8, 151.5, 93.2, 161.6, 334.9, 192.8, 1317, 4, 413, 
346, 6, 31, 110, 2, 656, 1414, 581, 2, 221, 1, 12, 82, 150, 8, 
825, 3, 1, 1, 100, 100, 100, 100, 100, 100, 100, 100, 100, 100, 
100, 2500, 2500, 2500, 2500, 2500, 2500, 2500, 2500, 2500, 2500, 
2500, 8552.233, 8814.586, 8755.661, 8520.12, 8912.37800000001, 
8977.519, 9405.35399999999, 9627.38700000002, 10012.738, 10287.063, 
10667.121, 1, 1, 1, 1, 1, 1, 1, 1, 1, 1, 1, 0.0625, 0.0625, 0.0625, 
0.0625, 0.0625, 0.0625, 0.0625, 0.0625, 0.0625, 0.0625, 0.0625, 
0, 0, 0, 0, 0, 0, 0, 0, 0, 0, 0, 0, 0, 0, 0, 0, 0, 0, 0, 0, 0, 
0, 0.84723, 0.84554, 0.84828, 0.8471, 0.85203, 0.8564, 0.8551, 
0.8561, 0.86185, 0.86037, 0.85106, 0.84723, 0.84554, 0.84828, 
0.8471, 0.85203, 0.8564, 0.8551, 0.8561, 0.86185, 0.86037, 0.85106, 
0.0291, 0.0311, 0.0357, 0.0361, 0.0389, 0.0416, 0.046, 0.0482, 
0.0519, 0.0553, 0.0594, 84.5, 95.3, 101, 110.2, 117.7, 122.1, 
135.3, 141.6, 147.3, 153, 165.9, 1, 1, 1, 1, 1, 1, 1, 1, 1, 1, 
1, 1, 1, 1, 1, 1, 1, 1, 1, 1, 1, 1, 1, 1, 1, 1, 1, 1, 1, 1, 1, 
1, 1, 1, 1, 1, 1, 1, 1, 1, 1, 1, 1, 1, 3.268, 3.424, 3.571, 3.369, 
3.441, 3.477, 3.361, 3.618, 3.624, 3.586, 3.627), .Dim = c(11L, 
40L), .Dimnames = list(NULL, c("Sampling", "PSO.cost", "PSO.gamma", 
"PSO.data.balancing", "PSO.feature.selection", "PSO.valid.acc", 
"PSO.test.acc", "PSO.train.time", "PSO.n.support.vectors", "PSO.index", 
"PSO.n.solutions", "PSO.generations", "PSO.n.evaluations", "PSO.cpu.time", 
"RS.cost", "RS.gamma", "RS.data.balancing", "RS.feature.selection", 
"RS.valid.acc", "RS.test.acc", "RS.train.time", "RS.n.support.vectors", 
"RS.index", "RS.n.solutions", "RS.generations", "RS.n.evaluations", 
"RS.cpu.time", "DF.cost", "DF.gamma", "DF.data.balancing", "DF.feature.selection", 
"DF.valid.acc", "DF.test.acc", "DF.train.time", "DF.n.support.vectors", 
"DF.index", "DF.n.solutions", "DF.generations", "DF.n.evaluations", 
"DF.cpu.time")))
