full <-
structure(c(50, 55, 60, 65, 70, 75, 80, 85, 90, 95, 100, 7.16389, 
6.03959, 1.57416, 1, 5.99412, 2.72693, 2.41328, 6.30412, 5.95707, 
2.32912, 1, -8.68416, -6.94391, -2.52176, 0.0625, -5.57905, -3.4385, 
-3.49957, -6.57282, -7.57702, -2.23241, 0.0625, 0, 0, 0, 0, 0, 
0, 0, 0, 0, 0, 0, 0, 0, 0, 0, 0, 0, 0, 0, 0, 0, 0, 0.86395, 0.85734, 
0.86576, 0.86, 0.86121, 0.8676, 0.86024, 0.84866, 0.85249, 0.86477, 
0.85106, 0.8596, 0.85349, 0.8516, 0.86, 0.85818, 0.8649, 0.85498, 
0.84866, 0.85017, 0.84694, 0.85106, 0.0336, 0.0355, 0.0338, 0.0365, 
0.048, 0.0453, 0.0473, 0.0577, 0.0607, 0.0642, 0.0596, 77.3, 
87.4, 117.2, 113.2, 113.8, 131.5, 140.4, 133.2, 137.3, 184.3, 
164.1, 10, 4, 181, 1, 244, 1561, 1063, 90, 166, 761, 1, 811, 
848, 575, 1639, 51, 9, 75, 290, 214, 157, 1809, 100, 100, 100, 
100, 100, 100, 100, 100, 100, 100, 100, 2500, 2500, 2500, 2500, 
2500, 2500, 2500, 2500, 2500, 2500, 2500, 7650.782, 8078.46, 
7774.236, 8083.967, 8150.84099999999, 8148.63500000001, 9036.96799999999, 
9696.125, 10025.927, 8620.80600000001, 8806.34899999999, 0.86092, 
10.58961, 1.91519, -0.61934, 5.72396, 1.52273, 8.85683, 6.03274, 
9.45312, 2.69065, 1.70802, -1.82636, -10.03218, -2.80565, -13.18221, 
-5.57563, -2.93065, -7.62575, -6.75873, -9.22077, -2.50482, -10.7493, 
0, 0, 0, 0, 0, 0, 0, 0, 0, 0, 0, 0, 0, 0, 0, 0, 0, 0, 0, 0, 0, 
0, 0.86413, 0.85734, 0.86576, 0.86, 0.86121, 0.8649, 0.85491, 
0.84866, 0.85249, 0.86477, 0.85106, 0.86413, 0.85349, 0.8516, 
0.86, 0.85818, 0.86204, 0.84438, 0.84866, 0.85249, 0.84477, 0.85106, 
0.0306, 0.0567, 0.0339, 0.0284, 0.0454, 0.0444, 0.0625, 0.0579, 
0.0956, 0.0603, 0.0551, 112.3, 83.6, 114, 71.3, 113.6, 135.3, 
117.7, 132.6, 136.1, 178.6, 174.7, 2006, 5, 91, 1, 448, 1819, 
822, 108, 55, 2103, 2, 1, 215, 8, 892, 3, 1, 4, 10, 28, 1, 980, 
100, 100, 100, 100, 100, 100, 100, 100, 100, 100, 100, 2500, 
2500, 2500, 2500, 2500, 2500, 2500, 2500, 2500, 2500, 2500, 7770.925, 
7929.114, 8068.374, 8312.386, 8571.053, 8786.715, 8979.20699999999, 
9279.75399999999, 9465.35400000002, 9592.25599999999, 9791.04500000001, 
1, 1, 1, 1, 1, 1, 1, 1, 1, 1, 1, 0.0625, 0.0625, 0.0625, 0.0625, 
0.0625, 0.0625, 0.0625, 0.0625, 0.0625, 0.0625, 0.0625, 0, 0, 
0, 0, 0, 0, 0, 0, 0, 0, 0, 0, 0, 0, 0, 0, 0, 0, 0, 0, 0, 0, 0.85562, 
0.85349, 0.85862, 0.86, 0.85809, 0.86204, 0.84964, 0.84378, 0.84784, 
0.85593, 0.85106, 0.85562, 0.85349, 0.85862, 0.86, 0.85809, 0.86204, 
0.84964, 0.84378, 0.84784, 0.85593, 0.85106, 0.0281, 0.0309, 
0.0331, 0.0369, 0.0404, 0.0411, 0.0457, 0.0495, 0.0504, 0.053, 
0.0593, 88.1, 99, 103.8, 113.2, 124.5, 128.6, 135.6, 148.9, 153.5, 
155.7, 164.1, 1, 1, 1, 1, 1, 1, 1, 1, 1, 1, 1, 1, 1, 1, 1, 1, 
1, 1, 1, 1, 1, 1, 1, 1, 1, 1, 1, 1, 1, 1, 1, 1, 1, 1, 1, 1, 1, 
1, 1, 1, 1, 1, 1, 1, 3.037, 2.984, 3.079, 3.169, 3.153, 3.153, 
3.293, 3.188, 3.152, 3.316, 3.221), .Dim = c(11L, 40L), .Dimnames = list(
    NULL, c("Sampling", "PSO.cost", "PSO.gamma", "PSO.data.balancing", 
    "PSO.feature.selection", "PSO.valid.acc", "PSO.test.acc", 
    "PSO.train.time", "PSO.n.support.vectors", "PSO.index", "PSO.n.solutions", 
    "PSO.generations", "PSO.n.evaluations", "PSO.cpu.time", "RS.cost", 
    "RS.gamma", "RS.data.balancing", "RS.feature.selection", 
    "RS.valid.acc", "RS.test.acc", "RS.train.time", "RS.n.support.vectors", 
    "RS.index", "RS.n.solutions", "RS.generations", "RS.n.evaluations", 
    "RS.cpu.time", "DF.cost", "DF.gamma", "DF.data.balancing", 
    "DF.feature.selection", "DF.valid.acc", "DF.test.acc", "DF.train.time", 
    "DF.n.support.vectors", "DF.index", "DF.n.solutions", "DF.generations", 
    "DF.n.evaluations", "DF.cpu.time")))
