full <-
structure(c(50, 55, 60, 65, 70, 75, 80, 85, 90, 95, 100, 7.66507, 
0.78996, 3.44946, 4.22796, 0.90536, 0.32686, 1, 1, 1, 0.51759, 
1.49911, 1.66376, -2.60251, -4.68075, 3, 3, 3, 0.0625, 0.0625, 
0.0625, 3, -2.44911, 0, 0, 0, 0, 0, 0, 0, 0, 0, 0, 0, 0, 0, 0, 
0, 0, 0, 0, 0, 0, 0, 0, 0.84257, 0.8379, 0.8411, 0.84366, 0.84902, 
0.85656, 0.85759, 0.86114, 0.86189, 0.85603, 0.85745, 0.82989, 
0.83419, 0.82349, 0.84366, 0.84599, 0.8537, 0.85759, 0.86114, 
0.86189, 0.84941, 0.84894, 0.0381, 0.0321, 0.0324, 0.0511, 0.0557, 
0.0614, 0.0425, 0.0449, 0.0474, 0.0857, 0.0611, 175.7, 112.1, 
103.2, 235.4, 254.4, 272.2, 131.9, 134.5, 143.2, 336.8, 188.7, 
4, 431, 142, 112, 443, 340, 1, 1, 1, 1444, 455, 1603, 72, 215, 
1841, 516, 276, 1871, 1905, 1821, 12, 134, 100, 100, 100, 100, 
100, 100, 100, 100, 100, 100, 100, 2500, 2500, 2500, 2500, 2500, 
2500, 2500, 2500, 2500, 2500, 2500, 7983.569, 7830.676, 7950.898, 
8189.93, 8041.78300000001, 8519.83, 8292.227, 8388.175, 9549.47699999998, 
8944.44600000003, 8765.05500000002, 7.90118, 0.74334, 14.25752, 
5.99421, 0.94261, 0.74485, -1.9126, 2.72226, 14.40904, 2.97916, 
1.66793, 1.65777, -2.44545, -10.75279, 2.88517, 2.92667, 2.48275, 
-8.96501, -9.35998, -9.10736, -3.98873, -2.69258, 0, 0, 0, 0, 
0, 0, 0, 0, 0, 0, 0, 0, 0, 0, 0, 0, 0, 0, 0, 0, 0, 0, 0.84257, 
0.8379, 0.83777, 0.84366, 0.84608, 0.85656, 0.85759, 0.86114, 
0.86206, 0.85805, 0.85532, 0.82989, 0.83419, 0.82706, 0.84032, 
0.84305, 0.84814, 0.85759, 0.86114, 0.83847, 0.85139, 0.84681, 
0.0359, 0.033, 0.0733, 0.0504, 0.0579, 0.0599, 0.0353, 0.047, 
0.2621, 0.0537, 0.0625, 175.7, 115.2, 93.5, 234.7, 254.2, 268.9, 
113.4, 153, 125.5, 155.2, 182.3, 59, 334, 1228, 599, 1012, 2062, 
2, 1, 483, 72, 834, 98, 3, 1, 9, 1, 1, 1098, 1063, 1, 1, 2, 100, 
100, 100, 100, 100, 100, 100, 100, 100, 100, 100, 2500, 2500, 
2500, 2500, 2500, 2500, 2500, 2500, 2500, 2500, 2500, 7908.171, 
8097.932, 8063.575, 8046.709, 8450.74000000001, 8686.326, 9015.939, 
9077.19, 9648.57200000001, 9850.70799999998, 9919.231, 1, 1, 
1, 1, 1, 1, 1, 1, 1, 1, 1, 0.0625, 0.0625, 0.0625, 0.0625, 0.0625, 
0.0625, 0.0625, 0.0625, 0.0625, 0.0625, 0.0625, 0, 0, 0, 0, 0, 
0, 0, 0, 0, 0, 0, 0, 0, 0, 0, 0, 0, 0, 0, 0, 0, 0, 0.82971, 0.83419, 
0.83408, 0.84043, 0.84599, 0.85085, 0.85759, 0.86114, 0.86189, 
0.85593, 0.85106, 0.82971, 0.83419, 0.83408, 0.84043, 0.84599, 
0.85085, 0.85759, 0.86114, 0.86189, 0.85593, 0.85106, 0.0285, 
0.0303, 0.0326, 0.0345, 0.0373, 0.0391, 0.0423, 0.0441, 0.0488, 
0.0539, 0.0559, 89.4, 100.1, 107.3, 115.8, 121.3, 125.3, 131.9, 
134.5, 143.2, 156.2, 163, 1, 1, 1, 1, 1, 1, 1, 1, 1, 1, 1, 1, 
1, 1, 1, 1, 1, 1, 1, 1, 1, 1, 1, 1, 1, 1, 1, 1, 1, 1, 1, 1, 1, 
1, 1, 1, 1, 1, 1, 1, 1, 1, 1, 1, 3.076, 3.054, 3.204, 2.966, 
3.107, 3.188, 3.077, 3.1, 3.233, 3.484, 3.23), .Dim = c(11L, 
40L), .Dimnames = list(NULL, c("Sampling", "PSO.cost", "PSO.gamma", 
"PSO.data.balancing", "PSO.feature.selection", "PSO.valid.acc", 
"PSO.test.acc", "PSO.train.time", "PSO.n.support.vectors", "PSO.index", 
"PSO.n.solutions", "PSO.generations", "PSO.n.evaluations", "PSO.cpu.time", 
"RS.cost", "RS.gamma", "RS.data.balancing", "RS.feature.selection", 
"RS.valid.acc", "RS.test.acc", "RS.train.time", "RS.n.support.vectors", 
"RS.index", "RS.n.solutions", "RS.generations", "RS.n.evaluations", 
"RS.cpu.time", "DF.cost", "DF.gamma", "DF.data.balancing", "DF.feature.selection", 
"DF.valid.acc", "DF.test.acc", "DF.train.time", "DF.n.support.vectors", 
"DF.index", "DF.n.solutions", "DF.generations", "DF.n.evaluations", 
"DF.cpu.time")))
