full <-
structure(c(50, 55, 60, 65, 70, 75, 80, 85, 90, 95, 100, 1, 1, 
6.85585, 6.72708, 1, 1, 1, 1, 1, 1, 1, 0.0625, 0.0625, -8.13072, 
-6.90209, 0.0625, 0.0625, 0.0625, 0.0625, 0.0625, 0.0625, 0.0625, 
0, 0, 0, 0, 0, 0, 0, 0, 0, 0, 0, 0, 0, 0, 0, 0, 0, 0, 0, 0, 0, 
0, 0.84275, 0.84179, 0.84504, 0.85685, 0.84302, 0.84807, 0.84706, 
0.84866, 0.84555, 0.85155, 0.85106, 0.84275, 0.84179, 0.83419, 
0.85675, 0.84302, 0.84807, 0.84706, 0.84866, 0.84555, 0.85155, 
0.85106, 0.0317, 0.032, 0.041, 0.0463, 0.0412, 0.0443, 0.0467, 
0.0481, 0.0551, 0.056, 0.0613, 91.9, 97.3, 94.9, 104.8, 121.6, 
129.4, 138.6, 144.3, 154.7, 156.3, 165.8, 1, 1, 48, 10, 1, 1, 
1, 1, 1, 1, 1, 1804, 1774, 50, 666, 1760, 1684, 1742, 1507, 1689, 
1857, 2051, 100, 100, 100, 100, 100, 100, 100, 100, 100, 100, 
100, 2500, 2500, 2500, 2500, 2500, 2500, 2500, 2500, 2500, 2500, 
2500, 7811.362, 7920.963, 7966.822, 8610.122, 8155.929, 8269.06300000001, 
8344.459, 8737.56200000001, 8472.04300000001, 8499.86199999999, 
8525.59700000001, 3.02099, 1.55681, 5.66998, 8.64198, -1.54487, 
5.06023, 4.33875, 4.6998, 0.79277, 1.15742, -0.15419, -6.8565, 
-6.98362, -7.04266, -8.60529, -12.93163, -12.59427, -14.4397, 
-11.92991, -3.74183, -13.32739, -13.28527, 0, 0, 0, 0, 0, 0, 
0, 0, 0, 0, 0, 0, 0, 0, 0, 0, 0, 0, 0, 0, 0, 0, 0.84275, 0.84179, 
0.84504, 0.85685, 0.84302, 0.84807, 0.84706, 0.84866, 0.84555, 
0.85155, 0.85106, 0.84275, 0.84179, 0.83419, 0.85675, 0.84302, 
0.84807, 0.84706, 0.84866, 0.84323, 0.85155, 0.85106, 0.0317, 
0.032, 0.0389, 0.0558, 0.0327, 0.0401, 0.037, 0.0501, 0.0569, 
0.0431, 0.0431, 82.7, 91.3, 96.4, 101.3, 83.8, 117.2, 111.6, 
148.7, 156.8, 115.8, 114.8, 6, 5, 109, 24, 14, 2, 3, 3, 3, 2, 
2, 918, 846, 6, 84, 818, 915, 942, 979, 896, 894, 899, 100, 100, 
100, 100, 100, 100, 100, 100, 100, 100, 100, 2500, 2500, 2500, 
2500, 2500, 2500, 2500, 2500, 2500, 2500, 2500, 8011.786, 8117.581, 
8183.923, 8339.003, 8641.428, 8618.463, 8995.887, 11129.12, 9561.75300000003, 
9736.12699999998, 9923.027, 1, 1, 1, 1, 1, 1, 1, 1, 1, 1, 1, 
0.0625, 0.0625, 0.0625, 0.0625, 0.0625, 0.0625, 0.0625, 0.0625, 
0.0625, 0.0625, 0.0625, 0, 0, 0, 0, 0, 0, 0, 0, 0, 0, 0, 0, 0, 
0, 0, 0, 0, 0, 0, 0, 0, 0, 0.84275, 0.84179, 0.84479, 0.8504, 
0.84302, 0.84807, 0.84706, 0.84866, 0.84555, 0.85155, 0.85106, 
0.84275, 0.84179, 0.84479, 0.8504, 0.84302, 0.84807, 0.84706, 
0.84866, 0.84555, 0.85155, 0.85106, 0.0309, 0.0332, 0.0362, 0.0387, 
0.0403, 0.0426, 0.0449, 0.0488, 0.0537, 0.0557, 0.0623, 91.9, 
97.3, 106.8, 110.8, 121.6, 129.4, 138.6, 144.3, 154.7, 156.3, 
165.8, 1, 1, 1, 1, 1, 1, 1, 1, 1, 1, 1, 1, 1, 1, 1, 1, 1, 1, 
1, 1, 1, 1, 1, 1, 1, 1, 1, 1, 1, 1, 1, 1, 1, 1, 1, 1, 1, 1, 1, 
1, 1, 1, 1, 1, 3.149, 3.106, 3.165, 3.279, 3.222, 3.216, 3.185, 
3.268, 3.265, 3.268, 3.39), .Dim = c(11L, 40L), .Dimnames = list(
    NULL, c("Sampling", "PSO.cost", "PSO.gamma", "PSO.data.balancing", 
    "PSO.feature.selection", "PSO.valid.acc", "PSO.test.acc", 
    "PSO.train.time", "PSO.n.support.vectors", "PSO.index", "PSO.n.solutions", 
    "PSO.generations", "PSO.n.evaluations", "PSO.cpu.time", "RS.cost", 
    "RS.gamma", "RS.data.balancing", "RS.feature.selection", 
    "RS.valid.acc", "RS.test.acc", "RS.train.time", "RS.n.support.vectors", 
    "RS.index", "RS.n.solutions", "RS.generations", "RS.n.evaluations", 
    "RS.cpu.time", "DF.cost", "DF.gamma", "DF.data.balancing", 
    "DF.feature.selection", "DF.valid.acc", "DF.test.acc", "DF.train.time", 
    "DF.n.support.vectors", "DF.index", "DF.n.solutions", "DF.generations", 
    "DF.n.evaluations", "DF.cpu.time")))
