full <-
structure(c(50, 55, 60, 65, 70, 75, 80, 85, 90, 95, 100, 2.35463, 
1, 4.56474, 10.92585, 1, 1, 2.77007, 1.98404, 1, 1, 1, -3.22135, 
0.0625, -6.80117, -7.68503, 0.0625, 0.0625, -4.56903, -3.6783, 
0.0625, 0.0625, 0.0625, 0, 0, 0, 0, 0, 0, 0, 0, 0, 0, 0, 0, 0, 
0, 0, 0, 0, 0, 0, 0, 0, 0, 0.85592, 0.86129, 0.86219, 0.85713, 
0.84599, 0.85363, 0.86034, 0.8586, 0.85718, 0.8493, 0.85106, 
0.86443, 0.86129, 0.85505, 0.83422, 0.84599, 0.85363, 0.85764, 
0.8536, 0.85718, 0.8493, 0.85106, 0.0287, 0.0283, 0.0332, 0.0599, 
0.0382, 0.0412, 0.0447, 0.0487, 0.0497, 0.0556, 0.0581, 90.2, 
88.9, 87.9, 95.6, 121.8, 124.3, 124.7, 142.5, 146.2, 157.5, 165.7, 
628, 1, 416, 948, 1, 1, 10, 154, 1, 1, 1, 34, 1974, 56, 42, 1907, 
1901, 79, 170, 1834, 1963, 1865, 100, 100, 100, 100, 100, 100, 
100, 100, 100, 100, 100, 2500, 2500, 2500, 2500, 2500, 2500, 
2500, 2500, 2500, 2500, 2500, 7351.627, 7534.487, 7664.593, 7985.475, 
7808.305, 8103.95599999999, 8190.11500000001, 8238.731, 8426.87999999999, 
8615.49400000001, 8692.41200000001, 2.0996, 8.05702, 5.25406, 
1.86844, 8.66295, -1.21358, 2.96487, 2.19575, 4.58255, 0.83017, 
2.25487, -2.92111, -13.96984, -7.58116, -2.75351, -13.1099, -9.6381, 
-5.04925, -3.86592, -6.61584, -3.22707, -14.36127, 0, 0, 0, 0, 
0, 0, 0, 0, 0, 0, 0, 0, 0, 0, 0, 0, 0, 0, 0, 0, 0, 0, 0.86027, 
0.86129, 0.86219, 0.8539, 0.84599, 0.85363, 0.86034, 0.8586, 
0.85718, 0.8493, 0.85106, 0.86027, 0.86129, 0.85862, 0.85068, 
0.84599, 0.85363, 0.85764, 0.8536, 0.85718, 0.8493, 0.85106, 
0.0286, 0.0291, 0.0337, 0.0374, 0.0531, 0.0349, 0.0432, 0.0478, 
0.0545, 0.0561, 0.0433, 92.9, 84, 86.8, 124.9, 149.9, 104.8, 
120.8, 140.2, 130.3, 167.7, 120.7, 2069, 2, 507, 53, 2, 4, 1203, 
814, 6, 1, 3, 1, 952, 4, 2, 1062, 924, 6, 6, 1046, 1095, 939, 
100, 100, 100, 100, 100, 100, 100, 100, 100, 100, 100, 2500, 
2500, 2500, 2500, 2500, 2500, 2500, 2500, 2500, 2500, 2500, 7534.015, 
7719.426, 7978.024, 8187.896, 8648.83900000001, 8842.539, 9202.26699999999, 
9166.673, 9254.29499999998, 9614.85399999999, 9770.52900000001, 
1, 1, 1, 1, 1, 1, 1, 1, 1, 1, 1, 0.0625, 0.0625, 0.0625, 0.0625, 
0.0625, 0.0625, 0.0625, 0.0625, 0.0625, 0.0625, 0.0625, 0, 0, 
0, 0, 0, 0, 0, 0, 0, 0, 0, 0, 0, 0, 0, 0, 0, 0, 0, 0, 0, 0, 0.85574, 
0.86129, 0.85862, 0.8537, 0.84599, 0.85363, 0.85764, 0.8561, 
0.85718, 0.8493, 0.85106, 0.85574, 0.86129, 0.85862, 0.8537, 
0.84599, 0.85363, 0.85764, 0.8561, 0.85718, 0.8493, 0.85106, 
0.0273, 0.0291, 0.0317, 0.0356, 0.038, 0.0408, 0.0428, 0.0466, 
0.0501, 0.0543, 0.0588, 84.3, 88.9, 97.5, 110, 121.8, 124.3, 
129.7, 139.5, 146.2, 157.5, 165.7, 1, 1, 1, 1, 1, 1, 1, 1, 1, 
1, 1, 1, 1, 1, 1, 1, 1, 1, 1, 1, 1, 1, 1, 1, 1, 1, 1, 1, 1, 1, 
1, 1, 1, 1, 1, 1, 1, 1, 1, 1, 1, 1, 1, 1, 2.895, 2.93, 3.007, 
3.072, 3.114, 3.08, 3.243, 3.281, 3.227, 3.256, 3.275), .Dim = c(11L, 
40L), .Dimnames = list(NULL, c("Sampling", "PSO.cost", "PSO.gamma", 
"PSO.data.balancing", "PSO.feature.selection", "PSO.valid.acc", 
"PSO.test.acc", "PSO.train.time", "PSO.n.support.vectors", "PSO.index", 
"PSO.n.solutions", "PSO.generations", "PSO.n.evaluations", "PSO.cpu.time", 
"RS.cost", "RS.gamma", "RS.data.balancing", "RS.feature.selection", 
"RS.valid.acc", "RS.test.acc", "RS.train.time", "RS.n.support.vectors", 
"RS.index", "RS.n.solutions", "RS.generations", "RS.n.evaluations", 
"RS.cpu.time", "DF.cost", "DF.gamma", "DF.data.balancing", "DF.feature.selection", 
"DF.valid.acc", "DF.test.acc", "DF.train.time", "DF.n.support.vectors", 
"DF.index", "DF.n.solutions", "DF.generations", "DF.n.evaluations", 
"DF.cpu.time")))
