full <-
structure(c(50, 55, 60, 65, 70, 75, 80, 85, 90, 95, 100, 1.43975, 
0.91967, 1, 4.88363, 1.03547, 2.5707, 1.46657, 1, 1.62323, 8.90845, 
1.34644, -2.18241, 3, 0.0625, -5.81343, -1.8306, -3.24251, -2.39233, 
0.0625, -2.19251, -10.32592, -2.15371, 0, 0, 0, 0, 0, 0, 0, 0, 
0, 0, 0, 0, 0, 0, 0, 0, 0, 0, 0, 0, 0, 0, 0.85091, 0.85338, 0.85517, 
0.8505, 0.84902, 0.84532, 0.84974, 0.84378, 0.85253, 0.85595, 
0.85532, 0.84239, 0.84569, 0.85517, 0.84384, 0.84902, 0.83429, 
0.84185, 0.84378, 0.84317, 0.84933, 0.85532, 0.0299, 0.0419, 
0.0347, 0.0349, 0.0441, 0.0419, 0.0473, 0.0463, 0.0382, 0.0971, 
0.0623, 108.2, 199.1, 103.2, 101.4, 149.5, 139.7, 156.2, 146.6, 
178.9, 141.6, 197.3, 1305, 357, 1, 1724, 228, 434, 131, 1, 1637, 
43, 2390, 13, 182, 1808, 2, 113, 97, 1822, 1925, 8, 80, 1, 100, 
100, 100, 100, 100, 100, 100, 100, 100, 100, 100, 2500, 2500, 
2500, 2500, 2500, 2500, 2500, 2500, 2500, 2500, 2500, 7464.201, 
8781.207, 7443.34, 6759.37300000001, 10219.48, 7752.06600000001, 
8108.689, 8851.939, 9463.69, 8451.52900000001, 10218.167, 1.17432, 
1.51836, 3.93866, 10.11486, 2.87601, 1.28998, -1.43168, 1.38112, 
1.73383, 1.16916, 1.51394, -2.00014, -2.38771, -14.52152, -14.06304, 
-3.78144, -9.72523, -3.52325, -2.1041, -5.4977, -2.11891, -2.41753, 
0, 0, 0, 0, 0, 0, 0, 0, 0, 0, 0, 0, 0, 0, 0, 0, 0, 0, 0, 0, 0, 
0, 0.84674, 0.85338, 0.85517, 0.8504, 0.84902, 0.84524, 0.84974, 
0.84384, 0.8502, 0.8559, 0.85532, 0.83822, 0.84954, 0.85517, 
0.8504, 0.84296, 0.84524, 0.84974, 0.83878, 0.8502, 0.85378, 
0.85319, 0.0303, 0.0337, 0.0269, 0.0537, 0.0381, 0.0394, 0.0437, 
0.0542, 0.0515, 0.0578, 0.0635, 111.9, 114.8, 79.6, 120.6, 120.3, 
135, 141.5, 174.6, 140.4, 187.9, 190.6, 88, 1872, 6, 1, 1418, 
2, 2, 2387, 1, 884, 987, 4, 1, 1039, 968, 1, 1005, 1076, 1, 943, 
1, 1, 100, 100, 100, 100, 100, 100, 100, 100, 100, 100, 100, 
2500, 2500, 2500, 2500, 2500, 2500, 2500, 2500, 2500, 2500, 2500, 
7717.218, 10153.733, 7634.712, 8289.379, 8272.37999999999, 8286.368, 
8403.28200000001, 11013.214, 10861.779, 9093.44900000002, 10748.896, 
1, 1, 1, 1, 1, 1, 1, 1, 1, 1, 1, 0.0625, 0.0625, 0.0625, 0.0625, 
0.0625, 0.0625, 0.0625, 0.0625, 0.0625, 0.0625, 0.0625, 0, 0, 
0, 0, 0, 0, 0, 0, 0, 0, 0, 0, 0, 0, 0, 0, 0, 0, 0, 0, 0, 0, 0.83841, 
0.84954, 0.85517, 0.8504, 0.84893, 0.84524, 0.84974, 0.84378, 
0.8502, 0.85378, 0.85106, 0.83841, 0.84954, 0.85517, 0.8504, 
0.84893, 0.84524, 0.84974, 0.84378, 0.8502, 0.85378, 0.85106, 
0.0284, 0.0328, 0.0203, 0.0366, 0.0355, 0.0403, 0.0421, 0.051, 
0.0508, 0.0523, 0.0387, 95.9, 100.9, 103.2, 111.8, 118.8, 129.1, 
134.7, 146.6, 151.3, 157.8, 165.3, 1, 1, 1, 1, 1, 1, 1, 1, 1, 
1, 1, 1, 1, 1, 1, 1, 1, 1, 1, 1, 1, 1, 1, 1, 1, 1, 1, 1, 1, 1, 
1, 1, 1, 1, 1, 1, 1, 1, 1, 1, 1, 1, 1, 1, 2.952, 3.916, 2.27, 
3.796, 3.036, 3.005, 3.026, 4.141, 3.146, 3.152, 3.138), .Dim = c(11L, 
40L), .Dimnames = list(NULL, c("Sampling", "PSO.cost", "PSO.gamma", 
"PSO.data.balancing", "PSO.feature.selection", "PSO.valid.acc", 
"PSO.test.acc", "PSO.train.time", "PSO.n.support.vectors", "PSO.index", 
"PSO.n.solutions", "PSO.generations", "PSO.n.evaluations", "PSO.cpu.time", 
"RS.cost", "RS.gamma", "RS.data.balancing", "RS.feature.selection", 
"RS.valid.acc", "RS.test.acc", "RS.train.time", "RS.n.support.vectors", 
"RS.index", "RS.n.solutions", "RS.generations", "RS.n.evaluations", 
"RS.cpu.time", "DF.cost", "DF.gamma", "DF.data.balancing", "DF.feature.selection", 
"DF.valid.acc", "DF.test.acc", "DF.train.time", "DF.n.support.vectors", 
"DF.index", "DF.n.solutions", "DF.generations", "DF.n.evaluations", 
"DF.cpu.time")))
