full <-
structure(c(50, 55, 60, 65, 70, 75, 80, 85, 90, 95, 100, 4.99247, 
9.68, 1, 1, 2.18979, 1, 2.60679, 5.25436, 1, 0.43778, 1, -7.03283, 
-10.65499, 0.0625, 0.0625, -4.88636, 0.0625, -3.44926, -6.34051, 
0.0625, -1.46983, 0.0625, 0, 0, 0, 0, 0, 0, 0, 0, 0, 0, 0, 0, 
0, 0, 0, 0, 0, 0, 0, 0, 0, 0, 0.82989, 0.83049, 0.82693, 0.83387, 
0.84599, 0.84807, 0.83649, 0.84878, 0.84081, 0.84709, 0.85106, 
0.8212, 0.83434, 0.82693, 0.83387, 0.83993, 0.84807, 0.82589, 
0.83884, 0.84081, 0.83815, 0.85106, 0.0301, 0.0389, 0.0349, 0.0375, 
0.0407, 0.0432, 0.0495, 0.0555, 0.0545, 0.0667, 0.0634, 85.8, 
88, 112.6, 118.8, 120.1, 133.9, 150.3, 133.7, 157.8, 210.6, 163.9, 
356, 334, 1, 1, 206, 1, 495, 362, 1, 1984, 1, 42, 53, 1613, 1741, 
62, 1949, 42, 120, 1880, 9, 1967, 100, 100, 100, 100, 100, 100, 
100, 100, 100, 100, 100, 2500, 2500, 2500, 2500, 2500, 2500, 
2500, 2500, 2500, 2500, 2500, 7742.463, 8216.698, 8261.323, 8317.792, 
8534.46799999999, 8327.77, 8764.84199999999, 8726.644, 9034.223, 
9120.783, 9233.921, 6.02084, 7.58084, 2.22709, -1.21907, 1.04846, 
-1.75685, 2.75338, 4.16681, -0.09217, 0.28606, 1.35836, -8.22785, 
-8.76643, -8.53906, -7.60655, -3.17676, -8.8064, -3.42453, -5.36697, 
-12.96245, -13.15784, -2.23054, 0, 0, 0, 0, 0, 0, 0, 0, 0, 0, 
0, 0, 0, 0, 0, 0, 0, 0, 0, 0, 0, 0, 0.82989, 0.83049, 0.82693, 
0.83387, 0.84599, 0.84807, 0.83649, 0.84628, 0.84081, 0.84704, 
0.85319, 0.8212, 0.83049, 0.82693, 0.83387, 0.83993, 0.84807, 
0.82589, 0.84378, 0.84081, 0.84704, 0.85106, 0.0314, 0.0365, 
0.0356, 0.0345, 0.0416, 0.0355, 0.0508, 0.0527, 0.0411, 0.0423, 
0.0661, 84.6, 90.6, 106.3, 109.7, 133.8, 106.1, 150.9, 137.5, 
114.6, 117.5, 196.2, 478, 665, 1, 4, 2106, 3, 524, 483, 1, 3, 
1314, 2, 8, 848, 884, 1, 868, 1, 1, 857, 786, 2, 100, 100, 100, 
100, 100, 100, 100, 100, 100, 100, 100, 2500, 2500, 2500, 2500, 
2500, 2500, 2500, 2500, 2500, 2500, 2500, 8132.159, 8243.159, 
8493.542, 8634.644, 8816.13399999999, 9035.33899999999, 9568.996, 
9720.12099999998, 10182.021, 10379.272, 10528.717, 1, 1, 1, 1, 
1, 1, 1, 1, 1, 1, 1, 0.0625, 0.0625, 0.0625, 0.0625, 0.0625, 
0.0625, 0.0625, 0.0625, 0.0625, 0.0625, 0.0625, 0, 0, 0, 0, 0, 
0, 0, 0, 0, 0, 0, 0, 0, 0, 0, 0, 0, 0, 0, 0, 0, 0, 0.82971, 0.8265, 
0.82693, 0.83387, 0.84296, 0.84807, 0.83642, 0.84622, 0.84081, 
0.84704, 0.85106, 0.82971, 0.8265, 0.82693, 0.83387, 0.84296, 
0.84807, 0.83642, 0.84622, 0.84081, 0.84704, 0.85106, 0.0295, 
0.0327, 0.0351, 0.0386, 0.04, 0.0441, 0.0461, 0.0501, 0.0539, 
0.0594, 0.06, 93.2, 101.7, 112.6, 118.8, 124.7, 133.9, 143.2, 
146.7, 157.8, 160.5, 163.9, 1, 1, 1, 1, 1, 1, 1, 1, 1, 1, 1, 
1, 1, 1, 1, 1, 1, 1, 1, 1, 1, 1, 1, 1, 1, 1, 1, 1, 1, 1, 1, 1, 
1, 1, 1, 1, 1, 1, 1, 1, 1, 1, 1, 1, 3.186, 3.377, 3.245, 3.427, 
3.461, 3.445, 3.335, 3.548, 3.473, 3.778, 3.685), .Dim = c(11L, 
40L), .Dimnames = list(NULL, c("Sampling", "PSO.cost", "PSO.gamma", 
"PSO.data.balancing", "PSO.feature.selection", "PSO.valid.acc", 
"PSO.test.acc", "PSO.train.time", "PSO.n.support.vectors", "PSO.index", 
"PSO.n.solutions", "PSO.generations", "PSO.n.evaluations", "PSO.cpu.time", 
"RS.cost", "RS.gamma", "RS.data.balancing", "RS.feature.selection", 
"RS.valid.acc", "RS.test.acc", "RS.train.time", "RS.n.support.vectors", 
"RS.index", "RS.n.solutions", "RS.generations", "RS.n.evaluations", 
"RS.cpu.time", "DF.cost", "DF.gamma", "DF.data.balancing", "DF.feature.selection", 
"DF.valid.acc", "DF.test.acc", "DF.train.time", "DF.n.support.vectors", 
"DF.index", "DF.n.solutions", "DF.generations", "DF.n.evaluations", 
"DF.cpu.time")))
