full <-
structure(c(50, 55, 60, 65, 70, 75, 80, 85, 90, 95, 100, 1, 1, 
1.32911, 1, 1.40304, 1, 2.62158, 1, 0.1166, 2.06483, 0.98375, 
0.0625, 0.0625, -2.90718, 0.0625, -1.4209, 0.0625, -3.85068, 
0.0625, 3, -3.43972, -1.9403, 0, 0, 0, 0, 0, 0, 0, 0, 0, 0, 0, 
0, 0, 0, 0, 0, 0, 0, 0, 0, 0, 0, 0.86395, 0.86129, 0.86574, 0.87301, 
0.87018, 0.8649, 0.86553, 0.86114, 0.86417, 0.85815, 0.85532, 
0.86395, 0.86129, 0.86229, 0.87301, 0.86127, 0.8649, 0.8629, 
0.86114, 0.86185, 0.84926, 0.85319, 0.0288, 0.0323, 0.0323, 0.0349, 
0.0389, 0.0371, 0.0425, 0.046, 0.0776, 0.0583, 0.0627, 85.8, 
93.8, 109, 102.5, 147.5, 121.6, 128.6, 138.5, 319.8, 164, 202.9, 
1, 1, 135, 1, 2415, 1, 391, 1, 2378, 1154, 1013, 1968, 1989, 
175, 1851, 1, 1859, 78, 1858, 1, 18, 84, 100, 100, 100, 100, 
100, 100, 100, 100, 100, 100, 100, 2500, 2500, 2500, 2500, 2500, 
2500, 2500, 2500, 2500, 2500, 2500, 7444.05, 7626.901, 9000.476, 
9728.717, 7001.06299999999, 7372.239, 8164.314, 8410.85699999999, 
7843.45700000002, 10348.343, 6464.03199999998, 0.21992, -0.09414, 
1.4358, 7.16705, 1.69986, -1.34484, 3.92946, -0.8309, 1.81567, 
2.24911, 1.82756, -1.61167, -11.22246, -2.96007, -10.78919, -3.46503, 
-8.47614, -4.97209, -4.82158, -2.91572, -9.39385, -3.23224, 0, 
0, 0, 0, 0, 0, 0, 0, 0, 0, 0, 0, 0, 0, 0, 0, 0, 0, 0, 0, 0, 0, 
0.86395, 0.86129, 0.86574, 0.87301, 0.86734, 0.8649, 0.86553, 
0.86114, 0.86417, 0.85593, 0.85319, 0.86395, 0.86129, 0.86229, 
0.87301, 0.86725, 0.8649, 0.8629, 0.86114, 0.86179, 0.85593, 
0.85319, 0.0287, 0.0255, 0.0321, 0.0494, 0.0351, 0.032, 0.0448, 
0.0439, 0.0503, 0.0582, 0.0379, 109.7, 69, 107.7, 116.8, 115.1, 
106.9, 121, 132.5, 155.1, 177.5, 173.6, 1, 6, 217, 1, 300, 3, 
168, 3, 124, 2, 783, 1345, 1063, 7, 1044, 2, 1020, 5, 1072, 1, 
969, 10, 100, 100, 100, 100, 100, 100, 100, 100, 100, 100, 100, 
2500, 2500, 2500, 2500, 2500, 2500, 2500, 2500, 2500, 2500, 2500, 
8043.985, 7839.285, 9166.62, 8326.58100000001, 7757.357, 7977.88900000001, 
8434.06400000001, 9299.25699999998, 10764.158, 7627.98199999999, 
8851.90400000001, 1, 1, 1, 1, 1, 1, 1, 1, 1, 1, 1, 0.0625, 0.0625, 
0.0625, 0.0625, 0.0625, 0.0625, 0.0625, 0.0625, 0.0625, 0.0625, 
0.0625, 0, 0, 0, 0, 0, 0, 0, 0, 0, 0, 0, 0, 0, 0, 0, 0, 0, 0, 
0, 0, 0, 0, 0.86395, 0.86129, 0.86229, 0.87301, 0.86725, 0.8649, 
0.8629, 0.86114, 0.86185, 0.85593, 0.85106, 0.86395, 0.86129, 
0.86229, 0.87301, 0.86725, 0.8649, 0.8629, 0.86114, 0.86185, 
0.85593, 0.85106, 0.0297, 0.0295, 0.0334, 0.0321, 0.0331, 0.0379, 
0.0421, 0.0447, 0.0507, 0.0344, 0.0538, 85.8, 93.8, 100, 102.5, 
109.4, 121.6, 129, 138.5, 143.9, 157.6, 162.2, 1, 1, 1, 1, 1, 
1, 1, 1, 1, 1, 1, 1, 1, 1, 1, 1, 1, 1, 1, 1, 1, 1, 1, 1, 1, 1, 
1, 1, 1, 1, 1, 1, 1, 1, 1, 1, 1, 1, 1, 1, 1, 1, 1, 1, 3.793, 
2.902, 3.811, 2.949, 2.68, 2.871, 3.007, 3.027, 3.871, 2.347, 
3.043), .Dim = c(11L, 40L), .Dimnames = list(NULL, c("Sampling", 
"PSO.cost", "PSO.gamma", "PSO.data.balancing", "PSO.feature.selection", 
"PSO.valid.acc", "PSO.test.acc", "PSO.train.time", "PSO.n.support.vectors", 
"PSO.index", "PSO.n.solutions", "PSO.generations", "PSO.n.evaluations", 
"PSO.cpu.time", "RS.cost", "RS.gamma", "RS.data.balancing", "RS.feature.selection", 
"RS.valid.acc", "RS.test.acc", "RS.train.time", "RS.n.support.vectors", 
"RS.index", "RS.n.solutions", "RS.generations", "RS.n.evaluations", 
"RS.cpu.time", "DF.cost", "DF.gamma", "DF.data.balancing", "DF.feature.selection", 
"DF.valid.acc", "DF.test.acc", "DF.train.time", "DF.n.support.vectors", 
"DF.index", "DF.n.solutions", "DF.generations", "DF.n.evaluations", 
"DF.cpu.time")))
