full <-
structure(c(50, 55, 60, 65, 70, 75, 80, 85, 90, 95, 100, 7.62664, 
5.54116, 8.14344, 15, 15, 10.42661, 4.93185, 13.87132, 3.09741, 
0.07396, 0.89265, -9.11887, -6.62204, -8.62564, -11.13141, -11.77541, 
-9.65343, -6.58359, -10.60398, -4.10303, 3, -1.88571, 0, 0, 0, 
0, 0, 0, 0, 0, 0, 0, 0, 0, 0, 0, 0, 0, 0, 0, 0, 0, 0, 0, 0.86848, 
0.87262, 0.86564, 0.87007, 0.86688, 0.86183, 0.85507, 0.85877, 
0.8572, 0.84923, 0.85319, 0.86848, 0.87262, 0.86207, 0.86028, 
0.85788, 0.85905, 0.84974, 0.85877, 0.85249, 0.84923, 0.84894, 
0.0286, 0.0307, 0.0403, 0.0943, 0.1212, 0.0736, 0.0465, 0.1737, 
0.0537, 0.0891, 0.0668, 67.9, 79.4, 86.3, 87.7, 94.3, 106.9, 
121.3, 121.7, 148.7, 340, 203.4, 26, 34, 26, 320, 680, 11, 21, 
15, 1280, 256, 91, 832, 654, 755, 371, 45, 1232, 336, 838, 29, 
558, 85, 100, 100, 100, 100, 100, 100, 100, 100, 100, 100, 100, 
2500, 2500, 2500, 2500, 2500, 2500, 2500, 2500, 2500, 2500, 2500, 
7827.613, 7965.577, 8062.818, 8954.96, 9079.52699999999, 9251.268, 
8678.98699999999, 9874.12700000001, 9003.54700000002, 9657.59100000001, 
9535.92300000001, 8.42897, 7.62946, 8.00765, 14.64986, 5.54463, 
4.19404, 4.15598, 11.36482, 2.64027, 0.49268, 0.82335, -9.65102, 
-7.63276, -8.44011, -10.87608, -6.41675, -5.23485, -6.14716, 
-9.83778, -3.91917, 2.73441, -1.75985, 0, 0, 0, 0, 0, 0, 0, 0, 
0, 0, 0, 0, 0, 0, 0, 0, 0, 0, 0, 0, 0, 0, 0.86848, 0.87262, 0.86564, 
0.86684, 0.86385, 0.8619, 0.85507, 0.85877, 0.85714, 0.84923, 
0.85319, 0.86848, 0.87262, 0.86207, 0.85706, 0.85788, 0.8619, 
0.84711, 0.85877, 0.84779, 0.84256, 0.84894, 0.0289, 0.0317, 
0.0395, 0.0872, 0.0377, 0.0429, 0.043, 0.1066, 0.0529, 0.094, 
0.069, 67.5, 75.7, 86.4, 88, 100.4, 115.2, 121.8, 122.4, 149.3, 
337, 209, 78, 2, 56, 1370, 5, 936, 89, 12, 171, 1658, 1608, 48, 
151, 60, 1, 88, 5, 24, 105, 4, 3, 1, 100, 100, 100, 100, 100, 
100, 100, 100, 100, 100, 100, 2500, 2500, 2500, 2500, 2500, 2500, 
2500, 2500, 2500, 2500, 2500, 7824.862, 8084.142, 8024.142, 8149.444, 
8354.924, 8620.32400000001, 8823.376, 9534.98000000001, 9678.21600000001, 
10454.748, 10664.783, 1, 1, 1, 1, 1, 1, 1, 1, 1, 1, 1, 0.0625, 
0.0625, 0.0625, 0.0625, 0.0625, 0.0625, 0.0625, 0.0625, 0.0625, 
0.0625, 0.0625, 0, 0, 0, 0, 0, 0, 0, 0, 0, 0, 0, 0, 0, 0, 0, 
0, 0, 0, 0, 0, 0, 0, 0.85145, 0.85723, 0.85172, 0.85685, 0.85512, 
0.85635, 0.85237, 0.85364, 0.84784, 0.847, 0.85106, 0.85145, 
0.85723, 0.85172, 0.85685, 0.85512, 0.85635, 0.85237, 0.85364, 
0.84784, 0.847, 0.85106, 0.0269, 0.0304, 0.0308, 0.0342, 0.0384, 
0.0397, 0.0441, 0.0477, 0.0524, 0.0588, 0.0607, 83.6, 88.3, 97.7, 
104, 111.2, 122.7, 132.4, 139.7, 150.9, 159.2, 164.4, 1, 1, 1, 
1, 1, 1, 1, 1, 1, 1, 1, 1, 1, 1, 1, 1, 1, 1, 1, 1, 1, 1, 1, 1, 
1, 1, 1, 1, 1, 1, 1, 1, 1, 1, 1, 1, 1, 1, 1, 1, 1, 1, 1, 1, 2.947, 
3.081, 3.103, 3.239, 3.268, 3.122, 3.372, 3.586, 3.641, 3.654, 
3.979), .Dim = c(11L, 40L), .Dimnames = list(NULL, c("Sampling", 
"PSO.cost", "PSO.gamma", "PSO.data.balancing", "PSO.feature.selection", 
"PSO.valid.acc", "PSO.test.acc", "PSO.train.time", "PSO.n.support.vectors", 
"PSO.index", "PSO.n.solutions", "PSO.generations", "PSO.n.evaluations", 
"PSO.cpu.time", "RS.cost", "RS.gamma", "RS.data.balancing", "RS.feature.selection", 
"RS.valid.acc", "RS.test.acc", "RS.train.time", "RS.n.support.vectors", 
"RS.index", "RS.n.solutions", "RS.generations", "RS.n.evaluations", 
"RS.cpu.time", "DF.cost", "DF.gamma", "DF.data.balancing", "DF.feature.selection", 
"DF.valid.acc", "DF.test.acc", "DF.train.time", "DF.n.support.vectors", 
"DF.index", "DF.n.solutions", "DF.generations", "DF.n.evaluations", 
"DF.cpu.time")))
