full <-
structure(c(50, 55, 60, 65, 70, 75, 80, 85, 90, 95, 100, 12.58531, 
13.61413, 4.02378, 1.5193, 1, 1, 1, 1.48914, 0.31268, -0.02624, 
1, -13.41877, -14.07924, -5.05829, -1.48065, 0.0625, 0.0625, 
0.0625, -3.31442, 3, 3, 0.0625, 0, 0, 0, 0, 0, 0, 0, 0, 0, 0, 
0, 0, 0, 0, 0, 0, 0, 0, 0, 0, 0, 0, 0.84312, 0.85276, 0.86585, 
0.87613, 0.86112, 0.85913, 0.86548, 0.85371, 0.86183, 0.86036, 
0.85106, 0.84312, 0.84194, 0.84811, 0.86968, 0.86112, 0.85913, 
0.86548, 0.84864, 0.86183, 0.85592, 0.85106, 0.0505, 0.0835, 
0.0323, 0.0428, 0.0357, 0.0407, 0.0446, 0.0501, 0.0796, 0.092, 
0.0577, 76.1, 81.1, 94.1, 140.7, 111.3, 118.3, 121.9, 146.2, 
322, 338.5, 164.3, 419, 22, 731, 1000, 1, 1, 1, 322, 105, 212, 
1, 149, 1814, 103, 208, 1839, 1662, 1670, 126, 997, 780, 1745, 
100, 100, 100, 100, 100, 100, 100, 100, 100, 100, 100, 2500, 
2500, 2500, 2500, 2500, 2500, 2500, 2500, 2500, 2500, 2500, 7701.525, 
8481.049, 8090.524, 9948.422, 7705.122, 10195.088, 10374.82, 
9833.15499999998, 8388.804, 10913.084, 10357.879, 13.88346, 11.82838, 
4.515, 0.92148, 4.23591, 4.40345, -0.31267, 1.40665, 0.39652, 
0.16287, 0.94309, -14.73073, -12.26977, -5.38917, -1.35063, -9.05439, 
-11.72587, 2.28822, -2.85158, 2.70508, 2.64698, -9.78667, 0, 
0, 0, 0, 0, 0, 0, 0, 0, 0, 0, 0, 0, 0, 0, 0, 0, 0, 0, 0, 0, 0, 
0.84312, 0.85276, 0.86585, 0.86968, 0.86112, 0.85913, 0.86548, 
0.85371, 0.85945, 0.86036, 0.85106, 0.84312, 0.84194, 0.84466, 
0.86645, 0.86112, 0.85913, 0.86548, 0.84864, 0.85945, 0.86036, 
0.85106, 0.0504, 0.0698, 0.0227, 0.0416, 0.0379, 0.0433, 0.071, 
0.0472, 0.0768, 0.0892, 0.0573, 73.6, 88.3, 92.5, 146.2, 105.5, 
140.3, 279.9, 152.1, 317.1, 333, 174.2, 40, 6, 699, 1013, 3, 
1, 1, 221, 1130, 1839, 7, 18, 100, 4, 8, 940, 931, 878, 3, 3, 
1, 795, 100, 100, 100, 100, 100, 100, 100, 100, 100, 100, 100, 
2500, 2500, 2500, 2500, 2500, 2500, 2500, 2500, 2500, 2500, 2500, 
7594.98, 7517.207, 8147.499, 10038.738, 8680.01400000001, 10692.224, 
10821.224, 9493.08500000002, 8749.649, 11679.949, 11147.521, 
1, 1, 1, 1, 1, 1, 1, 1, 1, 1, 1, 0.0625, 0.0625, 0.0625, 0.0625, 
0.0625, 0.0625, 0.0625, 0.0625, 0.0625, 0.0625, 0.0625, 0, 0, 
0, 0, 0, 0, 0, 0, 0, 0, 0, 0, 0, 0, 0, 0, 0, 0, 0, 0, 0, 0, 0.83841, 
0.84179, 0.85525, 0.86645, 0.86112, 0.85913, 0.86548, 0.85364, 
0.85718, 0.85374, 0.85106, 0.83841, 0.84179, 0.85525, 0.86645, 
0.86112, 0.85913, 0.86548, 0.85364, 0.85718, 0.85374, 0.85106, 
0.0262, 0.0296, 0.0336, 0.0323, 0.0394, 0.0415, 0.0452, 0.0441, 
0.0483, 0.0568, 0.0567, 88.7, 95.2, 101.6, 100.2, 111.3, 118.3, 
121.9, 139.3, 147.2, 158.6, 164.3, 1, 1, 1, 1, 1, 1, 1, 1, 1, 
1, 1, 1, 1, 1, 1, 1, 1, 1, 1, 1, 1, 1, 1, 1, 1, 1, 1, 1, 1, 1, 
1, 1, 1, 1, 1, 1, 1, 1, 1, 1, 1, 1, 1, 1, 2.91, 2.888, 3.835, 
2.995, 4.006, 3.991, 4.069, 2.965, 3.163, 4.123, 3.954), .Dim = c(11L, 
40L), .Dimnames = list(NULL, c("Sampling", "PSO.cost", "PSO.gamma", 
"PSO.data.balancing", "PSO.feature.selection", "PSO.valid.acc", 
"PSO.test.acc", "PSO.train.time", "PSO.n.support.vectors", "PSO.index", 
"PSO.n.solutions", "PSO.generations", "PSO.n.evaluations", "PSO.cpu.time", 
"RS.cost", "RS.gamma", "RS.data.balancing", "RS.feature.selection", 
"RS.valid.acc", "RS.test.acc", "RS.train.time", "RS.n.support.vectors", 
"RS.index", "RS.n.solutions", "RS.generations", "RS.n.evaluations", 
"RS.cpu.time", "DF.cost", "DF.gamma", "DF.data.balancing", "DF.feature.selection", 
"DF.valid.acc", "DF.test.acc", "DF.train.time", "DF.n.support.vectors", 
"DF.index", "DF.n.solutions", "DF.generations", "DF.n.evaluations", 
"DF.cpu.time")))
