full <-
structure(c(50, 55, 60, 65, 70, 75, 80, 85, 90, 95, 100, 10.8171, 
7.69084, 6.28289, -0.49187, 1.18586, -0.24145, -0.2468, -0.54395, 
0.96495, 6.65676, 9.75697, -0.61746, -8.02419, -5.29848, -0.45241, 
0.52957, -0.77185, -4.44042, -0.92769, -5.86795, -9.8607, -13.53356, 
0, 0, 0, 0, 0, 0, 0, 0, 0, 0, 0, 0, 0, 0, 0, 0, 0, 0, 0, 0, 0, 
0, 0.90333, 0.88476, 0.89048, 0.87024, 0.86429, 0.8996, 0.88948, 
0.90972, 0.88111, 0.88758, 0.90606, 0.90333, 0.8681, 0.87619, 
0.87024, 0.8625, 0.8996, 0.85298, 0.89861, 0.88111, 0.87758, 
0.88606, 0.0096, 0.0101, 0.0103, 0.0098, 0.0097, 0.0095, 0.0106, 
0.0109, 0.0091, 0.0109, 0.0103, 30.9, 20.1, 20.8, 43.5, 52.3, 
45.5, 28.4, 47.8, 29.5, 28.5, 29.7, 111, 515, 164, 13, 77, 638, 
169, 110, 89, 40, 377, 896, 31, 80, 1083, 476, 290, 205, 772, 
282, 456, 29, 100, 100, 100, 100, 100, 100, 100, 100, 100, 100, 
100, 2500, 2500, 2500, 2500, 2500, 2500, 2500, 2500, 2500, 2500, 
2500, 6781.044, 6776.204, 6748.589, 6141.801, 6074.141, 6250.224, 
6486.15700000001, 6371.90300000001, 6165.44899999999, 6303.815, 
6379.94, 1.21334, 8.68205, 8.26298, -0.10024, 0.73348, -0.16872, 
-0.57796, -0.38654, 4.59806, 11.56525, 10.30977, -0.63802, -8.52642, 
-6.29746, 0.27328, 0.66217, -0.85227, -4.14124, -1.03245, -9.18429, 
-14.55009, -14.08825, 0, 0, 0, 0, 0, 0, 0, 0, 0, 0, 0, 0, 0, 
0, 0, 0, 0, 0, 0, 0, 0, 0, 0.90333, 0.88476, 0.89048, 0.87024, 
0.86429, 0.8996, 0.88948, 0.90972, 0.88111, 0.88758, 0.90606, 
0.90333, 0.8681, 0.89286, 0.87024, 0.85, 0.8996, 0.85298, 0.89861, 
0.88111, 0.87758, 0.88606, 0.0107, 0.0097, 0.0099, 0.0094, 0.0099, 
0.0097, 0.0103, 0.0105, 0.009, 0.0109, 0.0097, 30.8, 20.2, 20.1, 
48.9, 53.2, 44.8, 29.7, 46, 28.2, 28.4, 29.7, 10, 786, 2374, 
213, 307, 1927, 1009, 669, 88, 22, 874, 13, 3, 1, 11, 4, 1, 5, 
3, 27, 67, 1, 100, 100, 100, 100, 100, 100, 100, 100, 100, 100, 
100, 2500, 2500, 2500, 2500, 2500, 2500, 2500, 2500, 2500, 2500, 
2500, 6777.105, 6737.58, 6467.95600000001, 6121.391, 6112.461, 
6509.255, 6501.227, 6194.088, 6132.484, 6422.183, 6380.36500000002, 
1, 1, 1, 1, 1, 1, 1, 1, 1, 1, 1, 0.14286, 0.14286, 0.14286, 0.14286, 
0.14286, 0.14286, 0.14286, 0.14286, 0.14286, 0.14286, 0.14286, 
0, 0, 0, 0, 0, 0, 0, 0, 0, 0, 0, 0, 0, 0, 0, 0, 0, 0, 0, 0, 0, 
0, 0.82667, 0.81143, 0.79762, 0.82738, 0.8375, 0.8871, 0.87837, 
0.87639, 0.85889, 0.85848, 0.87697, 0.82667, 0.81143, 0.82857, 
0.82738, 0.80893, 0.8871, 0.85298, 0.8875, 0.85889, 0.84737, 
0.86697, 0.0103, 0.0096, 0.0096, 0.0096, 0.0091, 0.0104, 0.0106, 
0.011, 0.0096, 0.0103, 0.0105, 20.2, 26.4, 27.3, 30.5, 30.3, 
30.7, 32.5, 33, 34.7, 37.1, 38.3, 1, 1, 1, 1, 1, 1, 1, 1, 1, 
1, 1, 1, 1, 1, 1, 1, 1, 1, 1, 1, 1, 1, 1, 1, 1, 1, 1, 1, 1, 1, 
1, 1, 1, 1, 1, 1, 1, 1, 1, 1, 1, 1, 1, 1, 2.749, 2.693, 2.545, 
2.389, 2.346, 2.572, 2.586, 2.584, 2.37, 2.58, 2.583), .Dim = c(11L, 
40L), .Dimnames = list(NULL, c("Sampling", "PSO.cost", "PSO.gamma", 
"PSO.data.balancing", "PSO.feature.selection", "PSO.valid.acc", 
"PSO.test.acc", "PSO.train.time", "PSO.n.support.vectors", "PSO.index", 
"PSO.n.solutions", "PSO.generations", "PSO.n.evaluations", "PSO.cpu.time", 
"RS.cost", "RS.gamma", "RS.data.balancing", "RS.feature.selection", 
"RS.valid.acc", "RS.test.acc", "RS.train.time", "RS.n.support.vectors", 
"RS.index", "RS.n.solutions", "RS.generations", "RS.n.evaluations", 
"RS.cpu.time", "DF.cost", "DF.gamma", "DF.data.balancing", "DF.feature.selection", 
"DF.valid.acc", "DF.test.acc", "DF.train.time", "DF.n.support.vectors", 
"DF.index", "DF.n.solutions", "DF.generations", "DF.n.evaluations", 
"DF.cpu.time")))
