full <-
structure(c(50, 55, 60, 65, 70, 75, 80, 85, 90, 95, 100, 13.03302, 
11.88976, 12.97412, -0.86159, 5.8187, 1.1509, 1.51946, 6.97926, 
12.44816, 12.66543, 15, -12.54272, -6.70094, -14.63317, -2.10341, 
-9.8692, 0.13227, -6.14373, -12.36648, -13.591, -11.30097, -11.39586, 
0, 0, 0, 0, 0, 0, 0, 0, 0, 0, 0, 0, 0, 0, 0, 0, 0, 0, 0, 0, 0, 
0, 0.94333, 0.94667, 0.9381, 0.94167, 0.94643, 0.93671, 0.91667, 
0.92056, 0.89444, 0.89778, 0.91364, 0.92333, 0.89238, 0.90714, 
0.9131, 0.92143, 0.91171, 0.90417, 0.89833, 0.88444, 0.87667, 
0.86636, 0.0089, 0.01, 0.0083, 0.0091, 0.009, 0.0099, 0.009, 
0.0098, 0.0092, 0.0107, 0.0144, 9.3, 11.9, 12.3, 29.1, 16.4, 
48.3, 22.1, 23.7, 23.8, 25.3, 26.2, 143, 1126, 20, 402, 116, 
227, 1198, 390, 6, 106, 2106, 259, 126, 257, 67, 312, 77, 5, 
32, 1318, 70, 2, 100, 100, 100, 100, 100, 100, 100, 100, 100, 
100, 100, 2500, 2500, 2500, 2500, 2500, 2500, 2500, 2500, 2500, 
2500, 2500, 6426.852, 6239.173, 5795.653, 5848.141, 5907.124, 
5936.151, 5952.175, 5918.56299999999, 5952.071, 6120.36900000001, 
6031.768, 13.25621, 12.78048, 10.09363, 14.18377, 9.38402, 1.21192, 
7.95191, 9.20666, -1.97197, 4.60154, 14.78348, -12.85935, -8.2864, 
-11.87191, -7.3789, -13.2181, 0.05367, -13.03914, -14.58816, 
-2.57599, -9.2156, -11.42464, 0, 0, 0, 0, 0, 0, 0, 0, 0, 0, 0, 
0, 0, 0, 0, 0, 0, 0, 0, 0, 0, 0, 0.94333, 0.93, 0.9381, 0.94583, 
0.94643, 0.93671, 0.90417, 0.92056, 0.89556, 0.88778, 0.90455, 
0.92333, 0.89571, 0.90714, 0.88393, 0.91964, 0.89742, 0.90417, 
0.89833, 0.85222, 0.89778, 0.86636, 0.0091, 0.0104, 0.0089, 0.0111, 
0.0088, 0.0103, 0.0095, 0.0088, 0.0096, 0.0108, 0.0137, 9.4, 
12.1, 12.5, 12, 16.2, 47.3, 22, 23.6, 40.9, 28.8, 26.7, 88, 76, 
116, 1042, 81, 1134, 6, 1743, 128, 3, 740, 11, 33, 14, 2, 26, 
1, 212, 1, 1, 277, 1, 100, 100, 100, 100, 100, 100, 100, 100, 
100, 100, 100, 2500, 2500, 2500, 2500, 2500, 2500, 2500, 2500, 
2500, 2500, 2500, 6354.562, 6052.858, 5851.917, 5825.785, 5876.214, 
5979.12700000001, 5992.913, 5893.88900000001, 6096.011, 6195.36099999999, 
6006.728, 1, 1, 1, 1, 1, 1, 1, 1, 1, 1, 1, 0.14286, 0.14286, 
0.14286, 0.14286, 0.14286, 0.14286, 0.14286, 0.14286, 0.14286, 
0.14286, 0.14286, 0, 0, 0, 0, 0, 0, 0, 0, 0, 0, 0, 0, 0, 0, 0, 
0, 0, 0, 0, 0, 0, 0, 0.90333, 0.9181, 0.90476, 0.91071, 0.89286, 
0.9131, 0.86667, 0.89694, 0.88444, 0.87667, 0.86727, 0.92333, 
0.8781, 0.90476, 0.89881, 0.90714, 0.92738, 0.90278, 0.89833, 
0.86444, 0.86667, 0.87636, 0.0093, 0.0084, 0.0091, 0.0089, 0.0088, 
0.0088, 0.009, 0.0095, 0.0101, 0.0096, 0.0102, 20.9, 23.3, 23.7, 
25.4, 26.6, 27.5, 29.1, 30.1, 33.9, 37.9, 38.3, 1, 1, 1, 1, 1, 
1, 1, 1, 1, 1, 1, 1, 1, 1, 1, 1, 1, 1, 1, 1, 1, 1, 1, 1, 1, 1, 
1, 1, 1, 1, 1, 1, 1, 1, 1, 1, 1, 1, 1, 1, 1, 1, 1, 1, 2.47, 2.327, 
2.417, 2.279, 2.311, 2.283, 2.308, 2.366, 2.479, 2.257, 2.31), .Dim = c(11L, 
40L), .Dimnames = list(NULL, c("Sampling", "PSO.cost", "PSO.gamma", 
"PSO.data.balancing", "PSO.feature.selection", "PSO.valid.acc", 
"PSO.test.acc", "PSO.train.time", "PSO.n.support.vectors", "PSO.index", 
"PSO.n.solutions", "PSO.generations", "PSO.n.evaluations", "PSO.cpu.time", 
"RS.cost", "RS.gamma", "RS.data.balancing", "RS.feature.selection", 
"RS.valid.acc", "RS.test.acc", "RS.train.time", "RS.n.support.vectors", 
"RS.index", "RS.n.solutions", "RS.generations", "RS.n.evaluations", 
"RS.cpu.time", "DF.cost", "DF.gamma", "DF.data.balancing", "DF.feature.selection", 
"DF.valid.acc", "DF.test.acc", "DF.train.time", "DF.n.support.vectors", 
"DF.index", "DF.n.solutions", "DF.generations", "DF.n.evaluations", 
"DF.cpu.time")))
