full <-
structure(c(50, 55, 60, 65, 70, 75, 80, 85, 90, 95, 100, 1, 0.55265, 
9.24726, -0.11635, 13.60458, 0.08509, 0.97367, 7.74218, 6.19313, 
1.78078, 9.24944, 0.14286, -0.70496, -8.0091, -0.71219, -15, 
-0.7055, -0.57116, 0.80599, -10.30212, 1.28777, -14.34857, 0, 
0, 0, 0, 0, 0, 0, 0, 0, 0, 0, 0, 0, 0, 0, 0, 0, 0, 0, 0, 0, 0, 
0.90667, 0.89667, 0.89048, 0.91131, 0.91964, 0.90893, 0.90238, 
0.90972, 0.88222, 0.89, 0.87879, 0.88667, 0.89667, 0.85714, 0.86607, 
0.87679, 0.87143, 0.87877, 0.88611, 0.87111, 0.84889, 0.87879, 
0.0092, 0.0099, 0.0089, 0.0086, 0.0096, 0.0095, 0.0104, 0.0106, 
0.01, 0.0117, 0.0094, 20, 32.3, 14.1, 35.7, 18.9, 39, 42.5, 59.8, 
26.6, 71.4, 31.6, 1, 350, 6, 1729, 63, 189, 285, 101, 9, 319, 
77, 563, 215, 681, 42, 309, 365, 85, 218, 1014, 83, 354, 100, 
100, 100, 100, 100, 100, 100, 100, 100, 100, 100, 2500, 2500, 
2500, 2500, 2500, 2500, 2500, 2500, 2500, 2500, 2500, 6182.397, 
5884.197, 5872.596, 5823.446, 5851.088, 5968.717, 5947.91399999999, 
6052.25, 6087.412, 6112.264, 5647.519, 0.29442, 0.54506, 0.30277, 
-0.52813, 13.29334, -0.7685, 1.1098, 14.4786, 0.0622, -1.12112, 
9.19683, -1.20651, -0.96615, -0.97169, -0.12013, -14.71556, -1.22689, 
-0.58751, 0.80383, -1.21108, -3.0814, -8.89338, 0, 0, 0, 0, 0, 
0, 0, 0, 0, 0, 0, 0, 0, 0, 0, 0, 0, 0, 0, 0, 0, 0, 0.90667, 0.89667, 
0.90714, 0.89702, 0.91964, 0.89643, 0.90238, 0.90972, 0.89111, 
0.88889, 0.87879, 0.90667, 0.89667, 0.89048, 0.89702, 0.87679, 
0.89643, 0.89127, 0.88611, 0.88, 0.85778, 0.84879, 0.0092, 0.0085, 
0.009, 0.0089, 0.0087, 0.0101, 0.0092, 0.0105, 0.0102, 0.0093, 
0.01, 27.6, 30.1, 31, 41.1, 18.8, 38.1, 41.9, 59.8, 42.5, 37.4, 
26.9, 99, 1374, 43, 221, 233, 32, 933, 2468, 260, 1894, 1, 21, 
2, 3, 12, 24, 10, 2, 1, 5, 1, 51, 100, 100, 100, 100, 100, 100, 
100, 100, 100, 100, 100, 2500, 2500, 2500, 2500, 2500, 2500, 
2500, 2500, 2500, 2500, 2500, 6044.792, 5752.592, 5888.363, 5868.05, 
5779.351, 5948.403, 5983.353, 6021.38400000001, 6168.058, 5882.129, 
5661.48300000001, 1, 1, 1, 1, 1, 1, 1, 1, 1, 1, 1, 0.14286, 0.14286, 
0.14286, 0.14286, 0.14286, 0.14286, 0.14286, 0.14286, 0.14286, 
0.14286, 0.14286, 0, 0, 0, 0, 0, 0, 0, 0, 0, 0, 0, 0, 0, 0, 0, 
0, 0, 0, 0, 0, 0, 0, 0.90667, 0.86333, 0.85714, 0.86786, 0.89107, 
0.87143, 0.88988, 0.8775, 0.87111, 0.85778, 0.86879, 0.88667, 
0.84667, 0.87381, 0.86786, 0.87679, 0.87143, 0.87877, 0.86639, 
0.87111, 0.86778, 0.85879, 0.009, 0.0082, 0.0086, 0.0085, 0.0094, 
0.0096, 0.0099, 0.0098, 0.0099, 0.0095, 0.0094, 20, 20.1, 22, 
24.7, 25.3, 26.3, 27.3, 30.1, 33.4, 37.2, 38.2, 1, 1, 1, 1, 1, 
1, 1, 1, 1, 1, 1, 1, 1, 1, 1, 1, 1, 1, 1, 1, 1, 1, 1, 1, 1, 1, 
1, 1, 1, 1, 1, 1, 1, 1, 1, 1, 1, 1, 1, 1, 1, 1, 1, 1, 2.382, 
2.239, 2.283, 2.242, 2.396, 2.416, 2.421, 2.444, 2.482, 2.227, 
2.181), .Dim = c(11L, 40L), .Dimnames = list(NULL, c("Sampling", 
"PSO.cost", "PSO.gamma", "PSO.data.balancing", "PSO.feature.selection", 
"PSO.valid.acc", "PSO.test.acc", "PSO.train.time", "PSO.n.support.vectors", 
"PSO.index", "PSO.n.solutions", "PSO.generations", "PSO.n.evaluations", 
"PSO.cpu.time", "RS.cost", "RS.gamma", "RS.data.balancing", "RS.feature.selection", 
"RS.valid.acc", "RS.test.acc", "RS.train.time", "RS.n.support.vectors", 
"RS.index", "RS.n.solutions", "RS.generations", "RS.n.evaluations", 
"RS.cpu.time", "DF.cost", "DF.gamma", "DF.data.balancing", "DF.feature.selection", 
"DF.valid.acc", "DF.test.acc", "DF.train.time", "DF.n.support.vectors", 
"DF.index", "DF.n.solutions", "DF.generations", "DF.n.evaluations", 
"DF.cpu.time")))
