full <-
structure(c(50, 55, 60, 65, 70, 75, 80, 85, 90, 95, 100, 1.74292, 
11.95868, 14.26745, 5.43337, 10.90963, 5.95313, 10.99518, 10.65687, 
15, 12.84315, -0.05147, -0.58608, -10.91017, -11.8797, -7.00911, 
-8.99414, -6.96033, -14.23186, -13.9274, -12.55442, -11.15359, 
-0.29229, 0, 0, 0, 0, 0, 0, 0, 0, 0, 0, 0, 0, 0, 0, 0, 0, 0, 
0, 0, 0, 0, 0, 0.85333, 0.8781, 0.89048, 0.89464, 0.89464, 0.87242, 
0.87222, 0.88556, 0.89556, 0.90778, 0.89545, 0.85333, 0.86476, 
0.85714, 0.83929, 0.86964, 0.86131, 0.87083, 0.86333, 0.87194, 
0.87778, 0.88545, 0.0097, 0.0102, 0.0113, 0.009, 0.01, 0.0097, 
0.0099, 0.0096, 0.0121, 0.0118, 0.0117, 33.5, 19.6, 19.9, 22, 
19.9, 23.8, 25.9, 26.1, 25.6, 24.5, 61.4, 72, 171, 77, 391, 180, 
32, 417, 7, 250, 1869, 206, 1207, 117, 235, 291, 336, 565, 44, 
62, 72, 1, 564, 100, 100, 100, 100, 100, 100, 100, 100, 100, 
100, 100, 2500, 2500, 2500, 2500, 2500, 2500, 2500, 2500, 2500, 
2500, 2500, 6581.448, 6639.63, 6549.923, 6419.202, 6328.59600000001, 
6395.809, 6358.04500000001, 6565.481, 6575.29000000001, 6554.95699999999, 
6485.196, 1.85595, 14.31691, 13.04689, 5.43068, 12.14124, 7.39141, 
8.09838, -0.23561, 14.3687, 8.33833, 1.18477, -0.37616, -12.30832, 
-11.10271, -7.13876, -9.63591, -7.73176, -11.34652, -0.28906, 
-12.2177, -9.35171, -0.70962, 0, 0, 0, 0, 0, 0, 0, 0, 0, 0, 0, 
0, 0, 0, 0, 0, 0, 0, 0, 0, 0, 0, 0.85333, 0.8781, 0.89048, 0.89464, 
0.89464, 0.87242, 0.87222, 0.88972, 0.88556, 0.89778, 0.88545, 
0.85333, 0.85905, 0.85714, 0.86786, 0.86964, 0.84881, 0.87083, 
0.88972, 0.87194, 0.86778, 0.85727, 0.0093, 0.0109, 0.0107, 0.009, 
0.011, 0.0097, 0.0102, 0.0109, 0.0123, 0.0105, 0.011, 34.1, 19.9, 
19.8, 22, 20.3, 23.4, 25.9, 54.2, 25.5, 25.5, 53.2, 810, 157, 
105, 372, 228, 375, 50, 1068, 28, 11, 22, 9, 17, 23, 19, 6, 7, 
6, 1, 12, 106, 15, 100, 100, 100, 100, 100, 100, 100, 100, 100, 
100, 100, 2500, 2500, 2500, 2500, 2500, 2500, 2500, 2500, 2500, 
2500, 2500, 6585.666, 6549.565, 6447.364, 6345.025, 6430.277, 
6331.82800000001, 6571.799, 6555.72200000001, 6536.01300000001, 
6543.405, 6521.76300000001, 1, 1, 1, 1, 1, 1, 1, 1, 1, 1, 1, 
0.14286, 0.14286, 0.14286, 0.14286, 0.14286, 0.14286, 0.14286, 
0.14286, 0.14286, 0.14286, 0.14286, 0, 0, 0, 0, 0, 0, 0, 0, 0, 
0, 0, 0, 0, 0, 0, 0, 0, 0, 0, 0, 0, 0, 0.77, 0.79714, 0.84286, 
0.8369, 0.82262, 0.82381, 0.825, 0.85222, 0.86333, 0.87778, 0.87545, 
0.77333, 0.76048, 0.82619, 0.81012, 0.8244, 0.80952, 0.84861, 
0.85222, 0.83972, 0.85778, 0.86636, 0.0097, 0.0098, 0.0095, 0.0097, 
0.0098, 0.0091, 0.0106, 0.0103, 0.0104, 0.0105, 0.0103, 25.2, 
26.5, 27.9, 30, 31.1, 33.4, 34, 35.4, 34, 34.8, 38.5, 1, 1, 1, 
1, 1, 1, 1, 1, 1, 1, 1, 1, 1, 1, 1, 1, 1, 1, 1, 1, 1, 1, 1, 1, 
1, 1, 1, 1, 1, 1, 1, 1, 1, 1, 1, 1, 1, 1, 1, 1, 1, 1, 1, 1, 2.647, 
2.626, 2.573, 2.558, 2.547, 2.408, 2.602, 2.627, 2.607, 2.641, 
2.583), .Dim = c(11L, 40L), .Dimnames = list(NULL, c("Sampling", 
"PSO.cost", "PSO.gamma", "PSO.data.balancing", "PSO.feature.selection", 
"PSO.valid.acc", "PSO.test.acc", "PSO.train.time", "PSO.n.support.vectors", 
"PSO.index", "PSO.n.solutions", "PSO.generations", "PSO.n.evaluations", 
"PSO.cpu.time", "RS.cost", "RS.gamma", "RS.data.balancing", "RS.feature.selection", 
"RS.valid.acc", "RS.test.acc", "RS.train.time", "RS.n.support.vectors", 
"RS.index", "RS.n.solutions", "RS.generations", "RS.n.evaluations", 
"RS.cpu.time", "DF.cost", "DF.gamma", "DF.data.balancing", "DF.feature.selection", 
"DF.valid.acc", "DF.test.acc", "DF.train.time", "DF.n.support.vectors", 
"DF.index", "DF.n.solutions", "DF.generations", "DF.n.evaluations", 
"DF.cpu.time")))
