full <-
structure(c(50, 55, 60, 65, 70, 75, 80, 85, 90, 95, 100, 14.30091, 
12.5212, 1, 5.22776, 8.31002, 9.00233, 7.4873, 1.76379, 2.37139, 
10.05652, 5.63942, -8.262, -8.72892, 0.14286, -9.10486, -13.26252, 
-13.14609, -7.7031, -4.39352, -5.44129, -15, -8.00816, 0, 0, 
0, 0, 0, 0, 0, 0, 0, 0, 0, 0, 0, 0, 0, 0, 0, 0, 0, 0, 0, 0, 0.89333, 
0.93476, 0.88714, 0.89702, 0.86429, 0.8875, 0.89266, 0.88889, 
0.89083, 0.89, 0.89545, 0.83333, 0.86381, 0.88714, 0.86845, 0.86429, 
0.875, 0.89266, 0.87639, 0.84972, 0.89, 0.86727, 0.0138, 0.0111, 
0.0099, 0.0096, 0.0099, 0.0091, 0.0094, 0.0092, 0.0095, 0.0095, 
0.0097, 15.9, 16, 24.3, 20.5, 23.4, 22.8, 20, 24.9, 24.8, 29, 
28.3, 628, 1506, 1, 62, 25, 13, 49, 37, 237, 62, 742, 243, 14, 
176, 211, 609, 1201, 319, 603, 147, 349, 153, 100, 100, 100, 
100, 100, 100, 100, 100, 100, 100, 100, 2500, 2500, 2500, 2500, 
2500, 2500, 2500, 2500, 2500, 2500, 2500, 6768.606, 6573.568, 
6616.348, 6600.457, 6367.26, 6191.137, 6129.318, 6105.621, 6140.932, 
6119.784, 6075.59199999999, 14.04806, 14.72632, 9.35823, 7.43076, 
7.79672, 10.39059, 9.43288, 1.47786, 2.86957, 9.69638, 7.12572, 
-8.12708, -10.86125, -11.31954, -10.61516, -12.38113, -14.56712, 
-8.96614, -3.38625, -5.74485, -14.47262, -8.21472, 0, 0, 0, 0, 
0, 0, 0, 0, 0, 0, 0, 0, 0, 0, 0, 0, 0, 0, 0, 0, 0, 0, 0.89333, 
0.92048, 0.88714, 0.89702, 0.86429, 0.8875, 0.89266, 0.88889, 
0.89083, 0.89, 0.88636, 0.83333, 0.86381, 0.85619, 0.86845, 0.86429, 
0.875, 0.89266, 0.87639, 0.84972, 0.89, 0.86818, 0.0136, 0.012, 
0.0094, 0.0099, 0.009, 0.009, 0.0093, 0.0088, 0.0094, 0.0099, 
0.0094, 15.9, 15.2, 17.8, 19.8, 22.8, 22.7, 19.8, 26.9, 24.5, 
28.7, 27.2, 1849, 19, 4, 22, 36, 15, 201, 93, 24, 6, 32, 1, 158, 
31, 73, 60, 125, 11, 6, 8, 77, 76, 100, 100, 100, 100, 100, 100, 
100, 100, 100, 100, 100, 2500, 2500, 2500, 2500, 2500, 2500, 
2500, 2500, 2500, 2500, 2500, 6643.69, 6590, 6595.839, 6568.336, 
6431.118, 6151.984, 6137.86899999999, 6110.56, 6135.75, 6161.292, 
6077.416, 1, 1, 1, 1, 1, 1, 1, 1, 1, 1, 1, 0.14286, 0.14286, 
0.14286, 0.14286, 0.14286, 0.14286, 0.14286, 0.14286, 0.14286, 
0.14286, 0.14286, 0, 0, 0, 0, 0, 0, 0, 0, 0, 0, 0, 0, 0, 0, 0, 
0, 0, 0, 0, 0, 0, 0, 0.83, 0.85048, 0.88714, 0.86607, 0.8375, 
0.86071, 0.87877, 0.85556, 0.83722, 0.85889, 0.85818, 0.85, 0.81048, 
0.88714, 0.85179, 0.8375, 0.84643, 0.86905, 0.86667, 0.84972, 
0.86889, 0.85818, 0.0094, 0.01, 0.0096, 0.0093, 0.0091, 0.0091, 
0.0091, 0.0092, 0.0098, 0.0096, 0.0104, 23.3, 23.9, 24.3, 25.7, 
28.6, 29.3, 31.2, 31.3, 33.2, 32.5, 37.9, 1, 1, 1, 1, 1, 1, 1, 
1, 1, 1, 1, 1, 1, 1, 1, 1, 1, 1, 1, 1, 1, 1, 1, 1, 1, 1, 1, 1, 
1, 1, 1, 1, 1, 1, 1, 1, 1, 1, 1, 1, 1, 1, 1, 1, 2.648, 2.652, 
2.63, 2.562, 2.471, 2.38, 2.392, 2.383, 2.503, 2.428, 2.505), .Dim = c(11L, 
40L), .Dimnames = list(NULL, c("Sampling", "PSO.cost", "PSO.gamma", 
"PSO.data.balancing", "PSO.feature.selection", "PSO.valid.acc", 
"PSO.test.acc", "PSO.train.time", "PSO.n.support.vectors", "PSO.index", 
"PSO.n.solutions", "PSO.generations", "PSO.n.evaluations", "PSO.cpu.time", 
"RS.cost", "RS.gamma", "RS.data.balancing", "RS.feature.selection", 
"RS.valid.acc", "RS.test.acc", "RS.train.time", "RS.n.support.vectors", 
"RS.index", "RS.n.solutions", "RS.generations", "RS.n.evaluations", 
"RS.cpu.time", "DF.cost", "DF.gamma", "DF.data.balancing", "DF.feature.selection", 
"DF.valid.acc", "DF.test.acc", "DF.train.time", "DF.n.support.vectors", 
"DF.index", "DF.n.solutions", "DF.generations", "DF.n.evaluations", 
"DF.cpu.time")))
