full <-
structure(c(50, 55, 60, 65, 70, 75, 80, 85, 90, 95, 100, 13.21156, 
13.43885, 1.62702, 5.86117, 12.2212, 13.24238, 0.99229, 13.24424, 
11.22974, 12.06835, 6.5693, -11.73609, -9.54589, -2.7271, -6.34711, 
-13.76788, -14.4445, -5.64612, -11.89506, -15, -10.44731, -8.21815, 
0, 0, 0, 0, 0, 0, 0, 0, 0, 0, 0, 0, 0, 0, 0, 0, 0, 0, 0, 0, 0, 
0, 0.96333, 0.91667, 0.91905, 0.92619, 0.88214, 0.87698, 0.8627, 
0.88861, 0.88111, 0.88646, 0.89682, 0.94333, 0.91667, 0.91905, 
0.88333, 0.86786, 0.86587, 0.8627, 0.8775, 0.84889, 0.87646, 
0.87939, 0.0096, 0.0109, 0.0096, 0.0094, 0.0093, 0.01, 0.0097, 
0.0117, 0.0098, 0.0115, 0.0102, 7.9, 13.8, 23.9, 17.1, 21.2, 
24.6, 27.2, 24.8, 29.1, 26.8, 27.2, 6, 399, 30, 32, 282, 19, 
92, 641, 145, 15, 2251, 829, 91, 506, 501, 279, 1255, 444, 60, 
73, 469, 2, 100, 100, 100, 100, 100, 100, 100, 100, 100, 100, 
100, 2500, 2500, 2500, 2500, 2500, 2500, 2500, 2500, 2500, 2500, 
2500, 6648.415, 6712.197, 6658.687, 6189.574, 6298.064, 6454.494, 
6456.569, 6554.732, 6521.826, 6503.02499999999, 6483.618, 11.33861, 
13.88615, 3.0199, 7.9406, 10.54904, 10.93638, 1.37444, 12.83619, 
10.20753, 12.63783, 6.47067, -5.71582, -9.81632, -4.54249, -7.7768, 
-11.94579, -13.36955, -5.46565, -11.62581, -13.98081, -10.42167, 
-8.07736, 0, 0, 0, 0, 0, 0, 0, 0, 0, 0, 0, 0, 0, 0, 0, 0, 0, 
0, 0, 0, 0, 0, 0.96333, 0.91667, 0.91905, 0.92619, 0.88214, 0.87698, 
0.8627, 0.88861, 0.88111, 0.88646, 0.89682, 0.94333, 0.91667, 
0.90238, 0.89762, 0.86786, 0.86587, 0.85159, 0.8775, 0.84889, 
0.86646, 0.87939, 0.0091, 0.0111, 0.0095, 0.0095, 0.0095, 0.0097, 
0.0096, 0.0118, 0.01, 0.0118, 0.01, 7.7, 13.8, 18.6, 16.8, 21.2, 
25.1, 26.5, 24.9, 29, 26.4, 27.1, 3, 753, 23, 301, 18, 27, 7, 
1970, 1219, 144, 1024, 286, 2, 21, 26, 20, 100, 32, 2, 1, 37, 
2, 100, 100, 100, 100, 100, 100, 100, 100, 100, 100, 100, 2500, 
2500, 2500, 2500, 2500, 2500, 2500, 2500, 2500, 2500, 2500, 6677.839, 
6698.536, 6362.95499999999, 6189.108, 6456.91, 6472.44200000001, 
6500.72, 6511.15299999999, 6513.974, 6561.103, 6527.261, 1, 1, 
1, 1, 1, 1, 1, 1, 1, 1, 1, 0.14286, 0.14286, 0.14286, 0.14286, 
0.14286, 0.14286, 0.14286, 0.14286, 0.14286, 0.14286, 0.14286, 
0, 0, 0, 0, 0, 0, 0, 0, 0, 0, 0, 0, 0, 0, 0, 0, 0, 0, 0, 0, 0, 
0, 0.92667, 0.84667, 0.87381, 0.86667, 0.86786, 0.84087, 0.84048, 
0.855, 0.84889, 0.87646, 0.86864, 0.91, 0.84667, 0.85714, 0.88333, 
0.86786, 0.85337, 0.82937, 0.865, 0.84889, 0.86535, 0.87939, 
0.0095, 0.0098, 0.0094, 0.0085, 0.0103, 0.0101, 0.0105, 0.0106, 
0.0099, 0.01, 0.0108, 15.7, 23, 24.8, 26.7, 31.7, 33.7, 34.9, 
35.7, 36.9, 38.6, 37.9, 1, 1, 1, 1, 1, 1, 1, 1, 1, 1, 1, 1, 1, 
1, 1, 1, 1, 1, 1, 1, 1, 1, 1, 1, 1, 1, 1, 1, 1, 1, 1, 1, 1, 1, 
1, 1, 1, 1, 1, 1, 1, 1, 1, 1, 2.638, 2.662, 2.57, 2.387, 2.592, 
2.571, 2.624, 2.651, 2.624, 2.586, 2.616), .Dim = c(11L, 40L), .Dimnames = list(
    NULL, c("Sampling", "PSO.cost", "PSO.gamma", "PSO.data.balancing", 
    "PSO.feature.selection", "PSO.valid.acc", "PSO.test.acc", 
    "PSO.train.time", "PSO.n.support.vectors", "PSO.index", "PSO.n.solutions", 
    "PSO.generations", "PSO.n.evaluations", "PSO.cpu.time", "RS.cost", 
    "RS.gamma", "RS.data.balancing", "RS.feature.selection", 
    "RS.valid.acc", "RS.test.acc", "RS.train.time", "RS.n.support.vectors", 
    "RS.index", "RS.n.solutions", "RS.generations", "RS.n.evaluations", 
    "RS.cpu.time", "DF.cost", "DF.gamma", "DF.data.balancing", 
    "DF.feature.selection", "DF.valid.acc", "DF.test.acc", "DF.train.time", 
    "DF.n.support.vectors", "DF.index", "DF.n.solutions", "DF.generations", 
    "DF.n.evaluations", "DF.cpu.time")))
