full <-
structure(c(50, 55, 60, 65, 70, 75, 80, 85, 90, 95, 100, 9.93444, 
0.2633, 11.4778, 1, 8.89748, 3.79945, 4.34437, 5.34318, 7.23841, 
9.857, 7.20747, -15, -4.52163, -10.70036, 0.14286, -13.3363, 
-9.1357, -4.18315, -9.13074, -9.89231, -9.82329, -8.96696, 0, 
0, 0, 0, 0, 0, 0, 0, 0, 0, 0, 0, 0, 0, 0, 0, 0, 0, 0, 0, 0, 0, 
0.93333, 0.93, 0.93333, 0.90952, 0.93214, 0.91071, 0.90655, 0.88333, 
0.88111, 0.89556, 0.89697, 0.91333, 0.91333, 0.90238, 0.90952, 
0.91786, 0.91071, 0.86865, 0.89444, 0.85111, 0.87556, 0.87788, 
0.0089, 0.0093, 0.0116, 0.0117, 0.0115, 0.0108, 0.0124, 0.0107, 
0.0121, 0.0124, 0.0115, 15, 17, 11.5, 28.9, 18.5, 23.8, 22.6, 
22.3, 26.7, 26.5, 28.5, 125, 5, 6, 1, 84, 51, 106, 35, 31, 71, 
9, 552, 940, 1105, 611, 216, 172, 664, 308, 836, 164, 1248, 100, 
100, 100, 100, 100, 100, 100, 100, 100, 100, 100, 2500, 2500, 
2500, 2500, 2500, 2500, 2500, 2500, 2500, 2500, 2500, 6540.815, 
6727.3, 8623.522, 8745.765, 8590.226, 8566.164, 8559.65700000001, 
8574.61900000001, 8582.625, 8463.43799999999, 8363.266, 9.46755, 
1.81457, 4.43399, 12.74636, 8.75662, 5.31181, 13.42091, 0.62717, 
10.50981, 3.55229, 2.28694, -14.33231, -6.1945, -10.21651, -11.17465, 
-12.62112, -10.41382, -11.54453, -0.86913, -11.96319, -6.38592, 
-0.39166, 0, 0, 0, 0, 0, 0, 0, 0, 0, 0, 0, 0, 0, 0, 0, 0, 0, 
0, 0, 0, 0, 0, 0.93333, 0.93, 0.93333, 0.92619, 0.93214, 0.91071, 
0.90655, 0.88444, 0.88111, 0.89556, 0.89955, 0.91333, 0.93, 0.91905, 
0.89524, 0.90357, 0.91071, 0.88115, 0.85111, 0.85111, 0.86556, 
0.82955, 0.0096, 0.0094, 0.0116, 0.0108, 0.0112, 0.0111, 0.0126, 
0.0117, 0.0117, 0.0114, 0.0131, 14.8, 14.6, 17.6, 14.6, 17.9, 
23, 20.2, 44.9, 26.6, 26.9, 54.3, 59, 7, 4, 1054, 111, 90, 28, 
1299, 44, 134, 1338, 44, 296, 313, 2, 43, 25, 24, 1, 106, 20, 
1, 100, 100, 100, 100, 100, 100, 100, 100, 100, 100, 100, 2500, 
2500, 2500, 2500, 2500, 2500, 2500, 2500, 2500, 2500, 2500, 6661.969, 
7187.234, 8641.747, 8526.256, 8584.53300000001, 8581.33199999999, 
8584.231, 8593.62700000001, 8569.61800000002, 8404.554, 8421.40399999998, 
1, 1, 1, 1, 1, 1, 1, 1, 1, 1, 1, 0.14286, 0.14286, 0.14286, 0.14286, 
0.14286, 0.14286, 0.14286, 0.14286, 0.14286, 0.14286, 0.14286, 
0, 0, 0, 0, 0, 0, 0, 0, 0, 0, 0, 0, 0, 0, 0, 0, 0, 0, 0, 0, 0, 
0, 0.89333, 0.91333, 0.91905, 0.90952, 0.90357, 0.89643, 0.87976, 
0.87333, 0.87, 0.88556, 0.87788, 0.91333, 0.91333, 0.91905, 0.90952, 
0.90357, 0.88393, 0.89226, 0.87333, 0.86, 0.88556, 0.86879, 0.0094, 
0.0114, 0.0116, 0.0104, 0.0112, 0.0111, 0.0116, 0.012, 0.012, 
0.012, 0.0122, 24.7, 26.2, 26.1, 28.9, 31.2, 32.7, 35.4, 34.7, 
36.1, 36.3, 38.2, 1, 1, 1, 1, 1, 1, 1, 1, 1, 1, 1, 1, 1, 1, 1, 
1, 1, 1, 1, 1, 1, 1, 1, 1, 1, 1, 1, 1, 1, 1, 1, 1, 1, 1, 1, 1, 
1, 1, 1, 1, 1, 1, 1, 1, 2.676, 3.568, 3.643, 3.266, 3.42, 3.426, 
3.415, 3.41, 3.407, 3.34, 3.316), .Dim = c(11L, 40L), .Dimnames = list(
    NULL, c("Sampling", "PSO.cost", "PSO.gamma", "PSO.data.balancing", 
    "PSO.feature.selection", "PSO.valid.acc", "PSO.test.acc", 
    "PSO.train.time", "PSO.n.support.vectors", "PSO.index", "PSO.n.solutions", 
    "PSO.generations", "PSO.n.evaluations", "PSO.cpu.time", "RS.cost", 
    "RS.gamma", "RS.data.balancing", "RS.feature.selection", 
    "RS.valid.acc", "RS.test.acc", "RS.train.time", "RS.n.support.vectors", 
    "RS.index", "RS.n.solutions", "RS.generations", "RS.n.evaluations", 
    "RS.cpu.time", "DF.cost", "DF.gamma", "DF.data.balancing", 
    "DF.feature.selection", "DF.valid.acc", "DF.test.acc", "DF.train.time", 
    "DF.n.support.vectors", "DF.index", "DF.n.solutions", "DF.generations", 
    "DF.n.evaluations", "DF.cpu.time")))
