full <-
structure(c(50, 55, 60, 65, 70, 75, 80, 85, 90, 95, 100, 1, 10.02333, 
0.53831, -0.91319, -0.49791, 7.5993, 7.67255, 1.37112, 14.32568, 
10.46299, 10.00505, 0.14286, -7.48478, 0.16086, -3.23992, -0.7456, 
-8.92079, -12.07739, -5.07954, -10.911, -10.03459, -15, 0, 0, 
0, 0, 0, 0, 0, 0, 0, 0, 0, 0, 0, 0, 0, 0, 0, 0, 0, 0, 0, 0, 0.89333, 
0.90143, 0.87857, 0.87143, 0.875, 0.86964, 0.88016, 0.8875, 0.89444, 
0.89889, 0.88697, 0.89333, 0.85381, 0.8419, 0.85476, 0.8625, 
0.84464, 0.85655, 0.8875, 0.86333, 0.87889, 0.87697, 0.011, 0.0115, 
0.0125, 0.0112, 0.0121, 0.0109, 0.0104, 0.0107, 0.0139, 0.0113, 
0.0114, 24.8, 15.4, 43.8, 28.4, 42.8, 24.5, 26.6, 25.8, 22.7, 
24.9, 32, 1, 106, 424, 1009, 458, 42, 12, 3, 9, 272, 33, 612, 
479, 125, 76, 390, 244, 1184, 281, 1496, 233, 664, 100, 100, 
100, 100, 100, 100, 100, 100, 100, 100, 100, 2500, 2500, 2500, 
2500, 2500, 2500, 2500, 2500, 2500, 2500, 2500, 7596.646, 9229.126, 
9226.879, 9226.854, 9200.67599999999, 8651.83100000001, 8614.136, 
8424.46100000001, 8264.402, 8195.00700000001, 8163.18299999999, 
1.66259, 10.13641, -0.32581, -0.94114, -0.22926, 1.49382, -0.53644, 
13.15862, 12.24087, 11.20441, 9.61921, -4.91145, -7.08778, -0.94224, 
-3.36001, -0.56143, -5.14619, -4.25874, -11.31601, -9.44009, 
-10.42656, -14.96458, 0, 0, 0, 0, 0, 0, 0, 0, 0, 0, 0, 0, 0, 
0, 0, 0, 0, 0, 0, 0, 0, 0, 0.89333, 0.90143, 0.87619, 0.87143, 
0.875, 0.86964, 0.89127, 0.8875, 0.89444, 0.89889, 0.88697, 0.87333, 
0.87048, 0.85952, 0.85476, 0.8625, 0.85714, 0.86905, 0.89861, 
0.86333, 0.87889, 0.87697, 0.0109, 0.012, 0.011, 0.0114, 0.0124, 
0.0107, 0.011, 0.0117, 0.0124, 0.0117, 0.0107, 17, 15.5, 37.7, 
28.6, 43.3, 25.4, 30.1, 23.6, 22.7, 24.8, 32.4, 1, 14, 1215, 
394, 444, 109, 570, 28, 11, 371, 39, 258, 63, 2, 2, 3, 35, 3, 
37, 36, 4, 89, 100, 100, 100, 100, 100, 100, 100, 100, 100, 100, 
100, 2500, 2500, 2500, 2500, 2500, 2500, 2500, 2500, 2500, 2500, 
2500, 9401.654, 9207.898, 9213.78, 9226.751, 9195.349, 8686.44799999999, 
8471.36500000001, 8314.728, 8232.674, 8167.772, 8182.231, 1, 
1, 1, 1, 1, 1, 1, 1, 1, 1, 1, 0.14286, 0.14286, 0.14286, 0.14286, 
0.14286, 0.14286, 0.14286, 0.14286, 0.14286, 0.14286, 0.14286, 
0, 0, 0, 0, 0, 0, 0, 0, 0, 0, 0, 0, 0, 0, 0, 0, 0, 0, 0, 0, 0, 
0, 0.89333, 0.8681, 0.87381, 0.84286, 0.81964, 0.85714, 0.85516, 
0.86389, 0.88194, 0.87889, 0.86788, 0.89333, 0.8681, 0.87381, 
0.82619, 0.80536, 0.83214, 0.84405, 0.85278, 0.87194, 0.87889, 
0.86788, 0.0111, 0.0116, 0.0116, 0.0114, 0.0115, 0.0107, 0.0109, 
0.0111, 0.0106, 0.0112, 0.0117, 24.8, 26.1, 27.7, 28.5, 30.6, 
32.2, 31.4, 33.4, 34.2, 35.3, 37.4, 1, 1, 1, 1, 1, 1, 1, 1, 1, 
1, 1, 1, 1, 1, 1, 1, 1, 1, 1, 1, 1, 1, 1, 1, 1, 1, 1, 1, 1, 1, 
1, 1, 1, 1, 1, 1, 1, 1, 1, 1, 1, 1, 1, 1, 3.68, 3.714, 3.643, 
3.7, 3.541, 3.353, 3.314, 3.278, 3.206, 3.291, 3.293), .Dim = c(11L, 
40L), .Dimnames = list(NULL, c("Sampling", "PSO.cost", "PSO.gamma", 
"PSO.data.balancing", "PSO.feature.selection", "PSO.valid.acc", 
"PSO.test.acc", "PSO.train.time", "PSO.n.support.vectors", "PSO.index", 
"PSO.n.solutions", "PSO.generations", "PSO.n.evaluations", "PSO.cpu.time", 
"RS.cost", "RS.gamma", "RS.data.balancing", "RS.feature.selection", 
"RS.valid.acc", "RS.test.acc", "RS.train.time", "RS.n.support.vectors", 
"RS.index", "RS.n.solutions", "RS.generations", "RS.n.evaluations", 
"RS.cpu.time", "DF.cost", "DF.gamma", "DF.data.balancing", "DF.feature.selection", 
"DF.valid.acc", "DF.test.acc", "DF.train.time", "DF.n.support.vectors", 
"DF.index", "DF.n.solutions", "DF.generations", "DF.n.evaluations", 
"DF.cpu.time")))
