full <-
structure(c(50, 55, 60, 65, 70, 75, 80, 85, 90, 95, 100, 0.72737, 
10.86983, 6.43922, 2.53271, 1.39287, 14.00498, 8.13935, 1.30237, 
-0.95113, 14.64387, 10.86802, -4.21653, -8.94991, -6.98623, 0.35866, 
1.44662, -12.50721, -10.28196, -7.1589, -0.87052, -10.94099, 
-10.11181, 0, 0, 0, 0, 0, 0, 0, 0, 0, 0, 0, 0, 0, 0, 0, 0, 0, 
0, 0, 0, 0, 0, 0.85333, 0.83905, 0.85952, 0.85238, 0.86607, 0.87282, 
0.87877, 0.89861, 0.89111, 0.89869, 0.90545, 0.85333, 0.8281, 
0.81429, 0.81905, 0.85179, 0.87282, 0.86766, 0.85278, 0.89111, 
0.86869, 0.86909, 0.0093, 0.0106, 0.0104, 0.0104, 0.0109, 0.0106, 
0.0105, 0.0103, 0.0118, 0.0132, 0.0113, 19.8, 17.2, 18.6, 47, 
56.8, 21.9, 22.6, 28, 52.7, 25.2, 27.2, 566, 131, 23, 187, 34, 
25, 34, 1435, 2408, 574, 537, 107, 463, 659, 57, 689, 544, 1000, 
8, 1, 137, 108, 100, 100, 100, 100, 100, 100, 100, 100, 100, 
100, 100, 2500, 2500, 2500, 2500, 2500, 2500, 2500, 2500, 2500, 
2500, 2500, 7033.76, 6997.368, 6919.779, 6707.637, 6631.974, 
6697.77, 6738.815, 6346.54399999999, 6466.476, 6407.28700000001, 
6413.25599999999, 0.3503, 13.60798, -0.5878, -0.36689, 0.05321, 
-0.66487, 1.05227, 0.10984, -1.0653, -1.58573, 14.06248, -4.17401, 
-10.87417, 0.06551, -0.01064, -0.45676, -0.008, 1.33987, -6.07914, 
-1.09803, -3.11608, -13.26357, 0, 0, 0, 0, 0, 0, 0, 0, 0, 0, 
0, 0, 0, 0, 0, 0, 0, 0, 0, 0, 0, 0, 0.85333, 0.83905, 0.8619, 
0.85238, 0.86607, 0.87599, 0.88155, 0.8875, 0.89111, 0.8896, 
0.89636, 0.81333, 0.81048, 0.84524, 0.82143, 0.83929, 0.87599, 
0.88155, 0.85278, 0.88, 0.87848, 0.86909, 0.0096, 0.0105, 0.0108, 
0.01, 0.0109, 0.0108, 0.0111, 0.01, 0.011, 0.011, 0.0118, 21, 
18, 44.7, 46.4, 44.9, 51.4, 63.8, 28.6, 51.1, 40.2, 27.6, 969, 
75, 986, 596, 6, 292, 130, 157, 438, 1934, 8, 6, 10, 3, 5, 52, 
9, 17, 41, 1, 2, 161, 100, 100, 100, 100, 100, 100, 100, 100, 
100, 100, 100, 2500, 2500, 2500, 2500, 2500, 2500, 2500, 2500, 
2500, 2500, 2500, 7036.517, 6865.516, 6664.487, 6676.562, 6635.292, 
6624.507, 6478.25700000001, 6356.732, 6631.41, 6375.89499999999, 
6327.06299999999, 1, 1, 1, 1, 1, 1, 1, 1, 1, 1, 1, 0.14286, 0.14286, 
0.14286, 0.14286, 0.14286, 0.14286, 0.14286, 0.14286, 0.14286, 
0.14286, 0.14286, 0, 0, 0, 0, 0, 0, 0, 0, 0, 0, 0, 0, 0, 0, 0, 
0, 0, 0, 0, 0, 0, 0, 0.79333, 0.77952, 0.8119, 0.80893, 0.8375, 
0.84921, 0.83155, 0.86389, 0.84889, 0.8796, 0.87818, 0.77667, 
0.76048, 0.8119, 0.8256, 0.8375, 0.84921, 0.85655, 0.86389, 0.84889, 
0.86758, 0.86, 0.0101, 0.0101, 0.0104, 0.0101, 0.0104, 0.0103, 
0.0106, 0.0107, 0.0128, 0.0107, 0.0103, 24.5, 26.1, 26.9, 29.4, 
30.8, 31.5, 33.8, 33.4, 36.7, 38, 37.8, 1, 1, 1, 1, 1, 1, 1, 
1, 1, 1, 1, 1, 1, 1, 1, 1, 1, 1, 1, 1, 1, 1, 1, 1, 1, 1, 1, 1, 
1, 1, 1, 1, 1, 1, 1, 1, 1, 1, 1, 1, 1, 1, 1, 1, 2.827, 2.787, 
2.771, 2.662, 2.679, 2.633, 2.654, 2.612, 2.657, 2.635, 2.449
), .Dim = c(11L, 40L), .Dimnames = list(NULL, c("Sampling", "PSO.cost", 
"PSO.gamma", "PSO.data.balancing", "PSO.feature.selection", "PSO.valid.acc", 
"PSO.test.acc", "PSO.train.time", "PSO.n.support.vectors", "PSO.index", 
"PSO.n.solutions", "PSO.generations", "PSO.n.evaluations", "PSO.cpu.time", 
"RS.cost", "RS.gamma", "RS.data.balancing", "RS.feature.selection", 
"RS.valid.acc", "RS.test.acc", "RS.train.time", "RS.n.support.vectors", 
"RS.index", "RS.n.solutions", "RS.generations", "RS.n.evaluations", 
"RS.cpu.time", "DF.cost", "DF.gamma", "DF.data.balancing", "DF.feature.selection", 
"DF.valid.acc", "DF.test.acc", "DF.train.time", "DF.n.support.vectors", 
"DF.index", "DF.n.solutions", "DF.generations", "DF.n.evaluations", 
"DF.cpu.time")))
