full <-
structure(c(50, 55, 60, 65, 70, 75, 80, 85, 90, 95, 100, 2.76277, 
9.76162, 3.34661, 1.08338, 5.33319, 6.4927, 1.04677, 7.08984, 
0.96303, 0.95742, 13.41145, 1.57801, -11.61468, -7.16509, -6.04088, 
-10.80423, -11.09034, 0.45498, -9.4576, -3.49269, -3.69264, -11.14261, 
0, 0, 0, 0, 0, 0, 0, 0, 0, 0, 0, 0, 0, 0, 0, 0, 0, 0, 0, 0, 0, 
0, 0.8381, 0.88333, 0.89286, 0.8994, 0.8881, 0.89782, 0.91528, 
0.9, 0.89444, 0.89, 0.88455, 0.8381, 0.86333, 0.84524, 0.86845, 
0.8756, 0.88532, 0.86667, 0.9, 0.87333, 0.86, 0.88455, 0.0112, 
0.0114, 0.0094, 0.0092, 0.0101, 0.0102, 0.01, 0.0094, 0.0097, 
0.0109, 0.0133, 41.2, 18.3, 20.1, 22.9, 26.2, 24, 55.4, 22.1, 
29.5, 29.6, 27, 7, 20, 30, 86, 92, 45, 1572, 19, 127, 7, 4, 812, 
365, 207, 544, 179, 334, 33, 480, 810, 561, 226, 100, 100, 100, 
100, 100, 100, 100, 100, 100, 100, 100, 2500, 2500, 2500, 2500, 
2500, 2500, 2500, 2500, 2500, 2500, 2500, 7286.64, 7794.603, 
6740.553, 6762.662, 6739.266, 6733.5, 6598.71000000001, 6617.181, 
6645.554, 6706.16600000001, 6590.56299999999, 0.8599, 7.28706, 
5.71911, 6.6149, 7.56991, 9.07758, 0.76156, 5.28022, -1.28871, 
0.34867, -0.14836, 1.32102, -9.24565, -9.47496, -11.81963, -13.21785, 
-14.00276, 0.29526, -8.7615, -3.98036, -4.68848, -0.76892, 0, 
0, 0, 0, 0, 0, 0, 0, 0, 0, 0, 0, 0, 0, 0, 0, 0, 0, 0, 0, 0, 0, 
0.85238, 0.88333, 0.89286, 0.8994, 0.8881, 0.89782, 0.90417, 
0.9, 0.89444, 0.89, 0.88621, 0.83238, 0.86333, 0.84524, 0.86845, 
0.8881, 0.88532, 0.85417, 0.9, 0.89444, 0.88, 0.87621, 0.0119, 
0.0097, 0.0091, 0.0092, 0.0099, 0.0095, 0.0103, 0.0095, 0.0099, 
0.01, 0.0111, 41.2, 18.5, 19.9, 23, 26.4, 24.5, 53.8, 22.7, 32.4, 
29.4, 56.1, 1651, 27, 191, 46, 17, 13, 821, 10, 34, 292, 2345, 
1, 52, 23, 70, 47, 59, 2, 156, 18, 27, 1, 100, 100, 100, 100, 
100, 100, 100, 100, 100, 100, 100, 2500, 2500, 2500, 2500, 2500, 
2500, 2500, 2500, 2500, 2500, 2500, 9507.279, 6780.885, 6746.592, 
6758.526, 6741.395, 6648.179, 6638.53200000001, 6650.745, 6756.66499999999, 
6571.962, 6480.122, 1, 1, 1, 1, 1, 1, 1, 1, 1, 1, 1, 0.14286, 
0.14286, 0.14286, 0.14286, 0.14286, 0.14286, 0.14286, 0.14286, 
0.14286, 0.14286, 0.14286, 0, 0, 0, 0, 0, 0, 0, 0, 0, 0, 0, 0, 
0, 0, 0, 0, 0, 0, 0, 0, 0, 0, 0.79238, 0.84667, 0.84762, 0.88274, 
0.86131, 0.88532, 0.87917, 0.87639, 0.88333, 0.88, 0.87455, 0.80333, 
0.84667, 0.83095, 0.86845, 0.84881, 0.87282, 0.90417, 0.91111, 
0.88333, 0.88, 0.87621, 0.0113, 0.01, 0.0102, 0.01, 0.01, 0.0097, 
0.0096, 0.0098, 0.0108, 0.0112, 0.0099, 27.6, 28.5, 29.4, 30, 
31.9, 31.4, 33.3, 33.5, 35.6, 36.1, 37, 1, 1, 1, 1, 1, 1, 1, 
1, 1, 1, 1, 1, 1, 1, 1, 1, 1, 1, 1, 1, 1, 1, 1, 1, 1, 1, 1, 1, 
1, 1, 1, 1, 1, 1, 1, 1, 1, 1, 1, 1, 1, 1, 1, 1, 3.867, 2.761, 
2.761, 2.746, 2.735, 2.618, 2.606, 2.602, 2.808, 2.726, 2.471
), .Dim = c(11L, 40L), .Dimnames = list(NULL, c("Sampling", "PSO.cost", 
"PSO.gamma", "PSO.data.balancing", "PSO.feature.selection", "PSO.valid.acc", 
"PSO.test.acc", "PSO.train.time", "PSO.n.support.vectors", "PSO.index", 
"PSO.n.solutions", "PSO.generations", "PSO.n.evaluations", "PSO.cpu.time", 
"RS.cost", "RS.gamma", "RS.data.balancing", "RS.feature.selection", 
"RS.valid.acc", "RS.test.acc", "RS.train.time", "RS.n.support.vectors", 
"RS.index", "RS.n.solutions", "RS.generations", "RS.n.evaluations", 
"RS.cpu.time", "DF.cost", "DF.gamma", "DF.data.balancing", "DF.feature.selection", 
"DF.valid.acc", "DF.test.acc", "DF.train.time", "DF.n.support.vectors", 
"DF.index", "DF.n.solutions", "DF.generations", "DF.n.evaluations", 
"DF.cpu.time")))
