full <-
structure(c(50, 55, 60, 65, 70, 75, 80, 85, 90, 95, 100, 3.44655, 
8.81565, 2.00782, 5.85041, 2.39022, 5.57334, 0.87353, 14.68967, 
4.97557, 15, 13.2697, 0.5051, 0.65423, -5.56177, -10.81639, -6.07785, 
-9.11069, -0.64844, -11.52448, -8.83859, -10.68795, -10.92087, 
0, 0, 0, 0, 0, 0, 0, 0, 0, 0, 0, 0, 0, 0, 0, 0, 0, 0, 0, 0, 0, 
0, 0.87, 0.88, 0.90476, 0.90893, 0.91607, 0.89266, 0.90556, 0.88611, 
0.89556, 0.88889, 0.90455, 0.83333, 0.84333, 0.88571, 0.89464, 
0.875, 0.8881, 0.89127, 0.85, 0.88556, 0.85778, 0.87636, 0.009, 
0.0097, 0.0095, 0.0089, 0.01, 0.0101, 0.0109, 0.0138, 0.0113, 
0.0171, 0.0119, 40.2, 43.3, 17.2, 18.6, 17.9, 20.3, 42.4, 20.4, 
25.8, 23.8, 27, 47, 151, 66, 5, 748, 38, 94, 107, 24, 829, 62, 
245, 836, 346, 349, 59, 206, 79, 287, 362, 340, 126, 100, 100, 
100, 100, 100, 100, 100, 100, 100, 100, 100, 2500, 2500, 2500, 
2500, 2500, 2500, 2500, 2500, 2500, 2500, 2500, 6481.924, 6421.438, 
6246.321, 6587.945, 6604.826, 6594.63600000001, 6755.534, 6773.03899999999, 
6623.15800000001, 6770.17, 6734.98499999999, 6.13732, 4.34068, 
2.51925, 0.48348, 0.9628, 5.62236, 1.58408, 13.96577, 4.81569, 
14.50492, 13.69695, -5.99818, 0.54269, -5.93894, -5.42214, -4.41817, 
-9.26375, -0.57434, -11.157, -8.68834, -10.33785, -11.14184, 
0, 0, 0, 0, 0, 0, 0, 0, 0, 0, 0, 0, 0, 0, 0, 0, 0, 0, 0, 0, 0, 
0, 0.87, 0.88, 0.90476, 0.90893, 0.90357, 0.89266, 0.90556, 0.88611, 
0.89556, 0.88889, 0.90455, 0.81, 0.84333, 0.90238, 0.89464, 0.88929, 
0.8881, 0.87877, 0.85, 0.88556, 0.84778, 0.88545, 0.0098, 0.0092, 
0.0099, 0.0089, 0.0098, 0.0098, 0.0099, 0.0139, 0.01, 0.0154, 
0.0137, 13.1, 42.4, 17.3, 19.5, 19.2, 20.3, 40.4, 20.1, 25.8, 
23.4, 27.3, 1, 119, 296, 12, 330, 162, 535, 54, 50, 1991, 600, 
72, 18, 11, 98, 14, 8, 2, 31, 63, 1, 2, 100, 100, 100, 100, 100, 
100, 100, 100, 100, 100, 100, 2500, 2500, 2500, 2500, 2500, 2500, 
2500, 2500, 2500, 2500, 2500, 6494.831, 6229.783, 6398.541, 6560.985, 
6613.276, 6511.348, 6660.98, 6721.357, 6574.633, 6574.64, 6599.61399999997, 
1, 1, 1, 1, 1, 1, 1, 1, 1, 1, 1, 0.14286, 0.14286, 0.14286, 0.14286, 
0.14286, 0.14286, 0.14286, 0.14286, 0.14286, 0.14286, 0.14286, 
0, 0, 0, 0, 0, 0, 0, 0, 0, 0, 0, 0, 0, 0, 0, 0, 0, 0, 0, 0, 0, 
0, 0.83, 0.83, 0.85476, 0.89643, 0.86429, 0.88016, 0.89306, 0.8625, 
0.87444, 0.85667, 0.87727, 0.86667, 0.86333, 0.87143, 0.89643, 
0.8625, 0.87698, 0.88194, 0.87222, 0.87444, 0.84667, 0.86818, 
0.0095, 0.0085, 0.0098, 0.0092, 0.0103, 0.0107, 0.0106, 0.0105, 
0.0108, 0.0114, 0.011, 21.3, 23.8, 24.7, 25.9, 26.4, 30.1, 30.6, 
31.1, 32.9, 35.6, 38.4, 1, 1, 1, 1, 1, 1, 1, 1, 1, 1, 1, 1, 1, 
1, 1, 1, 1, 1, 1, 1, 1, 1, 1, 1, 1, 1, 1, 1, 1, 1, 1, 1, 1, 1, 
1, 1, 1, 1, 1, 1, 1, 1, 1, 1, 2.572, 2.385, 2.653, 2.463, 2.692, 
2.728, 2.739, 2.738, 2.705, 2.712, 2.57), .Dim = c(11L, 40L), .Dimnames = list(
    NULL, c("Sampling", "PSO.cost", "PSO.gamma", "PSO.data.balancing", 
    "PSO.feature.selection", "PSO.valid.acc", "PSO.test.acc", 
    "PSO.train.time", "PSO.n.support.vectors", "PSO.index", "PSO.n.solutions", 
    "PSO.generations", "PSO.n.evaluations", "PSO.cpu.time", "RS.cost", 
    "RS.gamma", "RS.data.balancing", "RS.feature.selection", 
    "RS.valid.acc", "RS.test.acc", "RS.train.time", "RS.n.support.vectors", 
    "RS.index", "RS.n.solutions", "RS.generations", "RS.n.evaluations", 
    "RS.cpu.time", "DF.cost", "DF.gamma", "DF.data.balancing", 
    "DF.feature.selection", "DF.valid.acc", "DF.test.acc", "DF.train.time", 
    "DF.n.support.vectors", "DF.index", "DF.n.solutions", "DF.generations", 
    "DF.n.evaluations", "DF.cpu.time")))
