full <-
structure(c(50, 55, 60, 65, 70, 75, 80, 85, 90, 95, 100, 10.87465, 
3.49422, -0.07359, 9.18739, 1, 8.07077, 8.34114, -1.02748, -0.0853, 
4.6704, 3.7218, -0.03081, -3.14856, -1.11998, -13.11346, 0.14286, 
-11.81077, 0.50257, -2.57593, -1.19986, -7.73121, -7.08708, 0, 
0, 0, 0, 0, 0, 0, 0, 0, 0, 0, 0, 0, 0, 0, 0, 0, 0, 0, 0, 0, 0, 
0.92333, 0.86905, 0.87857, 0.87798, 0.87976, 0.89028, 0.89306, 
0.90833, 0.90333, 0.89, 0.8897, 0.86333, 0.84905, 0.8619, 0.89048, 
0.87798, 0.89028, 0.88194, 0.88611, 0.90333, 0.86889, 0.8897, 
0.0104, 0.0101, 0.0109, 0.0107, 0.0103, 0.0102, 0.0117, 0.0109, 
0.0126, 0.0111, 0.0119, 33.1, 22.8, 31.9, 22.3, 29.4, 24.2, 54, 
36.1, 43, 27.5, 28.8, 157, 49, 690, 17, 1, 3, 172, 95, 762, 191, 
381, 843, 596, 158, 720, 275, 986, 68, 59, 52, 231, 71, 100, 
100, 100, 100, 100, 100, 100, 100, 100, 100, 100, 2500, 2500, 
2500, 2500, 2500, 2500, 2500, 2500, 2500, 2500, 2500, 7039.427, 
7367.518, 7127.82, 7120.791, 7121.64999999999, 7096.791, 8809.951, 
8947.549, 9102.35300000002, 9008.89899999998, 8806.81400000001, 
9.71509, 8.69306, -0.17923, 0.02095, -0.67821, 7.21115, 1.23258, 
-0.11272, 0.16546, 3.74406, 6.77373, -0.07579, -8.76075, -1.45491, 
-3.89249, -2.62838, -10.56269, -4.36258, -1.52452, -1.13074, 
-6.99464, -7.56457, 0, 0, 0, 0, 0, 0, 0, 0, 0, 0, 0, 0, 0, 0, 
0, 0, 0, 0, 0, 0, 0, 0, 0.92333, 0.86905, 0.87857, 0.89048, 0.87976, 
0.89028, 0.89583, 0.90833, 0.90333, 0.89, 0.88955, 0.88333, 0.81571, 
0.84524, 0.84048, 0.8631, 0.89028, 0.85794, 0.89722, 0.89222, 
0.86889, 0.88045, 0.0095, 0.0102, 0.0102, 0.0103, 0.0104, 0.0102, 
0.0107, 0.0117, 0.0114, 0.0117, 0.0119, 32.9, 19.1, 31, 24.5, 
31.6, 23.7, 24.2, 39.8, 42.1, 27.6, 27.2, 189, 76, 947, 2196, 
279, 25, 236, 448, 604, 139, 44, 19, 25, 1, 1, 34, 112, 4, 3, 
1, 13, 19, 100, 100, 100, 100, 100, 100, 100, 100, 100, 100, 
100, 2500, 2500, 2500, 2500, 2500, 2500, 2500, 2500, 2500, 2500, 
2500, 7091.474, 7320.925, 7134.761, 7134.31, 7119.60399999999, 
8209.891, 8891.30799999999, 8967.78, 9064.47100000002, 8927.75900000002, 
8815.073, 1, 1, 1, 1, 1, 1, 1, 1, 1, 1, 1, 0.14286, 0.14286, 
0.14286, 0.14286, 0.14286, 0.14286, 0.14286, 0.14286, 0.14286, 
0.14286, 0.14286, 0, 0, 0, 0, 0, 0, 0, 0, 0, 0, 0, 0, 0, 0, 0, 
0, 0, 0, 0, 0, 0, 0, 0.79333, 0.8381, 0.84762, 0.86131, 0.87976, 
0.87599, 0.87361, 0.89722, 0.89222, 0.88, 0.87061, 0.81, 0.83143, 
0.84524, 0.87381, 0.87798, 0.86488, 0.86111, 0.89722, 0.90222, 
0.87889, 0.87061, 0.0097, 0.0097, 0.01, 0.0103, 0.0102, 0.012, 
0.0123, 0.0108, 0.0117, 0.012, 0.0122, 24.9, 25.6, 27.5, 28.4, 
29.4, 30.9, 31.5, 31.4, 32.2, 36.9, 37.5, 1, 1, 1, 1, 1, 1, 1, 
1, 1, 1, 1, 1, 1, 1, 1, 1, 1, 1, 1, 1, 1, 1, 1, 1, 1, 1, 1, 1, 
1, 1, 1, 1, 1, 1, 1, 1, 1, 1, 1, 1, 1, 1, 1, 1, 2.868, 2.836, 
2.826, 2.847, 2.818, 3.744, 3.76, 3.389, 3.583, 3.506, 3.548), .Dim = c(11L, 
40L), .Dimnames = list(NULL, c("Sampling", "PSO.cost", "PSO.gamma", 
"PSO.data.balancing", "PSO.feature.selection", "PSO.valid.acc", 
"PSO.test.acc", "PSO.train.time", "PSO.n.support.vectors", "PSO.index", 
"PSO.n.solutions", "PSO.generations", "PSO.n.evaluations", "PSO.cpu.time", 
"RS.cost", "RS.gamma", "RS.data.balancing", "RS.feature.selection", 
"RS.valid.acc", "RS.test.acc", "RS.train.time", "RS.n.support.vectors", 
"RS.index", "RS.n.solutions", "RS.generations", "RS.n.evaluations", 
"RS.cpu.time", "DF.cost", "DF.gamma", "DF.data.balancing", "DF.feature.selection", 
"DF.valid.acc", "DF.test.acc", "DF.train.time", "DF.n.support.vectors", 
"DF.index", "DF.n.solutions", "DF.generations", "DF.n.evaluations", 
"DF.cpu.time")))
