full <-
structure(c(50, 55, 60, 65, 70, 75, 80, 85, 90, 95, 100, 7.69966, 
9.17648, 3.26785, 0.4696, -0.56533, 6.87656, 0.00367, -0.92073, 
9.51154, 11.97313, 9.56097, -7.11815, -6.28066, -1.00011, -1.70019, 
-1.3697, -4.09555, -1.21646, -1.11854, -14.36406, -13.95587, 
-8.57491, 0, 0, 0, 0, 0, 0, 0, 0, 0, 0, 0, 0, 0, 0, 0, 0, 0, 
0, 0, 0, 0, 0, 0.94667, 0.96667, 0.95238, 0.92976, 0.93036, 0.94821, 
0.94167, 0.92278, 0.91639, 0.88667, 0.88697, 0.92667, 0.95, 0.92143, 
0.91548, 0.91607, 0.93571, 0.93056, 0.91278, 0.88278, 0.88667, 
0.86879, 0.0096, 0.0101, 0.0098, 0.0097, 0.0099, 0.0101, 0.0105, 
0.0108, 0.0102, 0.0102, 0.0099, 10.2, 12.4, 27.5, 30, 37.3, 16.4, 
39.6, 44.9, 24.9, 23.7, 26.4, 20, 735, 124, 125, 210, 30, 557, 
475, 76, 4, 29, 1498, 64, 1072, 764, 874, 146, 135, 407, 118, 
919, 162, 100, 100, 100, 100, 100, 100, 100, 100, 100, 100, 100, 
2500, 2500, 2500, 2500, 2500, 2500, 2500, 2500, 2500, 2500, 2500, 
6580.592, 6583.439, 6522.581, 6352.793, 6345.186, 6379.643, 6344.901, 
6247.163, 6261.83, 6293.06299999999, 6353.568, 14.28004, 3.91649, 
3.01134, -0.47249, -0.35519, 14.39719, 0.13948, -0.41911, 7.17106, 
12.49831, 11.95175, -13.31863, -5.37651, -5.45761, -1.9567, -1.37559, 
-9.51583, -1.11255, -1.14443, -11.98092, -13.58479, -10.05359, 
0, 0, 0, 0, 0, 0, 0, 0, 0, 0, 0, 0, 0, 0, 0, 0, 0, 0, 0, 0, 0, 
0, 0.94667, 0.96667, 0.95238, 0.92976, 0.93036, 0.94821, 0.94167, 
0.92278, 0.91639, 0.88667, 0.88697, 0.94667, 0.93, 0.92143, 0.92976, 
0.91607, 0.91071, 0.93056, 0.91028, 0.88278, 0.88667, 0.86788, 
0.0095, 0.0093, 0.0088, 0.0089, 0.0099, 0.012, 0.0104, 0.01, 
0.0099, 0.0107, 0.0109, 9, 11.9, 14.1, 31.5, 36.8, 14.9, 39.9, 
43, 24.8, 23.4, 26.1, 2, 1473, 64, 25, 339, 47, 1327, 374, 242, 
41, 61, 240, 1, 37, 26, 2, 13, 1, 4, 5, 94, 20, 100, 100, 100, 
100, 100, 100, 100, 100, 100, 100, 100, 2500, 2500, 2500, 2500, 
2500, 2500, 2500, 2500, 2500, 2500, 2500, 6621.812, 6539.51, 
6430.077, 6306.001, 6412.749, 6343.36, 6324.5, 6231.349, 6334.92000000001, 
6352.43400000001, 6329.228, 1, 1, 1, 1, 1, 1, 1, 1, 1, 1, 1, 
0.14286, 0.14286, 0.14286, 0.14286, 0.14286, 0.14286, 0.14286, 
0.14286, 0.14286, 0.14286, 0.14286, 0, 0, 0, 0, 0, 0, 0, 0, 0, 
0, 0, 0, 0, 0, 0, 0, 0, 0, 0, 0, 0, 0, 0.92667, 0.93, 0.92143, 
0.91548, 0.90179, 0.91071, 0.91627, 0.90778, 0.86917, 0.87556, 
0.85788, 0.92667, 0.93, 0.92143, 0.91548, 0.91607, 0.92321, 0.90516, 
0.89778, 0.87028, 0.88667, 0.86788, 0.0096, 0.0096, 0.0093, 0.0094, 
0.0102, 0.0098, 0.0091, 0.0104, 0.0103, 0.0105, 0.0102, 21.7, 
23.6, 24.3, 26.1, 26.1, 25.9, 29, 31.9, 35.3, 36.7, 38.1, 1, 
1, 1, 1, 1, 1, 1, 1, 1, 1, 1, 1, 1, 1, 1, 1, 1, 1, 1, 1, 1, 1, 
1, 1, 1, 1, 1, 1, 1, 1, 1, 1, 1, 1, 1, 1, 1, 1, 1, 1, 1, 1, 1, 
1, 2.622, 2.634, 2.578, 2.517, 2.587, 2.525, 2.337, 2.514, 2.527, 
2.534, 2.459), .Dim = c(11L, 40L), .Dimnames = list(NULL, c("Sampling", 
"PSO.cost", "PSO.gamma", "PSO.data.balancing", "PSO.feature.selection", 
"PSO.valid.acc", "PSO.test.acc", "PSO.train.time", "PSO.n.support.vectors", 
"PSO.index", "PSO.n.solutions", "PSO.generations", "PSO.n.evaluations", 
"PSO.cpu.time", "RS.cost", "RS.gamma", "RS.data.balancing", "RS.feature.selection", 
"RS.valid.acc", "RS.test.acc", "RS.train.time", "RS.n.support.vectors", 
"RS.index", "RS.n.solutions", "RS.generations", "RS.n.evaluations", 
"RS.cpu.time", "DF.cost", "DF.gamma", "DF.data.balancing", "DF.feature.selection", 
"DF.valid.acc", "DF.test.acc", "DF.train.time", "DF.n.support.vectors", 
"DF.index", "DF.n.solutions", "DF.generations", "DF.n.evaluations", 
"DF.cpu.time")))
