full <-
structure(c(50, 55, 60, 65, 70, 75, 80, 85, 90, 95, 100, 1.04411, 
0.10088, 2.30553, 5.23079, 10.06466, 4.36563, 0.71994, 0.77453, 
9.59499, 1, 4.84924, -1.25432, -1.25689, -6.78465, -9.12968, 
-7.78194, -3.86434, -3.71807, 0.1036, -12.91615, 0.14286, -7.09117, 
0, 0, 0, 0, 0, 0, 0, 0, 0, 0, 0, 0, 0, 0, 0, 0, 0, 0, 0, 0, 0, 
0, 0.90667, 0.89667, 0.89583, 0.89286, 0.90536, 0.91786, 0.91667, 
0.89806, 0.90528, 0.8896, 0.90636, 0.89, 0.89667, 0.8625, 0.86369, 
0.89107, 0.86925, 0.88056, 0.89806, 0.89528, 0.87848, 0.87727, 
0.0097, 0.0095, 0.0094, 0.0098, 0.0099, 0.0099, 0.0108, 0.0112, 
0.0094, 0.01, 0.0102, 27.2, 30.7, 19.7, 18.6, 15.4, 19, 24.4, 
52.9, 24.6, 37.1, 28.4, 42, 152, 475, 2, 28, 301, 565, 259, 35, 
1, 566, 525, 825, 98, 264, 355, 188, 85, 530, 353, 134, 143, 
100, 100, 100, 100, 100, 100, 100, 100, 100, 100, 100, 2500, 
2500, 2500, 2500, 2500, 2500, 2500, 2500, 2500, 2500, 2500, 6631.416, 
6656.573, 6629.44, 6357.524, 6233.807, 6152.31200000001, 6182.67600000001, 
6236.834, 6091.333, 6373.673, 6350.698, 0.70588, 0.01708, 8.88006, 
3.69934, 1.87952, 1.31368, -0.35517, -0.46833, 4.28658, 0.05938, 
5.30784, -0.25869, -1.02533, -13.44875, -7.5983, -5.08314, -3.42443, 
-1.11898, -0.27024, -7.51855, 0.32311, -7.46382, 0, 0, 0, 0, 
0, 0, 0, 0, 0, 0, 0, 0, 0, 0, 0, 0, 0, 0, 0, 0, 0, 0, 0.90667, 
0.89667, 0.89583, 0.89286, 0.91786, 0.91786, 0.91667, 0.89944, 
0.90528, 0.89758, 0.90636, 0.87, 0.89667, 0.87917, 0.86369, 0.87857, 
0.86746, 0.92778, 0.86444, 0.89528, 0.87758, 0.87727, 0.0094, 
0.0102, 0.0089, 0.0099, 0.0087, 0.0092, 0.0095, 0.0105, 0.0099, 
0.0111, 0.0102, 31.9, 31.3, 19.5, 18.6, 18.6, 23.2, 43, 50.8, 
25.1, 64.4, 27.9, 22, 122, 130, 120, 215, 1530, 718, 1958, 15, 
1179, 481, 170, 19, 5, 36, 16, 1, 2, 1, 106, 2, 2, 100, 100, 
100, 100, 100, 100, 100, 100, 100, 100, 100, 2500, 2500, 2500, 
2500, 2500, 2500, 2500, 2500, 2500, 2500, 2500, 6622.686, 6661.249, 
6371.49800000001, 6197.135, 6104.245, 6155.87000000001, 6178.057, 
6075.54000000001, 6237.238, 6424.69899999999, 6228.505, 1, 1, 
1, 1, 1, 1, 1, 1, 1, 1, 1, 0.14286, 0.14286, 0.14286, 0.14286, 
0.14286, 0.14286, 0.14286, 0.14286, 0.14286, 0.14286, 0.14286, 
0, 0, 0, 0, 0, 0, 0, 0, 0, 0, 0, 0, 0, 0, 0, 0, 0, 0, 0, 0, 0, 
0, 0.88667, 0.89333, 0.8625, 0.86369, 0.89107, 0.89425, 0.89167, 
0.85222, 0.87306, 0.8896, 0.87727, 0.89, 0.87667, 0.87917, 0.8494, 
0.90536, 0.88175, 0.89167, 0.86333, 0.89528, 0.87848, 0.86909, 
0.0095, 0.0097, 0.0099, 0.0089, 0.0089, 0.0101, 0.0099, 0.0101, 
0.0106, 0.0103, 0.0106, 21, 23.6, 25.4, 25.1, 26.1, 28.8, 30.2, 
29.8, 36.8, 37.1, 37.9, 1, 1, 1, 1, 1, 1, 1, 1, 1, 1, 1, 1, 1, 
1, 1, 1, 1, 1, 1, 1, 1, 1, 1, 1, 1, 1, 1, 1, 1, 1, 1, 1, 1, 1, 
1, 1, 1, 1, 1, 1, 1, 1, 1, 1, 2.672, 2.665, 2.678, 2.413, 2.374, 
2.587, 2.583, 2.524, 2.527, 2.575, 2.513), .Dim = c(11L, 40L), .Dimnames = list(
    NULL, c("Sampling", "PSO.cost", "PSO.gamma", "PSO.data.balancing", 
    "PSO.feature.selection", "PSO.valid.acc", "PSO.test.acc", 
    "PSO.train.time", "PSO.n.support.vectors", "PSO.index", "PSO.n.solutions", 
    "PSO.generations", "PSO.n.evaluations", "PSO.cpu.time", "RS.cost", 
    "RS.gamma", "RS.data.balancing", "RS.feature.selection", 
    "RS.valid.acc", "RS.test.acc", "RS.train.time", "RS.n.support.vectors", 
    "RS.index", "RS.n.solutions", "RS.generations", "RS.n.evaluations", 
    "RS.cpu.time", "DF.cost", "DF.gamma", "DF.data.balancing", 
    "DF.feature.selection", "DF.valid.acc", "DF.test.acc", "DF.train.time", 
    "DF.n.support.vectors", "DF.index", "DF.n.solutions", "DF.generations", 
    "DF.n.evaluations", "DF.cpu.time")))
