full <-
structure(c(50, 55, 60, 65, 70, 75, 80, 85, 90, 95, 100, 1.45765, 
2.38357, 9.34473, 1.00348, 8.24023, 0.48457, 14.15262, 13.99826, 
12.19911, 2.98472, 8.43012, 0.16883, -3.10941, -11.75887, 0.23301, 
-7.42736, -0.60262, -7.00645, -12.49676, -13.85601, -5.87235, 
-12.85037, 0, 0, 0, 0, 0, 0, 0, 0, 0, 0, 0, 0, 0, 0, 0, 0, 0, 
0, 0, 0, 0, 0, 0.93, 0.94667, 0.90476, 0.91488, 0.90536, 0.89821, 
0.90377, 0.875, 0.88194, 0.89, 0.88727, 0.89, 0.93, 0.8881, 0.84107, 
0.89107, 0.88571, 0.85794, 0.86389, 0.87083, 0.85889, 0.88727, 
0.0098, 0.0097, 0.0091, 0.0102, 0.0104, 0.0108, 0.0206, 0.0109, 
0.0098, 0.0104, 0.0099, 33.8, 14.7, 16.9, 43.3, 18.5, 42.5, 21.2, 
25.1, 25.7, 27, 30.9, 1666, 204, 12, 2141, 388, 690, 494, 216, 
22, 1634, 37, 2, 83, 465, 3, 248, 110, 95, 21, 1299, 31, 503, 
100, 100, 100, 100, 100, 100, 100, 100, 100, 100, 100, 2500, 
2500, 2500, 2500, 2500, 2500, 2500, 2500, 2500, 2500, 2500, 6703.287, 
6736.021, 6494.633, 6797.10200000001, 6333.014, 6229.776, 6442.236, 
6285.632, 6208.74799999999, 6295.958, 6298.34, 0.32626, 2.61915, 
0.06716, 1.08179, 1.70274, 0.65952, 8.52569, 12.89676, 1.16044, 
1.65802, 7.8943, -0.83569, -3.26559, -0.86172, -0.0487, -0.19393, 
-0.61628, -5.08516, -11.77399, 0.5382, -4.93911, -11.99474, 0, 
0, 0, 0, 0, 0, 0, 0, 0, 0, 0, 0, 0, 0, 0, 0, 0, 0, 0, 0, 0, 0, 
0.91333, 0.94667, 0.91905, 0.9006, 0.91786, 0.89821, 0.89266, 
0.875, 0.88778, 0.89, 0.88727, 0.89333, 0.91571, 0.90238, 0.85536, 
0.90357, 0.89821, 0.88016, 0.875, 0.85333, 0.86889, 0.86818, 
0.0116, 0.0105, 0.0104, 0.0105, 0.0107, 0.0107, 0.0113, 0.0115, 
0.0105, 0.0107, 0.01, 28.3, 14.5, 34.3, 41.2, 41.4, 41.8, 21.8, 
25.4, 62, 28.2, 30.4, 206, 471, 200, 1219, 585, 1640, 19, 30, 
1085, 931, 20, 8, 2, 1, 1, 3, 2, 36, 5, 1, 1, 76, 100, 100, 100, 
100, 100, 100, 100, 100, 100, 100, 100, 2500, 2500, 2500, 2500, 
2500, 2500, 2500, 2500, 2500, 2500, 2500, 6773.144, 6477.772, 
6538.18, 6441.54, 6262.26, 6272.073, 6313.88400000001, 6254.51999999999, 
6357.90000000001, 6247.58799999999, 6636.06099999999, 1, 1, 1, 
1, 1, 1, 1, 1, 1, 1, 1, 0.14286, 0.14286, 0.14286, 0.14286, 0.14286, 
0.14286, 0.14286, 0.14286, 0.14286, 0.14286, 0.14286, 0, 0, 0, 
0, 0, 0, 0, 0, 0, 0, 0, 0, 0, 0, 0, 0, 0, 0, 0, 0, 0, 0, 0.89667, 
0.91571, 0.8881, 0.87024, 0.8625, 0.86071, 0.86587, 0.84167, 
0.86194, 0.85889, 0.87727, 0.91333, 0.89905, 0.87143, 0.88274, 
0.86429, 0.87321, 0.86587, 0.84167, 0.86194, 0.85889, 0.85727, 
0.0095, 0.0088, 0.0099, 0.0098, 0.0091, 0.0098, 0.0097, 0.0101, 
0.0107, 0.0112, 0.0108, 21.5, 23.1, 25.8, 26.3, 28.3, 30.3, 30.5, 
32.9, 34.8, 34.9, 37, 1, 1, 1, 1, 1, 1, 1, 1, 1, 1, 1, 1, 1, 
1, 1, 1, 1, 1, 1, 1, 1, 1, 1, 1, 1, 1, 1, 1, 1, 1, 1, 1, 1, 1, 
1, 1, 1, 1, 1, 1, 1, 1, 1, 1, 2.697, 2.461, 2.669, 2.536, 2.407, 
2.476, 2.485, 2.586, 2.599, 2.637, 2.58), .Dim = c(11L, 40L), .Dimnames = list(
    NULL, c("Sampling", "PSO.cost", "PSO.gamma", "PSO.data.balancing", 
    "PSO.feature.selection", "PSO.valid.acc", "PSO.test.acc", 
    "PSO.train.time", "PSO.n.support.vectors", "PSO.index", "PSO.n.solutions", 
    "PSO.generations", "PSO.n.evaluations", "PSO.cpu.time", "RS.cost", 
    "RS.gamma", "RS.data.balancing", "RS.feature.selection", 
    "RS.valid.acc", "RS.test.acc", "RS.train.time", "RS.n.support.vectors", 
    "RS.index", "RS.n.solutions", "RS.generations", "RS.n.evaluations", 
    "RS.cpu.time", "DF.cost", "DF.gamma", "DF.data.balancing", 
    "DF.feature.selection", "DF.valid.acc", "DF.test.acc", "DF.train.time", 
    "DF.n.support.vectors", "DF.index", "DF.n.solutions", "DF.generations", 
    "DF.n.evaluations", "DF.cpu.time")))
