full <-
structure(c(50, 55, 60, 65, 70, 75, 80, 85, 90, 95, 100, 7.08026, 
8.61775, 4.88227, 9.46717, 9.07423, 1.22835, 5.64803, -0.38784, 
0.03435, 5.92483, 9.05555, -7.85842, -8.09493, -7.77942, -9.65418, 
-12.70885, -4.48878, -10.37183, -1.26309, -1.35253, -10.13376, 
-13.43669, 0, 0, 0, 0, 0, 0, 0, 0, 0, 0, 0, 0, 0, 0, 0, 0, 0, 
0, 0, 0, 0, 0, 0.87, 0.89905, 0.87619, 0.90298, 0.88929, 0.86746, 
0.87877, 0.8875, 0.88222, 0.87556, 0.87545, 0.83, 0.89905, 0.84286, 
0.87202, 0.875, 0.82024, 0.8756, 0.8875, 0.85, 0.86556, 0.87545, 
0.01, 0.0097, 0.0107, 0.0107, 0.0101, 0.0109, 0.0104, 0.0107, 
0.0115, 0.0105, 0.0113, 17.5, 18.5, 18.5, 19.3, 20.3, 25, 24.9, 
45.6, 45.6, 30.2, 30.8, 33, 37, 39, 220, 139, 2230, 48, 910, 
481, 213, 19, 125, 1053, 151, 71, 56, 2, 280, 125, 574, 80, 398, 
100, 100, 100, 100, 100, 100, 100, 100, 100, 100, 100, 2500, 
2500, 2500, 2500, 2500, 2500, 2500, 2500, 2500, 2500, 2500, 6925.92, 
6709.932, 6565.006, 6710.653, 6736.09899999999, 6751.976, 6748.999, 
6785.098, 6686.49800000001, 6663.268, 6555.58000000002, 0.83051, 
2.53565, 1.6071, 9.62633, 7.41844, 0.75492, 3.35658, -0.37449, 
0.11257, 6.01227, -0.68446, -2.35357, -1.77408, -2.71336, -9.70116, 
-11.06167, -4.25096, -7.75307, -1.2787, -1.326, -9.60503, -1.01566, 
0, 0, 0, 0, 0, 0, 0, 0, 0, 0, 0, 0, 0, 0, 0, 0, 0, 0, 0, 0, 0, 
0, 0.87, 0.91571, 0.8881, 0.90298, 0.88929, 0.86746, 0.87877, 
0.8875, 0.88222, 0.87556, 0.88545, 0.85, 0.91238, 0.85952, 0.87202, 
0.875, 0.80774, 0.8756, 0.8875, 0.85, 0.86556, 0.88545, 0.0101, 
0.0106, 0.0106, 0.01, 0.0113, 0.01, 0.0103, 0.0108, 0.0141, 0.0099, 
0.0116, 26.4, 30, 26, 19.3, 20.3, 25.6, 24.7, 45.5, 45.5, 29.7, 
55.4, 348, 113, 2071, 1726, 114, 603, 65, 153, 1266, 552, 626, 
11, 4, 1, 1, 2, 3, 56, 1, 2, 5, 3, 100, 100, 100, 100, 100, 100, 
100, 100, 100, 100, 100, 2500, 2500, 2500, 2500, 2500, 2500, 
2500, 2500, 2500, 2500, 2500, 6863.227, 6611.359, 6717.275, 6730.624, 
6764.509, 6751.182, 6781.73299999999, 6775.959, 6761.04000000001, 
6451.97100000001, 6264.12699999998, 1, 1, 1, 1, 1, 1, 1, 1, 1, 
1, 1, 0.14286, 0.14286, 0.14286, 0.14286, 0.14286, 0.14286, 0.14286, 
0.14286, 0.14286, 0.14286, 0.14286, 0, 0, 0, 0, 0, 0, 0, 0, 0, 
0, 0, 0, 0, 0, 0, 0, 0, 0, 0, 0, 0, 0, 0.83333, 0.85143, 0.87381, 
0.87202, 0.85, 0.85496, 0.85198, 0.85417, 0.86, 0.84444, 0.86545, 
0.83333, 0.88238, 0.85952, 0.85774, 0.82143, 0.84246, 0.85198, 
0.85417, 0.84889, 0.86556, 0.86545, 0.0103, 0.0103, 0.01, 0.01, 
0.0099, 0.0105, 0.0105, 0.0107, 0.01, 0.0117, 0.0099, 25.1, 29, 
27.9, 29.4, 32.2, 32.9, 33.8, 36, 35.6, 37.2, 39.2, 1, 1, 1, 
1, 1, 1, 1, 1, 1, 1, 1, 1, 1, 1, 1, 1, 1, 1, 1, 1, 1, 1, 1, 1, 
1, 1, 1, 1, 1, 1, 1, 1, 1, 1, 1, 1, 1, 1, 1, 1, 1, 1, 1, 1, 2.771, 
2.704, 2.648, 2.668, 2.684, 2.668, 2.689, 2.721, 2.637, 2.659, 
2.359), .Dim = c(11L, 40L), .Dimnames = list(NULL, c("Sampling", 
"PSO.cost", "PSO.gamma", "PSO.data.balancing", "PSO.feature.selection", 
"PSO.valid.acc", "PSO.test.acc", "PSO.train.time", "PSO.n.support.vectors", 
"PSO.index", "PSO.n.solutions", "PSO.generations", "PSO.n.evaluations", 
"PSO.cpu.time", "RS.cost", "RS.gamma", "RS.data.balancing", "RS.feature.selection", 
"RS.valid.acc", "RS.test.acc", "RS.train.time", "RS.n.support.vectors", 
"RS.index", "RS.n.solutions", "RS.generations", "RS.n.evaluations", 
"RS.cpu.time", "DF.cost", "DF.gamma", "DF.data.balancing", "DF.feature.selection", 
"DF.valid.acc", "DF.test.acc", "DF.train.time", "DF.n.support.vectors", 
"DF.index", "DF.n.solutions", "DF.generations", "DF.n.evaluations", 
"DF.cpu.time")))
