full <-
structure(c(50, 55, 60, 65, 70, 75, 80, 85, 90, 95, 100, 11.59166, 
5.20308, 4.92466, 9.58345, -0.99305, 7.84593, 8.90497, 10.25977, 
0.97975, 8.22174, 15, -10.01329, -5.75752, -9.81519, -7.5055, 
-2.1779, -6.19863, -13.27795, -7.16861, -4.55897, -10.33534, 
-12.56233, 0, 0, 0, 0, 0, 0, 0, 0, 0, 0, 0, 0, 0, 0, 0, 0, 0, 
0, 0, 0, 0, 0, 0.86905, 0.89905, 0.87143, 0.85238, 0.87857, 0.89127, 
0.88333, 0.88611, 0.89111, 0.89, 0.89091, 0.84905, 0.84905, 0.87143, 
0.86667, 0.86429, 0.85516, 0.87222, 0.86389, 0.87, 0.85889, 0.87273, 
0.0103, 0.0089, 0.0099, 0.01, 0.01, 0.01, 0.0105, 0.0124, 0.0106, 
0.0113, 0.0133, 13.8, 14.1, 21.5, 18.8, 34.9, 18.9, 23.9, 22.4, 
26.9, 25, 28, 6, 8, 166, 41, 92, 10, 125, 13, 2487, 2, 139, 1125, 
482, 122, 440, 208, 1236, 509, 189, 2, 914, 273, 100, 100, 100, 
100, 100, 100, 100, 100, 100, 100, 100, 2500, 2500, 2500, 2500, 
2500, 2500, 2500, 2500, 2500, 2500, 2500, 6845.021, 6614.54, 
6462.267, 6498.605, 6494.152, 6625.714, 6635.27, 6738.19500000001, 
6643.463, 6564.10999999999, 6372.83799999999, 8.12483, 9.60644, 
9.26035, -0.39161, -1.11029, 6.51791, 6.87242, 10.90649, 7.43957, 
2.08884, 14.76455, -8.04512, -8.34284, -14.1608, -4.58868, -1.93278, 
-6.55361, -11.40415, -7.25273, -12.97398, -6.20542, -12.47952, 
0, 0, 0, 0, 0, 0, 0, 0, 0, 0, 0, 0, 0, 0, 0, 0, 0, 0, 0, 0, 0, 
0, 0.86905, 0.89905, 0.87143, 0.85417, 0.87857, 0.89127, 0.88333, 
0.88611, 0.88111, 0.89, 0.89091, 0.86571, 0.86571, 0.87143, 0.83988, 
0.86429, 0.85516, 0.87222, 0.86389, 0.88111, 0.86889, 0.87273, 
0.0098, 0.0099, 0.0089, 0.0094, 0.0095, 0.0106, 0.0115, 0.0135, 
0.0108, 0.0103, 0.0132, 13.9, 12.7, 21.4, 25.4, 36, 19.3, 23.8, 
23, 29.2, 25.8, 28, 17, 3, 401, 309, 1421, 13, 143, 566, 15, 
27, 1295, 55, 63, 10, 1, 4, 236, 25, 6, 36, 105, 2, 100, 100, 
100, 100, 100, 100, 100, 100, 100, 100, 100, 2500, 2500, 2500, 
2500, 2500, 2500, 2500, 2500, 2500, 2500, 2500, 6674.443, 6404.814, 
6451.775, 6474.287, 6396.16, 6607.77200000001, 6740.011, 6743.76599999999, 
6728.898, 6415.25199999999, 6235.70799999998, 1, 1, 1, 1, 1, 
1, 1, 1, 1, 1, 1, 0.14286, 0.14286, 0.14286, 0.14286, 0.14286, 
0.14286, 0.14286, 0.14286, 0.14286, 0.14286, 0.14286, 0, 0, 0, 
0, 0, 0, 0, 0, 0, 0, 0, 0, 0, 0, 0, 0, 0, 0, 0, 0, 0, 0, 0.83571, 
0.84905, 0.8381, 0.83988, 0.85179, 0.8627, 0.85972, 0.84167, 
0.86889, 0.86889, 0.86606, 0.83238, 0.86571, 0.82381, 0.8256, 
0.85179, 0.8627, 0.85972, 0.84167, 0.87, 0.86778, 0.87364, 0.009, 
0.0092, 0.0095, 0.0097, 0.0101, 0.0097, 0.0104, 0.0108, 0.0109, 
0.0112, 0.0099, 22.2, 22.8, 26.7, 29, 29.1, 30.3, 30.8, 34.9, 
34.7, 36.2, 38.7, 1, 1, 1, 1, 1, 1, 1, 1, 1, 1, 1, 1, 1, 1, 1, 
1, 1, 1, 1, 1, 1, 1, 1, 1, 1, 1, 1, 1, 1, 1, 1, 1, 1, 1, 1, 1, 
1, 1, 1, 1, 1, 1, 1, 1, 2.551, 2.51, 2.485, 2.664, 2.577, 2.449, 
2.693, 2.675, 2.643, 2.582, 2.326), .Dim = c(11L, 40L), .Dimnames = list(
    NULL, c("Sampling", "PSO.cost", "PSO.gamma", "PSO.data.balancing", 
    "PSO.feature.selection", "PSO.valid.acc", "PSO.test.acc", 
    "PSO.train.time", "PSO.n.support.vectors", "PSO.index", "PSO.n.solutions", 
    "PSO.generations", "PSO.n.evaluations", "PSO.cpu.time", "RS.cost", 
    "RS.gamma", "RS.data.balancing", "RS.feature.selection", 
    "RS.valid.acc", "RS.test.acc", "RS.train.time", "RS.n.support.vectors", 
    "RS.index", "RS.n.solutions", "RS.generations", "RS.n.evaluations", 
    "RS.cpu.time", "DF.cost", "DF.gamma", "DF.data.balancing", 
    "DF.feature.selection", "DF.valid.acc", "DF.test.acc", "DF.train.time", 
    "DF.n.support.vectors", "DF.index", "DF.n.solutions", "DF.generations", 
    "DF.n.evaluations", "DF.cpu.time")))
