full <-
structure(c(50, 55, 60, 65, 70, 75, 80, 85, 90, 95, 100, 1.66881, 
1.9496, 0.96581, 0.69013, 13.91499, -0.14926, 0.04566, 7.172, 
-0.05642, 6.68793, 10.24098, -0.62978, -0.75578, 0.47453, 0.49451, 
-11.69741, -1.1426, -1.09794, 1.30915, -4.13687, -10.14903, -9.54161, 
0, 0, 0, 0, 0, 0, 0, 0, 0, 0, 0, 0, 0, 0, 0, 0, 0, 0, 0, 0, 0, 
0, 0.94571, 0.92667, 0.89524, 0.8994, 0.87619, 0.89643, 0.89544, 
0.88806, 0.89306, 0.88889, 0.89636, 0.92, 0.90667, 0.89524, 0.8869, 
0.86369, 0.89643, 0.89544, 0.86472, 0.87194, 0.87889, 0.87818, 
0.0102, 0.0101, 0.0105, 0.0105, 0.0118, 0.0107, 0.011, 0.0121, 
0.0112, 0.0118, 0.0116, 28.1, 27.9, 45.7, 48.9, 23.8, 42.3, 44.5, 
63, 30.7, 28.6, 27.2, 27, 1540, 206, 459, 83, 400, 216, 129, 
292, 8, 323, 920, 49, 832, 190, 485, 677, 1118, 338, 59, 301, 
43, 100, 100, 100, 100, 100, 100, 100, 100, 100, 100, 100, 2500, 
2500, 2500, 2500, 2500, 2500, 2500, 2500, 2500, 2500, 2500, 6810.577, 
6816.755, 6739.032, 6741.175, 6685.337, 6654.159, 7131.284, 8648.12300000001, 
8620.57799999999, 8798.769, 6465.84999999998, 2.9302, 10.1385, 
0.8233, 0.73906, -0.30239, 0.00496, -0.4778, -0.34862, -0.23666, 
8.33248, 10.99445, -0.29018, -0.26155, 0.47612, 0.39641, -1.24994, 
-1.34698, -1.05889, -0.95157, -3.68787, -11.88778, -9.93007, 
0, 0, 0, 0, 0, 0, 0, 0, 0, 0, 0, 0, 0, 0, 0, 0, 0, 0, 0, 0, 0, 
0, 0.94571, 0.90905, 0.89524, 0.8994, 0.89226, 0.89643, 0.89544, 
0.89806, 0.88306, 0.88889, 0.89636, 0.90571, 0.89238, 0.89524, 
0.8869, 0.89226, 0.89643, 0.88115, 0.89806, 0.85083, 0.87889, 
0.87818, 0.0099, 0.01, 0.0112, 0.0099, 0.01, 0.0107, 0.0113, 
0.0117, 0.0111, 0.0118, 0.0108, 31.6, 33.3, 45.9, 48, 40, 40.3, 
45.1, 46.5, 31.3, 28.7, 26.8, 5, 12, 810, 236, 1366, 98, 37, 
760, 26, 718, 588, 41, 31, 4, 2, 2, 3, 10, 8, 18, 12, 2, 100, 
100, 100, 100, 100, 100, 100, 100, 100, 100, 100, 2500, 2500, 
2500, 2500, 2500, 2500, 2500, 2500, 2500, 2500, 2500, 6805.662, 
6769.688, 6738.98, 6724.773, 6664.813, 6653.245, 8736.179, 8667.41900000001, 
8758.56600000001, 8721.95300000001, 6340.72900000002, 1, 1, 1, 
1, 1, 1, 1, 1, 1, 1, 1, 0.14286, 0.14286, 0.14286, 0.14286, 0.14286, 
0.14286, 0.14286, 0.14286, 0.14286, 0.14286, 0.14286, 0, 0, 0, 
0, 0, 0, 0, 0, 0, 0, 0, 0, 0, 0, 0, 0, 0, 0, 0, 0, 0, 0, 0.86905, 
0.8381, 0.82762, 0.84405, 0.85119, 0.85714, 0.87321, 0.87444, 
0.86083, 0.85889, 0.86727, 0.86333, 0.87238, 0.8419, 0.82738, 
0.85119, 0.85714, 0.87321, 0.87444, 0.85083, 0.86889, 0.88636, 
0.0094, 0.0101, 0.0093, 0.0097, 0.01, 0.0101, 0.0118, 0.0109, 
0.0116, 0.0122, 0.0102, 22.7, 23, 28.9, 31.4, 31.2, 31.7, 32, 
32, 35.1, 37.3, 38.2, 1, 1, 1, 1, 1, 1, 1, 1, 1, 1, 1, 1, 1, 
1, 1, 1, 1, 1, 1, 1, 1, 1, 1, 1, 1, 1, 1, 1, 1, 1, 1, 1, 1, 1, 
1, 1, 1, 1, 1, 1, 1, 1, 1, 1, 2.723, 2.732, 2.681, 2.665, 2.631, 
2.64, 3.59, 3.31, 3.492, 3.483, 2.384), .Dim = c(11L, 40L), .Dimnames = list(
    NULL, c("Sampling", "PSO.cost", "PSO.gamma", "PSO.data.balancing", 
    "PSO.feature.selection", "PSO.valid.acc", "PSO.test.acc", 
    "PSO.train.time", "PSO.n.support.vectors", "PSO.index", "PSO.n.solutions", 
    "PSO.generations", "PSO.n.evaluations", "PSO.cpu.time", "RS.cost", 
    "RS.gamma", "RS.data.balancing", "RS.feature.selection", 
    "RS.valid.acc", "RS.test.acc", "RS.train.time", "RS.n.support.vectors", 
    "RS.index", "RS.n.solutions", "RS.generations", "RS.n.evaluations", 
    "RS.cpu.time", "DF.cost", "DF.gamma", "DF.data.balancing", 
    "DF.feature.selection", "DF.valid.acc", "DF.test.acc", "DF.train.time", 
    "DF.n.support.vectors", "DF.index", "DF.n.solutions", "DF.generations", 
    "DF.n.evaluations", "DF.cpu.time")))
