full <-
structure(c(50, 55, 60, 65, 70, 75, 80, 85, 90, 95, 100, 8.05475, 
0.68777, 2.0462, 0.86305, 6.44572, 14.12278, 8.00516, 1.97066, 
7.67619, -0.47444, 9.59933, -11.9655, -5.08207, -5.1078, -4.10737, 
-10.38423, -13.30942, -12.00149, -5.80307, -12.2306, -4.147, 
-12.92275, 0, 0, 0, 0, 0, 0, 0, 0, 0, 0, 0, 0, 0, 0, 0, 0, 0, 
0, 0, 0, 0, 0, 0.94667, 0.91333, 0.90714, 0.92798, 0.8875, 0.925, 
0.90417, 0.91056, 0.93417, 0.90889, 0.89364, 0.91, 0.86333, 0.8881, 
0.8994, 0.88929, 0.89821, 0.89167, 0.89806, 0.91417, 0.87778, 
0.86545, 0.0094, 0.0101, 0.0101, 0.0107, 0.0099, 0.0109, 0.0097, 
0.0104, 0.0097, 0.0105, 0.0106, 13, 17.6, 17.9, 18.4, 18.1, 17.6, 
19.6, 20.3, 22.4, 29.8, 29.5, 26, 152, 96, 124, 3, 51, 2, 77, 
101, 158, 110, 271, 238, 136, 677, 1203, 762, 693, 223, 462, 
188, 213, 100, 100, 100, 100, 100, 100, 100, 100, 100, 100, 100, 
2500, 2500, 2500, 2500, 2500, 2500, 2500, 2500, 2500, 2500, 2500, 
6967.936, 7275.97, 7119.94, 7112.899, 6859.435, 6750.363, 6582.969, 
6523.50900000001, 6578.827, 6847.299, 6530.84700000001, 6.00698, 
-0.21847, 1.7592, 0.33503, 14.60461, 14.60475, -0.02741, 1.83791, 
6.54929, 13.46062, 11.42204, -9.99489, -3.19219, -5.07464, -3.16773, 
-11.97184, -13.47685, -4.61979, -5.69345, -11.21108, -11.36341, 
-14.67974, 0, 0, 0, 0, 0, 0, 0, 0, 0, 0, 0, 0, 0, 0, 0, 0, 0, 
0, 0, 0, 0, 0, 0.94667, 0.91333, 0.90714, 0.92798, 0.8875, 0.925, 
0.91667, 0.91056, 0.93417, 0.90889, 0.89364, 0.91, 0.88, 0.87381, 
0.88512, 0.90179, 0.89821, 0.90417, 0.89806, 0.91417, 0.89778, 
0.86545, 0.01, 0.0103, 0.01, 0.0103, 0.012, 0.0103, 0.0108, 0.0094, 
0.0101, 0.0126, 0.0107, 13.1, 22.2, 18.2, 22.6, 16.1, 17.6, 22, 
20.5, 22.7, 23.6, 29.4, 133, 147, 130, 33, 2, 168, 1539, 159, 
88, 277, 326, 18, 17, 1, 9, 298, 4, 2, 16, 38, 23, 4, 100, 100, 
100, 100, 100, 100, 100, 100, 100, 100, 100, 2500, 2500, 2500, 
2500, 2500, 2500, 2500, 2500, 2500, 2500, 2500, 7085.795, 7242.054, 
7116.46000000001, 6875.212, 6723.444, 6696.303, 6606.48000000001, 
6571.101, 6606.00599999999, 6763.736, 6635.07800000001, 1, 1, 
1, 1, 1, 1, 1, 1, 1, 1, 1, 0.14286, 0.14286, 0.14286, 0.14286, 
0.14286, 0.14286, 0.14286, 0.14286, 0.14286, 0.14286, 0.14286, 
0, 0, 0, 0, 0, 0, 0, 0, 0, 0, 0, 0, 0, 0, 0, 0, 0, 0, 0, 0, 0, 
0, 0.90667, 0.89667, 0.85952, 0.91369, 0.87321, 0.88571, 0.89167, 
0.89806, 0.90194, 0.87778, 0.87545, 0.93, 0.89667, 0.87381, 0.88512, 
0.9, 0.89821, 0.90417, 0.89806, 0.91306, 0.88778, 0.86636, 0.01, 
0.0098, 0.0099, 0.0094, 0.0101, 0.0094, 0.01, 0.0096, 0.0098, 
0.0099, 0.0103, 20.9, 24.5, 25.1, 25.3, 25.8, 28.1, 28.3, 29.7, 
29.4, 32.8, 37.9, 1, 1, 1, 1, 1, 1, 1, 1, 1, 1, 1, 1, 1, 1, 1, 
1, 1, 1, 1, 1, 1, 1, 1, 1, 1, 1, 1, 1, 1, 1, 1, 1, 1, 1, 1, 1, 
1, 1, 1, 1, 1, 1, 1, 1, 2.896, 2.929, 2.858, 2.651, 2.651, 2.567, 
2.653, 2.583, 2.599, 2.534, 2.513), .Dim = c(11L, 40L), .Dimnames = list(
    NULL, c("Sampling", "PSO.cost", "PSO.gamma", "PSO.data.balancing", 
    "PSO.feature.selection", "PSO.valid.acc", "PSO.test.acc", 
    "PSO.train.time", "PSO.n.support.vectors", "PSO.index", "PSO.n.solutions", 
    "PSO.generations", "PSO.n.evaluations", "PSO.cpu.time", "RS.cost", 
    "RS.gamma", "RS.data.balancing", "RS.feature.selection", 
    "RS.valid.acc", "RS.test.acc", "RS.train.time", "RS.n.support.vectors", 
    "RS.index", "RS.n.solutions", "RS.generations", "RS.n.evaluations", 
    "RS.cpu.time", "DF.cost", "DF.gamma", "DF.data.balancing", 
    "DF.feature.selection", "DF.valid.acc", "DF.test.acc", "DF.train.time", 
    "DF.n.support.vectors", "DF.index", "DF.n.solutions", "DF.generations", 
    "DF.n.evaluations", "DF.cpu.time")))
