full <-
structure(c(50, 55, 60, 65, 70, 75, 80, 85, 90, 95, 100, 0.65549, 
7.95208, 2.2676, 11.97558, 6.06065, 9.45414, 9.49677, 0.93045, 
7.63278, 15, 4.80837, -5.07399, -11.40274, -6.35409, -13.22375, 
-8.37788, -14.8977, -14.77035, 0.53711, -12.22716, -11.92587, 
-6.53867, 0, 0, 0, 0, 0, 0, 0, 0, 0, 0, 0, 0, 0, 0, 0, 0, 0, 
0, 0, 0, 0, 0, 0.87238, 0.88857, 0.85476, 0.84107, 0.84821, 0.84821, 
0.87917, 0.86389, 0.87222, 0.88778, 0.88727, 0.85238, 0.85429, 
0.82381, 0.81012, 0.82143, 0.83571, 0.86667, 0.86389, 0.86111, 
0.85778, 0.87727, 0.0093, 0.0099, 0.01, 0.0101, 0.0097, 0.0099, 
0.0103, 0.011, 0.0126, 0.0134, 0.0105, 20.3, 21.4, 22.6, 24.7, 
25.2, 29.6, 28.9, 61.5, 30.3, 26.9, 27.2, 2, 54, 132, 3, 42, 
54, 121, 131, 212, 209, 110, 739, 404, 417, 225, 880, 369, 250, 
207, 85, 960, 160, 100, 100, 100, 100, 100, 100, 100, 100, 100, 
100, 100, 2500, 2500, 2500, 2500, 2500, 2500, 2500, 2500, 2500, 
2500, 2500, 6493.03, 6715.391, 6831.498, 6714.789, 6692.216, 
6600.374, 6593.19100000001, 6607.16399999999, 6562.296, 6621.02799999999, 
6562.94399999999, 13.23832, 9.37626, 1.69623, 10.10792, 4.28217, 
-0.68871, 9.55573, 1.41881, 8.68754, 14.85978, 8.80438, -14.04831, 
-12.70785, -5.77956, -11.466, -7.60431, -2.4181, -14.92514, 0.64875, 
-13.32959, -12.06912, -8.3822, 0, 0, 0, 0, 0, 0, 0, 0, 0, 0, 
0, 0, 0, 0, 0, 0, 0, 0, 0, 0, 0, 0, 0.87238, 0.88857, 0.85476, 
0.84107, 0.84821, 0.84821, 0.87917, 0.86389, 0.87222, 0.88778, 
0.88727, 0.85238, 0.85429, 0.82381, 0.81012, 0.83393, 0.80714, 
0.86667, 0.86389, 0.86111, 0.86778, 0.88727, 0.0097, 0.0096, 
0.0099, 0.0099, 0.0093, 0.0096, 0.0103, 0.0113, 0.0103, 0.0135, 
0.0109, 18.3, 21.5, 22.6, 24.6, 25.7, 38.5, 29.1, 61.6, 30.3, 
27.3, 26.6, 11, 7, 470, 283, 8, 160, 1111, 1105, 456, 448, 386, 
136, 27, 2, 9, 49, 26, 5, 2, 6, 3, 16, 100, 100, 100, 100, 100, 
100, 100, 100, 100, 100, 100, 2500, 2500, 2500, 2500, 2500, 2500, 
2500, 2500, 2500, 2500, 2500, 6455.212, 6887.119, 6497.29399999999, 
6715.907, 6675.67, 6612.337, 6616.416, 6583.458, 6602.92999999999, 
6599.96399999999, 6571.50699999998, 1, 1, 1, 1, 1, 1, 1, 1, 1, 
1, 1, 0.14286, 0.14286, 0.14286, 0.14286, 0.14286, 0.14286, 0.14286, 
0.14286, 0.14286, 0.14286, 0.14286, 0, 0, 0, 0, 0, 0, 0, 0, 0, 
0, 0, 0, 0, 0, 0, 0, 0, 0, 0, 0, 0, 0, 0.81238, 0.83762, 0.80952, 
0.79345, 0.80714, 0.82143, 0.84167, 0.85278, 0.86, 0.85667, 0.87727, 
0.83238, 0.83762, 0.82619, 0.79345, 0.78036, 0.81964, 0.84306, 
0.84167, 0.84889, 0.86778, 0.87727, 0.0089, 0.0098, 0.0098, 0.0103, 
0.0101, 0.0101, 0.01, 0.0105, 0.0102, 0.0101, 0.0124, 25.5, 28.4, 
30.1, 32.5, 34.6, 34.1, 35.4, 36.7, 37, 37.2, 38.1, 1, 1, 1, 
1, 1, 1, 1, 1, 1, 1, 1, 1, 1, 1, 1, 1, 1, 1, 1, 1, 1, 1, 1, 1, 
1, 1, 1, 1, 1, 1, 1, 1, 1, 1, 1, 1, 1, 1, 1, 1, 1, 1, 1, 1, 2.494, 
2.752, 2.67, 2.673, 2.632, 2.677, 2.641, 2.614, 2.639, 2.633, 
2.604), .Dim = c(11L, 40L), .Dimnames = list(NULL, c("Sampling", 
"PSO.cost", "PSO.gamma", "PSO.data.balancing", "PSO.feature.selection", 
"PSO.valid.acc", "PSO.test.acc", "PSO.train.time", "PSO.n.support.vectors", 
"PSO.index", "PSO.n.solutions", "PSO.generations", "PSO.n.evaluations", 
"PSO.cpu.time", "RS.cost", "RS.gamma", "RS.data.balancing", "RS.feature.selection", 
"RS.valid.acc", "RS.test.acc", "RS.train.time", "RS.n.support.vectors", 
"RS.index", "RS.n.solutions", "RS.generations", "RS.n.evaluations", 
"RS.cpu.time", "DF.cost", "DF.gamma", "DF.data.balancing", "DF.feature.selection", 
"DF.valid.acc", "DF.test.acc", "DF.train.time", "DF.n.support.vectors", 
"DF.index", "DF.n.solutions", "DF.generations", "DF.n.evaluations", 
"DF.cpu.time")))
