full <-
structure(c(50, 55, 60, 65, 70, 75, 80, 85, 90, 95, 100, 2.02584, 
0.3132, 1, -0.43926, 1.38099, 10.59701, 12.20506, 8.02136, 11.27171, 
8.10191, -0.00595, 0.47296, -2.38509, 0.14286, -4.83106, -4.02479, 
-9.60211, -10.73131, -12.55989, -15, -11.24107, -0.25055, 0, 
0, 0, 0, 0, 0, 0, 0, 0, 0, 0, 0, 0, 0, 0, 0, 0, 0, 0, 0, 0, 0, 
0.85333, 0.8281, 0.83095, 0.84226, 0.88036, 0.89821, 0.87877, 
0.89722, 0.89111, 0.87667, 0.89455, 0.78, 0.79143, 0.81667, 0.81369, 
0.84107, 0.81786, 0.84405, 0.88611, 0.88111, 0.86667, 0.86636, 
0.0095, 0.009, 0.0099, 0.0113, 0.0097, 0.0106, 0.0109, 0.01, 
0.0113, 0.0096, 0.0114, 38.2, 31.4, 30.6, 28.1, 26.1, 23.3, 24, 
27.9, 27.9, 28.6, 61.5, 620, 875, 1, 19, 830, 158, 19, 85, 38, 
36, 1256, 229, 121, 796, 235, 296, 48, 502, 304, 268, 420, 79, 
100, 100, 100, 100, 100, 100, 100, 100, 100, 100, 100, 2500, 
2500, 2500, 2500, 2500, 2500, 2500, 2500, 2500, 2500, 2500, 6826.082, 
6746.589, 6623.84, 6679.636, 6588.432, 6587.196, 6573.698, 6556.231, 
6540.80399999999, 6509.401, 6355.592, 1.01013, 0.4673, -0.31233, 
-0.46529, 1.6998, 10.85925, 7.07113, 9.69427, 5.54728, 5.4826, 
-0.5203, 0.55141, -3.68743, -1.27078, -5.05631, -4.3357, -10.02297, 
-7.71373, -14.01763, -9.09329, -9.32252, -1.51201, 0, 0, 0, 0, 
0, 0, 0, 0, 0, 0, 0, 0, 0, 0, 0, 0, 0, 0, 0, 0, 0, 0, 0.83667, 
0.81381, 0.83333, 0.84226, 0.88036, 0.88571, 0.87877, 0.89722, 
0.89111, 0.87667, 0.88455, 0.81333, 0.8281, 0.83333, 0.81369, 
0.84107, 0.83036, 0.85655, 0.88611, 0.88111, 0.86667, 0.86545, 
0.0098, 0.0092, 0.0093, 0.0093, 0.012, 0.0133, 0.0102, 0.0119, 
0.0107, 0.0105, 0.0105, 39.5, 25.6, 39.1, 27.3, 25.6, 23.8, 23.4, 
27.4, 27.6, 29.2, 49.5, 418, 208, 525, 21, 733, 254, 51, 30, 
52, 30, 36, 6, 6, 2, 56, 1, 14, 87, 27, 53, 67, 11, 100, 100, 
100, 100, 100, 100, 100, 100, 100, 100, 100, 2500, 2500, 2500, 
2500, 2500, 2500, 2500, 2500, 2500, 2500, 2500, 6903.843, 6588.852, 
6708.745, 6610.364, 6596.453, 6601.258, 6554.874, 6551.079, 6567.34600000001, 
6488.45299999999, 6373.38800000001, 1, 1, 1, 1, 1, 1, 1, 1, 1, 
1, 1, 0.14286, 0.14286, 0.14286, 0.14286, 0.14286, 0.14286, 0.14286, 
0.14286, 0.14286, 0.14286, 0.14286, 0, 0, 0, 0, 0, 0, 0, 0, 0, 
0, 0, 0, 0, 0, 0, 0, 0, 0, 0, 0, 0, 0, 0.79667, 0.81381, 0.83095, 
0.8256, 0.82679, 0.83214, 0.85655, 0.8625, 0.87, 0.85556, 0.87455, 
0.77333, 0.81143, 0.81667, 0.84226, 0.82679, 0.85893, 0.84405, 
0.85139, 0.87, 0.85556, 0.87455, 0.0101, 0.0097, 0.0095, 0.0095, 
0.0098, 0.0098, 0.0103, 0.0103, 0.0126, 0.0103, 0.0104, 27.3, 
29.5, 30.6, 30.7, 32.8, 33.2, 33.3, 33.9, 36.4, 36.9, 38.3, 1, 
1, 1, 1, 1, 1, 1, 1, 1, 1, 1, 1, 1, 1, 1, 1, 1, 1, 1, 1, 1, 1, 
1, 1, 1, 1, 1, 1, 1, 1, 1, 1, 1, 1, 1, 1, 1, 1, 1, 1, 1, 1, 1, 
1, 2.784, 2.623, 2.662, 2.595, 2.567, 2.624, 2.604, 2.623, 2.649, 
2.543, 2.578), .Dim = c(11L, 40L), .Dimnames = list(NULL, c("Sampling", 
"PSO.cost", "PSO.gamma", "PSO.data.balancing", "PSO.feature.selection", 
"PSO.valid.acc", "PSO.test.acc", "PSO.train.time", "PSO.n.support.vectors", 
"PSO.index", "PSO.n.solutions", "PSO.generations", "PSO.n.evaluations", 
"PSO.cpu.time", "RS.cost", "RS.gamma", "RS.data.balancing", "RS.feature.selection", 
"RS.valid.acc", "RS.test.acc", "RS.train.time", "RS.n.support.vectors", 
"RS.index", "RS.n.solutions", "RS.generations", "RS.n.evaluations", 
"RS.cpu.time", "DF.cost", "DF.gamma", "DF.data.balancing", "DF.feature.selection", 
"DF.valid.acc", "DF.test.acc", "DF.train.time", "DF.n.support.vectors", 
"DF.index", "DF.n.solutions", "DF.generations", "DF.n.evaluations", 
"DF.cpu.time")))
