full <-
structure(c(50, 55, 60, 65, 70, 75, 80, 85, 90, 95, 100, 1.79376, 
3.65078, 1.41289, 2.87064, 1.12377, 13.80287, 13.92715, 0.35183, 
1, 10.97064, 15, -0.06128, -1.60672, 0.61289, -0.96836, -1.13481, 
-14.68395, -12.2237, -2.3107, 0.14286, -15, -12.83737, 0, 0, 
0, 0, 0, 0, 0, 0, 0, 0, 0, 0, 0, 0, 0, 0, 0, 0, 0, 0, 0, 0, 0.91333, 
0.93333, 0.90476, 0.9119, 0.89107, 0.9131, 0.90417, 0.92667, 
0.89167, 0.91091, 0.89364, 0.89333, 0.84667, 0.89286, 0.90952, 
0.8625, 0.9256, 0.88056, 0.88333, 0.88167, 0.8898, 0.86621, 0.0101, 
0.0097, 0.0102, 0.0099, 0.0101, 0.0096, 0.0106, 0.0102, 0.0107, 
0.0101, 0.0133, 33.6, 20.5, 43.6, 31.6, 36.6, 18.9, 20.6, 34.6, 
35, 24.3, 28.1, 606, 153, 489, 335, 1224, 398, 22, 225, 1, 194, 
205, 60, 747, 637, 479, 54, 226, 530, 502, 366, 100, 315, 100, 
100, 100, 100, 100, 100, 100, 100, 100, 100, 100, 2500, 2500, 
2500, 2500, 2500, 2500, 2500, 2500, 2500, 2500, 2500, 6576.613, 
6590.589, 6529.209, 6456.522, 6493.978, 6417.86799999999, 6404.55899999999, 
6401.379, 6438.371, 6488.67, 6502.22799999999, 10.50386, 3.0957, 
1.34364, 2.70463, 1.08836, 13.32182, -0.30025, 0.54798, -0.29719, 
8.62802, 14.33358, 0.72276, -1.49171, 0.52434, -0.90167, -1.29796, 
-14.0395, -1.80169, -2.35732, -0.35145, -12.69108, -12.47364, 
0, 0, 0, 0, 0, 0, 0, 0, 0, 0, 0, 0, 0, 0, 0, 0, 0, 0, 0, 0, 0, 
0, 0.89333, 0.93333, 0.90476, 0.89762, 0.87679, 0.9131, 0.90556, 
0.92667, 0.89278, 0.91091, 0.89364, 0.89333, 0.86333, 0.89286, 
0.90952, 0.84821, 0.9256, 0.88056, 0.88333, 0.88167, 0.8898, 
0.86621, 0.0097, 0.0094, 0.0102, 0.0099, 0.0102, 0.0097, 0.0104, 
0.0102, 0.0112, 0.0102, 0.0123, 39.1, 21.3, 42.4, 32.3, 35.5, 
18.9, 38.6, 33.1, 54.9, 24.4, 27.8, 15, 1012, 47, 136, 728, 203, 
153, 960, 1626, 2017, 1926, 108, 2, 1, 4, 5, 10, 3, 1, 1, 3, 
1, 100, 100, 100, 100, 100, 100, 100, 100, 100, 100, 100, 2500, 
2500, 2500, 2500, 2500, 2500, 2500, 2500, 2500, 2500, 2500, 6589.153, 
6566.007, 6459.71, 6466.13499999999, 6475.586, 6413.678, 6414.905, 
6417.58900000001, 6472.503, 6508.299, 6439.80600000001, 1, 1, 
1, 1, 1, 1, 1, 1, 1, 1, 1, 0.14286, 0.14286, 0.14286, 0.14286, 
0.14286, 0.14286, 0.14286, 0.14286, 0.14286, 0.14286, 0.14286, 
0, 0, 0, 0, 0, 0, 0, 0, 0, 0, 0, 0, 0, 0, 0, 0, 0, 0, 0, 0, 0, 
0, 0.83667, 0.86333, 0.87286, 0.82381, 0.85, 0.87202, 0.88056, 
0.92556, 0.89167, 0.89091, 0.87621, 0.83667, 0.86333, 0.85381, 
0.8381, 0.83571, 0.84524, 0.88056, 0.88333, 0.88167, 0.8798, 
0.87621, 0.0094, 0.0097, 0.0095, 0.0097, 0.01, 0.0103, 0.0106, 
0.0108, 0.0105, 0.0104, 0.0111, 22.3, 24.5, 23.4, 29, 30.6, 29.5, 
32.6, 33.3, 35, 35.9, 38.1, 1, 1, 1, 1, 1, 1, 1, 1, 1, 1, 1, 
1, 1, 1, 1, 1, 1, 1, 1, 1, 1, 1, 1, 1, 1, 1, 1, 1, 1, 1, 1, 1, 
1, 1, 1, 1, 1, 1, 1, 1, 1, 1, 1, 1, 2.628, 2.626, 2.559, 2.59, 
2.553, 2.551, 2.567, 2.595, 2.623, 2.599, 2.564), .Dim = c(11L, 
40L), .Dimnames = list(NULL, c("Sampling", "PSO.cost", "PSO.gamma", 
"PSO.data.balancing", "PSO.feature.selection", "PSO.valid.acc", 
"PSO.test.acc", "PSO.train.time", "PSO.n.support.vectors", "PSO.index", 
"PSO.n.solutions", "PSO.generations", "PSO.n.evaluations", "PSO.cpu.time", 
"RS.cost", "RS.gamma", "RS.data.balancing", "RS.feature.selection", 
"RS.valid.acc", "RS.test.acc", "RS.train.time", "RS.n.support.vectors", 
"RS.index", "RS.n.solutions", "RS.generations", "RS.n.evaluations", 
"RS.cpu.time", "DF.cost", "DF.gamma", "DF.data.balancing", "DF.feature.selection", 
"DF.valid.acc", "DF.test.acc", "DF.train.time", "DF.n.support.vectors", 
"DF.index", "DF.n.solutions", "DF.generations", "DF.n.evaluations", 
"DF.cpu.time")))
