full <-
structure(c(50, 55, 60, 65, 70, 75, 80, 85, 90, 95, 100, 7.00757, 
10.43132, 8.79631, 13.40091, 1, 9.06421, 1, 6.06961, 6.14047, 
2.17619, 12.14986, -12.07577, -13.25227, -4.86648, -12.482, 0.14286, 
-13.05442, 0.14286, -9.99608, -6.44887, -5.33987, -9.45622, 0, 
0, 0, 0, 0, 0, 0, 0, 0, 0, 0, 0, 0, 0, 0, 0, 0, 0, 0, 0, 0, 0, 
0.92667, 0.93, 0.92381, 0.9119, 0.87619, 0.8871, 0.87837, 0.88583, 
0.89222, 0.88889, 0.89545, 0.90667, 0.91333, 0.84524, 0.89762, 
0.87619, 0.8871, 0.87837, 0.87472, 0.88111, 0.87778, 0.85818, 
0.0098, 0.0086, 0.01, 0.0098, 0.0098, 0.0097, 0.0095, 0.0093, 
0.0098, 0.0098, 0.012, 14.8, 12, 14.6, 14.6, 31.4, 22.5, 33.9, 
24.8, 24.2, 26.7, 26.5, 371, 13, 376, 134, 1, 359, 1, 54, 1702, 
260, 56, 238, 1088, 189, 997, 666, 483, 991, 847, 13, 256, 876, 
100, 100, 100, 100, 100, 100, 100, 100, 100, 100, 100, 2500, 
2500, 2500, 2500, 2500, 2500, 2500, 2500, 2500, 2500, 2500, 6409.012, 
6524.824, 6452.304, 6570.03, 6567.324, 6542.535, 6409.25199999999, 
6291.815, 6535.018, 6553.825, 6594.57900000001, 8.81602, 9.71275, 
9.74996, 14.59683, 1.68567, 8.64328, 8.01794, 9.4155, -0.1522, 
0.09121, 12.07241, -13.91887, -14.03538, -5.30141, -13.35885, 
-5.06631, -13.29643, -13.1978, -12.50762, -4.35138, -4.25435, 
-10.45475, 0, 0, 0, 0, 0, 0, 0, 0, 0, 0, 0, 0, 0, 0, 0, 0, 0, 
0, 0, 0, 0, 0, 0.92667, 0.93, 0.92381, 0.9119, 0.87619, 0.8871, 
0.87837, 0.88583, 0.88333, 0.88889, 0.89545, 0.92667, 0.93, 0.85952, 
0.89762, 0.87619, 0.8871, 0.87837, 0.87472, 0.87333, 0.89889, 
0.87727, 0.0094, 0.0097, 0.0098, 0.0099, 0.0096, 0.0102, 0.0093, 
0.0099, 0.01, 0.0099, 0.0118, 14.8, 13.4, 14.9, 14.8, 22, 23.6, 
24.4, 24.5, 29.8, 30.2, 27.2, 276, 38, 56, 134, 3, 8, 4, 39, 
46, 33, 175, 18, 143, 23, 13, 313, 51, 515, 84, 5, 14, 40, 100, 
100, 100, 100, 100, 100, 100, 100, 100, 100, 100, 2500, 2500, 
2500, 2500, 2500, 2500, 2500, 2500, 2500, 2500, 2500, 6442.371, 
6562.952, 6492.581, 6563.315, 6560.688, 6415.07000000001, 6412.89899999999, 
6490.97199999999, 6557.273, 6578.61199999999, 6574.82900000003, 
1, 1, 1, 1, 1, 1, 1, 1, 1, 1, 1, 0.14286, 0.14286, 0.14286, 0.14286, 
0.14286, 0.14286, 0.14286, 0.14286, 0.14286, 0.14286, 0.14286, 
0, 0, 0, 0, 0, 0, 0, 0, 0, 0, 0, 0, 0, 0, 0, 0, 0, 0, 0, 0, 0, 
0, 0.90667, 0.91333, 0.92143, 0.89762, 0.87619, 0.8746, 0.87837, 
0.87472, 0.85111, 0.87778, 0.86727, 0.90667, 0.91333, 0.92143, 
0.89762, 0.87619, 0.8621, 0.87837, 0.87472, 0.85111, 0.88889, 
0.86636, 0.0087, 0.0094, 0.0095, 0.0095, 0.0103, 0.0094, 0.0098, 
0.0098, 0.0104, 0.0108, 0.0106, 23.8, 24.9, 25.6, 29.2, 31.4, 
32.1, 33.9, 33.2, 35.9, 35.4, 38.4, 1, 1, 1, 1, 1, 1, 1, 1, 1, 
1, 1, 1, 1, 1, 1, 1, 1, 1, 1, 1, 1, 1, 1, 1, 1, 1, 1, 1, 1, 1, 
1, 1, 1, 1, 1, 1, 1, 1, 1, 1, 1, 1, 1, 1, 2.477, 2.558, 2.632, 
2.601, 2.636, 2.44, 2.424, 2.606, 2.614, 2.625, 2.623), .Dim = c(11L, 
40L), .Dimnames = list(NULL, c("Sampling", "PSO.cost", "PSO.gamma", 
"PSO.data.balancing", "PSO.feature.selection", "PSO.valid.acc", 
"PSO.test.acc", "PSO.train.time", "PSO.n.support.vectors", "PSO.index", 
"PSO.n.solutions", "PSO.generations", "PSO.n.evaluations", "PSO.cpu.time", 
"RS.cost", "RS.gamma", "RS.data.balancing", "RS.feature.selection", 
"RS.valid.acc", "RS.test.acc", "RS.train.time", "RS.n.support.vectors", 
"RS.index", "RS.n.solutions", "RS.generations", "RS.n.evaluations", 
"RS.cpu.time", "DF.cost", "DF.gamma", "DF.data.balancing", "DF.feature.selection", 
"DF.valid.acc", "DF.test.acc", "DF.train.time", "DF.n.support.vectors", 
"DF.index", "DF.n.solutions", "DF.generations", "DF.n.evaluations", 
"DF.cpu.time")))
