full <-
structure(c(50, 55, 60, 65, 70, 75, 80, 85, 90, 95, 100, -0.61329, 
9.44631, -0.94771, 3.23912, -0.26006, 12.49434, 11.98001, 2.9629, 
13.12018, 7.95899, 13.8881, -1.75175, -14.18166, -4.06372, -4.9109, 
-3.77591, -15, -15, -8.0546, -13.82517, -12.6263, -11.77576, 
0, 0, 0, 0, 0, 0, 0, 0, 0, 0, 0, 0, 0, 0, 0, 0, 0, 0, 0, 0, 0, 
0, 0.91, 0.9181, 0.8881, 0.86369, 0.8744, 0.88571, 0.88194, 0.88444, 
0.89333, 0.89556, 0.88636, 0.89, 0.8981, 0.87381, 0.82083, 0.86012, 
0.84821, 0.87083, 0.86222, 0.87111, 0.88556, 0.86803, 0.0083, 
0.0092, 0.0093, 0.0095, 0.0091, 0.0095, 0.009, 0.0098, 0.01, 
0.0101, 0.0115, 26.2, 17.5, 24.5, 21.7, 26.8, 24.2, 26.6, 29.9, 
25.7, 29.6, 26.2, 506, 2, 834, 306, 498, 275, 212, 2, 4, 4, 188, 
182, 694, 37, 43, 163, 319, 85, 339, 1089, 162, 58, 100, 100, 
100, 100, 100, 100, 100, 100, 100, 100, 100, 2500, 2500, 2500, 
2500, 2500, 2500, 2500, 2500, 2500, 2500, 2500, 6300.016, 6260.045, 
6198.452, 6213.698, 6190.577, 6207.482, 6268.79300000001, 6295.06, 
6242.44600000001, 6320.967, 6243.073, -0.46081, 0.95567, -0.93953, 
12.54994, -0.28659, 12.47634, 10.3389, 3.60862, 2.03109, 3.21417, 
13.03803, -4.5893, -5.24542, -4.05277, -14.80185, -3.66608, -14.66497, 
-14.7182, -9.1372, -5.79301, -7.90035, -11.06309, 0, 0, 0, 0, 
0, 0, 0, 0, 0, 0, 0, 0, 0, 0, 0, 0, 0, 0, 0, 0, 0, 0, 0.89, 0.93238, 
0.8881, 0.8619, 0.8619, 0.87321, 0.88194, 0.88444, 0.90444, 0.89556, 
0.88636, 0.87, 0.88143, 0.87381, 0.86012, 0.86012, 0.84821, 0.85972, 
0.86222, 0.88333, 0.88556, 0.86803, 0.0085, 0.009, 0.0093, 0.0095, 
0.0099, 0.0098, 0.0088, 0.0093, 0.0098, 0.0102, 0.0115, 18.5, 
17.8, 24.5, 22.5, 27, 24.3, 28.4, 31.5, 28, 29.7, 26.3, 84, 1111, 
2102, 71, 742, 53, 251, 25, 224, 94, 79, 31, 2, 1, 140, 16, 49, 
8, 97, 1, 13, 5, 100, 100, 100, 100, 100, 100, 100, 100, 100, 
100, 100, 2500, 2500, 2500, 2500, 2500, 2500, 2500, 2500, 2500, 
2500, 2500, 6223.121, 6245.339, 6267.334, 6225.122, 6204.519, 
6245.41800000001, 6218.80100000001, 6355.645, 6358.914, 6281.43799999999, 
6169.73499999999, 1, 1, 1, 1, 1, 1, 1, 1, 1, 1, 1, 0.14286, 0.14286, 
0.14286, 0.14286, 0.14286, 0.14286, 0.14286, 0.14286, 0.14286, 
0.14286, 0.14286, 0, 0, 0, 0, 0, 0, 0, 0, 0, 0, 0, 0, 0, 0, 0, 
0, 0, 0, 0, 0, 0, 0, 0.85, 0.89905, 0.85714, 0.83512, 0.84762, 
0.84821, 0.85972, 0.86083, 0.86111, 0.87556, 0.87545, 0.87, 0.88238, 
0.85714, 0.84762, 0.83333, 0.83571, 0.86111, 0.84972, 0.86, 0.86444, 
0.86636, 0.0094, 0.0088, 0.0091, 0.0088, 0.0099, 0.0089, 0.0095, 
0.0104, 0.01, 0.0101, 0.0103, 20.3, 22.2, 24.7, 29.3, 30, 31.1, 
33.8, 34.3, 34.4, 37.1, 37, 1, 1, 1, 1, 1, 1, 1, 1, 1, 1, 1, 
1, 1, 1, 1, 1, 1, 1, 1, 1, 1, 1, 1, 1, 1, 1, 1, 1, 1, 1, 1, 1, 
1, 1, 1, 1, 1, 1, 1, 1, 1, 1, 1, 1, 2.578, 2.489, 2.539, 2.352, 
2.549, 2.356, 2.488, 2.559, 2.512, 2.488, 2.442), .Dim = c(11L, 
40L), .Dimnames = list(NULL, c("Sampling", "PSO.cost", "PSO.gamma", 
"PSO.data.balancing", "PSO.feature.selection", "PSO.valid.acc", 
"PSO.test.acc", "PSO.train.time", "PSO.n.support.vectors", "PSO.index", 
"PSO.n.solutions", "PSO.generations", "PSO.n.evaluations", "PSO.cpu.time", 
"RS.cost", "RS.gamma", "RS.data.balancing", "RS.feature.selection", 
"RS.valid.acc", "RS.test.acc", "RS.train.time", "RS.n.support.vectors", 
"RS.index", "RS.n.solutions", "RS.generations", "RS.n.evaluations", 
"RS.cpu.time", "DF.cost", "DF.gamma", "DF.data.balancing", "DF.feature.selection", 
"DF.valid.acc", "DF.test.acc", "DF.train.time", "DF.n.support.vectors", 
"DF.index", "DF.n.solutions", "DF.generations", "DF.n.evaluations", 
"DF.cpu.time")))
