full <-
structure(c(50, 55, 60, 65, 70, 75, 80, 85, 90, 95, 100, 7.76762, 
5.87625, 8.72324, 4.60006, 5.67311, 4.72301, 6.37829, 6.30823, 
8.79441, 6.63708, 8.21213, -7.85612, -7.71503, -7.21813, -5.10732, 
-4.92554, -6.17, -5.40385, -5.83902, -3.9505, -5.86197, -6.16376, 
0, 0, 0, 0, 0, 0, 0, 0, 0, 0, 0, 0, 0, 0, 0, 0, 0, 0, 0, 0, 0, 
0, 0.64813, 0.64273, 0.66058, 0.63798, 0.63987, 0.66046, 0.6522, 
0.72062, 0.69429, 0.67643, 0.6507, 0.555, 0.58551, 0.59224, 0.62162, 
0.62935, 0.63514, 0.65989, 0.67549, 0.68, 0.6371, 0.62815, 0.0541, 
0.0552, 0.0558, 0.0593, 0.0608, 0.0628, 0.0644, 0.0677, 0.0686, 
0.0698, 0.0744, 59.7, 65.9, 71.4, 79, 84.3, 88.4, 94.9, 99.2, 
108.1, 109.9, 113.4, 211, 1898, 33, 5, 1455, 108, 41, 378, 365, 
475, 406, 401, 11, 1269, 912, 11, 126, 868, 872, 773, 119, 74, 
100, 100, 100, 100, 100, 100, 100, 100, 100, 100, 100, 2500, 
2500, 2500, 2500, 2500, 2500, 2500, 2500, 2500, 2500, 2500, 9158.133, 
9110.671, 9023.81200000001, 9013.869, 9050.902, 9139.58100000001, 
9150.36900000001, 9146.48699999999, 9029.05300000001, 8994.31900000002, 
8953.24100000001, 7.45548, 8.91301, 11.12254, 3.53754, 5.91074, 
4.58297, 12.1393, 6.39045, 10.19504, 3.77326, 9.09091, -7.71122, 
-7.96257, -7.19111, -4.97344, -4.90562, -5.4004, -5.5952, -5.71375, 
-3.99355, -3.95482, -6.18473, 0, 0, 0, 0, 0, 0, 0, 0, 0, 0, 0, 
0, 0, 0, 0, 0, 0, 0, 0, 0, 0, 0, 0.64813, 0.63475, 0.66058, 0.62222, 
0.63154, 0.65852, 0.6522, 0.72062, 0.69381, 0.67863, 0.64482, 
0.5675, 0.60523, 0.59224, 0.61237, 0.63026, 0.67713, 0.65989, 
0.66835, 0.67286, 0.63252, 0.62149, 0.0548, 0.056, 0.0564, 0.0595, 
0.0598, 0.0611, 0.0637, 0.0645, 0.0699, 0.0719, 0.073, 59.7, 
64.2, 71.4, 81.3, 84.3, 89.4, 94, 99.2, 107.9, 115.5, 113.3, 
394, 34, 171, 1436, 1491, 2408, 226, 104, 161, 1030, 1405, 1, 
33, 9, 1, 2, 1, 10, 2, 1, 1, 5, 100, 100, 100, 100, 100, 100, 
100, 100, 100, 100, 100, 2500, 2500, 2500, 2500, 2500, 2500, 
2500, 2500, 2500, 2500, 2500, 9170.434, 9126.304, 8948.334, 9016.093, 
9083.383, 9163.40400000001, 9165.64600000001, 9064.74200000003, 
8992.82999999999, 8953.375, 9086.64299999998, 1, 1, 1, 1, 1, 
1, 1, 1, 1, 1, 1, 0.01111, 0.01111, 0.01111, 0.01111, 0.01111, 
0.01111, 0.01111, 0.01111, 0.01111, 0.01111, 0.01111, 0, 0, 0, 
0, 0, 0, 0, 0, 0, 0, 0, 0, 0, 0, 0, 0, 0, 0, 0, 0, 0, 0, 0.38167, 
0.41225, 0.4307, 0.43263, 0.41203, 0.44195, 0.44615, 0.47168, 
0.45857, 0.44331, 0.45495, 0.35103, 0.43955, 0.43161, 0.43354, 
0.41267, 0.44195, 0.4467, 0.48447, 0.45857, 0.45712, 0.46676, 
0.054, 0.055, 0.0568, 0.0592, 0.0607, 0.063, 0.0652, 0.0671, 
0.07, 0.0732, 0.0761, 65, 71.5, 78, 84.6, 91, 97.2, 103.6, 110.2, 
116.8, 122.4, 129.9, 1, 1, 1, 1, 1, 1, 1, 1, 1, 1, 1, 1, 1, 1, 
1, 1, 1, 1, 1, 1, 1, 1, 1, 1, 1, 1, 1, 1, 1, 1, 1, 1, 1, 1, 1, 
1, 1, 1, 1, 1, 1, 1, 1, 1, 3.615, 3.66, 3.605, 3.613, 3.702, 
3.637, 3.604, 3.61, 3.552, 3.578, 3.659), .Dim = c(11L, 40L), .Dimnames = list(
    NULL, c("Sampling", "PSO.cost", "PSO.gamma", "PSO.data.balancing", 
    "PSO.feature.selection", "PSO.valid.acc", "PSO.test.acc", 
    "PSO.train.time", "PSO.n.support.vectors", "PSO.index", "PSO.n.solutions", 
    "PSO.generations", "PSO.n.evaluations", "PSO.cpu.time", "RS.cost", 
    "RS.gamma", "RS.data.balancing", "RS.feature.selection", 
    "RS.valid.acc", "RS.test.acc", "RS.train.time", "RS.n.support.vectors", 
    "RS.index", "RS.n.solutions", "RS.generations", "RS.n.evaluations", 
    "RS.cpu.time", "DF.cost", "DF.gamma", "DF.data.balancing", 
    "DF.feature.selection", "DF.valid.acc", "DF.test.acc", "DF.train.time", 
    "DF.n.support.vectors", "DF.index", "DF.n.solutions", "DF.generations", 
    "DF.n.evaluations", "DF.cpu.time")))
