full <-
structure(c(50, 55, 60, 65, 70, 75, 80, 85, 90, 95, 100, 5.75262, 
11.32483, 7.5879, 9.36799, 9.08345, 8.51968, 11.38065, 9.45906, 
6.81278, 6.7199, 9.6643, -7.32907, -5.86322, -7.3637, -9.15675, 
-8.23653, -6.37368, -7.92711, -4.57042, -6.09706, -5.42484, -7.08177, 
0, 0, 0, 0, 0, 0, 0, 0, 0, 0, 0, 0, 0, 0, 0, 0, 0, 0, 0, 0, 0, 
0, 0.70825, 0.76026, 0.73804, 0.7, 0.68409, 0.72209, 0.69386, 
0.70374, 0.75333, 0.72327, 0.72984, 0.66452, 0.72574, 0.66598, 
0.65364, 0.64924, 0.67955, 0.69386, 0.65452, 0.6781, 0.63946, 
0.63835, 0.0592, 0.0577, 0.0584, 0.0615, 0.0634, 0.0639, 0.0655, 
0.0666, 0.0776, 0.0786, 0.0828, 60.8, 64.1, 69.4, 71.7, 78.7, 
85.1, 88, 99.4, 101.2, 109.8, 112, 853, 28, 1520, 449, 293, 807, 
18, 236, 529, 489, 1057, 78, 1286, 29, 708, 204, 133, 1206, 7, 
433, 112, 443, 100, 100, 100, 100, 100, 100, 100, 100, 100, 100, 
100, 2500, 2500, 2500, 2500, 2500, 2500, 2500, 2500, 2500, 2500, 
2500, 8604.549, 8654.692, 8676.913, 8686.858, 8778.762, 8735.189, 
8737.33200000001, 8718.609, 10873.08, 11278.311, 11381.42, 5.68623, 
14.41562, 8.51453, 7.23077, 9.26287, 12.80353, 11.76936, 4.98407, 
7.4442, 6.80425, 9.56477, -7.22668, -5.79434, -7.55288, -6.56973, 
-8.377, -6.42385, -7.97167, -4.74791, -6.5546, -5.53417, -7.09209, 
0, 0, 0, 0, 0, 0, 0, 0, 0, 0, 0, 0, 0, 0, 0, 0, 0, 0, 0, 0, 0, 
0, 0.70825, 0.76026, 0.7286, 0.70091, 0.68409, 0.72145, 0.69386, 
0.70271, 0.74667, 0.71613, 0.71841, 0.66452, 0.72574, 0.67522, 
0.68182, 0.64924, 0.67185, 0.69386, 0.66881, 0.6781, 0.63232, 
0.63835, 0.0547, 0.0573, 0.0592, 0.0629, 0.0652, 0.0661, 0.0659, 
0.0696, 0.0773, 0.0813, 0.0816, 60.8, 64.1, 69.3, 74.7, 77.6, 
85.2, 88.2, 100.7, 100.8, 109.5, 112.1, 1454, 49, 1234, 1468, 
2075, 1164, 17, 1140, 1632, 72, 1264, 1, 18, 1, 1, 2, 8, 20, 
1, 1, 8, 1, 100, 100, 100, 100, 100, 100, 100, 100, 100, 100, 
100, 2500, 2500, 2500, 2500, 2500, 2500, 2500, 2500, 2500, 2500, 
2500, 8627.968, 8635.649, 8658.204, 8757.633, 8779.576, 8740.63799999999, 
8775.18799999999, 8654.82900000001, 11211.801, 11321.259, 11510.611, 
1, 1, 1, 1, 1, 1, 1, 1, 1, 1, 1, 0.01111, 0.01111, 0.01111, 0.01111, 
0.01111, 0.01111, 0.01111, 0.01111, 0.01111, 0.01111, 0.01111, 
0, 0, 0, 0, 0, 0, 0, 0, 0, 0, 0, 0, 0, 0, 0, 0, 0, 0, 0, 0, 0, 
0, 0.4877, 0.45268, 0.46594, 0.46273, 0.43864, 0.46795, 0.44469, 
0.43584, 0.4381, 0.46119, 0.45657, 0.47452, 0.46379, 0.46594, 
0.43455, 0.45606, 0.44283, 0.45119, 0.44244, 0.44476, 0.45452, 
0.47569, 0.0564, 0.0585, 0.0586, 0.0615, 0.0637, 0.0639, 0.0654, 
0.0711, 0.0785, 0.0817, 0.0881, 65.5, 71.9, 78.2, 84.5, 91.2, 
97.6, 103.5, 110, 116.5, 122.5, 129.7, 1, 1, 1, 1, 1, 1, 1, 1, 
1, 1, 1, 1, 1, 1, 1, 1, 1, 1, 1, 1, 1, 1, 1, 1, 1, 1, 1, 1, 1, 
1, 1, 1, 1, 1, 1, 1, 1, 1, 1, 1, 1, 1, 1, 1, 3.47, 3.55, 3.434, 
3.51, 3.477, 3.46, 3.509, 3.506, 4.538, 4.596, 4.641), .Dim = c(11L, 
40L), .Dimnames = list(NULL, c("Sampling", "PSO.cost", "PSO.gamma", 
"PSO.data.balancing", "PSO.feature.selection", "PSO.valid.acc", 
"PSO.test.acc", "PSO.train.time", "PSO.n.support.vectors", "PSO.index", 
"PSO.n.solutions", "PSO.generations", "PSO.n.evaluations", "PSO.cpu.time", 
"RS.cost", "RS.gamma", "RS.data.balancing", "RS.feature.selection", 
"RS.valid.acc", "RS.test.acc", "RS.train.time", "RS.n.support.vectors", 
"RS.index", "RS.n.solutions", "RS.generations", "RS.n.evaluations", 
"RS.cpu.time", "DF.cost", "DF.gamma", "DF.data.balancing", "DF.feature.selection", 
"DF.valid.acc", "DF.test.acc", "DF.train.time", "DF.n.support.vectors", 
"DF.index", "DF.n.solutions", "DF.generations", "DF.n.evaluations", 
"DF.cpu.time")))
