full <-
structure(c(50, 55, 60, 65, 70, 75, 80, 85, 90, 95, 100, 6.04625, 
11.04574, 15, 8.82909, 15, 10.16308, 13.05721, 9.23114, 8.18693, 
10.03882, 3.56761, -6.21754, -6.42245, -8.74398, -8.16599, -6.79177, 
-9.66982, -6.50526, -8.80007, -6.73678, -7.61617, -3.43388, 0, 
0, 0, 0, 0, 0, 0, 0, 0, 0, 0, 0, 0, 0, 0, 0, 0, 0, 0, 0, 0, 0, 
0.65377, 0.68583, 0.71636, 0.72793, 0.66742, 0.65157, 0.64441, 
0.66886, 0.69761, 0.67896, 0.67481, 0.60238, 0.56286, 0.6397, 
0.69141, 0.66515, 0.60447, 0.67731, 0.63048, 0.6217, 0.64077, 
0.6559, 0.0581, 0.06, 0.0588, 0.0616, 0.0655, 0.0632, 0.0665, 
0.0697, 0.077, 0.0752, 0.0848, 60.6, 65.3, 67.3, 71.5, 79.7, 
81.3, 91.5, 94.7, 102, 105.2, 120.8, 1109, 338, 163, 165, 55, 
2310, 109, 354, 86, 679, 220, 292, 239, 1026, 201, 449, 3, 1192, 
302, 1021, 240, 315, 100, 100, 100, 100, 100, 100, 100, 100, 
100, 100, 100, 2500, 2500, 2500, 2500, 2500, 2500, 2500, 2500, 
2500, 2500, 2500, 10319.354, 10256.654, 9915.643, 9929.782, 9945.14599999999, 
10069.699, 9943.455, 9892.47500000001, 10132.79, 10518.753, 10729.383, 
5.72826, 13.6199, 10.95699, 5.61189, 10.03951, 10.17612, 13.63153, 
7.33179, 9.45999, 9.90444, 13.68253, -6.34704, -6.41509, -8.69678, 
-6.58666, -6.59893, -9.41138, -6.56619, -7.25186, -6.73789, -7.57225, 
-3.55267, 0, 0, 0, 0, 0, 0, 0, 0, 0, 0, 0, 0, 0, 0, 0, 0, 0, 
0, 0, 0, 0, 0, 0.65377, 0.68583, 0.71636, 0.72717, 0.66742, 0.65093, 
0.64441, 0.66674, 0.69761, 0.67271, 0.66194, 0.61349, 0.56286, 
0.6397, 0.70975, 0.65682, 0.61523, 0.67731, 0.6596, 0.62795, 
0.63411, 0.68069, 0.0581, 0.0579, 0.0589, 0.0614, 0.0654, 0.0636, 
0.0655, 0.0722, 0.0716, 0.0768, 0.0865, 61, 65.3, 67.3, 75.4, 
79.8, 81.6, 91.3, 98.4, 101.3, 105.7, 118.7, 1699, 116, 20, 240, 
751, 1554, 837, 435, 330, 381, 133, 1, 2, 11, 2, 11, 1, 9, 1, 
5, 1, 11, 100, 100, 100, 100, 100, 100, 100, 100, 100, 100, 100, 
2500, 2500, 2500, 2500, 2500, 2500, 2500, 2500, 2500, 2500, 2500, 
10251.992, 9894.058, 9859.366, 9908.44099999999, 10081.873, 9806.55399999999, 
9929.31899999999, 9997.15099999998, 10408.093, 10874.841, 10865.506, 
1, 1, 1, 1, 1, 1, 1, 1, 1, 1, 1, 0.01111, 0.01111, 0.01111, 0.01111, 
0.01111, 0.01111, 0.01111, 0.01111, 0.01111, 0.01111, 0.01111, 
0, 0, 0, 0, 0, 0, 0, 0, 0, 0, 0, 0, 0, 0, 0, 0, 0, 0, 0, 0, 0, 
0, 0.46548, 0.48552, 0.50273, 0.49157, 0.45682, 0.46323, 0.46118, 
0.45029, 0.4459, 0.45295, 0.46142, 0.45437, 0.54202, 0.4996, 
0.45429, 0.45606, 0.44644, 0.47592, 0.44212, 0.45257, 0.45877, 
0.46142, 0.0593, 0.0583, 0.0594, 0.0599, 0.0659, 0.0654, 0.0668, 
0.0717, 0.0732, 0.0822, 0.0819, 65.6, 72, 78.3, 84.6, 91.1, 97.4, 
104, 110.3, 116, 122.7, 129.8, 1, 1, 1, 1, 1, 1, 1, 1, 1, 1, 
1, 1, 1, 1, 1, 1, 1, 1, 1, 1, 1, 1, 1, 1, 1, 1, 1, 1, 1, 1, 1, 
1, 1, 1, 1, 1, 1, 1, 1, 1, 1, 1, 1, 1, 4.071, 3.879, 3.943, 3.883, 
4.106, 3.891, 3.772, 4.055, 3.881, 4.295, 4.209), .Dim = c(11L, 
40L), .Dimnames = list(NULL, c("Sampling", "PSO.cost", "PSO.gamma", 
"PSO.data.balancing", "PSO.feature.selection", "PSO.valid.acc", 
"PSO.test.acc", "PSO.train.time", "PSO.n.support.vectors", "PSO.index", 
"PSO.n.solutions", "PSO.generations", "PSO.n.evaluations", "PSO.cpu.time", 
"RS.cost", "RS.gamma", "RS.data.balancing", "RS.feature.selection", 
"RS.valid.acc", "RS.test.acc", "RS.train.time", "RS.n.support.vectors", 
"RS.index", "RS.n.solutions", "RS.generations", "RS.n.evaluations", 
"RS.cpu.time", "DF.cost", "DF.gamma", "DF.data.balancing", "DF.feature.selection", 
"DF.valid.acc", "DF.test.acc", "DF.train.time", "DF.n.support.vectors", 
"DF.index", "DF.n.solutions", "DF.generations", "DF.n.evaluations", 
"DF.cpu.time")))
