full <-
structure(c(50, 55, 60, 65, 70, 75, 80, 85, 90, 95, 100, 5.51078, 
5.55308, 7.75333, 9.08969, 5.95635, 8.67948, 6.98721, 3.8633, 
14.38384, 6.97052, 6.1055, -5.91384, -5.38579, -7.2852, -1.38343, 
-6.32659, -4.75168, -5.84318, -3.67706, -7.13778, -7.65988, -4.92937, 
0, 0, 0, 0, 0, 0, 0, 0, 0, 0, 0, 0, 0, 0, 0, 0, 0, 0, 0, 0, 0, 
0, 0.61964, 0.63587, 0.61831, 0.58227, 0.59136, 0.60443, 0.61905, 
0.66046, 0.62348, 0.64312, 0.67743, 0.58492, 0.59365, 0.58965, 
0.50662, 0.56394, 0.60877, 0.55586, 0.62355, 0.55245, 0.57969, 
0.67151, 0.059, 0.0799, 0.0723, 0.0705, 0.0739, 0.0771, 0.08, 
0.0854, 0.0832, 0.0885, 0.0901, 63, 69.1, 72.3, 82.7, 86.8, 92.1, 
96.6, 105.6, 103.7, 111.2, 117.9, 1003, 64, 2443, 385, 46, 27, 
616, 1888, 53, 268, 1992, 475, 1305, 1, 786, 304, 1358, 497, 
2, 1472, 169, 2, 100, 100, 100, 100, 100, 100, 100, 100, 100, 
100, 100, 2500, 2500, 2500, 2500, 2500, 2500, 2500, 2500, 2500, 
2500, 2500, 9681.021, 15960.221, 14568.149, 13430.149, 13566.955, 
13521.865, 14154.395, 14173.751, 14212.814, 14314.323, 14173.644, 
14.93162, 12.10077, 11.07121, 10.67202, 6.06278, 9.23324, 7.14127, 
3.78101, 5.57892, 6.26653, 7.82695, -5.79421, -5.15928, -6.78978, 
-1.36467, -6.40314, -4.95082, -6.03755, -3.97317, -6.38503, -7.49432, 
-6.61685, 0, 0, 0, 0, 0, 0, 0, 0, 0, 0, 0, 0, 0, 0, 0, 0, 0, 
0, 0, 0, 0, 0, 0.60536, 0.63587, 0.61811, 0.58227, 0.59136, 0.60443, 
0.61905, 0.64617, 0.63742, 0.63567, 0.67551, 0.58175, 0.59365, 
0.55944, 0.49551, 0.56394, 0.59968, 0.563, 0.623, 0.58123, 0.59219, 
0.65609, 0.0572, 0.0708, 0.0745, 0.0687, 0.0738, 0.0781, 0.0755, 
0.0876, 0.0917, 0.0925, 0.0942, 62.4, 69.2, 72.2, 82.7, 86.5, 
91.9, 96.4, 105.5, 107.9, 112, 114, 802, 218, 25, 662, 922, 3, 
2036, 1889, 1629, 2410, 696, 6, 27, 17, 2, 2, 26, 2, 3, 1, 1, 
1, 100, 100, 100, 100, 100, 100, 100, 100, 100, 100, 100, 2500, 
2500, 2500, 2500, 2500, 2500, 2500, 2500, 2500, 2500, 2500, 9683.143, 
14810.581, 13819.956, 13456.459, 13490.495, 13654.852, 14040.824, 
14366.45, 14595.178, 14660.467, 14144.226, 1, 1, 1, 1, 1, 1, 
1, 1, 1, 1, 1, 0.01111, 0.01111, 0.01111, 0.01111, 0.01111, 0.01111, 
0.01111, 0.01111, 0.01111, 0.01111, 0.01111, 0, 0, 0, 0, 0, 0, 
0, 0, 0, 0, 0, 0, 0, 0, 0, 0, 0, 0, 0, 0, 0, 0, 0.48353, 0.41175, 
0.4073, 0.39485, 0.41439, 0.40929, 0.43278, 0.4569, 0.44453, 
0.44338, 0.44272, 0.41508, 0.38952, 0.38821, 0.39576, 0.41515, 
0.40096, 0.43278, 0.44255, 0.44316, 0.4429, 0.45653, 0.0602, 
0.0727, 0.0649, 0.0693, 0.0719, 0.0794, 0.0795, 0.0843, 0.0923, 
0.0876, 0.0921, 65.6, 72, 78.4, 84.8, 91.2, 97.6, 103.9, 110.4, 
116.5, 122.7, 129.4, 1, 1, 1, 1, 1, 1, 1, 1, 1, 1, 1, 1, 1, 1, 
1, 1, 1, 1, 1, 1, 1, 1, 1, 1, 1, 1, 1, 1, 1, 1, 1, 1, 1, 1, 1, 
1, 1, 1, 1, 1, 1, 1, 1, 1, 4.001, 5.798, 5.347, 5.33, 5.388, 
6.146, 5.017, 5.659, 6.279, 5.456, 5.428), .Dim = c(11L, 40L), .Dimnames = list(
    NULL, c("Sampling", "PSO.cost", "PSO.gamma", "PSO.data.balancing", 
    "PSO.feature.selection", "PSO.valid.acc", "PSO.test.acc", 
    "PSO.train.time", "PSO.n.support.vectors", "PSO.index", "PSO.n.solutions", 
    "PSO.generations", "PSO.n.evaluations", "PSO.cpu.time", "RS.cost", 
    "RS.gamma", "RS.data.balancing", "RS.feature.selection", 
    "RS.valid.acc", "RS.test.acc", "RS.train.time", "RS.n.support.vectors", 
    "RS.index", "RS.n.solutions", "RS.generations", "RS.n.evaluations", 
    "RS.cpu.time", "DF.cost", "DF.gamma", "DF.data.balancing", 
    "DF.feature.selection", "DF.valid.acc", "DF.test.acc", "DF.train.time", 
    "DF.n.support.vectors", "DF.index", "DF.n.solutions", "DF.generations", 
    "DF.n.evaluations", "DF.cpu.time")))
