full <-
structure(c(50, 55, 60, 65, 70, 75, 80, 85, 90, 95, 100, 8.91739, 
15, 7.75501, 8.43371, 8.93289, 11.00997, 5.30632, 9.12664, 6.20184, 
5.67084, 7.07689, -7.56382, -6.37536, -7.62392, -7.95519, -7.92284, 
-8.34721, -6.29563, -6.81369, -4.7924, -5.54946, -6.58949, 0, 
0, 0, 0, 0, 0, 0, 0, 0, 0, 0, 0, 0, 0, 0, 0, 0, 0, 0, 0, 0, 0, 
0.6619, 0.69566, 0.64937, 0.62577, 0.63228, 0.65316, 0.66868, 
0.68791, 0.6637, 0.68748, 0.69487, 0.60536, 0.61225, 0.59869, 
0.59437, 0.5905, 0.58034, 0.62766, 0.65934, 0.65145, 0.59565, 
0.65181, 0.0519, 0.0563, 0.0578, 0.0599, 0.0641, 0.0674, 0.0654, 
0.067, 0.0707, 0.0766, 0.0786, 60.6, 64.3, 71.8, 75.8, 83.3, 
83.6, 96.7, 98, 106.1, 112.3, 114.8, 501, 39, 130, 372, 422, 
101, 1071, 28, 685, 511, 1874, 647, 1042, 446, 496, 329, 952, 
32, 1303, 155, 248, 19, 100, 100, 100, 100, 100, 100, 100, 100, 
100, 100, 100, 2500, 2500, 2500, 2500, 2500, 2500, 2500, 2500, 
2500, 2500, 2500, 8826.719, 8999.284, 9001.532, 9180.306, 9254.32000000001, 
8976.031, 8961.948, 8903.89399999999, 9156.43599999999, 9346.826, 
9481.98300000001, 8.50183, 13.65158, 7.71007, 4.4009, 9.50003, 
9.6226, 6.37194, 10.90643, 5.75763, 5.82477, 9.65795, -7.68127, 
-6.41835, -7.59829, -4.48367, -8.26212, -8.28184, -7.05437, -6.87879, 
-4.44856, -5.46295, -7.17152, 0, 0, 0, 0, 0, 0, 0, 0, 0, 0, 0, 
0, 0, 0, 0, 0, 0, 0, 0, 0, 0, 0, 0.65079, 0.69566, 0.64937, 0.61605, 
0.63228, 0.65316, 0.66694, 0.68791, 0.65655, 0.67457, 0.68894, 
0.61786, 0.61225, 0.59869, 0.55738, 0.578, 0.57034, 0.66575, 
0.66648, 0.65097, 0.58935, 0.63462, 0.0536, 0.0563, 0.0583, 0.0618, 
0.0662, 0.0628, 0.0646, 0.0679, 0.0728, 0.0771, 0.0796, 60.5, 
64.2, 71.8, 79.9, 81.1, 84.4, 95.3, 97.8, 106.1, 112.4, 111.9, 
574, 382, 1280, 1309, 1804, 1668, 2037, 168, 295, 1610, 496, 
4, 5, 1, 2, 3, 3, 1, 17, 1, 1, 1, 100, 100, 100, 100, 100, 100, 
100, 100, 100, 100, 100, 2500, 2500, 2500, 2500, 2500, 2500, 
2500, 2500, 2500, 2500, 2500, 8902.237, 9008.772, 9086.749, 9178.117, 
9350.40399999999, 8873.50599999999, 8967.59000000001, 9008.63500000001, 
9126.16200000001, 9415.92199999999, 9361.94699999999, 1, 1, 1, 
1, 1, 1, 1, 1, 1, 1, 1, 0.01111, 0.01111, 0.01111, 0.01111, 0.01111, 
0.01111, 0.01111, 0.01111, 0.01111, 0.01111, 0.01111, 0, 0, 0, 
0, 0, 0, 0, 0, 0, 0, 0, 0, 0, 0, 0, 0, 0, 0, 0, 0, 0, 0, 0.4244, 
0.4472, 0.48687, 0.46139, 0.43147, 0.45509, 0.44542, 0.44945, 
0.45221, 0.44243, 0.43516, 0.4244, 0.4347, 0.47485, 0.43587, 
0.42378, 0.50021, 0.45247, 0.44176, 0.45276, 0.43576, 0.45354, 
0.0541, 0.0554, 0.0582, 0.0613, 0.0649, 0.063, 0.0647, 0.0693, 
0.0751, 0.0772, 0.0795, 65.5, 71.9, 78.4, 84.8, 91.2, 97.6, 104, 
110.3, 116.3, 123.2, 129.5, 1, 1, 1, 1, 1, 1, 1, 1, 1, 1, 1, 
1, 1, 1, 1, 1, 1, 1, 1, 1, 1, 1, 1, 1, 1, 1, 1, 1, 1, 1, 1, 1, 
1, 1, 1, 1, 1, 1, 1, 1, 1, 1, 1, 1, 3.524, 3.478, 3.611, 3.628, 
3.614, 3.617, 3.525, 3.667, 3.812, 3.801, 3.662), .Dim = c(11L, 
40L), .Dimnames = list(NULL, c("Sampling", "PSO.cost", "PSO.gamma", 
"PSO.data.balancing", "PSO.feature.selection", "PSO.valid.acc", 
"PSO.test.acc", "PSO.train.time", "PSO.n.support.vectors", "PSO.index", 
"PSO.n.solutions", "PSO.generations", "PSO.n.evaluations", "PSO.cpu.time", 
"RS.cost", "RS.gamma", "RS.data.balancing", "RS.feature.selection", 
"RS.valid.acc", "RS.test.acc", "RS.train.time", "RS.n.support.vectors", 
"RS.index", "RS.n.solutions", "RS.generations", "RS.n.evaluations", 
"RS.cpu.time", "DF.cost", "DF.gamma", "DF.data.balancing", "DF.feature.selection", 
"DF.valid.acc", "DF.test.acc", "DF.train.time", "DF.n.support.vectors", 
"DF.index", "DF.n.solutions", "DF.generations", "DF.n.evaluations", 
"DF.cpu.time")))
