full <-
structure(c(50, 55, 60, 65, 70, 75, 80, 85, 90, 95, 100, 9.61352, 
5.27585, 6.64875, 11.83248, 13.69955, 9.88843, 6.46057, 11.0555, 
5.4369, 7.20606, 6.15357, -4.48389, -4.68581, -6.68477, -6.27779, 
-5.68838, -6.70679, -5.27851, -4.88549, -5.96773, -7.9677, -5.4438, 
0, 0, 0, 0, 0, 0, 0, 0, 0, 0, 0, 0, 0, 0, 0, 0, 0, 0, 0, 0, 0, 
0, 0.66706, 0.67421, 0.73472, 0.71535, 0.73773, 0.69301, 0.64734, 
0.675, 0.66513, 0.68917, 0.6769, 0.62738, 0.61964, 0.68056, 0.6599, 
0.69212, 0.64761, 0.66449, 0.66064, 0.63202, 0.63625, 0.64324, 
0.0522, 0.0549, 0.0556, 0.0583, 0.0625, 0.063, 0.0672, 0.0677, 
0.0715, 0.0731, 0.0765, 63.8, 69.1, 72.4, 78.1, 83.5, 87, 94.8, 
100.1, 107.6, 106.1, 116.6, 447, 537, 657, 110, 179, 38, 717, 
19, 529, 2276, 2045, 561, 234, 102, 1162, 1149, 722, 380, 720, 
353, 3, 9, 100, 100, 100, 100, 100, 100, 100, 100, 100, 100, 
100, 2500, 2500, 2500, 2500, 2500, 2500, 2500, 2500, 2500, 2500, 
2500, 8619.996, 8690.745, 8681.947, 8684.012, 8762.49299999999, 
8808.71400000001, 8891.28099999999, 8923.11900000001, 9228.14500000002, 
9230.383, 9413.59199999998, 10.99948, 8.57161, 6.4903, 8.88198, 
12.30478, 13.41959, 6.16112, 14.90991, 5.46886, 7.50195, 6.12044, 
-4.49659, -6.95261, -6.68208, -6.28379, -5.70349, -6.53008, -5.0884, 
-4.9173, -5.97453, -8.04712, -5.53136, 0, 0, 0, 0, 0, 0, 0, 0, 
0, 0, 0, 0, 0, 0, 0, 0, 0, 0, 0, 0, 0, 0, 0.66706, 0.67044, 0.72472, 
0.71535, 0.73773, 0.69301, 0.64734, 0.675, 0.66513, 0.6825, 0.67612, 
0.62738, 0.60714, 0.68056, 0.6599, 0.69212, 0.64761, 0.66449, 
0.66064, 0.63827, 0.64333, 0.63032, 0.0528, 0.0555, 0.0569, 0.0603, 
0.0611, 0.0635, 0.0661, 0.0678, 0.0731, 0.0729, 0.0773, 63.8, 
66.6, 72.4, 78.1, 83.5, 87.3, 95.5, 100.1, 107.5, 105.5, 116.7, 
83, 777, 905, 192, 2440, 107, 805, 182, 466, 1506, 1413, 2, 1, 
1, 7, 1, 24, 1, 11, 1, 1, 1, 100, 100, 100, 100, 100, 100, 100, 
100, 100, 100, 100, 2500, 2500, 2500, 2500, 2500, 2500, 2500, 
2500, 2500, 2500, 2500, 8665.813, 8698.428, 8633.117, 8718.714, 
8770.22799999999, 8851.985, 8883.936, 9101.32199999999, 9268.04699999999, 
9316.34999999998, 9424.09599999999, 1, 1, 1, 1, 1, 1, 1, 1, 1, 
1, 1, 0.01111, 0.01111, 0.01111, 0.01111, 0.01111, 0.01111, 0.01111, 
0.01111, 0.01111, 0.01111, 0.01111, 0, 0, 0, 0, 0, 0, 0, 0, 0, 
0, 0, 0, 0, 0, 0, 0, 0, 0, 0, 0, 0, 0, 0.44167, 0.46786, 0.49306, 
0.47071, 0.43939, 0.45186, 0.43139, 0.45564, 0.43914, 0.44125, 
0.44268, 0.47321, 0.45952, 0.48306, 0.45237, 0.44773, 0.4602, 
0.4237, 0.44795, 0.43914, 0.44792, 0.45569, 0.0513, 0.054, 0.0567, 
0.0609, 0.0618, 0.0647, 0.0652, 0.0702, 0.0726, 0.0758, 0.0792, 
65.6, 72, 78.4, 84.8, 91.1, 97.6, 104, 110.1, 116.3, 122.7, 129.6, 
1, 1, 1, 1, 1, 1, 1, 1, 1, 1, 1, 1, 1, 1, 1, 1, 1, 1, 1, 1, 1, 
1, 1, 1, 1, 1, 1, 1, 1, 1, 1, 1, 1, 1, 1, 1, 1, 1, 1, 1, 1, 1, 
1, 1, 3.395, 3.405, 3.507, 3.461, 3.583, 3.602, 3.48, 3.685, 
3.71, 3.777, 3.745), .Dim = c(11L, 40L), .Dimnames = list(NULL, 
    c("Sampling", "PSO.cost", "PSO.gamma", "PSO.data.balancing", 
    "PSO.feature.selection", "PSO.valid.acc", "PSO.test.acc", 
    "PSO.train.time", "PSO.n.support.vectors", "PSO.index", "PSO.n.solutions", 
    "PSO.generations", "PSO.n.evaluations", "PSO.cpu.time", "RS.cost", 
    "RS.gamma", "RS.data.balancing", "RS.feature.selection", 
    "RS.valid.acc", "RS.test.acc", "RS.train.time", "RS.n.support.vectors", 
    "RS.index", "RS.n.solutions", "RS.generations", "RS.n.evaluations", 
    "RS.cpu.time", "DF.cost", "DF.gamma", "DF.data.balancing", 
    "DF.feature.selection", "DF.valid.acc", "DF.test.acc", "DF.train.time", 
    "DF.n.support.vectors", "DF.index", "DF.n.solutions", "DF.generations", 
    "DF.n.evaluations", "DF.cpu.time")))
