full <-
structure(c(50, 55, 60, 65, 70, 75, 80, 85, 90, 95, 100, 11.10637, 
4.3465, 9.77995, 7.08093, 5.63694, 12.14951, 11.72022, 6.9045, 
15, 13.66105, 12.85144, -5.01209, -4.72006, -4.54606, -2.98899, 
-5.60691, -10.65903, -6.55768, -6.90936, -5.31529, -6.8615, -5.5136, 
0, 0, 0, 0, 0, 0, 0, 0, 0, 0, 0, 0, 0, 0, 0, 0, 0, 0, 0, 0, 0, 
0, 0.68472, 0.69083, 0.66576, 0.65391, 0.70965, 0.67209, 0.68933, 
0.67374, 0.69334, 0.66333, 0.67809, 0.65, 0.695, 0.61742, 0.62823, 
0.66559, 0.62453, 0.67401, 0.62985, 0.67115, 0.60583, 0.65975, 
0.063, 0.0632, 0.0584, 0.0635, 0.0655, 0.0653, 0.0727, 0.0728, 
0.0772, 0.0807, 0.0829, 62.2, 68.9, 74.8, 81.2, 85.4, 79.5, 92.9, 
99.1, 106.8, 108, 115.8, 385, 831, 121, 133, 454, 54, 499, 1912, 
219, 143, 146, 153, 85, 1141, 1062, 485, 115, 863, 18, 1039, 
751, 1142, 100, 100, 100, 100, 100, 100, 100, 100, 100, 100, 
100, 2500, 2500, 2500, 2500, 2500, 2500, 2500, 2500, 2500, 2500, 
2500, 8696.675, 8667.355, 8715.102, 8842.745, 8877.515, 10253.59, 
11141.474, 11203.522, 11355.829, 11426.775, 11555.889, 9.74565, 
9.6452, 6.55318, 10.74453, 5.78618, 11.54151, 5.9349, 6.966, 
10.48743, 14.93775, 10.02509, -4.67861, -3.86084, -4.53683, -2.98829, 
-5.75635, -10.23611, -5.47905, -6.94327, -5.31101, -6.85855, 
-5.5427, 0, 0, 0, 0, 0, 0, 0, 0, 0, 0, 0, 0, 0, 0, 0, 0, 0, 0, 
0, 0, 0, 0, 0.67361, 0.67861, 0.66576, 0.65391, 0.70056, 0.67209, 
0.68814, 0.67374, 0.69334, 0.66333, 0.67809, 0.66111, 0.71472, 
0.61742, 0.62823, 0.65726, 0.62453, 0.6654, 0.62985, 0.67115, 
0.60583, 0.65975, 0.0617, 0.0575, 0.0593, 0.0643, 0.0626, 0.0694, 
0.0725, 0.0751, 0.0787, 0.0832, 0.0841, 62.2, 68.9, 74.8, 81.2, 
85.2, 79.3, 94.9, 99.1, 106.8, 108, 115.7, 33, 77, 864, 958, 
980, 887, 1158, 539, 837, 352, 728, 75, 18, 7, 3, 1, 1, 1, 1, 
2, 2, 3, 100, 100, 100, 100, 100, 100, 100, 100, 100, 100, 100, 
2500, 2500, 2500, 2500, 2500, 2500, 2500, 2500, 2500, 2500, 2500, 
8663.589, 8662.582, 8737.022, 8834.04899999999, 8871.708, 11105.398, 
11150.887, 11383.398, 11398.341, 11462.043, 11563.381, 1, 1, 
1, 1, 1, 1, 1, 1, 1, 1, 1, 0.01111, 0.01111, 0.01111, 0.01111, 
0.01111, 0.01111, 0.01111, 0.01111, 0.01111, 0.01111, 0.01111, 
0, 0, 0, 0, 0, 0, 0, 0, 0, 0, 0, 0, 0, 0, 0, 0, 0, 0, 0, 0, 0, 
0, 0.5156, 0.475, 0.44015, 0.46657, 0.44445, 0.45956, 0.38341, 
0.45751, 0.45443, 0.45542, 0.45279, 0.50448, 0.4875, 0.44924, 
0.47629, 0.43524, 0.45175, 0.41345, 0.47853, 0.47407, 0.455, 
0.44691, 0.0605, 0.0572, 0.0602, 0.0638, 0.0655, 0.0699, 0.0736, 
0.0788, 0.0794, 0.0822, 0.0865, 65.1, 71.5, 78.2, 84.8, 91.2, 
97.5, 103.9, 110.4, 116.8, 123, 129.6, 1, 1, 1, 1, 1, 1, 1, 1, 
1, 1, 1, 1, 1, 1, 1, 1, 1, 1, 1, 1, 1, 1, 1, 1, 1, 1, 1, 1, 1, 
1, 1, 1, 1, 1, 1, 1, 1, 1, 1, 1, 1, 1, 1, 1, 3.486, 3.482, 3.501, 
3.567, 3.61, 4.414, 4.46, 4.579, 4.571, 4.541, 4.62), .Dim = c(11L, 
40L), .Dimnames = list(NULL, c("Sampling", "PSO.cost", "PSO.gamma", 
"PSO.data.balancing", "PSO.feature.selection", "PSO.valid.acc", 
"PSO.test.acc", "PSO.train.time", "PSO.n.support.vectors", "PSO.index", 
"PSO.n.solutions", "PSO.generations", "PSO.n.evaluations", "PSO.cpu.time", 
"RS.cost", "RS.gamma", "RS.data.balancing", "RS.feature.selection", 
"RS.valid.acc", "RS.test.acc", "RS.train.time", "RS.n.support.vectors", 
"RS.index", "RS.n.solutions", "RS.generations", "RS.n.evaluations", 
"RS.cpu.time", "DF.cost", "DF.gamma", "DF.data.balancing", "DF.feature.selection", 
"DF.valid.acc", "DF.test.acc", "DF.train.time", "DF.n.support.vectors", 
"DF.index", "DF.n.solutions", "DF.generations", "DF.n.evaluations", 
"DF.cpu.time")))
