full <-
structure(c(50, 55, 60, 65, 70, 75, 80, 85, 90, 95, 100, 7.33538, 
4.8807, 7.35164, 4.24363, 5.76488, 6.3542, 6.70869, 7.28582, 
13.4314, 6.13934, 5.46103, -7.96002, -6.45936, -6.04728, -5.42958, 
-5.92851, -5.63594, -3.56073, -6.46382, -5.01806, -4.62438, -4.21687, 
0, 0, 0, 0, 0, 0, 0, 0, 0, 0, 0, 0, 0, 0, 0, 0, 0, 0, 0, 0, 0, 
0, 0.65456, 0.6606, 0.66545, 0.62591, 0.62456, 0.64576, 0.634, 
0.66027, 0.6983, 0.65996, 0.68779, 0.62837, 0.62198, 0.62657, 
0.60571, 0.63994, 0.63646, 0.63115, 0.64306, 0.68551, 0.64054, 
0.65097, 0.0601, 0.0586, 0.0571, 0.0611, 0.0641, 0.0658, 0.0676, 
0.0673, 0.0729, 0.0761, 0.0788, 61.9, 68.7, 72.9, 81.3, 84.6, 
88.4, 94.5, 98, 103.8, 110.8, 118.2, 377, 497, 400, 468, 1239, 
819, 81, 546, 476, 1919, 486, 854, 241, 758, 103, 247, 52, 811, 
329, 343, 2, 68, 100, 100, 100, 100, 100, 100, 100, 100, 100, 
100, 100, 2500, 2500, 2500, 2500, 2500, 2500, 2500, 2500, 2500, 
2500, 2500, 9205.831, 9421.313, 8815.2, 8592.059, 9133.697, 9109.754, 
9223.85800000001, 9203.86599999999, 9251.73799999998, 9112.58599999998, 
9126.541, 7.39209, 4.89946, 7.16881, 5.89715, 5.67873, 6.61952, 
6.55312, 7.73333, 11.01327, 3.74556, 6.26474, -7.8716, -6.52146, 
-5.80146, -6.76423, -5.97448, -6.11728, -6.03198, -6.41531, -5.02059, 
-3.79762, -5.71594, 0, 0, 0, 0, 0, 0, 0, 0, 0, 0, 0, 0, 0, 0, 
0, 0, 0, 0, 0, 0, 0, 0, 0.65456, 0.64948, 0.65636, 0.61793, 0.62392, 
0.63807, 0.63409, 0.65361, 0.6983, 0.65391, 0.68574, 0.61587, 
0.62198, 0.61545, 0.63591, 0.64828, 0.62813, 0.6077, 0.65973, 
0.68551, 0.62248, 0.65319, 0.0565, 0.0588, 0.058, 0.0614, 0.0626, 
0.0615, 0.0661, 0.0703, 0.0701, 0.0753, 0.0777, 61.9, 68.6, 72.9, 
79.6, 84.4, 88.9, 93, 97.2, 103.8, 113.7, 116.6, 2314, 2117, 
1525, 781, 711, 1954, 2034, 993, 2495, 121, 336, 1, 1, 1, 1, 
1, 2, 1, 2, 1, 2, 8, 100, 100, 100, 100, 100, 100, 100, 100, 
100, 100, 100, 2500, 2500, 2500, 2500, 2500, 2500, 2500, 2500, 
2500, 2500, 2500, 9154.66, 9135.926, 8658.904, 8602.373, 9192.25600000001, 
9228.18000000001, 9274.355, 9248.83099999998, 8928.54999999999, 
9190.66699999999, 9192.91100000002, 1, 1, 1, 1, 1, 1, 1, 1, 1, 
1, 1, 0.01111, 0.01111, 0.01111, 0.01111, 0.01111, 0.01111, 0.01111, 
0.01111, 0.01111, 0.01111, 0.01111, 0, 0, 0, 0, 0, 0, 0, 0, 0, 
0, 0, 0, 0, 0, 0, 0, 0, 0, 0, 0, 0, 0, 0.37381, 0.42869, 0.42838, 
0.41677, 0.42783, 0.42578, 0.43143, 0.42147, 0.42461, 0.42252, 
0.45983, 0.38631, 0.40869, 0.41949, 0.42586, 0.4095, 0.44971, 
0.414, 0.43527, 0.44603, 0.42808, 0.46645, 0.0553, 0.0581, 0.0582, 
0.0616, 0.0626, 0.0657, 0.0708, 0.0715, 0.0731, 0.0761, 0.0812, 
65.6, 72, 78.4, 84.8, 91.2, 97.1, 103.5, 109.8, 116.1, 122.4, 
129.7, 1, 1, 1, 1, 1, 1, 1, 1, 1, 1, 1, 1, 1, 1, 1, 1, 1, 1, 
1, 1, 1, 1, 1, 1, 1, 1, 1, 1, 1, 1, 1, 1, 1, 1, 1, 1, 1, 1, 1, 
1, 1, 1, 1, 1, 3.618, 3.536, 3.392, 3.621, 3.482, 3.666, 3.87, 
3.69, 3.518, 3.799, 3.746), .Dim = c(11L, 40L), .Dimnames = list(
    NULL, c("Sampling", "PSO.cost", "PSO.gamma", "PSO.data.balancing", 
    "PSO.feature.selection", "PSO.valid.acc", "PSO.test.acc", 
    "PSO.train.time", "PSO.n.support.vectors", "PSO.index", "PSO.n.solutions", 
    "PSO.generations", "PSO.n.evaluations", "PSO.cpu.time", "RS.cost", 
    "RS.gamma", "RS.data.balancing", "RS.feature.selection", 
    "RS.valid.acc", "RS.test.acc", "RS.train.time", "RS.n.support.vectors", 
    "RS.index", "RS.n.solutions", "RS.generations", "RS.n.evaluations", 
    "RS.cpu.time", "DF.cost", "DF.gamma", "DF.data.balancing", 
    "DF.feature.selection", "DF.valid.acc", "DF.test.acc", "DF.train.time", 
    "DF.n.support.vectors", "DF.index", "DF.n.solutions", "DF.generations", 
    "DF.n.evaluations", "DF.cpu.time")))
