full <-
structure(c(50, 55, 60, 65, 70, 75, 80, 85, 90, 95, 100, 6.46011, 
6.39847, 5.49031, 6.54091, 5.28709, 5.80131, 13.09374, 6.35586, 
5.70058, 5.70885, 7.15308, -7.06481, -5.63964, -7.29629, -5.50419, 
-6.04976, -5.14256, -4.61012, -5.21555, -6.29052, -4.36228, -5.9647, 
0, 0, 0, 0, 0, 0, 0, 0, 0, 0, 0, 0, 0, 0, 0, 0, 0, 0, 0, 0, 0, 
0, 0.63075, 0.66139, 0.60333, 0.62904, 0.66048, 0.64435, 0.66621, 
0.66579, 0.63401, 0.69518, 0.71569, 0.58353, 0.62417, 0.49111, 
0.62742, 0.64033, 0.63858, 0.63859, 0.64578, 0.60783, 0.63637, 
0.65686, 0.0588, 0.0616, 0.0606, 0.0618, 0.0652, 0.0698, 0.0754, 
0.0763, 0.0737, 0.0779, 0.0803, 58.4, 66.2, 72.7, 77.9, 83.9, 
88.7, 95.1, 99.2, 106.7, 111.6, 114.9, 456, 606, 1556, 357, 262, 
257, 374, 991, 704, 716, 356, 477, 99, 38, 235, 239, 662, 782, 
240, 35, 251, 816, 100, 100, 100, 100, 100, 100, 100, 100, 100, 
100, 100, 2500, 2500, 2500, 2500, 2500, 2500, 2500, 2500, 2500, 
2500, 2500, 10240.146, 10250.816, 10262.17, 10404.717, 10551.729, 
10575.893, 10677.559, 10964.101, 10993.354, 10860.089, 10974.97, 
7.4842, 6.4208, 5.47443, 6.60553, 5.29697, 11.97315, 8.34633, 
5.94901, 14.45872, 5.70222, 7.4062, -7.35627, -5.61744, -7.25856, 
-5.43714, -5.70981, -5.15116, -4.5925, -5.01501, -6.25494, -4.35448, 
-5.98646, 0, 0, 0, 0, 0, 0, 0, 0, 0, 0, 0, 0, 0, 0, 0, 0, 0, 
0, 0, 0, 0, 0, 0.61825, 0.66139, 0.60333, 0.62071, 0.65075, 0.6296, 
0.66621, 0.66524, 0.63051, 0.69518, 0.7098, 0.59464, 0.62417, 
0.49111, 0.61742, 0.62381, 0.63922, 0.63859, 0.62414, 0.60914, 
0.63637, 0.65686, 0.0589, 0.0608, 0.0606, 0.064, 0.0681, 0.0678, 
0.0699, 0.0725, 0.0776, 0.0796, 0.0823, 57.8, 66.2, 72.7, 77.8, 
83.9, 88.3, 95.1, 99.6, 103.9, 111.5, 114.4, 130, 1868, 211, 
1548, 29, 3, 145, 453, 40, 634, 655, 3, 1, 2, 2, 1, 7, 4, 1, 
2, 1, 2, 100, 100, 100, 100, 100, 100, 100, 100, 100, 100, 100, 
2500, 2500, 2500, 2500, 2500, 2500, 2500, 2500, 2500, 2500, 2500, 
10218.288, 10247.763, 10527.462, 10519.592, 10488.84, 10615.597, 
10754.14, 10812.623, 10802.159, 10899.85, 11114.694, 1, 1, 1, 
1, 1, 1, 1, 1, 1, 1, 1, 0.01111, 0.01111, 0.01111, 0.01111, 0.01111, 
0.01111, 0.01111, 0.01111, 0.01111, 0.01111, 0.01111, 0, 0, 0, 
0, 0, 0, 0, 0, 0, 0, 0, 0, 0, 0, 0, 0, 0, 0, 0, 0, 0, 0, 0.49246, 
0.46639, 0.44889, 0.44025, 0.44831, 0.49027, 0.44941, 0.47251, 
0.45078, 0.43458, 0.454, 0.49028, 0.47611, 0.44889, 0.44025, 
0.46649, 0.49027, 0.44941, 0.44944, 0.45078, 0.4475, 0.454, 0.0591, 
0.0603, 0.0631, 0.0649, 0.0685, 0.0714, 0.0702, 0.0776, 0.0772, 
0.0808, 0.0832, 65.3, 70.8, 78.1, 84.4, 91, 96.6, 103.1, 109.6, 
116.2, 122.2, 129.5, 1, 1, 1, 1, 1, 1, 1, 1, 1, 1, 1, 1, 1, 1, 
1, 1, 1, 1, 1, 1, 1, 1, 1, 1, 1, 1, 1, 1, 1, 1, 1, 1, 1, 1, 1, 
1, 1, 1, 1, 1, 1, 1, 1, 1, 4.236, 4.073, 4.173, 4.347, 4.252, 
4.258, 4.176, 4.445, 4.299, 4.208, 4.244), .Dim = c(11L, 40L), .Dimnames = list(
    NULL, c("Sampling", "PSO.cost", "PSO.gamma", "PSO.data.balancing", 
    "PSO.feature.selection", "PSO.valid.acc", "PSO.test.acc", 
    "PSO.train.time", "PSO.n.support.vectors", "PSO.index", "PSO.n.solutions", 
    "PSO.generations", "PSO.n.evaluations", "PSO.cpu.time", "RS.cost", 
    "RS.gamma", "RS.data.balancing", "RS.feature.selection", 
    "RS.valid.acc", "RS.test.acc", "RS.train.time", "RS.n.support.vectors", 
    "RS.index", "RS.n.solutions", "RS.generations", "RS.n.evaluations", 
    "RS.cpu.time", "DF.cost", "DF.gamma", "DF.data.balancing", 
    "DF.feature.selection", "DF.valid.acc", "DF.test.acc", "DF.train.time", 
    "DF.n.support.vectors", "DF.index", "DF.n.solutions", "DF.generations", 
    "DF.n.evaluations", "DF.cpu.time")))
