full <-
structure(c(50, 55, 60, 65, 70, 75, 80, 85, 90, 95, 100, 9.23836, 
5.81766, 5.86587, 13.42339, 8.31673, 10.37496, 5.55975, 10.66895, 
5.88052, 6.52731, 6.89742, -5.64197, -4.51231, -5.13578, -3.41773, 
-7.10097, -8.52086, -4.83855, -4.76534, -4.49791, -6.45124, -5.20951, 
0, 0, 0, 0, 0, 0, 0, 0, 0, 0, 0, 0, 0, 0, 0, 0, 0, 0, 0, 0, 0, 
0, 0.66488, 0.65018, 0.64884, 0.65833, 0.62724, 0.64904, 0.71762, 
0.66604, 0.70667, 0.69333, 0.68886, 0.67421, 0.60657, 0.61495, 
0.63889, 0.618, 0.65726, 0.63936, 0.62018, 0.67238, 0.66042, 
0.6389, 0.057, 0.0585, 0.0585, 0.0621, 0.0663, 0.0684, 0.0683, 
0.0702, 0.0712, 0.0762, 0.0805, 61.7, 68.4, 73.5, 80.8, 82.9, 
84.7, 96.7, 100.5, 108, 108.1, 116, 59, 9, 171, 637, 176, 1735, 
1730, 111, 733, 444, 762, 979, 1498, 280, 707, 416, 31, 6, 1024, 
493, 240, 199, 100, 100, 100, 100, 100, 100, 100, 100, 100, 100, 
100, 2500, 2500, 2500, 2500, 2500, 2500, 2500, 2500, 2500, 2500, 
2500, 9629.455, 9364.175, 9306.804, 9422.221, 9925.345, 9968.76800000001, 
9692.803, 9696.272, 9760.45599999998, 9598.872, 9804.427, 13.58753, 
6.51074, 5.41731, 8.94458, 8.50302, 10.16179, 5.14575, 14.96703, 
6.45501, 7.32308, 6.4866, -5.69573, -4.32848, -4.06947, -3.41157, 
-7.27086, -8.33356, -4.8631, -4.77747, -4.79336, -7.16738, -5.18414, 
0, 0, 0, 0, 0, 0, 0, 0, 0, 0, 0, 0, 0, 0, 0, 0, 0, 0, 0, 0, 0, 
0, 0.66488, 0.65018, 0.64361, 0.64, 0.62724, 0.64829, 0.70928, 
0.66604, 0.70048, 0.68125, 0.68298, 0.67421, 0.66268, 0.60745, 
0.61056, 0.62709, 0.66495, 0.64602, 0.62018, 0.66571, 0.65417, 
0.63176, 0.0559, 0.0581, 0.0597, 0.0628, 0.0668, 0.0674, 0.0677, 
0.0699, 0.0746, 0.0777, 0.077, 61.7, 68.4, 74.3, 80.8, 82.9, 
85.2, 97.4, 100.5, 107.3, 107.1, 116.6, 18, 10, 405, 1071, 366, 
1897, 1621, 14, 943, 781, 1018, 39, 31, 11, 1, 1, 1, 2, 3, 1, 
2, 1, 100, 100, 100, 100, 100, 100, 100, 100, 100, 100, 100, 
2500, 2500, 2500, 2500, 2500, 2500, 2500, 2500, 2500, 2500, 2500, 
9639.943, 9250.828, 9270.712, 9722.304, 9809.728, 10014.746, 
9721.20899999999, 9685.32000000001, 9344.73000000001, 9795.538, 
9636.03200000001, 1, 1, 1, 1, 1, 1, 1, 1, 1, 1, 1, 0.01111, 0.01111, 
0.01111, 0.01111, 0.01111, 0.01111, 0.01111, 0.01111, 0.01111, 
0.01111, 0.01111, 0, 0, 0, 0, 0, 0, 0, 0, 0, 0, 0, 0, 0, 0, 0, 
0, 0, 0, 0, 0, 0, 0, 0.4498, 0.38811, 0.3977, 0.40556, 0.44014, 
0.43618, 0.42233, 0.42822, 0.44476, 0.44083, 0.43718, 0.4119, 
0.38407, 0.40035, 0.41278, 0.45783, 0.42633, 0.42281, 0.43656, 
0.44476, 0.42792, 0.44237, 0.0577, 0.0565, 0.0567, 0.0628, 0.0668, 
0.0694, 0.0693, 0.0735, 0.0736, 0.0799, 0.0788, 65.6, 72, 78.2, 
84.8, 91.2, 97.6, 103.8, 110.4, 116.3, 122.5, 129.5, 1, 1, 1, 
1, 1, 1, 1, 1, 1, 1, 1, 1, 1, 1, 1, 1, 1, 1, 1, 1, 1, 1, 1, 1, 
1, 1, 1, 1, 1, 1, 1, 1, 1, 1, 1, 1, 1, 1, 1, 1, 1, 1, 1, 1, 3.813, 
3.682, 3.651, 3.956, 4.001, 3.969, 3.899, 3.937, 3.736, 3.86, 
3.897), .Dim = c(11L, 40L), .Dimnames = list(NULL, c("Sampling", 
"PSO.cost", "PSO.gamma", "PSO.data.balancing", "PSO.feature.selection", 
"PSO.valid.acc", "PSO.test.acc", "PSO.train.time", "PSO.n.support.vectors", 
"PSO.index", "PSO.n.solutions", "PSO.generations", "PSO.n.evaluations", 
"PSO.cpu.time", "RS.cost", "RS.gamma", "RS.data.balancing", "RS.feature.selection", 
"RS.valid.acc", "RS.test.acc", "RS.train.time", "RS.n.support.vectors", 
"RS.index", "RS.n.solutions", "RS.generations", "RS.n.evaluations", 
"RS.cpu.time", "DF.cost", "DF.gamma", "DF.data.balancing", "DF.feature.selection", 
"DF.valid.acc", "DF.test.acc", "DF.train.time", "DF.n.support.vectors", 
"DF.index", "DF.n.solutions", "DF.generations", "DF.n.evaluations", 
"DF.cpu.time")))
