full <-
structure(c(50, 55, 60, 65, 70, 75, 80, 85, 90, 95, 100, 6.62738, 
6.78025, 5.69568, 6.06106, 11.38646, 6.93303, 14.7348, 6.81448, 
4.91188, 6.35257, 10.95925, -8.48387, -8.11625, -7.38119, -6.25786, 
-7.69394, -6.39544, -7.76367, -6.04095, -3.54602, -5.20229, -5.26831, 
0, 0, 0, 0, 0, 0, 0, 0, 0, 0, 0, 0, 0, 0, 0, 0, 0, 0, 0, 0, 0, 
0, 0.60782, 0.60167, 0.62631, 0.66061, 0.6426, 0.64776, 0.68214, 
0.69524, 0.6919, 0.69461, 0.67233, 0.55813, 0.56722, 0.59361, 
0.64394, 0.60472, 0.5666, 0.65082, 0.61707, 0.67905, 0.67414, 
0.69234, 0.0549, 0.0555, 0.0575, 0.0583, 0.0638, 0.0623, 0.0636, 
0.07, 0.0725, 0.0742, 0.0795, 61.1, 64, 72.6, 76, 78.5, 87.2, 
88.7, 96.7, 106.3, 109.4, 114.3, 1018, 1250, 1001, 741, 53, 380, 
107, 49, 1859, 181, 27, 23, 102, 96, 120, 1192, 169, 459, 203, 
15, 374, 642, 100, 100, 100, 100, 100, 100, 100, 100, 100, 100, 
100, 2500, 2500, 2500, 2500, 2500, 2500, 2500, 2500, 2500, 2500, 
2500, 9011.072, 9161.395, 8574.303, 8863.711, 9117.96400000001, 
8528.541, 8658.755, 9101.91099999999, 9035.54999999999, 9339.177, 
9278.62299999999, 7.15243, 6.47176, 5.91629, 5.65366, 8.8113, 
5.74108, 12.2563, 13.9387, 12.69804, 6.44652, 10.78861, -9.02947, 
-7.95209, -7.47771, -6.35542, -7.45126, -5.68712, -8.28834, -6.03933, 
-3.54765, -5.24022, -5.17368, 0, 0, 0, 0, 0, 0, 0, 0, 0, 0, 0, 
0, 0, 0, 0, 0, 0, 0, 0, 0, 0, 0, 0.60782, 0.59056, 0.60722, 0.65879, 
0.6426, 0.64007, 0.68214, 0.68857, 0.68524, 0.69461, 0.67233, 
0.54702, 0.59083, 0.58361, 0.63394, 0.58654, 0.54982, 0.65082, 
0.62476, 0.67952, 0.67461, 0.68707, 0.0555, 0.0565, 0.0582, 0.0618, 
0.065, 0.062, 0.0639, 0.0688, 0.0741, 0.0759, 0.0792, 60.2, 64.2, 
71.7, 77.2, 79, 88.6, 86.7, 95.7, 106.1, 109.5, 114.1, 999, 1457, 
738, 1317, 65, 448, 102, 54, 63, 172, 30, 1, 3, 3, 2, 29, 5, 
7, 35, 2, 4, 11, 100, 100, 100, 100, 100, 100, 100, 100, 100, 
100, 100, 2500, 2500, 2500, 2500, 2500, 2500, 2500, 2500, 2500, 
2500, 2500, 9052.981, 8622.376, 8964.208, 9172.396, 8771.44900000001, 
8422.34299999999, 8702.299, 8981.11900000001, 9051.17599999998, 
9211.12900000002, 9316.451, 1, 1, 1, 1, 1, 1, 1, 1, 1, 1, 1, 
0.01111, 0.01111, 0.01111, 0.01111, 0.01111, 0.01111, 0.01111, 
0.01111, 0.01111, 0.01111, 0.01111, 0, 0, 0, 0, 0, 0, 0, 0, 0, 
0, 0, 0, 0, 0, 0, 0, 0, 0, 0, 0, 0, 0, 0.47163, 0.45556, 0.49043, 
0.49167, 0.44918, 0.46981, 0.47262, 0.44165, 0.43714, 0.43954, 
0.45516, 0.48274, 0.46778, 0.47801, 0.53167, 0.45828, 0.47012, 
0.44899, 0.44275, 0.43714, 0.43366, 0.44151, 0.0553, 0.0573, 
0.0601, 0.06, 0.0625, 0.0634, 0.0702, 0.0696, 0.0707, 0.0788, 
0.0776, 65.6, 72, 78.3, 84.8, 91.2, 97.6, 103.6, 110.2, 116.5, 
122.4, 129.5, 1, 1, 1, 1, 1, 1, 1, 1, 1, 1, 1, 1, 1, 1, 1, 1, 
1, 1, 1, 1, 1, 1, 1, 1, 1, 1, 1, 1, 1, 1, 1, 1, 1, 1, 1, 1, 1, 
1, 1, 1, 1, 1, 1, 1, 3.604, 3.419, 3.531, 3.634, 3.3, 3.311, 
3.683, 3.421, 3.573, 3.738, 3.52), .Dim = c(11L, 40L), .Dimnames = list(
    NULL, c("Sampling", "PSO.cost", "PSO.gamma", "PSO.data.balancing", 
    "PSO.feature.selection", "PSO.valid.acc", "PSO.test.acc", 
    "PSO.train.time", "PSO.n.support.vectors", "PSO.index", "PSO.n.solutions", 
    "PSO.generations", "PSO.n.evaluations", "PSO.cpu.time", "RS.cost", 
    "RS.gamma", "RS.data.balancing", "RS.feature.selection", 
    "RS.valid.acc", "RS.test.acc", "RS.train.time", "RS.n.support.vectors", 
    "RS.index", "RS.n.solutions", "RS.generations", "RS.n.evaluations", 
    "RS.cpu.time", "DF.cost", "DF.gamma", "DF.data.balancing", 
    "DF.feature.selection", "DF.valid.acc", "DF.test.acc", "DF.train.time", 
    "DF.n.support.vectors", "DF.index", "DF.n.solutions", "DF.generations", 
    "DF.n.evaluations", "DF.cpu.time")))
