full <-
structure(c(50, 55, 60, 65, 70, 75, 80, 85, 90, 95, 100, 5.35108, 
5.96466, 5.45905, 7.13075, 4.54933, 10.44835, 5.47601, 10.97535, 
12.25115, 6.42025, 4.20921, -6.30388, -5.19899, -5.80702, -6.51321, 
-3.73776, -5.03997, -7.11469, -7.3149, -7.1102, -6.63289, -3.41485, 
0, 0, 0, 0, 0, 0, 0, 0, 0, 0, 0, 0, 0, 0, 0, 0, 0, 0, 0, 0, 0, 
0, 0.67917, 0.72111, 0.74697, 0.72727, 0.70732, 0.69411, 0.66538, 
0.70762, 0.68315, 0.65464, 0.69309, 0.6002, 0.67667, 0.72495, 
0.70636, 0.69129, 0.67787, 0.59368, 0.67264, 0.6431, 0.65381, 
0.65809, 0.0579, 0.0603, 0.0601, 0.0609, 0.0678, 0.0692, 0.0702, 
0.0724, 0.0754, 0.0767, 0.0799, 60, 65.8, 71.8, 74.5, 85.6, 87.9, 
95, 94.4, 100.4, 110.4, 119.5, 820, 1223, 73, 694, 1003, 48, 
745, 36, 55, 478, 298, 100, 97, 638, 285, 38, 1284, 23, 814, 
1359, 136, 427, 100, 100, 100, 100, 100, 100, 100, 100, 100, 
100, 100, 2500, 2500, 2500, 2500, 2500, 2500, 2500, 2500, 2500, 
2500, 2500, 9537.972, 9600.853, 9406.53, 9444.50999999999, 9521.727, 
9506.454, 9500.39, 9740.81700000001, 9820.269, 9607.50399999999, 
9660.59700000001, 5.64876, 6.26895, 4.99504, 7.35288, 4.23385, 
12.86182, 7.41263, 11.98054, 11.72202, 6.24683, 4.11998, -6.33407, 
-5.14508, -5.75342, -6.62004, -3.57835, -5.10699, -5.30735, -7.09077, 
-6.77843, -6.64001, -3.361, 0, 0, 0, 0, 0, 0, 0, 0, 0, 0, 0, 
0, 0, 0, 0, 0, 0, 0, 0, 0, 0, 0, 0.66667, 0.72111, 0.74697, 0.71818, 
0.69899, 0.69411, 0.65879, 0.70762, 0.68315, 0.64797, 0.68059, 
0.60159, 0.69889, 0.70768, 0.70636, 0.66478, 0.67787, 0.66667, 
0.67216, 0.6569, 0.65381, 0.64698, 0.0595, 0.0578, 0.058, 0.0652, 
0.0653, 0.0681, 0.0712, 0.0707, 0.0766, 0.0736, 0.0814, 60, 65.4, 
72.1, 74.6, 86, 88, 94.2, 95.2, 100.5, 110.9, 119.5, 2162, 1326, 
898, 162, 1887, 152, 4, 8, 422, 537, 1944, 1, 2, 1, 3, 1, 22, 
23, 33, 22, 1, 3, 100, 100, 100, 100, 100, 100, 100, 100, 100, 
100, 100, 2500, 2500, 2500, 2500, 2500, 2500, 2500, 2500, 2500, 
2500, 2500, 9541.989, 9644.587, 9342.774, 9450.87000000001, 9531.541, 
9494.86300000001, 9677.357, 9784.29499999998, 9630.42199999999, 
9714.53400000001, 9690.85999999999, 1, 1, 1, 1, 1, 1, 1, 1, 1, 
1, 1, 0.01111, 0.01111, 0.01111, 0.01111, 0.01111, 0.01111, 0.01111, 
0.01111, 0.01111, 0.01111, 0.01111, 0, 0, 0, 0, 0, 0, 0, 0, 0, 
0, 0, 0, 0, 0, 0, 0, 0, 0, 0, 0, 0, 0, 0.44286, 0.46861, 0.50121, 
0.50909, 0.47671, 0.47533, 0.46786, 0.47641, 0.47857, 0.44193, 
0.4547, 0.51865, 0.47139, 0.49232, 0.51, 0.4858, 0.48442, 0.46786, 
0.46927, 0.4719, 0.44954, 0.44845, 0.0545, 0.0566, 0.0643, 0.0646, 
0.0636, 0.0653, 0.0717, 0.0709, 0.075, 0.0801, 0.0812, 65.6, 
72, 78.2, 84.5, 90.9, 96.4, 103.4, 108.8, 115.8, 122.8, 129.8, 
1, 1, 1, 1, 1, 1, 1, 1, 1, 1, 1, 1, 1, 1, 1, 1, 1, 1, 1, 1, 1, 
1, 1, 1, 1, 1, 1, 1, 1, 1, 1, 1, 1, 1, 1, 1, 1, 1, 1, 1, 1, 1, 
1, 1, 3.665, 3.725, 3.814, 3.908, 3.76, 3.708, 3.949, 3.931, 
3.78, 3.882, 3.958), .Dim = c(11L, 40L), .Dimnames = list(NULL, 
    c("Sampling", "PSO.cost", "PSO.gamma", "PSO.data.balancing", 
    "PSO.feature.selection", "PSO.valid.acc", "PSO.test.acc", 
    "PSO.train.time", "PSO.n.support.vectors", "PSO.index", "PSO.n.solutions", 
    "PSO.generations", "PSO.n.evaluations", "PSO.cpu.time", "RS.cost", 
    "RS.gamma", "RS.data.balancing", "RS.feature.selection", 
    "RS.valid.acc", "RS.test.acc", "RS.train.time", "RS.n.support.vectors", 
    "RS.index", "RS.n.solutions", "RS.generations", "RS.n.evaluations", 
    "RS.cpu.time", "DF.cost", "DF.gamma", "DF.data.balancing", 
    "DF.feature.selection", "DF.valid.acc", "DF.test.acc", "DF.train.time", 
    "DF.n.support.vectors", "DF.index", "DF.n.solutions", "DF.generations", 
    "DF.n.evaluations", "DF.cpu.time")))
