full <-
structure(c(50, 55, 60, 65, 70, 75, 80, 85, 90, 95, 100, 9.9974, 
6.85898, 15, 11.21905, 6.30894, 5.61312, 7.55991, 15, 8.4591, 
7.02566, 7.92757, -5.93701, -6.37788, -7.3007, -5.27435, -6.02205, 
-6.78308, -4.67338, -7.83353, -7.781, -6.32629, -6.23047, 0, 
0, 0, 0, 0, 0, 0, 0, 0, 0, 0, 0, 0, 0, 0, 0, 0, 0, 0, 0, 0, 0, 
0.63611, 0.68167, 0.65033, 0.66227, 0.69379, 0.6748, 0.65718, 
0.67714, 0.69875, 0.69891, 0.68454, 0.61111, 0.61361, 0.64124, 
0.66545, 0.65561, 0.61603, 0.60805, 0.6331, 0.64297, 0.65165, 
0.65067, 0.0561, 0.0585, 0.0624, 0.0599, 0.0674, 0.0666, 0.0706, 
0.0703, 0.0673, 0.0741, 0.0802, 58.5, 65.1, 67.9, 76.2, 81.2, 
89.6, 93.1, 94.3, 100.4, 109.8, 114.3, 141, 436, 51, 120, 203, 
2147, 14, 101, 1409, 816, 546, 1170, 353, 1334, 795, 590, 8, 
1159, 1060, 80, 117, 292, 100, 100, 100, 100, 100, 100, 100, 
100, 100, 100, 100, 2500, 2500, 2500, 2500, 2500, 2500, 2500, 
2500, 2500, 2500, 2500, 9881.684, 9995.572, 9758.03200000001, 
9695.388, 9945.32399999999, 9883.999, 10023.778, 10180.339, 9867.698, 
9832.454, 9491.10400000002, 14.42876, 5.99669, 12.51498, 5.26141, 
6.00883, 14.73319, 8.92335, 11.79209, 8.70397, 7.34753, 7.87443, 
-5.97808, -6.74735, -7.26232, -6.96912, -5.87459, -6.76131, -4.82074, 
-7.83669, -7.84236, -6.67076, -6.16216, 0, 0, 0, 0, 0, 0, 0, 
0, 0, 0, 0, 0, 0, 0, 0, 0, 0, 0, 0, 0, 0, 0, 0.63611, 0.66944, 
0.65033, 0.67005, 0.69379, 0.6642, 0.65718, 0.67714, 0.69828, 
0.69262, 0.67866, 0.61111, 0.61611, 0.64124, 0.64631, 0.65561, 
0.69257, 0.60805, 0.6331, 0.63527, 0.65869, 0.644, 0.0573, 0.0595, 
0.0582, 0.0604, 0.0642, 0.0665, 0.0709, 0.0731, 0.0768, 0.0795, 
0.0788, 58.5, 67, 68, 78.1, 81.2, 87.2, 93.2, 94.3, 100.2, 109.7, 
114.4, 1, 2343, 522, 1894, 508, 97, 468, 513, 1197, 1855, 152, 
14, 2, 23, 1, 1, 8, 7, 3, 1, 1, 3, 100, 100, 100, 100, 100, 100, 
100, 100, 100, 100, 100, 2500, 2500, 2500, 2500, 2500, 2500, 
2500, 2500, 2500, 2500, 2500, 10092.26, 9707.699, 9611.492, 9682.696, 
10057.993, 9749.18699999999, 10130.253, 10031.41, 9710.524, 9667.505, 
9633.48699999999, 1, 1, 1, 1, 1, 1, 1, 1, 1, 1, 1, 0.01111, 0.01111, 
0.01111, 0.01111, 0.01111, 0.01111, 0.01111, 0.01111, 0.01111, 
0.01111, 0.01111, 0, 0, 0, 0, 0, 0, 0, 0, 0, 0, 0, 0, 0, 0, 0, 
0, 0, 0, 0, 0, 0, 0, 0.47639, 0.41194, 0.43811, 0.46207, 0.47439, 
0.44503, 0.43826, 0.4469, 0.4663, 0.47322, 0.46282, 0.48611, 
0.3875, 0.4172, 0.43742, 0.49106, 0.46071, 0.42271, 0.44643, 
0.47963, 0.45268, 0.4624, 0.0591, 0.0583, 0.059, 0.0604, 0.0642, 
0.067, 0.0721, 0.0727, 0.0756, 0.0812, 0.0791, 65.5, 71.8, 78.3, 
84.8, 91.1, 97.3, 103.6, 109.7, 116.4, 122.8, 129.6, 1, 1, 1, 
1, 1, 1, 1, 1, 1, 1, 1, 1, 1, 1, 1, 1, 1, 1, 1, 1, 1, 1, 1, 1, 
1, 1, 1, 1, 1, 1, 1, 1, 1, 1, 1, 1, 1, 1, 1, 1, 1, 1, 1, 1, 4.057, 
4.048, 3.807, 3.705, 3.973, 3.878, 4.072, 3.998, 3.937, 3.994, 
3.733), .Dim = c(11L, 40L), .Dimnames = list(NULL, c("Sampling", 
"PSO.cost", "PSO.gamma", "PSO.data.balancing", "PSO.feature.selection", 
"PSO.valid.acc", "PSO.test.acc", "PSO.train.time", "PSO.n.support.vectors", 
"PSO.index", "PSO.n.solutions", "PSO.generations", "PSO.n.evaluations", 
"PSO.cpu.time", "RS.cost", "RS.gamma", "RS.data.balancing", "RS.feature.selection", 
"RS.valid.acc", "RS.test.acc", "RS.train.time", "RS.n.support.vectors", 
"RS.index", "RS.n.solutions", "RS.generations", "RS.n.evaluations", 
"RS.cpu.time", "DF.cost", "DF.gamma", "DF.data.balancing", "DF.feature.selection", 
"DF.valid.acc", "DF.test.acc", "DF.train.time", "DF.n.support.vectors", 
"DF.index", "DF.n.solutions", "DF.generations", "DF.n.evaluations", 
"DF.cpu.time")))
