full <-
structure(c(50, 55, 60, 65, 70, 75, 80, 85, 90, 95, 100, 3.91698, 
6.07523, 6.37506, 8.19909, 7.40656, 9.96565, 7.67508, 5.55472, 
6.45504, 13.75014, 10.48583, -5.65312, -6.64779, -5.73622, -7.19044, 
-6.66054, -6.20355, -7.69906, -6.88057, -4.69696, -7.89568, -7.17392, 
0, 0, 0, 0, 0, 0, 0, 0, 0, 0, 0, 0, 0, 0, 0, 0, 0, 0, 0, 0, 0, 
0, 0.64115, 0.6146, 0.62551, 0.6547, 0.65157, 0.65628, 0.65366, 
0.64015, 0.6313, 0.63504, 0.6892, 0.57897, 0.60849, 0.60245, 
0.67485, 0.62494, 0.6559, 0.6228, 0.59509, 0.61082, 0.61929, 
0.66674, 0.055, 0.0572, 0.0578, 0.0626, 0.0659, 0.0679, 0.0673, 
0.0719, 0.0758, 0.0861, 0.088, 63.5, 69.2, 73, 77.2, 83, 88.8, 
93.4, 101.3, 105.4, 105.6, 112.1, 544, 282, 379, 42, 4, 317, 
83, 343, 32, 273, 104, 94, 402, 523, 149, 1204, 659, 532, 155, 
1010, 224, 1151, 100, 100, 100, 100, 100, 100, 100, 100, 100, 
100, 100, 2500, 2500, 2500, 2500, 2500, 2500, 2500, 2500, 2500, 
2500, 2500, 8997.344, 9077.47, 9051.785, 9200.101, 9237.823, 
9026.67999999999, 9039.36500000001, 9124.425, 11418.724, 11693.861, 
11964.204, 5.9513, 5.52243, 3.30038, 8.39053, 14.84852, 14.86148, 
7.31135, 5.92516, 7.42432, 12.39143, 11.47461, -6.15752, -6.51786, 
-4.74794, -7.20075, -5.51209, -6.19356, -7.50784, -7.66734, -7.14704, 
-8.09373, -7.02766, 0, 0, 0, 0, 0, 0, 0, 0, 0, 0, 0, 0, 0, 0, 
0, 0, 0, 0, 0, 0, 0, 0, 0.62905, 0.60349, 0.61551, 0.6547, 0.65157, 
0.65628, 0.65366, 0.62641, 0.637, 0.63425, 0.6892, 0.58754, 0.58488, 
0.56447, 0.67394, 0.61445, 0.6559, 0.62995, 0.58905, 0.59071, 
0.62596, 0.66674, 0.0554, 0.0569, 0.0599, 0.0619, 0.0643, 0.0659, 
0.0683, 0.0799, 0.0813, 0.0808, 0.0853, 62, 69.6, 76, 77.3, 84.8, 
88.8, 93.5, 100.6, 103.9, 104.6, 112.4, 579, 592, 522, 458, 78, 
762, 734, 222, 353, 38, 324, 2, 1, 1, 2, 48, 2, 2, 1, 1, 23, 
9, 100, 100, 100, 100, 100, 100, 100, 100, 100, 100, 100, 2500, 
2500, 2500, 2500, 2500, 2500, 2500, 2500, 2500, 2500, 2500, 9019.573, 
9069.578, 9093.165, 9220.853, 9099.68399999999, 9022.28199999999, 
9068.319, 11461.035, 11788.18, 11553.548, 12036.672, 1, 1, 1, 
1, 1, 1, 1, 1, 1, 1, 1, 0.01111, 0.01111, 0.01111, 0.01111, 0.01111, 
0.01111, 0.01111, 0.01111, 0.01111, 0.01111, 0.01111, 0, 0, 0, 
0, 0, 0, 0, 0, 0, 0, 0, 0, 0, 0, 0, 0, 0, 0, 0, 0, 0, 0, 0.43802, 
0.4548, 0.47732, 0.44323, 0.49097, 0.46795, 0.47024, 0.4637, 
0.44632, 0.47571, 0.44064, 0.44397, 0.4473, 0.48808, 0.46343, 
0.51533, 0.50222, 0.4696, 0.45608, 0.45257, 0.45029, 0.4461, 
0.0546, 0.0581, 0.06, 0.0637, 0.0649, 0.0659, 0.0679, 0.0765, 
0.0851, 0.0877, 0.0855, 65.6, 72, 78.3, 84.8, 91.2, 97.5, 103.5, 
110, 116.1, 122.8, 129.8, 1, 1, 1, 1, 1, 1, 1, 1, 1, 1, 1, 1, 
1, 1, 1, 1, 1, 1, 1, 1, 1, 1, 1, 1, 1, 1, 1, 1, 1, 1, 1, 1, 1, 
1, 1, 1, 1, 1, 1, 1, 1, 1, 1, 1, 3.565, 3.676, 3.662, 3.754, 
3.622, 3.566, 3.547, 4.419, 4.849, 4.787, 4.522), .Dim = c(11L, 
40L), .Dimnames = list(NULL, c("Sampling", "PSO.cost", "PSO.gamma", 
"PSO.data.balancing", "PSO.feature.selection", "PSO.valid.acc", 
"PSO.test.acc", "PSO.train.time", "PSO.n.support.vectors", "PSO.index", 
"PSO.n.solutions", "PSO.generations", "PSO.n.evaluations", "PSO.cpu.time", 
"RS.cost", "RS.gamma", "RS.data.balancing", "RS.feature.selection", 
"RS.valid.acc", "RS.test.acc", "RS.train.time", "RS.n.support.vectors", 
"RS.index", "RS.n.solutions", "RS.generations", "RS.n.evaluations", 
"RS.cpu.time", "DF.cost", "DF.gamma", "DF.data.balancing", "DF.feature.selection", 
"DF.valid.acc", "DF.test.acc", "DF.train.time", "DF.n.support.vectors", 
"DF.index", "DF.n.solutions", "DF.generations", "DF.n.evaluations", 
"DF.cpu.time")))
