full <-
structure(c(50, 55, 60, 65, 70, 75, 80, 85, 90, 95, 100, 8.77265, 
3.82757, 12.21043, 10.92207, 4.69952, 6.4557, 4.67153, 7.24182, 
10.43461, 15, 6.04002, -6.99455, -4.92363, -4.17957, -5.81675, 
-4.46386, -7.12503, -4.53277, -6.63079, -6.12583, -4.67455, -5.62514, 
0, 0, 0, 0, 0, 0, 0, 0, 0, 0, 0, 0, 0, 0, 0, 0, 0, 0, 0, 0, 0, 
0, 0.62951, 0.68143, 0.68371, 0.67621, 0.67529, 0.68099, 0.68608, 
0.68076, 0.67293, 0.69417, 0.66772, 0.58292, 0.64349, 0.6224, 
0.63525, 0.67593, 0.62178, 0.69451, 0.62223, 0.64489, 0.68042, 
0.64734, 0.0554, 0.0578, 0.0583, 0.0611, 0.0657, 0.0653, 0.0691, 
0.0702, 0.0718, 0.0768, 0.0773, 58.6, 67.8, 71.9, 75.9, 83.3, 
87.7, 96, 96.5, 99.7, 110.3, 116.5, 33, 578, 75, 121, 1304, 536, 
1295, 890, 59, 81, 405, 1542, 255, 1072, 1122, 67, 310, 114, 
11, 1423, 1242, 398, 100, 100, 100, 100, 100, 100, 100, 100, 
100, 100, 100, 2500, 2500, 2500, 2500, 2500, 2500, 2500, 2500, 
2500, 2500, 2500, 9109.168, 9180.295, 9155.37, 9183.688, 9245.29700000001, 
9313.35400000001, 9498.23700000001, 9498.322, 9457.89799999999, 
9677.86200000002, 9687.239, 11.51852, 4.25334, 10.89461, 13.21917, 
7.72441, 7.17999, 4.51526, 8.77302, 8.06251, 7.60364, 6.13373, 
-7.18569, -4.9269, -4.12407, -5.83714, -4.48332, -5.23269, -4.52847, 
-6.61505, -6.00273, -4.67141, -5.68682, 0, 0, 0, 0, 0, 0, 0, 
0, 0, 0, 0, 0, 0, 0, 0, 0, 0, 0, 0, 0, 0, 0, 0.62951, 0.67032, 
0.68371, 0.67621, 0.65711, 0.67189, 0.6707, 0.67348, 0.67293, 
0.69417, 0.66183, 0.59959, 0.67599, 0.6224, 0.63525, 0.67669, 
0.62114, 0.69451, 0.62432, 0.63775, 0.68042, 0.64734, 0.0567, 
0.0572, 0.06, 0.0621, 0.0624, 0.0674, 0.0692, 0.0712, 0.0738, 
0.0752, 0.0783, 58.6, 67.2, 72, 75.9, 82.7, 88.1, 96, 95.5, 100.5, 
110.3, 116.2, 131, 233, 19, 99, 338, 504, 890, 248, 41, 129, 
1807, 20, 4, 12, 9, 6, 7, 1, 8, 15, 9, 3, 100, 100, 100, 100, 
100, 100, 100, 100, 100, 100, 100, 2500, 2500, 2500, 2500, 2500, 
2500, 2500, 2500, 2500, 2500, 2500, 9158.481, 9145.803, 9142.867, 
9240.692, 9285.022, 9400.231, 9523.09599999999, 9505.86500000002, 
9540.299, 9613.81899999999, 9763.48199999999, 1, 1, 1, 1, 1, 
1, 1, 1, 1, 1, 1, 0.01111, 0.01111, 0.01111, 0.01111, 0.01111, 
0.01111, 0.01111, 0.01111, 0.01111, 0.01111, 0.01111, 0, 0, 0, 
0, 0, 0, 0, 0, 0, 0, 0, 0, 0, 0, 0, 0, 0, 0, 0, 0, 0, 0, 0.39946, 
0.41508, 0.39871, 0.42429, 0.40286, 0.40723, 0.4152, 0.43254, 
0.4577, 0.42958, 0.4456, 0.42168, 0.44187, 0.39871, 0.4052, 0.41131, 
0.40842, 0.4152, 0.41255, 0.47164, 0.43542, 0.43384, 0.0552, 
0.0575, 0.0601, 0.0612, 0.0656, 0.0688, 0.0694, 0.0712, 0.0757, 
0.0776, 0.0804, 65.5, 71.6, 78.1, 83.8, 90.7, 97.2, 103.9, 110.2, 
116.8, 122.8, 129.2, 1, 1, 1, 1, 1, 1, 1, 1, 1, 1, 1, 1, 1, 1, 
1, 1, 1, 1, 1, 1, 1, 1, 1, 1, 1, 1, 1, 1, 1, 1, 1, 1, 1, 1, 1, 
1, 1, 1, 1, 1, 1, 1, 1, 1, 3.554, 3.607, 3.614, 3.742, 3.697, 
3.799, 3.727, 3.757, 3.834, 3.944, 3.816), .Dim = c(11L, 40L), .Dimnames = list(
    NULL, c("Sampling", "PSO.cost", "PSO.gamma", "PSO.data.balancing", 
    "PSO.feature.selection", "PSO.valid.acc", "PSO.test.acc", 
    "PSO.train.time", "PSO.n.support.vectors", "PSO.index", "PSO.n.solutions", 
    "PSO.generations", "PSO.n.evaluations", "PSO.cpu.time", "RS.cost", 
    "RS.gamma", "RS.data.balancing", "RS.feature.selection", 
    "RS.valid.acc", "RS.test.acc", "RS.train.time", "RS.n.support.vectors", 
    "RS.index", "RS.n.solutions", "RS.generations", "RS.n.evaluations", 
    "RS.cpu.time", "DF.cost", "DF.gamma", "DF.data.balancing", 
    "DF.feature.selection", "DF.valid.acc", "DF.test.acc", "DF.train.time", 
    "DF.n.support.vectors", "DF.index", "DF.n.solutions", "DF.generations", 
    "DF.n.evaluations", "DF.cpu.time")))
