full <-
structure(c(50, 55, 60, 65, 70, 75, 80, 85, 90, 95, 100, 7.28308, 
6.25063, 7.45575, 8.78702, 5.53518, 6.89789, 8.71855, 8.93837, 
8.57236, 11.21862, 6.2743, -6.2779, -5.79795, -6.60818, -7.6164, 
-3.36238, -5.88175, -7.33318, -7.18564, -7.27493, -8.65705, -5.03913, 
0, 0, 0, 0, 0, 0, 0, 0, 0, 0, 0, 0, 0, 0, 0, 0, 0, 0, 0, 0, 0, 
0, 0.64683, 0.6576, 0.65692, 0.73076, 0.67927, 0.70297, 0.6848, 
0.67824, 0.68571, 0.68186, 0.68346, 0.58671, 0.64419, 0.64533, 
0.67273, 0.62824, 0.63735, 0.67866, 0.62681, 0.64333, 0.66824, 
0.63434, 0.0565, 0.0571, 0.0595, 0.0601, 0.0681, 0.0652, 0.0685, 
0.0709, 0.0726, 0.0744, 0.0786, 60.7, 67.7, 71, 74.5, 84.6, 87.9, 
90.7, 96.4, 100.3, 101, 116.4, 17, 557, 1076, 121, 321, 115, 
1096, 1520, 192, 922, 1389, 1536, 333, 106, 1183, 822, 527, 42, 
15, 264, 73, 24, 100, 100, 100, 100, 100, 100, 100, 100, 100, 
100, 100, 2500, 2500, 2500, 2500, 2500, 2500, 2500, 2500, 2500, 
2500, 2500, 8922.517, 8865.378, 8866.325, 8773.363, 9866.439, 
9752.553, 9647.844, 9675.754, 9441.64000000001, 9589.83100000001, 
9498.80099999998, 8.15273, 13.47523, 14.00741, 12.42891, 14.94625, 
7.73149, 8.83672, 10.71666, 14.58559, 7.83577, 9.92284, -5.90699, 
-5.84943, -6.60352, -7.38828, -3.39645, -5.88187, -7.55917, -7.27962, 
-5.36403, -7.30118, -4.65989, 0, 0, 0, 0, 0, 0, 0, 0, 0, 0, 0, 
0, 0, 0, 0, 0, 0, 0, 0, 0, 0, 0, 0.64683, 0.6476, 0.64783, 0.73076, 
0.67927, 0.70297, 0.67766, 0.6711, 0.6719, 0.67756, 0.67758, 
0.59782, 0.64419, 0.64533, 0.68273, 0.61991, 0.62902, 0.67152, 
0.63396, 0.65667, 0.65973, 0.63512, 0.0553, 0.0541, 0.057, 0.0607, 
0.0654, 0.0675, 0.0694, 0.0722, 0.0693, 0.0756, 0.0777, 60.8, 
66.9, 70.8, 74.6, 84.6, 87.4, 90.6, 96.1, 104.5, 108, 117.2, 
28, 232, 5, 54, 578, 1181, 1321, 62, 174, 1493, 308, 83, 21, 
1, 27, 7, 1, 3, 18, 27, 1, 18, 100, 100, 100, 100, 100, 100, 
100, 100, 100, 100, 100, 2500, 2500, 2500, 2500, 2500, 2500, 
2500, 2500, 2500, 2500, 2500, 8772.615, 8909.454, 8793.52800000001, 
9027.24599999999, 9651.272, 9708.807, 9663.95299999999, 9500.579, 
9356.84299999999, 9739.92000000001, 9224.76499999998, 1, 1, 1, 
1, 1, 1, 1, 1, 1, 1, 1, 0.01111, 0.01111, 0.01111, 0.01111, 0.01111, 
0.01111, 0.01111, 0.01111, 0.01111, 0.01111, 0.01111, 0, 0, 0, 
0, 0, 0, 0, 0, 0, 0, 0, 0, 0, 0, 0, 0, 0, 0, 0, 0, 0, 0, 0.38353, 
0.38997, 0.41273, 0.45106, 0.43945, 0.45192, 0.42271, 0.44683, 
0.43143, 0.45509, 0.46094, 0.36964, 0.39275, 0.41273, 0.44273, 
0.411, 0.4359, 0.42921, 0.43914, 0.42429, 0.44169, 0.45395, 0.0535, 
0.0555, 0.0589, 0.061, 0.0658, 0.0667, 0.0686, 0.0701, 0.0717, 
0.0793, 0.0815, 65.6, 72, 78.3, 84.6, 90.5, 97.5, 103.7, 109.6, 
116.4, 122.6, 129.8, 1, 1, 1, 1, 1, 1, 1, 1, 1, 1, 1, 1, 1, 1, 
1, 1, 1, 1, 1, 1, 1, 1, 1, 1, 1, 1, 1, 1, 1, 1, 1, 1, 1, 1, 1, 
1, 1, 1, 1, 1, 1, 1, 1, 1, 3.619, 3.506, 3.567, 3.63, 3.692, 
3.997, 3.913, 3.736, 3.611, 3.952, 3.819), .Dim = c(11L, 40L), .Dimnames = list(
    NULL, c("Sampling", "PSO.cost", "PSO.gamma", "PSO.data.balancing", 
    "PSO.feature.selection", "PSO.valid.acc", "PSO.test.acc", 
    "PSO.train.time", "PSO.n.support.vectors", "PSO.index", "PSO.n.solutions", 
    "PSO.generations", "PSO.n.evaluations", "PSO.cpu.time", "RS.cost", 
    "RS.gamma", "RS.data.balancing", "RS.feature.selection", 
    "RS.valid.acc", "RS.test.acc", "RS.train.time", "RS.n.support.vectors", 
    "RS.index", "RS.n.solutions", "RS.generations", "RS.n.evaluations", 
    "RS.cpu.time", "DF.cost", "DF.gamma", "DF.data.balancing", 
    "DF.feature.selection", "DF.valid.acc", "DF.test.acc", "DF.train.time", 
    "DF.n.support.vectors", "DF.index", "DF.n.solutions", "DF.generations", 
    "DF.n.evaluations", "DF.cpu.time")))
