full <-
structure(c(50, 55, 60, 65, 70, 75, 80, 85, 90, 95, 100, 9.93137, 
7.05376, 10.18012, 5.73084, 6.23117, 7.61157, 5.13257, 6.90445, 
10.27453, 12.11027, 7.77793, -9.35751, -9.49413, -4.89059, -8.7669, 
-6.56407, -6.25826, -5.78517, -5.1603, -4.90496, -6.03871, -7.08601, 
0, 0, 0, 0, 0, 0, 0, 0, 0, 0, 0, 0, 0, 0, 0, 0, 0, 0, 0, 0, 0, 
0, 0.62579, 0.63162, 0.6196, 0.6004, 0.67223, 0.6629, 0.67967, 
0.68771, 0.68112, 0.69338, 0.71324, 0.58774, 0.62141, 0.62556, 
0.55379, 0.62711, 0.6536, 0.63159, 0.67076, 0.66739, 0.71285, 
0.67444, 0.0581, 0.0584, 0.0598, 0.0564, 0.0606, 0.0621, 0.0743, 
0.0767, 0.0826, 0.08, 0.0831, 59.9, 68.8, 74, 79.9, 83.6, 87.4, 
96.2, 100.4, 105.7, 108.8, 114.8, 785, 467, 121, 2298, 1612, 
1316, 535, 918, 131, 127, 1026, 57, 307, 595, 1, 25, 62, 136, 
67, 1311, 1344, 22, 100, 100, 100, 100, 100, 100, 100, 100, 100, 
100, 100, 2500, 2500, 2500, 2500, 2500, 2500, 2500, 2500, 2500, 
2500, 2500, 9140.027, 9200.102, 8980.463, 8837.463, 9286.179, 
9333.50600000001, 11789.129, 12207.845, 12263.745, 12075.526, 
12148.082, 9.71942, 7.01235, 9.34241, 5.88848, 5.31196, 7.98507, 
5.81745, 8.12502, 13.89402, 9.28102, 7.5506, -9.14397, -9.53852, 
-4.90949, -8.87553, -5.61502, -6.41119, -6.30416, -5.13914, -4.94241, 
-7.83933, -6.92183, 0, 0, 0, 0, 0, 0, 0, 0, 0, 0, 0, 0, 0, 0, 
0, 0, 0, 0, 0, 0, 0, 0, 0.61329, 0.63162, 0.6196, 0.6004, 0.66378, 
0.6629, 0.67189, 0.68104, 0.68112, 0.69463, 0.71246, 0.58774, 
0.62141, 0.62556, 0.55379, 0.62647, 0.66962, 0.62454, 0.6722, 
0.6678, 0.67624, 0.66819, 0.0568, 0.0574, 0.0609, 0.0604, 0.0636, 
0.0654, 0.0733, 0.0799, 0.0774, 0.0798, 0.0819, 59.8, 68.9, 74, 
79.5, 84.8, 87.1, 95.8, 100.3, 105.7, 106.1, 115, 827, 671, 230, 
1763, 1764, 567, 1135, 9, 287, 1999, 1161, 1, 1, 22, 1, 1, 1, 
1, 7, 4, 1, 1, 100, 100, 100, 100, 100, 100, 100, 100, 100, 100, 
100, 2500, 2500, 2500, 2500, 2500, 2500, 2500, 2500, 2500, 2500, 
2500, 9158.659, 9175.097, 8926.41, 8915.064, 9290.17200000001, 
9751.057, 12047.595, 12214.212, 12052.314, 12100.909, 12073.685, 
1, 1, 1, 1, 1, 1, 1, 1, 1, 1, 1, 0.01111, 0.01111, 0.01111, 0.01111, 
0.01111, 0.01111, 0.01111, 0.01111, 0.01111, 0.01111, 0.01111, 
0, 0, 0, 0, 0, 0, 0, 0, 0, 0, 0, 0, 0, 0, 0, 0, 0, 0, 0, 0, 0, 
0, 0.44897, 0.45553, 0.44071, 0.45126, 0.46279, 0.53226, 0.49286, 
0.44357, 0.48609, 0.46742, 0.46673, 0.49298, 0.4399, 0.44606, 
0.46793, 0.47381, 0.48473, 0.44661, 0.52407, 0.48615, 0.46075, 
0.44835, 0.0567, 0.0595, 0.06, 0.0592, 0.0644, 0.07, 0.0744, 
0.0806, 0.081, 0.0848, 0.0845, 65.5, 71.9, 78.4, 84.8, 91.2, 
97.6, 104, 110.4, 116.8, 123.2, 129.8, 1, 1, 1, 1, 1, 1, 1, 1, 
1, 1, 1, 1, 1, 1, 1, 1, 1, 1, 1, 1, 1, 1, 1, 1, 1, 1, 1, 1, 1, 
1, 1, 1, 1, 1, 1, 1, 1, 1, 1, 1, 1, 1, 1, 1, 3.655, 3.827, 3.668, 
3.598, 3.696, 4.465, 4.806, 4.956, 5.032, 5.022, 4.854), .Dim = c(11L, 
40L), .Dimnames = list(NULL, c("Sampling", "PSO.cost", "PSO.gamma", 
"PSO.data.balancing", "PSO.feature.selection", "PSO.valid.acc", 
"PSO.test.acc", "PSO.train.time", "PSO.n.support.vectors", "PSO.index", 
"PSO.n.solutions", "PSO.generations", "PSO.n.evaluations", "PSO.cpu.time", 
"RS.cost", "RS.gamma", "RS.data.balancing", "RS.feature.selection", 
"RS.valid.acc", "RS.test.acc", "RS.train.time", "RS.n.support.vectors", 
"RS.index", "RS.n.solutions", "RS.generations", "RS.n.evaluations", 
"RS.cpu.time", "DF.cost", "DF.gamma", "DF.data.balancing", "DF.feature.selection", 
"DF.valid.acc", "DF.test.acc", "DF.train.time", "DF.n.support.vectors", 
"DF.index", "DF.n.solutions", "DF.generations", "DF.n.evaluations", 
"DF.cpu.time")))
