full <-
structure(c(50, 55, 60, 65, 70, 75, 80, 85, 90, 95, 100, 6.5242, 
7.58506, 14.03037, 8.83953, 8.21478, 5.36105, 6.72405, 7.32636, 
12.96254, 7.31948, 11.88317, -6.79264, -7.55204, -8.36218, -7.73321, 
-4.84619, -4.77295, -4.5031, -7.21857, -3.06962, -5.45874, -6.00644, 
0, 0, 0, 0, 0, 0, 0, 0, 0, 0, 0, 0, 0, 0, 0, 0, 0, 0, 0, 0, 0, 
0, 0.66016, 0.66937, 0.65313, 0.6701, 0.66864, 0.64202, 0.67473, 
0.6826, 0.69036, 0.67536, 0.67842, 0.60294, 0.62492, 0.60705, 
0.65212, 0.6503, 0.59018, 0.67299, 0.62522, 0.67607, 0.66209, 
0.67139, 0.0678, 0.0643, 0.0653, 0.0691, 0.0694, 0.0749, 0.0756, 
0.0827, 0.0851, 0.0862, 0.0868, 60, 65.5, 68, 73.3, 83.5, 89.4, 
94.3, 98.6, 106.4, 109.1, 113.7, 934, 445, 161, 263, 33, 42, 
151, 521, 130, 138, 98, 136, 279, 485, 469, 1333, 1112, 1224, 
55, 853, 1194, 1036, 100, 100, 100, 100, 100, 100, 100, 100, 
100, 100, 100, 2500, 2500, 2500, 2500, 2500, 2500, 2500, 2500, 
2500, 2500, 2500, 13396.363, 13464.191, 13120.822, 13233.642, 
13222.939, 13687.678, 13850.843, 13942.545, 14192.582, 14279.582, 
13018.282, 7.14576, 5.86393, 7.15016, 13.72897, 14.96072, 7.38032, 
13.55965, 7.27047, 13.85919, 11.064, 10.61615, -7.27855, -7.55584, 
-7.45266, -7.66067, -4.8583, -4.8131, -4.45897, -7.16317, -3.0909, 
-5.41915, -6.02871, 0, 0, 0, 0, 0, 0, 0, 0, 0, 0, 0, 0, 0, 0, 
0, 0, 0, 0, 0, 0, 0, 0, 0.65837, 0.65921, 0.65313, 0.6701, 0.66864, 
0.64202, 0.67473, 0.6826, 0.69036, 0.67536, 0.67842, 0.61544, 
0.5927, 0.64452, 0.66121, 0.6503, 0.59927, 0.67299, 0.62522, 
0.67607, 0.66875, 0.67139, 0.0641, 0.0649, 0.065, 0.0683, 0.0689, 
0.0731, 0.0781, 0.0846, 0.089, 0.0835, 0.0862, 59.6, 67.1, 69.3, 
73.3, 83.5, 88.8, 94.4, 98.6, 106.4, 109.2, 113.6, 475, 947, 
521, 73, 60, 46, 773, 2095, 615, 1750, 134, 1, 2, 3, 12, 11, 
16, 15, 1, 8, 3, 14, 100, 100, 100, 100, 100, 100, 100, 100, 
100, 100, 100, 2500, 2500, 2500, 2500, 2500, 2500, 2500, 2500, 
2500, 2500, 2500, 13619.254, 13052.53, 13199.214, 13213.093, 
13415.378, 13827.908, 13931.117, 14061.485, 13978.115, 13665.523, 
13054.39, 1, 1, 1, 1, 1, 1, 1, 1, 1, 1, 1, 0.01111, 0.01111, 
0.01111, 0.01111, 0.01111, 0.01111, 0.01111, 0.01111, 0.01111, 
0.01111, 0.01111, 0, 0, 0, 0, 0, 0, 0, 0, 0, 0, 0, 0, 0, 0, 0, 
0, 0, 0, 0, 0, 0, 0, 0.4098, 0.47937, 0.45619, 0.45505, 0.42258, 
0.43733, 0.45485, 0.45403, 0.47321, 0.46951, 0.43709, 0.41754, 
0.42536, 0.4471, 0.43576, 0.43091, 0.43788, 0.44826, 0.46117, 
0.48036, 0.47576, 0.44959, 0.0629, 0.0642, 0.0652, 0.0663, 0.0731, 
0.0777, 0.0771, 0.084, 0.0837, 0.087, 0.0897, 65.4, 71.4, 77.5, 
84.1, 90.5, 96.6, 102.5, 109.2, 115.3, 121.6, 129.6, 1, 1, 1, 
1, 1, 1, 1, 1, 1, 1, 1, 1, 1, 1, 1, 1, 1, 1, 1, 1, 1, 1, 1, 1, 
1, 1, 1, 1, 1, 1, 1, 1, 1, 1, 1, 1, 1, 1, 1, 1, 1, 1, 1, 1, 5.251, 
5.5, 5.455, 5.132, 5.4, 5.631, 5.311, 5.658, 5.527, 5.117, 5.391
), .Dim = c(11L, 40L), .Dimnames = list(NULL, c("Sampling", "PSO.cost", 
"PSO.gamma", "PSO.data.balancing", "PSO.feature.selection", "PSO.valid.acc", 
"PSO.test.acc", "PSO.train.time", "PSO.n.support.vectors", "PSO.index", 
"PSO.n.solutions", "PSO.generations", "PSO.n.evaluations", "PSO.cpu.time", 
"RS.cost", "RS.gamma", "RS.data.balancing", "RS.feature.selection", 
"RS.valid.acc", "RS.test.acc", "RS.train.time", "RS.n.support.vectors", 
"RS.index", "RS.n.solutions", "RS.generations", "RS.n.evaluations", 
"RS.cpu.time", "DF.cost", "DF.gamma", "DF.data.balancing", "DF.feature.selection", 
"DF.valid.acc", "DF.test.acc", "DF.train.time", "DF.n.support.vectors", 
"DF.index", "DF.n.solutions", "DF.generations", "DF.n.evaluations", 
"DF.cpu.time")))
