full <-
structure(c(50, 55, 60, 65, 70, 75, 80, 85, 90, 95, 100, 3.49788, 
4.74473, 3.87334, 5.63217, 8.17493, 13.68777, 8.32933, 3.72557, 
11.99674, 9.68276, 13.02628, -4.53079, -4.06657, -5.61396, -5.57453, 
-7.15763, -4.33422, -7.88667, -6.00435, -7.15743, -7.24779, -4.80662, 
0, 0, 0, 0, 0, 0, 0, 0, 0, 0, 0, 0, 0, 0, 0, 0, 0, 0, 0, 0, 0, 
0, 0.70643, 0.69071, 0.69813, 0.70495, 0.6947, 0.70291, 0.65147, 
0.69531, 0.69207, 0.71755, 0.66267, 0.69631, 0.73516, 0.61412, 
0.65747, 0.64727, 0.67505, 0.62775, 0.59414, 0.67188, 0.6602, 
0.64429, 0.0583, 0.0589, 0.0618, 0.0638, 0.0633, 0.0678, 0.0687, 
0.0717, 0.0755, 0.0798, 0.0857, 64, 67.3, 75.5, 78.8, 80.7, 89, 
91.7, 105.1, 101, 104.1, 116.1, 2085, 2445, 325, 1180, 28, 413, 
2294, 1345, 132, 218, 2, 4, 1, 399, 47, 1278, 300, 4, 29, 923, 
1022, 760, 100, 100, 100, 100, 100, 100, 100, 100, 100, 100, 
100, 2500, 2500, 2500, 2500, 2500, 2500, 2500, 2500, 2500, 2500, 
2500, 9392.188, 9373.93, 9420.276, 9479.68199999999, 9545.02899999999, 
9646.383, 9755.37599999999, 9870.25400000002, 9975.122, 10060.314, 
10293.801, 7.0613, 10.49579, 4.61877, 5.5733, 3.67562, 12.35275, 
6.99053, 10.51741, 11.61761, 10.69032, 13.05683, -6.77917, -4.07909, 
-6.74932, -5.50347, -3.83626, -4.33665, -6.68149, -6.71015, -7.11309, 
-7.2528, -4.47035, 0, 0, 0, 0, 0, 0, 0, 0, 0, 0, 0, 0, 0, 0, 
0, 0, 0, 0, 0, 0, 0, 0, 0.68698, 0.6896, 0.69472, 0.69384, 0.70303, 
0.70291, 0.65147, 0.68062, 0.69207, 0.71755, 0.66267, 0.65048, 
0.72405, 0.61364, 0.65747, 0.70227, 0.67505, 0.64496, 0.69084, 
0.67188, 0.66609, 0.65017, 0.0581, 0.0592, 0.061, 0.0631, 0.0661, 
0.0684, 0.0696, 0.0713, 0.08, 0.0832, 0.0859, 61.8, 67.1, 75.5, 
78.9, 86.2, 89, 93.7, 97.8, 101.4, 104, 117.2, 271, 1217, 1727, 
1098, 2441, 1839, 1718, 409, 10, 1472, 29, 1, 4, 1, 1, 1, 1, 
1, 1, 9, 3, 22, 100, 100, 100, 100, 100, 100, 100, 100, 100, 
100, 100, 2500, 2500, 2500, 2500, 2500, 2500, 2500, 2500, 2500, 
2500, 2500, 9340.007, 9414.317, 9450.198, 9472.378, 9559.462, 
9599.217, 9791.314, 9889.701, 10112.255, 10118.155, 10256.285, 
1, 1, 1, 1, 1, 1, 1, 1, 1, 1, 1, 0.01111, 0.01111, 0.01111, 0.01111, 
0.01111, 0.01111, 0.01111, 0.01111, 0.01111, 0.01111, 0.01111, 
0, 0, 0, 0, 0, 0, 0, 0, 0, 0, 0, 0, 0, 0, 0, 0, 0, 0, 0, 0, 0, 
0, 0.4902, 0.46937, 0.44783, 0.48045, 0.50909, 0.50936, 0.4609, 
0.49132, 0.46068, 0.47506, 0.45402, 0.49536, 0.4702, 0.46399, 
0.46152, 0.50061, 0.50881, 0.49963, 0.49084, 0.46693, 0.46293, 
0.4411, 0.0566, 0.0596, 0.0604, 0.0651, 0.0641, 0.0668, 0.0707, 
0.0756, 0.0795, 0.0843, 0.0848, 65.6, 72, 78.3, 84.8, 91.2, 97.5, 
103.9, 110.3, 116.2, 123, 129.5, 1, 1, 1, 1, 1, 1, 1, 1, 1, 1, 
1, 1, 1, 1, 1, 1, 1, 1, 1, 1, 1, 1, 1, 1, 1, 1, 1, 1, 1, 1, 1, 
1, 1, 1, 1, 1, 1, 1, 1, 1, 1, 1, 1, 1, 3.67, 3.7, 3.638, 3.795, 
3.835, 3.806, 3.954, 3.906, 3.901, 4.167, 4.046), .Dim = c(11L, 
40L), .Dimnames = list(NULL, c("Sampling", "PSO.cost", "PSO.gamma", 
"PSO.data.balancing", "PSO.feature.selection", "PSO.valid.acc", 
"PSO.test.acc", "PSO.train.time", "PSO.n.support.vectors", "PSO.index", 
"PSO.n.solutions", "PSO.generations", "PSO.n.evaluations", "PSO.cpu.time", 
"RS.cost", "RS.gamma", "RS.data.balancing", "RS.feature.selection", 
"RS.valid.acc", "RS.test.acc", "RS.train.time", "RS.n.support.vectors", 
"RS.index", "RS.n.solutions", "RS.generations", "RS.n.evaluations", 
"RS.cpu.time", "DF.cost", "DF.gamma", "DF.data.balancing", "DF.feature.selection", 
"DF.valid.acc", "DF.test.acc", "DF.train.time", "DF.n.support.vectors", 
"DF.index", "DF.n.solutions", "DF.generations", "DF.n.evaluations", 
"DF.cpu.time")))
