full <-
structure(c(50, 55, 60, 65, 70, 75, 80, 85, 90, 95, 100, 7.7366, 
3.09949, 12.8501, 3.13659, 5.0981, 7.92478, 6.87596, 4.06471, 
6.58126, 8.31406, 13.88135, -5.19024, -4.70305, -2.87682, -5.04809, 
-5.26264, -7.1476, -7.03736, -4.30884, -4.78752, -4.7901, -4.37023, 
0, 0, 0, 0, 0, 0, 0, 0, 0, 0, 0, 0, 0, 0, 0, 0, 0, 0, 0, 0, 0, 
0, 0.71306, 0.63556, 0.59669, 0.63869, 0.63383, 0.66117, 0.65595, 
0.68018, 0.64901, 0.652, 0.66734, 0.66306, 0.56861, 0.59578, 
0.61884, 0.60629, 0.57515, 0.61786, 0.63908, 0.61981, 0.62411, 
0.6683, 0.0588, 0.0558, 0.0599, 0.0593, 0.0633, 0.0673, 0.068, 
0.0724, 0.0731, 0.0766, 0.0792, 62, 67.6, 74.6, 81, 84.2, 87.6, 
93.7, 103.2, 104.3, 110.5, 117.5, 267, 794, 273, 911, 399, 539, 
897, 961, 88, 176, 238, 1399, 383, 422, 344, 223, 516, 48, 95, 
990, 1041, 743, 100, 100, 100, 100, 100, 100, 100, 100, 100, 
100, 100, 2500, 2500, 2500, 2500, 2500, 2500, 2500, 2500, 2500, 
2500, 2500, 9668.356, 9482.199, 9765.236, 9830.751, 9732.242, 
9742.094, 9692.23300000001, 9890.65700000001, 9794.399, 9681.769, 
9383.984, 6.92018, 3.37785, 8.22021, 2.66079, 5.58529, 13.99955, 
7.51618, 4.01631, 9.34892, 10.37113, 8.72532, -5.26829, -4.68159, 
-2.90269, -5.2259, -5.27601, -7.20542, -6.90376, -4.27407, -4.8081, 
-4.78715, -4.39348, 0, 0, 0, 0, 0, 0, 0, 0, 0, 0, 0, 0, 0, 0, 
0, 0, 0, 0, 0, 0, 0, 0, 0.71306, 0.63556, 0.59669, 0.61924, 0.63383, 
0.65284, 0.64698, 0.66685, 0.64901, 0.652, 0.66734, 0.65056, 
0.58111, 0.58328, 0.60126, 0.60629, 0.57698, 0.60183, 0.63194, 
0.62606, 0.62411, 0.6683, 0.056, 0.059, 0.0608, 0.0632, 0.062, 
0.0654, 0.0691, 0.072, 0.0722, 0.0745, 0.0799, 62, 67.3, 74.6, 
81.8, 84, 86.6, 92.9, 103.3, 104.2, 110.5, 117.3, 44, 783, 168, 
1694, 1388, 41, 451, 2383, 228, 1523, 262, 9, 1, 5, 1, 4, 4, 
2, 1, 5, 2, 2, 100, 100, 100, 100, 100, 100, 100, 100, 100, 100, 
100, 2500, 2500, 2500, 2500, 2500, 2500, 2500, 2500, 2500, 2500, 
2500, 9578.179, 9623.913, 9755.665, 9911.322, 9458.409, 9736.83899999999, 
9722.30299999999, 9804.06900000002, 9703.70300000001, 9331.61799999999, 
9473.67000000001, 1, 1, 1, 1, 1, 1, 1, 1, 1, 1, 1, 0.01111, 0.01111, 
0.01111, 0.01111, 0.01111, 0.01111, 0.01111, 0.01111, 0.01111, 
0.01111, 0.01111, 0, 0, 0, 0, 0, 0, 0, 0, 0, 0, 0, 0, 0, 0, 0, 
0, 0, 0, 0, 0, 0, 0, 0.46111, 0.45278, 0.44831, 0.46616, 0.4595, 
0.43897, 0.47033, 0.45143, 0.45316, 0.45792, 0.46666, 0.45, 0.43278, 
0.45831, 0.45707, 0.4581, 0.44016, 0.46264, 0.45912, 0.46745, 
0.46258, 0.46699, 0.0546, 0.0612, 0.0584, 0.0655, 0.0649, 0.0677, 
0.069, 0.0706, 0.0728, 0.0765, 0.08, 65.3, 71.5, 78, 84.7, 90.9, 
96.7, 103.4, 108.8, 115.1, 122.4, 129.6, 1, 1, 1, 1, 1, 1, 1, 
1, 1, 1, 1, 1, 1, 1, 1, 1, 1, 1, 1, 1, 1, 1, 1, 1, 1, 1, 1, 1, 
1, 1, 1, 1, 1, 1, 1, 1, 1, 1, 1, 1, 1, 1, 1, 1, 3.674, 3.843, 
3.766, 4.067, 3.9, 3.823, 3.92, 3.984, 3.783, 3.616, 3.747), .Dim = c(11L, 
40L), .Dimnames = list(NULL, c("Sampling", "PSO.cost", "PSO.gamma", 
"PSO.data.balancing", "PSO.feature.selection", "PSO.valid.acc", 
"PSO.test.acc", "PSO.train.time", "PSO.n.support.vectors", "PSO.index", 
"PSO.n.solutions", "PSO.generations", "PSO.n.evaluations", "PSO.cpu.time", 
"RS.cost", "RS.gamma", "RS.data.balancing", "RS.feature.selection", 
"RS.valid.acc", "RS.test.acc", "RS.train.time", "RS.n.support.vectors", 
"RS.index", "RS.n.solutions", "RS.generations", "RS.n.evaluations", 
"RS.cpu.time", "DF.cost", "DF.gamma", "DF.data.balancing", "DF.feature.selection", 
"DF.valid.acc", "DF.test.acc", "DF.train.time", "DF.n.support.vectors", 
"DF.index", "DF.n.solutions", "DF.generations", "DF.n.evaluations", 
"DF.cpu.time")))
