full <-
structure(c(50, 55, 60, 65, 70, 75, 80, 85, 90, 95, 100, 13.29619, 
8.90469, 6.22446, 8.02924, 12.68198, 8.76745, 8.73729, 6.57584, 
6.93113, 8.60232, 7.15635, -7.09214, -7.27511, -4.54673, -7.08362, 
-6.08257, -4.95967, -6.18866, -4.72848, -6.3162, -8.00791, -5.32447, 
0, 0, 0, 0, 0, 0, 0, 0, 0, 0, 0, 0, 0, 0, 0, 0, 0, 0, 0, 0, 0, 
0, 0.675, 0.66016, 0.64263, 0.66182, 0.64915, 0.6239, 0.68535, 
0.67033, 0.69667, 0.67101, 0.68097, 0.59103, 0.57921, 0.60929, 
0.55545, 0.63006, 0.63699, 0.63004, 0.62775, 0.62095, 0.63845, 
0.63454, 0.052, 0.0523, 0.055, 0.0567, 0.0589, 0.0616, 0.0637, 
0.0666, 0.068, 0.0702, 0.0738, 62, 67.3, 74.8, 78.2, 83.1, 90.6, 
95.4, 101.9, 105.8, 105.7, 115.7, 45, 590, 117, 274, 514, 52, 
386, 1029, 664, 271, 750, 1521, 48, 689, 203, 15, 1285, 648, 
222, 221, 71, 330, 100, 100, 100, 100, 100, 100, 100, 100, 100, 
100, 100, 2500, 2500, 2500, 2500, 2500, 2500, 2500, 2500, 2500, 
2500, 2500, 8600.183, 8637.793, 8630.70299999999, 8786.275, 8784.76699999999, 
8990.685, 8895.60400000001, 9004.25900000001, 9023.82199999999, 
9124.022, 9152.30100000001, 12.23323, 9.84935, 6.04924, 14.29406, 
7.49041, 9.90453, 14.62272, 6.55603, 7.25857, 8.22101, 7.16048, 
-7.19635, -7.95038, -4.60191, -7.04328, -6.20113, -4.95735, -5.79905, 
-4.76445, -6.20699, -7.84009, -5.42369, 0, 0, 0, 0, 0, 0, 0, 
0, 0, 0, 0, 0, 0, 0, 0, 0, 0, 0, 0, 0, 0, 0, 0.675, 0.63794, 
0.64263, 0.65288, 0.6407, 0.6239, 0.67701, 0.66319, 0.68286, 
0.66387, 0.68097, 0.59103, 0.58921, 0.60929, 0.61197, 0.59328, 
0.63699, 0.60092, 0.62775, 0.61429, 0.62595, 0.63454, 0.0522, 
0.0535, 0.0544, 0.058, 0.0583, 0.0622, 0.0658, 0.0674, 0.0686, 
0.0696, 0.0753, 62, 65.9, 75.1, 77.8, 83.1, 90.6, 96, 101.9, 
105.6, 106.5, 115.5, 77, 754, 948, 39, 2105, 975, 40, 1198, 51, 
408, 194, 17, 2, 1, 10, 1, 5, 42, 1, 2, 1, 1, 100, 100, 100, 
100, 100, 100, 100, 100, 100, 100, 100, 2500, 2500, 2500, 2500, 
2500, 2500, 2500, 2500, 2500, 2500, 2500, 8597.278, 8618.87, 
8621.322, 8814.84099999999, 8833.329, 8821.629, 8959.228, 8948.84400000001, 
9179.31099999999, 9088.26300000001, 9299.20000000001, 1, 1, 1, 
1, 1, 1, 1, 1, 1, 1, 1, 0.01111, 0.01111, 0.01111, 0.01111, 0.01111, 
0.01111, 0.01111, 0.01111, 0.01111, 0.01111, 0.01111, 0, 0, 0, 
0, 0, 0, 0, 0, 0, 0, 0, 0, 0, 0, 0, 0, 0, 0, 0, 0, 0, 0, 0.43623, 
0.42175, 0.44828, 0.41348, 0.45284, 0.44281, 0.4174, 0.43896, 
0.4381, 0.43405, 0.45293, 0.42373, 0.42175, 0.38717, 0.41348, 
0.40261, 0.47753, 0.44844, 0.42139, 0.43143, 0.44119, 0.45251, 
0.0511, 0.0533, 0.0538, 0.061, 0.0602, 0.0635, 0.0655, 0.0665, 
0.0711, 0.0731, 0.0767, 65.6, 71.8, 78.2, 84.8, 91.2, 97.6, 104, 
110.4, 116.8, 123.2, 129.7, 1, 1, 1, 1, 1, 1, 1, 1, 1, 1, 1, 
1, 1, 1, 1, 1, 1, 1, 1, 1, 1, 1, 1, 1, 1, 1, 1, 1, 1, 1, 1, 1, 
1, 1, 1, 1, 1, 1, 1, 1, 1, 1, 1, 1, 3.428, 3.401, 3.4, 3.556, 
3.618, 3.53, 3.707, 3.565, 3.568, 3.555, 3.711), .Dim = c(11L, 
40L), .Dimnames = list(NULL, c("Sampling", "PSO.cost", "PSO.gamma", 
"PSO.data.balancing", "PSO.feature.selection", "PSO.valid.acc", 
"PSO.test.acc", "PSO.train.time", "PSO.n.support.vectors", "PSO.index", 
"PSO.n.solutions", "PSO.generations", "PSO.n.evaluations", "PSO.cpu.time", 
"RS.cost", "RS.gamma", "RS.data.balancing", "RS.feature.selection", 
"RS.valid.acc", "RS.test.acc", "RS.train.time", "RS.n.support.vectors", 
"RS.index", "RS.n.solutions", "RS.generations", "RS.n.evaluations", 
"RS.cpu.time", "DF.cost", "DF.gamma", "DF.data.balancing", "DF.feature.selection", 
"DF.valid.acc", "DF.test.acc", "DF.train.time", "DF.n.support.vectors", 
"DF.index", "DF.n.solutions", "DF.generations", "DF.n.evaluations", 
"DF.cpu.time")))
