full <-
structure(c(50, 55, 60, 65, 70, 75, 80, 85, 90, 95, 100, 7.6657, 
4.57439, 4.31817, 6.68144, 5.44534, 4.92869, 4.10718, 7.11071, 
5.82567, 5.71167, 7.53095, -8.47309, -4.62611, -4.75183, -6.39924, 
-5.48047, -4.42183, -4.42232, -5.24394, -5.21143, -5.51885, -5.59133, 
0, 0, 0, 0, 0, 0, 0, 0, 0, 0, 0, 0, 0, 0, 0, 0, 0, 0, 0, 0, 0, 
0, 0.60952, 0.61222, 0.64475, 0.65725, 0.63907, 0.61485, 0.67386, 
0.69059, 0.66429, 0.69123, 0.64641, 0.49583, 0.6025, 0.62364, 
0.57615, 0.62283, 0.58806, 0.58501, 0.65165, 0.61619, 0.67187, 
0.64535, 0.0533, 0.0579, 0.056, 0.0594, 0.0597, 0.0626, 0.0672, 
0.0676, 0.0809, 0.0832, 0.086, 61.3, 69.1, 74.5, 78.6, 84.2, 
91.3, 98.4, 100.2, 106.1, 112.8, 114.4, 12, 2111, 1166, 887, 
374, 632, 1739, 608, 371, 722, 1519, 218, 1, 43, 87, 401, 320, 
29, 215, 723, 334, 15, 100, 100, 100, 100, 100, 100, 100, 100, 
100, 100, 100, 2500, 2500, 2500, 2500, 2500, 2500, 2500, 2500, 
2500, 2500, 2500, 8738.4, 8855.423, 8930.278, 8990.447, 9041.982, 
9127.82699999999, 9109.567, 9518.067, 12277.415, 12312.452, 12235.591, 
11.74124, 4.34044, 4.69398, 6.45569, 6.45799, 9.54662, 5.0497, 
7.18161, 5.46106, 5.86744, 6.9601, -11.10165, -4.71613, -5.6827, 
-6.66916, -5.82402, -4.33995, -4.9943, -5.27922, -5.06028, -5.60029, 
-4.69805, 0, 0, 0, 0, 0, 0, 0, 0, 0, 0, 0, 0, 0, 0, 0, 0, 0, 
0, 0, 0, 0, 0, 0.62202, 0.61111, 0.63475, 0.64787, 0.63073, 0.60715, 
0.6572, 0.69059, 0.66429, 0.68456, 0.64568, 0.50873, 0.58, 0.61141, 
0.57678, 0.6601, 0.5952, 0.60882, 0.65879, 0.60952, 0.67187, 
0.66309, 0.0549, 0.0538, 0.0585, 0.0591, 0.0616, 0.0634, 0.0666, 
0.0789, 0.0786, 0.0824, 0.0864, 57.9, 69.6, 75.1, 79.1, 83.3, 
90.9, 97.2, 100, 106.4, 112.8, 116.7, 1533, 80, 169, 2161, 522, 
256, 59, 2453, 91, 2441, 154, 1, 1, 12, 1, 5, 14, 5, 1, 2, 1, 
6, 100, 100, 100, 100, 100, 100, 100, 100, 100, 100, 100, 2500, 
2500, 2500, 2500, 2500, 2500, 2500, 2500, 2500, 2500, 2500, 8769.878, 
8894.324, 8943.147, 9006.726, 9077.80500000001, 9111.81600000001, 
9111.425, 12258.646, 12362.724, 12268.451, 12159.841, 1, 1, 1, 
1, 1, 1, 1, 1, 1, 1, 1, 0.01111, 0.01111, 0.01111, 0.01111, 0.01111, 
0.01111, 0.01111, 0.01111, 0.01111, 0.01111, 0.01111, 0, 0, 0, 
0, 0, 0, 0, 0, 0, 0, 0, 0, 0, 0, 0, 0, 0, 0, 0, 0, 0, 0, 0.38333, 
0.40583, 0.4097, 0.41582, 0.40374, 0.41686, 0.43935, 0.45084, 
0.43143, 0.45494, 0.44878, 0.39762, 0.38444, 0.4097, 0.41673, 
0.40374, 0.40139, 0.44602, 0.45029, 0.44524, 0.44827, 0.46689, 
0.0557, 0.0555, 0.0571, 0.0599, 0.0609, 0.0648, 0.0654, 0.0802, 
0.0818, 0.0845, 0.0868, 65.6, 72, 78.2, 84.6, 91.1, 96.9, 103.2, 
109.2, 115.7, 122.5, 129.6, 1, 1, 1, 1, 1, 1, 1, 1, 1, 1, 1, 
1, 1, 1, 1, 1, 1, 1, 1, 1, 1, 1, 1, 1, 1, 1, 1, 1, 1, 1, 1, 1, 
1, 1, 1, 1, 1, 1, 1, 1, 1, 1, 1, 1, 3.582, 3.613, 3.548, 3.63, 
3.611, 3.655, 3.642, 4.822, 4.93, 4.959, 4.835), .Dim = c(11L, 
40L), .Dimnames = list(NULL, c("Sampling", "PSO.cost", "PSO.gamma", 
"PSO.data.balancing", "PSO.feature.selection", "PSO.valid.acc", 
"PSO.test.acc", "PSO.train.time", "PSO.n.support.vectors", "PSO.index", 
"PSO.n.solutions", "PSO.generations", "PSO.n.evaluations", "PSO.cpu.time", 
"RS.cost", "RS.gamma", "RS.data.balancing", "RS.feature.selection", 
"RS.valid.acc", "RS.test.acc", "RS.train.time", "RS.n.support.vectors", 
"RS.index", "RS.n.solutions", "RS.generations", "RS.n.evaluations", 
"RS.cpu.time", "DF.cost", "DF.gamma", "DF.data.balancing", "DF.feature.selection", 
"DF.valid.acc", "DF.test.acc", "DF.train.time", "DF.n.support.vectors", 
"DF.index", "DF.n.solutions", "DF.generations", "DF.n.evaluations", 
"DF.cpu.time")))
