full <-
structure(c(50, 55, 60, 65, 70, 75, 80, 85, 90, 95, 100, 3.27279, 
12.6736, 9.91242, 5.86958, 6.22655, 4.34017, 10.36398, 6.40415, 
12.52559, 6.67314, 5.96086, -3.80116, -2.20855, -5.39508, -5.78781, 
-5.52595, -4.66989, -4.06974, -5.40417, -3.61944, -6.40767, -5.10367, 
0, 0, 0, 0, 0, 0, 0, 0, 0, 0, 0, 0, 0, 0, 0, 0, 0, 0, 0, 0, 0, 
0, 0.64518, 0.65273, 0.62909, 0.64793, 0.69627, 0.67691, 0.65652, 
0.68762, 0.66476, 0.67711, 0.68941, 0.62399, 0.62593, 0.6102, 
0.56874, 0.66422, 0.61911, 0.63445, 0.64619, 0.65143, 0.62449, 
0.67613, 0.0526, 0.0542, 0.0632, 0.0571, 0.0601, 0.0635, 0.0657, 
0.0668, 0.0697, 0.0722, 0.0767, 60.8, 68.8, 73.5, 78.2, 82.9, 
91.7, 96.8, 101.1, 105.8, 110.8, 118.1, 2411, 117, 1243, 2070, 
405, 56, 161, 608, 122, 1456, 959, 1, 1019, 59, 6, 229, 300, 
1174, 253, 1181, 2, 45, 100, 100, 100, 100, 100, 100, 100, 100, 
100, 100, 100, 2500, 2500, 2500, 2500, 2500, 2500, 2500, 2500, 
2500, 2500, 2500, 8885.603, 9289.611, 11389.116, 9242.213, 8918.05399999999, 
8971.262, 9046.344, 9122.54000000001, 9182.99900000001, 9171.88400000002, 
9400.861, 3.18782, 13.22622, 12.17876, 4.78271, 6.2799, 9.33099, 
9.28911, 5.87616, 8.57677, 6.76042, 5.39611, -3.67372, -2.21417, 
-5.39421, -5.74567, -5.54732, -4.61753, -4.05855, -5.36025, -3.68314, 
-6.48691, -5.0533, 0, 0, 0, 0, 0, 0, 0, 0, 0, 0, 0, 0, 0, 0, 
0, 0, 0, 0, 0, 0, 0, 0, 0.64518, 0.65273, 0.62909, 0.63884, 0.69627, 
0.66262, 0.65652, 0.67993, 0.66476, 0.67711, 0.68353, 0.63649, 
0.62593, 0.6102, 0.54965, 0.66422, 0.65277, 0.63445, 0.64674, 
0.65143, 0.63074, 0.66988, 0.056, 0.0646, 0.0635, 0.0584, 0.0596, 
0.0634, 0.0661, 0.0671, 0.07, 0.0737, 0.0765, 60.7, 68.9, 73.5, 
79.3, 82.8, 90.4, 96.9, 102.2, 105.8, 110.6, 119, 1055, 161, 
360, 84, 1164, 72, 27, 396, 117, 1710, 1110, 1, 5, 3, 2, 1, 5, 
12, 3, 18, 1, 2, 100, 100, 100, 100, 100, 100, 100, 100, 100, 
100, 100, 2500, 2500, 2500, 2500, 2500, 2500, 2500, 2500, 2500, 
2500, 2500, 9004.168, 11499.547, 11479.96, 8873.878, 8948.216, 
9000.686, 9086.133, 9154.88099999999, 9167.94699999999, 9308.954, 
9377.62900000002, 1, 1, 1, 1, 1, 1, 1, 1, 1, 1, 1, 0.01111, 0.01111, 
0.01111, 0.01111, 0.01111, 0.01111, 0.01111, 0.01111, 0.01111, 
0.01111, 0.01111, 0, 0, 0, 0, 0, 0, 0, 0, 0, 0, 0, 0, 0, 0, 0, 
0, 0, 0, 0, 0, 0, 0, 0.49668, 0.48081, 0.44152, 0.44429, 0.46573, 
0.45081, 0.44646, 0.44934, 0.4519, 0.44143, 0.4426, 0.52029, 
0.46942, 0.45263, 0.45247, 0.47279, 0.44312, 0.46075, 0.4422, 
0.4519, 0.44143, 0.44885, 0.056, 0.0614, 0.064, 0.0594, 0.0609, 
0.0622, 0.0655, 0.0676, 0.0711, 0.075, 0.0782, 63.5, 71.3, 78.2, 
84.5, 89.7, 96.9, 103.4, 110.3, 116.4, 122.2, 129.7, 1, 1, 1, 
1, 1, 1, 1, 1, 1, 1, 1, 1, 1, 1, 1, 1, 1, 1, 1, 1, 1, 1, 1, 1, 
1, 1, 1, 1, 1, 1, 1, 1, 1, 1, 1, 1, 1, 1, 1, 1, 1, 1, 1, 1, 3.64, 
4.547, 4.713, 3.65, 3.572, 3.584, 3.642, 3.68, 3.662, 3.7, 3.763
), .Dim = c(11L, 40L), .Dimnames = list(NULL, c("Sampling", "PSO.cost", 
"PSO.gamma", "PSO.data.balancing", "PSO.feature.selection", "PSO.valid.acc", 
"PSO.test.acc", "PSO.train.time", "PSO.n.support.vectors", "PSO.index", 
"PSO.n.solutions", "PSO.generations", "PSO.n.evaluations", "PSO.cpu.time", 
"RS.cost", "RS.gamma", "RS.data.balancing", "RS.feature.selection", 
"RS.valid.acc", "RS.test.acc", "RS.train.time", "RS.n.support.vectors", 
"RS.index", "RS.n.solutions", "RS.generations", "RS.n.evaluations", 
"RS.cpu.time", "DF.cost", "DF.gamma", "DF.data.balancing", "DF.feature.selection", 
"DF.valid.acc", "DF.test.acc", "DF.train.time", "DF.n.support.vectors", 
"DF.index", "DF.n.solutions", "DF.generations", "DF.n.evaluations", 
"DF.cpu.time")))
