full <-
structure(c(50, 55, 60, 65, 70, 75, 80, 85, 90, 95, 100, 8.1392, 
8.47774, 9.19388, 11.3764, 7.35816, 7.01543, 14.63031, 6.54949, 
5.92963, 9.07177, 6.33963, -6.61943, -7.23458, -7.5583, -7.48283, 
-5.88923, -7.02719, -5.29079, -5.80138, -6.58511, -7.06036, -8.39993, 
0, 0, 0, 0, 0, 0, 0, 0, 0, 0, 0, 0, 0, 0, 0, 0, 0, 0, 0, 0, 0, 
0, 0.6494, 0.57187, 0.6401, 0.62636, 0.66435, 0.69108, 0.68709, 
0.64172, 0.65065, 0.66333, 0.65325, 0.57996, 0.56964, 0.55949, 
0.53273, 0.61029, 0.60111, 0.67821, 0.65256, 0.6292, 0.59792, 
0.59644, 0.055, 0.0575, 0.0605, 0.0597, 0.0626, 0.0693, 0.0707, 
0.0704, 0.0752, 0.0753, 0.078, 60.6, 65.9, 71.2, 76.8, 82, 86.7, 
93.2, 99.1, 106.2, 106.3, 116.5, 319, 772, 61, 239, 651, 372, 
213, 655, 34, 517, 1039, 182, 132, 341, 265, 129, 164, 1226, 
98, 95, 403, 115, 100, 100, 100, 100, 100, 100, 100, 100, 100, 
100, 100, 2500, 2500, 2500, 2500, 2500, 2500, 2500, 2500, 2500, 
2500, 2500, 9592.719, 9650.444, 9599.212, 9720.102, 10005.583, 
10415.516, 10059.063, 10044.504, 10568.353, 10453.343, 10452.651, 
9.31502, 9.15448, 9.19312, 12.88681, 7.27157, 6.84093, 9.38282, 
6.19199, 4.75716, 6.66272, 6.32222, -7.47518, -7.70419, -7.71791, 
-7.4948, -5.83449, -6.8629, -5.31706, -5.76327, -5.86185, -6.12292, 
-8.54636, 0, 0, 0, 0, 0, 0, 0, 0, 0, 0, 0, 0, 0, 0, 0, 0, 0, 
0, 0, 0, 0, 0, 0.63829, 0.56187, 0.6401, 0.62636, 0.65601, 0.68275, 
0.68709, 0.63505, 0.65023, 0.65042, 0.65255, 0.59246, 0.57964, 
0.55949, 0.53273, 0.61029, 0.60111, 0.67821, 0.63773, 0.64404, 
0.59833, 0.59644, 0.0534, 0.0569, 0.0578, 0.0604, 0.0663, 0.0675, 
0.0678, 0.0721, 0.0748, 0.0759, 0.0758, 59.6, 65.3, 71.2, 76.8, 
82.2, 86.7, 93.1, 99.1, 107.7, 109.6, 116.6, 260, 935, 760, 1427, 
530, 686, 210, 728, 1580, 2087, 2420, 3, 1, 4, 1, 4, 2, 7, 1, 
3, 1, 1, 100, 100, 100, 100, 100, 100, 100, 100, 100, 100, 100, 
2500, 2500, 2500, 2500, 2500, 2500, 2500, 2500, 2500, 2500, 2500, 
9579.419, 9611.353, 9638.274, 9927.966, 10251.486, 10389.581, 
10045.133, 10365.252, 10614.139, 10521.667, 10324.238, 1, 1, 
1, 1, 1, 1, 1, 1, 1, 1, 1, 0.01111, 0.01111, 0.01111, 0.01111, 
0.01111, 0.01111, 0.01111, 0.01111, 0.01111, 0.01111, 0.01111, 
0, 0, 0, 0, 0, 0, 0, 0, 0, 0, 0, 0, 0, 0, 0, 0, 0, 0, 0, 0, 0, 
0, 0.36825, 0.36496, 0.4196, 0.42182, 0.45578, 0.47681, 0.45907, 
0.44059, 0.46045, 0.44917, 0.45904, 0.36865, 0.35992, 0.3903, 
0.43273, 0.43051, 0.46002, 0.45907, 0.46875, 0.47337, 0.4625, 
0.45274, 0.0564, 0.0568, 0.0597, 0.0608, 0.0646, 0.0681, 0.0685, 
0.074, 0.0769, 0.078, 0.0813, 65.6, 72, 78.2, 84.4, 90.7, 96, 
103.5, 109.9, 116.7, 123.2, 129.9, 1, 1, 1, 1, 1, 1, 1, 1, 1, 
1, 1, 1, 1, 1, 1, 1, 1, 1, 1, 1, 1, 1, 1, 1, 1, 1, 1, 1, 1, 1, 
1, 1, 1, 1, 1, 1, 1, 1, 1, 1, 1, 1, 1, 1, 3.867, 3.867, 3.851, 
3.984, 3.966, 4.053, 3.975, 4.048, 4.221, 4.22, 4.134), .Dim = c(11L, 
40L), .Dimnames = list(NULL, c("Sampling", "PSO.cost", "PSO.gamma", 
"PSO.data.balancing", "PSO.feature.selection", "PSO.valid.acc", 
"PSO.test.acc", "PSO.train.time", "PSO.n.support.vectors", "PSO.index", 
"PSO.n.solutions", "PSO.generations", "PSO.n.evaluations", "PSO.cpu.time", 
"RS.cost", "RS.gamma", "RS.data.balancing", "RS.feature.selection", 
"RS.valid.acc", "RS.test.acc", "RS.train.time", "RS.n.support.vectors", 
"RS.index", "RS.n.solutions", "RS.generations", "RS.n.evaluations", 
"RS.cpu.time", "DF.cost", "DF.gamma", "DF.data.balancing", "DF.feature.selection", 
"DF.valid.acc", "DF.test.acc", "DF.train.time", "DF.n.support.vectors", 
"DF.index", "DF.n.solutions", "DF.generations", "DF.n.evaluations", 
"DF.cpu.time")))
