full <-
structure(c(50, 55, 60, 65, 70, 75, 80, 85, 90, 95, 100, 8.84274, 
6.99198, 4.9013, 7.25447, 6.70837, 5.727, 8.329, 5.79277, 6.82423, 
8.86278, 6.71401, -7.41076, -7.16471, -4.55951, -6.23317, -6.96703, 
-3.60861, -7.57099, -4.89677, -5.72153, -6.97732, -6.63681, 0, 
0, 0, 0, 0, 0, 0, 0, 0, 0, 0, 0, 0, 0, 0, 0, 0, 0, 0, 0, 0, 0, 
0.7421, 0.71028, 0.6901, 0.68455, 0.6901, 0.66793, 0.73317, 0.64341, 
0.70048, 0.67542, 0.69108, 0.65341, 0.69778, 0.69434, 0.64727, 
0.68086, 0.67693, 0.7087, 0.62896, 0.6653, 0.64208, 0.5988, 0.0557, 
0.0585, 0.0604, 0.0648, 0.0675, 0.0683, 0.0673, 0.0693, 0.0721, 
0.0745, 0.0817, 55.8, 62.3, 70.8, 72.8, 80.4, 89.6, 87.2, 96.3, 
101, 104.3, 115.2, 291, 2117, 365, 525, 422, 1714, 996, 304, 
1207, 676, 1544, 46, 1, 192, 124, 217, 22, 191, 566, 96, 867, 
155, 100, 100, 100, 100, 100, 100, 100, 100, 100, 100, 100, 2500, 
2500, 2500, 2500, 2500, 2500, 2500, 2500, 2500, 2500, 2500, 9445.439, 
9554.811, 9932.338, 10138.161, 10340.36, 10512.325, 10096.96, 
10302.506, 10132.133, 10271.706, 10547.037, 12.73151, 6.78655, 
6.41953, 7.37514, 6.50527, 13.02417, 10.87376, 7.12474, 8.21233, 
8.32479, 7.748, -7.85643, -7.03261, -7.05055, -6.3114, -6.66502, 
-3.95099, -7.08824, -4.9894, -6.35446, -6.95147, -6.64506, 0, 
0, 0, 0, 0, 0, 0, 0, 0, 0, 0, 0, 0, 0, 0, 0, 0, 0, 0, 0, 0, 0, 
0.73417, 0.69917, 0.68596, 0.68455, 0.68241, 0.65969, 0.725, 
0.64341, 0.70006, 0.66917, 0.68932, 0.67563, 0.68667, 0.69616, 
0.64727, 0.68086, 0.66015, 0.72242, 0.65808, 0.67196, 0.63583, 
0.61023, 0.056, 0.0597, 0.0592, 0.063, 0.067, 0.0694, 0.0677, 
0.0718, 0.0746, 0.0814, 0.0775, 55.4, 62.3, 67.3, 72.7, 80.1, 
89.4, 87.5, 95.5, 99.6, 105, 113.8, 1395, 2146, 1054, 2157, 1796, 
52, 159, 489, 946, 1979, 488, 4, 1, 1, 1, 1, 9, 10, 2, 2, 1, 
1, 100, 100, 100, 100, 100, 100, 100, 100, 100, 100, 100, 2500, 
2500, 2500, 2500, 2500, 2500, 2500, 2500, 2500, 2500, 2500, 9486.723, 
9679.304, 10044.733, 10147.205, 10540.961, 10413.812, 10177.284, 
10296.398, 10187.713, 10513.493, 10601.034, 1, 1, 1, 1, 1, 1, 
1, 1, 1, 1, 1, 0.01111, 0.01111, 0.01111, 0.01111, 0.01111, 0.01111, 
0.01111, 0.01111, 0.01111, 0.01111, 0.01111, 0, 0, 0, 0, 0, 0, 
0, 0, 0, 0, 0, 0, 0, 0, 0, 0, 0, 0, 0, 0, 0, 0, 0.54218, 0.49861, 
0.51293, 0.47, 0.47979, 0.46768, 0.46007, 0.47731, 0.4394, 0.44875, 
0.44601, 0.53901, 0.49861, 0.51404, 0.48, 0.49786, 0.45369, 0.48269, 
0.47786, 0.44607, 0.44167, 0.45745, 0.0592, 0.0605, 0.0623, 0.0675, 
0.0681, 0.0669, 0.0695, 0.072, 0.0748, 0.0775, 0.0865, 65.5, 
71.4, 77.9, 84.6, 90.8, 97.3, 103.6, 109.2, 116, 122.7, 129.8, 
1, 1, 1, 1, 1, 1, 1, 1, 1, 1, 1, 1, 1, 1, 1, 1, 1, 1, 1, 1, 1, 
1, 1, 1, 1, 1, 1, 1, 1, 1, 1, 1, 1, 1, 1, 1, 1, 1, 1, 1, 1, 1, 
1, 1, 3.917, 4.027, 4.11, 4.15, 4.222, 4.112, 4.026, 4.075, 4.248, 
4.265, 4.436), .Dim = c(11L, 40L), .Dimnames = list(NULL, c("Sampling", 
"PSO.cost", "PSO.gamma", "PSO.data.balancing", "PSO.feature.selection", 
"PSO.valid.acc", "PSO.test.acc", "PSO.train.time", "PSO.n.support.vectors", 
"PSO.index", "PSO.n.solutions", "PSO.generations", "PSO.n.evaluations", 
"PSO.cpu.time", "RS.cost", "RS.gamma", "RS.data.balancing", "RS.feature.selection", 
"RS.valid.acc", "RS.test.acc", "RS.train.time", "RS.n.support.vectors", 
"RS.index", "RS.n.solutions", "RS.generations", "RS.n.evaluations", 
"RS.cpu.time", "DF.cost", "DF.gamma", "DF.data.balancing", "DF.feature.selection", 
"DF.valid.acc", "DF.test.acc", "DF.train.time", "DF.n.support.vectors", 
"DF.index", "DF.n.solutions", "DF.generations", "DF.n.evaluations", 
"DF.cpu.time")))
