full <-
structure(c(50, 55, 60, 65, 70, 75, 80, 85, 90, 95, 100, 14.44974, 
10.28651, 4.69248, 6.19479, 10.46627, 1.77802, 10.35182, 7.31908, 
7.62343, 6.24784, 10.95344, -4.41878, -5.18887, -4.58114, -6.62934, 
-4.03736, -5.23542, -7.22289, -4.13184, -3.91584, -5.73976, -5.78263, 
0, 0, 0, 0, 0, 0, 0, 0, 0, 0, 0, 0, 0, 0, 0, 0, 0, 0, 0, 0, 0, 
0, 0.70615, 0.63786, 0.67737, 0.6153, 0.63763, 0.58712, 0.66008, 
0.67362, 0.65, 0.68096, 0.6603, 0.66254, 0.63187, 0.5898, 0.57874, 
0.63409, 0.55443, 0.61832, 0.65769, 0.62905, 0.64846, 0.6452, 
0.0561, 0.0595, 0.0636, 0.0692, 0.0705, 0.0721, 0.0751, 0.0778, 
0.0777, 0.0763, 0.0849, 60, 66.7, 72.7, 77.4, 83.3, 95, 91.7, 
99.1, 106, 109.4, 115.1, 93, 51, 825, 192, 74, 1907, 328, 29, 
201, 753, 99, 1275, 1443, 388, 392, 1048, 8, 699, 890, 1127, 
167, 1418, 100, 100, 100, 100, 100, 100, 100, 100, 100, 100, 
100, 2500, 2500, 2500, 2500, 2500, 2500, 2500, 2500, 2500, 2500, 
2500, 8468.296, 8751.528, 11511.297, 11692.11, 11626.59, 11654.383, 
11672.743, 11680.392, 9109.66199999998, 9191.10800000001, 9266.25899999999, 
9.6655, 7.30848, 5.43279, 6.39919, 8.19894, 1.71084, 13.23224, 
8.96755, 6.23655, 5.74041, 7.86699, -4.3708, -5.17271, -4.57225, 
-6.80412, -4.03893, -5.10041, -7.24417, -5.46069, -3.90749, -5.88897, 
-7.31418, 0, 0, 0, 0, 0, 0, 0, 0, 0, 0, 0, 0, 0, 0, 0, 0, 0, 
0, 0, 0, 0, 0, 0.70615, 0.63786, 0.65717, 0.6153, 0.63763, 0.58712, 
0.66008, 0.67362, 0.65, 0.66804, 0.66128, 0.67365, 0.63187, 0.5998, 
0.56965, 0.63409, 0.56212, 0.61832, 0.6392, 0.62905, 0.66924, 
0.61375, 0.0545, 0.0599, 0.0656, 0.0682, 0.0698, 0.0716, 0.0743, 
0.0762, 0.0737, 0.0811, 0.0822, 60.1, 66.7, 71.8, 77.3, 83.3, 
94.9, 91.7, 97.1, 106, 110.1, 113.4, 25, 1, 1000, 726, 32, 1431, 
2479, 41, 409, 1610, 967, 13, 22, 1, 2, 35, 1, 1, 48, 5, 1, 1, 
100, 100, 100, 100, 100, 100, 100, 100, 100, 100, 100, 2500, 
2500, 2500, 2500, 2500, 2500, 2500, 2500, 2500, 2500, 2500, 8479.535, 
9467.214, 11609.232, 11656.831, 11596.405, 11663.275, 11667.324, 
10335.842, 9155.008, 9241.43700000001, 9357.40900000001, 1, 1, 
1, 1, 1, 1, 1, 1, 1, 1, 1, 0.01111, 0.01111, 0.01111, 0.01111, 
0.01111, 0.01111, 0.01111, 0.01111, 0.01111, 0.01111, 0.01111, 
0, 0, 0, 0, 0, 0, 0, 0, 0, 0, 0, 0, 0, 0, 0, 0, 0, 0, 0, 0, 0, 
0, 0.45302, 0.44687, 0.47172, 0.45369, 0.43283, 0.41585, 0.42573, 
0.43694, 0.43905, 0.42945, 0.45501, 0.48841, 0.43258, 0.48081, 
0.4446, 0.42374, 0.40047, 0.44002, 0.44097, 0.44571, 0.44326, 
0.44876, 0.0537, 0.0643, 0.065, 0.0674, 0.0695, 0.0722, 0.0736, 
0.0714, 0.0744, 0.0839, 0.085, 63.5, 70.2, 76.4, 83.7, 90.3, 
97.4, 103.3, 109.9, 116.3, 122.9, 129.8, 1, 1, 1, 1, 1, 1, 1, 
1, 1, 1, 1, 1, 1, 1, 1, 1, 1, 1, 1, 1, 1, 1, 1, 1, 1, 1, 1, 1, 
1, 1, 1, 1, 1, 1, 1, 1, 1, 1, 1, 1, 1, 1, 1, 1, 3.311, 4.714, 
4.648, 4.666, 4.635, 4.673, 4.703, 3.616, 3.622, 3.706, 3.7), .Dim = c(11L, 
40L), .Dimnames = list(NULL, c("Sampling", "PSO.cost", "PSO.gamma", 
"PSO.data.balancing", "PSO.feature.selection", "PSO.valid.acc", 
"PSO.test.acc", "PSO.train.time", "PSO.n.support.vectors", "PSO.index", 
"PSO.n.solutions", "PSO.generations", "PSO.n.evaluations", "PSO.cpu.time", 
"RS.cost", "RS.gamma", "RS.data.balancing", "RS.feature.selection", 
"RS.valid.acc", "RS.test.acc", "RS.train.time", "RS.n.support.vectors", 
"RS.index", "RS.n.solutions", "RS.generations", "RS.n.evaluations", 
"RS.cpu.time", "DF.cost", "DF.gamma", "DF.data.balancing", "DF.feature.selection", 
"DF.valid.acc", "DF.test.acc", "DF.train.time", "DF.n.support.vectors", 
"DF.index", "DF.n.solutions", "DF.generations", "DF.n.evaluations", 
"DF.cpu.time")))
