full <-
structure(c(50, 55, 60, 65, 70, 75, 80, 85, 90, 95, 100, 4.5984, 
2.61024, 1.6694, 4.2757, 2.49537, 8.87723, 7.86684, 10.76842, 
5.04809, 6.57664, 9.12946, -4.19582, -5.18891, -4.61022, -5.27148, 
-5.26971, -5.74932, -7.37127, -5.60792, -5.30239, -4.62562, -5.54961, 
0, 0, 0, 0, 0, 0, 0, 0, 0, 0, 0, 0, 0, 0, 0, 0, 0, 0, 0, 0, 0, 
0, 0.66329, 0.63417, 0.65482, 0.66068, 0.65456, 0.63526, 0.67359, 
0.64245, 0.67018, 0.68185, 0.68196, 0.62083, 0.65417, 0.63232, 
0.60864, 0.56705, 0.61795, 0.63782, 0.63784, 0.6131, 0.67476, 
0.66836, 0.0547, 0.0556, 0.0575, 0.0608, 0.063, 0.0633, 0.0671, 
0.0707, 0.0712, 0.0741, 0.0756, 61.4, 69.4, 76.6, 79, 89.1, 88.4, 
93, 99.6, 107.7, 110.4, 113.9, 314, 108, 515, 412, 2427, 77, 
277, 10, 132, 941, 37, 586, 476, 518, 305, 1, 1295, 272, 1330, 
539, 148, 1229, 100, 100, 100, 100, 100, 100, 100, 100, 100, 
100, 100, 2500, 2500, 2500, 2500, 2500, 2500, 2500, 2500, 2500, 
2500, 2500, 9234.953, 9240.11, 9417.086, 9423.689, 9355.121, 
9337.57399999999, 9401.931, 9506.232, 9548.144, 9495.791, 9380.44899999999, 
11.52906, 2.75501, 1.61464, 4.08305, 7.55919, 14.79809, 6.87482, 
11.91714, 4.9563, 3.62156, 10.61715, -4.20007, -5.49577, -4.60743, 
-4.98936, -5.29192, -5.71098, -6.71574, -5.63287, -5.40195, -3.45604, 
-5.53258, 0, 0, 0, 0, 0, 0, 0, 0, 0, 0, 0, 0, 0, 0, 0, 0, 0, 
0, 0, 0, 0, 0, 0.66329, 0.63417, 0.65482, 0.65159, 0.65288, 0.63526, 
0.66756, 0.64245, 0.66304, 0.67565, 0.68196, 0.62083, 0.63306, 
0.63232, 0.60864, 0.62572, 0.61795, 0.62449, 0.63784, 0.60643, 
0.6556, 0.66211, 0.0538, 0.0539, 0.0596, 0.0609, 0.0608, 0.0659, 
0.0657, 0.0714, 0.0714, 0.0751, 0.0773, 61.4, 68.9, 76.6, 79.4, 
80.8, 88.5, 93.7, 99.6, 107.5, 114.6, 113.9, 1441, 1614, 1849, 
361, 1861, 142, 1943, 233, 1058, 1070, 1107, 2, 1, 1, 3, 2, 30, 
1, 27, 1, 1, 5, 100, 100, 100, 100, 100, 100, 100, 100, 100, 
100, 100, 2500, 2500, 2500, 2500, 2500, 2500, 2500, 2500, 2500, 
2500, 2500, 9210.93, 9262.99, 9494.856, 9431.044, 9262.249, 9371.98599999999, 
9445.39, 9535.94699999999, 9558.19400000002, 9450.359, 9522.177, 
1, 1, 1, 1, 1, 1, 1, 1, 1, 1, 1, 0.01111, 0.01111, 0.01111, 0.01111, 
0.01111, 0.01111, 0.01111, 0.01111, 0.01111, 0.01111, 0.01111, 
0, 0, 0, 0, 0, 0, 0, 0, 0, 0, 0, 0, 0, 0, 0, 0, 0, 0, 0, 0, 0, 
0, 0.45119, 0.43806, 0.40899, 0.42295, 0.43117, 0.40688, 0.41462, 
0.45282, 0.45274, 0.46839, 0.4477, 0.44643, 0.44417, 0.42149, 
0.42636, 0.43283, 0.38316, 0.40756, 0.48154, 0.45363, 0.47464, 
0.4477, 0.053, 0.054, 0.0591, 0.0593, 0.0622, 0.0648, 0.0676, 
0.0694, 0.0752, 0.0771, 0.0805, 65, 71.9, 78.1, 84.7, 91.2, 97.6, 
104, 110.3, 116.8, 123.1, 129.6, 1, 1, 1, 1, 1, 1, 1, 1, 1, 1, 
1, 1, 1, 1, 1, 1, 1, 1, 1, 1, 1, 1, 1, 1, 1, 1, 1, 1, 1, 1, 1, 
1, 1, 1, 1, 1, 1, 1, 1, 1, 1, 1, 1, 1, 3.649, 3.649, 3.807, 3.752, 
3.753, 3.763, 3.779, 3.846, 3.866, 3.717, 3.886), .Dim = c(11L, 
40L), .Dimnames = list(NULL, c("Sampling", "PSO.cost", "PSO.gamma", 
"PSO.data.balancing", "PSO.feature.selection", "PSO.valid.acc", 
"PSO.test.acc", "PSO.train.time", "PSO.n.support.vectors", "PSO.index", 
"PSO.n.solutions", "PSO.generations", "PSO.n.evaluations", "PSO.cpu.time", 
"RS.cost", "RS.gamma", "RS.data.balancing", "RS.feature.selection", 
"RS.valid.acc", "RS.test.acc", "RS.train.time", "RS.n.support.vectors", 
"RS.index", "RS.n.solutions", "RS.generations", "RS.n.evaluations", 
"RS.cpu.time", "DF.cost", "DF.gamma", "DF.data.balancing", "DF.feature.selection", 
"DF.valid.acc", "DF.test.acc", "DF.train.time", "DF.n.support.vectors", 
"DF.index", "DF.n.solutions", "DF.generations", "DF.n.evaluations", 
"DF.cpu.time")))
