full <-
structure(c(50, 55, 60, 65, 70, 75, 80, 85, 90, 95, 100, 7.48766, 
8.42154, 2.6669, 7.45018, 8.66716, 5.76757, 8.37928, 11.74415, 
14.36615, 3.71725, 7.28007, -7.18809, -7.60178, -2.47457, -7.29597, 
-9.02164, -5.21463, -7.00922, -7.13025, -6.86584, -3.5344, -5.35112, 
0, 0, 0, 0, 0, 0, 0, 0, 0, 0, 0, 0, 0, 0, 0, 0, 0, 0, 0, 0, 0, 
0, 0.61131, 0.63194, 0.60551, 0.63904, 0.62972, 0.63124, 0.63984, 
0.63513, 0.6585, 0.68915, 0.68515, 0.57282, 0.59972, 0.54712, 
0.58141, 0.5226, 0.59248, 0.61658, 0.65106, 0.62986, 0.64945, 
0.63911, 0.0561, 0.0604, 0.06, 0.082, 0.0827, 0.0839, 0.0714, 
0.0799, 0.0884, 0.0961, 0.0983, 61.1, 65.6, 75, 76.7, 77.1, 89.5, 
91.9, 96.1, 101.2, 114.4, 115.1, 208, 1096, 797, 1012, 719, 383, 
711, 257, 121, 1349, 646, 602, 126, 220, 43, 209, 269, 95, 858, 
1243, 148, 389, 100, 100, 100, 100, 100, 100, 100, 100, 100, 
100, 100, 2500, 2500, 2500, 2500, 2500, 2500, 2500, 2500, 2500, 
2500, 2500, 13191.632, 10014.511, 9948.645, 17084.842, 17262.675, 
17145.219, 12101.967, 15610.505, 16670.751, 17217.237, 16989.664, 
7.78652, 8.51655, 2.93952, 5.96535, 8.77493, 5.71663, 9.66456, 
10.00463, 13.79541, 5.55115, 13.45323, -7.43006, -7.65509, -2.47877, 
-5.2589, -9.03259, -5.19544, -5.25292, -7.11517, -7.08697, -4.8521, 
-5.28288, 0, 0, 0, 0, 0, 0, 0, 0, 0, 0, 0, 0, 0, 0, 0, 0, 0, 
0, 0, 0, 0, 0, 0.58591, 0.62194, 0.59641, 0.64202, 0.61972, 0.63124, 
0.63929, 0.63513, 0.6585, 0.6745, 0.6789, 0.57282, 0.59972, 0.54712, 
0.57308, 0.5326, 0.59248, 0.61612, 0.65106, 0.62986, 0.65355, 
0.64499, 0.0828, 0.0595, 0.0762, 0.0847, 0.0785, 0.0881, 0.0826, 
0.0855, 0.0946, 0.0983, 0.105, 61, 65.4, 74.8, 76.9, 77.1, 89.5, 
94.8, 96.1, 100.9, 112, 115.1, 795, 1434, 865, 463, 2327, 218, 
225, 621, 70, 1429, 1063, 1, 1, 2, 1, 1, 1, 10, 1, 11, 1, 5, 
100, 100, 100, 100, 100, 100, 100, 100, 100, 100, 100, 2500, 
2500, 2500, 2500, 2500, 2500, 2500, 2500, 2500, 2500, 2500, 17156.808, 
9864.998, 15156.67, 17484.616, 17293.541, 16857.382, 15517.799, 
15759.509, 16951.507, 17065.926, 17228.279, 1, 1, 1, 1, 1, 1, 
1, 1, 1, 1, 1, 0.01111, 0.01111, 0.01111, 0.01111, 0.01111, 0.01111, 
0.01111, 0.01111, 0.01111, 0.01111, 0.01111, 0, 0, 0, 0, 0, 0, 
0, 0, 0, 0, 0, 0, 0, 0, 0, 0, 0, 0, 0, 0, 0, 0, 0.42897, 0.41528, 
0.4172, 0.42359, 0.39358, 0.42483, 0.43123, 0.44051, 0.46603, 
0.44019, 0.44623, 0.40397, 0.40278, 0.40747, 0.41465, 0.41176, 
0.44417, 0.43956, 0.44718, 0.46603, 0.42801, 0.45248, 0.0756, 
0.0575, 0.0805, 0.0855, 0.0841, 0.0851, 0.0796, 0.0853, 0.0943, 
0.0948, 0.1037, 65.6, 72, 78.4, 84.8, 91.2, 97.6, 103.9, 109.7, 
115.8, 122.6, 129.8, 1, 1, 1, 1, 1, 1, 1, 1, 1, 1, 1, 1, 1, 1, 
1, 1, 1, 1, 1, 1, 1, 1, 1, 1, 1, 1, 1, 1, 1, 1, 1, 1, 1, 1, 1, 
1, 1, 1, 1, 1, 1, 1, 1, 1, 6.816, 3.945, 7.103, 7.604, 6.825, 
6.753, 6.079, 6.553, 6.81, 6.557, 7.131), .Dim = c(11L, 40L), .Dimnames = list(
    NULL, c("Sampling", "PSO.cost", "PSO.gamma", "PSO.data.balancing", 
    "PSO.feature.selection", "PSO.valid.acc", "PSO.test.acc", 
    "PSO.train.time", "PSO.n.support.vectors", "PSO.index", "PSO.n.solutions", 
    "PSO.generations", "PSO.n.evaluations", "PSO.cpu.time", "RS.cost", 
    "RS.gamma", "RS.data.balancing", "RS.feature.selection", 
    "RS.valid.acc", "RS.test.acc", "RS.train.time", "RS.n.support.vectors", 
    "RS.index", "RS.n.solutions", "RS.generations", "RS.n.evaluations", 
    "RS.cpu.time", "DF.cost", "DF.gamma", "DF.data.balancing", 
    "DF.feature.selection", "DF.valid.acc", "DF.test.acc", "DF.train.time", 
    "DF.n.support.vectors", "DF.index", "DF.n.solutions", "DF.generations", 
    "DF.n.evaluations", "DF.cpu.time")))
