full <-
structure(c(50, 55, 60, 65, 70, 75, 80, 85, 90, 95, 100, 6.09735, 
12.18158, 5.63296, 6.11125, 7.23076, 6.22957, 6.23445, 10.81948, 
5.19754, 9.94988, 8.04429, -6.83455, -8.30966, -5.55908, -6.7238, 
-6.0632, -5.57507, -5.37086, -5.82247, -4.59627, -8.12091, -3.38795, 
0, 0, 0, 0, 0, 0, 0, 0, 0, 0, 0, 0, 0, 0, 0, 0, 0, 0, 0, 0, 0, 
0, 0.64643, 0.6524, 0.66455, 0.69227, 0.70379, 0.69441, 0.67192, 
0.67482, 0.64928, 0.68155, 0.68185, 0.59782, 0.64192, 0.63212, 
0.59753, 0.58788, 0.66364, 0.67327, 0.6522, 0.62338, 0.66138, 
0.65128, 0.0567, 0.061, 0.0631, 0.0625, 0.0624, 0.0667, 0.0693, 
0.0745, 0.0779, 0.0776, 0.0791, 61.1, 64.9, 75.2, 77, 82, 88.1, 
94, 97.4, 107.3, 103, 118.7, 360, 86, 584, 490, 865, 919, 158, 
296, 637, 179, 630, 185, 1262, 31, 636, 100, 4, 326, 663, 267, 
720, 660, 100, 100, 100, 100, 100, 100, 100, 100, 100, 100, 100, 
2500, 2500, 2500, 2500, 2500, 2500, 2500, 2500, 2500, 2500, 2500, 
9397.147, 9661.681, 9688.026, 9569.999, 9417.72099999999, 9666.99800000001, 
9976.22600000001, 9768.856, 9858.70999999999, 9521.64600000001, 
9698.712, 6.28531, 13.29595, 5.83739, 6.59168, 14.87286, 6.25757, 
6.33225, 9.80166, 6.57269, 7.58511, 7.21462, -7.01891, -8.28906, 
-5.60189, -7.06073, -6.17329, -5.58989, -5.33549, -6.22667, -4.59619, 
-6.16244, -3.38545, 0, 0, 0, 0, 0, 0, 0, 0, 0, 0, 0, 0, 0, 0, 
0, 0, 0, 0, 0, 0, 0, 0, 0.64643, 0.6524, 0.66364, 0.68318, 0.70303, 
0.69441, 0.66423, 0.67427, 0.64303, 0.6816, 0.68185, 0.59782, 
0.6308, 0.63212, 0.60662, 0.59621, 0.66364, 0.67327, 0.6372, 
0.63005, 0.66191, 0.65128, 0.0571, 0.0605, 0.0607, 0.0599, 0.0621, 
0.0658, 0.0739, 0.0699, 0.075, 0.0741, 0.0804, 60.9, 64.9, 74.6, 
76.8, 81.5, 88.1, 93.8, 96.5, 106, 109.1, 118.7, 2173, 1428, 
1752, 167, 23, 1876, 51, 25, 1, 541, 163, 1, 1, 1, 1, 18, 1, 
3, 3, 6, 1, 4, 100, 100, 100, 100, 100, 100, 100, 100, 100, 100, 
100, 2500, 2500, 2500, 2500, 2500, 2500, 2500, 2500, 2500, 2500, 
2500, 9452.735, 9682.475, 9727.852, 9464.14600000001, 9355.01299999999, 
9774.78599999999, 9983.13499999999, 9888.155, 9782.62100000001, 
9622.766, 9653.32299999997, 1, 1, 1, 1, 1, 1, 1, 1, 1, 1, 1, 
0.01111, 0.01111, 0.01111, 0.01111, 0.01111, 0.01111, 0.01111, 
0.01111, 0.01111, 0.01111, 0.01111, 0, 0, 0, 0, 0, 0, 0, 0, 0, 
0, 0, 0, 0, 0, 0, 0, 0, 0, 0, 0, 0, 0, 0.44008, 0.42897, 0.45263, 
0.45338, 0.45758, 0.43916, 0.39847, 0.43604, 0.43019, 0.43475, 
0.43972, 0.42758, 0.44575, 0.44354, 0.45338, 0.41288, 0.43007, 
0.4145, 0.4289, 0.42352, 0.43475, 0.44606, 0.0583, 0.0619, 0.0624, 
0.0605, 0.0633, 0.0689, 0.0738, 0.0748, 0.077, 0.0764, 0.0798, 
64.8, 71.4, 78.3, 84.5, 90.9, 96.6, 103.5, 109.7, 116, 121.6, 
129.7, 1, 1, 1, 1, 1, 1, 1, 1, 1, 1, 1, 1, 1, 1, 1, 1, 1, 1, 
1, 1, 1, 1, 1, 1, 1, 1, 1, 1, 1, 1, 1, 1, 1, 1, 1, 1, 1, 1, 1, 
1, 1, 1, 1, 1, 3.817, 4.046, 3.912, 3.698, 3.799, 3.946, 4.212, 
3.824, 3.933, 3.805, 3.815), .Dim = c(11L, 40L), .Dimnames = list(
    NULL, c("Sampling", "PSO.cost", "PSO.gamma", "PSO.data.balancing", 
    "PSO.feature.selection", "PSO.valid.acc", "PSO.test.acc", 
    "PSO.train.time", "PSO.n.support.vectors", "PSO.index", "PSO.n.solutions", 
    "PSO.generations", "PSO.n.evaluations", "PSO.cpu.time", "RS.cost", 
    "RS.gamma", "RS.data.balancing", "RS.feature.selection", 
    "RS.valid.acc", "RS.test.acc", "RS.train.time", "RS.n.support.vectors", 
    "RS.index", "RS.n.solutions", "RS.generations", "RS.n.evaluations", 
    "RS.cpu.time", "DF.cost", "DF.gamma", "DF.data.balancing", 
    "DF.feature.selection", "DF.valid.acc", "DF.test.acc", "DF.train.time", 
    "DF.n.support.vectors", "DF.index", "DF.n.solutions", "DF.generations", 
    "DF.n.evaluations", "DF.cpu.time")))
