full <-
structure(c(50, 55, 60, 65, 70, 75, 80, 85, 90, 95, 100, 10.76948, 
6.00601, 5.32373, 7.79804, 8.21668, 8.89237, 4.08484, 4.54121, 
6.62924, 7.4866, 11.83028, -4.56541, -5.18021, -5.16439, -3.0927, 
-4.83328, -6.92396, -3.46865, -3.50047, -6.21663, -7.39754, -6.4584, 
0, 0, 0, 0, 0, 0, 0, 0, 0, 0, 0, 0, 0, 0, 0, 0, 0, 0, 0, 0, 0, 
0, 0.6377, 0.62667, 0.60146, 0.65152, 0.62439, 0.62984, 0.64634, 
0.65905, 0.68746, 0.70088, 0.66858, 0.6002, 0.60306, 0.59098, 
0.59389, 0.63955, 0.60396, 0.62335, 0.65952, 0.63936, 0.66202, 
0.63691, 0.0583, 0.0588, 0.0592, 0.0639, 0.0661, 0.0699, 0.0711, 
0.0732, 0.0718, 0.0815, 0.0814, 62.3, 68.2, 72.8, 78.8, 84.3, 
88.7, 98.6, 103.1, 106.1, 108.8, 112.3, 71, 85, 341, 425, 37, 
237, 336, 776, 278, 1676, 94, 1140, 375, 118, 771, 1006, 649, 
106, 70, 285, 7, 1203, 100, 100, 100, 100, 100, 100, 100, 100, 
100, 100, 100, 2500, 2500, 2500, 2500, 2500, 2500, 2500, 2500, 
2500, 2500, 2500, 9815.039, 9817.413, 9626.665, 9749.23899999999, 
10138.753, 10299.388, 10160.515, 10417.978, 10439.27, 10448.059, 
10204.948, 10.9875, 5.86023, 5.11902, 12.0392, 12.99169, 9.28998, 
3.91782, 4.3039, 7.8987, 8.1375, 11.05338, -4.57343, -5.16129, 
-5.10846, -3.09211, -4.77293, -6.91243, -3.16175, -3.23411, -6.42578, 
-7.26445, -6.45298, 0, 0, 0, 0, 0, 0, 0, 0, 0, 0, 0, 0, 0, 0, 
0, 0, 0, 0, 0, 0, 0, 0, 0.6377, 0.62667, 0.60146, 0.65152, 0.62439, 
0.62984, 0.64762, 0.65786, 0.68704, 0.67992, 0.66858, 0.6002, 
0.60306, 0.60098, 0.59389, 0.63955, 0.60396, 0.63104, 0.63071, 
0.64514, 0.66832, 0.63691, 0.0564, 0.0572, 0.0596, 0.0621, 0.0658, 
0.0678, 0.0758, 0.0752, 0.079, 0.0784, 0.0845, 62.3, 68.3, 72.9, 
78.8, 84.4, 88.6, 98.4, 103.1, 105.6, 107.6, 112.3, 113, 409, 
76, 984, 163, 1859, 620, 2097, 882, 1404, 376, 4, 3, 5, 3, 13, 
1, 1, 1, 1, 1, 8, 100, 100, 100, 100, 100, 100, 100, 100, 100, 
100, 100, 2500, 2500, 2500, 2500, 2500, 2500, 2500, 2500, 2500, 
2500, 2500, 9907.336, 9732.198, 9573.276, 9904.85000000001, 10064.912, 
9934.067, 10330.159, 10110.215, 10509.439, 9894.38399999999, 
10495.404, 1, 1, 1, 1, 1, 1, 1, 1, 1, 1, 1, 0.01111, 0.01111, 
0.01111, 0.01111, 0.01111, 0.01111, 0.01111, 0.01111, 0.01111, 
0.01111, 0.01111, 0, 0, 0, 0, 0, 0, 0, 0, 0, 0, 0, 0, 0, 0, 0, 
0, 0, 0, 0, 0, 0, 0, 0.43048, 0.40083, 0.39497, 0.38424, 0.39439, 
0.43438, 0.41639, 0.43429, 0.45787, 0.45576, 0.45551, 0.41976, 
0.42056, 0.40407, 0.39424, 0.41182, 0.42529, 0.43297, 0.44857, 
0.4312, 0.46873, 0.44926, 0.0562, 0.058, 0.0611, 0.0654, 0.0669, 
0.0688, 0.074, 0.0745, 0.0788, 0.0786, 0.0881, 65.6, 72, 78.1, 
84.6, 91, 97.5, 103.9, 109.8, 116, 122.5, 129.5, 1, 1, 1, 1, 
1, 1, 1, 1, 1, 1, 1, 1, 1, 1, 1, 1, 1, 1, 1, 1, 1, 1, 1, 1, 1, 
1, 1, 1, 1, 1, 1, 1, 1, 1, 1, 1, 1, 1, 1, 1, 1, 1, 1, 1, 3.938, 
3.912, 3.928, 3.997, 4.146, 3.944, 4.062, 4.072, 4.263, 3.856, 
4.301), .Dim = c(11L, 40L), .Dimnames = list(NULL, c("Sampling", 
"PSO.cost", "PSO.gamma", "PSO.data.balancing", "PSO.feature.selection", 
"PSO.valid.acc", "PSO.test.acc", "PSO.train.time", "PSO.n.support.vectors", 
"PSO.index", "PSO.n.solutions", "PSO.generations", "PSO.n.evaluations", 
"PSO.cpu.time", "RS.cost", "RS.gamma", "RS.data.balancing", "RS.feature.selection", 
"RS.valid.acc", "RS.test.acc", "RS.train.time", "RS.n.support.vectors", 
"RS.index", "RS.n.solutions", "RS.generations", "RS.n.evaluations", 
"RS.cpu.time", "DF.cost", "DF.gamma", "DF.data.balancing", "DF.feature.selection", 
"DF.valid.acc", "DF.test.acc", "DF.train.time", "DF.n.support.vectors", 
"DF.index", "DF.n.solutions", "DF.generations", "DF.n.evaluations", 
"DF.cpu.time")))
