full <-
structure(c(50, 55, 60, 65, 70, 75, 80, 85, 90, 95, 100, 9.13248, 
7.49685, 9.65776, 13.37007, 7.81746, 2.51779, 1.59884, 4.62262, 
3.38104, 4.79654, 4.4473, -4.9782, -4.68807, -5.65128, -8.08091, 
-4.40911, -1.20063, -0.75019, -2.30091, -1.79753, -2.24953, -3.01726, 
0, 0, 0, 0, 0, 0, 0, 0, 0, 0, 0, 0, 0, 0, 0, 0, 0, 0, 0, 0, 0, 
0, 0.51888, 0.51559, 0.52357, 0.49593, 0.50092, 0.5455, 0.55723, 
0.57539, 0.55012, 0.57099, 0.55414, 0.47786, 0.4804, 0.49364, 
0.48248, 0.48938, 0.53325, 0.53568, 0.58366, 0.55747, 0.5448, 
0.53428, 0.1489, 0.1633, 0.2051, 0.3619, 0.2265, 0.2578, 0.2937, 
0.28, 0.304, 0.3168, 0.334, 285.5, 318.9, 340.1, 371, 395.1, 
433.7, 469, 476.2, 506.5, 528.2, 559.5, 2197, 1706, 1631, 1882, 
792, 2323, 1425, 2094, 2108, 1468, 1496, 4, 18, 21, 2, 44, 1, 
94, 4, 1, 140, 34, 100, 100, 100, 100, 100, 100, 100, 100, 100, 
100, 100, 2500, 2500, 2500, 2500, 2500, 2500, 2500, 2500, 2500, 
2500, 2500, 9606.207, 10431.701, 11243.916, 14948.71, 13677.493, 
12454.069, 13681.852, 16672.742, 15540.704, 14290.12, 15315.831, 
8.49025, 6.92639, 11.48324, 13.04519, 8.72308, 3.0647, 1.67879, 
5.03732, 6.01951, 5.08507, 7.13238, -4.75465, -4.68719, -6.97301, 
-7.63992, -4.68483, -2.02727, -0.78644, -2.61852, -3.47107, -2.34197, 
-2.61293, 0, 0, 0, 0, 0, 0, 0, 0, 0, 0, 0, 0, 0, 0, 0, 0, 0, 
0, 0, 0, 0, 0, 0.51625, 0.50651, 0.51785, 0.49666, 0.49701, 0.54237, 
0.55397, 0.57243, 0.54777, 0.56405, 0.54886, 0.50114, 0.47789, 
0.4789, 0.48811, 0.48204, 0.52639, 0.53902, 0.58051, 0.55489, 
0.55017, 0.52915, 0.1445, 0.1588, 0.246, 0.3707, 0.2404, 0.2339, 
0.2956, 0.272, 0.2946, 0.3148, 0.3536, 285.9, 321.5, 341.3, 369.2, 
394.4, 426.6, 468.1, 474, 497.8, 526.1, 548.5, 379, 2163, 203, 
1005, 502, 1595, 568, 1002, 1658, 1186, 353, 1, 1, 1, 1, 1, 1, 
1, 1, 1, 1, 1, 100, 100, 100, 100, 100, 100, 100, 100, 100, 100, 
100, 2500, 2500, 2500, 2500, 2500, 2500, 2500, 2500, 2500, 2500, 
2500, 9533.442, 10192.798, 10749.406, 11349.075, 12315.231, 12940.747, 
13681.931, 14534.062, 15084.489, 15763.058, 16767.853, 1, 1, 
1, 1, 1, 1, 1, 1, 1, 1, 1, 0.125, 0.125, 0.125, 0.125, 0.125, 
0.125, 0.125, 0.125, 0.125, 0.125, 0.125, 0, 0, 0, 0, 0, 0, 0, 
0, 0, 0, 0, 0, 0, 0, 0, 0, 0, 0, 0, 0, 0, 0, 0.40066, 0.38721, 
0.41134, 0.39522, 0.41451, 0.40649, 0.4115, 0.4246, 0.42695, 
0.43182, 0.41694, 0.40052, 0.38774, 0.40055, 0.39464, 0.40899, 
0.40838, 0.40837, 0.42765, 0.42729, 0.4244, 0.41428, 0.1277, 
0.1458, 0.162, 0.1809, 0.2011, 0.2232, 0.2442, 0.266, 0.2785, 
0.299, 0.3313, 305.5, 334.4, 361.3, 390.8, 419.4, 447.1, 476.8, 
504.7, 535.1, 563.1, 595.6, 1, 1, 1, 1, 1, 1, 1, 1, 1, 1, 1, 
1, 1, 1, 1, 1, 1, 1, 1, 1, 1, 1, 1, 1, 1, 1, 1, 1, 1, 1, 1, 1, 
1, 1, 1, 1, 1, 1, 1, 1, 1, 1, 1, 1, 3.642, 3.882, 4.064, 4.194, 
4.515, 4.724, 4.959, 5.198, 5.24, 5.37, 5.825), .Dim = c(11L, 
40L), .Dimnames = list(NULL, c("Sampling", "PSO.cost", "PSO.gamma", 
"PSO.data.balancing", "PSO.feature.selection", "PSO.valid.acc", 
"PSO.test.acc", "PSO.train.time", "PSO.n.support.vectors", "PSO.index", 
"PSO.n.solutions", "PSO.generations", "PSO.n.evaluations", "PSO.cpu.time", 
"RS.cost", "RS.gamma", "RS.data.balancing", "RS.feature.selection", 
"RS.valid.acc", "RS.test.acc", "RS.train.time", "RS.n.support.vectors", 
"RS.index", "RS.n.solutions", "RS.generations", "RS.n.evaluations", 
"RS.cpu.time", "DF.cost", "DF.gamma", "DF.data.balancing", "DF.feature.selection", 
"DF.valid.acc", "DF.test.acc", "DF.train.time", "DF.n.support.vectors", 
"DF.index", "DF.n.solutions", "DF.generations", "DF.n.evaluations", 
"DF.cpu.time")))
