full <-
structure(c(50, 55, 60, 65, 70, 75, 80, 85, 90, 95, 100, 8.5142, 
4.93391, 15, 15, 8.50578, 7.38633, 5.93729, 4.2169, 5.80136, 
10.92291, 3.45096, -4.82059, -2.72153, -9.1088, -9.26152, -5.70652, 
-4.86458, -3.91429, -1.98659, -3.85707, -4.81335, -2.11965, 0, 
0, 0, 0, 0, 0, 0, 0, 0, 0, 0, 0, 0, 0, 0, 0, 0, 0, 0, 0, 0, 0, 
0.46785, 0.47822, 0.49018, 0.52388, 0.52734, 0.54863, 0.5315, 
0.54807, 0.54421, 0.57025, 0.56963, 0.45072, 0.47662, 0.46316, 
0.51137, 0.50827, 0.52304, 0.52825, 0.52626, 0.53748, 0.52886, 
0.55675, 0.1454, 0.1527, 0.5629, 0.7, 0.2549, 0.2573, 0.2613, 
0.2882, 0.3077, 0.45, 0.3459, 290.8, 318.7, 341.9, 369.9, 399.6, 
424.2, 450.1, 478.3, 503.5, 510.9, 561.9, 1325, 1970, 428, 1180, 
2270, 1684, 1076, 1633, 963, 1991, 1171, 47, 7, 248, 6, 1, 14, 
10, 19, 60, 11, 133, 100, 100, 100, 100, 100, 100, 100, 100, 
100, 100, 100, 2500, 2500, 2500, 2500, 2500, 2500, 2500, 2500, 
2500, 2500, 2500, 9784.611, 10262.944, 17752.346, 20286.624, 
15310.695, 15663.576, 16712.874, 16819.668, 17063.589, 17053.813, 
16151.521, 8.29842, 4.50308, 10.79733, 13.77994, 9.11044, 7.9294, 
2.65986, 4.38369, 4.17817, 2.3805, 2.06892, -4.91748, -2.48025, 
-6.46005, -8.32163, -6.0427, -5.01113, -1.49383, -1.93832, -3.0046, 
-1.09535, -0.86392, 0, 0, 0, 0, 0, 0, 0, 0, 0, 0, 0, 0, 0, 0, 
0, 0, 0, 0, 0, 0, 0, 0, 0.46494, 0.47566, 0.49044, 0.52353, 0.52357, 
0.54521, 0.52955, 0.54631, 0.54212, 0.56216, 0.5643, 0.46369, 
0.47503, 0.47708, 0.51359, 0.51201, 0.5313, 0.51056, 0.51873, 
0.53324, 0.54657, 0.56305, 0.145, 0.1534, 0.245, 0.5198, 0.2721, 
0.2655, 0.2757, 0.279, 0.293, 0.3612, 0.4119, 291, 320.3, 337.5, 
367.1, 400, 422.7, 458.6, 478, 505.1, 545.5, 581.7, 2438, 351, 
294, 1955, 524, 917, 678, 108, 2137, 132, 177, 1, 2, 1, 1, 1, 
1, 1, 1, 1, 1, 1, 100, 100, 100, 100, 100, 100, 100, 100, 100, 
100, 100, 2500, 2500, 2500, 2500, 2500, 2500, 2500, 2500, 2500, 
2500, 2500, 9834.648, 10659.846, 11429.929, 14709.658, 15419.979, 
16106.191, 16442.292, 17198.083, 16923.169, 16336.949, 17479.708, 
1, 1, 1, 1, 1, 1, 1, 1, 1, 1, 1, 0.125, 0.125, 0.125, 0.125, 
0.125, 0.125, 0.125, 0.125, 0.125, 0.125, 0.125, 0, 0, 0, 0, 
0, 0, 0, 0, 0, 0, 0, 0, 0, 0, 0, 0, 0, 0, 0, 0, 0, 0, 0.32964, 
0.37106, 0.35682, 0.36786, 0.37589, 0.38118, 0.39908, 0.41107, 
0.41292, 0.41777, 0.42972, 0.35947, 0.35799, 0.36854, 0.36931, 
0.3794, 0.37791, 0.39379, 0.40915, 0.41479, 0.41801, 0.42324, 
0.1284, 0.144, 0.1611, 0.1958, 0.2134, 0.2312, 0.2554, 0.2716, 
0.2857, 0.3062, 0.3322, 304.2, 332.4, 362, 389.3, 420.3, 449.9, 
476.5, 506.2, 533.8, 561.5, 595.5, 1, 1, 1, 1, 1, 1, 1, 1, 1, 
1, 1, 1, 1, 1, 1, 1, 1, 1, 1, 1, 1, 1, 1, 1, 1, 1, 1, 1, 1, 1, 
1, 1, 1, 1, 1, 1, 1, 1, 1, 1, 1, 1, 1, 1, 3.736, 3.979, 4.256, 
5.525, 5.774, 5.941, 6.157, 6.278, 5.528, 5.75, 6.089), .Dim = c(11L, 
40L), .Dimnames = list(NULL, c("Sampling", "PSO.cost", "PSO.gamma", 
"PSO.data.balancing", "PSO.feature.selection", "PSO.valid.acc", 
"PSO.test.acc", "PSO.train.time", "PSO.n.support.vectors", "PSO.index", 
"PSO.n.solutions", "PSO.generations", "PSO.n.evaluations", "PSO.cpu.time", 
"RS.cost", "RS.gamma", "RS.data.balancing", "RS.feature.selection", 
"RS.valid.acc", "RS.test.acc", "RS.train.time", "RS.n.support.vectors", 
"RS.index", "RS.n.solutions", "RS.generations", "RS.n.evaluations", 
"RS.cpu.time", "DF.cost", "DF.gamma", "DF.data.balancing", "DF.feature.selection", 
"DF.valid.acc", "DF.test.acc", "DF.train.time", "DF.n.support.vectors", 
"DF.index", "DF.n.solutions", "DF.generations", "DF.n.evaluations", 
"DF.cpu.time")))
