full <-
structure(c(50, 55, 60, 65, 70, 75, 80, 85, 90, 95, 100, 7.83393, 
9.27259, 13.73194, 14.0347, 2.43147, 2.96319, 2.94786, 12.20573, 
12.49182, 9.713, 6.2873, -4.44119, -5.62894, -8.14583, -8.64708, 
-1.80763, -1.9953, -2.2671, -5.90612, -6.81517, -4.2381, -3.75326, 
0, 0, 0, 0, 0, 0, 0, 0, 0, 0, 0, 0, 0, 0, 0, 0, 0, 0, 0, 0, 0, 
0, 0.50774, 0.50178, 0.50635, 0.51851, 0.52698, 0.53389, 0.53794, 
0.56124, 0.56213, 0.55728, 0.57449, 0.50026, 0.47663, 0.47782, 
0.50836, 0.49716, 0.52079, 0.52963, 0.54061, 0.53132, 0.53788, 
0.55834, 0.1429, 0.1689, 0.338, 0.408, 0.2176, 0.2257, 0.2553, 
0.5052, 0.6059, 0.3882, 0.3623, 286, 315.3, 340.7, 371.2, 402.2, 
428.5, 460.4, 455.8, 486.7, 511.9, 553.6, 1904, 714, 642, 2254, 
2207, 423, 2181, 1435, 990, 1157, 1458, 20, 264, 32, 1, 2, 79, 
2, 50, 202, 6, 125, 100, 100, 100, 100, 100, 100, 100, 100, 100, 
100, 100, 2500, 2500, 2500, 2500, 2500, 2500, 2500, 2500, 2500, 
2500, 2500, 9810.428, 10476.02, 13070.654, 14155.931, 14458.923, 
18233.619, 13358.691, 17934.711, 23105.183, 18295.77, 18269.701, 
4.55672, 8.11015, 11.53536, 14.56635, 2.90504, 3.05026, 3.33533, 
12.26918, 3.05387, 4.66627, 9.02997, -2.76969, -5.33993, -6.01627, 
-8.94992, -2.43426, -2.17602, -1.7691, -5.91746, -2.07165, -2.89699, 
-4.44231, 0, 0, 0, 0, 0, 0, 0, 0, 0, 0, 0, 0, 0, 0, 0, 0, 0, 
0, 0, 0, 0, 0, 0.5059, 0.49177, 0.50596, 0.51054, 0.51982, 0.53379, 
0.5334, 0.5597, 0.56501, 0.55432, 0.56704, 0.47964, 0.47359, 
0.4777, 0.51228, 0.50317, 0.51902, 0.52029, 0.54374, 0.55933, 
0.53377, 0.55315, 0.1277, 0.1709, 0.2312, 0.4815, 0.2106, 0.237, 
0.2642, 0.5112, 0.3061, 0.3258, 0.4198, 290.1, 317, 338, 371.5, 
403.9, 428.5, 458.9, 455, 504.9, 524.8, 545.4, 2344, 1946, 1783, 
1391, 1387, 2159, 1888, 2337, 629, 1690, 269, 1, 2, 1, 1, 1, 
1, 1, 1, 1, 1, 1, 100, 100, 100, 100, 100, 100, 100, 100, 100, 
100, 100, 2500, 2500, 2500, 2500, 2500, 2500, 2500, 2500, 2500, 
2500, 2500, 9483.575, 10198.053, 10738.956, 11627.768, 12376.831, 
13255.212, 13877.55, 16901.222, 17649.009, 18610.626, 19604.87, 
1, 1, 1, 1, 1, 1, 1, 1, 1, 1, 1, 0.125, 0.125, 0.125, 0.125, 
0.125, 0.125, 0.125, 0.125, 0.125, 0.125, 0.125, 0, 0, 0, 0, 
0, 0, 0, 0, 0, 0, 0, 0, 0, 0, 0, 0, 0, 0, 0, 0, 0, 0, 0.4001, 
0.40157, 0.38222, 0.39551, 0.40706, 0.40654, 0.39194, 0.41281, 
0.41444, 0.41413, 0.41416, 0.41384, 0.39587, 0.39758, 0.40133, 
0.40505, 0.4082, 0.39691, 0.40859, 0.41106, 0.40293, 0.41696, 
0.1225, 0.1369, 0.1538, 0.1791, 0.1992, 0.2203, 0.2343, 0.2719, 
0.2908, 0.3115, 0.3394, 304.7, 333.7, 363.5, 391.8, 420.3, 450.1, 
478.7, 505, 531.4, 560.3, 595.6, 1, 1, 1, 1, 1, 1, 1, 1, 1, 1, 
1, 1, 1, 1, 1, 1, 1, 1, 1, 1, 1, 1, 1, 1, 1, 1, 1, 1, 1, 1, 1, 
1, 1, 1, 1, 1, 1, 1, 1, 1, 1, 1, 1, 1, 3.561, 3.701, 3.895, 4.288, 
4.572, 4.752, 4.688, 6.079, 6.354, 6.626, 6.983), .Dim = c(11L, 
40L), .Dimnames = list(NULL, c("Sampling", "PSO.cost", "PSO.gamma", 
"PSO.data.balancing", "PSO.feature.selection", "PSO.valid.acc", 
"PSO.test.acc", "PSO.train.time", "PSO.n.support.vectors", "PSO.index", 
"PSO.n.solutions", "PSO.generations", "PSO.n.evaluations", "PSO.cpu.time", 
"RS.cost", "RS.gamma", "RS.data.balancing", "RS.feature.selection", 
"RS.valid.acc", "RS.test.acc", "RS.train.time", "RS.n.support.vectors", 
"RS.index", "RS.n.solutions", "RS.generations", "RS.n.evaluations", 
"RS.cpu.time", "DF.cost", "DF.gamma", "DF.data.balancing", "DF.feature.selection", 
"DF.valid.acc", "DF.test.acc", "DF.train.time", "DF.n.support.vectors", 
"DF.index", "DF.n.solutions", "DF.generations", "DF.n.evaluations", 
"DF.cpu.time")))
