full <-
structure(c(50, 55, 60, 65, 70, 75, 80, 85, 90, 95, 100, 14.69521, 
10.82756, 14.95086, 13.44652, 13.38316, 9.8786, 10.13704, 10.35351, 
5.28127, 12.99596, 9.78118, -6.63213, -5.83471, -7.86169, -6.29953, 
-7.99312, -5.13899, -5.7505, -5.87861, -2.47, -7.30647, -4.12639, 
0, 0, 0, 0, 0, 0, 0, 0, 0, 0, 0, 0, 0, 0, 0, 0, 0, 0, 0, 0, 0, 
0, 0.48916, 0.5167, 0.52348, 0.5204, 0.52809, 0.53759, 0.55857, 
0.56025, 0.55862, 0.54795, 0.58011, 0.45392, 0.47556, 0.4938, 
0.49361, 0.51111, 0.51416, 0.52916, 0.53755, 0.54393, 0.53237, 
0.57787, 0.2385, 0.193, 0.4597, 0.3593, 0.4792, 0.2754, 0.3261, 
0.3562, 0.3001, 0.7649, 0.428, 281.6, 310.7, 327.8, 359.5, 390.7, 
413.5, 439, 466.4, 501.4, 520.2, 544.1, 1370, 1447, 438, 476, 
993, 2095, 676, 611, 299, 276, 953, 3, 34, 199, 33, 87, 2, 165, 
220, 42, 55, 42, 100, 100, 100, 100, 100, 100, 100, 100, 100, 
100, 100, 2500, 2500, 2500, 2500, 2500, 2500, 2500, 2500, 2500, 
2500, 2500, 12215.899, 10617.607, 16498.358, 18080.416, 17018.513, 
15858.141, 14105.037, 16557.011, 13792.605, 29310.05, 18205.01, 
14.85906, 11.45567, 14.21129, 14.27011, 14.1225, 9.79858, 9.89649, 
10.68766, 6.00618, 14.84185, 11.89946, -6.75445, -6.18443, -7.49739, 
-8.67279, -8.37217, -5.08282, -5.5177, -6.04194, -2.52726, -8.04788, 
-4.95382, 0, 0, 0, 0, 0, 0, 0, 0, 0, 0, 0, 0, 0, 0, 0, 0, 0, 
0, 0, 0, 0, 0, 0.48139, 0.51201, 0.52126, 0.51791, 0.52425, 0.53587, 
0.55377, 0.55712, 0.54993, 0.54787, 0.57212, 0.44885, 0.46859, 
0.4938, 0.50772, 0.51293, 0.51247, 0.52935, 0.53755, 0.53503, 
0.53658, 0.57238, 0.2461, 0.1976, 0.3746, 0.5367, 0.6176, 0.2729, 
0.3067, 0.375, 0.2895, 1.2617, 0.5598, 282, 309.6, 328.4, 365.8, 
389.5, 413.7, 439.7, 466.5, 499.6, 515.2, 542.4, 248, 284, 1742, 
2393, 924, 1619, 1799, 1292, 1650, 1534, 549, 1, 1, 1, 1, 1, 
1, 1, 1, 1, 1, 1, 100, 100, 100, 100, 100, 100, 100, 100, 100, 
100, 100, 2500, 2500, 2500, 2500, 2500, 2500, 2500, 2500, 2500, 
2500, 2500, 9794.411, 10098.652, 10607.441, 11435.691, 12009.645, 
12779.839, 13203.558, 14069.715, 14865.226, 16064.71, 17736.957, 
1, 1, 1, 1, 1, 1, 1, 1, 1, 1, 1, 0.125, 0.125, 0.125, 0.125, 
0.125, 0.125, 0.125, 0.125, 0.125, 0.125, 0.125, 0, 0, 0, 0, 
0, 0, 0, 0, 0, 0, 0, 0, 0, 0, 0, 0, 0, 0, 0, 0, 0, 0, 0.38073, 
0.37647, 0.40539, 0.40276, 0.42514, 0.41208, 0.42878, 0.42351, 
0.42481, 0.41363, 0.42343, 0.39352, 0.37669, 0.40487, 0.40722, 
0.41941, 0.42807, 0.41873, 0.42983, 0.42519, 0.41497, 0.42756, 
0.1275, 0.1334, 0.1489, 0.1719, 0.1899, 0.2157, 0.2247, 0.2574, 
0.273, 0.2996, 0.3435, 303, 332.6, 360.3, 390.3, 419.7, 445.7, 
476.6, 504, 536, 562.9, 597.1, 1, 1, 1, 1, 1, 1, 1, 1, 1, 1, 
1, 1, 1, 1, 1, 1, 1, 1, 1, 1, 1, 1, 1, 1, 1, 1, 1, 1, 1, 1, 1, 
1, 1, 1, 1, 1, 1, 1, 1, 1, 1, 1, 1, 1, 3.724, 3.656, 3.843, 4.077, 
4.3, 4.601, 4.585, 5.033, 5.05, 5.517, 6.189), .Dim = c(11L, 
40L), .Dimnames = list(NULL, c("Sampling", "PSO.cost", "PSO.gamma", 
"PSO.data.balancing", "PSO.feature.selection", "PSO.valid.acc", 
"PSO.test.acc", "PSO.train.time", "PSO.n.support.vectors", "PSO.index", 
"PSO.n.solutions", "PSO.generations", "PSO.n.evaluations", "PSO.cpu.time", 
"RS.cost", "RS.gamma", "RS.data.balancing", "RS.feature.selection", 
"RS.valid.acc", "RS.test.acc", "RS.train.time", "RS.n.support.vectors", 
"RS.index", "RS.n.solutions", "RS.generations", "RS.n.evaluations", 
"RS.cpu.time", "DF.cost", "DF.gamma", "DF.data.balancing", "DF.feature.selection", 
"DF.valid.acc", "DF.test.acc", "DF.train.time", "DF.n.support.vectors", 
"DF.index", "DF.n.solutions", "DF.generations", "DF.n.evaluations", 
"DF.cpu.time")))
