full <-
structure(c(50, 55, 60, 65, 70, 75, 80, 85, 90, 95, 100, 14.81439, 
4.03456, 5.81675, 9.54419, 11.84515, 13.66484, 6.58138, 8.17173, 
14.72093, 10.17504, 6.28643, -9.93708, -3.69938, -3.63163, -5.62015, 
-6.97102, -5.75371, -3.07344, -3.59017, -6.66848, -3.77597, -3.51209, 
0, 0, 0, 0, 0, 0, 0, 0, 0, 0, 0, 0, 0, 0, 0, 0, 0, 0, 0, 0, 0, 
0, 0.46891, 0.46689, 0.49836, 0.51155, 0.52281, 0.52341, 0.51912, 
0.54827, 0.53856, 0.55784, 0.57564, 0.44818, 0.42676, 0.47769, 
0.48516, 0.5013, 0.47981, 0.51091, 0.50885, 0.51711, 0.54838, 
0.55311, 0.2855, 0.1518, 0.1711, 0.2241, 0.3529, 0.4565, 0.2522, 
0.2946, 0.8671, 0.3866, 0.3539, 289.8, 318.1, 343.2, 366.4, 392.7, 
413.2, 447.2, 469.2, 483.3, 518.6, 549.3, 464, 1363, 1315, 806, 
1829, 820, 219, 890, 2112, 1852, 1969, 516, 43, 22, 153, 1, 226, 
83, 89, 1, 4, 7, 100, 100, 100, 100, 100, 100, 100, 100, 100, 
100, 100, 2500, 2500, 2500, 2500, 2500, 2500, 2500, 2500, 2500, 
2500, 2500, 12485.313, 9632.047, 10606.275, 11646.793, 13080.645, 
16597.905, 13244.418, 13573.285, 22835.337, 16266.007, 15876.358, 
14.89583, 4.57903, 2.77079, 9.33262, 11.81423, 12.63941, 6.29063, 
9.07264, 13.18731, 9.62307, 5.93823, -9.87401, -4.34641, -0.97135, 
-5.49442, -7.03593, -6.90443, -2.93776, -3.32234, -6.31475, -3.70638, 
-3.62959, 0, 0, 0, 0, 0, 0, 0, 0, 0, 0, 0, 0, 0, 0, 0, 0, 0, 
0, 0, 0, 0, 0, 0.46381, 0.46458, 0.49386, 0.50533, 0.51728, 0.51642, 
0.51571, 0.54351, 0.53827, 0.5536, 0.57144, 0.44028, 0.42486, 
0.45979, 0.48099, 0.50526, 0.49374, 0.50618, 0.51634, 0.5258, 
0.55421, 0.56229, 0.2903, 0.1532, 0.1896, 0.2187, 0.3483, 0.4412, 
0.2549, 0.2946, 0.6353, 0.3628, 0.3498, 289.6, 319.5, 352.9, 
366.7, 393.2, 412.8, 446.4, 468.1, 487.6, 518.7, 552.6, 74, 326, 
1894, 2222, 1518, 1456, 211, 1562, 2479, 276, 1388, 1, 1, 1, 
1, 1, 1, 1, 1, 1, 1, 1, 100, 100, 100, 100, 100, 100, 100, 100, 
100, 100, 100, 2500, 2500, 2500, 2500, 2500, 2500, 2500, 2500, 
2500, 2500, 2500, 9422.646, 10041.427, 10623.008, 11176.395, 
11938.225, 12644.235, 13179.866, 14162.13, 14826.28, 15637.891, 
16975.499, 1, 1, 1, 1, 1, 1, 1, 1, 1, 1, 1, 0.125, 0.125, 0.125, 
0.125, 0.125, 0.125, 0.125, 0.125, 0.125, 0.125, 0.125, 0, 0, 
0, 0, 0, 0, 0, 0, 0, 0, 0, 0, 0, 0, 0, 0, 0, 0, 0, 0, 0, 0, 0.36301, 
0.36556, 0.39197, 0.38247, 0.38487, 0.40577, 0.40784, 0.42779, 
0.40548, 0.42103, 0.40878, 0.36311, 0.35418, 0.38535, 0.38638, 
0.37329, 0.40211, 0.40316, 0.41322, 0.40427, 0.41962, 0.41137, 
0.1277, 0.1476, 0.1662, 0.183, 0.2014, 0.2203, 0.2408, 0.2601, 
0.2854, 0.2935, 0.3305, 304.3, 333.2, 361.9, 390.2, 420, 448.1, 
477.3, 507.5, 536.6, 563.8, 596.3, 1, 1, 1, 1, 1, 1, 1, 1, 1, 
1, 1, 1, 1, 1, 1, 1, 1, 1, 1, 1, 1, 1, 1, 1, 1, 1, 1, 1, 1, 1, 
1, 1, 1, 1, 1, 1, 1, 1, 1, 1, 1, 1, 1, 1, 3.57, 3.782, 3.981, 
4.195, 4.363, 4.667, 4.819, 5.034, 5.335, 5.287, 5.855), .Dim = c(11L, 
40L), .Dimnames = list(NULL, c("Sampling", "PSO.cost", "PSO.gamma", 
"PSO.data.balancing", "PSO.feature.selection", "PSO.valid.acc", 
"PSO.test.acc", "PSO.train.time", "PSO.n.support.vectors", "PSO.index", 
"PSO.n.solutions", "PSO.generations", "PSO.n.evaluations", "PSO.cpu.time", 
"RS.cost", "RS.gamma", "RS.data.balancing", "RS.feature.selection", 
"RS.valid.acc", "RS.test.acc", "RS.train.time", "RS.n.support.vectors", 
"RS.index", "RS.n.solutions", "RS.generations", "RS.n.evaluations", 
"RS.cpu.time", "DF.cost", "DF.gamma", "DF.data.balancing", "DF.feature.selection", 
"DF.valid.acc", "DF.test.acc", "DF.train.time", "DF.n.support.vectors", 
"DF.index", "DF.n.solutions", "DF.generations", "DF.n.evaluations", 
"DF.cpu.time")))
