full <-
structure(c(50, 55, 60, 65, 70, 75, 80, 85, 90, 95, 100, 14.957, 
14.44522, 6.34591, 5.43735, 11.50042, 9.21375, 4.84807, 15, 12.22169, 
12.3211, 7.58638, -8.96608, -8.7476, -3.99574, -2.80528, -6.86243, 
-5.05816, -2.9362, -7.41321, -5.88399, -7.02479, -3.50191, 0, 
0, 0, 0, 0, 0, 0, 0, 0, 0, 0, 0, 0, 0, 0, 0, 0, 0, 0, 0, 0, 0, 
0.49447, 0.48991, 0.51032, 0.51666, 0.52831, 0.55205, 0.55157, 
0.55071, 0.54726, 0.56937, 0.5839, 0.47939, 0.48224, 0.47573, 
0.50194, 0.50775, 0.52505, 0.52798, 0.54964, 0.54476, 0.53747, 
0.55318, 0.3585, 0.3598, 0.1748, 0.1892, 0.3269, 0.2721, 0.2597, 
0.9685, 0.5788, 0.648, 0.3768, 289, 313.9, 347, 372, 396, 420.7, 
450.9, 459.8, 487.7, 518.4, 550.2, 1673, 715, 634, 1437, 2016, 
640, 1090, 1066, 1016, 1338, 1598, 13, 20, 359, 64, 2, 60, 45, 
27, 40, 70, 3, 100, 100, 100, 100, 100, 100, 100, 100, 100, 100, 
100, 2500, 2500, 2500, 2500, 2500, 2500, 2500, 2500, 2500, 2500, 
2500, 14065.363, 13361.264, 10478.696, 11156.009, 14350.832, 
13524.965, 13124.672, 27709.273, 25664.149, 22008.383, 18600.902, 
14.99222, 13.69624, 5.97754, 5.17146, 11.34649, 10.02223, 4.62083, 
14.61707, 12.81486, 12.32586, 6.29225, -8.8941, -8.34551, -3.84901, 
-2.87663, -6.75706, -5.49865, -2.28855, -7.26742, -6.10613, -7.06329, 
-3.23728, 0, 0, 0, 0, 0, 0, 0, 0, 0, 0, 0, 0, 0, 0, 0, 0, 0, 
0, 0, 0, 0, 0, 0.48923, 0.48764, 0.50615, 0.51233, 0.5282, 0.55031, 
0.54385, 0.54749, 0.54698, 0.56928, 0.57721, 0.4827, 0.47737, 
0.4784, 0.50014, 0.50391, 0.53038, 0.53001, 0.54817, 0.54165, 
0.53623, 0.54407, 0.3659, 0.2977, 0.1649, 0.1885, 0.3218, 0.2913, 
0.263, 0.8739, 0.6266, 0.6597, 0.3593, 288.9, 314.1, 348.4, 372.6, 
396, 418.5, 453.3, 459.7, 486.8, 519.4, 552.5, 1922, 798, 840, 
1114, 240, 582, 756, 2390, 2324, 1777, 576, 1, 1, 1, 1, 1, 1, 
1, 1, 1, 1, 1, 100, 100, 100, 100, 100, 100, 100, 100, 100, 100, 
100, 2500, 2500, 2500, 2500, 2500, 2500, 2500, 2500, 2500, 2500, 
2500, 9583.847, 10213.769, 10798.774, 11350.866, 12513.442, 13155.262, 
13956.57, 16655.923, 17600.866, 18659.976, 19549.426, 1, 1, 1, 
1, 1, 1, 1, 1, 1, 1, 1, 0.125, 0.125, 0.125, 0.125, 0.125, 0.125, 
0.125, 0.125, 0.125, 0.125, 0.125, 0, 0, 0, 0, 0, 0, 0, 0, 0, 
0, 0, 0, 0, 0, 0, 0, 0, 0, 0, 0, 0, 0, 0.41368, 0.40708, 0.39873, 
0.39959, 0.39026, 0.39967, 0.40948, 0.40992, 0.40483, 0.4097, 
0.416, 0.3961, 0.39293, 0.39863, 0.41164, 0.38089, 0.39812, 0.41339, 
0.40025, 0.40642, 0.40383, 0.41334, 0.1292, 0.1477, 0.1635, 0.1739, 
0.1989, 0.2248, 0.2494, 0.2719, 0.2905, 0.3138, 0.3365, 302.5, 
331.6, 362.7, 390.9, 423.9, 451.6, 480.6, 509.4, 537.7, 565.5, 
596.3, 1, 1, 1, 1, 1, 1, 1, 1, 1, 1, 1, 1, 1, 1, 1, 1, 1, 1, 
1, 1, 1, 1, 1, 1, 1, 1, 1, 1, 1, 1, 1, 1, 1, 1, 1, 1, 1, 1, 1, 
1, 1, 1, 1, 1, 3.723, 3.928, 4.093, 4.1, 4.429, 4.76, 5.046, 
6.03, 6.303, 6.714, 6.929), .Dim = c(11L, 40L), .Dimnames = list(
    NULL, c("Sampling", "PSO.cost", "PSO.gamma", "PSO.data.balancing", 
    "PSO.feature.selection", "PSO.valid.acc", "PSO.test.acc", 
    "PSO.train.time", "PSO.n.support.vectors", "PSO.index", "PSO.n.solutions", 
    "PSO.generations", "PSO.n.evaluations", "PSO.cpu.time", "RS.cost", 
    "RS.gamma", "RS.data.balancing", "RS.feature.selection", 
    "RS.valid.acc", "RS.test.acc", "RS.train.time", "RS.n.support.vectors", 
    "RS.index", "RS.n.solutions", "RS.generations", "RS.n.evaluations", 
    "RS.cpu.time", "DF.cost", "DF.gamma", "DF.data.balancing", 
    "DF.feature.selection", "DF.valid.acc", "DF.test.acc", "DF.train.time", 
    "DF.n.support.vectors", "DF.index", "DF.n.solutions", "DF.generations", 
    "DF.n.evaluations", "DF.cpu.time")))
