full <-
structure(c(50, 55, 60, 65, 70, 75, 80, 85, 90, 95, 100, 6.43282, 
5.88026, 3.64251, 5.17748, 15, 3.60275, 4.17943, 14.98441, 6.98294, 
13.49212, 14.38578, -4.20188, -3.72384, -2.3972, -3.28152, -7.40826, 
-2.17792, -2.67996, -7.25815, -3.57642, -8.38782, -6.9288, 0, 
0, 0, 0, 0, 0, 0, 0, 0, 0, 0, 0, 0, 0, 0, 0, 0, 0, 0, 0, 0, 0, 
0.51373, 0.51471, 0.51781, 0.52657, 0.52111, 0.53901, 0.53658, 
0.53313, 0.54418, 0.54156, 0.57959, 0.50362, 0.48432, 0.49702, 
0.50665, 0.49952, 0.51561, 0.5207, 0.50561, 0.50887, 0.52804, 
0.55334, 0.1387, 0.1537, 0.1691, 0.1908, 0.6262, 0.236, 0.2518, 
0.912, 0.3027, 0.8243, 1.2106, 288.3, 315.5, 349.4, 369.4, 386.7, 
427.4, 453.8, 460.4, 498.5, 529.4, 535.4, 1034, 676, 1458, 1029, 
2067, 1406, 1253, 1144, 1072, 325, 380, 281, 141, 34, 37, 2, 
98, 57, 4, 71, 70, 124, 100, 100, 100, 100, 100, 100, 100, 100, 
100, 100, 100, 2500, 2500, 2500, 2500, 2500, 2500, 2500, 2500, 
2500, 2500, 2500, 9895.428, 10152.428, 10744.529, 11268.758, 
14085.645, 12452.426, 12751.656, 27001.201, 15376.528, 27795.807, 
34367.698, 6.03527, 5.60827, 2.74917, 4.67686, 11.23292, 2.51508, 
4.87157, 11.42847, 6.06942, 13.49282, 13.99517, -4.123, -3.51646, 
-1.77732, -2.94231, -6.68709, -1.48359, -3.22635, -5.80316, -3.2611, 
-8.39413, -6.64011, 0, 0, 0, 0, 0, 0, 0, 0, 0, 0, 0, 0, 0, 0, 
0, 0, 0, 0, 0, 0, 0, 0, 0.5111, 0.50773, 0.513, 0.52445, 0.51514, 
0.53264, 0.52448, 0.53001, 0.53681, 0.54156, 0.57186, 0.50841, 
0.47961, 0.50107, 0.50253, 0.51054, 0.51268, 0.5227, 0.51317, 
0.51188, 0.52664, 0.55462, 0.1364, 0.1476, 0.1785, 0.1886, 0.3101, 
0.2475, 0.2573, 0.4307, 0.2963, 0.8181, 1.0903, 288.4, 315.9, 
351.4, 370.7, 392, 434, 457.2, 463.4, 499.1, 529.7, 537.7, 541, 
1468, 1798, 526, 783, 1360, 1988, 1545, 932, 1355, 543, 1, 1, 
1, 1, 1, 1, 1, 1, 1, 1, 1, 100, 100, 100, 100, 100, 100, 100, 
100, 100, 100, 100, 2500, 2500, 2500, 2500, 2500, 2500, 2500, 
2500, 2500, 2500, 2500, 10072.323, 10272.756, 11133.576, 11585.614, 
12092.406, 12946.763, 13602.119, 14645.99, 14898.549, 16108.849, 
17299.255, 1, 1, 1, 1, 1, 1, 1, 1, 1, 1, 1, 0.125, 0.125, 0.125, 
0.125, 0.125, 0.125, 0.125, 0.125, 0.125, 0.125, 0.125, 0, 0, 
0, 0, 0, 0, 0, 0, 0, 0, 0, 0, 0, 0, 0, 0, 0, 0, 0, 0, 0, 0, 0.38219, 
0.38724, 0.39651, 0.38456, 0.3819, 0.39347, 0.40254, 0.40428, 
0.39091, 0.40331, 0.41257, 0.3767, 0.38711, 0.38693, 0.39866, 
0.38429, 0.37826, 0.39963, 0.40259, 0.39548, 0.39669, 0.42271, 
0.1266, 0.144, 0.1654, 0.1777, 0.2005, 0.2192, 0.2398, 0.2605, 
0.277, 0.3036, 0.329, 302.1, 329.2, 361.9, 389.6, 420.6, 448.7, 
478.3, 510.2, 537.8, 564.4, 596.6, 1, 1, 1, 1, 1, 1, 1, 1, 1, 
1, 1, 1, 1, 1, 1, 1, 1, 1, 1, 1, 1, 1, 1, 1, 1, 1, 1, 1, 1, 1, 
1, 1, 1, 1, 1, 1, 1, 1, 1, 1, 1, 1, 1, 1, 3.79, 3.968, 4.23, 
4.264, 4.491, 4.712, 4.863, 5.168, 5.187, 5.608, 6.011), .Dim = c(11L, 
40L), .Dimnames = list(NULL, c("Sampling", "PSO.cost", "PSO.gamma", 
"PSO.data.balancing", "PSO.feature.selection", "PSO.valid.acc", 
"PSO.test.acc", "PSO.train.time", "PSO.n.support.vectors", "PSO.index", 
"PSO.n.solutions", "PSO.generations", "PSO.n.evaluations", "PSO.cpu.time", 
"RS.cost", "RS.gamma", "RS.data.balancing", "RS.feature.selection", 
"RS.valid.acc", "RS.test.acc", "RS.train.time", "RS.n.support.vectors", 
"RS.index", "RS.n.solutions", "RS.generations", "RS.n.evaluations", 
"RS.cpu.time", "DF.cost", "DF.gamma", "DF.data.balancing", "DF.feature.selection", 
"DF.valid.acc", "DF.test.acc", "DF.train.time", "DF.n.support.vectors", 
"DF.index", "DF.n.solutions", "DF.generations", "DF.n.evaluations", 
"DF.cpu.time")))
