full <-
structure(c(50, 55, 60, 65, 70, 75, 80, 85, 90, 95, 100, 8.41847, 
10.26967, 4.98927, 14.71702, 12.46166, 15, 13.59779, 4.09915, 
14.13177, 13.3291, 9.32341, -5.52119, -4.48601, -3.65717, -7.94527, 
-7.57559, -7.0791, -6.32881, -1.41822, -6.64214, -6.33535, -4.80152, 
0, 0, 0, 0, 0, 0, 0, 0, 0, 0, 0, 0, 0, 0, 0, 0, 0, 0, 0, 0, 0, 
0, 0.51782, 0.5279, 0.5296, 0.51985, 0.53788, 0.53009, 0.53583, 
0.5526, 0.56099, 0.56814, 0.55448, 0.50341, 0.47975, 0.5011, 
0.51386, 0.5265, 0.50512, 0.49532, 0.52004, 0.51966, 0.55526, 
0.55418, 0.1492, 0.1701, 0.1689, 0.5632, 0.3795, 0.7345, 0.5544, 
0.2787, 0.8524, 0.7549, 0.4376, 284.1, 305.7, 340.5, 361.2, 390, 
412.3, 436.8, 482.8, 487.8, 513.6, 548.5, 1934, 992, 1616, 1274, 
1405, 1390, 1530, 1982, 1999, 586, 1788, 18, 80, 30, 11, 27, 
16, 46, 36, 1, 61, 13, 100, 100, 100, 100, 100, 100, 100, 100, 
100, 100, 100, 2500, 2500, 2500, 2500, 2500, 2500, 2500, 2500, 
2500, 2500, 2500, 11618.82, 10843.239, 11155.242, 19123.756, 
15017.983, 23482.127, 18711.331, 13391.405, 25557.663, 22704.558, 
30678.223, 8.80799, 10.91715, 7.87027, 14.38852, 14.42693, 14.5674, 
13.47568, 4.32401, 14.40347, 10.41591, 14.44584, -5.70041, -4.69841, 
-5.32646, -7.81015, -8.55814, -6.8987, -6.13741, -1.55076, -6.81934, 
-4.81802, -7.81354, 0, 0, 0, 0, 0, 0, 0, 0, 0, 0, 0, 0, 0, 0, 
0, 0, 0, 0, 0, 0, 0, 0, 0.51782, 0.52353, 0.52375, 0.51393, 0.53211, 
0.52495, 0.53241, 0.54493, 0.55377, 0.56292, 0.5501, 0.50437, 
0.47743, 0.50564, 0.5094, 0.5213, 0.50175, 0.50024, 0.51556, 
0.52549, 0.55388, 0.54224, 0.1558, 0.1766, 0.1842, 0.5087, 0.6093, 
0.6661, 0.5233, 0.2876, 0.8718, 0.4375, 1.3928, 283.4, 305.2, 
337.4, 361.2, 389.7, 412.7, 436.9, 481.2, 487.7, 518.8, 544.9, 
659, 1089, 258, 765, 1870, 1298, 1396, 1005, 539, 403, 1637, 
1, 1, 1, 1, 1, 1, 1, 1, 1, 1, 1, 100, 100, 100, 100, 100, 100, 
100, 100, 100, 100, 100, 2500, 2500, 2500, 2500, 2500, 2500, 
2500, 2500, 2500, 2500, 2500, 9824.447, 10368.988, 11230.977, 
11868.754, 12605.483, 12827.684, 13343.471, 14082.763, 15033.991, 
16623.993, 17471.565, 1, 1, 1, 1, 1, 1, 1, 1, 1, 1, 1, 0.125, 
0.125, 0.125, 0.125, 0.125, 0.125, 0.125, 0.125, 0.125, 0.125, 
0.125, 0, 0, 0, 0, 0, 0, 0, 0, 0, 0, 0, 0, 0, 0, 0, 0, 0, 0, 
0, 0, 0, 0, 0.38781, 0.39744, 0.41008, 0.38372, 0.3877, 0.40163, 
0.40486, 0.41361, 0.41232, 0.41952, 0.41847, 0.38928, 0.40079, 
0.40558, 0.38578, 0.39647, 0.39118, 0.40742, 0.42405, 0.4171, 
0.42169, 0.41713, 0.1345, 0.1387, 0.1546, 0.1885, 0.2051, 0.2168, 
0.2406, 0.2609, 0.2793, 0.3142, 0.3347, 301.1, 330, 359.6, 391.6, 
420, 450.7, 478, 507.8, 535.7, 564.9, 596.8, 1, 1, 1, 1, 1, 1, 
1, 1, 1, 1, 1, 1, 1, 1, 1, 1, 1, 1, 1, 1, 1, 1, 1, 1, 1, 1, 1, 
1, 1, 1, 1, 1, 1, 1, 1, 1, 1, 1, 1, 1, 1, 1, 1, 1, 3.798, 3.735, 
3.939, 4.558, 4.639, 4.497, 4.82, 5.059, 5.235, 5.854, 5.972), .Dim = c(11L, 
40L), .Dimnames = list(NULL, c("Sampling", "PSO.cost", "PSO.gamma", 
"PSO.data.balancing", "PSO.feature.selection", "PSO.valid.acc", 
"PSO.test.acc", "PSO.train.time", "PSO.n.support.vectors", "PSO.index", 
"PSO.n.solutions", "PSO.generations", "PSO.n.evaluations", "PSO.cpu.time", 
"RS.cost", "RS.gamma", "RS.data.balancing", "RS.feature.selection", 
"RS.valid.acc", "RS.test.acc", "RS.train.time", "RS.n.support.vectors", 
"RS.index", "RS.n.solutions", "RS.generations", "RS.n.evaluations", 
"RS.cpu.time", "DF.cost", "DF.gamma", "DF.data.balancing", "DF.feature.selection", 
"DF.valid.acc", "DF.test.acc", "DF.train.time", "DF.n.support.vectors", 
"DF.index", "DF.n.solutions", "DF.generations", "DF.n.evaluations", 
"DF.cpu.time")))
