full <-
structure(c(50, 55, 60, 65, 70, 75, 80, 85, 90, 95, 100, 4.62956, 
4.72437, 13.7317, 14.26798, 5.45694, 7.4737, 3.05884, 12.25033, 
5.80173, 3.20597, 5.38734, -2.94753, -3.47244, -8.75385, -4.00755, 
-3.62205, -4.43367, -1.72899, -5.93984, -2.87725, -1.91084, -3.20534, 
0, 0, 0, 0, 0, 0, 0, 0, 0, 0, 0, 0, 0, 0, 0, 0, 0, 0, 0, 0, 0, 
0, 0.51873, 0.51758, 0.51184, 0.53462, 0.54962, 0.54378, 0.55219, 
0.57173, 0.567, 0.56387, 0.56948, 0.51935, 0.51008, 0.46389, 
0.50922, 0.54523, 0.52182, 0.5178, 0.54173, 0.53391, 0.5647, 
0.54714, 0.1277, 0.1454, 0.3213, 0.2591, 0.2206, 0.2367, 0.2697, 
0.4864, 0.294, 0.3203, 0.361, 290.5, 319.5, 343.3, 364.3, 400.3, 
421.6, 456.5, 460.4, 499.4, 534.2, 557.6, 742, 1296, 790, 1034, 
1448, 2468, 888, 468, 1557, 1304, 537, 453, 108, 78, 66, 32, 
1, 22, 102, 29, 87, 64, 100, 100, 100, 100, 100, 100, 100, 100, 
100, 100, 100, 2500, 2500, 2500, 2500, 2500, 2500, 2500, 2500, 
2500, 2500, 2500, 9394.048, 9876.503, 13969.948, 12865.38, 12367.485, 
12762.868, 14038.439, 17875.431, 14115.579, 14685.193, 15755.755, 
4.68294, 4.64359, 14.34902, 13.28565, 5.44528, 12.54699, 4.04689, 
4.51322, 7.31685, 3.21458, 6.23519, -3.00757, -3.47718, -9.01987, 
-3.98108, -3.71226, -7.07305, -2.16795, -2.60927, -3.55014, -1.91275, 
-3.63376, 0, 0, 0, 0, 0, 0, 0, 0, 0, 0, 0, 0, 0, 0, 0, 0, 0, 
0, 0, 0, 0, 0, 0.51097, 0.51054, 0.50529, 0.53247, 0.54573, 0.54434, 
0.54726, 0.56847, 0.56403, 0.5625, 0.56659, 0.51666, 0.51484, 
0.47688, 0.51269, 0.52556, 0.53714, 0.52752, 0.53067, 0.53324, 
0.56743, 0.54715, 0.1366, 0.1542, 0.3555, 0.254, 0.2166, 0.4093, 
0.2483, 0.2754, 0.3206, 0.3153, 0.3574, 290.9, 319.4, 343.7, 
365.4, 400.4, 415.7, 451.7, 475.4, 495.9, 534.3, 555.9, 285, 
1868, 612, 100, 1179, 1363, 2063, 336, 2065, 822, 1991, 1, 1, 
1, 1, 1, 1, 1, 1, 1, 1, 1, 100, 100, 100, 100, 100, 100, 100, 
100, 100, 100, 100, 2500, 2500, 2500, 2500, 2500, 2500, 2500, 
2500, 2500, 2500, 2500, 9708.267, 10093.535, 10958.736, 11877.236, 
12432.99, 13137.583, 13907.162, 14750.651, 15549.752, 16427.078, 
17386.671, 1, 1, 1, 1, 1, 1, 1, 1, 1, 1, 1, 0.125, 0.125, 0.125, 
0.125, 0.125, 0.125, 0.125, 0.125, 0.125, 0.125, 0.125, 0, 0, 
0, 0, 0, 0, 0, 0, 0, 0, 0, 0, 0, 0, 0, 0, 0, 0, 0, 0, 0, 0, 0.38016, 
0.38923, 0.38627, 0.38692, 0.40337, 0.42355, 0.41164, 0.42209, 
0.42087, 0.42027, 0.43492, 0.36963, 0.39909, 0.394, 0.39599, 
0.41307, 0.42873, 0.42326, 0.41442, 0.41054, 0.42461, 0.41902, 
0.1309, 0.1373, 0.169, 0.1897, 0.2078, 0.2239, 0.2408, 0.2537, 
0.2766, 0.3011, 0.3309, 304.6, 333.1, 363, 392.4, 420.6, 448.8, 
474.3, 504.1, 530.7, 561.8, 594.6, 1, 1, 1, 1, 1, 1, 1, 1, 1, 
1, 1, 1, 1, 1, 1, 1, 1, 1, 1, 1, 1, 1, 1, 1, 1, 1, 1, 1, 1, 1, 
1, 1, 1, 1, 1, 1, 1, 1, 1, 1, 1, 1, 1, 1, 3.729, 3.693, 4.197, 
4.491, 4.722, 4.833, 4.986, 5.121, 5.309, 5.584, 6.049), .Dim = c(11L, 
40L), .Dimnames = list(NULL, c("Sampling", "PSO.cost", "PSO.gamma", 
"PSO.data.balancing", "PSO.feature.selection", "PSO.valid.acc", 
"PSO.test.acc", "PSO.train.time", "PSO.n.support.vectors", "PSO.index", 
"PSO.n.solutions", "PSO.generations", "PSO.n.evaluations", "PSO.cpu.time", 
"RS.cost", "RS.gamma", "RS.data.balancing", "RS.feature.selection", 
"RS.valid.acc", "RS.test.acc", "RS.train.time", "RS.n.support.vectors", 
"RS.index", "RS.n.solutions", "RS.generations", "RS.n.evaluations", 
"RS.cpu.time", "DF.cost", "DF.gamma", "DF.data.balancing", "DF.feature.selection", 
"DF.valid.acc", "DF.test.acc", "DF.train.time", "DF.n.support.vectors", 
"DF.index", "DF.n.solutions", "DF.generations", "DF.n.evaluations", 
"DF.cpu.time")))
