full <-
structure(c(50, 55, 60, 65, 70, 75, 80, 85, 90, 95, 100, 15, 
15, 14.96621, 14.87601, 14.99556, 11.12708, 5.91287, 3.43078, 
6.87932, 4.79387, 6.20604, -8.83637, -8.09381, -8.4039, -8.96175, 
-8.6107, -5.26013, -3.47843, -2.00708, -4.05833, -3.22116, -2.62104, 
0, 0, 0, 0, 0, 0, 0, 0, 0, 0, 0, 0, 0, 0, 0, 0, 0, 0, 0, 0, 0, 
0, 0.51275, 0.53593, 0.52537, 0.52088, 0.51008, 0.53849, 0.54999, 
0.56399, 0.56708, 0.56866, 0.56847, 0.47569, 0.51135, 0.50506, 
0.51451, 0.49865, 0.5091, 0.52229, 0.54619, 0.5536, 0.53721, 
0.56707, 0.3576, 0.3603, 0.4352, 0.5098, 0.689, 0.3316, 0.2424, 
0.2593, 0.2917, 0.3, 0.33, 287.7, 316.2, 341.8, 374.4, 399.3, 
418.5, 451.4, 486.4, 498.8, 531, 550.5, 81, 701, 804, 276, 581, 
1497, 919, 1987, 500, 1671, 1103, 74, 59, 55, 476, 22, 1, 49, 
13, 71, 5, 56, 100, 100, 100, 100, 100, 100, 100, 100, 100, 100, 
100, 2500, 2500, 2500, 2500, 2500, 2500, 2500, 2500, 2500, 2500, 
2500, 13996.274, 14766.913, 16898.799, 18430.791, 19030.081, 
14026.615, 12576.711, 13117.875, 13834.559, 14101.511, 15645.236, 
13.87468, 14.57384, 14.84759, 14.99987, 13.12945, 11.18781, 4.19341, 
3.36138, 7.13161, 5.48893, 5.06448, -8.13458, -7.87596, -8.44933, 
-9.01301, -6.95804, -5.26964, -2.80804, -1.47597, -4.16921, -3.57177, 
-2.58867, 0, 0, 0, 0, 0, 0, 0, 0, 0, 0, 0, 0, 0, 0, 0, 0, 0, 
0, 0, 0, 0, 0, 0.50532, 0.53332, 0.51877, 0.52088, 0.50407, 0.5367, 
0.54845, 0.55656, 0.56417, 0.56473, 0.56284, 0.47599, 0.51379, 
0.5004, 0.51643, 0.47213, 0.50735, 0.51712, 0.56156, 0.55514, 
0.53169, 0.54537, 0.275, 0.3285, 0.4224, 0.5272, 0.4271, 0.3333, 
0.2379, 0.2729, 0.2961, 0.2999, 0.3358, 288, 316.6, 343.6, 374.7, 
397.3, 418.8, 455, 487.8, 498.7, 529.2, 555.9, 2046, 2432, 1557, 
1402, 346, 1268, 371, 1411, 1355, 1336, 1385, 1, 1, 2, 1, 1, 
1, 1, 1, 1, 1, 1, 100, 100, 100, 100, 100, 100, 100, 100, 100, 
100, 100, 2500, 2500, 2500, 2500, 2500, 2500, 2500, 2500, 2500, 
2500, 2500, 10030.603, 10497.436, 10928.776, 11490.959, 12082.196, 
12583.278, 13297.541, 13872.556, 14569.8, 15641.307, 18274.341, 
1, 1, 1, 1, 1, 1, 1, 1, 1, 1, 1, 0.125, 0.125, 0.125, 0.125, 
0.125, 0.125, 0.125, 0.125, 0.125, 0.125, 0.125, 0, 0, 0, 0, 
0, 0, 0, 0, 0, 0, 0, 0, 0, 0, 0, 0, 0, 0, 0, 0, 0, 0, 0.36777, 
0.36961, 0.36229, 0.37299, 0.39311, 0.4096, 0.42006, 0.39584, 
0.41228, 0.42878, 0.41131, 0.34382, 0.37405, 0.36809, 0.37512, 
0.38895, 0.40833, 0.42456, 0.40292, 0.41399, 0.42463, 0.42332, 
0.121, 0.1404, 0.1508, 0.1729, 0.1895, 0.2065, 0.2277, 0.2417, 
0.2657, 0.2863, 0.3142, 305.1, 336, 365.3, 393.3, 423.7, 453.3, 
479.8, 510.5, 537.4, 565.1, 596.7, 1, 1, 1, 1, 1, 1, 1, 1, 1, 
1, 1, 1, 1, 1, 1, 1, 1, 1, 1, 1, 1, 1, 1, 1, 1, 1, 1, 1, 1, 1, 
1, 1, 1, 1, 1, 1, 1, 1, 1, 1, 1, 1, 1, 1, 3.713, 3.956, 4.101, 
4.315, 4.409, 4.572, 4.821, 4.883, 5.195, 5.375, 6.457), .Dim = c(11L, 
40L), .Dimnames = list(NULL, c("Sampling", "PSO.cost", "PSO.gamma", 
"PSO.data.balancing", "PSO.feature.selection", "PSO.valid.acc", 
"PSO.test.acc", "PSO.train.time", "PSO.n.support.vectors", "PSO.index", 
"PSO.n.solutions", "PSO.generations", "PSO.n.evaluations", "PSO.cpu.time", 
"RS.cost", "RS.gamma", "RS.data.balancing", "RS.feature.selection", 
"RS.valid.acc", "RS.test.acc", "RS.train.time", "RS.n.support.vectors", 
"RS.index", "RS.n.solutions", "RS.generations", "RS.n.evaluations", 
"RS.cpu.time", "DF.cost", "DF.gamma", "DF.data.balancing", "DF.feature.selection", 
"DF.valid.acc", "DF.test.acc", "DF.train.time", "DF.n.support.vectors", 
"DF.index", "DF.n.solutions", "DF.generations", "DF.n.evaluations", 
"DF.cpu.time")))
