full <-
structure(c(50, 55, 60, 65, 70, 75, 80, 85, 90, 95, 100, 9.99638, 
14.9869, 7.68211, 6.16533, 4.7345, 2.09851, 14.634, 6.63201, 
10.2655, 3.95112, 9.02907, -4.21054, -9.16364, -2.66876, -3.99394, 
-2.90933, -1.2774, -7.15479, -3.94385, -5.22394, -3.07009, -5.08635, 
0, 0, 0, 0, 0, 0, 0, 0, 0, 0, 0, 0, 0, 0, 0, 0, 0, 0, 0, 0, 0, 
0, 0.51599, 0.48624, 0.51795, 0.54366, 0.53839, 0.56542, 0.55737, 
0.54898, 0.56705, 0.55175, 0.55968, 0.47631, 0.46869, 0.49051, 
0.52747, 0.53929, 0.53332, 0.52763, 0.55361, 0.54941, 0.53892, 
0.53746, 0.1529, 0.3939, 0.1783, 0.1984, 0.2197, 0.2652, 0.7326, 
0.2943, 0.4136, 0.3232, 0.4325, 287.5, 315.4, 342.4, 372.5, 397.5, 
438.5, 437.5, 474.4, 496, 537.3, 549.4, 1665, 1312, 1570, 1325, 
813, 2170, 1586, 1247, 1786, 699, 993, 14, 39, 61, 24, 50, 1, 
18, 38, 21, 20, 56, 100, 100, 100, 100, 100, 100, 100, 100, 100, 
100, 100, 2500, 2500, 2500, 2500, 2500, 2500, 2500, 2500, 2500, 
2500, 2500, 9875.187, 14160.797, 10674.959, 11535.809, 11778.861, 
12856.485, 21542.539, 16539.505, 18687.618, 16627.384, 25426.596, 
10.91975, 14.09626, 7.17037, 6.07226, 2.41784, 2.14708, 5.52008, 
11.50197, 10.42325, 10.00931, 11.95394, -4.52758, -8.62485, -2.5756, 
-3.95419, -1.53162, -1.29827, -3.44605, -6.7589, -5.24401, -6.59227, 
-7.29908, 0, 0, 0, 0, 0, 0, 0, 0, 0, 0, 0, 0, 0, 0, 0, 0, 0, 
0, 0, 0, 0, 0, 0.5081, 0.47917, 0.51204, 0.53947, 0.52948, 0.56375, 
0.5561, 0.54923, 0.56404, 0.55024, 0.5557, 0.48096, 0.47589, 
0.49502, 0.52943, 0.52233, 0.5352, 0.54105, 0.55084, 0.54817, 
0.54297, 0.5316, 0.1601, 0.3243, 0.1798, 0.2026, 0.2359, 0.2652, 
0.2616, 0.4529, 0.4051, 0.4277, 0.7128, 286.8, 314.7, 342.3, 
372.9, 407.3, 437.8, 451, 470.9, 494.8, 528.7, 552.2, 901, 894, 
1602, 287, 333, 892, 971, 240, 1321, 2165, 897, 1, 1, 1, 1, 1, 
1, 1, 1, 1, 1, 1, 100, 100, 100, 100, 100, 100, 100, 100, 100, 
100, 100, 2500, 2500, 2500, 2500, 2500, 2500, 2500, 2500, 2500, 
2500, 2500, 9902.377, 10465.848, 10951.021, 11830.209, 12660.527, 
13571.955, 13676.249, 14650.607, 15325.693, 16451.258, 17902.39, 
1, 1, 1, 1, 1, 1, 1, 1, 1, 1, 1, 0.125, 0.125, 0.125, 0.125, 
0.125, 0.125, 0.125, 0.125, 0.125, 0.125, 0.125, 0, 0, 0, 0, 
0, 0, 0, 0, 0, 0, 0, 0, 0, 0, 0, 0, 0, 0, 0, 0, 0, 0, 0.39324, 
0.38982, 0.38058, 0.39359, 0.41234, 0.4106, 0.41325, 0.41091, 
0.41311, 0.41739, 0.4194, 0.39761, 0.39198, 0.38705, 0.39832, 
0.40251, 0.41392, 0.42001, 0.41688, 0.41874, 0.41188, 0.41412, 
0.1332, 0.1478, 0.1722, 0.1772, 0.211, 0.2311, 0.2355, 0.2708, 
0.2753, 0.308, 0.329, 305.1, 334.1, 363.8, 392, 421.5, 450.7, 
478, 508.5, 535.7, 564.8, 596.8, 1, 1, 1, 1, 1, 1, 1, 1, 1, 1, 
1, 1, 1, 1, 1, 1, 1, 1, 1, 1, 1, 1, 1, 1, 1, 1, 1, 1, 1, 1, 1, 
1, 1, 1, 1, 1, 1, 1, 1, 1, 1, 1, 1, 1, 3.801, 3.86, 4.264, 4.1, 
4.669, 4.889, 4.743, 5.286, 5.164, 5.917, 6.054), .Dim = c(11L, 
40L), .Dimnames = list(NULL, c("Sampling", "PSO.cost", "PSO.gamma", 
"PSO.data.balancing", "PSO.feature.selection", "PSO.valid.acc", 
"PSO.test.acc", "PSO.train.time", "PSO.n.support.vectors", "PSO.index", 
"PSO.n.solutions", "PSO.generations", "PSO.n.evaluations", "PSO.cpu.time", 
"RS.cost", "RS.gamma", "RS.data.balancing", "RS.feature.selection", 
"RS.valid.acc", "RS.test.acc", "RS.train.time", "RS.n.support.vectors", 
"RS.index", "RS.n.solutions", "RS.generations", "RS.n.evaluations", 
"RS.cpu.time", "DF.cost", "DF.gamma", "DF.data.balancing", "DF.feature.selection", 
"DF.valid.acc", "DF.test.acc", "DF.train.time", "DF.n.support.vectors", 
"DF.index", "DF.n.solutions", "DF.generations", "DF.n.evaluations", 
"DF.cpu.time")))
