full <-
structure(c(50, 55, 60, 65, 70, 75, 80, 85, 90, 95, 100, 2.83051, 
14.1449, 11.30342, 11.92623, 6.56509, 12.93815, 5.01899, 11.76928, 
13.94346, 15, 9.65362, -2.15843, -7.83003, -6.88586, -6.33956, 
-3.56084, -6.73464, -3.38016, -6.04802, -6.81609, -7.65659, -3.78496, 
0, 0, 0, 0, 0, 0, 0, 0, 0, 0, 0, 0, 0, 0, 0, 0, 0, 0, 0, 0, 0, 
0, 0.5142, 0.52495, 0.5334, 0.56483, 0.56098, 0.55185, 0.56676, 
0.57861, 0.57354, 0.5564, 0.56081, 0.47353, 0.51388, 0.51937, 
0.53222, 0.54719, 0.53467, 0.55605, 0.56689, 0.55616, 0.54611, 
0.55712, 0.1437, 0.3493, 0.2419, 0.2805, 0.2138, 0.4596, 0.2408, 
0.4986, 0.8736, 1.4327, 0.4094, 294.8, 315.4, 344.1, 362.2, 395.1, 
409, 449.7, 464.7, 483.2, 513.3, 542.7, 2440, 673, 332, 550, 
1028, 2050, 2372, 1051, 1064, 712, 2111, 1, 77, 37, 51, 60, 3, 
1, 26, 95, 11, 1, 100, 100, 100, 100, 100, 100, 100, 100, 100, 
100, 100, 2500, 2500, 2500, 2500, 2500, 2500, 2500, 2500, 2500, 
2500, 2500, 9948.443, 14694.93, 11964.189, 13109.351, 11830.038, 
17155.552, 12498.926, 20230.113, 27342.485, 25010.926, 19116.985, 
5.54121, 13.54409, 10.94811, 4.89945, 6.48101, 7.44897, 14.51302, 
9.94882, 13.76836, 13.00963, 3.20276, -4.0174, -7.63919, -6.23783, 
-3.01091, -3.51531, -4.67544, -7.58307, -5.55449, -6.47071, -2.87076, 
-2.03843, 0, 0, 0, 0, 0, 0, 0, 0, 0, 0, 0, 0, 0, 0, 0, 0, 0, 
0, 0, 0, 0, 0, 0.51004, 0.52201, 0.53319, 0.56152, 0.55909, 0.54338, 
0.56548, 0.57196, 0.57197, 0.55505, 0.55884, 0.47966, 0.51874, 
0.52323, 0.54459, 0.54904, 0.52435, 0.55148, 0.56719, 0.55755, 
0.5502, 0.54217, 0.1375, 0.3149, 0.2308, 0.1872, 0.2134, 0.2541, 
0.7558, 0.3562, 0.7455, 0.3981, 0.3507, 291.6, 315.8, 340.4, 
370.2, 395.9, 421.9, 435, 468.4, 482.8, 515, 563.8, 1774, 995, 
942, 1301, 1339, 1345, 209, 1211, 928, 462, 251, 1, 1, 1, 1, 
1, 1, 1, 1, 1, 1, 1, 100, 100, 100, 100, 100, 100, 100, 100, 
100, 100, 100, 2500, 2500, 2500, 2500, 2500, 2500, 2500, 2500, 
2500, 2500, 2500, 9964.567, 10325.801, 11018.796, 11486.052, 
12024.616, 12995.885, 13462.879, 14403.631, 14986.749, 16220.787, 
17164.655, 1, 1, 1, 1, 1, 1, 1, 1, 1, 1, 1, 0.125, 0.125, 0.125, 
0.125, 0.125, 0.125, 0.125, 0.125, 0.125, 0.125, 0.125, 0, 0, 
0, 0, 0, 0, 0, 0, 0, 0, 0, 0, 0, 0, 0, 0, 0, 0, 0, 0, 0, 0, 0.41496, 
0.39559, 0.41188, 0.41785, 0.4292, 0.43018, 0.41688, 0.42096, 
0.42744, 0.41114, 0.41695, 0.41, 0.39175, 0.41426, 0.42169, 0.42186, 
0.42817, 0.42202, 0.42667, 0.42012, 0.41165, 0.41664, 0.1356, 
0.1477, 0.1648, 0.1821, 0.2, 0.2296, 0.229, 0.2714, 0.2738, 0.3148, 
0.3221, 304, 334.4, 361.4, 391.2, 419.6, 448, 477.4, 505.9, 536, 
565.8, 596, 1, 1, 1, 1, 1, 1, 1, 1, 1, 1, 1, 1, 1, 1, 1, 1, 1, 
1, 1, 1, 1, 1, 1, 1, 1, 1, 1, 1, 1, 1, 1, 1, 1, 1, 1, 1, 1, 1, 
1, 1, 1, 1, 1, 1, 3.843, 3.89, 4.091, 4.277, 4.417, 4.862, 4.615, 
5.26, 5.083, 5.767, 5.664), .Dim = c(11L, 40L), .Dimnames = list(
    NULL, c("Sampling", "PSO.cost", "PSO.gamma", "PSO.data.balancing", 
    "PSO.feature.selection", "PSO.valid.acc", "PSO.test.acc", 
    "PSO.train.time", "PSO.n.support.vectors", "PSO.index", "PSO.n.solutions", 
    "PSO.generations", "PSO.n.evaluations", "PSO.cpu.time", "RS.cost", 
    "RS.gamma", "RS.data.balancing", "RS.feature.selection", 
    "RS.valid.acc", "RS.test.acc", "RS.train.time", "RS.n.support.vectors", 
    "RS.index", "RS.n.solutions", "RS.generations", "RS.n.evaluations", 
    "RS.cpu.time", "DF.cost", "DF.gamma", "DF.data.balancing", 
    "DF.feature.selection", "DF.valid.acc", "DF.test.acc", "DF.train.time", 
    "DF.n.support.vectors", "DF.index", "DF.n.solutions", "DF.generations", 
    "DF.n.evaluations", "DF.cpu.time")))
