full <-
structure(c(50, 55, 60, 65, 70, 75, 80, 85, 90, 95, 100, 4.0463, 
5.40045, 10.90549, 5.88198, 12.8292, 9.01852, 3.56844, 6.03951, 
5.56139, 4.64091, 5.92377, -2.16907, -3.30663, -3.00469, -2.72733, 
-7.52583, -2.09952, -1.73943, -2.52695, -2.53004, -2.65551, -3.6328, 
0, 0, 0, 0, 0, 0, 0, 0, 0, 0, 0, 0, 0, 0, 0, 0, 0, 0, 0, 0, 0, 
0, 0.49867, 0.50773, 0.49824, 0.54492, 0.53348, 0.52533, 0.54762, 
0.54811, 0.55923, 0.56359, 0.56382, 0.48177, 0.48033, 0.46477, 
0.52315, 0.50412, 0.50201, 0.54114, 0.53752, 0.5438, 0.56067, 
0.54183, 0.1385, 0.1499, 0.1871, 0.1893, 0.444, 0.2473, 0.2539, 
0.2722, 0.2865, 0.3036, 0.3455, 295.6, 320.4, 340.2, 370, 392.3, 
425.6, 457.7, 474.7, 497.8, 529.6, 556.5, 1131, 2223, 668, 1028, 
1116, 588, 1565, 1809, 986, 987, 852, 39, 3, 63, 241, 84, 749, 
15, 9, 107, 16, 117, 100, 100, 100, 100, 100, 100, 100, 100, 
100, 100, 100, 2500, 2500, 2500, 2500, 2500, 2500, 2500, 2500, 
2500, 2500, 2500, 9586.123, 9815.973, 10735.246, 11193.136, 16880.297, 
12267.338, 12914.034, 13268.535, 13418.414, 15926.827, 15312.825, 
4.44482, 5.25693, 6.12684, 5.69798, 12.915, 6.59913, 4.21127, 
6.75699, 6.06193, 4.49081, 6.20342, -2.37433, -3.27085, -3.83628, 
-2.589, -7.45478, -2.06147, -1.76347, -2.6661, -2.46974, -2.55463, 
-3.8257, 0, 0, 0, 0, 0, 0, 0, 0, 0, 0, 0, 0, 0, 0, 0, 0, 0, 0, 
0, 0, 0, 0, 0.49565, 0.50267, 0.50138, 0.53699, 0.53132, 0.52339, 
0.54296, 0.54372, 0.55364, 0.56075, 0.55737, 0.47997, 0.47773, 
0.46764, 0.52499, 0.50039, 0.5193, 0.54449, 0.53423, 0.54838, 
0.56337, 0.54563, 0.1462, 0.1527, 0.1702, 0.1876, 0.4626, 0.2297, 
0.2512, 0.2913, 0.2895, 0.3198, 0.3499, 294.8, 320.4, 342, 370.2, 
392.7, 427, 456.8, 472, 496.6, 530.3, 557.2, 1185, 2469, 2486, 
1241, 863, 532, 1007, 2455, 60, 1187, 219, 1, 1, 1, 1, 1, 2, 
1, 1, 1, 1, 1, 100, 100, 100, 100, 100, 100, 100, 100, 100, 100, 
100, 2500, 2500, 2500, 2500, 2500, 2500, 2500, 2500, 2500, 2500, 
2500, 9562.518, 10152.427, 10948.092, 11904.376, 12001.014, 12777.399, 
13520.704, 14336.427, 14684.971, 15541.106, 16518.851, 1, 1, 
1, 1, 1, 1, 1, 1, 1, 1, 1, 0.125, 0.125, 0.125, 0.125, 0.125, 
0.125, 0.125, 0.125, 0.125, 0.125, 0.125, 0, 0, 0, 0, 0, 0, 0, 
0, 0, 0, 0, 0, 0, 0, 0, 0, 0, 0, 0, 0, 0, 0, 0.3615, 0.34335, 
0.3553, 0.35958, 0.3793, 0.37411, 0.37885, 0.40006, 0.39838, 
0.41467, 0.41496, 0.35409, 0.34313, 0.36267, 0.36534, 0.38316, 
0.37745, 0.37298, 0.40441, 0.40446, 0.41888, 0.41599, 0.1255, 
0.1421, 0.158, 0.1915, 0.2007, 0.2122, 0.2424, 0.2666, 0.2865, 
0.3056, 0.3315, 303.5, 332.4, 362.1, 391.5, 422, 451.9, 483.1, 
510.4, 538.7, 566.8, 595.3, 1, 1, 1, 1, 1, 1, 1, 1, 1, 1, 1, 
1, 1, 1, 1, 1, 1, 1, 1, 1, 1, 1, 1, 1, 1, 1, 1, 1, 1, 1, 1, 1, 
1, 1, 1, 1, 1, 1, 1, 1, 1, 1, 1, 1, 3.531, 3.72, 3.926, 4.539, 
4.504, 4.507, 4.914, 5.121, 5.353, 5.552, 5.859), .Dim = c(11L, 
40L), .Dimnames = list(NULL, c("Sampling", "PSO.cost", "PSO.gamma", 
"PSO.data.balancing", "PSO.feature.selection", "PSO.valid.acc", 
"PSO.test.acc", "PSO.train.time", "PSO.n.support.vectors", "PSO.index", 
"PSO.n.solutions", "PSO.generations", "PSO.n.evaluations", "PSO.cpu.time", 
"RS.cost", "RS.gamma", "RS.data.balancing", "RS.feature.selection", 
"RS.valid.acc", "RS.test.acc", "RS.train.time", "RS.n.support.vectors", 
"RS.index", "RS.n.solutions", "RS.generations", "RS.n.evaluations", 
"RS.cpu.time", "DF.cost", "DF.gamma", "DF.data.balancing", "DF.feature.selection", 
"DF.valid.acc", "DF.test.acc", "DF.train.time", "DF.n.support.vectors", 
"DF.index", "DF.n.solutions", "DF.generations", "DF.n.evaluations", 
"DF.cpu.time")))
