full <-
structure(c(50, 55, 60, 65, 70, 75, 80, 85, 90, 95, 100, 10.36209, 
7.01765, 5.27534, 15, 10.84664, 4.44293, 5.33574, 7.84331, 7.57503, 
6.27411, 10.61128, -5.10947, -3.69239, -3.49716, -7.53466, -4.89882, 
-2.81811, -1.92138, -3.16021, -2.75726, -3.3517, -4.15777, 0, 
0, 0, 0, 0, 0, 0, 0, 0, 0, 0, 0, 0, 0, 0, 0, 0, 0, 0, 0, 0, 0, 
0.55197, 0.5564, 0.56088, 0.5569, 0.57103, 0.56365, 0.58331, 
0.55644, 0.55079, 0.56064, 0.55285, 0.54064, 0.54178, 0.55567, 
0.53074, 0.54355, 0.5589, 0.53278, 0.53762, 0.52176, 0.54887, 
0.53972, 0.1396, 0.1395, 0.1529, 0.5578, 0.2543, 0.2077, 0.2327, 
0.2622, 0.2818, 0.3105, 0.4259, 277.8, 308.4, 339.8, 351.5, 383.3, 
422, 453, 466.1, 492.9, 524.3, 540.9, 1101, 928, 1970, 843, 373, 
580, 1457, 2105, 1572, 888, 617, 104, 45, 3, 40, 270, 539, 38, 
9, 73, 89, 52, 100, 100, 100, 100, 100, 100, 100, 100, 100, 100, 
100, 2500, 2500, 2500, 2500, 2500, 2500, 2500, 2500, 2500, 2500, 
2500, 10108.862, 10505.093, 10235.434, 15741.85, 12448.169, 11581.14, 
12245.224, 14200.771, 13459.51, 14932.173, 16708.687, 10.75659, 
5.04904, 5.34735, 14.45773, 10.94638, 4.68463, 5.34993, 7.57847, 
5.6751, 6.87719, 7.28089, -5.00545, -2.80287, -3.53282, -7.08771, 
-4.86253, -2.9135, -2.00251, -3.32034, -2.9431, -3.63908, -3.31918, 
0, 0, 0, 0, 0, 0, 0, 0, 0, 0, 0, 0, 0, 0, 0, 0, 0, 0, 0, 0, 0, 
0, 0.54794, 0.55898, 0.5585, 0.54918, 0.56396, 0.55832, 0.57852, 
0.54749, 0.54619, 0.55645, 0.55215, 0.53655, 0.52767, 0.55562, 
0.52022, 0.54722, 0.55562, 0.53765, 0.52546, 0.53295, 0.54332, 
0.54849, 0.148, 0.1305, 0.1534, 0.4521, 0.2576, 0.2032, 0.2354, 
0.2704, 0.2812, 0.3225, 0.3455, 277.1, 310.7, 339.8, 351.6, 382.9, 
421.6, 452.1, 465.1, 499, 522.6, 547.4, 2160, 1215, 415, 1959, 
1202, 1651, 1627, 1077, 320, 1927, 1273, 1, 1, 1, 1, 1, 1, 1, 
1, 1, 1, 1, 100, 100, 100, 100, 100, 100, 100, 100, 100, 100, 
100, 2500, 2500, 2500, 2500, 2500, 2500, 2500, 2500, 2500, 2500, 
2500, 9892.859, 10089.504, 10582.952, 11069.635, 11762.362, 12422.076, 
13042.255, 13800.46, 14744.689, 15565.157, 16384.751, 1, 1, 1, 
1, 1, 1, 1, 1, 1, 1, 1, 0.125, 0.125, 0.125, 0.125, 0.125, 0.125, 
0.125, 0.125, 0.125, 0.125, 0.125, 0, 0, 0, 0, 0, 0, 0, 0, 0, 
0, 0, 0, 0, 0, 0, 0, 0, 0, 0, 0, 0, 0, 0.40494, 0.42496, 0.41001, 
0.40475, 0.40704, 0.42793, 0.41659, 0.4119, 0.40393, 0.41199, 
0.41313, 0.40787, 0.42033, 0.40506, 0.42263, 0.40548, 0.41244, 
0.40506, 0.41183, 0.40078, 0.40773, 0.41692, 0.1142, 0.1267, 
0.1464, 0.1621, 0.182, 0.199, 0.2168, 0.2437, 0.2651, 0.2894, 
0.3066, 304.5, 331.5, 359.4, 387.4, 415.9, 445.1, 475.7, 505.4, 
532.5, 562.1, 595.2, 1, 1, 1, 1, 1, 1, 1, 1, 1, 1, 1, 1, 1, 1, 
1, 1, 1, 1, 1, 1, 1, 1, 1, 1, 1, 1, 1, 1, 1, 1, 1, 1, 1, 1, 1, 
1, 1, 1, 1, 1, 1, 1, 1, 1, 3.648, 3.781, 4.01, 4.098, 4.399, 
4.52, 4.728, 4.982, 5.119, 5.457, 5.481), .Dim = c(11L, 40L), .Dimnames = list(
    NULL, c("Sampling", "PSO.cost", "PSO.gamma", "PSO.data.balancing", 
    "PSO.feature.selection", "PSO.valid.acc", "PSO.test.acc", 
    "PSO.train.time", "PSO.n.support.vectors", "PSO.index", "PSO.n.solutions", 
    "PSO.generations", "PSO.n.evaluations", "PSO.cpu.time", "RS.cost", 
    "RS.gamma", "RS.data.balancing", "RS.feature.selection", 
    "RS.valid.acc", "RS.test.acc", "RS.train.time", "RS.n.support.vectors", 
    "RS.index", "RS.n.solutions", "RS.generations", "RS.n.evaluations", 
    "RS.cpu.time", "DF.cost", "DF.gamma", "DF.data.balancing", 
    "DF.feature.selection", "DF.valid.acc", "DF.test.acc", "DF.train.time", 
    "DF.n.support.vectors", "DF.index", "DF.n.solutions", "DF.generations", 
    "DF.n.evaluations", "DF.cpu.time")))
