full <-
structure(c(50, 55, 60, 65, 70, 75, 80, 85, 90, 95, 100, 2.47137, 
15, 12.51118, 12.24063, 14.65698, 11.33584, 4.16839, 8.4101, 
7.89479, 4.66294, 8.85554, -1.54086, -8.53685, -7.19048, -7.01718, 
-6.79793, -6.73505, -2.3369, -4.30354, -4.86847, -2.67152, -5.31183, 
0, 0, 0, 0, 0, 0, 0, 0, 0, 0, 0, 0, 0, 0, 0, 0, 0, 0, 0, 0, 0, 
0, 0.46307, 0.52319, 0.48676, 0.50561, 0.51775, 0.53167, 0.52232, 
0.53443, 0.54866, 0.55256, 0.57527, 0.43919, 0.51052, 0.48193, 
0.48166, 0.4613, 0.49792, 0.50735, 0.51733, 0.514, 0.53214, 0.54669, 
0.1394, 0.3154, 0.2551, 0.2928, 0.5205, 0.3503, 0.2527, 0.3158, 
0.3379, 0.3137, 0.431, 295.7, 306.2, 333, 364.6, 382.6, 412.1, 
451.7, 472.5, 501.2, 526.8, 551.8, 795, 473, 1563, 1780, 1898, 
1054, 1813, 1170, 1489, 412, 1219, 57, 393, 21, 13, 17, 38, 3, 
13, 17, 130, 148, 100, 100, 100, 100, 100, 100, 100, 100, 100, 
100, 100, 2500, 2500, 2500, 2500, 2500, 2500, 2500, 2500, 2500, 
2500, 2500, 9825.614, 13032.327, 11593.152, 13726.579, 17066.116, 
15412.926, 13164.671, 14393.314, 15667.366, 15024.457, 18587.942, 
2.73406, 14.7822, 7.57597, 5.04995, 11.41211, 11.87625, 5.32626, 
7.13444, 7.41119, 6.79354, 8.7079, -1.97571, -8.53532, -4.45508, 
-3.67107, -5.96955, -6.98895, -3.42999, -3.58608, -4.63712, -4.06861, 
-5.18437, 0, 0, 0, 0, 0, 0, 0, 0, 0, 0, 0, 0, 0, 0, 0, 0, 0, 
0, 0, 0, 0, 0, 0.45716, 0.51643, 0.48241, 0.50321, 0.51552, 0.52957, 
0.51726, 0.53228, 0.54292, 0.54599, 0.57016, 0.4496, 0.50835, 
0.47971, 0.49384, 0.47736, 0.49243, 0.49453, 0.51114, 0.51532, 
0.53096, 0.54534, 0.1339, 0.3035, 0.1708, 0.1784, 0.3023, 0.3703, 
0.2614, 0.302, 0.3307, 0.3472, 0.4138, 293.6, 307.8, 337.9, 371.4, 
384.6, 411.9, 444.9, 474.2, 502.1, 526.2, 551.5, 689, 1933, 237, 
2296, 2007, 394, 2047, 2102, 436, 2470, 1125, 1, 1, 1, 1, 1, 
1, 1, 1, 1, 1, 1, 100, 100, 100, 100, 100, 100, 100, 100, 100, 
100, 100, 2500, 2500, 2500, 2500, 2500, 2500, 2500, 2500, 2500, 
2500, 2500, 9521.494, 9839.175, 10519.893, 11906.874, 12571.662, 
13204.265, 14225.58, 15102.753, 15762.028, 16521.496, 17731.811, 
1, 1, 1, 1, 1, 1, 1, 1, 1, 1, 1, 0.125, 0.125, 0.125, 0.125, 
0.125, 0.125, 0.125, 0.125, 0.125, 0.125, 0.125, 0, 0, 0, 0, 
0, 0, 0, 0, 0, 0, 0, 0, 0, 0, 0, 0, 0, 0, 0, 0, 0, 0, 0.39721, 
0.4112, 0.38973, 0.40829, 0.40421, 0.41548, 0.41021, 0.39505, 
0.40677, 0.42082, 0.41775, 0.39675, 0.40917, 0.39714, 0.39735, 
0.40638, 0.41384, 0.41053, 0.40041, 0.42126, 0.41794, 0.41802, 
0.1263, 0.1393, 0.1629, 0.1795, 0.208, 0.2217, 0.2503, 0.2716, 
0.2967, 0.3176, 0.3307, 301.9, 329.7, 358.2, 386.3, 416.1, 443.1, 
472.9, 504.4, 535.8, 564.3, 595.7, 1, 1, 1, 1, 1, 1, 1, 1, 1, 
1, 1, 1, 1, 1, 1, 1, 1, 1, 1, 1, 1, 1, 1, 1, 1, 1, 1, 1, 1, 1, 
1, 1, 1, 1, 1, 1, 1, 1, 1, 1, 1, 1, 1, 1, 3.662, 3.693, 4.21, 
4.393, 4.707, 4.888, 5.196, 5.424, 5.763, 6.004, 6.15), .Dim = c(11L, 
40L), .Dimnames = list(NULL, c("Sampling", "PSO.cost", "PSO.gamma", 
"PSO.data.balancing", "PSO.feature.selection", "PSO.valid.acc", 
"PSO.test.acc", "PSO.train.time", "PSO.n.support.vectors", "PSO.index", 
"PSO.n.solutions", "PSO.generations", "PSO.n.evaluations", "PSO.cpu.time", 
"RS.cost", "RS.gamma", "RS.data.balancing", "RS.feature.selection", 
"RS.valid.acc", "RS.test.acc", "RS.train.time", "RS.n.support.vectors", 
"RS.index", "RS.n.solutions", "RS.generations", "RS.n.evaluations", 
"RS.cpu.time", "DF.cost", "DF.gamma", "DF.data.balancing", "DF.feature.selection", 
"DF.valid.acc", "DF.test.acc", "DF.train.time", "DF.n.support.vectors", 
"DF.index", "DF.n.solutions", "DF.generations", "DF.n.evaluations", 
"DF.cpu.time")))
