full <-
structure(c(50, 55, 60, 65, 70, 75, 80, 85, 90, 95, 100, 1.5176, 
6.01013, 6.77742, 4.68853, 8.24798, 3.08468, 7.32136, 5.73019, 
10.8162, 5.15756, 8.38445, -1.02041, -3.86622, -4.30651, -2.99235, 
-4.16595, -2.3864, -3.86466, -3.93878, -4.40562, -3.32578, -3.38686, 
0, 0, 0, 0, 0, 0, 0, 0, 0, 0, 0, 0, 0, 0, 0, 0, 0, 0, 0, 0, 0, 
0, 0.50318, 0.48142, 0.49727, 0.51797, 0.54808, 0.53697, 0.5567, 
0.55473, 0.53496, 0.55603, 0.57186, 0.48488, 0.47153, 0.49055, 
0.47603, 0.5325, 0.50206, 0.51085, 0.51592, 0.53392, 0.53702, 
0.54112, 0.1384, 0.144, 0.1711, 0.1831, 0.2244, 0.2264, 0.2584, 
0.2707, 0.3801, 0.3141, 0.3678, 298.2, 316.5, 343.8, 372.6, 389.4, 
430.8, 447.2, 481.2, 488.4, 527.5, 544.8, 1117, 1650, 1143, 599, 
1071, 2087, 559, 1321, 1331, 1485, 2167, 36, 7, 22, 59, 87, 15, 
41, 4, 57, 23, 1, 100, 100, 100, 100, 100, 100, 100, 100, 100, 
100, 100, 2500, 2500, 2500, 2500, 2500, 2500, 2500, 2500, 2500, 
2500, 2500, 9483.479, 9502.832, 10384.142, 10809.932, 11893.626, 
14463.227, 13169.598, 13018.224, 15339.887, 14111.197, 17117.856, 
1.84716, 6.259, 8.13971, 3.63001, 8.06814, 4.08513, 4.10151, 
6.92506, 3.11378, 5.95535, 7.78476, -1.27423, -3.84567, -4.29132, 
-2.49648, -4.00944, -2.81595, -2.61029, -4.51186, -1.31252, -3.38514, 
-3.18964, 0, 0, 0, 0, 0, 0, 0, 0, 0, 0, 0, 0, 0, 0, 0, 0, 0, 
0, 0, 0, 0, 0, 0.48908, 0.48101, 0.49359, 0.50587, 0.54042, 0.53287, 
0.54912, 0.55151, 0.53472, 0.54866, 0.56399, 0.48253, 0.45524, 
0.46961, 0.4741, 0.54019, 0.50416, 0.51274, 0.51393, 0.51599, 
0.53409, 0.53705, 0.1355, 0.1417, 0.171, 0.1831, 0.2214, 0.2172, 
0.2394, 0.2823, 0.3071, 0.3129, 0.3609, 297.7, 315.4, 341.2, 
374.4, 390.5, 426.8, 454.4, 478.5, 513.3, 522.8, 545.5, 247, 
238, 624, 1849, 290, 267, 1592, 307, 1071, 533, 473, 1, 1, 1, 
1, 1, 1, 1, 1, 1, 1, 1, 100, 100, 100, 100, 100, 100, 100, 100, 
100, 100, 100, 2500, 2500, 2500, 2500, 2500, 2500, 2500, 2500, 
2500, 2500, 2500, 9380.338, 9818.627, 10441.17, 11295.475, 11899.352, 
12550.661, 13289.867, 13971.981, 14734.767, 15502.882, 16456.134, 
1, 1, 1, 1, 1, 1, 1, 1, 1, 1, 1, 0.125, 0.125, 0.125, 0.125, 
0.125, 0.125, 0.125, 0.125, 0.125, 0.125, 0.125, 0, 0, 0, 0, 
0, 0, 0, 0, 0, 0, 0, 0, 0, 0, 0, 0, 0, 0, 0, 0, 0, 0, 0.37298, 
0.38559, 0.37076, 0.40115, 0.37707, 0.39633, 0.39902, 0.40854, 
0.40101, 0.40395, 0.41108, 0.38953, 0.39741, 0.3884, 0.40392, 
0.3918, 0.40034, 0.41391, 0.41427, 0.40547, 0.40941, 0.41774, 
0.1209, 0.1405, 0.1516, 0.1738, 0.1962, 0.2123, 0.2334, 0.254, 
0.2735, 0.2927, 0.3331, 304.1, 335.1, 363.7, 393.4, 423.3, 451.1, 
481.6, 508.5, 537, 567.4, 596.8, 1, 1, 1, 1, 1, 1, 1, 1, 1, 1, 
1, 1, 1, 1, 1, 1, 1, 1, 1, 1, 1, 1, 1, 1, 1, 1, 1, 1, 1, 1, 1, 
1, 1, 1, 1, 1, 1, 1, 1, 1, 1, 1, 1, 1, 3.516, 3.83, 3.87, 4.149, 
4.376, 4.545, 4.789, 4.921, 5.102, 5.276, 6.612), .Dim = c(11L, 
40L), .Dimnames = list(NULL, c("Sampling", "PSO.cost", "PSO.gamma", 
"PSO.data.balancing", "PSO.feature.selection", "PSO.valid.acc", 
"PSO.test.acc", "PSO.train.time", "PSO.n.support.vectors", "PSO.index", 
"PSO.n.solutions", "PSO.generations", "PSO.n.evaluations", "PSO.cpu.time", 
"RS.cost", "RS.gamma", "RS.data.balancing", "RS.feature.selection", 
"RS.valid.acc", "RS.test.acc", "RS.train.time", "RS.n.support.vectors", 
"RS.index", "RS.n.solutions", "RS.generations", "RS.n.evaluations", 
"RS.cpu.time", "DF.cost", "DF.gamma", "DF.data.balancing", "DF.feature.selection", 
"DF.valid.acc", "DF.test.acc", "DF.train.time", "DF.n.support.vectors", 
"DF.index", "DF.n.solutions", "DF.generations", "DF.n.evaluations", 
"DF.cpu.time")))
