full <-
structure(c(50, 55, 60, 65, 70, 75, 80, 85, 90, 95, 100, 5.16588, 
5.0276, 12.6127, 7.42414, 12.87652, 5.74189, 13.21047, 14.52283, 
4.41173, 11.69645, 6.62589, -3.60298, -3.40466, -5.09691, -4.32168, 
-7.017, -3.49239, -7.67344, -7.5624, -2.83186, -5.97768, -2.45167, 
0, 0, 0, 0, 0, 0, 0, 0, 0, 0, 0, 0, 0, 0, 0, 0, 0, 0, 0, 0, 0, 
0, 0.47567, 0.51794, 0.47382, 0.49779, 0.51529, 0.52012, 0.52503, 
0.54301, 0.55411, 0.54585, 0.55859, 0.45821, 0.4966, 0.46858, 
0.50192, 0.49606, 0.49994, 0.5251, 0.51679, 0.53468, 0.52618, 
0.55177, 0.1428, 0.1585, 0.2568, 0.1939, 0.4039, 0.234, 0.5662, 
0.9547, 0.2917, 0.5783, 0.3666, 296, 318.4, 338.2, 367, 388.3, 
424.9, 438, 455.7, 501.5, 516.9, 553.4, 611, 1410, 590, 529, 
1241, 1925, 1835, 1741, 2251, 142, 2291, 28, 22, 19, 173, 224, 
1, 1, 5, 1, 129, 1, 100, 100, 100, 100, 100, 100, 100, 100, 100, 
100, 100, 2500, 2500, 2500, 2500, 2500, 2500, 2500, 2500, 2500, 
2500, 2500, 9798.659, 9988.13, 12633.454, 12134.001, 16991.141, 
14659.849, 21203.885, 25150.444, 17200.285, 21625.516, 16675.15, 
5.55694, 3.15235, 9.10465, 7.25794, 11.28662, 5.92401, 7.82994, 
12.40171, 3.53028, 11.43756, 6.53223, -3.88003, -2.28927, -3.75101, 
-4.28274, -3.71057, -3.63884, -4.28133, -7.42195, -2.43225, -5.86752, 
-2.45321, 0, 0, 0, 0, 0, 0, 0, 0, 0, 0, 0, 0, 0, 0, 0, 0, 0, 
0, 0, 0, 0, 0, 0.47263, 0.51351, 0.4744, 0.49365, 0.51501, 0.5166, 
0.51981, 0.53997, 0.54902, 0.54315, 0.55438, 0.46084, 0.48654, 
0.47452, 0.50192, 0.48116, 0.50322, 0.52106, 0.52596, 0.53717, 
0.52485, 0.5491, 0.1402, 0.1546, 0.1831, 0.2061, 0.2586, 0.2314, 
0.2725, 0.5341, 0.2928, 0.5468, 0.3627, 296.3, 321.6, 340.8, 
367, 391.6, 424.7, 441.8, 466.4, 506.1, 516.9, 553.4, 1726, 1529, 
350, 374, 1252, 330, 915, 133, 1477, 1176, 2484, 1, 1, 1, 2, 
1, 1, 1, 1, 1, 1, 1, 100, 100, 100, 100, 100, 100, 100, 100, 
100, 100, 100, 2500, 2500, 2500, 2500, 2500, 2500, 2500, 2500, 
2500, 2500, 2500, 9884.781, 10354.449, 10838.634, 13686.437, 
14489.377, 14895.566, 13498.866, 14516.428, 15283.523, 17157.031, 
18215.295, 1, 1, 1, 1, 1, 1, 1, 1, 1, 1, 1, 0.125, 0.125, 0.125, 
0.125, 0.125, 0.125, 0.125, 0.125, 0.125, 0.125, 0.125, 0, 0, 
0, 0, 0, 0, 0, 0, 0, 0, 0, 0, 0, 0, 0, 0, 0, 0, 0, 0, 0, 0, 0.34485, 
0.38672, 0.37775, 0.36933, 0.3811, 0.40177, 0.40696, 0.40914, 
0.40675, 0.41119, 0.42568, 0.3508, 0.36613, 0.3849, 0.37518, 
0.38996, 0.39839, 0.41971, 0.4086, 0.41036, 0.41399, 0.42692, 
0.1302, 0.1477, 0.1554, 0.179, 0.2006, 0.2219, 0.231, 0.2677, 
0.2846, 0.3143, 0.3405, 304.4, 333.7, 361.8, 389.3, 418.6, 447.5, 
475.7, 502.2, 534, 565.5, 597, 1, 1, 1, 1, 1, 1, 1, 1, 1, 1, 
1, 1, 1, 1, 1, 1, 1, 1, 1, 1, 1, 1, 1, 1, 1, 1, 1, 1, 1, 1, 1, 
1, 1, 1, 1, 1, 1, 1, 1, 1, 1, 1, 1, 1, 3.858, 4.089, 3.855, 4.968, 
5.196, 5.476, 4.639, 5.281, 5.459, 6.049, 6.349), .Dim = c(11L, 
40L), .Dimnames = list(NULL, c("Sampling", "PSO.cost", "PSO.gamma", 
"PSO.data.balancing", "PSO.feature.selection", "PSO.valid.acc", 
"PSO.test.acc", "PSO.train.time", "PSO.n.support.vectors", "PSO.index", 
"PSO.n.solutions", "PSO.generations", "PSO.n.evaluations", "PSO.cpu.time", 
"RS.cost", "RS.gamma", "RS.data.balancing", "RS.feature.selection", 
"RS.valid.acc", "RS.test.acc", "RS.train.time", "RS.n.support.vectors", 
"RS.index", "RS.n.solutions", "RS.generations", "RS.n.evaluations", 
"RS.cpu.time", "DF.cost", "DF.gamma", "DF.data.balancing", "DF.feature.selection", 
"DF.valid.acc", "DF.test.acc", "DF.train.time", "DF.n.support.vectors", 
"DF.index", "DF.n.solutions", "DF.generations", "DF.n.evaluations", 
"DF.cpu.time")))
