full <-
structure(c(50, 55, 60, 65, 70, 75, 80, 85, 90, 95, 100, 7.40189, 
3.01092, 13.02747, 6.69772, 6.61452, 6.9636, 14.91919, 2.54631, 
7.47485, 6.30459, 3.16077, -4.14478, -2.14342, -7.25897, -3.80231, 
-3.72437, -4.18599, -8.37177, -0.98489, -3.57702, -2.52493, -1.37996, 
0, 0, 0, 0, 0, 0, 0, 0, 0, 0, 0, 0, 0, 0, 0, 0, 0, 0, 0, 0, 0, 
0, 0.48693, 0.49776, 0.48993, 0.51638, 0.54155, 0.55704, 0.54657, 
0.55434, 0.5627, 0.54166, 0.55841, 0.45404, 0.48429, 0.49042, 
0.49282, 0.49229, 0.51295, 0.51055, 0.53789, 0.53588, 0.52952, 
0.54186, 0.1448, 0.1469, 0.299, 0.1852, 0.1991, 0.228, 0.8108, 
0.3032, 0.296, 0.3071, 0.3528, 288, 319.6, 336.4, 368.7, 392.4, 
420.1, 441.6, 494, 491.3, 521.4, 571, 1156, 1493, 1023, 2172, 
842, 889, 781, 1694, 823, 1478, 1787, 75, 30, 47, 1, 163, 309, 
63, 33, 118, 22, 1, 100, 100, 100, 100, 100, 100, 100, 100, 100, 
100, 100, 2500, 2500, 2500, 2500, 2500, 2500, 2500, 2500, 2500, 
2500, 2500, 10098.878, 10219.894, 12914.401, 13784.755, 11809.795, 
12149.78, 21698.295, 15226.273, 14091.607, 14274.648, 18006.09, 
8.88554, 3.45713, 6.8064, 12.63931, 7.11746, 7.57253, 7.57225, 
2.27163, 8.08923, 3.98088, 2.32526, -4.98813, -2.4675, -3.52878, 
-7.69691, -3.98541, -4.12529, -3.89237, -0.87313, -3.77843, -1.75197, 
-0.65491, 0, 0, 0, 0, 0, 0, 0, 0, 0, 0, 0, 0, 0, 0, 0, 0, 0, 
0, 0, 0, 0, 0, 0.47822, 0.4929, 0.48903, 0.51289, 0.53553, 0.55002, 
0.54483, 0.5514, 0.55839, 0.53755, 0.55463, 0.44911, 0.49119, 
0.47767, 0.49258, 0.49818, 0.52384, 0.50068, 0.53648, 0.5215, 
0.5265, 0.53764, 0.1446, 0.1446, 0.1688, 0.3098, 0.208, 0.2321, 
0.2562, 0.3052, 0.3082, 0.3104, 0.408, 288.4, 318.8, 340.7, 370, 
391.9, 417.1, 446.1, 496.5, 488.7, 534.1, 584.5, 547, 430, 1332, 
450, 854, 1605, 30, 2101, 317, 545, 1468, 1, 1, 1, 1, 1, 1, 1, 
1, 1, 1, 1, 100, 100, 100, 100, 100, 100, 100, 100, 100, 100, 
100, 2500, 2500, 2500, 2500, 2500, 2500, 2500, 2500, 2500, 2500, 
2500, 10128.017, 10587.508, 11132.765, 11646.361, 12189.759, 
12641.292, 13495.04, 14108.29, 14625.736, 15330.363, 17294.955, 
1, 1, 1, 1, 1, 1, 1, 1, 1, 1, 1, 0.125, 0.125, 0.125, 0.125, 
0.125, 0.125, 0.125, 0.125, 0.125, 0.125, 0.125, 0, 0, 0, 0, 
0, 0, 0, 0, 0, 0, 0, 0, 0, 0, 0, 0, 0, 0, 0, 0, 0, 0, 0.3627, 
0.38377, 0.38576, 0.37172, 0.38451, 0.40631, 0.40152, 0.39766, 
0.4119, 0.41677, 0.42222, 0.35304, 0.40072, 0.39453, 0.36758, 
0.37418, 0.40052, 0.40593, 0.40228, 0.41581, 0.41099, 0.42373, 
0.1285, 0.1389, 0.1585, 0.1755, 0.1851, 0.2078, 0.2252, 0.249, 
0.2643, 0.2904, 0.3148, 304, 333.2, 362.6, 391.1, 418.9, 448.2, 
479.7, 507.6, 535.7, 567.6, 595, 1, 1, 1, 1, 1, 1, 1, 1, 1, 1, 
1, 1, 1, 1, 1, 1, 1, 1, 1, 1, 1, 1, 1, 1, 1, 1, 1, 1, 1, 1, 1, 
1, 1, 1, 1, 1, 1, 1, 1, 1, 1, 1, 1, 1, 3.913, 4.045, 4.207, 4.367, 
4.248, 4.493, 4.691, 5.007, 5.113, 5.39, 5.929), .Dim = c(11L, 
40L), .Dimnames = list(NULL, c("Sampling", "PSO.cost", "PSO.gamma", 
"PSO.data.balancing", "PSO.feature.selection", "PSO.valid.acc", 
"PSO.test.acc", "PSO.train.time", "PSO.n.support.vectors", "PSO.index", 
"PSO.n.solutions", "PSO.generations", "PSO.n.evaluations", "PSO.cpu.time", 
"RS.cost", "RS.gamma", "RS.data.balancing", "RS.feature.selection", 
"RS.valid.acc", "RS.test.acc", "RS.train.time", "RS.n.support.vectors", 
"RS.index", "RS.n.solutions", "RS.generations", "RS.n.evaluations", 
"RS.cpu.time", "DF.cost", "DF.gamma", "DF.data.balancing", "DF.feature.selection", 
"DF.valid.acc", "DF.test.acc", "DF.train.time", "DF.n.support.vectors", 
"DF.index", "DF.n.solutions", "DF.generations", "DF.n.evaluations", 
"DF.cpu.time")))
