full <-
structure(c(50, 55, 60, 65, 70, 75, 80, 85, 90, 95, 100, 3.65104, 
12.28579, 6.18305, 4.67807, 5.71575, 3.97111, 15, 9.70732, 14.78489, 
3.54172, 6.52918, -1.90267, -7.55268, -4.03303, -2.99884, -4.01592, 
-2.21282, -6.85313, -5.04384, -6.59574, -1.82119, -0.8679, 0, 
0, 0, 0, 0, 0, 0, 0, 0, 0, 0, 0, 0, 0, 0, 0, 0, 0, 0, 0, 0, 0, 
0.53505, 0.54307, 0.52549, 0.52631, 0.54681, 0.54153, 0.54791, 
0.52941, 0.54357, 0.54438, 0.55877, 0.50687, 0.51331, 0.50624, 
0.50374, 0.50445, 0.53123, 0.52646, 0.50582, 0.51843, 0.5285, 
0.528, 0.1378, 0.2395, 0.1818, 0.1951, 0.2223, 0.2398, 0.8241, 
0.3577, 0.9006, 0.3245, 0.4239, 293, 313, 343.6, 370.8, 402.2, 
427.6, 437.6, 469.4, 488.4, 535.7, 580, 1535, 540, 1158, 2051, 
664, 1052, 244, 2236, 1618, 1124, 390, 13, 110, 45, 3, 60, 178, 
182, 1, 20, 30, 519, 100, 100, 100, 100, 100, 100, 100, 100, 
100, 100, 100, 2500, 2500, 2500, 2500, 2500, 2500, 2500, 2500, 
2500, 2500, 2500, 9558.703, 11835.842, 10665.8, 11563.054, 11701.243, 
11879.645, 18940.858, 16578.746, 26527.397, 17620.499, 17429.933, 
2.3845, 5.61629, 4.4099, 4.66381, 5.35915, 4.02768, 5.88059, 
14.13369, 14.75895, 4.38629, 4.08973, -1.70485, -3.43584, -3.0835, 
-2.94345, -3.73063, -2.23494, -3.16916, -6.97531, -6.839, -1.8048, 
-2.42538, 0, 0, 0, 0, 0, 0, 0, 0, 0, 0, 0, 0, 0, 0, 0, 0, 0, 
0, 0, 0, 0, 0, 0.52856, 0.54234, 0.52331, 0.52442, 0.54487, 0.53811, 
0.54591, 0.52457, 0.5365, 0.54264, 0.55515, 0.50877, 0.52017, 
0.49763, 0.50374, 0.5021, 0.53123, 0.54315, 0.50713, 0.51442, 
0.52811, 0.54309, 0.1408, 0.1522, 0.18, 0.1888, 0.207, 0.2412, 
0.2631, 0.7465, 0.9476, 0.3246, 0.3411, 296.5, 315.9, 346.5, 
370.9, 401.6, 427, 448, 463.2, 487.8, 532.9, 558.1, 364, 1768, 
734, 946, 1827, 1775, 1581, 1367, 1919, 154, 859, 1, 1, 1, 1, 
1, 1, 1, 1, 1, 1, 1, 100, 100, 100, 100, 100, 100, 100, 100, 
100, 100, 100, 2500, 2500, 2500, 2500, 2500, 2500, 2500, 2500, 
2500, 2500, 2500, 9706.209, 10243.542, 11003.119, 11617.302, 
12025.841, 13426.038, 14216.544, 14783.01, 15643.587, 16508.849, 
17564.205, 1, 1, 1, 1, 1, 1, 1, 1, 1, 1, 1, 0.125, 0.125, 0.125, 
0.125, 0.125, 0.125, 0.125, 0.125, 0.125, 0.125, 0.125, 0, 0, 
0, 0, 0, 0, 0, 0, 0, 0, 0, 0, 0, 0, 0, 0, 0, 0, 0, 0, 0, 0, 0.35823, 
0.40362, 0.39543, 0.37826, 0.37782, 0.41075, 0.409, 0.39458, 
0.41611, 0.42449, 0.41826, 0.37711, 0.41599, 0.39727, 0.38841, 
0.38412, 0.40351, 0.39929, 0.40354, 0.41609, 0.41478, 0.418, 
0.126, 0.1384, 0.1669, 0.1905, 0.2018, 0.2243, 0.2414, 0.2567, 
0.2795, 0.314, 0.3292, 303.2, 333.1, 360.6, 390, 419.5, 448.6, 
478, 508.1, 538.3, 566.3, 597, 1, 1, 1, 1, 1, 1, 1, 1, 1, 1, 
1, 1, 1, 1, 1, 1, 1, 1, 1, 1, 1, 1, 1, 1, 1, 1, 1, 1, 1, 1, 1, 
1, 1, 1, 1, 1, 1, 1, 1, 1, 1, 1, 1, 1, 3.61, 3.659, 4.125, 4.375, 
4.426, 4.835, 5.017, 5.05, 5.308, 5.858, 5.849), .Dim = c(11L, 
40L), .Dimnames = list(NULL, c("Sampling", "PSO.cost", "PSO.gamma", 
"PSO.data.balancing", "PSO.feature.selection", "PSO.valid.acc", 
"PSO.test.acc", "PSO.train.time", "PSO.n.support.vectors", "PSO.index", 
"PSO.n.solutions", "PSO.generations", "PSO.n.evaluations", "PSO.cpu.time", 
"RS.cost", "RS.gamma", "RS.data.balancing", "RS.feature.selection", 
"RS.valid.acc", "RS.test.acc", "RS.train.time", "RS.n.support.vectors", 
"RS.index", "RS.n.solutions", "RS.generations", "RS.n.evaluations", 
"RS.cpu.time", "DF.cost", "DF.gamma", "DF.data.balancing", "DF.feature.selection", 
"DF.valid.acc", "DF.test.acc", "DF.train.time", "DF.n.support.vectors", 
"DF.index", "DF.n.solutions", "DF.generations", "DF.n.evaluations", 
"DF.cpu.time")))
