full <-
structure(c(50, 55, 60, 65, 70, 75, 80, 85, 90, 95, 100, 3.07282, 
9.79078, 15, 4.09832, 7.64306, 11.50148, 14.20428, 11.32188, 
12.83518, 4.37136, 2.55255, -2.44308, -3.43276, -8.72485, -2.7584, 
-4.70753, -7.0715, -8.57052, -7.01509, -7.99114, -2.61225, -0.98592, 
0, 0, 0, 0, 0, 0, 0, 0, 0, 0, 0, 0, 0, 0, 0, 0, 0, 0, 0, 0, 0, 
0, 0.48093, 0.49985, 0.50931, 0.52478, 0.53685, 0.53393, 0.54085, 
0.54664, 0.54856, 0.56582, 0.5823, 0.47668, 0.46903, 0.50061, 
0.50574, 0.50268, 0.53325, 0.53979, 0.53797, 0.53354, 0.54236, 
0.57851, 0.1406, 0.1652, 0.4051, 0.1835, 0.217, 0.3592, 0.7185, 
0.4561, 0.6736, 0.3195, 0.416, 291.4, 313.9, 338.8, 374.9, 394.7, 
423.5, 446, 475.2, 504, 527, 578.7, 922, 1896, 615, 1807, 1779, 
1648, 2467, 1500, 1451, 1234, 1267, 30, 1, 55, 3, 23, 3, 1, 16, 
5, 21, 29, 100, 100, 100, 100, 100, 100, 100, 100, 100, 100, 
100, 2500, 2500, 2500, 2500, 2500, 2500, 2500, 2500, 2500, 2500, 
2500, 9580.226, 10416.538, 14697.718, 11138.601, 12138.761, 17752.581, 
25848.507, 20199.123, 25232.728, 14769.719, 16896.103, 3.20738, 
4.25643, 14.8103, 3.5291, 7.07487, 10.96834, 14.36686, 12.24261, 
13.50703, 3.21312, 5.47649, -2.50008, -2.7302, -8.00552, -2.51498, 
-4.48553, -6.81064, -8.48417, -7.18662, -8.30062, -1.84107, -2.57504, 
0, 0, 0, 0, 0, 0, 0, 0, 0, 0, 0, 0, 0, 0, 0, 0, 0, 0, 0, 0, 0, 
0, 0.48124, 0.50061, 0.50724, 0.51886, 0.52627, 0.52867, 0.53601, 
0.54177, 0.5442, 0.55879, 0.58023, 0.47661, 0.47967, 0.48542, 
0.50115, 0.50211, 0.53152, 0.53476, 0.54432, 0.53371, 0.54754, 
0.55564, 0.1254, 0.1499, 0.4113, 0.1799, 0.2179, 0.3367, 0.8073, 
0.5338, 0.7977, 0.3215, 0.3541, 291.3, 319.4, 337.7, 375.4, 395, 
424.5, 444.2, 472.2, 503.6, 533.1, 551.7, 1122, 2402, 1032, 237, 
1228, 680, 1968, 1224, 2262, 2410, 141, 1, 1, 1, 1, 1, 1, 1, 
1, 1, 1, 1, 100, 100, 100, 100, 100, 100, 100, 100, 100, 100, 
100, 2500, 2500, 2500, 2500, 2500, 2500, 2500, 2500, 2500, 2500, 
2500, 9562.565, 10154.274, 10870.347, 11902.742, 12390.588, 13185.013, 
14139.125, 14664.213, 15550.194, 16784.346, 18402.12, 1, 1, 1, 
1, 1, 1, 1, 1, 1, 1, 1, 0.125, 0.125, 0.125, 0.125, 0.125, 0.125, 
0.125, 0.125, 0.125, 0.125, 0.125, 0, 0, 0, 0, 0, 0, 0, 0, 0, 
0, 0, 0, 0, 0, 0, 0, 0, 0, 0, 0, 0, 0, 0.40811, 0.40341, 0.42644, 
0.42434, 0.42291, 0.42724, 0.4301, 0.41847, 0.41299, 0.41699, 
0.42467, 0.41575, 0.41254, 0.42032, 0.41983, 0.43403, 0.42144, 
0.42343, 0.41693, 0.42331, 0.41929, 0.41268, 0.1251, 0.1433, 
0.1562, 0.1854, 0.1977, 0.225, 0.246, 0.2606, 0.292, 0.3212, 
0.345, 302.5, 332, 362.7, 390.8, 418.5, 448.7, 478.3, 504.9, 
536.3, 564.6, 597.1, 1, 1, 1, 1, 1, 1, 1, 1, 1, 1, 1, 1, 1, 1, 
1, 1, 1, 1, 1, 1, 1, 1, 1, 1, 1, 1, 1, 1, 1, 1, 1, 1, 1, 1, 1, 
1, 1, 1, 1, 1, 1, 1, 1, 1, 3.627, 3.851, 3.921, 4.469, 4.557, 
4.928, 5.141, 5.154, 5.618, 6.064, 6.529), .Dim = c(11L, 40L), .Dimnames = list(
    NULL, c("Sampling", "PSO.cost", "PSO.gamma", "PSO.data.balancing", 
    "PSO.feature.selection", "PSO.valid.acc", "PSO.test.acc", 
    "PSO.train.time", "PSO.n.support.vectors", "PSO.index", "PSO.n.solutions", 
    "PSO.generations", "PSO.n.evaluations", "PSO.cpu.time", "RS.cost", 
    "RS.gamma", "RS.data.balancing", "RS.feature.selection", 
    "RS.valid.acc", "RS.test.acc", "RS.train.time", "RS.n.support.vectors", 
    "RS.index", "RS.n.solutions", "RS.generations", "RS.n.evaluations", 
    "RS.cpu.time", "DF.cost", "DF.gamma", "DF.data.balancing", 
    "DF.feature.selection", "DF.valid.acc", "DF.test.acc", "DF.train.time", 
    "DF.n.support.vectors", "DF.index", "DF.n.solutions", "DF.generations", 
    "DF.n.evaluations", "DF.cpu.time")))
