full <-
structure(c(50, 55, 60, 65, 70, 75, 80, 85, 90, 95, 100, 6.81283, 
8.85911, 12.91728, 13.10049, 10.85215, 11.36857, 7.57099, 11.71941, 
14.99881, 15, 5.2893, -3.7964, -4.90359, -6.92054, -6.45792, 
-5.36712, -5.65003, -4.27455, -5.58117, -8.54522, -7.88724, -2.3117, 
0, 0, 0, 0, 0, 0, 0, 0, 0, 0, 0, 0, 0, 0, 0, 0, 0, 0, 0, 0, 0, 
0, 0.50085, 0.54914, 0.56596, 0.54565, 0.54433, 0.54943, 0.56588, 
0.56191, 0.56578, 0.56763, 0.56402, 0.46865, 0.50882, 0.52934, 
0.52506, 0.51344, 0.52247, 0.55418, 0.55037, 0.54964, 0.53439, 
0.53432, 0.1441, 0.1854, 0.324, 0.3441, 0.2908, 0.3439, 0.2762, 
0.4569, 1.1245, 1.294, 0.3528, 293.2, 316.4, 338.1, 360.6, 388.3, 
414.9, 451.4, 466, 495.6, 509.1, 557.7, 1707, 1885, 1874, 275, 
543, 1363, 1235, 1822, 904, 1294, 1958, 79, 11, 12, 234, 37, 
17, 15, 34, 1, 8, 24, 100, 100, 100, 100, 100, 100, 100, 100, 
100, 100, 100, 2500, 2500, 2500, 2500, 2500, 2500, 2500, 2500, 
2500, 2500, 2500, 11788.523, 12501.61, 17083.522, 17063.624, 
16627.982, 17592.045, 15213.77, 16889.958, 24222.84, 23427.813, 
16157.062, 6.03639, 9.7144, 14.14626, 12.92313, 11.16966, 12.96224, 
7.78922, 6.01185, 6.2405, 14.47952, 6.17641, -3.49575, -5.51745, 
-7.67642, -6.39065, -6.39784, -6.25904, -4.43852, -3.74066, -3.64614, 
-7.65137, -2.51421, 0, 0, 0, 0, 0, 0, 0, 0, 0, 0, 0, 0, 0, 0, 
0, 0, 0, 0, 0, 0, 0, 0, 0.49276, 0.54244, 0.56192, 0.54368, 0.5404, 
0.54228, 0.56101, 0.56024, 0.56206, 0.56217, 0.55744, 0.46366, 
0.51705, 0.51405, 0.52506, 0.52362, 0.52078, 0.55725, 0.54781, 
0.54145, 0.53727, 0.53539, 0.1554, 0.1956, 0.434, 0.3377, 0.3185, 
0.4442, 0.2737, 0.2791, 0.2967, 1.078, 0.3558, 293.8, 316.9, 
338, 361.1, 392.8, 411.9, 452.4, 481.6, 502.8, 508.1, 552.6, 
505, 1840, 566, 1008, 1193, 1212, 1397, 1596, 1782, 522, 25, 
1, 1, 1, 1, 1, 1, 1, 1, 1, 1, 1, 100, 100, 100, 100, 100, 100, 
100, 100, 100, 100, 100, 2500, 2500, 2500, 2500, 2500, 2500, 
2500, 2500, 2500, 2500, 2500, 11950.487, 12632.321, 13233.634, 
14020.044, 15004.725, 15709.936, 13859.489, 14146.228, 16281.154, 
16104.904, 17357.185, 1, 1, 1, 1, 1, 1, 1, 1, 1, 1, 1, 0.125, 
0.125, 0.125, 0.125, 0.125, 0.125, 0.125, 0.125, 0.125, 0.125, 
0.125, 0, 0, 0, 0, 0, 0, 0, 0, 0, 0, 0, 0, 0, 0, 0, 0, 0, 0, 
0, 0, 0, 0, 0.33911, 0.36502, 0.3801, 0.38935, 0.40642, 0.40011, 
0.41239, 0.4098, 0.4178, 0.42176, 0.42433, 0.3344, 0.36382, 0.37109, 
0.38972, 0.39881, 0.39977, 0.40045, 0.4095, 0.42193, 0.42437, 
0.41376, 0.1335, 0.162, 0.1711, 0.2016, 0.2158, 0.2318, 0.243, 
0.2618, 0.2747, 0.3118, 0.3357, 306.1, 334.1, 364.6, 394, 424.7, 
452.8, 482.6, 509.9, 538.2, 565.1, 597.6, 1, 1, 1, 1, 1, 1, 1, 
1, 1, 1, 1, 1, 1, 1, 1, 1, 1, 1, 1, 1, 1, 1, 1, 1, 1, 1, 1, 1, 
1, 1, 1, 1, 1, 1, 1, 1, 1, 1, 1, 1, 1, 1, 1, 1, 4.413, 5.026, 
4.998, 5.443, 5.635, 5.817, 5.024, 5.086, 5.832, 5.754, 6.004
), .Dim = c(11L, 40L), .Dimnames = list(NULL, c("Sampling", "PSO.cost", 
"PSO.gamma", "PSO.data.balancing", "PSO.feature.selection", "PSO.valid.acc", 
"PSO.test.acc", "PSO.train.time", "PSO.n.support.vectors", "PSO.index", 
"PSO.n.solutions", "PSO.generations", "PSO.n.evaluations", "PSO.cpu.time", 
"RS.cost", "RS.gamma", "RS.data.balancing", "RS.feature.selection", 
"RS.valid.acc", "RS.test.acc", "RS.train.time", "RS.n.support.vectors", 
"RS.index", "RS.n.solutions", "RS.generations", "RS.n.evaluations", 
"RS.cpu.time", "DF.cost", "DF.gamma", "DF.data.balancing", "DF.feature.selection", 
"DF.valid.acc", "DF.test.acc", "DF.train.time", "DF.n.support.vectors", 
"DF.index", "DF.n.solutions", "DF.generations", "DF.n.evaluations", 
"DF.cpu.time")))
