full <-
structure(c(50, 55, 60, 65, 70, 75, 80, 85, 90, 95, 100, 13.97938, 
15, 4.67516, 7.19549, 13.47643, 13.97748, 9.17348, 10.13901, 
10.93295, 10.98135, 7.25597, -7.93317, -7.80641, -2.95868, -3.97968, 
-7.74039, -7.53765, -4.73795, -5.54675, -5.01278, -6.01835, -3.97599, 
0, 0, 0, 0, 0, 0, 0, 0, 0, 0, 0, 0, 0, 0, 0, 0, 0, 0, 0, 0, 0, 
0, 0.52411, 0.50737, 0.53267, 0.53972, 0.55635, 0.53732, 0.55548, 
0.53601, 0.5488, 0.55854, 0.56047, 0.48538, 0.48981, 0.51384, 
0.53108, 0.53251, 0.52293, 0.53461, 0.53019, 0.51567, 0.54838, 
0.54694, 0.2719, 0.3986, 0.1654, 0.1991, 0.4806, 0.6423, 0.3062, 
0.3777, 0.4279, 0.5127, 0.3771, 288.2, 310.6, 348.6, 371.5, 390.6, 
414.9, 442, 467.1, 490.9, 518.2, 552.8, 815, 728, 993, 1160, 
556, 860, 1077, 1225, 1674, 1077, 1524, 45, 35, 24, 16, 13, 64, 
178, 54, 5, 45, 43, 100, 100, 100, 100, 100, 100, 100, 100, 100, 
100, 100, 2500, 2500, 2500, 2500, 2500, 2500, 2500, 2500, 2500, 
2500, 2500, 11597.502, 14819.273, 12242.651, 12860.152, 18093.151, 
17494.679, 14476.078, 15669.292, 17787.531, 22135.007, 16525.7940000001, 
11.70949, 14.92202, 5.24135, 12.87382, 13.27832, 4.31837, 6.12882, 
14.44449, 12.15121, 11.00426, 7.43923, -6.74236, -7.81349, -3.32108, 
-8.17816, -7.63998, -2.80535, -3.64054, -8.77981, -5.35505, -6.05188, 
-4.00728, 0, 0, 0, 0, 0, 0, 0, 0, 0, 0, 0, 0, 0, 0, 0, 0, 0, 
0, 0, 0, 0, 0, 0.52068, 0.50243, 0.52874, 0.53574, 0.55443, 0.54047, 
0.54796, 0.5334, 0.54345, 0.55578, 0.55897, 0.46227, 0.48769, 
0.50887, 0.51271, 0.52892, 0.52297, 0.54297, 0.51908, 0.5036, 
0.54845, 0.5429, 0.1932, 0.3792, 0.1671, 0.3139, 0.4523, 0.2388, 
0.2629, 0.9176, 0.4908, 0.5146, 0.376, 289.8, 310.9, 349.3, 372.8, 
391, 428.7, 450.1, 473.1, 486.9, 518.4, 550.6, 1394, 1120, 1531, 
1239, 75, 2152, 2311, 1620, 1411, 1849, 49, 1, 1, 1, 1, 1, 1, 
1, 1, 1, 1, 1, 100, 100, 100, 100, 100, 100, 100, 100, 100, 100, 
100, 2500, 2500, 2500, 2500, 2500, 2500, 2500, 2500, 2500, 2500, 
2500, 9819.073, 10045.379, 10474.031, 11648.116, 12129.215, 12949.173, 
13912.296, 14432.674, 15142.431, 16545.097, 17719.191, 1, 1, 
1, 1, 1, 1, 1, 1, 1, 1, 1, 0.125, 0.125, 0.125, 0.125, 0.125, 
0.125, 0.125, 0.125, 0.125, 0.125, 0.125, 0, 0, 0, 0, 0, 0, 0, 
0, 0, 0, 0, 0, 0, 0, 0, 0, 0, 0, 0, 0, 0, 0, 0.39986, 0.38461, 
0.39883, 0.41317, 0.42888, 0.42352, 0.40774, 0.41665, 0.40868, 
0.42417, 0.41708, 0.38654, 0.3774, 0.39434, 0.40461, 0.41877, 
0.42204, 0.40958, 0.4028, 0.40865, 0.41883, 0.41422, 0.1314, 
0.1446, 0.1584, 0.1932, 0.1944, 0.2284, 0.2424, 0.2715, 0.2799, 
0.3141, 0.3386, 303.7, 331.9, 361.5, 391.3, 420.3, 449.5, 478.7, 
506.9, 535.4, 566.6, 595.7, 1, 1, 1, 1, 1, 1, 1, 1, 1, 1, 1, 
1, 1, 1, 1, 1, 1, 1, 1, 1, 1, 1, 1, 1, 1, 1, 1, 1, 1, 1, 1, 1, 
1, 1, 1, 1, 1, 1, 1, 1, 1, 1, 1, 1, 3.772, 3.762, 3.921, 4.455, 
4.238, 4.843, 4.879, 5.251, 5.265, 5.811, 6.167), .Dim = c(11L, 
40L), .Dimnames = list(NULL, c("Sampling", "PSO.cost", "PSO.gamma", 
"PSO.data.balancing", "PSO.feature.selection", "PSO.valid.acc", 
"PSO.test.acc", "PSO.train.time", "PSO.n.support.vectors", "PSO.index", 
"PSO.n.solutions", "PSO.generations", "PSO.n.evaluations", "PSO.cpu.time", 
"RS.cost", "RS.gamma", "RS.data.balancing", "RS.feature.selection", 
"RS.valid.acc", "RS.test.acc", "RS.train.time", "RS.n.support.vectors", 
"RS.index", "RS.n.solutions", "RS.generations", "RS.n.evaluations", 
"RS.cpu.time", "DF.cost", "DF.gamma", "DF.data.balancing", "DF.feature.selection", 
"DF.valid.acc", "DF.test.acc", "DF.train.time", "DF.n.support.vectors", 
"DF.index", "DF.n.solutions", "DF.generations", "DF.n.evaluations", 
"DF.cpu.time")))
