full <-
structure(c(50, 55, 60, 65, 70, 75, 80, 85, 90, 95, 100, 12.66098, 
8.59983, 14.15586, 9.58107, 11.66961, 4.74727, 5.25377, 12.75456, 
11.92241, 4.86272, 4.83998, -5.39479, -5.47834, -8.76735, -4.41585, 
-6.19472, -2.44881, -3.05271, -7.58281, -5.20629, -3.4405, -2.23778, 
0, 0, 0, 0, 0, 0, 0, 0, 0, 0, 0, 0, 0, 0, 0, 0, 0, 0, 0, 0, 0, 
0, 0.50507, 0.50445, 0.50251, 0.51749, 0.53566, 0.53878, 0.54668, 
0.55312, 0.56219, 0.54473, 0.57221, 0.46601, 0.49206, 0.49922, 
0.51083, 0.502, 0.50237, 0.52693, 0.52042, 0.53332, 0.53526, 
0.54081, 0.1818, 0.1651, 0.3801, 0.2054, 0.3018, 0.2219, 0.2384, 
0.555, 0.4656, 0.301, 0.3259, 285.3, 312.8, 336.8, 365.6, 392.6, 
424.4, 450.6, 472.8, 488.7, 532.4, 559.6, 309, 674, 2289, 618, 
479, 1639, 2029, 1854, 305, 1259, 593, 154, 59, 1, 181, 161, 
22, 3, 19, 38, 86, 80, 100, 100, 100, 100, 100, 100, 100, 100, 
100, 100, 100, 2500, 2500, 2500, 2500, 2500, 2500, 2500, 2500, 
2500, 2500, 2500, 10623.134, 10546.995, 13864.774, 11852.217, 
13690.193, 12204.076, 12789.099, 20566.67, 21435.951, 14487.817, 
15274.492, 8.61632, 14.65484, 14.05124, 1.69428, 11.77539, 4.51596, 
5.01331, 13.27682, 5.19902, 4.19442, 6.21715, -5.33291, -8.81201, 
-8.63521, -1.26368, -6.28877, -2.37127, -3.01656, -7.64485, -2.58681, 
-3.06788, -2.70712, 0, 0, 0, 0, 0, 0, 0, 0, 0, 0, 0, 0, 0, 0, 
0, 0, 0, 0, 0, 0, 0, 0, 0.50639, 0.50247, 0.50075, 0.50999, 0.53027, 
0.53687, 0.53674, 0.54667, 0.56652, 0.54071, 0.56538, 0.48245, 
0.49355, 0.49958, 0.4762, 0.50564, 0.50236, 0.52501, 0.52433, 
0.54901, 0.52416, 0.56063, 0.1382, 0.35, 0.3578, 0.1936, 0.3029, 
0.223, 0.2349, 0.6406, 0.2787, 0.2901, 0.3324, 285.5, 311.6, 
337.3, 379.7, 391.9, 425.9, 451.5, 468.2, 502.1, 533.3, 552.9, 
1019, 987, 1125, 291, 1931, 1728, 1702, 2084, 390, 2351, 62, 
1, 2, 1, 1, 1, 1, 1, 1, 1, 1, 1, 100, 100, 100, 100, 100, 100, 
100, 100, 100, 100, 100, 2500, 2500, 2500, 2500, 2500, 2500, 
2500, 2500, 2500, 2500, 2500, 10070.244, 10479.751, 11208.267, 
11332.439, 12017.553, 12726.238, 13224.045, 13950.076, 14694.816, 
15483.508, 17613.883, 1, 1, 1, 1, 1, 1, 1, 1, 1, 1, 1, 0.125, 
0.125, 0.125, 0.125, 0.125, 0.125, 0.125, 0.125, 0.125, 0.125, 
0.125, 0, 0, 0, 0, 0, 0, 0, 0, 0, 0, 0, 0, 0, 0, 0, 0, 0, 0, 
0, 0, 0, 0, 0.42198, 0.42251, 0.43757, 0.42746, 0.4038, 0.40856, 
0.41364, 0.40405, 0.4147, 0.4054, 0.42101, 0.42441, 0.41748, 
0.42409, 0.41177, 0.40435, 0.42082, 0.41368, 0.41331, 0.41997, 
0.40802, 0.41729, 0.1214, 0.1403, 0.158, 0.1702, 0.1845, 0.2106, 
0.2231, 0.2467, 0.2664, 0.2798, 0.315, 300.8, 330.8, 358.8, 389.3, 
419.8, 447, 477.2, 507.6, 538.9, 565.3, 597.1, 1, 1, 1, 1, 1, 
1, 1, 1, 1, 1, 1, 1, 1, 1, 1, 1, 1, 1, 1, 1, 1, 1, 1, 1, 1, 1, 
1, 1, 1, 1, 1, 1, 1, 1, 1, 1, 1, 1, 1, 1, 1, 1, 1, 1, 3.82, 4.013, 
4.188, 4.182, 4.209, 4.653, 4.66, 4.996, 5.153, 5.228, 6.347), .Dim = c(11L, 
40L), .Dimnames = list(NULL, c("Sampling", "PSO.cost", "PSO.gamma", 
"PSO.data.balancing", "PSO.feature.selection", "PSO.valid.acc", 
"PSO.test.acc", "PSO.train.time", "PSO.n.support.vectors", "PSO.index", 
"PSO.n.solutions", "PSO.generations", "PSO.n.evaluations", "PSO.cpu.time", 
"RS.cost", "RS.gamma", "RS.data.balancing", "RS.feature.selection", 
"RS.valid.acc", "RS.test.acc", "RS.train.time", "RS.n.support.vectors", 
"RS.index", "RS.n.solutions", "RS.generations", "RS.n.evaluations", 
"RS.cpu.time", "DF.cost", "DF.gamma", "DF.data.balancing", "DF.feature.selection", 
"DF.valid.acc", "DF.test.acc", "DF.train.time", "DF.n.support.vectors", 
"DF.index", "DF.n.solutions", "DF.generations", "DF.n.evaluations", 
"DF.cpu.time")))
