full <-
structure(c(50, 55, 60, 65, 70, 75, 80, 85, 90, 95, 100, 3.95393, 
15, 4.90379, 8.29005, 14.94783, 13.27789, 11.58628, 14.7966, 
6.46333, 6.68448, 6.2898, -2.59495, -7.75993, -2.77951, -3.76746, 
-8.89087, -7.81314, -6.62793, -8.60422, -3.97605, -3.78671, -3.57643, 
0, 0, 0, 0, 0, 0, 0, 0, 0, 0, 0, 0, 0, 0, 0, 0, 0, 0, 0, 0, 0, 
0, 0.51114, 0.51684, 0.53397, 0.50971, 0.51342, 0.51655, 0.5479, 
0.55812, 0.56563, 0.55432, 0.56028, 0.4563, 0.4751, 0.49437, 
0.48784, 0.49352, 0.48847, 0.52499, 0.53776, 0.5407, 0.53681, 
0.54184, 0.1314, 0.3457, 0.1643, 0.2112, 0.6326, 0.5082, 0.4051, 
0.973, 0.3082, 0.3328, 0.3612, 295.9, 311.7, 351.9, 376.1, 398.3, 
424.6, 446.5, 470, 504.1, 528.3, 553.2, 942, 585, 604, 692, 1354, 
1234, 978, 2257, 937, 1122, 1695, 395, 97, 95, 74, 6, 2, 124, 
2, 87, 109, 4, 100, 100, 100, 100, 100, 100, 100, 100, 100, 100, 
100, 2500, 2500, 2500, 2500, 2500, 2500, 2500, 2500, 2500, 2500, 
2500, 9494.745, 14259.792, 10462.012, 11735.284, 17837.708, 19579.742, 
16414.831, 19176.961, 14299.948, 15364.963, 16420.693, 3.91153, 
14.98671, 4.47664, 8.34366, 13.36694, 14.13518, 11.8486, 14.82945, 
5.5834, 4.92391, 6.14803, -2.65085, -7.66919, -2.55789, -3.78666, 
-8.21752, -8.37973, -6.76055, -8.59371, -3.19006, -2.9498, -3.58647, 
0, 0, 0, 0, 0, 0, 0, 0, 0, 0, 0, 0, 0, 0, 0, 0, 0, 0, 0, 0, 0, 
0, 0.50294, 0.50974, 0.53201, 0.50778, 0.50985, 0.51455, 0.54314, 
0.55504, 0.56108, 0.55156, 0.55773, 0.46384, 0.4752, 0.48375, 
0.48592, 0.48105, 0.48501, 0.52499, 0.53624, 0.5511, 0.54385, 
0.54575, 0.1391, 0.3262, 0.1785, 0.2112, 0.4552, 0.6206, 0.4283, 
0.954, 0.3008, 0.3184, 0.3615, 295.9, 310.7, 352.7, 375.8, 398.6, 
426.4, 445.8, 470.2, 503.2, 528.8, 554.3, 135, 1139, 1990, 1188, 
2141, 2037, 641, 1988, 2008, 1241, 123, 2, 1, 1, 1, 1, 1, 1, 
1, 1, 1, 1, 100, 100, 100, 100, 100, 100, 100, 100, 100, 100, 
100, 2500, 2500, 2500, 2500, 2500, 2500, 2500, 2500, 2500, 2500, 
2500, 9877.306, 10246.361, 10874.149, 12077.53, 12065.729, 13328.651, 
13715.269, 14560.279, 15294.373, 16236.83, 17935.874, 1, 1, 1, 
1, 1, 1, 1, 1, 1, 1, 1, 0.125, 0.125, 0.125, 0.125, 0.125, 0.125, 
0.125, 0.125, 0.125, 0.125, 0.125, 0, 0, 0, 0, 0, 0, 0, 0, 0, 
0, 0, 0, 0, 0, 0, 0, 0, 0, 0, 0, 0, 0, 0.3697, 0.36982, 0.37798, 
0.37531, 0.38703, 0.38632, 0.40198, 0.40859, 0.41186, 0.42951, 
0.41434, 0.36253, 0.3681, 0.38714, 0.37296, 0.38662, 0.38083, 
0.40511, 0.4098, 0.419, 0.41686, 0.41827, 0.1331, 0.1509, 0.1584, 
0.1772, 0.1927, 0.2219, 0.242, 0.2632, 0.2854, 0.3064, 0.334, 
306.3, 336.7, 366.4, 395.5, 426.3, 453.7, 481.5, 511.2, 536.5, 
563.8, 596.7, 1, 1, 1, 1, 1, 1, 1, 1, 1, 1, 1, 1, 1, 1, 1, 1, 
1, 1, 1, 1, 1, 1, 1, 1, 1, 1, 1, 1, 1, 1, 1, 1, 1, 1, 1, 1, 1, 
1, 1, 1, 1, 1, 1, 1, 3.831, 4.087, 3.899, 4.145, 4.272, 4.874, 
4.935, 5.16, 5.404, 5.72, 6.045), .Dim = c(11L, 40L), .Dimnames = list(
    NULL, c("Sampling", "PSO.cost", "PSO.gamma", "PSO.data.balancing", 
    "PSO.feature.selection", "PSO.valid.acc", "PSO.test.acc", 
    "PSO.train.time", "PSO.n.support.vectors", "PSO.index", "PSO.n.solutions", 
    "PSO.generations", "PSO.n.evaluations", "PSO.cpu.time", "RS.cost", 
    "RS.gamma", "RS.data.balancing", "RS.feature.selection", 
    "RS.valid.acc", "RS.test.acc", "RS.train.time", "RS.n.support.vectors", 
    "RS.index", "RS.n.solutions", "RS.generations", "RS.n.evaluations", 
    "RS.cpu.time", "DF.cost", "DF.gamma", "DF.data.balancing", 
    "DF.feature.selection", "DF.valid.acc", "DF.test.acc", "DF.train.time", 
    "DF.n.support.vectors", "DF.index", "DF.n.solutions", "DF.generations", 
    "DF.n.evaluations", "DF.cpu.time")))
