full <-
structure(c(50, 55, 60, 65, 70, 75, 80, 85, 90, 95, 100, 15, 
12.6995, 14.01188, 4.46028, 5.08705, 2.55566, 13.95831, 5.83638, 
13.66488, 5.15797, 4.94108, -9.26329, -7.58071, -7.28855, -2.62308, 
-2.96863, -1.38344, -8.00536, -3.51432, -8.53443, -3.34144, -3.38048, 
0, 0, 0, 0, 0, 0, 0, 0, 0, 0, 0, 0, 0, 0, 0, 0, 0, 0, 0, 0, 0, 
0, 0.47448, 0.48384, 0.51456, 0.53296, 0.51179, 0.53507, 0.54471, 
0.55429, 0.55339, 0.55112, 0.56771, 0.46297, 0.47853, 0.49635, 
0.51661, 0.49187, 0.52451, 0.52247, 0.53663, 0.53305, 0.5358, 
0.55184, 0.2999, 0.2416, 0.3367, 0.1771, 0.2114, 0.2413, 0.7697, 
0.2782, 0.745, 0.3099, 0.3313, 291.1, 315.6, 331.2, 367.9, 399.3, 
437.8, 445.2, 480.5, 503.5, 531.1, 558.9, 542, 2158, 571, 2204, 
1035, 1409, 301, 720, 1232, 2411, 777, 393, 3, 145, 7, 37, 19, 
20, 67, 39, 1, 63, 100, 100, 100, 100, 100, 100, 100, 100, 100, 
100, 100, 2500, 2500, 2500, 2500, 2500, 2500, 2500, 2500, 2500, 
2500, 2500, 12467.758, 11189.826, 14369.032, 10703.574, 11532.767, 
14079.486, 20404.857, 14614.808, 25491.521, 16931.321, 15217.268, 
14.1115, 11.38367, 13.84133, 3.50106, 10.14519, 2.3428, 14.83937, 
5.94879, 14.72732, 5.5966, 4.96786, -8.46455, -6.83639, -7.27089, 
-2.20648, -6.15494, -1.49698, -8.5696, -3.62699, -9.06245, -3.56427, 
-3.48511, 0, 0, 0, 0, 0, 0, 0, 0, 0, 0, 0, 0, 0, 0, 0, 0, 0, 
0, 0, 0, 0, 0, 0.47363, 0.47918, 0.51233, 0.52497, 0.51129, 0.53119, 
0.53992, 0.55124, 0.55054, 0.54705, 0.56252, 0.46905, 0.46849, 
0.50065, 0.51888, 0.49464, 0.52611, 0.52116, 0.53479, 0.5302, 
0.5318, 0.55563, 0.2579, 0.2077, 0.3347, 0.1918, 0.2705, 0.2433, 
1.0099, 0.2797, 1.0808, 0.3174, 0.3495, 289.7, 314.8, 331.8, 
369.9, 393.1, 437.7, 444.5, 480.5, 501.4, 530.4, 559.1, 1169, 
1061, 341, 1546, 343, 281, 368, 1519, 2075, 982, 1680, 1, 2, 
1, 1, 1, 1, 1, 1, 1, 1, 1, 100, 100, 100, 100, 100, 100, 100, 
100, 100, 100, 100, 2500, 2500, 2500, 2500, 2500, 2500, 2500, 
2500, 2500, 2500, 2500, 9344.609, 9910.405, 10562.642, 11179.339, 
11931.227, 12640.526, 13350.733, 14553.531, 14999.494, 15877.254, 
17156.97, 1, 1, 1, 1, 1, 1, 1, 1, 1, 1, 1, 0.125, 0.125, 0.125, 
0.125, 0.125, 0.125, 0.125, 0.125, 0.125, 0.125, 0.125, 0, 0, 
0, 0, 0, 0, 0, 0, 0, 0, 0, 0, 0, 0, 0, 0, 0, 0, 0, 0, 0, 0, 0.3411, 
0.35988, 0.39208, 0.40468, 0.39784, 0.40917, 0.41725, 0.409, 
0.42, 0.41212, 0.41364, 0.34792, 0.3531, 0.38724, 0.40634, 0.3906, 
0.41648, 0.42051, 0.40892, 0.41742, 0.41601, 0.41634, 0.1213, 
0.1436, 0.1611, 0.1773, 0.1924, 0.2182, 0.2388, 0.2675, 0.2827, 
0.292, 0.3364, 301.5, 327.4, 355.2, 386.8, 418.9, 449.8, 480.6, 
511, 535.6, 564.4, 597.2, 1, 1, 1, 1, 1, 1, 1, 1, 1, 1, 1, 1, 
1, 1, 1, 1, 1, 1, 1, 1, 1, 1, 1, 1, 1, 1, 1, 1, 1, 1, 1, 1, 1, 
1, 1, 1, 1, 1, 1, 1, 1, 1, 1, 1, 3.474, 3.813, 4.061, 4.231, 
4.279, 4.684, 4.869, 5.105, 5.258, 5.239, 6.743), .Dim = c(11L, 
40L), .Dimnames = list(NULL, c("Sampling", "PSO.cost", "PSO.gamma", 
"PSO.data.balancing", "PSO.feature.selection", "PSO.valid.acc", 
"PSO.test.acc", "PSO.train.time", "PSO.n.support.vectors", "PSO.index", 
"PSO.n.solutions", "PSO.generations", "PSO.n.evaluations", "PSO.cpu.time", 
"RS.cost", "RS.gamma", "RS.data.balancing", "RS.feature.selection", 
"RS.valid.acc", "RS.test.acc", "RS.train.time", "RS.n.support.vectors", 
"RS.index", "RS.n.solutions", "RS.generations", "RS.n.evaluations", 
"RS.cpu.time", "DF.cost", "DF.gamma", "DF.data.balancing", "DF.feature.selection", 
"DF.valid.acc", "DF.test.acc", "DF.train.time", "DF.n.support.vectors", 
"DF.index", "DF.n.solutions", "DF.generations", "DF.n.evaluations", 
"DF.cpu.time")))
