full <-
structure(c(50, 55, 60, 65, 70, 75, 80, 85, 90, 95, 100, 3.74288, 
3.86067, 15, 12.22293, 12.63566, 1.83074, 15, 2.18748, 6.61356, 
5.33785, 14.27225, -1.22518, -1.99983, -8.8092, -6.57839, -6.59912, 
-0.80279, -7.68179, -0.98839, -3.51725, -2.89243, -7.05671, 0, 
0, 0, 0, 0, 0, 0, 0, 0, 0, 0, 0, 0, 0, 0, 0, 0, 0, 0, 0, 0, 0, 
0.51437, 0.5314, 0.5352, 0.54544, 0.54873, 0.53517, 0.53783, 
0.56395, 0.5494, 0.57947, 0.55849, 0.5085, 0.48495, 0.5139, 0.53604, 
0.53066, 0.52378, 0.50803, 0.53305, 0.51613, 0.56704, 0.54607, 
0.1446, 0.1528, 0.5196, 0.2989, 0.3732, 0.2659, 0.8504, 0.3142, 
0.3032, 0.3346, 1.1896, 293.4, 318.5, 329.7, 358.6, 384.2, 437.4, 
433.5, 490, 498.8, 528.5, 540.6, 1486, 1940, 1288, 1433, 1605, 
2380, 493, 1717, 744, 1739, 1549, 42, 5, 3, 213, 54, 1, 153, 
24, 66, 7, 17, 100, 100, 100, 100, 100, 100, 100, 100, 100, 100, 
100, 2500, 2500, 2500, 2500, 2500, 2500, 2500, 2500, 2500, 2500, 
2500, 9741.1, 10191.743, 14239.509, 13460.676, 16619.718, 16077.238, 
22922.199, 15772.181, 15963.436, 16741.665, 34779.668, 3.7457, 
2.45875, 14.18528, 12.48266, 13.25297, 1.98582, 12.93917, 2.13931, 
14.78667, 4.67037, 11.68001, -1.18057, -1.22746, -8.06049, -6.70703, 
-6.91584, -0.86973, -6.62689, -1.04156, -8.96421, -2.48472, -5.74059, 
0, 0, 0, 0, 0, 0, 0, 0, 0, 0, 0, 0, 0, 0, 0, 0, 0, 0, 0, 0, 0, 
0, 0.50896, 0.5248, 0.53301, 0.53942, 0.54685, 0.5316, 0.53312, 
0.55769, 0.54532, 0.5769, 0.55565, 0.50376, 0.48934, 0.52526, 
0.53009, 0.527, 0.5222, 0.51156, 0.53474, 0.52215, 0.56308, 0.55165, 
0.1409, 0.1592, 0.4059, 0.3162, 0.4185, 0.2634, 0.5073, 0.316, 
1.0937, 0.3275, 0.623, 293.8, 322.5, 328.1, 357.9, 383.6, 436.9, 
435.4, 490, 496.1, 531.4, 542.5, 424, 1166, 1333, 1255, 86, 235, 
609, 1455, 583, 2192, 1054, 1, 1, 1, 1, 1, 1, 1, 1, 1, 1, 2, 
100, 100, 100, 100, 100, 100, 100, 100, 100, 100, 100, 2500, 
2500, 2500, 2500, 2500, 2500, 2500, 2500, 2500, 2500, 2500, 9688.735, 
10145.866, 10810.19, 11626.741, 13479.352, 14902.367, 15391.352, 
16051.176, 16800.014, 18472.622, 19719.255, 1, 1, 1, 1, 1, 1, 
1, 1, 1, 1, 1, 0.125, 0.125, 0.125, 0.125, 0.125, 0.125, 0.125, 
0.125, 0.125, 0.125, 0.125, 0, 0, 0, 0, 0, 0, 0, 0, 0, 0, 0, 
0, 0, 0, 0, 0, 0, 0, 0, 0, 0, 0, 0.39467, 0.36378, 0.38823, 0.41874, 
0.41888, 0.41347, 0.41352, 0.40956, 0.40883, 0.41516, 0.4118, 
0.39338, 0.37608, 0.38615, 0.39901, 0.40741, 0.41337, 0.40718, 
0.4145, 0.41751, 0.41808, 0.40801, 0.1264, 0.1424, 0.1633, 0.1782, 
0.1999, 0.2199, 0.2379, 0.2595, 0.2718, 0.3148, 0.3295, 301.5, 
333.1, 361.3, 388, 416.5, 444.9, 473.3, 505.6, 534.1, 567.6, 
596.8, 1, 1, 1, 1, 1, 1, 1, 1, 1, 1, 1, 1, 1, 1, 1, 1, 1, 1, 
1, 1, 1, 1, 1, 1, 1, 1, 1, 1, 1, 1, 1, 1, 1, 1, 1, 1, 1, 1, 1, 
1, 1, 1, 1, 1, 3.736, 3.85, 4.083, 4.218, 5.286, 5.454, 5.509, 
5.919, 5.899, 6.676, 6.73), .Dim = c(11L, 40L), .Dimnames = list(
    NULL, c("Sampling", "PSO.cost", "PSO.gamma", "PSO.data.balancing", 
    "PSO.feature.selection", "PSO.valid.acc", "PSO.test.acc", 
    "PSO.train.time", "PSO.n.support.vectors", "PSO.index", "PSO.n.solutions", 
    "PSO.generations", "PSO.n.evaluations", "PSO.cpu.time", "RS.cost", 
    "RS.gamma", "RS.data.balancing", "RS.feature.selection", 
    "RS.valid.acc", "RS.test.acc", "RS.train.time", "RS.n.support.vectors", 
    "RS.index", "RS.n.solutions", "RS.generations", "RS.n.evaluations", 
    "RS.cpu.time", "DF.cost", "DF.gamma", "DF.data.balancing", 
    "DF.feature.selection", "DF.valid.acc", "DF.test.acc", "DF.train.time", 
    "DF.n.support.vectors", "DF.index", "DF.n.solutions", "DF.generations", 
    "DF.n.evaluations", "DF.cpu.time")))
