full <-
structure(c(50, 55, 60, 65, 70, 75, 80, 85, 90, 95, 100, 15, 
13.68302, 10.9268, 10.19733, 15, 9.45747, 3.52894, 3.96914, 5.03745, 
5.45591, 6.9688, -8.77584, -6.20317, -5.66844, -4.37725, -8.76443, 
-4.53344, -2.40271, -2.7042, -2.78808, -3.46275, -3.40051, 0, 
0, 0, 0, 0, 0, 0, 0, 0, 0, 0, 0, 0, 0, 0, 0, 0, 0, 0, 0, 0, 0, 
0.49872, 0.50865, 0.52677, 0.52672, 0.54701, 0.55005, 0.55227, 
0.55361, 0.5604, 0.54727, 0.56054, 0.50675, 0.48382, 0.48102, 
0.48968, 0.52856, 0.54964, 0.51897, 0.54522, 0.54626, 0.54465, 
0.55839, 0.4093, 0.2589, 0.2255, 0.2217, 0.6679, 0.2769, 0.2513, 
0.2688, 0.3128, 0.3256, 0.3593, 283.1, 303.6, 331.4, 358.5, 390.6, 
419.4, 455.2, 481.6, 502.7, 529.4, 549.2, 233, 498, 381, 2208, 
898, 803, 1085, 1411, 1247, 2157, 792, 846, 214, 371, 1, 8, 77, 
35, 13, 41, 2, 66, 100, 100, 100, 100, 100, 100, 100, 100, 100, 
100, 100, 2500, 2500, 2500, 2500, 2500, 2500, 2500, 2500, 2500, 
2500, 2500, 14482.009, 12238.672, 14558.898, 14804.094, 21203.87, 
15445.029, 15231.789, 15623.349, 19973.033, 19057.72, 18491.35, 
14.96614, 13.66321, 10.0885, 11.01335, 13.01556, 8.35535, 5.26282, 
5.77813, 4.32676, 14.66848, 2.33637, -8.75414, -6.20339, -5.25375, 
-4.67925, -7.73553, -4.26533, -3.34882, -2.46189, -2.29192, -8.49969, 
-0.98208, 0, 0, 0, 0, 0, 0, 0, 0, 0, 0, 0, 0, 0, 0, 0, 0, 0, 
0, 0, 0, 0, 0, 0.49872, 0.50865, 0.51622, 0.52456, 0.54494, 0.54537, 
0.54735, 0.54797, 0.55457, 0.54538, 0.5613, 0.50675, 0.48382, 
0.49436, 0.49565, 0.52111, 0.54751, 0.52536, 0.5404, 0.53583, 
0.53817, 0.55369, 0.3967, 0.2602, 0.2066, 0.2362, 0.4208, 0.2557, 
0.253, 0.2755, 0.2996, 1.3322, 0.4086, 283.1, 303.6, 331.7, 358.4, 
391.2, 418.6, 453.2, 472.9, 503.1, 519.8, 576.5, 1907, 104, 1635, 
153, 245, 210, 915, 400, 388, 1214, 1777, 1, 2, 1, 1, 1, 1, 1, 
1, 1, 1, 1, 100, 100, 100, 100, 100, 100, 100, 100, 100, 100, 
100, 2500, 2500, 2500, 2500, 2500, 2500, 2500, 2500, 2500, 2500, 
2500, 9980.088, 11798.237, 13784.539, 14327.401, 14680.64, 15477.176, 
15985.76, 16985.339, 17582.598, 18564.273, 19776.262, 1, 1, 1, 
1, 1, 1, 1, 1, 1, 1, 1, 0.125, 0.125, 0.125, 0.125, 0.125, 0.125, 
0.125, 0.125, 0.125, 0.125, 0.125, 0, 0, 0, 0, 0, 0, 0, 0, 0, 
0, 0, 0, 0, 0, 0, 0, 0, 0, 0, 0, 0, 0, 0.36745, 0.38193, 0.42822, 
0.4063, 0.42411, 0.42861, 0.42139, 0.4311, 0.43055, 0.43136, 
0.4182, 0.37557, 0.3841, 0.4255, 0.40932, 0.41717, 0.42654, 0.42476, 
0.43723, 0.43871, 0.42691, 0.42502, 0.1314, 0.1532, 0.1655, 0.1801, 
0.1977, 0.2201, 0.2397, 0.2703, 0.2874, 0.3213, 0.3279, 299.3, 
328.7, 356.6, 384.7, 414, 443.9, 474, 504.1, 534.9, 564, 597.6, 
1, 1, 1, 1, 1, 1, 1, 1, 1, 1, 1, 1, 1, 1, 1, 1, 1, 1, 1, 1, 1, 
1, 1, 1, 1, 1, 1, 1, 1, 1, 1, 1, 1, 1, 1, 1, 1, 1, 1, 1, 1, 1, 
1, 1, 3.859, 5.087, 5.188, 5.32, 5.438, 5.648, 5.792, 6.223, 
6.304, 6.864, 6.678), .Dim = c(11L, 40L), .Dimnames = list(NULL, 
    c("Sampling", "PSO.cost", "PSO.gamma", "PSO.data.balancing", 
    "PSO.feature.selection", "PSO.valid.acc", "PSO.test.acc", 
    "PSO.train.time", "PSO.n.support.vectors", "PSO.index", "PSO.n.solutions", 
    "PSO.generations", "PSO.n.evaluations", "PSO.cpu.time", "RS.cost", 
    "RS.gamma", "RS.data.balancing", "RS.feature.selection", 
    "RS.valid.acc", "RS.test.acc", "RS.train.time", "RS.n.support.vectors", 
    "RS.index", "RS.n.solutions", "RS.generations", "RS.n.evaluations", 
    "RS.cpu.time", "DF.cost", "DF.gamma", "DF.data.balancing", 
    "DF.feature.selection", "DF.valid.acc", "DF.test.acc", "DF.train.time", 
    "DF.n.support.vectors", "DF.index", "DF.n.solutions", "DF.generations", 
    "DF.n.evaluations", "DF.cpu.time")))
