full <-
structure(c(50, 55, 60, 65, 70, 75, 80, 85, 90, 95, 100, 4.51653, 
6.09425, 14.01639, 4.73773, 10.62404, 4.35456, 5.94679, 14.39758, 
6.59033, 7.22757, 10.0796, -1.98763, -3.4331, -2.60398, -3.22685, 
-6.55172, -2.72396, -3.04257, -5.86851, -3.23961, -3.17346, -4.66936, 
0, 0, 0, 0, 0, 0, 0, 0, 0, 0, 0, 0, 0, 0, 0, 0, 0, 0, 0, 0, 0, 
0, 0.53503, 0.51644, 0.51245, 0.53366, 0.5431, 0.52876, 0.55095, 
0.56278, 0.55906, 0.56301, 0.57609, 0.47497, 0.47223, 0.47293, 
0.50368, 0.53294, 0.50925, 0.52253, 0.53353, 0.54348, 0.55656, 
0.54862, 0.1393, 0.1491, 0.1743, 0.1823, 0.2635, 0.2189, 0.2332, 
0.6349, 0.2859, 0.3167, 0.447, 293.5, 316.7, 342.5, 376.7, 391.8, 
425.2, 442, 450.8, 494.1, 517.2, 544.3, 1295, 977, 249, 2479, 
1013, 1300, 2311, 596, 1001, 784, 2335, 21, 207, 409, 1, 31, 
36, 4, 313, 56, 165, 4, 100, 100, 100, 100, 100, 100, 100, 100, 
100, 100, 100, 2500, 2500, 2500, 2500, 2500, 2500, 2500, 2500, 
2500, 2500, 2500, 10201.258, 10339.043, 10997.947, 11321.742, 
12522.715, 12763.435, 12279.908, 20880.036, 18707.117, 14321.818, 
18398.113, 5.93842, 4.16601, 13.23505, 4.86459, 14.32549, 7.04823, 
5.5306, 13.93094, 11.08834, 6.93173, 9.68052, -2.10552, -2.20238, 
-2.59762, -3.43474, -8.52329, -3.02519, -3.06692, -5.70217, -6.0355, 
-3.13534, -4.55537, 0, 0, 0, 0, 0, 0, 0, 0, 0, 0, 0, 0, 0, 0, 
0, 0, 0, 0, 0, 0, 0, 0, 0.53024, 0.50918, 0.51032, 0.53001, 0.54066, 
0.52312, 0.54438, 0.55945, 0.55761, 0.55762, 0.57088, 0.47861, 
0.47905, 0.47066, 0.50368, 0.53805, 0.50595, 0.508, 0.53204, 
0.53316, 0.5538, 0.55114, 0.1404, 0.1492, 0.1702, 0.1748, 0.5222, 
0.2225, 0.2338, 0.5793, 0.4391, 0.3068, 0.4323, 292.3, 319.3, 
342.4, 375.9, 391.2, 415.6, 443.8, 452, 490.3, 519.6, 544.9, 
533, 29, 1033, 1870, 2411, 2484, 1640, 661, 1512, 826, 1375, 
1, 1, 1, 1, 1, 1, 1, 1, 1, 1, 1, 100, 100, 100, 100, 100, 100, 
100, 100, 100, 100, 100, 2500, 2500, 2500, 2500, 2500, 2500, 
2500, 2500, 2500, 2500, 2500, 10250.474, 10705.929, 11130.8, 
11355.04, 12255.077, 12677.513, 13218.326, 13946.317, 14695.584, 
15383.096, 17341.538, 1, 1, 1, 1, 1, 1, 1, 1, 1, 1, 1, 0.125, 
0.125, 0.125, 0.125, 0.125, 0.125, 0.125, 0.125, 0.125, 0.125, 
0.125, 0, 0, 0, 0, 0, 0, 0, 0, 0, 0, 0, 0, 0, 0, 0, 0, 0, 0, 
0, 0, 0, 0, 0.3596, 0.37728, 0.36222, 0.39238, 0.3956, 0.40817, 
0.38848, 0.41887, 0.42398, 0.42409, 0.41115, 0.3609, 0.35844, 
0.36708, 0.37867, 0.40885, 0.39276, 0.39581, 0.4095, 0.42124, 
0.42409, 0.40686, 0.1229, 0.1435, 0.1548, 0.1716, 0.1911, 0.2045, 
0.2233, 0.246, 0.263, 0.2862, 0.3202, 304.4, 332.6, 362.4, 392.8, 
419.1, 448.8, 478.3, 507.1, 535, 563.3, 596, 1, 1, 1, 1, 1, 1, 
1, 1, 1, 1, 1, 1, 1, 1, 1, 1, 1, 1, 1, 1, 1, 1, 1, 1, 1, 1, 1, 
1, 1, 1, 1, 1, 1, 1, 1, 1, 1, 1, 1, 1, 1, 1, 1, 1, 3.9, 4.112, 
4.172, 4.181, 4.539, 4.527, 4.674, 5.014, 5.124, 5.385, 6.252
), .Dim = c(11L, 40L), .Dimnames = list(NULL, c("Sampling", "PSO.cost", 
"PSO.gamma", "PSO.data.balancing", "PSO.feature.selection", "PSO.valid.acc", 
"PSO.test.acc", "PSO.train.time", "PSO.n.support.vectors", "PSO.index", 
"PSO.n.solutions", "PSO.generations", "PSO.n.evaluations", "PSO.cpu.time", 
"RS.cost", "RS.gamma", "RS.data.balancing", "RS.feature.selection", 
"RS.valid.acc", "RS.test.acc", "RS.train.time", "RS.n.support.vectors", 
"RS.index", "RS.n.solutions", "RS.generations", "RS.n.evaluations", 
"RS.cpu.time", "DF.cost", "DF.gamma", "DF.data.balancing", "DF.feature.selection", 
"DF.valid.acc", "DF.test.acc", "DF.train.time", "DF.n.support.vectors", 
"DF.index", "DF.n.solutions", "DF.generations", "DF.n.evaluations", 
"DF.cpu.time")))
