full <-
structure(c(50, 55, 60, 65, 70, 75, 80, 85, 90, 95, 100, 15, 
5.49419, 10.99631, 15, 4.76282, 10.40962, 6.97281, 2.206, 5.95749, 
9.44773, 9.62989, -7.87944, -3.28512, -6.82257, -9.02947, -2.06201, 
-6.1932, -2.57454, -1.0329, -2.76788, -3.74409, -3.72599, 0, 
0, 0, 0, 0, 0, 0, 0, 0, 0, 0, 0, 0, 0, 0, 0, 0, 0, 0, 0, 0, 0, 
0.48363, 0.50537, 0.49792, 0.52247, 0.49445, 0.52174, 0.53478, 
0.56204, 0.56305, 0.57064, 0.55591, 0.47757, 0.48686, 0.47573, 
0.49408, 0.48102, 0.50399, 0.52002, 0.53529, 0.55037, 0.53691, 
0.53403, 0.3745, 0.1488, 0.236, 0.7254, 0.2068, 0.3015, 0.2455, 
0.3174, 0.2817, 0.376, 0.4034, 282.4, 317.3, 341.1, 369.3, 400.1, 
415, 445.8, 493.4, 494.6, 516.6, 541.4, 312, 1369, 779, 911, 
1534, 864, 673, 1442, 733, 461, 525, 493, 38, 45, 254, 73, 129, 
248, 19, 334, 690, 286, 100, 100, 100, 100, 100, 100, 100, 100, 
100, 100, 100, 2500, 2500, 2500, 2500, 2500, 2500, 2500, 2500, 
2500, 2500, 2500, 13744.425, 10349.374, 12801.07, 21865.024, 
11550.081, 13968.127, 12301.485, 15931.562, 13677.713, 16180.894, 
17293.861, 3.33969, 4.85931, 12.21866, 14.76201, 1.77446, 10.32802, 
14.3413, 2.13317, 5.9358, 6.38932, 8.48941, -1.73839, -2.99782, 
-7.46293, -8.91745, -0.77004, -6.15303, -6.99607, -0.95114, -2.78375, 
-2.53011, -3.72589, 0, 0, 0, 0, 0, 0, 0, 0, 0, 0, 0, 0, 0, 0, 
0, 0, 0, 0, 0, 0, 0, 0, 0.47884, 0.50266, 0.49357, 0.5185, 0.49265, 
0.52174, 0.53298, 0.55737, 0.55868, 0.56904, 0.55174, 0.46531, 
0.49109, 0.48042, 0.4962, 0.4738, 0.50569, 0.53623, 0.5369, 0.54738, 
0.55349, 0.54311, 0.1366, 0.1486, 0.2802, 0.6659, 0.2325, 0.3031, 
0.7322, 0.3122, 0.2935, 0.3296, 0.3917, 294.9, 318.9, 340.9, 
369.3, 414.9, 415, 434.3, 494.4, 494.1, 521.3, 543.7, 283, 71, 
2491, 934, 49, 198, 641, 2228, 408, 716, 1236, 1, 1, 1, 2, 1, 
1, 1, 1, 1, 1, 1, 100, 100, 100, 100, 100, 100, 100, 100, 100, 
100, 100, 2500, 2500, 2500, 2500, 2500, 2500, 2500, 2500, 2500, 
2500, 2500, 9954.75, 10518.966, 10811.809, 11399.732, 12060.692, 
12515.102, 13706.791, 14320.532, 14947.08, 16580.513, 17766.073, 
1, 1, 1, 1, 1, 1, 1, 1, 1, 1, 1, 0.125, 0.125, 0.125, 0.125, 
0.125, 0.125, 0.125, 0.125, 0.125, 0.125, 0.125, 0, 0, 0, 0, 
0, 0, 0, 0, 0, 0, 0, 0, 0, 0, 0, 0, 0, 0, 0, 0, 0, 0, 0.36874, 
0.38308, 0.37196, 0.39484, 0.39097, 0.40312, 0.40396, 0.41404, 
0.41496, 0.41825, 0.43184, 0.36571, 0.38101, 0.3826, 0.38687, 
0.38435, 0.39962, 0.39904, 0.40913, 0.39411, 0.41541, 0.42661, 
0.1269, 0.1462, 0.1544, 0.1803, 0.1951, 0.2208, 0.2323, 0.2637, 
0.2739, 0.3108, 0.3355, 302.8, 332.2, 361.8, 392.1, 421.1, 451.6, 
478.5, 508.6, 536.4, 565.2, 595.9, 1, 1, 1, 1, 1, 1, 1, 1, 1, 
1, 1, 1, 1, 1, 1, 1, 1, 1, 1, 1, 1, 1, 1, 1, 1, 1, 1, 1, 1, 1, 
1, 1, 1, 1, 1, 1, 1, 1, 1, 1, 1, 1, 1, 1, 3.786, 4.029, 3.982, 
4.33, 4.405, 4.712, 4.852, 5.215, 5.193, 5.771, 6.22), .Dim = c(11L, 
40L), .Dimnames = list(NULL, c("Sampling", "PSO.cost", "PSO.gamma", 
"PSO.data.balancing", "PSO.feature.selection", "PSO.valid.acc", 
"PSO.test.acc", "PSO.train.time", "PSO.n.support.vectors", "PSO.index", 
"PSO.n.solutions", "PSO.generations", "PSO.n.evaluations", "PSO.cpu.time", 
"RS.cost", "RS.gamma", "RS.data.balancing", "RS.feature.selection", 
"RS.valid.acc", "RS.test.acc", "RS.train.time", "RS.n.support.vectors", 
"RS.index", "RS.n.solutions", "RS.generations", "RS.n.evaluations", 
"RS.cpu.time", "DF.cost", "DF.gamma", "DF.data.balancing", "DF.feature.selection", 
"DF.valid.acc", "DF.test.acc", "DF.train.time", "DF.n.support.vectors", 
"DF.index", "DF.n.solutions", "DF.generations", "DF.n.evaluations", 
"DF.cpu.time")))
