full <-
structure(c(50, 55, 60, 65, 70, 75, 80, 85, 90, 95, 100, 3.20541, 
7.86512, 10.45117, 4.13803, 6.49479, 14.93668, 3.50767, 7.95023, 
1.75459, 5.24917, 7.46342, -2.68371, -4.86638, -5.74303, -3.19643, 
-4.30578, -8.92728, -2.11517, -4.44297, -0.92972, -3.31204, -3.39787, 
0, 0, 0, 0, 0, 0, 0, 0, 0, 0, 0, 0, 0, 0, 0, 0, 0, 0, 0, 0, 0, 
0, 0.49612, 0.52696, 0.52911, 0.5519, 0.55649, 0.5553, 0.56391, 
0.57441, 0.55323, 0.56952, 0.56524, 0.48132, 0.50256, 0.52397, 
0.51989, 0.54408, 0.54743, 0.55864, 0.5473, 0.55741, 0.57017, 
0.54488, 0.1373, 0.1508, 0.2108, 0.1831, 0.2126, 0.8571, 0.2473, 
0.3066, 0.3546, 0.3151, 0.3712, 292.3, 312.8, 336.7, 375.1, 398.2, 
416, 452.4, 470.4, 522.9, 525.9, 545.6, 440, 706, 665, 2234, 
1760, 586, 1781, 1396, 2315, 2150, 1609, 359, 65, 59, 2, 14, 
213, 22, 55, 3, 1, 11, 100, 100, 100, 100, 100, 100, 100, 100, 
100, 100, 100, 2500, 2500, 2500, 2500, 2500, 2500, 2500, 2500, 
2500, 2500, 2500, 9398.302, 10382.33, 13014.461, 12083.371, 11855.565, 
23035.242, 12886.883, 13884.347, 19105.726, 14782.319, 16093.255, 
3.38169, 8.50057, 13.3359, 4.27394, 7.72282, 5.96768, 3.6958, 
9.27173, 2.07054, 5.58431, 6.7289, -2.73931, -5.14216, -7.9691, 
-3.27278, -4.977, -3.96428, -2.13159, -5.22019, -1.39138, -3.52834, 
-2.98911, 0, 0, 0, 0, 0, 0, 0, 0, 0, 0, 0, 0, 0, 0, 0, 0, 0, 
0, 0, 0, 0, 0, 0.49612, 0.52231, 0.52582, 0.5457, 0.55114, 0.55384, 
0.56079, 0.56844, 0.55035, 0.56378, 0.56156, 0.48867, 0.50226, 
0.51457, 0.51973, 0.53628, 0.5241, 0.56348, 0.55354, 0.55062, 
0.57289, 0.54363, 0.1291, 0.1677, 0.3093, 0.1953, 0.237, 0.2272, 
0.2543, 0.3262, 0.3096, 0.3092, 0.352, 292.1, 311.2, 337.6, 375, 
396.6, 422.7, 450.9, 471.4, 516.8, 527.7, 549.8, 1317, 1359, 
1040, 2123, 1913, 762, 834, 1271, 628, 281, 986, 1, 1, 1, 1, 
1, 1, 1, 1, 1, 1, 1, 100, 100, 100, 100, 100, 100, 100, 100, 
100, 100, 100, 2500, 2500, 2500, 2500, 2500, 2500, 2500, 2500, 
2500, 2500, 2500, 9692.741, 10459.385, 10985.555, 11815.395, 
12435.881, 13051.215, 13411.693, 14127.553, 15107.177, 16054.854, 
17108.624, 1, 1, 1, 1, 1, 1, 1, 1, 1, 1, 1, 0.125, 0.125, 0.125, 
0.125, 0.125, 0.125, 0.125, 0.125, 0.125, 0.125, 0.125, 0, 0, 
0, 0, 0, 0, 0, 0, 0, 0, 0, 0, 0, 0, 0, 0, 0, 0, 0, 0, 0, 0, 0.42177, 
0.42971, 0.41609, 0.43273, 0.40403, 0.43788, 0.41761, 0.42822, 
0.41516, 0.42307, 0.42156, 0.41692, 0.41885, 0.41154, 0.42187, 
0.42272, 0.44101, 0.41882, 0.4177, 0.4151, 0.42132, 0.41269, 
0.1246, 0.146, 0.1613, 0.1784, 0.205, 0.2265, 0.2357, 0.2592, 
0.2879, 0.3025, 0.321, 303, 332.5, 360.9, 390.4, 420.6, 449.6, 
477.3, 507.4, 534.1, 565.7, 595.6, 1, 1, 1, 1, 1, 1, 1, 1, 1, 
1, 1, 1, 1, 1, 1, 1, 1, 1, 1, 1, 1, 1, 1, 1, 1, 1, 1, 1, 1, 1, 
1, 1, 1, 1, 1, 1, 1, 1, 1, 1, 1, 1, 1, 1, 3.66, 3.994, 4.125, 
4.25, 4.669, 4.818, 4.694, 5.02, 5.445, 5.538, 5.671), .Dim = c(11L, 
40L), .Dimnames = list(NULL, c("Sampling", "PSO.cost", "PSO.gamma", 
"PSO.data.balancing", "PSO.feature.selection", "PSO.valid.acc", 
"PSO.test.acc", "PSO.train.time", "PSO.n.support.vectors", "PSO.index", 
"PSO.n.solutions", "PSO.generations", "PSO.n.evaluations", "PSO.cpu.time", 
"RS.cost", "RS.gamma", "RS.data.balancing", "RS.feature.selection", 
"RS.valid.acc", "RS.test.acc", "RS.train.time", "RS.n.support.vectors", 
"RS.index", "RS.n.solutions", "RS.generations", "RS.n.evaluations", 
"RS.cpu.time", "DF.cost", "DF.gamma", "DF.data.balancing", "DF.feature.selection", 
"DF.valid.acc", "DF.test.acc", "DF.train.time", "DF.n.support.vectors", 
"DF.index", "DF.n.solutions", "DF.generations", "DF.n.evaluations", 
"DF.cpu.time")))
