full <-
structure(c(50, 55, 60, 65, 70, 75, 80, 85, 90, 95, 100, 8.77264, 
9.63937, 6.06036, 14.59165, 10.48994, 14.69378, 10.43824, 10.85669, 
14.5176, 7.64774, 4.62903, -8.53205, -4.17398, -5.65959, -4.96579, 
-5.8379, -4.00858, -3.43261, -11.3305, -7.19023, -3.87164, -5.60032, 
0, 0, 0, 0, 0, 0, 0, 0, 0, 0, 0, 0, 0, 0, 0, 0, 0, 0, 0, 0, 0, 
0, 1, 1, 1, 1, 1, 1, 1, 1, 1, 1, 1, 1, 1, 0.99091, 1, 1, 1, 1, 
1, 1, 0.99474, 0.995, 0.0135, 0.0115, 0.0128, 0.013, 0.0136, 
0.0126, 0.0132, 0.0135, 0.0138, 0.0152, 0.0144, 18.5, 12.9, 20.6, 
10.5, 8.8, 14.4, 17.6, 24.4, 7.3, 16, 34.6, 12, 11, 2, 13, 2, 
4, 3, 4, 2, 9, 2, 997, 1100, 1580, 1792, 1869, 1846, 1866, 1760, 
1658, 1260, 1677, 100, 100, 100, 100, 100, 100, 100, 100, 100, 
100, 100, 2500, 2500, 2500, 2500, 2500, 2500, 2500, 2500, 2500, 
2500, 2500, 7519.534, 7330.524, 7384.381, 8056.401, 7735.43, 
7835.29299999999, 7122.30200000001, 7083.118, 7398.31000000001, 
7582.59299999999, 7658.03899999999, 10.33469, 9.36519, 14.81411, 
12.57911, 12.30869, 12.70859, 14.6234, 11.62488, 11.0158, 13.20778, 
14.43677, -8.84981, -4.06514, -5.46546, -4.5375, -10.9624, -10.28615, 
-5.21993, -12.49818, -8.53225, -11.64723, -14.17605, 0, 0, 0, 
0, 0, 0, 0, 0, 0, 0, 0, 0, 0, 0, 0, 0, 0, 0, 0, 0, 0, 0, 1, 1, 
1, 1, 1, 1, 1, 1, 1, 1, 1, 1, 1, 1, 1, 1, 1, 1, 0.99412, 1, 0.99474, 
0.995, 0.0119, 0.0125, 0.0139, 0.0124, 0.0124, 0.0135, 0.0129, 
0.0131, 0.0143, 0.0137, 0.0142, 12.7, 13.3, 9.2, 11.4, 12.3, 
9.3, 10, 27.1, 9.8, 12.5, 18.9, 20, 4, 1, 3, 2, 1, 2, 9, 5, 13, 
8, 247, 242, 621, 633, 585, 636, 549, 675, 522, 354, 668, 100, 
100, 100, 100, 100, 100, 100, 100, 100, 100, 100, 2500, 2500, 
2500, 2500, 2500, 2500, 2500, 2500, 2500, 2500, 2500, 7375.962, 
7398.592, 7944.70600000001, 7855.28200000001, 7608.87300000001, 
7368.63400000001, 7225.10799999999, 7174.742, 7559.069, 7622.42600000001, 
7763.22500000001, 1, 1, 1, 1, 1, 1, 1, 1, 1, 1, 1, 0.14286, 0.14286, 
0.14286, 0.14286, 0.14286, 0.14286, 0.14286, 0.14286, 0.14286, 
0.14286, 0.14286, 0, 0, 0, 0, 0, 0, 0, 0, 0, 0, 0, 0, 0, 0, 0, 
0, 0, 0, 0, 0, 0, 0, 0.86, 0.84803, 0.86579, 0.91593, 0.93462, 
0.95327, 0.93069, 0.95327, 0.96046, 0.96287, 0.945, 0.86, 0.86697, 
0.86591, 0.91593, 0.92795, 0.93994, 0.95574, 0.95915, 0.9549, 
0.96287, 0.955, 0.0132, 0.0135, 0.0134, 0.0142, 0.0141, 0.0144, 
0.0148, 0.0156, 0.0162, 0.0174, 0.0175, 56.8, 60.3, 64.6, 67.2, 
71, 74.1, 76.8, 80.2, 81.4, 84.7, 88.3, 1, 1, 1, 1, 1, 1, 1, 
1, 1, 1, 1, 1, 1, 1, 1, 1, 1, 1, 1, 1, 1, 1, 1, 1, 1, 1, 1, 1, 
1, 1, 1, 1, 1, 1, 1, 1, 1, 1, 1, 1, 1, 1, 1, 1, 2.994, 3.004, 
2.976, 3.157, 2.858, 2.997, 2.866, 2.871, 2.982, 3.341, 3.001
), .Dim = c(11L, 40L), .Dimnames = list(NULL, c("Sampling", "PSO.cost", 
"PSO.gamma", "PSO.data.balancing", "PSO.feature.selection", "PSO.valid.acc", 
"PSO.test.acc", "PSO.train.time", "PSO.n.support.vectors", "PSO.index", 
"PSO.n.solutions", "PSO.generations", "PSO.n.evaluations", "PSO.cpu.time", 
"RS.cost", "RS.gamma", "RS.data.balancing", "RS.feature.selection", 
"RS.valid.acc", "RS.test.acc", "RS.train.time", "RS.n.support.vectors", 
"RS.index", "RS.n.solutions", "RS.generations", "RS.n.evaluations", 
"RS.cpu.time", "DF.cost", "DF.gamma", "DF.data.balancing", "DF.feature.selection", 
"DF.valid.acc", "DF.test.acc", "DF.train.time", "DF.n.support.vectors", 
"DF.index", "DF.n.solutions", "DF.generations", "DF.n.evaluations", 
"DF.cpu.time")))
