full <-
structure(c(50, 55, 60, 65, 70, 75, 80, 85, 90, 95, 100, 2.24753, 
14.3261, 13.4066, 12.89556, 12.94236, 11.49934, 2.88529, 12.6168, 
8.04342, 8.25843, 11.97834, -0.6966, -14.54144, -6.47222, -9.9512, 
-12.8371, -9.90466, -3.6671, -7.71001, -5.01199, -7.03369, -9.24124, 
0, 0, 0, 0, 0, 0, 0, 0, 0, 0, 0, 0, 0, 0, 0, 0, 0, 0, 0, 0, 0, 
0, 1, 1, 1, 1, 0.99286, 0.99333, 0.99412, 1, 1, 1, 1, 1, 1, 1, 
1, 0.99286, 1, 0.99412, 1, 1, 1, 1, 0.0138, 0.0121, 0.0124, 0.0129, 
0.0131, 0.0131, 0.0139, 0.0123, 0.0127, 0.0135, 0.0134, 39.2, 
15.8, 8.9, 8.2, 16.4, 11.1, 36, 8, 13.9, 15.3, 9.3, 2, 3, 4, 
5, 5, 2, 6, 12, 16, 2, 2, 1720, 1777, 1752, 1761, 2007, 1616, 
1970, 1567, 752, 1329, 1865, 100, 100, 100, 100, 100, 100, 100, 
100, 100, 100, 100, 2500, 2500, 2500, 2500, 2500, 2500, 2500, 
2500, 2500, 2500, 2500, 7232.454, 7272.844, 7281.197, 7263.333, 
7278.513, 7308.21000000001, 7295.711, 6989.07299999999, 7025.33100000001, 
7070.00799999999, 7086.533, 12.09788, 9.6644, 8.20449, 12.35548, 
13.90872, 11.80637, 11.05694, 14.75644, 7.68995, 6.03562, 10.49497, 
-9.92397, -3.29932, -6.75841, -7.00812, -8.21519, -11.60145, 
-6.01753, -10.84899, -5.38437, -3.44129, -2.11066, 0, 0, 0, 0, 
0, 0, 0, 0, 0, 0, 0, 0, 0, 0, 0, 0, 0, 0, 0, 0, 0, 0, 1, 1, 1, 
1, 0.99286, 0.99333, 0.99412, 1, 1, 1, 1, 1, 0.99091, 1, 1, 0.99286, 
0.99333, 0.99412, 1, 1, 1, 0.995, 0.0117, 0.0122, 0.0122, 0.0125, 
0.0125, 0.0133, 0.0129, 0.0122, 0.0129, 0.0135, 0.0144, 7.9, 
17.1, 10.6, 8.9, 7.9, 16.9, 10.7, 6.8, 14.2, 21.6, 29.3, 2, 3, 
2, 6, 6, 6, 1, 10, 32, 1, 4, 1125, 963, 817, 388, 707, 817, 976, 
323, 8, 344, 647, 100, 100, 100, 100, 100, 100, 100, 100, 100, 
100, 100, 2500, 2500, 2500, 2500, 2500, 2500, 2500, 2500, 2500, 
2500, 2500, 7260.222, 7289.862, 7286.893, 7298.025, 7310.73099999999, 
7334.114, 7281.349, 7050.512, 7117.394, 7153.818, 7145.193, 1, 
1, 1, 1, 1, 1, 1, 1, 1, 1, 1, 0.14286, 0.14286, 0.14286, 0.14286, 
0.14286, 0.14286, 0.14286, 0.14286, 0.14286, 0.14286, 0.14286, 
0, 0, 0, 0, 0, 0, 0, 0, 0, 0, 0, 0, 0, 0, 0, 0, 0, 0, 0, 0, 0, 
0, 0.90091, 0.92864, 0.94091, 0.95495, 0.95714, 0.95994, 0.97453, 
0.95882, 0.96631, 0.96254, 0.965, 0.90182, 0.92621, 0.96667, 
0.93956, 0.95048, 0.97333, 0.96865, 0.97647, 0.97186, 0.96254, 
0.965, 0.0122, 0.0128, 0.0138, 0.0141, 0.0147, 0.0153, 0.0145, 
0.015, 0.0157, 0.016, 0.0169, 50.8, 58.3, 62.2, 66.9, 71.1, 74.9, 
76.5, 79.4, 81.7, 84.9, 88.7, 1, 1, 1, 1, 1, 1, 1, 1, 1, 1, 1, 
1, 1, 1, 1, 1, 1, 1, 1, 1, 1, 1, 1, 1, 1, 1, 1, 1, 1, 1, 1, 1, 
1, 1, 1, 1, 1, 1, 1, 1, 1, 1, 1, 1, 2.837, 2.854, 2.921, 2.905, 
2.943, 2.933, 2.793, 2.763, 2.853, 2.856, 2.891), .Dim = c(11L, 
40L), .Dimnames = list(NULL, c("Sampling", "PSO.cost", "PSO.gamma", 
"PSO.data.balancing", "PSO.feature.selection", "PSO.valid.acc", 
"PSO.test.acc", "PSO.train.time", "PSO.n.support.vectors", "PSO.index", 
"PSO.n.solutions", "PSO.generations", "PSO.n.evaluations", "PSO.cpu.time", 
"RS.cost", "RS.gamma", "RS.data.balancing", "RS.feature.selection", 
"RS.valid.acc", "RS.test.acc", "RS.train.time", "RS.n.support.vectors", 
"RS.index", "RS.n.solutions", "RS.generations", "RS.n.evaluations", 
"RS.cpu.time", "DF.cost", "DF.gamma", "DF.data.balancing", "DF.feature.selection", 
"DF.valid.acc", "DF.test.acc", "DF.train.time", "DF.n.support.vectors", 
"DF.index", "DF.n.solutions", "DF.generations", "DF.n.evaluations", 
"DF.cpu.time")))
