full <-
structure(c(50, 55, 60, 65, 70, 75, 80, 85, 90, 95, 100, 9.70674, 
7.36535, 10.99158, 13.34804, 14.87122, 7.35233, 9.96199, 12.96765, 
7.93141, 11.54761, 6.35905, -9.65214, -6.01873, -11.01386, -6.29229, 
-13.64292, -7.56506, -10.10714, -5.32344, -6.09119, -3.33522, 
-4.18416, 0, 0, 0, 0, 0, 0, 0, 0, 0, 0, 0, 0, 0, 0, 0, 0, 0, 
0, 0, 0, 0, 0, 1, 1, 1, 1, 1, 1, 1, 1, 1, 1, 1, 0.99, 1, 1, 0.99167, 
1, 0.99333, 0.99375, 1, 1, 1, 0.99, 0.0118, 0.012, 0.0123, 0.0115, 
0.0125, 0.0122, 0.0129, 0.0132, 0.0138, 0.015, 0.0147, 15.3, 
13.3, 17.5, 7.7, 13.4, 22.1, 21.5, 10.7, 15.1, 20, 18.7, 2, 4, 
7, 7, 11, 3, 6, 4, 26, 6, 2, 1749, 1648, 1479, 1773, 1675, 1899, 
1903, 1584, 941, 956, 1329, 100, 100, 100, 100, 100, 100, 100, 
100, 100, 100, 100, 2500, 2500, 2500, 2500, 2500, 2500, 2500, 
2500, 2500, 2500, 2500, 6623.426, 6599.307, 6591.093, 6602.75, 
6505.65100000001, 6533.19399999999, 6558.295, 6560.62599999999, 
6574.33, 6733.70999999999, 6750.30800000002, 10.7216, 13.961, 
10.15576, 14.45456, 9.93887, 11.46304, 10.31728, 12.47527, 7.29297, 
14.17625, 14.76011, -9.2597, -1.63798, -8.10432, -10.72686, -8.29228, 
-5.0754, -6.54672, -6.56335, -4.53658, -3.53094, -11.08501, 0, 
0, 0, 0, 0, 0, 0, 0, 0, 0, 0, 0, 0, 0, 0, 0, 0, 0, 0, 0, 0, 0, 
1, 1, 1, 1, 1, 1, 1, 1, 1, 1, 1, 1, 1, 1, 1, 1, 1, 1, 1, 1, 1, 
1, 0.0116, 0.0122, 0.0118, 0.0118, 0.0125, 0.0126, 0.0124, 0.0125, 
0.0133, 0.0141, 0.014, 11.3, 28.2, 10.1, 6.1, 12.5, 11.1, 8.4, 
7.6, 15.1, 18.8, 7.3, 4, 6, 6, 4, 9, 3, 1, 4, 70, 18, 1, 653, 
620, 387, 322, 405, 467, 465, 430, 29, 260, 367, 100, 100, 100, 
100, 100, 100, 100, 100, 100, 100, 100, 2500, 2500, 2500, 2500, 
2500, 2500, 2500, 2500, 2500, 2500, 2500, 6623.143, 6614.13, 
6623.775, 6586.4, 6553.79899999999, 6591.591, 6601.501, 6613.436, 
6741.337, 6826.66899999999, 6814.962, 1, 1, 1, 1, 1, 1, 1, 1, 
1, 1, 1, 0.14286, 0.14286, 0.14286, 0.14286, 0.14286, 0.14286, 
0.14286, 0.14286, 0.14286, 0.14286, 0.14286, 0, 0, 0, 0, 0, 0, 
0, 0, 0, 0, 0, 0, 0, 0, 0, 0, 0, 0, 0, 0, 0, 0, 0.89, 0.89879, 
0.90192, 0.87729, 0.88597, 0.93333, 0.94375, 0.95911, 0.95585, 
0.96421, 0.97, 0.91, 0.88136, 0.8859, 0.89267, 0.89256, 0.93333, 
0.95583, 0.9529, 0.9614, 0.96395, 0.97, 0.0125, 0.0125, 0.013, 
0.0135, 0.0139, 0.0142, 0.0149, 0.0156, 0.0165, 0.0167, 0.0177, 
51.3, 56.8, 58.7, 62.6, 67.3, 71.1, 74.8, 79.1, 82.3, 86.6, 88.9, 
1, 1, 1, 1, 1, 1, 1, 1, 1, 1, 1, 1, 1, 1, 1, 1, 1, 1, 1, 1, 1, 
1, 1, 1, 1, 1, 1, 1, 1, 1, 1, 1, 1, 1, 1, 1, 1, 1, 1, 1, 1, 1, 
1, 1, 2.623, 2.628, 2.648, 2.635, 2.588, 2.603, 2.617, 2.608, 
2.689, 2.645, 2.761), .Dim = c(11L, 40L), .Dimnames = list(NULL, 
    c("Sampling", "PSO.cost", "PSO.gamma", "PSO.data.balancing", 
    "PSO.feature.selection", "PSO.valid.acc", "PSO.test.acc", 
    "PSO.train.time", "PSO.n.support.vectors", "PSO.index", "PSO.n.solutions", 
    "PSO.generations", "PSO.n.evaluations", "PSO.cpu.time", "RS.cost", 
    "RS.gamma", "RS.data.balancing", "RS.feature.selection", 
    "RS.valid.acc", "RS.test.acc", "RS.train.time", "RS.n.support.vectors", 
    "RS.index", "RS.n.solutions", "RS.generations", "RS.n.evaluations", 
    "RS.cpu.time", "DF.cost", "DF.gamma", "DF.data.balancing", 
    "DF.feature.selection", "DF.valid.acc", "DF.test.acc", "DF.train.time", 
    "DF.n.support.vectors", "DF.index", "DF.n.solutions", "DF.generations", 
    "DF.n.evaluations", "DF.cpu.time")))
