full <-
structure(c(50, 55, 60, 65, 70, 75, 80, 85, 90, 95, 100, 12.96447, 
11.30342, 14.03342, 10.67627, 14.10394, 13.12611, 10.56271, 12.23131, 
6.66839, 8.00787, 5.54681, -9.99157, -8.48104, -10.83082, -6.35134, 
-9.87366, -3.83164, -3.23592, -7.03166, -4.36929, -3.0047, -2.86127, 
0, 0, 0, 0, 0, 0, 0, 0, 0, 0, 0, 0, 0, 0, 0, 0, 0, 0, 0, 0, 0, 
0, 1, 1, 1, 1, 1, 1, 1, 1, 1, 1, 1, 1, 1, 1, 1, 1, 1, 1, 1, 1, 
1, 0.99, 0.0117, 0.0117, 0.016, 0.0174, 0.0196, 0.0193, 0.0183, 
0.0207, 0.0194, 0.0203, 0.0204, 7.4, 9.1, 7.9, 7.8, 7.1, 15.1, 
18.5, 6.9, 19, 21.6, 25.9, 6, 3, 9, 7, 8, 10, 11, 4, 6, 20, 4, 
1755, 1724, 1535, 1503, 1765, 981, 1420, 1851, 1199, 1204, 1664, 
100, 100, 100, 100, 100, 100, 100, 100, 100, 100, 100, 2500, 
2500, 2500, 2500, 2500, 2500, 2500, 2500, 2500, 2500, 2500, 7096.148, 
7255.5, 12746.512, 13328.955, 13824.875, 13656.411, 13969.08, 
13634.318, 12910.95, 12819.391, 12010.404, 14.93983, 14.71418, 
12.49737, 11.84422, 12.88406, 11.0881, 8.39684, 11.92522, 10.56512, 
13.45419, 13.82584, -10.49583, -8.34886, -2.55098, -10.04357, 
-8.59062, -9.4838, -3.05024, -2.63728, -8.95915, -3.36595, -4.06866, 
0, 0, 0, 0, 0, 0, 0, 0, 0, 0, 0, 0, 0, 0, 0, 0, 0, 0, 0, 0, 0, 
0, 1, 1, 1, 1, 1, 1, 1, 1, 1, 1, 1, 1, 1, 0.99167, 1, 1, 1, 1, 
1, 1, 1, 0.995, 0.0113, 0.0116, 0.0179, 0.0179, 0.0193, 0.0182, 
0.0203, 0.0195, 0.0194, 0.0191, 0.0191, 6.3, 6.5, 22, 12, 6.8, 
13.1, 21, 24.4, 13.2, 19.2, 15.2, 6, 5, 1, 9, 6, 6, 12, 2, 7, 
10, 6, 280, 254, 408, 324, 443, 234, 570, 607, 349, 398, 537, 
100, 100, 100, 100, 100, 100, 100, 100, 100, 100, 100, 2500, 
2500, 2500, 2500, 2500, 2500, 2500, 2500, 2500, 2500, 2500, 7152.916, 
8607.746, 13090.7, 13952.116, 13743.523, 13808.922, 14221.654, 
12976.65, 12959.322, 12696.29, 12220.469, 1, 1, 1, 1, 1, 1, 1, 
1, 1, 1, 1, 0.14286, 0.14286, 0.14286, 0.14286, 0.14286, 0.14286, 
0.14286, 0.14286, 0.14286, 0.14286, 0.14286, 0, 0, 0, 0, 0, 0, 
0, 0, 0, 0, 0, 0, 0, 0, 0, 0, 0, 0, 0, 0, 0, 0, 0.91182, 0.91712, 
0.89272, 0.92995, 0.94286, 0.91798, 0.95625, 0.94175, 0.94444, 
0.96918, 0.965, 0.8996, 0.91545, 0.90105, 0.93718, 0.93619, 0.91756, 
0.95, 0.94661, 0.95, 0.96392, 0.965, 0.0129, 0.0169, 0.019, 0.0204, 
0.0203, 0.0221, 0.0223, 0.0221, 0.0208, 0.0211, 0.022, 56.1, 
61.6, 65.1, 67.6, 71.9, 75.5, 78.2, 82.5, 84.6, 87.1, 88.6, 1, 
1, 1, 1, 1, 1, 1, 1, 1, 1, 1, 1, 1, 1, 1, 1, 1, 1, 1, 1, 1, 1, 
1, 1, 1, 1, 1, 1, 1, 1, 1, 1, 1, 1, 1, 1, 1, 1, 1, 1, 1, 1, 1, 
1, 2.909, 4.645, 5.359, 5.745, 5.589, 5.944, 5.856, 5.213, 4.919, 
4.785, 4.751), .Dim = c(11L, 40L), .Dimnames = list(NULL, c("Sampling", 
"PSO.cost", "PSO.gamma", "PSO.data.balancing", "PSO.feature.selection", 
"PSO.valid.acc", "PSO.test.acc", "PSO.train.time", "PSO.n.support.vectors", 
"PSO.index", "PSO.n.solutions", "PSO.generations", "PSO.n.evaluations", 
"PSO.cpu.time", "RS.cost", "RS.gamma", "RS.data.balancing", "RS.feature.selection", 
"RS.valid.acc", "RS.test.acc", "RS.train.time", "RS.n.support.vectors", 
"RS.index", "RS.n.solutions", "RS.generations", "RS.n.evaluations", 
"RS.cpu.time", "DF.cost", "DF.gamma", "DF.data.balancing", "DF.feature.selection", 
"DF.valid.acc", "DF.test.acc", "DF.train.time", "DF.n.support.vectors", 
"DF.index", "DF.n.solutions", "DF.generations", "DF.n.evaluations", 
"DF.cpu.time")))
