full <-
structure(c(50, 55, 60, 65, 70, 75, 80, 85, 90, 95, 100, 15, 
7.1708, 7.85779, 6.93851, 13.09885, 10.10332, 11.26543, 13.91913, 
13.37334, 9.87462, 9.73135, -12.83582, -3.10128, -6.57497, -4.31859, 
-6.99343, -5.24466, -8.64017, -8.76059, -11.10953, -6.56164, 
-7.00677, 0, 0, 0, 0, 0, 0, 0, 0, 0, 0, 0, 0, 0, 0, 0, 0, 0, 
0, 0, 0, 0, 0, 1, 1, 1, 1, 1, 1, 1, 1, 1, 0.99474, 1, 1, 1, 0.99231, 
0.99231, 1, 0.99333, 1, 1, 1, 1, 1, 0.0117, 0.0119, 0.0124, 0.013, 
0.0126, 0.0133, 0.0119, 0.0135, 0.014, 0.0141, 0.0149, 8.2, 18.9, 
14.9, 15.1, 7.4, 10.7, 9.9, 6.7, 10, 9.7, 10.2, 186, 3, 3, 176, 
4, 3, 8, 6, 2, 4, 5, 56, 1601, 1478, 784, 1728, 1638, 1576, 1690, 
1648, 1377, 1218, 100, 100, 100, 100, 100, 100, 100, 100, 100, 
100, 100, 2500, 2500, 2500, 2500, 2500, 2500, 2500, 2500, 2500, 
2500, 2500, 7038.611, 6993.957, 7235.643, 7225.374, 7158.424, 
7116.228, 7032.592, 7074.67600000001, 7220.754, 7540.76700000001, 
7918.872, 13.98078, 5.42727, 10.94196, 8.34744, 14.43076, 14.18499, 
13.41818, 11.61319, 14.14326, 10.23558, 14.62762, -11.77959, 
-3.70344, -7.11343, -6.03476, -10.47856, -12.76291, -11.55996, 
-3.05769, -13.1202, -11.98589, -12.32146, 0, 0, 0, 0, 0, 0, 0, 
0, 0, 0, 0, 0, 0, 0, 0, 0, 0, 0, 0, 0, 0, 0, 0.99, 1, 1, 1, 1, 
1, 1, 1, 1, 0.99474, 1, 1, 0.99167, 1, 1, 1, 1, 1, 1, 1, 0.98947, 
1, 0.0118, 0.0124, 0.0129, 0.0131, 0.0126, 0.0132, 0.0127, 0.0144, 
0.0138, 0.0156, 0.0145, 8.5, 20.2, 7.9, 12.4, 6.8, 13.2, 11.2, 
20.3, 15.3, 38.8, 10.4, 3, 2, 8, 29, 28, 3, 8, 2, 1, 6, 6, 676, 
544, 517, 17, 227, 539, 286, 521, 605, 604, 353, 100, 100, 100, 
100, 100, 100, 100, 100, 100, 100, 100, 2500, 2500, 2500, 2500, 
2500, 2500, 2500, 2500, 2500, 2500, 2500, 7220.099, 7178.555, 
7145.662, 7151.09499999999, 7119.76899999999, 7117.82399999999, 
7165.17, 7133.405, 7447.25900000001, 8013.976, 8020.25, 1, 1, 
1, 1, 1, 1, 1, 1, 1, 1, 1, 0.14286, 0.14286, 0.14286, 0.14286, 
0.14286, 0.14286, 0.14286, 0.14286, 0.14286, 0.14286, 0.14286, 
0, 0, 0, 0, 0, 0, 0, 0, 0, 0, 0, 0, 0, 0, 0, 0, 0, 0, 0, 0, 0, 
0, 0.88162, 0.89273, 0.89283, 0.91676, 0.87923, 0.93327, 0.93615, 
0.94698, 0.93196, 0.96865, 0.96, 0.89273, 0.89273, 0.90041, 0.90137, 
0.89359, 0.94619, 0.93578, 0.93489, 0.95516, 0.96339, 0.975, 
0.0132, 0.0129, 0.0138, 0.0152, 0.015, 0.0143, 0.0161, 0.0173, 
0.0169, 0.0185, 0.0178, 55.6, 58.2, 62.5, 67.5, 70.9, 72.9, 75.1, 
78.8, 84.3, 86.2, 88.3, 1, 1, 1, 1, 1, 1, 1, 1, 1, 1, 1, 1, 1, 
1, 1, 1, 1, 1, 1, 1, 1, 1, 1, 1, 1, 1, 1, 1, 1, 1, 1, 1, 1, 1, 
1, 1, 1, 1, 1, 1, 1, 1, 1, 1, 2.853, 2.715, 2.791, 3.078, 3.01, 
2.719, 3.054, 3.112, 3.003, 3.253, 3.193), .Dim = c(11L, 40L), .Dimnames = list(
    NULL, c("Sampling", "PSO.cost", "PSO.gamma", "PSO.data.balancing", 
    "PSO.feature.selection", "PSO.valid.acc", "PSO.test.acc", 
    "PSO.train.time", "PSO.n.support.vectors", "PSO.index", "PSO.n.solutions", 
    "PSO.generations", "PSO.n.evaluations", "PSO.cpu.time", "RS.cost", 
    "RS.gamma", "RS.data.balancing", "RS.feature.selection", 
    "RS.valid.acc", "RS.test.acc", "RS.train.time", "RS.n.support.vectors", 
    "RS.index", "RS.n.solutions", "RS.generations", "RS.n.evaluations", 
    "RS.cpu.time", "DF.cost", "DF.gamma", "DF.data.balancing", 
    "DF.feature.selection", "DF.valid.acc", "DF.test.acc", "DF.train.time", 
    "DF.n.support.vectors", "DF.index", "DF.n.solutions", "DF.generations", 
    "DF.n.evaluations", "DF.cpu.time")))
