full <-
structure(c(50, 55, 60, 65, 70, 75, 80, 85, 90, 95, 100, 13.55778, 
13.41138, 10.76164, 14.24864, 13.30421, 13.80013, 11.04137, 14.49749, 
8.37741, 9.16843, 12.12688, -10.86532, -6.93613, -0.2968, -8.69955, 
-14.40795, -5.80064, -13.39315, -13.74562, -9.0948, -7.81737, 
-3.596, 0, 0, 0, 0, 0, 0, 0, 0, 0, 0, 0, 0, 0, 0, 0, 0, 0, 0, 
0, 0, 0, 0, 1, 1, 1, 1, 1, 1, 1, 1, 1, 1, 1, 1, 1, 1, 1, 1, 1, 
1, 1, 0.99444, 1, 0.995, 0.0124, 0.0124, 0.0141, 0.0124, 0.0137, 
0.0121, 0.0147, 0.0132, 0.0156, 0.0144, 0.014, 8.1, 8.9, 46.6, 
8.1, 25.2, 8.3, 42.3, 15.6, 25.7, 13.4, 17.4, 2, 9, 2, 3, 2, 
5, 2, 6, 5, 6, 12, 1898, 1774, 1847, 1620, 1761, 2038, 1662, 
1700, 1062, 1253, 1727, 100, 100, 100, 100, 100, 100, 100, 100, 
100, 100, 100, 2500, 2500, 2500, 2500, 2500, 2500, 2500, 2500, 
2500, 2500, 2500, 6878.512, 7318.827, 7495.792, 7128.661, 7503.17200000001, 
7221.08799999999, 7456.993, 7069.51699999999, 7406.678, 7216.71399999998, 
7470.84700000001, 8.82314, 8.04037, 11.30094, 11.16094, 9.02078, 
11.96872, 8.67891, 11.24176, 13.60443, 9.70773, 9.41431, -6.41805, 
-2.78881, -4.09417, -4.74432, -2.70909, -7.21698, -6.72609, -9.05881, 
-10.88398, -8.33523, -2.62419, 0, 0, 0, 0, 0, 0, 0, 0, 0, 0, 
0, 0, 0, 0, 0, 0, 0, 0, 0, 0, 0, 0, 1, 1, 1, 1, 1, 1, 1, 1, 1, 
1, 1, 1, 1, 1, 1, 1, 1, 1, 1, 1, 1, 0.995, 0.0117, 0.0128, 0.0133, 
0.0125, 0.0134, 0.0129, 0.0132, 0.0127, 0.0141, 0.0127, 0.0147, 
9.2, 18.3, 13.3, 12.5, 20.3, 7.1, 11.2, 10.4, 8.9, 13.2, 25.4, 
3, 4, 4, 1, 1, 5, 5, 1, 7, 4, 4, 1096, 810, 1220, 1032, 892, 
1011, 1147, 639, 279, 349, 615, 100, 100, 100, 100, 100, 100, 
100, 100, 100, 100, 100, 2500, 2500, 2500, 2500, 2500, 2500, 
2500, 2500, 2500, 2500, 2500, 7011.527, 7455.976, 7471.016, 7377.309, 
7380.355, 7482.818, 7372.234, 7493.537, 7392.912, 7344.905, 7524.85699999999, 
1, 1, 1, 1, 1, 1, 1, 1, 1, 1, 1, 0.14286, 0.14286, 0.14286, 0.14286, 
0.14286, 0.14286, 0.14286, 0.14286, 0.14286, 0.14286, 0.14286, 
0, 0, 0, 0, 0, 0, 0, 0, 0, 0, 0, 0, 0, 0, 0, 0, 0, 0, 0, 0, 0, 
0, 0.91, 0.93682, 0.95897, 0.91987, 0.97143, 0.97905, 0.9812, 
0.95768, 0.97778, 0.96813, 0.97, 0.92, 0.93682, 0.92564, 0.96923, 
0.95714, 0.9728, 0.9812, 0.96393, 0.96111, 0.96339, 0.965, 0.0133, 
0.0134, 0.0135, 0.0145, 0.0146, 0.0156, 0.015, 0.0164, 0.016, 
0.0174, 0.0185, 51.8, 55.4, 59.7, 63.9, 68.1, 72.3, 76.2, 79.6, 
79.9, 83.8, 88.2, 1, 1, 1, 1, 1, 1, 1, 1, 1, 1, 1, 1, 1, 1, 1, 
1, 1, 1, 1, 1, 1, 1, 1, 1, 1, 1, 1, 1, 1, 1, 1, 1, 1, 1, 1, 1, 
1, 1, 1, 1, 1, 1, 1, 1, 2.898, 2.961, 2.97, 2.982, 2.835, 3.039, 
2.875, 2.976, 2.887, 3.069, 3.157), .Dim = c(11L, 40L), .Dimnames = list(
    NULL, c("Sampling", "PSO.cost", "PSO.gamma", "PSO.data.balancing", 
    "PSO.feature.selection", "PSO.valid.acc", "PSO.test.acc", 
    "PSO.train.time", "PSO.n.support.vectors", "PSO.index", "PSO.n.solutions", 
    "PSO.generations", "PSO.n.evaluations", "PSO.cpu.time", "RS.cost", 
    "RS.gamma", "RS.data.balancing", "RS.feature.selection", 
    "RS.valid.acc", "RS.test.acc", "RS.train.time", "RS.n.support.vectors", 
    "RS.index", "RS.n.solutions", "RS.generations", "RS.n.evaluations", 
    "RS.cpu.time", "DF.cost", "DF.gamma", "DF.data.balancing", 
    "DF.feature.selection", "DF.valid.acc", "DF.test.acc", "DF.train.time", 
    "DF.n.support.vectors", "DF.index", "DF.n.solutions", "DF.generations", 
    "DF.n.evaluations", "DF.cpu.time")))
