full <-
structure(c(50, 55, 60, 65, 70, 75, 80, 85, 90, 95, 100, 14.15352, 
11.8154, 8.93783, 11.4365, 14.64062, 14.09218, 8.07693, 14.18599, 
7.27171, 10.47747, 11.30857, -7.59022, -6.3462, -8.48178, -9.23573, 
-9.73247, -11.40279, -5.20949, -6.969, -4.01807, -5.60697, -3.66229, 
0, 0, 0, 0, 0, 0, 0, 0, 0, 0, 0, 0, 0, 0, 0, 0, 0, 0, 0, 0, 0, 
0, 1, 1, 1, 1, 1, 1, 1, 1, 1, 1, 1, 1, 1, 1, 1, 1, 1, 1, 1, 1, 
1, 1, 0.012, 0.0124, 0.0128, 0.0136, 0.0131, 0.0127, 0.0135, 
0.0127, 0.0133, 0.013, 0.014, 6.5, 8.9, 16.3, 11.2, 6.9, 9, 12.6, 
7.7, 15.8, 10.4, 17.2, 3, 6, 4, 2, 3, 5, 352, 10, 2, 2, 7, 2093, 
1866, 1713, 1394, 1806, 1813, 630, 1744, 1948, 1797, 1677, 100, 
100, 100, 100, 100, 100, 100, 100, 100, 100, 100, 2500, 2500, 
2500, 2500, 2500, 2500, 2500, 2500, 2500, 2500, 2500, 7663.236, 
7677.915, 7713.972, 7609.20699999999, 7585.25999999999, 7272.876, 
7297.48, 7432.86899999999, 7392.368, 7397.68299999999, 7422.66400000002, 
10.45036, 11.70262, 7.12374, 7.28404, 12.54513, 5.87439, 8.49083, 
13.97292, 8.46956, 6.07569, 14.62375, -8.14973, -10.86933, -2.65008, 
-3.97323, -5.10981, -4.54109, -6.40816, -13.36179, -3.01065, 
-4.79782, -10.24948, 0, 0, 0, 0, 0, 0, 0, 0, 0, 0, 0, 0, 0, 0, 
0, 0, 0, 0, 0, 0, 0, 0, 1, 1, 1, 1, 1, 1, 1, 1, 1, 1, 1, 0.99, 
1, 0.99167, 0.99231, 1, 0.99333, 1, 0.99412, 1, 0.995, 1, 0.0122, 
0.0129, 0.0131, 0.0127, 0.0131, 0.0137, 0.0131, 0.0135, 0.014, 
0.0138, 0.0135, 10.2, 15.5, 20.4, 14.2, 10.6, 19.3, 13.7, 16.8, 
20.4, 20.7, 7.5, 5, 2, 3, 3, 11, 6, 7, 1, 5, 15, 2, 529, 602, 
592, 512, 618, 598, 31, 535, 606, 496, 439, 100, 100, 100, 100, 
100, 100, 100, 100, 100, 100, 100, 2500, 2500, 2500, 2500, 2500, 
2500, 2500, 2500, 2500, 2500, 2500, 7704.85, 7710.059, 7654.523, 
7600.516, 7609.613, 7323.148, 7462.39599999999, 7453.15999999999, 
7489.967, 7455.79699999999, 7554.25699999998, 1, 1, 1, 1, 1, 
1, 1, 1, 1, 1, 1, 0.14286, 0.14286, 0.14286, 0.14286, 0.14286, 
0.14286, 0.14286, 0.14286, 0.14286, 0.14286, 0.14286, 0, 0, 0, 
0, 0, 0, 0, 0, 0, 0, 0, 0, 0, 0, 0, 0, 0, 0, 0, 0, 0, 0, 0.8396, 
0.85561, 0.89837, 0.94716, 0.94326, 0.91321, 0.94365, 0.94069, 
0.96111, 0.95751, 0.955, 0.8496, 0.85424, 0.88928, 0.94661, 0.95755, 
0.93238, 0.93032, 0.95286, 0.96667, 0.96307, 0.97, 0.0136, 0.0145, 
0.014, 0.0152, 0.0143, 0.0144, 0.0159, 0.0159, 0.0161, 0.0164, 
0.0172, 56.7, 62.2, 66.4, 72.3, 73.8, 76.2, 80, 82.4, 83.7, 87.5, 
88.8, 1, 1, 1, 1, 1, 1, 1, 1, 1, 1, 1, 1, 1, 1, 1, 1, 1, 1, 1, 
1, 1, 1, 1, 1, 1, 1, 1, 1, 1, 1, 1, 1, 1, 1, 1, 1, 1, 1, 1, 1, 
1, 1, 1, 1, 3.173, 3.141, 2.869, 3.225, 2.893, 2.89, 3.127, 2.948, 
3.055, 2.865, 2.923), .Dim = c(11L, 40L), .Dimnames = list(NULL, 
    c("Sampling", "PSO.cost", "PSO.gamma", "PSO.data.balancing", 
    "PSO.feature.selection", "PSO.valid.acc", "PSO.test.acc", 
    "PSO.train.time", "PSO.n.support.vectors", "PSO.index", "PSO.n.solutions", 
    "PSO.generations", "PSO.n.evaluations", "PSO.cpu.time", "RS.cost", 
    "RS.gamma", "RS.data.balancing", "RS.feature.selection", 
    "RS.valid.acc", "RS.test.acc", "RS.train.time", "RS.n.support.vectors", 
    "RS.index", "RS.n.solutions", "RS.generations", "RS.n.evaluations", 
    "RS.cpu.time", "DF.cost", "DF.gamma", "DF.data.balancing", 
    "DF.feature.selection", "DF.valid.acc", "DF.test.acc", "DF.train.time", 
    "DF.n.support.vectors", "DF.index", "DF.n.solutions", "DF.generations", 
    "DF.n.evaluations", "DF.cpu.time")))
