full <-
structure(c(50, 55, 60, 65, 70, 75, 80, 85, 90, 95, 100, 9.90777, 
11.2033, 8.16458, 12.88942, 8.56577, 11.86371, 13.64853, 8.59928, 
10.96375, 9.64041, 12.72676, -10.09782, -8.67008, -6.84583, -10.68083, 
-1.85664, -8.32568, -4.96444, -5.43928, -4.17558, -8.43778, -7.63491, 
0, 0, 0, 0, 0, 0, 0, 0, 0, 0, 0, 0, 0, 0, 0, 0, 0, 0, 0, 0, 0, 
0, 1, 1, 1, 1, 1, 1, 1, 1, 1, 1, 1, 1, 1, 1, 1, 0.99286, 1, 1, 
1, 1, 1, 0.995, 0.0119, 0.0108, 0.0115, 0.0115, 0.0129, 0.0119, 
0.0131, 0.0128, 0.0129, 0.0156, 0.0151, 17.8, 8.9, 13.3, 9.2, 
26.1, 7.3, 11.7, 12.3, 14.9, 15.2, 7.5, 6, 5, 9, 9, 4, 4, 10, 
3, 6, 6, 10, 1586, 1998, 1108, 2032, 1735, 1941, 1639, 1746, 
1690, 1539, 1778, 100, 100, 100, 100, 100, 100, 100, 100, 100, 
100, 100, 2500, 2500, 2500, 2500, 2500, 2500, 2500, 2500, 2500, 
2500, 2500, 6572.68, 6263.767, 6365.725, 6321.431, 6354.061, 
6358.83199999999, 6353.50999999999, 6321.87700000001, 6570.48000000001, 
9028.198, 9028.74300000002, 8.71023, 14.94533, 10.03442, 12.95475, 
14.72308, 14.95728, 10.15883, 9.22395, 13.29779, 9.89246, 14.61259, 
-10.22621, -8.0299, -7.62264, -11.15933, -13.24777, -14.1686, 
-8.74346, -8.01765, -3.29297, -4.82892, -3.35554, 0, 0, 0, 0, 
0, 0, 0, 0, 0, 0, 0, 0, 0, 0, 0, 0, 0, 0, 0, 0, 0, 0, 1, 1, 1, 
1, 1, 1, 1, 1, 1, 1, 1, 0.99091, 1, 1, 1, 1, 1, 1, 1, 1, 1, 0.995, 
0.0119, 0.0115, 0.0114, 0.0118, 0.0122, 0.0128, 0.0135, 0.0128, 
0.0141, 0.0158, 0.0168, 27.5, 6.5, 8.9, 9.9, 10.7, 13.7, 14.2, 
15.5, 19.4, 12.5, 19.3, 16, 3, 6, 1, 4, 4, 4, 2, 9, 4, 6, 324, 
637, 312, 480, 926, 705, 467, 563, 509, 470, 561, 100, 100, 100, 
100, 100, 100, 100, 100, 100, 100, 100, 2500, 2500, 2500, 2500, 
2500, 2500, 2500, 2500, 2500, 2500, 2500, 6352.969, 6356.053, 
6389.175, 6338.642, 6376.967, 6400.034, 6400.105, 6420.383, 8696.852, 
9092.42000000001, 9124.46300000002, 1, 1, 1, 1, 1, 1, 1, 1, 1, 
1, 1, 0.14286, 0.14286, 0.14286, 0.14286, 0.14286, 0.14286, 0.14286, 
0.14286, 0.14286, 0.14286, 0.14286, 0, 0, 0, 0, 0, 0, 0, 0, 0, 
0, 0, 0, 0, 0, 0, 0, 0, 0, 0, 0, 0, 0, 0.88141, 0.90818, 0.92605, 
0.92527, 0.95, 0.94036, 0.93934, 0.95458, 0.95556, 0.94781, 0.97, 
0.86828, 0.91636, 0.92477, 0.92582, 0.93571, 0.93458, 0.93272, 
0.94281, 0.95556, 0.95336, 0.97, 0.0129, 0.0126, 0.0137, 0.0132, 
0.0142, 0.0142, 0.0148, 0.0158, 0.0177, 0.0185, 0.0198, 56.1, 
60.4, 65.1, 69.6, 73.5, 74.1, 79.6, 80.5, 83.2, 85.7, 89.1, 1, 
1, 1, 1, 1, 1, 1, 1, 1, 1, 1, 1, 1, 1, 1, 1, 1, 1, 1, 1, 1, 1, 
1, 1, 1, 1, 1, 1, 1, 1, 1, 1, 1, 1, 1, 1, 1, 1, 1, 1, 1, 1, 1, 
1, 2.512, 2.582, 2.497, 2.479, 2.493, 2.534, 2.581, 2.563, 3.576, 
3.658, 3.677), .Dim = c(11L, 40L), .Dimnames = list(NULL, c("Sampling", 
"PSO.cost", "PSO.gamma", "PSO.data.balancing", "PSO.feature.selection", 
"PSO.valid.acc", "PSO.test.acc", "PSO.train.time", "PSO.n.support.vectors", 
"PSO.index", "PSO.n.solutions", "PSO.generations", "PSO.n.evaluations", 
"PSO.cpu.time", "RS.cost", "RS.gamma", "RS.data.balancing", "RS.feature.selection", 
"RS.valid.acc", "RS.test.acc", "RS.train.time", "RS.n.support.vectors", 
"RS.index", "RS.n.solutions", "RS.generations", "RS.n.evaluations", 
"RS.cpu.time", "DF.cost", "DF.gamma", "DF.data.balancing", "DF.feature.selection", 
"DF.valid.acc", "DF.test.acc", "DF.train.time", "DF.n.support.vectors", 
"DF.index", "DF.n.solutions", "DF.generations", "DF.n.evaluations", 
"DF.cpu.time")))
