full <-
structure(c(50, 55, 60, 65, 70, 75, 80, 85, 90, 95, 100, 13.29001, 
10.54216, 13.10983, 13.25528, 13.16643, 13.19986, 14.61965, 6.77213, 
14.57455, 11.39623, 14.29854, -13.24851, -8.29157, -10.97329, 
-10.96562, -12.99322, -7.60974, -10.51237, -3.05931, -8.87357, 
-8.703, -11.03441, 0, 0, 0, 0, 0, 0, 0, 0, 0, 0, 0, 0, 0, 0, 
0, 0, 0, 0, 0, 0, 0, 0, 1, 1, 1, 1, 1, 1, 1, 1, 1, 1, 1, 1, 1, 
1, 1, 0.99286, 1, 1, 0.99444, 1, 1, 1, 0.0125, 0.0114, 0.0113, 
0.0119, 0.0127, 0.0117, 0.0128, 0.0128, 0.0133, 0.0147, 0.0137, 
16.4, 10.4, 9.7, 9.4, 18.5, 7.2, 6.3, 20.6, 6.8, 9.1, 8, 4, 11, 
3, 3, 5, 3, 5, 22, 2, 2, 3, 1600, 1636, 1060, 1874, 1907, 1594, 
1831, 1140, 1687, 1888, 1751, 100, 100, 100, 100, 100, 100, 100, 
100, 100, 100, 100, 2500, 2500, 2500, 2500, 2500, 2500, 2500, 
2500, 2500, 2500, 2500, 6378.196, 6442.724, 6471.618, 6558.32399999999, 
6584.517, 6627.486, 6648.67700000001, 6664.44100000001, 6752.113, 
6759.07900000001, 6754.50899999999, 10.59471, 11.7537, 13.76543, 
12.73467, 10.7859, 11.91559, 6.5292, 11.42976, 8.10513, 12.55893, 
6.66868, -7.47724, -8.04992, -11.94235, -3.11892, -3.74749, -11.74958, 
-6.01905, -9.6481, -3.19283, -6.93594, -3.75159, 0, 0, 0, 0, 
0, 0, 0, 0, 0, 0, 0, 0, 0, 0, 0, 0, 0, 0, 0, 0, 0, 0, 1, 1, 1, 
1, 1, 1, 1, 1, 1, 1, 1, 1, 1, 1, 1, 1, 1, 1, 1, 1, 0.995, 1, 
0.0112, 0.0114, 0.0114, 0.0128, 0.0132, 0.013, 0.0131, 0.0128, 
0.0138, 0.0135, 0.0146, 8.3, 6.1, 10.9, 18, 14.6, 19, 19.8, 10.9, 
19.2, 8, 19.3, 8, 14, 1, 2, 1, 3, 1, 20, 4, 6, 1, 297, 286, 180, 
670, 672, 672, 584, 328, 630, 546, 670, 100, 100, 100, 100, 100, 
100, 100, 100, 100, 100, 100, 2500, 2500, 2500, 2500, 2500, 2500, 
2500, 2500, 2500, 2500, 2500, 6407.717, 6470.597, 6497.957, 6631.408, 
6634.584, 6713.894, 6715.114, 6745.30200000001, 6812.785, 6807.16499999999, 
6822.50599999999, 1, 1, 1, 1, 1, 1, 1, 1, 1, 1, 1, 0.14286, 0.14286, 
0.14286, 0.14286, 0.14286, 0.14286, 0.14286, 0.14286, 0.14286, 
0.14286, 0.14286, 0, 0, 0, 0, 0, 0, 0, 0, 0, 0, 0, 0, 0, 0, 0, 
0, 0, 0, 0, 0, 0, 0, 0.9, 0.95091, 0.90886, 0.93947, 0.93571, 
0.96565, 0.95583, 0.96528, 0.97222, 0.96333, 0.965, 0.89, 0.94182, 
0.90886, 0.93947, 0.95, 0.95137, 0.95583, 0.94796, 0.96111, 0.95833, 
0.965, 0.0117, 0.013, 0.0132, 0.0133, 0.0139, 0.015, 0.0151, 
0.0158, 0.0157, 0.0168, 0.0174, 54.1, 56.4, 61, 67.4, 71, 75.1, 
77, 79.7, 82.9, 86.5, 88.7, 1, 1, 1, 1, 1, 1, 1, 1, 1, 1, 1, 
1, 1, 1, 1, 1, 1, 1, 1, 1, 1, 1, 1, 1, 1, 1, 1, 1, 1, 1, 1, 1, 
1, 1, 1, 1, 1, 1, 1, 1, 1, 1, 1, 1, 2.541, 2.665, 2.655, 2.684, 
2.673, 2.657, 2.634, 2.606, 2.695, 2.79, 2.707), .Dim = c(11L, 
40L), .Dimnames = list(NULL, c("Sampling", "PSO.cost", "PSO.gamma", 
"PSO.data.balancing", "PSO.feature.selection", "PSO.valid.acc", 
"PSO.test.acc", "PSO.train.time", "PSO.n.support.vectors", "PSO.index", 
"PSO.n.solutions", "PSO.generations", "PSO.n.evaluations", "PSO.cpu.time", 
"RS.cost", "RS.gamma", "RS.data.balancing", "RS.feature.selection", 
"RS.valid.acc", "RS.test.acc", "RS.train.time", "RS.n.support.vectors", 
"RS.index", "RS.n.solutions", "RS.generations", "RS.n.evaluations", 
"RS.cpu.time", "DF.cost", "DF.gamma", "DF.data.balancing", "DF.feature.selection", 
"DF.valid.acc", "DF.test.acc", "DF.train.time", "DF.n.support.vectors", 
"DF.index", "DF.n.solutions", "DF.generations", "DF.n.evaluations", 
"DF.cpu.time")))
