full <-
structure(c(50, 55, 60, 65, 70, 75, 80, 85, 90, 95, 100, 12.40605, 
13.44643, 8.24511, 11.18249, 13.70359, 10.60317, 13.7, 14.04537, 
9.79875, 8.72533, 7.92207, -11.89042, -6.26239, -5.06899, -3.96541, 
-8.76453, -7.79255, -5.04175, -3.44115, -5.71439, -7.12784, -4.66837, 
0, 0, 0, 0, 0, 0, 0, 0, 0, 0, 0, 0, 0, 0, 0, 0, 0, 0, 0, 0, 0, 
0, 1, 1, 1, 1, 1, 1, 1, 1, 1, 1, 1, 1, 1, 1, 1, 1, 1, 1, 1, 1, 
1, 0.995, 0.0137, 0.013, 0.013, 0.014, 0.0139, 0.0134, 0.0141, 
0.0139, 0.0139, 0.0135, 0.0145, 13.8, 8.3, 12.3, 14.2, 7.1, 8.9, 
11, 17.9, 9.6, 14.4, 13.7, 2, 4, 14, 2, 4, 2, 2, 9, 10, 3, 2, 
1606, 1857, 1741, 1928, 1635, 1799, 1336, 1617, 1819, 1696, 1446, 
100, 100, 100, 100, 100, 100, 100, 100, 100, 100, 100, 2500, 
2500, 2500, 2500, 2500, 2500, 2500, 2500, 2500, 2500, 2500, 8199, 
8281.281, 8869.738, 8877.292, 8574.63400000001, 8006.49800000001, 
7725.857, 7511.039, 8025.88800000001, 7994.32999999999, 7882.02499999999, 
11.87279, 10.86084, 14.57649, 12.07612, 13.90144, 8.77652, 9.63476, 
8.40879, 14.35389, 10.43139, 8.0086, -5.39354, -8.16511, -4.65413, 
-8.82189, -7.17676, -7.10238, -7.27016, -8.37537, -9.25212, -9.31548, 
-5.8229, 0, 0, 0, 0, 0, 0, 0, 0, 0, 0, 0, 0, 0, 0, 0, 0, 0, 0, 
0, 0, 0, 0, 1, 1, 1, 1, 1, 1, 1, 1, 1, 1, 1, 1, 1, 1, 1, 1, 1, 
1, 0.99412, 0.99412, 1, 1, 0.0124, 0.0134, 0.0136, 0.014, 0.015, 
0.0136, 0.0122, 0.0128, 0.0145, 0.014, 0.0143, 10.1, 8.2, 12.2, 
7.9, 8.8, 12.5, 10.3, 19.6, 6.4, 14.2, 14.5, 1, 3, 7, 20, 33, 
3, 9, 4, 3, 8, 3, 554, 779, 422, 569, 591, 735, 264, 587, 426, 
610, 423, 100, 100, 100, 100, 100, 100, 100, 100, 100, 100, 100, 
2500, 2500, 2500, 2500, 2500, 2500, 2500, 2500, 2500, 2500, 2500, 
8126.639, 8394.812, 8830.046, 8733.016, 8327.91200000001, 8047.469, 
7711.235, 7785.07599999999, 8059.573, 7894.647, 7654.81100000002, 
1, 1, 1, 1, 1, 1, 1, 1, 1, 1, 1, 0.14286, 0.14286, 0.14286, 0.14286, 
0.14286, 0.14286, 0.14286, 0.14286, 0.14286, 0.14286, 0.14286, 
0, 0, 0, 0, 0, 0, 0, 0, 0, 0, 0, 0, 0, 0, 0, 0, 0, 0, 0, 0, 0, 
0, 0.91, 0.91697, 0.94231, 0.92344, 0.94319, 0.93333, 0.95027, 
0.96985, 0.96601, 0.96842, 0.965, 0.91, 0.92439, 0.94231, 0.92289, 
0.94366, 0.94, 0.95105, 0.95809, 0.97157, 0.96842, 0.96, 0.0138, 
0.0141, 0.0143, 0.0145, 0.0145, 0.0152, 0.0147, 0.0166, 0.0163, 
0.0175, 0.0182, 57.3, 60, 65, 67, 71.3, 72.9, 76.4, 80.2, 80.9, 
86, 88.6, 1, 1, 1, 1, 1, 1, 1, 1, 1, 1, 1, 1, 1, 1, 1, 1, 1, 
1, 1, 1, 1, 1, 1, 1, 1, 1, 1, 1, 1, 1, 1, 1, 1, 1, 1, 1, 1, 1, 
1, 1, 1, 1, 1, 1, 3.443, 3.41, 3.258, 3.133, 3.018, 3.207, 2.905, 
3.298, 3.123, 3.514, 3.159), .Dim = c(11L, 40L), .Dimnames = list(
    NULL, c("Sampling", "PSO.cost", "PSO.gamma", "PSO.data.balancing", 
    "PSO.feature.selection", "PSO.valid.acc", "PSO.test.acc", 
    "PSO.train.time", "PSO.n.support.vectors", "PSO.index", "PSO.n.solutions", 
    "PSO.generations", "PSO.n.evaluations", "PSO.cpu.time", "RS.cost", 
    "RS.gamma", "RS.data.balancing", "RS.feature.selection", 
    "RS.valid.acc", "RS.test.acc", "RS.train.time", "RS.n.support.vectors", 
    "RS.index", "RS.n.solutions", "RS.generations", "RS.n.evaluations", 
    "RS.cpu.time", "DF.cost", "DF.gamma", "DF.data.balancing", 
    "DF.feature.selection", "DF.valid.acc", "DF.test.acc", "DF.train.time", 
    "DF.n.support.vectors", "DF.index", "DF.n.solutions", "DF.generations", 
    "DF.n.evaluations", "DF.cpu.time")))
