full <-
structure(c(50, 55, 60, 65, 70, 75, 80, 85, 90, 95, 100, 7.56339, 
10.27382, 8.89605, 13.22902, 10.37285, 10.39504, 12.95472, 6.42292, 
11.20178, 10.30066, 6.36958, -7.60066, -9.64459, -3.09443, -2.56698, 
-10.19261, -7.00448, -6.79005, -3.95695, -5.91794, -8.74399, 
-5.41215, 0, 0, 0, 0, 0, 0, 0, 0, 0, 0, 0, 0, 0, 0, 0, 0, 0, 
0, 0, 0, 0, 0, 1, 1, 1, 1, 1, 1, 1, 1, 1, 1, 1, 1, 0.99167, 1, 
1, 1, 0.99375, 0.99375, 1, 1, 1, 1, 0.0123, 0.0125, 0.0139, 0.0133, 
0.0124, 0.0136, 0.0141, 0.0144, 0.0137, 0.0141, 0.0148, 18.1, 
14.6, 19.8, 23.6, 18.3, 8.9, 8.4, 18.3, 9.2, 13.1, 19.9, 9, 3, 
2, 5, 7, 3, 7, 2, 5, 26, 3, 1584, 1391, 1607, 1679, 1704, 1252, 
1683, 1780, 1852, 1674, 1694, 100, 100, 100, 100, 100, 100, 100, 
100, 100, 100, 100, 2500, 2500, 2500, 2500, 2500, 2500, 2500, 
2500, 2500, 2500, 2500, 7269.59, 7437.612, 7442.221, 7647.688, 
7503.357, 7555.065, 7863.341, 7643.554, 7615.41099999999, 7875.92899999997, 
7758.60200000001, 13.41422, 14.34716, 13.3955, 14.95046, 12.7324, 
12.05853, 7.72981, 13.20122, 7.16991, 14.81194, 13.78589, -7.01028, 
-13.26506, -13.28112, -5.82556, -12.83161, -4.35434, -6.12379, 
-3.09575, -5.12039, -6.56851, -3.25047, 0, 0, 0, 0, 0, 0, 0, 
0, 0, 0, 0, 0, 0, 0, 0, 0, 0, 0, 0, 0, 0, 0, 1, 1, 1, 1, 1, 1, 
1, 1, 1, 1, 1, 0.99, 0.99167, 1, 1, 1, 0.9875, 1, 0.9875, 1, 
0.995, 1, 0.0117, 0.0121, 0.0126, 0.0121, 0.0131, 0.0122, 0.013, 
0.0139, 0.0143, 0.0142, 0.0154, 7.3, 11.8, 17.2, 10.9, 19.7, 
13.5, 13.5, 19.7, 16.8, 8.5, 21, 5, 2, 13, 1, 4, 1, 1, 3, 3, 
4, 3, 326, 467, 493, 628, 573, 145, 346, 619, 577, 424, 555, 
100, 100, 100, 100, 100, 100, 100, 100, 100, 100, 100, 2500, 
2500, 2500, 2500, 2500, 2500, 2500, 2500, 2500, 2500, 2500, 7406.057, 
7415.674, 7752.214, 7692.049, 7669.19799999999, 7734.24399999999, 
7806.11300000001, 7683.95199999999, 7800.897, 7923.21299999999, 
7878.14000000001, 1, 1, 1, 1, 1, 1, 1, 1, 1, 1, 1, 0.14286, 0.14286, 
0.14286, 0.14286, 0.14286, 0.14286, 0.14286, 0.14286, 0.14286, 
0.14286, 0.14286, 0, 0, 0, 0, 0, 0, 0, 0, 0, 0, 0, 0, 0, 0, 0, 
0, 0, 0, 0, 0, 0, 0, 0.86778, 0.85667, 0.86696, 0.92344, 0.94286, 
0.95268, 0.94375, 0.94698, 0.95058, 0.95839, 0.97, 0.85778, 0.84758, 
0.91859, 0.92289, 0.93571, 0.94018, 0.93162, 0.93521, 0.95088, 
0.95839, 0.965, 0.0131, 0.0132, 0.015, 0.0143, 0.0151, 0.0163, 
0.0158, 0.0162, 0.017, 0.0176, 0.0172, 58.6, 61.9, 66, 70, 72.6, 
75.9, 78.4, 80.5, 83.7, 86.1, 88.5, 1, 1, 1, 1, 1, 1, 1, 1, 1, 
1, 1, 1, 1, 1, 1, 1, 1, 1, 1, 1, 1, 1, 1, 1, 1, 1, 1, 1, 1, 1, 
1, 1, 1, 1, 1, 1, 1, 1, 1, 1, 1, 1, 1, 1, 3.063, 2.967, 3.393, 
3.032, 3.176, 3.476, 3.209, 3.095, 3.175, 3.015, 3.111), .Dim = c(11L, 
40L), .Dimnames = list(NULL, c("Sampling", "PSO.cost", "PSO.gamma", 
"PSO.data.balancing", "PSO.feature.selection", "PSO.valid.acc", 
"PSO.test.acc", "PSO.train.time", "PSO.n.support.vectors", "PSO.index", 
"PSO.n.solutions", "PSO.generations", "PSO.n.evaluations", "PSO.cpu.time", 
"RS.cost", "RS.gamma", "RS.data.balancing", "RS.feature.selection", 
"RS.valid.acc", "RS.test.acc", "RS.train.time", "RS.n.support.vectors", 
"RS.index", "RS.n.solutions", "RS.generations", "RS.n.evaluations", 
"RS.cpu.time", "DF.cost", "DF.gamma", "DF.data.balancing", "DF.feature.selection", 
"DF.valid.acc", "DF.test.acc", "DF.train.time", "DF.n.support.vectors", 
"DF.index", "DF.n.solutions", "DF.generations", "DF.n.evaluations", 
"DF.cpu.time")))
