full <-
structure(c(50, 55, 60, 65, 70, 75, 80, 85, 90, 95, 100, 14.34483, 
12.55393, 5.15556, 9.9452, 8.16406, 8.98507, 12.22865, 14.85884, 
8.50956, 9.39591, 14.26019, -3.43051, -4.36788, -2.66543, -4.62271, 
-5.93869, -7.43363, -4.09961, -4.16142, -9.15427, -7.35088, -4.35362, 
0, 0, 0, 0, 0, 0, 0, 0, 0, 0, 0, 0, 0, 0, 0, 0, 0, 0, 0, 0, 0, 
0, 1, 1, 1, 1, 1, 1, 1, 1, 1, 1, 1, 1, 1, 1, 1, 1, 0.99333, 1, 
1, 0.99474, 0.99474, 1, 0.0122, 0.0131, 0.0122, 0.0124, 0.0134, 
0.0127, 0.014, 0.0139, 0.0143, 0.0137, 0.0142, 16, 12.3, 21.2, 
12.4, 11.4, 12, 14.1, 14.1, 25.9, 11.3, 13.5, 3, 2, 2, 4, 8, 
28, 2, 3, 14, 18, 2, 2028, 1944, 1869, 1125, 1303, 343, 947, 
1165, 1144, 1046, 1155, 100, 100, 100, 100, 100, 100, 100, 100, 
100, 100, 100, 2500, 2500, 2500, 2500, 2500, 2500, 2500, 2500, 
2500, 2500, 2500, 7064.551, 7389.234, 7068.053, 7464.884, 7352.91799999999, 
7340.68399999999, 7338.74400000001, 7373.686, 7230.31299999999, 
7418.144, 7352.57000000001, 12.43756, 13.7171, 12.89666, 12.7432, 
6.75997, 9.18961, 14.2454, 9.1919, 8.94669, 14.52319, 14.46014, 
-0.87655, -6.14451, -4.66559, -10.13581, -3.66836, -7.72773, 
-12.57761, -4.68284, -4.27304, -5.13758, -12.26808, 0, 0, 0, 
0, 0, 0, 0, 0, 0, 0, 0, 0, 0, 0, 0, 0, 0, 0, 0, 0, 0, 0, 1, 1, 
1, 1, 1, 1, 1, 1, 1, 1, 1, 0.99, 1, 1, 1, 1, 0.99333, 0.99375, 
1, 0.99474, 0.99474, 1, 0.0122, 0.0126, 0.0123, 0.0133, 0.0122, 
0.0132, 0.0134, 0.014, 0.0134, 0.0133, 0.0144, 34.4, 7, 12, 8.8, 
16.2, 11.9, 11.1, 12.1, 14.5, 10.5, 9.9, 3, 1, 1, 5, 6, 274, 
4, 4, 8, 20, 6, 955, 938, 957, 304, 372, 15, 242, 390, 349, 294, 
348, 100, 100, 100, 100, 100, 100, 100, 100, 100, 100, 100, 2500, 
2500, 2500, 2500, 2500, 2500, 2500, 2500, 2500, 2500, 2500, 7174.852, 
7377.747, 7463.926, 7261.339, 7344.53999999999, 7411.06, 7554.41100000001, 
7383.35000000001, 7415.326, 7470.73800000001, 7325.584, 1, 1, 
1, 1, 1, 1, 1, 1, 1, 1, 1, 0.14286, 0.14286, 0.14286, 0.14286, 
0.14286, 0.14286, 0.14286, 0.14286, 0.14286, 0.14286, 0.14286, 
0, 0, 0, 0, 0, 0, 0, 0, 0, 0, 0, 0, 0, 0, 0, 0, 0, 0, 0, 0, 0, 
0, 0.87, 0.8897, 0.89295, 0.90806, 0.92278, 0.95994, 0.95662, 
0.95355, 0.96696, 0.9576, 0.96, 0.85, 0.89061, 0.90064, 0.89973, 
0.92271, 0.96619, 0.94995, 0.95323, 0.96696, 0.9576, 0.96, 0.0127, 
0.013, 0.0139, 0.0142, 0.0142, 0.0165, 0.0158, 0.0154, 0.0166, 
0.0166, 0.017, 57.2, 59.3, 62.8, 66.3, 70.2, 73.9, 76, 79.1, 
84.7, 85, 88.2, 1, 1, 1, 1, 1, 1, 1, 1, 1, 1, 1, 1, 1, 1, 1, 
1, 1, 1, 1, 1, 1, 1, 1, 1, 1, 1, 1, 1, 1, 1, 1, 1, 1, 1, 1, 1, 
1, 1, 1, 1, 1, 1, 1, 1, 2.75, 3.052, 2.934, 3.001, 2.94, 3.031, 
3.03, 2.776, 2.985, 2.953, 2.818), .Dim = c(11L, 40L), .Dimnames = list(
    NULL, c("Sampling", "PSO.cost", "PSO.gamma", "PSO.data.balancing", 
    "PSO.feature.selection", "PSO.valid.acc", "PSO.test.acc", 
    "PSO.train.time", "PSO.n.support.vectors", "PSO.index", "PSO.n.solutions", 
    "PSO.generations", "PSO.n.evaluations", "PSO.cpu.time", "RS.cost", 
    "RS.gamma", "RS.data.balancing", "RS.feature.selection", 
    "RS.valid.acc", "RS.test.acc", "RS.train.time", "RS.n.support.vectors", 
    "RS.index", "RS.n.solutions", "RS.generations", "RS.n.evaluations", 
    "RS.cpu.time", "DF.cost", "DF.gamma", "DF.data.balancing", 
    "DF.feature.selection", "DF.valid.acc", "DF.test.acc", "DF.train.time", 
    "DF.n.support.vectors", "DF.index", "DF.n.solutions", "DF.generations", 
    "DF.n.evaluations", "DF.cpu.time")))
