full <-
structure(c(50, 55, 60, 65, 70, 75, 80, 85, 90, 95, 100, 9.76859, 
4.84105, 10.22026, 13.61774, 11.27168, 9.47865, 11.02767, 9.3226, 
8.93755, 13.10396, 13.28874, -7.18717, -4.44502, -4.63563, -7.83938, 
-6.32251, -7.99242, -7.1158, -1.89684, -6.87306, -6.71286, -4.65506, 
0, 0, 0, 0, 0, 0, 0, 0, 0, 0, 0, 0, 0, 0, 0, 0, 0, 0, 0, 0, 0, 
0, 1, 1, 1, 1, 1, 1, 1, 1, 1, 1, 1, 1, 1, 1, 1, 1, 1, 1, 1, 1, 
1, 1, 0.0116, 0.0118, 0.0116, 0.0122, 0.0127, 0.0125, 0.0131, 
0.014, 0.0135, 0.0131, 0.0142, 7.4, 18, 11.3, 7.7, 8.7, 11.5, 
8.4, 29.5, 12.9, 8.1, 12.5, 8, 5, 17, 9, 2, 29, 14, 10, 7, 4, 
12, 1958, 1726, 1715, 1397, 1870, 735, 1573, 1331, 1619, 1792, 
1655, 100, 100, 100, 100, 100, 100, 100, 100, 100, 100, 100, 
2500, 2500, 2500, 2500, 2500, 2500, 2500, 2500, 2500, 2500, 2500, 
7226.551, 7114.29, 7159.665, 7545.207, 7549.693, 7410.73, 7453.77900000001, 
7427.141, 7324.66699999999, 7399.372, 7445.78700000001, 12.38545, 
7.09366, 11.6818, 14.0943, 13.31139, 13.8655, 12.38237, 12.0854, 
9.39706, 11.34283, 12.71019, -14.23653, -8.72679, -6.42263, -11.42878, 
-11.7319, -12.51804, -8.04355, -9.65359, -8.79758, -5.96261, 
-7.99136, 0, 0, 0, 0, 0, 0, 0, 0, 0, 0, 0, 0, 0, 0, 0, 0, 0, 
0, 0, 0, 0, 0, 1, 1, 1, 1, 1, 1, 1, 1, 1, 1, 1, 1, 1, 1, 1, 1, 
1, 1, 1, 1, 1, 1, 0.0111, 0.0124, 0.0123, 0.013, 0.0133, 0.0134, 
0.0129, 0.013, 0.0133, 0.0137, 0.015, 27.8, 27.8, 8.2, 8.2, 9.2, 
10.6, 6.4, 9.6, 16.8, 9.4, 7.7, 2, 6, 4, 17, 1, 57, 8, 1, 6, 
1, 26, 1003, 844, 674, 183, 779, 88, 321, 444, 531, 369, 529, 
100, 100, 100, 100, 100, 100, 100, 100, 100, 100, 100, 2500, 
2500, 2500, 2500, 2500, 2500, 2500, 2500, 2500, 2500, 2500, 7048.051, 
7179.978, 7431.51300000001, 7638.447, 7539.94500000001, 7480.20300000001, 
7474.80799999999, 7340.147, 7484.29100000001, 7464.209, 7727.47399999999, 
1, 1, 1, 1, 1, 1, 1, 1, 1, 1, 1, 0.14286, 0.14286, 0.14286, 0.14286, 
0.14286, 0.14286, 0.14286, 0.14286, 0.14286, 0.14286, 0.14286, 
0, 0, 0, 0, 0, 0, 0, 0, 0, 0, 0, 0, 0, 0, 0, 0, 0, 0, 0, 0, 0, 
0, 0.89071, 0.90227, 0.90886, 0.93837, 0.94985, 0.9447, 0.93892, 
0.94105, 0.95614, 0.96842, 0.965, 0.8796, 0.89152, 0.90886, 0.93782, 
0.95755, 0.93851, 0.92679, 0.94142, 0.9614, 0.96316, 0.965, 0.0126, 
0.0126, 0.0136, 0.0143, 0.0139, 0.0146, 0.0166, 0.0151, 0.0164, 
0.0165, 0.0181, 50.4, 54.2, 58, 60.2, 64.4, 69, 72.7, 77.9, 79.7, 
84.3, 87.9, 1, 1, 1, 1, 1, 1, 1, 1, 1, 1, 1, 1, 1, 1, 1, 1, 1, 
1, 1, 1, 1, 1, 1, 1, 1, 1, 1, 1, 1, 1, 1, 1, 1, 1, 1, 1, 1, 1, 
1, 1, 1, 1, 1, 1, 2.901, 2.822, 2.941, 3.022, 2.773, 2.962, 2.961, 
2.774, 3.013, 2.96, 3.169), .Dim = c(11L, 40L), .Dimnames = list(
    NULL, c("Sampling", "PSO.cost", "PSO.gamma", "PSO.data.balancing", 
    "PSO.feature.selection", "PSO.valid.acc", "PSO.test.acc", 
    "PSO.train.time", "PSO.n.support.vectors", "PSO.index", "PSO.n.solutions", 
    "PSO.generations", "PSO.n.evaluations", "PSO.cpu.time", "RS.cost", 
    "RS.gamma", "RS.data.balancing", "RS.feature.selection", 
    "RS.valid.acc", "RS.test.acc", "RS.train.time", "RS.n.support.vectors", 
    "RS.index", "RS.n.solutions", "RS.generations", "RS.n.evaluations", 
    "RS.cpu.time", "DF.cost", "DF.gamma", "DF.data.balancing", 
    "DF.feature.selection", "DF.valid.acc", "DF.test.acc", "DF.train.time", 
    "DF.n.support.vectors", "DF.index", "DF.n.solutions", "DF.generations", 
    "DF.n.evaluations", "DF.cpu.time")))
