full <-
structure(c(50, 55, 60, 65, 70, 75, 80, 85, 90, 95, 100, 13.15972, 
8.53574, 13.59661, 12.63568, 11.50171, 9.03249, 9.48961, 10.43921, 
12.97296, 13.12373, 10.88531, -13.44279, -2.64458, -6.45713, 
-8.53392, -7.07331, -3.97018, -3.22021, -8.21254, -8.45286, -11.65669, 
-4.30071, 0, 0, 0, 0, 0, 0, 0, 0, 0, 0, 0, 0, 0, 0, 0, 0, 0, 
0, 0, 0, 0, 0, 1, 1, 0.99167, 1, 0.98571, 1, 1, 1, 1, 1, 1, 0.99, 
0.99091, 0.99167, 1, 0.98571, 0.98619, 0.99375, 1, 1, 1, 0.995, 
0.0121, 0.0121, 0.0119, 0.0114, 0.0126, 0.0122, 0.0117, 0.0122, 
0.0126, 0.0131, 0.0133, 17.4, 17.4, 8.1, 6.9, 7.9, 14.7, 20, 
11, 7.5, 13, 14.1, 20, 6, 4, 15, 9, 18, 7, 16, 8, 4, 7, 1259, 
1431, 1933, 1906, 1796, 1275, 1982, 1695, 1530, 1742, 941, 100, 
100, 100, 100, 100, 100, 100, 100, 100, 100, 100, 2500, 2500, 
2500, 2500, 2500, 2500, 2500, 2500, 2500, 2500, 2500, 6937.775, 
6925.691, 6867.615, 6423.423, 6370.626, 6456.77, 6630.01300000001, 
6701.70999999999, 6713.295, 6771.876, 6744.12900000002, 9.35967, 
9.73409, 13.35442, 9.46073, 7.26571, 11.17774, 9.84755, 14.38083, 
5.50374, 11.55624, 9.01172, -9.76432, -2.77967, -12.02747, -8.6668, 
-8.02532, -3.86758, -2.43537, -11.38884, -2.32703, -9.75797, 
-6.34013, 0, 0, 0, 0, 0, 0, 0, 0, 0, 0, 0, 0, 0, 0, 0, 0, 0, 
0, 0, 0, 0, 0, 1, 1, 0.99167, 1, 0.98571, 1, 1, 1, 1, 1, 1, 0.99, 
0.99091, 0.99167, 1, 0.98571, 0.98619, 0.99375, 1, 1, 1, 1, 0.0116, 
0.0116, 0.0118, 0.0106, 0.0115, 0.0124, 0.012, 0.0127, 0.014, 
0.0133, 0.0133, 19.3, 16.8, 11.9, 14.7, 24.3, 15.5, 24, 8.8, 
29, 12.5, 11.3, 26, 7, 1, 2, 14, 3, 7, 5, 1, 2, 12, 302, 295, 
408, 334, 537, 262, 595, 390, 608, 534, 245, 100, 100, 100, 100, 
100, 100, 100, 100, 100, 100, 100, 2500, 2500, 2500, 2500, 2500, 
2500, 2500, 2500, 2500, 2500, 2500, 6967.096, 6909.194, 6804.302, 
6413.73899999999, 6438.252, 6555.41499999999, 6490.34700000001, 
6754.41499999999, 6775.815, 6798.43399999999, 6769.91, 1, 1, 
1, 1, 1, 1, 1, 1, 1, 1, 1, 0.14286, 0.14286, 0.14286, 0.14286, 
0.14286, 0.14286, 0.14286, 0.14286, 0.14286, 0.14286, 0.14286, 
0, 0, 0, 0, 0, 0, 0, 0, 0, 0, 0, 0, 0, 0, 0, 0, 0, 0, 0, 0, 0, 
0, 0.8998, 0.89636, 0.94231, 0.95375, 0.95714, 0.94786, 0.95, 
0.96503, 0.95585, 0.96365, 0.965, 0.92091, 0.87545, 0.94091, 
0.95256, 0.95714, 0.95411, 0.95625, 0.95878, 0.95585, 0.96365, 
0.965, 0.012, 0.0125, 0.0124, 0.0143, 0.0134, 0.0133, 0.0135, 
0.0152, 0.0155, 0.0156, 0.0168, 49, 51.9, 55.6, 60.8, 66.6, 73.4, 
75, 78.3, 80.8, 84.3, 89.2, 1, 1, 1, 1, 1, 1, 1, 1, 1, 1, 1, 
1, 1, 1, 1, 1, 1, 1, 1, 1, 1, 1, 1, 1, 1, 1, 1, 1, 1, 1, 1, 1, 
1, 1, 1, 1, 1, 1, 1, 1, 1, 1, 1, 1, 2.708, 2.778, 2.601, 2.606, 
2.624, 2.472, 2.539, 2.664, 2.751, 2.669, 2.749), .Dim = c(11L, 
40L), .Dimnames = list(NULL, c("Sampling", "PSO.cost", "PSO.gamma", 
"PSO.data.balancing", "PSO.feature.selection", "PSO.valid.acc", 
"PSO.test.acc", "PSO.train.time", "PSO.n.support.vectors", "PSO.index", 
"PSO.n.solutions", "PSO.generations", "PSO.n.evaluations", "PSO.cpu.time", 
"RS.cost", "RS.gamma", "RS.data.balancing", "RS.feature.selection", 
"RS.valid.acc", "RS.test.acc", "RS.train.time", "RS.n.support.vectors", 
"RS.index", "RS.n.solutions", "RS.generations", "RS.n.evaluations", 
"RS.cpu.time", "DF.cost", "DF.gamma", "DF.data.balancing", "DF.feature.selection", 
"DF.valid.acc", "DF.test.acc", "DF.train.time", "DF.n.support.vectors", 
"DF.index", "DF.n.solutions", "DF.generations", "DF.n.evaluations", 
"DF.cpu.time")))
