full <-
structure(c(50, 55, 60, 65, 70, 75, 80, 85, 90, 95, 100, 10.99548, 
13.57476, 7.36163, 12.21963, 10.16545, 7.13427, 6.96513, 13.26075, 
11.85357, 8.08239, 10.34247, -5.71572, -5.49707, -4.87606, -4.68279, 
-3.63624, -4.23451, -4.81363, -7.67665, -10.11876, -7.20907, 
-8.05097, 0, 0, 0, 0, 0, 0, 0, 0, 0, 0, 0, 0, 0, 0, 0, 0, 0, 
0, 0, 0, 0, 0, 1, 0.99091, 1, 1, 1, 1, 1, 1, 1, 1, 1, 0.99, 1, 
1, 1, 1, 1, 1, 1, 1, 1, 1, 0.0134, 0.0123, 0.0125, 0.0125, 0.013, 
0.0137, 0.0125, 0.0127, 0.014, 0.014, 0.0139, 8.8, 9.7, 13.8, 
12.6, 13.9, 14.9, 16, 7.2, 12.5, 17.3, 10.7, 24, 5, 374, 2, 26, 
1354, 13, 6, 11, 3, 3, 1512, 1611, 273, 1697, 991, 111, 1397, 
1805, 1312, 1813, 1924, 100, 100, 100, 100, 100, 100, 100, 100, 
100, 100, 100, 2500, 2500, 2500, 2500, 2500, 2500, 2500, 2500, 
2500, 2500, 2500, 7406.494, 7460.563, 7636.113, 7638.59600000001, 
7555.723, 7150.261, 7149.19, 7425.212, 7392.516, 7713.66800000001, 
7238.92300000001, 8.94896, 11.01246, 7.28439, 10.0413, 11.77963, 
7.34294, 7.51264, 14.72272, 10.61666, 10.16962, 6.69154, -7.20323, 
-9.04894, -4.75777, -4.63749, -3.63022, -4.45636, -5.83396, -12.45445, 
-7.96447, -8.5042, -4.55543, 0, 0, 0, 0, 0, 0, 0, 0, 0, 0, 0, 
0, 0, 0, 0, 0, 0, 0, 0, 0, 0, 0, 1, 0.99091, 1, 1, 1, 1, 1, 1, 
1, 1, 1, 0.99, 0.99091, 1, 1, 1, 1, 1, 1, 1, 1, 1, 0.0115, 0.0136, 
0.0115, 0.0127, 0.0125, 0.0138, 0.0136, 0.0127, 0.0129, 0.0138, 
0.0144, 12.2, 10.7, 13.9, 12.6, 14.1, 14.4, 16, 10.4, 10.2, 12.5, 
18.2, 13, 2, 218, 8, 23, 80, 3, 7, 1, 6, 1, 112, 761, 4, 426, 
96, 1, 350, 627, 359, 602, 625, 100, 100, 100, 100, 100, 100, 
100, 100, 100, 100, 100, 2500, 2500, 2500, 2500, 2500, 2500, 
2500, 2500, 2500, 2500, 2500, 7345.815, 7538.304, 7470.325, 7745.387, 
7271.31600000001, 7021.98, 7331.747, 7626.577, 7501.88400000001, 
7455.073, 7382.935, 1, 1, 1, 1, 1, 1, 1, 1, 1, 1, 1, 0.14286, 
0.14286, 0.14286, 0.14286, 0.14286, 0.14286, 0.14286, 0.14286, 
0.14286, 0.14286, 0.14286, 0, 0, 0, 0, 0, 0, 0, 0, 0, 0, 0, 0, 
0, 0, 0, 0, 0, 0, 0, 0, 0, 0, 0.86212, 0.90909, 0.94295, 0.93077, 
0.91344, 0.89714, 0.9562, 0.95882, 0.96784, 0.96287, 0.965, 0.87121, 
0.90909, 0.94295, 0.92299, 0.92059, 0.91048, 0.9562, 0.95882, 
0.96228, 0.96287, 0.965, 0.0131, 0.0136, 0.0135, 0.0142, 0.015, 
0.015, 0.0147, 0.0158, 0.016, 0.0166, 0.0175, 54, 59.6, 63.3, 
67.3, 69.3, 72.9, 77.3, 80, 84.5, 86.7, 89, 1, 1, 1, 1, 1, 1, 
1, 1, 1, 1, 1, 1, 1, 1, 1, 1, 1, 1, 1, 1, 1, 1, 1, 1, 1, 1, 1, 
1, 1, 1, 1, 1, 1, 1, 1, 1, 1, 1, 1, 1, 1, 1, 1, 1, 3.033, 3.128, 
3.213, 3.115, 2.862, 2.944, 2.778, 3.002, 2.98, 2.92, 3.168), .Dim = c(11L, 
40L), .Dimnames = list(NULL, c("Sampling", "PSO.cost", "PSO.gamma", 
"PSO.data.balancing", "PSO.feature.selection", "PSO.valid.acc", 
"PSO.test.acc", "PSO.train.time", "PSO.n.support.vectors", "PSO.index", 
"PSO.n.solutions", "PSO.generations", "PSO.n.evaluations", "PSO.cpu.time", 
"RS.cost", "RS.gamma", "RS.data.balancing", "RS.feature.selection", 
"RS.valid.acc", "RS.test.acc", "RS.train.time", "RS.n.support.vectors", 
"RS.index", "RS.n.solutions", "RS.generations", "RS.n.evaluations", 
"RS.cpu.time", "DF.cost", "DF.gamma", "DF.data.balancing", "DF.feature.selection", 
"DF.valid.acc", "DF.test.acc", "DF.train.time", "DF.n.support.vectors", 
"DF.index", "DF.n.solutions", "DF.generations", "DF.n.evaluations", 
"DF.cpu.time")))
