full <-
structure(c(50, 55, 60, 65, 70, 75, 80, 85, 90, 95, 100, 5.67704, 
10.19184, 12.13502, 11.01828, 12.22992, 14.10155, 8.98856, 6.03478, 
14.32612, 4.00788, 8.52324, -4.96199, -9.38752, -5.04018, -9.02967, 
-2.34022, -13.89009, -3.28624, -1.34907, -13.85971, -5.55293, 
-6.46345, 0, 0, 0, 0, 0, 0, 0, 0, 0, 0, 0, 0, 0, 0, 0, 0, 0, 
0, 0, 0, 0, 0, 1, 1, 1, 1, 1, 1, 1, 1, 1, 1, 1, 1, 1, 1, 1, 1, 
0.99286, 1, 1, 1, 0.995, 1, 0.0128, 0.0143, 0.0127, 0.012, 0.0125, 
0.0124, 0.0135, 0.0145, 0.0131, 0.0145, 0.0131, 17.7, 13.4, 10, 
8.9, 22.6, 17.7, 18, 35.8, 15.6, 39.1, 13.6, 12, 3, 7, 2, 2, 
3, 6, 2, 7, 8, 43, 1370, 1508, 1999, 1355, 1770, 1594, 1382, 
1929, 1588, 1558, 599, 100, 100, 100, 100, 100, 100, 100, 100, 
100, 100, 100, 2500, 2500, 2500, 2500, 2500, 2500, 2500, 2500, 
2500, 2500, 2500, 7586.986, 8016.376, 7519.527, 7264.932, 7055.15499999999, 
7218.52399999999, 7585.97900000001, 7364.367, 7323.13500000001, 
7157.609, 7034.68400000001, 8.78431, 7.25494, 14.87172, 9.40801, 
8.11815, 11.48904, 9.74995, 11.9554, 11.17884, 13.09469, 9.01816, 
-4.62964, -5.16781, -14.91075, -7.18391, -7.3203, -0.89165, -5.38373, 
-4.0091, -7.8733, -14.96705, -6.67462, 0, 0, 0, 0, 0, 0, 0, 0, 
0, 0, 0, 0, 0, 0, 0, 0, 0, 0, 0, 0, 0, 0, 1, 1, 1, 1, 1, 1, 1, 
1, 1, 1, 1, 1, 1, 1, 1, 1, 1, 0.98708, 1, 1, 0.995, 1, 0.0121, 
0.013, 0.0122, 0.0115, 0.0125, 0.0142, 0.0125, 0.0133, 0.0133, 
0.0139, 0.0137, 10.9, 12.7, 16.6, 9.3, 15.2, 42.1, 9.5, 14.3, 
7.8, 38.1, 12.4, 7, 23, 7, 2, 1, 4, 1, 3, 1, 11, 501, 529, 442, 
797, 860, 907, 974, 687, 1119, 869, 717, 14, 100, 100, 100, 100, 
100, 100, 100, 100, 100, 100, 100, 2500, 2500, 2500, 2500, 2500, 
2500, 2500, 2500, 2500, 2500, 2500, 7942.986, 7606.995, 7747.557, 
7240.57599999999, 7243.954, 7351.429, 7546.67499999999, 7400.511, 
7142.815, 7205.95000000001, 7418.726, 1, 1, 1, 1, 1, 1, 1, 1, 
1, 1, 1, 0.14286, 0.14286, 0.14286, 0.14286, 0.14286, 0.14286, 
0.14286, 0.14286, 0.14286, 0.14286, 0.14286, 0, 0, 0, 0, 0, 0, 
0, 0, 0, 0, 0, 0, 0, 0, 0, 0, 0, 0, 0, 0, 0, 0, 0.88667, 0.8997, 
0.9, 0.93773, 0.90088, 0.94565, 0.93694, 0.97708, 0.95578, 0.97365, 
0.965, 0.87667, 0.88152, 0.90833, 0.93773, 0.91516, 0.9528, 0.9675, 
0.97639, 0.96725, 0.96839, 0.96, 0.0149, 0.0129, 0.0131, 0.0139, 
0.0142, 0.015, 0.0152, 0.0157, 0.0158, 0.0158, 0.0168, 54.4, 
56.8, 63.3, 67.2, 71.3, 74.5, 77.1, 80.9, 81.6, 84.6, 88, 1, 
1, 1, 1, 1, 1, 1, 1, 1, 1, 1, 1, 1, 1, 1, 1, 1, 1, 1, 1, 1, 1, 
1, 1, 1, 1, 1, 1, 1, 1, 1, 1, 1, 1, 1, 1, 1, 1, 1, 1, 1, 1, 1, 
1, 3.079, 2.993, 2.761, 2.896, 2.796, 3.045, 2.844, 3.131, 2.726, 
2.62, 2.778), .Dim = c(11L, 40L), .Dimnames = list(NULL, c("Sampling", 
"PSO.cost", "PSO.gamma", "PSO.data.balancing", "PSO.feature.selection", 
"PSO.valid.acc", "PSO.test.acc", "PSO.train.time", "PSO.n.support.vectors", 
"PSO.index", "PSO.n.solutions", "PSO.generations", "PSO.n.evaluations", 
"PSO.cpu.time", "RS.cost", "RS.gamma", "RS.data.balancing", "RS.feature.selection", 
"RS.valid.acc", "RS.test.acc", "RS.train.time", "RS.n.support.vectors", 
"RS.index", "RS.n.solutions", "RS.generations", "RS.n.evaluations", 
"RS.cpu.time", "DF.cost", "DF.gamma", "DF.data.balancing", "DF.feature.selection", 
"DF.valid.acc", "DF.test.acc", "DF.train.time", "DF.n.support.vectors", 
"DF.index", "DF.n.solutions", "DF.generations", "DF.n.evaluations", 
"DF.cpu.time")))
