full <-
structure(c(50, 55, 60, 65, 70, 75, 80, 85, 90, 95, 100, 8.29246, 
10.26067, 13.61092, 12.96142, 7.20584, 9.37115, 13.24281, 12.97668, 
9.50632, 12.56604, 10.25908, -7.0247, -9.50212, -9.03086, -11.80164, 
-2.41092, -2.71834, -13.00337, -10.61981, -9.93231, -6.28259, 
-3.90958, 0, 0, 0, 0, 0, 0, 0, 0, 0, 0, 0, 0, 0, 0, 0, 0, 0, 
0, 0, 0, 0, 0, 1, 1, 1, 1, 1, 1, 1, 1, 1, 1, 1, 1, 1, 1, 1, 0.99286, 
1, 1, 1, 0.99444, 1, 1, 0.012, 0.0124, 0.012, 0.0123, 0.0136, 
0.0137, 0.0139, 0.0131, 0.0159, 0.0136, 0.015, 13.2, 14.1, 6.3, 
12.4, 23.6, 22.4, 18.7, 10.2, 24.4, 8.2, 15.6, 3, 9, 3, 14, 4, 
5, 3, 3, 3, 5, 3, 872, 840, 1789, 1749, 1679, 1551, 1534, 1514, 
1676, 1922, 1296, 100, 100, 100, 100, 100, 100, 100, 100, 100, 
100, 100, 2500, 2500, 2500, 2500, 2500, 2500, 2500, 2500, 2500, 
2500, 2500, 7160.743, 7157.386, 7261.642, 7337.36, 7497.55499999999, 
7574.02399999999, 7317.95599999999, 7310.212, 7486.93399999999, 
7832.90900000001, 7752.18799999999, 9.69948, 11.48515, 12.5031, 
12.74705, 8.93291, 14.1013, 7.50296, 10.76095, 9.67495, 6.54052, 
11.50299, -6.92392, -11.2556, -4.75833, -4.49162, -7.98386, -4.47772, 
-2.66075, -10.34372, -10.3947, -2.92847, -8.6827, 0, 0, 0, 0, 
0, 0, 0, 0, 0, 0, 0, 0, 0, 0, 0, 0, 0, 0, 0, 0, 0, 0, 1, 1, 1, 
1, 1, 1, 1, 1, 1, 1, 1, 1, 1, 1, 1, 1, 1, 1, 1, 0.99444, 1, 1, 
0.0125, 0.0127, 0.0124, 0.0129, 0.0134, 0.0132, 0.0135, 0.0143, 
0.0146, 0.0149, 0.0143, 9.4, 16.5, 10.9, 12.3, 14.8, 12.4, 23.7, 
18, 26.7, 22.6, 8.6, 4, 28, 3, 1, 2, 3, 8, 1, 1, 8, 11, 203, 
180, 470, 547, 667, 509, 659, 394, 609, 647, 300, 100, 100, 100, 
100, 100, 100, 100, 100, 100, 100, 100, 2500, 2500, 2500, 2500, 
2500, 2500, 2500, 2500, 2500, 2500, 2500, 7327.62, 7251.528, 
7336.957, 7503.646, 7564.33, 7610.41099999999, 7275.232, 7698.789, 
7600.02100000001, 7869.67600000001, 7823.133, 1, 1, 1, 1, 1, 
1, 1, 1, 1, 1, 1, 0.14286, 0.14286, 0.14286, 0.14286, 0.14286, 
0.14286, 0.14286, 0.14286, 0.14286, 0.14286, 0.14286, 0, 0, 0, 
0, 0, 0, 0, 0, 0, 0, 0, 0, 0, 0, 0, 0, 0, 0, 0, 0, 0, 0, 0.86535, 
0.89212, 0.90833, 0.90037, 0.95652, 0.9275, 0.95069, 0.93758, 
0.96663, 0.96336, 0.965, 0.83646, 0.90045, 0.9, 0.92363, 0.94938, 
0.93994, 0.95657, 0.94277, 0.96663, 0.95254, 0.965, 0.0127, 0.0131, 
0.0134, 0.0147, 0.0161, 0.0144, 0.015, 0.0173, 0.0175, 0.0178, 
0.0183, 58.1, 61.1, 65, 67.8, 72, 74.9, 79.4, 80.3, 82.9, 86.1, 
88.3, 1, 1, 1, 1, 1, 1, 1, 1, 1, 1, 1, 1, 1, 1, 1, 1, 1, 1, 1, 
1, 1, 1, 1, 1, 1, 1, 1, 1, 1, 1, 1, 1, 1, 1, 1, 1, 1, 1, 1, 1, 
1, 1, 1, 1, 2.973, 2.916, 2.989, 3.003, 2.991, 2.743, 2.762, 
3.103, 3.165, 3.143, 3.142), .Dim = c(11L, 40L), .Dimnames = list(
    NULL, c("Sampling", "PSO.cost", "PSO.gamma", "PSO.data.balancing", 
    "PSO.feature.selection", "PSO.valid.acc", "PSO.test.acc", 
    "PSO.train.time", "PSO.n.support.vectors", "PSO.index", "PSO.n.solutions", 
    "PSO.generations", "PSO.n.evaluations", "PSO.cpu.time", "RS.cost", 
    "RS.gamma", "RS.data.balancing", "RS.feature.selection", 
    "RS.valid.acc", "RS.test.acc", "RS.train.time", "RS.n.support.vectors", 
    "RS.index", "RS.n.solutions", "RS.generations", "RS.n.evaluations", 
    "RS.cpu.time", "DF.cost", "DF.gamma", "DF.data.balancing", 
    "DF.feature.selection", "DF.valid.acc", "DF.test.acc", "DF.train.time", 
    "DF.n.support.vectors", "DF.index", "DF.n.solutions", "DF.generations", 
    "DF.n.evaluations", "DF.cpu.time")))
