full <-
structure(c(50, 55, 60, 65, 70, 75, 80, 85, 90, 95, 100, 10.26337, 
12.67315, 11.56359, 14.6225, 13.49325, 11.1467, 7.12815, 10.92498, 
14.42082, 13.75905, 7.13471, -6.67314, -3.13199, -12.24417, -15, 
-14.4518, -7.23538, -4.66817, -10.7816, -11.20507, -3.20182, 
-7.42787, 0, 0, 0, 0, 0, 0, 0, 0, 0, 0, 0, 0, 0, 0, 0, 0, 0, 
0, 0, 0, 0, 0, 0.99, 1, 0.99167, 1, 1, 1, 1, 1, 1, 1, 0.995, 
0.99, 1, 0.98333, 0.98571, 1, 0.99333, 1, 1, 1, 1, 0.99, 0.0118, 
0.0134, 0.0125, 0.0127, 0.0131, 0.0129, 0.014, 0.0136, 0.0138, 
0.0149, 0.0148, 8, 17.1, 22.4, 20.2, 25.9, 7.4, 16.9, 20.1, 8.2, 
20.2, 23.9, 2, 2, 4, 109, 8, 8, 13, 4, 4, 5, 2, 2101, 1555, 1839, 
911, 1421, 1783, 1388, 2079, 1742, 1881, 1471, 100, 100, 100, 
100, 100, 100, 100, 100, 100, 100, 100, 2500, 2500, 2500, 2500, 
2500, 2500, 2500, 2500, 2500, 2500, 2500, 7386.556, 7467.451, 
7352.138, 7231.437, 7290.836, 7294.686, 7301.28300000001, 7324.72199999999, 
7207.868, 7334.38700000002, 7471.69200000001, 11.54516, 11.94888, 
12.91443, 14.18173, 10.60889, 8.65681, 14.54897, 11.05983, 14.29274, 
7.46464, 9.08721, -13.6241, -6.04009, -14.33043, -14.55384, -3.67733, 
-5.07997, -7.2361, -3.74129, -7.18628, -5.85563, -8.33114, 0, 
0, 0, 0, 0, 0, 0, 0, 0, 0, 0, 0, 0, 0, 0, 0, 0, 0, 0, 0, 0, 0, 
0.99, 1, 0.99167, 1, 1, 1, 1, 1, 1, 1, 0.995, 0.99, 1, 0.99167, 
0.98571, 1, 1, 1, 1, 1, 1, 0.995, 0.0121, 0.0126, 0.0123, 0.0127, 
0.013, 0.0132, 0.0125, 0.0132, 0.0136, 0.014, 0.0151, 33.2, 8.5, 
28.6, 20.1, 16, 11.9, 8.3, 16.3, 8.6, 16.7, 16.8, 11, 2, 1, 49, 
3, 3, 1, 9, 12, 1, 1, 828, 577, 843, 8, 654, 762, 345, 485, 287, 
552, 515, 100, 100, 100, 100, 100, 100, 100, 100, 100, 100, 100, 
2500, 2500, 2500, 2500, 2500, 2500, 2500, 2500, 2500, 2500, 2500, 
7446.743, 7421.429, 7226.609, 7222.981, 7236.25900000001, 7413.567, 
7331.432, 7519.436, 7396.094, 7347.54499999998, 7540.973, 1, 
1, 1, 1, 1, 1, 1, 1, 1, 1, 1, 0.14286, 0.14286, 0.14286, 0.14286, 
0.14286, 0.14286, 0.14286, 0.14286, 0.14286, 0.14286, 0.14286, 
0, 0, 0, 0, 0, 0, 0, 0, 0, 0, 0, 0, 0, 0, 0, 0, 0, 0, 0, 0, 0, 
0, 0.84162, 0.875, 0.9, 0.92344, 0.93399, 0.92667, 0.93782, 0.95878, 
0.96046, 0.96287, 0.965, 0.84071, 0.87409, 0.90833, 0.93178, 
0.92637, 0.92, 0.94407, 0.96467, 0.96046, 0.96287, 0.97, 0.0134, 
0.0141, 0.0137, 0.0138, 0.0141, 0.0157, 0.0159, 0.0158, 0.0167, 
0.0172, 0.0176, 53.9, 58.5, 61.9, 65.4, 70.1, 71.6, 77.7, 81.1, 
83.3, 84.7, 88.8, 1, 1, 1, 1, 1, 1, 1, 1, 1, 1, 1, 1, 1, 1, 1, 
1, 1, 1, 1, 1, 1, 1, 1, 1, 1, 1, 1, 1, 1, 1, 1, 1, 1, 1, 1, 1, 
1, 1, 1, 1, 1, 1, 1, 1, 3.065, 2.876, 2.933, 2.865, 2.904, 2.999, 
2.954, 3.015, 3.005, 3.063, 3.122), .Dim = c(11L, 40L), .Dimnames = list(
    NULL, c("Sampling", "PSO.cost", "PSO.gamma", "PSO.data.balancing", 
    "PSO.feature.selection", "PSO.valid.acc", "PSO.test.acc", 
    "PSO.train.time", "PSO.n.support.vectors", "PSO.index", "PSO.n.solutions", 
    "PSO.generations", "PSO.n.evaluations", "PSO.cpu.time", "RS.cost", 
    "RS.gamma", "RS.data.balancing", "RS.feature.selection", 
    "RS.valid.acc", "RS.test.acc", "RS.train.time", "RS.n.support.vectors", 
    "RS.index", "RS.n.solutions", "RS.generations", "RS.n.evaluations", 
    "RS.cpu.time", "DF.cost", "DF.gamma", "DF.data.balancing", 
    "DF.feature.selection", "DF.valid.acc", "DF.test.acc", "DF.train.time", 
    "DF.n.support.vectors", "DF.index", "DF.n.solutions", "DF.generations", 
    "DF.n.evaluations", "DF.cpu.time")))
