full <-
structure(c(50, 55, 60, 65, 70, 75, 80, 85, 90, 95, 100, 10.21674, 
14.2233, 8.99601, 12.58294, 14.02808, 7.08376, 7.87929, 4.66816, 
9.43421, 14.8238, 5.28938, -10.11838, -12.9375, -7.83179, -9.44434, 
-12.54157, -5.84304, -6.68897, -2.27901, -5.62254, -14.57239, 
-2.93875, 0, 0, 0, 0, 0, 0, 0, 0, 0, 0, 0, 0, 0, 0, 0, 0, 0, 
0, 0, 0, 0, 0, 1, 1, 1, 1, 1, 0.99333, 1, 1, 1, 1, 1, 0.99, 1, 
1, 1, 1, 0.99286, 1, 0.99412, 1, 1, 0.995, 0.0119, 0.0119, 0.0126, 
0.0129, 0.0134, 0.015, 0.0146, 0.0161, 0.0158, 0.015, 0.0168, 
14.8, 9.7, 12.6, 7.6, 11.1, 13.3, 14.8, 28.6, 10, 18.7, 25.7, 
2, 6, 5, 2, 10, 2, 2, 3, 14, 13, 5, 1890, 1718, 1767, 1587, 1725, 
1913, 1199, 1498, 1759, 1688, 1776, 100, 100, 100, 100, 100, 
100, 100, 100, 100, 100, 100, 2500, 2500, 2500, 2500, 2500, 2500, 
2500, 2500, 2500, 2500, 2500, 7103.801, 7152.551, 7221.369, 7371.481, 
7497.707, 10313.108, 9778.65299999999, 10023.479, 9446.18599999999, 
9126.204, 9726.78900000002, 14.03919, 14.08062, 10.26674, 6.05483, 
14.98123, 13.60395, 10.42917, 8.38509, 14.96571, 14.14846, 14.03078, 
-14.10145, -13.4412, -7.76347, -5.42388, -9.73916, -2.48005, 
-2.4124, -6.23469, -5.24643, -11.38195, -12.36604, 0, 0, 0, 0, 
0, 0, 0, 0, 0, 0, 0, 0, 0, 0, 0, 0, 0, 0, 0, 0, 0, 0, 1, 1, 1, 
1, 1, 0.99333, 1, 1, 1, 1, 1, 1, 1, 1, 1, 1, 0.99286, 1, 1, 1, 
1, 1, 0.0119, 0.0119, 0.0124, 0.0136, 0.013, 0.0147, 0.0139, 
0.0148, 0.0149, 0.0157, 0.0163, 15.6, 11.6, 9.1, 18.4, 6.6, 22.7, 
25.6, 12.9, 11.2, 9.1, 12.5, 11, 45, 7, 3, 11, 1, 5, 7, 1, 2, 
1, 171, 93, 822, 704, 363, 901, 495, 789, 464, 596, 668, 100, 
100, 100, 100, 100, 100, 100, 100, 100, 100, 100, 2500, 2500, 
2500, 2500, 2500, 2500, 2500, 2500, 2500, 2500, 2500, 7135.593, 
7205.24, 7247.264, 7500.335, 7976.036, 9631.87300000001, 9658.966, 
9341.954, 9546.16899999999, 9718.62600000002, 9838.77300000002, 
1, 1, 1, 1, 1, 1, 1, 1, 1, 1, 1, 0.14286, 0.14286, 0.14286, 0.14286, 
0.14286, 0.14286, 0.14286, 0.14286, 0.14286, 0.14286, 0.14286, 
0, 0, 0, 0, 0, 0, 0, 0, 0, 0, 0, 0, 0, 0, 0, 0, 0, 0, 0, 0, 0, 
0, 0.88646, 0.94439, 0.93374, 0.9467, 0.95802, 0.96036, 0.95032, 
0.95878, 0.96111, 0.96365, 0.965, 0.90737, 0.95364, 0.92541, 
0.92363, 0.94319, 0.96036, 0.95657, 0.96467, 0.95, 0.96365, 0.96, 
0.0122, 0.0131, 0.0143, 0.0142, 0.0169, 0.0156, 0.0196, 0.0182, 
0.0167, 0.0188, 0.0209, 52.9, 55.9, 61.2, 64.8, 69.5, 71, 77.4, 
79.9, 84.8, 86.9, 89.6, 1, 1, 1, 1, 1, 1, 1, 1, 1, 1, 1, 1, 1, 
1, 1, 1, 1, 1, 1, 1, 1, 1, 1, 1, 1, 1, 1, 1, 1, 1, 1, 1, 1, 1, 
1, 1, 1, 1, 1, 1, 1, 1, 1, 1, 2.9, 2.852, 2.991, 2.944, 4.037, 
3.506, 4.793, 3.913, 3.452, 3.905, 4.223), .Dim = c(11L, 40L), .Dimnames = list(
    NULL, c("Sampling", "PSO.cost", "PSO.gamma", "PSO.data.balancing", 
    "PSO.feature.selection", "PSO.valid.acc", "PSO.test.acc", 
    "PSO.train.time", "PSO.n.support.vectors", "PSO.index", "PSO.n.solutions", 
    "PSO.generations", "PSO.n.evaluations", "PSO.cpu.time", "RS.cost", 
    "RS.gamma", "RS.data.balancing", "RS.feature.selection", 
    "RS.valid.acc", "RS.test.acc", "RS.train.time", "RS.n.support.vectors", 
    "RS.index", "RS.n.solutions", "RS.generations", "RS.n.evaluations", 
    "RS.cpu.time", "DF.cost", "DF.gamma", "DF.data.balancing", 
    "DF.feature.selection", "DF.valid.acc", "DF.test.acc", "DF.train.time", 
    "DF.n.support.vectors", "DF.index", "DF.n.solutions", "DF.generations", 
    "DF.n.evaluations", "DF.cpu.time")))
