full <-
structure(c(50, 55, 60, 65, 70, 75, 80, 85, 90, 95, 100, 10.20917, 
9.45769, 11.9205, 11.58621, 12.08375, 10.55251, 12.28412, 9.2849, 
8.01682, 8.31374, 13.02308, -6.96536, -8.1209, -11.07225, -7.8836, 
-5.45712, -4.53799, -10.61265, -3.45246, -4.88151, -3.90521, 
-9.15054, 0, 0, 0, 0, 0, 0, 0, 0, 0, 0, 0, 0, 0, 0, 0, 0, 0, 
0, 0, 0, 0, 0, 1, 1, 1, 1, 1, 1, 1, 1, 1, 1, 1, 1, 1, 1, 1, 1, 
1, 1, 0.99444, 1, 0.98947, 1, 0.0114, 0.0121, 0.0134, 0.0137, 
0.0132, 0.0135, 0.014, 0.014, 0.0137, 0.014, 0.0149, 8.5, 13.8, 
15.2, 9.6, 12.6, 14.7, 12.7, 19.6, 13.3, 15.7, 7.8, 4, 6, 8, 
4, 16, 5, 3, 3, 11, 7, 15, 1876, 1765, 1378, 1441, 1402, 1284, 
1748, 1308, 1471, 1101, 1586, 100, 100, 100, 100, 100, 100, 100, 
100, 100, 100, 100, 2500, 2500, 2500, 2500, 2500, 2500, 2500, 
2500, 2500, 2500, 2500, 7366.175, 7417.531, 7762.511, 7748.062, 
7733.479, 7725.227, 7703.08899999999, 7719.82800000001, 7699.81000000001, 
8026.179, 8010.46900000001, 12.03742, 8.45554, 13.73576, 9.71072, 
9.35083, 8.46575, 9.9937, 8.81033, 6.91271, 11.40785, 11.92908, 
-7.87246, -4.70753, -12.03742, -7.41668, -7.78881, -3.44622, 
-6.57027, -3.54316, -5.29015, -4.54527, -5.66143, 0, 0, 0, 0, 
0, 0, 0, 0, 0, 0, 0, 0, 0, 0, 0, 0, 0, 0, 0, 0, 0, 0, 1, 1, 1, 
1, 1, 1, 1, 1, 1, 1, 1, 1, 1, 1, 1, 1, 0.99286, 0.99375, 0.99444, 
1, 0.99474, 1, 0.0122, 0.0129, 0.0129, 0.0138, 0.0145, 0.0137, 
0.0134, 0.0143, 0.0142, 0.0136, 0.0146, 7.6, 12.9, 12, 11.5, 
13.7, 19.2, 9.8, 19.2, 16.8, 12.6, 10.3, 1, 3, 7, 4, 1, 6, 1, 
10, 11, 4, 2, 923, 484, 400, 378, 294, 446, 387, 353, 400, 340, 
642, 100, 100, 100, 100, 100, 100, 100, 100, 100, 100, 100, 2500, 
2500, 2500, 2500, 2500, 2500, 2500, 2500, 2500, 2500, 2500, 7415.669, 
7535.239, 7770.617, 7755.155, 7758.67, 7742.269, 7740.626, 7785.31600000001, 
8148.02600000001, 8042.399, 8075.64599999998, 1, 1, 1, 1, 1, 
1, 1, 1, 1, 1, 1, 0.14286, 0.14286, 0.14286, 0.14286, 0.14286, 
0.14286, 0.14286, 0.14286, 0.14286, 0.14286, 0.14286, 0, 0, 0, 
0, 0, 0, 0, 0, 0, 0, 0, 0, 0, 0, 0, 0, 0, 0, 0, 0, 0, 0, 0.86141, 
0.84545, 0.88351, 0.88562, 0.91971, 0.94619, 0.9362, 0.95948, 
0.96631, 0.96754, 0.955, 0.83505, 0.86364, 0.89248, 0.88507, 
0.92685, 0.94619, 0.9487, 0.95948, 0.94343, 0.96754, 0.965, 0.0132, 
0.0137, 0.0143, 0.0147, 0.0148, 0.0155, 0.016, 0.0165, 0.0174, 
0.0177, 0.0183, 55.8, 60, 66.5, 70.3, 72.8, 75.6, 79.1, 81.7, 
83.7, 83.8, 89.5, 1, 1, 1, 1, 1, 1, 1, 1, 1, 1, 1, 1, 1, 1, 1, 
1, 1, 1, 1, 1, 1, 1, 1, 1, 1, 1, 1, 1, 1, 1, 1, 1, 1, 1, 1, 1, 
1, 1, 1, 1, 1, 1, 1, 1, 3.051, 3.127, 3.179, 3.108, 3.053, 3.091, 
3.057, 3.138, 3.329, 3.3, 3.246), .Dim = c(11L, 40L), .Dimnames = list(
    NULL, c("Sampling", "PSO.cost", "PSO.gamma", "PSO.data.balancing", 
    "PSO.feature.selection", "PSO.valid.acc", "PSO.test.acc", 
    "PSO.train.time", "PSO.n.support.vectors", "PSO.index", "PSO.n.solutions", 
    "PSO.generations", "PSO.n.evaluations", "PSO.cpu.time", "RS.cost", 
    "RS.gamma", "RS.data.balancing", "RS.feature.selection", 
    "RS.valid.acc", "RS.test.acc", "RS.train.time", "RS.n.support.vectors", 
    "RS.index", "RS.n.solutions", "RS.generations", "RS.n.evaluations", 
    "RS.cpu.time", "DF.cost", "DF.gamma", "DF.data.balancing", 
    "DF.feature.selection", "DF.valid.acc", "DF.test.acc", "DF.train.time", 
    "DF.n.support.vectors", "DF.index", "DF.n.solutions", "DF.generations", 
    "DF.n.evaluations", "DF.cpu.time")))
