full <-
structure(c(50, 55, 60, 65, 70, 75, 80, 85, 90, 95, 100, 3.2506, 
3.83016, 14.70357, 14.50594, 13.27138, 11.23847, 11.5565, 11.07075, 
13.09428, 12.44469, 14.83016, -3.75748, -2.17239, -11.39069, 
-10.95946, -12.49372, -5.49922, -10.36858, -5.02618, -7.78188, 
-3.60171, -6.85156, 0, 0, 0, 0, 0, 0, 0, 0, 0, 0, 0, 0, 0, 0, 
0, 0, 0, 0, 0, 0, 0, 0, 1, 1, 1, 1, 1, 1, 1, 1, 1, 1, 1, 1, 0.98258, 
1, 1, 1, 1, 1, 1, 1, 0.99474, 1, 0.0117, 0.0124, 0.0117, 0.0121, 
0.0124, 0.0122, 0.0158, 0.0151, 0.0129, 0.0157, 0.0134, 25, 27.1, 
6.1, 6.4, 11.8, 9.9, 13.4, 12, 6.8, 17.6, 8, 2, 2, 3, 2, 2, 4, 
15, 3, 9, 2, 6, 1685, 1842, 1971, 1721, 2078, 1744, 1514, 1581, 
1530, 1559, 1884, 100, 100, 100, 100, 100, 100, 100, 100, 100, 
100, 100, 2500, 2500, 2500, 2500, 2500, 2500, 2500, 2500, 2500, 
2500, 2500, 7465.18, 7541.093, 7405.391, 7465.499, 7131.09100000001, 
7329.20199999999, 9891.231, 10177.666, 7498.67400000001, 7649.10699999999, 
7314.99100000001, 11.5036, 13.28689, 5.82542, 12.06856, 5.1567, 
13.36793, 14.5391, 11.55618, 6.08179, 8.02419, 9.32727, -12.02903, 
-8.49793, -4.76293, -7.35757, -3.8457, -12.50687, -8.67264, -10.9095, 
-4.17748, -2.98243, -8.71806, 0, 0, 0, 0, 0, 0, 0, 0, 0, 0, 0, 
0, 0, 0, 0, 0, 0, 0, 0, 0, 0, 0, 1, 1, 1, 1, 1, 1, 1, 1, 1, 1, 
1, 1, 1, 1, 1, 1, 1, 1, 0.99444, 1, 0.99474, 1, 0.0115, 0.0118, 
0.0119, 0.0112, 0.0076, 0.0123, 0.0121, 0.0156, 0.0137, 0.0138, 
0.0087, 16.3, 6, 15.1, 6, 18.6, 14.5, 6.7, 16.6, 19.2, 20.3, 
17.7, 2, 3, 3, 1, 2, 2, 2, 2, 2, 3, 3, 935, 932, 900, 1138, 1093, 
498, 399, 617, 623, 637, 564, 100, 100, 100, 100, 100, 100, 100, 
100, 100, 100, 100, 2500, 2500, 2500, 2500, 2500, 2500, 2500, 
2500, 2500, 2500, 2500, 7550.442, 7269.457, 7499.584, 7476.117, 
6062.323, 8866.295, 7519.978, 7837.143, 8994.06700000001, 7536.21099999998, 
7369.79400000002, 1, 1, 1, 1, 1, 1, 1, 1, 1, 1, 1, 0.14286, 0.14286, 
0.14286, 0.14286, 0.14286, 0.14286, 0.14286, 0.14286, 0.14286, 
0.14286, 0.14286, 0, 0, 0, 0, 0, 0, 0, 0, 0, 0, 0, 0, 0, 0, 0, 
0, 0, 0, 0, 0, 0, 0, 0.95182, 0.96439, 0.94167, 0.9544, 0.97143, 
0.94244, 0.97417, 0.96426, 0.96111, 0.95787, 0.96, 0.94273, 0.97348, 
0.93258, 0.96154, 0.97143, 0.96119, 0.96828, 0.96426, 0.96667, 
0.95787, 0.96, 0.0131, 0.0129, 0.0134, 0.0135, 0.0136, 0.017, 
0.0174, 0.0156, 0.0181, 0.0167, 0.0171, 50.6, 56.1, 59.6, 64.2, 
66.6, 73.6, 78.7, 81, 84.4, 87.4, 89, 1, 1, 1, 1, 1, 1, 1, 1, 
1, 1, 1, 1, 1, 1, 1, 1, 1, 1, 1, 1, 1, 1, 1, 1, 1, 1, 1, 1, 1, 
1, 1, 1, 1, 1, 1, 1, 1, 1, 1, 1, 1, 1, 1, 1, 2.996, 2.951, 2.947, 
2.925, 2.975, 4.193, 4.281, 2.958, 4.232, 2.981, 2.99), .Dim = c(11L, 
40L), .Dimnames = list(NULL, c("Sampling", "PSO.cost", "PSO.gamma", 
"PSO.data.balancing", "PSO.feature.selection", "PSO.valid.acc", 
"PSO.test.acc", "PSO.train.time", "PSO.n.support.vectors", "PSO.index", 
"PSO.n.solutions", "PSO.generations", "PSO.n.evaluations", "PSO.cpu.time", 
"RS.cost", "RS.gamma", "RS.data.balancing", "RS.feature.selection", 
"RS.valid.acc", "RS.test.acc", "RS.train.time", "RS.n.support.vectors", 
"RS.index", "RS.n.solutions", "RS.generations", "RS.n.evaluations", 
"RS.cpu.time", "DF.cost", "DF.gamma", "DF.data.balancing", "DF.feature.selection", 
"DF.valid.acc", "DF.test.acc", "DF.train.time", "DF.n.support.vectors", 
"DF.index", "DF.n.solutions", "DF.generations", "DF.n.evaluations", 
"DF.cpu.time")))
