full <-
structure(c(50, 55, 60, 65, 70, 75, 80, 85, 90, 95, 100, 14.91525, 
10.73303, 8.90744, 7.2474, 11.66675, 13.55671, 13.48389, 10.0403, 
11.98237, 14.25319, 14.77268, -3.7507, -7.23147, -5.64785, -4.60884, 
-10.3938, -3.58232, -6.76111, -9.3825, -9.63033, -6.91167, -3.85738, 
0, 0, 0, 0, 0, 0, 0, 0, 0, 0, 0, 0, 0, 0, 0, 0, 0, 0, 0, 0, 0, 
0, 1, 1, 1, 1, 1, 1, 1, 1, 1, 1, 1, 1, 1, 1, 1, 1, 1, 0.99412, 
1, 1, 1, 1, 0.0124, 0.0128, 0.0121, 0.0137, 0.0127, 0.013, 0.0131, 
0.0136, 0.0132, 0.0138, 0.0142, 17.2, 8.2, 10.5, 14, 13.5, 16.1, 
8.8, 15.9, 10.2, 8.4, 15.8, 4, 10, 9, 719, 2, 3, 10, 2, 6, 4, 
11, 1033, 1467, 1947, 120, 1454, 1767, 1720, 1298, 1774, 1777, 
1799, 100, 100, 100, 100, 100, 100, 100, 100, 100, 100, 100, 
2500, 2500, 2500, 2500, 2500, 2500, 2500, 2500, 2500, 2500, 2500, 
7437.908, 7199.359, 7407.336, 7389.191, 7345.374, 7274.254, 7566.70000000001, 
7551.87, 7184.859, 7136.19600000003, 7006.383, 10.7052, 12.4583, 
13.68912, 6.90479, 14.48245, 14.61476, 11.9705, 12.68436, 10.08183, 
11.13384, 13.94559, -3.35464, -6.52833, -7.94346, -4.13233, -11.83072, 
-8.41303, -2.76881, -5.36905, -7.19835, -10.45426, -6.51387, 
0, 0, 0, 0, 0, 0, 0, 0, 0, 0, 0, 0, 0, 0, 0, 0, 0, 0, 0, 0, 0, 
0, 1, 1, 1, 1, 1, 1, 1, 1, 1, 1, 1, 1, 1, 1, 1, 1, 1, 1, 1, 1, 
1, 1, 0.0127, 0.0119, 0.0121, 0.0131, 0.0135, 0.0126, 0.013, 
0.0135, 0.0132, 0.0134, 0.0147, 18.2, 7.6, 7.5, 15.7, 8.9, 6.5, 
22.1, 11, 9.7, 16.9, 7.7, 5, 1, 3, 232, 2, 3, 3, 10, 2, 4, 4, 
400, 320, 396, 4, 556, 475, 609, 527, 644, 568, 556, 100, 100, 
100, 100, 100, 100, 100, 100, 100, 100, 100, 2500, 2500, 2500, 
2500, 2500, 2500, 2500, 2500, 2500, 2500, 2500, 7411.886, 7238.357, 
7425.442, 7520.571, 7458.298, 7237.329, 7602.692, 7521.47499999999, 
7238.45, 7354.39300000001, 7393.647, 1, 1, 1, 1, 1, 1, 1, 1, 
1, 1, 1, 0.14286, 0.14286, 0.14286, 0.14286, 0.14286, 0.14286, 
0.14286, 0.14286, 0.14286, 0.14286, 0.14286, 0, 0, 0, 0, 0, 0, 
0, 0, 0, 0, 0, 0, 0, 0, 0, 0, 0, 0, 0, 0, 0, 0, 0.88, 0.88606, 
0.9, 0.90742, 0.92143, 0.9528, 0.96167, 0.95874, 0.94441, 0.95784, 
0.97, 0.88, 0.87939, 0.91667, 0.90742, 0.94286, 0.9528, 0.96833, 
0.95249, 0.94441, 0.95784, 0.965, 0.0139, 0.013, 0.0135, 0.0138, 
0.0147, 0.0147, 0.0163, 0.0158, 0.0162, 0.0171, 0.0172, 59.6, 
61.3, 65.3, 69.6, 72.5, 74.8, 78, 78.1, 83, 87.4, 88.9, 1, 1, 
1, 1, 1, 1, 1, 1, 1, 1, 1, 1, 1, 1, 1, 1, 1, 1, 1, 1, 1, 1, 1, 
1, 1, 1, 1, 1, 1, 1, 1, 1, 1, 1, 1, 1, 1, 1, 1, 1, 1, 1, 1, 1, 
2.91, 2.912, 2.916, 2.964, 2.929, 2.997, 3.083, 2.877, 2.915, 
2.96, 3.031), .Dim = c(11L, 40L), .Dimnames = list(NULL, c("Sampling", 
"PSO.cost", "PSO.gamma", "PSO.data.balancing", "PSO.feature.selection", 
"PSO.valid.acc", "PSO.test.acc", "PSO.train.time", "PSO.n.support.vectors", 
"PSO.index", "PSO.n.solutions", "PSO.generations", "PSO.n.evaluations", 
"PSO.cpu.time", "RS.cost", "RS.gamma", "RS.data.balancing", "RS.feature.selection", 
"RS.valid.acc", "RS.test.acc", "RS.train.time", "RS.n.support.vectors", 
"RS.index", "RS.n.solutions", "RS.generations", "RS.n.evaluations", 
"RS.cpu.time", "DF.cost", "DF.gamma", "DF.data.balancing", "DF.feature.selection", 
"DF.valid.acc", "DF.test.acc", "DF.train.time", "DF.n.support.vectors", 
"DF.index", "DF.n.solutions", "DF.generations", "DF.n.evaluations", 
"DF.cpu.time")))
