full <-
structure(c(50, 55, 60, 65, 70, 75, 80, 85, 90, 95, 100, 9.09139, 
14.89608, 7.1851, 14.73853, 7.97363, 11.08143, 13.64815, 13.97465, 
7.87216, 9.00975, 6.42224, -7.07508, -8.76978, -6.44394, -9.09606, 
-5.9849, -6.52904, -13.51072, -10.60726, -6.97532, -3.89331, 
-6.77847, 0, 0, 0, 0, 0, 0, 0, 0, 0, 0, 0, 0, 0, 0, 0, 0, 0, 
0, 0, 0, 0, 0, 1, 1, 1, 1, 1, 1, 0.99375, 0.99412, 0.99412, 1, 
1, 1, 1, 0.99167, 0.99167, 1, 1, 0.99375, 0.99412, 0.99412, 1, 
0.995, 0.0125, 0.0123, 0.0114, 0.0158, 0.0127, 0.0131, 0.0138, 
0.0129, 0.0139, 0.0135, 0.0148, 10.3, 7.2, 12.8, 7.1, 12.8, 8.8, 
16.8, 8.3, 15.3, 13.9, 25.9, 5, 12, 2, 4, 6, 4, 2, 2, 6, 3, 6, 
1683, 1789, 1870, 1740, 1580, 1661, 2130, 1588, 1881, 1274, 1808, 
100, 100, 100, 100, 100, 100, 100, 100, 100, 100, 100, 2500, 
2500, 2500, 2500, 2500, 2500, 2500, 2500, 2500, 2500, 2500, 7327.026, 
7262.466, 7217.956, 8107.119, 7673.755, 7562.034, 7744.22600000001, 
8003.59699999999, 7805.042, 7494.39999999999, 7462.75300000003, 
7.80898, 14.12217, 8.40127, 8.71094, 13.01241, 14.94065, 8.33958, 
9.31012, 13.47693, 11.1968, 7.99887, -8.80102, -10.4735, -7.41461, 
-7.45929, -9.11821, -12.68318, -11.29048, -7.8871, -4.52625, 
-3.29779, -3.52026, 0, 0, 0, 0, 0, 0, 0, 0, 0, 0, 0, 0, 0, 0, 
0, 0, 0, 0, 0, 0, 0, 0, 1, 1, 1, 1, 1, 1, 0.99375, 0.99412, 0.99412, 
1, 1, 1, 1, 0.99167, 0.99167, 1, 0.99333, 0.99375, 0.99412, 0.99412, 
1, 1, 0.0121, 0.0121, 0.0124, 0.0138, 0.0133, 0.013, 0.0145, 
0.0139, 0.0134, 0.0142, 0.015, 20.5, 7.2, 11.6, 12.6, 7.4, 8, 
51, 12.7, 13, 17.6, 17.5, 30, 5, 1, 4, 7, 10, 2, 4, 1, 1, 5, 
621, 416, 410, 341, 424, 298, 942, 282, 880, 392, 618, 100, 100, 
100, 100, 100, 100, 100, 100, 100, 100, 100, 2500, 2500, 2500, 
2500, 2500, 2500, 2500, 2500, 2500, 2500, 2500, 7377.24, 7336.761, 
8119.566, 8041.671, 7843.645, 7645.05100000001, 7971.59300000001, 
7844.16499999999, 7644.78899999999, 7600.565, 7728.28099999999, 
1, 1, 1, 1, 1, 1, 1, 1, 1, 1, 1, 0.14286, 0.14286, 0.14286, 0.14286, 
0.14286, 0.14286, 0.14286, 0.14286, 0.14286, 0.14286, 0.14286, 
0, 0, 0, 0, 0, 0, 0, 0, 0, 0, 0, 0, 0, 0, 0, 0, 0, 0, 0, 0, 0, 
0, 0.88253, 0.87273, 0.92756, 0.95192, 0.95, 0.96083, 0.94917, 
0.94592, 0.96689, 0.96784, 0.965, 0.89253, 0.88182, 0.9359, 0.9359, 
0.92857, 0.96708, 0.95542, 0.9518, 0.97215, 0.96784, 0.965, 0.0131, 
0.013, 0.0133, 0.0133, 0.014, 0.0153, 0.0151, 0.0151, 0.0154, 
0.0166, 0.0173, 48.2, 53.7, 59.3, 65.7, 66.3, 71, 73.2, 76.8, 
80.8, 83.6, 89, 1, 1, 1, 1, 1, 1, 1, 1, 1, 1, 1, 1, 1, 1, 1, 
1, 1, 1, 1, 1, 1, 1, 1, 1, 1, 1, 1, 1, 1, 1, 1, 1, 1, 1, 1, 1, 
1, 1, 1, 1, 1, 1, 1, 1, 3.069, 2.799, 3.18, 2.769, 3.06, 3.205, 
3.107, 2.752, 2.939, 2.875, 2.983), .Dim = c(11L, 40L), .Dimnames = list(
    NULL, c("Sampling", "PSO.cost", "PSO.gamma", "PSO.data.balancing", 
    "PSO.feature.selection", "PSO.valid.acc", "PSO.test.acc", 
    "PSO.train.time", "PSO.n.support.vectors", "PSO.index", "PSO.n.solutions", 
    "PSO.generations", "PSO.n.evaluations", "PSO.cpu.time", "RS.cost", 
    "RS.gamma", "RS.data.balancing", "RS.feature.selection", 
    "RS.valid.acc", "RS.test.acc", "RS.train.time", "RS.n.support.vectors", 
    "RS.index", "RS.n.solutions", "RS.generations", "RS.n.evaluations", 
    "RS.cpu.time", "DF.cost", "DF.gamma", "DF.data.balancing", 
    "DF.feature.selection", "DF.valid.acc", "DF.test.acc", "DF.train.time", 
    "DF.n.support.vectors", "DF.index", "DF.n.solutions", "DF.generations", 
    "DF.n.evaluations", "DF.cpu.time")))
