full <-
structure(c(50, 55, 60, 65, 70, 75, 80, 85, 90, 95, 100, 8.15528, 
10.24444, 13.94981, 12.51811, 10.42463, 14.78595, 8.02062, 12.96786, 
14.66326, 12.7433, 7.95817, -6.04786, -6.86788, -6.38117, -9.196, 
-6.69251, -4.37664, -4.79428, -5.33235, -10.83842, -10.0123, 
-3.96659, 0, 0, 0, 0, 0, 0, 0, 0, 0, 0, 0, 0, 0, 0, 0, 0, 0, 
0, 0, 0, 0, 0, 1, 1, 1, 1, 1, 1, 1, 1, 1, 1, 1, 1, 1, 1, 0.99167, 
0.99286, 1, 0.99412, 1, 1, 1, 1, 0.012, 0.0124, 0.0136, 0.013, 
0.0136, 0.0141, 0.0142, 0.0143, 0.0141, 0.0138, 0.0144, 12.9, 
9.2, 8.3, 7.6, 8.9, 15, 14.8, 13.8, 7.4, 8.8, 15.4, 7, 11, 3, 
14, 9, 4, 6, 2, 3, 3, 7, 1897, 1871, 1702, 1752, 1824, 1876, 
1724, 1870, 1595, 1756, 1576, 100, 100, 100, 100, 100, 100, 100, 
100, 100, 100, 100, 2500, 2500, 2500, 2500, 2500, 2500, 2500, 
2500, 2500, 2500, 2500, 7230.529, 7298.462, 7550.417, 7568.676, 
7920.52799999999, 7914.842, 7902.754, 7879.23400000001, 7868.31299999999, 
7882.56200000001, 8101.09, 10.84141, 13.97938, 7.07914, 8.23865, 
10.72501, 12.3142, 8.67816, 14.31647, 14.67565, 9.6551, 14.37284, 
-7.50898, -6.72024, -5.70862, -6.14408, -9.20379, -5.2888, -8.12591, 
-6.55998, -7.46321, -6.55062, -7.31333, 0, 0, 0, 0, 0, 0, 0, 
0, 0, 0, 0, 0, 0, 0, 0, 0, 0, 0, 0, 0, 0, 0, 1, 1, 1, 1, 1, 1, 
1, 1, 1, 1, 1, 1, 1, 1, 0.99167, 0.99286, 1, 0.99412, 1, 1, 1, 
0.995, 0.0116, 0.0118, 0.0128, 0.0127, 0.0131, 0.0138, 0.0135, 
0.0133, 0.014, 0.014, 0.015, 8.4, 8.8, 16, 11.8, 11.5, 13, 16.8, 
9.2, 7.6, 9.2, 8, 1, 7, 16, 8, 7, 2, 4, 13, 1, 1, 3, 308, 307, 
301, 278, 522, 655, 552, 598, 526, 490, 610, 100, 100, 100, 100, 
100, 100, 100, 100, 100, 100, 100, 2500, 2500, 2500, 2500, 2500, 
2500, 2500, 2500, 2500, 2500, 2500, 7282.802, 7347.285, 7600.519, 
7774.963, 7949.436, 7934.55899999999, 7938.136, 7911.41800000001, 
7928.39899999999, 7921.13200000001, 8326.432, 1, 1, 1, 1, 1, 
1, 1, 1, 1, 1, 1, 0.14286, 0.14286, 0.14286, 0.14286, 0.14286, 
0.14286, 0.14286, 0.14286, 0.14286, 0.14286, 0.14286, 0, 0, 0, 
0, 0, 0, 0, 0, 0, 0, 0, 0, 0, 0, 0, 0, 0, 0, 0, 0, 0, 0, 0.83141, 
0.86303, 0.91364, 0.92244, 0.9, 0.9275, 0.9511, 0.94739, 0.94444, 
0.96228, 0.96, 0.84253, 0.87879, 0.89761, 0.91474, 0.92143, 0.94036, 
0.94485, 0.9415, 0.96111, 0.96228, 0.965, 0.0127, 0.0136, 0.0134, 
0.0147, 0.015, 0.0156, 0.0164, 0.0163, 0.0162, 0.0175, 0.0196, 
52.2, 56.2, 59.9, 64.5, 66.1, 73.5, 76.3, 79.3, 81, 86.4, 87.7, 
1, 1, 1, 1, 1, 1, 1, 1, 1, 1, 1, 1, 1, 1, 1, 1, 1, 1, 1, 1, 1, 
1, 1, 1, 1, 1, 1, 1, 1, 1, 1, 1, 1, 1, 1, 1, 1, 1, 1, 1, 1, 1, 
1, 1, 2.944, 3.011, 3.045, 3.215, 3.169, 3.179, 3.253, 3.159, 
3.189, 3.135, 3.417), .Dim = c(11L, 40L), .Dimnames = list(NULL, 
    c("Sampling", "PSO.cost", "PSO.gamma", "PSO.data.balancing", 
    "PSO.feature.selection", "PSO.valid.acc", "PSO.test.acc", 
    "PSO.train.time", "PSO.n.support.vectors", "PSO.index", "PSO.n.solutions", 
    "PSO.generations", "PSO.n.evaluations", "PSO.cpu.time", "RS.cost", 
    "RS.gamma", "RS.data.balancing", "RS.feature.selection", 
    "RS.valid.acc", "RS.test.acc", "RS.train.time", "RS.n.support.vectors", 
    "RS.index", "RS.n.solutions", "RS.generations", "RS.n.evaluations", 
    "RS.cpu.time", "DF.cost", "DF.gamma", "DF.data.balancing", 
    "DF.feature.selection", "DF.valid.acc", "DF.test.acc", "DF.train.time", 
    "DF.n.support.vectors", "DF.index", "DF.n.solutions", "DF.generations", 
    "DF.n.evaluations", "DF.cpu.time")))
