full <-
structure(c(50, 55, 60, 65, 70, 75, 80, 85, 90, 95, 100, 9.58247, 
10.51893, 13.32131, 9.39266, 7.03652, 5.70995, 4.47309, 11.5947, 
13.93303, 8.08442, 8.00339, -10.11468, -12.07762, -10.25122, 
-9.7199, -9.6229, -5.5694, -5.43651, -7.28897, -7.92982, -5.19515, 
-4.4483, 0, 0, 0, 0, 0, 0, 0, 0, 0, 0, 0, 0, 0, 0, 0, 0, 0, 0, 
0, 0, 0, 0, 1, 1, 1, 1, 1, 1, 1, 1, 1, 1, 1, 1, 1, 1, 1, 1, 1, 
1, 1, 1, 0.995, 1, 0.0118, 0.0126, 0.0122, 0.0127, 0.0139, 0.0137, 
0.0139, 0.0133, 0.0145, 0.0141, 0.0148, 21.8, 31.2, 7.4, 21.1, 
44.6, 21.7, 31.8, 7, 6.9, 13, 13.6, 4, 6, 5, 16, 2, 5, 11, 9, 
6, 2, 4, 1419, 1731, 2068, 1018, 1847, 1344, 1693, 1842, 1849, 
1101, 1304, 100, 100, 100, 100, 100, 100, 100, 100, 100, 100, 
100, 2500, 2500, 2500, 2500, 2500, 2500, 2500, 2500, 2500, 2500, 
2500, 6806.211, 6809.451, 6836.761, 6885.136, 7025.081, 7104.573, 
7086.658, 7093.41899999999, 7093.61900000001, 7083.499, 7089.47099999999, 
13.39924, 11.31052, 7.24802, 12.06788, 12.97648, 8.61347, 8.06284, 
14.98101, 12.18582, 7.08029, 11.52066, -13.65568, -8.0164, -3.95072, 
-13.96934, -13.40849, -7.09229, -7.16188, -2.42684, -9.12953, 
-5.75391, -10.23529, 0, 0, 0, 0, 0, 0, 0, 0, 0, 0, 0, 0, 0, 0, 
0, 0, 0, 0, 0, 0, 0, 0, 1, 1, 1, 1, 1, 1, 1, 1, 1, 1, 1, 1, 1, 
1, 1, 1, 1, 1, 1, 1, 0.995, 1, 0.0123, 0.0123, 0.0117, 0.0135, 
0.0135, 0.0132, 0.0127, 0.0149, 0.0138, 0.015, 0.0145, 19.8, 
7.7, 14, 36.4, 21, 12.6, 15, 25.2, 7.9, 16.8, 14.4, 15, 3, 8, 
7, 2, 4, 2, 1, 1, 20, 13, 531, 920, 935, 197, 1039, 561, 610, 
870, 532, 245, 374, 100, 100, 100, 100, 100, 100, 100, 100, 100, 
100, 100, 2500, 2500, 2500, 2500, 2500, 2500, 2500, 2500, 2500, 
2500, 2500, 6830.784, 6820.076, 6889.396, 6964.023, 7059.873, 
7115.834, 7130.99500000001, 7171.068, 7149.5, 7148.747, 7243.55499999999, 
1, 1, 1, 1, 1, 1, 1, 1, 1, 1, 1, 0.14286, 0.14286, 0.14286, 0.14286, 
0.14286, 0.14286, 0.14286, 0.14286, 0.14286, 0.14286, 0.14286, 
0, 0, 0, 0, 0, 0, 0, 0, 0, 0, 0, 0, 0, 0, 0, 0, 0, 0, 0, 0, 0, 
0, 0.86, 0.89697, 0.88374, 0.93187, 0.93652, 0.94607, 0.96319, 
0.96397, 0.96111, 0.95895, 0.965, 0.82869, 0.9053, 0.87389, 0.93123, 
0.94374, 0.93988, 0.96319, 0.96397, 0.95556, 0.96921, 0.955, 
0.0128, 0.0128, 0.0129, 0.0147, 0.0152, 0.0151, 0.0161, 0.0168, 
0.0166, 0.0169, 0.0176, 54.5, 57.4, 61.5, 64.7, 68.6, 70.3, 73.1, 
77.9, 82, 83.8, 88.1, 1, 1, 1, 1, 1, 1, 1, 1, 1, 1, 1, 1, 1, 
1, 1, 1, 1, 1, 1, 1, 1, 1, 1, 1, 1, 1, 1, 1, 1, 1, 1, 1, 1, 1, 
1, 1, 1, 1, 1, 1, 1, 1, 1, 1, 2.765, 2.756, 2.713, 2.825, 2.813, 
2.82, 2.901, 2.972, 2.819, 2.829, 2.853), .Dim = c(11L, 40L), .Dimnames = list(
    NULL, c("Sampling", "PSO.cost", "PSO.gamma", "PSO.data.balancing", 
    "PSO.feature.selection", "PSO.valid.acc", "PSO.test.acc", 
    "PSO.train.time", "PSO.n.support.vectors", "PSO.index", "PSO.n.solutions", 
    "PSO.generations", "PSO.n.evaluations", "PSO.cpu.time", "RS.cost", 
    "RS.gamma", "RS.data.balancing", "RS.feature.selection", 
    "RS.valid.acc", "RS.test.acc", "RS.train.time", "RS.n.support.vectors", 
    "RS.index", "RS.n.solutions", "RS.generations", "RS.n.evaluations", 
    "RS.cpu.time", "DF.cost", "DF.gamma", "DF.data.balancing", 
    "DF.feature.selection", "DF.valid.acc", "DF.test.acc", "DF.train.time", 
    "DF.n.support.vectors", "DF.index", "DF.n.solutions", "DF.generations", 
    "DF.n.evaluations", "DF.cpu.time")))
