full <-
structure(c(50, 55, 60, 65, 70, 75, 80, 85, 90, 95, 100, 1.23792, 
0.45301, 0.45709, 0.93625, 0.17382, 0.42399, 0.17103, -0.21127, 
0.47794, -0.21357, -0.25813, 0.80158, 2.35341, 2.44203, 1.22137, 
3, 1.75284, 2.30097, 2.50093, 2.62739, 2.58017, 3, 0, 0, 0, 0, 
0, 0, 0, 0, 0, 0, 0, 0, 0, 0, 0, 0, 0, 0, 0, 0, 0, 0, 0.91133, 
0.91762, 0.91538, 0.92178, 0.91686, 0.92104, 0.91439, 0.91836, 
0.91779, 0.91526, 0.91388, 0.90769, 0.91098, 0.91535, 0.91462, 
0.91556, 0.9186, 0.91205, 0.91398, 0.91574, 0.91428, 0.91296, 
0.0399, 0.1071, 0.1295, 0.0664, 0.2215, 0.1163, 0.1761, 0.218, 
0.2732, 0.28, 0.3975, 173.9, 372.9, 407.5, 243.4, 508.3, 359.6, 
477.5, 524.6, 572.9, 598.6, 680.7, 2485, 348, 497, 1482, 469, 
1224, 2180, 812, 972, 1085, 1135, 1, 488, 417, 46, 249, 121, 
2, 426, 183, 351, 81, 100, 100, 100, 100, 100, 100, 100, 100, 
100, 100, 100, 2500, 2500, 2500, 2500, 2500, 2500, 2500, 2500, 
2500, 2500, 2500, 9561.514, 8911.547, 9560.51500000001, 9055.04099999999, 
11968.84, 12017.472, 17435.694, 14131.75, 15111.296, 14041.278, 
19059.594, 0.92093, 0.35231, 0.74493, 0.06945, -0.04399, 1.03652, 
0.22445, -0.01477, 0.48972, -0.29799, 0.16094, 1.04785, 2.50208, 
1.78199, 1.58418, 2.70371, 1.91454, 2.09557, 2.04541, 2.45198, 
2.85181, 2.69909, 0, 0, 0, 0, 0, 0, 0, 0, 0, 0, 0, 0, 0, 0, 0, 
0, 0, 0, 0, 0, 0, 0, 0.91133, 0.91595, 0.91535, 0.9189, 0.91686, 
0.9186, 0.91439, 0.91619, 0.91677, 0.91429, 0.91295, 0.90769, 
0.91431, 0.91533, 0.91464, 0.91556, 0.91861, 0.91205, 0.91507, 
0.91572, 0.91332, 0.91203, 0.0437, 0.1176, 0.0877, 0.0811, 0.1926, 
0.131, 0.1615, 0.1653, 0.2472, 0.3384, 0.3369, 198.9, 384.8, 
322.8, 298.4, 481.2, 390.8, 440.5, 444, 545.3, 638.2, 636.1, 
1101, 1100, 1208, 1793, 537, 2496, 325, 847, 267, 931, 1173, 
2, 3, 1, 1, 3, 1, 1, 1, 3, 1, 1, 100, 100, 100, 100, 100, 100, 
100, 100, 100, 100, 100, 2500, 2500, 2500, 2500, 2500, 2500, 
2500, 2500, 2500, 2500, 2500, 10940.001, 11113.934, 12462.688, 
12816.538, 13653.602, 15254.085, 16212.913, 16991.98, 19544.919, 
21760.327, 24348.85, 1, 1, 1, 1, 1, 1, 1, 1, 1, 1, 1, 0.33333, 
0.33333, 0.33333, 0.33333, 0.33333, 0.33333, 0.33333, 0.33333, 
0.33333, 0.33333, 0.33333, 0, 0, 0, 0, 0, 0, 0, 0, 0, 0, 0, 0, 
0, 0, 0, 0, 0, 0, 0, 0, 0, 0, 0.90947, 0.90753, 0.90764, 0.91182, 
0.91422, 0.9112, 0.91208, 0.91397, 0.9137, 0.91235, 0.91204, 
0.90947, 0.90753, 0.90764, 0.91182, 0.91422, 0.9112, 0.91208, 
0.91397, 0.9137, 0.91235, 0.91204, 0.0354, 0.0395, 0.0468, 0.0521, 
0.0574, 0.0685, 0.0754, 0.0792, 0.0908, 0.1, 0.1166, 116, 123.7, 
135.8, 139.2, 147.6, 162.6, 174.7, 178, 191.4, 203.9, 219.6, 
1, 1, 1, 1, 1, 1, 1, 1, 1, 1, 1, 1, 1, 1, 1, 1, 1, 1, 1, 1, 1, 
1, 1, 1, 1, 1, 1, 1, 1, 1, 1, 1, 1, 1, 1, 1, 1, 1, 1, 1, 1, 1, 
1, 1, 2.794, 2.859, 2.973, 3.039, 3.096, 3.272, 3.318, 3.34, 
3.493, 3.519, 3.711), .Dim = c(11L, 40L), .Dimnames = list(NULL, 
    c("Sampling", "PSO.cost", "PSO.gamma", "PSO.data.balancing", 
    "PSO.feature.selection", "PSO.valid.acc", "PSO.test.acc", 
    "PSO.train.time", "PSO.n.support.vectors", "PSO.index", "PSO.n.solutions", 
    "PSO.generations", "PSO.n.evaluations", "PSO.cpu.time", "RS.cost", 
    "RS.gamma", "RS.data.balancing", "RS.feature.selection", 
    "RS.valid.acc", "RS.test.acc", "RS.train.time", "RS.n.support.vectors", 
    "RS.index", "RS.n.solutions", "RS.generations", "RS.n.evaluations", 
    "RS.cpu.time", "DF.cost", "DF.gamma", "DF.data.balancing", 
    "DF.feature.selection", "DF.valid.acc", "DF.test.acc", "DF.train.time", 
    "DF.n.support.vectors", "DF.index", "DF.n.solutions", "DF.generations", 
    "DF.n.evaluations", "DF.cpu.time")))
