full <-
structure(c(50, 55, 60, 65, 70, 75, 80, 85, 90, 95, 100, 0.58308, 
0.9767, -0.39451, 0.64236, -0.31721, 0.80446, 1.02678, -0.32972, 
-0.12529, -0.08933, 0.31295, 3, 1.61023, 1.79941, 2.51316, 2.04736, 
2.02153, 2.14484, 2.30107, 2.69587, 0.98179, 3, 0, 0, 0, 0, 0, 
0, 0, 0, 0, 0, 0, 0, 0, 0, 0, 0, 0, 0, 0, 0, 0, 0, 0.8982, 0.90605, 
0.90755, 0.90892, 0.90752, 0.90865, 0.91673, 0.91402, 0.91673, 
0.91232, 0.91478, 0.89642, 0.89938, 0.90293, 0.90606, 0.90487, 
0.9038, 0.90978, 0.91401, 0.9157, 0.90939, 0.91293, 0.0881, 0.0559, 
0.066, 0.1184, 0.0945, 0.1074, 0.128, 0.1428, 0.1929, 0.0765, 
0.282, 377.5, 305.7, 343.3, 444.1, 415.5, 433.6, 470.3, 511.4, 
586.8, 288.1, 681.3, 746, 751, 2427, 1686, 327, 1228, 587, 700, 
86, 545, 890, 406, 251, 2, 142, 559, 123, 487, 253, 988, 42, 
342, 100, 100, 100, 100, 100, 100, 100, 100, 100, 100, 100, 2500, 
2500, 2500, 2500, 2500, 2500, 2500, 2500, 2500, 2500, 2500, 7803.637, 
7458.525, 11980.139, 11670.378, 11813.125, 12019.762, 11701.98, 
14026.25, 13303.742, 19045.073, 13716.149, 0.78013, 0.87565, 
-0.19727, -0.05098, -0.44128, 0.87115, 0.99453, -0.24523, 0.40531, 
0.6947, -0.03839, 2.61156, 2.44541, 2.69121, 1.95815, 1.75441, 
1.83088, 2.12019, 1.35121, 1.78476, 2.50572, 1.66528, 0, 0, 0, 
0, 0, 0, 0, 0, 0, 0, 0, 0, 0, 0, 0, 0, 0, 0, 0, 0, 0, 0, 0.8982, 
0.90433, 0.90601, 0.9061, 0.90752, 0.90743, 0.91673, 0.91402, 
0.91571, 0.91329, 0.91477, 0.89645, 0.89755, 0.90293, 0.90467, 
0.90485, 0.90133, 0.90981, 0.91402, 0.91262, 0.90842, 0.91384, 
0.0795, 0.0856, 0.1054, 0.0842, 0.0817, 0.0963, 0.1264, 0.0828, 
0.1157, 0.1941, 0.1218, 357.8, 375.9, 423.3, 385.5, 377.9, 404.8, 
467.6, 335.5, 427, 583.7, 420.7, 829, 2054, 900, 1170, 478, 264, 
1538, 1043, 36, 1612, 95, 1, 4, 1, 1, 2, 2, 1, 2, 1, 1, 1, 100, 
100, 100, 100, 100, 100, 100, 100, 100, 100, 100, 2500, 2500, 
2500, 2500, 2500, 2500, 2500, 2500, 2500, 2500, 2500, 8926.878, 
9792.626, 11191.415, 14000.883, 15362.71, 15821.215, 17031.065, 
17815.997, 19730.182, 19513.65, 21815.221, 1, 1, 1, 1, 1, 1, 
1, 1, 1, 1, 1, 0.33333, 0.33333, 0.33333, 0.33333, 0.33333, 0.33333, 
0.33333, 0.33333, 0.33333, 0.33333, 0.33333, 0, 0, 0, 0, 0, 0, 
0, 0, 0, 0, 0, 0, 0, 0, 0, 0, 0, 0, 0, 0, 0, 0, 0.89268, 0.89916, 
0.90137, 0.90182, 0.9022, 0.90376, 0.90746, 0.91076, 0.91161, 
0.91231, 0.912, 0.89268, 0.89916, 0.90137, 0.90182, 0.9022, 0.90376, 
0.90746, 0.91076, 0.91161, 0.91231, 0.912, 0.0247, 0.0287, 0.0341, 
0.0374, 0.0431, 0.0461, 0.051, 0.0562, 0.0626, 0.0694, 0.0763, 
128.2, 136.8, 147.3, 155.6, 167.6, 172.5, 177.1, 184, 197.6, 
209.1, 220, 1, 1, 1, 1, 1, 1, 1, 1, 1, 1, 1, 1, 1, 1, 1, 1, 1, 
1, 1, 1, 1, 1, 1, 1, 1, 1, 1, 1, 1, 1, 1, 1, 1, 1, 1, 1, 1, 1, 
1, 1, 1, 1, 1, 1, 2.38, 2.376, 3.552, 3.53, 3.61, 3.667, 3.704, 
3.759, 3.81, 3.946, 3.966), .Dim = c(11L, 40L), .Dimnames = list(
    NULL, c("Sampling", "PSO.cost", "PSO.gamma", "PSO.data.balancing", 
    "PSO.feature.selection", "PSO.valid.acc", "PSO.test.acc", 
    "PSO.train.time", "PSO.n.support.vectors", "PSO.index", "PSO.n.solutions", 
    "PSO.generations", "PSO.n.evaluations", "PSO.cpu.time", "RS.cost", 
    "RS.gamma", "RS.data.balancing", "RS.feature.selection", 
    "RS.valid.acc", "RS.test.acc", "RS.train.time", "RS.n.support.vectors", 
    "RS.index", "RS.n.solutions", "RS.generations", "RS.n.evaluations", 
    "RS.cpu.time", "DF.cost", "DF.gamma", "DF.data.balancing", 
    "DF.feature.selection", "DF.valid.acc", "DF.test.acc", "DF.train.time", 
    "DF.n.support.vectors", "DF.index", "DF.n.solutions", "DF.generations", 
    "DF.n.evaluations", "DF.cpu.time")))
