full <-
structure(c(50, 55, 60, 65, 70, 75, 80, 85, 90, 95, 100, 1, 1, 
1, 1, 2.14477, 1, 15, 0.38604, 0.45406, -0.24666, 1, 0.33333, 
0.33333, 0.33333, 0.33333, -1.92814, 0.33333, -6.22631, 3, 3, 
2.6599, 0.33333, 0, 0, 0, 0, 0, 0, 0, 0, 0, 0, 0, 0, 0, 0, 0, 
0, 0, 0, 0, 0, 0, 0, 0.90574, 0.91089, 0.91365, 0.91186, 0.91283, 
0.91244, 0.90982, 0.91292, 0.91465, 0.91626, 0.91201, 0.90574, 
0.91089, 0.91365, 0.91186, 0.90885, 0.91244, 0.90516, 0.9096, 
0.91466, 0.91431, 0.91201, 0.0376, 0.0412, 0.0456, 0.0514, 0.0639, 
0.0673, 7.3412, 0.3415, 0.3725, 0.3068, 0.1175, 117.4, 121.2, 
125.8, 131.5, 136.7, 160.2, 159.7, 593.2, 623.7, 603.5, 217.4, 
1, 1, 1, 1, 3, 1, 487, 674, 333, 564, 1, 2078, 1954, 2016, 1961, 
131, 1793, 134, 105, 642, 324, 1893, 100, 100, 100, 100, 100, 
100, 100, 100, 100, 100, 100, 2500, 2500, 2500, 2500, 2500, 2500, 
2500, 2500, 2500, 2500, 2500, 7829.51, 8908.434, 8482.554, 9997.40399999999, 
10918.969, 13848.167, 61473.2, 18186.26, 13965.757, 14237.66, 
22966.119, 10.09069, -1.75696, 5.64004, 0.63913, 0.12514, 10.84636, 
4.04553, 0.46797, 0.46747, 0.55702, -0.29738, -9.11756, -13.1704, 
-8.1054, -3.57005, 2.82268, -6.32889, -3.08713, 2.71317, 2.28259, 
2.64284, 2.44468, 0, 0, 0, 0, 0, 0, 0, 0, 0, 0, 0, 0, 0, 0, 0, 
0, 0, 0, 0, 0, 0, 0, 0.90574, 0.91089, 0.91365, 0.91186, 0.91415, 
0.91244, 0.90979, 0.914, 0.91362, 0.91431, 0.91388, 0.90574, 
0.91089, 0.91365, 0.91186, 0.91283, 0.91244, 0.90864, 0.9118, 
0.91152, 0.91332, 0.9111, 0.2068, 0.0236, 0.0728, 0.0639, 0.2284, 
1.8907, 0.1429, 0.2913, 0.2302, 0.3207, 0.2851, 198.6, 76.7, 
202.9, 160.7, 494, 220.6, 181, 562.8, 519.8, 606.2, 592.4, 1, 
4, 1, 1, 1805, 1, 27, 1612, 270, 1599, 1770, 1538, 1526, 1492, 
1613, 1, 1521, 33, 2, 1, 1, 1, 100, 100, 100, 100, 100, 100, 
100, 100, 100, 100, 100, 2500, 2500, 2500, 2500, 2500, 2500, 
2500, 2500, 2500, 2500, 2500, 9692.928, 9658.025, 10556.872, 
11424.139, 12296.539, 15846.735, 17986.934, 17681.295, 20610.348, 
22805.55, 22756.218, 1, 1, 1, 1, 1, 1, 1, 1, 1, 1, 1, 0.33333, 
0.33333, 0.33333, 0.33333, 0.33333, 0.33333, 0.33333, 0.33333, 
0.33333, 0.33333, 0.33333, 0, 0, 0, 0, 0, 0, 0, 0, 0, 0, 0, 0, 
0, 0, 0, 0, 0, 0, 0, 0, 0, 0, 0.90574, 0.91089, 0.91365, 0.91186, 
0.91151, 0.91244, 0.90864, 0.90967, 0.91158, 0.91138, 0.91201, 
0.90574, 0.91089, 0.91365, 0.91186, 0.91151, 0.91244, 0.90864, 
0.90967, 0.91158, 0.91138, 0.91201, 0.036, 0.0409, 0.0456, 0.0515, 
0.0582, 0.0683, 0.0781, 0.0864, 0.0967, 0.1067, 0.1171, 117.4, 
121.2, 125.8, 131.5, 142.6, 160.2, 180.5, 189.1, 197.3, 210.7, 
217.4, 1, 1, 1, 1, 1, 1, 1, 1, 1, 1, 1, 1, 1, 1, 1, 1, 1, 1, 
1, 1, 1, 1, 1, 1, 1, 1, 1, 1, 1, 1, 1, 1, 1, 1, 1, 1, 1, 1, 1, 
1, 1, 1, 1, 1, 2.717, 2.869, 2.913, 2.974, 3.051, 3.212, 3.207, 
3.353, 3.489, 3.592, 3.669), .Dim = c(11L, 40L), .Dimnames = list(
    NULL, c("Sampling", "PSO.cost", "PSO.gamma", "PSO.data.balancing", 
    "PSO.feature.selection", "PSO.valid.acc", "PSO.test.acc", 
    "PSO.train.time", "PSO.n.support.vectors", "PSO.index", "PSO.n.solutions", 
    "PSO.generations", "PSO.n.evaluations", "PSO.cpu.time", "RS.cost", 
    "RS.gamma", "RS.data.balancing", "RS.feature.selection", 
    "RS.valid.acc", "RS.test.acc", "RS.train.time", "RS.n.support.vectors", 
    "RS.index", "RS.n.solutions", "RS.generations", "RS.n.evaluations", 
    "RS.cpu.time", "DF.cost", "DF.gamma", "DF.data.balancing", 
    "DF.feature.selection", "DF.valid.acc", "DF.test.acc", "DF.train.time", 
    "DF.n.support.vectors", "DF.index", "DF.n.solutions", "DF.generations", 
    "DF.n.evaluations", "DF.cpu.time")))
