full <-
structure(c(50, 55, 60, 65, 70, 75, 80, 85, 90, 95, 100, 0.43137, 
0.41169, -0.65192, -0.0062, -0.07161, 0.89361, 0.80797, 0.6354, 
-0.10438, 0.34184, 1, 2.807, 2.3091, -10.16238, 3, -0.71421, 
2.13365, 1.50156, 2.80273, 2.18409, 2.7031, 0.33333, 0, 0, 0, 
0, 0, 0, 0, 0, 0, 0, 0, 0, 0, 0, 0, 0, 0, 0, 0, 0, 0, 0, 0.90944, 
0.91593, 0.90601, 0.91041, 0.91413, 0.91738, 0.91334, 0.9162, 
0.91673, 0.91528, 0.91204, 0.90389, 0.91426, 0.90601, 0.91041, 
0.9128, 0.91494, 0.90993, 0.91509, 0.91571, 0.91236, 0.91204, 
0.1114, 0.1059, 0.027, 0.1896, 0.0529, 0.1576, 0.119, 0.2957, 
0.202, 0.321, 0.1141, 360.8, 358.5, 88.4, 467.9, 152.1, 437.6, 
353.6, 575.1, 495.6, 614, 221.5, 941, 913, 4, 130, 327, 1572, 
635, 989, 410, 1351, 1, 59, 261, 2017, 329, 278, 163, 418, 165, 
1116, 181, 1968, 100, 100, 100, 100, 100, 100, 100, 100, 100, 
100, 100, 2500, 2500, 2500, 2500, 2500, 2500, 2500, 2500, 2500, 
2500, 2500, 7918.197, 8372.785, 8725.511, 10172.202, 9458.27, 
10418.783, 10067.049, 11936.636, 11765.504, 13609.085, 22287.538, 
0.27655, 0.48985, -0.12793, -0.09616, 0.15486, 0.03429, 0.81954, 
0.69639, -0.1235, 0.76559, 13.57761, 1.97165, 2.75378, -7.20449, 
2.77118, 0.43867, 2.0104, 1.46363, 2.65681, 1.89988, 2.01604, 
-11.88473, 0, 0, 0, 0, 0, 0, 0, 0, 0, 0, 0, 0, 0, 0, 0, 0, 0, 
0, 0, 0, 0, 0, 0.90934, 0.91423, 0.90601, 0.91041, 0.91413, 0.91366, 
0.91334, 0.91511, 0.91673, 0.91332, 0.91204, 0.90574, 0.91257, 
0.90601, 0.91041, 0.91013, 0.91244, 0.90877, 0.9129, 0.9147, 
0.91138, 0.91204, 0.0775, 0.1331, 0.0432, 0.1676, 0.0578, 0.1376, 
0.1086, 0.2591, 0.154, 0.1884, 1.114, 311.9, 387, 160, 454.7, 
191.5, 419.6, 347.6, 560.7, 437.3, 478.7, 180.2, 609, 116, 1, 
1374, 622, 476, 118, 187, 1411, 578, 2, 1, 3, 1352, 1, 7, 4, 
1, 2, 5, 1, 1551, 100, 100, 100, 100, 100, 100, 100, 100, 100, 
100, 100, 2500, 2500, 2500, 2500, 2500, 2500, 2500, 2500, 2500, 
2500, 2500, 8168.351, 8757.44, 9666.13400000001, 11413.051, 12443.9, 
13277.516, 14865.992, 17021.342, 18892.465, 20010.825, 27795.23, 
1, 1, 1, 1, 1, 1, 1, 1, 1, 1, 1, 0.33333, 0.33333, 0.33333, 0.33333, 
0.33333, 0.33333, 0.33333, 0.33333, 0.33333, 0.33333, 0.33333, 
0, 0, 0, 0, 0, 0, 0, 0, 0, 0, 0, 0, 0, 0, 0, 0, 0, 0, 0, 0, 0, 
0, 0.90385, 0.90581, 0.90445, 0.91039, 0.9128, 0.91241, 0.90751, 
0.91184, 0.91264, 0.91233, 0.91204, 0.90385, 0.90748, 0.90601, 
0.91039, 0.9128, 0.91241, 0.90751, 0.91184, 0.91264, 0.91233, 
0.91204, 0.0293, 0.036, 0.0418, 0.0474, 0.0563, 0.0595, 0.0702, 
0.0822, 0.0877, 0.1045, 0.1124, 107.5, 119.7, 132.8, 139.2, 146.7, 
152, 177.2, 183.6, 197.2, 210.4, 221.5, 1, 1, 1, 1, 1, 1, 1, 
1, 1, 1, 1, 1, 1, 1, 1, 1, 1, 1, 1, 1, 1, 1, 1, 1, 1, 1, 1, 1, 
1, 1, 1, 1, 1, 1, 1, 1, 1, 1, 1, 1, 1, 1, 1, 1, 2.541, 2.667, 
2.774, 2.762, 2.999, 2.925, 3.01, 3.16, 3.178, 3.507, 4.277), .Dim = c(11L, 
40L), .Dimnames = list(NULL, c("Sampling", "PSO.cost", "PSO.gamma", 
"PSO.data.balancing", "PSO.feature.selection", "PSO.valid.acc", 
"PSO.test.acc", "PSO.train.time", "PSO.n.support.vectors", "PSO.index", 
"PSO.n.solutions", "PSO.generations", "PSO.n.evaluations", "PSO.cpu.time", 
"RS.cost", "RS.gamma", "RS.data.balancing", "RS.feature.selection", 
"RS.valid.acc", "RS.test.acc", "RS.train.time", "RS.n.support.vectors", 
"RS.index", "RS.n.solutions", "RS.generations", "RS.n.evaluations", 
"RS.cpu.time", "DF.cost", "DF.gamma", "DF.data.balancing", "DF.feature.selection", 
"DF.valid.acc", "DF.test.acc", "DF.train.time", "DF.n.support.vectors", 
"DF.index", "DF.n.solutions", "DF.generations", "DF.n.evaluations", 
"DF.cpu.time")))
