full <-
structure(c(50, 55, 60, 65, 70, 75, 80, 85, 90, 95, 100, 1.35388, 
0.88071, -0.17138, -0.09524, -0.00199, 0.62244, 0.13321, 1, -0.2183, 
0.21491, 0.12949, 3, 2.35646, 2.91352, 2.15747, 0.70278, -0.35357, 
2.06052, 0.33333, 3, 3, 2.38819, 0, 0, 0, 0, 0, 0, 0, 0, 0, 0, 
0, 0, 0, 0, 0, 0, 0, 0, 0, 0, 0, 0, 0.8944, 0.8958, 0.89826, 
0.90472, 0.9075, 0.9099, 0.91099, 0.91077, 0.90952, 0.91336, 
0.91569, 0.88514, 0.89077, 0.89826, 0.90052, 0.9075, 0.90743, 
0.90869, 0.91077, 0.90952, 0.90944, 0.91292, 0.1234, 0.1131, 
0.1568, 0.1151, 0.0611, 0.0579, 0.1379, 0.0776, 0.291, 0.3413, 
0.2431, 381.8, 374.5, 438.6, 409.5, 219.1, 171.4, 446.6, 192.3, 
630.6, 650.4, 579.7, 1378, 978, 103, 546, 606, 708, 1723, 1, 
1292, 2207, 1954, 45, 266, 658, 287, 87, 62, 40, 2091, 17, 1, 
23, 100, 100, 100, 100, 100, 100, 100, 100, 100, 100, 100, 2500, 
2500, 2500, 2500, 2500, 2500, 2500, 2500, 2500, 2500, 2500, 8415.781, 
8430.017, 9559.312, 8650.626, 9738.75799999999, 16057.42, 12492.033, 
14099.699, 14139.265, 17251.839, 16370.169, -0.53135, 0.10871, 
-0.10767, -0.09858, -0.26525, -0.25007, -0.29094, 1.26536, -0.25639, 
0.14772, 0.30934, 2.25675, -0.15117, 2.03135, 1.63701, 2.85068, 
2.99736, 2.06891, -5.21699, 2.96396, 1.31196, 2.10753, 0, 0, 
0, 0, 0, 0, 0, 0, 0, 0, 0, 0, 0, 0, 0, 0, 0, 0, 0, 0, 0, 0, 0.89262, 
0.89585, 0.89826, 0.90472, 0.90748, 0.90989, 0.90983, 0.91077, 
0.90952, 0.91332, 0.91385, 0.89262, 0.89243, 0.89518, 0.89913, 
0.90617, 0.90865, 0.90983, 0.91077, 0.90952, 0.91139, 0.91199, 
0.0825, 0.0439, 0.1027, 0.0891, 0.1934, 0.2138, 0.14, 0.1061, 
0.2975, 0.1108, 0.1985, 340.7, 168.1, 372.1, 342.9, 497.9, 537.7, 
442.3, 276, 624.9, 332, 520.2, 1258, 1655, 474, 546, 183, 2103, 
300, 2, 759, 1841, 270, 3, 2, 4, 1, 1, 1, 4, 1670, 1, 1, 1, 100, 
100, 100, 100, 100, 100, 100, 100, 100, 100, 100, 2500, 2500, 
2500, 2500, 2500, 2500, 2500, 2500, 2500, 2500, 2500, 9066.813, 
9982.342, 10763.658, 12312.277, 14346.083, 16915.708, 18517.471, 
19665.252, 20570.282, 21550.47, 23640.396, 1, 1, 1, 1, 1, 1, 
1, 1, 1, 1, 1, 0.33333, 0.33333, 0.33333, 0.33333, 0.33333, 0.33333, 
0.33333, 0.33333, 0.33333, 0.33333, 0.33333, 0, 0, 0, 0, 0, 0, 
0, 0, 0, 0, 0, 0, 0, 0, 0, 0, 0, 0, 0, 0, 0, 0, 0.89077, 0.89252, 
0.89672, 0.90052, 0.90617, 0.90867, 0.9075, 0.91077, 0.90951, 
0.91137, 0.91198, 0.89077, 0.89252, 0.89672, 0.90052, 0.90617, 
0.90867, 0.9075, 0.91077, 0.90951, 0.91137, 0.91198, 0.0334, 
0.0403, 0.0441, 0.0511, 0.0562, 0.0641, 0.0737, 0.0778, 0.0863, 
0.094, 0.1036, 124.4, 137.3, 144.4, 155.5, 159.3, 174.8, 186, 
192.3, 203.6, 203.8, 221.7, 1, 1, 1, 1, 1, 1, 1, 1, 1, 1, 1, 
1, 1, 1, 1, 1, 1, 1, 1, 1, 1, 1, 1, 1, 1, 1, 1, 1, 1, 1, 1, 1, 
1, 1, 1, 1, 1, 1, 1, 1, 1, 1, 1, 1, 2.659, 2.958, 2.817, 2.803, 
3.148, 2.927, 3.199, 3.269, 3.128, 3.395, 3.47), .Dim = c(11L, 
40L), .Dimnames = list(NULL, c("Sampling", "PSO.cost", "PSO.gamma", 
"PSO.data.balancing", "PSO.feature.selection", "PSO.valid.acc", 
"PSO.test.acc", "PSO.train.time", "PSO.n.support.vectors", "PSO.index", 
"PSO.n.solutions", "PSO.generations", "PSO.n.evaluations", "PSO.cpu.time", 
"RS.cost", "RS.gamma", "RS.data.balancing", "RS.feature.selection", 
"RS.valid.acc", "RS.test.acc", "RS.train.time", "RS.n.support.vectors", 
"RS.index", "RS.n.solutions", "RS.generations", "RS.n.evaluations", 
"RS.cpu.time", "DF.cost", "DF.gamma", "DF.data.balancing", "DF.feature.selection", 
"DF.valid.acc", "DF.test.acc", "DF.train.time", "DF.n.support.vectors", 
"DF.index", "DF.n.solutions", "DF.generations", "DF.n.evaluations", 
"DF.cpu.time")))
