full <-
structure(c(50, 55, 60, 65, 70, 75, 80, 85, 90, 95, 100, 1, 0.78429, 
0.08891, 3.52534, 1, 1, 11.67218, 0.59862, 12.41532, 0.58784, 
-0.0788, 0.33333, -0.46069, 0.16248, -2.06256, 0.33333, 0.33333, 
-5.68551, 2.99004, -6.0934, 3, 2.43584, 0, 0, 0, 0, 0, 0, 0, 
0, 0, 0, 0, 0, 0, 0, 0, 0, 0, 0, 0, 0, 0, 0, 0.9112, 0.91423, 
0.91373, 0.91466, 0.91543, 0.91369, 0.91224, 0.91624, 0.9126, 
0.91535, 0.9166, 0.9112, 0.90587, 0.90909, 0.90887, 0.91543, 
0.91369, 0.90989, 0.91731, 0.91159, 0.9144, 0.91195, 0.0338, 
0.0371, 0.0493, 0.0594, 0.055, 0.0648, 1.7306, 0.3297, 3.5821, 
0.3918, 0.295, 109.3, 135.3, 171.8, 130.4, 147, 159.3, 161, 601, 
177.7, 656.5, 586.4, 1, 211, 2410, 797, 1, 1, 279, 366, 30, 405, 
467, 1926, 198, 1, 25, 2027, 1934, 53, 296, 334, 334, 132, 100, 
100, 100, 100, 100, 100, 100, 100, 100, 100, 100, 2500, 2500, 
2500, 2500, 2500, 2500, 2500, 2500, 2500, 2500, 2500, 7521.552, 
9656.587, 10615.983, 9779.329, 10125.753, 14501.229, 27062.411, 
14446.447, 55220.212, 18441.682, 16274.186, 4.25097, 0.5562, 
14.93429, -1.26796, 11.79514, 4.32666, 8.54004, 0.32551, 6.59329, 
0.33714, -0.29151, -9.71228, -0.25378, -13.71809, -13.17878, 
-12.13706, -6.65137, -4.61305, 2.47832, -4.12846, 2.25357, 2.46645, 
0, 0, 0, 0, 0, 0, 0, 0, 0, 0, 0, 0, 0, 0, 0, 0, 0, 0, 0, 0, 0, 
0, 0.9112, 0.91423, 0.91222, 0.91462, 0.91543, 0.91369, 0.91339, 
0.91514, 0.9126, 0.91533, 0.91476, 0.9112, 0.90921, 0.91222, 
0.91462, 0.91543, 0.91369, 0.91105, 0.9151, 0.91159, 0.9163, 
0.91196, 0.0402, 0.0396, 0.2965, 0.0266, 0.343, 0.1238, 0.4369, 
0.2512, 0.3354, 0.2407, 0.2917, 157.4, 141, 104.8, 85.8, 191.5, 
246.2, 162.8, 538.2, 189.3, 532.5, 589.6, 1, 1137, 1, 2, 1, 1, 
1463, 628, 55, 142, 255, 1510, 2, 1530, 1542, 1525, 1555, 1, 
1, 28, 2, 4, 100, 100, 100, 100, 100, 100, 100, 100, 100, 100, 
100, 2500, 2500, 2500, 2500, 2500, 2500, 2500, 2500, 2500, 2500, 
2500, 8968.082, 10629.047, 10714.775, 11467.216, 11818.923, 13783.748, 
16019.802, 16811.589, 19070.495, 21985.464, 22319.626, 1, 1, 
1, 1, 1, 1, 1, 1, 1, 1, 1, 0.33333, 0.33333, 0.33333, 0.33333, 
0.33333, 0.33333, 0.33333, 0.33333, 0.33333, 0.33333, 0.33333, 
0, 0, 0, 0, 0, 0, 0, 0, 0, 0, 0, 0, 0, 0, 0, 0, 0, 0, 0, 0, 0, 
0, 0.9112, 0.91087, 0.91222, 0.91462, 0.91543, 0.91369, 0.9122, 
0.91405, 0.91159, 0.91236, 0.91198, 0.9112, 0.91087, 0.91222, 
0.91462, 0.91543, 0.91369, 0.9122, 0.91405, 0.91159, 0.91236, 
0.91198, 0.0331, 0.0402, 0.045, 0.0491, 0.0562, 0.0635, 0.0752, 
0.0803, 0.099, 0.1081, 0.1112, 109.3, 125.9, 131, 140.7, 147, 
159.3, 176.8, 178.6, 197.6, 207.4, 217.9, 1, 1, 1, 1, 1, 1, 1, 
1, 1, 1, 1, 1, 1, 1, 1, 1, 1, 1, 1, 1, 1, 1, 1, 1, 1, 1, 1, 1, 
1, 1, 1, 1, 1, 1, 1, 1, 1, 1, 1, 1, 1, 1, 1, 1, 2.626, 2.666, 
2.73, 2.666, 2.765, 2.769, 2.978, 3.086, 3.532, 3.573, 3.29), .Dim = c(11L, 
40L), .Dimnames = list(NULL, c("Sampling", "PSO.cost", "PSO.gamma", 
"PSO.data.balancing", "PSO.feature.selection", "PSO.valid.acc", 
"PSO.test.acc", "PSO.train.time", "PSO.n.support.vectors", "PSO.index", 
"PSO.n.solutions", "PSO.generations", "PSO.n.evaluations", "PSO.cpu.time", 
"RS.cost", "RS.gamma", "RS.data.balancing", "RS.feature.selection", 
"RS.valid.acc", "RS.test.acc", "RS.train.time", "RS.n.support.vectors", 
"RS.index", "RS.n.solutions", "RS.generations", "RS.n.evaluations", 
"RS.cpu.time", "DF.cost", "DF.gamma", "DF.data.balancing", "DF.feature.selection", 
"DF.valid.acc", "DF.test.acc", "DF.train.time", "DF.n.support.vectors", 
"DF.index", "DF.n.solutions", "DF.generations", "DF.n.evaluations", 
"DF.cpu.time")))
