full <-
structure(c(50, 55, 60, 65, 70, 75, 80, 85, 90, 95, 100, 3.10211, 
1, 15, 1, -0.07805, 0.02321, -0.01605, 0.81682, 0.49976, 0.18411, 
0.4033, -1.17592, 0.33333, -4.73364, 0.33333, 1.86067, 0.96382, 
2.17988, 0.73969, 1.78884, 1.85397, 2.67272, 0, 0, 0, 0, 0, 0, 
0, 0, 0, 0, 0, 0, 0, 0, 0, 0, 0, 0, 0, 0, 0, 0, 0.92234, 0.9109, 
0.91517, 0.91464, 0.91938, 0.9124, 0.91442, 0.91616, 0.91773, 
0.91626, 0.91665, 0.915, 0.9109, 0.90284, 0.91464, 0.91673, 0.91115, 
0.91327, 0.91073, 0.91361, 0.91333, 0.91198, 0.0319, 0.0377, 
1.673, 0.0463, 0.1014, 0.0698, 0.1543, 0.0811, 0.1415, 0.1651, 
0.2853, 104.4, 129.9, 125, 139.7, 359.6, 251.7, 457.8, 245.7, 
422.3, 447.1, 636.5, 510, 1, 2256, 1, 1319, 2348, 413, 811, 1505, 
800, 456, 141, 1950, 5, 2023, 257, 3, 650, 224, 147, 311, 444, 
100, 100, 100, 100, 100, 100, 100, 100, 100, 100, 100, 2500, 
2500, 2500, 2500, 2500, 2500, 2500, 2500, 2500, 2500, 2500, 6874.735, 
9072.086, 10661.133, 8674.814, 10247.376, 11513.843, 11151.4, 
9803.932, 13932.927, 13243.202, 13411.612, 3.28863, 3.28899, 
14.24064, 0.55412, -0.02704, -0.55173, 0.07059, 1.17864, 0.24974, 
0.19214, 0.23045, -1.14478, -8.91818, -4.7241, 2.15201, 2.55157, 
1.45638, 2.32057, 0.31673, 2.86828, 1.72619, 1.65847, 0, 0, 0, 
0, 0, 0, 0, 0, 0, 0, 0, 0, 0, 0, 0, 0, 0, 0, 0, 0, 0, 0, 0.92049, 
0.9109, 0.91363, 0.91607, 0.91935, 0.91241, 0.91442, 0.91295, 
0.9157, 0.91626, 0.91478, 0.9113, 0.9109, 0.90904, 0.91323, 0.91405, 
0.91118, 0.91327, 0.90862, 0.91365, 0.91333, 0.91106, 0.0321, 
0.0525, 1.0716, 0.1126, 0.15, 0.0861, 0.1617, 0.0726, 0.281, 
0.1428, 0.1566, 104.3, 219.1, 123.6, 393.9, 466, 308.9, 483.6, 
211, 610.3, 417.6, 410.4, 757, 2, 136, 531, 1784, 851, 2422, 
2033, 1774, 28, 1173, 7, 1533, 3, 1, 1, 1, 1, 1, 1, 2, 2, 100, 
100, 100, 100, 100, 100, 100, 100, 100, 100, 100, 2500, 2500, 
2500, 2500, 2500, 2500, 2500, 2500, 2500, 2500, 2500, 8297.862, 
9757.46, 10944.281, 11278.993, 12292.93, 13269.426, 14970.44, 
17795.248, 18287.199, 21681.357, 24108.785, 1, 1, 1, 1, 1, 1, 
1, 1, 1, 1, 1, 0.33333, 0.33333, 0.33333, 0.33333, 0.33333, 0.33333, 
0.33333, 0.33333, 0.33333, 0.33333, 0.33333, 0, 0, 0, 0, 0, 0, 
0, 0, 0, 0, 0, 0, 0, 0, 0, 0, 0, 0, 0, 0, 0, 0, 0.91315, 0.9109, 
0.90899, 0.91464, 0.9141, 0.90991, 0.90978, 0.90966, 0.91263, 
0.91333, 0.91199, 0.91315, 0.9109, 0.90899, 0.91464, 0.9141, 
0.91116, 0.90978, 0.90966, 0.91263, 0.91333, 0.91199, 0.0314, 
0.0404, 0.0479, 0.0459, 0.0528, 0.0626, 0.0656, 0.0765, 0.0857, 
0.0921, 0.1033, 113.6, 129.9, 136.9, 139.7, 151.7, 163.7, 171.8, 
186.6, 188.8, 205.9, 220, 1, 1, 1, 1, 1, 1, 1, 1, 1, 1, 1, 1, 
1, 1, 1, 1, 1, 1, 1, 1, 1, 1, 1, 1, 1, 1, 1, 1, 1, 1, 1, 1, 1, 
1, 1, 1, 1, 1, 1, 1, 1, 1, 1, 1, 2.567, 2.808, 3.045, 2.705, 
2.888, 3.243, 3.004, 3.111, 3.521, 3.206, 3.292), .Dim = c(11L, 
40L), .Dimnames = list(NULL, c("Sampling", "PSO.cost", "PSO.gamma", 
"PSO.data.balancing", "PSO.feature.selection", "PSO.valid.acc", 
"PSO.test.acc", "PSO.train.time", "PSO.n.support.vectors", "PSO.index", 
"PSO.n.solutions", "PSO.generations", "PSO.n.evaluations", "PSO.cpu.time", 
"RS.cost", "RS.gamma", "RS.data.balancing", "RS.feature.selection", 
"RS.valid.acc", "RS.test.acc", "RS.train.time", "RS.n.support.vectors", 
"RS.index", "RS.n.solutions", "RS.generations", "RS.n.evaluations", 
"RS.cpu.time", "DF.cost", "DF.gamma", "DF.data.balancing", "DF.feature.selection", 
"DF.valid.acc", "DF.test.acc", "DF.train.time", "DF.n.support.vectors", 
"DF.index", "DF.n.solutions", "DF.generations", "DF.n.evaluations", 
"DF.cpu.time")))
