full <-
structure(c(50, 55, 60, 65, 70, 75, 80, 85, 90, 95, 100, 1.53521, 
0.97721, 0.6176, 0.49955, 0.05429, -0.16864, 0.13732, 0.25206, 
-0.22576, 0.07895, -0.20875, 2.40812, 1.25416, 2.0396, 1.04398, 
2.16428, 2.36084, 3, 2.06166, 3, 3, 3, 0, 0, 0, 0, 0, 0, 0, 0, 
0, 0, 0, 0, 0, 0, 0, 0, 0, 0, 0, 0, 0, 0, 0.9112, 0.92787, 0.92444, 
0.92457, 0.91668, 0.91116, 0.91212, 0.91186, 0.91257, 0.91527, 
0.91386, 0.90194, 0.92623, 0.92444, 0.91753, 0.91539, 0.91118, 
0.90865, 0.91086, 0.9095, 0.91235, 0.91105, 0.1067, 0.0608, 0.1189, 
0.0744, 0.1663, 0.1888, 0.2784, 0.1639, 0.3225, 0.3496, 0.3661, 
347.6, 256.6, 367.3, 249, 423.1, 463.1, 555.1, 466.8, 620.5, 
651.6, 680.3, 526, 431, 505, 375, 1206, 249, 2459, 950, 676, 
451, 996, 420, 347, 845, 134, 113, 397, 1, 42, 73, 294, 137, 
100, 100, 100, 100, 100, 100, 100, 100, 100, 100, 100, 2500, 
2500, 2500, 2500, 2500, 2500, 2500, 2500, 2500, 2500, 2500, 7746.725, 
7358.828, 11435.11, 10884.697, 12010.05, 13635.221, 14604.034, 
13619.621, 17320.519, 14446.384, 18376.261, 1.20289, 0.92529, 
0.26255, 1.31984, -0.22729, -0.29138, 0.11522, -0.55262, 0.3403, 
0.04588, -0.11246, 2.4779, 1.56796, 2.26516, 1.26405, 1.79112, 
2.19538, 2.7529, 2.95877, -6.73992, 2.86177, 1.99216, 0, 0, 0, 
0, 0, 0, 0, 0, 0, 0, 0, 0, 0, 0, 0, 0, 0, 0, 0, 0, 0, 0, 0.9112, 
0.92281, 0.92444, 0.92453, 0.91667, 0.91116, 0.91212, 0.90975, 
0.91053, 0.91527, 0.91292, 0.90561, 0.92109, 0.92288, 0.91892, 
0.91405, 0.90993, 0.91098, 0.90868, 0.91053, 0.91526, 0.91197, 
0.103, 0.0771, 0.1374, 0.0832, 0.1277, 0.1667, 0.2357, 0.2799, 
0.0773, 0.3434, 0.1881, 352.3, 295.6, 388.9, 274.6, 373.5, 439.4, 
535.1, 589.2, 235.7, 631.2, 485.7, 1550, 912, 549, 1074, 920, 
70, 1123, 450, 1, 29, 334, 2, 2, 1, 3, 2, 3, 2, 3, 1648, 1, 3, 
100, 100, 100, 100, 100, 100, 100, 100, 100, 100, 100, 2500, 
2500, 2500, 2500, 2500, 2500, 2500, 2500, 2500, 2500, 2500, 8305.001, 
10446.337, 12238.548, 12566.713, 13700.755, 16539.118, 14657.579, 
18615.335, 20746.497, 21866.46, 24099.103, 1, 1, 1, 1, 1, 1, 
1, 1, 1, 1, 1, 0.33333, 0.33333, 0.33333, 0.33333, 0.33333, 0.33333, 
0.33333, 0.33333, 0.33333, 0.33333, 0.33333, 0, 0, 0, 0, 0, 0, 
0, 0, 0, 0, 0, 0, 0, 0, 0, 0, 0, 0, 0, 0, 0, 0, 0.90753, 0.90931, 
0.91057, 0.91751, 0.91405, 0.90871, 0.90635, 0.9076, 0.91053, 
0.91233, 0.91199, 0.90753, 0.90931, 0.91057, 0.91751, 0.91405, 
0.90871, 0.90749, 0.90868, 0.91053, 0.91233, 0.91199, 0.03, 0.0369, 
0.0441, 0.0462, 0.0551, 0.0656, 0.0714, 0.0812, 0.0876, 0.0998, 
0.1106, 105.1, 114, 123.6, 122.8, 134.9, 157.5, 166.7, 184.1, 
189.3, 205.7, 220.6, 1, 1, 1, 1, 1, 1, 1, 1, 1, 1, 1, 1, 1, 1, 
1, 1, 1, 1, 1, 1, 1, 1, 1, 1, 1, 1, 1, 1, 1, 1, 1, 1, 1, 1, 1, 
1, 1, 1, 1, 1, 1, 1, 1, 1, 2.613, 3.623, 3.716, 3.751, 3.868, 
3.887, 3.122, 3.184, 3.242, 3.414, 3.525), .Dim = c(11L, 40L), .Dimnames = list(
    NULL, c("Sampling", "PSO.cost", "PSO.gamma", "PSO.data.balancing", 
    "PSO.feature.selection", "PSO.valid.acc", "PSO.test.acc", 
    "PSO.train.time", "PSO.n.support.vectors", "PSO.index", "PSO.n.solutions", 
    "PSO.generations", "PSO.n.evaluations", "PSO.cpu.time", "RS.cost", 
    "RS.gamma", "RS.data.balancing", "RS.feature.selection", 
    "RS.valid.acc", "RS.test.acc", "RS.train.time", "RS.n.support.vectors", 
    "RS.index", "RS.n.solutions", "RS.generations", "RS.n.evaluations", 
    "RS.cpu.time", "DF.cost", "DF.gamma", "DF.data.balancing", 
    "DF.feature.selection", "DF.valid.acc", "DF.test.acc", "DF.train.time", 
    "DF.n.support.vectors", "DF.index", "DF.n.solutions", "DF.generations", 
    "DF.n.evaluations", "DF.cpu.time")))
