full <-
structure(c(50, 55, 60, 65, 70, 75, 80, 85, 90, 95, 100, 0.68893, 
0.02126, 0.1729, 0.31797, -0.30332, 14.60649, 0.56494, 0.39053, 
-0.24819, 5.83406, 0.18948, 2.47947, 2.45218, 1.94198, 1.7929, 
2.55044, -7.01716, 2.79697, 3, 3, -2.86396, 2.65162, 0, 0, 0, 
0, 0, 0, 0, 0, 0, 0, 0, 0, 0, 0, 0, 0, 0, 0, 0, 0, 0, 0, 0.91666, 
0.91254, 0.91223, 0.91746, 0.91813, 0.91738, 0.92487, 0.91731, 
0.91263, 0.91434, 0.91386, 0.90925, 0.91085, 0.91067, 0.9174, 
0.91546, 0.91493, 0.91908, 0.91735, 0.9116, 0.90847, 0.9157, 
0.1117, 0.1218, 0.0834, 0.0908, 0.1674, 3.479, 0.2619, 0.3012, 
0.327, 0.1772, 0.335, 349.7, 376.5, 337.8, 333.7, 467.7, 140.9, 
548.3, 596.6, 620.4, 187.3, 629.2, 1598, 698, 450, 918, 256, 
89, 394, 162, 1007, 2250, 773, 16, 177, 461, 148, 427, 157, 506, 
83, 209, 1, 184, 100, 100, 100, 100, 100, 100, 100, 100, 100, 
100, 100, 2500, 2500, 2500, 2500, 2500, 2500, 2500, 2500, 2500, 
2500, 2500, 7663.838, 9084.057, 9267.749, 17235.793, 9401.95, 
22885.531, 13631.178, 27212.347, 11942.595, 34844.162, 18531.683, 
0.75255, 0.79471, 0.41848, -0.09692, -0.27112, -0.316, 0.40233, 
0.1837, -0.23028, -0.09926, 0.32445, 2.34051, 2.68434, 1.59582, 
1.83541, 2.62021, 2.72572, 2.69592, 2.50547, 2.97717, 2.75543, 
2.69867, 0, 0, 0, 0, 0, 0, 0, 0, 0, 0, 0, 0, 0, 0, 0, 0, 0, 0, 
0, 0, 0, 0, 0.91477, 0.91421, 0.9107, 0.91746, 0.91813, 0.91858, 
0.9237, 0.9195, 0.91263, 0.91432, 0.91386, 0.90925, 0.91254, 
0.90913, 0.91601, 0.91546, 0.91615, 0.92141, 0.92171, 0.9116, 
0.91336, 0.9157, 0.1027, 0.1381, 0.0812, 0.0931, 0.1744, 0.2151, 
0.225, 0.2033, 0.3147, 0.3329, 0.3571, 338.7, 395.2, 291.3, 340, 
477.4, 513.9, 539.5, 525, 619.1, 617.2, 637.5, 1383, 2286, 576, 
61, 1331, 403, 826, 353, 347, 1452, 2192, 2, 1, 1, 2, 1, 2, 2, 
2, 2, 1, 1, 100, 100, 100, 100, 100, 100, 100, 100, 100, 100, 
100, 2500, 2500, 2500, 2500, 2500, 2500, 2500, 2500, 2500, 2500, 
2500, 8156.072, 8743.598, 12876.214, 11162.985, 11877.804, 13667.044, 
15024.388, 16891.984, 17044.63, 21545.45, 25498.915, 1, 1, 1, 
1, 1, 1, 1, 1, 1, 1, 1, 0.33333, 0.33333, 0.33333, 0.33333, 0.33333, 
0.33333, 0.33333, 0.33333, 0.33333, 0.33333, 0.33333, 0, 0, 0, 
0, 0, 0, 0, 0, 0, 0, 0, 0, 0, 0, 0, 0, 0, 0, 0, 0, 0, 0, 0.90558, 
0.90915, 0.90762, 0.91178, 0.91415, 0.91613, 0.91789, 0.9162, 
0.91057, 0.91236, 0.91199, 0.90558, 0.90915, 0.90762, 0.91178, 
0.91415, 0.91613, 0.91789, 0.9162, 0.91057, 0.91236, 0.91199, 
0.0324, 0.0366, 0.05, 0.0534, 0.0546, 0.0611, 0.0718, 0.0745, 
0.0892, 0.0964, 0.1192, 114.8, 125.6, 139.9, 148.9, 154.6, 163.2, 
169.6, 179.3, 200.7, 202.7, 220.9, 1, 1, 1, 1, 1, 1, 1, 1, 1, 
1, 1, 1, 1, 1, 1, 1, 1, 1, 1, 1, 1, 1, 1, 1, 1, 1, 1, 1, 1, 1, 
1, 1, 1, 1, 1, 1, 1, 1, 1, 1, 1, 1, 1, 1, 2.598, 2.538, 3.731, 
2.781, 2.756, 2.678, 3.009, 2.896, 3.061, 3.167, 4.45), .Dim = c(11L, 
40L), .Dimnames = list(NULL, c("Sampling", "PSO.cost", "PSO.gamma", 
"PSO.data.balancing", "PSO.feature.selection", "PSO.valid.acc", 
"PSO.test.acc", "PSO.train.time", "PSO.n.support.vectors", "PSO.index", 
"PSO.n.solutions", "PSO.generations", "PSO.n.evaluations", "PSO.cpu.time", 
"RS.cost", "RS.gamma", "RS.data.balancing", "RS.feature.selection", 
"RS.valid.acc", "RS.test.acc", "RS.train.time", "RS.n.support.vectors", 
"RS.index", "RS.n.solutions", "RS.generations", "RS.n.evaluations", 
"RS.cpu.time", "DF.cost", "DF.gamma", "DF.data.balancing", "DF.feature.selection", 
"DF.valid.acc", "DF.test.acc", "DF.train.time", "DF.n.support.vectors", 
"DF.index", "DF.n.solutions", "DF.generations", "DF.n.evaluations", 
"DF.cpu.time")))
