full <-
structure(c(50, 55, 60, 65, 70, 75, 80, 85, 90, 95, 100, 10.49795, 
9.27961, 0.00306, 1, 0.16433, -0.18297, 0.71527, 15, 0.29121, 
-0.14344, -0.33805, -6.39866, -5.4269, 2.04581, 0.33333, 1.53173, 
1.86649, 1.79023, -6.33892, 1.38932, 2.61069, 2.53458, 0, 0, 
0, 0, 0, 0, 0, 0, 0, 0, 0, 0, 0, 0, 0, 0, 0, 0, 0, 0, 0, 0, 0.92417, 
0.92265, 0.92139, 0.91466, 0.92206, 0.9186, 0.92135, 0.91521, 
0.91675, 0.91925, 0.91293, 0.92231, 0.91932, 0.92139, 0.91466, 
0.91941, 0.91613, 0.91786, 0.91412, 0.91367, 0.9173, 0.91107, 
0.4644, 0.3167, 0.0998, 0.0552, 0.0878, 0.1169, 0.1326, 5.2565, 
0.121, 0.3038, 0.2788, 136.4, 119.9, 351.8, 148, 295.1, 366.5, 
369.7, 156.4, 323.6, 598.2, 602.8, 35, 132, 13, 1, 2294, 110, 
868, 104, 368, 837, 2442, 409, 483, 468, 2020, 3, 105, 55, 12, 
496, 236, 1, 100, 100, 100, 100, 100, 100, 100, 100, 100, 100, 
100, 2500, 2500, 2500, 2500, 2500, 2500, 2500, 2500, 2500, 2500, 
2500, 26105.604, 19921.661, 11101.909, 15342.907, 15736.174, 
16376.049, 15104.802, 25420.755, 15259.454, 15967.775, 18842.341, 
12.23523, 0.4255, -0.13273, 0.94676, -0.23458, 10.87815, -0.15237, 
14.15947, -0.04352, -0.16716, -0.62946, -7.2907, 2.5609, 0.47892, 
-0.41106, 2.43589, -5.72052, 2.99476, -8.8233, 2.36578, 2.77986, 
2.90989, 0, 0, 0, 0, 0, 0, 0, 0, 0, 0, 0, 0, 0, 0, 0, 0, 0, 0, 
0, 0, 0, 0, 0.92417, 0.92607, 0.92139, 0.91609, 0.92075, 0.91737, 
0.91908, 0.9152, 0.91675, 0.91829, 0.91292, 0.92231, 0.9244, 
0.91982, 0.91325, 0.91811, 0.91737, 0.91908, 0.9152, 0.91572, 
0.9173, 0.912, 0.9738, 0.1269, 0.0457, 0.0512, 0.1525, 1.3829, 
0.2886, 3.104, 0.2405, 0.333, 0.3588, 118.5, 380.1, 157, 147.6, 
441, 173.7, 566.2, 155.5, 532.3, 623.6, 666.3, 14, 1053, 425, 
1591, 442, 3, 1480, 3, 261, 1704, 698, 23, 1, 6, 1, 4, 1623, 
2, 1653, 3, 1, 4, 100, 100, 100, 100, 100, 100, 100, 100, 100, 
100, 100, 2500, 2500, 2500, 2500, 2500, 2500, 2500, 2500, 2500, 
2500, 2500, 12208.213, 12665.849, 13676.957, 16379.715, 16274.443, 
17373.429, 16127.03, 16936.516, 18789.382, 19527.041, 22895.99, 
1, 1, 1, 1, 1, 1, 1, 1, 1, 1, 1, 0.33333, 0.33333, 0.33333, 0.33333, 
0.33333, 0.33333, 0.33333, 0.33333, 0.33333, 0.33333, 0.33333, 
0, 0, 0, 0, 0, 0, 0, 0, 0, 0, 0, 0, 0, 0, 0, 0, 0, 0, 0, 0, 0, 
0, 0.92231, 0.92098, 0.91982, 0.91466, 0.91941, 0.91737, 0.91675, 
0.9152, 0.91367, 0.91533, 0.912, 0.92231, 0.92098, 0.91982, 0.91466, 
0.91941, 0.91737, 0.91675, 0.9152, 0.91367, 0.91533, 0.912, 0.0341, 
0.0382, 0.0429, 0.055, 0.0585, 0.0674, 0.074, 0.0815, 0.0868, 
0.1028, 0.1169, 109.8, 116.4, 124.8, 148, 148, 160.1, 169.1, 
179.2, 182.8, 202.3, 218, 1, 1, 1, 1, 1, 1, 1, 1, 1, 1, 1, 1, 
1, 1, 1, 1, 1, 1, 1, 1, 1, 1, 1, 1, 1, 1, 1, 1, 1, 1, 1, 1, 1, 
1, 1, 1, 1, 1, 1, 1, 1, 1, 1, 1, 3.85, 3.802, 3.809, 3.882, 3.92, 
4.087, 3.331, 3.508, 3.523, 3.747, 3.72), .Dim = c(11L, 40L), .Dimnames = list(
    NULL, c("Sampling", "PSO.cost", "PSO.gamma", "PSO.data.balancing", 
    "PSO.feature.selection", "PSO.valid.acc", "PSO.test.acc", 
    "PSO.train.time", "PSO.n.support.vectors", "PSO.index", "PSO.n.solutions", 
    "PSO.generations", "PSO.n.evaluations", "PSO.cpu.time", "RS.cost", 
    "RS.gamma", "RS.data.balancing", "RS.feature.selection", 
    "RS.valid.acc", "RS.test.acc", "RS.train.time", "RS.n.support.vectors", 
    "RS.index", "RS.n.solutions", "RS.generations", "RS.n.evaluations", 
    "RS.cpu.time", "DF.cost", "DF.gamma", "DF.data.balancing", 
    "DF.feature.selection", "DF.valid.acc", "DF.test.acc", "DF.train.time", 
    "DF.n.support.vectors", "DF.index", "DF.n.solutions", "DF.generations", 
    "DF.n.evaluations", "DF.cpu.time")))
