full <-
structure(c(50, 55, 60, 65, 70, 75, 80, 85, 90, 95, 100, 1, 11.99919, 
0.94371, 0.89675, 0.76849, 0.64856, 10.97038, 0.61594, 1.54395, 
0.18576, 0.26345, 0.33333, -3.04882, 1.14139, 1.05686, 2.02653, 
2.35193, -4.85327, 2.03347, -1.36148, 2.34542, 2.50357, 0, 0, 
0, 0, 0, 0, 0, 0, 0, 0, 0, 0, 0, 0, 0, 0, 0, 0, 0, 0, 0, 0, 0.91126, 
0.90459, 0.91688, 0.91599, 0.91543, 0.91117, 0.90407, 0.90754, 
0.90854, 0.91527, 0.91665, 0.91126, 0.89814, 0.91541, 0.90896, 
0.91404, 0.9075, 0.89947, 0.90538, 0.90541, 0.91235, 0.91479, 
0.034, 0.212, 0.0697, 0.0746, 0.1438, 0.186, 0.6663, 0.1755, 
0.0937, 0.2551, 0.2929, 109.8, 120.2, 246, 247.8, 405.5, 469.5, 
169.5, 460.4, 193.4, 551.1, 602.1, 1, 1645, 1817, 460, 575, 853, 
378, 2262, 605, 1990, 972, 1931, 2, 2, 438, 633, 143, 163, 6, 
215, 18, 243, 100, 100, 100, 100, 100, 100, 100, 100, 100, 100, 
100, 2500, 2500, 2500, 2500, 2500, 2500, 2500, 2500, 2500, 2500, 
2500, 7929.576, 9458.828, 9979, 11095.36, 12247.594, 13065.083, 
31255.816, 15285.535, 13449.137, 19254.068, 19545.166, 1.94796, 
1.55659, 1.00904, 0.87042, 0.62454, 0.75898, 11.14617, 0.75149, 
0.16353, -0.05738, -0.26918, -10.28095, 1.15815, 1.06079, 1.22185, 
2.19486, 2.19611, -5.17048, 2.17872, -0.56095, 2.41819, 2.09059, 
0, 0, 0, 0, 0, 0, 0, 0, 0, 0, 0, 0, 0, 0, 0, 0, 0, 0, 0, 0, 0, 
0, 0.91126, 0.9029, 0.9138, 0.91317, 0.91543, 0.90995, 0.90404, 
0.90648, 0.90852, 0.91332, 0.91482, 0.91126, 0.89467, 0.91541, 
0.90896, 0.91404, 0.90628, 0.89829, 0.90645, 0.90539, 0.91042, 
0.9148, 0.0311, 0.0523, 0.0661, 0.0851, 0.1593, 0.1705, 0.898, 
0.1948, 0.0859, 0.2567, 0.2115, 121.9, 215, 231.2, 270.6, 424.8, 
445.2, 170.1, 485.8, 204.2, 567.2, 509.1, 1, 128, 295, 590, 113, 
357, 2049, 618, 650, 473, 479, 1531, 3, 1, 1, 2, 1, 1, 1, 1, 
4, 2, 100, 100, 100, 100, 100, 100, 100, 100, 100, 100, 100, 
2500, 2500, 2500, 2500, 2500, 2500, 2500, 2500, 2500, 2500, 2500, 
8899.576, 10305.82, 13014.981, 14581.93, 15631.193, 17509.286, 
17283.471, 17896.459, 19650.77, 22343.651, 23779.037, 1, 1, 1, 
1, 1, 1, 1, 1, 1, 1, 1, 0.33333, 0.33333, 0.33333, 0.33333, 0.33333, 
0.33333, 0.33333, 0.33333, 0.33333, 0.33333, 0.33333, 0, 0, 0, 
0, 0, 0, 0, 0, 0, 0, 0, 0, 0, 0, 0, 0, 0, 0, 0, 0, 0, 0, 0.91126, 
0.90097, 0.90289, 0.9018, 0.90622, 0.90258, 0.90173, 0.90534, 
0.90747, 0.91039, 0.91202, 0.91126, 0.90097, 0.90289, 0.9018, 
0.90622, 0.90258, 0.90173, 0.90534, 0.90747, 0.91039, 0.91202, 
0.0335, 0.039, 0.0485, 0.0543, 0.0632, 0.0698, 0.0783, 0.0847, 
0.0921, 0.1022, 0.108, 109.8, 125.3, 135.2, 150.3, 153.1, 174.7, 
186.5, 193.4, 203.4, 210.6, 219.4, 1, 1, 1, 1, 1, 1, 1, 1, 1, 
1, 1, 1, 1, 1, 1, 1, 1, 1, 1, 1, 1, 1, 1, 1, 1, 1, 1, 1, 1, 1, 
1, 1, 1, 1, 1, 1, 1, 1, 1, 1, 1, 1, 1, 1, 2.726, 2.79, 3.776, 
3.7, 4.008, 3.225, 3.246, 3.299, 3.354, 3.442, 3.376), .Dim = c(11L, 
40L), .Dimnames = list(NULL, c("Sampling", "PSO.cost", "PSO.gamma", 
"PSO.data.balancing", "PSO.feature.selection", "PSO.valid.acc", 
"PSO.test.acc", "PSO.train.time", "PSO.n.support.vectors", "PSO.index", 
"PSO.n.solutions", "PSO.generations", "PSO.n.evaluations", "PSO.cpu.time", 
"RS.cost", "RS.gamma", "RS.data.balancing", "RS.feature.selection", 
"RS.valid.acc", "RS.test.acc", "RS.train.time", "RS.n.support.vectors", 
"RS.index", "RS.n.solutions", "RS.generations", "RS.n.evaluations", 
"RS.cpu.time", "DF.cost", "DF.gamma", "DF.data.balancing", "DF.feature.selection", 
"DF.valid.acc", "DF.test.acc", "DF.train.time", "DF.n.support.vectors", 
"DF.index", "DF.n.solutions", "DF.generations", "DF.n.evaluations", 
"DF.cpu.time")))
