full <-
structure(c(50, 55, 60, 65, 70, 75, 80, 85, 90, 95, 100, 0.08634, 
0.5144, 0.18878, 0.74401, 0.56876, 0.57869, 0.10937, 0.22138, 
0.59581, -0.06158, 0.12217, 3, 2.94149, 3, 3, 2.98816, 2.95423, 
3, 1.32525, 3, 2.83699, 2.56881, 0, 0, 0, 0, 0, 0, 0, 0, 0, 0, 
0, 0, 0, 0, 0, 0, 0, 0, 0, 0, 0, 0, 0.92614, 0.92935, 0.92444, 
0.92452, 0.91943, 0.91741, 0.91215, 0.91407, 0.91364, 0.91329, 
0.91573, 0.92432, 0.92766, 0.92292, 0.92452, 0.91543, 0.91244, 
0.911, 0.90973, 0.91466, 0.91134, 0.91482, 0.1037, 0.1236, 0.1416, 
0.1887, 0.2091, 0.2378, 0.2633, 0.0997, 0.3174, 0.2879, 0.2549, 
379.3, 407.1, 445.4, 478.9, 510.7, 540.9, 570.4, 325.9, 636.1, 
631.4, 611.7, 373, 904, 383, 1423, 845, 2321, 1520, 2254, 291, 
743, 1064, 385, 127, 668, 161, 346, 4, 28, 13, 404, 487, 127, 
100, 100, 100, 100, 100, 100, 100, 100, 100, 100, 100, 2500, 
2500, 2500, 2500, 2500, 2500, 2500, 2500, 2500, 2500, 2500, 7778.242, 
9280.963, 8659.476, 10116.286, 10621.14, 12027.851, 10238.521, 
9441.57399999999, 12126.375, 11478.547, 19640.556, 0.21509, 0.6548, 
0.40643, 0.06083, 0.55157, -0.00551, -0.14485, -0.39168, 0.58527, 
-0.13899, 0.65681, 2.58848, 2.75933, 2.65725, 2.55147, 2.44194, 
2.42536, 2.88026, 0.39074, 2.90996, 2.72944, 1.96715, 0, 0, 0, 
0, 0, 0, 0, 0, 0, 0, 0, 0, 0, 0, 0, 0, 0, 0, 0, 0, 0, 0, 0.92614, 
0.92596, 0.92436, 0.92309, 0.91811, 0.91494, 0.91215, 0.91296, 
0.91364, 0.91329, 0.91483, 0.9224, 0.92427, 0.92285, 0.92168, 
0.9128, 0.91735, 0.91215, 0.91188, 0.91466, 0.91134, 0.91018, 
0.0864, 0.1126, 0.1266, 0.1461, 0.1619, 0.1656, 0.2362, 0.0721, 
0.3027, 0.2685, 0.186, 353.9, 397.6, 420.2, 437.3, 458.8, 482.4, 
557.6, 216.6, 627.3, 613.8, 480.2, 689, 1937, 1559, 295, 931, 
1146, 65, 34, 1594, 917, 910, 2, 1, 1, 3, 1, 2, 1, 5, 1, 2, 1, 
100, 100, 100, 100, 100, 100, 100, 100, 100, 100, 100, 2500, 
2500, 2500, 2500, 2500, 2500, 2500, 2500, 2500, 2500, 2500, 8106.234, 
9424.318, 9875.022, 10722.429, 11912.759, 13002.434, 14119.354, 
16131.203, 19432.232, 21397.019, 24671.654, 1, 1, 1, 1, 1, 1, 
1, 1, 1, 1, 1, 0.33333, 0.33333, 0.33333, 0.33333, 0.33333, 0.33333, 
0.33333, 0.33333, 0.33333, 0.33333, 0.33333, 0, 0, 0, 0, 0, 0, 
0, 0, 0, 0, 0, 0, 0, 0, 0, 0, 0, 0, 0, 0, 0, 0, 0.92244, 0.9209, 
0.92138, 0.92032, 0.91546, 0.91369, 0.91097, 0.91188, 0.91059, 
0.91133, 0.912, 0.92244, 0.9209, 0.92138, 0.92032, 0.91546, 0.91369, 
0.91097, 0.91188, 0.91059, 0.91133, 0.912, 0.0294, 0.0326, 0.0378, 
0.0421, 0.0512, 0.0589, 0.0676, 0.0719, 0.0838, 0.0934, 0.1081, 
100.7, 111.5, 123.1, 128.6, 144, 163, 172.9, 180, 205.6, 213.3, 
224.9, 1, 1, 1, 1, 1, 1, 1, 1, 1, 1, 1, 1, 1, 1, 1, 1, 1, 1, 
1, 1, 1, 1, 1, 1, 1, 1, 1, 1, 1, 1, 1, 1, 1, 1, 1, 1, 1, 1, 1, 
1, 1, 1, 1, 1, 2.742, 2.538, 2.803, 2.72, 2.828, 2.828, 3.053, 
3.094, 3.011, 3.291, 3.646), .Dim = c(11L, 40L), .Dimnames = list(
    NULL, c("Sampling", "PSO.cost", "PSO.gamma", "PSO.data.balancing", 
    "PSO.feature.selection", "PSO.valid.acc", "PSO.test.acc", 
    "PSO.train.time", "PSO.n.support.vectors", "PSO.index", "PSO.n.solutions", 
    "PSO.generations", "PSO.n.evaluations", "PSO.cpu.time", "RS.cost", 
    "RS.gamma", "RS.data.balancing", "RS.feature.selection", 
    "RS.valid.acc", "RS.test.acc", "RS.train.time", "RS.n.support.vectors", 
    "RS.index", "RS.n.solutions", "RS.generations", "RS.n.evaluations", 
    "RS.cpu.time", "DF.cost", "DF.gamma", "DF.data.balancing", 
    "DF.feature.selection", "DF.valid.acc", "DF.test.acc", "DF.train.time", 
    "DF.n.support.vectors", "DF.index", "DF.n.solutions", "DF.generations", 
    "DF.n.evaluations", "DF.cpu.time")))
