full <-
structure(c(50, 55, 60, 65, 70, 75, 80, 85, 90, 95, 100, 0.62916, 
0.64526, 0.69849, 0.68519, 0.67816, 0.16104, 0.85367, 3.9759, 
-0.09374, 0.53803, 0.04387, 3, 3, 3, 0.33168, 0.77627, 3, 3, 
-2.05391, 2.97078, 1.88295, 2.75219, 0, 0, 0, 0, 0, 0, 0, 0, 
0, 0, 0, 0, 0, 0, 0, 0, 0, 0, 0, 0, 0, 0, 0.9076, 0.90937, 0.90907, 
0.909, 0.91026, 0.91249, 0.91332, 0.9151, 0.91784, 0.91731, 0.91383, 
0.90581, 0.90931, 0.90448, 0.90328, 0.90499, 0.91249, 0.90869, 
0.91075, 0.91579, 0.91141, 0.91568, 0.136, 0.1532, 0.1824, 0.0513, 
0.0609, 0.2478, 0.3305, 0.1073, 0.3345, 0.1939, 0.3423, 383.1, 
419.9, 450.5, 157.7, 188.2, 541.3, 572.1, 168.9, 628.4, 451.6, 
642, 1003, 2342, 490, 586, 193, 138, 1743, 134, 1904, 713, 2432, 
114, 1, 245, 74, 73, 77, 2, 107, 5, 62, 3, 100, 100, 100, 100, 
100, 100, 100, 100, 100, 100, 100, 2500, 2500, 2500, 2500, 2500, 
2500, 2500, 2500, 2500, 2500, 2500, 9829.963, 10738.858, 11864.416, 
10500.636, 16838.855, 15279.739, 15359.732, 12901.202, 16965.417, 
19429.495, 17970.319, 0.5909, 6.7289, -0.11838, 0.6789, 6.05244, 
1.34321, 0.03475, 3.66213, 0.02252, -0.10768, -0.00264, 2.45675, 
-4.85507, -13.23885, 1.20436, -4.71598, -11.64487, 2.63313, -1.84881, 
2.32325, 2.18647, 2.76998, 0, 0, 0, 0, 0, 0, 0, 0, 0, 0, 0, 0, 
0, 0, 0, 0, 0, 0, 0, 0, 0, 0, 0.90578, 0.90926, 0.90599, 0.90761, 
0.90894, 0.91246, 0.91325, 0.9151, 0.91576, 0.91433, 0.91291, 
0.90204, 0.90926, 0.90599, 0.90181, 0.90894, 0.91246, 0.91325, 
0.90749, 0.91584, 0.91335, 0.91477, 0.1114, 0.1871, 0.0266, 0.0668, 
0.2649, 0.0346, 0.2438, 0.1018, 0.2372, 0.2128, 0.3472, 352.7, 
160.1, 80.6, 251.2, 209.3, 95, 535.3, 169.8, 535.7, 517.7, 645, 
1661, 3, 1, 1056, 2, 2, 1109, 23, 1322, 1921, 151, 1, 1668, 1582, 
1, 1625, 1600, 1, 6, 1, 1, 2, 100, 100, 100, 100, 100, 100, 100, 
100, 100, 100, 100, 2500, 2500, 2500, 2500, 2500, 2500, 2500, 
2500, 2500, 2500, 2500, 10334.618, 11854.553, 14145.634, 14501.641, 
15999.951, 17825.149, 18589.468, 19059.554, 21403.255, 23121.9559999999, 
25110.937, 1, 1, 1, 1, 1, 1, 1, 1, 1, 1, 1, 0.33333, 0.33333, 
0.33333, 0.33333, 0.33333, 0.33333, 0.33333, 0.33333, 0.33333, 
0.33333, 0.33333, 0, 0, 0, 0, 0, 0, 0, 0, 0, 0, 0, 0, 0, 0, 0, 
0, 0, 0, 0, 0, 0, 0, 0.90574, 0.90926, 0.90599, 0.90759, 0.90894, 
0.91246, 0.91212, 0.91404, 0.91468, 0.91334, 0.912, 0.90574, 
0.90926, 0.90599, 0.90759, 0.90894, 0.91246, 0.91212, 0.91404, 
0.91468, 0.91334, 0.912, 0.0363, 0.0399, 0.0491, 0.0563, 0.0634, 
0.0704, 0.0786, 0.0863, 0.0932, 0.1048, 0.1167, 117.6, 122.9, 
139.6, 150.3, 155.3, 164.9, 176.9, 183.7, 191.1, 208.6, 222.7, 
1, 1, 1, 1, 1, 1, 1, 1, 1, 1, 1, 1, 1, 1, 1, 1, 1, 1, 1, 1, 1, 
1, 1, 1, 1, 1, 1, 1, 1, 1, 1, 1, 1, 1, 1, 1, 1, 1, 1, 1, 1, 1, 
1, 1, 3.013, 3.1, 3.019, 3.308, 3.226, 3.435, 3.427, 3.558, 3.695, 
3.509, 3.79), .Dim = c(11L, 40L), .Dimnames = list(NULL, c("Sampling", 
"PSO.cost", "PSO.gamma", "PSO.data.balancing", "PSO.feature.selection", 
"PSO.valid.acc", "PSO.test.acc", "PSO.train.time", "PSO.n.support.vectors", 
"PSO.index", "PSO.n.solutions", "PSO.generations", "PSO.n.evaluations", 
"PSO.cpu.time", "RS.cost", "RS.gamma", "RS.data.balancing", "RS.feature.selection", 
"RS.valid.acc", "RS.test.acc", "RS.train.time", "RS.n.support.vectors", 
"RS.index", "RS.n.solutions", "RS.generations", "RS.n.evaluations", 
"RS.cpu.time", "DF.cost", "DF.gamma", "DF.data.balancing", "DF.feature.selection", 
"DF.valid.acc", "DF.test.acc", "DF.train.time", "DF.n.support.vectors", 
"DF.index", "DF.n.solutions", "DF.generations", "DF.n.evaluations", 
"DF.cpu.time")))
