full <-
structure(c(50, 55, 60, 65, 70, 75, 80, 85, 90, 95, 100, 1, 1, 
1, 1, 1, 1, 1, 0.28347, 13.12157, 0.12137, 1, 0.33333, 0.33333, 
0.33333, 0.33333, 0.33333, 0.33333, 0.33333, 2.86798, -5.801, 
2.49469, 0.33333, 0, 0, 0, 0, 0, 0, 0, 0, 0, 0, 0, 0, 0, 0, 0, 
0, 0, 0, 0, 0, 0, 0, 0.9169, 0.91934, 0.91985, 0.92174, 0.91803, 
0.91983, 0.91907, 0.92491, 0.91678, 0.91725, 0.91199, 0.9169, 
0.91934, 0.91985, 0.92174, 0.91803, 0.91983, 0.91907, 0.92382, 
0.91573, 0.91724, 0.91199, 0.0344, 0.0357, 0.0423, 0.0442, 0.0526, 
0.0584, 0.0666, 0.2639, 3.5528, 0.2438, 0.1026, 104.8, 110.1, 
128.1, 127.3, 150.9, 156.6, 168.2, 576.1, 168.7, 581.5, 218.6, 
1, 1, 1, 1, 1, 1, 1, 1996, 1480, 1444, 1, 1981, 2047, 2024, 2041, 
1926, 2019, 1863, 5, 7, 75, 1869, 100, 100, 100, 100, 100, 100, 
100, 100, 100, 100, 100, 2500, 2500, 2500, 2500, 2500, 2500, 
2500, 2500, 2500, 2500, 2500, 8114.14, 9167.178, 9039.637, 8867.07900000001, 
9822.50900000001, 14379.139, 15093.136, 12532.713, 19575.938, 
15200.266, 25235.657, 8.28988, 8.90604, 0.4563, 13.44055, -0.23094, 
-1.42731, 1.24221, 0.51481, 4.94709, -0.0633, -0.04844, -5.82614, 
-14.8204, -1.10258, -11.39064, -13.19389, -0.91678, -6.49549, 
2.50798, -11.67295, 2.42222, -1.92214, 0, 0, 0, 0, 0, 0, 0, 0, 
0, 0, 0, 0, 0, 0, 0, 0, 0, 0, 0, 0, 0, 0, 0.9169, 0.91934, 0.91985, 
0.92174, 0.91803, 0.91983, 0.91907, 0.9249, 0.91677, 0.91725, 
0.91199, 0.9169, 0.91934, 0.91985, 0.92174, 0.91803, 0.91983, 
0.91907, 0.92272, 0.91677, 0.91529, 0.91199, 0.1611, 0.0235, 
0.042, 0.6, 0.0271, 0.0526, 0.0702, 0.2159, 0.0918, 0.2256, 0.1083, 
128.2, 73.6, 126.8, 119.5, 80.8, 158.4, 231, 529.6, 225.6, 566.3, 
230.5, 1, 1, 2, 2, 1, 3, 2, 596, 1, 619, 1, 1566, 1628, 1665, 
1656, 1607, 1608, 1646, 1, 1486, 1, 1498, 100, 100, 100, 100, 
100, 100, 100, 100, 100, 100, 100, 2500, 2500, 2500, 2500, 2500, 
2500, 2500, 2500, 2500, 2500, 2500, 8977.945, 9668.307, 10311.238, 
11000.143, 12516.802, 14382.247, 15486.746, 15317.553, 18373.018, 
21442.08, 22401.536, 1, 1, 1, 1, 1, 1, 1, 1, 1, 1, 1, 0.33333, 
0.33333, 0.33333, 0.33333, 0.33333, 0.33333, 0.33333, 0.33333, 
0.33333, 0.33333, 0.33333, 0, 0, 0, 0, 0, 0, 0, 0, 0, 0, 0, 0, 
0, 0, 0, 0, 0, 0, 0, 0, 0, 0, 0.9169, 0.91934, 0.91985, 0.92174, 
0.91803, 0.91983, 0.91907, 0.92055, 0.91677, 0.91331, 0.91199, 
0.9169, 0.91934, 0.91985, 0.92174, 0.91803, 0.91983, 0.91907, 
0.92055, 0.91677, 0.91331, 0.91199, 0.0321, 0.0358, 0.0406, 0.0462, 
0.0527, 0.0586, 0.068, 0.076, 0.0836, 0.094, 0.1012, 104.8, 110.1, 
128.1, 127.3, 150.9, 156.6, 168.2, 173.9, 190.8, 207.8, 218.6, 
1, 1, 1, 1, 1, 1, 1, 1, 1, 1, 1, 1, 1, 1, 1, 1, 1, 1, 1, 1, 1, 
1, 1, 1, 1, 1, 1, 1, 1, 1, 1, 1, 1, 1, 1, 1, 1, 1, 1, 1, 1, 1, 
1, 1, 2.9, 2.96, 2.621, 2.963, 2.707, 3.032, 3.106, 3.259, 3.39, 
3.226, 3.193), .Dim = c(11L, 40L), .Dimnames = list(NULL, c("Sampling", 
"PSO.cost", "PSO.gamma", "PSO.data.balancing", "PSO.feature.selection", 
"PSO.valid.acc", "PSO.test.acc", "PSO.train.time", "PSO.n.support.vectors", 
"PSO.index", "PSO.n.solutions", "PSO.generations", "PSO.n.evaluations", 
"PSO.cpu.time", "RS.cost", "RS.gamma", "RS.data.balancing", "RS.feature.selection", 
"RS.valid.acc", "RS.test.acc", "RS.train.time", "RS.n.support.vectors", 
"RS.index", "RS.n.solutions", "RS.generations", "RS.n.evaluations", 
"RS.cpu.time", "DF.cost", "DF.gamma", "DF.data.balancing", "DF.feature.selection", 
"DF.valid.acc", "DF.test.acc", "DF.train.time", "DF.n.support.vectors", 
"DF.index", "DF.n.solutions", "DF.generations", "DF.n.evaluations", 
"DF.cpu.time")))
