full <-
structure(c(50, 55, 60, 65, 70, 75, 80, 85, 90, 95, 100, 0.4752, 
9.29211, 0.18957, 0.063, 0.02698, 0.68996, 0.33456, -0.19532, 
0.38382, 0.02474, -0.1716, 1.41971, -4.60933, 1.82981, 2.38481, 
1.97079, 1.2336, 2.72854, 2.26207, 1.3833, 2.46015, 3, 0, 0, 
0, 0, 0, 0, 0, 0, 0, 0, 0, 0, 0, 0, 0, 0, 0, 0, 0, 0, 0, 0, 0.92793, 
0.91433, 0.9198, 0.92035, 0.92084, 0.91862, 0.91441, 0.91732, 
0.91877, 0.91427, 0.91479, 0.92608, 0.91094, 0.91975, 0.91753, 
0.91417, 0.90993, 0.91441, 0.91951, 0.91159, 0.91428, 0.91387, 
0.0514, 0.1725, 0.0901, 0.1434, 0.1151, 0.0923, 0.241, 0.1909, 
0.1173, 0.2656, 0.3979, 222.2, 104, 315.1, 419.1, 373.9, 284.6, 
533.8, 492.9, 334.2, 576, 680.7, 2301, 660, 1140, 953, 379, 1233, 
2335, 1929, 1235, 1760, 272, 2, 77, 44, 229, 366, 44, 6, 7, 113, 
72, 542, 100, 100, 100, 100, 100, 100, 100, 100, 100, 100, 100, 
2500, 2500, 2500, 2500, 2500, 2500, 2500, 2500, 2500, 2500, 2500, 
8547.466, 8885.72, 9011.529, 9735.387, 9410.023, 9687.091, 11124.277, 
11015.207, 12893.605, 21108.034, 18596.43, 0.82122, 7.60505, 
-0.31368, -0.28413, -0.02018, 0.46818, 0.21336, 0.18817, 0.51315, 
-0.43642, -0.1782, 0.41773, -4.08646, 2.69024, 2.64487, 2.23749, 
1.7134, 2.77034, 2.42775, 1.42754, 2.19923, 2.39587, 0, 0, 0, 
0, 0, 0, 0, 0, 0, 0, 0, 0, 0, 0, 0, 0, 0, 0, 0, 0, 0, 0, 0.92604, 
0.91433, 0.91829, 0.92035, 0.92084, 0.9149, 0.91441, 0.9173, 
0.91775, 0.91236, 0.91477, 0.92059, 0.91094, 0.91518, 0.91892, 
0.91551, 0.90993, 0.91325, 0.91729, 0.9116, 0.91332, 0.9129, 
0.0364, 0.1001, 0.1483, 0.1605, 0.1376, 0.1139, 0.2802, 0.2134, 
0.1362, 0.2296, 0.2831, 142.6, 104.5, 421.8, 443.7, 423.7, 359.5, 
539.4, 522.9, 345.7, 517.6, 576.1, 1497, 238, 427, 2028, 8, 142, 
1785, 395, 744, 1226, 1241, 1, 4, 1, 1, 1, 1, 2, 3, 1, 2, 3, 
100, 100, 100, 100, 100, 100, 100, 100, 100, 100, 100, 2500, 
2500, 2500, 2500, 2500, 2500, 2500, 2500, 2500, 2500, 2500, 9026.287, 
9786.515, 10821.359, 11427.481, 12414.242, 13282.717, 14753.579, 
15367.509, 17566.128, 21325.909, 23028.138, 1, 1, 1, 1, 1, 1, 
1, 1, 1, 1, 1, 0.33333, 0.33333, 0.33333, 0.33333, 0.33333, 0.33333, 
0.33333, 0.33333, 0.33333, 0.33333, 0.33333, 0, 0, 0, 0, 0, 0, 
0, 0, 0, 0, 0, 0, 0, 0, 0, 0, 0, 0, 0, 0, 0, 0, 0.91873, 0.91261, 
0.91367, 0.9189, 0.91554, 0.91487, 0.91323, 0.91514, 0.91362, 
0.91138, 0.912, 0.91873, 0.91261, 0.91367, 0.9189, 0.91554, 0.91487, 
0.91323, 0.91514, 0.91362, 0.91138, 0.912, 0.0302, 0.0351, 0.0415, 
0.0454, 0.0521, 0.0601, 0.0671, 0.0778, 0.0862, 0.1009, 0.1127, 
100.6, 111.4, 121.2, 127.6, 135.5, 149, 160.3, 168.3, 179.8, 
200.6, 221.7, 1, 1, 1, 1, 1, 1, 1, 1, 1, 1, 1, 1, 1, 1, 1, 1, 
1, 1, 1, 1, 1, 1, 1, 1, 1, 1, 1, 1, 1, 1, 1, 1, 1, 1, 1, 1, 1, 
1, 1, 1, 1, 1, 1, 1, 2.671, 2.563, 2.623, 2.691, 2.743, 2.911, 
2.915, 3.167, 3.21, 3.393, 3.353), .Dim = c(11L, 40L), .Dimnames = list(
    NULL, c("Sampling", "PSO.cost", "PSO.gamma", "PSO.data.balancing", 
    "PSO.feature.selection", "PSO.valid.acc", "PSO.test.acc", 
    "PSO.train.time", "PSO.n.support.vectors", "PSO.index", "PSO.n.solutions", 
    "PSO.generations", "PSO.n.evaluations", "PSO.cpu.time", "RS.cost", 
    "RS.gamma", "RS.data.balancing", "RS.feature.selection", 
    "RS.valid.acc", "RS.test.acc", "RS.train.time", "RS.n.support.vectors", 
    "RS.index", "RS.n.solutions", "RS.generations", "RS.n.evaluations", 
    "RS.cpu.time", "DF.cost", "DF.gamma", "DF.data.balancing", 
    "DF.feature.selection", "DF.valid.acc", "DF.test.acc", "DF.train.time", 
    "DF.n.support.vectors", "DF.index", "DF.n.solutions", "DF.generations", 
    "DF.n.evaluations", "DF.cpu.time")))
