full <-
structure(c(50, 55, 60, 65, 70, 75, 80, 85, 90, 95, 100, 1.75898, 
1, 0.86914, -0.42415, -0.26958, -0.55118, 0.02774, -0.22759, 
0.52698, -0.17552, -0.00282, -1.4083, 0.33333, -1.50276, 2.22889, 
3, 2.03898, 2.67768, 2.56673, 1.69168, 3, 2.63806, 0, 0, 0, 0, 
0, 0, 0, 0, 0, 0, 0, 0, 0, 0, 0, 0, 0, 0, 0, 0, 0, 0, 0.91312, 
0.90753, 0.91365, 0.90883, 0.90756, 0.90623, 0.9076, 0.91189, 
0.91263, 0.91333, 0.91479, 0.91308, 0.90753, 0.90747, 0.90313, 
0.90623, 0.90498, 0.9064, 0.9119, 0.90852, 0.91235, 0.91482, 
0.0307, 0.0357, 0.0393, 0.1242, 0.2209, 0.1448, 0.2536, 0.2191, 
0.1409, 0.3521, 0.326, 103.7, 117.4, 119.9, 404, 508, 416.6, 
539.9, 550.7, 391.5, 649.1, 622.9, 416, 1, 2185, 1558, 608, 350, 
1114, 921, 963, 524, 585, 69, 2012, 1, 84, 233, 336, 143, 32, 
107, 272, 482, 100, 100, 100, 100, 100, 100, 100, 100, 100, 100, 
100, 2500, 2500, 2500, 2500, 2500, 2500, 2500, 2500, 2500, 2500, 
2500, 7909.091, 8804.828, 8178.078, 10622.493, 11275.449, 12171.153, 
14811.062, 14750.425, 15608.661, 16116.607, 15081.719, 1.96755, 
-0.0135, 2.56733, -0.76348, 0.01595, -0.11102, -0.12006, -0.20521, 
0.37794, -0.80609, 0.21489, -1.05374, -12.84638, -2.24232, 2.42553, 
2.66276, 0.85553, 2.10125, 2.65907, 2.66359, 2.43624, 2.80373, 
0, 0, 0, 0, 0, 0, 0, 0, 0, 0, 0, 0, 0, 0, 0, 0, 0, 0, 0, 0, 0, 
0, 0.91305, 0.90753, 0.91362, 0.90744, 0.90756, 0.90746, 0.90645, 
0.91083, 0.91263, 0.91332, 0.91478, 0.91305, 0.90753, 0.90588, 
0.90456, 0.90223, 0.90252, 0.90756, 0.9119, 0.91162, 0.91234, 
0.91388, 0.0305, 0.0235, 0.0445, 0.1359, 0.1907, 0.0759, 0.1736, 
0.2595, 0.2734, 0.2553, 0.3452, 105.4, 72.1, 117.3, 425.2, 477.6, 
241.4, 452.2, 565, 585.1, 560.6, 652.4, 853, 1, 624, 1109, 1730, 
1162, 901, 2222, 120, 732, 2129, 2, 1511, 1, 2, 10, 1, 3, 1, 
3, 5, 1, 100, 100, 100, 100, 100, 100, 100, 100, 100, 100, 100, 
2500, 2500, 2500, 2500, 2500, 2500, 2500, 2500, 2500, 2500, 2500, 
8803.063, 9100.212, 9743.041, 11527.479, 13027.579, 15880.715, 
16606.049, 18035.369, 20194.664, 20345.044, 24350.808, 1, 1, 
1, 1, 1, 1, 1, 1, 1, 1, 1, 0.33333, 0.33333, 0.33333, 0.33333, 
0.33333, 0.33333, 0.33333, 0.33333, 0.33333, 0.33333, 0.33333, 
0, 0, 0, 0, 0, 0, 0, 0, 0, 0, 0, 0, 0, 0, 0, 0, 0, 0, 0, 0, 0, 
0, 0.91123, 0.90753, 0.91057, 0.90315, 0.90623, 0.90376, 0.90641, 
0.90862, 0.91055, 0.91234, 0.912, 0.91123, 0.90753, 0.91057, 
0.90317, 0.90623, 0.90376, 0.90641, 0.90862, 0.91055, 0.91234, 
0.912, 0.0298, 0.0359, 0.0391, 0.049, 0.062, 0.0678, 0.0743, 
0.0809, 0.0884, 0.0993, 0.1089, 104.6, 117.4, 119.8, 140.9, 157.6, 
169.4, 177.3, 188.2, 194.2, 201.8, 216.3, 1, 1, 1, 1, 1, 1, 1, 
1, 1, 1, 1, 1, 1, 1, 1, 1, 1, 1, 1, 1, 1, 1, 1, 1, 1, 1, 1, 1, 
1, 1, 1, 1, 1, 1, 1, 1, 1, 1, 1, 1, 1, 1, 1, 1, 2.807, 2.945, 
2.957, 3.121, 3.319, 3.308, 3.294, 3.466, 3.403, 3.508, 3.594
), .Dim = c(11L, 40L), .Dimnames = list(NULL, c("Sampling", "PSO.cost", 
"PSO.gamma", "PSO.data.balancing", "PSO.feature.selection", "PSO.valid.acc", 
"PSO.test.acc", "PSO.train.time", "PSO.n.support.vectors", "PSO.index", 
"PSO.n.solutions", "PSO.generations", "PSO.n.evaluations", "PSO.cpu.time", 
"RS.cost", "RS.gamma", "RS.data.balancing", "RS.feature.selection", 
"RS.valid.acc", "RS.test.acc", "RS.train.time", "RS.n.support.vectors", 
"RS.index", "RS.n.solutions", "RS.generations", "RS.n.evaluations", 
"RS.cpu.time", "DF.cost", "DF.gamma", "DF.data.balancing", "DF.feature.selection", 
"DF.valid.acc", "DF.test.acc", "DF.train.time", "DF.n.support.vectors", 
"DF.index", "DF.n.solutions", "DF.generations", "DF.n.evaluations", 
"DF.cpu.time")))
