full <-
structure(c(50, 55, 60, 65, 70, 75, 80, 85, 90, 95, 100, 0.85576, 
14.36246, 1, 1, 8.98656, 1, 1, 1, -0.18961, 0.17687, 0.12908, 
0.82441, -13.08775, 0.33333, 0.33333, -5.04394, 0.33333, 0.33333, 
0.33333, 3, 2.61773, 2.65725, 0, 0, 0, 0, 0, 0, 0, 0, 0, 0, 0, 
0, 0, 0, 0, 0, 0, 0, 0, 0, 0, 0, 0.90945, 0.91264, 0.91215, 0.91321, 
0.91156, 0.91122, 0.91215, 0.91086, 0.9126, 0.91329, 0.91474, 
0.90201, 0.91264, 0.91215, 0.91178, 0.91025, 0.91122, 0.91215, 
0.91086, 0.9126, 0.9094, 0.91107, 0.0425, 0.2666, 0.0396, 0.05, 
0.315, 0.0658, 0.0721, 0.084, 0.3181, 0.3076, 0.3486, 172.7, 
100.5, 122.3, 135.9, 137.8, 158.2, 170.3, 183.4, 621.5, 600.7, 
626.8, 1275, 3, 1, 1, 33, 1, 1, 1, 912, 1644, 891, 61, 2237, 
2011, 1875, 248, 2106, 1918, 2015, 137, 55, 301, 100, 100, 100, 
100, 100, 100, 100, 100, 100, 100, 100, 2500, 2500, 2500, 2500, 
2500, 2500, 2500, 2500, 2500, 2500, 2500, 10001.678, 9616.941, 
9567.179, 14836.316, 18094.945, 14133.119, 17591.522, 16619.579, 
23116.879, 19846.236, 13818.381, 1.23736, 14.68052, 2.42956, 
-0.95003, 8.85426, 9.44633, 4.57016, 8.32353, 14.84198, 0.59074, 
-0.06388, 1.59544, -11.6945, -7.03406, -8.42828, -4.82943, -9.97808, 
-12.71035, -5.30771, -9.75803, 1.59553, 2.92178, 0, 0, 0, 0, 
0, 0, 0, 0, 0, 0, 0, 0, 0, 0, 0, 0, 0, 0, 0, 0, 0, 0, 0.90945, 
0.91264, 0.91215, 0.91321, 0.91156, 0.91122, 0.91215, 0.91086, 
0.91056, 0.91232, 0.9129, 0.91127, 0.91264, 0.91215, 0.91321, 
0.91025, 0.91122, 0.91215, 0.90975, 0.91056, 0.90743, 0.91106, 
0.0605, 0.4481, 0.0562, 0.04, 0.2751, 0.1763, 0.0473, 0.674, 
3.0428, 0.1597, 0.406, 266.6, 101, 203.6, 137.7, 136.8, 319.1, 
125.9, 223, 157.1, 384.2, 665.3, 50, 2, 1, 1, 24, 2, 1, 1, 1, 
2345, 260, 2, 1320, 1522, 1480, 18, 1570, 1575, 1527, 1611, 1, 
5, 100, 100, 100, 100, 100, 100, 100, 100, 100, 100, 100, 2500, 
2500, 2500, 2500, 2500, 2500, 2500, 2500, 2500, 2500, 2500, 9735.263, 
9892.037, 10484.803, 11586.199, 12148.266, 14996.093, 16695.647, 
17536.37, 21080.49, 22373.945, 25027.279, 1, 1, 1, 1, 1, 1, 1, 
1, 1, 1, 1, 0.33333, 0.33333, 0.33333, 0.33333, 0.33333, 0.33333, 
0.33333, 0.33333, 0.33333, 0.33333, 0.33333, 0, 0, 0, 0, 0, 0, 
0, 0, 0, 0, 0, 0, 0, 0, 0, 0, 0, 0, 0, 0, 0, 0, 0.90938, 0.91095, 
0.91215, 0.91321, 0.91155, 0.91122, 0.91215, 0.91086, 0.91056, 
0.91133, 0.91197, 0.90938, 0.91264, 0.91215, 0.91178, 0.91155, 
0.91122, 0.91215, 0.91086, 0.91056, 0.91133, 0.91197, 0.0323, 
0.0368, 0.0418, 0.0502, 0.054, 0.0679, 0.0752, 0.0791, 0.0991, 
0.1079, 0.1192, 108.8, 111.8, 122.3, 135.9, 145.8, 158.2, 170.3, 
183.4, 201.9, 211.4, 221.2, 1, 1, 1, 1, 1, 1, 1, 1, 1, 1, 1, 
1, 1, 1, 1, 1, 1, 1, 1, 1, 1, 1, 1, 1, 1, 1, 1, 1, 1, 1, 1, 1, 
1, 1, 1, 1, 1, 1, 1, 1, 1, 1, 1, 1, 2.847, 3.029, 2.963, 3.211, 
3.009, 3.299, 3.446, 3.395, 3.722, 3.803, 4.188), .Dim = c(11L, 
40L), .Dimnames = list(NULL, c("Sampling", "PSO.cost", "PSO.gamma", 
"PSO.data.balancing", "PSO.feature.selection", "PSO.valid.acc", 
"PSO.test.acc", "PSO.train.time", "PSO.n.support.vectors", "PSO.index", 
"PSO.n.solutions", "PSO.generations", "PSO.n.evaluations", "PSO.cpu.time", 
"RS.cost", "RS.gamma", "RS.data.balancing", "RS.feature.selection", 
"RS.valid.acc", "RS.test.acc", "RS.train.time", "RS.n.support.vectors", 
"RS.index", "RS.n.solutions", "RS.generations", "RS.n.evaluations", 
"RS.cpu.time", "DF.cost", "DF.gamma", "DF.data.balancing", "DF.feature.selection", 
"DF.valid.acc", "DF.test.acc", "DF.train.time", "DF.n.support.vectors", 
"DF.index", "DF.n.solutions", "DF.generations", "DF.n.evaluations", 
"DF.cpu.time")))
