full <-
structure(c(50, 55, 60, 65, 70, 75, 80, 85, 90, 95, 100, 1, 1, 
1, 1, -0.04655, 0.13936, -0.04716, 0.30677, -0.17323, 1, 1.17938, 
0.33333, 0.33333, 0.33333, 0.33333, 2.42173, 2.56691, 3, 2.98499, 
3, 0.33333, 1.22861, 0, 0, 0, 0, 0, 0, 0, 0, 0, 0, 0, 0, 0, 0, 
0, 0, 0, 0, 0, 0, 0, 0, 0.90941, 0.91592, 0.91373, 0.91605, 0.91543, 
0.92232, 0.91798, 0.91732, 0.91577, 0.91625, 0.91483, 0.90941, 
0.91592, 0.91373, 0.91605, 0.91276, 0.91863, 0.91566, 0.91624, 
0.91576, 0.91625, 0.91295, 0.0369, 0.0429, 0.0512, 0.0516, 0.1544, 
0.1962, 0.2931, 0.2916, 0.3552, 0.0941, 0.1293, 124.8, 130.1, 
147.6, 149.4, 450.6, 498.5, 563, 591.7, 624.2, 206.9, 322.1, 
1, 1, 1, 1, 1717, 1149, 377, 1580, 248, 1, 1100, 1949, 2050, 
1940, 1969, 30, 179, 298, 15, 379, 2066, 47, 100, 100, 100, 100, 
100, 100, 100, 100, 100, 100, 100, 2500, 2500, 2500, 2500, 2500, 
2500, 2500, 2500, 2500, 2500, 2500, 7963.562, 10311.559, 9886.251, 
12331.777, 11524.399, 11160.256, 13240.971, 14808.801, 13056.657, 
20429.37, 14820.408, 7.14647, 3.14669, 10.5358, 9.72083, -0.11, 
0.18511, 0.03069, 4.61357, -0.04101, -1.80912, 0.53055, -13.9818, 
-12.88344, -14.27741, -7.48765, 2.57652, 2.3182, 2.29257, -3.75279, 
2.80236, -0.82844, 1.70828, 0, 0, 0, 0, 0, 0, 0, 0, 0, 0, 0, 
0, 0, 0, 0, 0, 0, 0, 0, 0, 0, 0, 0.90941, 0.91592, 0.91373, 0.91605, 
0.91543, 0.9211, 0.91683, 0.91625, 0.91577, 0.91625, 0.91386, 
0.90941, 0.91592, 0.91373, 0.91605, 0.91543, 0.91863, 0.91679, 
0.91625, 0.91474, 0.91625, 0.91202, 0.024, 0.0237, 0.1201, 0.4434, 
0.1783, 0.1726, 0.1947, 0.1712, 0.2912, 0.0899, 0.1822, 84, 68.8, 
178.9, 256.3, 465.1, 469.8, 481.9, 188.2, 601.2, 214.5, 425.8, 
1, 1, 1, 2, 1918, 1076, 61, 1, 2078, 1, 232, 1435, 1614, 1472, 
1610, 2, 1, 4, 1706, 1, 1627, 3, 100, 100, 100, 100, 100, 100, 
100, 100, 100, 100, 100, 2500, 2500, 2500, 2500, 2500, 2500, 
2500, 2500, 2500, 2500, 2500, 10196.845, 11718.675, 12284.575, 
12662.913, 12832.486, 13435.423, 14552.027, 17137.055, 19691.629, 
20269.673, 25419.871, 1, 1, 1, 1, 1, 1, 1, 1, 1, 1, 1, 0.33333, 
0.33333, 0.33333, 0.33333, 0.33333, 0.33333, 0.33333, 0.33333, 
0.33333, 0.33333, 0.33333, 0, 0, 0, 0, 0, 0, 0, 0, 0, 0, 0, 0, 
0, 0, 0, 0, 0, 0, 0, 0, 0, 0, 0.90941, 0.91592, 0.91373, 0.91605, 
0.91413, 0.91738, 0.91448, 0.91625, 0.91474, 0.91625, 0.912, 
0.90941, 0.91592, 0.91373, 0.91605, 0.91413, 0.91738, 0.91448, 
0.91625, 0.91474, 0.91625, 0.912, 0.0382, 0.0429, 0.0484, 0.0481, 
0.055, 0.059, 0.0712, 0.0802, 0.0914, 0.1054, 0.116, 124.8, 130.1, 
147.6, 149.4, 152.3, 156.2, 179.8, 183.9, 208, 206.9, 223.1, 
1, 1, 1, 1, 1, 1, 1, 1, 1, 1, 1, 1, 1, 1, 1, 1, 1, 1, 1, 1, 1, 
1, 1, 1, 1, 1, 1, 1, 1, 1, 1, 1, 1, 1, 1, 1, 1, 1, 1, 1, 1, 1, 
1, 1, 2.929, 2.937, 2.757, 2.514, 2.763, 2.77, 2.849, 3.137, 
3.198, 3.593, 3.622), .Dim = c(11L, 40L), .Dimnames = list(NULL, 
    c("Sampling", "PSO.cost", "PSO.gamma", "PSO.data.balancing", 
    "PSO.feature.selection", "PSO.valid.acc", "PSO.test.acc", 
    "PSO.train.time", "PSO.n.support.vectors", "PSO.index", "PSO.n.solutions", 
    "PSO.generations", "PSO.n.evaluations", "PSO.cpu.time", "RS.cost", 
    "RS.gamma", "RS.data.balancing", "RS.feature.selection", 
    "RS.valid.acc", "RS.test.acc", "RS.train.time", "RS.n.support.vectors", 
    "RS.index", "RS.n.solutions", "RS.generations", "RS.n.evaluations", 
    "RS.cpu.time", "DF.cost", "DF.gamma", "DF.data.balancing", 
    "DF.feature.selection", "DF.valid.acc", "DF.test.acc", "DF.train.time", 
    "DF.n.support.vectors", "DF.index", "DF.n.solutions", "DF.generations", 
    "DF.n.evaluations", "DF.cpu.time")))
