full <-
structure(c(50, 55, 60, 65, 70, 75, 80, 85, 90, 95, 100, 6.61491, 
11.72809, 0.6498, -0.08414, 0.27443, -0.09732, 0.31445, 1, 1, 
-0.26013, -0.23254, -1.85847, -5.89665, 2.98546, 1.68648, 3, 
3, 3, 0.33333, 0.33333, 3, 3, 0, 0, 0, 0, 0, 0, 0, 0, 0, 0, 0, 
0, 0, 0, 0, 0, 0, 0, 0, 0, 0, 0, 0.91703, 0.91605, 0.91991, 0.92028, 
0.91811, 0.91734, 0.92017, 0.91512, 0.91262, 0.91143, 0.91387, 
0.90383, 0.91433, 0.91684, 0.91887, 0.91679, 0.91482, 0.91899, 
0.91512, 0.91262, 0.91143, 0.91387, 0.0335, 0.9693, 0.1189, 0.0619, 
0.1523, 0.1666, 0.1878, 0.059, 0.0661, 0.248, 0.2684, 114.2, 
134.3, 443.6, 317, 505.3, 535.2, 567.8, 193.9, 205.2, 652.3, 
681.1, 1844, 99, 569, 309, 1615, 2111, 161, 1, 1, 453, 1522, 
6, 287, 221, 306, 44, 5, 359, 1931, 1884, 74, 100, 100, 100, 
100, 100, 100, 100, 100, 100, 100, 100, 100, 2500, 2500, 2500, 
2500, 2500, 2500, 2500, 2500, 2500, 2500, 2500, 9729.407, 28283.04, 
12589.531, 11453.549, 26143.717, 14454.072, 13823.668, 17899.543, 
14858.861, 21786.726, 19127.116, 0.39975, 0.29586, 0.61589, -0.19832, 
0.12571, 0.25478, 0.26809, 10.16486, 9.71725, -0.21217, -0.28889, 
2.78649, 2.77235, 2.7164, 2.06467, 1.82057, -4.7116, 2.93715, 
-12.73334, -7.80767, 2.80525, 2.72216, 0, 0, 0, 0, 0, 0, 0, 0, 
0, 0, 0, 0, 0, 0, 0, 0, 0, 0, 0, 0, 0, 0, 0.917, 0.91942, 0.91991, 
0.91887, 0.91811, 0.91732, 0.92017, 0.91512, 0.91262, 0.91047, 
0.91387, 0.91518, 0.91942, 0.91684, 0.91887, 0.91416, 0.91732, 
0.92014, 0.91512, 0.91262, 0.91047, 0.91387, 0.0804, 0.0947, 
0.1075, 0.078, 0.0737, 0.0503, 0.1803, 0.169, 0.6804, 0.2182, 
0.2179, 369.1, 399.7, 421.2, 375.1, 350, 213.1, 563.1, 282.7, 
354.6, 625.6, 634.7, 263, 272, 2066, 1539, 788, 1, 1340, 1, 1, 
2471, 658, 2, 7, 1, 1, 3, 1569, 1, 1587, 1489, 1, 1, 100, 100, 
100, 100, 100, 100, 100, 100, 100, 100, 100, 2500, 2500, 2500, 
2500, 2500, 2500, 2500, 2500, 2500, 2500, 2500, 8797.216, 9656.286, 
13569.815, 14321.764, 14598.058, 15178.312, 17619.584, 19071.507, 
20586.899, 20542.262, 20705.369, 1, 1, 1, 1, 1, 1, 1, 1, 1, 1, 
1, 0.33333, 0.33333, 0.33333, 0.33333, 0.33333, 0.33333, 0.33333, 
0.33333, 0.33333, 0.33333, 0.33333, 0, 0, 0, 0, 0, 0, 0, 0, 0, 
0, 0, 0, 0, 0, 0, 0, 0, 0, 0, 0, 0, 0, 0.91333, 0.91433, 0.91679, 
0.91603, 0.91549, 0.91732, 0.91785, 0.91512, 0.91262, 0.91046, 
0.91201, 0.91333, 0.91433, 0.91679, 0.91603, 0.91549, 0.91732, 
0.91785, 0.91512, 0.91262, 0.91046, 0.91201, 0.0256, 0.0298, 
0.0333, 0.0372, 0.0422, 0.0462, 0.0527, 0.0591, 0.0662, 0.0739, 
0.0775, 125.5, 137.6, 142.9, 146.5, 157.8, 166.6, 180.5, 193.9, 
205.2, 216.8, 223.7, 1, 1, 1, 1, 1, 1, 1, 1, 1, 1, 1, 1, 1, 1, 
1, 1, 1, 1, 1, 1, 1, 1, 1, 1, 1, 1, 1, 1, 1, 1, 1, 1, 1, 1, 1, 
1, 1, 1, 1, 1, 1, 1, 1, 1, 2.419, 2.44, 3.551, 3.514, 3.579, 
3.573, 3.61, 3.766, 3.748, 3.8, 3.89), .Dim = c(11L, 40L), .Dimnames = list(
    NULL, c("Sampling", "PSO.cost", "PSO.gamma", "PSO.data.balancing", 
    "PSO.feature.selection", "PSO.valid.acc", "PSO.test.acc", 
    "PSO.train.time", "PSO.n.support.vectors", "PSO.index", "PSO.n.solutions", 
    "PSO.generations", "PSO.n.evaluations", "PSO.cpu.time", "RS.cost", 
    "RS.gamma", "RS.data.balancing", "RS.feature.selection", 
    "RS.valid.acc", "RS.test.acc", "RS.train.time", "RS.n.support.vectors", 
    "RS.index", "RS.n.solutions", "RS.generations", "RS.n.evaluations", 
    "RS.cpu.time", "DF.cost", "DF.gamma", "DF.data.balancing", 
    "DF.feature.selection", "DF.valid.acc", "DF.test.acc", "DF.train.time", 
    "DF.n.support.vectors", "DF.index", "DF.n.solutions", "DF.generations", 
    "DF.n.evaluations", "DF.cpu.time")))
