full <-
structure(c(50, 55, 60, 65, 70, 75, 80, 85, 90, 95, 100, 0.37458, 
0.67026, 8.15797, 0.76451, -0.04027, 0.64038, 0.05446, 0.60426, 
0.01934, 0.11896, 0.19818, 1.75052, 2.24016, -3.97343, 3, 1.82352, 
3, 3, 3, 2.61964, 2.87655, 2.36773, 0, 0, 0, 0, 0, 0, 0, 0, 0, 
0, 0, 0, 0, 0, 0, 0, 0, 0, 0, 0, 0, 0, 0.91312, 0.91759, 0.91987, 
0.92316, 0.92079, 0.91991, 0.91925, 0.91617, 0.91675, 0.91528, 
0.91296, 0.90938, 0.91759, 0.91215, 0.92031, 0.91807, 0.91991, 
0.91809, 0.91291, 0.91675, 0.90942, 0.91296, 0.0626, 0.092, 0.0981, 
0.1773, 0.1048, 0.2403, 0.2554, 0.2865, 0.2414, 0.3099, 0.2353, 
285.5, 359.8, 110.6, 483.4, 363.1, 535.7, 570, 602.5, 581.4, 
638.9, 578, 233, 1063, 2463, 875, 1915, 242, 283, 1540, 1025, 
526, 450, 116, 284, 1, 173, 54, 260, 386, 5, 75, 294, 303, 100, 
100, 100, 100, 100, 100, 100, 100, 100, 100, 100, 2500, 2500, 
2500, 2500, 2500, 2500, 2500, 2500, 2500, 2500, 2500, 8769.821, 
7570.432, 14920.332, 8632.71400000001, 12871.403, 14716.39, 12646.098, 
15571.938, 13506.751, 15494.034, 15867.125, 0.14242, 0.64903, 
0.01629, 0.21672, -0.01089, 0.53218, -0.07012, 5.30965, -0.17188, 
-0.05793, -0.14507, 1.63125, 2.37437, 1.87771, 1.77766, 1.70115, 
2.68037, 2.11471, -8.62751, 2.58528, 2.56174, 2.96302, 0, 0, 
0, 0, 0, 0, 0, 0, 0, 0, 0, 0, 0, 0, 0, 0, 0, 0, 0, 0, 0, 0, 0.91312, 
0.91759, 0.92131, 0.92179, 0.92079, 0.91867, 0.91925, 0.914, 
0.91573, 0.91332, 0.91202, 0.91308, 0.91759, 0.92134, 0.92031, 
0.91546, 0.9175, 0.91454, 0.914, 0.91574, 0.91135, 0.91295, 0.0574, 
0.1003, 0.0827, 0.0852, 0.0956, 0.2023, 0.1526, 0.1171, 0.2313, 
0.2364, 0.3385, 271.6, 371.6, 333.1, 333, 348.5, 510.7, 452.8, 
318.7, 576.2, 591.9, 677.4, 497, 45, 1138, 1827, 2447, 1767, 
2056, 2, 487, 1082, 1109, 3, 2, 2, 2, 1, 2, 1, 1519, 1, 2, 2, 
100, 100, 100, 100, 100, 100, 100, 100, 100, 100, 100, 2500, 
2500, 2500, 2500, 2500, 2500, 2500, 2500, 2500, 2500, 2500, 8993.383, 
9656.873, 10214.78, 11653.474, 13428.01, 13632.737, 15544.612, 
17193.824, 19472.171, 21897.26, 24076.245, 1, 1, 1, 1, 1, 1, 
1, 1, 1, 1, 1, 0.33333, 0.33333, 0.33333, 0.33333, 0.33333, 0.33333, 
0.33333, 0.33333, 0.33333, 0.33333, 0.33333, 0, 0, 0, 0, 0, 0, 
0, 0, 0, 0, 0, 0, 0, 0, 0, 0, 0, 0, 0, 0, 0, 0, 0.91308, 0.9142, 
0.91982, 0.92037, 0.91812, 0.91864, 0.91806, 0.914, 0.91267, 
0.91038, 0.912, 0.91308, 0.9142, 0.91982, 0.92037, 0.91812, 0.91864, 
0.91806, 0.914, 0.91267, 0.91038, 0.912, 0.0312, 0.0354, 0.0407, 
0.0442, 0.0499, 0.0564, 0.0652, 0.0736, 0.0888, 0.0952, 0.1037, 
111.8, 118.4, 123, 127.2, 142.8, 156.8, 163.2, 185.7, 200.8, 
214, 216.9, 1, 1, 1, 1, 1, 1, 1, 1, 1, 1, 1, 1, 1, 1, 1, 1, 1, 
1, 1, 1, 1, 1, 1, 1, 1, 1, 1, 1, 1, 1, 1, 1, 1, 1, 1, 1, 1, 1, 
1, 1, 1, 1, 1, 1, 2.438, 2.683, 2.884, 2.763, 2.797, 2.783, 3.087, 
2.971, 3.249, 3.216, 3.366), .Dim = c(11L, 40L), .Dimnames = list(
    NULL, c("Sampling", "PSO.cost", "PSO.gamma", "PSO.data.balancing", 
    "PSO.feature.selection", "PSO.valid.acc", "PSO.test.acc", 
    "PSO.train.time", "PSO.n.support.vectors", "PSO.index", "PSO.n.solutions", 
    "PSO.generations", "PSO.n.evaluations", "PSO.cpu.time", "RS.cost", 
    "RS.gamma", "RS.data.balancing", "RS.feature.selection", 
    "RS.valid.acc", "RS.test.acc", "RS.train.time", "RS.n.support.vectors", 
    "RS.index", "RS.n.solutions", "RS.generations", "RS.n.evaluations", 
    "RS.cpu.time", "DF.cost", "DF.gamma", "DF.data.balancing", 
    "DF.feature.selection", "DF.valid.acc", "DF.test.acc", "DF.train.time", 
    "DF.n.support.vectors", "DF.index", "DF.n.solutions", "DF.generations", 
    "DF.n.evaluations", "DF.cpu.time")))
