full <-
structure(c(50, 55, 60, 65, 70, 75, 80, 85, 90, 95, 100, 1.1365, 
14.16751, 1.53879, 10.76904, 0.42127, 0.29482, 0.52939, 14.90289, 
0.12532, -0.0527, -0.24442, 1.65508, -6.09323, -0.91303, -4.27715, 
2.32436, -0.39608, 3, -6.37068, 2.40297, 3, 3, 0, 0, 0, 0, 0, 
0, 0, 0, 0, 0, 0, 0, 0, 0, 0, 0, 0, 0, 0, 0, 0, 0, 0.91682, 0.91418, 
0.92459, 0.91885, 0.92074, 0.9174, 0.92025, 0.91841, 0.91781, 
0.91425, 0.91386, 0.90948, 0.90415, 0.92142, 0.90891, 0.92209, 
0.91741, 0.92141, 0.91303, 0.91573, 0.91133, 0.91293, 0.0693, 
0.7268, 0.0413, 0.2333, 0.164, 0.0602, 0.3045, 5.178, 0.2315, 
0.3841, 0.3897, 279.8, 102.4, 130, 116.6, 439.3, 164.1, 562.8, 
146.8, 534.4, 651.9, 679.1, 1728, 1371, 1790, 421, 891, 251, 
305, 1057, 302, 605, 458, 29, 26, 19, 44, 171, 113, 641, 54, 
236, 199, 418, 100, 100, 100, 100, 100, 100, 100, 100, 100, 100, 
100, 2500, 2500, 2500, 2500, 2500, 2500, 2500, 2500, 2500, 2500, 
2500, 7845.224, 9248.291, 8740.05699999999, 13185.037, 11283.328, 
9812.11199999999, 12198.795, 26538.002, 20178.448, 16985.192, 
15814.096, 0.63645, 4.80102, 2.1367, 12.05499, 0.86223, 3.83138, 
0.61944, 14.50783, 0.10046, -0.011, -0.79002, 0.98313, -2.62629, 
-1.39366, -4.73251, 2.21267, -2.29352, 2.92023, -6.23525, 2.43425, 
2.83957, 2.66114, 0, 0, 0, 0, 0, 0, 0, 0, 0, 0, 0, 0, 0, 0, 0, 
0, 0, 0, 0, 0, 0, 0, 0.91493, 0.91582, 0.92452, 0.91885, 0.91945, 
0.91862, 0.91909, 0.91841, 0.91781, 0.91425, 0.91294, 0.91493, 
0.91415, 0.91825, 0.91034, 0.92074, 0.91366, 0.92025, 0.91303, 
0.91573, 0.91231, 0.912, 0.0497, 0.0428, 0.0406, 0.4066, 0.1572, 
0.0755, 0.2875, 4.9276, 0.238, 0.3214, 0.2962, 215.9, 106.9, 
119.7, 117.3, 425.5, 143, 557.4, 148.2, 539.1, 627.5, 619.6, 
2206, 720, 889, 301, 994, 1013, 659, 774, 1639, 2397, 255, 3, 
2, 1, 6, 1, 1, 4, 1, 1, 1, 4, 100, 100, 100, 100, 100, 100, 100, 
100, 100, 100, 100, 2500, 2500, 2500, 2500, 2500, 2500, 2500, 
2500, 2500, 2500, 2500, 8689.661, 9069.306, 10068.908, 11019.022, 
12332.404, 13352.418, 14802.775, 16645.243, 18291.452, 20099.279, 
22731.998, 1, 1, 1, 1, 1, 1, 1, 1, 1, 1, 1, 0.33333, 0.33333, 
0.33333, 0.33333, 0.33333, 0.33333, 0.33333, 0.33333, 0.33333, 
0.33333, 0.33333, 0, 0, 0, 0, 0, 0, 0, 0, 0, 0, 0, 0, 0, 0, 0, 
0, 0, 0, 0, 0, 0, 0, 0.91126, 0.91085, 0.91997, 0.91607, 0.9168, 
0.91613, 0.91792, 0.91733, 0.91674, 0.91231, 0.912, 0.91126, 
0.91085, 0.91997, 0.91319, 0.91813, 0.91613, 0.91792, 0.91733, 
0.91674, 0.91231, 0.912, 0.0326, 0.0339, 0.0401, 0.0471, 0.0541, 
0.0623, 0.0695, 0.0847, 0.0924, 0.0985, 0.1098, 108.4, 113.7, 
121.6, 131.9, 140.6, 157, 160.6, 189, 196.3, 207.6, 216.3, 1, 
1, 1, 1, 1, 1, 1, 1, 1, 1, 1, 1, 1, 1, 1, 1, 1, 1, 1, 1, 1, 1, 
1, 1, 1, 1, 1, 1, 1, 1, 1, 1, 1, 1, 1, 1, 1, 1, 1, 1, 1, 1, 1, 
1, 2.711, 2.636, 2.813, 2.894, 2.996, 3.062, 3.136, 3.359, 3.421, 
3.455, 3.618), .Dim = c(11L, 40L), .Dimnames = list(NULL, c("Sampling", 
"PSO.cost", "PSO.gamma", "PSO.data.balancing", "PSO.feature.selection", 
"PSO.valid.acc", "PSO.test.acc", "PSO.train.time", "PSO.n.support.vectors", 
"PSO.index", "PSO.n.solutions", "PSO.generations", "PSO.n.evaluations", 
"PSO.cpu.time", "RS.cost", "RS.gamma", "RS.data.balancing", "RS.feature.selection", 
"RS.valid.acc", "RS.test.acc", "RS.train.time", "RS.n.support.vectors", 
"RS.index", "RS.n.solutions", "RS.generations", "RS.n.evaluations", 
"RS.cpu.time", "DF.cost", "DF.gamma", "DF.data.balancing", "DF.feature.selection", 
"DF.valid.acc", "DF.test.acc", "DF.train.time", "DF.n.support.vectors", 
"DF.index", "DF.n.solutions", "DF.generations", "DF.n.evaluations", 
"DF.cpu.time")))
