full <-
structure(c(50, 55, 60, 65, 70, 75, 80, 85, 90, 95, 100, 0.00457, 
0.62675, 0.63666, 0.83728, 0.77561, 0.15041, -0.25193, 1, 1, 
1, -0.13748, 3, 3, 3, 3, 3, 3, 3, 0.33333, 0.33333, 0.33333, 
2.87734, 0, 0, 0, 0, 0, 0, 0, 0, 0, 0, 0, 0, 0, 0, 0, 0, 0, 0, 
0, 0, 0, 0, 0.90382, 0.90751, 0.90605, 0.90173, 0.90217, 0.90508, 
0.90518, 0.90859, 0.91056, 0.91036, 0.91479, 0.90193, 0.90237, 
0.90298, 0.89459, 0.89955, 0.90386, 0.90402, 0.90859, 0.91056, 
0.91036, 0.91385, 0.1227, 0.1503, 0.1845, 0.196, 0.2465, 0.2656, 
0.2958, 0.0846, 0.0934, 0.1054, 0.3743, 378.3, 414.8, 446.4, 
475, 504.7, 532.5, 561.1, 192.9, 199.3, 214.1, 662.2, 1350, 1319, 
452, 84, 671, 698, 144, 1, 1, 1, 575, 171, 136, 312, 291, 55, 
450, 212, 2039, 1952, 1846, 410, 100, 100, 100, 100, 100, 100, 
100, 100, 100, 100, 100, 2500, 2500, 2500, 2500, 2500, 2500, 
2500, 2500, 2500, 2500, 2500, 9440.678, 9950.175, 11214.204, 
12773.018, 13580.462, 13649.31, 12782.783, 24074.289, 18491.897, 
36316.021, 14310.759, 0.22138, 0.29531, 0.71099, -0.15804, 1.54246, 
2.29101, 1.57093, -1.88899, -1.34794, 0.11167, -0.41209, 2.6826, 
2.75547, 2.74279, 2.18781, -0.92907, -9.58262, -11.98378, -7.26724, 
-4.6526, 2.85253, 2.28072, 0, 0, 0, 0, 0, 0, 0, 0, 0, 0, 0, 0, 
0, 0, 0, 0, 0, 0, 0, 0, 0, 0, 0.90193, 0.90579, 0.90293, 0.89887, 
0.89961, 0.90259, 0.90517, 0.90859, 0.91056, 0.91135, 0.91476, 
0.90193, 0.90406, 0.90298, 0.89744, 0.89564, 0.90259, 0.90517, 
0.90859, 0.91056, 0.9094, 0.91292, 0.1046, 0.1438, 0.1745, 0.1276, 
0.0661, 0.0762, 0.0378, 0.0601, 0.0851, 0.358, 0.2375, 361.9, 
401.5, 432.9, 402.8, 168.6, 222.6, 107.2, 189.2, 238.5, 632.9, 
550.4, 2218, 1151, 1420, 895, 916, 2, 3, 1, 1, 1297, 576, 1, 
3, 1, 9, 4, 1664, 1649, 1596, 1592, 1, 5, 100, 100, 100, 100, 
100, 100, 100, 100, 100, 100, 100, 2500, 2500, 2500, 2500, 2500, 
2500, 2500, 2500, 2500, 2500, 2500, 9964.427, 11064.901, 12759.977, 
13888.586, 14680.656, 15891.628, 16811.58, 19410.717, 19836.484, 
21487.683, 22354.106, 1, 1, 1, 1, 1, 1, 1, 1, 1, 1, 1, 0.33333, 
0.33333, 0.33333, 0.33333, 0.33333, 0.33333, 0.33333, 0.33333, 
0.33333, 0.33333, 0.33333, 0, 0, 0, 0, 0, 0, 0, 0, 0, 0, 0, 0, 
0, 0, 0, 0, 0, 0, 0, 0, 0, 0, 0.90008, 0.90242, 0.8984, 0.89746, 
0.89957, 0.90259, 0.90517, 0.90859, 0.91056, 0.91036, 0.91198, 
0.90008, 0.90242, 0.8984, 0.89746, 0.89957, 0.90259, 0.90517, 
0.90859, 0.91056, 0.91036, 0.91198, 0.034, 0.0402, 0.052, 0.059, 
0.0683, 0.0745, 0.0772, 0.0875, 0.0923, 0.1048, 0.1189, 119.6, 
133.1, 152.2, 164.1, 175.9, 179.6, 191.7, 192.9, 199.3, 214.1, 
220, 1, 1, 1, 1, 1, 1, 1, 1, 1, 1, 1, 1, 1, 1, 1, 1, 1, 1, 1, 
1, 1, 1, 1, 1, 1, 1, 1, 1, 1, 1, 1, 1, 1, 1, 1, 1, 1, 1, 1, 1, 
1, 1, 1, 1, 2.68, 2.749, 3.026, 3.031, 3.147, 3.262, 3.092, 3.349, 
3.394, 3.516, 4.571), .Dim = c(11L, 40L), .Dimnames = list(NULL, 
    c("Sampling", "PSO.cost", "PSO.gamma", "PSO.data.balancing", 
    "PSO.feature.selection", "PSO.valid.acc", "PSO.test.acc", 
    "PSO.train.time", "PSO.n.support.vectors", "PSO.index", "PSO.n.solutions", 
    "PSO.generations", "PSO.n.evaluations", "PSO.cpu.time", "RS.cost", 
    "RS.gamma", "RS.data.balancing", "RS.feature.selection", 
    "RS.valid.acc", "RS.test.acc", "RS.train.time", "RS.n.support.vectors", 
    "RS.index", "RS.n.solutions", "RS.generations", "RS.n.evaluations", 
    "RS.cpu.time", "DF.cost", "DF.gamma", "DF.data.balancing", 
    "DF.feature.selection", "DF.valid.acc", "DF.test.acc", "DF.train.time", 
    "DF.n.support.vectors", "DF.index", "DF.n.solutions", "DF.generations", 
    "DF.n.evaluations", "DF.cpu.time")))
