full <-
structure(c(50, 55, 60, 65, 70, 75, 80, 85, 90, 95, 100, 14.26365, 
0.51815, 0.87087, 1.33801, 0.87499, 0.69515, 0.5289, 0.72182, 
1.79096, -0.48315, -0.83383, -7.89335, 3, 2.7358, 2.20455, 2.59459, 
2.80949, 2.64501, 1.67348, 0.09108, 3, 2.6423, 0, 0, 0, 0, 0, 
0, 0, 0, 0, 0, 0, 0, 0, 0, 0, 0, 0, 0, 0, 0, 0, 0, 0.9171, 0.91597, 
0.91987, 0.91328, 0.92218, 0.91857, 0.92368, 0.91943, 0.91373, 
0.91429, 0.9129, 0.90966, 0.91428, 0.9121, 0.91323, 0.92206, 
0.91732, 0.91789, 0.91506, 0.91265, 0.91429, 0.9129, 0.7815, 
0.1539, 0.1661, 0.1475, 0.1925, 0.258, 0.2548, 0.1465, 0.0833, 
0.3879, 0.2814, 92.1, 418.8, 432.6, 405.7, 476.7, 522.9, 530.5, 
376.1, 198.5, 653.1, 618.7, 279, 376, 1096, 2451, 1510, 673, 
2330, 1084, 2358, 872, 186, 212, 471, 69, 1, 28, 331, 1, 37, 
1, 205, 400, 100, 100, 100, 100, 100, 100, 100, 100, 100, 100, 
100, 2500, 2500, 2500, 2500, 2500, 2500, 2500, 2500, 2500, 2500, 
2500, 19941.322, 9415.049, 9257.541, 11349.208, 13490.158, 13536.124, 
13192.307, 15022.065, 15840.767, 19157.618, 20698.011, 13.10027, 
0.35041, 0.91372, 1.03989, 0.6392, 0.50964, 0.40352, 0.51262, 
-0.33391, -0.54928, -0.498, -7.37075, 2.34203, 2.48897, 2.01256, 
2.98528, 2.85734, 2.78878, 2.14523, 2.42211, 2.62945, 2.31173, 
0, 0, 0, 0, 0, 0, 0, 0, 0, 0, 0, 0, 0, 0, 0, 0, 0, 0, 0, 0, 0, 
0, 0.9171, 0.91428, 0.91833, 0.91613, 0.92206, 0.91614, 0.9202, 
0.91835, 0.91372, 0.91429, 0.9129, 0.90966, 0.91258, 0.91523, 
0.91321, 0.92067, 0.91612, 0.9167, 0.91401, 0.91162, 0.91429, 
0.9129, 0.5269, 0.1155, 0.1424, 0.1132, 0.2527, 0.2602, 0.2442, 
0.2024, 0.2183, 0.3012, 0.2625, 99.6, 373, 414.2, 375.2, 508.9, 
527.6, 543.9, 477.9, 545.7, 599.7, 557, 1017, 151, 2254, 591, 
1524, 1389, 1261, 876, 165, 84, 1703, 1, 2, 2, 1, 1, 1, 3, 4, 
1, 4, 2, 100, 100, 100, 100, 100, 100, 100, 100, 100, 100, 100, 
2500, 2500, 2500, 2500, 2500, 2500, 2500, 2500, 2500, 2500, 2500, 
8722.632, 9862.44899999999, 10359.252, 13534.221, 14635.002, 
16264.776, 17231.849, 20220.355, 21743.268, 24001.338, 25480.496, 
1, 1, 1, 1, 1, 1, 1, 1, 1, 1, 1, 0.33333, 0.33333, 0.33333, 0.33333, 
0.33333, 0.33333, 0.33333, 0.33333, 0.33333, 0.33333, 0.33333, 
0, 0, 0, 0, 0, 0, 0, 0, 0, 0, 0, 0, 0, 0, 0, 0, 0, 0, 0, 0, 0, 
0, 0.91155, 0.91258, 0.91523, 0.91176, 0.91413, 0.91364, 0.91675, 
0.91509, 0.91162, 0.91333, 0.91198, 0.91155, 0.91258, 0.91523, 
0.91319, 0.91413, 0.91364, 0.91675, 0.91509, 0.91162, 0.91333, 
0.91198, 0.034, 0.0398, 0.0443, 0.0538, 0.0559, 0.0628, 0.0727, 
0.0846, 0.0893, 0.1089, 0.1194, 115.6, 124.7, 124.5, 135.6, 138.7, 
156.3, 162.9, 177.5, 197.2, 208, 219.9, 1, 1, 1, 1, 1, 1, 1, 
1, 1, 1, 1, 1, 1, 1, 1, 1, 1, 1, 1, 1, 1, 1, 1, 1, 1, 1, 1, 1, 
1, 1, 1, 1, 1, 1, 1, 1, 1, 1, 1, 1, 1, 1, 1, 1, 2.801, 2.857, 
2.905, 3.91, 3.973, 3.752, 4.015, 4.265, 3.952, 4.581, 4.642), .Dim = c(11L, 
40L), .Dimnames = list(NULL, c("Sampling", "PSO.cost", "PSO.gamma", 
"PSO.data.balancing", "PSO.feature.selection", "PSO.valid.acc", 
"PSO.test.acc", "PSO.train.time", "PSO.n.support.vectors", "PSO.index", 
"PSO.n.solutions", "PSO.generations", "PSO.n.evaluations", "PSO.cpu.time", 
"RS.cost", "RS.gamma", "RS.data.balancing", "RS.feature.selection", 
"RS.valid.acc", "RS.test.acc", "RS.train.time", "RS.n.support.vectors", 
"RS.index", "RS.n.solutions", "RS.generations", "RS.n.evaluations", 
"RS.cpu.time", "DF.cost", "DF.gamma", "DF.data.balancing", "DF.feature.selection", 
"DF.valid.acc", "DF.test.acc", "DF.train.time", "DF.n.support.vectors", 
"DF.index", "DF.n.solutions", "DF.generations", "DF.n.evaluations", 
"DF.cpu.time")))
