full <-
structure(c(50, 55, 60, 65, 70, 75, 80, 85, 90, 95, 100, 1, -0.24756, 
15, 14.86908, -0.14399, -0.10873, -0.03205, 0.20905, 0.23993, 
0.15154, 1, 0.33333, 2.60387, -6.06123, -5.22058, 2.39828, 2.46262, 
2.16476, 2.79808, 2.4072, 2.90028, 0.33333, 0, 0, 0, 0, 0, 0, 
0, 0, 0, 0, 0, 0, 0, 0, 0, 0, 0, 0, 0, 0, 0, 0, 0.90759, 0.9026, 
0.90742, 0.90747, 0.90755, 0.91004, 0.91323, 0.91405, 0.9146, 
0.91329, 0.912, 0.90759, 0.90088, 0.90285, 0.89907, 0.90619, 
0.91004, 0.9121, 0.91076, 0.91051, 0.91037, 0.912, 0.0329, 0.118, 
2.0918, 2.2662, 0.1567, 0.1714, 0.1652, 0.2715, 0.2413, 0.371, 
0.1117, 114.2, 389.8, 120.7, 132.4, 455.9, 478.6, 458.1, 573.8, 
545.2, 645.5, 218.8, 1, 1367, 155, 1290, 1232, 1250, 667, 686, 
512, 2480, 1, 2071, 46, 101, 146, 86, 205, 226, 366, 267, 1, 
1803, 100, 100, 100, 100, 100, 100, 100, 100, 100, 100, 100, 
2500, 2500, 2500, 2500, 2500, 2500, 2500, 2500, 2500, 2500, 2500, 
9173.153, 8396.874, 17746.567, 22310.014, 14649.128, 13306.034, 
11861.46, 13605.083, 19615.152, 15004.78, 21539.452, 0.28183, 
-0.3181, 14.52269, 14.93573, -0.11688, -0.17636, 0.07135, 0.05, 
0.14412, -0.09736, 1.41353, 2.116, 2.37732, -5.92366, -5.3199, 
2.33915, 2.32448, 2.1683, 2.59947, 2.46536, 2.89499, -5.58144, 
0, 0, 0, 0, 0, 0, 0, 0, 0, 0, 0, 0, 0, 0, 0, 0, 0, 0, 0, 0, 0, 
0, 0.91123, 0.9026, 0.90742, 0.90747, 0.90755, 0.91004, 0.91321, 
0.91188, 0.9146, 0.91232, 0.912, 0.90749, 0.90088, 0.90285, 0.90047, 
0.90619, 0.90884, 0.9121, 0.90967, 0.91256, 0.91134, 0.912, 0.0817, 
0.1066, 1.5578, 2.4663, 0.1476, 0.1733, 0.1607, 0.2455, 0.2516, 
0.3567, 0.1237, 318.9, 369.5, 123.3, 130.8, 450, 460.8, 460.3, 
545.2, 555.2, 644.7, 297.3, 105, 175, 563, 1457, 1612, 1071, 
1484, 2130, 646, 540, 2, 2, 2, 2, 1, 1, 1, 1, 1, 1, 1, 1550, 
100, 100, 100, 100, 100, 100, 100, 100, 100, 100, 100, 2500, 
2500, 2500, 2500, 2500, 2500, 2500, 2500, 2500, 2500, 2500, 9428.81, 
10320.874, 11117.058, 13050.408, 13791.203, 16712.871, 18337.439, 
20413.32, 20152.867, 21230.521, 23642.562, 1, 1, 1, 1, 1, 1, 
1, 1, 1, 1, 1, 0.33333, 0.33333, 0.33333, 0.33333, 0.33333, 0.33333, 
0.33333, 0.33333, 0.33333, 0.33333, 0.33333, 0, 0, 0, 0, 0, 0, 
0, 0, 0, 0, 0, 0, 0, 0, 0, 0, 0, 0, 0, 0, 0, 0, 0.90759, 0.90257, 
0.90441, 0.90472, 0.90491, 0.90634, 0.90981, 0.9086, 0.90949, 
0.90937, 0.912, 0.90759, 0.90257, 0.90441, 0.90472, 0.90491, 
0.90634, 0.90981, 0.9086, 0.90949, 0.90937, 0.912, 0.0323, 0.0398, 
0.0469, 0.0512, 0.0661, 0.0687, 0.074, 0.0873, 0.0953, 0.106, 
0.1082, 114.2, 131.7, 140, 148.2, 162.6, 174.3, 179.7, 196.2, 
204, 215.7, 218.8, 1, 1, 1, 1, 1, 1, 1, 1, 1, 1, 1, 1, 1, 1, 
1, 1, 1, 1, 1, 1, 1, 1, 1, 1, 1, 1, 1, 1, 1, 1, 1, 1, 1, 1, 1, 
1, 1, 1, 1, 1, 1, 1, 1, 1, 2.625, 2.751, 2.974, 2.867, 3.346, 
3.17, 3.232, 3.403, 3.466, 3.601, 3.511), .Dim = c(11L, 40L), .Dimnames = list(
    NULL, c("Sampling", "PSO.cost", "PSO.gamma", "PSO.data.balancing", 
    "PSO.feature.selection", "PSO.valid.acc", "PSO.test.acc", 
    "PSO.train.time", "PSO.n.support.vectors", "PSO.index", "PSO.n.solutions", 
    "PSO.generations", "PSO.n.evaluations", "PSO.cpu.time", "RS.cost", 
    "RS.gamma", "RS.data.balancing", "RS.feature.selection", 
    "RS.valid.acc", "RS.test.acc", "RS.train.time", "RS.n.support.vectors", 
    "RS.index", "RS.n.solutions", "RS.generations", "RS.n.evaluations", 
    "RS.cpu.time", "DF.cost", "DF.gamma", "DF.data.balancing", 
    "DF.feature.selection", "DF.valid.acc", "DF.test.acc", "DF.train.time", 
    "DF.n.support.vectors", "DF.index", "DF.n.solutions", "DF.generations", 
    "DF.n.evaluations", "DF.cpu.time")))
