full <-
structure(c(50, 55, 60, 65, 70, 75, 80, 85, 90, 95, 100, 1.80573, 
1, 0.74426, 0.6222, 0.65627, 0.64576, 0.38158, 0.57238, 0.55907, 
1.08685, -0.1263, -0.24046, 0.33333, 2.37447, 2.78595, 2.93947, 
2.93325, 2.65782, 2.94522, 2.96934, 2.34521, 2.73455, 0, 0, 0, 
0, 0, 0, 0, 0, 0, 0, 0, 0, 0, 0, 0, 0, 0, 0, 0, 0, 0, 0, 0.91876, 
0.91084, 0.91839, 0.91748, 0.91948, 0.91872, 0.92027, 0.92273, 
0.9188, 0.9192, 0.91291, 0.9131, 0.90915, 0.91685, 0.91889, 0.92081, 
0.9175, 0.91567, 0.91945, 0.91363, 0.91236, 0.91291, 0.0338, 
0.0377, 0.1245, 0.1929, 0.2167, 0.2711, 0.2524, 0.3339, 0.3669, 
0.2668, 0.3445, 120.5, 119, 397.9, 457.2, 505.9, 529.9, 537.9, 
590.5, 619.8, 548.9, 639.8, 1328, 1, 1313, 458, 973, 493, 1084, 
745, 2406, 1842, 1026, 32, 1903, 32, 673, 319, 594, 166, 274, 
13, 31, 26, 100, 100, 100, 100, 100, 100, 100, 100, 100, 100, 
100, 2500, 2500, 2500, 2500, 2500, 2500, 2500, 2500, 2500, 2500, 
2500, 15299.421, 11037.096, 9845.419, 10211.876, 11808.337, 13863.764, 
17891.493, 16322.152, 19802.057, 18614.768, 20769.464, 1.03928, 
1.28379, 1.12244, -0.04108, 0.46382, 0.43134, 0.28773, 0.28949, 
0.70776, 1.01498, -0.25588, 2.20337, -11.56845, 1.89034, 2.2489, 
2.73266, 2.39, 2.64794, 2.47264, 2.95399, 2.46169, 2.5758, 0, 
0, 0, 0, 0, 0, 0, 0, 0, 0, 0, 0, 0, 0, 0, 0, 0, 0, 0, 0, 0, 0, 
0.92233, 0.91084, 0.91529, 0.91464, 0.91813, 0.91623, 0.9191, 
0.92164, 0.91672, 0.91819, 0.91291, 0.91499, 0.91084, 0.9106, 
0.91323, 0.91946, 0.91501, 0.9145, 0.91837, 0.9157, 0.91233, 
0.91105, 0.0982, 0.0229, 0.0918, 0.1297, 0.2021, 0.1961, 0.2492, 
0.2396, 0.3657, 0.2884, 0.3064, 328.8, 70.7, 339.9, 408.8, 491.6, 
476.8, 536.4, 529.8, 620.2, 572.4, 612.2, 1328, 2, 693, 99, 1353, 
1865, 486, 1388, 495, 33, 1141, 1, 1379, 2, 11, 1, 1, 1, 1, 1, 
1, 1, 100, 100, 100, 100, 100, 100, 100, 100, 100, 100, 100, 
2500, 2500, 2500, 2500, 2500, 2500, 2500, 2500, 2500, 2500, 2500, 
9753.716, 10256.271, 11261.889, 12097.396, 13093.171, 16291.926, 
18626.31, 18682.945, 21595.854, 21280.189, 25693.609, 1, 1, 1, 
1, 1, 1, 1, 1, 1, 1, 1, 0.33333, 0.33333, 0.33333, 0.33333, 0.33333, 
0.33333, 0.33333, 0.33333, 0.33333, 0.33333, 0.33333, 0, 0, 0, 
0, 0, 0, 0, 0, 0, 0, 0, 0, 0, 0, 0, 0, 0, 0, 0, 0, 0, 0, 0.91687, 
0.91084, 0.91226, 0.91323, 0.91546, 0.91378, 0.91219, 0.91512, 
0.91368, 0.91432, 0.91198, 0.91687, 0.90915, 0.91075, 0.91323, 
0.91546, 0.91378, 0.91219, 0.91512, 0.91368, 0.91432, 0.91198, 
0.0331, 0.035, 0.0433, 0.0517, 0.0552, 0.0692, 0.0777, 0.0846, 
0.0951, 0.1047, 0.1175, 106.3, 119, 124.9, 138.5, 150.5, 154.9, 
173.6, 176.3, 188.1, 203.3, 223.2, 1, 1, 1, 1, 1, 1, 1, 1, 1, 
1, 1, 1, 1, 1, 1, 1, 1, 1, 1, 1, 1, 1, 1, 1, 1, 1, 1, 1, 1, 1, 
1, 1, 1, 1, 1, 1, 1, 1, 1, 1, 1, 1, 1, 1, 2.772, 2.578, 2.857, 
3.019, 2.87, 4.099, 4.168, 4.236, 4.314, 4.356, 4.522), .Dim = c(11L, 
40L), .Dimnames = list(NULL, c("Sampling", "PSO.cost", "PSO.gamma", 
"PSO.data.balancing", "PSO.feature.selection", "PSO.valid.acc", 
"PSO.test.acc", "PSO.train.time", "PSO.n.support.vectors", "PSO.index", 
"PSO.n.solutions", "PSO.generations", "PSO.n.evaluations", "PSO.cpu.time", 
"RS.cost", "RS.gamma", "RS.data.balancing", "RS.feature.selection", 
"RS.valid.acc", "RS.test.acc", "RS.train.time", "RS.n.support.vectors", 
"RS.index", "RS.n.solutions", "RS.generations", "RS.n.evaluations", 
"RS.cpu.time", "DF.cost", "DF.gamma", "DF.data.balancing", "DF.feature.selection", 
"DF.valid.acc", "DF.test.acc", "DF.train.time", "DF.n.support.vectors", 
"DF.index", "DF.n.solutions", "DF.generations", "DF.n.evaluations", 
"DF.cpu.time")))
