full <-
structure(c(50, 55, 60, 65, 70, 75, 80, 85, 90, 95, 100, 0.39176, 
0.70364, 0.44194, 1.31186, 0.60449, 0.51353, 0.53887, -0.31773, 
1, 1, -0.29755, 1.10667, 1.0402, 1.68535, 2.41114, 2.02116, 2.80898, 
2.45213, 2.69273, 0.33333, 0.33333, 1.96817, 0, 0, 0, 0, 0, 0, 
0, 0, 0, 0, 0, 0, 0, 0, 0, 0, 0, 0, 0, 0, 0, 0, 0.90941, 0.91453, 
0.90586, 0.91041, 0.90883, 0.90634, 0.90745, 0.90863, 0.91057, 
0.90844, 0.91386, 0.90193, 0.90444, 0.90122, 0.90035, 0.90752, 
0.90265, 0.90518, 0.90754, 0.91057, 0.90844, 0.91199, 0.0352, 
0.0366, 0.0596, 0.1012, 0.0899, 0.1641, 0.1511, 0.1752, 0.0632, 
0.0702, 0.1388, 222.9, 217, 320.4, 420.6, 403.1, 524.9, 512.3, 
567.2, 199.7, 209.1, 477.2, 361, 773, 164, 463, 1701, 1081, 2308, 
356, 1, 1, 254, 525, 84, 84, 616, 54, 353, 2, 613, 2027, 1897, 
549, 100, 100, 100, 100, 100, 100, 100, 100, 100, 100, 100, 2500, 
2500, 2500, 2500, 2500, 2500, 2500, 2500, 2500, 2500, 2500, 8648.002, 
9003.963, 10715.07, 11035.695, 12159.958, 11098.05, 10451.876, 
11502.764, 14257.828, 15374.169, 13705.264, 0.57999, 1.46954, 
-0.64232, 1.22284, 0.08765, -0.06179, 0.51856, -0.40057, -0.6717, 
7.89779, -0.26165, 1.44456, 2.11647, 2.2657, 2.36545, 1.72352, 
2.39553, 2.46174, 2.36878, 2.80596, -6.57414, 1.70571, 0, 0, 
0, 0, 0, 0, 0, 0, 0, 0, 0, 0, 0, 0, 0, 0, 0, 0, 0, 0, 0, 0, 0.90756, 
0.91441, 0.90435, 0.90896, 0.90618, 0.90388, 0.90745, 0.90863, 
0.91159, 0.90844, 0.91386, 0.90749, 0.90065, 0.90435, 0.90035, 
0.90617, 0.9014, 0.904, 0.90645, 0.91159, 0.90844, 0.91199, 0.0423, 
0.0653, 0.0764, 0.0988, 0.073, 0.126, 0.1512, 0.1412, 0.1932, 
0.4206, 0.1164, 261.6, 340.8, 383.2, 415.3, 349.7, 477.8, 512.4, 
519.2, 598, 386.3, 418.5, 402, 193, 157, 1658, 2480, 1590, 1822, 
823, 2056, 1, 249, 1, 2, 2, 1, 1, 2, 1, 2, 1, 1451, 2, 100, 100, 
100, 100, 100, 100, 100, 100, 100, 100, 100, 2500, 2500, 2500, 
2500, 2500, 2500, 2500, 2500, 2500, 2500, 2500, 9917.4, 10251.077, 
11552.161, 12807.767, 14074.833, 14819.35, 16504.132, 17929.266, 
19715.098, 20453.326, 21272.947, 1, 1, 1, 1, 1, 1, 1, 1, 1, 1, 
1, 0.33333, 0.33333, 0.33333, 0.33333, 0.33333, 0.33333, 0.33333, 
0.33333, 0.33333, 0.33333, 0.33333, 0, 0, 0, 0, 0, 0, 0, 0, 0, 
0, 0, 0, 0, 0, 0, 0, 0, 0, 0, 0, 0, 0, 0.90193, 0.90599, 0.90281, 
0.90324, 0.90485, 0.9014, 0.90518, 0.90752, 0.91057, 0.90844, 
0.912, 0.90193, 0.90599, 0.90281, 0.90324, 0.90485, 0.90015, 
0.90518, 0.90752, 0.91057, 0.90844, 0.912, 0.0231, 0.0252, 0.0316, 
0.0359, 0.0404, 0.0459, 0.0504, 0.0589, 0.0631, 0.0703, 0.0779, 
117.4, 119.8, 141.4, 150.7, 160.6, 169.7, 177, 197.3, 199.7, 
209.1, 221, 1, 1, 1, 1, 1, 1, 1, 1, 1, 1, 1, 1, 1, 1, 1, 1, 1, 
1, 1, 1, 1, 1, 1, 1, 1, 1, 1, 1, 1, 1, 1, 1, 1, 1, 1, 1, 1, 1, 
1, 1, 1, 1, 1, 1, 3.26, 3.288, 3.445, 3.444, 3.361, 3.527, 3.46, 
3.671, 3.632, 3.724, 3.745), .Dim = c(11L, 40L), .Dimnames = list(
    NULL, c("Sampling", "PSO.cost", "PSO.gamma", "PSO.data.balancing", 
    "PSO.feature.selection", "PSO.valid.acc", "PSO.test.acc", 
    "PSO.train.time", "PSO.n.support.vectors", "PSO.index", "PSO.n.solutions", 
    "PSO.generations", "PSO.n.evaluations", "PSO.cpu.time", "RS.cost", 
    "RS.gamma", "RS.data.balancing", "RS.feature.selection", 
    "RS.valid.acc", "RS.test.acc", "RS.train.time", "RS.n.support.vectors", 
    "RS.index", "RS.n.solutions", "RS.generations", "RS.n.evaluations", 
    "RS.cpu.time", "DF.cost", "DF.gamma", "DF.data.balancing", 
    "DF.feature.selection", "DF.valid.acc", "DF.test.acc", "DF.train.time", 
    "DF.n.support.vectors", "DF.index", "DF.n.solutions", "DF.generations", 
    "DF.n.evaluations", "DF.cpu.time")))
