full <-
structure(c(50, 55, 60, 65, 70, 75, 80, 85, 90, 95, 100, 0.70138, 
0.22987, 0.32431, 0.04871, 0.47274, 0.07926, 0.19188, 0.29264, 
-0.17035, 15, 1, 2.27139, 2.8381, 3, 2.59175, 2.75785, 1.83851, 
2.52037, 2.4721, 2.68357, -6.79481, 0.33333, 0, 0, 0, 0, 0, 0, 
0, 0, 0, 0, 0, 0, 0, 0, 0, 0, 0, 0, 0, 0, 0, 0, 0.91675, 0.92098, 
0.91366, 0.91457, 0.91558, 0.91377, 0.91095, 0.914, 0.91672, 
0.91234, 0.91202, 0.91668, 0.92098, 0.91054, 0.90751, 0.91427, 
0.91379, 0.90865, 0.91071, 0.91362, 0.91137, 0.91202, 0.0809, 
0.1234, 0.1608, 0.1579, 0.2093, 0.1208, 0.2024, 0.2054, 0.2527, 
10.8205, 0.1218, 327.8, 393.9, 443.2, 436.9, 486, 375, 508.5, 
528.7, 579.6, 179.1, 221.2, 592, 360, 166, 1984, 624, 304, 1010, 
915, 848, 89, 1, 438, 876, 862, 8, 549, 377, 178, 359, 268, 337, 
1863, 100, 100, 100, 100, 100, 100, 100, 100, 100, 100, 100, 
2500, 2500, 2500, 2500, 2500, 2500, 2500, 2500, 2500, 2500, 2500, 
8131.617, 9533.016, 10720.32, 12929.3, 14286.199, 13066.914, 
17238.053, 16484.538, 18765.142, 64969.76, 21704.971, 0.59692, 
0.00884, 0.71528, 0.17602, -0.34817, -0.00134, -0.04233, -0.19896, 
-0.14044, 10.5784, -0.16638, 2.32286, 2.243, 2.47413, 2.37604, 
2.53464, 2.2343, 2.95189, 2.69676, 2.70566, -5.38085, 2.70061, 
0, 0, 0, 0, 0, 0, 0, 0, 0, 0, 0, 0, 0, 0, 0, 0, 0, 0, 0, 0, 0, 
0, 0.91672, 0.91929, 0.91054, 0.91314, 0.91423, 0.91252, 0.91094, 
0.91288, 0.91567, 0.91234, 0.91291, 0.91487, 0.91929, 0.91054, 
0.90893, 0.91423, 0.91379, 0.9098, 0.91181, 0.91362, 0.91137, 
0.912, 0.0845, 0.0887, 0.1361, 0.1457, 0.1597, 0.1648, 0.2923, 
0.2352, 0.2555, 2.3723, 0.3285, 332.6, 345.4, 401.7, 416.6, 459.3, 
441.3, 564.2, 557.1, 581.2, 250.5, 636.2, 670, 601, 617, 1563, 
250, 486, 317, 743, 387, 42, 946, 3, 1, 1, 2, 3, 1, 1, 2, 1, 
33, 2, 100, 100, 100, 100, 100, 100, 100, 100, 100, 100, 100, 
2500, 2500, 2500, 2500, 2500, 2500, 2500, 2500, 2500, 2500, 2500, 
9145.035, 9960.112, 14787.293, 16744.759, 17545.887, 19059.889, 
20704.804, 22866.286, 24522.213, 27190.86, 28577.464, 1, 1, 1, 
1, 1, 1, 1, 1, 1, 1, 1, 0.33333, 0.33333, 0.33333, 0.33333, 0.33333, 
0.33333, 0.33333, 0.33333, 0.33333, 0.33333, 0.33333, 0, 0, 0, 
0, 0, 0, 0, 0, 0, 0, 0, 0, 0, 0, 0, 0, 0, 0, 0, 0, 0, 0, 0.91123, 
0.91254, 0.90597, 0.90469, 0.90886, 0.90757, 0.90635, 0.90962, 
0.91158, 0.91137, 0.91202, 0.91123, 0.91254, 0.90294, 0.90469, 
0.90886, 0.90757, 0.90635, 0.90962, 0.91158, 0.91137, 0.91202, 
0.0332, 0.0372, 0.0516, 0.0599, 0.0633, 0.0799, 0.0908, 0.0958, 
0.1013, 0.1124, 0.119, 114, 123.4, 148.4, 165, 170.3, 184.9, 
197.3, 201, 209.2, 213.7, 221.2, 1, 1, 1, 1, 1, 1, 1, 1, 1, 1, 
1, 1, 1, 1, 1, 1, 1, 1, 1, 1, 1, 1, 1, 1, 1, 1, 1, 1, 1, 1, 1, 
1, 1, 1, 1, 1, 1, 1, 1, 1, 1, 1, 1, 1, 2.914, 2.794, 3.941, 4.171, 
3.951, 4.259, 4.707, 4.677, 4.682, 5.259, 5.246), .Dim = c(11L, 
40L), .Dimnames = list(NULL, c("Sampling", "PSO.cost", "PSO.gamma", 
"PSO.data.balancing", "PSO.feature.selection", "PSO.valid.acc", 
"PSO.test.acc", "PSO.train.time", "PSO.n.support.vectors", "PSO.index", 
"PSO.n.solutions", "PSO.generations", "PSO.n.evaluations", "PSO.cpu.time", 
"RS.cost", "RS.gamma", "RS.data.balancing", "RS.feature.selection", 
"RS.valid.acc", "RS.test.acc", "RS.train.time", "RS.n.support.vectors", 
"RS.index", "RS.n.solutions", "RS.generations", "RS.n.evaluations", 
"RS.cpu.time", "DF.cost", "DF.gamma", "DF.data.balancing", "DF.feature.selection", 
"DF.valid.acc", "DF.test.acc", "DF.train.time", "DF.n.support.vectors", 
"DF.index", "DF.n.solutions", "DF.generations", "DF.n.evaluations", 
"DF.cpu.time")))
