full <-
structure(c(50, 55, 60, 65, 70, 75, 80, 85, 90, 95, 100, 0.97412, 
1, 1.49268, 4.4111, 0.46163, -0.0564, 0.44234, 0.34521, 0.37915, 
0.21898, -0.01079, 0.00175, 0.33333, 1.53692, -2.44406, 2.16122, 
2.30711, 3, 2.50075, 2.94386, 3, 2.63001, 0, 0, 0, 0, 0, 0, 0, 
0, 0, 0, 0, 0, 0, 0, 0, 0, 0, 0, 0, 0, 0, 0, 0.92438, 0.92275, 
0.92138, 0.92039, 0.92461, 0.92229, 0.91675, 0.92059, 0.9147, 
0.91621, 0.91474, 0.92256, 0.92275, 0.91374, 0.91604, 0.91933, 
0.92229, 0.91444, 0.91948, 0.91265, 0.91523, 0.91288, 0.0372, 
0.0371, 0.0835, 0.0792, 0.1331, 0.1422, 0.2749, 0.2404, 0.3562, 
0.3837, 0.3117, 140.3, 110.1, 306.1, 139.1, 414.7, 450.7, 570.2, 
532.9, 616.8, 656.9, 621.9, 1380, 1, 854, 156, 214, 867, 543, 
520, 968, 401, 178, 32, 1987, 49, 62, 477, 405, 132, 458, 317, 
298, 603, 100, 100, 100, 100, 100, 100, 100, 100, 100, 100, 100, 
2500, 2500, 2500, 2500, 2500, 2500, 2500, 2500, 2500, 2500, 2500, 
7294.803, 9151.994, 9511.083, 29110.763, 9838.874, 10775.544, 
15145.373, 13310.449, 15878.288, 20380.102, 17056.465, 1.04935, 
0.21573, 1.47136, 0.01899, 0.37391, 0.37547, -0.20712, 0.44954, 
0.40041, 7.47156, 0.00803, 0.58492, -0.21029, 1.56576, 2.26923, 
2.01679, 2.13724, 2.06087, 1.82797, 2.21155, -3.89139, 2.368, 
0, 0, 0, 0, 0, 0, 0, 0, 0, 0, 0, 0, 0, 0, 0, 0, 0, 0, 0, 0, 0, 
0, 0.92434, 0.92439, 0.92138, 0.92178, 0.92461, 0.92227, 0.91789, 
0.91951, 0.91573, 0.91429, 0.91474, 0.92071, 0.92106, 0.91525, 
0.91892, 0.92065, 0.92105, 0.91678, 0.91842, 0.91467, 0.9133, 
0.91288, 0.0428, 0.0383, 0.0842, 0.1235, 0.1206, 0.1291, 0.1549, 
0.1516, 0.2036, 0.345, 0.2619, 178.7, 129.9, 309.3, 406.8, 390.2, 
424.9, 429.9, 413.8, 492.7, 188.1, 572.7, 106, 1639, 853, 632, 
1484, 164, 2429, 2162, 643, 5, 1957, 1, 2, 1, 1, 1, 5, 1, 1, 
2, 59, 1, 100, 100, 100, 100, 100, 100, 100, 100, 100, 100, 100, 
2500, 2500, 2500, 2500, 2500, 2500, 2500, 2500, 2500, 2500, 2500, 
8220.92, 9716.846, 11184.508, 13848.845, 14232.773, 16373.112, 
17508.606, 18490.842, 19474.782, 20898.003, 25153.36, 1, 1, 1, 
1, 1, 1, 1, 1, 1, 1, 1, 0.33333, 0.33333, 0.33333, 0.33333, 0.33333, 
0.33333, 0.33333, 0.33333, 0.33333, 0.33333, 0.33333, 0, 0, 0, 
0, 0, 0, 0, 0, 0, 0, 0, 0, 0, 0, 0, 0, 0, 0, 0, 0, 0, 0, 0.91882, 
0.92275, 0.91675, 0.9189, 0.9167, 0.91737, 0.9156, 0.91297, 0.91161, 
0.9133, 0.91197, 0.91882, 0.92275, 0.91523, 0.9189, 0.9167, 0.91737, 
0.9156, 0.91297, 0.91161, 0.9133, 0.91197, 0.0301, 0.0367, 0.046, 
0.0562, 0.0568, 0.0632, 0.0749, 0.0841, 0.0948, 0.1002, 0.1148, 
94, 110.1, 134.8, 150.8, 157.8, 164.5, 171.4, 191.9, 202.7, 210.2, 
223.4, 1, 1, 1, 1, 1, 1, 1, 1, 1, 1, 1, 1, 1, 1, 1, 1, 1, 1, 
1, 1, 1, 1, 1, 1, 1, 1, 1, 1, 1, 1, 1, 1, 1, 1, 1, 1, 1, 1, 1, 
1, 1, 1, 1, 1, 2.8, 2.853, 2.953, 3.063, 2.846, 2.947, 3.223, 
3.311, 3.338, 3.432, 3.704), .Dim = c(11L, 40L), .Dimnames = list(
    NULL, c("Sampling", "PSO.cost", "PSO.gamma", "PSO.data.balancing", 
    "PSO.feature.selection", "PSO.valid.acc", "PSO.test.acc", 
    "PSO.train.time", "PSO.n.support.vectors", "PSO.index", "PSO.n.solutions", 
    "PSO.generations", "PSO.n.evaluations", "PSO.cpu.time", "RS.cost", 
    "RS.gamma", "RS.data.balancing", "RS.feature.selection", 
    "RS.valid.acc", "RS.test.acc", "RS.train.time", "RS.n.support.vectors", 
    "RS.index", "RS.n.solutions", "RS.generations", "RS.n.evaluations", 
    "RS.cpu.time", "DF.cost", "DF.gamma", "DF.data.balancing", 
    "DF.feature.selection", "DF.valid.acc", "DF.test.acc", "DF.train.time", 
    "DF.n.support.vectors", "DF.index", "DF.n.solutions", "DF.generations", 
    "DF.n.evaluations", "DF.cpu.time")))
