full <-
structure(c(50, 55, 60, 65, 70, 75, 80, 85, 90, 95, 100, 1, 1, 
2.43759, 0.26884, 6.41434, 3.44706, 0.35643, 0.10222, -0.46186, 
-0.62521, -0.01025, 0.33333, 0.33333, -1.19097, 0.02847, -1.71188, 
-1.76381, 1.50085, 1.67186, 2.42, 2.60244, 2.22273, 0, 0, 0, 
0, 0, 0, 0, 0, 0, 0, 0, 0, 0, 0, 0, 0, 0, 0, 0, 0, 0, 0, 0.9112, 
0.91087, 0.91213, 0.91601, 0.91545, 0.91488, 0.9167, 0.91954, 
0.91779, 0.91624, 0.91383, 0.9112, 0.91087, 0.90903, 0.90897, 
0.90491, 0.90499, 0.91205, 0.91301, 0.91881, 0.91624, 0.9129, 
0.0311, 0.0346, 0.0433, 0.0447, 0.0791, 0.0689, 0.122, 0.1408, 
0.2401, 0.2539, 0.2248, 106.6, 111.6, 125.8, 151.3, 143.4, 146.3, 
354.1, 380.6, 538.3, 585.2, 544.6, 1, 1, 1314, 767, 1100, 785, 
2145, 756, 492, 347, 2317, 1721, 1875, 37, 123, 50, 137, 11, 
350, 524, 334, 3, 100, 100, 100, 100, 100, 100, 100, 100, 100, 
100, 100, 2500, 2500, 2500, 2500, 2500, 2500, 2500, 2500, 2500, 
2500, 2500, 10586.495, 8527.149, 14198.785, 9489.85200000001, 
8977.561, 10385.432, 13667.179, 10540.414, 13599.165, 15519.152, 
23886.08, -0.22117, -1.12344, 3.84576, 0.66867, 5.41624, 3.68489, 
0.68937, 0.39085, -0.3832, 0.04966, 0.02799, 1.48055, -0.3833, 
-2.01424, -0.84399, -1.32395, -1.9137, 1.92216, 0.63304, 1.66057, 
2.29324, 2.34238, 0, 0, 0, 0, 0, 0, 0, 0, 0, 0, 0, 0, 0, 0, 0, 
0, 0, 0, 0, 0, 0, 0, 0.91299, 0.91087, 0.9106, 0.91321, 0.91543, 
0.91366, 0.91555, 0.91733, 0.91779, 0.91624, 0.91475, 0.90928, 
0.91087, 0.90288, 0.90613, 0.90491, 0.90499, 0.90981, 0.91411, 
0.91778, 0.91525, 0.9129, 0.0587, 0.0315, 0.0484, 0.048, 0.0687, 
0.0711, 0.162, 0.0867, 0.1406, 0.2194, 0.2515, 250, 118.5, 123.6, 
136, 145, 146.4, 432.5, 235.8, 381.5, 530.4, 568.8, 829, 5, 838, 
443, 1487, 695, 2187, 645, 1436, 320, 865, 1, 1496, 3, 1, 1, 
3, 1, 2, 7, 4, 4, 100, 100, 100, 100, 100, 100, 100, 100, 100, 
100, 100, 2500, 2500, 2500, 2500, 2500, 2500, 2500, 2500, 2500, 
2500, 2500, 8858.403, 9623.902, 11039.632, 11946.216, 13523.609, 
14137.898, 15062.848, 16045.517, 18370.493, 20123.957, 22746.892, 
1, 1, 1, 1, 1, 1, 1, 1, 1, 1, 1, 0.33333, 0.33333, 0.33333, 0.33333, 
0.33333, 0.33333, 0.33333, 0.33333, 0.33333, 0.33333, 0.33333, 
0, 0, 0, 0, 0, 0, 0, 0, 0, 0, 0, 0, 0, 0, 0, 0, 0, 0, 0, 0, 0, 
0, 0.9112, 0.91087, 0.90903, 0.91178, 0.91408, 0.91121, 0.9121, 
0.91516, 0.91573, 0.91527, 0.91199, 0.9112, 0.91087, 0.90903, 
0.91178, 0.91408, 0.91121, 0.9121, 0.91516, 0.91573, 0.91527, 
0.91199, 0.0304, 0.0354, 0.0409, 0.0485, 0.0573, 0.062, 0.069, 
0.0734, 0.0838, 0.1025, 0.1117, 106.6, 111.6, 128.5, 132.9, 148.8, 
152.5, 162.6, 168, 185.5, 209.2, 221.7, 1, 1, 1, 1, 1, 1, 1, 
1, 1, 1, 1, 1, 1, 1, 1, 1, 1, 1, 1, 1, 1, 1, 1, 1, 1, 1, 1, 1, 
1, 1, 1, 1, 1, 1, 1, 1, 1, 1, 1, 1, 1, 1, 1, 1, 2.665, 2.658, 
2.782, 3.001, 3.059, 3.11, 3.211, 3.098, 3.151, 3.402, 3.503), .Dim = c(11L, 
40L), .Dimnames = list(NULL, c("Sampling", "PSO.cost", "PSO.gamma", 
"PSO.data.balancing", "PSO.feature.selection", "PSO.valid.acc", 
"PSO.test.acc", "PSO.train.time", "PSO.n.support.vectors", "PSO.index", 
"PSO.n.solutions", "PSO.generations", "PSO.n.evaluations", "PSO.cpu.time", 
"RS.cost", "RS.gamma", "RS.data.balancing", "RS.feature.selection", 
"RS.valid.acc", "RS.test.acc", "RS.train.time", "RS.n.support.vectors", 
"RS.index", "RS.n.solutions", "RS.generations", "RS.n.evaluations", 
"RS.cpu.time", "DF.cost", "DF.gamma", "DF.data.balancing", "DF.feature.selection", 
"DF.valid.acc", "DF.test.acc", "DF.train.time", "DF.n.support.vectors", 
"DF.index", "DF.n.solutions", "DF.generations", "DF.n.evaluations", 
"DF.cpu.time")))
