full <-
structure(c(50, 55, 60, 65, 70, 75, 80, 85, 90, 95, 100, -0.23265, 
0.27731, 1.24213, 3.34686, -0.15002, 0.73305, 0.17294, -0.02182, 
14.89347, 0.1401, 0.00344, 2.52426, 1.39267, 0.65311, -1.87251, 
1.84001, 1.734, 2.52002, 2.73849, -7.17977, 2.5667, 1.96747, 
0, 0, 0, 0, 0, 0, 0, 0, 0, 0, 0, 0, 0, 0, 0, 0, 0, 0, 0, 0, 0, 
0, 0.90746, 0.91593, 0.90753, 0.90741, 0.90619, 0.91374, 0.90872, 
0.91181, 0.90953, 0.91138, 0.91478, 0.90746, 0.91257, 0.90143, 
0.89737, 0.90356, 0.90631, 0.90872, 0.90746, 0.9085, 0.90649, 
0.91106, 0.0992, 0.0573, 0.0489, 0.0558, 0.1071, 0.1081, 0.1956, 
0.248, 7.5174, 0.2582, 0.1866, 351.9, 265.7, 182.3, 147, 375.3, 
369.5, 518.6, 573, 171.4, 593.3, 483.7, 1273, 223, 828, 1502, 
253, 741, 338, 1021, 869, 727, 1358, 48, 225, 421, 4, 586, 681, 
561, 246, 118, 140, 128, 100, 100, 100, 100, 100, 100, 100, 100, 
100, 100, 100, 2500, 2500, 2500, 2500, 2500, 2500, 2500, 2500, 
2500, 2500, 2500, 7770.741, 6953.737, 8933.403, 10451.516, 11006.955, 
11042.155, 13265.605, 14989.113, 60723.493, 13950.603, 16391.111, 
-0.39961, 0.93204, 1.1351, -0.10349, -0.12296, 0.80029, 0.08122, 
-0.11655, 14.60863, -0.2598, 0.06034, 2.54963, 0.46742, 0.58448, 
1.90432, 2.16757, 1.49619, 2.47191, 2.35429, -7.11439, 2.42439, 
1.61532, 0, 0, 0, 0, 0, 0, 0, 0, 0, 0, 0, 0, 0, 0, 0, 0, 0, 0, 
0, 0, 0, 0, 0.90561, 0.91423, 0.90753, 0.90611, 0.90619, 0.91005, 
0.90872, 0.91072, 0.90953, 0.91041, 0.91386, 0.90746, 0.91587, 
0.90143, 0.90321, 0.90487, 0.90755, 0.90754, 0.90963, 0.9085, 
0.90845, 0.91014, 0.0939, 0.0357, 0.0453, 0.096, 0.1255, 0.0939, 
0.1767, 0.1834, 7.4412, 0.2255, 0.148, 352.1, 148.4, 176.7, 366.6, 
424, 329, 512.6, 513.1, 172.9, 565.3, 403.1, 132, 90, 1738, 534, 
169, 987, 570, 2324, 2224, 394, 1005, 9, 5, 2, 5, 2, 1, 1, 1, 
1, 4, 2, 100, 100, 100, 100, 100, 100, 100, 100, 100, 100, 100, 
2500, 2500, 2500, 2500, 2500, 2500, 2500, 2500, 2500, 2500, 2500, 
7885.963, 8968.593, 10741.381, 12155.854, 15283.248, 15653.885, 
17494.485, 17280.232, 18255.619, 21185.986, 23314.162, 1, 1, 
1, 1, 1, 1, 1, 1, 1, 1, 1, 0.33333, 0.33333, 0.33333, 0.33333, 
0.33333, 0.33333, 0.33333, 0.33333, 0.33333, 0.33333, 0.33333, 
0, 0, 0, 0, 0, 0, 0, 0, 0, 0, 0, 0, 0, 0, 0, 0, 0, 0, 0, 0, 0, 
0, 0.90379, 0.90751, 0.89676, 0.90182, 0.90087, 0.90259, 0.90403, 
0.90636, 0.9085, 0.90845, 0.91199, 0.90383, 0.90751, 0.89676, 
0.90182, 0.90087, 0.90259, 0.90403, 0.90636, 0.9085, 0.90845, 
0.91199, 0.0292, 0.0346, 0.0438, 0.0502, 0.0582, 0.0673, 0.0758, 
0.0787, 0.0892, 0.0979, 0.1043, 107.1, 119.8, 139.7, 152.6, 167.3, 
175.8, 189.8, 193.8, 201.6, 215.1, 219.8, 1, 1, 1, 1, 1, 1, 1, 
1, 1, 1, 1, 1, 1, 1, 1, 1, 1, 1, 1, 1, 1, 1, 1, 1, 1, 1, 1, 1, 
1, 1, 1, 1, 1, 1, 1, 1, 1, 1, 1, 1, 1, 1, 1, 1, 2.462, 2.563, 
2.777, 2.773, 2.98, 3.129, 3.364, 3.074, 3.358, 3.441, 3.314), .Dim = c(11L, 
40L), .Dimnames = list(NULL, c("Sampling", "PSO.cost", "PSO.gamma", 
"PSO.data.balancing", "PSO.feature.selection", "PSO.valid.acc", 
"PSO.test.acc", "PSO.train.time", "PSO.n.support.vectors", "PSO.index", 
"PSO.n.solutions", "PSO.generations", "PSO.n.evaluations", "PSO.cpu.time", 
"RS.cost", "RS.gamma", "RS.data.balancing", "RS.feature.selection", 
"RS.valid.acc", "RS.test.acc", "RS.train.time", "RS.n.support.vectors", 
"RS.index", "RS.n.solutions", "RS.generations", "RS.n.evaluations", 
"RS.cpu.time", "DF.cost", "DF.gamma", "DF.data.balancing", "DF.feature.selection", 
"DF.valid.acc", "DF.test.acc", "DF.train.time", "DF.n.support.vectors", 
"DF.index", "DF.n.solutions", "DF.generations", "DF.n.evaluations", 
"DF.cpu.time")))
