full <-
structure(c(50, 55, 60, 65, 70, 75, 80, 85, 90, 95, 100, 14.99853, 
13.02559, 14.9958, 14.89141, 14.92282, 8.26155, 14.97332, 14.51108, 
14.76501, 14.77039, 14.27076, -12.04125, -10.25387, -11.8197, 
-14.23316, -3.94948, -7.6094, -10.63917, -11.68829, -11.41298, 
-12.30724, -10.5189, 0, 0, 0, 0, 0, 0, 0, 0, 0, 0, 0, 0, 0, 0, 
0, 0, 0, 0, 0, 0, 0, 0, 0.45969, 0.44623, 0.42927, 0.4156, 0.38998, 
0.39642, 0.44759, 0.40004, 0.38621, 0.39469, 0.3775, 0.45545, 
0.43818, 0.40749, 0.38097, 0.39406, 0.34515, 0.39664, 0.35538, 
0.39123, 0.37632, 0.355, 0.0386, 0.0394, 0.0485, 0.0349, 0.0914, 
0.0384, 0.0832, 0.0644, 0.0697, 0.0662, 0.0863, 142.4, 158.3, 
174, 194.3, 173.2, 225.1, 234.3, 251.8, 267.3, 280.7, 295.5, 
1834, 763, 2123, 1991, 1914, 88, 2050, 466, 2008, 1379, 1918, 
1, 76, 2, 1, 2, 54, 2, 16, 1, 1, 3, 100, 100, 100, 100, 100, 
100, 100, 100, 100, 100, 100, 2500, 2500, 2500, 2500, 2500, 2500, 
2500, 2500, 2500, 2500, 2500, 7052.99, 7082.962, 7502.504, 7234.482, 
8354.357, 6959.823, 7664.374, 7216.204, 7466.341, 7372.47700000001, 
8314.15700000001, 14.82186, 12.22405, 14.61557, 12.58391, 11.45134, 
8.42191, 14.46232, 12.46922, 11.89281, 14.61785, 14.67298, -11.80885, 
-10.13914, -11.88618, -11.91859, -11.31219, -7.99518, -10.39934, 
-10.58172, -9.49205, -12.26143, -11.82498, 0, 0, 0, 0, 0, 0, 
0, 0, 0, 0, 0, 0, 0, 0, 0, 0, 0, 0, 0, 0, 0, 0, 0.44469, 0.43257, 
0.40425, 0.40775, 0.37571, 0.39294, 0.43468, 0.39675, 0.37779, 
0.38942, 0.3725, 0.46045, 0.43344, 0.4073, 0.38097, 0.35757, 
0.33202, 0.40272, 0.34949, 0.37455, 0.37376, 0.37, 0.0404, 0.0334, 
0.0438, 0.0329, 0.0364, 0.038, 0.0746, 0.0521, 0.0573, 0.0656, 
0.0767, 142.6, 158.4, 174.8, 194.1, 208.8, 225.9, 234.5, 252.9, 
268.6, 280.6, 296.5, 1561, 786, 1512, 2391, 740, 52, 2374, 1350, 
2238, 1245, 1340, 1, 1, 1, 1, 1, 1, 1, 1, 1, 1, 2, 100, 100, 
100, 100, 100, 100, 100, 100, 100, 100, 100, 2500, 2500, 2500, 
2500, 2500, 2500, 2500, 2500, 2500, 2500, 2500, 6733.12, 7105.724, 
7176.243, 6889.59600000001, 6727.883, 6949.423, 7028.236, 7141.88200000001, 
7230.36799999999, 7504.03300000002, 8065.03199999998, 1, 1, 1, 
1, 1, 1, 1, 1, 1, 1, 1, 0.2, 0.2, 0.2, 0.2, 0.2, 0.2, 0.2, 0.2, 
0.2, 0.2, 0.2, 0, 0, 0, 0, 0, 0, 0, 0, 0, 0, 0, 0, 0, 0, 0, 0, 
0, 0, 0, 0, 0, 0, 0.28475, 0.29924, 0.29194, 0.26982, 0.2428, 
0.27276, 0.32474, 0.30813, 0.29982, 0.29228, 0.2525, 0.32199, 
0.33688, 0.31646, 0.2886, 0.25122, 0.24342, 0.32472, 0.29021, 
0.28832, 0.28993, 0.245, 0.0222, 0.0254, 0.0281, 0.0296, 0.0341, 
0.0359, 0.041, 0.0444, 0.0472, 0.0518, 0.06, 158.9, 173.7, 188.7, 
205.1, 220.8, 236.3, 251.4, 267.6, 284.2, 300.3, 315.1, 1, 1, 
1, 1, 1, 1, 1, 1, 1, 1, 1, 1, 1, 1, 1, 1, 1, 1, 1, 1, 1, 1, 1, 
1, 1, 1, 1, 1, 1, 1, 1, 1, 1, 1, 1, 1, 1, 1, 1, 1, 1, 1, 1, 1, 
2.552, 2.775, 2.773, 2.547, 2.688, 2.585, 2.721, 2.744, 2.701, 
2.768, 3.018), .Dim = c(11L, 40L), .Dimnames = list(NULL, c("Sampling", 
"PSO.cost", "PSO.gamma", "PSO.data.balancing", "PSO.feature.selection", 
"PSO.valid.acc", "PSO.test.acc", "PSO.train.time", "PSO.n.support.vectors", 
"PSO.index", "PSO.n.solutions", "PSO.generations", "PSO.n.evaluations", 
"PSO.cpu.time", "RS.cost", "RS.gamma", "RS.data.balancing", "RS.feature.selection", 
"RS.valid.acc", "RS.test.acc", "RS.train.time", "RS.n.support.vectors", 
"RS.index", "RS.n.solutions", "RS.generations", "RS.n.evaluations", 
"RS.cpu.time", "DF.cost", "DF.gamma", "DF.data.balancing", "DF.feature.selection", 
"DF.valid.acc", "DF.test.acc", "DF.train.time", "DF.n.support.vectors", 
"DF.index", "DF.n.solutions", "DF.generations", "DF.n.evaluations", 
"DF.cpu.time")))
