full <-
structure(c(50, 55, 60, 65, 70, 75, 80, 85, 90, 95, 100, 15, 
14.00513, 12.99838, 15, 14.98301, 11.95423, 14.99837, 14.9994, 
13.44632, 15, 14.97785, -11.87827, -4.34604, -10.41767, -10.30787, 
-10.60097, -10.63741, -12.16459, -11.2509, -10.60884, -11.37081, 
-10.77406, 0, 0, 0, 0, 0, 0, 0, 0, 0, 0, 0, 0, 0, 0, 0, 0, 0, 
0, 0, 0, 0, 0, 0.40014, 0.39704, 0.43372, 0.41017, 0.43347, 0.40017, 
0.42249, 0.41712, 0.38216, 0.38764, 0.355, 0.41919, 0.31906, 
0.41333, 0.34885, 0.39234, 0.34401, 0.39759, 0.39148, 0.36099, 
0.39221, 0.355, 0.0408, 0.0671, 0.0407, 0.0731, 0.0752, 0.044, 
0.0633, 0.0809, 0.0702, 0.0907, 0.1087, 144.2, 141, 170.6, 186, 
201.5, 220.6, 233, 246.9, 264.7, 278.9, 295.9, 242, 227, 1911, 
451, 1663, 491, 1121, 1121, 1112, 2128, 1300, 346, 559, 1, 81, 
1, 226, 1, 1, 31, 3, 1, 100, 100, 100, 100, 100, 100, 100, 100, 
100, 100, 100, 2500, 2500, 2500, 2500, 2500, 2500, 2500, 2500, 
2500, 2500, 2500, 9270.43, 10302.541, 9541.475, 10187.546, 10365.593, 
9769.42700000001, 10004.094, 10463.194, 10684.841, 10236.877, 
10842.762, 14.93949, 12.78823, 13.56654, 13.5231, 13.85455, 10.53299, 
13.96964, 14.94675, 13.6559, 14.49748, 14.38731, -11.67541, -2.88133, 
-10.97289, -11.95017, -9.83383, -9.1811, -11.07579, -10.74033, 
-10.75108, -11.16865, -13.81827, 0, 0, 0, 0, 0, 0, 0, 0, 0, 0, 
0, 0, 0, 0, 0, 0, 0, 0, 0, 0, 0, 0, 0.3954, 0.38383, 0.42189, 
0.39963, 0.42632, 0.39683, 0.41282, 0.4114, 0.38216, 0.37954, 
0.3475, 0.41419, 0.29653, 0.40464, 0.34957, 0.37779, 0.36013, 
0.40667, 0.39174, 0.36091, 0.39215, 0.335, 0.041, 0.034, 0.0405, 
0.0401, 0.0646, 0.0437, 0.0596, 0.0919, 0.0729, 0.0818, 0.0658, 
143.6, 140.7, 170.5, 187.9, 202.2, 221.2, 232.7, 246.6, 264.6, 
279, 299.6, 1972, 1092, 421, 1957, 1416, 483, 1011, 2263, 1983, 
1538, 2062, 1, 1, 1, 1, 1, 2, 2, 1, 1, 1, 1, 100, 100, 100, 100, 
100, 100, 100, 100, 100, 100, 100, 2500, 2500, 2500, 2500, 2500, 
2500, 2500, 2500, 2500, 2500, 2500, 9156.285, 9517.236, 9537.345, 
9651.776, 9599.787, 9651.66499999999, 9912.26400000001, 10104.777, 
10151.672, 10138.985, 10604.061, 1, 1, 1, 1, 1, 1, 1, 1, 1, 1, 
1, 0.2, 0.2, 0.2, 0.2, 0.2, 0.2, 0.2, 0.2, 0.2, 0.2, 0.2, 0, 
0, 0, 0, 0, 0, 0, 0, 0, 0, 0, 0, 0, 0, 0, 0, 0, 0, 0, 0, 0, 0, 
0.30009, 0.30503, 0.32529, 0.29909, 0.31563, 0.32518, 0.31272, 
0.29958, 0.2525, 0.28437, 0.24, 0.31482, 0.3052, 0.31489, 0.28354, 
0.32047, 0.29408, 0.31545, 0.29673, 0.24662, 0.27646, 0.2375, 
0.0251, 0.0291, 0.0305, 0.0342, 0.0354, 0.0402, 0.0428, 0.046, 
0.0538, 0.054, 0.062, 157.6, 172.5, 187.2, 202.8, 218.3, 236.5, 
250.5, 265.9, 282.5, 298.4, 314.6, 1, 1, 1, 1, 1, 1, 1, 1, 1, 
1, 1, 1, 1, 1, 1, 1, 1, 1, 1, 1, 1, 1, 1, 1, 1, 1, 1, 1, 1, 1, 
1, 1, 1, 1, 1, 1, 1, 1, 1, 1, 1, 1, 1, 1, 3.582, 3.84, 3.691, 
3.875, 3.594, 3.706, 3.719, 3.663, 4.001, 3.724, 4.023), .Dim = c(11L, 
40L), .Dimnames = list(NULL, c("Sampling", "PSO.cost", "PSO.gamma", 
"PSO.data.balancing", "PSO.feature.selection", "PSO.valid.acc", 
"PSO.test.acc", "PSO.train.time", "PSO.n.support.vectors", "PSO.index", 
"PSO.n.solutions", "PSO.generations", "PSO.n.evaluations", "PSO.cpu.time", 
"RS.cost", "RS.gamma", "RS.data.balancing", "RS.feature.selection", 
"RS.valid.acc", "RS.test.acc", "RS.train.time", "RS.n.support.vectors", 
"RS.index", "RS.n.solutions", "RS.generations", "RS.n.evaluations", 
"RS.cpu.time", "DF.cost", "DF.gamma", "DF.data.balancing", "DF.feature.selection", 
"DF.valid.acc", "DF.test.acc", "DF.train.time", "DF.n.support.vectors", 
"DF.index", "DF.n.solutions", "DF.generations", "DF.n.evaluations", 
"DF.cpu.time")))
