full <-
structure(c(50, 55, 60, 65, 70, 75, 80, 85, 90, 95, 100, 13.44055, 
15, 15, 13.64796, 14.68849, 14.16517, 14.8764, 15, 10.30214, 
14.27524, 15, -9.66585, -10.05789, -11.53773, -11.5206, -11.38949, 
-13.57954, -10.47084, -11.33582, -9.62935, -11.18351, -11.32845, 
0, 0, 0, 0, 0, 0, 0, 0, 0, 0, 0, 0, 0, 0, 0, 0, 0, 0, 0, 0, 0, 
0, 0.38624, 0.38052, 0.39141, 0.41054, 0.39719, 0.40271, 0.38417, 
0.36115, 0.35839, 0.36807, 0.385, 0.35334, 0.354, 0.36271, 0.36163, 
0.41111, 0.3366, 0.35058, 0.35662, 0.34419, 0.36312, 0.3575, 
0.0444, 0.0728, 0.0551, 0.0432, 0.0554, 0.0416, 0.0848, 0.075, 
0.0513, 0.076, 0.0919, 146.3, 160.7, 178, 192.1, 204.1, 223.6, 
237, 253.2, 268.2, 284.4, 295.3, 1005, 2343, 263, 542, 1378, 
380, 946, 2045, 231, 1974, 1175, 30, 2, 203, 20, 1, 35, 2, 2, 
53, 2, 4, 100, 100, 100, 100, 100, 100, 100, 100, 100, 100, 100, 
2500, 2500, 2500, 2500, 2500, 2500, 2500, 2500, 2500, 2500, 2500, 
8056.262, 7823.93, 8053.862, 8048.973, 8050.539, 7787.44499999999, 
9159.965, 8802.11500000001, 8502.791, 8850.64599999998, 9027.90099999998, 
14.91855, 14.919, 14.75292, 12.44021, 14.76095, 11.91779, 12.4273, 
14.99641, 9.87777, 14.04178, 14.63953, -11.83614, -9.91486, -11.17225, 
-10.63191, -11.19862, -11.27198, -9.20026, -11.30979, -9.18832, 
-11.12524, -11.87194, 0, 0, 0, 0, 0, 0, 0, 0, 0, 0, 0, 0, 0, 
0, 0, 0, 0, 0, 0, 0, 0, 0, 0.38201, 0.37143, 0.39106, 0.40611, 
0.38276, 0.39959, 0.37174, 0.35543, 0.35554, 0.36793, 0.3725, 
0.35337, 0.354, 0.36271, 0.35319, 0.39707, 0.34683, 0.35058, 
0.35662, 0.34141, 0.36015, 0.35, 0.0387, 0.0733, 0.0566, 0.0396, 
0.06, 0.042, 0.0607, 0.0747, 0.0531, 0.0717, 0.0795, 145.6, 161, 
177.6, 192.4, 203.9, 223.4, 237.7, 253.7, 268.7, 284.1, 294.9, 
1516, 1899, 668, 340, 2301, 1422, 1437, 1744, 1343, 2225, 62, 
1, 1, 1, 1, 2, 1, 1, 1, 1, 1, 4, 100, 100, 100, 100, 100, 100, 
100, 100, 100, 100, 100, 2500, 2500, 2500, 2500, 2500, 2500, 
2500, 2500, 2500, 2500, 2500, 7478.324, 7458.867, 8087.208, 7698.248, 
7818.69500000001, 8149.79400000001, 8366.09699999999, 8428.507, 
8610.05000000002, 8609.42300000001, 8460.948, 1, 1, 1, 1, 1, 
1, 1, 1, 1, 1, 1, 0.2, 0.2, 0.2, 0.2, 0.2, 0.2, 0.2, 0.2, 0.2, 
0.2, 0.2, 0, 0, 0, 0, 0, 0, 0, 0, 0, 0, 0, 0, 0, 0, 0, 0, 0, 
0, 0, 0, 0, 0, 0.28779, 0.28593, 0.2998, 0.29729, 0.30096, 0.28544, 
0.27247, 0.26508, 0.26101, 0.28334, 0.235, 0.3076, 0.27289, 0.29215, 
0.27961, 0.31511, 0.25907, 0.28437, 0.29721, 0.239, 0.27037, 
0.245, 0.0232, 0.0261, 0.0279, 0.0322, 0.0356, 0.0396, 0.0426, 
0.047, 0.0504, 0.0548, 0.0607, 159.3, 174.9, 191.1, 206.2, 221.5, 
237.6, 253, 268.6, 284.4, 300.1, 314.7, 1, 1, 1, 1, 1, 1, 1, 
1, 1, 1, 1, 1, 1, 1, 1, 1, 1, 1, 1, 1, 1, 1, 1, 1, 1, 1, 1, 1, 
1, 1, 1, 1, 1, 1, 1, 1, 1, 1, 1, 1, 1, 1, 1, 1, 2.811, 2.939, 
2.939, 3.027, 3.03, 3.178, 3.199, 3.239, 3.304, 3.221, 3.267), .Dim = c(11L, 
40L), .Dimnames = list(NULL, c("Sampling", "PSO.cost", "PSO.gamma", 
"PSO.data.balancing", "PSO.feature.selection", "PSO.valid.acc", 
"PSO.test.acc", "PSO.train.time", "PSO.n.support.vectors", "PSO.index", 
"PSO.n.solutions", "PSO.generations", "PSO.n.evaluations", "PSO.cpu.time", 
"RS.cost", "RS.gamma", "RS.data.balancing", "RS.feature.selection", 
"RS.valid.acc", "RS.test.acc", "RS.train.time", "RS.n.support.vectors", 
"RS.index", "RS.n.solutions", "RS.generations", "RS.n.evaluations", 
"RS.cpu.time", "DF.cost", "DF.gamma", "DF.data.balancing", "DF.feature.selection", 
"DF.valid.acc", "DF.test.acc", "DF.train.time", "DF.n.support.vectors", 
"DF.index", "DF.n.solutions", "DF.generations", "DF.n.evaluations", 
"DF.cpu.time")))
