full <-
structure(c(50, 55, 60, 65, 70, 75, 80, 85, 90, 95, 100, 14.11347, 
13.88978, 11.51433, -0.447, 14.55769, 15, -1.67853, 15, 11.26619, 
14.99824, 15, -13.95059, -2.54246, -9.41136, -2.88122, -9.96004, 
-12.17771, -0.85168, -9.94703, -9.2222, -11.52009, -13.15955, 
0, 0, 0, 0, 0, 0, 0, 0, 0, 0, 0, 0, 0, 0, 0, 0, 0, 0, 0, 0, 0, 
0, 0.39205, 0.40568, 0.41484, 0.38487, 0.41051, 0.40928, 0.37913, 
0.37989, 0.38221, 0.40584, 0.365, 0.37658, 0.38705, 0.35285, 
0.37716, 0.3642, 0.40127, 0.37581, 0.31793, 0.34792, 0.39267, 
0.3175, 0.0276, 0.0299, 0.0369, 0.0327, 0.0801, 0.0608, 0.046, 
0.1116, 0.0574, 0.0862, 0.0676, 151.4, 138.6, 179.3, 205.6, 206.1, 
221.6, 256, 251.8, 267.4, 278.4, 296.8, 566, 2008, 1564, 605, 
798, 1960, 573, 611, 1135, 967, 1573, 40, 12, 26, 367, 9, 1, 
555, 43, 48, 2, 2, 100, 100, 100, 100, 100, 100, 100, 100, 100, 
100, 100, 2500, 2500, 2500, 2500, 2500, 2500, 2500, 2500, 2500, 
2500, 2500, 7509.672, 7349.403, 7408.532, 7024.327, 8620.809, 
8021.303, 7768.42700000001, 9052.10400000001, 8094.61, 8466.04199999999, 
7911.861, 14.93314, 14.47981, 13.21906, -0.4828, 14.62713, 5.6843, 
-1.6596, 14.49479, 11.31135, 14.8788, 12.83307, -3.47068, -2.56454, 
-12.60083, -2.78708, -9.98259, -7.3651, -0.8489, -9.70177, -9.46435, 
-11.5031, -10.56883, 0, 0, 0, 0, 0, 0, 0, 0, 0, 0, 0, 0, 0, 0, 
0, 0, 0, 0, 0, 0, 0, 0, 0.38723, 0.39657, 0.40269, 0.38487, 0.41051, 
0.40283, 0.37913, 0.37686, 0.37665, 0.39524, 0.36, 0.37816, 0.39158, 
0.35238, 0.37332, 0.3642, 0.3807, 0.37581, 0.31196, 0.3422, 0.39538, 
0.3325, 0.0305, 0.0305, 0.0337, 0.0327, 0.0812, 0.0374, 0.0445, 
0.1032, 0.0578, 0.0777, 0.0706, 117.6, 138.5, 181, 205.6, 206.1, 
232, 256, 252.2, 268.4, 278.4, 297.6, 1718, 1158, 50, 414, 1027, 
697, 384, 622, 1789, 1776, 444, 1, 1, 1, 1, 1, 1, 1, 2, 1, 2, 
3, 100, 100, 100, 100, 100, 100, 100, 100, 100, 100, 100, 2500, 
2500, 2500, 2500, 2500, 2500, 2500, 2500, 2500, 2500, 2500, 7192.029, 
7154.121, 7298.525, 7382.682, 7830.06300000001, 7858.326, 8073.636, 
7976.895, 8079.79199999999, 8029.05499999999, 8041.46300000002, 
1, 1, 1, 1, 1, 1, 1, 1, 1, 1, 1, 0.2, 0.2, 0.2, 0.2, 0.2, 0.2, 
0.2, 0.2, 0.2, 0.2, 0.2, 0, 0, 0, 0, 0, 0, 0, 0, 0, 0, 0, 0, 
0, 0, 0, 0, 0, 0, 0, 0, 0, 0, 0.34094, 0.34899, 0.34923, 0.32593, 
0.37171, 0.3607, 0.3379, 0.30858, 0.25647, 0.28138, 0.245, 0.36198, 
0.34484, 0.33637, 0.36177, 0.37134, 0.36036, 0.33175, 0.30011, 
0.25012, 0.28118, 0.2225, 0.0236, 0.0264, 0.0297, 0.0311, 0.0343, 
0.0379, 0.0443, 0.0476, 0.0532, 0.054, 0.0565, 158.6, 174.5, 
189.9, 205.5, 221.6, 238.4, 253.8, 268.7, 285.5, 299.8, 314.9, 
1, 1, 1, 1, 1, 1, 1, 1, 1, 1, 1, 1, 1, 1, 1, 1, 1, 1, 1, 1, 1, 
1, 1, 1, 1, 1, 1, 1, 1, 1, 1, 1, 1, 1, 1, 1, 1, 1, 1, 1, 1, 1, 
1, 1, 2.749, 2.796, 2.899, 2.723, 2.997, 2.815, 3.078, 3.064, 
3.23, 2.995, 3.074), .Dim = c(11L, 40L), .Dimnames = list(NULL, 
    c("Sampling", "PSO.cost", "PSO.gamma", "PSO.data.balancing", 
    "PSO.feature.selection", "PSO.valid.acc", "PSO.test.acc", 
    "PSO.train.time", "PSO.n.support.vectors", "PSO.index", "PSO.n.solutions", 
    "PSO.generations", "PSO.n.evaluations", "PSO.cpu.time", "RS.cost", 
    "RS.gamma", "RS.data.balancing", "RS.feature.selection", 
    "RS.valid.acc", "RS.test.acc", "RS.train.time", "RS.n.support.vectors", 
    "RS.index", "RS.n.solutions", "RS.generations", "RS.n.evaluations", 
    "RS.cpu.time", "DF.cost", "DF.gamma", "DF.data.balancing", 
    "DF.feature.selection", "DF.valid.acc", "DF.test.acc", "DF.train.time", 
    "DF.n.support.vectors", "DF.index", "DF.n.solutions", "DF.generations", 
    "DF.n.evaluations", "DF.cpu.time")))
