full <-
structure(c(50, 55, 60, 65, 70, 75, 80, 85, 90, 95, 100, 0.93127, 
11.418, 7.25536, 10.95754, 15, 15, 14.94771, 14.85625, 12.55099, 
14.2541, 13.01822, -5.89231, -9.66127, -11.53039, -15, -10.82216, 
-11.66434, -10.44132, -3.89305, -10.8581, -11.17275, -10.71844, 
0, 0, 0, 0, 0, 0, 0, 0, 0, 0, 0, 0, 0, 0, 0, 0, 0, 0, 0, 0, 0, 
0, 0.37682, 0.36784, 0.36708, 0.3654, 0.36747, 0.36954, 0.37649, 
0.37933, 0.39434, 0.41201, 0.3575, 0.36155, 0.33305, 0.35875, 
0.35442, 0.33874, 0.36372, 0.35247, 0.30898, 0.33623, 0.36026, 
0.3675, 0.0237, 0.0304, 0.0281, 0.0311, 0.0738, 0.0642, 0.0926, 
0.1442, 0.0598, 0.0792, 0.073, 156.8, 166.8, 187.2, 201.6, 207.6, 
221.7, 234.5, 214.3, 266.7, 279.3, 297.1, 602, 644, 70, 93, 264, 
616, 2346, 1912, 614, 1539, 1316, 39, 72, 185, 92, 190, 22, 1, 
5, 19, 1, 3, 100, 100, 100, 100, 100, 100, 100, 100, 100, 100, 
100, 2500, 2500, 2500, 2500, 2500, 2500, 2500, 2500, 2500, 2500, 
2500, 6846.968, 7522.462, 7297.984, 8780.51, 9783.963, 9716.774, 
10407.331, 12985.145, 10136.172, 10141.509, 10146.405, 2.86194, 
-1.01872, 5.65251, 9.4585, 14.91051, 14.94429, 14.95653, 14.97344, 
12.74354, 13.87306, 14.27482, -7.61234, -4.68054, -9.68544, -13.52812, 
-10.91578, -11.65796, -10.59161, -3.89107, -11.12468, -10.96089, 
-11.97647, 0, 0, 0, 0, 0, 0, 0, 0, 0, 0, 0, 0, 0, 0, 0, 0, 0, 
0, 0, 0, 0, 0, 0.37182, 0.36371, 0.36708, 0.3654, 0.36376, 0.36275, 
0.37336, 0.37051, 0.38879, 0.40154, 0.35, 0.36155, 0.3546, 0.35458, 
0.35442, 0.34231, 0.36717, 0.34954, 0.30916, 0.33353, 0.36539, 
0.365, 0.0229, 0.0258, 0.028, 0.032, 0.0704, 0.0618, 0.0887, 
0.152, 0.0592, 0.0772, 0.0729, 156.5, 175.7, 187, 201.6, 207.7, 
221.6, 234.7, 214.7, 266.7, 279.5, 296.7, 380, 80, 22, 84, 322, 
295, 22, 531, 735, 1426, 2411, 21, 2, 21, 12, 1, 1, 1, 1, 2, 
1, 1, 100, 100, 100, 100, 100, 100, 100, 100, 100, 100, 100, 
2500, 2500, 2500, 2500, 2500, 2500, 2500, 2500, 2500, 2500, 2500, 
7148.22, 7396.284, 7531.32, 9315.369, 9447.526, 9540.791, 9839.04599999999, 
10056.356, 10299.468, 9886.658, 10043.506, 1, 1, 1, 1, 1, 1, 
1, 1, 1, 1, 1, 0.2, 0.2, 0.2, 0.2, 0.2, 0.2, 0.2, 0.2, 0.2, 0.2, 
0.2, 0, 0, 0, 0, 0, 0, 0, 0, 0, 0, 0, 0, 0, 0, 0, 0, 0, 0, 0, 
0, 0, 0, 0.33177, 0.24629, 0.29288, 0.31179, 0.26123, 0.25959, 
0.25257, 0.25843, 0.26446, 0.26299, 0.2475, 0.28622, 0.267, 0.29536, 
0.28782, 0.31027, 0.26714, 0.2586, 0.25845, 0.24764, 0.26078, 
0.25, 0.0225, 0.0251, 0.0286, 0.0332, 0.0351, 0.0404, 0.043, 
0.0492, 0.0504, 0.0525, 0.0568, 158.7, 175, 190.5, 205.2, 221.1, 
237.4, 251.7, 267.5, 283.9, 298.8, 315.5, 1, 1, 1, 1, 1, 1, 1, 
1, 1, 1, 1, 1, 1, 1, 1, 1, 1, 1, 1, 1, 1, 1, 1, 1, 1, 1, 1, 1, 
1, 1, 1, 1, 1, 1, 1, 1, 1, 1, 1, 1, 1, 1, 1, 1, 2.848, 2.822, 
2.9, 3.668, 3.459, 3.877, 3.643, 3.905, 3.593, 3.598, 3.64), .Dim = c(11L, 
40L), .Dimnames = list(NULL, c("Sampling", "PSO.cost", "PSO.gamma", 
"PSO.data.balancing", "PSO.feature.selection", "PSO.valid.acc", 
"PSO.test.acc", "PSO.train.time", "PSO.n.support.vectors", "PSO.index", 
"PSO.n.solutions", "PSO.generations", "PSO.n.evaluations", "PSO.cpu.time", 
"RS.cost", "RS.gamma", "RS.data.balancing", "RS.feature.selection", 
"RS.valid.acc", "RS.test.acc", "RS.train.time", "RS.n.support.vectors", 
"RS.index", "RS.n.solutions", "RS.generations", "RS.n.evaluations", 
"RS.cpu.time", "DF.cost", "DF.gamma", "DF.data.balancing", "DF.feature.selection", 
"DF.valid.acc", "DF.test.acc", "DF.train.time", "DF.n.support.vectors", 
"DF.index", "DF.n.solutions", "DF.generations", "DF.n.evaluations", 
"DF.cpu.time")))
