full <-
structure(c(50, 55, 60, 65, 70, 75, 80, 85, 90, 95, 100, -0.32775, 
9.88895, 5.28922, 14.88571, 4.02843, 3.38709, 13.01998, 7.69195, 
14.17443, 14.82255, 14.60463, -4.99942, -8.10989, -7.52146, -11.60765, 
-8.01464, -8.29994, -11.04225, -12.92317, -11.88536, -11.267, 
-11.33727, 0, 0, 0, 0, 0, 0, 0, 0, 0, 0, 0, 0, 0, 0, 0, 0, 0, 
0, 0, 0, 0, 0, 0.35944, 0.3728, 0.38753, 0.37242, 0.3566, 0.36016, 
0.36169, 0.3417, 0.38606, 0.36537, 0.375, 0.3542, 0.32687, 0.35415, 
0.30787, 0.33553, 0.34671, 0.31779, 0.33288, 0.32494, 0.35483, 
0.355, 0.0221, 0.0317, 0.0297, 0.0572, 0.035, 0.0372, 0.0511, 
0.0455, 0.0636, 0.0885, 0.0866, 158.6, 167.6, 186.4, 197.1, 218.2, 
233.7, 240.8, 265, 269, 285.6, 296.2, 2158, 1533, 1231, 1854, 
515, 2176, 1456, 49, 1274, 1031, 1658, 1, 4, 23, 3, 36, 3, 22, 
66, 9, 5, 1, 100, 100, 100, 100, 100, 100, 100, 100, 100, 100, 
100, 2500, 2500, 2500, 2500, 2500, 2500, 2500, 2500, 2500, 2500, 
2500, 6834.614, 6971.806, 7090.078, 7565.959, 7226.692, 7103.121, 
7601.59199999999, 7312.947, 7865.114, 8365.14600000001, 8216.761, 
0.74218, 9.04701, 4.52957, 7.10731, 3.77427, 2.28581, 13.48519, 
1.86139, 14.45411, 14.87554, 14.7789, -6.01267, -7.67492, -6.86522, 
-10.6648, -7.74716, -7.15929, -11.25469, -7.10706, -12.10629, 
-10.84057, -11.40221, 0, 0, 0, 0, 0, 0, 0, 0, 0, 0, 0, 0, 0, 
0, 0, 0, 0, 0, 0, 0, 0, 0, 0.35864, 0.37237, 0.38735, 0.35836, 
0.3566, 0.36016, 0.35818, 0.3417, 0.38329, 0.35248, 0.3725, 0.34467, 
0.3273, 0.34181, 0.34622, 0.33553, 0.35005, 0.32072, 0.33288, 
0.33613, 0.3443, 0.355, 0.0233, 0.0291, 0.0279, 0.0319, 0.0331, 
0.0364, 0.0557, 0.0433, 0.0633, 0.0989, 0.0866, 157.7, 168.4, 
186.3, 203.3, 218.2, 233.6, 240.3, 265.1, 268.9, 285.4, 296.2, 
267, 1595, 1549, 1890, 2480, 142, 454, 607, 219, 1771, 2272, 
3, 2, 1, 1, 1, 2, 1, 6, 1, 1, 1, 100, 100, 100, 100, 100, 100, 
100, 100, 100, 100, 100, 2500, 2500, 2500, 2500, 2500, 2500, 
2500, 2500, 2500, 2500, 2500, 7015.502, 6959.679, 7353.936, 7450.621, 
7526.916, 7448.005, 7569.43299999999, 7509.717, 7812.49799999999, 
7987.81400000001, 7988.174, 1, 1, 1, 1, 1, 1, 1, 1, 1, 1, 1, 
0.2, 0.2, 0.2, 0.2, 0.2, 0.2, 0.2, 0.2, 0.2, 0.2, 0.2, 0, 0, 
0, 0, 0, 0, 0, 0, 0, 0, 0, 0, 0, 0, 0, 0, 0, 0, 0, 0, 0, 0, 0.2692, 
0.31252, 0.34615, 0.29958, 0.27606, 0.26599, 0.24983, 0.23246, 
0.28001, 0.26053, 0.2475, 0.2634, 0.32513, 0.33837, 0.28804, 
0.28968, 0.26979, 0.27113, 0.22649, 0.2689, 0.25014, 0.2325, 
0.0219, 0.0264, 0.0285, 0.0328, 0.0343, 0.039, 0.0432, 0.0442, 
0.0481, 0.052, 0.0562, 159.7, 174.8, 191.2, 207.1, 222.4, 237, 
253, 268.3, 284.4, 300.7, 315.5, 1, 1, 1, 1, 1, 1, 1, 1, 1, 1, 
1, 1, 1, 1, 1, 1, 1, 1, 1, 1, 1, 1, 1, 1, 1, 1, 1, 1, 1, 1, 1, 
1, 1, 1, 1, 1, 1, 1, 1, 1, 1, 1, 1, 1, 2.591, 2.78, 2.795, 2.919, 
2.767, 2.919, 3.003, 2.799, 2.829, 2.868, 2.891), .Dim = c(11L, 
40L), .Dimnames = list(NULL, c("Sampling", "PSO.cost", "PSO.gamma", 
"PSO.data.balancing", "PSO.feature.selection", "PSO.valid.acc", 
"PSO.test.acc", "PSO.train.time", "PSO.n.support.vectors", "PSO.index", 
"PSO.n.solutions", "PSO.generations", "PSO.n.evaluations", "PSO.cpu.time", 
"RS.cost", "RS.gamma", "RS.data.balancing", "RS.feature.selection", 
"RS.valid.acc", "RS.test.acc", "RS.train.time", "RS.n.support.vectors", 
"RS.index", "RS.n.solutions", "RS.generations", "RS.n.evaluations", 
"RS.cpu.time", "DF.cost", "DF.gamma", "DF.data.balancing", "DF.feature.selection", 
"DF.valid.acc", "DF.test.acc", "DF.train.time", "DF.n.support.vectors", 
"DF.index", "DF.n.solutions", "DF.generations", "DF.n.evaluations", 
"DF.cpu.time")))
