full <-
structure(c(50, 55, 60, 65, 70, 75, 80, 85, 90, 95, 100, 7.15594, 
14.74749, 15, -2, 13.76347, 12.19572, 15, 14.3225, 12.32008, 
14.26951, 15, -9.43295, -9.79932, -12.64663, -2.09434, -10.13045, 
-9.71903, -11.07836, -10.49878, -8.71976, -10.40811, -11.74201, 
0, 0, 0, 0, 0, 0, 0, 0, 0, 0, 0, 0, 0, 0, 0, 0, 0, 0, 0, 0, 0, 
0, 0.4, 0.35389, 0.35909, 0.3694, 0.3756, 0.37745, 0.42465, 0.40851, 
0.38012, 0.38419, 0.3475, 0.34, 0.32207, 0.33738, 0.35354, 0.35824, 
0.35933, 0.39008, 0.3713, 0.35567, 0.37407, 0.3675, 0.023, 0.0645, 
0.0418, 0.0313, 0.0582, 0.0479, 0.074, 0.0792, 0.0711, 0.0905, 
0.086, 148.5, 160.1, 173.1, 207.3, 201.6, 218.4, 232, 247.9, 
262.2, 280.2, 293.8, 290, 1673, 1493, 1934, 696, 753, 1693, 766, 
2494, 1090, 360, 99, 19, 1, 3, 90, 118, 5, 6, 1, 3, 26, 100, 
100, 100, 100, 100, 100, 100, 100, 100, 100, 100, 2500, 2500, 
2500, 2500, 2500, 2500, 2500, 2500, 2500, 2500, 2500, 7016.034, 
7403.224, 7564.714, 7188.913, 7981.33699999999, 7776.52, 8531.204, 
8576.844, 8559.338, 8794.10399999999, 8534.24799999999, 5.64488, 
13.9116, 13.62034, -0.32497, 13.24134, 12.61654, 14.7713, 14.6846, 
12.477, 14.13886, 14.347, -7.88836, -9.32348, -11.24948, -4.508, 
-9.8179, -10.11623, -10.52293, -10.81201, -8.88773, -10.31393, 
-10.95648, 0, 0, 0, 0, 0, 0, 0, 0, 0, 0, 0, 0, 0, 0, 0, 0, 0, 
0, 0, 0, 0, 0, 0.4, 0.34954, 0.35493, 0.36938, 0.37203, 0.37723, 
0.4182, 0.40548, 0.37457, 0.37885, 0.3425, 0.345, 0.31752, 0.3294, 
0.36154, 0.36883, 0.36578, 0.39008, 0.3713, 0.35845, 0.37144, 
0.3725, 0.0225, 0.0538, 0.0374, 0.0305, 0.0526, 0.0484, 0.0794, 
0.078, 0.072, 0.0859, 0.0877, 148.6, 160, 173.2, 201.6, 201.7, 
217.9, 232.1, 247.7, 262.4, 280.3, 294.9, 435, 1299, 231, 472, 
229, 632, 1248, 769, 127, 2112, 534, 2, 1, 3, 8, 1, 1, 1, 2, 
3, 1, 3, 100, 100, 100, 100, 100, 100, 100, 100, 100, 100, 100, 
2500, 2500, 2500, 2500, 2500, 2500, 2500, 2500, 2500, 2500, 2500, 
7221.676, 7334.889, 7378.954, 7302.987, 7529.459, 7683.89000000001, 
7904.183, 8000.26000000001, 8166.96599999999, 8189.133, 8416.12, 
1, 1, 1, 1, 1, 1, 1, 1, 1, 1, 1, 0.2, 0.2, 0.2, 0.2, 0.2, 0.2, 
0.2, 0.2, 0.2, 0.2, 0.2, 0, 0, 0, 0, 0, 0, 0, 0, 0, 0, 0, 0, 
0, 0, 0, 0, 0, 0, 0, 0, 0, 0, 0.325, 0.281, 0.25416, 0.2761, 
0.26827, 0.27671, 0.30582, 0.29979, 0.25795, 0.26531, 0.2175, 
0.315, 0.30464, 0.25802, 0.26057, 0.27196, 0.28271, 0.29614, 
0.30622, 0.25, 0.27875, 0.225, 0.0228, 0.0244, 0.0284, 0.0307, 
0.0347, 0.0372, 0.0421, 0.0457, 0.0498, 0.0557, 0.0557, 156.1, 
169.6, 186.9, 202.7, 219.7, 234.4, 250.4, 266.8, 282.1, 298.8, 
314.6, 1, 1, 1, 1, 1, 1, 1, 1, 1, 1, 1, 1, 1, 1, 1, 1, 1, 1, 
1, 1, 1, 1, 1, 1, 1, 1, 1, 1, 1, 1, 1, 1, 1, 1, 1, 1, 1, 1, 1, 
1, 1, 1, 1, 1, 2.834, 2.854, 2.869, 2.843, 2.907, 2.946, 3.002, 
3.043, 3.118, 3.084, 2.915), .Dim = c(11L, 40L), .Dimnames = list(
    NULL, c("Sampling", "PSO.cost", "PSO.gamma", "PSO.data.balancing", 
    "PSO.feature.selection", "PSO.valid.acc", "PSO.test.acc", 
    "PSO.train.time", "PSO.n.support.vectors", "PSO.index", "PSO.n.solutions", 
    "PSO.generations", "PSO.n.evaluations", "PSO.cpu.time", "RS.cost", 
    "RS.gamma", "RS.data.balancing", "RS.feature.selection", 
    "RS.valid.acc", "RS.test.acc", "RS.train.time", "RS.n.support.vectors", 
    "RS.index", "RS.n.solutions", "RS.generations", "RS.n.evaluations", 
    "RS.cpu.time", "DF.cost", "DF.gamma", "DF.data.balancing", 
    "DF.feature.selection", "DF.valid.acc", "DF.test.acc", "DF.train.time", 
    "DF.n.support.vectors", "DF.index", "DF.n.solutions", "DF.generations", 
    "DF.n.evaluations", "DF.cpu.time")))
