full <-
structure(c(50, 55, 60, 65, 70, 75, 80, 85, 90, 95, 100, 15, 
15, -0.22957, 13.73415, 15, 15, 14.99983, 14.95821, 13.80384, 
14.95653, 14.93935, -11.17276, -12.21982, -3.21342, -11.45353, 
-11.27799, -3.20232, -11.43, -11.7907, -13.22607, -12.69612, 
-11.1318, 0, 0, 0, 0, 0, 0, 0, 0, 0, 0, 0, 0, 0, 0, 0, 0, 0, 
0, 0, 0, 0, 0, 0.38883, 0.42309, 0.37708, 0.36932, 0.41017, 0.36944, 
0.4009, 0.40276, 0.3748, 0.36621, 0.3775, 0.35281, 0.33256, 0.36089, 
0.30696, 0.3456, 0.3138, 0.35663, 0.34712, 0.35602, 0.34786, 
0.38, 0.0492, 0.0432, 0.0285, 0.0466, 0.0666, 0.0817, 0.069, 
0.0683, 0.0539, 0.0707, 0.094, 146.2, 160.7, 188.7, 194.8, 209.8, 
194.9, 234.4, 250.7, 268.9, 282.8, 294.8, 597, 1339, 941, 633, 
1485, 531, 500, 418, 385, 665, 390, 106, 7, 46, 37, 5, 288, 2, 
93, 12, 8, 23, 100, 100, 100, 100, 100, 100, 100, 100, 100, 100, 
100, 2500, 2500, 2500, 2500, 2500, 2500, 2500, 2500, 2500, 2500, 
2500, 7627.272, 7619.801, 7308.796, 7750.272, 8066.896, 8204.73000000001, 
8146.039, 8090.81199999999, 7794.325, 7945.10199999998, 8358.364, 
10.88073, 14.50677, -0.89182, 14.75775, 14.6786, 14.18954, 14.78016, 
14.88875, 13.91484, 14.24106, 14.84275, -8.9444, -12.22509, -2.11122, 
-11.91478, -10.97925, -2.98226, -11.29048, -11.50767, -13.32304, 
-12.15068, -11.30616, 0, 0, 0, 0, 0, 0, 0, 0, 0, 0, 0, 0, 0, 
0, 0, 0, 0, 0, 0, 0, 0, 0, 0.3791, 0.4144, 0.37347, 0.36577, 
0.39958, 0.35975, 0.38858, 0.39688, 0.36932, 0.35568, 0.3725, 
0.34805, 0.33256, 0.35289, 0.32235, 0.3456, 0.3168, 0.35975, 
0.35595, 0.34768, 0.35839, 0.385, 0.0295, 0.0377, 0.0285, 0.0533, 
0.0692, 0.0688, 0.0692, 0.0694, 0.0548, 0.0699, 0.0876, 148.7, 
161, 191.3, 194, 210.3, 196, 234.4, 251.3, 269.1, 283.3, 295.3, 
761, 2193, 1914, 2048, 2332, 464, 1666, 59, 1460, 454, 77, 3, 
1, 1, 1, 1, 2, 1, 1, 1, 1, 1, 100, 100, 100, 100, 100, 100, 100, 
100, 100, 100, 100, 2500, 2500, 2500, 2500, 2500, 2500, 2500, 
2500, 2500, 2500, 2500, 7239.375, 7337.508, 7492.453, 7381.441, 
7536.512, 7660.037, 7723.815, 7931.06499999999, 8078.20600000001, 
7963.09000000003, 7907.24299999999, 1, 1, 1, 1, 1, 1, 1, 1, 1, 
1, 1, 0.2, 0.2, 0.2, 0.2, 0.2, 0.2, 0.2, 0.2, 0.2, 0.2, 0.2, 
0, 0, 0, 0, 0, 0, 0, 0, 0, 0, 0, 0, 0, 0, 0, 0, 0, 0, 0, 0, 0, 
0, 0.29519, 0.30507, 0.32163, 0.27636, 0.2431, 0.25168, 0.29098, 
0.26761, 0.27834, 0.22979, 0.2575, 0.31524, 0.28711, 0.30612, 
0.26495, 0.24234, 0.24284, 0.29655, 0.25896, 0.3147, 0.22945, 
0.2375, 0.0238, 0.0259, 0.0283, 0.0303, 0.0342, 0.0379, 0.0412, 
0.0457, 0.05, 0.0551, 0.0601, 159.3, 173.8, 190.2, 206.1, 222.3, 
238.9, 254.2, 269.6, 284.8, 300.9, 314.8, 1, 1, 1, 1, 1, 1, 1, 
1, 1, 1, 1, 1, 1, 1, 1, 1, 1, 1, 1, 1, 1, 1, 1, 1, 1, 1, 1, 1, 
1, 1, 1, 1, 1, 1, 1, 1, 1, 1, 1, 1, 1, 1, 1, 1, 2.86, 2.844, 
2.875, 2.712, 2.861, 2.895, 2.94, 2.993, 3.057, 2.972, 3.043), .Dim = c(11L, 
40L), .Dimnames = list(NULL, c("Sampling", "PSO.cost", "PSO.gamma", 
"PSO.data.balancing", "PSO.feature.selection", "PSO.valid.acc", 
"PSO.test.acc", "PSO.train.time", "PSO.n.support.vectors", "PSO.index", 
"PSO.n.solutions", "PSO.generations", "PSO.n.evaluations", "PSO.cpu.time", 
"RS.cost", "RS.gamma", "RS.data.balancing", "RS.feature.selection", 
"RS.valid.acc", "RS.test.acc", "RS.train.time", "RS.n.support.vectors", 
"RS.index", "RS.n.solutions", "RS.generations", "RS.n.evaluations", 
"RS.cpu.time", "DF.cost", "DF.gamma", "DF.data.balancing", "DF.feature.selection", 
"DF.valid.acc", "DF.test.acc", "DF.train.time", "DF.n.support.vectors", 
"DF.index", "DF.n.solutions", "DF.generations", "DF.n.evaluations", 
"DF.cpu.time")))
