full <-
structure(c(50, 55, 60, 65, 70, 75, 80, 85, 90, 95, 100, 15, 
3.79318, 14.65227, -0.23068, 14.37764, 12.8264, 14.49867, 14.12948, 
14.99178, 15, 12.96396, -11.57458, -7.55366, -12.95575, -3.3244, 
-13.15984, -9.24601, -11.76453, -11.08608, -11.75636, -11.96437, 
-12.11517, 0, 0, 0, 0, 0, 0, 0, 0, 0, 0, 0, 0, 0, 0, 0, 0, 0, 
0, 0, 0, 0, 0, 0.38848, 0.38094, 0.41133, 0.40732, 0.41113, 0.38564, 
0.41562, 0.41802, 0.38601, 0.40822, 0.345, 0.35854, 0.3764, 0.39521, 
0.38823, 0.40319, 0.3524, 0.38206, 0.39768, 0.3914, 0.37717, 
0.34, 0.0379, 0.0249, 0.0352, 0.0317, 0.0392, 0.0616, 0.0587, 
0.0658, 0.0775, 0.0737, 0.0626, 142.1, 168, 170.9, 200.5, 201.3, 
216.1, 233.1, 248.3, 259.7, 278.1, 298.6, 543, 40, 2385, 2135, 
315, 862, 259, 476, 2134, 1759, 225, 3, 16, 1, 4, 35, 84, 215, 
75, 1, 1, 16, 100, 100, 100, 100, 100, 100, 100, 100, 100, 100, 
100, 2500, 2500, 2500, 2500, 2500, 2500, 2500, 2500, 2500, 2500, 
2500, 6968.051, 7366.339, 7747.707, 7532.201, 7575.348, 7932.357, 
7964.88600000001, 8070.99400000001, 8230.80900000001, 8431.103, 
7862.71400000001, 5.48336, 3.45987, 13.08598, 11.66723, 14.09024, 
-1.64717, 13.46823, 13.49172, 14.85602, 12.22663, 14.37625, -9.63673, 
-7.23201, -10.81079, -9.50415, -12.29317, -1.93729, -11.01988, 
-10.79606, -11.78922, -10.50056, -13.49652, 0, 0, 0, 0, 0, 0, 
0, 0, 0, 0, 0, 0, 0, 0, 0, 0, 0, 0, 0, 0, 0, 0, 0.38444, 0.38094, 
0.40751, 0.39606, 0.41074, 0.38286, 0.41249, 0.41499, 0.37752, 
0.40537, 0.345, 0.37942, 0.3764, 0.38687, 0.39991, 0.41369, 0.3763, 
0.36965, 0.40357, 0.38315, 0.37717, 0.3375, 0.0239, 0.0267, 0.0373, 
0.0386, 0.0411, 0.038, 0.0543, 0.0594, 0.0719, 0.064, 0.0666, 
154.1, 168, 169.8, 184.9, 200.7, 238.4, 233.9, 248.8, 259.6, 
279.6, 298.8, 1410, 1206, 1358, 1772, 124, 2226, 1805, 920, 2107, 
166, 572, 2, 1, 1, 1, 8, 1, 2, 1, 1, 1, 2, 100, 100, 100, 100, 
100, 100, 100, 100, 100, 100, 100, 2500, 2500, 2500, 2500, 2500, 
2500, 2500, 2500, 2500, 2500, 2500, 7425.726, 7483.972, 7730.965, 
7637.273, 7552.804, 7667.399, 7901.10400000001, 7984.74100000001, 
8181.022, 8476.57299999997, 8275.011, 1, 1, 1, 1, 1, 1, 1, 1, 
1, 1, 1, 0.2, 0.2, 0.2, 0.2, 0.2, 0.2, 0.2, 0.2, 0.2, 0.2, 0.2, 
0, 0, 0, 0, 0, 0, 0, 0, 0, 0, 0, 0, 0, 0, 0, 0, 0, 0, 0, 0, 0, 
0, 0.31188, 0.34912, 0.34221, 0.35417, 0.31048, 0.30905, 0.30973, 
0.3184, 0.28357, 0.25889, 0.2375, 0.30389, 0.34912, 0.34116, 
0.34913, 0.30995, 0.32217, 0.30605, 0.29098, 0.24383, 0.24801, 
0.255, 0.0234, 0.0263, 0.0285, 0.0306, 0.0359, 0.0373, 0.0409, 
0.0464, 0.0497, 0.0566, 0.0571, 157.8, 172.5, 185.8, 202.7, 218.9, 
235.3, 251.5, 267.5, 283.2, 299.1, 315.1, 1, 1, 1, 1, 1, 1, 1, 
1, 1, 1, 1, 1, 1, 1, 1, 1, 1, 1, 1, 1, 1, 1, 1, 1, 1, 1, 1, 1, 
1, 1, 1, 1, 1, 1, 1, 1, 1, 1, 1, 1, 1, 1, 1, 1, 2.979, 2.74, 
2.944, 2.709, 2.992, 2.771, 2.843, 3.017, 3.145, 3.225, 3.012
), .Dim = c(11L, 40L), .Dimnames = list(NULL, c("Sampling", "PSO.cost", 
"PSO.gamma", "PSO.data.balancing", "PSO.feature.selection", "PSO.valid.acc", 
"PSO.test.acc", "PSO.train.time", "PSO.n.support.vectors", "PSO.index", 
"PSO.n.solutions", "PSO.generations", "PSO.n.evaluations", "PSO.cpu.time", 
"RS.cost", "RS.gamma", "RS.data.balancing", "RS.feature.selection", 
"RS.valid.acc", "RS.test.acc", "RS.train.time", "RS.n.support.vectors", 
"RS.index", "RS.n.solutions", "RS.generations", "RS.n.evaluations", 
"RS.cpu.time", "DF.cost", "DF.gamma", "DF.data.balancing", "DF.feature.selection", 
"DF.valid.acc", "DF.test.acc", "DF.train.time", "DF.n.support.vectors", 
"DF.index", "DF.n.solutions", "DF.generations", "DF.n.evaluations", 
"DF.cpu.time")))
