full <-
structure(c(50, 55, 60, 65, 70, 75, 80, 85, 90, 95, 100, 14.97981, 
15, 15, 12.33647, 14.99929, 14.14788, 15, 13.69427, 14.92894, 
14.38576, 14.99813, -11.7714, -10.13808, -9.88861, -9.8704, -11.52938, 
-10.60556, -12.00154, -11.17275, -10.87311, -12.11623, -12.70097, 
0, 0, 0, 0, 0, 0, 0, 0, 0, 0, 0, 0, 0, 0, 0, 0, 0, 0, 0, 0, 0, 
0, 0.45023, 0.39514, 0.39994, 0.40879, 0.39319, 0.38303, 0.37469, 
0.37955, 0.37217, 0.36858, 0.38, 0.40944, 0.41688, 0.36623, 0.3697, 
0.39615, 0.38603, 0.36147, 0.37409, 0.35055, 0.35218, 0.355, 
0.038, 0.0695, 0.0802, 0.0416, 0.0577, 0.0636, 0.0688, 0.0627, 
0.1002, 0.0706, 0.0686, 141.9, 156.1, 174, 189.3, 202.4, 221.5, 
236.3, 253.9, 268.4, 283.8, 296.1, 379, 90, 2091, 2058, 379, 
1140, 2412, 416, 906, 542, 1163, 207, 497, 1, 1, 161, 2, 1, 128, 
13, 4, 4, 100, 100, 100, 100, 100, 100, 100, 100, 100, 100, 100, 
2500, 2500, 2500, 2500, 2500, 2500, 2500, 2500, 2500, 2500, 2500, 
7497.828, 7999.378, 8040.618, 7599.44500000001, 8179.903, 8252.79000000001, 
8034.50799999999, 8139.14, 8840.02399999999, 8332.10399999999, 
7851.538, 14.20993, 14.3759, 10.48654, 11.57618, 13.20237, 14.59883, 
3.24422, 14.02952, 14.73598, 14.82479, 14.15871, -11.78732, -9.84641, 
-8.25352, -9.3738, -8.61589, -10.90204, -6.94976, -11.47648, 
-10.72435, -12.7499, -11.83937, 0, 0, 0, 0, 0, 0, 0, 0, 0, 0, 
0, 0, 0, 0, 0, 0, 0, 0, 0, 0, 0, 0, 0.43523, 0.3906, 0.38708, 
0.40495, 0.38939, 0.37958, 0.36795, 0.37955, 0.36391, 0.36345, 
0.37, 0.38917, 0.41688, 0.3904, 0.38155, 0.34959, 0.37947, 0.35503, 
0.38265, 0.34777, 0.35475, 0.3625, 0.0312, 0.06, 0.0365, 0.0392, 
0.0702, 0.0674, 0.0431, 0.0627, 0.0886, 0.0718, 0.0691, 142.8, 
156.2, 174.8, 189.7, 204.1, 221.3, 247.9, 253.5, 268.5, 283.5, 
296.1, 2161, 1974, 245, 1875, 2402, 90, 229, 1782, 236, 1339, 
1666, 3, 1, 1, 2, 1, 1, 7, 1, 1, 1, 2, 100, 100, 100, 100, 100, 
100, 100, 100, 100, 100, 100, 2500, 2500, 2500, 2500, 2500, 2500, 
2500, 2500, 2500, 2500, 2500, 7134.085, 7253.912, 7314.889, 7327.25900000001, 
7711.31200000001, 7720.96000000001, 7902.22799999999, 8160.16100000001, 
8223.087, 8148.01499999998, 7860.014, 1, 1, 1, 1, 1, 1, 1, 1, 
1, 1, 1, 0.2, 0.2, 0.2, 0.2, 0.2, 0.2, 0.2, 0.2, 0.2, 0.2, 0.2, 
0, 0, 0, 0, 0, 0, 0, 0, 0, 0, 0, 0, 0, 0, 0, 0, 0, 0, 0, 0, 0, 
0, 0.32539, 0.30438, 0.30422, 0.29227, 0.3173, 0.30688, 0.32454, 
0.30045, 0.245, 0.26026, 0.235, 0.33515, 0.29509, 0.31986, 0.29746, 
0.30671, 0.30409, 0.30831, 0.30044, 0.26114, 0.25763, 0.26, 0.0226, 
0.0257, 0.0301, 0.0318, 0.0351, 0.0391, 0.0417, 0.048, 0.0525, 
0.0553, 0.0617, 158.8, 173.4, 188.8, 205.1, 221.4, 236.2, 253.2, 
268.9, 283.7, 299.5, 315.1, 1, 1, 1, 1, 1, 1, 1, 1, 1, 1, 1, 
1, 1, 1, 1, 1, 1, 1, 1, 1, 1, 1, 1, 1, 1, 1, 1, 1, 1, 1, 1, 1, 
1, 1, 1, 1, 1, 1, 1, 1, 1, 1, 1, 1, 2.659, 2.725, 2.998, 2.968, 
2.977, 3.004, 3.08, 3.133, 3.18, 3.03, 3.102), .Dim = c(11L, 
40L), .Dimnames = list(NULL, c("Sampling", "PSO.cost", "PSO.gamma", 
"PSO.data.balancing", "PSO.feature.selection", "PSO.valid.acc", 
"PSO.test.acc", "PSO.train.time", "PSO.n.support.vectors", "PSO.index", 
"PSO.n.solutions", "PSO.generations", "PSO.n.evaluations", "PSO.cpu.time", 
"RS.cost", "RS.gamma", "RS.data.balancing", "RS.feature.selection", 
"RS.valid.acc", "RS.test.acc", "RS.train.time", "RS.n.support.vectors", 
"RS.index", "RS.n.solutions", "RS.generations", "RS.n.evaluations", 
"RS.cpu.time", "DF.cost", "DF.gamma", "DF.data.balancing", "DF.feature.selection", 
"DF.valid.acc", "DF.test.acc", "DF.train.time", "DF.n.support.vectors", 
"DF.index", "DF.n.solutions", "DF.generations", "DF.n.evaluations", 
"DF.cpu.time")))
