full <-
structure(c(50, 55, 60, 65, 70, 75, 80, 85, 90, 95, 100, 13.77811, 
15, 12.38446, 15, 13.80564, 14.99087, 14.84474, 14.70811, 13.97817, 
15, 14.87778, -3.03633, -11.91304, -9.8776, -10.87738, -10.79763, 
-13.19112, -12.29909, -10.93291, -11.05163, -11.28291, -10.65651, 
0, 0, 0, 0, 0, 0, 0, 0, 0, 0, 0, 0, 0, 0, 0, 0, 0, 0, 0, 0, 0, 
0, 0.42494, 0.37409, 0.36237, 0.42579, 0.39698, 0.41707, 0.40066, 
0.38275, 0.36745, 0.35288, 0.39, 0.3936, 0.37039, 0.30852, 0.37305, 
0.37881, 0.40685, 0.3909, 0.36836, 0.32575, 0.35065, 0.3575, 
0.0273, 0.0427, 0.0391, 0.0609, 0.0511, 0.0487, 0.0591, 0.0765, 
0.0686, 0.0876, 0.1007, 121.8, 160.1, 177.4, 190.2, 204.6, 220.3, 
235, 250.8, 266.4, 281.7, 295.7, 1700, 1300, 1493, 277, 1024, 
1384, 971, 271, 574, 1924, 705, 22, 10, 4, 511, 3, 10, 7, 5, 
187, 3, 5, 100, 100, 100, 100, 100, 100, 100, 100, 100, 100, 
100, 2500, 2500, 2500, 2500, 2500, 2500, 2500, 2500, 2500, 2500, 
2500, 7145.171, 7187.49, 7228.64, 7804.699, 7449.804, 7415.008, 
7521.10000000001, 7908.90800000001, 7680.95899999999, 7784.03, 
8585.742, 13.74273, 14.9457, 14.71087, 14.85129, 12.30769, 13.12477, 
14.49073, 14.17741, 14.47247, 14.9198, 14.88625, -2.95439, -11.89426, 
-3.00948, -10.8375, -10.018, -11.17126, -12.22365, -11.30971, 
-11.35727, -11.22724, -10.82273, 0, 0, 0, 0, 0, 0, 0, 0, 0, 0, 
0, 0, 0, 0, 0, 0, 0, 0, 0, 0, 0, 0, 0.41994, 0.36974, 0.36275, 
0.42579, 0.39405, 0.41362, 0.39431, 0.3708, 0.36197, 0.35024, 
0.38, 0.3986, 0.36669, 0.34229, 0.38047, 0.36891, 0.41019, 0.38132, 
0.3746, 0.3313, 0.34794, 0.3525, 0.0267, 0.0408, 0.0377, 0.0613, 
0.0441, 0.0464, 0.0577, 0.0611, 0.0693, 0.0865, 0.1068, 122.1, 
160.2, 149.7, 189.9, 205.6, 220.4, 235.4, 251.2, 266.5, 281.7, 
295.6, 2390, 459, 410, 1821, 311, 2370, 1767, 2093, 431, 2237, 
629, 1, 1, 1, 1, 1, 2, 1, 1, 1, 1, 5, 100, 100, 100, 100, 100, 
100, 100, 100, 100, 100, 100, 2500, 2500, 2500, 2500, 2500, 2500, 
2500, 2500, 2500, 2500, 2500, 6973.843, 6964.914, 7127.282, 7258.368, 
7144.54899999999, 7225.625, 7359.999, 7422.43999999999, 7608.077, 
7774.576, 10384.251, 1, 1, 1, 1, 1, 1, 1, 1, 1, 1, 1, 0.2, 0.2, 
0.2, 0.2, 0.2, 0.2, 0.2, 0.2, 0.2, 0.2, 0.2, 0, 0, 0, 0, 0, 0, 
0, 0, 0, 0, 0, 0, 0, 0, 0, 0, 0, 0, 0, 0, 0, 0, 0.32, 0.30726, 
0.26284, 0.29512, 0.32369, 0.3127, 0.27462, 0.26468, 0.26157, 
0.24496, 0.2425, 0.31048, 0.2807, 0.28734, 0.27942, 0.35354, 
0.32325, 0.31565, 0.26518, 0.25048, 0.26306, 0.2375, 0.0227, 
0.0245, 0.0278, 0.0295, 0.0327, 0.0387, 0.04, 0.0435, 0.051, 
0.0518, 0.0611, 157.3, 173.9, 189.9, 205.1, 221.1, 236.5, 251, 
267.9, 284, 299.7, 314.9, 1, 1, 1, 1, 1, 1, 1, 1, 1, 1, 1, 1, 
1, 1, 1, 1, 1, 1, 1, 1, 1, 1, 1, 1, 1, 1, 1, 1, 1, 1, 1, 1, 1, 
1, 1, 1, 1, 1, 1, 1, 1, 1, 1, 1, 2.772, 2.621, 2.775, 2.613, 
2.658, 2.926, 2.749, 2.783, 3.015, 2.92, 4.006), .Dim = c(11L, 
40L), .Dimnames = list(NULL, c("Sampling", "PSO.cost", "PSO.gamma", 
"PSO.data.balancing", "PSO.feature.selection", "PSO.valid.acc", 
"PSO.test.acc", "PSO.train.time", "PSO.n.support.vectors", "PSO.index", 
"PSO.n.solutions", "PSO.generations", "PSO.n.evaluations", "PSO.cpu.time", 
"RS.cost", "RS.gamma", "RS.data.balancing", "RS.feature.selection", 
"RS.valid.acc", "RS.test.acc", "RS.train.time", "RS.n.support.vectors", 
"RS.index", "RS.n.solutions", "RS.generations", "RS.n.evaluations", 
"RS.cpu.time", "DF.cost", "DF.gamma", "DF.data.balancing", "DF.feature.selection", 
"DF.valid.acc", "DF.test.acc", "DF.train.time", "DF.n.support.vectors", 
"DF.index", "DF.n.solutions", "DF.generations", "DF.n.evaluations", 
"DF.cpu.time")))
