full <-
structure(c(50, 55, 60, 65, 70, 75, 80, 85, 90, 95, 100, 14.24257, 
12.25122, 14.71147, 14.99903, 14.98658, 15, 14.71858, 8.43953, 
13.88321, 15, 14.90646, -9.36877, -7.91802, -11.16435, -10.84954, 
-10.87189, -12.58901, -11.45141, -9.63817, -10.5037, -11.79524, 
-11.06551, 0, 0, 0, 0, 0, 0, 0, 0, 0, 0, 0, 0, 0, 0, 0, 0, 0, 
0, 0, 0, 0, 0, 0.4554, 0.40884, 0.47546, 0.41721, 0.39214, 0.43776, 
0.42438, 0.38619, 0.39707, 0.37987, 0.375, 0.4098, 0.3987, 0.41305, 
0.39556, 0.36675, 0.41419, 0.39349, 0.365, 0.36404, 0.33693, 
0.3475, 0.0558, 0.0495, 0.0506, 0.0633, 0.0692, 0.0502, 0.0701, 
0.0453, 0.0742, 0.0775, 0.0988, 137.4, 154.4, 169.1, 182.9, 201.6, 
218.1, 232.9, 256.6, 262.6, 278.9, 295.4, 213, 858, 243, 1360, 
995, 599, 1605, 321, 1153, 1056, 588, 153, 98, 248, 8, 10, 15, 
5, 30, 8, 1, 5, 100, 100, 100, 100, 100, 100, 100, 100, 100, 
100, 100, 2500, 2500, 2500, 2500, 2500, 2500, 2500, 2500, 2500, 
2500, 2500, 8001.958, 8061.272, 8066.348, 8280.083, 7945.757, 
7800.69799999999, 8370.56, 7817.092, 8430.867, 8703.63099999999, 
8616.291, 14.68924, 13.21023, 14.88095, 14.54023, 14.9108, 14.49903, 
14.75206, 10.60396, 13.89742, 13.80663, 14.85419, -9.57022, -9.82393, 
-11.31988, -10.43771, -10.81769, -11.9869, -11.42116, -11.84465, 
-10.62446, -10.31077, -10.87305, 0, 0, 0, 0, 0, 0, 0, 0, 0, 0, 
0, 0, 0, 0, 0, 0, 0, 0, 0, 0, 0, 0, 0.45064, 0.40902, 0.47111, 
0.40906, 0.38498, 0.43087, 0.41188, 0.38326, 0.39151, 0.37737, 
0.3625, 0.40504, 0.4138, 0.40488, 0.39157, 0.36318, 0.39762, 
0.39339, 0.35618, 0.36404, 0.33652, 0.35, 0.061, 0.0432, 0.0498, 
0.0586, 0.0648, 0.0513, 0.0696, 0.0462, 0.0781, 0.076, 0.1036, 
137.6, 155.3, 169.1, 183.5, 201.6, 218, 232.6, 256.5, 262.3, 
278.5, 295.1, 1637, 2079, 603, 263, 174, 2002, 1392, 2418, 1306, 
1735, 598, 1, 1, 1, 1, 1, 2, 2, 1, 1, 1, 3, 100, 100, 100, 100, 
100, 100, 100, 100, 100, 100, 100, 2500, 2500, 2500, 2500, 2500, 
2500, 2500, 2500, 2500, 2500, 2500, 7169.482, 7612.829, 7705.575, 
7589.951, 7663.91200000001, 7642.349, 8126.186, 8117.196, 8146.14600000001, 
8267.592, 7868.16, 1, 1, 1, 1, 1, 1, 1, 1, 1, 1, 1, 0.2, 0.2, 
0.2, 0.2, 0.2, 0.2, 0.2, 0.2, 0.2, 0.2, 0.2, 0, 0, 0, 0, 0, 0, 
0, 0, 0, 0, 0, 0, 0, 0, 0, 0, 0, 0, 0, 0, 0, 0, 0.34867, 0.30817, 
0.36263, 0.31414, 0.26667, 0.30114, 0.25912, 0.27698, 0.29449, 
0.24967, 0.23, 0.34793, 0.34101, 0.36284, 0.29826, 0.26794, 0.30446, 
0.28673, 0.27991, 0.27242, 0.24787, 0.265, 0.0227, 0.0253, 0.028, 
0.0316, 0.0361, 0.0384, 0.0426, 0.0479, 0.0535, 0.056, 0.0558, 
155.9, 171.9, 187.5, 203.4, 219.8, 233.9, 252.2, 266.5, 280.7, 
298.1, 315.6, 1, 1, 1, 1, 1, 1, 1, 1, 1, 1, 1, 1, 1, 1, 1, 1, 
1, 1, 1, 1, 1, 1, 1, 1, 1, 1, 1, 1, 1, 1, 1, 1, 1, 1, 1, 1, 1, 
1, 1, 1, 1, 1, 1, 1, 2.661, 3.009, 2.807, 2.923, 2.924, 2.897, 
3.097, 3.172, 3.175, 3.131, 2.799), .Dim = c(11L, 40L), .Dimnames = list(
    NULL, c("Sampling", "PSO.cost", "PSO.gamma", "PSO.data.balancing", 
    "PSO.feature.selection", "PSO.valid.acc", "PSO.test.acc", 
    "PSO.train.time", "PSO.n.support.vectors", "PSO.index", "PSO.n.solutions", 
    "PSO.generations", "PSO.n.evaluations", "PSO.cpu.time", "RS.cost", 
    "RS.gamma", "RS.data.balancing", "RS.feature.selection", 
    "RS.valid.acc", "RS.test.acc", "RS.train.time", "RS.n.support.vectors", 
    "RS.index", "RS.n.solutions", "RS.generations", "RS.n.evaluations", 
    "RS.cpu.time", "DF.cost", "DF.gamma", "DF.data.balancing", 
    "DF.feature.selection", "DF.valid.acc", "DF.test.acc", "DF.train.time", 
    "DF.n.support.vectors", "DF.index", "DF.n.solutions", "DF.generations", 
    "DF.n.evaluations", "DF.cpu.time")))
