full <-
structure(c(50, 55, 60, 65, 70, 75, 80, 85, 90, 95, 100, 12.87457, 
14.99719, 13.20279, 15, 14.86102, 15, 14.99545, 15, 14.77337, 
10.26254, 14.79921, -11.75807, -10.17992, -9.72151, -10.18783, 
-9.90476, -12.1274, -12.04246, -11.93942, -11.69607, -8.58726, 
-12.42125, 0, 0, 0, 0, 0, 0, 0, 0, 0, 0, 0, 0, 0, 0, 0, 0, 0, 
0, 0, 0, 0, 0, 0.4463, 0.43202, 0.39537, 0.37817, 0.36461, 0.37244, 
0.35337, 0.38828, 0.34758, 0.37563, 0.3725, 0.40496, 0.41716, 
0.40549, 0.36989, 0.33958, 0.38342, 0.33736, 0.37381, 0.33077, 
0.36116, 0.3725, 0.0281, 0.0601, 0.0449, 0.0738, 0.089, 0.0555, 
0.0588, 0.0707, 0.074, 0.061, 0.0724, 147.2, 158.9, 172.6, 188.5, 
208.3, 223.4, 237.6, 251.2, 267.6, 281.7, 296.3, 264, 2170, 171, 
2347, 787, 1319, 2305, 600, 1988, 1846, 616, 63, 2, 120, 1, 66, 
18, 1, 2, 2, 7, 39, 100, 100, 100, 100, 100, 100, 100, 100, 100, 
100, 100, 2500, 2500, 2500, 2500, 2500, 2500, 2500, 2500, 2500, 
2500, 2500, 7324.557, 7996.414, 7881.545, 7773.425, 8684.522, 
7906.15299999999, 7948.357, 8257.652, 8283.81200000001, 8167.057, 
8252.93799999999, 13.65832, 14.70442, 14.53063, 9.8161, 13.42583, 
14.37364, 14.60408, 14.63965, 14.77271, 10.819, 14.66231, -12.55905, 
-9.93289, -10.0755, -10.84594, -8.74647, -12.12108, -9.94284, 
-11.56229, -11.83254, -9.02037, -12.21035, 0, 0, 0, 0, 0, 0, 
0, 0, 0, 0, 0, 0, 0, 0, 0, 0, 0, 0, 0, 0, 0, 0, 0.4458, 0.41816, 
0.38737, 0.37062, 0.35733, 0.35898, 0.34713, 0.38222, 0.34195, 
0.3678, 0.3675, 0.40496, 0.39461, 0.38481, 0.3623, 0.34623, 0.37631, 
0.3403, 0.37095, 0.33092, 0.36643, 0.365, 0.031, 0.0611, 0.0548, 
0.032, 0.0763, 0.0488, 0.0849, 0.0693, 0.0699, 0.0607, 0.0726, 
147.4, 159.5, 171, 198.3, 208.7, 223.1, 237.1, 251, 267.6, 281.3, 
296.2, 2456, 1014, 2475, 1224, 2406, 1001, 382, 398, 1901, 1071, 
802, 1, 1, 1, 3, 1, 1, 1, 1, 1, 1, 2, 100, 100, 100, 100, 100, 
100, 100, 100, 100, 100, 100, 2500, 2500, 2500, 2500, 2500, 2500, 
2500, 2500, 2500, 2500, 2500, 7275.447, 7331.664, 7594.977, 7602.306, 
7712.484, 7759.80799999999, 7859.45699999999, 7996.246, 8178.073, 
8362.389, 8249.00699999998, 1, 1, 1, 1, 1, 1, 1, 1, 1, 1, 1, 
0.2, 0.2, 0.2, 0.2, 0.2, 0.2, 0.2, 0.2, 0.2, 0.2, 0.2, 0, 0, 
0, 0, 0, 0, 0, 0, 0, 0, 0, 0, 0, 0, 0, 0, 0, 0, 0, 0, 0, 0, 0.33424, 
0.30853, 0.33692, 0.32429, 0.27921, 0.30658, 0.23432, 0.24961, 
0.25591, 0.2811, 0.2475, 0.33842, 0.32633, 0.30809, 0.33183, 
0.29262, 0.29966, 0.21849, 0.25239, 0.23075, 0.27618, 0.2525, 
0.0235, 0.0256, 0.0284, 0.0314, 0.0344, 0.0377, 0.0418, 0.0451, 
0.056, 0.0564, 0.0607, 159, 175, 190.2, 206.5, 223, 238.5, 253.5, 
269.5, 285.8, 300.1, 314.9, 1, 1, 1, 1, 1, 1, 1, 1, 1, 1, 1, 
1, 1, 1, 1, 1, 1, 1, 1, 1, 1, 1, 1, 1, 1, 1, 1, 1, 1, 1, 1, 1, 
1, 1, 1, 1, 1, 1, 1, 1, 1, 1, 1, 1, 2.882, 2.844, 3.025, 2.955, 
3.011, 2.968, 2.962, 2.856, 3.162, 3.158, 3.111), .Dim = c(11L, 
40L), .Dimnames = list(NULL, c("Sampling", "PSO.cost", "PSO.gamma", 
"PSO.data.balancing", "PSO.feature.selection", "PSO.valid.acc", 
"PSO.test.acc", "PSO.train.time", "PSO.n.support.vectors", "PSO.index", 
"PSO.n.solutions", "PSO.generations", "PSO.n.evaluations", "PSO.cpu.time", 
"RS.cost", "RS.gamma", "RS.data.balancing", "RS.feature.selection", 
"RS.valid.acc", "RS.test.acc", "RS.train.time", "RS.n.support.vectors", 
"RS.index", "RS.n.solutions", "RS.generations", "RS.n.evaluations", 
"RS.cpu.time", "DF.cost", "DF.gamma", "DF.data.balancing", "DF.feature.selection", 
"DF.valid.acc", "DF.test.acc", "DF.train.time", "DF.n.support.vectors", 
"DF.index", "DF.n.solutions", "DF.generations", "DF.n.evaluations", 
"DF.cpu.time")))
