full <-
structure(c(50, 55, 60, 65, 70, 75, 80, 85, 90, 95, 100, 15, 
13.76871, 14.84812, 15, 14.75114, 14.87963, 14.83288, 14.97483, 
14.97491, 14.95867, 14.62328, -14.64092, -9.9708, -13.37344, 
-10.92881, -10.6039, -11.98263, -11.25892, -11.24365, -11.58537, 
-10.86264, -12.64653, 0, 0, 0, 0, 0, 0, 0, 0, 0, 0, 0, 0, 0, 
0, 0, 0, 0, 0, 0, 0, 0, 0, 0.36479, 0.34903, 0.3741, 0.39074, 
0.39691, 0.39118, 0.38127, 0.37126, 0.43521, 0.3577, 0.3575, 
0.30595, 0.2947, 0.32459, 0.41174, 0.36067, 0.37414, 0.35537, 
0.3743, 0.3993, 0.35481, 0.3425, 0.0269, 0.0471, 0.0373, 0.0658, 
0.0727, 0.0564, 0.0694, 0.0815, 0.0803, 0.099, 0.0689, 150.5, 
164.9, 178.7, 192.8, 206.6, 224.1, 238.3, 253.6, 267.2, 279.8, 
296.7, 1007, 186, 474, 814, 1085, 2391, 553, 2343, 705, 1917, 
535, 10, 11, 1, 1, 5, 1, 72, 1, 15, 1, 13, 100, 100, 100, 100, 
100, 100, 100, 100, 100, 100, 100, 2500, 2500, 2500, 2500, 2500, 
2500, 2500, 2500, 2500, 2500, 2500, 7330.753, 7237.108, 7430.508, 
8288.187, 7932.337, 7844.109, 8060.40700000001, 8450.63, 8493.54200000002, 
8687.36299999998, 7932.80000000002, 12.77812, 14.55467, 11.71621, 
14.00803, 14.13709, 14.02029, 14.57983, 13.61394, 14.69044, 14.16536, 
14.74425, -12.5441, -3.87922, -9.86163, -10.70253, -10.49064, 
-11.10218, -10.99706, -10.43678, -11.4315, -10.33368, -12.54239, 
0, 0, 0, 0, 0, 0, 0, 0, 0, 0, 0, 0, 0, 0, 0, 0, 0, 0, 0, 0, 0, 
0, 0.35503, 0.35487, 0.3661, 0.37592, 0.39334, 0.38773, 0.37502, 
0.36242, 0.42703, 0.34717, 0.355, 0.31571, 0.27792, 0.34942, 
0.41589, 0.36424, 0.37082, 0.35244, 0.37438, 0.39938, 0.3521, 
0.35, 0.0259, 0.0558, 0.0344, 0.0502, 0.0648, 0.0554, 0.0714, 
0.0693, 0.0763, 0.0894, 0.0709, 151.1, 146.6, 179.1, 193.6, 207.5, 
224.1, 238.1, 253.7, 267.3, 280.1, 296.2, 316, 2104, 223, 1407, 
1019, 49, 342, 305, 708, 227, 1245, 4, 1, 2, 1, 1, 1, 1, 1, 1, 
2, 1, 100, 100, 100, 100, 100, 100, 100, 100, 100, 100, 100, 
2500, 2500, 2500, 2500, 2500, 2500, 2500, 2500, 2500, 2500, 2500, 
7044.557, 7125.753, 7393.657, 7495.484, 7390.30399999999, 7648.421, 
7957.3, 8185.766, 8161.13099999999, 8204.761, 8213.38500000001, 
1, 1, 1, 1, 1, 1, 1, 1, 1, 1, 1, 0.2, 0.2, 0.2, 0.2, 0.2, 0.2, 
0.2, 0.2, 0.2, 0.2, 0.2, 0, 0, 0, 0, 0, 0, 0, 0, 0, 0, 0, 0, 
0, 0, 0, 0, 0, 0, 0, 0, 0, 0, 0.24856, 0.25763, 0.23721, 0.26793, 
0.23641, 0.28357, 0.2776, 0.27093, 0.28283, 0.22924, 0.225, 0.23506, 
0.25276, 0.24971, 0.27698, 0.23973, 0.24677, 0.28073, 0.25941, 
0.27403, 0.24458, 0.235, 0.0223, 0.0266, 0.0289, 0.0302, 0.0356, 
0.0397, 0.0431, 0.0474, 0.0477, 0.0526, 0.0562, 158.8, 175.5, 
191.1, 206.6, 222.6, 238.7, 254.1, 269.5, 283.8, 299.6, 315.5, 
1, 1, 1, 1, 1, 1, 1, 1, 1, 1, 1, 1, 1, 1, 1, 1, 1, 1, 1, 1, 1, 
1, 1, 1, 1, 1, 1, 1, 1, 1, 1, 1, 1, 1, 1, 1, 1, 1, 1, 1, 1, 1, 
1, 1, 2.679, 2.927, 3.004, 2.729, 2.945, 3.04, 2.987, 3.063, 
2.843, 2.93, 2.928), .Dim = c(11L, 40L), .Dimnames = list(NULL, 
    c("Sampling", "PSO.cost", "PSO.gamma", "PSO.data.balancing", 
    "PSO.feature.selection", "PSO.valid.acc", "PSO.test.acc", 
    "PSO.train.time", "PSO.n.support.vectors", "PSO.index", "PSO.n.solutions", 
    "PSO.generations", "PSO.n.evaluations", "PSO.cpu.time", "RS.cost", 
    "RS.gamma", "RS.data.balancing", "RS.feature.selection", 
    "RS.valid.acc", "RS.test.acc", "RS.train.time", "RS.n.support.vectors", 
    "RS.index", "RS.n.solutions", "RS.generations", "RS.n.evaluations", 
    "RS.cpu.time", "DF.cost", "DF.gamma", "DF.data.balancing", 
    "DF.feature.selection", "DF.valid.acc", "DF.test.acc", "DF.train.time", 
    "DF.n.support.vectors", "DF.index", "DF.n.solutions", "DF.generations", 
    "DF.n.evaluations", "DF.cpu.time")))
