full <-
structure(c(50, 55, 60, 65, 70, 75, 80, 85, 90, 95, 100, 13.16563, 
14.99759, 14.99913, 14.82249, 14.87734, 10.29001, 15, 14.36701, 
15, 14.82558, 14.87338, -9.30404, -9.9204, -3.15565, -14.83696, 
-10.69224, -9.45481, -10.32969, -13.71793, -11.89313, -11.35326, 
-14.55947, 0, 0, 0, 0, 0, 0, 0, 0, 0, 0, 0, 0, 0, 0, 0, 0, 0, 
0, 0, 0, 0, 0, 0.45019, 0.3735, 0.38797, 0.42193, 0.40607, 0.39042, 
0.42164, 0.39995, 0.40862, 0.38681, 0.355, 0.34059, 0.30151, 
0.35965, 0.37494, 0.42484, 0.36663, 0.38356, 0.36447, 0.38933, 
0.3659, 0.3225, 0.0414, 0.0674, 0.0456, 0.0325, 0.061, 0.0406, 
0.093, 0.0468, 0.0736, 0.0793, 0.06, 143.9, 157.6, 151.2, 192.5, 
202.7, 224.3, 234.3, 254.2, 267.1, 281.1, 300, 596, 1409, 627, 
1340, 897, 78, 1371, 762, 360, 2117, 1640, 137, 4, 83, 2, 13, 
243, 4, 4, 46, 3, 1, 100, 100, 100, 100, 100, 100, 100, 100, 
100, 100, 100, 2500, 2500, 2500, 2500, 2500, 2500, 2500, 2500, 
2500, 2500, 2500, 7437.936, 7968.929, 8336.003, 7286.172, 8110.72200000001, 
7596.75899999999, 8507.00999999999, 7612.22900000001, 7959.86300000001, 
8243.67999999999, 7915.894, 13.19742, 13.94166, 12.98594, 13.86358, 
14.48661, 11.18292, 14.75948, 12.78574, 13.13035, 14.72396, 13.32454, 
-9.18311, -10.07003, -6.46185, -13.65877, -10.47569, -10.3521, 
-10.33249, -12.18622, -10.60189, -11.27016, -12.84648, 0, 0, 
0, 0, 0, 0, 0, 0, 0, 0, 0, 0, 0, 0, 0, 0, 0, 0, 0, 0, 0, 0, 0.44519, 
0.36475, 0.38276, 0.41793, 0.40249, 0.38719, 0.41861, 0.39709, 
0.40569, 0.37911, 0.3475, 0.34535, 0.32803, 0.29241, 0.38694, 
0.42127, 0.36007, 0.39293, 0.36161, 0.40036, 0.36313, 0.335, 
0.0426, 0.0485, 0.1541, 0.0334, 0.0614, 0.0408, 0.0828, 0.0494, 
0.0644, 0.0803, 0.0615, 143.8, 158.8, 165.1, 191.8, 202.9, 224.4, 
234.4, 254.6, 266.8, 281.2, 299.6, 1408, 373, 1914, 502, 326, 
963, 450, 846, 2246, 995, 169, 1, 3, 3, 7, 1, 2, 1, 1, 1, 1, 
9, 100, 100, 100, 100, 100, 100, 100, 100, 100, 100, 100, 2500, 
2500, 2500, 2500, 2500, 2500, 2500, 2500, 2500, 2500, 2500, 6991.774, 
7045.169, 7211.138, 7357.133, 7459.58100000001, 7554.63699999999, 
7654.83099999999, 7813.269, 8004.59000000001, 8042.99500000002, 
9977.024, 1, 1, 1, 1, 1, 1, 1, 1, 1, 1, 1, 0.2, 0.2, 0.2, 0.2, 
0.2, 0.2, 0.2, 0.2, 0.2, 0.2, 0.2, 0, 0, 0, 0, 0, 0, 0, 0, 0, 
0, 0, 0, 0, 0, 0, 0, 0, 0, 0, 0, 0, 0, 0.29951, 0.24125, 0.23713, 
0.26384, 0.26046, 0.25406, 0.29103, 0.27903, 0.27521, 0.29388, 
0.25, 0.28401, 0.27038, 0.22984, 0.29566, 0.28179, 0.25763, 0.25901, 
0.27341, 0.27257, 0.26051, 0.245, 0.0232, 0.0253, 0.0282, 0.0313, 
0.0344, 0.0371, 0.0416, 0.0455, 0.0493, 0.0542, 0.0588, 157.2, 
174.3, 188.6, 203.9, 220.2, 235.3, 251.1, 267.9, 284.6, 299.1, 
315.6, 1, 1, 1, 1, 1, 1, 1, 1, 1, 1, 1, 1, 1, 1, 1, 1, 1, 1, 
1, 1, 1, 1, 1, 1, 1, 1, 1, 1, 1, 1, 1, 1, 1, 1, 1, 1, 1, 1, 1, 
1, 1, 1, 1, 1, 2.756, 2.764, 2.846, 2.871, 2.905, 2.895, 2.965, 
2.985, 3.025, 3.07, 3.638), .Dim = c(11L, 40L), .Dimnames = list(
    NULL, c("Sampling", "PSO.cost", "PSO.gamma", "PSO.data.balancing", 
    "PSO.feature.selection", "PSO.valid.acc", "PSO.test.acc", 
    "PSO.train.time", "PSO.n.support.vectors", "PSO.index", "PSO.n.solutions", 
    "PSO.generations", "PSO.n.evaluations", "PSO.cpu.time", "RS.cost", 
    "RS.gamma", "RS.data.balancing", "RS.feature.selection", 
    "RS.valid.acc", "RS.test.acc", "RS.train.time", "RS.n.support.vectors", 
    "RS.index", "RS.n.solutions", "RS.generations", "RS.n.evaluations", 
    "RS.cpu.time", "DF.cost", "DF.gamma", "DF.data.balancing", 
    "DF.feature.selection", "DF.valid.acc", "DF.test.acc", "DF.train.time", 
    "DF.n.support.vectors", "DF.index", "DF.n.solutions", "DF.generations", 
    "DF.n.evaluations", "DF.cpu.time")))
