full <-
structure(c(50, 55, 60, 65, 70, 75, 80, 85, 90, 95, 100, 12.18743, 
11.84868, 8.83334, 13.32635, 12.58451, 14.99981, 5.60816, -2, 
15, 14.81348, 14.88763, -8.98515, -8.70028, -7.31886, -11.24907, 
-11.30799, -3.78436, -10.18129, -4.21831, -10.1772, -11.63205, 
-11.44958, 0, 0, 0, 0, 0, 0, 0, 0, 0, 0, 0, 0, 0, 0, 0, 0, 0, 
0, 0, 0, 0, 0, 0.42216, 0.43641, 0.38759, 0.35678, 0.38472, 0.38301, 
0.37523, 0.36745, 0.37242, 0.41217, 0.38, 0.40965, 0.40756, 0.36588, 
0.34109, 0.35332, 0.32005, 0.35685, 0.36442, 0.34408, 0.36837, 
0.3275, 0.0364, 0.0391, 0.0323, 0.0416, 0.0388, 0.1021, 0.0411, 
0.0464, 0.114, 0.0819, 0.0862, 148, 162.1, 179.5, 192.3, 210.4, 
187.6, 248.8, 271.3, 264, 281.5, 295.5, 301, 2437, 1681, 2295, 
1193, 1013, 294, 2233, 348, 930, 1081, 43, 1, 18, 2, 16, 156, 
69, 1, 42, 2, 1, 100, 100, 100, 100, 100, 100, 100, 100, 100, 
100, 100, 2500, 2500, 2500, 2500, 2500, 2500, 2500, 2500, 2500, 
2500, 2500, 7465.562, 7483.521, 7441.897, 7682.505, 7537.41299999999, 
9123.95199999999, 7784.09, 7772.751, 9127.34, 8507.85799999998, 
8632.07399999999, 12.02486, 11.8462, 6.90426, 13.4312, 13.14437, 
14.45894, 4.8687, 0.42689, 14.47839, 13.03095, 14.70649, -8.86594, 
-8.70401, -6.28363, -10.81036, -11.90357, -3.54405, -9.42365, 
-7.11983, -9.88922, -11.1512, -11.35372, 0, 0, 0, 0, 0, 0, 0, 
0, 0, 0, 0, 0, 0, 0, 0, 0, 0, 0, 0, 0, 0, 0, 0.42216, 0.43641, 
0.37943, 0.36019, 0.3777, 0.37323, 0.37523, 0.35871, 0.37242, 
0.40697, 0.37, 0.40489, 0.40756, 0.36588, 0.34493, 0.34974, 0.32005, 
0.35363, 0.34677, 0.34131, 0.3577, 0.3275, 0.0364, 0.0389, 0.0303, 
0.0452, 0.0408, 0.0868, 0.0418, 0.0458, 0.1013, 0.0647, 0.0833, 
147.8, 162, 181.1, 192.6, 210.2, 189.1, 248.8, 269.4, 264.2, 
282.4, 295.2, 430, 1669, 317, 1616, 277, 1453, 766, 657, 238, 
1023, 467, 1, 1, 1, 1, 2, 1, 6, 1, 1, 1, 1, 100, 100, 100, 100, 
100, 100, 100, 100, 100, 100, 100, 2500, 2500, 2500, 2500, 2500, 
2500, 2500, 2500, 2500, 2500, 2500, 7317.295, 7423.029, 7397.725, 
7428.323, 7538.577, 7647.474, 8059.78599999999, 8138.39, 8214.60000000001, 
8276.06700000001, 8437.22899999999, 1, 1, 1, 1, 1, 1, 1, 1, 1, 
1, 1, 0.2, 0.2, 0.2, 0.2, 0.2, 0.2, 0.2, 0.2, 0.2, 0.2, 0.2, 
0, 0, 0, 0, 0, 0, 0, 0, 0, 0, 0, 0, 0, 0, 0, 0, 0, 0, 0, 0, 0, 
0, 0.33124, 0.32577, 0.29133, 0.26544, 0.28157, 0.24256, 0.29276, 
0.23197, 0.26126, 0.25311, 0.2225, 0.30997, 0.30735, 0.28717, 
0.27638, 0.28543, 0.25259, 0.29032, 0.25013, 0.25277, 0.25553, 
0.23, 0.0239, 0.0261, 0.0302, 0.0307, 0.0349, 0.0397, 0.0429, 
0.0473, 0.05, 0.054, 0.0593, 157.3, 173.5, 189.5, 205.4, 221.5, 
237.2, 253.2, 269.2, 283.7, 299.3, 315.5, 1, 1, 1, 1, 1, 1, 1, 
1, 1, 1, 1, 1, 1, 1, 1, 1, 1, 1, 1, 1, 1, 1, 1, 1, 1, 1, 1, 1, 
1, 1, 1, 1, 1, 1, 1, 1, 1, 1, 1, 1, 1, 1, 1, 1, 2.877, 2.876, 
2.982, 2.757, 2.977, 3.072, 3.046, 3.09, 3.111, 3.083, 3.178), .Dim = c(11L, 
40L), .Dimnames = list(NULL, c("Sampling", "PSO.cost", "PSO.gamma", 
"PSO.data.balancing", "PSO.feature.selection", "PSO.valid.acc", 
"PSO.test.acc", "PSO.train.time", "PSO.n.support.vectors", "PSO.index", 
"PSO.n.solutions", "PSO.generations", "PSO.n.evaluations", "PSO.cpu.time", 
"RS.cost", "RS.gamma", "RS.data.balancing", "RS.feature.selection", 
"RS.valid.acc", "RS.test.acc", "RS.train.time", "RS.n.support.vectors", 
"RS.index", "RS.n.solutions", "RS.generations", "RS.n.evaluations", 
"RS.cpu.time", "DF.cost", "DF.gamma", "DF.data.balancing", "DF.feature.selection", 
"DF.valid.acc", "DF.test.acc", "DF.train.time", "DF.n.support.vectors", 
"DF.index", "DF.n.solutions", "DF.generations", "DF.n.evaluations", 
"DF.cpu.time")))
