full <-
structure(c(50, 55, 60, 65, 70, 75, 80, 85, 90, 95, 100, 15, 
-1.54648, 14.8346, 13.08209, 15, 14.689, 14.98061, 14.77592, 
14.3508, 11.72508, 14.98962, -12.42163, -0.95113, -11.8676, -12.97508, 
-10.07155, -3.0281, -10.81886, -12.44273, -11.51365, -9.91809, 
-11.24666, 0, 0, 0, 0, 0, 0, 0, 0, 0, 0, 0, 0, 0, 0, 0, 0, 0, 
0, 0, 0, 0, 0, 0.39587, 0.36809, 0.37509, 0.37262, 0.37545, 0.36319, 
0.39412, 0.3799, 0.37757, 0.3923, 0.3675, 0.32603, 0.36354, 0.35407, 
0.31842, 0.31053, 0.36306, 0.34741, 0.34132, 0.35867, 0.36327, 
0.355, 0.0315, 0.0267, 0.0468, 0.0319, 0.0832, 0.0661, 0.0802, 
0.0595, 0.0675, 0.0602, 0.0949, 150, 176, 176.4, 195.4, 209.6, 
187.7, 236.7, 251.8, 266, 283.7, 295.7, 1458, 880, 622, 329, 
406, 814, 2149, 1247, 484, 685, 459, 2, 59, 29, 52, 122, 227, 
1, 2, 33, 151, 7, 100, 100, 100, 100, 100, 100, 100, 100, 100, 
100, 100, 2500, 2500, 2500, 2500, 2500, 2500, 2500, 2500, 2500, 
2500, 2500, 7114.856, 7492.63, 7616.778, 7393.045, 8542.685, 
8560.861, 8658.936, 8045.63600000001, 8279.80100000001, 8189.17599999998, 
8499.22399999999, 14.92042, 13.59677, 11.20746, 13.6783, 10.80513, 
14.97662, 14.48991, 13.62065, 14.08849, 10.4682, 14.34397, -4.6531, 
-10.4729, -8.81524, -13.58822, -9.77515, -3.31716, -10.54163, 
-11.32449, -12.96687, -8.87274, -11.51483, 0, 0, 0, 0, 0, 0, 
0, 0, 0, 0, 0, 0, 0, 0, 0, 0, 0, 0, 0, 0, 0, 0, 0.37587, 0.36825, 
0.37146, 0.36877, 0.36567, 0.35663, 0.38777, 0.37383, 0.37681, 
0.38946, 0.36, 0.37016, 0.37813, 0.34276, 0.31442, 0.31325, 0.36317, 
0.35054, 0.34417, 0.34446, 0.36064, 0.3575, 0.0544, 0.0397, 0.0372, 
0.0332, 0.0382, 0.0756, 0.0735, 0.0577, 0.0572, 0.0605, 0.0755, 
123, 163.4, 178.2, 195.4, 212.3, 187.6, 236.7, 252.4, 268.6, 
284.9, 296.7, 1789, 2161, 1785, 862, 1339, 2382, 1893, 1990, 
518, 1718, 1721, 1, 2, 1, 1, 1, 1, 1, 1, 1, 1, 2, 100, 100, 100, 
100, 100, 100, 100, 100, 100, 100, 100, 2500, 2500, 2500, 2500, 
2500, 2500, 2500, 2500, 2500, 2500, 2500, 7075.773, 7320.865, 
7446.304, 7533.466, 7873.019, 7829.14199999999, 8126.391, 8211.425, 
8322.845, 8363.57199999999, 7782.764, 1, 1, 1, 1, 1, 1, 1, 1, 
1, 1, 1, 0.2, 0.2, 0.2, 0.2, 0.2, 0.2, 0.2, 0.2, 0.2, 0.2, 0.2, 
0, 0, 0, 0, 0, 0, 0, 0, 0, 0, 0, 0, 0, 0, 0, 0, 0, 0, 0, 0, 0, 
0, 0.31548, 0.31857, 0.28388, 0.24999, 0.24618, 0.28366, 0.26182, 
0.25278, 0.24704, 0.26589, 0.2725, 0.30389, 0.33679, 0.30422, 
0.26994, 0.249, 0.28667, 0.2585, 0.26715, 0.26313, 0.27884, 0.245, 
0.0236, 0.0269, 0.0292, 0.032, 0.0353, 0.0392, 0.0411, 0.0463, 
0.049, 0.0517, 0.0567, 158.9, 173.5, 189.7, 205.5, 222.8, 237.9, 
253, 268.5, 284.2, 298.9, 315.9, 1, 1, 1, 1, 1, 1, 1, 1, 1, 1, 
1, 1, 1, 1, 1, 1, 1, 1, 1, 1, 1, 1, 1, 1, 1, 1, 1, 1, 1, 1, 1, 
1, 1, 1, 1, 1, 1, 1, 1, 1, 1, 1, 1, 1, 2.827, 2.88, 2.923, 2.968, 
3.067, 3.061, 2.94, 3.111, 2.974, 2.797, 2.853), .Dim = c(11L, 
40L), .Dimnames = list(NULL, c("Sampling", "PSO.cost", "PSO.gamma", 
"PSO.data.balancing", "PSO.feature.selection", "PSO.valid.acc", 
"PSO.test.acc", "PSO.train.time", "PSO.n.support.vectors", "PSO.index", 
"PSO.n.solutions", "PSO.generations", "PSO.n.evaluations", "PSO.cpu.time", 
"RS.cost", "RS.gamma", "RS.data.balancing", "RS.feature.selection", 
"RS.valid.acc", "RS.test.acc", "RS.train.time", "RS.n.support.vectors", 
"RS.index", "RS.n.solutions", "RS.generations", "RS.n.evaluations", 
"RS.cpu.time", "DF.cost", "DF.gamma", "DF.data.balancing", "DF.feature.selection", 
"DF.valid.acc", "DF.test.acc", "DF.train.time", "DF.n.support.vectors", 
"DF.index", "DF.n.solutions", "DF.generations", "DF.n.evaluations", 
"DF.cpu.time")))
