full <-
structure(c(50, 55, 60, 65, 70, 75, 80, 85, 90, 95, 100, 14.56055, 
15, 14.15198, 14.40433, 15, 15, 14.87123, 14.50026, 15, 14.98286, 
14.92493, -3.34961, -4.69278, -10.34728, -10.60195, -10.07143, 
-2.51625, -11.18714, -11.11833, -14.58495, -11.11587, -11.58415, 
0, 0, 0, 0, 0, 0, 0, 0, 0, 0, 0, 0, 0, 0, 0, 0, 0, 0, 0, 0, 0, 
0, 0.42273, 0.40809, 0.36984, 0.37259, 0.37889, 0.37382, 0.36842, 
0.39438, 0.39722, 0.38708, 0.39, 0.37694, 0.37081, 0.38807, 0.33056, 
0.36356, 0.3033, 0.38383, 0.35976, 0.35833, 0.37128, 0.3675, 
0.0306, 0.0852, 0.0525, 0.0542, 0.0876, 0.0547, 0.0703, 0.0757, 
0.0518, 0.0916, 0.0852, 122.4, 135.1, 175.2, 191.4, 203.6, 188.1, 
236.5, 252.9, 269.6, 281.9, 296.2, 1028, 342, 657, 849, 137, 
1927, 473, 1751, 1686, 1039, 620, 307, 660, 53, 20, 512, 15, 
6, 1, 1, 23, 2, 100, 100, 100, 100, 100, 100, 100, 100, 100, 
100, 100, 2500, 2500, 2500, 2500, 2500, 2500, 2500, 2500, 2500, 
2500, 2500, 7310.02, 8653.302, 8059.291, 7822.306, 8292.976, 
8205.916, 7998.91800000001, 8119.44799999999, 7801.75400000002, 
8740.56, 8363.095, 14.99289, 14.85878, 14.6506, 14.67783, 14.99312, 
14.93566, 14.68366, 14.27974, 10.09221, 14.04471, 14.80989, -3.61366, 
-4.26152, -2.28321, -10.69961, -10.32796, -2.51968, -11.0817, 
-10.57581, -9.62817, -11.21504, -11.36982, 0, 0, 0, 0, 0, 0, 
0, 0, 0, 0, 0, 0, 0, 0, 0, 0, 0, 0, 0, 0, 0, 0, 0.40771, 0.40355, 
0.36772, 0.36504, 0.37148, 0.37382, 0.36207, 0.38574, 0.39444, 
0.37648, 0.3825, 0.38194, 0.37537, 0.37116, 0.32686, 0.34927, 
0.3033, 0.38373, 0.35102, 0.35556, 0.36055, 0.3675, 0.0329, 0.0603, 
0.0361, 0.0588, 0.0804, 0.053, 0.0688, 0.0774, 0.0508, 0.0716, 
0.0849, 121.4, 133.6, 151.5, 191.2, 203.7, 188.2, 236.4, 252.6, 
269.9, 281.8, 296.2, 1445, 792, 1944, 2348, 1435, 1775, 472, 
253, 1813, 35, 1046, 1, 1, 1, 1, 2, 1, 1, 1, 1, 4, 1, 100, 100, 
100, 100, 100, 100, 100, 100, 100, 100, 100, 2500, 2500, 2500, 
2500, 2500, 2500, 2500, 2500, 2500, 2500, 2500, 7271.693, 7398.782, 
7369.628, 7284.034, 7297.095, 7452.21699999999, 7700, 7855.66399999999, 
8156.91699999999, 8216.29700000002, 8072.72899999999, 1, 1, 1, 
1, 1, 1, 1, 1, 1, 1, 1, 0.2, 0.2, 0.2, 0.2, 0.2, 0.2, 0.2, 0.2, 
0.2, 0.2, 0.2, 0, 0, 0, 0, 0, 0, 0, 0, 0, 0, 0, 0, 0, 0, 0, 0, 
0, 0, 0, 0, 0, 0, 0.25525, 0.23552, 0.26568, 0.25348, 0.26465, 
0.28065, 0.234, 0.24427, 0.27778, 0.25797, 0.2475, 0.22551, 0.23902, 
0.28736, 0.28383, 0.26785, 0.25409, 0.26525, 0.26164, 0.28056, 
0.24688, 0.245, 0.022, 0.0246, 0.0286, 0.0313, 0.0341, 0.0378, 
0.042, 0.0467, 0.0485, 0.0535, 0.0564, 157.9, 173.5, 189.7, 205.6, 
219.7, 235.3, 252.8, 268.3, 283.8, 299.5, 314.6, 1, 1, 1, 1, 
1, 1, 1, 1, 1, 1, 1, 1, 1, 1, 1, 1, 1, 1, 1, 1, 1, 1, 1, 1, 1, 
1, 1, 1, 1, 1, 1, 1, 1, 1, 1, 1, 1, 1, 1, 1, 1, 1, 1, 1, 2.849, 
2.881, 2.822, 2.76, 2.835, 2.835, 2.888, 3.042, 3.046, 3.01, 
3.021), .Dim = c(11L, 40L), .Dimnames = list(NULL, c("Sampling", 
"PSO.cost", "PSO.gamma", "PSO.data.balancing", "PSO.feature.selection", 
"PSO.valid.acc", "PSO.test.acc", "PSO.train.time", "PSO.n.support.vectors", 
"PSO.index", "PSO.n.solutions", "PSO.generations", "PSO.n.evaluations", 
"PSO.cpu.time", "RS.cost", "RS.gamma", "RS.data.balancing", "RS.feature.selection", 
"RS.valid.acc", "RS.test.acc", "RS.train.time", "RS.n.support.vectors", 
"RS.index", "RS.n.solutions", "RS.generations", "RS.n.evaluations", 
"RS.cpu.time", "DF.cost", "DF.gamma", "DF.data.balancing", "DF.feature.selection", 
"DF.valid.acc", "DF.test.acc", "DF.train.time", "DF.n.support.vectors", 
"DF.index", "DF.n.solutions", "DF.generations", "DF.n.evaluations", 
"DF.cpu.time")))
