full <-
structure(c(50, 55, 60, 65, 70, 75, 80, 85, 90, 95, 100, 15, 
15, 11.75109, 14.99542, 13.85641, 11.99463, 14.98131, 13.78803, 
14.47766, 15, 13.54916, -5.80563, -6.04341, -8.78683, -11.19841, 
-10.08112, -10.37637, -11.09441, -11.63886, -12.02727, -10.83197, 
-11.0251, 0, 0, 0, 0, 0, 0, 0, 0, 0, 0, 0, 0, 0, 0, 0, 0, 0, 
0, 0, 0, 0, 0, 0.40312, 0.39953, 0.4492, 0.42205, 0.43516, 0.41276, 
0.44372, 0.42979, 0.42163, 0.39175, 0.375, 0.36336, 0.33091, 
0.42302, 0.39878, 0.39597, 0.40687, 0.39996, 0.38237, 0.41632, 
0.38679, 0.3425, 0.1259, 0.1908, 0.038, 0.0577, 0.0637, 0.045, 
0.0734, 0.0553, 0.0669, 0.0949, 0.0719, 126.5, 136.1, 171.1, 
182.6, 199.2, 215.4, 229.4, 246.4, 263.6, 279, 297.4, 2025, 131, 
850, 1257, 391, 766, 961, 183, 1961, 2419, 1935, 39, 1202, 72, 
15, 20, 40, 8, 79, 1, 1, 1, 100, 100, 100, 100, 100, 100, 100, 
100, 100, 100, 100, 2500, 2500, 2500, 2500, 2500, 2500, 2500, 
2500, 2500, 2500, 2500, 7661.989, 9954.447, 7752.764, 8239.453, 
8241.712, 8356.93800000001, 8739.931, 8413.09300000001, 8600.739, 
9149.67600000001, 8617.239, 14.57693, 14.7322, 12.35283, 14.05133, 
13.7341, 14.50457, 14.53168, 13.63888, 14.37635, 14.57078, 13.97994, 
-5.29148, -5.93859, -9.14473, -10.97579, -9.80061, -11.51832, 
-11.26144, -11.48112, -11.84373, -10.59237, -11.0005, 0, 0, 0, 
0, 0, 0, 0, 0, 0, 0, 0, 0, 0, 0, 0, 0, 0, 0, 0, 0, 0, 0, 0.3886, 
0.39477, 0.44535, 0.4145, 0.43504, 0.40286, 0.43131, 0.42685, 
0.41599, 0.38371, 0.3675, 0.37812, 0.34001, 0.41052, 0.40278, 
0.3818, 0.40674, 0.4064, 0.38237, 0.4191, 0.39198, 0.3475, 0.0831, 
0.1597, 0.0411, 0.0491, 0.0653, 0.0563, 0.0619, 0.0572, 0.067, 
0.0925, 0.0774, 125.3, 136.6, 170.4, 183.1, 199, 213.3, 229.5, 
246.7, 263.5, 279, 297.2, 1757, 1563, 746, 1012, 1982, 447, 1677, 
2121, 1478, 1256, 203, 1, 1, 2, 1, 1, 2, 1, 1, 1, 1, 4, 100, 
100, 100, 100, 100, 100, 100, 100, 100, 100, 100, 2500, 2500, 
2500, 2500, 2500, 2500, 2500, 2500, 2500, 2500, 2500, 7085.757, 
7380.092, 7749.615, 7781.362, 8126.988, 8238.65599999999, 8256.09600000001, 
8475.61500000001, 8634.40299999999, 8511.77500000002, 8554.592, 
1, 1, 1, 1, 1, 1, 1, 1, 1, 1, 1, 0.2, 0.2, 0.2, 0.2, 0.2, 0.2, 
0.2, 0.2, 0.2, 0.2, 0.2, 0, 0, 0, 0, 0, 0, 0, 0, 0, 0, 0, 0, 
0, 0, 0, 0, 0, 0, 0, 0, 0, 0, 0.28992, 0.28989, 0.29488, 0.26836, 
0.31773, 0.28003, 0.28135, 0.28803, 0.28858, 0.25807, 0.2475, 
0.29466, 0.2725, 0.31638, 0.29932, 0.29603, 0.28324, 0.27774, 
0.29116, 0.28767, 0.2926, 0.24, 0.0223, 0.0251, 0.0285, 0.0306, 
0.0353, 0.0388, 0.0426, 0.0483, 0.0515, 0.0541, 0.0595, 157.3, 
174.5, 189.1, 203.9, 219.2, 235.8, 252.7, 268.3, 283.2, 299.5, 
315.6, 1, 1, 1, 1, 1, 1, 1, 1, 1, 1, 1, 1, 1, 1, 1, 1, 1, 1, 
1, 1, 1, 1, 1, 1, 1, 1, 1, 1, 1, 1, 1, 1, 1, 1, 1, 1, 1, 1, 1, 
1, 1, 1, 1, 1, 2.73, 2.841, 2.979, 2.895, 3.13, 3.173, 3.176, 
3.243, 3.304, 3.211, 3.188), .Dim = c(11L, 40L), .Dimnames = list(
    NULL, c("Sampling", "PSO.cost", "PSO.gamma", "PSO.data.balancing", 
    "PSO.feature.selection", "PSO.valid.acc", "PSO.test.acc", 
    "PSO.train.time", "PSO.n.support.vectors", "PSO.index", "PSO.n.solutions", 
    "PSO.generations", "PSO.n.evaluations", "PSO.cpu.time", "RS.cost", 
    "RS.gamma", "RS.data.balancing", "RS.feature.selection", 
    "RS.valid.acc", "RS.test.acc", "RS.train.time", "RS.n.support.vectors", 
    "RS.index", "RS.n.solutions", "RS.generations", "RS.n.evaluations", 
    "RS.cpu.time", "DF.cost", "DF.gamma", "DF.data.balancing", 
    "DF.feature.selection", "DF.valid.acc", "DF.test.acc", "DF.train.time", 
    "DF.n.support.vectors", "DF.index", "DF.n.solutions", "DF.generations", 
    "DF.n.evaluations", "DF.cpu.time")))
