full <-
structure(c(50, 55, 60, 65, 70, 75, 80, 85, 90, 95, 100, 15, 
12.43646, 14.98783, 9.98216, 14.99002, 14.92411, 14.08071, 15, 
13.51007, 15, 14.77158, -11.12806, -9.15019, -12.06831, -8.18407, 
-12.12941, -9.82067, -11.22675, -11.7797, -10.53449, -11.44305, 
-11.16747, 0, 0, 0, 0, 0, 0, 0, 0, 0, 0, 0, 0, 0, 0, 0, 0, 0, 
0, 0, 0, 0, 0, 0.40093, 0.40908, 0.40354, 0.42256, 0.48645, 0.3774, 
0.42104, 0.40928, 0.40598, 0.38174, 0.37, 0.36143, 0.34499, 0.3578, 
0.38378, 0.44352, 0.34472, 0.38352, 0.37958, 0.38298, 0.3469, 
0.33, 0.0467, 0.0408, 0.0479, 0.0367, 0.0523, 0.097, 0.064, 0.0651, 
0.0663, 0.0845, 0.0884, 143.4, 159, 170.1, 190.5, 200.3, 214.8, 
230.4, 248.2, 263.8, 278.7, 294.5, 209, 1253, 908, 315, 414, 
739, 644, 1287, 1964, 1602, 1067, 35, 70, 5, 87, 10, 1, 40, 16, 
2, 2, 9, 100, 100, 100, 100, 100, 100, 100, 100, 100, 100, 100, 
2500, 2500, 2500, 2500, 2500, 2500, 2500, 2500, 2500, 2500, 2500, 
7634.743, 7989.478, 7584.672, 7455.124, 7883.082, 8573.534, 8148.94899999999, 
8266.508, 8425.45500000002, 8651.54599999997, 8570.90700000001, 
13.21085, 13.06358, 14.99678, 9.84259, 14.75782, 14.30061, 14.2161, 
12.28943, 13.93045, 13.79144, 14.44923, -10.02853, -9.26615, 
-12.11702, -8.36912, -11.88207, -11.04963, -11.31337, -10.38914, 
-10.6373, -10.28656, -10.98225, 0, 0, 0, 0, 0, 0, 0, 0, 0, 0, 
0, 0, 0, 0, 0, 0, 0, 0, 0, 0, 0, 0, 0.40066, 0.40454, 0.3952, 
0.41501, 0.47918, 0.37108, 0.42104, 0.40591, 0.4059, 0.37363, 
0.3625, 0.35664, 0.36339, 0.35346, 0.38734, 0.43935, 0.35483, 
0.37727, 0.39429, 0.39997, 0.35202, 0.33, 0.0391, 0.0452, 0.0446, 
0.0369, 0.0527, 0.0638, 0.0586, 0.0534, 0.0722, 0.0823, 0.0838, 
145.4, 158.2, 170.1, 190.5, 200.3, 215.4, 230.3, 249.9, 263.7, 
279.1, 294.6, 297, 1179, 520, 896, 2239, 1364, 1650, 942, 2377, 
2454, 595, 1, 1, 1, 2, 1, 2, 1, 2, 1, 1, 3, 100, 100, 100, 100, 
100, 100, 100, 100, 100, 100, 100, 2500, 2500, 2500, 2500, 2500, 
2500, 2500, 2500, 2500, 2500, 2500, 7266.22, 7313.566, 7397.623, 
7639.761, 7810.375, 7989.35400000001, 7925.755, 8216.401, 8217.46100000001, 
8340.715, 8208.921, 1, 1, 1, 1, 1, 1, 1, 1, 1, 1, 1, 0.2, 0.2, 
0.2, 0.2, 0.2, 0.2, 0.2, 0.2, 0.2, 0.2, 0.2, 0, 0, 0, 0, 0, 0, 
0, 0, 0, 0, 0, 0, 0, 0, 0, 0, 0, 0, 0, 0, 0, 0, 0.32715, 0.28651, 
0.3163, 0.30327, 0.34326, 0.26024, 0.31581, 0.29069, 0.26418, 
0.25837, 0.25, 0.32339, 0.26377, 0.3003, 0.31454, 0.33522, 0.28079, 
0.33087, 0.30263, 0.26188, 0.26812, 0.2375, 0.0235, 0.0265, 0.0301, 
0.0331, 0.0364, 0.0394, 0.0405, 0.047, 0.0515, 0.0553, 0.0564, 
159.3, 174.8, 190.9, 206.5, 220.8, 235.9, 252, 267.8, 283.1, 
298.3, 315.9, 1, 1, 1, 1, 1, 1, 1, 1, 1, 1, 1, 1, 1, 1, 1, 1, 
1, 1, 1, 1, 1, 1, 1, 1, 1, 1, 1, 1, 1, 1, 1, 1, 1, 1, 1, 1, 1, 
1, 1, 1, 1, 1, 1, 1, 2.884, 2.828, 2.885, 2.975, 3.029, 3.043, 
3.07, 3.122, 3.14, 3.158, 2.963), .Dim = c(11L, 40L), .Dimnames = list(
    NULL, c("Sampling", "PSO.cost", "PSO.gamma", "PSO.data.balancing", 
    "PSO.feature.selection", "PSO.valid.acc", "PSO.test.acc", 
    "PSO.train.time", "PSO.n.support.vectors", "PSO.index", "PSO.n.solutions", 
    "PSO.generations", "PSO.n.evaluations", "PSO.cpu.time", "RS.cost", 
    "RS.gamma", "RS.data.balancing", "RS.feature.selection", 
    "RS.valid.acc", "RS.test.acc", "RS.train.time", "RS.n.support.vectors", 
    "RS.index", "RS.n.solutions", "RS.generations", "RS.n.evaluations", 
    "RS.cpu.time", "DF.cost", "DF.gamma", "DF.data.balancing", 
    "DF.feature.selection", "DF.valid.acc", "DF.test.acc", "DF.train.time", 
    "DF.n.support.vectors", "DF.index", "DF.n.solutions", "DF.generations", 
    "DF.n.evaluations", "DF.cpu.time")))
