full <-
structure(c(50, 55, 60, 65, 70, 75, 80, 85, 90, 95, 100, 13.01661, 
14.91425, 14.9861, 14.69593, 14.4235, 10.45487, 14.97194, 15, 
15, 11.48008, 14.59945, -13.73833, -12.32928, -12.55968, -13.72746, 
-12.06493, -12.45209, -10.92045, -10.75838, -11.07125, -10.00496, 
-11.63327, 0, 0, 0, 0, 0, 0, 0, 0, 0, 0, 0, 0, 0, 0, 0, 0, 0, 
0, 0, 0, 0, 0, 0.43416, 0.42517, 0.40933, 0.38331, 0.41881, 0.40297, 
0.36296, 0.38885, 0.38585, 0.35188, 0.3525, 0.37214, 0.39492, 
0.41652, 0.34214, 0.38679, 0.35883, 0.35339, 0.34739, 0.38293, 
0.34407, 0.3825, 0.0234, 0.0412, 0.0406, 0.0382, 0.0513, 0.0375, 
0.0784, 0.0911, 0.0901, 0.057, 0.0773, 143.2, 155.6, 171.5, 188.8, 
205.9, 228.3, 236.2, 250.3, 266.5, 283.7, 296.4, 193, 1040, 1809, 
1812, 1984, 775, 1017, 2324, 188, 808, 1144, 75, 11, 2, 5, 1, 
43, 3, 2, 16, 286, 1, 100, 100, 100, 100, 100, 100, 100, 100, 
100, 100, 100, 2500, 2500, 2500, 2500, 2500, 2500, 2500, 2500, 
2500, 2500, 2500, 6819.001, 7392.725, 7565.277, 7375.99099999999, 
7415.527, 7073.114, 8000.17000000001, 8322.13399999999, 8305.48300000001, 
7732.60199999998, 8220.85000000001, 11.86485, 13.19132, 14.96183, 
12.07327, 12.61699, 11.26814, 12.62533, 14.50965, 14.35826, 12.40767, 
13.46427, -12.58968, -10.45116, -13.54775, -11.2948, -10.10944, 
-13.27192, -9.92219, -10.54485, -11.30977, -10.95247, -10.50537, 
0, 0, 0, 0, 0, 0, 0, 0, 0, 0, 0, 0, 0, 0, 0, 0, 0, 0, 0, 0, 0, 
0, 0.43416, 0.41213, 0.39628, 0.37546, 0.4155, 0.40297, 0.35359, 
0.37708, 0.3803, 0.34405, 0.345, 0.37214, 0.38166, 0.37863, 0.33459, 
0.36535, 0.36216, 0.32516, 0.34722, 0.38, 0.34933, 0.3875, 0.0225, 
0.0379, 0.0361, 0.0344, 0.0489, 0.0376, 0.0533, 0.0829, 0.0719, 
0.0613, 0.0764, 143.3, 155.3, 173.3, 189.2, 207.3, 228.3, 237.2, 
250.2, 265.9, 284.1, 296.3, 764, 760, 1137, 879, 1432, 1277, 
1564, 680, 1407, 2477, 2152, 3, 1, 1, 2, 2, 1, 1, 2, 2, 1, 2, 
100, 100, 100, 100, 100, 100, 100, 100, 100, 100, 100, 2500, 
2500, 2500, 2500, 2500, 2500, 2500, 2500, 2500, 2500, 2500, 6912.161, 
7233.704, 7393.126, 7179.495, 7290.743, 7423.731, 7496.467, 7647.72499999999, 
7864.61, 8078.79800000001, 7949.38800000001, 1, 1, 1, 1, 1, 1, 
1, 1, 1, 1, 1, 0.2, 0.2, 0.2, 0.2, 0.2, 0.2, 0.2, 0.2, 0.2, 0.2, 
0.2, 0, 0, 0, 0, 0, 0, 0, 0, 0, 0, 0, 0, 0, 0, 0, 0, 0, 0, 0, 
0, 0, 0, 0.29015, 0.30626, 0.29954, 0.27659, 0.27844, 0.30915, 
0.23784, 0.26257, 0.28608, 0.25162, 0.2375, 0.29644, 0.28927, 
0.31839, 0.28412, 0.31136, 0.26956, 0.23744, 0.24492, 0.27211, 
0.22058, 0.25, 0.0223, 0.0268, 0.0296, 0.0315, 0.0353, 0.0379, 
0.0425, 0.0452, 0.0506, 0.0548, 0.0592, 152.8, 170.5, 187.1, 
203.6, 221, 235.9, 252.1, 266.4, 282.5, 299.3, 314.7, 1, 1, 1, 
1, 1, 1, 1, 1, 1, 1, 1, 1, 1, 1, 1, 1, 1, 1, 1, 1, 1, 1, 1, 1, 
1, 1, 1, 1, 1, 1, 1, 1, 1, 1, 1, 1, 1, 1, 1, 1, 1, 1, 1, 1, 2.736, 
2.879, 2.867, 2.817, 2.864, 2.855, 2.946, 2.897, 3.038, 3.089, 
3.066), .Dim = c(11L, 40L), .Dimnames = list(NULL, c("Sampling", 
"PSO.cost", "PSO.gamma", "PSO.data.balancing", "PSO.feature.selection", 
"PSO.valid.acc", "PSO.test.acc", "PSO.train.time", "PSO.n.support.vectors", 
"PSO.index", "PSO.n.solutions", "PSO.generations", "PSO.n.evaluations", 
"PSO.cpu.time", "RS.cost", "RS.gamma", "RS.data.balancing", "RS.feature.selection", 
"RS.valid.acc", "RS.test.acc", "RS.train.time", "RS.n.support.vectors", 
"RS.index", "RS.n.solutions", "RS.generations", "RS.n.evaluations", 
"RS.cpu.time", "DF.cost", "DF.gamma", "DF.data.balancing", "DF.feature.selection", 
"DF.valid.acc", "DF.test.acc", "DF.train.time", "DF.n.support.vectors", 
"DF.index", "DF.n.solutions", "DF.generations", "DF.n.evaluations", 
"DF.cpu.time")))
