full <-
structure(c(50, 55, 60, 65, 70, 75, 80, 85, 90, 95, 100, 15, 
15, 14.99605, 15, 14.83212, 14.93305, 15, 15, 14.98389, 14.96606, 
15, -3.60742, -9.86288, -4.2761, -10.62894, -11.25786, -13.29002, 
-11.26702, -11.97576, -11.61943, -11.85118, -11.87143, 0, 0, 
0, 0, 0, 0, 0, 0, 0, 0, 0, 0, 0, 0, 0, 0, 0, 0, 0, 0, 0, 0, 0.43074, 
0.42884, 0.39103, 0.3907, 0.40226, 0.37672, 0.41101, 0.35985, 
0.37291, 0.37697, 0.355, 0.35614, 0.38786, 0.34006, 0.37238, 
0.35554, 0.35984, 0.38831, 0.33876, 0.35022, 0.36616, 0.365, 
0.0343, 0.0793, 0.0639, 0.0719, 0.0622, 0.0454, 0.0724, 0.0635, 
0.0813, 0.0712, 0.0797, 121.8, 160.7, 145.8, 190.9, 207.4, 223.9, 
234.9, 250.3, 266.6, 280.4, 296.3, 1527, 257, 1305, 709, 1553, 
1257, 584, 1239, 1503, 2070, 212, 7, 200, 98, 83, 1, 10, 6, 4, 
8, 1, 22, 100, 100, 100, 100, 100, 100, 100, 100, 100, 100, 100, 
2500, 2500, 2500, 2500, 2500, 2500, 2500, 2500, 2500, 2500, 2500, 
7150.218, 8327.711, 8927.021, 8990.43, 7871.289, 7250.34400000001, 
7679.102, 7512.18100000001, 7836.76199999999, 7823.94399999999, 
7835.421, 14.39752, 14.56369, 14.08472, 14.01792, 13.10551, 14.45312, 
13.1904, 11.47476, 10.1233, 14.71055, 13.91037, -3.33121, -9.60379, 
-3.76944, -3.62738, -10.67901, -12.32771, -9.61112, -9.87284, 
-8.8775, -11.68519, -11.38168, 0, 0, 0, 0, 0, 0, 0, 0, 0, 0, 
0, 0, 0, 0, 0, 0, 0, 0, 0, 0, 0, 0, 0.41598, 0.41975, 0.38647, 
0.38406, 0.39128, 0.37649, 0.39749, 0.35716, 0.36163, 0.37427, 
0.355, 0.34614, 0.39262, 0.34839, 0.38451, 0.36691, 0.37006, 
0.37919, 0.32975, 0.3336, 0.36602, 0.3725, 0.0312, 0.0723, 0.0478, 
0.0526, 0.0451, 0.048, 0.0644, 0.0512, 0.052, 0.0715, 0.0714, 
123.2, 161.1, 147.1, 160.5, 208.5, 223.7, 235.7, 252.4, 268.5, 
280.6, 296.9, 439, 2395, 2239, 1423, 1642, 1479, 1948, 537, 1911, 
1935, 582, 1, 1, 1, 1, 2, 1, 1, 1, 3, 1, 1, 100, 100, 100, 100, 
100, 100, 100, 100, 100, 100, 100, 2500, 2500, 2500, 2500, 2500, 
2500, 2500, 2500, 2500, 2500, 2500, 7116.538, 7161.757, 7286.76, 
7171.32900000001, 7367.10900000001, 7195.276, 7341.807, 7406.827, 
7538.565, 7703.67199999999, 7677.83600000001, 1, 1, 1, 1, 1, 
1, 1, 1, 1, 1, 1, 0.2, 0.2, 0.2, 0.2, 0.2, 0.2, 0.2, 0.2, 0.2, 
0.2, 0.2, 0, 0, 0, 0, 0, 0, 0, 0, 0, 0, 0, 0, 0, 0, 0, 0, 0, 
0, 0, 0, 0, 0, 0.29128, 0.35559, 0.316, 0.29922, 0.28573, 0.256, 
0.26258, 0.25358, 0.2838, 0.27359, 0.24, 0.3018, 0.34113, 0.30796, 
0.26147, 0.2865, 0.25946, 0.21985, 0.2206, 0.28283, 0.24976, 
0.245, 0.0232, 0.0254, 0.0276, 0.0313, 0.0357, 0.0367, 0.0409, 
0.0429, 0.0475, 0.0516, 0.0553, 159.3, 174.4, 188.4, 204.3, 219.9, 
236.2, 251.4, 267.8, 283.7, 300.5, 314.7, 1, 1, 1, 1, 1, 1, 1, 
1, 1, 1, 1, 1, 1, 1, 1, 1, 1, 1, 1, 1, 1, 1, 1, 1, 1, 1, 1, 1, 
1, 1, 1, 1, 1, 1, 1, 1, 1, 1, 1, 1, 1, 1, 1, 1, 2.822, 2.682, 
2.695, 2.754, 2.923, 2.687, 2.824, 2.71, 2.824, 2.836, 2.795), .Dim = c(11L, 
40L), .Dimnames = list(NULL, c("Sampling", "PSO.cost", "PSO.gamma", 
"PSO.data.balancing", "PSO.feature.selection", "PSO.valid.acc", 
"PSO.test.acc", "PSO.train.time", "PSO.n.support.vectors", "PSO.index", 
"PSO.n.solutions", "PSO.generations", "PSO.n.evaluations", "PSO.cpu.time", 
"RS.cost", "RS.gamma", "RS.data.balancing", "RS.feature.selection", 
"RS.valid.acc", "RS.test.acc", "RS.train.time", "RS.n.support.vectors", 
"RS.index", "RS.n.solutions", "RS.generations", "RS.n.evaluations", 
"RS.cpu.time", "DF.cost", "DF.gamma", "DF.data.balancing", "DF.feature.selection", 
"DF.valid.acc", "DF.test.acc", "DF.train.time", "DF.n.support.vectors", 
"DF.index", "DF.n.solutions", "DF.generations", "DF.n.evaluations", 
"DF.cpu.time")))
