full <-
structure(c(50, 55, 60, 65, 70, 75, 80, 85, 90, 95, 100, 13.8235, 
15, 11.03756, 14.16805, 14.82191, 14.81765, 3.01815, 14.98314, 
11.73622, 14.86966, 14.98964, -9.13998, -10.12396, -10.44046, 
-10.44879, -12.85598, -13.50217, -8.77474, -10.52358, -9.24417, 
-11.44487, -11.54884, 0, 0, 0, 0, 0, 0, 0, 0, 0, 0, 0, 0, 0, 
0, 0, 0, 0, 0, 0, 0, 0, 0, 0.41447, 0.39925, 0.40033, 0.38495, 
0.34706, 0.37329, 0.33474, 0.3446, 0.3722, 0.36625, 0.39, 0.34416, 
0.32087, 0.35831, 0.36898, 0.35034, 0.33937, 0.33454, 0.3512, 
0.33902, 0.3551, 0.38, 0.0555, 0.07, 0.0312, 0.0542, 0.0429, 
0.0476, 0.0424, 0.0947, 0.0625, 0.0812, 0.0867, 146, 161.8, 181.9, 
192.6, 209.5, 222.9, 251.3, 252.3, 269.3, 280.9, 296.1, 710, 
73, 2251, 1210, 1430, 574, 188, 1015, 992, 2098, 1883, 73, 264, 
1, 8, 5, 9, 6, 13, 20, 1, 1, 100, 100, 100, 100, 100, 100, 100, 
100, 100, 100, 100, 2500, 2500, 2500, 2500, 2500, 2500, 2500, 
2500, 2500, 2500, 2500, 7665.297, 7940.826, 6912.539, 7552.764, 
7214.231, 7073.75, 6997.72099999999, 7940.24100000001, 7379.791, 
7935.21800000001, 8196.74600000001, 13.1669, 14.86272, 11.88837, 
13.98596, 14.80986, 14.84, 9.12216, 13.87943, 12.12917, 14.42822, 
14.76995, -8.85104, -10.03433, -11.40353, -10.27426, -9.62725, 
-13.666, -14.89258, -9.97389, -9.54043, -11.06193, -11.34166, 
0, 0, 0, 0, 0, 0, 0, 0, 0, 0, 0, 0, 0, 0, 0, 0, 0, 0, 0, 0, 0, 
0, 0.40495, 0.3949, 0.39633, 0.3774, 0.34013, 0.36973, 0.33474, 
0.33871, 0.36665, 0.35834, 0.38, 0.34942, 0.32087, 0.36664, 0.37667, 
0.3214, 0.34303, 0.33454, 0.35103, 0.33346, 0.34997, 0.375, 0.0493, 
0.0693, 0.03, 0.0539, 0.0995, 0.0463, 0.0416, 0.0788, 0.0626, 
0.0796, 0.088, 146.2, 162.1, 181.6, 192.8, 207.9, 222.7, 251.3, 
252.8, 268.6, 280.9, 296.2, 1460, 1021, 353, 1534, 1920, 234, 
887, 74, 844, 2265, 1264, 1, 1, 2, 1, 1, 2, 4, 1, 1, 1, 1, 100, 
100, 100, 100, 100, 100, 100, 100, 100, 100, 100, 2500, 2500, 
2500, 2500, 2500, 2500, 2500, 2500, 2500, 2500, 2500, 7004.713, 
6894.74, 6992.884, 6881.84, 6975.735, 7176.564, 7226.117, 7447.655, 
7451.39599999999, 7621.427, 7778.641, 1, 1, 1, 1, 1, 1, 1, 1, 
1, 1, 1, 0.2, 0.2, 0.2, 0.2, 0.2, 0.2, 0.2, 0.2, 0.2, 0.2, 0.2, 
0, 0, 0, 0, 0, 0, 0, 0, 0, 0, 0, 0, 0, 0, 0, 0, 0, 0, 0, 0, 0, 
0, 0.27956, 0.29459, 0.29162, 0.29185, 0.25728, 0.26306, 0.24088, 
0.26507, 0.25544, 0.22411, 0.225, 0.29056, 0.28075, 0.29959, 
0.30369, 0.25733, 0.2526, 0.25318, 0.24783, 0.26416, 0.2419, 
0.225, 0.0232, 0.026, 0.0293, 0.0309, 0.0345, 0.0383, 0.0414, 
0.0434, 0.0499, 0.0507, 0.0551, 158.5, 174.8, 191, 206.4, 222.8, 
237.7, 253, 268.8, 283.5, 298.7, 314.6, 1, 1, 1, 1, 1, 1, 1, 
1, 1, 1, 1, 1, 1, 1, 1, 1, 1, 1, 1, 1, 1, 1, 1, 1, 1, 1, 1, 1, 
1, 1, 1, 1, 1, 1, 1, 1, 1, 1, 1, 1, 1, 1, 1, 1, 2.772, 2.74, 
2.862, 2.631, 2.744, 2.757, 2.792, 2.664, 2.864, 2.729, 2.767
), .Dim = c(11L, 40L), .Dimnames = list(NULL, c("Sampling", "PSO.cost", 
"PSO.gamma", "PSO.data.balancing", "PSO.feature.selection", "PSO.valid.acc", 
"PSO.test.acc", "PSO.train.time", "PSO.n.support.vectors", "PSO.index", 
"PSO.n.solutions", "PSO.generations", "PSO.n.evaluations", "PSO.cpu.time", 
"RS.cost", "RS.gamma", "RS.data.balancing", "RS.feature.selection", 
"RS.valid.acc", "RS.test.acc", "RS.train.time", "RS.n.support.vectors", 
"RS.index", "RS.n.solutions", "RS.generations", "RS.n.evaluations", 
"RS.cpu.time", "DF.cost", "DF.gamma", "DF.data.balancing", "DF.feature.selection", 
"DF.valid.acc", "DF.test.acc", "DF.train.time", "DF.n.support.vectors", 
"DF.index", "DF.n.solutions", "DF.generations", "DF.n.evaluations", 
"DF.cpu.time")))
