full <-
structure(c(50, 55, 60, 65, 70, 75, 80, 85, 90, 95, 100, 3.70406, 
0.70767, 13.92572, 14.23248, -2, -1.16601, 11.33642, 15, 12.81506, 
14.92851, 15, -6.71551, -5.41733, -14.07691, -10.73364, -0.90929, 
-3.47415, -9.72119, -9.846, -10.22098, -11.49089, -12.13965, 
0, 0, 0, 0, 0, 0, 0, 0, 0, 0, 0, 0, 0, 0, 0, 0, 0, 0, 0, 0, 0, 
0, 0.39469, 0.36359, 0.38006, 0.35697, 0.34993, 0.34689, 0.39343, 
0.37378, 0.35618, 0.36331, 0.365, 0.36464, 0.34954, 0.35468, 
0.33402, 0.3392, 0.33677, 0.37496, 0.34426, 0.34839, 0.36318, 
0.3525, 0.0224, 0.0268, 0.0341, 0.0566, 0.0365, 0.0401, 0.049, 
0.1178, 0.064, 0.0831, 0.0814, 155.4, 174.3, 182.7, 195.1, 224, 
238.6, 240.9, 256.3, 267, 282.3, 296.3, 114, 2125, 135, 896, 
2259, 501, 1900, 665, 284, 1156, 1120, 77, 1, 41, 47, 14, 68, 
42, 14, 174, 18, 4, 100, 100, 100, 100, 100, 100, 100, 100, 100, 
100, 100, 2500, 2500, 2500, 2500, 2500, 2500, 2500, 2500, 2500, 
2500, 2500, 6778.153, 7043.626, 7186.118, 8027.222, 7441.694, 
7632.637, 7752.296, 9402.197, 8019.556, 8693.28900000002, 8435.46400000001, 
12.59219, 0.59674, 14.49252, 13.89634, -1.89483, 12.24066, 11.63502, 
14.86236, 12.64532, 14.55244, 14.87793, -14.5245, -5.31402, -14.68725, 
-10.3816, -1.41813, -9.21194, -9.9263, -9.79057, -10.04775, -11.00235, 
-12.01479, 0, 0, 0, 0, 0, 0, 0, 0, 0, 0, 0, 0, 0, 0, 0, 0, 0, 
0, 0, 0, 0, 0, 0.39892, 0.36359, 0.37606, 0.34956, 0.34993, 0.34766, 
0.38718, 0.36486, 0.3534, 0.35549, 0.3575, 0.3799, 0.34954, 0.35468, 
0.33773, 0.34993, 0.3303, 0.36568, 0.3472, 0.35124, 0.35805, 
0.35, 0.0248, 0.0253, 0.0326, 0.0544, 0.036, 0.0556, 0.051, 0.1182, 
0.063, 0.0855, 0.0804, 154.5, 174.3, 183.1, 195.2, 224, 225.5, 
240.6, 256.2, 267.1, 282.3, 296.5, 1720, 728, 398, 1186, 2120, 
1645, 2085, 2065, 1247, 2212, 625, 1, 1, 2, 3, 1, 3, 1, 1, 1, 
1, 2, 100, 100, 100, 100, 100, 100, 100, 100, 100, 100, 100, 
2500, 2500, 2500, 2500, 2500, 2500, 2500, 2500, 2500, 2500, 2500, 
7039.784, 7324.169, 7647.44, 7453.175, 7800.852, 7661.28999999999, 
7832.49500000001, 7987.552, 8224.88499999999, 8431.34, 8293.08300000001, 
1, 1, 1, 1, 1, 1, 1, 1, 1, 1, 1, 0.2, 0.2, 0.2, 0.2, 0.2, 0.2, 
0.2, 0.2, 0.2, 0.2, 0.2, 0, 0, 0, 0, 0, 0, 0, 0, 0, 0, 0, 0, 
0, 0, 0, 0, 0, 0, 0, 0, 0, 0, 0.35837, 0.29019, 0.3009, 0.2733, 
0.24666, 0.28719, 0.2837, 0.24421, 0.26672, 0.23715, 0.2375, 
0.33932, 0.29907, 0.28888, 0.26501, 0.24704, 0.27694, 0.30237, 
0.27995, 0.27319, 0.23203, 0.2525, 0.024, 0.0252, 0.0294, 0.0306, 
0.0367, 0.0376, 0.0454, 0.0476, 0.0496, 0.0562, 0.0591, 158.8, 
175.7, 191.6, 207.4, 222.6, 238.5, 254.3, 269.6, 283.9, 298.7, 
314.9, 1, 1, 1, 1, 1, 1, 1, 1, 1, 1, 1, 1, 1, 1, 1, 1, 1, 1, 
1, 1, 1, 1, 1, 1, 1, 1, 1, 1, 1, 1, 1, 1, 1, 1, 1, 1, 1, 1, 1, 
1, 1, 1, 1, 1, 2.842, 2.884, 3.01, 2.745, 3.016, 2.837, 3.061, 
3.108, 3.189, 3.236, 3.12), .Dim = c(11L, 40L), .Dimnames = list(
    NULL, c("Sampling", "PSO.cost", "PSO.gamma", "PSO.data.balancing", 
    "PSO.feature.selection", "PSO.valid.acc", "PSO.test.acc", 
    "PSO.train.time", "PSO.n.support.vectors", "PSO.index", "PSO.n.solutions", 
    "PSO.generations", "PSO.n.evaluations", "PSO.cpu.time", "RS.cost", 
    "RS.gamma", "RS.data.balancing", "RS.feature.selection", 
    "RS.valid.acc", "RS.test.acc", "RS.train.time", "RS.n.support.vectors", 
    "RS.index", "RS.n.solutions", "RS.generations", "RS.n.evaluations", 
    "RS.cpu.time", "DF.cost", "DF.gamma", "DF.data.balancing", 
    "DF.feature.selection", "DF.valid.acc", "DF.test.acc", "DF.train.time", 
    "DF.n.support.vectors", "DF.index", "DF.n.solutions", "DF.generations", 
    "DF.n.evaluations", "DF.cpu.time")))
