full <-
structure(c(50, 55, 60, 65, 70, 75, 80, 85, 90, 95, 100, 14.0038, 
10.00256, 15, 14.68854, 13.80715, 15, 14.70198, 14.85939, 14.98343, 
14.88383, 13.58112, -11.41823, -8.85984, -11.21404, -11.29657, 
-10.14664, -10.77879, -12.16371, -11.02673, -10.83678, -12.08744, 
-11.10895, 0, 0, 0, 0, 0, 0, 0, 0, 0, 0, 0, 0, 0, 0, 0, 0, 0, 
0, 0, 0, 0, 0, 0.43538, 0.43337, 0.42528, 0.41119, 0.41704, 0.38539, 
0.38411, 0.38728, 0.35862, 0.38459, 0.37, 0.36975, 0.36822, 0.41325, 
0.38453, 0.39278, 0.34973, 0.39028, 0.36441, 0.34667, 0.34471, 
0.35, 0.0394, 0.0295, 0.0634, 0.059, 0.0619, 0.0804, 0.0589, 
0.0769, 0.0945, 0.0696, 0.0724, 149.3, 164.9, 176.2, 191, 206.8, 
219.7, 236.9, 250.5, 265.8, 282.5, 296.7, 683, 226, 624, 315, 
2318, 418, 769, 2207, 586, 2165, 533, 24, 65, 52, 5, 1, 151, 
6, 2, 20, 1, 30, 100, 100, 100, 100, 100, 100, 100, 100, 100, 
100, 100, 2500, 2500, 2500, 2500, 2500, 2500, 2500, 2500, 2500, 
2500, 2500, 7416.229, 7438.577, 8160.207, 9364.357, 8258.353, 
8387.05799999999, 8062.141, 8338.235, 8614.30399999999, 8420.345, 
8537.98000000001, 13.45109, 9.7462, 14.40867, 14.47878, 14.17095, 
13.29713, 14.57133, 14.02652, 13.04473, 13.16676, 12.44348, -10.76674, 
-7.83639, -10.59597, -11.24845, -10.40991, -10.05882, -12.0037, 
-10.57262, -9.64986, -10.28796, -9.19447, 0, 0, 0, 0, 0, 0, 0, 
0, 0, 0, 0, 0, 0, 0, 0, 0, 0, 0, 0, 0, 0, 0, 0.42485, 0.43252, 
0.41677, 0.40734, 0.40963, 0.37894, 0.37795, 0.38148, 0.35036, 
0.36873, 0.365, 0.38028, 0.38186, 0.39259, 0.38453, 0.39672, 
0.33661, 0.38706, 0.36449, 0.3303, 0.33683, 0.36, 0.0372, 0.0316, 
0.0591, 0.0572, 0.0659, 0.0594, 0.0564, 0.0707, 0.0713, 0.069, 
0.0787, 149.2, 164.2, 176.7, 190.7, 206.4, 220.4, 236.9, 250.9, 
266.8, 283.5, 296.3, 197, 756, 2183, 1212, 1161, 533, 645, 1048, 
1265, 2275, 132, 1, 2, 1, 1, 1, 1, 2, 2, 1, 1, 2, 100, 100, 100, 
100, 100, 100, 100, 100, 100, 100, 100, 2500, 2500, 2500, 2500, 
2500, 2500, 2500, 2500, 2500, 2500, 2500, 7167.574, 7404.733, 
7496.322, 7562.837, 7677.18799999999, 7765.917, 7925.84999999999, 
8032.13800000001, 8168.81999999998, 8342.98500000002, 8313.68400000001, 
1, 1, 1, 1, 1, 1, 1, 1, 1, 1, 1, 0.2, 0.2, 0.2, 0.2, 0.2, 0.2, 
0.2, 0.2, 0.2, 0.2, 0.2, 0, 0, 0, 0, 0, 0, 0, 0, 0, 0, 0, 0, 
0, 0, 0, 0, 0, 0, 0, 0, 0, 0, 0.35446, 0.32307, 0.3088, 0.25347, 
0.30043, 0.26993, 0.27219, 0.25272, 0.23093, 0.24507, 0.2325, 
0.3242, 0.33589, 0.33696, 0.29199, 0.30373, 0.26337, 0.25891, 
0.27027, 0.22746, 0.25795, 0.2375, 0.0232, 0.0266, 0.0285, 0.032, 
0.0354, 0.0381, 0.0422, 0.0459, 0.0511, 0.057, 0.059, 159.8, 
175.5, 190.4, 207, 222.6, 237.6, 253.4, 270.2, 285.5, 300.9, 
315, 1, 1, 1, 1, 1, 1, 1, 1, 1, 1, 1, 1, 1, 1, 1, 1, 1, 1, 1, 
1, 1, 1, 1, 1, 1, 1, 1, 1, 1, 1, 1, 1, 1, 1, 1, 1, 1, 1, 1, 1, 
1, 1, 1, 1, 2.782, 2.899, 2.898, 2.922, 2.963, 2.953, 2.982, 
3.035, 3.107, 3.158, 3.143), .Dim = c(11L, 40L), .Dimnames = list(
    NULL, c("Sampling", "PSO.cost", "PSO.gamma", "PSO.data.balancing", 
    "PSO.feature.selection", "PSO.valid.acc", "PSO.test.acc", 
    "PSO.train.time", "PSO.n.support.vectors", "PSO.index", "PSO.n.solutions", 
    "PSO.generations", "PSO.n.evaluations", "PSO.cpu.time", "RS.cost", 
    "RS.gamma", "RS.data.balancing", "RS.feature.selection", 
    "RS.valid.acc", "RS.test.acc", "RS.train.time", "RS.n.support.vectors", 
    "RS.index", "RS.n.solutions", "RS.generations", "RS.n.evaluations", 
    "RS.cpu.time", "DF.cost", "DF.gamma", "DF.data.balancing", 
    "DF.feature.selection", "DF.valid.acc", "DF.test.acc", "DF.train.time", 
    "DF.n.support.vectors", "DF.index", "DF.n.solutions", "DF.generations", 
    "DF.n.evaluations", "DF.cpu.time")))
