full <-
structure(c(50, 55, 60, 65, 70, 75, 80, 85, 90, 95, 100, 14.65451, 
14.66791, 15, 14.99684, 14.99145, 14.98804, 14.68758, 14.97913, 
11.12933, 15, 14.02443, -10.38125, -11.75493, -11.89853, -11.02025, 
-10.80976, -12.76839, -11.64904, -11.41245, -9.55644, -11.49859, 
-11.85851, 0, 0, 0, 0, 0, 0, 0, 0, 0, 0, 0, 0, 0, 0, 0, 0, 0, 
0, 0, 0, 0, 0, 0.42991, 0.38764, 0.42528, 0.43382, 0.38863, 0.41321, 
0.42857, 0.43371, 0.38927, 0.39175, 0.36, 0.38532, 0.38248, 0.40306, 
0.43813, 0.40392, 0.40268, 0.37141, 0.40132, 0.33902, 0.38118, 
0.3225, 0.0511, 0.0406, 0.0486, 0.0622, 0.0692, 0.0483, 0.0672, 
0.0749, 0.0575, 0.0868, 0.0673, 141.1, 155.8, 172.1, 181.2, 195.2, 
213.5, 229.6, 245.6, 265.2, 281.4, 297, 1076, 87, 281, 1885, 
552, 1736, 926, 1402, 681, 1489, 449, 6, 168, 65, 1, 96, 1, 9, 
9, 63, 2, 34, 100, 100, 100, 100, 100, 100, 100, 100, 100, 100, 
100, 2500, 2500, 2500, 2500, 2500, 2500, 2500, 2500, 2500, 2500, 
2500, 7772.446, 7407.667, 7612.894, 8051.86, 8058.391, 7531.64899999999, 
8077.30600000001, 8217.00300000001, 8018.70299999999, 8562.65600000002, 
8190.27600000001, 14.67985, 14.30764, 12.81898, 14.7, 14.34755, 
13.86881, 14.90289, 14.98585, 10.63746, 10.26321, 13.20093, -10.26024, 
-11.70909, -9.74946, -10.81057, -10.76228, -11.791, -11.97109, 
-11.69147, -9.34199, -9.15952, -11.07519, 0, 0, 0, 0, 0, 0, 0, 
0, 0, 0, 0, 0, 0, 0, 0, 0, 0, 0, 0, 0, 0, 0, 0.4151, 0.38726, 
0.42077, 0.42627, 0.38837, 0.40353, 0.42866, 0.42497, 0.38356, 
0.38172, 0.3575, 0.40032, 0.38748, 0.38691, 0.43813, 0.39691, 
0.40557, 0.37454, 0.38686, 0.34458, 0.34695, 0.3275, 0.0519, 
0.0388, 0.0407, 0.0589, 0.0589, 0.0458, 0.0653, 0.0686, 0.0547, 
0.0547, 0.0674, 140.9, 156, 173.2, 181.3, 195.5, 213.5, 229.4, 
246.1, 265.7, 284.9, 296.9, 825, 132, 599, 1065, 1470, 274, 235, 
479, 1947, 37, 2341, 1, 3, 1, 1, 1, 1, 1, 1, 2, 1, 1, 100, 100, 
100, 100, 100, 100, 100, 100, 100, 100, 100, 2500, 2500, 2500, 
2500, 2500, 2500, 2500, 2500, 2500, 2500, 2500, 7183.395, 7214.004, 
7383.341, 7422.351, 7560.64, 7623.086, 7783.43799999999, 8066.985, 
8206.61600000001, 8194.81299999999, 8229.701, 1, 1, 1, 1, 1, 
1, 1, 1, 1, 1, 1, 0.2, 0.2, 0.2, 0.2, 0.2, 0.2, 0.2, 0.2, 0.2, 
0.2, 0.2, 0, 0, 0, 0, 0, 0, 0, 0, 0, 0, 0, 0, 0, 0, 0, 0, 0, 
0, 0, 0, 0, 0, 0.3202, 0.27797, 0.33389, 0.28932, 0.29231, 0.26184, 
0.30695, 0.28451, 0.25283, 0.26303, 0.2425, 0.32073, 0.29623, 
0.29739, 0.3266, 0.29305, 0.28082, 0.27803, 0.27846, 0.25576, 
0.25513, 0.24, 0.0232, 0.026, 0.029, 0.0301, 0.0347, 0.0391, 
0.04, 0.047, 0.0514, 0.0559, 0.0572, 156.1, 173.5, 188.6, 203, 
217, 233.2, 249.5, 263.8, 282.4, 299, 315.1, 1, 1, 1, 1, 1, 1, 
1, 1, 1, 1, 1, 1, 1, 1, 1, 1, 1, 1, 1, 1, 1, 1, 1, 1, 1, 1, 1, 
1, 1, 1, 1, 1, 1, 1, 1, 1, 1, 1, 1, 1, 1, 1, 1, 1, 2.921, 2.791, 
2.884, 2.751, 2.918, 3.006, 2.795, 3.113, 3.166, 3.131, 3.097
), .Dim = c(11L, 40L), .Dimnames = list(NULL, c("Sampling", "PSO.cost", 
"PSO.gamma", "PSO.data.balancing", "PSO.feature.selection", "PSO.valid.acc", 
"PSO.test.acc", "PSO.train.time", "PSO.n.support.vectors", "PSO.index", 
"PSO.n.solutions", "PSO.generations", "PSO.n.evaluations", "PSO.cpu.time", 
"RS.cost", "RS.gamma", "RS.data.balancing", "RS.feature.selection", 
"RS.valid.acc", "RS.test.acc", "RS.train.time", "RS.n.support.vectors", 
"RS.index", "RS.n.solutions", "RS.generations", "RS.n.evaluations", 
"RS.cpu.time", "DF.cost", "DF.gamma", "DF.data.balancing", "DF.feature.selection", 
"DF.valid.acc", "DF.test.acc", "DF.train.time", "DF.n.support.vectors", 
"DF.index", "DF.n.solutions", "DF.generations", "DF.n.evaluations", 
"DF.cpu.time")))
