full <-
structure(c(50, 55, 60, 65, 70, 75, 80, 85, 90, 95, 100, 15, 
14.31956, 14.96354, 11.03544, 15, 14.95301, 14.97647, 15, 14.99988, 
14.80914, 14.96347, -11.5108, -10.49425, -11.58816, -8.9808, 
-9.59916, -11.272, -12.14989, -11.08271, -11.7778, -11.34466, 
-11.30227, 0, 0, 0, 0, 0, 0, 0, 0, 0, 0, 0, 0, 0, 0, 0, 0, 0, 
0, 0, 0, 0, 0, 0.37136, 0.36379, 0.44103, 0.41149, 0.35892, 0.37247, 
0.38723, 0.37375, 0.36682, 0.35258, 0.3725, 0.34923, 0.37274, 
0.39635, 0.31934, 0.32402, 0.33579, 0.34284, 0.35013, 0.35542, 
0.34441, 0.3525, 0.0432, 0.0492, 0.0512, 0.0388, 0.1077, 0.0673, 
0.0625, 0.0827, 0.0812, 0.0848, 0.0911, 145.6, 161, 174.6, 194.6, 
208.8, 218.8, 236.3, 252, 267.6, 280.7, 295.9, 111, 156, 1192, 
677, 1084, 541, 1026, 1968, 583, 461, 1329, 298, 136, 2, 172, 
20, 265, 2, 1, 11, 2, 3, 100, 100, 100, 100, 100, 100, 100, 100, 
100, 100, 100, 2500, 2500, 2500, 2500, 2500, 2500, 2500, 2500, 
2500, 2500, 2500, 7771.143, 7974.229, 7938.904, 7805.445, 9137.747, 
8256.872, 8225.675, 8643.57500000001, 8640.35799999999, 8857.35500000001, 
8857.69499999998, 14.97781, 14.5451, 14.92749, 10.14536, 14.76322, 
14.68603, 14.66629, 14.57237, 14.97801, 14.68873, 14.16107, -11.73313, 
-10.69684, -11.80326, -8.47479, -9.47893, -11.19228, -11.89268, 
-10.76728, -11.79548, -10.73915, -10.94783, 0, 0, 0, 0, 0, 0, 
0, 0, 0, 0, 0, 0, 0, 0, 0, 0, 0, 0, 0, 0, 0, 0, 0.36163, 0.35904, 
0.43668, 0.40409, 0.35558, 0.36902, 0.37812, 0.36484, 0.36133, 
0.34711, 0.3625, 0.34469, 0.37274, 0.384, 0.3155, 0.32402, 0.33902, 
0.33981, 0.34424, 0.35271, 0.34172, 0.35, 0.0408, 0.0476, 0.048, 
0.0381, 0.0986, 0.0611, 0.0622, 0.0785, 0.0795, 0.096, 0.0811, 
145.7, 160.7, 174.9, 195.1, 209, 219.4, 236.6, 252.5, 267.4, 
280.7, 296.3, 1434, 2362, 836, 737, 556, 1801, 706, 260, 929, 
181, 2097, 1, 1, 2, 2, 1, 1, 1, 2, 1, 1, 1, 100, 100, 100, 100, 
100, 100, 100, 100, 100, 100, 100, 2500, 2500, 2500, 2500, 2500, 
2500, 2500, 2500, 2500, 2500, 2500, 7486.386, 7567.987, 7609.79, 
7696.948, 7757.15800000001, 7895.44900000001, 8032.56000000001, 
8227.04800000001, 8379.603, 8346.038, 8352.33300000001, 1, 1, 
1, 1, 1, 1, 1, 1, 1, 1, 1, 0.2, 0.2, 0.2, 0.2, 0.2, 0.2, 0.2, 
0.2, 0.2, 0.2, 0.2, 0, 0, 0, 0, 0, 0, 0, 0, 0, 0, 0, 0, 0, 0, 
0, 0, 0, 0, 0, 0, 0, 0, 0.2572, 0.25491, 0.28857, 0.29489, 0.27963, 
0.25006, 0.26052, 0.27926, 0.27459, 0.23406, 0.23, 0.28292, 0.25928, 
0.28004, 0.26839, 0.27458, 0.2425, 0.24802, 0.25883, 0.25986, 
0.27335, 0.2325, 0.024, 0.0267, 0.0293, 0.0326, 0.0358, 0.047, 
0.0427, 0.047, 0.0511, 0.0549, 0.0593, 159, 174.9, 190.5, 206.5, 
222.8, 238.9, 255.1, 269.9, 285.1, 300.1, 315.5, 1, 1, 1, 1, 
1, 1, 1, 1, 1, 1, 1, 1, 1, 1, 1, 1, 1, 1, 1, 1, 1, 1, 1, 1, 1, 
1, 1, 1, 1, 1, 1, 1, 1, 1, 1, 1, 1, 1, 1, 1, 1, 1, 1, 1, 2.979, 
2.923, 2.928, 2.975, 3.003, 3.125, 3.059, 3.066, 3.173, 3.114, 
3.122), .Dim = c(11L, 40L), .Dimnames = list(NULL, c("Sampling", 
"PSO.cost", "PSO.gamma", "PSO.data.balancing", "PSO.feature.selection", 
"PSO.valid.acc", "PSO.test.acc", "PSO.train.time", "PSO.n.support.vectors", 
"PSO.index", "PSO.n.solutions", "PSO.generations", "PSO.n.evaluations", 
"PSO.cpu.time", "RS.cost", "RS.gamma", "RS.data.balancing", "RS.feature.selection", 
"RS.valid.acc", "RS.test.acc", "RS.train.time", "RS.n.support.vectors", 
"RS.index", "RS.n.solutions", "RS.generations", "RS.n.evaluations", 
"RS.cpu.time", "DF.cost", "DF.gamma", "DF.data.balancing", "DF.feature.selection", 
"DF.valid.acc", "DF.test.acc", "DF.train.time", "DF.n.support.vectors", 
"DF.index", "DF.n.solutions", "DF.generations", "DF.n.evaluations", 
"DF.cpu.time")))
