full <-
structure(c(50, 55, 60, 65, 70, 75, 80, 85, 90, 95, 100, -1.03685, 
-1.20919, 14.20489, 12.54449, 14.98496, 15, 14.97964, 15, 14.99823, 
14.99945, 11.85749, -2.64863, -0.7944, -13.47887, -9.55419, -11.52995, 
-11.13183, -11.69563, -11.40941, -11.1987, -11.00913, -9.21962, 
0, 0, 0, 0, 0, 0, 0, 0, 0, 0, 0, 0, 0, 0, 0, 0, 0, 0, 0, 0, 0, 
0, 0.39942, 0.39497, 0.36001, 0.36923, 0.36841, 0.35998, 0.38759, 
0.36811, 0.38518, 0.36333, 0.375, 0.39442, 0.3722, 0.35437, 0.31538, 
0.3328, 0.31007, 0.36938, 0.35548, 0.32207, 0.35467, 0.3625, 
0.0248, 0.0271, 0.0346, 0.0478, 0.063, 0.0726, 0.0651, 0.0773, 
0.0922, 0.0957, 0.0734, 156.8, 176, 181.3, 195.6, 206.8, 224.5, 
235.5, 252.1, 267.5, 281.2, 296.3, 2178, 940, 313, 397, 1065, 
1804, 1486, 1759, 1058, 818, 403, 5, 84, 18, 26, 6, 1, 6, 11, 
2, 1, 69, 100, 100, 100, 100, 100, 100, 100, 100, 100, 100, 100, 
2500, 2500, 2500, 2500, 2500, 2500, 2500, 2500, 2500, 2500, 2500, 
7285.774, 7218.455, 7788.014, 7969.052, 8073.92199999999, 7656.781, 
8351.34699999999, 8550.39200000001, 8522.76599999999, 8876.78999999998, 
7611.022, 0.23024, -1.34063, 14.95512, 12.26048, 14.62025, 13.7054, 
14.81326, 14.27595, 14.55278, 14.57244, 11.67385, -4.35176, -1.24414, 
-10.60192, -9.36258, -10.96775, -10.24456, -10.91208, -10.66748, 
-11.07808, -10.93341, -9.11749, 0, 0, 0, 0, 0, 0, 0, 0, 0, 0, 
0, 0, 0, 0, 0, 0, 0, 0, 0, 0, 0, 0, 0.39442, 0.3904, 0.35867, 
0.36538, 0.36459, 0.35998, 0.38143, 0.35964, 0.37692, 0.35793, 
0.3725, 0.39442, 0.372, 0.36813, 0.31154, 0.33623, 0.3103, 0.37544, 
0.34682, 0.32485, 0.35723, 0.36, 0.0244, 0.0275, 0.0627, 0.0446, 
0.0641, 0.0609, 0.0782, 0.0762, 0.082, 0.0863, 0.0668, 153.3, 
175.9, 179.2, 195.3, 207.2, 225.3, 235.2, 252.7, 267.8, 281.8, 
296.5, 1986, 131, 94, 2313, 2155, 170, 480, 446, 357, 1014, 833, 
1, 1, 1, 1, 1, 2, 1, 1, 4, 1, 3, 100, 100, 100, 100, 100, 100, 
100, 100, 100, 100, 100, 2500, 2500, 2500, 2500, 2500, 2500, 
2500, 2500, 2500, 2500, 2500, 7297.031, 7219.466, 7249.065, 7559.07599999999, 
7739.382, 7753.06299999999, 8057.349, 8041.633, 8352.04399999999, 
7960.231, 7752.97400000002, 1, 1, 1, 1, 1, 1, 1, 1, 1, 1, 1, 
0.2, 0.2, 0.2, 0.2, 0.2, 0.2, 0.2, 0.2, 0.2, 0.2, 0.2, 0, 0, 
0, 0, 0, 0, 0, 0, 0, 0, 0, 0, 0, 0, 0, 0, 0, 0, 0, 0, 0, 0, 0.30485, 
0.34863, 0.32209, 0.29231, 0.24574, 0.23027, 0.25343, 0.24764, 
0.27188, 0.25485, 0.2475, 0.29006, 0.34078, 0.31472, 0.26923, 
0.27216, 0.26017, 0.2506, 0.27058, 0.2418, 0.25748, 0.22, 0.0246, 
0.0252, 0.0283, 0.0327, 0.0353, 0.0387, 0.0403, 0.0465, 0.0528, 
0.0551, 0.0579, 156.4, 173, 190, 206.6, 221.2, 238.7, 251.6, 
269, 285, 299.7, 315.4, 1, 1, 1, 1, 1, 1, 1, 1, 1, 1, 1, 1, 1, 
1, 1, 1, 1, 1, 1, 1, 1, 1, 1, 1, 1, 1, 1, 1, 1, 1, 1, 1, 1, 1, 
1, 1, 1, 1, 1, 1, 1, 1, 1, 1, 2.85, 2.668, 2.692, 2.892, 2.981, 
2.997, 2.796, 2.996, 3.186, 2.923, 2.845), .Dim = c(11L, 40L), .Dimnames = list(
    NULL, c("Sampling", "PSO.cost", "PSO.gamma", "PSO.data.balancing", 
    "PSO.feature.selection", "PSO.valid.acc", "PSO.test.acc", 
    "PSO.train.time", "PSO.n.support.vectors", "PSO.index", "PSO.n.solutions", 
    "PSO.generations", "PSO.n.evaluations", "PSO.cpu.time", "RS.cost", 
    "RS.gamma", "RS.data.balancing", "RS.feature.selection", 
    "RS.valid.acc", "RS.test.acc", "RS.train.time", "RS.n.support.vectors", 
    "RS.index", "RS.n.solutions", "RS.generations", "RS.n.evaluations", 
    "RS.cpu.time", "DF.cost", "DF.gamma", "DF.data.balancing", 
    "DF.feature.selection", "DF.valid.acc", "DF.test.acc", "DF.train.time", 
    "DF.n.support.vectors", "DF.index", "DF.n.solutions", "DF.generations", 
    "DF.n.evaluations", "DF.cpu.time")))
