full <-
structure(c(50, 55, 60, 65, 70, 75, 80, 85, 90, 95, 100, 10.8228, 
6.01434, 13.66383, 0.03111, -1.61969, -0.34465, 12.16894, 10.01623, 
2.08891, 14.56586, 14.99364, -7.34532, -6.70716, -12.69435, -4.13347, 
-1.83666, -3.59386, -10.39922, -15, -6.29635, -11.44296, -11.80453, 
0, 0, 0, 0, 0, 0, 0, 0, 0, 0, 0, 0, 0, 0, 0, 0, 0, 0, 0, 0, 0, 
0, 0.39313, 0.40936, 0.42984, 0.36435, 0.36125, 0.377, 0.37489, 
0.34704, 0.36122, 0.36046, 0.3975, 0.30827, 0.36863, 0.37472, 
0.35294, 0.35756, 0.35732, 0.3278, 0.34999, 0.35281, 0.31908, 
0.3575, 0.0378, 0.0262, 0.0348, 0.0307, 0.0354, 0.0376, 0.048, 
0.0447, 0.0467, 0.0745, 0.0824, 146.2, 164.4, 177.9, 200.9, 223, 
232, 236.2, 262.1, 275.9, 280.4, 295.2, 1021, 1167, 979, 4, 686, 
728, 945, 252, 514, 1514, 2132, 77, 7, 15, 134, 77, 40, 20, 15, 
60, 2, 4, 100, 100, 100, 100, 100, 100, 100, 100, 100, 100, 100, 
2500, 2500, 2500, 2500, 2500, 2500, 2500, 2500, 2500, 2500, 2500, 
7390.313, 6943.153, 7223.425, 7048.378, 7052.232, 7115.166, 7459.95600000001, 
7410.08499999999, 7335.66800000001, 7979.30099999999, 8423.29499999998, 
10.49318, 5.58696, 14.79035, 8.36189, 1.91596, 0.14249, 11.19433, 
6.24568, 2.12458, 14.34467, 14.80995, -7.0786, -6.17811, -13.04625, 
-12.67873, -6.7586, -4.07689, -9.83543, -11.22899, -6.29985, 
-11.36197, -11.66773, 0, 0, 0, 0, 0, 0, 0, 0, 0, 0, 0, 0, 0, 
0, 0, 0, 0, 0, 0, 0, 0, 0, 0.38361, 0.40006, 0.42098, 0.36435, 
0.35781, 0.37377, 0.37167, 0.34704, 0.36122, 0.36316, 0.39, 0.30327, 
0.35498, 0.37054, 0.35294, 0.35066, 0.3641, 0.32467, 0.34999, 
0.35281, 0.31368, 0.355, 0.0369, 0.0259, 0.0413, 0.031, 0.0324, 
0.0368, 0.0479, 0.0454, 0.0487, 0.0716, 0.0796, 147, 164.3, 176.3, 
200.2, 216.8, 231.8, 237.5, 262.2, 275.9, 280.1, 294.9, 1040, 
1913, 2159, 36, 723, 263, 1175, 76, 784, 1672, 856, 1, 2, 1, 
32, 6, 5, 3, 2, 3, 1, 2, 100, 100, 100, 100, 100, 100, 100, 100, 
100, 100, 100, 2500, 2500, 2500, 2500, 2500, 2500, 2500, 2500, 
2500, 2500, 2500, 6985.202, 7078.447, 7096.1, 7170.303, 7197.128, 
7461.514, 7575.10399999999, 7621.023, 7743.31200000001, 7905.86500000002, 
8177.66500000001, 1, 1, 1, 1, 1, 1, 1, 1, 1, 1, 1, 0.2, 0.2, 
0.2, 0.2, 0.2, 0.2, 0.2, 0.2, 0.2, 0.2, 0.2, 0, 0, 0, 0, 0, 0, 
0, 0, 0, 0, 0, 0, 0, 0, 0, 0, 0, 0, 0, 0, 0, 0, 0.3343, 0.35832, 
0.36813, 0.28717, 0.30343, 0.32096, 0.32507, 0.2547, 0.27052, 
0.22716, 0.2325, 0.33533, 0.37257, 0.33404, 0.27666, 0.29283, 
0.32817, 0.31237, 0.25286, 0.26743, 0.224, 0.245, 0.0233, 0.0256, 
0.0285, 0.0315, 0.0348, 0.0371, 0.0428, 0.0456, 0.0501, 0.0552, 
0.055, 156.6, 172.4, 187.5, 203.8, 219.9, 233.9, 249.4, 266, 
282.3, 298.3, 315.3, 1, 1, 1, 1, 1, 1, 1, 1, 1, 1, 1, 1, 1, 1, 
1, 1, 1, 1, 1, 1, 1, 1, 1, 1, 1, 1, 1, 1, 1, 1, 1, 1, 1, 1, 1, 
1, 1, 1, 1, 1, 1, 1, 1, 1, 2.711, 2.747, 2.718, 2.868, 2.887, 
2.812, 3.003, 2.959, 3.013, 3.03, 3.084), .Dim = c(11L, 40L), .Dimnames = list(
    NULL, c("Sampling", "PSO.cost", "PSO.gamma", "PSO.data.balancing", 
    "PSO.feature.selection", "PSO.valid.acc", "PSO.test.acc", 
    "PSO.train.time", "PSO.n.support.vectors", "PSO.index", "PSO.n.solutions", 
    "PSO.generations", "PSO.n.evaluations", "PSO.cpu.time", "RS.cost", 
    "RS.gamma", "RS.data.balancing", "RS.feature.selection", 
    "RS.valid.acc", "RS.test.acc", "RS.train.time", "RS.n.support.vectors", 
    "RS.index", "RS.n.solutions", "RS.generations", "RS.n.evaluations", 
    "RS.cpu.time", "DF.cost", "DF.gamma", "DF.data.balancing", 
    "DF.feature.selection", "DF.valid.acc", "DF.test.acc", "DF.train.time", 
    "DF.n.support.vectors", "DF.index", "DF.n.solutions", "DF.generations", 
    "DF.n.evaluations", "DF.cpu.time")))
