full <-
structure(c(50, 55, 60, 65, 70, 75, 80, 85, 90, 95, 100, 15, 
14.42321, 14.95695, 12.22231, 10.5907, 14.95594, 14.90562, 15, 
13.6657, 13.69273, 13.61629, -9.72678, -11.37201, -12.95849, 
-9.73096, -8.67078, -12.12239, -14.48182, -14.64166, -10.59287, 
-11.12955, -10.53033, 0, 0, 0, 0, 0, 0, 0, 0, 0, 0, 0, 0, 0, 
0, 0, 0, 0, 0, 0, 0, 0, 0, 0.40523, 0.40839, 0.42057, 0.41464, 
0.37147, 0.41248, 0.36272, 0.3771, 0.34987, 0.35445, 0.36, 0.38071, 
0.4036, 0.41273, 0.38461, 0.3527, 0.39827, 0.36958, 0.33565, 
0.31962, 0.32098, 0.3375, 0.0636, 0.0408, 0.0365, 0.0433, 0.0427, 
0.0617, 0.0458, 0.0476, 0.0707, 0.0687, 0.0821, 140.4, 156.3, 
172, 187.3, 205.2, 217.9, 237.7, 251.5, 267.3, 282.5, 295.7, 
353, 1013, 1098, 357, 708, 2469, 352, 1426, 2488, 1918, 747, 
33, 60, 1, 401, 72, 1, 19, 3, 1, 1, 6, 100, 100, 100, 100, 100, 
100, 100, 100, 100, 100, 100, 2500, 2500, 2500, 2500, 2500, 2500, 
2500, 2500, 2500, 2500, 2500, 8011.691, 7980.48, 7830.403, 8046.716, 
7979.708, 8079.81, 7969.148, 7736.09700000001, 8330.14800000002, 
8403.29300000001, 8225.43100000001, 13.52032, 13.60222, 12.34598, 
12.44354, 10.45463, 14.44609, 14.80033, 10.24908, 14.92102, 14.69314, 
14.60466, -12.00885, -10.66847, -10.68291, -10.02612, -8.71317, 
-11.41546, -14.39696, -9.85043, -11.34675, -11.96025, -11.45927, 
0, 0, 0, 0, 0, 0, 0, 0, 0, 0, 0, 0, 0, 0, 0, 0, 0, 0, 0, 0, 0, 
0, 0.39658, 0.39928, 0.40909, 0.41079, 0.36777, 0.40248, 0.3595, 
0.36828, 0.34147, 0.34669, 0.355, 0.41547, 0.39906, 0.41673, 
0.38076, 0.35258, 0.40172, 0.35698, 0.33885, 0.3224, 0.32084, 
0.34, 0.0298, 0.0366, 0.0347, 0.0423, 0.042, 0.0566, 0.0435, 
0.0486, 0.0847, 0.0705, 0.0795, 143.4, 156.7, 173.2, 187.3, 205.4, 
217.7, 237.6, 252.1, 267.2, 282.6, 295.5, 161, 1557, 858, 2320, 
837, 894, 390, 24, 1120, 1972, 1339, 1, 1, 2, 1, 1, 1, 1, 2, 
1, 1, 1, 100, 100, 100, 100, 100, 100, 100, 100, 100, 100, 100, 
2500, 2500, 2500, 2500, 2500, 2500, 2500, 2500, 2500, 2500, 2500, 
7493.79, 7625.081, 7816.254, 7690.51, 7868.005, 7983.41800000001, 
7950.20899999999, 7966.80500000001, 8084.62400000001, 8069.12, 
8085.85500000001, 1, 1, 1, 1, 1, 1, 1, 1, 1, 1, 1, 0.2, 0.2, 
0.2, 0.2, 0.2, 0.2, 0.2, 0.2, 0.2, 0.2, 0.2, 0, 0, 0, 0, 0, 0, 
0, 0, 0, 0, 0, 0, 0, 0, 0, 0, 0, 0, 0, 0, 0, 0, 0.29404, 0.33167, 
0.3339, 0.3025, 0.27139, 0.25536, 0.25361, 0.24996, 0.22823, 
0.23341, 0.25, 0.29081, 0.3079, 0.31322, 0.27555, 0.27063, 0.27085, 
0.25352, 0.2613, 0.23873, 0.21061, 0.205, 0.0233, 0.0255, 0.0279, 
0.0322, 0.0356, 0.0378, 0.0426, 0.0482, 0.0511, 0.0529, 0.0594, 
158.1, 173.4, 188.7, 202.5, 218.7, 235.5, 250.6, 266.3, 283.9, 
299.4, 314.6, 1, 1, 1, 1, 1, 1, 1, 1, 1, 1, 1, 1, 1, 1, 1, 1, 
1, 1, 1, 1, 1, 1, 1, 1, 1, 1, 1, 1, 1, 1, 1, 1, 1, 1, 1, 1, 1, 
1, 1, 1, 1, 1, 1, 1, 2.939, 2.983, 2.856, 2.975, 3.004, 3.012, 
3.002, 3.088, 3.077, 2.965, 3.047), .Dim = c(11L, 40L), .Dimnames = list(
    NULL, c("Sampling", "PSO.cost", "PSO.gamma", "PSO.data.balancing", 
    "PSO.feature.selection", "PSO.valid.acc", "PSO.test.acc", 
    "PSO.train.time", "PSO.n.support.vectors", "PSO.index", "PSO.n.solutions", 
    "PSO.generations", "PSO.n.evaluations", "PSO.cpu.time", "RS.cost", 
    "RS.gamma", "RS.data.balancing", "RS.feature.selection", 
    "RS.valid.acc", "RS.test.acc", "RS.train.time", "RS.n.support.vectors", 
    "RS.index", "RS.n.solutions", "RS.generations", "RS.n.evaluations", 
    "RS.cpu.time", "DF.cost", "DF.gamma", "DF.data.balancing", 
    "DF.feature.selection", "DF.valid.acc", "DF.test.acc", "DF.train.time", 
    "DF.n.support.vectors", "DF.index", "DF.n.solutions", "DF.generations", 
    "DF.n.evaluations", "DF.cpu.time")))
