full <-
structure(c(50, 55, 60, 65, 70, 75, 80, 85, 90, 95, 100, -2, 
4.97705, 10.40238, 11.22993, 8.18956, 8.75382, 14.3439, 12.81231, 
6.95967, 6.66549, 0.88467, -4.45464, -1.88751, -9.06316, -5.68497, 
-7.70823, -12.15921, -5.0758, -7.24114, -5.25154, -5.66086, -2.3646, 
0, 0, 0, 0, 0, 0, 0, 0, 0, 0, 0, 0, 0, 0, 0, 0, 0, 0, 0, 0, 0, 
0, 0.55333, 0.59333, 0.57012, 0.59246, 0.52143, 0.51389, 0.45722, 
0.58879, 0.53364, 0.54182, 0.49727, 0.51, 0.45667, 0.50821, 0.47361, 
0.5125, 0.48194, 0.43222, 0.46066, 0.49141, 0.45894, 0.48985, 
0.0115, 0.0127, 0.013, 0.0189, 0.0148, 0.0122, 0.0829, 0.032, 
0.0167, 0.0161, 0.0151, 44, 41.9, 48.4, 47.5, 58.2, 65.2, 57.7, 
67.9, 72.7, 76.9, 83.5, 464, 1319, 158, 1152, 43, 1092, 1374, 
910, 635, 763, 1162, 822, 206, 329, 31, 366, 52, 16, 1, 73, 141, 
169, 100, 100, 100, 100, 100, 100, 100, 100, 100, 100, 100, 2500, 
2500, 2500, 2500, 2500, 2500, 2500, 2500, 2500, 2500, 2500, 8546.06, 
8508.105, 8621.151, 8436.964, 8501.40800000001, 8043.624, 8288.827, 
8316.03, 8403.486, 8415.84, 8381.81599999999, -0.67562, 4.42898, 
12.93438, 11.18697, 9.70513, 10.14466, -1.39836, 12.42301, 6.45085, 
8.63464, 0.21207, -4.625, -1.56942, -10.393, -5.66691, -8.54261, 
-13.61318, -2.42496, -7.0237, -5.01845, -6.69065, -2.31361, 0, 
0, 0, 0, 0, 0, 0, 0, 0, 0, 0, 0, 0, 0, 0, 0, 0, 0, 0, 0, 0, 0, 
0.55333, 0.59333, 0.57012, 0.59246, 0.52143, 0.51389, 0.47194, 
0.57768, 0.53364, 0.53273, 0.48894, 0.51, 0.46917, 0.49571, 0.47361, 
0.5125, 0.46944, 0.39194, 0.46066, 0.48232, 0.46803, 0.48076, 
0.012, 0.0126, 0.0137, 0.0181, 0.0141, 0.0125, 0.014, 0.0306, 
0.0163, 0.0185, 0.0159, 44, 42.9, 47.8, 47.5, 57.8, 65.2, 72.6, 
67.7, 73.2, 75.8, 85.1, 806, 36, 241, 366, 132, 340, 1964, 1351, 
1791, 2, 1587, 9, 3, 16, 1, 10, 4, 1, 1, 1, 10, 1, 100, 100, 
100, 100, 100, 100, 100, 100, 100, 100, 100, 2500, 2500, 2500, 
2500, 2500, 2500, 2500, 2500, 2500, 2500, 2500, 8511.525, 8662.738, 
8441.419, 8392.81099999999, 8208.548, 8048.08099999999, 8268.84299999999, 
8012.53499999999, 8329.73299999998, 8467.29300000001, 8441.98300000001, 
1, 1, 1, 1, 1, 1, 1, 1, 1, 1, 1, 0.2, 0.2, 0.2, 0.2, 0.2, 0.2, 
0.2, 0.2, 0.2, 0.2, 0.2, 0, 0, 0, 0, 0, 0, 0, 0, 0, 0, 0, 0, 
0, 0, 0, 0, 0, 0, 0, 0, 0, 0, 0.44667, 0.47, 0.41702, 0.46905, 
0.36667, 0.46944, 0.36, 0.43997, 0.44323, 0.48061, 0.46152, 0.48, 
0.38167, 0.38369, 0.41726, 0.3756, 0.39444, 0.44333, 0.47268, 
0.4401, 0.42424, 0.47167, 0.0115, 0.0122, 0.0124, 0.0126, 0.0123, 
0.0133, 0.0132, 0.0141, 0.0148, 0.0152, 0.0142, 43.3, 48.2, 53, 
57.5, 61.8, 66.9, 71.7, 77.2, 80.8, 85.3, 85.8, 1, 1, 1, 1, 1, 
1, 1, 1, 1, 1, 1, 1, 1, 1, 1, 1, 1, 1, 1, 1, 1, 1, 1, 1, 1, 1, 
1, 1, 1, 1, 1, 1, 1, 1, 1, 1, 1, 1, 1, 1, 1, 1, 1, 1, 3.301, 
3.582, 3.425, 3.44, 3.215, 3.277, 3.195, 3.297, 3.344, 3.331, 
3.194), .Dim = c(11L, 40L), .Dimnames = list(NULL, c("Sampling", 
"PSO.cost", "PSO.gamma", "PSO.data.balancing", "PSO.feature.selection", 
"PSO.valid.acc", "PSO.test.acc", "PSO.train.time", "PSO.n.support.vectors", 
"PSO.index", "PSO.n.solutions", "PSO.generations", "PSO.n.evaluations", 
"PSO.cpu.time", "RS.cost", "RS.gamma", "RS.data.balancing", "RS.feature.selection", 
"RS.valid.acc", "RS.test.acc", "RS.train.time", "RS.n.support.vectors", 
"RS.index", "RS.n.solutions", "RS.generations", "RS.n.evaluations", 
"RS.cpu.time", "DF.cost", "DF.gamma", "DF.data.balancing", "DF.feature.selection", 
"DF.valid.acc", "DF.test.acc", "DF.train.time", "DF.n.support.vectors", 
"DF.index", "DF.n.solutions", "DF.generations", "DF.n.evaluations", 
"DF.cpu.time")))
