full <-
structure(c(50, 55, 60, 65, 70, 75, 80, 85, 90, 95, 100, 0.19322, 
-0.32736, 9.39982, 6.73778, 5.57146, 6.33767, 14.84386, 15, 15, 
14.64471, 10.52809, -2.18789, -0.56379, -7.59725, -6.89848, -8.06236, 
-7.24949, -9.82751, -10.32137, -13.16364, -13.34065, -9.50241, 
0, 0, 0, 0, 0, 0, 0, 0, 0, 0, 0, 0, 0, 0, 0, 0, 0, 0, 0, 0, 0, 
0, 0.48333, 0.51571, 0.54643, 0.53333, 0.5369, 0.53167, 0.55917, 
0.54687, 0.54399, 0.52318, 0.54652, 0.48, 0.42381, 0.4881, 0.47381, 
0.48175, 0.47306, 0.50556, 0.51071, 0.50843, 0.44167, 0.52354, 
0.0116, 0.0116, 0.0132, 0.012, 0.0125, 0.0125, 0.0303, 0.0269, 
0.0206, 0.0185, 0.0148, 43.1, 48.7, 49.1, 54.6, 60.6, 62.7, 64.8, 
69.3, 73.4, 76.5, 77.1, 1452, 305, 11, 65, 5, 604, 240, 837, 
88, 213, 108, 7, 392, 372, 138, 348, 119, 75, 46, 358, 533, 105, 
100, 100, 100, 100, 100, 100, 100, 100, 100, 100, 100, 2500, 
2500, 2500, 2500, 2500, 2500, 2500, 2500, 2500, 2500, 2500, 7403.29, 
7433.49, 7586.271, 7612.913, 7381.82800000001, 7152.496, 7543.662, 
7462.06499999999, 7244.012, 7315.26999999999, 7336.79799999998, 
5.87448, -0.35708, 10.84798, 1.19731, 10.81238, 5.72504, 7.14032, 
14.26662, 11.98416, 14.74616, 11.05137, -6.24187, -0.38346, -8.48629, 
-2.48689, -13.95351, -6.91359, -6.04667, -9.97521, -10.49067, 
-13.26278, -9.71317, 0, 0, 0, 0, 0, 0, 0, 0, 0, 0, 0, 0, 0, 0, 
0, 0, 0, 0, 0, 0, 0, 0, 0.47, 0.51571, 0.54643, 0.54286, 0.5369, 
0.53056, 0.54917, 0.53778, 0.54399, 0.52318, 0.54652, 0.44667, 
0.40714, 0.47381, 0.4869, 0.4629, 0.46056, 0.53056, 0.51071, 
0.50843, 0.43333, 0.53263, 0.0117, 0.0113, 0.0145, 0.0124, 0.0129, 
0.0127, 0.0138, 0.0243, 0.0163, 0.019, 0.0169, 41.4, 48.6, 49.1, 
57.1, 61.6, 63.4, 66, 69.3, 73.3, 76.1, 77.1, 1011, 794, 10, 
1778, 230, 2207, 85, 382, 11, 1846, 917, 3, 1, 22, 1, 20, 1, 
23, 1, 23, 1, 3, 100, 100, 100, 100, 100, 100, 100, 100, 100, 
100, 100, 2500, 2500, 2500, 2500, 2500, 2500, 2500, 2500, 2500, 
2500, 2500, 7403.551, 7475.738, 7609.618, 7595.655, 7256.799, 
7242.56000000001, 7257.41, 7305.02, 7199.53799999999, 7197.19099999999, 
7102.505, 1, 1, 1, 1, 1, 1, 1, 1, 1, 1, 1, 0.2, 0.2, 0.2, 0.2, 
0.2, 0.2, 0.2, 0.2, 0.2, 0.2, 0.2, 0, 0, 0, 0, 0, 0, 0, 0, 0, 
0, 0, 0, 0, 0, 0, 0, 0, 0, 0, 0, 0, 0, 0.46333, 0.40619, 0.42619, 
0.43036, 0.44484, 0.4325, 0.45111, 0.48333, 0.41455, 0.43182, 
0.44798, 0.46333, 0.42619, 0.37857, 0.42679, 0.44385, 0.42694, 
0.45111, 0.42697, 0.47657, 0.46076, 0.43854, 0.0112, 0.0118, 
0.0116, 0.0127, 0.0122, 0.0127, 0.0124, 0.0131, 0.0128, 0.0132, 
0.0134, 43.5, 48.4, 53.3, 58.2, 62.5, 67, 72.4, 76.5, 81.3, 85.5, 
85.6, 1, 1, 1, 1, 1, 1, 1, 1, 1, 1, 1, 1, 1, 1, 1, 1, 1, 1, 1, 
1, 1, 1, 1, 1, 1, 1, 1, 1, 1, 1, 1, 1, 1, 1, 1, 1, 1, 1, 1, 1, 
1, 1, 1, 1, 2.833, 3.051, 2.957, 3.191, 2.85, 2.878, 2.906, 2.832, 
2.766, 2.786, 2.924), .Dim = c(11L, 40L), .Dimnames = list(NULL, 
    c("Sampling", "PSO.cost", "PSO.gamma", "PSO.data.balancing", 
    "PSO.feature.selection", "PSO.valid.acc", "PSO.test.acc", 
    "PSO.train.time", "PSO.n.support.vectors", "PSO.index", "PSO.n.solutions", 
    "PSO.generations", "PSO.n.evaluations", "PSO.cpu.time", "RS.cost", 
    "RS.gamma", "RS.data.balancing", "RS.feature.selection", 
    "RS.valid.acc", "RS.test.acc", "RS.train.time", "RS.n.support.vectors", 
    "RS.index", "RS.n.solutions", "RS.generations", "RS.n.evaluations", 
    "RS.cpu.time", "DF.cost", "DF.gamma", "DF.data.balancing", 
    "DF.feature.selection", "DF.valid.acc", "DF.test.acc", "DF.train.time", 
    "DF.n.support.vectors", "DF.index", "DF.n.solutions", "DF.generations", 
    "DF.n.evaluations", "DF.cpu.time")))
