full <-
structure(c(50, 55, 60, 65, 70, 75, 80, 85, 90, 95, 100, 7.80482, 
10.93916, 10.4543, 7.34239, 5.20211, 4.03964, 10.78793, 7.28527, 
15, 2.50259, 6.48182, -5.18189, -8.61924, -10.68705, -7.24923, 
-6.88503, -4.70173, -5.92806, -4.07156, -13.67975, -4.16664, 
-7.52529, 0, 0, 0, 0, 0, 0, 0, 0, 0, 0, 0, 0, 0, 0, 0, 0, 0, 
0, 0, 0, 0, 0, 0.58333, 0.58762, 0.58155, 0.56706, 0.53135, 0.58433, 
0.58472, 0.55818, 0.53682, 0.57197, 0.56136, 0.44, 0.52238, 0.56726, 
0.51488, 0.4879, 0.44742, 0.48083, 0.46869, 0.47773, 0.51197, 
0.48939, 0.013, 0.0135, 0.0129, 0.0126, 0.0122, 0.0124, 0.0224, 
0.0183, 0.0205, 0.0179, 0.0178, 37.4, 41.1, 47.8, 52.2, 58.8, 
61.1, 61, 64.7, 72.5, 80.7, 78.8, 177, 39, 34, 26, 162, 152, 
984, 1381, 75, 533, 1535, 378, 435, 945, 491, 166, 433, 95, 64, 
784, 67, 18, 100, 100, 100, 100, 100, 100, 100, 100, 100, 100, 
100, 2500, 2500, 2500, 2500, 2500, 2500, 2500, 2500, 2500, 2500, 
2500, 7522.075, 7695.875, 7505.566, 7436.021, 7488.982, 7429.38100000001, 
7590.50900000001, 10916.857, 11634.008, 11639.439, 11396.334, 
11.55092, 9.69814, 6.04518, 7.88819, 5.20655, 4.84337, 10.38212, 
7.05414, 7.75012, 2.60277, 7.83862, -7.13138, -8.48214, -4.15752, 
-7.78166, -6.82894, -5.15307, -5.81068, -3.96405, -5.87595, -4.28512, 
-7.9244, 0, 0, 0, 0, 0, 0, 0, 0, 0, 0, 0, 0, 0, 0, 0, 0, 0, 0, 
0, 0, 0, 0, 0.58333, 0.58762, 0.59226, 0.56706, 0.53135, 0.58433, 
0.57361, 0.54707, 0.54111, 0.56288, 0.54318, 0.43667, 0.54238, 
0.57619, 0.52917, 0.47123, 0.48353, 0.49333, 0.47778, 0.51, 0.52197, 
0.50833, 0.0158, 0.0137, 0.0123, 0.0126, 0.012, 0.0135, 0.021, 
0.0183, 0.0192, 0.0158, 0.0184, 37, 41.1, 45.3, 52.5, 58.8, 60.5, 
61.5, 64.9, 72.7, 80.8, 78.3, 421, 455, 391, 503, 244, 143, 185, 
1649, 2165, 1068, 544, 7, 4, 2, 4, 1, 4, 2, 2, 1, 1, 3, 100, 
100, 100, 100, 100, 100, 100, 100, 100, 100, 100, 2500, 2500, 
2500, 2500, 2500, 2500, 2500, 2500, 2500, 2500, 2500, 7623.851, 
7583.697, 7418.956, 7474.405, 7473.38900000001, 7471.11500000001, 
9059.17, 11209.514, 11585.725, 11667.054, 10934.156, 1, 1, 1, 
1, 1, 1, 1, 1, 1, 1, 1, 0.2, 0.2, 0.2, 0.2, 0.2, 0.2, 0.2, 0.2, 
0.2, 0.2, 0.2, 0, 0, 0, 0, 0, 0, 0, 0, 0, 0, 0, 0, 0, 0, 0, 0, 
0, 0, 0, 0, 0, 0, 0.42333, 0.53762, 0.50774, 0.41329, 0.44623, 
0.48671, 0.43361, 0.42293, 0.43146, 0.50561, 0.45439, 0.39333, 
0.51714, 0.49345, 0.4373, 0.47024, 0.42798, 0.445, 0.42424, 0.47167, 
0.50379, 0.47348, 0.0117, 0.0114, 0.0123, 0.0115, 0.012, 0.0124, 
0.0149, 0.0154, 0.0166, 0.0164, 0.0149, 43.5, 48, 52, 57.5, 62, 
65.6, 70.9, 75.6, 80.7, 84.9, 85.8, 1, 1, 1, 1, 1, 1, 1, 1, 1, 
1, 1, 1, 1, 1, 1, 1, 1, 1, 1, 1, 1, 1, 1, 1, 1, 1, 1, 1, 1, 1, 
1, 1, 1, 1, 1, 1, 1, 1, 1, 1, 1, 1, 1, 1, 3.118, 3.075, 2.83, 
2.896, 2.965, 2.938, 4.167, 4.187, 4.808, 4.592, 3.749), .Dim = c(11L, 
40L), .Dimnames = list(NULL, c("Sampling", "PSO.cost", "PSO.gamma", 
"PSO.data.balancing", "PSO.feature.selection", "PSO.valid.acc", 
"PSO.test.acc", "PSO.train.time", "PSO.n.support.vectors", "PSO.index", 
"PSO.n.solutions", "PSO.generations", "PSO.n.evaluations", "PSO.cpu.time", 
"RS.cost", "RS.gamma", "RS.data.balancing", "RS.feature.selection", 
"RS.valid.acc", "RS.test.acc", "RS.train.time", "RS.n.support.vectors", 
"RS.index", "RS.n.solutions", "RS.generations", "RS.n.evaluations", 
"RS.cpu.time", "DF.cost", "DF.gamma", "DF.data.balancing", "DF.feature.selection", 
"DF.valid.acc", "DF.test.acc", "DF.train.time", "DF.n.support.vectors", 
"DF.index", "DF.n.solutions", "DF.generations", "DF.n.evaluations", 
"DF.cpu.time")))
