full <-
structure(c(50, 55, 60, 65, 70, 75, 80, 85, 90, 95, 100, 4.71543, 
8.69281, 14.318, 14.60776, 7.55227, 4.79444, 10.17288, 7.4134, 
4.20816, 5.16549, 7.28767, -6.28011, -6.39262, -9.65485, -9.36627, 
-7.34051, -5.30177, -8.45084, -6.7426, -4.9922, -3.7382, -5.14126, 
0, 0, 0, 0, 0, 0, 0, 0, 0, 0, 0, 0, 0, 0, 0, 0, 0, 0, 0, 0, 0, 
0, 0.575, 0.5881, 0.54464, 0.66012, 0.58333, 0.51389, 0.595, 
0.57667, 0.54576, 0.56273, 0.53394, 0.575, 0.47714, 0.4625, 0.55099, 
0.51171, 0.48194, 0.56028, 0.49333, 0.47828, 0.47854, 0.47091, 
0.0064, 0.0072, 0.0127, 0.0169, 0.0085, 0.0082, 0.0091, 0.0081, 
0.008, 0.009, 0.0114, 38.3, 40.4, 43.6, 48, 56.6, 61.7, 63.5, 
68, 73.8, 77.2, 76.3, 407, 130, 200, 1180, 232, 259, 2064, 216, 
604, 1322, 49, 321, 305, 134, 14, 274, 134, 1, 487, 44, 57, 177, 
100, 100, 100, 100, 100, 100, 100, 100, 100, 100, 100, 2500, 
2500, 2500, 2500, 2500, 2500, 2500, 2500, 2500, 2500, 2500, 6342.331, 
6167.343, 6231.156, 6613.649, 8969.766, 8650.47200000001, 5823.75200000001, 
6731.819, 5804.97500000001, 5914.37700000001, 9253.39999999999, 
4.4261, 5.7908, 14.63948, 14.93933, 6.80636, 2.0997, 14.11012, 
7.16327, 6.33589, 4.95354, 7.91004, -6.17682, -4.71732, -9.82832, 
-9.5577, -6.91325, -2.57989, -10.4251, -6.80477, -6.0936, -3.71242, 
-5.41632, 0, 0, 0, 0, 0, 0, 0, 0, 0, 0, 0, 0, 0, 0, 0, 0, 0, 
0, 0, 0, 0, 0, 0.575, 0.5881, 0.54464, 0.64583, 0.58333, 0.5125, 
0.585, 0.57667, 0.54576, 0.5453, 0.53394, 0.575, 0.47476, 0.4625, 
0.55099, 0.51488, 0.48056, 0.56028, 0.52333, 0.49737, 0.48763, 
0.47091, 0.0064, 0.007, 0.0136, 0.0181, 0.0084, 0.0078, 0.0145, 
0.0087, 0.0082, 0.0086, 0.012, 38.5, 40.7, 43.8, 48, 56.6, 63.5, 
63.3, 68.2, 72.6, 77.7, 76.2, 926, 45, 675, 822, 170, 1405, 2055, 
138, 586, 1802, 254, 1, 2, 3, 1, 4, 2, 1, 4, 2, 1, 3, 100, 100, 
100, 100, 100, 100, 100, 100, 100, 100, 100, 2500, 2500, 2500, 
2500, 2500, 2500, 2500, 2500, 2500, 2500, 2500, 6829.743, 6111.494, 
6430.331, 6740.032, 9034.726, 8567.348, 5761.198, 8538.61900000001, 
5808.41, 6272.31299999999, 9317.54800000001, 1, 1, 1, 1, 1, 1, 
1, 1, 1, 1, 1, 0.2, 0.2, 0.2, 0.2, 0.2, 0.2, 0.2, 0.2, 0.2, 0.2, 
0.2, 0, 0, 0, 0, 0, 0, 0, 0, 0, 0, 0, 0, 0, 0, 0, 0, 0, 0, 0, 
0, 0, 0, 0.47167, 0.46476, 0.475, 0.47718, 0.52321, 0.46806, 
0.51583, 0.49333, 0.4701, 0.45217, 0.49227, 0.52167, 0.4581, 
0.42143, 0.49464, 0.46905, 0.43333, 0.59389, 0.48333, 0.4601, 
0.46808, 0.46152, 0.007, 0.0068, 0.0067, 0.0074, 0.0076, 0.008, 
0.0073, 0.0084, 0.0077, 0.0093, 0.0086, 42.6, 46.9, 51.2, 56, 
61.4, 67.3, 71.6, 75.8, 79.9, 85.6, 86.6, 1, 1, 1, 1, 1, 1, 1, 
1, 1, 1, 1, 1, 1, 1, 1, 1, 1, 1, 1, 1, 1, 1, 1, 1, 1, 1, 1, 1, 
1, 1, 1, 1, 1, 1, 1, 1, 1, 1, 1, 1, 1, 1, 1, 1, 3.56, 2.539, 
2.569, 3.441, 3.504, 3.406, 2.299, 3.344, 2.293, 3.699, 3.535
), .Dim = c(11L, 40L), .Dimnames = list(NULL, c("Sampling", "PSO.cost", 
"PSO.gamma", "PSO.data.balancing", "PSO.feature.selection", "PSO.valid.acc", 
"PSO.test.acc", "PSO.train.time", "PSO.n.support.vectors", "PSO.index", 
"PSO.n.solutions", "PSO.generations", "PSO.n.evaluations", "PSO.cpu.time", 
"RS.cost", "RS.gamma", "RS.data.balancing", "RS.feature.selection", 
"RS.valid.acc", "RS.test.acc", "RS.train.time", "RS.n.support.vectors", 
"RS.index", "RS.n.solutions", "RS.generations", "RS.n.evaluations", 
"RS.cpu.time", "DF.cost", "DF.gamma", "DF.data.balancing", "DF.feature.selection", 
"DF.valid.acc", "DF.test.acc", "DF.train.time", "DF.n.support.vectors", 
"DF.index", "DF.n.solutions", "DF.generations", "DF.n.evaluations", 
"DF.cpu.time")))
