full <-
structure(c(50, 55, 60, 65, 70, 75, 80, 85, 90, 95, 100, 11.48998, 
12.29324, 13.88409, 14.0992, 9.01842, 12.63429, 13.17533, 11.09236, 
14.61557, 10.94803, 4.83002, -13.36307, -6.17071, -6.64787, -15, 
-5.72081, -13.62695, -6.48234, -6.79412, -15, -5.39545, -3.87963, 
0, 0, 0, 0, 0, 0, 0, 0, 0, 0, 0, 0, 0, 0, 0, 0, 0, 0, 0, 0, 0, 
0, 0.47881, 0.54333, 0.50556, 0.44286, 0.51488, 0.525, 0.47333, 
0.48232, 0.5197, 0.51712, 0.54606, 0.45024, 0.44667, 0.43889, 
0.40238, 0.39802, 0.47917, 0.4275, 0.45626, 0.48025, 0.44485, 
0.50106, 0.0117, 0.0191, 0.0328, 0.0126, 0.0148, 0.0134, 0.0457, 
0.0234, 0.0153, 0.0302, 0.0139, 40.4, 39.4, 44.3, 53.5, 55.4, 
62.3, 63.3, 66.7, 74.3, 72, 78.1, 435, 83, 695, 53, 933, 658, 
1247, 500, 166, 715, 1404, 61, 265, 127, 814, 54, 10, 22, 146, 
236, 37, 79, 100, 100, 100, 100, 100, 100, 100, 100, 100, 100, 
100, 2500, 2500, 2500, 2500, 2500, 2500, 2500, 2500, 2500, 2500, 
2500, 6943.771, 6915.184, 7225.419, 6846.043, 7169.565, 7110.155, 
7331.864, 7411.25199999999, 7085.382, 7164.44899999999, 7158.20199999999, 
5.33669, 12.69222, 4.70703, 10.50545, 10.33943, 13.86981, 7.31896, 
11.37176, 14.43652, 11.82016, 3.83945, -7.16287, -6.29662, -3.38035, 
-11.45047, -6.35147, -14.85293, -3.78598, -6.89181, -14.66306, 
-8.72815, -3.48044, 0, 0, 0, 0, 0, 0, 0, 0, 0, 0, 0, 0, 0, 0, 
0, 0, 0, 0, 0, 0, 0, 0, 0.48119, 0.54333, 0.51429, 0.44286, 0.5006, 
0.525, 0.47556, 0.48232, 0.51136, 0.51101, 0.54439, 0.45024, 
0.43, 0.44683, 0.40238, 0.38373, 0.47917, 0.43, 0.45626, 0.48025, 
0.48081, 0.51939, 0.0109, 0.0203, 0.0112, 0.0125, 0.0173, 0.0148, 
0.0149, 0.0263, 0.0157, 0.0209, 0.0143, 41, 39.4, 47.7, 53.6, 
55.2, 62.1, 62.6, 67, 74.3, 76, 79.2, 113, 414, 456, 272, 649, 
301, 1599, 1864, 1387, 791, 1169, 3, 8, 1, 14, 2, 2, 1, 1, 1, 
3, 3, 100, 100, 100, 100, 100, 100, 100, 100, 100, 100, 100, 
2500, 2500, 2500, 2500, 2500, 2500, 2500, 2500, 2500, 2500, 2500, 
6773.907, 6931.603, 7014.507, 6949.556, 7055.287, 7114.74800000001, 
7163.682, 7120.061, 7025.049, 6967.196, 7124.64000000001, 1, 
1, 1, 1, 1, 1, 1, 1, 1, 1, 1, 0.2, 0.2, 0.2, 0.2, 0.2, 0.2, 0.2, 
0.2, 0.2, 0.2, 0.2, 0, 0, 0, 0, 0, 0, 0, 0, 0, 0, 0, 0, 0, 0, 
0, 0, 0, 0, 0, 0, 0, 0, 0.34452, 0.38619, 0.32619, 0.24226, 0.34127, 
0.39861, 0.40556, 0.38808, 0.40222, 0.44652, 0.45348, 0.3569, 
0.41905, 0.33968, 0.3006, 0.36012, 0.44306, 0.35444, 0.42717, 
0.42303, 0.47192, 0.49439, 0.0105, 0.0108, 0.0108, 0.0117, 0.0121, 
0.0119, 0.0123, 0.0128, 0.0125, 0.0133, 0.0132, 43.6, 48.2, 52.7, 
57, 62.4, 66.5, 72.1, 75.3, 80.7, 84.6, 85.7, 1, 1, 1, 1, 1, 
1, 1, 1, 1, 1, 1, 1, 1, 1, 1, 1, 1, 1, 1, 1, 1, 1, 1, 1, 1, 1, 
1, 1, 1, 1, 1, 1, 1, 1, 1, 1, 1, 1, 1, 1, 1, 1, 1, 1, 2.799, 
2.759, 2.776, 2.785, 2.73, 2.779, 2.86, 2.8, 2.645, 2.75, 2.78
), .Dim = c(11L, 40L), .Dimnames = list(NULL, c("Sampling", "PSO.cost", 
"PSO.gamma", "PSO.data.balancing", "PSO.feature.selection", "PSO.valid.acc", 
"PSO.test.acc", "PSO.train.time", "PSO.n.support.vectors", "PSO.index", 
"PSO.n.solutions", "PSO.generations", "PSO.n.evaluations", "PSO.cpu.time", 
"RS.cost", "RS.gamma", "RS.data.balancing", "RS.feature.selection", 
"RS.valid.acc", "RS.test.acc", "RS.train.time", "RS.n.support.vectors", 
"RS.index", "RS.n.solutions", "RS.generations", "RS.n.evaluations", 
"RS.cpu.time", "DF.cost", "DF.gamma", "DF.data.balancing", "DF.feature.selection", 
"DF.valid.acc", "DF.test.acc", "DF.train.time", "DF.n.support.vectors", 
"DF.index", "DF.n.solutions", "DF.generations", "DF.n.evaluations", 
"DF.cpu.time")))
