full <-
structure(c(50, 55, 60, 65, 70, 75, 80, 85, 90, 95, 100, -0.0522, 
-0.51791, -0.53719, -0.69026, 8.72459, 10.55819, 5.42312, 13.87546, 
14.78341, 13.04004, 9.8947, -1.52354, -3.38879, -2.33831, -1.0315, 
-7.41262, -13.04615, -3.99199, -11.80248, -9.08968, -10.40558, 
-7.19712, 0, 0, 0, 0, 0, 0, 0, 0, 0, 0, 0, 0, 0, 0, 0, 0, 0, 
0, 0, 0, 0, 0, 0.535, 0.49048, 0.46429, 0.47778, 0.48512, 0.50655, 
0.52556, 0.46556, 0.50929, 0.52621, 0.52652, 0.465, 0.37524, 
0.41905, 0.45595, 0.36726, 0.43393, 0.44889, 0.42313, 0.50818, 
0.47621, 0.48682, 0.0112, 0.0108, 0.0114, 0.0112, 0.0129, 0.0121, 
0.0134, 0.0169, 0.0438, 0.0183, 0.0179, 43.3, 48.2, 53.4, 58.2, 
60, 65.8, 64.9, 70.4, 69.8, 76.4, 76, 271, 171, 397, 305, 517, 
1703, 284, 929, 493, 42, 576, 709, 57, 69, 67, 94, 8, 135, 12, 
47, 322, 52, 100, 100, 100, 100, 100, 100, 100, 100, 100, 100, 
100, 2500, 2500, 2500, 2500, 2500, 2500, 2500, 2500, 2500, 2500, 
2500, 7735.936, 7832.126, 7676.212, 8274.183, 7684.215, 7734.745, 
7739.882, 7771.55, 7863.09999999999, 7648.25400000002, 7714.61799999999, 
-0.22988, -0.85676, -0.52632, -0.42444, 10.64259, 6.83866, 5.89275, 
0.86822, 12.10916, 4.47822, 11.02681, -1.35225, -2.99444, -2.43556, 
-1.6904, -8.40547, -9.35258, -4.20934, -5.33463, -6.55314, -3.06755, 
-7.77559, 0, 0, 0, 0, 0, 0, 0, 0, 0, 0, 0, 0, 0, 0, 0, 0, 0, 
0, 0, 0, 0, 0, 0.535, 0.49048, 0.46429, 0.46667, 0.48512, 0.50655, 
0.52556, 0.47535, 0.50657, 0.53379, 0.52652, 0.44833, 0.39524, 
0.40238, 0.42083, 0.36726, 0.43393, 0.4475, 0.47354, 0.46929, 
0.46909, 0.48682, 0.0106, 0.0109, 0.0111, 0.0111, 0.0132, 0.0121, 
0.0127, 0.0125, 0.0354, 0.0139, 0.0205, 43.4, 48.5, 53.4, 57.5, 
60, 65.8, 64.5, 76.7, 68.7, 76.9, 76, 118, 5, 263, 1717, 881, 
59, 730, 2041, 2256, 1731, 20, 3, 3, 6, 1, 1, 1, 1, 1, 1, 1, 
5, 100, 100, 100, 100, 100, 100, 100, 100, 100, 100, 100, 2500, 
2500, 2500, 2500, 2500, 2500, 2500, 2500, 2500, 2500, 2500, 7761.759, 
7714.671, 7562.808, 7744.479, 7664.08199999999, 7650.606, 7847.31299999999, 
7670.13499999999, 7393.21100000001, 7563.394, 7454.06100000002, 
1, 1, 1, 1, 1, 1, 1, 1, 1, 1, 1, 0.2, 0.2, 0.2, 0.2, 0.2, 0.2, 
0.2, 0.2, 0.2, 0.2, 0.2, 0, 0, 0, 0, 0, 0, 0, 0, 0, 0, 0, 0, 
0, 0, 0, 0, 0, 0, 0, 0, 0, 0, 0.46167, 0.42857, 0.41667, 0.40476, 
0.43056, 0.41687, 0.46083, 0.40717, 0.40869, 0.45985, 0.45121, 
0.465, 0.43952, 0.41905, 0.40655, 0.42917, 0.40615, 0.44472, 
0.4101, 0.42273, 0.44985, 0.41379, 0.0105, 0.0109, 0.0111, 0.0116, 
0.0115, 0.012, 0.0121, 0.0128, 0.0118, 0.0129, 0.0133, 43.5, 
47.3, 52.8, 57.2, 62.7, 66.7, 71.4, 75.5, 80.6, 84.9, 85.3, 1, 
1, 1, 1, 1, 1, 1, 1, 1, 1, 1, 1, 1, 1, 1, 1, 1, 1, 1, 1, 1, 1, 
1, 1, 1, 1, 1, 1, 1, 1, 1, 1, 1, 1, 1, 1, 1, 1, 1, 1, 1, 1, 1, 
1, 3.081, 2.995, 3.122, 3.122, 3.041, 3.102, 3.066, 3.148, 2.708, 
2.964, 2.904), .Dim = c(11L, 40L), .Dimnames = list(NULL, c("Sampling", 
"PSO.cost", "PSO.gamma", "PSO.data.balancing", "PSO.feature.selection", 
"PSO.valid.acc", "PSO.test.acc", "PSO.train.time", "PSO.n.support.vectors", 
"PSO.index", "PSO.n.solutions", "PSO.generations", "PSO.n.evaluations", 
"PSO.cpu.time", "RS.cost", "RS.gamma", "RS.data.balancing", "RS.feature.selection", 
"RS.valid.acc", "RS.test.acc", "RS.train.time", "RS.n.support.vectors", 
"RS.index", "RS.n.solutions", "RS.generations", "RS.n.evaluations", 
"RS.cpu.time", "DF.cost", "DF.gamma", "DF.data.balancing", "DF.feature.selection", 
"DF.valid.acc", "DF.test.acc", "DF.train.time", "DF.n.support.vectors", 
"DF.index", "DF.n.solutions", "DF.generations", "DF.n.evaluations", 
"DF.cpu.time")))
