full <-
structure(c(50, 55, 60, 65, 70, 75, 80, 85, 90, 95, 100, 11.20931, 
2.32991, 3.1792, 12.47731, 15, 2.08695, 15, 4.50541, 3.57487, 
4.58783, 11.00725, -6.51212, -1.63328, -2.87779, -6.9152, -14.59993, 
-2.10829, -10.30105, -3.25694, -2.77652, -3.81813, -5.38121, 
0, 0, 0, 0, 0, 0, 0, 0, 0, 0, 0, 0, 0, 0, 0, 0, 0, 0, 0, 0, 0, 
0, 0.59, 0.56857, 0.57857, 0.60258, 0.59345, 0.61389, 0.55056, 
0.57838, 0.58232, 0.53848, 0.54278, 0.51333, 0.51333, 0.48095, 
0.47599, 0.52738, 0.53028, 0.49694, 0.53394, 0.55364, 0.46803, 
0.47636, 0.0144, 0.0108, 0.0113, 0.0233, 0.0147, 0.012, 0.0266, 
0.0122, 0.0131, 0.014, 0.031, 37.5, 44.3, 48.4, 46.6, 53.2, 62.3, 
60.5, 65.4, 72.3, 78, 74, 18, 1169, 1249, 215, 116, 1336, 140, 
992, 485, 1784, 930, 163, 256, 54, 350, 545, 21, 108, 190, 181, 
43, 165, 100, 100, 100, 100, 100, 100, 100, 100, 100, 100, 100, 
2500, 2500, 2500, 2500, 2500, 2500, 2500, 2500, 2500, 2500, 2500, 
7040.742, 6991.141, 6930.28, 7226.341, 6990.363, 6900.45400000001, 
6994.193, 6814.084, 6924.073, 7173.537, 7565.617, 2.98871, 1.73382, 
4.65467, 11.16956, 14.16264, 0.52878, 13.51474, 3.52051, 1.93057, 
4.53374, 9.88582, -2.98745, -1.99654, -3.62245, -6.14008, -13.22742, 
-0.8662, -9.55668, -2.62659, -1.68428, -3.83062, -4.93353, 0, 
0, 0, 0, 0, 0, 0, 0, 0, 0, 0, 0, 0, 0, 0, 0, 0, 0, 0, 0, 0, 0, 
0.60667, 0.56857, 0.56429, 0.60258, 0.59345, 0.60139, 0.55056, 
0.57727, 0.57419, 0.53848, 0.53444, 0.53333, 0.49095, 0.43333, 
0.46349, 0.52738, 0.53028, 0.49694, 0.52283, 0.50879, 0.47803, 
0.48545, 0.0109, 0.0102, 0.0114, 0.0189, 0.015, 0.0119, 0.0202, 
0.0125, 0.0122, 0.0139, 0.0238, 40.2, 45.2, 46.9, 46.1, 52.9, 
65.3, 60.8, 66.7, 75.9, 77.8, 75.1, 692, 125, 699, 139, 656, 
278, 720, 971, 1821, 1895, 117, 1, 2, 4, 3, 4, 8, 1, 5, 2, 1, 
2, 100, 100, 100, 100, 100, 100, 100, 100, 100, 100, 100, 2500, 
2500, 2500, 2500, 2500, 2500, 2500, 2500, 2500, 2500, 2500, 6935.087, 
6935.445, 6912, 6940.525, 6903.72300000001, 6894.253, 6851.02099999999, 
6885.016, 7054.344, 7094.39199999999, 6983.283, 1, 1, 1, 1, 1, 
1, 1, 1, 1, 1, 1, 0.2, 0.2, 0.2, 0.2, 0.2, 0.2, 0.2, 0.2, 0.2, 
0.2, 0.2, 0, 0, 0, 0, 0, 0, 0, 0, 0, 0, 0, 0, 0, 0, 0, 0, 0, 
0, 0, 0, 0, 0, 0.495, 0.48762, 0.44524, 0.45694, 0.49266, 0.51667, 
0.44, 0.44687, 0.49505, 0.43742, 0.48823, 0.515, 0.40762, 0.4619, 
0.43532, 0.47083, 0.50278, 0.45833, 0.4402, 0.48985, 0.42333, 
0.42298, 0.0104, 0.0105, 0.0111, 0.0112, 0.0126, 0.0116, 0.0114, 
0.012, 0.0133, 0.0128, 0.0127, 42.8, 47.5, 52.4, 57.1, 61.9, 
65.1, 70.4, 74.8, 80.8, 85.1, 85.9, 1, 1, 1, 1, 1, 1, 1, 1, 1, 
1, 1, 1, 1, 1, 1, 1, 1, 1, 1, 1, 1, 1, 1, 1, 1, 1, 1, 1, 1, 1, 
1, 1, 1, 1, 1, 1, 1, 1, 1, 1, 1, 1, 1, 1, 2.819, 2.678, 2.83, 
2.792, 2.871, 2.702, 2.637, 2.711, 2.703, 2.795, 2.799), .Dim = c(11L, 
40L), .Dimnames = list(NULL, c("Sampling", "PSO.cost", "PSO.gamma", 
"PSO.data.balancing", "PSO.feature.selection", "PSO.valid.acc", 
"PSO.test.acc", "PSO.train.time", "PSO.n.support.vectors", "PSO.index", 
"PSO.n.solutions", "PSO.generations", "PSO.n.evaluations", "PSO.cpu.time", 
"RS.cost", "RS.gamma", "RS.data.balancing", "RS.feature.selection", 
"RS.valid.acc", "RS.test.acc", "RS.train.time", "RS.n.support.vectors", 
"RS.index", "RS.n.solutions", "RS.generations", "RS.n.evaluations", 
"RS.cpu.time", "DF.cost", "DF.gamma", "DF.data.balancing", "DF.feature.selection", 
"DF.valid.acc", "DF.test.acc", "DF.train.time", "DF.n.support.vectors", 
"DF.index", "DF.n.solutions", "DF.generations", "DF.n.evaluations", 
"DF.cpu.time")))
