full <-
structure(c(50, 55, 60, 65, 70, 75, 80, 85, 90, 95, 100, 9.38738, 
7.29128, 4.15462, 10.41285, 15, 8.57231, 13.09092, 5.12777, 14.81654, 
10.73273, 13.99479, -7.73083, -6.01267, -4.32687, -8.30991, -10.23761, 
-7.29632, -9.42458, -2.68025, -13.9576, -5.55893, -11.78427, 
0, 0, 0, 0, 0, 0, 0, 0, 0, 0, 0, 0, 0, 0, 0, 0, 0, 0, 0, 0, 0, 
0, 0.57667, 0.52619, 0.52798, 0.56071, 0.57242, 0.55278, 0.51722, 
0.51556, 0.52879, 0.55364, 0.49924, 0.46333, 0.49524, 0.49464, 
0.43393, 0.53889, 0.4875, 0.48472, 0.51667, 0.48859, 0.50712, 
0.47015, 0.0118, 0.0123, 0.0122, 0.0135, 0.0243, 0.0142, 0.0195, 
0.0136, 0.0174, 0.0278, 0.0209, 38.8, 43.1, 49, 50.2, 55.1, 60.8, 
64.8, 67.8, 71.4, 73.7, 75, 2044, 347, 340, 137, 951, 1446, 42, 
767, 10, 133, 74, 2, 181, 328, 77, 89, 21, 244, 106, 1299, 213, 
212, 100, 100, 100, 100, 100, 100, 100, 100, 100, 100, 100, 2500, 
2500, 2500, 2500, 2500, 2500, 2500, 2500, 2500, 2500, 2500, 7472.46, 
7345.24, 7372.958, 7387.695, 7551.478, 7530.405, 7870.65700000001, 
7510.841, 7563.39599999999, 7935.03899999999, 7594.89599999998, 
11.23687, 4.37511, 3.84647, 11.75658, 13.53682, 2.26102, 9.99195, 
4.08088, 9.61691, 11.43948, 7.0756, -8.67478, -3.80148, -3.96699, 
-8.99008, -9.48117, -3.31829, -7.19819, -3.01378, -7.30357, -5.88785, 
-4.34628, 0, 0, 0, 0, 0, 0, 0, 0, 0, 0, 0, 0, 0, 0, 0, 0, 0, 
0, 0, 0, 0, 0, 0.55667, 0.5119, 0.52798, 0.56071, 0.57242, 0.55278, 
0.51722, 0.51444, 0.53753, 0.55364, 0.51167, 0.46333, 0.44524, 
0.50714, 0.43393, 0.53889, 0.46806, 0.46, 0.46444, 0.47566, 0.50712, 
0.47424, 0.0124, 0.0111, 0.0117, 0.0146, 0.0208, 0.0118, 0.0173, 
0.0134, 0.0174, 0.035, 0.0174, 38.3, 43.9, 49.1, 50.1, 55.4, 
63.6, 65, 69, 72.9, 73.6, 75.7, 574, 356, 94, 2439, 964, 2125, 
60, 1402, 63, 1354, 218, 4, 5, 3, 1, 1, 1, 16, 1, 1, 1, 2, 100, 
100, 100, 100, 100, 100, 100, 100, 100, 100, 100, 2500, 2500, 
2500, 2500, 2500, 2500, 2500, 2500, 2500, 2500, 2500, 7435.041, 
7231.95, 7348.18900000001, 7351.984, 7393.65399999999, 7436.29300000001, 
7770.829, 7563.08200000001, 7627.45099999999, 7612.04699999999, 
7498.74400000001, 1, 1, 1, 1, 1, 1, 1, 1, 1, 1, 1, 0.2, 0.2, 
0.2, 0.2, 0.2, 0.2, 0.2, 0.2, 0.2, 0.2, 0.2, 0, 0, 0, 0, 0, 0, 
0, 0, 0, 0, 0, 0, 0, 0, 0, 0, 0, 0, 0, 0, 0, 0, 0.43, 0.34762, 
0.46369, 0.38393, 0.44167, 0.49583, 0.4625, 0.45333, 0.45732, 
0.45152, 0.41136, 0.44667, 0.33095, 0.46548, 0.38214, 0.45774, 
0.45833, 0.48472, 0.44444, 0.42197, 0.48242, 0.42121, 0.0108, 
0.0114, 0.0116, 0.0111, 0.012, 0.012, 0.0128, 0.0133, 0.0129, 
0.0132, 0.0133, 43.2, 48.5, 52.8, 57.5, 62.4, 67.3, 71.9, 75.8, 
80.7, 85.7, 85.4, 1, 1, 1, 1, 1, 1, 1, 1, 1, 1, 1, 1, 1, 1, 1, 
1, 1, 1, 1, 1, 1, 1, 1, 1, 1, 1, 1, 1, 1, 1, 1, 1, 1, 1, 1, 1, 
1, 1, 1, 1, 1, 1, 1, 1, 2.978, 2.827, 2.899, 2.908, 3.008, 2.855, 
3.121, 3.059, 2.956, 2.927, 2.973), .Dim = c(11L, 40L), .Dimnames = list(
    NULL, c("Sampling", "PSO.cost", "PSO.gamma", "PSO.data.balancing", 
    "PSO.feature.selection", "PSO.valid.acc", "PSO.test.acc", 
    "PSO.train.time", "PSO.n.support.vectors", "PSO.index", "PSO.n.solutions", 
    "PSO.generations", "PSO.n.evaluations", "PSO.cpu.time", "RS.cost", 
    "RS.gamma", "RS.data.balancing", "RS.feature.selection", 
    "RS.valid.acc", "RS.test.acc", "RS.train.time", "RS.n.support.vectors", 
    "RS.index", "RS.n.solutions", "RS.generations", "RS.n.evaluations", 
    "RS.cpu.time", "DF.cost", "DF.gamma", "DF.data.balancing", 
    "DF.feature.selection", "DF.valid.acc", "DF.test.acc", "DF.train.time", 
    "DF.n.support.vectors", "DF.index", "DF.n.solutions", "DF.generations", 
    "DF.n.evaluations", "DF.cpu.time")))
