full <-
structure(c(50, 55, 60, 65, 70, 75, 80, 85, 90, 95, 100, 8.90836, 
4.33772, 10.68817, 5.16719, 3.24196, 3.38894, 15, 7.58546, 3.40496, 
4.20202, 11.48607, -7.56731, -5.63744, -12.1351, -4.08703, -2.74759, 
-5.47765, -11.23138, -4.4774, -3.5181, -3.00938, -10.10573, 0, 
0, 0, 0, 0, 0, 0, 0, 0, 0, 0, 0, 0, 0, 0, 0, 0, 0, 0, 0, 0, 0, 
0.56548, 0.58095, 0.52143, 0.4881, 0.54008, 0.53194, 0.53889, 
0.55253, 0.55192, 0.56045, 0.50364, 0.52048, 0.50762, 0.50714, 
0.44286, 0.46925, 0.47361, 0.50667, 0.54455, 0.53303, 0.49212, 
0.46061, 0.0116, 0.0107, 0.0107, 0.0116, 0.0113, 0.0127, 0.0202, 
0.0146, 0.0128, 0.0134, 0.0163, 38, 44.7, 47, 51.9, 58.5, 64.2, 
63.5, 66.5, 75.5, 78, 76.3, 59, 857, 80, 623, 680, 904, 284, 
1842, 130, 1211, 431, 167, 49, 597, 193, 66, 47, 106, 15, 555, 
41, 93, 100, 100, 100, 100, 100, 100, 100, 100, 100, 100, 100, 
2500, 2500, 2500, 2500, 2500, 2500, 2500, 2500, 2500, 2500, 2500, 
6869.283, 6796.205, 6819.187, 6801.287, 6783.414, 6716.86, 6741.827, 
6859.61199999999, 6738.571, 6737.807, 6813.736, 14.57272, 5.6437, 
8.56512, 4.67083, 3.98012, 6.01874, 4.67664, 7.84702, 3.72794, 
4.16662, 14.30959, -10.41559, -7.36471, -10.04335, -3.81524, 
-3.05827, -6.51062, -3.33245, -4.41765, -3.65823, -2.92117, -11.45655, 
0, 0, 0, 0, 0, 0, 0, 0, 0, 0, 0, 0, 0, 0, 0, 0, 0, 0, 0, 0, 0, 
0, 0.56548, 0.57762, 0.52143, 0.4881, 0.52579, 0.53056, 0.54, 
0.55253, 0.55192, 0.56045, 0.50364, 0.52048, 0.55857, 0.50714, 
0.45714, 0.48175, 0.49306, 0.54111, 0.55455, 0.54303, 0.49212, 
0.46061, 0.016, 0.0108, 0.0113, 0.0121, 0.0134, 0.0114, 0.0122, 
0.0154, 0.0126, 0.0139, 0.0211, 37.5, 44.6, 47.1, 52.2, 57.9, 
62.1, 65.3, 65.7, 75.1, 78.4, 76, 465, 152, 4, 676, 2185, 1481, 
44, 33, 169, 963, 893, 7, 6, 32, 1, 1, 1, 4, 10, 1, 1, 2, 100, 
100, 100, 100, 100, 100, 100, 100, 100, 100, 100, 2500, 2500, 
2500, 2500, 2500, 2500, 2500, 2500, 2500, 2500, 2500, 6776.625, 
6834.518, 6808.971, 6778.356, 6797.50900000001, 6629.64200000001, 
6768.35000000001, 6774.05699999999, 6694.148, 6826.31300000001, 
6855.61700000003, 1, 1, 1, 1, 1, 1, 1, 1, 1, 1, 1, 0.2, 0.2, 
0.2, 0.2, 0.2, 0.2, 0.2, 0.2, 0.2, 0.2, 0.2, 0, 0, 0, 0, 0, 0, 
0, 0, 0, 0, 0, 0, 0, 0, 0, 0, 0, 0, 0, 0, 0, 0, 0.54548, 0.47762, 
0.43095, 0.41667, 0.4002, 0.43611, 0.48444, 0.48919, 0.44263, 
0.48303, 0.41167, 0.52881, 0.43762, 0.41667, 0.38929, 0.35575, 
0.44861, 0.46111, 0.48899, 0.51394, 0.42833, 0.43803, 0.0104, 
0.0104, 0.0108, 0.0107, 0.0109, 0.0112, 0.0111, 0.0122, 0.0125, 
0.0124, 0.0132, 42.3, 47.8, 52.5, 57.6, 62.1, 67.2, 71.8, 76.2, 
80.7, 85.8, 85.8, 1, 1, 1, 1, 1, 1, 1, 1, 1, 1, 1, 1, 1, 1, 1, 
1, 1, 1, 1, 1, 1, 1, 1, 1, 1, 1, 1, 1, 1, 1, 1, 1, 1, 1, 1, 1, 
1, 1, 1, 1, 1, 1, 1, 1, 2.667, 2.725, 2.726, 2.625, 2.617, 2.617, 
2.661, 2.685, 2.649, 2.629, 2.678), .Dim = c(11L, 40L), .Dimnames = list(
    NULL, c("Sampling", "PSO.cost", "PSO.gamma", "PSO.data.balancing", 
    "PSO.feature.selection", "PSO.valid.acc", "PSO.test.acc", 
    "PSO.train.time", "PSO.n.support.vectors", "PSO.index", "PSO.n.solutions", 
    "PSO.generations", "PSO.n.evaluations", "PSO.cpu.time", "RS.cost", 
    "RS.gamma", "RS.data.balancing", "RS.feature.selection", 
    "RS.valid.acc", "RS.test.acc", "RS.train.time", "RS.n.support.vectors", 
    "RS.index", "RS.n.solutions", "RS.generations", "RS.n.evaluations", 
    "RS.cpu.time", "DF.cost", "DF.gamma", "DF.data.balancing", 
    "DF.feature.selection", "DF.valid.acc", "DF.test.acc", "DF.train.time", 
    "DF.n.support.vectors", "DF.index", "DF.n.solutions", "DF.generations", 
    "DF.n.evaluations", "DF.cpu.time")))
