full <-
structure(c(50, 55, 60, 65, 70, 75, 80, 85, 90, 95, 100, 3.72714, 
8.75509, 2.59383, -0.93846, 12.44388, 9.99183, 15, 15, 3.19016, 
12.46668, 7.57011, -6.59628, -6.5297, -2.51279, -2.37497, -11.23654, 
-10.67895, -14.18584, -14.40953, -2.98072, -6.12166, -4.05545, 
0, 0, 0, 0, 0, 0, 0, 0, 0, 0, 0, 0, 0, 0, 0, 0, 0, 0, 0, 0, 0, 
0, 0.49548, 0.59571, 0.53929, 0.5256, 0.54187, 0.5175, 0.53778, 
0.53343, 0.56071, 0.57015, 0.54, 0.44548, 0.48381, 0.52024, 0.48452, 
0.55258, 0.51861, 0.49333, 0.53141, 0.52253, 0.47682, 0.47773, 
0.0136, 0.0126, 0.0119, 0.0115, 0.014, 0.0128, 0.0188, 0.0182, 
0.0132, 0.051, 0.018, 42.5, 43.5, 48.7, 57.8, 52.1, 58.8, 63.4, 
66.6, 74.3, 72.3, 76.2, 616, 704, 483, 1682, 11, 86, 98, 35, 
674, 466, 1136, 6, 32, 59, 31, 1166, 33, 1391, 1802, 183, 139, 
16, 100, 100, 100, 100, 100, 100, 100, 100, 100, 100, 100, 2500, 
2500, 2500, 2500, 2500, 2500, 2500, 2500, 2500, 2500, 2500, 7455.214, 
7518.127, 7455.51, 7572.609, 7473.923, 7421.568, 7564.481, 7570.014, 
7496.996, 7912.23999999999, 7596.66, 8.32365, 10.63444, 7.38099, 
-0.79586, 10.03639, -1.49, 12.48093, 14.83108, 3.25546, 4.56612, 
7.92855, -10.25784, -7.5205, -11.39569, -2.14536, -10.0711, -0.28791, 
-11.67359, -14.43917, -3.1173, -3.23653, -4.65133, 0, 0, 0, 0, 
0, 0, 0, 0, 0, 0, 0, 0, 0, 0, 0, 0, 0, 0, 0, 0, 0, 0, 0.49619, 
0.59571, 0.53869, 0.54405, 0.54187, 0.52083, 0.53778, 0.53343, 
0.56071, 0.56182, 0.53485, 0.44881, 0.48381, 0.5381, 0.48631, 
0.54147, 0.51833, 0.49333, 0.53141, 0.52253, 0.53348, 0.53242, 
0.0111, 0.0126, 0.0117, 0.0113, 0.0133, 0.0142, 0.0156, 0.0183, 
0.0169, 0.0148, 0.0191, 41.7, 43.1, 52.5, 57.5, 53.3, 67.8, 63.7, 
66.7, 74.4, 77.8, 75.7, 164, 2206, 175, 643, 14, 1905, 110, 106, 
1988, 822, 356, 3, 1, 18, 1, 94, 1, 24, 14, 1, 1, 1, 100, 100, 
100, 100, 100, 100, 100, 100, 100, 100, 100, 2500, 2500, 2500, 
2500, 2500, 2500, 2500, 2500, 2500, 2500, 2500, 7526.502, 7501.913, 
7497.895, 7441.989, 7472.871, 7464.255, 7478.746, 7520.52800000001, 
7493.81199999999, 7546.30800000002, 7408.72, 1, 1, 1, 1, 1, 1, 
1, 1, 1, 1, 1, 0.2, 0.2, 0.2, 0.2, 0.2, 0.2, 0.2, 0.2, 0.2, 0.2, 
0.2, 0, 0, 0, 0, 0, 0, 0, 0, 0, 0, 0, 0, 0, 0, 0, 0, 0, 0, 0, 
0, 0, 0, 0.43381, 0.50143, 0.50357, 0.49881, 0.49107, 0.44222, 
0.47, 0.47677, 0.44121, 0.45788, 0.46848, 0.42643, 0.43381, 0.47857, 
0.46131, 0.48829, 0.4825, 0.46, 0.43343, 0.44727, 0.45061, 0.48515, 
0.0108, 0.0114, 0.0119, 0.0111, 0.0123, 0.0121, 0.0125, 0.0153, 
0.0161, 0.0134, 0.0147, 42.8, 47.5, 51.9, 56.2, 60.9, 64.9, 69.8, 
74.6, 80.7, 85, 86.5, 1, 1, 1, 1, 1, 1, 1, 1, 1, 1, 1, 1, 1, 
1, 1, 1, 1, 1, 1, 1, 1, 1, 1, 1, 1, 1, 1, 1, 1, 1, 1, 1, 1, 1, 
1, 1, 1, 1, 1, 1, 1, 1, 1, 1, 3.031, 2.894, 3.077, 2.855, 2.885, 
2.875, 2.859, 3.083, 3.053, 2.819, 2.968), .Dim = c(11L, 40L), .Dimnames = list(
    NULL, c("Sampling", "PSO.cost", "PSO.gamma", "PSO.data.balancing", 
    "PSO.feature.selection", "PSO.valid.acc", "PSO.test.acc", 
    "PSO.train.time", "PSO.n.support.vectors", "PSO.index", "PSO.n.solutions", 
    "PSO.generations", "PSO.n.evaluations", "PSO.cpu.time", "RS.cost", 
    "RS.gamma", "RS.data.balancing", "RS.feature.selection", 
    "RS.valid.acc", "RS.test.acc", "RS.train.time", "RS.n.support.vectors", 
    "RS.index", "RS.n.solutions", "RS.generations", "RS.n.evaluations", 
    "RS.cpu.time", "DF.cost", "DF.gamma", "DF.data.balancing", 
    "DF.feature.selection", "DF.valid.acc", "DF.test.acc", "DF.train.time", 
    "DF.n.support.vectors", "DF.index", "DF.n.solutions", "DF.generations", 
    "DF.n.evaluations", "DF.cpu.time")))
