full <-
structure(c(50, 55, 60, 65, 70, 75, 80, 85, 90, 95, 100, -0.36492, 
7.46506, 15, 4.11233, 4.98236, 10.51425, 13.90137, 15, 4.75026, 
10.33694, 9.3189, -0.47472, -1.34144, -13.03215, -6.82849, -4.89707, 
-9.24348, -10.77698, -12.22305, -3.2132, -5.56815, -9.07423, 
0, 0, 0, 0, 0, 0, 0, 0, 0, 0, 0, 0, 0, 0, 0, 0, 0, 0, 0, 0, 0, 
0, 0.51667, 0.40952, 0.44821, 0.51964, 0.525, 0.49841, 0.49889, 
0.51475, 0.52687, 0.52606, 0.53727, 0.39833, 0.33333, 0.44524, 
0.47679, 0.40933, 0.48552, 0.56333, 0.49475, 0.47051, 0.48197, 
0.44773, 0.012, 0.0127, 0.0138, 0.012, 0.0131, 0.0144, 0.0209, 
0.0207, 0.0159, 0.0277, 0.0164, 43.9, 42.4, 49.7, 56.3, 57.3, 
62.5, 65.2, 67.5, 72.7, 73.6, 77.6, 2103, 768, 94, 1401, 383, 
129, 50, 69, 1097, 1614, 62, 5, 369, 1108, 41, 252, 155, 710, 
353, 25, 30, 555, 100, 100, 100, 100, 100, 100, 100, 100, 100, 
100, 100, 2500, 2500, 2500, 2500, 2500, 2500, 2500, 2500, 2500, 
2500, 2500, 8692.531, 8433.543, 8471.959, 8181.481, 8111.478, 
9390.978, 11397.261, 11753.427, 11035.473, 11398.084, 10285.571, 
-0.18818, 7.37932, -0.04214, -0.04196, 5.1851, 10.43057, 8.27441, 
12.64362, 3.82448, 8.88354, 9.8447, -0.40355, -1.24034, -0.19726, 
-1.11098, -5.0105, -9.07109, -8.41823, -10.92445, -2.87545, -5.01594, 
-9.37295, 0, 0, 0, 0, 0, 0, 0, 0, 0, 0, 0, 0, 0, 0, 0, 0, 0, 
0, 0, 0, 0, 0, 0.49667, 0.40952, 0.48393, 0.51964, 0.525, 0.49841, 
0.50639, 0.51475, 0.52596, 0.51773, 0.53727, 0.415, 0.33333, 
0.36369, 0.45357, 0.40933, 0.47302, 0.54111, 0.49475, 0.4896, 
0.49848, 0.43773, 0.011, 0.0124, 0.012, 0.0126, 0.0125, 0.0155, 
0.0153, 0.0183, 0.0153, 0.0216, 0.016, 43.9, 42.5, 53.1, 57.6, 
57.2, 62.4, 66.6, 67.9, 73.3, 74.5, 77.7, 706, 536, 357, 648, 
2072, 1656, 193, 104, 565, 1485, 23, 1, 2, 1, 6, 1, 2, 3, 11, 
6, 1, 21, 100, 100, 100, 100, 100, 100, 100, 100, 100, 100, 100, 
2500, 2500, 2500, 2500, 2500, 2500, 2500, 2500, 2500, 2500, 2500, 
8570.007, 8399.284, 8375.374, 8175.63799999999, 8114.94, 11042.722, 
11467.593, 11607.845, 10681.747, 10310.258, 10083.454, 1, 1, 
1, 1, 1, 1, 1, 1, 1, 1, 1, 0.2, 0.2, 0.2, 0.2, 0.2, 0.2, 0.2, 
0.2, 0.2, 0.2, 0.2, 0, 0, 0, 0, 0, 0, 0, 0, 0, 0, 0, 0, 0, 0, 
0, 0, 0, 0, 0, 0, 0, 0, 0.39833, 0.25952, 0.34286, 0.4375, 0.35992, 
0.3494, 0.405, 0.39919, 0.46667, 0.39894, 0.44848, 0.34833, 0.26667, 
0.35655, 0.38393, 0.34841, 0.34345, 0.39389, 0.42141, 0.47556, 
0.41136, 0.48576, 0.0114, 0.0117, 0.0124, 0.0119, 0.0124, 0.0144, 
0.0151, 0.0152, 0.0151, 0.0153, 0.0152, 43.5, 47.4, 52.5, 57.6, 
62.3, 66.7, 71.7, 75.3, 80.5, 84.9, 85.6, 1, 1, 1, 1, 1, 1, 1, 
1, 1, 1, 1, 1, 1, 1, 1, 1, 1, 1, 1, 1, 1, 1, 1, 1, 1, 1, 1, 1, 
1, 1, 1, 1, 1, 1, 1, 1, 1, 1, 1, 1, 1, 1, 1, 1, 3.43, 3.383, 
3.408, 3.247, 3.279, 4.256, 4.395, 4.597, 4.183, 3.989, 4.151
), .Dim = c(11L, 40L), .Dimnames = list(NULL, c("Sampling", "PSO.cost", 
"PSO.gamma", "PSO.data.balancing", "PSO.feature.selection", "PSO.valid.acc", 
"PSO.test.acc", "PSO.train.time", "PSO.n.support.vectors", "PSO.index", 
"PSO.n.solutions", "PSO.generations", "PSO.n.evaluations", "PSO.cpu.time", 
"RS.cost", "RS.gamma", "RS.data.balancing", "RS.feature.selection", 
"RS.valid.acc", "RS.test.acc", "RS.train.time", "RS.n.support.vectors", 
"RS.index", "RS.n.solutions", "RS.generations", "RS.n.evaluations", 
"RS.cpu.time", "DF.cost", "DF.gamma", "DF.data.balancing", "DF.feature.selection", 
"DF.valid.acc", "DF.test.acc", "DF.train.time", "DF.n.support.vectors", 
"DF.index", "DF.n.solutions", "DF.generations", "DF.n.evaluations", 
"DF.cpu.time")))
