full <-
structure(c(50, 55, 60, 65, 70, 75, 80, 85, 90, 95, 100, 5.91342, 
11.44791, 3.62159, 2.92454, 11.42115, 14.31776, 7.72593, 14.86616, 
10.45349, 7.02516, 5.91899, -6.26909, -7.63246, -2.50935, -2.73705, 
-10.32813, -11.98354, -10.49848, -12.63662, -13.74744, -4.60147, 
-4.97534, 0, 0, 0, 0, 0, 0, 0, 0, 0, 0, 0, 0, 0, 0, 0, 0, 0, 
0, 0, 0, 0, 0, 0.60333, 0.61381, 0.58333, 0.63095, 0.51786, 0.54544, 
0.50556, 0.53101, 0.49253, 0.53131, 0.52773, 0.56667, 0.51762, 
0.5381, 0.56488, 0.48313, 0.5629, 0.48417, 0.52121, 0.47434, 
0.5254, 0.49288, 0.011, 0.0141, 0.0113, 0.0119, 0.0138, 0.0184, 
0.0124, 0.019, 0.0125, 0.0162, 0.0148, 37.8, 41.3, 47.2, 53, 
54.8, 59, 70.5, 69.8, 78.6, 75.9, 78.1, 208, 1393, 135, 195, 
332, 102, 52, 112, 686, 314, 218, 458, 17, 142, 350, 85, 455, 
336, 1025, 41, 204, 79, 100, 100, 100, 100, 100, 100, 100, 100, 
100, 100, 100, 2500, 2500, 2500, 2500, 2500, 2500, 2500, 2500, 
2500, 2500, 2500, 6878.194, 6980.656, 7001.179, 6933.068, 7057.068, 
7096.158, 7043.42200000001, 7171.91500000001, 7054.23699999999, 
7257.632, 7155.61800000002, 5.9569, 14.70715, 7.31819, 3.421, 
11.17322, 13.29734, 10.45528, 14.86359, 9.43202, 6.01542, 6.0733, 
-6.01641, -9.26087, -3.87793, -3.1417, -10.08458, -11.36502, 
-13.16945, -13.07506, -12.33672, -4.24488, -3.57672, 0, 0, 0, 
0, 0, 0, 0, 0, 0, 0, 0, 0, 0, 0, 0, 0, 0, 0, 0, 0, 0, 0, 0.60333, 
0.61381, 0.58333, 0.63095, 0.51786, 0.54544, 0.50556, 0.53101, 
0.48455, 0.52131, 0.51939, 0.58333, 0.50095, 0.50893, 0.56488, 
0.48313, 0.5629, 0.49417, 0.52121, 0.47434, 0.50965, 0.4547, 
0.0112, 0.023, 0.0121, 0.0118, 0.0132, 0.015, 0.0121, 0.0168, 
0.0128, 0.0159, 0.0159, 37.5, 40.6, 45, 51.9, 54.8, 59.4, 70.4, 
69.7, 77.8, 76.5, 75.3, 194, 40, 315, 257, 674, 147, 167, 174, 
128, 190, 2247, 4, 4, 3, 7, 1, 2, 23, 10, 5, 5, 1, 100, 100, 
100, 100, 100, 100, 100, 100, 100, 100, 100, 2500, 2500, 2500, 
2500, 2500, 2500, 2500, 2500, 2500, 2500, 2500, 6958.031, 7018.476, 
6962.357, 7031.339, 7042.874, 7125.02099999999, 7098.96100000001, 
7119.01700000001, 7205.51699999999, 7213.50099999999, 7178.08799999999, 
1, 1, 1, 1, 1, 1, 1, 1, 1, 1, 1, 0.2, 0.2, 0.2, 0.2, 0.2, 0.2, 
0.2, 0.2, 0.2, 0.2, 0.2, 0, 0, 0, 0, 0, 0, 0, 0, 0, 0, 0, 0, 
0, 0, 0, 0, 0, 0, 0, 0, 0, 0, 0.47333, 0.56952, 0.47857, 0.55417, 
0.35337, 0.42976, 0.42611, 0.42121, 0.41364, 0.44884, 0.47773, 
0.49333, 0.45762, 0.46429, 0.5256, 0.425, 0.40893, 0.4025, 0.41545, 
0.45909, 0.42384, 0.47121, 0.0109, 0.0111, 0.0104, 0.0119, 0.0138, 
0.0121, 0.0125, 0.013, 0.0137, 0.0135, 0.0136, 42.7, 47.5, 51.6, 
57.4, 62.1, 66.6, 71.5, 76.1, 80.7, 84.9, 86, 1, 1, 1, 1, 1, 
1, 1, 1, 1, 1, 1, 1, 1, 1, 1, 1, 1, 1, 1, 1, 1, 1, 1, 1, 1, 1, 
1, 1, 1, 1, 1, 1, 1, 1, 1, 1, 1, 1, 1, 1, 1, 1, 1, 1, 2.841, 
2.896, 2.637, 2.927, 2.818, 2.753, 2.721, 2.888, 2.922, 2.762, 
2.938), .Dim = c(11L, 40L), .Dimnames = list(NULL, c("Sampling", 
"PSO.cost", "PSO.gamma", "PSO.data.balancing", "PSO.feature.selection", 
"PSO.valid.acc", "PSO.test.acc", "PSO.train.time", "PSO.n.support.vectors", 
"PSO.index", "PSO.n.solutions", "PSO.generations", "PSO.n.evaluations", 
"PSO.cpu.time", "RS.cost", "RS.gamma", "RS.data.balancing", "RS.feature.selection", 
"RS.valid.acc", "RS.test.acc", "RS.train.time", "RS.n.support.vectors", 
"RS.index", "RS.n.solutions", "RS.generations", "RS.n.evaluations", 
"RS.cpu.time", "DF.cost", "DF.gamma", "DF.data.balancing", "DF.feature.selection", 
"DF.valid.acc", "DF.test.acc", "DF.train.time", "DF.n.support.vectors", 
"DF.index", "DF.n.solutions", "DF.generations", "DF.n.evaluations", 
"DF.cpu.time")))
