full <-
structure(c(50, 55, 60, 65, 70, 75, 80, 85, 90, 95, 100, 3.03349, 
7.0951, 9.11058, 15, 9.06739, 14.40129, -0.47577, 11.1383, 11.51867, 
3.56731, 12.23988, -5.06447, -9.03536, -9.12593, -14.03764, -11.01319, 
-11.01106, -1.07655, -8.08187, -6.52681, -2.81937, -8.28372, 
0, 0, 0, 0, 0, 0, 0, 0, 0, 0, 0, 0, 0, 0, 0, 0, 0, 0, 0, 0, 0, 
0, 0.43, 0.50476, 0.5004, 0.51885, 0.53591, 0.52083, 0.48583, 
0.53566, 0.49389, 0.5502, 0.53576, 0.33667, 0.39286, 0.45179, 
0.48333, 0.50357, 0.47222, 0.42639, 0.45808, 0.48146, 0.55763, 
0.48273, 0.0105, 0.0109, 0.014, 0.0158, 0.0117, 0.0183, 0.0118, 
0.0201, 0.0309, 0.0139, 0.0262, 42, 46.4, 49.5, 50.3, 56.1, 59.3, 
72.2, 68.7, 72.3, 78.7, 76.2, 485, 108, 1163, 1521, 248, 496, 
1579, 150, 267, 643, 283, 38, 153, 24, 4, 141, 106, 9, 66, 72, 
86, 107, 100, 100, 100, 100, 100, 100, 100, 100, 100, 100, 100, 
2500, 2500, 2500, 2500, 2500, 2500, 2500, 2500, 2500, 2500, 2500, 
7137.086, 7813.619, 7704.864, 7490.514, 7298.151, 7434.258, 7361.166, 
7767.72100000001, 8041.05, 7493.99600000001, 7689.41500000001, 
3.43711, 12.7064, 8.93106, 10.91178, 9.68, 13.96071, -0.43077, 
7.94227, 10.93296, 3.33218, 9.83798, -5.24037, -14.35311, -8.97567, 
-9.33398, -11.54883, -10.76535, -1.08933, -4.32367, -6.27722, 
-2.66302, -7.02021, 0, 0, 0, 0, 0, 0, 0, 0, 0, 0, 0, 0, 0, 0, 
0, 0, 0, 0, 0, 0, 0, 0, 0.41333, 0.50476, 0.48929, 0.51647, 0.53591, 
0.52083, 0.48583, 0.52677, 0.48556, 0.5402, 0.53576, 0.37333, 
0.39286, 0.46429, 0.50833, 0.50357, 0.48472, 0.42639, 0.46455, 
0.47237, 0.55763, 0.51, 0.0109, 0.0131, 0.0114, 0.0134, 0.0128, 
0.0192, 0.0146, 0.0169, 0.0271, 0.0139, 0.0194, 41.5, 46.1, 49.3, 
51.3, 56, 59.3, 72.2, 66.1, 72.6, 78.9, 76.4, 1241, 488, 1253, 
71, 268, 2121, 725, 302, 621, 602, 103, 2, 9, 1, 21, 6, 1, 1, 
9, 1, 4, 4, 100, 100, 100, 100, 100, 100, 100, 100, 100, 100, 
100, 2500, 2500, 2500, 2500, 2500, 2500, 2500, 2500, 2500, 2500, 
2500, 7433.365, 7967.254, 7344.879, 7330.49200000001, 7410.833, 
7380.86600000001, 7424.374, 7597.56599999999, 7600.59599999999, 
7539.03099999999, 7602.61499999999, 1, 1, 1, 1, 1, 1, 1, 1, 1, 
1, 1, 0.2, 0.2, 0.2, 0.2, 0.2, 0.2, 0.2, 0.2, 0.2, 0.2, 0.2, 
0, 0, 0, 0, 0, 0, 0, 0, 0, 0, 0, 0, 0, 0, 0, 0, 0, 0, 0, 0, 0, 
0, 0.28, 0.37381, 0.3121, 0.4375, 0.4369, 0.42917, 0.41889, 0.46343, 
0.40551, 0.49071, 0.42985, 0.26, 0.30952, 0.39127, 0.3373, 0.38651, 
0.44028, 0.40639, 0.47232, 0.42535, 0.45126, 0.44545, 0.0105, 
0.0123, 0.0109, 0.0112, 0.0117, 0.0117, 0.0125, 0.0122, 0.013, 
0.0133, 0.0143, 43, 48.2, 53.3, 57.7, 62.3, 66.8, 71, 75.6, 81.2, 
84.2, 85.4, 1, 1, 1, 1, 1, 1, 1, 1, 1, 1, 1, 1, 1, 1, 1, 1, 1, 
1, 1, 1, 1, 1, 1, 1, 1, 1, 1, 1, 1, 1, 1, 1, 1, 1, 1, 1, 1, 1, 
1, 1, 1, 1, 1, 1, 2.788, 3.132, 2.998, 2.853, 2.998, 2.774, 3.144, 
2.883, 2.861, 2.961, 3.094), .Dim = c(11L, 40L), .Dimnames = list(
    NULL, c("Sampling", "PSO.cost", "PSO.gamma", "PSO.data.balancing", 
    "PSO.feature.selection", "PSO.valid.acc", "PSO.test.acc", 
    "PSO.train.time", "PSO.n.support.vectors", "PSO.index", "PSO.n.solutions", 
    "PSO.generations", "PSO.n.evaluations", "PSO.cpu.time", "RS.cost", 
    "RS.gamma", "RS.data.balancing", "RS.feature.selection", 
    "RS.valid.acc", "RS.test.acc", "RS.train.time", "RS.n.support.vectors", 
    "RS.index", "RS.n.solutions", "RS.generations", "RS.n.evaluations", 
    "RS.cpu.time", "DF.cost", "DF.gamma", "DF.data.balancing", 
    "DF.feature.selection", "DF.valid.acc", "DF.test.acc", "DF.train.time", 
    "DF.n.support.vectors", "DF.index", "DF.n.solutions", "DF.generations", 
    "DF.n.evaluations", "DF.cpu.time")))
