full <-
structure(c(50, 55, 60, 65, 70, 75, 80, 85, 90, 95, 100, 4.98414, 
7.53033, 14.25883, 3.01315, 14.96194, 7.11414, 14.92664, 5.20209, 
10.46063, 15, 14.25368, -9.34296, -13.69644, -15, -5.22056, -12.6654, 
-8.46809, -9.91808, -6.21487, -8.58363, -12.59467, -12.6878, 
0, 0, 0, 0, 0, 0, 0, 0, 0, 0, 0, 0, 0, 0, 0, 0, 0, 0, 0, 0, 0, 
0, 0.53, 0.54048, 0.55417, 0.50893, 0.56944, 0.50675, 0.58611, 
0.56283, 0.5149, 0.50652, 0.55939, 0.44667, 0.49048, 0.52381, 
0.46786, 0.50833, 0.48631, 0.555, 0.4979, 0.46818, 0.49136, 0.5203, 
0.0061, 0.0062, 0.0082, 0.0077, 0.0112, 0.0081, 0.0191, 0.0078, 
0.011, 0.0146, 0.0131, 43.3, 48.7, 45.2, 53.9, 54.4, 62.5, 63.8, 
71.8, 74.3, 76.2, 77.4, 111, 608, 91, 795, 202, 111, 18, 186, 
1867, 76, 8, 57, 17, 325, 85, 514, 357, 208, 401, 5, 1593, 638, 
100, 100, 100, 100, 100, 100, 100, 100, 100, 100, 100, 2500, 
2500, 2500, 2500, 2500, 2500, 2500, 2500, 2500, 2500, 2500, 5987.526, 
5951.891, 8664.45, 8658.211, 8760.95, 8678.568, 8763.12800000001, 
5920.30500000001, 8836.59299999999, 8655.054, 8686.11199999999, 
6.14608, 2.48797, 12.63861, 3.17863, 14.77112, 4.92273, 10.10578, 
5.38343, 6.12401, 14.00091, 13.63255, -10.54148, -8.616, -13.53159, 
-5.39401, -12.48, -6.63453, -7.46891, -6.29119, -4.98679, -12.46082, 
-12.35114, 0, 0, 0, 0, 0, 0, 0, 0, 0, 0, 0, 0, 0, 0, 0, 0, 0, 
0, 0, 0, 0, 0, 0.53, 0.54048, 0.55417, 0.50893, 0.56944, 0.50675, 
0.58611, 0.56283, 0.50838, 0.50652, 0.55939, 0.44667, 0.49048, 
0.52381, 0.48036, 0.52083, 0.47381, 0.555, 0.48881, 0.45929, 
0.48136, 0.5203, 0.0059, 0.0063, 0.0077, 0.0077, 0.0099, 0.008, 
0.0102, 0.0075, 0.0095, 0.0125, 0.012, 43.3, 48.7, 45.8, 54.1, 
54.3, 62.5, 64.1, 71.6, 73.5, 76.6, 76.9, 263, 834, 21, 1237, 
1249, 207, 4, 337, 1629, 21, 594, 4, 1, 16, 1, 4, 11, 36, 2, 
2, 11, 5, 100, 100, 100, 100, 100, 100, 100, 100, 100, 100, 100, 
2500, 2500, 2500, 2500, 2500, 2500, 2500, 2500, 2500, 2500, 2500, 
5923.205, 5969.234, 8675.736, 8707.873, 8824.675, 8701.61099999999, 
7155.30099999999, 6040.708, 8669.31199999999, 8624.53699999998, 
8656.954, 1, 1, 1, 1, 1, 1, 1, 1, 1, 1, 1, 0.2, 0.2, 0.2, 0.2, 
0.2, 0.2, 0.2, 0.2, 0.2, 0.2, 0.2, 0, 0, 0, 0, 0, 0, 0, 0, 0, 
0, 0, 0, 0, 0, 0, 0, 0, 0, 0, 0, 0, 0, 0.44667, 0.4119, 0.46905, 
0.43929, 0.50694, 0.40119, 0.49917, 0.48124, 0.46742, 0.43303, 
0.46045, 0.41833, 0.42619, 0.52321, 0.44107, 0.53194, 0.41369, 
0.49917, 0.45063, 0.44056, 0.46879, 0.44879, 0.0062, 0.0061, 
0.0075, 0.0077, 0.0078, 0.008, 0.0073, 0.0076, 0.0087, 0.0089, 
0.0088, 43.5, 47.6, 52.3, 56.7, 61.7, 66.9, 71.7, 76.4, 81.1, 
85.3, 85.5, 1, 1, 1, 1, 1, 1, 1, 1, 1, 1, 1, 1, 1, 1, 1, 1, 1, 
1, 1, 1, 1, 1, 1, 1, 1, 1, 1, 1, 1, 1, 1, 1, 1, 1, 1, 1, 1, 1, 
1, 1, 1, 1, 1, 1, 2.315, 2.428, 3.48, 3.54, 3.617, 3.597, 2.308, 
2.416, 3.36, 3.366, 3.406), .Dim = c(11L, 40L), .Dimnames = list(
    NULL, c("Sampling", "PSO.cost", "PSO.gamma", "PSO.data.balancing", 
    "PSO.feature.selection", "PSO.valid.acc", "PSO.test.acc", 
    "PSO.train.time", "PSO.n.support.vectors", "PSO.index", "PSO.n.solutions", 
    "PSO.generations", "PSO.n.evaluations", "PSO.cpu.time", "RS.cost", 
    "RS.gamma", "RS.data.balancing", "RS.feature.selection", 
    "RS.valid.acc", "RS.test.acc", "RS.train.time", "RS.n.support.vectors", 
    "RS.index", "RS.n.solutions", "RS.generations", "RS.n.evaluations", 
    "RS.cpu.time", "DF.cost", "DF.gamma", "DF.data.balancing", 
    "DF.feature.selection", "DF.valid.acc", "DF.test.acc", "DF.train.time", 
    "DF.n.support.vectors", "DF.index", "DF.n.solutions", "DF.generations", 
    "DF.n.evaluations", "DF.cpu.time")))
