full <-
structure(c(50, 55, 60, 65, 70, 75, 80, 85, 90, 95, 100, 0.56608, 
8.00182, 6.86421, 3.74536, 15, -0.45571, 14.82586, 6.57337, 8.57393, 
11.87085, 5.35429, 1.7054, -7.57836, -6.18117, -3.95529, -11.26385, 
-3.40516, -9.36553, -4.23993, -6.63167, -6.70335, -3.53113, 0, 
0, 0, 0, 0, 0, 0, 0, 0, 0, 0, 0, 0, 0, 0, 0, 0, 0, 0, 0, 0, 0, 
0.67667, 0.62667, 0.59365, 0.58452, 0.56964, 0.51944, 0.54889, 
0.62606, 0.55869, 0.56364, 0.56268, 0.64, 0.5719, 0.51429, 0.59524, 
0.49286, 0.50833, 0.45944, 0.60788, 0.49212, 0.53273, 0.49192, 
0.0111, 0.0121, 0.0128, 0.0122, 0.0191, 0.0128, 0.0285, 0.0141, 
0.0152, 0.0357, 0.0151, 43.6, 40.2, 44, 51.9, 52.9, 67.3, 63.1, 
67.5, 72.8, 74.2, 77.5, 1779, 113, 610, 2488, 371, 2026, 2184, 
1075, 349, 1278, 580, 22, 327, 57, 1, 222, 2, 1, 42, 42, 43, 
43, 100, 100, 100, 100, 100, 100, 100, 100, 100, 100, 100, 2500, 
2500, 2500, 2500, 2500, 2500, 2500, 2500, 2500, 2500, 2500, 8039.141, 
8707.985, 8638.952, 8539.834, 8366.78600000001, 8473.678, 8350.15399999999, 
8178.359, 8120.609, 8397.44200000001, 8005.49799999999, 5.61097, 
9.54964, 7.1768, -0.64974, 10.02428, -1.0915, 6.683, 4.96082, 
5.59976, 11.67033, 5.9409, 1.69525, -8.19141, -6.3848, -0.94249, 
-8.89823, -2.73861, -5.0794, -3.51937, -5.17084, -6.52456, -3.82944, 
0, 0, 0, 0, 0, 0, 0, 0, 0, 0, 0, 0, 0, 0, 0, 0, 0, 0, 0, 0, 0, 
0, 0.66, 0.62667, 0.59365, 0.57917, 0.56964, 0.51667, 0.54028, 
0.60495, 0.55869, 0.55364, 0.55434, 0.64, 0.60524, 0.51429, 0.53631, 
0.50536, 0.48611, 0.48306, 0.59677, 0.50212, 0.54182, 0.48434, 
0.0119, 0.013, 0.0119, 0.0124, 0.013, 0.0121, 0.0134, 0.0137, 
0.0143, 0.0328, 0.0152, 43.6, 39.7, 44.1, 57.5, 53.5, 67.3, 63.3, 
68.4, 74, 74.2, 77, 3, 37, 449, 314, 122, 1901, 1314, 1612, 1930, 
760, 2489, 29, 9, 2, 2, 9, 1, 2, 1, 1, 1, 1, 100, 100, 100, 100, 
100, 100, 100, 100, 100, 100, 100, 2500, 2500, 2500, 2500, 2500, 
2500, 2500, 2500, 2500, 2500, 2500, 8469.514, 8657.783, 8609.46999999999, 
8468.499, 8275.488, 8278.663, 8069.07800000001, 7949.841, 7894.77900000001, 
8103.64999999999, 8211.867, 1, 1, 1, 1, 1, 1, 1, 1, 1, 1, 1, 
0.2, 0.2, 0.2, 0.2, 0.2, 0.2, 0.2, 0.2, 0.2, 0.2, 0.2, 0, 0, 
0, 0, 0, 0, 0, 0, 0, 0, 0, 0, 0, 0, 0, 0, 0, 0, 0, 0, 0, 0, 0.56667, 
0.5719, 0.48651, 0.53988, 0.48036, 0.48333, 0.48444, 0.4603, 
0.51232, 0.48788, 0.46343, 0.58333, 0.55762, 0.50556, 0.5256, 
0.45536, 0.48472, 0.47444, 0.48051, 0.4801, 0.48712, 0.43894, 
0.0126, 0.0127, 0.0117, 0.0119, 0.0118, 0.0121, 0.0121, 0.0133, 
0.013, 0.0139, 0.0135, 40.7, 46.4, 50.5, 56.5, 60.7, 65.9, 71.3, 
75.5, 80.5, 84, 85.8, 1, 1, 1, 1, 1, 1, 1, 1, 1, 1, 1, 1, 1, 
1, 1, 1, 1, 1, 1, 1, 1, 1, 1, 1, 1, 1, 1, 1, 1, 1, 1, 1, 1, 1, 
1, 1, 1, 1, 1, 1, 1, 1, 1, 1, 3.267, 3.451, 3.536, 3.439, 3.082, 
3.285, 3.215, 3.266, 3.154, 3.302, 3.15), .Dim = c(11L, 40L), .Dimnames = list(
    NULL, c("Sampling", "PSO.cost", "PSO.gamma", "PSO.data.balancing", 
    "PSO.feature.selection", "PSO.valid.acc", "PSO.test.acc", 
    "PSO.train.time", "PSO.n.support.vectors", "PSO.index", "PSO.n.solutions", 
    "PSO.generations", "PSO.n.evaluations", "PSO.cpu.time", "RS.cost", 
    "RS.gamma", "RS.data.balancing", "RS.feature.selection", 
    "RS.valid.acc", "RS.test.acc", "RS.train.time", "RS.n.support.vectors", 
    "RS.index", "RS.n.solutions", "RS.generations", "RS.n.evaluations", 
    "RS.cpu.time", "DF.cost", "DF.gamma", "DF.data.balancing", 
    "DF.feature.selection", "DF.valid.acc", "DF.test.acc", "DF.train.time", 
    "DF.n.support.vectors", "DF.index", "DF.n.solutions", "DF.generations", 
    "DF.n.evaluations", "DF.cpu.time")))
