full <-
structure(c(50, 55, 60, 65, 70, 75, 80, 85, 90, 95, 100, 13.11503, 
10.85868, 6.26765, 2.78571, 0.68883, 1.55165, 3.111, 6.42975, 
6.96937, 14.86356, 15, -13.59543, -9.56732, -6.60236, -5.23785, 
-2.56796, -2.96829, -3.71431, -4.78976, -3.98653, -15, -12.09215, 
0, 0, 0, 0, 0, 0, 0, 0, 0, 0, 0, 0, 0, 0, 0, 0, 0, 0, 0, 0, 0, 
0, 0.53643, 0.46762, 0.53214, 0.50774, 0.53036, 0.57917, 0.59321, 
0.54384, 0.54545, 0.53157, 0.55753, 0.54643, 0.39619, 0.4994, 
0.42738, 0.54008, 0.56167, 0.48671, 0.49828, 0.47636, 0.48131, 
0.50177, 0.0123, 0.0122, 0.0117, 0.0115, 0.012, 0.0122, 0.0124, 
0.0146, 0.0159, 0.0183, 0.0249, 41.2, 44.1, 46.5, 56, 60.8, 64.9, 
66.2, 64.6, 70, 76.9, 76.9, 113, 171, 577, 270, 564, 554, 386, 
656, 224, 83, 302, 36, 242, 131, 59, 96, 546, 775, 14, 159, 281, 
162, 100, 100, 100, 100, 100, 100, 100, 100, 100, 100, 100, 2500, 
2500, 2500, 2500, 2500, 2500, 2500, 2500, 2500, 2500, 2500, 7439.55, 
7466.35, 7285.917, 7305.716, 7340.09499999999, 7261.568, 7406.07999999999, 
7436.79299999999, 10744.344, 11465.509, 11611.988, 6.9777, 3.66939, 
6.29324, 0.59113, 8.69563, 1.73015, 1.3904, 7.20307, 7.0776, 
9.75744, 5.77763, -7.82564, -4.11927, -6.65408, -1.96309, -7.24533, 
-3.03116, -2.4607, -5.44667, -4.0066, -9.86749, -7.19429, 0, 
0, 0, 0, 0, 0, 0, 0, 0, 0, 0, 0, 0, 0, 0, 0, 0, 0, 0, 0, 0, 0, 
0.53643, 0.48381, 0.53214, 0.51488, 0.52897, 0.56806, 0.59115, 
0.54273, 0.54545, 0.52323, 0.56308, 0.54071, 0.41286, 0.4994, 
0.47024, 0.51329, 0.54917, 0.53893, 0.47828, 0.47636, 0.43737, 
0.49525, 0.0109, 0.0114, 0.012, 0.0116, 0.0135, 0.012, 0.0122, 
0.0147, 0.02, 0.0174, 0.0163, 41.4, 44.7, 46.5, 56.5, 55.4, 64.7, 
68.4, 65.1, 70.4, 76.7, 79.6, 733, 313, 784, 2281, 2497, 2073, 
2128, 378, 1835, 2105, 1007, 3, 2, 1, 1, 1, 2, 1, 5, 1, 1, 1, 
100, 100, 100, 100, 100, 100, 100, 100, 100, 100, 100, 2500, 
2500, 2500, 2500, 2500, 2500, 2500, 2500, 2500, 2500, 2500, 7452.489, 
7272.429, 7294.711, 7361.931, 7281.65300000001, 7220.92999999999, 
7438.431, 7434.78300000001, 11604.489, 11475.728, 11442.8, 1, 
1, 1, 1, 1, 1, 1, 1, 1, 1, 1, 0.2, 0.2, 0.2, 0.2, 0.2, 0.2, 0.2, 
0.2, 0.2, 0.2, 0.2, 0, 0, 0, 0, 0, 0, 0, 0, 0, 0, 0, 0, 0, 0, 
0, 0, 0, 0, 0, 0, 0, 0, 0.39571, 0.40762, 0.46429, 0.45952, 0.50536, 
0.52083, 0.53754, 0.44697, 0.44545, 0.45379, 0.48263, 0.45571, 
0.48238, 0.46429, 0.44167, 0.51825, 0.50444, 0.50671, 0.4503, 
0.44727, 0.40985, 0.46631, 0.0105, 0.0111, 0.0112, 0.0115, 0.0115, 
0.012, 0.0125, 0.0137, 0.0163, 0.0158, 0.0175, 42.5, 48.1, 52.5, 
57.6, 61.4, 66.5, 70.1, 75.2, 80.6, 85.3, 85.9, 1, 1, 1, 1, 1, 
1, 1, 1, 1, 1, 1, 1, 1, 1, 1, 1, 1, 1, 1, 1, 1, 1, 1, 1, 1, 1, 
1, 1, 1, 1, 1, 1, 1, 1, 1, 1, 1, 1, 1, 1, 1, 1, 1, 1, 3, 2.964, 
2.959, 2.88, 2.936, 2.832, 2.814, 3.028, 4.644, 4.607, 4.637), .Dim = c(11L, 
40L), .Dimnames = list(NULL, c("Sampling", "PSO.cost", "PSO.gamma", 
"PSO.data.balancing", "PSO.feature.selection", "PSO.valid.acc", 
"PSO.test.acc", "PSO.train.time", "PSO.n.support.vectors", "PSO.index", 
"PSO.n.solutions", "PSO.generations", "PSO.n.evaluations", "PSO.cpu.time", 
"RS.cost", "RS.gamma", "RS.data.balancing", "RS.feature.selection", 
"RS.valid.acc", "RS.test.acc", "RS.train.time", "RS.n.support.vectors", 
"RS.index", "RS.n.solutions", "RS.generations", "RS.n.evaluations", 
"RS.cpu.time", "DF.cost", "DF.gamma", "DF.data.balancing", "DF.feature.selection", 
"DF.valid.acc", "DF.test.acc", "DF.train.time", "DF.n.support.vectors", 
"DF.index", "DF.n.solutions", "DF.generations", "DF.n.evaluations", 
"DF.cpu.time")))
