full <-
structure(c(50, 55, 60, 65, 70, 75, 80, 85, 90, 95, 100, 9.66508, 
8.3757, 6.3023, 3.73881, 8.70418, 5.61395, 14.93989, 12.92274, 
5.40923, 8.38836, 15, -12.71446, -7.47259, -5.67566, -6.04189, 
-6.37627, -5.61512, -9.28259, -5.9492, -3.14435, -5.21585, -12.83802, 
0, 0, 0, 0, 0, 0, 0, 0, 0, 0, 0, 0, 0, 0, 0, 0, 0, 0, 0, 0, 0, 
0, 0.53167, 0.55143, 0.6, 0.52738, 0.55595, 0.49583, 0.52028, 
0.47364, 0.48379, 0.51556, 0.50076, 0.46167, 0.49429, 0.55, 0.46905, 
0.50556, 0.47083, 0.47722, 0.40798, 0.43379, 0.4703, 0.45364, 
0.0121, 0.012, 0.0118, 0.0116, 0.0169, 0.0135, 0.0432, 0.0594, 
0.0141, 0.0183, 0.0194, 41.8, 42.2, 47.6, 55.4, 55.4, 63.6, 64.3, 
67.4, 71.9, 75.9, 75.6, 286, 171, 105, 2164, 1552, 2428, 357, 
956, 1072, 393, 259, 95, 72, 161, 5, 2, 1, 84, 56, 39, 112, 460, 
100, 100, 100, 100, 100, 100, 100, 100, 100, 100, 100, 2500, 
2500, 2500, 2500, 2500, 2500, 2500, 2500, 2500, 2500, 2500, 6990.564, 
7016.862, 7065.716, 7018.322, 7062.922, 7235.55, 7465.466, 7530.22199999999, 
7011.137, 7003.95199999999, 7015.30800000002, 3.76611, 9.09035, 
7.22685, 4.28971, 13.71462, 11.12822, 9.74616, 12.72462, 5.30432, 
8.51135, 14.79717, -6.80724, -7.31361, -6.08904, -3.2942, -9.99756, 
-8.58407, -6.6467, -5.92833, -3.10282, -5.36991, -12.64677, 0, 
0, 0, 0, 0, 0, 0, 0, 0, 0, 0, 0, 0, 0, 0, 0, 0, 0, 0, 0, 0, 0, 
0.53167, 0.54571, 0.6, 0.52242, 0.54306, 0.48333, 0.52028, 0.45545, 
0.48379, 0.50722, 0.50076, 0.47833, 0.47667, 0.53333, 0.4248, 
0.48472, 0.48194, 0.46611, 0.42596, 0.43379, 0.4703, 0.45364, 
0.0102, 0.0118, 0.015, 0.0113, 0.019, 0.0159, 0.0183, 0.049, 
0.0138, 0.019, 0.02, 41.9, 41.8, 47.2, 52.5, 53.6, 60.8, 64.4, 
66.9, 71.9, 75.7, 75.8, 717, 793, 1159, 2430, 141, 1026, 105, 
96, 885, 150, 929, 4, 1, 4, 1, 10, 1, 4, 3, 1, 3, 1, 100, 100, 
100, 100, 100, 100, 100, 100, 100, 100, 100, 2500, 2500, 2500, 
2500, 2500, 2500, 2500, 2500, 2500, 2500, 2500, 6999.355, 6950.612, 
7052.844, 7065.245, 7088.482, 7166.148, 7173.629, 6979.406, 7017.97100000001, 
6996.516, 6993.93300000002, 1, 1, 1, 1, 1, 1, 1, 1, 1, 1, 1, 
0.2, 0.2, 0.2, 0.2, 0.2, 0.2, 0.2, 0.2, 0.2, 0.2, 0.2, 0, 0, 
0, 0, 0, 0, 0, 0, 0, 0, 0, 0, 0, 0, 0, 0, 0, 0, 0, 0, 0, 0, 0.39667, 
0.46476, 0.45893, 0.42163, 0.50238, 0.47361, 0.44222, 0.38485, 
0.44288, 0.46106, 0.41045, 0.42833, 0.46, 0.4881, 0.40496, 0.42321, 
0.44722, 0.36778, 0.40283, 0.43212, 0.43253, 0.45515, 0.0108, 
0.0111, 0.0109, 0.0112, 0.0116, 0.013, 0.0123, 0.0126, 0.013, 
0.0131, 0.0133, 43.7, 48.2, 52, 57, 61.4, 67, 71.5, 75.8, 80.7, 
85.6, 85.4, 1, 1, 1, 1, 1, 1, 1, 1, 1, 1, 1, 1, 1, 1, 1, 1, 1, 
1, 1, 1, 1, 1, 1, 1, 1, 1, 1, 1, 1, 1, 1, 1, 1, 1, 1, 1, 1, 1, 
1, 1, 1, 1, 1, 1, 2.779, 2.741, 2.861, 2.673, 2.8, 3.042, 2.853, 
2.818, 2.865, 2.691, 2.764), .Dim = c(11L, 40L), .Dimnames = list(
    NULL, c("Sampling", "PSO.cost", "PSO.gamma", "PSO.data.balancing", 
    "PSO.feature.selection", "PSO.valid.acc", "PSO.test.acc", 
    "PSO.train.time", "PSO.n.support.vectors", "PSO.index", "PSO.n.solutions", 
    "PSO.generations", "PSO.n.evaluations", "PSO.cpu.time", "RS.cost", 
    "RS.gamma", "RS.data.balancing", "RS.feature.selection", 
    "RS.valid.acc", "RS.test.acc", "RS.train.time", "RS.n.support.vectors", 
    "RS.index", "RS.n.solutions", "RS.generations", "RS.n.evaluations", 
    "RS.cpu.time", "DF.cost", "DF.gamma", "DF.data.balancing", 
    "DF.feature.selection", "DF.valid.acc", "DF.test.acc", "DF.train.time", 
    "DF.n.support.vectors", "DF.index", "DF.n.solutions", "DF.generations", 
    "DF.n.evaluations", "DF.cpu.time")))
