full <-
structure(c(50, 55, 60, 65, 70, 75, 80, 85, 90, 95, 100, 14.36469, 
3.58664, 9.2858, 5.10995, 3.99011, 1.99573, 5.96003, 5.39937, 
15, 10.65237, 7.11756, -7.71513, -5.28894, -6.89219, -3.00895, 
-4.34173, -4.49065, -4.106, -4.17849, -9.26192, -11.89716, -4.54316, 
0, 0, 0, 0, 0, 0, 0, 0, 0, 0, 0, 0, 0, 0, 0, 0, 0, 0, 0, 0, 0, 
0, 0.55048, 0.5519, 0.56548, 0.50218, 0.53889, 0.5375, 0.54722, 
0.57404, 0.54798, 0.51727, 0.57545, 0.50619, 0.45333, 0.47917, 
0.47679, 0.50099, 0.45139, 0.48, 0.53154, 0.53763, 0.49621, 0.50182, 
0.0229, 0.0122, 0.014, 0.0134, 0.0135, 0.013, 0.0155, 0.0146, 
0.0594, 0.0201, 0.0219, 34.7, 45.8, 46.5, 50.6, 56.5, 65.4, 64.1, 
69.7, 71, 78, 77, 142, 854, 107, 72, 332, 636, 352, 88, 100, 
372, 863, 156, 45, 93, 73, 161, 73, 97, 210, 184, 33, 154, 100, 
100, 100, 100, 100, 100, 100, 100, 100, 100, 100, 2500, 2500, 
2500, 2500, 2500, 2500, 2500, 2500, 2500, 2500, 2500, 8351.446, 
8106.264, 8225.45, 8322.478, 8274.175, 8294.11499999999, 8543.92599999999, 
8353.117, 14032.194, 12487.003, 12642.796, 7.80621, 3.2366, 11.58144, 
7.18004, 3.61706, 2.58614, 6.81839, 2.14275, 11.83064, 1.85984, 
7.11113, -4.27371, -5.07885, -8.13548, -3.87442, -4.14712, -4.56497, 
-4.53249, -2.4432, -7.69469, -6.35687, -4.45213, 0, 0, 0, 0, 
0, 0, 0, 0, 0, 0, 0, 0, 0, 0, 0, 0, 0, 0, 0, 0, 0, 0, 0.53381, 
0.53524, 0.54881, 0.50218, 0.53889, 0.52639, 0.54833, 0.58293, 
0.54798, 0.51773, 0.55803, 0.59048, 0.45333, 0.46488, 0.46984, 
0.51528, 0.46389, 0.48, 0.52043, 0.52854, 0.48136, 0.49258, 0.0133, 
0.0121, 0.0157, 0.0141, 0.0134, 0.0132, 0.0159, 0.0141, 0.0322, 
0.0184, 0.0207, 35.7, 45.9, 46.1, 48.6, 56.8, 64.5, 63.8, 72.5, 
71.3, 85.7, 77, 669, 804, 38, 595, 356, 793, 1016, 200, 114, 
59, 403, 5, 2, 7, 1, 1, 2, 1, 1, 5, 1, 2, 100, 100, 100, 100, 
100, 100, 100, 100, 100, 100, 100, 2500, 2500, 2500, 2500, 2500, 
2500, 2500, 2500, 2500, 2500, 2500, 8061.394, 8061.748, 8166.293, 
8294.66699999999, 8218.747, 8457.894, 8457.614, 8604.261, 12999.859, 
12539.198, 12471.433, 1, 1, 1, 1, 1, 1, 1, 1, 1, 1, 1, 0.2, 0.2, 
0.2, 0.2, 0.2, 0.2, 0.2, 0.2, 0.2, 0.2, 0.2, 0, 0, 0, 0, 0, 0, 
0, 0, 0, 0, 0, 0, 0, 0, 0, 0, 0, 0, 0, 0, 0, 0, 0.43476, 0.42095, 
0.45536, 0.38671, 0.44127, 0.47917, 0.42667, 0.45114, 0.43258, 
0.44591, 0.41864, 0.43952, 0.42, 0.42917, 0.43333, 0.40476, 0.46667, 
0.4575, 0.47023, 0.46106, 0.46318, 0.49167, 0.012, 0.0132, 0.0127, 
0.0129, 0.0127, 0.0133, 0.0135, 0.0179, 0.0186, 0.02, 0.0168, 
42.8, 47.7, 52.2, 57.1, 61.6, 66.9, 71.7, 75.9, 80.8, 85.3, 86, 
1, 1, 1, 1, 1, 1, 1, 1, 1, 1, 1, 1, 1, 1, 1, 1, 1, 1, 1, 1, 1, 
1, 1, 1, 1, 1, 1, 1, 1, 1, 1, 1, 1, 1, 1, 1, 1, 1, 1, 1, 1, 1, 
1, 1, 3.292, 3.422, 3.422, 3.29, 3.234, 3.281, 3.333, 5.313, 
4.938, 5.562, 4.477), .Dim = c(11L, 40L), .Dimnames = list(NULL, 
    c("Sampling", "PSO.cost", "PSO.gamma", "PSO.data.balancing", 
    "PSO.feature.selection", "PSO.valid.acc", "PSO.test.acc", 
    "PSO.train.time", "PSO.n.support.vectors", "PSO.index", "PSO.n.solutions", 
    "PSO.generations", "PSO.n.evaluations", "PSO.cpu.time", "RS.cost", 
    "RS.gamma", "RS.data.balancing", "RS.feature.selection", 
    "RS.valid.acc", "RS.test.acc", "RS.train.time", "RS.n.support.vectors", 
    "RS.index", "RS.n.solutions", "RS.generations", "RS.n.evaluations", 
    "RS.cpu.time", "DF.cost", "DF.gamma", "DF.data.balancing", 
    "DF.feature.selection", "DF.valid.acc", "DF.test.acc", "DF.train.time", 
    "DF.n.support.vectors", "DF.index", "DF.n.solutions", "DF.generations", 
    "DF.n.evaluations", "DF.cpu.time")))
