full <-
structure(c(50, 55, 60, 65, 70, 75, 80, 85, 90, 95, 100, 3.92201, 
7.55677, 12.27874, 10.40931, 5.88691, 15, 13.84899, 12.44744, 
6.50638, 4.84466, 8.41109, -5.75316, -11.12396, -10.51473, -9.7857, 
-9.08652, -9.13708, -7.86883, -7.0748, -6.70207, -5.84657, -10.96739, 
0, 0, 0, 0, 0, 0, 0, 0, 0, 0, 0, 0, 0, 0, 0, 0, 0, 0, 0, 0, 0, 
0, 0.5, 0.51429, 0.46488, 0.48452, 0.44901, 0.4523, 0.4825, 0.49889, 
0.54485, 0.55667, 0.52818, 0.53333, 0.46429, 0.43571, 0.43095, 
0.45377, 0.43325, 0.40278, 0.45848, 0.48667, 0.4903, 0.49894, 
0.0118, 0.0121, 0.0158, 0.0143, 0.0143, 0.0436, 0.0386, 0.0341, 
0.0158, 0.0155, 0.0154, 42.4, 47.4, 50.5, 53.6, 59.3, 60.7, 63.4, 
67, 73.7, 78.9, 81.1, 351, 63, 103, 64, 40, 265, 94, 412, 2332, 
666, 287, 47, 283, 1234, 784, 118, 159, 138, 84, 1, 230, 106, 
100, 100, 100, 100, 100, 100, 100, 100, 100, 100, 100, 2500, 
2500, 2500, 2500, 2500, 2500, 2500, 2500, 2500, 2500, 2500, 8211.124, 
8226.99, 8257.193, 8393.669, 8329.795, 8678.629, 9048.345, 9366.428, 
8623.573, 8280.42300000001, 8286.05799999999, 4.81516, 6.69097, 
14.18755, 6.49336, 6.59847, 14.37074, 3.58705, 5.98646, 6.73215, 
4.50236, 9.67637, -6.19791, -9.66436, -11.52387, -7.02109, -9.7745, 
-8.84378, -3.04128, -4.27833, -6.81865, -5.57575, -12.216, 0, 
0, 0, 0, 0, 0, 0, 0, 0, 0, 0, 0, 0, 0, 0, 0, 0, 0, 0, 0, 0, 0, 
0.5, 0.51429, 0.46488, 0.49702, 0.44901, 0.4523, 0.47639, 0.51202, 
0.54485, 0.54758, 0.52818, 0.51667, 0.51429, 0.43571, 0.48095, 
0.45377, 0.43325, 0.46111, 0.45556, 0.48667, 0.48197, 0.49894, 
0.0118, 0.0126, 0.0178, 0.0144, 0.0141, 0.0375, 0.0141, 0.0155, 
0.0151, 0.0152, 0.0156, 42, 46.9, 50.2, 54.1, 59.2, 60.7, 66.8, 
69.1, 73.7, 79, 81.2, 131, 216, 196, 760, 1716, 884, 679, 1447, 
1998, 921, 1208, 5, 31, 47, 2, 2, 1, 2, 3, 1, 1, 3, 100, 100, 
100, 100, 100, 100, 100, 100, 100, 100, 100, 2500, 2500, 2500, 
2500, 2500, 2500, 2500, 2500, 2500, 2500, 2500, 8232.816, 8200.202, 
8290.642, 8503.761, 8255.705, 8548.49500000001, 8518.47500000001, 
8576.64499999999, 8316.69499999998, 8485.90599999999, 8392.89000000001, 
1, 1, 1, 1, 1, 1, 1, 1, 1, 1, 1, 0.2, 0.2, 0.2, 0.2, 0.2, 0.2, 
0.2, 0.2, 0.2, 0.2, 0.2, 0, 0, 0, 0, 0, 0, 0, 0, 0, 0, 0, 0, 
0, 0, 0, 0, 0, 0, 0, 0, 0, 0, 0.44333, 0.41667, 0.35536, 0.37262, 
0.34643, 0.38159, 0.39917, 0.40515, 0.46869, 0.48288, 0.48258, 
0.42, 0.46429, 0.39048, 0.39762, 0.34464, 0.42504, 0.38806, 0.45646, 
0.42141, 0.43061, 0.45515, 0.0111, 0.0126, 0.0133, 0.0134, 0.0142, 
0.0143, 0.0144, 0.0147, 0.0145, 0.0147, 0.0153, 43.9, 48.7, 53.5, 
57.3, 61.2, 67.1, 71.4, 75.7, 80.4, 85.4, 85.8, 1, 1, 1, 1, 1, 
1, 1, 1, 1, 1, 1, 1, 1, 1, 1, 1, 1, 1, 1, 1, 1, 1, 1, 1, 1, 1, 
1, 1, 1, 1, 1, 1, 1, 1, 1, 1, 1, 1, 1, 1, 1, 1, 1, 1, 3.09, 3.447, 
3.298, 3.228, 3.296, 3.425, 3.449, 3.532, 3.241, 3.119, 3.35), .Dim = c(11L, 
40L), .Dimnames = list(NULL, c("Sampling", "PSO.cost", "PSO.gamma", 
"PSO.data.balancing", "PSO.feature.selection", "PSO.valid.acc", 
"PSO.test.acc", "PSO.train.time", "PSO.n.support.vectors", "PSO.index", 
"PSO.n.solutions", "PSO.generations", "PSO.n.evaluations", "PSO.cpu.time", 
"RS.cost", "RS.gamma", "RS.data.balancing", "RS.feature.selection", 
"RS.valid.acc", "RS.test.acc", "RS.train.time", "RS.n.support.vectors", 
"RS.index", "RS.n.solutions", "RS.generations", "RS.n.evaluations", 
"RS.cpu.time", "DF.cost", "DF.gamma", "DF.data.balancing", "DF.feature.selection", 
"DF.valid.acc", "DF.test.acc", "DF.train.time", "DF.n.support.vectors", 
"DF.index", "DF.n.solutions", "DF.generations", "DF.n.evaluations", 
"DF.cpu.time")))
