full <-
structure(c(50, 55, 60, 65, 70, 75, 80, 85, 90, 95, 100, 12.72712, 
15, 0.96932, 8.50315, 6.9593, 12.37815, 6.2669, 3.17426, 11.38016, 
11.2074, 4.28152, -15, -15, -3.31469, -8.24136, -8.76027, -11.32473, 
-5.83353, -5.66419, -8.83794, -8.6481, -2.94924, 0, 0, 0, 0, 
0, 0, 0, 0, 0, 0, 0, 0, 0, 0, 0, 0, 0, 0, 0, 0, 0, 0, 0.45, 0.51476, 
0.49762, 0.50298, 0.49187, 0.54861, 0.53333, 0.54495, 0.55763, 
0.59561, 0.52, 0.48667, 0.43619, 0.46667, 0.48214, 0.45397, 0.48056, 
0.47139, 0.48364, 0.50798, 0.52333, 0.50091, 0.0105, 0.0125, 
0.0127, 0.0136, 0.0124, 0.0161, 0.0128, 0.0132, 0.0168, 0.018, 
0.0156, 41.1, 41.5, 52.4, 51.3, 58.7, 58.2, 65.6, 71.8, 71.2, 
76.4, 78.1, 238, 106, 681, 97, 209, 348, 28, 1194, 413, 1614, 
1291, 42, 1746, 155, 146, 317, 88, 131, 32, 58, 6, 44, 100, 100, 
100, 100, 100, 100, 100, 100, 100, 100, 100, 2500, 2500, 2500, 
2500, 2500, 2500, 2500, 2500, 2500, 2500, 2500, 7372.298, 7886.809, 
7797.553, 7444.141, 7376.02599999999, 7487.954, 7370.47200000001, 
7580.03999999999, 7996.18800000001, 7636.23300000001, 8090.13800000001, 
9.35199, 14.66377, 0.92992, 8.5429, 7.16228, 10.78946, 7.17218, 
3.26299, 8.91393, 11.44166, 5.18071, -11.65013, -14.87166, -3.31185, 
-8.09802, -8.93769, -10.27317, -6.35169, -5.636, -7.57568, -8.76956, 
-3.85056, 0, 0, 0, 0, 0, 0, 0, 0, 0, 0, 0, 0, 0, 0, 0, 0, 0, 
0, 0, 0, 0, 0, 0.45, 0.51476, 0.49762, 0.50298, 0.49187, 0.54861, 
0.53333, 0.54495, 0.55763, 0.59561, 0.51091, 0.48667, 0.43619, 
0.46667, 0.48214, 0.45397, 0.49306, 0.47139, 0.48364, 0.51798, 
0.52333, 0.49348, 0.0114, 0.0132, 0.0117, 0.0129, 0.0113, 0.0135, 
0.0139, 0.0132, 0.0152, 0.0194, 0.0164, 41.1, 41.7, 52.3, 51.6, 
58.6, 58.4, 65.1, 71.4, 71.6, 76.3, 78, 27, 101, 2336, 106, 248, 
528, 1128, 517, 896, 946, 1931, 3, 4, 1, 19, 5, 4, 1, 1, 2, 1, 
1, 100, 100, 100, 100, 100, 100, 100, 100, 100, 100, 100, 2500, 
2500, 2500, 2500, 2500, 2500, 2500, 2500, 2500, 2500, 2500, 7451.996, 
7939.918, 7547.745, 7317.629, 7443.299, 7382.985, 7443.90299999999, 
7576.245, 7636.01600000002, 8018.236, 7996.571, 1, 1, 1, 1, 1, 
1, 1, 1, 1, 1, 1, 0.2, 0.2, 0.2, 0.2, 0.2, 0.2, 0.2, 0.2, 0.2, 
0.2, 0.2, 0, 0, 0, 0, 0, 0, 0, 0, 0, 0, 0, 0, 0, 0, 0, 0, 0, 
0, 0, 0, 0, 0, 0.31667, 0.36143, 0.40714, 0.38571, 0.40496, 0.40694, 
0.41194, 0.47697, 0.48258, 0.51939, 0.43621, 0.375, 0.34952, 
0.39524, 0.38929, 0.4004, 0.44583, 0.40889, 0.49495, 0.44854, 
0.49955, 0.44545, 0.0107, 0.0119, 0.0122, 0.0121, 0.0118, 0.0119, 
0.013, 0.0124, 0.0132, 0.0146, 0.0147, 43.6, 47.6, 52.4, 56.5, 
62.3, 67.2, 71.5, 75.2, 79.5, 84.6, 85.6, 1, 1, 1, 1, 1, 1, 1, 
1, 1, 1, 1, 1, 1, 1, 1, 1, 1, 1, 1, 1, 1, 1, 1, 1, 1, 1, 1, 1, 
1, 1, 1, 1, 1, 1, 1, 1, 1, 1, 1, 1, 1, 1, 1, 1, 3.001, 2.905, 
2.908, 2.907, 2.996, 2.89, 2.999, 2.823, 2.986, 3.2, 3.118), .Dim = c(11L, 
40L), .Dimnames = list(NULL, c("Sampling", "PSO.cost", "PSO.gamma", 
"PSO.data.balancing", "PSO.feature.selection", "PSO.valid.acc", 
"PSO.test.acc", "PSO.train.time", "PSO.n.support.vectors", "PSO.index", 
"PSO.n.solutions", "PSO.generations", "PSO.n.evaluations", "PSO.cpu.time", 
"RS.cost", "RS.gamma", "RS.data.balancing", "RS.feature.selection", 
"RS.valid.acc", "RS.test.acc", "RS.train.time", "RS.n.support.vectors", 
"RS.index", "RS.n.solutions", "RS.generations", "RS.n.evaluations", 
"RS.cpu.time", "DF.cost", "DF.gamma", "DF.data.balancing", "DF.feature.selection", 
"DF.valid.acc", "DF.test.acc", "DF.train.time", "DF.n.support.vectors", 
"DF.index", "DF.n.solutions", "DF.generations", "DF.n.evaluations", 
"DF.cpu.time")))
