full <-
structure(c(50, 55, 60, 65, 70, 75, 80, 85, 90, 95, 100, 5.46255, 
-0.84944, 10.72591, 4.88618, 12.20287, 15, -0.34959, 8.75351, 
7.06157, 13.35361, 5.92574, -7.00207, -3.37718, -7.12078, -4.11216, 
-7.76591, -8.97433, -2.19187, -4.76819, -7.81757, -8.40725, -4.00242, 
0, 0, 0, 0, 0, 0, 0, 0, 0, 0, 0, 0, 0, 0, 0, 0, 0, 0, 0, 0, 0, 
0, 0.62, 0.60524, 0.63155, 0.56131, 0.56786, 0.51806, 0.57222, 
0.55051, 0.53677, 0.53545, 0.54955, 0.56667, 0.55429, 0.5244, 
0.53452, 0.55218, 0.46111, 0.51889, 0.50899, 0.49899, 0.49818, 
0.47298, 0.0109, 0.0113, 0.0157, 0.0132, 0.0207, 0.0352, 0.0141, 
0.0184, 0.0154, 0.0393, 0.0165, 37.4, 48, 42.2, 49, 53.1, 57, 
70.9, 63.9, 72.3, 74.5, 77.2, 209, 66, 1055, 1850, 128, 737, 
1730, 1531, 197, 1051, 471, 99, 122, 34, 43, 263, 109, 27, 35, 
122, 30, 15, 100, 100, 100, 100, 100, 100, 100, 100, 100, 100, 
100, 2500, 2500, 2500, 2500, 2500, 2500, 2500, 2500, 2500, 2500, 
2500, 6420.199, 6466.753, 8722.338, 8709.755, 9157.593, 9585.08899999999, 
9311.467, 9508.966, 9457.70800000001, 9739.24899999998, 9347.24299999999, 
5.78848, 8.43712, 11.28926, 7.4342, 11.06042, 14.32885, -0.26068, 
6.86324, 0.25811, 4.76091, 5.9278, -7.1762, -4.81698, -7.3597, 
-4.85422, -7.3658, -8.624, -2.52121, -4.24423, -0.84885, -3.92803, 
-3.95842, 0, 0, 0, 0, 0, 0, 0, 0, 0, 0, 0, 0, 0, 0, 0, 0, 0, 
0, 0, 0, 0, 0, 0.62, 0.60095, 0.63155, 0.54881, 0.56786, 0.51806, 
0.56111, 0.55141, 0.5453, 0.54364, 0.54045, 0.58333, 0.54, 0.53869, 
0.50774, 0.53968, 0.47222, 0.51889, 0.51808, 0.55379, 0.51636, 
0.47298, 0.0112, 0.0123, 0.0165, 0.0138, 0.0175, 0.0329, 0.0145, 
0.0166, 0.0148, 0.016, 0.0173, 36.8, 39.9, 42.4, 47.5, 53.4, 
57.1, 71.1, 66.1, 79.7, 76.9, 77.1, 171, 213, 720, 666, 439, 
1314, 46, 864, 395, 828, 1970, 3, 3, 1, 8, 10, 1, 1, 3, 1, 2, 
1, 100, 100, 100, 100, 100, 100, 100, 100, 100, 100, 100, 2500, 
2500, 2500, 2500, 2500, 2500, 2500, 2500, 2500, 2500, 2500, 6465.08, 
7141.243, 8707.982, 8845.826, 9181.433, 9283.857, 9499.849, 9522.53, 
9496.03999999998, 9417.72200000001, 9480.94099999999, 1, 1, 1, 
1, 1, 1, 1, 1, 1, 1, 1, 0.2, 0.2, 0.2, 0.2, 0.2, 0.2, 0.2, 0.2, 
0.2, 0.2, 0.2, 0, 0, 0, 0, 0, 0, 0, 0, 0, 0, 0, 0, 0, 0, 0, 0, 
0, 0, 0, 0, 0, 0, 0.57167, 0.54, 0.58571, 0.48095, 0.5125, 0.45556, 
0.55, 0.47273, 0.46399, 0.46061, 0.43263, 0.505, 0.52333, 0.54048, 
0.50774, 0.5379, 0.48194, 0.50778, 0.46586, 0.48343, 0.43152, 
0.44874, 0.0113, 0.0116, 0.0113, 0.013, 0.0134, 0.0133, 0.0138, 
0.0147, 0.0145, 0.0143, 0.0154, 42.7, 47.1, 50.8, 55.5, 61.2, 
65.6, 70.3, 75.2, 79.3, 84.5, 85.3, 1, 1, 1, 1, 1, 1, 1, 1, 1, 
1, 1, 1, 1, 1, 1, 1, 1, 1, 1, 1, 1, 1, 1, 1, 1, 1, 1, 1, 1, 1, 
1, 1, 1, 1, 1, 1, 1, 1, 1, 1, 1, 1, 1, 1, 2.544, 3.411, 3.36, 
3.559, 3.731, 3.579, 3.765, 3.835, 3.742, 3.558, 3.818), .Dim = c(11L, 
40L), .Dimnames = list(NULL, c("Sampling", "PSO.cost", "PSO.gamma", 
"PSO.data.balancing", "PSO.feature.selection", "PSO.valid.acc", 
"PSO.test.acc", "PSO.train.time", "PSO.n.support.vectors", "PSO.index", 
"PSO.n.solutions", "PSO.generations", "PSO.n.evaluations", "PSO.cpu.time", 
"RS.cost", "RS.gamma", "RS.data.balancing", "RS.feature.selection", 
"RS.valid.acc", "RS.test.acc", "RS.train.time", "RS.n.support.vectors", 
"RS.index", "RS.n.solutions", "RS.generations", "RS.n.evaluations", 
"RS.cpu.time", "DF.cost", "DF.gamma", "DF.data.balancing", "DF.feature.selection", 
"DF.valid.acc", "DF.test.acc", "DF.train.time", "DF.n.support.vectors", 
"DF.index", "DF.n.solutions", "DF.generations", "DF.n.evaluations", 
"DF.cpu.time")))
