full <-
structure(c(50, 55, 60, 65, 70, 75, 80, 85, 90, 95, 100, 9.72458, 
10.73252, 3.90472, 13.61089, 2.88281, 13.92247, 4.08729, 5.67967, 
11.31327, 14.38547, 2.8169, -9.07161, -9.18825, -5.28061, -8.29382, 
-3.14784, -8.93856, -3.16259, -3.81524, -8.56648, -6.39386, -2.27709, 
0, 0, 0, 0, 0, 0, 0, 0, 0, 0, 0, 0, 0, 0, 0, 0, 0, 0, 0, 0, 0, 
0, 0.59, 0.55571, 0.57095, 0.60357, 0.61786, 0.51452, 0.565, 
0.62232, 0.52131, 0.55667, 0.52985, 0.54, 0.50143, 0.5275, 0.50536, 
0.53036, 0.4148, 0.53056, 0.54768, 0.50348, 0.47136, 0.46591, 
0.0106, 0.0123, 0.0105, 0.0228, 0.0112, 0.0245, 0.0127, 0.0131, 
0.0164, 0.1061, 0.0137, 36.9, 39.9, 45.6, 47.8, 57.2, 59.6, 66.1, 
68.6, 72.4, 71.4, 80.1, 85, 53, 153, 106, 364, 709, 136, 475, 
299, 468, 742, 71, 164, 752, 116, 349, 77, 140, 285, 53, 124, 
105, 100, 100, 100, 100, 100, 100, 100, 100, 100, 100, 100, 2500, 
2500, 2500, 2500, 2500, 2500, 2500, 2500, 2500, 2500, 2500, 6344.327, 
6575.158, 6668.251, 7064.859, 6811.302, 7079.548, 6927.35200000001, 
6814.769, 6898.739, 8778.98, 6864.905, 13.94376, 9.17399, 4.98102, 
9.1865, 2.65492, 14.83478, 3.70237, 3.37642, 3.16967, 14.91684, 
3.3099, -10.53124, -8.4352, -5.87449, -6.07938, -2.96017, -9.59562, 
-2.96363, -2.94375, -5.23419, -6.66434, -2.67723, 0, 0, 0, 0, 
0, 0, 0, 0, 0, 0, 0, 0, 0, 0, 0, 0, 0, 0, 0, 0, 0, 0, 0.59, 0.55571, 
0.57095, 0.60357, 0.61786, 0.51313, 0.565, 0.6101, 0.52369, 0.53924, 
0.52909, 0.56, 0.5381, 0.51321, 0.50536, 0.54464, 0.4148, 0.54167, 
0.55566, 0.48439, 0.51955, 0.47515, 0.0158, 0.0113, 0.0106, 0.0132, 
0.0114, 0.0319, 0.0122, 0.0124, 0.0122, 0.1231, 0.0132, 36.2, 
40.2, 44.9, 48.2, 57.9, 59.8, 66.3, 69.4, 76.5, 71.3, 79.2, 404, 
463, 60, 24, 2370, 1672, 60, 1794, 573, 2389, 91, 2, 9, 9, 3, 
1, 1, 2, 1, 1, 1, 3, 100, 100, 100, 100, 100, 100, 100, 100, 
100, 100, 100, 2500, 2500, 2500, 2500, 2500, 2500, 2500, 2500, 
2500, 2500, 2500, 6484.302, 6643.825, 6709.256, 6737.712, 6833.07, 
6872.03600000001, 6856.359, 6885.749, 6879.63399999999, 6982.25200000001, 
6971.149, 1, 1, 1, 1, 1, 1, 1, 1, 1, 1, 1, 0.2, 0.2, 0.2, 0.2, 
0.2, 0.2, 0.2, 0.2, 0.2, 0.2, 0.2, 0, 0, 0, 0, 0, 0, 0, 0, 0, 
0, 0, 0, 0, 0, 0, 0, 0, 0, 0, 0, 0, 0, 0.51, 0.49048, 0.49417, 
0.53214, 0.51786, 0.44413, 0.46333, 0.47212, 0.46641, 0.42939, 
0.47652, 0.48667, 0.47048, 0.52512, 0.53393, 0.51786, 0.44952, 
0.49722, 0.48232, 0.44434, 0.44712, 0.44182, 0.0102, 0.0105, 
0.0102, 0.0103, 0.0114, 0.0113, 0.0113, 0.0118, 0.012, 0.0128, 
0.0132, 43.1, 47.1, 50.6, 55.1, 60.5, 65.7, 71.6, 75.2, 80.7, 
84.9, 86, 1, 1, 1, 1, 1, 1, 1, 1, 1, 1, 1, 1, 1, 1, 1, 1, 1, 
1, 1, 1, 1, 1, 1, 1, 1, 1, 1, 1, 1, 1, 1, 1, 1, 1, 1, 1, 1, 1, 
1, 1, 1, 1, 1, 1, 2.617, 2.672, 2.685, 2.676, 2.741, 2.722, 2.709, 
2.717, 2.691, 2.731, 2.74), .Dim = c(11L, 40L), .Dimnames = list(
    NULL, c("Sampling", "PSO.cost", "PSO.gamma", "PSO.data.balancing", 
    "PSO.feature.selection", "PSO.valid.acc", "PSO.test.acc", 
    "PSO.train.time", "PSO.n.support.vectors", "PSO.index", "PSO.n.solutions", 
    "PSO.generations", "PSO.n.evaluations", "PSO.cpu.time", "RS.cost", 
    "RS.gamma", "RS.data.balancing", "RS.feature.selection", 
    "RS.valid.acc", "RS.test.acc", "RS.train.time", "RS.n.support.vectors", 
    "RS.index", "RS.n.solutions", "RS.generations", "RS.n.evaluations", 
    "RS.cpu.time", "DF.cost", "DF.gamma", "DF.data.balancing", 
    "DF.feature.selection", "DF.valid.acc", "DF.test.acc", "DF.train.time", 
    "DF.n.support.vectors", "DF.index", "DF.n.solutions", "DF.generations", 
    "DF.n.evaluations", "DF.cpu.time")))
