full <-
structure(c(50, 55, 60, 65, 70, 75, 80, 85, 90, 95, 100, -0.06805, 
0.50531, 3.01636, 3.98259, 10.57089, 5.68681, 0.10973, 13.80167, 
1.81219, 5.43916, 14.69094, -2.44341, -2.52888, -4.68517, -5.83291, 
-12.90109, -3.44696, -2.53922, -8.3448, -2.66105, -7.70484, -8.47749, 
0, 0, 0, 0, 0, 0, 0, 0, 0, 0, 0, 0, 0, 0, 0, 0, 0, 0, 0, 0, 0, 
0, 0.57, 0.52333, 0.57143, 0.59345, 0.51548, 0.55, 0.565, 0.55323, 
0.53747, 0.5102, 0.57394, 0.57, 0.44476, 0.48036, 0.49405, 0.4744, 
0.51111, 0.48167, 0.48303, 0.5102, 0.48076, 0.47924, 0.0063, 
0.0107, 0.0109, 0.0117, 0.0119, 0.0119, 0.0121, 0.0368, 0.012, 
0.0141, 0.0781, 43, 47.4, 50.1, 53.9, 57.9, 57.7, 70.6, 65.9, 
76.8, 80.6, 74.5, 1777, 515, 34, 1697, 533, 392, 1655, 317, 941, 
206, 524, 7, 244, 464, 14, 48, 200, 35, 108, 164, 95, 128, 100, 
100, 100, 100, 100, 100, 100, 100, 100, 100, 100, 2500, 2500, 
2500, 2500, 2500, 2500, 2500, 2500, 2500, 2500, 2500, 5842.995, 
8016.386, 8386.683, 8327.023, 6973.937, 6253.79500000001, 7307.37299999999, 
7075.69500000001, 6524.53499999999, 8858.06099999999, 7227.95000000001, 
-0.12225, 0.3619, 3.11263, 1.72595, 8.27086, 9.93776, 13.97353, 
14.45125, 3.06961, 5.56504, 13.70457, -2.38188, -2.55421, -4.89104, 
-4.76108, -8.10622, -5.58586, -8.83319, -8.65794, -3.44863, -7.84769, 
-8.32909, 0, 0, 0, 0, 0, 0, 0, 0, 0, 0, 0, 0, 0, 0, 0, 0, 0, 
0, 0, 0, 0, 0, 0.57, 0.52333, 0.57143, 0.57679, 0.5123, 0.55, 
0.56472, 0.55323, 0.52636, 0.5102, 0.56652, 0.57, 0.46143, 0.48036, 
0.5004, 0.4744, 0.53611, 0.52778, 0.49303, 0.49909, 0.48076, 
0.50591, 0.0105, 0.0106, 0.0115, 0.0116, 0.0111, 0.0178, 0.0304, 
0.0426, 0.0123, 0.0143, 0.0532, 43, 47.7, 50.4, 56.1, 54.4, 56.7, 
62.8, 65.7, 74.9, 80.4, 74.5, 1896, 1091, 2203, 616, 195, 166, 
1680, 1086, 677, 904, 1549, 1, 1, 1, 9, 3, 2, 1, 1, 4, 1, 2, 
100, 100, 100, 100, 100, 100, 100, 100, 100, 100, 100, 2500, 
2500, 2500, 2500, 2500, 2500, 2500, 2500, 2500, 2500, 2500, 7723.511, 
8065.27, 8335.084, 8363.285, 6329.803, 6469.004, 8479.93700000001, 
6527.23, 7585.011, 8881.359, 6535.36499999999, 1, 1, 1, 1, 1, 
1, 1, 1, 1, 1, 1, 0.2, 0.2, 0.2, 0.2, 0.2, 0.2, 0.2, 0.2, 0.2, 
0.2, 0.2, 0, 0, 0, 0, 0, 0, 0, 0, 0, 0, 0, 0, 0, 0, 0, 0, 0, 
0, 0, 0, 0, 0, 0.55, 0.49, 0.48452, 0.49544, 0.43829, 0.45694, 
0.53139, 0.43192, 0.45798, 0.43606, 0.43909, 0.58667, 0.44476, 
0.47024, 0.48988, 0.45813, 0.41667, 0.48306, 0.49081, 0.4598, 
0.44717, 0.49227, 0.0106, 0.0109, 0.0112, 0.0119, 0.0108, 0.0074, 
0.0125, 0.0114, 0.0136, 0.0143, 0.0127, 43.1, 48, 51.7, 56, 61.1, 
65.2, 70.5, 74.7, 80.3, 84.6, 85.6, 1, 1, 1, 1, 1, 1, 1, 1, 1, 
1, 1, 1, 1, 1, 1, 1, 1, 1, 1, 1, 1, 1, 1, 1, 1, 1, 1, 1, 1, 1, 
1, 1, 1, 1, 1, 1, 1, 1, 1, 1, 1, 1, 1, 1, 3.352, 3.268, 3.3, 
3.361, 2.536, 2.593, 3.397, 2.505, 3.564, 3.533, 2.584), .Dim = c(11L, 
40L), .Dimnames = list(NULL, c("Sampling", "PSO.cost", "PSO.gamma", 
"PSO.data.balancing", "PSO.feature.selection", "PSO.valid.acc", 
"PSO.test.acc", "PSO.train.time", "PSO.n.support.vectors", "PSO.index", 
"PSO.n.solutions", "PSO.generations", "PSO.n.evaluations", "PSO.cpu.time", 
"RS.cost", "RS.gamma", "RS.data.balancing", "RS.feature.selection", 
"RS.valid.acc", "RS.test.acc", "RS.train.time", "RS.n.support.vectors", 
"RS.index", "RS.n.solutions", "RS.generations", "RS.n.evaluations", 
"RS.cpu.time", "DF.cost", "DF.gamma", "DF.data.balancing", "DF.feature.selection", 
"DF.valid.acc", "DF.test.acc", "DF.train.time", "DF.n.support.vectors", 
"DF.index", "DF.n.solutions", "DF.generations", "DF.n.evaluations", 
"DF.cpu.time")))
