full <-
structure(c(50, 55, 60, 65, 70, 75, 80, 85, 90, 95, 100, 9.36162, 
12.37858, 15, 7.36795, 2.45368, 15, 11.07783, 7.58103, 3.36803, 
11.06152, 7.01682, -5.97786, -4.51325, -8.18877, -10.99131, -6.25036, 
-10.28076, -6.5139, -6.57884, -3.06011, -9.18687, -4.90496, 0, 
0, 0, 0, 0, 0, 0, 0, 0, 0, 0, 0, 0, 0, 0, 0, 0, 0, 0, 0, 0, 0, 
0.56333, 0.59095, 0.60238, 0.56012, 0.53571, 0.58056, 0.51667, 
0.48806, 0.5697, 0.49591, 0.54818, 0.49, 0.55762, 0.53036, 0.52976, 
0.49464, 0.45972, 0.42833, 0.44583, 0.50525, 0.44258, 0.51955, 
0.0118, 0.0168, 0.04, 0.0136, 0.0137, 0.0266, 0.0244, 0.0157, 
0.0133, 0.016, 0.0158, 36, 35.7, 43.1, 55.8, 60.8, 59.1, 61.2, 
69.3, 75.4, 76.8, 77.4, 310, 743, 228, 87, 1780, 76, 234, 2, 
1629, 80, 859, 54, 89, 330, 117, 23, 170, 287, 79, 45, 375, 48, 
100, 100, 100, 100, 100, 100, 100, 100, 100, 100, 100, 2500, 
2500, 2500, 2500, 2500, 2500, 2500, 2500, 2500, 2500, 2500, 6754.899, 
6803.563, 9576.132, 9395.74299999999, 9374.747, 9740.291, 9867.07000000001, 
9582.93399999999, 6873.32500000001, 7153.40600000002, 7257.58800000002, 
9.13483, 10.72896, 14.32211, 5.91295, 2.36708, 12.04623, 10.69308, 
8.45854, 3.27451, 14.12965, 2.44981, -5.81311, -3.9007, -7.70138, 
-9.42516, -6.17919, -8.80927, -6.38611, -7.03272, -3.08254, -10.92135, 
-2.81941, 0, 0, 0, 0, 0, 0, 0, 0, 0, 0, 0, 0, 0, 0, 0, 0, 0, 
0, 0, 0, 0, 0, 0.56333, 0.57667, 0.60238, 0.56012, 0.53571, 0.58056, 
0.51667, 0.48806, 0.56061, 0.49591, 0.53909, 0.49, 0.55762, 0.51607, 
0.51726, 0.49464, 0.45972, 0.42833, 0.44583, 0.50525, 0.43348, 
0.51864, 0.0122, 0.014, 0.0342, 0.0137, 0.0137, 0.0189, 0.022, 
0.0162, 0.0129, 0.0202, 0.0138, 35.9, 36.4, 43, 55.2, 60.8, 59.4, 
61.4, 69.3, 75.6, 75.9, 81.5, 536, 298, 313, 651, 2279, 741, 
5, 917, 651, 32, 145, 3, 1, 2, 10, 1, 1, 6, 2, 1, 16, 8, 100, 
100, 100, 100, 100, 100, 100, 100, 100, 100, 100, 2500, 2500, 
2500, 2500, 2500, 2500, 2500, 2500, 2500, 2500, 2500, 6740.438, 
6792.442, 9408.019, 9430.051, 9488.47100000001, 9504.27, 9598.89999999999, 
8491.114, 6937.34299999999, 7123.345, 7053.728, 1, 1, 1, 1, 1, 
1, 1, 1, 1, 1, 1, 0.2, 0.2, 0.2, 0.2, 0.2, 0.2, 0.2, 0.2, 0.2, 
0.2, 0.2, 0, 0, 0, 0, 0, 0, 0, 0, 0, 0, 0, 0, 0, 0, 0, 0, 0, 
0, 0, 0, 0, 0, 0.51667, 0.51, 0.54048, 0.40437, 0.44464, 0.51806, 
0.4275, 0.44811, 0.4498, 0.40045, 0.45455, 0.47167, 0.47667, 
0.51131, 0.43115, 0.48571, 0.45972, 0.45833, 0.44242, 0.45485, 
0.41182, 0.49106, 0.0096, 0.0124, 0.0137, 0.0143, 0.0142, 0.0145, 
0.0145, 0.0125, 0.0129, 0.0136, 0.0131, 42.4, 47.4, 53.3, 56.8, 
62.6, 66.6, 71.9, 76, 80.7, 85, 85.6, 1, 1, 1, 1, 1, 1, 1, 1, 
1, 1, 1, 1, 1, 1, 1, 1, 1, 1, 1, 1, 1, 1, 1, 1, 1, 1, 1, 1, 1, 
1, 1, 1, 1, 1, 1, 1, 1, 1, 1, 1, 1, 1, 1, 1, 2.522, 3.68, 3.86, 
3.925, 3.955, 3.972, 3.798, 2.688, 2.704, 2.809, 2.711), .Dim = c(11L, 
40L), .Dimnames = list(NULL, c("Sampling", "PSO.cost", "PSO.gamma", 
"PSO.data.balancing", "PSO.feature.selection", "PSO.valid.acc", 
"PSO.test.acc", "PSO.train.time", "PSO.n.support.vectors", "PSO.index", 
"PSO.n.solutions", "PSO.generations", "PSO.n.evaluations", "PSO.cpu.time", 
"RS.cost", "RS.gamma", "RS.data.balancing", "RS.feature.selection", 
"RS.valid.acc", "RS.test.acc", "RS.train.time", "RS.n.support.vectors", 
"RS.index", "RS.n.solutions", "RS.generations", "RS.n.evaluations", 
"RS.cpu.time", "DF.cost", "DF.gamma", "DF.data.balancing", "DF.feature.selection", 
"DF.valid.acc", "DF.test.acc", "DF.train.time", "DF.n.support.vectors", 
"DF.index", "DF.n.solutions", "DF.generations", "DF.n.evaluations", 
"DF.cpu.time")))
