full <-
structure(c(50, 55, 60, 65, 70, 75, 80, 85, 90, 95, 100, 0.05289, 
-0.0436, 0.44617, 1, 0.01563, 1, 0.36414, 0.15576, -0.1184, -0.09902, 
-0.20613, -1.76169, -0.34113, -1.16019, 0.06667, -1.23711, 0.06667, 
-0.39897, -0.45934, 0.11255, -0.44705, -0.39997, 0, 0, 0, 0, 
0, 0, 0, 0, 0, 0, 0, 0, 0, 0, 0, 0, 0, 0, 0, 0, 0, 0, 0.94339, 
0.94006, 0.93795, 0.93557, 0.93796, 0.93692, 0.93796, 0.9375, 
0.93753, 0.93714, 0.936, 0.94027, 0.93794, 0.93795, 0.93557, 
0.93684, 0.93692, 0.93505, 0.93705, 0.93753, 0.93674, 0.93638, 
0.2083, 0.3439, 0.3347, 0.2919, 0.4351, 0.393, 0.682, 0.7405, 
0.9155, 0.9072, 0.9882, 301.5, 491.5, 426.2, 299, 478.7, 348.1, 
656.5, 675.3, 823.7, 753.8, 797.6, 2160, 1520, 571, 1, 1645, 
1, 1919, 19, 1203, 787, 550, 1, 16, 78, 1850, 17, 1776, 2, 235, 
59, 208, 180, 100, 100, 100, 100, 100, 100, 100, 100, 100, 100, 
100, 2500, 2500, 2500, 2500, 2500, 2500, 2500, 2500, 2500, 2500, 
2500, 15250.829, 19115.55, 23959.15, 28995.988, 21760.956, 34220.558, 
36531.399, 35015.739, 31183.589, 33470.047, 35830.782, 0.00452, 
0.01858, 2.8016, -0.3912, 0.01386, 14.92423, 0.57321, 0.22029, 
0.01015, -0.27654, -0.2427, -1.68534, -0.41136, -10.43931, 2.5111, 
-1.28451, -12.77517, -0.69136, -0.36629, 0.84944, -0.21595, -0.58632, 
0, 0, 0, 0, 0, 0, 0, 0, 0, 0, 0, 0, 0, 0, 0, 0, 0, 0, 0, 0, 0, 
0, 0.94261, 0.94006, 0.93731, 0.93557, 0.93741, 0.93692, 0.93747, 
0.9375, 0.9371, 0.93633, 0.93522, 0.94105, 0.93794, 0.93731, 
0.93557, 0.93684, 0.93692, 0.93312, 0.9366, 0.9371, 0.93674, 
0.93638, 0.215, 0.3412, 0.2584, 0.8053, 0.4429, 4.3484, 0.6096, 
0.7477, 1.0553, 0.943, 0.9391, 305, 485.3, 297, 952.6, 475.5, 
236.8, 606.2, 691.2, 959, 802.7, 758.2, 1020, 113, 2, 2, 1017, 
2, 2224, 213, 1848, 1580, 837, 1, 2, 1025, 1201, 1, 1204, 2, 
1, 5, 1, 3, 100, 100, 100, 100, 100, 100, 100, 100, 100, 100, 
100, 2500, 2500, 2500, 2500, 2500, 2500, 2500, 2500, 2500, 2500, 
2500, 17948.766, 20628.811, 25477.441, 30900.7, 35875.066, 39681.446, 
45219.536, 50038.057, 50399.207, 57778.178, 61912.5699999999, 
1, 1, 1, 1, 1, 1, 1, 1, 1, 1, 1, 0.06667, 0.06667, 0.06667, 0.06667, 
0.06667, 0.06667, 0.06667, 0.06667, 0.06667, 0.06667, 0.06667, 
0, 0, 0, 0, 0, 0, 0, 0, 0, 0, 0, 0, 0, 0, 0, 0, 0, 0, 0, 0, 0, 
0, 0.94105, 0.93865, 0.93731, 0.93557, 0.93685, 0.93692, 0.93698, 
0.93659, 0.93667, 0.93551, 0.93406, 0.94105, 0.93865, 0.93731, 
0.93557, 0.93685, 0.93692, 0.93698, 0.93659, 0.93667, 0.93551, 
0.93406, 0.163, 0.1925, 0.247, 0.2911, 0.3431, 0.396, 0.442, 
0.5042, 0.5321, 0.6196, 0.6528, 212.9, 236.9, 265.4, 299, 323.5, 
348.1, 364, 390.8, 406.2, 440.1, 442.8, 1, 1, 1, 1, 1, 1, 1, 
1, 1, 1, 1, 1, 1, 1, 1, 1, 1, 1, 1, 1, 1, 1, 1, 1, 1, 1, 1, 1, 
1, 1, 1, 1, 1, 1, 1, 1, 1, 1, 1, 1, 1, 1, 1, 1, 4.584, 4.98, 
5.49, 5.994, 6.457, 7.095, 7.73, 8.245, 8.542, 9.568, 9.909), .Dim = c(11L, 
40L), .Dimnames = list(NULL, c("Sampling", "PSO.cost", "PSO.gamma", 
"PSO.data.balancing", "PSO.feature.selection", "PSO.valid.acc", 
"PSO.test.acc", "PSO.train.time", "PSO.n.support.vectors", "PSO.index", 
"PSO.n.solutions", "PSO.generations", "PSO.n.evaluations", "PSO.cpu.time", 
"RS.cost", "RS.gamma", "RS.data.balancing", "RS.feature.selection", 
"RS.valid.acc", "RS.test.acc", "RS.train.time", "RS.n.support.vectors", 
"RS.index", "RS.n.solutions", "RS.generations", "RS.n.evaluations", 
"RS.cpu.time", "DF.cost", "DF.gamma", "DF.data.balancing", "DF.feature.selection", 
"DF.valid.acc", "DF.test.acc", "DF.train.time", "DF.n.support.vectors", 
"DF.index", "DF.n.solutions", "DF.generations", "DF.n.evaluations", 
"DF.cpu.time")))
