full <-
structure(c(50, 55, 60, 65, 70, 75, 80, 85, 90, 95, 100, 9.71439, 
-0.10214, 0.36138, -0.21264, -0.41353, 8.43957, -0.19372, -0.34959, 
-0.33255, -0.06937, -0.34343, -10.28006, -1.75434, -0.02604, 
-0.96892, -0.95083, -7.99154, -0.4429, -0.5841, -0.6939, -0.59727, 
-0.06437, 0, 0, 0, 0, 0, 0, 0, 0, 0, 0, 0, 0, 0, 0, 0, 0, 0, 
0, 0, 0, 0, 0, 0.93562, 0.93654, 0.93665, 0.93915, 0.93574, 0.93434, 
0.93457, 0.93796, 0.93667, 0.93551, 0.93483, 0.93562, 0.93442, 
0.93535, 0.93736, 0.93297, 0.93331, 0.9336, 0.93567, 0.93624, 
0.9347, 0.93483, 0.5391, 0.2603, 0.4386, 0.3895, 0.4594, 0.5946, 
0.6453, 0.6989, 0.7357, 0.8521, 1.079, 176.5, 350.8, 577.8, 477.1, 
519.3, 256.1, 657.6, 665.4, 672.3, 723, 876.4, 5, 1532, 2361, 
302, 1538, 864, 1822, 440, 1642, 334, 1736, 1794, 20, 3, 198, 
67, 41, 19, 365, 41, 471, 58, 100, 100, 100, 100, 100, 100, 100, 
100, 100, 100, 100, 2500, 2500, 2500, 2500, 2500, 2500, 2500, 
2500, 2500, 2500, 2500, 14112.079, 30010.547, 15827.677, 18002.231, 
20476.533, 27908.374, 23548.534, 27500.741, 35585.31, 29909.326, 
46678.209, -1.22748, -0.01548, -0.05946, -0.36531, -0.41905, 
8.72447, 0.08475, -0.2471, -0.3807, -0.33517, -1.15343, -14.35048, 
-1.81186, -0.50867, -1.15352, -1.40106, -8.25545, -0.69633, -0.30447, 
-0.5011, -0.42163, -1.06573, 0, 0, 0, 0, 0, 0, 0, 0, 0, 0, 0, 
0, 0, 0, 0, 0, 0, 0, 0, 0, 0, 0, 0.93562, 0.93654, 0.93729, 0.93855, 
0.93518, 0.93382, 0.93457, 0.93796, 0.93624, 0.9351, 0.93444, 
0.93562, 0.93442, 0.93665, 0.93796, 0.93187, 0.93331, 0.93311, 
0.93567, 0.93667, 0.93511, 0.93367, 0.1027, 0.2603, 0.3905, 0.3778, 
0.4145, 0.6133, 0.6206, 0.7248, 0.7724, 0.8912, 0.8585, 139.4, 
347.1, 503.7, 455.4, 468.5, 253.8, 621.7, 716.7, 708.9, 760.4, 
672.9, 2, 490, 806, 107, 401, 2486, 1368, 323, 640, 1055, 167, 
1041, 2, 2, 4, 1, 2, 1, 1, 4, 3, 6, 100, 100, 100, 100, 100, 
100, 100, 100, 100, 100, 100, 2500, 2500, 2500, 2500, 2500, 2500, 
2500, 2500, 2500, 2500, 2500, 17273.217, 19624.217, 22507.404, 
25296.125, 28175.263, 31653.238, 35225.437, 38737.349, 46168.076, 
53759.293, 57673.519, 1, 1, 1, 1, 1, 1, 1, 1, 1, 1, 1, 0.06667, 
0.06667, 0.06667, 0.06667, 0.06667, 0.06667, 0.06667, 0.06667, 
0.06667, 0.06667, 0.06667, 0, 0, 0, 0, 0, 0, 0, 0, 0, 0, 0, 0, 
0, 0, 0, 0, 0, 0, 0, 0, 0, 0, 0.93407, 0.93513, 0.93406, 0.93676, 
0.93297, 0.9333, 0.9336, 0.93522, 0.93494, 0.93306, 0.93406, 
0.93484, 0.93442, 0.93406, 0.93736, 0.93352, 0.9333, 0.93311, 
0.93522, 0.93494, 0.93306, 0.93406, 0.1678, 0.1983, 0.2417, 0.2685, 
0.3043, 0.3585, 0.4113, 0.4382, 0.5067, 0.5683, 0.6348, 232.9, 
251, 273.4, 284.5, 306.6, 328.6, 349.7, 364.1, 392.6, 411.7, 
439.9, 1, 1, 1, 1, 1, 1, 1, 1, 1, 1, 1, 1, 1, 1, 1, 1, 1, 1, 
1, 1, 1, 1, 1, 1, 1, 1, 1, 1, 1, 1, 1, 1, 1, 1, 1, 1, 1, 1, 1, 
1, 1, 1, 1, 1, 4.452, 4.922, 5.445, 5.683, 6.228, 6.898, 7.481, 
7.839, 8.49, 9.098, 9.65), .Dim = c(11L, 40L), .Dimnames = list(
    NULL, c("Sampling", "PSO.cost", "PSO.gamma", "PSO.data.balancing", 
    "PSO.feature.selection", "PSO.valid.acc", "PSO.test.acc", 
    "PSO.train.time", "PSO.n.support.vectors", "PSO.index", "PSO.n.solutions", 
    "PSO.generations", "PSO.n.evaluations", "PSO.cpu.time", "RS.cost", 
    "RS.gamma", "RS.data.balancing", "RS.feature.selection", 
    "RS.valid.acc", "RS.test.acc", "RS.train.time", "RS.n.support.vectors", 
    "RS.index", "RS.n.solutions", "RS.generations", "RS.n.evaluations", 
    "RS.cpu.time", "DF.cost", "DF.gamma", "DF.data.balancing", 
    "DF.feature.selection", "DF.valid.acc", "DF.test.acc", "DF.train.time", 
    "DF.n.support.vectors", "DF.index", "DF.n.solutions", "DF.generations", 
    "DF.n.evaluations", "DF.cpu.time")))
