full <-
structure(c(50, 55, 60, 65, 70, 75, 80, 85, 90, 95, 100, 1.27554, 
1.87128, 0.21438, 1.58136, 2.79666, 1.92369, -0.08393, -0.14388, 
-0.40198, -0.56749, -0.12579, -4.44881, -5.08093, -0.90491, -3.80853, 
-5.62763, -3.78776, 0.20912, -0.70405, 0.06571, -0.5089, -0.60796, 
0, 0, 0, 0, 0, 0, 0, 0, 0, 0, 0, 0, 0, 0, 0, 0, 0, 0, 0, 0, 0, 
0, 0.93407, 0.93725, 0.93472, 0.93617, 0.93463, 0.93434, 0.93795, 
0.93842, 0.9358, 0.9347, 0.936, 0.93251, 0.93654, 0.93343, 0.93437, 
0.93351, 0.9333, 0.93747, 0.93751, 0.93537, 0.9347, 0.93483, 
0.1638, 0.1929, 0.3579, 0.2919, 0.3434, 0.371, 0.7333, 0.6672, 
0.8957, 0.877, 0.9031, 204.3, 214, 453.9, 292.3, 270.8, 329.8, 
754.6, 624.7, 808.6, 739.6, 749.3, 142, 396, 2315, 517, 12, 2404, 
687, 1604, 293, 1142, 367, 339, 244, 1, 564, 215, 2259, 79, 134, 
76, 86, 394, 100, 100, 100, 100, 100, 100, 100, 100, 100, 100, 
100, 2500, 2500, 2500, 2500, 2500, 2500, 2500, 2500, 2500, 2500, 
2500, 13397.214, 12810.25, 16354.441, 15998.415, 22040.442, 17794.628, 
23593.199, 30188.314, 39868.2, 39508.531, 35270.155, 1.05308, 
2.28665, 0.19561, 1.68532, 2.3767, 1.99766, -0.14169, -0.45181, 
-0.43458, -0.55247, -0.17284, -4.39716, -4.40591, -0.26699, -4.08653, 
-5.20683, -3.71483, 0.1685, -0.73471, -0.86901, 0.33613, -0.6858, 
0, 0, 0, 0, 0, 0, 0, 0, 0, 0, 0, 0, 0, 0, 0, 0, 0, 0, 0, 0, 0, 
0, 0.93407, 0.93724, 0.93408, 0.93617, 0.93463, 0.93434, 0.93747, 
0.93751, 0.93623, 0.9347, 0.93561, 0.93329, 0.93583, 0.93343, 
0.93497, 0.93351, 0.93382, 0.93698, 0.93751, 0.93537, 0.9347, 
0.93483, 0.1598, 0.2023, 0.4293, 0.287, 0.3282, 0.389, 0.7386, 
0.6557, 0.7376, 1.061, 0.9224, 205.6, 228.6, 543.7, 286.2, 276.9, 
331.2, 747.1, 620.7, 641.6, 908.1, 734.8, 23, 2487, 91, 102, 
51, 1744, 676, 754, 46, 265, 137, 3, 2, 8, 4, 17, 987, 8, 5, 
1, 3, 5, 100, 100, 100, 100, 100, 100, 100, 100, 100, 100, 100, 
2500, 2500, 2500, 2500, 2500, 2500, 2500, 2500, 2500, 2500, 2500, 
16975.446, 18521.137, 22230.068, 24982.618, 27837.982, 30991.151, 
36986.934, 42579.956, 48877.671, 58159.835, 66300.216, 1, 1, 
1, 1, 1, 1, 1, 1, 1, 1, 1, 0.06667, 0.06667, 0.06667, 0.06667, 
0.06667, 0.06667, 0.06667, 0.06667, 0.06667, 0.06667, 0.06667, 
0, 0, 0, 0, 0, 0, 0, 0, 0, 0, 0, 0, 0, 0, 0, 0, 0, 0, 0, 0, 0, 
0, 0.93251, 0.93372, 0.93278, 0.93377, 0.93352, 0.93382, 0.9365, 
0.93705, 0.93537, 0.93429, 0.93406, 0.93173, 0.93442, 0.93278, 
0.93377, 0.93352, 0.93434, 0.93698, 0.93705, 0.93537, 0.93429, 
0.93406, 0.1638, 0.197, 0.243, 0.2843, 0.3083, 0.3699, 0.4205, 
0.4692, 0.5284, 0.5826, 0.706, 220.8, 242.7, 268.8, 297.1, 313, 
340.6, 360.1, 376.7, 401, 427.2, 441.2, 1, 1, 1, 1, 1, 1, 1, 
1, 1, 1, 1, 1, 1, 1, 1, 1, 1, 1, 1, 1, 1, 1, 1, 1, 1, 1, 1, 1, 
1, 1, 1, 1, 1, 1, 1, 1, 1, 1, 1, 1, 1, 1, 1, 1, 4.622, 4.996, 
5.403, 6.076, 6.023, 6.776, 7.532, 8.103, 8.52, 8.935, 12.136
), .Dim = c(11L, 40L), .Dimnames = list(NULL, c("Sampling", "PSO.cost", 
"PSO.gamma", "PSO.data.balancing", "PSO.feature.selection", "PSO.valid.acc", 
"PSO.test.acc", "PSO.train.time", "PSO.n.support.vectors", "PSO.index", 
"PSO.n.solutions", "PSO.generations", "PSO.n.evaluations", "PSO.cpu.time", 
"RS.cost", "RS.gamma", "RS.data.balancing", "RS.feature.selection", 
"RS.valid.acc", "RS.test.acc", "RS.train.time", "RS.n.support.vectors", 
"RS.index", "RS.n.solutions", "RS.generations", "RS.n.evaluations", 
"RS.cpu.time", "DF.cost", "DF.gamma", "DF.data.balancing", "DF.feature.selection", 
"DF.valid.acc", "DF.test.acc", "DF.train.time", "DF.n.support.vectors", 
"DF.index", "DF.n.solutions", "DF.generations", "DF.n.evaluations", 
"DF.cpu.time")))
