full <-
structure(c(50, 55, 60, 65, 70, 75, 80, 85, 90, 95, 100, -0.43095, 
0.31139, -0.5436, 1, -0.8466, 1.32541, 11.29865, 2.10403, 4.38261, 
0.05137, -0.20119, -1.04593, -1.58582, -2.22175, 0.06667, -2.40055, 
-3.10525, -9.9808, -14.82876, -13.81769, -0.81641, -0.5128, 0, 
0, 0, 0, 0, 0, 0, 0, 0, 0, 0, 0, 0, 0, 0, 0, 0, 0, 0, 0, 0, 0, 
0.93407, 0.93584, 0.93472, 0.93258, 0.93242, 0.9333, 0.93311, 
0.93294, 0.93408, 0.93633, 0.93638, 0.93329, 0.93373, 0.93407, 
0.93258, 0.93187, 0.92968, 0.93166, 0.93294, 0.93408, 0.93633, 
0.93561, 0.2597, 0.2803, 0.2915, 0.3018, 0.3817, 0.4048, 2.0099, 
0.2869, 0.517, 0.8041, 0.947, 400.4, 377.4, 350.9, 303.5, 402.3, 
370.4, 275.8, 286, 443.9, 681.7, 773.6, 836, 513, 1145, 1, 324, 
970, 58, 10, 3, 1905, 413, 119, 122, 91, 1653, 174, 62, 119, 
2109, 2167, 22, 317, 100, 100, 100, 100, 100, 100, 100, 100, 
100, 100, 100, 2500, 2500, 2500, 2500, 2500, 2500, 2500, 2500, 
2500, 2500, 2500, 13814.309, 17403.183, 20993.213, 22987.763, 
19730.935, 27790.279, 49036.271, 28365.777, 31899.691, 38895.2440000001, 
36115.9920000001, -0.34337, 0.3613, 12.19512, 6.17385, -0.74832, 
0.55615, 13.87149, 0.01343, -0.32956, -0.01975, -0.229, -1.40483, 
-1.22897, -9.55355, -9.09591, -1.84254, -2.59064, -10.92012, 
-0.42712, 0.32271, -0.50705, -0.45292, 0, 0, 0, 0, 0, 0, 0, 0, 
0, 0, 0, 0, 0, 0, 0, 0, 0, 0, 0, 0, 0, 0, 0.93407, 0.93513, 0.93408, 
0.93258, 0.93186, 0.93279, 0.93311, 0.9334, 0.93451, 0.93633, 
0.936, 0.93329, 0.93373, 0.9302, 0.93258, 0.93076, 0.92968, 0.93166, 
0.93203, 0.93408, 0.93633, 0.93561, 0.238, 0.3043, 1.3163, 0.532, 
0.3975, 0.4272, 4.198, 0.7816, 0.9905, 0.8716, 0.9491, 366.9, 
411.1, 208.2, 248.3, 441.3, 406, 265, 705.6, 895.9, 743.7, 787.6, 
939, 572, 909, 3, 1512, 1763, 23, 452, 1528, 147, 1360, 3, 6, 
5, 1079, 4, 1, 12, 6, 2, 1, 1, 100, 100, 100, 100, 100, 100, 
100, 100, 100, 100, 100, 2500, 2500, 2500, 2500, 2500, 2500, 
2500, 2500, 2500, 2500, 2500, 19910.13, 23441.246, 26183.814, 
30012.549, 27292.533, 37152.462, 33884.083, 47605.219, 50647.4619999999, 
55496.247, 60587.55, 1, 1, 1, 1, 1, 1, 1, 1, 1, 1, 1, 0.06667, 
0.06667, 0.06667, 0.06667, 0.06667, 0.06667, 0.06667, 0.06667, 
0.06667, 0.06667, 0.06667, 0, 0, 0, 0, 0, 0, 0, 0, 0, 0, 0, 0, 
0, 0, 0, 0, 0, 0, 0, 0, 0, 0, 0.93329, 0.93443, 0.93407, 0.93258, 
0.93131, 0.93175, 0.93262, 0.93248, 0.93365, 0.9351, 0.93406, 
0.93329, 0.93443, 0.93343, 0.93258, 0.93075, 0.93175, 0.93214, 
0.93248, 0.93365, 0.9351, 0.93406, 0.1764, 0.209, 0.2461, 0.2922, 
0.3173, 0.3774, 0.2699, 0.4611, 0.4895, 0.5565, 0.6303, 239.2, 
264.5, 274.7, 303.5, 318.8, 343.8, 358.3, 384.2, 390.8, 414.7, 
444.5, 1, 1, 1, 1, 1, 1, 1, 1, 1, 1, 1, 1, 1, 1, 1, 1, 1, 1, 
1, 1, 1, 1, 1, 1, 1, 1, 1, 1, 1, 1, 1, 1, 1, 1, 1, 1, 1, 1, 1, 
1, 1, 1, 1, 1, 5.125, 5.74, 5.876, 6.388, 6.916, 7.274, 5.615, 
8.322, 8.698, 9.261, 10.173), .Dim = c(11L, 40L), .Dimnames = list(
    NULL, c("Sampling", "PSO.cost", "PSO.gamma", "PSO.data.balancing", 
    "PSO.feature.selection", "PSO.valid.acc", "PSO.test.acc", 
    "PSO.train.time", "PSO.n.support.vectors", "PSO.index", "PSO.n.solutions", 
    "PSO.generations", "PSO.n.evaluations", "PSO.cpu.time", "RS.cost", 
    "RS.gamma", "RS.data.balancing", "RS.feature.selection", 
    "RS.valid.acc", "RS.test.acc", "RS.train.time", "RS.n.support.vectors", 
    "RS.index", "RS.n.solutions", "RS.generations", "RS.n.evaluations", 
    "RS.cpu.time", "DF.cost", "DF.gamma", "DF.data.balancing", 
    "DF.feature.selection", "DF.valid.acc", "DF.test.acc", "DF.train.time", 
    "DF.n.support.vectors", "DF.index", "DF.n.solutions", "DF.generations", 
    "DF.n.evaluations", "DF.cpu.time")))
