full <-
structure(c(50, 55, 60, 65, 70, 75, 80, 85, 90, 95, 100, 0.10919, 
-0.20795, 0.28583, 0.37039, -0.02187, -0.15738, -0.75646, -0.11398, 
-0.07203, -0.11866, -0.32071, 0.97529, 0.38772, -1.17234, -1.24736, 
0.31667, -0.39839, -0.21084, -0.00525, -0.44299, -0.51318, -0.37308, 
0, 0, 0, 0, 0, 0, 0, 0, 0, 0, 0, 0, 0, 0, 0, 0, 0, 0, 0, 0, 0, 
0, 0.93717, 0.93583, 0.93472, 0.93318, 0.93463, 0.93382, 0.93456, 
0.93522, 0.93624, 0.93715, 0.93561, 0.93717, 0.93583, 0.93214, 
0.93021, 0.93463, 0.9333, 0.93408, 0.93477, 0.93581, 0.93633, 
0.936, 0.4348, 0.4209, 0.347, 0.378, 0.631, 0.6303, 0.706, 0.8335, 
0.8419, 0.9165, 1.0039, 630.8, 606.3, 441.7, 461.6, 727.5, 651.5, 
710.5, 788.2, 733.7, 742.4, 805, 107, 1572, 2180, 2291, 249, 
1077, 1913, 1674, 1353, 1237, 2134, 699, 69, 22, 1, 261, 159, 
5, 66, 122, 204, 16, 100, 100, 100, 100, 100, 100, 100, 100, 
100, 100, 100, 2500, 2500, 2500, 2500, 2500, 2500, 2500, 2500, 
2500, 2500, 2500, 15520.446, 16360.66, 19780.355, 21288.645, 
23302.587, 25618.359, 41739.211, 33700.035, 33567.742, 39509.623, 
56375.5160000001, -0.23565, 0.22664, -0.15608, -0.4391, -0.0916, 
0.18653, -0.54604, -0.04631, -0.23049, -0.31566, -0.27007, -0.0062, 
0.91409, -0.54898, -1.08727, 0.31481, 1.0609, 0.22203, 0.67541, 
-0.14418, 0.40658, -0.76577, 0, 0, 0, 0, 0, 0, 0, 0, 0, 0, 0, 
0, 0, 0, 0, 0, 0, 0, 0, 0, 0, 0, 0.93717, 0.93583, 0.93343, 0.93258, 
0.93463, 0.9333, 0.93456, 0.93477, 0.93537, 0.93674, 0.93483, 
0.93717, 0.93513, 0.93343, 0.93258, 0.93463, 0.93278, 0.93408, 
0.93522, 0.93537, 0.93633, 0.93561, 0.3338, 0.522, 0.3876, 0.4024, 
0.6316, 0.9929, 0.8031, 1.0013, 0.8817, 1.0811, 0.9125, 510.1, 
668.5, 522, 480.3, 727.2, 894.3, 792, 910.1, 792.3, 929.2, 724.6, 
171, 19, 153, 1048, 217, 498, 510, 29, 1994, 344, 779, 12, 5, 
4, 9, 3, 2, 8, 2, 1, 5, 6, 100, 100, 100, 100, 100, 100, 100, 
100, 100, 100, 100, 2500, 2500, 2500, 2500, 2500, 2500, 2500, 
2500, 2500, 2500, 2500, 18459.458, 21511.584, 25559.135, 28980.655, 
32817.565, 42079.089, 45393.524, 49941.51, 57310.609, 61401.103, 
62005.714, 1, 1, 1, 1, 1, 1, 1, 1, 1, 1, 1, 0.06667, 0.06667, 
0.06667, 0.06667, 0.06667, 0.06667, 0.06667, 0.06667, 0.06667, 
0.06667, 0.06667, 0, 0, 0, 0, 0, 0, 0, 0, 0, 0, 0, 0, 0, 0, 0, 
0, 0, 0, 0, 0, 0, 0, 0.93407, 0.93229, 0.93084, 0.9314, 0.93352, 
0.93278, 0.93408, 0.93431, 0.93451, 0.93592, 0.93406, 0.9333, 
0.933, 0.93149, 0.93081, 0.93352, 0.93278, 0.93408, 0.93431, 
0.93451, 0.93592, 0.93406, 0.1787, 0.2168, 0.2518, 0.2848, 0.3248, 
0.3875, 0.4456, 0.4909, 0.5644, 0.639, 0.6439, 232, 255.7, 283.1, 
299.2, 318.4, 348.9, 364.7, 384, 409.5, 441.6, 441.7, 1, 1, 1, 
1, 1, 1, 1, 1, 1, 1, 1, 1, 1, 1, 1, 1, 1, 1, 1, 1, 1, 1, 1, 1, 
1, 1, 1, 1, 1, 1, 1, 1, 1, 1, 1, 1, 1, 1, 1, 1, 1, 1, 1, 1, 4.641, 
5.08, 5.553, 5.893, 6.359, 7.907, 8.39, 9.005, 9.856, 10.577, 
10.628), .Dim = c(11L, 40L), .Dimnames = list(NULL, c("Sampling", 
"PSO.cost", "PSO.gamma", "PSO.data.balancing", "PSO.feature.selection", 
"PSO.valid.acc", "PSO.test.acc", "PSO.train.time", "PSO.n.support.vectors", 
"PSO.index", "PSO.n.solutions", "PSO.generations", "PSO.n.evaluations", 
"PSO.cpu.time", "RS.cost", "RS.gamma", "RS.data.balancing", "RS.feature.selection", 
"RS.valid.acc", "RS.test.acc", "RS.train.time", "RS.n.support.vectors", 
"RS.index", "RS.n.solutions", "RS.generations", "RS.n.evaluations", 
"RS.cpu.time", "DF.cost", "DF.gamma", "DF.data.balancing", "DF.feature.selection", 
"DF.valid.acc", "DF.test.acc", "DF.train.time", "DF.n.support.vectors", 
"DF.index", "DF.n.solutions", "DF.generations", "DF.n.evaluations", 
"DF.cpu.time")))
