full <-
structure(c(50, 55, 60, 65, 70, 75, 80, 85, 90, 95, 100, 5.86475, 
0.26606, 0.10827, 0.17499, -0.09306, -0.0705, -0.40257, -0.11459, 
-0.18667, -0.07519, -0.12069, -6.50487, -0.87041, -0.5597, -0.73783, 
-0.58374, -1.02865, -2.75207, -0.88089, -1.3367, -0.9226, -0.84512, 
0, 0, 0, 0, 0, 0, 0, 0, 0, 0, 0, 0, 0, 0, 0, 0, 0, 0, 0, 0, 0, 
0, 0.93871, 0.93936, 0.93795, 0.93854, 0.94016, 0.93744, 0.93699, 
0.93705, 0.9371, 0.93796, 0.93483, 0.93484, 0.93936, 0.93795, 
0.93795, 0.93961, 0.93589, 0.9365, 0.93705, 0.93667, 0.93715, 
0.93406, 0.2576, 0.3216, 0.4062, 0.4318, 0.528, 0.5228, 0.461, 
0.6773, 0.6973, 0.7977, 0.8661, 191.6, 433.3, 515.6, 515.5, 563.3, 
534.5, 411.7, 622.3, 580.1, 664.6, 712.2, 1423, 2021, 596, 766, 
2114, 2436, 722, 724, 558, 1058, 945, 32, 11, 133, 201, 12, 1, 
85, 201, 149, 215, 117, 100, 100, 100, 100, 100, 100, 100, 100, 
100, 100, 100, 2500, 2500, 2500, 2500, 2500, 2500, 2500, 2500, 
2500, 2500, 2500, 14421.503, 17798.003, 20837.401, 24302.538, 
28806.239, 25123.009, 27069.83, 29407.759, 33197.789, 31575.472, 
32403.169, 5.8142, -0.39454, 0.10754, 0.06693, 0.18077, 0.11801, 
4.38957, -0.01825, -0.09884, 0.00815, -0.08175, -6.48073, -11.48698, 
-0.52874, -0.70729, -0.71063, -8.87956, -6.11331, -0.50602, -0.94661, 
-0.32545, -0.34423, 0, 0, 0, 0, 0, 0, 0, 0, 0, 0, 0, 0, 0, 0, 
0, 0, 0, 0, 0, 0, 0, 0, 0.93871, 0.93866, 0.93795, 0.93795, 0.93961, 
0.93692, 0.93699, 0.93659, 0.93667, 0.93715, 0.93406, 0.93484, 
0.93866, 0.93795, 0.93795, 0.93961, 0.93692, 0.93553, 0.93659, 
0.9371, 0.93715, 0.93483, 0.2683, 0.1461, 0.3974, 0.4535, 0.4955, 
0.3009, 0.5502, 0.7472, 0.753, 0.9314, 1.0099, 192.3, 196.7, 
520.2, 521.4, 544.1, 302.3, 297.5, 691.2, 639.8, 779.5, 809.3, 
950, 2, 393, 96, 1363, 1, 156, 1278, 16, 1166, 379, 1, 977, 2, 
2, 2, 1121, 5, 1, 3, 3, 1051, 100, 100, 100, 100, 100, 100, 100, 
100, 100, 100, 100, 2500, 2500, 2500, 2500, 2500, 2500, 2500, 
2500, 2500, 2500, 2500, 21379.122, 24641.27, 26404.027, 30542.667, 
34119.722, 41759.404, 43322.138, 48951.187, 49596.564, 55530.539, 
62484.5410000001, 1, 1, 1, 1, 1, 1, 1, 1, 1, 1, 1, 0.06667, 0.06667, 
0.06667, 0.06667, 0.06667, 0.06667, 0.06667, 0.06667, 0.06667, 
0.06667, 0.06667, 0, 0, 0, 0, 0, 0, 0, 0, 0, 0, 0, 0, 0, 0, 0, 
0, 0, 0, 0, 0, 0, 0, 0.93717, 0.93866, 0.93666, 0.93676, 0.93906, 
0.93692, 0.9365, 0.93522, 0.93494, 0.93551, 0.93406, 0.93717, 
0.93866, 0.93666, 0.93676, 0.93906, 0.93692, 0.9365, 0.93522, 
0.93494, 0.93551, 0.93406, 0.1889, 0.222, 0.2533, 0.3025, 0.3344, 
0.4, 0.4506, 0.5131, 0.5199, 0.5875, 0.6374, 237.9, 253.2, 275.4, 
302.3, 317.9, 352.3, 367.1, 391.4, 399.5, 426.5, 444.1, 1, 1, 
1, 1, 1, 1, 1, 1, 1, 1, 1, 1, 1, 1, 1, 1, 1, 1, 1, 1, 1, 1, 1, 
1, 1, 1, 1, 1, 1, 1, 1, 1, 1, 1, 1, 1, 1, 1, 1, 1, 1, 1, 1, 1, 
5.851, 6.163, 6.317, 6.745, 7.326, 7.904, 8.468, 9.178, 8.362, 
9.152, 9.63), .Dim = c(11L, 40L), .Dimnames = list(NULL, c("Sampling", 
"PSO.cost", "PSO.gamma", "PSO.data.balancing", "PSO.feature.selection", 
"PSO.valid.acc", "PSO.test.acc", "PSO.train.time", "PSO.n.support.vectors", 
"PSO.index", "PSO.n.solutions", "PSO.generations", "PSO.n.evaluations", 
"PSO.cpu.time", "RS.cost", "RS.gamma", "RS.data.balancing", "RS.feature.selection", 
"RS.valid.acc", "RS.test.acc", "RS.train.time", "RS.n.support.vectors", 
"RS.index", "RS.n.solutions", "RS.generations", "RS.n.evaluations", 
"RS.cpu.time", "DF.cost", "DF.gamma", "DF.data.balancing", "DF.feature.selection", 
"DF.valid.acc", "DF.test.acc", "DF.train.time", "DF.n.support.vectors", 
"DF.index", "DF.n.solutions", "DF.generations", "DF.n.evaluations", 
"DF.cpu.time")))
