full <-
structure(c(50, 55, 60, 65, 70, 75, 80, 85, 90, 95, 100, 0.23901, 
-0.40311, 0.21936, 0.99624, -0.07025, 0.08029, 0.17871, -0.03937, 
-0.1716, -0.41701, -0.09778, 0.03744, -0.26618, -0.83337, -2.03116, 
-0.57737, -0.9401, 0.00861, -0.25962, -0.51504, -0.40741, -0.65254, 
0, 0, 0, 0, 0, 0, 0, 0, 0, 0, 0, 0, 0, 0, 0, 0, 0, 0, 0, 0, 0, 
0, 0.93485, 0.93653, 0.93665, 0.93796, 0.93518, 0.9364, 0.93602, 
0.93613, 0.93537, 0.9347, 0.93638, 0.93563, 0.93583, 0.93406, 
0.93557, 0.93407, 0.93537, 0.93409, 0.93567, 0.9358, 0.93348, 
0.936, 0.3478, 0.3552, 0.3692, 0.3485, 0.5184, 0.5422, 0.7664, 
0.7622, 0.7908, 0.9314, 0.9265, 504.9, 502.8, 462.9, 373.5, 562.1, 
543.9, 739.4, 729.1, 703.2, 763.5, 744, 720, 349, 682, 703, 1144, 
1002, 1821, 1723, 760, 63, 485, 224, 642, 393, 82, 41, 159, 44, 
35, 152, 415, 442, 100, 100, 100, 100, 100, 100, 100, 100, 100, 
100, 100, 2500, 2500, 2500, 2500, 2500, 2500, 2500, 2500, 2500, 
2500, 2500, 14563.663, 16787.198, 17923.097, 18386.554, 21871.715, 
22639.347, 27390.702, 34732.81, 57156.024, 31354.0569999999, 
35296.02, 0.24378, -0.39331, 0.29535, 0.90551, -0.17168, 0.00711, 
0.20614, -0.52803, -0.45992, -0.1387, -0.26301, 0.00907, 0.17451, 
-0.60659, -1.57533, -0.03483, 0.00082, -0.19565, -0.01828, -0.56897, 
-0.27157, -0.07188, 0, 0, 0, 0, 0, 0, 0, 0, 0, 0, 0, 0, 0, 0, 
0, 0, 0, 0, 0, 0, 0, 0, 0.93485, 0.93653, 0.93601, 0.93737, 0.93463, 
0.93485, 0.93554, 0.93477, 0.93537, 0.93429, 0.93522, 0.93563, 
0.93583, 0.93341, 0.93438, 0.93407, 0.93382, 0.93408, 0.93477, 
0.93537, 0.93348, 0.93561, 0.3329, 0.3989, 0.394, 0.3697, 0.5957, 
0.6807, 0.6934, 0.8202, 0.7871, 0.9439, 1.0688, 502.6, 558.4, 
490.6, 416.2, 655.3, 706.9, 705.5, 777.7, 691.3, 795.4, 873, 
960, 1356, 1425, 2125, 352, 1582, 2499, 1478, 2278, 1675, 248, 
1, 5, 2, 1, 11, 2, 2, 1, 1, 3, 4, 100, 100, 100, 100, 100, 100, 
100, 100, 100, 100, 100, 2500, 2500, 2500, 2500, 2500, 2500, 
2500, 2500, 2500, 2500, 2500, 18794.122, 21835.243, 25000.494, 
27962.366, 32275.619, 35067.459, 40507.133, 49256.884, 52030.766, 
57051.2609999999, 60366.767, 1, 1, 1, 1, 1, 1, 1, 1, 1, 1, 1, 
0.06667, 0.06667, 0.06667, 0.06667, 0.06667, 0.06667, 0.06667, 
0.06667, 0.06667, 0.06667, 0.06667, 0, 0, 0, 0, 0, 0, 0, 0, 0, 
0, 0, 0, 0, 0, 0, 0, 0, 0, 0, 0, 0, 0, 0.93407, 0.93442, 0.93407, 
0.93437, 0.93352, 0.93382, 0.93408, 0.93385, 0.93365, 0.93307, 
0.93406, 0.93407, 0.93442, 0.93407, 0.93497, 0.93352, 0.93382, 
0.93408, 0.93385, 0.93365, 0.93307, 0.93406, 0.1903, 0.2087, 
0.2381, 0.2774, 0.3236, 0.3668, 0.3987, 0.4795, 0.5359, 0.5869, 
0.6296, 235.8, 253.6, 270, 285.8, 312.9, 331.5, 354.5, 386.3, 
408.8, 428.9, 442.4, 1, 1, 1, 1, 1, 1, 1, 1, 1, 1, 1, 1, 1, 1, 
1, 1, 1, 1, 1, 1, 1, 1, 1, 1, 1, 1, 1, 1, 1, 1, 1, 1, 1, 1, 1, 
1, 1, 1, 1, 1, 1, 1, 1, 1, 4.715, 4.957, 5.247, 5.901, 6.359, 
6.835, 7.146, 8.198, 8.73, 9.183, 9.681), .Dim = c(11L, 40L), .Dimnames = list(
    NULL, c("Sampling", "PSO.cost", "PSO.gamma", "PSO.data.balancing", 
    "PSO.feature.selection", "PSO.valid.acc", "PSO.test.acc", 
    "PSO.train.time", "PSO.n.support.vectors", "PSO.index", "PSO.n.solutions", 
    "PSO.generations", "PSO.n.evaluations", "PSO.cpu.time", "RS.cost", 
    "RS.gamma", "RS.data.balancing", "RS.feature.selection", 
    "RS.valid.acc", "RS.test.acc", "RS.train.time", "RS.n.support.vectors", 
    "RS.index", "RS.n.solutions", "RS.generations", "RS.n.evaluations", 
    "RS.cpu.time", "DF.cost", "DF.gamma", "DF.data.balancing", 
    "DF.feature.selection", "DF.valid.acc", "DF.test.acc", "DF.train.time", 
    "DF.n.support.vectors", "DF.index", "DF.n.solutions", "DF.generations", 
    "DF.n.evaluations", "DF.cpu.time")))
