full <-
structure(c(50, 55, 60, 65, 70, 75, 80, 85, 90, 95, 100, 1, 13.05175, 
1, -0.29869, 0.13595, -0.41688, -0.27143, 1, -0.31024, -0.07229, 
-0.0948, 0.06667, -10.02982, 0.06667, -0.51212, -0.72032, -0.52646, 
-0.21644, 0.06667, 0.52824, -0.39722, -0.12442, 0, 0, 0, 0, 0, 
0, 0, 0, 0, 0, 0, 0, 0, 0, 0, 0, 0, 0, 0, 0, 0, 0, 0.93329, 0.9309, 
0.93084, 0.92959, 0.93131, 0.93072, 0.93069, 0.93157, 0.93279, 
0.93388, 0.93522, 0.93329, 0.92877, 0.93084, 0.929, 0.92854, 
0.9302, 0.9302, 0.93157, 0.93236, 0.93307, 0.93406, 0.1822, 1.3597, 
0.2484, 0.4199, 0.4576, 0.5358, 0.641, 0.449, 1.0063, 0.8487, 
0.9938, 237.2, 197.6, 286.7, 551.8, 547.8, 614, 697.8, 391.4, 
911, 770.2, 855.3, 1, 1760, 1, 815, 2192, 961, 1281, 1, 783, 
2160, 1502, 1914, 18, 1834, 217, 1, 64, 4, 1780, 196, 130, 192, 
100, 100, 100, 100, 100, 100, 100, 100, 100, 100, 100, 2500, 
2500, 2500, 2500, 2500, 2500, 2500, 2500, 2500, 2500, 2500, 13742.987, 
20704.672, 17957.758, 17518.378, 28220.348, 22865.188, 32359.564, 
32051.973, 24650.163, 31870.097, 35883.2610000001, 8.43319, 12.14466, 
0.36996, -0.31347, -0.44565, -0.38557, 1.74708, 6.74545, -0.52497, 
-0.35424, -0.5052, -11.21576, -9.65786, -4.86671, -0.77337, -0.91717, 
-0.34887, -12.92478, -9.5098, 0.35327, 0.46398, -0.04508, 0, 
0, 0, 0, 0, 0, 0, 0, 0, 0, 0, 0, 0, 0, 0, 0, 0, 0, 0, 0, 0, 0, 
0.93329, 0.93161, 0.93084, 0.92959, 0.93076, 0.9302, 0.9302, 
0.93157, 0.93279, 0.93307, 0.93483, 0.93329, 0.92877, 0.93084, 
0.92959, 0.93186, 0.9302, 0.9302, 0.93157, 0.93279, 0.93307, 
0.93483, 0.4441, 1.0238, 0.2365, 0.3961, 0.4347, 0.5552, 0.314, 
1.1424, 0.8932, 1.0236, 1.0058, 208.3, 198.1, 266.7, 516.7, 525, 
640.5, 328.1, 364.5, 880.1, 943.6, 871.5, 1, 873, 1, 1020, 244, 
932, 1, 3, 114, 826, 871, 918, 1, 958, 1, 12, 2, 1006, 1003, 
6, 1, 9, 100, 100, 100, 100, 100, 100, 100, 100, 100, 100, 100, 
2500, 2500, 2500, 2500, 2500, 2500, 2500, 2500, 2500, 2500, 2500, 
17621.609, 21034.113, 23665.482, 25342.181, 29005.827, 33362.935, 
38233.769, 41525.445, 48704.679, 54389.7829999999, 59092.54, 
1, 1, 1, 1, 1, 1, 1, 1, 1, 1, 1, 0.06667, 0.06667, 0.06667, 0.06667, 
0.06667, 0.06667, 0.06667, 0.06667, 0.06667, 0.06667, 0.06667, 
0, 0, 0, 0, 0, 0, 0, 0, 0, 0, 0, 0, 0, 0, 0, 0, 0, 0, 0, 0, 0, 
0, 0.93329, 0.93019, 0.93084, 0.92781, 0.92964, 0.92865, 0.9302, 
0.93157, 0.93193, 0.93266, 0.93406, 0.93329, 0.93019, 0.93084, 
0.92661, 0.9302, 0.92865, 0.9302, 0.93157, 0.93193, 0.93266, 
0.93406, 0.164, 0.2114, 0.239, 0.2899, 0.3126, 0.3608, 0.4053, 
0.4559, 0.5078, 0.5462, 0.6157, 237.2, 266.4, 286.7, 315.8, 324.6, 
349.3, 373.9, 391.4, 408.2, 431.1, 444.8, 1, 1, 1, 1, 1, 1, 1, 
1, 1, 1, 1, 1, 1, 1, 1, 1, 1, 1, 1, 1, 1, 1, 1, 1, 1, 1, 1, 1, 
1, 1, 1, 1, 1, 1, 1, 1, 1, 1, 1, 1, 1, 1, 1, 1, 4.621, 5.577, 
5.369, 5.88, 6.344, 6.394, 7.007, 7.842, 8.783, 8.706, 9.807), .Dim = c(11L, 
40L), .Dimnames = list(NULL, c("Sampling", "PSO.cost", "PSO.gamma", 
"PSO.data.balancing", "PSO.feature.selection", "PSO.valid.acc", 
"PSO.test.acc", "PSO.train.time", "PSO.n.support.vectors", "PSO.index", 
"PSO.n.solutions", "PSO.generations", "PSO.n.evaluations", "PSO.cpu.time", 
"RS.cost", "RS.gamma", "RS.data.balancing", "RS.feature.selection", 
"RS.valid.acc", "RS.test.acc", "RS.train.time", "RS.n.support.vectors", 
"RS.index", "RS.n.solutions", "RS.generations", "RS.n.evaluations", 
"RS.cpu.time", "DF.cost", "DF.gamma", "DF.data.balancing", "DF.feature.selection", 
"DF.valid.acc", "DF.test.acc", "DF.train.time", "DF.n.support.vectors", 
"DF.index", "DF.n.solutions", "DF.generations", "DF.n.evaluations", 
"DF.cpu.time")))
