full <-
structure(c(50, 55, 60, 65, 70, 75, 80, 85, 90, 95, 100, 5.02335, 
-0.09434, 0.08018, 14.84524, -0.14228, 0.14999, 0.35552, 0.72452, 
-0.22486, 0.11915, -0.10436, -5.82051, -0.32146, -0.80626, -10.58856, 
-0.35987, -0.66266, -0.96907, -0.70262, -0.90232, -0.89705, -0.43241, 
0, 0, 0, 0, 0, 0, 0, 0, 0, 0, 0, 0, 0, 0, 0, 0, 0, 0, 0, 0, 0, 
0, 0.94028, 0.92878, 0.93148, 0.92842, 0.93076, 0.9328, 0.93456, 
0.93293, 0.93581, 0.93796, 0.936, 0.9395, 0.92877, 0.93084, 0.92603, 
0.92966, 0.93176, 0.93166, 0.93065, 0.93581, 0.93633, 0.93522, 
0.1874, 0.3597, 0.3908, 3.5434, 0.5509, 0.5681, 0.5955, 0.7497, 
0.7257, 0.811, 0.9713, 186, 521.3, 482.2, 233.9, 617.2, 588.8, 
575.6, 648.7, 650.1, 677.4, 795.5, 872, 748, 768, 205, 141, 1622, 
212, 1171, 619, 869, 449, 94, 52, 162, 21, 798, 52, 168, 55, 
493, 185, 260, 100, 100, 100, 100, 100, 100, 100, 100, 100, 100, 
100, 2500, 2500, 2500, 2500, 2500, 2500, 2500, 2500, 2500, 2500, 
2500, 13698.027, 20612.424, 19341.816, 76152.291, 21962.302, 
22839.698, 26631.328, 30146.612, 30906.227, 29975.346, 40985.1420000001, 
3.32499, -0.07159, 0.17275, 0.05801, -0.31034, -0.12001, -0.194, 
0.61196, -0.21332, 0.141, -0.36963, -5.1813, 0.30023, -1.34346, 
-0.96589, -0.36274, -0.87385, -0.42643, -0.59555, -1.00049, -0.76099, 
-0.53173, 0, 0, 0, 0, 0, 0, 0, 0, 0, 0, 0, 0, 0, 0, 0, 0, 0, 
0, 0, 0, 0, 0, 0.94027, 0.92878, 0.93148, 0.929, 0.93076, 0.93176, 
0.9336, 0.93248, 0.93581, 0.93755, 0.93561, 0.93795, 0.92877, 
0.93149, 0.9278, 0.92965, 0.93176, 0.93311, 0.93156, 0.93538, 
0.93633, 0.93561, 0.1708, 0.4152, 0.3287, 0.4146, 0.5608, 0.531, 
0.6556, 0.7592, 0.7063, 0.8667, 0.9524, 193.8, 606.1, 419.5, 
496.6, 614.7, 554.5, 667.9, 665.5, 634, 699.6, 770.8, 548, 278, 
162, 1118, 2348, 640, 125, 1404, 1936, 563, 1868, 2, 2, 3, 2, 
1, 4, 3, 1, 1, 1, 1, 100, 100, 100, 100, 100, 100, 100, 100, 
100, 100, 100, 2500, 2500, 2500, 2500, 2500, 2500, 2500, 2500, 
2500, 2500, 2500, 16667.433, 20346.148, 24399.699, 26780.867, 
31358.972, 32732.661, 42250.025, 48112.9, 49217.6189999999, 54208.093, 
58744.903, 1, 1, 1, 1, 1, 1, 1, 1, 1, 1, 1, 0.06667, 0.06667, 
0.06667, 0.06667, 0.06667, 0.06667, 0.06667, 0.06667, 0.06667, 
0.06667, 0.06667, 0, 0, 0, 0, 0, 0, 0, 0, 0, 0, 0, 0, 0, 0, 0, 
0, 0, 0, 0, 0, 0, 0, 0.93639, 0.92666, 0.92889, 0.92662, 0.92909, 
0.93072, 0.93165, 0.93157, 0.93365, 0.93429, 0.93406, 0.93562, 
0.92807, 0.92824, 0.92722, 0.92909, 0.93072, 0.93165, 0.93157, 
0.93322, 0.93429, 0.93406, 0.1656, 0.2096, 0.2608, 0.2846, 0.3292, 
0.356, 0.4468, 0.5088, 0.5916, 0.5699, 0.6809, 221.7, 266.6, 
286, 305.6, 327.6, 341.7, 364.8, 386.6, 404.7, 426.2, 442.7, 
1, 1, 1, 1, 1, 1, 1, 1, 1, 1, 1, 1, 1, 1, 1, 1, 1, 1, 1, 1, 1, 
1, 1, 1, 1, 1, 1, 1, 1, 1, 1, 1, 1, 1, 1, 1, 1, 1, 1, 1, 1, 1, 
1, 1, 4.672, 5.056, 5.731, 6.106, 6.484, 6.67, 9.021, 9.565, 
10.736, 8.784, 11.356), .Dim = c(11L, 40L), .Dimnames = list(
    NULL, c("Sampling", "PSO.cost", "PSO.gamma", "PSO.data.balancing", 
    "PSO.feature.selection", "PSO.valid.acc", "PSO.test.acc", 
    "PSO.train.time", "PSO.n.support.vectors", "PSO.index", "PSO.n.solutions", 
    "PSO.generations", "PSO.n.evaluations", "PSO.cpu.time", "RS.cost", 
    "RS.gamma", "RS.data.balancing", "RS.feature.selection", 
    "RS.valid.acc", "RS.test.acc", "RS.train.time", "RS.n.support.vectors", 
    "RS.index", "RS.n.solutions", "RS.generations", "RS.n.evaluations", 
    "RS.cpu.time", "DF.cost", "DF.gamma", "DF.data.balancing", 
    "DF.feature.selection", "DF.valid.acc", "DF.test.acc", "DF.train.time", 
    "DF.n.support.vectors", "DF.index", "DF.n.solutions", "DF.generations", 
    "DF.n.evaluations", "DF.cpu.time")))
