full <-
structure(c(50, 55, 60, 65, 70, 75, 80, 85, 90, 95, 100, 9.79538, 
1, 1, 1, 0.37709, 0.31475, 14.94613, -0.08105, -0.41533, -0.30782, 
-0.24792, -12.36475, 0.06667, 0.06667, 0.06667, -0.27371, -0.41436, 
-11.76986, -0.68721, 0.21665, -0.55049, -0.41358, 0, 0, 0, 0, 
0, 0, 0, 0, 0, 0, 0, 0, 0, 0, 0, 0, 0, 0, 0, 0, 0, 0, 0.9426, 
0.94571, 0.94507, 0.94392, 0.9435, 0.94313, 0.94135, 0.94206, 
0.94011, 0.93878, 0.93639, 0.9426, 0.94571, 0.94507, 0.94392, 
0.94239, 0.94313, 0.94087, 0.94161, 0.94011, 0.93878, 0.93639, 
0.4723, 0.197, 0.2238, 0.2543, 0.5391, 0.5863, 3.6749, 0.6617, 
0.9547, 0.8572, 1.0018, 188.5, 222.8, 245.1, 265.8, 585, 600.2, 
234.4, 631.2, 847.4, 723, 799.1, 3, 1, 1, 1, 2387, 1010, 360, 
324, 2173, 138, 495, 2122, 1831, 1740, 2053, 1, 75, 118, 672, 
48, 204, 194, 100, 100, 100, 100, 100, 100, 100, 100, 100, 100, 
100, 2500, 2500, 2500, 2500, 2500, 2500, 2500, 2500, 2500, 2500, 
2500, 15632.072, 16046.921, 20144.964, 20263.925, 21686.106, 
25347.983, 41766.527, 29287.01, 37262.383, 38827.9020000001, 
45792.317, 0.08282, 11.95705, 13.72236, 5.10097, 0.32449, 0.37682, 
13.41796, -0.15704, -0.30508, -0.33989, -0.0743, -1.31319, -12.68373, 
-13.56004, -8.29418, -0.8988, -0.4728, -10.83371, -0.7619, -0.15137, 
0.04938, -0.26682, 0, 0, 0, 0, 0, 0, 0, 0, 0, 0, 0, 0, 0, 0, 
0, 0, 0, 0, 0, 0, 0, 0, 0.9426, 0.94571, 0.94507, 0.94392, 0.94294, 
0.94313, 0.94135, 0.94161, 0.94011, 0.93797, 0.93639, 0.94105, 
0.94571, 0.94507, 0.94392, 0.94128, 0.94313, 0.94038, 0.94161, 
0.94011, 0.93756, 0.93639, 0.2317, 0.9091, 1.1603, 0.3691, 0.4605, 
0.5775, 2.8337, 0.6622, 0.8982, 0.9767, 1.0516, 328.9, 168.7, 
168.4, 219.1, 488.8, 591.4, 240.4, 618.8, 778.9, 847, 830.8, 
1372, 1, 1, 1, 209, 183, 107, 170, 220, 2124, 23, 1099, 1122, 
1011, 1126, 3, 1, 13, 2, 4, 1, 3, 100, 100, 100, 100, 100, 100, 
100, 100, 100, 100, 100, 2500, 2500, 2500, 2500, 2500, 2500, 
2500, 2500, 2500, 2500, 2500, 16374.199, 19273.64, 19492.77, 
23209.905, 28587.604, 32062.286, 35467.047, 40604.611, 46097.161, 
52360.186, 61226.8929999999, 1, 1, 1, 1, 1, 1, 1, 1, 1, 1, 1, 
0.06667, 0.06667, 0.06667, 0.06667, 0.06667, 0.06667, 0.06667, 
0.06667, 0.06667, 0.06667, 0.06667, 0, 0, 0, 0, 0, 0, 0, 0, 0, 
0, 0, 0, 0, 0, 0, 0, 0, 0, 0, 0, 0, 0, 0.94182, 0.94571, 0.94507, 
0.94392, 0.94239, 0.94209, 0.94087, 0.93933, 0.93882, 0.93715, 
0.93406, 0.9426, 0.94571, 0.94507, 0.94392, 0.94239, 0.94209, 
0.94087, 0.93933, 0.93882, 0.93715, 0.93406, 0.1712, 0.183, 0.2194, 
0.2573, 0.3112, 0.3509, 0.3916, 0.4568, 0.4942, 0.5636, 0.6584, 
210.1, 222.8, 245.1, 265.8, 291.6, 316.8, 338.5, 362.4, 375.6, 
410.8, 445.9, 1, 1, 1, 1, 1, 1, 1, 1, 1, 1, 1, 1, 1, 1, 1, 1, 
1, 1, 1, 1, 1, 1, 1, 1, 1, 1, 1, 1, 1, 1, 1, 1, 1, 1, 1, 1, 1, 
1, 1, 1, 1, 1, 1, 1, 4.758, 5.583, 5.063, 5.525, 6.833, 7.186, 
7.713, 8.405, 8.814, 9.65, 9.928), .Dim = c(11L, 40L), .Dimnames = list(
    NULL, c("Sampling", "PSO.cost", "PSO.gamma", "PSO.data.balancing", 
    "PSO.feature.selection", "PSO.valid.acc", "PSO.test.acc", 
    "PSO.train.time", "PSO.n.support.vectors", "PSO.index", "PSO.n.solutions", 
    "PSO.generations", "PSO.n.evaluations", "PSO.cpu.time", "RS.cost", 
    "RS.gamma", "RS.data.balancing", "RS.feature.selection", 
    "RS.valid.acc", "RS.test.acc", "RS.train.time", "RS.n.support.vectors", 
    "RS.index", "RS.n.solutions", "RS.generations", "RS.n.evaluations", 
    "RS.cpu.time", "DF.cost", "DF.gamma", "DF.data.balancing", 
    "DF.feature.selection", "DF.valid.acc", "DF.test.acc", "DF.train.time", 
    "DF.n.support.vectors", "DF.index", "DF.n.solutions", "DF.generations", 
    "DF.n.evaluations", "DF.cpu.time")))
