full <-
structure(c(50, 55, 60, 65, 70, 75, 80, 85, 90, 95, 100, 0.09544, 
0.02964, -0.03866, -0.20964, -0.11702, -0.04242, 0.07683, -0.02086, 
-0.28234, -0.08784, -0.34252, 0.63554, 0.43391, 0.63109, 0.34243, 
0.19005, 0.74772, 1.07744, 0.35941, -0.13645, 0.65177, -0.70074, 
0, 0, 0, 0, 0, 0, 0, 0, 0, 0, 0, 0, 0, 0, 0, 0, 0, 0, 0, 0, 0, 
0, 0.93871, 0.94077, 0.93989, 0.93795, 0.9363, 0.93744, 0.93602, 
0.93614, 0.93537, 0.93633, 0.936, 0.93794, 0.94077, 0.93989, 
0.93795, 0.9363, 0.93744, 0.93456, 0.93568, 0.93494, 0.93633, 
0.93445, 0.378, 0.417, 0.525, 0.5621, 0.614, 0.7867, 1.0166, 
0.8774, 0.8904, 1.142, 0.9528, 573.9, 597.1, 670.8, 678.9, 699, 
825.7, 934.6, 839.5, 788.1, 966.7, 735.6, 311, 407, 468, 196, 
488, 577, 325, 1577, 194, 1713, 507, 768, 522, 137, 290, 91, 
272, 349, 29, 462, 11, 611, 100, 100, 100, 100, 100, 100, 100, 
100, 100, 100, 100, 2500, 2500, 2500, 2500, 2500, 2500, 2500, 
2500, 2500, 2500, 2500, 16472.341, 17705.421, 18499.256, 19762.34, 
20848.228, 27674.856, 28824.332, 24317.751, 33229.533, 31584.414, 
37525.081, 0.30909, 0.06498, 0.03273, 1.51303, -0.16103, -0.12308, 
-0.0549, -0.03237, -0.20853, -0.24291, -0.52767, 0.90453, 0.71642, 
0.55099, -4.54718, 0.35377, 0.97619, 0.32175, 0.31733, 0.15153, 
-0.18154, -0.75991, 0, 0, 0, 0, 0, 0, 0, 0, 0, 0, 0, 0, 0, 0, 
0, 0, 0, 0, 0, 0, 0, 0, 0.93871, 0.94077, 0.93989, 0.93796, 0.9363, 
0.93692, 0.93505, 0.93614, 0.93537, 0.93633, 0.93522, 0.93794, 
0.94007, 0.93989, 0.93736, 0.9363, 0.93641, 0.93505, 0.93568, 
0.93494, 0.93633, 0.93444, 0.4186, 0.4963, 0.4991, 0.2913, 0.6387, 
0.8683, 0.7897, 0.8668, 0.9302, 0.9232, 0.9249, 602.5, 634.3, 
659.8, 271.7, 726.9, 857.7, 800.9, 830.5, 843.3, 797.3, 726.1, 
1129, 403, 523, 578, 27, 71, 147, 1068, 1603, 1184, 1441, 4, 
5, 2, 1, 4, 9, 12, 3, 1, 1, 2, 100, 100, 100, 100, 100, 100, 
100, 100, 100, 100, 100, 2500, 2500, 2500, 2500, 2500, 2500, 
2500, 2500, 2500, 2500, 2500, 17097.568, 20218.1, 22818.927, 
26377.205, 30434.479, 34731.2, 39378.16, 42904.861, 50002.618, 
50898.562, 60675.6409999999, 1, 1, 1, 1, 1, 1, 1, 1, 1, 1, 1, 
0.06667, 0.06667, 0.06667, 0.06667, 0.06667, 0.06667, 0.06667, 
0.06667, 0.06667, 0.06667, 0.06667, 0, 0, 0, 0, 0, 0, 0, 0, 0, 
0, 0, 0, 0, 0, 0, 0, 0, 0, 0, 0, 0, 0, 0.93639, 0.93866, 0.9386, 
0.93736, 0.93574, 0.93589, 0.93456, 0.93431, 0.93408, 0.93551, 
0.93406, 0.93639, 0.93866, 0.9386, 0.93736, 0.93574, 0.93589, 
0.93456, 0.93477, 0.93408, 0.93551, 0.93406, 0.1764, 0.2053, 
0.2544, 0.2873, 0.3314, 0.3803, 0.4297, 0.4747, 0.5299, 0.5768, 
0.6414, 226.7, 249.6, 271.2, 291, 320.8, 344.6, 364, 384.5, 403.7, 
414, 444.9, 1, 1, 1, 1, 1, 1, 1, 1, 1, 1, 1, 1, 1, 1, 1, 1, 1, 
1, 1, 1, 1, 1, 1, 1, 1, 1, 1, 1, 1, 1, 1, 1, 1, 1, 1, 1, 1, 1, 
1, 1, 1, 1, 1, 1, 4.688, 5.067, 5.594, 6.075, 6.375, 6.925, 7.491, 
7.805, 8.452, 9.155, 9.936), .Dim = c(11L, 40L), .Dimnames = list(
    NULL, c("Sampling", "PSO.cost", "PSO.gamma", "PSO.data.balancing", 
    "PSO.feature.selection", "PSO.valid.acc", "PSO.test.acc", 
    "PSO.train.time", "PSO.n.support.vectors", "PSO.index", "PSO.n.solutions", 
    "PSO.generations", "PSO.n.evaluations", "PSO.cpu.time", "RS.cost", 
    "RS.gamma", "RS.data.balancing", "RS.feature.selection", 
    "RS.valid.acc", "RS.test.acc", "RS.train.time", "RS.n.support.vectors", 
    "RS.index", "RS.n.solutions", "RS.generations", "RS.n.evaluations", 
    "RS.cpu.time", "DF.cost", "DF.gamma", "DF.data.balancing", 
    "DF.feature.selection", "DF.valid.acc", "DF.test.acc", "DF.train.time", 
    "DF.n.support.vectors", "DF.index", "DF.n.solutions", "DF.generations", 
    "DF.n.evaluations", "DF.cpu.time")))
