full <-
structure(c(50, 55, 60, 65, 70, 75, 80, 85, 90, 95, 100, 2.69435, 
-0.16397, -0.16164, -0.04663, -0.18515, -0.21968, -0.19633, -0.35545, 
-0.04645, -0.20221, -0.31302, -3.41097, -0.51427, -0.60442, -0.90308, 
-1.53773, -0.15165, -0.71745, -0.33684, -0.77843, -0.61272, -0.70784, 
0, 0, 0, 0, 0, 0, 0, 0, 0, 0, 0, 0, 0, 0, 0, 0, 0, 0, 0, 0, 0, 
0, 0.94103, 0.94219, 0.94506, 0.94332, 0.94017, 0.94002, 0.94086, 
0.9375, 0.93753, 0.93715, 0.93483, 0.9387, 0.94149, 0.94313, 
0.94213, 0.94017, 0.9395, 0.94086, 0.93613, 0.93667, 0.93551, 
0.93522, 0.1755, 0.3528, 0.3802, 0.3958, 0.3937, 0.6462, 0.6122, 
0.7482, 0.8057, 0.9505, 0.9305, 222.5, 487.5, 497, 480.8, 429, 
684.9, 610, 721.5, 664, 736.9, 735.9, 874, 505, 203, 323, 500, 
767, 1580, 449, 922, 1899, 1636, 33, 200, 355, 659, 506, 120, 
9, 173, 124, 8, 92, 100, 100, 100, 100, 100, 100, 100, 100, 100, 
100, 100, 2500, 2500, 2500, 2500, 2500, 2500, 2500, 2500, 2500, 
2500, 2500, 14249.547, 14790.11, 17265.228, 17899.708, 19444.899, 
26153.737, 26017.509, 29601.792, 35541.476, 45741.3540000001, 
36136.679, 3.09406, -0.43863, -0.45933, 0.02044, -0.1838, -0.11015, 
-0.2788, -0.42166, 0.00391, -0.01324, -0.73898, -3.63713, -0.92175, 
-1.0223, -1.16505, -1.05003, -0.61386, -0.74593, -0.37745, -1.1856, 
-0.50941, -0.29149, 0, 0, 0, 0, 0, 0, 0, 0, 0, 0, 0, 0, 0, 0, 
0, 0, 0, 0, 0, 0, 0, 0, 0.94025, 0.94148, 0.94442, 0.94153, 0.94017, 
0.93899, 0.94038, 0.9375, 0.93667, 0.93633, 0.93444, 0.93792, 
0.94149, 0.94313, 0.94153, 0.93962, 0.93951, 0.94086, 0.93613, 
0.93537, 0.93511, 0.93406, 0.1691, 0.3044, 0.3421, 0.3651, 0.4424, 
0.5659, 0.603, 0.7622, 0.7008, 0.8759, 1.0091, 211.8, 426.7, 
435.8, 442, 489.9, 593.6, 603.7, 713.6, 589.2, 757.9, 823.8, 
309, 137, 178, 1225, 149, 598, 2084, 1089, 427, 1327, 982, 2, 
9, 4, 2, 1, 6, 1, 1, 2, 1, 1, 100, 100, 100, 100, 100, 100, 100, 
100, 100, 100, 100, 2500, 2500, 2500, 2500, 2500, 2500, 2500, 
2500, 2500, 2500, 2500, 16298.538, 18349.129, 20080.034, 24780.308, 
27045.78, 33279.225, 37787.486, 45598.24, 54663.61, 60301.865, 
58824.947, 1, 1, 1, 1, 1, 1, 1, 1, 1, 1, 1, 0.06667, 0.06667, 
0.06667, 0.06667, 0.06667, 0.06667, 0.06667, 0.06667, 0.06667, 
0.06667, 0.06667, 0, 0, 0, 0, 0, 0, 0, 0, 0, 0, 0, 0, 0, 0, 0, 
0, 0, 0, 0, 0, 0, 0, 0.93717, 0.93866, 0.94054, 0.93796, 0.93574, 
0.93744, 0.93698, 0.93568, 0.93537, 0.93429, 0.93406, 0.93717, 
0.93866, 0.94054, 0.93796, 0.93518, 0.93744, 0.93698, 0.93568, 
0.93537, 0.93429, 0.93406, 0.1613, 0.1837, 0.2082, 0.2561, 0.2964, 
0.3334, 0.3843, 0.4786, 0.578, 0.5763, 0.6367, 213.9, 227.7, 
242, 268.3, 293.4, 311.9, 341.2, 365.1, 388.3, 418.4, 446.6, 
1, 1, 1, 1, 1, 1, 1, 1, 1, 1, 1, 1, 1, 1, 1, 1, 1, 1, 1, 1, 1, 
1, 1, 1, 1, 1, 1, 1, 1, 1, 1, 1, 1, 1, 1, 1, 1, 1, 1, 1, 1, 1, 
1, 1, 4.427, 4.704, 5.094, 5.535, 6.064, 6.387, 7.176, 9.54, 
10.858, 9.108, 9.837), .Dim = c(11L, 40L), .Dimnames = list(NULL, 
    c("Sampling", "PSO.cost", "PSO.gamma", "PSO.data.balancing", 
    "PSO.feature.selection", "PSO.valid.acc", "PSO.test.acc", 
    "PSO.train.time", "PSO.n.support.vectors", "PSO.index", "PSO.n.solutions", 
    "PSO.generations", "PSO.n.evaluations", "PSO.cpu.time", "RS.cost", 
    "RS.gamma", "RS.data.balancing", "RS.feature.selection", 
    "RS.valid.acc", "RS.test.acc", "RS.train.time", "RS.n.support.vectors", 
    "RS.index", "RS.n.solutions", "RS.generations", "RS.n.evaluations", 
    "RS.cpu.time", "DF.cost", "DF.gamma", "DF.data.balancing", 
    "DF.feature.selection", "DF.valid.acc", "DF.test.acc", "DF.train.time", 
    "DF.n.support.vectors", "DF.index", "DF.n.solutions", "DF.generations", 
    "DF.n.evaluations", "DF.cpu.time")))
