full <-
structure(c(50, 55, 60, 65, 70, 75, 80, 85, 90, 95, 100, 0.44009, 
-0.12955, -0.19559, 0.03992, 0.00138, -0.24614, -0.14133, 2.04801, 
6.93119, 0.01663, 0.02132, -0.89585, -0.78475, -0.59898, -0.62616, 
-0.75536, -1.00507, -1.01877, -8.08846, -7.52496, 0.88325, -0.74497, 
0, 0, 0, 0, 0, 0, 0, 0, 0, 0, 0, 0, 0, 0, 0, 0, 0, 0, 0, 0, 0, 
0, 0.93174, 0.93231, 0.93214, 0.93139, 0.93463, 0.93329, 0.93262, 
0.93203, 0.93279, 0.9347, 0.93638, 0.93173, 0.93161, 0.92955, 
0.9308, 0.93407, 0.93278, 0.93165, 0.93203, 0.9315, 0.93429, 
0.93483, 0.2666, 0.3264, 0.3953, 0.449, 0.4836, 0.5478, 0.5967, 
0.5998, 1.0585, 1.3296, 0.9563, 391.9, 439.7, 495.4, 526.4, 527.5, 
533.2, 562, 379.5, 325.8, 1026.2, 726.9, 213, 561, 911, 1489, 
1107, 1637, 165, 2, 74, 2302, 1825, 78, 262, 43, 23, 169, 20, 
134, 1939, 235, 8, 20, 100, 100, 100, 100, 100, 100, 100, 100, 
100, 100, 100, 2500, 2500, 2500, 2500, 2500, 2500, 2500, 2500, 
2500, 2500, 2500, 22815.208, 18344.598, 17695.895, 23487.175, 
27796.12, 24391.491, 33159.414, 38597.1, 51306.119, 45882.2509999999, 
42611.277, 0.38527, -0.03735, -0.09537, -0.0409, -0.41597, -0.12637, 
-0.22365, -0.13961, -0.40011, -0.14042, -0.36275, -1.09931, -0.14863, 
-0.4083, -0.83178, -0.55332, -0.83008, -0.77142, -1.11701, -0.69934, 
0.25511, -0.71982, 0, 0, 0, 0, 0, 0, 0, 0, 0, 0, 0, 0, 0, 0, 
0, 0, 0, 0, 0, 0, 0, 0, 0.93174, 0.93231, 0.9315, 0.9308, 0.93352, 
0.93329, 0.93262, 0.93248, 0.93365, 0.9347, 0.93522, 0.93096, 
0.9302, 0.92891, 0.9314, 0.93352, 0.93381, 0.93165, 0.93248, 
0.93279, 0.93429, 0.93561, 0.2535, 0.3781, 0.4088, 0.4294, 0.4992, 
0.5686, 0.6294, 0.6335, 0.7967, 1.0948, 0.9499, 372.3, 516.7, 
520.3, 501.7, 557, 554.2, 597, 578.4, 681.9, 902.7, 732.5, 1274, 
381, 173, 687, 322, 307, 111, 1073, 1302, 2469, 879, 1, 2, 5, 
1180, 1087, 1, 2, 2, 1, 2, 2, 100, 100, 100, 100, 100, 100, 100, 
100, 100, 100, 100, 2500, 2500, 2500, 2500, 2500, 2500, 2500, 
2500, 2500, 2500, 2500, 18582.646, 21265.885, 24183.134, 27911.217, 
31846.438, 36966.409, 40578.728, 45042.693, 54180.052, 61280.478, 
65094.054, 1, 1, 1, 1, 1, 1, 1, 1, 1, 1, 1, 0.06667, 0.06667, 
0.06667, 0.06667, 0.06667, 0.06667, 0.06667, 0.06667, 0.06667, 
0.06667, 0.06667, 0, 0, 0, 0, 0, 0, 0, 0, 0, 0, 0, 0, 0, 0, 0, 
0, 0, 0, 0, 0, 0, 0, 0.93096, 0.9309, 0.9302, 0.9308, 0.93352, 
0.93278, 0.93214, 0.93111, 0.93193, 0.93347, 0.93406, 0.93096, 
0.9309, 0.9302, 0.9308, 0.93352, 0.93278, 0.93214, 0.93203, 0.9315, 
0.93347, 0.93406, 0.1923, 0.2228, 0.2625, 0.3011, 0.3381, 0.4015, 
0.4377, 0.4964, 0.55, 0.6438, 0.7017, 239.7, 259.6, 279.1, 299.3, 
314.3, 332.8, 358.5, 387.1, 400.4, 426.1, 446.8, 1, 1, 1, 1, 
1, 1, 1, 1, 1, 1, 1, 1, 1, 1, 1, 1, 1, 1, 1, 1, 1, 1, 1, 1, 1, 
1, 1, 1, 1, 1, 1, 1, 1, 1, 1, 1, 1, 1, 1, 1, 1, 1, 1, 1, 4.874, 
5.161, 5.726, 6.156, 6.487, 8.101, 8.245, 8.796, 9.392, 10.393, 
11.146), .Dim = c(11L, 40L), .Dimnames = list(NULL, c("Sampling", 
"PSO.cost", "PSO.gamma", "PSO.data.balancing", "PSO.feature.selection", 
"PSO.valid.acc", "PSO.test.acc", "PSO.train.time", "PSO.n.support.vectors", 
"PSO.index", "PSO.n.solutions", "PSO.generations", "PSO.n.evaluations", 
"PSO.cpu.time", "RS.cost", "RS.gamma", "RS.data.balancing", "RS.feature.selection", 
"RS.valid.acc", "RS.test.acc", "RS.train.time", "RS.n.support.vectors", 
"RS.index", "RS.n.solutions", "RS.generations", "RS.n.evaluations", 
"RS.cpu.time", "DF.cost", "DF.gamma", "DF.data.balancing", "DF.feature.selection", 
"DF.valid.acc", "DF.test.acc", "DF.train.time", "DF.n.support.vectors", 
"DF.index", "DF.n.solutions", "DF.generations", "DF.n.evaluations", 
"DF.cpu.time")))
