full <-
structure(c(50, 55, 60, 65, 70, 75, 80, 85, 90, 95, 100, -0.05794, 
0.08876, 6.70984, -0.09878, -0.1333, -0.13341, -0.07356, -0.06871, 
-0.35933, -0.37639, -0.1356, -0.61941, -0.52587, -7.33939, -0.48481, 
-0.71034, -0.47216, -0.35429, -0.83402, -0.89199, -0.41884, -0.62065, 
0, 0, 0, 0, 0, 0, 0, 0, 0, 0, 0, 0, 0, 0, 0, 0, 0, 0, 0, 0, 0, 
0, 0.92632, 0.92596, 0.92696, 0.92901, 0.92909, 0.93279, 0.93166, 
0.93249, 0.93451, 0.93388, 0.93638, 0.92554, 0.92525, 0.92502, 
0.92841, 0.92798, 0.93279, 0.93166, 0.93157, 0.93279, 0.93307, 
0.93561, 0.29, 0.3498, 0.3983, 0.4577, 0.5029, 0.6103, 0.6967, 
0.7026, 0.7567, 0.9044, 0.9356, 436, 477.7, 238.3, 553.6, 551.9, 
626.5, 685.6, 632.7, 647, 765.1, 750.8, 724, 1953, 21, 1029, 
428, 963, 1263, 533, 769, 771, 286, 207, 3, 287, 97, 758, 278, 
89, 572, 296, 152, 275, 100, 100, 100, 100, 100, 100, 100, 100, 
100, 100, 100, 2500, 2500, 2500, 2500, 2500, 2500, 2500, 2500, 
2500, 2500, 2500, 14773.636, 21652.945, 22668.372, 19944.362, 
22607.173, 25067.909, 27678.094, 30214.608, 33892.244, 38612.9689999999, 
32588.9349999999, -0.11966, 0.08253, 7.13018, -0.16563, -0.36319, 
-0.06515, -0.08023, -0.08298, -0.26883, -0.59395, -0.13394, -0.81394, 
-0.83155, -7.5654, -0.32278, -0.72235, -0.17786, -0.45539, -1.05721, 
-0.13631, -0.60429, -0.64253, 0, 0, 0, 0, 0, 0, 0, 0, 0, 0, 0, 
0, 0, 0, 0, 0, 0, 0, 0, 0, 0, 0, 0.92632, 0.92596, 0.92696, 0.92841, 
0.92909, 0.93227, 0.93117, 0.93249, 0.93365, 0.93347, 0.93638, 
0.92554, 0.92525, 0.92502, 0.92781, 0.92798, 0.93279, 0.93166, 
0.93203, 0.93279, 0.93266, 0.93561, 0.2811, 0.316, 0.427, 0.4827, 
0.4995, 0.6617, 0.7061, 0.7033, 0.8785, 0.8917, 0.9693, 414.4, 
441.4, 235.6, 577.5, 550.9, 676.6, 668, 596.1, 788.9, 727.9, 
748, 440, 82, 14, 1183, 590, 997, 166, 366, 849, 27, 1759, 6, 
2, 22, 2, 4, 3, 1, 1, 4, 4, 1, 100, 100, 100, 100, 100, 100, 
100, 100, 100, 100, 100, 2500, 2500, 2500, 2500, 2500, 2500, 
2500, 2500, 2500, 2500, 2500, 18620.172, 21078.107, 23942.151, 
26748.546, 32354.007, 35537.318, 41490.864, 50557.189, 54386.532, 
57364.9790000001, 65262.1410000001, 1, 1, 1, 1, 1, 1, 1, 1, 1, 
1, 1, 0.06667, 0.06667, 0.06667, 0.06667, 0.06667, 0.06667, 0.06667, 
0.06667, 0.06667, 0.06667, 0.06667, 0, 0, 0, 0, 0, 0, 0, 0, 0, 
0, 0, 0, 0, 0, 0, 0, 0, 0, 0, 0, 0, 0, 0.92399, 0.92525, 0.92632, 
0.92721, 0.92743, 0.92968, 0.92924, 0.92929, 0.93193, 0.93266, 
0.93406, 0.9232, 0.92525, 0.92632, 0.92721, 0.92743, 0.92917, 
0.92875, 0.92975, 0.93193, 0.93266, 0.93406, 0.196, 0.2308, 0.2624, 
0.2981, 0.3271, 0.366, 0.4452, 0.4843, 0.5445, 0.5874, 0.693, 
256.6, 275.7, 294.5, 317.7, 327.6, 338.8, 368.2, 391.5, 410.1, 
428.5, 445.7, 1, 1, 1, 1, 1, 1, 1, 1, 1, 1, 1, 1, 1, 1, 1, 1, 
1, 1, 1, 1, 1, 1, 1, 1, 1, 1, 1, 1, 1, 1, 1, 1, 1, 1, 1, 1, 1, 
1, 1, 1, 1, 1, 1, 1, 5.161, 5.411, 5.693, 6.174, 7.263, 7.634, 
8.694, 9.076, 9.788, 9.212, 12.089), .Dim = c(11L, 40L), .Dimnames = list(
    NULL, c("Sampling", "PSO.cost", "PSO.gamma", "PSO.data.balancing", 
    "PSO.feature.selection", "PSO.valid.acc", "PSO.test.acc", 
    "PSO.train.time", "PSO.n.support.vectors", "PSO.index", "PSO.n.solutions", 
    "PSO.generations", "PSO.n.evaluations", "PSO.cpu.time", "RS.cost", 
    "RS.gamma", "RS.data.balancing", "RS.feature.selection", 
    "RS.valid.acc", "RS.test.acc", "RS.train.time", "RS.n.support.vectors", 
    "RS.index", "RS.n.solutions", "RS.generations", "RS.n.evaluations", 
    "RS.cpu.time", "DF.cost", "DF.gamma", "DF.data.balancing", 
    "DF.feature.selection", "DF.valid.acc", "DF.test.acc", "DF.train.time", 
    "DF.n.support.vectors", "DF.index", "DF.n.solutions", "DF.generations", 
    "DF.n.evaluations", "DF.cpu.time")))
