full <-
structure(c(50, 55, 60, 65, 70, 75, 80, 85, 90, 95, 100, 0.66134, 
1, 0.35217, 0.35432, 0.57141, -0.2656, 0.07155, -0.1039, 3.59786, 
-0.23568, -0.06217, -0.22407, 0.06667, -0.31135, -0.21982, -0.75286, 
-0.23611, 1.03202, -0.811, -5.69084, -0.84042, -0.72849, 0, 0, 
0, 0, 0, 0, 0, 0, 0, 0, 0, 0, 0, 0, 0, 0, 0, 0, 0, 0, 0, 0, 0.94416, 
0.94218, 0.93925, 0.93796, 0.93907, 0.93899, 0.93942, 0.93933, 
0.93753, 0.93918, 0.936, 0.9426, 0.94218, 0.93795, 0.93736, 0.93851, 
0.93847, 0.93942, 0.9375, 0.93667, 0.93796, 0.93561, 0.3042, 
0.2066, 0.4294, 0.5448, 0.4975, 0.6688, 1.0189, 0.6821, 0.5716, 
0.8361, 0.9832, 465.6, 235.7, 549.6, 597.5, 536.5, 653.5, 907.7, 
620.1, 328, 679.7, 728.6, 361, 1, 179, 622, 2125, 557, 273, 1080, 
382, 1020, 980, 420, 1866, 209, 198, 2, 319, 129, 148, 361, 192, 
228, 100, 100, 100, 100, 100, 100, 100, 100, 100, 100, 100, 2500, 
2500, 2500, 2500, 2500, 2500, 2500, 2500, 2500, 2500, 2500, 16411.014, 
24140.676, 19379.238, 20068.459, 24727.252, 26662.372, 30610.262, 
28366.767, 32528.02, 42048.937, 36306.5079999999, 0.37786, -0.03065, 
0.32882, 0.03596, 0.3206, -0.21152, -0.06999, -0.00183, -0.31324, 
0.03747, 0.00364, -0.63873, -1.05509, -0.28831, -0.93197, -0.6834, 
0.06074, 0.93875, -0.79488, -1.29147, -0.44358, -0.24481, 0, 
0, 0, 0, 0, 0, 0, 0, 0, 0, 0, 0, 0, 0, 0, 0, 0, 0, 0, 0, 0, 0, 
0.94338, 0.94288, 0.93925, 0.93736, 0.93906, 0.93899, 0.93942, 
0.93841, 0.93839, 0.93878, 0.93522, 0.94338, 0.94217, 0.93795, 
0.93677, 0.93906, 0.93847, 0.93942, 0.93841, 0.93839, 0.93878, 
0.93522, 0.2693, 0.2869, 0.4441, 0.4217, 0.5245, 0.6816, 0.9774, 
0.6725, 0.655, 0.9326, 1.1019, 417.6, 397, 552.7, 488.4, 550.5, 
706.3, 891.7, 623.1, 566.9, 749, 831.4, 915, 115, 2100, 2107, 
2298, 392, 318, 1016, 658, 2305, 390, 3, 2, 1, 3, 1, 3, 14, 1, 
1, 1, 2, 100, 100, 100, 100, 100, 100, 100, 100, 100, 100, 100, 
2500, 2500, 2500, 2500, 2500, 2500, 2500, 2500, 2500, 2500, 2500, 
18730.254, 21431.045, 25190.644, 29754.326, 32168.96, 36547.435, 
39873.454, 42156.816, 46684.094, 56463.6969999999, 64426.6089999999, 
1, 1, 1, 1, 1, 1, 1, 1, 1, 1, 1, 0.06667, 0.06667, 0.06667, 0.06667, 
0.06667, 0.06667, 0.06667, 0.06667, 0.06667, 0.06667, 0.06667, 
0, 0, 0, 0, 0, 0, 0, 0, 0, 0, 0, 0, 0, 0, 0, 0, 0, 0, 0, 0, 0, 
0, 0.9426, 0.94218, 0.93796, 0.93616, 0.9363, 0.93744, 0.93893, 
0.93659, 0.93624, 0.93674, 0.93406, 0.9426, 0.94218, 0.93796, 
0.93676, 0.93685, 0.93744, 0.93893, 0.93613, 0.93624, 0.93674, 
0.93367, 0.1664, 0.2067, 0.2486, 0.2862, 0.3541, 0.3711, 0.4168, 
0.455, 0.5216, 0.6315, 0.6955, 218, 235.7, 267.6, 296.7, 318.6, 
331.3, 344.4, 368.2, 392, 420.2, 446.7, 1, 1, 1, 1, 1, 1, 1, 
1, 1, 1, 1, 1, 1, 1, 1, 1, 1, 1, 1, 1, 1, 1, 1, 1, 1, 1, 1, 1, 
1, 1, 1, 1, 1, 1, 1, 1, 1, 1, 1, 1, 1, 1, 1, 1, 4.872, 5.339, 
5.966, 6.338, 6.705, 7.11, 7.737, 7.72, 8.716, 9.96, 10.987), .Dim = c(11L, 
40L), .Dimnames = list(NULL, c("Sampling", "PSO.cost", "PSO.gamma", 
"PSO.data.balancing", "PSO.feature.selection", "PSO.valid.acc", 
"PSO.test.acc", "PSO.train.time", "PSO.n.support.vectors", "PSO.index", 
"PSO.n.solutions", "PSO.generations", "PSO.n.evaluations", "PSO.cpu.time", 
"RS.cost", "RS.gamma", "RS.data.balancing", "RS.feature.selection", 
"RS.valid.acc", "RS.test.acc", "RS.train.time", "RS.n.support.vectors", 
"RS.index", "RS.n.solutions", "RS.generations", "RS.n.evaluations", 
"RS.cpu.time", "DF.cost", "DF.gamma", "DF.data.balancing", "DF.feature.selection", 
"DF.valid.acc", "DF.test.acc", "DF.train.time", "DF.n.support.vectors", 
"DF.index", "DF.n.solutions", "DF.generations", "DF.n.evaluations", 
"DF.cpu.time")))
