full <-
structure(c(50, 55, 60, 65, 70, 75, 80, 85, 90, 95, 100, 4.80525, 
-0.02394, 0.91118, 3.14087, 3.26797, 13.77479, -0.07248, -0.07789, 
1.32206, 1, -0.29569, -13.65948, -0.90821, -3.52739, -5.43394, 
-5.61064, -14.63692, -0.66471, -0.32831, -4.15454, 0.06667, -0.33918, 
0, 0, 0, 0, 0, 0, 0, 0, 0, 0, 0, 0, 0, 0, 0, 0, 0, 0, 0, 0, 0, 
0, 0.92864, 0.9316, 0.93084, 0.93139, 0.92964, 0.9302, 0.93215, 
0.93386, 0.93365, 0.93429, 0.93639, 0.92864, 0.93089, 0.92954, 
0.93079, 0.92909, 0.9302, 0.93166, 0.93249, 0.93236, 0.93429, 
0.93483, 0.1878, 0.3107, 0.2597, 0.3256, 0.3832, 1.5052, 0.6432, 
0.7612, 0.5552, 0.6231, 0.9886, 274.1, 439.2, 297.4, 270.8, 291.5, 
244.2, 637.8, 715.9, 392.5, 430.7, 807.8, 2, 450, 2114, 58, 170, 
3, 1125, 2319, 1087, 1, 423, 2079, 188, 1, 318, 366, 2328, 113, 
1, 105, 1841, 433, 100, 100, 100, 100, 100, 100, 100, 100, 100, 
100, 100, 2500, 2500, 2500, 2500, 2500, 2500, 2500, 2500, 2500, 
2500, 2500, 15693.861, 15569.93, 18625.099, 22835.977, 20278.422, 
30590.606, 26673.11, 36944.57, 33692.94, 30154.26, 36614.066, 
-0.55046, 0.22838, -0.33571, 4.59361, 3.81885, 12.21967, -0.5631, 
0.03918, -0.15888, -0.20433, -0.16936, -4.59028, -0.31902, -2.76193, 
-6.29112, -5.96802, -14.41428, -0.05824, -0.45955, 0.51142, -0.79644, 
-0.02781, 0, 0, 0, 0, 0, 0, 0, 0, 0, 0, 0, 0, 0, 0, 0, 0, 0, 
0, 0, 0, 0, 0, 0.92864, 0.9316, 0.93019, 0.93139, 0.92964, 0.9302, 
0.93166, 0.9334, 0.93322, 0.93469, 0.93522, 0.92864, 0.9316, 
0.93019, 0.93079, 0.92909, 0.9302, 0.93166, 0.93203, 0.93236, 
0.93388, 0.93483, 0.1784, 0.3621, 0.2757, 0.3657, 0.3958, 1.5183, 
0.7498, 0.7391, 1.0626, 0.8567, 1.0691, 240.4, 511.4, 334.7, 
258.8, 284, 257, 742, 691.3, 918.6, 694.8, 878.9, 4, 517, 5, 
136, 110, 4, 55, 1555, 108, 184, 1457, 1009, 1, 1065, 8, 8, 1074, 
12, 1, 5, 1, 1, 100, 100, 100, 100, 100, 100, 100, 100, 100, 
100, 100, 2500, 2500, 2500, 2500, 2500, 2500, 2500, 2500, 2500, 
2500, 2500, 19128.901, 20021.05, 25071.725, 27669.54, 33255.189, 
38000.072, 41406.159, 46522.374, 49081.979, 58676.201, 61175.6209999999, 
1, 1, 1, 1, 1, 1, 1, 1, 1, 1, 1, 0.06667, 0.06667, 0.06667, 0.06667, 
0.06667, 0.06667, 0.06667, 0.06667, 0.06667, 0.06667, 0.06667, 
0, 0, 0, 0, 0, 0, 0, 0, 0, 0, 0, 0, 0, 0, 0, 0, 0, 0, 0, 0, 0, 
0, 0.92709, 0.93019, 0.93019, 0.9308, 0.92909, 0.92969, 0.93069, 
0.93203, 0.93279, 0.93429, 0.93406, 0.92709, 0.93019, 0.93019, 
0.9308, 0.92909, 0.9302, 0.9302, 0.93157, 0.93279, 0.93429, 0.93406, 
0.1848, 0.2092, 0.2681, 0.3029, 0.3557, 0.4196, 0.4596, 0.5015, 
0.5534, 0.6164, 0.6343, 251, 260.5, 289.7, 307.9, 338, 367.7, 
385.4, 398.1, 410.3, 430.7, 439, 1, 1, 1, 1, 1, 1, 1, 1, 1, 1, 
1, 1, 1, 1, 1, 1, 1, 1, 1, 1, 1, 1, 1, 1, 1, 1, 1, 1, 1, 1, 1, 
1, 1, 1, 1, 1, 1, 1, 1, 1, 1, 1, 1, 1, 4.761, 5.084, 5.68, 6.095, 
6.621, 7.398, 7.71, 8.321, 8.928, 9.441, 9.663), .Dim = c(11L, 
40L), .Dimnames = list(NULL, c("Sampling", "PSO.cost", "PSO.gamma", 
"PSO.data.balancing", "PSO.feature.selection", "PSO.valid.acc", 
"PSO.test.acc", "PSO.train.time", "PSO.n.support.vectors", "PSO.index", 
"PSO.n.solutions", "PSO.generations", "PSO.n.evaluations", "PSO.cpu.time", 
"RS.cost", "RS.gamma", "RS.data.balancing", "RS.feature.selection", 
"RS.valid.acc", "RS.test.acc", "RS.train.time", "RS.n.support.vectors", 
"RS.index", "RS.n.solutions", "RS.generations", "RS.n.evaluations", 
"RS.cpu.time", "DF.cost", "DF.gamma", "DF.data.balancing", "DF.feature.selection", 
"DF.valid.acc", "DF.test.acc", "DF.train.time", "DF.n.support.vectors", 
"DF.index", "DF.n.solutions", "DF.generations", "DF.n.evaluations", 
"DF.cpu.time")))
