full <-
structure(c(50, 55, 60, 65, 70, 75, 80, 85, 90, 95, 100, 0.22782, 
0.24375, 0.03088, 0.08948, -0.01581, 0.15365, 0.24178, -0.12748, 
-0.08338, 0.10707, 0.06053, -1.1565, -0.58181, -0.6514, -0.72334, 
-0.09781, -1.04332, -0.23363, -0.61326, -0.54024, -0.78981, -0.69998, 
0, 0, 0, 0, 0, 0, 0, 0, 0, 0, 0, 0, 0, 0, 0, 0, 0, 0, 0, 0, 0, 
0, 0.92553, 0.93091, 0.93148, 0.93138, 0.93297, 0.93537, 0.93505, 
0.93522, 0.93624, 0.93673, 0.93638, 0.92398, 0.93302, 0.93019, 
0.93019, 0.93187, 0.93536, 0.9336, 0.93431, 0.93624, 0.93592, 
0.93522, 0.2577, 0.3307, 0.3955, 0.4434, 0.5858, 0.5143, 0.7155, 
0.7159, 0.8136, 0.8224, 0.9306, 393.2, 478.5, 505.4, 525.3, 648.2, 
530.1, 704, 661.6, 708.3, 692, 733.1, 80, 157, 1761, 1132, 1103, 
1884, 561, 177, 2001, 1905, 396, 332, 299, 32, 104, 126, 5, 167, 
269, 28, 44, 218, 100, 100, 100, 100, 100, 100, 100, 100, 100, 
100, 100, 2500, 2500, 2500, 2500, 2500, 2500, 2500, 2500, 2500, 
2500, 2500, 13894.989, 15878.022, 18966.029, 19035.91, 22746.697, 
22433.755, 25205.151, 32598.366, 37691.762, 32178.154, 36895.7659999999, 
0.19999, 0.23956, -0.05847, 0.22944, 0.06058, 0.0445, 0.24559, 
-0.16443, 0.07165, -0.20429, -0.18065, -0.98047, -0.15814, -0.36177, 
-1.03938, 0.16123, -1.21779, -0.05, 0.32485, -0.82939, -0.25697, 
-0.74908, 0, 0, 0, 0, 0, 0, 0, 0, 0, 0, 0, 0, 0, 0, 0, 0, 0, 
0, 0, 0, 0, 0, 0.92553, 0.9309, 0.92955, 0.93079, 0.93242, 0.93485, 
0.93505, 0.93431, 0.93581, 0.93592, 0.936, 0.92398, 0.93091, 
0.92826, 0.93019, 0.93187, 0.93536, 0.93311, 0.93431, 0.93494, 
0.93551, 0.93522, 0.2652, 0.3713, 0.4487, 0.419, 0.6129, 0.4901, 
0.7523, 0.8729, 0.7701, 0.9486, 0.9102, 411.9, 531.5, 543, 489.4, 
692.6, 504.2, 738.8, 835.4, 654.6, 793.7, 724.1, 552, 995, 2420, 
1350, 1634, 219, 2052, 631, 459, 404, 906, 2, 1, 2, 1, 1, 1, 
1, 5, 2, 3, 1, 100, 100, 100, 100, 100, 100, 100, 100, 100, 100, 
100, 2500, 2500, 2500, 2500, 2500, 2500, 2500, 2500, 2500, 2500, 
2500, 18746.957, 22166.947, 25867.866, 27866.524, 30039.191, 
33452.658, 38371.481, 43488.97, 49584.51, 51766.599, 60630.037, 
1, 1, 1, 1, 1, 1, 1, 1, 1, 1, 1, 0.06667, 0.06667, 0.06667, 0.06667, 
0.06667, 0.06667, 0.06667, 0.06667, 0.06667, 0.06667, 0.06667, 
0, 0, 0, 0, 0, 0, 0, 0, 0, 0, 0, 0, 0, 0, 0, 0, 0, 0, 0, 0, 0, 
0, 0.92243, 0.92808, 0.92697, 0.929, 0.92965, 0.93227, 0.93311, 
0.93294, 0.93451, 0.9351, 0.93406, 0.92243, 0.92808, 0.92697, 
0.929, 0.9302, 0.93227, 0.93311, 0.93294, 0.93494, 0.9351, 0.93406, 
0.1758, 0.2076, 0.2494, 0.2844, 0.3194, 0.3528, 0.4289, 0.472, 
0.5112, 0.572, 0.6491, 250.3, 262.3, 285.8, 302.1, 316.2, 329.3, 
355.6, 379.9, 392.1, 421.7, 443.2, 1, 1, 1, 1, 1, 1, 1, 1, 1, 
1, 1, 1, 1, 1, 1, 1, 1, 1, 1, 1, 1, 1, 1, 1, 1, 1, 1, 1, 1, 1, 
1, 1, 1, 1, 1, 1, 1, 1, 1, 1, 1, 1, 1, 1, 4.607, 4.724, 5.509, 
5.958, 6.3, 6.697, 7.649, 8.18, 8.462, 9.053, 9.9), .Dim = c(11L, 
40L), .Dimnames = list(NULL, c("Sampling", "PSO.cost", "PSO.gamma", 
"PSO.data.balancing", "PSO.feature.selection", "PSO.valid.acc", 
"PSO.test.acc", "PSO.train.time", "PSO.n.support.vectors", "PSO.index", 
"PSO.n.solutions", "PSO.generations", "PSO.n.evaluations", "PSO.cpu.time", 
"RS.cost", "RS.gamma", "RS.data.balancing", "RS.feature.selection", 
"RS.valid.acc", "RS.test.acc", "RS.train.time", "RS.n.support.vectors", 
"RS.index", "RS.n.solutions", "RS.generations", "RS.n.evaluations", 
"RS.cpu.time", "DF.cost", "DF.gamma", "DF.data.balancing", "DF.feature.selection", 
"DF.valid.acc", "DF.test.acc", "DF.train.time", "DF.n.support.vectors", 
"DF.index", "DF.n.solutions", "DF.generations", "DF.n.evaluations", 
"DF.cpu.time")))
