full <-
structure(c(50, 55, 60, 65, 70, 75, 80, 85, 90, 95, 100, 0.21128, 
1, 0.05003, 0.50121, 1, -0.12657, -0.16247, -0.22645, -0.00068, 
11.17109, -0.08159, -0.27318, 0.06667, -7.52451, 0.07534, 0.06667, 
0.29572, 0.33511, -0.03625, 0.87805, -14.72666, -0.3991, 0, 0, 
0, 0, 0, 0, 0, 0, 0, 0, 0, 0, 0, 0, 0, 0, 0, 0, 0, 0, 0, 0, 0.92786, 
0.92737, 0.93084, 0.932, 0.93407, 0.93486, 0.93311, 0.93477, 
0.93452, 0.93469, 0.93639, 0.92631, 0.92737, 0.93084, 0.932, 
0.93407, 0.93485, 0.93311, 0.93477, 0.93365, 0.93469, 0.936, 
0.2989, 0.2069, 0.2205, 0.4844, 0.3073, 0.6683, 0.749, 0.7857, 
1.1018, 1.6415, 0.9371, 493.4, 267.1, 263.7, 648.1, 311.1, 760.9, 
801.2, 774.7, 971.2, 317.6, 796.4, 533, 1, 3, 517, 1, 329, 1351, 
1769, 1611, 2, 1155, 31, 1935, 1964, 67, 2006, 236, 86, 52, 11, 
2112, 101, 100, 100, 100, 100, 100, 100, 100, 100, 100, 100, 
100, 2500, 2500, 2500, 2500, 2500, 2500, 2500, 2500, 2500, 2500, 
2500, 15522.291, 16834.11, 17344.646, 20870.237, 19749.109, 27393.962, 
47489.373, 28350.838, 34681.82, 42432.938, 38100.16, 0.90068, 
-1.19322, 2.56473, 8.80361, 0.63537, -0.28609, -0.34373, -0.18146, 
-0.00756, -0.01497, -0.00541, 1.20573, -5.38053, -8.45465, -13.81149, 
1.26726, 0.22907, 0.2687, 0.05922, -0.65821, -0.70055, -0.07401, 
0, 0, 0, 0, 0, 0, 0, 0, 0, 0, 0, 0, 0, 0, 0, 0, 0, 0, 0, 0, 0, 
0, 0.92708, 0.92737, 0.93084, 0.93199, 0.93462, 0.93486, 0.93311, 
0.93477, 0.93494, 0.93551, 0.93561, 0.92786, 0.92737, 0.93084, 
0.93199, 0.93352, 0.93485, 0.93311, 0.93477, 0.93408, 0.9351, 
0.93561, 0.4511, 0.2056, 0.264, 0.5819, 0.8202, 0.6582, 0.7331, 
0.7587, 0.7271, 0.8368, 1.0072, 648, 254.6, 272.2, 377.9, 861.1, 
750.1, 788.7, 791, 679, 704.6, 872.5, 1126, 4, 1, 2, 123, 195, 
1554, 53, 1762, 68, 762, 27, 1155, 1122, 1154, 1, 6, 8, 3, 1, 
1, 3, 100, 100, 100, 100, 100, 100, 100, 100, 100, 100, 100, 
2500, 2500, 2500, 2500, 2500, 2500, 2500, 2500, 2500, 2500, 2500, 
20153.454, 22924.625, 23939.8, 29273.472, 30942.994, 33977.645, 
41378.751, 46088.288, 50411.54, 53920.5419999999, 61678.9179999999, 
1, 1, 1, 1, 1, 1, 1, 1, 1, 1, 1, 0.06667, 0.06667, 0.06667, 0.06667, 
0.06667, 0.06667, 0.06667, 0.06667, 0.06667, 0.06667, 0.06667, 
0, 0, 0, 0, 0, 0, 0, 0, 0, 0, 0, 0, 0, 0, 0, 0, 0, 0, 0, 0, 0, 
0, 0.92631, 0.92737, 0.9302, 0.93199, 0.93407, 0.93382, 0.93262, 
0.93249, 0.93408, 0.93429, 0.93406, 0.92631, 0.92737, 0.9302, 
0.93199, 0.93407, 0.93382, 0.93262, 0.93249, 0.93366, 0.93429, 
0.93406, 0.1807, 0.2161, 0.2439, 0.2709, 0.294, 0.3515, 0.3881, 
0.4529, 0.51, 0.546, 0.6084, 249, 267.1, 277.6, 300.4, 311.1, 
336.9, 364.1, 382.2, 398.3, 418.4, 444.9, 1, 1, 1, 1, 1, 1, 1, 
1, 1, 1, 1, 1, 1, 1, 1, 1, 1, 1, 1, 1, 1, 1, 1, 1, 1, 1, 1, 1, 
1, 1, 1, 1, 1, 1, 1, 1, 1, 1, 1, 1, 1, 1, 1, 1, 4.845, 5.345, 
6.117, 5.664, 5.849, 6.7, 7.099, 7.946, 8.529, 8.802, 9.318), .Dim = c(11L, 
40L), .Dimnames = list(NULL, c("Sampling", "PSO.cost", "PSO.gamma", 
"PSO.data.balancing", "PSO.feature.selection", "PSO.valid.acc", 
"PSO.test.acc", "PSO.train.time", "PSO.n.support.vectors", "PSO.index", 
"PSO.n.solutions", "PSO.generations", "PSO.n.evaluations", "PSO.cpu.time", 
"RS.cost", "RS.gamma", "RS.data.balancing", "RS.feature.selection", 
"RS.valid.acc", "RS.test.acc", "RS.train.time", "RS.n.support.vectors", 
"RS.index", "RS.n.solutions", "RS.generations", "RS.n.evaluations", 
"RS.cpu.time", "DF.cost", "DF.gamma", "DF.data.balancing", "DF.feature.selection", 
"DF.valid.acc", "DF.test.acc", "DF.train.time", "DF.n.support.vectors", 
"DF.index", "DF.n.solutions", "DF.generations", "DF.n.evaluations", 
"DF.cpu.time")))
