full <-
structure(c(50, 55, 60, 65, 70, 75, 80, 85, 90, 95, 100, 4.42191, 
-0.21631, 0.3606, -0.16254, -0.14022, -0.12733, 0.37857, -0.10233, 
-0.17207, -0.59159, -0.29307, -12.15299, 0.21381, -0.44799, -0.12148, 
0.06599, 0.01805, -1.12201, -0.35665, 0.02646, -0.82268, -0.3971, 
0, 0, 0, 0, 0, 0, 0, 0, 0, 0, 0, 0, 0, 0, 0, 0, 0, 0, 0, 0, 0, 
0, 0.93639, 0.93794, 0.9373, 0.93915, 0.93519, 0.93641, 0.93554, 
0.93568, 0.93538, 0.93551, 0.936, 0.93639, 0.93794, 0.93536, 
0.93915, 0.93519, 0.93641, 0.93505, 0.93431, 0.93538, 0.9351, 
0.93483, 0.2024, 0.3946, 0.4058, 0.4963, 0.6004, 0.672, 0.5287, 
0.7363, 0.8908, 0.8038, 1.0093, 268.8, 566.1, 521.3, 601.7, 680.3, 
711.2, 539, 700.1, 807, 686.3, 795.2, 2, 1942, 4, 526, 357, 256, 
1027, 827, 69, 515, 562, 2029, 14, 338, 413, 1864, 538, 184, 
103, 207, 433, 59, 100, 100, 100, 100, 100, 100, 100, 100, 100, 
100, 100, 2500, 2500, 2500, 2500, 2500, 2500, 2500, 2500, 2500, 
2500, 2500, 13883.69, 15307.119, 18909.634, 22647.816, 26614.983, 
23645.973, 24852.745, 28193.336, 28981.444, 30227.807, 48453.111, 
14.94742, -0.30931, 0.30204, -0.4707, -0.29307, -0.30726, 0.25607, 
-0.32729, -0.50085, -0.5768, -0.50623, -12.5216, -0.51627, -0.09125, 
-0.32213, -0.36563, -0.35237, -0.0934, -0.73511, 0.0698, -0.7524, 
-0.60295, 0, 0, 0, 0, 0, 0, 0, 0, 0, 0, 0, 0, 0, 0, 0, 0, 0, 
0, 0, 0, 0, 0, 0.93717, 0.93794, 0.9373, 0.93915, 0.93574, 0.93641, 
0.93506, 0.93568, 0.93495, 0.93551, 0.93561, 0.93561, 0.93724, 
0.93536, 0.93855, 0.93463, 0.93641, 0.93457, 0.93431, 0.93495, 
0.9351, 0.93406, 1.0872, 0.3412, 0.4365, 0.4728, 0.5462, 0.6378, 
0.7127, 0.653, 0.899, 0.8304, 0.9189, 158.8, 478.6, 567.6, 574.1, 
614.6, 655.4, 716.3, 622.6, 814, 697.1, 753.1, 1323, 1402, 19, 
109, 286, 746, 2079, 250, 20, 2473, 1655, 1, 3, 1, 4, 4, 3, 1, 
1, 12, 1, 1, 100, 100, 100, 100, 100, 100, 100, 100, 100, 100, 
100, 2500, 2500, 2500, 2500, 2500, 2500, 2500, 2500, 2500, 2500, 
2500, 16940.517, 19734.612, 24686.876, 28129.669, 33278.803, 
36851.513, 40550.183, 44390.363, 50628.884, 55952.856, 62005.3350000001, 
1, 1, 1, 1, 1, 1, 1, 1, 1, 1, 1, 0.06667, 0.06667, 0.06667, 0.06667, 
0.06667, 0.06667, 0.06667, 0.06667, 0.06667, 0.06667, 0.06667, 
0, 0, 0, 0, 0, 0, 0, 0, 0, 0, 0, 0, 0, 0, 0, 0, 0, 0, 0, 0, 0, 
0, 0.93561, 0.93583, 0.93601, 0.93736, 0.93519, 0.93486, 0.93408, 
0.93385, 0.93451, 0.93429, 0.93406, 0.93561, 0.93653, 0.93601, 
0.93736, 0.93519, 0.93486, 0.93408, 0.93431, 0.93451, 0.93388, 
0.93406, 0.1736, 0.2006, 0.2437, 0.2761, 0.3268, 0.3548, 0.4185, 
0.4591, 0.5063, 0.5957, 0.658, 226.8, 244.5, 271.6, 285.7, 318, 
337.1, 360.8, 377.9, 397.4, 418.6, 440.5, 1, 1, 1, 1, 1, 1, 1, 
1, 1, 1, 1, 1, 1, 1, 1, 1, 1, 1, 1, 1, 1, 1, 1, 1, 1, 1, 1, 1, 
1, 1, 1, 1, 1, 1, 1, 1, 1, 1, 1, 1, 1, 1, 1, 1, 4.614, 4.883, 
5.412, 5.928, 6.372, 6.628, 7.267, 7.694, 8.197, 10.002, 10.597
), .Dim = c(11L, 40L), .Dimnames = list(NULL, c("Sampling", "PSO.cost", 
"PSO.gamma", "PSO.data.balancing", "PSO.feature.selection", "PSO.valid.acc", 
"PSO.test.acc", "PSO.train.time", "PSO.n.support.vectors", "PSO.index", 
"PSO.n.solutions", "PSO.generations", "PSO.n.evaluations", "PSO.cpu.time", 
"RS.cost", "RS.gamma", "RS.data.balancing", "RS.feature.selection", 
"RS.valid.acc", "RS.test.acc", "RS.train.time", "RS.n.support.vectors", 
"RS.index", "RS.n.solutions", "RS.generations", "RS.n.evaluations", 
"RS.cpu.time", "DF.cost", "DF.gamma", "DF.data.balancing", "DF.feature.selection", 
"DF.valid.acc", "DF.test.acc", "DF.train.time", "DF.n.support.vectors", 
"DF.index", "DF.n.solutions", "DF.generations", "DF.n.evaluations", 
"DF.cpu.time")))
