full <-
structure(c(50, 55, 60, 65, 70, 75, 80, 85, 90, 95, 100, 0.7997, 
1.13744, 0.49708, 0.44478, -0.23688, 0.41477, -0.28876, -0.23055, 
-0.40274, -0.2373, 0.01702, -0.88858, -1.60841, -0.94611, -1.22028, 
-0.90993, -0.84074, -0.19751, -1.33843, -0.5353, 0.41057, -1.12411, 
0, 0, 0, 0, 0, 0, 0, 0, 0, 0, 0, 0, 0, 0, 0, 0, 0, 0, 0, 0, 0, 
0, 0.93251, 0.93728, 0.93471, 0.93376, 0.93464, 0.93744, 0.93505, 
0.93614, 0.93667, 0.93551, 0.93716, 0.93018, 0.93587, 0.93406, 
0.92839, 0.93353, 0.93589, 0.93408, 0.93523, 0.93624, 0.93469, 
0.93406, 0.2861, 0.2841, 0.3946, 0.4185, 0.502, 0.5585, 0.7545, 
0.6285, 0.8061, 1.1405, 0.9255, 400, 361.3, 460, 456.4, 520.9, 
547.1, 700.5, 546.3, 690, 925.1, 667.1, 1215, 711, 1033, 1260, 
2153, 1461, 692, 665, 470, 1602, 2039, 93, 179, 29, 7, 12, 26, 
148, 581, 231, 28, 10, 100, 100, 100, 100, 100, 100, 100, 100, 
100, 100, 100, 2500, 2500, 2500, 2500, 2500, 2500, 2500, 2500, 
2500, 2500, 2500, 18374.908, 19399.531, 21156.721, 22859.926, 
27297.131, 24233.366, 33239.085, 26875.287, 28377.434, 35922.15, 
52159.7339999999, 1.9529, 1.14029, 0.43989, 0.49893, -0.2366, 
0.42063, -0.02097, -0.22364, -0.41907, -0.12948, -0.18976, -0.54402, 
-1.84167, -1.98207, -1.12119, -1.1623, -0.75717, -1.10533, -1.47826, 
-0.41762, 0.81359, -0.9076, 0, 0, 0, 0, 0, 0, 0, 0, 0, 0, 0, 
0, 0, 0, 0, 0, 0, 0, 0, 0, 0, 0, 0.93172, 0.93657, 0.93342, 0.93376, 
0.93464, 0.9364, 0.93505, 0.93614, 0.93623, 0.9351, 0.93639, 
0.92552, 0.93728, 0.93212, 0.92898, 0.93298, 0.93589, 0.93456, 
0.93432, 0.93624, 0.93469, 0.93638, 0.299, 0.2941, 0.3298, 0.4259, 
0.4753, 0.5774, 0.59, 0.5962, 0.8275, 1.2534, 0.9627, 419.5, 
345.7, 366, 465.6, 489.5, 560, 548.8, 528.9, 714, 1003.2, 701.9, 
1777, 1517, 1557, 1263, 1014, 647, 1770, 881, 999, 463, 763, 
1, 4, 1, 1, 4, 1, 1, 1, 2, 2, 1, 100, 100, 100, 100, 100, 100, 
100, 100, 100, 100, 100, 2500, 2500, 2500, 2500, 2500, 2500, 
2500, 2500, 2500, 2500, 2500, 24204.947, 25805.113, 28856.972, 
30735.839, 34450.158, 37084.335, 45205.397, 45596.895, 49003.0420000001, 
57480.705, 64665.978, 1, 1, 1, 1, 1, 1, 1, 1, 1, 1, 1, 0.06667, 
0.06667, 0.06667, 0.06667, 0.06667, 0.06667, 0.06667, 0.06667, 
0.06667, 0.06667, 0.06667, 0, 0, 0, 0, 0, 0, 0, 0, 0, 0, 0, 0, 
0, 0, 0, 0, 0, 0, 0, 0, 0, 0, 0.93018, 0.93161, 0.92954, 0.93139, 
0.93131, 0.9333, 0.9336, 0.93431, 0.93581, 0.93429, 0.93406, 
0.93018, 0.93231, 0.92955, 0.93139, 0.93186, 0.93382, 0.9336, 
0.93431, 0.93581, 0.93429, 0.93406, 0.1991, 0.2355, 0.2872, 0.3149, 
0.3524, 0.395, 0.4607, 0.4979, 0.5388, 0.609, 0.723, 237.3, 250.9, 
286.6, 298.4, 312.7, 324.5, 353.4, 376.6, 388.4, 414.4, 442.8, 
1, 1, 1, 1, 1, 1, 1, 1, 1, 1, 1, 1, 1, 1, 1, 1, 1, 1, 1, 1, 1, 
1, 1, 1, 1, 1, 1, 1, 1, 1, 1, 1, 1, 1, 1, 1, 1, 1, 1, 1, 1, 1, 
1, 1, 6.86, 6.74, 7.153, 7.564, 7.85, 8.222, 8.935, 8.175, 8.644, 
9.443, 11.819), .Dim = c(11L, 40L), .Dimnames = list(NULL, c("Sampling", 
"PSO.cost", "PSO.gamma", "PSO.data.balancing", "PSO.feature.selection", 
"PSO.valid.acc", "PSO.test.acc", "PSO.train.time", "PSO.n.support.vectors", 
"PSO.index", "PSO.n.solutions", "PSO.generations", "PSO.n.evaluations", 
"PSO.cpu.time", "RS.cost", "RS.gamma", "RS.data.balancing", "RS.feature.selection", 
"RS.valid.acc", "RS.test.acc", "RS.train.time", "RS.n.support.vectors", 
"RS.index", "RS.n.solutions", "RS.generations", "RS.n.evaluations", 
"RS.cpu.time", "DF.cost", "DF.gamma", "DF.data.balancing", "DF.feature.selection", 
"DF.valid.acc", "DF.test.acc", "DF.train.time", "DF.n.support.vectors", 
"DF.index", "DF.n.solutions", "DF.generations", "DF.n.evaluations", 
"DF.cpu.time")))
