full <-
structure(c(50, 55, 60, 65, 70, 75, 80, 85, 90, 95, 100, 6.13034, 
3.3281, 0.23294, 0.4594, -0.24611, -0.60692, -0.12327, -0.1981, 
0.28286, -0.36333, 4.1118, -6.79822, -5.40984, -0.25401, -1.02588, 
-0.32066, -0.19714, 0.19706, -0.07129, -0.37766, -0.33997, -5.81839, 
0, 0, 0, 0, 0, 0, 0, 0, 0, 0, 0, 0, 0, 0, 0, 0, 0, 0, 0, 0, 0, 
0, 0.93406, 0.93513, 0.93409, 0.93675, 0.93518, 0.93382, 0.93602, 
0.93613, 0.93667, 0.93551, 0.93483, 0.93483, 0.93301, 0.93344, 
0.93496, 0.93463, 0.9333, 0.93457, 0.93522, 0.93538, 0.9351, 
0.93328, 0.2285, 0.2319, 0.427, 0.4155, 0.5608, 0.6755, 0.7907, 
0.8051, 0.8196, 0.9194, 0.8082, 189.5, 223.9, 561.9, 477, 627.6, 
684.7, 776.3, 763.4, 732.2, 773.4, 378.1, 399, 1241, 1040, 1546, 
1173, 828, 1777, 492, 499, 1560, 2319, 26, 31, 86, 3, 47, 151, 
4, 276, 166, 58, 1, 100, 100, 100, 100, 100, 100, 100, 100, 100, 
100, 100, 2500, 2500, 2500, 2500, 2500, 2500, 2500, 2500, 2500, 
2500, 2500, 14898.154, 18925.344, 17967.549, 27082.036, 20608.579, 
24896.476, 26114.764, 32998.789, 29947.343, 29851.23, 31413.851, 
3.6012, 2.81404, 0.09872, 0.08917, 0.107, -0.44018, -0.33916, 
-0.28875, -0.09865, -0.02958, 4.19843, -5.67103, -5.22999, -0.2462, 
-0.50701, -0.58789, -0.75606, 0.13146, -0.38669, -0.17903, -0.66787, 
-5.73947, 0, 0, 0, 0, 0, 0, 0, 0, 0, 0, 0, 0, 0, 0, 0, 0, 0, 
0, 0, 0, 0, 0, 0.93407, 0.93513, 0.93344, 0.93616, 0.93463, 0.93382, 
0.93554, 0.93613, 0.93624, 0.9351, 0.93445, 0.93406, 0.93301, 
0.93279, 0.93496, 0.93463, 0.9333, 0.93554, 0.93568, 0.93581, 
0.93551, 0.93251, 0.1925, 0.2296, 0.4345, 0.4651, 0.5347, 0.5842, 
0.7942, 0.7367, 0.8705, 0.8587, 0.8043, 203.2, 228.5, 562.7, 
548.3, 580.7, 587.9, 764.6, 698.4, 772.5, 711.1, 375.7, 2482, 
1871, 40, 949, 736, 73, 987, 1681, 163, 2219, 209, 1, 1, 1, 2, 
8, 4, 2, 2, 1, 1, 3, 100, 100, 100, 100, 100, 100, 100, 100, 
100, 100, 100, 2500, 2500, 2500, 2500, 2500, 2500, 2500, 2500, 
2500, 2500, 2500, 18430.398, 22110.045, 27335.952, 27249.134, 
32140.695, 37224.358, 40264.085, 43236.473, 50333.864, 53773.7879999999, 
61757.853, 1, 1, 1, 1, 1, 1, 1, 1, 1, 1, 1, 0.06667, 0.06667, 
0.06667, 0.06667, 0.06667, 0.06667, 0.06667, 0.06667, 0.06667, 
0.06667, 0.06667, 0, 0, 0, 0, 0, 0, 0, 0, 0, 0, 0, 0, 0, 0, 0, 
0, 0, 0, 0, 0, 0, 0, 0.93329, 0.93372, 0.93278, 0.93437, 0.93407, 
0.9333, 0.93457, 0.93431, 0.93451, 0.93347, 0.93406, 0.93329, 
0.93372, 0.93278, 0.93437, 0.93407, 0.9333, 0.93457, 0.93431, 
0.93451, 0.93347, 0.93406, 0.185, 0.2175, 0.2729, 0.2913, 0.3394, 
0.3945, 0.4321, 0.4593, 0.5283, 0.5718, 0.6399, 240.7, 264.1, 
281.3, 293.4, 324.3, 347.7, 365, 375.3, 404.2, 417.5, 440.6, 
1, 1, 1, 1, 1, 1, 1, 1, 1, 1, 1, 1, 1, 1, 1, 1, 1, 1, 1, 1, 1, 
1, 1, 1, 1, 1, 1, 1, 1, 1, 1, 1, 1, 1, 1, 1, 1, 1, 1, 1, 1, 1, 
1, 1, 5.052, 5.636, 7.331, 6.325, 6.733, 7.185, 7.783, 7.975, 
8.696, 9.089, 10.056), .Dim = c(11L, 40L), .Dimnames = list(NULL, 
    c("Sampling", "PSO.cost", "PSO.gamma", "PSO.data.balancing", 
    "PSO.feature.selection", "PSO.valid.acc", "PSO.test.acc", 
    "PSO.train.time", "PSO.n.support.vectors", "PSO.index", "PSO.n.solutions", 
    "PSO.generations", "PSO.n.evaluations", "PSO.cpu.time", "RS.cost", 
    "RS.gamma", "RS.data.balancing", "RS.feature.selection", 
    "RS.valid.acc", "RS.test.acc", "RS.train.time", "RS.n.support.vectors", 
    "RS.index", "RS.n.solutions", "RS.generations", "RS.n.evaluations", 
    "RS.cpu.time", "DF.cost", "DF.gamma", "DF.data.balancing", 
    "DF.feature.selection", "DF.valid.acc", "DF.test.acc", "DF.train.time", 
    "DF.n.support.vectors", "DF.index", "DF.n.solutions", "DF.generations", 
    "DF.n.evaluations", "DF.cpu.time")))
