full <-
structure(c(50, 55, 60, 65, 70, 75, 80, 85, 90, 95, 100, 1, 12.41002, 
0.20776, 0.73275, 3.79874, 0.09581, 1, 1, -0.53764, -0.18373, 
-0.28367, 0.06667, -10.11629, -0.00249, -3.24667, -6.29493, -0.56483, 
0.06667, 0.06667, -1.84568, -0.89946, -0.87538, 0, 0, 0, 0, 0, 
0, 0, 0, 0, 0, 0, 0, 0, 0, 0, 0, 0, 0, 0, 0, 0, 0, 0.9364, 0.93653, 
0.93665, 0.93796, 0.93741, 0.93537, 0.93602, 0.93522, 0.93451, 
0.93673, 0.93561, 0.9364, 0.93512, 0.93665, 0.93617, 0.9363, 
0.93537, 0.93602, 0.93522, 0.93408, 0.93633, 0.93483, 0.1639, 
0.9293, 0.4509, 0.3099, 0.4222, 0.5756, 0.4118, 0.462, 0.6257, 
0.7887, 0.8862, 222.6, 187.8, 593, 315.3, 266.4, 600.8, 352.3, 
375.6, 526, 661.6, 707.5, 1, 416, 306, 606, 395, 708, 1, 1, 449, 
871, 540, 1782, 65, 75, 50, 199, 1667, 1839, 1753, 86, 100, 104, 
100, 100, 100, 100, 100, 100, 100, 100, 100, 100, 100, 2500, 
2500, 2500, 2500, 2500, 2500, 2500, 2500, 2500, 2500, 2500, 13750.267, 
19544.959, 22747.439, 29871.789, 24348.617, 29892.945, 30309.346, 
41225.625, 32366.212, 36432.1680000001, 37807.495, -1.73875, 
12.57833, 0.24384, 5.3753, 4.74417, 4.24377, 0.48516, 4.69516, 
-0.75121, -0.14434, -0.13839, -9.11199, -10.20291, 0.52017, -11.37244, 
-6.63276, -13.48323, -5.89035, -7.11227, -1.45646, -0.72189, 
-0.84973, 0, 0, 0, 0, 0, 0, 0, 0, 0, 0, 0, 0, 0, 0, 0, 0, 0, 
0, 0, 0, 0, 0, 0.9364, 0.93653, 0.93665, 0.93736, 0.93741, 0.93537, 
0.93602, 0.93522, 0.93451, 0.93673, 0.93561, 0.9364, 0.93512, 
0.93471, 0.93736, 0.9363, 0.93537, 0.93602, 0.93522, 0.93408, 
0.93592, 0.93561, 0.1267, 0.9456, 0.5209, 0.4657, 0.4552, 0.3828, 
0.4434, 0.7412, 0.642, 0.8235, 0.9323, 182.1, 187.2, 662.3, 379.9, 
261.2, 374, 324.9, 323.2, 570.9, 692.6, 710.7, 3, 1747, 243, 
2, 101, 2, 1, 4, 29, 676, 1409, 948, 1, 1, 1177, 8, 1034, 1002, 
1174, 3, 1, 2, 100, 100, 100, 100, 100, 100, 100, 100, 100, 100, 
100, 2500, 2500, 2500, 2500, 2500, 2500, 2500, 2500, 2500, 2500, 
2500, 16834.728, 19584.394, 27232.036, 30786.395, 34285.72, 37161.716, 
44182.08, 44319.393, 50113.368, 51416.171, 62604.933, 1, 1, 1, 
1, 1, 1, 1, 1, 1, 1, 1, 0.06667, 0.06667, 0.06667, 0.06667, 0.06667, 
0.06667, 0.06667, 0.06667, 0.06667, 0.06667, 0.06667, 0, 0, 0, 
0, 0, 0, 0, 0, 0, 0, 0, 0, 0, 0, 0, 0, 0, 0, 0, 0, 0, 0, 0.9364, 
0.93583, 0.93601, 0.93736, 0.93685, 0.93537, 0.93602, 0.93522, 
0.93408, 0.9351, 0.93367, 0.9364, 0.93583, 0.93601, 0.93736, 
0.93685, 0.93485, 0.93602, 0.93522, 0.93408, 0.9351, 0.93406, 
0.1625, 0.2034, 0.2486, 0.2987, 0.3278, 0.3595, 0.4244, 0.4743, 
0.5386, 0.5538, 0.6777, 222.6, 246.8, 270.8, 299.3, 311.8, 330.1, 
352.3, 375.6, 400.7, 403.3, 442.8, 1, 1, 1, 1, 1, 1, 1, 1, 1, 
1, 1, 1, 1, 1, 1, 1, 1, 1, 1, 1, 1, 1, 1, 1, 1, 1, 1, 1, 1, 1, 
1, 1, 1, 1, 1, 1, 1, 1, 1, 1, 1, 1, 1, 1, 4.611, 5.261, 6.598, 
7.339, 7.829, 7.616, 8.817, 7.973, 8.668, 8.785, 11.542), .Dim = c(11L, 
40L), .Dimnames = list(NULL, c("Sampling", "PSO.cost", "PSO.gamma", 
"PSO.data.balancing", "PSO.feature.selection", "PSO.valid.acc", 
"PSO.test.acc", "PSO.train.time", "PSO.n.support.vectors", "PSO.index", 
"PSO.n.solutions", "PSO.generations", "PSO.n.evaluations", "PSO.cpu.time", 
"RS.cost", "RS.gamma", "RS.data.balancing", "RS.feature.selection", 
"RS.valid.acc", "RS.test.acc", "RS.train.time", "RS.n.support.vectors", 
"RS.index", "RS.n.solutions", "RS.generations", "RS.n.evaluations", 
"RS.cpu.time", "DF.cost", "DF.gamma", "DF.data.balancing", "DF.feature.selection", 
"DF.valid.acc", "DF.test.acc", "DF.train.time", "DF.n.support.vectors", 
"DF.index", "DF.n.solutions", "DF.generations", "DF.n.evaluations", 
"DF.cpu.time")))
