full <-
structure(c(50, 55, 60, 65, 70, 75, 80, 85, 90, 95, 100, 0.4262, 
0.39861, 12.78785, 0.18165, 0.23819, -0.2907, -0.32797, -0.24604, 
-0.48542, -0.3583, -0.16056, -0.96367, -0.60499, -11.19719, -1.13334, 
-0.84439, 0.59956, -0.5645, -1.31435, -0.82356, -0.27319, -0.84202, 
0, 0, 0, 0, 0, 0, 0, 0, 0, 0, 0, 0, 0, 0, 0, 0, 0, 0, 0, 0, 0, 
0, 0.9325, 0.9288, 0.92631, 0.9302, 0.93076, 0.92917, 0.93117, 
0.93294, 0.93581, 0.93551, 0.936, 0.9325, 0.92809, 0.92502, 0.92901, 
0.92799, 0.92917, 0.93069, 0.93203, 0.93452, 0.9351, 0.93406, 
0.273, 0.3453, 2.4848, 0.4157, 0.5341, 0.7527, 0.6741, 0.6355, 
0.7371, 0.961, 0.9181, 396, 468, 234.5, 480.1, 545, 806.1, 654.4, 
571.2, 657.5, 796.9, 709.8, 161, 2339, 22, 223, 808, 1904, 288, 
683, 1175, 1267, 1466, 171, 1, 93, 135, 103, 3, 711, 531, 105, 
102, 134, 100, 100, 100, 100, 100, 100, 100, 100, 100, 100, 100, 
2500, 2500, 2500, 2500, 2500, 2500, 2500, 2500, 2500, 2500, 2500, 
13617.924, 19310.035, 41360.126, 27266.666, 25200.699, 27031.582, 
27049.042, 29497.006, 35074.568, 39122.0129999999, 41646.713, 
0.34424, 0.08884, 12.85309, 0.39629, 0.23837, -0.26421, -0.61433, 
-0.21312, 0.43789, -0.61308, -0.04235, -0.93298, -0.32699, -11.39571, 
-1.48649, -0.77297, -0.49565, -1.62894, -1.17874, -0.7573, -0.22762, 
-0.98835, 0, 0, 0, 0, 0, 0, 0, 0, 0, 0, 0, 0, 0, 0, 0, 0, 0, 
0, 0, 0, 0, 0, 0.9325, 0.92949, 0.92631, 0.92901, 0.93076, 0.92916, 
0.93069, 0.93294, 0.93495, 0.9347, 0.936, 0.93173, 0.9302, 0.92502, 
0.92782, 0.92854, 0.92916, 0.9302, 0.93248, 0.93237, 0.9351, 
0.93251, 0.2703, 0.3703, 2.5201, 0.4126, 0.5378, 0.6072, 0.552, 
0.6466, 0.7858, 0.9469, 0.904, 399.7, 508.1, 232.4, 442.9, 554.1, 
635.5, 511.2, 588.8, 665.8, 807, 685.9, 1240, 62, 2370, 1109, 
783, 859, 1797, 2238, 996, 1820, 949, 2, 2, 1, 4, 2, 4, 3, 1, 
1, 1, 1, 100, 100, 100, 100, 100, 100, 100, 100, 100, 100, 100, 
2500, 2500, 2500, 2500, 2500, 2500, 2500, 2500, 2500, 2500, 2500, 
18818.235, 21168.671, 27910.9, 34581.947, 36014.334, 37873.865, 
41326.781, 46417.648, 49382.491, 56250.745, 65628.024, 1, 1, 
1, 1, 1, 1, 1, 1, 1, 1, 1, 0.06667, 0.06667, 0.06667, 0.06667, 
0.06667, 0.06667, 0.06667, 0.06667, 0.06667, 0.06667, 0.06667, 
0, 0, 0, 0, 0, 0, 0, 0, 0, 0, 0, 0, 0, 0, 0, 0, 0, 0, 0, 0, 0, 
0, 0.93018, 0.92878, 0.92567, 0.929, 0.92909, 0.92865, 0.92972, 
0.93111, 0.93279, 0.93388, 0.93406, 0.93018, 0.92878, 0.92567, 
0.929, 0.92965, 0.92865, 0.92924, 0.93111, 0.93322, 0.93388, 
0.93367, 0.1857, 0.2182, 0.2519, 0.3226, 0.3503, 0.3749, 0.4275, 
0.467, 0.5116, 0.5897, 0.6778, 240.2, 263.4, 295.2, 309, 316.1, 
346.6, 365, 375.1, 385.3, 416.7, 444.9, 1, 1, 1, 1, 1, 1, 1, 
1, 1, 1, 1, 1, 1, 1, 1, 1, 1, 1, 1, 1, 1, 1, 1, 1, 1, 1, 1, 1, 
1, 1, 1, 1, 1, 1, 1, 1, 1, 1, 1, 1, 1, 1, 1, 1, 4.719, 5.129, 
5.277, 7.461, 7.962, 8.1, 8.983, 9.557, 9.831, 10.491, 11.493
), .Dim = c(11L, 40L), .Dimnames = list(NULL, c("Sampling", "PSO.cost", 
"PSO.gamma", "PSO.data.balancing", "PSO.feature.selection", "PSO.valid.acc", 
"PSO.test.acc", "PSO.train.time", "PSO.n.support.vectors", "PSO.index", 
"PSO.n.solutions", "PSO.generations", "PSO.n.evaluations", "PSO.cpu.time", 
"RS.cost", "RS.gamma", "RS.data.balancing", "RS.feature.selection", 
"RS.valid.acc", "RS.test.acc", "RS.train.time", "RS.n.support.vectors", 
"RS.index", "RS.n.solutions", "RS.generations", "RS.n.evaluations", 
"RS.cpu.time", "DF.cost", "DF.gamma", "DF.data.balancing", "DF.feature.selection", 
"DF.valid.acc", "DF.test.acc", "DF.train.time", "DF.n.support.vectors", 
"DF.index", "DF.n.solutions", "DF.generations", "DF.n.evaluations", 
"DF.cpu.time")))
