full <-
structure(c(50, 55, 60, 65, 70, 75, 80, 85, 90, 95, 100, -1.63363, 
1, 2.11774, 1, 1, -0.2311, -0.06997, -0.30098, -0.16269, 0.07177, 
-0.2219, -9.99575, 0.06667, -9.12504, 0.06667, 0.06667, -0.5846, 
-0.26922, -9.48687, -0.56038, -0.15172, -1.01403, 0, 0, 0, 0, 
0, 0, 0, 0, 0, 0, 0, 0, 0, 0, 0, 0, 0, 0, 0, 0, 0, 0, 0.92864, 
0.92737, 0.93019, 0.9302, 0.93076, 0.93176, 0.93263, 0.93111, 
0.93408, 0.93388, 0.936, 0.92864, 0.92737, 0.93019, 0.9302, 0.93076, 
0.93175, 0.93118, 0.93111, 0.93236, 0.93306, 0.93483, 0.1296, 
0.2093, 0.2493, 0.2986, 0.3616, 0.5761, 0.6967, 0.3413, 0.7907, 
0.9665, 0.8827, 189.7, 258.9, 267.5, 306.7, 326.1, 606.6, 691.2, 
329.3, 708, 819.1, 686, 4, 1, 2, 1, 1, 1770, 1995, 2, 1190, 732, 
421, 2149, 1885, 2215, 1805, 1776, 23, 19, 2052, 180, 40, 382, 
100, 100, 100, 100, 100, 100, 100, 100, 100, 100, 100, 2500, 
2500, 2500, 2500, 2500, 2500, 2500, 2500, 2500, 2500, 2500, 13627.826, 
17164.193, 15323.056, 21663.571, 25350.31, 22047.033, 23340.094, 
31696.635, 32808.373, 42437.758, 38396.379, 3.2542, 0.34697, 
-0.08299, -1.56826, -0.40193, -0.22511, -0.11711, -0.33691, -0.11936, 
-0.13798, -0.08294, -10.69378, -8.64262, -9.57777, -2.93341, 
-6.62717, -0.71541, -0.56394, -1.27042, -0.93704, -0.42878, -0.37576, 
0, 0, 0, 0, 0, 0, 0, 0, 0, 0, 0, 0, 0, 0, 0, 0, 0, 0, 0, 0, 0, 
0, 0.92864, 0.92737, 0.93019, 0.9302, 0.93076, 0.93176, 0.93166, 
0.93203, 0.93322, 0.93388, 0.93561, 0.92864, 0.92737, 0.93019, 
0.9302, 0.93076, 0.93124, 0.93117, 0.93066, 0.93193, 0.93429, 
0.93444, 0.1955, 0.1786, 0.1928, 0.3128, 0.3093, 0.5607, 0.6345, 
0.6026, 0.7188, 0.9177, 1.0319, 274.5, 238, 245.6, 343.3, 299.3, 
585.2, 639.5, 565.5, 639, 762.7, 805.1, 1, 2, 2, 1, 1, 567, 831, 
2131, 1258, 644, 101, 1079, 1031, 1071, 1011, 991, 3, 2, 3, 1, 
1, 1, 100, 100, 100, 100, 100, 100, 100, 100, 100, 100, 100, 
2500, 2500, 2500, 2500, 2500, 2500, 2500, 2500, 2500, 2500, 2500, 
18584.542, 20007.098, 22898.67, 26657.818, 31336.552, 34797.929, 
36965.996, 41149.118, 47713.073, 56658.6279999999, 61624.887, 
1, 1, 1, 1, 1, 1, 1, 1, 1, 1, 1, 0.06667, 0.06667, 0.06667, 0.06667, 
0.06667, 0.06667, 0.06667, 0.06667, 0.06667, 0.06667, 0.06667, 
0, 0, 0, 0, 0, 0, 0, 0, 0, 0, 0, 0, 0, 0, 0, 0, 0, 0, 0, 0, 0, 
0, 0.92786, 0.92737, 0.92954, 0.9302, 0.93076, 0.93072, 0.93117, 
0.93066, 0.9315, 0.93266, 0.93406, 0.92864, 0.92737, 0.93019, 
0.9302, 0.93076, 0.9302, 0.93117, 0.93111, 0.9315, 0.93266, 0.93406, 
0.1785, 0.2149, 0.2519, 0.3142, 0.3347, 0.3777, 0.4225, 0.473, 
0.534, 0.6315, 0.6809, 240.7, 258.9, 275.3, 306.7, 326.1, 345.8, 
364.4, 386.5, 414.6, 435.2, 448.3, 1, 1, 1, 1, 1, 1, 1, 1, 1, 
1, 1, 1, 1, 1, 1, 1, 1, 1, 1, 1, 1, 1, 1, 1, 1, 1, 1, 1, 1, 1, 
1, 1, 1, 1, 1, 1, 1, 1, 1, 1, 1, 1, 1, 1, 4.82, 5.21, 5.568, 
6.42, 6.465, 6.861, 7.242, 7.829, 8.55, 9.888, 10.518), .Dim = c(11L, 
40L), .Dimnames = list(NULL, c("Sampling", "PSO.cost", "PSO.gamma", 
"PSO.data.balancing", "PSO.feature.selection", "PSO.valid.acc", 
"PSO.test.acc", "PSO.train.time", "PSO.n.support.vectors", "PSO.index", 
"PSO.n.solutions", "PSO.generations", "PSO.n.evaluations", "PSO.cpu.time", 
"RS.cost", "RS.gamma", "RS.data.balancing", "RS.feature.selection", 
"RS.valid.acc", "RS.test.acc", "RS.train.time", "RS.n.support.vectors", 
"RS.index", "RS.n.solutions", "RS.generations", "RS.n.evaluations", 
"RS.cpu.time", "DF.cost", "DF.gamma", "DF.data.balancing", "DF.feature.selection", 
"DF.valid.acc", "DF.test.acc", "DF.train.time", "DF.n.support.vectors", 
"DF.index", "DF.n.solutions", "DF.generations", "DF.n.evaluations", 
"DF.cpu.time")))
