full <-
structure(c(50, 55, 60, 65, 70, 75, 80, 85, 90, 95, 100, 0.0842, 
-0.33517, 0.27063, 5.64547, -0.30436, -0.38646, 0.16712, -0.08043, 
0.09637, 7.75196, -0.20923, -1.0197, -0.68533, 0.38797, -9.42355, 
0.55258, -0.70614, -0.78887, -0.68884, -0.7595, -13.04138, -1.05038, 
0, 0, 0, 0, 0, 0, 0, 0, 0, 0, 0, 0, 0, 0, 0, 0, 0, 0, 0, 0, 0, 
0, 0.93174, 0.92878, 0.92956, 0.9302, 0.93075, 0.93124, 0.93069, 
0.9334, 0.93537, 0.93307, 0.93639, 0.92941, 0.92807, 0.92891, 
0.9302, 0.9302, 0.93072, 0.9302, 0.93294, 0.93149, 0.93307, 0.936, 
0.2694, 0.3459, 0.5084, 0.5059, 0.6792, 0.5702, 0.6219, 0.6856, 
0.744, 1.0776, 0.8559, 410.5, 487.4, 672.5, 279.4, 775.7, 604.2, 
617.6, 657, 671.7, 575.2, 676.1, 412, 139, 757, 5, 425, 1018, 
889, 693, 1017, 3, 748, 549, 786, 452, 1806, 364, 388, 179, 332, 
55, 2110, 168, 100, 100, 100, 100, 100, 100, 100, 100, 100, 100, 
100, 2500, 2500, 2500, 2500, 2500, 2500, 2500, 2500, 2500, 2500, 
2500, 14544.392, 17756.841, 19285.101, 25280.83, 22136.347, 24404.875, 
27437.393, 26085.573, 27727.033, 41819.706, 32674.122, -0.12147, 
-0.14598, 0.27926, 5.46996, 14.4219, -0.41631, -0.49493, 0.20604, 
-0.11576, -0.30556, -0.10329, -1.09797, 0.10646, 0.90843, -14.6141, 
-12.95775, -0.7292, -0.2867, -0.50031, -0.2716, -0.88858, -0.90002, 
0, 0, 0, 0, 0, 0, 0, 0, 0, 0, 0, 0, 0, 0, 0, 0, 0, 0, 0, 0, 0, 
0, 0.93096, 0.92878, 0.92956, 0.9302, 0.9302, 0.93124, 0.92972, 
0.93248, 0.93494, 0.93429, 0.936, 0.93174, 0.92807, 0.92891, 
0.9302, 0.92964, 0.93124, 0.92972, 0.93157, 0.93236, 0.93429, 
0.936, 0.2616, 0.4172, 0.6162, 0.3077, 2.7766, 0.5655, 0.6931, 
0.7373, 0.855, 0.8137, 0.8786, 400.9, 595, 740.3, 350.7, 239.4, 
600.1, 703.4, 692.9, 768.5, 681.1, 703, 2042, 1006, 87, 3, 1578, 
2092, 970, 1506, 1757, 1711, 992, 15, 4, 3, 938, 9, 1, 5, 4, 
2, 3, 1, 100, 100, 100, 100, 100, 100, 100, 100, 100, 100, 100, 
2500, 2500, 2500, 2500, 2500, 2500, 2500, 2500, 2500, 2500, 2500, 
19933.36, 23028.647, 24417.334, 28741.541, 34268.789, 39367.117, 
41076.492, 46467.702, 51936.671, 54930.584, 59174.01, 1, 1, 1, 
1, 1, 1, 1, 1, 1, 1, 1, 0.06667, 0.06667, 0.06667, 0.06667, 0.06667, 
0.06667, 0.06667, 0.06667, 0.06667, 0.06667, 0.06667, 0, 0, 0, 
0, 0, 0, 0, 0, 0, 0, 0, 0, 0, 0, 0, 0, 0, 0, 0, 0, 0, 0, 0.92941, 
0.92666, 0.92761, 0.9296, 0.92964, 0.92865, 0.92875, 0.93111, 
0.93193, 0.93266, 0.93406, 0.92941, 0.92666, 0.92761, 0.9302, 
0.92964, 0.92865, 0.92827, 0.93111, 0.93193, 0.93307, 0.93406, 
0.1828, 0.2139, 0.2446, 0.2852, 0.3445, 0.391, 0.4326, 0.4627, 
0.5331, 0.5885, 0.6094, 249.1, 270.2, 285.4, 307.5, 337.2, 361.4, 
380.1, 391, 415.6, 427, 442.6, 1, 1, 1, 1, 1, 1, 1, 1, 1, 1, 
1, 1, 1, 1, 1, 1, 1, 1, 1, 1, 1, 1, 1, 1, 1, 1, 1, 1, 1, 1, 1, 
1, 1, 1, 1, 1, 1, 1, 1, 1, 1, 1, 1, 1, 4.823, 5.157, 5.409, 6.03, 
6.638, 6.981, 7.37, 7.704, 8.427, 9.028, 9.204), .Dim = c(11L, 
40L), .Dimnames = list(NULL, c("Sampling", "PSO.cost", "PSO.gamma", 
"PSO.data.balancing", "PSO.feature.selection", "PSO.valid.acc", 
"PSO.test.acc", "PSO.train.time", "PSO.n.support.vectors", "PSO.index", 
"PSO.n.solutions", "PSO.generations", "PSO.n.evaluations", "PSO.cpu.time", 
"RS.cost", "RS.gamma", "RS.data.balancing", "RS.feature.selection", 
"RS.valid.acc", "RS.test.acc", "RS.train.time", "RS.n.support.vectors", 
"RS.index", "RS.n.solutions", "RS.generations", "RS.n.evaluations", 
"RS.cpu.time", "DF.cost", "DF.gamma", "DF.data.balancing", "DF.feature.selection", 
"DF.valid.acc", "DF.test.acc", "DF.train.time", "DF.n.support.vectors", 
"DF.index", "DF.n.solutions", "DF.generations", "DF.n.evaluations", 
"DF.cpu.time")))
