full <-
structure(c(50, 55, 60, 65, 70, 75, 80, 85, 90, 95, 100, 15, 
-0.05254, -0.28723, -0.31083, -0.27984, -0.60547, -0.27756, -0.30831, 
-0.28866, -0.2446, -0.16882, -12.61897, -1.50414, -0.51856, -0.41536, 
-0.53905, -0.61415, -0.17202, -0.53701, -0.25675, -0.181, -0.70327, 
0, 0, 0, 0, 0, 0, 0, 0, 0, 0, 0, 0, 0, 0, 0, 0, 0, 0, 0, 0, 0, 
0, 0.93407, 0.93653, 0.93796, 0.93735, 0.93408, 0.93537, 0.93506, 
0.93705, 0.93538, 0.93673, 0.93561, 0.93251, 0.93512, 0.93731, 
0.93616, 0.93352, 0.93433, 0.93505, 0.93659, 0.93581, 0.93592, 
0.93522, 1.284, 0.276, 0.4029, 0.4611, 0.5164, 0.584, 0.6784, 
0.6747, 0.8037, 0.9263, 0.8931, 170.6, 375, 515.6, 559.3, 573.7, 
603.3, 718.9, 670, 764.6, 819.6, 737.9, 126, 319, 348, 1117, 
336, 562, 1855, 1236, 1105, 1214, 819, 439, 402, 477, 82, 172, 
444, 54, 90, 101, 66, 222, 100, 100, 100, 100, 100, 100, 100, 
100, 100, 100, 100, 2500, 2500, 2500, 2500, 2500, 2500, 2500, 
2500, 2500, 2500, 2500, 24649.547, 15112.157, 17388.557, 19068.191, 
23480.977, 26576.865, 30821.686, 25211.308, 75012.545, 34381.5040000001, 
33479.145, 12.82856, -0.00728, -0.59097, 13.4673, -0.701, -0.64432, 
-0.74999, 0.00808, -0.50709, -0.33435, -0.08458, -11.2116, -1.40121, 
-0.49444, -11.21707, -0.84747, -0.78792, -0.51103, -0.40041, 
-0.43414, -0.35919, -0.29934, 0, 0, 0, 0, 0, 0, 0, 0, 0, 0, 0, 
0, 0, 0, 0, 0, 0, 0, 0, 0, 0, 0, 0.93407, 0.93653, 0.93667, 0.93676, 
0.93352, 0.93537, 0.93457, 0.93659, 0.93538, 0.93633, 0.93561, 
0.93251, 0.93512, 0.93667, 0.93556, 0.93353, 0.93433, 0.93408, 
0.9375, 0.93495, 0.93551, 0.93561, 0.8775, 0.2806, 0.3962, 1.7185, 
0.477, 0.5283, 0.625, 0.7006, 0.7584, 0.8845, 0.9813, 177.1, 
384.5, 519.8, 211.5, 530.3, 577, 656.2, 700.6, 721.6, 781.2, 
821, 88, 1633, 92, 4, 2055, 1224, 203, 690, 903, 421, 1026, 13, 
1, 1, 2, 1, 2, 7, 2, 1, 2, 1, 100, 100, 100, 100, 100, 100, 100, 
100, 100, 100, 100, 2500, 2500, 2500, 2500, 2500, 2500, 2500, 
2500, 2500, 2500, 2500, 17037.629, 19028.434, 21962.778, 23718.531, 
30673.696, 35206.323, 38055.934, 42420.841, 46391.442, 50336.441, 
57858.0340000001, 1, 1, 1, 1, 1, 1, 1, 1, 1, 1, 1, 0.06667, 0.06667, 
0.06667, 0.06667, 0.06667, 0.06667, 0.06667, 0.06667, 0.06667, 
0.06667, 0.06667, 0, 0, 0, 0, 0, 0, 0, 0, 0, 0, 0, 0, 0, 0, 0, 
0, 0, 0, 0, 0, 0, 0, 0.93329, 0.93372, 0.93408, 0.93497, 0.93242, 
0.9333, 0.93408, 0.93477, 0.93365, 0.93469, 0.93406, 0.93329, 
0.93372, 0.93408, 0.93497, 0.93242, 0.9333, 0.93408, 0.93477, 
0.93365, 0.93469, 0.93406, 0.1841, 0.2086, 0.2333, 0.2701, 0.3211, 
0.3528, 0.398, 0.4376, 0.4822, 0.5457, 0.6108, 238.6, 256.2, 
269.1, 287, 322.4, 341.5, 359.9, 379.9, 395, 416.3, 446.9, 1, 
1, 1, 1, 1, 1, 1, 1, 1, 1, 1, 1, 1, 1, 1, 1, 1, 1, 1, 1, 1, 1, 
1, 1, 1, 1, 1, 1, 1, 1, 1, 1, 1, 1, 1, 1, 1, 1, 1, 1, 1, 1, 1, 
1, 4.629, 4.857, 5.097, 5.491, 6.028, 6.373, 6.857, 7.32, 7.805, 
8.501, 9.115), .Dim = c(11L, 40L), .Dimnames = list(NULL, c("Sampling", 
"PSO.cost", "PSO.gamma", "PSO.data.balancing", "PSO.feature.selection", 
"PSO.valid.acc", "PSO.test.acc", "PSO.train.time", "PSO.n.support.vectors", 
"PSO.index", "PSO.n.solutions", "PSO.generations", "PSO.n.evaluations", 
"PSO.cpu.time", "RS.cost", "RS.gamma", "RS.data.balancing", "RS.feature.selection", 
"RS.valid.acc", "RS.test.acc", "RS.train.time", "RS.n.support.vectors", 
"RS.index", "RS.n.solutions", "RS.generations", "RS.n.evaluations", 
"RS.cpu.time", "DF.cost", "DF.gamma", "DF.data.balancing", "DF.feature.selection", 
"DF.valid.acc", "DF.test.acc", "DF.train.time", "DF.n.support.vectors", 
"DF.index", "DF.n.solutions", "DF.generations", "DF.n.evaluations", 
"DF.cpu.time")))
