full <-
structure(c(50, 55, 60, 65, 70, 75, 80, 85, 90, 95, 100, 0.1465, 
0.01076, 0.45312, -0.15962, 0.14583, 0.45838, -0.14534, 0.43669, 
-0.178, 0.02675, -0.65943, -0.12845, 0.07177, 0.03295, -0.29186, 
-1.02261, -0.63051, -0.64896, -0.49011, -0.00496, -0.9863, -0.20794, 
0, 0, 0, 0, 0, 0, 0, 0, 0, 0, 0, 0, 0, 0, 0, 0, 0, 0, 0, 0, 0, 
0, 0.93641, 0.93654, 0.93666, 0.93676, 0.94127, 0.94158, 0.94038, 
0.93568, 0.93624, 0.93714, 0.93483, 0.93563, 0.93513, 0.93666, 
0.93556, 0.94017, 0.94158, 0.94086, 0.93477, 0.93538, 0.93592, 
0.93444, 0.3363, 0.3985, 0.4512, 0.5074, 0.4813, 0.6014, 0.6389, 
0.7813, 0.9329, 0.7754, 1.0451, 506.1, 578.9, 605, 592.7, 508.2, 
597.7, 632.6, 697.2, 818, 659.2, 844.3, 327, 257, 649, 1203, 
523, 1423, 223, 2018, 762, 1513, 94, 392, 114, 436, 237, 435, 
68, 588, 63, 156, 99, 615, 100, 100, 100, 100, 100, 100, 100, 
100, 100, 100, 100, 2500, 2500, 2500, 2500, 2500, 2500, 2500, 
2500, 2500, 2500, 2500, 15540.609, 18187.36, 20928.208, 22978.5, 
24990.044, 27834.928, 24648.431, 34983.83, 38028.798, 35484.9900000001, 
38069.084, 0.26103, -0.77203, 0.85595, -0.22176, 0.53924, 0.28672, 
-0.0233, -0.10147, -0.11965, 0.05579, -0.71756, 0.55789, -0.09563, 
-0.95709, -0.08551, -0.52456, -0.5254, -0.28937, -0.78626, 0.83433, 
-0.8057, -0.36903, 0, 0, 0, 0, 0, 0, 0, 0, 0, 0, 0, 0, 0, 0, 
0, 0, 0, 0, 0, 0, 0, 0, 0.93641, 0.93583, 0.93665, 0.93616, 0.94127, 
0.94106, 0.93941, 0.93568, 0.93581, 0.93633, 0.93483, 0.93563, 
0.93513, 0.93536, 0.93556, 0.93905, 0.94158, 0.93989, 0.93614, 
0.93538, 0.93633, 0.93444, 0.3844, 0.3824, 0.4112, 0.5355, 0.5606, 
0.6163, 0.7137, 0.7078, 1.1408, 0.8358, 1.0081, 587.9, 556.2, 
464.2, 629.3, 588.4, 616.5, 699.7, 642.6, 971.6, 688.7, 804.5, 
293, 131, 15, 240, 1719, 1140, 622, 2463, 1180, 891, 1328, 5, 
6, 6, 5, 1, 1, 1, 1, 2, 1, 3, 100, 100, 100, 100, 100, 100, 100, 
100, 100, 100, 100, 2500, 2500, 2500, 2500, 2500, 2500, 2500, 
2500, 2500, 2500, 2500, 17693.388, 20951.498, 28823.327, 32146.53, 
35035.377, 38037.823, 40919.224, 50278.251, 49378.892, 53727.228, 
61133.569, 1, 1, 1, 1, 1, 1, 1, 1, 1, 1, 1, 0.06667, 0.06667, 
0.06667, 0.06667, 0.06667, 0.06667, 0.06667, 0.06667, 0.06667, 
0.06667, 0.06667, 0, 0, 0, 0, 0, 0, 0, 0, 0, 0, 0, 0, 0, 0, 0, 
0, 0, 0, 0, 0, 0, 0, 0.93408, 0.93513, 0.93536, 0.93437, 0.93851, 
0.93847, 0.93698, 0.93477, 0.93451, 0.93469, 0.93406, 0.93408, 
0.93513, 0.93536, 0.93437, 0.93851, 0.93847, 0.93698, 0.93477, 
0.93451, 0.93469, 0.93406, 0.1618, 0.1948, 0.2492, 0.2852, 0.3336, 
0.3456, 0.4317, 0.5077, 0.5117, 0.579, 0.6635, 219.7, 244.8, 
266.2, 285.7, 304.8, 320.2, 344.1, 381.4, 391.2, 412.3, 444.1, 
1, 1, 1, 1, 1, 1, 1, 1, 1, 1, 1, 1, 1, 1, 1, 1, 1, 1, 1, 1, 1, 
1, 1, 1, 1, 1, 1, 1, 1, 1, 1, 1, 1, 1, 1, 1, 1, 1, 1, 1, 1, 1, 
1, 1, 4.487, 4.81, 6.515, 6.89, 8.07, 6.509, 9.203, 10.083, 8.478, 
9.009, 10.088), .Dim = c(11L, 40L), .Dimnames = list(NULL, c("Sampling", 
"PSO.cost", "PSO.gamma", "PSO.data.balancing", "PSO.feature.selection", 
"PSO.valid.acc", "PSO.test.acc", "PSO.train.time", "PSO.n.support.vectors", 
"PSO.index", "PSO.n.solutions", "PSO.generations", "PSO.n.evaluations", 
"PSO.cpu.time", "RS.cost", "RS.gamma", "RS.data.balancing", "RS.feature.selection", 
"RS.valid.acc", "RS.test.acc", "RS.train.time", "RS.n.support.vectors", 
"RS.index", "RS.n.solutions", "RS.generations", "RS.n.evaluations", 
"RS.cpu.time", "DF.cost", "DF.gamma", "DF.data.balancing", "DF.feature.selection", 
"DF.valid.acc", "DF.test.acc", "DF.train.time", "DF.n.support.vectors", 
"DF.index", "DF.n.solutions", "DF.generations", "DF.n.evaluations", 
"DF.cpu.time")))
