full <-
structure(c(50, 55, 60, 65, 70, 75, 80, 85, 90, 95, 100, 1.59877, 
1.17018, 0.14862, 0.68789, 0.29236, -0.12627, 6.46726, 10.61605, 
-0.44479, -1.00886, -0.05932, -1.54039, -3.6504, -1.67493, -0.87114, 
-1.1284, -0.84756, -10.97155, -10.19986, -1.13376, -10.94647, 
-0.82551, 0, 0, 0, 0, 0, 0, 0, 0, 0, 0, 0, 0, 0, 0, 0, 0, 0, 
0, 0, 0, 0, 0, 0.94726, 0.94571, 0.94636, 0.94272, 0.93961, 0.94054, 
0.9365, 0.93477, 0.93537, 0.93551, 0.93638, 0.94493, 0.94359, 
0.94506, 0.93974, 0.93851, 0.93899, 0.9365, 0.93386, 0.93494, 
0.93551, 0.93639, 0.2283, 0.2149, 0.3011, 0.4259, 0.4464, 0.5338, 
0.7107, 1.4443, 0.6887, 0.3571, 0.8879, 326.7, 230.5, 368.5, 
489.3, 486, 554.8, 367, 282, 608.6, 317.2, 714.6, 267, 105, 815, 
736, 132, 1208, 2, 262, 329, 2, 1468, 438, 111, 213, 88, 170, 
21, 2201, 54, 284, 2140, 188, 100, 100, 100, 100, 100, 100, 100, 
100, 100, 100, 100, 2500, 2500, 2500, 2500, 2500, 2500, 2500, 
2500, 2500, 2500, 2500, 16752.422, 18363.64, 17819.269, 22522.945, 
25046.813, 23414.826, 21652.371, 39015.047, 32286.524, 35150.021, 
31711.403, 1.54917, 0.61054, 0.31098, 10.23337, 0.37485, 0.62965, 
14.98426, 9.5262, -0.45795, -0.30707, -0.55793, -0.93051, -3.07834, 
-1.66885, -10.71242, -1.39516, -4.00253, -11.7158, -9.60226, 
-0.83826, -0.60249, -0.98498, 0, 0, 0, 0, 0, 0, 0, 0, 0, 0, 0, 
0, 0, 0, 0, 0, 0, 0, 0, 0, 0, 0, 0.94648, 0.94571, 0.94635, 0.94153, 
0.93961, 0.94002, 0.9365, 0.93477, 0.93494, 0.93592, 0.93522, 
0.94337, 0.94359, 0.94442, 0.94153, 0.93906, 0.93847, 0.93408, 
0.93386, 0.93451, 0.93592, 0.93406, 0.2833, 0.2125, 0.3207, 0.8944, 
0.4237, 0.3341, 3.1792, 1.1174, 0.7347, 0.861, 0.8577, 378.6, 
253.8, 368.4, 205.8, 456.2, 303.6, 246.7, 283.5, 662.3, 722.6, 
689.5, 85, 116, 429, 14, 101, 147, 591, 396, 2025, 27, 293, 2, 
3, 1, 1025, 3, 4, 1014, 2, 1, 7, 2, 100, 100, 100, 100, 100, 
100, 100, 100, 100, 100, 100, 2500, 2500, 2500, 2500, 2500, 2500, 
2500, 2500, 2500, 2500, 2500, 18428.011, 20746.862, 23231.139, 
25919.246, 26110.018, 29434.031, 34813.779, 38651.676, 41442.493, 
49310.781, 60825.8489999999, 1, 1, 1, 1, 1, 1, 1, 1, 1, 1, 1, 
0.06667, 0.06667, 0.06667, 0.06667, 0.06667, 0.06667, 0.06667, 
0.06667, 0.06667, 0.06667, 0.06667, 0, 0, 0, 0, 0, 0, 0, 0, 0, 
0, 0, 0, 0, 0, 0, 0, 0, 0, 0, 0, 0, 0, 0.9426, 0.945, 0.94442, 
0.94153, 0.93906, 0.93951, 0.93553, 0.9334, 0.93365, 0.9351, 
0.93406, 0.9426, 0.945, 0.94442, 0.94094, 0.93906, 0.93951, 0.9365, 
0.93386, 0.93365, 0.9351, 0.93406, 0.17, 0.1934, 0.1463, 0.2675, 
0.3016, 0.3365, 0.3833, 0.4558, 0.4999, 0.5463, 0.6322, 216.9, 
226.4, 241.4, 270.4, 290.8, 307.9, 335.5, 362.1, 390.4, 399.5, 
439.5, 1, 1, 1, 1, 1, 1, 1, 1, 1, 1, 1, 1, 1, 1, 1, 1, 1, 1, 
1, 1, 1, 1, 1, 1, 1, 1, 1, 1, 1, 1, 1, 1, 1, 1, 1, 1, 1, 1, 1, 
1, 1, 1, 1, 1, 4.832, 5.074, 4.1, 6.105, 6.507, 6.97, 7.484, 
8.17, 8.938, 9.227, 10.397), .Dim = c(11L, 40L), .Dimnames = list(
    NULL, c("Sampling", "PSO.cost", "PSO.gamma", "PSO.data.balancing", 
    "PSO.feature.selection", "PSO.valid.acc", "PSO.test.acc", 
    "PSO.train.time", "PSO.n.support.vectors", "PSO.index", "PSO.n.solutions", 
    "PSO.generations", "PSO.n.evaluations", "PSO.cpu.time", "RS.cost", 
    "RS.gamma", "RS.data.balancing", "RS.feature.selection", 
    "RS.valid.acc", "RS.test.acc", "RS.train.time", "RS.n.support.vectors", 
    "RS.index", "RS.n.solutions", "RS.generations", "RS.n.evaluations", 
    "RS.cpu.time", "DF.cost", "DF.gamma", "DF.data.balancing", 
    "DF.feature.selection", "DF.valid.acc", "DF.test.acc", "DF.train.time", 
    "DF.n.support.vectors", "DF.index", "DF.n.solutions", "DF.generations", 
    "DF.n.evaluations", "DF.cpu.time")))
