full <-
structure(c(50, 55, 60, 65, 70, 75, 80, 85, 90, 95, 100, 1, 8.4897, 
10.92758, -0.00697, 7.27647, 1, 1, -0.26385, -0.18037, -0.15957, 
-0.07566, 0.06667, -7.26099, -8.62948, -1.10371, -7.77393, 0.06667, 
0.06667, 0.23728, -0.71913, -0.41989, -1.08693, 0, 0, 0, 0, 0, 
0, 0, 0, 0, 0, 0, 0, 0, 0, 0, 0, 0, 0, 0, 0, 0, 0, 0.94183, 0.94077, 
0.94248, 0.94512, 0.94129, 0.94106, 0.93942, 0.93796, 0.93839, 
0.93755, 0.93561, 0.94183, 0.93936, 0.93859, 0.94333, 0.93962, 
0.94106, 0.93942, 0.9375, 0.93667, 0.93633, 0.93483, 0.1653, 
0.4292, 0.8858, 0.3682, 0.5623, 0.3534, 0.423, 0.8384, 0.792, 
0.8994, 0.8798, 217.9, 195, 194.5, 448.1, 229.1, 323.2, 354.3, 
807.4, 661.8, 753.1, 671, 1, 1264, 338, 431, 803, 1, 1, 637, 
278, 640, 1256, 1850, 120, 182, 154, 61, 1799, 1751, 97, 303, 
246, 134, 100, 100, 100, 100, 100, 100, 100, 100, 100, 100, 100, 
2500, 2500, 2500, 2500, 2500, 2500, 2500, 2500, 2500, 2500, 2500, 
14787.053, 15528.146, 23380.419, 18856.851, 25431.949, 27087.801, 
36698.455, 36755.556, 33690.391, 33464.292, 40050.509, 2.61335, 
2.13028, 11.05558, 6.46114, -0.01798, 14.31837, 7.93961, -0.38826, 
-0.05785, 0.13518, -0.04061, -13.44556, -5.23083, -8.77147, -6.50638, 
-0.76837, -14.18853, -10.46459, -0.31471, -0.44906, -0.79431, 
-1.05869, 0, 0, 0, 0, 0, 0, 0, 0, 0, 0, 0, 0, 0, 0, 0, 0, 0, 
0, 0, 0, 0, 0, 0.94183, 0.94077, 0.94248, 0.94511, 0.94128, 0.94106, 
0.93942, 0.9375, 0.93753, 0.93673, 0.93522, 0.94183, 0.94006, 
0.93859, 0.94392, 0.93962, 0.94106, 0.93942, 0.93796, 0.93623, 
0.93429, 0.93522, 0.1345, 0.2013, 0.9095, 0.3877, 0.4599, 1.8072, 
1.4692, 0.7491, 0.8009, 0.8229, 0.8338, 197.4, 215.1, 195.4, 
219.6, 519.2, 209.7, 363.3, 702.7, 711.4, 681.4, 678.5, 2, 1459, 
128, 481, 1834, 1, 3, 272, 1078, 260, 17, 1115, 1, 1, 5, 2, 1068, 
1061, 4, 2, 2, 1, 100, 100, 100, 100, 100, 100, 100, 100, 100, 
100, 100, 2500, 2500, 2500, 2500, 2500, 2500, 2500, 2500, 2500, 
2500, 2500, 17029.572, 19622.062, 21982.55, 24160.793, 27133.438, 
32058.709, 41736.451, 46904.875, 50542.037, 53605.872, 62087.204, 
1, 1, 1, 1, 1, 1, 1, 1, 1, 1, 1, 0.06667, 0.06667, 0.06667, 0.06667, 
0.06667, 0.06667, 0.06667, 0.06667, 0.06667, 0.06667, 0.06667, 
0, 0, 0, 0, 0, 0, 0, 0, 0, 0, 0, 0, 0, 0, 0, 0, 0, 0, 0, 0, 0, 
0, 0.94183, 0.94006, 0.94182, 0.94392, 0.94073, 0.94106, 0.93942, 
0.93705, 0.93537, 0.93469, 0.93406, 0.94183, 0.94006, 0.94182, 
0.94392, 0.94073, 0.94106, 0.93942, 0.93705, 0.93537, 0.93469, 
0.93406, 0.1603, 0.1986, 0.2315, 0.2593, 0.3079, 0.369, 0.435, 
0.507, 0.5399, 0.5833, 0.6212, 217.9, 245.9, 257.7, 278.2, 302.6, 
323.2, 354.3, 377, 405.1, 424.5, 442.4, 1, 1, 1, 1, 1, 1, 1, 
1, 1, 1, 1, 1, 1, 1, 1, 1, 1, 1, 1, 1, 1, 1, 1, 1, 1, 1, 1, 1, 
1, 1, 1, 1, 1, 1, 1, 1, 1, 1, 1, 1, 1, 1, 1, 1, 4.432, 4.927, 
5.185, 5.494, 6.198, 6.751, 8.439, 9.045, 9.156, 9.123, 9.464
), .Dim = c(11L, 40L), .Dimnames = list(NULL, c("Sampling", "PSO.cost", 
"PSO.gamma", "PSO.data.balancing", "PSO.feature.selection", "PSO.valid.acc", 
"PSO.test.acc", "PSO.train.time", "PSO.n.support.vectors", "PSO.index", 
"PSO.n.solutions", "PSO.generations", "PSO.n.evaluations", "PSO.cpu.time", 
"RS.cost", "RS.gamma", "RS.data.balancing", "RS.feature.selection", 
"RS.valid.acc", "RS.test.acc", "RS.train.time", "RS.n.support.vectors", 
"RS.index", "RS.n.solutions", "RS.generations", "RS.n.evaluations", 
"RS.cpu.time", "DF.cost", "DF.gamma", "DF.data.balancing", "DF.feature.selection", 
"DF.valid.acc", "DF.test.acc", "DF.train.time", "DF.n.support.vectors", 
"DF.index", "DF.n.solutions", "DF.generations", "DF.n.evaluations", 
"DF.cpu.time")))
