full <-
structure(c(50, 55, 60, 65, 70, 75, 80, 85, 90, 95, 100, 0.22117, 
1.22638, -0.20154, 0.23007, -0.15337, 0.47566, -0.23154, 0.41195, 
-0.23993, -0.21912, -0.22202, -2.43972, -2.94513, -1.01829, -2.03805, 
-1.32675, -1.16875, -1.0538, -0.74516, -0.60483, -0.53024, -0.51104, 
0, 0, 0, 0, 0, 0, 0, 0, 0, 0, 0, 0, 0, 0, 0, 0, 0, 0, 0, 0, 0, 
0, 0.93021, 0.9323, 0.92954, 0.9308, 0.93186, 0.93229, 0.9336, 
0.93294, 0.93408, 0.93511, 0.93638, 0.92789, 0.92807, 0.92954, 
0.92841, 0.9302, 0.93021, 0.93214, 0.93157, 0.93322, 0.93429, 
0.93561, 0.2027, 0.2181, 0.368, 0.3408, 0.4459, 0.5331, 0.597, 
0.6933, 0.8026, 0.8553, 0.9505, 291.5, 279.2, 473.1, 391.9, 496.1, 
549.9, 594.7, 663.1, 709.6, 745.8, 775.4, 445, 960, 180, 298, 
503, 1229, 855, 1620, 907, 2416, 526, 838, 146, 652, 376, 125, 
139, 309, 10, 238, 1, 590, 100, 100, 100, 100, 100, 100, 100, 
100, 100, 100, 100, 2500, 2500, 2500, 2500, 2500, 2500, 2500, 
2500, 2500, 2500, 2500, 13323.426, 15230.143, 16837.641, 18938.159, 
20158.983, 22219.956, 35437.244, 28525.674, 36930.202, 49021.8379999999, 
34277.8879999999, -0.37652, 1.3581, -0.27491, 0.24746, 0.19568, 
0.56148, -0.39844, 0.4509, -0.12781, -0.23208, -0.46094, -1.7744, 
-3.03738, -1.00483, -1.96274, -1.08188, -1.53404, -1.32295, -0.7005, 
-1.12652, -1.19833, -0.78588, 0, 0, 0, 0, 0, 0, 0, 0, 0, 0, 0, 
0, 0, 0, 0, 0, 0, 0, 0, 0, 0, 0, 0.92866, 0.93159, 0.92954, 0.9302, 
0.93131, 0.93177, 0.93311, 0.93248, 0.93322, 0.9347, 0.93522, 
0.92711, 0.92807, 0.92954, 0.92781, 0.9302, 0.92918, 0.93117, 
0.93157, 0.93279, 0.93307, 0.93561, 0.2197, 0.2159, 0.3656, 0.3525, 
0.4683, 0.4992, 0.5666, 0.7055, 0.7194, 0.7342, 0.8843, 333.6, 
277, 475.8, 399.6, 523.5, 504.4, 559.7, 671.2, 624, 629.2, 721.4, 
223, 1448, 1199, 299, 1981, 117, 1340, 444, 1780, 770, 271, 7, 
2, 3, 3, 2, 1, 2, 2, 1, 2, 1, 100, 100, 100, 100, 100, 100, 100, 
100, 100, 100, 100, 2500, 2500, 2500, 2500, 2500, 2500, 2500, 
2500, 2500, 2500, 2500, 17877.157, 20491.43, 23564.569, 26551.326, 
30681.782, 34927.89, 41284.235, 47037.979, 49870.4190000001, 
54774.335, 62893.1139999999, 1, 1, 1, 1, 1, 1, 1, 1, 1, 1, 1, 
0.06667, 0.06667, 0.06667, 0.06667, 0.06667, 0.06667, 0.06667, 
0.06667, 0.06667, 0.06667, 0.06667, 0, 0, 0, 0, 0, 0, 0, 0, 0, 
0, 0, 0, 0, 0, 0, 0, 0, 0, 0, 0, 0, 0, 0.92399, 0.92735, 0.92761, 
0.92781, 0.92743, 0.92762, 0.92972, 0.92929, 0.9302, 0.93266, 
0.93406, 0.92476, 0.92806, 0.92761, 0.92781, 0.92743, 0.92762, 
0.92972, 0.92975, 0.93063, 0.93266, 0.93406, 0.1712, 0.2027, 
0.2352, 0.2699, 0.3102, 0.3676, 0.4168, 0.4782, 0.5495, 0.5896, 
0.6431, 232.5, 250.6, 272.2, 294.2, 314.4, 341.4, 361.6, 382.8, 
415.4, 429.4, 443.9, 1, 1, 1, 1, 1, 1, 1, 1, 1, 1, 1, 1, 1, 1, 
1, 1, 1, 1, 1, 1, 1, 1, 1, 1, 1, 1, 1, 1, 1, 1, 1, 1, 1, 1, 1, 
1, 1, 1, 1, 1, 1, 1, 1, 1, 4.738, 4.889, 5.505, 5.708, 6.361, 
6.84, 7.576, 8.254, 8.71, 9.181, 9.761), .Dim = c(11L, 40L), .Dimnames = list(
    NULL, c("Sampling", "PSO.cost", "PSO.gamma", "PSO.data.balancing", 
    "PSO.feature.selection", "PSO.valid.acc", "PSO.test.acc", 
    "PSO.train.time", "PSO.n.support.vectors", "PSO.index", "PSO.n.solutions", 
    "PSO.generations", "PSO.n.evaluations", "PSO.cpu.time", "RS.cost", 
    "RS.gamma", "RS.data.balancing", "RS.feature.selection", 
    "RS.valid.acc", "RS.test.acc", "RS.train.time", "RS.n.support.vectors", 
    "RS.index", "RS.n.solutions", "RS.generations", "RS.n.evaluations", 
    "RS.cpu.time", "DF.cost", "DF.gamma", "DF.data.balancing", 
    "DF.feature.selection", "DF.valid.acc", "DF.test.acc", "DF.train.time", 
    "DF.n.support.vectors", "DF.index", "DF.n.solutions", "DF.generations", 
    "DF.n.evaluations", "DF.cpu.time")))
