full <-
structure(c(50, 55, 60, 65, 70, 75, 80, 85, 90, 95, 100, 6.09022, 
11.20757, 15, 15, 7.00363, 14.20789, 6.4505, 11.11075, 15, 8.34376, 
6.73185, -6.23013, -8.13561, -9.03769, -9.85814, -5.94461, -11.32402, 
-6.75123, -9.30758, -10.08558, -8.5883, -6.16112, 0, 0, 0, 0, 
0, 0, 0, 0, 0, 0, 0, 0, 0, 0, 0, 0, 0, 0, 0, 0, 0, 0, 0.71891, 
0.72558, 0.72071, 0.73409, 0.73811, 0.74009, 0.75013, 0.75456, 
0.75806, 0.76723, 0.75366, 0.65204, 0.68813, 0.70095, 0.71648, 
0.73849, 0.70884, 0.72421, 0.73732, 0.72548, 0.74223, 0.73869, 
0.015, 0.0227, 0.1086, 0.0825, 0.0232, 0.0338, 0.0226, 0.0323, 
0.1159, 0.0301, 0.0306, 100.4, 102.4, 105.4, 118.1, 130.7, 145.2, 
150.8, 157.4, 152.5, 178.5, 176.1, 359, 943, 1657, 277, 1271, 
1106, 413, 343, 1004, 634, 199, 39, 120, 2, 20, 66, 9, 111, 210, 
3, 34, 307, 100, 100, 100, 100, 100, 100, 100, 100, 100, 100, 
100, 2500, 2500, 2500, 2500, 2500, 2500, 2500, 2500, 2500, 2500, 
2500, 6292.434, 6699.317, 7789.071, 7838.297, 6916.071, 6908.842, 
6568.02, 6901.898, 7938.53199999999, 6905.09, 6856.973, 7.73241, 
1.07423, 8.6146, 7.98324, 6.7582, 14.75548, 6.67089, 9.61093, 
14.03888, 8.73569, 6.76426, -7.10857, -1.04863, -6.7476, -6.10084, 
-5.8183, -11.60377, -6.92883, -8.51436, -9.51516, -8.91498, -6.22443, 
0, 0, 0, 0, 0, 0, 0, 0, 0, 0, 0, 0, 0, 0, 0, 0, 0, 0, 0, 0, 0, 
0, 0.71303, 0.72655, 0.71619, 0.72974, 0.73359, 0.73609, 0.75013, 
0.75456, 0.75151, 0.76411, 0.75366, 0.65204, 0.67243, 0.71619, 
0.71235, 0.73849, 0.70884, 0.72421, 0.73387, 0.73204, 0.74233, 
0.73869, 0.0148, 0.0168, 0.0205, 0.0226, 0.0215, 0.0385, 0.0223, 
0.0278, 0.0909, 0.028, 0.031, 98.4, 129.6, 112.6, 119.9, 130.8, 
145.1, 151, 157.8, 152.7, 179.9, 176.7, 2006, 657, 2078, 620, 
51, 645, 397, 728, 710, 222, 693, 2, 1, 1, 3, 2, 7, 1, 4, 1, 
5, 1, 100, 100, 100, 100, 100, 100, 100, 100, 100, 100, 100, 
2500, 2500, 2500, 2500, 2500, 2500, 2500, 2500, 2500, 2500, 2500, 
6425.352, 6545.162, 6584.182, 6645.515, 6742.557, 6907.11, 6985.91899999999, 
6985.78600000001, 7255.98999999999, 7239.408, 7993.20600000001, 
1, 1, 1, 1, 1, 1, 1, 1, 1, 1, 1, 0.16667, 0.16667, 0.16667, 0.16667, 
0.16667, 0.16667, 0.16667, 0.16667, 0.16667, 0.16667, 0.16667, 
0, 0, 0, 0, 0, 0, 0, 0, 0, 0, 0, 0, 0, 0, 0, 0, 0, 0, 0, 0, 0, 
0, 0.60564, 0.65626, 0.66143, 0.63397, 0.65904, 0.66297, 0.6914, 
0.70616, 0.69946, 0.7179, 0.70303, 0.61013, 0.64716, 0.64238, 
0.65216, 0.68075, 0.67852, 0.68757, 0.69938, 0.70914, 0.72083, 
0.70893, 0.0139, 0.0163, 0.0169, 0.0183, 0.02, 0.0208, 0.023, 
0.0238, 0.028, 0.0322, 0.0331, 116.6, 129, 140.1, 150.6, 160, 
170.4, 178.9, 192.4, 199.2, 207, 218.3, 1, 1, 1, 1, 1, 1, 1, 
1, 1, 1, 1, 1, 1, 1, 1, 1, 1, 1, 1, 1, 1, 1, 1, 1, 1, 1, 1, 1, 
1, 1, 1, 1, 1, 1, 1, 1, 1, 1, 1, 1, 1, 1, 1, 1, 2.429, 2.488, 
2.433, 2.417, 2.497, 2.572, 2.506, 2.552, 2.624, 2.599, 3.554
), .Dim = c(11L, 40L), .Dimnames = list(NULL, c("Sampling", "PSO.cost", 
"PSO.gamma", "PSO.data.balancing", "PSO.feature.selection", "PSO.valid.acc", 
"PSO.test.acc", "PSO.train.time", "PSO.n.support.vectors", "PSO.index", 
"PSO.n.solutions", "PSO.generations", "PSO.n.evaluations", "PSO.cpu.time", 
"RS.cost", "RS.gamma", "RS.data.balancing", "RS.feature.selection", 
"RS.valid.acc", "RS.test.acc", "RS.train.time", "RS.n.support.vectors", 
"RS.index", "RS.n.solutions", "RS.generations", "RS.n.evaluations", 
"RS.cpu.time", "DF.cost", "DF.gamma", "DF.data.balancing", "DF.feature.selection", 
"DF.valid.acc", "DF.test.acc", "DF.train.time", "DF.n.support.vectors", 
"DF.index", "DF.n.solutions", "DF.generations", "DF.n.evaluations", 
"DF.cpu.time")))
