full <-
structure(c(50, 55, 60, 65, 70, 75, 80, 85, 90, 95, 100, 4.65121, 
11.9464, 15, 9.42138, 11.24346, 11.28778, 6.93606, 14.30644, 
7.05054, 8.19048, 14.60688, -7.01684, -10.91665, -11.50014, -4.57989, 
-7.4744, -10.90317, -7.3753, -11.43784, -8.12929, -9.11929, -12.18733, 
0, 0, 0, 0, 0, 0, 0, 0, 0, 0, 0, 0, 0, 0, 0, 0, 0, 0, 0, 0, 0, 
0, 0.78783, 0.79708, 0.78405, 0.73778, 0.74738, 0.73754, 0.76462, 
0.74698, 0.75548, 0.75805, 0.75096, 0.76393, 0.7807, 0.78452, 
0.69643, 0.7222, 0.73738, 0.73538, 0.74389, 0.73559, 0.74867, 
0.72181, 0.0129, 0.0172, 0.0315, 0.0402, 0.0402, 0.0228, 0.0214, 
0.0385, 0.0251, 0.0268, 0.0446, 95.4, 97.5, 102.2, 94.5, 115.3, 
143.6, 146.5, 158.1, 174.8, 186.5, 191.1, 1070, 169, 173, 630, 
767, 207, 217, 875, 435, 1807, 2408, 10, 149, 64, 75, 104, 229, 
270, 43, 313, 1, 1, 100, 100, 100, 100, 100, 100, 100, 100, 100, 
100, 100, 2500, 2500, 2500, 2500, 2500, 2500, 2500, 2500, 2500, 
2500, 2500, 6076.794, 6057.653, 6446.325, 7144.389, 7053.453, 
6330.63800000001, 6445.769, 6885.482, 6343.92999999999, 6427.833, 
6706.50900000001, 12.80729, 14.39743, 3.16562, 14.13311, 11.76975, 
11.60087, 5.39232, 13.55697, 9.04805, 8.3346, 13.65978, -11.4107, 
-11.95853, -5.84981, -11.33295, -7.64628, -10.53692, -6.60945, 
-11.06362, -7.96215, -8.88142, -11.75737, 0, 0, 0, 0, 0, 0, 0, 
0, 0, 0, 0, 0, 0, 0, 0, 0, 0, 0, 0, 0, 0, 0, 0.78227, 0.79181, 
0.78405, 0.74273, 0.74321, 0.73738, 0.76462, 0.74698, 0.75215, 
0.75786, 0.74802, 0.75837, 0.7807, 0.76024, 0.72477, 0.73506, 
0.74908, 0.73167, 0.75067, 0.71925, 0.75492, 0.71895, 0.0163, 
0.0236, 0.016, 0.0272, 0.0456, 0.0232, 0.0217, 0.0342, 0.029, 
0.0275, 0.041, 81.7, 95.8, 122.7, 115.9, 114.6, 138.9, 150.3, 
158.4, 160.8, 183.1, 192, 265, 121, 154, 2451, 476, 156, 965, 
1548, 282, 2283, 245, 3, 7, 3, 1, 4, 2, 3, 2, 1, 1, 2, 100, 100, 
100, 100, 100, 100, 100, 100, 100, 100, 100, 2500, 2500, 2500, 
2500, 2500, 2500, 2500, 2500, 2500, 2500, 2500, 6012.89, 6090.095, 
6257.748, 6358.572, 6563.99, 6615.08100000001, 6771.121, 6851.495, 
7000.40500000001, 7056.91399999999, 7622.489, 1, 1, 1, 1, 1, 
1, 1, 1, 1, 1, 1, 0.16667, 0.16667, 0.16667, 0.16667, 0.16667, 
0.16667, 0.16667, 0.16667, 0.16667, 0.16667, 0.16667, 0, 0, 0, 
0, 0, 0, 0, 0, 0, 0, 0, 0, 0, 0, 0, 0, 0, 0, 0, 0, 0, 0, 0.72271, 
0.69591, 0.70119, 0.67096, 0.668, 0.66231, 0.69037, 0.6811, 0.68957, 
0.68409, 0.70683, 0.74003, 0.7114, 0.68667, 0.67592, 0.6553, 
0.67046, 0.69806, 0.67741, 0.71247, 0.68134, 0.70675, 0.0132, 
0.0151, 0.0159, 0.0173, 0.0187, 0.0206, 0.0221, 0.0236, 0.0249, 
0.0263, 0.0309, 111.9, 124, 135.5, 147.6, 159.9, 169.9, 178.2, 
187.1, 196.6, 206.6, 218.8, 1, 1, 1, 1, 1, 1, 1, 1, 1, 1, 1, 
1, 1, 1, 1, 1, 1, 1, 1, 1, 1, 1, 1, 1, 1, 1, 1, 1, 1, 1, 1, 1, 
1, 1, 1, 1, 1, 1, 1, 1, 1, 1, 1, 1, 2.258, 2.411, 2.381, 2.394, 
2.325, 2.457, 2.49, 2.479, 2.43, 2.405, 2.688), .Dim = c(11L, 
40L), .Dimnames = list(NULL, c("Sampling", "PSO.cost", "PSO.gamma", 
"PSO.data.balancing", "PSO.feature.selection", "PSO.valid.acc", 
"PSO.test.acc", "PSO.train.time", "PSO.n.support.vectors", "PSO.index", 
"PSO.n.solutions", "PSO.generations", "PSO.n.evaluations", "PSO.cpu.time", 
"RS.cost", "RS.gamma", "RS.data.balancing", "RS.feature.selection", 
"RS.valid.acc", "RS.test.acc", "RS.train.time", "RS.n.support.vectors", 
"RS.index", "RS.n.solutions", "RS.generations", "RS.n.evaluations", 
"RS.cpu.time", "DF.cost", "DF.gamma", "DF.data.balancing", "DF.feature.selection", 
"DF.valid.acc", "DF.test.acc", "DF.train.time", "DF.n.support.vectors", 
"DF.index", "DF.n.solutions", "DF.generations", "DF.n.evaluations", 
"DF.cpu.time")))
