full <-
structure(c(50, 55, 60, 65, 70, 75, 80, 85, 90, 95, 100, 6.97512, 
15, 8.08384, 7.46305, 3.24987, 3.95869, 15, 9.03757, 14.57711, 
10.6479, 15, -6.74508, -9.34926, -9.08149, -6.48506, -5.22053, 
-6.07864, -11.40355, -8.72943, -11.50882, -8.99882, -12.23863, 
0, 0, 0, 0, 0, 0, 0, 0, 0, 0, 0, 0, 0, 0, 0, 0, 0, 0, 0, 0, 0, 
0, 0.75462, 0.74102, 0.73119, 0.73673, 0.73986, 0.73668, 0.72778, 
0.75431, 0.76151, 0.7554, 0.75331, 0.70645, 0.71939, 0.69643, 
0.70675, 0.73116, 0.72529, 0.72421, 0.74052, 0.74527, 0.7304, 
0.7444, 0.0153, 0.0882, 0.0177, 0.0216, 0.0195, 0.0205, 0.0518, 
0.0254, 0.0498, 0.0361, 0.0534, 94.9, 94.6, 121.6, 121.1, 145.5, 
155.3, 149.6, 159.6, 166.7, 169.3, 189.7, 928, 410, 1306, 982, 
1040, 900, 1412, 803, 575, 41, 1739, 43, 36, 116, 144, 38, 35, 
3, 45, 13, 246, 1, 100, 100, 100, 100, 100, 100, 100, 100, 100, 
100, 100, 2500, 2500, 2500, 2500, 2500, 2500, 2500, 2500, 2500, 
2500, 2500, 7025.727, 7485.749, 6485.566, 6658.205, 7753.022, 
6569.46400000001, 7316.85000000001, 6843.681, 7235.143, 7089.66500000001, 
7585.11900000001, 4.80816, 14.93135, 8.94997, 7.50005, 3.23458, 
3.41452, 13.55276, 9.27529, 10.1963, 8.81876, 13.76963, -5.62257, 
-9.29916, -9.41223, -8.07799, -5.27223, -5.90584, -10.41947, 
-8.82254, -9.39854, -8.23717, -11.60884, 0, 0, 0, 0, 0, 0, 0, 
0, 0, 0, 0, 0, 0, 0, 0, 0, 0, 0, 0, 0, 0, 0, 0.74285, 0.74102, 
0.72119, 0.73321, 0.73986, 0.72883, 0.72421, 0.75086, 0.75505, 
0.7554, 0.74743, 0.70613, 0.71939, 0.71571, 0.71957, 0.73551, 
0.70606, 0.72778, 0.74052, 0.7486, 0.72415, 0.74734, 0.0145, 
0.0802, 0.0175, 0.0197, 0.0199, 0.0215, 0.0407, 0.0278, 0.0293, 
0.032, 0.0456, 98.3, 94.3, 119.8, 130, 146.3, 158.4, 146.5, 159.2, 
168.1, 172.7, 189.8, 1923, 1073, 223, 2233, 365, 1400, 5, 185, 
1294, 1263, 1321, 1, 1, 3, 1, 2, 2, 2, 14, 5, 3, 2, 100, 100, 
100, 100, 100, 100, 100, 100, 100, 100, 100, 2500, 2500, 2500, 
2500, 2500, 2500, 2500, 2500, 2500, 2500, 2500, 6584.318, 6740.645, 
6750.499, 6847.407, 6867.168, 7079.58600000001, 7221.93800000001, 
7147.70600000001, 7479.414, 7903.96100000001, 7949.27900000001, 
1, 1, 1, 1, 1, 1, 1, 1, 1, 1, 1, 0.16667, 0.16667, 0.16667, 0.16667, 
0.16667, 0.16667, 0.16667, 0.16667, 0.16667, 0.16667, 0.16667, 
0, 0, 0, 0, 0, 0, 0, 0, 0, 0, 0, 0, 0, 0, 0, 0, 0, 0, 0, 0, 0, 
0, 0.65212, 0.62284, 0.6381, 0.65171, 0.70163, 0.69022, 0.67672, 
0.71281, 0.70247, 0.71193, 0.6827, 0.65208, 0.64947, 0.66262, 
0.67944, 0.68062, 0.68653, 0.69153, 0.71268, 0.70581, 0.72121, 
0.70347, 0.0156, 0.0163, 0.0169, 0.0173, 0.0205, 0.0224, 0.024, 
0.0258, 0.0265, 0.0296, 0.0299, 116.4, 127.7, 135.6, 147.8, 157.5, 
169.7, 178.4, 187, 195.4, 206.9, 217.9, 1, 1, 1, 1, 1, 1, 1, 
1, 1, 1, 1, 1, 1, 1, 1, 1, 1, 1, 1, 1, 1, 1, 1, 1, 1, 1, 1, 1, 
1, 1, 1, 1, 1, 1, 1, 1, 1, 1, 1, 1, 1, 1, 1, 1, 2.664, 2.603, 
2.535, 2.383, 2.602, 2.67, 2.666, 2.68, 2.673, 2.783, 2.628), .Dim = c(11L, 
40L), .Dimnames = list(NULL, c("Sampling", "PSO.cost", "PSO.gamma", 
"PSO.data.balancing", "PSO.feature.selection", "PSO.valid.acc", 
"PSO.test.acc", "PSO.train.time", "PSO.n.support.vectors", "PSO.index", 
"PSO.n.solutions", "PSO.generations", "PSO.n.evaluations", "PSO.cpu.time", 
"RS.cost", "RS.gamma", "RS.data.balancing", "RS.feature.selection", 
"RS.valid.acc", "RS.test.acc", "RS.train.time", "RS.n.support.vectors", 
"RS.index", "RS.n.solutions", "RS.generations", "RS.n.evaluations", 
"RS.cpu.time", "DF.cost", "DF.gamma", "DF.data.balancing", "DF.feature.selection", 
"DF.valid.acc", "DF.test.acc", "DF.train.time", "DF.n.support.vectors", 
"DF.index", "DF.n.solutions", "DF.generations", "DF.n.evaluations", 
"DF.cpu.time")))
