full <-
structure(c(50, 55, 60, 65, 70, 75, 80, 85, 90, 95, 100, 8.65489, 
9.61536, 6.3473, 4.97142, 9.97329, 14.85825, 5.7204, 9.73404, 
9.87658, 4.80774, 14.55087, -6.20175, -8.78337, -6.8561, -6.92369, 
-8.4024, -5.88694, -6.09145, -7.73867, -9.10534, -6.95936, -11.12861, 
0, 0, 0, 0, 0, 0, 0, 0, 0, 0, 0, 0, 0, 0, 0, 0, 0, 0, 0, 0, 0, 
0, 0.74069, 0.73901, 0.74659, 0.73281, 0.71775, 0.72205, 0.74286, 
0.72635, 0.74215, 0.73717, 0.75109, 0.69984, 0.70626, 0.73183, 
0.73755, 0.70489, 0.69082, 0.71733, 0.71256, 0.7129, 0.7276, 
0.73647, 0.0192, 0.0186, 0.0173, 0.0189, 0.0245, 0.8521, 0.0232, 
0.0339, 0.0309, 0.0288, 0.0645, 84.2, 109.1, 117.8, 134, 130, 
114.1, 147.8, 150.8, 169.2, 192.6, 180.2, 1054, 1167, 133, 519, 
112, 674, 221, 169, 1917, 1162, 1707, 101, 74, 194, 108, 97, 
63, 172, 187, 14, 41, 1, 100, 100, 100, 100, 100, 100, 100, 100, 
100, 100, 100, 2500, 2500, 2500, 2500, 2500, 2500, 2500, 2500, 
2500, 2500, 2500, 6853.566, 6882.014, 6881.679, 6853.473, 7263.485, 
17516.953, 6890.416, 6984.822, 6821.68599999999, 7425.05799999999, 
7601.40599999999, 2.96053, 5.54813, 6.75131, 4.98533, 14.02551, 
11.85024, 6.69593, 1.59794, 14.42577, 2.67997, 13.74578, -3.8409, 
-6.34254, -7.1415, -6.99091, -10.41953, -4.9152, -6.58778, -4.75917, 
-11.40849, -5.81581, -11.2383, 0, 0, 0, 0, 0, 0, 0, 0, 0, 0, 
0, 0, 0, 0, 0, 0, 0, 0, 0, 0, 0, 0, 0.7355, 0.73345, 0.74659, 
0.72826, 0.71775, 0.71821, 0.74286, 0.72968, 0.73892, 0.73385, 
0.74815, 0.68321, 0.71152, 0.74159, 0.73755, 0.70489, 0.69451, 
0.71733, 0.70197, 0.71613, 0.7277, 0.74824, 0.0157, 0.0165, 0.0179, 
0.0191, 0.0437, 0.1824, 0.0249, 0.0269, 0.0496, 0.0301, 0.049, 
100, 110, 118, 134.5, 129.2, 116.2, 146, 181.4, 168.9, 199.9, 
186.7, 838, 918, 1416, 951, 2077, 353, 232, 833, 198, 790, 897, 
1, 1, 1, 1, 2, 2, 1, 4, 4, 2, 3, 100, 100, 100, 100, 100, 100, 
100, 100, 100, 100, 100, 2500, 2500, 2500, 2500, 2500, 2500, 
2500, 2500, 2500, 2500, 2500, 6801.173, 6847.837, 6988.72, 6939.651, 
7188.971, 7016.292, 7305.507, 7102.023, 7509.726, 7871.524, 8048.899, 
1, 1, 1, 1, 1, 1, 1, 1, 1, 1, 1, 0.16667, 0.16667, 0.16667, 0.16667, 
0.16667, 0.16667, 0.16667, 0.16667, 0.16667, 0.16667, 0.16667, 
0, 0, 0, 0, 0, 0, 0, 0, 0, 0, 0, 0, 0, 0, 0, 0, 0, 0, 0, 0, 0, 
0, 0.68252, 0.67909, 0.68752, 0.69704, 0.68388, 0.67003, 0.70595, 
0.6915, 0.69366, 0.68157, 0.68076, 0.67594, 0.64722, 0.68231, 
0.69229, 0.70471, 0.70126, 0.68108, 0.68128, 0.70011, 0.68441, 
0.70706, 0.0154, 0.0166, 0.0189, 0.0191, 0.0218, 0.0208, 0.0233, 
0.0255, 0.0278, 0.03, 0.0318, 120.9, 131.1, 142.4, 151.4, 161.2, 
172.5, 179.3, 188.6, 199.1, 207.2, 218.6, 1, 1, 1, 1, 1, 1, 1, 
1, 1, 1, 1, 1, 1, 1, 1, 1, 1, 1, 1, 1, 1, 1, 1, 1, 1, 1, 1, 1, 
1, 1, 1, 1, 1, 1, 1, 1, 1, 1, 1, 1, 1, 1, 1, 1, 2.64, 2.661, 
2.748, 2.641, 2.724, 2.41, 2.532, 2.685, 2.722, 2.786, 2.804), .Dim = c(11L, 
40L), .Dimnames = list(NULL, c("Sampling", "PSO.cost", "PSO.gamma", 
"PSO.data.balancing", "PSO.feature.selection", "PSO.valid.acc", 
"PSO.test.acc", "PSO.train.time", "PSO.n.support.vectors", "PSO.index", 
"PSO.n.solutions", "PSO.generations", "PSO.n.evaluations", "PSO.cpu.time", 
"RS.cost", "RS.gamma", "RS.data.balancing", "RS.feature.selection", 
"RS.valid.acc", "RS.test.acc", "RS.train.time", "RS.n.support.vectors", 
"RS.index", "RS.n.solutions", "RS.generations", "RS.n.evaluations", 
"RS.cpu.time", "DF.cost", "DF.gamma", "DF.data.balancing", "DF.feature.selection", 
"DF.valid.acc", "DF.test.acc", "DF.train.time", "DF.n.support.vectors", 
"DF.index", "DF.n.solutions", "DF.generations", "DF.n.evaluations", 
"DF.cpu.time")))
