full <-
structure(c(50, 55, 60, 65, 70, 75, 80, 85, 90, 95, 100, 10.77054, 
12.55614, 8.15232, 14.94158, 11.70011, 15, 14.89408, 7.74759, 
15, 11.09547, 15, -6.91312, -8.81843, -7.16767, -10.20197, -10.80063, 
-12.2883, -12.19102, -8.59109, -13.20646, -9.72203, -10.88875, 
0, 0, 0, 0, 0, 0, 0, 0, 0, 0, 0, 0, 0, 0, 0, 0, 0, 0, 0, 0, 0, 
0, 0.75944, 0.76901, 0.78342, 0.76494, 0.74809, 0.74892, 0.76488, 
0.76102, 0.74452, 0.75492, 0.74185, 0.71091, 0.76374, 0.75818, 
0.75109, 0.72654, 0.72462, 0.75363, 0.74722, 0.73151, 0.72374, 
0.71849, 0.0328, 0.0309, 0.0191, 0.0758, 0.0242, 0.0361, 0.0397, 
0.0245, 0.0352, 0.0323, 0.0784, 80.2, 91.3, 108.3, 113.2, 135.8, 
142.7, 146.9, 158, 170.1, 170.7, 175.9, 66, 193, 1075, 684, 73, 
604, 764, 229, 179, 2103, 733, 376, 115, 27, 10, 191, 32, 35, 
155, 5, 2, 95, 100, 100, 100, 100, 100, 100, 100, 100, 100, 100, 
100, 2500, 2500, 2500, 2500, 2500, 2500, 2500, 2500, 2500, 2500, 
2500, 7040.819, 6895.117, 7251.074, 7136.328, 6584.929, 6800.643, 
6506.84999999999, 6482.446, 6696.75599999999, 7196.59699999999, 
7694.03099999999, 10.92979, 11.36343, 8.71674, 13.59236, 3.34458, 
12.64067, 11.06733, 7.30497, 13.22059, 13.29481, 12.8479, -6.98217, 
-8.23716, -7.41053, -9.52544, -4.16094, -10.99226, -10.65054, 
-8.41274, -12.2248, -10.85512, -9.83544, 0, 0, 0, 0, 0, 0, 0, 
0, 0, 0, 0, 0, 0, 0, 0, 0, 0, 0, 0, 0, 0, 0, 0.75944, 0.76901, 
0.78342, 0.76018, 0.75222, 0.74877, 0.7646, 0.75757, 0.74129, 
0.75179, 0.74185, 0.71091, 0.75848, 0.75818, 0.74655, 0.72651, 
0.72462, 0.73881, 0.74722, 0.73473, 0.72697, 0.72143, 0.032, 
0.0253, 0.0206, 0.0559, 0.0208, 0.0285, 0.0255, 0.0231, 0.0314, 
0.0444, 0.0528, 79.9, 91.9, 108, 113.3, 133.9, 142.9, 150.6, 
159.9, 170.5, 169.8, 176, 334, 515, 1, 654, 2482, 1304, 985, 
911, 1278, 1020, 21, 2, 5, 2, 1, 1, 3, 3, 1, 2, 1, 1, 100, 100, 
100, 100, 100, 100, 100, 100, 100, 100, 100, 2500, 2500, 2500, 
2500, 2500, 2500, 2500, 2500, 2500, 2500, 2500, 6449.442, 6547.191, 
6759.07900000001, 6686.943, 6779.00000000001, 6830.25900000001, 
6728.625, 6855.93800000001, 7142.97, 7181.64899999999, 7387.65099999998, 
1, 1, 1, 1, 1, 1, 1, 1, 1, 1, 1, 0.16667, 0.16667, 0.16667, 0.16667, 
0.16667, 0.16667, 0.16667, 0.16667, 0.16667, 0.16667, 0.16667, 
0, 0, 0, 0, 0, 0, 0, 0, 0, 0, 0, 0, 0, 0, 0, 0, 0, 0, 0, 0, 0, 
0, 0.68815, 0.69971, 0.71456, 0.71532, 0.70586, 0.72862, 0.72029, 
0.68812, 0.68258, 0.68915, 0.71244, 0.6538, 0.71082, 0.71906, 
0.72423, 0.69735, 0.71385, 0.72056, 0.70562, 0.66946, 0.6957, 
0.70084, 0.0148, 0.0151, 0.0177, 0.0194, 0.0207, 0.0203, 0.0221, 
0.0245, 0.0245, 0.0288, 0.0293, 117.7, 127.4, 137.7, 149.8, 158.3, 
169, 179.3, 185.2, 196, 206.8, 219.3, 1, 1, 1, 1, 1, 1, 1, 1, 
1, 1, 1, 1, 1, 1, 1, 1, 1, 1, 1, 1, 1, 1, 1, 1, 1, 1, 1, 1, 1, 
1, 1, 1, 1, 1, 1, 1, 1, 1, 1, 1, 1, 1, 1, 1, 2.5, 2.406, 2.601, 
2.656, 2.661, 2.372, 2.4, 2.543, 2.346, 2.584, 2.478), .Dim = c(11L, 
40L), .Dimnames = list(NULL, c("Sampling", "PSO.cost", "PSO.gamma", 
"PSO.data.balancing", "PSO.feature.selection", "PSO.valid.acc", 
"PSO.test.acc", "PSO.train.time", "PSO.n.support.vectors", "PSO.index", 
"PSO.n.solutions", "PSO.generations", "PSO.n.evaluations", "PSO.cpu.time", 
"RS.cost", "RS.gamma", "RS.data.balancing", "RS.feature.selection", 
"RS.valid.acc", "RS.test.acc", "RS.train.time", "RS.n.support.vectors", 
"RS.index", "RS.n.solutions", "RS.generations", "RS.n.evaluations", 
"RS.cpu.time", "DF.cost", "DF.gamma", "DF.data.balancing", "DF.feature.selection", 
"DF.valid.acc", "DF.test.acc", "DF.train.time", "DF.n.support.vectors", 
"DF.index", "DF.n.solutions", "DF.generations", "DF.n.evaluations", 
"DF.cpu.time")))
