full <-
structure(c(50, 55, 60, 65, 70, 75, 80, 85, 90, 95, 100, 11.98783, 
8.98247, 15, 1.94027, 15, 5.33366, 15, 15, 7.65201, 5.19076, 
12.6308, -8.50088, -8.1307, -11.51048, -4.99733, -11.26548, -5.48942, 
-11.38783, -13.19017, -9.00077, -7.86351, -10.79994, 0, 0, 0, 
0, 0, 0, 0, 0, 0, 0, 0, 0, 0, 0, 0, 0, 0, 0, 0, 0, 0, 0, 0.7232, 
0.69649, 0.72585, 0.73983, 0.74783, 0.73338, 0.73936, 0.74741, 
0.74548, 0.74271, 0.74181, 0.6636, 0.70175, 0.68556, 0.69722, 
0.7183, 0.69815, 0.71738, 0.73005, 0.71269, 0.73958, 0.72995, 
0.0277, 0.0187, 0.0318, 0.0197, 0.0403, 0.0228, 0.0493, 0.036, 
0.0284, 0.0298, 0.0404, 92.4, 106.9, 116, 142.1, 127.7, 140.6, 
145.1, 163.1, 181.4, 199.4, 188.1, 424, 848, 266, 1836, 1328, 
390, 1701, 311, 395, 1292, 121, 70, 63, 40, 25, 24, 63, 1, 101, 
87, 36, 147, 100, 100, 100, 100, 100, 100, 100, 100, 100, 100, 
100, 2500, 2500, 2500, 2500, 2500, 2500, 2500, 2500, 2500, 2500, 
2500, 6732.796, 6859.46, 6786.089, 7081.201, 7095.053, 6896.34300000001, 
7506.36199999999, 6862.772, 7400.51300000001, 7528.12600000002, 
7416.68999999997, 12.4106, 1.66157, 14.07617, 1.97853, 3.33407, 
14.21066, 4.64649, 13.82066, 13.7552, 0.63132, 12.73216, -8.72919, 
-4.13883, -11.03076, -5.02847, -5.36082, -10.93041, -6.47165, 
-12.50927, -9.79794, -4.14289, -10.9173, 0, 0, 0, 0, 0, 0, 0, 
0, 0, 0, 0, 0, 0, 0, 0, 0, 0, 0, 0, 0, 0, 0, 0.7232, 0.70643, 
0.72585, 0.73548, 0.74783, 0.72938, 0.73578, 0.74741, 0.74226, 
0.74602, 0.74181, 0.6636, 0.66345, 0.69056, 0.69722, 0.69312, 
0.71369, 0.72121, 0.7335, 0.72312, 0.70597, 0.72121, 0.0332, 
0.0168, 0.0278, 0.0196, 0.0202, 0.0419, 0.0225, 0.0307, 0.0801, 
0.0281, 0.0434, 92.6, 121.8, 116.5, 142.1, 140.6, 139.3, 157.3, 
163.7, 159.8, 209.8, 189.4, 1200, 2014, 1910, 206, 1288, 583, 
697, 299, 443, 2163, 1020, 2, 1, 1, 2, 1, 5, 1, 2, 3, 1, 1, 100, 
100, 100, 100, 100, 100, 100, 100, 100, 100, 100, 2500, 2500, 
2500, 2500, 2500, 2500, 2500, 2500, 2500, 2500, 2500, 6545.883, 
6679.207, 6786.808, 6881.348, 6928.04700000001, 7122.913, 7121.848, 
7375.273, 7528.156, 7829.95600000001, 7866.81200000001, 1, 1, 
1, 1, 1, 1, 1, 1, 1, 1, 1, 0.16667, 0.16667, 0.16667, 0.16667, 
0.16667, 0.16667, 0.16667, 0.16667, 0.16667, 0.16667, 0.16667, 
0, 0, 0, 0, 0, 0, 0, 0, 0, 0, 0, 0, 0, 0, 0, 0, 0, 0, 0, 0, 0, 
0, 0.64661, 0.67485, 0.66347, 0.66596, 0.66866, 0.67046, 0.68007, 
0.70603, 0.7029, 0.71506, 0.70365, 0.63938, 0.64737, 0.65776, 
0.66019, 0.67246, 0.67846, 0.69818, 0.70591, 0.69978, 0.71809, 
0.70365, 0.0154, 0.0155, 0.0172, 0.0183, 0.0195, 0.0229, 0.0226, 
0.0248, 0.0264, 0.0302, 0.0296, 119.6, 129.8, 140.5, 148.7, 159.2, 
171.2, 179.1, 189.5, 201.8, 210, 218.4, 1, 1, 1, 1, 1, 1, 1, 
1, 1, 1, 1, 1, 1, 1, 1, 1, 1, 1, 1, 1, 1, 1, 1, 1, 1, 1, 1, 1, 
1, 1, 1, 1, 1, 1, 1, 1, 1, 1, 1, 1, 1, 1, 1, 1, 2.655, 2.436, 
2.48, 2.526, 2.512, 2.707, 2.505, 2.601, 2.568, 2.749, 2.612), .Dim = c(11L, 
40L), .Dimnames = list(NULL, c("Sampling", "PSO.cost", "PSO.gamma", 
"PSO.data.balancing", "PSO.feature.selection", "PSO.valid.acc", 
"PSO.test.acc", "PSO.train.time", "PSO.n.support.vectors", "PSO.index", 
"PSO.n.solutions", "PSO.generations", "PSO.n.evaluations", "PSO.cpu.time", 
"RS.cost", "RS.gamma", "RS.data.balancing", "RS.feature.selection", 
"RS.valid.acc", "RS.test.acc", "RS.train.time", "RS.n.support.vectors", 
"RS.index", "RS.n.solutions", "RS.generations", "RS.n.evaluations", 
"RS.cpu.time", "DF.cost", "DF.gamma", "DF.data.balancing", "DF.feature.selection", 
"DF.valid.acc", "DF.test.acc", "DF.train.time", "DF.n.support.vectors", 
"DF.index", "DF.n.solutions", "DF.generations", "DF.n.evaluations", 
"DF.cpu.time")))
