full <-
structure(c(50, 55, 60, 65, 70, 75, 80, 85, 90, 95, 100, 14.64932, 
13.76384, 8.50372, 11.77279, 15, 15, 14.0637, 10.65411, 10.88255, 
15, 6.51649, -8.41869, -11.68203, -7.08787, -9.00423, -8.27742, 
-11.40654, -8.19213, -9.1181, -9.82679, -12.00239, -8.18039, 
0, 0, 0, 0, 0, 0, 0, 0, 0, 0, 0, 0, 0, 0, 0, 0, 0, 0, 0, 0, 0, 
0, 0.72271, 0.71099, 0.73, 0.72826, 0.73949, 0.75308, 0.74609, 
0.74427, 0.7524, 0.75184, 0.74457, 0.68836, 0.68906, 0.71048, 
0.71462, 0.70634, 0.72523, 0.70599, 0.69882, 0.73616, 0.7365, 
0.72112, 0.086, 0.022, 0.0197, 0.0348, 0.1944, 0.0521, 0.1302, 
0.0324, 0.0333, 0.0494, 0.0308, 81.8, 110.5, 112.3, 121.4, 117.8, 
144.2, 131.4, 158.1, 172, 178.7, 200, 882, 240, 812, 149, 550, 
2240, 147, 66, 1012, 166, 290, 60, 281, 50, 195, 19, 1, 199, 
157, 36, 61, 128, 100, 100, 100, 100, 100, 100, 100, 100, 100, 
100, 100, 2500, 2500, 2500, 2500, 2500, 2500, 2500, 2500, 2500, 
2500, 2500, 7538.383, 6672.943, 6539.153, 7330.124, 9532.304, 
7706.086, 10078.485, 7731.488, 7233.72900000001, 7670.64000000001, 
6970.62400000001, 14.14684, 13.43657, 5.84935, 11.5615, 10.36613, 
11.44817, 13.64948, 10.91715, 10.075, 5.76498, 4.16743, -8.25654, 
-11.45776, -5.89807, -8.91621, -9.09853, -9.4757, -8.0727, -9.23221, 
-9.44476, -7.27565, -6.86388, 0, 0, 0, 0, 0, 0, 0, 0, 0, 0, 0, 
0, 0, 0, 0, 0, 0, 0, 0, 0, 0, 0, 0.71716, 0.71099, 0.72976, 0.72826, 
0.73043, 0.75277, 0.74609, 0.74427, 0.74595, 0.75477, 0.74163, 
0.68873, 0.69462, 0.70571, 0.71462, 0.70543, 0.72523, 0.70599, 
0.69882, 0.7395, 0.73944, 0.73583, 0.0805, 0.0215, 0.0169, 0.0302, 
0.0257, 0.0329, 0.1053, 0.0346, 0.0306, 0.0292, 0.0299, 82.5, 
109.8, 117.2, 121.9, 137, 143.5, 131.6, 157.7, 173, 186.5, 205.9, 
667, 494, 590, 925, 568, 557, 1185, 110, 2175, 2319, 1429, 1, 
2, 1, 5, 3, 3, 3, 5, 1, 1, 3, 100, 100, 100, 100, 100, 100, 100, 
100, 100, 100, 100, 2500, 2500, 2500, 2500, 2500, 2500, 2500, 
2500, 2500, 2500, 2500, 6437.312, 6569.471, 6499.33, 6945.197, 
7119.755, 7358.607, 7534.27500000001, 7549.825, 7685.38, 7852.95799999998, 
8030.75400000002, 1, 1, 1, 1, 1, 1, 1, 1, 1, 1, 1, 0.16667, 0.16667, 
0.16667, 0.16667, 0.16667, 0.16667, 0.16667, 0.16667, 0.16667, 
0.16667, 0.16667, 0, 0, 0, 0, 0, 0, 0, 0, 0, 0, 0, 0, 0, 0, 0, 
0, 0, 0, 0, 0, 0, 0, 0.61291, 0.66322, 0.67619, 0.65593, 0.66286, 
0.67785, 0.66879, 0.64359, 0.69638, 0.70864, 0.69733, 0.64894, 
0.62494, 0.65714, 0.63379, 0.65091, 0.68215, 0.68787, 0.66107, 
0.69337, 0.70826, 0.71784, 0.015, 0.0153, 0.0169, 0.019, 0.0221, 
0.0226, 0.024, 0.0262, 0.0281, 0.0279, 0.032, 119.5, 129.5, 141.6, 
153.1, 163.7, 175.4, 184.3, 193.7, 203.7, 211.3, 218.5, 1, 1, 
1, 1, 1, 1, 1, 1, 1, 1, 1, 1, 1, 1, 1, 1, 1, 1, 1, 1, 1, 1, 1, 
1, 1, 1, 1, 1, 1, 1, 1, 1, 1, 1, 1, 1, 1, 1, 1, 1, 1, 1, 1, 1, 
2.589, 2.438, 2.469, 2.573, 2.689, 2.721, 2.77, 2.752, 2.799, 
2.58, 2.862), .Dim = c(11L, 40L), .Dimnames = list(NULL, c("Sampling", 
"PSO.cost", "PSO.gamma", "PSO.data.balancing", "PSO.feature.selection", 
"PSO.valid.acc", "PSO.test.acc", "PSO.train.time", "PSO.n.support.vectors", 
"PSO.index", "PSO.n.solutions", "PSO.generations", "PSO.n.evaluations", 
"PSO.cpu.time", "RS.cost", "RS.gamma", "RS.data.balancing", "RS.feature.selection", 
"RS.valid.acc", "RS.test.acc", "RS.train.time", "RS.n.support.vectors", 
"RS.index", "RS.n.solutions", "RS.generations", "RS.n.evaluations", 
"RS.cpu.time", "DF.cost", "DF.gamma", "DF.data.balancing", "DF.feature.selection", 
"DF.valid.acc", "DF.test.acc", "DF.train.time", "DF.n.support.vectors", 
"DF.index", "DF.n.solutions", "DF.generations", "DF.n.evaluations", 
"DF.cpu.time")))
