full <-
structure(c(50, 55, 60, 65, 70, 75, 80, 85, 90, 95, 100, 10.34706, 
6.64103, 12.80037, 11.94783, 11.45632, 13.55164, 5.99257, 15, 
12.97377, 12.27006, 11.18469, -9.5621, -6.06359, -7.86572, -8.51773, 
-8.75177, -8.99731, -5.1644, -9.49697, -10.71459, -9.41225, -10.39694, 
0, 0, 0, 0, 0, 0, 0, 0, 0, 0, 0, 0, 0, 0, 0, 0, 0, 0, 0, 0, 0, 
0, 0.74824, 0.76784, 0.77463, 0.77796, 0.75615, 0.73338, 0.73173, 
0.7686, 0.74548, 0.75139, 0.7479, 0.69547, 0.74708, 0.71628, 
0.7647, 0.74764, 0.71015, 0.70949, 0.73387, 0.72935, 0.72668, 
0.73622, 0.016, 0.0167, 0.0601, 0.0355, 0.031, 0.0698, 0.0255, 
0.1611, 0.042, 0.0556, 0.0373, 89.5, 91, 88.3, 103.6, 120.5, 
127, 138.4, 138.5, 167.5, 163.1, 191.3, 856, 1274, 169, 2149, 
782, 362, 2027, 697, 284, 368, 394, 65, 30, 384, 2, 38, 165, 
1, 1, 150, 198, 58, 100, 100, 100, 100, 100, 100, 100, 100, 100, 
100, 100, 2500, 2500, 2500, 2500, 2500, 2500, 2500, 2500, 2500, 
2500, 2500, 6882.365, 7398.514, 8117.202, 8184.997, 7677.395, 
8458.43299999999, 7207.883, 9296.60800000001, 7780.768, 8259.60800000001, 
7823.40800000002, 11.0489, 12.69457, 13.41032, 12.08542, 11.41678, 
13.28011, 6.35005, 14.96032, 13.69333, 12.57077, 13.52595, -9.87059, 
-9.50925, -8.07628, -8.53464, -8.85066, -8.86045, -6.79513, -9.56393, 
-11.08927, -9.58144, -11.38109, 0, 0, 0, 0, 0, 0, 0, 0, 0, 0, 
0, 0, 0, 0, 0, 0, 0, 0, 0, 0, 0, 0, 0.74269, 0.76287, 0.77463, 
0.76907, 0.75232, 0.73338, 0.73104, 0.76847, 0.74548, 0.75139, 
0.7479, 0.70727, 0.74708, 0.72128, 0.76905, 0.7353, 0.70631, 
0.7239, 0.74076, 0.72935, 0.72668, 0.73916, 0.0167, 0.0267, 0.0731, 
0.0445, 0.0281, 0.068, 0.025, 0.1544, 0.0434, 0.0531, 0.0465, 
89.4, 89.3, 87.5, 103, 121.9, 127.2, 149.4, 138.5, 167.4, 163.1, 
188.4, 1302, 83, 544, 699, 1976, 1957, 1943, 902, 332, 2325, 
954, 2, 3, 4, 1, 3, 1, 1, 1, 5, 1, 1, 100, 100, 100, 100, 100, 
100, 100, 100, 100, 100, 100, 2500, 2500, 2500, 2500, 2500, 2500, 
2500, 2500, 2500, 2500, 2500, 6931.533, 7029.097, 7219.13200000001, 
7337.977, 7497.571, 7641.107, 7646.239, 7902.167, 8228.85400000001, 
8263.79400000002, 8323.70299999998, 1, 1, 1, 1, 1, 1, 1, 1, 1, 
1, 1, 0.16667, 0.16667, 0.16667, 0.16667, 0.16667, 0.16667, 0.16667, 
0.16667, 0.16667, 0.16667, 0.16667, 0, 0, 0, 0, 0, 0, 0, 0, 0, 
0, 0, 0, 0, 0, 0, 0, 0, 0, 0, 0, 0, 0, 0.68411, 0.69386, 0.69604, 
0.69603, 0.69672, 0.67785, 0.69508, 0.72697, 0.67032, 0.69559, 
0.70958, 0.66083, 0.6883, 0.67152, 0.70553, 0.7094, 0.698, 0.69493, 
0.72328, 0.68667, 0.69608, 0.68916, 0.0147, 0.0168, 0.0179, 0.0188, 
0.0213, 0.0216, 0.0248, 0.0252, 0.0276, 0.0296, 0.0323, 113.5, 
125.4, 133.2, 145.6, 155.7, 166.5, 175.8, 183.8, 197.2, 205.6, 
218, 1, 1, 1, 1, 1, 1, 1, 1, 1, 1, 1, 1, 1, 1, 1, 1, 1, 1, 1, 
1, 1, 1, 1, 1, 1, 1, 1, 1, 1, 1, 1, 1, 1, 1, 1, 1, 1, 1, 1, 1, 
1, 1, 1, 1, 2.692, 2.715, 2.754, 2.765, 2.745, 2.8, 2.867, 2.872, 
2.918, 2.891, 2.946), .Dim = c(11L, 40L), .Dimnames = list(NULL, 
    c("Sampling", "PSO.cost", "PSO.gamma", "PSO.data.balancing", 
    "PSO.feature.selection", "PSO.valid.acc", "PSO.test.acc", 
    "PSO.train.time", "PSO.n.support.vectors", "PSO.index", "PSO.n.solutions", 
    "PSO.generations", "PSO.n.evaluations", "PSO.cpu.time", "RS.cost", 
    "RS.gamma", "RS.data.balancing", "RS.feature.selection", 
    "RS.valid.acc", "RS.test.acc", "RS.train.time", "RS.n.support.vectors", 
    "RS.index", "RS.n.solutions", "RS.generations", "RS.n.evaluations", 
    "RS.cpu.time", "DF.cost", "DF.gamma", "DF.data.balancing", 
    "DF.feature.selection", "DF.valid.acc", "DF.test.acc", "DF.train.time", 
    "DF.n.support.vectors", "DF.index", "DF.n.solutions", "DF.generations", 
    "DF.n.evaluations", "DF.cpu.time")))
