full <-
structure(c(50, 55, 60, 65, 70, 75, 80, 85, 90, 95, 100, 10.27986, 
7.5531, 7.34947, 8.05471, 10.03031, 14.03151, 8.84535, 11.16661, 
15, 13.60753, 15, -9.48384, -5.94202, -6.97169, -8.38907, -8.65232, 
-10.30844, -9.40202, -8.50162, -10.69067, -12.47796, -11.48262, 
0, 0, 0, 0, 0, 0, 0, 0, 0, 0, 0, 0, 0, 0, 0, 0, 0, 0, 0, 0, 0, 
0, 0.75417, 0.77544, 0.73635, 0.74302, 0.76346, 0.77246, 0.74966, 
0.74445, 0.76241, 0.74235, 0.76188, 0.73652, 0.7155, 0.75638, 
0.76618, 0.75132, 0.75677, 0.73882, 0.72388, 0.75534, 0.7271, 
0.7502, 0.0154, 0.0177, 0.0181, 0.0193, 0.0246, 0.0518, 0.0237, 
0.0378, 0.0845, 0.035, 0.0632, 97.4, 94.6, 111.6, 126.8, 125.8, 
128.6, 151.7, 144.9, 155, 190, 182.3, 975, 596, 123, 1084, 121, 
2390, 356, 310, 1051, 2404, 1433, 38, 142, 148, 41, 86, 2, 390, 
127, 2, 1, 10, 100, 100, 100, 100, 100, 100, 100, 100, 100, 100, 
100, 2500, 2500, 2500, 2500, 2500, 2500, 2500, 2500, 2500, 2500, 
2500, 6513.309, 6713.65, 6557.839, 6712.769, 7014.536, 7147.05600000001, 
6868.307, 7761.45299999999, 7758.00999999999, 7704.40200000002, 
7725.88499999998, 3.67816, 8.018, 6.85011, 8.05709, 12.7331, 
13.86168, 12.90609, 11.10696, 2.43635, 14.94416, 11.64364, -3.35271, 
-6.09191, -6.72663, -8.3861, -9.75733, -10.22267, -11.87054, 
-8.44269, -5.67484, -13.17986, -9.80916, 0, 0, 0, 0, 0, 0, 0, 
0, 0, 0, 0, 0, 0, 0, 0, 0, 0, 0, 0, 0, 0, 0, 0.7531, 0.76988, 
0.73635, 0.74302, 0.7598, 0.76862, 0.74981, 0.74445, 0.762, 0.74235, 
0.75894, 0.71883, 0.7155, 0.75138, 0.76618, 0.76382, 0.75292, 
0.73484, 0.72388, 0.7492, 0.72094, 0.7502, 0.0145, 0.0188, 0.0182, 
0.0188, 0.035, 0.0507, 0.028, 0.0406, 0.0269, 0.0375, 0.0419, 
91, 93.6, 112.2, 126.8, 123.3, 128.5, 149.5, 144.9, 190.3, 189.5, 
182.9, 1747, 355, 1548, 1172, 416, 88, 1089, 1348, 1757, 504, 
54, 1, 3, 1, 1, 3, 8, 2, 2, 1, 1, 3, 100, 100, 100, 100, 100, 
100, 100, 100, 100, 100, 100, 2500, 2500, 2500, 2500, 2500, 2500, 
2500, 2500, 2500, 2500, 2500, 6444.385, 6538.465, 6977.161, 6968.904, 
7047.394, 7170.012, 7576.24500000001, 7559.258, 7779.70000000001, 
7899.837, 8065.80800000002, 1, 1, 1, 1, 1, 1, 1, 1, 1, 1, 1, 
0.16667, 0.16667, 0.16667, 0.16667, 0.16667, 0.16667, 0.16667, 
0.16667, 0.16667, 0.16667, 0.16667, 0, 0, 0, 0, 0, 0, 0, 0, 0, 
0, 0, 0, 0, 0, 0, 0, 0, 0, 0, 0, 0, 0, 0.69387, 0.67895, 0.66173, 
0.68509, 0.67554, 0.68677, 0.69091, 0.68889, 0.70025, 0.6986, 
0.70356, 0.69943, 0.68421, 0.67752, 0.67018, 0.68458, 0.69908, 
0.69832, 0.70959, 0.70306, 0.69634, 0.70338, 0.0145, 0.0157, 
0.0166, 0.0188, 0.0196, 0.0219, 0.0236, 0.0244, 0.0258, 0.0285, 
0.0307, 115, 127, 136.4, 147.1, 155.6, 165.4, 175, 186.6, 196.3, 
212.5, 218.2, 1, 1, 1, 1, 1, 1, 1, 1, 1, 1, 1, 1, 1, 1, 1, 1, 
1, 1, 1, 1, 1, 1, 1, 1, 1, 1, 1, 1, 1, 1, 1, 1, 1, 1, 1, 1, 1, 
1, 1, 1, 1, 1, 1, 1, 2.551, 2.504, 2.487, 2.72, 2.686, 2.754, 
2.751, 2.698, 2.598, 2.765, 2.842), .Dim = c(11L, 40L), .Dimnames = list(
    NULL, c("Sampling", "PSO.cost", "PSO.gamma", "PSO.data.balancing", 
    "PSO.feature.selection", "PSO.valid.acc", "PSO.test.acc", 
    "PSO.train.time", "PSO.n.support.vectors", "PSO.index", "PSO.n.solutions", 
    "PSO.generations", "PSO.n.evaluations", "PSO.cpu.time", "RS.cost", 
    "RS.gamma", "RS.data.balancing", "RS.feature.selection", 
    "RS.valid.acc", "RS.test.acc", "RS.train.time", "RS.n.support.vectors", 
    "RS.index", "RS.n.solutions", "RS.generations", "RS.n.evaluations", 
    "RS.cpu.time", "DF.cost", "DF.gamma", "DF.data.balancing", 
    "DF.feature.selection", "DF.valid.acc", "DF.test.acc", "DF.train.time", 
    "DF.n.support.vectors", "DF.index", "DF.n.solutions", "DF.generations", 
    "DF.n.evaluations", "DF.cpu.time")))
