full <-
structure(c(50, 55, 60, 65, 70, 75, 80, 85, 90, 95, 100, 15, 
13.40893, 12.87407, 6.56739, 6.10651, 5.8269, 8.09183, 6.88149, 
10.1165, 9.44567, 12.56323, -10.15175, -9.81372, -9.7694, -8.83242, 
-6.73071, -7.07217, -7.88163, -8.88496, -9.1738, -8.48092, -11.07544, 
0, 0, 0, 0, 0, 0, 0, 0, 0, 0, 0, 0, 0, 0, 0, 0, 0, 0, 0, 0, 0, 
0, 0.72034, 0.71126, 0.72524, 0.72772, 0.73134, 0.73369, 0.75344, 
0.75456, 0.73538, 0.74665, 0.75681, 0.67185, 0.67795, 0.72476, 
0.69527, 0.70598, 0.71365, 0.73505, 0.71983, 0.73215, 0.73101, 
0.74504, 0.0502, 0.033, 0.0276, 0.0182, 0.0206, 0.0202, 0.0267, 
0.0235, 0.032, 0.032, 0.0396, 90.4, 101.3, 105.7, 135, 133.8, 
147.6, 147.6, 171.1, 165.9, 173.5, 191.5, 216, 494, 104, 1812, 
90, 1116, 377, 836, 571, 861, 687, 111, 194, 195, 2, 159, 32, 
72, 97, 72, 12, 20, 100, 100, 100, 100, 100, 100, 100, 100, 100, 
100, 100, 2500, 2500, 2500, 2500, 2500, 2500, 2500, 2500, 2500, 
2500, 2500, 7221.208, 6785.789, 7092.501, 6840.21, 7113.399, 
6623.40700000001, 6916.62199999999, 6647.92300000001, 6967.341, 
7369.69100000001, 7039.20800000001, 12.13159, 14.00397, 4.30854, 
14.54353, 5.36458, 3.8709, 10.96266, 6.83754, 9.29735, 11.46061, 
12.65683, -8.46325, -10.12116, -7.36841, -10.59505, -6.33114, 
-5.97358, -9.61056, -8.82345, -8.55346, -10.28085, -11.13175, 
0, 0, 0, 0, 0, 0, 0, 0, 0, 0, 0, 0, 0, 0, 0, 0, 0, 0, 0, 0, 0, 
0, 0.71998, 0.71126, 0.72952, 0.71428, 0.72717, 0.73001, 0.74987, 
0.75111, 0.73527, 0.74665, 0.75681, 0.6781, 0.67795, 0.72, 0.69629, 
0.71014, 0.71397, 0.73135, 0.71638, 0.73527, 0.72466, 0.74504, 
0.0279, 0.0376, 0.0174, 0.0429, 0.0202, 0.0204, 0.0283, 0.0234, 
0.0293, 0.0334, 0.0404, 90, 101.5, 128.7, 116.1, 135, 151.6, 
148.8, 170.9, 164.4, 180.6, 191.3, 1444, 1976, 1568, 1439, 137, 
304, 1670, 81, 716, 1586, 2025, 2, 2, 3, 1, 9, 1, 2, 1, 2, 3, 
1, 100, 100, 100, 100, 100, 100, 100, 100, 100, 100, 100, 2500, 
2500, 2500, 2500, 2500, 2500, 2500, 2500, 2500, 2500, 2500, 6656.748, 
6752.538, 6895.195, 7020.113, 6918.688, 7030.68400000001, 7213.16399999999, 
7322.232, 7456.52399999999, 7613.61800000002, 7634.78200000001, 
1, 1, 1, 1, 1, 1, 1, 1, 1, 1, 1, 0.16667, 0.16667, 0.16667, 0.16667, 
0.16667, 0.16667, 0.16667, 0.16667, 0.16667, 0.16667, 0.16667, 
0, 0, 0, 0, 0, 0, 0, 0, 0, 0, 0, 0, 0, 0, 0, 0, 0, 0, 0, 0, 0, 
0, 0.68256, 0.66436, 0.68095, 0.69173, 0.66395, 0.66688, 0.6877, 
0.70222, 0.69312, 0.69114, 0.71269, 0.68223, 0.64769, 0.70024, 
0.70084, 0.67228, 0.67105, 0.69127, 0.69852, 0.69946, 0.69661, 
0.6979, 0.014, 0.017, 0.0165, 0.0204, 0.0189, 0.0206, 0.0218, 
0.0241, 0.0267, 0.0296, 0.0319, 116.2, 126.9, 134.7, 147.7, 157.5, 
167, 174.5, 188.5, 198.2, 211.1, 218.7, 1, 1, 1, 1, 1, 1, 1, 
1, 1, 1, 1, 1, 1, 1, 1, 1, 1, 1, 1, 1, 1, 1, 1, 1, 1, 1, 1, 1, 
1, 1, 1, 1, 1, 1, 1, 1, 1, 1, 1, 1, 1, 1, 1, 1, 2.434, 2.709, 
2.513, 2.698, 2.424, 2.511, 2.469, 2.518, 2.683, 2.687, 2.745
), .Dim = c(11L, 40L), .Dimnames = list(NULL, c("Sampling", "PSO.cost", 
"PSO.gamma", "PSO.data.balancing", "PSO.feature.selection", "PSO.valid.acc", 
"PSO.test.acc", "PSO.train.time", "PSO.n.support.vectors", "PSO.index", 
"PSO.n.solutions", "PSO.generations", "PSO.n.evaluations", "PSO.cpu.time", 
"RS.cost", "RS.gamma", "RS.data.balancing", "RS.feature.selection", 
"RS.valid.acc", "RS.test.acc", "RS.train.time", "RS.n.support.vectors", 
"RS.index", "RS.n.solutions", "RS.generations", "RS.n.evaluations", 
"RS.cpu.time", "DF.cost", "DF.gamma", "DF.data.balancing", "DF.feature.selection", 
"DF.valid.acc", "DF.test.acc", "DF.train.time", "DF.n.support.vectors", 
"DF.index", "DF.n.solutions", "DF.generations", "DF.n.evaluations", 
"DF.cpu.time")))
