full <-
structure(c(50, 55, 60, 65, 70, 75, 80, 85, 90, 95, 100, 13.01468, 
7.39095, 14.93533, 14.20649, 5.22161, 13.74565, 11.05952, 3.00673, 
2.51082, 10.39172, 14.97753, -8.6957, -7.93831, -11.71532, -11.40834, 
-6.21616, -10.77338, -8.62569, -5.1976, -5.82171, -9.69978, -9.4582, 
0, 0, 0, 0, 0, 0, 0, 0, 0, 0, 0, 0, 0, 0, 0, 0, 0, 0, 0, 0, 0, 
0, 0.71552, 0.74345, 0.75095, 0.73238, 0.76045, 0.76142, 0.7586, 
0.76466, 0.76785, 0.75241, 0.74819, 0.68542, 0.73848, 0.74643, 
0.72805, 0.73071, 0.74142, 0.73267, 0.75408, 0.74484, 0.73405, 
0.74206, 0.0479, 0.0165, 0.0384, 0.033, 0.0204, 0.0389, 0.0343, 
0.0242, 0.0265, 0.0314, 0.2128, 90.5, 108.8, 113.8, 125.2, 134.2, 
133.4, 135.6, 164.7, 189.5, 180.7, 166.9, 342, 343, 705, 179, 
1332, 412, 685, 768, 2283, 79, 347, 140, 103, 15, 134, 4, 163, 
127, 107, 2, 85, 105, 100, 100, 100, 100, 100, 100, 100, 100, 
100, 100, 100, 2500, 2500, 2500, 2500, 2500, 2500, 2500, 2500, 
2500, 2500, 2500, 7047.935, 6479.102, 6773.453, 6782.447, 6774.546, 
7103.27100000001, 7156.97300000001, 6676.069, 6658.923, 7234.186, 
10664.546, 14.33375, 0.97159, 14.62201, 13.16552, 4.47942, 12.58402, 
11.58462, 3.33908, 2.36132, 10.90979, 2.57541, -9.35813, -0.03681, 
-11.56276, -10.81743, -5.93878, -10.16982, -8.79651, -5.31774, 
-5.68981, -9.93249, -4.62563, 0, 0, 0, 0, 0, 0, 0, 0, 0, 0, 0, 
0, 0, 0, 0, 0, 0, 0, 0, 0, 0, 0, 0.70997, 0.73231, 0.75095, 0.73238, 
0.7561, 0.76142, 0.7586, 0.76466, 0.7614, 0.75241, 0.74525, 0.68542, 
0.68345, 0.74643, 0.72805, 0.74357, 0.73758, 0.73267, 0.75063, 
0.74484, 0.73092, 0.71835, 0.0705, 0.0181, 0.0347, 0.0291, 0.0204, 
0.0315, 0.0406, 0.024, 0.0268, 0.0343, 0.0304, 90.5, 131.7, 113.8, 
124.6, 136.9, 133.3, 135, 163, 189.5, 180.4, 198.3, 1437, 156, 
1207, 929, 1726, 1235, 1178, 1859, 997, 1022, 2085, 1, 1, 1, 
3, 2, 2, 3, 1, 1, 1, 4, 100, 100, 100, 100, 100, 100, 100, 100, 
100, 100, 100, 2500, 2500, 2500, 2500, 2500, 2500, 2500, 2500, 
2500, 2500, 2500, 6504.676, 6615.814, 6741.968, 6867.36, 7031.813, 
6949.30499999999, 7005.26300000001, 7130.56200000001, 7235.56, 
7580.209, 7929.03100000002, 1, 1, 1, 1, 1, 1, 1, 1, 1, 1, 1, 
0.16667, 0.16667, 0.16667, 0.16667, 0.16667, 0.16667, 0.16667, 
0.16667, 0.16667, 0.16667, 0.16667, 0, 0, 0, 0, 0, 0, 0, 0, 0, 
0, 0, 0, 0, 0, 0, 0, 0, 0, 0, 0, 0, 0, 0.67488, 0.70096, 0.68714, 
0.69264, 0.70622, 0.70975, 0.72103, 0.7091, 0.72903, 0.70288, 
0.7219, 0.65131, 0.70096, 0.70143, 0.69203, 0.70624, 0.7056, 
0.72156, 0.71661, 0.72925, 0.70279, 0.70147, 0.0152, 0.0159, 
0.0175, 0.0186, 0.019, 0.0207, 0.0216, 0.025, 0.0276, 0.0273, 
0.0319, 112.7, 124.9, 132, 143.9, 152.3, 159.9, 169.4, 182, 196.3, 
208.2, 218.3, 1, 1, 1, 1, 1, 1, 1, 1, 1, 1, 1, 1, 1, 1, 1, 1, 
1, 1, 1, 1, 1, 1, 1, 1, 1, 1, 1, 1, 1, 1, 1, 1, 1, 1, 1, 1, 1, 
1, 1, 1, 1, 1, 1, 1, 2.566, 2.553, 2.563, 2.569, 2.465, 2.519, 
2.425, 2.618, 2.707, 2.485, 2.743), .Dim = c(11L, 40L), .Dimnames = list(
    NULL, c("Sampling", "PSO.cost", "PSO.gamma", "PSO.data.balancing", 
    "PSO.feature.selection", "PSO.valid.acc", "PSO.test.acc", 
    "PSO.train.time", "PSO.n.support.vectors", "PSO.index", "PSO.n.solutions", 
    "PSO.generations", "PSO.n.evaluations", "PSO.cpu.time", "RS.cost", 
    "RS.gamma", "RS.data.balancing", "RS.feature.selection", 
    "RS.valid.acc", "RS.test.acc", "RS.train.time", "RS.n.support.vectors", 
    "RS.index", "RS.n.solutions", "RS.generations", "RS.n.evaluations", 
    "RS.cpu.time", "DF.cost", "DF.gamma", "DF.data.balancing", 
    "DF.feature.selection", "DF.valid.acc", "DF.test.acc", "DF.train.time", 
    "DF.n.support.vectors", "DF.index", "DF.n.solutions", "DF.generations", 
    "DF.n.evaluations", "DF.cpu.time")))
