full <-
structure(c(50, 55, 60, 65, 70, 75, 80, 85, 90, 95, 100, 5.15097, 
11.98323, 13.26204, 4.76338, 9.22721, 12.81174, 14.28431, 11.78881, 
3.04082, 11.95425, 10.78328, -0.95887, -8.9684, -8.89761, -6.85037, 
-8.33665, -8.00793, -10.31508, -7.70657, -5.44597, -10.7137, 
-9.5503, 0, 0, 0, 0, 0, 0, 0, 0, 0, 0, 0, 0, 0, 0, 0, 0, 0, 0, 
0, 0, 0, 0, 0.72962, 0.72135, 0.74023, 0.74248, 0.73217, 0.71718, 
0.72761, 0.72319, 0.73755, 0.73444, 0.74483, 0.67635, 0.69912, 
0.71118, 0.71932, 0.7195, 0.69381, 0.70497, 0.71273, 0.73733, 
0.72809, 0.72986, 0.0169, 0.0244, 0.042, 0.0187, 0.0217, 0.0979, 
0.061, 0.0762, 0.0272, 0.0371, 0.0381, 99.3, 97.9, 97.4, 130.3, 
134.7, 133, 146.5, 147, 184.8, 185, 184.6, 1256, 203, 998, 694, 
2123, 2147, 942, 1181, 1777, 981, 2272, 125, 264, 15, 180, 5, 
1, 8, 48, 3, 45, 1, 100, 100, 100, 100, 100, 100, 100, 100, 100, 
100, 100, 2500, 2500, 2500, 2500, 2500, 2500, 2500, 2500, 2500, 
2500, 2500, 6784.073, 6973.083, 7427.261, 6550.696, 6752.177, 
8681.985, 8424.21400000001, 8513.36500000001, 8040.70999999999, 
7293.96900000001, 7409.345, 5.26283, 14.44533, 13.71326, 3.93633, 
7.94221, 14.97612, 11.43815, 12.23824, 3.30008, 12.85036, 12.85127, 
-0.88878, -10.09552, -9.14131, -6.33471, -7.54978, -9.94313, 
-8.89668, -7.76289, -5.38356, -11.18159, -10.86546, 0, 0, 0, 
0, 0, 0, 0, 0, 0, 0, 0, 0, 0, 0, 0, 0, 0, 0, 0, 0, 0, 0, 0.72373, 
0.72135, 0.74023, 0.73359, 0.72349, 0.71365, 0.72391, 0.71962, 
0.73755, 0.73141, 0.74474, 0.68223, 0.68333, 0.71118, 0.71952, 
0.72785, 0.69379, 0.70497, 0.71285, 0.73722, 0.72809, 0.73869, 
0.0178, 0.0404, 0.0472, 0.0183, 0.0207, 0.1191, 0.0384, 0.0853, 
0.0258, 0.0382, 0.0435, 99.7, 96.9, 97.4, 131.2, 134, 135.5, 
147.7, 145.6, 181.6, 184.9, 187.8, 1072, 1213, 73, 1993, 1162, 
483, 690, 2134, 1303, 286, 161, 1, 3, 1, 1, 1, 5, 2, 1, 2, 2, 
4, 100, 100, 100, 100, 100, 100, 100, 100, 100, 100, 100, 2500, 
2500, 2500, 2500, 2500, 2500, 2500, 2500, 2500, 2500, 2500, 6810.201, 
6788.691, 6803.403, 6929.571, 6972.287, 7382.965, 7629.701, 7709.825, 
7720.22799999999, 7750.06200000001, 7982.63099999999, 1, 1, 1, 
1, 1, 1, 1, 1, 1, 1, 1, 0.16667, 0.16667, 0.16667, 0.16667, 0.16667, 
0.16667, 0.16667, 0.16667, 0.16667, 0.16667, 0.16667, 0, 0, 0, 
0, 0, 0, 0, 0, 0, 0, 0, 0, 0, 0, 0, 0, 0, 0, 0, 0, 0, 0, 0.61842, 
0.66784, 0.63627, 0.66122, 0.65241, 0.65115, 0.68041, 0.66765, 
0.69807, 0.67866, 0.70078, 0.60666, 0.64064, 0.63979, 0.68829, 
0.65659, 0.66959, 0.68728, 0.6673, 0.6885, 0.68716, 0.70381, 
0.0144, 0.0152, 0.0166, 0.0177, 0.021, 0.0228, 0.023, 0.0253, 
0.0284, 0.0305, 0.0305, 113.6, 124.7, 132.6, 145, 158.9, 174.4, 
182.5, 192.9, 200.8, 212.2, 218.9, 1, 1, 1, 1, 1, 1, 1, 1, 1, 
1, 1, 1, 1, 1, 1, 1, 1, 1, 1, 1, 1, 1, 1, 1, 1, 1, 1, 1, 1, 1, 
1, 1, 1, 1, 1, 1, 1, 1, 1, 1, 1, 1, 1, 1, 2.554, 2.552, 2.494, 
2.507, 2.687, 2.735, 2.579, 2.595, 2.827, 2.801, 2.675), .Dim = c(11L, 
40L), .Dimnames = list(NULL, c("Sampling", "PSO.cost", "PSO.gamma", 
"PSO.data.balancing", "PSO.feature.selection", "PSO.valid.acc", 
"PSO.test.acc", "PSO.train.time", "PSO.n.support.vectors", "PSO.index", 
"PSO.n.solutions", "PSO.generations", "PSO.n.evaluations", "PSO.cpu.time", 
"RS.cost", "RS.gamma", "RS.data.balancing", "RS.feature.selection", 
"RS.valid.acc", "RS.test.acc", "RS.train.time", "RS.n.support.vectors", 
"RS.index", "RS.n.solutions", "RS.generations", "RS.n.evaluations", 
"RS.cpu.time", "DF.cost", "DF.gamma", "DF.data.balancing", "DF.feature.selection", 
"DF.valid.acc", "DF.test.acc", "DF.train.time", "DF.n.support.vectors", 
"DF.index", "DF.n.solutions", "DF.generations", "DF.n.evaluations", 
"DF.cpu.time")))
