full <-
structure(c(50, 55, 60, 65, 70, 75, 80, 85, 90, 95, 100, 4.95155, 
8.101, 9.69308, 1.02846, 6.36812, 14.60774, 12.07729, 15, 5.61567, 
3.74863, 3.30693, -5.15171, -8.78146, -7.57979, -4.29926, -5.4626, 
-10.23889, -11.05271, -10.57544, -7.68685, -6.76355, -6.31134, 
0, 0, 0, 0, 0, 0, 0, 0, 0, 0, 0, 0, 0, 0, 0, 0, 0, 0, 0, 0, 0, 
0, 0.78999, 0.76462, 0.76452, 0.74203, 0.76503, 0.77404, 0.76127, 
0.74782, 0.73565, 0.76752, 0.75045, 0.74837, 0.7424, 0.76, 0.71057, 
0.74347, 0.7305, 0.71982, 0.71654, 0.73565, 0.74318, 0.74465, 
0.0138, 0.0162, 0.0223, 0.0175, 0.0197, 0.0659, 0.0251, 0.0706, 
0.0258, 0.0325, 0.029, 85.9, 106.9, 94.5, 141.5, 117.1, 124.3, 
153.3, 143.6, 183.2, 199.9, 208.2, 1192, 1664, 508, 617, 329, 
474, 903, 895, 210, 2134, 675, 30, 15, 82, 81, 184, 91, 23, 5, 
80, 9, 49, 100, 100, 100, 100, 100, 100, 100, 100, 100, 100, 
100, 2500, 2500, 2500, 2500, 2500, 2500, 2500, 2500, 2500, 2500, 
2500, 6552.135, 6285.569, 6350.983, 6388.08, 7063.97, 7557.07900000001, 
6669.12, 7622.379, 8463.205, 6677.057, 6729.49299999999, 13.53323, 
9.91657, 5.69347, 14.75328, 7.83015, 12.92602, 14.54638, 13.51422, 
13.43221, 3.59018, 4.01149, -9.88598, -9.35267, -5.3335, -12.10199, 
-6.16168, -9.41007, -12.21907, -9.69556, -8.27212, -6.72601, 
-6.75728, 0, 0, 0, 0, 0, 0, 0, 0, 0, 0, 0, 0, 0, 0, 0, 0, 0, 
0, 0, 0, 0, 0, 0.78962, 0.75906, 0.76476, 0.74221, 0.76068, 0.76619, 
0.75757, 0.74425, 0.73198, 0.75511, 0.74162, 0.7491, 0.74795, 
0.74024, 0.73292, 0.74782, 0.7305, 0.72366, 0.71654, 0.69952, 
0.74621, 0.74171, 0.0285, 0.017, 0.0154, 0.0288, 0.0246, 0.0468, 
0.0342, 0.0523, 0.1424, 0.0272, 0.0304, 83.1, 102.6, 96.9, 122.4, 
115.4, 124.9, 151.9, 142.8, 147.1, 201, 205.8, 1944, 1457, 987, 
1164, 1496, 2014, 2015, 1013, 1532, 1141, 885, 1, 3, 2, 1, 1, 
1, 2, 2, 4, 3, 3, 100, 100, 100, 100, 100, 100, 100, 100, 100, 
100, 100, 2500, 2500, 2500, 2500, 2500, 2500, 2500, 2500, 2500, 
2500, 2500, 6382.754, 6405.074, 6493.041, 6530.361, 6830.676, 
6874.13799999999, 7168.754, 7220.41499999999, 7343.711, 7353.71000000001, 
7732.24799999999, 1, 1, 1, 1, 1, 1, 1, 1, 1, 1, 1, 0.16667, 0.16667, 
0.16667, 0.16667, 0.16667, 0.16667, 0.16667, 0.16667, 0.16667, 
0.16667, 0.16667, 0, 0, 0, 0, 0, 0, 0, 0, 0, 0, 0, 0, 0, 0, 0, 
0, 0, 0, 0, 0, 0, 0, 0.68917, 0.67778, 0.70048, 0.69648, 0.69308, 
0.72218, 0.71708, 0.72021, 0.69651, 0.69962, 0.69507, 0.70551, 
0.70439, 0.70048, 0.69296, 0.69255, 0.70989, 0.71296, 0.71331, 
0.6935, 0.70597, 0.70381, 0.0136, 0.0177, 0.0168, 0.0186, 0.0185, 
0.0204, 0.0217, 0.0262, 0.027, 0.029, 0.0307, 112.2, 122.5, 133.3, 
145.9, 155.6, 167.1, 177.8, 187.8, 198.9, 208, 218.5, 1, 1, 1, 
1, 1, 1, 1, 1, 1, 1, 1, 1, 1, 1, 1, 1, 1, 1, 1, 1, 1, 1, 1, 1, 
1, 1, 1, 1, 1, 1, 1, 1, 1, 1, 1, 1, 1, 1, 1, 1, 1, 1, 1, 1, 2.462, 
2.47, 2.402, 2.549, 2.506, 2.55, 2.564, 2.591, 2.597, 2.654, 
2.65), .Dim = c(11L, 40L), .Dimnames = list(NULL, c("Sampling", 
"PSO.cost", "PSO.gamma", "PSO.data.balancing", "PSO.feature.selection", 
"PSO.valid.acc", "PSO.test.acc", "PSO.train.time", "PSO.n.support.vectors", 
"PSO.index", "PSO.n.solutions", "PSO.generations", "PSO.n.evaluations", 
"PSO.cpu.time", "RS.cost", "RS.gamma", "RS.data.balancing", "RS.feature.selection", 
"RS.valid.acc", "RS.test.acc", "RS.train.time", "RS.n.support.vectors", 
"RS.index", "RS.n.solutions", "RS.generations", "RS.n.evaluations", 
"RS.cpu.time", "DF.cost", "DF.gamma", "DF.data.balancing", "DF.feature.selection", 
"DF.valid.acc", "DF.test.acc", "DF.train.time", "DF.n.support.vectors", 
"DF.index", "DF.n.solutions", "DF.generations", "DF.n.evaluations", 
"DF.cpu.time")))
