full <-
structure(c(50, 55, 60, 65, 70, 75, 80, 85, 90, 95, 100, 2.81363, 
15, 9.99174, 9.63198, 9.39742, 15, 9.0028, 4.01288, 6.88975, 
14.28739, 6.86506, -5.42171, -14.35521, -8.3666, -7.32039, -7.51506, 
-8.63675, -8.23309, -5.97578, -5.86498, -10.87052, -8.17666, 
0, 0, 0, 0, 0, 0, 0, 0, 0, 0, 0, 0, 0, 0, 0, 0, 0, 0, 0, 0, 0, 
0, 0.77112, 0.72339, 0.74561, 0.74839, 0.75409, 0.75428, 0.73511, 
0.76478, 0.74495, 0.75285, 0.7505, 0.72369, 0.70088, 0.75535, 
0.74859, 0.72958, 0.72288, 0.70931, 0.7197, 0.72505, 0.73742, 
0.71832, 0.0148, 0.0186, 0.0223, 0.0254, 0.0266, 0.1681, 0.0244, 
0.025, 0.0298, 0.0565, 0.0312, 103.7, 105.3, 108.4, 111.5, 121.1, 
119.2, 140.3, 168.8, 153.6, 169.8, 196.7, 2281, 413, 239, 308, 
329, 1107, 680, 1483, 293, 521, 1122, 1, 235, 99, 94, 57, 3, 
50, 22, 83, 9, 40, 100, 100, 100, 100, 100, 100, 100, 100, 100, 
100, 100, 2500, 2500, 2500, 2500, 2500, 2500, 2500, 2500, 2500, 
2500, 2500, 6744.319, 7097.023, 7172.449, 7301.633, 7450.68799999999, 
9767.071, 7379.371, 8323.77200000001, 8729.469, 7743.182, 7551.084, 
3.04312, 14.68032, 13.47167, 9.76759, 13.88398, 13.5756, 7.21428, 
4.20869, 7.1748, 5.38998, 11.30644, -6.11377, -13.95366, -10.30734, 
-7.45234, -9.8521, -8.03586, -7.26191, -6.12305, -6.04114, -7.12695, 
-10.45724, 0, 0, 0, 0, 0, 0, 0, 0, 0, 0, 0, 0, 0, 0, 0, 0, 0, 
0, 0, 0, 0, 0, 0.76524, 0.71754, 0.74561, 0.74839, 0.75009, 0.74242, 
0.73141, 0.76478, 0.74495, 0.74992, 0.74756, 0.73546, 0.70088, 
0.75035, 0.74859, 0.72976, 0.71519, 0.70931, 0.7197, 0.72839, 
0.73106, 0.71538, 0.0151, 0.017, 0.0308, 0.0258, 0.0446, 0.0998, 
0.0249, 0.0253, 0.0305, 0.0285, 0.0361, 104.8, 105.4, 108.1, 
111.7, 120.5, 119.2, 142.4, 168.4, 152.9, 187.3, 191.8, 1223, 
180, 1368, 2110, 1433, 2244, 1703, 445, 891, 72, 507, 1, 1, 2, 
1, 3, 1, 2, 1, 1, 1, 2, 100, 100, 100, 100, 100, 100, 100, 100, 
100, 100, 100, 2500, 2500, 2500, 2500, 2500, 2500, 2500, 2500, 
2500, 2500, 2500, 6707.339, 7156.575, 7133.651, 7109.567, 7239.80700000001, 
7277.296, 7469.22200000001, 7492.70499999999, 7660.39899999999, 
7730.878, 8194.986, 1, 1, 1, 1, 1, 1, 1, 1, 1, 1, 1, 0.16667, 
0.16667, 0.16667, 0.16667, 0.16667, 0.16667, 0.16667, 0.16667, 
0.16667, 0.16667, 0.16667, 0, 0, 0, 0, 0, 0, 0, 0, 0, 0, 0, 0, 
0, 0, 0, 0, 0, 0, 0, 0, 0, 0, 0.69461, 0.67456, 0.67573, 0.69851, 
0.67051, 0.68697, 0.67279, 0.68818, 0.69613, 0.71426, 0.68597, 
0.68211, 0.66901, 0.67075, 0.68567, 0.69622, 0.70315, 0.65057, 
0.69163, 0.6828, 0.70262, 0.68017, 0.0142, 0.0165, 0.0173, 0.0182, 
0.0214, 0.0233, 0.0228, 0.0257, 0.0264, 0.0297, 0.0327, 112.3, 
125.4, 135.9, 146.9, 158, 168.9, 174.7, 186.2, 195.5, 207.7, 
218.6, 1, 1, 1, 1, 1, 1, 1, 1, 1, 1, 1, 1, 1, 1, 1, 1, 1, 1, 
1, 1, 1, 1, 1, 1, 1, 1, 1, 1, 1, 1, 1, 1, 1, 1, 1, 1, 1, 1, 1, 
1, 1, 1, 1, 1, 2.533, 2.758, 2.723, 2.699, 2.727, 2.781, 2.797, 
2.733, 2.764, 2.794, 2.915), .Dim = c(11L, 40L), .Dimnames = list(
    NULL, c("Sampling", "PSO.cost", "PSO.gamma", "PSO.data.balancing", 
    "PSO.feature.selection", "PSO.valid.acc", "PSO.test.acc", 
    "PSO.train.time", "PSO.n.support.vectors", "PSO.index", "PSO.n.solutions", 
    "PSO.generations", "PSO.n.evaluations", "PSO.cpu.time", "RS.cost", 
    "RS.gamma", "RS.data.balancing", "RS.feature.selection", 
    "RS.valid.acc", "RS.test.acc", "RS.train.time", "RS.n.support.vectors", 
    "RS.index", "RS.n.solutions", "RS.generations", "RS.n.evaluations", 
    "RS.cpu.time", "DF.cost", "DF.gamma", "DF.data.balancing", 
    "DF.feature.selection", "DF.valid.acc", "DF.test.acc", "DF.train.time", 
    "DF.n.support.vectors", "DF.index", "DF.n.solutions", "DF.generations", 
    "DF.n.evaluations", "DF.cpu.time")))
