full <-
structure(c(50, 55, 60, 65, 70, 75, 80, 85, 90, 95, 100, 15, 
11.17315, 6.76822, 7.14216, 12.08138, 15, 10.62578, 11.19244, 
9.57325, 13.73357, 7.34276, -11.53261, -9.13161, -7.81957, -7.30574, 
-11.59171, -12.33736, -8.36734, -10.59745, -9.09864, -11.9393, 
-8.27326, 0, 0, 0, 0, 0, 0, 0, 0, 0, 0, 0, 0, 0, 0, 0, 0, 0, 
0, 0, 0, 0, 0, 0.77504, 0.76491, 0.77405, 0.76815, 0.78551, 0.77945, 
0.77601, 0.77857, 0.76559, 0.75275, 0.7482, 0.74628, 0.74415, 
0.745, 0.73217, 0.76431, 0.77529, 0.76104, 0.77167, 0.73624, 
0.70322, 0.73626, 0.0251, 0.0193, 0.0163, 0.0184, 0.0205, 0.0311, 
0.0304, 0.0262, 0.0277, 0.0378, 0.0305, 86.7, 95, 115.1, 117.3, 
125.5, 127.2, 125.7, 149.3, 163.2, 182, 193.7, 249, 1938, 332, 
277, 614, 1185, 216, 562, 293, 509, 837, 185, 1, 192, 258, 149, 
9, 127, 58, 109, 1, 66, 100, 100, 100, 100, 100, 100, 100, 100, 
100, 100, 100, 2500, 2500, 2500, 2500, 2500, 2500, 2500, 2500, 
2500, 2500, 2500, 6081.912, 6063.814, 5934.256, 6383.833, 6626.498, 
6602.589, 7010.64499999999, 6735.43700000001, 6729.97199999999, 
7101.717, 6956.79300000001, 13.18177, 11.54058, 7.26203, 8.57515, 
12.08125, 12.41568, 9.70186, 10.87134, 9.72851, 14.48582, 10.13314, 
-10.5498, -9.35435, -8.45394, -8.0096, -11.54876, -11.72078, 
-8.01381, -10.47528, -9.16435, -12.33021, -9.51269, 0, 0, 0, 
0, 0, 0, 0, 0, 0, 0, 0, 0, 0, 0, 0, 0, 0, 0, 0, 0, 0, 0, 0.76879, 
0.75965, 0.77381, 0.76361, 0.78551, 0.7716, 0.77601, 0.77512, 
0.76559, 0.75265, 0.74224, 0.74628, 0.74415, 0.73976, 0.72762, 
0.76848, 0.7716, 0.75734, 0.77512, 0.73957, 0.70625, 0.72744, 
0.0196, 0.02, 0.0159, 0.0196, 0.0203, 0.0235, 0.0259, 0.026, 
0.028, 0.0394, 0.0339, 86.4, 95.1, 116.6, 115, 125.4, 131.2, 
126.9, 149.9, 162.8, 181.8, 188, 31, 393, 2215, 2324, 2242, 68, 
1569, 102, 1358, 1497, 1479, 8, 7, 1, 2, 1, 7, 1, 7, 1, 1, 1, 
100, 100, 100, 100, 100, 100, 100, 100, 100, 100, 100, 2500, 
2500, 2500, 2500, 2500, 2500, 2500, 2500, 2500, 2500, 2500, 6000.273, 
6089.181, 6159.996, 6597.764, 6761.64999999999, 6780.78700000001, 
6886.84299999999, 7185.298, 7432.54599999999, 7711.73799999998, 
7749.92199999999, 1, 1, 1, 1, 1, 1, 1, 1, 1, 1, 1, 0.16667, 0.16667, 
0.16667, 0.16667, 0.16667, 0.16667, 0.16667, 0.16667, 0.16667, 
0.16667, 0.16667, 0, 0, 0, 0, 0, 0, 0, 0, 0, 0, 0, 0, 0, 0, 0, 
0, 0, 0, 0, 0, 0, 0, 0.68636, 0.72222, 0.70095, 0.67284, 0.72301, 
0.70513, 0.71617, 0.70948, 0.70323, 0.71231, 0.69222, 0.71585, 
0.7117, 0.69571, 0.68211, 0.71866, 0.71697, 0.71683, 0.71281, 
0.70011, 0.69678, 0.70995, 0.014, 0.0145, 0.0166, 0.0187, 0.0199, 
0.0217, 0.0229, 0.024, 0.0264, 0.0284, 0.0307, 110.5, 121.6, 
132.5, 146.2, 153.8, 164.6, 172.8, 184.5, 198.1, 209.4, 217.8, 
1, 1, 1, 1, 1, 1, 1, 1, 1, 1, 1, 1, 1, 1, 1, 1, 1, 1, 1, 1, 1, 
1, 1, 1, 1, 1, 1, 1, 1, 1, 1, 1, 1, 1, 1, 1, 1, 1, 1, 1, 1, 1, 
1, 1, 2.391, 2.327, 2.521, 2.495, 2.529, 2.547, 2.517, 2.584, 
2.583, 2.601, 2.699), .Dim = c(11L, 40L), .Dimnames = list(NULL, 
    c("Sampling", "PSO.cost", "PSO.gamma", "PSO.data.balancing", 
    "PSO.feature.selection", "PSO.valid.acc", "PSO.test.acc", 
    "PSO.train.time", "PSO.n.support.vectors", "PSO.index", "PSO.n.solutions", 
    "PSO.generations", "PSO.n.evaluations", "PSO.cpu.time", "RS.cost", 
    "RS.gamma", "RS.data.balancing", "RS.feature.selection", 
    "RS.valid.acc", "RS.test.acc", "RS.train.time", "RS.n.support.vectors", 
    "RS.index", "RS.n.solutions", "RS.generations", "RS.n.evaluations", 
    "RS.cpu.time", "DF.cost", "DF.gamma", "DF.data.balancing", 
    "DF.feature.selection", "DF.valid.acc", "DF.test.acc", "DF.train.time", 
    "DF.n.support.vectors", "DF.index", "DF.n.solutions", "DF.generations", 
    "DF.n.evaluations", "DF.cpu.time")))
