full <-
structure(c(50, 55, 60, 65, 70, 75, 80, 85, 90, 95, 100, 14.99442, 
15, 14.77887, 13.13261, 13.23119, 9.51898, 11.69291, 8.04533, 
2.20163, 5.99523, 4.32091, -12.98066, -12.07503, -10.33597, -11.77719, 
-11.4562, -8.36156, -10.09228, -8.08154, -5.20856, -4.91571, 
-6.71589, 0, 0, 0, 0, 0, 0, 0, 0, 0, 0, 0, 0, 0, 0, 0, 0, 0, 
0, 0, 0, 0, 0, 0.76442, 0.74936, 0.75564, 0.7456, 0.75242, 0.76765, 
0.73889, 0.75378, 0.74914, 0.76714, 0.75979, 0.72275, 0.72272, 
0.73535, 0.73131, 0.74409, 0.74442, 0.72407, 0.72297, 0.73581, 
0.74924, 0.73911, 0.0188, 0.0254, 0.0532, 0.0221, 0.0268, 0.0264, 
0.0303, 0.026, 0.0259, 0.0314, 0.0316, 99.4, 109.4, 108.1, 127.2, 
136.1, 136.2, 152.1, 160.5, 186.1, 159.5, 202.5, 2428, 74, 2226, 
265, 1981, 934, 219, 62, 2317, 1408, 1057, 1, 111, 1, 100, 1, 
16, 201, 129, 1, 34, 33, 100, 100, 100, 100, 100, 100, 100, 100, 
100, 100, 100, 2500, 2500, 2500, 2500, 2500, 2500, 2500, 2500, 
2500, 2500, 2500, 6432.268, 6466.497, 7234.679, 6602.156, 6908.88499999999, 
6872.41899999999, 7259.54700000001, 7437.81700000001, 7217.77499999999, 
7267.601, 7749.51200000002, 14.16705, 7.30884, 8.99615, 14.63782, 
9.82588, 9.14544, 14.27038, 10.42945, 2.12796, 6.58627, 5.00147, 
-12.80816, -8.55672, -7.40506, -12.40644, -9.70207, -8.17555, 
-11.43255, -9.30996, -5.09078, -4.38254, -7.11555, 0, 0, 0, 0, 
0, 0, 0, 0, 0, 0, 0, 0, 0, 0, 0, 0, 0, 0, 0, 0, 0, 0, 0.74706, 
0.74494, 0.75064, 0.74518, 0.75207, 0.76381, 0.73889, 0.75378, 
0.74903, 0.76146, 0.75685, 0.71687, 0.70775, 0.73059, 0.72261, 
0.74409, 0.74058, 0.73148, 0.7332, 0.73581, 0.70587, 0.73911, 
0.0182, 0.017, 0.0195, 0.0266, 0.0208, 0.0255, 0.0422, 0.0304, 
0.0258, 0.0356, 0.0293, 100.1, 116.5, 108.4, 126, 137.9, 136.6, 
151.9, 159, 185.6, 154.7, 200.9, 27, 1040, 175, 2218, 1024, 67, 
328, 136, 465, 504, 205, 1, 2, 1, 1, 1, 9, 7, 5, 2, 3, 2, 100, 
100, 100, 100, 100, 100, 100, 100, 100, 100, 100, 2500, 2500, 
2500, 2500, 2500, 2500, 2500, 2500, 2500, 2500, 2500, 6569.467, 
6663.662, 6604.743, 6753.489, 7024.228, 7177.27100000001, 7484.07400000001, 
7502.709, 7560.32900000001, 7792.834, 8148.109, 1, 1, 1, 1, 1, 
1, 1, 1, 1, 1, 1, 0.16667, 0.16667, 0.16667, 0.16667, 0.16667, 
0.16667, 0.16667, 0.16667, 0.16667, 0.16667, 0.16667, 0, 0, 0, 
0, 0, 0, 0, 0, 0, 0, 0, 0, 0, 0, 0, 0, 0, 0, 0, 0, 0, 0, 0.65396, 
0.64225, 0.65199, 0.68742, 0.6685, 0.68994, 0.69114, 0.70204, 
0.69989, 0.70549, 0.71566, 0.64698, 0.64222, 0.6908, 0.68598, 
0.66815, 0.68145, 0.6836, 0.678, 0.71624, 0.72102, 0.72121, 0.0149, 
0.0162, 0.0178, 0.0179, 0.0212, 0.0217, 0.0225, 0.0257, 0.0262, 
0.0298, 0.0301, 121.7, 129.9, 139.4, 147.2, 155.8, 166.8, 176, 
185.9, 197, 205.4, 218.4, 1, 1, 1, 1, 1, 1, 1, 1, 1, 1, 1, 1, 
1, 1, 1, 1, 1, 1, 1, 1, 1, 1, 1, 1, 1, 1, 1, 1, 1, 1, 1, 1, 1, 
1, 1, 1, 1, 1, 1, 1, 1, 1, 1, 1, 2.559, 2.635, 2.577, 2.455, 
2.691, 2.67, 2.684, 2.75, 2.589, 2.862, 2.692), .Dim = c(11L, 
40L), .Dimnames = list(NULL, c("Sampling", "PSO.cost", "PSO.gamma", 
"PSO.data.balancing", "PSO.feature.selection", "PSO.valid.acc", 
"PSO.test.acc", "PSO.train.time", "PSO.n.support.vectors", "PSO.index", 
"PSO.n.solutions", "PSO.generations", "PSO.n.evaluations", "PSO.cpu.time", 
"RS.cost", "RS.gamma", "RS.data.balancing", "RS.feature.selection", 
"RS.valid.acc", "RS.test.acc", "RS.train.time", "RS.n.support.vectors", 
"RS.index", "RS.n.solutions", "RS.generations", "RS.n.evaluations", 
"RS.cpu.time", "DF.cost", "DF.gamma", "DF.data.balancing", "DF.feature.selection", 
"DF.valid.acc", "DF.test.acc", "DF.train.time", "DF.n.support.vectors", 
"DF.index", "DF.n.solutions", "DF.generations", "DF.n.evaluations", 
"DF.cpu.time")))
