full <-
structure(c(50, 55, 60, 65, 70, 75, 80, 85, 90, 95, 100, 7.55753, 
14.93337, 11.91806, 9.15727, 6.39809, 15, 3.7727, 9.74342, 8.86557, 
5.38837, 2.89584, -7.2622, -11.52421, -9.11985, -7.63339, -7.16211, 
-12.16238, -5.07107, -7.28669, -6.80391, -6.53748, -6.29655, 
0, 0, 0, 0, 0, 0, 0, 0, 0, 0, 0, 0, 0, 0, 0, 0, 0, 0, 0, 0, 0, 
0, 0.74653, 0.74825, 0.77024, 0.73755, 0.75177, 0.72508, 0.73889, 
0.75814, 0.78198, 0.74655, 0.73635, 0.74097, 0.72164, 0.72667, 
0.71897, 0.74342, 0.68954, 0.72407, 0.74421, 0.76876, 0.73414, 
0.71576, 0.0153, 0.0359, 0.0261, 0.023, 0.0205, 0.04, 0.0238, 
0.0366, 0.0365, 0.0295, 0.0297, 94, 101.7, 102.5, 112.5, 131.4, 
145.2, 155.3, 140.9, 148.6, 181.2, 211.8, 130, 1176, 143, 166, 
101, 297, 2079, 310, 512, 1805, 509, 197, 20, 171, 142, 130, 
21, 15, 215, 365, 15, 47, 100, 100, 100, 100, 100, 100, 100, 
100, 100, 100, 100, 2500, 2500, 2500, 2500, 2500, 2500, 2500, 
2500, 2500, 2500, 2500, 7041.381, 6933.091, 6853.208, 6772.72199999999, 
7229.387, 7344.10699999999, 7040.336, 7445.985, 7528.23199999999, 
7435.62899999999, 8383.815, 7.19236, 12.95407, 13.09457, 8.83687, 
6.76694, 14.61013, 4.4939, 10.41435, 9.75781, 5.5383, 13.57732, 
-7.19489, -10.35442, -9.70862, -7.39504, -7.20047, -11.95861, 
-5.93231, -7.50003, -7.1197, -6.57824, -11.34059, 0, 0, 0, 0, 
0, 0, 0, 0, 0, 0, 0, 0, 0, 0, 0, 0, 0, 0, 0, 0, 0, 0, 0.75241, 
0.74298, 0.77024, 0.73735, 0.75177, 0.71723, 0.73188, 0.7547, 
0.77875, 0.74352, 0.73341, 0.72921, 0.72193, 0.72667, 0.71443, 
0.74741, 0.69354, 0.73902, 0.74421, 0.77532, 0.73414, 0.72475, 
0.016, 0.025, 0.0314, 0.022, 0.0208, 0.0365, 0.0239, 0.0423, 
0.0424, 0.0295, 0.0475, 95, 99.9, 102.4, 113.3, 128.7, 145, 157.3, 
139.4, 147.2, 181.1, 188.2, 1558, 366, 18, 200, 2279, 262, 2439, 
2440, 524, 258, 266, 1, 6, 2, 1, 1, 5, 1, 1, 2, 2, 6, 100, 100, 
100, 100, 100, 100, 100, 100, 100, 100, 100, 2500, 2500, 2500, 
2500, 2500, 2500, 2500, 2500, 2500, 2500, 2500, 6753.608, 6743.781, 
6697.446, 6850.215, 7126.248, 7335.99100000001, 7539.94499999999, 
7572.781, 7788.51199999999, 7883.06899999999, 10018.923, 1, 1, 
1, 1, 1, 1, 1, 1, 1, 1, 1, 0.16667, 0.16667, 0.16667, 0.16667, 
0.16667, 0.16667, 0.16667, 0.16667, 0.16667, 0.16667, 0.16667, 
0, 0, 0, 0, 0, 0, 0, 0, 0, 0, 0, 0, 0, 0, 0, 0, 0, 0, 0, 0, 0, 
0, 0.6527, 0.71199, 0.70595, 0.66957, 0.69341, 0.65846, 0.66931, 
0.72325, 0.72887, 0.70923, 0.68642, 0.64645, 0.69649, 0.71643, 
0.65119, 0.676, 0.674, 0.67646, 0.69232, 0.72273, 0.71519, 0.69811, 
0.015, 0.0153, 0.0164, 0.0184, 0.0216, 0.0229, 0.0245, 0.0262, 
0.0277, 0.0325, 0.0326, 114.7, 125, 135.2, 147.8, 157.1, 167.4, 
180.9, 185.1, 195.2, 210.5, 218.2, 1, 1, 1, 1, 1, 1, 1, 1, 1, 
1, 1, 1, 1, 1, 1, 1, 1, 1, 1, 1, 1, 1, 1, 1, 1, 1, 1, 1, 1, 1, 
1, 1, 1, 1, 1, 1, 1, 1, 1, 1, 1, 1, 1, 1, 2.62, 2.488, 2.425, 
2.549, 2.753, 2.761, 2.775, 2.734, 2.82, 2.785, 3.642), .Dim = c(11L, 
40L), .Dimnames = list(NULL, c("Sampling", "PSO.cost", "PSO.gamma", 
"PSO.data.balancing", "PSO.feature.selection", "PSO.valid.acc", 
"PSO.test.acc", "PSO.train.time", "PSO.n.support.vectors", "PSO.index", 
"PSO.n.solutions", "PSO.generations", "PSO.n.evaluations", "PSO.cpu.time", 
"RS.cost", "RS.gamma", "RS.data.balancing", "RS.feature.selection", 
"RS.valid.acc", "RS.test.acc", "RS.train.time", "RS.n.support.vectors", 
"RS.index", "RS.n.solutions", "RS.generations", "RS.n.evaluations", 
"RS.cpu.time", "DF.cost", "DF.gamma", "DF.data.balancing", "DF.feature.selection", 
"DF.valid.acc", "DF.test.acc", "DF.train.time", "DF.n.support.vectors", 
"DF.index", "DF.n.solutions", "DF.generations", "DF.n.evaluations", 
"DF.cpu.time")))
