full <-
structure(c(50, 55, 60, 65, 70, 75, 80, 85, 90, 95, 100, 11.64253, 
8.47591, 6.52315, 4.20375, 7.61859, 4.26835, 5.83173, 10.56449, 
9.6069, 9.0212, 13.38715, -8.91218, -9.09384, -6.11194, -6.80051, 
-8.21929, -6.87917, -6.73016, -7.48968, -9.07438, -8.81112, -11.62918, 
0, 0, 0, 0, 0, 0, 0, 0, 0, 0, 0, 0, 0, 0, 0, 0, 0, 0, 0, 0, 0, 
0, 0.7473, 0.76462, 0.73771, 0.73399, 0.75236, 0.76549, 0.74987, 
0.73005, 0.752, 0.74602, 0.75054, 0.71712, 0.7269, 0.69816, 0.69763, 
0.6971, 0.72979, 0.73902, 0.72352, 0.73932, 0.71799, 0.73861, 
0.0195, 0.0156, 0.0163, 0.0172, 0.0204, 0.0207, 0.0214, 0.0433, 
0.0283, 0.0317, 0.0407, 87, 108.5, 108.5, 136.6, 136.9, 157.3, 
151.7, 142.9, 172.6, 182.6, 191.6, 272, 170, 325, 626, 923, 142, 
880, 34, 478, 1525, 591, 45, 169, 29, 107, 97, 340, 194, 229, 
62, 27, 18, 100, 100, 100, 100, 100, 100, 100, 100, 100, 100, 
100, 2500, 2500, 2500, 2500, 2500, 2500, 2500, 2500, 2500, 2500, 
2500, 6437.453, 6114.454, 6477.657, 6142.81, 6493.762, 6130.256, 
6733.66100000001, 7724.083, 7051.469, 8589.34600000001, 7510.43799999999, 
13.67887, 8.49959, 6.80669, 4.41145, 8.96354, 4.23685, 10.65056, 
11.4284, 11.06836, 8.52675, 13.02186, -9.8847, -9.15237, -6.19898, 
-6.16199, -9.01743, -6.78635, -7.74206, -7.86167, -9.74334, -8.61404, 
-11.44304, 0, 0, 0, 0, 0, 0, 0, 0, 0, 0, 0, 0, 0, 0, 0, 0, 0, 
0, 0, 0, 0, 0, 0.7473, 0.75936, 0.73271, 0.72925, 0.75236, 0.76164, 
0.7496, 0.73005, 0.752, 0.74299, 0.75054, 0.706, 0.7269, 0.6934, 
0.71581, 0.6846, 0.72595, 0.73876, 0.72352, 0.73276, 0.71487, 
0.73861, 0.0274, 0.0152, 0.0182, 0.0182, 0.02, 0.0217, 0.04, 
0.0499, 0.0336, 0.0315, 0.041, 86, 108.9, 107.7, 129.4, 136, 
156.7, 136.3, 142.2, 171.4, 183.4, 191.5, 1828, 2432, 632, 869, 
1091, 727, 1467, 24, 1015, 342, 1501, 1, 1, 2, 3, 2, 1, 1, 2, 
1, 2, 1, 100, 100, 100, 100, 100, 100, 100, 100, 100, 100, 100, 
2500, 2500, 2500, 2500, 2500, 2500, 2500, 2500, 2500, 2500, 2500, 
6358.765, 6275.047, 6446.943, 6595.319, 6548.906, 6663.745, 6803.22900000001, 
7455.22, 7487.603, 7780.09700000001, 7769.43299999999, 1, 1, 
1, 1, 1, 1, 1, 1, 1, 1, 1, 0.16667, 0.16667, 0.16667, 0.16667, 
0.16667, 0.16667, 0.16667, 0.16667, 0.16667, 0.16667, 0.16667, 
0, 0, 0, 0, 0, 0, 0, 0, 0, 0, 0, 0, 0, 0, 0, 0, 0, 0, 0, 0, 0, 
0, 0.68407, 0.7, 0.6894, 0.67055, 0.6846, 0.71345, 0.70198, 0.68879, 
0.6934, 0.69953, 0.69465, 0.70037, 0.67865, 0.69514, 0.64783, 
0.68043, 0.71297, 0.69087, 0.70246, 0.69628, 0.67481, 0.70599, 
0.0138, 0.0147, 0.0186, 0.0183, 0.0195, 0.0203, 0.0221, 0.0237, 
0.0263, 0.028, 0.032, 112.2, 125.1, 136.2, 145, 155.7, 164.7, 
173.5, 185.1, 197.4, 208.3, 218.8, 1, 1, 1, 1, 1, 1, 1, 1, 1, 
1, 1, 1, 1, 1, 1, 1, 1, 1, 1, 1, 1, 1, 1, 1, 1, 1, 1, 1, 1, 1, 
1, 1, 1, 1, 1, 1, 1, 1, 1, 1, 1, 1, 1, 1, 2.314, 2.293, 2.502, 
2.475, 2.438, 2.413, 2.391, 2.527, 2.613, 2.581, 2.749), .Dim = c(11L, 
40L), .Dimnames = list(NULL, c("Sampling", "PSO.cost", "PSO.gamma", 
"PSO.data.balancing", "PSO.feature.selection", "PSO.valid.acc", 
"PSO.test.acc", "PSO.train.time", "PSO.n.support.vectors", "PSO.index", 
"PSO.n.solutions", "PSO.generations", "PSO.n.evaluations", "PSO.cpu.time", 
"RS.cost", "RS.gamma", "RS.data.balancing", "RS.feature.selection", 
"RS.valid.acc", "RS.test.acc", "RS.train.time", "RS.n.support.vectors", 
"RS.index", "RS.n.solutions", "RS.generations", "RS.n.evaluations", 
"RS.cpu.time", "DF.cost", "DF.gamma", "DF.data.balancing", "DF.feature.selection", 
"DF.valid.acc", "DF.test.acc", "DF.train.time", "DF.n.support.vectors", 
"DF.index", "DF.n.solutions", "DF.generations", "DF.n.evaluations", 
"DF.cpu.time")))
