full <-
structure(c(50, 55, 60, 65, 70, 75, 80, 85, 90, 95, 100, 15, 
10.45077, 15, 9.97348, 11.9525, 14.85984, 15, 4.12776, 6.21138, 
13.51151, 7.24918, -14.53996, -10.95496, -12.12172, -8.70408, 
-13.29701, -12.75274, -11.89845, -5.69872, -5.65049, -11.55015, 
-7.37756, 0, 0, 0, 0, 0, 0, 0, 0, 0, 0, 0, 0, 0, 0, 0, 0, 0, 
0, 0, 0, 0, 0, 0.73472, 0.75263, 0.75337, 0.73321, 0.75713, 0.73338, 
0.75733, 0.76621, 0.72258, 0.75276, 0.76007, 0.71119, 0.72047, 
0.73909, 0.71875, 0.74463, 0.72138, 0.73523, 0.72397, 0.69624, 
0.73361, 0.74251, 0.0167, 0.0163, 0.0283, 0.0226, 0.0211, 0.0318, 
0.0438, 0.0254, 0.0275, 0.0396, 0.0304, 95.3, 108.6, 111.3, 121.1, 
138.7, 142.3, 148.3, 164.5, 156.3, 180.8, 184.7, 115, 511, 665, 
338, 731, 495, 1291, 518, 782, 300, 609, 151, 66, 2, 126, 179, 
33, 3, 37, 272, 250, 28, 100, 100, 100, 100, 100, 100, 100, 100, 
100, 100, 100, 2500, 2500, 2500, 2500, 2500, 2500, 2500, 2500, 
2500, 2500, 2500, 6607.222, 6402.132, 7092.549, 7211.339, 6825.254, 
6982.861, 7212.81199999999, 7492.53600000001, 7056.423, 7621.90300000001, 
7218.772, 13.5691, 12.54306, 6.31913, 2.31183, 12.22558, 14.46238, 
4.12929, 8.96567, 6.04427, 11.45683, 6.69634, -14.20428, -12.04758, 
-7.29794, -4.93035, -13.85025, -12.54745, -6.62283, -8.95818, 
-5.66791, -10.54256, -7.13244, 0, 0, 0, 0, 0, 0, 0, 0, 0, 0, 
0, 0, 0, 0, 0, 0, 0, 0, 0, 0, 0, 0, 0.73472, 0.74737, 0.74863, 
0.73384, 0.75296, 0.72938, 0.75746, 0.76608, 0.72258, 0.75276, 
0.75713, 0.71119, 0.7152, 0.73382, 0.71462, 0.74028, 0.72138, 
0.7318, 0.72397, 0.70613, 0.73039, 0.7483, 0.0153, 0.0173, 0.0178, 
0.0177, 0.0211, 0.0292, 0.0222, 0.0257, 0.0287, 0.0344, 0.0312, 
97.8, 106.9, 115.7, 139.6, 139.8, 141.6, 164.4, 159.6, 158.1, 
181.8, 185.7, 15, 233, 548, 699, 1838, 1372, 471, 1602, 117, 
1548, 1147, 19, 8, 1, 2, 1, 3, 1, 1, 1, 1, 1, 100, 100, 100, 
100, 100, 100, 100, 100, 100, 100, 100, 2500, 2500, 2500, 2500, 
2500, 2500, 2500, 2500, 2500, 2500, 2500, 6522.309, 6872.67, 
7060.238, 6895.086, 7165.736, 7295.06600000001, 7444.38400000001, 
7524.932, 7796.557, 7827.946, 8166.97700000001, 1, 1, 1, 1, 1, 
1, 1, 1, 1, 1, 1, 0.16667, 0.16667, 0.16667, 0.16667, 0.16667, 
0.16667, 0.16667, 0.16667, 0.16667, 0.16667, 0.16667, 0, 0, 0, 
0, 0, 0, 0, 0, 0, 0, 0, 0, 0, 0, 0, 0, 0, 0, 0, 0, 0, 0, 0.65131, 
0.63538, 0.69556, 0.70551, 0.69788, 0.67815, 0.66617, 0.68613, 
0.68656, 0.6994, 0.72182, 0.62194, 0.65702, 0.65499, 0.70177, 
0.69353, 0.67785, 0.6876, 0.70648, 0.6671, 0.70252, 0.70097, 
0.0149, 0.0156, 0.0181, 0.0182, 0.0207, 0.0207, 0.0224, 0.0245, 
0.0256, 0.0294, 0.0298, 116.9, 125.6, 135.5, 149, 156.9, 169, 
178.8, 189.6, 195.8, 207.4, 219.1, 1, 1, 1, 1, 1, 1, 1, 1, 1, 
1, 1, 1, 1, 1, 1, 1, 1, 1, 1, 1, 1, 1, 1, 1, 1, 1, 1, 1, 1, 1, 
1, 1, 1, 1, 1, 1, 1, 1, 1, 1, 1, 1, 1, 1, 2.627, 2.666, 2.695, 
2.527, 2.727, 2.598, 2.619, 2.592, 2.634, 2.835, 2.654), .Dim = c(11L, 
40L), .Dimnames = list(NULL, c("Sampling", "PSO.cost", "PSO.gamma", 
"PSO.data.balancing", "PSO.feature.selection", "PSO.valid.acc", 
"PSO.test.acc", "PSO.train.time", "PSO.n.support.vectors", "PSO.index", 
"PSO.n.solutions", "PSO.generations", "PSO.n.evaluations", "PSO.cpu.time", 
"RS.cost", "RS.gamma", "RS.data.balancing", "RS.feature.selection", 
"RS.valid.acc", "RS.test.acc", "RS.train.time", "RS.n.support.vectors", 
"RS.index", "RS.n.solutions", "RS.generations", "RS.n.evaluations", 
"RS.cpu.time", "DF.cost", "DF.gamma", "DF.data.balancing", "DF.feature.selection", 
"DF.valid.acc", "DF.test.acc", "DF.train.time", "DF.n.support.vectors", 
"DF.index", "DF.n.solutions", "DF.generations", "DF.n.evaluations", 
"DF.cpu.time")))
