full <-
structure(c(50, 55, 60, 65, 70, 75, 80, 85, 90, 95, 100, 11.94038, 
7.91069, 8.29823, 5.94423, 4.26588, 1.69147, 2.26312, 5.36154, 
8.23774, 8.71354, 8.70003, -7.33984, -5.96363, -8.49133, -4.32042, 
-4.76252, -3.45399, -4.5935, -7.92352, -7.06201, -8.47898, -8.20447, 
0, 0, 0, 0, 0, 0, 0, 0, 0, 0, 0, 0, 0, 0, 0, 0, 0, 0, 0, 0, 0, 
0, 0.7719, 0.75351, 0.75905, 0.77826, 0.75598, 0.75724, 0.74987, 
0.7681, 0.75505, 0.74678, 0.7483, 0.75392, 0.72164, 0.725, 0.75119, 
0.74348, 0.74876, 0.73505, 0.7436, 0.74151, 0.72803, 0.7393, 
0.0386, 0.019, 0.0172, 0.0195, 0.0191, 0.0224, 0.0231, 0.0255, 
0.0312, 0.031, 0.0307, 75.1, 91.4, 114.1, 102.8, 125.6, 151.8, 
164.1, 176, 157.1, 174.6, 182.6, 218, 181, 304, 535, 1149, 2256, 
1016, 913, 521, 1971, 281, 104, 139, 65, 52, 96, 3, 62, 105, 
67, 1, 43, 100, 100, 100, 100, 100, 100, 100, 100, 100, 100, 
100, 2500, 2500, 2500, 2500, 2500, 2500, 2500, 2500, 2500, 2500, 
2500, 7488.85, 7175.894, 7000.655, 7112.858, 6946.917, 7128.90999999999, 
7398.493, 7267.467, 7686.16799999999, 9134.035, 7886.74900000001, 
11.68858, 7.35702, 9.42936, 7.52188, 4.55056, 1.78113, 14.44028, 
5.17694, 10.64281, 5.05142, 8.1777, -7.06021, -5.82442, -9.08695, 
-5.34186, -4.97041, -4.07099, -8.07547, -7.88304, -8.00514, -5.22782, 
-8.37699, 0, 0, 0, 0, 0, 0, 0, 0, 0, 0, 0, 0, 0, 0, 0, 0, 0, 
0, 0, 0, 0, 0, 0.76601, 0.75351, 0.75405, 0.77806, 0.75181, 0.75355, 
0.74272, 0.76121, 0.75505, 0.74366, 0.74804, 0.74804, 0.70526, 
0.72524, 0.77826, 0.73913, 0.74523, 0.69854, 0.73325, 0.73839, 
0.72509, 0.72753, 0.0441, 0.0192, 0.0178, 0.022, 0.0203, 0.022, 
0.233, 0.0251, 0.0441, 0.0291, 0.03, 75.1, 92.8, 113, 102.2, 
125.2, 155.8, 127.9, 177.6, 154.2, 169.7, 189.1, 315, 816, 291, 
1828, 1877, 813, 1333, 404, 1413, 2286, 525, 8, 4, 3, 1, 1, 1, 
1, 2, 3, 2, 1, 100, 100, 100, 100, 100, 100, 100, 100, 100, 100, 
100, 2500, 2500, 2500, 2500, 2500, 2500, 2500, 2500, 2500, 2500, 
2500, 6933.729, 7027.453, 7102.06200000001, 7170.962, 7289.73900000001, 
7323.686, 7360.26800000001, 7502.208, 7663.644, 7760.133, 7801.74100000001, 
1, 1, 1, 1, 1, 1, 1, 1, 1, 1, 1, 0.16667, 0.16667, 0.16667, 0.16667, 
0.16667, 0.16667, 0.16667, 0.16667, 0.16667, 0.16667, 0.16667, 
0, 0, 0, 0, 0, 0, 0, 0, 0, 0, 0, 0, 0, 0, 0, 0, 0, 0, 0, 0, 0, 
0, 0.68807, 0.6462, 0.69214, 0.72866, 0.70109, 0.738, 0.72434, 
0.71589, 0.72548, 0.69091, 0.69257, 0.70715, 0.63099, 0.70571, 
0.70138, 0.70543, 0.71783, 0.70979, 0.71946, 0.70548, 0.70303, 
0.69812, 0.0152, 0.0167, 0.0174, 0.0182, 0.0207, 0.0227, 0.0248, 
0.0264, 0.0277, 0.0299, 0.0327, 117.2, 128, 137.2, 147.3, 156, 
169.7, 181, 189.3, 199.5, 209.7, 219.4, 1, 1, 1, 1, 1, 1, 1, 
1, 1, 1, 1, 1, 1, 1, 1, 1, 1, 1, 1, 1, 1, 1, 1, 1, 1, 1, 1, 1, 
1, 1, 1, 1, 1, 1, 1, 1, 1, 1, 1, 1, 1, 1, 1, 1, 2.688, 2.713, 
2.755, 2.731, 2.697, 2.748, 2.784, 2.723, 2.761, 2.743, 2.834
), .Dim = c(11L, 40L), .Dimnames = list(NULL, c("Sampling", "PSO.cost", 
"PSO.gamma", "PSO.data.balancing", "PSO.feature.selection", "PSO.valid.acc", 
"PSO.test.acc", "PSO.train.time", "PSO.n.support.vectors", "PSO.index", 
"PSO.n.solutions", "PSO.generations", "PSO.n.evaluations", "PSO.cpu.time", 
"RS.cost", "RS.gamma", "RS.data.balancing", "RS.feature.selection", 
"RS.valid.acc", "RS.test.acc", "RS.train.time", "RS.n.support.vectors", 
"RS.index", "RS.n.solutions", "RS.generations", "RS.n.evaluations", 
"RS.cpu.time", "DF.cost", "DF.gamma", "DF.data.balancing", "DF.feature.selection", 
"DF.valid.acc", "DF.test.acc", "DF.train.time", "DF.n.support.vectors", 
"DF.index", "DF.n.solutions", "DF.generations", "DF.n.evaluations", 
"DF.cpu.time")))
