full <-
structure(c(50, 55, 60, 65, 70, 75, 80, 85, 90, 95, 100, 7.65832, 
13.89493, 11.42127, 12.80335, 12.68556, 6.26892, 14.74934, 8.80355, 
10.5777, 15, 5.61084, -7.33889, -8.91479, -9.24516, -10.83079, 
-8.80759, -5.48767, -10.90687, -6.27393, -9.1241, -9.40118, -7.3258, 
0, 0, 0, 0, 0, 0, 0, 0, 0, 0, 0, 0, 0, 0, 0, 0, 0, 0, 0, 0, 0, 
0, 0.78824, 0.78655, 0.79469, 0.76044, 0.76449, 0.75623, 0.7604, 
0.76121, 0.77134, 0.74, 0.75401, 0.76471, 0.75936, 0.76487, 0.76004, 
0.75616, 0.75222, 0.74228, 0.72993, 0.74198, 0.72437, 0.71897, 
0.0166, 0.0636, 0.0244, 0.0257, 0.0513, 0.0229, 0.0628, 0.0375, 
0.0331, 0.1684, 0.0294, 87.4, 82.7, 104.9, 121.4, 115, 129.8, 
138.8, 136.6, 156.9, 155.2, 196.4, 387, 1102, 132, 1980, 729, 
428, 118, 774, 401, 814, 33, 40, 17, 75, 4, 51, 86, 110, 23, 
60, 25, 198, 100, 100, 100, 100, 100, 100, 100, 100, 100, 100, 
100, 2500, 2500, 2500, 2500, 2500, 2500, 2500, 2500, 2500, 2500, 
2500, 6819.374, 9604.326, 8813.924, 9204.683, 9410.49399999999, 
8805.55499999999, 9513.08100000001, 9173.21799999999, 9367.736, 
11244.57, 7430.24699999997, 7.50172, 13.86589, 9.84395, 4.36291, 
13.20582, 5.25322, 13.52475, 4.83634, 8.90808, 14.08036, 4.80611, 
-7.26643, -9.35407, -8.52796, -5.83562, -9.0285, -4.76081, -10.30409, 
-5.69077, -8.17445, -9.47046, -6.95382, 0, 0, 0, 0, 0, 0, 0, 
0, 0, 0, 0, 0, 0, 0, 0, 0, 0, 0, 0, 0, 0, 0, 0.78824, 0.78099, 
0.79469, 0.75589, 0.76033, 0.75576, 0.7604, 0.75776, 0.77134, 
0.73384, 0.75401, 0.76471, 0.76988, 0.76487, 0.74641, 0.75616, 
0.75159, 0.74228, 0.74741, 0.74521, 0.71489, 0.72182, 0.0156, 
0.0482, 0.0227, 0.0186, 0.0549, 0.0234, 0.0488, 0.0245, 0.03, 
0.1081, 0.0305, 87.8, 86.1, 105.9, 125.7, 114.5, 130.5, 139, 
151.5, 156.1, 158.8, 199.6, 193, 155, 58, 1418, 1532, 339, 1432, 
1995, 1945, 1793, 1119, 1, 10, 4, 3, 1, 2, 1, 1, 1, 2, 2, 100, 
100, 100, 100, 100, 100, 100, 100, 100, 100, 100, 2500, 2500, 
2500, 2500, 2500, 2500, 2500, 2500, 2500, 2500, 2500, 7155.76, 
8717.113, 8707.8, 8722.323, 9052.442, 9269.24799999999, 9262.62, 
9283.72500000001, 9547.57500000001, 7655.97899999999, 10104.432, 
1, 1, 1, 1, 1, 1, 1, 1, 1, 1, 1, 0.16667, 0.16667, 0.16667, 0.16667, 
0.16667, 0.16667, 0.16667, 0.16667, 0.16667, 0.16667, 0.16667, 
0, 0, 0, 0, 0, 0, 0, 0, 0, 0, 0, 0, 0, 0, 0, 0, 0, 0, 0, 0, 0, 
0, 0.74118, 0.7269, 0.72559, 0.69676, 0.71866, 0.70881, 0.69477, 
0.73399, 0.71272, 0.68733, 0.69214, 0.74706, 0.72222, 0.72056, 
0.68769, 0.69692, 0.69344, 0.68008, 0.71281, 0.70616, 0.68401, 
0.68945, 0.0153, 0.0162, 0.0185, 0.0194, 0.0219, 0.0228, 0.0236, 
0.0251, 0.0286, 0.0283, 0.031, 112.3, 124.3, 136.4, 145.7, 156.8, 
166.2, 176.8, 182.3, 192.9, 206.6, 219, 1, 1, 1, 1, 1, 1, 1, 
1, 1, 1, 1, 1, 1, 1, 1, 1, 1, 1, 1, 1, 1, 1, 1, 1, 1, 1, 1, 1, 
1, 1, 1, 1, 1, 1, 1, 1, 1, 1, 1, 1, 1, 1, 1, 1, 3.229, 3.232, 
3.35, 3.382, 3.536, 3.471, 3.341, 3.38, 3.562, 2.776, 3.443), .Dim = c(11L, 
40L), .Dimnames = list(NULL, c("Sampling", "PSO.cost", "PSO.gamma", 
"PSO.data.balancing", "PSO.feature.selection", "PSO.valid.acc", 
"PSO.test.acc", "PSO.train.time", "PSO.n.support.vectors", "PSO.index", 
"PSO.n.solutions", "PSO.generations", "PSO.n.evaluations", "PSO.cpu.time", 
"RS.cost", "RS.gamma", "RS.data.balancing", "RS.feature.selection", 
"RS.valid.acc", "RS.test.acc", "RS.train.time", "RS.n.support.vectors", 
"RS.index", "RS.n.solutions", "RS.generations", "RS.n.evaluations", 
"RS.cpu.time", "DF.cost", "DF.gamma", "DF.data.balancing", "DF.feature.selection", 
"DF.valid.acc", "DF.test.acc", "DF.train.time", "DF.n.support.vectors", 
"DF.index", "DF.n.solutions", "DF.generations", "DF.n.evaluations", 
"DF.cpu.time")))
