full <-
structure(c(50, 55, 60, 65, 70, 75, 80, 85, 90, 95, 100, 6.25063, 
7.34205, 7.23289, 11.67727, 11.04996, 12.02175, 14.42846, 15, 
5.50039, 4.13077, 15, -7.09232, -8.2491, -5.90467, -12.09237, 
-9.39905, -9.7867, -11.87735, -11.20414, -6.55905, -5.063, -11.9969, 
0, 0, 0, 0, 0, 0, 0, 0, 0, 0, 0, 0, 0, 0, 0, 0, 0, 0, 0, 0, 0, 
0, 0.68697, 0.68956, 0.71095, 0.72578, 0.73134, 0.72538, 0.73112, 
0.73552, 0.7514, 0.75848, 0.75364, 0.65204, 0.66237, 0.68167, 
0.67179, 0.69764, 0.70938, 0.73524, 0.7429, 0.72903, 0.73339, 
0.7417, 0.0152, 0.0165, 0.02, 0.02, 0.025, 0.0311, 0.0364, 0.0549, 
0.0261, 0.0274, 0.0544, 109.8, 118.1, 115.9, 138, 136, 141.2, 
156.9, 155.1, 173.1, 180.4, 187.6, 316, 1052, 502, 1229, 414, 
610, 425, 261, 2158, 654, 838, 131, 177, 324, 14, 33, 102, 29, 
91, 8, 107, 13, 100, 100, 100, 100, 100, 100, 100, 100, 100, 
100, 100, 2500, 2500, 2500, 2500, 2500, 2500, 2500, 2500, 2500, 
2500, 2500, 6635.556, 6823.532, 6975.154, 6916.784, 7072.056, 
7251.77200000001, 7121.338, 7497.38400000001, 7828.19500000001, 
7406.61300000001, 7648.82900000003, 6.4868, 7.34906, 2.06256, 
11.77191, 11.20597, 13.93699, 14.81293, 3.68827, 6.06111, 3.97234, 
14.6327, -7.36335, -8.25013, -3.8773, -12.1273, -9.50242, -10.75024, 
-12.06999, -6.74756, -7.01845, -5.28432, -11.80709, 0, 0, 0, 
0, 0, 0, 0, 0, 0, 0, 0, 0, 0, 0, 0, 0, 0, 0, 0, 0, 0, 0, 0.68109, 
0.68956, 0.71119, 0.72578, 0.73134, 0.72538, 0.72741, 0.74337, 
0.74817, 0.75829, 0.75061, 0.64579, 0.66237, 0.68167, 0.67655, 
0.69764, 0.70938, 0.73894, 0.69507, 0.73215, 0.73954, 0.7417, 
0.0156, 0.0162, 0.0173, 0.02, 0.0253, 0.04, 0.0386, 0.0244, 0.0263, 
0.0279, 0.052, 109.9, 118.1, 132.9, 137.7, 136.3, 140.4, 157, 
182.7, 173, 183.7, 187.5, 921, 1112, 672, 2285, 1356, 146, 1246, 
2095, 836, 275, 1913, 2, 1, 2, 1, 1, 1, 3, 1, 2, 2, 1, 100, 100, 
100, 100, 100, 100, 100, 100, 100, 100, 100, 2500, 2500, 2500, 
2500, 2500, 2500, 2500, 2500, 2500, 2500, 2500, 6807.048, 6892.567, 
6974.513, 6981.797, 7073.423, 7189.33799999999, 7317.473, 7507.302, 
7615.787, 7803.28699999998, 7959.68299999999, 1, 1, 1, 1, 1, 
1, 1, 1, 1, 1, 1, 0.16667, 0.16667, 0.16667, 0.16667, 0.16667, 
0.16667, 0.16667, 0.16667, 0.16667, 0.16667, 0.16667, 0, 0, 0, 
0, 0, 0, 0, 0, 0, 0, 0, 0, 0, 0, 0, 0, 0, 0, 0, 0, 0, 0, 0.62185, 
0.60886, 0.62833, 0.66679, 0.6721, 0.67385, 0.67609, 0.67031, 
0.69892, 0.68424, 0.70926, 0.61597, 0.64661, 0.62762, 0.68833, 
0.6808, 0.674, 0.66083, 0.66401, 0.69946, 0.71217, 0.69792, 0.016, 
0.0166, 0.0181, 0.0184, 0.0208, 0.0212, 0.0227, 0.0249, 0.0262, 
0.0285, 0.0304, 125.6, 136.9, 145, 155.4, 164.4, 173.6, 184.6, 
191.2, 199.9, 210, 219.2, 1, 1, 1, 1, 1, 1, 1, 1, 1, 1, 1, 1, 
1, 1, 1, 1, 1, 1, 1, 1, 1, 1, 1, 1, 1, 1, 1, 1, 1, 1, 1, 1, 1, 
1, 1, 1, 1, 1, 1, 1, 1, 1, 1, 1, 2.687, 2.645, 2.62, 2.619, 2.62, 
2.675, 2.689, 2.704, 2.685, 2.723, 2.709), .Dim = c(11L, 40L), .Dimnames = list(
    NULL, c("Sampling", "PSO.cost", "PSO.gamma", "PSO.data.balancing", 
    "PSO.feature.selection", "PSO.valid.acc", "PSO.test.acc", 
    "PSO.train.time", "PSO.n.support.vectors", "PSO.index", "PSO.n.solutions", 
    "PSO.generations", "PSO.n.evaluations", "PSO.cpu.time", "RS.cost", 
    "RS.gamma", "RS.data.balancing", "RS.feature.selection", 
    "RS.valid.acc", "RS.test.acc", "RS.train.time", "RS.n.support.vectors", 
    "RS.index", "RS.n.solutions", "RS.generations", "RS.n.evaluations", 
    "RS.cpu.time", "DF.cost", "DF.gamma", "DF.data.balancing", 
    "DF.feature.selection", "DF.valid.acc", "DF.test.acc", "DF.train.time", 
    "DF.n.support.vectors", "DF.index", "DF.n.solutions", "DF.generations", 
    "DF.n.evaluations", "DF.cpu.time")))
