full <-
structure(c(50, 55, 60, 65, 70, 75, 80, 85, 90, 95, 100, 2.05337, 
9.28799, 2.82144, 8.87878, 9.75311, 2.82993, 0.21489, 6.55558, 
5.33649, 4.09155, 10.99552, -4.13286, -10.82544, -2.31576, -7.89637, 
-11.98973, -3.94307, -0.6014, -8.51458, -9.34074, -6.49215, -14.66419, 
0, 0, 0, 0, 0, 0, 0, 0, 0, 0, 0, 0, 0, 0, 0, 0, 0, 0, 0, 0, 0, 
0, 0.77381, 0.79048, 0.79127, 0.81806, 0.77889, 0.79273, 0.79318, 
0.81859, 0.80839, 0.8141, 0.83179, 0.75476, 0.75298, 0.76488, 
0.73611, 0.74556, 0.80273, 0.74182, 0.83397, 0.74493, 0.8141, 
0.81641, 0.0099, 0.0106, 0.0105, 0.0127, 0.0115, 0.012, 0.0115, 
0.0143, 0.0116, 0.0149, 0.0134, 47.1, 48.7, 52.2, 45.5, 61.3, 
62.8, 86.2, 73, 94.6, 92.1, 97.9, 1383, 45, 432, 157, 26, 26, 
292, 27, 127, 8, 13, 33, 47, 308, 304, 289, 441, 68, 659, 81, 
286, 148, 100, 100, 100, 100, 100, 100, 100, 100, 100, 100, 100, 
2500, 2500, 2500, 2500, 2500, 2500, 2500, 2500, 2500, 2500, 2500, 
6694.234, 6830.625, 6801.575, 6760.239, 6746.65399999999, 6681.565, 
6744.14999999999, 6772.969, 6745.15299999999, 6849.45, 6808.774, 
1.3437, 10.31263, 1.66769, 7.83933, 7.31574, 0.20006, 0.23466, 
2.16375, 10.77845, 11.27045, 4.93622, -3.37133, -11.79774, -2.25985, 
-7.09762, -9.63238, -1.45109, -2.60837, -4.07988, -14.44913, 
-13.86554, -8.42384, 0, 0, 0, 0, 0, 0, 0, 0, 0, 0, 0, 0, 0, 0, 
0, 0, 0, 0, 0, 0, 0, 0, 0.75952, 0.79048, 0.79127, 0.81806, 0.77889, 
0.80273, 0.78409, 0.81859, 0.80839, 0.8141, 0.83179, 0.75476, 
0.75298, 0.77738, 0.73611, 0.74556, 0.79273, 0.74924, 0.83397, 
0.76865, 0.8141, 0.80308, 0.0101, 0.0101, 0.011, 0.0114, 0.0132, 
0.0118, 0.0125, 0.0119, 0.0125, 0.0128, 0.0138, 47.7, 47, 56.9, 
46.2, 64.8, 77.1, 79.6, 77.5, 91.7, 83, 98.9, 161, 659, 592, 
15, 122, 455, 76, 11, 396, 129, 75, 10, 5, 3, 41, 29, 1, 8, 180, 
11, 72, 20, 100, 100, 100, 100, 100, 100, 100, 100, 100, 100, 
100, 2500, 2500, 2500, 2500, 2500, 2500, 2500, 2500, 2500, 2500, 
2500, 6814.3, 6796.791, 6741.714, 6735.796, 6710.128, 6743.476, 
6833.95700000001, 6736.895, 6816.74100000001, 6866.94, 6846.49800000002, 
1, 1, 1, 1, 1, 1, 1, 1, 1, 1, 1, 0.33333, 0.33333, 0.33333, 0.33333, 
0.33333, 0.33333, 0.33333, 0.33333, 0.33333, 0.33333, 0.33333, 
0, 0, 0, 0, 0, 0, 0, 0, 0, 0, 0, 0, 0, 0, 0, 0, 0, 0, 0, 0, 0, 
0, 0.72857, 0.71667, 0.7127, 0.79444, 0.73556, 0.77273, 0.765, 
0.8095, 0.77686, 0.80577, 0.8241, 0.78571, 0.7369, 0.73016, 0.76944, 
0.75556, 0.79273, 0.74924, 0.82488, 0.77826, 0.82179, 0.8241, 
0.0102, 0.0099, 0.0109, 0.0108, 0.0114, 0.0117, 0.0124, 0.0122, 
0.0124, 0.013, 0.0131, 50.8, 56.4, 60.9, 67, 71.9, 77, 83, 88.5, 
93.6, 99.2, 103.3, 1, 1, 1, 1, 1, 1, 1, 1, 1, 1, 1, 1, 1, 1, 
1, 1, 1, 1, 1, 1, 1, 1, 1, 1, 1, 1, 1, 1, 1, 1, 1, 1, 1, 1, 1, 
1, 1, 1, 1, 1, 1, 1, 1, 1, 2.673, 2.664, 2.654, 2.691, 2.806, 
2.685, 2.832, 2.587, 2.603, 2.631, 2.6), .Dim = c(11L, 40L), .Dimnames = list(
    NULL, c("Sampling", "PSO.cost", "PSO.gamma", "PSO.data.balancing", 
    "PSO.feature.selection", "PSO.valid.acc", "PSO.test.acc", 
    "PSO.train.time", "PSO.n.support.vectors", "PSO.index", "PSO.n.solutions", 
    "PSO.generations", "PSO.n.evaluations", "PSO.cpu.time", "RS.cost", 
    "RS.gamma", "RS.data.balancing", "RS.feature.selection", 
    "RS.valid.acc", "RS.test.acc", "RS.train.time", "RS.n.support.vectors", 
    "RS.index", "RS.n.solutions", "RS.generations", "RS.n.evaluations", 
    "RS.cpu.time", "DF.cost", "DF.gamma", "DF.data.balancing", 
    "DF.feature.selection", "DF.valid.acc", "DF.test.acc", "DF.train.time", 
    "DF.n.support.vectors", "DF.index", "DF.n.solutions", "DF.generations", 
    "DF.n.evaluations", "DF.cpu.time")))
