full <-
structure(c(50, 55, 60, 65, 70, 75, 80, 85, 90, 95, 100, 2.00859, 
2.11063, 12.63958, 10.35117, 5.75214, 9.44353, 1, 1.30615, 5.12898, 
4.88789, -0.24122, -3.94745, -4.22912, -14.03189, -12.59898, 
-8.18497, -11.47471, 0.33333, -4.17719, -7.60547, -7.6383, -1.01795, 
0, 0, 0, 0, 0, 0, 0, 0, 0, 0, 0, 0, 0, 0, 0, 0, 0, 0, 0, 0, 0, 
0, 0.78714, 0.75357, 0.7881, 0.85278, 0.8496, 0.85141, 0.81636, 
0.81894, 0.8127, 0.83718, 0.81154, 0.80381, 0.7375, 0.80992, 
0.85278, 0.8496, 0.85141, 0.79818, 0.81061, 0.80373, 0.83718, 
0.78846, 0.0103, 0.0102, 0.0098, 0.0108, 0.0115, 0.0108, 0.0118, 
0.0119, 0.0169, 0.0142, 0.0128, 46.5, 52.8, 48.2, 58.9, 66.7, 
63.4, 84.6, 85.7, 91.7, 93.3, 104, 43, 41, 9, 5, 6, 20, 1, 1587, 
244, 6, 451, 541, 417, 414, 741, 697, 547, 498, 8, 190, 906, 
83, 100, 100, 100, 100, 100, 100, 100, 100, 100, 100, 100, 2500, 
2500, 2500, 2500, 2500, 2500, 2500, 2500, 2500, 2500, 2500, 6464.719, 
6372.398, 6429.69, 6455.87, 6478.685, 6489.982, 6550.57000000001, 
6509.296, 6548.459, 6548.05100000001, 6555.745, 4.47349, 11.74745, 
8.44612, 13.16773, 9.7961, 2.89371, 5.95502, 1.3852, 7.84355, 
4.12367, -0.31322, -6.24998, -13.93712, -9.8732, -14.78672, -10.84471, 
-4.22512, -8.83744, -4.28305, -10.35173, -5.1916, -1.08667, 0, 
0, 0, 0, 0, 0, 0, 0, 0, 0, 0, 0, 0, 0, 0, 0, 0, 0, 0, 0, 0, 0, 
0.78714, 0.75357, 0.7881, 0.85278, 0.8496, 0.85141, 0.81636, 
0.81894, 0.8127, 0.83718, 0.81154, 0.80381, 0.75179, 0.80992, 
0.85278, 0.8496, 0.85141, 0.82545, 0.81061, 0.80373, 0.82949, 
0.78846, 0.0104, 0.0095, 0.0123, 0.0101, 0.0143, 0.0125, 0.0123, 
0.0121, 0.013, 0.0135, 0.0136, 43.8, 49.3, 53.2, 53.8, 57.9, 
69.5, 80.6, 85.5, 84.9, 78.6, 103.9, 19, 7, 2, 11, 17, 8, 18, 
863, 240, 8, 538, 138, 79, 119, 273, 163, 139, 193, 1, 15, 261, 
2, 100, 100, 100, 100, 100, 100, 100, 100, 100, 100, 100, 2500, 
2500, 2500, 2500, 2500, 2500, 2500, 2500, 2500, 2500, 2500, 6453.209, 
6389.677, 6428.076, 6465.839, 6496.06, 6495.694, 6515.77200000001, 
6534.952, 6529.944, 6553.15999999999, 6812.486, 1, 1, 1, 1, 1, 
1, 1, 1, 1, 1, 1, 0.33333, 0.33333, 0.33333, 0.33333, 0.33333, 
0.33333, 0.33333, 0.33333, 0.33333, 0.33333, 0.33333, 0, 0, 0, 
0, 0, 0, 0, 0, 0, 0, 0, 0, 0, 0, 0, 0, 0, 0, 0, 0, 0, 0, 0.75857, 
0.72679, 0.73948, 0.84167, 0.81626, 0.84141, 0.81636, 0.80152, 
0.7627, 0.82179, 0.79615, 0.78714, 0.77857, 0.78175, 0.84028, 
0.81626, 0.84141, 0.79818, 0.8197, 0.74668, 0.81346, 0.8033, 
0.009, 0.0099, 0.0108, 0.0104, 0.0107, 0.0118, 0.0117, 0.013, 
0.0126, 0.0135, 0.0135, 50.6, 56.6, 62.8, 68.4, 72.2, 78.1, 84.6, 
88.8, 95.8, 100.1, 101.8, 1, 1, 1, 1, 1, 1, 1, 1, 1, 1, 1, 1, 
1, 1, 1, 1, 1, 1, 1, 1, 1, 1, 1, 1, 1, 1, 1, 1, 1, 1, 1, 1, 1, 
1, 1, 1, 1, 1, 1, 1, 1, 1, 1, 1, 2.505, 2.501, 2.561, 2.547, 
2.55, 2.602, 2.536, 2.76, 2.524, 2.621, 2.741), .Dim = c(11L, 
40L), .Dimnames = list(NULL, c("Sampling", "PSO.cost", "PSO.gamma", 
"PSO.data.balancing", "PSO.feature.selection", "PSO.valid.acc", 
"PSO.test.acc", "PSO.train.time", "PSO.n.support.vectors", "PSO.index", 
"PSO.n.solutions", "PSO.generations", "PSO.n.evaluations", "PSO.cpu.time", 
"RS.cost", "RS.gamma", "RS.data.balancing", "RS.feature.selection", 
"RS.valid.acc", "RS.test.acc", "RS.train.time", "RS.n.support.vectors", 
"RS.index", "RS.n.solutions", "RS.generations", "RS.n.evaluations", 
"RS.cpu.time", "DF.cost", "DF.gamma", "DF.data.balancing", "DF.feature.selection", 
"DF.valid.acc", "DF.test.acc", "DF.train.time", "DF.n.support.vectors", 
"DF.index", "DF.n.solutions", "DF.generations", "DF.n.evaluations", 
"DF.cpu.time")))
