full <-
structure(c(50, 55, 60, 65, 70, 75, 80, 85, 90, 95, 100, 1.05862, 
1.62575, 9.69367, 2.68941, 0.26123, 0.50177, 7.96374, 1.36479, 
8.05557, 9.68478, 0.95241, -1.9124, -1.3725, -9.34894, -2.94645, 
-1.91831, -1.23735, -11.6452, -3.35887, -10.42064, -10.79794, 
-3.90234, 0, 0, 0, 0, 0, 0, 0, 0, 0, 0, 0, 0, 0, 0, 0, 0, 0, 
0, 0, 0, 0, 0, 0.80655, 0.84107, 0.78452, 0.81667, 0.78, 0.80717, 
0.83273, 0.82488, 0.83065, 0.82885, 0.81044, 0.80417, 0.75595, 
0.77024, 0.82778, 0.75556, 0.79626, 0.80545, 0.81795, 0.82168, 
0.82885, 0.8033, 0.0103, 0.0107, 0.0129, 0.0104, 0.0117, 0.0121, 
0.0123, 0.0123, 0.013, 0.0169, 0.0143, 48.1, 54.8, 41.8, 56.9, 
69.4, 77.9, 80.8, 83.8, 81, 71.4, 98.1, 38, 937, 6, 107, 833, 
48, 61, 31, 31, 8, 13, 325, 40, 730, 158, 34, 79, 71, 320, 647, 
757, 550, 100, 100, 100, 100, 100, 100, 100, 100, 100, 100, 100, 
2500, 2500, 2500, 2500, 2500, 2500, 2500, 2500, 2500, 2500, 2500, 
7436.75, 7505.869, 7342.214, 7415.234, 7112.52700000001, 7222.611, 
7337.019, 7173.068, 7201.54000000001, 7242.948, 7036.67799999999, 
1.06854, 2.2399, 5.66913, 2.26512, 0.33161, 1.37923, 10.47372, 
1.22593, 1.2681, 8.42108, 2.29825, -1.88563, -1.79947, -6.42667, 
-2.71448, -2.26426, -4.6552, -14.11748, -2.96985, -3.0077, -10.27793, 
-4.48758, 0, 0, 0, 0, 0, 0, 0, 0, 0, 0, 0, 0, 0, 0, 0, 0, 0, 
0, 0, 0, 0, 0, 0.80655, 0.84107, 0.78452, 0.81667, 0.78, 0.80717, 
0.83273, 0.82488, 0.83065, 0.82885, 0.81044, 0.80417, 0.76012, 
0.77024, 0.82778, 0.74556, 0.79626, 0.80545, 0.82704, 0.82168, 
0.82885, 0.8033, 0.0105, 0.011, 0.0113, 0.0113, 0.0114, 0.0119, 
0.0123, 0.0128, 0.0126, 0.0171, 0.0148, 48.1, 51.2, 46.6, 59.7, 
68.9, 75.4, 80.6, 83.4, 86.5, 81.3, 94.6, 110, 30, 6, 3, 997, 
414, 262, 73, 16, 9, 15, 9, 3, 110, 44, 1, 13, 3, 20, 167, 139, 
197, 100, 100, 100, 100, 100, 100, 100, 100, 100, 100, 100, 2500, 
2500, 2500, 2500, 2500, 2500, 2500, 2500, 2500, 2500, 2500, 7409.327, 
7529.062, 7418.867, 7442.885, 7113.00599999999, 7155.69500000001, 
7168.78499999999, 7239.41600000001, 7249.944, 7187.726, 6719.39000000001, 
1, 1, 1, 1, 1, 1, 1, 1, 1, 1, 1, 0.33333, 0.33333, 0.33333, 0.33333, 
0.33333, 0.33333, 0.33333, 0.33333, 0.33333, 0.33333, 0.33333, 
0, 0, 0, 0, 0, 0, 0, 0, 0, 0, 0, 0, 0, 0, 0, 0, 0, 0, 0, 0, 0, 
0, 0.7875, 0.7625, 0.6998, 0.76944, 0.74556, 0.78717, 0.80545, 
0.8067, 0.80758, 0.80577, 0.7956, 0.79583, 0.77857, 0.71687, 
0.75694, 0.75444, 0.79626, 0.80545, 0.79977, 0.80693, 0.80577, 
0.7956, 0.0092, 0.0106, 0.011, 0.011, 0.0113, 0.0111, 0.0114, 
0.0119, 0.0137, 0.0136, 0.014, 50.2, 55.6, 61.5, 67.7, 70.4, 
77.3, 84.1, 88.6, 94.2, 99, 101.6, 1, 1, 1, 1, 1, 1, 1, 1, 1, 
1, 1, 1, 1, 1, 1, 1, 1, 1, 1, 1, 1, 1, 1, 1, 1, 1, 1, 1, 1, 1, 
1, 1, 1, 1, 1, 1, 1, 1, 1, 1, 1, 1, 1, 1, 2.744, 3.014, 2.969, 
2.919, 2.922, 2.687, 2.748, 2.686, 2.895, 2.894, 2.68), .Dim = c(11L, 
40L), .Dimnames = list(NULL, c("Sampling", "PSO.cost", "PSO.gamma", 
"PSO.data.balancing", "PSO.feature.selection", "PSO.valid.acc", 
"PSO.test.acc", "PSO.train.time", "PSO.n.support.vectors", "PSO.index", 
"PSO.n.solutions", "PSO.generations", "PSO.n.evaluations", "PSO.cpu.time", 
"RS.cost", "RS.gamma", "RS.data.balancing", "RS.feature.selection", 
"RS.valid.acc", "RS.test.acc", "RS.train.time", "RS.n.support.vectors", 
"RS.index", "RS.n.solutions", "RS.generations", "RS.n.evaluations", 
"RS.cpu.time", "DF.cost", "DF.gamma", "DF.data.balancing", "DF.feature.selection", 
"DF.valid.acc", "DF.test.acc", "DF.train.time", "DF.n.support.vectors", 
"DF.index", "DF.n.solutions", "DF.generations", "DF.n.evaluations", 
"DF.cpu.time")))
