full <-
structure(c(50, 55, 60, 65, 70, 75, 80, 85, 90, 95, 100, 11.91845, 
4.00499, 11.35523, 1.51391, 2.84239, -0.1577, 0.36447, 8.47737, 
2.35873, -0.4661, 12.8021, -15, -2.45193, -14.10686, -1.94297, 
-5.00795, -2.66132, -1.6292, -12.44052, -6.43729, -1.63354, -14.94323, 
0, 0, 0, 0, 0, 0, 0, 0, 0, 0, 0, 0, 0, 0, 0, 0, 0, 0, 0, 0, 0, 
0, 0.8, 0.81429, 0.81052, 0.81139, 0.81583, 0.83091, 0.80652, 
0.82576, 0.81911, 0.82179, 0.83352, 0.72381, 0.71964, 0.7869, 
0.77056, 0.80833, 0.78182, 0.80652, 0.79242, 0.80169, 0.77564, 
0.83352, 0.0091, 0.0109, 0.0106, 0.0107, 0.0116, 0.0113, 0.0118, 
0.0119, 0.0122, 0.0125, 0.0116, 48.5, 43, 56.2, 60.4, 67.1, 77.2, 
83.1, 86.4, 91.8, 99.9, 75.8, 976, 222, 90, 1471, 97, 158, 1372, 
211, 190, 599, 10, 52, 193, 155, 5, 88, 236, 39, 65, 87, 129, 
531, 100, 100, 100, 100, 100, 100, 100, 100, 100, 100, 100, 2500, 
2500, 2500, 2500, 2500, 2500, 2500, 2500, 2500, 2500, 2500, 6528.834, 
6556.014, 6520.256, 6562.989, 6569.49299999999, 6538.583, 6532.67600000001, 
6558.594, 6478.33499999999, 6562.133, 6535.07599999999, 5.62401, 
3.26339, 1.86016, 9.24705, 4.16227, 0.27655, 0.16425, 5.93277, 
5.73002, -0.55281, 9.49516, -8.64644, -1.91992, -4.2095, -11.45691, 
-6.49027, -1.06636, -1.94281, -9.89467, -9.89419, -1.77645, -11.56639, 
0, 0, 0, 0, 0, 0, 0, 0, 0, 0, 0, 0, 0, 0, 0, 0, 0, 0, 0, 0, 0, 
0, 0.78571, 0.8, 0.81052, 0.80167, 0.81583, 0.83091, 0.80561, 
0.82576, 0.81911, 0.82179, 0.83352, 0.72143, 0.70298, 0.79802, 
0.79417, 0.80833, 0.77091, 0.79742, 0.79242, 0.80169, 0.78333, 
0.83352, 0.0093, 0.0103, 0.0105, 0.0106, 0.0115, 0.0119, 0.0122, 
0.0114, 0.0129, 0.0125, 0.0128, 48.4, 47, 56.7, 57.5, 66.9, 78.8, 
81.8, 86.6, 91.4, 99.8, 77.7, 100, 1400, 74, 108, 2037, 1409, 
1882, 132, 45, 1045, 6, 6, 1, 20, 14, 1, 2, 1, 5, 9, 3, 174, 
100, 100, 100, 100, 100, 100, 100, 100, 100, 100, 100, 2500, 
2500, 2500, 2500, 2500, 2500, 2500, 2500, 2500, 2500, 2500, 6534.346, 
6539.72, 6555.49, 6569.20800000001, 6538.029, 6535.773, 6581.053, 
6507.731, 6545.14999999999, 6593.234, 6523.473, 1, 1, 1, 1, 1, 
1, 1, 1, 1, 1, 1, 0.33333, 0.33333, 0.33333, 0.33333, 0.33333, 
0.33333, 0.33333, 0.33333, 0.33333, 0.33333, 0.33333, 0, 0, 0, 
0, 0, 0, 0, 0, 0, 0, 0, 0, 0, 0, 0, 0, 0, 0, 0, 0, 0, 0, 0.72381, 
0.75536, 0.78373, 0.78889, 0.78472, 0.81091, 0.79652, 0.80152, 
0.80245, 0.8141, 0.81044, 0.72381, 0.73036, 0.77579, 0.80417, 
0.80833, 0.79091, 0.79652, 0.78485, 0.81142, 0.78333, 0.81044, 
0.0098, 0.0101, 0.0101, 0.0106, 0.011, 0.0115, 0.0122, 0.0117, 
0.0129, 0.0125, 0.013, 50.2, 55.1, 60.9, 67.1, 73.2, 78.1, 83.1, 
88, 92.4, 98.8, 102.6, 1, 1, 1, 1, 1, 1, 1, 1, 1, 1, 1, 1, 1, 
1, 1, 1, 1, 1, 1, 1, 1, 1, 1, 1, 1, 1, 1, 1, 1, 1, 1, 1, 1, 1, 
1, 1, 1, 1, 1, 1, 1, 1, 1, 1, 2.723, 2.592, 2.547, 2.644, 2.647, 
2.607, 2.655, 2.519, 2.662, 2.505, 2.527), .Dim = c(11L, 40L), .Dimnames = list(
    NULL, c("Sampling", "PSO.cost", "PSO.gamma", "PSO.data.balancing", 
    "PSO.feature.selection", "PSO.valid.acc", "PSO.test.acc", 
    "PSO.train.time", "PSO.n.support.vectors", "PSO.index", "PSO.n.solutions", 
    "PSO.generations", "PSO.n.evaluations", "PSO.cpu.time", "RS.cost", 
    "RS.gamma", "RS.data.balancing", "RS.feature.selection", 
    "RS.valid.acc", "RS.test.acc", "RS.train.time", "RS.n.support.vectors", 
    "RS.index", "RS.n.solutions", "RS.generations", "RS.n.evaluations", 
    "RS.cpu.time", "DF.cost", "DF.gamma", "DF.data.balancing", 
    "DF.feature.selection", "DF.valid.acc", "DF.test.acc", "DF.train.time", 
    "DF.n.support.vectors", "DF.index", "DF.n.solutions", "DF.generations", 
    "DF.n.evaluations", "DF.cpu.time")))
