full <-
structure(c(50, 55, 60, 65, 70, 75, 80, 85, 90, 95, 100, 9.55688, 
8.1177, 15, 11.65935, 3.85657, 12.0996, 11.87359, 6.4999, 5.40661, 
4.72055, 0.51237, -5.13955, -7.70085, -12.34421, -13.75347, -6.13106, 
-12.79933, -12.66453, -9.8278, -7.43709, -6.14901, -1.78322, 
0, 0, 0, 0, 0, 0, 0, 0, 0, 0, 0, 0, 0, 0, 0, 0, 0, 0, 0, 0, 0, 
0, 0.71429, 0.76786, 0.7877, 0.84861, 0.85222, 0.86343, 0.85455, 
0.84242, 0.85693, 0.84487, 0.82527, 0.7119, 0.76786, 0.65913, 
0.82778, 0.82722, 0.85343, 0.84545, 0.83333, 0.85693, 0.84487, 
0.8022, 0.0106, 0.0106, 0.0185, 0.0118, 0.0107, 0.0105, 0.0111, 
0.0123, 0.0155, 0.0152, 0.0133, 30.3, 35, 33.3, 51.4, 60.5, 47.4, 
54.1, 82.1, 82.7, 85.7, 98.4, 349, 52, 110, 13, 12, 5, 31, 10, 
7, 31, 1377, 33, 609, 482, 120, 131, 839, 557, 111, 594, 331, 
70, 100, 100, 100, 100, 100, 100, 100, 100, 100, 100, 100, 2500, 
2500, 2500, 2500, 2500, 2500, 2500, 2500, 2500, 2500, 2500, 6901.832, 
6926.846, 6992.221, 6849.131, 6868.615, 6865.287, 6887.02800000001, 
6937.674, 6980.13200000001, 7088.94500000001, 7020.97899999999, 
6.54863, 8.02986, 10.80446, 6.52809, 5.23507, 4.49212, 10.52961, 
11.39559, 7.69485, 6.94371, 0.60596, -8.93079, -7.60044, -8.26568, 
-8.56821, -7.57806, -6.72753, -11.65802, -14.6895, -9.67172, 
-7.889, -1.77142, 0, 0, 0, 0, 0, 0, 0, 0, 0, 0, 0, 0, 0, 0, 0, 
0, 0, 0, 0, 0, 0, 0, 0.71429, 0.76786, 0.7877, 0.84861, 0.85222, 
0.86343, 0.85455, 0.84242, 0.85693, 0.84487, 0.82527, 0.69762, 
0.76786, 0.65913, 0.82778, 0.82722, 0.85343, 0.84545, 0.83333, 
0.85693, 0.84487, 0.8022, 0.0109, 0.0104, 0.0119, 0.0107, 0.0115, 
0.0122, 0.0121, 0.0124, 0.0156, 0.0168, 0.0136, 44.6, 35, 33.7, 
53.4, 60.5, 65.5, 56.9, 82.7, 80.3, 79, 98.1, 75, 27, 1, 170, 
62, 33, 19, 1508, 6, 21, 292, 11, 109, 41, 15, 25, 156, 162, 
2, 183, 97, 1, 100, 100, 100, 100, 100, 100, 100, 100, 100, 100, 
100, 2500, 2500, 2500, 2500, 2500, 2500, 2500, 2500, 2500, 2500, 
2500, 6926.341, 6949.929, 6869.881, 6868.385, 6867.63800000001, 
6863.261, 6924.65700000001, 6965.49900000001, 7037.397, 7039.76300000001, 
7011.052, 1, 1, 1, 1, 1, 1, 1, 1, 1, 1, 1, 0.33333, 0.33333, 
0.33333, 0.33333, 0.33333, 0.33333, 0.33333, 0.33333, 0.33333, 
0.33333, 0.33333, 0, 0, 0, 0, 0, 0, 0, 0, 0, 0, 0, 0, 0, 0, 0, 
0, 0, 0, 0, 0, 0, 0, 0.57619, 0.64107, 0.70079, 0.81528, 0.81861, 
0.8201, 0.82636, 0.81591, 0.8486, 0.82949, 0.81758, 0.6381, 0.6875, 
0.74187, 0.80417, 0.77639, 0.82232, 0.84455, 0.81515, 0.83875, 
0.82949, 0.80989, 0.0097, 0.0103, 0.0103, 0.0113, 0.0102, 0.0116, 
0.0129, 0.0127, 0.0135, 0.0137, 0.014, 49.2, 53.9, 57.9, 63.7, 
69.1, 75.9, 80.7, 87.9, 92.8, 99.9, 101.4, 1, 1, 1, 1, 1, 1, 
1, 1, 1, 1, 1, 1, 1, 1, 1, 1, 1, 1, 1, 1, 1, 1, 1, 1, 1, 1, 1, 
1, 1, 1, 1, 1, 1, 1, 1, 1, 1, 1, 1, 1, 1, 1, 1, 1, 2.765, 2.765, 
2.749, 2.714, 2.715, 2.71, 2.761, 2.748, 2.79, 2.806, 2.75), .Dim = c(11L, 
40L), .Dimnames = list(NULL, c("Sampling", "PSO.cost", "PSO.gamma", 
"PSO.data.balancing", "PSO.feature.selection", "PSO.valid.acc", 
"PSO.test.acc", "PSO.train.time", "PSO.n.support.vectors", "PSO.index", 
"PSO.n.solutions", "PSO.generations", "PSO.n.evaluations", "PSO.cpu.time", 
"RS.cost", "RS.gamma", "RS.data.balancing", "RS.feature.selection", 
"RS.valid.acc", "RS.test.acc", "RS.train.time", "RS.n.support.vectors", 
"RS.index", "RS.n.solutions", "RS.generations", "RS.n.evaluations", 
"RS.cpu.time", "DF.cost", "DF.gamma", "DF.data.balancing", "DF.feature.selection", 
"DF.valid.acc", "DF.test.acc", "DF.train.time", "DF.n.support.vectors", 
"DF.index", "DF.n.solutions", "DF.generations", "DF.n.evaluations", 
"DF.cpu.time")))
