full <-
structure(c(50, 55, 60, 65, 70, 75, 80, 85, 90, 95, 100, 13.62579, 
2.67181, 1, 11.72303, 4.88796, 6.81415, 0.19691, 4.25133, 5.68013, 
10.71577, 6.64893, -14.48598, -5.40285, 0.33333, -14.49457, -7.35856, 
-5.18475, -2.9736, -4.99035, -8.66305, -12.74398, -9.25069, 0, 
0, 0, 0, 0, 0, 0, 0, 0, 0, 0, 0, 0, 0, 0, 0, 0, 0, 0, 0, 0, 0, 
0.82381, 0.80655, 0.85417, 0.87194, 0.82944, 0.79182, 0.83076, 
0.84167, 0.83543, 0.83755, 0.83462, 0.80476, 0.79405, 0.82599, 
0.87194, 0.80833, 0.78182, 0.82242, 0.84167, 0.8271, 0.83755, 
0.82747, 0.0106, 0.0121, 0.0118, 0.0121, 0.0133, 0.0137, 0.0127, 
0.0136, 0.0151, 0.0139, 0.0177, 38.4, 52.4, 59.7, 59, 61.6, 50.3, 
79.2, 64.1, 87.3, 75.6, 93, 117, 123, 1, 6, 15, 4, 1077, 29, 
5, 11, 14, 166, 186, 89, 156, 540, 878, 25, 818, 501, 452, 590, 
100, 100, 100, 100, 100, 100, 100, 100, 100, 100, 100, 2500, 
2500, 2500, 2500, 2500, 2500, 2500, 2500, 2500, 2500, 2500, 8882.713, 
9165.466, 9047.511, 9043.54, 9046.352, 9092.51400000001, 9012.26699999999, 
9119.35799999999, 9071.758, 8874.804, 8829.60200000001, 9.11664, 
10.82603, 9.28004, 3.30692, 10.19578, 9.00293, -0.09521, 7.66354, 
4.56487, 7.39876, 10.51934, -9.93245, -13.50022, -11.90766, -6.16743, 
-13.5936, -7.76067, -0.67295, -10.12302, -6.92359, -9.84092, 
-12.82833, 0, 0, 0, 0, 0, 0, 0, 0, 0, 0, 0, 0, 0, 0, 0, 0, 0, 
0, 0, 0, 0, 0, 0.82381, 0.80655, 0.85417, 0.87194, 0.82944, 0.79182, 
0.83076, 0.84167, 0.83543, 0.83755, 0.83462, 0.80476, 0.79405, 
0.84028, 0.87194, 0.78694, 0.78182, 0.81424, 0.84167, 0.83543, 
0.83755, 0.82747, 0.0112, 0.012, 0.0119, 0.0128, 0.0127, 0.0151, 
0.0139, 0.0154, 0.0159, 0.0173, 0.0135, 38.1, 51.5, 54.1, 60.4, 
65.9, 49.3, 85.6, 78.1, 84.6, 89.9, 78.4, 151, 39, 48, 25, 7, 
3, 1430, 1, 3, 26, 16, 22, 37, 46, 42, 113, 215, 1, 207, 132, 
85, 141, 100, 100, 100, 100, 100, 100, 100, 100, 100, 100, 100, 
2500, 2500, 2500, 2500, 2500, 2500, 2500, 2500, 2500, 2500, 2500, 
8971.131, 9145.049, 9040.605, 9046.52, 9047.21000000001, 9035.769, 
9127.22500000001, 9168.15700000001, 8860.72899999999, 8864.77799999999, 
8746.155, 1, 1, 1, 1, 1, 1, 1, 1, 1, 1, 1, 0.33333, 0.33333, 
0.33333, 0.33333, 0.33333, 0.33333, 0.33333, 0.33333, 0.33333, 
0.33333, 0.33333, 0, 0, 0, 0, 0, 0, 0, 0, 0, 0, 0, 0, 0, 0, 0, 
0, 0, 0, 0, 0, 0, 0, 0.73571, 0.79405, 0.85417, 0.84833, 0.81944, 
0.77182, 0.80258, 0.81591, 0.81031, 0.80668, 0.81923, 0.76667, 
0.79405, 0.82599, 0.84833, 0.82056, 0.79273, 0.80424, 0.82424, 
0.79429, 0.82271, 0.8044, 0.0118, 0.0122, 0.0118, 0.0121, 0.0124, 
0.0131, 0.0134, 0.0137, 0.0141, 0.015, 0.0144, 51.2, 55.4, 59.7, 
66.2, 69.1, 75.8, 80.8, 86.3, 93.2, 99.9, 100.5, 1, 1, 1, 1, 
1, 1, 1, 1, 1, 1, 1, 1, 1, 1, 1, 1, 1, 1, 1, 1, 1, 1, 1, 1, 1, 
1, 1, 1, 1, 1, 1, 1, 1, 1, 1, 1, 1, 1, 1, 1, 1, 1, 1, 1, 3.662, 
3.621, 3.601, 3.598, 3.596, 3.613, 3.641, 3.632, 3.535, 3.522, 
3.415), .Dim = c(11L, 40L), .Dimnames = list(NULL, c("Sampling", 
"PSO.cost", "PSO.gamma", "PSO.data.balancing", "PSO.feature.selection", 
"PSO.valid.acc", "PSO.test.acc", "PSO.train.time", "PSO.n.support.vectors", 
"PSO.index", "PSO.n.solutions", "PSO.generations", "PSO.n.evaluations", 
"PSO.cpu.time", "RS.cost", "RS.gamma", "RS.data.balancing", "RS.feature.selection", 
"RS.valid.acc", "RS.test.acc", "RS.train.time", "RS.n.support.vectors", 
"RS.index", "RS.n.solutions", "RS.generations", "RS.n.evaluations", 
"RS.cpu.time", "DF.cost", "DF.gamma", "DF.data.balancing", "DF.feature.selection", 
"DF.valid.acc", "DF.test.acc", "DF.train.time", "DF.n.support.vectors", 
"DF.index", "DF.n.solutions", "DF.generations", "DF.n.evaluations", 
"DF.cpu.time")))
