full <-
structure(c(50, 55, 60, 65, 70, 75, 80, 85, 90, 95, 100, 4.04455, 
12.68284, 15, 7.28578, 1.87847, 8.88924, 1.36544, 1, 1.27153, 
6.03353, 5.75336, -7.10779, -13.49203, -8.61955, -9.83943, -2.18297, 
-10.34139, -4.1197, 0.33333, -3.37407, -7.44008, -9.26929, 0, 
0, 0, 0, 0, 0, 0, 0, 0, 0, 0, 0, 0, 0, 0, 0, 0, 0, 0, 0, 0, 0, 
0.75, 0.65952, 0.70119, 0.72167, 0.74778, 0.76677, 0.79606, 0.82652, 
0.80425, 0.79936, 0.83242, 0.67857, 0.60774, 0.63968, 0.71167, 
0.72417, 0.75566, 0.79606, 0.78258, 0.77092, 0.77692, 0.81099, 
0.0103, 0.0098, 0.0192, 0.0099, 0.0131, 0.0148, 0.0116, 0.0126, 
0.0128, 0.0154, 0.0131, 49.4, 42.2, 39.2, 60.6, 65.6, 64.9, 79.7, 
88.8, 88.2, 78.9, 96.4, 49, 71, 83, 166, 144, 37, 253, 1, 37, 
12, 148, 112, 248, 116, 123, 453, 538, 100, 1, 520, 498, 98, 
100, 100, 100, 100, 100, 100, 100, 100, 100, 100, 100, 2500, 
2500, 2500, 2500, 2500, 2500, 2500, 2500, 2500, 2500, 2500, 6541.004, 
6405.275, 6484.361, 7897.671, 9072.942, 8724.785, 6765.341, 6765.72200000001, 
6753.954, 6779.549, 6749.147, 3.08216, 3.53792, 13.02205, 3.79187, 
2.31172, 11.32024, 1.3175, -0.00328, 0.86705, -0.96492, 11.75876, 
-6.08239, -1.78967, -7.62628, -5.75099, -2.20989, -13.16852, 
-4.00248, -1.63905, -3.4064, -1.12853, -11.92467, 0, 0, 0, 0, 
0, 0, 0, 0, 0, 0, 0, 0, 0, 0, 0, 0, 0, 0, 0, 0, 0, 0, 0.75, 0.66131, 
0.70119, 0.72167, 0.74778, 0.76677, 0.79606, 0.82652, 0.80425, 
0.81538, 0.83297, 0.67857, 0.63095, 0.63968, 0.72389, 0.68167, 
0.76677, 0.80606, 0.78258, 0.77092, 0.76923, 0.80275, 0.0091, 
0.0099, 0.0145, 0.0123, 0.0127, 0.011, 0.0119, 0.0121, 0.0126, 
0.0132, 0.0177, 49.4, 50.6, 39.5, 58.6, 63.6, 63.2, 79.9, 88.7, 
90.1, 101.2, 67.5, 84, 866, 919, 25, 2092, 16, 1335, 1871, 133, 
1234, 1891, 18, 1, 6, 12, 3, 88, 1, 1, 8, 1, 1, 100, 100, 100, 
100, 100, 100, 100, 100, 100, 100, 100, 2500, 2500, 2500, 2500, 
2500, 2500, 2500, 2500, 2500, 2500, 2500, 6433.865, 6416.736, 
6423.087, 9150.202, 9092.583, 6703.436, 6783.31800000001, 6760.035, 
6764.31200000001, 6752.04399999999, 6720.611, 1, 1, 1, 1, 1, 
1, 1, 1, 1, 1, 1, 0.33333, 0.33333, 0.33333, 0.33333, 0.33333, 
0.33333, 0.33333, 0.33333, 0.33333, 0.33333, 0.33333, 0, 0, 0, 
0, 0, 0, 0, 0, 0, 0, 0, 0, 0, 0, 0, 0, 0, 0, 0, 0, 0, 0, 0.71905, 
0.61667, 0.64563, 0.65444, 0.73556, 0.73768, 0.74955, 0.82652, 
0.78834, 0.78397, 0.8022, 0.66667, 0.64345, 0.68869, 0.71139, 
0.71556, 0.69949, 0.74879, 0.78258, 0.76334, 0.78462, 0.82582, 
0.0091, 0.0091, 0.0104, 0.0126, 0.0131, 0.0114, 0.0124, 0.0128, 
0.0123, 0.0133, 0.0135, 51.3, 55.6, 61, 66.4, 72.7, 77.2, 83.6, 
88.8, 93.7, 98.9, 102.9, 1, 1, 1, 1, 1, 1, 1, 1, 1, 1, 1, 1, 
1, 1, 1, 1, 1, 1, 1, 1, 1, 1, 1, 1, 1, 1, 1, 1, 1, 1, 1, 1, 1, 
1, 1, 1, 1, 1, 1, 1, 1, 1, 1, 1, 2.459, 2.478, 2.618, 3.631, 
3.638, 2.671, 2.706, 2.699, 2.679, 2.683, 2.682), .Dim = c(11L, 
40L), .Dimnames = list(NULL, c("Sampling", "PSO.cost", "PSO.gamma", 
"PSO.data.balancing", "PSO.feature.selection", "PSO.valid.acc", 
"PSO.test.acc", "PSO.train.time", "PSO.n.support.vectors", "PSO.index", 
"PSO.n.solutions", "PSO.generations", "PSO.n.evaluations", "PSO.cpu.time", 
"RS.cost", "RS.gamma", "RS.data.balancing", "RS.feature.selection", 
"RS.valid.acc", "RS.test.acc", "RS.train.time", "RS.n.support.vectors", 
"RS.index", "RS.n.solutions", "RS.generations", "RS.n.evaluations", 
"RS.cpu.time", "DF.cost", "DF.gamma", "DF.data.balancing", "DF.feature.selection", 
"DF.valid.acc", "DF.test.acc", "DF.train.time", "DF.n.support.vectors", 
"DF.index", "DF.n.solutions", "DF.generations", "DF.n.evaluations", 
"DF.cpu.time")))
