full <-
structure(c(50, 55, 60, 65, 70, 75, 80, 85, 90, 95, 100, 4.91486, 
8.06743, 1.78335, 12.53721, 0.59871, 11.03659, 0.50119, 0.26227, 
1.56337, 9.97902, 7.99723, -7.71413, -10.64792, -3.20689, -15, 
-2.60079, -8.74626, -1.38659, -0.92089, -1.46279, -8.26771, -10.49487, 
0, 0, 0, 0, 0, 0, 0, 0, 0, 0, 0, 0, 0, 0, 0, 0, 0, 0, 0, 0, 0, 
0, 0.78333, 0.825, 0.8625, 0.81528, 0.81556, 0.78646, 0.81545, 
0.8447, 0.83013, 0.83782, 0.82473, 0.70952, 0.78214, 0.8375, 
0.79444, 0.76111, 0.78242, 0.81455, 0.79924, 0.80437, 0.8141, 
0.80934, 0.0091, 0.0101, 0.0095, 0.0107, 0.0109, 0.0153, 0.0122, 
0.0121, 0.0139, 0.0152, 0.0134, 48.5, 48.8, 50.4, 55.4, 62.4, 
45.5, 78.3, 88.4, 85.6, 56.5, 88.6, 68, 989, 227, 80, 162, 33, 
359, 1001, 774, 211, 17, 50, 22, 204, 54, 553, 203, 153, 196, 
61, 57, 549, 100, 100, 100, 100, 100, 100, 100, 100, 100, 100, 
100, 2500, 2500, 2500, 2500, 2500, 2500, 2500, 2500, 2500, 2500, 
2500, 6757.587, 6629.873, 6680.496, 6705.255, 6726.825, 7222.06299999999, 
7221.62699999999, 7236.042, 7214.69900000001, 6836.834, 6802.152, 
5.90191, 9.61569, 1.97389, 8.85416, 0.43643, 12.29657, 0.41671, 
-0.10765, 0.46177, 9.23118, 9.00379, -8.71301, -12.17979, -3.33093, 
-11.33307, -2.12399, -9.99253, -1.29902, -0.81924, -0.90543, 
-7.61743, -11.18371, 0, 0, 0, 0, 0, 0, 0, 0, 0, 0, 0, 0, 0, 0, 
0, 0, 0, 0, 0, 0, 0, 0, 0.78333, 0.825, 0.8625, 0.81528, 0.81556, 
0.78646, 0.80545, 0.8447, 0.83013, 0.83782, 0.82473, 0.70952, 
0.78214, 0.8375, 0.79444, 0.76111, 0.78242, 0.81455, 0.78106, 
0.8127, 0.80641, 0.80934, 0.0092, 0.01, 0.0109, 0.0104, 0.0108, 
0.0182, 0.0123, 0.0129, 0.0133, 0.0148, 0.0126, 48.7, 48.7, 49.9, 
56, 62.9, 45.8, 79.2, 89.6, 93.5, 56.7, 80.5, 278, 1767, 408, 
713, 1417, 178, 209, 1055, 1903, 753, 7, 5, 2, 1, 2, 3, 25, 2, 
1, 1, 4, 99, 100, 100, 100, 100, 100, 100, 100, 100, 100, 100, 
100, 2500, 2500, 2500, 2500, 2500, 2500, 2500, 2500, 2500, 2500, 
2500, 6626.471, 6602.425, 6847.696, 6563.652, 6926.83199999999, 
7245.17999999999, 7212.26000000001, 7270.024, 6587.856, 6780.68599999999, 
6748.23899999997, 1, 1, 1, 1, 1, 1, 1, 1, 1, 1, 1, 0.33333, 0.33333, 
0.33333, 0.33333, 0.33333, 0.33333, 0.33333, 0.33333, 0.33333, 
0.33333, 0.33333, 0, 0, 0, 0, 0, 0, 0, 0, 0, 0, 0, 0, 0, 0, 0, 
0, 0, 0, 0, 0, 0, 0, 0.72381, 0.76786, 0.8125, 0.73611, 0.79444, 
0.75313, 0.78727, 0.83636, 0.80577, 0.79103, 0.80934, 0.72381, 
0.74107, 0.775, 0.77083, 0.76111, 0.7302, 0.81545, 0.8, 0.82308, 
0.82179, 0.80165, 0.0091, 0.0099, 0.0105, 0.0106, 0.0109, 0.012, 
0.0118, 0.0138, 0.0123, 0.0139, 0.0133, 50.1, 54.8, 58.7, 63.4, 
66.8, 71.8, 79, 85.3, 91.1, 99.1, 100.8, 1, 1, 1, 1, 1, 1, 1, 
1, 1, 1, 1, 1, 1, 1, 1, 1, 1, 1, 1, 1, 1, 1, 1, 1, 1, 1, 1, 1, 
1, 1, 1, 1, 1, 1, 1, 1, 1, 1, 1, 1, 1, 1, 1, 1, 2.504, 2.661, 
2.652, 2.668, 2.603, 2.892, 2.878, 2.85, 2.57, 2.697, 2.685), .Dim = c(11L, 
40L), .Dimnames = list(NULL, c("Sampling", "PSO.cost", "PSO.gamma", 
"PSO.data.balancing", "PSO.feature.selection", "PSO.valid.acc", 
"PSO.test.acc", "PSO.train.time", "PSO.n.support.vectors", "PSO.index", 
"PSO.n.solutions", "PSO.generations", "PSO.n.evaluations", "PSO.cpu.time", 
"RS.cost", "RS.gamma", "RS.data.balancing", "RS.feature.selection", 
"RS.valid.acc", "RS.test.acc", "RS.train.time", "RS.n.support.vectors", 
"RS.index", "RS.n.solutions", "RS.generations", "RS.n.evaluations", 
"RS.cpu.time", "DF.cost", "DF.gamma", "DF.data.balancing", "DF.feature.selection", 
"DF.valid.acc", "DF.test.acc", "DF.train.time", "DF.n.support.vectors", 
"DF.index", "DF.n.solutions", "DF.generations", "DF.n.evaluations", 
"DF.cpu.time")))
