full <-
structure(c(50, 55, 60, 65, 70, 75, 80, 85, 90, 95, 100, 6.38782, 
5.90081, 6.6939, 8.27475, 6.34258, 3.8022, 3.16511, 5.91204, 
2.88949, 8.28091, 11.09455, -7.70448, -7.73163, -9.14875, -11.32384, 
-9.47083, -6.49652, -4.12708, -7.56985, -2.36504, -10.99737, 
-12.74254, 0, 0, 0, 0, 0, 0, 0, 0, 0, 0, 0, 0, 0, 0, 0, 0, 0, 
0, 0, 0, 0, 0, 0.81845, 0.77679, 0.85417, 0.82361, 0.78667, 0.83081, 
0.83232, 0.81894, 0.81824, 0.84487, 0.83462, 0.77262, 0.8125, 
0.82917, 0.78861, 0.74556, 0.83081, 0.82323, 0.81818, 0.79528, 
0.84487, 0.83462, 0.0099, 0.011, 0.0109, 0.0112, 0.0112, 0.0121, 
0.0122, 0.0147, 0.0127, 0.0127, 0.0116, 37.5, 48, 54.1, 61.3, 
67.1, 72.1, 69, 75.4, 70.4, 82.8, 71.2, 2, 26, 162, 228, 133, 
2, 9, 7, 2249, 10, 8, 438, 256, 107, 42, 119, 202, 932, 519, 
1, 820, 486, 100, 100, 100, 100, 100, 100, 100, 100, 100, 100, 
100, 2500, 2500, 2500, 2500, 2500, 2500, 2500, 2500, 2500, 2500, 
2500, 6886.03, 6850.223, 6845.267, 6814.517, 6816.204, 6807.38500000001, 
6874.556, 6797.30799999999, 6795.637, 6835.07000000001, 6839.29199999999, 
11.57469, 12.27403, 10.10232, 0.8167, 6.14311, 5.33143, 9.26247, 
8.98799, 2.60463, 8.81285, 10.95454, -13.455, -14.34905, -12.54483, 
-3.09017, -9.27826, -7.89132, -11.58288, -10.25063, -1.37603, 
-11.0773, -13.33076, 0, 0, 0, 0, 0, 0, 0, 0, 0, 0, 0, 0, 0, 0, 
0, 0, 0, 0, 0, 0, 0, 0, 0.81845, 0.77679, 0.85417, 0.83472, 0.78667, 
0.83081, 0.83232, 0.81894, 0.8127, 0.84487, 0.83462, 0.80357, 
0.8125, 0.82917, 0.80972, 0.74556, 0.84192, 0.82323, 0.81818, 
0.79592, 0.84487, 0.83462, 0.0094, 0.0102, 0.0104, 0.011, 0.0114, 
0.0123, 0.0116, 0.0165, 0.0131, 0.0122, 0.0125, 40.9, 47, 53.4, 
61.9, 67.2, 70.4, 68.9, 68.9, 83.5, 75.6, 78.9, 9, 23, 263, 739, 
71, 104, 11, 32, 588, 23, 67, 91, 38, 7, 3, 36, 13, 248, 107, 
1, 323, 136, 100, 100, 100, 100, 100, 100, 100, 100, 100, 100, 
100, 2500, 2500, 2500, 2500, 2500, 2500, 2500, 2500, 2500, 2500, 
2500, 6830.257, 6842.496, 6848.43599999999, 6866.887, 6791.68399999999, 
6787.367, 6805.73999999999, 6879.69799999999, 6821.27200000001, 
6793.461, 6749.527, 1, 1, 1, 1, 1, 1, 1, 1, 1, 1, 1, 0.33333, 
0.33333, 0.33333, 0.33333, 0.33333, 0.33333, 0.33333, 0.33333, 
0.33333, 0.33333, 0.33333, 0, 0, 0, 0, 0, 0, 0, 0, 0, 0, 0, 0, 
0, 0, 0, 0, 0, 0, 0, 0, 0, 0, 0.76071, 0.73333, 0.80694, 0.81222, 
0.75444, 0.79444, 0.82323, 0.80985, 0.79388, 0.83718, 0.8044, 
0.74405, 0.72083, 0.77877, 0.82222, 0.75444, 0.77242, 0.82323, 
0.80833, 0.81119, 0.84487, 0.81923, 0.01, 0.0106, 0.0111, 0.0113, 
0.0112, 0.0111, 0.0119, 0.0128, 0.0131, 0.0137, 0.0136, 50, 55.4, 
60.5, 64.8, 71.7, 76.1, 82.6, 89.8, 94.1, 99.4, 100.9, 1, 1, 
1, 1, 1, 1, 1, 1, 1, 1, 1, 1, 1, 1, 1, 1, 1, 1, 1, 1, 1, 1, 1, 
1, 1, 1, 1, 1, 1, 1, 1, 1, 1, 1, 1, 1, 1, 1, 1, 1, 1, 1, 1, 1, 
2.733, 2.686, 2.722, 2.761, 2.726, 2.667, 2.708, 2.755, 2.726, 
2.717, 2.675), .Dim = c(11L, 40L), .Dimnames = list(NULL, c("Sampling", 
"PSO.cost", "PSO.gamma", "PSO.data.balancing", "PSO.feature.selection", 
"PSO.valid.acc", "PSO.test.acc", "PSO.train.time", "PSO.n.support.vectors", 
"PSO.index", "PSO.n.solutions", "PSO.generations", "PSO.n.evaluations", 
"PSO.cpu.time", "RS.cost", "RS.gamma", "RS.data.balancing", "RS.feature.selection", 
"RS.valid.acc", "RS.test.acc", "RS.train.time", "RS.n.support.vectors", 
"RS.index", "RS.n.solutions", "RS.generations", "RS.n.evaluations", 
"RS.cpu.time", "DF.cost", "DF.gamma", "DF.data.balancing", "DF.feature.selection", 
"DF.valid.acc", "DF.test.acc", "DF.train.time", "DF.n.support.vectors", 
"DF.index", "DF.n.solutions", "DF.generations", "DF.n.evaluations", 
"DF.cpu.time")))
