full <-
structure(c(50, 55, 60, 65, 70, 75, 80, 85, 90, 95, 100, 11.08543, 
1, 6.9279, 0.7176, 7.0566, 4.34061, 2.01224, 4.22406, 4.22545, 
1.73252, 0.5943, -12.88895, 0.33333, -9.45791, -1.86466, -9.81625, 
-7.54992, -2.02539, -7.78859, -5.41056, -1.52576, -1.79157, 0, 
0, 0, 0, 0, 0, 0, 0, 0, 0, 0, 0, 0, 0, 0, 0, 0, 0, 0, 0, 0, 0, 
0.88095, 0.875, 0.78373, 0.83889, 0.80833, 0.79919, 0.825, 0.81591, 
0.82657, 0.82802, 0.80165, 0.86667, 0.86071, 0.78512, 0.82639, 
0.82833, 0.78192, 0.77773, 0.79091, 0.81119, 0.79835, 0.8011, 
0.0109, 0.0109, 0.0107, 0.0118, 0.0121, 0.0127, 0.0128, 0.0133, 
0.0144, 0.0147, 0.0147, 41.8, 57.1, 57, 62.3, 64, 74.6, 73.7, 
84.4, 72.8, 89.9, 98.4, 4, 1, 297, 391, 171, 36, 735, 316, 26, 
2216, 164, 682, 203, 158, 49, 116, 412, 110, 26, 515, 2, 200, 
100, 100, 100, 100, 100, 100, 100, 100, 100, 100, 100, 2500, 
2500, 2500, 2500, 2500, 2500, 2500, 2500, 2500, 2500, 2500, 8759.459, 
9070.439, 8535.415, 8514.248, 8643.91, 8888.928, 8880.24400000001, 
8963.40099999998, 8605.549, 8487.38800000001, 8442.46600000001, 
12.7569, 0.45769, 8.47837, 0.78321, 2.90198, 0.41839, 2.49212, 
8.84563, 4.14882, 2.08564, 0.56098, -13.67914, -2.75648, -11.01436, 
-1.94295, -5.68687, -1.63003, -2.38661, -12.43661, -5.3374, -1.71423, 
-1.71311, 0, 0, 0, 0, 0, 0, 0, 0, 0, 0, 0, 0, 0, 0, 0, 0, 0, 
0, 0, 0, 0, 0, 0.88095, 0.875, 0.78373, 0.83889, 0.80833, 0.79919, 
0.825, 0.81591, 0.82657, 0.82033, 0.80165, 0.88095, 0.86071, 
0.78512, 0.82639, 0.82833, 0.81121, 0.77773, 0.79091, 0.81119, 
0.79835, 0.8011, 0.0104, 0.011, 0.011, 0.0114, 0.0114, 0.013, 
0.0124, 0.013, 0.0137, 0.0135, 0.0137, 37, 55.2, 56, 62, 65.9, 
76.2, 70.3, 83.2, 72.8, 86.8, 98.6, 10, 5, 247, 1107, 29, 11, 
2170, 1996, 37, 35, 736, 237, 94, 10, 1, 19, 63, 1, 1, 120, 5, 
2, 100, 100, 100, 100, 100, 100, 100, 100, 100, 100, 100, 2500, 
2500, 2500, 2500, 2500, 2500, 2500, 2500, 2500, 2500, 2500, 8925.633, 
8950.893, 8590.841, 8611.226, 8596.004, 8890.024, 8921.65299999999, 
8880.397, 8581.549, 8483.59899999999, 8471.739, 1, 1, 1, 1, 1, 
1, 1, 1, 1, 1, 1, 0.33333, 0.33333, 0.33333, 0.33333, 0.33333, 
0.33333, 0.33333, 0.33333, 0.33333, 0.33333, 0.33333, 0, 0, 0, 
0, 0, 0, 0, 0, 0, 0, 0, 0, 0, 0, 0, 0, 0, 0, 0, 0, 0, 0, 0.85, 
0.875, 0.74762, 0.78194, 0.76472, 0.7701, 0.80682, 0.8, 0.78619, 
0.81319, 0.77857, 0.83571, 0.86071, 0.77123, 0.79444, 0.77472, 
0.80212, 0.76864, 0.825, 0.83491, 0.80604, 0.8011, 0.0111, 0.0115, 
0.0111, 0.012, 0.012, 0.0156, 0.0122, 0.0127, 0.0136, 0.0141, 
0.0136, 50.7, 57.1, 61.2, 65.2, 70.1, 77.4, 81.1, 87.3, 93.6, 
98.6, 101, 1, 1, 1, 1, 1, 1, 1, 1, 1, 1, 1, 1, 1, 1, 1, 1, 1, 
1, 1, 1, 1, 1, 1, 1, 1, 1, 1, 1, 1, 1, 1, 1, 1, 1, 1, 1, 1, 1, 
1, 1, 1, 1, 1, 1, 3.616, 3.63, 3.366, 3.608, 3.52, 3.555, 3.566, 
3.312, 3.383, 3.525, 3.4), .Dim = c(11L, 40L), .Dimnames = list(
    NULL, c("Sampling", "PSO.cost", "PSO.gamma", "PSO.data.balancing", 
    "PSO.feature.selection", "PSO.valid.acc", "PSO.test.acc", 
    "PSO.train.time", "PSO.n.support.vectors", "PSO.index", "PSO.n.solutions", 
    "PSO.generations", "PSO.n.evaluations", "PSO.cpu.time", "RS.cost", 
    "RS.gamma", "RS.data.balancing", "RS.feature.selection", 
    "RS.valid.acc", "RS.test.acc", "RS.train.time", "RS.n.support.vectors", 
    "RS.index", "RS.n.solutions", "RS.generations", "RS.n.evaluations", 
    "RS.cpu.time", "DF.cost", "DF.gamma", "DF.data.balancing", 
    "DF.feature.selection", "DF.valid.acc", "DF.test.acc", "DF.train.time", 
    "DF.n.support.vectors", "DF.index", "DF.n.solutions", "DF.generations", 
    "DF.n.evaluations", "DF.cpu.time")))
