full <-
structure(c(50, 55, 60, 65, 70, 75, 80, 85, 90, 95, 100, 3.40266, 
5.09166, 3.11566, 3.31419, 1.49447, 6.46545, 7.10181, 0.6197, 
3.52261, 1, 8.63371, -3.22674, -7.2356, -5.08236, -5.9583, -2.55787, 
-8.96881, -8.29719, -3.78717, -6.61921, 0.33333, -10.87092, 0, 
0, 0, 0, 0, 0, 0, 0, 0, 0, 0, 0, 0, 0, 0, 0, 0, 0, 0, 0, 0, 0, 
0.76429, 0.79405, 0.7125, 0.75667, 0.80417, 0.80091, 0.80621, 
0.79924, 0.81976, 0.82051, 0.83297, 0.66905, 0.68274, 0.7125, 
0.72306, 0.75417, 0.78091, 0.81621, 0.77348, 0.81142, 0.78974, 
0.83242, 0.0111, 0.0106, 0.0113, 0.0119, 0.0119, 0.0125, 0.0158, 
0.0131, 0.0138, 0.0137, 0.0142, 38.5, 49.4, 55.5, 62.2, 65.1, 
70.3, 68.2, 87.3, 88.7, 97.9, 81.1, 265, 634, 131, 126, 1277, 
5, 110, 616, 530, 1, 13, 46, 31, 87, 69, 22, 352, 51, 233, 70, 
313, 506, 100, 100, 100, 100, 100, 100, 100, 100, 100, 100, 100, 
2500, 2500, 2500, 2500, 2500, 2500, 2500, 2500, 2500, 2500, 2500, 
7337.041, 7470.748, 7574.301, 7547.863, 7491.80799999999, 7557.033, 
7574.579, 7571.83499999999, 7451.36899999999, 7520.08100000001, 
6645.853, 1.03336, 10.79686, 7.5249, 0.71289, 1.70504, 4.2748, 
11.51328, 0.15408, 11.40767, 1.30346, 2.16087, -1.69883, -12.96536, 
-9.52069, -1.59662, -2.56023, -6.90313, -12.70002, -2.92663, 
-14.53482, -2.5538, -3.73233, 0, 0, 0, 0, 0, 0, 0, 0, 0, 0, 0, 
0, 0, 0, 0, 0, 0, 0, 0, 0, 0, 0, 0.75, 0.79405, 0.7125, 0.76639, 
0.79417, 0.80091, 0.80621, 0.79924, 0.81976, 0.82051, 0.83297, 
0.72143, 0.68274, 0.7, 0.73417, 0.75417, 0.77182, 0.81621, 0.78182, 
0.81142, 0.79744, 0.83242, 0.0106, 0.0105, 0.0118, 0.0117, 0.0118, 
0.0123, 0.0123, 0.0126, 0.0135, 0.0139, 0.0141, 47.9, 47.8, 54.6, 
64.5, 64, 70.5, 61.7, 86.7, 86.4, 89.9, 87.9, 273, 1069, 79, 
1215, 349, 65, 18, 774, 75, 55, 4, 18, 1, 22, 1, 3, 76, 8, 3, 
5, 14, 152, 100, 100, 100, 100, 100, 100, 100, 100, 100, 100, 
100, 2500, 2500, 2500, 2500, 2500, 2500, 2500, 2500, 2500, 2500, 
2500, 7516.603, 7535.922, 7650.645, 7553.591, 7528.694, 7448.569, 
7490.24500000001, 7533.617, 7545.79800000001, 7512.361, 6845.31999999998, 
1, 1, 1, 1, 1, 1, 1, 1, 1, 1, 1, 0.33333, 0.33333, 0.33333, 0.33333, 
0.33333, 0.33333, 0.33333, 0.33333, 0.33333, 0.33333, 0.33333, 
0, 0, 0, 0, 0, 0, 0, 0, 0, 0, 0, 0, 0, 0, 0, 0, 0, 0, 0, 0, 0, 
0, 0.71905, 0.7131, 0.65, 0.75389, 0.76194, 0.77091, 0.78788, 
0.79091, 0.78566, 0.82051, 0.82527, 0.73333, 0.69702, 0.6875, 
0.70083, 0.73306, 0.77182, 0.80545, 0.78182, 0.81142, 0.78974, 
0.81044, 0.01, 0.0109, 0.011, 0.0111, 0.0119, 0.0121, 0.0125, 
0.0131, 0.0132, 0.0132, 0.0139, 50.5, 55, 61.2, 65.9, 71.7, 76.5, 
82.2, 88.5, 92.9, 97.9, 101.6, 1, 1, 1, 1, 1, 1, 1, 1, 1, 1, 
1, 1, 1, 1, 1, 1, 1, 1, 1, 1, 1, 1, 1, 1, 1, 1, 1, 1, 1, 1, 1, 
1, 1, 1, 1, 1, 1, 1, 1, 1, 1, 1, 1, 1, 2.961, 3.038, 3.031, 2.933, 
3.026, 3.007, 2.996, 3.018, 3.017, 2.577, 2.682), .Dim = c(11L, 
40L), .Dimnames = list(NULL, c("Sampling", "PSO.cost", "PSO.gamma", 
"PSO.data.balancing", "PSO.feature.selection", "PSO.valid.acc", 
"PSO.test.acc", "PSO.train.time", "PSO.n.support.vectors", "PSO.index", 
"PSO.n.solutions", "PSO.generations", "PSO.n.evaluations", "PSO.cpu.time", 
"RS.cost", "RS.gamma", "RS.data.balancing", "RS.feature.selection", 
"RS.valid.acc", "RS.test.acc", "RS.train.time", "RS.n.support.vectors", 
"RS.index", "RS.n.solutions", "RS.generations", "RS.n.evaluations", 
"RS.cpu.time", "DF.cost", "DF.gamma", "DF.data.balancing", "DF.feature.selection", 
"DF.valid.acc", "DF.test.acc", "DF.train.time", "DF.n.support.vectors", 
"DF.index", "DF.n.solutions", "DF.generations", "DF.n.evaluations", 
"DF.cpu.time")))
