full <-
structure(c(50, 55, 60, 65, 70, 75, 80, 85, 90, 95, 100, 2.90119, 
-0.04743, 5.42893, 9.12283, 3.12099, 2.51111, 5.43322, 6.88802, 
4.85222, 0.82098, 2.92613, -5.42612, -1.11045, -8.19248, -11.93748, 
-4.84473, -2.06581, -7.69956, -8.04149, -3.9409, -2.98737, -4.50658, 
0, 0, 0, 0, 0, 0, 0, 0, 0, 0, 0, 0, 0, 0, 0, 0, 0, 0, 0, 0, 0, 
0, 0.75619, 0.71071, 0.76865, 0.72639, 0.76556, 0.81172, 0.80545, 
0.80758, 0.8109, 0.81474, 0.81813, 0.7419, 0.64643, 0.73254, 
0.77361, 0.76444, 0.80263, 0.82455, 0.7803, 0.77756, 0.82244, 
0.82637, 0.0105, 0.0116, 0.0122, 0.0111, 0.0133, 0.0134, 0.0134, 
0.0152, 0.0123, 0.013, 0.0141, 49.6, 56.9, 59.5, 63.8, 66.8, 
65.3, 75.8, 70.2, 62.5, 94.8, 86.7, 2, 2188, 205, 35, 11, 395, 
4, 30, 276, 296, 28, 240, 28, 27, 311, 488, 331, 245, 60, 188, 
215, 437, 100, 100, 100, 100, 100, 100, 100, 100, 100, 100, 100, 
2500, 2500, 2500, 2500, 2500, 2500, 2500, 2500, 2500, 2500, 2500, 
7694.935, 9094.379, 8669.125, 8870.682, 9034.159, 9042.757, 6870.82800000001, 
6875.95600000001, 6845.84900000002, 6713.69, 6723.872, 9.48409, 
8.86991, 9.72727, 3.87267, 8.17816, 3.82177, 6.16474, 11.41318, 
10.44305, 0.95818, 12.04729, -12.03117, -11.90101, -12.50255, 
-6.16935, -9.27325, -2.78894, -8.4404, -12.61523, -6.22241, -3.10856, 
-14.22582, 0, 0, 0, 0, 0, 0, 0, 0, 0, 0, 0, 0, 0, 0, 0, 0, 0, 
0, 0, 0, 0, 0, 0.75619, 0.71071, 0.76865, 0.72639, 0.76556, 0.81172, 
0.80545, 0.80758, 0.80321, 0.81474, 0.81813, 0.7419, 0.69821, 
0.73254, 0.75139, 0.76444, 0.79263, 0.82455, 0.78939, 0.74423, 
0.82244, 0.82637, 0.011, 0.0116, 0.0112, 0.0124, 0.0153, 0.0133, 
0.0134, 0.012, 0.0164, 0.0132, 0.0126, 48.8, 53.1, 58.7, 64.5, 
60.9, 59.2, 75.3, 59.9, 56.7, 94.5, 78.3, 5, 101, 461, 40, 34, 
1662, 1, 52, 59, 260, 3, 42, 6, 2, 57, 161, 2, 62, 21, 12, 2, 
105, 100, 100, 100, 100, 100, 100, 100, 100, 100, 100, 100, 2500, 
2500, 2500, 2500, 2500, 2500, 2500, 2500, 2500, 2500, 2500, 9113.51, 
9099.254, 8655.659, 9027.895, 9031.48299999999, 8646.71799999999, 
6845.258, 6865.75200000001, 6842.307, 6741.38800000001, 6638.74799999999, 
1, 1, 1, 1, 1, 1, 1, 1, 1, 1, 1, 0.33333, 0.33333, 0.33333, 0.33333, 
0.33333, 0.33333, 0.33333, 0.33333, 0.33333, 0.33333, 0.33333, 
0, 0, 0, 0, 0, 0, 0, 0, 0, 0, 0, 0, 0, 0, 0, 0, 0, 0, 0, 0, 0, 
0, 0.7419, 0.71071, 0.75437, 0.71389, 0.71111, 0.77061, 0.77636, 
0.77424, 0.77756, 0.76795, 0.78791, 0.74762, 0.67321, 0.73254, 
0.75833, 0.75444, 0.81172, 0.80545, 0.78106, 0.77756, 0.79167, 
0.8033, 0.011, 0.0116, 0.0112, 0.0129, 0.0133, 0.012, 0.012, 
0.0125, 0.0127, 0.0131, 0.0133, 52.1, 55.9, 61.8, 67.6, 72.5, 
77.9, 83.4, 89.2, 95, 99.5, 101.4, 1, 1, 1, 1, 1, 1, 1, 1, 1, 
1, 1, 1, 1, 1, 1, 1, 1, 1, 1, 1, 1, 1, 1, 1, 1, 1, 1, 1, 1, 1, 
1, 1, 1, 1, 1, 1, 1, 1, 1, 1, 1, 1, 1, 1, 3.607, 3.614, 3.399, 
3.626, 3.617, 2.736, 2.74, 2.739, 2.656, 2.689, 2.637), .Dim = c(11L, 
40L), .Dimnames = list(NULL, c("Sampling", "PSO.cost", "PSO.gamma", 
"PSO.data.balancing", "PSO.feature.selection", "PSO.valid.acc", 
"PSO.test.acc", "PSO.train.time", "PSO.n.support.vectors", "PSO.index", 
"PSO.n.solutions", "PSO.generations", "PSO.n.evaluations", "PSO.cpu.time", 
"RS.cost", "RS.gamma", "RS.data.balancing", "RS.feature.selection", 
"RS.valid.acc", "RS.test.acc", "RS.train.time", "RS.n.support.vectors", 
"RS.index", "RS.n.solutions", "RS.generations", "RS.n.evaluations", 
"RS.cpu.time", "DF.cost", "DF.gamma", "DF.data.balancing", "DF.feature.selection", 
"DF.valid.acc", "DF.test.acc", "DF.train.time", "DF.n.support.vectors", 
"DF.index", "DF.n.solutions", "DF.generations", "DF.n.evaluations", 
"DF.cpu.time")))
