full <-
structure(c(50, 55, 60, 65, 70, 75, 80, 85, 90, 95, 100, 6.24646, 
6.69521, 0.88064, 0.78242, 11.71061, 6.4962, 9.27841, 1.83407, 
0.18215, 5.65571, 7.43868, -6.08389, -2.10209, -1.61428, -1.38248, 
-13.54832, -8.47533, -12.51995, -5.69605, -3.16589, -8.28678, 
-11.70014, 0, 0, 0, 0, 0, 0, 0, 0, 0, 0, 0, 0, 0, 0, 0, 0, 0, 
0, 0, 0, 0, 0, 0.83571, 0.76964, 0.84226, 0.85833, 0.83222, 0.8196, 
0.80505, 0.83409, 0.81865, 0.79744, 0.82637, 0.8381, 0.78214, 
0.84087, 0.81389, 0.82111, 0.81051, 0.78687, 0.82576, 0.77686, 
0.78205, 0.81154, 0.0113, 0.012, 0.0106, 0.0118, 0.0113, 0.0152, 
0.0126, 0.0126, 0.0132, 0.0164, 0.0143, 35.3, 48.8, 58.7, 64.3, 
57, 70.5, 77.4, 87.6, 92.2, 95.7, 100.8, 2138, 1346, 25, 944, 
16, 790, 157, 47, 2293, 37, 151, 3, 40, 468, 122, 399, 22, 45, 
53, 1, 414, 67, 100, 100, 100, 100, 100, 100, 100, 100, 100, 
100, 100, 2500, 2500, 2500, 2500, 2500, 2500, 2500, 2500, 2500, 
2500, 2500, 8825.941, 8575.542, 8636.194, 8493.183, 8735.78600000001, 
8772.283, 8652.20600000001, 8675.57599999999, 8733.07200000001, 
8481.465, 8559.37, 11.34333, 11.37358, 1.47946, 0.55361, 2.78057, 
2.37553, 6.88153, 10.76175, 0.94734, 5.98296, 1.31903, -6.76747, 
-2.10625, -2.10827, -1.40672, -3.05671, -3.87621, -10.08386, 
-14.67589, -4.09274, -8.93717, -5.52037, 0, 0, 0, 0, 0, 0, 0, 
0, 0, 0, 0, 0, 0, 0, 0, 0, 0, 0, 0, 0, 0, 0, 0.83333, 0.76964, 
0.84226, 0.84722, 0.83333, 0.8196, 0.80505, 0.83409, 0.81096, 
0.79744, 0.82637, 0.82143, 0.78214, 0.82976, 0.80278, 0.81, 0.81051, 
0.78687, 0.82576, 0.77686, 0.78205, 0.81923, 0.0116, 0.0106, 
0.0115, 0.0115, 0.012, 0.0127, 0.0122, 0.0129, 0.0134, 0.0167, 
0.0144, 25.1, 48.8, 55.4, 64.7, 54.8, 68.4, 76.7, 86.2, 91, 95.5, 
102.2, 58, 1239, 397, 1742, 1993, 441, 494, 699, 2341, 67, 1286, 
67, 4, 10, 1, 1, 2, 3, 8, 1, 56, 1, 100, 100, 100, 100, 100, 
100, 100, 100, 100, 100, 100, 2500, 2500, 2500, 2500, 2500, 2500, 
2500, 2500, 2500, 2500, 2500, 8742.467, 8596.09, 8672.531, 8625.661, 
8750.906, 8642.086, 8629.386, 8685.60800000001, 8484.28900000002, 
8544.68700000001, 8492.12099999998, 1, 1, 1, 1, 1, 1, 1, 1, 1, 
1, 1, 0.33333, 0.33333, 0.33333, 0.33333, 0.33333, 0.33333, 0.33333, 
0.33333, 0.33333, 0.33333, 0.33333, 0, 0, 0, 0, 0, 0, 0, 0, 0, 
0, 0, 0, 0, 0, 0, 0, 0, 0, 0, 0, 0, 0, 0.7381, 0.71429, 0.80119, 
0.825, 0.79889, 0.79051, 0.79394, 0.80758, 0.80326, 0.76667, 
0.78022, 0.69524, 0.71607, 0.84087, 0.825, 0.84, 0.7996, 0.79394, 
0.79015, 0.77751, 0.77436, 0.78846, 0.0104, 0.0109, 0.0114, 0.0114, 
0.0116, 0.0121, 0.0128, 0.0135, 0.0131, 0.0143, 0.0136, 49.9, 
54.7, 60.2, 65, 70.4, 77.8, 82.3, 89.4, 93.4, 100.1, 101.9, 1, 
1, 1, 1, 1, 1, 1, 1, 1, 1, 1, 1, 1, 1, 1, 1, 1, 1, 1, 1, 1, 1, 
1, 1, 1, 1, 1, 1, 1, 1, 1, 1, 1, 1, 1, 1, 1, 1, 1, 1, 1, 1, 1, 
1, 3.473, 3.512, 3.5, 3.503, 3.455, 3.255, 3.454, 3.426, 3.257, 
3.415, 3.07), .Dim = c(11L, 40L), .Dimnames = list(NULL, c("Sampling", 
"PSO.cost", "PSO.gamma", "PSO.data.balancing", "PSO.feature.selection", 
"PSO.valid.acc", "PSO.test.acc", "PSO.train.time", "PSO.n.support.vectors", 
"PSO.index", "PSO.n.solutions", "PSO.generations", "PSO.n.evaluations", 
"PSO.cpu.time", "RS.cost", "RS.gamma", "RS.data.balancing", "RS.feature.selection", 
"RS.valid.acc", "RS.test.acc", "RS.train.time", "RS.n.support.vectors", 
"RS.index", "RS.n.solutions", "RS.generations", "RS.n.evaluations", 
"RS.cpu.time", "DF.cost", "DF.gamma", "DF.data.balancing", "DF.feature.selection", 
"DF.valid.acc", "DF.test.acc", "DF.train.time", "DF.n.support.vectors", 
"DF.index", "DF.n.solutions", "DF.generations", "DF.n.evaluations", 
"DF.cpu.time")))
