full <-
structure(c(50, 55, 60, 65, 70, 75, 80, 85, 90, 95, 100, 3.38416, 
0.76573, 1.87728, 4.1009, 1.12907, 5.28067, 8.74585, 1.64012, 
-0.6084, 0.36666, 8.63985, -5.12854, -2.62385, -1.97064, -6.71709, 
-3.69061, -8.29919, -10.56696, -4.89327, -0.44304, -3.77691, 
-9.54542, 0, 0, 0, 0, 0, 0, 0, 0, 0, 0, 0, 0, 0, 0, 0, 0, 0, 
0, 0, 0, 0, 0, 0.82381, 0.8375, 0.81528, 0.80198, 0.78667, 0.81141, 
0.80364, 0.83048, 0.82733, 0.82179, 0.83297, 0.82381, 0.8375, 
0.77599, 0.78115, 0.77556, 0.7803, 0.80364, 0.79487, 0.73671, 
0.82949, 0.81758, 0.0127, 0.0105, 0.0103, 0.0126, 0.0118, 0.0125, 
0.015, 0.0114, 0.0131, 0.0126, 0.0193, 45.1, 51.1, 51.8, 60.2, 
69.2, 71.3, 70.1, 83.5, 97.6, 98.1, 75.5, 12, 88, 439, 942, 177, 
153, 59, 154, 607, 1080, 11, 541, 651, 139, 9, 145, 96, 464, 
105, 68, 30, 676, 100, 100, 100, 100, 100, 100, 100, 100, 100, 
100, 100, 2500, 2500, 2500, 2500, 2500, 2500, 2500, 2500, 2500, 
2500, 2500, 6881.048, 6899.437, 7560.62, 9256.595, 8847.2, 8923.28600000001, 
9360.557, 6781.842, 6918.132, 6793.984, 6972.88199999998, 7.98628, 
1.08911, 1.55148, 8.53909, 0.79235, 2.97735, 0.48378, 8.00743, 
0.30814, 1.71287, 12.14097, -9.77797, -3.24962, -1.7522, -12.1827, 
-3.15795, -5.97909, -1.9576, -11.48718, -2.78232, -5.60157, -14.16247, 
0, 0, 0, 0, 0, 0, 0, 0, 0, 0, 0, 0, 0, 0, 0, 0, 0, 0, 0, 0, 0, 
0, 0.82381, 0.8375, 0.81528, 0.80198, 0.78667, 0.81141, 0.80455, 
0.83048, 0.82104, 0.8141, 0.83297, 0.82381, 0.82321, 0.77599, 
0.77976, 0.77556, 0.7903, 0.75818, 0.79487, 0.80425, 0.8141, 
0.82527, 0.0128, 0.0123, 0.0119, 0.0122, 0.0129, 0.0132, 0.0136, 
0.0119, 0.0133, 0.0122, 0.0124, 44.1, 50.8, 54.2, 64.3, 69.9, 
71.5, 80, 82.1, 91.1, 98.9, 77.1, 5, 291, 1692, 1193, 53, 1527, 
114, 237, 166, 57, 5, 125, 2, 1, 1, 3, 3, 2, 11, 3, 22, 161, 
100, 100, 100, 100, 100, 100, 100, 100, 100, 100, 100, 2500, 
2500, 2500, 2500, 2500, 2500, 2500, 2500, 2500, 2500, 2500, 6890.954, 
6919.998, 9246.88, 8963.329, 8986.25999999999, 8963.17199999999, 
8589.239, 6841.62, 6757.44700000001, 6728.67799999999, 6954.70800000001, 
1, 1, 1, 1, 1, 1, 1, 1, 1, 1, 1, 0.33333, 0.33333, 0.33333, 0.33333, 
0.33333, 0.33333, 0.33333, 0.33333, 0.33333, 0.33333, 0.33333, 
0, 0, 0, 0, 0, 0, 0, 0, 0, 0, 0, 0, 0, 0, 0, 0, 0, 0, 0, 0, 0, 
0, 0.71905, 0.8125, 0.76528, 0.79087, 0.76556, 0.78121, 0.77727, 
0.80472, 0.80425, 0.79872, 0.80989, 0.70238, 0.79643, 0.73532, 
0.76865, 0.74222, 0.7603, 0.77727, 0.79487, 0.80425, 0.79872, 
0.81758, 0.0121, 0.0097, 0.0118, 0.0114, 0.0132, 0.0123, 0.0113, 
0.0132, 0.0135, 0.0138, 0.014, 50.4, 54.6, 59.7, 65, 72, 77, 
81.4, 86.7, 93.5, 99, 101.7, 1, 1, 1, 1, 1, 1, 1, 1, 1, 1, 1, 
1, 1, 1, 1, 1, 1, 1, 1, 1, 1, 1, 1, 1, 1, 1, 1, 1, 1, 1, 1, 1, 
1, 1, 1, 1, 1, 1, 1, 1, 1, 1, 1, 1, 2.75, 2.748, 3.704, 3.367, 
3.795, 3.559, 2.561, 2.832, 2.808, 2.839, 2.753), .Dim = c(11L, 
40L), .Dimnames = list(NULL, c("Sampling", "PSO.cost", "PSO.gamma", 
"PSO.data.balancing", "PSO.feature.selection", "PSO.valid.acc", 
"PSO.test.acc", "PSO.train.time", "PSO.n.support.vectors", "PSO.index", 
"PSO.n.solutions", "PSO.generations", "PSO.n.evaluations", "PSO.cpu.time", 
"RS.cost", "RS.gamma", "RS.data.balancing", "RS.feature.selection", 
"RS.valid.acc", "RS.test.acc", "RS.train.time", "RS.n.support.vectors", 
"RS.index", "RS.n.solutions", "RS.generations", "RS.n.evaluations", 
"RS.cpu.time", "DF.cost", "DF.gamma", "DF.data.balancing", "DF.feature.selection", 
"DF.valid.acc", "DF.test.acc", "DF.train.time", "DF.n.support.vectors", 
"DF.index", "DF.n.solutions", "DF.generations", "DF.n.evaluations", 
"DF.cpu.time")))
