full <-
structure(c(50, 55, 60, 65, 70, 75, 80, 85, 90, 95, 100, 10.67657, 
12.21907, 2.47017, 0.33713, 3.0236, 15, 9.59906, 10.2577, 8.49583, 
7.53665, 9.00537, -12.77408, -14.24722, -2.79984, -2.21462, -2.96414, 
-7.68673, -11.96198, -12.5253, -12.07316, -11.66674, -13.11225, 
0, 0, 0, 0, 0, 0, 0, 0, 0, 0, 0, 0, 0, 0, 0, 0, 0, 0, 0, 0, 0, 
0, 0.81607, 0.82083, 0.84127, 0.81528, 0.79056, 0.79091, 0.80636, 
0.83485, 0.82529, 0.83059, 0.82718, 0.80417, 0.82083, 0.78948, 
0.75417, 0.82417, 0.75, 0.77818, 0.82652, 0.8162, 0.80751, 0.80308, 
0.0102, 0.0107, 0.0108, 0.0112, 0.0112, 0.0236, 0.0121, 0.0123, 
0.013, 0.0137, 0.0137, 44.9, 49.8, 53.6, 65.4, 56.7, 47, 71.6, 
71.6, 90.7, 99.6, 99.6, 51, 2, 811, 1086, 734, 1117, 5, 207, 
27, 81, 6, 238, 262, 65, 28, 139, 27, 404, 89, 177, 133, 75, 
100, 100, 100, 100, 100, 100, 100, 100, 100, 100, 100, 2500, 
2500, 2500, 2500, 2500, 2500, 2500, 2500, 2500, 2500, 2500, 6927.47, 
7009.341, 7151.838, 7108.328, 6880.546, 6941.079, 7031.30099999999, 
7020.609, 7079.92, 7202.69700000001, 7055.09599999999, 8.44602, 
11.1942, 0.26072, 0.83492, 2.44406, 13.56154, 9.44193, 8.19734, 
4.24879, 10.26245, 5.64654, -10.47883, -12.82858, -1.12871, -2.82148, 
-2.36962, -7.45584, -11.04585, -10.46463, -7.76043, -14.42182, 
-9.7887, 0, 0, 0, 0, 0, 0, 0, 0, 0, 0, 0, 0, 0, 0, 0, 0, 0, 0, 
0, 0, 0, 0, 0.81607, 0.82083, 0.83988, 0.80278, 0.79056, 0.78091, 
0.80636, 0.83485, 0.82529, 0.83059, 0.82718, 0.80417, 0.82083, 
0.79127, 0.75417, 0.81306, 0.74, 0.77, 0.82652, 0.8162, 0.80037, 
0.79641, 0.0107, 0.0102, 0.012, 0.0116, 0.0127, 0.0201, 0.0132, 
0.012, 0.0135, 0.0139, 0.0136, 45.6, 46.4, 62.5, 64.8, 60.2, 
45.2, 68.1, 75.5, 92, 100, 100.1, 27, 6, 392, 1434, 348, 180, 
52, 595, 77, 10, 484, 25, 66, 2, 2, 5, 13, 86, 3, 23, 15, 6, 
100, 100, 100, 100, 100, 100, 100, 100, 100, 100, 100, 2500, 
2500, 2500, 2500, 2500, 2500, 2500, 2500, 2500, 2500, 2500, 6854.069, 
7042.762, 7123.833, 7011.925, 6824.01900000001, 6990.72499999999, 
6912.71800000001, 6946.73699999999, 7133.20299999999, 7085.367, 
7197.98000000001, 1, 1, 1, 1, 1, 1, 1, 1, 1, 1, 1, 0.33333, 0.33333, 
0.33333, 0.33333, 0.33333, 0.33333, 0.33333, 0.33333, 0.33333, 
0.33333, 0.33333, 0, 0, 0, 0, 0, 0, 0, 0, 0, 0, 0, 0, 0, 0, 0, 
0, 0, 0, 0, 0, 0, 0, 0.77083, 0.80833, 0.82738, 0.76806, 0.74694, 
0.72273, 0.74333, 0.76439, 0.80029, 0.79322, 0.81949, 0.70655, 
0.76726, 0.81627, 0.74306, 0.78056, 0.73182, 0.75818, 0.79015, 
0.82593, 0.79982, 0.80308, 0.0102, 0.0107, 0.0114, 0.0119, 0.0109, 
0.0121, 0.0126, 0.013, 0.0136, 0.0133, 0.0149, 51.7, 57.3, 62, 
67.6, 73.3, 78.9, 84.5, 87.8, 94.3, 100.1, 103.2, 1, 1, 1, 1, 
1, 1, 1, 1, 1, 1, 1, 1, 1, 1, 1, 1, 1, 1, 1, 1, 1, 1, 1, 1, 1, 
1, 1, 1, 1, 1, 1, 1, 1, 1, 1, 1, 1, 1, 1, 1, 1, 1, 1, 1, 2.76, 
2.819, 2.863, 2.752, 2.607, 2.834, 2.802, 2.828, 2.854, 2.828, 
2.805), .Dim = c(11L, 40L), .Dimnames = list(NULL, c("Sampling", 
"PSO.cost", "PSO.gamma", "PSO.data.balancing", "PSO.feature.selection", 
"PSO.valid.acc", "PSO.test.acc", "PSO.train.time", "PSO.n.support.vectors", 
"PSO.index", "PSO.n.solutions", "PSO.generations", "PSO.n.evaluations", 
"PSO.cpu.time", "RS.cost", "RS.gamma", "RS.data.balancing", "RS.feature.selection", 
"RS.valid.acc", "RS.test.acc", "RS.train.time", "RS.n.support.vectors", 
"RS.index", "RS.n.solutions", "RS.generations", "RS.n.evaluations", 
"RS.cpu.time", "DF.cost", "DF.gamma", "DF.data.balancing", "DF.feature.selection", 
"DF.valid.acc", "DF.test.acc", "DF.train.time", "DF.n.support.vectors", 
"DF.index", "DF.n.solutions", "DF.generations", "DF.n.evaluations", 
"DF.cpu.time")))
