full <-
structure(c(50, 55, 60, 65, 70, 75, 80, 85, 90, 95, 100, 2.00858, 
13.87744, 1.99461, 0.59594, 1.09963, -0.02076, 0.68796, 11.74755, 
5.32504, 2.29508, 7.82198, -3.33246, -1.6659, -2.35507, -1.55265, 
-1.46721, -2.52462, -1.38015, -14.53661, -8.98323, -4.13505, 
-10.93125, 0, 0, 0, 0, 0, 0, 0, 0, 0, 0, 0, 0, 0, 0, 0, 0, 0, 
0, 0, 0, 0, 0, 0.83512, 0.79821, 0.86488, 0.80417, 0.86333, 0.8401, 
0.81455, 0.8197, 0.82401, 0.80705, 0.80872, 0.83512, 0.80893, 
0.86488, 0.76944, 0.84222, 0.81899, 0.77727, 0.81818, 0.79324, 
0.81474, 0.8, 0.0108, 0.0114, 0.0116, 0.0111, 0.0129, 0.0123, 
0.0129, 0.0122, 0.0125, 0.0144, 0.0125, 43.5, 50.9, 55, 64.7, 
67.6, 74.9, 79.3, 75.6, 90.3, 88.5, 91.5, 7, 53, 17, 1260, 116, 
389, 501, 19, 56, 4, 6, 267, 1709, 311, 18, 324, 58, 254, 172, 
149, 557, 1027, 100, 100, 100, 100, 100, 100, 100, 100, 100, 
100, 100, 2500, 2500, 2500, 2500, 2500, 2500, 2500, 2500, 2500, 
2500, 2500, 8961.897, 9100.597, 8692.974, 8605.133, 8757.36600000001, 
8988.205, 8993.17, 8861.52499999999, 8674.56499999997, 8772.774, 
8758.13699999999, 1.06579, 9.77344, 7.81556, 5.58804, 0.15161, 
1.14315, 1.84088, 9.8871, 7.19597, 11.11826, -0.56782, -2.43206, 
-11.61871, -9.50598, -6.54907, -0.79064, -4.44841, -2.10887, 
-12.68008, -10.9059, -13.94498, -0.89907, 0, 0, 0, 0, 0, 0, 0, 
0, 0, 0, 0, 0, 0, 0, 0, 0, 0, 0, 0, 0, 0, 0, 0.83512, 0.81071, 
0.86488, 0.80278, 0.85333, 0.8501, 0.79636, 0.8197, 0.82401, 
0.80705, 0.81538, 0.80417, 0.82321, 0.86488, 0.78056, 0.84222, 
0.82899, 0.76818, 0.81818, 0.79324, 0.79936, 0.81538, 0.0108, 
0.0112, 0.0126, 0.0126, 0.0125, 0.0117, 0.0133, 0.0125, 0.0122, 
0.0136, 0.0142, 45.7, 44.1, 52.6, 50.4, 74.1, 75.1, 69.8, 76.4, 
90.7, 86.4, 104, 804, 440, 44, 7, 241, 61, 698, 96, 170, 19, 
1014, 11, 5, 77, 141, 15, 1, 7, 51, 12, 137, 3, 100, 100, 100, 
100, 100, 100, 100, 100, 100, 100, 100, 2500, 2500, 2500, 2500, 
2500, 2500, 2500, 2500, 2500, 2500, 2500, 9089.09, 9085.317, 
8793.801, 8664.459, 8989.81999999999, 9006.50499999999, 9013.54399999999, 
8696.58799999999, 8683.90899999999, 8775.63100000002, 8713.64999999999, 
1, 1, 1, 1, 1, 1, 1, 1, 1, 1, 1, 0.33333, 0.33333, 0.33333, 0.33333, 
0.33333, 0.33333, 0.33333, 0.33333, 0.33333, 0.33333, 0.33333, 
0, 0, 0, 0, 0, 0, 0, 0, 0, 0, 0, 0, 0, 0, 0, 0, 0, 0, 0, 0, 0, 
0, 0.7375, 0.75536, 0.83849, 0.77083, 0.85333, 0.8201, 0.77818, 
0.775, 0.79889, 0.79103, 0.8, 0.74405, 0.79464, 0.82738, 0.75694, 
0.85222, 0.81899, 0.75, 0.79167, 0.79953, 0.79167, 0.8, 0.0106, 
0.0109, 0.0114, 0.0121, 0.0123, 0.0125, 0.0125, 0.0131, 0.014, 
0.0131, 0.0138, 50, 55.7, 61.8, 66.9, 70, 75.2, 80.3, 85.8, 94.2, 
98.3, 100.2, 1, 1, 1, 1, 1, 1, 1, 1, 1, 1, 1, 1, 1, 1, 1, 1, 
1, 1, 1, 1, 1, 1, 1, 1, 1, 1, 1, 1, 1, 1, 1, 1, 1, 1, 1, 1, 1, 
1, 1, 1, 1, 1, 1, 1, 3.618, 3.653, 3.626, 3.594, 3.603, 3.602, 
3.602, 3.613, 3.633, 3.317, 3.4), .Dim = c(11L, 40L), .Dimnames = list(
    NULL, c("Sampling", "PSO.cost", "PSO.gamma", "PSO.data.balancing", 
    "PSO.feature.selection", "PSO.valid.acc", "PSO.test.acc", 
    "PSO.train.time", "PSO.n.support.vectors", "PSO.index", "PSO.n.solutions", 
    "PSO.generations", "PSO.n.evaluations", "PSO.cpu.time", "RS.cost", 
    "RS.gamma", "RS.data.balancing", "RS.feature.selection", 
    "RS.valid.acc", "RS.test.acc", "RS.train.time", "RS.n.support.vectors", 
    "RS.index", "RS.n.solutions", "RS.generations", "RS.n.evaluations", 
    "RS.cpu.time", "DF.cost", "DF.gamma", "DF.data.balancing", 
    "DF.feature.selection", "DF.valid.acc", "DF.test.acc", "DF.train.time", 
    "DF.n.support.vectors", "DF.index", "DF.n.solutions", "DF.generations", 
    "DF.n.evaluations", "DF.cpu.time")))
