full <-
structure(c(50, 55, 60, 65, 70, 75, 80, 85, 90, 95, 100, 12.42996, 
1.03042, 7.95675, 1.48524, 0.77938, 0.55085, 0.03026, 0.20886, 
7.9721, -0.37267, 11.72417, -14.38915, -2.20607, -9.33847, -2.27588, 
-0.90667, -1.1605, -1.96123, -3.5191, -11.27661, -1.59636, -14.63433, 
0, 0, 0, 0, 0, 0, 0, 0, 0, 0, 0, 0, 0, 0, 0, 0, 0, 0, 0, 0, 0, 
0, 0.82143, 0.86548, 0.8625, 0.84333, 0.85222, 0.84505, 0.80505, 
0.86265, 0.80991, 0.82271, 0.81846, 0.85, 0.82619, 0.8625, 0.84333, 
0.79667, 0.83596, 0.80505, 0.81871, 0.79476, 0.82207, 0.81846, 
0.01, 0.0095, 0.0117, 0.0104, 0.0111, 0.011, 0.0118, 0.0117, 
0.0126, 0.0127, 0.0132, 41.8, 50.5, 44.9, 56.9, 71.9, 76.5, 80.7, 
87.3, 88.2, 98.7, 90.1, 2, 264, 51, 249, 1066, 628, 339, 1706, 
156, 118, 19, 304, 151, 67, 317, 48, 656, 617, 2, 137, 160, 539, 
100, 100, 100, 100, 100, 100, 100, 100, 100, 100, 100, 2500, 
2500, 2500, 2500, 2500, 2500, 2500, 2500, 2500, 2500, 2500, 6681.942, 
6701.075, 6749.94, 6706.399, 6658.45699999999, 6513.149, 6583.906, 
6614.283, 6632.30900000001, 6605.497, 6611.63399999999, 1.58629, 
0.98619, 2.45698, 0.82227, 0.6691, 0.27734, -0.05047, 0.59439, 
4.6985, -0.47533, 9.79143, -2.03784, -2.09078, -3.66832, -3.17484, 
-0.95876, -0.64688, -2.34924, -4.07219, -8.07744, -1.55351, -12.07395, 
0, 0, 0, 0, 0, 0, 0, 0, 0, 0, 0, 0, 0, 0, 0, 0, 0, 0, 0, 0, 0, 
0, 0.83333, 0.86548, 0.8625, 0.84222, 0.85222, 0.84505, 0.80505, 
0.85355, 0.80991, 0.82271, 0.81846, 0.83333, 0.81369, 0.85, 0.81972, 
0.79667, 0.82687, 0.78687, 0.81871, 0.79476, 0.81438, 0.81846, 
0.0094, 0.0101, 0.0109, 0.012, 0.011, 0.0116, 0.0116, 0.0117, 
0.012, 0.013, 0.0129, 43.8, 50.7, 48.5, 60.9, 71.9, 79.3, 80.4, 
87.5, 89.6, 99.5, 79.6, 12, 531, 458, 372, 2078, 38, 365, 98, 
169, 1661, 8, 3, 1, 8, 4, 1, 4, 40, 16, 14, 1, 164, 100, 100, 
100, 100, 100, 100, 100, 100, 100, 100, 100, 2500, 2500, 2500, 
2500, 2500, 2500, 2500, 2500, 2500, 2500, 2500, 6717.434, 6737.856, 
6747.16, 6741.65100000001, 6571.54400000001, 6582.60400000001, 
6532.545, 6606.96000000001, 6600.96400000001, 6627.97100000002, 
6579.57400000002, 1, 1, 1, 1, 1, 1, 1, 1, 1, 1, 1, 0.33333, 0.33333, 
0.33333, 0.33333, 0.33333, 0.33333, 0.33333, 0.33333, 0.33333, 
0.33333, 0.33333, 0, 0, 0, 0, 0, 0, 0, 0, 0, 0, 0, 0, 0, 0, 0, 
0, 0, 0, 0, 0, 0, 0, 0.75952, 0.79762, 0.8, 0.80861, 0.81889, 
0.82596, 0.79596, 0.81795, 0.77786, 0.80668, 0.79538, 0.73333, 
0.7994, 0.8125, 0.79611, 0.80778, 0.81596, 0.80505, 0.84522, 
0.79476, 0.82207, 0.80308, 0.0102, 0.0112, 0.0099, 0.0108, 0.0102, 
0.0112, 0.0113, 0.0127, 0.0125, 0.0141, 0.013, 48.4, 54.5, 57.4, 
63.4, 69.9, 75.8, 81.9, 87.8, 93.4, 98.3, 101.5, 1, 1, 1, 1, 
1, 1, 1, 1, 1, 1, 1, 1, 1, 1, 1, 1, 1, 1, 1, 1, 1, 1, 1, 1, 1, 
1, 1, 1, 1, 1, 1, 1, 1, 1, 1, 1, 1, 1, 1, 1, 1, 1, 1, 1, 2.751, 
2.739, 2.539, 2.715, 2.495, 2.515, 2.506, 2.744, 2.647, 2.738, 
2.643), .Dim = c(11L, 40L), .Dimnames = list(NULL, c("Sampling", 
"PSO.cost", "PSO.gamma", "PSO.data.balancing", "PSO.feature.selection", 
"PSO.valid.acc", "PSO.test.acc", "PSO.train.time", "PSO.n.support.vectors", 
"PSO.index", "PSO.n.solutions", "PSO.generations", "PSO.n.evaluations", 
"PSO.cpu.time", "RS.cost", "RS.gamma", "RS.data.balancing", "RS.feature.selection", 
"RS.valid.acc", "RS.test.acc", "RS.train.time", "RS.n.support.vectors", 
"RS.index", "RS.n.solutions", "RS.generations", "RS.n.evaluations", 
"RS.cpu.time", "DF.cost", "DF.gamma", "DF.data.balancing", "DF.feature.selection", 
"DF.valid.acc", "DF.test.acc", "DF.train.time", "DF.n.support.vectors", 
"DF.index", "DF.n.solutions", "DF.generations", "DF.n.evaluations", 
"DF.cpu.time")))
