full <-
structure(c(50, 55, 60, 65, 70, 75, 80, 85, 90, 95, 100, 8.41344, 
1.31434, 0.83899, 3.21203, -0.27209, 3.85515, 8.6693, 8.96248, 
8.43534, -1.15317, 12.87348, -7.21375, -1.07262, -1.06784, -4.12527, 
-1.0407, -6.90743, -12.31641, -11.32165, -10.63857, -1.52903, 
-14.66358, 0, 0, 0, 0, 0, 0, 0, 0, 0, 0, 0, 0, 0, 0, 0, 0, 0, 
0, 0, 0, 0, 0, 0.76131, 0.82976, 0.82917, 0.81806, 0.82, 0.81828, 
0.79818, 0.82727, 0.83531, 0.84551, 0.83407, 0.72321, 0.80476, 
0.77917, 0.77083, 0.79889, 0.79101, 0.76182, 0.82576, 0.83531, 
0.81474, 0.83407, 0.0103, 0.0103, 0.0111, 0.0114, 0.0129, 0.012, 
0.012, 0.0122, 0.0146, 0.0141, 0.0134, 32.5, 56.5, 62, 54.2, 
73.5, 74.2, 78.9, 72.4, 79.4, 101.4, 72.1, 18, 1186, 210, 109, 
1045, 208, 162, 36, 17, 1156, 10, 268, 134, 129, 106, 21, 81, 
59, 114, 422, 20, 1266, 100, 100, 100, 100, 100, 100, 100, 100, 
100, 100, 100, 2500, 2500, 2500, 2500, 2500, 2500, 2500, 2500, 
2500, 2500, 2500, 6738.97, 6742.546, 6852.169, 6844.142, 6840.843, 
6852.037, 6884.59199999999, 6885.427, 6915.40300000001, 8796.576, 
8733.76199999999, 13.21408, 1.35178, 1.12778, 1.09968, -0.2943, 
0.30808, 9.65971, 10.08741, 12.66973, -1.09316, 11.44585, -11.81014, 
-1.08776, -1.29407, -1.27695, -1.14534, -0.98683, -13.27959, 
-12.1415, -14.27865, -1.24349, -13.36825, 0, 0, 0, 0, 0, 0, 0, 
0, 0, 0, 0, 0, 0, 0, 0, 0, 0, 0, 0, 0, 0, 0, 0.76131, 0.82976, 
0.82917, 0.81528, 0.82, 0.82939, 0.79818, 0.82727, 0.83531, 0.83782, 
0.83407, 0.72321, 0.80476, 0.79167, 0.80417, 0.79889, 0.81121, 
0.76182, 0.81667, 0.83531, 0.81474, 0.83407, 0.0137, 0.0101, 
0.0113, 0.0117, 0.0111, 0.0117, 0.012, 0.0121, 0.0135, 0.0137, 
0.0134, 31.4, 56.4, 60.9, 66.9, 73, 78.8, 78.3, 67.5, 66.2, 102, 
74.2, 105, 916, 1482, 136, 934, 2164, 927, 14, 23, 157, 4, 28, 
1, 2, 3, 1, 1, 9, 32, 88, 11, 251, 100, 100, 100, 100, 100, 100, 
100, 100, 100, 100, 100, 2500, 2500, 2500, 2500, 2500, 2500, 
2500, 2500, 2500, 2500, 2500, 6691.88, 6817.368, 6836.21000000001, 
6824.227, 6844.764, 6860.659, 6881.14200000001, 6896.28200000001, 
7884.77099999999, 8733.46399999998, 8697.39300000001, 1, 1, 1, 
1, 1, 1, 1, 1, 1, 1, 1, 0.33333, 0.33333, 0.33333, 0.33333, 0.33333, 
0.33333, 0.33333, 0.33333, 0.33333, 0.33333, 0.33333, 0, 0, 0, 
0, 0, 0, 0, 0, 0, 0, 0, 0, 0, 0, 0, 0, 0, 0, 0, 0, 0, 0, 0.7244, 
0.78214, 0.81667, 0.78194, 0.80889, 0.79808, 0.76091, 0.80227, 
0.80956, 0.81474, 0.80495, 0.71667, 0.75893, 0.77917, 0.77083, 
0.78889, 0.81121, 0.77, 0.80076, 0.81084, 0.82244, 0.81209, 0.0104, 
0.01, 0.0102, 0.011, 0.0131, 0.0121, 0.0116, 0.012, 0.0139, 0.014, 
0.0146, 51.6, 56.8, 61.4, 67.3, 71.1, 77.9, 82.8, 87.4, 93.1, 
99.7, 102.2, 1, 1, 1, 1, 1, 1, 1, 1, 1, 1, 1, 1, 1, 1, 1, 1, 
1, 1, 1, 1, 1, 1, 1, 1, 1, 1, 1, 1, 1, 1, 1, 1, 1, 1, 1, 1, 1, 
1, 1, 1, 1, 1, 1, 1, 2.75, 2.728, 2.73, 2.739, 2.739, 2.741, 
2.734, 2.724, 3.548, 3.432, 3.368), .Dim = c(11L, 40L), .Dimnames = list(
    NULL, c("Sampling", "PSO.cost", "PSO.gamma", "PSO.data.balancing", 
    "PSO.feature.selection", "PSO.valid.acc", "PSO.test.acc", 
    "PSO.train.time", "PSO.n.support.vectors", "PSO.index", "PSO.n.solutions", 
    "PSO.generations", "PSO.n.evaluations", "PSO.cpu.time", "RS.cost", 
    "RS.gamma", "RS.data.balancing", "RS.feature.selection", 
    "RS.valid.acc", "RS.test.acc", "RS.train.time", "RS.n.support.vectors", 
    "RS.index", "RS.n.solutions", "RS.generations", "RS.n.evaluations", 
    "RS.cpu.time", "DF.cost", "DF.gamma", "DF.data.balancing", 
    "DF.feature.selection", "DF.valid.acc", "DF.test.acc", "DF.train.time", 
    "DF.n.support.vectors", "DF.index", "DF.n.solutions", "DF.generations", 
    "DF.n.evaluations", "DF.cpu.time")))
