full <-
structure(c(50, 55, 60, 65, 70, 75, 80, 85, 90, 95, 100, 6.97583, 
8.73714, 1, 1, 3.86524, 1, 7.16876, 0.44797, 1, 3.00941, 2.90656, 
-6.51564, -11.40728, 0.33333, 0.33333, -6.66676, 0.33333, -10.7927, 
-1.06053, 0.33333, -5.46046, -4.08992, 0, 0, 0, 0, 0, 0, 0, 0, 
0, 0, 0, 0, 0, 0, 0, 0, 0, 0, 0, 0, 0, 0, 0.77143, 0.85536, 0.8121, 
0.84167, 0.84306, 0.85091, 0.84424, 0.81136, 0.8035, 0.81401, 
0.82637, 0.72619, 0.84107, 0.7996, 0.85278, 0.84194, 0.85091, 
0.82606, 0.80152, 0.78747, 0.81273, 0.81099, 0.0096, 0.0109, 
0.0114, 0.0111, 0.0118, 0.0133, 0.0114, 0.013, 0.0127, 0.0152, 
0.0143, 32.4, 51.5, 62.1, 66.9, 66.9, 79.3, 81.4, 88.6, 94, 93.5, 
84.5, 186, 2, 1, 1, 8, 1, 55, 1502, 1, 14, 32, 109, 312, 426, 
65, 686, 65, 68, 1, 454, 362, 600, 100, 100, 100, 100, 100, 100, 
100, 100, 100, 100, 100, 2500, 2500, 2500, 2500, 2500, 2500, 
2500, 2500, 2500, 2500, 2500, 6804.703, 6921.483, 6816.211, 6812.164, 
6865.51, 6995.69500000001, 7005.898, 6944.534, 6893.29700000001, 
6959.929, 6797.09400000001, 4.74392, 9.39698, 6.78282, 0.83637, 
0.37029, 8.38606, -0.3059, 0.69359, 9.45667, 4.55291, 12.91762, 
-4.20713, -12.43534, -9.01398, -2.18216, -3.53238, -11.83894, 
-2.58145, -1.10452, -11.11464, -7.23968, -14.40513, 0, 0, 0, 
0, 0, 0, 0, 0, 0, 0, 0, 0, 0, 0, 0, 0, 0, 0, 0, 0, 0, 0, 0.77143, 
0.85536, 0.8121, 0.84167, 0.85306, 0.85091, 0.84424, 0.81136, 
0.8035, 0.81401, 0.82637, 0.74286, 0.83869, 0.7996, 0.85278, 
0.82194, 0.84091, 0.81697, 0.80152, 0.78683, 0.80504, 0.81099, 
0.0102, 0.0098, 0.012, 0.0119, 0.0118, 0.0108, 0.0109, 0.0126, 
0.0144, 0.0158, 0.0133, 33.8, 52.6, 55.5, 63.9, 72.3, 75.9, 83, 
87.6, 72, 94.2, 70.2, 438, 11, 30, 640, 43, 76, 545, 423, 7, 
22, 12, 6, 58, 183, 1, 2, 34, 8, 2, 219, 69, 216, 100, 100, 100, 
100, 100, 100, 100, 100, 100, 100, 100, 2500, 2500, 2500, 2500, 
2500, 2500, 2500, 2500, 2500, 2500, 2500, 6791.758, 7014.898, 
6823.47, 6945.971, 6974.08700000001, 6987.56, 6814.959, 6954.132, 
6755.63100000001, 6815.79300000001, 6752.75599999999, 1, 1, 1, 
1, 1, 1, 1, 1, 1, 1, 1, 0.33333, 0.33333, 0.33333, 0.33333, 0.33333, 
0.33333, 0.33333, 0.33333, 0.33333, 0.33333, 0.33333, 0, 0, 0, 
0, 0, 0, 0, 0, 0, 0, 0, 0, 0, 0, 0, 0, 0, 0, 0, 0, 0, 0, 0.74048, 
0.84107, 0.8121, 0.84167, 0.82306, 0.85091, 0.82424, 0.7947, 
0.8035, 0.80623, 0.81868, 0.70952, 0.84107, 0.7996, 0.85278, 
0.84306, 0.85091, 0.83515, 0.80227, 0.78747, 0.77418, 0.81099, 
0.0112, 0.0107, 0.0117, 0.0115, 0.0114, 0.0118, 0.0114, 0.0132, 
0.0137, 0.0128, 0.0141, 50, 55.8, 62.1, 66.9, 73.1, 79.3, 83.5, 
87.6, 94, 99.4, 102.5, 1, 1, 1, 1, 1, 1, 1, 1, 1, 1, 1, 1, 1, 
1, 1, 1, 1, 1, 1, 1, 1, 1, 1, 1, 1, 1, 1, 1, 1, 1, 1, 1, 1, 1, 
1, 1, 1, 1, 1, 1, 1, 1, 1, 1, 2.819, 2.835, 2.707, 2.745, 2.807, 
2.811, 2.544, 2.804, 2.805, 2.624, 2.681), .Dim = c(11L, 40L), .Dimnames = list(
    NULL, c("Sampling", "PSO.cost", "PSO.gamma", "PSO.data.balancing", 
    "PSO.feature.selection", "PSO.valid.acc", "PSO.test.acc", 
    "PSO.train.time", "PSO.n.support.vectors", "PSO.index", "PSO.n.solutions", 
    "PSO.generations", "PSO.n.evaluations", "PSO.cpu.time", "RS.cost", 
    "RS.gamma", "RS.data.balancing", "RS.feature.selection", 
    "RS.valid.acc", "RS.test.acc", "RS.train.time", "RS.n.support.vectors", 
    "RS.index", "RS.n.solutions", "RS.generations", "RS.n.evaluations", 
    "RS.cpu.time", "DF.cost", "DF.gamma", "DF.data.balancing", 
    "DF.feature.selection", "DF.valid.acc", "DF.test.acc", "DF.train.time", 
    "DF.n.support.vectors", "DF.index", "DF.n.solutions", "DF.generations", 
    "DF.n.evaluations", "DF.cpu.time")))
