full <-
structure(c(50, 55, 60, 65, 70, 75, 80, 85, 90, 95, 100, 0.29691, 
3.65901, 15, 10.30121, 1.01981, 11.35958, 5.20294, -0.24063, 
10.6877, 4.18099, 6.98666, -0.799, -5.50638, -8.5395, -13.88395, 
-0.62989, -14.04536, -9.37955, -3.69006, -13.89048, -4.64571, 
-7.58622, 0, 0, 0, 0, 0, 0, 0, 0, 0, 0, 0, 0, 0, 0, 0, 0, 0, 
0, 0, 0, 0, 0, 0.88214, 0.81667, 0.8125, 0.8875, 0.88222, 0.84253, 
0.79864, 0.82727, 0.80402, 0.83782, 0.83297, 0.84881, 0.81071, 
0.8, 0.82917, 0.83111, 0.81253, 0.77212, 0.76667, 0.79645, 0.82244, 
0.83297, 0.0105, 0.0116, 0.0135, 0.0122, 0.0112, 0.0115, 0.0119, 
0.0125, 0.0133, 0.0131, 0.0154, 51.1, 45.7, 26.6, 63.7, 73.3, 
68.1, 84.1, 89.4, 86, 70.1, 71.8, 449, 115, 283, 1165, 285, 22, 
434, 309, 212, 29, 87, 285, 97, 316, 34, 153, 783, 22, 82, 122, 
132, 570, 100, 100, 100, 100, 100, 100, 100, 100, 100, 100, 100, 
2500, 2500, 2500, 2500, 2500, 2500, 2500, 2500, 2500, 2500, 2500, 
6954.959, 6974.003, 7278.731, 7171.45, 7179.666, 6996.473, 6977.64600000001, 
7199.82000000001, 7135.56300000001, 7041.442, 6984.217, 0.15479, 
1.14222, 12.29144, -0.50808, 2.86701, 8.66237, 3.62627, 3.21609, 
1.19831, 12.24287, 11.93479, -0.87722, -1.27179, -7.17886, -2.06729, 
-1.59249, -10.81175, -7.79258, -7.42824, -4.13487, -12.7825, 
-12.50669, 0, 0, 0, 0, 0, 0, 0, 0, 0, 0, 0, 0, 0, 0, 0, 0, 0, 
0, 0, 0, 0, 0, 0.88214, 0.81667, 0.8125, 0.8875, 0.86111, 0.84253, 
0.79864, 0.82727, 0.80402, 0.83782, 0.83297, 0.84881, 0.78393, 
0.7875, 0.84167, 0.83111, 0.81253, 0.77212, 0.77576, 0.80554, 
0.82244, 0.83297, 0.0103, 0.0101, 0.0119, 0.0115, 0.0113, 0.0121, 
0.0125, 0.0131, 0.013, 0.0131, 0.0151, 51.1, 51.8, 26.9, 67.1, 
59.2, 62, 84.6, 88.7, 90.1, 63.9, 67.2, 1236, 120, 1188, 67, 
408, 9, 432, 48, 1373, 7, 39, 1, 7, 3, 5, 3, 209, 4, 8, 2, 30, 
89, 100, 100, 100, 100, 100, 100, 100, 100, 100, 100, 100, 2500, 
2500, 2500, 2500, 2500, 2500, 2500, 2500, 2500, 2500, 2500, 7084.142, 
7112.524, 7237.017, 7174, 7177.89799999999, 7198.26999999999, 
7275.042, 7304.287, 6900.37800000001, 6977.36799999999, 6972.85000000001, 
1, 1, 1, 1, 1, 1, 1, 1, 1, 1, 1, 0.33333, 0.33333, 0.33333, 0.33333, 
0.33333, 0.33333, 0.33333, 0.33333, 0.33333, 0.33333, 0.33333, 
0, 0, 0, 0, 0, 0, 0, 0, 0, 0, 0, 0, 0, 0, 0, 0, 0, 0, 0, 0, 0, 
0, 0.7869, 0.79167, 0.775, 0.84028, 0.83889, 0.82253, 0.7703, 
0.82576, 0.79003, 0.83013, 0.80989, 0.81786, 0.825, 0.8, 0.8375, 
0.82111, 0.80253, 0.76136, 0.80076, 0.79784, 0.80705, 0.80989, 
0.011, 0.0112, 0.0111, 0.0132, 0.0122, 0.0117, 0.0124, 0.0119, 
0.0129, 0.0135, 0.0132, 49.5, 54.9, 60.2, 66.1, 71.6, 77.4, 82.2, 
88.6, 93.9, 100.3, 101.7, 1, 1, 1, 1, 1, 1, 1, 1, 1, 1, 1, 1, 
1, 1, 1, 1, 1, 1, 1, 1, 1, 1, 1, 1, 1, 1, 1, 1, 1, 1, 1, 1, 1, 
1, 1, 1, 1, 1, 1, 1, 1, 1, 1, 1, 2.951, 2.91, 2.89, 2.906, 2.868, 
2.848, 2.908, 2.644, 2.852, 2.709, 2.617), .Dim = c(11L, 40L), .Dimnames = list(
    NULL, c("Sampling", "PSO.cost", "PSO.gamma", "PSO.data.balancing", 
    "PSO.feature.selection", "PSO.valid.acc", "PSO.test.acc", 
    "PSO.train.time", "PSO.n.support.vectors", "PSO.index", "PSO.n.solutions", 
    "PSO.generations", "PSO.n.evaluations", "PSO.cpu.time", "RS.cost", 
    "RS.gamma", "RS.data.balancing", "RS.feature.selection", 
    "RS.valid.acc", "RS.test.acc", "RS.train.time", "RS.n.support.vectors", 
    "RS.index", "RS.n.solutions", "RS.generations", "RS.n.evaluations", 
    "RS.cpu.time", "DF.cost", "DF.gamma", "DF.data.balancing", 
    "DF.feature.selection", "DF.valid.acc", "DF.test.acc", "DF.train.time", 
    "DF.n.support.vectors", "DF.index", "DF.n.solutions", "DF.generations", 
    "DF.n.evaluations", "DF.cpu.time")))
