full <-
structure(c(50, 55, 60, 65, 70, 75, 80, 85, 90, 95, 100, 6.60687, 
10.68753, 10.14494, 2.12306, 8.39265, 7.6693, 12.68975, 2.43662, 
7.87622, 8.45536, 12.70502, -8.85852, -12.92342, -11.9191, -4.73857, 
-10.80069, -10.76822, -14.60676, -6.00932, -11.78616, -8.05489, 
-14.79951, 0, 0, 0, 0, 0, 0, 0, 0, 0, 0, 0, 0, 0, 0, 0, 0, 0, 
0, 0, 0, 0, 0, 0.83095, 0.77679, 0.84365, 0.81667, 0.80889, 0.81545, 
0.85182, 0.81847, 0.8299, 0.82821, 0.80385, 0.8119, 0.75357, 
0.84365, 0.82917, 0.80889, 0.80545, 0.84273, 0.76469, 0.81247, 
0.82051, 0.7967, 0.0119, 0.0109, 0.0098, 0.0103, 0.0107, 0.0111, 
0.0108, 0.0117, 0.0128, 0.0165, 0.0129, 45.9, 49, 49.4, 60.1, 
61.1, 72.3, 63.8, 88.2, 92.4, 67, 79.5, 247, 15, 24, 32, 300, 
58, 106, 233, 167, 7, 19, 55, 253, 341, 62, 85, 155, 98, 71, 
90, 1164, 373, 100, 100, 100, 100, 100, 100, 100, 100, 100, 100, 
100, 2500, 2500, 2500, 2500, 2500, 2500, 2500, 2500, 2500, 2500, 
2500, 8958.414, 8897.758, 6745.338, 6749.743, 6753.825, 6779.643, 
6780.158, 6806.85800000001, 6837.11599999999, 6899.23300000001, 
6813.76799999998, 1.85617, 7.84424, 7.7517, 1.65931, 9.67152, 
3.85954, 6.02981, 3.49781, 7.23033, 11.17831, 4.70856, -3.42318, 
-9.91033, -9.07995, -4.29964, -12.14581, -6.97786, -7.97554, 
-7.09606, -11.07982, -12.956, -6.76919, 0, 0, 0, 0, 0, 0, 0, 
0, 0, 0, 0, 0, 0, 0, 0, 0, 0, 0, 0, 0, 0, 0, 0.83095, 0.77679, 
0.84365, 0.81667, 0.80889, 0.81545, 0.85182, 0.81847, 0.8299, 
0.82821, 0.80385, 0.79762, 0.75357, 0.81032, 0.82917, 0.78667, 
0.80545, 0.84273, 0.76469, 0.81247, 0.82051, 0.7967, 0.0112, 
0.0121, 0.0116, 0.0104, 0.0114, 0.0114, 0.0137, 0.0122, 0.0121, 
0.0123, 0.016, 45.9, 47.7, 45.5, 60.8, 62, 72.5, 71.5, 88.1, 
91.9, 71.6, 92, 521, 12, 24, 197, 1349, 57, 117, 299, 131, 12, 
7, 4, 22, 74, 7, 3, 27, 10, 13, 6, 365, 107, 100, 100, 100, 100, 
100, 100, 100, 100, 100, 100, 100, 2500, 2500, 2500, 2500, 2500, 
2500, 2500, 2500, 2500, 2500, 2500, 8966.16, 8223.352, 6748.32900000001, 
6739.521, 6760.023, 6759.982, 6782.678, 6813.43799999999, 6846.194, 
6820.117, 6886.171, 1, 1, 1, 1, 1, 1, 1, 1, 1, 1, 1, 0.33333, 
0.33333, 0.33333, 0.33333, 0.33333, 0.33333, 0.33333, 0.33333, 
0.33333, 0.33333, 0.33333, 0, 0, 0, 0, 0, 0, 0, 0, 0, 0, 0, 0, 
0, 0, 0, 0, 0, 0, 0, 0, 0, 0, 0.76905, 0.67857, 0.79782, 0.74722, 
0.78778, 0.80545, 0.82455, 0.81772, 0.81171, 0.80449, 0.78846, 
0.7381, 0.73929, 0.825, 0.80556, 0.80667, 0.79343, 0.79727, 0.78071, 
0.83759, 0.81282, 0.81154, 0.0111, 0.0097, 0.0099, 0.0115, 0.0109, 
0.0116, 0.0121, 0.0128, 0.0136, 0.013, 0.0134, 51.2, 54.7, 60.3, 
65.1, 69.6, 75.8, 81.9, 90.1, 94.6, 99.8, 103, 1, 1, 1, 1, 1, 
1, 1, 1, 1, 1, 1, 1, 1, 1, 1, 1, 1, 1, 1, 1, 1, 1, 1, 1, 1, 1, 
1, 1, 1, 1, 1, 1, 1, 1, 1, 1, 1, 1, 1, 1, 1, 1, 1, 1, 3.376, 
2.687, 2.684, 2.699, 2.709, 2.684, 2.705, 2.71, 2.719, 2.684, 
2.748), .Dim = c(11L, 40L), .Dimnames = list(NULL, c("Sampling", 
"PSO.cost", "PSO.gamma", "PSO.data.balancing", "PSO.feature.selection", 
"PSO.valid.acc", "PSO.test.acc", "PSO.train.time", "PSO.n.support.vectors", 
"PSO.index", "PSO.n.solutions", "PSO.generations", "PSO.n.evaluations", 
"PSO.cpu.time", "RS.cost", "RS.gamma", "RS.data.balancing", "RS.feature.selection", 
"RS.valid.acc", "RS.test.acc", "RS.train.time", "RS.n.support.vectors", 
"RS.index", "RS.n.solutions", "RS.generations", "RS.n.evaluations", 
"RS.cpu.time", "DF.cost", "DF.gamma", "DF.data.balancing", "DF.feature.selection", 
"DF.valid.acc", "DF.test.acc", "DF.train.time", "DF.n.support.vectors", 
"DF.index", "DF.n.solutions", "DF.generations", "DF.n.evaluations", 
"DF.cpu.time")))
