full <-
structure(c(50, 55, 60, 65, 70, 75, 80, 85, 90, 95, 100, 15, 
4.46662, 8.46777, 1.81815, 0.15807, 6.68401, 7.09591, 11.25382, 
8.84063, 2.46827, 10.82776, -14.31537, -5.56334, -9.69573, -2.03945, 
-0.58141, -7.07185, -10.61338, -14.33649, -12.78073, -6.06833, 
-12.15577, 0, 0, 0, 0, 0, 0, 0, 0, 0, 0, 0, 0, 0, 0, 0, 0, 0, 
0, 0, 0, 0, 0, 0.89762, 0.86429, 0.83988, 0.8625, 0.84222, 0.84596, 
0.81455, 0.82617, 0.85157, 0.83645, 0.83352, 0.85238, 0.82321, 
0.81488, 0.82778, 0.79667, 0.84101, 0.78727, 0.82488, 0.84108, 
0.80678, 0.82637, 0.0105, 0.0109, 0.0133, 0.012, 0.0116, 0.012, 
0.011, 0.0112, 0.0119, 0.0134, 0.0139, 29.3, 41.5, 45.8, 54.8, 
74.5, 49.1, 79.6, 78.2, 92.1, 99.8, 70.4, 307, 168, 45, 212, 
2375, 31, 189, 199, 320, 25, 32, 56, 46, 456, 333, 1, 144, 100, 
14, 123, 886, 479, 100, 100, 100, 100, 100, 100, 100, 100, 100, 
100, 100, 2500, 2500, 2500, 2500, 2500, 2500, 2500, 2500, 2500, 
2500, 2500, 6765.143, 7027.355, 7107.59, 6872.761, 6713.747, 
6774.87300000001, 6704.727, 6710.66100000001, 6666.66099999999, 
6670.54400000001, 6642.36499999999, -0.22397, 10.01533, 12.18109, 
2.27982, 1.3343, 11.94635, 3.29363, -0.91392, 10.94498, 4.74238, 
11.65971, -1.18221, -11.72705, -13.81541, -2.40685, -0.89941, 
-12.72387, -6.87788, -2.01394, -14.97761, -7.52611, -13.48062, 
0, 0, 0, 0, 0, 0, 0, 0, 0, 0, 0, 0, 0, 0, 0, 0, 0, 0, 0, 0, 0, 
0, 0.89762, 0.85, 0.83988, 0.8625, 0.84111, 0.84596, 0.81455, 
0.8278, 0.85157, 0.83645, 0.83352, 0.86667, 0.8375, 0.82738, 
0.82778, 0.81889, 0.81172, 0.79636, 0.78094, 0.84108, 0.82216, 
0.83352, 0.0095, 0.01, 0.0106, 0.0103, 0.0121, 0.0105, 0.0113, 
0.0118, 0.0117, 0.0169, 0.0123, 52.1, 43.6, 44.6, 50.2, 71.8, 
47.8, 81, 89.9, 92.3, 97.6, 73.1, 1301, 9, 22, 65, 24, 219, 32, 
1014, 49, 35, 13, 2, 138, 97, 4, 9, 15, 12, 1, 14, 190, 132, 
100, 100, 100, 100, 100, 100, 100, 100, 100, 100, 100, 2500, 
2500, 2500, 2500, 2500, 2500, 2500, 2500, 2500, 2500, 2500, 6824.661, 
7086.979, 7047.502, 6701.201, 6715.87500000001, 6679.47899999999, 
6702.73400000001, 6675.43000000001, 6589.61, 6644.034, 6750.73299999998, 
1, 1, 1, 1, 1, 1, 1, 1, 1, 1, 1, 0.33333, 0.33333, 0.33333, 0.33333, 
0.33333, 0.33333, 0.33333, 0.33333, 0.33333, 0.33333, 0.33333, 
0, 0, 0, 0, 0, 0, 0, 0, 0, 0, 0, 0, 0, 0, 0, 0, 0, 0, 0, 0, 0, 
0, 0.86667, 0.82321, 0.81131, 0.84028, 0.81778, 0.82374, 0.79545, 
0.80117, 0.81952, 0.79853, 0.81868, 0.85238, 0.82321, 0.8131, 
0.82639, 0.84, 0.85505, 0.76909, 0.82564, 0.82721, 0.79139, 0.82582, 
0.0098, 0.0115, 0.0108, 0.0103, 0.0107, 0.0115, 0.0111, 0.0113, 
0.0134, 0.0131, 0.0144, 51.2, 56, 59.8, 64.9, 72, 76, 82.3, 86.2, 
94.2, 99.5, 101.7, 1, 1, 1, 1, 1, 1, 1, 1, 1, 1, 1, 1, 1, 1, 
1, 1, 1, 1, 1, 1, 1, 1, 1, 1, 1, 1, 1, 1, 1, 1, 1, 1, 1, 1, 1, 
1, 1, 1, 1, 1, 1, 1, 1, 1, 2.616, 2.851, 2.803, 2.555, 2.578, 
2.584, 2.544, 2.533, 2.664, 2.576, 2.755), .Dim = c(11L, 40L), .Dimnames = list(
    NULL, c("Sampling", "PSO.cost", "PSO.gamma", "PSO.data.balancing", 
    "PSO.feature.selection", "PSO.valid.acc", "PSO.test.acc", 
    "PSO.train.time", "PSO.n.support.vectors", "PSO.index", "PSO.n.solutions", 
    "PSO.generations", "PSO.n.evaluations", "PSO.cpu.time", "RS.cost", 
    "RS.gamma", "RS.data.balancing", "RS.feature.selection", 
    "RS.valid.acc", "RS.test.acc", "RS.train.time", "RS.n.support.vectors", 
    "RS.index", "RS.n.solutions", "RS.generations", "RS.n.evaluations", 
    "RS.cpu.time", "DF.cost", "DF.gamma", "DF.data.balancing", 
    "DF.feature.selection", "DF.valid.acc", "DF.test.acc", "DF.train.time", 
    "DF.n.support.vectors", "DF.index", "DF.n.solutions", "DF.generations", 
    "DF.n.evaluations", "DF.cpu.time")))
