full <-
structure(c(50, 55, 60, 65, 70, 75, 80, 85, 90, 95, 100, 11.56698, 
11.37113, 5.5791, 2.0682, 0.59981, 7.3573, 6.16577, 7.66548, 
2.82397, 4.8318, 9.56566, -9.96744, -15, -7.54988, -1.96686, 
-2.34824, -9.42476, -8.31981, -8.95305, -5.75551, -3.64836, -11.6952, 
0, 0, 0, 0, 0, 0, 0, 0, 0, 0, 0, 0, 0, 0, 0, 0, 0, 0, 0, 0, 0, 
0, 0.81667, 0.76369, 0.7875, 0.76806, 0.77828, 0.80303, 0.84364, 
0.81643, 0.82821, 0.81438, 0.83282, 0.81905, 0.75833, 0.7375, 
0.75417, 0.75808, 0.77414, 0.83455, 0.80659, 0.81218, 0.76932, 
0.82615, 0.0122, 0.0109, 0.0109, 0.0114, 0.011, 0.0127, 0.0147, 
0.0146, 0.013, 0.014, 0.0133, 29.3, 56.5, 52.4, 56.4, 65.4, 64.1, 
74.7, 65.4, 87.4, 70.8, 77.7, 130, 26, 153, 2258, 2075, 61, 44, 
44, 1905, 212, 5, 89, 158, 46, 1, 2, 166, 433, 250, 2, 508, 310, 
100, 100, 100, 100, 100, 100, 100, 100, 100, 100, 100, 2500, 
2500, 2500, 2500, 2500, 2500, 2500, 2500, 2500, 2500, 2500, 7103.057, 
7107.352, 7119.474, 7042.711, 7241.433, 7034.03999999999, 7063.667, 
7200.185, 6946.49699999999, 7270.27100000001, 7276.81, 10.80269, 
5.46181, 7.33742, 0.13561, 9.19862, 7.60115, 3.60229, 2.0396, 
1.43001, -0.86906, 11.95157, -9.20423, -7.33327, -9.19866, -2.09258, 
-11.1941, -9.64393, -5.16379, -2.33678, -4.23188, -2.61491, -13.80454, 
0, 0, 0, 0, 0, 0, 0, 0, 0, 0, 0, 0, 0, 0, 0, 0, 0, 0, 0, 0, 0, 
0, 0.81667, 0.76369, 0.775, 0.76667, 0.76919, 0.80303, 0.84364, 
0.81719, 0.82821, 0.80907, 0.83282, 0.81905, 0.73571, 0.7625, 
0.76806, 0.74697, 0.77414, 0.84364, 0.78007, 0.81218, 0.79368, 
0.82615, 0.0119, 0.0111, 0.0113, 0.0116, 0.0141, 0.0123, 0.0123, 
0.0128, 0.013, 0.0139, 0.0131, 29.3, 45.3, 50.9, 65.9, 56.2, 
63.7, 68.1, 71.1, 88, 98.9, 74.6, 450, 40, 91, 765, 104, 89, 
16, 921, 648, 2114, 6, 4, 47, 26, 2, 34, 18, 116, 1, 5, 1, 46, 
100, 100, 100, 100, 100, 100, 100, 100, 100, 100, 100, 2500, 
2500, 2500, 2500, 2500, 2500, 2500, 2500, 2500, 2500, 2500, 7086.391, 
7119.694, 7107.062, 7121.446, 7138.54500000001, 7041.65300000001, 
6978.31600000001, 7099.54599999999, 7199.382, 7266.47899999999, 
7214.777, 1, 1, 1, 1, 1, 1, 1, 1, 1, 1, 1, 0.33333, 0.33333, 
0.33333, 0.33333, 0.33333, 0.33333, 0.33333, 0.33333, 0.33333, 
0.33333, 0.33333, 0, 0, 0, 0, 0, 0, 0, 0, 0, 0, 0, 0, 0, 0, 0, 
0, 0, 0, 0, 0, 0, 0, 0.77381, 0.7369, 0.7375, 0.74306, 0.74495, 
0.75394, 0.80727, 0.78007, 0.78654, 0.79249, 0.79744, 0.75952, 
0.73512, 0.7125, 0.77917, 0.73586, 0.74596, 0.82545, 0.78083, 
0.80385, 0.80018, 0.8041, 0.0104, 0.0108, 0.0106, 0.0111, 0.0116, 
0.0121, 0.0133, 0.0126, 0.0137, 0.0139, 0.0142, 49.8, 56, 61.8, 
66.5, 69.7, 76.6, 83.1, 88.6, 92.7, 100.5, 102.4, 1, 1, 1, 1, 
1, 1, 1, 1, 1, 1, 1, 1, 1, 1, 1, 1, 1, 1, 1, 1, 1, 1, 1, 1, 1, 
1, 1, 1, 1, 1, 1, 1, 1, 1, 1, 1, 1, 1, 1, 1, 1, 1, 1, 1, 2.861, 
2.873, 2.849, 2.849, 2.906, 2.911, 2.911, 2.829, 2.925, 2.874, 
2.781), .Dim = c(11L, 40L), .Dimnames = list(NULL, c("Sampling", 
"PSO.cost", "PSO.gamma", "PSO.data.balancing", "PSO.feature.selection", 
"PSO.valid.acc", "PSO.test.acc", "PSO.train.time", "PSO.n.support.vectors", 
"PSO.index", "PSO.n.solutions", "PSO.generations", "PSO.n.evaluations", 
"PSO.cpu.time", "RS.cost", "RS.gamma", "RS.data.balancing", "RS.feature.selection", 
"RS.valid.acc", "RS.test.acc", "RS.train.time", "RS.n.support.vectors", 
"RS.index", "RS.n.solutions", "RS.generations", "RS.n.evaluations", 
"RS.cpu.time", "DF.cost", "DF.gamma", "DF.data.balancing", "DF.feature.selection", 
"DF.valid.acc", "DF.test.acc", "DF.train.time", "DF.n.support.vectors", 
"DF.index", "DF.n.solutions", "DF.generations", "DF.n.evaluations", 
"DF.cpu.time")))
