full <-
structure(c(50, 55, 60, 65, 70, 75, 80, 85, 90, 95, 100, 6.34146, 
11.0114, 11.34296, -0.50651, 4.83202, 4.1719, 7.86198, -0.92786, 
0.74046, 0.79198, 1, -7.96868, -6.73394, -15, -1.16137, -8.33219, 
-7.91988, -11.52396, -1.87788, -4.18577, -4.3065, 0.33333, 0, 
0, 0, 0, 0, 0, 0, 0, 0, 0, 0, 0, 0, 0, 0, 0, 0, 0, 0, 0, 0, 0, 
0.80476, 0.82262, 0.77619, 0.83056, 0.82111, 0.82192, 0.83182, 
0.81061, 0.79062, 0.82179, 0.81758, 0.75952, 0.72619, 0.76508, 
0.79583, 0.75667, 0.79283, 0.80364, 0.80227, 0.78153, 0.79872, 
0.80989, 0.0095, 0.0106, 0.0108, 0.0103, 0.011, 0.0107, 0.0113, 
0.0123, 0.0123, 0.0127, 0.0136, 38.3, 30, 59.4, 66.1, 69.4, 73.9, 
80.4, 89.4, 91.5, 97.9, 101, 76, 137, 36, 747, 200, 162, 27, 
1976, 1230, 245, 1, 231, 387, 124, 71, 76, 66, 202, 8, 6, 80, 
476, 100, 100, 100, 100, 100, 100, 100, 100, 100, 100, 100, 2500, 
2500, 2500, 2500, 2500, 2500, 2500, 2500, 2500, 2500, 2500, 6372.167, 
6452.07, 6529.747, 6498.691, 6500.63, 6481.313, 6497.04800000001, 
6508.912, 6540.202, 6582.74200000001, 8808.351, 2.84706, 14.34782, 
9.54133, 0.72272, 9.58796, 8.81663, 1.67559, -0.21313, 4.02477, 
1.86957, 7.83406, -3.7334, -8.53095, -13.3384, -0.89812, -13.06232, 
-12.59104, -4.91253, -0.16691, -7.72284, -5.44488, -9.81743, 
0, 0, 0, 0, 0, 0, 0, 0, 0, 0, 0, 0, 0, 0, 0, 0, 0, 0, 0, 0, 0, 
0, 0.80714, 0.82262, 0.77619, 0.82083, 0.82111, 0.82192, 0.83182, 
0.80227, 0.79062, 0.82179, 0.81758, 0.74286, 0.72857, 0.76508, 
0.82083, 0.75667, 0.79283, 0.82182, 0.80303, 0.78153, 0.80705, 
0.82527, 0.0094, 0.0129, 0.0101, 0.0105, 0.0102, 0.011, 0.0115, 
0.012, 0.0126, 0.0126, 0.0185, 36.9, 29.8, 60, 64.5, 68.5, 73.8, 
80.6, 92, 90.4, 97.5, 85.9, 454, 180, 39, 548, 258, 238, 3, 429, 
1881, 345, 5, 1, 17, 40, 3, 3, 4, 47, 1, 1, 11, 203, 100, 100, 
100, 100, 100, 100, 100, 100, 100, 100, 100, 2500, 2500, 2500, 
2500, 2500, 2500, 2500, 2500, 2500, 2500, 2500, 6396.282, 6460.605, 
6525.736, 6486.385, 6503.248, 6489.177, 6530.7, 6546.10400000001, 
6560.667, 6991.681, 8831.09099999999, 1, 1, 1, 1, 1, 1, 1, 1, 
1, 1, 1, 0.33333, 0.33333, 0.33333, 0.33333, 0.33333, 0.33333, 
0.33333, 0.33333, 0.33333, 0.33333, 0.33333, 0, 0, 0, 0, 0, 0, 
0, 0, 0, 0, 0, 0, 0, 0, 0, 0, 0, 0, 0, 0, 0, 0, 0.73095, 0.74405, 
0.7619, 0.80833, 0.77889, 0.80374, 0.82273, 0.79318, 0.78432, 
0.79744, 0.81758, 0.74524, 0.70655, 0.73829, 0.80694, 0.77778, 
0.78465, 0.82182, 0.77424, 0.78153, 0.8141, 0.80989, 0.0093, 
0.0098, 0.0101, 0.0104, 0.011, 0.0113, 0.0118, 0.0119, 0.0124, 
0.0138, 0.0142, 48.5, 54.6, 58.4, 62.8, 70.2, 76.3, 84, 87.7, 
93.7, 99.7, 101, 1, 1, 1, 1, 1, 1, 1, 1, 1, 1, 1, 1, 1, 1, 1, 
1, 1, 1, 1, 1, 1, 1, 1, 1, 1, 1, 1, 1, 1, 1, 1, 1, 1, 1, 1, 1, 
1, 1, 1, 1, 1, 1, 1, 1, 2.566, 2.587, 2.608, 2.58, 2.58, 2.57, 
2.585, 2.618, 2.594, 3.535, 3.515), .Dim = c(11L, 40L), .Dimnames = list(
    NULL, c("Sampling", "PSO.cost", "PSO.gamma", "PSO.data.balancing", 
    "PSO.feature.selection", "PSO.valid.acc", "PSO.test.acc", 
    "PSO.train.time", "PSO.n.support.vectors", "PSO.index", "PSO.n.solutions", 
    "PSO.generations", "PSO.n.evaluations", "PSO.cpu.time", "RS.cost", 
    "RS.gamma", "RS.data.balancing", "RS.feature.selection", 
    "RS.valid.acc", "RS.test.acc", "RS.train.time", "RS.n.support.vectors", 
    "RS.index", "RS.n.solutions", "RS.generations", "RS.n.evaluations", 
    "RS.cpu.time", "DF.cost", "DF.gamma", "DF.data.balancing", 
    "DF.feature.selection", "DF.valid.acc", "DF.test.acc", "DF.train.time", 
    "DF.n.support.vectors", "DF.index", "DF.n.solutions", "DF.generations", 
    "DF.n.evaluations", "DF.cpu.time")))
