full <-
structure(c(50, 55, 60, 65, 70, 75, 80, 85, 90, 95, 100, 4.14299, 
6.46095, 12.29796, -0.18506, 7.22814, 5.30444, 6.58645, 0.16932, 
3.36933, -0.72428, 1.00059, -5.47929, -8.35376, -14.4115, -2.01608, 
-11.51301, -7.51243, -9.73491, -2.0999, -7.46861, -1.3596, -4.68399, 
0, 0, 0, 0, 0, 0, 0, 0, 0, 0, 0, 0, 0, 0, 0, 0, 0, 0, 0, 0, 0, 
0, 0.7881, 0.81964, 0.83452, 0.8, 0.81333, 0.82051, 0.84273, 
0.82576, 0.85437, 0.81456, 0.83407, 0.77143, 0.76786, 0.83452, 
0.8025, 0.80444, 0.80828, 0.82364, 0.80909, 0.82168, 0.79799, 
0.84835, 0.0103, 0.0118, 0.0107, 0.0097, 0.0109, 0.0127, 0.0122, 
0.0133, 0.013, 0.0131, 0.0137, 41.9, 49.1, 50.7, 66.6, 74, 68.4, 
77.5, 87.3, 92.7, 100.8, 100.5, 13, 3, 9, 958, 229, 29, 585, 
1297, 87, 468, 9, 525, 439, 586, 136, 79, 190, 7, 32, 169, 380, 
723, 100, 100, 100, 100, 100, 100, 100, 100, 100, 100, 100, 2500, 
2500, 2500, 2500, 2500, 2500, 2500, 2500, 2500, 2500, 2500, 6672.166, 
6925.362, 6918.918, 6633.48100000001, 6720.749, 6625.39199999999, 
6650.72, 6912.988, 6767.03200000001, 6543.45700000001, 6503.71299999999, 
8.74354, 8.62788, 1.61234, -0.19005, 10.59186, 4.00057, 8.22928, 
0.09794, 10.02795, -0.28239, -0.85825, -10.76555, -10.43893, 
-3.15228, -1.58245, -14.85588, -6.27243, -11.36946, -2.27076, 
-14.15963, -2.84575, -2.36941, 0, 0, 0, 0, 0, 0, 0, 0, 0, 0, 
0, 0, 0, 0, 0, 0, 0, 0, 0, 0, 0, 0, 0.7881, 0.81964, 0.83452, 
0.8, 0.81333, 0.82051, 0.84273, 0.82576, 0.85437, 0.81456, 0.83462, 
0.76905, 0.76786, 0.82202, 0.79028, 0.80444, 0.80828, 0.82364, 
0.80909, 0.82168, 0.80568, 0.81044, 0.0103, 0.0116, 0.0109, 0.0112, 
0.0109, 0.0128, 0.0117, 0.0128, 0.0126, 0.0132, 0.0129, 43.9, 
47.7, 56.7, 67.1, 73.9, 69.3, 76.4, 87.4, 91.1, 98.5, 102.7, 
30, 2, 11, 36, 164, 20, 300, 1373, 132, 106, 1938, 114, 89, 188, 
2, 10, 32, 2, 1, 19, 5, 1, 100, 100, 100, 100, 100, 100, 100, 
100, 100, 100, 100, 2500, 2500, 2500, 2500, 2500, 2500, 2500, 
2500, 2500, 2500, 2500, 6863.568, 6909.37, 6634.729, 6738.92000000001, 
6551.416, 6616.15800000001, 6685.231, 6841.78199999999, 6780.74200000001, 
6422.64999999999, 6432.32299999997, 1, 1, 1, 1, 1, 1, 1, 1, 1, 
1, 1, 0.33333, 0.33333, 0.33333, 0.33333, 0.33333, 0.33333, 0.33333, 
0.33333, 0.33333, 0.33333, 0.33333, 0, 0, 0, 0, 0, 0, 0, 0, 0, 
0, 0, 0, 0, 0, 0, 0, 0, 0, 0, 0, 0, 0, 0.73571, 0.77857, 0.77302, 
0.77778, 0.77222, 0.7703, 0.82364, 0.80833, 0.8127, 0.80687, 
0.82637, 0.71905, 0.73929, 0.7998, 0.77917, 0.80333, 0.79939, 
0.83273, 0.80909, 0.80437, 0.79029, 0.82637, 0.0106, 0.0101, 
0.011, 0.0111, 0.0114, 0.0122, 0.0124, 0.0131, 0.0133, 0.0134, 
0.0131, 50.2, 55.3, 62.3, 66.6, 72.5, 75.4, 84.1, 88.1, 92.7, 
98.5, 101.9, 1, 1, 1, 1, 1, 1, 1, 1, 1, 1, 1, 1, 1, 1, 1, 1, 
1, 1, 1, 1, 1, 1, 1, 1, 1, 1, 1, 1, 1, 1, 1, 1, 1, 1, 1, 1, 1, 
1, 1, 1, 1, 1, 1, 1, 2.774, 2.658, 2.748, 2.75, 2.725, 2.747, 
2.761, 2.715, 2.698, 2.709, 2.561), .Dim = c(11L, 40L), .Dimnames = list(
    NULL, c("Sampling", "PSO.cost", "PSO.gamma", "PSO.data.balancing", 
    "PSO.feature.selection", "PSO.valid.acc", "PSO.test.acc", 
    "PSO.train.time", "PSO.n.support.vectors", "PSO.index", "PSO.n.solutions", 
    "PSO.generations", "PSO.n.evaluations", "PSO.cpu.time", "RS.cost", 
    "RS.gamma", "RS.data.balancing", "RS.feature.selection", 
    "RS.valid.acc", "RS.test.acc", "RS.train.time", "RS.n.support.vectors", 
    "RS.index", "RS.n.solutions", "RS.generations", "RS.n.evaluations", 
    "RS.cpu.time", "DF.cost", "DF.gamma", "DF.data.balancing", 
    "DF.feature.selection", "DF.valid.acc", "DF.test.acc", "DF.train.time", 
    "DF.n.support.vectors", "DF.index", "DF.n.solutions", "DF.generations", 
    "DF.n.evaluations", "DF.cpu.time")))
