full <-
structure(c(50, 55, 60, 65, 70, 75, 80, 85, 90, 95, 100, 9.19829, 
1, 1, 1.60966, 6.35559, 1, -0.14744, 4.65446, 9.99349, 1.76933, 
-0.3824, -10.86718, 0.33333, 0.33333, -3.59174, -8.8169, 0.33333, 
-1.26833, -8.82224, -13.97154, -1.81271, -3.30386, 0, 0, 0, 0, 
0, 0, 0, 0, 0, 0, 0, 0, 0, 0, 0, 0, 0, 0, 0, 0, 0, 0, 0.81429, 
0.78571, 0.80992, 0.83111, 0.76667, 0.84, 0.82818, 0.85303, 0.79336, 
0.82885, 0.80659, 0.78333, 0.74821, 0.78313, 0.8075, 0.71222, 
0.81091, 0.81742, 0.81894, 0.79272, 0.80513, 0.78297, 0.0111, 
0.0113, 0.0113, 0.011, 0.0124, 0.0112, 0.0127, 0.0115, 0.0128, 
0.0137, 0.0147, 42.4, 56.9, 62, 62, 67, 77.6, 83.6, 89.2, 92.7, 
84.9, 102.4, 27, 1, 1, 103, 170, 1, 1120, 1028, 193, 60, 216, 
196, 41, 18, 70, 153, 270, 94, 21, 34, 112, 56, 100, 100, 100, 
100, 100, 100, 100, 100, 100, 100, 100, 2500, 2500, 2500, 2500, 
2500, 2500, 2500, 2500, 2500, 2500, 2500, 6923.692, 6960.402, 
6882.64, 6770.556, 6966.03, 6967.74099999999, 6926.31599999999, 
6842.768, 6897.54300000001, 6990.864, 7072.78900000002, 1.39786, 
0.63371, 0.02833, 1.3889, 7.36265, 0.74404, -0.32481, 0.10565, 
-1.31909, 0.69901, -0.19062, -2.73769, -2.52681, -1.37526, -3.34121, 
-9.80284, -2.78594, -1.51489, -3.99973, -2.06449, -0.78046, -1.28565, 
0, 0, 0, 0, 0, 0, 0, 0, 0, 0, 0, 0, 0, 0, 0, 0, 0, 0, 0, 0, 0, 
0, 0.81429, 0.78571, 0.80992, 0.83111, 0.76667, 0.84, 0.82727, 
0.85303, 0.794, 0.82885, 0.80659, 0.79762, 0.76071, 0.79563, 
0.8075, 0.71222, 0.82091, 0.82652, 0.81061, 0.794, 0.82051, 0.7989, 
0.01, 0.01, 0.0113, 0.0113, 0.0125, 0.0113, 0.0128, 0.0121, 0.0131, 
0.014, 0.0145, 49.4, 55.3, 62.3, 62.9, 65.4, 74.4, 83.1, 90.5, 
96.6, 100.5, 103.4, 11, 1356, 164, 1093, 36, 66, 466, 340, 526, 
872, 496, 46, 1, 3, 3, 7, 14, 2, 4, 1, 5, 1, 100, 100, 100, 100, 
100, 100, 100, 100, 100, 100, 100, 2500, 2500, 2500, 2500, 2500, 
2500, 2500, 2500, 2500, 2500, 2500, 6945.679, 6975.688, 6821.502, 
6925.113, 6968.501, 6960.515, 6777.719, 6612.792, 6979.527, 7062.514, 
6895.98499999999, 1, 1, 1, 1, 1, 1, 1, 1, 1, 1, 1, 0.33333, 0.33333, 
0.33333, 0.33333, 0.33333, 0.33333, 0.33333, 0.33333, 0.33333, 
0.33333, 0.33333, 0, 0, 0, 0, 0, 0, 0, 0, 0, 0, 0, 0, 0, 0, 0, 
0, 0, 0, 0, 0, 0, 0, 0.74048, 0.78571, 0.80992, 0.79639, 0.73333, 
0.84, 0.81818, 0.82727, 0.77657, 0.82115, 0.7989, 0.79762, 0.74821, 
0.78313, 0.81722, 0.74556, 0.81091, 0.81818, 0.83561, 0.80105, 
0.81346, 0.79835, 0.0098, 0.0101, 0.0112, 0.0106, 0.0117, 0.0121, 
0.0116, 0.013, 0.0133, 0.0142, 0.0132, 52, 56.9, 62, 66.6, 71.8, 
77.6, 82.2, 88.5, 94.4, 99.3, 102.1, 1, 1, 1, 1, 1, 1, 1, 1, 
1, 1, 1, 1, 1, 1, 1, 1, 1, 1, 1, 1, 1, 1, 1, 1, 1, 1, 1, 1, 1, 
1, 1, 1, 1, 1, 1, 1, 1, 1, 1, 1, 1, 1, 1, 1, 2.79, 2.778, 2.731, 
2.773, 2.795, 2.798, 2.642, 2.763, 2.776, 2.782, 2.557), .Dim = c(11L, 
40L), .Dimnames = list(NULL, c("Sampling", "PSO.cost", "PSO.gamma", 
"PSO.data.balancing", "PSO.feature.selection", "PSO.valid.acc", 
"PSO.test.acc", "PSO.train.time", "PSO.n.support.vectors", "PSO.index", 
"PSO.n.solutions", "PSO.generations", "PSO.n.evaluations", "PSO.cpu.time", 
"RS.cost", "RS.gamma", "RS.data.balancing", "RS.feature.selection", 
"RS.valid.acc", "RS.test.acc", "RS.train.time", "RS.n.support.vectors", 
"RS.index", "RS.n.solutions", "RS.generations", "RS.n.evaluations", 
"RS.cpu.time", "DF.cost", "DF.gamma", "DF.data.balancing", "DF.feature.selection", 
"DF.valid.acc", "DF.test.acc", "DF.train.time", "DF.n.support.vectors", 
"DF.index", "DF.n.solutions", "DF.generations", "DF.n.evaluations", 
"DF.cpu.time")))
