full <-
structure(c(50, 55, 60, 65, 70, 75, 80, 85, 90, 95, 100, 8.02733, 
12.54016, 8.40378, 5.8058, 13.58159, 4.16736, 3.46238, 3.1357, 
10.51824, 3.67035, 3.94206, -9.63985, -15, -10.39001, -8.56945, 
-14.91885, -6.36321, -4.01683, -5.29447, -12.58749, -5.91904, 
-6.68208, 0, 0, 0, 0, 0, 0, 0, 0, 0, 0, 0, 0, 0, 0, 0, 0, 0, 
0, 0, 0, 0, 0, 0.77381, 0.82599, 0.87242, 0.83889, 0.86111, 0.83121, 
0.81455, 0.84522, 0.82756, 0.8141, 0.84154, 0.7881, 0.79425, 
0.87242, 0.82778, 0.83111, 0.82212, 0.82364, 0.84522, 0.82051, 
0.82179, 0.81385, 0.0114, 0.0109, 0.0135, 0.0124, 0.0118, 0.0134, 
0.013, 0.0137, 0.0133, 0.0149, 0.0159, 43.7, 50.9, 53.2, 63.4, 
50.7, 71.6, 66, 81.4, 72.4, 89.7, 96.5, 19, 147, 8, 41, 20, 2, 
13, 29, 18, 37, 23, 326, 69, 347, 561, 349, 786, 1089, 532, 457, 
418, 279, 100, 100, 100, 100, 100, 100, 100, 100, 100, 100, 100, 
2500, 2500, 2500, 2500, 2500, 2500, 2500, 2500, 2500, 2500, 2500, 
8251.235, 8675.182, 8992.478, 8742.726, 8720.21799999999, 8636.47, 
8702.367, 8565.451, 8891.38700000002, 8867.81, 6707.44899999999, 
10.81451, 1.19395, 6.25534, 4.26042, 10.93564, 6.25502, 8.00757, 
12.67281, 9.67339, 3.24166, 10.01168, -12.21812, -2.98774, -8.14786, 
-5.91104, -11.81881, -7.63536, -8.00029, -13.68666, -11.37522, 
-5.88815, -12.96361, 0, 0, 0, 0, 0, 0, 0, 0, 0, 0, 0, 0, 0, 0, 
0, 0, 0, 0, 0, 0, 0, 0, 0.77381, 0.82599, 0.87242, 0.83889, 0.86111, 
0.83121, 0.81455, 0.84522, 0.82756, 0.8141, 0.84154, 0.7881, 
0.79425, 0.87242, 0.83889, 0.84111, 0.82212, 0.82364, 0.84522, 
0.82051, 0.82179, 0.81385, 0.0104, 0.0111, 0.0133, 0.0128, 0.0129, 
0.014, 0.0156, 0.0125, 0.0133, 0.0151, 0.0143, 40.3, 53.7, 55.5, 
60.2, 51.2, 64.1, 57.4, 58.7, 69.4, 92.5, 87.5, 3, 106, 51, 35, 
3, 9, 4, 16, 14, 3, 38, 63, 5, 49, 149, 97, 270, 320, 194, 82, 
99, 69, 100, 100, 100, 100, 100, 100, 100, 100, 100, 100, 100, 
2500, 2500, 2500, 2500, 2500, 2500, 2500, 2500, 2500, 2500, 2500, 
8381.255, 8922.053, 8964.058, 8694.785, 8673.26299999999, 8662.181, 
8511.194, 8573.36500000001, 8854.62800000003, 8605.432, 8229.70799999998, 
1, 1, 1, 1, 1, 1, 1, 1, 1, 1, 1, 0.33333, 0.33333, 0.33333, 0.33333, 
0.33333, 0.33333, 0.33333, 0.33333, 0.33333, 0.33333, 0.33333, 
0, 0, 0, 0, 0, 0, 0, 0, 0, 0, 0, 0, 0, 0, 0, 0, 0, 0, 0, 0, 0, 
0, 0.72619, 0.77063, 0.81885, 0.79167, 0.82, 0.82212, 0.80545, 
0.80962, 0.80321, 0.79872, 0.82821, 0.74286, 0.77996, 0.81885, 
0.81667, 0.8, 0.80303, 0.81455, 0.82704, 0.80385, 0.82244, 0.82051, 
0.01, 0.0109, 0.0116, 0.0117, 0.0115, 0.0128, 0.0123, 0.0131, 
0.0136, 0.013, 0.0148, 51, 56.1, 62.3, 67, 73, 78.1, 83.4, 87.7, 
92.6, 98.1, 102.3, 1, 1, 1, 1, 1, 1, 1, 1, 1, 1, 1, 1, 1, 1, 
1, 1, 1, 1, 1, 1, 1, 1, 1, 1, 1, 1, 1, 1, 1, 1, 1, 1, 1, 1, 1, 
1, 1, 1, 1, 1, 1, 1, 1, 1, 3.223, 3.621, 3.6, 3.477, 3.398, 3.619, 
3.239, 3.523, 3.516, 2.644, 3.473), .Dim = c(11L, 40L), .Dimnames = list(
    NULL, c("Sampling", "PSO.cost", "PSO.gamma", "PSO.data.balancing", 
    "PSO.feature.selection", "PSO.valid.acc", "PSO.test.acc", 
    "PSO.train.time", "PSO.n.support.vectors", "PSO.index", "PSO.n.solutions", 
    "PSO.generations", "PSO.n.evaluations", "PSO.cpu.time", "RS.cost", 
    "RS.gamma", "RS.data.balancing", "RS.feature.selection", 
    "RS.valid.acc", "RS.test.acc", "RS.train.time", "RS.n.support.vectors", 
    "RS.index", "RS.n.solutions", "RS.generations", "RS.n.evaluations", 
    "RS.cpu.time", "DF.cost", "DF.gamma", "DF.data.balancing", 
    "DF.feature.selection", "DF.valid.acc", "DF.test.acc", "DF.train.time", 
    "DF.n.support.vectors", "DF.index", "DF.n.solutions", "DF.generations", 
    "DF.n.evaluations", "DF.cpu.time")))
