full <-
structure(c(50, 55, 60, 65, 70, 75, 80, 85, 90, 95, 100, 1.34378, 
5.57796, 8.48585, 0.43967, 1.66657, 0.82721, 9.16636, 11.40438, 
7.66751, 7.00001, 7.39704, -5.20673, -6.19965, -12.50004, -1.18318, 
-2.03459, -1.17769, -10.80923, -14.02162, -9.77191, -10.72074, 
-11.75593, 0, 0, 0, 0, 0, 0, 0, 0, 0, 0, 0, 0, 0, 0, 0, 0, 0, 
0, 0, 0, 0, 0, 0.8131, 0.78036, 0.8371, 0.86111, 0.81694, 0.80616, 
0.82545, 0.83409, 0.84423, 0.83846, 0.84011, 0.79643, 0.75536, 
0.77639, 0.8375, 0.75722, 0.78707, 0.81636, 0.82652, 0.84423, 
0.80769, 0.82473, 0.0111, 0.0103, 0.0116, 0.0105, 0.0116, 0.0119, 
0.0124, 0.0117, 0.0163, 0.0119, 0.0135, 51.8, 41, 61.8, 64.9, 
58.5, 71.1, 63.3, 74.9, 82.2, 94.4, 100.6, 9, 55, 80, 1095, 1282, 
601, 146, 8, 26, 191, 319, 107, 284, 128, 87, 111, 30, 152, 494, 
693, 46, 24, 100, 100, 100, 100, 100, 100, 100, 100, 100, 100, 
100, 2500, 2500, 2500, 2500, 2500, 2500, 2500, 2500, 2500, 2500, 
2500, 7148.784, 7034.195, 7085.755, 7137.13299999999, 7113.398, 
7126.588, 7090.59400000001, 6991.318, 6933.106, 7079.21399999999, 
6790.42799999999, 1.89608, 5.76037, 5.2751, 0.35856, 1.20551, 
1.11552, 9.54701, 12.33954, 9.76486, 8.13401, 4.20684, -5.94254, 
-6.1935, -9.31303, -1.16112, -1.85563, -5.02903, -12.58574, -14.28641, 
-12.27214, -11.83874, -8.55121, 0, 0, 0, 0, 0, 0, 0, 0, 0, 0, 
0, 0, 0, 0, 0, 0, 0, 0, 0, 0, 0, 0, 0.8131, 0.78036, 0.8371, 
0.86111, 0.80694, 0.80323, 0.82545, 0.83409, 0.84423, 0.83846, 
0.84011, 0.76786, 0.75536, 0.77639, 0.8375, 0.74722, 0.78687, 
0.81636, 0.82652, 0.84423, 0.80769, 0.82473, 0.0101, 0.0112, 
0.0106, 0.011, 0.0121, 0.0122, 0.0123, 0.0125, 0.0127, 0.0133, 
0.0134, 52.2, 40.1, 62, 65.3, 62.5, 76.7, 75.4, 68.5, 77.4, 93.8, 
100.8, 30, 3, 66, 179, 196, 148, 67, 12, 23, 563, 50, 21, 98, 
23, 1, 2, 9, 7, 110, 211, 9, 6, 100, 100, 100, 100, 100, 100, 
100, 100, 100, 100, 100, 2500, 2500, 2500, 2500, 2500, 2500, 
2500, 2500, 2500, 2500, 2500, 7120.811, 7074.433, 7061.265, 7092.96, 
7109.91100000001, 7075.709, 7013.39999999999, 7062.56299999999, 
6896.2, 7047.67200000002, 6938.864, 1, 1, 1, 1, 1, 1, 1, 1, 1, 
1, 1, 0.33333, 0.33333, 0.33333, 0.33333, 0.33333, 0.33333, 0.33333, 
0.33333, 0.33333, 0.33333, 0.33333, 0, 0, 0, 0, 0, 0, 0, 0, 0, 
0, 0, 0, 0, 0, 0, 0, 0, 0, 0, 0, 0, 0, 0.77976, 0.75357, 0.78532, 
0.81389, 0.76972, 0.76616, 0.79818, 0.8, 0.80245, 0.80769, 0.82418, 
0.77798, 0.76429, 0.8375, 0.8375, 0.78833, 0.76889, 0.83455, 
0.80076, 0.81911, 0.80769, 0.81703, 0.0111, 0.0099, 0.0108, 0.0111, 
0.0117, 0.0106, 0.0125, 0.0118, 0.0127, 0.0126, 0.0129, 50.5, 
55.8, 59.3, 64.4, 68.3, 72.4, 79.7, 87, 92, 97.7, 101.6, 1, 1, 
1, 1, 1, 1, 1, 1, 1, 1, 1, 1, 1, 1, 1, 1, 1, 1, 1, 1, 1, 1, 1, 
1, 1, 1, 1, 1, 1, 1, 1, 1, 1, 1, 1, 1, 1, 1, 1, 1, 1, 1, 1, 1, 
2.841, 2.765, 2.806, 2.859, 2.846, 2.569, 2.875, 2.655, 2.732, 
2.588, 2.744), .Dim = c(11L, 40L), .Dimnames = list(NULL, c("Sampling", 
"PSO.cost", "PSO.gamma", "PSO.data.balancing", "PSO.feature.selection", 
"PSO.valid.acc", "PSO.test.acc", "PSO.train.time", "PSO.n.support.vectors", 
"PSO.index", "PSO.n.solutions", "PSO.generations", "PSO.n.evaluations", 
"PSO.cpu.time", "RS.cost", "RS.gamma", "RS.data.balancing", "RS.feature.selection", 
"RS.valid.acc", "RS.test.acc", "RS.train.time", "RS.n.support.vectors", 
"RS.index", "RS.n.solutions", "RS.generations", "RS.n.evaluations", 
"RS.cpu.time", "DF.cost", "DF.gamma", "DF.data.balancing", "DF.feature.selection", 
"DF.valid.acc", "DF.test.acc", "DF.train.time", "DF.n.support.vectors", 
"DF.index", "DF.n.solutions", "DF.generations", "DF.n.evaluations", 
"DF.cpu.time")))
