full <-
structure(c(50, 55, 60, 65, 70, 75, 80, 85, 90, 95, 100, 8.46614, 
5.24657, 2.18488, 5.31977, 12.49511, 11.51018, 4.69359, 7.46083, 
9.31558, 7.00836, 4.21279, -10.35673, -7.69825, -4.59834, -8.05272, 
-14.58627, -13.45064, -7.95379, -9.70045, -10.07003, -9.52866, 
-8.48736, 0, 0, 0, 0, 0, 0, 0, 0, 0, 0, 0, 0, 0, 0, 0, 0, 0, 
0, 0, 0, 0, 0, 0.76429, 0.79643, 0.79623, 0.77143, 0.83, 0.81323, 
0.77, 0.8, 0.81812, 0.82885, 0.83297, 0.70238, 0.75, 0.77123, 
0.74921, 0.83111, 0.81323, 0.78091, 0.81061, 0.80274, 0.79808, 
0.81813, 0.0093, 0.0104, 0.0108, 0.0113, 0.0112, 0.0112, 0.0114, 
0.014, 0.0163, 0.0151, 0.013, 42.3, 50.3, 55.7, 61.4, 60.5, 62.5, 
77.6, 78.7, 66.7, 90.2, 101.1, 568, 33, 234, 5, 6, 24, 788, 4, 
10, 13, 199, 57, 145, 85, 77, 277, 313, 28, 472, 348, 457, 50, 
100, 100, 100, 100, 100, 100, 100, 100, 100, 100, 100, 2500, 
2500, 2500, 2500, 2500, 2500, 2500, 2500, 2500, 2500, 2500, 6837.61, 
6890.01, 6924.896, 6878.546, 6851.425, 6830.102, 6807.06, 6797.738, 
6818.58600000001, 6706.62800000001, 6753.633, 2.20343, 9.51203, 
5.81683, 3.05881, 7.7884, 13.08271, 1.10226, 12.54701, 5.19345, 
6.52725, 1.28912, -4.06044, -12.02157, -8.45411, -5.68853, -10.10839, 
-14.46963, -2.97709, -14.8856, -6.37983, -9.80966, -0.74808, 
0, 0, 0, 0, 0, 0, 0, 0, 0, 0, 0, 0, 0, 0, 0, 0, 0, 0, 0, 0, 0, 
0, 0.76429, 0.79643, 0.79623, 0.77143, 0.83, 0.81323, 0.77818, 
0.8, 0.81812, 0.82885, 0.83407, 0.74762, 0.72143, 0.77123, 0.74921, 
0.83111, 0.81323, 0.78091, 0.81894, 0.79505, 0.79808, 0.77363, 
0.0101, 0.0101, 0.0111, 0.011, 0.0114, 0.0113, 0.0116, 0.0115, 
0.0131, 0.0131, 0.014, 44.1, 50.2, 55.7, 61.6, 63.3, 58.7, 76, 
73, 71.4, 92.2, 102.8, 2300, 3, 106, 98, 43, 44, 160, 7, 5, 46, 
1528, 1, 3, 15, 21, 57, 56, 1, 141, 65, 88, 1, 100, 100, 100, 
100, 100, 100, 100, 100, 100, 100, 100, 2500, 2500, 2500, 2500, 
2500, 2500, 2500, 2500, 2500, 2500, 2500, 6893.052, 6926.587, 
6889.079, 6828.491, 6783.80899999999, 6713.77800000001, 6761.269, 
6745.963, 6695.07900000001, 6797.70900000002, 6803.90099999998, 
1, 1, 1, 1, 1, 1, 1, 1, 1, 1, 1, 0.33333, 0.33333, 0.33333, 0.33333, 
0.33333, 0.33333, 0.33333, 0.33333, 0.33333, 0.33333, 0.33333, 
0, 0, 0, 0, 0, 0, 0, 0, 0, 0, 0, 0, 0, 0, 0, 0, 0, 0, 0, 0, 0, 
0, 0.65714, 0.68571, 0.77123, 0.72381, 0.76667, 0.77323, 0.75091, 
0.78258, 0.79441, 0.79808, 0.80275, 0.7619, 0.69464, 0.75694, 
0.72698, 0.77778, 0.75323, 0.76182, 0.79318, 0.80274, 0.79808, 
0.79615, 0.0101, 0.011, 0.0102, 0.0107, 0.0116, 0.0115, 0.0114, 
0.0124, 0.0119, 0.0139, 0.014, 49.2, 55.2, 60.6, 66, 70.1, 75.4, 
80.1, 87.4, 92.3, 98, 102.4, 1, 1, 1, 1, 1, 1, 1, 1, 1, 1, 1, 
1, 1, 1, 1, 1, 1, 1, 1, 1, 1, 1, 1, 1, 1, 1, 1, 1, 1, 1, 1, 1, 
1, 1, 1, 1, 1, 1, 1, 1, 1, 1, 1, 1, 2.762, 2.783, 2.767, 2.712, 
2.805, 2.693, 2.597, 2.713, 2.524, 2.704, 2.717), .Dim = c(11L, 
40L), .Dimnames = list(NULL, c("Sampling", "PSO.cost", "PSO.gamma", 
"PSO.data.balancing", "PSO.feature.selection", "PSO.valid.acc", 
"PSO.test.acc", "PSO.train.time", "PSO.n.support.vectors", "PSO.index", 
"PSO.n.solutions", "PSO.generations", "PSO.n.evaluations", "PSO.cpu.time", 
"RS.cost", "RS.gamma", "RS.data.balancing", "RS.feature.selection", 
"RS.valid.acc", "RS.test.acc", "RS.train.time", "RS.n.support.vectors", 
"RS.index", "RS.n.solutions", "RS.generations", "RS.n.evaluations", 
"RS.cpu.time", "DF.cost", "DF.gamma", "DF.data.balancing", "DF.feature.selection", 
"DF.valid.acc", "DF.test.acc", "DF.train.time", "DF.n.support.vectors", 
"DF.index", "DF.n.solutions", "DF.generations", "DF.n.evaluations", 
"DF.cpu.time")))
