full <-
structure(c(50, 55, 60, 65, 70, 75, 80, 85, 90, 95, 100, 11.2293, 
10.17479, 8.90425, 6.28211, 3.95531, 3.90053, 0.04154, 3.74376, 
2.45333, 9.31538, 2.6179, -13.71421, -10.2609, -10.29846, -8.64879, 
-5.83708, -6.77416, -1.12548, -7.55923, -1.87917, -13.64857, 
-4.15866, 0, 0, 0, 0, 0, 0, 0, 0, 0, 0, 0, 0, 0, 0, 0, 0, 0, 
0, 0, 0, 0, 0, 0.7881, 0.8244, 0.85, 0.80611, 0.84528, 0.83182, 
0.83576, 0.825, 0.79505, 0.82811, 0.83297, 0.69286, 0.78512, 
0.8375, 0.82833, 0.84528, 0.82182, 0.82409, 0.8, 0.78596, 0.81978, 
0.83297, 0.0102, 0.0113, 0.0116, 0.0126, 0.012, 0.0112, 0.0124, 
0.0114, 0.0139, 0.0135, 0.0133, 43.2, 36, 45.6, 55.1, 60.8, 69.1, 
82.8, 84.5, 79.9, 99.5, 83.4, 223, 39, 72, 44, 21, 4, 521, 63, 
214, 16, 5, 59, 717, 168, 250, 472, 262, 117, 51, 298, 157, 332, 
100, 100, 100, 100, 100, 100, 100, 100, 100, 100, 100, 2500, 
2500, 2500, 2500, 2500, 2500, 2500, 2500, 2500, 2500, 2500, 7129.286, 
7046.381, 7202.688, 7020.668, 7044.765, 7029.189, 6929.576, 7095.30799999999, 
7172.59499999999, 7088.99400000001, 6902.58100000001, 4.54953, 
3.14713, 9.28696, 8.36549, 6.74598, 11.24206, -0.17975, 3.03112, 
1.49627, 7.28048, 13.56289, -6.99775, -3.23558, -10.77302, -10.51089, 
-8.45705, -14.42787, -1.94954, -6.87466, -3.81515, -11.58555, 
-14.939, 0, 0, 0, 0, 0, 0, 0, 0, 0, 0, 0, 0, 0, 0, 0, 0, 0, 0, 
0, 0, 0, 0, 0.7881, 0.83869, 0.85, 0.80611, 0.84528, 0.83182, 
0.83576, 0.825, 0.78596, 0.82811, 0.83297, 0.70952, 0.78512, 
0.825, 0.78722, 0.84528, 0.84182, 0.83409, 0.8, 0.79493, 0.82747, 
0.83297, 0.0102, 0.0103, 0.0105, 0.0105, 0.0137, 0.0131, 0.0125, 
0.012, 0.0122, 0.0131, 0.0127, 44, 39.6, 44.7, 53.8, 59.6, 68, 
79.4, 84.5, 86.3, 99.5, 66.2, 1383, 1148, 52, 11, 10, 46, 373, 
285, 17, 180, 51, 3, 1, 32, 28, 157, 46, 1, 15, 9, 18, 87, 100, 
100, 100, 100, 100, 100, 100, 100, 100, 100, 100, 2500, 2500, 
2500, 2500, 2500, 2500, 2500, 2500, 2500, 2500, 2500, 7151.518, 
7119.502, 7174.963, 6975.201, 7123.013, 7137.38500000001, 7005.887, 
7175.875, 6817.56200000001, 6969.58199999999, 6853.50199999998, 
1, 1, 1, 1, 1, 1, 1, 1, 1, 1, 1, 0.33333, 0.33333, 0.33333, 0.33333, 
0.33333, 0.33333, 0.33333, 0.33333, 0.33333, 0.33333, 0.33333, 
0, 0, 0, 0, 0, 0, 0, 0, 0, 0, 0, 0, 0, 0, 0, 0, 0, 0, 0, 0, 0, 
0, 0.69048, 0.74405, 0.7125, 0.66556, 0.82528, 0.82182, 0.82576, 
0.79848, 0.76929, 0.8044, 0.80275, 0.65714, 0.75298, 0.7125, 
0.69278, 0.76944, 0.83182, 0.82409, 0.79848, 0.77826, 0.8044, 
0.81758, 0.0103, 0.0104, 0.0108, 0.0106, 0.0127, 0.0118, 0.0123, 
0.0127, 0.0132, 0.0133, 0.0141, 48.9, 52.7, 58, 60.2, 66.9, 72.6, 
80.5, 85.9, 92, 99.5, 100.8, 1, 1, 1, 1, 1, 1, 1, 1, 1, 1, 1, 
1, 1, 1, 1, 1, 1, 1, 1, 1, 1, 1, 1, 1, 1, 1, 1, 1, 1, 1, 1, 1, 
1, 1, 1, 1, 1, 1, 1, 1, 1, 1, 1, 1, 2.84, 2.83, 2.871, 2.629, 
2.869, 2.857, 2.872, 2.871, 2.753, 2.814, 2.73), .Dim = c(11L, 
40L), .Dimnames = list(NULL, c("Sampling", "PSO.cost", "PSO.gamma", 
"PSO.data.balancing", "PSO.feature.selection", "PSO.valid.acc", 
"PSO.test.acc", "PSO.train.time", "PSO.n.support.vectors", "PSO.index", 
"PSO.n.solutions", "PSO.generations", "PSO.n.evaluations", "PSO.cpu.time", 
"RS.cost", "RS.gamma", "RS.data.balancing", "RS.feature.selection", 
"RS.valid.acc", "RS.test.acc", "RS.train.time", "RS.n.support.vectors", 
"RS.index", "RS.n.solutions", "RS.generations", "RS.n.evaluations", 
"RS.cpu.time", "DF.cost", "DF.gamma", "DF.data.balancing", "DF.feature.selection", 
"DF.valid.acc", "DF.test.acc", "DF.train.time", "DF.n.support.vectors", 
"DF.index", "DF.n.solutions", "DF.generations", "DF.n.evaluations", 
"DF.cpu.time")))
