full <-
structure(c(50, 55, 60, 65, 70, 75, 80, 85, 90, 95, 100, 14.60419, 
8.97716, 9.33591, 8.3262, 11.83879, 4.5573, 9.89916, 8.4921, 
5.4568, 8.87872, 6.59195, -4.29512, -8.14664, -9.38157, -5.75005, 
-9.54886, -4.94409, -6.54607, -5.46345, -5.09217, -6.25799, -4.81754, 
0, 0, 0, 0, 0, 0, 0, 0, 0, 0, 0, 0, 0, 0, 0, 0, 0, 0, 0, 0, 0, 
0, 0.82733, 0.82794, 0.84484, 0.85965, 0.84945, 0.84394, 0.85309, 
0.86202, 0.85382, 0.86131, 0.85585, 0.80589, 0.81933, 0.82466, 
0.83433, 0.82896, 0.83598, 0.83105, 0.85919, 0.84452, 0.84386, 
0.84284, 0.0761, 0.0783, 0.0837, 0.1032, 0.1229, 0.113, 0.1696, 
0.1601, 0.1466, 0.184, 0.1867, 201.1, 183.5, 212.9, 205.7, 203.2, 
275.6, 219.9, 245.2, 299.5, 260.1, 310.5, 647, 449, 1852, 986, 
444, 788, 595, 1009, 1534, 2205, 2301, 303, 101, 35, 99, 98, 
136, 45, 55, 8, 3, 3, 100, 100, 100, 100, 100, 100, 100, 100, 
100, 100, 100, 2500, 2500, 2500, 2500, 2500, 2500, 2500, 2500, 
2500, 2500, 2500, 10429.784, 10253.055, 10945.216, 11251.521, 
12320.709, 12965.926, 12534.583, 13216.855, 12685.065, 13080.09, 
16107.9, 14.06201, 8.86184, 9.64512, 8.47623, 12.9696, 4.50968, 
9.67274, 8.02215, 4.25011, 7.97929, 8.7435, -9.13398, -8.06095, 
-9.62827, -5.76117, -10.02851, -4.87817, -8.15428, -5.63747, 
-4.30241, -5.93833, -6.07685, 0, 0, 0, 0, 0, 0, 0, 0, 0, 0, 0, 
0, 0, 0, 0, 0, 0, 0, 0, 0, 0, 0, 0.82524, 0.82576, 0.84088, 0.85602, 
0.84597, 0.84074, 0.84868, 0.86189, 0.84976, 0.85631, 0.85343, 
0.80696, 0.82151, 0.82654, 0.83969, 0.83399, 0.83598, 0.8413, 
0.85494, 0.84453, 0.84761, 0.84633, 0.1818, 0.0744, 0.084, 0.1046, 
0.1443, 0.114, 0.1267, 0.1529, 0.1529, 0.1725, 0.2048, 149.9, 
183.4, 210.6, 204.6, 198, 277.2, 233.9, 249.3, 328.9, 268.2, 
277.1, 1072, 1188, 395, 43, 2415, 2222, 835, 185, 2416, 809, 
250, 1, 2, 2, 1, 1, 1, 1, 1, 1, 1, 1, 100, 100, 100, 100, 100, 
100, 100, 100, 100, 100, 100, 2500, 2500, 2500, 2500, 2500, 2500, 
2500, 2500, 2500, 2500, 2500, 10790.696, 10485.041, 10956.859, 
11357.652, 11958.129, 13016.905, 13669.892, 13890.006, 14289.098, 
14794.419, 15690.874, 1, 1, 1, 1, 1, 1, 1, 1, 1, 1, 1, 0.05556, 
0.05556, 0.05556, 0.05556, 0.05556, 0.05556, 0.05556, 0.05556, 
0.05556, 0.05556, 0.05556, 0, 0, 0, 0, 0, 0, 0, 0, 0, 0, 0, 0, 
0, 0, 0, 0, 0, 0, 0, 0, 0, 0, 0.71624, 0.75079, 0.76924, 0.76877, 
0.77159, 0.74406, 0.78502, 0.76984, 0.75231, 0.75898, 0.76707, 
0.71641, 0.73566, 0.76328, 0.76887, 0.76305, 0.74559, 0.7629, 
0.7656, 0.76422, 0.7615, 0.7742, 0.0768, 0.0856, 0.0986, 0.1107, 
0.1227, 0.1361, 0.1563, 0.1704, 0.1804, 0.2015, 0.222, 273, 294.2, 
319.4, 340.5, 363.8, 384.3, 409.1, 429.7, 445.5, 465.6, 487.5, 
1, 1, 1, 1, 1, 1, 1, 1, 1, 1, 1, 1, 1, 1, 1, 1, 1, 1, 1, 1, 1, 
1, 1, 1, 1, 1, 1, 1, 1, 1, 1, 1, 1, 1, 1, 1, 1, 1, 1, 1, 1, 1, 
1, 1, 4.057, 3.984, 4.079, 4.234, 4.556, 4.79, 5.222, 5.125, 
5.188, 5.313, 5.478), .Dim = c(11L, 40L), .Dimnames = list(NULL, 
    c("Sampling", "PSO.cost", "PSO.gamma", "PSO.data.balancing", 
    "PSO.feature.selection", "PSO.valid.acc", "PSO.test.acc", 
    "PSO.train.time", "PSO.n.support.vectors", "PSO.index", "PSO.n.solutions", 
    "PSO.generations", "PSO.n.evaluations", "PSO.cpu.time", "RS.cost", 
    "RS.gamma", "RS.data.balancing", "RS.feature.selection", 
    "RS.valid.acc", "RS.test.acc", "RS.train.time", "RS.n.support.vectors", 
    "RS.index", "RS.n.solutions", "RS.generations", "RS.n.evaluations", 
    "RS.cpu.time", "DF.cost", "DF.gamma", "DF.data.balancing", 
    "DF.feature.selection", "DF.valid.acc", "DF.test.acc", "DF.train.time", 
    "DF.n.support.vectors", "DF.index", "DF.n.solutions", "DF.generations", 
    "DF.n.evaluations", "DF.cpu.time")))
