full <-
structure(c(50, 55, 60, 65, 70, 75, 80, 85, 90, 95, 100, 12.65612, 
9.50364, 9.95055, 7.82202, 11.41777, 8.98306, 9.25743, 14.52344, 
14.91732, 7.14376, 8.35837, -7.92626, -7.41811, -7.38446, -6.72227, 
-7.71407, -6.63432, -6.6039, -9.06652, -8.33919, -4.95874, -7.20531, 
0, 0, 0, 0, 0, 0, 0, 0, 0, 0, 0, 0, 0, 0, 0, 0, 0, 0, 0, 0, 0, 
0, 0.85305, 0.84936, 0.84868, 0.84716, 0.8674, 0.86407, 0.86079, 
0.86906, 0.85781, 0.86135, 0.85695, 0.81783, 0.84062, 0.84264, 
0.84154, 0.85039, 0.85791, 0.84591, 0.85646, 0.86031, 0.85632, 
0.84763, 0.117, 0.065, 0.0774, 0.07, 0.1379, 0.1036, 0.1159, 
0.3972, 0.703, 0.1271, 0.1232, 150.3, 174.6, 183.7, 216.1, 195.9, 
225.2, 229.5, 214.2, 210.8, 294.4, 293.6, 1281, 1879, 1160, 1179, 
1674, 1134, 1435, 1296, 427, 2028, 588, 15, 22, 27, 137, 31, 
73, 24, 9, 550, 4, 62, 100, 100, 100, 100, 100, 100, 100, 100, 
100, 100, 100, 2500, 2500, 2500, 2500, 2500, 2500, 2500, 2500, 
2500, 2500, 2500, 8812.416, 10831.043, 10378.731, 11063.035, 
12195.515, 12034.089, 12271.269, 15666.429, 20772.931, 8830.20000000001, 
10168.664, 13.18932, 9.55181, 9.67891, 7.33219, 12.2661, 11.70611, 
9.3605, 14.36406, 14.94586, 7.07022, 10.3912, -8.07934, -7.48911, 
-7.26024, -6.46282, -7.93438, -7.62831, -6.58202, -9.15358, -8.36315, 
-4.99988, -5.79374, 0, 0, 0, 0, 0, 0, 0, 0, 0, 0, 0, 0, 0, 0, 
0, 0, 0, 0, 0, 0, 0, 0, 0.84596, 0.84705, 0.84476, 0.84531, 0.86731, 
0.85918, 0.85785, 0.86348, 0.85781, 0.85637, 0.85468, 0.8201, 
0.83623, 0.83868, 0.84137, 0.85041, 0.85625, 0.84887, 0.8509, 
0.86294, 0.86259, 0.84994, 0.1343, 0.0635, 0.0761, 0.0665, 0.1634, 
0.1823, 0.1184, 0.3836, 0.7131, 0.1253, 0.2341, 148.3, 174.8, 
185, 218.6, 188.6, 207.5, 228.1, 217.2, 210.6, 294.4, 263.4, 
2408, 1651, 776, 1695, 1991, 1178, 1550, 791, 1818, 449, 532, 
1, 1, 1, 1, 1, 2, 1, 2, 1, 1, 1, 100, 100, 100, 100, 100, 100, 
100, 100, 100, 100, 100, 2500, 2500, 2500, 2500, 2500, 2500, 
2500, 2500, 2500, 2500, 2500, 7483.884, 10500.45, 10619.108, 
10932.729, 11275.342, 12243.582, 12605.546, 9732.04699999999, 
9536.758, 9956.02300000002, 10493.25, 1, 1, 1, 1, 1, 1, 1, 1, 
1, 1, 1, 0.05556, 0.05556, 0.05556, 0.05556, 0.05556, 0.05556, 
0.05556, 0.05556, 0.05556, 0.05556, 0.05556, 0, 0, 0, 0, 0, 0, 
0, 0, 0, 0, 0, 0, 0, 0, 0, 0, 0, 0, 0, 0, 0, 0, 0.70442, 0.71804, 
0.72327, 0.73619, 0.72911, 0.73148, 0.75102, 0.75598, 0.76038, 
0.77151, 0.77654, 0.73483, 0.71586, 0.71365, 0.72174, 0.72379, 
0.74391, 0.73778, 0.74792, 0.75633, 0.7693, 0.77188, 0.052, 0.0606, 
0.0695, 0.0771, 0.0874, 0.098, 0.1088, 0.1133, 0.1237, 0.1344, 
0.146, 278, 300.5, 321.4, 345.2, 370.2, 392.3, 412.6, 433.3, 
451.7, 472.3, 489.4, 1, 1, 1, 1, 1, 1, 1, 1, 1, 1, 1, 1, 1, 1, 
1, 1, 1, 1, 1, 1, 1, 1, 1, 1, 1, 1, 1, 1, 1, 1, 1, 1, 1, 1, 1, 
1, 1, 1, 1, 1, 1, 1, 1, 1, 3.007, 4.041, 4.246, 4.057, 4.39, 
4.662, 4.841, 3.396, 3.415, 3.579, 3.67), .Dim = c(11L, 40L), .Dimnames = list(
    NULL, c("Sampling", "PSO.cost", "PSO.gamma", "PSO.data.balancing", 
    "PSO.feature.selection", "PSO.valid.acc", "PSO.test.acc", 
    "PSO.train.time", "PSO.n.support.vectors", "PSO.index", "PSO.n.solutions", 
    "PSO.generations", "PSO.n.evaluations", "PSO.cpu.time", "RS.cost", 
    "RS.gamma", "RS.data.balancing", "RS.feature.selection", 
    "RS.valid.acc", "RS.test.acc", "RS.train.time", "RS.n.support.vectors", 
    "RS.index", "RS.n.solutions", "RS.generations", "RS.n.evaluations", 
    "RS.cpu.time", "DF.cost", "DF.gamma", "DF.data.balancing", 
    "DF.feature.selection", "DF.valid.acc", "DF.test.acc", "DF.train.time", 
    "DF.n.support.vectors", "DF.index", "DF.n.solutions", "DF.generations", 
    "DF.n.evaluations", "DF.cpu.time")))
