full <-
structure(c(50, 55, 60, 65, 70, 75, 80, 85, 90, 95, 100, 11.62878, 
8.87376, 11.86897, 4.68679, 9.76303, 7.24332, 9.5887, 11.18999, 
6.54994, 5.94582, 9.87613, -12.23106, -7.82257, -6.14671, -4.25955, 
-7.17043, -5.06136, -5.75632, -6.42751, -4.81103, -5.31907, -6.58996, 
0, 0, 0, 0, 0, 0, 0, 0, 0, 0, 0, 0, 0, 0, 0, 0, 0, 0, 0, 0, 0, 
0, 0.82512, 0.82131, 0.81867, 0.84338, 0.84927, 0.85471, 0.85484, 
0.85474, 0.85646, 0.87778, 0.86053, 0.80131, 0.78879, 0.81825, 
0.80671, 0.83053, 0.85154, 0.83869, 0.83532, 0.84341, 0.86132, 
0.85825, 0.0629, 0.0696, 0.1255, 0.0897, 0.114, 0.1166, 0.1576, 
0.2572, 0.1552, 0.1548, 0.22, 185.3, 180.9, 174.1, 260.7, 206.2, 
251.1, 230.3, 221.3, 288.2, 301.8, 264, 1848, 897, 1101, 736, 
535, 994, 409, 806, 1169, 1534, 1102, 9, 181, 25, 470, 240, 69, 
344, 92, 29, 38, 25, 100, 100, 100, 100, 100, 100, 100, 100, 
100, 100, 100, 2500, 2500, 2500, 2500, 2500, 2500, 2500, 2500, 
2500, 2500, 2500, 7898.572, 8399.539, 9873.985, 8801.27600000001, 
9445.936, 9467.251, 10162.1, 12367.019, 10579.883, 10671.785, 
12290.568, 11.77538, 7.23672, 5.40151, 4.35744, 10.24351, 6.96061, 
7.83724, 11.28995, 5.47126, 6.0263, 10.17217, -12.20171, -6.64556, 
-4.75239, -4.22843, -7.41622, -5.12675, -5.16688, -6.48203, -4.44946, 
-5.39713, -6.71412, 0, 0, 0, 0, 0, 0, 0, 0, 0, 0, 0, 0, 0, 0, 
0, 0, 0, 0, 0, 0, 0, 0, 0.82042, 0.82121, 0.81656, 0.83796, 0.84751, 
0.85156, 0.84898, 0.85195, 0.8539, 0.87526, 0.85817, 0.80375, 
0.79541, 0.81075, 0.80297, 0.82723, 0.85317, 0.84455, 0.83532, 
0.83816, 0.86005, 0.85825, 0.0627, 0.068, 0.0799, 0.0923, 0.1223, 
0.1151, 0.1453, 0.2487, 0.1533, 0.1574, 0.2311, 182.8, 189.6, 
228.1, 264.3, 203.9, 252, 252.4, 221, 305.8, 301.2, 260.7, 869, 
897, 300, 1181, 724, 144, 2133, 1762, 2322, 1103, 875, 2, 1, 
1, 1, 1, 1, 1, 1, 1, 1, 1, 100, 100, 100, 100, 100, 100, 100, 
100, 100, 100, 100, 2500, 2500, 2500, 2500, 2500, 2500, 2500, 
2500, 2500, 2500, 2500, 8384.451, 8888.936, 9261.096, 9752.87499999999, 
9899.303, 10453.431, 11190.727, 11797.422, 12513.956, 13097.586, 
14056.337, 1, 1, 1, 1, 1, 1, 1, 1, 1, 1, 1, 0.05556, 0.05556, 
0.05556, 0.05556, 0.05556, 0.05556, 0.05556, 0.05556, 0.05556, 
0.05556, 0.05556, 0, 0, 0, 0, 0, 0, 0, 0, 0, 0, 0, 0, 0, 0, 0, 
0, 0, 0, 0, 0, 0, 0, 0.73264, 0.73536, 0.73586, 0.74287, 0.75519, 
0.7407, 0.75712, 0.75303, 0.74872, 0.78159, 0.76229, 0.7281, 
0.73966, 0.7299, 0.74095, 0.7483, 0.75652, 0.7571, 0.74782, 0.76585, 
0.77159, 0.77065, 0.0696, 0.0794, 0.0935, 0.1115, 0.1175, 0.1289, 
0.1558, 0.1696, 0.1823, 0.1954, 0.2189, 272.1, 294.3, 315.8, 
342.3, 361.6, 389.3, 406.7, 427.1, 445.6, 462.6, 487.6, 1, 1, 
1, 1, 1, 1, 1, 1, 1, 1, 1, 1, 1, 1, 1, 1, 1, 1, 1, 1, 1, 1, 1, 
1, 1, 1, 1, 1, 1, 1, 1, 1, 1, 1, 1, 1, 1, 1, 1, 1, 1, 1, 1, 1, 
3.13, 3.395, 3.416, 3.722, 3.699, 3.807, 4.212, 4.306, 4.459, 
4.654, 5.002), .Dim = c(11L, 40L), .Dimnames = list(NULL, c("Sampling", 
"PSO.cost", "PSO.gamma", "PSO.data.balancing", "PSO.feature.selection", 
"PSO.valid.acc", "PSO.test.acc", "PSO.train.time", "PSO.n.support.vectors", 
"PSO.index", "PSO.n.solutions", "PSO.generations", "PSO.n.evaluations", 
"PSO.cpu.time", "RS.cost", "RS.gamma", "RS.data.balancing", "RS.feature.selection", 
"RS.valid.acc", "RS.test.acc", "RS.train.time", "RS.n.support.vectors", 
"RS.index", "RS.n.solutions", "RS.generations", "RS.n.evaluations", 
"RS.cpu.time", "DF.cost", "DF.gamma", "DF.data.balancing", "DF.feature.selection", 
"DF.valid.acc", "DF.test.acc", "DF.train.time", "DF.n.support.vectors", 
"DF.index", "DF.n.solutions", "DF.generations", "DF.n.evaluations", 
"DF.cpu.time")))
