full <-
structure(c(50, 55, 60, 65, 70, 75, 80, 85, 90, 95, 100, 8.91724, 
12.2183, 13.37304, 14.41107, 14.41614, 13.10477, 14.91266, 13.54755, 
8.27952, 7.99784, 10.68625, -7.76336, -8.17476, -7.48316, -7.09003, 
-8.17318, -7.1879, -8.75569, -7.21094, -6.3909, -5.08981, -7.89255, 
0, 0, 0, 0, 0, 0, 0, 0, 0, 0, 0, 0, 0, 0, 0, 0, 0, 0, 0, 0, 0, 
0, 0.84699, 0.86664, 0.85418, 0.85807, 0.84125, 0.85145, 0.85629, 
0.86325, 0.85791, 0.8415, 0.85578, 0.81563, 0.85563, 0.82512, 
0.83443, 0.8449, 0.84841, 0.84301, 0.84523, 0.8461, 0.83017, 
0.85227, 0.0719, 0.1334, 0.2348, 0.267, 0.413, 0.3189, 0.5493, 
0.4714, 0.1627, 0.1916, 0.2238, 171.5, 160.4, 165.7, 173.9, 178.6, 
193.7, 200.2, 210, 264.8, 284.8, 267.2, 953, 534, 499, 413, 1977, 
1040, 1924, 1886, 1218, 2059, 2460, 134, 205, 101, 320, 2, 15, 
3, 1, 78, 8, 1, 100, 100, 100, 100, 100, 100, 100, 100, 100, 
100, 100, 2500, 2500, 2500, 2500, 2500, 2500, 2500, 2500, 2500, 
2500, 2500, 10552.386, 11419.53, 13134.23, 14056.744, 15858.003, 
19512.19, 19363.957, 16488.407, 12783.797, 13215.586, 14626.364, 
9.20216, 12.12421, 12.56583, 14.52853, 14.50998, 8.13678, 14.60972, 
9.27486, 10.53179, 6.78476, 10.65091, -7.8525, -8.13883, -7.44037, 
-7.07608, -8.21111, -7.16056, -8.29821, -6.12924, -7.55957, -5.25389, 
-7.85076, 0, 0, 0, 0, 0, 0, 0, 0, 0, 0, 0, 0, 0, 0, 0, 0, 0, 
0, 0, 0, 0, 0, 0.84001, 0.86456, 0.85042, 0.85626, 0.83786, 0.85143, 
0.85331, 0.85901, 0.85521, 0.83889, 0.85459, 0.81563, 0.85563, 
0.82692, 0.83443, 0.84496, 0.84198, 0.83842, 0.85089, 0.83942, 
0.81888, 0.8511, 0.0744, 0.1339, 0.1939, 0.2662, 0.4195, 0.1197, 
0.6521, 0.178, 0.2016, 0.1714, 0.2203, 170.1, 161.1, 170.3, 174.7, 
178.1, 240.4, 200.8, 240.4, 250.2, 292.4, 266.5, 2337, 1013, 
405, 429, 936, 1044, 1454, 1535, 1079, 243, 491, 1, 1, 1, 1, 
1, 1, 3, 1, 1, 1, 1, 100, 100, 100, 100, 100, 100, 100, 100, 
100, 100, 100, 2500, 2500, 2500, 2500, 2500, 2500, 2500, 2500, 
2500, 2500, 2500, 10841.716, 10673.397, 11083.051, 11684.964, 
12703.154, 16240.894, 13558.402, 13726.802, 14299.317, 14986.038, 
15633.13, 1, 1, 1, 1, 1, 1, 1, 1, 1, 1, 1, 0.05556, 0.05556, 
0.05556, 0.05556, 0.05556, 0.05556, 0.05556, 0.05556, 0.05556, 
0.05556, 0.05556, 0, 0, 0, 0, 0, 0, 0, 0, 0, 0, 0, 0, 0, 0, 0, 
0, 0, 0, 0, 0, 0, 0, 0.70907, 0.74641, 0.73794, 0.75771, 0.73491, 
0.75485, 0.77631, 0.76313, 0.76406, 0.76028, 0.77673, 0.71855, 
0.73355, 0.74763, 0.75762, 0.72635, 0.74847, 0.76742, 0.76735, 
0.75603, 0.75029, 0.7636, 0.0747, 0.0885, 0.0963, 0.1099, 0.1267, 
0.1412, 0.1539, 0.1686, 0.1811, 0.2035, 0.2142, 273.8, 296.1, 
318.5, 341.9, 360.1, 388, 406.6, 425.8, 448.6, 469.9, 488.4, 
1, 1, 1, 1, 1, 1, 1, 1, 1, 1, 1, 1, 1, 1, 1, 1, 1, 1, 1, 1, 1, 
1, 1, 1, 1, 1, 1, 1, 1, 1, 1, 1, 1, 1, 1, 1, 1, 1, 1, 1, 1, 1, 
1, 1, 3.931, 4.354, 4.25, 4.281, 4.745, 5.021, 4.907, 5.073, 
5.081, 5.517, 5.507), .Dim = c(11L, 40L), .Dimnames = list(NULL, 
    c("Sampling", "PSO.cost", "PSO.gamma", "PSO.data.balancing", 
    "PSO.feature.selection", "PSO.valid.acc", "PSO.test.acc", 
    "PSO.train.time", "PSO.n.support.vectors", "PSO.index", "PSO.n.solutions", 
    "PSO.generations", "PSO.n.evaluations", "PSO.cpu.time", "RS.cost", 
    "RS.gamma", "RS.data.balancing", "RS.feature.selection", 
    "RS.valid.acc", "RS.test.acc", "RS.train.time", "RS.n.support.vectors", 
    "RS.index", "RS.n.solutions", "RS.generations", "RS.n.evaluations", 
    "RS.cpu.time", "DF.cost", "DF.gamma", "DF.data.balancing", 
    "DF.feature.selection", "DF.valid.acc", "DF.test.acc", "DF.train.time", 
    "DF.n.support.vectors", "DF.index", "DF.n.solutions", "DF.generations", 
    "DF.n.evaluations", "DF.cpu.time")))
