full <-
structure(c(50, 55, 60, 65, 70, 75, 80, 85, 90, 95, 100, 5.50844, 
6.1119, 6.75, 6.02319, 8.47211, 15, 14.6155, 6.56507, 11.9781, 
9.31158, 6.43832, -5.0169, -6.60898, -6.56245, -5.05821, -6.12024, 
-7.78717, -8.21478, -5.19177, -8.18376, -6.18597, -5.88769, 0, 
0, 0, 0, 0, 0, 0, 0, 0, 0, 0, 0, 0, 0, 0, 0, 0, 0, 0, 0, 0, 0, 
0.84082, 0.85343, 0.84815, 0.83994, 0.85459, 0.84838, 0.86977, 
0.86593, 0.8526, 0.85776, 0.86287, 0.80054, 0.82752, 0.83619, 
0.83991, 0.83249, 0.84357, 0.85205, 0.84761, 0.83816, 0.84649, 
0.8582, 0.0728, 0.0714, 0.0823, 0.1002, 0.1137, 0.577, 0.5472, 
0.1484, 0.2479, 0.2046, 0.1727, 199.8, 206.2, 213.4, 229.5, 211.4, 
183, 200.9, 277.2, 240.4, 261.1, 308.4, 585, 2282, 740, 1421, 
530, 672, 656, 1058, 2047, 2347, 1631, 101, 1, 294, 45, 213, 
4, 38, 22, 3, 2, 12, 100, 100, 100, 100, 100, 100, 100, 100, 
100, 100, 100, 2500, 2500, 2500, 2500, 2500, 2500, 2500, 2500, 
2500, 2500, 2500, 10026.854, 10322.799, 10444.22, 10770.944, 
11367.269, 14244.671, 20594.522, 12212.275, 14636.917, 13625.291, 
13623.008, 5.46523, 6.2192, 6.95581, 5.79467, 8.59151, 5.51182, 
14.15748, 6.64273, 12.14831, 9.56766, 6.09914, -5.01225, -6.67994, 
-6.66688, -4.92104, -5.9987, -4.52209, -8.26367, -5.21801, -8.18722, 
-6.30761, -5.79014, 0, 0, 0, 0, 0, 0, 0, 0, 0, 0, 0, 0, 0, 0, 
0, 0, 0, 0, 0, 0, 0, 0, 0.84082, 0.84705, 0.84623, 0.83442, 0.85117, 
0.84535, 0.85936, 0.86312, 0.84866, 0.85899, 0.85815, 0.79572, 
0.82752, 0.83619, 0.83617, 0.82913, 0.83717, 0.85644, 0.8462, 
0.83944, 0.84397, 0.85466, 0.0688, 0.0767, 0.0867, 0.0932, 0.1163, 
0.126, 0.4345, 0.1385, 0.2584, 0.2061, 0.1686, 200.7, 205.4, 
210.7, 233.6, 211.4, 265, 202.3, 275.8, 238.3, 258.7, 315.6, 
1826, 130, 639, 1138, 953, 1725, 2073, 1514, 1279, 1727, 48, 
1, 1, 1, 1, 1, 1, 1, 1, 1, 1, 1, 100, 100, 100, 100, 100, 100, 
100, 100, 100, 100, 100, 2500, 2500, 2500, 2500, 2500, 2500, 
2500, 2500, 2500, 2500, 2500, 10499.64, 10910.847, 11276.44, 
11753.372, 12254.762, 12857.03, 13157.918, 13624.62, 14274.009, 
14991.173, 15733.309, 1, 1, 1, 1, 1, 1, 1, 1, 1, 1, 1, 0.05556, 
0.05556, 0.05556, 0.05556, 0.05556, 0.05556, 0.05556, 0.05556, 
0.05556, 0.05556, 0.05556, 0, 0, 0, 0, 0, 0, 0, 0, 0, 0, 0, 0, 
0, 0, 0, 0, 0, 0, 0, 0, 0, 0, 0.71084, 0.7329, 0.72965, 0.72134, 
0.73297, 0.74406, 0.75416, 0.77966, 0.7603, 0.75162, 0.76483, 
0.70602, 0.73753, 0.75327, 0.72488, 0.74641, 0.73781, 0.76593, 
0.77678, 0.76809, 0.75772, 0.77673, 0.0809, 0.0897, 0.0962, 0.1155, 
0.1277, 0.1365, 0.1508, 0.1694, 0.1896, 0.2032, 0.2188, 283.3, 
299.7, 318.6, 340.9, 361, 387.2, 405.2, 431.2, 455.2, 467.6, 
487.3, 1, 1, 1, 1, 1, 1, 1, 1, 1, 1, 1, 1, 1, 1, 1, 1, 1, 1, 
1, 1, 1, 1, 1, 1, 1, 1, 1, 1, 1, 1, 1, 1, 1, 1, 1, 1, 1, 1, 1, 
1, 1, 1, 1, 1, 4.027, 3.993, 4.213, 4.713, 4.807, 4.741, 4.868, 
5.321, 5.193, 5.409, 5.485), .Dim = c(11L, 40L), .Dimnames = list(
    NULL, c("Sampling", "PSO.cost", "PSO.gamma", "PSO.data.balancing", 
    "PSO.feature.selection", "PSO.valid.acc", "PSO.test.acc", 
    "PSO.train.time", "PSO.n.support.vectors", "PSO.index", "PSO.n.solutions", 
    "PSO.generations", "PSO.n.evaluations", "PSO.cpu.time", "RS.cost", 
    "RS.gamma", "RS.data.balancing", "RS.feature.selection", 
    "RS.valid.acc", "RS.test.acc", "RS.train.time", "RS.n.support.vectors", 
    "RS.index", "RS.n.solutions", "RS.generations", "RS.n.evaluations", 
    "RS.cpu.time", "DF.cost", "DF.gamma", "DF.data.balancing", 
    "DF.feature.selection", "DF.valid.acc", "DF.test.acc", "DF.train.time", 
    "DF.n.support.vectors", "DF.index", "DF.n.solutions", "DF.generations", 
    "DF.n.evaluations", "DF.cpu.time")))
