full <-
structure(c(50, 55, 60, 65, 70, 75, 80, 85, 90, 95, 100, 10.24772, 
14.98488, 10.81406, 10.82815, 14.23037, 6.33418, 11.40116, 15, 
13.27642, 7.70499, 13.1274, -7.26248, -8.12751, -7.10948, -8.19748, 
-8.78013, -5.9966, -7.72174, -8.40142, -8.25554, -6.31963, -8.47192, 
0, 0, 0, 0, 0, 0, 0, 0, 0, 0, 0, 0, 0, 0, 0, 0, 0, 0, 0, 0, 0, 
0, 0.83687, 0.8406, 0.82068, 0.85242, 0.84399, 0.83921, 0.84579, 
0.83678, 0.84321, 0.86153, 0.86419, 0.82734, 0.83602, 0.80477, 
0.81595, 0.82365, 0.81992, 0.82226, 0.82975, 0.83665, 0.84653, 
0.85236, 0.0916, 0.306, 0.123, 0.1164, 0.3377, 0.1178, 0.2129, 
0.7181, 0.4193, 0.1656, 0.4094, 157.5, 151.4, 177.5, 197.6, 185.8, 
260, 226.7, 213.2, 228.5, 283.8, 248.7, 1279, 265, 1169, 458, 
1477, 999, 991, 1602, 1510, 647, 2233, 77, 562, 47, 124, 6, 279, 
80, 3, 4, 95, 1, 100, 100, 100, 100, 100, 100, 100, 100, 100, 
100, 100, 2500, 2500, 2500, 2500, 2500, 2500, 2500, 2500, 2500, 
2500, 2500, 9858.682, 14665.493, 11938.279, 10546.097, 14622.56, 
10658.346, 13304.571, 19169.304, 17462.034, 12648.791, 18918.593, 
8.23302, 14.35001, 11.01858, 9.80234, 14.28981, 6.34505, 12.45432, 
7.95068, 13.01359, 7.59616, 14.58662, -7.27764, -7.86155, -7.20963, 
-7.70213, -8.85946, -5.96451, -8.07953, -6.40262, -8.15362, -6.37196, 
-8.9024, 0, 0, 0, 0, 0, 0, 0, 0, 0, 0, 0, 0, 0, 0, 0, 0, 0, 0, 
0, 0, 0, 0, 0.83199, 0.83838, 0.81668, 0.85067, 0.83724, 0.83763, 
0.83995, 0.83255, 0.84058, 0.859, 0.86296, 0.81332, 0.82959, 
0.80677, 0.82855, 0.82026, 0.81992, 0.82371, 0.82555, 0.83398, 
0.8428, 0.84641, 0.0693, 0.2581, 0.1305, 0.1106, 0.3201, 0.116, 
0.2677, 0.146, 0.375, 0.1658, 0.628, 171.6, 152.6, 176.4, 202.4, 
186.8, 259.9, 221.4, 263.5, 229.5, 284.9, 239.9, 314, 1887, 570, 
485, 651, 2155, 264, 2290, 27, 1457, 932, 1, 1, 2, 1, 1, 1, 1, 
1, 2, 1, 1, 100, 100, 100, 100, 100, 100, 100, 100, 100, 100, 
100, 2500, 2500, 2500, 2500, 2500, 2500, 2500, 2500, 2500, 2500, 
2500, 9786.254, 10042.607, 10330.354, 10659.913, 11134.084, 12109.654, 
12588.08, 13173.73, 13871.221, 14364.586, 14981.44, 1, 1, 1, 
1, 1, 1, 1, 1, 1, 1, 1, 0.05556, 0.05556, 0.05556, 0.05556, 0.05556, 
0.05556, 0.05556, 0.05556, 0.05556, 0.05556, 0.05556, 0, 0, 0, 
0, 0, 0, 0, 0, 0, 0, 0, 0, 0, 0, 0, 0, 0, 0, 0, 0, 0, 0, 0.736, 
0.75249, 0.71221, 0.74346, 0.74415, 0.73794, 0.73461, 0.75027, 
0.7366, 0.74514, 0.76367, 0.71489, 0.72659, 0.70821, 0.75778, 
0.72714, 0.73301, 0.74653, 0.74194, 0.73776, 0.74409, 0.7624, 
0.0789, 0.0895, 0.0972, 0.1141, 0.1284, 0.1363, 0.1555, 0.1711, 
0.1896, 0.2028, 0.2234, 278.5, 302.6, 326, 347.5, 366.6, 387.9, 
408.1, 427.9, 450.2, 470.1, 487.9, 1, 1, 1, 1, 1, 1, 1, 1, 1, 
1, 1, 1, 1, 1, 1, 1, 1, 1, 1, 1, 1, 1, 1, 1, 1, 1, 1, 1, 1, 1, 
1, 1, 1, 1, 1, 1, 1, 1, 1, 1, 1, 1, 1, 1, 3.875, 3.953, 4.036, 
4.085, 4.271, 4.382, 4.603, 4.841, 5.128, 5.022, 5.242), .Dim = c(11L, 
40L), .Dimnames = list(NULL, c("Sampling", "PSO.cost", "PSO.gamma", 
"PSO.data.balancing", "PSO.feature.selection", "PSO.valid.acc", 
"PSO.test.acc", "PSO.train.time", "PSO.n.support.vectors", "PSO.index", 
"PSO.n.solutions", "PSO.generations", "PSO.n.evaluations", "PSO.cpu.time", 
"RS.cost", "RS.gamma", "RS.data.balancing", "RS.feature.selection", 
"RS.valid.acc", "RS.test.acc", "RS.train.time", "RS.n.support.vectors", 
"RS.index", "RS.n.solutions", "RS.generations", "RS.n.evaluations", 
"RS.cpu.time", "DF.cost", "DF.gamma", "DF.data.balancing", "DF.feature.selection", 
"DF.valid.acc", "DF.test.acc", "DF.train.time", "DF.n.support.vectors", 
"DF.index", "DF.n.solutions", "DF.generations", "DF.n.evaluations", 
"DF.cpu.time")))
