full <-
structure(c(50, 55, 60, 65, 70, 75, 80, 85, 90, 95, 100, 14.50509, 
10.09663, 8.06437, 10.4469, 11.03141, 7.2496, 12.34566, 7.00156, 
10.80398, 14.10165, 6.75975, -10.55311, -5.54351, -6.49099, -8.30159, 
-7.09643, -5.60886, -8.1527, -5.5161, -6.85642, -8.24881, -5.09461, 
0, 0, 0, 0, 0, 0, 0, 0, 0, 0, 0, 0, 0, 0, 0, 0, 0, 0, 0, 0, 0, 
0, 0.82466, 0.84943, 0.83831, 0.84876, 0.85282, 0.85149, 0.86375, 
0.86209, 0.85906, 0.86755, 0.85807, 0.81546, 0.80202, 0.82858, 
0.8323, 0.83414, 0.84206, 0.84895, 0.84392, 0.8367, 0.86128, 
0.85341, 0.132, 0.0973, 0.0913, 0.1061, 0.1576, 0.1212, 0.2314, 
0.1464, 0.2535, 0.6146, 0.1901, 155.5, 182.8, 193.2, 194.2, 198.7, 
237.3, 210.4, 264.2, 233.2, 227.4, 304.5, 346, 1736, 1046, 601, 
931, 2366, 443, 1111, 606, 381, 1861, 30, 32, 68, 299, 35, 2, 
577, 78, 160, 123, 13, 100, 100, 100, 100, 100, 100, 100, 100, 
100, 100, 100, 2500, 2500, 2500, 2500, 2500, 2500, 2500, 2500, 
2500, 2500, 2500, 11367.814, 10899.969, 10479.921, 10966.731, 
12510.755, 11948.093, 14097.435, 16589.233, 18049.709, 24646.333, 
17083.248, 6.35877, 13.00078, 8.79231, 10.41911, 7.82565, 12.19891, 
12.48159, 7.68435, 10.89028, 13.57604, 6.69841, -6.237, -5.50392, 
-6.33445, -8.32731, -4.94643, -8.08669, -8.33351, -5.11951, -6.85031, 
-8.04075, -5.17903, 0, 0, 0, 0, 0, 0, 0, 0, 0, 0, 0, 0, 0, 0, 
0, 0, 0, 0, 0, 0, 0, 0, 0.82704, 0.84522, 0.8362, 0.84698, 0.85109, 
0.84675, 0.86078, 0.85766, 0.85507, 0.86506, 0.85565, 0.79408, 
0.81502, 0.83647, 0.8323, 0.83598, 0.82951, 0.84146, 0.84527, 
0.83804, 0.86005, 0.84866, 0.0687, 0.0992, 0.0976, 0.1085, 0.1224, 
0.2001, 0.2244, 0.1707, 0.2597, 0.5116, 0.1866, 186.1, 183.2, 
189.4, 195.3, 238.3, 201.1, 211, 262.7, 232.2, 230.8, 303.2, 
343, 1044, 1900, 2107, 354, 1044, 115, 804, 983, 621, 482, 1, 
1, 1, 1, 1, 2, 1, 1, 1, 2, 1, 100, 100, 100, 100, 100, 100, 100, 
100, 100, 100, 100, 2500, 2500, 2500, 2500, 2500, 2500, 2500, 
2500, 2500, 2500, 2500, 10851.676, 10328.219, 11013.682, 11408.33, 
12048.898, 13072.156, 13699.547, 18568.023, 19088.717, 18293.528, 
18819.257, 1, 1, 1, 1, 1, 1, 1, 1, 1, 1, 1, 0.05556, 0.05556, 
0.05556, 0.05556, 0.05556, 0.05556, 0.05556, 0.05556, 0.05556, 
0.05556, 0.05556, 0, 0, 0, 0, 0, 0, 0, 0, 0, 0, 0, 0, 0, 0, 0, 
0, 0, 0, 0, 0, 0, 0, 0.7233, 0.74591, 0.72593, 0.75211, 0.74462, 
0.75027, 0.76444, 0.76573, 0.7774, 0.75774, 0.75429, 0.73782, 
0.7374, 0.74381, 0.73157, 0.74273, 0.74878, 0.75271, 0.76565, 
0.77608, 0.74994, 0.76, 0.0798, 0.0894, 0.0942, 0.1149, 0.1238, 
0.1388, 0.1537, 0.1836, 0.2044, 0.2056, 0.2248, 272.8, 299.3, 
320, 343.6, 364.9, 383.2, 401.7, 424.5, 442.6, 463.8, 489.2, 
1, 1, 1, 1, 1, 1, 1, 1, 1, 1, 1, 1, 1, 1, 1, 1, 1, 1, 1, 1, 1, 
1, 1, 1, 1, 1, 1, 1, 1, 1, 1, 1, 1, 1, 1, 1, 1, 1, 1, 1, 1, 1, 
1, 1, 4.04, 4.138, 4.131, 4.495, 4.779, 5.005, 4.957, 6.641, 
7.38, 6.755, 6.873), .Dim = c(11L, 40L), .Dimnames = list(NULL, 
    c("Sampling", "PSO.cost", "PSO.gamma", "PSO.data.balancing", 
    "PSO.feature.selection", "PSO.valid.acc", "PSO.test.acc", 
    "PSO.train.time", "PSO.n.support.vectors", "PSO.index", "PSO.n.solutions", 
    "PSO.generations", "PSO.n.evaluations", "PSO.cpu.time", "RS.cost", 
    "RS.gamma", "RS.data.balancing", "RS.feature.selection", 
    "RS.valid.acc", "RS.test.acc", "RS.train.time", "RS.n.support.vectors", 
    "RS.index", "RS.n.solutions", "RS.generations", "RS.n.evaluations", 
    "RS.cpu.time", "DF.cost", "DF.gamma", "DF.data.balancing", 
    "DF.feature.selection", "DF.valid.acc", "DF.test.acc", "DF.train.time", 
    "DF.n.support.vectors", "DF.index", "DF.n.solutions", "DF.generations", 
    "DF.n.evaluations", "DF.cpu.time")))
