full <-
structure(c(50, 55, 60, 65, 70, 75, 80, 85, 90, 95, 100, 13.17669, 
14.84046, 11.22701, 13.61911, 7.86237, 11.47734, 6.25557, 10.38079, 
5.91786, 13.32473, 11.5263, -8.32068, -8.29876, -7.01663, -8.12246, 
-5.72048, -6.66088, -5.66478, -6.35664, -6.01498, -8.58556, -6.99716, 
0, 0, 0, 0, 0, 0, 0, 0, 0, 0, 0, 0, 0, 0, 0, 0, 0, 0, 0, 0, 0, 
0, 0.83904, 0.84055, 0.82216, 0.83265, 0.83958, 0.85164, 0.85164, 
0.86329, 0.85386, 0.86526, 0.87001, 0.8172, 0.82121, 0.80423, 
0.82497, 0.83783, 0.84033, 0.84424, 0.83416, 0.83026, 0.84274, 
0.84635, 0.1776, 0.3597, 0.1488, 0.2721, 0.1155, 0.2344, 0.127, 
0.2061, 0.1426, 0.3573, 0.3275, 154.5, 154.2, 182, 176.8, 226.7, 
210, 267.9, 230.1, 296.3, 233.6, 247.7, 834, 2449, 1208, 2450, 
1483, 617, 1250, 424, 1018, 420, 1018, 171, 1, 39, 1, 32, 207, 
100, 258, 240, 77, 68, 100, 100, 100, 100, 100, 100, 100, 100, 
100, 100, 100, 2500, 2500, 2500, 2500, 2500, 2500, 2500, 2500, 
2500, 2500, 2500, 12004.991, 15774.002, 14305.386, 10748.484, 
13191.257, 13142.95, 11653.164, 13056.697, 12038.968, 17305.233, 
16134.057, 13.21626, 14.41658, 11.48626, 12.46414, 6.11654, 11.62743, 
6.22541, 10.45218, 6.13757, 13.31243, 11.27328, -8.37265, -8.14014, 
-7.11252, -8.0584, -4.91027, -6.71358, -5.68086, -6.37666, -6.2275, 
-8.55929, -6.98834, 0, 0, 0, 0, 0, 0, 0, 0, 0, 0, 0, 0, 0, 0, 
0, 0, 0, 0, 0, 0, 0, 0, 0.83671, 0.83837, 0.82216, 0.83063, 0.83444, 
0.85164, 0.85015, 0.8619, 0.84987, 0.86526, 0.86882, 0.8172, 
0.82962, 0.80019, 0.82504, 0.83938, 0.84033, 0.84424, 0.83416, 
0.83029, 0.84274, 0.84993, 0.1785, 0.3246, 0.1586, 0.1843, 0.1107, 
0.2382, 0.1283, 0.2124, 0.146, 0.3744, 0.3032, 154.8, 155.7, 
180.7, 182.7, 254.5, 208.7, 267.3, 229.2, 295.1, 233.4, 249.9, 
1182, 577, 381, 1650, 260, 174, 2235, 1252, 347, 2396, 1193, 
1, 1, 1, 1, 2, 1, 1, 2, 2, 1, 2, 100, 100, 100, 100, 100, 100, 
100, 100, 100, 100, 100, 2500, 2500, 2500, 2500, 2500, 2500, 
2500, 2500, 2500, 2500, 2500, 10377.2, 10590.398, 10783.2, 11172.44, 
11893.459, 12199.564, 12830.724, 13349.052, 13972.773, 14176.801, 
14655.372, 1, 1, 1, 1, 1, 1, 1, 1, 1, 1, 1, 0.05556, 0.05556, 
0.05556, 0.05556, 0.05556, 0.05556, 0.05556, 0.05556, 0.05556, 
0.05556, 0.05556, 0, 0, 0, 0, 0, 0, 0, 0, 0, 0, 0, 0, 0, 0, 0, 
0, 0, 0, 0, 0, 0, 0, 0.68283, 0.699, 0.69038, 0.72139, 0.72931, 
0.7359, 0.73452, 0.73799, 0.7539, 0.75037, 0.77317, 0.67824, 
0.69451, 0.69045, 0.71951, 0.73437, 0.72945, 0.7271, 0.73237, 
0.74988, 0.75162, 0.75889, 0.0811, 0.0893, 0.1023, 0.1126, 0.1273, 
0.1404, 0.1589, 0.1692, 0.1874, 0.1984, 0.2198, 283.7, 304.8, 
330.9, 346.1, 372.5, 393.1, 408.6, 427.7, 445.9, 464.2, 485.7, 
1, 1, 1, 1, 1, 1, 1, 1, 1, 1, 1, 1, 1, 1, 1, 1, 1, 1, 1, 1, 1, 
1, 1, 1, 1, 1, 1, 1, 1, 1, 1, 1, 1, 1, 1, 1, 1, 1, 1, 1, 1, 1, 
1, 1, 4.077, 3.991, 4.178, 4.274, 4.343, 4.62, 4.87, 4.89, 5.095, 
4.948, 5.353), .Dim = c(11L, 40L), .Dimnames = list(NULL, c("Sampling", 
"PSO.cost", "PSO.gamma", "PSO.data.balancing", "PSO.feature.selection", 
"PSO.valid.acc", "PSO.test.acc", "PSO.train.time", "PSO.n.support.vectors", 
"PSO.index", "PSO.n.solutions", "PSO.generations", "PSO.n.evaluations", 
"PSO.cpu.time", "RS.cost", "RS.gamma", "RS.data.balancing", "RS.feature.selection", 
"RS.valid.acc", "RS.test.acc", "RS.train.time", "RS.n.support.vectors", 
"RS.index", "RS.n.solutions", "RS.generations", "RS.n.evaluations", 
"RS.cpu.time", "DF.cost", "DF.gamma", "DF.data.balancing", "DF.feature.selection", 
"DF.valid.acc", "DF.test.acc", "DF.train.time", "DF.n.support.vectors", 
"DF.index", "DF.n.solutions", "DF.generations", "DF.n.evaluations", 
"DF.cpu.time")))
