full <-
structure(c(50, 55, 60, 65, 70, 75, 80, 85, 90, 95, 100, 6.42037, 
14.69017, 14.0638, 6.96157, 10.82672, 8.55196, 15, 7.37137, 9.18831, 
15, 10.85659, -5.51792, -4.72602, -7.99241, -5.42287, -7.07932, 
-7.03998, -7.95972, -5.26065, -6.00557, -7.89683, -7.14103, 0, 
0, 0, 0, 0, 0, 0, 0, 0, 0, 0, 0, 0, 0, 0, 0, 0, 0, 0, 0, 0, 0, 
0.84837, 0.87131, 0.84593, 0.85059, 0.8562, 0.85308, 0.87257, 
0.85098, 0.86434, 0.86519, 0.85241, 0.84133, 0.84346, 0.83621, 
0.84143, 0.84413, 0.8356, 0.843, 0.82723, 0.84458, 0.84394, 0.83577, 
0.0652, 0.0813, 0.262, 0.0928, 0.1488, 0.1192, 0.6423, 0.1505, 
0.1906, 0.8315, 0.2614, 181.8, 192.5, 157.9, 210.6, 194.7, 225.3, 
189.4, 258.7, 249, 215.9, 252.2, 1294, 93, 1919, 772, 645, 322, 
763, 1532, 578, 1281, 1033, 50, 1128, 3, 46, 69, 268, 210, 45, 
220, 8, 98, 100, 100, 100, 100, 100, 100, 100, 100, 100, 100, 
100, 2500, 2500, 2500, 2500, 2500, 2500, 2500, 2500, 2500, 2500, 
2500, 9227.38, 9598.246, 14794.213, 11435.58, 10511.445, 9953.433, 
19651.286, 11556.886, 12321.477, 19071.076, 14262.414, 6.16328, 
9.06754, 14.55462, 9.38689, 9.67186, 8.15031, 13.92209, 11.41502, 
8.80806, 8.63761, 13.05367, -4.87651, -4.70881, -8.32407, -6.3413, 
-6.60999, -6.41753, -7.66942, -7.2198, -5.70576, -6.25564, -7.98338, 
0, 0, 0, 0, 0, 0, 0, 0, 0, 0, 0, 0, 0, 0, 0, 0, 0, 0, 0, 0, 0, 
0, 0.84588, 0.87131, 0.84005, 0.84523, 0.85453, 0.84671, 0.86526, 
0.84672, 0.85783, 0.86145, 0.85007, 0.81979, 0.84346, 0.8244, 
0.84322, 0.84422, 0.83718, 0.84291, 0.83568, 0.84455, 0.85639, 
0.82988, 0.066, 0.0822, 0.3158, 0.1096, 0.1302, 0.1179, 0.4768, 
0.2302, 0.1902, 0.1865, 0.4485, 187.2, 193.2, 158, 188.6, 200.7, 
223.2, 194, 220.4, 254.5, 263.8, 240.7, 1449, 811, 1422, 2019, 
1688, 1531, 1202, 1936, 192, 444, 114, 1, 3, 1, 3, 1, 1, 1, 1, 
1, 1, 1, 100, 100, 100, 100, 100, 100, 100, 100, 100, 100, 100, 
2500, 2500, 2500, 2500, 2500, 2500, 2500, 2500, 2500, 2500, 2500, 
9128.65, 11435.1, 11857.513, 10725.069, 10858.739, 11284.403, 
11873.326, 12365.787, 13198.71, 13694.741, 14227.327, 1, 1, 1, 
1, 1, 1, 1, 1, 1, 1, 1, 0.05556, 0.05556, 0.05556, 0.05556, 0.05556, 
0.05556, 0.05556, 0.05556, 0.05556, 0.05556, 0.05556, 0, 0, 0, 
0, 0, 0, 0, 0, 0, 0, 0, 0, 0, 0, 0, 0, 0, 0, 0, 0, 0, 0, 0.7349, 
0.7614, 0.76342, 0.74509, 0.75271, 0.75655, 0.7632, 0.7685, 0.75751, 
0.76022, 0.7391, 0.73926, 0.74424, 0.76134, 0.75408, 0.74601, 
0.74871, 0.7659, 0.76016, 0.7667, 0.76912, 0.75323, 0.0706, 0.0838, 
0.0978, 0.1065, 0.1212, 0.1366, 0.1508, 0.1662, 0.1876, 0.2001, 
0.2187, 259.4, 283.4, 309.8, 335.4, 355, 376, 398.5, 424.6, 442.3, 
465.4, 487.8, 1, 1, 1, 1, 1, 1, 1, 1, 1, 1, 1, 1, 1, 1, 1, 1, 
1, 1, 1, 1, 1, 1, 1, 1, 1, 1, 1, 1, 1, 1, 1, 1, 1, 1, 1, 1, 1, 
1, 1, 1, 1, 1, 1, 1, 3.438, 4.359, 4.596, 3.816, 4.01, 4.205, 
4.44, 4.58, 4.945, 4.949, 5.046), .Dim = c(11L, 40L), .Dimnames = list(
    NULL, c("Sampling", "PSO.cost", "PSO.gamma", "PSO.data.balancing", 
    "PSO.feature.selection", "PSO.valid.acc", "PSO.test.acc", 
    "PSO.train.time", "PSO.n.support.vectors", "PSO.index", "PSO.n.solutions", 
    "PSO.generations", "PSO.n.evaluations", "PSO.cpu.time", "RS.cost", 
    "RS.gamma", "RS.data.balancing", "RS.feature.selection", 
    "RS.valid.acc", "RS.test.acc", "RS.train.time", "RS.n.support.vectors", 
    "RS.index", "RS.n.solutions", "RS.generations", "RS.n.evaluations", 
    "RS.cpu.time", "DF.cost", "DF.gamma", "DF.data.balancing", 
    "DF.feature.selection", "DF.valid.acc", "DF.test.acc", "DF.train.time", 
    "DF.n.support.vectors", "DF.index", "DF.n.solutions", "DF.generations", 
    "DF.n.evaluations", "DF.cpu.time")))
