full <-
structure(c(50, 55, 60, 65, 70, 75, 80, 85, 90, 95, 100, 14.42432, 
9.49352, 15, 11.85473, 11.51094, 12.90577, 11.53453, 10.56526, 
10.57611, 14.46031, 12.94294, -8.01742, -5.75396, -7.75294, -6.72985, 
-6.69022, -7.63492, -7.37915, -6.24439, -6.48829, -7.58138, -7.18426, 
0, 0, 0, 0, 0, 0, 0, 0, 0, 0, 0, 0, 0, 0, 0, 0, 0, 0, 0, 0, 0, 
0, 0.85824, 0.84674, 0.85069, 0.85051, 0.83951, 0.85154, 0.85935, 
0.85351, 0.85231, 0.85903, 0.85822, 0.84666, 0.84182, 0.83673, 
0.83778, 0.81724, 0.84849, 0.84153, 0.84101, 0.8351, 0.84392, 
0.83103, 0.2357, 0.0937, 0.2881, 0.1842, 0.2025, 0.301, 0.2113, 
0.2108, 0.2161, 0.7423, 0.5004, 142.1, 180.6, 152.1, 180.7, 189.2, 
196.3, 212.1, 228.1, 233.4, 219.1, 239.3, 337, 1578, 58, 697, 
599, 868, 766, 1278, 1015, 261, 390, 260, 45, 494, 527, 305, 
72, 214, 44, 176, 100, 277, 100, 100, 100, 100, 100, 100, 100, 
100, 100, 100, 100, 2500, 2500, 2500, 2500, 2500, 2500, 2500, 
2500, 2500, 2500, 2500, 12206.852, 9037.129, 12796.311, 11299.507, 
11845.826, 15592.3, 12323.937, 12198.022, 12013.678, 21825.764, 
18151.149, 14.6517, 9.38989, 13.53063, 11.3292, 10.95259, 13.929, 
11.11877, 6.30508, 11.07549, 14.27145, 13.69251, -8.17508, -5.66468, 
-6.9132, -6.55882, -6.67794, -8.14152, -7.15624, -5.09361, -6.74327, 
-7.53196, -7.46401, 0, 0, 0, 0, 0, 0, 0, 0, 0, 0, 0, 0, 0, 0, 
0, 0, 0, 0, 0, 0, 0, 0, 0.85353, 0.84036, 0.85058, 0.84502, 0.83612, 
0.85156, 0.85788, 0.85202, 0.84442, 0.85779, 0.85586, 0.84423, 
0.83751, 0.84277, 0.8396, 0.81569, 0.84062, 0.84004, 0.84394, 
0.83513, 0.84393, 0.82863, 0.2625, 0.0942, 0.176, 0.1635, 0.1803, 
0.4248, 0.1919, 0.1315, 0.2339, 0.6999, 0.6144, 140.3, 182.3, 
158.9, 184.3, 192.3, 194.6, 214.3, 276.2, 230.3, 219.8, 233.9, 
86, 2021, 1908, 2475, 365, 1056, 2354, 2475, 621, 888, 2496, 
2, 1, 2, 1, 1, 1, 1, 1, 1, 1, 1, 100, 100, 100, 100, 100, 100, 
100, 100, 100, 100, 100, 2500, 2500, 2500, 2500, 2500, 2500, 
2500, 2500, 2500, 2500, 2500, 8798.244, 9343.838, 9955.792, 10860.41, 
11102.361, 10933.213, 11422.626, 11457.819, 12391.977, 12809.067, 
13809, 1, 1, 1, 1, 1, 1, 1, 1, 1, 1, 1, 0.05556, 0.05556, 0.05556, 
0.05556, 0.05556, 0.05556, 0.05556, 0.05556, 0.05556, 0.05556, 
0.05556, 0, 0, 0, 0, 0, 0, 0, 0, 0, 0, 0, 0, 0, 0, 0, 0, 0, 0, 
0, 0, 0, 0, 0.73988, 0.7456, 0.78081, 0.75973, 0.74958, 0.74551, 
0.74099, 0.75712, 0.76421, 0.76032, 0.75765, 0.74482, 0.74962, 
0.77276, 0.76694, 0.74618, 0.75042, 0.75857, 0.75871, 0.76688, 
0.7679, 0.76124, 0.0718, 0.0833, 0.0933, 0.1056, 0.1207, 0.1299, 
0.1378, 0.1541, 0.1724, 0.1865, 0.2049, 276.9, 299.3, 321.6, 
341.3, 364.1, 383.4, 402.2, 425.4, 447.4, 464.7, 490.6, 1, 1, 
1, 1, 1, 1, 1, 1, 1, 1, 1, 1, 1, 1, 1, 1, 1, 1, 1, 1, 1, 1, 1, 
1, 1, 1, 1, 1, 1, 1, 1, 1, 1, 1, 1, 1, 1, 1, 1, 1, 1, 1, 1, 1, 
3.373, 3.602, 3.696, 4.139, 4.382, 4.018, 4.03, 4.128, 4.78, 
4.765, 4.951), .Dim = c(11L, 40L), .Dimnames = list(NULL, c("Sampling", 
"PSO.cost", "PSO.gamma", "PSO.data.balancing", "PSO.feature.selection", 
"PSO.valid.acc", "PSO.test.acc", "PSO.train.time", "PSO.n.support.vectors", 
"PSO.index", "PSO.n.solutions", "PSO.generations", "PSO.n.evaluations", 
"PSO.cpu.time", "RS.cost", "RS.gamma", "RS.data.balancing", "RS.feature.selection", 
"RS.valid.acc", "RS.test.acc", "RS.train.time", "RS.n.support.vectors", 
"RS.index", "RS.n.solutions", "RS.generations", "RS.n.evaluations", 
"RS.cpu.time", "DF.cost", "DF.gamma", "DF.data.balancing", "DF.feature.selection", 
"DF.valid.acc", "DF.test.acc", "DF.train.time", "DF.n.support.vectors", 
"DF.index", "DF.n.solutions", "DF.generations", "DF.n.evaluations", 
"DF.cpu.time")))
