full <-
structure(c(50, 55, 60, 65, 70, 75, 80, 85, 90, 95, 100, 15, 
10.69651, 12.67404, 12.86908, 8.4187, 14.03707, 9.20222, 6.24523, 
8.51208, 8.63639, 14.08903, -9.33603, -6.90398, -7.06178, -8.57791, 
-6.2359, -8.27351, -5.88504, -5.08578, -5.60499, -7.06922, -7.47919, 
0, 0, 0, 0, 0, 0, 0, 0, 0, 0, 0, 0, 0, 0, 0, 0, 0, 0, 0, 0, 0, 
0, 0.82999, 0.86044, 0.85608, 0.86155, 0.86136, 0.87014, 0.85923, 
0.86883, 0.85108, 0.85656, 0.85227, 0.81349, 0.84115, 0.8462, 
0.84508, 0.84955, 0.8497, 0.85487, 0.84223, 0.8289, 0.84656, 
0.82989, 0.2366, 0.1135, 0.1876, 0.1726, 0.1139, 0.3937, 0.1632, 
0.1296, 0.1666, 0.1625, 0.7149, 148.6, 170.3, 174.4, 181.4, 213.5, 
192.6, 238.3, 276.1, 261.5, 276.4, 230.5, 415, 1201, 2036, 221, 
868, 635, 962, 607, 999, 2027, 940, 200, 30, 1, 144, 177, 42, 
22, 212, 128, 11, 149, 100, 100, 100, 100, 100, 100, 100, 100, 
100, 100, 100, 2500, 2500, 2500, 2500, 2500, 2500, 2500, 2500, 
2500, 2500, 2500, 11553.308, 9191.032, 10633.184, 10936.476, 
9522.65699999999, 15401.769, 11653.962, 10296.674, 11682.52, 
13921.441, 21461.478, 14.93185, 8.76839, 12.5273, 9.07474, 9.45569, 
12.49757, 13.37611, 6.22799, 8.45593, 5.99488, 13.913, -9.20639, 
-5.36954, -6.97738, -6.21285, -6.58397, -7.64646, -7.18327, -5.06848, 
-5.57932, -5.6197, -7.51423, 0, 0, 0, 0, 0, 0, 0, 0, 0, 0, 0, 
0, 0, 0, 0, 0, 0, 0, 0, 0, 0, 0, 0.82756, 0.85813, 0.85216, 0.86128, 
0.85639, 0.86689, 0.85763, 0.86742, 0.84976, 0.85902, 0.84866, 
0.81117, 0.84319, 0.84427, 0.84673, 0.85116, 0.85287, 0.85322, 
0.84361, 0.83022, 0.84402, 0.83464, 0.2275, 0.0885, 0.1822, 0.1087, 
0.124, 0.2436, 0.39, 0.1337, 0.1639, 0.1529, 0.6452, 148.2, 188.4, 
175.1, 198.4, 205.1, 198.3, 206.7, 276.7, 261.7, 309.3, 231.7, 
134, 698, 2194, 2083, 2037, 1166, 250, 1612, 437, 2366, 1695, 
1, 1, 1, 1, 1, 1, 1, 1, 1, 1, 1, 100, 100, 100, 100, 100, 100, 
100, 100, 100, 100, 100, 2500, 2500, 2500, 2500, 2500, 2500, 
2500, 2500, 2500, 2500, 2500, 8564.055, 9131.422, 9449.017, 9884.023, 
10332.552, 10724.78, 11276.314, 11670.351, 12169.334, 12844.32, 
16098.22, 1, 1, 1, 1, 1, 1, 1, 1, 1, 1, 1, 0.05556, 0.05556, 
0.05556, 0.05556, 0.05556, 0.05556, 0.05556, 0.05556, 0.05556, 
0.05556, 0.05556, 0, 0, 0, 0, 0, 0, 0, 0, 0, 0, 0, 0, 0, 0, 0, 
0, 0, 0, 0, 0, 0, 0, 0.73292, 0.76115, 0.74176, 0.75391, 0.75632, 
0.77558, 0.76009, 0.77283, 0.75227, 0.75035, 0.75658, 0.72588, 
0.74824, 0.75357, 0.76327, 0.76804, 0.76764, 0.77629, 0.76849, 
0.75101, 0.76166, 0.76956, 0.0741, 0.0852, 0.0964, 0.1104, 0.1238, 
0.1375, 0.148, 0.1571, 0.1731, 0.1989, 0.2181, 275.2, 299.4, 
320.7, 337.2, 361.6, 387.4, 406.5, 424.1, 444.8, 467.4, 488.3, 
1, 1, 1, 1, 1, 1, 1, 1, 1, 1, 1, 1, 1, 1, 1, 1, 1, 1, 1, 1, 1, 
1, 1, 1, 1, 1, 1, 1, 1, 1, 1, 1, 1, 1, 1, 1, 1, 1, 1, 1, 1, 1, 
1, 1, 3.247, 3.394, 3.569, 3.709, 3.887, 4.001, 4.084, 4.186, 
4.374, 4.703, 5.739), .Dim = c(11L, 40L), .Dimnames = list(NULL, 
    c("Sampling", "PSO.cost", "PSO.gamma", "PSO.data.balancing", 
    "PSO.feature.selection", "PSO.valid.acc", "PSO.test.acc", 
    "PSO.train.time", "PSO.n.support.vectors", "PSO.index", "PSO.n.solutions", 
    "PSO.generations", "PSO.n.evaluations", "PSO.cpu.time", "RS.cost", 
    "RS.gamma", "RS.data.balancing", "RS.feature.selection", 
    "RS.valid.acc", "RS.test.acc", "RS.train.time", "RS.n.support.vectors", 
    "RS.index", "RS.n.solutions", "RS.generations", "RS.n.evaluations", 
    "RS.cpu.time", "DF.cost", "DF.gamma", "DF.data.balancing", 
    "DF.feature.selection", "DF.valid.acc", "DF.test.acc", "DF.train.time", 
    "DF.n.support.vectors", "DF.index", "DF.n.solutions", "DF.generations", 
    "DF.n.evaluations", "DF.cpu.time")))
