full <-
structure(c(50, 55, 60, 65, 70, 75, 80, 85, 90, 95, 100, 9.62062, 
8.66434, 11.77202, 8.40408, 7.24688, 5.81171, 6.01825, 8.96273, 
6.93307, 6.1115, 7.5027, -8.44545, -7.53397, -8.60599, -7.89843, 
-6.28798, -6.03216, -5.20578, -7.46611, -6.57707, -5.16868, -5.00843, 
0, 0, 0, 0, 0, 0, 0, 0, 0, 0, 0, 0, 0, 0, 0, 0, 0, 0, 0, 0, 0, 
0, 0.84243, 0.84075, 0.83437, 0.82865, 0.84781, 0.86239, 0.86545, 
0.85933, 0.86689, 0.86016, 0.85456, 0.80903, 0.82562, 0.82833, 
0.80904, 0.83241, 0.85271, 0.85502, 0.84971, 0.85222, 0.84639, 
0.83795, 0.0688, 0.0772, 0.1178, 0.0904, 0.1023, 0.1135, 0.1262, 
0.1395, 0.1454, 0.1674, 0.1982, 167.7, 185.5, 180.2, 216.8, 225.7, 
257.2, 257.5, 248.4, 284.8, 301.8, 297.1, 613, 860, 714, 1796, 
1850, 1238, 691, 397, 2021, 1318, 1278, 243, 86, 330, 12, 12, 
216, 38, 60, 9, 98, 35, 100, 100, 100, 100, 100, 100, 100, 100, 
100, 100, 100, 2500, 2500, 2500, 2500, 2500, 2500, 2500, 2500, 
2500, 2500, 2500, 9699.909, 9957.824, 10832.105, 10121.852, 10552.091, 
10804.937, 11445.142, 12846.322, 13025.78, 12355.301, 14765.7, 
9.57265, 10.04865, 11.38424, 9.22991, 6.71405, 5.52558, 5.49944, 
8.78396, 5.295, 5.68841, 14.0167, -8.49149, -8.41065, -8.46261, 
-8.1836, -5.85208, -5.98203, -4.96047, -7.38867, -5.67515, -5.43583, 
-8.41563, 0, 0, 0, 0, 0, 0, 0, 0, 0, 0, 0, 0, 0, 0, 0, 0, 0, 
0, 0, 0, 0, 0, 0.83761, 0.83858, 0.83041, 0.8269, 0.84439, 0.85926, 
0.86251, 0.85378, 0.86426, 0.85899, 0.85338, 0.80676, 0.81068, 
0.82641, 0.80712, 0.82738, 0.85432, 0.84907, 0.84828, 0.85354, 
0.84392, 0.84266, 0.0667, 0.0838, 0.1109, 0.0949, 0.102, 0.1101, 
0.1233, 0.1372, 0.1421, 0.1602, 0.5945, 168.9, 179.3, 181.1, 
211.1, 231.2, 261, 267.8, 250.6, 306.7, 312.4, 237.1, 1354, 64, 
714, 2273, 2191, 2389, 691, 1696, 2065, 1185, 423, 1, 2, 1, 1, 
1, 1, 1, 1, 1, 1, 2, 100, 100, 100, 100, 100, 100, 100, 100, 
100, 100, 100, 2500, 2500, 2500, 2500, 2500, 2500, 2500, 2500, 
2500, 2500, 2500, 9877.442, 10230.667, 10532.566, 11078.392, 
11756.548, 12306.199, 12705.646, 13091.188, 13776.357, 14353.067, 
14716.428, 1, 1, 1, 1, 1, 1, 1, 1, 1, 1, 1, 0.05556, 0.05556, 
0.05556, 0.05556, 0.05556, 0.05556, 0.05556, 0.05556, 0.05556, 
0.05556, 0.05556, 0, 0, 0, 0, 0, 0, 0, 0, 0, 0, 0, 0, 0, 0, 0, 
0, 0, 0, 0, 0, 0, 0, 0.73334, 0.76124, 0.74972, 0.77224, 0.76641, 
0.76907, 0.78118, 0.76142, 0.76798, 0.75406, 0.75859, 0.74746, 
0.74644, 0.74569, 0.75038, 0.76124, 0.78344, 0.77655, 0.75187, 
0.76396, 0.75896, 0.76576, 0.0772, 0.0859, 0.0956, 0.1076, 0.122, 
0.1362, 0.149, 0.1644, 0.1822, 0.2005, 0.2176, 276.5, 302, 320.2, 
339, 362.6, 378.5, 395.7, 421.3, 449.6, 471.2, 489.3, 1, 1, 1, 
1, 1, 1, 1, 1, 1, 1, 1, 1, 1, 1, 1, 1, 1, 1, 1, 1, 1, 1, 1, 1, 
1, 1, 1, 1, 1, 1, 1, 1, 1, 1, 1, 1, 1, 1, 1, 1, 1, 1, 1, 1, 3.953, 
3.872, 4.009, 4.258, 4.389, 4.639, 4.636, 4.743, 5.009, 5.207, 
5.146), .Dim = c(11L, 40L), .Dimnames = list(NULL, c("Sampling", 
"PSO.cost", "PSO.gamma", "PSO.data.balancing", "PSO.feature.selection", 
"PSO.valid.acc", "PSO.test.acc", "PSO.train.time", "PSO.n.support.vectors", 
"PSO.index", "PSO.n.solutions", "PSO.generations", "PSO.n.evaluations", 
"PSO.cpu.time", "RS.cost", "RS.gamma", "RS.data.balancing", "RS.feature.selection", 
"RS.valid.acc", "RS.test.acc", "RS.train.time", "RS.n.support.vectors", 
"RS.index", "RS.n.solutions", "RS.generations", "RS.n.evaluations", 
"RS.cpu.time", "DF.cost", "DF.gamma", "DF.data.balancing", "DF.feature.selection", 
"DF.valid.acc", "DF.test.acc", "DF.train.time", "DF.n.support.vectors", 
"DF.index", "DF.n.solutions", "DF.generations", "DF.n.evaluations", 
"DF.cpu.time")))
