full <-
structure(c(50, 55, 60, 65, 70, 75, 80, 85, 90, 95, 100, 8.37029, 
10.06583, 7.16465, 7.00423, 14.73849, 8.4851, 15, 9.42286, 5.91072, 
11.54176, 9.60743, -7.17807, -6.85196, -6.12919, -5.39003, -7.64226, 
-5.32751, -7.66929, -5.15671, -5.24003, -8.59564, -5.05738, 0, 
0, 0, 0, 0, 0, 0, 0, 0, 0, 0, 0, 0, 0, 0, 0, 0, 0, 0, 0, 0, 0, 
0.8108, 0.79601, 0.82646, 0.83618, 0.83278, 0.86737, 0.83836, 
0.83829, 0.85114, 0.86005, 0.86028, 0.8107, 0.77658, 0.80677, 
0.816, 0.81744, 0.84671, 0.83847, 0.83268, 0.83002, 0.84123, 
0.84608, 0.0511, 0.0802, 0.0618, 0.0711, 0.4686, 0.1017, 0.6155, 
0.1457, 0.1026, 0.1771, 0.198, 183.3, 180.6, 214.9, 225.2, 181, 
235.7, 192.8, 256.9, 291.5, 260.2, 283.6, 1928, 481, 1295, 2241, 
1997, 1606, 403, 1893, 1831, 2485, 1604, 25, 29, 37, 4, 5, 24, 
54, 8, 16, 1, 76, 100, 100, 100, 100, 100, 100, 100, 100, 100, 
100, 100, 2500, 2500, 2500, 2500, 2500, 2500, 2500, 2500, 2500, 
2500, 2500, 8716.072, 10154.39, 8112.357, 8923.443, 14675.182, 
9353.58, 12398.433, 10583.855, 10280.572, 13903.884, 14184.204, 
8.47635, 9.82887, 7.55441, 6.90249, 7.53743, 7.33087, 10.21104, 
14.27725, 6.33683, 14.30483, 12.85184, -7.16381, -6.93799, -6.11711, 
-5.40552, -6.10242, -4.93684, -6.32803, -9.57527, -5.91676, -8.00563, 
-8.21945, 0, 0, 0, 0, 0, 0, 0, 0, 0, 0, 0, 0, 0, 0, 0, 0, 0, 
0, 0, 0, 0, 0, 0.80831, 0.79379, 0.81461, 0.83075, 0.83077, 0.85629, 
0.83685, 0.8342, 0.84851, 0.85383, 0.85892, 0.8107, 0.77436, 
0.81061, 0.81603, 0.82071, 0.8357, 0.82668, 0.82303, 0.83798, 
0.83761, 0.84363, 0.051, 0.0743, 0.0638, 0.0697, 0.0769, 0.0925, 
0.148, 0.3204, 0.1009, 0.6154, 0.3244, 180.8, 181.4, 210, 226.2, 
226.7, 249.4, 221.3, 227.1, 286.8, 224.7, 248.3, 117, 767, 1623, 
2242, 1426, 1847, 1077, 2143, 777, 1459, 1558, 1, 1, 1, 1, 1, 
1, 1, 1, 1, 1, 1, 100, 100, 100, 100, 100, 100, 100, 100, 100, 
100, 100, 2500, 2500, 2500, 2500, 2500, 2500, 2500, 2500, 2500, 
2500, 2500, 8152.989, 8554.476, 8655.854, 9024.29500000001, 9315.3, 
9533.84699999999, 9891.06099999999, 10447.226, 12581.973, 13735.73, 
14376.435, 1, 1, 1, 1, 1, 1, 1, 1, 1, 1, 1, 0.05556, 0.05556, 
0.05556, 0.05556, 0.05556, 0.05556, 0.05556, 0.05556, 0.05556, 
0.05556, 0.05556, 0, 0, 0, 0, 0, 0, 0, 0, 0, 0, 0, 0, 0, 0, 0, 
0, 0, 0, 0, 0, 0, 0, 0.71933, 0.72061, 0.73578, 0.75294, 0.72582, 
0.75982, 0.74514, 0.75155, 0.76936, 0.75774, 0.75528, 0.72165, 
0.7121, 0.72994, 0.74186, 0.73745, 0.763, 0.7422, 0.75706, 0.76143, 
0.75651, 0.75642, 0.0525, 0.06, 0.068, 0.0754, 0.085, 0.094, 
0.105, 0.1147, 0.1261, 0.1366, 0.1495, 284.7, 304.4, 326.4, 342.9, 
364.1, 389.3, 409.6, 428.2, 449.7, 468.9, 486.6, 1, 1, 1, 1, 
1, 1, 1, 1, 1, 1, 1, 1, 1, 1, 1, 1, 1, 1, 1, 1, 1, 1, 1, 1, 1, 
1, 1, 1, 1, 1, 1, 1, 1, 1, 1, 1, 1, 1, 1, 1, 1, 1, 1, 1, 3.093, 
3.175, 3.263, 3.317, 3.587, 3.597, 3.764, 3.881, 4.632, 4.988, 
5.396), .Dim = c(11L, 40L), .Dimnames = list(NULL, c("Sampling", 
"PSO.cost", "PSO.gamma", "PSO.data.balancing", "PSO.feature.selection", 
"PSO.valid.acc", "PSO.test.acc", "PSO.train.time", "PSO.n.support.vectors", 
"PSO.index", "PSO.n.solutions", "PSO.generations", "PSO.n.evaluations", 
"PSO.cpu.time", "RS.cost", "RS.gamma", "RS.data.balancing", "RS.feature.selection", 
"RS.valid.acc", "RS.test.acc", "RS.train.time", "RS.n.support.vectors", 
"RS.index", "RS.n.solutions", "RS.generations", "RS.n.evaluations", 
"RS.cpu.time", "DF.cost", "DF.gamma", "DF.data.balancing", "DF.feature.selection", 
"DF.valid.acc", "DF.test.acc", "DF.train.time", "DF.n.support.vectors", 
"DF.index", "DF.n.solutions", "DF.generations", "DF.n.evaluations", 
"DF.cpu.time")))
