full <-
structure(c(50, 55, 60, 65, 70, 75, 80, 85, 90, 95, 100, 10.35572, 
10.69951, 6.50874, 13.73806, 13.33347, 15, 14.46251, 13.74644, 
12.52252, 11.94066, 11.73117, -8.29878, -9.33749, -5.66726, -9.40779, 
-7.6172, -8.05361, -10.12714, -7.77626, -7.61996, -8.29906, -8.17332, 
0, 0, 0, 0, 0, 0, 0, 0, 0, 0, 0, 0, 0, 0, 0, 0, 0, 0, 0, 0, 0, 
0, 0.81573, 0.84521, 0.83044, 0.83975, 0.8441, 0.84724, 0.85324, 
0.85202, 0.87476, 0.85865, 0.85694, 0.80155, 0.81939, 0.81656, 
0.83063, 0.83411, 0.82967, 0.83983, 0.85377, 0.84718, 0.84755, 
0.83673, 0.0778, 0.0849, 0.0843, 0.2009, 0.2989, 0.5782, 0.2666, 
0.4232, 0.2998, 0.2589, 0.2676, 163.1, 184.7, 207.1, 183.7, 182.3, 
179.1, 211.6, 205, 219.8, 242, 256.7, 1384, 898, 1046, 1217, 
1160, 372, 1037, 909, 780, 1121, 2414, 22, 72, 35, 27, 52, 237, 
30, 208, 95, 41, 1, 100, 100, 100, 100, 100, 100, 100, 100, 100, 
100, 100, 2500, 2500, 2500, 2500, 2500, 2500, 2500, 2500, 2500, 
2500, 2500, 9032.824, 9181.926, 9075.427, 11663.059, 12843.79, 
18831.622, 13982.208, 17296.664, 16416.394, 16285.523, 16025.286, 
10.168, 9.60534, 6.95099, 13.92279, 7.55803, 13.78611, 14.07809, 
14.56944, 12.70602, 12.10368, 11.93479, -9.64472, -8.81492, -5.48178, 
-9.50718, -5.41541, -7.48638, -9.93027, -7.28763, -7.66374, -8.38221, 
-8.27026, 0, 0, 0, 0, 0, 0, 0, 0, 0, 0, 0, 0, 0, 0, 0, 0, 0, 
0, 0, 0, 0, 0, 0.81561, 0.83878, 0.82464, 0.83427, 0.8408, 0.84245, 
0.8458, 0.84796, 0.87213, 0.8586, 0.85457, 0.78953, 0.81083, 
0.81048, 0.82881, 0.83563, 0.83124, 0.83833, 0.85095, 0.84588, 
0.84883, 0.83793, 0.0665, 0.0785, 0.0872, 0.2153, 0.1116, 0.3896, 
0.2502, 0.6165, 0.3334, 0.2678, 0.2816, 177.5, 187.7, 205.2, 
183.6, 225.4, 184.3, 212.8, 201.8, 217.8, 241.1, 256.3, 1535, 
1433, 2328, 500, 1952, 972, 1975, 1576, 2083, 2372, 1246, 1, 
1, 1, 1, 1, 1, 2, 1, 1, 1, 1, 100, 100, 100, 100, 100, 100, 100, 
100, 100, 100, 100, 2500, 2500, 2500, 2500, 2500, 2500, 2500, 
2500, 2500, 2500, 2500, 9218.944, 9547.595, 9875.887, 10333.015, 
10695.388, 11212.472, 11719.684, 13761.041, 15433.57, 16154.85, 
16598.092, 1, 1, 1, 1, 1, 1, 1, 1, 1, 1, 1, 0.05556, 0.05556, 
0.05556, 0.05556, 0.05556, 0.05556, 0.05556, 0.05556, 0.05556, 
0.05556, 0.05556, 0, 0, 0, 0, 0, 0, 0, 0, 0, 0, 0, 0, 0, 0, 0, 
0, 0, 0, 0, 0, 0, 0, 0.7021, 0.70967, 0.71788, 0.72685, 0.72085, 
0.71602, 0.74362, 0.74613, 0.74832, 0.74038, 0.77283, 0.70936, 
0.7031, 0.71592, 0.73217, 0.72567, 0.72542, 0.75251, 0.74478, 
0.751, 0.74172, 0.7813, 0.0734, 0.0848, 0.0979, 0.1055, 0.1182, 
0.1294, 0.1447, 0.1692, 0.1817, 0.2016, 0.2203, 264.8, 288.2, 
311, 330.5, 354.3, 377, 400.2, 420.9, 440.7, 460.6, 486.4, 1, 
1, 1, 1, 1, 1, 1, 1, 1, 1, 1, 1, 1, 1, 1, 1, 1, 1, 1, 1, 1, 1, 
1, 1, 1, 1, 1, 1, 1, 1, 1, 1, 1, 1, 1, 1, 1, 1, 1, 1, 1, 1, 1, 
1, 3.561, 3.632, 3.801, 3.791, 3.982, 4.041, 4.256, 5.353, 5.613, 
5.732, 5.916), .Dim = c(11L, 40L), .Dimnames = list(NULL, c("Sampling", 
"PSO.cost", "PSO.gamma", "PSO.data.balancing", "PSO.feature.selection", 
"PSO.valid.acc", "PSO.test.acc", "PSO.train.time", "PSO.n.support.vectors", 
"PSO.index", "PSO.n.solutions", "PSO.generations", "PSO.n.evaluations", 
"PSO.cpu.time", "RS.cost", "RS.gamma", "RS.data.balancing", "RS.feature.selection", 
"RS.valid.acc", "RS.test.acc", "RS.train.time", "RS.n.support.vectors", 
"RS.index", "RS.n.solutions", "RS.generations", "RS.n.evaluations", 
"RS.cpu.time", "DF.cost", "DF.gamma", "DF.data.balancing", "DF.feature.selection", 
"DF.valid.acc", "DF.test.acc", "DF.train.time", "DF.n.support.vectors", 
"DF.index", "DF.n.solutions", "DF.generations", "DF.n.evaluations", 
"DF.cpu.time")))
