full <-
structure(c(50, 55, 60, 65, 70, 75, 80, 85, 90, 95, 100, 12.55292, 
11.50849, 7.13784, 6.58801, 8.70723, 6.10595, 8.69827, 5.89557, 
13.48901, 4.93523, 14.64492, -7.84854, -8.03223, -7.46316, -5.34303, 
-8.19132, -5.04933, -5.55242, -5.3259, -8.03212, -5.21136, -9.7606, 
0, 0, 0, 0, 0, 0, 0, 0, 0, 0, 0, 0, 0, 0, 0, 0, 0, 0, 0, 0, 0, 
0, 0.87015, 0.86247, 0.86362, 0.86861, 0.86435, 0.86891, 0.8743, 
0.85618, 0.87095, 0.86388, 0.8546, 0.84404, 0.86677, 0.82993, 
0.85413, 0.85429, 0.84033, 0.86982, 0.84362, 0.84325, 0.84146, 
0.8462, 0.1248, 0.1125, 0.0754, 0.0932, 0.0979, 0.1142, 0.1488, 
0.1368, 0.3993, 0.1552, 0.4929, 142.4, 155.2, 199, 214.7, 215.8, 
250.1, 234.6, 280.4, 219.2, 319.7, 253, 610, 686, 794, 709, 686, 
1512, 1412, 725, 1309, 1030, 1495, 146, 99, 60, 81, 56, 46, 30, 
213, 4, 90, 15, 100, 100, 100, 100, 100, 100, 100, 100, 100, 
100, 100, 2500, 2500, 2500, 2500, 2500, 2500, 2500, 2500, 2500, 
2500, 2500, 10968.746, 10771.453, 9645.81600000001, 10038.677, 
10256.27, 11009.097, 11643.771, 11411.156, 17692.641, 12993.32, 
22614.152, 13.41388, 11.1824, 5.86747, 6.80171, 9.85764, 6.20069, 
8.63605, 6.01003, 14.19574, 5.65283, 14.46478, -8.21552, -7.91756, 
-6.83311, -5.38269, -8.7625, -5.09767, -5.59792, -5.29791, -8.26706, 
-5.61286, -9.7319, 0, 0, 0, 0, 0, 0, 0, 0, 0, 0, 0, 0, 0, 0, 
0, 0, 0, 0, 0, 0, 0, 0, 0.86544, 0.85821, 0.8555, 0.86498, 0.85785, 
0.86579, 0.86837, 0.85338, 0.86832, 0.86012, 0.85224, 0.84161, 
0.86889, 0.83969, 0.8505, 0.84237, 0.84192, 0.86982, 0.84499, 
0.84193, 0.84274, 0.845, 0.1576, 0.1121, 0.0758, 0.0951, 0.1017, 
0.1135, 0.1484, 0.1346, 0.5008, 0.1611, 0.4684, 139.1, 156.5, 
210.1, 211.7, 205.8, 248.1, 232.8, 279.2, 215.3, 304.5, 254.2, 
1259, 932, 855, 2211, 1104, 532, 1313, 1873, 2104, 2023, 1107, 
1, 3, 2, 2, 1, 1, 1, 1, 2, 1, 1, 100, 100, 100, 100, 100, 100, 
100, 100, 100, 100, 100, 2500, 2500, 2500, 2500, 2500, 2500, 
2500, 2500, 2500, 2500, 2500, 10193.095, 10408.601, 10498.139, 
11084.861, 11741.665, 12216.552, 12727.785, 13193.5, 13760.14, 
18716.46, 19550.675, 1, 1, 1, 1, 1, 1, 1, 1, 1, 1, 1, 0.05556, 
0.05556, 0.05556, 0.05556, 0.05556, 0.05556, 0.05556, 0.05556, 
0.05556, 0.05556, 0.05556, 0, 0, 0, 0, 0, 0, 0, 0, 0, 0, 0, 0, 
0, 0, 0, 0, 0, 0, 0, 0, 0, 0, 0.75463, 0.76152, 0.76723, 0.765, 
0.77326, 0.75975, 0.75823, 0.76012, 0.76421, 0.77275, 0.75889, 
0.76183, 0.75523, 0.77716, 0.78318, 0.75952, 0.76298, 0.77, 0.75604, 
0.76818, 0.78144, 0.75305, 0.0731, 0.0858, 0.099, 0.1111, 0.1223, 
0.1373, 0.1526, 0.1653, 0.1812, 0.2095, 0.2203, 273.3, 296.3, 
315.2, 338.2, 361.3, 381.5, 403.2, 424.7, 448.7, 465.3, 487.9, 
1, 1, 1, 1, 1, 1, 1, 1, 1, 1, 1, 1, 1, 1, 1, 1, 1, 1, 1, 1, 1, 
1, 1, 1, 1, 1, 1, 1, 1, 1, 1, 1, 1, 1, 1, 1, 1, 1, 1, 1, 1, 1, 
1, 1, 3.999, 4.001, 3.971, 4.122, 4.332, 4.514, 4.662, 4.839, 
4.902, 7.102, 7.108), .Dim = c(11L, 40L), .Dimnames = list(NULL, 
    c("Sampling", "PSO.cost", "PSO.gamma", "PSO.data.balancing", 
    "PSO.feature.selection", "PSO.valid.acc", "PSO.test.acc", 
    "PSO.train.time", "PSO.n.support.vectors", "PSO.index", "PSO.n.solutions", 
    "PSO.generations", "PSO.n.evaluations", "PSO.cpu.time", "RS.cost", 
    "RS.gamma", "RS.data.balancing", "RS.feature.selection", 
    "RS.valid.acc", "RS.test.acc", "RS.train.time", "RS.n.support.vectors", 
    "RS.index", "RS.n.solutions", "RS.generations", "RS.n.evaluations", 
    "RS.cpu.time", "DF.cost", "DF.gamma", "DF.data.balancing", 
    "DF.feature.selection", "DF.valid.acc", "DF.test.acc", "DF.train.time", 
    "DF.n.support.vectors", "DF.index", "DF.n.solutions", "DF.generations", 
    "DF.n.evaluations", "DF.cpu.time")))
