full <-
structure(c(50, 55, 60, 65, 70, 75, 80, 85, 90, 95, 100, 6.70348, 
9.15933, 12.01391, 10.96358, 13.33581, 9.63255, 11.2456, 12.79163, 
10.18698, 10.53111, 15, -5.63342, -7.39865, -8.04756, -8.57842, 
-7.84324, -7.99554, -7.89975, -9.77083, -7.23873, -7.27334, -7.75315, 
0, 0, 0, 0, 0, 0, 0, 0, 0, 0, 0, 0, 0, 0, 0, 0, 0, 0, 0, 0, 0, 
0, 0.81833, 0.86249, 0.85399, 0.86326, 0.85628, 0.86442, 0.86657, 
0.86194, 0.87219, 0.86007, 0.86282, 0.80421, 0.83432, 0.82838, 
0.84864, 0.83258, 0.83756, 0.8518, 0.84529, 0.86277, 0.84504, 
0.84752, 0.064, 0.0796, 0.1366, 0.108, 0.2783, 0.124, 0.1786, 
0.189, 0.1867, 0.2176, 1.0587, 185.9, 180.3, 172.9, 198.6, 181.9, 
227.9, 218.5, 236.9, 243.7, 250, 228.9, 2409, 706, 1617, 465, 
565, 783, 1549, 995, 1659, 1138, 262, 1, 128, 28, 258, 178, 233, 
51, 31, 10, 167, 65, 100, 100, 100, 100, 100, 100, 100, 100, 
100, 100, 100, 2500, 2500, 2500, 2500, 2500, 2500, 2500, 2500, 
2500, 2500, 2500, 8716.685, 9711.781, 10727.236, 9866.664, 13574.76, 
10910.071, 12884.517, 12666.746, 12258.798, 12651.333, 29413.005, 
10.35651, 9.03891, 12.70971, 11.40132, 14.05473, 9.89254, 11.00805, 
12.77321, 10.13417, 10.22496, 10.86181, -7.78202, -7.23549, -8.27558, 
-8.82458, -8.17122, -8.14378, -7.90099, -9.72452, -7.26949, -7.19512, 
-7.08664, 0, 0, 0, 0, 0, 0, 0, 0, 0, 0, 0, 0, 0, 0, 0, 0, 0, 
0, 0, 0, 0, 0, 0.81352, 0.85189, 0.84995, 0.85777, 0.85105, 0.85968, 
0.86214, 0.85916, 0.8709, 0.8563, 0.86285, 0.80404, 0.84292, 
0.8363, 0.84497, 0.83424, 0.83756, 0.84291, 0.84388, 0.86409, 
0.84127, 0.8427, 0.0842, 0.0804, 0.1496, 0.1139, 0.3372, 0.1217, 
0.1703, 0.1959, 0.1804, 0.2045, 0.2576, 163.4, 180.2, 170.3, 
197.9, 179.5, 226.9, 220.6, 236.3, 244.4, 252.1, 254.5, 1385, 
767, 1494, 1261, 1406, 1176, 1795, 2036, 1057, 1480, 2402, 2, 
1, 2, 1, 1, 1, 1, 1, 1, 1, 1, 100, 100, 100, 100, 100, 100, 100, 
100, 100, 100, 100, 2500, 2500, 2500, 2500, 2500, 2500, 2500, 
2500, 2500, 2500, 2500, 9058.678, 10039.242, 10284.8, 10405.7, 
11085.718, 11523.141, 11864.594, 12578.594, 12473.22, 13394.228, 
13912.141, 1, 1, 1, 1, 1, 1, 1, 1, 1, 1, 1, 0.05556, 0.05556, 
0.05556, 0.05556, 0.05556, 0.05556, 0.05556, 0.05556, 0.05556, 
0.05556, 0.05556, 0, 0, 0, 0, 0, 0, 0, 0, 0, 0, 0, 0, 0, 0, 0, 
0, 0, 0, 0, 0, 0, 0, 0.74483, 0.76338, 0.75524, 0.75022, 0.76136, 
0.76461, 0.76139, 0.767, 0.77483, 0.74903, 0.76586, 0.73979, 
0.76559, 0.75132, 0.76117, 0.76145, 0.76635, 0.74956, 0.74896, 
0.76826, 0.75526, 0.7551, 0.0738, 0.0818, 0.093, 0.1047, 0.117, 
0.1261, 0.1411, 0.1573, 0.1681, 0.1811, 0.1975, 282.4, 299.2, 
316.9, 339, 362.3, 381.1, 404, 420.5, 442.9, 464.9, 487, 1, 1, 
1, 1, 1, 1, 1, 1, 1, 1, 1, 1, 1, 1, 1, 1, 1, 1, 1, 1, 1, 1, 1, 
1, 1, 1, 1, 1, 1, 1, 1, 1, 1, 1, 1, 1, 1, 1, 1, 1, 1, 1, 1, 1, 
3.621, 3.799, 3.67, 3.97, 4.06, 4.293, 4.372, 4.526, 4.589, 4.503, 
5.038), .Dim = c(11L, 40L), .Dimnames = list(NULL, c("Sampling", 
"PSO.cost", "PSO.gamma", "PSO.data.balancing", "PSO.feature.selection", 
"PSO.valid.acc", "PSO.test.acc", "PSO.train.time", "PSO.n.support.vectors", 
"PSO.index", "PSO.n.solutions", "PSO.generations", "PSO.n.evaluations", 
"PSO.cpu.time", "RS.cost", "RS.gamma", "RS.data.balancing", "RS.feature.selection", 
"RS.valid.acc", "RS.test.acc", "RS.train.time", "RS.n.support.vectors", 
"RS.index", "RS.n.solutions", "RS.generations", "RS.n.evaluations", 
"RS.cpu.time", "DF.cost", "DF.gamma", "DF.data.balancing", "DF.feature.selection", 
"DF.valid.acc", "DF.test.acc", "DF.train.time", "DF.n.support.vectors", 
"DF.index", "DF.n.solutions", "DF.generations", "DF.n.evaluations", 
"DF.cpu.time")))
