full <-
structure(c(50, 55, 60, 65, 70, 75, 80, 85, 90, 95, 100, 10.05233, 
13.51521, 11.90357, 9.87786, 11.06811, 12.70535, 13.00621, 12.23583, 
11.46422, 5.62334, 14.95483, -7.49597, -8.99986, -8.35976, -7.04581, 
-8.60152, -8.43152, -9.22389, -9.02363, -8.34725, -5.70408, -8.79003, 
0, 0, 0, 0, 0, 0, 0, 0, 0, 0, 0, 0, 0, 0, 0, 0, 0, 0, 0, 0, 0, 
0, 0.83745, 0.83643, 0.83832, 0.84695, 0.85446, 0.85151, 0.85032, 
0.86202, 0.85515, 0.86136, 0.86392, 0.80648, 0.8083, 0.80901, 
0.80874, 0.83745, 0.84673, 0.84726, 0.8467, 0.83926, 0.85761, 
0.85222, 0.061, 0.142, 0.1011, 0.0914, 0.1034, 0.1765, 0.172, 
0.1589, 0.1643, 0.1087, 0.7336, 165.5, 163.8, 178.6, 199.1, 209.1, 
196.1, 216.1, 232.6, 240.1, 311, 232.7, 629, 836, 402, 777, 1235, 
526, 1892, 794, 623, 1525, 1362, 92, 59, 244, 225, 159, 96, 5, 
280, 276, 20, 4, 100, 100, 100, 100, 100, 100, 100, 100, 100, 
100, 100, 2500, 2500, 2500, 2500, 2500, 2500, 2500, 2500, 2500, 
2500, 2500, 7679.824, 9739.572, 8827.782, 8303.202, 9023.189, 
10401.286, 10756.392, 10640.984, 10286.65, 13654.222, 21336.712, 
10.31548, 14.07372, 12.04204, 10.22239, 11.98979, 12.85577, 12.87113, 
14.1248, 9.92265, 10.32542, 13.77925, -7.5781, -9.23568, -8.33093, 
-7.59507, -9.11092, -8.43924, -9.14085, -8.33442, -7.7527, -7.62827, 
-8.01904, 0, 0, 0, 0, 0, 0, 0, 0, 0, 0, 0, 0, 0, 0, 0, 0, 0, 
0, 0, 0, 0, 0, 0.83274, 0.8299, 0.83635, 0.83978, 0.85109, 0.85149, 
0.84885, 0.85924, 0.85242, 0.86007, 0.86034, 0.80887, 0.81477, 
0.80505, 0.82329, 0.83754, 0.84355, 0.84724, 0.84803, 0.83124, 
0.84641, 0.84865, 0.0645, 0.1699, 0.1069, 0.0909, 0.1177, 0.1886, 
0.1703, 0.3988, 0.1285, 0.148, 0.521, 164.4, 162.3, 177, 198.1, 
205.5, 195.3, 215.9, 209.7, 250.4, 255.2, 237.4, 2403, 232, 403, 
159, 1211, 2120, 691, 466, 2430, 1902, 1604, 2, 2, 1, 2, 1, 1, 
2, 1, 1, 1, 1, 100, 100, 100, 100, 100, 100, 100, 100, 100, 100, 
100, 2500, 2500, 2500, 2500, 2500, 2500, 2500, 2500, 2500, 2500, 
2500, 7614.865, 7926.256, 8145.588, 8530.857, 8688.639, 9225.26299999999, 
9437.781, 9910.38399999999, 11911.289, 14048.745, 14753.029, 
1, 1, 1, 1, 1, 1, 1, 1, 1, 1, 1, 0.05556, 0.05556, 0.05556, 0.05556, 
0.05556, 0.05556, 0.05556, 0.05556, 0.05556, 0.05556, 0.05556, 
0, 0, 0, 0, 0, 0, 0, 0, 0, 0, 0, 0, 0, 0, 0, 0, 0, 0, 0, 0, 0, 
0, 0.71129, 0.74421, 0.73017, 0.73961, 0.73269, 0.73152, 0.76008, 
0.75602, 0.75232, 0.75901, 0.76472, 0.71872, 0.73594, 0.73559, 
0.73564, 0.73266, 0.74278, 0.76003, 0.77008, 0.77467, 0.7629, 
0.76231, 0.0519, 0.0588, 0.066, 0.0746, 0.083, 0.0926, 0.102, 
0.1109, 0.1236, 0.1366, 0.1488, 284.5, 305.4, 325.9, 348.1, 366.5, 
386.7, 409.4, 425.9, 444.8, 464.6, 488.7, 1, 1, 1, 1, 1, 1, 1, 
1, 1, 1, 1, 1, 1, 1, 1, 1, 1, 1, 1, 1, 1, 1, 1, 1, 1, 1, 1, 1, 
1, 1, 1, 1, 1, 1, 1, 1, 1, 1, 1, 1, 1, 1, 1, 1, 2.979, 3.008, 
3.027, 3.162, 3.288, 3.429, 3.457, 3.621, 4.825, 5.213, 5.321
), .Dim = c(11L, 40L), .Dimnames = list(NULL, c("Sampling", "PSO.cost", 
"PSO.gamma", "PSO.data.balancing", "PSO.feature.selection", "PSO.valid.acc", 
"PSO.test.acc", "PSO.train.time", "PSO.n.support.vectors", "PSO.index", 
"PSO.n.solutions", "PSO.generations", "PSO.n.evaluations", "PSO.cpu.time", 
"RS.cost", "RS.gamma", "RS.data.balancing", "RS.feature.selection", 
"RS.valid.acc", "RS.test.acc", "RS.train.time", "RS.n.support.vectors", 
"RS.index", "RS.n.solutions", "RS.generations", "RS.n.evaluations", 
"RS.cpu.time", "DF.cost", "DF.gamma", "DF.data.balancing", "DF.feature.selection", 
"DF.valid.acc", "DF.test.acc", "DF.train.time", "DF.n.support.vectors", 
"DF.index", "DF.n.solutions", "DF.generations", "DF.n.evaluations", 
"DF.cpu.time")))
