full <-
structure(c(50, 55, 60, 65, 70, 75, 80, 85, 90, 95, 100, 9.27977, 
5.35551, 8.97321, 8.97081, 7.93799, 11.98145, 12.01059, 5.85754, 
12.68697, 7.97286, 10.00912, -7.25491, -5.78184, -7.53228, -6.79466, 
-4.79717, -9.20405, -8.86911, -4.80221, -8.10882, -5.51067, -5.7908, 
0, 0, 0, 0, 0, 0, 0, 0, 0, 0, 0, 0, 0, 0, 0, 0, 0, 0, 0, 0, 0, 
0, 0.84176, 0.82423, 0.83064, 0.83977, 0.83761, 0.83882, 0.83566, 
0.85207, 0.85366, 0.86133, 0.86512, 0.8397, 0.81549, 0.81887, 
0.81418, 0.81913, 0.8326, 0.82676, 0.82973, 0.83409, 0.83771, 
0.8534, 0.0761, 0.0759, 0.0948, 0.1104, 0.1254, 0.1595, 0.176, 
0.1382, 0.3271, 0.1711, 0.2593, 167.4, 218.3, 201.9, 206.1, 241.2, 
227.2, 229.1, 281.7, 230.5, 271, 267.6, 517, 352, 2298, 1292, 
1219, 1824, 680, 1472, 1039, 1811, 381, 295, 177, 1, 30, 54, 
1, 85, 15, 150, 5, 55, 100, 100, 100, 100, 100, 100, 100, 100, 
100, 100, 100, 2500, 2500, 2500, 2500, 2500, 2500, 2500, 2500, 
2500, 2500, 2500, 10056.335, 10144.687, 10055.766, 11884.45, 
11025.758, 11985.516, 13505.044, 11790.497, 15902.872, 12377.062, 
13968.317, 9.42203, 4.70324, 13.38737, 8.92543, 8.27487, 10.60352, 
11.9519, 6.49269, 12.43437, 8.02546, 8.58671, -7.28795, -5.30252, 
-9.90561, -6.80301, -4.96853, -8.50837, -8.88257, -5.86241, -7.96894, 
-4.47622, -5.25769, 0, 0, 0, 0, 0, 0, 0, 0, 0, 0, 0, 0, 0, 0, 
0, 0, 0, 0, 0, 0, 0, 0, 0.83943, 0.82206, 0.83271, 0.83428, 0.83425, 
0.83726, 0.83265, 0.84503, 0.84839, 0.85873, 0.86275, 0.83749, 
0.82201, 0.80894, 0.81596, 0.81741, 0.82796, 0.82823, 0.82253, 
0.83279, 0.82757, 0.85341, 0.0768, 0.0775, 0.1537, 0.1105, 0.1254, 
0.145, 0.1732, 0.1351, 0.3155, 0.1988, 0.2084, 166.4, 224.6, 
185.6, 206.9, 235.1, 234.5, 231.1, 275.1, 230.4, 293.6, 283, 
892, 745, 2258, 1814, 1450, 1897, 449, 223, 2198, 1687, 2366, 
1, 1, 1, 1, 1, 1, 1, 1, 2, 1, 1, 100, 100, 100, 100, 100, 100, 
100, 100, 100, 100, 100, 2500, 2500, 2500, 2500, 2500, 2500, 
2500, 2500, 2500, 2500, 2500, 10083.313, 10409.885, 10630.926, 
11291.967, 11982.073, 12242.168, 12850.676, 13335.839, 14003, 
14024.589, 14711.885, 1, 1, 1, 1, 1, 1, 1, 1, 1, 1, 1, 0.05556, 
0.05556, 0.05556, 0.05556, 0.05556, 0.05556, 0.05556, 0.05556, 
0.05556, 0.05556, 0.05556, 0, 0, 0, 0, 0, 0, 0, 0, 0, 0, 0, 0, 
0, 0, 0, 0, 0, 0, 0, 0, 0, 0, 0.76137, 0.74221, 0.74195, 0.71945, 
0.72438, 0.73145, 0.73649, 0.74587, 0.75492, 0.7739, 0.75987, 
0.74975, 0.73162, 0.73414, 0.714, 0.70915, 0.73938, 0.74095, 
0.74432, 0.75617, 0.76793, 0.77292, 0.074, 0.0889, 0.1007, 0.1089, 
0.1262, 0.1424, 0.1557, 0.1698, 0.1904, 0.2029, 0.2229, 279.5, 
306, 325.4, 349.5, 370, 384.7, 407.6, 424.8, 445.7, 466.4, 489.5, 
1, 1, 1, 1, 1, 1, 1, 1, 1, 1, 1, 1, 1, 1, 1, 1, 1, 1, 1, 1, 1, 
1, 1, 1, 1, 1, 1, 1, 1, 1, 1, 1, 1, 1, 1, 1, 1, 1, 1, 1, 1, 1, 
1, 1, 3.802, 4.002, 4.179, 4.167, 4.551, 4.614, 4.775, 4.96, 
5.336, 5.241, 5.271), .Dim = c(11L, 40L), .Dimnames = list(NULL, 
    c("Sampling", "PSO.cost", "PSO.gamma", "PSO.data.balancing", 
    "PSO.feature.selection", "PSO.valid.acc", "PSO.test.acc", 
    "PSO.train.time", "PSO.n.support.vectors", "PSO.index", "PSO.n.solutions", 
    "PSO.generations", "PSO.n.evaluations", "PSO.cpu.time", "RS.cost", 
    "RS.gamma", "RS.data.balancing", "RS.feature.selection", 
    "RS.valid.acc", "RS.test.acc", "RS.train.time", "RS.n.support.vectors", 
    "RS.index", "RS.n.solutions", "RS.generations", "RS.n.evaluations", 
    "RS.cpu.time", "DF.cost", "DF.gamma", "DF.data.balancing", 
    "DF.feature.selection", "DF.valid.acc", "DF.test.acc", "DF.train.time", 
    "DF.n.support.vectors", "DF.index", "DF.n.solutions", "DF.generations", 
    "DF.n.evaluations", "DF.cpu.time")))
