full <-
structure(c(50, 55, 60, 65, 70, 75, 80, 85, 90, 95, 100, 9.47782, 
15, 6.44458, 9.84898, 7.5312, 7.65026, 9.65157, 7.9492, 7.15003, 
8.29792, 9.57363, -6.84469, -13.26696, -6.73536, -8.72541, -6.86643, 
-5.37471, -6.17991, -5.53214, -6.45766, -5.23197, -6.64972, 0, 
0, 0, 0, 0, 0, 0, 0, 0, 0, 0, 0, 0, 0, 0, 0, 0, 0, 0, 0, 0, 0, 
0.81836, 0.82991, 0.85194, 0.86193, 0.86493, 0.85181, 0.85181, 
0.85779, 0.86038, 0.86523, 0.85851, 0.83236, 0.80632, 0.82237, 
0.83809, 0.85139, 0.82808, 0.82663, 0.84658, 0.83531, 0.83651, 
0.8538, 0.0789, 0.0873, 0.0789, 0.0947, 0.1001, 0.1247, 0.1702, 
0.1523, 0.1532, 0.1949, 0.2182, 159.2, 170.3, 210.6, 199.6, 223.6, 
235.4, 226.7, 255.7, 284.4, 280.1, 267.9, 750, 806, 1491, 1856, 
925, 978, 711, 487, 1162, 705, 1272, 78, 23, 67, 19, 253, 440, 
280, 137, 169, 145, 110, 100, 100, 100, 100, 100, 100, 100, 100, 
100, 100, 100, 2500, 2500, 2500, 2500, 2500, 2500, 2500, 2500, 
2500, 2500, 2500, 8953.522, 8945.478, 8893.72300000001, 10096.148, 
9866.94200000001, 10385.628, 11816.526, 11591.99, 12167.054, 
12862.671, 13669.71, 5.94078, 7.83922, 5.94459, 8.91949, 8.99132, 
7.52357, 9.45512, 8.14597, 7.88304, 8.13376, 9.34862, -5.45943, 
-5.26114, -6.36528, -8.2769, -5.6662, -5.31537, -6.13522, -5.8277, 
-6.92418, -5.0931, -6.59316, 0, 0, 0, 0, 0, 0, 0, 0, 0, 0, 0, 
0, 0, 0, 0, 0, 0, 0, 0, 0, 0, 0, 0.81563, 0.82385, 0.84598, 0.85822, 
0.86142, 0.8502, 0.84882, 0.855, 0.85378, 0.85898, 0.85617, 0.82765, 
0.80036, 0.82233, 0.83452, 0.8376, 0.82964, 0.82656, 0.84238, 
0.83929, 0.83648, 0.85501, 0.0647, 0.0808, 0.0813, 0.0952, 0.1241, 
0.1236, 0.1635, 0.1655, 0.1523, 0.1917, 0.2103, 188.6, 187.5, 
217, 205.3, 209.1, 237.8, 228.5, 251.8, 278.5, 283, 270, 461, 
1302, 1947, 467, 1196, 624, 196, 2268, 543, 1013, 403, 1, 1, 
1, 1, 1, 1, 1, 2, 1, 1, 1, 100, 100, 100, 100, 100, 100, 100, 
100, 100, 100, 100, 2500, 2500, 2500, 2500, 2500, 2500, 2500, 
2500, 2500, 2500, 2500, 8951.25, 9372.206, 10255.32, 10990.051, 
10806.227, 11686.902, 12183.748, 13673.954, 14119.333, 14408.676, 
15293.17, 1, 1, 1, 1, 1, 1, 1, 1, 1, 1, 1, 0.05556, 0.05556, 
0.05556, 0.05556, 0.05556, 0.05556, 0.05556, 0.05556, 0.05556, 
0.05556, 0.05556, 0, 0, 0, 0, 0, 0, 0, 0, 0, 0, 0, 0, 0, 0, 0, 
0, 0, 0, 0, 0, 0, 0, 0.74979, 0.72898, 0.7575, 0.7451, 0.75666, 
0.75845, 0.75244, 0.76029, 0.7535, 0.76038, 0.75656, 0.73079, 
0.74415, 0.7691, 0.73385, 0.76505, 0.75371, 0.75406, 0.7573, 
0.75482, 0.75663, 0.75786, 0.0713, 0.0838, 0.0999, 0.1125, 0.1196, 
0.1385, 0.1483, 0.1739, 0.1833, 0.201, 0.2196, 267.2, 289.2, 
311.1, 337, 359.4, 379.4, 401.9, 422, 442.8, 470, 487.4, 1, 1, 
1, 1, 1, 1, 1, 1, 1, 1, 1, 1, 1, 1, 1, 1, 1, 1, 1, 1, 1, 1, 1, 
1, 1, 1, 1, 1, 1, 1, 1, 1, 1, 1, 1, 1, 1, 1, 1, 1, 1, 1, 1, 1, 
3.28, 3.611, 3.89, 4.093, 4.007, 4.414, 4.42, 4.876, 5.008, 5.292, 
5.468), .Dim = c(11L, 40L), .Dimnames = list(NULL, c("Sampling", 
"PSO.cost", "PSO.gamma", "PSO.data.balancing", "PSO.feature.selection", 
"PSO.valid.acc", "PSO.test.acc", "PSO.train.time", "PSO.n.support.vectors", 
"PSO.index", "PSO.n.solutions", "PSO.generations", "PSO.n.evaluations", 
"PSO.cpu.time", "RS.cost", "RS.gamma", "RS.data.balancing", "RS.feature.selection", 
"RS.valid.acc", "RS.test.acc", "RS.train.time", "RS.n.support.vectors", 
"RS.index", "RS.n.solutions", "RS.generations", "RS.n.evaluations", 
"RS.cpu.time", "DF.cost", "DF.gamma", "DF.data.balancing", "DF.feature.selection", 
"DF.valid.acc", "DF.test.acc", "DF.train.time", "DF.n.support.vectors", 
"DF.index", "DF.n.solutions", "DF.generations", "DF.n.evaluations", 
"DF.cpu.time")))
