full <-
structure(c(50, 55, 60, 65, 70, 75, 80, 85, 90, 95, 100, 10.23583, 
14.73596, 7.85225, 9.06845, 13.7884, 8.13534, 6.07431, 10.73805, 
12.92849, 14.71305, 14.16597, -6.35313, -8.166, -4.33186, -4.80477, 
-8.06396, -4.86607, -4.47335, -7.09742, -7.24946, -7.06958, -8.41525, 
0, 0, 0, 0, 0, 0, 0, 0, 0, 0, 0, 0, 0, 0, 0, 0, 0, 0, 0, 0, 0, 
0, 0.84189, 0.84522, 0.82641, 0.83428, 0.85126, 0.85968, 0.85032, 
0.86201, 0.85396, 0.86893, 0.85699, 0.82788, 0.80253, 0.81233, 
0.82678, 0.83597, 0.83117, 0.83697, 0.83973, 0.84461, 0.85896, 
0.8489, 0.0955, 0.284, 0.0925, 0.1163, 0.3109, 0.1394, 0.1399, 
0.2051, 0.3917, 0.8645, 0.7169, 154.4, 146.7, 226.6, 223.4, 180.1, 
244.6, 281.2, 231.3, 219, 227.3, 237.6, 841, 324, 1106, 817, 
378, 372, 1427, 1539, 886, 339, 1635, 227, 753, 226, 54, 342, 
324, 5, 67, 213, 252, 2, 100, 100, 100, 100, 100, 100, 100, 100, 
100, 100, 100, 2500, 2500, 2500, 2500, 2500, 2500, 2500, 2500, 
2500, 2500, 2500, 10918.134, 14366.569, 10537.72, 11184.368, 
14780.056, 12306.584, 14902.93, 14782.5, 17685.29, 30890.468, 
25299.65, 13.36889, 14.24475, 6.78259, 9.49364, 14.33708, 7.89789, 
6.80774, 10.35368, 13.76067, 14.02861, 7.93627, -7.59433, -8.00155, 
-4.56216, -4.97405, -8.29774, -4.80495, -4.85945, -6.92268, -7.75809, 
-6.8192, -5.60159, 0, 0, 0, 0, 0, 0, 0, 0, 0, 0, 0, 0, 0, 0, 
0, 0, 0, 0, 0, 0, 0, 0, 0.8441, 0.84309, 0.82233, 0.83071, 0.8479, 
0.85809, 0.8474, 0.85786, 0.84875, 0.86511, 0.85592, 0.81608, 
0.80683, 0.80644, 0.82129, 0.83939, 0.82963, 0.84147, 0.83552, 
0.8446, 0.86146, 0.85348, 0.1691, 0.2372, 0.0991, 0.1185, 0.3448, 
0.1373, 0.1396, 0.1909, 0.4703, 0.6821, 0.197, 139.1, 147.5, 
223.5, 219.3, 178.5, 246.9, 267.8, 234.3, 213.5, 232.3, 283.9, 
196, 2099, 1234, 162, 1630, 2383, 2031, 26, 1121, 747, 778, 1, 
1, 1, 1, 1, 1, 1, 1, 1, 1, 1, 100, 100, 100, 100, 100, 100, 100, 
100, 100, 100, 100, 2500, 2500, 2500, 2500, 2500, 2500, 2500, 
2500, 2500, 2500, 2500, 10701.802, 10659.582, 11056.371, 11550.457, 
12657.576, 13094.474, 13619.155, 13997.556, 15669.315, 19073.817, 
18241.751, 1, 1, 1, 1, 1, 1, 1, 1, 1, 1, 1, 0.05556, 0.05556, 
0.05556, 0.05556, 0.05556, 0.05556, 0.05556, 0.05556, 0.05556, 
0.05556, 0.05556, 0, 0, 0, 0, 0, 0, 0, 0, 0, 0, 0, 0, 0, 0, 0, 
0, 0, 0, 0, 0, 0, 0, 0.77565, 0.75979, 0.73772, 0.75034, 0.76495, 
0.76804, 0.77186, 0.76438, 0.7691, 0.76897, 0.75179, 0.76646, 
0.75961, 0.74168, 0.74323, 0.75984, 0.76643, 0.75689, 0.75166, 
0.77322, 0.76398, 0.74941, 0.0777, 0.0888, 0.0966, 0.1107, 0.1231, 
0.1385, 0.1576, 0.172, 0.1998, 0.2136, 0.2238, 271.6, 295.4, 
321.6, 340.4, 362, 386.2, 406, 426.9, 443.1, 465.7, 488.7, 1, 
1, 1, 1, 1, 1, 1, 1, 1, 1, 1, 1, 1, 1, 1, 1, 1, 1, 1, 1, 1, 1, 
1, 1, 1, 1, 1, 1, 1, 1, 1, 1, 1, 1, 1, 1, 1, 1, 1, 1, 1, 1, 1, 
1, 3.989, 4.054, 4.11, 4.461, 4.559, 4.815, 4.901, 5.054, 7.434, 
6.99, 6.746), .Dim = c(11L, 40L), .Dimnames = list(NULL, c("Sampling", 
"PSO.cost", "PSO.gamma", "PSO.data.balancing", "PSO.feature.selection", 
"PSO.valid.acc", "PSO.test.acc", "PSO.train.time", "PSO.n.support.vectors", 
"PSO.index", "PSO.n.solutions", "PSO.generations", "PSO.n.evaluations", 
"PSO.cpu.time", "RS.cost", "RS.gamma", "RS.data.balancing", "RS.feature.selection", 
"RS.valid.acc", "RS.test.acc", "RS.train.time", "RS.n.support.vectors", 
"RS.index", "RS.n.solutions", "RS.generations", "RS.n.evaluations", 
"RS.cpu.time", "DF.cost", "DF.gamma", "DF.data.balancing", "DF.feature.selection", 
"DF.valid.acc", "DF.test.acc", "DF.train.time", "DF.n.support.vectors", 
"DF.index", "DF.n.solutions", "DF.generations", "DF.n.evaluations", 
"DF.cpu.time")))
