full <-
structure(c(50, 55, 60, 65, 70, 75, 80, 85, 90, 95, 100, 8.13306, 
8.29569, 9.87586, 10.08429, 12.36523, 14.14677, 15, 15, 13.06749, 
7.07436, 11.94779, -6.78686, -6.37216, -5.48568, -6.1272, -7.50197, 
-7.96896, -7.77763, -8.14606, -8.2246, -5.58713, -7.67037, 0, 
0, 0, 0, 0, 0, 0, 0, 0, 0, 0, 0, 0, 0, 0, 0, 0, 0, 0, 0, 0, 0, 
0.86511, 0.86265, 0.85967, 0.87278, 0.85964, 0.86739, 0.85462, 
0.85639, 0.85765, 0.85515, 0.86886, 0.83946, 0.84336, 0.84567, 
0.84918, 0.83401, 0.85479, 0.83976, 0.8328, 0.85107, 0.84152, 
0.84875, 0.0685, 0.0787, 0.1123, 0.133, 0.2165, 0.4245, 0.5974, 
0.6578, 0.3664, 0.1527, 0.3159, 168.6, 174.8, 192, 191.9, 185.1, 
187.4, 188.8, 198.9, 226.2, 285.2, 247.6, 967, 1671, 503, 843, 
910, 1116, 255, 1135, 165, 504, 1292, 156, 29, 59, 208, 57, 305, 
713, 22, 207, 166, 87, 100, 100, 100, 100, 100, 100, 100, 100, 
100, 100, 100, 2500, 2500, 2500, 2500, 2500, 2500, 2500, 2500, 
2500, 2500, 2500, 9413.846, 9216.756, 9699.155, 10837.268, 13980.978, 
16800.498, 20599.658, 21132.646, 15773.769, 11377.895, 14497.827, 
9.67096, 14.07141, 9.47774, 11.02099, 12.05036, 14.21523, 14.0173, 
14.42428, 13.06206, 6.80232, 13.80245, -7.81448, -9.47603, -5.45118, 
-6.32588, -7.47049, -7.99415, -7.42684, -8.84895, -8.26243, -5.5577, 
-8.38684, 0, 0, 0, 0, 0, 0, 0, 0, 0, 0, 0, 0, 0, 0, 0, 0, 0, 
0, 0, 0, 0, 0, 0.86012, 0.85591, 0.85571, 0.86555, 0.85447, 0.86739, 
0.8531, 0.85235, 0.85633, 0.85143, 0.86292, 0.84167, 0.83231, 
0.84575, 0.85823, 0.83737, 0.85161, 0.83679, 0.83843, 0.85373, 
0.83656, 0.85112, 0.0748, 0.1837, 0.1071, 0.1594, 0.2095, 0.4537, 
0.4565, 0.4756, 0.3536, 0.1563, 0.5373, 163.7, 156.6, 192.6, 
187.4, 187.2, 187, 193.8, 208.2, 226.5, 290.9, 238.3, 53, 1214, 
376, 2106, 2325, 1510, 1362, 578, 1618, 2, 562, 1, 1, 1, 1, 1, 
1, 1, 2, 1, 1, 1, 100, 100, 100, 100, 100, 100, 100, 100, 100, 
100, 100, 2500, 2500, 2500, 2500, 2500, 2500, 2500, 2500, 2500, 
2500, 2500, 9654.119, 9210.865, 9962.368, 10770.041, 11036.789, 
11417.55, 11977.318, 12193.203, 12266.307, 13080.407, 13507.786, 
1, 1, 1, 1, 1, 1, 1, 1, 1, 1, 1, 0.05556, 0.05556, 0.05556, 0.05556, 
0.05556, 0.05556, 0.05556, 0.05556, 0.05556, 0.05556, 0.05556, 
0, 0, 0, 0, 0, 0, 0, 0, 0, 0, 0, 0, 0, 0, 0, 0, 0, 0, 0, 0, 0, 
0, 0.76862, 0.74197, 0.76303, 0.73422, 0.74267, 0.76458, 0.75834, 
0.75587, 0.74437, 0.75417, 0.75649, 0.7617, 0.75927, 0.75507, 
0.73217, 0.74094, 0.73777, 0.75852, 0.75174, 0.7443, 0.7379, 
0.75529, 0.0722, 0.0816, 0.0921, 0.1057, 0.119, 0.1323, 0.1437, 
0.16, 0.1683, 0.1834, 0.2009, 278.4, 297.6, 323.8, 345.2, 368.4, 
389.8, 414.2, 434.5, 449.9, 467.9, 489.5, 1, 1, 1, 1, 1, 1, 1, 
1, 1, 1, 1, 1, 1, 1, 1, 1, 1, 1, 1, 1, 1, 1, 1, 1, 1, 1, 1, 1, 
1, 1, 1, 1, 1, 1, 1, 1, 1, 1, 1, 1, 1, 1, 1, 1, 3.524, 3.535, 
3.603, 3.839, 4.191, 4.352, 4.299, 4.406, 4.383, 4.649, 4.686
), .Dim = c(11L, 40L), .Dimnames = list(NULL, c("Sampling", "PSO.cost", 
"PSO.gamma", "PSO.data.balancing", "PSO.feature.selection", "PSO.valid.acc", 
"PSO.test.acc", "PSO.train.time", "PSO.n.support.vectors", "PSO.index", 
"PSO.n.solutions", "PSO.generations", "PSO.n.evaluations", "PSO.cpu.time", 
"RS.cost", "RS.gamma", "RS.data.balancing", "RS.feature.selection", 
"RS.valid.acc", "RS.test.acc", "RS.train.time", "RS.n.support.vectors", 
"RS.index", "RS.n.solutions", "RS.generations", "RS.n.evaluations", 
"RS.cpu.time", "DF.cost", "DF.gamma", "DF.data.balancing", "DF.feature.selection", 
"DF.valid.acc", "DF.test.acc", "DF.train.time", "DF.n.support.vectors", 
"DF.index", "DF.n.solutions", "DF.generations", "DF.n.evaluations", 
"DF.cpu.time")))
