full <-
structure(c(50, 55, 60, 65, 70, 75, 80, 85, 90, 95, 100, 6.8856, 
8.1826, 14.70401, 7.794, 9.19772, 13.36153, 10.7488, 9.06033, 
12.98823, 7.8582, 13.22373, -7.23369, -5.22771, -8.20477, -5.43976, 
-6.44059, -8.4892, -6.54302, -5.54817, -7.82774, -7.7099, -8.67826, 
0, 0, 0, 0, 0, 0, 0, 0, 0, 0, 0, 0, 0, 0, 0, 0, 0, 0, 0, 0, 0, 
0, 0.82946, 0.83229, 0.84018, 0.83815, 0.83621, 0.86114, 0.86216, 
0.86044, 0.85921, 0.85885, 0.85719, 0.81545, 0.81074, 0.80266, 
0.83798, 0.83075, 0.84222, 0.84581, 0.83812, 0.85122, 0.84385, 
0.84401, 0.0633, 0.0907, 0.4102, 0.1052, 0.1253, 0.2842, 0.2074, 
0.1804, 0.3719, 0.1569, 0.3904, 188.6, 195.8, 169.4, 219.7, 215.2, 
202.6, 216.7, 247, 219.8, 306.2, 248.3, 317, 602, 544, 1341, 
1626, 1324, 935, 406, 704, 1026, 1478, 49, 83, 4, 17, 135, 27, 
37, 139, 232, 45, 47, 100, 100, 100, 100, 100, 100, 100, 100, 
100, 100, 100, 2500, 2500, 2500, 2500, 2500, 2500, 2500, 2500, 
2500, 2500, 2500, 10226.741, 9979.003, 11161.854, 10363.387, 
11359.421, 12943.649, 12319.652, 11855.044, 15749.132, 13415.033, 
15839.986, 9.89455, 8.47477, 6.19024, 7.67677, 10.10418, 13.55478, 
14.11802, 8.82449, 11.13383, 8.39689, 8.04983, -10.03851, -5.33015, 
-4.82741, -5.38369, -6.84693, -8.4662, -8.71179, -5.57979, -7.72215, 
-7.42507, -6.54265, 0, 0, 0, 0, 0, 0, 0, 0, 0, 0, 0, 0, 0, 0, 
0, 0, 0, 0, 0, 0, 0, 0, 0.82475, 0.83016, 0.83823, 0.8363, 0.83112, 
0.85953, 0.86207, 0.85768, 0.85403, 0.85634, 0.85711, 0.80831, 
0.81074, 0.83808, 0.83434, 0.83577, 0.84378, 0.83533, 0.84509, 
0.85389, 0.85009, 0.84632, 0.0651, 0.0555, 0.0887, 0.1031, 0.1437, 
0.3323, 0.422, 0.1736, 0.2134, 0.1626, 0.1778, 182.6, 192.5, 
228.7, 219.9, 210.1, 201.7, 204.1, 248.3, 236.8, 286.6, 287.8, 
694, 1315, 1112, 338, 1063, 2262, 2392, 1133, 42, 1977, 868, 
2, 2, 1, 1, 1, 1, 1, 1, 1, 1, 1, 100, 100, 100, 100, 100, 100, 
100, 100, 100, 100, 100, 2500, 2500, 2500, 2500, 2500, 2500, 
2500, 2500, 2500, 2500, 2500, 9688.596, 8219.578, 10623.837, 
11510.671, 12032.49, 11811.437, 12308.744, 12852.074, 14163.831, 
14712.523, 14539.979, 1, 1, 1, 1, 1, 1, 1, 1, 1, 1, 1, 0.05556, 
0.05556, 0.05556, 0.05556, 0.05556, 0.05556, 0.05556, 0.05556, 
0.05556, 0.05556, 0.05556, 0, 0, 0, 0, 0, 0, 0, 0, 0, 0, 0, 0, 
0, 0, 0, 0, 0, 0, 0, 0, 0, 0, 0.71379, 0.72872, 0.72805, 0.73065, 
0.7483, 0.73939, 0.74689, 0.75605, 0.76294, 0.77018, 0.76363, 
0.73749, 0.74408, 0.73751, 0.72526, 0.7292, 0.72195, 0.74982, 
0.74768, 0.75235, 0.76644, 0.77528, 0.0765, 0.0541, 0.102, 0.1129, 
0.1243, 0.1422, 0.1516, 0.1719, 0.1885, 0.198, 0.2178, 281.7, 
304.8, 330.6, 351.8, 371.5, 392.9, 410.8, 430, 452.3, 471.3, 
488.7, 1, 1, 1, 1, 1, 1, 1, 1, 1, 1, 1, 1, 1, 1, 1, 1, 1, 1, 
1, 1, 1, 1, 1, 1, 1, 1, 1, 1, 1, 1, 1, 1, 1, 1, 1, 1, 1, 1, 1, 
1, 1, 1, 1, 1, 3.692, 2.87, 3.984, 4.51, 4.177, 4.477, 4.42, 
4.727, 5.192, 4.998, 5.23), .Dim = c(11L, 40L), .Dimnames = list(
    NULL, c("Sampling", "PSO.cost", "PSO.gamma", "PSO.data.balancing", 
    "PSO.feature.selection", "PSO.valid.acc", "PSO.test.acc", 
    "PSO.train.time", "PSO.n.support.vectors", "PSO.index", "PSO.n.solutions", 
    "PSO.generations", "PSO.n.evaluations", "PSO.cpu.time", "RS.cost", 
    "RS.gamma", "RS.data.balancing", "RS.feature.selection", 
    "RS.valid.acc", "RS.test.acc", "RS.train.time", "RS.n.support.vectors", 
    "RS.index", "RS.n.solutions", "RS.generations", "RS.n.evaluations", 
    "RS.cpu.time", "DF.cost", "DF.gamma", "DF.data.balancing", 
    "DF.feature.selection", "DF.valid.acc", "DF.test.acc", "DF.train.time", 
    "DF.n.support.vectors", "DF.index", "DF.n.solutions", "DF.generations", 
    "DF.n.evaluations", "DF.cpu.time")))
