full <-
structure(c(50, 55, 60, 65, 70, 75, 80, 85, 90, 95, 100, 11.8212, 
8.86535, 11.81734, 6.45328, 11.43957, 6.88757, 8.8382, 13.46316, 
9.14471, 10.47976, 11.16716, -6.70568, -6.25763, -7.4416, -5.63061, 
-7.53031, -5.50893, -5.3157, -8.07711, -5.99256, -5.85984, -7.73092, 
0, 0, 0, 0, 0, 0, 0, 0, 0, 0, 0, 0, 0, 0, 0, 0, 0, 0, 0, 0, 0, 
0, 0.80814, 0.84546, 0.85217, 0.85201, 0.85602, 0.85681, 0.85948, 
0.86056, 0.8709, 0.86387, 0.86641, 0.7947, 0.82792, 0.83024, 
0.8192, 0.83926, 0.83144, 0.84898, 0.85355, 0.85643, 0.86388, 
0.85117, 0.1392, 0.0855, 0.1642, 0.0941, 0.1695, 0.1131, 0.1455, 
0.3877, 0.171, 0.2538, 0.2363, 159.4, 179.8, 179, 226.4, 194.6, 
238.7, 235.5, 204.8, 241.9, 253.3, 257.5, 1188, 1507, 1710, 1547, 
858, 1653, 2456, 1386, 898, 812, 607, 34, 48, 47, 14, 116, 16, 
1, 22, 147, 274, 76, 100, 100, 100, 100, 100, 100, 100, 100, 
100, 100, 100, 2500, 2500, 2500, 2500, 2500, 2500, 2500, 2500, 
2500, 2500, 2500, 10225.518, 9757.891, 10840.317, 10511.187, 
11719.687, 10631.827, 10606.268, 14851.851, 11373.907, 12885.561, 
13140.928, 12.78868, 8.73272, 11.93303, 6.07142, 11.9198, 6.9382, 
10.78592, 13.30214, 9.61462, 10.45696, 11.97087, -7.87084, -6.23596, 
-7.33617, -5.39582, -7.85598, -5.59115, -5.86699, -7.96447, -6.10589, 
-5.87254, -8.33747, 0, 0, 0, 0, 0, 0, 0, 0, 0, 0, 0, 0, 0, 0, 
0, 0, 0, 0, 0, 0, 0, 0, 0.80604, 0.84333, 0.84821, 0.84655, 0.85255, 
0.85522, 0.85506, 0.8605, 0.86432, 0.86387, 0.86629, 0.79459, 
0.83227, 0.83408, 0.81563, 0.83265, 0.83141, 0.85926, 0.85074, 
0.85515, 0.8639, 0.85345, 0.1712, 0.0888, 0.1772, 0.0921, 0.1793, 
0.1111, 0.1786, 0.36, 0.1901, 0.2555, 0.2603, 154.7, 180.9, 179.2, 
232, 192.6, 238.5, 218.2, 205.6, 238, 253.6, 259.1, 1458, 77, 
655, 291, 146, 15, 1138, 82, 1829, 1379, 1860, 1, 1, 1, 1, 2, 
1, 1, 3, 1, 1, 1, 100, 100, 100, 100, 100, 100, 100, 100, 100, 
100, 100, 2500, 2500, 2500, 2500, 2500, 2500, 2500, 2500, 2500, 
2500, 2500, 9687.761, 10199.648, 10315.465, 10635.765, 10871.024, 
10777.591, 11438.894, 11582.682, 12419.617, 13203.409, 13769.804, 
1, 1, 1, 1, 1, 1, 1, 1, 1, 1, 1, 0.05556, 0.05556, 0.05556, 0.05556, 
0.05556, 0.05556, 0.05556, 0.05556, 0.05556, 0.05556, 0.05556, 
0, 0, 0, 0, 0, 0, 0, 0, 0, 0, 0, 0, 0, 0, 0, 0, 0, 0, 0, 0, 0, 
0, 0.7326, 0.76575, 0.73411, 0.73384, 0.75609, 0.76461, 0.75855, 
0.77675, 0.76937, 0.77283, 0.76217, 0.74196, 0.75488, 0.74372, 
0.74111, 0.76815, 0.75682, 0.77932, 0.77658, 0.77728, 0.76663, 
0.77204, 0.0721, 0.0835, 0.0962, 0.1073, 0.1172, 0.1255, 0.1447, 
0.1563, 0.168, 0.1791, 0.1974, 282.2, 302.7, 325.2, 345.3, 369.3, 
387.3, 406.5, 428.1, 446.3, 472.9, 488.3, 1, 1, 1, 1, 1, 1, 1, 
1, 1, 1, 1, 1, 1, 1, 1, 1, 1, 1, 1, 1, 1, 1, 1, 1, 1, 1, 1, 1, 
1, 1, 1, 1, 1, 1, 1, 1, 1, 1, 1, 1, 1, 1, 1, 1, 3.534, 3.744, 
4.188, 4.156, 4.219, 3.896, 4.299, 4.24, 4.523, 4.722, 4.751), .Dim = c(11L, 
40L), .Dimnames = list(NULL, c("Sampling", "PSO.cost", "PSO.gamma", 
"PSO.data.balancing", "PSO.feature.selection", "PSO.valid.acc", 
"PSO.test.acc", "PSO.train.time", "PSO.n.support.vectors", "PSO.index", 
"PSO.n.solutions", "PSO.generations", "PSO.n.evaluations", "PSO.cpu.time", 
"RS.cost", "RS.gamma", "RS.data.balancing", "RS.feature.selection", 
"RS.valid.acc", "RS.test.acc", "RS.train.time", "RS.n.support.vectors", 
"RS.index", "RS.n.solutions", "RS.generations", "RS.n.evaluations", 
"RS.cpu.time", "DF.cost", "DF.gamma", "DF.data.balancing", "DF.feature.selection", 
"DF.valid.acc", "DF.test.acc", "DF.train.time", "DF.n.support.vectors", 
"DF.index", "DF.n.solutions", "DF.generations", "DF.n.evaluations", 
"DF.cpu.time")))
