full <-
structure(c(50, 55, 60, 65, 70, 75, 80, 85, 90, 95, 100, 15, 
15, 14.89562, 9.71135, 11.87277, 10.91845, 12.74011, 10.52535, 
14.05871, 10.36909, 11.54715, -8.66955, -8.04825, -8.04674, -7.09915, 
-9.11929, -7.63905, -7.88227, -6.99424, -8.73105, -5.20784, -7.21842, 
0, 0, 0, 0, 0, 0, 0, 0, 0, 0, 0, 0, 0, 0, 0, 0, 0, 0, 0, 0, 0, 
0, 0.85581, 0.84957, 0.86167, 0.86685, 0.85439, 0.85933, 0.85759, 
0.85903, 0.86681, 0.86021, 0.87585, 0.851, 0.82774, 0.8359, 0.84701, 
0.84249, 0.85007, 0.82207, 0.85615, 0.85762, 0.83407, 0.84754, 
0.3059, 0.3427, 0.4001, 0.113, 0.1357, 0.1636, 0.3065, 0.2129, 
0.4773, 0.2621, 0.3211, 140.4, 150.4, 160.7, 193.6, 203.3, 212.3, 
207.2, 228.2, 224, 271, 250.7, 560, 424, 1293, 2349, 265, 1974, 
824, 1659, 808, 1009, 739, 86, 402, 5, 2, 138, 2, 94, 31, 48, 
99, 19, 100, 100, 100, 100, 100, 100, 100, 100, 100, 100, 100, 
2500, 2500, 2500, 2500, 2500, 2500, 2500, 2500, 2500, 2500, 2500, 
13663.694, 13425.593, 14337.882, 11204.126, 11857.665, 12079.338, 
14741.494, 13228.897, 16854.472, 14761.287, 16655.854, 14.91288, 
12.22169, 14.57578, 10.22692, 11.32276, 10.23772, 13.1344, 7.62627, 
6.36222, 10.36927, 10.62912, -8.78168, -8.37071, -7.93732, -7.24018, 
-8.77088, -7.52273, -8.05635, -5.79452, -6.25293, -5.2912, -6.874, 
0, 0, 0, 0, 0, 0, 0, 0, 0, 0, 0, 0, 0, 0, 0, 0, 0, 0, 0, 0, 0, 
0, 0.85105, 0.84744, 0.85778, 0.86318, 0.85264, 0.85615, 0.85462, 
0.85476, 0.86667, 0.86019, 0.8711, 0.84862, 0.81506, 0.8359, 
0.85432, 0.84419, 0.84695, 0.81761, 0.85611, 0.85748, 0.83161, 
0.84876, 0.2821, 0.1349, 0.342, 0.1268, 0.1327, 0.1486, 0.3262, 
0.1545, 0.1447, 0.2671, 0.2818, 141.8, 164.4, 160.3, 190, 204.3, 
216.1, 205.7, 255, 294.4, 268.6, 255.5, 328, 2117, 2410, 1348, 
1871, 593, 1949, 1324, 1273, 1733, 1924, 1, 1, 1, 1, 1, 2, 1, 
1, 1, 1, 1, 100, 100, 100, 100, 100, 100, 100, 100, 100, 100, 
100, 2500, 2500, 2500, 2500, 2500, 2500, 2500, 2500, 2500, 2500, 
2500, 9941.189, 10416.391, 10948.93, 11329.391, 11764.856, 12634.673, 
13159.241, 13949.44, 14714.831, 14984.506, 16180.886, 1, 1, 1, 
1, 1, 1, 1, 1, 1, 1, 1, 0.05556, 0.05556, 0.05556, 0.05556, 0.05556, 
0.05556, 0.05556, 0.05556, 0.05556, 0.05556, 0.05556, 0, 0, 0, 
0, 0, 0, 0, 0, 0, 0, 0, 0, 0, 0, 0, 0, 0, 0, 0, 0, 0, 0, 0.73998, 
0.73989, 0.7593, 0.74862, 0.76451, 0.75838, 0.75382, 0.75836, 
0.7651, 0.75534, 0.77765, 0.73278, 0.73536, 0.75522, 0.75606, 
0.77635, 0.75221, 0.75981, 0.75974, 0.74945, 0.75292, 0.76835, 
0.0748, 0.0864, 0.0981, 0.109, 0.12, 0.1398, 0.1488, 0.1717, 
0.1845, 0.2002, 0.225, 269.8, 292.2, 311.6, 333.5, 351.3, 375.9, 
392.9, 416, 445.4, 466.2, 488.1, 1, 1, 1, 1, 1, 1, 1, 1, 1, 1, 
1, 1, 1, 1, 1, 1, 1, 1, 1, 1, 1, 1, 1, 1, 1, 1, 1, 1, 1, 1, 1, 
1, 1, 1, 1, 1, 1, 1, 1, 1, 1, 1, 1, 1, 3.79, 3.946, 4.083, 4.232, 
4.466, 4.8, 4.813, 5.074, 5.185, 5.452, 5.934), .Dim = c(11L, 
40L), .Dimnames = list(NULL, c("Sampling", "PSO.cost", "PSO.gamma", 
"PSO.data.balancing", "PSO.feature.selection", "PSO.valid.acc", 
"PSO.test.acc", "PSO.train.time", "PSO.n.support.vectors", "PSO.index", 
"PSO.n.solutions", "PSO.generations", "PSO.n.evaluations", "PSO.cpu.time", 
"RS.cost", "RS.gamma", "RS.data.balancing", "RS.feature.selection", 
"RS.valid.acc", "RS.test.acc", "RS.train.time", "RS.n.support.vectors", 
"RS.index", "RS.n.solutions", "RS.generations", "RS.n.evaluations", 
"RS.cpu.time", "DF.cost", "DF.gamma", "DF.data.balancing", "DF.feature.selection", 
"DF.valid.acc", "DF.test.acc", "DF.train.time", "DF.n.support.vectors", 
"DF.index", "DF.n.solutions", "DF.generations", "DF.n.evaluations", 
"DF.cpu.time")))
