full <-
structure(c(50, 55, 60, 65, 70, 75, 80, 85, 90, 95, 100, 8.55011, 
4.50129, 6.22364, 13.36247, 11.4993, 8.73451, 9.73199, 8.63454, 
6.47425, 12.1968, 6.61359, -8.57522, -5.02967, -6.10336, -8.49876, 
-6.99528, -5.81304, -6.06408, -7.13061, -5.51609, -7.71955, -5.08655, 
0, 0, 0, 0, 0, 0, 0, 0, 0, 0, 0, 0, 0, 0, 0, 0, 0, 0, 0, 0, 0, 
0, 0.82574, 0.82169, 0.84231, 0.84178, 0.85261, 0.85761, 0.87095, 
0.86049, 0.86416, 0.86911, 0.86525, 0.82098, 0.8085, 0.82446, 
0.83041, 0.83756, 0.83074, 0.86496, 0.84372, 0.85244, 0.83918, 
0.85588, 0.0661, 0.072, 0.0821, 0.2206, 0.1915, 0.1383, 0.1693, 
0.1452, 0.1473, 0.3119, 0.1839, 188, 221.2, 215, 175.3, 195.1, 
227.1, 224, 247.2, 278.9, 237.1, 304.7, 516, 1389, 1403, 154, 
1974, 568, 560, 524, 1220, 807, 758, 76, 42, 18, 122, 1, 531, 
337, 153, 42, 129, 252, 100, 100, 100, 100, 100, 100, 100, 100, 
100, 100, 100, 2500, 2500, 2500, 2500, 2500, 2500, 2500, 2500, 
2500, 2500, 2500, 8707.715, 8980.521, 9586.299, 12327.927, 12158.583, 
10954.926, 12006.959, 11757.948, 11361.685, 14981.271, 12696.102, 
7.57989, 4.31788, 6.25441, 13.27557, 11.75213, 9.0647, 10.00128, 
8.11325, 5.937, 12.54433, 6.74326, -7.8344, -5.05825, -6.22159, 
-8.43081, -6.75387, -6.04369, -6.18236, -5.72074, -5.36418, -7.88062, 
-5.1685, 0, 0, 0, 0, 0, 0, 0, 0, 0, 0, 0, 0, 0, 0, 0, 0, 0, 0, 
0, 0, 0, 0, 0.82336, 0.81928, 0.83843, 0.8345, 0.84586, 0.85598, 
0.86801, 0.85507, 0.86023, 0.86784, 0.86285, 0.8114, 0.80425, 
0.83042, 0.83219, 0.83756, 0.83382, 0.8665, 0.85505, 0.85772, 
0.8417, 0.85467, 0.0673, 0.0727, 0.0814, 0.2247, 0.2064, 0.1426, 
0.1751, 0.1563, 0.1513, 0.3334, 0.1788, 190.4, 222.2, 214.9, 
175.8, 195.7, 221.9, 221.9, 247.4, 286.8, 235.3, 301.9, 278, 
221, 1045, 723, 417, 1984, 1987, 372, 1927, 1538, 2471, 3, 1, 
1, 1, 3, 1, 1, 1, 1, 1, 1, 100, 100, 100, 100, 100, 100, 100, 
100, 100, 100, 100, 2500, 2500, 2500, 2500, 2500, 2500, 2500, 
2500, 2500, 2500, 2500, 9320.816, 9666.362, 10106.282, 10662.596, 
11157.952, 12050.707, 12731.214, 13355.135, 13550.543, 13876.904, 
14473.525, 1, 1, 1, 1, 1, 1, 1, 1, 1, 1, 1, 0.05556, 0.05556, 
0.05556, 0.05556, 0.05556, 0.05556, 0.05556, 0.05556, 0.05556, 
0.05556, 0.05556, 0, 0, 0, 0, 0, 0, 0, 0, 0, 0, 0, 0, 0, 0, 0, 
0, 0, 0, 0, 0, 0, 0, 0.75691, 0.75706, 0.75574, 0.74325, 0.74614, 
0.74058, 0.7394, 0.75323, 0.74189, 0.76415, 0.76584, 0.73369, 
0.75053, 0.75175, 0.75402, 0.74752, 0.74402, 0.75703, 0.75987, 
0.75499, 0.76427, 0.76722, 0.0763, 0.0862, 0.0972, 0.1145, 0.1266, 
0.1412, 0.1582, 0.1754, 0.1906, 0.1957, 0.2194, 277.4, 297.5, 
318.7, 340.8, 364.3, 385.6, 406.5, 431.6, 448.4, 462.8, 488.6, 
1, 1, 1, 1, 1, 1, 1, 1, 1, 1, 1, 1, 1, 1, 1, 1, 1, 1, 1, 1, 1, 
1, 1, 1, 1, 1, 1, 1, 1, 1, 1, 1, 1, 1, 1, 1, 1, 1, 1, 1, 1, 1, 
1, 1, 3.669, 3.75, 3.852, 4.059, 4.165, 4.51, 4.818, 4.895, 4.929, 
4.737, 5.107), .Dim = c(11L, 40L), .Dimnames = list(NULL, c("Sampling", 
"PSO.cost", "PSO.gamma", "PSO.data.balancing", "PSO.feature.selection", 
"PSO.valid.acc", "PSO.test.acc", "PSO.train.time", "PSO.n.support.vectors", 
"PSO.index", "PSO.n.solutions", "PSO.generations", "PSO.n.evaluations", 
"PSO.cpu.time", "RS.cost", "RS.gamma", "RS.data.balancing", "RS.feature.selection", 
"RS.valid.acc", "RS.test.acc", "RS.train.time", "RS.n.support.vectors", 
"RS.index", "RS.n.solutions", "RS.generations", "RS.n.evaluations", 
"RS.cpu.time", "DF.cost", "DF.gamma", "DF.data.balancing", "DF.feature.selection", 
"DF.valid.acc", "DF.test.acc", "DF.train.time", "DF.n.support.vectors", 
"DF.index", "DF.n.solutions", "DF.generations", "DF.n.evaluations", 
"DF.cpu.time")))
