full <-
structure(c(50, 55, 60, 65, 70, 75, 80, 85, 90, 95, 100, 11.35032, 
13.00213, 8.78973, 15, 8.61835, 11.98339, 7.5087, 14.82864, 13.91412, 
14.93236, 14.99571, -8.5316, -8.13376, -5.48343, -8.04706, -6.10323, 
-7.91736, -5.7543, -8.49566, -7.96809, -8.29387, -8.54224, 0, 
0, 0, 0, 0, 0, 0, 0, 0, 0, 0, 0, 0, 0, 0, 0, 0, 0, 0, 0, 0, 0, 
0.82794, 0.85373, 0.83212, 0.85389, 0.83586, 0.85284, 0.85768, 
0.85363, 0.85786, 0.85386, 0.86152, 0.7993, 0.83207, 0.81619, 
0.852, 0.81882, 0.83711, 0.85312, 0.83547, 0.84732, 0.8501, 0.83556, 
0.0941, 0.1868, 0.0983, 0.4539, 0.1199, 0.1939, 0.1331, 0.6472, 
0.5067, 0.8099, 0.8906, 164.4, 157.7, 188.7, 166.7, 210.5, 202.1, 
247.6, 210.1, 219.2, 223.8, 232.1, 1286, 877, 999, 1429, 945, 
1969, 1587, 736, 661, 500, 702, 87, 190, 134, 42, 250, 11, 35, 
6, 62, 85, 79, 100, 100, 100, 100, 100, 100, 100, 100, 100, 100, 
100, 2500, 2500, 2500, 2500, 2500, 2500, 2500, 2500, 2500, 2500, 
2500, 12012.412, 12310.489, 10121.395, 11291.545, 10934.164, 
12799.573, 12708.825, 22092.368, 16062.373, 19784.097, 25477.473, 
14.65577, 8.67981, 8.89359, 6.63195, 10.62168, 6.74988, 12.70245, 
7.47883, 9.6331, 13.46866, 9.70834, -8.61385, -5.63721, -5.50575, 
-5.32651, -7.69893, -5.81291, -7.60904, -5.50855, -6.30694, -9.77745, 
-6.563, 0, 0, 0, 0, 0, 0, 0, 0, 0, 0, 0, 0, 0, 0, 0, 0, 0, 0, 
0, 0, 0, 0, 0.823, 0.84914, 0.83016, 0.85031, 0.83249, 0.85286, 
0.85617, 0.85081, 0.85651, 0.85147, 0.85924, 0.7993, 0.82934, 
0.81619, 0.83896, 0.81894, 0.84986, 0.83696, 0.84504, 0.84858, 
0.84147, 0.83907, 0.3037, 0.0863, 0.0984, 0.0972, 0.1337, 0.1126, 
0.2995, 0.1534, 0.1965, 0.2675, 0.2495, 148.7, 180.7, 188.1, 
225.4, 200.4, 244.7, 207.9, 262.1, 245.8, 253.6, 267.3, 2360, 
1920, 1996, 2499, 2102, 1885, 1849, 2455, 75, 1475, 1463, 1, 
1, 1, 1, 1, 1, 1, 1, 1, 1, 1, 100, 100, 100, 100, 100, 100, 100, 
100, 100, 100, 100, 2500, 2500, 2500, 2500, 2500, 2500, 2500, 
2500, 2500, 2500, 2500, 10249.866, 10230.715, 10566.995, 11305.454, 
11645.254, 12249.482, 12824.249, 13605.164, 13958.036, 16273.703, 
18672.444, 1, 1, 1, 1, 1, 1, 1, 1, 1, 1, 1, 0.05556, 0.05556, 
0.05556, 0.05556, 0.05556, 0.05556, 0.05556, 0.05556, 0.05556, 
0.05556, 0.05556, 0, 0, 0, 0, 0, 0, 0, 0, 0, 0, 0, 0, 0, 0, 0, 
0, 0, 0, 0, 0, 0, 0, 0.71944, 0.76119, 0.72982, 0.73911, 0.7192, 
0.73115, 0.73617, 0.75183, 0.7706, 0.76784, 0.76947, 0.73084, 
0.74407, 0.72544, 0.73568, 0.72418, 0.73743, 0.7597, 0.75885, 
0.76405, 0.76408, 0.76722, 0.0768, 0.0869, 0.0957, 0.1132, 0.1235, 
0.1395, 0.1564, 0.1739, 0.1878, 0.2207, 0.2371, 273.9, 292.6, 
316.8, 339.9, 364.3, 387.5, 411.7, 430.8, 448.5, 466.7, 489.1, 
1, 1, 1, 1, 1, 1, 1, 1, 1, 1, 1, 1, 1, 1, 1, 1, 1, 1, 1, 1, 1, 
1, 1, 1, 1, 1, 1, 1, 1, 1, 1, 1, 1, 1, 1, 1, 1, 1, 1, 1, 1, 1, 
1, 1, 3.946, 3.936, 4.048, 4.283, 4.321, 4.434, 4.774, 5.03, 
5.095, 7.657, 7.175), .Dim = c(11L, 40L), .Dimnames = list(NULL, 
    c("Sampling", "PSO.cost", "PSO.gamma", "PSO.data.balancing", 
    "PSO.feature.selection", "PSO.valid.acc", "PSO.test.acc", 
    "PSO.train.time", "PSO.n.support.vectors", "PSO.index", "PSO.n.solutions", 
    "PSO.generations", "PSO.n.evaluations", "PSO.cpu.time", "RS.cost", 
    "RS.gamma", "RS.data.balancing", "RS.feature.selection", 
    "RS.valid.acc", "RS.test.acc", "RS.train.time", "RS.n.support.vectors", 
    "RS.index", "RS.n.solutions", "RS.generations", "RS.n.evaluations", 
    "RS.cpu.time", "DF.cost", "DF.gamma", "DF.data.balancing", 
    "DF.feature.selection", "DF.valid.acc", "DF.test.acc", "DF.train.time", 
    "DF.n.support.vectors", "DF.index", "DF.n.solutions", "DF.generations", 
    "DF.n.evaluations", "DF.cpu.time")))
