full <-
structure(c(50, 55, 60, 65, 70, 75, 80, 85, 90, 95, 100, 10.2898, 
9.0266, 12.6502, 14.0883, 9.80505, 9.22253, 9.64176, 12.02123, 
11.2682, 13.41139, 9.3041, -6.14012, -7.70632, -7.24132, -8.64907, 
-7.55681, -7.2012, -6.36411, -8.2863, -7.38056, -8.78555, -6.84538, 
0, 0, 0, 0, 0, 0, 0, 0, 0, 0, 0, 0, 0, 0, 0, 0, 0, 0, 0, 0, 0, 
0, 0.82249, 0.84124, 0.85758, 0.85438, 0.84275, 0.83877, 0.85172, 
0.85508, 0.85876, 0.8553, 0.86391, 0.82023, 0.81982, 0.83012, 
0.8438, 0.81707, 0.81841, 0.8353, 0.84931, 0.82983, 0.84397, 
0.85431, 0.0973, 0.0803, 0.197, 0.3082, 0.1216, 0.1273, 0.1696, 
0.215, 0.2563, 0.3621, 0.2002, 164.1, 182.8, 170.1, 177.7, 209.1, 
227.5, 227.6, 221.7, 237.9, 238.5, 270.6, 1592, 1800, 245, 840, 
2182, 2147, 742, 939, 509, 1418, 892, 17, 50, 341, 100, 3, 4, 
242, 112, 352, 52, 71, 100, 100, 100, 100, 100, 100, 100, 100, 
100, 100, 100, 2500, 2500, 2500, 2500, 2500, 2500, 2500, 2500, 
2500, 2500, 2500, 10813.525, 10711.568, 12421.155, 14645.426, 
10775.839, 11487.019, 12117.797, 13472.041, 14345.072, 19971.578, 
14011.922, 10.06322, 13.85346, 12.38295, 13.31192, 8.03213, 9.26685, 
10.24501, 11.20945, 11.20363, 13.43535, 10.78506, -6.81714, -8.02383, 
-7.02473, -8.35009, -5.7194, -7.22278, -7.12991, -7.89017, -7.46543, 
-8.7603, -6.54946, 0, 0, 0, 0, 0, 0, 0, 0, 0, 0, 0, 0, 0, 0, 
0, 0, 0, 0, 0, 0, 0, 0, 0.81518, 0.83884, 0.85366, 0.84704, 0.83603, 
0.83718, 0.84728, 0.85221, 0.85481, 0.8528, 0.86158, 0.78659, 
0.82214, 0.83417, 0.84198, 0.83085, 0.81841, 0.84722, 0.84796, 
0.83244, 0.84645, 0.85325, 0.097, 0.2299, 0.1906, 0.2441, 0.1168, 
0.1287, 0.1663, 0.196, 0.2356, 0.3553, 0.2721, 161.4, 155.1, 
172.4, 180.8, 222.1, 227.1, 223.7, 225.9, 237.9, 237.8, 254.5, 
1295, 1413, 2071, 386, 2084, 1825, 93, 1366, 2144, 1483, 637, 
2, 1, 1, 1, 1, 1, 1, 1, 1, 1, 1, 100, 100, 100, 100, 100, 100, 
100, 100, 100, 100, 100, 2500, 2500, 2500, 2500, 2500, 2500, 
2500, 2500, 2500, 2500, 2500, 10365.456, 10308.266, 10666.008, 
11096.742, 11785.608, 12212.022, 13053.473, 13559.773, 14179.333, 
13994.511, 14512.491, 1, 1, 1, 1, 1, 1, 1, 1, 1, 1, 1, 0.05556, 
0.05556, 0.05556, 0.05556, 0.05556, 0.05556, 0.05556, 0.05556, 
0.05556, 0.05556, 0.05556, 0, 0, 0, 0, 0, 0, 0, 0, 0, 0, 0, 0, 
0, 0, 0, 0, 0, 0, 0, 0, 0, 0, 0.70691, 0.73158, 0.72367, 0.74077, 
0.74277, 0.72517, 0.75242, 0.74351, 0.73257, 0.73658, 0.76012, 
0.7258, 0.72066, 0.73156, 0.73538, 0.74452, 0.73145, 0.74379, 
0.75445, 0.75101, 0.74408, 0.76483, 0.0842, 0.0892, 0.0994, 0.1131, 
0.1223, 0.1388, 0.157, 0.1738, 0.1894, 0.2002, 0.2208, 283.4, 
300.2, 324.9, 345.8, 367.7, 383.9, 406.6, 427, 454, 467.2, 488.6, 
1, 1, 1, 1, 1, 1, 1, 1, 1, 1, 1, 1, 1, 1, 1, 1, 1, 1, 1, 1, 1, 
1, 1, 1, 1, 1, 1, 1, 1, 1, 1, 1, 1, 1, 1, 1, 1, 1, 1, 1, 1, 1, 
1, 1, 4.309, 3.918, 4.008, 4.286, 4.343, 4.645, 4.8, 4.966, 5.009, 
5.105, 5.268), .Dim = c(11L, 40L), .Dimnames = list(NULL, c("Sampling", 
"PSO.cost", "PSO.gamma", "PSO.data.balancing", "PSO.feature.selection", 
"PSO.valid.acc", "PSO.test.acc", "PSO.train.time", "PSO.n.support.vectors", 
"PSO.index", "PSO.n.solutions", "PSO.generations", "PSO.n.evaluations", 
"PSO.cpu.time", "RS.cost", "RS.gamma", "RS.data.balancing", "RS.feature.selection", 
"RS.valid.acc", "RS.test.acc", "RS.train.time", "RS.n.support.vectors", 
"RS.index", "RS.n.solutions", "RS.generations", "RS.n.evaluations", 
"RS.cpu.time", "DF.cost", "DF.gamma", "DF.data.balancing", "DF.feature.selection", 
"DF.valid.acc", "DF.test.acc", "DF.train.time", "DF.n.support.vectors", 
"DF.index", "DF.n.solutions", "DF.generations", "DF.n.evaluations", 
"DF.cpu.time")))
