full <-
structure(c(50, 55, 60, 65, 70, 75, 80, 85, 90, 95, 100, 6.17099, 
10.20471, 6.30667, 11.00184, 15, 10.10211, 9.31603, 7.8274, 11.45473, 
13.22739, 9.20642, -4.87179, -7.33515, -5.16007, -6.70196, -8.97025, 
-7.69034, -6.86082, -5.85216, -7.14964, -8.01551, -5.5317, 0, 
0, 0, 0, 0, 0, 0, 0, 0, 0, 0, 0, 0, 0, 0, 0, 0, 0, 0, 0, 0, 0, 
0.86026, 0.84739, 0.84811, 0.85461, 0.85125, 0.86397, 0.86351, 
0.86189, 0.86696, 0.87025, 0.86881, 0.82515, 0.84754, 0.82046, 
0.8363, 0.84585, 0.83091, 0.83862, 0.84235, 0.84854, 0.86769, 
0.85104, 0.0666, 0.0607, 0.086, 0.1644, 0.4296, 0.1356, 0.1478, 
0.147, 0.2635, 0.4252, 0.2333, 187.4, 171.7, 216.6, 190.2, 185.5, 
217.8, 230.4, 257.1, 231.1, 228, 274.5, 1099, 739, 2013, 895, 
255, 875, 586, 1530, 700, 748, 1801, 33, 65, 5, 198, 209, 80, 
267, 47, 32, 75, 23, 100, 100, 100, 100, 100, 100, 100, 100, 
100, 100, 100, 2500, 2500, 2500, 2500, 2500, 2500, 2500, 2500, 
2500, 2500, 2500, 8415.775, 8553.772, 10374.599, 10333.768, 16191.666, 
10680.878, 10515.423, 11149.272, 13556.198, 17698.794, 12644.458, 
6.433, 9.85437, 6.36611, 11.11206, 14.19328, 10.38314, 8.82234, 
7.47526, 11.97502, 10.98637, 9.31477, -4.94016, -6.202, -5.14335, 
-6.9595, -8.5477, -7.68402, -6.92056, -5.68403, -7.45412, -5.66138, 
-6.06064, 0, 0, 0, 0, 0, 0, 0, 0, 0, 0, 0, 0, 0, 0, 0, 0, 0, 
0, 0, 0, 0, 0, 0.85798, 0.84518, 0.84611, 0.85101, 0.84432, 0.86241, 
0.86055, 0.85773, 0.86566, 0.87131, 0.86762, 0.83456, 0.84722, 
0.8263, 0.83808, 0.84591, 0.83086, 0.84736, 0.83666, 0.85114, 
0.85516, 0.86165, 0.0675, 0.0602, 0.0848, 0.1608, 0.3447, 0.1391, 
0.1319, 0.1437, 0.2898, 0.2768, 0.2252, 183.7, 170.1, 215.6, 
190.4, 186.7, 215.3, 235.4, 261.9, 227.9, 255.4, 267.9, 129, 
444, 1996, 1893, 883, 1202, 634, 624, 1060, 1750, 1497, 1, 2, 
1, 1, 2, 1, 1, 1, 1, 1, 1, 100, 100, 100, 100, 100, 100, 100, 
100, 100, 100, 100, 2500, 2500, 2500, 2500, 2500, 2500, 2500, 
2500, 2500, 2500, 2500, 9049.512, 9248.515, 10752.984, 9852.43100000001, 
10667.307, 10985.452, 11455.353, 12156.219, 12754.303, 13226.756, 
13473.754, 1, 1, 1, 1, 1, 1, 1, 1, 1, 1, 1, 0.05556, 0.05556, 
0.05556, 0.05556, 0.05556, 0.05556, 0.05556, 0.05556, 0.05556, 
0.05556, 0.05556, 0, 0, 0, 0, 0, 0, 0, 0, 0, 0, 0, 0, 0, 0, 0, 
0, 0, 0, 0, 0, 0, 0, 0.71881, 0.73962, 0.74343, 0.71943, 0.7445, 
0.75345, 0.75375, 0.76576, 0.74426, 0.76415, 0.75304, 0.73548, 
0.73518, 0.74528, 0.73623, 0.75117, 0.74556, 0.74653, 0.76151, 
0.75091, 0.75538, 0.76592, 0.0716, 0.0883, 0.0978, 0.0672, 0.1247, 
0.139, 0.1521, 0.1665, 0.186, 0.1992, 0.2146, 276.6, 297.7, 326.4, 
348.8, 368.2, 387.3, 409, 429.9, 451.8, 472.5, 486.1, 1, 1, 1, 
1, 1, 1, 1, 1, 1, 1, 1, 1, 1, 1, 1, 1, 1, 1, 1, 1, 1, 1, 1, 1, 
1, 1, 1, 1, 1, 1, 1, 1, 1, 1, 1, 1, 1, 1, 1, 1, 1, 1, 1, 1, 3.36, 
4.147, 3.656, 2.796, 3.962, 4.097, 4.269, 4.42, 4.605, 4.756, 
4.917), .Dim = c(11L, 40L), .Dimnames = list(NULL, c("Sampling", 
"PSO.cost", "PSO.gamma", "PSO.data.balancing", "PSO.feature.selection", 
"PSO.valid.acc", "PSO.test.acc", "PSO.train.time", "PSO.n.support.vectors", 
"PSO.index", "PSO.n.solutions", "PSO.generations", "PSO.n.evaluations", 
"PSO.cpu.time", "RS.cost", "RS.gamma", "RS.data.balancing", "RS.feature.selection", 
"RS.valid.acc", "RS.test.acc", "RS.train.time", "RS.n.support.vectors", 
"RS.index", "RS.n.solutions", "RS.generations", "RS.n.evaluations", 
"RS.cpu.time", "DF.cost", "DF.gamma", "DF.data.balancing", "DF.feature.selection", 
"DF.valid.acc", "DF.test.acc", "DF.train.time", "DF.n.support.vectors", 
"DF.index", "DF.n.solutions", "DF.generations", "DF.n.evaluations", 
"DF.cpu.time")))
