full <-
structure(c(50, 55, 60, 65, 70, 75, 80, 85, 90, 95, 100, 9.63619, 
13.7698, 11.19756, 5.26836, 15, 14.93981, 7.2398, 8.1357, 8.89219, 
13.62262, 9.41677, -7.78111, -8.49262, -8.69148, -5.64956, -9.53995, 
-10.46004, -6.61241, -6.5493, -6.1532, -7.83857, -6.20267, 0, 
0, 0, 0, 0, 0, 0, 0, 0, 0, 0, 0, 0, 0, 0, 0, 0, 0, 0, 0, 0, 0, 
0.82077, 0.83059, 0.83867, 0.83424, 0.85606, 0.84671, 0.86218, 
0.85899, 0.8629, 0.85397, 0.86172, 0.80642, 0.82181, 0.81886, 
0.81963, 0.84095, 0.81829, 0.84148, 0.83941, 0.84958, 0.83276, 
0.85099, 0.0729, 0.1913, 0.0998, 0.0899, 0.3513, 0.2593, 0.072, 
0.1279, 0.1692, 0.4849, 0.2201, 170.2, 158.4, 180.1, 237.5, 183.6, 
203.6, 244.4, 247.4, 246.3, 218, 269.2, 745, 1343, 1005, 1657, 
317, 2267, 748, 1264, 842, 468, 443, 73, 7, 62, 8, 239, 1, 232, 
37, 98, 287, 435, 100, 100, 100, 100, 100, 100, 100, 100, 100, 
100, 100, 2500, 2500, 2500, 2500, 2500, 2500, 2500, 2500, 2500, 
2500, 2500, 10266.545, 11392.761, 10924.537, 10789.417, 14903.633, 
11867.028, 8845.02100000001, 11182.958, 11772.071, 18667.853, 
13284.474, 6.97209, 11.74495, 10.61823, 6.97243, 13.97895, 14.14792, 
6.69662, 8.23706, 13.42842, 14.08373, 9.17125, -6.89956, -7.7331, 
-8.53486, -4.88165, -9.18643, -10.52167, -5.75157, -6.18561, 
-7.76138, -7.93947, -6.01851, 0, 0, 0, 0, 0, 0, 0, 0, 0, 0, 0, 
0, 0, 0, 0, 0, 0, 0, 0, 0, 0, 0, 0.81867, 0.82601, 0.83275, 0.82525, 
0.85431, 0.842, 0.85643, 0.8562, 0.85767, 0.849, 0.85936, 0.78748, 
0.8133, 0.81117, 0.82168, 0.84262, 0.82602, 0.84304, 0.84354, 
0.85235, 0.83527, 0.84744, 0.0624, 0.1234, 0.0946, 0.1007, 0.251, 
0.189, 0.1201, 0.143, 0.4204, 0.6042, 0.2158, 181.9, 166, 183.4, 
226.9, 187.4, 210.8, 249.5, 242.8, 211.2, 216.2, 272.2, 1319, 
617, 2044, 217, 580, 1800, 2200, 2060, 1107, 1079, 2133, 1, 2, 
1, 2, 2, 1, 1, 1, 2, 1, 1, 100, 100, 100, 100, 100, 100, 100, 
100, 100, 100, 100, 2500, 2500, 2500, 2500, 2500, 2500, 2500, 
2500, 2500, 2500, 2500, 9723.46, 10983.825, 11017.805, 11784.643, 
11850.862, 11612.883, 12230.454, 11681.85, 13250.757, 13595.986, 
14521.889, 1, 1, 1, 1, 1, 1, 1, 1, 1, 1, 1, 0.05556, 0.05556, 
0.05556, 0.05556, 0.05556, 0.05556, 0.05556, 0.05556, 0.05556, 
0.05556, 0.05556, 0, 0, 0, 0, 0, 0, 0, 0, 0, 0, 0, 0, 0, 0, 0, 
0, 0, 0, 0, 0, 0, 0, 0.75701, 0.75204, 0.77178, 0.76728, 0.75123, 
0.75199, 0.74371, 0.75728, 0.75362, 0.74913, 0.75416, 0.75707, 
0.75422, 0.76598, 0.76499, 0.75117, 0.73938, 0.75851, 0.76012, 
0.76278, 0.75284, 0.75648, 0.0753, 0.0846, 0.098, 0.1103, 0.1212, 
0.137, 0.1497, 0.1638, 0.1861, 0.1957, 0.2228, 271, 290.6, 309, 
335.1, 355.1, 375.3, 398.7, 420.5, 439, 459.6, 486.6, 1, 1, 1, 
1, 1, 1, 1, 1, 1, 1, 1, 1, 1, 1, 1, 1, 1, 1, 1, 1, 1, 1, 1, 1, 
1, 1, 1, 1, 1, 1, 1, 1, 1, 1, 1, 1, 1, 1, 1, 1, 1, 1, 1, 1, 3.762, 
3.777, 4.367, 4.54, 4.175, 4.375, 4.815, 4.546, 4.84, 4.878, 
5.258), .Dim = c(11L, 40L), .Dimnames = list(NULL, c("Sampling", 
"PSO.cost", "PSO.gamma", "PSO.data.balancing", "PSO.feature.selection", 
"PSO.valid.acc", "PSO.test.acc", "PSO.train.time", "PSO.n.support.vectors", 
"PSO.index", "PSO.n.solutions", "PSO.generations", "PSO.n.evaluations", 
"PSO.cpu.time", "RS.cost", "RS.gamma", "RS.data.balancing", "RS.feature.selection", 
"RS.valid.acc", "RS.test.acc", "RS.train.time", "RS.n.support.vectors", 
"RS.index", "RS.n.solutions", "RS.generations", "RS.n.evaluations", 
"RS.cpu.time", "DF.cost", "DF.gamma", "DF.data.balancing", "DF.feature.selection", 
"DF.valid.acc", "DF.test.acc", "DF.train.time", "DF.n.support.vectors", 
"DF.index", "DF.n.solutions", "DF.generations", "DF.n.evaluations", 
"DF.cpu.time")))
