full <-
structure(c(50, 55, 60, 65, 70, 75, 80, 85, 90, 95, 100, 13.35724, 
14.58639, 9.45562, 15, 11.76798, 14.27406, 14.96401, 13.86482, 
9.57056, 10.91566, 10.66067, -9.0444, -8.23473, -5.07923, -9.68924, 
-9.27478, -8.24879, -9.56947, -9.02103, -6.4954, -6.58738, -6.46287, 
0, 0, 0, 0, 0, 0, 0, 0, 0, 0, 0, 0, 0, 0, 0, 0, 0, 0, 0, 0, 0, 
0, 0.85302, 0.84767, 0.85601, 0.84505, 0.85795, 0.84841, 0.85489, 
0.85068, 0.85489, 0.86252, 0.86283, 0.84599, 0.82228, 0.82856, 
0.82164, 0.82735, 0.8374, 0.8474, 0.85908, 0.85373, 0.85755, 
0.84748, 0.1249, 0.2421, 0.1058, 0.2965, 0.1313, 0.4327, 0.4222, 
0.3429, 0.1931, 0.2803, 0.2775, 142.5, 143.5, 200.7, 175.3, 207.4, 
191.2, 207.1, 213.4, 239.5, 244.1, 253.8, 1153, 1953, 615, 790, 
657, 622, 1802, 451, 2390, 265, 2244, 15, 7, 480, 381, 260, 365, 
2, 100, 1, 560, 4, 100, 100, 100, 100, 100, 100, 100, 100, 100, 
100, 100, 2500, 2500, 2500, 2500, 2500, 2500, 2500, 2500, 2500, 
2500, 2500, 11120.581, 12512.489, 10602.429, 13735.512, 11573.482, 
17114.623, 17371.425, 16670.386, 13968.328, 15075.195, 14233.645, 
12.8607, 13.35243, 11.0399, 14.89293, 11.73041, 13.77135, 14.38247, 
13.55453, 6.36054, 10.8101, 8.97261, -9.02031, -8.07317, -5.0812, 
-9.74634, -9.19411, -8.18121, -8.97937, -8.80274, -5.69759, -6.56063, 
-5.76428, 0, 0, 0, 0, 0, 0, 0, 0, 0, 0, 0, 0, 0, 0, 0, 0, 0, 
0, 0, 0, 0, 0, 0.85075, 0.83943, 0.85209, 0.84148, 0.85115, 0.84526, 
0.85045, 0.84787, 0.85369, 0.86127, 0.86044, 0.83192, 0.81807, 
0.82267, 0.827, 0.83072, 0.83911, 0.84442, 0.85348, 0.85368, 
0.85757, 0.84749, 0.1108, 0.1597, 0.1021, 0.2952, 0.1253, 0.3411, 
0.3974, 0.3211, 0.149, 0.2634, 0.2207, 144.9, 146.7, 200.7, 176.9, 
206.5, 193.6, 202.4, 213.4, 279.6, 244.8, 273.9, 2478, 602, 586, 
2149, 930, 310, 1948, 817, 2303, 1179, 783, 1, 1, 1, 1, 1, 1, 
1, 2, 1, 1, 1, 100, 100, 100, 100, 100, 100, 100, 100, 100, 100, 
100, 2500, 2500, 2500, 2500, 2500, 2500, 2500, 2500, 2500, 2500, 
2500, 10396.995, 10489.392, 11053.433, 11327.453, 11980.19, 12617.279, 
13158.81, 13580.046, 14187.962, 14733.966, 14993.566, 1, 1, 1, 
1, 1, 1, 1, 1, 1, 1, 1, 0.05556, 0.05556, 0.05556, 0.05556, 0.05556, 
0.05556, 0.05556, 0.05556, 0.05556, 0.05556, 0.05556, 0, 0, 0, 
0, 0, 0, 0, 0, 0, 0, 0, 0, 0, 0, 0, 0, 0, 0, 0, 0, 0, 0, 0.74697, 
0.76359, 0.74584, 0.73469, 0.75457, 0.75686, 0.74819, 0.76281, 
0.75353, 0.75899, 0.76372, 0.7184, 0.76426, 0.75193, 0.74365, 
0.74271, 0.76795, 0.7512, 0.74755, 0.75745, 0.75267, 0.76958, 
0.0743, 0.0846, 0.097, 0.1092, 0.1253, 0.1444, 0.16, 0.1739, 
0.1863, 0.2023, 0.2184, 269.8, 290.8, 315.6, 341, 363.8, 390.5, 
408.2, 427.9, 443.7, 467.4, 484.1, 1, 1, 1, 1, 1, 1, 1, 1, 1, 
1, 1, 1, 1, 1, 1, 1, 1, 1, 1, 1, 1, 1, 1, 1, 1, 1, 1, 1, 1, 1, 
1, 1, 1, 1, 1, 1, 1, 1, 1, 1, 1, 1, 1, 1, 4.037, 4.19, 4.192, 
4.206, 4.387, 4.759, 4.738, 5.094, 4.996, 5.251, 5.39), .Dim = c(11L, 
40L), .Dimnames = list(NULL, c("Sampling", "PSO.cost", "PSO.gamma", 
"PSO.data.balancing", "PSO.feature.selection", "PSO.valid.acc", 
"PSO.test.acc", "PSO.train.time", "PSO.n.support.vectors", "PSO.index", 
"PSO.n.solutions", "PSO.generations", "PSO.n.evaluations", "PSO.cpu.time", 
"RS.cost", "RS.gamma", "RS.data.balancing", "RS.feature.selection", 
"RS.valid.acc", "RS.test.acc", "RS.train.time", "RS.n.support.vectors", 
"RS.index", "RS.n.solutions", "RS.generations", "RS.n.evaluations", 
"RS.cpu.time", "DF.cost", "DF.gamma", "DF.data.balancing", "DF.feature.selection", 
"DF.valid.acc", "DF.test.acc", "DF.train.time", "DF.n.support.vectors", 
"DF.index", "DF.n.solutions", "DF.generations", "DF.n.evaluations", 
"DF.cpu.time")))
