full <-
structure(c(50, 55, 60, 65, 70, 75, 80, 85, 90, 95, 100, 4.36299, 
4.11012, 15, 14.93319, 6.78275, 9.14473, 5.6084, 5.1501, 6.55392, 
8.69842, 14.80586, -9.1474, -9.08037, -14.23873, -13.77053, -10.25899, 
-10.53956, -8.91699, -8.0683, -8.16142, -9.36457, -13.672, 0, 
0, 0, 0, 0, 0, 0, 0, 0, 0, 0, 0, 0, 0, 0, 0, 0, 0, 0, 0, 0, 0, 
0.9316, 0.93219, 0.93188, 0.93311, 0.93343, 0.9363, 0.93462, 
0.93372, 0.93765, 0.93417, 0.93492, 0.92923, 0.92701, 0.93149, 
0.93202, 0.93106, 0.93376, 0.93254, 0.93119, 0.935, 0.93091, 
0.93302, 0.9187, 1.2958, 2.1915, 2.6452, 1.7959, 2.3839, 2.5323, 
2.3543, 2.8526, 4.548, 5.7749, 415.3, 465.2, 393, 422.3, 504.9, 
493.8, 565, 594.5, 593.2, 601.3, 625.5, 561, 368, 2418, 2131, 
483, 921, 851, 854, 881, 951, 1883, 212, 12, 8, 2, 53, 74, 14, 
113, 181, 22, 1, 100, 100, 100, 100, 100, 100, 100, 100, 100, 
100, 100, 2500, 2500, 2500, 2500, 2500, 2500, 2500, 2500, 2500, 
2500, 2500, 34323.841, 44159.676, 63672.004, 71361.415, 67558.6040000001, 
77308.98, 99368.6179999998, 78410.0700000001, 89308.9890000001, 
138343.024, 152635.518, 4.12362, 5.59553, 13.49112, 10.90193, 
5.57745, 9.94005, 5.35346, 4.47868, 6.89485, 9.13272, 12.62962, 
-9.06775, -9.63709, -13.41194, -11.88534, -7.57722, -10.83364, 
-8.59439, -7.767, -8.3434, -9.59811, -12.44733, 0, 0, 0, 0, 0, 
0, 0, 0, 0, 0, 0, 0, 0, 0, 0, 0, 0, 0, 0, 0, 0, 0, 0.93113, 0.9309, 
0.93109, 0.93201, 0.93275, 0.93598, 0.93433, 0.93343, 0.93712, 
0.93367, 0.93468, 0.92828, 0.92571, 0.93189, 0.93055, 0.92971, 
0.93408, 0.93343, 0.93147, 0.93474, 0.93116, 0.93183, 1.0142, 
1.2297, 2.4335, 1.8495, 1.9296, 2.3557, 2.4483, 2.3698, 2.9846, 
3.6803, 4.7392, 420.4, 429.7, 394.5, 435.3, 486, 488.8, 561.9, 
607.4, 588.4, 597.1, 629.3, 1440, 217, 1105, 2399, 2016, 935, 
209, 1906, 1309, 1061, 650, 1, 2, 1, 1, 1, 5, 4, 1, 1, 1, 1, 
100, 100, 100, 100, 100, 100, 100, 100, 100, 100, 100, 2500, 
2500, 2500, 2500, 2500, 2500, 2500, 2500, 2500, 2500, 2500, 64489.501, 
88758.897, 126185.381, 120334.47, 147522.567, 162975.933, 182274.644, 
181094.114, 224045.155, 276547.948, 259631.248, 1, 1, 1, 1, 1, 
1, 1, 1, 1, 1, 1, 0.01754, 0.01754, 0.01754, 0.01754, 0.01754, 
0.01754, 0.01754, 0.01754, 0.01754, 0.01754, 0.01754, 0, 0, 0, 
0, 0, 0, 0, 0, 0, 0, 0, 0, 0, 0, 0, 0, 0, 0, 0, 0, 0, 0, 0.92163, 
0.92182, 0.92397, 0.9214, 0.92495, 0.92837, 0.92481, 0.92588, 
0.92813, 0.92666, 0.9266, 0.92162, 0.92138, 0.92239, 0.92397, 
0.92529, 0.9271, 0.93016, 0.92728, 0.92866, 0.92866, 0.92922, 
1.3532, 1.6562, 2.0948, 2.1716, 2.6014, 2.9039, 3.4389, 3.4807, 
3.9138, 4.6855, 4.6584, 605.2, 657, 703.3, 746.1, 789.2, 827.1, 
867.8, 917.4, 951.3, 1000.3, 1033.8, 1, 1, 1, 1, 1, 1, 1, 1, 
1, 1, 1, 1, 1, 1, 1, 1, 1, 1, 1, 1, 1, 1, 1, 1, 1, 1, 1, 1, 1, 
1, 1, 1, 1, 1, 1, 1, 1, 1, 1, 1, 1, 1, 1, 1, 17.512, 20.612, 
25.276, 26.134, 30.934, 34.039, 39.501, 40.175, 44.775, 52.752, 
52.541), .Dim = c(11L, 40L), .Dimnames = list(NULL, c("Sampling", 
"PSO.cost", "PSO.gamma", "PSO.data.balancing", "PSO.feature.selection", 
"PSO.valid.acc", "PSO.test.acc", "PSO.train.time", "PSO.n.support.vectors", 
"PSO.index", "PSO.n.solutions", "PSO.generations", "PSO.n.evaluations", 
"PSO.cpu.time", "RS.cost", "RS.gamma", "RS.data.balancing", "RS.feature.selection", 
"RS.valid.acc", "RS.test.acc", "RS.train.time", "RS.n.support.vectors", 
"RS.index", "RS.n.solutions", "RS.generations", "RS.n.evaluations", 
"RS.cpu.time", "DF.cost", "DF.gamma", "DF.data.balancing", "DF.feature.selection", 
"DF.valid.acc", "DF.test.acc", "DF.train.time", "DF.n.support.vectors", 
"DF.index", "DF.n.solutions", "DF.generations", "DF.n.evaluations", 
"DF.cpu.time")))
