full <-
structure(c(50, 55, 60, 65, 70, 75, 80, 85, 90, 95, 100, 5.69512, 
1.72331, 14.57768, 13.1951, 12.22863, 14.64244, 14.99141, 14.96503, 
14.6933, 15, 14.17015, -7.72569, -6.73812, -12.41004, -12.02773, 
-11.12604, -12.16006, -12.63375, -12.72157, -13.16033, -13.49323, 
-12.40721, 0, 0, 0, 0, 0, 0, 0, 0, 0, 0, 0, 0, 0, 0, 0, 0, 0, 
0, 0, 0, 0, 0, 0.9335, 0.93261, 0.93821, 0.93493, 0.93685, 0.93503, 
0.937, 0.93873, 0.93686, 0.93692, 0.93564, 0.93351, 0.92828, 
0.93346, 0.93456, 0.93412, 0.9344, 0.93165, 0.9337, 0.93369, 
0.93341, 0.93184, 0.8965, 1.3006, 2.5632, 2.3127, 2.4242, 4.3506, 
4.7252, 5.2522, 5.1135, 5.3324, 6.5026, 356.8, 508.6, 369.3, 
407.1, 435.2, 462.7, 481.5, 508.4, 550, 585.2, 603.1, 760, 497, 
384, 286, 667, 1965, 1064, 1433, 1415, 1802, 231, 393, 118, 57, 
30, 204, 2, 21, 1, 3, 5, 2, 100, 100, 100, 100, 100, 100, 100, 
100, 100, 100, 100, 2500, 2500, 2500, 2500, 2500, 2500, 2500, 
2500, 2500, 2500, 2500, 32459.903, 44295.93, 67186.811, 68664.2329999999, 
73052.6459999999, 105872.94, 126511.409, 133013.702, 142847.203, 
131383.412, 180773.154, 5.56247, 2.0196, 13.25507, 12.62837, 
14.99283, 14.4887, 12.07464, 14.13334, 14.53389, 14.38114, 14.33338, 
-7.64658, -6.94035, -11.79401, -11.75716, -12.75941, -12.09402, 
-11.02777, -12.35367, -13.17812, -12.82155, -12.56205, 0, 0, 
0, 0, 0, 0, 0, 0, 0, 0, 0, 0, 0, 0, 0, 0, 0, 0, 0, 0, 0, 0, 0.93255, 
0.93174, 0.93781, 0.93456, 0.93617, 0.93408, 0.93552, 0.93761, 
0.93607, 0.93617, 0.93469, 0.93256, 0.92828, 0.93425, 0.93273, 
0.93175, 0.93471, 0.93165, 0.93398, 0.93501, 0.93391, 0.93184, 
0.8885, 1.3059, 2.1602, 2.2024, 3.4238, 4.1725, 3.247, 4.7082, 
5.0124, 5.0199, 6.6993, 358.8, 492.6, 371.3, 410, 432.6, 462.9, 
489.1, 509.8, 551.6, 579.2, 605.6, 159, 390, 737, 2437, 1534, 
2018, 43, 1258, 808, 391, 1036, 1, 2, 2, 2, 4, 2, 2, 2, 1, 2, 
2, 100, 100, 100, 100, 100, 100, 100, 100, 100, 100, 100, 2500, 
2500, 2500, 2500, 2500, 2500, 2500, 2500, 2500, 2500, 2500, 59317.321, 
80861.743, 98714.86, 108965.534, 118727.406, 142744.05, 161030.316, 
204148.516, 222801.025, 206615.095, 279160.268, 1, 1, 1, 1, 1, 
1, 1, 1, 1, 1, 1, 0.01754, 0.01754, 0.01754, 0.01754, 0.01754, 
0.01754, 0.01754, 0.01754, 0.01754, 0.01754, 0.01754, 0, 0, 0, 
0, 0, 0, 0, 0, 0, 0, 0, 0, 0, 0, 0, 0, 0, 0, 0, 0, 0, 0, 0.9221, 
0.92655, 0.92552, 0.92431, 0.92631, 0.92773, 0.92482, 0.92894, 
0.92947, 0.9294, 0.92946, 0.92401, 0.92181, 0.9287, 0.92395, 
0.92461, 0.92837, 0.9272, 0.92838, 0.92867, 0.92916, 0.92732, 
1.2955, 1.6452, 1.98, 2.2007, 2.3673, 2.8004, 3.1749, 3.6753, 
3.5048, 3.9878, 5.0721, 614.1, 646.3, 699, 750.6, 799.8, 842.6, 
875.7, 912.5, 946.8, 994.7, 1031.4, 1, 1, 1, 1, 1, 1, 1, 1, 1, 
1, 1, 1, 1, 1, 1, 1, 1, 1, 1, 1, 1, 1, 1, 1, 1, 1, 1, 1, 1, 1, 
1, 1, 1, 1, 1, 1, 1, 1, 1, 1, 1, 1, 1, 1, 16.712, 20.389, 23.842, 
26.303, 27.978, 32.693, 36.581, 42.685, 40.157, 45.16, 57.575
), .Dim = c(11L, 40L), .Dimnames = list(NULL, c("Sampling", "PSO.cost", 
"PSO.gamma", "PSO.data.balancing", "PSO.feature.selection", "PSO.valid.acc", 
"PSO.test.acc", "PSO.train.time", "PSO.n.support.vectors", "PSO.index", 
"PSO.n.solutions", "PSO.generations", "PSO.n.evaluations", "PSO.cpu.time", 
"RS.cost", "RS.gamma", "RS.data.balancing", "RS.feature.selection", 
"RS.valid.acc", "RS.test.acc", "RS.train.time", "RS.n.support.vectors", 
"RS.index", "RS.n.solutions", "RS.generations", "RS.n.evaluations", 
"RS.cpu.time", "DF.cost", "DF.gamma", "DF.data.balancing", "DF.feature.selection", 
"DF.valid.acc", "DF.test.acc", "DF.train.time", "DF.n.support.vectors", 
"DF.index", "DF.n.solutions", "DF.generations", "DF.n.evaluations", 
"DF.cpu.time")))
