full <-
structure(c(50, 55, 60, 65, 70, 75, 80, 85, 90, 95, 100, 13.19839, 
15, 14.02885, 2.63104, 14.87027, 14.94132, 14.8649, 13.67638, 
13.69108, 14.49086, 14.96403, -11.99846, -13.43768, -13.44339, 
-6.81639, -12.60333, -13.0107, -12.81059, -12.61362, -12.23779, 
-12.57305, -12.82752, 0, 0, 0, 0, 0, 0, 0, 0, 0, 0, 0, 0, 0, 
0, 0, 0, 0, 0, 0, 0, 0, 0, 0.93299, 0.93345, 0.93309, 0.93456, 
0.93309, 0.93344, 0.93433, 0.93316, 0.93579, 0.93742, 0.93633, 
0.93062, 0.93345, 0.93229, 0.93017, 0.9314, 0.92773, 0.92987, 
0.92812, 0.93394, 0.93291, 0.93396, 1.406, 1.8739, 1.9156, 1.6326, 
3.3613, 3.7739, 4.035, 3.5306, 4.4439, 5.6794, 6.3534, 318.9, 
342.5, 383.5, 547.5, 424.2, 461.6, 480.7, 532.7, 561.5, 581.8, 
601.7, 1213, 542, 1701, 1401, 1332, 1795, 1436, 1776, 2313, 1768, 
1893, 17, 6, 7, 89, 3, 1, 2, 3, 1, 1, 2, 100, 100, 100, 100, 
100, 100, 100, 100, 100, 100, 100, 2500, 2500, 2500, 2500, 2500, 
2500, 2500, 2500, 2500, 2500, 2500, 43250.508, 55275.07, 58679.428, 
57805.018, 84190.6850000001, 97086.153, 106624.198, 103298.581, 
123157.359, 143333.101, 159667.303, 12.28068, 14.03592, 13.79691, 
2.80161, 2.96527, 14.54574, 5.92763, 13.56254, 12.969, 13.5908, 
13.04511, -11.63977, -13.97874, -13.25616, -6.97445, -7.85518, 
-12.50493, -8.6041, -12.60385, -12.01932, -12.10266, -11.32821, 
0, 0, 0, 0, 0, 0, 0, 0, 0, 0, 0, 0, 0, 0, 0, 0, 0, 0, 0, 0, 0, 
0, 0.93204, 0.93259, 0.93229, 0.93383, 0.93275, 0.93217, 0.93343, 
0.93176, 0.935, 0.93642, 0.93491, 0.93109, 0.92783, 0.93071, 
0.92944, 0.93139, 0.92868, 0.92749, 0.92868, 0.93341, 0.93316, 
0.93396, 1.1871, 1.453, 1.8415, 1.5439, 1.7574, 3.5295, 2.0995, 
3.5433, 3.8546, 4.8005, 5.0987, 322.6, 358.8, 383.3, 535.3, 559.2, 
457.1, 544.2, 532.6, 565.7, 584, 594.2, 154, 2228, 727, 709, 
1932, 1660, 1095, 1523, 2060, 2247, 631, 1, 2, 3, 1, 1, 1, 1, 
1, 2, 1, 2, 100, 100, 100, 100, 100, 100, 100, 100, 100, 100, 
100, 2500, 2500, 2500, 2500, 2500, 2500, 2500, 2500, 2500, 2500, 
2500, 64755.228, 87722.061, 95674.911, 108442.441, 128477.509, 
139168.546, 158501.623, 176347.102, 187909.806, 211403.515, 217873.672, 
1, 1, 1, 1, 1, 1, 1, 1, 1, 1, 1, 0.01754, 0.01754, 0.01754, 0.01754, 
0.01754, 0.01754, 0.01754, 0.01754, 0.01754, 0.01754, 0.01754, 
0, 0, 0, 0, 0, 0, 0, 0, 0, 0, 0, 0, 0, 0, 0, 0, 0, 0, 0, 0, 0, 
0, 0.91874, 0.9205, 0.91882, 0.92469, 0.92562, 0.92521, 0.92601, 
0.92533, 0.92523, 0.92716, 0.92778, 0.91921, 0.92309, 0.9216, 
0.92615, 0.92766, 0.92743, 0.92423, 0.92728, 0.92391, 0.92741, 
0.92612, 1.2814, 1.6, 1.9148, 2.1401, 2.3091, 2.6364, 3.0119, 
3.314, 3.3535, 4.0358, 3.989, 618.9, 657.4, 704.2, 747.3, 787.1, 
835, 878.8, 928.2, 964.4, 1005.2, 1033.7, 1, 1, 1, 1, 1, 1, 1, 
1, 1, 1, 1, 1, 1, 1, 1, 1, 1, 1, 1, 1, 1, 1, 1, 1, 1, 1, 1, 1, 
1, 1, 1, 1, 1, 1, 1, 1, 1, 1, 1, 1, 1, 1, 1, 1, 16.722, 20.179, 
23.361, 26.102, 27.795, 31.048, 34.973, 38.342, 38.369, 45.902, 
45.257), .Dim = c(11L, 40L), .Dimnames = list(NULL, c("Sampling", 
"PSO.cost", "PSO.gamma", "PSO.data.balancing", "PSO.feature.selection", 
"PSO.valid.acc", "PSO.test.acc", "PSO.train.time", "PSO.n.support.vectors", 
"PSO.index", "PSO.n.solutions", "PSO.generations", "PSO.n.evaluations", 
"PSO.cpu.time", "RS.cost", "RS.gamma", "RS.data.balancing", "RS.feature.selection", 
"RS.valid.acc", "RS.test.acc", "RS.train.time", "RS.n.support.vectors", 
"RS.index", "RS.n.solutions", "RS.generations", "RS.n.evaluations", 
"RS.cpu.time", "DF.cost", "DF.gamma", "DF.data.balancing", "DF.feature.selection", 
"DF.valid.acc", "DF.test.acc", "DF.train.time", "DF.n.support.vectors", 
"DF.index", "DF.n.solutions", "DF.generations", "DF.n.evaluations", 
"DF.cpu.time")))
