full <-
structure(c(50, 55, 60, 65, 70, 75, 80, 85, 90, 95, 100, 5.52541, 
7.46589, 11.3228, 4.57594, 4.77237, 15, 6.6904, 7.81534, 5.94575, 
7.10571, 14.90336, -9.19678, -10.77483, -12.2169, -8.36209, -9.14146, 
-13.82403, -8.45367, -11.25066, -8.90836, -10.25852, -12.69318, 
0, 0, 0, 0, 0, 0, 0, 0, 0, 0, 0, 0, 0, 0, 0, 0, 0, 0, 0, 0, 0, 
0, 0.92779, 0.92787, 0.93306, 0.93235, 0.93344, 0.93724, 0.93402, 
0.9323, 0.93316, 0.93217, 0.93586, 0.92731, 0.92484, 0.93067, 
0.92869, 0.93243, 0.93185, 0.92956, 0.92866, 0.93052, 0.93016, 
0.93491, 0.897, 1.2419, 1.7637, 1.6424, 2.0106, 3.5962, 2.5755, 
2.6565, 2.9988, 3.3653, 7.3889, 374.8, 382.7, 391.6, 477.7, 525.1, 
460.5, 532.6, 605.8, 617.8, 653.2, 597.8, 716, 2308, 510, 1328, 
2333, 615, 1529, 896, 694, 1403, 1401, 30, 40, 265, 71, 40, 1, 
22, 163, 184, 13, 2, 100, 100, 100, 100, 100, 100, 100, 100, 
100, 100, 100, 2500, 2500, 2500, 2500, 2500, 2500, 2500, 2500, 
2500, 2500, 2500, 39307.952, 50031.238, 57317.1, 56950.159, 68590.427, 
92678.878, 79777.676, 86868.6470000001, 92875.8970000001, 105748.906, 
179982.847, 10.85996, 11.75708, 11.36427, 4.5812, 4.86838, 11.35459, 
5.02735, 13.61006, 7.21861, 4.97102, 14.40729, -10.85333, -12.00002, 
-12.14018, -8.48676, -9.21839, -12.01897, -7.57437, -13.88428, 
-9.38822, -7.81104, -12.49526, 0, 0, 0, 0, 0, 0, 0, 0, 0, 0, 
0, 0, 0, 0, 0, 0, 0, 0, 0, 0, 0, 0, 0.92732, 0.92787, 0.93187, 
0.93052, 0.93277, 0.9366, 0.93373, 0.93229, 0.93263, 0.93167, 
0.93491, 0.92399, 0.92355, 0.92949, 0.92759, 0.93209, 0.93312, 
0.92897, 0.93118, 0.93131, 0.92966, 0.93515, 1.2218, 1.5555, 
1.7726, 1.6068, 2.051, 2.6551, 2.4833, 3.3113, 3.0851, 3.0546, 
6.7593, 338.6, 352.2, 390.6, 479.8, 523.8, 470.2, 558.6, 558, 
600.9, 649.4, 598.6, 183, 682, 506, 764, 898, 244, 1862, 975, 
128, 2434, 2290, 1, 1, 1, 6, 1, 3, 1, 3, 4, 5, 1, 100, 100, 100, 
100, 100, 100, 100, 100, 100, 100, 100, 2500, 2500, 2500, 2500, 
2500, 2500, 2500, 2500, 2500, 2500, 2500, 73643.642, 101668.631, 
115740.924, 129511.78, 157768.89, 181520.902, 194757.783, 190749.31, 
228432.921, 257397.113, 260821.532, 1, 1, 1, 1, 1, 1, 1, 1, 1, 
1, 1, 0.01754, 0.01754, 0.01754, 0.01754, 0.01754, 0.01754, 0.01754, 
0.01754, 0.01754, 0.01754, 0.01754, 0, 0, 0, 0, 0, 0, 0, 0, 0, 
0, 0, 0, 0, 0, 0, 0, 0, 0, 0, 0, 0, 0, 0.9126, 0.91362, 0.91959, 
0.92431, 0.92462, 0.92867, 0.92481, 0.9253, 0.92681, 0.92641, 
0.9266, 0.91308, 0.91535, 0.92196, 0.92321, 0.92564, 0.92994, 
0.92629, 0.92474, 0.92443, 0.92566, 0.92874, 1.3961, 1.7684, 
2.1746, 2.4869, 2.8063, 3.1441, 3.4792, 3.4281, 3.8782, 4.4311, 
4.6838, 610.4, 644.2, 702, 743.6, 791.6, 822.8, 874.4, 918.9, 
957.2, 991, 1035.4, 1, 1, 1, 1, 1, 1, 1, 1, 1, 1, 1, 1, 1, 1, 
1, 1, 1, 1, 1, 1, 1, 1, 1, 1, 1, 1, 1, 1, 1, 1, 1, 1, 1, 1, 1, 
1, 1, 1, 1, 1, 1, 1, 1, 1, 17.977, 22.028, 26.162, 29.69, 32.914, 
36.571, 39.909, 39.417, 44.182, 50.169, 52.658), .Dim = c(11L, 
40L), .Dimnames = list(NULL, c("Sampling", "PSO.cost", "PSO.gamma", 
"PSO.data.balancing", "PSO.feature.selection", "PSO.valid.acc", 
"PSO.test.acc", "PSO.train.time", "PSO.n.support.vectors", "PSO.index", 
"PSO.n.solutions", "PSO.generations", "PSO.n.evaluations", "PSO.cpu.time", 
"RS.cost", "RS.gamma", "RS.data.balancing", "RS.feature.selection", 
"RS.valid.acc", "RS.test.acc", "RS.train.time", "RS.n.support.vectors", 
"RS.index", "RS.n.solutions", "RS.generations", "RS.n.evaluations", 
"RS.cpu.time", "DF.cost", "DF.gamma", "DF.data.balancing", "DF.feature.selection", 
"DF.valid.acc", "DF.test.acc", "DF.train.time", "DF.n.support.vectors", 
"DF.index", "DF.n.solutions", "DF.generations", "DF.n.evaluations", 
"DF.cpu.time")))
