full <-
structure(c(50, 55, 60, 65, 70, 75, 80, 85, 90, 95, 100, 5.19355, 
3.06671, 14.95039, 5.19167, 14.87386, 14.7308, 14.53897, 13.73654, 
7.90963, 2.65261, 14.47044, -9.73537, -6.863, -13.43028, -10.28025, 
-14.73632, -14.61003, -14.47621, -11.79695, -9.41067, -6.99505, 
-12.58626, 0, 0, 0, 0, 0, 0, 0, 0, 0, 0, 0, 0, 0, 0, 0, 0, 0, 
0, 0, 0, 0, 0, 0.92781, 0.93091, 0.92988, 0.9309, 0.93345, 0.93471, 
0.93284, 0.93819, 0.93606, 0.93516, 0.93776, 0.92828, 0.92659, 
0.92791, 0.92724, 0.93243, 0.93091, 0.92898, 0.93511, 0.93104, 
0.93216, 0.93491, 0.9314, 1.3069, 2.748, 2.0489, 2.561, 3.155, 
3.2992, 4.9809, 3.5984, 3.5557, 7.5117, 398.3, 466.2, 370.5, 
518.6, 438.3, 475.4, 512.8, 505, 571.2, 733.3, 604.5, 983, 2378, 
1284, 1441, 1034, 697, 2232, 1494, 2118, 958, 2107, 47, 1, 1, 
29, 4, 4, 4, 5, 2, 61, 6, 100, 100, 100, 100, 100, 100, 100, 
100, 100, 100, 100, 2500, 2500, 2500, 2500, 2500, 2500, 2500, 
2500, 2500, 2500, 2500, 36715.793, 43627.048, 80941.975, 73762.538, 
80341.635, 91217.128, 98858.3200000001, 133539.107, 125251.504, 
113444.194, 191663.61, 1.4246, 2.72734, 14.71906, 5.31402, 10.67788, 
14.68487, 14.97468, 12.28139, 6.84514, 3.65908, 14.6108, -6.3755, 
-6.71137, -13.17685, -10.4136, -11.65141, -14.64501, -14.90696, 
-11.04241, -8.90796, -6.99061, -12.40482, 0, 0, 0, 0, 0, 0, 0, 
0, 0, 0, 0, 0, 0, 0, 0, 0, 0, 0, 0, 0, 0, 0, 0.92639, 0.93005, 
0.9283, 0.93054, 0.93209, 0.93376, 0.93225, 0.93735, 0.93579, 
0.93466, 0.93705, 0.92686, 0.92659, 0.92989, 0.92687, 0.93039, 
0.93123, 0.92927, 0.93343, 0.93289, 0.93516, 0.93729, 1.0825, 
1.3673, 2.857, 2.1767, 2.3415, 2.9616, 3.687, 4.2131, 3.1679, 
3.7415, 7.9691, 502.8, 484.5, 370.1, 519.4, 450.3, 476, 513.6, 
509.5, 583.4, 690.1, 597.1, 1622, 2111, 437, 1604, 2454, 1545, 
1912, 565, 1583, 1217, 1179, 3, 1, 3, 1, 3, 1, 1, 1, 1, 1, 1, 
100, 100, 100, 100, 100, 100, 100, 100, 100, 100, 100, 2500, 
2500, 2500, 2500, 2500, 2500, 2500, 2500, 2500, 2500, 2500, 62653.261, 
84781.227, 137884.163, 163516.467, 175933.746, 175921.716, 225723.888, 
237876.06, 256657.85, 288824.94, 344095.373, 1, 1, 1, 1, 1, 1, 
1, 1, 1, 1, 1, 0.01754, 0.01754, 0.01754, 0.01754, 0.01754, 0.01754, 
0.01754, 0.01754, 0.01754, 0.01754, 0.01754, 0, 0, 0, 0, 0, 0, 
0, 0, 0, 0, 0, 0, 0, 0, 0, 0, 0, 0, 0, 0, 0, 0, 0.92211, 0.92011, 
0.92119, 0.92213, 0.92462, 0.92299, 0.92452, 0.92533, 0.92681, 
0.92841, 0.92993, 0.92448, 0.9227, 0.92237, 0.92103, 0.92429, 
0.92426, 0.92362, 0.92644, 0.9276, 0.92916, 0.92993, 1.2219, 
1.6962, 2.4345, 2.7389, 2.9115, 3.1355, 3.7629, 4.1721, 4.1269, 
5.436, 5.8551, 601.7, 651.2, 695, 743.5, 779.6, 828.2, 870.2, 
912.6, 946.3, 981.4, 1035.6, 1, 1, 1, 1, 1, 1, 1, 1, 1, 1, 1, 
1, 1, 1, 1, 1, 1, 1, 1, 1, 1, 1, 1, 1, 1, 1, 1, 1, 1, 1, 1, 1, 
1, 1, 1, 1, 1, 1, 1, 1, 1, 1, 1, 1, 16.053, 21.135, 29.812, 33.235, 
34.9, 36.555, 43.64, 48.549, 46.835, 61.671, 66.225), .Dim = c(11L, 
40L), .Dimnames = list(NULL, c("Sampling", "PSO.cost", "PSO.gamma", 
"PSO.data.balancing", "PSO.feature.selection", "PSO.valid.acc", 
"PSO.test.acc", "PSO.train.time", "PSO.n.support.vectors", "PSO.index", 
"PSO.n.solutions", "PSO.generations", "PSO.n.evaluations", "PSO.cpu.time", 
"RS.cost", "RS.gamma", "RS.data.balancing", "RS.feature.selection", 
"RS.valid.acc", "RS.test.acc", "RS.train.time", "RS.n.support.vectors", 
"RS.index", "RS.n.solutions", "RS.generations", "RS.n.evaluations", 
"RS.cpu.time", "DF.cost", "DF.gamma", "DF.data.balancing", "DF.feature.selection", 
"DF.valid.acc", "DF.test.acc", "DF.train.time", "DF.n.support.vectors", 
"DF.index", "DF.n.solutions", "DF.generations", "DF.n.evaluations", 
"DF.cpu.time")))
