full <-
structure(c(50, 55, 60, 65, 70, 75, 80, 85, 90, 95, 100, 9.11427, 
11.18759, 2.52718, 2.85053, 4.31894, 9.08533, 10.16061, 14.89498, 
14.98266, 11.6546, 14.99866, -9.19127, -10.60785, -8.22026, -8.36361, 
-8.86689, -8.98216, -10.07846, -13.17632, -12.94303, -10.84326, 
-13.63997, 0, 0, 0, 0, 0, 0, 0, 0, 0, 0, 0, 0, 0, 0, 0, 0, 0, 
0, 0, 0, 0, 0, 0.93301, 0.93303, 0.93068, 0.93233, 0.92972, 0.93343, 
0.93283, 0.93511, 0.93607, 0.93743, 0.93658, 0.93016, 0.93347, 
0.92672, 0.93014, 0.92599, 0.92551, 0.92778, 0.93259, 0.93343, 
0.93242, 0.93563, 1.1426, 1.4077, 1.7466, 1.9964, 2.1796, 2.6514, 
3.1514, 4.8053, 5.9249, 4.9122, 6.2111, 316.1, 334.3, 523, 559, 
551.2, 475, 509.3, 532.3, 552.2, 581, 622.2, 843, 1389, 841, 
1027, 611, 1809, 31, 1797, 1103, 1792, 2254, 35, 23, 248, 180, 
169, 1, 164, 3, 6, 13, 1, 100, 100, 100, 100, 100, 100, 100, 
100, 100, 100, 100, 2500, 2500, 2500, 2500, 2500, 2500, 2500, 
2500, 2500, 2500, 2500, 39825.367, 52406.833, 58399.586, 67426.91, 
72399.437, 87229.3609999999, 97435.997, 120614.502, 157204.133, 
148325.907, 162187.654, 8.39061, 11.41755, 2.53302, 4.19682, 
3.85999, 9.02691, 13.67532, 13.17205, 14.6155, 11.05956, 13.89806, 
-9.04576, -10.698, -8.35325, -8.91289, -8.84364, -8.92903, -12.28691, 
-12.26463, -12.7326, -10.56065, -13.1348, 0, 0, 0, 0, 0, 0, 0, 
0, 0, 0, 0, 0, 0, 0, 0, 0, 0, 0, 0, 0, 0, 0, 0.93206, 0.9326, 
0.93028, 0.93197, 0.9287, 0.9328, 0.93342, 0.93427, 0.93475, 
0.93668, 0.93563, 0.92969, 0.93304, 0.92553, 0.92904, 0.92497, 
0.92456, 0.92926, 0.93203, 0.93317, 0.93217, 0.93563, 0.9846, 
1.5243, 1.8137, 1.8728, 2.2173, 2.5885, 4.2818, 4.2504, 5.8294, 
4.61, 5.4597, 321.5, 333.9, 528.6, 515.9, 569.9, 475.3, 508.3, 
535.9, 552.1, 583.4, 625.4, 2220, 955, 2066, 1054, 1311, 2140, 
601, 1293, 739, 2021, 504, 1, 1, 1, 1, 2, 1, 1, 1, 1, 4, 1, 100, 
100, 100, 100, 100, 100, 100, 100, 100, 100, 100, 2500, 2500, 
2500, 2500, 2500, 2500, 2500, 2500, 2500, 2500, 2500, 74386.485, 
90846.132, 121954.079, 145663.277, 169343.261, 184060.95, 190509.39, 
216921.773, 242725.398, 256878.769, 276790.035, 1, 1, 1, 1, 1, 
1, 1, 1, 1, 1, 1, 0.01754, 0.01754, 0.01754, 0.01754, 0.01754, 
0.01754, 0.01754, 0.01754, 0.01754, 0.01754, 0.01754, 0, 0, 0, 
0, 0, 0, 0, 0, 0, 0, 0, 0, 0, 0, 0, 0, 0, 0, 0, 0, 0, 0, 0.9197, 
0.92395, 0.92355, 0.92283, 0.92124, 0.92646, 0.92243, 0.92448, 
0.92683, 0.92916, 0.9285, 0.92208, 0.92352, 0.92395, 0.92355, 
0.92191, 0.92203, 0.92392, 0.92364, 0.92604, 0.92866, 0.9285, 
1.4352, 1.699, 2.1566, 2.5011, 3.0305, 3.2397, 3.5159, 3.9107, 
4.3783, 4.8954, 4.8089, 596.6, 644.2, 690.5, 742, 788.7, 828.9, 
872.5, 917.1, 954.8, 999.3, 1031.1, 1, 1, 1, 1, 1, 1, 1, 1, 1, 
1, 1, 1, 1, 1, 1, 1, 1, 1, 1, 1, 1, 1, 1, 1, 1, 1, 1, 1, 1, 1, 
1, 1, 1, 1, 1, 1, 1, 1, 1, 1, 1, 1, 1, 1, 18.355, 21.157, 26.144, 
30.015, 35.708, 37.591, 40.346, 44.998, 50.029, 55.296, 54.234
), .Dim = c(11L, 40L), .Dimnames = list(NULL, c("Sampling", "PSO.cost", 
"PSO.gamma", "PSO.data.balancing", "PSO.feature.selection", "PSO.valid.acc", 
"PSO.test.acc", "PSO.train.time", "PSO.n.support.vectors", "PSO.index", 
"PSO.n.solutions", "PSO.generations", "PSO.n.evaluations", "PSO.cpu.time", 
"RS.cost", "RS.gamma", "RS.data.balancing", "RS.feature.selection", 
"RS.valid.acc", "RS.test.acc", "RS.train.time", "RS.n.support.vectors", 
"RS.index", "RS.n.solutions", "RS.generations", "RS.n.evaluations", 
"RS.cpu.time", "DF.cost", "DF.gamma", "DF.data.balancing", "DF.feature.selection", 
"DF.valid.acc", "DF.test.acc", "DF.train.time", "DF.n.support.vectors", 
"DF.index", "DF.n.solutions", "DF.generations", "DF.n.evaluations", 
"DF.cpu.time")))
