full <-
structure(c(50, 55, 60, 65, 70, 75, 80, 85, 90, 95, 100, 15, 
13.53922, 12.21551, 14.21735, 14.99668, 13.54695, 14.60402, 14.07262, 
14.58755, 10.62805, 7.3623, -12.75779, -11.85982, -11.64346, 
-12.10444, -12.2219, -11.46215, -12.408, -11.85114, -12.4276, 
-10.40355, -9.89431, 0, 0, 0, 0, 0, 0, 0, 0, 0, 0, 0, 0, 0, 0, 
0, 0, 0, 0, 0, 0, 0, 0, 0.92589, 0.92959, 0.93189, 0.93235, 0.93345, 
0.93502, 0.93729, 0.93651, 0.93686, 0.93567, 0.93397, 0.92353, 
0.92786, 0.92673, 0.92943, 0.92971, 0.93059, 0.93668, 0.93371, 
0.93448, 0.93191, 0.93326, 1.988, 1.9977, 2.0365, 3.1638, 4.0325, 
3.7785, 4.8048, 5.0221, 5.6335, 3.9798, 3.5978, 333.1, 358.4, 
395.1, 405.4, 427.3, 457.6, 478.9, 508.5, 541.1, 582.1, 665.5, 
631, 1216, 1572, 509, 1284, 827, 1384, 895, 2344, 2451, 1204, 
9, 34, 1, 19, 1, 16, 12, 12, 17, 1, 47, 100, 100, 100, 100, 100, 
100, 100, 100, 100, 100, 100, 2500, 2500, 2500, 2500, 2500, 2500, 
2500, 2500, 2500, 2500, 2500, 49872.247, 56182.707, 61761.499, 
77598.573, 100571.083, 91155.6270000001, 116747.734, 135256.193, 
124984.681, 97756.9169999999, 139324.205, 4.40443, 12.03877, 
13.6616, 14.9969, 13.94015, 13.67196, 14.66596, 14.69185, 13.46239, 
11.07177, 7.0948, -8.09771, -11.20362, -12.53245, -12.27534, 
-11.75312, -11.50189, -12.53052, -12.09379, -11.87284, -10.70042, 
-9.78282, 0, 0, 0, 0, 0, 0, 0, 0, 0, 0, 0, 0, 0, 0, 0, 0, 0, 
0, 0, 0, 0, 0, 0.92495, 0.92915, 0.9311, 0.93235, 0.93243, 0.93439, 
0.93669, 0.93595, 0.93659, 0.93542, 0.93397, 0.91878, 0.92959, 
0.92792, 0.92906, 0.92767, 0.93059, 0.93639, 0.93287, 0.93421, 
0.93167, 0.93326, 1.0476, 1.6787, 2.3159, 3.7331, 3.43, 3.9789, 
4.6812, 5.5556, 4.7048, 4.0162, 3.5072, 405.4, 364.8, 394.2, 
398.7, 431.7, 457.1, 479.5, 507.6, 544.5, 579.5, 669.8, 694, 
1694, 166, 973, 1471, 1488, 1973, 172, 1659, 150, 978, 2, 1, 
2, 1, 2, 1, 2, 1, 2, 1, 1, 100, 100, 100, 100, 100, 100, 100, 
100, 100, 100, 100, 2500, 2500, 2500, 2500, 2500, 2500, 2500, 
2500, 2500, 2500, 2500, 72221.409, 89810.223, 111632.652, 123488.108, 
129925.075, 151149.961, 183353.537, 181185.497, 216375.703, 248459.132, 
256383.564, 1, 1, 1, 1, 1, 1, 1, 1, 1, 1, 1, 0.01754, 0.01754, 
0.01754, 0.01754, 0.01754, 0.01754, 0.01754, 0.01754, 0.01754, 
0.01754, 0.01754, 0, 0, 0, 0, 0, 0, 0, 0, 0, 0, 0, 0, 0, 0, 0, 
0, 0, 0, 0, 0, 0, 0, 0.91308, 0.91274, 0.91842, 0.9232, 0.92121, 
0.92584, 0.92599, 0.92532, 0.92708, 0.92616, 0.92803, 0.9145, 
0.91577, 0.92039, 0.92211, 0.92291, 0.92362, 0.9245, 0.92672, 
0.92866, 0.92816, 0.92922, 1.4924, 1.7282, 2.1638, 2.2876, 2.6337, 
2.8976, 3.4412, 3.2913, 3.8681, 4.7102, 4.626, 644.4, 681.6, 
721.2, 758.1, 802.3, 832, 866.9, 916.6, 957.1, 994.8, 1036.8, 
1, 1, 1, 1, 1, 1, 1, 1, 1, 1, 1, 1, 1, 1, 1, 1, 1, 1, 1, 1, 1, 
1, 1, 1, 1, 1, 1, 1, 1, 1, 1, 1, 1, 1, 1, 1, 1, 1, 1, 1, 1, 1, 
1, 1, 18.951, 21.409, 26.049, 27.343, 31.107, 33.637, 39.635, 
38.058, 44.127, 53.364, 52.121), .Dim = c(11L, 40L), .Dimnames = list(
    NULL, c("Sampling", "PSO.cost", "PSO.gamma", "PSO.data.balancing", 
    "PSO.feature.selection", "PSO.valid.acc", "PSO.test.acc", 
    "PSO.train.time", "PSO.n.support.vectors", "PSO.index", "PSO.n.solutions", 
    "PSO.generations", "PSO.n.evaluations", "PSO.cpu.time", "RS.cost", 
    "RS.gamma", "RS.data.balancing", "RS.feature.selection", 
    "RS.valid.acc", "RS.test.acc", "RS.train.time", "RS.n.support.vectors", 
    "RS.index", "RS.n.solutions", "RS.generations", "RS.n.evaluations", 
    "RS.cpu.time", "DF.cost", "DF.gamma", "DF.data.balancing", 
    "DF.feature.selection", "DF.valid.acc", "DF.test.acc", "DF.train.time", 
    "DF.n.support.vectors", "DF.index", "DF.n.solutions", "DF.generations", 
    "DF.n.evaluations", "DF.cpu.time")))
