full <-
structure(c(50, 55, 60, 65, 70, 75, 80, 85, 90, 95, 100, 15, 
14.47485, 15, 14.59442, 13.18565, 15, 15, 15, 15, 13.12074, 11.90783, 
-13.44634, -13.17071, -13.46802, -13.09502, -14.97205, -12.79115, 
-13.03155, -14.60672, -12.38222, -11.25024, -11.29215, 0, 0, 
0, 0, 0, 0, 0, 0, 0, 0, 0, 0, 0, 0, 0, 0, 0, 0, 0, 0, 0, 0, 0.9273, 
0.93347, 0.92873, 0.93016, 0.93107, 0.93248, 0.93462, 0.93456, 
0.93633, 0.93692, 0.93587, 0.92493, 0.92656, 0.93032, 0.93089, 
0.92734, 0.929, 0.93254, 0.93232, 0.93712, 0.93242, 0.93349, 
1.7225, 2.0334, 2.599, 2.9408, 2.0853, 4.3927, 4.6851, 3.5272, 
6.3967, 5.519, 4.3488, 342.8, 379.1, 412, 437.5, 498.4, 472.4, 
497.5, 546.6, 544.4, 566.8, 608.1, 833, 2463, 2151, 1621, 917, 
1144, 1603, 1150, 941, 2235, 909, 55, 1, 4, 3, 10, 2, 2, 13, 
10, 5, 9, 100, 100, 100, 100, 100, 100, 100, 100, 100, 100, 100, 
2500, 2500, 2500, 2500, 2500, 2500, 2500, 2500, 2500, 2500, 2500, 
47585.336, 56977.698, 76858.848, 86138.091, 65169.352, 110864.062, 
117600.668, 95600.0530000001, 160080.532, 171630.765, 127291.485, 
11.71214, 14.41374, 14.94716, 14.3335, 12.84549, 14.97266, 13.62688, 
13.53696, 14.2726, 14.55768, 8.13328, -13.70613, -13.55289, -13.31486, 
-13.02726, -14.74398, -12.58014, -12.41801, -13.53472, -12.10232, 
-11.99438, -9.17358, 0, 0, 0, 0, 0, 0, 0, 0, 0, 0, 0, 0, 0, 0, 
0, 0, 0, 0, 0, 0, 0, 0, 0.92586, 0.93174, 0.92794, 0.9287, 0.93005, 
0.93216, 0.93343, 0.934, 0.93448, 0.93592, 0.93539, 0.92586, 
0.92829, 0.93072, 0.93126, 0.927, 0.929, 0.93254, 0.93288, 0.93606, 
0.93292, 0.9342, 1.0459, 1.8179, 2.7376, 2.7683, 2.0215, 4.6129, 
3.8188, 3.157, 5.5969, 7.1668, 3.5241, 369.9, 383.9, 410.2, 438.9, 
499.2, 468.5, 501.1, 547, 548.3, 565, 625.9, 214, 88, 1888, 637, 
1741, 157, 426, 869, 1761, 686, 971, 1, 4, 2, 3, 1, 1, 2, 2, 
2, 2, 1, 100, 100, 100, 100, 100, 100, 100, 100, 100, 100, 100, 
2500, 2500, 2500, 2500, 2500, 2500, 2500, 2500, 2500, 2500, 2500, 
64967.869, 85047.252, 105706.295, 120197.104, 130535.112, 161354.508, 
181088.178, 175419.581, 218796.606, 232856.374, 249006.028, 1, 
1, 1, 1, 1, 1, 1, 1, 1, 1, 1, 0.01754, 0.01754, 0.01754, 0.01754, 
0.01754, 0.01754, 0.01754, 0.01754, 0.01754, 0.01754, 0.01754, 
0, 0, 0, 0, 0, 0, 0, 0, 0, 0, 0, 0, 0, 0, 0, 0, 0, 0, 0, 0, 0, 
0, 0.91825, 0.9192, 0.91647, 0.91956, 0.92157, 0.92172, 0.92422, 
0.92617, 0.92629, 0.92816, 0.92874, 0.91825, 0.91877, 0.91765, 
0.91957, 0.92122, 0.92108, 0.92333, 0.92588, 0.92602, 0.92716, 
0.92874, 1.3203, 1.6322, 2.128, 2.3629, 2.4878, 3.0994, 3.4321, 
3.2069, 3.8484, 3.947, 4.7033, 627, 676.1, 728.3, 769.6, 812.5, 
843.5, 871.4, 912.5, 964.9, 997.5, 1031.7, 1, 1, 1, 1, 1, 1, 
1, 1, 1, 1, 1, 1, 1, 1, 1, 1, 1, 1, 1, 1, 1, 1, 1, 1, 1, 1, 1, 
1, 1, 1, 1, 1, 1, 1, 1, 1, 1, 1, 1, 1, 1, 1, 1, 1, 17.057, 20.322, 
25.622, 28.17, 29.415, 36.006, 39.448, 37.133, 43.837, 44.809, 
52.879), .Dim = c(11L, 40L), .Dimnames = list(NULL, c("Sampling", 
"PSO.cost", "PSO.gamma", "PSO.data.balancing", "PSO.feature.selection", 
"PSO.valid.acc", "PSO.test.acc", "PSO.train.time", "PSO.n.support.vectors", 
"PSO.index", "PSO.n.solutions", "PSO.generations", "PSO.n.evaluations", 
"PSO.cpu.time", "RS.cost", "RS.gamma", "RS.data.balancing", "RS.feature.selection", 
"RS.valid.acc", "RS.test.acc", "RS.train.time", "RS.n.support.vectors", 
"RS.index", "RS.n.solutions", "RS.generations", "RS.n.evaluations", 
"RS.cpu.time", "DF.cost", "DF.gamma", "DF.data.balancing", "DF.feature.selection", 
"DF.valid.acc", "DF.test.acc", "DF.train.time", "DF.n.support.vectors", 
"DF.index", "DF.n.solutions", "DF.generations", "DF.n.evaluations", 
"DF.cpu.time")))
