full <-
structure(c(50, 55, 60, 65, 70, 75, 80, 85, 90, 95, 100, 10.93293, 
14.76704, 14.94475, 14.09635, 11.74642, 14.95205, 15, 14.37577, 
6.43956, 14.17437, 6.77707, -10.6578, -12.62372, -14.45946, -13.1932, 
-12.12377, -12.46782, -14.89337, -13.02436, -7.81225, -12.27985, 
-8.69243, 0, 0, 0, 0, 0, 0, 0, 0, 0, 0, 0, 0, 0, 0, 0, 0, 0, 
0, 0, 0, 0, 0, 0.93301, 0.93044, 0.93186, 0.93417, 0.93344, 0.93281, 
0.93195, 0.93538, 0.9358, 0.93542, 0.93515, 0.92969, 0.93001, 
0.93107, 0.93234, 0.93004, 0.92996, 0.92838, 0.9351, 0.93527, 
0.93442, 0.93206, 1.1827, 2.211, 2.0312, 2.2944, 2.2932, 4.4787, 
3.9886, 5.0069, 3.6424, 6.6247, 3.7872, 329.2, 344.7, 382.8, 
401.2, 446, 451.8, 511, 524, 600.1, 570.6, 644.7, 1345, 717, 
1020, 1741, 1449, 960, 710, 396, 1044, 1716, 1431, 106, 2, 1, 
2, 10, 16, 1, 6, 29, 2, 45, 100, 100, 100, 100, 100, 100, 100, 
100, 100, 100, 100, 2500, 2500, 2500, 2500, 2500, 2500, 2500, 
2500, 2500, 2500, 2500, 38802.685, 61751.271, 62512.449, 65433.497, 
74096.7810000001, 117833.941, 118376.81, 136822.647, 119440.782, 
133847.736, 136100.95, 10.88873, 2.631, 14.76632, 14.34191, 9.30768, 
13.75323, 14.43188, 14.54194, 6.17184, 13.24002, 4.46231, -10.78094, 
-6.92065, -14.50722, -13.36158, -10.59426, -11.86813, -14.68006, 
-13.13567, -7.65477, -11.9176, -7.35072, 0, 0, 0, 0, 0, 0, 0, 
0, 0, 0, 0, 0, 0, 0, 0, 0, 0, 0, 0, 0, 0, 0, 0.93253, 0.92915, 
0.93068, 0.93344, 0.93344, 0.93154, 0.93135, 0.93482, 0.93501, 
0.93542, 0.9342, 0.92921, 0.92525, 0.93028, 0.93161, 0.9297, 
0.93027, 0.92927, 0.93594, 0.9358, 0.93342, 0.93159, 1.2185, 
1.6357, 1.9905, 2.4232, 2.0225, 4.6572, 3.6869, 5.005, 3.4065, 
5.7241, 3.6724, 329.1, 475.6, 384.6, 400.9, 453, 455.5, 514.5, 
523, 604.7, 576.7, 692.1, 2164, 1234, 565, 1295, 549, 1616, 1264, 
1536, 1487, 1473, 1251, 1, 1, 1, 1, 1, 3, 1, 1, 1, 1, 4, 100, 
100, 100, 100, 100, 100, 100, 100, 100, 100, 100, 2500, 2500, 
2500, 2500, 2500, 2500, 2500, 2500, 2500, 2500, 2500, 70702.431, 
113080.036, 107296.261, 116958.268, 142532.249, 191209.11, 226933.96, 
231193.258, 280823.659, 282169.178, 282911.902, 1, 1, 1, 1, 1, 
1, 1, 1, 1, 1, 1, 0.01754, 0.01754, 0.01754, 0.01754, 0.01754, 
0.01754, 0.01754, 0.01754, 0.01754, 0.01754, 0.01754, 0, 0, 0, 
0, 0, 0, 0, 0, 0, 0, 0, 0, 0, 0, 0, 0, 0, 0, 0, 0, 0, 0, 0.91779, 
0.92266, 0.92315, 0.92248, 0.92392, 0.9271, 0.92363, 0.92559, 
0.92761, 0.92691, 0.92755, 0.91921, 0.92094, 0.92117, 0.9243, 
0.92699, 0.92393, 0.92393, 0.92671, 0.92735, 0.92591, 0.92945, 
1.4419, 1.6285, 2.0887, 2.0471, 2.4448, 4.2858, 3.969, 4.1226, 
4.409, 4.5754, 5.1859, 610.1, 646.4, 688.5, 728.6, 774.2, 817.4, 
863.1, 908.3, 958.9, 994.4, 1032.7, 1, 1, 1, 1, 1, 1, 1, 1, 1, 
1, 1, 1, 1, 1, 1, 1, 1, 1, 1, 1, 1, 1, 1, 1, 1, 1, 1, 1, 1, 1, 
1, 1, 1, 1, 1, 1, 1, 1, 1, 1, 1, 1, 1, 1, 18.548, 20.398, 25.232, 
24.823, 29.119, 49.716, 46.053, 47.951, 50.807, 52.402, 58.65
), .Dim = c(11L, 40L), .Dimnames = list(NULL, c("Sampling", "PSO.cost", 
"PSO.gamma", "PSO.data.balancing", "PSO.feature.selection", "PSO.valid.acc", 
"PSO.test.acc", "PSO.train.time", "PSO.n.support.vectors", "PSO.index", 
"PSO.n.solutions", "PSO.generations", "PSO.n.evaluations", "PSO.cpu.time", 
"RS.cost", "RS.gamma", "RS.data.balancing", "RS.feature.selection", 
"RS.valid.acc", "RS.test.acc", "RS.train.time", "RS.n.support.vectors", 
"RS.index", "RS.n.solutions", "RS.generations", "RS.n.evaluations", 
"RS.cpu.time", "DF.cost", "DF.gamma", "DF.data.balancing", "DF.feature.selection", 
"DF.valid.acc", "DF.test.acc", "DF.train.time", "DF.n.support.vectors", 
"DF.index", "DF.n.solutions", "DF.generations", "DF.n.evaluations", 
"DF.cpu.time")))
