full <-
structure(c(50, 55, 60, 65, 70, 75, 80, 85, 90, 95, 100, 14.97399, 
13.96819, 11.43432, 6.85574, 15, 14.70776, 14.96731, 14.87616, 
14.93348, 10.61466, 14.96447, -14.05586, -13.78854, -11.81992, 
-8.66599, -13.20649, -14.42891, -13.84426, -13.41521, -13.48907, 
-11.62965, -12.75644, 0, 0, 0, 0, 0, 0, 0, 0, 0, 0, 0, 0, 0, 
0, 0, 0, 0, 0, 0, 0, 0, 0, 0.9354, 0.93651, 0.93544, 0.93529, 
0.9348, 0.93533, 0.93788, 0.93623, 0.93527, 0.93692, 0.93753, 
0.93018, 0.93436, 0.93108, 0.93016, 0.93242, 0.93185, 0.9361, 
0.93539, 0.93289, 0.93242, 0.93515, 1.3193, 1.4114, 1.5412, 1.4484, 
3.2202, 2.6689, 3.5163, 4.1582, 4.4629, 3.3113, 6.3484, 300.9, 
336.3, 380, 433.3, 430.6, 484, 503, 525.3, 553.3, 605.2, 594.4, 
1691, 2274, 1474, 871, 443, 2368, 1663, 1660, 855, 946, 1772, 
1, 2, 48, 34, 1, 4, 2, 1, 96, 37, 5, 100, 100, 100, 100, 100, 
100, 100, 100, 100, 100, 100, 2500, 2500, 2500, 2500, 2500, 2500, 
2500, 2500, 2500, 2500, 2500, 40770.312, 46761.743, 51194.358, 
65244.152, 72775.606, 80012.642, 97943.39, 109777.409, 126601.539, 
106824.842, 156226.507, 14.51652, 14.99948, 11.41965, 14.64275, 
11.7786, 14.63287, 14.20754, 14.52502, 14.52928, 7.9635, 14.40958, 
-14.83438, -14.18646, -11.81664, -12.18669, -11.39616, -14.54851, 
-13.40889, -13.57043, -13.41862, -8.72203, -12.46818, 0, 0, 0, 
0, 0, 0, 0, 0, 0, 0, 0, 0, 0, 0, 0, 0, 0, 0, 0, 0, 0, 0, 0.93256, 
0.93522, 0.93544, 0.93492, 0.93378, 0.93343, 0.93639, 0.93484, 
0.93474, 0.93717, 0.93658, 0.92923, 0.93349, 0.93108, 0.93163, 
0.93344, 0.93122, 0.9364, 0.93539, 0.93315, 0.93391, 0.93444, 
1.0833, 1.5966, 1.6329, 3.0231, 2.1385, 2.5887, 3.2086, 3.9735, 
4.0683, 2.9812, 5.4652, 311.8, 332.2, 380, 388.8, 436.3, 486.3, 
503.6, 530.5, 556.4, 594.6, 596.4, 1937, 1685, 2010, 2021, 9, 
1052, 1873, 1123, 955, 1485, 1055, 1, 1, 1, 2, 1, 8, 2, 1, 1, 
1, 1, 100, 100, 100, 100, 100, 100, 100, 100, 100, 100, 100, 
2500, 2500, 2500, 2500, 2500, 2500, 2500, 2500, 2500, 2500, 2500, 
63058.256, 82950.986, 100400.73, 111838.722, 123885.683, 143380.764, 
155395.468, 180026.369, 196244.471, 216803.664, 219349.709, 1, 
1, 1, 1, 1, 1, 1, 1, 1, 1, 1, 0.01754, 0.01754, 0.01754, 0.01754, 
0.01754, 0.01754, 0.01754, 0.01754, 0.01754, 0.01754, 0.01754, 
0, 0, 0, 0, 0, 0, 0, 0, 0, 0, 0, 0, 0, 0, 0, 0, 0, 0, 0, 0, 0, 
0, 0.92212, 0.92786, 0.92753, 0.92688, 0.92801, 0.92677, 0.92926, 
0.92701, 0.9292, 0.92941, 0.92874, 0.91879, 0.92873, 0.92634, 
0.92797, 0.92801, 0.92773, 0.92896, 0.92645, 0.9292, 0.92866, 
0.92898, 1.2356, 1.5162, 1.7958, 2.0173, 2.3517, 2.7312, 3.0814, 
3.5987, 3.595, 3.9338, 3.9154, 590.3, 643, 688.9, 744.3, 793.5, 
835.8, 878.3, 913.6, 954.7, 994.3, 1036.2, 1, 1, 1, 1, 1, 1, 
1, 1, 1, 1, 1, 1, 1, 1, 1, 1, 1, 1, 1, 1, 1, 1, 1, 1, 1, 1, 1, 
1, 1, 1, 1, 1, 1, 1, 1, 1, 1, 1, 1, 1, 1, 1, 1, 1, 16.207, 19.173, 
22.213, 24.554, 28.202, 32.175, 35.811, 41.795, 41.196, 44.853, 
44.519), .Dim = c(11L, 40L), .Dimnames = list(NULL, c("Sampling", 
"PSO.cost", "PSO.gamma", "PSO.data.balancing", "PSO.feature.selection", 
"PSO.valid.acc", "PSO.test.acc", "PSO.train.time", "PSO.n.support.vectors", 
"PSO.index", "PSO.n.solutions", "PSO.generations", "PSO.n.evaluations", 
"PSO.cpu.time", "RS.cost", "RS.gamma", "RS.data.balancing", "RS.feature.selection", 
"RS.valid.acc", "RS.test.acc", "RS.train.time", "RS.n.support.vectors", 
"RS.index", "RS.n.solutions", "RS.generations", "RS.n.evaluations", 
"RS.cpu.time", "DF.cost", "DF.gamma", "DF.data.balancing", "DF.feature.selection", 
"DF.valid.acc", "DF.test.acc", "DF.train.time", "DF.n.support.vectors", 
"DF.index", "DF.n.solutions", "DF.generations", "DF.n.evaluations", 
"DF.cpu.time")))
