full <-
structure(c(50, 55, 60, 65, 70, 75, 80, 85, 90, 95, 100, 11.30086, 
7.22083, 14.88134, 9.00283, 14.9717, 15, 14.72488, 9.24865, 5.09727, 
6.24794, 15, -12.21889, -9.97707, -15, -11.82709, -14.23805, 
-12.48383, -14.06791, -10.24033, -9.38963, -8.79419, -12.68774, 
0, 0, 0, 0, 0, 0, 0, 0, 0, 0, 0, 0, 0, 0, 0, 0, 0, 0, 0, 0, 0, 
0, 0.92777, 0.92785, 0.92992, 0.93054, 0.93073, 0.93282, 0.92957, 
0.93007, 0.9321, 0.93617, 0.93539, 0.92208, 0.92137, 0.92476, 
0.92688, 0.92597, 0.9306, 0.92928, 0.92756, 0.92814, 0.93192, 
0.93515, 1.1164, 1.3345, 2.0601, 1.8374, 2.9256, 5.0509, 3.7049, 
2.8754, 3.2304, 3.3759, 7.4398, 339.8, 402.4, 401.8, 458.7, 455.6, 
477.6, 530.2, 558.9, 672.7, 649.3, 599, 2168, 1932, 126, 80, 
1099, 2235, 1946, 888, 1663, 754, 1347, 221, 21, 1377, 218, 1, 
1, 4, 76, 12, 84, 1, 100, 100, 100, 100, 100, 100, 100, 100, 
100, 100, 100, 2500, 2500, 2500, 2500, 2500, 2500, 2500, 2500, 
2500, 2500, 2500, 40740.039, 44981.988, 61963.689, 62390.376, 
78073.123, 107770.527, 98665.0219999999, 91389.669, 101721.488, 
108038.645, 151848.093, 12.13878, 8.11906, 14.54266, 8.71904, 
5.88946, 3.41258, 12.75825, 5.72024, 4.97135, 11.84913, 12.71677, 
-11.85411, -10.46948, -14.95935, -11.83865, -9.50689, -6.76111, 
-13.10548, -9.50112, -9.26149, -11.59996, -11.80506, 0, 0, 0, 
0, 0, 0, 0, 0, 0, 0, 0, 0, 0, 0, 0, 0, 0, 0, 0, 0, 0, 0, 0.92731, 
0.92656, 0.92952, 0.93054, 0.93005, 0.93156, 0.92957, 0.93008, 
0.93184, 0.93542, 0.93397, 0.92161, 0.9218, 0.92476, 0.92725, 
0.92903, 0.9287, 0.92838, 0.92728, 0.92708, 0.93091, 0.93349, 
1.3016, 1.3566, 1.9335, 1.8451, 1.8458, 2.4991, 3.1049, 2.6263, 
3.2353, 4.3719, 5.0893, 328.2, 394, 404.6, 464.1, 510.2, 617.2, 
536.5, 619.5, 672.9, 606, 612.4, 1193, 1156, 1017, 1062, 2062, 
1193, 885, 1651, 876, 635, 1431, 2, 2, 1, 2, 1, 1, 1, 1, 1, 3, 
2, 100, 100, 100, 100, 100, 100, 100, 100, 100, 100, 100, 2500, 
2500, 2500, 2500, 2500, 2500, 2500, 2500, 2500, 2500, 2500, 71548.757, 
106133.813, 114378.533, 135835.041, 133302.633, 170511.161, 177966.631, 
199795.431, 232979.246, 256273.803, 262034.144, 1, 1, 1, 1, 1, 
1, 1, 1, 1, 1, 1, 0.01754, 0.01754, 0.01754, 0.01754, 0.01754, 
0.01754, 0.01754, 0.01754, 0.01754, 0.01754, 0.01754, 0, 0, 0, 
0, 0, 0, 0, 0, 0, 0, 0, 0, 0, 0, 0, 0, 0, 0, 0, 0, 0, 0, 0.92115, 
0.92008, 0.9216, 0.92286, 0.92428, 0.92331, 0.92332, 0.92365, 
0.92549, 0.92666, 0.92803, 0.91972, 0.91835, 0.9208, 0.9214, 
0.92428, 0.92458, 0.92422, 0.92253, 0.92444, 0.92716, 0.92803, 
1.4229, 1.9565, 2.1742, 2.3816, 2.5889, 3.3151, 3.4998, 3.7059, 
4.1657, 4.4388, 4.8922, 633.3, 676.8, 715.2, 750.1, 789.9, 845.1, 
894.2, 926, 970, 1011.9, 1035.3, 1, 1, 1, 1, 1, 1, 1, 1, 1, 1, 
1, 1, 1, 1, 1, 1, 1, 1, 1, 1, 1, 1, 1, 1, 1, 1, 1, 1, 1, 1, 1, 
1, 1, 1, 1, 1, 1, 1, 1, 1, 1, 1, 1, 1, 18.172, 23.914, 26.189, 
28.409, 30.28, 38.192, 40.112, 42.542, 47.055, 50.012, 55.011
), .Dim = c(11L, 40L), .Dimnames = list(NULL, c("Sampling", "PSO.cost", 
"PSO.gamma", "PSO.data.balancing", "PSO.feature.selection", "PSO.valid.acc", 
"PSO.test.acc", "PSO.train.time", "PSO.n.support.vectors", "PSO.index", 
"PSO.n.solutions", "PSO.generations", "PSO.n.evaluations", "PSO.cpu.time", 
"RS.cost", "RS.gamma", "RS.data.balancing", "RS.feature.selection", 
"RS.valid.acc", "RS.test.acc", "RS.train.time", "RS.n.support.vectors", 
"RS.index", "RS.n.solutions", "RS.generations", "RS.n.evaluations", 
"RS.cpu.time", "DF.cost", "DF.gamma", "DF.data.balancing", "DF.feature.selection", 
"DF.valid.acc", "DF.test.acc", "DF.train.time", "DF.n.support.vectors", 
"DF.index", "DF.n.solutions", "DF.generations", "DF.n.evaluations", 
"DF.cpu.time")))
