full <-
structure(c(50, 55, 60, 65, 70, 75, 80, 85, 90, 95, 100, 4.42824, 
8.82194, 8.93682, 5.97234, 5.17264, 5.19847, 15, 14.92913, 12.25618, 
12.2441, 14.92357, -8.57028, -10.23576, -10.38252, -9.70575, 
-9.01172, -9.10729, -12.67368, -13.72278, -10.91915, -11.95584, 
-12.18203, 0, 0, 0, 0, 0, 0, 0, 0, 0, 0, 0, 0, 0, 0, 0, 0, 0, 
0, 0, 0, 0, 0, 0.93873, 0.93737, 0.93506, 0.93271, 0.93448, 0.93441, 
0.93552, 0.93454, 0.93659, 0.93617, 0.93682, 0.93255, 0.93261, 
0.93148, 0.92978, 0.93312, 0.93188, 0.93255, 0.93091, 0.93474, 
0.93391, 0.93516, 0.8549, 1.1307, 1.393, 1.5352, 1.7232, 2.3884, 
4.7229, 3.9475, 4.4323, 4.7508, 8.1468, 370.5, 354, 390, 466.9, 
510.5, 542.4, 471.9, 537.6, 548.6, 594.1, 585.1, 1846, 973, 303, 
623, 475, 1895, 2393, 908, 983, 295, 1738, 113, 120, 100, 52, 
97, 6, 1, 6, 23, 146, 2, 100, 100, 100, 100, 100, 100, 100, 100, 
100, 100, 100, 2500, 2500, 2500, 2500, 2500, 2500, 2500, 2500, 
2500, 2500, 2500, 31153.582, 39629.39, 45913.152, 52358.696, 
56999.367, 82144.7560000001, 121652.968, 114338.068, 129277.57, 
134764.032, 166480.934, 4.61245, 9.27218, 6.5125, 3.79659, 14.38826, 
4.82802, 14.25983, 14.59956, 11.72268, 11.63697, 13.5024, -8.67301, 
-10.55782, -9.97189, -8.56197, -12.90651, -8.87389, -12.27842, 
-13.53082, -10.67198, -11.69684, -11.41402, 0, 0, 0, 0, 0, 0, 
0, 0, 0, 0, 0, 0, 0, 0, 0, 0, 0, 0, 0, 0, 0, 0, 0.93826, 0.93651, 
0.93466, 0.93198, 0.93414, 0.93378, 0.93462, 0.9337, 0.93606, 
0.93567, 0.93658, 0.93303, 0.93174, 0.93426, 0.93051, 0.93245, 
0.93188, 0.93225, 0.93035, 0.93421, 0.93417, 0.93468, 0.8505, 
1.1215, 1.3808, 1.559, 2.9263, 2.4572, 4.8682, 4.1457, 4.4558, 
3.8974, 6.6134, 367.5, 352.6, 425.2, 509.5, 433.9, 549.1, 475.3, 
536.2, 550.9, 598.3, 589.5, 742, 1942, 1130, 1489, 1662, 918, 
1562, 2223, 373, 2395, 384, 1, 2, 1, 2, 1, 2, 1, 1, 4, 1, 1, 
100, 100, 100, 100, 100, 100, 100, 100, 100, 100, 100, 2500, 
2500, 2500, 2500, 2500, 2500, 2500, 2500, 2500, 2500, 2500, 59359.751, 
74538.262, 96722.22, 111793.024, 126689.943, 180455.41, 193145.884, 
199248.169, 245961.265, 229314.928, 250745.081, 1, 1, 1, 1, 1, 
1, 1, 1, 1, 1, 1, 0.01754, 0.01754, 0.01754, 0.01754, 0.01754, 
0.01754, 0.01754, 0.01754, 0.01754, 0.01754, 0.01754, 0, 0, 0, 
0, 0, 0, 0, 0, 0, 0, 0, 0, 0, 0, 0, 0, 0, 0, 0, 0, 0, 0, 0.92685, 
0.92786, 0.92594, 0.92722, 0.92769, 0.92649, 0.9269, 0.92588, 
0.92707, 0.92641, 0.92826, 0.9259, 0.92655, 0.92792, 0.92832, 
0.92429, 0.92617, 0.92868, 0.92504, 0.92707, 0.92891, 0.9304, 
1.2561, 1.6197, 1.9371, 2.2243, 2.4733, 3.3157, 3.5767, 3.8032, 
4.3596, 4.2156, 4.5379, 600.1, 654.5, 700.2, 749.6, 796.1, 837.4, 
873.8, 917.3, 960.4, 993.9, 1034, 1, 1, 1, 1, 1, 1, 1, 1, 1, 
1, 1, 1, 1, 1, 1, 1, 1, 1, 1, 1, 1, 1, 1, 1, 1, 1, 1, 1, 1, 1, 
1, 1, 1, 1, 1, 1, 1, 1, 1, 1, 1, 1, 1, 1, 16.096, 20.011, 23.436, 
26.658, 29.145, 38.673, 40.75, 44.044, 50.053, 47.638, 51.095
), .Dim = c(11L, 40L), .Dimnames = list(NULL, c("Sampling", "PSO.cost", 
"PSO.gamma", "PSO.data.balancing", "PSO.feature.selection", "PSO.valid.acc", 
"PSO.test.acc", "PSO.train.time", "PSO.n.support.vectors", "PSO.index", 
"PSO.n.solutions", "PSO.generations", "PSO.n.evaluations", "PSO.cpu.time", 
"RS.cost", "RS.gamma", "RS.data.balancing", "RS.feature.selection", 
"RS.valid.acc", "RS.test.acc", "RS.train.time", "RS.n.support.vectors", 
"RS.index", "RS.n.solutions", "RS.generations", "RS.n.evaluations", 
"RS.cpu.time", "DF.cost", "DF.gamma", "DF.data.balancing", "DF.feature.selection", 
"DF.valid.acc", "DF.test.acc", "DF.train.time", "DF.n.support.vectors", 
"DF.index", "DF.n.solutions", "DF.generations", "DF.n.evaluations", 
"DF.cpu.time")))
