full <-
structure(c(50, 55, 60, 65, 70, 75, 80, 85, 90, 95, 100, 10.38487, 
10.54441, 14.9817, 14.73659, 15, 8.82271, 15, 15, 4.71695, 14.20053, 
4.81896, -9.89313, -9.96789, -14.92457, -13.01591, -13.85126, 
-9.51391, -13.13427, -12.6091, -7.93322, -13.06102, -7.63827, 
0, 0, 0, 0, 0, 0, 0, 0, 0, 0, 0, 0, 0, 0, 0, 0, 0, 0, 0, 0, 0, 
0, 0.92873, 0.92699, 0.92715, 0.92834, 0.92869, 0.92962, 0.93255, 
0.93202, 0.93475, 0.93442, 0.9323, 0.92113, 0.92396, 0.92239, 
0.92798, 0.92631, 0.92963, 0.93046, 0.93006, 0.93184, 0.93166, 
0.93207, 1.2219, 1.5372, 2.1614, 3.0394, 3.2314, 2.598, 4.9642, 
5.4793, 2.9905, 5.412, 3.8469, 332, 356.7, 404.3, 416.1, 460, 
503.2, 513.4, 523.2, 646.9, 600.3, 676.6, 1603, 1399, 563, 1719, 
1342, 586, 1521, 1685, 2241, 1567, 1875, 20, 9, 6, 9, 4, 50, 
16, 7, 1, 9, 17, 100, 100, 100, 100, 100, 100, 100, 100, 100, 
100, 100, 2500, 2500, 2500, 2500, 2500, 2500, 2500, 2500, 2500, 
2500, 2500, 42353.605, 51830.241, 64672.236, 85395.2069999999, 
96340.938, 87478.353, 122508.795, 119547.054, 101451.897, 172995.956, 
157710.081, 8.17629, 10.90588, 12.53738, 13.93719, 10.95922, 
14.77042, 11.22229, 14.65435, 3.70057, 14.7824, 5.55623, -8.75717, 
-10.13887, -11.89586, -12.45638, -9.72837, -12.63181, -11.48412, 
-12.48614, -7.1801, -13.37709, -8.6141, 0, 0, 0, 0, 0, 0, 0, 
0, 0, 0, 0, 0, 0, 0, 0, 0, 0, 0, 0, 0, 0, 0, 0.92778, 0.92612, 
0.92675, 0.92798, 0.92801, 0.92963, 0.93225, 0.93174, 0.93369, 
0.93417, 0.93183, 0.92398, 0.92396, 0.92239, 0.92908, 0.92292, 
0.92614, 0.92808, 0.93062, 0.92973, 0.93217, 0.92993, 1.077, 
1.568, 2.1821, 2.8126, 2.7393, 4.4763, 3.1882, 5.2951, 3.0345, 
5.7371, 3.5376, 344.8, 354.3, 395, 416.9, 448.5, 482.2, 530, 
524.6, 676.6, 599.3, 676.6, 2010, 1310, 282, 550, 672, 182, 29, 
2422, 1590, 2425, 2065, 4, 1, 1, 1, 1, 2, 1, 1, 4, 1, 1, 100, 
100, 100, 100, 100, 100, 100, 100, 100, 100, 100, 2500, 2500, 
2500, 2500, 2500, 2500, 2500, 2500, 2500, 2500, 2500, 77588.785, 
95176.941, 119928.84, 135828.283, 149271.091, 181928.293, 192047.103, 
214805.192, 237112.323, 275561.3, 280903.291, 1, 1, 1, 1, 1, 
1, 1, 1, 1, 1, 1, 0.01754, 0.01754, 0.01754, 0.01754, 0.01754, 
0.01754, 0.01754, 0.01754, 0.01754, 0.01754, 0.01754, 0, 0, 0, 
0, 0, 0, 0, 0, 0, 0, 0, 0, 0, 0, 0, 0, 0, 0, 0, 0, 0, 0, 0.91257, 
0.91705, 0.91723, 0.91591, 0.91884, 0.91821, 0.92154, 0.92279, 
0.92603, 0.92791, 0.92755, 0.91541, 0.91575, 0.91723, 0.91519, 
0.91919, 0.91726, 0.92094, 0.92475, 0.92576, 0.92591, 0.92945, 
1.4232, 1.8977, 2.2386, 2.407, 2.686, 3.4157, 3.5731, 3.9042, 
4.2705, 4.5104, 5.0268, 619.3, 661.5, 704.7, 753.5, 800.4, 844.6, 
880.6, 924, 968.4, 1000.4, 1034.8, 1, 1, 1, 1, 1, 1, 1, 1, 1, 
1, 1, 1, 1, 1, 1, 1, 1, 1, 1, 1, 1, 1, 1, 1, 1, 1, 1, 1, 1, 1, 
1, 1, 1, 1, 1, 1, 1, 1, 1, 1, 1, 1, 1, 1, 18.243, 23.395, 27.047, 
28.925, 31.676, 39.585, 41.068, 44.987, 48.754, 51.413, 56.479
), .Dim = c(11L, 40L), .Dimnames = list(NULL, c("Sampling", "PSO.cost", 
"PSO.gamma", "PSO.data.balancing", "PSO.feature.selection", "PSO.valid.acc", 
"PSO.test.acc", "PSO.train.time", "PSO.n.support.vectors", "PSO.index", 
"PSO.n.solutions", "PSO.generations", "PSO.n.evaluations", "PSO.cpu.time", 
"RS.cost", "RS.gamma", "RS.data.balancing", "RS.feature.selection", 
"RS.valid.acc", "RS.test.acc", "RS.train.time", "RS.n.support.vectors", 
"RS.index", "RS.n.solutions", "RS.generations", "RS.n.evaluations", 
"RS.cpu.time", "DF.cost", "DF.gamma", "DF.data.balancing", "DF.feature.selection", 
"DF.valid.acc", "DF.test.acc", "DF.train.time", "DF.n.support.vectors", 
"DF.index", "DF.n.solutions", "DF.generations", "DF.n.evaluations", 
"DF.cpu.time")))
