full <-
structure(c(50, 55, 60, 65, 70, 75, 80, 85, 90, 95, 100, 14.35299, 
14.91413, 4.91464, 14.28586, 12.46531, 11.25727, 11.30557, 14.88606, 
11.05539, 14.86239, 6.74081, -13.47003, -14.99982, -9.04704, 
-13.6318, -11.39974, -10.92776, -12.57025, -12.1869, -9.71282, 
-13.05054, -10.2521, 0, 0, 0, 0, 0, 0, 0, 0, 0, 0, 0, 0, 0, 0, 
0, 0, 0, 0, 0, 0, 0, 0, 0.93491, 0.93348, 0.93387, 0.93236, 0.93582, 
0.93662, 0.93582, 0.93762, 0.93633, 0.93818, 0.9342, 0.92823, 
0.93218, 0.93427, 0.93273, 0.92972, 0.9325, 0.93047, 0.93539, 
0.93104, 0.93617, 0.93064, 1.3492, 1.4878, 1.5249, 2.2743, 2.4054, 
2.8295, 2.8493, 5.7598, 3.9437, 5.7689, 3.4614, 307, 349.5, 443.2, 
397.9, 415.6, 461.9, 517.8, 496.6, 534.1, 574.8, 696.2, 501, 
308, 1436, 2104, 863, 1215, 1310, 2369, 1378, 1726, 1578, 13, 
39, 18, 31, 10, 7, 18, 1, 3, 4, 22, 100, 100, 100, 100, 100, 
100, 100, 100, 100, 100, 100, 2500, 2500, 2500, 2500, 2500, 2500, 
2500, 2500, 2500, 2500, 2500, 42266.217, 48927.083, 51564.779, 
69919.89, 76183.267, 83571.154, 85468.4910000002, 117900.599, 
120688.418, 148233.972, 106770.467, 14.2232, 14.4514, 2.41622, 
14.20377, 12.19434, 10.94544, 11.4372, 8.72838, 10.6169, 14.51327, 
14.9808, -13.38618, -14.52373, -6.25249, -13.57848, -11.43115, 
-10.80165, -12.59594, -9.12013, -9.51594, -13.02189, -13.69122, 
0, 0, 0, 0, 0, 0, 0, 0, 0, 0, 0, 0, 0, 0, 0, 0, 0, 0, 0, 0, 0, 
0, 0.93443, 0.93348, 0.93347, 0.93236, 0.93548, 0.93567, 0.93493, 
0.9365, 0.9358, 0.93742, 0.93539, 0.92871, 0.93305, 0.92752, 
0.93236, 0.93107, 0.93281, 0.93047, 0.93287, 0.93157, 0.93617, 
0.93111, 1.3631, 1.5631, 1.6907, 2.2656, 2.4884, 2.7986, 2.7726, 
2.768, 3.5752, 5.3301, 5.931, 307.4, 346.7, 541.6, 398, 419.4, 
463.5, 516.1, 526.2, 536.1, 577.3, 625.1, 1940, 841, 1884, 2021, 
1173, 924, 983, 987, 1550, 2444, 2285, 2, 1, 1, 1, 1, 1, 1, 1, 
3, 1, 1, 100, 100, 100, 100, 100, 100, 100, 100, 100, 100, 100, 
2500, 2500, 2500, 2500, 2500, 2500, 2500, 2500, 2500, 2500, 2500, 
70416.189, 95102.31, 107664.444, 125718.857, 147710.733, 173883.316, 
186687.914, 190023.124, 212058.032, 235025.334, 259365.944, 1, 
1, 1, 1, 1, 1, 1, 1, 1, 1, 1, 0.01754, 0.01754, 0.01754, 0.01754, 
0.01754, 0.01754, 0.01754, 0.01754, 0.01754, 0.01754, 0.01754, 
0, 0, 0, 0, 0, 0, 0, 0, 0, 0, 0, 0, 0, 0, 0, 0, 0, 0, 0, 0, 0, 
0, 0.92682, 0.92009, 0.92871, 0.92212, 0.92869, 0.92647, 0.92513, 
0.92448, 0.92602, 0.92716, 0.92707, 0.92492, 0.92397, 0.92634, 
0.92541, 0.92665, 0.9249, 0.92512, 0.92532, 0.92549, 0.92716, 
0.92802, 1.4069, 1.721, 2.0329, 2.3168, 2.6764, 3.2394, 3.3351, 
3.5476, 3.8252, 4.2879, 4.869, 606.6, 654.6, 694.6, 736.6, 772.5, 
824.1, 871, 911.6, 957.8, 993.2, 1038.1, 1, 1, 1, 1, 1, 1, 1, 
1, 1, 1, 1, 1, 1, 1, 1, 1, 1, 1, 1, 1, 1, 1, 1, 1, 1, 1, 1, 1, 
1, 1, 1, 1, 1, 1, 1, 1, 1, 1, 1, 1, 1, 1, 1, 1, 18.097, 21.462, 
24.737, 27.684, 31.625, 37.519, 38.457, 40.808, 43.585, 48.619, 
54.79), .Dim = c(11L, 40L), .Dimnames = list(NULL, c("Sampling", 
"PSO.cost", "PSO.gamma", "PSO.data.balancing", "PSO.feature.selection", 
"PSO.valid.acc", "PSO.test.acc", "PSO.train.time", "PSO.n.support.vectors", 
"PSO.index", "PSO.n.solutions", "PSO.generations", "PSO.n.evaluations", 
"PSO.cpu.time", "RS.cost", "RS.gamma", "RS.data.balancing", "RS.feature.selection", 
"RS.valid.acc", "RS.test.acc", "RS.train.time", "RS.n.support.vectors", 
"RS.index", "RS.n.solutions", "RS.generations", "RS.n.evaluations", 
"RS.cpu.time", "DF.cost", "DF.gamma", "DF.data.balancing", "DF.feature.selection", 
"DF.valid.acc", "DF.test.acc", "DF.train.time", "DF.n.support.vectors", 
"DF.index", "DF.n.solutions", "DF.generations", "DF.n.evaluations", 
"DF.cpu.time")))
