full <-
structure(c(50, 55, 60, 65, 70, 75, 80, 85, 90, 95, 100, 11.00615, 
12.70805, 14.98935, 4.12275, 12.86753, 12.98478, 15, 15, 14.93819, 
15, 13.2361, -10.85077, -12.03712, -13.859, -9.255, -11.18861, 
-11.83771, -12.17337, -12.75417, -12.54015, -12.62933, -11.79232, 
0, 0, 0, 0, 0, 0, 0, 0, 0, 0, 0, 0, 0, 0, 0, 0, 0, 0, 0, 0, 0, 
0, 0.93731, 0.93089, 0.93626, 0.93128, 0.9348, 0.93566, 0.93282, 
0.9337, 0.93368, 0.93241, 0.93492, 0.92685, 0.93003, 0.93151, 
0.92872, 0.9314, 0.92963, 0.92866, 0.93118, 0.93158, 0.93266, 
0.93254, 1.1056, 1.5316, 2.0605, 1.5163, 2.7397, 2.923, 5.09, 
4.9944, 5.7237, 6.2716, 4.8781, 319.2, 342.3, 364.8, 521.3, 422.1, 
454.5, 469.4, 507.6, 537.7, 578.7, 599.7, 533, 736, 1022, 2414, 
1470, 2182, 934, 2489, 2143, 1465, 1587, 74, 117, 12, 2, 29, 
7, 11, 2, 1, 10, 3, 100, 100, 100, 100, 100, 100, 100, 100, 100, 
100, 100, 2500, 2500, 2500, 2500, 2500, 2500, 2500, 2500, 2500, 
2500, 2500, 40372.728, 51238.669, 63191.485, 50227.357, 64157.8809999999, 
91152.6040000001, 115773.069, 118943.341, 137743.044, 134737.95, 
134583.453, 10.8821, 13.68072, 14.5515, 4.88669, 13.33275, 13.29261, 
12.30203, 13.91172, 14.83926, 6.12054, 11.49531, -10.79693, -12.14781, 
-13.7057, -9.43986, -11.3477, -12.02537, -10.76661, -11.61702, 
-12.56183, -8.82918, -10.8756, 0, 0, 0, 0, 0, 0, 0, 0, 0, 0, 
0, 0, 0, 0, 0, 0, 0, 0, 0, 0, 0, 0, 0.93731, 0.93045, 0.93507, 
0.93091, 0.93378, 0.93566, 0.93253, 0.93285, 0.93316, 0.93166, 
0.93421, 0.92733, 0.92917, 0.93111, 0.92762, 0.93039, 0.93027, 
0.93074, 0.93062, 0.93131, 0.92691, 0.93207, 1.028, 1.8154, 1.8926, 
1.4285, 3.1139, 2.8776, 3.1886, 4.7218, 5.2257, 2.7268, 3.9041, 
319.6, 337.8, 367, 495.4, 419.5, 455, 473.6, 503.4, 539.5, 647.9, 
602.3, 1916, 130, 663, 1542, 2063, 2097, 845, 2164, 1335, 986, 
886, 1, 3, 1, 1, 1, 1, 1, 1, 1, 3, 2, 100, 100, 100, 100, 100, 
100, 100, 100, 100, 100, 100, 2500, 2500, 2500, 2500, 2500, 2500, 
2500, 2500, 2500, 2500, 2500, 62880.936, 85860.922, 94918.487, 
106853.763, 125219.231, 143244.525, 150661.234, 174053.96, 178921.617, 
205544.033, 206591.183, 1, 1, 1, 1, 1, 1, 1, 1, 1, 1, 1, 0.01754, 
0.01754, 0.01754, 0.01754, 0.01754, 0.01754, 0.01754, 0.01754, 
0.01754, 0.01754, 0.01754, 0, 0, 0, 0, 0, 0, 0, 0, 0, 0, 0, 0, 
0, 0, 0, 0, 0, 0, 0, 0, 0, 0, 0.92305, 0.92139, 0.92438, 0.9214, 
0.92461, 0.92583, 0.92451, 0.92587, 0.92761, 0.92265, 0.92874, 
0.92067, 0.92572, 0.92517, 0.92323, 0.92529, 0.9271, 0.92629, 
0.92335, 0.92814, 0.9249, 0.92851, 1.2557, 1.6663, 1.8728, 1.9618, 
2.1888, 2.5211, 2.8584, 3.4651, 3.5773, 3.9576, 4.047, 606.2, 
649.2, 688.9, 740.8, 773.8, 810.4, 852.8, 903.9, 960.3, 1003, 
1032.9, 1, 1, 1, 1, 1, 1, 1, 1, 1, 1, 1, 1, 1, 1, 1, 1, 1, 1, 
1, 1, 1, 1, 1, 1, 1, 1, 1, 1, 1, 1, 1, 1, 1, 1, 1, 1, 1, 1, 1, 
1, 1, 1, 1, 1, 16.363, 21.201, 23.08, 23.798, 26.378, 29.74, 
33.299, 40.336, 40.909, 45.051, 45.964), .Dim = c(11L, 40L), .Dimnames = list(
    NULL, c("Sampling", "PSO.cost", "PSO.gamma", "PSO.data.balancing", 
    "PSO.feature.selection", "PSO.valid.acc", "PSO.test.acc", 
    "PSO.train.time", "PSO.n.support.vectors", "PSO.index", "PSO.n.solutions", 
    "PSO.generations", "PSO.n.evaluations", "PSO.cpu.time", "RS.cost", 
    "RS.gamma", "RS.data.balancing", "RS.feature.selection", 
    "RS.valid.acc", "RS.test.acc", "RS.train.time", "RS.n.support.vectors", 
    "RS.index", "RS.n.solutions", "RS.generations", "RS.n.evaluations", 
    "RS.cpu.time", "DF.cost", "DF.gamma", "DF.data.balancing", 
    "DF.feature.selection", "DF.valid.acc", "DF.test.acc", "DF.train.time", 
    "DF.n.support.vectors", "DF.index", "DF.n.solutions", "DF.generations", 
    "DF.n.evaluations", "DF.cpu.time")))
