full <-
structure(c(50, 55, 60, 65, 70, 75, 80, 85, 90, 95, 100, 14.84852, 
14.76987, 15, 15, 10.2496, 8.83659, 14.64145, 4.57834, 7.29775, 
14.94148, 14.95979, -13.50504, -13.69835, -12.78395, -13.26115, 
-10.31165, -10.84391, -12.00369, -7.92158, -8.43595, -12.06298, 
-12.86534, 0, 0, 0, 0, 0, 0, 0, 0, 0, 0, 0, 0, 0, 0, 0, 0, 0, 
0, 0, 0, 0, 0, 0.94297, 0.93779, 0.93546, 0.93565, 0.93684, 0.93407, 
0.9376, 0.9365, 0.9387, 0.93492, 0.93658, 0.93775, 0.93305, 0.93149, 
0.93125, 0.93243, 0.92869, 0.93255, 0.93118, 0.93315, 0.93041, 
0.93444, 1.5101, 1.7311, 2.7156, 3.0888, 2.4137, 2.233, 5.3795, 
2.7463, 2.9731, 8.433, 6.9404, 303.4, 334.1, 358.8, 393.9, 426.7, 
496.1, 475.9, 595, 569.5, 561.6, 604.7, 1893, 2440, 1342, 1193, 
403, 1571, 2059, 1271, 814, 640, 1818, 4, 1, 29, 11, 100, 52, 
3, 49, 32, 6, 2, 100, 100, 100, 100, 100, 100, 100, 100, 100, 
100, 100, 2500, 2500, 2500, 2500, 2500, 2500, 2500, 2500, 2500, 
2500, 2500, 45135.942, 52469.541, 75961.407, 78286.767, 72352.47, 
77946.115, 112781.661, 95504.2240000002, 110746.613, 189836.821, 
159891.321, 14.62625, 14.38212, 14.47043, 13.93063, 10.21437, 
5.75986, 14.91827, 4.06073, 8.78676, 14.54781, 14.59907, -13.36295, 
-13.51921, -13.35304, -12.80435, -10.29194, -9.16469, -12.15736, 
-7.75286, -9.20603, -11.8661, -12.39937, 0, 0, 0, 0, 0, 0, 0, 
0, 0, 0, 0, 0, 0, 0, 0, 0, 0, 0, 0, 0, 0, 0, 0.94154, 0.93564, 
0.93386, 0.93492, 0.93684, 0.93344, 0.9373, 0.93593, 0.93844, 
0.93442, 0.93587, 0.93822, 0.93305, 0.93109, 0.93052, 0.93209, 
0.93059, 0.93285, 0.93035, 0.93395, 0.92991, 0.93611, 1.4469, 
1.7106, 2.301, 2.6696, 2.2033, 2.249, 5.5856, 2.7232, 3.2802, 
7.5876, 7.1182, 302.3, 335.6, 364.8, 395.8, 426.7, 528.6, 477.1, 
607.8, 554.8, 563.9, 596.7, 891, 1313, 2402, 544, 1129, 2372, 
1163, 1517, 1689, 1665, 2135, 2, 3, 4, 1, 1, 1, 1, 1, 1, 1, 1, 
100, 100, 100, 100, 100, 100, 100, 100, 100, 100, 100, 2500, 
2500, 2500, 2500, 2500, 2500, 2500, 2500, 2500, 2500, 2500, 62279.001, 
85146.982, 109516.941, 139581.474, 146903.27, 163479.064, 187053.323, 
202801.649, 222224.788, 263255.335, 256629.118, 1, 1, 1, 1, 1, 
1, 1, 1, 1, 1, 1, 0.01754, 0.01754, 0.01754, 0.01754, 0.01754, 
0.01754, 0.01754, 0.01754, 0.01754, 0.01754, 0.01754, 0, 0, 0, 
0, 0, 0, 0, 0, 0, 0, 0, 0, 0, 0, 0, 0, 0, 0, 0, 0, 0, 0, 0.92348, 
0.92137, 0.92554, 0.92722, 0.92564, 0.92646, 0.93017, 0.92923, 
0.92946, 0.92716, 0.93016, 0.92111, 0.92396, 0.92357, 0.92576, 
0.92496, 0.92583, 0.93017, 0.92755, 0.92787, 0.92742, 0.93064, 
1.3174, 1.7481, 2.1197, 2.5412, 3.0808, 3.1857, 3.5386, 3.5908, 
4.2103, 4.657, 4.5828, 606.9, 656.5, 699.5, 733.3, 784.5, 833.4, 
873.2, 911.3, 950.8, 999, 1032.6, 1, 1, 1, 1, 1, 1, 1, 1, 1, 
1, 1, 1, 1, 1, 1, 1, 1, 1, 1, 1, 1, 1, 1, 1, 1, 1, 1, 1, 1, 1, 
1, 1, 1, 1, 1, 1, 1, 1, 1, 1, 1, 1, 1, 1, 17.03, 21.554, 25.702, 
30.428, 35.816, 36.879, 40.765, 41.159, 47.765, 52.448, 51.714
), .Dim = c(11L, 40L), .Dimnames = list(NULL, c("Sampling", "PSO.cost", 
"PSO.gamma", "PSO.data.balancing", "PSO.feature.selection", "PSO.valid.acc", 
"PSO.test.acc", "PSO.train.time", "PSO.n.support.vectors", "PSO.index", 
"PSO.n.solutions", "PSO.generations", "PSO.n.evaluations", "PSO.cpu.time", 
"RS.cost", "RS.gamma", "RS.data.balancing", "RS.feature.selection", 
"RS.valid.acc", "RS.test.acc", "RS.train.time", "RS.n.support.vectors", 
"RS.index", "RS.n.solutions", "RS.generations", "RS.n.evaluations", 
"RS.cpu.time", "DF.cost", "DF.gamma", "DF.data.balancing", "DF.feature.selection", 
"DF.valid.acc", "DF.test.acc", "DF.train.time", "DF.n.support.vectors", 
"DF.index", "DF.n.solutions", "DF.generations", "DF.n.evaluations", 
"DF.cpu.time")))
