full <-
structure(c(50, 55, 60, 65, 70, 75, 80, 85, 90, 95, 100, 6.48013, 
12.62901, 4.93112, 4.04283, 14.91679, 5.03554, 8.40992, 8.15928, 
15, 5.62168, 13.84289, -8.65826, -12.71626, -8.33474, -8.80237, 
-14.84089, -8.08556, -11.17827, -10.23756, -13.48439, -8.6563, 
-12.26743, 0, 0, 0, 0, 0, 0, 0, 0, 0, 0, 0, 0, 0, 0, 0, 0, 0, 
0, 0, 0, 0, 0, 0.9297, 0.92916, 0.92794, 0.92871, 0.93244, 0.93154, 
0.93253, 0.934, 0.93104, 0.93392, 0.93634, 0.92305, 0.92571, 
0.92477, 0.92469, 0.92666, 0.92869, 0.92985, 0.92896, 0.93077, 
0.93417, 0.93397, 0.9476, 1.458, 1.4679, 1.7799, 3.8235, 2.179, 
2.5936, 2.8095, 5.9985, 3.7036, 5.7936, 371.3, 366.1, 452.9, 
520.4, 460.2, 525, 544.9, 562.7, 569.5, 646.7, 605.9, 335, 1737, 
904, 862, 440, 1323, 1215, 1759, 1501, 317, 414, 116, 52, 150, 
98, 1, 39, 34, 21, 1, 140, 8, 100, 100, 100, 100, 100, 100, 100, 
100, 100, 100, 100, 2500, 2500, 2500, 2500, 2500, 2500, 2500, 
2500, 2500, 2500, 2500, 34368.62, 47816.465, 51356.416, 58245.845, 
101633.911, 91630.5279999999, 83693.2310000001, 88821.388, 158764.895, 
126873.843, 150190.144, 8.45001, 14.24532, 5.07789, 3.814, 14.13666, 
4.85962, 7.38449, 5.19533, 14.5702, 2.30763, 12.35276, -9.84913, 
-13.14336, -8.47236, -8.67371, -14.26974, -8.10069, -10.48658, 
-8.83774, -12.82213, -6.96662, -11.48842, 0, 0, 0, 0, 0, 0, 0, 
0, 0, 0, 0, 0, 0, 0, 0, 0, 0, 0, 0, 0, 0, 0, 0.92828, 0.92916, 
0.92754, 0.92871, 0.93141, 0.93185, 0.93224, 0.93372, 0.93025, 
0.93392, 0.9361, 0.9202, 0.92527, 0.92477, 0.92578, 0.927, 0.92805, 
0.92956, 0.93204, 0.92946, 0.93116, 0.9342, 1.0167, 1.7687, 1.4749, 
1.7951, 2.5707, 2.4523, 3.0098, 2.662, 6.0344, 4.2633, 4.7612, 
360, 359.4, 452.1, 526, 459.7, 530.2, 551.8, 599.6, 557.9, 769.8, 
610.2, 999, 709, 110, 1913, 2271, 405, 871, 1747, 743, 935, 2247, 
2, 1, 3, 1, 3, 1, 2, 1, 4, 2, 1, 100, 100, 100, 100, 100, 100, 
100, 100, 100, 100, 100, 2500, 2500, 2500, 2500, 2500, 2500, 
2500, 2500, 2500, 2500, 2500, 65776.02, 84258.997, 102984.589, 
130946.447, 159124.782, 178629.27, 228538.667, 219398.133, 247512.811, 
288530.076, 249683.59, 1, 1, 1, 1, 1, 1, 1, 1, 1, 1, 1, 0.01754, 
0.01754, 0.01754, 0.01754, 0.01754, 0.01754, 0.01754, 0.01754, 
0.01754, 0.01754, 0.01754, 0, 0, 0, 0, 0, 0, 0, 0, 0, 0, 0, 0, 
0, 0, 0, 0, 0, 0, 0, 0, 0, 0, 0.91687, 0.9188, 0.91883, 0.92249, 
0.92292, 0.92616, 0.92748, 0.92868, 0.92575, 0.93016, 0.92755, 
0.91735, 0.91879, 0.92279, 0.92249, 0.92429, 0.92489, 0.92599, 
0.92728, 0.9247, 0.93016, 0.92803, 1.3427, 1.6805, 2.1622, 2.4675, 
2.7275, 3.1958, 3.9493, 4.3059, 3.8163, 4.2301, 4.4977, 632.5, 
666.5, 722.3, 760.9, 802.2, 838.3, 877.3, 915.4, 959.1, 996.1, 
1035.8, 1, 1, 1, 1, 1, 1, 1, 1, 1, 1, 1, 1, 1, 1, 1, 1, 1, 1, 
1, 1, 1, 1, 1, 1, 1, 1, 1, 1, 1, 1, 1, 1, 1, 1, 1, 1, 1, 1, 1, 
1, 1, 1, 1, 1, 17.448, 20.878, 25.992, 29.536, 32.398, 37.141, 
45.676, 50.031, 43.635, 47.928, 50.802), .Dim = c(11L, 40L), .Dimnames = list(
    NULL, c("Sampling", "PSO.cost", "PSO.gamma", "PSO.data.balancing", 
    "PSO.feature.selection", "PSO.valid.acc", "PSO.test.acc", 
    "PSO.train.time", "PSO.n.support.vectors", "PSO.index", "PSO.n.solutions", 
    "PSO.generations", "PSO.n.evaluations", "PSO.cpu.time", "RS.cost", 
    "RS.gamma", "RS.data.balancing", "RS.feature.selection", 
    "RS.valid.acc", "RS.test.acc", "RS.train.time", "RS.n.support.vectors", 
    "RS.index", "RS.n.solutions", "RS.generations", "RS.n.evaluations", 
    "RS.cpu.time", "DF.cost", "DF.gamma", "DF.data.balancing", 
    "DF.feature.selection", "DF.valid.acc", "DF.test.acc", "DF.train.time", 
    "DF.n.support.vectors", "DF.index", "DF.n.solutions", "DF.generations", 
    "DF.n.evaluations", "DF.cpu.time")))
