full <-
structure(c(50, 55, 60, 65, 70, 75, 80, 85, 90, 95, 100, 5.21586, 
8.13754, 7.88526, 3.53119, 12.96844, 6.26605, 15, 4.99792, 14.95844, 
5.89391, 14.84179, -7.09114, -9.21701, -11.83621, -6.18958, -13.61446, 
-7.96021, -12.45819, -7.53712, -12.91645, -7.9859, -13.55231, 
0, 0, 0, 0, 0, 0, 0, 0, 0, 0, 0, 0, 0, 0, 0, 0, 0, 0, 0, 0, 0, 
0, 0.9297, 0.93303, 0.93228, 0.93638, 0.93006, 0.93184, 0.93402, 
0.93203, 0.93367, 0.93567, 0.93634, 0.92448, 0.92914, 0.9303, 
0.93199, 0.92632, 0.92899, 0.92867, 0.92895, 0.93182, 0.93066, 
0.93207, 0.9441, 1.4053, 1.5192, 1.932, 2.2612, 2.3144, 5.7094, 
2.877, 6.1735, 3.7132, 6.8401, 372.3, 363.9, 441.3, 556.2, 456.8, 
503.6, 470.2, 576.2, 544.9, 621.9, 624.1, 917, 1668, 537, 1125, 
2359, 744, 951, 1606, 1858, 2283, 535, 55, 14, 16, 150, 2, 105, 
4, 14, 1, 3, 18, 100, 100, 100, 100, 100, 100, 100, 100, 100, 
100, 100, 2500, 2500, 2500, 2500, 2500, 2500, 2500, 2500, 2500, 
2500, 2500, 45480.73, 50557.896, 51638.197, 62203.857, 71513.6599999999, 
88853.943, 138883.399, 117736.879, 156813.716, 125689.577, 177891.524, 
4.30497, 9.35355, 8.13304, 3.30413, 11.17835, 4.75529, 7.48701, 
13.16392, 5.66467, 6.30589, 14.84493, -6.47564, -10.00442, -9.04332, 
-5.97651, -12.33413, -6.99269, -10.33231, -11.79812, -9.67672, 
-8.16063, -14.53192, 0, 0, 0, 0, 0, 0, 0, 0, 0, 0, 0, 0, 0, 0, 
0, 0, 0, 0, 0, 0, 0, 0, 0.93018, 0.93131, 0.93148, 0.93528, 0.93005, 
0.93089, 0.93284, 0.93174, 0.93262, 0.93517, 0.93634, 0.92448, 
0.92913, 0.9299, 0.93162, 0.92496, 0.92899, 0.92957, 0.92895, 
0.92892, 0.93066, 0.93349, 0.997, 1.3997, 1.5509, 2.0116, 2.1668, 
2.7516, 2.7329, 4.6083, 3.2206, 3.5234, 5.4323, 420.6, 359, 390.2, 
585.1, 461.1, 535.4, 538.6, 515.6, 644.6, 614.4, 639.2, 644, 
2431, 1669, 2500, 389, 1477, 383, 1348, 1806, 424, 1728, 2, 1, 
1, 1, 1, 1, 4, 1, 1, 1, 1, 100, 100, 100, 100, 100, 100, 100, 
100, 100, 100, 100, 2500, 2500, 2500, 2500, 2500, 2500, 2500, 
2500, 2500, 2500, 2500, 64251.534, 92962.14, 113462.533, 137912.892, 
150066.477, 208972.888, 221414.136, 256683.117, 270861.222, 311973.901, 
329731.44, 1, 1, 1, 1, 1, 1, 1, 1, 1, 1, 1, 0.01754, 0.01754, 
0.01754, 0.01754, 0.01754, 0.01754, 0.01754, 0.01754, 0.01754, 
0.01754, 0.01754, 0, 0, 0, 0, 0, 0, 0, 0, 0, 0, 0, 0, 0, 0, 0, 
0, 0, 0, 0, 0, 0, 0, 0.92304, 0.91965, 0.92397, 0.92504, 0.92665, 
0.92391, 0.93047, 0.92644, 0.92575, 0.92841, 0.92921, 0.92209, 
0.92137, 0.92595, 0.92467, 0.92563, 0.92423, 0.92957, 0.92644, 
0.92575, 0.92892, 0.9266, 1.3119, 1.8397, 2.1543, 2.4688, 2.7832, 
4.0215, 4.0089, 4.3817, 4.7431, 5.5554, 5.3834, 614, 656.2, 699.3, 
743, 789.6, 840.4, 874.5, 907, 962, 1000.9, 1034.5, 1, 1, 1, 
1, 1, 1, 1, 1, 1, 1, 1, 1, 1, 1, 1, 1, 1, 1, 1, 1, 1, 1, 1, 1, 
1, 1, 1, 1, 1, 1, 1, 1, 1, 1, 1, 1, 1, 1, 1, 1, 1, 1, 1, 1, 17.11, 
22.657, 25.827, 29.577, 32.917, 46.757, 46.428, 50.973, 54.432, 
62.972, 60.862), .Dim = c(11L, 40L), .Dimnames = list(NULL, c("Sampling", 
"PSO.cost", "PSO.gamma", "PSO.data.balancing", "PSO.feature.selection", 
"PSO.valid.acc", "PSO.test.acc", "PSO.train.time", "PSO.n.support.vectors", 
"PSO.index", "PSO.n.solutions", "PSO.generations", "PSO.n.evaluations", 
"PSO.cpu.time", "RS.cost", "RS.gamma", "RS.data.balancing", "RS.feature.selection", 
"RS.valid.acc", "RS.test.acc", "RS.train.time", "RS.n.support.vectors", 
"RS.index", "RS.n.solutions", "RS.generations", "RS.n.evaluations", 
"RS.cpu.time", "DF.cost", "DF.gamma", "DF.data.balancing", "DF.feature.selection", 
"DF.valid.acc", "DF.test.acc", "DF.train.time", "DF.n.support.vectors", 
"DF.index", "DF.n.solutions", "DF.generations", "DF.n.evaluations", 
"DF.cpu.time")))
