full <-
structure(c(50, 55, 60, 65, 70, 75, 80, 85, 90, 95, 100, 4.17731, 
5.19038, 14.95348, 12.06552, 15, 6.02265, 15, 11.32188, 15, 15, 
6.66178, -8.70106, -8.41734, -12.67631, -11.77715, -12.3974, 
-7.48781, -13.50931, -11.25651, -14.93604, -13.3755, -9.84072, 
0, 0, 0, 0, 0, 0, 0, 0, 0, 0, 0, 0, 0, 0, 0, 0, 0, 0, 0, 0, 0, 
0, 0.93494, 0.93737, 0.93941, 0.9415, 0.94194, 0.94104, 0.93908, 
0.9351, 0.93447, 0.93667, 0.93587, 0.93161, 0.93218, 0.93782, 
0.93968, 0.93854, 0.93755, 0.93374, 0.93286, 0.93183, 0.93342, 
0.93207, 0.9377, 1.14, 2.7179, 2.0886, 3.7114, 1.9917, 3.7621, 
3.0696, 4.0731, 5.5229, 3.6036, 378.3, 376.1, 333.5, 374.5, 386.1, 
463.1, 470.4, 518.5, 576.4, 583.3, 684.7, 584, 719, 1352, 2169, 
2242, 1061, 1608, 737, 224, 1395, 153, 233, 140, 24, 2, 1, 25, 
12, 88, 2, 1, 209, 100, 100, 100, 100, 100, 100, 100, 100, 100, 
100, 100, 2500, 2500, 2500, 2500, 2500, 2500, 2500, 2500, 2500, 
2500, 2500, 34611.123, 39765.296, 63557.139, 64402.889, 84522.017, 
66937.1459999999, 101852.358, 97543.0889999999, 113423.548, 141517.173, 
114124.906, 9.92413, 5.59261, 14.71366, 12.6483, 12.92855, 6.78252, 
14.37722, 10.80559, 14.34719, 14.31997, 7.07642, -12.37343, -8.64099, 
-12.59765, -12.20623, -11.27825, -7.8288, -13.28065, -11.00154, 
-14.5928, -12.98382, -9.9333, 0, 0, 0, 0, 0, 0, 0, 0, 0, 0, 0, 
0, 0, 0, 0, 0, 0, 0, 0, 0, 0, 0, 0.93351, 0.93651, 0.93901, 0.94113, 
0.94092, 0.94041, 0.93819, 0.93482, 0.93342, 0.93517, 0.93563, 
0.93113, 0.93348, 0.93743, 0.93931, 0.93753, 0.93629, 0.93374, 
0.93342, 0.9321, 0.93417, 0.93349, 0.9037, 1.1119, 2.5131, 2.0665, 
2.6827, 1.9287, 3.6258, 3.0678, 3.7912, 5.2292, 3.4793, 324.7, 
370.1, 332.2, 374.1, 389, 451.4, 473.6, 520, 579.4, 583.6, 675.3, 
939, 322, 2177, 571, 1538, 1781, 977, 1585, 125, 430, 2306, 1, 
1, 1, 1, 4, 1, 1, 2, 1, 1, 1, 100, 100, 100, 100, 100, 100, 100, 
100, 100, 100, 100, 2500, 2500, 2500, 2500, 2500, 2500, 2500, 
2500, 2500, 2500, 2500, 68460.624, 86544.926, 105732.358, 131273.696, 
132906.226, 157031.075, 180853.34, 197857.94, 208708.864, 243094.81, 
249547.205, 1, 1, 1, 1, 1, 1, 1, 1, 1, 1, 1, 0.01754, 0.01754, 
0.01754, 0.01754, 0.01754, 0.01754, 0.01754, 0.01754, 0.01754, 
0.01754, 0.01754, 0, 0, 0, 0, 0, 0, 0, 0, 0, 0, 0, 0, 0, 0, 0, 
0, 0, 0, 0, 0, 0, 0, 0.92449, 0.92614, 0.93068, 0.92833, 0.93107, 
0.93248, 0.93224, 0.9295, 0.92761, 0.92816, 0.92922, 0.92734, 
0.92699, 0.92949, 0.93162, 0.92903, 0.93248, 0.93165, 0.93034, 
0.92655, 0.92741, 0.92708, 1.3727, 1.6231, 2.0367, 2.2598, 2.3178, 
2.8904, 3.3909, 3.6703, 3.8562, 4.395, 4.5266, 582.5, 628.7, 
667.5, 714.6, 746.7, 793.8, 849.6, 900.6, 952.9, 994.1, 1037.4, 
1, 1, 1, 1, 1, 1, 1, 1, 1, 1, 1, 1, 1, 1, 1, 1, 1, 1, 1, 1, 1, 
1, 1, 1, 1, 1, 1, 1, 1, 1, 1, 1, 1, 1, 1, 1, 1, 1, 1, 1, 1, 1, 
1, 1, 17.762, 20.323, 24.751, 27.061, 27.639, 33.823, 39.139, 
42.36, 43.952, 49.863, 50.993), .Dim = c(11L, 40L), .Dimnames = list(
    NULL, c("Sampling", "PSO.cost", "PSO.gamma", "PSO.data.balancing", 
    "PSO.feature.selection", "PSO.valid.acc", "PSO.test.acc", 
    "PSO.train.time", "PSO.n.support.vectors", "PSO.index", "PSO.n.solutions", 
    "PSO.generations", "PSO.n.evaluations", "PSO.cpu.time", "RS.cost", 
    "RS.gamma", "RS.data.balancing", "RS.feature.selection", 
    "RS.valid.acc", "RS.test.acc", "RS.train.time", "RS.n.support.vectors", 
    "RS.index", "RS.n.solutions", "RS.generations", "RS.n.evaluations", 
    "RS.cpu.time", "DF.cost", "DF.gamma", "DF.data.balancing", 
    "DF.feature.selection", "DF.valid.acc", "DF.test.acc", "DF.train.time", 
    "DF.n.support.vectors", "DF.index", "DF.n.solutions", "DF.generations", 
    "DF.n.evaluations", "DF.cpu.time")))
