full <-
structure(c(50, 55, 60, 65, 70, 75, 80, 85, 90, 95, 100, 13.48918, 
14.90597, 15, 14.66142, 15, 14.91603, 5.65085, 5.64915, 4.75473, 
15, 15, -12.05271, -12.41439, -12.1194, -11.88386, -13.4369, 
-13.34882, -10.34787, -8.08739, -7.50674, -14.72835, -13.15307, 
0, 0, 0, 0, 0, 0, 0, 0, 0, 0, 0, 0, 0, 0, 0, 0, 0, 0, 0, 0, 0, 
0, 0.93017, 0.93132, 0.93028, 0.93236, 0.93106, 0.93311, 0.93134, 
0.93595, 0.93394, 0.93391, 0.93515, 0.92446, 0.92787, 0.92752, 
0.9287, 0.92902, 0.93121, 0.92926, 0.93428, 0.93315, 0.93065, 
0.93516, 1.4703, 2.3131, 3.5665, 4.0715, 3.5804, 4.2499, 2.9011, 
2.7824, 3.2993, 5.2255, 6.6031, 323.4, 345.3, 376.4, 409.5, 444.8, 
479.3, 619.6, 565.3, 617, 607.1, 609.3, 1231, 1020, 1123, 2060, 
1518, 2011, 885, 1001, 1494, 860, 1104, 18, 23, 3, 3, 3, 2, 63, 
196, 51, 4, 1, 100, 100, 100, 100, 100, 100, 100, 100, 100, 100, 
100, 2500, 2500, 2500, 2500, 2500, 2500, 2500, 2500, 2500, 2500, 
2500, 40303.583, 60439.261, 78824.794, 101370.32, 92220.1, 113377.801, 
104902.718, 90507.7039999999, 106993.437, 151558.902, 162083.298, 
11.89578, 14.50486, 13.80206, 13.00219, 4.56411, 13.62307, 6.04046, 
5.48616, 4.77536, 4.27164, 14.74543, -11.25213, -12.3169, -11.08696, 
-11.12988, -7.24267, -12.7664, -8.30744, -8.00657, -7.51153, 
-7.39613, -13.95863, 0, 0, 0, 0, 0, 0, 0, 0, 0, 0, 0, 0, 0, 0, 
0, 0, 0, 0, 0, 0, 0, 0, 0.92921, 0.93046, 0.92989, 0.93126, 0.93004, 
0.93216, 0.93104, 0.93567, 0.93394, 0.93341, 0.93373, 0.92352, 
0.92787, 0.92831, 0.92907, 0.92902, 0.92995, 0.92688, 0.93428, 
0.93288, 0.93316, 0.93373, 1.2511, 2.1253, 3.0055, 3.0158, 1.7715, 
3.6354, 2.5637, 3.0612, 2.9874, 3.3, 5.4431, 328.5, 346.4, 377.9, 
413.5, 521.5, 482.7, 551.5, 567.9, 617.1, 666.1, 631, 30, 1909, 
551, 239, 1216, 38, 1822, 1770, 2380, 1560, 1750, 3, 1, 1, 1, 
1, 2, 1, 1, 1, 3, 1, 100, 100, 100, 100, 100, 100, 100, 100, 
100, 100, 100, 2500, 2500, 2500, 2500, 2500, 2500, 2500, 2500, 
2500, 2500, 2500, 65401.254, 84914.952, 121977.786, 138994.052, 
155843.053, 187044.759, 209428.509, 245657.344, 263282.327, 255085.976, 
256598.709, 1, 1, 1, 1, 1, 1, 1, 1, 1, 1, 1, 0.01754, 0.01754, 
0.01754, 0.01754, 0.01754, 0.01754, 0.01754, 0.01754, 0.01754, 
0.01754, 0.01754, 0, 0, 0, 0, 0, 0, 0, 0, 0, 0, 0, 0, 0, 0, 0, 
0, 0, 0, 0, 0, 0, 0, 0.91735, 0.92009, 0.92116, 0.91919, 0.92359, 
0.92107, 0.926, 0.92896, 0.92706, 0.93066, 0.9266, 0.91592, 0.92137, 
0.91998, 0.92248, 0.92359, 0.92488, 0.92481, 0.92672, 0.92944, 
0.9279, 0.92779, 1.347, 1.6759, 2.2131, 2.5307, 2.8741, 3.5355, 
3.3949, 3.9926, 4.4002, 4.5947, 4.7846, 624.1, 665.5, 716.2, 
770.3, 808, 846.1, 877.1, 907.8, 956, 995.8, 1038.3, 1, 1, 1, 
1, 1, 1, 1, 1, 1, 1, 1, 1, 1, 1, 1, 1, 1, 1, 1, 1, 1, 1, 1, 1, 
1, 1, 1, 1, 1, 1, 1, 1, 1, 1, 1, 1, 1, 1, 1, 1, 1, 1, 1, 1, 17.133, 
20.802, 27.264, 30.701, 34.287, 41.317, 39.907, 46.366, 50.59, 
52.485, 54.526), .Dim = c(11L, 40L), .Dimnames = list(NULL, c("Sampling", 
"PSO.cost", "PSO.gamma", "PSO.data.balancing", "PSO.feature.selection", 
"PSO.valid.acc", "PSO.test.acc", "PSO.train.time", "PSO.n.support.vectors", 
"PSO.index", "PSO.n.solutions", "PSO.generations", "PSO.n.evaluations", 
"PSO.cpu.time", "RS.cost", "RS.gamma", "RS.data.balancing", "RS.feature.selection", 
"RS.valid.acc", "RS.test.acc", "RS.train.time", "RS.n.support.vectors", 
"RS.index", "RS.n.solutions", "RS.generations", "RS.n.evaluations", 
"RS.cpu.time", "DF.cost", "DF.gamma", "DF.data.balancing", "DF.feature.selection", 
"DF.valid.acc", "DF.test.acc", "DF.train.time", "DF.n.support.vectors", 
"DF.index", "DF.n.solutions", "DF.generations", "DF.n.evaluations", 
"DF.cpu.time")))
