full <-
structure(c(50, 55, 60, 65, 70, 75, 80, 85, 90, 95, 100, 7.46472, 
15, 3.20531, 14.98842, 15, 6.3198, 14.99691, 3.99497, 14.94795, 
14.95238, 14.59741, -10.87799, -14.38363, -8.33031, -14.95655, 
-12.53661, -10.28771, -12.87871, -8.86157, -12.85623, -13.43268, 
-12.77569, 0, 0, 0, 0, 0, 0, 0, 0, 0, 0, 0, 0, 0, 0, 0, 0, 0, 
0, 0, 0, 0, 0, 0.93113, 0.93175, 0.93189, 0.9309, 0.9287, 0.93152, 
0.93253, 0.93399, 0.93422, 0.93392, 0.93515, 0.92637, 0.92787, 
0.92793, 0.9298, 0.92496, 0.92803, 0.93046, 0.93203, 0.92973, 
0.93091, 0.93254, 0.9598, 1.6463, 1.5083, 2.3376, 4.3118, 2.351, 
4.7739, 2.6771, 5.5138, 5.5554, 6.582, 353.3, 333.3, 491, 407.8, 
433.8, 544.9, 488.7, 653, 544.5, 582.4, 608.6, 1179, 438, 709, 
897, 586, 822, 2351, 1391, 1692, 2168, 1091, 234, 42, 137, 44, 
5, 71, 1, 52, 2, 6, 6, 100, 100, 100, 100, 100, 100, 100, 100, 
100, 100, 100, 2500, 2500, 2500, 2500, 2500, 2500, 2500, 2500, 
2500, 2500, 2500, 36984.725, 50114.095, 54634.113, 71822.092, 
102485.373, 81227.934, 112746.979, 84498.2400000002, 149997.836, 
147818.124, 169661.542, 7.81196, 10.0079, 2.94497, 6.00291, 14.0362, 
3.86874, 12.92593, 4.83135, 9.43484, 14.79646, 14.27907, -11.13654, 
-11.81683, -8.20637, -10.26975, -11.99502, -7.23595, -11.49748, 
-9.59782, -10.1372, -13.40327, -12.63396, 0, 0, 0, 0, 0, 0, 0, 
0, 0, 0, 0, 0, 0, 0, 0, 0, 0, 0, 0, 0, 0, 0, 0.93065, 0.93176, 
0.93149, 0.93126, 0.92836, 0.93185, 0.93135, 0.93371, 0.93316, 
0.93267, 0.93491, 0.92589, 0.92916, 0.92515, 0.92943, 0.92496, 
0.92836, 0.93194, 0.93035, 0.92999, 0.93016, 0.93254, 0.96, 1.1933, 
1.5568, 1.8641, 3.7417, 2.2765, 3.6548, 2.7122, 3.2209, 5.4907, 
6.2973, 351.1, 353.3, 499.4, 479.2, 433.5, 564, 484.6, 642.2, 
567.2, 584.2, 609.6, 121, 744, 177, 1174, 1167, 995, 461, 708, 
2175, 1713, 766, 4, 1, 2, 1, 2, 1, 2, 1, 1, 1, 1, 100, 100, 100, 
100, 100, 100, 100, 100, 100, 100, 100, 2500, 2500, 2500, 2500, 
2500, 2500, 2500, 2500, 2500, 2500, 2500, 73996.964, 87866.801, 
111460.159, 142957.609, 157013.192, 172085.214, 176221.365, 193461.09, 
220105.224, 248067.635, 264792.249, 1, 1, 1, 1, 1, 1, 1, 1, 1, 
1, 1, 0.01754, 0.01754, 0.01754, 0.01754, 0.01754, 0.01754, 0.01754, 
0.01754, 0.01754, 0.01754, 0.01754, 0, 0, 0, 0, 0, 0, 0, 0, 0, 
0, 0, 0, 0, 0, 0, 0, 0, 0, 0, 0, 0, 0, 0.9183, 0.9201, 0.92081, 
0.92394, 0.92225, 0.92361, 0.92719, 0.92504, 0.92523, 0.92641, 
0.92921, 0.9183, 0.92182, 0.92041, 0.92393, 0.92191, 0.92139, 
0.92927, 0.92391, 0.92523, 0.92566, 0.92779, 1.4057, 1.6548, 
2.2001, 2.5375, 2.95, 3.3036, 3.475, 3.6653, 4.0479, 4.1724, 
4.835, 603.3, 645.7, 707.3, 744.5, 793.9, 833.6, 873.4, 912, 
951.4, 990.1, 1033.6, 1, 1, 1, 1, 1, 1, 1, 1, 1, 1, 1, 1, 1, 
1, 1, 1, 1, 1, 1, 1, 1, 1, 1, 1, 1, 1, 1, 1, 1, 1, 1, 1, 1, 1, 
1, 1, 1, 1, 1, 1, 1, 1, 1, 1, 18.037, 20.56, 26.51, 30.22, 34.387, 
38.232, 39.991, 42.112, 46.175, 47.311, 54.263), .Dim = c(11L, 
40L), .Dimnames = list(NULL, c("Sampling", "PSO.cost", "PSO.gamma", 
"PSO.data.balancing", "PSO.feature.selection", "PSO.valid.acc", 
"PSO.test.acc", "PSO.train.time", "PSO.n.support.vectors", "PSO.index", 
"PSO.n.solutions", "PSO.generations", "PSO.n.evaluations", "PSO.cpu.time", 
"RS.cost", "RS.gamma", "RS.data.balancing", "RS.feature.selection", 
"RS.valid.acc", "RS.test.acc", "RS.train.time", "RS.n.support.vectors", 
"RS.index", "RS.n.solutions", "RS.generations", "RS.n.evaluations", 
"RS.cpu.time", "DF.cost", "DF.gamma", "DF.data.balancing", "DF.feature.selection", 
"DF.valid.acc", "DF.test.acc", "DF.train.time", "DF.n.support.vectors", 
"DF.index", "DF.n.solutions", "DF.generations", "DF.n.evaluations", 
"DF.cpu.time")))
