full <-
structure(c(50, 55, 60, 65, 70, 75, 80, 85, 90, 95, 100, 7.35901, 
11.63243, 12.72305, 14.09508, 14.91569, 14.96744, 13.26932, 15, 
6.52292, 11.59613, 14.60885, -10.92633, -11.37218, -11.20732, 
-13.80528, -13.07136, -12.75482, -12.43392, -12.50082, -8.95901, 
-10.99474, -13.09764, 0, 0, 0, 0, 0, 0, 0, 0, 0, 0, 0, 0, 0, 
0, 0, 0, 0, 0, 0, 0, 0, 0, 0.92401, 0.92658, 0.9307, 0.92836, 
0.92836, 0.93439, 0.93402, 0.93789, 0.93341, 0.93492, 0.93611, 
0.92067, 0.92355, 0.92714, 0.92434, 0.927, 0.92932, 0.93075, 
0.93454, 0.93156, 0.93217, 0.93611, 0.9476, 1.507, 2.2422, 2.5235, 
4.0626, 4.6449, 4.0126, 5.3739, 3.0578, 4.9108, 7.6181, 395, 
358.1, 376.7, 423.3, 438, 453.7, 498.6, 505.2, 598.4, 585.6, 
614.9, 1165, 2191, 2335, 956, 847, 2243, 590, 753, 738, 327, 
2368, 23, 6, 5, 6, 25, 1, 48, 1, 86, 67, 1, 100, 100, 100, 100, 
100, 100, 100, 100, 100, 100, 100, 2500, 2500, 2500, 2500, 2500, 
2500, 2500, 2500, 2500, 2500, 2500, 35387.114, 50454.621, 59349.371, 
81859.531, 108601.832, 123129.226, 110693.08, 137708.726, 118315.999, 
149270.852, 186001.775, 6.78032, 11.56048, 13.11317, 13.62157, 
12.05447, 14.80823, 10.62422, 14.06311, 11.8712, 12.098, 14.19992, 
-10.15744, -11.33262, -14.26624, -13.52124, -11.87405, -12.61192, 
-11.11128, -12.08175, -10.60871, -11.23086, -12.86652, 0, 0, 
0, 0, 0, 0, 0, 0, 0, 0, 0, 0, 0, 0, 0, 0, 0, 0, 0, 0, 0, 0, 0.92353, 
0.92615, 0.92992, 0.92763, 0.92734, 0.93343, 0.93343, 0.93705, 
0.93262, 0.93442, 0.93563, 0.91973, 0.92312, 0.92358, 0.92507, 
0.92632, 0.92869, 0.93045, 0.93426, 0.92813, 0.93217, 0.93611, 
0.978, 1.5377, 2.0523, 2.4596, 2.7141, 4.804, 3.1551, 5.2893, 
4.3585, 5.2577, 6.5463, 392, 358.1, 411.2, 426.2, 450.2, 453.3, 
511.1, 508.4, 532.3, 583.3, 615.9, 1691, 342, 1517, 1433, 2427, 
550, 890, 1118, 117, 2065, 1092, 1, 1, 1, 2, 2, 1, 3, 1, 1, 1, 
1, 100, 100, 100, 100, 100, 100, 100, 100, 100, 100, 100, 2500, 
2500, 2500, 2500, 2500, 2500, 2500, 2500, 2500, 2500, 2500, 64700.547, 
90011.186, 119129.769, 156852.938, 175571.427, 204061.015, 221719.388, 
244772.127, 257727.395, 306499.739, 328574.877, 1, 1, 1, 1, 1, 
1, 1, 1, 1, 1, 1, 0.01754, 0.01754, 0.01754, 0.01754, 0.01754, 
0.01754, 0.01754, 0.01754, 0.01754, 0.01754, 0.01754, 0, 0, 0, 
0, 0, 0, 0, 0, 0, 0, 0, 0, 0, 0, 0, 0, 0, 0, 0, 0, 0, 0, 0.91357, 
0.91966, 0.92002, 0.91922, 0.92055, 0.92045, 0.92363, 0.92419, 
0.92601, 0.92691, 0.92827, 0.91165, 0.91622, 0.9212, 0.91702, 
0.91953, 0.92171, 0.92273, 0.92363, 0.92416, 0.92641, 0.92922, 
1.4383, 1.7744, 2.4628, 2.7298, 2.9216, 3.6174, 3.7195, 3.9391, 
4.3354, 4.9662, 4.9265, 650.2, 692.6, 729.9, 767, 807, 850.7, 
884.8, 922.3, 962.9, 1005.8, 1035.6, 1, 1, 1, 1, 1, 1, 1, 1, 
1, 1, 1, 1, 1, 1, 1, 1, 1, 1, 1, 1, 1, 1, 1, 1, 1, 1, 1, 1, 1, 
1, 1, 1, 1, 1, 1, 1, 1, 1, 1, 1, 1, 1, 1, 1, 18.616, 22.007, 
30.117, 33.305, 34.962, 42.363, 43.215, 45.823, 49.9, 56.781, 
55.251), .Dim = c(11L, 40L), .Dimnames = list(NULL, c("Sampling", 
"PSO.cost", "PSO.gamma", "PSO.data.balancing", "PSO.feature.selection", 
"PSO.valid.acc", "PSO.test.acc", "PSO.train.time", "PSO.n.support.vectors", 
"PSO.index", "PSO.n.solutions", "PSO.generations", "PSO.n.evaluations", 
"PSO.cpu.time", "RS.cost", "RS.gamma", "RS.data.balancing", "RS.feature.selection", 
"RS.valid.acc", "RS.test.acc", "RS.train.time", "RS.n.support.vectors", 
"RS.index", "RS.n.solutions", "RS.generations", "RS.n.evaluations", 
"RS.cpu.time", "DF.cost", "DF.gamma", "DF.data.balancing", "DF.feature.selection", 
"DF.valid.acc", "DF.test.acc", "DF.train.time", "DF.n.support.vectors", 
"DF.index", "DF.n.solutions", "DF.generations", "DF.n.evaluations", 
"DF.cpu.time")))
