full <-
structure(c(50, 55, 60, 65, 70, 75, 80, 85, 90, 95, 100, 5.0771, 
14.98692, 6.60749, 8.75325, 3.92097, 8.21533, 13.13598, 6.32826, 
15, 7.6735, 14.28642, -7.32911, -14.70608, -9.04999, -11.02379, 
-8.51984, -10.69913, -12.67065, -7.77971, -12.62301, -8.89246, 
-12.10537, 0, 0, 0, 0, 0, 0, 0, 0, 0, 0, 0, 0, 0, 0, 0, 0, 0, 
0, 0, 0, 0, 0, 0.93538, 0.93649, 0.93623, 0.93492, 0.9348, 0.93598, 
0.93581, 0.93538, 0.93501, 0.93617, 0.93563, 0.93109, 0.9339, 
0.92991, 0.93382, 0.93242, 0.93503, 0.93076, 0.93147, 0.93237, 
0.93441, 0.93421, 0.8968, 1.6113, 1.4522, 1.6355, 1.9108, 2.2417, 
3.3718, 2.3977, 5.8982, 3.509, 6.9165, 342.9, 324.4, 390.6, 418.4, 
520, 484.3, 488.3, 559.1, 532.9, 606.4, 592.1, 638, 339, 529, 
617, 1971, 347, 1225, 1936, 1424, 1174, 1993, 88, 13, 200, 180, 
21, 57, 48, 32, 13, 43, 2, 100, 100, 100, 100, 100, 100, 100, 
100, 100, 100, 100, 2500, 2500, 2500, 2500, 2500, 2500, 2500, 
2500, 2500, 2500, 2500, 35611.655, 53569.69, 48338.506, 57213.14, 
79025.61, 91652.566, 98683.906, 88014.0220000001, 120045.916, 
112516.218, 180506.906, 6.13013, 14.85388, 7.35839, 8.03865, 
4.57258, 14.89116, 13.21435, 6.5609, 4.89957, 7.77852, 12.75006, 
-7.96954, -14.87585, -9.51983, -10.4322, -8.52549, -13.369, -12.79168, 
-8.03999, -7.44685, -8.91495, -10.93113, 0, 0, 0, 0, 0, 0, 0, 
0, 0, 0, 0, 0, 0, 0, 0, 0, 0, 0, 0, 0, 0, 0, 0.9349, 0.93606, 
0.93583, 0.93455, 0.93412, 0.93598, 0.93521, 0.93482, 0.93448, 
0.93517, 0.93516, 0.93204, 0.93348, 0.93031, 0.93382, 0.9331, 
0.93217, 0.93076, 0.93314, 0.93263, 0.93441, 0.9323, 0.9004, 
1.6302, 1.512, 1.6047, 1.8511, 3.7292, 3.2567, 2.3552, 2.724, 
3.4155, 5.8131, 325.1, 325.8, 384, 420.1, 494.5, 443.7, 488.8, 
555.5, 611.1, 604.3, 588, 1516, 265, 1537, 1244, 797, 1184, 1464, 
139, 438, 372, 1312, 1, 1, 1, 9, 2, 1, 2, 4, 1, 1, 1, 100, 100, 
100, 100, 100, 100, 100, 100, 100, 100, 100, 2500, 2500, 2500, 
2500, 2500, 2500, 2500, 2500, 2500, 2500, 2500, 69419.195, 95728.157, 
112545.607, 123957.248, 147671.685, 175076.584, 180354.75, 178820.983, 
212217.677, 233432.229, 256891.401, 1, 1, 1, 1, 1, 1, 1, 1, 1, 
1, 1, 0.01754, 0.01754, 0.01754, 0.01754, 0.01754, 0.01754, 0.01754, 
0.01754, 0.01754, 0.01754, 0.01754, 0, 0, 0, 0, 0, 0, 0, 0, 0, 
0, 0, 0, 0, 0, 0, 0, 0, 0, 0, 0, 0, 0, 0.9254, 0.92959, 0.92674, 
0.93016, 0.92971, 0.92837, 0.92808, 0.92783, 0.9284, 0.92715, 
0.92803, 0.92683, 0.93088, 0.92793, 0.93089, 0.92903, 0.929, 
0.92809, 0.92839, 0.9284, 0.9274, 0.92685, 1.3113, 1.7003, 2.1609, 
2.2255, 2.6295, 3.0424, 3.2895, 3.3307, 3.7574, 4.2416, 4.8609, 
578.5, 630, 675.8, 724.1, 770.1, 807.3, 862.2, 903.8, 943.3, 
998.1, 1037, 1, 1, 1, 1, 1, 1, 1, 1, 1, 1, 1, 1, 1, 1, 1, 1, 
1, 1, 1, 1, 1, 1, 1, 1, 1, 1, 1, 1, 1, 1, 1, 1, 1, 1, 1, 1, 1, 
1, 1, 1, 1, 1, 1, 1, 17.046, 21.264, 26.216, 26.819, 31.124, 
35.339, 37.865, 38.34, 43.091, 48.004, 54.719), .Dim = c(11L, 
40L), .Dimnames = list(NULL, c("Sampling", "PSO.cost", "PSO.gamma", 
"PSO.data.balancing", "PSO.feature.selection", "PSO.valid.acc", 
"PSO.test.acc", "PSO.train.time", "PSO.n.support.vectors", "PSO.index", 
"PSO.n.solutions", "PSO.generations", "PSO.n.evaluations", "PSO.cpu.time", 
"RS.cost", "RS.gamma", "RS.data.balancing", "RS.feature.selection", 
"RS.valid.acc", "RS.test.acc", "RS.train.time", "RS.n.support.vectors", 
"RS.index", "RS.n.solutions", "RS.generations", "RS.n.evaluations", 
"RS.cpu.time", "DF.cost", "DF.gamma", "DF.data.balancing", "DF.feature.selection", 
"DF.valid.acc", "DF.test.acc", "DF.train.time", "DF.n.support.vectors", 
"DF.index", "DF.n.solutions", "DF.generations", "DF.n.evaluations", 
"DF.cpu.time")))
