full <-
structure(c(50, 55, 60, 65, 70, 75, 80, 85, 90, 95, 100, 8.52538, 
7.72955, 7.18977, 14.96675, 14.65209, 14.90846, 13.68423, 14.36322, 
15, 10.75335, 14.90034, -10.18106, -10.42001, -9.29253, -13.79832, 
-13.33415, -12.4518, -12.48152, -12.13761, -12.66574, -10.65247, 
-13.32706, 0, 0, 0, 0, 0, 0, 0, 0, 0, 0, 0, 0, 0, 0, 0, 0, 0, 
0, 0, 0, 0, 0, 0.93018, 0.93434, 0.93308, 0.93565, 0.93618, 0.93503, 
0.93492, 0.93735, 0.93475, 0.93542, 0.9342, 0.92448, 0.92916, 
0.9319, 0.93309, 0.93074, 0.93281, 0.93462, 0.93734, 0.93237, 
0.93292, 0.93515, 1.0173, 1.3014, 1.4854, 2.7853, 3.357, 5.0845, 
4.0937, 5.4988, 6.489, 4.1152, 6.6356, 347.8, 386.9, 409.6, 402.6, 
433.6, 460.2, 501.9, 511.4, 544.2, 590.1, 617.5, 301, 1960, 900, 
1378, 697, 1511, 610, 1811, 1147, 1182, 2464, 142, 3, 152, 2, 
6, 3, 50, 4, 1, 60, 7, 100, 100, 100, 100, 100, 100, 100, 100, 
100, 100, 100, 2500, 2500, 2500, 2500, 2500, 2500, 2500, 2500, 
2500, 2500, 2500, 41230.33, 50476.452, 52549.52, 79007.775, 93222.095, 
124894.606, 120890.348, 139374.743, 136260.491, 127006.163, 172914.779, 
9.93947, 7.26304, 5.60055, 13.4254, 14.09334, 12.67825, 14.24674, 
14.60997, 7.17532, 10.15616, 13.55571, -10.83186, -10.12054, 
-9.40466, -12.49086, -13.1727, -11.47549, -12.74759, -12.40783, 
-9.13446, -10.3346, -12.84733, 0, 0, 0, 0, 0, 0, 0, 0, 0, 0, 
0, 0, 0, 0, 0, 0, 0, 0, 0, 0, 0, 0, 0.9297, 0.9339, 0.93308, 
0.93492, 0.9355, 0.93376, 0.93462, 0.93651, 0.93448, 0.93492, 
0.93349, 0.92733, 0.93003, 0.9311, 0.93273, 0.93142, 0.9325, 
0.93402, 0.93763, 0.93184, 0.93242, 0.93397, 1.1372, 1.1931, 
1.4806, 2.4675, 3.038, 3.7284, 4.1458, 5.4333, 2.93, 3.6591, 
5.3927, 340.8, 390.5, 447.8, 403.3, 434.2, 466.2, 500.3, 513.9, 
591.4, 593.4, 624.5, 874, 1356, 24, 973, 1055, 1700, 2187, 1381, 
1282, 2226, 320, 3, 2, 2, 2, 1, 1, 1, 1, 2, 1, 2, 100, 100, 100, 
100, 100, 100, 100, 100, 100, 100, 100, 2500, 2500, 2500, 2500, 
2500, 2500, 2500, 2500, 2500, 2500, 2500, 77754.89, 88740.613, 
118096.389, 137273.929, 154749.689, 174990.307, 189603.823, 211795.9, 
233194.856, 252286.154, 271656.616, 1, 1, 1, 1, 1, 1, 1, 1, 1, 
1, 1, 0.01754, 0.01754, 0.01754, 0.01754, 0.01754, 0.01754, 0.01754, 
0.01754, 0.01754, 0.01754, 0.01754, 0, 0, 0, 0, 0, 0, 0, 0, 0, 
0, 0, 0, 0, 0, 0, 0, 0, 0, 0, 0, 0, 0, 0.91545, 0.92312, 0.92079, 
0.92469, 0.92803, 0.92552, 0.9254, 0.92672, 0.92735, 0.92616, 
0.92779, 0.91735, 0.91836, 0.9204, 0.92542, 0.92701, 0.92457, 
0.9257, 0.92784, 0.92761, 0.92716, 0.92779, 1.5018, 1.6379, 2.3086, 
2.5048, 2.6928, 3.3702, 3.5478, 3.6773, 4.3377, 4.5292, 5.1801, 
622.8, 657.4, 702.3, 739.5, 771.7, 830.4, 870.7, 911, 959.4, 
1007.8, 1031.7, 1, 1, 1, 1, 1, 1, 1, 1, 1, 1, 1, 1, 1, 1, 1, 
1, 1, 1, 1, 1, 1, 1, 1, 1, 1, 1, 1, 1, 1, 1, 1, 1, 1, 1, 1, 1, 
1, 1, 1, 1, 1, 1, 1, 1, 19.486, 20.386, 27.875, 30.145, 31.838, 
39.085, 40.844, 42.277, 49.505, 51.187, 58.153), .Dim = c(11L, 
40L), .Dimnames = list(NULL, c("Sampling", "PSO.cost", "PSO.gamma", 
"PSO.data.balancing", "PSO.feature.selection", "PSO.valid.acc", 
"PSO.test.acc", "PSO.train.time", "PSO.n.support.vectors", "PSO.index", 
"PSO.n.solutions", "PSO.generations", "PSO.n.evaluations", "PSO.cpu.time", 
"RS.cost", "RS.gamma", "RS.data.balancing", "RS.feature.selection", 
"RS.valid.acc", "RS.test.acc", "RS.train.time", "RS.n.support.vectors", 
"RS.index", "RS.n.solutions", "RS.generations", "RS.n.evaluations", 
"RS.cpu.time", "DF.cost", "DF.gamma", "DF.data.balancing", "DF.feature.selection", 
"DF.valid.acc", "DF.test.acc", "DF.train.time", "DF.n.support.vectors", 
"DF.index", "DF.n.solutions", "DF.generations", "DF.n.evaluations", 
"DF.cpu.time")))
