full <-
structure(c(50, 55, 60, 65, 70, 75, 80, 85, 90, 95, 100, 14.84094, 
9.64825, 10.82811, 13.2291, 5.89394, 13.48568, 14.80433, 14.95412, 
12.05981, 11.97434, 13.11493, -14.28644, -10.53482, -11.55876, 
-13.09602, -9.87887, -12.45724, -12.57937, -13.35478, -10.77488, 
-11.77355, -12.58518, 0, 0, 0, 0, 0, 0, 0, 0, 0, 0, 0, 0, 0, 
0, 0, 0, 0, 0, 0, 0, 0, 0, 0.9349, 0.93737, 0.93426, 0.93382, 
0.93516, 0.93535, 0.9367, 0.93538, 0.93685, 0.93517, 0.93468, 
0.933, 0.93304, 0.93109, 0.9287, 0.93346, 0.93122, 0.93254, 0.93342, 
0.93342, 0.93067, 0.93444, 1.3208, 1.8462, 2.2435, 3.0417, 2.6294, 
4.3753, 5.0632, 5.5566, 5.0989, 5.3861, 5.033, 311.6, 347.9, 
391.3, 417.3, 517.9, 463.9, 489.8, 526.4, 535.9, 594.2, 624.6, 
2107, 1174, 371, 2308, 1908, 1269, 1066, 1870, 522, 314, 1008, 
4, 36, 125, 1, 7, 10, 6, 1, 39, 64, 8, 100, 100, 100, 100, 100, 
100, 100, 100, 100, 100, 100, 2500, 2500, 2500, 2500, 2500, 2500, 
2500, 2500, 2500, 2500, 2500, 43981.567, 72424.026, 76070.891, 
88978.4889999999, 88723.191, 127629.791, 121888.652, 151648.665, 
128286.9, 160973.039, 144915.025, 7.96571, 9.39781, 10.61145, 
12.64886, 14.36896, 13.56673, 14.93966, 14.38834, 10.87225, 11.38338, 
5.77997, -9.75206, -10.37629, -11.51711, -12.6282, -13.2777, 
-12.4328, -12.68387, -13.81454, -10.19001, -11.43382, -9.30561, 
0, 0, 0, 0, 0, 0, 0, 0, 0, 0, 0, 0, 0, 0, 0, 0, 0, 0, 0, 0, 0, 
0, 0.93442, 0.93694, 0.93346, 0.93345, 0.93481, 0.9344, 0.93611, 
0.93398, 0.93659, 0.93467, 0.93396, 0.93394, 0.93261, 0.93069, 
0.92907, 0.93278, 0.93154, 0.93314, 0.9309, 0.93395, 0.93117, 
0.93325, 0.9757, 1.8448, 2.2728, 2.7573, 3.5268, 3.4869, 5.0916, 
4.7967, 3.74, 4.1897, 3.6547, 332.4, 348.7, 393, 419, 446.2, 
463.5, 490, 540.7, 540.7, 595.9, 693.3, 1324, 1100, 2105, 642, 
2211, 506, 1480, 102, 1064, 1709, 473, 1, 4, 1, 1, 1, 1, 1, 2, 
1, 2, 3, 100, 100, 100, 100, 100, 100, 100, 100, 100, 100, 100, 
2500, 2500, 2500, 2500, 2500, 2500, 2500, 2500, 2500, 2500, 2500, 
70510.984, 151760.243, 180479.441, 169537.163, 213388.673, 177101.412, 
203108.947, 241420.316, 273256.26, 297561.958, 274280.058, 1, 
1, 1, 1, 1, 1, 1, 1, 1, 1, 1, 0.01754, 0.01754, 0.01754, 0.01754, 
0.01754, 0.01754, 0.01754, 0.01754, 0.01754, 0.01754, 0.01754, 
0, 0, 0, 0, 0, 0, 0, 0, 0, 0, 0, 0, 0, 0, 0, 0, 0, 0, 0, 0, 0, 
0, 0.92158, 0.92656, 0.92434, 0.91919, 0.9287, 0.9233, 0.92541, 
0.92559, 0.92787, 0.92716, 0.92731, 0.92158, 0.92354, 0.92396, 
0.92248, 0.92632, 0.92044, 0.9266, 0.92558, 0.92787, 0.92741, 
0.92969, 1.3578, 2.2912, 2.8481, 2.3623, 3.5312, 3.093, 5.0263, 
3.9105, 5.254, 4.7563, 5.2004, 612.8, 652.8, 715.5, 750.2, 795.9, 
833.6, 882.8, 921.3, 955.4, 992, 1036.7, 1, 1, 1, 1, 1, 1, 1, 
1, 1, 1, 1, 1, 1, 1, 1, 1, 1, 1, 1, 1, 1, 1, 1, 1, 1, 1, 1, 1, 
1, 1, 1, 1, 1, 1, 1, 1, 1, 1, 1, 1, 1, 1, 1, 1, 17.737, 29.119, 
35.129, 28.507, 42.42, 36.044, 58.608, 45.541, 60.275, 53.86, 
58.347), .Dim = c(11L, 40L), .Dimnames = list(NULL, c("Sampling", 
"PSO.cost", "PSO.gamma", "PSO.data.balancing", "PSO.feature.selection", 
"PSO.valid.acc", "PSO.test.acc", "PSO.train.time", "PSO.n.support.vectors", 
"PSO.index", "PSO.n.solutions", "PSO.generations", "PSO.n.evaluations", 
"PSO.cpu.time", "RS.cost", "RS.gamma", "RS.data.balancing", "RS.feature.selection", 
"RS.valid.acc", "RS.test.acc", "RS.train.time", "RS.n.support.vectors", 
"RS.index", "RS.n.solutions", "RS.generations", "RS.n.evaluations", 
"RS.cpu.time", "DF.cost", "DF.gamma", "DF.data.balancing", "DF.feature.selection", 
"DF.valid.acc", "DF.test.acc", "DF.train.time", "DF.n.support.vectors", 
"DF.index", "DF.n.solutions", "DF.generations", "DF.n.evaluations", 
"DF.cpu.time")))
