full <-
structure(c(50, 55, 60, 65, 70, 75, 80, 85, 90, 95, 100, 10.73242, 
14.76357, 13.38319, 6.85376, 13.45013, 6.91525, 9.57571, 14.86211, 
15, 12.55034, 14.99299, -10.02934, -12.63833, -12.38438, -8.6564, 
-12.0861, -8.10121, -9.9897, -13.11681, -12.52977, -11.6878, 
-12.77691, 0, 0, 0, 0, 0, 0, 0, 0, 0, 0, 0, 0, 0, 0, 0, 0, 0, 
0, 0, 0, 0, 0, 0.92637, 0.92874, 0.93227, 0.93162, 0.93378, 0.93629, 
0.93611, 0.93371, 0.93288, 0.93743, 0.93705, 0.92161, 0.92529, 
0.92831, 0.93162, 0.9314, 0.92963, 0.93343, 0.93287, 0.93157, 
0.93192, 0.93373, 1.3206, 2.3471, 2.2678, 1.7528, 2.9961, 2.0496, 
2.7753, 4.8105, 6.2066, 4.5676, 7.1825, 337.8, 353.5, 381.8, 
437, 431.8, 489.7, 499.8, 532, 541.1, 581.2, 598, 1175, 1092, 
774, 1750, 706, 909, 680, 1533, 1718, 198, 2483, 68, 8, 55, 23, 
69, 68, 20, 2, 2, 27, 1, 100, 100, 100, 100, 100, 100, 100, 100, 
100, 100, 100, 2500, 2500, 2500, 2500, 2500, 2500, 2500, 2500, 
2500, 2500, 2500, 45195.326, 61955.96, 66766.674, 60785.143, 
84426.7610000001, 70984.2220000001, 83781.1309999998, 134008.447, 
115857.306, 123691.204, 187684.948, 10.53911, 12.01419, 14.87342, 
8.85945, 14.91538, 6.13419, 9.16017, 11.8032, 12.14576, 9.67823, 
13.69716, -9.99047, -11.52826, -13.16786, -9.58431, -12.8539, 
-7.63296, -9.75467, -10.73352, -10.99232, -10.22353, -12.18778, 
0, 0, 0, 0, 0, 0, 0, 0, 0, 0, 0, 0, 0, 0, 0, 0, 0, 0, 0, 0, 0, 
0, 0.92589, 0.92788, 0.93187, 0.93126, 0.93344, 0.93534, 0.93522, 
0.93315, 0.93209, 0.93718, 0.93587, 0.92161, 0.92485, 0.92949, 
0.93126, 0.93344, 0.93058, 0.93373, 0.92979, 0.92998, 0.93142, 
0.93397, 1.2501, 1.7488, 2.517, 1.8153, 3.2824, 2.0876, 2.7941, 
3.469, 4.2099, 3.6036, 5.8846, 337.4, 364.3, 379.2, 417.6, 429.7, 
501.9, 502.7, 522.4, 547.2, 592.4, 602.5, 2344, 1211, 212, 588, 
1965, 1357, 2020, 1961, 2183, 976, 881, 1, 4, 4, 2, 2, 1, 1, 
1, 2, 2, 1, 100, 100, 100, 100, 100, 100, 100, 100, 100, 100, 
100, 2500, 2500, 2500, 2500, 2500, 2500, 2500, 2500, 2500, 2500, 
2500, 69721.408, 94882.966, 105698.534, 138315.451, 130637.433, 
158638.457, 182934.238, 188064.726, 223517.294, 244560.849, 261801.176, 
1, 1, 1, 1, 1, 1, 1, 1, 1, 1, 1, 0.01754, 0.01754, 0.01754, 0.01754, 
0.01754, 0.01754, 0.01754, 0.01754, 0.01754, 0.01754, 0.01754, 
0, 0, 0, 0, 0, 0, 0, 0, 0, 0, 0, 0, 0, 0, 0, 0, 0, 0, 0, 0, 0, 
0, 0.91545, 0.91795, 0.91959, 0.92286, 0.92189, 0.92329, 0.92631, 
0.92391, 0.92496, 0.92767, 0.92827, 0.9164, 0.91666, 0.92078, 
0.92176, 0.92461, 0.92361, 0.92571, 0.92559, 0.92734, 0.92667, 
0.92969, 1.4379, 1.8474, 2.1964, 2.4648, 2.5282, 3.4368, 3.5656, 
3.4025, 4.1442, 4.4726, 4.8544, 638.8, 683.8, 717.3, 759.6, 789.9, 
836.8, 875.1, 923.5, 963.9, 998.9, 1035.9, 1, 1, 1, 1, 1, 1, 
1, 1, 1, 1, 1, 1, 1, 1, 1, 1, 1, 1, 1, 1, 1, 1, 1, 1, 1, 1, 1, 
1, 1, 1, 1, 1, 1, 1, 1, 1, 1, 1, 1, 1, 1, 1, 1, 1, 18.355, 22.844, 
26.571, 29.332, 29.925, 39.861, 40.978, 39.289, 47.173, 50.804, 
54.654), .Dim = c(11L, 40L), .Dimnames = list(NULL, c("Sampling", 
"PSO.cost", "PSO.gamma", "PSO.data.balancing", "PSO.feature.selection", 
"PSO.valid.acc", "PSO.test.acc", "PSO.train.time", "PSO.n.support.vectors", 
"PSO.index", "PSO.n.solutions", "PSO.generations", "PSO.n.evaluations", 
"PSO.cpu.time", "RS.cost", "RS.gamma", "RS.data.balancing", "RS.feature.selection", 
"RS.valid.acc", "RS.test.acc", "RS.train.time", "RS.n.support.vectors", 
"RS.index", "RS.n.solutions", "RS.generations", "RS.n.evaluations", 
"RS.cpu.time", "DF.cost", "DF.gamma", "DF.data.balancing", "DF.feature.selection", 
"DF.valid.acc", "DF.test.acc", "DF.train.time", "DF.n.support.vectors", 
"DF.index", "DF.n.solutions", "DF.generations", "DF.n.evaluations", 
"DF.cpu.time")))
