full <-
structure(c(50, 55, 60, 65, 70, 75, 80, 85, 90, 95, 100, 8.77706, 
7.31821, 4.25238, 12.78515, 15, 13.60703, 14.90172, 14.99086, 
5.90888, 7.37389, 7.19876, -9.78988, -9.61573, -6.5177, -11.85989, 
-12.86481, -13.5995, -12.79966, -12.77858, -7.81518, -8.55459, 
-8.31547, 0, 0, 0, 0, 0, 0, 0, 0, 0, 0, 0, 0, 0, 0, 0, 0, 0, 
0, 0, 0, 0, 0, 0.93065, 0.93047, 0.93109, 0.93236, 0.93685, 0.93312, 
0.9364, 0.93846, 0.93606, 0.93718, 0.93681, 0.92874, 0.92701, 
0.92832, 0.9309, 0.93447, 0.92837, 0.93462, 0.93678, 0.93421, 
0.93543, 0.93563, 0.9419, 1.169, 1.515, 2.3891, 3.4307, 2.7615, 
4.5568, 5.5291, 3.0683, 3.348, 3.3207, 329.2, 370, 476.2, 405.1, 
422.7, 471.3, 474.8, 503.3, 591.3, 598.2, 635.4, 571, 926, 1955, 
450, 785, 2442, 1010, 1255, 577, 1041, 735, 64, 58, 7, 17, 5, 
1, 3, 1, 293, 118, 33, 100, 100, 100, 100, 100, 100, 100, 100, 
100, 100, 100, 2500, 2500, 2500, 2500, 2500, 2500, 2500, 2500, 
2500, 2500, 2500, 36594.503, 41734.733, 52527.131, 71259.634, 
88109.3509999999, 100183.058, 111615.436, 137159.757, 93700.165, 
129782.31, 110841.448, 8.03679, 7.44615, 4.72192, 4.41966, 14.67941, 
9.98456, 14.42329, 14.46469, 6.10422, 7.50823, 14.07989, -9.43407, 
-9.73122, -6.49435, -7.61089, -12.9203, -10.23499, -12.56319, 
-12.69119, -7.90609, -8.6944, -12.03156, 0, 0, 0, 0, 0, 0, 0, 
0, 0, 0, 0, 0, 0, 0, 0, 0, 0, 0, 0, 0, 0, 0, 0.93065, 0.93004, 
0.93069, 0.93274, 0.93583, 0.93249, 0.93581, 0.93706, 0.9358, 
0.93668, 0.93705, 0.92827, 0.92658, 0.92555, 0.93127, 0.93345, 
0.93249, 0.93462, 0.93482, 0.93474, 0.93493, 0.93468, 0.9899, 
1.1799, 1.5894, 1.5714, 3.0868, 2.5024, 4.3061, 4.8597, 2.9686, 
3.2458, 6.9647, 333.3, 370.5, 467.2, 469.4, 427.3, 464.6, 476.1, 
507.4, 587.9, 595.8, 593.3, 1309, 129, 2135, 1142, 356, 1797, 
642, 94, 1442, 1691, 1627, 1, 3, 1, 1, 1, 5, 1, 1, 1, 1, 2, 100, 
100, 100, 100, 100, 100, 100, 100, 100, 100, 100, 2500, 2500, 
2500, 2500, 2500, 2500, 2500, 2500, 2500, 2500, 2500, 69789.141, 
88357.329, 108081.458, 121041.537, 128511.078, 151144.379, 177086.301, 
203910.09, 225709.768, 230096.482, 271342.398, 1, 1, 1, 1, 1, 
1, 1, 1, 1, 1, 1, 0.01754, 0.01754, 0.01754, 0.01754, 0.01754, 
0.01754, 0.01754, 0.01754, 0.01754, 0.01754, 0.01754, 0, 0, 0, 
0, 0, 0, 0, 0, 0, 0, 0, 0, 0, 0, 0, 0, 0, 0, 0, 0, 0, 0, 0.92163, 
0.92442, 0.92396, 0.92687, 0.92597, 0.92679, 0.92868, 0.92504, 
0.92681, 0.92892, 0.93064, 0.92305, 0.92571, 0.92436, 0.92834, 
0.92563, 0.92901, 0.92779, 0.92783, 0.92787, 0.92791, 0.92803, 
1.373, 1.6291, 2.1335, 2.2951, 2.6836, 2.9818, 3.2789, 3.7635, 
4.1955, 4.406, 4.9257, 612, 653.8, 700.5, 750.8, 792.2, 833.8, 
877.8, 916.2, 963.2, 995.5, 1032.5, 1, 1, 1, 1, 1, 1, 1, 1, 1, 
1, 1, 1, 1, 1, 1, 1, 1, 1, 1, 1, 1, 1, 1, 1, 1, 1, 1, 1, 1, 1, 
1, 1, 1, 1, 1, 1, 1, 1, 1, 1, 1, 1, 1, 1, 17.596, 20.25, 25.684, 
27.432, 31.55, 34.711, 37.771, 43.459, 47.501, 49.71, 55.379), .Dim = c(11L, 
40L), .Dimnames = list(NULL, c("Sampling", "PSO.cost", "PSO.gamma", 
"PSO.data.balancing", "PSO.feature.selection", "PSO.valid.acc", 
"PSO.test.acc", "PSO.train.time", "PSO.n.support.vectors", "PSO.index", 
"PSO.n.solutions", "PSO.generations", "PSO.n.evaluations", "PSO.cpu.time", 
"RS.cost", "RS.gamma", "RS.data.balancing", "RS.feature.selection", 
"RS.valid.acc", "RS.test.acc", "RS.train.time", "RS.n.support.vectors", 
"RS.index", "RS.n.solutions", "RS.generations", "RS.n.evaluations", 
"RS.cpu.time", "DF.cost", "DF.gamma", "DF.data.balancing", "DF.feature.selection", 
"DF.valid.acc", "DF.test.acc", "DF.train.time", "DF.n.support.vectors", 
"DF.index", "DF.n.solutions", "DF.generations", "DF.n.evaluations", 
"DF.cpu.time")))
