full <-
structure(c(50, 55, 60, 65, 70, 75, 80, 85, 90, 95, 100, 12.29821, 
12.74258, 13.08341, 14.27786, 11.42699, 14.99977, 1.81756, 14.99137, 
4.15227, 6.81988, 14.26162, -11.21488, -11.74371, -11.64566, 
-12.42413, -10.67079, -13.68895, -6.17185, -12.41367, -7.0161, 
-8.61356, -11.63992, 0, 0, 0, 0, 0, 0, 0, 0, 0, 0, 0, 0, 0, 0, 
0, 0, 0, 0, 0, 0, 0, 0, 0.9316, 0.93132, 0.93347, 0.93456, 0.93344, 
0.93566, 0.93046, 0.9379, 0.93579, 0.93717, 0.93681, 0.92495, 
0.93046, 0.93069, 0.9298, 0.92936, 0.93154, 0.92779, 0.93482, 
0.93368, 0.93617, 0.93349, 1.2616, 1.6333, 2.252, 2.7969, 2.6099, 
3.6248, 2.8723, 5.6172, 2.8287, 3.2782, 7.4697, 318, 353.9, 380.7, 
410.6, 440.2, 478.2, 738.2, 514.8, 646.8, 616.2, 583.4, 927, 
1669, 1771, 1284, 598, 699, 1619, 1728, 1311, 692, 1464, 90, 
1, 1, 5, 216, 8, 20, 3, 84, 244, 2, 100, 100, 100, 100, 100, 
100, 100, 100, 100, 100, 100, 2500, 2500, 2500, 2500, 2500, 2500, 
2500, 2500, 2500, 2500, 2500, 41587.854, 50269.016, 70196.251, 
72411.591, 75371.861, 101175.013, 85229.7009999999, 133845.685, 
95556.4939999999, 104097.241, 193458.067, 11.8628, 12.82834, 
12.44708, 11.16426, 11.04101, 14.95661, 3.14858, 14.25158, 3.16727, 
7.34925, 14.3805, -10.99159, -11.81927, -11.32267, -10.80313, 
-10.63352, -13.53627, -7.3017, -12.08456, -6.45991, -8.64097, 
-11.76203, 0, 0, 0, 0, 0, 0, 0, 0, 0, 0, 0, 0, 0, 0, 0, 0, 0, 
0, 0, 0, 0, 0, 0.93065, 0.93046, 0.93268, 0.93455, 0.9331, 0.93471, 
0.92987, 0.93734, 0.93447, 0.93642, 0.93563, 0.92495, 0.93175, 
0.9303, 0.92943, 0.9297, 0.93154, 0.92541, 0.93538, 0.93289, 
0.93517, 0.93397, 1.2042, 1.6589, 2.0751, 2.0191, 2.3714, 3.5596, 
2.4625, 4.7917, 3.1982, 3.292, 7.9587, 318.8, 354.2, 382.3, 420.3, 
446.1, 476.5, 624.9, 516.8, 716.4, 605.5, 586.2, 869, 913, 2095, 
1983, 153, 903, 1216, 1906, 1883, 1998, 653, 2, 2, 1, 1, 1, 1, 
1, 1, 4, 6, 1, 100, 100, 100, 100, 100, 100, 100, 100, 100, 100, 
100, 2500, 2500, 2500, 2500, 2500, 2500, 2500, 2500, 2500, 2500, 
2500, 61644.324, 87001.837, 103709.073, 119011.852, 138718.288, 
152495.082, 170599.293, 171426.661, 224921.625, 248042.029, 255859.314, 
1, 1, 1, 1, 1, 1, 1, 1, 1, 1, 1, 0.01754, 0.01754, 0.01754, 0.01754, 
0.01754, 0.01754, 0.01754, 0.01754, 0.01754, 0.01754, 0.01754, 
0, 0, 0, 0, 0, 0, 0, 0, 0, 0, 0, 0, 0, 0, 0, 0, 0, 0, 0, 0, 0, 
0, 0.9145, 0.92096, 0.91843, 0.91884, 0.92258, 0.92488, 0.92304, 
0.92895, 0.92761, 0.92941, 0.92992, 0.91639, 0.92139, 0.91962, 
0.92323, 0.92223, 0.92615, 0.92214, 0.92643, 0.9284, 0.92816, 
0.92969, 1.3186, 1.7273, 2.0453, 2.2913, 2.5707, 2.9178, 3.3678, 
3.3942, 4.2052, 4.5654, 4.4615, 614, 671.1, 711.5, 763.4, 799.5, 
833.4, 882.9, 918.4, 951, 988.5, 1036.2, 1, 1, 1, 1, 1, 1, 1, 
1, 1, 1, 1, 1, 1, 1, 1, 1, 1, 1, 1, 1, 1, 1, 1, 1, 1, 1, 1, 1, 
1, 1, 1, 1, 1, 1, 1, 1, 1, 1, 1, 1, 1, 1, 1, 1, 17.108, 21.312, 
24.628, 27.463, 30.429, 33.955, 38.681, 39.277, 47.637, 51.502, 
50.487), .Dim = c(11L, 40L), .Dimnames = list(NULL, c("Sampling", 
"PSO.cost", "PSO.gamma", "PSO.data.balancing", "PSO.feature.selection", 
"PSO.valid.acc", "PSO.test.acc", "PSO.train.time", "PSO.n.support.vectors", 
"PSO.index", "PSO.n.solutions", "PSO.generations", "PSO.n.evaluations", 
"PSO.cpu.time", "RS.cost", "RS.gamma", "RS.data.balancing", "RS.feature.selection", 
"RS.valid.acc", "RS.test.acc", "RS.train.time", "RS.n.support.vectors", 
"RS.index", "RS.n.solutions", "RS.generations", "RS.n.evaluations", 
"RS.cpu.time", "DF.cost", "DF.gamma", "DF.data.balancing", "DF.feature.selection", 
"DF.valid.acc", "DF.test.acc", "DF.train.time", "DF.n.support.vectors", 
"DF.index", "DF.n.solutions", "DF.generations", "DF.n.evaluations", 
"DF.cpu.time")))
