full <-
structure(c(50, 55, 60, 65, 70, 75, 80, 85, 90, 95, 100, 14.79555, 
3.53996, 6.34367, 5.77416, 10.63909, 8.29905, 5.8217, 6.32052, 
6.98845, 6.53771, 6.8346, -12.77603, -8.08038, -9.20537, -9.15791, 
-12.07467, -9.26922, -8.50734, -8.27367, -8.33572, -8.31914, 
-8.61788, 0, 0, 0, 0, 0, 0, 0, 0, 0, 0, 0, 0, 0, 0, 0, 0, 0, 
0, 0, 0, 0, 0, 0.92921, 0.92957, 0.93267, 0.92906, 0.93514, 0.93185, 
0.93165, 0.93454, 0.93817, 0.93492, 0.93752, 0.92305, 0.92481, 
0.92832, 0.92139, 0.92936, 0.93027, 0.93106, 0.93062, 0.93526, 
0.93317, 0.93301, 1.6285, 1.2845, 1.7078, 2.0842, 2.5895, 2.4644, 
2.4313, 3.1885, 3.2293, 3.7714, 3.3677, 318.3, 443.1, 426, 467.6, 
453.7, 493.1, 557.1, 571.3, 581.6, 614.9, 645.3, 2289, 2499, 
2015, 2412, 1890, 1802, 1063, 1810, 1586, 519, 1330, 10, 19, 
152, 483, 137, 17, 30, 6, 33, 134, 48, 100, 100, 100, 100, 100, 
100, 100, 100, 100, 100, 100, 2500, 2500, 2500, 2500, 2500, 2500, 
2500, 2500, 2500, 2500, 2500, 47571.089, 47780.871, 55630.483, 
79696.661, 82172.5429999999, 82550.8069999999, 76843.3460000001, 
99448.523, 113765.227, 120663.352, 129060.007, 14.85703, 7.89677, 
7.64412, 9.53364, 9.74036, 9.55342, 5.94263, 6.88684, 7.18462, 
7.17743, 12.27794, -14.27407, -11.66814, -10.01239, -10.84576, 
-12.40519, -9.99738, -8.60333, -8.70349, -8.47967, -8.05955, 
-10.81483, 0, 0, 0, 0, 0, 0, 0, 0, 0, 0, 0, 0, 0, 0, 0, 0, 0, 
0, 0, 0, 0, 0, 0.9278, 0.92871, 0.93227, 0.9287, 0.93514, 0.93121, 
0.93135, 0.93342, 0.93685, 0.93467, 0.93705, 0.92495, 0.92265, 
0.92871, 0.92395, 0.93072, 0.93122, 0.93106, 0.93006, 0.93579, 
0.93267, 0.93396, 1.3844, 1.2278, 1.7998, 2.1863, 2.3453, 2.5551, 
2.2766, 3.0303, 3.313, 3.1743, 5.2584, 326, 406.8, 414.2, 433.7, 
475.8, 485.7, 556, 566.7, 580.1, 598.8, 594.2, 744, 300, 2140, 
1199, 307, 2009, 442, 216, 1276, 1058, 1123, 1, 1, 2, 1, 2, 1, 
1, 2, 1, 2, 1, 100, 100, 100, 100, 100, 100, 100, 100, 100, 100, 
100, 2500, 2500, 2500, 2500, 2500, 2500, 2500, 2500, 2500, 2500, 
2500, 67960.569, 88807.076, 134639.012, 176044.548, 203352.161, 
170962.481, 175635.215, 237597.125, 269774.892, 259517.998, 252766.273, 
1, 1, 1, 1, 1, 1, 1, 1, 1, 1, 1, 0.01754, 0.01754, 0.01754, 0.01754, 
0.01754, 0.01754, 0.01754, 0.01754, 0.01754, 0.01754, 0.01754, 
0, 0, 0, 0, 0, 0, 0, 0, 0, 0, 0, 0, 0, 0, 0, 0, 0, 0, 0, 0, 0, 
0, 0.91735, 0.91919, 0.92477, 0.92102, 0.92801, 0.92234, 0.92362, 
0.92699, 0.92892, 0.92791, 0.92921, 0.91687, 0.92092, 0.92516, 
0.92249, 0.92767, 0.92328, 0.92362, 0.92476, 0.92945, 0.92816, 
0.92755, 1.3885, 1.6444, 2.6788, 2.913, 3.3317, 3.1703, 3.6448, 
3.9628, 4.6805, 4.86, 4.6609, 621.6, 661, 704.2, 744.4, 781.3, 
841.5, 879.3, 917.5, 949.9, 989.7, 1036.5, 1, 1, 1, 1, 1, 1, 
1, 1, 1, 1, 1, 1, 1, 1, 1, 1, 1, 1, 1, 1, 1, 1, 1, 1, 1, 1, 1, 
1, 1, 1, 1, 1, 1, 1, 1, 1, 1, 1, 1, 1, 1, 1, 1, 1, 17.892, 20.502, 
32.775, 35.419, 39.852, 36.717, 41.82, 46.145, 53.957, 55.396, 
52.522), .Dim = c(11L, 40L), .Dimnames = list(NULL, c("Sampling", 
"PSO.cost", "PSO.gamma", "PSO.data.balancing", "PSO.feature.selection", 
"PSO.valid.acc", "PSO.test.acc", "PSO.train.time", "PSO.n.support.vectors", 
"PSO.index", "PSO.n.solutions", "PSO.generations", "PSO.n.evaluations", 
"PSO.cpu.time", "RS.cost", "RS.gamma", "RS.data.balancing", "RS.feature.selection", 
"RS.valid.acc", "RS.test.acc", "RS.train.time", "RS.n.support.vectors", 
"RS.index", "RS.n.solutions", "RS.generations", "RS.n.evaluations", 
"RS.cpu.time", "DF.cost", "DF.gamma", "DF.data.balancing", "DF.feature.selection", 
"DF.valid.acc", "DF.test.acc", "DF.train.time", "DF.n.support.vectors", 
"DF.index", "DF.n.solutions", "DF.generations", "DF.n.evaluations", 
"DF.cpu.time")))
