full <-
structure(c(50, 55, 60, 65, 70, 75, 80, 85, 90, 95, 100, 14.9561, 
5.7278, 15, 14.72877, 15, 14.98878, 15, 6.644, 14.88274, 15, 
11.32672, -13.13315, -9.51957, -13.30048, -13.15985, -13.93323, 
-12.27469, -12.96812, -8.1694, -13.08576, -12.37224, -10.92462, 
0, 0, 0, 0, 0, 0, 0, 0, 0, 0, 0, 0, 0, 0, 0, 0, 0, 0, 0, 0, 0, 
0, 0.93442, 0.93348, 0.93663, 0.93639, 0.93346, 0.93567, 0.93551, 
0.93538, 0.93632, 0.93517, 0.93753, 0.93063, 0.92874, 0.93426, 
0.9342, 0.93448, 0.93281, 0.93403, 0.93231, 0.93553, 0.93191, 
0.93397, 1.4028, 1.1389, 2.0948, 2.5046, 2.4941, 4.904, 4.3947, 
2.2394, 4.999, 6.784, 3.8721, 308.4, 397.9, 355.7, 400.1, 434.4, 
449.3, 495.8, 565.4, 556.2, 566.6, 608.2, 551, 1271, 1438, 1279, 
2222, 2077, 760, 185, 1204, 1937, 1116, 99, 50, 5, 4, 9, 2, 6, 
112, 1, 1, 14, 100, 100, 100, 100, 100, 100, 100, 100, 100, 100, 
100, 2500, 2500, 2500, 2500, 2500, 2500, 2500, 2500, 2500, 2500, 
2500, 37562.528, 42080.06, 58275.922, 72131.204, 70682.01, 103839.578, 
100408.579, 71304.9180000001, 119904.065, 117847.111, 131332.457, 
13.96719, 5.72882, 12.89701, 14.66638, 8.97451, 14.52331, 14.64758, 
10.82657, 11.66645, 6.55585, 13.67944, -12.67858, -9.51267, -11.98994, 
-13.06456, -10.88174, -12.16643, -13.22182, -10.21994, -11.50923, 
-8.15181, -12.02559, 0, 0, 0, 0, 0, 0, 0, 0, 0, 0, 0, 0, 0, 0, 
0, 0, 0, 0, 0, 0, 0, 0, 0.93204, 0.93305, 0.93623, 0.93493, 0.93346, 
0.93503, 0.93462, 0.9351, 0.935, 0.93491, 0.93729, 0.93063, 0.92874, 
0.93544, 0.93493, 0.93244, 0.93281, 0.93611, 0.93203, 0.93606, 
0.93291, 0.9354, 1.3334, 1.1442, 1.7056, 2.5659, 1.6084, 2.5028, 
3.7627, 2.5317, 3.2638, 2.7037, 5.1616, 312.6, 397.7, 362.4, 
399.7, 462.3, 451.4, 503, 531.9, 567.2, 616.6, 599.2, 92, 1577, 
521, 1791, 391, 759, 1798, 2459, 1029, 1371, 1267, 4, 2, 2, 1, 
2, 1, 1, 1, 2, 2, 1, 100, 100, 100, 100, 100, 100, 100, 100, 
100, 100, 100, 2500, 2500, 2500, 2500, 2500, 2500, 2500, 2500, 
2500, 2500, 2500, 55150.017, 75496.253, 77778.208, 123820.592, 
110253.517, 114878.556, 142929.63, 158922.223, 162719.605, 170214.357, 
197011.628, 1, 1, 1, 1, 1, 1, 1, 1, 1, 1, 1, 0.01754, 0.01754, 
0.01754, 0.01754, 0.01754, 0.01754, 0.01754, 0.01754, 0.01754, 
0.01754, 0.01754, 0, 0, 0, 0, 0, 0, 0, 0, 0, 0, 0, 0, 0, 0, 0, 
0, 0, 0, 0, 0, 0, 0, 0.91875, 0.92053, 0.92277, 0.92214, 0.92429, 
0.92521, 0.92689, 0.92727, 0.92575, 0.92741, 0.92874, 0.92018, 
0.92095, 0.92238, 0.91885, 0.92564, 0.92394, 0.92571, 0.92671, 
0.92813, 0.92691, 0.92946, 1.2594, 1.4067, 1.7256, 2.0438, 2.5502, 
2.5425, 3.0255, 1.8543, 3.2668, 3.6349, 2.5504, 621.2, 651.2, 
696.5, 741.1, 783.2, 826.6, 881.9, 923.1, 952.1, 994.1, 1034.2, 
1, 1, 1, 1, 1, 1, 1, 1, 1, 1, 1, 1, 1, 1, 1, 1, 1, 1, 1, 1, 1, 
1, 1, 1, 1, 1, 1, 1, 1, 1, 1, 1, 1, 1, 1, 1, 1, 1, 1, 1, 1, 1, 
1, 1, 16.949, 17.715, 21.11, 24.581, 30.66, 29.887, 35.025, 21.949, 
37.549, 42.507, 30.068), .Dim = c(11L, 40L), .Dimnames = list(
    NULL, c("Sampling", "PSO.cost", "PSO.gamma", "PSO.data.balancing", 
    "PSO.feature.selection", "PSO.valid.acc", "PSO.test.acc", 
    "PSO.train.time", "PSO.n.support.vectors", "PSO.index", "PSO.n.solutions", 
    "PSO.generations", "PSO.n.evaluations", "PSO.cpu.time", "RS.cost", 
    "RS.gamma", "RS.data.balancing", "RS.feature.selection", 
    "RS.valid.acc", "RS.test.acc", "RS.train.time", "RS.n.support.vectors", 
    "RS.index", "RS.n.solutions", "RS.generations", "RS.n.evaluations", 
    "RS.cpu.time", "DF.cost", "DF.gamma", "DF.data.balancing", 
    "DF.feature.selection", "DF.valid.acc", "DF.test.acc", "DF.train.time", 
    "DF.n.support.vectors", "DF.index", "DF.n.solutions", "DF.generations", 
    "DF.n.evaluations", "DF.cpu.time")))
