full <-
structure(c(50, 55, 60, 65, 70, 75, 80, 85, 90, 95, 100, 1, 1, 
2.17868, 8.42897, 4.02011, 1.8517, 3.22199, 8.70355, 4.16908, 
-0.93336, 1.51963, 0.02, 0.02, -11.58001, -8.77844, -4.02282, 
-5.9577, -6.98879, -5.28536, -3.77154, -9.33366, -4.4258, 0, 
0, 0, 0, 0, 0, 0, 0, 0, 0, 0, 0, 0, 0, 0, 0, 0, 0, 0, 0, 0, 0, 
0.94, 0.92667, 0.91667, 0.92619, 0.94286, 0.91964, 0.88452, 0.89444, 
0.89, 0.89556, 0.9, 0.94, 0.92667, 0.91667, 0.89524, 0.91429, 
0.89464, 0.82262, 0.87222, 0.87889, 0.89556, 0.88, 0.0282, 0.0302, 
0.0292, 0.0293, 0.0312, 0.0311, 0.0316, 0.0317, 0.0349, 0.0326, 
0.0357, 35.3, 37.6, 39.6, 24.7, 55.6, 45.7, 40.5, 62, 72, 67.8, 
79, 1, 1, 52, 21, 222, 39, 1293, 42, 381, 129, 50, 775, 454, 
474, 1385, 145, 1217, 20, 1236, 62, 242, 368, 100, 100, 100, 
100, 100, 100, 100, 100, 100, 100, 100, 2500, 2500, 2500, 2500, 
2500, 2500, 2500, 2500, 2500, 2500, 2500, 7216.192, 7238.837, 
7212.912, 7241.868, 7343.22700000001, 7349.08100000001, 7329.151, 
7339.43799999999, 7356.908, 7247.51699999999, 7142.66, 6.45495, 
14.4896, 3.01094, 5.65366, 5.16396, 14.39936, -0.27265, 7.96571, 
2.56146, 3.55586, 4.89334, -6.56548, -4.65172, -12.82183, -8.27301, 
-4.02482, -5.9088, -9.31772, -5.4498, -3.85437, -13.95445, -4.43611, 
0, 0, 0, 0, 0, 0, 0, 0, 0, 0, 0, 0, 0, 0, 0, 0, 0, 0, 0, 0, 0, 
0, 0.94, 0.92667, 0.91667, 0.92619, 0.94286, 0.91964, 0.88313, 
0.89444, 0.89, 0.89556, 0.9, 0.9, 0.91, 0.9, 0.89524, 0.91429, 
0.89464, 0.86091, 0.85972, 0.87889, 0.89556, 0.88, 0.029, 0.0299, 
0.029, 0.0285, 0.031, 0.031, 0.0317, 0.031, 0.0339, 0.0337, 0.0328, 
27.1, 42.8, 41.5, 25.5, 55.6, 46.2, 52.8, 61.2, 71.9, 65.9, 78.9, 
18, 16, 14, 73, 1602, 57, 1129, 68, 55, 100, 13, 498, 354, 63, 
101, 1, 37, 2, 38, 21, 27, 76, 100, 100, 100, 100, 100, 100, 
100, 100, 100, 100, 100, 2500, 2500, 2500, 2500, 2500, 2500, 
2500, 2500, 2500, 2500, 2500, 7161.013, 7224.47, 7258.47100000001, 
7270.314, 7341.816, 7331.98400000001, 7337.569, 7329.81899999999, 
7228.308, 7244.18599999999, 7065.22999999998, 1, 1, 1, 1, 1, 
1, 1, 1, 1, 1, 1, 0.02, 0.02, 0.02, 0.02, 0.02, 0.02, 0.02, 0.02, 
0.02, 0.02, 0.02, 0, 0, 0, 0, 0, 0, 0, 0, 0, 0, 0, 0, 0, 0, 0, 
0, 0, 0, 0, 0, 0, 0, 0.94, 0.92667, 0.9, 0.89286, 0.9, 0.89464, 
0.86845, 0.86111, 0.86639, 0.88333, 0.89, 0.94, 0.92667, 0.91667, 
0.90714, 0.9, 0.90714, 0.86845, 0.86111, 0.8775, 0.89444, 0.89, 
0.0287, 0.0286, 0.0286, 0.0292, 0.0292, 0.0304, 0.0309, 0.0334, 
0.0322, 0.0328, 0.0316, 35.3, 37.6, 40.6, 43.1, 45.9, 49.5, 52.9, 
57, 58.8, 61, 63.9, 1, 1, 1, 1, 1, 1, 1, 1, 1, 1, 1, 1, 1, 1, 
1, 1, 1, 1, 1, 1, 1, 1, 1, 1, 1, 1, 1, 1, 1, 1, 1, 1, 1, 1, 1, 
1, 1, 1, 1, 1, 1, 1, 1, 1, 2.921, 2.926, 2.893, 2.889, 2.816, 
2.81, 2.945, 3.044, 2.885, 2.89, 2.718), .Dim = c(11L, 40L), .Dimnames = list(
    NULL, c("Sampling", "PSO.cost", "PSO.gamma", "PSO.data.balancing", 
    "PSO.feature.selection", "PSO.valid.acc", "PSO.test.acc", 
    "PSO.train.time", "PSO.n.support.vectors", "PSO.index", "PSO.n.solutions", 
    "PSO.generations", "PSO.n.evaluations", "PSO.cpu.time", "RS.cost", 
    "RS.gamma", "RS.data.balancing", "RS.feature.selection", 
    "RS.valid.acc", "RS.test.acc", "RS.train.time", "RS.n.support.vectors", 
    "RS.index", "RS.n.solutions", "RS.generations", "RS.n.evaluations", 
    "RS.cpu.time", "DF.cost", "DF.gamma", "DF.data.balancing", 
    "DF.feature.selection", "DF.valid.acc", "DF.test.acc", "DF.train.time", 
    "DF.n.support.vectors", "DF.index", "DF.n.solutions", "DF.generations", 
    "DF.n.evaluations", "DF.cpu.time")))
