full <-
structure(c(50, 55, 60, 65, 70, 75, 80, 85, 90, 95, 100, -0.78757, 
9.61534, 1.48952, -2, 8.47565, -1.37274, -1.16088, 4.31908, -0.38804, 
9.59471, -2, -4.88437, -4.34639, -6.29234, -5.73999, -5.08998, 
-5.86811, -6.1067, -13.72923, -8.74032, -5.42401, -4.8044, 0, 
0, 0, 0, 0, 0, 0, 0, 0, 0, 0, 0, 0, 0, 0, 0, 0, 0, 0, 0, 0, 0, 
0.93833, 0.94667, 0.93333, 0.9381, 0.94643, 0.94643, 0.9371, 
0.90639, 0.91889, 0.90667, 0.91091, 0.93833, 0.93, 0.86667, 0.9381, 
0.92976, 0.93214, 0.91349, 0.90639, 0.91889, 0.89667, 0.88091, 
0.0288, 0.0294, 0.0288, 0.0317, 0.0314, 0.0305, 0.0309, 0.0318, 
0.0313, 0.0351, 0.0386, 38.8, 43.7, 34.2, 49.6, 51.5, 51.8, 51.1, 
49.2, 52.6, 66.5, 79.2, 4, 5, 93, 71, 31, 20, 122, 3, 13, 463, 
2067, 1232, 1514, 599, 1065, 1728, 1506, 651, 1122, 828, 104, 
2, 100, 100, 100, 100, 100, 100, 100, 100, 100, 100, 100, 2500, 
2500, 2500, 2500, 2500, 2500, 2500, 2500, 2500, 2500, 2500, 7340.512, 
7393.556, 7366.495, 7404.331, 7413.673, 7355.974, 7318.946, 7321.219, 
7265.641, 7468.30300000001, 7518.12000000002, 10.12778, 4.06365, 
0.49549, -1.91807, 4.58078, -1.44417, -0.4775, -1.96363, 0.486, 
3.75367, 3.23229, -5.2168, -14.82456, -5.81138, -6.28833, -4.40354, 
-5.24663, -6.54265, -4.71261, -9.42349, -5.46862, -14.14113, 
0, 0, 0, 0, 0, 0, 0, 0, 0, 0, 0, 0, 0, 0, 0, 0, 0, 0, 0, 0, 0, 
0, 0.93833, 0.95, 0.93333, 0.9381, 0.94643, 0.94643, 0.9371, 
0.9175, 0.91889, 0.90667, 0.90091, 0.91833, 0.88, 0.91667, 0.9381, 
0.94643, 0.93214, 0.91349, 0.88389, 0.91889, 0.89667, 0.90091, 
0.0287, 0.0291, 0.0303, 0.0297, 0.0312, 0.0316, 0.0307, 0.0321, 
0.0356, 0.0342, 0.038, 38.2, 43.6, 39.5, 48.4, 55.1, 55.6, 43.7, 
67.5, 49.4, 65.4, 75.8, 8, 340, 1223, 724, 5, 597, 104, 1447, 
69, 16, 24, 78, 6, 4, 5, 262, 6, 12, 1, 41, 20, 55, 100, 100, 
100, 100, 100, 100, 100, 100, 100, 100, 100, 2500, 2500, 2500, 
2500, 2500, 2500, 2500, 2500, 2500, 2500, 2500, 7360.611, 7367.897, 
7352.577, 7405.368, 7339.47300000001, 7363.091, 7322.815, 7318.32799999999, 
7449.13299999999, 7462.57500000001, 7246.38400000002, 1, 1, 1, 
1, 1, 1, 1, 1, 1, 1, 1, 0.02, 0.02, 0.02, 0.02, 0.02, 0.02, 0.02, 
0.02, 0.02, 0.02, 0.02, 0, 0, 0, 0, 0, 0, 0, 0, 0, 0, 0, 0, 0, 
0, 0, 0, 0, 0, 0, 0, 0, 0, 0.91833, 0.91333, 0.91667, 0.92143, 
0.92976, 0.93214, 0.9246, 0.905, 0.89889, 0.89667, 0.89091, 0.91833, 
0.93, 0.91667, 0.92143, 0.91726, 0.94464, 0.91349, 0.905, 0.90889, 
0.89667, 0.88091, 0.0281, 0.0291, 0.03, 0.0315, 0.0284, 0.0303, 
0.0322, 0.0319, 0.0362, 0.0338, 0.0318, 35.8, 38.5, 42.2, 44.8, 
47.7, 50, 51.3, 54.3, 58.4, 60.6, 64.4, 1, 1, 1, 1, 1, 1, 1, 
1, 1, 1, 1, 1, 1, 1, 1, 1, 1, 1, 1, 1, 1, 1, 1, 1, 1, 1, 1, 1, 
1, 1, 1, 1, 1, 1, 1, 1, 1, 1, 1, 1, 1, 1, 1, 1, 2.909, 2.933, 
2.964, 2.994, 2.756, 2.937, 2.968, 2.91, 2.967, 2.958, 2.789), .Dim = c(11L, 
40L), .Dimnames = list(NULL, c("Sampling", "PSO.cost", "PSO.gamma", 
"PSO.data.balancing", "PSO.feature.selection", "PSO.valid.acc", 
"PSO.test.acc", "PSO.train.time", "PSO.n.support.vectors", "PSO.index", 
"PSO.n.solutions", "PSO.generations", "PSO.n.evaluations", "PSO.cpu.time", 
"RS.cost", "RS.gamma", "RS.data.balancing", "RS.feature.selection", 
"RS.valid.acc", "RS.test.acc", "RS.train.time", "RS.n.support.vectors", 
"RS.index", "RS.n.solutions", "RS.generations", "RS.n.evaluations", 
"RS.cpu.time", "DF.cost", "DF.gamma", "DF.data.balancing", "DF.feature.selection", 
"DF.valid.acc", "DF.test.acc", "DF.train.time", "DF.n.support.vectors", 
"DF.index", "DF.n.solutions", "DF.generations", "DF.n.evaluations", 
"DF.cpu.time")))
