full <-
structure(c(50, 55, 60, 65, 70, 75, 80, 85, 90, 95, 100, -0.73998, 
8.57126, 4.79492, 1, 1.46892, -1.37856, 0.4906, 4.34712, 4.32931, 
-1.27073, 12.0883, -5.95969, -5.49247, -10.26054, 0.02, -6.94403, 
-7.02382, -10.72546, -15, -14.91962, -9.35814, -3.34613, 0, 0, 
0, 0, 0, 0, 0, 0, 0, 0, 0, 0, 0, 0, 0, 0, 0, 0, 0, 0, 0, 0, 0.94667, 
0.93333, 0.91333, 0.9119, 0.91369, 0.93571, 0.925, 0.93056, 0.90556, 
0.90444, 0.9, 0.94667, 0.89667, 0.84667, 0.9119, 0.8869, 0.91071, 
0.9125, 0.93056, 0.90556, 0.90444, 0.86889, 0.0292, 0.0297, 0.0275, 
0.0299, 0.0288, 0.0297, 0.0303, 0.0337, 0.0341, 0.0332, 0.0351, 
37.6, 41.9, 24.6, 46.1, 33.3, 48.2, 57.5, 63.3, 65.5, 72.3, 80, 
541, 22, 45, 1, 59, 41, 87, 63, 91, 72, 33, 180, 320, 269, 498, 
819, 1004, 71, 360, 179, 742, 320, 100, 100, 100, 100, 100, 100, 
100, 100, 100, 100, 100, 2500, 2500, 2500, 2500, 2500, 2500, 
2500, 2500, 2500, 2500, 2500, 8107.633, 7968.855, 8088.272, 8127.334, 
8052.89399999999, 8103.2, 7808.383, 7782.17700000001, 8159.92699999998, 
8114.63200000001, 7780.13500000001, -0.1729, -0.80936, 5.4888, 
-0.81973, 2.60622, -1.40769, -0.78819, -1.44969, 1.27847, -0.05139, 
-1.6741, -5.9205, -8.96482, -11.1274, -5.34494, -12.84582, -6.228, 
-12.32296, -8.45129, -12.00851, -10.50062, -9.31282, 0, 0, 0, 
0, 0, 0, 0, 0, 0, 0, 0, 0, 0, 0, 0, 0, 0, 0, 0, 0, 0, 0, 0.94667, 
0.95, 0.91333, 0.9119, 0.91369, 0.93571, 0.9125, 0.93056, 0.90556, 
0.90444, 0.90091, 0.93, 0.93, 0.84667, 0.9119, 0.91369, 0.92321, 
0.9125, 0.91806, 0.90556, 0.90444, 0.90091, 0.0298, 0.0302, 0.03, 
0.0298, 0.0303, 0.035, 0.0371, 0.0303, 0.0329, 0.0326, 0.0352, 
36.4, 42.5, 24.7, 50, 51.2, 50.7, 64, 60.2, 67.5, 69.4, 78.4, 
429, 699, 159, 44, 10, 1229, 23, 9, 108, 269, 70, 7, 3, 60, 48, 
65, 2, 167, 40, 17, 31, 7, 100, 100, 100, 100, 100, 100, 100, 
100, 100, 100, 100, 2500, 2500, 2500, 2500, 2500, 2500, 2500, 
2500, 2500, 2500, 2500, 7989.532, 8127.84, 7947.149, 7994.70699999999, 
8022.107, 7911.74400000001, 7999.91200000001, 7813.459, 8075.405, 
7753.43700000001, 7983.52499999999, 1, 1, 1, 1, 1, 1, 1, 1, 1, 
1, 1, 0.02, 0.02, 0.02, 0.02, 0.02, 0.02, 0.02, 0.02, 0.02, 0.02, 
0.02, 0, 0, 0, 0, 0, 0, 0, 0, 0, 0, 0, 0, 0, 0, 0, 0, 0, 0, 0, 
0, 0, 0, 0.93, 0.91667, 0.88238, 0.9119, 0.8994, 0.91071, 0.8875, 
0.89306, 0.88306, 0.89333, 0.88091, 0.93, 0.91667, 0.91333, 0.9119, 
0.8994, 0.91071, 0.8875, 0.89306, 0.89556, 0.88222, 0.89, 0.0284, 
0.0317, 0.0298, 0.0288, 0.0297, 0.0321, 0.0321, 0.0336, 0.0328, 
0.0335, 0.0335, 37.8, 41.2, 44.3, 46.1, 48.3, 50.9, 54.7, 56.2, 
59.8, 61.7, 63.8, 1, 1, 1, 1, 1, 1, 1, 1, 1, 1, 1, 1, 1, 1, 1, 
1, 1, 1, 1, 1, 1, 1, 1, 1, 1, 1, 1, 1, 1, 1, 1, 1, 1, 1, 1, 1, 
1, 1, 1, 1, 1, 1, 1, 1, 3.156, 3.331, 3.154, 3.013, 3.277, 3.188, 
3.236, 3.275, 3.223, 3.05, 3.083), .Dim = c(11L, 40L), .Dimnames = list(
    NULL, c("Sampling", "PSO.cost", "PSO.gamma", "PSO.data.balancing", 
    "PSO.feature.selection", "PSO.valid.acc", "PSO.test.acc", 
    "PSO.train.time", "PSO.n.support.vectors", "PSO.index", "PSO.n.solutions", 
    "PSO.generations", "PSO.n.evaluations", "PSO.cpu.time", "RS.cost", 
    "RS.gamma", "RS.data.balancing", "RS.feature.selection", 
    "RS.valid.acc", "RS.test.acc", "RS.train.time", "RS.n.support.vectors", 
    "RS.index", "RS.n.solutions", "RS.generations", "RS.n.evaluations", 
    "RS.cpu.time", "DF.cost", "DF.gamma", "DF.data.balancing", 
    "DF.feature.selection", "DF.valid.acc", "DF.test.acc", "DF.train.time", 
    "DF.n.support.vectors", "DF.index", "DF.n.solutions", "DF.generations", 
    "DF.n.evaluations", "DF.cpu.time")))
