full <-
structure(c(50, 55, 60, 65, 70, 75, 80, 85, 90, 95, 100, 1, 0.01224, 
0.60855, -1.84202, 0.15821, 1, -0.3849, -2, -2, 1.25182, -0.51696, 
0.02, -6.95109, -7.62388, -6.27485, -7.52293, 0.02, -7.18741, 
-6.24197, -6.64133, -12.02783, -10.64644, 0, 0, 0, 0, 0, 0, 0, 
0, 0, 0, 0, 0, 0, 0, 0, 0, 0, 0, 0, 0, 0, 0, 0.92333, 0.91333, 
0.89667, 0.89524, 0.8994, 0.89464, 0.88571, 0.90694, 0.91083, 
0.89444, 0.9, 0.90667, 0.89333, 0.88, 0.89524, 0.8869, 0.88214, 
0.87321, 0.90694, 0.88972, 0.89444, 0.89, 0.0291, 0.0278, 0.029, 
0.0289, 0.0291, 0.0308, 0.0295, 0.0306, 0.0323, 0.0328, 0.0351, 
36.8, 31.4, 30.6, 49.4, 37.5, 50.1, 44.9, 60.8, 62, 72, 78.4, 
1, 11, 4, 130, 434, 1, 4, 93, 65, 108, 1312, 809, 1068, 933, 
1040, 361, 224, 1069, 958, 278, 560, 46, 100, 100, 100, 100, 
100, 100, 100, 100, 100, 100, 100, 2500, 2500, 2500, 2500, 2500, 
2500, 2500, 2500, 2500, 2500, 2500, 6905.021, 6917.474, 7031.069, 
6988.203, 7007.7, 7088.18800000001, 7156.64899999999, 7223.798, 
7271.22300000001, 7353.201, 7296.96400000001, -1.11935, -1.32377, 
4.51428, -0.69719, 0.20155, 1.87394, -1.22154, -1.16443, -1.98669, 
-0.81266, -0.97688, -8.48258, -5.79766, -11.09608, -6.39216, 
-7.63115, -11.60592, -5.77492, -4.58462, -6.87049, -9.89557, 
-10.04874, 0, 0, 0, 0, 0, 0, 0, 0, 0, 0, 0, 0, 0, 0, 0, 0, 0, 
0, 0, 0, 0, 0, 0.92333, 0.91333, 0.89667, 0.89524, 0.8994, 0.89464, 
0.88571, 0.89583, 0.91083, 0.89444, 0.9, 0.90667, 0.91333, 0.86333, 
0.89524, 0.8869, 0.89464, 0.87321, 0.88472, 0.88972, 0.89444, 
0.89, 0.028, 0.0297, 0.0283, 0.03, 0.0281, 0.0297, 0.0314, 0.0319, 
0.0317, 0.0332, 0.0359, 37.6, 42.1, 26.4, 41.6, 37.3, 49.3, 56.4, 
67.3, 62.4, 72.8, 77.7, 6, 162, 1, 59, 537, 20, 189, 417, 961, 
20, 18, 236, 18, 180, 21, 12, 41, 25, 37, 1, 28, 17, 100, 100, 
100, 100, 100, 100, 100, 100, 100, 100, 100, 2500, 2500, 2500, 
2500, 2500, 2500, 2500, 2500, 2500, 2500, 2500, 6910.644, 6903.126, 
7063.933, 7003.539, 7017.865, 7111.394, 7146.329, 7261.766, 7265.3, 
7383.008, 7318.535, 1, 1, 1, 1, 1, 1, 1, 1, 1, 1, 1, 0.02, 0.02, 
0.02, 0.02, 0.02, 0.02, 0.02, 0.02, 0.02, 0.02, 0.02, 0, 0, 0, 
0, 0, 0, 0, 0, 0, 0, 0, 0, 0, 0, 0, 0, 0, 0, 0, 0, 0, 0, 0.92333, 
0.89333, 0.88, 0.88095, 0.87262, 0.89464, 0.87321, 0.88472, 0.87861, 
0.86222, 0.89091, 0.90667, 0.89333, 0.88, 0.88095, 0.87262, 0.88214, 
0.87321, 0.88472, 0.87861, 0.87333, 0.89091, 0.0283, 0.0284, 
0.0286, 0.0298, 0.0301, 0.0303, 0.0311, 0.031, 0.0335, 0.0331, 
0.0348, 36.8, 39.6, 43, 45.2, 48.8, 50.1, 54.1, 56.3, 59.2, 62.7, 
64.5, 1, 1, 1, 1, 1, 1, 1, 1, 1, 1, 1, 1, 1, 1, 1, 1, 1, 1, 1, 
1, 1, 1, 1, 1, 1, 1, 1, 1, 1, 1, 1, 1, 1, 1, 1, 1, 1, 1, 1, 1, 
1, 1, 1, 1, 2.725, 2.796, 2.74, 2.89, 2.759, 2.872, 2.859, 2.846, 
2.996, 2.959, 2.988), .Dim = c(11L, 40L), .Dimnames = list(NULL, 
    c("Sampling", "PSO.cost", "PSO.gamma", "PSO.data.balancing", 
    "PSO.feature.selection", "PSO.valid.acc", "PSO.test.acc", 
    "PSO.train.time", "PSO.n.support.vectors", "PSO.index", "PSO.n.solutions", 
    "PSO.generations", "PSO.n.evaluations", "PSO.cpu.time", "RS.cost", 
    "RS.gamma", "RS.data.balancing", "RS.feature.selection", 
    "RS.valid.acc", "RS.test.acc", "RS.train.time", "RS.n.support.vectors", 
    "RS.index", "RS.n.solutions", "RS.generations", "RS.n.evaluations", 
    "RS.cpu.time", "DF.cost", "DF.gamma", "DF.data.balancing", 
    "DF.feature.selection", "DF.valid.acc", "DF.test.acc", "DF.train.time", 
    "DF.n.support.vectors", "DF.index", "DF.n.solutions", "DF.generations", 
    "DF.n.evaluations", "DF.cpu.time")))
