full <-
structure(c(50, 55, 60, 65, 70, 75, 80, 85, 90, 95, 100, 3.44853, 
-0.47721, 12.90227, 0.91155, 11.13766, 8.77519, 1.24087, 10.49674, 
7.23601, 13.18811, 7.29421, -4.91838, -7.85409, -6.03159, -4.27326, 
-4.73896, -5.15601, -5.30097, -3.92211, -4.15541, -4.20845, -4.4156, 
0, 0, 0, 0, 0, 0, 0, 0, 0, 0, 0, 0, 0, 0, 0, 0, 0, 0, 0, 0, 0, 
0, 0.88, 0.88667, 0.88476, 0.89286, 0.88452, 0.89643, 0.87421, 
0.875, 0.88889, 0.89083, 0.90273, 0.84, 0.88667, 0.87048, 0.87619, 
0.88452, 0.88571, 0.84921, 0.8625, 0.86667, 0.89083, 0.89273, 
0.0266, 0.0281, 0.0276, 0.0289, 0.0299, 0.0308, 0.0322, 0.0317, 
0.0343, 0.035, 0.0338, 38.7, 34.7, 40.9, 51.9, 54.3, 57.3, 60.2, 
68, 71.8, 75.5, 78.8, 21, 131, 2, 63, 3, 47, 204, 111, 48, 56, 
97, 1511, 232, 1928, 770, 1590, 1418, 550, 537, 1474, 1680, 835, 
100, 100, 100, 100, 100, 100, 100, 100, 100, 100, 100, 2500, 
2500, 2500, 2500, 2500, 2500, 2500, 2500, 2500, 2500, 2500, 7229.277, 
7083.693, 7170.014, 7212.005, 7262.35, 7525.38399999999, 7631.77100000001, 
7295.46100000001, 7439.88900000001, 7349.83900000001, 7259.32500000001, 
1.26363, 0.06468, 1.76174, 5.67372, 0.58879, 10.96984, 7.65271, 
2.84453, 0.78981, -0.14935, 7.70394, -10.55546, -8.30452, -4.98006, 
-4.31455, -4.48981, -5.15283, -5.46445, -8.16723, -4.55178, -4.19266, 
-4.46932, 0, 0, 0, 0, 0, 0, 0, 0, 0, 0, 0, 0, 0, 0, 0, 0, 0, 
0, 0, 0, 0, 0, 0.88, 0.88667, 0.88476, 0.89286, 0.88452, 0.89643, 
0.87421, 0.88611, 0.88889, 0.89083, 0.90273, 0.86, 0.88667, 0.88476, 
0.87619, 0.88452, 0.88571, 0.84921, 0.875, 0.87778, 0.89083, 
0.89273, 0.0291, 0.0285, 0.0306, 0.0283, 0.0294, 0.0318, 0.0301, 
0.0294, 0.0331, 0.0327, 0.034, 34.3, 33.4, 46, 51.7, 55.2, 57.3, 
59.2, 36.5, 70.9, 75.2, 78.4, 27, 27, 6, 701, 18, 8, 598, 1704, 
24, 33, 204, 150, 28, 211, 8, 211, 43, 4, 1, 83, 111, 11, 100, 
100, 100, 100, 100, 100, 100, 100, 100, 100, 100, 2500, 2500, 
2500, 2500, 2500, 2500, 2500, 2500, 2500, 2500, 2500, 7220.321, 
7026.098, 7053.74, 7088.218, 7278.821, 7387.86, 7520.10400000001, 
7466.713, 7273.429, 7341.41700000002, 7515.68700000001, 1, 1, 
1, 1, 1, 1, 1, 1, 1, 1, 1, 0.02, 0.02, 0.02, 0.02, 0.02, 0.02, 
0.02, 0.02, 0.02, 0.02, 0.02, 0, 0, 0, 0, 0, 0, 0, 0, 0, 0, 0, 
0, 0, 0, 0, 0, 0, 0, 0, 0, 0, 0, 0.84, 0.86667, 0.87048, 0.85952, 
0.86786, 0.87143, 0.84921, 0.8625, 0.86667, 0.85861, 0.89162, 
0.84, 0.88667, 0.87048, 0.85952, 0.85357, 0.87143, 0.84921, 0.8625, 
0.87778, 0.85861, 0.89162, 0.0283, 0.0264, 0.0268, 0.0288, 0.0297, 
0.0321, 0.0335, 0.0339, 0.0329, 0.0328, 0.0337, 36.1, 39.6, 43.3, 
47.4, 50, 53.5, 57.9, 59.4, 60.9, 63.8, 64.1, 1, 1, 1, 1, 1, 
1, 1, 1, 1, 1, 1, 1, 1, 1, 1, 1, 1, 1, 1, 1, 1, 1, 1, 1, 1, 1, 
1, 1, 1, 1, 1, 1, 1, 1, 1, 1, 1, 1, 1, 1, 1, 1, 1, 1, 2.893, 
2.732, 2.73, 2.865, 2.92, 2.975, 3.073, 3.062, 2.978, 2.808, 
3.096), .Dim = c(11L, 40L), .Dimnames = list(NULL, c("Sampling", 
"PSO.cost", "PSO.gamma", "PSO.data.balancing", "PSO.feature.selection", 
"PSO.valid.acc", "PSO.test.acc", "PSO.train.time", "PSO.n.support.vectors", 
"PSO.index", "PSO.n.solutions", "PSO.generations", "PSO.n.evaluations", 
"PSO.cpu.time", "RS.cost", "RS.gamma", "RS.data.balancing", "RS.feature.selection", 
"RS.valid.acc", "RS.test.acc", "RS.train.time", "RS.n.support.vectors", 
"RS.index", "RS.n.solutions", "RS.generations", "RS.n.evaluations", 
"RS.cpu.time", "DF.cost", "DF.gamma", "DF.data.balancing", "DF.feature.selection", 
"DF.valid.acc", "DF.test.acc", "DF.train.time", "DF.n.support.vectors", 
"DF.index", "DF.n.solutions", "DF.generations", "DF.n.evaluations", 
"DF.cpu.time")))
