full <-
structure(c(50, 55, 60, 65, 70, 75, 80, 85, 90, 95, 100, 4.87849, 
1, -1.46753, 1.30449, 4.93434, 1, 1.81302, -1.61605, -2, 2.55596, 
1, -6.83663, 0.02, -7.53389, -11.56704, -14.65068, 0.02, -10.88326, 
-4.84988, -5.51855, -3.97992, 0.02, 0, 0, 0, 0, 0, 0, 0, 0, 0, 
0, 0, 0, 0, 0, 0, 0, 0, 0, 0, 0, 0, 0, 0.91333, 0.87667, 0.86571, 
0.89762, 0.88512, 0.88929, 0.9, 0.90278, 0.9, 0.91444, 0.8998, 
0.88833, 0.85667, 0.86571, 0.82143, 0.88512, 0.8625, 0.9, 0.88056, 
0.87778, 0.88222, 0.8898, 0.0302, 0.0288, 0.0311, 0.03, 0.0313, 
0.0358, 0.0331, 0.0314, 0.0343, 0.0358, 0.0354, 30.8, 41.8, 45.1, 
47.1, 46.2, 52.1, 44.9, 67.3, 68, 75.7, 64.2, 17, 1, 3, 223, 
35, 1, 36, 73, 135, 18, 1, 633, 401, 623, 14, 616, 713, 723, 
134, 762, 1175, 386, 100, 100, 100, 100, 100, 100, 100, 100, 
100, 100, 100, 2500, 2500, 2500, 2500, 2500, 2500, 2500, 2500, 
2500, 2500, 2500, 7889.694, 7830.768, 7968.64, 8016.07, 8215.377, 
8145.93800000001, 8189.49699999999, 7965.15399999999, 8085.84900000002, 
8112.57700000002, 8094.677, 12.52275, 3.9365, 0.68521, 2.03856, 
1.92445, 3.89788, -1.94547, -0.47108, -1.90199, 4.46085, -0.16043, 
-7.23075, -10.51785, -9.9242, -12.3297, -12.18411, -12.60387, 
-5.82857, -4.07829, -5.82939, -4.05788, -5.43507, 0, 0, 0, 0, 
0, 0, 0, 0, 0, 0, 0, 0, 0, 0, 0, 0, 0, 0, 0, 0, 0, 0, 0.91333, 
0.87667, 0.86571, 0.89762, 0.88512, 0.88929, 0.9, 0.90278, 0.9, 
0.91444, 0.8998, 0.88833, 0.85667, 0.86571, 0.82143, 0.87083, 
0.87679, 0.9, 0.86944, 0.87778, 0.88222, 0.8898, 0.0272, 0.03, 
0.0302, 0.03, 0.0362, 0.035, 0.032, 0.0317, 0.0331, 0.0337, 0.0339, 
28.1, 26.4, 41.1, 47.2, 51.9, 39.8, 59, 68, 63.7, 75.6, 68.7, 
1, 3, 4, 2465, 60, 11, 37, 1556, 63, 6, 26, 199, 124, 144, 1, 
98, 198, 87, 1, 2, 69, 71, 100, 100, 100, 100, 100, 100, 100, 
100, 100, 100, 100, 2500, 2500, 2500, 2500, 2500, 2500, 2500, 
2500, 2500, 2500, 2500, 7004.979, 7917.71, 8231.436, 7962.803, 
8221.431, 8007.59599999999, 7839.02799999999, 7949.269, 8156.69099999999, 
8156.70500000002, 8139.092, 1, 1, 1, 1, 1, 1, 1, 1, 1, 1, 1, 
0.02, 0.02, 0.02, 0.02, 0.02, 0.02, 0.02, 0.02, 0.02, 0.02, 0.02, 
0, 0, 0, 0, 0, 0, 0, 0, 0, 0, 0, 0, 0, 0, 0, 0, 0, 0, 0, 0, 0, 
0, 0.88833, 0.87667, 0.84571, 0.85, 0.85655, 0.88929, 0.875, 
0.88056, 0.87639, 0.86111, 0.8998, 0.91333, 0.85667, 0.84571, 
0.88095, 0.87321, 0.8625, 0.9125, 0.88194, 0.86528, 0.87222, 
0.8898, 0.0284, 0.0315, 0.0322, 0.0308, 0.0369, 0.0364, 0.03, 
0.0319, 0.0326, 0.038, 0.0335, 37.9, 41.8, 45.1, 46.5, 49.3, 
52.1, 54.4, 58.1, 60.2, 61.3, 64.2, 1, 1, 1, 1, 1, 1, 1, 1, 1, 
1, 1, 1, 1, 1, 1, 1, 1, 1, 1, 1, 1, 1, 1, 1, 1, 1, 1, 1, 1, 1, 
1, 1, 1, 1, 1, 1, 1, 1, 1, 1, 1, 1, 1, 1, 2.83, 3.25, 3.316, 
3.142, 3.32, 3.327, 2.974, 3.067, 3.257, 3.29, 3.168), .Dim = c(11L, 
40L), .Dimnames = list(NULL, c("Sampling", "PSO.cost", "PSO.gamma", 
"PSO.data.balancing", "PSO.feature.selection", "PSO.valid.acc", 
"PSO.test.acc", "PSO.train.time", "PSO.n.support.vectors", "PSO.index", 
"PSO.n.solutions", "PSO.generations", "PSO.n.evaluations", "PSO.cpu.time", 
"RS.cost", "RS.gamma", "RS.data.balancing", "RS.feature.selection", 
"RS.valid.acc", "RS.test.acc", "RS.train.time", "RS.n.support.vectors", 
"RS.index", "RS.n.solutions", "RS.generations", "RS.n.evaluations", 
"RS.cpu.time", "DF.cost", "DF.gamma", "DF.data.balancing", "DF.feature.selection", 
"DF.valid.acc", "DF.test.acc", "DF.train.time", "DF.n.support.vectors", 
"DF.index", "DF.n.solutions", "DF.generations", "DF.n.evaluations", 
"DF.cpu.time")))
