full <-
structure(c(50, 55, 60, 65, 70, 75, 80, 85, 90, 95, 100, 0.51723, 
4.00578, 1.74899, 3.64166, 7.91499, 3.68181, 0.08086, 6.64268, 
-0.58669, 9.84438, 2.89924, -7.66931, -13.29993, -11.14926, -11.45071, 
-12.54233, -8.61294, -10.88844, -6.33525, -4.44417, -5.18925, 
-5.87013, 0, 0, 0, 0, 0, 0, 0, 0, 0, 0, 0, 0, 0, 0, 0, 0, 0, 
0, 0, 0, 0, 0, 0.94667, 0.91, 0.9, 0.88988, 0.90298, 0.92143, 
0.88671, 0.88472, 0.88694, 0.89222, 0.9, 0.905, 0.87333, 0.88, 
0.87321, 0.86429, 0.90714, 0.88671, 0.89722, 0.87583, 0.89222, 
0.88, 0.0313, 0.0277, 0.0277, 0.0292, 0.0288, 0.0316, 0.0359, 
0.0312, 0.0327, 0.0348, 0.0339, 27.1, 36.3, 40.5, 33.4, 26.7, 
31.4, 61.4, 48.9, 71.8, 71.3, 62.6, 37, 103, 59, 8, 382, 261, 
115, 58, 174, 49, 8, 687, 283, 552, 333, 66, 83, 173, 1230, 577, 
524, 928, 100, 100, 100, 100, 100, 100, 100, 100, 100, 100, 100, 
2500, 2500, 2500, 2500, 2500, 2500, 2500, 2500, 2500, 2500, 2500, 
8000.558, 8039.481, 7960.936, 8192.111, 7843.472, 8191.675, 7891.31299999999, 
7134.34, 7123.23000000001, 7328.66899999999, 7369.00599999999, 
0.20876, 5.08127, 2.47622, 2.86319, 8.74854, 3.78705, -1.80868, 
0.31494, 0.80153, 9.11463, 7.74335, -7.68787, -14.3655, -12.52917, 
-7.79628, -13.39234, -8.8697, -8.70461, -11.5144, -4.6116, -5.3732, 
-4.63709, 0, 0, 0, 0, 0, 0, 0, 0, 0, 0, 0, 0, 0, 0, 0, 0, 0, 
0, 0, 0, 0, 0, 0.94667, 0.91, 0.9, 0.88988, 0.90298, 0.92143, 
0.88671, 0.89583, 0.88694, 0.89222, 0.9, 0.905, 0.87333, 0.9, 
0.84464, 0.86429, 0.89464, 0.87421, 0.83889, 0.87583, 0.89222, 
0.9, 0.0288, 0.03, 0.0275, 0.0304, 0.0293, 0.0299, 0.0336, 0.0339, 
0.034, 0.0336, 0.0351, 28.5, 36.2, 44.4, 30.4, 26.5, 30.6, 62, 
67.2, 71.2, 69.4, 77.8, 15, 35, 6, 79, 2044, 581, 131, 223, 806, 
51, 28, 64, 21, 60, 41, 1, 2, 9, 8, 3, 139, 162, 100, 100, 100, 
100, 100, 100, 100, 100, 100, 100, 100, 2500, 2500, 2500, 2500, 
2500, 2500, 2500, 2500, 2500, 2500, 2500, 7896.094, 8162.715, 
8009.263, 8135.529, 7987.908, 8064.54300000001, 7604.01700000001, 
7070.25300000001, 7228.98499999999, 7333.25399999999, 7963.674, 
1, 1, 1, 1, 1, 1, 1, 1, 1, 1, 1, 0.02, 0.02, 0.02, 0.02, 0.02, 
0.02, 0.02, 0.02, 0.02, 0.02, 0.02, 0, 0, 0, 0, 0, 0, 0, 0, 0, 
0, 0, 0, 0, 0, 0, 0, 0, 0, 0, 0, 0, 0, 0.92167, 0.87333, 0.84333, 
0.84405, 0.85952, 0.86786, 0.86032, 0.87222, 0.87694, 0.88111, 
0.89, 0.92167, 0.85333, 0.84333, 0.86071, 0.85952, 0.86786, 0.86171, 
0.87222, 0.87694, 0.87, 0.89, 0.0309, 0.0305, 0.0298, 0.0295, 
0.0341, 0.0367, 0.0312, 0.0322, 0.0327, 0.034, 0.0337, 38.1, 
41.3, 44.4, 48.3, 51.4, 53.9, 56.5, 58.3, 59.4, 62.3, 63.3, 1, 
1, 1, 1, 1, 1, 1, 1, 1, 1, 1, 1, 1, 1, 1, 1, 1, 1, 1, 1, 1, 1, 
1, 1, 1, 1, 1, 1, 1, 1, 1, 1, 1, 1, 1, 1, 1, 1, 1, 1, 1, 1, 1, 
1, 3.262, 3.304, 3.248, 3.046, 3.298, 3.303, 2.773, 2.873, 2.898, 
2.97, 3.036), .Dim = c(11L, 40L), .Dimnames = list(NULL, c("Sampling", 
"PSO.cost", "PSO.gamma", "PSO.data.balancing", "PSO.feature.selection", 
"PSO.valid.acc", "PSO.test.acc", "PSO.train.time", "PSO.n.support.vectors", 
"PSO.index", "PSO.n.solutions", "PSO.generations", "PSO.n.evaluations", 
"PSO.cpu.time", "RS.cost", "RS.gamma", "RS.data.balancing", "RS.feature.selection", 
"RS.valid.acc", "RS.test.acc", "RS.train.time", "RS.n.support.vectors", 
"RS.index", "RS.n.solutions", "RS.generations", "RS.n.evaluations", 
"RS.cpu.time", "DF.cost", "DF.gamma", "DF.data.balancing", "DF.feature.selection", 
"DF.valid.acc", "DF.test.acc", "DF.train.time", "DF.n.support.vectors", 
"DF.index", "DF.n.solutions", "DF.generations", "DF.n.evaluations", 
"DF.cpu.time")))
