full <-
structure(c(50, 55, 60, 65, 70, 75, 80, 85, 90, 95, 100, 15, 
11.06956, -2, -2, 4.42774, -1.69703, 3.8387, 2.69537, 0.07847, 
-2, 6.01185, -4.34197, -10.19935, -6.59452, -8.63204, -15, -6.4302, 
-15, -13.2098, -5.89556, -4.89484, -4.33071, 0, 0, 0, 0, 0, 0, 
0, 0, 0, 0, 0, 0, 0, 0, 0, 0, 0, 0, 0, 0, 0, 0, 0.93833, 0.95833, 
0.95, 0.95238, 0.94286, 0.91905, 0.93571, 0.92778, 0.92, 0.92556, 
0.9, 0.93833, 0.94167, 0.91667, 0.96667, 0.91429, 0.89226, 0.91071, 
0.91528, 0.88389, 0.91444, 0.89, 0.0296, 0.0274, 0.0306, 0.0319, 
0.0305, 0.0326, 0.0335, 0.0336, 0.0329, 0.035, 0.0342, 40, 17.1, 
45.1, 51.6, 52, 52.7, 63, 60.7, 54, 75.1, 79.2, 129, 2, 214, 
138, 188, 67, 134, 21, 2125, 292, 12, 1017, 1776, 918, 224, 120, 
877, 80, 558, 2, 511, 1514, 100, 100, 100, 100, 100, 100, 100, 
100, 100, 100, 100, 2500, 2500, 2500, 2500, 2500, 2500, 2500, 
2500, 2500, 2500, 2500, 7838.186, 7669.374, 7825.802, 7900.20699999999, 
7590.292, 7697.704, 7737.34699999999, 7800.659, 7784.079, 7755.361, 
7633.78199999998, 12.12495, -1.57133, 3.64238, -1.55346, 2.15391, 
-1.1363, 0.82966, 4.09776, 0.07105, 14.00567, 0.43064, -4.44276, 
-5.60419, -12.88029, -4.8496, -11.84103, -5.73355, -11.96989, 
-14.95998, -5.893, -5.41585, -11.32257, 0, 0, 0, 0, 0, 0, 0, 
0, 0, 0, 0, 0, 0, 0, 0, 0, 0, 0, 0, 0, 0, 0, 0.93833, 0.975, 
0.95, 0.9381, 0.94286, 0.91905, 0.93571, 0.92778, 0.92, 0.91667, 
0.9, 0.93833, 0.95833, 0.91667, 0.9381, 0.91429, 0.89405, 0.91071, 
0.91667, 0.88389, 0.90667, 0.9, 0.03, 0.0309, 0.0298, 0.031, 
0.03, 0.0322, 0.032, 0.0317, 0.0336, 0.0338, 0.0361, 40, 41, 
36.2, 51.9, 44.8, 53.6, 63, 64.4, 54.1, 66.7, 76.2, 40, 1547, 
28, 277, 67, 119, 1015, 43, 252, 93, 27, 55, 1, 22, 2, 12, 9, 
1, 68, 1, 75, 243, 100, 100, 100, 100, 100, 100, 100, 100, 100, 
100, 100, 2500, 2500, 2500, 2500, 2500, 2500, 2500, 2500, 2500, 
2500, 2500, 8117.017, 7805.843, 7786.77699999999, 7929.069, 7504.59999999999, 
7637.535, 7682.473, 7668.78199999999, 7830.802, 7562.28200000001, 
7812.60100000002, 1, 1, 1, 1, 1, 1, 1, 1, 1, 1, 1, 0.02, 0.02, 
0.02, 0.02, 0.02, 0.02, 0.02, 0.02, 0.02, 0.02, 0.02, 0, 0, 0, 
0, 0, 0, 0, 0, 0, 0, 0, 0, 0, 0, 0, 0, 0, 0, 0, 0, 0, 0, 0.895, 
0.94167, 0.9, 0.92143, 0.91429, 0.90655, 0.8996, 0.91528, 0.9075, 
0.90667, 0.89, 0.91833, 0.90833, 0.9, 0.92143, 0.91429, 0.90655, 
0.8996, 0.91667, 0.89639, 0.90667, 0.88, 0.0306, 0.0305, 0.0298, 
0.0303, 0.0308, 0.0323, 0.0316, 0.0331, 0.0353, 0.0336, 0.0363, 
35.5, 38.8, 42, 44.4, 47.2, 51, 53.4, 55.3, 58.4, 60.6, 64.7, 
1, 1, 1, 1, 1, 1, 1, 1, 1, 1, 1, 1, 1, 1, 1, 1, 1, 1, 1, 1, 1, 
1, 1, 1, 1, 1, 1, 1, 1, 1, 1, 1, 1, 1, 1, 1, 1, 1, 1, 1, 1, 1, 
1, 1, 3.241, 3.172, 3.156, 3.126, 3.078, 3.089, 3.106, 3.078, 
3.152, 3.089, 3.14), .Dim = c(11L, 40L), .Dimnames = list(NULL, 
    c("Sampling", "PSO.cost", "PSO.gamma", "PSO.data.balancing", 
    "PSO.feature.selection", "PSO.valid.acc", "PSO.test.acc", 
    "PSO.train.time", "PSO.n.support.vectors", "PSO.index", "PSO.n.solutions", 
    "PSO.generations", "PSO.n.evaluations", "PSO.cpu.time", "RS.cost", 
    "RS.gamma", "RS.data.balancing", "RS.feature.selection", 
    "RS.valid.acc", "RS.test.acc", "RS.train.time", "RS.n.support.vectors", 
    "RS.index", "RS.n.solutions", "RS.generations", "RS.n.evaluations", 
    "RS.cpu.time", "DF.cost", "DF.gamma", "DF.data.balancing", 
    "DF.feature.selection", "DF.valid.acc", "DF.test.acc", "DF.train.time", 
    "DF.n.support.vectors", "DF.index", "DF.n.solutions", "DF.generations", 
    "DF.n.evaluations", "DF.cpu.time")))
