full <-
structure(c(50, 55, 60, 65, 70, 75, 80, 85, 90, 95, 100, -1.03868, 
-2, 3.48563, 10.08765, -1.5847, 1.16836, 1, 12.21875, 1, 5.20801, 
4.08355, -8.49971, -7.27427, -11.97543, -3.74878, -8.86439, -4.06388, 
0.02, -4.64679, 0.02, -4.71496, -15, 0, 0, 0, 0, 0, 0, 0, 0, 
0, 0, 0, 0, 0, 0, 0, 0, 0, 0, 0, 0, 0, 0, 0.89, 0.91667, 0.91905, 
0.90952, 0.89702, 0.90893, 0.9, 0.91667, 0.88556, 0.89444, 0.90182, 
0.87333, 0.86, 0.90238, 0.90952, 0.8375, 0.89643, 0.9, 0.89306, 
0.86194, 0.88444, 0.90182, 0.0273, 0.0283, 0.0298, 0.0319, 0.0319, 
0.0329, 0.0326, 0.0307, 0.0337, 0.0353, 0.035, 38.9, 42.9, 33.5, 
52, 55, 59.9, 56.2, 66.9, 59.8, 73.6, 75.9, 39, 171, 27, 2, 992, 
3, 1, 11, 1, 6, 94, 70, 127, 338, 1064, 35, 1393, 523, 1523, 
170, 1587, 150, 100, 100, 100, 100, 100, 100, 100, 100, 100, 
100, 100, 2500, 2500, 2500, 2500, 2500, 2500, 2500, 2500, 2500, 
2500, 2500, 7090.057, 7171.664, 7112.166, 7226.16800000001, 7291.40100000001, 
7282.368, 7349.569, 7197.99099999999, 7232.495, 7377.42999999999, 
7367.41600000003, -0.6261, -1.18264, 5.89198, 1.57146, -1.68514, 
13.29017, 5.9002, 1.54765, 5.70537, 2.9885, 2.01704, -9.05485, 
-8.21781, -14.47983, -3.66828, -8.74552, -3.78789, -4.95202, 
-4.73617, -4.69948, -14.09958, -12.91689, 0, 0, 0, 0, 0, 0, 0, 
0, 0, 0, 0, 0, 0, 0, 0, 0, 0, 0, 0, 0, 0, 0, 0.89, 0.89667, 0.91905, 
0.90952, 0.89702, 0.90893, 0.9, 0.91667, 0.88556, 0.89556, 0.90182, 
0.87333, 0.86, 0.91905, 0.90952, 0.8375, 0.89643, 0.8875, 0.89306, 
0.83972, 0.88444, 0.90182, 0.026, 0.0298, 0.027, 0.0307, 0.0283, 
0.0322, 0.033, 0.034, 0.0346, 0.0348, 0.0354, 38.9, 41.3, 33.9, 
52, 55, 60, 62.8, 66.9, 70.5, 74.3, 75.8, 2208, 47, 70, 1, 488, 
4, 6, 6, 207, 4, 69, 1, 9, 157, 33, 1, 57, 265, 126, 25, 34, 
25, 100, 100, 100, 100, 100, 100, 100, 100, 100, 100, 100, 2500, 
2500, 2500, 2500, 2500, 2500, 2500, 2500, 2500, 2500, 2500, 7053.355, 
7268.607, 7115.987, 7332.531, 7300.29, 7301.944, 7253.439, 7234.42599999999, 
7271.06200000001, 7260.014, 7271.924, 1, 1, 1, 1, 1, 1, 1, 1, 
1, 1, 1, 0.02, 0.02, 0.02, 0.02, 0.02, 0.02, 0.02, 0.02, 0.02, 
0.02, 0.02, 0, 0, 0, 0, 0, 0, 0, 0, 0, 0, 0, 0, 0, 0, 0, 0, 0, 
0, 0, 0, 0, 0, 0.85667, 0.85667, 0.90238, 0.90714, 0.87857, 0.88214, 
0.9, 0.89306, 0.88556, 0.86444, 0.88071, 0.85667, 0.89333, 0.88571, 
0.90714, 0.87857, 0.89464, 0.9, 0.89306, 0.86194, 0.88444, 0.87071, 
0.0261, 0.03, 0.0304, 0.0306, 0.0288, 0.0315, 0.029, 0.0336, 
0.0335, 0.0337, 0.0311, 37.8, 41.3, 44.3, 46.9, 50.1, 52.8, 56.2, 
56.5, 59.8, 62.8, 63.7, 1, 1, 1, 1, 1, 1, 1, 1, 1, 1, 1, 1, 1, 
1, 1, 1, 1, 1, 1, 1, 1, 1, 1, 1, 1, 1, 1, 1, 1, 1, 1, 1, 1, 1, 
1, 1, 1, 1, 1, 1, 1, 1, 1, 1, 2.732, 2.976, 2.949, 2.975, 2.837, 
2.955, 2.692, 3.025, 2.913, 2.918, 2.704), .Dim = c(11L, 40L), .Dimnames = list(
    NULL, c("Sampling", "PSO.cost", "PSO.gamma", "PSO.data.balancing", 
    "PSO.feature.selection", "PSO.valid.acc", "PSO.test.acc", 
    "PSO.train.time", "PSO.n.support.vectors", "PSO.index", "PSO.n.solutions", 
    "PSO.generations", "PSO.n.evaluations", "PSO.cpu.time", "RS.cost", 
    "RS.gamma", "RS.data.balancing", "RS.feature.selection", 
    "RS.valid.acc", "RS.test.acc", "RS.train.time", "RS.n.support.vectors", 
    "RS.index", "RS.n.solutions", "RS.generations", "RS.n.evaluations", 
    "RS.cpu.time", "DF.cost", "DF.gamma", "DF.data.balancing", 
    "DF.feature.selection", "DF.valid.acc", "DF.test.acc", "DF.train.time", 
    "DF.n.support.vectors", "DF.index", "DF.n.solutions", "DF.generations", 
    "DF.n.evaluations", "DF.cpu.time")))
