full <-
structure(c(50, 55, 60, 65, 70, 75, 80, 85, 90, 95, 100, -0.60305, 
9.0993, 7.05793, 10.44163, -1.71142, 10.60838, 0.12253, 3.30467, 
-1.25274, 1, -1.13609, -5.53494, -14.35996, -5.78799, -6.1324, 
-6.22503, -5.67736, -14.95852, -14.53318, -9.82952, 0.02, -9.71421, 
0, 0, 0, 0, 0, 0, 0, 0, 0, 0, 0, 0, 0, 0, 0, 0, 0, 0, 0, 0, 0, 
0, 0.90667, 0.92667, 0.93571, 0.92619, 0.92857, 0.90357, 0.9, 
0.89583, 0.89722, 0.88167, 0.89778, 0.90667, 0.89333, 0.91905, 
0.9119, 0.86905, 0.875, 0.875, 0.84861, 0.8625, 0.87167, 0.89778, 
0.027, 0.0291, 0.0309, 0.0289, 0.0312, 0.0299, 0.0324, 0.0326, 
0.0334, 0.0359, 0.0341, 37.3, 23.8, 40.5, 40.8, 48.9, 52.3, 64, 
67.2, 71.5, 62.8, 76.9, 959, 2, 38, 2, 228, 22, 3, 582, 692, 
1, 61, 63, 1997, 1328, 1441, 118, 1078, 1861, 110, 110, 362, 
304, 100, 100, 100, 100, 100, 100, 100, 100, 100, 100, 100, 2500, 
2500, 2500, 2500, 2500, 2500, 2500, 2500, 2500, 2500, 2500, 7647.665, 
7979.143, 7889.875, 7825.13600000001, 7769.651, 7664.201, 7731.32000000001, 
7704.54900000001, 7835.90800000001, 7909.85800000001, 7887.64600000001, 
-0.65289, 14.72455, 3.63417, 11.8452, -1.83305, 8.78933, -0.91062, 
-1.5658, 1.47281, 3.18773, 1.29971, -5.39674, -14.41833, -6.0814, 
-6.22584, -5.70608, -6.50992, -12.63822, -9.39409, -12.67443, 
-5.57175, -12.02491, 0, 0, 0, 0, 0, 0, 0, 0, 0, 0, 0, 0, 0, 0, 
0, 0, 0, 0, 0, 0, 0, 0, 0.90667, 0.92667, 0.93571, 0.92619, 0.91607, 
0.90357, 0.9, 0.90833, 0.89722, 0.88167, 0.89778, 0.90667, 0.89333, 
0.91905, 0.9119, 0.86905, 0.88929, 0.875, 0.83611, 0.88611, 0.85056, 
0.89778, 0.0303, 0.0292, 0.0273, 0.031, 0.0307, 0.0311, 0.0328, 
0.0337, 0.0346, 0.034, 0.0351, 38.1, 22, 38, 40, 52.7, 42.5, 
64, 67.6, 71.4, 65.7, 73.5, 1574, 1, 15, 103, 1987, 8, 21, 263, 
65, 5, 40, 1, 694, 67, 54, 1, 222, 115, 1, 5, 99, 37, 100, 100, 
100, 100, 100, 100, 100, 100, 100, 100, 100, 2500, 2500, 2500, 
2500, 2500, 2500, 2500, 2500, 2500, 2500, 2500, 8005.755, 7857.371, 
7755.291, 7755.934, 7468.31599999999, 7569.11599999999, 7748.69, 
7696.537, 7731.24000000002, 7868.62300000002, 7957.60700000002, 
1, 1, 1, 1, 1, 1, 1, 1, 1, 1, 1, 0.02, 0.02, 0.02, 0.02, 0.02, 
0.02, 0.02, 0.02, 0.02, 0.02, 0.02, 0, 0, 0, 0, 0, 0, 0, 0, 0, 
0, 0, 0, 0, 0, 0, 0, 0, 0, 0, 0, 0, 0, 0.86167, 0.91, 0.90238, 
0.89524, 0.87143, 0.87679, 0.875, 0.88333, 0.86472, 0.88167, 
0.88758, 0.90667, 0.89333, 0.91905, 0.9119, 0.85714, 0.875, 0.8875, 
0.88333, 0.86361, 0.87167, 0.87758, 0.0286, 0.0302, 0.0349, 0.0279, 
0.0278, 0.0309, 0.0338, 0.0324, 0.0338, 0.0343, 0.0341, 36.1, 
39.8, 42.1, 45.8, 47.7, 51.2, 54.4, 57.3, 60.8, 62.8, 64.6, 1, 
1, 1, 1, 1, 1, 1, 1, 1, 1, 1, 1, 1, 1, 1, 1, 1, 1, 1, 1, 1, 1, 
1, 1, 1, 1, 1, 1, 1, 1, 1, 1, 1, 1, 1, 1, 1, 1, 1, 1, 1, 1, 1, 
1, 3.255, 3.219, 3.221, 2.887, 2.85, 3.159, 3.065, 3.168, 3.107, 
3.152, 3.113), .Dim = c(11L, 40L), .Dimnames = list(NULL, c("Sampling", 
"PSO.cost", "PSO.gamma", "PSO.data.balancing", "PSO.feature.selection", 
"PSO.valid.acc", "PSO.test.acc", "PSO.train.time", "PSO.n.support.vectors", 
"PSO.index", "PSO.n.solutions", "PSO.generations", "PSO.n.evaluations", 
"PSO.cpu.time", "RS.cost", "RS.gamma", "RS.data.balancing", "RS.feature.selection", 
"RS.valid.acc", "RS.test.acc", "RS.train.time", "RS.n.support.vectors", 
"RS.index", "RS.n.solutions", "RS.generations", "RS.n.evaluations", 
"RS.cpu.time", "DF.cost", "DF.gamma", "DF.data.balancing", "DF.feature.selection", 
"DF.valid.acc", "DF.test.acc", "DF.train.time", "DF.n.support.vectors", 
"DF.index", "DF.n.solutions", "DF.generations", "DF.n.evaluations", 
"DF.cpu.time")))
