full <-
structure(c(50, 55, 60, 65, 70, 75, 80, 85, 90, 95, 100, -0.30174, 
1.82287, 4.16628, 2.98816, 5.40954, 3.1834, -2, -0.97541, 4.49646, 
1.83068, 1.22269, -7.30168, -11.97172, -13.24344, -12.47348, 
-14.22668, -12.16578, -5.03061, -9.40866, -5.28665, -4.92784, 
-12.15733, 0, 0, 0, 0, 0, 0, 0, 0, 0, 0, 0, 0, 0, 0, 0, 0, 0, 
0, 0, 0, 0, 0, 0.92667, 0.90833, 0.91667, 0.90714, 0.92619, 0.91964, 
0.925, 0.89444, 0.90111, 0.90556, 0.90051, 0.90667, 0.90833, 
0.9, 0.90714, 0.89524, 0.90714, 0.9125, 0.89444, 0.86639, 0.88444, 
0.90051, 0.0296, 0.0293, 0.0286, 0.0293, 0.0295, 0.0305, 0.0326, 
0.0333, 0.0352, 0.0337, 0.0349, 29.8, 41.3, 34.1, 40.2, 37.6, 
40.7, 63, 62.4, 65.8, 72, 75.8, 2, 15, 12, 5, 188, 266, 164, 
102, 30, 4, 51, 1031, 332, 1271, 749, 171, 430, 537, 383, 641, 
642, 364, 100, 100, 100, 100, 100, 100, 100, 100, 100, 100, 100, 
2500, 2500, 2500, 2500, 2500, 2500, 2500, 2500, 2500, 2500, 2500, 
8077.281, 7642.685, 7505.459, 7421.075, 7738.447, 7832.02799999999, 
8034.413, 8049.905, 7839.91800000002, 7755.546, 7792.95199999999, 
0.09084, 0.45616, 0.32752, 0.09381, 3.63556, 0.12519, -1.638, 
0.21103, 11.15102, 11.45769, -0.70041, -8.79316, -10.42512, -9.37204, 
-9.00285, -12.38648, -8.93626, -6.18749, -10.38936, -5.03943, 
-4.854, -10.20913, 0, 0, 0, 0, 0, 0, 0, 0, 0, 0, 0, 0, 0, 0, 
0, 0, 0, 0, 0, 0, 0, 0, 0.92667, 0.90833, 0.91667, 0.90714, 0.92619, 
0.91964, 0.9125, 0.89444, 0.90111, 0.90556, 0.90051, 0.92667, 
0.88333, 0.91667, 0.90714, 0.89524, 0.90714, 0.89821, 0.89444, 
0.86639, 0.88444, 0.90051, 0.029, 0.0286, 0.0285, 0.0286, 0.0294, 
0.0301, 0.0318, 0.0327, 0.0326, 0.0344, 0.0345, 31.7, 41, 36.1, 
38.1, 37.3, 41.4, 54.5, 59.7, 67.6, 72.8, 77.1, 45, 116, 23, 
96, 80, 19, 213, 5, 36, 12, 69, 165, 28, 253, 102, 23, 61, 7, 
47, 141, 120, 32, 100, 100, 100, 100, 100, 100, 100, 100, 100, 
100, 100, 2500, 2500, 2500, 2500, 2500, 2500, 2500, 2500, 2500, 
2500, 2500, 7983.714, 7482.901, 7535.42000000001, 7584.771, 7762.98800000001, 
7991.273, 8073.14599999999, 7967.88800000001, 7829.28700000001, 
7700.77600000001, 7991.283, 1, 1, 1, 1, 1, 1, 1, 1, 1, 1, 1, 
0.02, 0.02, 0.02, 0.02, 0.02, 0.02, 0.02, 0.02, 0.02, 0.02, 0.02, 
0, 0, 0, 0, 0, 0, 0, 0, 0, 0, 0, 0, 0, 0, 0, 0, 0, 0, 0, 0, 0, 
0, 0.87, 0.88333, 0.88333, 0.87619, 0.88095, 0.88214, 0.9, 0.88194, 
0.8775, 0.88444, 0.8896, 0.88667, 0.86667, 0.88333, 0.89286, 
0.88095, 0.90714, 0.89821, 0.88194, 0.88861, 0.89444, 0.8896, 
0.0284, 0.029, 0.0297, 0.0287, 0.0301, 0.0312, 0.032, 0.0328, 
0.0329, 0.0333, 0.0345, 36.8, 40.7, 43.1, 44.6, 47.7, 50, 52.5, 
56.8, 58.5, 60.6, 64.1, 1, 1, 1, 1, 1, 1, 1, 1, 1, 1, 1, 1, 1, 
1, 1, 1, 1, 1, 1, 1, 1, 1, 1, 1, 1, 1, 1, 1, 1, 1, 1, 1, 1, 1, 
1, 1, 1, 1, 1, 1, 1, 1, 1, 1, 3.193, 3.044, 2.971, 3.046, 3.057, 
3.189, 3.246, 3.213, 3.145, 3.05, 3.211), .Dim = c(11L, 40L), .Dimnames = list(
    NULL, c("Sampling", "PSO.cost", "PSO.gamma", "PSO.data.balancing", 
    "PSO.feature.selection", "PSO.valid.acc", "PSO.test.acc", 
    "PSO.train.time", "PSO.n.support.vectors", "PSO.index", "PSO.n.solutions", 
    "PSO.generations", "PSO.n.evaluations", "PSO.cpu.time", "RS.cost", 
    "RS.gamma", "RS.data.balancing", "RS.feature.selection", 
    "RS.valid.acc", "RS.test.acc", "RS.train.time", "RS.n.support.vectors", 
    "RS.index", "RS.n.solutions", "RS.generations", "RS.n.evaluations", 
    "RS.cpu.time", "DF.cost", "DF.gamma", "DF.data.balancing", 
    "DF.feature.selection", "DF.valid.acc", "DF.test.acc", "DF.train.time", 
    "DF.n.support.vectors", "DF.index", "DF.n.solutions", "DF.generations", 
    "DF.n.evaluations", "DF.cpu.time")))
