full <-
structure(c(50, 55, 60, 65, 70, 75, 80, 85, 90, 95, 100, 1.94216, 
-2, -0.49581, 0.70979, 0.37826, -0.85369, -1.40164, 5.36807, 
3.49223, 8.39327, 3.83422, -9.70786, -7.20126, -7.77155, -8.71186, 
-10.31803, -8.55627, -8.91823, -13.97056, -15, -5.4472, -14.48759, 
0, 0, 0, 0, 0, 0, 0, 0, 0, 0, 0, 0, 0, 0, 0, 0, 0, 0, 0, 0, 0, 
0, 0.935, 0.94667, 0.93333, 0.9381, 0.92143, 0.93214, 0.92639, 
0.90556, 0.93667, 0.91333, 0.90162, 0.91833, 0.94667, 0.9, 0.90952, 
0.92143, 0.93214, 0.92639, 0.88194, 0.89194, 0.89222, 0.90162, 
0.0265, 0.0291, 0.0298, 0.031, 0.0308, 0.0317, 0.0321, 0.0368, 
0.0388, 0.0394, 0.0377, 26.4, 43.1, 36.5, 33.7, 48.3, 47.6, 61.4, 
43.1, 71.6, 64.5, 72.4, 55, 268, 7, 5, 38, 7, 90, 163, 110, 26, 
5, 504, 598, 1474, 410, 404, 747, 535, 601, 107, 1751, 177, 100, 
100, 100, 100, 100, 100, 100, 100, 100, 100, 100, 2500, 2500, 
2500, 2500, 2500, 2500, 2500, 2500, 2500, 2500, 2500, 7572.272, 
7504.546, 7660.599, 8083.064, 8013.399, 8002.82800000001, 8022.58900000001, 
10350.744, 10306.145, 10275.548, 10342.809, 0.19683, -1.04458, 
-1.30182, 0.10366, 3.38359, 5.42463, 3.2362, -0.54971, -1.92773, 
3.36347, -0.73566, -8.00942, -8.67734, -9.70495, -8.12652, -13.23913, 
-14.071, -13.4988, -4.23888, -9.1261, -14.64421, -9.87627, 0, 
0, 0, 0, 0, 0, 0, 0, 0, 0, 0, 0, 0, 0, 0, 0, 0, 0, 0, 0, 0, 0, 
0.935, 0.93, 0.93333, 0.9381, 0.92143, 0.93214, 0.92639, 0.91944, 
0.93667, 0.91444, 0.90162, 0.91833, 0.94667, 0.93333, 0.90952, 
0.92143, 0.93214, 0.92639, 0.88194, 0.92667, 0.89333, 0.90162, 
0.0268, 0.0301, 0.0303, 0.03, 0.0309, 0.031, 0.0325, 0.0379, 
0.0398, 0.0385, 0.0398, 29.2, 41.7, 48, 34.7, 45.7, 38.9, 55.5, 
67.2, 71.8, 75.3, 74.1, 163, 307, 14, 23, 3, 65, 93, 1716, 1330, 
223, 146, 65, 8, 171, 86, 55, 102, 59, 1, 2, 25, 21, 100, 100, 
100, 100, 100, 100, 100, 100, 100, 100, 100, 2500, 2500, 2500, 
2500, 2500, 2500, 2500, 2500, 2500, 2500, 2500, 7501.305, 7545.517, 
8015.769, 8057.586, 8050.318, 8018.413, 9743.44600000001, 10315.983, 
10281.342, 10360.931, 10346.853, 1, 1, 1, 1, 1, 1, 1, 1, 1, 1, 
1, 0.02, 0.02, 0.02, 0.02, 0.02, 0.02, 0.02, 0.02, 0.02, 0.02, 
0.02, 0, 0, 0, 0, 0, 0, 0, 0, 0, 0, 0, 0, 0, 0, 0, 0, 0, 0, 0, 
0, 0, 0, 0.87, 0.87333, 0.88333, 0.87857, 0.87798, 0.89286, 0.88889, 
0.89444, 0.90167, 0.90333, 0.89162, 0.87333, 0.87, 0.88333, 0.89286, 
0.87798, 0.90536, 0.9, 0.89444, 0.90167, 0.90333, 0.89162, 0.0273, 
0.0265, 0.0306, 0.0302, 0.0308, 0.031, 0.0375, 0.0381, 0.0389, 
0.0374, 0.0388, 36.5, 39.8, 42.6, 45.2, 47.7, 50, 52.5, 56.1, 
58, 59.2, 64.4, 1, 1, 1, 1, 1, 1, 1, 1, 1, 1, 1, 1, 1, 1, 1, 
1, 1, 1, 1, 1, 1, 1, 1, 1, 1, 1, 1, 1, 1, 1, 1, 1, 1, 1, 1, 1, 
1, 1, 1, 1, 1, 1, 1, 1, 2.969, 2.811, 3.269, 3.191, 3.187, 3.147, 
4.143, 4.252, 4.188, 4.102, 4.108), .Dim = c(11L, 40L), .Dimnames = list(
    NULL, c("Sampling", "PSO.cost", "PSO.gamma", "PSO.data.balancing", 
    "PSO.feature.selection", "PSO.valid.acc", "PSO.test.acc", 
    "PSO.train.time", "PSO.n.support.vectors", "PSO.index", "PSO.n.solutions", 
    "PSO.generations", "PSO.n.evaluations", "PSO.cpu.time", "RS.cost", 
    "RS.gamma", "RS.data.balancing", "RS.feature.selection", 
    "RS.valid.acc", "RS.test.acc", "RS.train.time", "RS.n.support.vectors", 
    "RS.index", "RS.n.solutions", "RS.generations", "RS.n.evaluations", 
    "RS.cpu.time", "DF.cost", "DF.gamma", "DF.data.balancing", 
    "DF.feature.selection", "DF.valid.acc", "DF.test.acc", "DF.train.time", 
    "DF.n.support.vectors", "DF.index", "DF.n.solutions", "DF.generations", 
    "DF.n.evaluations", "DF.cpu.time")))
