full <-
structure(c(50, 55, 60, 65, 70, 75, 80, 85, 90, 95, 100, 1, 6.31281, 
1, -2, 1, 7.64246, 1, 4.00129, 12.49539, 3.84018, 2.9729, 0.02, 
-8.32296, 0.02, -6.03585, 0.02, -4.5951, 0.02, -14.48492, -4.10843, 
-3.64875, -13.85796, 0, 0, 0, 0, 0, 0, 0, 0, 0, 0, 0, 0, 0, 0, 
0, 0, 0, 0, 0, 0, 0, 0, 0.93833, 0.92667, 0.95, 0.95476, 0.9256, 
0.93393, 0.9246, 0.90806, 0.89056, 0.90556, 0.8998, 0.93833, 
0.91, 0.93333, 0.92143, 0.9256, 0.93393, 0.9121, 0.90806, 0.89056, 
0.90556, 0.8998, 0.0285, 0.026, 0.027, 0.0281, 0.0316, 0.0321, 
0.032, 0.0325, 0.0342, 0.0344, 0.038, 37.4, 22.8, 42.5, 50, 49.2, 
59.4, 53.2, 63, 71.7, 76, 75.3, 1, 3, 1, 358, 1, 6, 1, 31, 9, 
63, 15, 1220, 1361, 881, 408, 837, 1287, 147, 233, 1497, 662, 
396, 100, 100, 100, 100, 100, 100, 100, 100, 100, 100, 100, 2500, 
2500, 2500, 2500, 2500, 2500, 2500, 2500, 2500, 2500, 2500, 7108.605, 
7047.716, 6938.494, 6875.213, 7417.668, 7418.27200000001, 7417.56000000001, 
7438.121, 7272.876, 8878.78700000001, 10021.918, 6.93777, -0.24522, 
11.20243, 5.32309, 2.50616, 14.97683, 4.17992, 0.04764, 7.38732, 
8.30227, 1.66485, -3.9609, -4.16679, -5.39216, -7.50442, -5.66122, 
-4.70243, -5.1779, -10.54592, -4.27926, -4.2277, -12.17366, 0, 
0, 0, 0, 0, 0, 0, 0, 0, 0, 0, 0, 0, 0, 0, 0, 0, 0, 0, 0, 0, 0, 
0.93833, 0.94333, 0.95, 0.95238, 0.9256, 0.93393, 0.9246, 0.90806, 
0.89056, 0.90556, 0.8998, 0.92167, 0.94333, 0.93333, 0.90714, 
0.9131, 0.93393, 0.9246, 0.90806, 0.89056, 0.90556, 0.8898, 0.0273, 
0.0275, 0.0276, 0.0271, 0.0304, 0.0315, 0.0321, 0.0327, 0.0344, 
0.0369, 0.0384, 40, 44, 43.6, 27.8, 48.4, 59.2, 59.2, 64.4, 71.5, 
75.6, 71, 3, 477, 70, 5, 13, 34, 51, 88, 12, 36, 51, 616, 1, 
227, 545, 230, 85, 52, 20, 100, 47, 56, 100, 100, 100, 100, 100, 
100, 100, 100, 100, 100, 100, 2500, 2500, 2500, 2500, 2500, 2500, 
2500, 2500, 2500, 2500, 2500, 7088.337, 7043.513, 6880.771, 7251.95, 
7403.178, 7397.12300000001, 7405.579, 7359.728, 7293.71999999999, 
9959.473, 10014.016, 1, 1, 1, 1, 1, 1, 1, 1, 1, 1, 1, 0.02, 0.02, 
0.02, 0.02, 0.02, 0.02, 0.02, 0.02, 0.02, 0.02, 0.02, 0, 0, 0, 
0, 0, 0, 0, 0, 0, 0, 0, 0, 0, 0, 0, 0, 0, 0, 0, 0, 0, 0, 0.93833, 
0.92333, 0.95, 0.95238, 0.9256, 0.90536, 0.9246, 0.88306, 0.88806, 
0.87444, 0.8898, 0.93833, 0.94333, 0.93333, 0.93571, 0.9256, 
0.93393, 0.9121, 0.88306, 0.88806, 0.88444, 0.88071, 0.0273, 
0.0267, 0.0278, 0.0287, 0.031, 0.0307, 0.0327, 0.0323, 0.0322, 
0.037, 0.0375, 37.4, 40.1, 42.5, 45.8, 49.2, 51.7, 53.2, 57.1, 
59.1, 61.9, 64.5, 1, 1, 1, 1, 1, 1, 1, 1, 1, 1, 1, 1, 1, 1, 1, 
1, 1, 1, 1, 1, 1, 1, 1, 1, 1, 1, 1, 1, 1, 1, 1, 1, 1, 1, 1, 1, 
1, 1, 1, 1, 1, 1, 1, 1, 2.814, 2.773, 2.696, 2.949, 2.999, 2.907, 
3.03, 2.999, 2.819, 4.035, 3.998), .Dim = c(11L, 40L), .Dimnames = list(
    NULL, c("Sampling", "PSO.cost", "PSO.gamma", "PSO.data.balancing", 
    "PSO.feature.selection", "PSO.valid.acc", "PSO.test.acc", 
    "PSO.train.time", "PSO.n.support.vectors", "PSO.index", "PSO.n.solutions", 
    "PSO.generations", "PSO.n.evaluations", "PSO.cpu.time", "RS.cost", 
    "RS.gamma", "RS.data.balancing", "RS.feature.selection", 
    "RS.valid.acc", "RS.test.acc", "RS.train.time", "RS.n.support.vectors", 
    "RS.index", "RS.n.solutions", "RS.generations", "RS.n.evaluations", 
    "RS.cpu.time", "DF.cost", "DF.gamma", "DF.data.balancing", 
    "DF.feature.selection", "DF.valid.acc", "DF.test.acc", "DF.train.time", 
    "DF.n.support.vectors", "DF.index", "DF.n.solutions", "DF.generations", 
    "DF.n.evaluations", "DF.cpu.time")))
