full <-
structure(c(50, 55, 60, 65, 70, 75, 80, 85, 90, 95, 100, 1, -1.42213, 
5.31874, 6.18809, -1.81566, 9.21242, 1.05483, -1.53158, 14.44157, 
1.14847, 9.75091, 0.02, -6.18507, -4.88546, -5.09517, -5.9182, 
-4.77871, -5.50883, -5.77447, -4.97362, -4.9164, -5.18343, 0, 
0, 0, 0, 0, 0, 0, 0, 0, 0, 0, 0, 0, 0, 0, 0, 0, 0, 0, 0, 0, 0, 
0.92167, 0.91333, 0.88571, 0.87381, 0.88929, 0.89643, 0.9131, 
0.89583, 0.90833, 0.90444, 0.90091, 0.92167, 0.87333, 0.85238, 
0.87381, 0.88929, 0.89643, 0.88948, 0.88333, 0.87611, 0.89333, 
0.87091, 0.0286, 0.0302, 0.0313, 0.0319, 0.0325, 0.0332, 0.0351, 
0.0326, 0.0349, 0.0345, 0.0354, 38.3, 41.6, 47.9, 51.6, 54.1, 
58.9, 57, 60.2, 68.5, 71.5, 73.1, 1, 763, 3, 7, 512, 6, 463, 
48, 11, 31, 16, 233, 183, 1622, 1563, 109, 1706, 165, 607, 1372, 
1298, 1438, 100, 100, 100, 100, 100, 100, 100, 100, 100, 100, 
100, 2500, 2500, 2500, 2500, 2500, 2500, 2500, 2500, 2500, 2500, 
2500, 7164.546, 7342.507, 7220.737, 7163.96200000001, 7294.221, 
7588.62400000001, 9662.595, 7404.796, 7390.75199999999, 7514.03099999999, 
7578.209, 5.54265, -1.67983, 6.78757, 0.53417, -1.65711, 14.89691, 
1.05991, -1.87855, 6.69317, 9.43803, 10.41769, -5.35303, -5.69903, 
-5.28119, -4.05887, -5.48699, -4.52103, -5.58956, -6.52955, -4.86249, 
-4.46035, -5.35815, 0, 0, 0, 0, 0, 0, 0, 0, 0, 0, 0, 0, 0, 0, 
0, 0, 0, 0, 0, 0, 0, 0, 0.92167, 0.91333, 0.88571, 0.87381, 0.88929, 
0.89643, 0.9131, 0.89583, 0.90833, 0.90444, 0.90091, 0.92167, 
0.89333, 0.86905, 0.87381, 0.875, 0.89643, 0.88948, 0.88472, 
0.88722, 0.89333, 0.87091, 0.0287, 0.0299, 0.0302, 0.0289, 0.0324, 
0.0316, 0.0362, 0.0326, 0.0336, 0.035, 0.0353, 39.1, 43.1, 47.1, 
52, 55.3, 59.3, 56.1, 58.5, 69.4, 75.1, 70.6, 1, 660, 18, 18, 
753, 7, 82, 19, 12, 61, 22, 79, 4, 202, 208, 1, 321, 1, 29, 67, 
92, 110, 100, 100, 100, 100, 100, 100, 100, 100, 100, 100, 100, 
2500, 2500, 2500, 2500, 2500, 2500, 2500, 2500, 2500, 2500, 2500, 
7153.962, 7249.243, 7114.198, 7195.94, 7149.124, 8957.944, 9527.47799999999, 
7360.37999999999, 7395.764, 7527.70599999998, 7546.75, 1, 1, 
1, 1, 1, 1, 1, 1, 1, 1, 1, 0.02, 0.02, 0.02, 0.02, 0.02, 0.02, 
0.02, 0.02, 0.02, 0.02, 0.02, 0, 0, 0, 0, 0, 0, 0, 0, 0, 0, 0, 
0, 0, 0, 0, 0, 0, 0, 0, 0, 0, 0, 0.92167, 0.87667, 0.87143, 0.84286, 
0.86071, 0.88214, 0.89881, 0.88333, 0.89833, 0.89333, 0.89091, 
0.92167, 0.89, 0.87143, 0.84286, 0.8875, 0.88214, 0.8877, 0.89444, 
0.88722, 0.88222, 0.89091, 0.0278, 0.0307, 0.0311, 0.0323, 0.0324, 
0.0317, 0.032, 0.0332, 0.033, 0.0335, 0.0347, 38.3, 41.5, 45.6, 
48.7, 51, 53.8, 55.3, 57.5, 60.7, 62, 64.1, 1, 1, 1, 1, 1, 1, 
1, 1, 1, 1, 1, 1, 1, 1, 1, 1, 1, 1, 1, 1, 1, 1, 1, 1, 1, 1, 1, 
1, 1, 1, 1, 1, 1, 1, 1, 1, 1, 1, 1, 1, 1, 1, 1, 1, 2.853, 3.055, 
2.992, 3.036, 2.991, 3.552, 2.922, 2.949, 2.975, 2.953, 3.036
), .Dim = c(11L, 40L), .Dimnames = list(NULL, c("Sampling", "PSO.cost", 
"PSO.gamma", "PSO.data.balancing", "PSO.feature.selection", "PSO.valid.acc", 
"PSO.test.acc", "PSO.train.time", "PSO.n.support.vectors", "PSO.index", 
"PSO.n.solutions", "PSO.generations", "PSO.n.evaluations", "PSO.cpu.time", 
"RS.cost", "RS.gamma", "RS.data.balancing", "RS.feature.selection", 
"RS.valid.acc", "RS.test.acc", "RS.train.time", "RS.n.support.vectors", 
"RS.index", "RS.n.solutions", "RS.generations", "RS.n.evaluations", 
"RS.cpu.time", "DF.cost", "DF.gamma", "DF.data.balancing", "DF.feature.selection", 
"DF.valid.acc", "DF.test.acc", "DF.train.time", "DF.n.support.vectors", 
"DF.index", "DF.n.solutions", "DF.generations", "DF.n.evaluations", 
"DF.cpu.time")))
