full <-
structure(c(50, 55, 60, 65, 70, 75, 80, 85, 90, 95, 100, 5.94242, 
-1.06878, -1.2827, 4.14174, 2.13589, -2, 1.34174, 7.27216, 3.97866, 
-0.66428, 1.72062, -15, -8.14297, -8.38977, -10.33096, -12.22865, 
-5.71106, -6.48062, -4.96809, -5.73675, -9.83007, -12.75182, 
0, 0, 0, 0, 0, 0, 0, 0, 0, 0, 0, 0, 0, 0, 0, 0, 0, 0, 0, 0, 0, 
0, 0.88167, 0.90667, 0.91905, 0.89048, 0.88393, 0.91071, 0.90139, 
0.90806, 0.90944, 0.90417, 0.90071, 0.88167, 0.90667, 0.91905, 
0.87381, 0.88393, 0.89821, 0.88889, 0.89694, 0.88722, 0.90417, 
0.89071, 0.0296, 0.0272, 0.0291, 0.0292, 0.0302, 0.0316, 0.0301, 
0.0331, 0.0346, 0.0375, 0.0385, 32.5, 40.8, 45.4, 28.1, 50.6, 
58.2, 42.6, 64.7, 59.8, 70.3, 76.7, 70, 386, 66, 174, 6, 807, 
65, 46, 6, 63, 5, 537, 167, 186, 97, 386, 110, 266, 1297, 1466, 
411, 186, 100, 100, 100, 100, 100, 100, 100, 100, 100, 100, 100, 
2500, 2500, 2500, 2500, 2500, 2500, 2500, 2500, 2500, 2500, 2500, 
7823.735, 7082.7, 7360.064, 7303.351, 7553.087, 7525.637, 7664.287, 
7789.315, 7883.023, 7861.21299999999, 7794.08499999999, 5.09782, 
-1.37909, 1.33041, 4.99148, -1.74321, -1.87539, 1.36645, 5.82571, 
4.63768, -1.76206, 3.76199, -14.25778, -7.96727, -11.0672, -11.23012, 
-7.93743, -5.50314, -6.62692, -5.13659, -5.84055, -9.08981, -14.67391, 
0, 0, 0, 0, 0, 0, 0, 0, 0, 0, 0, 0, 0, 0, 0, 0, 0, 0, 0, 0, 0, 
0, 0.88167, 0.90667, 0.91905, 0.89048, 0.88393, 0.91071, 0.90139, 
0.90806, 0.90944, 0.90417, 0.90071, 0.88167, 0.90667, 0.90238, 
0.87381, 0.88393, 0.89821, 0.88889, 0.89694, 0.88722, 0.90417, 
0.90071, 0.0295, 0.0273, 0.0294, 0.0291, 0.0307, 0.0319, 0.0314, 
0.0333, 0.0352, 0.0336, 0.0336, 33.6, 42, 41.8, 28.1, 53.7, 58.5, 
40.8, 63.4, 58.1, 74.9, 75.9, 61, 458, 205, 84, 48, 2082, 12, 
113, 158, 3, 145, 45, 3, 8, 3, 39, 2, 45, 58, 54, 25, 9, 100, 
100, 100, 100, 100, 100, 100, 100, 100, 100, 100, 2500, 2500, 
2500, 2500, 2500, 2500, 2500, 2500, 2500, 2500, 2500, 7471.828, 
7176.609, 7347.719, 7435.949, 7559.76599999999, 7556.92999999999, 
7679.96000000001, 7611.93700000001, 7855.31, 7863.182, 7858.209, 
1, 1, 1, 1, 1, 1, 1, 1, 1, 1, 1, 0.02, 0.02, 0.02, 0.02, 0.02, 
0.02, 0.02, 0.02, 0.02, 0.02, 0.02, 0, 0, 0, 0, 0, 0, 0, 0, 0, 
0, 0, 0, 0, 0, 0, 0, 0, 0, 0, 0, 0, 0, 0.85833, 0.89, 0.90238, 
0.85714, 0.87976, 0.89821, 0.88889, 0.88306, 0.88722, 0.89306, 
0.8798, 0.85833, 0.89, 0.90238, 0.87381, 0.87976, 0.89821, 0.88889, 
0.89556, 0.88722, 0.88306, 0.8898, 0.027, 0.0286, 0.0293, 0.0303, 
0.0302, 0.031, 0.0328, 0.037, 0.0323, 0.0326, 0.0374, 37.1, 40.3, 
43.5, 46.1, 49.7, 52.8, 55.4, 56.8, 59.7, 62.1, 64.1, 1, 1, 1, 
1, 1, 1, 1, 1, 1, 1, 1, 1, 1, 1, 1, 1, 1, 1, 1, 1, 1, 1, 1, 1, 
1, 1, 1, 1, 1, 1, 1, 1, 1, 1, 1, 1, 1, 1, 1, 1, 1, 1, 1, 1, 2.762, 
2.954, 2.943, 2.988, 2.99, 2.949, 3.087, 3.094, 3.097, 3.118, 
3.192), .Dim = c(11L, 40L), .Dimnames = list(NULL, c("Sampling", 
"PSO.cost", "PSO.gamma", "PSO.data.balancing", "PSO.feature.selection", 
"PSO.valid.acc", "PSO.test.acc", "PSO.train.time", "PSO.n.support.vectors", 
"PSO.index", "PSO.n.solutions", "PSO.generations", "PSO.n.evaluations", 
"PSO.cpu.time", "RS.cost", "RS.gamma", "RS.data.balancing", "RS.feature.selection", 
"RS.valid.acc", "RS.test.acc", "RS.train.time", "RS.n.support.vectors", 
"RS.index", "RS.n.solutions", "RS.generations", "RS.n.evaluations", 
"RS.cpu.time", "DF.cost", "DF.gamma", "DF.data.balancing", "DF.feature.selection", 
"DF.valid.acc", "DF.test.acc", "DF.train.time", "DF.n.support.vectors", 
"DF.index", "DF.n.solutions", "DF.generations", "DF.n.evaluations", 
"DF.cpu.time")))
