full <-
structure(c(50, 55, 60, 65, 70, 75, 80, 85, 90, 95, 100, 0.6496, 
1, -1.52062, -2, -2, -1.39773, -2, 3.35945, 3.89128, 3.68433, 
7.59497, -5.35715, 0.02, -5.69509, -6.98144, -7.61808, -7.62013, 
-7.78989, -14.35675, -15, -4.40279, -4.35266, 0, 0, 0, 0, 0, 
0, 0, 0, 0, 0, 0, 0, 0, 0, 0, 0, 0, 0, 0, 0, 0, 0, 0.92, 0.88667, 
0.86571, 0.8881, 0.90298, 0.90714, 0.91071, 0.90556, 0.89833, 
0.89778, 0.89889, 0.92, 0.88667, 0.86571, 0.85714, 0.87619, 0.89286, 
0.91071, 0.88056, 0.89833, 0.88667, 0.88889, 0.0292, 0.0293, 
0.0287, 0.0296, 0.0303, 0.0306, 0.0317, 0.0329, 0.0329, 0.0342, 
0.0344, 38.3, 40.5, 46.3, 50.1, 52.6, 49.9, 59.7, 66.5, 70.4, 
74.9, 79.3, 271, 1, 11, 830, 80, 2, 34, 3, 116, 33, 49, 357, 
495, 829, 46, 228, 329, 518, 358, 429, 503, 270, 100, 100, 100, 
100, 100, 100, 100, 100, 100, 100, 100, 2500, 2500, 2500, 2500, 
2500, 2500, 2500, 2500, 2500, 2500, 2500, 7251.298, 7287.677, 
7257.268, 7301.584, 7312.346, 7328.74800000001, 7340.96800000001, 
7318.091, 7313.565, 7338.61800000002, 7352.986, -1.31606, -0.7019, 
2.2283, 5.15715, 0.18303, 0.85524, -1.7908, 2.94642, 4.0983, 
11.21563, -1.4021, -5.57945, -6.53728, -11.24552, -14.69263, 
-10.39912, -10.37529, -8.39525, -13.66713, -14.88079, -3.74587, 
-9.53844, 0, 0, 0, 0, 0, 0, 0, 0, 0, 0, 0, 0, 0, 0, 0, 0, 0, 
0, 0, 0, 0, 0, 0.92, 0.88667, 0.86571, 0.87381, 0.90298, 0.90714, 
0.91071, 0.90556, 0.89833, 0.89778, 0.89889, 0.92, 0.88667, 0.86571, 
0.87381, 0.87619, 0.89286, 0.88571, 0.88056, 0.89833, 0.88667, 
0.89889, 0.0289, 0.0287, 0.0283, 0.029, 0.0306, 0.0309, 0.0321, 
0.032, 0.0327, 0.0343, 0.0349, 39.5, 37, 38.8, 44.1, 51.4, 47.8, 
60.8, 63.4, 68.3, 76, 78.1, 354, 17, 6, 34, 144, 124, 814, 42, 
17, 117, 8, 9, 97, 146, 160, 21, 33, 6, 34, 46, 31, 81, 100, 
100, 100, 100, 100, 100, 100, 100, 100, 100, 100, 2500, 2500, 
2500, 2500, 2500, 2500, 2500, 2500, 2500, 2500, 2500, 7266.86, 
7277.662, 7260.357, 7320.569, 7320.217, 7326.10299999999, 7302.598, 
7319.71399999999, 7301.72099999999, 7321.34699999998, 7319.323, 
1, 1, 1, 1, 1, 1, 1, 1, 1, 1, 1, 0.02, 0.02, 0.02, 0.02, 0.02, 
0.02, 0.02, 0.02, 0.02, 0.02, 0.02, 0, 0, 0, 0, 0, 0, 0, 0, 0, 
0, 0, 0, 0, 0, 0, 0, 0, 0, 0, 0, 0, 0, 0.90333, 0.88667, 0.84905, 
0.82619, 0.86012, 0.85357, 0.87321, 0.89306, 0.87722, 0.88667, 
0.87889, 0.92, 0.88667, 0.84905, 0.85714, 0.87262, 0.89286, 0.86071, 
0.88194, 0.87722, 0.88667, 0.87889, 0.0276, 0.028, 0.0283, 0.0293, 
0.0306, 0.0314, 0.0317, 0.0318, 0.0322, 0.0335, 0.0331, 36.5, 
40.5, 44.1, 47, 50, 51.4, 53.1, 55.3, 57.9, 62.1, 64.5, 1, 1, 
1, 1, 1, 1, 1, 1, 1, 1, 1, 1, 1, 1, 1, 1, 1, 1, 1, 1, 1, 1, 1, 
1, 1, 1, 1, 1, 1, 1, 1, 1, 1, 1, 1, 1, 1, 1, 1, 1, 1, 1, 1, 1, 
2.925, 2.928, 2.868, 2.916, 2.92, 2.942, 2.926, 2.929, 2.927, 
2.933, 2.946), .Dim = c(11L, 40L), .Dimnames = list(NULL, c("Sampling", 
"PSO.cost", "PSO.gamma", "PSO.data.balancing", "PSO.feature.selection", 
"PSO.valid.acc", "PSO.test.acc", "PSO.train.time", "PSO.n.support.vectors", 
"PSO.index", "PSO.n.solutions", "PSO.generations", "PSO.n.evaluations", 
"PSO.cpu.time", "RS.cost", "RS.gamma", "RS.data.balancing", "RS.feature.selection", 
"RS.valid.acc", "RS.test.acc", "RS.train.time", "RS.n.support.vectors", 
"RS.index", "RS.n.solutions", "RS.generations", "RS.n.evaluations", 
"RS.cpu.time", "DF.cost", "DF.gamma", "DF.data.balancing", "DF.feature.selection", 
"DF.valid.acc", "DF.test.acc", "DF.train.time", "DF.n.support.vectors", 
"DF.index", "DF.n.solutions", "DF.generations", "DF.n.evaluations", 
"DF.cpu.time")))
