full <-
structure(c(50, 55, 60, 65, 70, 75, 80, 85, 90, 95, 100, 12.7504, 
1, 4.08545, 0.60681, 2.45174, 5.02961, 9.95113, 1.20447, 2.98189, 
-2, 11.83083, -4.09008, 0.02, -9.45482, -11.07887, -13.53528, 
-4.19655, -4.64083, -4.10398, -4.24698, -5.90549, -3.99661, 0, 
0, 0, 0, 0, 0, 0, 0, 0, 0, 0, 0, 0, 0, 0, 0, 0, 0, 0, 0, 0, 0, 
0.92667, 0.91333, 0.91667, 0.9256, 0.93393, 0.90893, 0.9, 0.90833, 
0.91194, 0.90444, 0.89758, 0.90667, 0.91333, 0.85, 0.9256, 0.90536, 
0.89464, 0.8875, 0.90833, 0.90083, 0.90444, 0.88758, 0.0263, 
0.0286, 0.0275, 0.029, 0.03, 0.0303, 0.0307, 0.0316, 0.0348, 
0.0324, 0.0369, 40, 39.3, 23.6, 48.9, 55.3, 60, 63.3, 68, 71.2, 
68.3, 79.8, 173, 1, 186, 88, 567, 24, 7, 28, 174, 680, 13, 160, 
646, 225, 305, 65, 1394, 1493, 1554, 319, 114, 1618, 100, 100, 
100, 100, 100, 100, 100, 100, 100, 100, 100, 2500, 2500, 2500, 
2500, 2500, 2500, 2500, 2500, 2500, 2500, 2500, 6774.308, 6895.964, 
6998.711, 7056.571, 7066.459, 7091.535, 6794.257, 6968.66399999999, 
8212.50199999999, 7937.95999999999, 8142.533, 10.83775, 0.66754, 
5.33423, 2.38447, 2.34227, 6.24916, 6.54906, 5.02329, 11.22541, 
-0.14439, 13.83534, -4.09565, -9.48017, -11.05549, -12.51322, 
-13.38204, -4.13452, -4.6643, -5.35528, -4.26683, -5.4901, -4.11323, 
0, 0, 0, 0, 0, 0, 0, 0, 0, 0, 0, 0, 0, 0, 0, 0, 0, 0, 0, 0, 0, 
0, 0.92667, 0.91333, 0.91667, 0.9256, 0.91964, 0.90893, 0.9, 
0.90833, 0.91194, 0.89333, 0.89758, 0.90667, 0.91333, 0.86667, 
0.9256, 0.90536, 0.88036, 0.8875, 0.89583, 0.90083, 0.89333, 
0.89758, 0.0292, 0.0282, 0.0276, 0.0297, 0.0295, 0.0307, 0.0311, 
0.0315, 0.0355, 0.0369, 0.0367, 40, 33.5, 23.2, 46.4, 55.3, 60, 
63.2, 61.9, 71.2, 63.4, 79.5, 186, 1, 182, 88, 16, 12, 22, 9, 
141, 1, 91, 7, 399, 18, 33, 17, 68, 124, 250, 14, 272, 111, 100, 
100, 100, 100, 100, 100, 100, 100, 100, 100, 100, 2500, 2500, 
2500, 2500, 2500, 2500, 2500, 2500, 2500, 2500, 2500, 6857.623, 
6883.882, 7038.303, 7058.449, 7058.038, 7050.14, 6906.50199999999, 
7890.101, 8216.545, 8088.141, 7328.33800000002, 1, 1, 1, 1, 1, 
1, 1, 1, 1, 1, 1, 0.02, 0.02, 0.02, 0.02, 0.02, 0.02, 0.02, 0.02, 
0.02, 0.02, 0.02, 0, 0, 0, 0, 0, 0, 0, 0, 0, 0, 0, 0, 0, 0, 0, 
0, 0, 0, 0, 0, 0, 0, 0.90667, 0.91333, 0.9, 0.91131, 0.89107, 
0.88036, 0.875, 0.89583, 0.89083, 0.89333, 0.87646, 0.90667, 
0.91333, 0.9, 0.91131, 0.90536, 0.89286, 0.875, 0.88472, 0.89083, 
0.89333, 0.86646, 0.0277, 0.0278, 0.0289, 0.029, 0.0301, 0.0296, 
0.0302, 0.0311, 0.0353, 0.0381, 0.0332, 36.5, 39.3, 43.3, 46, 
48.8, 50.6, 53.5, 55.9, 58.4, 61, 63.8, 1, 1, 1, 1, 1, 1, 1, 
1, 1, 1, 1, 1, 1, 1, 1, 1, 1, 1, 1, 1, 1, 1, 1, 1, 1, 1, 1, 1, 
1, 1, 1, 1, 1, 1, 1, 1, 1, 1, 1, 1, 1, 1, 1, 1, 2.716, 2.801, 
2.83, 2.818, 2.835, 2.736, 2.751, 3.033, 3.303, 3.317, 2.865), .Dim = c(11L, 
40L), .Dimnames = list(NULL, c("Sampling", "PSO.cost", "PSO.gamma", 
"PSO.data.balancing", "PSO.feature.selection", "PSO.valid.acc", 
"PSO.test.acc", "PSO.train.time", "PSO.n.support.vectors", "PSO.index", 
"PSO.n.solutions", "PSO.generations", "PSO.n.evaluations", "PSO.cpu.time", 
"RS.cost", "RS.gamma", "RS.data.balancing", "RS.feature.selection", 
"RS.valid.acc", "RS.test.acc", "RS.train.time", "RS.n.support.vectors", 
"RS.index", "RS.n.solutions", "RS.generations", "RS.n.evaluations", 
"RS.cpu.time", "DF.cost", "DF.gamma", "DF.data.balancing", "DF.feature.selection", 
"DF.valid.acc", "DF.test.acc", "DF.train.time", "DF.n.support.vectors", 
"DF.index", "DF.n.solutions", "DF.generations", "DF.n.evaluations", 
"DF.cpu.time")))
