full <-
structure(c(50, 55, 60, 65, 70, 75, 80, 85, 90, 95, 100, 1.22444, 
2.79348, 9.83537, 6.78628, 0.505, 0.54243, 4.09543, 13.97488, 
2.35062, 4.36465, -1.0388, -11.26976, -10.23293, -15, -12.49011, 
-10.4254, -10.69424, -3.80381, -3.59937, -12.56815, -15, -9.93578, 
0, 0, 0, 0, 0, 0, 0, 0, 0, 0, 0, 0, 0, 0, 0, 0, 0, 0, 0, 0, 0, 
0, 0.88667, 0.87333, 0.90238, 0.88857, 0.8875, 0.89643, 0.89286, 
0.91806, 0.91417, 0.89889, 0.90182, 0.86667, 0.87333, 0.88571, 
0.87429, 0.87321, 0.89643, 0.89286, 0.89583, 0.91417, 0.89889, 
0.90182, 0.0289, 0.0293, 0.03, 0.0294, 0.0304, 0.0314, 0.0323, 
0.0329, 0.032, 0.0337, 0.035, 38.7, 28.7, 25.1, 25, 48.8, 53.5, 
64, 68, 61.3, 69.2, 77.4, 170, 11, 56, 26, 93, 3, 14, 21, 18, 
81, 120, 175, 664, 418, 823, 201, 191, 1586, 795, 383, 159, 128, 
100, 100, 100, 100, 100, 100, 100, 100, 100, 100, 100, 2500, 
2500, 2500, 2500, 2500, 2500, 2500, 2500, 2500, 2500, 2500, 8096.02, 
8320.61, 8291.17, 8215.85200000001, 7857.285, 7979.367, 8049.88100000001, 
8027.624, 7795.367, 7699.39199999999, 8021.00899999999, 4.57837, 
6.37014, 7.61404, 3.55964, 2.39734, 3.63229, -1.22629, 7.21842, 
2.23527, -1.78015, 0.06012, -14.61856, -14.53225, -12.78142, 
-8.66393, -12.45246, -14.05096, -9.2498, -3.68035, -12.29332, 
-8.62123, -11.05643, 0, 0, 0, 0, 0, 0, 0, 0, 0, 0, 0, 0, 0, 0, 
0, 0, 0, 0, 0, 0, 0, 0, 0.88667, 0.87333, 0.90238, 0.88857, 0.8875, 
0.89643, 0.89464, 0.91806, 0.91417, 0.89889, 0.90182, 0.86667, 
0.87, 0.88571, 0.87429, 0.87321, 0.89643, 0.89464, 0.89583, 0.90417, 
0.89889, 0.89182, 0.03, 0.0301, 0.0299, 0.0285, 0.0296, 0.0303, 
0.0323, 0.0336, 0.0326, 0.0367, 0.0346, 38.7, 30.4, 25.3, 29, 
49, 55.8, 61.9, 68, 59.4, 72.2, 76.9, 952, 19, 48, 16, 14, 393, 
10, 47, 60, 44, 174, 9, 76, 24, 133, 27, 9, 64, 14, 38, 12, 5, 
100, 100, 100, 100, 100, 100, 100, 100, 100, 100, 100, 2500, 
2500, 2500, 2500, 2500, 2500, 2500, 2500, 2500, 2500, 2500, 7978.377, 
8299.157, 8360.67, 7866.214, 7721.235, 7984.76800000001, 7984.427, 
7868.93700000001, 7701.15699999998, 7868.68700000001, 7918.209, 
1, 1, 1, 1, 1, 1, 1, 1, 1, 1, 1, 0.02, 0.02, 0.02, 0.02, 0.02, 
0.02, 0.02, 0.02, 0.02, 0.02, 0.02, 0, 0, 0, 0, 0, 0, 0, 0, 0, 
0, 0, 0, 0, 0, 0, 0, 0, 0, 0, 0, 0, 0, 0.88333, 0.84833, 0.86905, 
0.86857, 0.87321, 0.88036, 0.86786, 0.88333, 0.89056, 0.88778, 
0.88273, 0.88333, 0.845, 0.85238, 0.86857, 0.87321, 0.86786, 
0.86786, 0.87222, 0.90167, 0.87778, 0.88273, 0.029, 0.0292, 0.0284, 
0.0302, 0.0307, 0.0307, 0.0323, 0.0321, 0.0324, 0.0328, 0.0346, 
38.1, 41.4, 43.6, 46.2, 49.5, 51, 52.6, 55.6, 57.5, 63, 64.5, 
1, 1, 1, 1, 1, 1, 1, 1, 1, 1, 1, 1, 1, 1, 1, 1, 1, 1, 1, 1, 1, 
1, 1, 1, 1, 1, 1, 1, 1, 1, 1, 1, 1, 1, 1, 1, 1, 1, 1, 1, 1, 1, 
1, 1, 3.296, 3.345, 3.234, 3.191, 3.16, 3.216, 3.22, 3.115, 3.108, 
3.208, 3.241), .Dim = c(11L, 40L), .Dimnames = list(NULL, c("Sampling", 
"PSO.cost", "PSO.gamma", "PSO.data.balancing", "PSO.feature.selection", 
"PSO.valid.acc", "PSO.test.acc", "PSO.train.time", "PSO.n.support.vectors", 
"PSO.index", "PSO.n.solutions", "PSO.generations", "PSO.n.evaluations", 
"PSO.cpu.time", "RS.cost", "RS.gamma", "RS.data.balancing", "RS.feature.selection", 
"RS.valid.acc", "RS.test.acc", "RS.train.time", "RS.n.support.vectors", 
"RS.index", "RS.n.solutions", "RS.generations", "RS.n.evaluations", 
"RS.cpu.time", "DF.cost", "DF.gamma", "DF.data.balancing", "DF.feature.selection", 
"DF.valid.acc", "DF.test.acc", "DF.train.time", "DF.n.support.vectors", 
"DF.index", "DF.n.solutions", "DF.generations", "DF.n.evaluations", 
"DF.cpu.time")))
