full <-
structure(c(50, 55, 60, 65, 70, 75, 80, 85, 90, 95, 100, -0.49723, 
-1.10138, -1.23149, -0.43363, 6.35771, -0.115, -2, -2, 4.04863, 
9.61048, 5.28015, -7.70928, -6.6971, -6.11342, -7.76588, -15, 
-3.928, -5.46748, -5.80004, -15, -4.40576, -13.83895, 0, 0, 0, 
0, 0, 0, 0, 0, 0, 0, 0, 0, 0, 0, 0, 0, 0, 0, 0, 0, 0, 0, 0.92, 
0.90905, 0.9, 0.92857, 0.91548, 0.91964, 0.92321, 0.91806, 0.90972, 
0.90889, 0.8998, 0.9, 0.88905, 0.88333, 0.90857, 0.91548, 0.88214, 
0.9121, 0.90556, 0.90972, 0.89778, 0.87071, 0.028, 0.0277, 0.0286, 
0.0292, 0.0286, 0.0305, 0.0312, 0.0327, 0.0312, 0.0337, 0.0319, 
31.8, 35.1, 40.8, 38.1, 38.2, 60, 60.9, 61.3, 69.3, 74.9, 49.1, 
35, 3, 329, 7, 45, 75, 328, 52, 68, 36, 15, 251, 289, 691, 1076, 
534, 300, 428, 593, 622, 1202, 161, 100, 100, 100, 100, 100, 
100, 100, 100, 100, 100, 100, 2500, 2500, 2500, 2500, 2500, 2500, 
2500, 2500, 2500, 2500, 2500, 7239.566, 7252.925, 7274.515, 7255.983, 
7277.495, 7362.834, 7379.14599999999, 7304.133, 7298.148, 7276.87700000001, 
7233.976, 6.12033, -0.35177, -1.48434, 7.1112, 2.01731, -0.37558, 
4.11898, 3.91142, -1.25404, 13.71158, 3.33143, -14.89288, -8.4624, 
-6.04822, -14.56389, -10.78408, -4.28785, -10.57584, -14.10584, 
-9.53975, -4.44159, -11.68998, 0, 0, 0, 0, 0, 0, 0, 0, 0, 0, 
0, 0, 0, 0, 0, 0, 0, 0, 0, 0, 0, 0, 0.92, 0.90905, 0.9, 0.92857, 
0.91548, 0.91964, 0.9121, 0.91806, 0.90972, 0.90889, 0.8998, 
0.9, 0.86905, 0.9, 0.92857, 0.91548, 0.89286, 0.88849, 0.90556, 
0.88861, 0.89778, 0.87071, 0.0276, 0.0279, 0.028, 0.0289, 0.0297, 
0.0306, 0.03, 0.0307, 0.0338, 0.0335, 0.0327, 29.8, 34.9, 42.6, 
30, 39.6, 59.2, 31.9, 58, 70, 74.7, 47.6, 46, 52, 513, 47, 36, 
2218, 31, 68, 329, 12, 210, 24, 53, 9, 172, 108, 1, 55, 49, 30, 
51, 13, 100, 100, 100, 100, 100, 100, 100, 100, 100, 100, 100, 
2500, 2500, 2500, 2500, 2500, 2500, 2500, 2500, 2500, 2500, 2500, 
7243.148, 7260.816, 7260.246, 7293.289, 7322.75799999999, 7349.70299999999, 
7294.289, 7283.98299999999, 7341.60299999999, 7225.93000000002, 
7188.26700000002, 1, 1, 1, 1, 1, 1, 1, 1, 1, 1, 1, 0.02, 0.02, 
0.02, 0.02, 0.02, 0.02, 0.02, 0.02, 0.02, 0.02, 0.02, 0, 0, 0, 
0, 0, 0, 0, 0, 0, 0, 0, 0, 0, 0, 0, 0, 0, 0, 0, 0, 0, 0, 0.875, 
0.88905, 0.85, 0.90857, 0.88869, 0.88036, 0.90099, 0.89306, 0.865, 
0.89778, 0.8696, 0.855, 0.88905, 0.86667, 0.90857, 0.88869, 0.88036, 
0.90099, 0.88056, 0.87611, 0.88667, 0.8696, 0.0283, 0.0295, 0.0292, 
0.031, 0.0293, 0.0312, 0.0305, 0.0323, 0.0322, 0.0321, 0.0332, 
36.4, 38.7, 42.2, 45, 46.9, 51, 54.3, 56.4, 60.1, 62.1, 64.7, 
1, 1, 1, 1, 1, 1, 1, 1, 1, 1, 1, 1, 1, 1, 1, 1, 1, 1, 1, 1, 1, 
1, 1, 1, 1, 1, 1, 1, 1, 1, 1, 1, 1, 1, 1, 1, 1, 1, 1, 1, 1, 1, 
1, 1, 2.837, 2.873, 2.883, 2.949, 2.912, 2.975, 2.817, 2.977, 
2.975, 2.888, 2.757), .Dim = c(11L, 40L), .Dimnames = list(NULL, 
    c("Sampling", "PSO.cost", "PSO.gamma", "PSO.data.balancing", 
    "PSO.feature.selection", "PSO.valid.acc", "PSO.test.acc", 
    "PSO.train.time", "PSO.n.support.vectors", "PSO.index", "PSO.n.solutions", 
    "PSO.generations", "PSO.n.evaluations", "PSO.cpu.time", "RS.cost", 
    "RS.gamma", "RS.data.balancing", "RS.feature.selection", 
    "RS.valid.acc", "RS.test.acc", "RS.train.time", "RS.n.support.vectors", 
    "RS.index", "RS.n.solutions", "RS.generations", "RS.n.evaluations", 
    "RS.cpu.time", "DF.cost", "DF.gamma", "DF.data.balancing", 
    "DF.feature.selection", "DF.valid.acc", "DF.test.acc", "DF.train.time", 
    "DF.n.support.vectors", "DF.index", "DF.n.solutions", "DF.generations", 
    "DF.n.evaluations", "DF.cpu.time")))
