full <-
structure(c(50, 55, 60, 65, 70, 75, 80, 85, 90, 95, 100, 3.59817, 
3.95756, 2.53041, 1, 2.50325, 1, -1.2305, 3.67566, -2, 10.48845, 
2.10444, -10.51448, -13.00051, -10.32843, 0.02, -4.59616, 0.02, 
-4.78971, -10.6269, -6.07409, -4.33293, -8.12744, 0, 0, 0, 0, 
0, 0, 0, 0, 0, 0, 0, 0, 0, 0, 0, 0, 0, 0, 0, 0, 0, 0, 0.92, 0.87333, 
0.8781, 0.87619, 0.89643, 0.89385, 0.88671, 0.90694, 0.91333, 
0.90556, 0.91182, 0.9, 0.85333, 0.8781, 0.85952, 0.88393, 0.87956, 
0.88671, 0.90694, 0.90222, 0.90556, 0.89182, 0.0299, 0.0289, 
0.031, 0.0316, 0.0316, 0.0317, 0.0327, 0.0317, 0.0336, 0.0345, 
0.0345, 24.1, 33.6, 30.2, 45.2, 55.5, 51.4, 62.3, 34.3, 63.6, 
75.2, 39.3, 151, 22, 67, 1, 9, 1, 913, 31, 915, 19, 529, 394, 
1018, 646, 565, 1317, 483, 208, 197, 60, 1780, 62, 100, 100, 
100, 100, 100, 100, 100, 100, 100, 100, 100, 2500, 2500, 2500, 
2500, 2500, 2500, 2500, 2500, 2500, 2500, 2500, 7541.779, 7562.045, 
8080.146, 8065.246, 7961.70600000001, 7927.993, 7907.726, 7920.99099999999, 
7896.57299999999, 7904.97999999998, 7916.913, 6.67266, 4.57237, 
0.65791, 4.65042, 12.90537, 12.20899, -1.12315, 2.33967, -0.97449, 
11.76279, 12.49444, -14.11919, -12.79099, -7.71085, -4.46732, 
-4.69838, -4.50611, -5.22868, -9.42932, -4.61978, -4.47651, -3.19249, 
0, 0, 0, 0, 0, 0, 0, 0, 0, 0, 0, 0, 0, 0, 0, 0, 0, 0, 0, 0, 0, 
0, 0.92, 0.87333, 0.8781, 0.87619, 0.89643, 0.89385, 0.88671, 
0.90694, 0.90222, 0.90556, 0.91091, 0.9, 0.85333, 0.8781, 0.85952, 
0.88393, 0.85278, 0.88671, 0.89583, 0.88972, 0.90556, 0.8898, 
0.0269, 0.027, 0.0301, 0.0316, 0.0324, 0.0324, 0.0326, 0.0329, 
0.0337, 0.0342, 0.0355, 24.5, 29.5, 31.4, 51.7, 55.2, 59.4, 59.3, 
35.6, 70.1, 74.8, 80, 64, 29, 24, 4, 15, 6, 9, 42, 8, 6, 237, 
42, 171, 121, 305, 105, 174, 13, 21, 205, 207, 6, 100, 100, 100, 
100, 100, 100, 100, 100, 100, 100, 100, 2500, 2500, 2500, 2500, 
2500, 2500, 2500, 2500, 2500, 2500, 2500, 7552.879, 7507.371, 
8099.76700000001, 8087.012, 7870.531, 7886.18799999999, 7922.649, 
7905.594, 7904.10499999998, 7821.92600000001, 7960.58599999998, 
1, 1, 1, 1, 1, 1, 1, 1, 1, 1, 1, 0.02, 0.02, 0.02, 0.02, 0.02, 
0.02, 0.02, 0.02, 0.02, 0.02, 0.02, 0, 0, 0, 0, 0, 0, 0, 0, 0, 
0, 0, 0, 0, 0, 0, 0, 0, 0, 0, 0, 0, 0, 0.9, 0.85333, 0.8581, 
0.87619, 0.88214, 0.89385, 0.87421, 0.88333, 0.89111, 0.89556, 
0.89091, 0.9, 0.85333, 0.8581, 0.85952, 0.86964, 0.87956, 0.87421, 
0.90694, 0.89111, 0.88556, 0.89091, 0.0309, 0.0281, 0.0307, 0.0314, 
0.0322, 0.0307, 0.0324, 0.0334, 0.0335, 0.034, 0.0334, 35.9, 
39.5, 42.1, 45.2, 48.9, 51.4, 53.6, 57.1, 59.7, 61.2, 63.9, 1, 
1, 1, 1, 1, 1, 1, 1, 1, 1, 1, 1, 1, 1, 1, 1, 1, 1, 1, 1, 1, 1, 
1, 1, 1, 1, 1, 1, 1, 1, 1, 1, 1, 1, 1, 1, 1, 1, 1, 1, 1, 1, 1, 
1, 3.205, 3.047, 3.162, 3.191, 3.152, 3.014, 3.183, 3.206, 3.094, 
3.091, 3.032), .Dim = c(11L, 40L), .Dimnames = list(NULL, c("Sampling", 
"PSO.cost", "PSO.gamma", "PSO.data.balancing", "PSO.feature.selection", 
"PSO.valid.acc", "PSO.test.acc", "PSO.train.time", "PSO.n.support.vectors", 
"PSO.index", "PSO.n.solutions", "PSO.generations", "PSO.n.evaluations", 
"PSO.cpu.time", "RS.cost", "RS.gamma", "RS.data.balancing", "RS.feature.selection", 
"RS.valid.acc", "RS.test.acc", "RS.train.time", "RS.n.support.vectors", 
"RS.index", "RS.n.solutions", "RS.generations", "RS.n.evaluations", 
"RS.cpu.time", "DF.cost", "DF.gamma", "DF.data.balancing", "DF.feature.selection", 
"DF.valid.acc", "DF.test.acc", "DF.train.time", "DF.n.support.vectors", 
"DF.index", "DF.n.solutions", "DF.generations", "DF.n.evaluations", 
"DF.cpu.time")))
