full <-
structure(c(50, 55, 60, 65, 70, 75, 80, 85, 90, 95, 100, 8.29127, 
2.2862, 9.21044, -0.05183, 1.80842, 11.82642, 0.0426, 4.65375, 
0.42711, -1.89485, 3.15893, -8.73345, -12.02529, -4.99337, -9.9389, 
-10.8454, -4.28378, -10.62497, -15, -4.45584, -9.16884, -13.77599, 
0, 0, 0, 0, 0, 0, 0, 0, 0, 0, 0, 0, 0, 0, 0, 0, 0, 0, 0, 0, 0, 
0, 0.88167, 0.87, 0.87381, 0.89643, 0.88631, 0.87083, 0.88214, 
0.89167, 0.90556, 0.91556, 0.9, 0.90167, 0.83, 0.85714, 0.89643, 
0.88631, 0.84405, 0.86964, 0.88056, 0.90556, 0.89444, 0.9, 0.0279, 
0.0289, 0.0292, 0.0306, 0.0314, 0.0311, 0.0321, 0.0321, 0.0325, 
0.0344, 0.0382, 24.1, 40.5, 47.1, 49.3, 44, 60, 61.8, 61.7, 71.9, 
75.6, 72, 2, 9, 43, 106, 101, 26, 54, 257, 150, 1919, 34, 1598, 
147, 699, 295, 123, 239, 383, 200, 501, 2, 689, 100, 100, 100, 
100, 100, 100, 100, 100, 100, 100, 100, 2500, 2500, 2500, 2500, 
2500, 2500, 2500, 2500, 2500, 2500, 2500, 7269.993, 7346.661, 
7362.339, 7376.408, 7374.933, 7393.08, 7413.784, 7440.239, 7396.78000000001, 
7490.02600000001, 7503.55900000001, 14.14473, 1.90977, 9.26555, 
3.94741, 1.57946, -1.24263, 0.9819, 1.3284, 0.68972, -1.18656, 
0.4452, -7.56449, -11.59346, -4.78365, -14.19302, -10.59571, 
-7.33815, -11.26148, -11.89446, -4.50008, -9.56185, -10.20555, 
0, 0, 0, 0, 0, 0, 0, 0, 0, 0, 0, 0, 0, 0, 0, 0, 0, 0, 0, 0, 0, 
0, 0.88167, 0.87, 0.87381, 0.89643, 0.88631, 0.88155, 0.88214, 
0.89167, 0.90556, 0.90556, 0.9, 0.88167, 0.83, 0.85714, 0.89643, 
0.88631, 0.85655, 0.85714, 0.89167, 0.90556, 0.89444, 0.89, 0.0292, 
0.0294, 0.0307, 0.0306, 0.031, 0.0317, 0.032, 0.0324, 0.0343, 
0.0339, 0.0323, 27.5, 40.5, 47.7, 49.5, 44, 50.9, 60.1, 64.2, 
71.7, 72.9, 62, 6, 1036, 20, 109, 100, 494, 19, 29, 730, 38, 
10, 586, 6, 88, 18, 17, 1, 43, 31, 1, 44, 104, 100, 100, 100, 
100, 100, 100, 100, 100, 100, 100, 100, 2500, 2500, 2500, 2500, 
2500, 2500, 2500, 2500, 2500, 2500, 2500, 7336.693, 7363.671, 
7367.182, 7381.825, 7359.66100000001, 7371.44900000001, 7403.989, 
7408.37299999999, 7461.99400000001, 7478.82799999998, 7526.79300000001, 
1, 1, 1, 1, 1, 1, 1, 1, 1, 1, 1, 0.02, 0.02, 0.02, 0.02, 0.02, 
0.02, 0.02, 0.02, 0.02, 0.02, 0.02, 0, 0, 0, 0, 0, 0, 0, 0, 0, 
0, 0, 0, 0, 0, 0, 0, 0, 0, 0, 0, 0, 0, 0.85667, 0.81333, 0.82381, 
0.8244, 0.84286, 0.85655, 0.85714, 0.88056, 0.89444, 0.88333, 
0.88, 0.83167, 0.81333, 0.84048, 0.83869, 0.86786, 0.85655, 0.85714, 
0.88056, 0.89444, 0.88333, 0.89, 0.0286, 0.0285, 0.0296, 0.031, 
0.0304, 0.0317, 0.0304, 0.0322, 0.0305, 0.0322, 0.0376, 37.6, 
41.2, 43.2, 46.5, 51.5, 53.8, 55.1, 57.2, 58.7, 60.8, 63.7, 1, 
1, 1, 1, 1, 1, 1, 1, 1, 1, 1, 1, 1, 1, 1, 1, 1, 1, 1, 1, 1, 1, 
1, 1, 1, 1, 1, 1, 1, 1, 1, 1, 1, 1, 1, 1, 1, 1, 1, 1, 1, 1, 1, 
1, 2.885, 2.991, 3.009, 2.957, 2.887, 2.949, 2.964, 2.979, 2.973, 
2.942, 3), .Dim = c(11L, 40L), .Dimnames = list(NULL, c("Sampling", 
"PSO.cost", "PSO.gamma", "PSO.data.balancing", "PSO.feature.selection", 
"PSO.valid.acc", "PSO.test.acc", "PSO.train.time", "PSO.n.support.vectors", 
"PSO.index", "PSO.n.solutions", "PSO.generations", "PSO.n.evaluations", 
"PSO.cpu.time", "RS.cost", "RS.gamma", "RS.data.balancing", "RS.feature.selection", 
"RS.valid.acc", "RS.test.acc", "RS.train.time", "RS.n.support.vectors", 
"RS.index", "RS.n.solutions", "RS.generations", "RS.n.evaluations", 
"RS.cpu.time", "DF.cost", "DF.gamma", "DF.data.balancing", "DF.feature.selection", 
"DF.valid.acc", "DF.test.acc", "DF.train.time", "DF.n.support.vectors", 
"DF.index", "DF.n.solutions", "DF.generations", "DF.n.evaluations", 
"DF.cpu.time")))
