full <-
structure(c(50, 55, 60, 65, 70, 75, 80, 85, 90, 95, 100, 0.87151, 
-1.07336, 2.99982, -1.10804, 0.53259, 3.02252, -0.26196, -0.53556, 
4.28545, 9.67331, -2, -10.39299, -8.41119, -12.05867, -7.80427, 
-11.03358, -13.40839, -14.54052, -10.60378, -15, -4.94818, -8.46196, 
0, 0, 0, 0, 0, 0, 0, 0, 0, 0, 0, 0, 0, 0, 0, 0, 0, 0, 0, 0, 0, 
0, 0.94, 0.92667, 0.93714, 0.95476, 0.95893, 0.96071, 0.95, 0.93056, 
0.91222, 0.90333, 0.9, 0.92, 0.92667, 0.93714, 0.94048, 0.94643, 
0.96071, 0.95, 0.91806, 0.91222, 0.89333, 0.89, 0.0284, 0.0281, 
0.0286, 0.03, 0.0302, 0.0307, 0.0302, 0.0324, 0.033, 0.0333, 
0.0342, 35.5, 40.9, 35.5, 40.3, 52.2, 53.1, 64, 66.1, 66.8, 71.1, 
76.3, 94, 68, 56, 6, 22, 50, 3, 206, 65, 13, 71, 245, 255, 565, 
1211, 405, 458, 2306, 76, 598, 970, 514, 100, 100, 100, 100, 
100, 100, 100, 100, 100, 100, 100, 2500, 2500, 2500, 2500, 2500, 
2500, 2500, 2500, 2500, 2500, 2500, 7331.732, 7342.773, 7337.058, 
7397.36500000001, 7422.378, 7448.32800000001, 7441.97900000001, 
7427.59699999999, 7422.48299999999, 7242.231, 7139.63700000002, 
2.43023, 2.37965, -1.43433, -1.60669, 2.17886, -0.9295, -0.58297, 
2.5071, 4.59984, 10.11374, 2.45871, -11.64988, -12.26067, -5.93447, 
-5.34378, -12.40459, -9.62177, -11.2523, -13.73573, -14.6992, 
-4.87132, -13.28227, 0, 0, 0, 0, 0, 0, 0, 0, 0, 0, 0, 0, 0, 0, 
0, 0, 0, 0, 0, 0, 0, 0, 0.94, 0.92667, 0.93714, 0.95476, 0.95893, 
0.96071, 0.95, 0.93056, 0.91222, 0.90333, 0.9, 0.94, 0.92667, 
0.93714, 0.9381, 0.95893, 0.96071, 0.95, 0.91806, 0.90111, 0.89333, 
0.89, 0.0277, 0.0279, 0.0295, 0.0298, 0.0306, 0.0309, 0.0316, 
0.0321, 0.0323, 0.0325, 0.0336, 32.6, 40.2, 44.1, 50.2, 48.7, 
57.5, 64, 66, 59.4, 71.9, 74.7, 7, 22, 20, 25, 41, 49, 13, 1001, 
19, 50, 45, 34, 34, 122, 19, 31, 48, 124, 2, 82, 55, 35, 100, 
100, 100, 100, 100, 100, 100, 100, 100, 100, 100, 2500, 2500, 
2500, 2500, 2500, 2500, 2500, 2500, 2500, 2500, 2500, 7325.417, 
7332.581, 7348.52499999999, 7382.216, 7439.75, 7440.341, 7417.238, 
7429.352, 7207.47399999999, 7228.12099999998, 7209.785, 1, 1, 
1, 1, 1, 1, 1, 1, 1, 1, 1, 0.02, 0.02, 0.02, 0.02, 0.02, 0.02, 
0.02, 0.02, 0.02, 0.02, 0.02, 0, 0, 0, 0, 0, 0, 0, 0, 0, 0, 0, 
0, 0, 0, 0, 0, 0, 0, 0, 0, 0, 0, 0.89833, 0.90333, 0.92048, 0.94048, 
0.9256, 0.94643, 0.9375, 0.92056, 0.88, 0.88222, 0.87, 0.89833, 
0.90333, 0.93714, 0.9381, 0.9256, 0.92976, 0.925, 0.92056, 0.88, 
0.87111, 0.87, 0.0281, 0.0283, 0.0286, 0.03, 0.03, 0.0309, 0.0317, 
0.0315, 0.0317, 0.0319, 0.0344, 36.7, 39.8, 41.5, 42.9, 45.9, 
48.5, 50.4, 54.1, 57.1, 62, 63.7, 1, 1, 1, 1, 1, 1, 1, 1, 1, 
1, 1, 1, 1, 1, 1, 1, 1, 1, 1, 1, 1, 1, 1, 1, 1, 1, 1, 1, 1, 1, 
1, 1, 1, 1, 1, 1, 1, 1, 1, 1, 1, 1, 1, 1, 2.933, 2.862, 2.962, 
2.984, 2.963, 2.979, 2.991, 2.975, 2.91, 2.88, 2.888), .Dim = c(11L, 
40L), .Dimnames = list(NULL, c("Sampling", "PSO.cost", "PSO.gamma", 
"PSO.data.balancing", "PSO.feature.selection", "PSO.valid.acc", 
"PSO.test.acc", "PSO.train.time", "PSO.n.support.vectors", "PSO.index", 
"PSO.n.solutions", "PSO.generations", "PSO.n.evaluations", "PSO.cpu.time", 
"RS.cost", "RS.gamma", "RS.data.balancing", "RS.feature.selection", 
"RS.valid.acc", "RS.test.acc", "RS.train.time", "RS.n.support.vectors", 
"RS.index", "RS.n.solutions", "RS.generations", "RS.n.evaluations", 
"RS.cpu.time", "DF.cost", "DF.gamma", "DF.data.balancing", "DF.feature.selection", 
"DF.valid.acc", "DF.test.acc", "DF.train.time", "DF.n.support.vectors", 
"DF.index", "DF.n.solutions", "DF.generations", "DF.n.evaluations", 
"DF.cpu.time")))
