full <-
structure(c(50, 55, 60, 65, 70, 75, 80, 85, 90, 95, 100, 4.60425, 
4.20077, 1, -0.46107, 1, 3.96855, -0.45479, 1.24951, 0.62795, 
1.1423, 2.11404, -10.77753, -15, 0.02, -4.52758, 0.02, -5.58163, 
-10.21478, -4.71395, -3.71298, -4.66414, -13.0948, 0, 0, 0, 0, 
0, 0, 0, 0, 0, 0, 0, 0, 0, 0, 0, 0, 0, 0, 0, 0, 0, 0, 0.86667, 
0.88833, 0.86667, 0.8756, 0.86845, 0.89107, 0.87143, 0.89389, 
0.91167, 0.90313, 0.8998, 0.82167, 0.84667, 0.85, 0.86131, 0.86845, 
0.89107, 0.84464, 0.90389, 0.88806, 0.88313, 0.8998, 0.0294, 
0.0297, 0.0318, 0.0325, 0.0336, 0.0361, 0.0317, 0.034, 0.0333, 
0.0332, 0.0362, 25.7, 43.2, 43.2, 51.4, 48.9, 53.2, 62.3, 66.6, 
72, 73.5, 76.4, 323, 553, 1, 73, 1, 52, 119, 274, 58, 1277, 1198, 
56, 43, 383, 418, 247, 369, 159, 231, 825, 21, 29, 100, 100, 
100, 100, 100, 100, 100, 100, 100, 100, 100, 2500, 2500, 2500, 
2500, 2500, 2500, 2500, 2500, 2500, 2500, 2500, 8061.02, 8161.735, 
8143.79, 8116.248, 8207.58300000001, 8255.43700000001, 7879.048, 
8094.75, 8095.21699999999, 7721.26799999998, 7993.671, 5.19721, 
0.30726, 4.6517, -0.436, 0.22625, 2.79167, -1.8639, 5.72388, 
3.79891, 0.51841, 2.27432, -11.35507, -10.99709, -4.32117, -4.77622, 
-5.10646, -5.58649, -8.54251, -4.77782, -3.76739, -4.4116, -13.20502, 
0, 0, 0, 0, 0, 0, 0, 0, 0, 0, 0, 0, 0, 0, 0, 0, 0, 0, 0, 0, 0, 
0, 0.86667, 0.88833, 0.86667, 0.8756, 0.86845, 0.89107, 0.87143, 
0.89389, 0.91167, 0.89313, 0.8998, 0.82167, 0.84667, 0.86667, 
0.8756, 0.86845, 0.89107, 0.84464, 0.90389, 0.88806, 0.88313, 
0.8998, 0.029, 0.031, 0.0313, 0.0347, 0.0321, 0.0312, 0.0316, 
0.0342, 0.036, 0.033, 0.0367, 25.6, 43.2, 48, 50.9, 53.7, 53.2, 
62.5, 66.5, 72, 74.8, 76.1, 490, 340, 18, 51, 320, 88, 314, 222, 
72, 1280, 41, 7, 2, 216, 4, 10, 2, 8, 2, 20, 1, 7, 100, 100, 
100, 100, 100, 100, 100, 100, 100, 100, 100, 2500, 2500, 2500, 
2500, 2500, 2500, 2500, 2500, 2500, 2500, 2500, 8041.913, 8171.896, 
8102.559, 8039.222, 8284.71400000001, 8067.353, 7915.74099999999, 
7906.155, 7998.97099999999, 8010.549, 7704.86299999998, 1, 1, 
1, 1, 1, 1, 1, 1, 1, 1, 1, 0.02, 0.02, 0.02, 0.02, 0.02, 0.02, 
0.02, 0.02, 0.02, 0.02, 0.02, 0, 0, 0, 0, 0, 0, 0, 0, 0, 0, 0, 
0, 0, 0, 0, 0, 0, 0, 0, 0, 0, 0, 0.84333, 0.86, 0.86667, 0.86131, 
0.86845, 0.86607, 0.85853, 0.88139, 0.88806, 0.87091, 0.8898, 
0.82167, 0.86, 0.85, 0.86131, 0.86845, 0.86607, 0.84464, 0.86889, 
0.88806, 0.87202, 0.8798, 0.0295, 0.0318, 0.029, 0.0351, 0.0358, 
0.0309, 0.0333, 0.0321, 0.034, 0.0364, 0.0336, 38.3, 40.8, 43.2, 
45.6, 48.9, 51, 54.5, 57.5, 59.9, 62.8, 64.1, 1, 1, 1, 1, 1, 
1, 1, 1, 1, 1, 1, 1, 1, 1, 1, 1, 1, 1, 1, 1, 1, 1, 1, 1, 1, 1, 
1, 1, 1, 1, 1, 1, 1, 1, 1, 1, 1, 1, 1, 1, 1, 1, 1, 1, 3.27, 3.314, 
3.179, 3.312, 3.277, 3.133, 3.232, 3.149, 3.043, 3.2, 3.093), .Dim = c(11L, 
40L), .Dimnames = list(NULL, c("Sampling", "PSO.cost", "PSO.gamma", 
"PSO.data.balancing", "PSO.feature.selection", "PSO.valid.acc", 
"PSO.test.acc", "PSO.train.time", "PSO.n.support.vectors", "PSO.index", 
"PSO.n.solutions", "PSO.generations", "PSO.n.evaluations", "PSO.cpu.time", 
"RS.cost", "RS.gamma", "RS.data.balancing", "RS.feature.selection", 
"RS.valid.acc", "RS.test.acc", "RS.train.time", "RS.n.support.vectors", 
"RS.index", "RS.n.solutions", "RS.generations", "RS.n.evaluations", 
"RS.cpu.time", "DF.cost", "DF.gamma", "DF.data.balancing", "DF.feature.selection", 
"DF.valid.acc", "DF.test.acc", "DF.train.time", "DF.n.support.vectors", 
"DF.index", "DF.n.solutions", "DF.generations", "DF.n.evaluations", 
"DF.cpu.time")))
