full <-
structure(c(50, 55, 60, 65, 70, 75, 80, 85, 90, 95, 100, 6.81306, 
11.9462, 6.20926, 1.5706, 5.46682, 0.9232, 0.72972, 1.01405, 
3.8992, 4.46972, 1.98461, -15, -5.25421, -8.52166, -11.87593, 
-13.55133, -8.77696, -9.69371, -11.9044, -15, -15, -12.87614, 
0, 0, 0, 0, 0, 0, 0, 0, 0, 0, 0, 0, 0, 0, 0, 0, 0, 0, 0, 0, 0, 
0, 0.9, 0.89238, 0.91571, 0.89286, 0.90179, 0.89643, 0.8871, 
0.90139, 0.90806, 0.89667, 0.9, 0.9, 0.87238, 0.89905, 0.84286, 
0.90179, 0.84107, 0.8746, 0.88889, 0.88694, 0.88417, 0.9, 0.0291, 
0.0298, 0.0292, 0.0307, 0.027, 0.0275, 0.0316, 0.03, 0.0339, 
0.0342, 0.0357, 29.7, 43.2, 25.8, 48.2, 35.9, 38.3, 46.3, 66.5, 
70, 67.9, 75.5, 58, 5, 30, 513, 11, 246, 15, 102, 176, 57, 822, 
561, 1180, 1006, 33, 531, 75, 347, 246, 127, 613, 68, 100, 100, 
100, 100, 100, 100, 100, 100, 100, 100, 100, 2500, 2500, 2500, 
2500, 2500, 2500, 2500, 2500, 2500, 2500, 2500, 7544.128, 7533.193, 
7392.375, 7051.652, 7117.192, 6988.143, 7028.219, 7187.058, 7110.41099999999, 
7146.74199999998, 7191.432, 5.60892, 2.46607, 5.33658, 2.97067, 
4.62032, 1.38594, 2.53506, 1.64771, -1.55171, -0.65037, 1.84848, 
-13.57379, -5.19978, -8.78474, -13.20046, -12.73613, -9.31151, 
-11.18427, -12.29843, -9.32214, -10.02063, -12.76141, 0, 0, 0, 
0, 0, 0, 0, 0, 0, 0, 0, 0, 0, 0, 0, 0, 0, 0, 0, 0, 0, 0, 0.9, 
0.89238, 0.91571, 0.89286, 0.90179, 0.89643, 0.8871, 0.90139, 
0.90806, 0.89667, 0.9, 0.88, 0.87238, 0.87905, 0.89048, 0.90179, 
0.84107, 0.8746, 0.90139, 0.88694, 0.90778, 0.9, 0.0293, 0.03, 
0.0293, 0.0306, 0.0271, 0.0303, 0.0289, 0.0298, 0.0307, 0.0308, 
0.0318, 28.5, 43.4, 25.4, 48.2, 36.2, 37.6, 43.4, 64.6, 70.7, 
71.8, 75.7, 35, 2, 37, 699, 45, 1904, 15, 474, 855, 31, 20, 84, 
76, 80, 1, 108, 3, 71, 13, 5, 87, 14, 100, 100, 100, 100, 100, 
100, 100, 100, 100, 100, 100, 2500, 2500, 2500, 2500, 2500, 2500, 
2500, 2500, 2500, 2500, 2500, 7543.572, 7459.745, 7100.19, 7082.633, 
7102.66099999999, 7150.89600000001, 7083.65000000001, 7140.02399999999, 
7061.06199999999, 7139.291, 7100.84399999998, 1, 1, 1, 1, 1, 
1, 1, 1, 1, 1, 1, 0.02, 0.02, 0.02, 0.02, 0.02, 0.02, 0.02, 0.02, 
0.02, 0.02, 0.02, 0, 0, 0, 0, 0, 0, 0, 0, 0, 0, 0, 0, 0, 0, 0, 
0, 0, 0, 0, 0, 0, 0, 0.855, 0.85238, 0.88476, 0.87619, 0.87321, 
0.86786, 0.86032, 0.86667, 0.86472, 0.88306, 0.89091, 0.88, 0.87238, 
0.8681, 0.87619, 0.87321, 0.85536, 0.8746, 0.87917, 0.88694, 
0.87306, 0.87091, 0.0302, 0.0291, 0.0296, 0.0299, 0.0314, 0.0312, 
0.0285, 0.0329, 0.0329, 0.0328, 0.031, 37.2, 40.5, 44.8, 47.7, 
51.6, 52.7, 56.4, 57.9, 58.9, 62.9, 64.6, 1, 1, 1, 1, 1, 1, 1, 
1, 1, 1, 1, 1, 1, 1, 1, 1, 1, 1, 1, 1, 1, 1, 1, 1, 1, 1, 1, 1, 
1, 1, 1, 1, 1, 1, 1, 1, 1, 1, 1, 1, 1, 1, 1, 1, 2.997, 2.965, 
2.924, 2.88, 2.952, 2.936, 2.709, 2.955, 2.922, 2.852, 2.722), .Dim = c(11L, 
40L), .Dimnames = list(NULL, c("Sampling", "PSO.cost", "PSO.gamma", 
"PSO.data.balancing", "PSO.feature.selection", "PSO.valid.acc", 
"PSO.test.acc", "PSO.train.time", "PSO.n.support.vectors", "PSO.index", 
"PSO.n.solutions", "PSO.generations", "PSO.n.evaluations", "PSO.cpu.time", 
"RS.cost", "RS.gamma", "RS.data.balancing", "RS.feature.selection", 
"RS.valid.acc", "RS.test.acc", "RS.train.time", "RS.n.support.vectors", 
"RS.index", "RS.n.solutions", "RS.generations", "RS.n.evaluations", 
"RS.cpu.time", "DF.cost", "DF.gamma", "DF.data.balancing", "DF.feature.selection", 
"DF.valid.acc", "DF.test.acc", "DF.train.time", "DF.n.support.vectors", 
"DF.index", "DF.n.solutions", "DF.generations", "DF.n.evaluations", 
"DF.cpu.time")))
