full <-
structure(c(50, 55, 60, 65, 70, 75, 80, 85, 90, 95, 100, 5.39969, 
3.13204, 12.84384, 2.71405, 8.43088, 1.63778, 3.18584, 7.90247, 
2.32419, 3.27269, 5.57684, -8.85781, -5.19783, -15, -4.56242, 
-10.75708, -3.8488, -5.42718, -11.00244, -4.1011, -6.61781, -8.96034, 
0, 0, 0, 0, 0, 0, 0, 0, 0, 0, 0, 0, 0, 0, 0, 0, 0, 0, 0, 0, 0, 
0, 0.6476, 0.62515, 0.62641, 0.64212, 0.6669, 0.66191, 0.65425, 
0.65409, 0.69125, 0.66659, 0.66563, 0.60649, 0.59284, 0.53054, 
0.61126, 0.63029, 0.60661, 0.63391, 0.64159, 0.65074, 0.64547, 
0.63354, 0.0393, 0.0433, 0.0415, 0.0439, 0.0441, 0.0505, 0.0495, 
0.0516, 0.0589, 0.0576, 0.056, 74.1, 82.3, 88.2, 97.5, 100.3, 
114, 118, 122.2, 134.8, 135, 140.6, 107, 1176, 517, 444, 110, 
898, 2346, 111, 2045, 1771, 207, 194, 13, 18, 67, 97, 101, 2, 
112, 4, 3, 81, 100, 100, 100, 100, 100, 100, 100, 100, 100, 100, 
100, 2500, 2500, 2500, 2500, 2500, 2500, 2500, 2500, 2500, 2500, 
2500, 8129.783, 10148.905, 8361.21, 8358.246, 8351.40100000001, 
8500.476, 8488.243, 8437.50599999999, 8538.70499999999, 8448.19899999999, 
8072.97699999998, 8.34076, 5.13722, 12.02601, 3.73827, 11.58296, 
6.54801, 2.81381, 7.2047, 2.55012, 2.67083, 5.95067, -11.78078, 
-8.41037, -14.18803, -5.85056, -13.96303, -9.1291, -5.10919, 
-10.29544, -4.25172, -5.86604, -9.36332, 0, 0, 0, 0, 0, 0, 0, 
0, 0, 0, 0, 0, 0, 0, 0, 0, 0, 0, 0, 0, 0, 0, 0.6476, 0.61535, 
0.62641, 0.64148, 0.6669, 0.65422, 0.648, 0.65409, 0.68598, 0.66659, 
0.66563, 0.60649, 0.57746, 0.53054, 0.61786, 0.62889, 0.64768, 
0.65266, 0.64159, 0.65574, 0.65557, 0.62799, 0.0386, 0.0422, 
0.0426, 0.0432, 0.0448, 0.0483, 0.0506, 0.0516, 0.0598, 0.0549, 
0.0557, 74, 80.5, 88.2, 95.6, 100.2, 110, 118.7, 122.3, 134.3, 
136.2, 140.7, 296, 2234, 458, 50, 277, 385, 615, 1103, 1459, 
925, 1917, 3, 1, 1, 3, 5, 2, 3, 2, 1, 2, 1, 100, 100, 100, 100, 
100, 100, 100, 100, 100, 100, 100, 2500, 2500, 2500, 2500, 2500, 
2500, 2500, 2500, 2500, 2500, 2500, 9675.403, 10184.087, 8321.89, 
8322.447, 8407.32299999999, 8460.54000000001, 8544.97200000001, 
8463.20599999999, 8541.53899999999, 8208.12, 8116.99799999999, 
1, 1, 1, 1, 1, 1, 1, 1, 1, 1, 1, 0.03571, 0.03571, 0.03571, 0.03571, 
0.03571, 0.03571, 0.03571, 0.03571, 0.03571, 0.03571, 0.03571, 
0, 0, 0, 0, 0, 0, 0, 0, 0, 0, 0, 0, 0, 0, 0, 0, 0, 0, 0, 0, 0, 
0, 0.54545, 0.56159, 0.58284, 0.58571, 0.6073, 0.57316, 0.5649, 
0.57602, 0.60573, 0.58836, 0.60942, 0.55295, 0.55928, 0.58145, 
0.60769, 0.61547, 0.5937, 0.57643, 0.59585, 0.61723, 0.59418, 
0.59336, 0.0405, 0.0427, 0.0412, 0.0435, 0.0436, 0.0462, 0.0477, 
0.0546, 0.0549, 0.0557, 0.0565, 76.5, 83.9, 92.6, 98.2, 105.7, 
114.6, 121.5, 128.6, 134.8, 142.3, 148.2, 1, 1, 1, 1, 1, 1, 1, 
1, 1, 1, 1, 1, 1, 1, 1, 1, 1, 1, 1, 1, 1, 1, 1, 1, 1, 1, 1, 1, 
1, 1, 1, 1, 1, 1, 1, 1, 1, 1, 1, 1, 1, 1, 1, 1, 4.057, 4.065, 
3.335, 3.334, 3.36, 3.39, 3.347, 3.349, 3.383, 3.202, 3.138), .Dim = c(11L, 
40L), .Dimnames = list(NULL, c("Sampling", "PSO.cost", "PSO.gamma", 
"PSO.data.balancing", "PSO.feature.selection", "PSO.valid.acc", 
"PSO.test.acc", "PSO.train.time", "PSO.n.support.vectors", "PSO.index", 
"PSO.n.solutions", "PSO.generations", "PSO.n.evaluations", "PSO.cpu.time", 
"RS.cost", "RS.gamma", "RS.data.balancing", "RS.feature.selection", 
"RS.valid.acc", "RS.test.acc", "RS.train.time", "RS.n.support.vectors", 
"RS.index", "RS.n.solutions", "RS.generations", "RS.n.evaluations", 
"RS.cpu.time", "DF.cost", "DF.gamma", "DF.data.balancing", "DF.feature.selection", 
"DF.valid.acc", "DF.test.acc", "DF.train.time", "DF.n.support.vectors", 
"DF.index", "DF.n.solutions", "DF.generations", "DF.n.evaluations", 
"DF.cpu.time")))
