full <-
structure(c(50, 55, 60, 65, 70, 75, 80, 85, 90, 95, 100, 3.63898, 
5.85621, 1.45359, 9.26765, 4.47009, 0.82888, 1.23873, 0.7508, 
4.04514, 5.25535, 6.10821, -6.5999, -4.0851, -4.89256, -2.9411, 
-6.83677, -3.38023, -3.72011, -3.36376, -7.9113, -8.29579, -9.08576, 
0, 0, 0, 0, 0, 0, 0, 0, 0, 0, 0, 0, 0, 0, 0, 0, 0, 0, 0, 0, 0, 
0, 0.66263, 0.68081, 0.6696, 0.69187, 0.61705, 0.63542, 0.66575, 
0.67592, 0.69369, 0.6685, 0.65233, 0.58263, 0.64394, 0.65346, 
0.61355, 0.58872, 0.64608, 0.62837, 0.67685, 0.65027, 0.65372, 
0.64624, 0.0386, 0.0394, 0.0389, 0.0451, 0.0431, 0.0497, 0.0508, 
0.0565, 0.0495, 0.0562, 0.055, 73.7, 83.5, 89.9, 100.7, 103.1, 
115.6, 122.4, 131.2, 129.1, 134.5, 140.6, 2273, 124, 612, 50, 
252, 1151, 1058, 1485, 197, 364, 1097, 1, 1182, 181, 1247, 162, 
44, 34, 73, 182, 118, 49, 100, 100, 100, 100, 100, 100, 100, 
100, 100, 100, 100, 2500, 2500, 2500, 2500, 2500, 2500, 2500, 
2500, 2500, 2500, 2500, 7556.219, 7593.277, 7620.717, 7600.322, 
7301.84100000001, 7464.196, 7610.359, 7626.37299999999, 7541.939, 
7747.46100000001, 7889.473, 8.35373, 9.60507, 1.91819, 11.58076, 
4.4397, 13.31596, 0.84536, 0.79043, 6.5223, 6.34911, 5.78265, 
-10.96147, -4.05066, -5.41524, -3.03535, -6.77326, -3.18051, 
-3.59441, -3.53159, -10.46411, -9.27684, -8.75109, 0, 0, 0, 0, 
0, 0, 0, 0, 0, 0, 0, 0, 0, 0, 0, 0, 0, 0, 0, 0, 0, 0, 0.65465, 
0.68081, 0.6696, 0.69187, 0.61705, 0.62841, 0.66527, 0.67045, 
0.69369, 0.6685, 0.64706, 0.58242, 0.62576, 0.66115, 0.6207, 
0.59705, 0.63989, 0.62767, 0.684, 0.65027, 0.65927, 0.64624, 
0.037, 0.039, 0.0413, 0.0466, 0.0434, 0.0467, 0.0526, 0.0575, 
0.053, 0.057, 0.0559, 73, 83.5, 89, 100.6, 103.2, 115.9, 122.8, 
130.8, 128.9, 134.3, 140.8, 1468, 18, 1683, 25, 108, 759, 1310, 
1021, 53, 98, 922, 1, 13, 1, 34, 4, 4, 1, 1, 3, 7, 1, 100, 100, 
100, 100, 100, 100, 100, 100, 100, 100, 100, 2500, 2500, 2500, 
2500, 2500, 2500, 2500, 2500, 2500, 2500, 2500, 7547.967, 7488.443, 
7697.826, 7485.088, 7337.397, 7293.62700000001, 7694.76699999999, 
7575.48, 7792.89200000001, 7866.57699999999, 7658.71900000001, 
1, 1, 1, 1, 1, 1, 1, 1, 1, 1, 1, 0.03571, 0.03571, 0.03571, 0.03571, 
0.03571, 0.03571, 0.03571, 0.03571, 0.03571, 0.03571, 0.03571, 
0, 0, 0, 0, 0, 0, 0, 0, 0, 0, 0, 0, 0, 0, 0, 0, 0, 0, 0, 0, 0, 
0, 0.58535, 0.55833, 0.59338, 0.59919, 0.58324, 0.55923, 0.61029, 
0.64129, 0.64435, 0.61462, 0.61096, 0.53889, 0.56909, 0.56505, 
0.56778, 0.59141, 0.57749, 0.61622, 0.61539, 0.6401, 0.63258, 
0.63127, 0.0376, 0.0394, 0.0381, 0.0421, 0.0425, 0.0451, 0.0496, 
0.0521, 0.0546, 0.0538, 0.0585, 75.8, 83.6, 91.1, 98.8, 105.6, 
113.2, 120.6, 128.4, 135.9, 142.7, 148.4, 1, 1, 1, 1, 1, 1, 1, 
1, 1, 1, 1, 1, 1, 1, 1, 1, 1, 1, 1, 1, 1, 1, 1, 1, 1, 1, 1, 1, 
1, 1, 1, 1, 1, 1, 1, 1, 1, 1, 1, 1, 1, 1, 1, 1, 3.045, 3.105, 
2.939, 2.997, 2.849, 2.893, 3.081, 3.095, 3.148, 2.961, 3.082
), .Dim = c(11L, 40L), .Dimnames = list(NULL, c("Sampling", "PSO.cost", 
"PSO.gamma", "PSO.data.balancing", "PSO.feature.selection", "PSO.valid.acc", 
"PSO.test.acc", "PSO.train.time", "PSO.n.support.vectors", "PSO.index", 
"PSO.n.solutions", "PSO.generations", "PSO.n.evaluations", "PSO.cpu.time", 
"RS.cost", "RS.gamma", "RS.data.balancing", "RS.feature.selection", 
"RS.valid.acc", "RS.test.acc", "RS.train.time", "RS.n.support.vectors", 
"RS.index", "RS.n.solutions", "RS.generations", "RS.n.evaluations", 
"RS.cpu.time", "DF.cost", "DF.gamma", "DF.data.balancing", "DF.feature.selection", 
"DF.valid.acc", "DF.test.acc", "DF.train.time", "DF.n.support.vectors", 
"DF.index", "DF.n.solutions", "DF.generations", "DF.n.evaluations", 
"DF.cpu.time")))
