full <-
structure(c(50, 55, 60, 65, 70, 75, 80, 85, 90, 95, 100, 9.24896, 
2.86548, 4.16391, 7.17026, 0.1871, 1.89813, 2.05679, 1.91606, 
5.72681, 2.28932, 8.80744, -12.03913, -5.42408, -7.53379, -4.77438, 
-3.53364, -5.18874, -3.91708, -4.1326, -9.04406, -5.83037, -12.52985, 
0, 0, 0, 0, 0, 0, 0, 0, 0, 0, 0, 0, 0, 0, 0, 0, 0, 0, 0, 0, 0, 
0, 0.57364, 0.60434, 0.62431, 0.60956, 0.58182, 0.63155, 0.65057, 
0.67393, 0.68535, 0.68601, 0.6765, 0.49364, 0.5954, 0.61278, 
0.51185, 0.5612, 0.59846, 0.63088, 0.62657, 0.67325, 0.67111, 
0.64545, 0.0351, 0.0366, 0.039, 0.0427, 0.0458, 0.0477, 0.0518, 
0.054, 0.0514, 0.054, 0.0571, 75, 83.4, 90, 99.1, 108.8, 111.8, 
123.1, 129.8, 129.4, 138.8, 139.8, 375, 1112, 1581, 28, 2000, 
936, 2321, 839, 511, 511, 614, 74, 28, 14, 1477, 12, 38, 1, 206, 
108, 20, 45, 100, 100, 100, 100, 100, 100, 100, 100, 100, 100, 
100, 2500, 2500, 2500, 2500, 2500, 2500, 2500, 2500, 2500, 2500, 
2500, 6975.11, 6970.516, 7378.344, 7522.874, 7723.931, 7758.24500000001, 
7925.554, 8013.495, 7609.889, 7730.677, 7854.17800000001, 11.18227, 
2.92955, 3.78117, 4.79934, 2.56644, 2.3644, 12.07994, 1.87265, 
5.19272, 7.66809, 7.50392, -14.15171, -6.21163, -7.45736, -4.62222, 
-4.38726, -5.72748, -3.85351, -4.16097, -8.35449, -11.07059, 
-11.21829, 0, 0, 0, 0, 0, 0, 0, 0, 0, 0, 0, 0, 0, 0, 0, 0, 0, 
0, 0, 0, 0, 0, 0.56253, 0.60434, 0.61883, 0.60956, 0.56049, 0.619, 
0.63771, 0.66838, 0.68535, 0.685, 0.6765, 0.49503, 0.60207, 0.61354, 
0.52852, 0.58262, 0.59076, 0.61875, 0.62657, 0.6677, 0.67032, 
0.64545, 0.0349, 0.0363, 0.0417, 0.0436, 0.0463, 0.047, 0.0524, 
0.0545, 0.0523, 0.0543, 0.0583, 75.3, 83.2, 90, 99.2, 107.1, 
110.3, 123.5, 129.5, 129.4, 136.5, 139.8, 188, 2398, 45, 13, 
328, 1161, 550, 556, 529, 285, 241, 12, 1, 2, 42, 1, 1, 5, 2, 
6, 2, 1, 100, 100, 100, 100, 100, 100, 100, 100, 100, 100, 100, 
2500, 2500, 2500, 2500, 2500, 2500, 2500, 2500, 2500, 2500, 2500, 
7036.903, 7043.372, 7415.332, 7654.717, 7716.57500000001, 7781.46799999999, 
7894.166, 7811.139, 7690.41, 7718.734, 8071.93299999999, 1, 1, 
1, 1, 1, 1, 1, 1, 1, 1, 1, 0.03571, 0.03571, 0.03571, 0.03571, 
0.03571, 0.03571, 0.03571, 0.03571, 0.03571, 0.03571, 0.03571, 
0, 0, 0, 0, 0, 0, 0, 0, 0, 0, 0, 0, 0, 0, 0, 0, 0, 0, 0, 0, 0, 
0, 0.48712, 0.51889, 0.50417, 0.50792, 0.51639, 0.53169, 0.53846, 
0.58646, 0.5994, 0.60242, 0.61444, 0.51101, 0.49409, 0.50158, 
0.50754, 0.49586, 0.48431, 0.52418, 0.56355, 0.59972, 0.62448, 
0.58708, 0.0376, 0.0399, 0.0397, 0.0422, 0.0429, 0.0469, 0.0494, 
0.0511, 0.0522, 0.0545, 0.0571, 77.4, 84.6, 92.7, 99.5, 107.5, 
114.3, 121.8, 128.9, 136.4, 142.5, 147.6, 1, 1, 1, 1, 1, 1, 1, 
1, 1, 1, 1, 1, 1, 1, 1, 1, 1, 1, 1, 1, 1, 1, 1, 1, 1, 1, 1, 1, 
1, 1, 1, 1, 1, 1, 1, 1, 1, 1, 1, 1, 1, 1, 1, 1, 2.924, 2.931, 
2.892, 3.007, 2.98, 3.118, 3.156, 3.129, 3.017, 2.988, 3.21), .Dim = c(11L, 
40L), .Dimnames = list(NULL, c("Sampling", "PSO.cost", "PSO.gamma", 
"PSO.data.balancing", "PSO.feature.selection", "PSO.valid.acc", 
"PSO.test.acc", "PSO.train.time", "PSO.n.support.vectors", "PSO.index", 
"PSO.n.solutions", "PSO.generations", "PSO.n.evaluations", "PSO.cpu.time", 
"RS.cost", "RS.gamma", "RS.data.balancing", "RS.feature.selection", 
"RS.valid.acc", "RS.test.acc", "RS.train.time", "RS.n.support.vectors", 
"RS.index", "RS.n.solutions", "RS.generations", "RS.n.evaluations", 
"RS.cpu.time", "DF.cost", "DF.gamma", "DF.data.balancing", "DF.feature.selection", 
"DF.valid.acc", "DF.test.acc", "DF.train.time", "DF.n.support.vectors", 
"DF.index", "DF.n.solutions", "DF.generations", "DF.n.evaluations", 
"DF.cpu.time")))
