full <-
structure(c(50, 55, 60, 65, 70, 75, 80, 85, 90, 95, 100, 0.62863, 
7.40884, 3.09241, 4.1007, 3.25935, 8.23618, 6.73269, 1.07747, 
1.81089, 4.25763, 9.6181, -5.61253, -12.17578, -5.75739, -8.29455, 
-7.09568, -9.07692, -11.71016, -3.12647, -5.33748, -6.13871, 
-13.24107, 0, 0, 0, 0, 0, 0, 0, 0, 0, 0, 0, 0, 0, 0, 0, 0, 0, 
0, 0, 0, 0, 0, 0.6149, 0.61376, 0.62372, 0.67995, 0.68553, 0.65479, 
0.6276, 0.63676, 0.66257, 0.65829, 0.66932, 0.60268, 0.6105, 
0.5986, 0.6542, 0.62308, 0.62611, 0.59468, 0.60726, 0.61209, 
0.60529, 0.64427, 0.0371, 0.0378, 0.0416, 0.0417, 0.0447, 0.0459, 
0.0476, 0.0532, 0.0509, 0.0586, 0.0547, 76.6, 81.5, 89.5, 95.9, 
102.9, 106.5, 118.2, 130.8, 133, 137.6, 141.9, 308, 31, 427, 
829, 2115, 455, 61, 730, 1293, 534, 947, 85, 142, 72, 53, 10, 
28, 109, 95, 32, 340, 10, 100, 100, 100, 100, 100, 100, 100, 
100, 100, 100, 100, 2500, 2500, 2500, 2500, 2500, 2500, 2500, 
2500, 2500, 2500, 2500, 7127.343, 7153.815, 7356.777, 7369.254, 
7307.141, 7388.53, 7419.433, 7428.49400000001, 7317.84299999999, 
7487.90700000001, 7590.57500000001, 8.83365, 2.91189, 3.11571, 
4.69181, 3.88913, 12.79438, 4.68825, 1.02151, 2.52247, 4.31393, 
9.67648, -14.29594, -7.65883, -5.73698, -9.04431, -7.75208, -13.36611, 
-9.60247, -3.45876, -5.98994, -6.18503, -13.30135, 0, 0, 0, 0, 
0, 0, 0, 0, 0, 0, 0, 0, 0, 0, 0, 0, 0, 0, 0, 0, 0, 0, 0.6149, 
0.61376, 0.62372, 0.67225, 0.67886, 0.65479, 0.6276, 0.62981, 
0.65205, 0.65329, 0.66932, 0.58268, 0.6105, 0.60693, 0.65344, 
0.62308, 0.6157, 0.60093, 0.6006, 0.60682, 0.59941, 0.64427, 
0.0364, 0.0379, 0.0407, 0.0422, 0.0425, 0.0458, 0.0466, 0.0513, 
0.0502, 0.0573, 0.0553, 75.6, 82.3, 89.4, 96, 102.5, 106.1, 118.3, 
129.9, 131.6, 137.5, 141.8, 1136, 152, 334, 2229, 2496, 134, 
229, 621, 240, 1961, 1226, 1, 6, 1, 1, 1, 7, 7, 1, 2, 1, 1, 100, 
100, 100, 100, 100, 100, 100, 100, 100, 100, 100, 2500, 2500, 
2500, 2500, 2500, 2500, 2500, 2500, 2500, 2500, 2500, 7162.45, 
7293.982, 7360.133, 7312.45400000001, 7335.57799999999, 7396.50499999999, 
7353.652, 7229.337, 7445.68100000001, 7723.20800000001, 7731.26700000002, 
1, 1, 1, 1, 1, 1, 1, 1, 1, 1, 1, 0.03571, 0.03571, 0.03571, 0.03571, 
0.03571, 0.03571, 0.03571, 0.03571, 0.03571, 0.03571, 0.03571, 
0, 0, 0, 0, 0, 0, 0, 0, 0, 0, 0, 0, 0, 0, 0, 0, 0, 0, 0, 0, 0, 
0, 0.58379, 0.56336, 0.52401, 0.57067, 0.58427, 0.57839, 0.60135, 
0.59624, 0.58713, 0.594, 0.57614, 0.58018, 0.55629, 0.54003, 
0.57836, 0.57705, 0.58031, 0.58135, 0.57008, 0.59477, 0.61815, 
0.60246, 0.0374, 0.0386, 0.0407, 0.0436, 0.0446, 0.044, 0.0466, 
0.0511, 0.0501, 0.0542, 0.0576, 76.9, 84.5, 91.1, 99.2, 105.5, 
113.6, 121.3, 129.1, 135.7, 143.1, 148.1, 1, 1, 1, 1, 1, 1, 1, 
1, 1, 1, 1, 1, 1, 1, 1, 1, 1, 1, 1, 1, 1, 1, 1, 1, 1, 1, 1, 1, 
1, 1, 1, 1, 1, 1, 1, 1, 1, 1, 1, 1, 1, 1, 1, 1, 2.9, 2.908, 2.962, 
3.02, 2.937, 2.776, 2.892, 3.044, 2.857, 2.956, 3.117), .Dim = c(11L, 
40L), .Dimnames = list(NULL, c("Sampling", "PSO.cost", "PSO.gamma", 
"PSO.data.balancing", "PSO.feature.selection", "PSO.valid.acc", 
"PSO.test.acc", "PSO.train.time", "PSO.n.support.vectors", "PSO.index", 
"PSO.n.solutions", "PSO.generations", "PSO.n.evaluations", "PSO.cpu.time", 
"RS.cost", "RS.gamma", "RS.data.balancing", "RS.feature.selection", 
"RS.valid.acc", "RS.test.acc", "RS.train.time", "RS.n.support.vectors", 
"RS.index", "RS.n.solutions", "RS.generations", "RS.n.evaluations", 
"RS.cpu.time", "DF.cost", "DF.gamma", "DF.data.balancing", "DF.feature.selection", 
"DF.valid.acc", "DF.test.acc", "DF.train.time", "DF.n.support.vectors", 
"DF.index", "DF.n.solutions", "DF.generations", "DF.n.evaluations", 
"DF.cpu.time")))
