full <-
structure(c(50, 55, 60, 65, 70, 75, 80, 85, 90, 95, 100, 6.92134, 
2.55846, 10.72955, 5.69506, 9.56829, 2.0428, 2.30312, 2.12445, 
11.22229, 1.28485, 4.23327, -3.67783, -5.12667, -14.2162, -9.34719, 
-4.50593, -4.85659, -5.56323, -4.31285, -14.41854, -3.14501, 
-3.29434, 0, 0, 0, 0, 0, 0, 0, 0, 0, 0, 0, 0, 0, 0, 0, 0, 0, 
0, 0, 0, 0, 0, 0.73742, 0.70864, 0.65959, 0.70357, 0.65831, 0.70025, 
0.66574, 0.69271, 0.64787, 0.69879, 0.6657, 0.69674, 0.67864, 
0.64126, 0.62335, 0.58712, 0.65424, 0.65481, 0.64595, 0.625, 
0.67022, 0.66067, 0.038, 0.0388, 0.039, 0.0385, 0.045, 0.0457, 
0.0463, 0.0524, 0.0513, 0.0596, 0.0655, 76.6, 81.6, 86.2, 93.1, 
105.7, 110.5, 116.3, 127.5, 128, 146.6, 151.6, 13, 805, 85, 417, 
182, 2364, 1498, 877, 1692, 192, 212, 1090, 81, 272, 139, 1053, 
1, 38, 274, 1, 305, 1113, 100, 100, 100, 100, 100, 100, 100, 
100, 100, 100, 100, 2500, 2500, 2500, 2500, 2500, 2500, 2500, 
2500, 2500, 2500, 2500, 6934.565, 7118.627, 7305.614, 7353.341, 
7673.427, 7683.02500000001, 7431.649, 7797.05900000001, 7727.89099999999, 
9151.32400000002, 10017.139, 4.71102, 2.30971, 7.81503, 9.22743, 
6.34361, 1.64772, 2.48705, 0.94853, 3.76934, 1.68407, 11.47698, 
-3.70211, -5.13827, -11.29587, -12.73394, -4.56984, -4.35212, 
-5.8125, -3.5241, -6.69924, -3.79037, -3.28951, 0, 0, 0, 0, 0, 
0, 0, 0, 0, 0, 0, 0, 0, 0, 0, 0, 0, 0, 0, 0, 0, 0, 0.73742, 0.69864, 
0.65959, 0.70357, 0.65831, 0.694, 0.66019, 0.68634, 0.64758, 
0.69879, 0.6657, 0.69674, 0.67197, 0.64126, 0.63104, 0.58712, 
0.6623, 0.66625, 0.65151, 0.60941, 0.67942, 0.66067, 0.038, 0.0395, 
0.0368, 0.0417, 0.0447, 0.0459, 0.0483, 0.0542, 0.0507, 0.0667, 
0.0655, 76.6, 81.5, 86.4, 92.8, 105.6, 112.3, 116, 130, 129.5, 
144.1, 151.6, 192, 285, 344, 39, 75, 1505, 2459, 865, 2433, 845, 
179, 4, 2, 4, 7, 15, 1, 1, 1, 1, 2, 7, 100, 100, 100, 100, 100, 
100, 100, 100, 100, 100, 100, 2500, 2500, 2500, 2500, 2500, 2500, 
2500, 2500, 2500, 2500, 2500, 7125.932, 7202.037, 7338.965, 7389.663, 
7634.67800000001, 7514.379, 7807.67599999999, 7748.95300000001, 
7768.45100000002, 10093.328, 9907.31099999999, 1, 1, 1, 1, 1, 
1, 1, 1, 1, 1, 1, 0.03571, 0.03571, 0.03571, 0.03571, 0.03571, 
0.03571, 0.03571, 0.03571, 0.03571, 0.03571, 0.03571, 0, 0, 0, 
0, 0, 0, 0, 0, 0, 0, 0, 0, 0, 0, 0, 0, 0, 0, 0, 0, 0, 0, 0.62543, 
0.57985, 0.57351, 0.58462, 0.57002, 0.5856, 0.55114, 0.59399, 
0.58535, 0.62759, 0.63471, 0.62634, 0.6097, 0.58455, 0.57509, 
0.5637, 0.53702, 0.59608, 0.6055, 0.5965, 0.63035, 0.64694, 0.0337, 
0.0356, 0.0368, 0.0411, 0.0436, 0.0435, 0.0465, 0.05, 0.0545, 
0.0585, 0.0602, 75.5, 83, 91.2, 97.7, 104.6, 112.2, 120.3, 128.2, 
135, 142.6, 148.2, 1, 1, 1, 1, 1, 1, 1, 1, 1, 1, 1, 1, 1, 1, 
1, 1, 1, 1, 1, 1, 1, 1, 1, 1, 1, 1, 1, 1, 1, 1, 1, 1, 1, 1, 1, 
1, 1, 1, 1, 1, 1, 1, 1, 1, 2.739, 2.802, 2.792, 3.032, 3.01, 
2.872, 2.912, 3.1, 3.105, 3.825, 3.896), .Dim = c(11L, 40L), .Dimnames = list(
    NULL, c("Sampling", "PSO.cost", "PSO.gamma", "PSO.data.balancing", 
    "PSO.feature.selection", "PSO.valid.acc", "PSO.test.acc", 
    "PSO.train.time", "PSO.n.support.vectors", "PSO.index", "PSO.n.solutions", 
    "PSO.generations", "PSO.n.evaluations", "PSO.cpu.time", "RS.cost", 
    "RS.gamma", "RS.data.balancing", "RS.feature.selection", 
    "RS.valid.acc", "RS.test.acc", "RS.train.time", "RS.n.support.vectors", 
    "RS.index", "RS.n.solutions", "RS.generations", "RS.n.evaluations", 
    "RS.cpu.time", "DF.cost", "DF.gamma", "DF.data.balancing", 
    "DF.feature.selection", "DF.valid.acc", "DF.test.acc", "DF.train.time", 
    "DF.n.support.vectors", "DF.index", "DF.n.solutions", "DF.generations", 
    "DF.n.evaluations", "DF.cpu.time")))
