full <-
structure(c(50, 55, 60, 65, 70, 75, 80, 85, 90, 95, 100, 6.597, 
4.90644, 2.68684, 2.45379, 9.33499, 12.18326, 1.93144, 9.3092, 
6.35673, 1.25577, 2.8969, -8.67213, -7.66776, -5.70233, -5.93444, 
-12.63995, -15, -5.00002, -12.1492, -9.36135, -3.19982, -6.7875, 
0, 0, 0, 0, 0, 0, 0, 0, 0, 0, 0, 0, 0, 0, 0, 0, 0, 0, 0, 0, 0, 
0, 0.58841, 0.68723, 0.67261, 0.62943, 0.6358, 0.66749, 0.66547, 
0.68153, 0.68819, 0.68045, 0.69234, 0.57937, 0.6128, 0.60635, 
0.61264, 0.59873, 0.65185, 0.66686, 0.65285, 0.65342, 0.64297, 
0.63959, 0.0372, 0.037, 0.0395, 0.0394, 0.0413, 0.046, 0.0494, 
0.0496, 0.0498, 0.0636, 0.0544, 71.6, 78.8, 88.3, 95.4, 100.2, 
107.7, 119.8, 120.6, 128.4, 147.6, 143.5, 452, 142, 607, 244, 
124, 286, 1481, 2177, 1641, 452, 559, 152, 106, 68, 94, 151, 
74, 11, 1, 16, 533, 35, 100, 100, 100, 100, 100, 100, 100, 100, 
100, 100, 100, 2500, 2500, 2500, 2500, 2500, 2500, 2500, 2500, 
2500, 2500, 2500, 7561.036, 7593.872, 7617.974, 7231.121, 7404.407, 
7763.974, 7801.072, 7900.861, 7466.13699999999, 7706.304, 7517.79999999999, 
5.68687, 5.08344, 2.58308, 1.98212, 1.20548, 9.50662, 4.12655, 
10.9669, 5.96665, 0.34211, 4.47796, -7.76408, -7.89582, -5.5506, 
-5.28729, -4.94969, -12.30516, -7.31371, -13.74608, -8.75782, 
-3.3454, -8.48413, 0, 0, 0, 0, 0, 0, 0, 0, 0, 0, 0, 0, 0, 0, 
0, 0, 0, 0, 0, 0, 0, 0, 0.58841, 0.68723, 0.66352, 0.63007, 0.6369, 
0.66749, 0.66541, 0.67564, 0.68313, 0.67023, 0.69205, 0.57937, 
0.6128, 0.60635, 0.60495, 0.61373, 0.65185, 0.66686, 0.64618, 
0.64813, 0.63771, 0.64515, 0.0368, 0.0378, 0.0378, 0.0406, 0.0448, 
0.0473, 0.0482, 0.0478, 0.0532, 0.0588, 0.0537, 71.8, 78.8, 88.4, 
96.4, 104.1, 107.8, 117.2, 120.4, 128.4, 147.1, 142.5, 1430, 
740, 2311, 2348, 192, 240, 112, 1715, 1945, 1184, 2277, 2, 4, 
1, 1, 2, 3, 5, 1, 1, 1, 1, 100, 100, 100, 100, 100, 100, 100, 
100, 100, 100, 100, 2500, 2500, 2500, 2500, 2500, 2500, 2500, 
2500, 2500, 2500, 2500, 7560.335, 7571.592, 7241.49000000001, 
7192.399, 7641.32799999999, 7792.121, 7846.981, 7858.81499999999, 
7591.211, 7620.554, 7617.54200000002, 1, 1, 1, 1, 1, 1, 1, 1, 
1, 1, 1, 0.03571, 0.03571, 0.03571, 0.03571, 0.03571, 0.03571, 
0.03571, 0.03571, 0.03571, 0.03571, 0.03571, 0, 0, 0, 0, 0, 0, 
0, 0, 0, 0, 0, 0, 0, 0, 0, 0, 0, 0, 0, 0, 0, 0, 0.49881, 0.53879, 
0.54392, 0.49788, 0.54263, 0.5448, 0.57899, 0.61679, 0.61206, 
0.622, 0.61986, 0.47854, 0.5422, 0.53957, 0.52224, 0.54304, 0.56772, 
0.59613, 0.6098, 0.61824, 0.61705, 0.61433, 0.0377, 0.0384, 0.0407, 
0.0403, 0.0432, 0.0457, 0.0479, 0.049, 0.0514, 0.0544, 0.0556, 
75.2, 83.6, 91, 98.5, 106.3, 113.6, 121.9, 129.1, 136.2, 144.2, 
149.2, 1, 1, 1, 1, 1, 1, 1, 1, 1, 1, 1, 1, 1, 1, 1, 1, 1, 1, 
1, 1, 1, 1, 1, 1, 1, 1, 1, 1, 1, 1, 1, 1, 1, 1, 1, 1, 1, 1, 1, 
1, 1, 1, 1, 1, 3.052, 3.088, 3.028, 2.881, 3.146, 3.131, 3.184, 
2.945, 2.991, 2.974, 2.971), .Dim = c(11L, 40L), .Dimnames = list(
    NULL, c("Sampling", "PSO.cost", "PSO.gamma", "PSO.data.balancing", 
    "PSO.feature.selection", "PSO.valid.acc", "PSO.test.acc", 
    "PSO.train.time", "PSO.n.support.vectors", "PSO.index", "PSO.n.solutions", 
    "PSO.generations", "PSO.n.evaluations", "PSO.cpu.time", "RS.cost", 
    "RS.gamma", "RS.data.balancing", "RS.feature.selection", 
    "RS.valid.acc", "RS.test.acc", "RS.train.time", "RS.n.support.vectors", 
    "RS.index", "RS.n.solutions", "RS.generations", "RS.n.evaluations", 
    "RS.cpu.time", "DF.cost", "DF.gamma", "DF.data.balancing", 
    "DF.feature.selection", "DF.valid.acc", "DF.test.acc", "DF.train.time", 
    "DF.n.support.vectors", "DF.index", "DF.n.solutions", "DF.generations", 
    "DF.n.evaluations", "DF.cpu.time")))
