full <-
structure(c(50, 55, 60, 65, 70, 75, 80, 85, 90, 95, 100, 3.58471, 
2.01276, 1.41677, 5.14377, 10.62646, 4.44103, 8.55466, 10.98121, 
5.78585, 11.25959, 5.87367, -6.46673, -5.8848, -3.3063, -7.45234, 
-15, -7.72909, -12.3985, -14.20337, -4.41614, -15, -8.97335, 
0, 0, 0, 0, 0, 0, 0, 0, 0, 0, 0, 0, 0, 0, 0, 0, 0, 0, 0, 0, 0, 
0, 0.66967, 0.66606, 0.67519, 0.64608, 0.64029, 0.66419, 0.64826, 
0.66596, 0.64793, 0.66491, 0.66032, 0.60331, 0.62955, 0.6384, 
0.61327, 0.64808, 0.65384, 0.67221, 0.63418, 0.6362, 0.62661, 
0.63188, 0.0381, 0.039, 0.041, 0.0443, 0.0451, 0.0473, 0.0464, 
0.0483, 0.0574, 0.0553, 0.0563, 74, 83.1, 92.7, 94.7, 103.2, 
108.8, 115, 120.4, 135.1, 135.4, 140.3, 809, 1478, 1301, 655, 
81, 2141, 233, 214, 215, 1993, 84, 44, 35, 154, 46, 135, 2, 32, 
118, 171, 3, 271, 100, 100, 100, 100, 100, 100, 100, 100, 100, 
100, 100, 2500, 2500, 2500, 2500, 2500, 2500, 2500, 2500, 2500, 
2500, 2500, 7448.821, 7506.808, 7576.345, 7713.579, 7884.067, 
7730.106, 7788.89499999999, 7589.67599999999, 7767.246, 7651.69, 
7774.226, 2.54094, 5.33758, 1.53694, 2.12022, 0.90094, 2.66785, 
7.66456, 10.55827, 3.58284, 10.74961, 5.17472, -5.21269, -8.7021, 
-3.26853, -6.18328, -4.49802, -5.71677, -11.47376, -13.719, -7.80499, 
-14.51696, -8.1491, 0, 0, 0, 0, 0, 0, 0, 0, 0, 0, 0, 0, 0, 0, 
0, 0, 0, 0, 0, 0, 0, 0, 0.67058, 0.65697, 0.67519, 0.64617, 0.66227, 
0.66383, 0.64826, 0.66596, 0.65232, 0.66462, 0.66032, 0.62331, 
0.62045, 0.6461, 0.62279, 0.625, 0.65348, 0.66596, 0.62892, 0.63048, 
0.62661, 0.63113, 0.0391, 0.038, 0.0436, 0.044, 0.0452, 0.0487, 
0.0477, 0.0476, 0.0506, 0.0556, 0.0543, 75, 81.6, 92.7, 98.3, 
106.3, 110, 114.7, 120.6, 130, 135.4, 140.1, 510, 1074, 1895, 
120, 1471, 1715, 142, 1828, 113, 2064, 103, 1, 2, 1, 3, 1, 1, 
2, 1, 2, 1, 3, 100, 100, 100, 100, 100, 100, 100, 100, 100, 100, 
100, 2500, 2500, 2500, 2500, 2500, 2500, 2500, 2500, 2500, 2500, 
2500, 7475.735, 7429.054, 7654.205, 7846.714, 7819.09299999999, 
7798.05, 7828.96699999999, 7892.72499999999, 7645.88799999999, 
7790.516, 7839.465, 1, 1, 1, 1, 1, 1, 1, 1, 1, 1, 1, 0.03571, 
0.03571, 0.03571, 0.03571, 0.03571, 0.03571, 0.03571, 0.03571, 
0.03571, 0.03571, 0.03571, 0, 0, 0, 0, 0, 0, 0, 0, 0, 0, 0, 0, 
0, 0, 0, 0, 0, 0, 0, 0, 0, 0, 0.50684, 0.54545, 0.56279, 0.55155, 
0.58075, 0.57467, 0.57449, 0.56577, 0.5781, 0.57239, 0.59471, 
0.51141, 0.54545, 0.56881, 0.56767, 0.56076, 0.59467, 0.56407, 
0.58059, 0.59038, 0.57736, 0.60498, 0.0374, 0.0379, 0.0421, 0.0452, 
0.0434, 0.0495, 0.0496, 0.0535, 0.0516, 0.0553, 0.0557, 77, 85.2, 
92.2, 100.3, 107, 114, 121.9, 129.1, 135.7, 143.2, 148.6, 1, 
1, 1, 1, 1, 1, 1, 1, 1, 1, 1, 1, 1, 1, 1, 1, 1, 1, 1, 1, 1, 1, 
1, 1, 1, 1, 1, 1, 1, 1, 1, 1, 1, 1, 1, 1, 1, 1, 1, 1, 1, 1, 1, 
1, 2.997, 2.983, 3.055, 3.111, 2.992, 3.161, 3.154, 3.207, 3.004, 
3.111, 2.97), .Dim = c(11L, 40L), .Dimnames = list(NULL, c("Sampling", 
"PSO.cost", "PSO.gamma", "PSO.data.balancing", "PSO.feature.selection", 
"PSO.valid.acc", "PSO.test.acc", "PSO.train.time", "PSO.n.support.vectors", 
"PSO.index", "PSO.n.solutions", "PSO.generations", "PSO.n.evaluations", 
"PSO.cpu.time", "RS.cost", "RS.gamma", "RS.data.balancing", "RS.feature.selection", 
"RS.valid.acc", "RS.test.acc", "RS.train.time", "RS.n.support.vectors", 
"RS.index", "RS.n.solutions", "RS.generations", "RS.n.evaluations", 
"RS.cpu.time", "DF.cost", "DF.gamma", "DF.data.balancing", "DF.feature.selection", 
"DF.valid.acc", "DF.test.acc", "DF.train.time", "DF.n.support.vectors", 
"DF.index", "DF.n.solutions", "DF.generations", "DF.n.evaluations", 
"DF.cpu.time")))
