full <-
structure(c(50, 55, 60, 65, 70, 75, 80, 85, 90, 95, 100, 5.87215, 
7.44461, 6.08764, 3.30924, 1.05465, 10.77761, 1.32259, 5.51214, 
2.03621, 5.47442, 11.44522, -6.85819, -10.84763, -6.56241, -5.99971, 
-3.62044, -3.52535, -4.04685, -9.26943, -5.41356, -3.3756, -14.52796, 
0, 0, 0, 0, 0, 0, 0, 0, 0, 0, 0, 0, 0, 0, 0, 0, 0, 0, 0, 0, 0, 
0, 0.66018, 0.61194, 0.62636, 0.68416, 0.67062, 0.62614, 0.64494, 
0.67326, 0.7124, 0.6853, 0.67587, 0.55573, 0.58571, 0.6059, 0.61364, 
0.64253, 0.59702, 0.64406, 0.64468, 0.64766, 0.64696, 0.6381, 
0.0373, 0.0381, 0.0417, 0.043, 0.0474, 0.0504, 0.053, 0.0518, 
0.0569, 0.0608, 0.0565, 71.6, 78.4, 85.9, 93.2, 105.4, 114.2, 
119.6, 120.1, 130.4, 146.4, 140, 317, 1045, 2128, 853, 2379, 
33, 434, 145, 133, 252, 271, 138, 6, 7, 22, 2, 1099, 387, 107, 
63, 753, 59, 100, 100, 100, 100, 100, 100, 100, 100, 100, 100, 
100, 2500, 2500, 2500, 2500, 2500, 2500, 2500, 2500, 2500, 2500, 
2500, 8213.632, 8528.219, 8486.74099999999, 8362.932, 8417.573, 
8264.74699999999, 8506.804, 8446.00899999999, 8345.33199999999, 
8669.95199999999, 8439.258, 5.7988, 1.49356, 6.32055, 3.12716, 
3.08022, 11.80874, 2.06943, 0.66332, 3.29371, 3.66212, 9.97358, 
-6.80198, -3.70162, -6.91841, -5.31636, -5.4502, -3.36611, -4.41576, 
-4.22895, -6.35009, -3.36274, -13.03901, 0, 0, 0, 0, 0, 0, 0, 
0, 0, 0, 0, 0, 0, 0, 0, 0, 0, 0, 0, 0, 0, 0, 0.66018, 0.61396, 
0.62517, 0.68416, 0.66498, 0.62614, 0.63896, 0.67941, 0.71655, 
0.6853, 0.67587, 0.56684, 0.57487, 0.5959, 0.61429, 0.64198, 
0.60471, 0.62691, 0.65051, 0.65907, 0.64696, 0.6381, 0.0399, 
0.0403, 0.0429, 0.0435, 0.0489, 0.0489, 0.0511, 0.0531, 0.0565, 
0.0613, 0.0562, 71.6, 83.6, 85.7, 94.5, 100.9, 114.4, 117.8, 
126.6, 127.9, 146.4, 139.8, 1893, 1756, 338, 90, 1070, 207, 1886, 
650, 784, 112, 133, 1, 3, 1, 1, 1, 30, 2, 1, 1, 3, 2, 100, 100, 
100, 100, 100, 100, 100, 100, 100, 100, 100, 2500, 2500, 2500, 
2500, 2500, 2500, 2500, 2500, 2500, 2500, 2500, 8406.612, 8519.117, 
8539.446, 8180.604, 8240.436, 8258.79000000001, 8473.47899999999, 
8452.96600000001, 8373.454, 8630.872, 8583.13800000001, 1, 1, 
1, 1, 1, 1, 1, 1, 1, 1, 1, 0.03571, 0.03571, 0.03571, 0.03571, 
0.03571, 0.03571, 0.03571, 0.03571, 0.03571, 0.03571, 0.03571, 
0, 0, 0, 0, 0, 0, 0, 0, 0, 0, 0, 0, 0, 0, 0, 0, 0, 0, 0, 0, 0, 
0, 0.56934, 0.51179, 0.53499, 0.56357, 0.58414, 0.56383, 0.56391, 
0.60907, 0.62272, 0.60386, 0.6141, 0.55045, 0.50302, 0.51391, 
0.55874, 0.59905, 0.57257, 0.57938, 0.59078, 0.62912, 0.5938, 
0.61968, 0.0363, 0.039, 0.0415, 0.0412, 0.0439, 0.0456, 0.0503, 
0.0499, 0.0569, 0.0568, 0.0582, 75.6, 83.3, 90.6, 97.4, 104.3, 
111.9, 119.6, 127.2, 135, 144.2, 147.7, 1, 1, 1, 1, 1, 1, 1, 
1, 1, 1, 1, 1, 1, 1, 1, 1, 1, 1, 1, 1, 1, 1, 1, 1, 1, 1, 1, 1, 
1, 1, 1, 1, 1, 1, 1, 1, 1, 1, 1, 1, 1, 1, 1, 1, 3.142, 3.293, 
3.337, 3.163, 3.327, 3.366, 3.398, 3.161, 3.486, 3.389, 3.483
), .Dim = c(11L, 40L), .Dimnames = list(NULL, c("Sampling", "PSO.cost", 
"PSO.gamma", "PSO.data.balancing", "PSO.feature.selection", "PSO.valid.acc", 
"PSO.test.acc", "PSO.train.time", "PSO.n.support.vectors", "PSO.index", 
"PSO.n.solutions", "PSO.generations", "PSO.n.evaluations", "PSO.cpu.time", 
"RS.cost", "RS.gamma", "RS.data.balancing", "RS.feature.selection", 
"RS.valid.acc", "RS.test.acc", "RS.train.time", "RS.n.support.vectors", 
"RS.index", "RS.n.solutions", "RS.generations", "RS.n.evaluations", 
"RS.cpu.time", "DF.cost", "DF.gamma", "DF.data.balancing", "DF.feature.selection", 
"DF.valid.acc", "DF.test.acc", "DF.train.time", "DF.n.support.vectors", 
"DF.index", "DF.n.solutions", "DF.generations", "DF.n.evaluations", 
"DF.cpu.time")))
