full <-
structure(c(50, 55, 60, 65, 70, 75, 80, 85, 90, 95, 100, 1.09205, 
1.86734, 5.53513, 6.60699, 0.75747, 1.76842, 4.72612, 1.62108, 
2.67664, 1.03731, 1.38659, -4.30172, -4.61605, -8.94088, -9.6442, 
-3.55572, -4.6655, -9.33225, -4.62138, -4.27712, -3.72348, -3.2852, 
0, 0, 0, 0, 0, 0, 0, 0, 0, 0, 0, 0, 0, 0, 0, 0, 0, 0, 0, 0, 0, 
0, 0.73184, 0.686, 0.67164, 0.69117, 0.66297, 0.68838, 0.67094, 
0.672, 0.68444, 0.67637, 0.65601, 0.66053, 0.65497, 0.61966, 
0.64192, 0.63181, 0.64877, 0.64449, 0.62213, 0.63894, 0.65002, 
0.64564, 0.0373, 0.0369, 0.046, 0.0452, 0.0518, 0.05, 0.051, 
0.0586, 0.0596, 0.0673, 0.0632, 75.4, 82.2, 87.5, 94.3, 107.7, 
111.4, 117.2, 127.6, 136.1, 144.7, 151, 726, 941, 364, 269, 1576, 
1166, 232, 395, 581, 873, 402, 326, 44, 83, 128, 14, 43, 82, 
262, 158, 179, 435, 100, 100, 100, 100, 100, 100, 100, 100, 100, 
100, 100, 2500, 2500, 2500, 2500, 2500, 2500, 2500, 2500, 2500, 
2500, 2500, 7609.296, 7257.118, 10092.41, 9903.685, 9816.003, 
9852.068, 10125.378, 10746.411, 10069.595, 10697.359, 7894.125, 
1.21631, 4.87745, 6.79294, 6.08591, 0.55887, 1.66, 7.084, 1.77462, 
2.66772, 1.08408, 1.46024, -4.3467, -8.26329, -10.21472, -9.12816, 
-2.92496, -4.84766, -11.72531, -5.31001, -4.34903, -3.91814, 
-3.07885, 0, 0, 0, 0, 0, 0, 0, 0, 0, 0, 0, 0, 0, 0, 0, 0, 0, 
0, 0, 0, 0, 0, 0.72073, 0.68433, 0.67164, 0.69117, 0.65608, 0.68213, 
0.67094, 0.66119, 0.67263, 0.67049, 0.65074, 0.66053, 0.67497, 
0.61966, 0.64192, 0.633, 0.66313, 0.65115, 0.6296, 0.63894, 0.65002, 
0.64636, 0.0419, 0.0424, 0.0412, 0.0431, 0.0536, 0.049, 0.0541, 
0.0557, 0.0622, 0.0685, 0.0623, 75.3, 79.8, 87.3, 94.3, 108.5, 
111.1, 117.3, 126.6, 135.8, 144.5, 151.3, 235, 2103, 170, 182, 
1945, 608, 42, 568, 1143, 818, 376, 2, 3, 9, 11, 1, 3, 5, 5, 
2, 1, 1, 100, 100, 100, 100, 100, 100, 100, 100, 100, 100, 100, 
2500, 2500, 2500, 2500, 2500, 2500, 2500, 2500, 2500, 2500, 2500, 
7495.23, 8212.389, 10138.73, 9757.948, 9742.296, 9861.44499999999, 
10551.1, 10629.617, 10316.432, 8958.26300000001, 7835.59899999999, 
1, 1, 1, 1, 1, 1, 1, 1, 1, 1, 1, 0.03571, 0.03571, 0.03571, 0.03571, 
0.03571, 0.03571, 0.03571, 0.03571, 0.03571, 0.03571, 0.03571, 
0, 0, 0, 0, 0, 0, 0, 0, 0, 0, 0, 0, 0, 0, 0, 0, 0, 0, 0, 0, 0, 
0, 0.54422, 0.5891, 0.55613, 0.57321, 0.60377, 0.58686, 0.61991, 
0.58654, 0.62104, 0.6124, 0.61629, 0.56081, 0.59965, 0.54462, 
0.56904, 0.56164, 0.57899, 0.63246, 0.61213, 0.62297, 0.64551, 
0.59994, 0.0343, 0.0447, 0.0452, 0.0482, 0.0453, 0.0492, 0.0534, 
0.0536, 0.0564, 0.0557, 0.0564, 75.8, 83.9, 92.3, 99.1, 107.3, 
113.5, 121.2, 130.1, 136.4, 144.9, 147.9, 1, 1, 1, 1, 1, 1, 1, 
1, 1, 1, 1, 1, 1, 1, 1, 1, 1, 1, 1, 1, 1, 1, 1, 1, 1, 1, 1, 1, 
1, 1, 1, 1, 1, 1, 1, 1, 1, 1, 1, 1, 1, 1, 1, 1, 2.798, 4.062, 
4.076, 4.045, 3.703, 3.798, 4.228, 3.903, 3.918, 3.123, 3.077
), .Dim = c(11L, 40L), .Dimnames = list(NULL, c("Sampling", "PSO.cost", 
"PSO.gamma", "PSO.data.balancing", "PSO.feature.selection", "PSO.valid.acc", 
"PSO.test.acc", "PSO.train.time", "PSO.n.support.vectors", "PSO.index", 
"PSO.n.solutions", "PSO.generations", "PSO.n.evaluations", "PSO.cpu.time", 
"RS.cost", "RS.gamma", "RS.data.balancing", "RS.feature.selection", 
"RS.valid.acc", "RS.test.acc", "RS.train.time", "RS.n.support.vectors", 
"RS.index", "RS.n.solutions", "RS.generations", "RS.n.evaluations", 
"RS.cpu.time", "DF.cost", "DF.gamma", "DF.data.balancing", "DF.feature.selection", 
"DF.valid.acc", "DF.test.acc", "DF.train.time", "DF.n.support.vectors", 
"DF.index", "DF.n.solutions", "DF.generations", "DF.n.evaluations", 
"DF.cpu.time")))
