full <-
structure(c(50, 55, 60, 65, 70, 75, 80, 85, 90, 95, 100, 3.50982, 
8.90038, 1.11253, 2.09925, 5.46178, 1.48974, 4.57772, 11.39304, 
2.99916, 2.4195, 3.10497, -5.56433, -10.52179, -4.30123, -6.28149, 
-10.06111, -4.7918, -7.10714, -14.14097, -4.29068, -5.50844, 
-3.65745, 0, 0, 0, 0, 0, 0, 0, 0, 0, 0, 0, 0, 0, 0, 0, 0, 0, 
0, 0, 0, 0, 0, 0.61025, 0.56009, 0.56233, 0.58581, 0.59742, 0.62893, 
0.65392, 0.66799, 0.68409, 0.69663, 0.68468, 0.53957, 0.57282, 
0.54236, 0.54606, 0.58956, 0.60042, 0.63544, 0.66901, 0.63913, 
0.65946, 0.64457, 0.038, 0.0389, 0.0393, 0.0426, 0.0441, 0.0482, 
0.0466, 0.0512, 0.0537, 0.055, 0.0622, 75, 81.3, 91.1, 98.7, 
105.1, 112.9, 115.7, 119.7, 136.5, 138.4, 150.2, 485, 63, 761, 
828, 980, 2364, 2354, 461, 1573, 455, 105, 105, 96, 297, 26, 
34, 1, 1, 20, 24, 132, 550, 100, 100, 100, 100, 100, 100, 100, 
100, 100, 100, 100, 2500, 2500, 2500, 2500, 2500, 2500, 2500, 
2500, 2500, 2500, 2500, 7413.738, 7486.903, 7269.14, 7494.235, 
7616.419, 7582.451, 7505.757, 7483.614, 7530.069, 7550.27499999999, 
7669.24100000001, 3.02338, 10.63896, 0.62555, 4.01295, 7.66236, 
1.71606, 8.49631, 2.9428, 0.94508, 10.28343, 13.70022, -5.21051, 
-13.38389, -3.86773, -8.38873, -12.3016, -5.01605, -11.36602, 
-6.43629, -3.51849, -13.56325, -3.64103, 0, 0, 0, 0, 0, 0, 0, 
0, 0, 0, 0, 0, 0, 0, 0, 0, 0, 0, 0, 0, 0, 0, 0.60823, 0.56009, 
0.54631, 0.57866, 0.58908, 0.62227, 0.6535, 0.66336, 0.67759, 
0.68557, 0.67942, 0.53048, 0.53282, 0.53861, 0.5294, 0.58956, 
0.60042, 0.62721, 0.68054, 0.66731, 0.67945, 0.64457, 0.0371, 
0.039, 0.0383, 0.04, 0.0443, 0.0467, 0.0489, 0.0479, 0.0559, 
0.0528, 0.062, 75.9, 82.2, 91.7, 98.3, 105.2, 112.1, 115.2, 123.4, 
139, 135.9, 150.4, 418, 314, 648, 145, 112, 403, 256, 1641, 2053, 
2180, 192, 2, 4, 6, 3, 7, 1, 43, 1, 1, 1, 6, 100, 100, 100, 100, 
100, 100, 100, 100, 100, 100, 100, 2500, 2500, 2500, 2500, 2500, 
2500, 2500, 2500, 2500, 2500, 2500, 7471.38, 7656.082, 7411.169, 
7538.78, 7546.643, 7578.482, 7591.89, 7499.65399999999, 7365.51899999999, 
7625.43299999999, 7657.101, 1, 1, 1, 1, 1, 1, 1, 1, 1, 1, 1, 
0.03571, 0.03571, 0.03571, 0.03571, 0.03571, 0.03571, 0.03571, 
0.03571, 0.03571, 0.03571, 0.03571, 0, 0, 0, 0, 0, 0, 0, 0, 0, 
0, 0, 0, 0, 0, 0, 0, 0, 0, 0, 0, 0, 0, 0.47535, 0.50615, 0.48486, 
0.51456, 0.53102, 0.55207, 0.58877, 0.59118, 0.61096, 0.62058, 
0.6386, 0.4871, 0.50077, 0.49835, 0.47418, 0.52205, 0.56155, 
0.57034, 0.579, 0.61388, 0.61491, 0.60259, 0.0377, 0.0381, 0.0406, 
0.0422, 0.0439, 0.0458, 0.0495, 0.0489, 0.0549, 0.0546, 0.0564, 
77.1, 85.2, 92, 100, 107.4, 113.9, 121.8, 127.6, 136.4, 142.6, 
147.8, 1, 1, 1, 1, 1, 1, 1, 1, 1, 1, 1, 1, 1, 1, 1, 1, 1, 1, 
1, 1, 1, 1, 1, 1, 1, 1, 1, 1, 1, 1, 1, 1, 1, 1, 1, 1, 1, 1, 1, 
1, 1, 1, 1, 1, 2.984, 3.013, 3.078, 3.042, 2.975, 2.988, 3.026, 
2.816, 3.061, 2.988, 2.957), .Dim = c(11L, 40L), .Dimnames = list(
    NULL, c("Sampling", "PSO.cost", "PSO.gamma", "PSO.data.balancing", 
    "PSO.feature.selection", "PSO.valid.acc", "PSO.test.acc", 
    "PSO.train.time", "PSO.n.support.vectors", "PSO.index", "PSO.n.solutions", 
    "PSO.generations", "PSO.n.evaluations", "PSO.cpu.time", "RS.cost", 
    "RS.gamma", "RS.data.balancing", "RS.feature.selection", 
    "RS.valid.acc", "RS.test.acc", "RS.train.time", "RS.n.support.vectors", 
    "RS.index", "RS.n.solutions", "RS.generations", "RS.n.evaluations", 
    "RS.cpu.time", "DF.cost", "DF.gamma", "DF.data.balancing", 
    "DF.feature.selection", "DF.valid.acc", "DF.test.acc", "DF.train.time", 
    "DF.n.support.vectors", "DF.index", "DF.n.solutions", "DF.generations", 
    "DF.n.evaluations", "DF.cpu.time")))
