full <-
structure(c(50, 55, 60, 65, 70, 75, 80, 85, 90, 95, 100, 6.60082, 
11.61797, 2.33331, 1.91543, 1.10815, 12.88746, 1.18422, 4.44447, 
2.30481, 1.09843, 1.19773, -10.39026, -14.87525, -5.94378, -4.34439, 
-5.6732, -15, -4.29874, -8.22333, -5.83024, -3.93434, -3.48577, 
0, 0, 0, 0, 0, 0, 0, 0, 0, 0, 0, 0, 0, 0, 0, 0, 0, 0, 0, 0, 0, 
0, 0.62069, 0.57717, 0.57582, 0.61391, 0.63139, 0.66022, 0.6688, 
0.65297, 0.67536, 0.67524, 0.69006, 0.59549, 0.54662, 0.58491, 
0.57732, 0.58634, 0.61619, 0.63524, 0.62735, 0.63792, 0.66662, 
0.66887, 0.0374, 0.0357, 0.04, 0.0446, 0.0436, 0.0458, 0.0489, 
0.047, 0.0505, 0.0597, 0.0592, 74.6, 82.1, 89.5, 98.8, 105.7, 
109.1, 121.2, 124, 132, 142.7, 150.5, 399, 262, 1947, 521, 167, 
150, 188, 526, 752, 622, 542, 142, 199, 1, 219, 72, 35, 254, 
130, 62, 33, 390, 100, 100, 100, 100, 100, 100, 100, 100, 100, 
100, 100, 2500, 2500, 2500, 2500, 2500, 2500, 2500, 2500, 2500, 
2500, 2500, 6907.222, 6915.255, 6994.853, 7169.761, 7154.16699999999, 
7180.577, 7239.61, 7216.003, 7304.466, 7470.83799999999, 7470.07400000002, 
2.01544, 1.59527, 2.36663, 1.75816, 9.1255, 2.03723, 1.1086, 
9.46382, 2.00198, 0.94335, 1.0223, -4.16268, -4.97178, -5.94285, 
-4.16282, -13.04841, -4.8481, -4.11062, -13.26985, -5.48906, 
-3.36468, -3.32764, 0, 0, 0, 0, 0, 0, 0, 0, 0, 0, 0, 0, 0, 0, 
0, 0, 0, 0, 0, 0, 0, 0, 0.62243, 0.58035, 0.57582, 0.61391, 0.63044, 
0.66774, 0.6688, 0.65297, 0.67536, 0.66942, 0.6803, 0.49108, 
0.51545, 0.594, 0.58566, 0.61615, 0.58553, 0.64112, 0.63262, 
0.63792, 0.68162, 0.65831, 0.0377, 0.0386, 0.0379, 0.0434, 0.0431, 
0.0475, 0.0475, 0.0485, 0.0505, 0.0599, 0.0601, 76.4, 83.8, 89.4, 
99.1, 102.5, 113.1, 121.5, 123.4, 133.2, 144.9, 151, 1505, 1603, 
184, 888, 1276, 1348, 1758, 216, 2070, 1230, 1675, 1, 1, 3, 1, 
2, 1, 1, 5, 1, 2, 1, 100, 100, 100, 100, 100, 100, 100, 100, 
100, 100, 100, 2500, 2500, 2500, 2500, 2500, 2500, 2500, 2500, 
2500, 2500, 2500, 6934.115, 7045.97, 7031.54900000001, 7206.324, 
7168.96599999999, 7253.03499999999, 7198.35100000001, 7312.992, 
7367.37999999999, 7438.97100000002, 7450.29199999999, 1, 1, 1, 
1, 1, 1, 1, 1, 1, 1, 1, 0.03571, 0.03571, 0.03571, 0.03571, 0.03571, 
0.03571, 0.03571, 0.03571, 0.03571, 0.03571, 0.03571, 0, 0, 0, 
0, 0, 0, 0, 0, 0, 0, 0, 0, 0, 0, 0, 0, 0, 0, 0, 0, 0, 0, 0.39368, 
0.42192, 0.47803, 0.49491, 0.57253, 0.59723, 0.61381, 0.5745, 
0.59218, 0.59524, 0.61525, 0.39618, 0.40374, 0.46678, 0.48007, 
0.56271, 0.57484, 0.60131, 0.59094, 0.59548, 0.58436, 0.62137, 
0.0336, 0.0385, 0.037, 0.0399, 0.0431, 0.0453, 0.0451, 0.0483, 
0.0518, 0.0525, 0.0558, 76.3, 84.3, 91.4, 98.6, 107, 114.2, 120.8, 
128.3, 135.9, 142.7, 148.1, 1, 1, 1, 1, 1, 1, 1, 1, 1, 1, 1, 
1, 1, 1, 1, 1, 1, 1, 1, 1, 1, 1, 1, 1, 1, 1, 1, 1, 1, 1, 1, 1, 
1, 1, 1, 1, 1, 1, 1, 1, 1, 1, 1, 1, 2.611, 2.895, 2.674, 2.766, 
2.882, 2.805, 2.767, 2.824, 2.917, 2.858, 2.918), .Dim = c(11L, 
40L), .Dimnames = list(NULL, c("Sampling", "PSO.cost", "PSO.gamma", 
"PSO.data.balancing", "PSO.feature.selection", "PSO.valid.acc", 
"PSO.test.acc", "PSO.train.time", "PSO.n.support.vectors", "PSO.index", 
"PSO.n.solutions", "PSO.generations", "PSO.n.evaluations", "PSO.cpu.time", 
"RS.cost", "RS.gamma", "RS.data.balancing", "RS.feature.selection", 
"RS.valid.acc", "RS.test.acc", "RS.train.time", "RS.n.support.vectors", 
"RS.index", "RS.n.solutions", "RS.generations", "RS.n.evaluations", 
"RS.cpu.time", "DF.cost", "DF.gamma", "DF.data.balancing", "DF.feature.selection", 
"DF.valid.acc", "DF.test.acc", "DF.train.time", "DF.n.support.vectors", 
"DF.index", "DF.n.solutions", "DF.generations", "DF.n.evaluations", 
"DF.cpu.time")))
