full <-
structure(c(50, 55, 60, 65, 70, 75, 80, 85, 90, 95, 100, 9.96734, 
5.09337, 9.15007, 2.06246, 2.31884, 0.64273, 9.81509, 2.75777, 
13.21268, 7.15279, 7.59053, -13.66569, -9.2058, -12.03372, -4.70016, 
-4.86666, -4.02085, -12.6997, -6.30953, -3.95516, -4.31335, -4.205, 
0, 0, 0, 0, 0, 0, 0, 0, 0, 0, 0, 0, 0, 0, 0, 0, 0, 0, 0, 0, 0, 
0, 0.52636, 0.56202, 0.61205, 0.64702, 0.65838, 0.66346, 0.64185, 
0.65071, 0.65651, 0.65203, 0.68023, 0.49838, 0.54444, 0.58422, 
0.65453, 0.6379, 0.6491, 0.61699, 0.60828, 0.60626, 0.64392, 
0.67514, 0.0354, 0.0373, 0.0393, 0.043, 0.0461, 0.0484, 0.0487, 
0.05, 0.0573, 0.0592, 0.069, 73.5, 81.4, 87.5, 98.4, 105.7, 114.3, 
115.9, 124.4, 136.4, 142.8, 147.4, 77, 388, 127, 2346, 362, 968, 
498, 2474, 210, 291, 33, 63, 27, 128, 1, 294, 134, 34, 1, 667, 
911, 1548, 100, 100, 100, 100, 100, 100, 100, 100, 100, 100, 
100, 2500, 2500, 2500, 2500, 2500, 2500, 2500, 2500, 2500, 2500, 
2500, 7265.287, 7415.206, 7684.664, 7851.976, 7871.04700000001, 
7910.79599999999, 7942.97500000001, 8014.71400000001, 8124.73199999999, 
9883.856, 10390.124, 11.11432, 10.4909, 6.74767, 2.12721, 2.2108, 
0.76581, 3.95256, 2.4833, 13.06, 9.23784, 13.24224, -14.80553, 
-14.72927, -9.61608, -4.68718, -4.66458, -4.08346, -6.78674, 
-6.06297, -4.02116, -4.35154, -4.20776, 0, 0, 0, 0, 0, 0, 0, 
0, 0, 0, 0, 0, 0, 0, 0, 0, 0, 0, 0, 0, 0, 0, 0.52636, 0.55861, 
0.61205, 0.64035, 0.65838, 0.65721, 0.63518, 0.64479, 0.65125, 
0.65203, 0.68023, 0.49838, 0.54444, 0.58422, 0.65453, 0.6379, 
0.64196, 0.60895, 0.59129, 0.61251, 0.64392, 0.67514, 0.0344, 
0.0377, 0.0395, 0.044, 0.0471, 0.0483, 0.049, 0.0508, 0.0559, 
0.0607, 0.069, 73.5, 81.4, 87.5, 98.7, 106.6, 114, 117.3, 124.4, 
136.2, 142.5, 147.4, 74, 59, 1100, 357, 2213, 2338, 498, 606, 
387, 15, 103, 5, 7, 4, 1, 1, 1, 7, 1, 7, 5, 23, 100, 100, 100, 
100, 100, 100, 100, 100, 100, 100, 100, 2500, 2500, 2500, 2500, 
2500, 2500, 2500, 2500, 2500, 2500, 2500, 7303.035, 7613.939, 
7822.587, 7827.464, 7860.838, 7911.19500000001, 7944.675, 8017.36499999999, 
8086.56600000002, 10333.225, 10414.263, 1, 1, 1, 1, 1, 1, 1, 
1, 1, 1, 1, 0.03571, 0.03571, 0.03571, 0.03571, 0.03571, 0.03571, 
0.03571, 0.03571, 0.03571, 0.03571, 0.03571, 0, 0, 0, 0, 0, 0, 
0, 0, 0, 0, 0, 0, 0, 0, 0, 0, 0, 0, 0, 0, 0, 0, 0.42434, 0.44316, 
0.48297, 0.543, 0.56025, 0.61084, 0.57014, 0.56074, 0.56722, 
0.61147, 0.61302, 0.37283, 0.43899, 0.49406, 0.55875, 0.56739, 
0.57895, 0.58339, 0.57101, 0.5883, 0.60296, 0.60399, 0.038, 0.0415, 
0.0398, 0.0418, 0.0442, 0.047, 0.0488, 0.0516, 0.054, 0.0585, 
0.0626, 75.8, 83.9, 91.5, 98.5, 106.9, 113.6, 121.1, 128.4, 135.8, 
143.8, 147.2, 1, 1, 1, 1, 1, 1, 1, 1, 1, 1, 1, 1, 1, 1, 1, 1, 
1, 1, 1, 1, 1, 1, 1, 1, 1, 1, 1, 1, 1, 1, 1, 1, 1, 1, 1, 1, 1, 
1, 1, 1, 1, 1, 1, 1, 3.073, 3.206, 3.067, 3.15, 3.11, 3.136, 
3.138, 3.246, 3.299, 3.883, 4.214), .Dim = c(11L, 40L), .Dimnames = list(
    NULL, c("Sampling", "PSO.cost", "PSO.gamma", "PSO.data.balancing", 
    "PSO.feature.selection", "PSO.valid.acc", "PSO.test.acc", 
    "PSO.train.time", "PSO.n.support.vectors", "PSO.index", "PSO.n.solutions", 
    "PSO.generations", "PSO.n.evaluations", "PSO.cpu.time", "RS.cost", 
    "RS.gamma", "RS.data.balancing", "RS.feature.selection", 
    "RS.valid.acc", "RS.test.acc", "RS.train.time", "RS.n.support.vectors", 
    "RS.index", "RS.n.solutions", "RS.generations", "RS.n.evaluations", 
    "RS.cpu.time", "DF.cost", "DF.gamma", "DF.data.balancing", 
    "DF.feature.selection", "DF.valid.acc", "DF.test.acc", "DF.train.time", 
    "DF.n.support.vectors", "DF.index", "DF.n.solutions", "DF.generations", 
    "DF.n.evaluations", "DF.cpu.time")))
