full <-
structure(c(50, 55, 60, 65, 70, 75, 80, 85, 90, 95, 100, 3.41614, 
3.36607, 5.30966, 0.86962, 4.64059, 2.22312, 1.16191, 2.24805, 
2.88237, 1.62355, 2.29754, -5.83928, -5.6096, -8.84632, -4.00033, 
-6.93408, -4.39232, -3.58909, -4.72396, -5.23448, -5.15686, -5.64745, 
0, 0, 0, 0, 0, 0, 0, 0, 0, 0, 0, 0, 0, 0, 0, 0, 0, 0, 0, 0, 0, 
0, 0.61333, 0.59947, 0.58818, 0.65068, 0.67225, 0.6663, 0.63305, 
0.66006, 0.66613, 0.68203, 0.65476, 0.57202, 0.57909, 0.56, 0.61906, 
0.60956, 0.67925, 0.62055, 0.64245, 0.65472, 0.63334, 0.67581, 
0.0385, 0.0401, 0.0427, 0.0461, 0.0446, 0.0495, 0.0551, 0.0525, 
0.057, 0.0567, 0.0575, 73.6, 81.8, 88, 98.7, 102.5, 113.2, 122.1, 
126.5, 133.5, 140, 143.8, 267, 239, 1772, 1053, 82, 1141, 2282, 
330, 315, 915, 1259, 73, 298, 8, 132, 395, 74, 1, 57, 50, 44, 
46, 100, 100, 100, 100, 100, 100, 100, 100, 100, 100, 100, 2500, 
2500, 2500, 2500, 2500, 2500, 2500, 2500, 2500, 2500, 2500, 7327.784, 
7647.993, 7703.67, 7828.875, 7872.425, 7938.402, 8104.299, 8127.348, 
8261.261, 8335.31099999999, 8481.29999999999, 10.3795, 3.50834, 
4.93352, 1.15049, 4.49538, 8.33837, 1.43647, 10.32836, 3.01629, 
1.73974, 1.78963, -13.77849, -5.71098, -8.43209, -4.28103, -6.6707, 
-11.56536, -3.67892, -12.97533, -5.27808, -5.27185, -3.98369, 
0, 0, 0, 0, 0, 0, 0, 0, 0, 0, 0, 0, 0, 0, 0, 0, 0, 0, 0, 0, 0, 
0, 0.61131, 0.59947, 0.58818, 0.65068, 0.67225, 0.66005, 0.63236, 
0.65529, 0.66086, 0.68203, 0.65407, 0.60333, 0.56909, 0.56, 0.61906, 
0.60956, 0.66544, 0.61472, 0.65018, 0.65472, 0.63334, 0.66372, 
0.0365, 0.0377, 0.0404, 0.0435, 0.0451, 0.0462, 0.0544, 0.054, 
0.0552, 0.0577, 0.0656, 72.9, 81.5, 88.2, 97.9, 102.8, 108.2, 
121.9, 121.1, 133.3, 139.3, 148.5, 18, 1106, 1074, 366, 641, 
66, 1388, 138, 1015, 1984, 2083, 10, 1, 10, 2, 5, 6, 1, 8, 1, 
1, 1, 100, 100, 100, 100, 100, 100, 100, 100, 100, 100, 100, 
2500, 2500, 2500, 2500, 2500, 2500, 2500, 2500, 2500, 2500, 2500, 
7611.529, 7646.128, 7805.909, 7913.532, 7713.55099999999, 8014.00599999999, 
8128.726, 8011.375, 8283.23799999998, 8623.58100000001, 8616.62699999998, 
1, 1, 1, 1, 1, 1, 1, 1, 1, 1, 1, 0.03571, 0.03571, 0.03571, 0.03571, 
0.03571, 0.03571, 0.03571, 0.03571, 0.03571, 0.03571, 0.03571, 
0, 0, 0, 0, 0, 0, 0, 0, 0, 0, 0, 0, 0, 0, 0, 0, 0, 0, 0, 0, 0, 
0, 0.5196, 0.50545, 0.52572, 0.57165, 0.55715, 0.5829, 0.56258, 
0.6021, 0.57429, 0.61747, 0.59712, 0.48737, 0.51435, 0.5564, 
0.55487, 0.57254, 0.58252, 0.57587, 0.59609, 0.60882, 0.62244, 
0.60233, 0.0415, 0.0381, 0.0396, 0.0414, 0.0474, 0.0473, 0.051, 
0.0517, 0.0562, 0.0599, 0.0617, 76.5, 83.2, 91.7, 98.7, 108.1, 
113.4, 121.6, 128.6, 137, 143.9, 148.2, 1, 1, 1, 1, 1, 1, 1, 
1, 1, 1, 1, 1, 1, 1, 1, 1, 1, 1, 1, 1, 1, 1, 1, 1, 1, 1, 1, 1, 
1, 1, 1, 1, 1, 1, 1, 1, 1, 1, 1, 1, 1, 1, 1, 1, 3.16, 2.918, 
2.974, 3.188, 3.265, 3.149, 3.242, 3.244, 3.359, 3.431, 3.5), .Dim = c(11L, 
40L), .Dimnames = list(NULL, c("Sampling", "PSO.cost", "PSO.gamma", 
"PSO.data.balancing", "PSO.feature.selection", "PSO.valid.acc", 
"PSO.test.acc", "PSO.train.time", "PSO.n.support.vectors", "PSO.index", 
"PSO.n.solutions", "PSO.generations", "PSO.n.evaluations", "PSO.cpu.time", 
"RS.cost", "RS.gamma", "RS.data.balancing", "RS.feature.selection", 
"RS.valid.acc", "RS.test.acc", "RS.train.time", "RS.n.support.vectors", 
"RS.index", "RS.n.solutions", "RS.generations", "RS.n.evaluations", 
"RS.cpu.time", "DF.cost", "DF.gamma", "DF.data.balancing", "DF.feature.selection", 
"DF.valid.acc", "DF.test.acc", "DF.train.time", "DF.n.support.vectors", 
"DF.index", "DF.n.solutions", "DF.generations", "DF.n.evaluations", 
"DF.cpu.time")))
