full <-
structure(c(50, 55, 60, 65, 70, 75, 80, 85, 90, 95, 100, 2.14649, 
2.52178, 3.36203, 2.82369, 4.12466, 5.32681, 12.03105, 7.72121, 
9.7466, 3.39386, 1.23876, -4.00936, -4.61705, -6.1685, -5.84586, 
-4.91887, -8.39346, -15, -3.6675, -13.47387, -4.26957, -3.64346, 
0, 0, 0, 0, 0, 0, 0, 0, 0, 0, 0, 0, 0, 0, 0, 0, 0, 0, 0, 0, 0, 
0, 0.60419, 0.64985, 0.64033, 0.61836, 0.65856, 0.65371, 0.71238, 
0.67263, 0.68469, 0.66262, 0.67467, 0.60399, 0.60924, 0.58402, 
0.56542, 0.64795, 0.63186, 0.66631, 0.63412, 0.65242, 0.65595, 
0.64444, 0.0382, 0.0413, 0.0408, 0.0427, 0.0464, 0.051, 0.0487, 
0.0578, 0.0536, 0.0619, 0.0632, 77.2, 82.8, 87.9, 95, 103.9, 
107.6, 114.6, 128.8, 128.5, 143.4, 150.1, 964, 1015, 810, 234, 
108, 891, 339, 174, 1621, 1512, 317, 74, 75, 117, 299, 814, 16, 
110, 929, 6, 33, 441, 100, 100, 100, 100, 100, 100, 100, 100, 
100, 100, 100, 2500, 2500, 2500, 2500, 2500, 2500, 2500, 2500, 
2500, 2500, 2500, 8881.321, 9198.019, 9378.532, 9390.34800000001, 
9427.38900000001, 9414.21400000001, 9417.79300000001, 9581.85399999999, 
9398.837, 9648.38099999999, 9698.29999999999, 2.5334, 9.5892, 
3.5504, 2.9011, 4.21617, 7.01584, 9.99387, 9.33292, 10.6052, 
7.99151, 1.18869, -3.97269, -4.17985, -6.3488, -5.91824, -5.02067, 
-10.07919, -12.86673, -3.66301, -14.31736, -12.39554, -3.61071, 
0, 0, 0, 0, 0, 0, 0, 0, 0, 0, 0, 0, 0, 0, 0, 0, 0, 0, 0, 0, 0, 
0, 0.60328, 0.63, 0.64033, 0.61836, 0.65856, 0.64704, 0.71238, 
0.67263, 0.68469, 0.66069, 0.67467, 0.60399, 0.58106, 0.58402, 
0.56542, 0.64795, 0.63186, 0.67808, 0.63412, 0.65242, 0.64399, 
0.64444, 0.0382, 0.0425, 0.0429, 0.0439, 0.0456, 0.0478, 0.0497, 
0.0564, 0.0515, 0.0548, 0.0618, 77.2, 84, 87.4, 94.9, 103.5, 
107.4, 114.4, 128.9, 128.6, 137.2, 150.2, 3, 895, 896, 2255, 
146, 1877, 182, 105, 731, 382, 1652, 21, 10, 1, 1, 2, 2, 8, 7, 
2, 1, 1, 100, 100, 100, 100, 100, 100, 100, 100, 100, 100, 100, 
2500, 2500, 2500, 2500, 2500, 2500, 2500, 2500, 2500, 2500, 2500, 
9235.654, 9354.719, 9378.367, 9387.185, 9414.845, 9421.398, 9463.605, 
9291.88100000002, 9540.63800000001, 9687.13800000001, 9692.55899999998, 
1, 1, 1, 1, 1, 1, 1, 1, 1, 1, 1, 0.03571, 0.03571, 0.03571, 0.03571, 
0.03571, 0.03571, 0.03571, 0.03571, 0.03571, 0.03571, 0.03571, 
0, 0, 0, 0, 0, 0, 0, 0, 0, 0, 0, 0, 0, 0, 0, 0, 0, 0, 0, 0, 0, 
0, 0.44909, 0.47864, 0.52438, 0.4999, 0.55881, 0.5591, 0.59277, 
0.57612, 0.61991, 0.60079, 0.60907, 0.43937, 0.53606, 0.52716, 
0.49157, 0.53798, 0.57971, 0.6207, 0.59015, 0.62525, 0.62276, 
0.60404, 0.0381, 0.0409, 0.0414, 0.0439, 0.0441, 0.046, 0.0484, 
0.0501, 0.0531, 0.0576, 0.0564, 76.6, 83.8, 90.9, 98.4, 105, 
113.5, 121.4, 128.2, 134, 143.7, 148.7, 1, 1, 1, 1, 1, 1, 1, 
1, 1, 1, 1, 1, 1, 1, 1, 1, 1, 1, 1, 1, 1, 1, 1, 1, 1, 1, 1, 1, 
1, 1, 1, 1, 1, 1, 1, 1, 1, 1, 1, 1, 1, 1, 1, 1, 3.62, 3.697, 
3.73, 3.733, 3.771, 3.742, 3.722, 3.724, 3.818, 3.871, 3.906), .Dim = c(11L, 
40L), .Dimnames = list(NULL, c("Sampling", "PSO.cost", "PSO.gamma", 
"PSO.data.balancing", "PSO.feature.selection", "PSO.valid.acc", 
"PSO.test.acc", "PSO.train.time", "PSO.n.support.vectors", "PSO.index", 
"PSO.n.solutions", "PSO.generations", "PSO.n.evaluations", "PSO.cpu.time", 
"RS.cost", "RS.gamma", "RS.data.balancing", "RS.feature.selection", 
"RS.valid.acc", "RS.test.acc", "RS.train.time", "RS.n.support.vectors", 
"RS.index", "RS.n.solutions", "RS.generations", "RS.n.evaluations", 
"RS.cpu.time", "DF.cost", "DF.gamma", "DF.data.balancing", "DF.feature.selection", 
"DF.valid.acc", "DF.test.acc", "DF.train.time", "DF.n.support.vectors", 
"DF.index", "DF.n.solutions", "DF.generations", "DF.n.evaluations", 
"DF.cpu.time")))
