full <-
structure(c(50, 55, 60, 65, 70, 75, 80, 85, 90, 95, 100, 1.76391, 
7.62664, 2.31408, 1.42739, 2.9073, 5.89737, 3.602, 8.27415, 3.99649, 
0.88373, 10.43391, -5.32313, -11.17327, -5.74824, -4.61331, -6.79274, 
-9.34018, -6.10079, -3.27442, -8.22674, -4.09678, -13.09792, 
0, 0, 0, 0, 0, 0, 0, 0, 0, 0, 0, 0, 0, 0, 0, 0, 0, 0, 0, 0, 0, 
0, 0.62702, 0.65318, 0.65907, 0.65576, 0.63225, 0.62286, 0.61182, 
0.62715, 0.64089, 0.67718, 0.67015, 0.61813, 0.61773, 0.66101, 
0.62621, 0.60929, 0.61399, 0.59164, 0.58254, 0.62777, 0.63886, 
0.65084, 0.0369, 0.0374, 0.0406, 0.043, 0.0444, 0.0456, 0.049, 
0.0535, 0.0545, 0.061, 0.0584, 74.4, 78.4, 88.5, 98.6, 102.6, 
109.9, 116.2, 131.8, 131.9, 142.8, 138.6, 1768, 302, 1353, 1580, 
760, 1701, 2152, 223, 389, 378, 1278, 7, 161, 51, 44, 56, 2, 
5, 678, 51, 682, 16, 100, 100, 100, 100, 100, 100, 100, 100, 
100, 100, 100, 2500, 2500, 2500, 2500, 2500, 2500, 2500, 2500, 
2500, 2500, 2500, 9285.599, 9061.348, 9153.73499999999, 9204.375, 
9232.85799999999, 9240.224, 9280.15299999999, 9561.61400000002, 
9613.43899999998, 9882.36800000002, 9702.103, 9.99016, 11.16816, 
2.39541, 1.99827, 1.83546, 6.44914, 1.29752, 2.9823, 3.21377, 
0.91252, 1.56922, -14.19906, -14.58572, -5.82862, -5.77158, -5.24959, 
-10.77511, -3.0362, -3.25646, -7.47261, -3.92083, -3.0493, 0, 
0, 0, 0, 0, 0, 0, 0, 0, 0, 0, 0, 0, 0, 0, 0, 0, 0, 0, 0, 0, 0, 
0.61543, 0.65318, 0.65907, 0.64862, 0.62414, 0.61661, 0.5998, 
0.62715, 0.6399, 0.67166, 0.67061, 0.60563, 0.60773, 0.65192, 
0.61787, 0.6249, 0.60869, 0.59832, 0.58921, 0.62188, 0.64413, 
0.67513, 0.0371, 0.0396, 0.0426, 0.0432, 0.046, 0.0469, 0.0531, 
0.0592, 0.0509, 0.0595, 0.064, 72.7, 78.3, 88.4, 96.8, 103.8, 
110.4, 124.5, 131.9, 132.3, 143, 152.2, 91, 210, 2210, 2017, 
1895, 264, 184, 451, 613, 1622, 2335, 4, 17, 1, 2, 1, 7, 5, 2, 
1, 1, 1, 100, 100, 100, 100, 100, 100, 100, 100, 100, 100, 100, 
2500, 2500, 2500, 2500, 2500, 2500, 2500, 2500, 2500, 2500, 2500, 
8833.286, 9102.652, 9162.182, 9212.802, 9232.289, 9264.01699999999, 
9471.13500000001, 9557.78499999997, 9686.02900000001, 9934.62700000001, 
9709.679, 1, 1, 1, 1, 1, 1, 1, 1, 1, 1, 1, 0.03571, 0.03571, 
0.03571, 0.03571, 0.03571, 0.03571, 0.03571, 0.03571, 0.03571, 
0.03571, 0.03571, 0, 0, 0, 0, 0, 0, 0, 0, 0, 0, 0, 0, 0, 0, 0, 
0, 0, 0, 0, 0, 0, 0, 0.51705, 0.54545, 0.50655, 0.50063, 0.4925, 
0.5325, 0.55368, 0.52394, 0.58344, 0.63436, 0.57929, 0.54955, 
0.50727, 0.51564, 0.53344, 0.50644, 0.49286, 0.53563, 0.52324, 
0.59959, 0.58881, 0.62931, 0.0381, 0.0385, 0.0409, 0.0417, 0.0441, 
0.0456, 0.0494, 0.0523, 0.0547, 0.0572, 0.0584, 75.2, 82.5, 90.6, 
98.6, 104.9, 113.5, 121.1, 129.8, 136.6, 143.2, 148.1, 1, 1, 
1, 1, 1, 1, 1, 1, 1, 1, 1, 1, 1, 1, 1, 1, 1, 1, 1, 1, 1, 1, 1, 
1, 1, 1, 1, 1, 1, 1, 1, 1, 1, 1, 1, 1, 1, 1, 1, 1, 1, 1, 1, 1, 
3.547, 3.611, 3.635, 3.648, 3.675, 3.702, 3.776, 3.826, 3.877, 
3.849, 3.879), .Dim = c(11L, 40L), .Dimnames = list(NULL, c("Sampling", 
"PSO.cost", "PSO.gamma", "PSO.data.balancing", "PSO.feature.selection", 
"PSO.valid.acc", "PSO.test.acc", "PSO.train.time", "PSO.n.support.vectors", 
"PSO.index", "PSO.n.solutions", "PSO.generations", "PSO.n.evaluations", 
"PSO.cpu.time", "RS.cost", "RS.gamma", "RS.data.balancing", "RS.feature.selection", 
"RS.valid.acc", "RS.test.acc", "RS.train.time", "RS.n.support.vectors", 
"RS.index", "RS.n.solutions", "RS.generations", "RS.n.evaluations", 
"RS.cpu.time", "DF.cost", "DF.gamma", "DF.data.balancing", "DF.feature.selection", 
"DF.valid.acc", "DF.test.acc", "DF.train.time", "DF.n.support.vectors", 
"DF.index", "DF.n.solutions", "DF.generations", "DF.n.evaluations", 
"DF.cpu.time")))
