full <-
structure(c(50, 55, 60, 65, 70, 75, 80, 85, 90, 95, 100, 7.76193, 
7.82562, 8.75035, 6.48324, 2.55643, 2.80794, 3.12532, 4.52759, 
3.90776, 3.0198, 1.59595, -11.49469, -12.33805, -12.1023, -11.06916, 
-6.10148, -6.56936, -6.1428, -6.84015, -7.26183, -5.69568, -5.12339, 
0, 0, 0, 0, 0, 0, 0, 0, 0, 0, 0, 0, 0, 0, 0, 0, 0, 0, 0, 0, 0, 
0, 0.54235, 0.59946, 0.61067, 0.62577, 0.60918, 0.60162, 0.60765, 
0.64595, 0.66776, 0.65546, 0.6869, 0.50762, 0.57244, 0.62654, 
0.58472, 0.58049, 0.59992, 0.60754, 0.58933, 0.63568, 0.62968, 
0.64657, 0.0366, 0.0384, 0.04, 0.0401, 0.0426, 0.0466, 0.046, 
0.0525, 0.0498, 0.0549, 0.0577, 74.4, 81.8, 87, 95.1, 103.6, 
110, 116.6, 121.4, 129.2, 138.1, 144.5, 987, 332, 1978, 73, 2222, 
862, 807, 2136, 1081, 1717, 1232, 26, 62, 1, 99, 2, 20, 42, 1, 
43, 22, 182, 100, 100, 100, 100, 100, 100, 100, 100, 100, 100, 
100, 2500, 2500, 2500, 2500, 2500, 2500, 2500, 2500, 2500, 2500, 
2500, 6927.031, 6961.973, 7017.264, 7016.099, 7195.515, 7216.96799999999, 
7244.42199999999, 7332.74000000001, 7327.592, 7536.25499999999, 
7599.46599999999, 7.26379, 10.36917, 7.8223, 6.86263, 3.60551, 
3.48245, 2.97867, 4.40522, 4.25034, 3.08324, 1.47323, -10.99345, 
-14.88692, -10.74659, -11.42113, -7.19696, -7.51726, -5.98485, 
-6.64266, -7.60045, -5.85695, -4.71005, 0, 0, 0, 0, 0, 0, 0, 
0, 0, 0, 0, 0, 0, 0, 0, 0, 0, 0, 0, 0, 0, 0, 0.54235, 0.59946, 
0.60912, 0.62577, 0.60149, 0.59694, 0.60765, 0.64007, 0.6625, 
0.6507, 0.68664, 0.50762, 0.57244, 0.60207, 0.58472, 0.58049, 
0.6165, 0.60754, 0.58418, 0.64156, 0.63444, 0.66109, 0.036, 0.0363, 
0.0377, 0.0389, 0.0422, 0.0441, 0.0491, 0.0503, 0.0508, 0.054, 
0.0578, 74.4, 81.8, 86.9, 95.1, 103.4, 110.1, 116.7, 121.3, 129, 
138.1, 144.6, 453, 1430, 66, 1445, 649, 885, 772, 130, 1158, 
2228, 1407, 2, 1, 17, 3, 7, 1, 1, 2, 2, 1, 1, 100, 100, 100, 
100, 100, 100, 100, 100, 100, 100, 100, 2500, 2500, 2500, 2500, 
2500, 2500, 2500, 2500, 2500, 2500, 2500, 6906.439, 6975.04, 
7006.237, 7156.535, 7199.963, 7256.44499999999, 7309.41800000001, 
7384.284, 7465.14, 7567.94, 7604.609, 1, 1, 1, 1, 1, 1, 1, 1, 
1, 1, 1, 0.03571, 0.03571, 0.03571, 0.03571, 0.03571, 0.03571, 
0.03571, 0.03571, 0.03571, 0.03571, 0.03571, 0, 0, 0, 0, 0, 0, 
0, 0, 0, 0, 0, 0, 0, 0, 0, 0, 0, 0, 0, 0, 0, 0, 0.50714, 0.56133, 
0.54017, 0.53576, 0.52438, 0.52296, 0.54533, 0.56736, 0.56196, 
0.59722, 0.61425, 0.54021, 0.54843, 0.54017, 0.5413, 0.53173, 
0.52561, 0.56579, 0.56896, 0.58919, 0.60725, 0.61525, 0.0358, 
0.0374, 0.0413, 0.0411, 0.0421, 0.0454, 0.0462, 0.0499, 0.0543, 
0.055, 0.0567, 76.4, 84.2, 91.7, 98.6, 106.6, 114, 120.7, 127.3, 
134.9, 143.5, 147.6, 1, 1, 1, 1, 1, 1, 1, 1, 1, 1, 1, 1, 1, 1, 
1, 1, 1, 1, 1, 1, 1, 1, 1, 1, 1, 1, 1, 1, 1, 1, 1, 1, 1, 1, 1, 
1, 1, 1, 1, 1, 1, 1, 1, 1, 2.824, 2.742, 2.921, 2.794, 2.787, 
2.886, 2.83, 2.914, 3.076, 2.96, 2.972), .Dim = c(11L, 40L), .Dimnames = list(
    NULL, c("Sampling", "PSO.cost", "PSO.gamma", "PSO.data.balancing", 
    "PSO.feature.selection", "PSO.valid.acc", "PSO.test.acc", 
    "PSO.train.time", "PSO.n.support.vectors", "PSO.index", "PSO.n.solutions", 
    "PSO.generations", "PSO.n.evaluations", "PSO.cpu.time", "RS.cost", 
    "RS.gamma", "RS.data.balancing", "RS.feature.selection", 
    "RS.valid.acc", "RS.test.acc", "RS.train.time", "RS.n.support.vectors", 
    "RS.index", "RS.n.solutions", "RS.generations", "RS.n.evaluations", 
    "RS.cpu.time", "DF.cost", "DF.gamma", "DF.data.balancing", 
    "DF.feature.selection", "DF.valid.acc", "DF.test.acc", "DF.train.time", 
    "DF.n.support.vectors", "DF.index", "DF.n.solutions", "DF.generations", 
    "DF.n.evaluations", "DF.cpu.time")))
