full <-
structure(c(50, 55, 60, 65, 70, 75, 80, 85, 90, 95, 100, 5.32368, 
2.75051, -0.03009, 5.22153, 6.30112, 3.68609, 1.35025, 1.17745, 
13.0998, 3.21359, 2.09601, -7.76844, -5.21043, -2.91911, -8.9776, 
-9.72737, -7.43271, -3.74865, -3.25536, -3.48058, -3.7947, -3.57903, 
0, 0, 0, 0, 0, 0, 0, 0, 0, 0, 0, 0, 0, 0, 0, 0, 0, 0, 0, 0, 0, 
0, 0.66962, 0.70652, 0.63113, 0.65232, 0.6585, 0.67099, 0.67215, 
0.69693, 0.66273, 0.67855, 0.68799, 0.61462, 0.68612, 0.5878, 
0.59946, 0.6288, 0.6383, 0.62583, 0.68368, 0.61653, 0.67955, 
0.66347, 0.0408, 0.0412, 0.044, 0.0409, 0.0443, 0.0451, 0.0517, 
0.0567, 0.0569, 0.0612, 0.063, 73.2, 82.1, 93.1, 94.7, 103.3, 
109.7, 121.5, 130.9, 138.2, 145.1, 150.2, 313, 1371, 769, 254, 
717, 912, 1865, 2053, 22, 18, 1070, 78, 65, 39, 20, 40, 52, 26, 
10, 1446, 849, 165, 100, 100, 100, 100, 100, 100, 100, 100, 100, 
100, 100, 2500, 2500, 2500, 2500, 2500, 2500, 2500, 2500, 2500, 
2500, 2500, 9442.19, 9325.529, 9338.074, 9336.838, 9337.35400000001, 
9366.86599999999, 9432.88200000001, 9365.849, 9653.92700000003, 
9705.32800000001, 9767.12299999999, 4.92171, 1.42093, 0.07841, 
6.20584, 1.35317, 3.71606, 1.38576, 1.29208, 9.04793, 12.32829, 
1.89748, -7.4014, -3.91347, -2.57865, -10.01699, -4.82896, -7.35163, 
-3.96136, -3.24607, -3.52231, -3.90368, -3.99728, 0, 0, 0, 0, 
0, 0, 0, 0, 0, 0, 0, 0, 0, 0, 0, 0, 0, 0, 0, 0, 0, 0, 0.66053, 
0.69895, 0.61613, 0.65232, 0.65683, 0.67099, 0.65821, 0.69105, 
0.66273, 0.67855, 0.67796, 0.62462, 0.64854, 0.5978, 0.59946, 
0.59561, 0.6383, 0.62583, 0.67155, 0.61653, 0.674, 0.65817, 0.0358, 
0.0388, 0.0415, 0.0408, 0.0437, 0.0452, 0.051, 0.0559, 0.0581, 
0.0619, 0.0632, 73.5, 84.4, 93.1, 94.6, 105.2, 109.7, 121.4, 
130.9, 138.3, 144.5, 148.7, 1673, 832, 129, 288, 453, 1508, 260, 
1141, 18, 128, 701, 5, 1, 1, 4, 1, 1, 1, 1, 23, 10, 1, 100, 100, 
100, 100, 100, 100, 100, 100, 100, 100, 100, 2500, 2500, 2500, 
2500, 2500, 2500, 2500, 2500, 2500, 2500, 2500, 9291.794, 9317.174, 
9333.149, 9361.48499999999, 9365.86199999999, 9403.21400000001, 
9343.69500000001, 9425.826, 9619.75199999998, 9662.886, 9782.71699999998, 
1, 1, 1, 1, 1, 1, 1, 1, 1, 1, 1, 0.03571, 0.03571, 0.03571, 0.03571, 
0.03571, 0.03571, 0.03571, 0.03571, 0.03571, 0.03571, 0.03571, 
0, 0, 0, 0, 0, 0, 0, 0, 0, 0, 0, 0, 0, 0, 0, 0, 0, 0, 0, 0, 0, 
0, 0.57422, 0.60358, 0.58509, 0.57888, 0.56508, 0.56878, 0.59563, 
0.60663, 0.59981, 0.59292, 0.57935, 0.54354, 0.5744, 0.56311, 
0.56943, 0.5355, 0.59606, 0.58795, 0.62473, 0.5884, 0.61128, 
0.62631, 0.0384, 0.0382, 0.0425, 0.0436, 0.0488, 0.0456, 0.05, 
0.051, 0.0549, 0.0565, 0.0615, 77.3, 85.4, 93.5, 100.8, 108, 
114.4, 121.9, 129.6, 137.3, 143.7, 147.9, 1, 1, 1, 1, 1, 1, 1, 
1, 1, 1, 1, 1, 1, 1, 1, 1, 1, 1, 1, 1, 1, 1, 1, 1, 1, 1, 1, 1, 
1, 1, 1, 1, 1, 1, 1, 1, 1, 1, 1, 1, 1, 1, 1, 1, 3.721, 3.733, 
3.721, 3.743, 3.692, 3.712, 3.704, 3.656, 3.822, 3.826, 3.89), .Dim = c(11L, 
40L), .Dimnames = list(NULL, c("Sampling", "PSO.cost", "PSO.gamma", 
"PSO.data.balancing", "PSO.feature.selection", "PSO.valid.acc", 
"PSO.test.acc", "PSO.train.time", "PSO.n.support.vectors", "PSO.index", 
"PSO.n.solutions", "PSO.generations", "PSO.n.evaluations", "PSO.cpu.time", 
"RS.cost", "RS.gamma", "RS.data.balancing", "RS.feature.selection", 
"RS.valid.acc", "RS.test.acc", "RS.train.time", "RS.n.support.vectors", 
"RS.index", "RS.n.solutions", "RS.generations", "RS.n.evaluations", 
"RS.cpu.time", "DF.cost", "DF.gamma", "DF.data.balancing", "DF.feature.selection", 
"DF.valid.acc", "DF.test.acc", "DF.train.time", "DF.n.support.vectors", 
"DF.index", "DF.n.solutions", "DF.generations", "DF.n.evaluations", 
"DF.cpu.time")))
