full <-
structure(c(50, 55, 60, 65, 70, 75, 80, 85, 90, 95, 100, 1.75565, 
1.69559, 1.82291, 11.74808, 7.70728, 1.1993, 2.34674, 11.97621, 
0.88438, 1.35372, 1.29347, -3.85132, -4.64042, -5.60504, -15, 
-3.54952, -5.12981, -4.99435, -14.81023, -3.88638, -3.63016, 
-3.99147, 0, 0, 0, 0, 0, 0, 0, 0, 0, 0, 0, 0, 0, 0, 0, 0, 0, 
0, 0, 0, 0, 0, 0.58096, 0.62032, 0.60709, 0.64009, 0.62952, 0.64012, 
0.67072, 0.68023, 0.6721, 0.69515, 0.65365, 0.57818, 0.55453, 
0.58106, 0.63945, 0.61429, 0.67245, 0.64262, 0.64735, 0.65229, 
0.65537, 0.6281, 0.0403, 0.0411, 0.0419, 0.0422, 0.0488, 0.0485, 
0.0528, 0.0521, 0.0565, 0.0579, 0.0637, 75.6, 81.6, 88.3, 94.7, 
107.5, 111.5, 119, 121, 136.5, 144.9, 148.6, 615, 249, 485, 760, 
152, 21, 1026, 69, 920, 750, 1176, 48, 679, 427, 66, 182, 284, 
423, 113, 42, 224, 88, 100, 100, 100, 100, 100, 100, 100, 100, 
100, 100, 100, 2500, 2500, 2500, 2500, 2500, 2500, 2500, 2500, 
2500, 2500, 2500, 9102.463, 9330.487, 9160.52299999999, 9040.25999999999, 
9170.89600000001, 9390.705, 9450.772, 9461.87699999999, 9625.34299999999, 
9964.60800000001, 10000.661, 7.17524, 1.69482, 1.97487, 4.45857, 
5.10811, 1.27289, 2.26283, 9.38311, 0.86145, 1.31426, 1.25211, 
-9.44984, -4.79031, -5.85558, -7.59521, -3.55161, -5.24789, -5.10783, 
-12.18565, -3.90997, -3.32628, -3.94057, 0, 0, 0, 0, 0, 0, 0, 
0, 0, 0, 0, 0, 0, 0, 0, 0, 0, 0, 0, 0, 0, 0, 0.57548, 0.62032, 
0.60709, 0.6335, 0.62952, 0.64012, 0.66447, 0.68023, 0.6721, 
0.68953, 0.64339, 0.53687, 0.56564, 0.57875, 0.63112, 0.61429, 
0.67245, 0.64977, 0.64735, 0.65229, 0.65504, 0.6281, 0.0397, 
0.0397, 0.0413, 0.0444, 0.0491, 0.0458, 0.0519, 0.0506, 0.0583, 
0.0637, 0.0631, 71, 81.2, 87.9, 95.2, 107.5, 111.2, 118.8, 120.7, 
136.5, 146, 148.7, 1045, 738, 1304, 1993, 373, 1640, 805, 1769, 
1798, 1748, 208, 2, 1, 2, 1, 3, 2, 3, 2, 1, 2, 1, 100, 100, 100, 
100, 100, 100, 100, 100, 100, 100, 100, 2500, 2500, 2500, 2500, 
2500, 2500, 2500, 2500, 2500, 2500, 2500, 9309.881, 9103.909, 
9094.044, 9210.294, 9183.04300000001, 9443.51999999999, 9480.45999999999, 
9572.266, 9736.31900000002, 9973.94500000001, 9844.62900000002, 
1, 1, 1, 1, 1, 1, 1, 1, 1, 1, 1, 0.03571, 0.03571, 0.03571, 0.03571, 
0.03571, 0.03571, 0.03571, 0.03571, 0.03571, 0.03571, 0.03571, 
0, 0, 0, 0, 0, 0, 0, 0, 0, 0, 0, 0, 0, 0, 0, 0, 0, 0, 0, 0, 0, 
0, 0.44674, 0.4946, 0.4493, 0.49837, 0.54905, 0.55658, 0.57382, 
0.62846, 0.61396, 0.61896, 0.59332, 0.45737, 0.46238, 0.4593, 
0.49315, 0.50881, 0.58331, 0.58596, 0.60141, 0.61324, 0.61085, 
0.59705, 0.0379, 0.042, 0.0398, 0.0438, 0.0464, 0.0489, 0.0505, 
0.0533, 0.0532, 0.0581, 0.058, 75.3, 82.3, 89.8, 97.5, 105.6, 
113.8, 121.4, 127.8, 135.8, 142.4, 148, 1, 1, 1, 1, 1, 1, 1, 
1, 1, 1, 1, 1, 1, 1, 1, 1, 1, 1, 1, 1, 1, 1, 1, 1, 1, 1, 1, 1, 
1, 1, 1, 1, 1, 1, 1, 1, 1, 1, 1, 1, 1, 1, 1, 1, 3.732, 3.566, 
3.44, 3.674, 3.638, 3.732, 3.792, 3.822, 3.916, 3.945, 3.796), .Dim = c(11L, 
40L), .Dimnames = list(NULL, c("Sampling", "PSO.cost", "PSO.gamma", 
"PSO.data.balancing", "PSO.feature.selection", "PSO.valid.acc", 
"PSO.test.acc", "PSO.train.time", "PSO.n.support.vectors", "PSO.index", 
"PSO.n.solutions", "PSO.generations", "PSO.n.evaluations", "PSO.cpu.time", 
"RS.cost", "RS.gamma", "RS.data.balancing", "RS.feature.selection", 
"RS.valid.acc", "RS.test.acc", "RS.train.time", "RS.n.support.vectors", 
"RS.index", "RS.n.solutions", "RS.generations", "RS.n.evaluations", 
"RS.cpu.time", "DF.cost", "DF.gamma", "DF.data.balancing", "DF.feature.selection", 
"DF.valid.acc", "DF.test.acc", "DF.train.time", "DF.n.support.vectors", 
"DF.index", "DF.n.solutions", "DF.generations", "DF.n.evaluations", 
"DF.cpu.time")))
