full <-
structure(c(50, 55, 60, 65, 70, 75, 80, 85, 90, 95, 100, 4.27085, 
1.77522, 7.6075, 6.33678, 3.27351, 12.4542, 6.81139, 1.3597, 
4.7894, 6.61284, 1.58834, -5.71364, -4.06507, -9.07773, -9.97338, 
-4.4997, -15, -9.9111, -4.30668, -8.81901, -3.11416, -5.02942, 
0, 0, 0, 0, 0, 0, 0, 0, 0, 0, 0, 0, 0, 0, 0, 0, 0, 0, 0, 0, 0, 
0, 0.64187, 0.6207, 0.61674, 0.6703, 0.65799, 0.68194, 0.64548, 
0.69122, 0.66795, 0.68917, 0.66441, 0.53624, 0.56328, 0.54805, 
0.67145, 0.59952, 0.64807, 0.61953, 0.66809, 0.63386, 0.65296, 
0.66383, 0.0386, 0.0381, 0.0426, 0.0416, 0.0482, 0.0486, 0.0469, 
0.0539, 0.053, 0.0602, 0.0575, 72.6, 83, 85.9, 93.7, 105.2, 106.4, 
114.4, 128.3, 129.4, 146, 145.2, 817, 715, 166, 153, 1566, 129, 
569, 2043, 84, 239, 566, 236, 245, 360, 35, 6, 66, 56, 2, 77, 
975, 68, 100, 100, 100, 100, 100, 100, 100, 100, 100, 100, 100, 
2500, 2500, 2500, 2500, 2500, 2500, 2500, 2500, 2500, 2500, 2500, 
7762.815, 7772.181, 7734.503, 7826.509, 8016.073, 8034.902, 7852.124, 
8130.679, 8443.79900000001, 8559.992, 8514.679, 4.1027, 1.77084, 
6.65918, 6.85894, 4.40438, 12.24819, 9.59375, 1.97002, 0.61268, 
14.33256, 1.50974, -5.63091, -4.05301, -8.32977, -10.63736, -4.48263, 
-14.7846, -12.70797, -5.36783, -3.32443, -3.11121, -4.99542, 
0, 0, 0, 0, 0, 0, 0, 0, 0, 0, 0, 0, 0, 0, 0, 0, 0, 0, 0, 0, 0, 
0, 0.63187, 0.6207, 0.62443, 0.66966, 0.65744, 0.68194, 0.64548, 
0.68981, 0.66894, 0.68917, 0.66967, 0.53624, 0.56328, 0.54666, 
0.67145, 0.60619, 0.64807, 0.61953, 0.66184, 0.67014, 0.65296, 
0.65856, 0.0373, 0.0405, 0.0385, 0.0397, 0.0481, 0.0468, 0.0459, 
0.0505, 0.0581, 0.0605, 0.0589, 73, 83, 86.1, 93.9, 105.4, 106.5, 
114.2, 125.9, 138.3, 146, 145.3, 743, 1631, 1401, 148, 937, 1175, 
569, 2391, 631, 622, 594, 4, 1, 1, 3, 2, 2, 1, 1, 1, 2, 1, 100, 
100, 100, 100, 100, 100, 100, 100, 100, 100, 100, 2500, 2500, 
2500, 2500, 2500, 2500, 2500, 2500, 2500, 2500, 2500, 7757.639, 
7838.144, 7831.839, 7815.916, 7996.15300000001, 8075.14899999999, 
7764.70299999999, 8339.58200000001, 8436.35999999999, 8490.94, 
8572.52499999999, 1, 1, 1, 1, 1, 1, 1, 1, 1, 1, 1, 0.03571, 0.03571, 
0.03571, 0.03571, 0.03571, 0.03571, 0.03571, 0.03571, 0.03571, 
0.03571, 0.03571, 0, 0, 0, 0, 0, 0, 0, 0, 0, 0, 0, 0, 0, 0, 0, 
0, 0, 0, 0, 0, 0, 0, 0.52215, 0.54403, 0.58393, 0.59825, 0.56216, 
0.58265, 0.61343, 0.61747, 0.61559, 0.60399, 0.61399, 0.50715, 
0.58237, 0.59071, 0.59902, 0.56264, 0.5889, 0.60677, 0.63668, 
0.62209, 0.60997, 0.60873, 0.0383, 0.0368, 0.0416, 0.0425, 0.0456, 
0.0478, 0.0469, 0.0511, 0.0536, 0.0566, 0.058, 75.4, 83.4, 91.5, 
99, 106.5, 114.2, 120.6, 129.4, 136.1, 142.2, 148.4, 1, 1, 1, 
1, 1, 1, 1, 1, 1, 1, 1, 1, 1, 1, 1, 1, 1, 1, 1, 1, 1, 1, 1, 1, 
1, 1, 1, 1, 1, 1, 1, 1, 1, 1, 1, 1, 1, 1, 1, 1, 1, 1, 1, 1, 3.189, 
2.964, 3.207, 3.166, 3.175, 3.207, 3.067, 3.352, 3.295, 3.389, 
3.476), .Dim = c(11L, 40L), .Dimnames = list(NULL, c("Sampling", 
"PSO.cost", "PSO.gamma", "PSO.data.balancing", "PSO.feature.selection", 
"PSO.valid.acc", "PSO.test.acc", "PSO.train.time", "PSO.n.support.vectors", 
"PSO.index", "PSO.n.solutions", "PSO.generations", "PSO.n.evaluations", 
"PSO.cpu.time", "RS.cost", "RS.gamma", "RS.data.balancing", "RS.feature.selection", 
"RS.valid.acc", "RS.test.acc", "RS.train.time", "RS.n.support.vectors", 
"RS.index", "RS.n.solutions", "RS.generations", "RS.n.evaluations", 
"RS.cpu.time", "DF.cost", "DF.gamma", "DF.data.balancing", "DF.feature.selection", 
"DF.valid.acc", "DF.test.acc", "DF.train.time", "DF.n.support.vectors", 
"DF.index", "DF.n.solutions", "DF.generations", "DF.n.evaluations", 
"DF.cpu.time")))
