full <-
structure(c(50, 55, 60, 65, 70, 75, 80, 85, 90, 95, 100, 3.23934, 
0.68032, 2.35506, 1.44012, 11.79217, 10.14401, 13.50564, 2.45641, 
2.21757, 9.11108, 9.92672, -5.9845, -3.1153, -5.32992, -4.07136, 
-3.89964, -10.62443, -3.7274, -4.33859, -5.72576, -11.58602, 
-14.11231, 0, 0, 0, 0, 0, 0, 0, 0, 0, 0, 0, 0, 0, 0, 0, 0, 0, 
0, 0, 0, 0, 0, 0.53449, 0.58742, 0.59895, 0.65728, 0.61913, 0.61835, 
0.60066, 0.61731, 0.65044, 0.65981, 0.67118, 0.41313, 0.57909, 
0.54667, 0.60591, 0.58012, 0.56586, 0.57154, 0.58342, 0.6341, 
0.61643, 0.64628, 0.0375, 0.0403, 0.0401, 0.0434, 0.047, 0.0474, 
0.053, 0.0529, 0.0529, 0.055, 0.0554, 75.5, 85.5, 90.2, 99.8, 
108.6, 108.5, 123, 129.3, 132.5, 135.6, 141.6, 1709, 1541, 571, 
651, 158, 1176, 216, 679, 269, 187, 599, 26, 129, 92, 303, 675, 
21, 843, 212, 194, 35, 28, 100, 100, 100, 100, 100, 100, 100, 
100, 100, 100, 100, 2500, 2500, 2500, 2500, 2500, 2500, 2500, 
2500, 2500, 2500, 2500, 7739.125, 8036.327, 8043.33, 8097.398, 
8182.192, 8189.742, 8292.704, 8324.26999999999, 7927.179, 7963.07800000001, 
8007.68899999998, 4.18157, 0.6996, 9.85549, 1.94732, 3.03048, 
6.51714, 5.35824, 2.36834, 2.50158, 9.57715, 9.77442, -8.0247, 
-3.07638, -12.78717, -4.29394, -3.90353, -7.56311, -3.6941, -4.5944, 
-6.01975, -12.21515, -13.94339, 0, 0, 0, 0, 0, 0, 0, 0, 0, 0, 
0, 0, 0, 0, 0, 0, 0, 0, 0, 0, 0, 0, 0.52652, 0.58742, 0.59819, 
0.63974, 0.61913, 0.61793, 0.60066, 0.61699, 0.65044, 0.65981, 
0.67118, 0.41654, 0.57, 0.56695, 0.59877, 0.58012, 0.59169, 0.57154, 
0.62578, 0.63965, 0.62287, 0.64628, 0.0373, 0.0416, 0.0407, 0.0426, 
0.0479, 0.0486, 0.0523, 0.0552, 0.0527, 0.0554, 0.0553, 74.5, 
85.5, 88.6, 99.9, 108.6, 109.5, 123.1, 128.6, 132.2, 135.9, 141.5, 
1058, 1132, 455, 945, 85, 461, 110, 449, 541, 1717, 530, 1, 1, 
4, 1, 1, 3, 7, 2, 1, 1, 6, 100, 100, 100, 100, 100, 100, 100, 
100, 100, 100, 100, 2500, 2500, 2500, 2500, 2500, 2500, 2500, 
2500, 2500, 2500, 2500, 7749.762, 8008.324, 8027.279, 8105.634, 
8180.70199999999, 8185.298, 8255.338, 8085.91499999999, 7940.53200000001, 
8023.16899999999, 8183.065, 1, 1, 1, 1, 1, 1, 1, 1, 1, 1, 1, 
0.03571, 0.03571, 0.03571, 0.03571, 0.03571, 0.03571, 0.03571, 
0.03571, 0.03571, 0.03571, 0.03571, 0, 0, 0, 0, 0, 0, 0, 0, 0, 
0, 0, 0, 0, 0, 0, 0, 0, 0, 0, 0, 0, 0, 0.46972, 0.52015, 0.51743, 
0.54911, 0.53617, 0.52807, 0.49713, 0.54717, 0.57794, 0.615, 
0.62338, 0.47222, 0.49904, 0.50405, 0.54955, 0.53467, 0.56201, 
0.51292, 0.54611, 0.58889, 0.58408, 0.62505, 0.0372, 0.0394, 
0.0405, 0.0437, 0.0442, 0.0468, 0.0477, 0.0504, 0.0521, 0.0551, 
0.0573, 76.2, 83.6, 90.7, 99.6, 107.2, 113.8, 122, 129.3, 136.6, 
143.9, 148.6, 1, 1, 1, 1, 1, 1, 1, 1, 1, 1, 1, 1, 1, 1, 1, 1, 
1, 1, 1, 1, 1, 1, 1, 1, 1, 1, 1, 1, 1, 1, 1, 1, 1, 1, 1, 1, 1, 
1, 1, 1, 1, 1, 1, 1, 3.183, 3.188, 3.234, 3.24, 3.275, 3.255, 
3.275, 3.092, 3.092, 3.15, 3.223), .Dim = c(11L, 40L), .Dimnames = list(
    NULL, c("Sampling", "PSO.cost", "PSO.gamma", "PSO.data.balancing", 
    "PSO.feature.selection", "PSO.valid.acc", "PSO.test.acc", 
    "PSO.train.time", "PSO.n.support.vectors", "PSO.index", "PSO.n.solutions", 
    "PSO.generations", "PSO.n.evaluations", "PSO.cpu.time", "RS.cost", 
    "RS.gamma", "RS.data.balancing", "RS.feature.selection", 
    "RS.valid.acc", "RS.test.acc", "RS.train.time", "RS.n.support.vectors", 
    "RS.index", "RS.n.solutions", "RS.generations", "RS.n.evaluations", 
    "RS.cpu.time", "DF.cost", "DF.gamma", "DF.data.balancing", 
    "DF.feature.selection", "DF.valid.acc", "DF.test.acc", "DF.train.time", 
    "DF.n.support.vectors", "DF.index", "DF.n.solutions", "DF.generations", 
    "DF.n.evaluations", "DF.cpu.time")))
