full <-
structure(c(50, 55, 60, 65, 70, 75, 80, 85, 90, 95, 100, 0.46553, 
7.7222, 0.67768, 13.06825, 1.16655, 0.48851, 1.20849, 8.71311, 
12.87165, 5.01262, 0.87592, -3.99376, -4.81977, -4.32779, -3.41046, 
-3.80477, -2.95928, -3.6582, -3.38793, -14.67253, -7.14476, -3.83237, 
0, 0, 0, 0, 0, 0, 0, 0, 0, 0, 0, 0, 0, 0, 0, 0, 0, 0, 0, 0, 0, 
0, 0.66328, 0.65856, 0.66349, 0.65278, 0.63595, 0.64113, 0.64578, 
0.64912, 0.65104, 0.69105, 0.68173, 0.59967, 0.6178, 0.64516, 
0.57924, 0.64418, 0.64215, 0.6452, 0.61873, 0.61503, 0.62669, 
0.62875, 0.0382, 0.0403, 0.0427, 0.0448, 0.0457, 0.0536, 0.0562, 
0.0598, 0.0555, 0.0623, 0.0685, 76.4, 83.6, 91.7, 101.3, 107.8, 
117, 122.3, 130.9, 126.1, 135.6, 148.5, 35, 275, 173, 214, 1546, 
1554, 903, 165, 262, 1751, 1479, 52, 809, 381, 762, 11, 72, 138, 
1223, 441, 9, 102, 100, 100, 100, 100, 100, 100, 100, 100, 100, 
100, 100, 2500, 2500, 2500, 2500, 2500, 2500, 2500, 2500, 2500, 
2500, 2500, 7287.977, 7699.821, 7584.505, 7596.754, 7760.523, 
10036.803, 9977.55, 10092.281, 10419.978, 10615.723, 10733.816, 
0.55691, 7.9522, 1.21502, 6.00922, 1.17335, 0.62648, 1.44425, 
3.85115, 11.70941, 4.27229, 1.25088, -3.95711, -4.82525, -3.426, 
-3.40991, -3.9846, -2.80358, -3.90164, -3.38567, -13.42557, -6.48308, 
-4.41277, 0, 0, 0, 0, 0, 0, 0, 0, 0, 0, 0, 0, 0, 0, 0, 0, 0, 
0, 0, 0, 0, 0, 0.65217, 0.65856, 0.66274, 0.65278, 0.62659, 0.63398, 
0.63863, 0.64912, 0.65104, 0.6848, 0.66639, 0.58856, 0.6178, 
0.66155, 0.57924, 0.62983, 0.62072, 0.63217, 0.61873, 0.61503, 
0.63114, 0.63933, 0.0382, 0.0402, 0.0432, 0.0447, 0.0447, 0.0542, 
0.0554, 0.06, 0.0593, 0.0622, 0.0669, 76.5, 83.6, 93.1, 101.3, 
107.6, 117.2, 121.8, 130.9, 126.2, 136.8, 147, 2038, 1763, 741, 
851, 1389, 735, 870, 608, 7, 242, 727, 1, 1, 3, 3, 1, 1, 1, 9, 
7, 1, 2, 100, 100, 100, 100, 100, 100, 100, 100, 100, 100, 100, 
2500, 2500, 2500, 2500, 2500, 2500, 2500, 2500, 2500, 2500, 2500, 
7356.233, 7610.515, 7609.834, 7609.31, 8273.072, 9954.856, 9973.51699999999, 
10398.708, 10642.882, 10619.789, 10774.51, 1, 1, 1, 1, 1, 1, 
1, 1, 1, 1, 1, 0.03571, 0.03571, 0.03571, 0.03571, 0.03571, 0.03571, 
0.03571, 0.03571, 0.03571, 0.03571, 0.03571, 0, 0, 0, 0, 0, 0, 
0, 0, 0, 0, 0, 0, 0, 0, 0, 0, 0, 0, 0, 0, 0, 0, 0.48545, 0.51371, 
0.61183, 0.59638, 0.52932, 0.5857, 0.56637, 0.59679, 0.58711, 
0.59414, 0.60025, 0.45927, 0.48727, 0.59393, 0.61946, 0.56154, 
0.58281, 0.58665, 0.59642, 0.5629, 0.59114, 0.60346, 0.0406, 
0.0395, 0.041, 0.041, 0.0488, 0.051, 0.0533, 0.0584, 0.0607, 
0.0634, 0.0656, 76.3, 84.1, 92.1, 100, 107.5, 114.1, 121.5, 127.7, 
135, 143.3, 147.9, 1, 1, 1, 1, 1, 1, 1, 1, 1, 1, 1, 1, 1, 1, 
1, 1, 1, 1, 1, 1, 1, 1, 1, 1, 1, 1, 1, 1, 1, 1, 1, 1, 1, 1, 1, 
1, 1, 1, 1, 1, 1, 1, 1, 1, 3.06, 3.037, 3.079, 3.066, 3.982, 
3.958, 3.972, 4.239, 4.211, 4.222, 4.301), .Dim = c(11L, 40L), .Dimnames = list(
    NULL, c("Sampling", "PSO.cost", "PSO.gamma", "PSO.data.balancing", 
    "PSO.feature.selection", "PSO.valid.acc", "PSO.test.acc", 
    "PSO.train.time", "PSO.n.support.vectors", "PSO.index", "PSO.n.solutions", 
    "PSO.generations", "PSO.n.evaluations", "PSO.cpu.time", "RS.cost", 
    "RS.gamma", "RS.data.balancing", "RS.feature.selection", 
    "RS.valid.acc", "RS.test.acc", "RS.train.time", "RS.n.support.vectors", 
    "RS.index", "RS.n.solutions", "RS.generations", "RS.n.evaluations", 
    "RS.cpu.time", "DF.cost", "DF.gamma", "DF.data.balancing", 
    "DF.feature.selection", "DF.valid.acc", "DF.test.acc", "DF.train.time", 
    "DF.n.support.vectors", "DF.index", "DF.n.solutions", "DF.generations", 
    "DF.n.evaluations", "DF.cpu.time")))
