full <-
structure(c(50, 55, 60, 65, 70, 75, 80, 85, 90, 95, 100, 4.89033, 
0.72497, 2.37841, 8.41191, 0.98922, 10.95169, 2.20321, 7.21093, 
2.10062, 7.39635, 4.45567, -8.02246, -3.97101, -6.74092, -9.6197, 
-4.64294, -13.95371, -5.05579, -10.92893, -4.87987, -11.9526, 
-6.89756, 0, 0, 0, 0, 0, 0, 0, 0, 0, 0, 0, 0, 0, 0, 0, 0, 0, 
0, 0, 0, 0, 0, 0.66083, 0.62205, 0.61077, 0.59161, 0.6495, 0.67179, 
0.69616, 0.67627, 0.67692, 0.65834, 0.69201, 0.61444, 0.58624, 
0.57554, 0.57753, 0.63586, 0.6125, 0.6508, 0.652, 0.65241, 0.63654, 
0.66169, 0.0367, 0.0401, 0.0423, 0.0443, 0.0454, 0.0446, 0.0499, 
0.0494, 0.0554, 0.0572, 0.0579, 73.6, 84.4, 90.3, 94.3, 106.2, 
108, 117.6, 122.3, 132.3, 136.9, 140.4, 260, 413, 8, 1250, 1089, 
445, 1585, 232, 429, 764, 1172, 206, 514, 94, 21, 324, 58, 45, 
189, 346, 48, 85, 100, 100, 100, 100, 100, 100, 100, 100, 100, 
100, 100, 2500, 2500, 2500, 2500, 2500, 2500, 2500, 2500, 2500, 
2500, 2500, 8794.744, 9366.009, 9378.651, 9392.153, 9434.45, 
9416.645, 9472.573, 9489.79300000001, 9665.49599999998, 9734.52799999999, 
9686.93300000002, 5.66823, 0.70037, 1.18123, 10.3494, 1.02141, 
8.53729, 2.54821, 9.37269, 2.0407, 8.77264, 5.49254, -8.76942, 
-4.13909, -5.4291, -11.78423, -4.69812, -11.33027, -5.28909, 
-13.09147, -4.95673, -13.32923, -7.87958, 0, 0, 0, 0, 0, 0, 0, 
0, 0, 0, 0, 0, 0, 0, 0, 0, 0, 0, 0, 0, 0, 0, 0.66083, 0.61371, 
0.61077, 0.58847, 0.64283, 0.66839, 0.68361, 0.67627, 0.67067, 
0.65834, 0.68724, 0.60611, 0.57624, 0.57554, 0.57558, 0.63586, 
0.62798, 0.6508, 0.652, 0.65241, 0.63654, 0.66111, 0.0374, 0.0405, 
0.0427, 0.0446, 0.0476, 0.0482, 0.0502, 0.051, 0.0559, 0.055, 
0.0584, 73.4, 84.2, 91.4, 94.2, 106.2, 108.4, 117.1, 122.3, 131.5, 
136.7, 139.4, 1831, 527, 1282, 9, 1356, 746, 2439, 560, 640, 
1170, 2119, 1, 2, 5, 4, 1, 2, 1, 3, 3, 1, 1, 100, 100, 100, 100, 
100, 100, 100, 100, 100, 100, 100, 2500, 2500, 2500, 2500, 2500, 
2500, 2500, 2500, 2500, 2500, 2500, 9330.031, 9351.066, 9409.463, 
9408.249, 9422.17200000001, 9448.83199999999, 9451.889, 9608.93099999998, 
9690.94399999999, 9921.57999999999, 9718.97400000002, 1, 1, 1, 
1, 1, 1, 1, 1, 1, 1, 1, 0.03571, 0.03571, 0.03571, 0.03571, 0.03571, 
0.03571, 0.03571, 0.03571, 0.03571, 0.03571, 0.03571, 0, 0, 0, 
0, 0, 0, 0, 0, 0, 0, 0, 0, 0, 0, 0, 0, 0, 0, 0, 0, 0, 0, 0.55417, 
0.50235, 0.5549, 0.52721, 0.57339, 0.6056, 0.61972, 0.6049, 0.61804, 
0.60457, 0.60839, 0.57694, 0.53318, 0.57323, 0.51713, 0.565, 
0.5722, 0.63139, 0.6049, 0.61253, 0.60545, 0.61977, 0.0404, 0.0458, 
0.0425, 0.0426, 0.047, 0.0464, 0.0485, 0.0543, 0.0524, 0.0606, 
0.057, 76.4, 84.3, 92.3, 99.1, 107.1, 114.6, 121.5, 129.2, 135.6, 
142.9, 148, 1, 1, 1, 1, 1, 1, 1, 1, 1, 1, 1, 1, 1, 1, 1, 1, 1, 
1, 1, 1, 1, 1, 1, 1, 1, 1, 1, 1, 1, 1, 1, 1, 1, 1, 1, 1, 1, 1, 
1, 1, 1, 1, 1, 1, 3.718, 3.732, 3.723, 3.753, 3.739, 3.773, 3.782, 
3.845, 3.834, 3.919, 3.763), .Dim = c(11L, 40L), .Dimnames = list(
    NULL, c("Sampling", "PSO.cost", "PSO.gamma", "PSO.data.balancing", 
    "PSO.feature.selection", "PSO.valid.acc", "PSO.test.acc", 
    "PSO.train.time", "PSO.n.support.vectors", "PSO.index", "PSO.n.solutions", 
    "PSO.generations", "PSO.n.evaluations", "PSO.cpu.time", "RS.cost", 
    "RS.gamma", "RS.data.balancing", "RS.feature.selection", 
    "RS.valid.acc", "RS.test.acc", "RS.train.time", "RS.n.support.vectors", 
    "RS.index", "RS.n.solutions", "RS.generations", "RS.n.evaluations", 
    "RS.cpu.time", "DF.cost", "DF.gamma", "DF.data.balancing", 
    "DF.feature.selection", "DF.valid.acc", "DF.test.acc", "DF.train.time", 
    "DF.n.support.vectors", "DF.index", "DF.n.solutions", "DF.generations", 
    "DF.n.evaluations", "DF.cpu.time")))
