full <-
structure(c(50, 55, 60, 65, 70, 75, 80, 85, 90, 95, 100, 3.68698, 
3.94652, 3.25662, 10.5769, 15, 1.28906, 1.7347, 3.02837, 4.14814, 
2.94731, 3.86274, -7.27737, -7.86969, -4.05073, -14.68413, -3.1556, 
-4.86782, -4.22366, -6.63382, -7.99368, -6.03438, -7.51386, 0, 
0, 0, 0, 0, 0, 0, 0, 0, 0, 0, 0, 0, 0, 0, 0, 0, 0, 0, 0, 0, 0, 
0.69172, 0.67576, 0.65162, 0.6228, 0.63725, 0.66002, 0.66286, 
0.6301, 0.67097, 0.70156, 0.66829, 0.61013, 0.63939, 0.62329, 
0.6239, 0.58703, 0.66109, 0.63329, 0.59144, 0.61842, 0.64816, 
0.66934, 0.0382, 0.0385, 0.041, 0.0407, 0.0496, 0.0471, 0.0526, 
0.051, 0.0519, 0.0574, 0.0575, 74.5, 80.8, 91.2, 95.6, 109, 112.8, 
121.1, 123.5, 129.9, 138.5, 142.1, 421, 300, 1884, 2, 276, 836, 
2036, 1611, 1993, 393, 216, 187, 121, 29, 127, 172, 114, 5, 8, 
2, 115, 84, 100, 100, 100, 100, 100, 100, 100, 100, 100, 100, 
100, 2500, 2500, 2500, 2500, 2500, 2500, 2500, 2500, 2500, 2500, 
2500, 7909.083, 7945.711, 8020.904, 7947.834, 7939.45999999999, 
8113.606, 8178.78599999999, 8366.107, 8382.60400000001, 8365.97900000002, 
8348.511, 3.82565, 4.18071, 11.50784, 9.79288, 1.68767, 1.41515, 
1.40632, 2.42828, 4.89141, 2.66011, 3.49223, -7.37062, -8.09029, 
-3.88643, -13.92328, -5.03811, -5.05593, -3.70203, -5.98131, 
-9.03193, -5.79221, -7.03663, 0, 0, 0, 0, 0, 0, 0, 0, 0, 0, 0, 
0, 0, 0, 0, 0, 0, 0, 0, 0, 0, 0, 0.69172, 0.67576, 0.64995, 0.6228, 
0.63725, 0.65288, 0.65661, 0.61859, 0.6707, 0.69012, 0.66329, 
0.62013, 0.63106, 0.64162, 0.6239, 0.62289, 0.6602, 0.63954, 
0.59213, 0.62897, 0.65292, 0.66434, 0.0401, 0.0393, 0.0427, 0.0435, 
0.0465, 0.049, 0.0538, 0.0528, 0.0538, 0.058, 0.058, 74.4, 80.6, 
91.7, 95.7, 105.2, 112.3, 122.1, 124.7, 130.1, 138.6, 142.2, 
799, 1486, 348, 68, 829, 1198, 1539, 347, 800, 2461, 2452, 2, 
1, 9, 4, 11, 1, 1, 2, 1, 1, 1, 100, 100, 100, 100, 100, 100, 
100, 100, 100, 100, 100, 2500, 2500, 2500, 2500, 2500, 2500, 
2500, 2500, 2500, 2500, 2500, 7929.38, 7932.475, 7981.34899999999, 
7876.21799999999, 8043.969, 8128.064, 8297.98299999999, 8397.59, 
8502.85800000001, 8420.671, 8459.84400000001, 1, 1, 1, 1, 1, 
1, 1, 1, 1, 1, 1, 0.03571, 0.03571, 0.03571, 0.03571, 0.03571, 
0.03571, 0.03571, 0.03571, 0.03571, 0.03571, 0.03571, 0, 0, 0, 
0, 0, 0, 0, 0, 0, 0, 0, 0, 0, 0, 0, 0, 0, 0, 0, 0, 0, 0, 0.49833, 
0.55864, 0.58896, 0.53787, 0.58527, 0.58784, 0.5928, 0.57656, 
0.61206, 0.60828, 0.61041, 0.49833, 0.54864, 0.59101, 0.57424, 
0.56425, 0.60876, 0.57982, 0.57039, 0.59743, 0.6341, 0.62625, 
0.038, 0.0392, 0.042, 0.045, 0.0443, 0.0491, 0.0499, 0.0521, 
0.0563, 0.0566, 0.0594, 75.8, 82.5, 91.1, 98.9, 106.8, 113.9, 
120.8, 128.1, 135.8, 142.7, 147.6, 1, 1, 1, 1, 1, 1, 1, 1, 1, 
1, 1, 1, 1, 1, 1, 1, 1, 1, 1, 1, 1, 1, 1, 1, 1, 1, 1, 1, 1, 1, 
1, 1, 1, 1, 1, 1, 1, 1, 1, 1, 1, 1, 1, 1, 3.142, 3.078, 3.177, 
3.16, 3.158, 3.356, 3.377, 3.215, 3.512, 3.304, 3.343), .Dim = c(11L, 
40L), .Dimnames = list(NULL, c("Sampling", "PSO.cost", "PSO.gamma", 
"PSO.data.balancing", "PSO.feature.selection", "PSO.valid.acc", 
"PSO.test.acc", "PSO.train.time", "PSO.n.support.vectors", "PSO.index", 
"PSO.n.solutions", "PSO.generations", "PSO.n.evaluations", "PSO.cpu.time", 
"RS.cost", "RS.gamma", "RS.data.balancing", "RS.feature.selection", 
"RS.valid.acc", "RS.test.acc", "RS.train.time", "RS.n.support.vectors", 
"RS.index", "RS.n.solutions", "RS.generations", "RS.n.evaluations", 
"RS.cpu.time", "DF.cost", "DF.gamma", "DF.data.balancing", "DF.feature.selection", 
"DF.valid.acc", "DF.test.acc", "DF.train.time", "DF.n.support.vectors", 
"DF.index", "DF.n.solutions", "DF.generations", "DF.n.evaluations", 
"DF.cpu.time")))
