full <-
structure(c(50, 55, 60, 65, 70, 75, 80, 85, 90, 95, 100, 1.61024, 
0.84756, 7.12635, 1.43254, 0.53211, 1.72978, 2.61856, 0.99288, 
6.72189, 0.76434, 4.23842, -5.11574, -3.37588, -10.6146, -4.34642, 
-3.84907, -5.18678, -5.9327, -3.74507, -10.59836, -3.57079, -7.9387, 
0, 0, 0, 0, 0, 0, 0, 0, 0, 0, 0, 0, 0, 0, 0, 0, 0, 0, 0, 0, 0, 
0, 0.72337, 0.6389, 0.69459, 0.62265, 0.67058, 0.65238, 0.66084, 
0.67559, 0.62397, 0.67274, 0.681, 0.67297, 0.58641, 0.66927, 
0.60685, 0.63408, 0.69333, 0.62866, 0.63315, 0.56425, 0.6779, 
0.67682, 0.04, 0.0397, 0.0406, 0.044, 0.0435, 0.0473, 0.0478, 
0.054, 0.0536, 0.0608, 0.0589, 76, 85.3, 86.6, 97.9, 106.7, 110.7, 
115.6, 129.4, 129.4, 145.6, 141.4, 866, 437, 116, 1222, 1654, 
1701, 334, 862, 145, 1677, 726, 162, 215, 131, 94, 33, 4, 276, 
192, 129, 29, 64, 100, 100, 100, 100, 100, 100, 100, 100, 100, 
100, 100, 2500, 2500, 2500, 2500, 2500, 2500, 2500, 2500, 2500, 
2500, 2500, 8362.467, 8357.231, 8597.978, 8272.785, 7503.542, 
7826.439, 7812.60100000001, 7770.255, 7963.44600000001, 7947.63700000002, 
8002.53, 1.34225, 0.79204, 9.61212, 5.16785, 0.78428, 2.16036, 
3.35567, 1.11304, 3.70982, 0.71365, 7.30884, -4.5699, -3.14354, 
-12.97499, -2.46587, -4.23687, -5.58129, -6.58833, -3.98379, 
-7.58467, -3.80924, -11.07053, 0, 0, 0, 0, 0, 0, 0, 0, 0, 0, 
0, 0, 0, 0, 0, 0, 0, 0, 0, 0, 0, 0, 0.71159, 0.6389, 0.69459, 
0.60949, 0.65575, 0.64524, 0.6537, 0.66934, 0.62397, 0.67274, 
0.681, 0.62598, 0.57732, 0.66927, 0.56861, 0.62694, 0.69333, 
0.62292, 0.63413, 0.55282, 0.65611, 0.66629, 0.0368, 0.0429, 
0.0426, 0.0442, 0.0449, 0.0445, 0.0471, 0.0525, 0.0508, 0.06, 
0.0558, 76.8, 85.4, 86.4, 100.8, 106.1, 110.2, 114.6, 128.3, 
130, 145, 140.8, 1363, 151, 769, 187, 1585, 1189, 65, 459, 92, 
236, 667, 1, 2, 8, 4, 2, 5, 4, 1, 7, 1, 6, 100, 100, 100, 100, 
100, 100, 100, 100, 100, 100, 100, 2500, 2500, 2500, 2500, 2500, 
2500, 2500, 2500, 2500, 2500, 2500, 8401.569, 8563.859, 8262.963, 
8259.597, 7507.492, 7802.522, 7713.978, 7969.685, 7825.584, 7918.318, 
8641.97, 1, 1, 1, 1, 1, 1, 1, 1, 1, 1, 1, 0.03571, 0.03571, 0.03571, 
0.03571, 0.03571, 0.03571, 0.03571, 0.03571, 0.03571, 0.03571, 
0.03571, 0, 0, 0, 0, 0, 0, 0, 0, 0, 0, 0, 0, 0, 0, 0, 0, 0, 0, 
0, 0, 0, 0, 0.59545, 0.59398, 0.56541, 0.5702, 0.60428, 0.62476, 
0.63679, 0.60003, 0.58786, 0.63271, 0.59197, 0.61212, 0.58843, 
0.57823, 0.58036, 0.5841, 0.62524, 0.61095, 0.61477, 0.58289, 
0.59867, 0.61858, 0.0383, 0.0454, 0.0411, 0.0431, 0.0461, 0.0462, 
0.0485, 0.0508, 0.0534, 0.0595, 0.0583, 77.1, 84.6, 92.6, 98.8, 
106.6, 113.8, 121.2, 128, 135.5, 142.9, 148.4, 1, 1, 1, 1, 1, 
1, 1, 1, 1, 1, 1, 1, 1, 1, 1, 1, 1, 1, 1, 1, 1, 1, 1, 1, 1, 1, 
1, 1, 1, 1, 1, 1, 1, 1, 1, 1, 1, 1, 1, 1, 1, 1, 1, 1, 3.382, 
3.418, 3.201, 3.28, 3.101, 3.083, 3.019, 3.157, 3.081, 3.306, 
3.492), .Dim = c(11L, 40L), .Dimnames = list(NULL, c("Sampling", 
"PSO.cost", "PSO.gamma", "PSO.data.balancing", "PSO.feature.selection", 
"PSO.valid.acc", "PSO.test.acc", "PSO.train.time", "PSO.n.support.vectors", 
"PSO.index", "PSO.n.solutions", "PSO.generations", "PSO.n.evaluations", 
"PSO.cpu.time", "RS.cost", "RS.gamma", "RS.data.balancing", "RS.feature.selection", 
"RS.valid.acc", "RS.test.acc", "RS.train.time", "RS.n.support.vectors", 
"RS.index", "RS.n.solutions", "RS.generations", "RS.n.evaluations", 
"RS.cpu.time", "DF.cost", "DF.gamma", "DF.data.balancing", "DF.feature.selection", 
"DF.valid.acc", "DF.test.acc", "DF.train.time", "DF.n.support.vectors", 
"DF.index", "DF.n.solutions", "DF.generations", "DF.n.evaluations", 
"DF.cpu.time")))
