full <-
structure(c(50, 55, 60, 65, 70, 75, 80, 85, 90, 95, 100, 2.05255, 
4.65081, 10.42809, 7.72842, 4.71252, 9.58068, 8.66905, 6.8119, 
4.64598, 1.51673, 2.58025, -5.77653, -9.0136, -13.68854, -11.33457, 
-8.08873, -13.60664, -13.36423, -9.59914, -7.84286, -5.31297, 
-3.09425, 0, 0, 0, 0, 0, 0, 0, 0, 0, 0, 0, 0, 0, 0, 0, 0, 0, 
0, 0, 0, 0, 0, 0.62921, 0.65015, 0.65232, 0.64082, 0.63939, 0.64447, 
0.68936, 0.69342, 0.69355, 0.65238, 0.68745, 0.61921, 0.62015, 
0.59966, 0.6084, 0.62092, 0.65773, 0.65681, 0.69782, 0.65764, 
0.63074, 0.67184, 0.039, 0.0393, 0.0422, 0.0423, 0.0441, 0.0461, 
0.0485, 0.0488, 0.0531, 0.0569, 0.0657, 75.4, 82.1, 89.3, 96.7, 
101.5, 108.8, 117.9, 119.5, 129.8, 139.6, 152.2, 27, 673, 188, 
257, 419, 985, 69, 54, 310, 632, 1308, 576, 61, 55, 83, 130, 
11, 212, 64, 154, 81, 8, 100, 100, 100, 100, 100, 100, 100, 100, 
100, 100, 100, 2500, 2500, 2500, 2500, 2500, 2500, 2500, 2500, 
2500, 2500, 2500, 9357.888, 9339.314, 9378.38800000001, 9364.44299999999, 
9302.13, 9409.319, 9435.02900000001, 9492.58800000002, 9625.76199999999, 
9921.10399999999, 10088.329, 1.92448, 6.35527, 8.35321, 7.87472, 
5.14881, 7.2869, 3.97061, 6.60326, 8.93159, 5.76313, 1.48955, 
-5.60557, -10.06524, -11.58414, -11.49815, -8.44346, -9.56782, 
-8.23221, -9.39943, -12.16632, -10.11321, -3.04972, 0, 0, 0, 
0, 0, 0, 0, 0, 0, 0, 0, 0, 0, 0, 0, 0, 0, 0, 0, 0, 0, 0, 0.62921, 
0.64848, 0.64463, 0.64082, 0.63939, 0.64976, 0.68936, 0.69342, 
0.693, 0.65113, 0.68769, 0.5981, 0.62015, 0.59966, 0.6084, 0.62861, 
0.60937, 0.67056, 0.69782, 0.65237, 0.61949, 0.67107, 0.0396, 
0.0396, 0.0417, 0.0412, 0.0447, 0.0458, 0.0482, 0.051, 0.054, 
0.0556, 0.0661, 75.5, 81.9, 89.3, 96.7, 101.5, 108.1, 117.8, 
119.5, 129.1, 137.2, 152.3, 141, 667, 614, 227, 385, 638, 47, 
1562, 36, 893, 1484, 2, 2, 4, 3, 2, 2, 24, 4, 5, 7, 1, 100, 100, 
100, 100, 100, 100, 100, 100, 100, 100, 100, 2500, 2500, 2500, 
2500, 2500, 2500, 2500, 2500, 2500, 2500, 2500, 9352.932, 9350.47, 
9384.681, 9381.86600000001, 9421.679, 9439.66, 9467.28699999998, 
9598.84099999999, 9827.897, 9945.53400000001, 10150.371, 1, 1, 
1, 1, 1, 1, 1, 1, 1, 1, 1, 0.03571, 0.03571, 0.03571, 0.03571, 
0.03571, 0.03571, 0.03571, 0.03571, 0.03571, 0.03571, 0.03571, 
0, 0, 0, 0, 0, 0, 0, 0, 0, 0, 0, 0, 0, 0, 0, 0, 0, 0, 0, 0, 0, 
0, 0.48063, 0.47712, 0.55709, 0.50911, 0.57739, 0.58122, 0.60515, 
0.64644, 0.6144, 0.6242, 0.6195, 0.46341, 0.49712, 0.55875, 0.51835, 
0.57717, 0.59035, 0.61848, 0.65199, 0.60881, 0.62489, 0.62891, 
0.0401, 0.0404, 0.0421, 0.0455, 0.0428, 0.0481, 0.0513, 0.0576, 
0.0556, 0.0557, 0.0592, 76, 83, 91.4, 98.8, 106, 113.6, 120.8, 
126.6, 134.5, 141.7, 147.4, 1, 1, 1, 1, 1, 1, 1, 1, 1, 1, 1, 
1, 1, 1, 1, 1, 1, 1, 1, 1, 1, 1, 1, 1, 1, 1, 1, 1, 1, 1, 1, 1, 
1, 1, 1, 1, 1, 1, 1, 1, 1, 1, 1, 1, 3.721, 3.718, 3.736, 3.752, 
3.759, 3.736, 3.742, 3.845, 3.997, 3.975, 4.064), .Dim = c(11L, 
40L), .Dimnames = list(NULL, c("Sampling", "PSO.cost", "PSO.gamma", 
"PSO.data.balancing", "PSO.feature.selection", "PSO.valid.acc", 
"PSO.test.acc", "PSO.train.time", "PSO.n.support.vectors", "PSO.index", 
"PSO.n.solutions", "PSO.generations", "PSO.n.evaluations", "PSO.cpu.time", 
"RS.cost", "RS.gamma", "RS.data.balancing", "RS.feature.selection", 
"RS.valid.acc", "RS.test.acc", "RS.train.time", "RS.n.support.vectors", 
"RS.index", "RS.n.solutions", "RS.generations", "RS.n.evaluations", 
"RS.cpu.time", "DF.cost", "DF.gamma", "DF.data.balancing", "DF.feature.selection", 
"DF.valid.acc", "DF.test.acc", "DF.train.time", "DF.n.support.vectors", 
"DF.index", "DF.n.solutions", "DF.generations", "DF.n.evaluations", 
"DF.cpu.time")))
