full <-
structure(c(50, 55, 60, 65, 70, 75, 80, 85, 90, 95, 100, 1.36934, 
1.49713, 0.97668, 8.36579, 2.90453, 2.27633, 8.9507, 9.24229, 
2.96681, 3.66187, 5.23292, -5.55504, -4.11858, -4.06043, -12.38548, 
-3.67814, -5.00725, -12.76759, -13.1355, -4.86465, -4.1816, -8.83913, 
0, 0, 0, 0, 0, 0, 0, 0, 0, 0, 0, 0, 0, 0, 0, 0, 0, 0, 0, 0, 0, 
0, 0.68879, 0.71346, 0.71731, 0.64716, 0.67257, 0.65342, 0.66468, 
0.65108, 0.65006, 0.69253, 0.65691, 0.63838, 0.69563, 0.70342, 
0.63938, 0.6172, 0.63508, 0.66342, 0.6345, 0.60427, 0.65643, 
0.62998, 0.0376, 0.0395, 0.041, 0.0413, 0.0458, 0.047, 0.0472, 
0.0493, 0.0562, 0.0595, 0.0559, 77, 84.9, 92.9, 96, 107.7, 112.4, 
116.4, 123.1, 135.5, 144.3, 142.2, 503, 341, 67, 126, 349, 879, 
177, 979, 455, 735, 994, 176, 350, 260, 48, 207, 135, 106, 22, 
128, 457, 53, 100, 100, 100, 100, 100, 100, 100, 100, 100, 100, 
100, 2500, 2500, 2500, 2500, 2500, 2500, 2500, 2500, 2500, 2500, 
2500, 8066.788, 7764.559, 7785.235, 7773.997, 7899.973, 7972.269, 
7971.731, 8014.50899999999, 8136.56, 8241.223, 8214.693, 1.69549, 
1.6463, 1.57804, 6.95045, 1.00509, 1.98948, 10.59693, 2.66975, 
3.10504, 4.90852, 1.17151, -5.99044, -4.10684, -4.84489, -10.98063, 
-3.5691, -4.714, -14.46161, -6.80335, -5.06843, -4.17096, -3.95335, 
0, 0, 0, 0, 0, 0, 0, 0, 0, 0, 0, 0, 0, 0, 0, 0, 0, 0, 0, 0, 0, 
0, 0.6797, 0.71346, 0.70183, 0.64716, 0.66679, 0.65342, 0.66468, 
0.6508, 0.65006, 0.69173, 0.66659, 0.63838, 0.71187, 0.69906, 
0.63938, 0.6297, 0.63508, 0.65754, 0.64627, 0.61541, 0.66695, 
0.6445, 0.0357, 0.0394, 0.0405, 0.0414, 0.0455, 0.0473, 0.0472, 
0.0493, 0.0551, 0.0591, 0.0619, 76.8, 84.9, 92, 96.2, 108.1, 
113, 116.4, 125.2, 134.9, 144.3, 149, 484, 309, 608, 38, 569, 
2332, 417, 213, 2419, 113, 2060, 8, 1, 1, 9, 1, 1, 3, 1, 1, 19, 
1, 100, 100, 100, 100, 100, 100, 100, 100, 100, 100, 100, 2500, 
2500, 2500, 2500, 2500, 2500, 2500, 2500, 2500, 2500, 2500, 7722.25, 
7716.993, 7760.733, 7804.748, 7892.42999999999, 7932.01800000001, 
8009.46399999999, 8045.88400000001, 8165.61199999999, 8206.171, 
8257.15500000003, 1, 1, 1, 1, 1, 1, 1, 1, 1, 1, 1, 0.03571, 0.03571, 
0.03571, 0.03571, 0.03571, 0.03571, 0.03571, 0.03571, 0.03571, 
0.03571, 0.03571, 0, 0, 0, 0, 0, 0, 0, 0, 0, 0, 0, 0, 0, 0, 0, 
0, 0, 0, 0, 0, 0, 0, 0.63727, 0.6161, 0.65856, 0.58471, 0.58119, 
0.58528, 0.5991, 0.60978, 0.62192, 0.6257, 0.60866, 0.66997, 
0.62233, 0.62724, 0.61026, 0.59806, 0.59951, 0.63056, 0.61612, 
0.62182, 0.6404, 0.5944, 0.036, 0.0379, 0.0395, 0.042, 0.0447, 
0.0463, 0.0489, 0.0512, 0.0524, 0.0557, 0.0572, 77.4, 84.8, 93.3, 
100.6, 106.8, 115.1, 122.4, 130, 137.2, 144, 148, 1, 1, 1, 1, 
1, 1, 1, 1, 1, 1, 1, 1, 1, 1, 1, 1, 1, 1, 1, 1, 1, 1, 1, 1, 1, 
1, 1, 1, 1, 1, 1, 1, 1, 1, 1, 1, 1, 1, 1, 1, 1, 1, 1, 1, 3.098, 
3.133, 3.057, 3.098, 3.139, 3.182, 3.175, 3.225, 3.154, 3.226, 
3.218), .Dim = c(11L, 40L), .Dimnames = list(NULL, c("Sampling", 
"PSO.cost", "PSO.gamma", "PSO.data.balancing", "PSO.feature.selection", 
"PSO.valid.acc", "PSO.test.acc", "PSO.train.time", "PSO.n.support.vectors", 
"PSO.index", "PSO.n.solutions", "PSO.generations", "PSO.n.evaluations", 
"PSO.cpu.time", "RS.cost", "RS.gamma", "RS.data.balancing", "RS.feature.selection", 
"RS.valid.acc", "RS.test.acc", "RS.train.time", "RS.n.support.vectors", 
"RS.index", "RS.n.solutions", "RS.generations", "RS.n.evaluations", 
"RS.cpu.time", "DF.cost", "DF.gamma", "DF.data.balancing", "DF.feature.selection", 
"DF.valid.acc", "DF.test.acc", "DF.train.time", "DF.n.support.vectors", 
"DF.index", "DF.n.solutions", "DF.generations", "DF.n.evaluations", 
"DF.cpu.time")))
