full <-
structure(c(50, 55, 60, 65, 70, 75, 80, 85, 90, 95, 100, 3.88043, 
1.08641, 3.00313, 8.07752, 2.4381, 6.14342, 12.65098, 4.39554, 
1.69438, 2.65044, 1.47016, -7.45227, -4.89303, -5.60688, -10.98824, 
-5.75168, -9.00987, -15, -7.71244, -3.408, -4.40953, -3.46995, 
0, 0, 0, 0, 0, 0, 0, 0, 0, 0, 0, 0, 0, 0, 0, 0, 0, 0, 0, 0, 0, 
0, 0.64268, 0.64167, 0.64735, 0.6567, 0.66757, 0.6544, 0.6989, 
0.6846, 0.69591, 0.6873, 0.67581, 0.59177, 0.61159, 0.59852, 
0.60649, 0.653, 0.64004, 0.67725, 0.66001, 0.68549, 0.64777, 
0.66074, 0.0352, 0.0364, 0.0386, 0.0393, 0.042, 0.0444, 0.0461, 
0.047, 0.0566, 0.0601, 0.0612, 74.9, 84.6, 89.4, 94.1, 104.1, 
107.2, 112.1, 121.7, 137.8, 143.1, 150.8, 174, 383, 447, 280, 
725, 155, 104, 376, 238, 813, 1313, 174, 58, 106, 20, 72, 68, 
105, 53, 81, 120, 48, 100, 100, 100, 100, 100, 100, 100, 100, 
100, 100, 100, 2500, 2500, 2500, 2500, 2500, 2500, 2500, 2500, 
2500, 2500, 2500, 7060.682, 6829.113, 6889.661, 6927.19, 6980.496, 
7138.844, 7168.43399999999, 7509.159, 7539.132, 7733.87899999999, 
8113.50200000001, 11.12886, 1.847, 2.90372, 6.41303, 2.53331, 
10.29819, 10.08646, 3.87299, 1.72305, 12.8231, 1.63519, -14.73666, 
-4.96129, -5.8881, -9.24425, -5.96434, -13.21423, -12.46782, 
-7.12837, -3.52922, -4.34355, -3.79695, 0, 0, 0, 0, 0, 0, 0, 
0, 0, 0, 0, 0, 0, 0, 0, 0, 0, 0, 0, 0, 0, 0, 0.64268, 0.64227, 
0.64429, 0.65594, 0.66757, 0.6544, 0.6989, 0.6846, 0.69591, 0.68204, 
0.67055, 0.58177, 0.63409, 0.60621, 0.59166, 0.653, 0.64004, 
0.6828, 0.66001, 0.69049, 0.65859, 0.63965, 0.0353, 0.0369, 0.0388, 
0.0388, 0.0423, 0.0428, 0.0456, 0.0487, 0.0566, 0.0575, 0.0615, 
74.1, 84.1, 89.3, 94, 103.6, 106.9, 112.1, 122.2, 137.6, 142.8, 
149.7, 80, 1978, 1906, 1368, 220, 1406, 591, 714, 95, 660, 1004, 
14, 1, 1, 1, 3, 2, 1, 3, 4, 4, 1, 100, 100, 100, 100, 100, 100, 
100, 100, 100, 100, 100, 2500, 2500, 2500, 2500, 2500, 2500, 
2500, 2500, 2500, 2500, 2500, 6973.311, 6842.089, 6934.178, 6966.103, 
7078.834, 7241.145, 7426.951, 7817.683, 7517.04300000001, 7812.50699999998, 
8082.18799999999, 1, 1, 1, 1, 1, 1, 1, 1, 1, 1, 1, 0.03571, 0.03571, 
0.03571, 0.03571, 0.03571, 0.03571, 0.03571, 0.03571, 0.03571, 
0.03571, 0.03571, 0, 0, 0, 0, 0, 0, 0, 0, 0, 0, 0, 0, 0, 0, 0, 
0, 0, 0, 0, 0, 0, 0, 0.54955, 0.57015, 0.54841, 0.55365, 0.59311, 
0.56552, 0.63485, 0.60004, 0.63933, 0.57699, 0.6136, 0.55066, 
0.56015, 0.56611, 0.5621, 0.59929, 0.57449, 0.63289, 0.59449, 
0.62058, 0.60539, 0.60966, 0.0349, 0.0364, 0.0385, 0.0399, 0.0442, 
0.0432, 0.0466, 0.0489, 0.0515, 0.0566, 0.0569, 77.1, 84.7, 91.9, 
100.1, 106.4, 115.3, 121.8, 128.5, 135.7, 143.8, 147.9, 1, 1, 
1, 1, 1, 1, 1, 1, 1, 1, 1, 1, 1, 1, 1, 1, 1, 1, 1, 1, 1, 1, 1, 
1, 1, 1, 1, 1, 1, 1, 1, 1, 1, 1, 1, 1, 1, 1, 1, 1, 1, 1, 1, 1, 
2.738, 2.726, 2.743, 2.799, 3.008, 2.789, 2.889, 3.099, 2.931, 
3.2, 3.174), .Dim = c(11L, 40L), .Dimnames = list(NULL, c("Sampling", 
"PSO.cost", "PSO.gamma", "PSO.data.balancing", "PSO.feature.selection", 
"PSO.valid.acc", "PSO.test.acc", "PSO.train.time", "PSO.n.support.vectors", 
"PSO.index", "PSO.n.solutions", "PSO.generations", "PSO.n.evaluations", 
"PSO.cpu.time", "RS.cost", "RS.gamma", "RS.data.balancing", "RS.feature.selection", 
"RS.valid.acc", "RS.test.acc", "RS.train.time", "RS.n.support.vectors", 
"RS.index", "RS.n.solutions", "RS.generations", "RS.n.evaluations", 
"RS.cpu.time", "DF.cost", "DF.gamma", "DF.data.balancing", "DF.feature.selection", 
"DF.valid.acc", "DF.test.acc", "DF.train.time", "DF.n.support.vectors", 
"DF.index", "DF.n.solutions", "DF.generations", "DF.n.evaluations", 
"DF.cpu.time")))
