full <-
structure(c(50, 55, 60, 65, 70, 75, 80, 85, 90, 95, 100, 2.87448, 
3.4289, 2.13922, 0.41982, 1.86099, 1.67345, 2.47081, 5.61661, 
1.12955, 4.39889, 1.61521, -3.70703, -3.55415, -3.26988, -5.25332, 
-5.15054, -4.857, -6.09485, -3.31599, -3.58443, -7.85572, -3.9151, 
0, 0, 0, 0, 0, 0, 0, 0, 0, 0, 0, 0, 0, 0, 0, 0, 0, 0, 0, 0, 0, 
0, 0.60124, 0.6147, 0.60455, 0.58556, 0.62938, 0.64018, 0.62453, 
0.66472, 0.65641, 0.68637, 0.66992, 0.57561, 0.58833, 0.59621, 
0.57017, 0.58989, 0.60618, 0.61759, 0.65153, 0.62701, 0.68026, 
0.66423, 0.0365, 0.039, 0.0409, 0.0431, 0.0457, 0.0473, 0.0504, 
0.0534, 0.0558, 0.0579, 0.0639, 77.5, 85.2, 93.5, 98.9, 106.1, 
113.6, 119.3, 131.1, 138.1, 137.2, 149, 88, 144, 1641, 410, 1964, 
1020, 2162, 300, 275, 824, 1393, 1222, 1040, 12, 298, 6, 50, 
1, 407, 212, 54, 16, 100, 100, 100, 100, 100, 100, 100, 100, 
100, 100, 100, 2500, 2500, 2500, 2500, 2500, 2500, 2500, 2500, 
2500, 2500, 2500, 7506.373, 7563.282, 7614.88499999999, 7539.72100000001, 
7964.81599999999, 8012.13400000001, 7764.11500000001, 8058.348, 
8061.15599999999, 7951.97900000002, 7986.78700000001, 2.87322, 
7.78477, 9.1866, 1.9106, 1.62887, 8.06155, 2.38587, 9.10664, 
1.05612, 11.39237, 2.08905, -3.68509, -3.59486, -3.28094, -3.72491, 
-4.63337, -11.5438, -5.95484, -3.29741, -3.52067, -14.95525, 
-4.10943, 0, 0, 0, 0, 0, 0, 0, 0, 0, 0, 0, 0, 0, 0, 0, 0, 0, 
0, 0, 0, 0, 0, 0.60124, 0.6147, 0.59685, 0.57796, 0.6304, 0.63435, 
0.62453, 0.65884, 0.65641, 0.68082, 0.66466, 0.57561, 0.59742, 
0.59621, 0.59398, 0.60425, 0.61196, 0.61759, 0.65153, 0.62779, 
0.67471, 0.6587, 0.039, 0.0403, 0.0401, 0.0418, 0.048, 0.0487, 
0.0502, 0.058, 0.0568, 0.0578, 0.0628, 77.5, 85.2, 93.5, 100.8, 
107.1, 110.6, 119.4, 131.1, 138.3, 136.7, 148.8, 156, 494, 1, 
536, 998, 120, 669, 34, 668, 44, 1043, 45, 7, 15, 3, 1, 6, 2, 
19, 1, 11, 4, 100, 100, 100, 100, 100, 100, 100, 100, 100, 100, 
100, 2500, 2500, 2500, 2500, 2500, 2500, 2500, 2500, 2500, 2500, 
2500, 7492.023, 7514.336, 7628.359, 7729.178, 7991.443, 7824.14999999999, 
7889.12700000001, 7925.091, 8034.23199999999, 8006.69399999999, 
7967.27500000002, 1, 1, 1, 1, 1, 1, 1, 1, 1, 1, 1, 0.03571, 0.03571, 
0.03571, 0.03571, 0.03571, 0.03571, 0.03571, 0.03571, 0.03571, 
0.03571, 0.03571, 0, 0, 0, 0, 0, 0, 0, 0, 0, 0, 0, 0, 0, 0, 0, 
0, 0, 0, 0, 0, 0, 0, 0.56679, 0.54106, 0.5486, 0.57787, 0.59813, 
0.60989, 0.56334, 0.60509, 0.60371, 0.60529, 0.59784, 0.53679, 
0.51197, 0.56614, 0.56248, 0.60527, 0.60096, 0.59501, 0.56854, 
0.62524, 0.59977, 0.60203, 0.0364, 0.04, 0.0424, 0.0426, 0.0443, 
0.049, 0.051, 0.0518, 0.0571, 0.0568, 0.0567, 77.2, 84.4, 91.3, 
99.1, 108, 115.3, 122.7, 129.3, 136, 143, 148.2, 1, 1, 1, 1, 
1, 1, 1, 1, 1, 1, 1, 1, 1, 1, 1, 1, 1, 1, 1, 1, 1, 1, 1, 1, 1, 
1, 1, 1, 1, 1, 1, 1, 1, 1, 1, 1, 1, 1, 1, 1, 1, 1, 1, 1, 2.904, 
3.023, 3.133, 3.163, 3.207, 3.223, 3.191, 3.15, 3.323, 3.115, 
3.039), .Dim = c(11L, 40L), .Dimnames = list(NULL, c("Sampling", 
"PSO.cost", "PSO.gamma", "PSO.data.balancing", "PSO.feature.selection", 
"PSO.valid.acc", "PSO.test.acc", "PSO.train.time", "PSO.n.support.vectors", 
"PSO.index", "PSO.n.solutions", "PSO.generations", "PSO.n.evaluations", 
"PSO.cpu.time", "RS.cost", "RS.gamma", "RS.data.balancing", "RS.feature.selection", 
"RS.valid.acc", "RS.test.acc", "RS.train.time", "RS.n.support.vectors", 
"RS.index", "RS.n.solutions", "RS.generations", "RS.n.evaluations", 
"RS.cpu.time", "DF.cost", "DF.gamma", "DF.data.balancing", "DF.feature.selection", 
"DF.valid.acc", "DF.test.acc", "DF.train.time", "DF.n.support.vectors", 
"DF.index", "DF.n.solutions", "DF.generations", "DF.n.evaluations", 
"DF.cpu.time")))
