full <-
structure(c(50, 55, 60, 65, 70, 75, 80, 85, 90, 95, 100, 10.25316, 
1.33217, 7.79241, 4.30011, 2.12849, 10.5244, 4.59784, 10.52623, 
1.32866, 0.65264, 2.61563, -13.67609, -3.25663, -10.75538, -6.96537, 
-4.41532, -2.87624, -7.1087, -14.14502, -3.02734, -3.72254, -6.76049, 
0, 0, 0, 0, 0, 0, 0, 0, 0, 0, 0, 0, 0, 0, 0, 0, 0, 0, 0, 0, 0, 
0, 0.57902, 0.59444, 0.60714, 0.59981, 0.65165, 0.61334, 0.67697, 
0.66256, 0.66166, 0.67371, 0.65854, 0.58104, 0.58146, 0.5235, 
0.60576, 0.60564, 0.57246, 0.66676, 0.64628, 0.65303, 0.64564, 
0.63947, 0.0404, 0.0397, 0.0403, 0.0448, 0.0445, 0.0503, 0.0506, 
0.0488, 0.0553, 0.0628, 0.0577, 72.9, 84, 88.4, 94.8, 105.3, 
116.6, 114.3, 121.7, 139.5, 144.1, 143, 117, 34, 75, 763, 368, 
230, 1593, 236, 719, 335, 2299, 216, 588, 157, 36, 434, 374, 
13, 147, 226, 585, 1, 100, 100, 100, 100, 100, 100, 100, 100, 
100, 100, 100, 2500, 2500, 2500, 2500, 2500, 2500, 2500, 2500, 
2500, 2500, 2500, 9150.283, 9136.485, 9134.34, 9144.749, 9218.836, 
9268.515, 9262.503, 9238.72200000001, 9567.39499999999, 9830.75999999998, 
9607.83599999998, 11.14431, 5.36401, 3.84202, 4.53231, 1.36495, 
7.74722, 4.74618, 7.62479, 1.91011, 0.69055, 2.51799, -14.579, 
-3.07808, -7.15886, -7.20461, -3.43724, -2.95772, -7.20625, -11.69055, 
-5.13598, -3.50092, -6.67004, 0, 0, 0, 0, 0, 0, 0, 0, 0, 0, 0, 
0, 0, 0, 0, 0, 0, 0, 0, 0, 0, 0, 0.57902, 0.59444, 0.60714, 0.59981, 
0.63879, 0.61334, 0.67142, 0.65575, 0.66032, 0.67371, 0.65328, 
0.58104, 0.57237, 0.56081, 0.60576, 0.61484, 0.57065, 0.66009, 
0.62807, 0.61457, 0.64481, 0.63947, 0.038, 0.0402, 0.0426, 0.0429, 
0.048, 0.0496, 0.0486, 0.0475, 0.0561, 0.0594, 0.0575, 72.9, 
84.4, 89.4, 94.7, 107.5, 116.3, 114.3, 122.4, 132.9, 144.9, 143.2, 
250, 7, 392, 1231, 1468, 113, 649, 295, 2045, 1843, 364, 4, 4, 
4, 1, 1, 16, 1, 6, 1, 1, 4, 100, 100, 100, 100, 100, 100, 100, 
100, 100, 100, 100, 2500, 2500, 2500, 2500, 2500, 2500, 2500, 
2500, 2500, 2500, 2500, 9091.101, 9092.637, 9163.86199999999, 
9181.849, 9218.927, 9242.93299999999, 9272.245, 9356.285, 9571.69099999999, 
9681.027, 9729.79399999999, 1, 1, 1, 1, 1, 1, 1, 1, 1, 1, 1, 
0.03571, 0.03571, 0.03571, 0.03571, 0.03571, 0.03571, 0.03571, 
0.03571, 0.03571, 0.03571, 0.03571, 0, 0, 0, 0, 0, 0, 0, 0, 0, 
0, 0, 0, 0, 0, 0, 0, 0, 0, 0, 0, 0, 0, 0.43654, 0.43581, 0.49184, 
0.50908, 0.55866, 0.57755, 0.61183, 0.60744, 0.59767, 0.61459, 
0.59711, 0.47583, 0.45187, 0.48692, 0.52966, 0.53723, 0.57403, 
0.5975, 0.62034, 0.5859, 0.59842, 0.58132, 0.039, 0.0394, 0.0393, 
0.0419, 0.0459, 0.0455, 0.0481, 0.0519, 0.0538, 0.0553, 0.0591, 
76.3, 83.4, 91.5, 99.2, 106.7, 114.4, 121.5, 128.2, 136.6, 143.2, 
147.7, 1, 1, 1, 1, 1, 1, 1, 1, 1, 1, 1, 1, 1, 1, 1, 1, 1, 1, 
1, 1, 1, 1, 1, 1, 1, 1, 1, 1, 1, 1, 1, 1, 1, 1, 1, 1, 1, 1, 1, 
1, 1, 1, 1, 1, 3.658, 3.628, 3.65, 3.675, 3.673, 3.653, 3.69, 
3.727, 3.834, 3.653, 3.924), .Dim = c(11L, 40L), .Dimnames = list(
    NULL, c("Sampling", "PSO.cost", "PSO.gamma", "PSO.data.balancing", 
    "PSO.feature.selection", "PSO.valid.acc", "PSO.test.acc", 
    "PSO.train.time", "PSO.n.support.vectors", "PSO.index", "PSO.n.solutions", 
    "PSO.generations", "PSO.n.evaluations", "PSO.cpu.time", "RS.cost", 
    "RS.gamma", "RS.data.balancing", "RS.feature.selection", 
    "RS.valid.acc", "RS.test.acc", "RS.train.time", "RS.n.support.vectors", 
    "RS.index", "RS.n.solutions", "RS.generations", "RS.n.evaluations", 
    "RS.cpu.time", "DF.cost", "DF.gamma", "DF.data.balancing", 
    "DF.feature.selection", "DF.valid.acc", "DF.test.acc", "DF.train.time", 
    "DF.n.support.vectors", "DF.index", "DF.n.solutions", "DF.generations", 
    "DF.n.evaluations", "DF.cpu.time")))
