full <-
structure(c(50, 55, 60, 65, 70, 75, 80, 85, 90, 95, 100, 8.79717, 
9.92439, 1.92381, 1.42314, 7.22269, 5.50304, 1.99074, 4.98515, 
1.99361, 6.56863, 4.84634, -11.84203, -3.9247, -4.63549, -4.42593, 
-11.22402, -8.64751, -5.01224, -8.60838, -4.0093, -9.57409, -9.18612, 
0, 0, 0, 0, 0, 0, 0, 0, 0, 0, 0, 0, 0, 0, 0, 0, 0, 0, 0, 0, 0, 
0, 0.64056, 0.5654, 0.59983, 0.61643, 0.64991, 0.63245, 0.64515, 
0.68264, 0.67673, 0.65069, 0.66452, 0.6, 0.5747, 0.54407, 0.5977, 
0.59377, 0.64248, 0.61848, 0.61573, 0.63591, 0.64513, 0.63288, 
0.0352, 0.0421, 0.0433, 0.0458, 0.0443, 0.0471, 0.0496, 0.051, 
0.0598, 0.0573, 0.0589, 74.6, 84, 90.8, 98.6, 101.4, 110, 118.4, 
122.9, 136.3, 135.8, 143.6, 162, 160, 479, 1728, 511, 988, 1533, 
817, 355, 274, 873, 107, 985, 82, 29, 20, 9, 45, 46, 268, 98, 
70, 100, 100, 100, 100, 100, 100, 100, 100, 100, 100, 100, 2500, 
2500, 2500, 2500, 2500, 2500, 2500, 2500, 2500, 2500, 2500, 7566.118, 
7748.274, 7807.217, 8129.899, 8418.569, 8459.462, 8276.212, 8336.266, 
8553.338, 8474.45799999998, 8468.05499999999, 3.38413, 9.02768, 
2.05614, 10.61333, 9.71005, 1.10833, 2.907, 3.98142, 1.87767, 
6.77652, 4.89344, -6.30084, -3.93953, -4.85196, -14.54059, -13.75394, 
-4.17727, -6.25613, -7.87602, -4.0237, -9.99629, -9.18435, 0, 
0, 0, 0, 0, 0, 0, 0, 0, 0, 0, 0, 0, 0, 0, 0, 0, 0, 0, 0, 0, 0, 
0.66167, 0.5654, 0.59983, 0.5967, 0.64324, 0.63161, 0.64005, 
0.67676, 0.67068, 0.65069, 0.65864, 0.61111, 0.5747, 0.56009, 
0.59084, 0.59377, 0.6188, 0.60551, 0.63444, 0.62868, 0.63983, 
0.63288, 0.0352, 0.0408, 0.0437, 0.04, 0.0435, 0.0499, 0.047, 
0.0486, 0.0593, 0.0574, 0.0571, 75.6, 84, 90, 94.3, 101.5, 114.6, 
116.9, 123.5, 136.1, 135.7, 143.5, 336, 312, 1129, 368, 322, 
815, 371, 2071, 251, 274, 1912, 2, 13, 2, 2, 1, 1, 1, 1, 1, 6, 
1, 100, 100, 100, 100, 100, 100, 100, 100, 100, 100, 100, 2500, 
2500, 2500, 2500, 2500, 2500, 2500, 2500, 2500, 2500, 2500, 7573.148, 
7803.109, 7967.611, 7972.235, 8455.757, 8253.53, 8382.54100000001, 
8492.06299999999, 8446.633, 8481.658, 8368.08199999999, 1, 1, 
1, 1, 1, 1, 1, 1, 1, 1, 1, 0.03571, 0.03571, 0.03571, 0.03571, 
0.03571, 0.03571, 0.03571, 0.03571, 0.03571, 0.03571, 0.03571, 
0, 0, 0, 0, 0, 0, 0, 0, 0, 0, 0, 0, 0, 0, 0, 0, 0, 0, 0, 0, 0, 
0, 0.49833, 0.49889, 0.52589, 0.53997, 0.53337, 0.54675, 0.60635, 
0.59248, 0.61102, 0.61525, 0.62141, 0.48833, 0.48813, 0.49679, 
0.52275, 0.52623, 0.5718, 0.59422, 0.60392, 0.58531, 0.59826, 
0.61203, 0.0395, 0.041, 0.041, 0.043, 0.0457, 0.0475, 0.0498, 
0.0529, 0.0549, 0.0559, 0.0589, 76.5, 84.3, 91.4, 99.1, 105.8, 
114.3, 121.3, 128.9, 135.6, 143.6, 148.1, 1, 1, 1, 1, 1, 1, 1, 
1, 1, 1, 1, 1, 1, 1, 1, 1, 1, 1, 1, 1, 1, 1, 1, 1, 1, 1, 1, 1, 
1, 1, 1, 1, 1, 1, 1, 1, 1, 1, 1, 1, 1, 1, 1, 1, 3.238, 3.287, 
3.262, 3.334, 3.364, 3.272, 3.269, 3.378, 3.374, 3.201, 3.304
), .Dim = c(11L, 40L), .Dimnames = list(NULL, c("Sampling", "PSO.cost", 
"PSO.gamma", "PSO.data.balancing", "PSO.feature.selection", "PSO.valid.acc", 
"PSO.test.acc", "PSO.train.time", "PSO.n.support.vectors", "PSO.index", 
"PSO.n.solutions", "PSO.generations", "PSO.n.evaluations", "PSO.cpu.time", 
"RS.cost", "RS.gamma", "RS.data.balancing", "RS.feature.selection", 
"RS.valid.acc", "RS.test.acc", "RS.train.time", "RS.n.support.vectors", 
"RS.index", "RS.n.solutions", "RS.generations", "RS.n.evaluations", 
"RS.cpu.time", "DF.cost", "DF.gamma", "DF.data.balancing", "DF.feature.selection", 
"DF.valid.acc", "DF.test.acc", "DF.train.time", "DF.n.support.vectors", 
"DF.index", "DF.n.solutions", "DF.generations", "DF.n.evaluations", 
"DF.cpu.time")))
