full <-
structure(c(50, 55, 60, 65, 70, 75, 80, 85, 90, 95, 100, 7.92257, 
3.17872, 1.85241, 9.74114, 3.58747, 0.74782, 15, 2.6971, 0.95006, 
0.61151, 0.37233, -2.20924, -3.39511, -2.34547, -2.89015, -5.26899, 
-2.22577, -10.86497, -5.33515, -2.18203, -3.05447, -3.1618, 0, 
0, 0, 0, 0, 0, 0, 0, 0, 0, 0, 0, 0, 0, 0, 0, 0, 0, 0, 0, 0, 0, 
0.87421, 0.88444, 0.87444, 0.86273, 0.87333, 0.86533, 0.88242, 
0.85989, 0.89, 0.89369, 0.8774, 0.87242, 0.83722, 0.84222, 0.85273, 
0.84606, 0.84866, 0.81886, 0.84451, 0.87462, 0.88655, 0.8574, 
0.0191, 0.02, 0.0204, 0.0206, 0.0185, 0.0227, 0.0267, 0.0195, 
0.0231, 0.0229, 0.0224, 45.4, 42, 55.4, 51.6, 37.2, 67.2, 28.8, 
43.9, 80.6, 66.9, 67, 209, 266, 623, 100, 1305, 594, 310, 71, 
217, 1764, 1293, 143, 545, 192, 472, 102, 25, 397, 118, 569, 
28, 37, 100, 100, 100, 100, 100, 100, 100, 100, 100, 100, 100, 
2500, 2500, 2500, 2500, 2500, 2500, 2500, 2500, 2500, 2500, 2500, 
6986.734, 7048.79, 7047.129, 7031.875, 7043.625, 7043.40000000001, 
6901.64999999999, 6727.65299999999, 6808.708, 6810.45799999998, 
6906.70299999998, 8.94568, 3.66772, 1.80071, 5.95371, 4.79266, 
0.46923, 14.38174, 4.0171, 1.18692, 0.67329, 0.33614, -2.18948, 
-3.32163, -2.96588, -2.91709, -5.94524, -4.85501, -10.47741, 
-6.20667, -2.22177, -2.94715, -3.27583, 0, 0, 0, 0, 0, 0, 0, 
0, 0, 0, 0, 0, 0, 0, 0, 0, 0, 0, 0, 0, 0, 0, 0.87421, 0.88444, 
0.86333, 0.86273, 0.86424, 0.85775, 0.87473, 0.85275, 0.89, 0.88702, 
0.87152, 0.87242, 0.83861, 0.84333, 0.85273, 0.82697, 0.83188, 
0.82656, 0.83681, 0.86747, 0.88655, 0.8574, 0.0188, 0.0192, 0.0184, 
0.0205, 0.0177, 0.021, 0.0268, 0.0198, 0.0228, 0.0238, 0.0224, 
45.6, 42.4, 48.6, 51.4, 35, 44.8, 29.3, 41.2, 79.7, 69.6, 64.9, 
476, 1107, 133, 333, 546, 1322, 502, 2002, 571, 2105, 1883, 3, 
1, 9, 14, 1, 1, 6, 1, 2, 1, 1, 100, 100, 100, 100, 100, 100, 
100, 100, 100, 100, 100, 2500, 2500, 2500, 2500, 2500, 2500, 
2500, 2500, 2500, 2500, 2500, 6988.375, 7010.882, 7029.325, 7029.536, 
7029.338, 7053.80799999999, 6755.583, 6760.69500000001, 6770.25, 
6861.97400000002, 6940.75599999999, 1, 1, 1, 1, 1, 1, 1, 1, 1, 
1, 1, 0.05263, 0.05263, 0.05263, 0.05263, 0.05263, 0.05263, 0.05263, 
0.05263, 0.05263, 0.05263, 0.05263, 0, 0, 0, 0, 0, 0, 0, 0, 0, 
0, 0, 0, 0, 0, 0, 0, 0, 0, 0, 0, 0, 0, 0.85992, 0.82861, 0.84111, 
0.84364, 0.84606, 0.83188, 0.84332, 0.82088, 0.83842, 0.86655, 
0.85199, 0.85992, 0.82861, 0.84111, 0.84364, 0.83697, 0.83188, 
0.85165, 0.84341, 0.8389, 0.87988, 0.85115, 0.0167, 0.0187, 0.0193, 
0.0194, 0.0199, 0.0206, 0.0196, 0.0209, 0.0219, 0.021, 0.0216, 
28.6, 37.1, 40.4, 41.3, 43.3, 47, 48.2, 51, 52.2, 55.6, 56.4, 
1, 1, 1, 1, 1, 1, 1, 1, 1, 1, 1, 1, 1, 1, 1, 1, 1, 1, 1, 1, 1, 
1, 1, 1, 1, 1, 1, 1, 1, 1, 1, 1, 1, 1, 1, 1, 1, 1, 1, 1, 1, 1, 
1, 1, 2.62, 2.793, 2.826, 2.776, 2.779, 2.856, 2.675, 2.763, 
2.796, 2.694, 2.743), .Dim = c(11L, 40L), .Dimnames = list(NULL, 
    c("Sampling", "PSO.cost", "PSO.gamma", "PSO.data.balancing", 
    "PSO.feature.selection", "PSO.valid.acc", "PSO.test.acc", 
    "PSO.train.time", "PSO.n.support.vectors", "PSO.index", "PSO.n.solutions", 
    "PSO.generations", "PSO.n.evaluations", "PSO.cpu.time", "RS.cost", 
    "RS.gamma", "RS.data.balancing", "RS.feature.selection", 
    "RS.valid.acc", "RS.test.acc", "RS.train.time", "RS.n.support.vectors", 
    "RS.index", "RS.n.solutions", "RS.generations", "RS.n.evaluations", 
    "RS.cpu.time", "DF.cost", "DF.gamma", "DF.data.balancing", 
    "DF.feature.selection", "DF.valid.acc", "DF.test.acc", "DF.train.time", 
    "DF.n.support.vectors", "DF.index", "DF.n.solutions", "DF.generations", 
    "DF.n.evaluations", "DF.cpu.time")))
