full <-
structure(c(50, 55, 60, 65, 70, 75, 80, 85, 90, 95, 100, 7.46184, 
7.80401, 0.39365, 6.87638, 6.35613, 7.00898, 7.96241, 1.57248, 
1.15157, 4.90615, 9.26099, -9.56521, -2.71927, -3.15929, -2.36668, 
-11.2597, -12.02384, -2.88365, -6.09409, -2.24074, -9.46557, 
-2.08465, 0, 0, 0, 0, 0, 0, 0, 0, 0, 0, 0, 0, 0, 0, 0, 0, 0, 
0, 0, 0, 0, 0, 0.88393, 0.87083, 0.85384, 0.86343, 0.85394, 0.85635, 
0.86474, 0.87344, 0.90143, 0.88, 0.9048, 0.87143, 0.8375, 0.81141, 
0.83323, 0.83652, 0.83059, 0.87308, 0.85916, 0.89381, 0.82667, 
0.8785, 0.0181, 0.0194, 0.0197, 0.0227, 0.0195, 0.0199, 0.0223, 
0.0223, 0.0253, 0.0222, 0.0253, 26, 47.4, 46.8, 60.7, 38.9, 42.5, 
62.7, 46, 80.9, 46.3, 88.5, 101, 121, 467, 418, 1289, 43, 102, 
1200, 84, 201, 172, 335, 1123, 320, 96, 23, 273, 700, 23, 745, 
96, 1179, 100, 100, 100, 100, 100, 100, 100, 100, 100, 100, 100, 
2500, 2500, 2500, 2500, 2500, 2500, 2500, 2500, 2500, 2500, 2500, 
6951.936, 6834.993, 6849.867, 7679.023, 7442.177, 7419.728, 7472.326, 
7649.61899999999, 8025.10799999999, 7930.95599999998, 8000.45199999999, 
0.51549, 10.45796, 0.14153, 7.0299, 7.25043, 8.84554, 8.90208, 
2.5812, 1.25496, 10.04281, 4.07824, -2.62121, -2.70037, -3.1515, 
-2.38504, -12.18543, -13.72514, -3.17883, -7.17409, -2.1589, 
-14.60195, -2.12583, 0, 0, 0, 0, 0, 0, 0, 0, 0, 0, 0, 0, 0, 0, 
0, 0, 0, 0, 0, 0, 0, 0, 0.8875, 0.87083, 0.85384, 0.86343, 0.85394, 
0.85635, 0.86474, 0.87344, 0.90143, 0.88, 0.9048, 0.875, 0.8375, 
0.8003, 0.83323, 0.83652, 0.83893, 0.88141, 0.8663, 0.89381, 
0.82667, 0.87184, 0.0173, 0.0183, 0.0198, 0.0213, 0.0196, 0.0205, 
0.0223, 0.021, 0.0245, 0.0236, 0.0262, 45.4, 47.5, 46.9, 60.5, 
39, 41.9, 59.4, 44.3, 83.1, 46.1, 87.7, 1836, 92, 829, 431, 1124, 
30, 50, 565, 1398, 243, 444, 2, 21, 4, 6, 6, 41, 21, 4, 1, 9, 
5, 100, 100, 100, 100, 100, 100, 100, 100, 100, 100, 100, 2500, 
2500, 2500, 2500, 2500, 2500, 2500, 2500, 2500, 2500, 2500, 7020.343, 
6774.535, 6647.018, 7693.21, 7454.376, 7461.65400000001, 7484.61599999999, 
7591.38, 7957.79499999998, 7973.38199999998, 7818.98799999998, 
1, 1, 1, 1, 1, 1, 1, 1, 1, 1, 1, 0.05263, 0.05263, 0.05263, 0.05263, 
0.05263, 0.05263, 0.05263, 0.05263, 0.05263, 0.05263, 0.05263, 
0, 0, 0, 0, 0, 0, 0, 0, 0, 0, 0, 0, 0, 0, 0, 0, 0, 0, 0, 0, 0, 
0, 0.83571, 0.82639, 0.82051, 0.83525, 0.82667, 0.83969, 0.81667, 
0.85916, 0.8381, 0.86667, 0.86402, 0.83393, 0.81389, 0.80939, 
0.83525, 0.82742, 0.83059, 0.825, 0.85147, 0.85238, 0.86, 0.88439, 
0.0187, 0.0166, 0.019, 0.0208, 0.0201, 0.0206, 0.0222, 0.0225, 
0.0217, 0.0238, 0.0219, 35.7, 37.2, 41, 44.5, 44.1, 47.9, 49.9, 
50.2, 54.3, 54, 57.3, 1, 1, 1, 1, 1, 1, 1, 1, 1, 1, 1, 1, 1, 
1, 1, 1, 1, 1, 1, 1, 1, 1, 1, 1, 1, 1, 1, 1, 1, 1, 1, 1, 1, 1, 
1, 1, 1, 1, 1, 1, 1, 1, 1, 1, 2.813, 2.602, 2.747, 3.062, 2.93, 
2.957, 3.046, 3.258, 3.074, 3.173, 3.103), .Dim = c(11L, 40L), .Dimnames = list(
    NULL, c("Sampling", "PSO.cost", "PSO.gamma", "PSO.data.balancing", 
    "PSO.feature.selection", "PSO.valid.acc", "PSO.test.acc", 
    "PSO.train.time", "PSO.n.support.vectors", "PSO.index", "PSO.n.solutions", 
    "PSO.generations", "PSO.n.evaluations", "PSO.cpu.time", "RS.cost", 
    "RS.gamma", "RS.data.balancing", "RS.feature.selection", 
    "RS.valid.acc", "RS.test.acc", "RS.train.time", "RS.n.support.vectors", 
    "RS.index", "RS.n.solutions", "RS.generations", "RS.n.evaluations", 
    "RS.cpu.time", "DF.cost", "DF.gamma", "DF.data.balancing", 
    "DF.feature.selection", "DF.valid.acc", "DF.test.acc", "DF.train.time", 
    "DF.n.support.vectors", "DF.index", "DF.n.solutions", "DF.generations", 
    "DF.n.evaluations", "DF.cpu.time")))
