full <-
structure(c(50, 55, 60, 65, 70, 75, 80, 85, 90, 95, 100, 1.57288, 
2.61326, 2.61014, 0.3366, 6.67797, 1.62401, 1.97562, 14.37858, 
0.70276, -0.07068, 2.36662, -4.19366, -4.30123, -5.08158, -4.41253, 
-8.17589, -5.02548, -1.80113, -2.15551, -2.42647, -3.45448, -2.72886, 
0, 0, 0, 0, 0, 0, 0, 0, 0, 0, 0, 0, 0, 0, 0, 0, 0, 0, 0, 0, 0, 
0, 0.9625, 0.91806, 0.93667, 0.92182, 0.91894, 0.92378, 0.89808, 
0.89377, 0.9019, 0.88, 0.8773, 0.95, 0.90556, 0.92667, 0.87182, 
0.89076, 0.88263, 0.86667, 0.88718, 0.86619, 0.86667, 0.87615, 
0.0179, 0.0193, 0.0176, 0.0197, 0.0208, 0.0216, 0.0249, 0.0249, 
0.0271, 0.0239, 0.0246, 27.1, 32.9, 31.4, 38.6, 27.6, 39.4, 80.5, 
77.1, 77.4, 61, 74.6, 249, 109, 259, 431, 198, 603, 194, 214, 
913, 137, 822, 456, 682, 379, 150, 268, 236, 730, 762, 119, 73, 
237, 100, 100, 100, 100, 100, 100, 100, 100, 100, 100, 100, 2500, 
2500, 2500, 2500, 2500, 2500, 2500, 2500, 2500, 2500, 2500, 6949.57, 
6793.164, 6953.388, 7407.499, 7518.104, 7616.571, 7664.78999999999, 
7610.394, 8024.97899999999, 7949.61499999999, 7960.24000000002, 
1.95799, 2.571, 2.92068, 3.54731, 5.58783, 1.76104, 12.89631, 
0.02552, 0.42725, 7.21828, 2.12849, -4.72356, -4.25681, -5.41944, 
-7.6296, -8.51317, -4.97922, -1.84546, -4.23994, -2.32112, -10.78135, 
-2.4269, 0, 0, 0, 0, 0, 0, 0, 0, 0, 0, 0, 0, 0, 0, 0, 0, 0, 0, 
0, 0, 0, 0, 0.9625, 0.91806, 0.93667, 0.91182, 0.91894, 0.91544, 
0.89808, 0.88782, 0.89524, 0.87333, 0.87147, 0.95, 0.91806, 0.92667, 
0.87182, 0.88242, 0.88263, 0.86667, 0.88068, 0.87333, 0.85333, 
0.87615, 0.0181, 0.0166, 0.0186, 0.019, 0.0211, 0.0204, 0.0236, 
0.022, 0.0273, 0.0221, 0.0266, 25.8, 33.1, 30, 32, 30.6, 38.7, 
79.7, 51.3, 79.3, 43.8, 80.8, 1866, 52, 97, 441, 163, 144, 1441, 
410, 795, 103, 385, 1, 16, 10, 17, 21, 9, 3, 3, 1, 29, 1, 100, 
100, 100, 100, 100, 100, 100, 100, 100, 100, 100, 2500, 2500, 
2500, 2500, 2500, 2500, 2500, 2500, 2500, 2500, 2500, 7095.379, 
6850.361, 7295.103, 7439.236, 7382.16300000001, 7620.39599999999, 
7639.299, 7627.379, 7963.52799999999, 7975.10800000001, 7775.533, 
1, 1, 1, 1, 1, 1, 1, 1, 1, 1, 1, 0.05263, 0.05263, 0.05263, 0.05263, 
0.05263, 0.05263, 0.05263, 0.05263, 0.05263, 0.05263, 0.05263, 
0, 0, 0, 0, 0, 0, 0, 0, 0, 0, 0, 0, 0, 0, 0, 0, 0, 0, 0, 0, 0, 
0, 0.9375, 0.90417, 0.90667, 0.90182, 0.88167, 0.8993, 0.86667, 
0.88068, 0.84524, 0.84667, 0.85782, 0.9375, 0.89306, 0.88556, 
0.88182, 0.90985, 0.86445, 0.85897, 0.88068, 0.85952, 0.85333, 
0.84485, 0.0207, 0.0187, 0.0194, 0.0194, 0.022, 0.0213, 0.0213, 
0.0226, 0.023, 0.0233, 0.0231, 30.9, 37, 37.7, 39.5, 41.9, 43, 
48.7, 51.1, 54.6, 56.4, 56.7, 1, 1, 1, 1, 1, 1, 1, 1, 1, 1, 1, 
1, 1, 1, 1, 1, 1, 1, 1, 1, 1, 1, 1, 1, 1, 1, 1, 1, 1, 1, 1, 1, 
1, 1, 1, 1, 1, 1, 1, 1, 1, 1, 1, 1, 2.838, 2.814, 3.033, 2.878, 
3.205, 3.006, 3.089, 3.109, 3.183, 3.217, 2.955), .Dim = c(11L, 
40L), .Dimnames = list(NULL, c("Sampling", "PSO.cost", "PSO.gamma", 
"PSO.data.balancing", "PSO.feature.selection", "PSO.valid.acc", 
"PSO.test.acc", "PSO.train.time", "PSO.n.support.vectors", "PSO.index", 
"PSO.n.solutions", "PSO.generations", "PSO.n.evaluations", "PSO.cpu.time", 
"RS.cost", "RS.gamma", "RS.data.balancing", "RS.feature.selection", 
"RS.valid.acc", "RS.test.acc", "RS.train.time", "RS.n.support.vectors", 
"RS.index", "RS.n.solutions", "RS.generations", "RS.n.evaluations", 
"RS.cpu.time", "DF.cost", "DF.gamma", "DF.data.balancing", "DF.feature.selection", 
"DF.valid.acc", "DF.test.acc", "DF.train.time", "DF.n.support.vectors", 
"DF.index", "DF.n.solutions", "DF.generations", "DF.n.evaluations", 
"DF.cpu.time")))
