full <-
structure(c(50, 55, 60, 65, 70, 75, 80, 85, 90, 95, 100, 3.60221, 
3.43383, 4.04558, 5.04712, 11.31856, 4.65636, 12.08594, 0.83553, 
8.6015, 2.30741, 8.42698, -6.95399, -6.79171, -7.65849, -7.78957, 
-15, -7.11105, -15, -2.4654, -1.92865, -2.31476, -1.78986, 0, 
0, 0, 0, 0, 0, 0, 0, 0, 0, 0, 0, 0, 0, 0, 0, 0, 0, 0, 0, 0, 0, 
0.91071, 0.89556, 0.90333, 0.89253, 0.87955, 0.88083, 0.88269, 
0.9033, 0.89381, 0.88792, 0.8849, 0.88571, 0.90667, 0.88222, 
0.86141, 0.85697, 0.88234, 0.89038, 0.87363, 0.87952, 0.86077, 
0.8649, 0.0182, 0.0179, 0.0201, 0.0198, 0.0194, 0.0197, 0.0203, 
0.0256, 0.0258, 0.0255, 0.0293, 26.8, 28.7, 32.8, 29.9, 33, 32.4, 
33.4, 65.8, 82.6, 81.6, 96.5, 602, 132, 98, 326, 53, 63, 561, 
1910, 206, 1184, 492, 144, 222, 278, 93, 993, 620, 77, 24, 838, 
23, 684, 100, 100, 100, 100, 100, 100, 100, 100, 100, 100, 100, 
2500, 2500, 2500, 2500, 2500, 2500, 2500, 2500, 2500, 2500, 2500, 
8601.155, 8529.089, 8705.066, 8609.997, 8606.289, 8592.64899999999, 
8631.405, 8869.53, 8951.39599999998, 8989.69899999999, 8756.215, 
3.68745, 8.99618, 4.4039, 9.61006, 7.22199, 1.62979, 7.33804, 
0.88017, 3.14454, 8.36045, 1.34673, -7.14615, -12.78769, -8.13513, 
-12.37005, -10.53759, -2.93445, -11.6607, -2.53603, -1.8914, 
-2.36402, -1.84184, 0, 0, 0, 0, 0, 0, 0, 0, 0, 0, 0, 0, 0, 0, 
0, 0, 0, 0, 0, 0, 0, 0, 0.91071, 0.89556, 0.90333, 0.89141, 0.87955, 
0.88159, 0.88205, 0.9033, 0.89381, 0.88167, 0.8849, 0.87321, 
0.88306, 0.88222, 0.86141, 0.84697, 0.86696, 0.88205, 0.87363, 
0.87952, 0.86077, 0.85235, 0.0195, 0.0183, 0.0194, 0.0204, 0.0211, 
0.0204, 0.0206, 0.0256, 0.0269, 0.0264, 0.0286, 27.1, 29.2, 32.9, 
29.3, 32.3, 51.7, 37.3, 64.1, 83.1, 81, 95.9, 773, 51, 1221, 
1562, 59, 139, 6, 1171, 63, 8, 1310, 3, 8, 3, 1, 17, 2, 11, 1, 
16, 11, 3, 100, 100, 100, 100, 100, 100, 100, 100, 100, 100, 
100, 2500, 2500, 2500, 2500, 2500, 2500, 2500, 2500, 2500, 2500, 
2500, 8673.918, 8672.837, 8592.792, 8652.182, 8617.31000000001, 
8662.02299999999, 8713.511, 8889.19100000001, 8825.79399999999, 
8627.23000000001, 8832.628, 1, 1, 1, 1, 1, 1, 1, 1, 1, 1, 1, 
0.05263, 0.05263, 0.05263, 0.05263, 0.05263, 0.05263, 0.05263, 
0.05263, 0.05263, 0.05263, 0.05263, 0, 0, 0, 0, 0, 0, 0, 0, 0, 
0, 0, 0, 0, 0, 0, 0, 0, 0, 0, 0, 0, 0, 0.84821, 0.84833, 0.82889, 
0.84121, 0.84212, 0.82931, 0.85769, 0.85934, 0.85762, 0.84024, 
0.86449, 0.84643, 0.84833, 0.83, 0.86232, 0.84045, 0.83007, 0.83397, 
0.85165, 0.86476, 0.84024, 0.87074, 0.0199, 0.0184, 0.0208, 0.0197, 
0.0201, 0.0197, 0.0219, 0.0239, 0.0219, 0.0226, 0.0237, 33.6, 
37.5, 40.6, 41.7, 41.9, 43.6, 44.8, 46.9, 52.6, 55.7, 57, 1, 
1, 1, 1, 1, 1, 1, 1, 1, 1, 1, 1, 1, 1, 1, 1, 1, 1, 1, 1, 1, 1, 
1, 1, 1, 1, 1, 1, 1, 1, 1, 1, 1, 1, 1, 1, 1, 1, 1, 1, 1, 1, 1, 
1, 3.623, 3.374, 3.675, 3.42, 3.457, 3.372, 3.608, 3.739, 3.44, 
3.417, 3.466), .Dim = c(11L, 40L), .Dimnames = list(NULL, c("Sampling", 
"PSO.cost", "PSO.gamma", "PSO.data.balancing", "PSO.feature.selection", 
"PSO.valid.acc", "PSO.test.acc", "PSO.train.time", "PSO.n.support.vectors", 
"PSO.index", "PSO.n.solutions", "PSO.generations", "PSO.n.evaluations", 
"PSO.cpu.time", "RS.cost", "RS.gamma", "RS.data.balancing", "RS.feature.selection", 
"RS.valid.acc", "RS.test.acc", "RS.train.time", "RS.n.support.vectors", 
"RS.index", "RS.n.solutions", "RS.generations", "RS.n.evaluations", 
"RS.cpu.time", "DF.cost", "DF.gamma", "DF.data.balancing", "DF.feature.selection", 
"DF.valid.acc", "DF.test.acc", "DF.train.time", "DF.n.support.vectors", 
"DF.index", "DF.n.solutions", "DF.generations", "DF.n.evaluations", 
"DF.cpu.time")))
