full <-
structure(c(50, 55, 60, 65, 70, 75, 80, 85, 90, 95, 100, 14.61995, 
0.85395, 4.61841, 1.03964, 0.99214, 5.60388, 1.79978, 9.45487, 
1.61212, 3.73126, 11.84137, -15, -5.73363, -9.96962, -5.65418, 
-5.70968, -2.34975, -2.62988, -2.28966, -6.01681, -4.18659, -1.91603, 
0, 0, 0, 0, 0, 0, 0, 0, 0, 0, 0, 0, 0, 0, 0, 0, 0, 0, 0, 0, 0, 
0, 0.85992, 0.875, 0.86333, 0.86162, 0.85455, 0.87249, 0.875, 
0.88828, 0.88143, 0.9, 0.89152, 0.83135, 0.875, 0.86333, 0.85162, 
0.84545, 0.85647, 0.85769, 0.88168, 0.8681, 0.83333, 0.8786, 
0.0163, 0.0169, 0.0176, 0.0175, 0.0189, 0.021, 0.0212, 0.0223, 
0.0197, 0.0222, 0.0255, 22.5, 30.9, 31.1, 36, 39.5, 67.1, 65.4, 
72, 46.6, 50.9, 93.4, 798, 2, 222, 83, 5, 75, 157, 628, 518, 
65, 10, 80, 131, 67, 123, 443, 488, 395, 672, 85, 205, 1049, 
100, 100, 100, 100, 100, 100, 100, 100, 100, 100, 100, 2500, 
2500, 2500, 2500, 2500, 2500, 2500, 2500, 2500, 2500, 2500, 6728.133, 
6804.5, 6800.354, 6809.927, 6899.705, 6986.24099999999, 6950.13100000001, 
6962.842, 6971.856, 7034.65000000001, 7109.90199999997, -0.24876, 
6.94167, 6.7124, 2.3149, 1.27202, 1.57826, 1.82395, 7.32825, 
1.29798, 2.44842, 0.86367, -4.48201, -12.26835, -12.08794, -7.11771, 
-6.17753, -2.44731, -2.68684, -2.29333, -5.66762, -2.96445, -1.97505, 
0, 0, 0, 0, 0, 0, 0, 0, 0, 0, 0, 0, 0, 0, 0, 0, 0, 0, 0, 0, 0, 
0, 0.86171, 0.875, 0.86333, 0.86162, 0.85455, 0.87249, 0.875, 
0.88828, 0.88143, 0.9, 0.89152, 0.85992, 0.85139, 0.86333, 0.84253, 
0.84545, 0.86416, 0.85769, 0.88168, 0.8681, 0.87333, 0.88527, 
0.0176, 0.0168, 0.0212, 0.0177, 0.0207, 0.0222, 0.0225, 0.0215, 
0.0197, 0.0233, 0.0248, 32.7, 29, 30.8, 33.7, 38.9, 65.9, 64.4, 
71.8, 47.3, 68, 92, 2453, 16, 938, 607, 69, 241, 628, 359, 322, 
563, 473, 1, 7, 2, 3, 5, 16, 3, 3, 3, 6, 7, 100, 100, 100, 100, 
100, 100, 100, 100, 100, 100, 100, 2500, 2500, 2500, 2500, 2500, 
2500, 2500, 2500, 2500, 2500, 2500, 6823.786, 6804.967, 6821.722, 
6893.84, 6958.90700000001, 6944.82299999999, 6948.62199999999, 
6975.425, 7004.63400000001, 7049.43800000002, 7158.06200000001, 
1, 1, 1, 1, 1, 1, 1, 1, 1, 1, 1, 0.05263, 0.05263, 0.05263, 0.05263, 
0.05263, 0.05263, 0.05263, 0.05263, 0.05263, 0.05263, 0.05263, 
0, 0, 0, 0, 0, 0, 0, 0, 0, 0, 0, 0, 0, 0, 0, 0, 0, 0, 0, 0, 0, 
0, 0.84742, 0.85139, 0.83, 0.84162, 0.83636, 0.85571, 0.86603, 
0.82949, 0.85278, 0.87333, 0.85819, 0.85992, 0.84028, 0.84222, 
0.85162, 0.84545, 0.85571, 0.85769, 0.83773, 0.86762, 0.88, 0.86527, 
0.0174, 0.0175, 0.0184, 0.0192, 0.0193, 0.0188, 0.0201, 0.0203, 
0.0208, 0.0213, 0.0216, 34.1, 34, 37.1, 40.2, 43.9, 44.3, 48.1, 
49, 52, 54.2, 55.5, 1, 1, 1, 1, 1, 1, 1, 1, 1, 1, 1, 1, 1, 1, 
1, 1, 1, 1, 1, 1, 1, 1, 1, 1, 1, 1, 1, 1, 1, 1, 1, 1, 1, 1, 1, 
1, 1, 1, 1, 1, 1, 1, 1, 1, 2.703, 2.722, 2.714, 2.767, 2.778, 
2.788, 2.778, 2.773, 2.788, 2.807, 2.829), .Dim = c(11L, 40L), .Dimnames = list(
    NULL, c("Sampling", "PSO.cost", "PSO.gamma", "PSO.data.balancing", 
    "PSO.feature.selection", "PSO.valid.acc", "PSO.test.acc", 
    "PSO.train.time", "PSO.n.support.vectors", "PSO.index", "PSO.n.solutions", 
    "PSO.generations", "PSO.n.evaluations", "PSO.cpu.time", "RS.cost", 
    "RS.gamma", "RS.data.balancing", "RS.feature.selection", 
    "RS.valid.acc", "RS.test.acc", "RS.train.time", "RS.n.support.vectors", 
    "RS.index", "RS.n.solutions", "RS.generations", "RS.n.evaluations", 
    "RS.cpu.time", "DF.cost", "DF.gamma", "DF.data.balancing", 
    "DF.feature.selection", "DF.valid.acc", "DF.test.acc", "DF.train.time", 
    "DF.n.support.vectors", "DF.index", "DF.n.solutions", "DF.generations", 
    "DF.n.evaluations", "DF.cpu.time")))
