full <-
structure(c(50, 55, 60, 65, 70, 75, 80, 85, 90, 95, 100, 2.4565, 
4.13923, 0.61857, 6.25351, 0.52522, -0.36222, 3.99383, 1.55752, 
-0.0853, 3.68693, 11.49277, -2.42969, -7.29824, -3.42957, -6.70863, 
-2.8872, -3.52994, -7.6064, -2.38062, -4.05408, -7.7503, -2.07483, 
0, 0, 0, 0, 0, 0, 0, 0, 0, 0, 0, 0, 0, 0, 0, 0, 0, 0, 0, 0, 0, 
0, 0.8996, 0.89722, 0.88333, 0.90273, 0.92773, 0.89272, 0.89744, 
0.90201, 0.89421, 0.87369, 0.88333, 0.87282, 0.87361, 0.83889, 
0.89364, 0.90939, 0.87465, 0.86538, 0.88663, 0.86612, 0.85369, 
0.87708, 0.0187, 0.0192, 0.0193, 0.0185, 0.0201, 0.021, 0.0205, 
0.0225, 0.0207, 0.0213, 0.0254, 43.9, 30.7, 43.1, 28.5, 53.6, 
49, 39.3, 71.2, 51.2, 45.5, 88, 30, 179, 187, 281, 631, 2371, 
80, 278, 870, 39, 254, 1095, 106, 399, 340, 107, 6, 386, 309, 
214, 334, 1028, 100, 100, 100, 100, 100, 100, 100, 100, 100, 
100, 100, 2500, 2500, 2500, 2500, 2500, 2500, 2500, 2500, 2500, 
2500, 2500, 7546.487, 7518.636, 7382.051, 7491.144, 7413.08099999999, 
7566.969, 7667.537, 7736.363, 6691.83500000001, 6521.91699999999, 
6896.565, 7.65262, 4.36728, 0.90523, 4.3797, 0.54787, -0.22186, 
2.09598, 2.28188, -0.41975, 5.68687, 6.20651, -2.48754, -7.52118, 
-3.82625, -5.70469, -2.96941, -3.06926, -5.47071, -2.65811, -3.54664, 
-9.61115, -2.07371, 0, 0, 0, 0, 0, 0, 0, 0, 0, 0, 0, 0, 0, 0, 
0, 0, 0, 0, 0, 0, 0, 0, 0.8996, 0.89722, 0.88333, 0.90273, 0.91939, 
0.89196, 0.89744, 0.90147, 0.88755, 0.87369, 0.88333, 0.85853, 
0.87361, 0.86111, 0.89455, 0.90106, 0.86696, 0.86603, 0.89377, 
0.8804, 0.85369, 0.87708, 0.0191, 0.0194, 0.0194, 0.0195, 0.0202, 
0.0201, 0.0213, 0.0232, 0.0204, 0.0197, 0.024, 43.1, 30.4, 39.9, 
31.8, 52.8, 51.6, 41.8, 65, 56, 44.8, 88, 51, 169, 87, 384, 4, 
376, 109, 35, 2128, 24, 229, 48, 1, 5, 5, 2, 9, 9, 14, 1, 49, 
9, 100, 100, 100, 100, 100, 100, 100, 100, 100, 100, 100, 2500, 
2500, 2500, 2500, 2500, 2500, 2500, 2500, 2500, 2500, 2500, 7438.009, 
7473.354, 7486.581, 7434.627, 7400.772, 7331.46399999999, 7832.439, 
6813.96399999999, 6548.13799999999, 6607.41899999999, 6678.54399999999, 
1, 1, 1, 1, 1, 1, 1, 1, 1, 1, 1, 0.05263, 0.05263, 0.05263, 0.05263, 
0.05263, 0.05263, 0.05263, 0.05263, 0.05263, 0.05263, 0.05263, 
0, 0, 0, 0, 0, 0, 0, 0, 0, 0, 0, 0, 0, 0, 0, 0, 0, 0, 0, 0, 0, 
0, 0.85853, 0.85, 0.85, 0.86364, 0.9003, 0.88298, 0.87372, 0.85586, 
0.88707, 0.85321, 0.86375, 0.84603, 0.86111, 0.83, 0.86364, 0.9003, 
0.87465, 0.88141, 0.87839, 0.86612, 0.85369, 0.85042, 0.0178, 
0.0183, 0.0209, 0.0198, 0.0199, 0.0206, 0.0221, 0.0202, 0.0218, 
0.0216, 0.0221, 33, 38.5, 39.4, 40.5, 42.5, 44.9, 48.8, 48.7, 
50.5, 55.1, 56.5, 1, 1, 1, 1, 1, 1, 1, 1, 1, 1, 1, 1, 1, 1, 1, 
1, 1, 1, 1, 1, 1, 1, 1, 1, 1, 1, 1, 1, 1, 1, 1, 1, 1, 1, 1, 1, 
1, 1, 1, 1, 1, 1, 1, 1, 2.938, 2.989, 3.112, 2.993, 3.083, 3.044, 
3.129, 2.639, 2.785, 2.704, 2.782), .Dim = c(11L, 40L), .Dimnames = list(
    NULL, c("Sampling", "PSO.cost", "PSO.gamma", "PSO.data.balancing", 
    "PSO.feature.selection", "PSO.valid.acc", "PSO.test.acc", 
    "PSO.train.time", "PSO.n.support.vectors", "PSO.index", "PSO.n.solutions", 
    "PSO.generations", "PSO.n.evaluations", "PSO.cpu.time", "RS.cost", 
    "RS.gamma", "RS.data.balancing", "RS.feature.selection", 
    "RS.valid.acc", "RS.test.acc", "RS.train.time", "RS.n.support.vectors", 
    "RS.index", "RS.n.solutions", "RS.generations", "RS.n.evaluations", 
    "RS.cpu.time", "DF.cost", "DF.gamma", "DF.data.balancing", 
    "DF.feature.selection", "DF.valid.acc", "DF.test.acc", "DF.train.time", 
    "DF.n.support.vectors", "DF.index", "DF.n.solutions", "DF.generations", 
    "DF.n.evaluations", "DF.cpu.time")))
