full <-
structure(c(50, 55, 60, 65, 70, 75, 80, 85, 90, 95, 100, 4.5717, 
1.0137, 2.2334, 3.58781, -0.08755, 3.76671, 0.81924, 12.46524, 
11.67681, 1.17422, 7.18219, -3.44689, -3.66903, -4.47197, -6.0268, 
-4.61462, -1.94139, -2.22062, -2.01654, -1.8179, -5.56314, -2.08087, 
0, 0, 0, 0, 0, 0, 0, 0, 0, 0, 0, 0, 0, 0, 0, 0, 0, 0, 0, 0, 0, 
0, 0.90357, 0.90833, 0.91333, 0.90071, 0.86242, 0.88258, 0.88077, 
0.9022, 0.86619, 0.87405, 0.90287, 0.86429, 0.91944, 0.88, 0.85051, 
0.84409, 0.87424, 0.83269, 0.87967, 0.85905, 0.84107, 0.87042, 
0.0213, 0.0192, 0.0197, 0.0195, 0.02, 0.0233, 0.0227, 0.0246, 
0.0249, 0.0219, 0.025, 39.5, 38.7, 35.7, 33.2, 43.2, 74.7, 74, 
82.6, 90.6, 51.2, 89.8, 33, 100, 514, 952, 477, 203, 474, 52, 
701, 2481, 10, 1344, 478, 175, 29, 204, 472, 485, 1016, 168, 
1, 1179, 100, 100, 100, 100, 100, 100, 100, 100, 100, 100, 100, 
2500, 2500, 2500, 2500, 2500, 2500, 2500, 2500, 2500, 2500, 2500, 
8739.472, 8568.789, 8585.902, 8462.662, 8443.359, 8458.82000000001, 
8439.02899999999, 8433.171, 8294.42600000001, 8224.215, 8239.33199999999, 
8.87907, 0.84696, 2.63579, 4.86626, -0.24664, 9.38372, 0.68245, 
8.93921, 0.57486, 1.88253, 7.88282, -3.22425, -3.33734, -4.72793, 
-8.65552, -4.32925, -2.11768, -2.3501, -2.04939, -3.03262, -6.44319, 
-2.05393, 0, 0, 0, 0, 0, 0, 0, 0, 0, 0, 0, 0, 0, 0, 0, 0, 0, 
0, 0, 0, 0, 0, 0.90357, 0.90833, 0.91333, 0.89273, 0.86242, 0.88258, 
0.87308, 0.9022, 0.86571, 0.8678, 0.90287, 0.87857, 0.91944, 
0.88, 0.87162, 0.84409, 0.87424, 0.84872, 0.87967, 0.84524, 0.84155, 
0.87667, 0.0184, 0.0199, 0.0189, 0.0193, 0.02, 0.022, 0.0227, 
0.0229, 0.0224, 0.0211, 0.0261, 40.7, 40.3, 33.6, 32.2, 44.7, 
72, 72.4, 81.7, 66.5, 49.5, 90.7, 13, 97, 1420, 1, 1976, 1, 1932, 
266, 1500, 395, 249, 95, 14, 1, 11, 1, 16, 1, 8, 1, 2, 9, 100, 
100, 100, 100, 100, 100, 100, 100, 100, 100, 100, 2500, 2500, 
2500, 2500, 2500, 2500, 2500, 2500, 2500, 2500, 2500, 8576.696, 
8609.937, 8587.643, 8455.812, 8435.383, 8375.72600000001, 8367.19100000001, 
8364.878, 8273.43100000001, 8324.98200000002, 8094.74600000001, 
1, 1, 1, 1, 1, 1, 1, 1, 1, 1, 1, 0.05263, 0.05263, 0.05263, 0.05263, 
0.05263, 0.05263, 0.05263, 0.05263, 0.05263, 0.05263, 0.05263, 
0, 0, 0, 0, 0, 0, 0, 0, 0, 0, 0, 0, 0, 0, 0, 0, 0, 0, 0, 0, 0, 
0, 0.87679, 0.89722, 0.88202, 0.88162, 0.85242, 0.87273, 0.84038, 
0.85055, 0.83238, 0.8544, 0.85277, 0.85179, 0.89722, 0.88202, 
0.87253, 0.86318, 0.83864, 0.825, 0.85769, 0.83905, 0.84107, 
0.85745, 0.0196, 0.0182, 0.0187, 0.0194, 0.0206, 0.02, 0.0203, 
0.0212, 0.0218, 0.0219, 0.0225, 32.9, 36.3, 39.7, 41.3, 44.6, 
46.9, 51.3, 53.1, 56, 55.2, 56.3, 1, 1, 1, 1, 1, 1, 1, 1, 1, 
1, 1, 1, 1, 1, 1, 1, 1, 1, 1, 1, 1, 1, 1, 1, 1, 1, 1, 1, 1, 1, 
1, 1, 1, 1, 1, 1, 1, 1, 1, 1, 1, 1, 1, 1, 3.435, 3.431, 3.423, 
3.382, 3.388, 3.365, 3.223, 3.317, 3.353, 3.298, 3.16), .Dim = c(11L, 
40L), .Dimnames = list(NULL, c("Sampling", "PSO.cost", "PSO.gamma", 
"PSO.data.balancing", "PSO.feature.selection", "PSO.valid.acc", 
"PSO.test.acc", "PSO.train.time", "PSO.n.support.vectors", "PSO.index", 
"PSO.n.solutions", "PSO.generations", "PSO.n.evaluations", "PSO.cpu.time", 
"RS.cost", "RS.gamma", "RS.data.balancing", "RS.feature.selection", 
"RS.valid.acc", "RS.test.acc", "RS.train.time", "RS.n.support.vectors", 
"RS.index", "RS.n.solutions", "RS.generations", "RS.n.evaluations", 
"RS.cpu.time", "DF.cost", "DF.gamma", "DF.data.balancing", "DF.feature.selection", 
"DF.valid.acc", "DF.test.acc", "DF.train.time", "DF.n.support.vectors", 
"DF.index", "DF.n.solutions", "DF.generations", "DF.n.evaluations", 
"DF.cpu.time")))
