full <-
structure(c(50, 55, 60, 65, 70, 75, 80, 85, 90, 95, 100, 4.54214, 
3.58027, 4.99445, 8.99466, 5.44576, 1.47976, 11.75798, 1.07425, 
1.13645, 0.02919, 0.63954, -6.39847, -6.72724, -7.57375, -2.03426, 
-8.20551, -2.19555, -15, -2.59686, -1.75397, -2.98034, -3.0095, 
0, 0, 0, 0, 0, 0, 0, 0, 0, 0, 0, 0, 0, 0, 0, 0, 0, 0, 0, 0, 0, 
0, 0.92282, 0.93194, 0.94667, 0.91343, 0.90136, 0.90758, 0.88141, 
0.89615, 0.90905, 0.89363, 0.89069, 0.9246, 0.90694, 0.91556, 
0.89343, 0.87227, 0.87348, 0.85769, 0.87363, 0.89476, 0.8603, 
0.87777, 0.0163, 0.0188, 0.0183, 0.0214, 0.0194, 0.0223, 0.0205, 
0.0231, 0.0239, 0.023, 0.0236, 20.9, 24.3, 25.7, 66, 33.8, 69.6, 
38.6, 69.4, 89.6, 68.1, 69.5, 381, 39, 6, 20, 72, 838, 74, 240, 
1116, 884, 1199, 361, 84, 294, 883, 186, 143, 145, 220, 64, 363, 
186, 100, 100, 100, 100, 100, 100, 100, 100, 100, 100, 100, 2500, 
2500, 2500, 2500, 2500, 2500, 2500, 2500, 2500, 2500, 2500, 6571.552, 
6778.266, 7201.106, 7525.711, 7359.413, 7568.276, 7512.954, 7631.25999999999, 
7794.606, 7579.89500000002, 7654.71100000001, 6.13612, 3.36525, 
6.66818, 2.57185, 1.1611, 0.62836, 8.39371, 1.09773, 7.62746, 
0.13887, 0.77456, -8.27069, -6.58277, -8.91547, -1.99541, -2.54927, 
-1.97343, -11.48801, -2.53112, -1.81093, -3.14229, -2.80141, 
0, 0, 0, 0, 0, 0, 0, 0, 0, 0, 0, 0, 0, 0, 0, 0, 0, 0, 0, 0, 0, 
0, 0.92282, 0.93194, 0.94667, 0.91343, 0.90879, 0.89924, 0.88141, 
0.89615, 0.90238, 0.89363, 0.8848, 0.91349, 0.90694, 0.90444, 
0.90343, 0.87242, 0.86591, 0.85769, 0.88132, 0.89476, 0.8603, 
0.87147, 0.0168, 0.0165, 0.0187, 0.0218, 0.0213, 0.0231, 0.0202, 
0.0235, 0.025, 0.023, 0.0238, 20, 24.7, 24.3, 66.2, 61.4, 73, 
38.7, 70.5, 88.3, 66.3, 73.4, 182, 786, 45, 5, 206, 648, 194, 
1531, 262, 213, 671, 11, 1, 10, 22, 5, 10, 9, 1, 7, 1, 2, 100, 
100, 100, 100, 100, 100, 100, 100, 100, 100, 100, 2500, 2500, 
2500, 2500, 2500, 2500, 2500, 2500, 2500, 2500, 2500, 6916.42, 
6936.541, 7479.766, 7520.817, 7497.97700000001, 7533.143, 7580.95999999999, 
7747.959, 7647.838, 7754.62, 7518.101, 1, 1, 1, 1, 1, 1, 1, 1, 
1, 1, 1, 0.05263, 0.05263, 0.05263, 0.05263, 0.05263, 0.05263, 
0.05263, 0.05263, 0.05263, 0.05263, 0.05263, 0, 0, 0, 0, 0, 0, 
0, 0, 0, 0, 0, 0, 0, 0, 0, 0, 0, 0, 0, 0, 0, 0, 0.85853, 0.825, 
0.84111, 0.84434, 0.87318, 0.82348, 0.82564, 0.88187, 0.85905, 
0.85315, 0.86444, 0.87282, 0.85972, 0.86222, 0.85434, 0.86242, 
0.82348, 0.83333, 0.86648, 0.85238, 0.83982, 0.8711, 0.0187, 
0.019, 0.0189, 0.0199, 0.0199, 0.0215, 0.0219, 0.0219, 0.0221, 
0.0233, 0.022, 29.5, 33.5, 37, 40.4, 44.7, 48.6, 49.9, 53.8, 
53, 54.7, 56.8, 1, 1, 1, 1, 1, 1, 1, 1, 1, 1, 1, 1, 1, 1, 1, 
1, 1, 1, 1, 1, 1, 1, 1, 1, 1, 1, 1, 1, 1, 1, 1, 1, 1, 1, 1, 1, 
1, 1, 1, 1, 1, 1, 1, 1, 2.894, 2.889, 2.987, 2.985, 3.039, 3.029, 
3.049, 3.074, 3.075, 3.136, 2.877), .Dim = c(11L, 40L), .Dimnames = list(
    NULL, c("Sampling", "PSO.cost", "PSO.gamma", "PSO.data.balancing", 
    "PSO.feature.selection", "PSO.valid.acc", "PSO.test.acc", 
    "PSO.train.time", "PSO.n.support.vectors", "PSO.index", "PSO.n.solutions", 
    "PSO.generations", "PSO.n.evaluations", "PSO.cpu.time", "RS.cost", 
    "RS.gamma", "RS.data.balancing", "RS.feature.selection", 
    "RS.valid.acc", "RS.test.acc", "RS.train.time", "RS.n.support.vectors", 
    "RS.index", "RS.n.solutions", "RS.generations", "RS.n.evaluations", 
    "RS.cpu.time", "DF.cost", "DF.gamma", "DF.data.balancing", 
    "DF.feature.selection", "DF.valid.acc", "DF.test.acc", "DF.train.time", 
    "DF.n.support.vectors", "DF.index", "DF.n.solutions", "DF.generations", 
    "DF.n.evaluations", "DF.cpu.time")))
