full <-
structure(c(50, 55, 60, 65, 70, 75, 80, 85, 90, 95, 100, -0.09768, 
4.6655, 7.91443, 9.97607, 7.26432, 3.91559, 0.61678, 8.37828, 
1.08715, 7.8669, 0.37688, -2.78566, -6.69242, -2.74323, -1.99271, 
-1.87957, -6.52543, -4.96372, -13.05443, -2.11987, -2.03402, 
-3.4519, 0, 0, 0, 0, 0, 0, 0, 0, 0, 0, 0, 0, 0, 0, 0, 0, 0, 0, 
0, 0, 0, 0, 0.86131, 0.90972, 0.90667, 0.89273, 0.88455, 0.89196, 
0.89038, 0.88022, 0.89524, 0.88571, 0.87767, 0.84881, 0.87361, 
0.90444, 0.85455, 0.88379, 0.87593, 0.88205, 0.86538, 0.88048, 
0.85946, 0.86434, 0.0182, 0.0178, 0.0182, 0.0192, 0.0209, 0.0186, 
0.0203, 0.0197, 0.0238, 0.0246, 0.0226, 39.4, 24.8, 44.8, 60.6, 
69.6, 34.7, 42.7, 42, 82.3, 89, 62.8, 2457, 279, 55, 111, 45, 
29, 1783, 111, 1658, 816, 81, 1, 305, 1196, 39, 1007, 464, 8, 
110, 51, 453, 323, 100, 100, 100, 100, 100, 100, 100, 100, 100, 
100, 100, 2500, 2500, 2500, 2500, 2500, 2500, 2500, 2500, 2500, 
2500, 2500, 6883.691, 7003.356, 6742.797, 6716.547, 6762.548, 
6715.302, 6694.94900000001, 6617.947, 6751.723, 6834.193, 6810.739, 
-0.05716, 5.06312, 3.69595, 10.85344, 5.25691, 4.35783, 0.06719, 
7.71432, 1.17581, 12.28284, 0.39576, -2.87022, -7.18978, -2.58033, 
-13.5247, -9.52195, -8.15682, -3.32949, -12.60369, -2.14815, 
-2.02602, -3.78617, 0, 0, 0, 0, 0, 0, 0, 0, 0, 0, 0, 0, 0, 0, 
0, 0, 0, 0, 0, 0, 0, 0, 0.87381, 0.90972, 0.90667, 0.89091, 0.89136, 
0.89196, 0.88974, 0.88022, 0.8881, 0.88571, 0.87179, 0.84881, 
0.87361, 0.90444, 0.86182, 0.87318, 0.8676, 0.89038, 0.87308, 
0.86667, 0.86613, 0.871, 0.0182, 0.0179, 0.0184, 0.0177, 0.0192, 
0.0191, 0.02, 0.0193, 0.0231, 0.0249, 0.022, 38.8, 24.4, 46.9, 
27.4, 35.3, 35.8, 52.6, 42.6, 81.6, 89.1, 58, 671, 1891, 70, 
180, 683, 16, 162, 81, 1345, 215, 347, 2, 1, 27, 29, 4, 23, 4, 
20, 4, 1, 3, 100, 100, 100, 100, 100, 100, 100, 100, 100, 100, 
100, 2500, 2500, 2500, 2500, 2500, 2500, 2500, 2500, 2500, 2500, 
2500, 6833.282, 6860.77, 6684.506, 6695.228, 7034.465, 6934.413, 
6622.12699999999, 6637.08200000001, 6803.429, 6811.87199999999, 
6677.76999999999, 1, 1, 1, 1, 1, 1, 1, 1, 1, 1, 1, 0.05263, 0.05263, 
0.05263, 0.05263, 0.05263, 0.05263, 0.05263, 0.05263, 0.05263, 
0.05263, 0.05263, 0, 0, 0, 0, 0, 0, 0, 0, 0, 0, 0, 0, 0, 0, 0, 
0, 0, 0, 0, 0, 0, 0, 0.84702, 0.86111, 0.86111, 0.83273, 0.86561, 
0.85991, 0.87436, 0.85824, 0.83048, 0.8528, 0.86591, 0.82202, 
0.86111, 0.84, 0.84364, 0.86561, 0.85082, 0.87372, 0.87308, 0.8519, 
0.86613, 0.85882, 0.0182, 0.0186, 0.0178, 0.0182, 0.0195, 0.0203, 
0.0196, 0.0203, 0.0213, 0.0219, 0.0225, 29.4, 33.5, 36.3, 38.8, 
42.3, 44.5, 46.1, 47.9, 52.9, 56.3, 56.1, 1, 1, 1, 1, 1, 1, 1, 
1, 1, 1, 1, 1, 1, 1, 1, 1, 1, 1, 1, 1, 1, 1, 1, 1, 1, 1, 1, 1, 
1, 1, 1, 1, 1, 1, 1, 1, 1, 1, 1, 1, 1, 1, 1, 1, 2.807, 2.711, 
2.619, 2.574, 2.772, 2.773, 2.631, 2.628, 2.701, 2.713, 2.858
), .Dim = c(11L, 40L), .Dimnames = list(NULL, c("Sampling", "PSO.cost", 
"PSO.gamma", "PSO.data.balancing", "PSO.feature.selection", "PSO.valid.acc", 
"PSO.test.acc", "PSO.train.time", "PSO.n.support.vectors", "PSO.index", 
"PSO.n.solutions", "PSO.generations", "PSO.n.evaluations", "PSO.cpu.time", 
"RS.cost", "RS.gamma", "RS.data.balancing", "RS.feature.selection", 
"RS.valid.acc", "RS.test.acc", "RS.train.time", "RS.n.support.vectors", 
"RS.index", "RS.n.solutions", "RS.generations", "RS.n.evaluations", 
"RS.cpu.time", "DF.cost", "DF.gamma", "DF.data.balancing", "DF.feature.selection", 
"DF.valid.acc", "DF.test.acc", "DF.train.time", "DF.n.support.vectors", 
"DF.index", "DF.n.solutions", "DF.generations", "DF.n.evaluations", 
"DF.cpu.time")))
