full <-
structure(c(50, 55, 60, 65, 70, 75, 80, 85, 90, 95, 100, 12.15944, 
4.23318, 1.86423, 9.58736, 4.7932, 4.59368, 3.58757, 3.69234, 
1.45123, 0.07072, 0.37868, -13.88358, -6.77307, -4.61326, -14.58154, 
-7.79175, -7.62302, -6.43367, -3.53674, -2.22569, -3.04123, -3.39194, 
0, 0, 0, 0, 0, 0, 0, 0, 0, 0, 0, 0, 0, 0, 0, 0, 0, 0, 0, 0, 0, 
0, 0.89782, 0.89583, 0.89528, 0.88273, 0.87167, 0.84901, 0.86703, 
0.87418, 0.88714, 0.89577, 0.89662, 0.88532, 0.88472, 0.85417, 
0.86273, 0.83364, 0.80507, 0.83489, 0.83022, 0.88, 0.88244, 0.8837, 
0.018, 0.0184, 0.0196, 0.018, 0.0195, 0.0205, 0.019, 0.0208, 
0.0253, 0.023, 0.023, 20.8, 26.1, 32.6, 32.9, 32.9, 35.4, 39.5, 
53.2, 81, 68, 63.3, 314, 28, 491, 2, 380, 42, 552, 254, 1677, 
296, 718, 135, 251, 62, 100, 78, 182, 133, 122, 44, 442, 241, 
100, 100, 100, 100, 100, 100, 100, 100, 100, 100, 100, 2500, 
2500, 2500, 2500, 2500, 2500, 2500, 2500, 2500, 2500, 2500, 7359.025, 
7329.17, 7333.559, 7009.2, 7574.422, 7402.482, 7294.67600000001, 
7303.14600000001, 7391.67, 7285.93299999999, 7285.63699999999, 
3.0515, 0.83923, 1.73322, 8.54105, 3.07662, 4.08551, 8.43568, 
13.16318, 4.47921, 0.17458, 0.33243, -5.32425, -2.58285, -4.43307, 
-13.44255, -6.01997, -7.08726, -9.82334, -2.52584, -1.84148, 
-3.33826, -3.41714, 0, 0, 0, 0, 0, 0, 0, 0, 0, 0, 0, 0, 0, 0, 
0, 0, 0, 0, 0, 0, 0, 0, 0.8996, 0.89583, 0.89528, 0.88273, 0.87167, 
0.84901, 0.86584, 0.87418, 0.88, 0.89536, 0.89662, 0.86032, 0.86111, 
0.85417, 0.86273, 0.83364, 0.82325, 0.82729, 0.8533, 0.85905, 
0.86774, 0.8837, 0.0183, 0.0189, 0.018, 0.0182, 0.0197, 0.0204, 
0.0199, 0.024, 0.025, 0.0231, 0.0229, 27.1, 47.8, 33, 32.6, 35.2, 
35.2, 34.5, 66.5, 88.9, 63.5, 63, 1039, 602, 1199, 138, 1415, 
335, 1193, 336, 151, 647, 1734, 1, 12, 3, 15, 2, 6, 2, 4, 9, 
1, 1, 100, 100, 100, 100, 100, 100, 100, 100, 100, 100, 100, 
2500, 2500, 2500, 2500, 2500, 2500, 2500, 2500, 2500, 2500, 2500, 
7351.694, 7335.386, 6926.655, 7272.509, 7420.75999999999, 7549.47099999999, 
7245.076, 7310.258, 7322.61200000001, 7340.77299999999, 7224.943, 
1, 1, 1, 1, 1, 1, 1, 1, 1, 1, 1, 0.05263, 0.05263, 0.05263, 0.05263, 
0.05263, 0.05263, 0.05263, 0.05263, 0.05263, 0.05263, 0.05263, 
0, 0, 0, 0, 0, 0, 0, 0, 0, 0, 0, 0, 0, 0, 0, 0, 0, 0, 0, 0, 0, 
0, 0.87421, 0.88472, 0.88667, 0.87273, 0.84439, 0.82174, 0.83489, 
0.84341, 0.84571, 0.86774, 0.87745, 0.87421, 0.88472, 0.88778, 
0.85273, 0.82697, 0.80583, 0.8337, 0.83571, 0.85905, 0.86685, 
0.89703, 0.0191, 0.0196, 0.0201, 0.0229, 0.0205, 0.0218, 0.0198, 
0.0203, 0.0241, 0.0218, 0.0211, 32.4, 33.5, 34.9, 39.8, 42.1, 
44.4, 47.6, 48.7, 52.2, 56.3, 56.9, 1, 1, 1, 1, 1, 1, 1, 1, 1, 
1, 1, 1, 1, 1, 1, 1, 1, 1, 1, 1, 1, 1, 1, 1, 1, 1, 1, 1, 1, 1, 
1, 1, 1, 1, 1, 1, 1, 1, 1, 1, 1, 1, 1, 1, 2.922, 2.912, 2.919, 
3.076, 3.064, 2.999, 2.844, 2.872, 2.909, 2.881, 2.72), .Dim = c(11L, 
40L), .Dimnames = list(NULL, c("Sampling", "PSO.cost", "PSO.gamma", 
"PSO.data.balancing", "PSO.feature.selection", "PSO.valid.acc", 
"PSO.test.acc", "PSO.train.time", "PSO.n.support.vectors", "PSO.index", 
"PSO.n.solutions", "PSO.generations", "PSO.n.evaluations", "PSO.cpu.time", 
"RS.cost", "RS.gamma", "RS.data.balancing", "RS.feature.selection", 
"RS.valid.acc", "RS.test.acc", "RS.train.time", "RS.n.support.vectors", 
"RS.index", "RS.n.solutions", "RS.generations", "RS.n.evaluations", 
"RS.cpu.time", "DF.cost", "DF.gamma", "DF.data.balancing", "DF.feature.selection", 
"DF.valid.acc", "DF.test.acc", "DF.train.time", "DF.n.support.vectors", 
"DF.index", "DF.n.solutions", "DF.generations", "DF.n.evaluations", 
"DF.cpu.time")))
