full <-
structure(c(50, 55, 60, 65, 70, 75, 80, 85, 90, 95, 100, 0.68233, 
2.43943, 1.7657, 1.94068, 1.36915, 10.23747, 14.35852, 5.51973, 
1.0614, 11.10384, 11.52668, -2.74947, -2.26481, -3.23787, -3.10825, 
-2.68054, -7.75283, -14.24286, -2.28703, -2.14398, -14.22523, 
-2.34402, 0, 0, 0, 0, 0, 0, 0, 0, 0, 0, 0, 0, 0, 0, 0, 0, 0, 
0, 0, 0, 0, 0, 0.89821, 0.87222, 0.85778, 0.90182, 0.8753, 0.88211, 
0.85, 0.91099, 0.90857, 0.88155, 0.8975, 0.87321, 0.8375, 0.81556, 
0.85455, 0.86621, 0.81381, 0.79551, 0.87408, 0.9019, 0.84768, 
0.89042, 0.0189, 0.0204, 0.0202, 0.0197, 0.0228, 0.0212, 0.0194, 
0.0242, 0.0255, 0.0204, 0.024, 45.7, 53.9, 46.2, 50.1, 59.8, 
26.5, 30, 74.3, 81.6, 44.3, 82.7, 516, 102, 209, 123, 458, 558, 
186, 248, 750, 451, 103, 399, 997, 781, 59, 158, 469, 144, 651, 
518, 100, 1381, 100, 100, 100, 100, 100, 100, 100, 100, 100, 
100, 100, 2500, 2500, 2500, 2500, 2500, 2500, 2500, 2500, 2500, 
2500, 2500, 7648.119, 7698.433, 7708.595, 7714.869, 7607.594, 
7737.587, 7190.26299999999, 7341.06199999999, 7388.265, 7325.67600000001, 
7503.008, 1.0532, 10.96238, 1.18298, 12.72623, 2.01355, 10.19726, 
13.97776, 12.02774, 1.06253, 8.26203, 4.53259, -2.54249, -2.31517, 
-2.29717, -2.4445, -3.33325, -7.75696, -10.92067, -2.28058, -2.22852, 
-11.33047, -2.1263, 0, 0, 0, 0, 0, 0, 0, 0, 0, 0, 0, 0, 0, 0, 
0, 0, 0, 0, 0, 0, 0, 0, 0.89821, 0.87222, 0.85778, 0.89273, 0.86621, 
0.88211, 0.85, 0.91099, 0.90857, 0.88155, 0.8975, 0.87321, 0.8375, 
0.82778, 0.86364, 0.84803, 0.82214, 0.78077, 0.88123, 0.8881, 
0.84768, 0.87792, 0.0192, 0.0205, 0.0188, 0.0218, 0.0202, 0.0194, 
0.0219, 0.0238, 0.0237, 0.0226, 0.0262, 47, 53.4, 56.4, 57.3, 
49.9, 26.5, 24.8, 74.3, 79.3, 43.8, 87.5, 1427, 124, 27, 237, 
252, 444, 25, 757, 349, 197, 26, 2, 9, 7, 37, 5, 2, 11, 4, 2, 
12, 40, 100, 100, 100, 100, 100, 100, 100, 100, 100, 100, 100, 
2500, 2500, 2500, 2500, 2500, 2500, 2500, 2500, 2500, 2500, 2500, 
7674.571, 7684.906, 7705.462, 7691.207, 7714.675, 7626.819, 7215.602, 
7377.24099999999, 7333.624, 7356.94500000001, 7524.323, 1, 1, 
1, 1, 1, 1, 1, 1, 1, 1, 1, 0.05263, 0.05263, 0.05263, 0.05263, 
0.05263, 0.05263, 0.05263, 0.05263, 0.05263, 0.05263, 0.05263, 
0, 0, 0, 0, 0, 0, 0, 0, 0, 0, 0, 0, 0, 0, 0, 0, 0, 0, 0, 0, 0, 
0, 0.86071, 0.83472, 0.83889, 0.83364, 0.81061, 0.83339, 0.81859, 
0.86703, 0.87993, 0.8669, 0.87708, 0.83571, 0.83611, 0.81778, 
0.82364, 0.80894, 0.84237, 0.81923, 0.87527, 0.86612, 0.8731, 
0.86458, 0.0186, 0.0183, 0.0189, 0.0193, 0.02, 0.0203, 0.0205, 
0.0212, 0.0201, 0.0209, 0.0222, 34.8, 37.3, 40.4, 41.7, 43.9, 
44.7, 48.1, 51.5, 52, 56.6, 56.4, 1, 1, 1, 1, 1, 1, 1, 1, 1, 
1, 1, 1, 1, 1, 1, 1, 1, 1, 1, 1, 1, 1, 1, 1, 1, 1, 1, 1, 1, 1, 
1, 1, 1, 1, 1, 1, 1, 1, 1, 1, 1, 1, 1, 1, 3.058, 3.07, 3.07, 
3.019, 3.039, 3.008, 2.899, 2.979, 2.923, 2.815, 2.912), .Dim = c(11L, 
40L), .Dimnames = list(NULL, c("Sampling", "PSO.cost", "PSO.gamma", 
"PSO.data.balancing", "PSO.feature.selection", "PSO.valid.acc", 
"PSO.test.acc", "PSO.train.time", "PSO.n.support.vectors", "PSO.index", 
"PSO.n.solutions", "PSO.generations", "PSO.n.evaluations", "PSO.cpu.time", 
"RS.cost", "RS.gamma", "RS.data.balancing", "RS.feature.selection", 
"RS.valid.acc", "RS.test.acc", "RS.train.time", "RS.n.support.vectors", 
"RS.index", "RS.n.solutions", "RS.generations", "RS.n.evaluations", 
"RS.cpu.time", "DF.cost", "DF.gamma", "DF.data.balancing", "DF.feature.selection", 
"DF.valid.acc", "DF.test.acc", "DF.train.time", "DF.n.support.vectors", 
"DF.index", "DF.n.solutions", "DF.generations", "DF.n.evaluations", 
"DF.cpu.time")))
