full <-
structure(c(50, 55, 60, 65, 70, 75, 80, 85, 90, 95, 100, 3.44051, 
0.45172, 0.92738, 9.01471, 1.36942, 0.08851, 1.31772, 0.52948, 
0.14769, 6.94668, 10.88593, -7.1373, -3.63758, -5.16143, -2.12844, 
-2.96188, -2.86926, -2.78051, -3.39453, -3.20744, -11.17188, 
-15, 0, 0, 0, 0, 0, 0, 0, 0, 0, 0, 0, 0, 0, 0, 0, 0, 0, 0, 0, 
0, 0, 0, 0.84643, 0.89861, 0.87444, 0.87434, 0.91333, 0.88916, 
0.89615, 0.91264, 0.91612, 0.89333, 0.8911, 0.80536, 0.875, 0.86444, 
0.84323, 0.86697, 0.88211, 0.87179, 0.9044, 0.89612, 0.86, 0.86444, 
0.019, 0.0185, 0.0189, 0.0225, 0.0208, 0.0226, 0.0229, 0.0216, 
0.0234, 0.022, 0.0198, 30.8, 41.7, 39.6, 63.7, 53.3, 56.5, 59.8, 
52.1, 58, 45.3, 47.3, 289, 154, 1851, 5, 648, 968, 1145, 1624, 
666, 261, 109, 74, 561, 48, 799, 244, 48, 98, 21, 229, 258, 1194, 
100, 100, 100, 100, 100, 100, 100, 100, 100, 100, 100, 2500, 
2500, 2500, 2500, 2500, 2500, 2500, 2500, 2500, 2500, 2500, 7518.507, 
7397.612, 7409.747, 7566.653, 7676.37099999999, 7656.22199999999, 
7834.22100000001, 7600.63400000001, 7655.52500000001, 6628.58900000001, 
6784.42199999999, 4.73823, 0.59901, 1.02145, 11.58986, 1.19652, 
13.07622, 5.42387, 0.71666, -0.15925, 5.25087, 9.50769, -8.00443, 
-3.85735, -5.2838, -2.11352, -2.84789, -2.85343, -2.22422, -3.55301, 
-3.39302, -9.57372, -13.3698, 0, 0, 0, 0, 0, 0, 0, 0, 0, 0, 0, 
0, 0, 0, 0, 0, 0, 0, 0, 0, 0, 0, 0.83393, 0.89861, 0.87444, 0.87434, 
0.91258, 0.88223, 0.88782, 0.90495, 0.90278, 0.89333, 0.8911, 
0.79286, 0.88611, 0.86444, 0.85323, 0.87606, 0.88427, 0.8641, 
0.9044, 0.88128, 0.86, 0.87777, 0.0182, 0.0188, 0.0189, 0.0215, 
0.0208, 0.0215, 0.0229, 0.0224, 0.0217, 0.0209, 0.0214, 28.5, 
40.4, 39.4, 63.8, 55.2, 55.5, 69.7, 50.2, 55.8, 46, 46, 29, 1864, 
2366, 125, 309, 19, 74, 72, 2081, 54, 18, 25, 1, 1, 4, 1, 40, 
62, 5, 1, 35, 18, 100, 100, 100, 100, 100, 100, 100, 100, 100, 
100, 100, 2500, 2500, 2500, 2500, 2500, 2500, 2500, 2500, 2500, 
2500, 2500, 7444.144, 7416.443, 7416.906, 7656.677, 7688.63, 
7790.811, 7558.307, 7656.183, 7677.38299999999, 6436.92300000001, 
6956.29300000001, 1, 1, 1, 1, 1, 1, 1, 1, 1, 1, 1, 0.05263, 0.05263, 
0.05263, 0.05263, 0.05263, 0.05263, 0.05263, 0.05263, 0.05263, 
0.05263, 0.05263, 0, 0, 0, 0, 0, 0, 0, 0, 0, 0, 0, 0, 0, 0, 0, 
0, 0, 0, 0, 0, 0, 0, 0.79821, 0.80417, 0.83, 0.83323, 0.87606, 
0.86189, 0.87949, 0.89011, 0.8874, 0.88, 0.85819, 0.78393, 0.79167, 
0.83222, 0.84232, 0.86697, 0.87238, 0.85641, 0.89011, 0.88081, 
0.86667, 0.87032, 0.0178, 0.0183, 0.0189, 0.0197, 0.0214, 0.021, 
0.0203, 0.0214, 0.0211, 0.0197, 0.0219, 35.9, 39.1, 42.6, 43.8, 
44.3, 46.6, 46.2, 46.2, 49.8, 54.1, 56.8, 1, 1, 1, 1, 1, 1, 1, 
1, 1, 1, 1, 1, 1, 1, 1, 1, 1, 1, 1, 1, 1, 1, 1, 1, 1, 1, 1, 1, 
1, 1, 1, 1, 1, 1, 1, 1, 1, 1, 1, 1, 1, 1, 1, 1, 2.909, 2.84, 
3.067, 3.064, 3.131, 3.137, 2.969, 3.038, 3.09, 2.454, 2.776), .Dim = c(11L, 
40L), .Dimnames = list(NULL, c("Sampling", "PSO.cost", "PSO.gamma", 
"PSO.data.balancing", "PSO.feature.selection", "PSO.valid.acc", 
"PSO.test.acc", "PSO.train.time", "PSO.n.support.vectors", "PSO.index", 
"PSO.n.solutions", "PSO.generations", "PSO.n.evaluations", "PSO.cpu.time", 
"RS.cost", "RS.gamma", "RS.data.balancing", "RS.feature.selection", 
"RS.valid.acc", "RS.test.acc", "RS.train.time", "RS.n.support.vectors", 
"RS.index", "RS.n.solutions", "RS.generations", "RS.n.evaluations", 
"RS.cpu.time", "DF.cost", "DF.gamma", "DF.data.balancing", "DF.feature.selection", 
"DF.valid.acc", "DF.test.acc", "DF.train.time", "DF.n.support.vectors", 
"DF.index", "DF.n.solutions", "DF.generations", "DF.n.evaluations", 
"DF.cpu.time")))
