full <-
structure(c(50, 55, 60, 65, 70, 75, 80, 85, 90, 95, 100, 0.06914, 
8.6224, 0.9474, 1.0444, 1.22048, 0.02327, 9.99618, 0.78345, 0.38098, 
5.56489, 1.5394, -2.39759, -1.6389, -2.59319, -1.88715, -3.23446, 
-2.20228, -2.3916, -1.92931, -3.17231, -2.42381, -2.82738, 0, 
0, 0, 0, 0, 0, 0, 0, 0, 0, 0, 0, 0, 0, 0, 0, 0, 0, 0, 0, 0, 0, 
0.87282, 0.84944, 0.87313, 0.86364, 0.86197, 0.88287, 0.88205, 
0.8956, 0.86696, 0.89274, 0.90333, 0.84603, 0.81583, 0.85091, 
0.83455, 0.84455, 0.87453, 0.85833, 0.88022, 0.86696, 0.87268, 
0.87667, 0.0174, 0.0202, 0.0189, 0.0211, 0.0202, 0.0224, 0.0237, 
0.0229, 0.0218, 0.0231, 0.0222, 47.3, 57.9, 50, 63.9, 52.7, 69.6, 
67.3, 82.9, 62.6, 76.9, 73.3, 1264, 29, 750, 735, 122, 942, 186, 
1633, 1100, 58, 479, 30, 1294, 149, 189, 198, 173, 1091, 56, 
25, 1185, 562, 100, 100, 100, 100, 100, 100, 100, 100, 100, 100, 
100, 2500, 2500, 2500, 2500, 2500, 2500, 2500, 2500, 2500, 2500, 
2500, 6944.188, 7051.056, 7094.453, 6851.433, 6872.417, 6895.13100000001, 
7082.492, 6887.007, 6810.485, 6711.54399999999, 6678.81700000001, 
0.04699, 3.52441, 1.40203, 0.95138, 1.59449, 0.25777, 0.7656, 
0.69989, 0.23952, 2.76855, 1.63824, -2.58741, -1.7837, -1.88958, 
-2.00955, -4.11974, -2.14939, -2.15228, -2.08766, -3.30042, -2.45125, 
-2.88282, 0, 0, 0, 0, 0, 0, 0, 0, 0, 0, 0, 0, 0, 0, 0, 0, 0, 
0, 0, 0, 0, 0, 0.86032, 0.84944, 0.86404, 0.86364, 0.86106, 0.88223, 
0.8891, 0.88846, 0.86696, 0.89274, 0.89667, 0.84603, 0.84944, 
0.86404, 0.82455, 0.83545, 0.87453, 0.88141, 0.87308, 0.85982, 
0.87893, 0.88333, 0.0187, 0.0206, 0.0209, 0.0197, 0.0191, 0.0199, 
0.0207, 0.0217, 0.0218, 0.0228, 0.0221, 44.7, 56.3, 59.9, 62.4, 
47.3, 70.1, 73, 78.5, 60.2, 76.1, 72, 667, 41, 1820, 1554, 2325, 
836, 1914, 146, 299, 52, 36, 1, 28, 1, 1, 1, 2, 1, 4, 4, 13, 
9, 100, 100, 100, 100, 100, 100, 100, 100, 100, 100, 100, 2500, 
2500, 2500, 2500, 2500, 2500, 2500, 2500, 2500, 2500, 2500, 6970.202, 
7054.005, 6937.07, 6920.339, 6851.461, 6947.876, 6844.697, 6829.095, 
6973.644, 6848.29300000001, 6864.674, 1, 1, 1, 1, 1, 1, 1, 1, 
1, 1, 1, 0.05263, 0.05263, 0.05263, 0.05263, 0.05263, 0.05263, 
0.05263, 0.05263, 0.05263, 0.05263, 0.05263, 0, 0, 0, 0, 0, 0, 
0, 0, 0, 0, 0, 0, 0, 0, 0, 0, 0, 0, 0, 0, 0, 0, 0.78313, 0.75611, 
0.81758, 0.80273, 0.82545, 0.83275, 0.83397, 0.82857, 0.85268, 
0.83839, 0.87708, 0.79563, 0.80194, 0.82162, 0.81273, 0.83545, 
0.84033, 0.84103, 0.85165, 0.83839, 0.85357, 0.87708, 0.0178, 
0.0193, 0.0188, 0.0183, 0.0197, 0.0206, 0.0196, 0.022, 0.021, 
0.0211, 0.0207, 37.3, 40.1, 41.4, 44.2, 48.1, 49.7, 51.6, 53.9, 
55.4, 56, 56.7, 1, 1, 1, 1, 1, 1, 1, 1, 1, 1, 1, 1, 1, 1, 1, 
1, 1, 1, 1, 1, 1, 1, 1, 1, 1, 1, 1, 1, 1, 1, 1, 1, 1, 1, 1, 1, 
1, 1, 1, 1, 1, 1, 1, 1, 2.708, 2.84, 2.803, 2.718, 2.712, 2.79, 
2.65, 2.859, 2.686, 2.665, 2.59), .Dim = c(11L, 40L), .Dimnames = list(
    NULL, c("Sampling", "PSO.cost", "PSO.gamma", "PSO.data.balancing", 
    "PSO.feature.selection", "PSO.valid.acc", "PSO.test.acc", 
    "PSO.train.time", "PSO.n.support.vectors", "PSO.index", "PSO.n.solutions", 
    "PSO.generations", "PSO.n.evaluations", "PSO.cpu.time", "RS.cost", 
    "RS.gamma", "RS.data.balancing", "RS.feature.selection", 
    "RS.valid.acc", "RS.test.acc", "RS.train.time", "RS.n.support.vectors", 
    "RS.index", "RS.n.solutions", "RS.generations", "RS.n.evaluations", 
    "RS.cpu.time", "DF.cost", "DF.gamma", "DF.data.balancing", 
    "DF.feature.selection", "DF.valid.acc", "DF.test.acc", "DF.train.time", 
    "DF.n.support.vectors", "DF.index", "DF.n.solutions", "DF.generations", 
    "DF.n.evaluations", "DF.cpu.time")))
