full <-
structure(c(50, 55, 60, 65, 70, 75, 80, 85, 90, 95, 100, 4.34711, 
4.54959, 3.67182, 5.36352, 6.56509, 10.67262, 3.3996, 12.62567, 
-0.03195, 4.46455, 2.97493, -5.457, -6.05319, -8.08749, -8.38908, 
-11.51818, -15, -6.16587, -14.88573, -4.12012, -7.05434, -3.18797, 
0, 0, 0, 0, 0, 0, 0, 0, 0, 0, 0, 0, 0, 0, 0, 0, 0, 0, 0, 0, 0, 
0, 0.91667, 0.93056, 0.92667, 0.90364, 0.89894, 0.87424, 0.87949, 
0.88681, 0.89429, 0.87982, 0.9024, 0.8756, 0.86194, 0.89556, 
0.87364, 0.86318, 0.87348, 0.86474, 0.85714, 0.87286, 0.85357, 
0.87657, 0.0157, 0.0171, 0.0162, 0.0182, 0.0187, 0.0194, 0.0199, 
0.0201, 0.0214, 0.0238, 0.0269, 23.9, 26, 28.1, 28.2, 34.7, 38.1, 
38.4, 35.7, 55, 44.2, 68.5, 31, 29, 753, 235, 183, 116, 611, 
9, 619, 67, 1276, 234, 778, 12, 229, 76, 321, 246, 527, 559, 
155, 42, 100, 100, 100, 100, 100, 100, 100, 100, 100, 100, 100, 
2500, 2500, 2500, 2500, 2500, 2500, 2500, 2500, 2500, 2500, 2500, 
6308.597, 6371.928, 6369.405, 6415.128, 6714.226, 6727.226, 6822.046, 
6759.889, 8132.209, 9381.41599999998, 9461.44499999998, 4.16349, 
6.50388, 5.13288, 5.55896, 6.39425, 5.41812, 3.11704, 11.65311, 
0.27431, 3.70756, 2.99215, -7.79676, -6.89386, -9.58275, -8.5605, 
-11.3563, -2.15811, -5.89378, -14.81793, -4.41723, -6.63976, 
-3.21163, 0, 0, 0, 0, 0, 0, 0, 0, 0, 0, 0, 0, 0, 0, 0, 0, 0, 
0, 0, 0, 0, 0, 0.91667, 0.93056, 0.92667, 0.90364, 0.89894, 0.87424, 
0.87949, 0.88681, 0.88714, 0.87982, 0.9024, 0.90417, 0.86056, 
0.89556, 0.87364, 0.86318, 0.87424, 0.88077, 0.86429, 0.88, 0.8469, 
0.87657, 0.0156, 0.0158, 0.0162, 0.0185, 0.0175, 0.0218, 0.0182, 
0.019, 0.0235, 0.0243, 0.0268, 21.2, 23.4, 27.7, 28.1, 34.6, 
69.4, 39.4, 38.1, 53.1, 45.4, 68, 76, 44, 323, 2171, 78, 69, 
794, 149, 1750, 186, 2325, 26, 10, 3, 1, 3, 20, 2, 59, 1, 4, 
1, 100, 100, 100, 100, 100, 100, 100, 100, 100, 100, 100, 2500, 
2500, 2500, 2500, 2500, 2500, 2500, 2500, 2500, 2500, 2500, 6336.174, 
6300.303, 6551.445, 6556.914, 6763.578, 6755.432, 6741.274, 6851.68399999999, 
9357.39199999999, 9426.845, 9426.33900000001, 1, 1, 1, 1, 1, 
1, 1, 1, 1, 1, 1, 0.05263, 0.05263, 0.05263, 0.05263, 0.05263, 
0.05263, 0.05263, 0.05263, 0.05263, 0.05263, 0.05263, 0, 0, 0, 
0, 0, 0, 0, 0, 0, 0, 0, 0, 0, 0, 0, 0, 0, 0, 0, 0, 0, 0, 0.8627, 
0.84, 0.87444, 0.84253, 0.88076, 0.86591, 0.85705, 0.86538, 0.88, 
0.85988, 0.87699, 0.84702, 0.84972, 0.85083, 0.85253, 0.87152, 
0.84848, 0.86538, 0.85, 0.87286, 0.86738, 0.85782, 0.0168, 0.0165, 
0.0183, 0.0188, 0.0195, 0.0194, 0.0199, 0.0197, 0.0242, 0.0246, 
0.0243, 27.3, 32.3, 34.3, 37.1, 41.1, 45.6, 47.9, 50.5, 54.7, 
55.3, 57.2, 1, 1, 1, 1, 1, 1, 1, 1, 1, 1, 1, 1, 1, 1, 1, 1, 1, 
1, 1, 1, 1, 1, 1, 1, 1, 1, 1, 1, 1, 1, 1, 1, 1, 1, 1, 1, 1, 1, 
1, 1, 1, 1, 1, 1, 2.529, 2.483, 2.695, 2.655, 2.718, 2.733, 2.75, 
2.694, 3.726, 3.764, 3.749), .Dim = c(11L, 40L), .Dimnames = list(
    NULL, c("Sampling", "PSO.cost", "PSO.gamma", "PSO.data.balancing", 
    "PSO.feature.selection", "PSO.valid.acc", "PSO.test.acc", 
    "PSO.train.time", "PSO.n.support.vectors", "PSO.index", "PSO.n.solutions", 
    "PSO.generations", "PSO.n.evaluations", "PSO.cpu.time", "RS.cost", 
    "RS.gamma", "RS.data.balancing", "RS.feature.selection", 
    "RS.valid.acc", "RS.test.acc", "RS.train.time", "RS.n.support.vectors", 
    "RS.index", "RS.n.solutions", "RS.generations", "RS.n.evaluations", 
    "RS.cpu.time", "DF.cost", "DF.gamma", "DF.data.balancing", 
    "DF.feature.selection", "DF.valid.acc", "DF.test.acc", "DF.train.time", 
    "DF.n.support.vectors", "DF.index", "DF.n.solutions", "DF.generations", 
    "DF.n.evaluations", "DF.cpu.time")))
