full <-
structure(c(50, 55, 60, 65, 70, 75, 80, 85, 90, 95, 100, 15, 
6.84742, -0.18789, -0.59, 0.38957, 10.45567, -0.01387, 8.40229, 
2.21616, 0.30357, 1.49847, -13.33523, -10.69645, -3.06403, -4.08528, 
-4.71576, -15, -3.58895, -11.78475, -3.34337, -2.35451, -2.07222, 
0, 0, 0, 0, 0, 0, 0, 0, 0, 0, 0, 0, 0, 0, 0, 0, 0, 0, 0, 0, 0, 
0, 0.88571, 0.85833, 0.86, 0.88434, 0.88227, 0.88322, 0.86603, 
0.85824, 0.87952, 0.89327, 0.87125, 0.85, 0.83472, 0.82, 0.85525, 
0.84833, 0.84068, 0.84231, 0.83022, 0.84333, 0.87321, 0.8775, 
0.0199, 0.0176, 0.0201, 0.0191, 0.0198, 0.0203, 0.0209, 0.0212, 
0.0231, 0.0246, 0.0257, 17.5, 29.6, 52, 47, 42.7, 40.3, 56, 43.3, 
59.3, 79.9, 89.7, 80, 38, 603, 459, 487, 77, 434, 42, 248, 462, 
55, 342, 364, 305, 289, 53, 178, 311, 351, 750, 252, 760, 100, 
100, 100, 100, 100, 100, 100, 100, 100, 100, 100, 2500, 2500, 
2500, 2500, 2500, 2500, 2500, 2500, 2500, 2500, 2500, 7358.736, 
7349.963, 7282.975, 7415.928, 7617.22100000001, 7583.38799999999, 
7697.053, 7684.689, 7736.45, 7784.07999999999, 7827.23999999999, 
14.24945, 10.49234, 0.13189, 0.78745, 0.23239, 7.17753, -0.05694, 
7.44888, 2.40715, 0.30699, 6.56758, -12.57558, -14.64603, -3.29482, 
-4.54628, -4.58169, -11.65557, -3.55036, -10.8772, -3.23391, 
-3.11035, -2.09099, 0, 0, 0, 0, 0, 0, 0, 0, 0, 0, 0, 0, 0, 0, 
0, 0, 0, 0, 0, 0, 0, 0, 0.88571, 0.85833, 0.84889, 0.85616, 0.87394, 
0.88322, 0.86603, 0.85824, 0.87952, 0.89327, 0.87125, 0.85, 0.83472, 
0.83, 0.83616, 0.85742, 0.84068, 0.84231, 0.83022, 0.84333, 0.88655, 
0.8775, 0.0177, 0.0195, 0.0199, 0.0203, 0.0209, 0.0199, 0.0217, 
0.0211, 0.0231, 0.0234, 0.026, 17.6, 30.1, 48.9, 41.7, 43.4, 
40.1, 56.2, 43.6, 61.8, 65.4, 88.5, 116, 110, 1059, 272, 316, 
362, 2272, 194, 620, 1588, 263, 4, 47, 5, 12, 10, 9, 1, 13, 3, 
2, 10, 100, 100, 100, 100, 100, 100, 100, 100, 100, 100, 100, 
2500, 2500, 2500, 2500, 2500, 2500, 2500, 2500, 2500, 2500, 2500, 
7397.61, 7300.181, 7294.954, 7440.68900000001, 7601.803, 7673.69600000001, 
7705.86300000001, 7748.489, 7761.071, 7798.79400000002, 7793.70999999999, 
1, 1, 1, 1, 1, 1, 1, 1, 1, 1, 1, 0.05263, 0.05263, 0.05263, 0.05263, 
0.05263, 0.05263, 0.05263, 0.05263, 0.05263, 0.05263, 0.05263, 
0, 0, 0, 0, 0, 0, 0, 0, 0, 0, 0, 0, 0, 0, 0, 0, 0, 0, 0, 0, 0, 
0, 0.83393, 0.83472, 0.80667, 0.85616, 0.87394, 0.86643, 0.85064, 
0.83571, 0.85048, 0.8728, 0.86458, 0.82143, 0.81111, 0.82889, 
0.85525, 0.84909, 0.8581, 0.85, 0.86538, 0.85095, 0.87321, 0.85083, 
0.0202, 0.0176, 0.0189, 0.0204, 0.0202, 0.0211, 0.0213, 0.022, 
0.0218, 0.0224, 0.0229, 34.3, 37.5, 42.6, 44.8, 45.1, 47.2, 51.9, 
53.7, 54.9, 54.6, 55.9, 1, 1, 1, 1, 1, 1, 1, 1, 1, 1, 1, 1, 1, 
1, 1, 1, 1, 1, 1, 1, 1, 1, 1, 1, 1, 1, 1, 1, 1, 1, 1, 1, 1, 1, 
1, 1, 1, 1, 1, 1, 1, 1, 1, 1, 3.126, 2.822, 2.964, 3.114, 3.022, 
3.073, 3.063, 3.086, 3.058, 3.085, 3.059), .Dim = c(11L, 40L), .Dimnames = list(
    NULL, c("Sampling", "PSO.cost", "PSO.gamma", "PSO.data.balancing", 
    "PSO.feature.selection", "PSO.valid.acc", "PSO.test.acc", 
    "PSO.train.time", "PSO.n.support.vectors", "PSO.index", "PSO.n.solutions", 
    "PSO.generations", "PSO.n.evaluations", "PSO.cpu.time", "RS.cost", 
    "RS.gamma", "RS.data.balancing", "RS.feature.selection", 
    "RS.valid.acc", "RS.test.acc", "RS.train.time", "RS.n.support.vectors", 
    "RS.index", "RS.n.solutions", "RS.generations", "RS.n.evaluations", 
    "RS.cpu.time", "DF.cost", "DF.gamma", "DF.data.balancing", 
    "DF.feature.selection", "DF.valid.acc", "DF.test.acc", "DF.train.time", 
    "DF.n.support.vectors", "DF.index", "DF.n.solutions", "DF.generations", 
    "DF.n.evaluations", "DF.cpu.time")))
