full <-
structure(c(50, 55, 60, 65, 70, 75, 80, 85, 90, 95, 100, 4.0319, 
1.90699, 7.33949, 1.82244, 3.78745, 2.01574, 6.16637, 10.23657, 
3.97843, 5.79193, 3.58613, -8.745, -6.54098, -9.35567, -2.34925, 
-8.80529, -2.39088, -1.95047, -12.71892, -9.38138, -2.29369, 
-3.46805, 0, 0, 0, 0, 0, 0, 0, 0, 0, 0, 0, 0, 0, 0, 0, 0, 0, 
0, 0, 0, 0, 0, 0.87321, 0.89306, 0.90444, 0.90071, 0.90955, 0.89056, 
0.89796, 0.88837, 0.89524, 0.90036, 0.89042, 0.86071, 0.85833, 
0.87333, 0.88071, 0.90955, 0.87174, 0.88118, 0.87408, 0.88048, 
0.87369, 0.85792, 0.0185, 0.0187, 0.0178, 0.0204, 0.0188, 0.0225, 
0.022, 0.0208, 0.0213, 0.0259, 0.0255, 30.3, 32.6, 28.9, 59.2, 
38.7, 67.2, 79.7, 38.5, 47.9, 80.2, 64.9, 16, 132, 877, 123, 
68, 1233, 26, 11, 82, 90, 616, 145, 222, 25, 794, 379, 2, 779, 
386, 98, 1097, 74, 100, 100, 100, 100, 100, 100, 100, 100, 100, 
100, 100, 2500, 2500, 2500, 2500, 2500, 2500, 2500, 2500, 2500, 
2500, 2500, 7502.994, 7364.689, 7381.233, 7457.291, 7343.792, 
7512.095, 7544.246, 7241.425, 7429.894, 7584.54800000001, 7667.12300000002, 
2.34419, 1.93377, 9.95649, 1.80333, 0.78382, 2.72888, 12.62018, 
7.1175, 2.7375, 4.81845, 5.01475, -7.16672, -6.41711, -2.29536, 
-2.3383, -5.66611, -8.03833, -1.93856, -9.69063, -8.04655, -2.20595, 
-2.78268, 0, 0, 0, 0, 0, 0, 0, 0, 0, 0, 0, 0, 0, 0, 0, 0, 0, 
0, 0, 0, 0, 0, 0.87321, 0.89306, 0.90333, 0.90071, 0.90955, 0.89003, 
0.89796, 0.88837, 0.89524, 0.90036, 0.89, 0.84821, 0.86944, 0.86111, 
0.88071, 0.89955, 0.86428, 0.88118, 0.87408, 0.88048, 0.87321, 
0.86417, 0.0171, 0.0186, 0.0206, 0.0209, 0.0191, 0.0209, 0.0223, 
0.0214, 0.022, 0.025, 0.0253, 31.3, 32.5, 56.8, 59.3, 40.8, 43.2, 
80, 38.8, 48.1, 83, 72.7, 1, 527, 304, 28, 157, 295, 119, 67, 
227, 199, 221, 50, 10, 4, 15, 12, 9, 23, 17, 5, 29, 11, 100, 
100, 100, 100, 100, 100, 100, 100, 100, 100, 100, 2500, 2500, 
2500, 2500, 2500, 2500, 2500, 2500, 2500, 2500, 2500, 7280.909, 
7357.172, 7346.817, 7340.868, 7616.122, 7567.24200000001, 7415.345, 
7280.762, 7508.103, 7661.935, 7729.758, 1, 1, 1, 1, 1, 1, 1, 
1, 1, 1, 1, 0.05263, 0.05263, 0.05263, 0.05263, 0.05263, 0.05263, 
0.05263, 0.05263, 0.05263, 0.05263, 0.05263, 0, 0, 0, 0, 0, 0, 
0, 0, 0, 0, 0, 0, 0, 0, 0, 0, 0, 0, 0, 0, 0, 0, 0.82321, 0.85833, 
0.87222, 0.87162, 0.90121, 0.88159, 0.88887, 0.8652, 0.88048, 
0.87363, 0.85875, 0.82321, 0.85833, 0.87222, 0.87253, 0.89045, 
0.86352, 0.88118, 0.85751, 0.88762, 0.87363, 0.865, 0.0181, 0.0187, 
0.0188, 0.0189, 0.0196, 0.0199, 0.0213, 0.0213, 0.0222, 0.0216, 
0.0234, 34.7, 37.1, 40.5, 42.7, 44.6, 47.2, 49, 51, 53.2, 54.5, 
56.9, 1, 1, 1, 1, 1, 1, 1, 1, 1, 1, 1, 1, 1, 1, 1, 1, 1, 1, 1, 
1, 1, 1, 1, 1, 1, 1, 1, 1, 1, 1, 1, 1, 1, 1, 1, 1, 1, 1, 1, 1, 
1, 1, 1, 1, 3.065, 2.918, 2.871, 2.923, 2.985, 2.895, 2.845, 
2.944, 3.023, 3.097, 3.038), .Dim = c(11L, 40L), .Dimnames = list(
    NULL, c("Sampling", "PSO.cost", "PSO.gamma", "PSO.data.balancing", 
    "PSO.feature.selection", "PSO.valid.acc", "PSO.test.acc", 
    "PSO.train.time", "PSO.n.support.vectors", "PSO.index", "PSO.n.solutions", 
    "PSO.generations", "PSO.n.evaluations", "PSO.cpu.time", "RS.cost", 
    "RS.gamma", "RS.data.balancing", "RS.feature.selection", 
    "RS.valid.acc", "RS.test.acc", "RS.train.time", "RS.n.support.vectors", 
    "RS.index", "RS.n.solutions", "RS.generations", "RS.n.evaluations", 
    "RS.cpu.time", "DF.cost", "DF.gamma", "DF.data.balancing", 
    "DF.feature.selection", "DF.valid.acc", "DF.test.acc", "DF.train.time", 
    "DF.n.support.vectors", "DF.index", "DF.n.solutions", "DF.generations", 
    "DF.n.evaluations", "DF.cpu.time")))
