full <-
structure(c(50, 55, 60, 65, 70, 75, 80, 85, 90, 95, 100, 3.26414, 
5.85088, 1.14064, 1, 10.37749, 5.4251, 2.72796, 3.02509, 1.31425, 
0.94686, 5.84023, -6.38509, -9.00287, -2.59341, 0.05263, -2.40432, 
-9.03958, -4.50571, -7.06515, -2.12282, -3.24586, -1.85787, 0, 
0, 0, 0, 0, 0, 0, 0, 0, 0, 0, 0, 0, 0, 0, 0, 0, 0, 0, 0, 0, 0, 
0.85893, 0.85833, 0.82778, 0.83364, 0.84606, 0.85699, 0.88077, 
0.87628, 0.88667, 0.87988, 0.89667, 0.83532, 0.80278, 0.81667, 
0.81364, 0.83697, 0.82354, 0.84038, 0.85485, 0.85143, 0.84702, 
0.87125, 0.0186, 0.0189, 0.0192, 0.0198, 0.0208, 0.0195, 0.0212, 
0.0204, 0.0243, 0.0228, 0.0257, 28.9, 28.6, 57.6, 44.2, 65, 37.9, 
48.1, 43.3, 83.9, 64.3, 93.9, 39, 35, 1808, 1, 33, 261, 158, 
254, 467, 2195, 258, 208, 280, 1, 215, 1180, 209, 143, 48, 165, 
22, 133, 100, 100, 100, 100, 100, 100, 100, 100, 100, 100, 100, 
2500, 2500, 2500, 2500, 2500, 2500, 2500, 2500, 2500, 2500, 2500, 
6849.305, 6928.558, 6869.702, 6693.115, 6729.81, 6637.8, 6928.114, 
6973.484, 7071.88500000001, 7039.401, 6932.913, 2.09434, 6.3719, 
1.20786, 8.95762, 3.64686, 4.92673, 1.54807, 6.73405, 1.74773, 
1.75787, -0.23093, -5.33427, -9.54685, -4.76504, -14.33511, -2.41641, 
-8.56378, -3.33379, -8.61071, -2.14241, -3.18335, -2.79759, 0, 
0, 0, 0, 0, 0, 0, 0, 0, 0, 0, 0, 0, 0, 0, 0, 0, 0, 0, 0, 0, 0, 
0.85893, 0.85833, 0.82667, 0.83364, 0.84606, 0.85699, 0.88077, 
0.87564, 0.87952, 0.87321, 0.89667, 0.82282, 0.80278, 0.78444, 
0.81364, 0.83697, 0.82354, 0.82436, 0.837, 0.85143, 0.85994, 
0.8775, 0.0177, 0.0191, 0.0175, 0.0176, 0.0208, 0.0191, 0.021, 
0.0202, 0.0251, 0.0231, 0.0235, 31, 28.6, 39.7, 36.9, 64.8, 38.1, 
57, 39.4, 82.9, 66.7, 71.9, 22, 1535, 114, 4, 22, 495, 1239, 
1312, 1003, 1459, 465, 6, 3, 1, 69, 42, 4, 2, 2, 1, 1, 5, 100, 
100, 100, 100, 100, 100, 100, 100, 100, 100, 100, 2500, 2500, 
2500, 2500, 2500, 2500, 2500, 2500, 2500, 2500, 2500, 6922.52, 
6959.468, 6775.36900000001, 6817.513, 6789.858, 6889.86199999999, 
6955.732, 6893.94499999999, 7037.914, 7027.65399999999, 6728.11600000001, 
1, 1, 1, 1, 1, 1, 1, 1, 1, 1, 1, 0.05263, 0.05263, 0.05263, 0.05263, 
0.05263, 0.05263, 0.05263, 0.05263, 0.05263, 0.05263, 0.05263, 
0, 0, 0, 0, 0, 0, 0, 0, 0, 0, 0, 0, 0, 0, 0, 0, 0, 0, 0, 0, 0, 
0, 0.82282, 0.83611, 0.78444, 0.83364, 0.81864, 0.83252, 0.84103, 
0.86081, 0.85238, 0.84655, 0.87125, 0.83532, 0.84722, 0.78444, 
0.81364, 0.82773, 0.83957, 0.82564, 0.84533, 0.82476, 0.84702, 
0.865, 0.0191, 0.0187, 0.019, 0.0194, 0.0192, 0.0202, 0.0202, 
0.0218, 0.0216, 0.0219, 0.0209, 35.1, 37, 43.3, 44.2, 45.7, 46.1, 
50.5, 50.4, 56.7, 55.5, 57.4, 1, 1, 1, 1, 1, 1, 1, 1, 1, 1, 1, 
1, 1, 1, 1, 1, 1, 1, 1, 1, 1, 1, 1, 1, 1, 1, 1, 1, 1, 1, 1, 1, 
1, 1, 1, 1, 1, 1, 1, 1, 1, 1, 1, 1, 2.81, 2.784, 2.73, 2.697, 
2.708, 2.831, 2.717, 2.782, 2.798, 2.728, 2.633), .Dim = c(11L, 
40L), .Dimnames = list(NULL, c("Sampling", "PSO.cost", "PSO.gamma", 
"PSO.data.balancing", "PSO.feature.selection", "PSO.valid.acc", 
"PSO.test.acc", "PSO.train.time", "PSO.n.support.vectors", "PSO.index", 
"PSO.n.solutions", "PSO.generations", "PSO.n.evaluations", "PSO.cpu.time", 
"RS.cost", "RS.gamma", "RS.data.balancing", "RS.feature.selection", 
"RS.valid.acc", "RS.test.acc", "RS.train.time", "RS.n.support.vectors", 
"RS.index", "RS.n.solutions", "RS.generations", "RS.n.evaluations", 
"RS.cpu.time", "DF.cost", "DF.gamma", "DF.data.balancing", "DF.feature.selection", 
"DF.valid.acc", "DF.test.acc", "DF.train.time", "DF.n.support.vectors", 
"DF.index", "DF.n.solutions", "DF.generations", "DF.n.evaluations", 
"DF.cpu.time")))
