full <-
structure(c(50, 55, 60, 65, 70, 75, 80, 85, 90, 95, 100, 3.38764, 
1.23253, 0.9739, 12.77206, 3.05468, 1.10933, 1.16998, 1.32405, 
1.74967, 12.22083, 0.43381, -3.64146, -2.88024, -3.30857, -2.27707, 
-2.28349, -2.5192, -2.3853, -2.07173, -2.2081, -2.65665, -3.23011, 
0, 0, 0, 0, 0, 0, 0, 0, 0, 0, 0, 0, 0, 0, 0, 0, 0, 0, 0, 0, 0, 
0, 0.89643, 0.89722, 0.89556, 0.86273, 0.88242, 0.88928, 0.90577, 
0.86703, 0.90333, 0.89327, 0.88542, 0.91071, 0.875, 0.85222, 
0.85273, 0.84439, 0.85583, 0.88974, 0.85934, 0.88238, 0.85994, 
0.8725, 0.0182, 0.0187, 0.0181, 0.0186, 0.0193, 0.0192, 0.0243, 
0.0217, 0.0237, 0.022, 0.023, 38, 46, 45.1, 59.7, 64.8, 64.8, 
68.7, 81.7, 80.1, 75.4, 64.3, 699, 340, 562, 129, 25, 664, 849, 
326, 506, 201, 596, 344, 659, 300, 1000, 593, 168, 129, 675, 
675, 556, 250, 100, 100, 100, 100, 100, 100, 100, 100, 100, 100, 
100, 2500, 2500, 2500, 2500, 2500, 2500, 2500, 2500, 2500, 2500, 
2500, 6321.001, 6484.461, 6417.969, 6309.61700000001, 6513.935, 
6401.742, 8682.26000000001, 6512.42200000001, 6436.917, 6537.629, 
6444.41400000002, 3.86903, 0.63101, 1.35579, 11.98288, 1.60097, 
1.39032, 1.45245, 1.69013, 1.45795, 9.41195, 0.30628, -3.60702, 
-3.123, -2.39877, -2.28901, -2.15695, -2.27617, -2.61291, -2.2693, 
-2.53293, -2.64953, -2.29877, 0, 0, 0, 0, 0, 0, 0, 0, 0, 0, 0, 
0, 0, 0, 0, 0, 0, 0, 0, 0, 0, 0, 0.88393, 0.89861, 0.88556, 0.86273, 
0.88242, 0.88094, 0.89808, 0.85989, 0.89619, 0.89327, 0.88417, 
0.87321, 0.875, 0.85222, 0.85273, 0.85515, 0.84749, 0.88205, 
0.87363, 0.87524, 0.85994, 0.87125, 0.0183, 0.0175, 0.0179, 0.0189, 
0.0212, 0.0197, 0.0239, 0.0217, 0.0214, 0.0215, 0.0231, 37.5, 
43.4, 55.8, 59.6, 67.3, 68.8, 65.2, 74.8, 73.5, 75.5, 83.2, 578, 
896, 195, 499, 317, 195, 115, 653, 1734, 73, 173, 7, 1, 1, 4, 
18, 1, 4, 1, 1, 3, 1, 100, 100, 100, 100, 100, 100, 100, 100, 
100, 100, 100, 2500, 2500, 2500, 2500, 2500, 2500, 2500, 2500, 
2500, 2500, 2500, 6445.001, 6431.76, 6389.672, 6441.86, 6504.785, 
6344.22499999999, 8393.981, 6575.12400000001, 6415.98199999999, 
6515.072, 6460.79300000001, 1, 1, 1, 1, 1, 1, 1, 1, 1, 1, 1, 
0.05263, 0.05263, 0.05263, 0.05263, 0.05263, 0.05263, 0.05263, 
0.05263, 0.05263, 0.05263, 0.05263, 0, 0, 0, 0, 0, 0, 0, 0, 0, 
0, 0, 0, 0, 0, 0, 0, 0, 0, 0, 0, 0, 0, 0.80714, 0.84028, 0.80778, 
0.82273, 0.81864, 0.82162, 0.83462, 0.81355, 0.85993, 0.85988, 
0.86625, 0.80893, 0.80694, 0.80889, 0.83273, 0.7997, 0.81329, 
0.84423, 0.82903, 0.85326, 0.85369, 0.86625, 0.017, 0.0187, 0.0183, 
0.017, 0.0178, 0.0175, 0.0202, 0.0195, 0.0192, 0.0213, 0.0203, 
35.7, 36.9, 40.1, 42.4, 45.4, 46.9, 49.8, 53.5, 52.7, 55.6, 56.9, 
1, 1, 1, 1, 1, 1, 1, 1, 1, 1, 1, 1, 1, 1, 1, 1, 1, 1, 1, 1, 1, 
1, 1, 1, 1, 1, 1, 1, 1, 1, 1, 1, 1, 1, 1, 1, 1, 1, 1, 1, 1, 1, 
1, 1, 2.523, 2.671, 2.598, 2.437, 2.459, 2.435, 2.611, 2.522, 
2.49, 2.624, 2.516), .Dim = c(11L, 40L), .Dimnames = list(NULL, 
    c("Sampling", "PSO.cost", "PSO.gamma", "PSO.data.balancing", 
    "PSO.feature.selection", "PSO.valid.acc", "PSO.test.acc", 
    "PSO.train.time", "PSO.n.support.vectors", "PSO.index", "PSO.n.solutions", 
    "PSO.generations", "PSO.n.evaluations", "PSO.cpu.time", "RS.cost", 
    "RS.gamma", "RS.data.balancing", "RS.feature.selection", 
    "RS.valid.acc", "RS.test.acc", "RS.train.time", "RS.n.support.vectors", 
    "RS.index", "RS.n.solutions", "RS.generations", "RS.n.evaluations", 
    "RS.cpu.time", "DF.cost", "DF.gamma", "DF.data.balancing", 
    "DF.feature.selection", "DF.valid.acc", "DF.test.acc", "DF.train.time", 
    "DF.n.support.vectors", "DF.index", "DF.n.solutions", "DF.generations", 
    "DF.n.evaluations", "DF.cpu.time")))
