full <-
structure(c(50, 55, 60, 65, 70, 75, 80, 85, 90, 95, 100, 2.66515, 
3.00705, 10.01365, 15, 2.14683, -0.23507, 0.23823, 0.23493, 1.05771, 
0.33357, 0.19086, -2.49421, -5.6087, -2.33176, -2.84785, -3.9635, 
-5.34335, -2.4043, -2.53714, -1.94706, -3.3063, -3.42354, 0, 
0, 0, 0, 0, 0, 0, 0, 0, 0, 0, 0, 0, 0, 0, 0, 0, 0, 0, 0, 0, 0, 
0.88571, 0.88611, 0.87222, 0.87273, 0.8997, 0.84814, 0.88288, 
0.88718, 0.88762, 0.89327, 0.87902, 0.87143, 0.85, 0.82889, 0.84364, 
0.86409, 0.82238, 0.88168, 0.88004, 0.85286, 0.88661, 0.8461, 
0.0211, 0.0182, 0.022, 0.0191, 0.0199, 0.0201, 0.0222, 0.0231, 
0.0229, 0.0229, 0.0236, 43.7, 29.2, 53.9, 50.9, 44.4, 41.9, 67.2, 
68.2, 86.9, 63.1, 62.5, 175, 1993, 39, 114, 37, 1803, 734, 351, 
1312, 558, 1167, 704, 1, 277, 960, 209, 1, 208, 257, 96, 102, 
55, 100, 100, 100, 100, 100, 100, 100, 100, 100, 100, 100, 2500, 
2500, 2500, 2500, 2500, 2500, 2500, 2500, 2500, 2500, 2500, 7692.947, 
7711.396, 7723.217, 7698.679, 7625.562, 7173.22099999999, 7517.022, 
7442.44500000001, 7485.561, 7549.916, 7615.889, 3.09877, 1.82592, 
11.85311, 13.65502, 14.95854, 0.38504, 0.40759, -0.05461, 0.45434, 
0.45244, 5.85175, -2.46733, -5.60088, -2.2948, -2.86478, -14.04233, 
-2.35095, -2.2796, -3.11634, -2.10448, -3.32254, -2.03311, 0, 
0, 0, 0, 0, 0, 0, 0, 0, 0, 0, 0, 0, 0, 0, 0, 0, 0, 0, 0, 0, 0, 
0.88571, 0.875, 0.87222, 0.87273, 0.8997, 0.85723, 0.87573, 0.87949, 
0.88048, 0.88661, 0.88365, 0.87143, 0.86111, 0.82889, 0.84364, 
0.86333, 0.84889, 0.87335, 0.87289, 0.86619, 0.87327, 0.86485, 
0.0191, 0.019, 0.0195, 0.0218, 0.0215, 0.0224, 0.0227, 0.0221, 
0.0241, 0.0231, 0.0268, 44.2, 28.9, 54.5, 50.7, 24.7, 66.3, 69.3, 
59.8, 82.3, 62.6, 90, 192, 839, 176, 82, 794, 1504, 583, 1034, 
1141, 1329, 1493, 21, 1, 10, 17, 4, 2, 1, 4, 3, 3, 1, 100, 100, 
100, 100, 100, 100, 100, 100, 100, 100, 100, 2500, 2500, 2500, 
2500, 2500, 2500, 2500, 2500, 2500, 2500, 2500, 7717.346, 7717.466, 
7575.974, 7727.951, 7182.776, 7392.25999999999, 7394.77, 7428.026, 
7448.97099999999, 7565.65299999999, 7608.554, 1, 1, 1, 1, 1, 
1, 1, 1, 1, 1, 1, 0.05263, 0.05263, 0.05263, 0.05263, 0.05263, 
0.05263, 0.05263, 0.05263, 0.05263, 0.05263, 0.05263, 0, 0, 0, 
0, 0, 0, 0, 0, 0, 0, 0, 0, 0, 0, 0, 0, 0, 0, 0, 0, 0, 0, 0.84921, 
0.81528, 0.82, 0.85182, 0.86333, 0.83147, 0.83471, 0.84918, 0.81667, 
0.8594, 0.85902, 0.83671, 0.82778, 0.81889, 0.88182, 0.86333, 
0.8148, 0.82701, 0.84203, 0.82333, 0.8594, 0.8524, 0.019, 0.0186, 
0.0183, 0.0221, 0.0184, 0.0209, 0.0202, 0.0203, 0.0218, 0.0224, 
0.0228, 30, 33.3, 35.6, 40.2, 42.9, 44.6, 46.1, 50.8, 55.4, 54.9, 
56.7, 1, 1, 1, 1, 1, 1, 1, 1, 1, 1, 1, 1, 1, 1, 1, 1, 1, 1, 1, 
1, 1, 1, 1, 1, 1, 1, 1, 1, 1, 1, 1, 1, 1, 1, 1, 1, 1, 1, 1, 1, 
1, 1, 1, 1, 3.074, 3.117, 3.006, 3.069, 2.796, 3.017, 2.971, 
2.915, 3.036, 3.063, 3.055), .Dim = c(11L, 40L), .Dimnames = list(
    NULL, c("Sampling", "PSO.cost", "PSO.gamma", "PSO.data.balancing", 
    "PSO.feature.selection", "PSO.valid.acc", "PSO.test.acc", 
    "PSO.train.time", "PSO.n.support.vectors", "PSO.index", "PSO.n.solutions", 
    "PSO.generations", "PSO.n.evaluations", "PSO.cpu.time", "RS.cost", 
    "RS.gamma", "RS.data.balancing", "RS.feature.selection", 
    "RS.valid.acc", "RS.test.acc", "RS.train.time", "RS.n.support.vectors", 
    "RS.index", "RS.n.solutions", "RS.generations", "RS.n.evaluations", 
    "RS.cpu.time", "DF.cost", "DF.gamma", "DF.data.balancing", 
    "DF.feature.selection", "DF.valid.acc", "DF.test.acc", "DF.train.time", 
    "DF.n.support.vectors", "DF.index", "DF.n.solutions", "DF.generations", 
    "DF.n.evaluations", "DF.cpu.time")))
