full <-
structure(c(50, 55, 60, 65, 70, 75, 80, 85, 90, 95, 100, 0.14351, 
6.80041, 15, 0.25503, 0.81682, 0.40551, 0.13094, 0.89213, 0.79962, 
1.14247, 3.36379, -3.19689, -3.54382, -2.33283, -2.54358, -2.21009, 
-2.49367, -2.69693, -2.41064, -1.8604, -2.35972, -6.22539, 0, 
0, 0, 0, 0, 0, 0, 0, 0, 0, 0, 0, 0, 0, 0, 0, 0, 0, 0, 0, 0, 0, 
0.8881, 0.87083, 0.87667, 0.88343, 0.88288, 0.88904, 0.90513, 
0.88901, 0.87333, 0.89315, 0.88417, 0.8756, 0.84861, 0.86556, 
0.87253, 0.84394, 0.87174, 0.90449, 0.88123, 0.87381, 0.85935, 
0.87833, 0.0167, 0.0162, 0.0174, 0.0185, 0.0193, 0.0194, 0.0201, 
0.0203, 0.0229, 0.0234, 0.0193, 40, 37.3, 55.8, 56.4, 65.9, 64.1, 
61.3, 72, 89.6, 80.5, 47.3, 309, 55, 46, 646, 539, 590, 311, 
1253, 1003, 424, 326, 280, 293, 1331, 235, 532, 635, 821, 139, 
108, 573, 92, 100, 100, 100, 100, 100, 100, 100, 100, 100, 100, 
100, 2500, 2500, 2500, 2500, 2500, 2500, 2500, 2500, 2500, 2500, 
2500, 6462.147, 6485.247, 6525.808, 6439.336, 6404.964, 6432.785, 
6610.88799999999, 6770.97499999999, 6695.673, 6722.921, 6648.71700000002, 
0.18907, 0.36608, 0.04909, 0.62149, 0.01929, 0.35385, 0.54413, 
10.43489, 0.79522, 0.96335, 5.14985, -2.7593, -2.22024, -2.53907, 
-2.55003, -2.70524, -2.72459, -2.48897, -1.96577, -1.87147, -2.78151, 
-8.39325, 0, 0, 0, 0, 0, 0, 0, 0, 0, 0, 0, 0, 0, 0, 0, 0, 0, 
0, 0, 0, 0, 0, 0.8881, 0.87222, 0.88556, 0.87343, 0.87379, 0.88904, 
0.90513, 0.88178, 0.87333, 0.88649, 0.88417, 0.8756, 0.86111, 
0.87556, 0.86253, 0.81742, 0.84522, 0.89679, 0.87463, 0.86714, 
0.86643, 0.87125, 0.0176, 0.0171, 0.0177, 0.0176, 0.019, 0.0189, 
0.0199, 0.0214, 0.0219, 0.0215, 0.0213, 43.2, 52.7, 52.7, 57.1, 
55.9, 59.3, 66.2, 81.4, 89.2, 73.1, 45.2, 1890, 1134, 748, 616, 
79, 628, 1494, 647, 1092, 664, 397, 2, 1, 1, 5, 2, 2, 1, 6, 1, 
1, 2, 100, 100, 100, 100, 100, 100, 100, 100, 100, 100, 100, 
2500, 2500, 2500, 2500, 2500, 2500, 2500, 2500, 2500, 2500, 2500, 
6429.623, 6458.935, 6432.211, 6353.279, 6453.891, 6533.22899999999, 
6665.807, 6665.693, 6690.291, 6713.586, 6564.43599999999, 1, 
1, 1, 1, 1, 1, 1, 1, 1, 1, 1, 0.05263, 0.05263, 0.05263, 0.05263, 
0.05263, 0.05263, 0.05263, 0.05263, 0.05263, 0.05263, 0.05263, 
0, 0, 0, 0, 0, 0, 0, 0, 0, 0, 0, 0, 0, 0, 0, 0, 0, 0, 0, 0, 0, 
0, 0.86448, 0.8375, 0.87556, 0.84232, 0.83652, 0.85431, 0.86667, 
0.83846, 0.83857, 0.86685, 0.85875, 0.86448, 0.8375, 0.86556, 
0.86141, 0.82742, 0.84522, 0.88974, 0.82244, 0.85238, 0.86101, 
0.85875, 0.0159, 0.0166, 0.0165, 0.0165, 0.0191, 0.0175, 0.0185, 
0.0208, 0.0216, 0.0204, 0.0202, 31.8, 34.3, 35.4, 36.9, 42, 43.5, 
46.4, 50, 54.5, 57, 56.1, 1, 1, 1, 1, 1, 1, 1, 1, 1, 1, 1, 1, 
1, 1, 1, 1, 1, 1, 1, 1, 1, 1, 1, 1, 1, 1, 1, 1, 1, 1, 1, 1, 1, 
1, 1, 1, 1, 1, 1, 1, 1, 1, 1, 1, 2.488, 2.518, 2.504, 2.473, 
2.666, 2.507, 2.577, 2.769, 2.732, 2.616, 2.589), .Dim = c(11L, 
40L), .Dimnames = list(NULL, c("Sampling", "PSO.cost", "PSO.gamma", 
"PSO.data.balancing", "PSO.feature.selection", "PSO.valid.acc", 
"PSO.test.acc", "PSO.train.time", "PSO.n.support.vectors", "PSO.index", 
"PSO.n.solutions", "PSO.generations", "PSO.n.evaluations", "PSO.cpu.time", 
"RS.cost", "RS.gamma", "RS.data.balancing", "RS.feature.selection", 
"RS.valid.acc", "RS.test.acc", "RS.train.time", "RS.n.support.vectors", 
"RS.index", "RS.n.solutions", "RS.generations", "RS.n.evaluations", 
"RS.cpu.time", "DF.cost", "DF.gamma", "DF.data.balancing", "DF.feature.selection", 
"DF.valid.acc", "DF.test.acc", "DF.train.time", "DF.n.support.vectors", 
"DF.index", "DF.n.solutions", "DF.generations", "DF.n.evaluations", 
"DF.cpu.time")))
