full <-
structure(c(50, 55, 60, 65, 70, 75, 80, 85, 90, 95, 100, 9.54613, 
13.20848, 9.4886, 15, 4.56624, 6.03094, 11.22408, 2.1343, 2.71805, 
13.92341, 6.29703, -4.86763, -10.46851, -7.24894, -12.12848, 
-2.40426, -4.09475, -8.82897, -2.55437, -2.79942, -14.36081, 
-4.22585, 0, 0, 0, 0, 0, 0, 0, 0, 0, 0, 0, 0, 0, 0, 0, 0, 0, 
0, 0, 0, 0, 0, 0.99, 0.98333, 1, 1, 1, 0.98199, 0.98297, 0.97836, 
0.98, 0.98571, 0.98117, 0.98, 0.97488, 0.98516, 0.99333, 1, 0.97055, 
0.97146, 0.97281, 0.96974, 0.96119, 0.97208, 0.01, 0.0103, 0.0104, 
0.0104, 0.0115, 0.0111, 0.0112, 0.0124, 0.0126, 0.0119, 0.0119, 
12.9, 11.1, 12.1, 11.1, 34.5, 19.6, 13.1, 40.4, 38.2, 25.1, 23.5, 
63, 370, 38, 105, 569, 36, 57, 25, 438, 14, 788, 1306, 71, 236, 
1096, 530, 327, 165, 393, 143, 310, 193, 100, 100, 100, 100, 
100, 100, 100, 100, 100, 100, 100, 2500, 2500, 2500, 2500, 2500, 
2500, 2500, 2500, 2500, 2500, 2500, 6908.714, 6948.99, 6862.903, 
6833.757, 6833.763, 6867.284, 6805.25599999999, 6840.288, 6862.19100000001, 
6872.82900000001, 6824.36899999998, 11.01741, 11.51534, 13.75608, 
14.97591, 5.75821, 5.79322, 14.48399, 8.41382, 3.04799, 5.12243, 
11.15363, -4.92007, -8.81323, -11.43615, -11.90416, -2.74257, 
-3.88696, -12.24526, -9.74634, -3.07369, -5.79297, -8.26245, 
0, 0, 0, 0, 0, 0, 0, 0, 0, 0, 0, 0, 0, 0, 0, 0, 0, 0, 0, 0, 0, 
0, 0.99, 0.98333, 1, 1, 0.99333, 0.98199, 0.98297, 0.97836, 0.98, 
0.98571, 0.97208, 0.98, 0.98258, 0.98516, 0.99333, 0.98, 0.97055, 
0.97672, 0.97836, 0.96974, 0.96595, 0.97229, 0.0102, 0.01, 0.0104, 
0.0106, 0.0115, 0.0107, 0.0109, 0.0113, 0.0127, 0.0118, 0.012, 
12.6, 12, 11.2, 11.1, 29.2, 21.6, 13, 25.7, 36.5, 27.6, 14.4, 
153, 273, 202, 9, 373, 399, 48, 3, 628, 23, 870, 9, 8, 15, 8, 
16, 10, 10, 131, 2, 63, 12, 100, 100, 100, 100, 100, 100, 100, 
100, 100, 100, 100, 2500, 2500, 2500, 2500, 2500, 2500, 2500, 
2500, 2500, 2500, 2500, 6933.661, 6903.807, 6912.627, 6844.735, 
6845.838, 6830.09699999999, 6816.78600000001, 6855.382, 6881.86899999999, 
6838.71000000001, 6870.18700000001, 1, 1, 1, 1, 1, 1, 1, 1, 1, 
1, 1, 0.2, 0.2, 0.2, 0.2, 0.2, 0.2, 0.2, 0.2, 0.2, 0.2, 0.2, 
0, 0, 0, 0, 0, 0, 0, 0, 0, 0, 0, 0, 0, 0, 0, 0, 0, 0, 0, 0, 0, 
0, 0.92364, 0.9345, 0.93654, 0.94374, 0.95994, 0.95138, 0.94324, 
0.95117, 0.95947, 0.95281, 0.95823, 0.92364, 0.9245, 0.94487, 
0.95088, 0.94744, 0.9643, 0.95476, 0.95175, 0.94447, 0.95234, 
0.95368, 0.0108, 0.0111, 0.0108, 0.0115, 0.0118, 0.0121, 0.0128, 
0.0126, 0.0127, 0.0137, 0.0138, 36.6, 39.9, 43.1, 46.1, 46.3, 
47.5, 51.3, 53.4, 54.3, 58.3, 59.5, 1, 1, 1, 1, 1, 1, 1, 1, 1, 
1, 1, 1, 1, 1, 1, 1, 1, 1, 1, 1, 1, 1, 1, 1, 1, 1, 1, 1, 1, 1, 
1, 1, 1, 1, 1, 1, 1, 1, 1, 1, 1, 1, 1, 1, 2.809, 2.686, 2.683, 
2.748, 2.793, 2.779, 2.797, 2.658, 2.629, 2.771, 2.784), .Dim = c(11L, 
40L), .Dimnames = list(NULL, c("Sampling", "PSO.cost", "PSO.gamma", 
"PSO.data.balancing", "PSO.feature.selection", "PSO.valid.acc", 
"PSO.test.acc", "PSO.train.time", "PSO.n.support.vectors", "PSO.index", 
"PSO.n.solutions", "PSO.generations", "PSO.n.evaluations", "PSO.cpu.time", 
"RS.cost", "RS.gamma", "RS.data.balancing", "RS.feature.selection", 
"RS.valid.acc", "RS.test.acc", "RS.train.time", "RS.n.support.vectors", 
"RS.index", "RS.n.solutions", "RS.generations", "RS.n.evaluations", 
"RS.cpu.time", "DF.cost", "DF.gamma", "DF.data.balancing", "DF.feature.selection", 
"DF.valid.acc", "DF.test.acc", "DF.train.time", "DF.n.support.vectors", 
"DF.index", "DF.n.solutions", "DF.generations", "DF.n.evaluations", 
"DF.cpu.time")))
