full <-
structure(c(50, 55, 60, 65, 70, 75, 80, 85, 90, 95, 100, 9.34517, 
13.46256, 6.12637, 12.00515, 14.66506, 14.93647, 9.76659, 8.02089, 
12.54005, 11.04158, 9.95139, -8.37104, -9.97294, -5.8594, -9.30631, 
-11.16228, -3.37281, -10.76646, -7.78919, -11.51559, -7.9548, 
-6.91828, 0, 0, 0, 0, 0, 0, 0, 0, 0, 0, 0, 0, 0, 0, 0, 0, 0, 
0, 0, 0, 0, 0, 0.97258, 0.96579, 0.96978, 0.97286, 0.98667, 0.97532, 
0.97745, 0.98389, 0.98918, 0.98071, 0.97727, 0.92697, 0.9581, 
0.93956, 0.95952, 0.98, 0.96355, 0.96569, 0.97333, 0.97966, 0.97571, 
0.96775, 0.0104, 0.01, 0.0112, 0.0107, 0.0111, 0.0112, 0.0116, 
0.0119, 0.0122, 0.012, 0.0119, 14.2, 10.2, 19.3, 11.8, 10.6, 
22, 24.3, 20, 16.8, 13.4, 14.3, 607, 41, 45, 90, 21, 58, 251, 
26, 3, 638, 135, 205, 331, 189, 423, 463, 1559, 76, 213, 87, 
101, 132, 100, 100, 100, 100, 100, 100, 100, 100, 100, 100, 100, 
2500, 2500, 2500, 2500, 2500, 2500, 2500, 2500, 2500, 2500, 2500, 
7081.006, 7103.357, 7553.48, 7479.603, 7508.756, 7362.769, 7336.78599999999, 
7722.7, 7479.996, 7192.155, 7201.99900000001, 9.15849, 13.02407, 
9.33432, 12.1161, 14.95867, 11.69011, 12.92216, 8.85585, 12.94445, 
10.5927, 8.21633, -8.16597, -9.66696, -9.06035, -8.9758, -11.35721, 
-3.93598, -13.93093, -8.66161, -11.92271, -7.68072, -5.82842, 
0, 0, 0, 0, 0, 0, 0, 0, 0, 0, 0, 0, 0, 0, 0, 0, 0, 0, 0, 0, 0, 
0, 0.97258, 0.96579, 0.96978, 0.97286, 0.98667, 0.97532, 0.97745, 
0.98389, 0.98918, 0.98071, 0.97727, 0.92697, 0.96579, 0.94725, 
0.95905, 0.98, 0.96355, 0.96569, 0.97333, 0.97966, 0.98071, 0.97251, 
0.01, 0.0106, 0.0109, 0.0108, 0.0113, 0.0111, 0.0117, 0.012, 
0.0112, 0.0111, 0.012, 14.2, 10.3, 17.3, 10.7, 10.4, 17.7, 24.4, 
20.5, 16.8, 13.5, 17, 1121, 92, 237, 317, 2051, 44, 498, 41, 
179, 120, 503, 1, 30, 15, 29, 1, 87, 8, 24, 2, 4, 1, 100, 100, 
100, 100, 100, 100, 100, 100, 100, 100, 100, 2500, 2500, 2500, 
2500, 2500, 2500, 2500, 2500, 2500, 2500, 2500, 7140.355, 7182.75, 
7479.894, 7549.68, 7444.86599999999, 7397.264, 7463.39999999999, 
7539.53600000001, 7266.493, 7272.21400000001, 9262.606, 1, 1, 
1, 1, 1, 1, 1, 1, 1, 1, 1, 0.2, 0.2, 0.2, 0.2, 0.2, 0.2, 0.2, 
0.2, 0.2, 0.2, 0.2, 0, 0, 0, 0, 0, 0, 0, 0, 0, 0, 0, 0, 0, 0, 
0, 0, 0, 0, 0, 0, 0, 0, 0.9353, 0.92325, 0.92299, 0.92993, 0.94792, 
0.95105, 0.96046, 0.96333, 0.95458, 0.9469, 0.95823, 0.91712, 
0.93234, 0.93892, 0.93549, 0.95417, 0.95105, 0.96046, 0.95722, 
0.9649, 0.9469, 0.95823, 0.0105, 0.0129, 0.0122, 0.0113, 0.0139, 
0.0126, 0.0128, 0.0132, 0.0141, 0.0132, 0.0161, 35.1, 38.3, 41.8, 
46.3, 48.4, 50.1, 51.4, 54.9, 56, 58.9, 58.5, 1, 1, 1, 1, 1, 
1, 1, 1, 1, 1, 1, 1, 1, 1, 1, 1, 1, 1, 1, 1, 1, 1, 1, 1, 1, 1, 
1, 1, 1, 1, 1, 1, 1, 1, 1, 1, 1, 1, 1, 1, 1, 1, 1, 1, 2.915, 
2.865, 3.077, 2.837, 2.919, 2.86, 3.031, 3.062, 2.96, 2.888, 
4.186), .Dim = c(11L, 40L), .Dimnames = list(NULL, c("Sampling", 
"PSO.cost", "PSO.gamma", "PSO.data.balancing", "PSO.feature.selection", 
"PSO.valid.acc", "PSO.test.acc", "PSO.train.time", "PSO.n.support.vectors", 
"PSO.index", "PSO.n.solutions", "PSO.generations", "PSO.n.evaluations", 
"PSO.cpu.time", "RS.cost", "RS.gamma", "RS.data.balancing", "RS.feature.selection", 
"RS.valid.acc", "RS.test.acc", "RS.train.time", "RS.n.support.vectors", 
"RS.index", "RS.n.solutions", "RS.generations", "RS.n.evaluations", 
"RS.cpu.time", "DF.cost", "DF.gamma", "DF.data.balancing", "DF.feature.selection", 
"DF.valid.acc", "DF.test.acc", "DF.train.time", "DF.n.support.vectors", 
"DF.index", "DF.n.solutions", "DF.generations", "DF.n.evaluations", 
"DF.cpu.time")))
