full <-
structure(c(50, 55, 60, 65, 70, 75, 80, 85, 90, 95, 100, 14.30183, 
12.80784, 7.82471, 9.87875, 11.48102, 4.61207, 12.91517, 12.65384, 
13.00089, 11.69646, 11.11877, -14.72449, -14.494, -7.25742, -8.09485, 
-4.24117, -2.09201, -6.40578, -8.75455, -11.88072, -13.87456, 
-7.07311, 0, 0, 0, 0, 0, 0, 0, 0, 0, 0, 0, 0, 0, 0, 0, 0, 0, 
0, 0, 0, 0, 0, 0.99, 0.98258, 0.99286, 0.98516, 0.99375, 0.99333, 
0.9833, 0.98421, 0.97521, 0.96732, 0.98139, 0.98091, 0.97424, 
0.98452, 0.98516, 0.98661, 0.98745, 0.97117, 0.97895, 0.96545, 
0.96732, 0.97208, 0.0097, 0.0113, 0.0103, 0.0138, 0.0143, 0.0138, 
0.0129, 0.0142, 0.0141, 0.0154, 0.0159, 13.6, 20, 13.5, 11, 16.9, 
36.3, 12.8, 12.6, 17.8, 33.6, 13.2, 158, 8, 190, 3, 41, 338, 
22, 3, 613, 6, 135, 550, 153, 41, 418, 1586, 785, 1441, 1082, 
52, 279, 186, 100, 100, 100, 100, 100, 100, 100, 100, 100, 100, 
100, 2500, 2500, 2500, 2500, 2500, 2500, 2500, 2500, 2500, 2500, 
2500, 7280.055, 7204.222, 7296.684, 10908.64, 10137.373, 9444.62700000001, 
9911.41, 10473.293, 10409.771, 11247.389, 10610.327, 13.04504, 
8.52101, 8.37265, 8.70068, 8.90777, 4.34611, 13.06169, 14.18278, 
10.48044, 4.81743, 12.45894, -13.36142, -10.09735, -7.7732, -7.35338, 
-4.19937, -1.91901, -5.89064, -11.2751, -9.38523, -6.94488, -8.66993, 
0, 0, 0, 0, 0, 0, 0, 0, 0, 0, 0, 0, 0, 0, 0, 0, 0, 0, 0, 0, 0, 
0, 0.99, 0.98258, 0.99286, 0.98516, 0.99375, 0.99333, 0.9833, 
0.98421, 0.97521, 0.96732, 0.98139, 0.98091, 0.97424, 0.97683, 
0.98516, 0.98661, 0.98157, 0.97117, 0.97895, 0.96545, 0.96732, 
0.96732, 0.0108, 0.0108, 0.0105, 0.0146, 0.0138, 0.0145, 0.0133, 
0.014, 0.0138, 0.0162, 0.0142, 13.4, 19.3, 13.6, 12.1, 16.9, 
38.1, 13.7, 12, 18, 33.3, 13.3, 110, 366, 297, 11, 7, 151, 20, 
6, 2124, 24, 23, 18, 16, 8, 112, 90, 7, 103, 162, 2, 50, 15, 
100, 100, 100, 100, 100, 100, 100, 100, 100, 100, 100, 2500, 
2500, 2500, 2500, 2500, 2500, 2500, 2500, 2500, 2500, 2500, 7290.846, 
7349.265, 8408.228, 10529.421, 9486.36, 9572.33099999999, 10046.798, 
10436.667, 10415.4, 11223.297, 10434.482, 1, 1, 1, 1, 1, 1, 1, 
1, 1, 1, 1, 0.2, 0.2, 0.2, 0.2, 0.2, 0.2, 0.2, 0.2, 0.2, 0.2, 
0.2, 0, 0, 0, 0, 0, 0, 0, 0, 0, 0, 0, 0, 0, 0, 0, 0, 0, 0, 0, 
0, 0, 0, 0.94273, 0.93182, 0.93874, 0.9504, 0.96036, 0.94475, 
0.93736, 0.95234, 0.9494, 0.95755, 0.95325, 0.9253, 0.94015, 
0.94588, 0.95088, 0.96036, 0.95064, 0.93871, 0.95234, 0.94992, 
0.95303, 0.95346, 0.01, 0.0107, 0.0147, 0.0146, 0.0133, 0.0148, 
0.0157, 0.0145, 0.0161, 0.0181, 0.0158, 32.7, 37, 39.5, 42.9, 
45.5, 47.2, 49.8, 52.5, 55.4, 57.8, 58.5, 1, 1, 1, 1, 1, 1, 1, 
1, 1, 1, 1, 1, 1, 1, 1, 1, 1, 1, 1, 1, 1, 1, 1, 1, 1, 1, 1, 1, 
1, 1, 1, 1, 1, 1, 1, 1, 1, 1, 1, 1, 1, 1, 1, 1, 2.667, 2.778, 
4.641, 4.189, 3.542, 3.932, 4.21, 3.82, 4.001, 4.795, 3.757), .Dim = c(11L, 
40L), .Dimnames = list(NULL, c("Sampling", "PSO.cost", "PSO.gamma", 
"PSO.data.balancing", "PSO.feature.selection", "PSO.valid.acc", 
"PSO.test.acc", "PSO.train.time", "PSO.n.support.vectors", "PSO.index", 
"PSO.n.solutions", "PSO.generations", "PSO.n.evaluations", "PSO.cpu.time", 
"RS.cost", "RS.gamma", "RS.data.balancing", "RS.feature.selection", 
"RS.valid.acc", "RS.test.acc", "RS.train.time", "RS.n.support.vectors", 
"RS.index", "RS.n.solutions", "RS.generations", "RS.n.evaluations", 
"RS.cpu.time", "DF.cost", "DF.gamma", "DF.data.balancing", "DF.feature.selection", 
"DF.valid.acc", "DF.test.acc", "DF.train.time", "DF.n.support.vectors", 
"DF.index", "DF.n.solutions", "DF.generations", "DF.n.evaluations", 
"DF.cpu.time")))
