full <-
structure(c(50, 55, 60, 65, 70, 75, 80, 85, 90, 95, 100, 11.68929, 
13.45843, 6.13096, 15, 4.94215, 11.16751, 8.1079, 9.16287, 6.47738, 
11.63636, 7.95178, -6.18825, -10.81279, -1.88125, -1.4905, -3.72486, 
-7.60181, -1.57919, -5.81988, -3.89761, -9.09265, -6.17918, 0, 
0, 0, 0, 0, 0, 0, 0, 0, 0, 0, 0, 0, 0, 0, 0, 0, 0, 0, 0, 0, 0, 
0.99091, 0.98397, 1, 0.99333, 0.98708, 0.99375, 0.98889, 0.9833, 
0.99024, 0.98093, 0.97706, 0.98182, 0.99231, 0.99231, 0.98564, 
0.97417, 0.9875, 0.98889, 0.95601, 0.96916, 0.97117, 0.96299, 
0.0096, 0.0104, 0.011, 0.0112, 0.0107, 0.0101, 0.012, 0.0112, 
0.0119, 0.0128, 0.0136, 11.5, 11.4, 32.5, 37.7, 23, 11.3, 43.3, 
13.7, 22, 14.4, 18.5, 30, 11, 43, 31, 4, 3, 30, 547, 283, 208, 
165, 1325, 245, 1112, 1684, 658, 1418, 1186, 276, 585, 665, 537, 
100, 100, 100, 100, 100, 100, 100, 100, 100, 100, 100, 2500, 
2500, 2500, 2500, 2500, 2500, 2500, 2500, 2500, 2500, 2500, 6075.977, 
6223.412, 6161.363, 6200.368, 6264.988, 6273.017, 6322.228, 6293.83199999999, 
6461.24900000001, 8633.48299999999, 8628.72, 9.00193, 10.69603, 
11.6157, 4.22438, 13.79287, 14.4614, 13.9452, 8.4372, 6.486, 
10.80924, 7.02127, -5.9397, -8.097, -1.92587, -2.41362, -2.1886, 
-10.71612, -1.71261, -5.3229, -3.23515, -8.00326, -5.62937, 0, 
0, 0, 0, 0, 0, 0, 0, 0, 0, 0, 0, 0, 0, 0, 0, 0, 0, 0, 0, 0, 0, 
0.99091, 0.98397, 1, 0.99333, 0.98708, 0.99375, 0.98889, 0.9833, 
0.98548, 0.98093, 0.97706, 0.98182, 0.99231, 0.99231, 0.98564, 
0.98042, 0.99375, 0.98889, 0.95601, 0.98021, 0.97117, 0.96775, 
0.0093, 0.01, 0.01, 0.0109, 0.0106, 0.0104, 0.0121, 0.0113, 0.0148, 
0.0129, 0.0132, 12.4, 11.7, 31.8, 30.6, 31.8, 10, 41.5, 14.8, 
24.9, 13.5, 20.4, 12, 107, 16, 12, 16, 14, 35, 317, 1433, 93, 
28, 24, 22, 32, 202, 230, 129, 42, 7, 2, 14, 10, 100, 100, 100, 
100, 100, 100, 100, 100, 100, 100, 100, 2500, 2500, 2500, 2500, 
2500, 2500, 2500, 2500, 2500, 2500, 2500, 6235.318, 6283.754, 
6194.887, 6259.987, 6288.865, 6327.12599999999, 6333.288, 6373.863, 
7266.917, 8644.459, 8586.43099999998, 1, 1, 1, 1, 1, 1, 1, 1, 
1, 1, 1, 0.2, 0.2, 0.2, 0.2, 0.2, 0.2, 0.2, 0.2, 0.2, 0.2, 0.2, 
0, 0, 0, 0, 0, 0, 0, 0, 0, 0, 0, 0, 0, 0, 0, 0, 0, 0, 0, 0, 0, 
0, 0.94348, 0.93374, 0.95366, 0.95802, 0.96702, 0.95625, 0.94837, 
0.94042, 0.93458, 0.96048, 0.96753, 0.93606, 0.9317, 0.92161, 
0.9585, 0.95369, 0.95625, 0.94869, 0.95218, 0.94461, 0.95595, 
0.9539, 0.0104, 0.0106, 0.0109, 0.0116, 0.0112, 0.0116, 0.0128, 
0.0138, 0.0147, 0.0148, 0.0149, 41, 41.7, 45.8, 46.5, 48.1, 49.7, 
51.3, 53.8, 56.7, 57.5, 58.7, 1, 1, 1, 1, 1, 1, 1, 1, 1, 1, 1, 
1, 1, 1, 1, 1, 1, 1, 1, 1, 1, 1, 1, 1, 1, 1, 1, 1, 1, 1, 1, 1, 
1, 1, 1, 1, 1, 1, 1, 1, 1, 1, 1, 1, 2.494, 2.581, 2.407, 2.524, 
2.492, 2.513, 2.538, 2.593, 3.508, 3.469, 3.391), .Dim = c(11L, 
40L), .Dimnames = list(NULL, c("Sampling", "PSO.cost", "PSO.gamma", 
"PSO.data.balancing", "PSO.feature.selection", "PSO.valid.acc", 
"PSO.test.acc", "PSO.train.time", "PSO.n.support.vectors", "PSO.index", 
"PSO.n.solutions", "PSO.generations", "PSO.n.evaluations", "PSO.cpu.time", 
"RS.cost", "RS.gamma", "RS.data.balancing", "RS.feature.selection", 
"RS.valid.acc", "RS.test.acc", "RS.train.time", "RS.n.support.vectors", 
"RS.index", "RS.n.solutions", "RS.generations", "RS.n.evaluations", 
"RS.cpu.time", "DF.cost", "DF.gamma", "DF.data.balancing", "DF.feature.selection", 
"DF.valid.acc", "DF.test.acc", "DF.train.time", "DF.n.support.vectors", 
"DF.index", "DF.n.solutions", "DF.generations", "DF.n.evaluations", 
"DF.cpu.time")))
