full <-
structure(c(50, 55, 60, 65, 70, 75, 80, 85, 90, 95, 100, 6.75754, 
4.11855, 2.08814, 4.22216, 6.32391, 5.34196, 6.64416, 10.52561, 
5.34506, 11.73942, 12.32488, -4.96887, -4.42656, -2.83925, -5.24364, 
-2.87044, -2.04929, -6.12113, -7.18426, -2.51135, -8.4018, -8.37441, 
0, 0, 0, 0, 0, 0, 0, 0, 0, 0, 0, 0, 0, 0, 0, 0, 0, 0, 0, 0, 0, 
0, 0.99091, 0.98258, 0.9685, 0.96469, 0.98042, 0.9875, 0.97712, 
0.98421, 0.97913, 0.97091, 0.97662, 0.98182, 0.98258, 0.96016, 
0.96366, 0.96792, 0.96949, 0.94212, 0.96813, 0.97468, 0.95115, 
0.95801, 0.0098, 0.0096, 0.0108, 0.0106, 0.0114, 0.0125, 0.0114, 
0.0111, 0.0123, 0.0123, 0.0117, 14, 21.9, 35.3, 26.2, 27.2, 37.3, 
21.9, 14.4, 35.1, 14.3, 13.5, 83, 32, 18, 1723, 807, 229, 2329, 
114, 165, 288, 19, 668, 1102, 241, 1, 261, 329, 1, 133, 145, 
283, 283, 100, 100, 100, 100, 100, 100, 100, 100, 100, 100, 100, 
2500, 2500, 2500, 2500, 2500, 2500, 2500, 2500, 2500, 2500, 2500, 
6595.479, 6475.763, 6587.246, 6478.019, 6380.63200000001, 6604.177, 
6769.54300000001, 6829.53700000001, 6801.099, 6833.98699999999, 
6352.39299999998, 5.87627, 5.09509, 3.72712, 4.27291, 6.36361, 
5.3432, 13.54598, 7.55233, 5.12385, 13.32356, 12.37728, -4.74772, 
-4.1062, -4.40782, -5.29753, -2.88451, -2.13953, -13.05856, -5.90037, 
-2.45967, -10.75617, -8.37164, 0, 0, 0, 0, 0, 0, 0, 0, 0, 0, 
0, 0, 0, 0, 0, 0, 0, 0, 0, 0, 0, 0, 0.99091, 0.98258, 0.9685, 
0.96469, 0.98042, 0.9875, 0.97157, 0.98421, 0.97913, 0.97091, 
0.97662, 0.97273, 0.98258, 0.95247, 0.96366, 0.96792, 0.96949, 
0.948, 0.96813, 0.96413, 0.95115, 0.95801, 0.01, 0.0104, 0.0109, 
0.0099, 0.0114, 0.012, 0.0109, 0.0121, 0.0128, 0.0113, 0.0117, 
15.5, 19.1, 27.2, 26.2, 27.1, 36.3, 20.5, 19.8, 36.9, 14.1, 13, 
39, 21, 340, 380, 2150, 2232, 381, 336, 428, 175, 443, 31, 29, 
17, 1, 1, 1, 5, 4, 4, 9, 25, 100, 100, 100, 100, 100, 100, 100, 
100, 100, 100, 100, 2500, 2500, 2500, 2500, 2500, 2500, 2500, 
2500, 2500, 2500, 2500, 6546.115, 6624.866, 6424.64000000001, 
6392.242, 6456.736, 6755.287, 6799.88099999999, 6837.05200000001, 
6834.988, 6662.13699999999, 6434.51300000001, 1, 1, 1, 1, 1, 
1, 1, 1, 1, 1, 1, 0.2, 0.2, 0.2, 0.2, 0.2, 0.2, 0.2, 0.2, 0.2, 
0.2, 0.2, 0, 0, 0, 0, 0, 0, 0, 0, 0, 0, 0, 0, 0, 0, 0, 0, 0, 
0, 0, 0, 0, 0, 0.94364, 0.94773, 0.94597, 0.9278, 0.94744, 0.93814, 
0.96009, 0.94123, 0.95889, 0.96115, 0.97208, 0.93364, 0.93234, 
0.94597, 0.92911, 0.93494, 0.93855, 0.95907, 0.93567, 0.96389, 
0.95139, 0.95346, 0.0104, 0.0112, 0.0108, 0.0116, 0.0123, 0.0121, 
0.0123, 0.0132, 0.0125, 0.0129, 0.0141, 39.6, 42.6, 46.6, 49.3, 
51, 52.9, 55.9, 56.8, 58.7, 59.4, 59.4, 1, 1, 1, 1, 1, 1, 1, 
1, 1, 1, 1, 1, 1, 1, 1, 1, 1, 1, 1, 1, 1, 1, 1, 1, 1, 1, 1, 1, 
1, 1, 1, 1, 1, 1, 1, 1, 1, 1, 1, 1, 1, 1, 1, 1, 2.681, 2.633, 
2.487, 2.726, 2.71, 2.729, 2.732, 2.74, 2.748, 2.627, 2.493), .Dim = c(11L, 
40L), .Dimnames = list(NULL, c("Sampling", "PSO.cost", "PSO.gamma", 
"PSO.data.balancing", "PSO.feature.selection", "PSO.valid.acc", 
"PSO.test.acc", "PSO.train.time", "PSO.n.support.vectors", "PSO.index", 
"PSO.n.solutions", "PSO.generations", "PSO.n.evaluations", "PSO.cpu.time", 
"RS.cost", "RS.gamma", "RS.data.balancing", "RS.feature.selection", 
"RS.valid.acc", "RS.test.acc", "RS.train.time", "RS.n.support.vectors", 
"RS.index", "RS.n.solutions", "RS.generations", "RS.n.evaluations", 
"RS.cpu.time", "DF.cost", "DF.gamma", "DF.data.balancing", "DF.feature.selection", 
"DF.valid.acc", "DF.test.acc", "DF.train.time", "DF.n.support.vectors", 
"DF.index", "DF.n.solutions", "DF.generations", "DF.n.evaluations", 
"DF.cpu.time")))
