full <-
structure(c(50, 55, 60, 65, 70, 75, 80, 85, 90, 95, 100, 15, 
13.39345, 4.61642, 13.4106, 11.9065, 12.5975, 5.40779, 5.29297, 
5.88784, 6.94054, 5.78405, -12.87616, -6.22001, -5.28595, -3.08855, 
-9.5437, -9.07784, -2.49127, -3.3199, -2.1331, -5.04019, -4.32511, 
0, 0, 0, 0, 0, 0, 0, 0, 0, 0, 0, 0, 0, 0, 0, 0, 0, 0, 0, 0, 0, 
0, 0.95167, 0.95041, 0.95375, 0.97857, 0.98, 0.98264, 0.98856, 
0.98947, 0.97947, 0.97639, 0.97684, 0.95167, 0.93374, 0.93837, 
0.96429, 0.97375, 0.97051, 0.98856, 0.97339, 0.96921, 0.97093, 
0.95823, 0.01, 0.0095, 0.01, 0.011, 0.0106, 0.0118, 0.0118, 0.0112, 
0.012, 0.0114, 0.0125, 10.5, 9.7, 19.7, 22.5, 12.5, 11.5, 31.7, 
27.7, 37.8, 20.6, 24.6, 92, 11, 290, 5, 39, 71, 43, 1308, 245, 
1071, 978, 311, 1460, 102, 1211, 1209, 1309, 783, 45, 416, 35, 
33, 100, 100, 100, 100, 100, 100, 100, 100, 100, 100, 100, 2500, 
2500, 2500, 2500, 2500, 2500, 2500, 2500, 2500, 2500, 2500, 6804.961, 
6798.113, 6899.457, 6818.426, 6886.877, 6945.569, 6957.923, 6606.815, 
6494.83, 6456.485, 6606.86600000001, 12.29381, 10.78514, 3.81473, 
8.63863, 11.4472, 12.80625, 4.10023, 5.42974, 5.48268, 10.57979, 
5.6746, -10.31001, -7.31105, -4.43402, -3.13729, -8.17598, -9.60817, 
-1.98127, -3.48459, -1.88492, -6.86209, -4.20941, 0, 0, 0, 0, 
0, 0, 0, 0, 0, 0, 0, 0, 0, 0, 0, 0, 0, 0, 0, 0, 0, 0, 0.95167, 
0.95041, 0.95375, 0.97857, 0.98, 0.98264, 0.98856, 0.98421, 0.97947, 
0.97617, 0.97684, 0.95167, 0.94207, 0.94606, 0.96429, 0.97375, 
0.97051, 0.9768, 0.97865, 0.96971, 0.97593, 0.96299, 0.01, 0.0095, 
0.011, 0.0111, 0.0109, 0.0109, 0.0126, 0.0108, 0.0128, 0.0111, 
0.013, 10.3, 9.7, 22.1, 22.3, 10.6, 11.6, 40.1, 26.4, 41.6, 14.2, 
25.7, 87, 6, 34, 132, 169, 236, 109, 719, 502, 209, 1558, 30, 
107, 21, 22, 58, 34, 17, 9, 2, 2, 1, 100, 100, 100, 100, 100, 
100, 100, 100, 100, 100, 100, 2500, 2500, 2500, 2500, 2500, 2500, 
2500, 2500, 2500, 2500, 2500, 6847.593, 6909.876, 6786.271, 6880.021, 
6903.899, 6867.709, 7165.178, 6404.5, 6561.66, 6521.09499999999, 
6542.38499999998, 1, 1, 1, 1, 1, 1, 1, 1, 1, 1, 1, 0.2, 0.2, 
0.2, 0.2, 0.2, 0.2, 0.2, 0.2, 0.2, 0.2, 0.2, 0, 0, 0, 0, 0, 0, 
0, 0, 0, 0, 0, 0, 0, 0, 0, 0, 0, 0, 0, 0, 0, 0, 0.93258, 0.94207, 
0.94661, 0.94381, 0.95417, 0.9455, 0.95425, 0.95146, 0.94937, 
0.95165, 0.95411, 0.93258, 0.94207, 0.94661, 0.95095, 0.9475, 
0.93925, 0.95458, 0.96754, 0.94963, 0.95234, 0.96797, 0.0104, 
0.011, 0.011, 0.0144, 0.0119, 0.0122, 0.0131, 0.0115, 0.0125, 
0.0127, 0.0138, 32.1, 35.2, 38.5, 40.9, 41.6, 44.4, 49.6, 52.1, 
56.8, 58.5, 57.7, 1, 1, 1, 1, 1, 1, 1, 1, 1, 1, 1, 1, 1, 1, 1, 
1, 1, 1, 1, 1, 1, 1, 1, 1, 1, 1, 1, 1, 1, 1, 1, 1, 1, 1, 1, 1, 
1, 1, 1, 1, 1, 1, 1, 1, 2.735, 2.768, 2.719, 2.808, 2.827, 2.866, 
2.944, 2.391, 2.501, 2.491, 2.586), .Dim = c(11L, 40L), .Dimnames = list(
    NULL, c("Sampling", "PSO.cost", "PSO.gamma", "PSO.data.balancing", 
    "PSO.feature.selection", "PSO.valid.acc", "PSO.test.acc", 
    "PSO.train.time", "PSO.n.support.vectors", "PSO.index", "PSO.n.solutions", 
    "PSO.generations", "PSO.n.evaluations", "PSO.cpu.time", "RS.cost", 
    "RS.gamma", "RS.data.balancing", "RS.feature.selection", 
    "RS.valid.acc", "RS.test.acc", "RS.train.time", "RS.n.support.vectors", 
    "RS.index", "RS.n.solutions", "RS.generations", "RS.n.evaluations", 
    "RS.cpu.time", "DF.cost", "DF.gamma", "DF.data.balancing", 
    "DF.feature.selection", "DF.valid.acc", "DF.test.acc", "DF.train.time", 
    "DF.n.support.vectors", "DF.index", "DF.n.solutions", "DF.generations", 
    "DF.n.evaluations", "DF.cpu.time")))
