full <-
structure(c(50, 55, 60, 65, 70, 75, 80, 85, 90, 95, 100, 2.99281, 
8.10749, 10.34688, 14.67451, 8.76121, 11.70396, 1.90905, 3.12884, 
5.75367, 10.13226, 12.40218, -3.89882, -9.08936, -5.74281, -11.90915, 
-7.44062, -9.75684, -1.17474, -1.48172, -3.63517, -7.91054, -9.03224, 
0, 0, 0, 0, 0, 0, 0, 0, 0, 0, 0, 0, 0, 0, 0, 0, 0, 0, 0, 0, 0, 
0, 1, 0.99167, 0.99333, 0.99286, 0.98619, 0.98162, 0.9833, 0.97863, 
0.97516, 0.98024, 0.9816, 0.99091, 0.98258, 0.97795, 0.99286, 
0.97952, 0.98125, 0.96565, 0.97336, 0.9754, 0.97571, 0.96753, 
0.01, 0.0108, 0.0099, 0.0105, 0.0109, 0.0113, 0.013, 0.0122, 
0.0112, 0.0111, 0.0121, 23.7, 18.4, 11.4, 11.1, 14.7, 12.3, 48.1, 
46.4, 26.7, 15.4, 13.9, 145, 2, 5, 22, 37, 63, 682, 75, 48, 156, 
478, 74, 171, 1408, 358, 429, 238, 322, 812, 940, 638, 92, 100, 
100, 100, 100, 100, 100, 100, 100, 100, 100, 100, 2500, 2500, 
2500, 2500, 2500, 2500, 2500, 2500, 2500, 2500, 2500, 6009.758, 
6127.431, 6139.655, 6173.461, 6112.554, 6157.818, 6146.933, 6178.39600000001, 
6146.175, 6161.277, 6234.96799999999, 3.29286, 7.84906, 10.30656, 
13.70959, 10.95084, 9.51267, 2.03629, 3.71548, 5.53715, 10.94032, 
5.04783, -4.15968, -8.8035, -7.36472, -10.58708, -10.42562, -7.52903, 
-1.33731, -1.04515, -2.78067, -8.21949, -2.66752, 0, 0, 0, 0, 
0, 0, 0, 0, 0, 0, 0, 0, 0, 0, 0, 0, 0, 0, 0, 0, 0, 0, 1, 0.99167, 
0.99333, 0.99286, 0.98619, 0.98162, 0.9833, 0.97863, 0.97516, 
0.98024, 0.9816, 0.99091, 0.98258, 0.99333, 0.99286, 0.97952, 
0.98125, 0.96627, 0.97336, 0.96537, 0.97571, 0.97208, 0.011, 
0.0104, 0.0095, 0.0096, 0.0102, 0.011, 0.0121, 0.0122, 0.0117, 
0.0122, 0.0134, 22.6, 18.3, 11.1, 10.9, 15.8, 12.3, 46.9, 48.4, 
32.7, 14.1, 34.6, 217, 47, 2, 27, 4, 26, 2329, 56, 645, 5, 168, 
1, 37, 381, 30, 102, 11, 1, 37, 10, 14, 3, 100, 100, 100, 100, 
100, 100, 100, 100, 100, 100, 100, 2500, 2500, 2500, 2500, 2500, 
2500, 2500, 2500, 2500, 2500, 2500, 6054.633, 6145.174, 6126.217, 
6137.991, 6112.282, 6167.65300000001, 6169.44, 6201.31600000001, 
6187.93799999999, 6273.409, 6341.75200000001, 1, 1, 1, 1, 1, 
1, 1, 1, 1, 1, 1, 0.2, 0.2, 0.2, 0.2, 0.2, 0.2, 0.2, 0.2, 0.2, 
0.2, 0.2, 0, 0, 0, 0, 0, 0, 0, 0, 0, 0, 0, 0, 0, 0, 0, 0, 0, 
0, 0, 0, 0, 0, 0.97273, 0.96655, 0.96923, 0.96374, 0.96702, 0.97537, 
0.96689, 0.97836, 0.96037, 0.95643, 0.9539, 0.97413, 0.96655, 
0.96256, 0.96421, 0.95988, 0.975, 0.96039, 0.97836, 0.96463, 
0.95167, 0.96255, 0.0106, 0.0104, 0.0119, 0.0113, 0.0122, 0.0111, 
0.012, 0.0123, 0.013, 0.0141, 0.0145, 40.1, 42.2, 42.3, 43.4, 
46.5, 46.6, 48.9, 52, 55.5, 56.4, 58.7, 1, 1, 1, 1, 1, 1, 1, 
1, 1, 1, 1, 1, 1, 1, 1, 1, 1, 1, 1, 1, 1, 1, 1, 1, 1, 1, 1, 1, 
1, 1, 1, 1, 1, 1, 1, 1, 1, 1, 1, 1, 1, 1, 1, 1, 2.529, 2.364, 
2.583, 2.537, 2.524, 2.348, 2.465, 2.413, 2.516, 2.612, 2.611
), .Dim = c(11L, 40L), .Dimnames = list(NULL, c("Sampling", "PSO.cost", 
"PSO.gamma", "PSO.data.balancing", "PSO.feature.selection", "PSO.valid.acc", 
"PSO.test.acc", "PSO.train.time", "PSO.n.support.vectors", "PSO.index", 
"PSO.n.solutions", "PSO.generations", "PSO.n.evaluations", "PSO.cpu.time", 
"RS.cost", "RS.gamma", "RS.data.balancing", "RS.feature.selection", 
"RS.valid.acc", "RS.test.acc", "RS.train.time", "RS.n.support.vectors", 
"RS.index", "RS.n.solutions", "RS.generations", "RS.n.evaluations", 
"RS.cpu.time", "DF.cost", "DF.gamma", "DF.data.balancing", "DF.feature.selection", 
"DF.valid.acc", "DF.test.acc", "DF.train.time", "DF.n.support.vectors", 
"DF.index", "DF.n.solutions", "DF.generations", "DF.n.evaluations", 
"DF.cpu.time")))
