full <-
structure(c(50, 55, 60, 65, 70, 75, 80, 85, 90, 95, 100, 9.36895, 
0.71864, 3.01327, 7.9261, 1.3967, 6.65028, 4.03768, 10.37393, 
10.83982, 3.9438, 5.03767, -9.64422, -2.73366, -4.67182, -6.16616, 
-2.33524, -10.1035, -4.12325, -8.26642, -8.92932, -4.69976, -4.17094, 
0, 0, 0, 0, 0, 0, 0, 0, 0, 0, 0, 0, 0, 0, 0, 0, 0, 0, 0, 0, 0, 
0, 0.96591, 0.975, 0.96859, 0.97238, 0.96125, 0.95694, 0.97745, 
0.96689, 0.97995, 0.97619, 0.97684, 0.92939, 0.95758, 0.95478, 
0.9504, 0.9675, 0.94444, 0.95425, 0.96192, 0.96969, 0.97619, 
0.97641, 0.0098, 0.0113, 0.0103, 0.0103, 0.0116, 0.0112, 0.0122, 
0.0125, 0.013, 0.0125, 0.0135, 16.3, 37.5, 26.2, 16.5, 40.8, 
38.6, 28.5, 15.7, 15.6, 28.9, 26.5, 71, 586, 67, 25, 27, 34, 
44, 465, 2, 69, 555, 364, 310, 264, 983, 273, 177, 557, 168, 
224, 675, 196, 100, 100, 100, 100, 100, 100, 100, 100, 100, 100, 
100, 2500, 2500, 2500, 2500, 2500, 2500, 2500, 2500, 2500, 2500, 
2500, 6304.461, 6335.961, 6326.111, 6308.505, 6339.729, 6284.8, 
8633.19, 8635.78, 8343.44399999999, 8260.27499999999, 8352.70299999998, 
8.15915, 0.74103, 1.16411, 9.33892, 5.27745, 4.10616, 4.57843, 
1.87008, 10.92064, 3.49332, 5.24665, -8.67531, -2.67074, -2.87028, 
-6.92723, -6.70116, -7.11114, -4.36701, -2.65895, -8.97382, -4.19371, 
-4.3164, 0, 0, 0, 0, 0, 0, 0, 0, 0, 0, 0, 0, 0, 0, 0, 0, 0, 0, 
0, 0, 0, 0, 0.96591, 0.975, 0.96859, 0.97238, 0.9675, 0.95694, 
0.97745, 0.96813, 0.97995, 0.97619, 0.97684, 0.93848, 0.96591, 
0.96192, 0.94374, 0.95417, 0.95069, 0.96503, 0.95172, 0.97495, 
0.97619, 0.97641, 0.0102, 0.0104, 0.0103, 0.0099, 0.0104, 0.0103, 
0.0133, 0.0136, 0.012, 0.012, 0.013, 17.1, 37.5, 36.9, 14, 25.1, 
35.4, 26.8, 42.1, 15.5, 31.1, 25.4, 8, 754, 31, 130, 1557, 70, 
460, 1589, 240, 63, 607, 55, 3, 22, 31, 2, 14, 4, 1, 5, 15, 2, 
100, 100, 100, 100, 100, 100, 100, 100, 100, 100, 100, 2500, 
2500, 2500, 2500, 2500, 2500, 2500, 2500, 2500, 2500, 2500, 6331.545, 
6348.516, 6331.296, 6359.086, 6346.511, 6627.29700000001, 8630.52099999999, 
8728.42599999999, 8330.413, 8369.23699999999, 8533.11500000002, 
1, 1, 1, 1, 1, 1, 1, 1, 1, 1, 1, 0.2, 0.2, 0.2, 0.2, 0.2, 0.2, 
0.2, 0.2, 0.2, 0.2, 0.2, 0, 0, 0, 0, 0, 0, 0, 0, 0, 0, 0, 0, 
0, 0, 0, 0, 0, 0, 0, 0, 0, 0, 0.94591, 0.96591, 0.93875, 0.9504, 
0.95458, 0.94481, 0.94837, 0.94616, 0.95387, 0.96188, 0.96732, 
0.95424, 0.95758, 0.94645, 0.96476, 0.96083, 0.94444, 0.9366, 
0.94616, 0.95916, 0.96165, 0.96277, 0.0101, 0.0105, 0.0109, 0.0108, 
0.012, 0.0134, 0.0136, 0.0146, 0.0152, 0.0143, 0.0153, 38.4, 
41, 41.7, 44.9, 47.8, 50.5, 52.4, 53.7, 55.7, 56.5, 59, 1, 1, 
1, 1, 1, 1, 1, 1, 1, 1, 1, 1, 1, 1, 1, 1, 1, 1, 1, 1, 1, 1, 1, 
1, 1, 1, 1, 1, 1, 1, 1, 1, 1, 1, 1, 1, 1, 1, 1, 1, 1, 1, 1, 1, 
2.528, 2.497, 2.566, 2.514, 2.618, 3.469, 3.449, 3.557, 3.506, 
3.369, 3.408), .Dim = c(11L, 40L), .Dimnames = list(NULL, c("Sampling", 
"PSO.cost", "PSO.gamma", "PSO.data.balancing", "PSO.feature.selection", 
"PSO.valid.acc", "PSO.test.acc", "PSO.train.time", "PSO.n.support.vectors", 
"PSO.index", "PSO.n.solutions", "PSO.generations", "PSO.n.evaluations", 
"PSO.cpu.time", "RS.cost", "RS.gamma", "RS.data.balancing", "RS.feature.selection", 
"RS.valid.acc", "RS.test.acc", "RS.train.time", "RS.n.support.vectors", 
"RS.index", "RS.n.solutions", "RS.generations", "RS.n.evaluations", 
"RS.cpu.time", "DF.cost", "DF.gamma", "DF.data.balancing", "DF.feature.selection", 
"DF.valid.acc", "DF.test.acc", "DF.train.time", "DF.n.support.vectors", 
"DF.index", "DF.n.solutions", "DF.generations", "DF.n.evaluations", 
"DF.cpu.time")))
