full <-
structure(c(50, 55, 60, 65, 70, 75, 80, 85, 90, 95, 100, 4.93065, 
1.47424, -0.17804, 2.08245, 0.81852, 7.28181, 7.38208, 10.37775, 
11.59485, 5.91362, 5.47086, -3.65447, -4.40079, -1.91539, -2.60811, 
-0.45784, -6.90287, -4.55933, -8.523, -8.24168, -3.89891, -5.93864, 
0, 0, 0, 0, 0, 0, 0, 0, 0, 0, 0, 0, 0, 0, 0, 0, 0, 0, 0, 0, 0, 
0, 0.96273, 0.95606, 0.9685, 0.96463, 0.97458, 0.96949, 0.98264, 
0.97281, 0.97992, 0.98088, 0.97662, 0.96273, 0.93939, 0.95247, 
0.95749, 0.96792, 0.95735, 0.96601, 0.95117, 0.97016, 0.97634, 
0.9671, 0.0104, 0.0113, 0.0119, 0.011, 0.0129, 0.0114, 0.011, 
0.0114, 0.0112, 0.0122, 0.012, 21.2, 34.1, 48, 38.3, 55, 20.5, 
17.4, 16.2, 12.8, 24.8, 26.7, 11, 1305, 1029, 11, 83, 43, 106, 
1613, 399, 200, 281, 359, 17, 32, 145, 282, 242, 619, 15, 285, 
66, 59, 100, 100, 100, 100, 100, 100, 100, 100, 100, 100, 100, 
2500, 2500, 2500, 2500, 2500, 2500, 2500, 2500, 2500, 2500, 2500, 
7026.409, 7078.234, 7269.33, 7077.22, 6891.00700000001, 7092.465, 
6467.732, 6778.71800000001, 6752.556, 6499.47100000001, 6695.46400000001, 
8.28876, 0.20014, -0.23951, 3.15894, 0.19533, 8.21596, 7.96212, 
9.69914, 11.07773, 5.75109, 5.46858, -9.12346, -2.31294, -1.82513, 
-2.41665, -0.64373, -7.82504, -5.13016, -7.04147, -7.78067, -3.70243, 
-5.91488, 0, 0, 0, 0, 0, 0, 0, 0, 0, 0, 0, 0, 0, 0, 0, 0, 0, 
0, 0, 0, 0, 0, 0.96273, 0.95606, 0.9685, 0.95796, 0.97458, 0.96949, 
0.98264, 0.97251, 0.97992, 0.98088, 0.97662, 0.96273, 0.94697, 
0.95247, 0.95851, 0.96792, 0.95735, 0.96601, 0.95643, 0.97016, 
0.98088, 0.9671, 0.01, 0.0112, 0.0144, 0.0116, 0.0127, 0.0115, 
0.0106, 0.0119, 0.0114, 0.0122, 0.0117, 18.3, 40.8, 48.5, 34.2, 
54.8, 20.3, 15.3, 14.9, 13, 26.2, 26.5, 36, 806, 340, 153, 724, 
5, 715, 316, 556, 453, 2324, 147, 1, 3, 7, 4, 18, 5, 6, 4, 1, 
1, 100, 100, 100, 100, 100, 100, 100, 100, 100, 100, 100, 2500, 
2500, 2500, 2500, 2500, 2500, 2500, 2500, 2500, 2500, 2500, 7033.409, 
7139.933, 7206.172, 6850.986, 6946.438, 6863.245, 6655.424, 6929.431, 
6582.861, 6739.905, 6583.11099999998, 1, 1, 1, 1, 1, 1, 1, 1, 
1, 1, 1, 0.2, 0.2, 0.2, 0.2, 0.2, 0.2, 0.2, 0.2, 0.2, 0.2, 0.2, 
0, 0, 0, 0, 0, 0, 0, 0, 0, 0, 0, 0, 0, 0, 0, 0, 0, 0, 0, 0, 0, 
0, 0.95273, 0.94697, 0.96081, 0.95082, 0.96083, 0.95037, 0.95907, 
0.95088, 0.95543, 0.95325, 0.95823, 0.95273, 0.93864, 0.95247, 
0.95796, 0.96083, 0.9511, 0.95907, 0.95643, 0.95543, 0.95755, 
0.96277, 0.01, 0.0126, 0.0113, 0.0122, 0.0127, 0.0124, 0.012, 
0.0134, 0.0127, 0.0129, 0.013, 39.5, 41.2, 45, 48.8, 50.3, 53.6, 
53.9, 54.6, 56.6, 57.7, 58.5, 1, 1, 1, 1, 1, 1, 1, 1, 1, 1, 1, 
1, 1, 1, 1, 1, 1, 1, 1, 1, 1, 1, 1, 1, 1, 1, 1, 1, 1, 1, 1, 1, 
1, 1, 1, 1, 1, 1, 1, 1, 1, 1, 1, 1, 2.704, 3.003, 2.876, 2.858, 
2.928, 2.741, 2.678, 2.702, 2.501, 2.574, 2.448), .Dim = c(11L, 
40L), .Dimnames = list(NULL, c("Sampling", "PSO.cost", "PSO.gamma", 
"PSO.data.balancing", "PSO.feature.selection", "PSO.valid.acc", 
"PSO.test.acc", "PSO.train.time", "PSO.n.support.vectors", "PSO.index", 
"PSO.n.solutions", "PSO.generations", "PSO.n.evaluations", "PSO.cpu.time", 
"RS.cost", "RS.gamma", "RS.data.balancing", "RS.feature.selection", 
"RS.valid.acc", "RS.test.acc", "RS.train.time", "RS.n.support.vectors", 
"RS.index", "RS.n.solutions", "RS.generations", "RS.n.evaluations", 
"RS.cpu.time", "DF.cost", "DF.gamma", "DF.data.balancing", "DF.feature.selection", 
"DF.valid.acc", "DF.test.acc", "DF.train.time", "DF.n.support.vectors", 
"DF.index", "DF.n.solutions", "DF.generations", "DF.n.evaluations", 
"DF.cpu.time")))
