full <-
structure(c(50, 55, 60, 65, 70, 75, 80, 85, 90, 95, 100, 11.28673, 
6.06724, 8.57768, 12.2813, 6.44978, 10.25147, 5.47189, 4.48402, 
6.86989, 2.25745, 4.68465, -7.41338, -5.32775, -5.88328, -7.68623, 
-7.90437, -9.9603, -3.4465, -4.25503, -6.35732, -2.75215, -2.33609, 
0, 0, 0, 0, 0, 0, 0, 0, 0, 0, 0, 0, 0, 0, 0, 0, 0, 0, 0, 0, 0, 
0, 0.97889, 0.98397, 0.99231, 0.98661, 0.98708, 0.98787, 0.98301, 
0.98297, 0.98474, 0.97595, 0.97727, 0.96071, 0.96655, 0.96209, 
0.99375, 0.98708, 0.98787, 0.97124, 0.97245, 0.97421, 0.95119, 
0.97273, 0.0096, 0.0104, 0.0102, 0.0112, 0.0109, 0.0107, 0.0114, 
0.0117, 0.0118, 0.0128, 0.0131, 9.4, 14.4, 11, 10.4, 21.8, 16.7, 
25.8, 25.5, 19.7, 42.7, 38.2, 6, 20, 518, 2, 3, 9, 58, 12, 85, 
35, 188, 1691, 736, 31, 1429, 1016, 602, 787, 465, 537, 71, 813, 
100, 100, 100, 100, 100, 100, 100, 100, 100, 100, 100, 2500, 
2500, 2500, 2500, 2500, 2500, 2500, 2500, 2500, 2500, 2500, 6816.178, 
6808.291, 6732.715, 6781.012, 6815.54300000001, 6900.89600000001, 
6819.15400000001, 6903.144, 6927.40000000001, 6734.856, 7184.98199999999, 
12.45701, 8.18549, 12.03784, 12.63872, 9.92896, 10.61584, 5.45769, 
6.37794, 6.78617, 2.3826, 5.45607, -7.19038, -6.95027, -6.84471, 
-13.67334, -9.82901, -10.50876, -3.70915, -6.67215, -6.32942, 
-2.75326, -2.39188, 0, 0, 0, 0, 0, 0, 0, 0, 0, 0, 0, 0, 0, 0, 
0, 0, 0, 0, 0, 0, 0, 0, 0.97889, 0.98397, 0.98462, 0.98661, 0.98708, 
0.98787, 0.98301, 0.98297, 0.98474, 0.97595, 0.97727, 0.96071, 
0.96655, 0.97692, 0.97994, 0.98708, 0.98787, 0.96536, 0.96689, 
0.97421, 0.95119, 0.97273, 0.0099, 0.01, 0.0103, 0.011, 0.0113, 
0.0111, 0.0113, 0.0121, 0.0141, 0.0134, 0.0134, 9.4, 12.1, 10, 
18.9, 16, 16.9, 23.3, 22.4, 19.9, 42.4, 36.2, 3, 1, 10, 16, 6, 
15, 22, 10, 9, 964, 111, 540, 120, 424, 461, 324, 223, 13, 73, 
18, 2, 8, 100, 100, 100, 100, 100, 100, 100, 100, 100, 100, 100, 
2500, 2500, 2500, 2500, 2500, 2500, 2500, 2500, 2500, 2500, 2500, 
6815.389, 6831.475, 6812.438, 6800.121, 6864.119, 6972.148, 6691.64899999999, 
6951.33200000001, 6977.552, 6973.13499999999, 7124.51000000001, 
1, 1, 1, 1, 1, 1, 1, 1, 1, 1, 1, 0.2, 0.2, 0.2, 0.2, 0.2, 0.2, 
0.2, 0.2, 0.2, 0.2, 0.2, 0, 0, 0, 0, 0, 0, 0, 0, 0, 0, 0, 0, 
0, 0, 0, 0, 0, 0, 0, 0, 0, 0, 0.95162, 0.94155, 0.9544, 0.966, 
0.96208, 0.96282, 0.95327, 0.95081, 0.95421, 0.95167, 0.95823, 
0.93419, 0.94988, 0.95385, 0.966, 0.96208, 0.96907, 0.94216, 
0.96163, 0.96421, 0.95212, 0.95368, 0.0107, 0.0112, 0.0115, 0.0126, 
0.0116, 0.0126, 0.0123, 0.0136, 0.0148, 0.0147, 0.0139, 34.5, 
36.6, 38.8, 44.5, 47.3, 48.3, 53.3, 54.9, 56.6, 58.3, 59.1, 1, 
1, 1, 1, 1, 1, 1, 1, 1, 1, 1, 1, 1, 1, 1, 1, 1, 1, 1, 1, 1, 1, 
1, 1, 1, 1, 1, 1, 1, 1, 1, 1, 1, 1, 1, 1, 1, 1, 1, 1, 1, 1, 1, 
1, 2.712, 2.733, 2.69, 2.766, 2.747, 2.836, 2.584, 2.783, 2.671, 
2.973, 2.806), .Dim = c(11L, 40L), .Dimnames = list(NULL, c("Sampling", 
"PSO.cost", "PSO.gamma", "PSO.data.balancing", "PSO.feature.selection", 
"PSO.valid.acc", "PSO.test.acc", "PSO.train.time", "PSO.n.support.vectors", 
"PSO.index", "PSO.n.solutions", "PSO.generations", "PSO.n.evaluations", 
"PSO.cpu.time", "RS.cost", "RS.gamma", "RS.data.balancing", "RS.feature.selection", 
"RS.valid.acc", "RS.test.acc", "RS.train.time", "RS.n.support.vectors", 
"RS.index", "RS.n.solutions", "RS.generations", "RS.n.evaluations", 
"RS.cpu.time", "DF.cost", "DF.gamma", "DF.data.balancing", "DF.feature.selection", 
"DF.valid.acc", "DF.test.acc", "DF.train.time", "DF.n.support.vectors", 
"DF.index", "DF.n.solutions", "DF.generations", "DF.n.evaluations", 
"DF.cpu.time")))
