full <-
structure(c(50, 55, 60, 65, 70, 75, 80, 85, 90, 95, 100, 8.665, 
4.65819, 1, 6.17872, 8.03346, 5.40807, 7.31476, 13.47922, 7.13348, 
6.65217, 12.54971, -6.78287, -3.88469, 0.2, -6.28268, -8.43042, 
-5.52034, -6.47042, -10.19558, -6.21464, -6.15549, -8.62287, 
0, 0, 0, 0, 0, 0, 0, 0, 0, 0, 0, 0, 0, 0, 0, 0, 0, 0, 0, 0, 0, 
0, 0.99167, 0.98462, 0.96923, 0.97238, 0.97495, 0.97574, 0.97647, 
0.97336, 0.96947, 0.98095, 0.97684, 0.97424, 0.98462, 0.9544, 
0.95857, 0.9687, 0.96282, 0.97709, 0.97363, 0.95395, 0.95167, 
0.97684, 0.0097, 0.0107, 0.0105, 0.0107, 0.011, 0.0111, 0.0111, 
0.0117, 0.0122, 0.0119, 0.0118, 11.7, 20.3, 42.9, 19.4, 19.5, 
20.9, 18.6, 12.6, 20.6, 22.4, 13.5, 103, 9, 1, 93, 2, 98, 298, 
323, 77, 2021, 170, 347, 994, 241, 157, 271, 382, 166, 182, 210, 
2, 778, 100, 100, 100, 100, 100, 100, 100, 100, 100, 100, 100, 
2500, 2500, 2500, 2500, 2500, 2500, 2500, 2500, 2500, 2500, 2500, 
6939.442, 6866.338, 6504.144, 6667.288, 6681.976, 7165.398, 7107.33500000001, 
7270.788, 6897.289, 6533.644, 6580.68599999999, 11.3995, 7.2838, 
4.30622, 6.28534, 9.81706, 5.44927, 7.3275, 11.18493, 10.54842, 
5.328, 13.58386, -9.9897, -5.78093, -4.21191, -6.33316, -10.32369, 
-5.50592, -6.43145, -7.91519, -9.57731, -4.19132, -9.28002, 0, 
0, 0, 0, 0, 0, 0, 0, 0, 0, 0, 0, 0, 0, 0, 0, 0, 0, 0, 0, 0, 0, 
0.99167, 0.98462, 0.96923, 0.97238, 0.97495, 0.97574, 0.97647, 
0.97336, 0.96947, 0.98071, 0.97684, 0.97424, 0.97692, 0.96978, 
0.95857, 0.97495, 0.96282, 0.97709, 0.96807, 0.94895, 0.96619, 
0.97229, 0.0101, 0.0107, 0.01, 0.0108, 0.011, 0.0116, 0.0137, 
0.0116, 0.0108, 0.0119, 0.0118, 11.6, 12.7, 23.1, 19.3, 19.8, 
20.7, 18.3, 13, 18.7, 26, 13.2, 123, 3, 8, 986, 51, 362, 526, 
276, 50, 1626, 147, 50, 183, 86, 4, 40, 15, 1, 13, 19, 2, 16, 
100, 100, 100, 100, 100, 100, 100, 100, 100, 100, 100, 2500, 
2500, 2500, 2500, 2500, 2500, 2500, 2500, 2500, 2500, 2500, 7018.468, 
6671.582, 6730.752, 6663.511, 6895.48099999999, 6960.76300000001, 
7200.59, 7097.69099999999, 6536.95300000001, 6632.037, 6688.427, 
1, 1, 1, 1, 1, 1, 1, 1, 1, 1, 1, 0.2, 0.2, 0.2, 0.2, 0.2, 0.2, 
0.2, 0.2, 0.2, 0.2, 0.2, 0, 0, 0, 0, 0, 0, 0, 0, 0, 0, 0, 0, 
0, 0, 0, 0, 0, 0, 0, 0, 0, 0, 0.95404, 0.97692, 0.96923, 0.94381, 
0.96203, 0.95735, 0.9594, 0.9616, 0.95421, 0.93738, 0.96277, 
0.97146, 0.97692, 0.9544, 0.95095, 0.96162, 0.96324, 0.94175, 
0.95633, 0.94921, 0.95667, 0.96255, 0.0109, 0.0103, 0.011, 0.0117, 
0.0125, 0.013, 0.0129, 0.0123, 0.0127, 0.014, 0.0143, 35.1, 39.2, 
42.9, 44.3, 45.8, 45.8, 50.4, 50.8, 56.1, 58.1, 58.8, 1, 1, 1, 
1, 1, 1, 1, 1, 1, 1, 1, 1, 1, 1, 1, 1, 1, 1, 1, 1, 1, 1, 1, 1, 
1, 1, 1, 1, 1, 1, 1, 1, 1, 1, 1, 1, 1, 1, 1, 1, 1, 1, 1, 1, 2.83, 
2.563, 2.65, 2.691, 2.861, 2.822, 2.829, 2.658, 2.62, 2.671, 
2.717), .Dim = c(11L, 40L), .Dimnames = list(NULL, c("Sampling", 
"PSO.cost", "PSO.gamma", "PSO.data.balancing", "PSO.feature.selection", 
"PSO.valid.acc", "PSO.test.acc", "PSO.train.time", "PSO.n.support.vectors", 
"PSO.index", "PSO.n.solutions", "PSO.generations", "PSO.n.evaluations", 
"PSO.cpu.time", "RS.cost", "RS.gamma", "RS.data.balancing", "RS.feature.selection", 
"RS.valid.acc", "RS.test.acc", "RS.train.time", "RS.n.support.vectors", 
"RS.index", "RS.n.solutions", "RS.generations", "RS.n.evaluations", 
"RS.cpu.time", "DF.cost", "DF.gamma", "DF.data.balancing", "DF.feature.selection", 
"DF.valid.acc", "DF.test.acc", "DF.train.time", "DF.n.support.vectors", 
"DF.index", "DF.n.solutions", "DF.generations", "DF.n.evaluations", 
"DF.cpu.time")))
