full <-
structure(c(50, 55, 60, 65, 70, 75, 80, 85, 90, 95, 100, 8.07886, 
10.0144, 9.13951, 11.41418, 10.43991, 9.97755, 1.5762, 5.42628, 
4.53245, 12.56531, 5.98807, -9.50281, -6.73542, -7.17691, -12.28241, 
-9.11159, -8.85582, -2.853, -1.74054, -2.68223, -8.55715, -3.85683, 
0, 0, 0, 0, 0, 0, 0, 0, 0, 0, 0, 0, 0, 0, 0, 0, 0, 0, 0, 0, 0, 
0, 0.98167, 0.97488, 0.96914, 0.9719, 0.98036, 0.9761, 0.97117, 
0.97836, 0.97386, 0.97548, 0.97662, 0.96424, 0.96719, 0.96914, 
0.96476, 0.97369, 0.94559, 0.97643, 0.96725, 0.95836, 0.96524, 
0.96255, 0.0092, 0.0096, 0.0066, 0.0086, 0.01, 0.0097, 0.0115, 
0.0112, 0.0115, 0.0101, 0.0114, 19, 11.2, 12.3, 22.6, 15.4, 16.9, 
41.1, 40.9, 33.9, 14, 24.8, 152, 4, 5, 4, 76, 169, 328, 389, 
716, 108, 222, 217, 749, 981, 794, 751, 80, 173, 618, 168, 484, 
390, 100, 100, 100, 100, 100, 100, 100, 100, 100, 100, 100, 2500, 
2500, 2500, 2500, 2500, 2500, 2500, 2500, 2500, 2500, 2500, 6115.574, 
6382.297, 5126.299, 6760.488, 6309.963, 6757.551, 6523.41299999999, 
6906.02899999999, 6802.876, 5918.88, 6551.64200000001, 6.17091, 
4.88458, 14.94141, 9.70308, 12.51056, 10.1101, 2.2856, 5.47784, 
4.68738, 14.97166, 5.46695, -7.38194, -2.70902, -8.65401, -7.27679, 
-10.8318, -8.97643, -3.81814, -1.92855, -2.54074, -11.03788, 
-3.39124, 0, 0, 0, 0, 0, 0, 0, 0, 0, 0, 0, 0, 0, 0, 0, 0, 0, 
0, 0, 0, 0, 0, 0.98167, 0.97488, 0.96914, 0.97238, 0.98036, 0.9761, 
0.97117, 0.97836, 0.97386, 0.97548, 0.97208, 0.965, 0.97488, 
0.96145, 0.95143, 0.98036, 0.94559, 0.97117, 0.95614, 0.95886, 
0.96048, 0.95801, 0.0096, 0.0093, 0.006, 0.0095, 0.0106, 0.0092, 
0.0097, 0.0103, 0.0104, 0.0072, 0.0109, 18.5, 24.6, 8.8, 13.6, 
14.4, 16.9, 34.8, 38.3, 34.3, 13.6, 29.3, 17, 3, 1, 246, 48, 
28, 202, 609, 70, 80, 907, 21, 167, 127, 1, 37, 4, 7, 1, 3, 25, 
2, 100, 100, 100, 100, 100, 100, 100, 100, 100, 100, 100, 2500, 
2500, 2500, 2500, 2500, 2500, 2500, 2500, 2500, 2500, 2500, 6301.545, 
5220.854, 6234.833, 6527.741, 6316.24200000001, 6477.51700000001, 
6905.06499999999, 6865.92200000001, 6864.965, 5632.171, 6480.503, 
1, 1, 1, 1, 1, 1, 1, 1, 1, 1, 1, 0.2, 0.2, 0.2, 0.2, 0.2, 0.2, 
0.2, 0.2, 0.2, 0.2, 0.2, 0, 0, 0, 0, 0, 0, 0, 0, 0, 0, 0, 0, 
0, 0, 0, 0, 0, 0, 0, 0, 0, 0, 0.93758, 0.94219, 0.94661, 0.96476, 
0.96167, 0.94559, 0.96528, 0.95614, 0.94863, 0.95208, 0.94913, 
0.94591, 0.95052, 0.94597, 0.95095, 0.95542, 0.95809, 0.9594, 
0.95614, 0.95918, 0.95253, 0.9539, 0.0094, 0.0068, 0.0092, 0.0113, 
0.0117, 0.0114, 0.0114, 0.0115, 0.0123, 0.0128, 0.0131, 37.2, 
41.2, 45.1, 50.1, 49.7, 51.2, 52.7, 53.8, 54.2, 57.3, 58.3, 1, 
1, 1, 1, 1, 1, 1, 1, 1, 1, 1, 1, 1, 1, 1, 1, 1, 1, 1, 1, 1, 1, 
1, 1, 1, 1, 1, 1, 1, 1, 1, 1, 1, 1, 1, 1, 1, 1, 1, 1, 1, 1, 1, 
1, 2.484, 2.063, 2.562, 2.647, 2.641, 2.532, 2.861, 2.733, 2.765, 
2.574, 2.637), .Dim = c(11L, 40L), .Dimnames = list(NULL, c("Sampling", 
"PSO.cost", "PSO.gamma", "PSO.data.balancing", "PSO.feature.selection", 
"PSO.valid.acc", "PSO.test.acc", "PSO.train.time", "PSO.n.support.vectors", 
"PSO.index", "PSO.n.solutions", "PSO.generations", "PSO.n.evaluations", 
"PSO.cpu.time", "RS.cost", "RS.gamma", "RS.data.balancing", "RS.feature.selection", 
"RS.valid.acc", "RS.test.acc", "RS.train.time", "RS.n.support.vectors", 
"RS.index", "RS.n.solutions", "RS.generations", "RS.n.evaluations", 
"RS.cpu.time", "DF.cost", "DF.gamma", "DF.data.balancing", "DF.feature.selection", 
"DF.valid.acc", "DF.test.acc", "DF.train.time", "DF.n.support.vectors", 
"DF.index", "DF.n.solutions", "DF.generations", "DF.n.evaluations", 
"DF.cpu.time")))
