full <-
structure(c(50, 55, 60, 65, 70, 75, 80, 85, 90, 95, 100, 12.90143, 
11.65573, 7.09997, 3.25515, 13.43601, 7.59952, 7.10699, 4.61117, 
3.70776, 4.06181, 10.41216, -11.71122, -1.33544, -8.07224, -0.33522, 
-0.06861, -8.2851, -5.33379, -3.66421, -2.31396, -3.06709, -11.64726, 
0, 0, 0, 0, 0, 0, 0, 0, 0, 0, 0, 0, 0, 0, 0, 0, 0, 0, 0, 0, 0, 
0, 0.97182, 0.96731, 0.96124, 0.97905, 0.98667, 0.98162, 0.98268, 
0.98947, 0.985, 0.98071, 0.97186, 0.95273, 0.94962, 0.9464, 0.96476, 
0.96667, 0.96981, 0.96565, 0.98421, 0.98, 0.97619, 0.96255, 0.0104, 
0.0112, 0.0105, 0.0127, 0.013, 0.0109, 0.0116, 0.0116, 0.0132, 
0.0125, 0.0124, 14.2, 36, 19.6, 50.6, 56.4, 21.8, 17.7, 26.5, 
38.7, 33.2, 29.2, 38, 51, 49, 1042, 19, 4, 402, 6, 175, 370, 
22, 775, 1296, 226, 37, 484, 381, 141, 1093, 291, 305, 206, 100, 
100, 100, 100, 100, 100, 100, 100, 100, 100, 100, 2500, 2500, 
2500, 2500, 2500, 2500, 2500, 2500, 2500, 2500, 2500, 6842.969, 
6943.401, 6915.709, 6833.885, 6987.378, 6940.80399999999, 6936.336, 
6979.11200000001, 7170.027, 6843.74800000001, 6899.40800000002, 
7.01143, 9.7366, 6.32309, 11.408, 9.6478, 8.3573, 4.15387, 5.96232, 
3.92404, 5.20046, 5.02029, -8.31507, -1.4933, -7.23033, -10.83903, 
-0.06962, -9.22743, -2.89027, -4.12582, -2.65642, -3.75608, -5.78257, 
0, 0, 0, 0, 0, 0, 0, 0, 0, 0, 0, 0, 0, 0, 0, 0, 0, 0, 0, 0, 0, 
0, 0.97182, 0.96731, 0.96124, 0.97802, 0.98667, 0.98162, 0.98268, 
0.98947, 0.985, 0.98071, 0.97186, 0.93364, 0.94962, 0.9464, 0.96374, 
0.96667, 0.98162, 0.96598, 0.98947, 0.985, 0.97619, 0.96255, 
0.0102, 0.0114, 0.0096, 0.0105, 0.0126, 0.0114, 0.0117, 0.0119, 
0.0126, 0.0117, 0.012, 20.9, 34.3, 19.8, 15.6, 56.4, 22.3, 32.8, 
21.7, 35.2, 25.5, 28.3, 108, 21, 162, 128, 266, 90, 2312, 65, 
207, 326, 8, 38, 58, 16, 14, 16, 96, 1, 28, 5, 3, 39, 100, 100, 
100, 100, 100, 100, 100, 100, 100, 100, 100, 2500, 2500, 2500, 
2500, 2500, 2500, 2500, 2500, 2500, 2500, 2500, 6882.709, 6962.471, 
6847.44, 6966.591, 6937.71, 6963.007, 7152.583, 7216.417, 6961.67, 
6940.992, 7049.46599999999, 1, 1, 1, 1, 1, 1, 1, 1, 1, 1, 1, 
0.2, 0.2, 0.2, 0.2, 0.2, 0.2, 0.2, 0.2, 0.2, 0.2, 0.2, 0, 0, 
0, 0, 0, 0, 0, 0, 0, 0, 0, 0, 0, 0, 0, 0, 0, 0, 0, 0, 0, 0, 0.91455, 
0.91322, 0.93102, 0.94231, 0.94792, 0.96356, 0.95421, 0.9576, 
0.95947, 0.9519, 0.96732, 0.91455, 0.93064, 0.93102, 0.94945, 
0.96083, 0.95106, 0.96565, 0.94094, 0.95447, 0.96143, 0.95779, 
0.0107, 0.0108, 0.0108, 0.0116, 0.0118, 0.0125, 0.0119, 0.0136, 
0.0137, 0.0134, 0.0136, 40.7, 42.9, 43.1, 48.5, 49.6, 51.1, 52.1, 
54.3, 55, 57.5, 58.9, 1, 1, 1, 1, 1, 1, 1, 1, 1, 1, 1, 1, 1, 
1, 1, 1, 1, 1, 1, 1, 1, 1, 1, 1, 1, 1, 1, 1, 1, 1, 1, 1, 1, 1, 
1, 1, 1, 1, 1, 1, 1, 1, 1, 1, 2.765, 2.683, 2.688, 2.835, 2.754, 
2.755, 2.683, 2.888, 2.802, 2.797, 2.815), .Dim = c(11L, 40L), .Dimnames = list(
    NULL, c("Sampling", "PSO.cost", "PSO.gamma", "PSO.data.balancing", 
    "PSO.feature.selection", "PSO.valid.acc", "PSO.test.acc", 
    "PSO.train.time", "PSO.n.support.vectors", "PSO.index", "PSO.n.solutions", 
    "PSO.generations", "PSO.n.evaluations", "PSO.cpu.time", "RS.cost", 
    "RS.gamma", "RS.data.balancing", "RS.feature.selection", 
    "RS.valid.acc", "RS.test.acc", "RS.train.time", "RS.n.support.vectors", 
    "RS.index", "RS.n.solutions", "RS.generations", "RS.n.evaluations", 
    "RS.cpu.time", "DF.cost", "DF.gamma", "DF.data.balancing", 
    "DF.feature.selection", "DF.valid.acc", "DF.test.acc", "DF.train.time", 
    "DF.n.support.vectors", "DF.index", "DF.n.solutions", "DF.generations", 
    "DF.n.evaluations", "DF.cpu.time")))
