full <-
structure(c(50, 55, 60, 65, 70, 75, 80, 85, 90, 95, 100, 6.14951, 
4.84003, 6.24698, 5.71475, 6.9252, 5.247, 3.21692, 6.63314, 6.07233, 
5.12668, 9.80997, -7.89514, -1.51958, -4.61977, -2.11975, -3.36226, 
-4.06095, -3.51669, -7.53895, -5.53442, -2.37297, -8.29256, 0, 
0, 0, 0, 0, 0, 0, 0, 0, 0, 0, 0, 0, 0, 0, 0, 0, 0, 0, 0, 0, 0, 
0.96515, 0.95886, 0.96978, 0.95851, 0.98667, 0.97532, 0.9768, 
0.96627, 0.97974, 0.98548, 0.97251, 0.94773, 0.9345, 0.95385, 
0.9456, 0.96083, 0.9687, 0.97092, 0.96101, 0.97447, 0.97571, 
0.95866, 0.0094, 0.0109, 0.0101, 0.011, 0.011, 0.0106, 0.0111, 
0.0109, 0.0113, 0.013, 0.0111, 20.8, 34.4, 20, 31.7, 23.1, 23.7, 
30.8, 24.4, 22.5, 37.9, 18.2, 48, 566, 1051, 4, 292, 189, 30, 
26, 402, 67, 443, 342, 204, 30, 1028, 205, 198, 600, 421, 131, 
527, 120, 100, 100, 100, 100, 100, 100, 100, 100, 100, 100, 100, 
2500, 2500, 2500, 2500, 2500, 2500, 2500, 2500, 2500, 2500, 2500, 
6218.01, 6379.442, 6354.187, 6357.202, 6384.052, 6364.793, 6334.63499999999, 
6264.15800000001, 6231.99500000001, 6450.526, 6399.45000000001, 
10.994, 4.91637, 7.10722, 2.7831, 9.22138, 3.99357, 1.40214, 
1.42798, 6.47642, 4.21561, 9.35958, -13.12073, -1.59484, -6.99387, 
-3.80915, -5.37051, -1.87374, -3.41746, -3.58349, -5.98012, -2.34337, 
-7.90906, 0, 0, 0, 0, 0, 0, 0, 0, 0, 0, 0, 0, 0, 0, 0, 0, 0, 
0, 0, 0, 0, 0, 0.96515, 0.95886, 0.96923, 0.96565, 0.98667, 0.97532, 
0.9768, 0.96689, 0.97947, 0.98548, 0.97251, 0.95682, 0.94283, 
0.96154, 0.95851, 0.96702, 0.95657, 0.97092, 0.95574, 0.97447, 
0.97595, 0.95866, 0.0094, 0.0102, 0.0096, 0.0107, 0.0097, 0.0105, 
0.012, 0.011, 0.0113, 0.0118, 0.0116, 21.1, 33.9, 17.5, 29.2, 
14.7, 39.9, 38.7, 40.1, 22.1, 39.9, 18.5, 93, 119, 263, 563, 
1857, 1154, 16, 94, 65, 541, 294, 49, 4, 12, 4, 2, 5, 63, 1, 
11, 6, 2, 100, 100, 100, 100, 100, 100, 100, 100, 100, 100, 100, 
2500, 2500, 2500, 2500, 2500, 2500, 2500, 2500, 2500, 2500, 2500, 
6225.834, 6424.062, 6269.253, 6439.764, 6381.866, 6308.844, 6375.481, 
6285.004, 6377.31599999999, 6436.508, 6486.79399999999, 1, 1, 
1, 1, 1, 1, 1, 1, 1, 1, 1, 0.2, 0.2, 0.2, 0.2, 0.2, 0.2, 0.2, 
0.2, 0.2, 0.2, 0.2, 0, 0, 0, 0, 0, 0, 0, 0, 0, 0, 0, 0, 0, 0, 
0, 0, 0, 0, 0, 0, 0, 0, 0.92939, 0.94219, 0.93837, 0.94381, 0.95458, 
0.96245, 0.97092, 0.9511, 0.96395, 0.95619, 0.95823, 0.94848, 
0.94219, 0.93837, 0.93667, 0.94792, 0.95657, 0.97092, 0.9511, 
0.95342, 0.95619, 0.96299, 0.0101, 0.0102, 0.0105, 0.0108, 0.0118, 
0.011, 0.0117, 0.013, 0.0129, 0.0127, 0.0139, 37.7, 39.9, 43.1, 
44.9, 47.1, 48.4, 49.9, 52.6, 54.6, 58.1, 59, 1, 1, 1, 1, 1, 
1, 1, 1, 1, 1, 1, 1, 1, 1, 1, 1, 1, 1, 1, 1, 1, 1, 1, 1, 1, 1, 
1, 1, 1, 1, 1, 1, 1, 1, 1, 1, 1, 1, 1, 1, 1, 1, 1, 1, 2.516, 
2.611, 2.565, 2.469, 2.709, 2.496, 2.483, 2.643, 2.636, 2.498, 
2.699), .Dim = c(11L, 40L), .Dimnames = list(NULL, c("Sampling", 
"PSO.cost", "PSO.gamma", "PSO.data.balancing", "PSO.feature.selection", 
"PSO.valid.acc", "PSO.test.acc", "PSO.train.time", "PSO.n.support.vectors", 
"PSO.index", "PSO.n.solutions", "PSO.generations", "PSO.n.evaluations", 
"PSO.cpu.time", "RS.cost", "RS.gamma", "RS.data.balancing", "RS.feature.selection", 
"RS.valid.acc", "RS.test.acc", "RS.train.time", "RS.n.support.vectors", 
"RS.index", "RS.n.solutions", "RS.generations", "RS.n.evaluations", 
"RS.cpu.time", "DF.cost", "DF.gamma", "DF.data.balancing", "DF.feature.selection", 
"DF.valid.acc", "DF.test.acc", "DF.train.time", "DF.n.support.vectors", 
"DF.index", "DF.n.solutions", "DF.generations", "DF.n.evaluations", 
"DF.cpu.time")))
