full <-
structure(c(50, 55, 60, 65, 70, 75, 80, 85, 90, 95, 100, 8.66158, 
10.47714, 3.48435, 7.46622, 12.25502, 10.14348, 14.19482, 9.76333, 
8.37604, 9.84101, 7.94885, -2.62126, -10.17748, -2.53825, -6.60268, 
-12.66733, -9.89855, -12.23577, -3.62566, -5.85811, -6.03394, 
-6.92975, 0, 0, 0, 0, 0, 0, 0, 0, 0, 0, 0, 0, 0, 0, 0, 0, 0, 
0, 0, 0, 0, 0, 0.97424, 0.96655, 0.97692, 0.95762, 0.97358, 0.9761, 
0.98824, 0.98421, 0.98974, 0.9716, 0.97229, 0.97424, 0.96655, 
0.97692, 0.95048, 0.95888, 0.9768, 0.98235, 0.97339, 0.97974, 
0.95708, 0.97229, 0.0104, 0.0107, 0.0108, 0.0108, 0.0115, 0.0118, 
0.0109, 0.0117, 0.0121, 0.0118, 0.013, 21.1, 14, 28.7, 13.8, 
20.2, 18.4, 12.8, 19, 15.5, 14.7, 20, 199, 84, 58, 10, 816, 354, 
21, 125, 289, 276, 17, 818, 490, 609, 229, 42, 66, 899, 371, 
204, 68, 155, 100, 100, 100, 100, 100, 100, 100, 100, 100, 100, 
100, 2500, 2500, 2500, 2500, 2500, 2500, 2500, 2500, 2500, 2500, 
2500, 7142.305, 7227.924, 7234.719, 7203.038, 7198.682, 7110.136, 
7005.428, 7045.07500000001, 7145.45700000001, 7098.128, 7156.10800000001, 
8.55696, 13.98845, 2.61013, 2.21315, 2.34332, 11.57411, 12.84368, 
14.80568, 6.432, 10.99547, 4.74764, -2.58908, -13.71302, -2.49299, 
-2.17653, -2.68117, -11.3002, -11.43538, -3.57391, -4.49701, 
-6.99444, -3.70726, 0, 0, 0, 0, 0, 0, 0, 0, 0, 0, 0, 0, 0, 0, 
0, 0, 0, 0, 0, 0, 0, 0, 0.97424, 0.96655, 0.97692, 0.95762, 0.97406, 
0.9761, 0.98824, 0.98421, 0.98974, 0.97139, 0.97229, 0.97424, 
0.96655, 0.96154, 0.95762, 0.97317, 0.9768, 0.98235, 0.97339, 
0.96947, 0.96684, 0.97208, 0.0112, 0.0106, 0.0113, 0.0114, 0.012, 
0.0118, 0.0113, 0.0114, 0.0124, 0.0124, 0.0131, 21.3, 14.1, 30.9, 
35, 36, 18.2, 14.5, 19.6, 20, 13.6, 28.6, 250, 114, 908, 17, 
1357, 983, 1, 69, 89, 455, 1341, 7, 20, 3, 76, 2, 5, 53, 17, 
7, 2, 2, 100, 100, 100, 100, 100, 100, 100, 100, 100, 100, 100, 
2500, 2500, 2500, 2500, 2500, 2500, 2500, 2500, 2500, 2500, 2500, 
7207.441, 7322.028, 7258.961, 7094.399, 7144.795, 7112.341, 7124.55, 
7077.80900000001, 7230.83900000001, 7249.64200000002, 7240.43999999997, 
1, 1, 1, 1, 1, 1, 1, 1, 1, 1, 1, 0.2, 0.2, 0.2, 0.2, 0.2, 0.2, 
0.2, 0.2, 0.2, 0.2, 0.2, 0, 0, 0, 0, 0, 0, 0, 0, 0, 0, 0, 0, 
0, 0, 0, 0, 0, 0, 0, 0, 0, 0, 0.93773, 0.94283, 0.93132, 0.93667, 
0.92501, 0.92114, 0.94267, 0.9462, 0.94866, 0.95643, 0.95823, 
0.93773, 0.94283, 0.93077, 0.92952, 0.92501, 0.92193, 0.93678, 
0.95146, 0.95342, 0.95165, 0.96255, 0.0109, 0.0114, 0.0118, 0.0119, 
0.0121, 0.0122, 0.0124, 0.013, 0.014, 0.014, 0.0142, 34.3, 35, 
37.9, 39.9, 45.1, 45.4, 48, 50.9, 54.3, 57.9, 59, 1, 1, 1, 1, 
1, 1, 1, 1, 1, 1, 1, 1, 1, 1, 1, 1, 1, 1, 1, 1, 1, 1, 1, 1, 1, 
1, 1, 1, 1, 1, 1, 1, 1, 1, 1, 1, 1, 1, 1, 1, 1, 1, 1, 1, 2.933, 
2.995, 3.043, 2.836, 2.916, 2.771, 2.72, 2.835, 2.908, 2.911, 
2.982), .Dim = c(11L, 40L), .Dimnames = list(NULL, c("Sampling", 
"PSO.cost", "PSO.gamma", "PSO.data.balancing", "PSO.feature.selection", 
"PSO.valid.acc", "PSO.test.acc", "PSO.train.time", "PSO.n.support.vectors", 
"PSO.index", "PSO.n.solutions", "PSO.generations", "PSO.n.evaluations", 
"PSO.cpu.time", "RS.cost", "RS.gamma", "RS.data.balancing", "RS.feature.selection", 
"RS.valid.acc", "RS.test.acc", "RS.train.time", "RS.n.support.vectors", 
"RS.index", "RS.n.solutions", "RS.generations", "RS.n.evaluations", 
"RS.cpu.time", "DF.cost", "DF.gamma", "DF.data.balancing", "DF.feature.selection", 
"DF.valid.acc", "DF.test.acc", "DF.train.time", "DF.n.support.vectors", 
"DF.index", "DF.n.solutions", "DF.generations", "DF.n.evaluations", 
"DF.cpu.time")))
