full <-
structure(c(50, 55, 60, 65, 70, 75, 80, 85, 90, 95, 100, 2.10926, 
0.65226, 3.84557, 7.47148, 2.04754, 11.43118, 11.97845, 13.39054, 
11.10911, 6.08963, 13.6645, -4.03116, -2.68958, -5.45018, -10.11195, 
-2.08341, -9.21072, -2.42724, -12.14164, -9.63546, -2.24341, 
-9.34358, 0, 0, 0, 0, 0, 0, 0, 0, 0, 0, 0, 0, 0, 0, 0, 0, 0, 
0, 0, 0, 0, 0, 0.98167, 0.99231, 0.98516, 0.97905, 0.98042, 0.99375, 
0.98918, 0.98918, 0.97471, 0.97593, 0.97641, 0.97167, 0.96655, 
0.97033, 0.9719, 0.98042, 0.98787, 0.97804, 0.98392, 0.96945, 
0.9571, 0.98117, 0.0106, 0.011, 0.0105, 0.0115, 0.0111, 0.0109, 
0.0117, 0.0113, 0.0118, 0.0127, 0.012, 25.6, 36.4, 24.2, 28.6, 
38.9, 11.4, 32.6, 14.9, 16.5, 36.8, 12.8, 139, 1150, 39, 80, 
14, 13, 102, 6, 4, 136, 253, 22, 54, 446, 81, 480, 676, 1011, 
327, 124, 249, 292, 100, 100, 100, 100, 100, 100, 100, 100, 100, 
100, 100, 2500, 2500, 2500, 2500, 2500, 2500, 2500, 2500, 2500, 
2500, 2500, 6792.024, 6807.225, 6740.091, 6421.874, 6401.646, 
6618.57399999999, 6833.325, 6996.586, 6513.37700000001, 6571.739, 
6417.239, -0.31252, 1.56423, 4.80673, 5.46865, 3.78663, 14.22835, 
10.50171, 8.9449, 5.4151, 6.13426, 13.6233, -1.67534, -3.74986, 
-6.45905, -8.09496, -2.7361, -4.74258, -2.34042, -7.44459, -4.68753, 
-2.2247, -9.66941, 0, 0, 0, 0, 0, 0, 0, 0, 0, 0, 0, 0, 0, 0, 
0, 0, 0, 0, 0, 0, 0, 0, 0.98167, 0.99231, 0.98516, 0.97905, 0.98042, 
0.99375, 0.98918, 0.98918, 0.97471, 0.97593, 0.97641, 0.99167, 
0.96655, 0.97033, 0.9719, 0.97417, 0.97537, 0.97804, 0.97865, 
0.97471, 0.9521, 0.97662, 0.0117, 0.0106, 0.0111, 0.011, 0.0105, 
0.0119, 0.0119, 0.0114, 0.0107, 0.0124, 0.011, 40.7, 29.2, 23.2, 
28.5, 29.3, 15.3, 33.5, 14.6, 23.7, 36.9, 13, 371, 371, 156, 
228, 6, 2, 128, 49, 39, 37, 584, 5, 21, 122, 15, 159, 191, 30, 
25, 31, 2, 5, 100, 100, 100, 100, 100, 100, 100, 100, 100, 100, 
100, 2500, 2500, 2500, 2500, 2500, 2500, 2500, 2500, 2500, 2500, 
2500, 6875.974, 6826.53, 6696.739, 6440.65500000001, 6393.76100000001, 
6892.163, 6877.424, 6771.622, 6551.156, 6559.76899999999, 6406.43799999999, 
1, 1, 1, 1, 1, 1, 1, 1, 1, 1, 1, 0.2, 0.2, 0.2, 0.2, 0.2, 0.2, 
0.2, 0.2, 0.2, 0.2, 0.2, 0, 0, 0, 0, 0, 0, 0, 0, 0, 0, 0, 0, 
0, 0, 0, 0, 0, 0, 0, 0, 0, 0, 0.96424, 0.98322, 0.97802, 0.97136, 
0.96667, 0.97574, 0.95542, 0.96257, 0.94789, 0.96143, 0.95281, 
0.96424, 0.97564, 0.96978, 0.9719, 0.97333, 0.96949, 0.96068, 
0.96287, 0.94313, 0.9519, 0.95325, 0.0114, 0.0113, 0.011, 0.0111, 
0.0111, 0.0119, 0.0119, 0.0127, 0.0127, 0.013, 0.0138, 38.5, 
40.7, 43.7, 45.4, 45.7, 47.3, 50.5, 51.2, 55.7, 57.4, 59, 1, 
1, 1, 1, 1, 1, 1, 1, 1, 1, 1, 1, 1, 1, 1, 1, 1, 1, 1, 1, 1, 1, 
1, 1, 1, 1, 1, 1, 1, 1, 1, 1, 1, 1, 1, 1, 1, 1, 1, 1, 1, 1, 1, 
1, 2.776, 2.701, 2.593, 2.498, 2.589, 2.79, 2.751, 2.724, 2.528, 
2.654, 2.581), .Dim = c(11L, 40L), .Dimnames = list(NULL, c("Sampling", 
"PSO.cost", "PSO.gamma", "PSO.data.balancing", "PSO.feature.selection", 
"PSO.valid.acc", "PSO.test.acc", "PSO.train.time", "PSO.n.support.vectors", 
"PSO.index", "PSO.n.solutions", "PSO.generations", "PSO.n.evaluations", 
"PSO.cpu.time", "RS.cost", "RS.gamma", "RS.data.balancing", "RS.feature.selection", 
"RS.valid.acc", "RS.test.acc", "RS.train.time", "RS.n.support.vectors", 
"RS.index", "RS.n.solutions", "RS.generations", "RS.n.evaluations", 
"RS.cpu.time", "DF.cost", "DF.gamma", "DF.data.balancing", "DF.feature.selection", 
"DF.valid.acc", "DF.test.acc", "DF.train.time", "DF.n.support.vectors", 
"DF.index", "DF.n.solutions", "DF.generations", "DF.n.evaluations", 
"DF.cpu.time")))
