full <-
structure(c(50, 55, 60, 65, 70, 75, 80, 85, 90, 95, 100, 9.20637, 
7.14313, 9.21903, 8.03825, 5.50615, 14.13215, 4.51296, 8.47288, 
11.48125, 5.62877, 7.89533, -6.36524, -3.20943, -7.47936, -1.87108, 
-4.30148, -9.28299, -3.81193, -6.74533, -7.98813, -4.14977, -6.24338, 
0, 0, 0, 0, 0, 0, 0, 0, 0, 0, 0, 0, 0, 0, 0, 0, 0, 0, 0, 0, 0, 
0, 0.98182, 0.98397, 0.97747, 0.97897, 0.97333, 0.96949, 0.97745, 
0.97778, 0.97474, 0.98024, 0.9816, 0.98182, 0.99167, 0.96145, 
0.96414, 0.95994, 0.96949, 0.97778, 0.97307, 0.94868, 0.96071, 
0.97208, 0.011, 0.0106, 0.0107, 0.012, 0.0111, 0.0113, 0.0124, 
0.0111, 0.0119, 0.0123, 0.0119, 11.8, 23.5, 13.2, 36.3, 21.3, 
11.1, 27, 16.2, 13.5, 25.7, 18.9, 56, 21, 310, 77, 74, 16, 473, 
26, 218, 393, 32, 594, 1351, 176, 468, 744, 1186, 115, 365, 73, 
33, 586, 100, 100, 100, 100, 100, 100, 100, 100, 100, 100, 100, 
2500, 2500, 2500, 2500, 2500, 2500, 2500, 2500, 2500, 2500, 2500, 
7344.051, 7285.138, 7376.551, 7487.088, 7443.926, 7433.129, 7721.69200000001, 
7670.13099999999, 7406.93500000001, 7437.375, 7233.45699999999, 
12.70205, 9.51907, 8.25644, 4.74179, 5.74697, 13.91611, 5.17085, 
9.50785, 4.08434, 4.33562, 14.27973, -6.98751, -3.21292, -6.74797, 
-2.03155, -3.99312, -12.29619, -4.63861, -7.67434, -4.98351, 
-3.1903, -12.94027, 0, 0, 0, 0, 0, 0, 0, 0, 0, 0, 0, 0, 0, 0, 
0, 0, 0, 0, 0, 0, 0, 0, 0.98182, 0.98397, 0.97747, 0.97897, 0.97333, 
0.96949, 0.97745, 0.97778, 0.96974, 0.98, 0.9816, 0.98182, 0.99167, 
0.95375, 0.96414, 0.95994, 0.96949, 0.97745, 0.97307, 0.95947, 
0.96071, 0.97684, 0.0108, 0.0112, 0.0105, 0.0119, 0.0113, 0.0114, 
0.0121, 0.0116, 0.0124, 0.0122, 0.0118, 11.4, 23.5, 14.6, 33.8, 
21.7, 14.9, 24.2, 15.8, 28.5, 32.9, 18.1, 18, 55, 1368, 4, 120, 
6, 1164, 5, 301, 544, 105, 87, 28, 4, 35, 15, 101, 5, 20, 11, 
2, 76, 100, 100, 100, 100, 100, 100, 100, 100, 100, 100, 100, 
2500, 2500, 2500, 2500, 2500, 2500, 2500, 2500, 2500, 2500, 2500, 
7349.972, 7502.628, 7329.53, 7532.10200000001, 7474.179, 7437.107, 
7683.046, 7443.518, 7468.87200000002, 7527.715, 7090.44099999999, 
1, 1, 1, 1, 1, 1, 1, 1, 1, 1, 1, 0.2, 0.2, 0.2, 0.2, 0.2, 0.2, 
0.2, 0.2, 0.2, 0.2, 0.2, 0, 0, 0, 0, 0, 0, 0, 0, 0, 0, 0, 0, 
0, 0, 0, 0, 0, 0, 0, 0, 0, 0, 0.93825, 0.94988, 0.94661, 0.92264, 
0.94036, 0.94449, 0.94837, 0.95143, 0.95947, 0.95143, 0.93918, 
0.93685, 0.94988, 0.95375, 0.93645, 0.94702, 0.94449, 0.95425, 
0.9567, 0.95947, 0.96095, 0.94848, 0.011, 0.0116, 0.0114, 0.0122, 
0.0128, 0.0125, 0.0139, 0.0131, 0.014, 0.0141, 0.0138, 38.3, 
41.2, 43.1, 47, 48.5, 49.6, 50.3, 52.7, 55.9, 57.3, 58.5, 1, 
1, 1, 1, 1, 1, 1, 1, 1, 1, 1, 1, 1, 1, 1, 1, 1, 1, 1, 1, 1, 1, 
1, 1, 1, 1, 1, 1, 1, 1, 1, 1, 1, 1, 1, 1, 1, 1, 1, 1, 1, 1, 1, 
1, 2.906, 2.994, 2.912, 3.041, 3.087, 3.012, 3.152, 2.886, 3.014, 
3.064, 2.897), .Dim = c(11L, 40L), .Dimnames = list(NULL, c("Sampling", 
"PSO.cost", "PSO.gamma", "PSO.data.balancing", "PSO.feature.selection", 
"PSO.valid.acc", "PSO.test.acc", "PSO.train.time", "PSO.n.support.vectors", 
"PSO.index", "PSO.n.solutions", "PSO.generations", "PSO.n.evaluations", 
"PSO.cpu.time", "RS.cost", "RS.gamma", "RS.data.balancing", "RS.feature.selection", 
"RS.valid.acc", "RS.test.acc", "RS.train.time", "RS.n.support.vectors", 
"RS.index", "RS.n.solutions", "RS.generations", "RS.n.evaluations", 
"RS.cpu.time", "DF.cost", "DF.gamma", "DF.data.balancing", "DF.feature.selection", 
"DF.valid.acc", "DF.test.acc", "DF.train.time", "DF.n.support.vectors", 
"DF.index", "DF.n.solutions", "DF.generations", "DF.n.evaluations", 
"DF.cpu.time")))
