full <-
structure(c(50, 55, 60, 65, 70, 75, 80, 85, 90, 95, 100, 8.63575, 
4.42242, 8.02318, 5.75445, 8.53149, 5.30019, 4.3338, 5.27848, 
8.95506, 14.99223, 4.71069, -8.09109, -3.15581, -7.34256, -6.92309, 
-7.61443, -4.5812, -2.88429, -4.72944, -6.50798, -14.53054, -2.06196, 
0, 0, 0, 0, 0, 0, 0, 0, 0, 0, 0, 0, 0, 0, 0, 0, 0, 0, 0, 0, 0, 
0, 0.97348, 0.98258, 0.96905, 0.97136, 0.97327, 0.95735, 0.97186, 
0.97865, 0.97392, 0.98615, 0.9816, 0.96515, 0.97348, 0.96905, 
0.96421, 0.97369, 0.93855, 0.96042, 0.97865, 0.96445, 0.98636, 
0.97208, 0.0107, 0.0107, 0.0104, 0.0107, 0.0109, 0.0119, 0.0121, 
0.0112, 0.0117, 0.0119, 0.0133, 15.8, 24.8, 16.3, 22.2, 15.9, 
22.8, 32.8, 23.4, 16, 20.6, 43.2, 22, 501, 40, 47, 37, 372, 49, 
2296, 92, 150, 733, 401, 74, 460, 132, 489, 110, 881, 3, 304, 
133, 79, 100, 100, 100, 100, 100, 100, 100, 100, 100, 100, 100, 
2500, 2500, 2500, 2500, 2500, 2500, 2500, 2500, 2500, 2500, 2500, 
6721.481, 6733.938, 6621.453, 6637.512, 6656.17400000001, 6826.537, 
6727.784, 6819.58399999999, 6787.217, 6565.037, 6581.73199999999, 
7.59212, 3.86189, 2.42168, 5.11659, 2.07604, 5.00207, 3.01988, 
5.19187, 8.71571, 7.90797, 5.68477, -6.54068, -3.92328, -5.08791, 
-6.2978, -2.36322, -4.28199, -1.42027, -4.62547, -6.49057, -7.49828, 
-3.77109, 0, 0, 0, 0, 0, 0, 0, 0, 0, 0, 0, 0, 0, 0, 0, 0, 0, 
0, 0, 0, 0, 0, 0.97348, 0.98258, 0.96969, 0.97136, 0.97327, 0.95735, 
0.97186, 0.97865, 0.97392, 0.98615, 0.97706, 0.95515, 0.97488, 
0.95485, 0.96421, 0.98036, 0.94444, 0.96042, 0.97865, 0.97421, 
0.97634, 0.9816, 0.0108, 0.01, 0.0103, 0.0111, 0.0113, 0.0121, 
0.0127, 0.0118, 0.0115, 0.0112, 0.0118, 15.9, 23.5, 30.2, 22.4, 
38.5, 23.9, 48, 23.8, 16.1, 20.7, 26.3, 60, 64, 278, 324, 2, 
455, 23, 1274, 28, 6, 204, 48, 3, 1, 8, 107, 3, 28, 2, 2, 18, 
9, 100, 100, 100, 100, 100, 100, 100, 100, 100, 100, 100, 2500, 
2500, 2500, 2500, 2500, 2500, 2500, 2500, 2500, 2500, 2500, 6728.326, 
6733.547, 6672.089, 6651.218, 6650.14600000001, 6876.549, 6865.47099999999, 
6836.77799999999, 6834.59700000001, 6597.68499999998, 6524.54200000002, 
1, 1, 1, 1, 1, 1, 1, 1, 1, 1, 1, 0.2, 0.2, 0.2, 0.2, 0.2, 0.2, 
0.2, 0.2, 0.2, 0.2, 0.2, 0, 0, 0, 0, 0, 0, 0, 0, 0, 0, 0, 0, 
0, 0, 0, 0, 0, 0, 0, 0, 0, 0, 0.93606, 0.95117, 0.9543, 0.9504, 
0.96619, 0.93971, 0.94372, 0.95669, 0.96834, 0.96112, 0.95801, 
0.93606, 0.94283, 0.94716, 0.94993, 0.94702, 0.94559, 0.95487, 
0.95669, 0.94805, 0.95636, 0.95325, 0.0107, 0.0105, 0.0114, 0.0126, 
0.0113, 0.0122, 0.0128, 0.0134, 0.0129, 0.0137, 0.014, 40.2, 
41.9, 42.9, 45.4, 45.8, 50, 52.1, 53.1, 55.9, 57.4, 58.8, 1, 
1, 1, 1, 1, 1, 1, 1, 1, 1, 1, 1, 1, 1, 1, 1, 1, 1, 1, 1, 1, 1, 
1, 1, 1, 1, 1, 1, 1, 1, 1, 1, 1, 1, 1, 1, 1, 1, 1, 1, 1, 1, 1, 
1, 2.623, 2.608, 2.675, 2.671, 2.635, 2.733, 2.784, 2.716, 2.749, 
2.663, 2.621), .Dim = c(11L, 40L), .Dimnames = list(NULL, c("Sampling", 
"PSO.cost", "PSO.gamma", "PSO.data.balancing", "PSO.feature.selection", 
"PSO.valid.acc", "PSO.test.acc", "PSO.train.time", "PSO.n.support.vectors", 
"PSO.index", "PSO.n.solutions", "PSO.generations", "PSO.n.evaluations", 
"PSO.cpu.time", "RS.cost", "RS.gamma", "RS.data.balancing", "RS.feature.selection", 
"RS.valid.acc", "RS.test.acc", "RS.train.time", "RS.n.support.vectors", 
"RS.index", "RS.n.solutions", "RS.generations", "RS.n.evaluations", 
"RS.cpu.time", "DF.cost", "DF.gamma", "DF.data.balancing", "DF.feature.selection", 
"DF.valid.acc", "DF.test.acc", "DF.train.time", "DF.n.support.vectors", 
"DF.index", "DF.n.solutions", "DF.generations", "DF.n.evaluations", 
"DF.cpu.time")))
