full <-
structure(c(50, 55, 60, 65, 70, 75, 80, 85, 90, 95, 100, 9.19945, 
1.86025, 10.8555, 5.96541, 5.79931, 10.32452, 8.01264, 6.05991, 
3.23367, 9.54576, 13.77714, -8.07093, -3.36797, -9.80361, -4.7328, 
-6.64058, -8.88438, -8.52877, -4.37513, -2.68306, -5.94109, -9.53274, 
0, 0, 0, 0, 0, 0, 0, 0, 0, 0, 0, 0, 0, 0, 0, 0, 0, 0, 0, 0, 0, 
0, 0.96258, 0.975, 0.96795, 0.97238, 0.96661, 0.97018, 0.96601, 
0.97281, 0.98, 0.97595, 0.9816, 0.97167, 0.96515, 0.95962, 0.97238, 
0.95946, 0.96985, 0.95458, 0.95117, 0.96421, 0.95143, 0.9816, 
0.0097, 0.0114, 0.0103, 0.0103, 0.0107, 0.012, 0.0121, 0.0116, 
0.0125, 0.012, 0.0115, 13.3, 29.7, 14.8, 18.6, 23.4, 15.8, 23.4, 
21.7, 38.6, 15.9, 13.1, 33, 265, 273, 1552, 6, 113, 8, 58, 1393, 
87, 102, 334, 157, 167, 9, 369, 138, 525, 181, 27, 191, 748, 
100, 100, 100, 100, 100, 100, 100, 100, 100, 100, 100, 2500, 
2500, 2500, 2500, 2500, 2500, 2500, 2500, 2500, 2500, 2500, 7000.172, 
6850.905, 6648.216, 6617.81, 6605.31099999999, 7200.067, 7067.66899999999, 
7243.041, 7064.231, 6876.182, 7044.64199999999, 9.71986, 1.43554, 
12.57892, 5.95943, 14.08803, 12.25805, 9.00905, 5.93612, 9.10552, 
10.23126, 13.56009, -8.13103, -2.54608, -11.50137, -4.75408, 
-14.99217, -10.85088, -9.89179, -4.09072, -7.27459, -6.56694, 
-9.40187, 0, 0, 0, 0, 0, 0, 0, 0, 0, 0, 0, 0, 0, 0, 0, 0, 0, 
0, 0, 0, 0, 0, 0.96258, 0.975, 0.96795, 0.97238, 0.96661, 0.97018, 
0.96601, 0.97281, 0.97947, 0.97595, 0.9816, 0.97167, 0.95682, 
0.95962, 0.97238, 0.95946, 0.96985, 0.95458, 0.95117, 0.96395, 
0.95143, 0.9816, 0.0098, 0.0104, 0.0104, 0.0113, 0.0106, 0.0112, 
0.0124, 0.0117, 0.0119, 0.0121, 0.0122, 12.9, 33.9, 14.9, 18.6, 
23.6, 15.7, 25.1, 22.4, 16.1, 14.6, 13.3, 51, 1182, 119, 1029, 
54, 270, 6, 175, 2438, 1353, 186, 46, 3, 16, 1, 89, 10, 141, 
2, 1, 1, 39, 100, 100, 100, 100, 100, 100, 100, 100, 100, 100, 
100, 2500, 2500, 2500, 2500, 2500, 2500, 2500, 2500, 2500, 2500, 
2500, 6986.505, 6670.239, 6626.938, 6694.111, 6748.363, 7195.33, 
7192.807, 7088.56600000001, 6998.61199999999, 7100.17600000001, 
6879.30500000002, 1, 1, 1, 1, 1, 1, 1, 1, 1, 1, 1, 0.2, 0.2, 
0.2, 0.2, 0.2, 0.2, 0.2, 0.2, 0.2, 0.2, 0.2, 0, 0, 0, 0, 0, 0, 
0, 0, 0, 0, 0, 0, 0, 0, 0, 0, 0, 0, 0, 0, 0, 0, 0.95167, 0.96591, 
0.92821, 0.94319, 0.92155, 0.94407, 0.94281, 0.9462, 0.93368, 
0.95688, 0.95779, 0.94167, 0.94848, 0.93654, 0.96421, 0.91488, 
0.93782, 0.93725, 0.9462, 0.94395, 0.95143, 0.96277, 0.0109, 
0.0104, 0.0112, 0.0111, 0.0122, 0.013, 0.0125, 0.0129, 0.014, 
0.014, 0.0135, 36.6, 38.5, 42.1, 44, 47.8, 48.9, 51.7, 54.9, 
56.4, 57.7, 59.5, 1, 1, 1, 1, 1, 1, 1, 1, 1, 1, 1, 1, 1, 1, 1, 
1, 1, 1, 1, 1, 1, 1, 1, 1, 1, 1, 1, 1, 1, 1, 1, 1, 1, 1, 1, 1, 
1, 1, 1, 1, 1, 1, 1, 1, 2.694, 2.645, 2.684, 2.729, 2.807, 2.916, 
2.792, 2.916, 2.818, 2.775, 2.585), .Dim = c(11L, 40L), .Dimnames = list(
    NULL, c("Sampling", "PSO.cost", "PSO.gamma", "PSO.data.balancing", 
    "PSO.feature.selection", "PSO.valid.acc", "PSO.test.acc", 
    "PSO.train.time", "PSO.n.support.vectors", "PSO.index", "PSO.n.solutions", 
    "PSO.generations", "PSO.n.evaluations", "PSO.cpu.time", "RS.cost", 
    "RS.gamma", "RS.data.balancing", "RS.feature.selection", 
    "RS.valid.acc", "RS.test.acc", "RS.train.time", "RS.n.support.vectors", 
    "RS.index", "RS.n.solutions", "RS.generations", "RS.n.evaluations", 
    "RS.cpu.time", "DF.cost", "DF.gamma", "DF.data.balancing", 
    "DF.feature.selection", "DF.valid.acc", "DF.test.acc", "DF.train.time", 
    "DF.n.support.vectors", "DF.index", "DF.n.solutions", "DF.generations", 
    "DF.n.evaluations", "DF.cpu.time")))
