full <-
structure(c(50, 55, 60, 65, 70, 75, 80, 85, 90, 95, 100, -0.76115, 
8.46614, 7.43956, 8.23179, 12.237, 6.5724, 6.49724, 13.00756, 
12.87372, 8.85801, 5.26652, -0.9928, -9.90363, -9.53609, -9.39422, 
-14.85544, -5.56131, -4.94136, -9.94555, -8.9433, -8.06312, -3.8562, 
0, 0, 0, 0, 0, 0, 0, 0, 0, 0, 0, 0, 0, 0, 0, 0, 0, 0, 0, 0, 0, 
0, 0.96258, 0.98333, 0.97747, 0.97286, 0.97375, 0.97537, 0.97745, 
0.96257, 0.97421, 0.97162, 0.98139, 0.9353, 0.975, 0.96209, 0.96462, 
0.96708, 0.9625, 0.95425, 0.95673, 0.97421, 0.95232, 0.97662, 
0.0101, 0.0103, 0.0102, 0.0107, 0.0104, 0.011, 0.012, 0.0112, 
0.0115, 0.0112, 0.0125, 38.1, 16.8, 22, 18, 26.9, 20.3, 19.7, 
13.9, 13.2, 20.4, 26.5, 1215, 94, 22, 410, 19, 313, 354, 100, 
550, 709, 294, 52, 161, 224, 62, 595, 79, 425, 218, 81, 28, 374, 
100, 100, 100, 100, 100, 100, 100, 100, 100, 100, 100, 2500, 
2500, 2500, 2500, 2500, 2500, 2500, 2500, 2500, 2500, 2500, 6545.715, 
6573.823, 6419.177, 6393.919, 6936.575, 7026.086, 7023.848, 6929.75499999999, 
6780.747, 6816.984, 6890.185, -0.96805, 9.7803, 7.59059, 10.10197, 
10.40903, 6.05027, 5.13326, 13.05064, 14.15512, 7.79705, 5.2671, 
-1.12359, -11.22586, -9.76012, -11.22348, -12.06414, -4.84361, 
-2.66867, -9.9831, -9.76833, -6.89645, -3.88286, 0, 0, 0, 0, 
0, 0, 0, 0, 0, 0, 0, 0, 0, 0, 0, 0, 0, 0, 0, 0, 0, 0, 0.96258, 
0.98333, 0.97747, 0.97286, 0.97375, 0.97537, 0.97157, 0.96257, 
0.97421, 0.97139, 0.98139, 0.9353, 0.975, 0.96209, 0.96462, 0.97375, 
0.9625, 0.95392, 0.95673, 0.96921, 0.96184, 0.97662, 0.0104, 
0.0101, 0.0106, 0.0095, 0.0115, 0.0115, 0.0121, 0.0117, 0.0116, 
0.0125, 0.0129, 38.1, 16.9, 22.1, 17.7, 22.7, 21.5, 32, 13.9, 
12.7, 20.4, 26.6, 59, 63, 23, 107, 20, 352, 53, 71, 1521, 89, 
279, 3, 17, 28, 4, 121, 2, 10, 10, 2, 25, 2, 100, 100, 100, 100, 
100, 100, 100, 100, 100, 100, 100, 2500, 2500, 2500, 2500, 2500, 
2500, 2500, 2500, 2500, 2500, 2500, 6488.41, 6577.481, 6347.147, 
6343.944, 7301.47199999999, 7116.43399999999, 7087.035, 7092.51400000001, 
6599.637, 6911.16299999999, 6936.82999999999, 1, 1, 1, 1, 1, 
1, 1, 1, 1, 1, 1, 0.2, 0.2, 0.2, 0.2, 0.2, 0.2, 0.2, 0.2, 0.2, 
0.2, 0.2, 0, 0, 0, 0, 0, 0, 0, 0, 0, 0, 0, 0, 0, 0, 0, 0, 0, 
0, 0, 0, 0, 0, 0.95273, 0.95, 0.96209, 0.95802, 0.96042, 0.94485, 
0.96013, 0.94532, 0.95495, 0.95165, 0.96255, 0.94364, 0.95833, 
0.96209, 0.95747, 0.96042, 0.94485, 0.96013, 0.94532, 0.95495, 
0.96141, 0.95325, 0.0105, 0.0109, 0.0101, 0.0102, 0.0123, 0.013, 
0.0135, 0.014, 0.0146, 0.0139, 0.014, 30.7, 33.4, 38.5, 39.3, 
44.2, 49.2, 52, 52.9, 56, 60.3, 59.2, 1, 1, 1, 1, 1, 1, 1, 1, 
1, 1, 1, 1, 1, 1, 1, 1, 1, 1, 1, 1, 1, 1, 1, 1, 1, 1, 1, 1, 1, 
1, 1, 1, 1, 1, 1, 1, 1, 1, 1, 1, 1, 1, 1, 1, 2.638, 2.753, 2.492, 
2.487, 2.962, 2.742, 2.848, 2.915, 2.73, 2.811, 2.805), .Dim = c(11L, 
40L), .Dimnames = list(NULL, c("Sampling", "PSO.cost", "PSO.gamma", 
"PSO.data.balancing", "PSO.feature.selection", "PSO.valid.acc", 
"PSO.test.acc", "PSO.train.time", "PSO.n.support.vectors", "PSO.index", 
"PSO.n.solutions", "PSO.generations", "PSO.n.evaluations", "PSO.cpu.time", 
"RS.cost", "RS.gamma", "RS.data.balancing", "RS.feature.selection", 
"RS.valid.acc", "RS.test.acc", "RS.train.time", "RS.n.support.vectors", 
"RS.index", "RS.n.solutions", "RS.generations", "RS.n.evaluations", 
"RS.cpu.time", "DF.cost", "DF.gamma", "DF.data.balancing", "DF.feature.selection", 
"DF.valid.acc", "DF.test.acc", "DF.train.time", "DF.n.support.vectors", 
"DF.index", "DF.n.solutions", "DF.generations", "DF.n.evaluations", 
"DF.cpu.time")))
