full <-
structure(c(50, 55, 60, 65, 70, 75, 80, 85, 90, 95, 100, 11.50943, 
5.78831, 10.93716, 14.09386, 13.16349, 9.35054, 8.02421, 13.24946, 
13.43822, 9.65847, 14.13064, -11.01994, -4.11788, -1.94463, -11.8047, 
-11.53749, -7.41052, -6.59421, -11.24134, -14.06896, -8.03393, 
-12.59105, 0, 0, 0, 0, 0, 0, 0, 0, 0, 0, 0, 0, 0, 0, 0, 0, 0, 
0, 0, 0, 0, 0, 0.98167, 0.98397, 0.97692, 0.9719, 0.97417, 0.99333, 
0.98889, 0.98392, 0.96921, 0.97595, 0.98095, 0.97167, 0.96795, 
0.95385, 0.97136, 0.9675, 0.96865, 0.98333, 0.97277, 0.96947, 
0.97095, 0.95823, 0.0106, 0.0112, 0.0114, 0.0107, 0.0104, 0.011, 
0.0114, 0.0104, 0.0131, 0.0115, 0.0117, 13.3, 17.9, 31.2, 11.9, 
13.8, 13.4, 15.9, 13.6, 22.1, 17.7, 17.5, 104, 306, 201, 53, 
24, 166, 582, 67, 270, 185, 406, 258, 56, 608, 674, 500, 229, 
169, 507, 136, 667, 23, 100, 100, 100, 100, 100, 100, 100, 100, 
100, 100, 100, 2500, 2500, 2500, 2500, 2500, 2500, 2500, 2500, 
2500, 2500, 2500, 7591.321, 7466.346, 7491.623, 7363.048, 7322.63799999999, 
7648.398, 7497.39600000001, 7168.856, 7186.993, 6814.139, 6895.514, 
9.69869, 7.05375, 7.50362, 11.53054, 10.59296, 9.21213, 5.72601, 
14.86905, 4.39607, 9.86757, 14.98786, -9.29046, -5.58011, -1.93231, 
-9.2201, -8.77116, -7.53775, -4.45789, -12.70342, -4.96264, -8.11096, 
-10.73508, 0, 0, 0, 0, 0, 0, 0, 0, 0, 0, 0, 0, 0, 0, 0, 0, 0, 
0, 0, 0, 0, 0, 0.98167, 0.98397, 0.97692, 0.9719, 0.97417, 0.99333, 
0.98889, 0.98392, 0.96921, 0.97595, 0.97684, 0.96258, 0.96795, 
0.95385, 0.96421, 0.9675, 0.96865, 0.97153, 0.97277, 0.96447, 
0.97095, 0.97229, 0.0108, 0.0104, 0.0117, 0.0116, 0.0103, 0.0113, 
0.0116, 0.0107, 0.0122, 0.0119, 0.0123, 13.5, 14.5, 31.5, 11.9, 
13.5, 14, 21, 13.4, 24.4, 16.7, 12.7, 188, 1547, 2019, 262, 105, 
152, 49, 63, 80, 39, 1, 51, 1, 2, 20, 53, 9, 5, 35, 12, 7, 15, 
100, 100, 100, 100, 100, 100, 100, 100, 100, 100, 100, 2500, 
2500, 2500, 2500, 2500, 2500, 2500, 2500, 2500, 2500, 2500, 7467.266, 
7474.907, 7438.104, 7392.056, 7399.598, 7548.863, 7272.53300000001, 
7241.97, 7138.55100000001, 6918.57699999999, 6961.27499999999, 
1, 1, 1, 1, 1, 1, 1, 1, 1, 1, 1, 0.2, 0.2, 0.2, 0.2, 0.2, 0.2, 
0.2, 0.2, 0.2, 0.2, 0.2, 0, 0, 0, 0, 0, 0, 0, 0, 0, 0, 0, 0, 
0, 0, 0, 0, 0, 0, 0, 0, 0, 0, 0.92773, 0.93514, 0.93846, 0.94993, 
0.9403, 0.93805, 0.93721, 0.94052, 0.93816, 0.95643, 0.94913, 
0.92773, 0.93578, 0.94615, 0.94278, 0.92786, 0.93217, 0.9431, 
0.95751, 0.94342, 0.95643, 0.96732, 0.0113, 0.0119, 0.0119, 0.0121, 
0.0127, 0.0128, 0.0126, 0.0131, 0.0123, 0.0139, 0.0142, 36.3, 
40, 41.5, 41.3, 44.5, 47.2, 49.3, 50.7, 52.8, 56.4, 59.5, 1, 
1, 1, 1, 1, 1, 1, 1, 1, 1, 1, 1, 1, 1, 1, 1, 1, 1, 1, 1, 1, 1, 
1, 1, 1, 1, 1, 1, 1, 1, 1, 1, 1, 1, 1, 1, 1, 1, 1, 1, 1, 1, 1, 
1, 2.898, 2.951, 2.96, 3.104, 2.979, 2.87, 2.92, 3.024, 2.624, 
2.8, 2.824), .Dim = c(11L, 40L), .Dimnames = list(NULL, c("Sampling", 
"PSO.cost", "PSO.gamma", "PSO.data.balancing", "PSO.feature.selection", 
"PSO.valid.acc", "PSO.test.acc", "PSO.train.time", "PSO.n.support.vectors", 
"PSO.index", "PSO.n.solutions", "PSO.generations", "PSO.n.evaluations", 
"PSO.cpu.time", "RS.cost", "RS.gamma", "RS.data.balancing", "RS.feature.selection", 
"RS.valid.acc", "RS.test.acc", "RS.train.time", "RS.n.support.vectors", 
"RS.index", "RS.n.solutions", "RS.generations", "RS.n.evaluations", 
"RS.cpu.time", "DF.cost", "DF.gamma", "DF.data.balancing", "DF.feature.selection", 
"DF.valid.acc", "DF.test.acc", "DF.train.time", "DF.n.support.vectors", 
"DF.index", "DF.n.solutions", "DF.generations", "DF.n.evaluations", 
"DF.cpu.time")))
