full <-
structure(c(50, 55, 60, 65, 70, 75, 80, 85, 90, 95, 100, 7.23788, 
12.65246, 1.17219, 9.80551, 3.19275, 14.36339, 15, 14.26857, 
1.65338, 5.90388, 6.74076, -3.71012, -14.48817, -2.00732, -11.55913, 
-5.73481, -12.77689, -5.92908, -14.64923, -4.19416, -4.05284, 
-4.62697, 0, 0, 0, 0, 0, 0, 0, 0, 0, 0, 0, 0, 0, 0, 0, 0, 0, 
0, 0, 0, 0, 0, 1, 0.98231, 0.99231, 0.98619, 0.97417, 0.9636, 
0.96981, 0.96719, 0.96947, 0.98095, 0.97706, 1, 0.98231, 0.98462, 
0.97952, 0.96083, 0.9636, 0.95413, 0.94555, 0.95947, 0.98095, 
0.9632, 0.0101, 0.0109, 0.0121, 0.0109, 0.0114, 0.0112, 0.0113, 
0.0112, 0.0127, 0.012, 0.0114, 17.1, 19, 37.1, 20.8, 30.4, 15.9, 
13.8, 22.4, 41.6, 24.7, 20.5, 7, 5, 36, 10, 133, 123, 51, 59, 
75, 56, 267, 1438, 875, 882, 149, 178, 334, 1317, 90, 345, 176, 
274, 100, 100, 100, 100, 100, 100, 100, 100, 100, 100, 100, 2500, 
2500, 2500, 2500, 2500, 2500, 2500, 2500, 2500, 2500, 2500, 6820.675, 
6691.574, 6848.87, 6772.799, 6774.008, 6673.591, 6584.16399999999, 
6732.17999999999, 6733.46800000001, 6619.39999999999, 6509.55499999999, 
11.71389, 13.47973, 1.40795, 0.9828, 7.17789, 14.97857, 5.0439, 
11.05087, 3.46717, 4.42289, 7.42856, -10.44771, -13.31454, -1.82938, 
-3.44253, -9.5084, -13.68535, -4.83076, -11.41836, -6.41874, 
-2.65965, -5.24951, 0, 0, 0, 0, 0, 0, 0, 0, 0, 0, 0, 0, 0, 0, 
0, 0, 0, 0, 0, 0, 0, 0, 1, 0.98231, 0.99231, 0.98619, 0.97417, 
0.9636, 0.97018, 0.96719, 0.96947, 0.98095, 0.97273, 1, 0.98231, 
0.97692, 0.97286, 0.9675, 0.95772, 0.95381, 0.94555, 0.95447, 
0.97143, 0.95887, 0.0109, 0.0099, 0.0117, 0.011, 0.0115, 0.0105, 
0.0112, 0.0121, 0.0118, 0.0128, 0.0125, 11, 12.6, 36.5, 33.2, 
27, 16.4, 23.4, 22.3, 38.9, 36.6, 17.7, 4, 2, 125, 51, 96, 37, 
175, 323, 374, 53, 2301, 713, 321, 25, 47, 14, 41, 1, 6, 22, 
19, 1, 100, 100, 100, 100, 100, 100, 100, 100, 100, 100, 100, 
2500, 2500, 2500, 2500, 2500, 2500, 2500, 2500, 2500, 2500, 2500, 
6737.736, 6727.261, 6750.358, 6779.436, 6794.813, 6618.47900000001, 
6617.151, 6687.68399999999, 6693.727, 6432.57400000001, 6533.47999999998, 
1, 1, 1, 1, 1, 1, 1, 1, 1, 1, 1, 0.2, 0.2, 0.2, 0.2, 0.2, 0.2, 
0.2, 0.2, 0.2, 0.2, 0.2, 0, 0, 0, 0, 0, 0, 0, 0, 0, 0, 0, 0, 
0, 0, 0, 0, 0, 0, 0, 0, 0, 0, 0.96273, 0.97462, 0.98462, 0.97238, 
0.96792, 0.94407, 0.94269, 0.96108, 0.96421, 0.9569, 0.95801, 
0.96273, 0.97462, 0.98462, 0.96571, 0.94833, 0.94407, 0.94825, 
0.95581, 0.96447, 0.96643, 0.97208, 0.0108, 0.0115, 0.0112, 0.0118, 
0.0126, 0.0126, 0.0119, 0.0129, 0.0133, 0.0132, 0.0134, 33.1, 
38.1, 39.9, 43.4, 46.3, 48.7, 52, 54.5, 56.9, 57.4, 58.6, 1, 
1, 1, 1, 1, 1, 1, 1, 1, 1, 1, 1, 1, 1, 1, 1, 1, 1, 1, 1, 1, 1, 
1, 1, 1, 1, 1, 1, 1, 1, 1, 1, 1, 1, 1, 1, 1, 1, 1, 1, 1, 1, 1, 
1, 2.515, 2.792, 2.694, 2.679, 2.68, 2.617, 2.546, 2.61, 2.676, 
2.551, 2.479), .Dim = c(11L, 40L), .Dimnames = list(NULL, c("Sampling", 
"PSO.cost", "PSO.gamma", "PSO.data.balancing", "PSO.feature.selection", 
"PSO.valid.acc", "PSO.test.acc", "PSO.train.time", "PSO.n.support.vectors", 
"PSO.index", "PSO.n.solutions", "PSO.generations", "PSO.n.evaluations", 
"PSO.cpu.time", "RS.cost", "RS.gamma", "RS.data.balancing", "RS.feature.selection", 
"RS.valid.acc", "RS.test.acc", "RS.train.time", "RS.n.support.vectors", 
"RS.index", "RS.n.solutions", "RS.generations", "RS.n.evaluations", 
"RS.cpu.time", "DF.cost", "DF.gamma", "DF.data.balancing", "DF.feature.selection", 
"DF.valid.acc", "DF.test.acc", "DF.train.time", "DF.n.support.vectors", 
"DF.index", "DF.n.solutions", "DF.generations", "DF.n.evaluations", 
"DF.cpu.time")))
