full <-
structure(c(50, 55, 60, 65, 70, 75, 80, 85, 90, 95, 100, 14.43272, 
0.88759, 12.05757, 11.33449, 9.27513, 8.54887, 8.38053, 10.18458, 
5.91605, 5.28293, 5.19344, -12.16778, -2.44532, -8.23852, -7.86922, 
-6.94613, -6.37505, -7.63813, -8.70583, -3.58283, -4.15257, -4.31236, 
0, 0, 0, 0, 0, 0, 0, 0, 0, 0, 0, 0, 0, 0, 0, 0, 0, 0, 0, 0, 0, 
0, 0.96348, 0.97552, 0.96859, 0.96421, 0.98042, 0.96912, 0.98268, 
0.97863, 0.97971, 0.97619, 0.98593, 0.97182, 0.9595, 0.96914, 
0.95659, 0.99333, 0.96324, 0.97745, 0.96199, 0.96389, 0.96643, 
0.98117, 0.0105, 0.0113, 0.0102, 0.0104, 0.0103, 0.0106, 0.0111, 
0.0109, 0.0118, 0.0123, 0.0115, 10.3, 34.5, 10.7, 10.4, 12.1, 
15.3, 17.3, 15, 25.4, 26.6, 25.8, 17, 5, 43, 6, 37, 3, 30, 106, 
874, 568, 1524, 960, 327, 800, 694, 569, 651, 382, 304, 161, 
761, 38, 100, 100, 100, 100, 100, 100, 100, 100, 100, 100, 100, 
2500, 2500, 2500, 2500, 2500, 2500, 2500, 2500, 2500, 2500, 2500, 
6927.683, 6892.467, 6853.8, 6662.702, 6695.857, 6831.246, 6885.011, 
6842.04699999999, 6708.93799999999, 6754.005, 6481.73000000001, 
13.90987, 2.40948, 5.05119, 13.76126, 10.40728, 2.56271, 13.40321, 
10.71251, 6.49375, 5.46818, 4.83135, -12.20996, -3.99194, -4.0852, 
-12.34522, -7.95828, -3.01401, -12.31201, -8.94555, -3.95531, 
-4.40094, -4.27248, 0, 0, 0, 0, 0, 0, 0, 0, 0, 0, 0, 0, 0, 0, 
0, 0, 0, 0, 0, 0, 0, 0, 0.96348, 0.97552, 0.96923, 0.96421, 0.98042, 
0.975, 0.98268, 0.97863, 0.97971, 0.97619, 0.98139, 0.96348, 
0.9595, 0.96923, 0.95707, 0.99333, 0.9625, 0.98301, 0.97807, 
0.95863, 0.96643, 0.97641, 0.0107, 0.0103, 0.0104, 0.0101, 0.0102, 
0.0111, 0.0107, 0.0108, 0.0115, 0.012, 0.0126, 11.4, 25.3, 19.7, 
13, 11.7, 32.8, 15.9, 14.1, 22.1, 24.8, 27.5, 1, 41, 305, 22, 
234, 1310, 121, 11, 713, 315, 126, 24, 126, 2, 112, 10, 1, 43, 
26, 3, 4, 1, 100, 100, 100, 100, 100, 100, 100, 100, 100, 100, 
100, 2500, 2500, 2500, 2500, 2500, 2500, 2500, 2500, 2500, 2500, 
2500, 6939.519, 6882.607, 6732.556, 6509.66899999999, 6796.72400000001, 
6934.16499999999, 6935.455, 6733.83500000001, 6749.012, 6600.45999999999, 
6576.82999999999, 1, 1, 1, 1, 1, 1, 1, 1, 1, 1, 1, 0.2, 0.2, 
0.2, 0.2, 0.2, 0.2, 0.2, 0.2, 0.2, 0.2, 0.2, 0, 0, 0, 0, 0, 0, 
0, 0, 0, 0, 0, 0, 0, 0, 0, 0, 0, 0, 0, 0, 0, 0, 0.95439, 0.96719, 
0.94011, 0.95707, 0.95494, 0.9625, 0.97055, 0.95699, 0.96892, 
0.95688, 0.96299, 0.94606, 0.95117, 0.95495, 0.95707, 0.95542, 
0.95625, 0.9768, 0.95143, 0.9581, 0.95258, 0.95844, 0.0106, 0.0113, 
0.0113, 0.0113, 0.0122, 0.0123, 0.0136, 0.0126, 0.013, 0.013, 
0.0135, 34.9, 36.9, 40.3, 41.7, 44.9, 50.3, 52.1, 51.9, 55.4, 
56.8, 58.3, 1, 1, 1, 1, 1, 1, 1, 1, 1, 1, 1, 1, 1, 1, 1, 1, 1, 
1, 1, 1, 1, 1, 1, 1, 1, 1, 1, 1, 1, 1, 1, 1, 1, 1, 1, 1, 1, 1, 
1, 1, 1, 1, 1, 1, 2.705, 2.711, 2.75, 2.63, 2.791, 2.723, 2.756, 
2.596, 2.738, 2.516, 2.587), .Dim = c(11L, 40L), .Dimnames = list(
    NULL, c("Sampling", "PSO.cost", "PSO.gamma", "PSO.data.balancing", 
    "PSO.feature.selection", "PSO.valid.acc", "PSO.test.acc", 
    "PSO.train.time", "PSO.n.support.vectors", "PSO.index", "PSO.n.solutions", 
    "PSO.generations", "PSO.n.evaluations", "PSO.cpu.time", "RS.cost", 
    "RS.gamma", "RS.data.balancing", "RS.feature.selection", 
    "RS.valid.acc", "RS.test.acc", "RS.train.time", "RS.n.support.vectors", 
    "RS.index", "RS.n.solutions", "RS.generations", "RS.n.evaluations", 
    "RS.cpu.time", "DF.cost", "DF.gamma", "DF.data.balancing", 
    "DF.feature.selection", "DF.valid.acc", "DF.test.acc", "DF.train.time", 
    "DF.n.support.vectors", "DF.index", "DF.n.solutions", "DF.generations", 
    "DF.n.evaluations", "DF.cpu.time")))
