full <-
structure(c(50, 55, 60, 65, 70, 75, 80, 85, 90, 95, 100, 10.18453, 
8.59736, 12.56275, 15, 11.60654, 14.55547, 7.25109, 9.25633, 
11.0385, 4.76067, 10.24751, -9.56161, -7.49216, -10.52969, -11.82761, 
-10.07747, -13.17846, -6.24966, -5.50422, -7.25678, -6.21353, 
-7.52502, 0, 0, 0, 0, 0, 0, 0, 0, 0, 0, 0, 0, 0, 0, 0, 0, 0, 
0, 0, 0, 0, 0, 0.97424, 0.97413, 0.98462, 0.97952, 0.98042, 0.98235, 
0.98268, 0.97865, 0.97947, 0.97593, 0.98139, 0.96424, 0.98182, 
0.98462, 0.94524, 0.96661, 0.96949, 0.97712, 0.95175, 0.97392, 
0.95639, 0.95779, 0.0096, 0.0102, 0.0104, 0.0099, 0.0108, 0.0108, 
0.0109, 0.0118, 0.0117, 0.0123, 0.0119, 14.8, 13.8, 12.8, 10.7, 
15.3, 16.6, 19.2, 15.2, 14.1, 30.4, 14.7, 22, 35, 16, 117, 79, 
10, 299, 44, 59, 31, 9, 518, 171, 74, 205, 103, 252, 96, 119, 
530, 459, 209, 100, 100, 100, 100, 100, 100, 100, 100, 100, 100, 
100, 2500, 2500, 2500, 2500, 2500, 2500, 2500, 2500, 2500, 2500, 
2500, 6787.066, 6843.915, 6828.615, 6681.46, 6879.036, 6742.33499999999, 
6836.00900000001, 7145.393, 6921.466, 6422.982, 6508.00700000001, 
8.55129, 10.20148, 13.77311, 14.81437, 14.8509, 14.63983, 6.75998, 
12.04901, 12.31294, 8.7679, 10.88584, -7.52864, -8.87504, -11.72609, 
-11.76535, -13.29654, -13.24695, -5.87375, -8.11035, -7.91181, 
-10.37899, -8.46126, 0, 0, 0, 0, 0, 0, 0, 0, 0, 0, 0, 0, 0, 0, 
0, 0, 0, 0, 0, 0, 0, 0, 0.97424, 0.97413, 0.98462, 0.97952, 0.98042, 
0.98235, 0.98268, 0.97865, 0.97947, 0.97593, 0.98139, 0.97258, 
0.97413, 0.98462, 0.94524, 0.96661, 0.96949, 0.97712, 0.96813, 
0.96392, 0.95639, 0.96732, 0.0099, 0.0101, 0.01, 0.0096, 0.0108, 
0.0105, 0.0113, 0.0114, 0.0116, 0.013, 0.0121, 13.9, 13.2, 12.7, 
10.9, 15.4, 16.5, 20.4, 13.1, 13.6, 30.8, 15.1, 126, 69, 2088, 
594, 586, 489, 239, 356, 408, 4, 212, 75, 30, 1, 5, 4, 9, 3, 
4, 3, 55, 10, 100, 100, 100, 100, 100, 100, 100, 100, 100, 100, 
100, 2500, 2500, 2500, 2500, 2500, 2500, 2500, 2500, 2500, 2500, 
2500, 6842.374, 6659.654, 6910.81, 6811.2, 6808.86599999999, 
6901.90400000001, 6923.89200000001, 7196.37699999999, 6449.651, 
6434.58799999999, 6809.83899999998, 1, 1, 1, 1, 1, 1, 1, 1, 1, 
1, 1, 0.2, 0.2, 0.2, 0.2, 0.2, 0.2, 0.2, 0.2, 0.2, 0.2, 0.2, 
0, 0, 0, 0, 0, 0, 0, 0, 0, 0, 0, 0, 0, 0, 0, 0, 0, 0, 0, 0, 0, 
0, 0.94313, 0.94965, 0.91593, 0.94476, 0.94786, 0.94449, 0.95359, 
0.95731, 0.95836, 0.96617, 0.95823, 0.94591, 0.94965, 0.92363, 
0.9581, 0.95411, 0.9511, 0.95425, 0.95205, 0.94307, 0.96617, 
0.96277, 0.0102, 0.0099, 0.0112, 0.0113, 0.0122, 0.0125, 0.0126, 
0.0133, 0.0133, 0.0139, 0.0137, 38.8, 38.7, 43.8, 45.3, 46.9, 
48.6, 50.9, 55.7, 58.4, 57.9, 58.8, 1, 1, 1, 1, 1, 1, 1, 1, 1, 
1, 1, 1, 1, 1, 1, 1, 1, 1, 1, 1, 1, 1, 1, 1, 1, 1, 1, 1, 1, 1, 
1, 1, 1, 1, 1, 1, 1, 1, 1, 1, 1, 1, 1, 1, 2.69, 2.605, 2.778, 
2.815, 2.851, 2.851, 2.85, 2.859, 2.583, 2.757, 2.609), .Dim = c(11L, 
40L), .Dimnames = list(NULL, c("Sampling", "PSO.cost", "PSO.gamma", 
"PSO.data.balancing", "PSO.feature.selection", "PSO.valid.acc", 
"PSO.test.acc", "PSO.train.time", "PSO.n.support.vectors", "PSO.index", 
"PSO.n.solutions", "PSO.generations", "PSO.n.evaluations", "PSO.cpu.time", 
"RS.cost", "RS.gamma", "RS.data.balancing", "RS.feature.selection", 
"RS.valid.acc", "RS.test.acc", "RS.train.time", "RS.n.support.vectors", 
"RS.index", "RS.n.solutions", "RS.generations", "RS.n.evaluations", 
"RS.cpu.time", "DF.cost", "DF.gamma", "DF.data.balancing", "DF.feature.selection", 
"DF.valid.acc", "DF.test.acc", "DF.train.time", "DF.n.support.vectors", 
"DF.index", "DF.n.solutions", "DF.generations", "DF.n.evaluations", 
"DF.cpu.time")))
