full <-
structure(c(50, 55, 60, 65, 70, 75, 80, 85, 90, 95, 100, 11.83735, 
6.83607, 15, 7.07161, 3.79259, 7.80304, 12.92566, 10.92582, 11.14451, 
8.86775, 3.59736, -11.42915, -11.74771, -13.06528, -11.76647, 
-9.86101, -11.35919, -13.03813, -14.80167, -14.84473, -12.65589, 
-6.83182, 0, 0, 0, 0, 0, 0, 0, 0, 0, 0, 0, 0, 0, 0, 0, 0, 0, 
0, 0, 0, 0, 0, 0.786, 0.76184, 0.77495, 0.78141, 0.77286, 0.78267, 
0.77625, 0.7683, 0.77448, 0.77577, 0.785, 0.78, 0.76203, 0.76658, 
0.77071, 0.76, 0.77733, 0.77125, 0.76354, 0.76332, 0.77362, 0.769, 
0.1405, 0.1004, 0.3322, 0.1328, 0.1517, 0.1705, 0.2727, 0.2068, 
0.2343, 0.2558, 0.2955, 213.9, 242.2, 260.2, 279.5, 310, 318.8, 
336.1, 361, 380.5, 401.9, 445.8, 385, 1783, 1120, 1752, 2431, 
1005, 961, 1633, 484, 185, 427, 45, 8, 4, 28, 2, 23, 7, 4, 102, 
118, 157, 100, 100, 100, 100, 100, 100, 100, 100, 100, 100, 100, 
2500, 2500, 2500, 2500, 2500, 2500, 2500, 2500, 2500, 2500, 2500, 
11362.968, 10374.195, 13843.159, 11561.175, 11810.161, 12670.849, 
14858.702, 12993.667, 14032.269, 14555.174, 17946.961, 8.45766, 
6.41342, 6.37867, 6.68327, 3.3137, 13.27419, 3.08319, 13.01157, 
9.6219, 8.67703, 3.66752, -9.4581, -11.14056, -8.35267, -11.68566, 
-9.3699, -14.75273, -6.37653, -11.17509, -13.33342, -12.3681, 
-6.84143, 0, 0, 0, 0, 0, 0, 0, 0, 0, 0, 0, 0, 0, 0, 0, 0, 0, 
0, 0, 0, 0, 0, 0.786, 0.76184, 0.77331, 0.77989, 0.77, 0.78, 
0.77625, 0.76702, 0.77446, 0.77577, 0.783, 0.778, 0.75836, 0.76164, 
0.77379, 0.76429, 0.77867, 0.765, 0.75178, 0.76445, 0.77257, 
0.769, 0.1077, 0.1055, 0.1309, 0.1304, 0.1514, 0.2043, 0.1979, 
0.6154, 0.2354, 0.2573, 0.2945, 214.4, 240.7, 260.4, 281.6, 312, 
313.8, 357, 355.3, 380.4, 401.6, 444.6, 192, 1516, 1027, 1651, 
1499, 633, 230, 760, 918, 1872, 273, 5, 1, 2, 1, 2, 3, 1, 1, 
1, 2, 3, 100, 100, 100, 100, 100, 100, 100, 100, 100, 100, 100, 
2500, 2500, 2500, 2500, 2500, 2500, 2500, 2500, 2500, 2500, 2500, 
10857.807, 11680.736, 12603.52, 13263.1, 13886.69, 14610.976, 
15363.153, 16638.186, 18198.881, 19268.882, 20197.137, 1, 1, 
1, 1, 1, 1, 1, 1, 1, 1, 1, 0.04167, 0.04167, 0.04167, 0.04167, 
0.04167, 0.04167, 0.04167, 0.04167, 0.04167, 0.04167, 0.04167, 
0, 0, 0, 0, 0, 0, 0, 0, 0, 0, 0, 0, 0, 0, 0, 0, 0, 0, 0, 0, 0, 
0, 0.744, 0.7219, 0.72669, 0.7291, 0.73143, 0.74133, 0.76125, 
0.75402, 0.74772, 0.76628, 0.774, 0.756, 0.72742, 0.72822, 0.73836, 
0.74429, 0.748, 0.75375, 0.76469, 0.75442, 0.75049, 0.76, 0.1, 
0.1137, 0.1365, 0.1489, 0.1703, 0.1916, 0.2116, 0.2359, 0.2595, 
0.285, 0.3104, 266.9, 296.5, 319.4, 342.2, 365.4, 391.5, 411.2, 
439.9, 459.8, 484.8, 513.1, 1, 1, 1, 1, 1, 1, 1, 1, 1, 1, 1, 
1, 1, 1, 1, 1, 1, 1, 1, 1, 1, 1, 1, 1, 1, 1, 1, 1, 1, 1, 1, 1, 
1, 1, 1, 1, 1, 1, 1, 1, 1, 1, 1, 1, 4.041, 4.142, 4.602, 4.624, 
4.658, 4.857, 5.047, 5.428, 5.726, 6.111, 6.178), .Dim = c(11L, 
40L), .Dimnames = list(NULL, c("Sampling", "PSO.cost", "PSO.gamma", 
"PSO.data.balancing", "PSO.feature.selection", "PSO.valid.acc", 
"PSO.test.acc", "PSO.train.time", "PSO.n.support.vectors", "PSO.index", 
"PSO.n.solutions", "PSO.generations", "PSO.n.evaluations", "PSO.cpu.time", 
"RS.cost", "RS.gamma", "RS.data.balancing", "RS.feature.selection", 
"RS.valid.acc", "RS.test.acc", "RS.train.time", "RS.n.support.vectors", 
"RS.index", "RS.n.solutions", "RS.generations", "RS.n.evaluations", 
"RS.cpu.time", "DF.cost", "DF.gamma", "DF.data.balancing", "DF.feature.selection", 
"DF.valid.acc", "DF.test.acc", "DF.train.time", "DF.n.support.vectors", 
"DF.index", "DF.n.solutions", "DF.generations", "DF.n.evaluations", 
"DF.cpu.time")))
