full <-
structure(c(50, 55, 60, 65, 70, 75, 80, 85, 90, 95, 100, 1.43406, 
5.88859, 5.50722, 2.5376, 15, 6.32317, 7.41995, 5.7303, 11.19316, 
5.11886, 15, -7.76112, -8.20022, -9.45901, -7.98468, -14.45711, 
-9.57417, -10.39457, -9.53569, -15, -11.6562, -12.8766, 0, 0, 
0, 0, 0, 0, 0, 0, 0, 0, 0, 0, 0, 0, 0, 0, 0, 0, 0, 0, 0, 0, 0.7619, 
0.77073, 0.77167, 0.77538, 0.77285, 0.776, 0.77875, 0.77635, 
0.7724, 0.76947, 0.774, 0.74194, 0.74355, 0.76323, 0.76617, 0.76858, 
0.77467, 0.77, 0.76929, 0.76243, 0.75684, 0.765, 0.0874, 0.1092, 
0.1077, 0.1265, 0.2368, 0.1574, 0.1858, 0.1922, 0.2166, 0.2355, 
0.8319, 232.8, 236.9, 254.8, 291.7, 290.9, 318.4, 346.6, 376.5, 
387.9, 436, 428.4, 861, 481, 963, 731, 530, 79, 1069, 374, 226, 
603, 344, 27, 54, 49, 154, 9, 39, 158, 152, 479, 126, 11, 100, 
100, 100, 100, 100, 100, 100, 100, 100, 100, 100, 2500, 2500, 
2500, 2500, 2500, 2500, 2500, 2500, 2500, 2500, 2500, 10253.438, 
10790.186, 11603.942, 11167.376, 11712.45, 13424.794, 13878.904, 
15886.485, 13969.646, 14302.541, 27752.877, 1.32083, 5.95365, 
6.72932, 1.54312, 1.57006, 7.57794, 7.18446, 5.95649, 10.36592, 
5.97739, 11.91047, -7.45561, -9.89728, -10.08757, -7.18516, -7.0995, 
-10.21266, -10.15695, -9.81708, -14.24564, -10.6658, -11.32562, 
0, 0, 0, 0, 0, 0, 0, 0, 0, 0, 0, 0, 0, 0, 0, 0, 0, 0, 0, 0, 0, 
0, 0.7619, 0.76891, 0.77328, 0.77535, 0.77295, 0.776, 0.77875, 
0.77519, 0.77129, 0.76842, 0.771, 0.74598, 0.75787, 0.76489, 
0.76302, 0.76562, 0.77467, 0.76378, 0.77047, 0.76466, 0.75579, 
0.765, 0.0842, 0.0953, 0.1103, 0.1278, 0.141, 0.1604, 0.1824, 
0.204, 0.2204, 0.2327, 0.484, 233.3, 234.3, 254.2, 297.8, 317.4, 
316.7, 347.6, 376.5, 388.2, 418.7, 428.2, 336, 4, 1649, 599, 
2163, 277, 1886, 161, 892, 170, 805, 1, 2, 1, 1, 1, 2, 1, 2, 
1, 8, 6, 100, 100, 100, 100, 100, 100, 100, 100, 100, 100, 100, 
2500, 2500, 2500, 2500, 2500, 2500, 2500, 2500, 2500, 2500, 2500, 
10827.324, 11089.626, 11628.188, 12910.457, 12668.87, 13951.594, 
15945.55, 16884.67, 18405.441, 18602.448, 19440.778, 1, 1, 1, 
1, 1, 1, 1, 1, 1, 1, 1, 0.04167, 0.04167, 0.04167, 0.04167, 0.04167, 
0.04167, 0.04167, 0.04167, 0.04167, 0.04167, 0.04167, 0, 0, 0, 
0, 0, 0, 0, 0, 0, 0, 0, 0, 0, 0, 0, 0, 0, 0, 0, 0, 0, 0, 0.74182, 
0.76362, 0.75172, 0.7508, 0.75444, 0.74933, 0.7488, 0.74925, 
0.75111, 0.76, 0.755, 0.74982, 0.75082, 0.76184, 0.75239, 0.75419, 
0.764, 0.74761, 0.74447, 0.74121, 0.76, 0.752, 0.0938, 0.1041, 
0.1216, 0.1435, 0.1566, 0.173, 0.1927, 0.2197, 0.2377, 0.2546, 
0.2831, 270.2, 291, 313.1, 344, 364.1, 387.9, 418.6, 448.7, 470.5, 
493.9, 511.2, 1, 1, 1, 1, 1, 1, 1, 1, 1, 1, 1, 1, 1, 1, 1, 1, 
1, 1, 1, 1, 1, 1, 1, 1, 1, 1, 1, 1, 1, 1, 1, 1, 1, 1, 1, 1, 1, 
1, 1, 1, 1, 1, 1, 1, 3.901, 4.022, 4.193, 4.464, 4.412, 4.898, 
5.134, 5.406, 5.619, 5.763, 5.994), .Dim = c(11L, 40L), .Dimnames = list(
    NULL, c("Sampling", "PSO.cost", "PSO.gamma", "PSO.data.balancing", 
    "PSO.feature.selection", "PSO.valid.acc", "PSO.test.acc", 
    "PSO.train.time", "PSO.n.support.vectors", "PSO.index", "PSO.n.solutions", 
    "PSO.generations", "PSO.n.evaluations", "PSO.cpu.time", "RS.cost", 
    "RS.gamma", "RS.data.balancing", "RS.feature.selection", 
    "RS.valid.acc", "RS.test.acc", "RS.train.time", "RS.n.support.vectors", 
    "RS.index", "RS.n.solutions", "RS.generations", "RS.n.evaluations", 
    "RS.cpu.time", "DF.cost", "DF.gamma", "DF.data.balancing", 
    "DF.feature.selection", "DF.valid.acc", "DF.test.acc", "DF.train.time", 
    "DF.n.support.vectors", "DF.index", "DF.n.solutions", "DF.generations", 
    "DF.n.evaluations", "DF.cpu.time")))
