full <-
structure(c(50, 55, 60, 65, 70, 75, 80, 85, 90, 95, 100, 2.97001, 
0.34982, 4.01676, 4.14273, 3.46212, 13.28294, 0.54474, 2.68043, 
9.82836, 5.11127, 13.41389, -8.30411, -5.05207, -6.9863, -9.05174, 
-7.60944, -14.6219, -5.24828, -5.84615, -10.12406, -7.21338, 
-14.39693, 0, 0, 0, 0, 0, 0, 0, 0, 0, 0, 0, 0, 0, 0, 0, 0, 0, 
0, 0, 0, 0, 0, 0.76214, 0.75101, 0.74682, 0.76145, 0.76159, 0.77334, 
0.77277, 0.77642, 0.76001, 0.77805, 0.774, 0.73814, 0.74016, 
0.73993, 0.75231, 0.75167, 0.75464, 0.75897, 0.76469, 0.75113, 
0.76859, 0.767, 0.0892, 0.1144, 0.1305, 0.1355, 0.1559, 0.2092, 
0.2061, 0.2429, 0.3528, 0.286, 0.356, 245.9, 303.4, 294.6, 312.1, 
333.2, 330.9, 401.2, 407.2, 390.4, 416.7, 427.3, 1087, 2002, 
1212, 2265, 905, 1693, 2026, 1679, 487, 2177, 2295, 30, 23, 68, 
1, 66, 1, 28, 43, 39, 6, 3, 100, 100, 100, 100, 100, 100, 100, 
100, 100, 100, 100, 2500, 2500, 2500, 2500, 2500, 2500, 2500, 
2500, 2500, 2500, 2500, 10107.764, 10829.208, 12906.606, 12797.607, 
11981.782, 15148.458, 15562.262, 19022.847, 22733.658, 19226.877, 
16661.902, 4.58947, 0.24326, 14.52344, 4.98227, 3.9095, 10.71323, 
0.82052, 2.55334, 9.12214, 4.69692, 12.1874, -9.10175, -4.72916, 
-12.48895, -9.53854, -7.78709, -13.12113, -5.23597, -5.77973, 
-9.75438, -6.98848, -13.82157, 0, 0, 0, 0, 0, 0, 0, 0, 0, 0, 
0, 0, 0, 0, 0, 0, 0, 0, 0, 0, 0, 0, 0.75814, 0.74741, 0.74507, 
0.76142, 0.76016, 0.77068, 0.77024, 0.77642, 0.76001, 0.77592, 
0.772, 0.7401, 0.73107, 0.72818, 0.75072, 0.75312, 0.75868, 0.76519, 
0.76821, 0.75002, 0.76754, 0.767, 0.0889, 0.1184, 0.3694, 0.1384, 
0.1549, 0.1896, 0.2084, 0.2423, 0.3309, 0.2819, 0.3294, 238.5, 
312, 282.1, 308.7, 331.5, 333, 400.9, 408.6, 391, 419.8, 427.3, 
1580, 990, 35, 1218, 1629, 963, 402, 2350, 2480, 679, 754, 2, 
1, 2, 1, 1, 1, 1, 1, 1, 1, 1, 100, 100, 100, 100, 100, 100, 100, 
100, 100, 100, 100, 2500, 2500, 2500, 2500, 2500, 2500, 2500, 
2500, 2500, 2500, 2500, 10994.499, 11494.15, 12266.193, 13019.158, 
13846.148, 17348.813, 18235.356, 19387.857, 20667.628, 19774.524, 
20292.905, 1, 1, 1, 1, 1, 1, 1, 1, 1, 1, 1, 0.04167, 0.04167, 
0.04167, 0.04167, 0.04167, 0.04167, 0.04167, 0.04167, 0.04167, 
0.04167, 0.04167, 0, 0, 0, 0, 0, 0, 0, 0, 0, 0, 0, 0, 0, 0, 0, 
0, 0, 0, 0, 0, 0, 0, 0.7223, 0.74195, 0.72321, 0.73668, 0.73445, 
0.74404, 0.75885, 0.75633, 0.75219, 0.7579, 0.752, 0.72818, 0.73282, 
0.7134, 0.7368, 0.74871, 0.75073, 0.7577, 0.75866, 0.74107, 0.75591, 
0.755, 0.1002, 0.1157, 0.1317, 0.1544, 0.1705, 0.1961, 0.2217, 
0.2501, 0.27, 0.2914, 0.3186, 287.2, 317.2, 337.7, 369.8, 388.2, 
408.6, 426.2, 455, 469.1, 493.4, 516.8, 1, 1, 1, 1, 1, 1, 1, 
1, 1, 1, 1, 1, 1, 1, 1, 1, 1, 1, 1, 1, 1, 1, 1, 1, 1, 1, 1, 1, 
1, 1, 1, 1, 1, 1, 1, 1, 1, 1, 1, 1, 1, 1, 1, 1, 3.902, 4.056, 
4.185, 4.549, 4.774, 5.798, 5.985, 6.373, 6.705, 5.957, 6.228
), .Dim = c(11L, 40L), .Dimnames = list(NULL, c("Sampling", "PSO.cost", 
"PSO.gamma", "PSO.data.balancing", "PSO.feature.selection", "PSO.valid.acc", 
"PSO.test.acc", "PSO.train.time", "PSO.n.support.vectors", "PSO.index", 
"PSO.n.solutions", "PSO.generations", "PSO.n.evaluations", "PSO.cpu.time", 
"RS.cost", "RS.gamma", "RS.data.balancing", "RS.feature.selection", 
"RS.valid.acc", "RS.test.acc", "RS.train.time", "RS.n.support.vectors", 
"RS.index", "RS.n.solutions", "RS.generations", "RS.n.evaluations", 
"RS.cpu.time", "DF.cost", "DF.gamma", "DF.data.balancing", "DF.feature.selection", 
"DF.valid.acc", "DF.test.acc", "DF.train.time", "DF.n.support.vectors", 
"DF.index", "DF.n.solutions", "DF.generations", "DF.n.evaluations", 
"DF.cpu.time")))
