full <-
structure(c(50, 55, 60, 65, 70, 75, 80, 85, 90, 95, 100, 3.66919, 
15, 14.94775, 14.43197, 10.04236, 10.00395, 2.83325, 4.05052, 
3.81325, 4.32229, 9.40107, -7.01229, -13.05164, -14.39515, -13.67372, 
-13.49278, -13.3306, -7.42908, -7.8251, -7.68451, -6.98896, -11.92228, 
0, 0, 0, 0, 0, 0, 0, 0, 0, 0, 0, 0, 0, 0, 0, 0, 0, 0, 0, 0, 0, 
0, 0.80394, 0.79468, 0.78664, 0.79253, 0.78422, 0.79069, 0.79014, 
0.78118, 0.77563, 0.78211, 0.781, 0.79593, 0.78192, 0.77675, 
0.77875, 0.78277, 0.77595, 0.76881, 0.76718, 0.76437, 0.77263, 
0.764, 0.0852, 0.2664, 0.1909, 0.2252, 0.1448, 0.1669, 0.1887, 
0.2221, 0.2492, 0.2701, 0.2999, 210.3, 219, 243.4, 268.7, 287.6, 
310.5, 358, 381.8, 402.2, 417.1, 428.9, 1678, 1542, 1871, 429, 
69, 190, 1188, 2472, 674, 1251, 2237, 8, 1, 1, 1, 522, 272, 80, 
1, 170, 38, 5, 100, 100, 100, 100, 100, 100, 100, 100, 100, 100, 
100, 2500, 2500, 2500, 2500, 2500, 2500, 2500, 2500, 2500, 2500, 
2500, 10704.954, 12465.786, 12037.039, 13400.813, 11503.875, 
12222.111, 13451.835, 14747.432, 16709.849, 15426.407, 16120.027, 
7.05775, 12.97517, 12.05617, 12.63165, 0.36862, 10.13853, 2.72803, 
4.10276, 3.6437, 3.26663, 9.24541, -8.78126, -11.99181, -12.91145, 
-12.18226, -5.1615, -12.5742, -7.33568, -7.85263, -7.51, -6.34579, 
-11.83943, 0, 0, 0, 0, 0, 0, 0, 0, 0, 0, 0, 0, 0, 0, 0, 0, 0, 
0, 0, 0, 0, 0, 0.80193, 0.79465, 0.78331, 0.79106, 0.78562, 0.79065, 
0.78889, 0.78001, 0.7734, 0.78, 0.78, 0.79389, 0.78192, 0.77845, 
0.78022, 0.77842, 0.77728, 0.77131, 0.76718, 0.76551, 0.77263, 
0.764, 0.094, 0.1868, 0.139, 0.2126, 0.1605, 0.1765, 0.1929, 
0.2238, 0.2495, 0.2704, 0.298, 204.8, 219.9, 244.5, 271.5, 341.5, 
309.6, 358.5, 381.7, 403.9, 426.8, 429, 465, 161, 1008, 74, 2328, 
219, 678, 2295, 333, 429, 1611, 2, 1, 2, 3, 1, 2, 1, 1, 3, 3, 
1, 100, 100, 100, 100, 100, 100, 100, 100, 100, 100, 100, 2500, 
2500, 2500, 2500, 2500, 2500, 2500, 2500, 2500, 2500, 2500, 10804.567, 
11348.404, 11900.668, 12746.386, 13713.22, 14609.802, 15748.06, 
17032.921, 19609.678, 18747.142, 19972.644, 1, 1, 1, 1, 1, 1, 
1, 1, 1, 1, 1, 0.04167, 0.04167, 0.04167, 0.04167, 0.04167, 0.04167, 
0.04167, 0.04167, 0.04167, 0.04167, 0.04167, 0, 0, 0, 0, 0, 0, 
0, 0, 0, 0, 0, 0, 0, 0, 0, 0, 0, 0, 0, 0, 0, 0, 0.78213, 0.76185, 
0.76342, 0.77087, 0.78277, 0.77202, 0.76259, 0.75414, 0.75668, 
0.76211, 0.759, 0.75804, 0.77108, 0.76503, 0.7708, 0.78422, 0.7707, 
0.77137, 0.75293, 0.74883, 0.76211, 0.759, 0.0924, 0.1092, 0.1264, 
0.144, 0.1648, 0.1813, 0.2151, 0.2403, 0.2607, 0.2884, 0.3119, 
259.4, 281, 314.1, 337.3, 360.1, 385.6, 418, 439.3, 464.7, 488, 
513.1, 1, 1, 1, 1, 1, 1, 1, 1, 1, 1, 1, 1, 1, 1, 1, 1, 1, 1, 
1, 1, 1, 1, 1, 1, 1, 1, 1, 1, 1, 1, 1, 1, 1, 1, 1, 1, 1, 1, 1, 
1, 1, 1, 1, 1, 3.807, 4.108, 4.214, 4.232, 4.84, 4.921, 5.194, 
5.591, 5.564, 5.883, 6.052), .Dim = c(11L, 40L), .Dimnames = list(
    NULL, c("Sampling", "PSO.cost", "PSO.gamma", "PSO.data.balancing", 
    "PSO.feature.selection", "PSO.valid.acc", "PSO.test.acc", 
    "PSO.train.time", "PSO.n.support.vectors", "PSO.index", "PSO.n.solutions", 
    "PSO.generations", "PSO.n.evaluations", "PSO.cpu.time", "RS.cost", 
    "RS.gamma", "RS.data.balancing", "RS.feature.selection", 
    "RS.valid.acc", "RS.test.acc", "RS.train.time", "RS.n.support.vectors", 
    "RS.index", "RS.n.solutions", "RS.generations", "RS.n.evaluations", 
    "RS.cpu.time", "DF.cost", "DF.gamma", "DF.data.balancing", 
    "DF.feature.selection", "DF.valid.acc", "DF.test.acc", "DF.train.time", 
    "DF.n.support.vectors", "DF.index", "DF.n.solutions", "DF.generations", 
    "DF.n.evaluations", "DF.cpu.time")))
