full <-
structure(c(50, 55, 60, 65, 70, 75, 80, 85, 90, 95, 100, 11.39438, 
11.49477, 2.3394, 4.3361, 4.30469, 6.50226, 13.44851, 4.92639, 
1.25628, 8.88412, 5.18496, -12.42161, -11.04087, -5.83133, -7.24704, 
-7.67555, -11.96493, -12.72611, -9.19189, -5.45866, -15, -7.68803, 
0, 0, 0, 0, 0, 0, 0, 0, 0, 0, 0, 0, 0, 0, 0, 0, 0, 0, 0, 0, 0, 
0, 0.77218, 0.78729, 0.79676, 0.79403, 0.79003, 0.77599, 0.77505, 
0.77298, 0.77996, 0.77997, 0.78, 0.76618, 0.77466, 0.77689, 0.77876, 
0.76864, 0.77732, 0.76872, 0.76245, 0.76886, 0.77051, 0.764, 
0.1023, 0.1644, 0.1179, 0.1335, 0.1532, 0.173, 0.3394, 0.209, 
0.2467, 0.2585, 0.2971, 200.1, 225.1, 269.2, 273.3, 304.6, 333.1, 
347.3, 378, 431.1, 431, 436.4, 925, 750, 1077, 1430, 497, 138, 
805, 872, 929, 292, 1038, 38, 55, 69, 37, 32, 85, 7, 64, 18, 
161, 15, 100, 100, 100, 100, 100, 100, 100, 100, 100, 100, 100, 
2500, 2500, 2500, 2500, 2500, 2500, 2500, 2500, 2500, 2500, 2500, 
10020.268, 13205.427, 11164.44, 12444.675, 11795.633, 12191.284, 
16588.287, 12798.683, 14145.199, 14591.446, 24796.742, 2.09888, 
14.57604, 2.40278, 5.72512, 4.35002, 1.94122, 12.33141, 2.81987, 
2.38732, 4.9536, 4.58145, -8.08213, -12.64336, -5.85566, -8.0796, 
-7.73598, -7.0019, -12.20792, -8.29846, -5.95473, -10.64744, 
-7.14106, 0, 0, 0, 0, 0, 0, 0, 0, 0, 0, 0, 0, 0, 0, 0, 0, 0, 
0, 0, 0, 0, 0, 0.77218, 0.78547, 0.79512, 0.79256, 0.7886, 0.77606, 
0.77253, 0.77066, 0.7766, 0.77892, 0.778, 0.7781, 0.77284, 0.77856, 
0.78028, 0.76868, 0.76939, 0.77249, 0.76952, 0.7622, 0.76839, 
0.759, 0.0842, 0.2822, 0.1163, 0.1346, 0.1549, 0.172, 0.2887, 
0.2083, 0.243, 0.2612, 0.2998, 223.2, 225.4, 268.4, 268.4, 304.2, 
343.4, 348.6, 388.1, 415.4, 428.2, 438.4, 217, 325, 1069, 2254, 
1038, 973, 739, 1668, 1125, 246, 1733, 3, 4, 1, 1, 1, 1, 3, 1, 
2, 8, 1, 100, 100, 100, 100, 100, 100, 100, 100, 100, 100, 100, 
2500, 2500, 2500, 2500, 2500, 2500, 2500, 2500, 2500, 2500, 2500, 
10727.356, 11569.325, 12332.504, 12851.094, 13852.726, 14450.622, 
15205.062, 16165.279, 18001.635, 18685.921, 20564.166, 1, 1, 
1, 1, 1, 1, 1, 1, 1, 1, 1, 0.04167, 0.04167, 0.04167, 0.04167, 
0.04167, 0.04167, 0.04167, 0.04167, 0.04167, 0.04167, 0.04167, 
0, 0, 0, 0, 0, 0, 0, 0, 0, 0, 0, 0, 0, 0, 0, 0, 0, 0, 0, 0, 0, 
0, 0.7501, 0.76002, 0.77348, 0.7678, 0.75706, 0.75871, 0.74878, 
0.74587, 0.76774, 0.75786, 0.758, 0.75614, 0.76009, 0.77351, 
0.7678, 0.75288, 0.76008, 0.75996, 0.75291, 0.76662, 0.7547, 
0.754, 0.0979, 0.1097, 0.1253, 0.1438, 0.1662, 0.1839, 0.2122, 
0.2365, 0.2597, 0.2908, 0.3132, 262.7, 284.3, 308.2, 332.8, 361.7, 
389.1, 416.8, 442.9, 466.1, 492.1, 513.1, 1, 1, 1, 1, 1, 1, 1, 
1, 1, 1, 1, 1, 1, 1, 1, 1, 1, 1, 1, 1, 1, 1, 1, 1, 1, 1, 1, 1, 
1, 1, 1, 1, 1, 1, 1, 1, 1, 1, 1, 1, 1, 1, 1, 1, 4, 4.082, 4.263, 
4.671, 4.579, 4.678, 5.101, 5.325, 5.841, 5.94, 6.535), .Dim = c(11L, 
40L), .Dimnames = list(NULL, c("Sampling", "PSO.cost", "PSO.gamma", 
"PSO.data.balancing", "PSO.feature.selection", "PSO.valid.acc", 
"PSO.test.acc", "PSO.train.time", "PSO.n.support.vectors", "PSO.index", 
"PSO.n.solutions", "PSO.generations", "PSO.n.evaluations", "PSO.cpu.time", 
"RS.cost", "RS.gamma", "RS.data.balancing", "RS.feature.selection", 
"RS.valid.acc", "RS.test.acc", "RS.train.time", "RS.n.support.vectors", 
"RS.index", "RS.n.solutions", "RS.generations", "RS.n.evaluations", 
"RS.cpu.time", "DF.cost", "DF.gamma", "DF.data.balancing", "DF.feature.selection", 
"DF.valid.acc", "DF.test.acc", "DF.train.time", "DF.n.support.vectors", 
"DF.index", "DF.n.solutions", "DF.generations", "DF.n.evaluations", 
"DF.cpu.time")))
