full <-
structure(c(50, 55, 60, 65, 70, 75, 80, 85, 90, 95, 100, 8.67473, 
2.80985, 5.78331, 10.0965, 13.85934, 2.65905, 3.83213, 3.78211, 
3.25088, 2.42169, 7.17132, -10.70948, -3.94782, -10.81524, -10.33225, 
-14.88028, -6.91905, -10.00785, -9.79701, -8.5884, -5.49576, 
-11.73581, 0, 0, 0, 0, 0, 0, 0, 0, 0, 0, 0, 0, 0, 0, 0, 0, 0, 
0, 0, 0, 0, 0, 0.77815, 0.78722, 0.76681, 0.78015, 0.78571, 0.77207, 
0.77253, 0.78001, 0.77553, 0.77591, 0.781, 0.75202, 0.76365, 
0.75342, 0.76325, 0.76, 0.75745, 0.7562, 0.76237, 0.76217, 0.7632, 
0.77, 0.0932, 0.1348, 0.1156, 0.1926, 0.1829, 0.1668, 0.1913, 
0.2063, 0.2347, 0.2737, 0.2801, 207.7, 312.4, 256.7, 271.9, 287.3, 
326.7, 353.1, 372.4, 397.3, 441.5, 436, 943, 1490, 1233, 2, 909, 
733, 1107, 631, 274, 1188, 856, 20, 86, 48, 71, 9, 285, 34, 41, 
254, 44, 59, 100, 100, 100, 100, 100, 100, 100, 100, 100, 100, 
100, 2500, 2500, 2500, 2500, 2500, 2500, 2500, 2500, 2500, 2500, 
2500, 11465.914, 11278.073, 11243.986, 15309.782, 12904.315, 
12454.479, 13033.629, 14039.421, 15671.556, 21308.082, 15906.09, 
4.95108, 2.89235, 5.65126, 11.74316, 13.66331, 2.62367, 3.96612, 
5.47792, 3.03428, 2.35928, 6.87613, -8.49887, -4.2039, -10.60943, 
-11.16714, -14.84091, -6.92413, -10.29794, -10.13279, -8.47468, 
-5.54013, -11.46389, 0, 0, 0, 0, 0, 0, 0, 0, 0, 0, 0, 0, 0, 0, 
0, 0, 0, 0, 0, 0, 0, 0, 0.77623, 0.78177, 0.76514, 0.78015, 0.78429, 
0.77075, 0.77374, 0.77885, 0.77441, 0.77381, 0.78, 0.76003, 0.7618, 
0.75508, 0.76479, 0.76, 0.75745, 0.75622, 0.77177, 0.76217, 0.76424, 
0.77, 0.087, 0.1343, 0.1129, 0.2307, 0.1891, 0.1647, 0.1894, 
0.2122, 0.2296, 0.2729, 0.275, 216, 298.5, 256.5, 271.1, 288.3, 
326.9, 354.9, 361.9, 398.9, 440.1, 436.1, 1641, 280, 687, 1538, 
261, 631, 849, 1368, 1778, 648, 1872, 1, 2, 2, 1, 1, 1, 1, 1, 
1, 1, 1, 100, 100, 100, 100, 100, 100, 100, 100, 100, 100, 100, 
2500, 2500, 2500, 2500, 2500, 2500, 2500, 2500, 2500, 2500, 2500, 
11232.766, 11716.125, 12398.802, 12969.946, 14234.493, 14980.985, 
15970.06, 17733.097, 18700.667, 19249.652, 20856.646, 1, 1, 1, 
1, 1, 1, 1, 1, 1, 1, 1, 0.04167, 0.04167, 0.04167, 0.04167, 0.04167, 
0.04167, 0.04167, 0.04167, 0.04167, 0.04167, 0.04167, 0, 0, 0, 
0, 0, 0, 0, 0, 0, 0, 0, 0, 0, 0, 0, 0, 0, 0, 0, 0, 0, 0, 0.75386, 
0.76352, 0.73661, 0.75696, 0.76714, 0.76012, 0.75497, 0.76351, 
0.75439, 0.74954, 0.751, 0.77014, 0.76365, 0.75008, 0.74621, 
0.75857, 0.74677, 0.75735, 0.76005, 0.74661, 0.74749, 0.76, 0.0968, 
0.1134, 0.1317, 0.1437, 0.1662, 0.1875, 0.2167, 0.2315, 0.2631, 
0.2795, 0.308, 267.7, 283.8, 312.5, 332.5, 358.2, 379.6, 408.4, 
430.2, 461.9, 486.7, 514, 1, 1, 1, 1, 1, 1, 1, 1, 1, 1, 1, 1, 
1, 1, 1, 1, 1, 1, 1, 1, 1, 1, 1, 1, 1, 1, 1, 1, 1, 1, 1, 1, 1, 
1, 1, 1, 1, 1, 1, 1, 1, 1, 1, 1, 4.316, 4.315, 4.508, 4.629, 
4.778, 5.041, 5.529, 5.821, 6.037, 6.065, 6.3), .Dim = c(11L, 
40L), .Dimnames = list(NULL, c("Sampling", "PSO.cost", "PSO.gamma", 
"PSO.data.balancing", "PSO.feature.selection", "PSO.valid.acc", 
"PSO.test.acc", "PSO.train.time", "PSO.n.support.vectors", "PSO.index", 
"PSO.n.solutions", "PSO.generations", "PSO.n.evaluations", "PSO.cpu.time", 
"RS.cost", "RS.gamma", "RS.data.balancing", "RS.feature.selection", 
"RS.valid.acc", "RS.test.acc", "RS.train.time", "RS.n.support.vectors", 
"RS.index", "RS.n.solutions", "RS.generations", "RS.n.evaluations", 
"RS.cpu.time", "DF.cost", "DF.gamma", "DF.data.balancing", "DF.feature.selection", 
"DF.valid.acc", "DF.test.acc", "DF.train.time", "DF.n.support.vectors", 
"DF.index", "DF.n.solutions", "DF.generations", "DF.n.evaluations", 
"DF.cpu.time")))
