full <-
structure(c(50, 55, 60, 65, 70, 75, 80, 85, 90, 95, 100, 13.85996, 
1.32048, 4.84682, 7.36487, 6.51831, 2.49478, 2.44166, 9.37772, 
1.0918, 14.97941, 2.79978, -12.38133, -4.65619, -7.44701, -8.84755, 
-8.2943, -5.00863, -7.13026, -9.87737, -8.20892, -12.60426, -7.89534, 
0, 0, 0, 0, 0, 0, 0, 0, 0, 0, 0, 0, 0, 0, 0, 0, 0, 0, 0, 0, 0, 
0, 0.77561, 0.79083, 0.78852, 0.78, 0.7803, 0.77449, 0.76755, 
0.77412, 0.76552, 0.78115, 0.78, 0.7716, 0.76719, 0.77674, 0.77538, 
0.76585, 0.74517, 0.75884, 0.76941, 0.75883, 0.76214, 0.77, 0.2068, 
0.079, 0.1218, 0.1673, 0.1777, 0.1322, 0.208, 0.3086, 0.2529, 
0.9091, 0.2943, 208.8, 278.9, 254.3, 272.7, 297.3, 365.5, 370.7, 
369.6, 434.8, 403, 449.4, 1064, 829, 892, 514, 144, 1691, 2152, 
132, 2462, 1284, 2081, 18, 67, 38, 30, 56, 65, 10, 98, 2, 1, 
8, 100, 100, 100, 100, 100, 100, 100, 100, 100, 100, 100, 2500, 
2500, 2500, 2500, 2500, 2500, 2500, 2500, 2500, 2500, 2500, 16735.114, 
15591.888, 17195.893, 19957.577, 19275.861, 16062.412, 19674.571, 
19748.813, 14943.159, 28356.7340000001, 19518.537, 10.5479, 1.28251, 
12.10097, 14.05937, 5.40348, 13.70078, 2.48375, 8.62886, 0.77631, 
14.29892, 2.82591, -10.76127, -4.63096, -10.07297, -11.24124, 
-7.71675, -11.8167, -7.0348, -9.4857, -7.91046, -12.35717, -7.959, 
0, 0, 0, 0, 0, 0, 0, 0, 0, 0, 0, 0, 0, 0, 0, 0, 0, 0, 0, 0, 0, 
0, 0.77157, 0.79083, 0.78688, 0.77846, 0.7803, 0.77182, 0.76628, 
0.77412, 0.7633, 0.7769, 0.778, 0.76964, 0.76901, 0.77677, 0.76308, 
0.76722, 0.75712, 0.76886, 0.76941, 0.7622, 0.76004, 0.772, 0.1298, 
0.1249, 0.3482, 0.5906, 0.162, 0.3038, 0.2057, 0.1764, 0.2526, 
0.7559, 0.2882, 208.8, 279.5, 231.3, 255.7, 300.4, 317.1, 370.4, 
370.1, 435.1, 406.1, 449.4, 982, 154, 650, 205, 388, 26, 795, 
613, 55, 2481, 1293, 2, 1, 1, 2, 3, 2, 1, 1, 1, 1, 3, 100, 100, 
100, 100, 100, 100, 100, 100, 100, 100, 100, 2500, 2500, 2500, 
2500, 2500, 2500, 2500, 2500, 2500, 2500, 2500, 17331.31, 17776.704, 
18780.674, 19954.599, 18817.271, 14522.511, 19473.762, 13393.527, 
22721.727, 19408.542, 19793.036, 1, 1, 1, 1, 1, 1, 1, 1, 1, 1, 
1, 0.04167, 0.04167, 0.04167, 0.04167, 0.04167, 0.04167, 0.04167, 
0.04167, 0.04167, 0.04167, 0.04167, 0, 0, 0, 0, 0, 0, 0, 0, 0, 
0, 0, 0, 0, 0, 0, 0, 0, 0, 0, 0, 0, 0, 0.74172, 0.76541, 0.76507, 
0.75385, 0.74866, 0.75581, 0.74878, 0.75647, 0.7477, 0.75476, 
0.762, 0.75372, 0.75813, 0.76177, 0.76769, 0.76152, 0.75986, 
0.74889, 0.76471, 0.7532, 0.75267, 0.76, 0.1021, 0.1191, 0.1421, 
0.157, 0.1664, 0.2, 0.22, 0.2444, 0.2691, 0.2905, 0.3121, 266.2, 
283.3, 312.3, 339.2, 364.1, 390.2, 422.1, 447.4, 471.5, 489.2, 
512.8, 1, 1, 1, 1, 1, 1, 1, 1, 1, 1, 1, 1, 1, 1, 1, 1, 1, 1, 
1, 1, 1, 1, 1, 1, 1, 1, 1, 1, 1, 1, 1, 1, 1, 1, 1, 1, 1, 1, 1, 
1, 1, 1, 1, 1, 6.207, 6.8, 6.969, 7.513, 5.248, 7.794, 7.615, 
5.802, 7.59, 7.101, 6.041), .Dim = c(11L, 40L), .Dimnames = list(
    NULL, c("Sampling", "PSO.cost", "PSO.gamma", "PSO.data.balancing", 
    "PSO.feature.selection", "PSO.valid.acc", "PSO.test.acc", 
    "PSO.train.time", "PSO.n.support.vectors", "PSO.index", "PSO.n.solutions", 
    "PSO.generations", "PSO.n.evaluations", "PSO.cpu.time", "RS.cost", 
    "RS.gamma", "RS.data.balancing", "RS.feature.selection", 
    "RS.valid.acc", "RS.test.acc", "RS.train.time", "RS.n.support.vectors", 
    "RS.index", "RS.n.solutions", "RS.generations", "RS.n.evaluations", 
    "RS.cpu.time", "DF.cost", "DF.gamma", "DF.data.balancing", 
    "DF.feature.selection", "DF.valid.acc", "DF.test.acc", "DF.train.time", 
    "DF.n.support.vectors", "DF.index", "DF.n.solutions", "DF.generations", 
    "DF.n.evaluations", "DF.cpu.time")))
