full <-
structure(c(50, 55, 60, 65, 70, 75, 80, 85, 90, 95, 100, 2.71845, 
15, 6.1725, 7.11324, 3.31085, 9.04032, 6.22897, 8.03833, 3.24712, 
6.62837, 14.55489, -8.2691, -13.6711, -8.18917, -11.02644, -7.16279, 
-14.38387, -8.76947, -11.12992, -6.23735, -7.96248, -12.05475, 
0, 0, 0, 0, 0, 0, 0, 0, 0, 0, 0, 0, 0, 0, 0, 0, 0, 0, 0, 0, 0, 
0, 0.75796, 0.76194, 0.77345, 0.76614, 0.76857, 0.77604, 0.77009, 
0.77391, 0.78228, 0.78105, 0.783, 0.74012, 0.75466, 0.76014, 
0.7584, 0.75143, 0.77068, 0.75512, 0.75864, 0.77555, 0.76526, 
0.758, 0.059, 0.1697, 0.0948, 0.0911, 0.1079, 0.1165, 0.1484, 
0.1573, 0.1783, 0.2296, 0.9719, 229.7, 233.1, 259.9, 280.5, 323.4, 
335.3, 351.2, 367.3, 408.2, 406.5, 419.5, 1451, 1271, 301, 1464, 
1263, 423, 541, 962, 1340, 2019, 1473, 31, 1, 28, 20, 67, 35, 
64, 168, 73, 3, 2, 100, 100, 100, 100, 100, 100, 100, 100, 100, 
100, 100, 2500, 2500, 2500, 2500, 2500, 2500, 2500, 2500, 2500, 
2500, 2500, 9248.475, 14100.082, 13482.415, 11088.486, 11175.365, 
12689.215, 16508.766, 14343.449, 17016.417, 21030.128, 30783.354, 
7.18861, 11.90044, 8.33501, 13.81234, 3.37179, 9.28623, 1.24262, 
7.0237, 2.20479, 11.67869, 14.51828, -12.31089, -12.13477, -9.30297, 
-11.92853, -7.12783, -14.6502, -7.37902, -10.53288, -5.71933, 
-11.12926, -12.20753, 0, 0, 0, 0, 0, 0, 0, 0, 0, 0, 0, 0, 0, 
0, 0, 0, 0, 0, 0, 0, 0, 0, 0.75392, 0.7583, 0.77014, 0.76614, 
0.76714, 0.77471, 0.77012, 0.77391, 0.78004, 0.77895, 0.78, 0.746, 
0.75648, 0.75848, 0.75701, 0.75, 0.77068, 0.75634, 0.75862, 0.77003, 
0.77368, 0.764, 0.0588, 0.1066, 0.1122, 0.3109, 0.1075, 0.1209, 
0.1362, 0.1593, 0.1741, 0.3635, 0.8367, 220.8, 233.9, 257.2, 
274.9, 323.1, 335.7, 382.1, 368.6, 421.1, 407.8, 420.6, 1693, 
1425, 702, 1106, 302, 31, 2471, 1742, 2187, 29, 725, 2, 1, 2, 
1, 2, 1, 1, 1, 1, 2, 1, 100, 100, 100, 100, 100, 100, 100, 100, 
100, 100, 100, 2500, 2500, 2500, 2500, 2500, 2500, 2500, 2500, 
2500, 2500, 2500, 10197.011, 13728.703, 13745.211, 11615.237, 
12470.231, 15721.664, 16205.323, 17061.139, 17874.211, 19021.314, 
19755.852, 1, 1, 1, 1, 1, 1, 1, 1, 1, 1, 1, 0.04167, 0.04167, 
0.04167, 0.04167, 0.04167, 0.04167, 0.04167, 0.04167, 0.04167, 
0.04167, 0.04167, 0, 0, 0, 0, 0, 0, 0, 0, 0, 0, 0, 0, 0, 0, 0, 
0, 0, 0, 0, 0, 0, 0, 0.72596, 0.73833, 0.73664, 0.74927, 0.72714, 
0.74536, 0.73887, 0.74575, 0.76004, 0.75263, 0.758, 0.73016, 
0.74362, 0.74667, 0.75078, 0.74143, 0.74938, 0.74257, 0.74337, 
0.76109, 0.76421, 0.748, 0.0684, 0.0819, 0.0945, 0.1019, 0.1172, 
0.1376, 0.1488, 0.1738, 0.182, 0.2057, 0.2208, 267.9, 298.4, 
322.4, 350.6, 380.1, 400.8, 424.8, 450.1, 472.2, 493.5, 514.4, 
1, 1, 1, 1, 1, 1, 1, 1, 1, 1, 1, 1, 1, 1, 1, 1, 1, 1, 1, 1, 1, 
1, 1, 1, 1, 1, 1, 1, 1, 1, 1, 1, 1, 1, 1, 1, 1, 1, 1, 1, 1, 1, 
1, 1, 5.039, 5.269, 5.117, 4.019, 4.251, 5.537, 5.41, 6.034, 
5.784, 6.199, 6.175), .Dim = c(11L, 40L), .Dimnames = list(NULL, 
    c("Sampling", "PSO.cost", "PSO.gamma", "PSO.data.balancing", 
    "PSO.feature.selection", "PSO.valid.acc", "PSO.test.acc", 
    "PSO.train.time", "PSO.n.support.vectors", "PSO.index", "PSO.n.solutions", 
    "PSO.generations", "PSO.n.evaluations", "PSO.cpu.time", "RS.cost", 
    "RS.gamma", "RS.data.balancing", "RS.feature.selection", 
    "RS.valid.acc", "RS.test.acc", "RS.train.time", "RS.n.support.vectors", 
    "RS.index", "RS.n.solutions", "RS.generations", "RS.n.evaluations", 
    "RS.cpu.time", "DF.cost", "DF.gamma", "DF.data.balancing", 
    "DF.feature.selection", "DF.valid.acc", "DF.test.acc", "DF.train.time", 
    "DF.n.support.vectors", "DF.index", "DF.n.solutions", "DF.generations", 
    "DF.n.evaluations", "DF.cpu.time")))
