full <-
structure(c(50, 55, 60, 65, 70, 75, 80, 85, 90, 95, 100, 1.37984, 
1.79632, 5.6182, 14.18052, 2.91367, 4.15937, 8.40716, 11.54645, 
11.77589, 10.61749, 1.24736, -5.03625, -7.07405, -10.26154, -12.04934, 
-8.11298, -9.80124, -11.74747, -14.77991, -14.98812, -13.52446, 
-6.24521, 0, 0, 0, 0, 0, 0, 0, 0, 0, 0, 0, 0, 0, 0, 0, 0, 0, 
0, 0, 0, 0, 0, 0.77394, 0.7619, 0.76178, 0.76592, 0.77154, 0.76302, 
0.76995, 0.78599, 0.77444, 0.76961, 0.778, 0.76402, 0.74557, 
0.73661, 0.7444, 0.76436, 0.75092, 0.76251, 0.77182, 0.76889, 
0.76334, 0.767, 0.1013, 0.1108, 0.1222, 0.4479, 0.1581, 0.18, 
0.2007, 0.2244, 0.2508, 0.2799, 0.2968, 265.5, 266.1, 272.8, 
289, 326.2, 342.2, 340.4, 361.3, 390.6, 414.9, 462.4, 2021, 703, 
194, 1176, 1151, 1794, 1143, 1010, 1553, 287, 1800, 15, 88, 434, 
1, 9, 3, 6, 3, 3, 119, 7, 100, 100, 100, 100, 100, 100, 100, 
100, 100, 100, 100, 2500, 2500, 2500, 2500, 2500, 2500, 2500, 
2500, 2500, 2500, 2500, 9403.889, 11238.833, 10080.364, 14567.577, 
11550.404, 14627.01, 14855.098, 15588.988, 16098.639, 16594.734, 
20938.171, 1.28236, 2.30033, 4.6178, 8.17884, 2.91176, 3.86333, 
4.43227, 11.81663, 13.67921, 8.87307, 3.0796, -4.99737, -7.37817, 
-9.60212, -9.70676, -8.12891, -8.989, -8.95436, -14.95666, -14.67121, 
-12.77416, -7.19456, 0, 0, 0, 0, 0, 0, 0, 0, 0, 0, 0, 0, 0, 0, 
0, 0, 0, 0, 0, 0, 0, 0, 0.7699, 0.76009, 0.76178, 0.76286, 0.77013, 
0.76292, 0.76867, 0.78365, 0.77111, 0.76858, 0.773, 0.76398, 
0.74009, 0.74166, 0.75967, 0.76436, 0.74697, 0.76496, 0.77182, 
0.76889, 0.76336, 0.77, 0.1004, 0.1107, 0.1201, 0.1628, 0.1589, 
0.1816, 0.1996, 0.2246, 0.3089, 0.2702, 0.2988, 267.3, 262.2, 
276.3, 295.3, 326.8, 338.2, 351.7, 361.8, 388.3, 417.9, 446, 
1132, 507, 1020, 1033, 1820, 2303, 2140, 1377, 10, 1723, 1737, 
1, 4, 3, 2, 1, 1, 1, 1, 7, 1, 3, 100, 100, 100, 100, 100, 100, 
100, 100, 100, 100, 100, 2500, 2500, 2500, 2500, 2500, 2500, 
2500, 2500, 2500, 2500, 2500, 10409.249, 10984.314, 11773.304, 
12589.91, 13970.283, 17069.565, 17691.48, 18684.676, 19716.34, 
20875.177, 22400.694, 1, 1, 1, 1, 1, 1, 1, 1, 1, 1, 1, 0.04167, 
0.04167, 0.04167, 0.04167, 0.04167, 0.04167, 0.04167, 0.04167, 
0.04167, 0.04167, 0.04167, 0, 0, 0, 0, 0, 0, 0, 0, 0, 0, 0, 0, 
0, 0, 0, 0, 0, 0, 0, 0, 0, 0, 0.73374, 0.72917, 0.74336, 0.75224, 
0.74446, 0.73488, 0.74998, 0.75068, 0.74111, 0.75587, 0.757, 
0.74822, 0.74012, 0.74169, 0.75065, 0.74738, 0.73882, 0.74012, 
0.74949, 0.74556, 0.75382, 0.755, 0.1029, 0.1178, 0.1368, 0.1557, 
0.1766, 0.1983, 0.22, 0.2464, 0.2723, 0.2987, 0.3174, 282, 306.3, 
329.5, 359.8, 379.9, 400.8, 419.2, 443.8, 473.9, 495.7, 511.7, 
1, 1, 1, 1, 1, 1, 1, 1, 1, 1, 1, 1, 1, 1, 1, 1, 1, 1, 1, 1, 1, 
1, 1, 1, 1, 1, 1, 1, 1, 1, 1, 1, 1, 1, 1, 1, 1, 1, 1, 1, 1, 1, 
1, 1, 3.816, 3.909, 4.115, 4.195, 5.536, 5.75, 6.005, 6.236, 
6.391, 6.807, 7.057), .Dim = c(11L, 40L), .Dimnames = list(NULL, 
    c("Sampling", "PSO.cost", "PSO.gamma", "PSO.data.balancing", 
    "PSO.feature.selection", "PSO.valid.acc", "PSO.test.acc", 
    "PSO.train.time", "PSO.n.support.vectors", "PSO.index", "PSO.n.solutions", 
    "PSO.generations", "PSO.n.evaluations", "PSO.cpu.time", "RS.cost", 
    "RS.gamma", "RS.data.balancing", "RS.feature.selection", 
    "RS.valid.acc", "RS.test.acc", "RS.train.time", "RS.n.support.vectors", 
    "RS.index", "RS.n.solutions", "RS.generations", "RS.n.evaluations", 
    "RS.cpu.time", "DF.cost", "DF.gamma", "DF.data.balancing", 
    "DF.feature.selection", "DF.valid.acc", "DF.test.acc", "DF.train.time", 
    "DF.n.support.vectors", "DF.index", "DF.n.solutions", "DF.generations", 
    "DF.n.evaluations", "DF.cpu.time")))
