full <-
structure(c(50, 55, 60, 65, 70, 75, 80, 85, 90, 95, 100, 7.40606, 
3.26957, 7.5422, 6.55402, 9.86418, 10.49708, 2.82052, 6.99971, 
4.25117, 4.54329, 8.62938, -12.93773, -9.93522, -10.57591, -11.86436, 
-15, -10.82052, -8.84499, -12.68388, -7.76087, -8.56046, -10.76187, 
0, 0, 0, 0, 0, 0, 0, 0, 0, 0, 0, 0, 0, 0, 0, 0, 0, 0, 0, 0, 0, 
0, 0.78621, 0.79073, 0.7799, 0.79235, 0.79589, 0.7946, 0.78361, 
0.78588, 0.77992, 0.78515, 0.773, 0.77001, 0.78355, 0.77146, 
0.79079, 0.77446, 0.77993, 0.7761, 0.77294, 0.77879, 0.77784, 
0.764, 0.086, 0.1066, 0.1177, 0.1306, 0.1468, 0.2339, 0.1907, 
0.2085, 0.2433, 0.2664, 0.3122, 220.3, 255.8, 251.8, 278.8, 297.5, 
319.6, 363.6, 374.4, 401.4, 423.8, 433.6, 290, 501, 1858, 242, 
475, 214, 1695, 1031, 470, 423, 655, 288, 53, 9, 84, 137, 46, 
28, 12, 57, 47, 54, 100, 100, 100, 100, 100, 100, 100, 100, 100, 
100, 100, 2500, 2500, 2500, 2500, 2500, 2500, 2500, 2500, 2500, 
2500, 2500, 10195.458, 10622.196, 11747.5, 11398.589, 11110.449, 
13615.827, 13702.551, 12997.686, 15524.308, 14394.543, 18634.737, 
2.38345, 3.90134, 7.3781, 8.00571, 9.85474, 7.34844, 2.63472, 
5.56148, 4.12013, 4.0413, 2.70724, -9.19413, -10.70689, -10.48101, 
-12.87314, -14.98909, -9.18061, -8.68342, -11.26209, -7.67872, 
-8.26435, -8.14669, 0, 0, 0, 0, 0, 0, 0, 0, 0, 0, 0, 0, 0, 0, 
0, 0, 0, 0, 0, 0, 0, 0, 0.78613, 0.78894, 0.7799, 0.79228, 0.79589, 
0.79327, 0.78109, 0.78353, 0.7788, 0.78515, 0.774, 0.77425, 0.78177, 
0.77313, 0.79072, 0.77446, 0.78658, 0.77862, 0.77529, 0.77879, 
0.77782, 0.775, 0.0857, 0.0999, 0.117, 0.1287, 0.1474, 0.1912, 
0.1921, 0.2033, 0.2435, 0.2579, 0.2828, 235.3, 256.4, 252.1, 
273.4, 297.5, 321.7, 363.6, 375.5, 401.7, 424.8, 450.3, 2219, 
389, 1132, 920, 1424, 862, 388, 552, 2036, 230, 2356, 1, 3, 1, 
1, 1, 2, 1, 2, 1, 1, 1, 100, 100, 100, 100, 100, 100, 100, 100, 
100, 100, 100, 2500, 2500, 2500, 2500, 2500, 2500, 2500, 2500, 
2500, 2500, 2500, 11218.86, 11612.162, 12210.239, 12316.611, 
13610.985, 14911.833, 15163.893, 16148.81, 17804.752, 18968.88, 
20333.461, 1, 1, 1, 1, 1, 1, 1, 1, 1, 1, 1, 0.04167, 0.04167, 
0.04167, 0.04167, 0.04167, 0.04167, 0.04167, 0.04167, 0.04167, 
0.04167, 0.04167, 0, 0, 0, 0, 0, 0, 0, 0, 0, 0, 0, 0, 0, 0, 0, 
0, 0, 0, 0, 0, 0, 0, 0.73612, 0.74891, 0.75487, 0.74782, 0.75866, 
0.76662, 0.74874, 0.75176, 0.75543, 0.76199, 0.762, 0.74608, 
0.77086, 0.74493, 0.75843, 0.77719, 0.76261, 0.75246, 0.75412, 
0.76987, 0.75686, 0.755, 0.0948, 0.1125, 0.1297, 0.143, 0.1652, 
0.1955, 0.2149, 0.2371, 0.2613, 0.2925, 0.3168, 266.5, 292.7, 
316.7, 339.9, 362.5, 392.1, 416.5, 444, 467.7, 491.7, 514.1, 
1, 1, 1, 1, 1, 1, 1, 1, 1, 1, 1, 1, 1, 1, 1, 1, 1, 1, 1, 1, 1, 
1, 1, 1, 1, 1, 1, 1, 1, 1, 1, 1, 1, 1, 1, 1, 1, 1, 1, 1, 1, 1, 
1, 1, 4.168, 4.214, 4.298, 4.101, 4.734, 5.233, 5.174, 5.361, 
5.641, 5.963, 6.267), .Dim = c(11L, 40L), .Dimnames = list(NULL, 
    c("Sampling", "PSO.cost", "PSO.gamma", "PSO.data.balancing", 
    "PSO.feature.selection", "PSO.valid.acc", "PSO.test.acc", 
    "PSO.train.time", "PSO.n.support.vectors", "PSO.index", "PSO.n.solutions", 
    "PSO.generations", "PSO.n.evaluations", "PSO.cpu.time", "RS.cost", 
    "RS.gamma", "RS.data.balancing", "RS.feature.selection", 
    "RS.valid.acc", "RS.test.acc", "RS.train.time", "RS.n.support.vectors", 
    "RS.index", "RS.n.solutions", "RS.generations", "RS.n.evaluations", 
    "RS.cpu.time", "DF.cost", "DF.gamma", "DF.data.balancing", 
    "DF.feature.selection", "DF.valid.acc", "DF.test.acc", "DF.train.time", 
    "DF.n.support.vectors", "DF.index", "DF.n.solutions", "DF.generations", 
    "DF.n.evaluations", "DF.cpu.time")))
