full <-
structure(c(50, 55, 60, 65, 70, 75, 80, 85, 90, 95, 100, 5.86151, 
7.78199, 14.24397, 1.67999, 4.57527, 7.60991, 11.20601, 5.11045, 
2.82771, 5.23142, 15, -8.50907, -15, -14.99319, -7.19992, -8.88673, 
-10.58618, -13.80688, -9.14099, -8.58562, -7.58888, -13.00668, 
0, 0, 0, 0, 0, 0, 0, 0, 0, 0, 0, 0, 0, 0, 0, 0, 0, 0, 0, 0, 0, 
0, 0.74213, 0.73999, 0.76668, 0.76768, 0.77292, 0.77724, 0.77631, 
0.77651, 0.77896, 0.77162, 0.774, 0.73229, 0.72547, 0.74671, 
0.75848, 0.75865, 0.75997, 0.76377, 0.77061, 0.7701, 0.75789, 
0.769, 0.0971, 0.1055, 0.1602, 0.1394, 0.1501, 0.1748, 0.2063, 
0.2205, 0.2436, 0.2841, 0.8705, 235.7, 271.8, 261.5, 305.1, 308.7, 
320.7, 332, 369.5, 405.4, 415.1, 430.2, 251, 613, 286, 2112, 
342, 576, 1026, 2457, 1139, 701, 2229, 145, 103, 24, 2, 124, 
58, 49, 1, 45, 29, 1, 100, 100, 100, 100, 100, 100, 100, 100, 
100, 100, 100, 2500, 2500, 2500, 2500, 2500, 2500, 2500, 2500, 
2500, 2500, 2500, 10683.938, 10231.44, 11477.155, 12085.954, 
13032.236, 16277.508, 16272.061, 19132.881, 17745.517, 19289.466, 
29885.84, 5.76128, 0.42269, 14.45404, 6.57152, 5.11755, 8.18774, 
10.77828, 4.31813, 3.48492, 4.56328, 7.3955, -8.43862, -3.79936, 
-14.8357, -9.71065, -9.2303, -10.83556, -13.45689, -8.70292, 
-9.01078, -7.22156, -9.72928, 0, 0, 0, 0, 0, 0, 0, 0, 0, 0, 0, 
0, 0, 0, 0, 0, 0, 0, 0, 0, 0, 0, 0.74213, 0.74187, 0.76335, 0.76158, 
0.77149, 0.77722, 0.77506, 0.77532, 0.77785, 0.77162, 0.772, 
0.73229, 0.73261, 0.74837, 0.74778, 0.75722, 0.76133, 0.76377, 
0.76942, 0.77232, 0.75895, 0.764, 0.0981, 0.1279, 0.1712, 0.1364, 
0.149, 0.1829, 0.2055, 0.2197, 0.2417, 0.2817, 0.3301, 235.8, 
341.9, 261.7, 286.1, 308.4, 319.6, 332.5, 371.7, 401.6, 419.3, 
435.9, 1019, 457, 1251, 1546, 1217, 2272, 480, 1270, 1, 455, 
181, 2, 1, 1, 2, 2, 1, 8, 1, 2, 1, 4, 100, 100, 100, 100, 100, 
100, 100, 100, 100, 100, 100, 2500, 2500, 2500, 2500, 2500, 2500, 
2500, 2500, 2500, 2500, 2500, 10939.856, 11624.632, 12524.395, 
13407.479, 13941.722, 18455.797, 18742.338, 20880.642, 21636.527, 
22924.491, 22368.309, 1, 1, 1, 1, 1, 1, 1, 1, 1, 1, 1, 0.04167, 
0.04167, 0.04167, 0.04167, 0.04167, 0.04167, 0.04167, 0.04167, 
0.04167, 0.04167, 0.04167, 0, 0, 0, 0, 0, 0, 0, 0, 0, 0, 0, 0, 
0, 0, 0, 0, 0, 0, 0, 0, 0, 0, 0.71801, 0.72177, 0.75007, 0.75696, 
0.75016, 0.74799, 0.74483, 0.75525, 0.75336, 0.74644, 0.759, 
0.71817, 0.73816, 0.73348, 0.75081, 0.75288, 0.74916, 0.75129, 
0.76822, 0.75451, 0.7517, 0.754, 0.1003, 0.115, 0.1337, 0.1473, 
0.1661, 0.1975, 0.215, 0.2418, 0.2624, 0.2931, 0.3096, 280.4, 
305, 327.4, 349.6, 369.4, 392.8, 409.7, 437.5, 464.3, 491.4, 
513.5, 1, 1, 1, 1, 1, 1, 1, 1, 1, 1, 1, 1, 1, 1, 1, 1, 1, 1, 
1, 1, 1, 1, 1, 1, 1, 1, 1, 1, 1, 1, 1, 1, 1, 1, 1, 1, 1, 1, 1, 
1, 1, 1, 1, 1, 3.99, 4.159, 4.489, 4.43, 4.801, 6.494, 6.294, 
6.778, 6.996, 7.523, 6.577), .Dim = c(11L, 40L), .Dimnames = list(
    NULL, c("Sampling", "PSO.cost", "PSO.gamma", "PSO.data.balancing", 
    "PSO.feature.selection", "PSO.valid.acc", "PSO.test.acc", 
    "PSO.train.time", "PSO.n.support.vectors", "PSO.index", "PSO.n.solutions", 
    "PSO.generations", "PSO.n.evaluations", "PSO.cpu.time", "RS.cost", 
    "RS.gamma", "RS.data.balancing", "RS.feature.selection", 
    "RS.valid.acc", "RS.test.acc", "RS.train.time", "RS.n.support.vectors", 
    "RS.index", "RS.n.solutions", "RS.generations", "RS.n.evaluations", 
    "RS.cpu.time", "DF.cost", "DF.gamma", "DF.data.balancing", 
    "DF.feature.selection", "DF.valid.acc", "DF.test.acc", "DF.train.time", 
    "DF.n.support.vectors", "DF.index", "DF.n.solutions", "DF.generations", 
    "DF.n.evaluations", "DF.cpu.time")))
