full <-
structure(c(50, 55, 60, 65, 70, 75, 80, 85, 90, 95, 100, 2.65203, 
5.58287, 1.04848, 1.54685, 0.92473, 6.85731, 9.98974, 12.3497, 
5.50517, 14.66467, 1.38214, -8.23744, -10.38751, -6.81171, -6.5699, 
-7.26468, -12.23593, -11.3162, -11.93385, -10.68932, -14.94746, 
-7.17356, 0, 0, 0, 0, 0, 0, 0, 0, 0, 0, 0, 0, 0, 0, 0, 0, 0, 
0, 0, 0, 0, 0, 0.76221, 0.76212, 0.76832, 0.7722, 0.77573, 0.79467, 
0.78864, 0.7942, 0.78442, 0.77996, 0.784, 0.74824, 0.75669, 0.7499, 
0.75372, 0.77285, 0.78133, 0.7773, 0.78123, 0.7788, 0.76418, 
0.756, 0.0936, 0.1043, 0.1238, 0.1381, 0.1564, 0.169, 0.2207, 
0.3389, 0.2305, 0.354, 0.291, 240.8, 248, 290.2, 310.1, 342.2, 
333.8, 338.3, 354, 388.2, 399.9, 459.8, 1458, 103, 1314, 1940, 
1793, 1073, 432, 284, 1531, 2121, 865, 1, 110, 33, 2, 39, 20, 
61, 45, 1, 1, 209, 100, 100, 100, 100, 100, 100, 100, 100, 100, 
100, 100, 2500, 2500, 2500, 2500, 2500, 2500, 2500, 2500, 2500, 
2500, 2500, 11531.779, 12092.637, 12135.746, 12845.23, 13040.155, 
13346.762, 16476.614, 19732.65, 14195.787, 16871.87, 17723.556, 
5.20493, 5.4446, 0.78834, 2.48212, 0.8375, 6.54318, 8.31052, 
14.73026, 6.09626, 13.50007, 1.3995, -10.83596, -10.35907, -6.62782, 
-7.30355, -7.06798, -11.90598, -10.46671, -13.15177, -11.15521, 
-14.35859, -7.15474, 0, 0, 0, 0, 0, 0, 0, 0, 0, 0, 0, 0, 0, 0, 
0, 0, 0, 0, 0, 0, 0, 0, 0.76025, 0.76026, 0.76665, 0.76913, 0.77287, 
0.79333, 0.78864, 0.79302, 0.78221, 0.77787, 0.784, 0.74628, 
0.75666, 0.7549, 0.75677, 0.76997, 0.78, 0.77856, 0.7824, 0.7788, 
0.76419, 0.755, 0.0894, 0.1042, 0.1252, 0.0897, 0.1025, 0.1708, 
0.2041, 0.4856, 0.2331, 0.3244, 0.181, 237.2, 248.3, 292.5, 301.9, 
341.8, 333.9, 339.6, 353.8, 385.7, 399.9, 459.3, 2048, 436, 1952, 
2008, 1650, 1485, 226, 1309, 646, 588, 1618, 1, 1, 1, 1, 1, 1, 
1, 1, 1, 1, 1, 100, 100, 100, 100, 100, 100, 100, 100, 100, 100, 
100, 2500, 2500, 2500, 2500, 2500, 2500, 2500, 2500, 2500, 2500, 
2500, 12568.841, 13239.479, 13670.876, 13314.745, 15017.878, 
15808.334, 16627.068, 16946.889, 18117.771, 20678.096, 15811.862, 
1, 1, 1, 1, 1, 1, 1, 1, 1, 1, 1, 0.04167, 0.04167, 0.04167, 0.04167, 
0.04167, 0.04167, 0.04167, 0.04167, 0.04167, 0.04167, 0.04167, 
0, 0, 0, 0, 0, 0, 0, 0, 0, 0, 0, 0, 0, 0, 0, 0, 0, 0, 0, 0, 0, 
0, 0.74024, 0.74575, 0.73999, 0.74609, 0.7514, 0.75733, 0.77116, 
0.77415, 0.77656, 0.75687, 0.754, 0.7322, 0.73507, 0.74154, 0.73059, 
0.76134, 0.76, 0.76866, 0.77058, 0.77889, 0.75369, 0.758, 0.1022, 
0.119, 0.1329, 0.1554, 0.1721, 0.1977, 0.2111, 0.2319, 0.2583, 
0.2888, 0.3113, 289.2, 307.5, 325.9, 357.1, 380.5, 396.9, 416.5, 
438.4, 462.7, 488.2, 513.3, 1, 1, 1, 1, 1, 1, 1, 1, 1, 1, 1, 
1, 1, 1, 1, 1, 1, 1, 1, 1, 1, 1, 1, 1, 1, 1, 1, 1, 1, 1, 1, 1, 
1, 1, 1, 1, 1, 1, 1, 1, 1, 1, 1, 1, 4.65, 4.851, 4.883, 5.228, 
5.385, 5.31, 5.371, 5.514, 5.775, 7.233, 6.172), .Dim = c(11L, 
40L), .Dimnames = list(NULL, c("Sampling", "PSO.cost", "PSO.gamma", 
"PSO.data.balancing", "PSO.feature.selection", "PSO.valid.acc", 
"PSO.test.acc", "PSO.train.time", "PSO.n.support.vectors", "PSO.index", 
"PSO.n.solutions", "PSO.generations", "PSO.n.evaluations", "PSO.cpu.time", 
"RS.cost", "RS.gamma", "RS.data.balancing", "RS.feature.selection", 
"RS.valid.acc", "RS.test.acc", "RS.train.time", "RS.n.support.vectors", 
"RS.index", "RS.n.solutions", "RS.generations", "RS.n.evaluations", 
"RS.cpu.time", "DF.cost", "DF.gamma", "DF.data.balancing", "DF.feature.selection", 
"DF.valid.acc", "DF.test.acc", "DF.train.time", "DF.n.support.vectors", 
"DF.index", "DF.n.solutions", "DF.generations", "DF.n.evaluations", 
"DF.cpu.time")))
