full <-
structure(c(50, 55, 60, 65, 70, 75, 80, 85, 90, 95, 100, 14.93791, 
0.37815, 3.51768, 12.42623, 1.52298, 12.46637, 5.59663, 8.52306, 
7.36149, 5.28988, 14.59171, -14.61217, -5.65152, -8.61073, -15, 
-5.581, -14.92947, -9.08853, -14.00544, -12.38987, -8.4836, -13.03465, 
0, 0, 0, 0, 0, 0, 0, 0, 0, 0, 0, 0, 0, 0, 0, 0, 0, 0, 0, 0, 0, 
0, 0.7577, 0.76388, 0.76473, 0.76595, 0.76733, 0.77464, 0.78375, 
0.77771, 0.77105, 0.7864, 0.786, 0.75366, 0.74563, 0.74309, 0.7567, 
0.76878, 0.76531, 0.76875, 0.77537, 0.76327, 0.77059, 0.767, 
0.1428, 0.1115, 0.1253, 0.1497, 0.1654, 0.1843, 0.1962, 0.2038, 
0.2343, 0.257, 0.6743, 224.4, 287.5, 282.7, 280.9, 340.8, 317.9, 
347, 376.6, 396.4, 419.2, 433.9, 1286, 987, 442, 848, 1391, 1782, 
808, 355, 651, 1299, 1216, 2, 66, 59, 28, 46, 1, 57, 63, 40, 
16, 25, 100, 100, 100, 100, 100, 100, 100, 100, 100, 100, 100, 
2500, 2500, 2500, 2500, 2500, 2500, 2500, 2500, 2500, 2500, 2500, 
10696.887, 10211.72, 12695.633, 13227.587, 13967.417, 13948.761, 
14768.847, 13323.628, 13321.335, 15427.537, 21296.842, 13.58495, 
0.21601, 1.53612, 1.34008, 2.00084, 13.03435, 4.80093, 8.37761, 
7.76111, 5.23912, 7.42717, -13.81104, -5.24943, -6.80264, -4.81156, 
-5.77429, -14.89976, -8.64381, -13.86179, -12.80297, -8.45779, 
-9.48131, 0, 0, 0, 0, 0, 0, 0, 0, 0, 0, 0, 0, 0, 0, 0, 0, 0, 
0, 0, 0, 0, 0, 0.7557, 0.762, 0.7615, 0.76586, 0.76586, 0.77329, 
0.7825, 0.77771, 0.77105, 0.7864, 0.783, 0.75754, 0.75466, 0.75147, 
0.74446, 0.77159, 0.76531, 0.77125, 0.77655, 0.76216, 0.76848, 
0.765, 0.1267, 0.1152, 0.1225, 0.1582, 0.165, 0.1944, 0.1953, 
0.2147, 0.2285, 0.2609, 0.3062, 225.2, 293.5, 292.4, 347.7, 337.2, 
317.9, 349.4, 376.5, 396.5, 419.3, 437, 453, 765, 1185, 2084, 
123, 1231, 201, 593, 96, 495, 2206, 6, 1, 1, 1, 1, 2, 3, 5, 1, 
1, 1, 100, 100, 100, 100, 100, 100, 100, 100, 100, 100, 100, 
2500, 2500, 2500, 2500, 2500, 2500, 2500, 2500, 2500, 2500, 2500, 
10806.868, 12744.681, 14057.731, 14813.756, 15932.164, 16526.645, 
16905.665, 15974.728, 17320.466, 18610.175, 19702.835, 1, 1, 
1, 1, 1, 1, 1, 1, 1, 1, 1, 0.04167, 0.04167, 0.04167, 0.04167, 
0.04167, 0.04167, 0.04167, 0.04167, 0.04167, 0.04167, 0.04167, 
0, 0, 0, 0, 0, 0, 0, 0, 0, 0, 0, 0, 0, 0, 0, 0, 0, 0, 0, 0, 0, 
0, 0.73765, 0.7493, 0.74822, 0.75982, 0.74298, 0.75199, 0.75875, 
0.75764, 0.74775, 0.75689, 0.75, 0.71761, 0.74735, 0.75489, 0.75208, 
0.74306, 0.75464, 0.76, 0.76942, 0.76333, 0.76634, 0.749, 0.1007, 
0.1188, 0.1376, 0.157, 0.1733, 0.1959, 0.2102, 0.2308, 0.2652, 
0.2959, 0.3149, 286.2, 312, 328.5, 355.2, 375.8, 394.2, 415.6, 
439, 466.9, 494.3, 514.4, 1, 1, 1, 1, 1, 1, 1, 1, 1, 1, 1, 1, 
1, 1, 1, 1, 1, 1, 1, 1, 1, 1, 1, 1, 1, 1, 1, 1, 1, 1, 1, 1, 1, 
1, 1, 1, 1, 1, 1, 1, 1, 1, 1, 1, 3.929, 4.815, 4.969, 5.466, 
5.408, 5.613, 4.881, 5.122, 5.506, 5.807, 5.956), .Dim = c(11L, 
40L), .Dimnames = list(NULL, c("Sampling", "PSO.cost", "PSO.gamma", 
"PSO.data.balancing", "PSO.feature.selection", "PSO.valid.acc", 
"PSO.test.acc", "PSO.train.time", "PSO.n.support.vectors", "PSO.index", 
"PSO.n.solutions", "PSO.generations", "PSO.n.evaluations", "PSO.cpu.time", 
"RS.cost", "RS.gamma", "RS.data.balancing", "RS.feature.selection", 
"RS.valid.acc", "RS.test.acc", "RS.train.time", "RS.n.support.vectors", 
"RS.index", "RS.n.solutions", "RS.generations", "RS.n.evaluations", 
"RS.cpu.time", "DF.cost", "DF.gamma", "DF.data.balancing", "DF.feature.selection", 
"DF.valid.acc", "DF.test.acc", "DF.train.time", "DF.n.support.vectors", 
"DF.index", "DF.n.solutions", "DF.generations", "DF.n.evaluations", 
"DF.cpu.time")))
