full <-
structure(c(50, 55, 60, 65, 70, 75, 80, 85, 90, 95, 100, 6.44815, 
4.17179, 8.35118, 1.46531, 8.51968, 8.28611, 6.14983, 2.16345, 
2.254, 14.11142, 9.5245, -12.47804, -9.89779, -12.67391, -5.91405, 
-15, -9.09765, -10.21132, -5.73579, -7.94455, -15, -15, 0, 0, 
0, 0, 0, 0, 0, 0, 0, 0, 0, 0, 0, 0, 0, 0, 0, 0, 0, 0, 0, 0, 0.76012, 
0.77799, 0.77653, 0.77388, 0.77873, 0.77346, 0.77625, 0.7893, 
0.77341, 0.78208, 0.771, 0.76024, 0.76893, 0.77314, 0.76157, 
0.76728, 0.75875, 0.7638, 0.77525, 0.75113, 0.77358, 0.769, 0.0894, 
0.0968, 0.1064, 0.1333, 0.1433, 0.2187, 0.1822, 0.2165, 0.2182, 
0.3109, 0.2604, 235.2, 253.2, 264, 312, 328.7, 330.3, 353.9, 
408, 413.4, 401.2, 441.5, 1056, 1089, 267, 1304, 166, 967, 906, 
1046, 2008, 170, 184, 8, 20, 163, 39, 76, 37, 291, 63, 10, 553, 
86, 100, 100, 100, 100, 100, 100, 100, 100, 100, 100, 100, 2500, 
2500, 2500, 2500, 2500, 2500, 2500, 2500, 2500, 2500, 2500, 9485.139, 
9945.641, 10675.438, 11432.217, 10633.158, 15906.841, 12807.482, 
14040.185, 15775.496, 16158.078, 14937.757, 8.81478, 8.22352, 
7.71277, 1.66066, 7.26281, 8.24334, 6.88103, 2.13372, 1.21883, 
2.9464, 8.75705, -14.28374, -13.72647, -11.85947, -6.80618, -13.72712, 
-9.06296, -10.51957, -5.85269, -7.35947, -6.93669, -14.18571, 
0, 0, 0, 0, 0, 0, 0, 0, 0, 0, 0, 0, 0, 0, 0, 0, 0, 0, 0, 0, 0, 
0, 0.75824, 0.77789, 0.77653, 0.76927, 0.77873, 0.77346, 0.77253, 
0.78806, 0.77009, 0.78745, 0.77, 0.74024, 0.76704, 0.76975, 0.76778, 
0.76728, 0.75742, 0.76258, 0.7799, 0.75339, 0.77478, 0.769, 0.0842, 
0.0957, 0.1105, 0.1269, 0.1425, 0.223, 0.1858, 0.2118, 0.2216, 
0.2463, 0.2574, 229.3, 249.5, 263.3, 307, 328, 330.7, 352.4, 
406.6, 420.1, 426.2, 441.2, 1499, 155, 443, 2415, 85, 171, 1878, 
1653, 2269, 1007, 177, 3, 3, 5, 1, 2, 1, 2, 1, 3, 1, 2, 100, 
100, 100, 100, 100, 100, 100, 100, 100, 100, 100, 2500, 2500, 
2500, 2500, 2500, 2500, 2500, 2500, 2500, 2500, 2500, 10366.745, 
11129.275, 11921.469, 12237.274, 12742.891, 14497.741, 15510.768, 
17019.186, 17794.171, 18604.955, 19639.701, 1, 1, 1, 1, 1, 1, 
1, 1, 1, 1, 1, 0.04167, 0.04167, 0.04167, 0.04167, 0.04167, 0.04167, 
0.04167, 0.04167, 0.04167, 0.04167, 0.04167, 0, 0, 0, 0, 0, 0, 
0, 0, 0, 0, 0, 0, 0, 0, 0, 0, 0, 0, 0, 0, 0, 0, 0.74224, 0.75815, 
0.75983, 0.75847, 0.73725, 0.74531, 0.75492, 0.76578, 0.74669, 
0.76424, 0.752, 0.73636, 0.75098, 0.758, 0.75542, 0.74436, 0.75877, 
0.74997, 0.75412, 0.74339, 0.75369, 0.755, 0.0915, 0.1074, 0.1286, 
0.1385, 0.1562, 0.1729, 0.1939, 0.2172, 0.2471, 0.2591, 0.2868, 
271.9, 293.3, 319.1, 344.9, 371.4, 397.5, 417, 448.4, 463.9, 
484.9, 513.6, 1, 1, 1, 1, 1, 1, 1, 1, 1, 1, 1, 1, 1, 1, 1, 1, 
1, 1, 1, 1, 1, 1, 1, 1, 1, 1, 1, 1, 1, 1, 1, 1, 1, 1, 1, 1, 1, 
1, 1, 1, 1, 1, 1, 1, 3.658, 4.089, 4.168, 4.043, 4.228, 4.612, 
5.184, 5.268, 5.833, 5.743, 6.048), .Dim = c(11L, 40L), .Dimnames = list(
    NULL, c("Sampling", "PSO.cost", "PSO.gamma", "PSO.data.balancing", 
    "PSO.feature.selection", "PSO.valid.acc", "PSO.test.acc", 
    "PSO.train.time", "PSO.n.support.vectors", "PSO.index", "PSO.n.solutions", 
    "PSO.generations", "PSO.n.evaluations", "PSO.cpu.time", "RS.cost", 
    "RS.gamma", "RS.data.balancing", "RS.feature.selection", 
    "RS.valid.acc", "RS.test.acc", "RS.train.time", "RS.n.support.vectors", 
    "RS.index", "RS.n.solutions", "RS.generations", "RS.n.evaluations", 
    "RS.cpu.time", "DF.cost", "DF.gamma", "DF.data.balancing", 
    "DF.feature.selection", "DF.valid.acc", "DF.test.acc", "DF.train.time", 
    "DF.n.support.vectors", "DF.index", "DF.n.solutions", "DF.generations", 
    "DF.n.evaluations", "DF.cpu.time")))
