full <-
structure(c(50, 55, 60, 65, 70, 75, 80, 85, 90, 95, 100, 0.40059, 
13.57116, 10.37099, 5.22107, 3.89677, 12.00624, 1.69044, 2.34121, 
5.99854, 9.09257, 1.92308, -3.75057, -14.05675, -11.87618, -7.5898, 
-6.65287, -11.0371, -6.54335, -5.73692, -7.92679, -11.92215, 
-6.82671, 0, 0, 0, 0, 0, 0, 0, 0, 0, 0, 0, 0, 0, 0, 0, 0, 0, 
0, 0, 0, 0, 0, 0.76778, 0.76364, 0.76667, 0.77239, 0.77571, 0.76933, 
0.77153, 0.78119, 0.7754, 0.77363, 0.779, 0.74426, 0.74364, 0.75669, 
0.76015, 0.76286, 0.7639, 0.76032, 0.76825, 0.76309, 0.76305, 
0.768, 0.1124, 0.1357, 0.1336, 0.1451, 0.16, 0.3526, 0.1996, 
0.2304, 0.2592, 0.2716, 0.2817, 315.6, 240.9, 270.1, 297.3, 325.2, 
332.1, 382.4, 404.1, 394, 410, 454.8, 1672, 99, 755, 1802, 445, 
49, 1468, 962, 2363, 1924, 1447, 33, 65, 31, 3, 63, 97, 75, 13, 
2, 11, 31, 100, 100, 100, 100, 100, 100, 100, 100, 100, 100, 
100, 2500, 2500, 2500, 2500, 2500, 2500, 2500, 2500, 2500, 2500, 
2500, 10381.12, 11280.202, 11518.565, 11253.387, 12001.024, 16547.623, 
12475.654, 13848.656, 17434.835, 15270.567, 17951.29, 0.28034, 
1.76577, 10.16625, 3.96727, 3.39154, 13.24411, 1.44253, 2.18637, 
5.48318, 2.94634, 7.59919, -3.68184, -5.78676, -11.87993, -6.91134, 
-6.36085, -11.6533, -6.34417, -5.54171, -7.63677, -7.46578, -9.50367, 
0, 0, 0, 0, 0, 0, 0, 0, 0, 0, 0, 0, 0, 0, 0, 0, 0, 0, 0, 0, 0, 
0, 0.76582, 0.76909, 0.76497, 0.76934, 0.77143, 0.76933, 0.76906, 
0.77878, 0.77319, 0.77465, 0.777, 0.74422, 0.75636, 0.75836, 
0.75861, 0.76714, 0.7639, 0.76276, 0.76826, 0.7631, 0.76309, 
0.773, 0.1111, 0.1099, 0.138, 0.1425, 0.1642, 0.4337, 0.2005, 
0.2254, 0.2618, 0.2627, 0.3145, 319.3, 273.9, 269.6, 301.8, 328.2, 
331.9, 384.7, 408.7, 395.5, 429, 437.6, 1450, 2257, 1271, 696, 
367, 426, 1387, 380, 1660, 1819, 479, 1, 1, 2, 2, 1, 2, 1, 1, 
1, 1, 3, 100, 100, 100, 100, 100, 100, 100, 100, 100, 100, 100, 
2500, 2500, 2500, 2500, 2500, 2500, 2500, 2500, 2500, 2500, 2500, 
11015.144, 11523.23, 12239.862, 12736.408, 13763.28, 14265.244, 
15493.451, 16659.686, 17649.501, 18982.635, 20164.597, 1, 1, 
1, 1, 1, 1, 1, 1, 1, 1, 1, 0.04167, 0.04167, 0.04167, 0.04167, 
0.04167, 0.04167, 0.04167, 0.04167, 0.04167, 0.04167, 0.04167, 
0, 0, 0, 0, 0, 0, 0, 0, 0, 0, 0, 0, 0, 0, 0, 0, 0, 0, 0, 0, 0, 
0, 0.74986, 0.74364, 0.74836, 0.75696, 0.75857, 0.74399, 0.7491, 
0.76241, 0.75322, 0.75781, 0.763, 0.73406, 0.75636, 0.75678, 
0.76157, 0.74429, 0.74931, 0.74157, 0.75185, 0.75104, 0.75043, 
0.752, 0.0991, 0.1182, 0.1348, 0.1481, 0.1737, 0.1906, 0.2122, 
0.2423, 0.2638, 0.2915, 0.3091, 280.4, 306.2, 331.6, 353.5, 381, 
404.1, 427.3, 448.4, 470, 491.2, 514.4, 1, 1, 1, 1, 1, 1, 1, 
1, 1, 1, 1, 1, 1, 1, 1, 1, 1, 1, 1, 1, 1, 1, 1, 1, 1, 1, 1, 1, 
1, 1, 1, 1, 1, 1, 1, 1, 1, 1, 1, 1, 1, 1, 1, 1, 4.143, 4.367, 
4.455, 4.386, 4.763, 4.797, 5.034, 5.449, 5.568, 5.9, 6.177), .Dim = c(11L, 
40L), .Dimnames = list(NULL, c("Sampling", "PSO.cost", "PSO.gamma", 
"PSO.data.balancing", "PSO.feature.selection", "PSO.valid.acc", 
"PSO.test.acc", "PSO.train.time", "PSO.n.support.vectors", "PSO.index", 
"PSO.n.solutions", "PSO.generations", "PSO.n.evaluations", "PSO.cpu.time", 
"RS.cost", "RS.gamma", "RS.data.balancing", "RS.feature.selection", 
"RS.valid.acc", "RS.test.acc", "RS.train.time", "RS.n.support.vectors", 
"RS.index", "RS.n.solutions", "RS.generations", "RS.n.evaluations", 
"RS.cpu.time", "DF.cost", "DF.gamma", "DF.data.balancing", "DF.feature.selection", 
"DF.valid.acc", "DF.test.acc", "DF.train.time", "DF.n.support.vectors", 
"DF.index", "DF.n.solutions", "DF.generations", "DF.n.evaluations", 
"DF.cpu.time")))
