full <-
structure(c(50, 55, 60, 65, 70, 75, 80, 85, 90, 95, 100, 10.78909, 
5.86715, 8.79403, 4.056, 0.73691, 3.35281, 2.79451, 1.4982, 15, 
4.45384, 1.27325, -10.57642, -7.72711, -9.34495, -6.41831, -5.19861, 
-6.3188, -8.60778, -7.1998, -13.28437, -7.78442, -6.02138, 0, 
0, 0, 0, 0, 0, 0, 0, 0, 0, 0, 0, 0, 0, 0, 0, 0, 0, 0, 0, 0, 0, 
0.78784, 0.79275, 0.78307, 0.77674, 0.7685, 0.78014, 0.76509, 
0.78346, 0.77001, 0.77286, 0.777, 0.7818, 0.77089, 0.75654, 0.7537, 
0.75144, 0.776, 0.75262, 0.75993, 0.75988, 0.76337, 0.765, 0.1452, 
0.1182, 0.1603, 0.148, 0.1603, 0.1951, 0.1898, 0.2138, 0.5669, 
0.2597, 0.2911, 221.2, 246.9, 266.7, 306.5, 357.3, 352.3, 373, 
400.1, 395.2, 422.4, 466.1, 825, 1572, 282, 1276, 2479, 1142, 
1619, 2489, 2028, 930, 1610, 14, 5, 70, 11, 1, 41, 24, 1, 1, 
34, 36, 100, 100, 100, 100, 100, 100, 100, 100, 100, 100, 100, 
2500, 2500, 2500, 2500, 2500, 2500, 2500, 2500, 2500, 2500, 2500, 
11155.677, 10762.906, 12580.026, 12387.355, 13790.011, 16453.754, 
12647.907, 16848.65, 14271.853, 15212.004, 17540.01, 9.52228, 
5.41024, 14.17904, 12.76761, 0.88754, 4.61975, 2.51057, 8.42646, 
7.589, 0.67178, 2.85268, -9.86106, -7.44295, -12.0727, -11.45251, 
-4.41172, -6.93513, -8.22137, -9.39419, -9.53834, -6.26008, -6.9159, 
0, 0, 0, 0, 0, 0, 0, 0, 0, 0, 0, 0, 0, 0, 0, 0, 0, 0, 0, 0, 0, 
0, 0.78584, 0.78911, 0.78307, 0.77669, 0.76564, 0.77616, 0.76512, 
0.78241, 0.76891, 0.7708, 0.773, 0.7758, 0.77086, 0.75654, 0.75993, 
0.75709, 0.77734, 0.75511, 0.78122, 0.76211, 0.76014, 0.77, 0.1286, 
0.1184, 0.3804, 0.3086, 0.1892, 0.1953, 0.1864, 0.2636, 0.2553, 
0.2581, 0.2773, 222, 247.9, 264.4, 290.3, 388.8, 341.3, 374.4, 
372.8, 398.7, 449, 450.2, 859, 616, 350, 361, 2182, 122, 1443, 
1658, 2217, 1799, 1110, 6, 1, 2, 1, 1, 1, 1, 1, 1, 1, 3, 100, 
100, 100, 100, 100, 100, 100, 100, 100, 100, 100, 2500, 2500, 
2500, 2500, 2500, 2500, 2500, 2500, 2500, 2500, 2500, 10775.811, 
11596.049, 12201.354, 13108.183, 15846.222, 17677.607, 15786.216, 
16207.601, 17348.492, 18866.692, 19875.295, 1, 1, 1, 1, 1, 1, 
1, 1, 1, 1, 1, 0.04167, 0.04167, 0.04167, 0.04167, 0.04167, 0.04167, 
0.04167, 0.04167, 0.04167, 0.04167, 0.04167, 0, 0, 0, 0, 0, 0, 
0, 0, 0, 0, 0, 0, 0, 0, 0, 0, 0, 0, 0, 0, 0, 0, 0.75992, 0.77628, 
0.76338, 0.74767, 0.75862, 0.75879, 0.74883, 0.76348, 0.75435, 
0.75806, 0.756, 0.75388, 0.77079, 0.75343, 0.75387, 0.74429, 
0.75344, 0.75141, 0.75532, 0.74884, 0.75173, 0.755, 0.0996, 0.1184, 
0.1323, 0.155, 0.1842, 0.1878, 0.2103, 0.2318, 0.2543, 0.2783, 
0.3032, 274.1, 302.9, 331.1, 359.8, 384.5, 406.4, 428.1, 450, 
470.7, 489.8, 515.2, 1, 1, 1, 1, 1, 1, 1, 1, 1, 1, 1, 1, 1, 1, 
1, 1, 1, 1, 1, 1, 1, 1, 1, 1, 1, 1, 1, 1, 1, 1, 1, 1, 1, 1, 1, 
1, 1, 1, 1, 1, 1, 1, 1, 1, 3.93, 4.291, 4.178, 4.582, 6.082, 
4.859, 5.094, 5.329, 5.628, 5.76, 6.037), .Dim = c(11L, 40L), .Dimnames = list(
    NULL, c("Sampling", "PSO.cost", "PSO.gamma", "PSO.data.balancing", 
    "PSO.feature.selection", "PSO.valid.acc", "PSO.test.acc", 
    "PSO.train.time", "PSO.n.support.vectors", "PSO.index", "PSO.n.solutions", 
    "PSO.generations", "PSO.n.evaluations", "PSO.cpu.time", "RS.cost", 
    "RS.gamma", "RS.data.balancing", "RS.feature.selection", 
    "RS.valid.acc", "RS.test.acc", "RS.train.time", "RS.n.support.vectors", 
    "RS.index", "RS.n.solutions", "RS.generations", "RS.n.evaluations", 
    "RS.cpu.time", "DF.cost", "DF.gamma", "DF.data.balancing", 
    "DF.feature.selection", "DF.valid.acc", "DF.test.acc", "DF.train.time", 
    "DF.n.support.vectors", "DF.index", "DF.n.solutions", "DF.generations", 
    "DF.n.evaluations", "DF.cpu.time")))
