full <-
structure(c(50, 55, 60, 65, 70, 75, 80, 85, 90, 95, 100, 2.0525, 
8.84391, 1.73594, 11.11243, 1.68559, 1.22503, 2.82478, 4.4161, 
3.65139, 10.90639, 2.19249, -7.73018, -12.28323, -4.20668, -15, 
-7.08726, -6.26173, -6.06721, -9.56158, -5.83181, -15, -5.90064, 
0, 0, 0, 0, 0, 0, 0, 0, 0, 0, 0, 0, 0, 0, 0, 0, 0, 0, 0, 0, 0, 
0, 0.78582, 0.77652, 0.76642, 0.75546, 0.76716, 0.77466, 0.77875, 
0.76471, 0.77669, 0.76436, 0.781, 0.77382, 0.77294, 0.74814, 
0.73986, 0.74711, 0.76136, 0.76125, 0.75885, 0.75117, 0.7569, 
0.77, 0.0888, 0.1077, 0.15, 0.137, 0.1588, 0.1807, 0.2051, 0.2178, 
0.2668, 0.2589, 0.3037, 236.8, 238.2, 339.2, 286.8, 332, 359.3, 
367.9, 387.2, 410.7, 413.8, 461.3, 1435, 135, 2055, 513, 607, 
2104, 1259, 668, 2436, 599, 1704, 39, 267, 8, 24, 294, 2, 30, 
118, 1, 105, 5, 100, 100, 100, 100, 100, 100, 100, 100, 100, 
100, 100, 2500, 2500, 2500, 2500, 2500, 2500, 2500, 2500, 2500, 
2500, 2500, 10312.627, 10521.004, 11625.443, 11098.345, 11418.447, 
12221.122, 13347.53, 13890.615, 16627.276, 14702.493, 19432.69, 
1.40884, 7.76458, 4.73883, 6.69999, 1.30125, 1.7136, 7.6539, 
3.7679, 1.41064, 10.85401, 2.3669, -6.44114, -11.77421, -6.4335, 
-10.12314, -6.81548, -6.41007, -8.81537, -9.09356, -4.75516, 
-14.95645, -6.09036, 0, 0, 0, 0, 0, 0, 0, 0, 0, 0, 0, 0, 0, 0, 
0, 0, 0, 0, 0, 0, 0, 0, 0.78574, 0.77466, 0.76464, 0.7569, 0.7643, 
0.77068, 0.775, 0.76353, 0.77893, 0.76436, 0.778, 0.77586, 0.77109, 
0.75631, 0.74305, 0.7542, 0.75734, 0.76125, 0.7612, 0.74895, 
0.7569, 0.769, 0.0905, 0.1043, 0.1328, 0.1375, 0.1585, 0.1774, 
0.2284, 0.2185, 0.2634, 0.2583, 0.2977, 240.7, 241.3, 266.2, 
287.8, 335.2, 355.3, 344.6, 390, 450.3, 413.7, 459.1, 175, 1588, 
1262, 1948, 812, 604, 1613, 1377, 2031, 2037, 1677, 1, 1, 1, 
1, 2, 1, 3, 2, 1, 1, 1, 100, 100, 100, 100, 100, 100, 100, 100, 
100, 100, 100, 2500, 2500, 2500, 2500, 2500, 2500, 2500, 2500, 
2500, 2500, 2500, 11160.05, 11822.146, 12199.287, 12652.385, 
13786.276, 14468.319, 15433.794, 16493.386, 17886.409, 18646.232, 
20768.267, 1, 1, 1, 1, 1, 1, 1, 1, 1, 1, 1, 0.04167, 0.04167, 
0.04167, 0.04167, 0.04167, 0.04167, 0.04167, 0.04167, 0.04167, 
0.04167, 0.04167, 0, 0, 0, 0, 0, 0, 0, 0, 0, 0, 0, 0, 0, 0, 0, 
0, 0, 0, 0, 0, 0, 0, 0.75966, 0.7617, 0.75656, 0.7462, 0.73595, 
0.75466, 0.75125, 0.74938, 0.74436, 0.74645, 0.762, 0.76578, 
0.76167, 0.74481, 0.73226, 0.74309, 0.74401, 0.7625, 0.73878, 
0.74664, 0.74437, 0.774, 0.101, 0.1143, 0.1343, 0.1549, 0.1803, 
0.1879, 0.2205, 0.2364, 0.2639, 0.2903, 0.3128, 272.9, 299.8, 
323.9, 349.2, 376.4, 396.6, 417.1, 447.6, 465.1, 492.8, 515, 
1, 1, 1, 1, 1, 1, 1, 1, 1, 1, 1, 1, 1, 1, 1, 1, 1, 1, 1, 1, 1, 
1, 1, 1, 1, 1, 1, 1, 1, 1, 1, 1, 1, 1, 1, 1, 1, 1, 1, 1, 1, 1, 
1, 1, 4.11, 4.262, 4.168, 4.456, 4.78, 4.674, 5.204, 5.165, 5.639, 
5.844, 6.31), .Dim = c(11L, 40L), .Dimnames = list(NULL, c("Sampling", 
"PSO.cost", "PSO.gamma", "PSO.data.balancing", "PSO.feature.selection", 
"PSO.valid.acc", "PSO.test.acc", "PSO.train.time", "PSO.n.support.vectors", 
"PSO.index", "PSO.n.solutions", "PSO.generations", "PSO.n.evaluations", 
"PSO.cpu.time", "RS.cost", "RS.gamma", "RS.data.balancing", "RS.feature.selection", 
"RS.valid.acc", "RS.test.acc", "RS.train.time", "RS.n.support.vectors", 
"RS.index", "RS.n.solutions", "RS.generations", "RS.n.evaluations", 
"RS.cpu.time", "DF.cost", "DF.gamma", "DF.data.balancing", "DF.feature.selection", 
"DF.valid.acc", "DF.test.acc", "DF.train.time", "DF.n.support.vectors", 
"DF.index", "DF.n.solutions", "DF.generations", "DF.n.evaluations", 
"DF.cpu.time")))
