full <-
structure(c(50, 55, 60, 65, 70, 75, 80, 85, 90, 95, 100, 4.09074, 
6.26868, 8.90958, 10.12157, 10.52559, 6.92427, 12.83666, 7.53782, 
2.09131, 4.91296, 9.28233, -10.37728, -11.68948, -14.18732, -13.87336, 
-10.1851, -11.83947, -13.31229, -8.74164, -6.02875, -6.88073, 
-15, 0, 0, 0, 0, 0, 0, 0, 0, 0, 0, 0, 0, 0, 0, 0, 0, 0, 0, 0, 
0, 0, 0, 0.77392, 0.76727, 0.77488, 0.77087, 0.7714, 0.76798, 
0.78133, 0.77878, 0.78545, 0.78315, 0.778, 0.76992, 0.77091, 
0.76646, 0.76311, 0.77146, 0.76131, 0.76003, 0.75996, 0.76561, 
0.76526, 0.767, 0.0905, 0.103, 0.1171, 0.1305, 0.2712, 0.1898, 
0.2838, 0.2795, 0.2459, 0.3013, 0.2962, 240.4, 249.1, 271.8, 
275.9, 298.3, 340.7, 349.8, 369.4, 418.5, 413.3, 444.8, 275, 
1165, 482, 1165, 267, 532, 301, 1673, 1487, 1262, 567, 88, 9, 
131, 9, 29, 42, 4, 11, 8, 24, 134, 100, 100, 100, 100, 100, 100, 
100, 100, 100, 100, 100, 2500, 2500, 2500, 2500, 2500, 2500, 
2500, 2500, 2500, 2500, 2500, 10762.146, 11104.871, 11704.071, 
11996.31, 20348.152, 18391.862, 21270.561, 23260.669, 20013.985, 
20800.011, 26647.534, 4.30266, 7.3431, 7.46247, 5.84819, 10.5299, 
7.09695, 1.19081, 11.44032, 2.13993, 5.40928, 7.36978, -10.47883, 
-13.15797, -12.34943, -12.47905, -10.13477, -12.14038, -6.34172, 
-10.77879, -6.06732, -7.2043, -13.06307, 0, 0, 0, 0, 0, 0, 0, 
0, 0, 0, 0, 0, 0, 0, 0, 0, 0, 0, 0, 0, 0, 0, 0.77392, 0.76545, 
0.77485, 0.7708, 0.7714, 0.76664, 0.78263, 0.77759, 0.78323, 
0.78105, 0.778, 0.77196, 0.76727, 0.7731, 0.76922, 0.77003, 0.75729, 
0.7651, 0.75995, 0.76674, 0.76735, 0.764, 0.0915, 0.1052, 0.1174, 
0.1364, 0.2805, 0.1915, 0.22, 0.3966, 0.2604, 0.3078, 0.2943, 
239, 252.2, 268.5, 307.1, 298.2, 342.2, 381.9, 368.3, 417.6, 
408.8, 445.3, 2330, 1808, 1227, 1015, 1527, 535, 1255, 884, 2472, 
1616, 2067, 1, 2, 1, 5, 1, 1, 1, 4, 1, 2, 1, 100, 100, 100, 100, 
100, 100, 100, 100, 100, 100, 100, 2500, 2500, 2500, 2500, 2500, 
2500, 2500, 2500, 2500, 2500, 2500, 11710.371, 12409.309, 13137.705, 
13826.06, 19684.89, 21296.871, 22147.328, 22181.153, 23271.841, 
24298.917, 25649.297, 1, 1, 1, 1, 1, 1, 1, 1, 1, 1, 1, 0.04167, 
0.04167, 0.04167, 0.04167, 0.04167, 0.04167, 0.04167, 0.04167, 
0.04167, 0.04167, 0.04167, 0, 0, 0, 0, 0, 0, 0, 0, 0, 0, 0, 0, 
0, 0, 0, 0, 0, 0, 0, 0, 0, 0, 0.73404, 0.73636, 0.75493, 0.75551, 
0.74852, 0.74142, 0.7638, 0.74804, 0.76108, 0.76634, 0.766, 0.73812, 
0.75455, 0.75665, 0.76323, 0.74564, 0.74269, 0.76131, 0.75869, 
0.76238, 0.76316, 0.766, 0.0989, 0.1173, 0.1382, 0.1515, 0.1837, 
0.2129, 0.2377, 0.2457, 0.2722, 0.2888, 0.3195, 277.5, 303.4, 
329.6, 345.7, 372.9, 403.2, 423.1, 445.7, 468.2, 489.4, 515, 
1, 1, 1, 1, 1, 1, 1, 1, 1, 1, 1, 1, 1, 1, 1, 1, 1, 1, 1, 1, 1, 
1, 1, 1, 1, 1, 1, 1, 1, 1, 1, 1, 1, 1, 1, 1, 1, 1, 1, 1, 1, 1, 
1, 1, 4.412, 4.548, 4.646, 4.941, 6.502, 7.553, 7.634, 7.363, 
7.647, 8.2, 8.064), .Dim = c(11L, 40L), .Dimnames = list(NULL, 
    c("Sampling", "PSO.cost", "PSO.gamma", "PSO.data.balancing", 
    "PSO.feature.selection", "PSO.valid.acc", "PSO.test.acc", 
    "PSO.train.time", "PSO.n.support.vectors", "PSO.index", "PSO.n.solutions", 
    "PSO.generations", "PSO.n.evaluations", "PSO.cpu.time", "RS.cost", 
    "RS.gamma", "RS.data.balancing", "RS.feature.selection", 
    "RS.valid.acc", "RS.test.acc", "RS.train.time", "RS.n.support.vectors", 
    "RS.index", "RS.n.solutions", "RS.generations", "RS.n.evaluations", 
    "RS.cpu.time", "DF.cost", "DF.gamma", "DF.data.balancing", 
    "DF.feature.selection", "DF.valid.acc", "DF.test.acc", "DF.train.time", 
    "DF.n.support.vectors", "DF.index", "DF.n.solutions", "DF.generations", 
    "DF.n.evaluations", "DF.cpu.time")))
