full <-
structure(c(50, 55, 60, 65, 70, 75, 80, 85, 90, 95, 100, 4.30641, 
3.69529, 8.49397, 4.3844, 2.73819, 4.14957, 7.79859, 4.99155, 
6.11395, 3.91859, 5.48651, -7.94472, -7.89197, -10.42537, -11.46616, 
-6.14194, -7.04278, -9.1522, -7.35697, -8.00567, -6.44946, -9.97917, 
0, 0, 0, 0, 0, 0, 0, 0, 0, 0, 0, 0, 0, 0, 0, 0, 0, 0, 0, 0, 0, 
0, 0.76232, 0.76726, 0.74833, 0.75391, 0.77723, 0.76533, 0.7775, 
0.79418, 0.77668, 0.77789, 0.781, 0.7464, 0.76739, 0.74167, 0.72927, 
0.75723, 0.7587, 0.75875, 0.77544, 0.76115, 0.77998, 0.772, 0.0913, 
0.1044, 0.1302, 0.1413, 0.1659, 0.188, 0.2357, 0.2342, 0.2628, 
0.2801, 0.2756, 233.7, 249.5, 265.1, 322, 331.6, 340.9, 349.7, 
370.7, 384.3, 424.3, 437, 2496, 326, 241, 203, 1106, 733, 1006, 
888, 599, 718, 344, 1, 159, 63, 14, 165, 47, 51, 55, 65, 23, 
47, 100, 100, 100, 100, 100, 100, 100, 100, 100, 100, 100, 2500, 
2500, 2500, 2500, 2500, 2500, 2500, 2500, 2500, 2500, 2500, 11113.087, 
11043.264, 12850.914, 12462.716, 13174.969, 16690.109, 17872.664, 
17359.351, 17897.562, 18129.743, 17809.534, 4.78114, 4.42793, 
5.21205, 3.43652, 1.75441, 1.54636, 12.07693, 5.49044, 6.61838, 
5.75641, 6.47049, -8.22323, -8.35183, -8.85534, -10.49892, -5.59748, 
-6.07396, -11.8405, -7.60764, -8.29439, -7.40073, -11.14959, 
0, 0, 0, 0, 0, 0, 0, 0, 0, 0, 0, 0, 0, 0, 0, 0, 0, 0, 0, 0, 0, 
0, 0.75832, 0.76726, 0.74833, 0.75391, 0.77296, 0.76269, 0.775, 
0.79304, 0.77556, 0.7789, 0.78, 0.74432, 0.76551, 0.74, 0.73081, 
0.76143, 0.76265, 0.755, 0.77544, 0.76558, 0.77685, 0.775, 0.0884, 
0.1032, 0.1192, 0.1438, 0.1633, 0.1878, 0.3026, 0.2379, 0.2696, 
0.2975, 0.2765, 232.2, 248.1, 271.2, 322.7, 341.8, 356.6, 346.1, 
368.2, 383.3, 410.5, 437, 598, 1583, 2425, 1032, 1077, 1614, 
426, 1744, 400, 1230, 289, 1, 1, 1, 1, 1, 1, 6, 1, 1, 1, 5, 100, 
100, 100, 100, 100, 100, 100, 100, 100, 100, 100, 2500, 2500, 
2500, 2500, 2500, 2500, 2500, 2500, 2500, 2500, 2500, 11375.244, 
11989.519, 13042.678, 14249.574, 16561.871, 18899.114, 18861.148, 
19653.471, 20415.369, 21469.791, 21144.937, 1, 1, 1, 1, 1, 1, 
1, 1, 1, 1, 1, 0.04167, 0.04167, 0.04167, 0.04167, 0.04167, 0.04167, 
0.04167, 0.04167, 0.04167, 0.04167, 0.04167, 0, 0, 0, 0, 0, 0, 
0, 0, 0, 0, 0, 0, 0, 0, 0, 0, 0, 0, 0, 0, 0, 0, 0.7322, 0.75099, 
0.72833, 0.72786, 0.76151, 0.74258, 0.74875, 0.7683, 0.75891, 
0.75254, 0.753, 0.71836, 0.74369, 0.72333, 0.72608, 0.75859, 
0.7493, 0.755, 0.76597, 0.76225, 0.76532, 0.762, 0.0986, 0.1163, 
0.1342, 0.1582, 0.1781, 0.1968, 0.2191, 0.2377, 0.2603, 0.2907, 
0.3127, 281.6, 302.5, 329.3, 357.8, 377.1, 399, 415.9, 437.6, 
462, 494.2, 514.8, 1, 1, 1, 1, 1, 1, 1, 1, 1, 1, 1, 1, 1, 1, 
1, 1, 1, 1, 1, 1, 1, 1, 1, 1, 1, 1, 1, 1, 1, 1, 1, 1, 1, 1, 1, 
1, 1, 1, 1, 1, 1, 1, 1, 1, 4.177, 4.462, 4.664, 5.008, 6.294, 
6.576, 6.688, 6.885, 6.794, 6.124, 6.621), .Dim = c(11L, 40L), .Dimnames = list(
    NULL, c("Sampling", "PSO.cost", "PSO.gamma", "PSO.data.balancing", 
    "PSO.feature.selection", "PSO.valid.acc", "PSO.test.acc", 
    "PSO.train.time", "PSO.n.support.vectors", "PSO.index", "PSO.n.solutions", 
    "PSO.generations", "PSO.n.evaluations", "PSO.cpu.time", "RS.cost", 
    "RS.gamma", "RS.data.balancing", "RS.feature.selection", 
    "RS.valid.acc", "RS.test.acc", "RS.train.time", "RS.n.support.vectors", 
    "RS.index", "RS.n.solutions", "RS.generations", "RS.n.evaluations", 
    "RS.cpu.time", "DF.cost", "DF.gamma", "DF.data.balancing", 
    "DF.feature.selection", "DF.valid.acc", "DF.test.acc", "DF.train.time", 
    "DF.n.support.vectors", "DF.index", "DF.n.solutions", "DF.generations", 
    "DF.n.evaluations", "DF.cpu.time")))
