full <-
structure(c(50, 55, 60, 65, 70, 75, 80, 85, 90, 95, 100, 4.60373, 
5.22595, 4.0757, 14.93021, 5.40171, 3.02728, 7.17917, 4.00128, 
1.60479, 10.09393, 3.3396, -9.74047, -10.08111, -9.73244, -12.41079, 
-7.22659, -7.1698, -12.83703, -6.54441, -7.76376, -14.74772, 
-7.7836, 0, 0, 0, 0, 0, 0, 0, 0, 0, 0, 0, 0, 0, 0, 0, 0, 0, 0, 
0, 0, 0, 0, 0.74422, 0.76527, 0.76989, 0.77077, 0.77573, 0.76541, 
0.76138, 0.77041, 0.77333, 0.76957, 0.78, 0.73638, 0.75254, 0.75489, 
0.75692, 0.77002, 0.76009, 0.76253, 0.7468, 0.76667, 0.75694, 
0.773, 0.0895, 0.0992, 0.1133, 0.5252, 0.1644, 0.1681, 0.1874, 
0.226, 0.2268, 0.2449, 0.2714, 235.6, 251.9, 278.4, 285.3, 309.1, 
344.6, 365.4, 386.9, 418.1, 410.7, 446.8, 1002, 476, 239, 1558, 
2179, 610, 338, 1240, 414, 201, 321, 180, 490, 82, 4, 13, 116, 
75, 7, 147, 471, 50, 100, 100, 100, 100, 100, 100, 100, 100, 
100, 100, 100, 2500, 2500, 2500, 2500, 2500, 2500, 2500, 2500, 
2500, 2500, 2500, 9460.199, 9903.62, 10301.613, 15029.508, 13150.669, 
12809.142, 12063.312, 13053.989, 13850.584, 13704.169, 16677.81, 
0.2464, 5.3736, 5.14267, 5.58106, 5.2963, 3.2217, 5.78389, 4.83223, 
1.5561, 10.12072, 6.97438, -5.5528, -10.15775, -9.98088, -9.65486, 
-7.01653, -7.08763, -11.46245, -7.09466, -7.68767, -14.42052, 
-8.98075, 0, 0, 0, 0, 0, 0, 0, 0, 0, 0, 0, 0, 0, 0, 0, 0, 0, 
0, 0, 0, 0, 0, 0.74234, 0.76527, 0.76989, 0.76935, 0.77141, 0.76279, 
0.76014, 0.76684, 0.77333, 0.76957, 0.779, 0.72222, 0.75254, 
0.75498, 0.7631, 0.76141, 0.75742, 0.76127, 0.75152, 0.76778, 
0.75694, 0.765, 0.0927, 0.1028, 0.1142, 0.1354, 0.1691, 0.1692, 
0.1873, 0.2268, 0.235, 0.2516, 0.3063, 259.6, 251.8, 271.6, 290, 
308.9, 342.4, 366.7, 380.7, 418.8, 408.7, 437.1, 2040, 1983, 
831, 939, 47, 1984, 419, 1471, 2, 38, 789, 2, 2, 2, 2, 1, 2, 
4, 1, 2, 5, 5, 100, 100, 100, 100, 100, 100, 100, 100, 100, 100, 
100, 2500, 2500, 2500, 2500, 2500, 2500, 2500, 2500, 2500, 2500, 
2500, 10594.679, 11096.858, 11920.467, 12714.11, 13379.307, 14075.96, 
15412.85, 16209.765, 17119.413, 18280.711, 19331.018, 1, 1, 1, 
1, 1, 1, 1, 1, 1, 1, 1, 0.04167, 0.04167, 0.04167, 0.04167, 0.04167, 
0.04167, 0.04167, 0.04167, 0.04167, 0.04167, 0.04167, 0, 0, 0, 
0, 0, 0, 0, 0, 0, 0, 0, 0, 0, 0, 0, 0, 0, 0, 0, 0, 0, 0, 0.72222, 
0.73456, 0.74992, 0.75068, 0.74847, 0.74133, 0.73759, 0.73989, 
0.74889, 0.76322, 0.759, 0.73026, 0.73806, 0.75664, 0.75231, 
0.75847, 0.75067, 0.74014, 0.73873, 0.75111, 0.7506, 0.771, 0.098, 
0.1128, 0.1282, 0.1463, 0.1622, 0.1889, 0.2111, 0.2308, 0.2511, 
0.2729, 0.3045, 279.1, 302.2, 325.7, 351, 370.6, 399.1, 424.7, 
447.6, 463.8, 485.9, 516.3, 1, 1, 1, 1, 1, 1, 1, 1, 1, 1, 1, 
1, 1, 1, 1, 1, 1, 1, 1, 1, 1, 1, 1, 1, 1, 1, 1, 1, 1, 1, 1, 1, 
1, 1, 1, 1, 1, 1, 1, 1, 1, 1, 1, 1, 3.864, 3.901, 4.116, 4.327, 
4.393, 4.715, 4.991, 5.15, 5.413, 5.583, 5.924), .Dim = c(11L, 
40L), .Dimnames = list(NULL, c("Sampling", "PSO.cost", "PSO.gamma", 
"PSO.data.balancing", "PSO.feature.selection", "PSO.valid.acc", 
"PSO.test.acc", "PSO.train.time", "PSO.n.support.vectors", "PSO.index", 
"PSO.n.solutions", "PSO.generations", "PSO.n.evaluations", "PSO.cpu.time", 
"RS.cost", "RS.gamma", "RS.data.balancing", "RS.feature.selection", 
"RS.valid.acc", "RS.test.acc", "RS.train.time", "RS.n.support.vectors", 
"RS.index", "RS.n.solutions", "RS.generations", "RS.n.evaluations", 
"RS.cpu.time", "DF.cost", "DF.gamma", "DF.data.balancing", "DF.feature.selection", 
"DF.valid.acc", "DF.test.acc", "DF.train.time", "DF.n.support.vectors", 
"DF.index", "DF.n.solutions", "DF.generations", "DF.n.evaluations", 
"DF.cpu.time")))
