full <-
structure(c(50, 55, 60, 65, 70, 75, 80, 85, 90, 95, 100, 3.15213, 
2.44523, 4.42954, 15, 3.73353, 2.49782, 14.43393, 15, 2.61893, 
7.47445, 13.71081, -9.36573, -9.07049, -6.78915, -12.61699, -7.04565, 
-5.78509, -14.84154, -13.68405, -7.47595, -10.32845, -14.73243, 
0, 0, 0, 0, 0, 0, 0, 0, 0, 0, 0, 0, 0, 0, 0, 0, 0, 0, 0, 0, 0, 
0, 0.78214, 0.77111, 0.78131, 0.7569, 0.7827, 0.77318, 0.77488, 
0.76576, 0.78215, 0.76737, 0.775, 0.77014, 0.75471, 0.76145, 
0.74925, 0.76272, 0.75986, 0.76366, 0.75869, 0.76552, 0.74421, 
0.768, 0.0898, 0.1026, 0.1249, 0.4656, 0.1489, 0.1748, 0.2449, 
0.4544, 0.2247, 0.2506, 0.329, 237.2, 270.2, 274.1, 282, 322.1, 
354.4, 342.5, 377, 410.3, 418.7, 426.2, 434, 2493, 947, 1295, 
1403, 326, 347, 2147, 1235, 635, 2067, 99, 1, 38, 3, 15, 165, 
1, 1, 40, 24, 1, 100, 100, 100, 100, 100, 100, 100, 100, 100, 
100, 100, 2500, 2500, 2500, 2500, 2500, 2500, 2500, 2500, 2500, 
2500, 2500, 9975.486, 10497.359, 11118.591, 15614.558, 13935.466, 
12821.61, 13625.304, 16689.094, 14522.889, 16455.066, 16843.918, 
2.34053, 2.09948, 4.86246, 7.62243, 3.80067, 2.76765, 12.48397, 
4.42915, 4.89274, 3.56119, 13.69262, -8.47859, -8.76059, -7.10213, 
-9.29778, -7.2221, -5.80888, -13.88516, -8.42581, -8.79784, -7.81391, 
-14.72749, 0, 0, 0, 0, 0, 0, 0, 0, 0, 0, 0, 0, 0, 0, 0, 0, 0, 
0, 0, 0, 0, 0, 0.78006, 0.7675, 0.77964, 0.75681, 0.77994, 0.7679, 
0.77238, 0.76459, 0.77773, 0.76526, 0.772, 0.77218, 0.75471, 
0.76314, 0.74452, 0.75702, 0.75717, 0.76491, 0.76102, 0.76659, 
0.74632, 0.767, 0.0877, 0.1024, 0.1237, 0.1487, 0.1481, 0.1708, 
0.2125, 0.2077, 0.2268, 0.2473, 0.3328, 238.1, 271.7, 272.7, 
286.9, 322.2, 354.2, 341.8, 387.2, 401.6, 428.2, 425.7, 641, 
2256, 1335, 1052, 225, 1192, 432, 1067, 1450, 943, 1680, 2, 1, 
1, 1, 1, 1, 2, 2, 2, 4, 3, 100, 100, 100, 100, 100, 100, 100, 
100, 100, 100, 100, 2500, 2500, 2500, 2500, 2500, 2500, 2500, 
2500, 2500, 2500, 2500, 11178.702, 11597.299, 11989.845, 13050.349, 
14241.541, 14751.473, 15622.367, 16414.321, 17837.826, 18991.357, 
19711.7670000001, 1, 1, 1, 1, 1, 1, 1, 1, 1, 1, 1, 0.04167, 0.04167, 
0.04167, 0.04167, 0.04167, 0.04167, 0.04167, 0.04167, 0.04167, 
0.04167, 0.04167, 0, 0, 0, 0, 0, 0, 0, 0, 0, 0, 0, 0, 0, 0, 0, 
0, 0, 0, 0, 0, 0, 0, 0.75198, 0.73639, 0.74803, 0.72764, 0.75139, 
0.73602, 0.73871, 0.73645, 0.75114, 0.74105, 0.749, 0.75213, 
0.73825, 0.76625, 0.73526, 0.75988, 0.74528, 0.7524, 0.74117, 
0.74659, 0.74947, 0.76, 0.0947, 0.1086, 0.1234, 0.1444, 0.1664, 
0.1785, 0.2027, 0.2213, 0.2427, 0.2661, 0.2851, 273.8, 302.6, 
325.2, 354.4, 382.7, 401.7, 422.5, 452.4, 471.8, 497.8, 514.6, 
1, 1, 1, 1, 1, 1, 1, 1, 1, 1, 1, 1, 1, 1, 1, 1, 1, 1, 1, 1, 1, 
1, 1, 1, 1, 1, 1, 1, 1, 1, 1, 1, 1, 1, 1, 1, 1, 1, 1, 1, 1, 1, 
1, 1, 4.106, 4.165, 4.2, 4.692, 4.958, 4.635, 5.634, 5.37, 5.775, 
5.947, 5.855), .Dim = c(11L, 40L), .Dimnames = list(NULL, c("Sampling", 
"PSO.cost", "PSO.gamma", "PSO.data.balancing", "PSO.feature.selection", 
"PSO.valid.acc", "PSO.test.acc", "PSO.train.time", "PSO.n.support.vectors", 
"PSO.index", "PSO.n.solutions", "PSO.generations", "PSO.n.evaluations", 
"PSO.cpu.time", "RS.cost", "RS.gamma", "RS.data.balancing", "RS.feature.selection", 
"RS.valid.acc", "RS.test.acc", "RS.train.time", "RS.n.support.vectors", 
"RS.index", "RS.n.solutions", "RS.generations", "RS.n.evaluations", 
"RS.cpu.time", "DF.cost", "DF.gamma", "DF.data.balancing", "DF.feature.selection", 
"DF.valid.acc", "DF.test.acc", "DF.train.time", "DF.n.support.vectors", 
"DF.index", "DF.n.solutions", "DF.generations", "DF.n.evaluations", 
"DF.cpu.time")))
