full <-
structure(c(50, 55, 60, 65, 70, 75, 80, 85, 90, 95, 100, 4.23335, 
4.35185, 4.44562, 13.8451, 6.80744, 14.85718, 5.35072, 10.61887, 
10.24683, 10.03682, 11.12804, -8.25833, -6.74708, -8.0002, -15, 
-8.07769, -14.52997, -9.09997, -12.31801, -12.24563, -15, -14.90504, 
0, 0, 0, 0, 0, 0, 0, 0, 0, 0, 0, 0, 0, 0, 0, 0, 0, 0, 0, 0, 0, 
0, 0.79417, 0.78919, 0.78991, 0.77231, 0.78142, 0.77337, 0.77627, 
0.77998, 0.77792, 0.76941, 0.777, 0.76236, 0.77445, 0.77663, 
0.75538, 0.7613, 0.7586, 0.76249, 0.7682, 0.76568, 0.76417, 0.765, 
0.0854, 0.1087, 0.1187, 0.1633, 0.1832, 0.2691, 0.19, 0.2419, 
0.2822, 0.2718, 0.2853, 211.1, 239.3, 256.3, 261.4, 297.6, 309.1, 
345.5, 359.2, 382.9, 418.4, 430.5, 400, 2157, 2132, 251, 1796, 
697, 1533, 2337, 187, 199, 1180, 71, 1, 5, 397, 1, 24, 17, 1, 
72, 168, 22, 100, 100, 100, 100, 100, 100, 100, 100, 100, 100, 
100, 2500, 2500, 2500, 2500, 2500, 2500, 2500, 2500, 2500, 2500, 
2500, 10737.342, 12091.883, 12010.601, 12626.614, 13093.359, 
14523.114, 15171.197, 16429.946, 20541.582, 20565.502, 20959.486, 
7.82511, 3.76294, 1.77641, 11.18076, 0.41826, 14.09864, 12.5832, 
8.56049, 8.52918, 4.53046, 3.86958, -10.69056, -6.33397, -5.1844, 
-13.87388, -3.56105, -14.15405, -12.99126, -10.57533, -12.29309, 
-9.48927, -9.87699, 0, 0, 0, 0, 0, 0, 0, 0, 0, 0, 0, 0, 0, 0, 
0, 0, 0, 0, 0, 0, 0, 0, 0.79024, 0.78916, 0.78835, 0.76923, 0.78016, 
0.77204, 0.77498, 0.7788, 0.7768, 0.76732, 0.777, 0.75824, 0.77623, 
0.75827, 0.75077, 0.7586, 0.76124, 0.76749, 0.77053, 0.76458, 
0.76203, 0.769, 0.0872, 0.1116, 0.1254, 0.1382, 0.2025, 0.2471, 
0.2602, 0.2535, 0.2577, 0.2642, 0.2903, 200, 243, 288.3, 263.8, 
423.8, 310.1, 337.3, 363.1, 384.5, 423, 451.7, 1458, 2278, 1728, 
24, 2392, 1579, 1177, 353, 1769, 1640, 14, 2, 1, 1, 2, 1, 1, 
4, 9, 1, 1, 2, 100, 100, 100, 100, 100, 100, 100, 100, 100, 100, 
100, 2500, 2500, 2500, 2500, 2500, 2500, 2500, 2500, 2500, 2500, 
2500, 11509.032, 12106.484, 12958.721, 13640.324, 14656.703, 
15758.453, 16664.188, 23113.911, 24360.95, 25036.451, 25637.852, 
1, 1, 1, 1, 1, 1, 1, 1, 1, 1, 1, 0.04167, 0.04167, 0.04167, 0.04167, 
0.04167, 0.04167, 0.04167, 0.04167, 0.04167, 0.04167, 0.04167, 
0, 0, 0, 0, 0, 0, 0, 0, 0, 0, 0, 0, 0, 0, 0, 0, 0, 0, 0, 0, 0, 
0, 0.76036, 0.77468, 0.75835, 0.74769, 0.76138, 0.74407, 0.75501, 
0.7553, 0.75564, 0.74717, 0.758, 0.75016, 0.76391, 0.7566, 0.74615, 
0.76005, 0.74407, 0.75749, 0.76239, 0.7468, 0.75246, 0.742, 0.0997, 
0.1136, 0.1338, 0.1472, 0.1709, 0.1904, 0.2146, 0.2607, 0.2888, 
0.2942, 0.3219, 265.7, 285.7, 315.7, 336.1, 364.2, 386.3, 414.4, 
441.2, 463.6, 493.3, 513.5, 1, 1, 1, 1, 1, 1, 1, 1, 1, 1, 1, 
1, 1, 1, 1, 1, 1, 1, 1, 1, 1, 1, 1, 1, 1, 1, 1, 1, 1, 1, 1, 1, 
1, 1, 1, 1, 1, 1, 1, 1, 1, 1, 1, 1, 4.367, 4.437, 4.652, 4.608, 
5.084, 5.369, 5.651, 7.822, 8.539, 7.698, 8.523), .Dim = c(11L, 
40L), .Dimnames = list(NULL, c("Sampling", "PSO.cost", "PSO.gamma", 
"PSO.data.balancing", "PSO.feature.selection", "PSO.valid.acc", 
"PSO.test.acc", "PSO.train.time", "PSO.n.support.vectors", "PSO.index", 
"PSO.n.solutions", "PSO.generations", "PSO.n.evaluations", "PSO.cpu.time", 
"RS.cost", "RS.gamma", "RS.data.balancing", "RS.feature.selection", 
"RS.valid.acc", "RS.test.acc", "RS.train.time", "RS.n.support.vectors", 
"RS.index", "RS.n.solutions", "RS.generations", "RS.n.evaluations", 
"RS.cpu.time", "DF.cost", "DF.gamma", "DF.data.balancing", "DF.feature.selection", 
"DF.valid.acc", "DF.test.acc", "DF.train.time", "DF.n.support.vectors", 
"DF.index", "DF.n.solutions", "DF.generations", "DF.n.evaluations", 
"DF.cpu.time")))
