full <-
structure(c(50, 55, 60, 65, 70, 75, 80, 85, 90, 95, 100, 9.15908, 
3.82598, 14.89345, 9.99333, 6.5256, 4.41711, 5.2, 11.28765, 7.17111, 
15, 5.08294, -12.89066, -10.141, -14.00406, -10.05299, -8.7725, 
-7.31372, -7.53538, -15, -8.82215, -14.99917, -6.98489, 0, 0, 
0, 0, 0, 0, 0, 0, 0, 0, 0, 0, 0, 0, 0, 0, 0, 0, 0, 0, 0, 0, 0.77582, 
0.76726, 0.77667, 0.76453, 0.77884, 0.78133, 0.78369, 0.77531, 
0.77553, 0.77902, 0.775, 0.75986, 0.75625, 0.75167, 0.74145, 
0.75724, 0.768, 0.7637, 0.76125, 0.76554, 0.76634, 0.777, 0.0899, 
0.1056, 0.2282, 0.2103, 0.173, 0.1911, 0.2092, 0.2152, 0.2751, 
0.3944, 0.3235, 212, 259.7, 263.4, 287.8, 313.4, 343.5, 357.3, 
371.8, 394.9, 411, 433.6, 227, 550, 1611, 625, 761, 503, 2384, 
189, 2374, 723, 1937, 118, 56, 2, 35, 83, 219, 1, 703, 1, 18, 
9, 100, 100, 100, 100, 100, 100, 100, 100, 100, 100, 100, 2500, 
2500, 2500, 2500, 2500, 2500, 2500, 2500, 2500, 2500, 2500, 10478.209, 
10643.667, 13213.262, 14690.903, 12889.861, 12637.313, 16975.556, 
13177.247, 19772.09, 18482.298, 18619.609, 11.05923, 4.28199, 
11.46484, 6.47892, 6.49147, 3.2269, 4.85226, 5.28425, 8.80403, 
1.8781, 4.15331, -14.80285, -10.76105, -12.6218, -8.45824, -8.72752, 
-6.63472, -7.31222, -10.40843, -9.64827, -7.04231, -6.70358, 
0, 0, 0, 0, 0, 0, 0, 0, 0, 0, 0, 0, 0, 0, 0, 0, 0, 0, 0, 0, 0, 
0, 0.77582, 0.76547, 0.77167, 0.76602, 0.77884, 0.77867, 0.78116, 
0.77414, 0.77551, 0.779, 0.774, 0.75786, 0.75989, 0.76167, 0.75066, 
0.75582, 0.768, 0.76495, 0.76243, 0.76554, 0.76106, 0.767, 0.0876, 
0.1022, 0.1511, 0.1554, 0.1682, 0.182, 0.2087, 0.212, 0.3075, 
0.2685, 0.3078, 211.6, 261.7, 262.2, 292.8, 313.1, 349, 358.6, 
382.5, 392.6, 438.5, 440.5, 1018, 1753, 640, 782, 604, 867, 1850, 
2002, 1596, 2450, 1023, 2, 2, 7, 1, 1, 3, 1, 1, 1, 1, 1, 100, 
100, 100, 100, 100, 100, 100, 100, 100, 100, 100, 2500, 2500, 
2500, 2500, 2500, 2500, 2500, 2500, 2500, 2500, 2500, 11263.713, 
12016.609, 12585.851, 12827.685, 13938.811, 14719.202, 15863.206, 
17028.953, 18596.916, 19377.376, 20715.768, 1, 1, 1, 1, 1, 1, 
1, 1, 1, 1, 1, 0.04167, 0.04167, 0.04167, 0.04167, 0.04167, 0.04167, 
0.04167, 0.04167, 0.04167, 0.04167, 0.04167, 0, 0, 0, 0, 0, 0, 
0, 0, 0, 0, 0, 0, 0, 0, 0, 0, 0, 0, 0, 0, 0, 0, 0.75778, 0.75274, 
0.74333, 0.74768, 0.76016, 0.75733, 0.75117, 0.75419, 0.75004, 
0.75579, 0.753, 0.74786, 0.7382, 0.75833, 0.73992, 0.76578, 0.768, 
0.76122, 0.74242, 0.74782, 0.75896, 0.763, 0.1006, 0.1171, 0.1331, 
0.1557, 0.1712, 0.1974, 0.22, 0.2405, 0.264, 0.2973, 0.3188, 
272.2, 299.6, 325.3, 349.3, 370.4, 400.2, 423.2, 449.2, 467.7, 
496.2, 515.4, 1, 1, 1, 1, 1, 1, 1, 1, 1, 1, 1, 1, 1, 1, 1, 1, 
1, 1, 1, 1, 1, 1, 1, 1, 1, 1, 1, 1, 1, 1, 1, 1, 1, 1, 1, 1, 1, 
1, 1, 1, 1, 1, 1, 1, 4.168, 4.124, 4.214, 4.567, 4.649, 5.134, 
5.153, 5.191, 5.967, 6.009, 6.253), .Dim = c(11L, 40L), .Dimnames = list(
    NULL, c("Sampling", "PSO.cost", "PSO.gamma", "PSO.data.balancing", 
    "PSO.feature.selection", "PSO.valid.acc", "PSO.test.acc", 
    "PSO.train.time", "PSO.n.support.vectors", "PSO.index", "PSO.n.solutions", 
    "PSO.generations", "PSO.n.evaluations", "PSO.cpu.time", "RS.cost", 
    "RS.gamma", "RS.data.balancing", "RS.feature.selection", 
    "RS.valid.acc", "RS.test.acc", "RS.train.time", "RS.n.support.vectors", 
    "RS.index", "RS.n.solutions", "RS.generations", "RS.n.evaluations", 
    "RS.cpu.time", "DF.cost", "DF.gamma", "DF.data.balancing", 
    "DF.feature.selection", "DF.valid.acc", "DF.test.acc", "DF.train.time", 
    "DF.n.support.vectors", "DF.index", "DF.n.solutions", "DF.generations", 
    "DF.n.evaluations", "DF.cpu.time")))
