full <-
structure(c(50, 55, 60, 65, 70, 75, 80, 85, 90, 95, 100, 3.0618, 
14.95129, 5.66784, 1.18449, 15, 5.787, 3.26841, 2.85652, 13.80872, 
3.57395, 3.33685, -10.37243, -12.91478, -12.6969, -7.68466, -12.64219, 
-8.37642, -8.06554, -8.72989, -14.77529, -8.4681, -8.75299, 0, 
0, 0, 0, 0, 0, 0, 0, 0, 0, 0, 0, 0, 0, 0, 0, 0, 0, 0, 0, 0, 0, 
0.768, 0.7562, 0.74835, 0.75547, 0.74744, 0.75336, 0.76147, 0.7694, 
0.77126, 0.77792, 0.776, 0.744, 0.74519, 0.7449, 0.74633, 0.73607, 
0.74939, 0.74877, 0.76231, 0.76679, 0.76315, 0.761, 0.0906, 0.2761, 
0.1174, 0.1322, 0.5271, 0.1761, 0.1896, 0.1994, 0.2861, 0.245, 
0.2707, 255.6, 244.7, 296, 318.5, 311.7, 342.1, 372.6, 396.4, 
388.9, 428.5, 448.1, 1472, 451, 634, 452, 1709, 2307, 1953, 1874, 
2328, 2324, 2147, 35, 2, 33, 219, 2, 2, 22, 1, 2, 2, 5, 100, 
100, 100, 100, 100, 100, 100, 100, 100, 100, 100, 2500, 2500, 
2500, 2500, 2500, 2500, 2500, 2500, 2500, 2500, 2500, 9651.782, 
13225.084, 10993.372, 11123.965, 16961.128, 13570.296, 12112.202, 
13204.597, 14735.259, 14472.61, 15118.361, 4.95441, 14.40842, 
5.00466, 0.96575, -0.25074, 5.27873, 3.03824, 2.99416, 10.15487, 
4.18425, 3.56877, -12.31596, -12.63322, -12.03617, -7.38324, 
-4.32708, -8.12335, -7.94109, -8.8807, -12.728, -8.62689, -9.16836, 
0, 0, 0, 0, 0, 0, 0, 0, 0, 0, 0, 0, 0, 0, 0, 0, 0, 0, 0, 0, 0, 
0, 0.768, 0.75616, 0.74835, 0.75395, 0.7473, 0.75201, 0.76146, 
0.76938, 0.77127, 0.77687, 0.775, 0.742, 0.74519, 0.7449, 0.74938, 
0.74583, 0.74806, 0.75128, 0.76466, 0.76685, 0.76208, 0.762, 
0.0919, 0.25, 0.1153, 0.1317, 0.1625, 0.1707, 0.18, 0.2007, 0.2304, 
0.2364, 0.26, 255.2, 244.3, 296.3, 318.9, 388.8, 343.5, 373.6, 
396.4, 391.1, 425.1, 447.9, 2448, 367, 2477, 930, 8, 1334, 1780, 
652, 1948, 1826, 1931, 1, 3, 1, 1, 1, 1, 1, 1, 1, 1, 1, 100, 
100, 100, 100, 100, 100, 100, 100, 100, 100, 100, 2500, 2500, 
2500, 2500, 2500, 2500, 2500, 2500, 2500, 2500, 2500, 10488.167, 
11708.931, 12231.366, 12446.625, 12901.854, 13792.087, 15166.3, 
16566.274, 17666.181, 18918.867, 19836.18, 1, 1, 1, 1, 1, 1, 
1, 1, 1, 1, 1, 0.04167, 0.04167, 0.04167, 0.04167, 0.04167, 0.04167, 
0.04167, 0.04167, 0.04167, 0.04167, 0.04167, 0, 0, 0, 0, 0, 0, 
0, 0, 0, 0, 0, 0, 0, 0, 0, 0, 0, 0, 0, 0, 0, 0, 0.718, 0.73977, 
0.72321, 0.74941, 0.7445, 0.73867, 0.73125, 0.75059, 0.74556, 
0.75483, 0.747, 0.726, 0.74152, 0.72826, 0.73558, 0.74448, 0.73997, 
0.735, 0.75637, 0.75669, 0.74958, 0.75, 0.0928, 0.1012, 0.1236, 
0.1403, 0.157, 0.1735, 0.1952, 0.2167, 0.2398, 0.2619, 0.2902, 
274.5, 297.7, 322.9, 347.2, 377.1, 398.7, 425.6, 450.1, 470.2, 
494.1, 512.5, 1, 1, 1, 1, 1, 1, 1, 1, 1, 1, 1, 1, 1, 1, 1, 1, 
1, 1, 1, 1, 1, 1, 1, 1, 1, 1, 1, 1, 1, 1, 1, 1, 1, 1, 1, 1, 1, 
1, 1, 1, 1, 1, 1, 1, 3.803, 3.891, 4.458, 4.092, 4.213, 4.551, 
4.845, 5.214, 5.46, 5.928, 6.169), .Dim = c(11L, 40L), .Dimnames = list(
    NULL, c("Sampling", "PSO.cost", "PSO.gamma", "PSO.data.balancing", 
    "PSO.feature.selection", "PSO.valid.acc", "PSO.test.acc", 
    "PSO.train.time", "PSO.n.support.vectors", "PSO.index", "PSO.n.solutions", 
    "PSO.generations", "PSO.n.evaluations", "PSO.cpu.time", "RS.cost", 
    "RS.gamma", "RS.data.balancing", "RS.feature.selection", 
    "RS.valid.acc", "RS.test.acc", "RS.train.time", "RS.n.support.vectors", 
    "RS.index", "RS.n.solutions", "RS.generations", "RS.n.evaluations", 
    "RS.cpu.time", "DF.cost", "DF.gamma", "DF.data.balancing", 
    "DF.feature.selection", "DF.valid.acc", "DF.test.acc", "DF.train.time", 
    "DF.n.support.vectors", "DF.index", "DF.n.solutions", "DF.generations", 
    "DF.n.evaluations", "DF.cpu.time")))
