full <-
structure(c(50, 55, 60, 65, 70, 75, 80, 85, 90, 95, 100, 8.11647, 
4.99853, 0.30054, 9.56171, 11.16716, -0.00464, 9.41233, 3.92187, 
8.72828, 6.88439, 4.89036, -9.99147, -9.71373, -5.72352, -11.96913, 
-12.62492, -5.64652, -12.10379, -6.87701, -9.48837, -8.47532, 
-8.70958, 0, 0, 0, 0, 0, 0, 0, 0, 0, 0, 0, 0, 0, 0, 0, 0, 0, 
0, 0, 0, 0, 0, 0.75462, 0.76545, 0.7736, 0.76301, 0.74579, 0.764, 
0.75268, 0.77415, 0.77113, 0.77147, 0.787, 0.73449, 0.76364, 
0.75359, 0.73699, 0.73722, 0.74533, 0.75768, 0.76699, 0.75779, 
0.76734, 0.761, 0.0958, 0.1023, 0.1219, 0.1437, 0.1806, 0.1812, 
0.2067, 0.2289, 0.3059, 0.2987, 0.2809, 226.8, 251.4, 302.4, 
287.8, 317, 386.1, 356.4, 392.5, 394.4, 416.3, 439.3, 2423, 976, 
357, 427, 612, 717, 1134, 453, 2022, 576, 158, 1, 27, 522, 149, 
14, 136, 30, 89, 1, 43, 191, 100, 100, 100, 100, 100, 100, 100, 
100, 100, 100, 100, 2500, 2500, 2500, 2500, 2500, 2500, 2500, 
2500, 2500, 2500, 2500, 10487.775, 9866.946, 10332.51, 11303.962, 
12406.63, 12091.778, 13914.066, 13575.223, 20293.966, 19040.566, 
14652.915, 10.89153, 4.55095, 1.5373, 5.66161, 14.14966, 1.23464, 
1.13435, 0.49652, 10.60203, 8.60599, 4.67071, -11.4032, -9.35667, 
-6.28986, -10.80938, -14.05398, -6.63629, -4.48692, -3.72754, 
-10.30902, -9.40822, -8.60019, 0, 0, 0, 0, 0, 0, 0, 0, 0, 0, 
0, 0, 0, 0, 0, 0, 0, 0, 0, 0, 0, 0, 0.75458, 0.76364, 0.76693, 
0.76149, 0.74436, 0.76, 0.75645, 0.77294, 0.76892, 0.77042, 0.787, 
0.74054, 0.76364, 0.75529, 0.74772, 0.73722, 0.74533, 0.74023, 
0.75406, 0.76221, 0.7684, 0.761, 0.1189, 0.1033, 0.1237, 0.1313, 
0.2294, 0.1782, 0.2223, 0.2658, 0.3856, 0.3363, 0.2741, 225.5, 
252.1, 289.8, 298.1, 316.6, 368.5, 428.3, 502.5, 390.7, 414.2, 
439.3, 144, 206, 1950, 802, 1942, 123, 2421, 2098, 795, 1488, 
1624, 7, 2, 1, 2, 1, 3, 1, 1, 1, 1, 1, 100, 100, 100, 100, 100, 
100, 100, 100, 100, 100, 100, 2500, 2500, 2500, 2500, 2500, 2500, 
2500, 2500, 2500, 2500, 2500, 10412.481, 11027.853, 11757.616, 
12833.505, 13666.136, 14247.45, 15170.531, 16132.389, 17315.337, 
18495.942, 19266.594, 1, 1, 1, 1, 1, 1, 1, 1, 1, 1, 1, 0.04167, 
0.04167, 0.04167, 0.04167, 0.04167, 0.04167, 0.04167, 0.04167, 
0.04167, 0.04167, 0.04167, 0, 0, 0, 0, 0, 0, 0, 0, 0, 0, 0, 0, 
0, 0, 0, 0, 0, 0, 0, 0, 0, 0, 0.70857, 0.72909, 0.75857, 0.73997, 
0.72572, 0.748, 0.74141, 0.76235, 0.75557, 0.74937, 0.754, 0.71633, 
0.72727, 0.74859, 0.74935, 0.72005, 0.73867, 0.74637, 0.75052, 
0.74559, 0.74722, 0.756, 0.0978, 0.1126, 0.1309, 0.1476, 0.1726, 
0.1957, 0.2137, 0.2373, 0.2582, 0.2861, 0.3088, 282.7, 301.8, 
326, 349.3, 384.8, 408.4, 428.1, 450.9, 470.5, 495.8, 513.6, 
1, 1, 1, 1, 1, 1, 1, 1, 1, 1, 1, 1, 1, 1, 1, 1, 1, 1, 1, 1, 1, 
1, 1, 1, 1, 1, 1, 1, 1, 1, 1, 1, 1, 1, 1, 1, 1, 1, 1, 1, 1, 1, 
1, 1, 3.759, 3.872, 4.219, 4.363, 4.527, 4.867, 4.927, 5.162, 
5.375, 5.718, 6.022), .Dim = c(11L, 40L), .Dimnames = list(NULL, 
    c("Sampling", "PSO.cost", "PSO.gamma", "PSO.data.balancing", 
    "PSO.feature.selection", "PSO.valid.acc", "PSO.test.acc", 
    "PSO.train.time", "PSO.n.support.vectors", "PSO.index", "PSO.n.solutions", 
    "PSO.generations", "PSO.n.evaluations", "PSO.cpu.time", "RS.cost", 
    "RS.gamma", "RS.data.balancing", "RS.feature.selection", 
    "RS.valid.acc", "RS.test.acc", "RS.train.time", "RS.n.support.vectors", 
    "RS.index", "RS.n.solutions", "RS.generations", "RS.n.evaluations", 
    "RS.cpu.time", "DF.cost", "DF.gamma", "DF.data.balancing", 
    "DF.feature.selection", "DF.valid.acc", "DF.test.acc", "DF.train.time", 
    "DF.n.support.vectors", "DF.index", "DF.n.solutions", "DF.generations", 
    "DF.n.evaluations", "DF.cpu.time")))
