full <-
structure(c(50, 55, 60, 65, 70, 75, 80, 85, 90, 95, 100, 2.72172, 
11.10515, 0.75616, 4.94589, 9.8762, 6.03509, 15, 5.47291, 8.28094, 
15, 1.22497, -5.5895, -13.32523, -4.53988, -8.99874, -13.91361, 
-7.65125, -13.36756, -10.54108, -11.72563, -13.73555, -6.53842, 
0, 0, 0, 0, 0, 0, 0, 0, 0, 0, 0, 0, 0, 0, 0, 0, 0, 0, 0, 0, 0, 
0, 0.78, 0.78032, 0.79339, 0.7709, 0.78152, 0.792, 0.78362, 0.78121, 
0.77782, 0.7663, 0.782, 0.762, 0.75668, 0.76828, 0.75087, 0.773, 
0.78, 0.7712, 0.7717, 0.7667, 0.75894, 0.766, 0.0654, 0.0788, 
0.0922, 0.0933, 0.1062, 0.1448, 0.3584, 0.1422, 0.1621, 0.4117, 
0.1966, 247.6, 236.9, 328.1, 286.8, 301.1, 328, 348, 374.3, 383.1, 
407.4, 461, 832, 179, 415, 808, 1530, 535, 1172, 762, 738, 1541, 
646, 77, 295, 30, 106, 6, 73, 4, 135, 136, 1, 33, 100, 100, 100, 
100, 100, 100, 100, 100, 100, 100, 100, 2500, 2500, 2500, 2500, 
2500, 2500, 2500, 2500, 2500, 2500, 2500, 8288.109, 8575.091, 
8854.537, 11234.03, 11486.925, 12016.341, 16350.55, 12277.159, 
14028.538, 18968.664, 12768.577, 1.50749, 11.27501, 0.83772, 
5.23426, 10.42902, 6.91733, 4.76848, 4.32954, 6.80896, 6.86899, 
1.3129, -4.90878, -13.36927, -4.94597, -9.26582, -14.43333, -8.09908, 
-8.1563, -9.76951, -11.1785, -9.56626, -6.67257, 0, 0, 0, 0, 
0, 0, 0, 0, 0, 0, 0, 0, 0, 0, 0, 0, 0, 0, 0, 0, 0, 0, 0.776, 
0.78032, 0.79164, 0.76936, 0.78009, 0.78933, 0.78235, 0.78121, 
0.77671, 0.76627, 0.781, 0.774, 0.75668, 0.76994, 0.75398, 0.7716, 
0.776, 0.77243, 0.77291, 0.76449, 0.75472, 0.767, 0.0665, 0.0797, 
0.0881, 0.0929, 0.1053, 0.1556, 0.1361, 0.142, 0.1628, 0.1898, 
0.1969, 265.9, 236.8, 310.9, 285.5, 300.4, 325.1, 355.1, 377.7, 
387.1, 410.6, 459.2, 1426, 2080, 1511, 2092, 600, 1216, 2363, 
702, 585, 1040, 1196, 2, 1, 2, 1, 1, 1, 1, 3, 8, 1, 1, 100, 100, 
100, 100, 100, 100, 100, 100, 100, 100, 100, 2500, 2500, 2500, 
2500, 2500, 2500, 2500, 2500, 2500, 2500, 2500, 8597.17, 9211.098, 
9567.99, 12452.782, 13256.108, 11652.2, 14345.964, 14987.588, 
15489.134, 15946.149, 16852.653, 1, 1, 1, 1, 1, 1, 1, 1, 1, 1, 
1, 0.04167, 0.04167, 0.04167, 0.04167, 0.04167, 0.04167, 0.04167, 
0.04167, 0.04167, 0.04167, 0.04167, 0, 0, 0, 0, 0, 0, 0, 0, 0, 
0, 0, 0, 0, 0, 0, 0, 0, 0, 0, 0, 0, 0, 0.75, 0.76729, 0.77822, 
0.76304, 0.74733, 0.76667, 0.74752, 0.76124, 0.75564, 0.74637, 
0.766, 0.764, 0.75853, 0.76495, 0.74919, 0.7487, 0.756, 0.76002, 
0.74939, 0.75448, 0.74844, 0.753, 0.0654, 0.0791, 0.0893, 0.1055, 
0.1171, 0.1301, 0.1448, 0.1595, 0.1808, 0.1979, 0.2157, 277.3, 
302.9, 325.8, 350.8, 369.7, 394.6, 417.6, 440.8, 462, 488.6, 
513.5, 1, 1, 1, 1, 1, 1, 1, 1, 1, 1, 1, 1, 1, 1, 1, 1, 1, 1, 
1, 1, 1, 1, 1, 1, 1, 1, 1, 1, 1, 1, 1, 1, 1, 1, 1, 1, 1, 1, 1, 
1, 1, 1, 1, 1, 3.118, 3.321, 3.368, 4.468, 4.708, 3.879, 4.861, 
4.975, 4.882, 4.881, 5.063), .Dim = c(11L, 40L), .Dimnames = list(
    NULL, c("Sampling", "PSO.cost", "PSO.gamma", "PSO.data.balancing", 
    "PSO.feature.selection", "PSO.valid.acc", "PSO.test.acc", 
    "PSO.train.time", "PSO.n.support.vectors", "PSO.index", "PSO.n.solutions", 
    "PSO.generations", "PSO.n.evaluations", "PSO.cpu.time", "RS.cost", 
    "RS.gamma", "RS.data.balancing", "RS.feature.selection", 
    "RS.valid.acc", "RS.test.acc", "RS.train.time", "RS.n.support.vectors", 
    "RS.index", "RS.n.solutions", "RS.generations", "RS.n.evaluations", 
    "RS.cpu.time", "DF.cost", "DF.gamma", "DF.data.balancing", 
    "DF.feature.selection", "DF.valid.acc", "DF.test.acc", "DF.train.time", 
    "DF.n.support.vectors", "DF.index", "DF.n.solutions", "DF.generations", 
    "DF.n.evaluations", "DF.cpu.time")))
