full <-
structure(c(50, 55, 60, 65, 70, 75, 80, 85, 90, 95, 100, 7.14317, 
10.6089, 11.92825, 4.9226, 9.75516, 2.74762, 15, 9.23072, 14.78731, 
8.43306, 10.94407, -8.10024, -14.99307, -15, -9.7615, -12.881, 
-7.75982, -12.7779, -12.21663, -11.97784, -10.95952, -13.61659, 
0, 0, 0, 0, 0, 0, 0, 0, 0, 0, 0, 0, 0, 0, 0, 0, 0, 0, 0, 0, 0, 
0, 0.804, 0.79474, 0.77833, 0.78624, 0.77857, 0.77615, 0.7826, 
0.77762, 0.77577, 0.77463, 0.775, 0.768, 0.78773, 0.76833, 0.78303, 
0.76571, 0.77876, 0.7751, 0.76464, 0.75344, 0.76731, 0.769, 0.0716, 
0.0651, 0.0824, 0.0869, 0.1027, 0.1133, 0.5166, 0.1483, 0.9902, 
0.1952, 0.2113, 199.8, 226.8, 247.9, 280.9, 291.8, 334.2, 343.3, 
357.1, 371.3, 412.9, 428.6, 583, 127, 424, 369, 1555, 645, 1802, 
548, 2447, 352, 397, 24, 24, 393, 66, 9, 77, 1, 40, 1, 116, 28, 
100, 100, 100, 100, 100, 100, 100, 100, 100, 100, 100, 2500, 
2500, 2500, 2500, 2500, 2500, 2500, 2500, 2500, 2500, 2500, 8969.622, 
8380.523, 12077.63, 9304.802, 10295.395, 12218.784, 16485.225, 
13328.417, 24027.55, 16095.79, 15807.269, 7.58047, 9.04469, 11.64639, 
4.97079, 0.96802, 13.14209, 12.9916, 7.61672, 11.82713, 7.02757, 
14.45212, -8.34656, -13.09471, -14.82521, -10.17053, -4.24907, 
-13.08148, -11.74484, -11.76396, -10.51008, -10.28016, -13.92716, 
0, 0, 0, 0, 0, 0, 0, 0, 0, 0, 0, 0, 0, 0, 0, 0, 0, 0, 0, 0, 0, 
0, 0.802, 0.79289, 0.77667, 0.78165, 0.78143, 0.77347, 0.78135, 
0.77643, 0.77242, 0.77463, 0.774, 0.768, 0.78952, 0.76833, 0.78617, 
0.76714, 0.7761, 0.77507, 0.76468, 0.75454, 0.77047, 0.772, 0.0742, 
0.0647, 0.0803, 0.0872, 0.1182, 0.1817, 0.3371, 0.1417, 0.4664, 
0.1849, 0.355, 198.7, 224.7, 248.1, 283.6, 378, 316, 343.5, 359.6, 
372.8, 414.3, 428.6, 1093, 1446, 164, 767, 2257, 1334, 2046, 
1596, 478, 2446, 1575, 1, 3, 5, 4, 1, 2, 1, 1, 1, 1, 1, 100, 
100, 100, 100, 100, 100, 100, 100, 100, 100, 100, 2500, 2500, 
2500, 2500, 2500, 2500, 2500, 2500, 2500, 2500, 2500, 8834.112, 
9414.62, 12452.183, 10518.281, 11003.865, 11863.555, 15470.053, 
16028.882, 17960.59, 19063.835, 20141.62, 1, 1, 1, 1, 1, 1, 1, 
1, 1, 1, 1, 0.04167, 0.04167, 0.04167, 0.04167, 0.04167, 0.04167, 
0.04167, 0.04167, 0.04167, 0.04167, 0.04167, 0, 0, 0, 0, 0, 0, 
0, 0, 0, 0, 0, 0, 0, 0, 0, 0, 0, 0, 0, 0, 0, 0, 0.748, 0.75638, 
0.75, 0.76016, 0.75857, 0.75341, 0.76007, 0.74579, 0.74343, 0.75038, 
0.743, 0.76, 0.76015, 0.74667, 0.7492, 0.76286, 0.75213, 0.76254, 
0.7458, 0.7501, 0.74412, 0.744, 0.0623, 0.0731, 0.087, 0.0974, 
0.1113, 0.1255, 0.1441, 0.1591, 0.1788, 0.2001, 0.216, 261.3, 
283.6, 314.5, 335.6, 362.8, 389.2, 415.8, 436.9, 462.5, 494.8, 
511.4, 1, 1, 1, 1, 1, 1, 1, 1, 1, 1, 1, 1, 1, 1, 1, 1, 1, 1, 
1, 1, 1, 1, 1, 1, 1, 1, 1, 1, 1, 1, 1, 1, 1, 1, 1, 1, 1, 1, 1, 
1, 1, 1, 1, 1, 3.285, 3.388, 4.615, 3.686, 3.806, 3.828, 5.251, 
5.35, 5.769, 6.095, 6.381), .Dim = c(11L, 40L), .Dimnames = list(
    NULL, c("Sampling", "PSO.cost", "PSO.gamma", "PSO.data.balancing", 
    "PSO.feature.selection", "PSO.valid.acc", "PSO.test.acc", 
    "PSO.train.time", "PSO.n.support.vectors", "PSO.index", "PSO.n.solutions", 
    "PSO.generations", "PSO.n.evaluations", "PSO.cpu.time", "RS.cost", 
    "RS.gamma", "RS.data.balancing", "RS.feature.selection", 
    "RS.valid.acc", "RS.test.acc", "RS.train.time", "RS.n.support.vectors", 
    "RS.index", "RS.n.solutions", "RS.generations", "RS.n.evaluations", 
    "RS.cpu.time", "DF.cost", "DF.gamma", "DF.data.balancing", 
    "DF.feature.selection", "DF.valid.acc", "DF.test.acc", "DF.train.time", 
    "DF.n.support.vectors", "DF.index", "DF.n.solutions", "DF.generations", 
    "DF.n.evaluations", "DF.cpu.time")))
