full <-
structure(c(50, 55, 60, 65, 70, 75, 80, 85, 90, 95, 100, 8.81713, 
1.21441, 5.03247, 1.56124, 6.86743, 7.17789, 6.28647, 3.47662, 
7.29529, 7.71054, 3.27543, -13.91139, -4.64678, -9.00748, -5.55705, 
-8.31393, -9.4417, -8.50801, -8.90365, -13.7297, -8.5489, -6.41976, 
0, 0, 0, 0, 0, 0, 0, 0, 0, 0, 0, 0, 0, 0, 0, 0, 0, 0, 0, 0, 0, 
0, 0.74822, 0.76402, 0.76652, 0.76731, 0.78714, 0.76535, 0.76879, 
0.7811, 0.77345, 0.78642, 0.788, 0.74218, 0.75469, 0.75827, 0.74755, 
0.77857, 0.75449, 0.76137, 0.76466, 0.76344, 0.7696, 0.784, 0.0874, 
0.1197, 0.1216, 0.1424, 0.1805, 0.1873, 0.2121, 0.2183, 0.2398, 
0.3556, 0.3064, 226.6, 302.9, 272.7, 319.3, 310.8, 336.9, 357.1, 
380.4, 414.4, 406.2, 450.4, 318, 286, 162, 1097, 2148, 151, 2380, 
400, 929, 1908, 318, 91, 100, 131, 11, 7, 19, 2, 77, 34, 6, 53, 
100, 100, 100, 100, 100, 100, 100, 100, 100, 100, 100, 2500, 
2500, 2500, 2500, 2500, 2500, 2500, 2500, 2500, 2500, 2500, 9359.244, 
11152.662, 11488.517, 11609.163, 15290.273, 16241.731, 17595.662, 
15029.226, 17257.802, 24239.309, 18263.6800000001, 5.75853, 13.21575, 
5.37785, 1.4253, 11.81102, 11.59021, 6.71524, 3.28534, 8.63906, 
5.6029, 2.95146, -11.00545, -11.7009, -9.12257, -5.43824, -10.8142, 
-11.68031, -8.72305, -8.84867, -10.12912, -7.46213, -6.22379, 
0, 0, 0, 0, 0, 0, 0, 0, 0, 0, 0, 0, 0, 0, 0, 0, 0, 0, 0, 0, 0, 
0, 0.74822, 0.76054, 0.76652, 0.76275, 0.78286, 0.7653, 0.76879, 
0.77871, 0.77235, 0.78532, 0.786, 0.74814, 0.74044, 0.76161, 
0.74755, 0.77286, 0.75584, 0.76137, 0.76818, 0.7701, 0.77171, 
0.783, 0.0875, 0.2485, 0.1231, 0.1478, 0.3162, 0.2577, 0.2154, 
0.2179, 0.283, 0.2951, 0.3011, 228.2, 245.4, 271.6, 322.5, 306.4, 
335, 356.6, 382.5, 396, 413.5, 454.6, 751, 77, 314, 547, 174, 
1837, 1362, 2183, 681, 842, 1757, 1, 1, 1, 2, 4, 1, 1, 1, 1, 
1, 3, 100, 100, 100, 100, 100, 100, 100, 100, 100, 100, 100, 
2500, 2500, 2500, 2500, 2500, 2500, 2500, 2500, 2500, 2500, 2500, 
10573.476, 11265.135, 11935.708, 14585.088, 16097.413, 16834.829, 
17717.426, 18288.71, 19516.998, 21006.945, 22071.821, 1, 1, 1, 
1, 1, 1, 1, 1, 1, 1, 1, 0.04167, 0.04167, 0.04167, 0.04167, 0.04167, 
0.04167, 0.04167, 0.04167, 0.04167, 0.04167, 0.04167, 0, 0, 0, 
0, 0, 0, 0, 0, 0, 0, 0, 0, 0, 0, 0, 0, 0, 0, 0, 0, 0, 0, 0.7361, 
0.74947, 0.74994, 0.75053, 0.76143, 0.75467, 0.74262, 0.75989, 
0.74787, 0.76217, 0.759, 0.73206, 0.75125, 0.75319, 0.7445, 0.76571, 
0.74526, 0.74632, 0.76111, 0.7501, 0.758, 0.758, 0.0987, 0.115, 
0.135, 0.1536, 0.1746, 0.1931, 0.2188, 0.2372, 0.2675, 0.293, 
0.3086, 278.5, 304.6, 329.4, 351.2, 373.3, 398.7, 421.7, 440.9, 
474.4, 491.8, 514.8, 1, 1, 1, 1, 1, 1, 1, 1, 1, 1, 1, 1, 1, 1, 
1, 1, 1, 1, 1, 1, 1, 1, 1, 1, 1, 1, 1, 1, 1, 1, 1, 1, 1, 1, 1, 
1, 1, 1, 1, 1, 1, 1, 1, 1, 3.779, 4, 4.162, 5.361, 5.551, 5.653, 
5.914, 6.08, 6.504, 6.749, 6.768), .Dim = c(11L, 40L), .Dimnames = list(
    NULL, c("Sampling", "PSO.cost", "PSO.gamma", "PSO.data.balancing", 
    "PSO.feature.selection", "PSO.valid.acc", "PSO.test.acc", 
    "PSO.train.time", "PSO.n.support.vectors", "PSO.index", "PSO.n.solutions", 
    "PSO.generations", "PSO.n.evaluations", "PSO.cpu.time", "RS.cost", 
    "RS.gamma", "RS.data.balancing", "RS.feature.selection", 
    "RS.valid.acc", "RS.test.acc", "RS.train.time", "RS.n.support.vectors", 
    "RS.index", "RS.n.solutions", "RS.generations", "RS.n.evaluations", 
    "RS.cpu.time", "DF.cost", "DF.gamma", "DF.data.balancing", 
    "DF.feature.selection", "DF.valid.acc", "DF.test.acc", "DF.train.time", 
    "DF.n.support.vectors", "DF.index", "DF.n.solutions", "DF.generations", 
    "DF.n.evaluations", "DF.cpu.time")))
