full <-
structure(c(50, 55, 60, 65, 70, 75, 80, 85, 90, 95, 100, 9.63788, 
4.0681, 7.43579, 7.91466, 15, 13.03573, 12.33128, 10.26645, 13.58869, 
3.23404, 2.83955, -13.88292, -9.29053, -9.41796, -10.14644, -14.96889, 
-12.21611, -15, -11.18119, -13.81947, -6.63182, -6.05443, 0, 
0, 0, 0, 0, 0, 0, 0, 0, 0, 0, 0, 0, 0, 0, 0, 0, 0, 0, 0, 0, 0, 
0.7761, 0.77448, 0.76855, 0.77094, 0.76143, 0.76668, 0.76492, 
0.7648, 0.76569, 0.77159, 0.775, 0.75598, 0.7637, 0.75521, 0.76019, 
0.75714, 0.75862, 0.75131, 0.7518, 0.75118, 0.7695, 0.767, 0.0854, 
0.0964, 0.124, 0.1361, 0.2157, 0.3015, 0.1924, 0.2631, 0.3201, 
0.2609, 0.2752, 216.3, 247.2, 266.6, 283.1, 298.4, 334.9, 347.4, 
378.7, 386.8, 433.1, 455.7, 263, 961, 691, 660, 1187, 1656, 242, 
967, 426, 2276, 520, 167, 25, 20, 65, 1, 5, 470, 17, 10, 1, 190, 
100, 100, 100, 100, 100, 100, 100, 100, 100, 100, 100, 2500, 
2500, 2500, 2500, 2500, 2500, 2500, 2500, 2500, 2500, 2500, 9501.016, 
10051.545, 11779.928, 12481.652, 13692.878, 16521.106, 13061.43, 
16365.945, 15683.462, 15896.585, 15121.083, 9.15315, 11.46616, 
1.89363, 12.17578, 13.78334, 3.1257, 3.52596, 13.55073, 12.32703, 
3.66198, 2.7947, -13.33938, -14.82696, -6.50855, -12.29219, -14.27621, 
-7.19461, -7.34801, -12.78618, -13.20239, -6.8212, -6.04396, 
0, 0, 0, 0, 0, 0, 0, 0, 0, 0, 0, 0, 0, 0, 0, 0, 0, 0, 0, 0, 0, 
0, 0.7761, 0.77438, 0.76852, 0.77094, 0.75714, 0.76931, 0.76742, 
0.76362, 0.76347, 0.77053, 0.773, 0.75398, 0.76731, 0.74177, 
0.76017, 0.75286, 0.75062, 0.75622, 0.7518, 0.75118, 0.7737, 
0.767, 0.0822, 0.0981, 0.1181, 0.1874, 0.2055, 0.1633, 0.1812, 
0.3836, 0.281, 0.2607, 0.2766, 215.5, 232.2, 285.1, 280, 298.6, 
351.5, 367.7, 378.1, 387.9, 429.4, 456.1, 1124, 1452, 128, 965, 
103, 231, 825, 1581, 1924, 1079, 138, 4, 1, 1, 2, 12, 1, 1, 2, 
1, 1, 1, 100, 100, 100, 100, 100, 100, 100, 100, 100, 100, 100, 
2500, 2500, 2500, 2500, 2500, 2500, 2500, 2500, 2500, 2500, 2500, 
10318.257, 11027.6, 11505.64, 12998.243, 14048.58, 14480.299, 
15520.341, 17156.516, 17552.582, 18857.006, 19601.271, 1, 1, 
1, 1, 1, 1, 1, 1, 1, 1, 1, 0.04167, 0.04167, 0.04167, 0.04167, 
0.04167, 0.04167, 0.04167, 0.04167, 0.04167, 0.04167, 0.04167, 
0, 0, 0, 0, 0, 0, 0, 0, 0, 0, 0, 0, 0, 0, 0, 0, 0, 0, 0, 0, 0, 
0, 0.73382, 0.7436, 0.73849, 0.75389, 0.74571, 0.74525, 0.74361, 
0.75419, 0.74571, 0.75903, 0.755, 0.73378, 0.74198, 0.72849, 
0.75091, 0.74, 0.75203, 0.74736, 0.75068, 0.75111, 0.7717, 0.763, 
0.0922, 0.1115, 0.1216, 0.1474, 0.1611, 0.1805, 0.2013, 0.2244, 
0.239, 0.2741, 0.2773, 277.9, 304.5, 324.2, 347, 372.9, 404.7, 
429.7, 450.5, 471.5, 495.8, 513.1, 1, 1, 1, 1, 1, 1, 1, 1, 1, 
1, 1, 1, 1, 1, 1, 1, 1, 1, 1, 1, 1, 1, 1, 1, 1, 1, 1, 1, 1, 1, 
1, 1, 1, 1, 1, 1, 1, 1, 1, 1, 1, 1, 1, 1, 3.764, 4.003, 3.921, 
4.591, 4.882, 4.881, 5.576, 5.38, 5.361, 6.186, 5.922), .Dim = c(11L, 
40L), .Dimnames = list(NULL, c("Sampling", "PSO.cost", "PSO.gamma", 
"PSO.data.balancing", "PSO.feature.selection", "PSO.valid.acc", 
"PSO.test.acc", "PSO.train.time", "PSO.n.support.vectors", "PSO.index", 
"PSO.n.solutions", "PSO.generations", "PSO.n.evaluations", "PSO.cpu.time", 
"RS.cost", "RS.gamma", "RS.data.balancing", "RS.feature.selection", 
"RS.valid.acc", "RS.test.acc", "RS.train.time", "RS.n.support.vectors", 
"RS.index", "RS.n.solutions", "RS.generations", "RS.n.evaluations", 
"RS.cpu.time", "DF.cost", "DF.gamma", "DF.data.balancing", "DF.feature.selection", 
"DF.valid.acc", "DF.test.acc", "DF.train.time", "DF.n.support.vectors", 
"DF.index", "DF.n.solutions", "DF.generations", "DF.n.evaluations", 
"DF.cpu.time")))
