full <-
structure(c(50, 55, 60, 65, 70, 75, 80, 85, 90, 95, 100, 2.41298, 
3.57723, 0.21245, 4.55309, 2.03316, 1.42253, 1.67527, 1.89693, 
2.66619, 0.58577, 2.91053, -7.96223, -7.29737, -5.38482, -9.58502, 
-5.19685, -7.63391, -7.80706, -5.35042, -8.62598, -5.22668, -6.53023, 
0, 0, 0, 0, 0, 0, 0, 0, 0, 0, 0, 0, 0, 0, 0, 0, 0, 0, 0, 0, 0, 
0, 0.74618, 0.76547, 0.75333, 0.75065, 0.75568, 0.7494, 0.75145, 
0.76464, 0.78004, 0.77894, 0.777, 0.74006, 0.75998, 0.735, 0.73664, 
0.74717, 0.74805, 0.73909, 0.77051, 0.76225, 0.77058, 0.762, 
0.0936, 0.1104, 0.129, 0.1373, 0.1689, 0.1793, 0.1947, 0.2353, 
0.2381, 0.2735, 0.2945, 244.3, 263.2, 314.8, 308.5, 358.4, 367.7, 
385.2, 419.1, 414.7, 461.9, 451.3, 567, 608, 990, 1536, 1141, 
628, 1808, 618, 1185, 2253, 865, 81, 89, 50, 3, 194, 33, 1, 267, 
45, 1, 21, 100, 100, 100, 100, 100, 100, 100, 100, 100, 100, 
100, 2500, 2500, 2500, 2500, 2500, 2500, 2500, 2500, 2500, 2500, 
2500, 9961.768, 11306.05, 11709.584, 12081.577, 11560.011, 14033.617, 
18205.905, 14878.685, 13860.139, 15047.676, 19927.345, 13.34396, 
1.86012, 0.17754, 4.4206, 1.85791, 1.41483, 1.1567, 2.30545, 
2.67159, 0.73689, 3.50453, -12.8306, -6.37737, -5.42492, -9.58378, 
-5.01037, -7.59915, -7.30718, -5.45149, -8.52674, -5.73233, -6.85921, 
0, 0, 0, 0, 0, 0, 0, 0, 0, 0, 0, 0, 0, 0, 0, 0, 0, 0, 0, 0, 0, 
0, 0.74618, 0.7618, 0.75167, 0.75063, 0.75287, 0.74807, 0.74899, 
0.76347, 0.77783, 0.77897, 0.777, 0.7281, 0.75995, 0.73333, 0.73664, 
0.75003, 0.74805, 0.74157, 0.76579, 0.76336, 0.77268, 0.762, 
0.1444, 0.1086, 0.127, 0.1379, 0.1731, 0.1785, 0.2047, 0.2324, 
0.2301, 0.2617, 0.287, 225.8, 271.9, 313.9, 309.5, 363.2, 367.6, 
388.8, 415.8, 413.5, 449.9, 445.2, 1852, 1115, 1479, 586, 1961, 
91, 267, 865, 2060, 1177, 449, 1, 2, 1, 1, 1, 4, 1, 1, 1, 1, 
2, 100, 100, 100, 100, 100, 100, 100, 100, 100, 100, 100, 2500, 
2500, 2500, 2500, 2500, 2500, 2500, 2500, 2500, 2500, 2500, 11130.239, 
11612.465, 12454.269, 12900.584, 13531.714, 14562.817, 15336.765, 
16597.486, 17735.857, 18449.458, 19985.067, 1, 1, 1, 1, 1, 1, 
1, 1, 1, 1, 1, 0.04167, 0.04167, 0.04167, 0.04167, 0.04167, 0.04167, 
0.04167, 0.04167, 0.04167, 0.04167, 0.04167, 0, 0, 0, 0, 0, 0, 
0, 0, 0, 0, 0, 0, 0, 0, 0, 0, 0, 0, 0, 0, 0, 0, 0.73406, 0.74904, 
0.73667, 0.73074, 0.72711, 0.73602, 0.73518, 0.73763, 0.75436, 
0.7642, 0.747, 0.72398, 0.73816, 0.73333, 0.7213, 0.73001, 0.72544, 
0.72766, 0.75048, 0.75446, 0.76841, 0.76, 0.0983, 0.1132, 0.1319, 
0.1566, 0.1733, 0.1967, 0.219, 0.2405, 0.2583, 0.2852, 0.3087, 
278.8, 305, 331.8, 359.9, 383.7, 408.9, 432.3, 456.2, 469.8, 
488.1, 509.9, 1, 1, 1, 1, 1, 1, 1, 1, 1, 1, 1, 1, 1, 1, 1, 1, 
1, 1, 1, 1, 1, 1, 1, 1, 1, 1, 1, 1, 1, 1, 1, 1, 1, 1, 1, 1, 1, 
1, 1, 1, 1, 1, 1, 1, 4.216, 4.186, 4.212, 4.564, 4.563, 4.923, 
5.05, 5.289, 5.309, 5.866, 6.161), .Dim = c(11L, 40L), .Dimnames = list(
    NULL, c("Sampling", "PSO.cost", "PSO.gamma", "PSO.data.balancing", 
    "PSO.feature.selection", "PSO.valid.acc", "PSO.test.acc", 
    "PSO.train.time", "PSO.n.support.vectors", "PSO.index", "PSO.n.solutions", 
    "PSO.generations", "PSO.n.evaluations", "PSO.cpu.time", "RS.cost", 
    "RS.gamma", "RS.data.balancing", "RS.feature.selection", 
    "RS.valid.acc", "RS.test.acc", "RS.train.time", "RS.n.support.vectors", 
    "RS.index", "RS.n.solutions", "RS.generations", "RS.n.evaluations", 
    "RS.cpu.time", "DF.cost", "DF.gamma", "DF.data.balancing", 
    "DF.feature.selection", "DF.valid.acc", "DF.test.acc", "DF.train.time", 
    "DF.n.support.vectors", "DF.index", "DF.n.solutions", "DF.generations", 
    "DF.n.evaluations", "DF.cpu.time")))
