full <-
structure(c(50, 55, 60, 65, 70, 75, 80, 85, 90, 95, 100, 6.83876, 
12.71239, 0.92328, 2.11519, 2.39793, 6.50662, 4.85356, 4.04385, 
0.56248, 4.34298, 3.83307, -6.72372, -10.20562, -3.19806, -4.16445, 
-4.50602, -10.8464, -7.4769, -5.36178, -3.35457, -5.1026, -5.41045, 
0, 0, 0, 0, 0, 0, 0, 0, 0, 0, 0, 0, 0, 0, 0, 0, 0, 0, 0, 0, 0, 
0, 0.64833, 0.67048, 0.58786, 0.57143, 0.61274, 0.62579, 0.63849, 
0.62004, 0.59889, 0.59, 0.57303, 0.545, 0.53976, 0.5369, 0.54048, 
0.53968, 0.61647, 0.53631, 0.59087, 0.56556, 0.56556, 0.5203, 
0.0143, 0.0143, 0.0131, 0.0151, 0.0149, 0.0134, 0.0142, 0.015, 
0.0139, 0.0163, 0.0156, 34.5, 34.1, 49.1, 51.5, 53.7, 56.1, 55.3, 
60.9, 71.2, 65.6, 71.3, 71, 127, 911, 2489, 308, 404, 281, 842, 
604, 2125, 506, 572, 71, 126, 1, 421, 62, 312, 89, 361, 4, 171, 
100, 100, 100, 100, 100, 100, 100, 100, 100, 100, 100, 2500, 
2500, 2500, 2500, 2500, 2500, 2500, 2500, 2500, 2500, 2500, 8545.052, 
8633.048, 8531.79599999999, 8449.806, 8523.42, 8682.52, 8580.576, 
8474.666, 8686.12400000001, 8461.05000000002, 8612.01000000001, 
7.35741, 14.77562, 1.43916, 2.08656, 2.66608, 1.50153, 4.80738, 
5.02772, 0.86694, 5.66865, 4.83565, -6.94301, -10.64311, -3.45156, 
-4.18069, -4.61725, -5.24924, -7.38912, -5.36391, -2.80151, -6.02853, 
-5.71851, 0, 0, 0, 0, 0, 0, 0, 0, 0, 0, 0, 0, 0, 0, 0, 0, 0, 
0, 0, 0, 0, 0, 0.64833, 0.6619, 0.58786, 0.55476, 0.61274, 0.62897, 
0.63849, 0.61071, 0.57778, 0.58889, 0.56576, 0.56167, 0.52905, 
0.55179, 0.57143, 0.53968, 0.58929, 0.54742, 0.59405, 0.53222, 
0.55444, 0.52323, 0.0122, 0.0193, 0.0147, 0.0135, 0.0123, 0.0126, 
0.0135, 0.0162, 0.0173, 0.0152, 0.0167, 33.9, 33.5, 48.7, 51.6, 
53.1, 57.2, 55.4, 60.7, 71.9, 63.4, 70.1, 904, 496, 270, 312, 
128, 1351, 1477, 1892, 1986, 1636, 571, 6, 4, 3, 1, 1, 2, 1, 
1, 1, 1, 1, 100, 100, 100, 100, 100, 100, 100, 100, 100, 100, 
100, 2500, 2500, 2500, 2500, 2500, 2500, 2500, 2500, 2500, 2500, 
2500, 8723.961, 8643.985, 8442.319, 8678.376, 8535.057, 8608.31200000001, 
8467.148, 8469.10000000002, 8632.27100000001, 8561.88399999999, 
8395.576, 1, 1, 1, 1, 1, 1, 1, 1, 1, 1, 1, 0.11111, 0.11111, 
0.11111, 0.11111, 0.11111, 0.11111, 0.11111, 0.11111, 0.11111, 
0.11111, 0.11111, 0, 0, 0, 0, 0, 0, 0, 0, 0, 0, 0, 0, 0, 0, 0, 
0, 0, 0, 0, 0, 0, 0, 0.47, 0.48595, 0.53929, 0.4881, 0.53302, 
0.5375, 0.52837, 0.57004, 0.53444, 0.54889, 0.48939, 0.475, 0.49452, 
0.45238, 0.49286, 0.50563, 0.55, 0.5131, 0.56754, 0.53222, 0.50556, 
0.49828, 0.0149, 0.0135, 0.0172, 0.0152, 0.0166, 0.0167, 0.0129, 
0.014, 0.0165, 0.0189, 0.0135, 41.1, 45.4, 49.5, 53.5, 57.3, 
60.5, 63.2, 68.4, 72.4, 76.2, 80.6, 1, 1, 1, 1, 1, 1, 1, 1, 1, 
1, 1, 1, 1, 1, 1, 1, 1, 1, 1, 1, 1, 1, 1, 1, 1, 1, 1, 1, 1, 1, 
1, 1, 1, 1, 1, 1, 1, 1, 1, 1, 1, 1, 1, 1, 3.632, 3.91, 3.919, 
3.978, 3.393, 3.75, 3.275, 3.268, 3.654, 3.668, 2.99), .Dim = c(11L, 
40L), .Dimnames = list(NULL, c("Sampling", "PSO.cost", "PSO.gamma", 
"PSO.data.balancing", "PSO.feature.selection", "PSO.valid.acc", 
"PSO.test.acc", "PSO.train.time", "PSO.n.support.vectors", "PSO.index", 
"PSO.n.solutions", "PSO.generations", "PSO.n.evaluations", "PSO.cpu.time", 
"RS.cost", "RS.gamma", "RS.data.balancing", "RS.feature.selection", 
"RS.valid.acc", "RS.test.acc", "RS.train.time", "RS.n.support.vectors", 
"RS.index", "RS.n.solutions", "RS.generations", "RS.n.evaluations", 
"RS.cpu.time", "DF.cost", "DF.gamma", "DF.data.balancing", "DF.feature.selection", 
"DF.valid.acc", "DF.test.acc", "DF.train.time", "DF.n.support.vectors", 
"DF.index", "DF.n.solutions", "DF.generations", "DF.n.evaluations", 
"DF.cpu.time")))
