full <-
structure(c(50, 55, 60, 65, 70, 75, 80, 85, 90, 95, 100, 10.7292, 
15, 12.00882, 7.77243, 11.14644, 5.08513, 2.20327, 3.80408, 9.01771, 
1.72867, 1.7349, -14.19675, -14.50019, -13.6561, -11.78419, -14.03299, 
-8.78315, -5.13905, -7.45804, -13.02728, -2.36725, -3.24673, 
0, 0, 0, 0, 0, 0, 0, 0, 0, 0, 0, 0, 0, 0, 0, 0, 0, 0, 0, 0, 0, 
0, 0.61452, 0.70167, 0.53429, 0.51333, 0.58512, 0.59683, 0.6123, 
0.61361, 0.60278, 0.63621, 0.56283, 0.57786, 0.56024, 0.51619, 
0.46714, 0.58393, 0.56071, 0.54552, 0.57639, 0.53611, 0.58371, 
0.56338, 0.0117, 0.0128, 0.0132, 0.0124, 0.0149, 0.0125, 0.0147, 
0.0137, 0.0144, 0.015, 0.0177, 36.9, 35.9, 40.7, 47.9, 48.6, 
55.1, 59.2, 61.7, 66.5, 75.4, 78.6, 397, 221, 137, 103, 198, 
674, 632, 614, 2234, 903, 564, 75, 160, 50, 62, 97, 39, 135, 
26, 2, 160, 323, 100, 100, 100, 100, 100, 100, 100, 100, 100, 
100, 100, 2500, 2500, 2500, 2500, 2500, 2500, 2500, 2500, 2500, 
2500, 2500, 8626.555, 8471.662, 8595.137, 8632.427, 8405.303, 
8563.469, 8597.74000000001, 8484.09699999999, 8676.82699999999, 
8664.212, 8752.42899999997, 10.41742, 14.20244, 11.19945, 9.30204, 
2.39343, 7.44068, 2.59525, 0.92549, 9.82658, 1.71141, 1.72983, 
-14.05965, -13.6626, -12.85563, -13.32799, -6.06818, -11.4794, 
-5.46571, -4.67241, -13.84414, -2.41247, -3.24202, 0, 0, 0, 0, 
0, 0, 0, 0, 0, 0, 0, 0, 0, 0, 0, 0, 0, 0, 0, 0, 0, 0, 0.59452, 
0.70167, 0.53429, 0.51333, 0.60179, 0.59544, 0.6123, 0.61361, 
0.60278, 0.61371, 0.56283, 0.57786, 0.56024, 0.51619, 0.45286, 
0.57143, 0.58254, 0.54552, 0.565, 0.53611, 0.58371, 0.56338, 
0.0135, 0.013, 0.0135, 0.0149, 0.0161, 0.0133, 0.0138, 0.0147, 
0.0141, 0.0165, 0.0157, 37.2, 35.8, 40.7, 47.9, 51.4, 55.7, 58.5, 
65.4, 66.5, 75.3, 78.6, 4, 1827, 694, 498, 1234, 2482, 2072, 
1331, 1536, 30, 278, 29, 2, 3, 1, 2, 1, 1, 2, 1, 1, 2, 100, 100, 
100, 100, 100, 100, 100, 100, 100, 100, 100, 2500, 2500, 2500, 
2500, 2500, 2500, 2500, 2500, 2500, 2500, 2500, 8365.491, 8430.192, 
8723.223, 8482.58100000001, 8517.117, 8570.033, 8431.60500000001, 
8706.217, 8484.905, 8739.318, 8623.12299999999, 1, 1, 1, 1, 1, 
1, 1, 1, 1, 1, 1, 0.11111, 0.11111, 0.11111, 0.11111, 0.11111, 
0.11111, 0.11111, 0.11111, 0.11111, 0.11111, 0.11111, 0, 0, 0, 
0, 0, 0, 0, 0, 0, 0, 0, 0, 0, 0, 0, 0, 0, 0, 0, 0, 0, 0, 0.45286, 
0.52262, 0.40762, 0.40476, 0.49048, 0.50536, 0.52869, 0.55111, 
0.56667, 0.58553, 0.50702, 0.44952, 0.47405, 0.44952, 0.43905, 
0.4994, 0.50714, 0.54298, 0.55111, 0.55806, 0.59803, 0.55429, 
0.0121, 0.0126, 0.0125, 0.015, 0.0129, 0.0135, 0.0128, 0.015, 
0.0143, 0.0145, 0.0135, 40.6, 44.2, 47.9, 51.6, 54.6, 59.3, 63.1, 
67.6, 71.4, 74.4, 80.9, 1, 1, 1, 1, 1, 1, 1, 1, 1, 1, 1, 1, 1, 
1, 1, 1, 1, 1, 1, 1, 1, 1, 1, 1, 1, 1, 1, 1, 1, 1, 1, 1, 1, 1, 
1, 1, 1, 1, 1, 1, 1, 1, 1, 1, 3.305, 3.143, 3.472, 3.28, 3.522, 
3.261, 3.268, 3.464, 3.239, 3.354, 3.041), .Dim = c(11L, 40L), .Dimnames = list(
    NULL, c("Sampling", "PSO.cost", "PSO.gamma", "PSO.data.balancing", 
    "PSO.feature.selection", "PSO.valid.acc", "PSO.test.acc", 
    "PSO.train.time", "PSO.n.support.vectors", "PSO.index", "PSO.n.solutions", 
    "PSO.generations", "PSO.n.evaluations", "PSO.cpu.time", "RS.cost", 
    "RS.gamma", "RS.data.balancing", "RS.feature.selection", 
    "RS.valid.acc", "RS.test.acc", "RS.train.time", "RS.n.support.vectors", 
    "RS.index", "RS.n.solutions", "RS.generations", "RS.n.evaluations", 
    "RS.cpu.time", "DF.cost", "DF.gamma", "DF.data.balancing", 
    "DF.feature.selection", "DF.valid.acc", "DF.test.acc", "DF.train.time", 
    "DF.n.support.vectors", "DF.index", "DF.n.solutions", "DF.generations", 
    "DF.n.evaluations", "DF.cpu.time")))
