full <-
structure(c(50, 55, 60, 65, 70, 75, 80, 85, 90, 95, 100, 2.62369, 
5.91543, 4.41565, 13.51885, 3.57006, 4.03822, 4.71942, 4.20152, 
10.00009, 9.70881, 1.50646, -6.65885, -9.48348, -6.89717, -15, 
-6.64155, -8.5409, -10.03413, -6.75555, -15, -9.83539, -2.2308, 
0, 0, 0, 0, 0, 0, 0, 0, 0, 0, 0, 0, 0, 0, 0, 0, 0, 0, 0, 0, 0, 
0, 0.59667, 0.57952, 0.59571, 0.60952, 0.57202, 0.60516, 0.56468, 
0.61, 0.61833, 0.5898, 0.63535, 0.54333, 0.49131, 0.52476, 0.55, 
0.55238, 0.55159, 0.5254, 0.53306, 0.58583, 0.54341, 0.59101, 
0.0161, 0.0119, 0.012, 0.0124, 0.0132, 0.0129, 0.0148, 0.0147, 
0.0138, 0.0172, 0.0156, 40.5, 42.6, 43.4, 44.2, 51.1, 55.2, 60.3, 
59.1, 67.3, 61.9, 81.4, 575, 100, 652, 108, 478, 2296, 1751, 
677, 355, 37, 1343, 52, 57, 286, 150, 51, 1, 14, 107, 23, 292, 
45, 100, 100, 100, 100, 100, 100, 100, 100, 100, 100, 100, 2500, 
2500, 2500, 2500, 2500, 2500, 2500, 2500, 2500, 2500, 2500, 8744.086, 
8609.123, 8597.83199999999, 8644.52699999999, 8690.405, 8634.67599999999, 
8674.196, 8587.261, 8729.736, 8443.65100000001, 8401.902, 9.41452, 
8.91026, 0.75596, 11.49951, 7.02219, 4.0618, 5.83963, 0.25151, 
8.86147, 10.69666, 11.70101, -13.64826, -12.4663, -4.13998, -13.05959, 
-10.17446, -8.56019, -11.2509, -4.84459, -13.8302, -10.45531, 
-2.27476, 0, 0, 0, 0, 0, 0, 0, 0, 0, 0, 0, 0, 0, 0, 0, 0, 0, 
0, 0, 0, 0, 0, 0.58, 0.57952, 0.59238, 0.60952, 0.57024, 0.60516, 
0.56329, 0.60722, 0.61833, 0.5898, 0.61717, 0.54333, 0.49131, 
0.58667, 0.55, 0.56667, 0.55159, 0.52401, 0.5775, 0.58583, 0.55341, 
0.59919, 0.0118, 0.0122, 0.0137, 0.0139, 0.0142, 0.0133, 0.0136, 
0.0141, 0.0145, 0.0174, 0.0156, 40.2, 42.5, 48.6, 44.5, 50.5, 
55.2, 60.1, 64, 67.3, 60.9, 80.5, 1061, 116, 189, 274, 489, 2072, 
716, 562, 555, 110, 2183, 1, 5, 1, 8, 22, 1, 2, 1, 2, 7, 2, 100, 
100, 100, 100, 100, 100, 100, 100, 100, 100, 100, 2500, 2500, 
2500, 2500, 2500, 2500, 2500, 2500, 2500, 2500, 2500, 8709.208, 
8651.648, 8732.486, 8569.29200000001, 8563.144, 8598.75999999999, 
8628.893, 8337.575, 8568.74299999999, 8393.72899999999, 8417.30100000001, 
1, 1, 1, 1, 1, 1, 1, 1, 1, 1, 1, 0.11111, 0.11111, 0.11111, 0.11111, 
0.11111, 0.11111, 0.11111, 0.11111, 0.11111, 0.11111, 0.11111, 
0, 0, 0, 0, 0, 0, 0, 0, 0, 0, 0, 0, 0, 0, 0, 0, 0, 0, 0, 0, 0, 
0, 0.48667, 0.49131, 0.57571, 0.52083, 0.54762, 0.57659, 0.51567, 
0.57389, 0.52861, 0.51614, 0.58121, 0.50333, 0.55131, 0.57333, 
0.54226, 0.54583, 0.51052, 0.5129, 0.57639, 0.54472, 0.51364, 
0.54172, 0.0123, 0.0137, 0.0131, 0.0124, 0.0135, 0.013, 0.0145, 
0.0153, 0.0147, 0.0147, 0.0147, 41.1, 44.9, 48.6, 52, 56.1, 59.1, 
62.6, 65.8, 70.3, 74.2, 80.9, 1, 1, 1, 1, 1, 1, 1, 1, 1, 1, 1, 
1, 1, 1, 1, 1, 1, 1, 1, 1, 1, 1, 1, 1, 1, 1, 1, 1, 1, 1, 1, 1, 
1, 1, 1, 1, 1, 1, 1, 1, 1, 1, 1, 1, 3.596, 3.333, 3.365, 3.365, 
3.347, 3.353, 3.52, 3.523, 3.226, 3.477, 2.838), .Dim = c(11L, 
40L), .Dimnames = list(NULL, c("Sampling", "PSO.cost", "PSO.gamma", 
"PSO.data.balancing", "PSO.feature.selection", "PSO.valid.acc", 
"PSO.test.acc", "PSO.train.time", "PSO.n.support.vectors", "PSO.index", 
"PSO.n.solutions", "PSO.generations", "PSO.n.evaluations", "PSO.cpu.time", 
"RS.cost", "RS.gamma", "RS.data.balancing", "RS.feature.selection", 
"RS.valid.acc", "RS.test.acc", "RS.train.time", "RS.n.support.vectors", 
"RS.index", "RS.n.solutions", "RS.generations", "RS.n.evaluations", 
"RS.cpu.time", "DF.cost", "DF.gamma", "DF.data.balancing", "DF.feature.selection", 
"DF.valid.acc", "DF.test.acc", "DF.train.time", "DF.n.support.vectors", 
"DF.index", "DF.n.solutions", "DF.generations", "DF.n.evaluations", 
"DF.cpu.time")))
