full <-
structure(c(50, 55, 60, 65, 70, 75, 80, 85, 90, 95, 100, 0.96692, 
15, 10.7324, 12.33423, 6.04689, 2.7457, 0.67252, 1.02447, 0.29425, 
-0.08735, 2.47148, -3.44051, -9.35902, -15, -11.76142, -9.47582, 
-7.11076, -3.75242, -4.60412, -2.64209, -2.7871, -4.86007, 0, 
0, 0, 0, 0, 0, 0, 0, 0, 0, 0, 0, 0, 0, 0, 0, 0, 0, 0, 0, 0, 0, 
0.66952, 0.59524, 0.62083, 0.59429, 0.56726, 0.56111, 0.59782, 
0.5375, 0.63694, 0.62447, 0.65116, 0.56286, 0.51857, 0.61071, 
0.53143, 0.48155, 0.52381, 0.56171, 0.50639, 0.56, 0.58856, 0.60298, 
0.0138, 0.0191, 0.0157, 0.0132, 0.0146, 0.013, 0.0142, 0.0139, 
0.0168, 0.0152, 0.015, 40.9, 35.8, 46, 39.3, 50.7, 57.9, 62.5, 
66, 71.6, 75, 74.7, 570, 61, 98, 549, 315, 139, 291, 183, 867, 
618, 1085, 60, 1398, 117, 80, 105, 109, 228, 199, 391, 579, 35, 
100, 100, 100, 100, 100, 100, 100, 100, 100, 100, 100, 2500, 
2500, 2500, 2500, 2500, 2500, 2500, 2500, 2500, 2500, 2500, 8845.72, 
8564.051, 8502.892, 8466.282, 8682.164, 8532.8, 8543.27, 8494.49399999999, 
8650.837, 8463.67499999999, 8398.93799999999, 0.5881, 7.74445, 
1.75479, 6.71248, 6.89228, 7.43928, 1.17035, 1.05815, 0.55105, 
0.07096, 2.21285, -3.39843, -8.7214, -5.64529, -5.51814, -10.34427, 
-11.96273, -4.29253, -4.66321, -2.625, -3.88718, -4.49596, 0, 
0, 0, 0, 0, 0, 0, 0, 0, 0, 0, 0, 0, 0, 0, 0, 0, 0, 0, 0, 0, 0, 
0.63524, 0.60095, 0.62083, 0.59595, 0.56726, 0.56111, 0.59782, 
0.5375, 0.60583, 0.61197, 0.63374, 0.59024, 0.56571, 0.6125, 
0.57095, 0.48155, 0.5127, 0.52698, 0.50639, 0.56111, 0.56745, 
0.59465, 0.0117, 0.0124, 0.0124, 0.0136, 0.0139, 0.0151, 0.0149, 
0.015, 0.0159, 0.017, 0.0178, 40.9, 36.6, 46.6, 45.3, 50.7, 58, 
60.7, 65.9, 71.6, 72.8, 75.7, 1802, 1770, 281, 1801, 504, 407, 
864, 1902, 1612, 41, 1304, 1, 3, 11, 1, 3, 10, 2, 1, 1, 1, 2, 
100, 100, 100, 100, 100, 100, 100, 100, 100, 100, 100, 2500, 
2500, 2500, 2500, 2500, 2500, 2500, 2500, 2500, 2500, 2500, 8321.892, 
8650.148, 8363.296, 8666.28000000001, 8587.45299999999, 8560.28999999999, 
8650.22, 8631.63399999999, 8464.72100000002, 8365.94600000003, 
8415.622, 1, 1, 1, 1, 1, 1, 1, 1, 1, 1, 1, 0.11111, 0.11111, 
0.11111, 0.11111, 0.11111, 0.11111, 0.11111, 0.11111, 0.11111, 
0.11111, 0.11111, 0, 0, 0, 0, 0, 0, 0, 0, 0, 0, 0, 0, 0, 0, 0, 
0, 0, 0, 0, 0, 0, 0, 0.50524, 0.52571, 0.54821, 0.54786, 0.51607, 
0.47063, 0.52837, 0.49028, 0.57333, 0.60197, 0.59692, 0.55024, 
0.49476, 0.5381, 0.49452, 0.48571, 0.49603, 0.49087, 0.48306, 
0.54, 0.61745, 0.5504, 0.0129, 0.0123, 0.0123, 0.0121, 0.0155, 
0.0124, 0.0157, 0.0162, 0.0138, 0.0154, 0.0163, 41.1, 44.8, 48.6, 
52.4, 57, 60.8, 63.6, 67.9, 71.8, 74.1, 81.2, 1, 1, 1, 1, 1, 
1, 1, 1, 1, 1, 1, 1, 1, 1, 1, 1, 1, 1, 1, 1, 1, 1, 1, 1, 1, 1, 
1, 1, 1, 1, 1, 1, 1, 1, 1, 1, 1, 1, 1, 1, 1, 1, 1, 1, 3.388, 
3.191, 3.124, 3.373, 3.726, 3.342, 3.697, 3.719, 3.475, 3.203, 
3.278), .Dim = c(11L, 40L), .Dimnames = list(NULL, c("Sampling", 
"PSO.cost", "PSO.gamma", "PSO.data.balancing", "PSO.feature.selection", 
"PSO.valid.acc", "PSO.test.acc", "PSO.train.time", "PSO.n.support.vectors", 
"PSO.index", "PSO.n.solutions", "PSO.generations", "PSO.n.evaluations", 
"PSO.cpu.time", "RS.cost", "RS.gamma", "RS.data.balancing", "RS.feature.selection", 
"RS.valid.acc", "RS.test.acc", "RS.train.time", "RS.n.support.vectors", 
"RS.index", "RS.n.solutions", "RS.generations", "RS.n.evaluations", 
"RS.cpu.time", "DF.cost", "DF.gamma", "DF.data.balancing", "DF.feature.selection", 
"DF.valid.acc", "DF.test.acc", "DF.train.time", "DF.n.support.vectors", 
"DF.index", "DF.n.solutions", "DF.generations", "DF.n.evaluations", 
"DF.cpu.time")))
