full <-
structure(c(50, 55, 60, 65, 70, 75, 80, 85, 90, 95, 100, 3.63053, 
7.43119, 2.87576, 8.76727, 4.38201, 12.79867, 12.08237, 1.96383, 
1.18496, 1.22027, 5.32964, -5.46139, -4.40408, -2.78913, -13.10091, 
-8.58565, -7.95941, -2.67051, -3.98012, -2.70264, -2.59835, -6.22721, 
0, 0, 0, 0, 0, 0, 0, 0, 0, 0, 0, 0, 0, 0, 0, 0, 0, 0, 0, 0, 0, 
0, 0.60048, 0.6681, 0.6906, 0.6406, 0.62448, 0.66409, 0.69286, 
0.68944, 0.66389, 0.64, 0.58068, 0.56048, 0.59476, 0.61202, 0.57381, 
0.5594, 0.55397, 0.63968, 0.61889, 0.665, 0.59889, 0.51207, 0.0141, 
0.0121, 0.0156, 0.0135, 0.0132, 0.0148, 0.014, 0.0141, 0.0149, 
0.0162, 0.0157, 37.1, 41.1, 48.4, 47.3, 50.6, 42.9, 62.2, 62.7, 
70.7, 73.8, 70.1, 513, 20, 861, 70, 79, 3, 504, 571, 2469, 904, 
313, 471, 838, 353, 93, 64, 864, 561, 778, 1, 267, 65, 100, 100, 
100, 100, 100, 100, 100, 100, 100, 100, 100, 2500, 2500, 2500, 
2500, 2500, 2500, 2500, 2500, 2500, 2500, 2500, 8408.026, 8638.034, 
8521.947, 8671.498, 8648.90800000001, 8651.125, 8528.91600000001, 
8643.70199999999, 8667.52299999999, 8603.36000000002, 8416.56, 
4.59153, 10.39532, 5.02363, 7.73296, 5.19359, 3.83101, 6.88174, 
1.95727, 3.26394, 1.32348, 2.3132, -6.20803, -4.38908, -2.77389, 
-12.07953, -9.40222, -3.386, -2.6806, -4.09176, -2.89844, -2.56617, 
-6.90695, 0, 0, 0, 0, 0, 0, 0, 0, 0, 0, 0, 0, 0, 0, 0, 0, 0, 
0, 0, 0, 0, 0, 0.59476, 0.6681, 0.67631, 0.6406, 0.62448, 0.65655, 
0.69286, 0.67833, 0.64889, 0.64, 0.58549, 0.56048, 0.59476, 0.59202, 
0.57381, 0.5594, 0.66587, 0.63968, 0.61889, 0.65778, 0.59889, 
0.54689, 0.0129, 0.0131, 0.0153, 0.0132, 0.0123, 0.0159, 0.0137, 
0.0135, 0.015, 0.0158, 0.0148, 36.4, 41.1, 48.4, 47.3, 50.7, 
54.9, 62.2, 62.8, 68.5, 74.1, 78.1, 553, 10, 944, 63, 2060, 1463, 
1155, 2179, 1126, 234, 1928, 1, 63, 4, 8, 1, 3, 2, 1, 1, 3, 1, 
100, 100, 100, 100, 100, 100, 100, 100, 100, 100, 100, 2500, 
2500, 2500, 2500, 2500, 2500, 2500, 2500, 2500, 2500, 2500, 8400.02, 
8641.303, 8521.20499999999, 8450.12, 8580.81999999999, 8600.432, 
8659.504, 8692.106, 8607.83600000001, 8372.56, 8419.36199999999, 
1, 1, 1, 1, 1, 1, 1, 1, 1, 1, 1, 0.11111, 0.11111, 0.11111, 0.11111, 
0.11111, 0.11111, 0.11111, 0.11111, 0.11111, 0.11111, 0.11111, 
0, 0, 0, 0, 0, 0, 0, 0, 0, 0, 0, 0, 0, 0, 0, 0, 0, 0, 0, 0, 0, 
0, 0.54619, 0.56881, 0.56393, 0.59893, 0.50266, 0.57619, 0.56944, 
0.60889, 0.56306, 0.57556, 0.549, 0.56286, 0.51286, 0.50952, 
0.53726, 0.51516, 0.59048, 0.54266, 0.62139, 0.59639, 0.60778, 
0.55689, 0.0143, 0.0122, 0.0125, 0.0123, 0.0134, 0.0151, 0.013, 
0.014, 0.0144, 0.0145, 0.0141, 40.4, 44.4, 48.4, 52.2, 55.2, 
58.4, 62.3, 66.9, 70.5, 74, 81.1, 1, 1, 1, 1, 1, 1, 1, 1, 1, 
1, 1, 1, 1, 1, 1, 1, 1, 1, 1, 1, 1, 1, 1, 1, 1, 1, 1, 1, 1, 1, 
1, 1, 1, 1, 1, 1, 1, 1, 1, 1, 1, 1, 1, 1, 3.634, 3.467, 3.662, 
3.261, 3.345, 4.117, 3.345, 3.454, 3.191, 3.249, 3.273), .Dim = c(11L, 
40L), .Dimnames = list(NULL, c("Sampling", "PSO.cost", "PSO.gamma", 
"PSO.data.balancing", "PSO.feature.selection", "PSO.valid.acc", 
"PSO.test.acc", "PSO.train.time", "PSO.n.support.vectors", "PSO.index", 
"PSO.n.solutions", "PSO.generations", "PSO.n.evaluations", "PSO.cpu.time", 
"RS.cost", "RS.gamma", "RS.data.balancing", "RS.feature.selection", 
"RS.valid.acc", "RS.test.acc", "RS.train.time", "RS.n.support.vectors", 
"RS.index", "RS.n.solutions", "RS.generations", "RS.n.evaluations", 
"RS.cpu.time", "DF.cost", "DF.gamma", "DF.data.balancing", "DF.feature.selection", 
"DF.valid.acc", "DF.test.acc", "DF.train.time", "DF.n.support.vectors", 
"DF.index", "DF.n.solutions", "DF.generations", "DF.n.evaluations", 
"DF.cpu.time")))
