full <-
structure(c(50, 55, 60, 65, 70, 75, 80, 85, 90, 95, 100, 9.51665, 
2.07052, 1.75705, 3.09415, 14.51956, 1.15351, 2.3376, 3.60909, 
1.44422, 7.77855, -0.14641, -12.57363, -7.33911, -3.9616, -5.05838, 
-5.02197, -2.1216, -4.99029, -8.06639, -5.17922, -8.09162, -3.33001, 
0, 0, 0, 0, 0, 0, 0, 0, 0, 0, 0, 0, 0, 0, 0, 0, 0, 0, 0, 0, 0, 
0, 0.56714, 0.58786, 0.62643, 0.60881, 0.625, 0.67718, 0.68313, 
0.58278, 0.62167, 0.59636, 0.61182, 0.4881, 0.52119, 0.62226, 
0.59452, 0.61429, 0.60317, 0.56806, 0.59639, 0.60667, 0.57687, 
0.55273, 0.0131, 0.0128, 0.0153, 0.0125, 0.0141, 0.017, 0.0144, 
0.0127, 0.0141, 0.0163, 0.0156, 37.6, 44.4, 47.8, 49.7, 47.9, 
60.9, 59.4, 65.8, 68.1, 61.6, 80.8, 95, 61, 304, 212, 56, 398, 
1625, 190, 118, 290, 1154, 34, 138, 185, 102, 1412, 373, 103, 
207, 347, 51, 40, 100, 100, 100, 100, 100, 100, 100, 100, 100, 
100, 100, 2500, 2500, 2500, 2500, 2500, 2500, 2500, 2500, 2500, 
2500, 2500, 8735.301, 8614.328, 8589.429, 8593.26100000001, 8414.74100000001, 
8459.30200000001, 8500.83, 8632.889, 8559.40299999999, 8669.90400000001, 
8627.55100000001, 5.83857, 1.89274, 2.20617, 1.61706, 11.85846, 
0.35519, 2.12904, 4.47779, 1.70982, 7.52821, -0.07856, -8.99795, 
-7.20693, -4.22078, -2.68324, -4.87613, -3.32855, -4.74776, -8.83215, 
-5.48465, -7.88827, -3.49228, 0, 0, 0, 0, 0, 0, 0, 0, 0, 0, 0, 
0, 0, 0, 0, 0, 0, 0, 0, 0, 0, 0, 0.56714, 0.58786, 0.62643, 0.60524, 
0.625, 0.65972, 0.65635, 0.58278, 0.62167, 0.59636, 0.60182, 
0.4381, 0.55452, 0.62226, 0.55167, 0.61429, 0.65496, 0.59484, 
0.60889, 0.60667, 0.57687, 0.55273, 0.0179, 0.0143, 0.0178, 0.0137, 
0.0132, 0.0135, 0.0147, 0.0143, 0.014, 0.0192, 0.0166, 38.1, 
44.5, 47.2, 53.2, 48.5, 59.8, 60.1, 65.1, 67.8, 61.7, 80.9, 381, 
152, 310, 51, 48, 109, 2136, 33, 1240, 2173, 601, 7, 14, 2, 3, 
24, 3, 1, 7, 4, 1, 1, 100, 100, 100, 100, 100, 100, 100, 100, 
100, 100, 100, 2500, 2500, 2500, 2500, 2500, 2500, 2500, 2500, 
2500, 2500, 2500, 8697.868, 8605.553, 8786.984, 8463.62, 8514.56199999999, 
8573.50599999999, 8659.26300000001, 8345.982, 8553.91, 8587.30799999999, 
8551.59700000001, 1, 1, 1, 1, 1, 1, 1, 1, 1, 1, 1, 0.11111, 0.11111, 
0.11111, 0.11111, 0.11111, 0.11111, 0.11111, 0.11111, 0.11111, 
0.11111, 0.11111, 0, 0, 0, 0, 0, 0, 0, 0, 0, 0, 0, 0, 0, 0, 0, 
0, 0, 0, 0, 0, 0, 0, 0.44048, 0.44524, 0.42452, 0.53321, 0.56964, 
0.6254, 0.59722, 0.52056, 0.56611, 0.54303, 0.60182, 0.43214, 
0.45119, 0.44536, 0.53679, 0.47976, 0.65317, 0.57083, 0.55667, 
0.57556, 0.56414, 0.56182, 0.0136, 0.012, 0.0134, 0.0129, 0.0155, 
0.015, 0.0135, 0.0127, 0.0138, 0.0164, 0.0147, 41.6, 45.6, 49.6, 
53.5, 57.4, 60.9, 64.3, 68.2, 71.6, 74.3, 80.7, 1, 1, 1, 1, 1, 
1, 1, 1, 1, 1, 1, 1, 1, 1, 1, 1, 1, 1, 1, 1, 1, 1, 1, 1, 1, 1, 
1, 1, 1, 1, 1, 1, 1, 1, 1, 1, 1, 1, 1, 1, 1, 1, 1, 1, 3.332, 
3.223, 3.381, 3.212, 3.805, 3.476, 3.375, 3.259, 3.379, 3.379, 
3.23), .Dim = c(11L, 40L), .Dimnames = list(NULL, c("Sampling", 
"PSO.cost", "PSO.gamma", "PSO.data.balancing", "PSO.feature.selection", 
"PSO.valid.acc", "PSO.test.acc", "PSO.train.time", "PSO.n.support.vectors", 
"PSO.index", "PSO.n.solutions", "PSO.generations", "PSO.n.evaluations", 
"PSO.cpu.time", "RS.cost", "RS.gamma", "RS.data.balancing", "RS.feature.selection", 
"RS.valid.acc", "RS.test.acc", "RS.train.time", "RS.n.support.vectors", 
"RS.index", "RS.n.solutions", "RS.generations", "RS.n.evaluations", 
"RS.cpu.time", "DF.cost", "DF.gamma", "DF.data.balancing", "DF.feature.selection", 
"DF.valid.acc", "DF.test.acc", "DF.train.time", "DF.n.support.vectors", 
"DF.index", "DF.n.solutions", "DF.generations", "DF.n.evaluations", 
"DF.cpu.time")))
