full <-
structure(c(50, 55, 60, 65, 70, 75, 80, 85, 90, 95, 100, 4.54813, 
3.71299, 3.60408, 0.96629, 2.42905, 0.7651, 2.10222, 7.40573, 
0.35321, 1.70564, 11.5979, -6.09043, -5.71761, -5.55451, -3.76395, 
-4.80083, -2.30158, -4.86334, -12.95107, -4.46932, -6.21461, 
-8.47445, 0, 0, 0, 0, 0, 0, 0, 0, 0, 0, 0, 0, 0, 0, 0, 0, 0, 
0, 0, 0, 0, 0, 0.59333, 0.5919, 0.70238, 0.57357, 0.63452, 0.5871, 
0.57579, 0.58631, 0.55333, 0.59455, 0.55232, 0.49833, 0.49571, 
0.55714, 0.54679, 0.56488, 0.5246, 0.48433, 0.50714, 0.47889, 
0.53093, 0.47222, 0.0137, 0.0127, 0.0121, 0.016, 0.0154, 0.0129, 
0.0177, 0.0138, 0.0145, 0.0172, 0.0278, 38.7, 42.4, 46.4, 52.7, 
53.7, 61.5, 60.9, 67.8, 70.6, 73.5, 66.6, 442, 753, 463, 1153, 
2176, 670, 411, 1469, 2286, 63, 129, 370, 106, 314, 31, 1, 65, 
126, 22, 2, 292, 76, 100, 100, 100, 100, 100, 100, 100, 100, 
100, 100, 100, 2500, 2500, 2500, 2500, 2500, 2500, 2500, 2500, 
2500, 2500, 2500, 8779.566, 8586.714, 8518.077, 8520.973, 8548.129, 
8566.82400000001, 8480.13399999999, 8651.84600000001, 8675.82199999999, 
8643.266, 8509.53200000001, 3.78948, 3.31895, 2.40021, 1.47354, 
2.27193, 0.98832, 2.26877, 4.68994, 0.4918, 1.24894, 14.37259, 
-5.43048, -5.69553, -4.63844, -4.17007, -4.461, -4.14972, -4.94124, 
-10.13127, -4.71197, -5.74803, -9.83083, 0, 0, 0, 0, 0, 0, 0, 
0, 0, 0, 0, 0, 0, 0, 0, 0, 0, 0, 0, 0, 0, 0, 0.59333, 0.57524, 
0.6881, 0.57119, 0.62024, 0.56389, 0.57579, 0.5752, 0.54222, 
0.59455, 0.55232, 0.48667, 0.51333, 0.54048, 0.5325, 0.5756, 
0.54127, 0.48433, 0.49286, 0.48889, 0.53093, 0.46313, 0.0127, 
0.0136, 0.0121, 0.0144, 0.013, 0.0171, 0.0143, 0.0144, 0.0142, 
0.0149, 0.0307, 38.8, 43, 47.5, 52, 54.1, 59.7, 60.8, 67.7, 70.5, 
73.8, 65.5, 537, 94, 1236, 987, 722, 291, 856, 150, 514, 1217, 
80, 6, 3, 2, 1, 3, 1, 1, 8, 1, 1, 1, 100, 100, 100, 100, 100, 
100, 100, 100, 100, 100, 100, 2500, 2500, 2500, 2500, 2500, 2500, 
2500, 2500, 2500, 2500, 2500, 8584.823, 8642.364, 8358.684, 8690.791, 
8518.485, 8578.18699999999, 8656.13699999999, 8728.68799999999, 
8599.48700000002, 8559.495, 8359.78499999997, 1, 1, 1, 1, 1, 
1, 1, 1, 1, 1, 1, 0.11111, 0.11111, 0.11111, 0.11111, 0.11111, 
0.11111, 0.11111, 0.11111, 0.11111, 0.11111, 0.11111, 0, 0, 0, 
0, 0, 0, 0, 0, 0, 0, 0, 0, 0, 0, 0, 0, 0, 0, 0, 0, 0, 0, 0.495, 
0.49571, 0.52381, 0.46643, 0.5506, 0.52242, 0.51567, 0.53937, 
0.52, 0.54434, 0.48141, 0.495, 0.46238, 0.52381, 0.48821, 0.50774, 
0.56667, 0.56151, 0.53508, 0.5, 0.53434, 0.50157, 0.0111, 0.0137, 
0.015, 0.0151, 0.0139, 0.0131, 0.0146, 0.0155, 0.021, 0.0153, 
0.0137, 41.4, 45.4, 49.6, 53.6, 57.4, 61.4, 64.8, 68.6, 72.2, 
75.4, 80.7, 1, 1, 1, 1, 1, 1, 1, 1, 1, 1, 1, 1, 1, 1, 1, 1, 1, 
1, 1, 1, 1, 1, 1, 1, 1, 1, 1, 1, 1, 1, 1, 1, 1, 1, 1, 1, 1, 1, 
1, 1, 1, 1, 1, 1, 3.147, 3.46, 3.661, 3.608, 3.375, 3.4, 3.339, 
3.216, 4.049, 3.322, 2.988), .Dim = c(11L, 40L), .Dimnames = list(
    NULL, c("Sampling", "PSO.cost", "PSO.gamma", "PSO.data.balancing", 
    "PSO.feature.selection", "PSO.valid.acc", "PSO.test.acc", 
    "PSO.train.time", "PSO.n.support.vectors", "PSO.index", "PSO.n.solutions", 
    "PSO.generations", "PSO.n.evaluations", "PSO.cpu.time", "RS.cost", 
    "RS.gamma", "RS.data.balancing", "RS.feature.selection", 
    "RS.valid.acc", "RS.test.acc", "RS.train.time", "RS.n.support.vectors", 
    "RS.index", "RS.n.solutions", "RS.generations", "RS.n.evaluations", 
    "RS.cpu.time", "DF.cost", "DF.gamma", "DF.data.balancing", 
    "DF.feature.selection", "DF.valid.acc", "DF.test.acc", "DF.train.time", 
    "DF.n.support.vectors", "DF.index", "DF.n.solutions", "DF.generations", 
    "DF.n.evaluations", "DF.cpu.time")))
