full <-
structure(c(50, 55, 60, 65, 70, 75, 80, 85, 90, 95, 100, 4.12825, 
2.88663, 5.32814, 1.58026, 4.65246, 4.82891, 13.96678, 2.02828, 
6.68629, 5.55966, 5.43825, -5.29732, -5.45331, -7.7406, -5.31274, 
-9.86196, -5.34436, -11.0121, -2.40789, -2.23532, -7.17714, -7.1274, 
0, 0, 0, 0, 0, 0, 0, 0, 0, 0, 0, 0, 0, 0, 0, 0, 0, 0, 0, 0, 0, 
0, 0.72548, 0.67571, 0.58798, 0.66393, 0.61607, 0.6871, 0.63611, 
0.63849, 0.63111, 0.59889, 0.61818, 0.63714, 0.64476, 0.50857, 
0.61476, 0.55714, 0.57798, 0.55, 0.60377, 0.57556, 0.49919, 0.58091, 
0.0142, 0.0156, 0.0143, 0.0137, 0.0142, 0.0125, 0.02, 0.0139, 
0.0159, 0.0167, 0.018, 35, 39.5, 40.6, 47.5, 53.4, 50.3, 48.1, 
67.7, 71.7, 63.5, 70.3, 291, 536, 246, 238, 171, 303, 40, 692, 
386, 508, 1857, 275, 134, 57, 398, 28, 322, 368, 92, 547, 265, 
3, 100, 100, 100, 100, 100, 100, 100, 100, 100, 100, 100, 2500, 
2500, 2500, 2500, 2500, 2500, 2500, 2500, 2500, 2500, 2500, 8617.856, 
8601.936, 8701.626, 8462.037, 8661.16, 8460.43799999999, 8643.46000000001, 
8469.927, 8403.53099999999, 8658.47500000001, 8571.39500000002, 
3.30675, 4.26657, 8.404, 1.61749, 3.16861, 4.6752, 13.70076, 
2.36312, 13.5254, 1.54976, 5.56259, -4.42834, -7.69065, -10.36233, 
-5.43552, -5.67473, -5.17241, -10.95307, -2.73575, -2.23977, 
-4.89262, -7.44231, 0, 0, 0, 0, 0, 0, 0, 0, 0, 0, 0, 0, 0, 0, 
0, 0, 0, 0, 0, 0, 0, 0, 0.69214, 0.65571, 0.58464, 0.66393, 0.625, 
0.6746, 0.63611, 0.62738, 0.62, 0.60091, 0.60727, 0.60619, 0.62143, 
0.5044, 0.61476, 0.55536, 0.5748, 0.53889, 0.6371, 0.57556, 0.5203, 
0.55273, 0.0124, 0.0123, 0.0138, 0.0164, 0.0131, 0.0183, 0.0281, 
0.0132, 0.0152, 0.0146, 0.0192, 36.5, 39.3, 39.6, 47.5, 47.9, 
50.5, 48, 66.9, 71.7, 70.4, 70.7, 209, 347, 200, 449, 594, 208, 
257, 577, 420, 1250, 83, 19, 11, 8, 2, 1, 3, 11, 1, 11, 1, 1, 
100, 100, 100, 100, 100, 100, 100, 100, 100, 100, 100, 2500, 
2500, 2500, 2500, 2500, 2500, 2500, 2500, 2500, 2500, 2500, 8576.024, 
8613.737, 8330.344, 8658.7, 8630.02, 8544.88299999999, 8418.777, 
8365.751, 8464.682, 8621.82800000001, 8418.53, 1, 1, 1, 1, 1, 
1, 1, 1, 1, 1, 1, 0.11111, 0.11111, 0.11111, 0.11111, 0.11111, 
0.11111, 0.11111, 0.11111, 0.11111, 0.11111, 0.11111, 0, 0, 0, 
0, 0, 0, 0, 0, 0, 0, 0, 0, 0, 0, 0, 0, 0, 0, 0, 0, 0, 0, 0.51619, 
0.50143, 0.51024, 0.58119, 0.52857, 0.53671, 0.52778, 0.59405, 
0.58667, 0.51455, 0.55364, 0.50619, 0.54143, 0.5144, 0.57786, 
0.51607, 0.51409, 0.58056, 0.59405, 0.57556, 0.54566, 0.58091, 
0.0124, 0.0137, 0.013, 0.0134, 0.0162, 0.0164, 0.0138, 0.0141, 
0.0151, 0.0151, 0.0153, 40.3, 44.6, 47.9, 51.6, 55.7, 58.9, 63.2, 
67.5, 71.3, 74.9, 80.9, 1, 1, 1, 1, 1, 1, 1, 1, 1, 1, 1, 1, 1, 
1, 1, 1, 1, 1, 1, 1, 1, 1, 1, 1, 1, 1, 1, 1, 1, 1, 1, 1, 1, 1, 
1, 1, 1, 1, 1, 1, 1, 1, 1, 1, 3.267, 3.918, 3.402, 3.38, 3.693, 
3.371, 3.376, 3.28, 3.479, 3.265, 3.575), .Dim = c(11L, 40L), .Dimnames = list(
    NULL, c("Sampling", "PSO.cost", "PSO.gamma", "PSO.data.balancing", 
    "PSO.feature.selection", "PSO.valid.acc", "PSO.test.acc", 
    "PSO.train.time", "PSO.n.support.vectors", "PSO.index", "PSO.n.solutions", 
    "PSO.generations", "PSO.n.evaluations", "PSO.cpu.time", "RS.cost", 
    "RS.gamma", "RS.data.balancing", "RS.feature.selection", 
    "RS.valid.acc", "RS.test.acc", "RS.train.time", "RS.n.support.vectors", 
    "RS.index", "RS.n.solutions", "RS.generations", "RS.n.evaluations", 
    "RS.cpu.time", "DF.cost", "DF.gamma", "DF.data.balancing", 
    "DF.feature.selection", "DF.valid.acc", "DF.test.acc", "DF.train.time", 
    "DF.n.support.vectors", "DF.index", "DF.n.solutions", "DF.generations", 
    "DF.n.evaluations", "DF.cpu.time")))
