full <-
structure(c(50, 55, 60, 65, 70, 75, 80, 85, 90, 95, 100, 7.72524, 
9.25254, 5.02817, 2.58538, 1.42984, 2.63294, 1.75448, 4.90886, 
3.07834, 5.86429, 2.03421, -12.77772, -9.12282, -6.20627, -4.64581, 
-3.52048, -3.77714, -3.0555, -6.48925, -5.51515, -8.65024, -6.35328, 
0, 0, 0, 0, 0, 0, 0, 0, 0, 0, 0, 0, 0, 0, 0, 0, 0, 0, 0, 0, 0, 
0, 0.55881, 0.52476, 0.56524, 0.55952, 0.64286, 0.6246, 0.66448, 
0.66889, 0.62778, 0.59955, 0.58823, 0.50786, 0.45143, 0.50667, 
0.5, 0.6, 0.51349, 0.64087, 0.58944, 0.61028, 0.51025, 0.55247, 
0.0141, 0.0126, 0.0157, 0.0146, 0.0143, 0.0149, 0.0161, 0.0142, 
0.0141, 0.0168, 0.0149, 39.4, 37.7, 44.9, 49.8, 53.6, 56.7, 62.8, 
58.4, 66, 66.6, 78.2, 13, 437, 306, 680, 449, 617, 222, 621, 
1401, 167, 844, 122, 176, 528, 129, 779, 183, 323, 397, 82, 286, 
114, 100, 100, 100, 100, 100, 100, 100, 100, 100, 100, 100, 2500, 
2500, 2500, 2500, 2500, 2500, 2500, 2500, 2500, 2500, 2500, 8529.298, 
8476.862, 8596.097, 8643.741, 8667.731, 8642.655, 8593.48, 8636.95700000001, 
8533.34099999999, 8667.57199999999, 8707.924, 8.18284, 8.19619, 
0.38898, 2.50386, 1.40051, 2.83006, 1.09314, 4.21643, 4.20986, 
5.62526, 11.41047, -13.24407, -8.27344, -2.35892, -4.54291, -3.31394, 
-3.72918, -2.36564, -6.09557, -6.20801, -8.46594, -12.8374, 0, 
0, 0, 0, 0, 0, 0, 0, 0, 0, 0, 0, 0, 0, 0, 0, 0, 0, 0, 0, 0, 0, 
0.55881, 0.52476, 0.56762, 0.55952, 0.63036, 0.61349, 0.6631, 
0.66889, 0.61667, 0.59955, 0.57374, 0.50786, 0.4881, 0.5281, 
0.5, 0.58571, 0.50556, 0.60159, 0.57722, 0.57583, 0.52136, 0.50798, 
0.0137, 0.0144, 0.0135, 0.0141, 0.0157, 0.0161, 0.0164, 0.0159, 
0.0164, 0.0137, 0.0175, 39.4, 38.6, 48.7, 49.8, 54.3, 56.8, 63.4, 
59.8, 64.8, 67, 67.5, 276, 806, 621, 1441, 323, 1893, 901, 1575, 
763, 955, 835, 16, 3, 1, 1, 2, 1, 4, 3, 3, 2, 1, 100, 100, 100, 
100, 100, 100, 100, 100, 100, 100, 100, 2500, 2500, 2500, 2500, 
2500, 2500, 2500, 2500, 2500, 2500, 2500, 8727.214, 8572.138, 
8727.306, 8685.26700000001, 8557.11900000001, 8561.29299999999, 
8644.75199999999, 8728.76400000001, 8528.62900000002, 8729.42000000001, 
8438.443, 1, 1, 1, 1, 1, 1, 1, 1, 1, 1, 1, 0.11111, 0.11111, 
0.11111, 0.11111, 0.11111, 0.11111, 0.11111, 0.11111, 0.11111, 
0.11111, 0.11111, 0, 0, 0, 0, 0, 0, 0, 0, 0, 0, 0, 0, 0, 0, 0, 
0, 0, 0, 0, 0, 0, 0, 0.50548, 0.45381, 0.53667, 0.45238, 0.54544, 
0.56349, 0.59187, 0.56861, 0.55222, 0.55364, 0.51263, 0.52214, 
0.47714, 0.54238, 0.48095, 0.55714, 0.50238, 0.54901, 0.59222, 
0.53472, 0.54907, 0.54429, 0.0117, 0.0113, 0.0126, 0.0131, 0.0143, 
0.0135, 0.0137, 0.0149, 0.0147, 0.0176, 0.0154, 41.2, 44.7, 47.9, 
51.9, 55.2, 60.1, 63.2, 67.3, 70.9, 74.6, 81.2, 1, 1, 1, 1, 1, 
1, 1, 1, 1, 1, 1, 1, 1, 1, 1, 1, 1, 1, 1, 1, 1, 1, 1, 1, 1, 1, 
1, 1, 1, 1, 1, 1, 1, 1, 1, 1, 1, 1, 1, 1, 1, 1, 1, 1, 3.284, 
3.374, 3.374, 3.363, 3.263, 3.392, 3.373, 3.373, 3.365, 3.355, 
2.864), .Dim = c(11L, 40L), .Dimnames = list(NULL, c("Sampling", 
"PSO.cost", "PSO.gamma", "PSO.data.balancing", "PSO.feature.selection", 
"PSO.valid.acc", "PSO.test.acc", "PSO.train.time", "PSO.n.support.vectors", 
"PSO.index", "PSO.n.solutions", "PSO.generations", "PSO.n.evaluations", 
"PSO.cpu.time", "RS.cost", "RS.gamma", "RS.data.balancing", "RS.feature.selection", 
"RS.valid.acc", "RS.test.acc", "RS.train.time", "RS.n.support.vectors", 
"RS.index", "RS.n.solutions", "RS.generations", "RS.n.evaluations", 
"RS.cpu.time", "DF.cost", "DF.gamma", "DF.data.balancing", "DF.feature.selection", 
"DF.valid.acc", "DF.test.acc", "DF.train.time", "DF.n.support.vectors", 
"DF.index", "DF.n.solutions", "DF.generations", "DF.n.evaluations", 
"DF.cpu.time")))
