full <-
structure(c(50, 55, 60, 65, 70, 75, 80, 85, 90, 95, 100, 1.15151, 
14.67009, 9.11292, 3.14555, 12.41516, 0.93084, 4.78537, 0.94648, 
5.95219, 5.61709, 1.65694, -4.49877, -15, -9.33127, -7.9408, 
-11.67107, -4.33647, -6.97448, -3.80162, -10.67744, -5.183, -2.15534, 
0, 0, 0, 0, 0, 0, 0, 0, 0, 0, 0, 0, 0, 0, 0, 0, 0, 0, 0, 0, 0, 
0, 0.57, 0.63595, 0.58786, 0.61571, 0.60417, 0.62738, 0.59067, 
0.64333, 0.58955, 0.60525, 0.61429, 0.50333, 0.49738, 0.50095, 
0.54429, 0.52917, 0.56091, 0.55317, 0.60722, 0.55343, 0.54192, 
0.56576, 0.0127, 0.0124, 0.0127, 0.0124, 0.0165, 0.0141, 0.0151, 
0.0144, 0.0143, 0.0153, 0.0163, 40.4, 34.9, 39.2, 49.4, 41.9, 
57.4, 55.3, 65, 67.2, 66.2, 81, 530, 79, 170, 669, 90, 34, 196, 
1102, 101, 287, 1291, 108, 1585, 109, 55, 471, 162, 418, 62, 
105, 48, 55, 100, 100, 100, 100, 100, 100, 100, 100, 100, 100, 
100, 2500, 2500, 2500, 2500, 2500, 2500, 2500, 2500, 2500, 2500, 
2500, 8746.358, 8479.819, 8642.729, 8612.73699999999, 8504.927, 
8622.09000000001, 8504.958, 8680.584, 8439.50599999999, 8682.44600000003, 
8703.057, 2.64501, 11.16108, 8.20559, 3.2108, 12.21503, 2.78761, 
0.7201, 0.8259, 1.69948, 4.09805, 1.68805, -6.59585, -11.31413, 
-8.49695, -8.01, -11.39384, -6.96434, -4.54287, -3.80144, -4.64006, 
-3.94871, -2.22279, 0, 0, 0, 0, 0, 0, 0, 0, 0, 0, 0, 0, 0, 0, 
0, 0, 0, 0, 0, 0, 0, 0, 0.57, 0.63595, 0.58786, 0.61571, 0.60417, 
0.62738, 0.59762, 0.63222, 0.59018, 0.60616, 0.60338, 0.54, 0.51738, 
0.53429, 0.54429, 0.51488, 0.58948, 0.57361, 0.60722, 0.58816, 
0.56303, 0.52576, 0.013, 0.0117, 0.0134, 0.0129, 0.0137, 0.0159, 
0.0134, 0.0161, 0.0166, 0.0152, 0.0156, 38.6, 34.8, 39.1, 49.4, 
41.9, 55.9, 61.4, 65.3, 66.7, 68.6, 80.8, 596, 132, 1705, 770, 
1103, 1733, 1605, 1164, 2107, 215, 773, 3, 40, 1, 5, 7, 2, 1, 
1, 1, 1, 1, 100, 100, 100, 100, 100, 100, 100, 100, 100, 100, 
100, 2500, 2500, 2500, 2500, 2500, 2500, 2500, 2500, 2500, 2500, 
2500, 8364.874, 8464.857, 8699.101, 8430.243, 8515.10000000001, 
8584.59300000001, 8640.03099999999, 8736.478, 8491.58599999998, 
8720.62199999997, 8623.15300000002, 1, 1, 1, 1, 1, 1, 1, 1, 1, 
1, 1, 0.11111, 0.11111, 0.11111, 0.11111, 0.11111, 0.11111, 0.11111, 
0.11111, 0.11111, 0.11111, 0.11111, 0, 0, 0, 0, 0, 0, 0, 0, 0, 
0, 0, 0, 0, 0, 0, 0, 0, 0, 0, 0, 0, 0, 0.51333, 0.57167, 0.53667, 
0.57286, 0.50298, 0.6256, 0.51111, 0.58889, 0.57045, 0.54374, 
0.54591, 0.51667, 0.57405, 0.53429, 0.55857, 0.5619, 0.58452, 
0.53611, 0.60722, 0.56843, 0.57101, 0.54763, 0.013, 0.0135, 0.014, 
0.013, 0.0133, 0.0137, 0.0156, 0.0153, 0.0148, 0.0155, 0.0179, 
41.6, 45.1, 48.4, 52.3, 55.7, 59.4, 62.7, 67, 70.6, 74.8, 80.5, 
1, 1, 1, 1, 1, 1, 1, 1, 1, 1, 1, 1, 1, 1, 1, 1, 1, 1, 1, 1, 1, 
1, 1, 1, 1, 1, 1, 1, 1, 1, 1, 1, 1, 1, 1, 1, 1, 1, 1, 1, 1, 1, 
1, 1, 3.388, 3.279, 3.358, 3.251, 3.269, 3.463, 4.103, 3.494, 
3.48, 3.606, 2.933), .Dim = c(11L, 40L), .Dimnames = list(NULL, 
    c("Sampling", "PSO.cost", "PSO.gamma", "PSO.data.balancing", 
    "PSO.feature.selection", "PSO.valid.acc", "PSO.test.acc", 
    "PSO.train.time", "PSO.n.support.vectors", "PSO.index", "PSO.n.solutions", 
    "PSO.generations", "PSO.n.evaluations", "PSO.cpu.time", "RS.cost", 
    "RS.gamma", "RS.data.balancing", "RS.feature.selection", 
    "RS.valid.acc", "RS.test.acc", "RS.train.time", "RS.n.support.vectors", 
    "RS.index", "RS.n.solutions", "RS.generations", "RS.n.evaluations", 
    "RS.cpu.time", "DF.cost", "DF.gamma", "DF.data.balancing", 
    "DF.feature.selection", "DF.valid.acc", "DF.test.acc", "DF.train.time", 
    "DF.n.support.vectors", "DF.index", "DF.n.solutions", "DF.generations", 
    "DF.n.evaluations", "DF.cpu.time")))
