full <-
structure(c(50, 55, 60, 65, 70, 75, 80, 85, 90, 95, 100, 10.00105, 
1.07034, 4.28748, 4.60481, 7.34695, 10.51186, 0.78078, 3.66676, 
4.82712, 6.20965, 1.28032, -2.51217, -5.6653, -8.69065, -9.37133, 
-11.56596, -14.20482, -2.98392, -8.10248, -9.56498, -5.28646, 
-2.96737, 0, 0, 0, 0, 0, 0, 0, 0, 0, 0, 0, 0, 0, 0, 0, 0, 0, 
0, 0, 0, 0, 0, 0.53667, 0.56643, 0.54, 0.61536, 0.61369, 0.58492, 
0.63607, 0.60972, 0.58528, 0.60068, 0.61002, 0.5, 0.50714, 0.5275, 
0.59536, 0.56647, 0.56508, 0.57857, 0.58778, 0.54333, 0.51333, 
0.60002, 0.0134, 0.0115, 0.0131, 0.0132, 0.0125, 0.0141, 0.0135, 
0.0128, 0.0143, 0.0155, 0.0151, 41.2, 42.3, 44.5, 48.7, 51.1, 
52.7, 62.6, 62.9, 68.8, 66.7, 79.4, 2, 458, 23, 97, 685, 214, 
796, 58, 51, 302, 1907, 199, 45, 68, 46, 91, 78, 62, 87, 64, 
96, 3, 100, 100, 100, 100, 100, 100, 100, 100, 100, 100, 100, 
2500, 2500, 2500, 2500, 2500, 2500, 2500, 2500, 2500, 2500, 2500, 
8545.338, 8603.774, 8589.57, 8637.583, 8476.77600000001, 8634.948, 
8511.66499999999, 8664.727, 8687.859, 8418.073, 8389.57499999998, 
1.59302, 5.66433, 8.38374, 5.40978, 9.65254, 1.84399, 0.51503, 
3.35069, 3.2879, 7.21508, 1.48902, -6.68792, -10.68911, -12.82103, 
-10.09935, -13.90177, -6.52424, -2.93736, -7.80925, -8.14353, 
-5.74307, -3.12513, 0, 0, 0, 0, 0, 0, 0, 0, 0, 0, 0, 0, 0, 0, 
0, 0, 0, 0, 0, 0, 0, 0, 0.53667, 0.56643, 0.54, 0.60286, 0.61369, 
0.58909, 0.63468, 0.60972, 0.58528, 0.59159, 0.58891, 0.47833, 
0.54643, 0.5275, 0.59536, 0.55397, 0.60853, 0.53929, 0.58778, 
0.53333, 0.54263, 0.61002, 0.0131, 0.0131, 0.0123, 0.0129, 0.0135, 
0.014, 0.0136, 0.015, 0.0142, 0.0163, 0.0153, 40, 42.2, 44.6, 
48.6, 51, 55.9, 62.6, 63.2, 69, 65.9, 78.9, 2, 369, 146, 754, 
1602, 31, 1547, 2418, 1133, 140, 151, 75, 2, 15, 11, 1, 3, 2, 
1, 2, 3, 1, 100, 100, 100, 100, 100, 100, 100, 100, 100, 100, 
100, 2500, 2500, 2500, 2500, 2500, 2500, 2500, 2500, 2500, 2500, 
2500, 8655.27, 8466.488, 8779.245, 8694.091, 8536.372, 8564.70199999999, 
8546.90300000001, 8759.32600000002, 8590.98300000001, 8377.133, 
8532.66399999999, 1, 1, 1, 1, 1, 1, 1, 1, 1, 1, 1, 0.11111, 0.11111, 
0.11111, 0.11111, 0.11111, 0.11111, 0.11111, 0.11111, 0.11111, 
0.11111, 0.11111, 0, 0, 0, 0, 0, 0, 0, 0, 0, 0, 0, 0, 0, 0, 0, 
0, 0, 0, 0, 0, 0, 0, 0.53167, 0.50381, 0.52333, 0.47571, 0.53333, 
0.52937, 0.53679, 0.54056, 0.49722, 0.53667, 0.56213, 0.455, 
0.46714, 0.49083, 0.49179, 0.49048, 0.55853, 0.56468, 0.55028, 
0.50111, 0.51667, 0.55102, 0.0127, 0.0181, 0.0119, 0.0136, 0.0132, 
0.0139, 0.014, 0.0169, 0.0154, 0.0166, 0.0149, 40.5, 44.3, 47.1, 
51, 54.4, 58.7, 62.2, 67, 70.8, 75.9, 80.8, 1, 1, 1, 1, 1, 1, 
1, 1, 1, 1, 1, 1, 1, 1, 1, 1, 1, 1, 1, 1, 1, 1, 1, 1, 1, 1, 1, 
1, 1, 1, 1, 1, 1, 1, 1, 1, 1, 1, 1, 1, 1, 1, 1, 1, 3.498, 4.044, 
3.365, 3.399, 3.454, 3.276, 3.348, 3.765, 3.225, 3.245, 2.882
), .Dim = c(11L, 40L), .Dimnames = list(NULL, c("Sampling", "PSO.cost", 
"PSO.gamma", "PSO.data.balancing", "PSO.feature.selection", "PSO.valid.acc", 
"PSO.test.acc", "PSO.train.time", "PSO.n.support.vectors", "PSO.index", 
"PSO.n.solutions", "PSO.generations", "PSO.n.evaluations", "PSO.cpu.time", 
"RS.cost", "RS.gamma", "RS.data.balancing", "RS.feature.selection", 
"RS.valid.acc", "RS.test.acc", "RS.train.time", "RS.n.support.vectors", 
"RS.index", "RS.n.solutions", "RS.generations", "RS.n.evaluations", 
"RS.cpu.time", "DF.cost", "DF.gamma", "DF.data.balancing", "DF.feature.selection", 
"DF.valid.acc", "DF.test.acc", "DF.train.time", "DF.n.support.vectors", 
"DF.index", "DF.n.solutions", "DF.generations", "DF.n.evaluations", 
"DF.cpu.time")))
