full <-
structure(c(50, 55, 60, 65, 70, 75, 80, 85, 90, 95, 100, 6.9758, 
10.80385, 12.06165, 6.46497, 15, 0.18748, 0.6485, 0.6022, 1.09392, 
15, 12.56755, -3.75057, -8.39686, -10.29105, -5.48296, -11.83026, 
-2.5391, -2.37011, -3.34433, -2.96169, -14.39191, -10.04877, 
0, 0, 0, 0, 0, 0, 0, 0, 0, 0, 0, 0, 0, 0, 0, 0, 0, 0, 0, 0, 0, 
0, 0.53, 0.53857, 0.48845, 0.55357, 0.56548, 0.61071, 0.6125, 
0.62417, 0.65361, 0.64141, 0.57763, 0.47333, 0.47238, 0.44167, 
0.39821, 0.47083, 0.55893, 0.53016, 0.60556, 0.59833, 0.48727, 
0.5248, 0.0132, 0.0139, 0.016, 0.0128, 0.0171, 0.0153, 0.0163, 
0.0152, 0.0148, 0.0171, 0.0214, 40.2, 37, 41.2, 48.2, 43.4, 60.9, 
64.9, 67.9, 71.1, 58.7, 65.5, 39, 102, 295, 75, 152, 420, 1801, 
1044, 444, 107, 901, 1142, 881, 93, 1085, 562, 72, 25, 138, 203, 
726, 14, 100, 100, 100, 100, 100, 100, 100, 100, 100, 100, 100, 
2500, 2500, 2500, 2500, 2500, 2500, 2500, 2500, 2500, 2500, 2500, 
8380.11, 8518.421, 8583.941, 8653.86599999999, 8478.098, 8480.337, 
8563.219, 8492.52299999999, 8692.981, 8449.5, 8485.239, 7.26905, 
10.15186, 12.59674, 12.90256, 13.43048, 0.11372, -0.03127, 0.65668, 
0.84246, 14.94436, 13.46584, -3.8953, -8.30025, -10.48609, -6.15901, 
-10.8773, -2.34584, -2.50662, -3.50097, -2.71323, -14.24403, 
-10.53743, 0, 0, 0, 0, 0, 0, 0, 0, 0, 0, 0, 0, 0, 0, 0, 0, 0, 
0, 0, 0, 0, 0, 0.53, 0.53857, 0.48845, 0.55357, 0.55119, 0.59821, 
0.59484, 0.61417, 0.64361, 0.64141, 0.56854, 0.49, 0.45238, 0.44167, 
0.39821, 0.5119, 0.54464, 0.55694, 0.59306, 0.58833, 0.48727, 
0.5248, 0.013, 0.0133, 0.0165, 0.0139, 0.0186, 0.014, 0.014, 
0.0132, 0.0148, 0.0189, 0.0269, 40.2, 37.6, 41.2, 47.2, 43.7, 
61, 64.9, 67.5, 71.8, 58.5, 64.8, 61, 217, 1177, 402, 431, 234, 
1474, 787, 192, 455, 1090, 28, 4, 3, 26, 13, 1, 1, 1, 1, 3, 2, 
100, 100, 100, 100, 100, 100, 100, 100, 100, 100, 100, 2500, 
2500, 2500, 2500, 2500, 2500, 2500, 2500, 2500, 2500, 2500, 8452.045, 
8503.841, 8772.192, 8617.90900000001, 8689.561, 8514.889, 8490.137, 
8707.209, 8596.497, 8372.01300000001, 8440.33900000001, 1, 1, 
1, 1, 1, 1, 1, 1, 1, 1, 1, 0.11111, 0.11111, 0.11111, 0.11111, 
0.11111, 0.11111, 0.11111, 0.11111, 0.11111, 0.11111, 0.11111, 
0, 0, 0, 0, 0, 0, 0, 0, 0, 0, 0, 0, 0, 0, 0, 0, 0, 0, 0, 0, 0, 
0, 0.43667, 0.45857, 0.4256, 0.48095, 0.4869, 0.575, 0.59345, 
0.58667, 0.56472, 0.52747, 0.54667, 0.39667, 0.48095, 0.4056, 
0.40714, 0.49881, 0.55893, 0.56806, 0.52806, 0.59056, 0.5799, 
0.51662, 0.015, 0.0134, 0.0138, 0.0118, 0.0136, 0.014, 0.0148, 
0.0148, 0.0166, 0.0168, 0.0152, 41.3, 45.5, 49.6, 53.3, 57, 60.9, 
64.8, 68.6, 71.7, 75.2, 81.5, 1, 1, 1, 1, 1, 1, 1, 1, 1, 1, 1, 
1, 1, 1, 1, 1, 1, 1, 1, 1, 1, 1, 1, 1, 1, 1, 1, 1, 1, 1, 1, 1, 
1, 1, 1, 1, 1, 1, 1, 1, 1, 1, 1, 1, 3.356, 3.256, 3.478, 3.383, 
3.366, 3.368, 3.352, 3.459, 3.418, 3.69, 3.116), .Dim = c(11L, 
40L), .Dimnames = list(NULL, c("Sampling", "PSO.cost", "PSO.gamma", 
"PSO.data.balancing", "PSO.feature.selection", "PSO.valid.acc", 
"PSO.test.acc", "PSO.train.time", "PSO.n.support.vectors", "PSO.index", 
"PSO.n.solutions", "PSO.generations", "PSO.n.evaluations", "PSO.cpu.time", 
"RS.cost", "RS.gamma", "RS.data.balancing", "RS.feature.selection", 
"RS.valid.acc", "RS.test.acc", "RS.train.time", "RS.n.support.vectors", 
"RS.index", "RS.n.solutions", "RS.generations", "RS.n.evaluations", 
"RS.cpu.time", "DF.cost", "DF.gamma", "DF.data.balancing", "DF.feature.selection", 
"DF.valid.acc", "DF.test.acc", "DF.train.time", "DF.n.support.vectors", 
"DF.index", "DF.n.solutions", "DF.generations", "DF.n.evaluations", 
"DF.cpu.time")))
