full <-
structure(c(50, 55, 60, 65, 70, 75, 80, 85, 90, 95, 100, 1.46749, 
0.54667, 2.44866, 1.59946, 5.25898, 2.8912, 5.34995, 1.12646, 
1.35991, 0.71538, 15, -5.57338, -4.95611, -5.40027, -3.88072, 
-7.67907, -6.8325, -8.58882, -4.45363, -3.33358, -3.72208, -12.88107, 
0, 0, 0, 0, 0, 0, 0, 0, 0, 0, 0, 0, 0, 0, 0, 0, 0, 0, 0, 0, 0, 
0, 0.66214, 0.64119, 0.5881, 0.64548, 0.63512, 0.61012, 0.5781, 
0.6027, 0.59864, 0.57818, 0.60591, 0.60381, 0.59619, 0.53571, 
0.58476, 0.625, 0.5498, 0.5023, 0.54298, 0.48677, 0.55707, 0.5696, 
0.0115, 0.0134, 0.0144, 0.0134, 0.0137, 0.0145, 0.0153, 0.0154, 
0.0144, 0.0146, 0.0225, 39.2, 44.1, 45.2, 50.3, 50.7, 57, 58.9, 
66.7, 70.6, 73.1, 64.6, 848, 129, 445, 1150, 193, 439, 519, 1817, 
827, 433, 269, 223, 100, 274, 137, 180, 206, 198, 22, 35, 224, 
978, 100, 100, 100, 100, 100, 100, 100, 100, 100, 100, 100, 2500, 
2500, 2500, 2500, 2500, 2500, 2500, 2500, 2500, 2500, 2500, 8705.604, 
8622.808, 8484.412, 8632.916, 8683.80899999999, 8573.86599999999, 
8498.894, 8687.8, 8399.41699999999, 8406.997, 8806.53400000001, 
1.50071, 1.1147, 3.03652, 0.95205, 5.44145, 2.50408, 5.56522, 
1.0931, 1.63563, 0.75434, 14.91295, -5.32144, -6.00449, -6.05252, 
-3.69919, -7.88437, -6.32552, -8.66432, -3.97971, -3.79872, -3.61458, 
-12.80982, 0, 0, 0, 0, 0, 0, 0, 0, 0, 0, 0, 0, 0, 0, 0, 0, 0, 
0, 0, 0, 0, 0, 0.66214, 0.64119, 0.5881, 0.64548, 0.63512, 0.61012, 
0.5781, 0.5977, 0.58753, 0.57818, 0.60591, 0.60381, 0.56857, 
0.55238, 0.56298, 0.63929, 0.56409, 0.47552, 0.55548, 0.50066, 
0.55707, 0.5696, 0.0135, 0.0135, 0.0124, 0.0157, 0.0134, 0.0146, 
0.0136, 0.0141, 0.0186, 0.015, 0.0278, 38.8, 43.9, 44.7, 51.2, 
50.5, 57.1, 58.3, 66.2, 69.7, 73, 64.6, 47, 141, 1177, 1209, 
786, 406, 485, 2202, 1754, 109, 1077, 2, 20, 1, 1, 3, 4, 2, 1, 
3, 1, 2, 100, 100, 100, 100, 100, 100, 100, 100, 100, 100, 100, 
2500, 2500, 2500, 2500, 2500, 2500, 2500, 2500, 2500, 2500, 2500, 
8401.456, 8662.882, 8358.908, 8679.45199999999, 8568.70299999999, 
8549.257, 8727.55, 8659.60799999999, 8492.95300000001, 8511.171, 
8630.35900000003, 1, 1, 1, 1, 1, 1, 1, 1, 1, 1, 1, 0.11111, 0.11111, 
0.11111, 0.11111, 0.11111, 0.11111, 0.11111, 0.11111, 0.11111, 
0.11111, 0.11111, 0, 0, 0, 0, 0, 0, 0, 0, 0, 0, 0, 0, 0, 0, 0, 
0, 0, 0, 0, 0, 0, 0, 0.58714, 0.59952, 0.52381, 0.54012, 0.5506, 
0.51508, 0.50615, 0.52937, 0.52379, 0.53889, 0.55662, 0.54214, 
0.5519, 0.53571, 0.55286, 0.59226, 0.5623, 0.49754, 0.52437, 
0.50697, 0.52667, 0.51939, 0.0156, 0.0127, 0.0133, 0.0151, 0.0147, 
0.0129, 0.015, 0.0138, 0.014, 0.0153, 0.015, 40.8, 44.6, 47.9, 
52.5, 57.1, 60.6, 64, 67.6, 71.5, 74.5, 80.8, 1, 1, 1, 1, 1, 
1, 1, 1, 1, 1, 1, 1, 1, 1, 1, 1, 1, 1, 1, 1, 1, 1, 1, 1, 1, 1, 
1, 1, 1, 1, 1, 1, 1, 1, 1, 1, 1, 1, 1, 1, 1, 1, 1, 1, 3.412, 
3.291, 3.262, 3.601, 3.277, 3.432, 3.447, 3.262, 3.217, 3.365, 
3.005), .Dim = c(11L, 40L), .Dimnames = list(NULL, c("Sampling", 
"PSO.cost", "PSO.gamma", "PSO.data.balancing", "PSO.feature.selection", 
"PSO.valid.acc", "PSO.test.acc", "PSO.train.time", "PSO.n.support.vectors", 
"PSO.index", "PSO.n.solutions", "PSO.generations", "PSO.n.evaluations", 
"PSO.cpu.time", "RS.cost", "RS.gamma", "RS.data.balancing", "RS.feature.selection", 
"RS.valid.acc", "RS.test.acc", "RS.train.time", "RS.n.support.vectors", 
"RS.index", "RS.n.solutions", "RS.generations", "RS.n.evaluations", 
"RS.cpu.time", "DF.cost", "DF.gamma", "DF.data.balancing", "DF.feature.selection", 
"DF.valid.acc", "DF.test.acc", "DF.train.time", "DF.n.support.vectors", 
"DF.index", "DF.n.solutions", "DF.generations", "DF.n.evaluations", 
"DF.cpu.time")))
