full <-
structure(c(50, 55, 60, 65, 70, 75, 80, 85, 90, 95, 100, 5.18415, 
2.95054, 2.36955, 6.02427, 2.79761, 0.98122, 3.82264, 4.43035, 
0.9607, 7.86134, 0.54062, -9.29342, -4.99199, -3.82397, -9.49574, 
-3.39965, -5.44404, -8.63007, -5.20724, -4.27433, -6.53373, -4.00039, 
0, 0, 0, 0, 0, 0, 0, 0, 0, 0, 0, 0, 0, 0, 0, 0, 0, 0, 0, 0, 0, 
0, 0.68667, 0.71619, 0.68548, 0.62857, 0.69286, 0.59583, 0.62679, 
0.59492, 0.56114, 0.60293, 0.62005, 0.61667, 0.65905, 0.60536, 
0.56667, 0.5369, 0.56111, 0.5746, 0.59063, 0.50434, 0.54566, 
0.60152, 0.0136, 0.0139, 0.0146, 0.0194, 0.0152, 0.0149, 0.014, 
0.0148, 0.0137, 0.0168, 0.0144, 39.5, 42.7, 46.7, 48.4, 53.7, 
57.6, 60.2, 59.3, 68.6, 64.8, 79.9, 137, 395, 1573, 76, 1251, 
613, 877, 102, 1078, 1088, 2319, 262, 177, 97, 156, 22, 111, 
20, 332, 36, 45, 1, 100, 100, 100, 100, 100, 100, 100, 100, 100, 
100, 100, 2500, 2500, 2500, 2500, 2500, 2500, 2500, 2500, 2500, 
2500, 2500, 8680.81, 8587.909, 8550.175, 8460.471, 8632.867, 
8417.75999999999, 8598.152, 8463.538, 8506.30900000001, 8728.372, 
8695.397, 9.23903, 2.76643, 2.31945, 4.10075, 13.75371, 2.24513, 
5.72964, 4.92787, 1.14472, 9.31795, 0.91637, -12.87238, -4.84725, 
-3.75599, -7.67943, -3.44489, -2.62127, -10.58248, -5.64779, 
-4.43155, -7.10855, -4.31081, 0, 0, 0, 0, 0, 0, 0, 0, 0, 0, 0, 
0, 0, 0, 0, 0, 0, 0, 0, 0, 0, 0, 0.68667, 0.71619, 0.68548, 0.62857, 
0.68869, 0.59901, 0.62679, 0.59492, 0.55205, 0.59293, 0.62763, 
0.65333, 0.67905, 0.60536, 0.56667, 0.55119, 0.55794, 0.5746, 
0.58813, 0.49323, 0.56697, 0.59152, 0.0115, 0.014, 0.0153, 0.0136, 
0.0132, 0.0134, 0.0125, 0.0134, 0.014, 0.0212, 0.0152, 38.9, 
42.7, 46.8, 48.8, 52.9, 59.9, 60, 59, 68, 63.2, 79.2, 83, 1245, 
755, 150, 101, 45, 698, 1314, 159, 503, 1827, 48, 1, 1, 13, 32, 
2, 2, 2, 1, 2, 1, 100, 100, 100, 100, 100, 100, 100, 100, 100, 
100, 100, 2500, 2500, 2500, 2500, 2500, 2500, 2500, 2500, 2500, 
2500, 2500, 8701.755, 8583.228, 8665.904, 8710.692, 8538.85299999999, 
8551.379, 8503.37300000001, 8323.588, 8747.55300000001, 8715.152, 
8585.905, 1, 1, 1, 1, 1, 1, 1, 1, 1, 1, 1, 0.11111, 0.11111, 
0.11111, 0.11111, 0.11111, 0.11111, 0.11111, 0.11111, 0.11111, 
0.11111, 0.11111, 0, 0, 0, 0, 0, 0, 0, 0, 0, 0, 0, 0, 0, 0, 0, 
0, 0, 0, 0, 0, 0, 0, 0.52833, 0.5131, 0.52631, 0.47798, 0.55714, 
0.54365, 0.5871, 0.51913, 0.49073, 0.49455, 0.55722, 0.51667, 
0.55214, 0.56619, 0.50893, 0.52857, 0.54544, 0.57599, 0.50913, 
0.50434, 0.49455, 0.60152, 0.0119, 0.0156, 0.013, 0.0124, 0.0137, 
0.0148, 0.0178, 0.0159, 0.0143, 0.0137, 0.0174, 41.4, 44.8, 49.2, 
53, 56.1, 60.4, 64.1, 67.1, 71.4, 74.6, 80.6, 1, 1, 1, 1, 1, 
1, 1, 1, 1, 1, 1, 1, 1, 1, 1, 1, 1, 1, 1, 1, 1, 1, 1, 1, 1, 1, 
1, 1, 1, 1, 1, 1, 1, 1, 1, 1, 1, 1, 1, 1, 1, 1, 1, 1, 3.347, 
3.757, 3.231, 3.341, 3.676, 3.382, 3.67, 3.26, 3.369, 3.837, 
2.977), .Dim = c(11L, 40L), .Dimnames = list(NULL, c("Sampling", 
"PSO.cost", "PSO.gamma", "PSO.data.balancing", "PSO.feature.selection", 
"PSO.valid.acc", "PSO.test.acc", "PSO.train.time", "PSO.n.support.vectors", 
"PSO.index", "PSO.n.solutions", "PSO.generations", "PSO.n.evaluations", 
"PSO.cpu.time", "RS.cost", "RS.gamma", "RS.data.balancing", "RS.feature.selection", 
"RS.valid.acc", "RS.test.acc", "RS.train.time", "RS.n.support.vectors", 
"RS.index", "RS.n.solutions", "RS.generations", "RS.n.evaluations", 
"RS.cpu.time", "DF.cost", "DF.gamma", "DF.data.balancing", "DF.feature.selection", 
"DF.valid.acc", "DF.test.acc", "DF.train.time", "DF.n.support.vectors", 
"DF.index", "DF.n.solutions", "DF.generations", "DF.n.evaluations", 
"DF.cpu.time")))
