full <-
structure(c(50, 55, 60, 65, 70, 75, 80, 85, 90, 95, 100, 6.30988, 
14.10198, 11.93067, 1.51415, 3.74774, 1.61578, 2.05026, 2.26884, 
1.22554, 0.0939, 2.56516, -5.63081, -4.02879, -2.47772, -2.87312, 
-5.98574, -2.27851, -4.06355, -3.306, -3.62557, -3.39223, -2.35476, 
0, 0, 0, 0, 0, 0, 0, 0, 0, 0, 0, 0, 0, 0, 0, 0, 0, 0, 0, 0, 0, 
0, 0.675, 0.64667, 0.62405, 0.66429, 0.7004, 0.7081, 0.65238, 
0.65583, 0.64106, 0.59985, 0.62343, 0.65, 0.61333, 0.56988, 0.6625, 
0.64683, 0.63556, 0.63353, 0.61806, 0.59614, 0.58826, 0.57828, 
0.0135, 0.0141, 0.0141, 0.0157, 0.0162, 0.0132, 0.0146, 0.0137, 
0.0164, 0.0152, 0.0169, 35.2, 42.1, 49.3, 53.3, 50.4, 60.6, 59.8, 
65, 69.6, 74.1, 80.3, 110, 717, 306, 484, 542, 1113, 434, 475, 
389, 1211, 1514, 443, 17, 703, 359, 212, 38, 424, 328, 195, 47, 
70, 100, 100, 100, 100, 100, 100, 100, 100, 100, 100, 100, 2500, 
2500, 2500, 2500, 2500, 2500, 2500, 2500, 2500, 2500, 2500, 8379.801, 
8605.23, 8579.374, 8618.725, 8710.76599999999, 8557.08, 8591.905, 
8514.35699999999, 8680.55799999999, 8720.054, 8749.48499999999, 
6.82703, 7.69461, 12.83909, 1.0471, 4.58519, 4.09571, 3.20353, 
2.05959, 1.01201, 0.23873, 2.415, -5.79661, -4.02756, -2.49321, 
-2.77683, -6.52752, -2.27931, -4.35941, -2.86947, -3.56303, -3.33195, 
-2.27702, 0, 0, 0, 0, 0, 0, 0, 0, 0, 0, 0, 0, 0, 0, 0, 0, 0, 
0, 0, 0, 0, 0, 0.675, 0.64667, 0.62405, 0.66429, 0.68929, 0.70631, 
0.63988, 0.64472, 0.62995, 0.59985, 0.61434, 0.65, 0.61333, 0.56988, 
0.6625, 0.63016, 0.64984, 0.6006, 0.64444, 0.60725, 0.58826, 
0.57753, 0.0123, 0.0136, 0.0122, 0.0143, 0.013, 0.0138, 0.0142, 
0.0149, 0.0202, 0.0155, 0.0165, 35, 42.1, 49.3, 53.5, 49.3, 60.6, 
58, 66, 70.2, 73.8, 80.6, 13, 2361, 1894, 1808, 1283, 336, 1663, 
495, 1120, 2374, 1981, 2, 1, 1, 1, 1, 5, 2, 1, 2, 1, 1, 100, 
100, 100, 100, 100, 100, 100, 100, 100, 100, 100, 2500, 2500, 
2500, 2500, 2500, 2500, 2500, 2500, 2500, 2500, 2500, 8706.581, 
8582.793, 8712.378, 8668.961, 8555.996, 8540.06999999999, 8460.64899999999, 
8747.31399999998, 8758.64300000001, 8528.85699999999, 8460.17600000001, 
1, 1, 1, 1, 1, 1, 1, 1, 1, 1, 1, 0.11111, 0.11111, 0.11111, 0.11111, 
0.11111, 0.11111, 0.11111, 0.11111, 0.11111, 0.11111, 0.11111, 
0, 0, 0, 0, 0, 0, 0, 0, 0, 0, 0, 0, 0, 0, 0, 0, 0, 0, 0, 0, 0, 
0, 0.51667, 0.52667, 0.47369, 0.50714, 0.59683, 0.54433, 0.55258, 
0.57639, 0.56732, 0.56735, 0.55636, 0.50833, 0.50667, 0.49036, 
0.48036, 0.58433, 0.55611, 0.52758, 0.58889, 0.57641, 0.56694, 
0.54434, 0.0126, 0.0158, 0.0124, 0.0127, 0.0133, 0.016, 0.0139, 
0.0171, 0.0159, 0.0149, 0.0144, 41.5, 45.1, 49.1, 53, 57.1, 60.7, 
63.9, 67.6, 72.6, 74.4, 80.7, 1, 1, 1, 1, 1, 1, 1, 1, 1, 1, 1, 
1, 1, 1, 1, 1, 1, 1, 1, 1, 1, 1, 1, 1, 1, 1, 1, 1, 1, 1, 1, 1, 
1, 1, 1, 1, 1, 1, 1, 1, 1, 1, 1, 1, 3.355, 3.547, 3.357, 3.182, 
3.299, 3.532, 3.383, 3.546, 3.483, 3.348, 2.919), .Dim = c(11L, 
40L), .Dimnames = list(NULL, c("Sampling", "PSO.cost", "PSO.gamma", 
"PSO.data.balancing", "PSO.feature.selection", "PSO.valid.acc", 
"PSO.test.acc", "PSO.train.time", "PSO.n.support.vectors", "PSO.index", 
"PSO.n.solutions", "PSO.generations", "PSO.n.evaluations", "PSO.cpu.time", 
"RS.cost", "RS.gamma", "RS.data.balancing", "RS.feature.selection", 
"RS.valid.acc", "RS.test.acc", "RS.train.time", "RS.n.support.vectors", 
"RS.index", "RS.n.solutions", "RS.generations", "RS.n.evaluations", 
"RS.cpu.time", "DF.cost", "DF.gamma", "DF.data.balancing", "DF.feature.selection", 
"DF.valid.acc", "DF.test.acc", "DF.train.time", "DF.n.support.vectors", 
"DF.index", "DF.n.solutions", "DF.generations", "DF.n.evaluations", 
"DF.cpu.time")))
