full <-
structure(c(50, 55, 60, 65, 70, 75, 80, 85, 90, 95, 100, 9.5699, 
11.36937, 12.54791, 11.46688, 11.79801, 1.12538, 7.25708, 1.7035, 
1.72381, 0.99575, 10.14228, -4.067, -6.81644, -9.18627, -2.60126, 
-6.5379, -3.62662, -7.59505, -3.88844, -4.17012, -4.25731, -9.48095, 
0, 0, 0, 0, 0, 0, 0, 0, 0, 0, 0, 0, 0, 0, 0, 0, 0, 0, 0, 0, 0, 
0, 0.655, 0.62667, 0.6, 0.61905, 0.62798, 0.60992, 0.61647, 0.62948, 
0.57583, 0.65659, 0.6104, 0.56833, 0.52333, 0.4881, 0.54226, 
0.53512, 0.52639, 0.57111, 0.5956, 0.56611, 0.56369, 0.5096, 
0.0155, 0.0143, 0.0148, 0.0137, 0.0161, 0.0149, 0.0163, 0.0138, 
0.0148, 0.0131, 0.0156, 37.4, 36.2, 38, 51.9, 43.3, 58.9, 52.7, 
65.3, 68.2, 73.9, 66.5, 75, 41, 186, 196, 44, 2389, 753, 407, 
278, 523, 180, 726, 1466, 132, 612, 1440, 1, 99, 347, 452, 657, 
421, 100, 100, 100, 100, 100, 100, 100, 100, 100, 100, 100, 2500, 
2500, 2500, 2500, 2500, 2500, 2500, 2500, 2500, 2500, 2500, 8451.095, 
8665.912, 8534.454, 8644.608, 8493.11599999999, 8485.503, 8634.89600000001, 
8692.148, 8707.06299999999, 8410.99099999998, 8608.62, 3.77601, 
9.60723, 9.95833, 12.09196, 13.08569, 1.78375, 6.28818, 1.13182, 
2.06423, 1.03519, 10.45473, -4.04794, -5.56539, -7.85948, -2.68679, 
-6.79518, -3.99388, -7.10067, -3.33964, -4.47955, -4.42951, -9.70446, 
0, 0, 0, 0, 0, 0, 0, 0, 0, 0, 0, 0, 0, 0, 0, 0, 0, 0, 0, 0, 0, 
0, 0.655, 0.62667, 0.6, 0.61905, 0.62798, 0.60496, 0.60536, 0.6152, 
0.56472, 0.65659, 0.6104, 0.56833, 0.52333, 0.49048, 0.54226, 
0.55179, 0.57996, 0.5475, 0.54548, 0.56611, 0.57278, 0.50051, 
0.0119, 0.0143, 0.0146, 0.0131, 0.013, 0.0155, 0.0138, 0.02, 
0.0135, 0.0151, 0.0218, 37.3, 38.2, 39.1, 51.6, 43.3, 57.7, 53.9, 
66.3, 67.7, 74.2, 65.8, 279, 26, 1460, 67, 50, 1466, 1979, 746, 
2065, 415, 782, 17, 119, 1, 34, 15, 1, 1, 1, 1, 2, 6, 100, 100, 
100, 100, 100, 100, 100, 100, 100, 100, 100, 2500, 2500, 2500, 
2500, 2500, 2500, 2500, 2500, 2500, 2500, 2500, 8742.963, 8633.658, 
8706.289, 8434.65499999999, 8618.84299999999, 8555.202, 8655.19500000001, 
8728.917, 8596.22300000003, 8407.95500000002, 8595.86300000001, 
1, 1, 1, 1, 1, 1, 1, 1, 1, 1, 1, 0.11111, 0.11111, 0.11111, 0.11111, 
0.11111, 0.11111, 0.11111, 0.11111, 0.11111, 0.11111, 0.11111, 
0, 0, 0, 0, 0, 0, 0, 0, 0, 0, 0, 0, 0, 0, 0, 0, 0, 0, 0, 0, 0, 
0, 0.54, 0.52333, 0.51905, 0.55298, 0.5, 0.54841, 0.51607, 0.52325, 
0.53972, 0.56965, 0.54106, 0.515, 0.52, 0.45476, 0.5381, 0.52679, 
0.50456, 0.50607, 0.55369, 0.52639, 0.55826, 0.55106, 0.0118, 
0.0138, 0.0135, 0.0137, 0.013, 0.0127, 0.0144, 0.0164, 0.0147, 
0.0144, 0.0142, 39.4, 44.5, 48, 51.5, 55.5, 60, 64, 68.2, 71.4, 
75.7, 80.9, 1, 1, 1, 1, 1, 1, 1, 1, 1, 1, 1, 1, 1, 1, 1, 1, 1, 
1, 1, 1, 1, 1, 1, 1, 1, 1, 1, 1, 1, 1, 1, 1, 1, 1, 1, 1, 1, 1, 
1, 1, 1, 1, 1, 1, 3.825, 3.673, 3.43, 3.273, 3.654, 3.358, 3.418, 
4.161, 3.152, 3.218, 2.798), .Dim = c(11L, 40L), .Dimnames = list(
    NULL, c("Sampling", "PSO.cost", "PSO.gamma", "PSO.data.balancing", 
    "PSO.feature.selection", "PSO.valid.acc", "PSO.test.acc", 
    "PSO.train.time", "PSO.n.support.vectors", "PSO.index", "PSO.n.solutions", 
    "PSO.generations", "PSO.n.evaluations", "PSO.cpu.time", "RS.cost", 
    "RS.gamma", "RS.data.balancing", "RS.feature.selection", 
    "RS.valid.acc", "RS.test.acc", "RS.train.time", "RS.n.support.vectors", 
    "RS.index", "RS.n.solutions", "RS.generations", "RS.n.evaluations", 
    "RS.cpu.time", "DF.cost", "DF.gamma", "DF.data.balancing", 
    "DF.feature.selection", "DF.valid.acc", "DF.test.acc", "DF.train.time", 
    "DF.n.support.vectors", "DF.index", "DF.n.solutions", "DF.generations", 
    "DF.n.evaluations", "DF.cpu.time")))
