full <-
structure(c(50, 55, 60, 65, 70, 75, 80, 85, 90, 95, 100, 6.74865, 
6.56787, 3.08728, 4.15902, 3.55554, 1.9873, 10.00126, 1.01817, 
0.95543, 2.04853, 3.94148, -9.94222, -11.55222, -6.13607, -9.29265, 
-8.74024, -5.13666, -12.02703, -4.76954, -3.86759, -4.75041, 
-3.43886, 0, 0, 0, 0, 0, 0, 0, 0, 0, 0, 0, 0, 0, 0, 0, 0, 0, 
0, 0, 0, 0, 0, 0.57333, 0.62143, 0.6344, 0.56679, 0.57321, 0.58214, 
0.56925, 0.60139, 0.61778, 0.59404, 0.62091, 0.545, 0.52262, 
0.60036, 0.54952, 0.52738, 0.47857, 0.55397, 0.58889, 0.55222, 
0.57182, 0.56455, 0.0124, 0.0139, 0.0142, 0.0123, 0.0142, 0.0156, 
0.014, 0.0143, 0.0197, 0.0147, 0.0156, 37.6, 43.9, 44.8, 52.1, 
56.2, 57.3, 55.8, 66.8, 69.8, 70.3, 76.3, 83, 147, 394, 8, 61, 
460, 116, 607, 645, 2290, 170, 137, 51, 147, 138, 34, 335, 186, 
221, 179, 1, 527, 100, 100, 100, 100, 100, 100, 100, 100, 100, 
100, 100, 2500, 2500, 2500, 2500, 2500, 2500, 2500, 2500, 2500, 
2500, 2500, 8263.593, 8577.592, 8475.877, 8423.983, 8677.262, 
8574.605, 8722.413, 8520.09800000001, 8594.79000000001, 8461.81600000002, 
8389.24900000001, 6.44718, 2.1505, 3.6222, 2.47362, 2.08859, 
1.40645, 10.60112, 1.33293, 1.10707, 3.13286, 3.63303, -9.7953, 
-6.95476, -5.86263, -5.05361, -7.18675, -4.62116, -12.40914, 
-5.40192, -3.32115, -5.14262, -3.36968, 0, 0, 0, 0, 0, 0, 0, 
0, 0, 0, 0, 0, 0, 0, 0, 0, 0, 0, 0, 0, 0, 0, 0.57333, 0.62143, 
0.6269, 0.57452, 0.57321, 0.58214, 0.56925, 0.59167, 0.60556, 
0.59, 0.62091, 0.52833, 0.5369, 0.57619, 0.51762, 0.52738, 0.50357, 
0.52897, 0.58889, 0.58444, 0.5496, 0.56455, 0.0136, 0.0118, 0.0142, 
0.0134, 0.012, 0.0135, 0.0143, 0.0143, 0.0158, 0.017, 0.0162, 
37.9, 44.2, 43.6, 49, 56.6, 58.2, 55, 65.9, 69.6, 68, 76.6, 107, 
1867, 578, 1384, 1710, 1963, 1063, 2470, 2204, 1509, 1842, 7, 
1, 2, 1, 2, 2, 3, 1, 1, 2, 1, 100, 100, 100, 100, 100, 100, 100, 
100, 100, 100, 100, 2500, 2500, 2500, 2500, 2500, 2500, 2500, 
2500, 2500, 2500, 2500, 8566.259, 8465.526, 8501.932, 8620.42800000001, 
8559.356, 8600.143, 8611.66100000001, 8771.15599999999, 8449.60200000001, 
8374.20600000001, 8532.91, 1, 1, 1, 1, 1, 1, 1, 1, 1, 1, 1, 0.11111, 
0.11111, 0.11111, 0.11111, 0.11111, 0.11111, 0.11111, 0.11111, 
0.11111, 0.11111, 0.11111, 0, 0, 0, 0, 0, 0, 0, 0, 0, 0, 0, 0, 
0, 0, 0, 0, 0, 0, 0, 0, 0, 0, 0.455, 0.52024, 0.52083, 0.51917, 
0.47798, 0.51786, 0.49425, 0.53194, 0.51889, 0.52051, 0.57273, 
0.43, 0.48929, 0.52655, 0.56857, 0.50238, 0.45, 0.47996, 0.52222, 
0.48778, 0.56586, 0.53364, 0.013, 0.0114, 0.0122, 0.0132, 0.0136, 
0.0136, 0.0149, 0.0145, 0.0174, 0.0156, 0.0152, 41.5, 45.5, 49.2, 
53.3, 57.4, 60.7, 64.7, 68.3, 71.7, 75.7, 80.8, 1, 1, 1, 1, 1, 
1, 1, 1, 1, 1, 1, 1, 1, 1, 1, 1, 1, 1, 1, 1, 1, 1, 1, 1, 1, 1, 
1, 1, 1, 1, 1, 1, 1, 1, 1, 1, 1, 1, 1, 1, 1, 1, 1, 1, 3.785, 
3.274, 3.253, 3.712, 3.252, 3.4, 3.372, 3.484, 3.998, 3.251, 
3.393), .Dim = c(11L, 40L), .Dimnames = list(NULL, c("Sampling", 
"PSO.cost", "PSO.gamma", "PSO.data.balancing", "PSO.feature.selection", 
"PSO.valid.acc", "PSO.test.acc", "PSO.train.time", "PSO.n.support.vectors", 
"PSO.index", "PSO.n.solutions", "PSO.generations", "PSO.n.evaluations", 
"PSO.cpu.time", "RS.cost", "RS.gamma", "RS.data.balancing", "RS.feature.selection", 
"RS.valid.acc", "RS.test.acc", "RS.train.time", "RS.n.support.vectors", 
"RS.index", "RS.n.solutions", "RS.generations", "RS.n.evaluations", 
"RS.cpu.time", "DF.cost", "DF.gamma", "DF.data.balancing", "DF.feature.selection", 
"DF.valid.acc", "DF.test.acc", "DF.train.time", "DF.n.support.vectors", 
"DF.index", "DF.n.solutions", "DF.generations", "DF.n.evaluations", 
"DF.cpu.time")))
