full <-
structure(c(50, 55, 60, 65, 70, 75, 80, 85, 90, 95, 100, 1.58431, 
4.02604, 13.87813, 7.5659, 1.22297, 2.42269, 9.88562, 11.92096, 
2.58774, 5.24398, 7.13124, -3.3132, -4.64113, -13.19335, -8.09691, 
-2.99362, -3.47888, -10.0127, -3.17534, -3.21777, -4.63744, -8.10923, 
0, 0, 0, 0, 0, 0, 0, 0, 0, 0, 0, 0, 0, 0, 0, 0, 0, 0, 0, 0, 0, 
0, 0.57167, 0.59786, 0.5481, 0.61905, 0.61329, 0.6369, 0.55679, 
0.58294, 0.63167, 0.60745, 0.58833, 0.535, 0.4631, 0.52905, 0.48631, 
0.58155, 0.56409, 0.52722, 0.5902, 0.54111, 0.48114, 0.55965, 
0.0111, 0.0107, 0.0119, 0.0121, 0.013, 0.0129, 0.0125, 0.0134, 
0.0129, 0.0135, 0.0135, 41.4, 42.5, 40.6, 44.9, 56.2, 57.6, 54.4, 
65.1, 68.4, 67.2, 69.3, 764, 756, 20, 896, 1095, 2117, 685, 547, 
799, 1356, 435, 52, 48, 362, 59, 63, 2, 63, 792, 201, 36, 87, 
100, 100, 100, 100, 100, 100, 100, 100, 100, 100, 100, 2500, 
2500, 2500, 2500, 2500, 2500, 2500, 2500, 2500, 2500, 2500, 6587.354, 
6596.327, 6581.612, 6662.891, 6568.04, 6529.758, 6428.967, 6268.454, 
6276.696, 6230.77899999999, 6235.23700000001, 8.83185, 4.02059, 
10.93689, 7.18038, 6.59325, 1.90832, 9.27534, 4.58843, 2.57298, 
0.95757, 6.19498, -2.97482, -5.14626, -11.82346, -9.63439, -3.10034, 
-3.88107, -9.52027, -3.17284, -3.19392, -2.43537, -6.14442, 0, 
0, 0, 0, 0, 0, 0, 0, 0, 0, 0, 0, 0, 0, 0, 0, 0, 0, 0, 0, 0, 0, 
0.555, 0.58976, 0.5481, 0.61071, 0.6004, 0.62401, 0.55679, 0.58294, 
0.62167, 0.60376, 0.57874, 0.515, 0.46643, 0.51952, 0.45952, 
0.58472, 0.5756, 0.51472, 0.5902, 0.54111, 0.55106, 0.49904, 
0.0118, 0.0119, 0.0121, 0.0125, 0.0118, 0.0113, 0.0137, 0.0127, 
0.0124, 0.0129, 0.0135, 41.3, 41.8, 43.2, 47.9, 54.9, 58, 54.3, 
65.1, 68.5, 75.9, 70.5, 28, 1373, 17, 1211, 105, 43, 1238, 359, 
2083, 2273, 583, 65, 1, 15, 5, 24, 4, 1, 3, 1, 1, 6, 100, 100, 
100, 100, 100, 100, 100, 100, 100, 100, 100, 2500, 2500, 2500, 
2500, 2500, 2500, 2500, 2500, 2500, 2500, 2500, 6588.402, 6557.632, 
6543.387, 6674.806, 6609.512, 6462.935, 6358.891, 6237.478, 6160.648, 
6244.567, 6302.348, 1, 1, 1, 1, 1, 1, 1, 1, 1, 1, 1, 0.11111, 
0.11111, 0.11111, 0.11111, 0.11111, 0.11111, 0.11111, 0.11111, 
0.11111, 0.11111, 0.11111, 0, 0, 0, 0, 0, 0, 0, 0, 0, 0, 0, 0, 
0, 0, 0, 0, 0, 0, 0, 0, 0, 0, 0.44, 0.44286, 0.47714, 0.47798, 
0.51825, 0.54365, 0.49317, 0.51143, 0.56806, 0.54343, 0.53217, 
0.46833, 0.44286, 0.44619, 0.46369, 0.53254, 0.48651, 0.505, 
0.52187, 0.53083, 0.55725, 0.55465, 0.0114, 0.0105, 0.0107, 0.0123, 
0.0118, 0.0136, 0.0129, 0.0121, 0.0122, 0.0129, 0.0133, 41.6, 
45.1, 49.5, 52.9, 56.7, 60.7, 64.7, 69, 71.6, 75.9, 81.1, 1, 
1, 1, 1, 1, 1, 1, 1, 1, 1, 1, 1, 1, 1, 1, 1, 1, 1, 1, 1, 1, 1, 
1, 1, 1, 1, 1, 1, 1, 1, 1, 1, 1, 1, 1, 1, 1, 1, 1, 1, 1, 1, 1, 
1, 2.695, 2.475, 2.53, 2.715, 2.551, 2.67, 2.63, 2.462, 2.439, 
2.47, 2.479), .Dim = c(11L, 40L), .Dimnames = list(NULL, c("Sampling", 
"PSO.cost", "PSO.gamma", "PSO.data.balancing", "PSO.feature.selection", 
"PSO.valid.acc", "PSO.test.acc", "PSO.train.time", "PSO.n.support.vectors", 
"PSO.index", "PSO.n.solutions", "PSO.generations", "PSO.n.evaluations", 
"PSO.cpu.time", "RS.cost", "RS.gamma", "RS.data.balancing", "RS.feature.selection", 
"RS.valid.acc", "RS.test.acc", "RS.train.time", "RS.n.support.vectors", 
"RS.index", "RS.n.solutions", "RS.generations", "RS.n.evaluations", 
"RS.cpu.time", "DF.cost", "DF.gamma", "DF.data.balancing", "DF.feature.selection", 
"DF.valid.acc", "DF.test.acc", "DF.train.time", "DF.n.support.vectors", 
"DF.index", "DF.n.solutions", "DF.generations", "DF.n.evaluations", 
"DF.cpu.time")))
