full <-
structure(c(50, 55, 60, 65, 70, 75, 80, 85, 90, 95, 100, 0.27622, 
6.24162, 9.12209, 7.49247, 0.65145, 3.2097, 1.15444, 3.87643, 
14.0072, 0.90185, 3.64647, -2.77717, -2.66846, -4.44619, -2.21351, 
-3.20857, -2.44766, -3.30602, -3.9996, -15, -3.24406, -6.37142, 
0, 0, 0, 0, 0, 0, 0, 0, 0, 0, 0, 0, 0, 0, 0, 0, 0, 0, 0, 0, 0, 
0, 0.62333, 0.63048, 0.62952, 0.61667, 0.68075, 0.61607, 0.60198, 
0.6, 0.52669, 0.59624, 0.58636, 0.56333, 0.60048, 0.53095, 0.5506, 
0.61786, 0.61964, 0.55837, 0.53889, 0.47197, 0.58194, 0.56818, 
0.013, 0.0131, 0.0121, 0.0126, 0.0137, 0.0135, 0.0137, 0.0135, 
0.0137, 0.0155, 0.0158, 41.2, 44.8, 45.7, 53.1, 56.5, 59.1, 61.5, 
61.7, 58.2, 72.4, 73.9, 1330, 49, 35, 29, 615, 65, 2075, 629, 
72, 863, 44, 121, 1464, 1477, 1108, 284, 719, 1, 170, 100, 88, 
343, 100, 100, 100, 100, 100, 100, 100, 100, 100, 100, 100, 2500, 
2500, 2500, 2500, 2500, 2500, 2500, 2500, 2500, 2500, 2500, 8669.505, 
8466.423, 8598, 8635.243, 8633.658, 8626.83, 8556.001, 8458.061, 
8400.16399999999, 8593.96599999999, 8683.47500000001, 0.28023, 
1.73724, 12.7832, 3.99375, 0.84802, 10.27932, 0.97413, 4.72591, 
5.31981, 0.90114, 1.84507, -2.93552, -2.37754, -4.50405, -2.15759, 
-3.14671, -2.46248, -3.32791, -4.31194, -7.28126, -3.31769, -5.23832, 
0, 0, 0, 0, 0, 0, 0, 0, 0, 0, 0, 0, 0, 0, 0, 0, 0, 0, 0, 0, 0, 
0, 0.60667, 0.64476, 0.62952, 0.61667, 0.66825, 0.61607, 0.5752, 
0.58889, 0.52899, 0.58624, 0.58727, 0.54333, 0.62048, 0.53095, 
0.52381, 0.61786, 0.60714, 0.56659, 0.53889, 0.48447, 0.59306, 
0.57636, 0.0132, 0.0119, 0.0117, 0.014, 0.0143, 0.0153, 0.0149, 
0.0154, 0.0146, 0.0151, 0.0163, 41.1, 45.1, 45.5, 53.1, 56.3, 
59.1, 61.7, 60.6, 62.5, 72.1, 76.4, 2495, 1142, 154, 88, 1893, 
6, 1420, 1010, 2364, 1454, 1952, 1, 2, 34, 8, 1, 21, 1, 2, 2, 
2, 1, 100, 100, 100, 100, 100, 100, 100, 100, 100, 100, 100, 
2500, 2500, 2500, 2500, 2500, 2500, 2500, 2500, 2500, 2500, 2500, 
8384.16, 8472.72, 8722.587, 8584.89, 8530.86500000001, 8575.249, 
8526.086, 8559.351, 8395.95600000001, 8736.25399999999, 8428.60800000001, 
1, 1, 1, 1, 1, 1, 1, 1, 1, 1, 1, 0.11111, 0.11111, 0.11111, 0.11111, 
0.11111, 0.11111, 0.11111, 0.11111, 0.11111, 0.11111, 0.11111, 
0, 0, 0, 0, 0, 0, 0, 0, 0, 0, 0, 0, 0, 0, 0, 0, 0, 0, 0, 0, 0, 
0, 0.58333, 0.52381, 0.51095, 0.6, 0.58175, 0.5625, 0.5277, 0.55417, 
0.51399, 0.56374, 0.54727, 0.58, 0.53048, 0.46571, 0.47381, 0.56647, 
0.60357, 0.50298, 0.56667, 0.5228, 0.55876, 0.57545, 0.0117, 
0.0144, 0.0127, 0.0142, 0.013, 0.0151, 0.0152, 0.0142, 0.0156, 
0.0149, 0.0177, 41.2, 44.9, 49.2, 53, 56.7, 59.5, 63.5, 67.1, 
69.8, 74.4, 81.1, 1, 1, 1, 1, 1, 1, 1, 1, 1, 1, 1, 1, 1, 1, 1, 
1, 1, 1, 1, 1, 1, 1, 1, 1, 1, 1, 1, 1, 1, 1, 1, 1, 1, 1, 1, 1, 
1, 1, 1, 1, 1, 1, 1, 1, 3.285, 3.292, 3.374, 3.227, 3.267, 3.378, 
3.351, 3.301, 3.616, 3.334, 3.719), .Dim = c(11L, 40L), .Dimnames = list(
    NULL, c("Sampling", "PSO.cost", "PSO.gamma", "PSO.data.balancing", 
    "PSO.feature.selection", "PSO.valid.acc", "PSO.test.acc", 
    "PSO.train.time", "PSO.n.support.vectors", "PSO.index", "PSO.n.solutions", 
    "PSO.generations", "PSO.n.evaluations", "PSO.cpu.time", "RS.cost", 
    "RS.gamma", "RS.data.balancing", "RS.feature.selection", 
    "RS.valid.acc", "RS.test.acc", "RS.train.time", "RS.n.support.vectors", 
    "RS.index", "RS.n.solutions", "RS.generations", "RS.n.evaluations", 
    "RS.cpu.time", "DF.cost", "DF.gamma", "DF.data.balancing", 
    "DF.feature.selection", "DF.valid.acc", "DF.test.acc", "DF.train.time", 
    "DF.n.support.vectors", "DF.index", "DF.n.solutions", "DF.generations", 
    "DF.n.evaluations", "DF.cpu.time")))
