full <-
structure(c(50, 55, 60, 65, 70, 75, 80, 85, 90, 95, 100, 2.92323, 
11.71423, 5.16827, 9.65942, 11.84944, 7.06461, 8.22098, 11.21494, 
13.61007, 3.01884, 5.16715, -3.77449, -2.61153, -2.20649, -13.36396, 
-14.27209, -10.87028, -4.47838, -3.19401, -9.62401, -5.42863, 
-7.67879, 0, 0, 0, 0, 0, 0, 0, 0, 0, 0, 0, 0, 0, 0, 0, 0, 0, 
0, 0, 0, 0, 0, 0.66167, 0.63, 0.60524, 0.58976, 0.57976, 0.5869, 
0.56448, 0.57938, 0.60129, 0.62374, 0.57919, 0.60167, 0.61333, 
0.56714, 0.5719, 0.51012, 0.5621, 0.49087, 0.49589, 0.52886, 
0.56167, 0.50455, 0.0166, 0.0129, 0.013, 0.012, 0.0163, 0.0138, 
0.0136, 0.0159, 0.0245, 0.0146, 0.0147, 38.6, 44.4, 49, 46.5, 
49.3, 54.1, 57.8, 64.9, 57.5, 67.8, 71.3, 132, 587, 312, 126, 
200, 418, 3, 474, 411, 959, 216, 458, 510, 714, 96, 134, 43, 
1454, 185, 94, 46, 114, 100, 100, 100, 100, 100, 100, 100, 100, 
100, 100, 100, 2500, 2500, 2500, 2500, 2500, 2500, 2500, 2500, 
2500, 2500, 2500, 8715.557, 8466.915, 8526.70699999999, 8639.52899999999, 
8677.77, 8590.65699999999, 8609.716, 8422.958, 8614.68400000001, 
8695.171, 8677.91200000001, 2.52627, 1.27721, 10.43473, 3.02139, 
11.54755, 5.73586, 13.86093, 8.6861, 14.33802, 1.86683, 0.78823, 
-3.64905, -4.57501, -2.29752, -6.76005, -13.76075, -9.55339, 
-4.36874, -13.95483, -9.98102, -4.66163, -4.13126, 0, 0, 0, 0, 
0, 0, 0, 0, 0, 0, 0, 0, 0, 0, 0, 0, 0, 0, 0, 0, 0, 0, 0.66167, 
0.64667, 0.60524, 0.60798, 0.57976, 0.5869, 0.56448, 0.58077, 
0.59129, 0.61576, 0.5701, 0.60167, 0.57333, 0.54095, 0.55524, 
0.48333, 0.5621, 0.49087, 0.5651, 0.52886, 0.54667, 0.49545, 
0.0122, 0.0122, 0.0156, 0.012, 0.0133, 0.0133, 0.0153, 0.0173, 
0.0324, 0.0143, 0.0144, 39.4, 41.4, 49, 47.7, 49.1, 54.5, 58, 
64.3, 57.3, 69.6, 78.5, 571, 2261, 13, 1021, 169, 2268, 52, 851, 
420, 360, 410, 9, 1, 12, 1, 4, 1, 71, 3, 2, 2, 1, 100, 100, 100, 
100, 100, 100, 100, 100, 100, 100, 100, 2500, 2500, 2500, 2500, 
2500, 2500, 2500, 2500, 2500, 2500, 2500, 8345.963, 8483.317, 
8412.062, 8445.99599999999, 8566.58900000001, 8547.87000000001, 
8464.061, 8400.27099999999, 8560.829, 8771.97100000002, 8713.71799999999, 
1, 1, 1, 1, 1, 1, 1, 1, 1, 1, 1, 0.11111, 0.11111, 0.11111, 0.11111, 
0.11111, 0.11111, 0.11111, 0.11111, 0.11111, 0.11111, 0.11111, 
0, 0, 0, 0, 0, 0, 0, 0, 0, 0, 0, 0, 0, 0, 0, 0, 0, 0, 0, 0, 0, 
0, 0.56833, 0.54333, 0.5219, 0.51, 0.5369, 0.49683, 0.50933, 
0.50538, 0.48586, 0.56076, 0.51566, 0.55667, 0.52667, 0.48857, 
0.49512, 0.5244, 0.5246, 0.49544, 0.49426, 0.48788, 0.52667, 
0.46712, 0.0116, 0.0122, 0.0144, 0.0139, 0.0128, 0.0133, 0.0162, 
0.0144, 0.0131, 0.0153, 0.0148, 41, 44.6, 48.2, 52.3, 55.4, 60.1, 
64, 67.3, 71.5, 75, 80.7, 1, 1, 1, 1, 1, 1, 1, 1, 1, 1, 1, 1, 
1, 1, 1, 1, 1, 1, 1, 1, 1, 1, 1, 1, 1, 1, 1, 1, 1, 1, 1, 1, 1, 
1, 1, 1, 1, 1, 1, 1, 1, 1, 1, 1, 3.294, 3.275, 3.764, 3.422, 
3.253, 3.117, 3.641, 3.291, 3.289, 3.449, 3.373), .Dim = c(11L, 
40L), .Dimnames = list(NULL, c("Sampling", "PSO.cost", "PSO.gamma", 
"PSO.data.balancing", "PSO.feature.selection", "PSO.valid.acc", 
"PSO.test.acc", "PSO.train.time", "PSO.n.support.vectors", "PSO.index", 
"PSO.n.solutions", "PSO.generations", "PSO.n.evaluations", "PSO.cpu.time", 
"RS.cost", "RS.gamma", "RS.data.balancing", "RS.feature.selection", 
"RS.valid.acc", "RS.test.acc", "RS.train.time", "RS.n.support.vectors", 
"RS.index", "RS.n.solutions", "RS.generations", "RS.n.evaluations", 
"RS.cpu.time", "DF.cost", "DF.gamma", "DF.data.balancing", "DF.feature.selection", 
"DF.valid.acc", "DF.test.acc", "DF.train.time", "DF.n.support.vectors", 
"DF.index", "DF.n.solutions", "DF.generations", "DF.n.evaluations", 
"DF.cpu.time")))
