full <-
structure(c(50, 55, 60, 65, 70, 75, 80, 85, 90, 95, 100, 4.04687, 
7.75725, 9.95639, 10.71629, 7.31571, 3.38172, 1.93991, 1.61432, 
6.85457, 13.36776, 10.39144, -7.91081, -12.79409, -15, -13.65061, 
-11.10865, -7.02117, -5.36408, -4.7411, -8.63401, -15, -9.77128, 
0, 0, 0, 0, 0, 0, 0, 0, 0, 0, 0, 0, 0, 0, 0, 0, 0, 0, 0, 0, 0, 
0, 0.6231, 0.63333, 0.62619, 0.65714, 0.60794, 0.65258, 0.68968, 
0.6219, 0.61667, 0.59596, 0.58485, 0.55619, 0.6, 0.60536, 0.6119, 
0.56825, 0.60972, 0.55873, 0.60575, 0.59417, 0.58798, 0.54035, 
0.0147, 0.0145, 0.013, 0.015, 0.0113, 0.0127, 0.0142, 0.0166, 
0.0138, 0.0147, 0.0174, 38.4, 43.5, 47.2, 45.3, 51.2, 54.3, 59.3, 
64.3, 60.9, 63.9, 66, 70, 194, 115, 402, 118, 743, 1362, 593, 
33, 926, 38, 129, 73, 189, 82, 341, 37, 73, 368, 600, 68, 511, 
100, 100, 100, 100, 100, 100, 100, 100, 100, 100, 100, 2500, 
2500, 2500, 2500, 2500, 2500, 2500, 2500, 2500, 2500, 2500, 8675.106, 
8458.614, 8572.161, 8541.50900000001, 8386.71100000001, 8459.07399999999, 
8528.34999999999, 8526.609, 8401.20699999999, 8685.774, 8636.158, 
10.22928, 5.75597, 0.34146, 10.717, 8.14624, 8.59394, 2.40961, 
1.46662, 1.43351, 11.26983, 1.807, -14.21452, -10.79891, -4.49459, 
-13.65295, -12.12775, -12.28275, -5.62156, -4.48522, -4.73701, 
-12.96666, -2.88629, 0, 0, 0, 0, 0, 0, 0, 0, 0, 0, 0, 0, 0, 0, 
0, 0, 0, 0, 0, 0, 0, 0, 0.6231, 0.63333, 0.6319, 0.65714, 0.60794, 
0.65079, 0.68968, 0.6219, 0.62028, 0.59596, 0.60429, 0.55619, 
0.6, 0.5744, 0.6119, 0.58075, 0.59901, 0.61052, 0.60575, 0.55111, 
0.56778, 0.5746, 0.0129, 0.0117, 0.0117, 0.0134, 0.0125, 0.0135, 
0.0131, 0.0157, 0.0132, 0.0149, 0.0159, 38.6, 43.5, 47.9, 45.4, 
51.5, 54.2, 58.6, 64.2, 67.7, 64.3, 79.2, 223, 332, 501, 596, 
24, 9, 72, 1093, 2214, 514, 234, 13, 7, 1, 3, 28, 12, 2, 1, 1, 
2, 1, 100, 100, 100, 100, 100, 100, 100, 100, 100, 100, 100, 
2500, 2500, 2500, 2500, 2500, 2500, 2500, 2500, 2500, 2500, 2500, 
8395.339, 8469.794, 8592.193, 8455.577, 8715.356, 8533.281, 8644.102, 
8395.29999999999, 8556.78699999998, 8722.06199999998, 8731.32500000001, 
1, 1, 1, 1, 1, 1, 1, 1, 1, 1, 1, 0.11111, 0.11111, 0.11111, 0.11111, 
0.11111, 0.11111, 0.11111, 0.11111, 0.11111, 0.11111, 0.11111, 
0, 0, 0, 0, 0, 0, 0, 0, 0, 0, 0, 0, 0, 0, 0, 0, 0, 0, 0, 0, 0, 
0, 0.53024, 0.53, 0.56762, 0.53571, 0.52937, 0.58433, 0.56806, 
0.53683, 0.55806, 0.56889, 0.50939, 0.56119, 0.53, 0.53095, 0.53571, 
0.56032, 0.59722, 0.56012, 0.53544, 0.56694, 0.57576, 0.55141, 
0.0121, 0.0133, 0.0124, 0.0126, 0.0135, 0.0145, 0.013, 0.0133, 
0.0134, 0.0157, 0.0146, 41.6, 45.1, 48.5, 51.1, 55.6, 59.3, 63.8, 
67.6, 71.3, 75.1, 80.5, 1, 1, 1, 1, 1, 1, 1, 1, 1, 1, 1, 1, 1, 
1, 1, 1, 1, 1, 1, 1, 1, 1, 1, 1, 1, 1, 1, 1, 1, 1, 1, 1, 1, 1, 
1, 1, 1, 1, 1, 1, 1, 1, 1, 1, 3.35, 3.264, 3.388, 3.168, 3.385, 
3.377, 3.466, 3.306, 3.397, 3.365, 3.375), .Dim = c(11L, 40L), .Dimnames = list(
    NULL, c("Sampling", "PSO.cost", "PSO.gamma", "PSO.data.balancing", 
    "PSO.feature.selection", "PSO.valid.acc", "PSO.test.acc", 
    "PSO.train.time", "PSO.n.support.vectors", "PSO.index", "PSO.n.solutions", 
    "PSO.generations", "PSO.n.evaluations", "PSO.cpu.time", "RS.cost", 
    "RS.gamma", "RS.data.balancing", "RS.feature.selection", 
    "RS.valid.acc", "RS.test.acc", "RS.train.time", "RS.n.support.vectors", 
    "RS.index", "RS.n.solutions", "RS.generations", "RS.n.evaluations", 
    "RS.cpu.time", "DF.cost", "DF.gamma", "DF.data.balancing", 
    "DF.feature.selection", "DF.valid.acc", "DF.test.acc", "DF.train.time", 
    "DF.n.support.vectors", "DF.index", "DF.n.solutions", "DF.generations", 
    "DF.n.evaluations", "DF.cpu.time")))
