full <-
structure(c(50, 55, 60, 65, 70, 75, 80, 85, 90, 95, 100, 1.95072, 
0.68595, 1.98425, 2.63829, 11.01154, 0.68338, 1.51765, 6.41224, 
14.16866, 0.64929, 8.15019, -1.48922, -4.34089, -6.47239, -7.42559, 
-13.73205, -3.98595, -2.86642, -7.30568, -15, -4.52342, -8.95031, 
0, 0, 0, 0, 0, 0, 0, 0, 0, 0, 0, 0, 0, 0, 0, 0, 0, 0, 0, 0, 0, 
0, 0.53333, 0.50048, 0.56905, 0.56667, 0.54286, 0.55714, 0.58433, 
0.58976, 0.57694, 0.58813, 0.59, 0.5, 0.47476, 0.51571, 0.50952, 
0.47083, 0.47579, 0.56587, 0.53683, 0.54472, 0.52884, 0.53091, 
0.0125, 0.0168, 0.0124, 0.0145, 0.0132, 0.0165, 0.0142, 0.0141, 
0.0149, 0.0146, 0.016, 41.6, 44.4, 47.2, 51.5, 51.2, 60.2, 63.8, 
59.8, 58.9, 73.2, 68, 365, 1811, 658, 573, 250, 1116, 356, 24, 
825, 1575, 113, 307, 5, 59, 17, 64, 128, 851, 291, 89, 51, 169, 
100, 100, 100, 100, 100, 100, 100, 100, 100, 100, 100, 2500, 
2500, 2500, 2500, 2500, 2500, 2500, 2500, 2500, 2500, 2500, 8666.282, 
8475.208, 8627.353, 8664.944, 8426.88400000001, 8653.23199999999, 
8603.79300000001, 8435.17800000001, 8418.20699999999, 8454.06600000002, 
8699.03899999999, 12.68514, 1.1355, 2.9047, 1.08865, 8.68445, 
1.02512, 1.35757, 6.23205, 14.20414, 4.04382, 7.31791, -1.47945, 
-5.32156, -7.37579, -5.58653, -11.33522, -4.34975, -2.67698, 
-7.19999, -14.89748, -5.91954, -8.24487, 0, 0, 0, 0, 0, 0, 0, 
0, 0, 0, 0, 0, 0, 0, 0, 0, 0, 0, 0, 0, 0, 0, 0.53333, 0.4981, 
0.56905, 0.56667, 0.54286, 0.52937, 0.57321, 0.58976, 0.56694, 
0.56654, 0.59, 0.5, 0.42381, 0.53, 0.5381, 0.44405, 0.4869, 0.54504, 
0.54794, 0.54472, 0.52884, 0.53273, 0.0132, 0.013, 0.0118, 0.0153, 
0.0122, 0.0161, 0.0142, 0.014, 0.0148, 0.0173, 0.0185, 41.6, 
44.2, 46.6, 51.2, 51, 58.9, 64.3, 60.1, 58.6, 66.7, 69, 105, 
456, 674, 1971, 864, 112, 116, 1778, 694, 1663, 335, 11, 2, 1, 
1, 1, 1, 2, 2, 8, 1, 2, 100, 100, 100, 100, 100, 100, 100, 100, 
100, 100, 100, 2500, 2500, 2500, 2500, 2500, 2500, 2500, 2500, 
2500, 2500, 2500, 8373.869, 8610.539, 8374.996, 8634.445, 8543.321, 
8578.936, 8640.783, 8394.601, 8520.71599999999, 8769.70699999999, 
8512.698, 1, 1, 1, 1, 1, 1, 1, 1, 1, 1, 1, 0.11111, 0.11111, 
0.11111, 0.11111, 0.11111, 0.11111, 0.11111, 0.11111, 0.11111, 
0.11111, 0.11111, 0, 0, 0, 0, 0, 0, 0, 0, 0, 0, 0, 0, 0, 0, 0, 
0, 0, 0, 0, 0, 0, 0, 0.48333, 0.45048, 0.49571, 0.45, 0.46488, 
0.48829, 0.52798, 0.52893, 0.54222, 0.52975, 0.58182, 0.46333, 
0.46381, 0.53, 0.48095, 0.47321, 0.41091, 0.51687, 0.50643, 0.56444, 
0.50864, 0.56182, 0.0146, 0.0113, 0.0123, 0.0127, 0.0144, 0.014, 
0.0202, 0.0142, 0.0151, 0.0157, 0.015, 41.1, 45.3, 49.2, 52.9, 
57.1, 61, 65.1, 67.7, 71.8, 74.6, 81, 1, 1, 1, 1, 1, 1, 1, 1, 
1, 1, 1, 1, 1, 1, 1, 1, 1, 1, 1, 1, 1, 1, 1, 1, 1, 1, 1, 1, 1, 
1, 1, 1, 1, 1, 1, 1, 1, 1, 1, 1, 1, 1, 1, 1, 3.394, 3.36, 3.241, 
3.335, 3.374, 3.748, 4.951, 3.191, 3.219, 3.874, 3.417), .Dim = c(11L, 
40L), .Dimnames = list(NULL, c("Sampling", "PSO.cost", "PSO.gamma", 
"PSO.data.balancing", "PSO.feature.selection", "PSO.valid.acc", 
"PSO.test.acc", "PSO.train.time", "PSO.n.support.vectors", "PSO.index", 
"PSO.n.solutions", "PSO.generations", "PSO.n.evaluations", "PSO.cpu.time", 
"RS.cost", "RS.gamma", "RS.data.balancing", "RS.feature.selection", 
"RS.valid.acc", "RS.test.acc", "RS.train.time", "RS.n.support.vectors", 
"RS.index", "RS.n.solutions", "RS.generations", "RS.n.evaluations", 
"RS.cpu.time", "DF.cost", "DF.gamma", "DF.data.balancing", "DF.feature.selection", 
"DF.valid.acc", "DF.test.acc", "DF.train.time", "DF.n.support.vectors", 
"DF.index", "DF.n.solutions", "DF.generations", "DF.n.evaluations", 
"DF.cpu.time")))
