full <-
structure(c(50, 55, 60, 65, 70, 75, 80, 85, 90, 95, 100, 1.38114, 
8.23224, 11.69795, 10.34949, 1.0411, 4.0274, 8.20376, 1.71172, 
0.85737, 13.033, 2.42743, -3.90573, -7.26111, -11.30381, -3.08489, 
-3.91532, -4.46933, -2.42009, -4.39995, -4.12375, -11.07471, 
-6.20848, 0, 0, 0, 0, 0, 0, 0, 0, 0, 0, 0, 0, 0, 0, 0, 0, 0, 
0, 0, 0, 0, 0, 0.58833, 0.61333, 0.56762, 0.55286, 0.61131, 0.64841, 
0.58599, 0.6175, 0.60083, 0.60101, 0.58273, 0.54333, 0.50905, 
0.50857, 0.53679, 0.5869, 0.59464, 0.56667, 0.57278, 0.53611, 
0.55788, 0.54197, 0.0126, 0.0164, 0.0136, 0.0147, 0.013, 0.0132, 
0.0152, 0.0143, 0.0148, 0.02, 0.0158, 41.3, 38.5, 39.2, 51.3, 
54.1, 55.3, 63.3, 63.6, 68.5, 59.4, 75.8, 1500, 297, 550, 56, 
244, 127, 186, 696, 1348, 76, 670, 61, 278, 208, 1467, 273, 484, 
53, 57, 33, 246, 53, 100, 100, 100, 100, 100, 100, 100, 100, 
100, 100, 100, 2500, 2500, 2500, 2500, 2500, 2500, 2500, 2500, 
2500, 2500, 2500, 8639.326, 8600.72, 8600.373, 8564.707, 8419.58100000001, 
8569.33, 8574.43900000001, 8485.633, 8394.101, 8750.39600000001, 
8495.462, 4.0341, 3.0054, 11.01252, 3.24151, 1.3658, 4.41711, 
3.91789, 1.59262, 3.40995, 11.666, 2.90519, -6.73965, -4.10644, 
-10.58594, -2.97199, -4.07921, -4.70299, -2.4956, -4.20901, -6.15062, 
-10.26182, -7.04999, 0, 0, 0, 0, 0, 0, 0, 0, 0, 0, 0, 0, 0, 0, 
0, 0, 0, 0, 0, 0, 0, 0, 0.57167, 0.59857, 0.55095, 0.56714, 0.59702, 
0.64841, 0.5846, 0.6175, 0.58833, 0.60101, 0.57273, 0.45333, 
0.52429, 0.4919, 0.51679, 0.5869, 0.57103, 0.55417, 0.57278, 
0.56583, 0.54677, 0.53455, 0.013, 0.0131, 0.0135, 0.0136, 0.0141, 
0.0208, 0.0194, 0.0138, 0.0131, 0.017, 0.0161, 40.1, 44, 39.5, 
51.9, 54.1, 54.8, 63, 63.9, 63.7, 59.9, 76.5, 364, 902, 305, 
130, 1076, 432, 1269, 732, 1339, 1634, 133, 5, 1, 9, 1, 1, 1, 
1, 1, 1, 2, 2, 100, 100, 100, 100, 100, 100, 100, 100, 100, 100, 
100, 2500, 2500, 2500, 2500, 2500, 2500, 2500, 2500, 2500, 2500, 
2500, 8725.921, 8682.915, 8597.983, 8421.837, 8531.538, 8625.999, 
8647.837, 8366.49000000001, 8447.32799999998, 8499.147, 8741.022, 
1, 1, 1, 1, 1, 1, 1, 1, 1, 1, 1, 0.11111, 0.11111, 0.11111, 0.11111, 
0.11111, 0.11111, 0.11111, 0.11111, 0.11111, 0.11111, 0.11111, 
0, 0, 0, 0, 0, 0, 0, 0, 0, 0, 0, 0, 0, 0, 0, 0, 0, 0, 0, 0, 0, 
0, 0.45, 0.55429, 0.44048, 0.47357, 0.48274, 0.46429, 0.51091, 
0.56821, 0.51389, 0.53879, 0.53212, 0.47, 0.54857, 0.52, 0.4575, 
0.52917, 0.52262, 0.44702, 0.52266, 0.5225, 0.51879, 0.54545, 
0.0136, 0.0131, 0.013, 0.0129, 0.0136, 0.0162, 0.0137, 0.016, 
0.0146, 0.0161, 0.0165, 41.5, 45.3, 48.9, 52, 55.7, 59.3, 62.6, 
67.2, 69.9, 73.4, 81, 1, 1, 1, 1, 1, 1, 1, 1, 1, 1, 1, 1, 1, 
1, 1, 1, 1, 1, 1, 1, 1, 1, 1, 1, 1, 1, 1, 1, 1, 1, 1, 1, 1, 1, 
1, 1, 1, 1, 1, 1, 1, 1, 1, 1, 3.429, 3.204, 3.246, 3.14, 3.331, 
3.737, 3.341, 3.276, 3.38, 3.362, 3.898), .Dim = c(11L, 40L), .Dimnames = list(
    NULL, c("Sampling", "PSO.cost", "PSO.gamma", "PSO.data.balancing", 
    "PSO.feature.selection", "PSO.valid.acc", "PSO.test.acc", 
    "PSO.train.time", "PSO.n.support.vectors", "PSO.index", "PSO.n.solutions", 
    "PSO.generations", "PSO.n.evaluations", "PSO.cpu.time", "RS.cost", 
    "RS.gamma", "RS.data.balancing", "RS.feature.selection", 
    "RS.valid.acc", "RS.test.acc", "RS.train.time", "RS.n.support.vectors", 
    "RS.index", "RS.n.solutions", "RS.generations", "RS.n.evaluations", 
    "RS.cpu.time", "DF.cost", "DF.gamma", "DF.data.balancing", 
    "DF.feature.selection", "DF.valid.acc", "DF.test.acc", "DF.train.time", 
    "DF.n.support.vectors", "DF.index", "DF.n.solutions", "DF.generations", 
    "DF.n.evaluations", "DF.cpu.time")))
