full <-
structure(c(50, 55, 60, 65, 70, 75, 80, 85, 90, 95, 100, 8.84349, 
10.555, 3.13653, 3.32819, 7.74539, 1.52876, 7.56685, 11.99733, 
15, 4.89971, 0.4926, -10.72035, -10.02271, -6.81752, -7.28506, 
-8.35853, -4.22285, -3.26926, -11.03326, -10.01625, -6.45527, 
-4.09898, 0, 0, 0, 0, 0, 0, 0, 0, 0, 0, 0, 0, 0, 0, 0, 0, 0, 
0, 0, 0, 0, 0, 0.65333, 0.5425, 0.60429, 0.56024, 0.5375, 0.5744, 
0.56556, 0.55782, 0.57889, 0.54606, 0.61177, 0.585, 0.42, 0.52381, 
0.45393, 0.525, 0.48333, 0.59532, 0.54032, 0.44667, 0.50586, 
0.56778, 0.0137, 0.0119, 0.0124, 0.014, 0.0146, 0.0141, 0.0152, 
0.0159, 0.0339, 0.0147, 0.016, 35.6, 34.8, 46, 50.5, 46, 57.7, 
61, 54.6, 60.5, 67.2, 79.1, 942, 391, 95, 319, 218, 907, 86, 
80, 373, 302, 502, 28, 149, 110, 180, 134, 35, 1192, 505, 643, 
112, 628, 100, 100, 100, 100, 100, 100, 100, 100, 100, 100, 100, 
2500, 2500, 2500, 2500, 2500, 2500, 2500, 2500, 2500, 2500, 2500, 
8556.52, 8470.382, 8603.018, 8467.571, 8498.906, 8631.474, 8643.99099999999, 
8643.823, 8929.41800000001, 8474.46699999998, 8383.51200000002, 
11.19752, 14.13403, 2.64475, 2.09481, 8.09641, 12.53678, 4.82097, 
11.93835, 2.35668, 5.10976, 0.32489, -13.06928, -13.91102, -6.27639, 
-5.76662, -8.60744, -3.19516, -3.33131, -11.12928, -4.50098, 
-6.525, -4.07121, 0, 0, 0, 0, 0, 0, 0, 0, 0, 0, 0, 0, 0, 0, 0, 
0, 0, 0, 0, 0, 0, 0, 0.65333, 0.53917, 0.60429, 0.56024, 0.5375, 
0.5619, 0.56556, 0.55782, 0.58667, 0.54495, 0.60268, 0.585, 0.44917, 
0.52381, 0.48488, 0.525, 0.55873, 0.59532, 0.54032, 0.52444, 
0.49586, 0.55944, 0.0123, 0.0162, 0.0128, 0.0127, 0.0155, 0.0138, 
0.0184, 0.0168, 0.0149, 0.0152, 0.0157, 35.7, 34.7, 46.3, 50.9, 
45.9, 56.7, 61, 54.6, 66.9, 66.8, 79.1, 935, 784, 1830, 1721, 
401, 325, 11, 328, 90, 613, 1002, 1, 2, 2, 3, 2, 26, 33, 1, 1, 
4, 1, 100, 100, 100, 100, 100, 100, 100, 100, 100, 100, 100, 
2500, 2500, 2500, 2500, 2500, 2500, 2500, 2500, 2500, 2500, 2500, 
8588.968, 8563.385, 8675.944, 8583.42400000001, 8713.314, 8602.09700000001, 
8490.23, 8747.62900000002, 8476.56400000001, 8367.59299999999, 
8448.24400000001, 1, 1, 1, 1, 1, 1, 1, 1, 1, 1, 1, 0.11111, 0.11111, 
0.11111, 0.11111, 0.11111, 0.11111, 0.11111, 0.11111, 0.11111, 
0.11111, 0.11111, 0, 0, 0, 0, 0, 0, 0, 0, 0, 0, 0, 0, 0, 0, 0, 
0, 0, 0, 0, 0, 0, 0, 0.39667, 0.42083, 0.44286, 0.49833, 0.44107, 
0.49405, 0.50837, 0.49099, 0.52333, 0.51455, 0.59081, 0.56833, 
0.42417, 0.5081, 0.46821, 0.44107, 0.47083, 0.50337, 0.52528, 
0.56889, 0.47545, 0.53111, 0.014, 0.0119, 0.012, 0.0127, 0.013, 
0.0142, 0.0134, 0.0145, 0.0143, 0.0145, 0.0142, 41.2, 44.7, 48.8, 
52.3, 57, 60.1, 64.3, 67.3, 71.7, 75.9, 81, 1, 1, 1, 1, 1, 1, 
1, 1, 1, 1, 1, 1, 1, 1, 1, 1, 1, 1, 1, 1, 1, 1, 1, 1, 1, 1, 1, 
1, 1, 1, 1, 1, 1, 1, 1, 1, 1, 1, 1, 1, 1, 1, 1, 1, 3.376, 3.472, 
3.414, 3.376, 3.406, 3.33, 3.303, 3.966, 3.25, 3.249, 2.915), .Dim = c(11L, 
40L), .Dimnames = list(NULL, c("Sampling", "PSO.cost", "PSO.gamma", 
"PSO.data.balancing", "PSO.feature.selection", "PSO.valid.acc", 
"PSO.test.acc", "PSO.train.time", "PSO.n.support.vectors", "PSO.index", 
"PSO.n.solutions", "PSO.generations", "PSO.n.evaluations", "PSO.cpu.time", 
"RS.cost", "RS.gamma", "RS.data.balancing", "RS.feature.selection", 
"RS.valid.acc", "RS.test.acc", "RS.train.time", "RS.n.support.vectors", 
"RS.index", "RS.n.solutions", "RS.generations", "RS.n.evaluations", 
"RS.cpu.time", "DF.cost", "DF.gamma", "DF.data.balancing", "DF.feature.selection", 
"DF.valid.acc", "DF.test.acc", "DF.train.time", "DF.n.support.vectors", 
"DF.index", "DF.n.solutions", "DF.generations", "DF.n.evaluations", 
"DF.cpu.time")))
