full <-
structure(c(50, 55, 60, 65, 70, 75, 80, 85, 90, 95, 100, 3.19734, 
12.6551, 1.68517, 5.57154, 7.45925, -0.13149, 3.69787, 12.20639, 
3.43824, 2.70417, 10.49456, -5.24867, -10.61566, -4.87313, -7.47192, 
-11.67139, -2.48302, -6.18411, -8.53973, -3.84756, -2.68917, 
-9.31507, 0, 0, 0, 0, 0, 0, 0, 0, 0, 0, 0, 0, 0, 0, 0, 0, 0, 
0, 0, 0, 0, 0, 0.59048, 0.53262, 0.54, 0.51964, 0.55278, 0.55881, 
0.55615, 0.57202, 0.59083, 0.58889, 0.64015, 0.5931, 0.41095, 
0.49143, 0.49643, 0.50456, 0.5227, 0.50258, 0.51508, 0.54611, 
0.55778, 0.57545, 0.0131, 0.0142, 0.0137, 0.0126, 0.0136, 0.0133, 
0.015, 0.0201, 0.0184, 0.0152, 0.0194, 37.2, 36.2, 47.1, 46.4, 
52.6, 61.3, 57.8, 56.9, 65.8, 74.4, 66.7, 40, 79, 2060, 1255, 
60, 1083, 980, 303, 700, 330, 808, 551, 549, 1, 32, 213, 77, 
102, 223, 37, 273, 43, 100, 100, 100, 100, 100, 100, 100, 100, 
100, 100, 100, 2500, 2500, 2500, 2500, 2500, 2500, 2500, 2500, 
2500, 2500, 2500, 8431.503, 8608.472, 8602.908, 8447.358, 8548.11, 
8537.42200000001, 8550.16, 8801.874, 8659.29000000001, 8698.791, 
8734.93600000002, 6.42498, 12.54339, 4.25715, 5.68123, 1.31959, 
-0.12986, 3.93442, 12.87876, 14.29566, 2.68614, 10.88834, -8.4173, 
-10.47961, -8.34332, -7.59822, -4.89138, -2.40335, -6.51435, 
-8.9047, -10.50566, -2.71951, -9.58625, 0, 0, 0, 0, 0, 0, 0, 
0, 0, 0, 0, 0, 0, 0, 0, 0, 0, 0, 0, 0, 0, 0, 0.60048, 0.53262, 
0.52714, 0.51964, 0.56151, 0.54452, 0.55615, 0.57202, 0.58833, 
0.58889, 0.63106, 0.5731, 0.41095, 0.5, 0.49643, 0.50595, 0.5102, 
0.49147, 0.51508, 0.53139, 0.55778, 0.57636, 0.013, 0.0151, 0.012, 
0.0121, 0.0145, 0.0184, 0.0187, 0.0218, 0.0251, 0.0162, 0.0187, 
35.1, 36.5, 46.7, 46.3, 53.3, 61.5, 57.3, 57.1, 58.8, 74.4, 66.3, 
1079, 3, 213, 2345, 130, 2224, 2458, 397, 768, 1867, 2052, 1, 
11, 14, 1, 2, 1, 2, 1, 1, 1, 1, 100, 100, 100, 100, 100, 100, 
100, 100, 100, 100, 100, 2500, 2500, 2500, 2500, 2500, 2500, 
2500, 2500, 2500, 2500, 2500, 8718.343, 8485.376, 8353.258, 8580.27600000001, 
8514.985, 8589.39099999999, 8444.495, 8767.87700000001, 8677.73300000001, 
8734.68299999999, 8578.48400000003, 1, 1, 1, 1, 1, 1, 1, 1, 1, 
1, 1, 0.11111, 0.11111, 0.11111, 0.11111, 0.11111, 0.11111, 0.11111, 
0.11111, 0.11111, 0.11111, 0.11111, 0, 0, 0, 0, 0, 0, 0, 0, 0, 
0, 0, 0, 0, 0, 0, 0, 0, 0, 0, 0, 0, 0, 0.50214, 0.49357, 0.40857, 
0.44524, 0.46806, 0.47492, 0.50258, 0.47242, 0.50917, 0.49778, 
0.52545, 0.49452, 0.46262, 0.45952, 0.44464, 0.47361, 0.49298, 
0.50893, 0.50714, 0.52278, 0.51556, 0.56288, 0.0133, 0.0127, 
0.0139, 0.0135, 0.0142, 0.0128, 0.0129, 0.0157, 0.0173, 0.0149, 
0.0142, 40.9, 45.3, 48.9, 52.2, 55.9, 60.5, 64.6, 68.2, 71.7, 
75.9, 81, 1, 1, 1, 1, 1, 1, 1, 1, 1, 1, 1, 1, 1, 1, 1, 1, 1, 
1, 1, 1, 1, 1, 1, 1, 1, 1, 1, 1, 1, 1, 1, 1, 1, 1, 1, 1, 1, 1, 
1, 1, 1, 1, 1, 1, 3.388, 3.528, 3.143, 3.231, 3.283, 3.235, 3.26, 
4.2, 4.052, 3.545, 2.79), .Dim = c(11L, 40L), .Dimnames = list(
    NULL, c("Sampling", "PSO.cost", "PSO.gamma", "PSO.data.balancing", 
    "PSO.feature.selection", "PSO.valid.acc", "PSO.test.acc", 
    "PSO.train.time", "PSO.n.support.vectors", "PSO.index", "PSO.n.solutions", 
    "PSO.generations", "PSO.n.evaluations", "PSO.cpu.time", "RS.cost", 
    "RS.gamma", "RS.data.balancing", "RS.feature.selection", 
    "RS.valid.acc", "RS.test.acc", "RS.train.time", "RS.n.support.vectors", 
    "RS.index", "RS.n.solutions", "RS.generations", "RS.n.evaluations", 
    "RS.cpu.time", "DF.cost", "DF.gamma", "DF.data.balancing", 
    "DF.feature.selection", "DF.valid.acc", "DF.test.acc", "DF.train.time", 
    "DF.n.support.vectors", "DF.index", "DF.n.solutions", "DF.generations", 
    "DF.n.evaluations", "DF.cpu.time")))
