full <-
structure(c(50, 55, 60, 65, 70, 75, 80, 85, 90, 95, 100, 1, 1, 
1, 1, 3.31658, 1, 1, 12.0379, 1.48752, 2.19503, 1, 0.11111, 0.11111, 
0.11111, 0.11111, -4.08267, 0.11111, 0.11111, -13.36927, -3.33294, 
-3.54072, 0.11111, 0, 0, 0, 0, 0, 0, 0, 0, 0, 0, 0, 0, 0, 0, 
0, 0, 0, 0, 0, 0, 0, 0, 0.96667, 0.93571, 0.92143, 0.92857, 0.93214, 
0.89643, 0.875, 0.88278, 0.88944, 0.9096, 0.88071, 0.96667, 0.93571, 
0.92143, 0.92857, 0.8869, 0.89643, 0.875, 0.87167, 0.87694, 0.89848, 
0.88071, 0.0106, 0.0101, 0.0104, 0.0102, 0.0102, 0.0094, 0.0107, 
0.0145, 0.0105, 0.0104, 0.0109, 16, 21.5, 26.2, 25.8, 22.3, 32.2, 
34.9, 26.9, 35.8, 36.3, 38.1, 1, 1, 1, 1, 197, 1, 1, 380, 927, 
257, 1, 2323, 2144, 2006, 2034, 162, 1992, 1730, 47, 143, 546, 
1715, 100, 100, 100, 100, 100, 100, 100, 100, 100, 100, 100, 
2500, 2500, 2500, 2500, 2500, 2500, 2500, 2500, 2500, 2500, 2500, 
6103.747, 6104.542, 6330.544, 6149.788, 6295.959, 6026.713, 6213.489, 
6283.00200000001, 6142.2, 6131.12299999999, 6049.61199999999, 
1.75245, 2.30265, 6.11309, 1.54291, 2.78375, 5.47638, 4.0225, 
10.78539, 1.50446, 1.58672, 0.34979, -13.02735, -12.67885, -9.7101, 
-10.6122, -3.96984, -10.07575, -14.09807, -12.15148, -3.36204, 
-3.19765, -2.28438, 0, 0, 0, 0, 0, 0, 0, 0, 0, 0, 0, 0, 0, 0, 
0, 0, 0, 0, 0, 0, 0, 0, 0.96667, 0.93571, 0.92143, 0.92857, 0.93214, 
0.89643, 0.875, 0.88278, 0.88944, 0.89848, 0.8898, 0.96667, 0.93571, 
0.92143, 0.92857, 0.90119, 0.89643, 0.875, 0.87167, 0.87694, 
0.88737, 0.88071, 0.0089, 0.01, 0.0105, 0.0091, 0.0106, 0.0112, 
0.0101, 0.0132, 0.0106, 0.011, 0.012, 6.8, 11.5, 15.4, 15.8, 
22.5, 21.1, 23.8, 26.6, 35.6, 37.6, 48.9, 1, 2, 1, 1, 52, 5, 
1, 1206, 260, 319, 1737, 2102, 1711, 1713, 1637, 9, 1454, 1056, 
2, 2, 5, 2, 100, 100, 100, 100, 100, 100, 100, 100, 100, 100, 
100, 2500, 2500, 2500, 2500, 2500, 2500, 2500, 2500, 2500, 2500, 
2500, 6178.436, 6105.145, 6314.552, 6159.354, 6279.9, 6183.755, 
6172.705, 6268.205, 6123.41499999999, 5868.769, 6148.37300000001, 
1, 1, 1, 1, 1, 1, 1, 1, 1, 1, 1, 0.11111, 0.11111, 0.11111, 0.11111, 
0.11111, 0.11111, 0.11111, 0.11111, 0.11111, 0.11111, 0.11111, 
0, 0, 0, 0, 0, 0, 0, 0, 0, 0, 0, 0, 0, 0, 0, 0, 0, 0, 0, 0, 0, 
0, 0.96667, 0.93571, 0.92143, 0.92857, 0.91786, 0.89643, 0.875, 
0.87167, 0.86833, 0.87515, 0.88071, 0.96667, 0.93571, 0.92143, 
0.92857, 0.91786, 0.89643, 0.875, 0.87167, 0.86833, 0.87515, 
0.88071, 0.0101, 0.0105, 0.0104, 0.0101, 0.01, 0.0103, 0.011, 
0.0106, 0.011, 0.0114, 0.0115, 16, 21.5, 26.2, 25.8, 27.9, 32.2, 
34.9, 37, 36.2, 38, 38.1, 1, 1, 1, 1, 1, 1, 1, 1, 1, 1, 1, 1, 
1, 1, 1, 1, 1, 1, 1, 1, 1, 1, 1, 1, 1, 1, 1, 1, 1, 1, 1, 1, 1, 
1, 1, 1, 1, 1, 1, 1, 1, 1, 1, 1, 2.456, 2.536, 2.522, 2.51, 2.378, 
2.402, 2.526, 2.46, 2.521, 2.33, 2.45), .Dim = c(11L, 40L), .Dimnames = list(
    NULL, c("Sampling", "PSO.cost", "PSO.gamma", "PSO.data.balancing", 
    "PSO.feature.selection", "PSO.valid.acc", "PSO.test.acc", 
    "PSO.train.time", "PSO.n.support.vectors", "PSO.index", "PSO.n.solutions", 
    "PSO.generations", "PSO.n.evaluations", "PSO.cpu.time", "RS.cost", 
    "RS.gamma", "RS.data.balancing", "RS.feature.selection", 
    "RS.valid.acc", "RS.test.acc", "RS.train.time", "RS.n.support.vectors", 
    "RS.index", "RS.n.solutions", "RS.generations", "RS.n.evaluations", 
    "RS.cpu.time", "DF.cost", "DF.gamma", "DF.data.balancing", 
    "DF.feature.selection", "DF.valid.acc", "DF.test.acc", "DF.train.time", 
    "DF.n.support.vectors", "DF.index", "DF.n.solutions", "DF.generations", 
    "DF.n.evaluations", "DF.cpu.time")))
