full <-
structure(c(50, 55, 60, 65, 70, 75, 80, 85, 90, 95, 100, 1, 1, 
1, 1, 1.67798, 0.339, 0.18794, 3.60951, 12.78378, 4.04773, 9.63779, 
0.11111, 0.11111, 0.11111, 0.11111, -3.01616, -1.67851, -2.47276, 
-3.47424, -1.36325, -1.21511, -1.04925, 0, 0, 0, 0, 0, 0, 0, 
0, 0, 0, 0, 0, 0, 0, 0, 0, 0, 0, 0, 0, 0, 0, 0.87, 0.87667, 0.8881, 
0.89762, 0.8875, 0.89464, 0.88849, 0.89806, 0.91111, 0.89424, 
0.88182, 0.87, 0.87667, 0.8881, 0.89762, 0.84464, 0.88036, 0.86349, 
0.87306, 0.9, 0.89424, 0.88091, 0.0112, 0.0102, 0.0096, 0.0101, 
0.0108, 0.0113, 0.0108, 0.0107, 0.0118, 0.0124, 0.0127, 24.5, 
26.5, 28.1, 27.2, 31.9, 53, 41, 32.2, 66.3, 71.4, 75, 1, 1, 1, 
1, 197, 717, 232, 818, 11, 179, 16, 2107, 1821, 1808, 1825, 58, 
100, 599, 148, 1141, 717, 1384, 100, 100, 100, 100, 100, 100, 
100, 100, 100, 100, 100, 2500, 2500, 2500, 2500, 2500, 2500, 
2500, 2500, 2500, 2500, 2500, 6156.301, 6076.501, 6129.072, 6137.41800000001, 
6466.878, 6078.19, 6014.65300000001, 5999.66499999999, 6016.667, 
6050.19499999999, 6083.18399999999, -1.00411, 5.10007, 1.09311, 
0.22823, 1.75055, 0.32853, 0.02933, 3.78763, 4.91924, 2.30593, 
3.17214, -7.7748, -8.27192, -14.42513, -11.46502, -3.06404, -1.60217, 
-1.97119, -3.44294, -1.1751, -1.22232, -0.98828, 0, 0, 0, 0, 
0, 0, 0, 0, 0, 0, 0, 0, 0, 0, 0, 0, 0, 0, 0, 0, 0, 0, 0.87, 0.87667, 
0.8881, 0.89762, 0.8875, 0.89464, 0.88849, 0.89806, 0.91111, 
0.89424, 0.88182, 0.87, 0.85667, 0.8881, 0.89762, 0.85893, 0.89464, 
0.86349, 0.87306, 0.87778, 0.89424, 0.88091, 0.01, 0.0102, 0.0102, 
0.0101, 0.0104, 0.0109, 0.0111, 0.0107, 0.0119, 0.012, 0.0121, 
16, 17.6, 14.1, 16.8, 31.9, 54, 50, 32.6, 68.1, 71.5, 75.9, 1, 
1, 5, 1, 337, 1887, 548, 851, 105, 120, 67, 1615, 991, 827, 984, 
4, 2, 4, 1, 52, 32, 50, 100, 100, 100, 100, 100, 100, 100, 100, 
100, 100, 100, 2500, 2500, 2500, 2500, 2500, 2500, 2500, 2500, 
2500, 2500, 2500, 6069.344, 6089.893, 6115.358, 6305.805, 6124.381, 
5975.88, 6003.823, 5992.17300000001, 6016.55099999999, 6057.367, 
6050.88400000001, 1, 1, 1, 1, 1, 1, 1, 1, 1, 1, 1, 0.11111, 0.11111, 
0.11111, 0.11111, 0.11111, 0.11111, 0.11111, 0.11111, 0.11111, 
0.11111, 0.11111, 0, 0, 0, 0, 0, 0, 0, 0, 0, 0, 0, 0, 0, 0, 0, 
0, 0, 0, 0, 0, 0, 0, 0.87, 0.87667, 0.8881, 0.89762, 0.87321, 
0.86607, 0.86349, 0.87167, 0.87778, 0.87515, 0.88071, 0.87, 0.87667, 
0.8881, 0.89762, 0.87321, 0.86607, 0.86349, 0.87167, 0.87778, 
0.87515, 0.88071, 0.0097, 0.0092, 0.0092, 0.0108, 0.0099, 0.0108, 
0.0101, 0.0107, 0.0113, 0.0111, 0.0109, 24.5, 26.5, 28.1, 27.2, 
31.2, 31.6, 34.2, 34, 36.1, 39.2, 38.3, 1, 1, 1, 1, 1, 1, 1, 
1, 1, 1, 1, 1, 1, 1, 1, 1, 1, 1, 1, 1, 1, 1, 1, 1, 1, 1, 1, 1, 
1, 1, 1, 1, 1, 1, 1, 1, 1, 1, 1, 1, 1, 1, 1, 1, 2.492, 2.3, 2.311, 
2.576, 2.424, 2.461, 2.366, 2.415, 2.387, 2.402, 2.398), .Dim = c(11L, 
40L), .Dimnames = list(NULL, c("Sampling", "PSO.cost", "PSO.gamma", 
"PSO.data.balancing", "PSO.feature.selection", "PSO.valid.acc", 
"PSO.test.acc", "PSO.train.time", "PSO.n.support.vectors", "PSO.index", 
"PSO.n.solutions", "PSO.generations", "PSO.n.evaluations", "PSO.cpu.time", 
"RS.cost", "RS.gamma", "RS.data.balancing", "RS.feature.selection", 
"RS.valid.acc", "RS.test.acc", "RS.train.time", "RS.n.support.vectors", 
"RS.index", "RS.n.solutions", "RS.generations", "RS.n.evaluations", 
"RS.cpu.time", "DF.cost", "DF.gamma", "DF.data.balancing", "DF.feature.selection", 
"DF.valid.acc", "DF.test.acc", "DF.train.time", "DF.n.support.vectors", 
"DF.index", "DF.n.solutions", "DF.generations", "DF.n.evaluations", 
"DF.cpu.time")))
