full <-
structure(c(50, 55, 60, 65, 70, 75, 80, 85, 90, 95, 100, 1, 1, 
1, 1, 2.13038, 7.59833, 1, 5.50032, 5.20285, 3.69159, 4.03271, 
0.11111, 0.11111, 0.11111, 0.11111, -4.31195, -6.38377, 0.11111, 
-3.23959, -1.19115, -1.43913, -0.85065, 0, 0, 0, 0, 0, 0, 0, 
0, 0, 0, 0, 0, 0, 0, 0, 0, 0, 0, 0, 0, 0, 0, 0.90667, 0.89667, 
0.90714, 0.88095, 0.87143, 0.86786, 0.875, 0.88472, 0.88056, 
0.89737, 0.88869, 0.90667, 0.89667, 0.90714, 0.88095, 0.84286, 
0.84107, 0.875, 0.84861, 0.89056, 0.86515, 0.8696, 0.0112, 0.0107, 
0.0102, 0.0102, 0.0104, 0.0116, 0.0107, 0.0108, 0.0121, 0.013, 
0.0115, 22.2, 28, 28, 32, 28.3, 24.5, 34.8, 30.6, 67.6, 66.4, 
77, 1, 1, 1, 1, 1163, 60, 1, 12, 1486, 9, 12, 2047, 2091, 1958, 
1919, 34, 428, 1838, 191, 73, 852, 783, 100, 100, 100, 100, 100, 
100, 100, 100, 100, 100, 100, 2500, 2500, 2500, 2500, 2500, 2500, 
2500, 2500, 2500, 2500, 2500, 6202.937, 6244.243, 6119.61, 6245.165, 
6302.222, 6307.024, 6267.86399999999, 6208.69100000001, 6218.537, 
6152.66499999999, 5867.13800000001, 2.9674, 4.37926, 7.60498, 
10.26112, 2.71554, 2.84958, 0.65979, 8.69828, 5.3522, 1.20648, 
6.50431, -6.37243, -1.49882, -8.79351, -14.73619, -4.76368, -4.01096, 
-8.96506, -3.23415, -1.18736, -1.23549, -1.05629, 0, 0, 0, 0, 
0, 0, 0, 0, 0, 0, 0, 0, 0, 0, 0, 0, 0, 0, 0, 0, 0, 0, 0.90667, 
0.89667, 0.90714, 0.88095, 0.87143, 0.86786, 0.875, 0.88472, 
0.88056, 0.89737, 0.88869, 0.90667, 0.87667, 0.90714, 0.88095, 
0.85714, 0.88036, 0.875, 0.84861, 0.89056, 0.85404, 0.8696, 0.0094, 
0.01, 0.0106, 0.0101, 0.0117, 0.0109, 0.0107, 0.0112, 0.0115, 
0.0121, 0.0122, 15.7, 41.7, 20.1, 25.3, 27.4, 28.9, 24.1, 30.6, 
67.6, 70.3, 75.7, 3, 2, 3, 2, 623, 15, 4, 196, 2072, 40, 19, 
1511, 1857, 1613, 1389, 3, 52, 1319, 22, 1, 69, 55, 100, 100, 
100, 100, 100, 100, 100, 100, 100, 100, 100, 2500, 2500, 2500, 
2500, 2500, 2500, 2500, 2500, 2500, 2500, 2500, 6208.972, 6125.235, 
6186.775, 6281.537, 6324.62, 6196.897, 6264.29300000001, 6108.70999999999, 
6312.76999999999, 6038.61900000001, 6013.07100000001, 1, 1, 1, 
1, 1, 1, 1, 1, 1, 1, 1, 0.11111, 0.11111, 0.11111, 0.11111, 0.11111, 
0.11111, 0.11111, 0.11111, 0.11111, 0.11111, 0.11111, 0, 0, 0, 
0, 0, 0, 0, 0, 0, 0, 0, 0, 0, 0, 0, 0, 0, 0, 0, 0, 0, 0, 0.90667, 
0.89667, 0.90714, 0.88095, 0.85714, 0.86607, 0.875, 0.87083, 
0.86833, 0.87515, 0.88071, 0.90667, 0.89667, 0.90714, 0.88095, 
0.85714, 0.86607, 0.875, 0.87083, 0.86833, 0.87515, 0.88071, 
0.01, 0.0101, 0.0102, 0.0108, 0.0113, 0.0107, 0.0105, 0.011, 
0.011, 0.01, 0.0115, 22.2, 28, 28, 32, 33.4, 34.9, 34.8, 36.6, 
37.4, 38.4, 36.3, 1, 1, 1, 1, 1, 1, 1, 1, 1, 1, 1, 1, 1, 1, 1, 
1, 1, 1, 1, 1, 1, 1, 1, 1, 1, 1, 1, 1, 1, 1, 1, 1, 1, 1, 1, 1, 
1, 1, 1, 1, 1, 1, 1, 1, 2.523, 2.41, 2.483, 2.548, 2.523, 2.446, 
2.378, 2.503, 2.494, 2.219, 2.435), .Dim = c(11L, 40L), .Dimnames = list(
    NULL, c("Sampling", "PSO.cost", "PSO.gamma", "PSO.data.balancing", 
    "PSO.feature.selection", "PSO.valid.acc", "PSO.test.acc", 
    "PSO.train.time", "PSO.n.support.vectors", "PSO.index", "PSO.n.solutions", 
    "PSO.generations", "PSO.n.evaluations", "PSO.cpu.time", "RS.cost", 
    "RS.gamma", "RS.data.balancing", "RS.feature.selection", 
    "RS.valid.acc", "RS.test.acc", "RS.train.time", "RS.n.support.vectors", 
    "RS.index", "RS.n.solutions", "RS.generations", "RS.n.evaluations", 
    "RS.cpu.time", "DF.cost", "DF.gamma", "DF.data.balancing", 
    "DF.feature.selection", "DF.valid.acc", "DF.test.acc", "DF.train.time", 
    "DF.n.support.vectors", "DF.index", "DF.n.solutions", "DF.generations", 
    "DF.n.evaluations", "DF.cpu.time")))
