full <-
structure(c(50, 55, 60, 65, 70, 75, 80, 85, 90, 95, 100, 5.77347, 
1, 1, 1, 1, 1, 1, 2.48625, 1, 3.84535, 3.70018, -6.86696, 0.11111, 
0.11111, 0.11111, 0.11111, 0.11111, 0.11111, -4.78323, 0.11111, 
-4.22096, -0.90561, 0, 0, 0, 0, 0, 0, 0, 0, 0, 0, 0, 0, 0, 0, 
0, 0, 0, 0, 0, 0, 0, 0, 0.96, 0.93333, 0.90476, 0.91429, 0.90536, 
0.89464, 0.88889, 0.89444, 0.88889, 0.90626, 0.89232, 0.96, 0.93333, 
0.90476, 0.91429, 0.90536, 0.89464, 0.88889, 0.86944, 0.88889, 
0.85293, 0.87232, 0.0091, 0.0095, 0.0096, 0.0104, 0.0099, 0.0097, 
0.0094, 0.0102, 0.0104, 0.0109, 0.0119, 10.8, 18.9, 26.9, 27, 
28.2, 32.7, 32.3, 28.4, 34.1, 30.4, 77.1, 1592, 1, 1, 1, 1, 1, 
1, 418, 1, 196, 129, 15, 1775, 1738, 1708, 1704, 1673, 1848, 
25, 1750, 330, 380, 100, 100, 100, 100, 100, 100, 100, 100, 100, 
100, 100, 2500, 2500, 2500, 2500, 2500, 2500, 2500, 2500, 2500, 
2500, 2500, 5879.518, 5896.377, 5928.026, 5947.654, 5931.312, 
5845.367, 5850.693, 5839.35399999999, 5903.43000000001, 5898.469, 
6020.405, 5.65409, 4.3418, 1.78803, 0.01319, 7.96166, -1.82761, 
3.12719, 2.3607, 2.80284, 3.28657, 4.21552, -7.01204, -13.20612, 
-7.5288, -14.13016, -10.66019, -0.07714, -5.99306, -4.68647, 
-10.88517, -3.88189, -0.92676, 0, 0, 0, 0, 0, 0, 0, 0, 0, 0, 
0, 0, 0, 0, 0, 0, 0, 0, 0, 0, 0, 0, 0.96, 0.93333, 0.90476, 0.91429, 
0.90536, 0.89464, 0.88889, 0.89444, 0.88889, 0.90626, 0.89232, 
0.96, 0.93333, 0.90476, 0.91429, 0.90536, 0.89464, 0.86667, 0.86944, 
0.88889, 0.89626, 0.87232, 0.0097, 0.0088, 0.0096, 0.0093, 0.0109, 
0.0104, 0.0104, 0.01, 0.0103, 0.0104, 0.013, 10.3, 12, 19.2, 
11.1, 20.8, 59.7, 25.4, 28.4, 29.4, 31.8, 77, 769, 1, 3, 1, 2, 
1, 4, 1448, 1, 362, 1099, 2, 1073, 1108, 846, 903, 1072, 996, 
1, 1141, 3, 7, 100, 100, 100, 100, 100, 100, 100, 100, 100, 100, 
100, 2500, 2500, 2500, 2500, 2500, 2500, 2500, 2500, 2500, 2500, 
2500, 5887.213, 5900.597, 5946.087, 5944.754, 5829.661, 5833.42800000001, 
5831.19899999999, 5857.09600000001, 5895.08899999999, 5925.037, 
6083.758, 1, 1, 1, 1, 1, 1, 1, 1, 1, 1, 1, 0.11111, 0.11111, 
0.11111, 0.11111, 0.11111, 0.11111, 0.11111, 0.11111, 0.11111, 
0.11111, 0.11111, 0, 0, 0, 0, 0, 0, 0, 0, 0, 0, 0, 0, 0, 0, 0, 
0, 0, 0, 0, 0, 0, 0, 0.94333, 0.93333, 0.90476, 0.91429, 0.90536, 
0.89464, 0.88889, 0.88194, 0.88889, 0.88515, 0.88141, 0.94333, 
0.93333, 0.90476, 0.91429, 0.90536, 0.89464, 0.88889, 0.88194, 
0.88889, 0.88515, 0.88141, 0.009, 0.0093, 0.01, 0.0097, 0.0099, 
0.0101, 0.0101, 0.0105, 0.0103, 0.0104, 0.0118, 18, 18.9, 26.9, 
27, 28.2, 32.7, 32.3, 33.6, 34.1, 36.2, 37.4, 1, 1, 1, 1, 1, 
1, 1, 1, 1, 1, 1, 1, 1, 1, 1, 1, 1, 1, 1, 1, 1, 1, 1, 1, 1, 1, 
1, 1, 1, 1, 1, 1, 1, 1, 1, 1, 1, 1, 1, 1, 1, 1, 1, 1, 2.312, 
2.365, 2.368, 2.367, 2.324, 2.296, 2.284, 2.397, 2.347, 2.309, 
2.488), .Dim = c(11L, 40L), .Dimnames = list(NULL, c("Sampling", 
"PSO.cost", "PSO.gamma", "PSO.data.balancing", "PSO.feature.selection", 
"PSO.valid.acc", "PSO.test.acc", "PSO.train.time", "PSO.n.support.vectors", 
"PSO.index", "PSO.n.solutions", "PSO.generations", "PSO.n.evaluations", 
"PSO.cpu.time", "RS.cost", "RS.gamma", "RS.data.balancing", "RS.feature.selection", 
"RS.valid.acc", "RS.test.acc", "RS.train.time", "RS.n.support.vectors", 
"RS.index", "RS.n.solutions", "RS.generations", "RS.n.evaluations", 
"RS.cpu.time", "DF.cost", "DF.gamma", "DF.data.balancing", "DF.feature.selection", 
"DF.valid.acc", "DF.test.acc", "DF.train.time", "DF.n.support.vectors", 
"DF.index", "DF.n.solutions", "DF.generations", "DF.n.evaluations", 
"DF.cpu.time")))
