full <-
structure(c(50, 55, 60, 65, 70, 75, 80, 85, 90, 95, 100, 1, 13.47779, 
4.83184, 1.38549, 0.08067, 14.64572, 1.59619, 1.29996, 0.22284, 
3.97788, 3.42769, 0.11111, -1.42711, -1.7682, -1.70444, -2.1729, 
-1.72973, -2.57076, -3.51719, -2.15474, -1.61006, -5.05417, 0, 
0, 0, 0, 0, 0, 0, 0, 0, 0, 0, 0, 0, 0, 0, 0, 0, 0, 0, 0, 0, 0, 
0.89, 0.91333, 0.92143, 0.92619, 0.93036, 0.93393, 0.925, 0.92917, 
0.92222, 0.89626, 0.90253, 0.89, 0.89667, 0.90476, 0.9119, 0.93036, 
0.93393, 0.925, 0.91667, 0.91111, 0.88515, 0.86323, 0.0101, 0.0115, 
0.0116, 0.0114, 0.0112, 0.0129, 0.012, 0.0124, 0.0127, 0.0134, 
0.0118, 22.3, 43.1, 45.4, 48.1, 38.2, 50.9, 34.5, 28.5, 46.7, 
62.4, 33.2, 1, 19, 152, 47, 1901, 116, 362, 315, 2093, 7, 693, 
1722, 1498, 754, 1069, 1, 1156, 243, 208, 4, 855, 166, 100, 100, 
100, 100, 100, 100, 100, 100, 100, 100, 100, 2500, 2500, 2500, 
2500, 2500, 2500, 2500, 2500, 2500, 2500, 2500, 6880.613, 8116.015, 
8085.886, 8092.661, 8197.689, 8030.97099999999, 8028.674, 8054.92700000001, 
7968.11, 7678.79500000001, 7580.69, 10.37603, 11.13659, 12.27469, 
5.23841, 0.50887, 14.50697, 2.50568, 4.64701, 0.54092, 10.31314, 
3.29431, -14.25458, -1.67658, -1.77076, -1.53297, -2.82734, -1.65704, 
-3.20964, -0.9772, -2.64949, -1.53306, -4.89938, 0, 0, 0, 0, 
0, 0, 0, 0, 0, 0, 0, 0, 0, 0, 0, 0, 0, 0, 0, 0, 0, 0, 0.89, 0.91333, 
0.92143, 0.92619, 0.94464, 0.93393, 0.925, 0.91667, 0.92222, 
0.89626, 0.90253, 0.89, 0.91333, 0.90476, 0.92619, 0.93036, 0.93393, 
0.925, 0.90556, 0.91111, 0.88515, 0.86323, 0.0117, 0.0117, 0.0121, 
0.0125, 0.0119, 0.0118, 0.0119, 0.0128, 0.0112, 0.0134, 0.0116, 
15.4, 42, 45.4, 48.6, 26.6, 52.3, 29.5, 66.1, 38.4, 65.2, 33.5, 
8, 46, 841, 112, 647, 111, 149, 48, 543, 250, 1195, 858, 36, 
4, 65, 1, 27, 4, 104, 4, 13, 1, 100, 100, 100, 100, 100, 100, 
100, 100, 100, 100, 100, 2500, 2500, 2500, 2500, 2500, 2500, 
2500, 2500, 2500, 2500, 2500, 8434.988, 8067.523, 8159.258, 8149.135, 
8194.77, 8021.054, 8027.671, 7889.038, 8001.223, 7645.46400000001, 
7607.57699999999, 1, 1, 1, 1, 1, 1, 1, 1, 1, 1, 1, 0.11111, 0.11111, 
0.11111, 0.11111, 0.11111, 0.11111, 0.11111, 0.11111, 0.11111, 
0.11111, 0.11111, 0, 0, 0, 0, 0, 0, 0, 0, 0, 0, 0, 0, 0, 0, 0, 
0, 0, 0, 0, 0, 0, 0, 0.89, 0.88, 0.8881, 0.89762, 0.90179, 0.90893, 
0.90139, 0.89444, 0.88889, 0.88515, 0.88141, 0.89, 0.88, 0.8881, 
0.89762, 0.90179, 0.90893, 0.90139, 0.89444, 0.88889, 0.88515, 
0.88141, 0.0116, 0.0116, 0.0114, 0.0118, 0.0108, 0.0117, 0.0124, 
0.0117, 0.0125, 0.0117, 0.0122, 22.3, 23.7, 24.4, 23.5, 24.9, 
24.4, 29.6, 30.6, 32.8, 35.1, 39.9, 1, 1, 1, 1, 1, 1, 1, 1, 1, 
1, 1, 1, 1, 1, 1, 1, 1, 1, 1, 1, 1, 1, 1, 1, 1, 1, 1, 1, 1, 1, 
1, 1, 1, 1, 1, 1, 1, 1, 1, 1, 1, 1, 1, 1, 3.411, 3.361, 3.352, 
3.367, 3.055, 3.252, 3.351, 3.16, 3.306, 3.02, 3.21), .Dim = c(11L, 
40L), .Dimnames = list(NULL, c("Sampling", "PSO.cost", "PSO.gamma", 
"PSO.data.balancing", "PSO.feature.selection", "PSO.valid.acc", 
"PSO.test.acc", "PSO.train.time", "PSO.n.support.vectors", "PSO.index", 
"PSO.n.solutions", "PSO.generations", "PSO.n.evaluations", "PSO.cpu.time", 
"RS.cost", "RS.gamma", "RS.data.balancing", "RS.feature.selection", 
"RS.valid.acc", "RS.test.acc", "RS.train.time", "RS.n.support.vectors", 
"RS.index", "RS.n.solutions", "RS.generations", "RS.n.evaluations", 
"RS.cpu.time", "DF.cost", "DF.gamma", "DF.data.balancing", "DF.feature.selection", 
"DF.valid.acc", "DF.test.acc", "DF.train.time", "DF.n.support.vectors", 
"DF.index", "DF.n.solutions", "DF.generations", "DF.n.evaluations", 
"DF.cpu.time")))
