full <-
structure(c(50, 55, 60, 65, 70, 75, 80, 85, 90, 95, 100, 1, 4.52976, 
5.7875, 14.95975, 4.8183, 13.4154, 3.0491, 6.89348, 3.57463, 
0.51756, 2.02865, 0.11111, -2.1563, -1.95005, -1.95384, -2.7027, 
-2.6679, -2.35187, -1.70794, -2.12291, -1.10269, -3.31396, 0, 
0, 0, 0, 0, 0, 0, 0, 0, 0, 0, 0, 0, 0, 0, 0, 0, 0, 0, 0, 0, 0, 
0.93, 0.96667, 0.95714, 0.92857, 0.91964, 0.92321, 0.92639, 0.93056, 
0.92333, 0.91444, 0.89939, 0.93, 0.96667, 0.92286, 0.89762, 0.91786, 
0.90714, 0.9375, 0.93056, 0.91222, 0.88333, 0.85848, 0.0107, 
0.0101, 0.0097, 0.0103, 0.0104, 0.0106, 0.0099, 0.0103, 0.0111, 
0.0111, 0.0105, 15.4, 30.4, 36.3, 38.5, 30.6, 30, 36.3, 53.8, 
44.8, 71.2, 36.4, 1, 3, 3, 286, 50, 187, 56, 27, 35, 50, 536, 
1899, 1138, 1256, 540, 1158, 177, 1311, 1424, 1007, 245, 66, 
100, 100, 100, 100, 100, 100, 100, 100, 100, 100, 100, 2500, 
2500, 2500, 2500, 2500, 2500, 2500, 2500, 2500, 2500, 2500, 6032.949, 
6010.394, 5962.197, 5990.696, 6021.605, 5886.49200000001, 5946.92999999999, 
5892.148, 5886.285, 6007.898, 5961.12400000001, -0.94579, 11.77722, 
11.17341, 4.38744, 3.00059, 7.85983, 12.35839, 14.73317, 10.20027, 
0.52644, 1.51079, -8.6279, -2.24892, -2.16921, -1.83659, -2.82976, 
-2.66039, -1.44447, -1.58592, -2.03588, -1.19122, -2.9657, 0, 
0, 0, 0, 0, 0, 0, 0, 0, 0, 0, 0, 0, 0, 0, 0, 0, 0, 0, 0, 0, 0, 
0.93, 0.96667, 0.95714, 0.92857, 0.91964, 0.92321, 0.92639, 0.93056, 
0.92333, 0.91444, 0.88939, 0.93, 0.96667, 0.92286, 0.89762, 0.91786, 
0.90714, 0.92639, 0.93056, 0.92333, 0.88333, 0.85939, 0.0087, 
0.0102, 0.0101, 0.0103, 0.0093, 0.0105, 0.0112, 0.0114, 0.0115, 
0.011, 0.0113, 10.8, 27.7, 31.9, 40.7, 29, 30.3, 57.7, 57.4, 
47.9, 69.8, 39.8, 1, 5, 22, 101, 150, 1089, 22, 4, 50, 743, 155, 
1561, 96, 68, 36, 44, 3, 145, 174, 68, 2, 15, 100, 100, 100, 
100, 100, 100, 100, 100, 100, 100, 100, 2500, 2500, 2500, 2500, 
2500, 2500, 2500, 2500, 2500, 2500, 2500, 6045.852, 6026.649, 
6006.044, 5897.815, 5882.807, 5981.45699999999, 5918.326, 5880.599, 
5983.53600000001, 5865.86499999999, 6015.838, 1, 1, 1, 1, 1, 
1, 1, 1, 1, 1, 1, 0.11111, 0.11111, 0.11111, 0.11111, 0.11111, 
0.11111, 0.11111, 0.11111, 0.11111, 0.11111, 0.11111, 0, 0, 0, 
0, 0, 0, 0, 0, 0, 0, 0, 0, 0, 0, 0, 0, 0, 0, 0, 0, 0, 0, 0.93, 
0.93571, 0.92857, 0.91429, 0.90536, 0.91071, 0.90139, 0.90833, 
0.90111, 0.89444, 0.88141, 0.93, 0.93571, 0.92857, 0.91429, 0.90536, 
0.91071, 0.90139, 0.90833, 0.90111, 0.89444, 0.88141, 0.0103, 
0.009, 0.0098, 0.0096, 0.0101, 0.0092, 0.0095, 0.0094, 0.01, 
0.0102, 0.0111, 15.4, 16, 19.3, 21.9, 26.9, 27.8, 27.5, 28.6, 
32.1, 33.3, 38.2, 1, 1, 1, 1, 1, 1, 1, 1, 1, 1, 1, 1, 1, 1, 1, 
1, 1, 1, 1, 1, 1, 1, 1, 1, 1, 1, 1, 1, 1, 1, 1, 1, 1, 1, 1, 1, 
1, 1, 1, 1, 1, 1, 1, 1, 2.477, 2.288, 2.437, 2.299, 2.474, 2.265, 
2.273, 2.396, 2.332, 2.303, 2.468), .Dim = c(11L, 40L), .Dimnames = list(
    NULL, c("Sampling", "PSO.cost", "PSO.gamma", "PSO.data.balancing", 
    "PSO.feature.selection", "PSO.valid.acc", "PSO.test.acc", 
    "PSO.train.time", "PSO.n.support.vectors", "PSO.index", "PSO.n.solutions", 
    "PSO.generations", "PSO.n.evaluations", "PSO.cpu.time", "RS.cost", 
    "RS.gamma", "RS.data.balancing", "RS.feature.selection", 
    "RS.valid.acc", "RS.test.acc", "RS.train.time", "RS.n.support.vectors", 
    "RS.index", "RS.n.solutions", "RS.generations", "RS.n.evaluations", 
    "RS.cpu.time", "DF.cost", "DF.gamma", "DF.data.balancing", 
    "DF.feature.selection", "DF.valid.acc", "DF.test.acc", "DF.train.time", 
    "DF.n.support.vectors", "DF.index", "DF.n.solutions", "DF.generations", 
    "DF.n.evaluations", "DF.cpu.time")))
