full <-
structure(c(50, 55, 60, 65, 70, 75, 80, 85, 90, 95, 100, 1, 1, 
1, 1, 1, 7.07964, 7.00405, 9.09172, 1.91966, 1.5105, 3.68437, 
0.11111, 0.11111, 0.11111, 0.11111, 0.11111, -1.94503, -1.03362, 
-1.45721, -3.4613, -0.8781, -1.21457, 0, 0, 0, 0, 0, 0, 0, 0, 
0, 0, 0, 0, 0, 0, 0, 0, 0, 0, 0, 0, 0, 0, 0.88667, 0.9, 0.8881, 
0.87857, 0.87321, 0.89464, 0.9, 0.90556, 0.91083, 0.88444, 0.89071, 
0.88667, 0.9, 0.8881, 0.87857, 0.87321, 0.84286, 0.9, 0.90556, 
0.86639, 0.88444, 0.88071, 0.0098, 0.0088, 0.0094, 0.0095, 0.0104, 
0.0108, 0.0131, 0.0131, 0.0128, 0.0143, 0.0132, 24.4, 26.2, 28.9, 
31.7, 32.6, 48, 61.7, 60.7, 34, 73.2, 73.4, 1, 1, 1, 1, 1, 60, 
4, 15, 151, 83, 122, 2031, 2024, 2162, 1920, 1889, 213, 1191, 
1416, 69, 229, 274, 100, 100, 100, 100, 100, 100, 100, 100, 100, 
100, 100, 2500, 2500, 2500, 2500, 2500, 2500, 2500, 2500, 2500, 
2500, 2500, 5671.322, 5649.021, 5831.207, 5822.656, 5967.56, 
7771.482, 8501.75600000001, 8544.307, 8528.213, 8570.60699999999, 
8112.62400000001, 7.2466, 4.55218, 0.85762, 4.84955, 3.46047, 
6.70096, 5.09278, 8.2598, 2.11788, 10.77242, 13.87935, -12.47773, 
-10.73212, 0.27325, -0.41406, -8.17866, -1.90616, -1.36545, -1.34658, 
-3.72426, -0.89902, -1.35329, 0, 0, 0, 0, 0, 0, 0, 0, 0, 0, 0, 
0, 0, 0, 0, 0, 0, 0, 0, 0, 0, 0, 0.88667, 0.9, 0.8881, 0.87857, 
0.87321, 0.89464, 0.9, 0.90556, 0.91083, 0.88444, 0.89071, 0.88667, 
0.9, 0.8881, 0.87857, 0.87321, 0.85536, 0.9, 0.90556, 0.8775, 
0.88444, 0.88071, 0.0086, 0.0085, 0.0097, 0.0104, 0.0098, 0.0133, 
0.0129, 0.0137, 0.012, 0.0142, 0.0145, 14.8, 14.5, 48, 51.4, 
22.2, 48.4, 58.7, 62.6, 32.8, 73.2, 71, 1, 4, 1, 2, 3, 907, 5, 
17, 22, 445, 42, 1481, 1433, 1612, 1482, 1689, 3, 70, 70, 1, 
16, 33, 100, 100, 100, 100, 100, 100, 100, 100, 100, 100, 100, 
2500, 2500, 2500, 2500, 2500, 2500, 2500, 2500, 2500, 2500, 2500, 
5644.108, 5733.203, 5827.705, 5821.36900000001, 6117.786, 8550.064, 
8528.02800000001, 8470.91600000001, 8579.909, 8431.80900000001, 
7988.91899999999, 1, 1, 1, 1, 1, 1, 1, 1, 1, 1, 1, 0.11111, 0.11111, 
0.11111, 0.11111, 0.11111, 0.11111, 0.11111, 0.11111, 0.11111, 
0.11111, 0.11111, 0, 0, 0, 0, 0, 0, 0, 0, 0, 0, 0, 0, 0, 0, 0, 
0, 0, 0, 0, 0, 0, 0, 0.88667, 0.9, 0.8881, 0.87857, 0.87321, 
0.88214, 0.875, 0.88194, 0.87861, 0.87444, 0.88071, 0.88667, 
0.9, 0.8881, 0.87857, 0.87321, 0.88214, 0.875, 0.88194, 0.87861, 
0.87444, 0.88071, 0.0087, 0.0095, 0.0092, 0.0096, 0.0102, 0.0125, 
0.013, 0.0124, 0.0128, 0.0127, 0.0116, 24.4, 26.2, 28.9, 31.7, 
32.6, 33.4, 33.4, 34.4, 36.1, 37.4, 39.1, 1, 1, 1, 1, 1, 1, 1, 
1, 1, 1, 1, 1, 1, 1, 1, 1, 1, 1, 1, 1, 1, 1, 1, 1, 1, 1, 1, 1, 
1, 1, 1, 1, 1, 1, 1, 1, 1, 1, 1, 1, 1, 1, 1, 1, 2.212, 2.38, 
2.268, 2.284, 2.436, 3.431, 3.501, 3.329, 3.405, 3.42, 3.069), .Dim = c(11L, 
40L), .Dimnames = list(NULL, c("Sampling", "PSO.cost", "PSO.gamma", 
"PSO.data.balancing", "PSO.feature.selection", "PSO.valid.acc", 
"PSO.test.acc", "PSO.train.time", "PSO.n.support.vectors", "PSO.index", 
"PSO.n.solutions", "PSO.generations", "PSO.n.evaluations", "PSO.cpu.time", 
"RS.cost", "RS.gamma", "RS.data.balancing", "RS.feature.selection", 
"RS.valid.acc", "RS.test.acc", "RS.train.time", "RS.n.support.vectors", 
"RS.index", "RS.n.solutions", "RS.generations", "RS.n.evaluations", 
"RS.cpu.time", "DF.cost", "DF.gamma", "DF.data.balancing", "DF.feature.selection", 
"DF.valid.acc", "DF.test.acc", "DF.train.time", "DF.n.support.vectors", 
"DF.index", "DF.n.solutions", "DF.generations", "DF.n.evaluations", 
"DF.cpu.time")))
