full <-
structure(c(50, 55, 60, 65, 70, 75, 80, 85, 90, 95, 100, 1, 3.13075, 
1, 1.13656, 1, 2.40903, 8.86674, 1, 1, 1, 4.72186, 0.11111, -4.23558, 
0.11111, -3.27017, 0.11111, -4.38362, -1.54352, 0.11111, 0.11111, 
0.11111, -5.21465, 0, 0, 0, 0, 0, 0, 0, 0, 0, 0, 0, 0, 0, 0, 
0, 0, 0, 0, 0, 0, 0, 0, 0.91333, 0.91667, 0.90476, 0.9119, 0.8875, 
0.90714, 0.91389, 0.90833, 0.90111, 0.89444, 0.91, 0.91333, 0.84333, 
0.90476, 0.89762, 0.8875, 0.89464, 0.90139, 0.90833, 0.90111, 
0.89444, 0.85, 0.012, 0.01, 0.0105, 0.0107, 0.011, 0.0102, 0.0114, 
0.0112, 0.0116, 0.0116, 0.012, 22.7, 22.2, 26.6, 28, 32.9, 26.8, 
53.3, 32, 33.3, 35.6, 30.2, 1, 647, 1, 430, 1, 246, 3, 1, 1, 
1, 366, 1923, 44, 1759, 78, 2039, 176, 532, 2022, 1842, 1712, 
333, 100, 100, 100, 100, 100, 100, 100, 100, 100, 100, 100, 2500, 
2500, 2500, 2500, 2500, 2500, 2500, 2500, 2500, 2500, 2500, 6303.621, 
6503.777, 6538.415, 6488.038, 6555.858, 6379.309, 6569.94, 6565.148, 
6624.08, 6582.22, 6520.489, -0.20127, 10.10367, -1.55601, 2.10571, 
-0.58864, 1.21892, 3.77633, 2.31918, -1.9281, -0.70005, 4.84453, 
-12.64807, -14.42721, -8.29953, -4.0727, -3.09329, -2.31058, 
-1.61655, -9.13727, -9.31733, -13.59672, -5.12097, 0, 0, 0, 0, 
0, 0, 0, 0, 0, 0, 0, 0, 0, 0, 0, 0, 0, 0, 0, 0, 0, 0, 0.91333, 
0.9, 0.90476, 0.9119, 0.8875, 0.90714, 0.91389, 0.90833, 0.90111, 
0.89444, 0.91, 0.91333, 0.9, 0.90476, 0.89762, 0.8875, 0.88036, 
0.90139, 0.90833, 0.90111, 0.89444, 0.84, 0.0099, 0.0108, 0.0101, 
0.0103, 0.0107, 0.0103, 0.0116, 0.0113, 0.0108, 0.0109, 0.0114, 
11.4, 23.7, 21.8, 24.9, 33, 39.8, 52.6, 24.9, 21.4, 17.4, 30.1, 
1, 1, 1, 112, 1, 1311, 70, 1, 2, 2, 728, 1634, 1617, 1646, 8, 
1664, 6, 19, 1595, 1246, 1190, 11, 100, 100, 100, 100, 100, 100, 
100, 100, 100, 100, 100, 2500, 2500, 2500, 2500, 2500, 2500, 
2500, 2500, 2500, 2500, 2500, 6365.453, 6520.849, 6527.619, 6483.44, 
6678.964, 6383.11199999999, 6576.55500000001, 6623.50899999999, 
6611.95999999999, 6553.799, 6486.288, 1, 1, 1, 1, 1, 1, 1, 1, 
1, 1, 1, 0.11111, 0.11111, 0.11111, 0.11111, 0.11111, 0.11111, 
0.11111, 0.11111, 0.11111, 0.11111, 0.11111, 0, 0, 0, 0, 0, 0, 
0, 0, 0, 0, 0, 0, 0, 0, 0, 0, 0, 0, 0, 0, 0, 0, 0.91333, 0.9, 
0.90476, 0.89762, 0.8875, 0.89464, 0.90139, 0.90833, 0.90111, 
0.89444, 0.88, 0.91333, 0.9, 0.90476, 0.89762, 0.8875, 0.89464, 
0.90139, 0.90833, 0.90111, 0.89444, 0.88, 0.0098, 0.0101, 0.0106, 
0.0105, 0.0106, 0.0104, 0.0112, 0.0112, 0.0115, 0.0113, 0.0115, 
22.7, 24.7, 26.6, 28.5, 32.9, 31.5, 33.3, 32, 33.3, 35.6, 38.9, 
1, 1, 1, 1, 1, 1, 1, 1, 1, 1, 1, 1, 1, 1, 1, 1, 1, 1, 1, 1, 1, 
1, 1, 1, 1, 1, 1, 1, 1, 1, 1, 1, 1, 1, 1, 1, 1, 1, 1, 1, 1, 1, 
1, 1, 2.54, 2.628, 2.589, 2.62, 2.632, 2.536, 2.625, 2.606, 2.603, 
2.6, 2.593), .Dim = c(11L, 40L), .Dimnames = list(NULL, c("Sampling", 
"PSO.cost", "PSO.gamma", "PSO.data.balancing", "PSO.feature.selection", 
"PSO.valid.acc", "PSO.test.acc", "PSO.train.time", "PSO.n.support.vectors", 
"PSO.index", "PSO.n.solutions", "PSO.generations", "PSO.n.evaluations", 
"PSO.cpu.time", "RS.cost", "RS.gamma", "RS.data.balancing", "RS.feature.selection", 
"RS.valid.acc", "RS.test.acc", "RS.train.time", "RS.n.support.vectors", 
"RS.index", "RS.n.solutions", "RS.generations", "RS.n.evaluations", 
"RS.cpu.time", "DF.cost", "DF.gamma", "DF.data.balancing", "DF.feature.selection", 
"DF.valid.acc", "DF.test.acc", "DF.train.time", "DF.n.support.vectors", 
"DF.index", "DF.n.solutions", "DF.generations", "DF.n.evaluations", 
"DF.cpu.time")))
