full <-
structure(c(50, 55, 60, 65, 70, 75, 80, 85, 90, 95, 100, 2.30638, 
1.0814, 1.30051, 1, 3.45762, 5.44134, 9.12181, 1, 1.66016, 4.52061, 
7.85348, -0.95233, -2.65482, -2.86126, 0.11111, -2.96901, -1.59069, 
-0.91031, 0.11111, -3.96467, -0.76282, -0.79155, 0, 0, 0, 0, 
0, 0, 0, 0, 0, 0, 0, 0, 0, 0, 0, 0, 0, 0, 0, 0, 0, 0, 0.84, 0.83476, 
0.8381, 0.83214, 0.86845, 0.88313, 0.88889, 0.85972, 0.87944, 
0.87717, 0.89232, 0.82, 0.76476, 0.7381, 0.83214, 0.85179, 0.86885, 
0.87778, 0.85972, 0.87833, 0.85606, 0.87232, 0.01, 0.0103, 0.0098, 
0.0096, 0.0103, 0.0118, 0.0117, 0.01, 0.0105, 0.0123, 0.0124, 
39.6, 33.6, 34.3, 34.2, 31.4, 54.2, 62, 37.6, 34.5, 74.1, 77.2, 
65, 2157, 2064, 1, 420, 26, 40, 1, 2335, 333, 113, 1272, 1, 2, 
1870, 71, 865, 624, 1894, 2, 166, 304, 100, 100, 100, 100, 100, 
100, 100, 100, 100, 100, 100, 2500, 2500, 2500, 2500, 2500, 2500, 
2500, 2500, 2500, 2500, 2500, 6304.42, 6213.925, 6216.659, 6072.182, 
6042.465, 6256.299, 6137.56400000001, 6129.902, 6324.194, 6287.58399999999, 
6334.893, 2.03788, 2.4748, 10.8839, 1.18707, 3.83051, 10.41652, 
1.60453, -0.15684, 1.8596, 13.11476, 3.88224, -1.43415, -2.46882, 
-1.2606, -10.3415, -0.88589, -1.60033, -0.93345, -2.77819, -4.09668, 
-0.83671, -0.86417, 0, 0, 0, 0, 0, 0, 0, 0, 0, 0, 0, 0, 0, 0, 
0, 0, 0, 0, 0, 0, 0, 0, 0.84, 0.82143, 0.82143, 0.83214, 0.85833, 
0.88313, 0.88889, 0.85972, 0.86944, 0.87717, 0.89232, 0.84, 0.80476, 
0.81905, 0.83214, 0.85833, 0.86885, 0.87778, 0.85972, 0.86583, 
0.85606, 0.87232, 0.0103, 0.0105, 0.0102, 0.0099, 0.0107, 0.0111, 
0.0117, 0.0105, 0.0111, 0.0125, 0.0124, 39.2, 33.8, 46.6, 26.1, 
54.5, 54.1, 62, 40.3, 33.6, 74.1, 76.9, 50, 112, 47, 1, 4, 115, 
56, 2, 183, 247, 1540, 86, 30, 54, 957, 10, 73, 18, 1023, 1, 
16, 5, 100, 100, 100, 100, 100, 100, 100, 100, 100, 100, 100, 
2500, 2500, 2500, 2500, 2500, 2500, 2500, 2500, 2500, 2500, 2500, 
6312.161, 6144.646, 6206.244, 6093.489, 6164.425, 6368.74500000001, 
6228.72900000001, 6287.281, 6342.287, 6261.05899999999, 6202.295, 
1, 1, 1, 1, 1, 1, 1, 1, 1, 1, 1, 0.11111, 0.11111, 0.11111, 0.11111, 
0.11111, 0.11111, 0.11111, 0.11111, 0.11111, 0.11111, 0.11111, 
0, 0, 0, 0, 0, 0, 0, 0, 0, 0, 0, 0, 0, 0, 0, 0, 0, 0, 0, 0, 0, 
0, 0.8, 0.80143, 0.8181, 0.83214, 0.84405, 0.85456, 0.86349, 
0.85972, 0.86833, 0.87515, 0.88141, 0.8, 0.80143, 0.8181, 0.83214, 
0.84405, 0.85456, 0.86349, 0.85972, 0.86833, 0.87515, 0.88141, 
0.0102, 0.0106, 0.0095, 0.0103, 0.0105, 0.0111, 0.01, 0.0113, 
0.0113, 0.0111, 0.0109, 28.1, 31.2, 32.4, 34.2, 33.8, 33.1, 35, 
37.6, 37.9, 38.8, 38.6, 1, 1, 1, 1, 1, 1, 1, 1, 1, 1, 1, 1, 1, 
1, 1, 1, 1, 1, 1, 1, 1, 1, 1, 1, 1, 1, 1, 1, 1, 1, 1, 1, 1, 1, 
1, 1, 1, 1, 1, 1, 1, 1, 1, 1, 2.61, 2.576, 2.341, 2.445, 2.556, 
2.519, 2.309, 2.575, 2.56, 2.458, 2.442), .Dim = c(11L, 40L), .Dimnames = list(
    NULL, c("Sampling", "PSO.cost", "PSO.gamma", "PSO.data.balancing", 
    "PSO.feature.selection", "PSO.valid.acc", "PSO.test.acc", 
    "PSO.train.time", "PSO.n.support.vectors", "PSO.index", "PSO.n.solutions", 
    "PSO.generations", "PSO.n.evaluations", "PSO.cpu.time", "RS.cost", 
    "RS.gamma", "RS.data.balancing", "RS.feature.selection", 
    "RS.valid.acc", "RS.test.acc", "RS.train.time", "RS.n.support.vectors", 
    "RS.index", "RS.n.solutions", "RS.generations", "RS.n.evaluations", 
    "RS.cpu.time", "DF.cost", "DF.gamma", "DF.data.balancing", 
    "DF.feature.selection", "DF.valid.acc", "DF.test.acc", "DF.train.time", 
    "DF.n.support.vectors", "DF.index", "DF.n.solutions", "DF.generations", 
    "DF.n.evaluations", "DF.cpu.time")))
