full <-
structure(c(50, 55, 60, 65, 70, 75, 80, 85, 90, 95, 100, 1, 2.09953, 
6.63916, 1, 3.99873, 12.24395, 13.5681, 3.92568, 4.54444, 3.78469, 
2.50896, 0.11111, -1.87122, -6.30598, 0.11111, -1.73308, -1.77348, 
-1.2655, -1.00826, -1.36343, -1.20281, -1.00182, 0, 0, 0, 0, 
0, 0, 0, 0, 0, 0, 0, 0, 0, 0, 0, 0, 0, 0, 0, 0, 0, 0, 0.90667, 
0.91333, 0.91905, 0.9119, 0.93036, 0.91071, 0.9125, 0.88194, 
0.88972, 0.89556, 0.88939, 0.90667, 0.87667, 0.82381, 0.9119, 
0.93036, 0.88214, 0.9125, 0.88194, 0.8675, 0.89556, 0.8703, 0.0101, 
0.0109, 0.0103, 0.0099, 0.0113, 0.0121, 0.0122, 0.0115, 0.0129, 
0.0127, 0.0134, 20.3, 37, 19.3, 24.3, 44.6, 47.2, 61, 65.4, 65.9, 
70.7, 75.5, 1, 488, 55, 1, 93, 308, 6, 56, 11, 31, 731, 2109, 
85, 227, 2028, 454, 430, 1472, 1175, 464, 952, 63, 100, 100, 
100, 100, 100, 100, 100, 100, 100, 100, 100, 2500, 2500, 2500, 
2500, 2500, 2500, 2500, 2500, 2500, 2500, 2500, 6332.79, 6471.233, 
6474.822, 6363.109, 6550.788, 6615.259, 6454.34400000001, 6710.84600000001, 
6830.04300000001, 6567.76999999999, 6551.345, 3.04287, 5.16942, 
11.38686, -0.04188, 6.20763, 13.4626, 13.64712, 11.56023, 0.52464, 
10.13291, 5.40844, -12.26619, -1.86179, -8.82352, -7.45239, -1.75559, 
-1.85392, -1.28578, -0.78063, -1.30111, -0.9644, -0.98226, 0, 
0, 0, 0, 0, 0, 0, 0, 0, 0, 0, 0, 0, 0, 0, 0, 0, 0, 0, 0, 0, 0, 
0.90667, 0.91333, 0.91905, 0.9119, 0.93036, 0.91071, 0.9125, 
0.88194, 0.88972, 0.89556, 0.88939, 0.90667, 0.87667, 0.82381, 
0.9119, 0.93036, 0.89643, 0.9125, 0.88194, 0.8675, 0.89556, 0.8703, 
0.0096, 0.0103, 0.0112, 0.0097, 0.0107, 0.0119, 0.0114, 0.0124, 
0.0122, 0.0131, 0.0134, 15.5, 37.3, 18.6, 21.1, 43.9, 46.2, 60.8, 
66.1, 66.9, 73.2, 75.7, 1, 11, 66, 1, 11, 118, 19, 55, 15, 9, 
145, 1576, 10, 24, 1851, 35, 23, 97, 103, 27, 79, 10, 100, 100, 
100, 100, 100, 100, 100, 100, 100, 100, 100, 2500, 2500, 2500, 
2500, 2500, 2500, 2500, 2500, 2500, 2500, 2500, 6494.368, 6432.903, 
6344.421, 6466.994, 6474.276, 6743.20299999999, 6563.549, 6778.512, 
6613.06200000001, 6606.44900000001, 6481.671, 1, 1, 1, 1, 1, 
1, 1, 1, 1, 1, 1, 0.11111, 0.11111, 0.11111, 0.11111, 0.11111, 
0.11111, 0.11111, 0.11111, 0.11111, 0.11111, 0.11111, 0, 0, 0, 
0, 0, 0, 0, 0, 0, 0, 0, 0, 0, 0, 0, 0, 0, 0, 0, 0, 0, 0, 0.90667, 
0.89667, 0.90476, 0.9119, 0.91607, 0.90893, 0.875, 0.87083, 0.87861, 
0.88444, 0.88141, 0.90667, 0.89667, 0.90476, 0.9119, 0.91607, 
0.90893, 0.875, 0.87083, 0.87861, 0.88444, 0.88141, 0.01, 0.0099, 
0.01, 0.0103, 0.0102, 0.0112, 0.0109, 0.0117, 0.0117, 0.0118, 
0.0113, 20.3, 22.2, 23.1, 24.3, 25, 28.8, 35.3, 36.9, 37.9, 37.2, 
39.6, 1, 1, 1, 1, 1, 1, 1, 1, 1, 1, 1, 1, 1, 1, 1, 1, 1, 1, 1, 
1, 1, 1, 1, 1, 1, 1, 1, 1, 1, 1, 1, 1, 1, 1, 1, 1, 1, 1, 1, 1, 
1, 1, 1, 1, 2.677, 2.566, 2.511, 2.621, 2.552, 2.694, 2.533, 
2.704, 2.754, 2.67, 2.414), .Dim = c(11L, 40L), .Dimnames = list(
    NULL, c("Sampling", "PSO.cost", "PSO.gamma", "PSO.data.balancing", 
    "PSO.feature.selection", "PSO.valid.acc", "PSO.test.acc", 
    "PSO.train.time", "PSO.n.support.vectors", "PSO.index", "PSO.n.solutions", 
    "PSO.generations", "PSO.n.evaluations", "PSO.cpu.time", "RS.cost", 
    "RS.gamma", "RS.data.balancing", "RS.feature.selection", 
    "RS.valid.acc", "RS.test.acc", "RS.train.time", "RS.n.support.vectors", 
    "RS.index", "RS.n.solutions", "RS.generations", "RS.n.evaluations", 
    "RS.cpu.time", "DF.cost", "DF.gamma", "DF.data.balancing", 
    "DF.feature.selection", "DF.valid.acc", "DF.test.acc", "DF.train.time", 
    "DF.n.support.vectors", "DF.index", "DF.n.solutions", "DF.generations", 
    "DF.n.evaluations", "DF.cpu.time")))
