full <-
structure(c(50, 55, 60, 65, 70, 75, 80, 85, 90, 95, 100, 1, 1, 
1, 1, 14.71081, 1, 1.17518, 0.76032, 3.7893, 0.35571, 2.18862, 
0.11111, 0.11111, 0.11111, 0.11111, -14.83879, 0.11111, -1.43938, 
-1.44979, -5.44432, -2.32497, -0.87677, 0, 0, 0, 0, 0, 0, 0, 
0, 0, 0, 0, 0, 0, 0, 0, 0, 0, 0, 0, 0, 0, 0, 0.90667, 0.87667, 
0.88571, 0.9, 0.90179, 0.88214, 0.90099, 0.90528, 0.90083, 0.90556, 
0.89182, 0.90667, 0.87667, 0.88571, 0.9, 0.87321, 0.88214, 0.87738, 
0.90528, 0.87861, 0.88444, 0.90182, 0.0107, 0.0095, 0.01, 0.0099, 
0.0139, 0.0111, 0.012, 0.0122, 0.011, 0.0116, 0.0128, 19.9, 26.1, 
26.2, 27.6, 18.2, 32.4, 58.6, 61.4, 28.3, 46.8, 77.1, 1, 1, 1, 
1, 2, 1, 779, 365, 1263, 1282, 50, 2024, 2005, 1952, 1891, 995, 
2077, 57, 428, 30, 43, 156, 100, 100, 100, 100, 100, 100, 100, 
100, 100, 100, 100, 2500, 2500, 2500, 2500, 2500, 2500, 2500, 
2500, 2500, 2500, 2500, 5908.798, 5842.866, 5852.652, 5854.688, 
8095.016, 6031.29300000001, 6253.035, 6272.02800000001, 6247.44200000001, 
6068.338, 5985.194, 3.82735, -1.9228, 1.191, 0.32105, 13.30894, 
5.08301, 13.63305, 0.59502, 2.34329, 0.72504, 8.62162, -11.15653, 
-7.47135, -6.4952, -9.83732, -14.12133, 2.69343, -1.42996, -1.40728, 
-4.06185, -2.57993, -0.95852, 0, 0, 0, 0, 0, 0, 0, 0, 0, 0, 0, 
0, 0, 0, 0, 0, 0, 0, 0, 0, 0, 0, 0.90667, 0.87667, 0.88571, 0.9, 
0.90179, 0.88214, 0.88988, 0.90528, 0.90083, 0.89444, 0.89182, 
0.90667, 0.87667, 0.88571, 0.9, 0.87321, 0.88214, 0.87738, 0.90528, 
0.8675, 0.89444, 0.90182, 0.009, 0.0093, 0.01, 0.0095, 0.011, 
0.0115, 0.0117, 0.0118, 0.0112, 0.0107, 0.013, 12.2, 18.4, 19.3, 
19, 18.2, 60, 58.4, 61.9, 31.2, 42.7, 76.7, 2, 1, 1, 1, 46, 1, 
94, 700, 1074, 31, 5, 1438, 1496, 1620, 1289, 29, 1655, 12, 2, 
1, 39, 13, 100, 100, 100, 100, 100, 100, 100, 100, 100, 100, 
100, 2500, 2500, 2500, 2500, 2500, 2500, 2500, 2500, 2500, 2500, 
2500, 5949.507, 5851.116, 5860.866, 6118.54599999999, 5961.217, 
6110.69, 6241.52899999999, 6239.545, 6144.72, 6084.156, 6009.71799999999, 
1, 1, 1, 1, 1, 1, 1, 1, 1, 1, 1, 0.11111, 0.11111, 0.11111, 0.11111, 
0.11111, 0.11111, 0.11111, 0.11111, 0.11111, 0.11111, 0.11111, 
0, 0, 0, 0, 0, 0, 0, 0, 0, 0, 0, 0, 0, 0, 0, 0, 0, 0, 0, 0, 0, 
0, 0.90667, 0.87667, 0.88571, 0.9, 0.8875, 0.88214, 0.86349, 
0.87167, 0.87861, 0.87444, 0.88071, 0.90667, 0.87667, 0.88571, 
0.9, 0.8875, 0.88214, 0.86349, 0.87167, 0.87861, 0.87444, 0.88071, 
0.0097, 0.0095, 0.0097, 0.012, 0.0105, 0.0109, 0.011, 0.0113, 
0.0104, 0.0114, 0.0106, 19.9, 26.1, 26.2, 27.6, 30.2, 32.4, 33.5, 
34.4, 35.7, 37.5, 38.9, 1, 1, 1, 1, 1, 1, 1, 1, 1, 1, 1, 1, 1, 
1, 1, 1, 1, 1, 1, 1, 1, 1, 1, 1, 1, 1, 1, 1, 1, 1, 1, 1, 1, 1, 
1, 1, 1, 1, 1, 1, 1, 1, 1, 1, 2.454, 2.314, 2.352, 3.389, 2.475, 
2.516, 2.507, 2.539, 2.373, 2.489, 2.317), .Dim = c(11L, 40L), .Dimnames = list(
    NULL, c("Sampling", "PSO.cost", "PSO.gamma", "PSO.data.balancing", 
    "PSO.feature.selection", "PSO.valid.acc", "PSO.test.acc", 
    "PSO.train.time", "PSO.n.support.vectors", "PSO.index", "PSO.n.solutions", 
    "PSO.generations", "PSO.n.evaluations", "PSO.cpu.time", "RS.cost", 
    "RS.gamma", "RS.data.balancing", "RS.feature.selection", 
    "RS.valid.acc", "RS.test.acc", "RS.train.time", "RS.n.support.vectors", 
    "RS.index", "RS.n.solutions", "RS.generations", "RS.n.evaluations", 
    "RS.cpu.time", "DF.cost", "DF.gamma", "DF.data.balancing", 
    "DF.feature.selection", "DF.valid.acc", "DF.test.acc", "DF.train.time", 
    "DF.n.support.vectors", "DF.index", "DF.n.solutions", "DF.generations", 
    "DF.n.evaluations", "DF.cpu.time")))
