full <-
structure(c(50, 55, 60, 65, 70, 75, 80, 85, 90, 95, 100, 7.15951, 
10.54126, 1, 15, 1, 9.78449, 1, 1, 1, 1, 14.34965, -2.14451, 
-13.42923, 0.11111, -15, 0.11111, -10.14716, 0.11111, 0.11111, 
0.11111, 0.11111, -9.55194, 0, 0, 0, 0, 0, 0, 0, 0, 0, 0, 0, 
0, 0, 0, 0, 0, 0, 0, 0, 0, 0, 0, 0.92667, 0.9, 0.88333, 0.86905, 
0.87321, 0.89464, 0.875, 0.88194, 0.88889, 0.88444, 0.90162, 
0.85667, 0.88, 0.88333, 0.85, 0.87321, 0.88036, 0.875, 0.88194, 
0.88889, 0.88444, 0.84253, 0.0091, 0.0089, 0.0092, 0.0132, 0.0104, 
0.0112, 0.0105, 0.0108, 0.0107, 0.011, 0.0179, 32.9, 16.2, 26.2, 
20.4, 33.4, 21.1, 35.4, 34.7, 35.3, 38, 28.1, 11, 770, 1, 711, 
1, 39, 1, 1, 1, 1, 16, 1301, 40, 1797, 918, 1936, 439, 1733, 
1762, 1616, 1778, 45, 100, 100, 100, 100, 100, 100, 100, 100, 
100, 100, 100, 2500, 2500, 2500, 2500, 2500, 2500, 2500, 2500, 
2500, 2500, 2500, 5609.324, 5846.745, 5990.956, 6123.776, 6087.874, 
6122.018, 6242.57699999999, 6291.443, 6297.02499999999, 6296.898, 
6288.766, 11.50912, 12.67224, 4.96061, 11.02744, 4.87542, 13.41247, 
5.25935, 2.98949, 8.33977, 9.88042, 13.62451, -2.12177, -1.57017, 
-8.06471, -11.1425, 1.25131, -14.6568, -13.55063, -10.86764, 
-11.89024, -14.26798, -9.17268, 0, 0, 0, 0, 0, 0, 0, 0, 0, 0, 
0, 0, 0, 0, 0, 0, 0, 0, 0, 0, 0, 0, 0.92667, 0.89667, 0.88333, 
0.86905, 0.87321, 0.89464, 0.875, 0.88194, 0.88889, 0.88444, 
0.90162, 0.85667, 0.89667, 0.88333, 0.85, 0.87321, 0.88036, 0.875, 
0.88194, 0.88889, 0.88444, 0.84253, 0.0089, 0.0101, 0.0099, 0.011, 
0.0111, 0.0129, 0.0104, 0.0111, 0.0128, 0.013, 0.0163, 33.2, 
41.1, 16.7, 20.6, 56, 21.3, 24, 28, 26.9, 36.3, 28.2, 40, 660, 
1, 37, 1, 11, 2, 4, 2, 3, 937, 79, 7, 1565, 13, 1506, 60, 1056, 
914, 1050, 1205, 1, 100, 100, 100, 100, 100, 100, 100, 100, 100, 
100, 100, 2500, 2500, 2500, 2500, 2500, 2500, 2500, 2500, 2500, 
2500, 2500, 5685.309, 5969.974, 6083.379, 6118.236, 6108.044, 
6144.508, 6326.788, 6280.307, 6279.58500000001, 6281.361, 6248.492, 
1, 1, 1, 1, 1, 1, 1, 1, 1, 1, 1, 0.11111, 0.11111, 0.11111, 0.11111, 
0.11111, 0.11111, 0.11111, 0.11111, 0.11111, 0.11111, 0.11111, 
0, 0, 0, 0, 0, 0, 0, 0, 0, 0, 0, 0, 0, 0, 0, 0, 0, 0, 0, 0, 0, 
0, 0.88667, 0.88, 0.88333, 0.86429, 0.87321, 0.88036, 0.875, 
0.88194, 0.88889, 0.88444, 0.88071, 0.88667, 0.88, 0.88333, 0.86429, 
0.87321, 0.88036, 0.875, 0.88194, 0.88889, 0.88444, 0.88071, 
0.0091, 0.0095, 0.01, 0.0102, 0.0106, 0.0105, 0.0111, 0.0104, 
0.0112, 0.0117, 0.0117, 22.9, 25.4, 26.2, 32.4, 33.4, 33, 35.4, 
34.7, 35.3, 38, 37.9, 1, 1, 1, 1, 1, 1, 1, 1, 1, 1, 1, 1, 1, 
1, 1, 1, 1, 1, 1, 1, 1, 1, 1, 1, 1, 1, 1, 1, 1, 1, 1, 1, 1, 1, 
1, 1, 1, 1, 1, 1, 1, 1, 1, 1, 2.301, 2.387, 2.459, 2.4, 2.416, 
2.446, 2.489, 2.516, 2.5, 2.511, 2.538), .Dim = c(11L, 40L), .Dimnames = list(
    NULL, c("Sampling", "PSO.cost", "PSO.gamma", "PSO.data.balancing", 
    "PSO.feature.selection", "PSO.valid.acc", "PSO.test.acc", 
    "PSO.train.time", "PSO.n.support.vectors", "PSO.index", "PSO.n.solutions", 
    "PSO.generations", "PSO.n.evaluations", "PSO.cpu.time", "RS.cost", 
    "RS.gamma", "RS.data.balancing", "RS.feature.selection", 
    "RS.valid.acc", "RS.test.acc", "RS.train.time", "RS.n.support.vectors", 
    "RS.index", "RS.n.solutions", "RS.generations", "RS.n.evaluations", 
    "RS.cpu.time", "DF.cost", "DF.gamma", "DF.data.balancing", 
    "DF.feature.selection", "DF.valid.acc", "DF.test.acc", "DF.train.time", 
    "DF.n.support.vectors", "DF.index", "DF.n.solutions", "DF.generations", 
    "DF.n.evaluations", "DF.cpu.time")))
