full <-
structure(c(50, 55, 60, 65, 70, 75, 80, 85, 90, 95, 100, 1, 5.60868, 
8.01576, 1.00188, 6.07181, 1.51731, 1, 0.50854, 0.64982, 0.74531, 
0.32802, 0.11111, -8.82526, -1.472, -1.34055, -1.29153, -1.29975, 
0.11111, -1.85774, -1.45788, -1.72739, -2.15362, 0, 0, 0, 0, 
0, 0, 0, 0, 0, 0, 0, 0, 0, 0, 0, 0, 0, 0, 0, 0, 0, 0, 0.90667, 
0.89333, 0.88333, 0.85952, 0.85833, 0.88214, 0.85099, 0.87361, 
0.87583, 0.89424, 0.90364, 0.90667, 0.87667, 0.88333, 0.84286, 
0.85833, 0.86964, 0.85099, 0.87222, 0.86583, 0.88424, 0.88141, 
0.011, 0.0099, 0.01, 0.0103, 0.0115, 0.0111, 0.0104, 0.0114, 
0.012, 0.0124, 0.012, 21.3, 15.8, 45.2, 49.8, 53.4, 55.8, 36.7, 
54.7, 65.3, 61.2, 52.4, 1, 55, 58, 310, 43, 13, 1, 389, 338, 
1791, 1441, 2062, 245, 1025, 444, 925, 1142, 1887, 351, 304, 
21, 48, 100, 100, 100, 100, 100, 100, 100, 100, 100, 100, 100, 
2500, 2500, 2500, 2500, 2500, 2500, 2500, 2500, 2500, 2500, 2500, 
6088.102, 6136.088, 6219.224, 6256.022, 6303.526, 6277.806, 6148.51400000001, 
6192.32799999999, 6194.027, 6088.205, 6069.579, -0.76996, 7.45793, 
3.36414, 7.16588, 3.58739, 2.04938, 0.49436, 0.60533, 0.52357, 
0.81614, 10.99324, -14.99779, -10.6703, -1.73222, -1.34573, -1.23544, 
-1.03009, -0.87444, -1.97517, -1.26464, -1.48677, -0.90541, 0, 
0, 0, 0, 0, 0, 0, 0, 0, 0, 0, 0, 0, 0, 0, 0, 0, 0, 0, 0, 0, 0, 
0.90667, 0.89333, 0.88333, 0.85952, 0.85833, 0.88214, 0.86349, 
0.87361, 0.87583, 0.89424, 0.89455, 0.90667, 0.87667, 0.88333, 
0.84286, 0.85833, 0.88214, 0.83849, 0.87222, 0.86583, 0.88424, 
0.87232, 0.0096, 0.0099, 0.0106, 0.0103, 0.0112, 0.0111, 0.0111, 
0.0115, 0.0116, 0.0122, 0.0126, 8.1, 15.6, 42.4, 49.7, 53.5, 
57.8, 62.2, 52.5, 67.8, 66.3, 76.4, 1, 63, 146, 768, 27, 14, 
1469, 589, 895, 1153, 92, 1772, 24, 44, 2, 59, 47, 2, 4, 5, 1, 
38, 100, 100, 100, 100, 100, 100, 100, 100, 100, 100, 100, 2500, 
2500, 2500, 2500, 2500, 2500, 2500, 2500, 2500, 2500, 2500, 6062.194, 
6192.279, 6228.806, 6249.229, 6324.473, 6216.97, 6166.704, 6224.93000000001, 
6148.291, 6059.452, 6048.496, 1, 1, 1, 1, 1, 1, 1, 1, 1, 1, 1, 
0.11111, 0.11111, 0.11111, 0.11111, 0.11111, 0.11111, 0.11111, 
0.11111, 0.11111, 0.11111, 0.11111, 0, 0, 0, 0, 0, 0, 0, 0, 0, 
0, 0, 0, 0, 0, 0, 0, 0, 0, 0, 0, 0, 0, 0.90667, 0.87667, 0.85238, 
0.83095, 0.84405, 0.85357, 0.85099, 0.85972, 0.86833, 0.87515, 
0.88141, 0.90667, 0.87667, 0.85238, 0.83095, 0.84405, 0.85357, 
0.85099, 0.85972, 0.86833, 0.87515, 0.88141, 0.0094, 0.0101, 
0.0096, 0.0095, 0.01, 0.0103, 0.0103, 0.011, 0.0105, 0.0105, 
0.0102, 21.3, 25.2, 27.7, 30.5, 32.2, 33.8, 36.7, 37.3, 39.1, 
37.6, 38.7, 1, 1, 1, 1, 1, 1, 1, 1, 1, 1, 1, 1, 1, 1, 1, 1, 1, 
1, 1, 1, 1, 1, 1, 1, 1, 1, 1, 1, 1, 1, 1, 1, 1, 1, 1, 1, 1, 1, 
1, 1, 1, 1, 1, 1, 2.372, 2.507, 2.445, 2.406, 2.492, 2.46, 2.399, 
2.513, 2.347, 2.344, 2.313), .Dim = c(11L, 40L), .Dimnames = list(
    NULL, c("Sampling", "PSO.cost", "PSO.gamma", "PSO.data.balancing", 
    "PSO.feature.selection", "PSO.valid.acc", "PSO.test.acc", 
    "PSO.train.time", "PSO.n.support.vectors", "PSO.index", "PSO.n.solutions", 
    "PSO.generations", "PSO.n.evaluations", "PSO.cpu.time", "RS.cost", 
    "RS.gamma", "RS.data.balancing", "RS.feature.selection", 
    "RS.valid.acc", "RS.test.acc", "RS.train.time", "RS.n.support.vectors", 
    "RS.index", "RS.n.solutions", "RS.generations", "RS.n.evaluations", 
    "RS.cpu.time", "DF.cost", "DF.gamma", "DF.data.balancing", 
    "DF.feature.selection", "DF.valid.acc", "DF.test.acc", "DF.train.time", 
    "DF.n.support.vectors", "DF.index", "DF.n.solutions", "DF.generations", 
    "DF.n.evaluations", "DF.cpu.time")))
