full <-
structure(c(50, 55, 60, 65, 70, 75, 80, 85, 90, 95, 100, 1, 1, 
1, 1, 5.41925, 3.34068, 7.72232, 4.02785, 5.20153, 2.3617, 1, 
0.11111, 0.11111, 0.11111, 0.11111, -1.07021, -1.14726, -1.39998, 
-1.44598, -1.0772, -0.91823, 0.11111, 0, 0, 0, 0, 0, 0, 0, 0, 
0, 0, 0, 0, 0, 0, 0, 0, 0, 0, 0, 0, 0, 0, 0.91, 0.91667, 0.90476, 
0.8619, 0.8875, 0.89464, 0.9, 0.91667, 0.89111, 0.87626, 0.88071, 
0.91, 0.91667, 0.90476, 0.8619, 0.87321, 0.88214, 0.9, 0.91667, 
0.88, 0.88626, 0.88071, 0.0109, 0.0103, 0.0105, 0.011, 0.0115, 
0.0108, 0.0116, 0.0111, 0.0114, 0.0121, 0.0111, 21.9, 22, 25.1, 
31.1, 55.7, 57.7, 57.4, 59.7, 68.9, 73, 37.6, 1, 1, 1, 1, 120, 
23, 125, 37, 270, 65, 1, 2170, 1944, 2142, 1992, 109, 1362, 939, 
958, 897, 560, 1916, 100, 100, 100, 100, 100, 100, 100, 100, 
100, 100, 100, 2500, 2500, 2500, 2500, 2500, 2500, 2500, 2500, 
2500, 2500, 2500, 6256.576, 6247.191, 6144.667, 5758.206, 6157.884, 
6178.43900000001, 6258.20700000001, 6154.95299999999, 6218.167, 
6350.33799999999, 6201.76299999999, 4.23939, 2.54505, 6.52201, 
9.69534, 1.38173, 4.7234, 5.44589, 12.48268, 13.47311, 13.99277, 
7.81791, 0.87898, 0.14511, -0.98954, -13.45644, -1.08215, -0.7853, 
-1.3941, -1.50899, -1.1519, -0.99875, -9.5368, 0, 0, 0, 0, 0, 
0, 0, 0, 0, 0, 0, 0, 0, 0, 0, 0, 0, 0, 0, 0, 0, 0, 0.91, 0.91667, 
0.90476, 0.8619, 0.8875, 0.89464, 0.9, 0.91667, 0.89111, 0.87626, 
0.88071, 0.91, 0.91667, 0.90476, 0.8619, 0.87321, 0.88214, 0.9, 
0.91667, 0.88, 0.88626, 0.88071, 0.0108, 0.0106, 0.0105, 0.0103, 
0.0115, 0.0114, 0.0116, 0.0122, 0.0129, 0.0127, 0.0121, 40, 44, 
47.8, 25.5, 55.7, 59.5, 57.7, 58.6, 68.7, 72.5, 29.3, 1, 1, 3, 
1, 340, 5, 221, 92, 163, 216, 5, 1757, 1616, 1769, 1382, 11, 
72, 15, 36, 82, 20, 1069, 100, 100, 100, 100, 100, 100, 100, 
100, 100, 100, 100, 2500, 2500, 2500, 2500, 2500, 2500, 2500, 
2500, 2500, 2500, 2500, 6266.508, 6220.923, 5900.75, 6113.156, 
6040.011, 6223.60000000001, 6290.092, 6253.05699999999, 6251.488, 
6204.43700000001, 6235.57400000001, 1, 1, 1, 1, 1, 1, 1, 1, 1, 
1, 1, 0.11111, 0.11111, 0.11111, 0.11111, 0.11111, 0.11111, 0.11111, 
0.11111, 0.11111, 0.11111, 0.11111, 0, 0, 0, 0, 0, 0, 0, 0, 0, 
0, 0, 0, 0, 0, 0, 0, 0, 0, 0, 0, 0, 0, 0.91, 0.91667, 0.90476, 
0.8619, 0.87321, 0.88214, 0.875, 0.88194, 0.87861, 0.87515, 0.88071, 
0.91, 0.91667, 0.90476, 0.8619, 0.87321, 0.88214, 0.875, 0.88194, 
0.87861, 0.87515, 0.88071, 0.0104, 0.0096, 0.0109, 0.0103, 0.0104, 
0.0101, 0.0107, 0.0105, 0.0111, 0.0116, 0.0106, 21.9, 22, 25.1, 
31.1, 31.7, 32.6, 32.9, 35.3, 35.2, 37.9, 37.6, 1, 1, 1, 1, 1, 
1, 1, 1, 1, 1, 1, 1, 1, 1, 1, 1, 1, 1, 1, 1, 1, 1, 1, 1, 1, 1, 
1, 1, 1, 1, 1, 1, 1, 1, 1, 1, 1, 1, 1, 1, 1, 1, 1, 1, 2.577, 
2.39, 2.449, 2.401, 2.504, 2.365, 2.437, 2.345, 2.56, 2.453, 
2.324), .Dim = c(11L, 40L), .Dimnames = list(NULL, c("Sampling", 
"PSO.cost", "PSO.gamma", "PSO.data.balancing", "PSO.feature.selection", 
"PSO.valid.acc", "PSO.test.acc", "PSO.train.time", "PSO.n.support.vectors", 
"PSO.index", "PSO.n.solutions", "PSO.generations", "PSO.n.evaluations", 
"PSO.cpu.time", "RS.cost", "RS.gamma", "RS.data.balancing", "RS.feature.selection", 
"RS.valid.acc", "RS.test.acc", "RS.train.time", "RS.n.support.vectors", 
"RS.index", "RS.n.solutions", "RS.generations", "RS.n.evaluations", 
"RS.cpu.time", "DF.cost", "DF.gamma", "DF.data.balancing", "DF.feature.selection", 
"DF.valid.acc", "DF.test.acc", "DF.train.time", "DF.n.support.vectors", 
"DF.index", "DF.n.solutions", "DF.generations", "DF.n.evaluations", 
"DF.cpu.time")))
