full <-
structure(c(50, 55, 60, 65, 70, 75, 80, 85, 90, 95, 100, 5.54206, 
4.47914, 7.27816, 3.20266, 1, 1.91845, 1, 1.98741, 5.98329, 0.6289, 
8.00429, -4.22037, -4.23693, -4.67739, -4.5902, 0.11111, -3.26737, 
0.11111, -4.03277, -7.32147, -0.90846, -0.94361, 0, 0, 0, 0, 
0, 0, 0, 0, 0, 0, 0, 0, 0, 0, 0, 0, 0, 0, 0, 0, 0, 0, 0.98333, 
0.98571, 1, 0.97143, 0.95, 0.93571, 0.88889, 0.90833, 0.90083, 
0.89556, 0.89182, 0.96667, 0.98571, 1, 0.97143, 0.95, 0.90893, 
0.88889, 0.90833, 0.855, 0.88556, 0.88071, 0.0099, 0.0088, 0.0125, 
0.0101, 0.0103, 0.0103, 0.0106, 0.0105, 0.0101, 0.0111, 0.0134, 
9.8, 8.7, 9.3, 13.5, 22.5, 27, 32.7, 28.3, 24, 72.6, 76.4, 35, 
11, 62, 72, 1, 2122, 1, 1486, 885, 195, 87, 997, 1306, 1092, 
516, 2226, 5, 1638, 53, 61, 82, 241, 100, 100, 100, 100, 100, 
100, 100, 100, 100, 100, 100, 2500, 2500, 2500, 2500, 2500, 2500, 
2500, 2500, 2500, 2500, 2500, 6220.035, 6170.648, 6120.517, 6154.11, 
6135.387, 6097.02099999999, 6128.265, 5919.36600000001, 5751.821, 
5723.14999999999, 6033.659, 11.21028, 11.1859, 6.19423, 2.32206, 
2.34392, 13.46178, 3.12203, 2.16091, 6.98117, 0.53632, 8.33014, 
-3.80396, -4.48468, -4.67686, -3.56615, -8.69309, -3.16923, -12.06764, 
-4.06937, -7.89052, -1.1406, -0.95779, 0, 0, 0, 0, 0, 0, 0, 0, 
0, 0, 0, 0, 0, 0, 0, 0, 0, 0, 0, 0, 0, 0, 0.98333, 0.98571, 1, 
0.97143, 0.95, 0.93571, 0.88889, 0.90833, 0.90083, 0.89556, 0.89182, 
0.96667, 0.98571, 1, 0.94286, 0.95, 0.88036, 0.88889, 0.90833, 
0.81889, 0.89556, 0.88071, 0.0097, 0.0088, 0.0099, 0.0103, 0.0095, 
0.0106, 0.0103, 0.0099, 0.0112, 0.0126, 0.0131, 10.6, 8.7, 9.3, 
16.2, 13.6, 24.7, 21.1, 28.1, 23.4, 71, 76.4, 58, 18, 91, 24, 
2, 404, 3, 1086, 2347, 1137, 71, 60, 86, 24, 11, 1574, 3, 928, 
1, 1, 1, 12, 100, 100, 100, 100, 100, 100, 100, 100, 100, 100, 
100, 2500, 2500, 2500, 2500, 2500, 2500, 2500, 2500, 2500, 2500, 
2500, 6195.933, 6224.81, 6123.346, 6237.532, 6014.536, 6289.595, 
5972.75499999999, 5880.306, 5676.114, 5777.03200000001, 6065.72, 
1, 1, 1, 1, 1, 1, 1, 1, 1, 1, 1, 0.11111, 0.11111, 0.11111, 0.11111, 
0.11111, 0.11111, 0.11111, 0.11111, 0.11111, 0.11111, 0.11111, 
0, 0, 0, 0, 0, 0, 0, 0, 0, 0, 0, 0, 0, 0, 0, 0, 0, 0, 0, 0, 0, 
0, 0.96667, 0.97143, 0.97143, 0.95714, 0.95, 0.92321, 0.88889, 
0.89583, 0.87861, 0.88444, 0.88071, 0.96667, 0.97143, 0.97143, 
0.95714, 0.95, 0.92321, 0.88889, 0.89583, 0.87861, 0.88444, 0.88071, 
0.009, 0.0097, 0.0089, 0.0118, 0.01, 0.0106, 0.0103, 0.0093, 
0.0096, 0.0103, 0.0113, 12.8, 12.3, 12.3, 18.1, 22.5, 27.2, 32.7, 
33.9, 35.1, 35.2, 38.3, 1, 1, 1, 1, 1, 1, 1, 1, 1, 1, 1, 1, 1, 
1, 1, 1, 1, 1, 1, 1, 1, 1, 1, 1, 1, 1, 1, 1, 1, 1, 1, 1, 1, 1, 
1, 1, 1, 1, 1, 1, 1, 1, 1, 1, 2.352, 2.553, 2.331, 2.539, 2.445, 
2.412, 2.38, 2.143, 2.192, 2.246, 2.38), .Dim = c(11L, 40L), .Dimnames = list(
    NULL, c("Sampling", "PSO.cost", "PSO.gamma", "PSO.data.balancing", 
    "PSO.feature.selection", "PSO.valid.acc", "PSO.test.acc", 
    "PSO.train.time", "PSO.n.support.vectors", "PSO.index", "PSO.n.solutions", 
    "PSO.generations", "PSO.n.evaluations", "PSO.cpu.time", "RS.cost", 
    "RS.gamma", "RS.data.balancing", "RS.feature.selection", 
    "RS.valid.acc", "RS.test.acc", "RS.train.time", "RS.n.support.vectors", 
    "RS.index", "RS.n.solutions", "RS.generations", "RS.n.evaluations", 
    "RS.cpu.time", "DF.cost", "DF.gamma", "DF.data.balancing", 
    "DF.feature.selection", "DF.valid.acc", "DF.test.acc", "DF.train.time", 
    "DF.n.support.vectors", "DF.index", "DF.n.solutions", "DF.generations", 
    "DF.n.evaluations", "DF.cpu.time")))
