full <-
structure(c(50, 55, 60, 65, 70, 75, 80, 85, 90, 95, 100, 8.86029, 
3.70675, 12.37462, 1, 1, 1, 1, 1, 1, 1, 1, -8.31768, -4.99631, 
-14.22048, 0.11111, 0.11111, 0.11111, 0.11111, 0.11111, 0.11111, 
0.11111, 0.11111, 0, 0, 0, 0, 0, 0, 0, 0, 0, 0, 0, 0, 0, 0, 0, 
0, 0, 0, 0, 0, 0, 0, 0.90667, 0.93333, 0.90714, 0.88095, 0.88929, 
0.88214, 0.88889, 0.89583, 0.90111, 0.90556, 0.88071, 0.90667, 
0.88333, 0.87048, 0.88095, 0.88929, 0.88214, 0.88889, 0.89583, 
0.90111, 0.90556, 0.88071, 0.01, 0.0118, 0.0119, 0.0129, 0.013, 
0.0125, 0.0133, 0.0129, 0.0123, 0.0126, 0.0132, 13.9, 17.4, 15.8, 
27.7, 28.7, 29.9, 31.5, 32.7, 32.9, 34.9, 36.9, 258, 2253, 15, 
1, 1, 1, 1, 1, 1, 1, 1, 314, 1, 92, 1754, 1659, 1942, 1580, 1931, 
1814, 1622, 1835, 100, 100, 100, 100, 100, 100, 100, 100, 100, 
100, 100, 2500, 2500, 2500, 2500, 2500, 2500, 2500, 2500, 2500, 
2500, 2500, 6175.223, 8496.744, 8467.638, 8537.807, 8724.91500000001, 
8657.12100000001, 8578.52100000001, 8564.785, 8006.79200000002, 
8177.65699999998, 8171.83599999998, 9.02556, 3.4624, 11.73341, 
-1.10946, 3.51758, 5.86386, 7.90453, 2.37198, -1.19587, 7.22309, 
1.50878, -8.56414, -5.39276, -13.57491, 0.8085, -9.28635, -11.97082, 
-13.18003, -5.20247, -0.62415, -9.64668, -9.89002, 0, 0, 0, 0, 
0, 0, 0, 0, 0, 0, 0, 0, 0, 0, 0, 0, 0, 0, 0, 0, 0, 0, 0.90667, 
0.91667, 0.90714, 0.88095, 0.88929, 0.88214, 0.88889, 0.89583, 
0.90111, 0.90556, 0.88071, 0.90667, 0.86667, 0.87048, 0.88095, 
0.88929, 0.88214, 0.88889, 0.89583, 0.90111, 0.90556, 0.88071, 
0.01, 0.0114, 0.012, 0.0128, 0.0126, 0.0124, 0.0125, 0.0126, 
0.0126, 0.0124, 0.013, 13.5, 16.7, 15.7, 52, 17.9, 21.2, 21.7, 
24.3, 70.1, 22.7, 30.9, 202, 199, 897, 1, 1, 3, 2, 1, 1, 4, 2, 
36, 15, 3, 846, 925, 922, 947, 1732, 1095, 1069, 1115, 100, 100, 
100, 100, 100, 100, 100, 100, 100, 100, 100, 2500, 2500, 2500, 
2500, 2500, 2500, 2500, 2500, 2500, 2500, 2500, 6106.897, 8518.937, 
8455.406, 8649.137, 8681.383, 8592.21800000001, 8587.587, 8415.11399999999, 
8149.46400000001, 8162.03499999997, 8034.383, 1, 1, 1, 1, 1, 
1, 1, 1, 1, 1, 1, 0.11111, 0.11111, 0.11111, 0.11111, 0.11111, 
0.11111, 0.11111, 0.11111, 0.11111, 0.11111, 0.11111, 0, 0, 0, 
0, 0, 0, 0, 0, 0, 0, 0, 0, 0, 0, 0, 0, 0, 0, 0, 0, 0, 0, 0.88667, 
0.9, 0.89048, 0.88095, 0.88929, 0.88214, 0.88889, 0.89583, 0.90111, 
0.90556, 0.88071, 0.88667, 0.9, 0.89048, 0.88095, 0.88929, 0.88214, 
0.88889, 0.89583, 0.90111, 0.90556, 0.88071, 0.0091, 0.012, 0.0122, 
0.0125, 0.0122, 0.0124, 0.013, 0.0122, 0.0126, 0.0128, 0.0125, 
24.2, 24.1, 26.1, 27.7, 28.7, 29.9, 31.5, 32.7, 32.9, 34.9, 36.9, 
1, 1, 1, 1, 1, 1, 1, 1, 1, 1, 1, 1, 1, 1, 1, 1, 1, 1, 1, 1, 1, 
1, 1, 1, 1, 1, 1, 1, 1, 1, 1, 1, 1, 1, 1, 1, 1, 1, 1, 1, 1, 1, 
1, 1, 2.344, 3.402, 3.373, 3.508, 3.454, 3.444, 3.429, 3.257, 
3.33, 3.351, 3.161), .Dim = c(11L, 40L), .Dimnames = list(NULL, 
    c("Sampling", "PSO.cost", "PSO.gamma", "PSO.data.balancing", 
    "PSO.feature.selection", "PSO.valid.acc", "PSO.test.acc", 
    "PSO.train.time", "PSO.n.support.vectors", "PSO.index", "PSO.n.solutions", 
    "PSO.generations", "PSO.n.evaluations", "PSO.cpu.time", "RS.cost", 
    "RS.gamma", "RS.data.balancing", "RS.feature.selection", 
    "RS.valid.acc", "RS.test.acc", "RS.train.time", "RS.n.support.vectors", 
    "RS.index", "RS.n.solutions", "RS.generations", "RS.n.evaluations", 
    "RS.cpu.time", "DF.cost", "DF.gamma", "DF.data.balancing", 
    "DF.feature.selection", "DF.valid.acc", "DF.test.acc", "DF.train.time", 
    "DF.n.support.vectors", "DF.index", "DF.n.solutions", "DF.generations", 
    "DF.n.evaluations", "DF.cpu.time")))
