full <-
structure(c(50, 55, 60, 65, 70, 75, 80, 85, 90, 95, 100, 1, 1, 
1, 1, 1, 1, 0.78137, 1.10666, 0.82048, 4.26407, 10.05495, 0.11111, 
0.11111, 0.11111, 0.11111, 0.11111, 0.11111, -1.33966, -0.95904, 
-1.52949, -0.84983, -1.07396, 0, 0, 0, 0, 0, 0, 0, 0, 0, 0, 0, 
0, 0, 0, 0, 0, 0, 0, 0, 0, 0, 0, 0.86667, 0.85667, 0.86905, 0.87857, 
0.87321, 0.86607, 0.8875, 0.88333, 0.87861, 0.88313, 0.90162, 
0.86667, 0.85667, 0.86905, 0.87857, 0.87321, 0.86607, 0.8375, 
0.88333, 0.86639, 0.88313, 0.89162, 0.0103, 0.0094, 0.0095, 0.0096, 
0.0097, 0.0101, 0.011, 0.0114, 0.0112, 0.0113, 0.0127, 24.9, 
27.4, 29.2, 29.5, 31.2, 31.6, 58, 65.6, 62.1, 72.9, 75, 1, 1, 
1, 1, 1, 1, 260, 198, 222, 28, 120, 1805, 1803, 2054, 1938, 1702, 
1855, 59, 815, 67, 386, 1304, 100, 100, 100, 100, 100, 100, 100, 
100, 100, 100, 100, 2500, 2500, 2500, 2500, 2500, 2500, 2500, 
2500, 2500, 2500, 2500, 5879.062, 5861.7, 5985.173, 5949.43799999999, 
5965.915, 5986.359, 6023.889, 5968.48300000001, 5888.45000000001, 
5965.372, 5973.412, 6.80537, 4.98186, 1.39627, 5.05317, 0.92093, 
1.18775, 0.98979, 9.61647, 13.8988, 7.58121, 14.81764, -13.80461, 
-7.75688, -7.38497, -10.67152, -12.68272, -6.82405, -1.00611, 
-0.96773, -0.93583, -0.89159, -0.93824, 0, 0, 0, 0, 0, 0, 0, 
0, 0, 0, 0, 0, 0, 0, 0, 0, 0, 0, 0, 0, 0, 0, 0.86667, 0.85667, 
0.86905, 0.87857, 0.87321, 0.86607, 0.8875, 0.88333, 0.87861, 
0.88313, 0.90162, 0.86667, 0.85667, 0.86905, 0.87857, 0.87321, 
0.86607, 0.8375, 0.87083, 0.86639, 0.88313, 0.89162, 0.009, 0.0099, 
0.0099, 0.0111, 0.0094, 0.0098, 0.0119, 0.0112, 0.0123, 0.0116, 
0.0119, 18.7, 24, 25.2, 28.4, 18.8, 26.3, 61.1, 65.4, 69.6, 72.8, 
76.4, 8, 3, 1, 5, 2, 3, 847, 280, 144, 45, 1, 614, 1154, 1636, 
1114, 1174, 964, 2, 7, 24, 35, 57, 100, 100, 100, 100, 100, 100, 
100, 100, 100, 100, 100, 2500, 2500, 2500, 2500, 2500, 2500, 
2500, 2500, 2500, 2500, 2500, 5870.224, 5878.21, 5870.722, 5958.281, 
5996.123, 5950.198, 5948.307, 5899.04399999999, 5940.81, 5992.511, 
5965.57000000001, 1, 1, 1, 1, 1, 1, 1, 1, 1, 1, 1, 0.11111, 0.11111, 
0.11111, 0.11111, 0.11111, 0.11111, 0.11111, 0.11111, 0.11111, 
0.11111, 0.11111, 0, 0, 0, 0, 0, 0, 0, 0, 0, 0, 0, 0, 0, 0, 0, 
0, 0, 0, 0, 0, 0, 0, 0.86667, 0.85667, 0.86905, 0.87857, 0.87321, 
0.86607, 0.875, 0.85972, 0.8675, 0.87515, 0.88141, 0.86667, 0.85667, 
0.86905, 0.87857, 0.87321, 0.86607, 0.875, 0.85972, 0.8675, 0.87515, 
0.88141, 0.0091, 0.0094, 0.0094, 0.0097, 0.0104, 0.0112, 0.0099, 
0.0103, 0.0109, 0.011, 0.0115, 24.9, 27.4, 29.2, 29.5, 31.2, 
31.6, 33.6, 35.9, 37.1, 38.3, 39.3, 1, 1, 1, 1, 1, 1, 1, 1, 1, 
1, 1, 1, 1, 1, 1, 1, 1, 1, 1, 1, 1, 1, 1, 1, 1, 1, 1, 1, 1, 1, 
1, 1, 1, 1, 1, 1, 1, 1, 1, 1, 1, 1, 1, 1, 2.283, 2.301, 2.307, 
2.36, 2.361, 2.476, 2.343, 2.338, 2.479, 2.39, 2.505), .Dim = c(11L, 
40L), .Dimnames = list(NULL, c("Sampling", "PSO.cost", "PSO.gamma", 
"PSO.data.balancing", "PSO.feature.selection", "PSO.valid.acc", 
"PSO.test.acc", "PSO.train.time", "PSO.n.support.vectors", "PSO.index", 
"PSO.n.solutions", "PSO.generations", "PSO.n.evaluations", "PSO.cpu.time", 
"RS.cost", "RS.gamma", "RS.data.balancing", "RS.feature.selection", 
"RS.valid.acc", "RS.test.acc", "RS.train.time", "RS.n.support.vectors", 
"RS.index", "RS.n.solutions", "RS.generations", "RS.n.evaluations", 
"RS.cpu.time", "DF.cost", "DF.gamma", "DF.data.balancing", "DF.feature.selection", 
"DF.valid.acc", "DF.test.acc", "DF.train.time", "DF.n.support.vectors", 
"DF.index", "DF.n.solutions", "DF.generations", "DF.n.evaluations", 
"DF.cpu.time")))
