full <-
structure(c(50, 55, 60, 65, 70, 75, 80, 85, 90, 95, 100, 4.85548, 
6.87394, 13.22722, 4.16371, 10.57941, 14.54909, 1.23801, 3.43765, 
1.62096, 1.62611, 10.5913, -1.37828, -5.90773, -1.97886, -1.92529, 
-1.49431, -1.55004, -2.0243, -0.99448, -3.23388, -3.4583, -0.95451, 
0, 0, 0, 0, 0, 0, 0, 0, 0, 0, 0, 0, 0, 0, 0, 0, 0, 0, 0, 0, 0, 
0, 0.88667, 0.88, 0.88333, 0.89286, 0.88571, 0.89286, 0.9125, 
0.90556, 0.92222, 0.91556, 0.90051, 0.90333, 0.74833, 0.88333, 
0.89286, 0.87143, 0.89286, 0.8875, 0.89306, 0.87778, 0.89444, 
0.89141, 0.0105, 0.0106, 0.0109, 0.0115, 0.0111, 0.0104, 0.0114, 
0.0113, 0.0114, 0.0113, 0.0126, 38.7, 22.7, 40, 43.5, 53, 54.4, 
48.7, 65, 33.2, 31.6, 76.4, 44, 29, 4, 31, 28, 3, 292, 16, 450, 
240, 847, 1273, 413, 1332, 1249, 1257, 1357, 162, 1502, 375, 
875, 64, 100, 100, 100, 100, 100, 100, 100, 100, 100, 100, 100, 
2500, 2500, 2500, 2500, 2500, 2500, 2500, 2500, 2500, 2500, 2500, 
6289.272, 6316.629, 6329.076, 6406.625, 6312.948, 6046.71, 6105.632, 
6177.024, 6330.48699999999, 6183.59599999999, 7219.989, 4.21829, 
6.523, 13.85749, 14.16094, 14.11578, 8.00288, 1.11262, 0.7366, 
1.65758, 1.66797, 13.26332, -1.63794, -6.06513, -1.35263, -1.69836, 
-1.5545, -1.64785, -1.975, -2.44027, -3.26098, -3.18337, -0.94869, 
0, 0, 0, 0, 0, 0, 0, 0, 0, 0, 0, 0, 0, 0, 0, 0, 0, 0, 0, 0, 0, 
0, 0.88667, 0.88, 0.88333, 0.89286, 0.88571, 0.89286, 0.9125, 
0.90556, 0.92222, 0.91556, 0.90051, 0.90333, 0.74833, 0.88333, 
0.89286, 0.88571, 0.89286, 0.8875, 0.90556, 0.87778, 0.90444, 
0.89141, 0.01, 0.01, 0.0104, 0.0115, 0.0113, 0.0105, 0.0108, 
0.0108, 0.0108, 0.0106, 0.0151, 37.6, 22.8, 46, 47.5, 52.4, 52.7, 
49.5, 42.1, 33.2, 33.1, 76.4, 27, 52, 11, 79, 145, 31, 1155, 
11, 382, 215, 191, 66, 51, 108, 32, 41, 89, 1, 122, 4, 5, 4, 
100, 100, 100, 100, 100, 100, 100, 100, 100, 100, 100, 2500, 
2500, 2500, 2500, 2500, 2500, 2500, 2500, 2500, 2500, 2500, 6299.788, 
6310.288, 6328.757, 6353.798, 6104.577, 6075.07799999999, 6181.098, 
6255.296, 6316.10400000001, 6095.96100000001, 8200.53300000002, 
1, 1, 1, 1, 1, 1, 1, 1, 1, 1, 1, 0.11111, 0.11111, 0.11111, 0.11111, 
0.11111, 0.11111, 0.11111, 0.11111, 0.11111, 0.11111, 0.11111, 
0, 0, 0, 0, 0, 0, 0, 0, 0, 0, 0, 0, 0, 0, 0, 0, 0, 0, 0, 0, 0, 
0, 0.84667, 0.84, 0.85238, 0.8619, 0.85714, 0.86607, 0.875, 0.88194, 
0.88889, 0.89444, 0.88141, 0.84667, 0.84, 0.85238, 0.8619, 0.85714, 
0.86607, 0.875, 0.88194, 0.88889, 0.89444, 0.88141, 0.0101, 0.0103, 
0.0105, 0.0103, 0.0097, 0.01, 0.0105, 0.0106, 0.0108, 0.0108, 
0.0122, 25.9, 27.5, 29.4, 30.2, 33.4, 34.1, 32.8, 33.1, 34.1, 
33.6, 38.2, 1, 1, 1, 1, 1, 1, 1, 1, 1, 1, 1, 1, 1, 1, 1, 1, 1, 
1, 1, 1, 1, 1, 1, 1, 1, 1, 1, 1, 1, 1, 1, 1, 1, 1, 1, 1, 1, 1, 
1, 1, 1, 1, 1, 1, 2.502, 2.521, 2.515, 2.525, 2.299, 2.337, 2.448, 
2.536, 2.562, 2.429, 3.16), .Dim = c(11L, 40L), .Dimnames = list(
    NULL, c("Sampling", "PSO.cost", "PSO.gamma", "PSO.data.balancing", 
    "PSO.feature.selection", "PSO.valid.acc", "PSO.test.acc", 
    "PSO.train.time", "PSO.n.support.vectors", "PSO.index", "PSO.n.solutions", 
    "PSO.generations", "PSO.n.evaluations", "PSO.cpu.time", "RS.cost", 
    "RS.gamma", "RS.data.balancing", "RS.feature.selection", 
    "RS.valid.acc", "RS.test.acc", "RS.train.time", "RS.n.support.vectors", 
    "RS.index", "RS.n.solutions", "RS.generations", "RS.n.evaluations", 
    "RS.cpu.time", "DF.cost", "DF.gamma", "DF.data.balancing", 
    "DF.feature.selection", "DF.valid.acc", "DF.test.acc", "DF.train.time", 
    "DF.n.support.vectors", "DF.index", "DF.n.solutions", "DF.generations", 
    "DF.n.evaluations", "DF.cpu.time")))
