full <-
structure(c(50, 55, 60, 65, 70, 75, 80, 85, 90, 95, 100, 1, 1, 
4.51964, 4.56187, 1.23211, 7.46395, 3.29112, 1.03332, 1.54311, 
4.35728, 0.96563, 0.11111, 0.11111, -2.0389, -1.72058, -2.16666, 
-1.45046, -1.10867, -1.5463, -1.64242, -5.71197, -0.77649, 0, 
0, 0, 0, 0, 0, 0, 0, 0, 0, 0, 0, 0, 0, 0, 0, 0, 0, 0, 0, 0, 0, 
0.90667, 0.89667, 0.90238, 0.88333, 0.88929, 0.89643, 0.91389, 
0.91806, 0.9, 0.90556, 0.8896, 0.90667, 0.89667, 0.88571, 0.88333, 
0.90179, 0.88214, 0.91389, 0.90556, 0.9, 0.85444, 0.8696, 0.0108, 
0.01, 0.0102, 0.0105, 0.0099, 0.0108, 0.0112, 0.0116, 0.0108, 
0.011, 0.0116, 21.6, 24.1, 38.6, 45.9, 41.2, 55.3, 62.2, 60.4, 
59.4, 28, 77.6, 1, 1, 3, 83, 12, 45, 14, 481, 491, 1851, 17, 
1947, 2066, 405, 429, 992, 1125, 1174, 98, 65, 14, 445, 100, 
100, 100, 100, 100, 100, 100, 100, 100, 100, 100, 2500, 2500, 
2500, 2500, 2500, 2500, 2500, 2500, 2500, 2500, 2500, 5974.861, 
5903.663, 5874.71, 5926.755, 5691.881, 5663.776, 5756.114, 5674.499, 
5614.913, 5760.985, 5753.825, 7.19002, 10.1383, 13.29261, 5.7173, 
8.36451, 8.20458, 4.90709, 7.51157, 1.49608, 4.98147, 14.64786, 
1.57286, -0.82973, -2.09934, -1.92554, -1.90931, -1.42565, -1.05627, 
-1.53193, -1.60669, -6.02076, -0.86223, 0, 0, 0, 0, 0, 0, 0, 
0, 0, 0, 0, 0, 0, 0, 0, 0, 0, 0, 0, 0, 0, 0, 0.90667, 0.89667, 
0.90238, 0.88333, 0.88929, 0.89643, 0.91389, 0.91806, 0.9, 0.90556, 
0.8896, 0.90667, 0.88, 0.88571, 0.88333, 0.90179, 0.88214, 0.90139, 
0.90556, 0.9, 0.86444, 0.8796, 0.0101, 0.0104, 0.0102, 0.0105, 
0.0103, 0.0101, 0.0109, 0.0104, 0.011, 0.0098, 0.0122, 40, 43.7, 
38, 43.6, 45, 56.1, 62.4, 60.4, 60.4, 27.9, 77.1, 1, 2, 35, 85, 
31, 28, 19, 2426, 831, 910, 73, 1447, 1414, 40, 56, 73, 75, 31, 
1, 1, 2, 39, 100, 100, 100, 100, 100, 100, 100, 100, 100, 100, 
100, 2500, 2500, 2500, 2500, 2500, 2500, 2500, 2500, 2500, 2500, 
2500, 5904.262, 5930.723, 5894.956, 5898.541, 5716.555, 5686.038, 
5635.03, 5603.003, 5755.22499999999, 5696.439, 5748.29800000001, 
1, 1, 1, 1, 1, 1, 1, 1, 1, 1, 1, 0.11111, 0.11111, 0.11111, 0.11111, 
0.11111, 0.11111, 0.11111, 0.11111, 0.11111, 0.11111, 0.11111, 
0, 0, 0, 0, 0, 0, 0, 0, 0, 0, 0, 0, 0, 0, 0, 0, 0, 0, 0, 0, 0, 
0, 0.90667, 0.89667, 0.88571, 0.88095, 0.87321, 0.88036, 0.88889, 
0.89444, 0.88889, 0.88444, 0.88071, 0.90667, 0.89667, 0.88571, 
0.88095, 0.87321, 0.88036, 0.88889, 0.89444, 0.88889, 0.88444, 
0.88071, 0.0096, 0.0101, 0.0104, 0.0099, 0.0092, 0.01, 0.0097, 
0.0101, 0.0108, 0.0112, 0.0109, 21.6, 24.1, 25.9, 26.8, 27.2, 
27.9, 29.2, 29.8, 32.5, 35.8, 38.3, 1, 1, 1, 1, 1, 1, 1, 1, 1, 
1, 1, 1, 1, 1, 1, 1, 1, 1, 1, 1, 1, 1, 1, 1, 1, 1, 1, 1, 1, 1, 
1, 1, 1, 1, 1, 1, 1, 1, 1, 1, 1, 1, 1, 1, 2.398, 2.407, 2.387, 
2.32, 2.211, 2.235, 2.202, 2.275, 2.322, 2.409, 2.337), .Dim = c(11L, 
40L), .Dimnames = list(NULL, c("Sampling", "PSO.cost", "PSO.gamma", 
"PSO.data.balancing", "PSO.feature.selection", "PSO.valid.acc", 
"PSO.test.acc", "PSO.train.time", "PSO.n.support.vectors", "PSO.index", 
"PSO.n.solutions", "PSO.generations", "PSO.n.evaluations", "PSO.cpu.time", 
"RS.cost", "RS.gamma", "RS.data.balancing", "RS.feature.selection", 
"RS.valid.acc", "RS.test.acc", "RS.train.time", "RS.n.support.vectors", 
"RS.index", "RS.n.solutions", "RS.generations", "RS.n.evaluations", 
"RS.cpu.time", "DF.cost", "DF.gamma", "DF.data.balancing", "DF.feature.selection", 
"DF.valid.acc", "DF.test.acc", "DF.train.time", "DF.n.support.vectors", 
"DF.index", "DF.n.solutions", "DF.generations", "DF.n.evaluations", 
"DF.cpu.time")))
