full <-
structure(c(50, 55, 60, 65, 70, 75, 80, 85, 90, 95, 100, 1, 1, 
1.54973, 1, 1, 7.03548, 0.45478, 9.71946, 7.57206, 1, 2.13218, 
0.11111, 0.11111, -4.16794, 0.11111, 0.11111, -8.61586, -1.88834, 
-0.77146, -1.01193, 0.11111, -0.67039, 0, 0, 0, 0, 0, 0, 0, 0, 
0, 0, 0, 0, 0, 0, 0, 0, 0, 0, 0, 0, 0, 0, 0.86667, 0.87667, 0.90238, 
0.88095, 0.87321, 0.89286, 0.8875, 0.88333, 0.87972, 0.87444, 
0.90051, 0.86667, 0.87667, 0.8881, 0.88095, 0.87321, 0.86607, 
0.8875, 0.87083, 0.85611, 0.87444, 0.89051, 0.0102, 0.0098, 0.0103, 
0.0104, 0.0107, 0.011, 0.0111, 0.0108, 0.0119, 0.0106, 0.0125, 
25.4, 26.5, 21.5, 28.5, 31.3, 22.2, 50.2, 66.8, 69.5, 37.5, 77.7, 
1, 1, 335, 1, 1, 902, 423, 6, 172, 1, 8, 1841, 1712, 183, 2009, 
1988, 70, 84, 604, 355, 1780, 1019, 100, 100, 100, 100, 100, 
100, 100, 100, 100, 100, 100, 2500, 2500, 2500, 2500, 2500, 2500, 
2500, 2500, 2500, 2500, 2500, 5912.24, 6056.535, 6272.8, 6225.251, 
6207.029, 6095.317, 5947.443, 5878.522, 5901.21799999999, 5896.974, 
5768.879, 8.89343, 5.89864, 2.10588, 7.84238, -0.39797, 7.48683, 
10.52592, 2.42243, 3.65944, 5.62599, 9.02855, -14.0723, -7.72759, 
-4.6866, -14.31224, -3.75981, -8.89246, -1.01427, -0.63845, -0.98481, 
-10.64027, -1.00517, 0, 0, 0, 0, 0, 0, 0, 0, 0, 0, 0, 0, 0, 0, 
0, 0, 0, 0, 0, 0, 0, 0, 0.86667, 0.87667, 0.90238, 0.88095, 0.87321, 
0.89286, 0.8875, 0.88333, 0.87972, 0.87444, 0.90051, 0.86667, 
0.87667, 0.87143, 0.88095, 0.87321, 0.86607, 0.9, 0.87083, 0.85611, 
0.87444, 0.88141, 0.0099, 0.0091, 0.0097, 0.0101, 0.0103, 0.0109, 
0.0106, 0.0118, 0.0122, 0.011, 0.0114, 16.1, 17.2, 21, 19.9, 
27, 22.2, 62.3, 67.1, 69.5, 29.8, 75.6, 4, 1, 535, 2, 5, 690, 
3, 185, 668, 1, 38, 940, 1000, 5, 875, 1301, 1, 15, 18, 7, 944, 
42, 100, 100, 100, 100, 100, 100, 100, 100, 100, 100, 100, 2500, 
2500, 2500, 2500, 2500, 2500, 2500, 2500, 2500, 2500, 2500, 5968.832, 
6256.931, 6248.117, 6202.29199999999, 6194.207, 5879.63799999999, 
5938.826, 5968.448, 5882.49399999999, 5951.496, 5912.86099999999, 
1, 1, 1, 1, 1, 1, 1, 1, 1, 1, 1, 0.11111, 0.11111, 0.11111, 0.11111, 
0.11111, 0.11111, 0.11111, 0.11111, 0.11111, 0.11111, 0.11111, 
0, 0, 0, 0, 0, 0, 0, 0, 0, 0, 0, 0, 0, 0, 0, 0, 0, 0, 0, 0, 0, 
0, 0.86667, 0.87667, 0.8881, 0.88095, 0.87321, 0.88036, 0.875, 
0.88194, 0.8675, 0.87444, 0.88141, 0.86667, 0.87667, 0.8881, 
0.88095, 0.87321, 0.88036, 0.875, 0.88194, 0.8675, 0.87444, 0.88141, 
0.0103, 0.0099, 0.0105, 0.0107, 0.0107, 0.0108, 0.0101, 0.0099, 
0.0101, 0.0116, 0.0108, 25.4, 26.5, 26.8, 28.5, 31.3, 30.6, 31.6, 
31.9, 37.4, 37.5, 38.1, 1, 1, 1, 1, 1, 1, 1, 1, 1, 1, 1, 1, 1, 
1, 1, 1, 1, 1, 1, 1, 1, 1, 1, 1, 1, 1, 1, 1, 1, 1, 1, 1, 1, 1, 
1, 1, 1, 1, 1, 1, 1, 1, 1, 1, 2.449, 2.468, 2.495, 2.472, 2.489, 
2.482, 2.292, 2.293, 2.3, 2.45, 2.31), .Dim = c(11L, 40L), .Dimnames = list(
    NULL, c("Sampling", "PSO.cost", "PSO.gamma", "PSO.data.balancing", 
    "PSO.feature.selection", "PSO.valid.acc", "PSO.test.acc", 
    "PSO.train.time", "PSO.n.support.vectors", "PSO.index", "PSO.n.solutions", 
    "PSO.generations", "PSO.n.evaluations", "PSO.cpu.time", "RS.cost", 
    "RS.gamma", "RS.data.balancing", "RS.feature.selection", 
    "RS.valid.acc", "RS.test.acc", "RS.train.time", "RS.n.support.vectors", 
    "RS.index", "RS.n.solutions", "RS.generations", "RS.n.evaluations", 
    "RS.cpu.time", "DF.cost", "DF.gamma", "DF.data.balancing", 
    "DF.feature.selection", "DF.valid.acc", "DF.test.acc", "DF.train.time", 
    "DF.n.support.vectors", "DF.index", "DF.n.solutions", "DF.generations", 
    "DF.n.evaluations", "DF.cpu.time")))
