full <-
structure(c(50, 55, 60, 65, 70, 75, 80, 85, 90, 95, 100, 1.8792, 
8.9136, 2.1162, 1, 4.37861, 2.01379, 1.1822, 1.75318, 10.13395, 
5.55118, 14.04739, -1.6167, -1.68405, -1.72928, 0.11111, -5.97266, 
-3.67792, -1.98598, -3.17568, -1.21123, -6.34925, -1.41489, 0, 
0, 0, 0, 0, 0, 0, 0, 0, 0, 0, 0, 0, 0, 0, 0, 0, 0, 0, 0, 0, 0, 
0.88, 0.9, 0.88571, 0.8619, 0.91429, 0.89464, 0.9125, 0.90417, 
0.90083, 0.89667, 0.89071, 0.88, 0.86333, 0.87143, 0.8619, 0.90179, 
0.88214, 0.90139, 0.88194, 0.90083, 0.86222, 0.88162, 0.0103, 
0.0096, 0.0097, 0.0095, 0.0104, 0.0102, 0.01, 0.0105, 0.0116, 
0.0109, 0.0119, 38, 41.3, 43.2, 29.7, 20.3, 28, 48.2, 31.1, 66.5, 
30, 70.5, 357, 9, 57, 1, 91, 50, 391, 2262, 115, 495, 6, 455, 
1291, 703, 1628, 389, 660, 179, 5, 264, 40, 914, 100, 100, 100, 
100, 100, 100, 100, 100, 100, 100, 100, 2500, 2500, 2500, 2500, 
2500, 2500, 2500, 2500, 2500, 2500, 2500, 6181.524, 6026.708, 
6032.863, 5925.467, 5959.098, 5985.531, 5921.13799999999, 5965.337, 
5956.11200000001, 6116.072, 6271.34600000001, 1.59973, 6.90978, 
1.39183, 7.92787, 7.8719, 2.22805, 2.7749, 1.21921, 0.99209, 
3.26686, 13.29414, -4.70426, -1.63216, -1.48525, -13.46142, -8.38394, 
-3.73405, -3.79006, -2.89787, -2.0733, -5.04332, -1.30044, 0, 
0, 0, 0, 0, 0, 0, 0, 0, 0, 0, 0, 0, 0, 0, 0, 0, 0, 0, 0, 0, 0, 
0.88333, 0.9, 0.88571, 0.8619, 0.91429, 0.89464, 0.9125, 0.89306, 
0.90083, 0.89667, 0.89071, 0.84333, 0.88, 0.87143, 0.8619, 0.85893, 
0.88214, 0.88889, 0.88056, 0.88972, 0.85222, 0.88162, 0.0103, 
0.0097, 0.0102, 0.0102, 0.0104, 0.0102, 0.0101, 0.0104, 0.0109, 
0.0109, 0.0126, 20.8, 41.2, 44.4, 18.6, 17.6, 27.3, 26.1, 33.5, 
50.8, 31.5, 72.4, 343, 93, 24, 4, 45, 1248, 31, 1043, 426, 2486, 
80, 5, 60, 65, 857, 15, 37, 8, 1, 16, 1, 40, 100, 100, 100, 100, 
100, 100, 100, 100, 100, 100, 100, 2500, 2500, 2500, 2500, 2500, 
2500, 2500, 2500, 2500, 2500, 2500, 6276.756, 6022.349, 5996.957, 
5893.585, 6025.952, 5958.13, 5949.284, 5954.552, 5969.444, 6290.273, 
6173.857, 1, 1, 1, 1, 1, 1, 1, 1, 1, 1, 1, 0.11111, 0.11111, 
0.11111, 0.11111, 0.11111, 0.11111, 0.11111, 0.11111, 0.11111, 
0.11111, 0.11111, 0, 0, 0, 0, 0, 0, 0, 0, 0, 0, 0, 0, 0, 0, 0, 
0, 0, 0, 0, 0, 0, 0, 0.86333, 0.88, 0.86905, 0.8619, 0.87321, 
0.88214, 0.88889, 0.88194, 0.87861, 0.87444, 0.88071, 0.86333, 
0.88, 0.86905, 0.8619, 0.87321, 0.88214, 0.88889, 0.88194, 0.87861, 
0.87444, 0.88071, 0.0099, 0.0089, 0.009, 0.0092, 0.0098, 0.0102, 
0.0104, 0.0102, 0.0102, 0.011, 0.0115, 25.1, 25.1, 29.1, 29.7, 
30.2, 31.3, 31.2, 31.5, 35.6, 38.1, 38.6, 1, 1, 1, 1, 1, 1, 1, 
1, 1, 1, 1, 1, 1, 1, 1, 1, 1, 1, 1, 1, 1, 1, 1, 1, 1, 1, 1, 1, 
1, 1, 1, 1, 1, 1, 1, 1, 1, 1, 1, 1, 1, 1, 1, 1, 2.531, 2.281, 
2.286, 2.244, 2.385, 2.386, 2.42, 2.376, 2.41, 2.501, 2.465), .Dim = c(11L, 
40L), .Dimnames = list(NULL, c("Sampling", "PSO.cost", "PSO.gamma", 
"PSO.data.balancing", "PSO.feature.selection", "PSO.valid.acc", 
"PSO.test.acc", "PSO.train.time", "PSO.n.support.vectors", "PSO.index", 
"PSO.n.solutions", "PSO.generations", "PSO.n.evaluations", "PSO.cpu.time", 
"RS.cost", "RS.gamma", "RS.data.balancing", "RS.feature.selection", 
"RS.valid.acc", "RS.test.acc", "RS.train.time", "RS.n.support.vectors", 
"RS.index", "RS.n.solutions", "RS.generations", "RS.n.evaluations", 
"RS.cpu.time", "DF.cost", "DF.gamma", "DF.data.balancing", "DF.feature.selection", 
"DF.valid.acc", "DF.test.acc", "DF.train.time", "DF.n.support.vectors", 
"DF.index", "DF.n.solutions", "DF.generations", "DF.n.evaluations", 
"DF.cpu.time")))
