full <-
structure(c(50, 55, 60, 65, 70, 75, 80, 85, 90, 95, 100, 4.23796, 
2.5279, 1.49855, 5.08595, 6.62856, 13.1479, 9.93029, 4.04768, 
0.82657, 5.54271, 1.85542, -2.80939, -3.16676, -2.98535, -1.95436, 
-1.64228, -2.11756, -1.57102, -1.36462, -1.85352, -1.78102, -3.83696, 
0, 0, 0, 0, 0, 0, 0, 0, 0, 0, 0, 0, 0, 0, 0, 0, 0, 0, 0, 0, 0, 
0, 0.93, 0.93333, 0.93571, 0.90952, 0.90179, 0.90893, 0.92639, 
0.91806, 0.90083, 0.88717, 0.89232, 0.885, 0.93333, 0.87143, 
0.90952, 0.88929, 0.90893, 0.92639, 0.90694, 0.90083, 0.84273, 
0.88232, 0.0102, 0.0093, 0.0094, 0.0097, 0.0101, 0.0097, 0.0103, 
0.0104, 0.0104, 0.0118, 0.011, 23.1, 21.5, 28.6, 43.6, 52.2, 
42.9, 57.6, 62.3, 55.1, 58.9, 35.5, 81, 4, 249, 7, 5, 16, 8, 
29, 1127, 33, 412, 458, 1453, 322, 1557, 1508, 932, 1207, 1548, 
32, 983, 214, 100, 100, 100, 100, 100, 100, 100, 100, 100, 100, 
100, 2500, 2500, 2500, 2500, 2500, 2500, 2500, 2500, 2500, 2500, 
2500, 6008.181, 5833.67, 5858.886, 5867.214, 5885.375, 5887.797, 
5763.077, 5771.755, 5720.037, 5840.44500000001, 5932.776, 6.71113, 
10.21259, 1.70226, 1.36635, 5.59339, 8.09963, 1.32578, 13.03892, 
11.0535, 6.62783, 1.95202, -2.82192, -3.02361, -3.19823, -2.2089, 
-2.05292, -2.22206, -1.86742, -1.4514, -1.84608, -2.09538, -3.66853, 
0, 0, 0, 0, 0, 0, 0, 0, 0, 0, 0, 0, 0, 0, 0, 0, 0, 0, 0, 0, 0, 
0, 0.93, 0.93333, 0.93571, 0.90952, 0.90179, 0.90893, 0.92639, 
0.91806, 0.89944, 0.88717, 0.89232, 0.885, 0.93333, 0.8881, 0.90952, 
0.88929, 0.89464, 0.92639, 0.90694, 0.88833, 0.85384, 0.86323, 
0.0095, 0.0094, 0.0092, 0.0096, 0.01, 0.0099, 0.0101, 0.0107, 
0.0102, 0.0113, 0.0109, 23, 22.1, 27.1, 37.9, 45.7, 41.5, 50.8, 
61.2, 55.1, 51.3, 36.1, 2473, 4, 817, 29, 38, 7, 12, 6, 81, 22, 
1213, 1, 216, 1, 185, 89, 109, 82, 136, 43, 52, 1, 100, 100, 
100, 100, 100, 100, 100, 100, 100, 100, 100, 2500, 2500, 2500, 
2500, 2500, 2500, 2500, 2500, 2500, 2500, 2500, 5868.441, 5828.263, 
5899.618, 5871.973, 5893.876, 5882.45, 5751.663, 5719.78199999999, 
5674.57400000001, 5960.139, 6006.68800000001, 1, 1, 1, 1, 1, 
1, 1, 1, 1, 1, 1, 0.11111, 0.11111, 0.11111, 0.11111, 0.11111, 
0.11111, 0.11111, 0.11111, 0.11111, 0.11111, 0.11111, 0, 0, 0, 
0, 0, 0, 0, 0, 0, 0, 0, 0, 0, 0, 0, 0, 0, 0, 0, 0, 0, 0, 0.91, 
0.91667, 0.8881, 0.89524, 0.88929, 0.89643, 0.88889, 0.89444, 
0.87861, 0.87515, 0.88141, 0.91, 0.91667, 0.8881, 0.89524, 0.88929, 
0.89643, 0.88889, 0.89444, 0.87861, 0.87515, 0.88141, 0.0086, 
0.009, 0.0093, 0.01, 0.0094, 0.0097, 0.0098, 0.0101, 0.0099, 
0.0111, 0.0107, 21, 21.3, 27.5, 27.8, 32.2, 33.2, 32.9, 32.5, 
35.8, 38.8, 38, 1, 1, 1, 1, 1, 1, 1, 1, 1, 1, 1, 1, 1, 1, 1, 
1, 1, 1, 1, 1, 1, 1, 1, 1, 1, 1, 1, 1, 1, 1, 1, 1, 1, 1, 1, 1, 
1, 1, 1, 1, 1, 1, 1, 1, 2.314, 2.285, 2.346, 2.474, 2.325, 2.347, 
2.272, 2.295, 2.251, 2.485, 2.353), .Dim = c(11L, 40L), .Dimnames = list(
    NULL, c("Sampling", "PSO.cost", "PSO.gamma", "PSO.data.balancing", 
    "PSO.feature.selection", "PSO.valid.acc", "PSO.test.acc", 
    "PSO.train.time", "PSO.n.support.vectors", "PSO.index", "PSO.n.solutions", 
    "PSO.generations", "PSO.n.evaluations", "PSO.cpu.time", "RS.cost", 
    "RS.gamma", "RS.data.balancing", "RS.feature.selection", 
    "RS.valid.acc", "RS.test.acc", "RS.train.time", "RS.n.support.vectors", 
    "RS.index", "RS.n.solutions", "RS.generations", "RS.n.evaluations", 
    "RS.cpu.time", "DF.cost", "DF.gamma", "DF.data.balancing", 
    "DF.feature.selection", "DF.valid.acc", "DF.test.acc", "DF.train.time", 
    "DF.n.support.vectors", "DF.index", "DF.n.solutions", "DF.generations", 
    "DF.n.evaluations", "DF.cpu.time")))
