full <-
structure(c(50, 55, 60, 65, 70, 75, 80, 85, 90, 95, 100, 1, 1, 
1, 1, 1, 2.19623, 1, 1, 9.35654, 0.60302, 5.95917, 0.11111, 0.11111, 
0.11111, 0.11111, 0.11111, -3.31125, 0.11111, 0.11111, -1.04742, 
-2.60505, -0.94877, 0, 0, 0, 0, 0, 0, 0, 0, 0, 0, 0, 0, 0, 0, 
0, 0, 0, 0, 0, 0, 0, 0, 0.92333, 0.91667, 0.90952, 0.9119, 0.88929, 
0.89107, 0.86349, 0.87167, 0.86944, 0.88626, 0.89071, 0.92333, 
0.91667, 0.90952, 0.9119, 0.88929, 0.87679, 0.86349, 0.87167, 
0.86833, 0.87626, 0.89071, 0.0096, 0.0093, 0.01, 0.0103, 0.0106, 
0.0096, 0.0104, 0.0115, 0.0111, 0.0104, 0.0122, 20.6, 22.5, 23.3, 
24.7, 31, 32.7, 35.6, 36.9, 68.3, 43, 75.9, 1, 1, 1, 1, 1, 402, 
1, 1, 66, 2001, 242, 2058, 2006, 1587, 2039, 1736, 297, 1679, 
1562, 820, 3, 507, 100, 100, 100, 100, 100, 100, 100, 100, 100, 
100, 100, 2500, 2500, 2500, 2500, 2500, 2500, 2500, 2500, 2500, 
2500, 2500, 5818.496, 6053.081, 6080.769, 6196.128, 6071.236, 
5957.597, 5998, 5963.99099999999, 5941.14, 5988.31099999999, 
5994.163, 5.44904, 0.25033, 0.75402, 10.47998, 10.88921, 0.83419, 
-1.21904, 10.72972, 7.64679, 0.78197, 5.81476, -13.71614, -9.11785, 
-12.66296, 0.18937, -13.61644, -1.54122, -6.615, -12.19589, -1.45008, 
-2.86888, -1.21442, 0, 0, 0, 0, 0, 0, 0, 0, 0, 0, 0, 0, 0, 0, 
0, 0, 0, 0, 0, 0, 0, 0, 0.92333, 0.91667, 0.90952, 0.9119, 0.88929, 
0.89107, 0.86349, 0.87167, 0.86944, 0.88626, 0.89071, 0.92333, 
0.91667, 0.90952, 0.9119, 0.88929, 0.89107, 0.86349, 0.87167, 
0.85722, 0.87626, 0.89071, 0.0093, 0.0096, 0.01, 0.0113, 0.0118, 
0.0104, 0.0098, 0.0132, 0.0122, 0.0106, 0.0125, 11.4, 13.4, 14.3, 
52, 19.2, 56.4, 29.1, 26.6, 64.3, 40, 73.5, 1, 2, 1, 3, 2, 627, 
3, 1, 124, 98, 543, 1572, 1484, 858, 1555, 989, 3, 1046, 1040, 
55, 3, 26, 100, 100, 100, 100, 100, 100, 100, 100, 100, 100, 
100, 2500, 2500, 2500, 2500, 2500, 2500, 2500, 2500, 2500, 2500, 
2500, 5810.294, 6041.66, 6060.642, 6139.836, 6120.43599999999, 
6037.711, 5916.811, 5883.236, 6014.76699999999, 5999.59400000001, 
6026.43500000001, 1, 1, 1, 1, 1, 1, 1, 1, 1, 1, 1, 0.11111, 0.11111, 
0.11111, 0.11111, 0.11111, 0.11111, 0.11111, 0.11111, 0.11111, 
0.11111, 0.11111, 0, 0, 0, 0, 0, 0, 0, 0, 0, 0, 0, 0, 0, 0, 0, 
0, 0, 0, 0, 0, 0, 0, 0.92333, 0.91667, 0.90952, 0.9119, 0.88929, 
0.86607, 0.86349, 0.87167, 0.86833, 0.87515, 0.88071, 0.92333, 
0.91667, 0.90952, 0.9119, 0.88929, 0.86607, 0.86349, 0.87167, 
0.86833, 0.87515, 0.88071, 0.0096, 0.01, 0.0103, 0.0105, 0.0112, 
0.0105, 0.0111, 0.0111, 0.0116, 0.0115, 0.0108, 20.6, 22.5, 23.3, 
24.7, 31, 33.6, 35.6, 36.9, 36.6, 36.6, 39.7, 1, 1, 1, 1, 1, 
1, 1, 1, 1, 1, 1, 1, 1, 1, 1, 1, 1, 1, 1, 1, 1, 1, 1, 1, 1, 1, 
1, 1, 1, 1, 1, 1, 1, 1, 1, 1, 1, 1, 1, 1, 1, 1, 1, 1, 2.406, 
2.339, 2.528, 2.557, 2.562, 2.343, 2.458, 2.519, 2.469, 2.448, 
2.351), .Dim = c(11L, 40L), .Dimnames = list(NULL, c("Sampling", 
"PSO.cost", "PSO.gamma", "PSO.data.balancing", "PSO.feature.selection", 
"PSO.valid.acc", "PSO.test.acc", "PSO.train.time", "PSO.n.support.vectors", 
"PSO.index", "PSO.n.solutions", "PSO.generations", "PSO.n.evaluations", 
"PSO.cpu.time", "RS.cost", "RS.gamma", "RS.data.balancing", "RS.feature.selection", 
"RS.valid.acc", "RS.test.acc", "RS.train.time", "RS.n.support.vectors", 
"RS.index", "RS.n.solutions", "RS.generations", "RS.n.evaluations", 
"RS.cpu.time", "DF.cost", "DF.gamma", "DF.data.balancing", "DF.feature.selection", 
"DF.valid.acc", "DF.test.acc", "DF.train.time", "DF.n.support.vectors", 
"DF.index", "DF.n.solutions", "DF.generations", "DF.n.evaluations", 
"DF.cpu.time")))
