full <-
structure(c(50, 55, 60, 65, 70, 75, 80, 85, 90, 95, 100, 12.56768, 
10.01368, 1, 5.25917, 10.91187, 1, 0.53999, 0.25108, 5.68992, 
5.42734, 2.96887, -2.04758, -2.55584, 0.11111, -1.34489, -1.09838, 
0.11111, -1.75919, -2.5435, -1.19142, -1.25398, -4.33355, 0, 
0, 0, 0, 0, 0, 0, 0, 0, 0, 0, 0, 0, 0, 0, 0, 0, 0, 0, 0, 0, 0, 
0.91333, 0.93333, 0.90476, 0.94048, 0.90179, 0.86607, 0.87778, 
0.88194, 0.86972, 0.88444, 0.89071, 0.86833, 0.93333, 0.90476, 
0.94048, 0.87321, 0.86607, 0.87778, 0.88194, 0.86972, 0.87333, 
0.86162, 0.0105, 0.0097, 0.0102, 0.0109, 0.0118, 0.0105, 0.0111, 
0.0115, 0.0134, 0.0131, 0.0113, 30.4, 22.5, 20.5, 48.3, 52, 30.8, 
51.7, 42.6, 66.7, 70.1, 33, 5, 307, 1, 40, 604, 1, 1501, 32, 
178, 56, 383, 1200, 651, 1870, 1589, 368, 1843, 52, 540, 716, 
726, 38, 100, 100, 100, 100, 100, 100, 100, 100, 100, 100, 100, 
2500, 2500, 2500, 2500, 2500, 2500, 2500, 2500, 2500, 2500, 2500, 
6435.875, 6402.917, 6399.911, 6506.415, 6514.58, 6512.358, 6499.436, 
6570.34, 6748.117, 6667.189, 6404.43199999999, 4.78248, 7.96343, 
3.4006, 10.68839, 0.54036, 10.76656, 14.94297, 0.47906, 1.39837, 
3.5225, 2.07558, -2.99618, -2.68593, 2.69119, -1.08131, -1.60859, 
-13.38601, -1.27221, -1.82917, -1.13644, -1.40412, -3.59529, 
0, 0, 0, 0, 0, 0, 0, 0, 0, 0, 0, 0, 0, 0, 0, 0, 0, 0, 0, 0, 0, 
0, 0.91333, 0.93333, 0.90476, 0.94048, 0.90179, 0.86607, 0.86667, 
0.88194, 0.86972, 0.88444, 0.89071, 0.90167, 0.93333, 0.90476, 
0.94048, 0.8875, 0.86607, 0.86667, 0.88194, 0.86972, 0.87333, 
0.84162, 0.0096, 0.0104, 0.0106, 0.0103, 0.0116, 0.012, 0.012, 
0.0126, 0.0133, 0.013, 0.0122, 18.1, 20.8, 48, 49.5, 47.5, 24.5, 
57.6, 53, 67.4, 67.8, 35.8, 21, 48, 1, 103, 622, 3, 18, 72, 231, 
17, 585, 98, 34, 1417, 87, 6, 993, 37, 18, 50, 33, 3, 100, 100, 
100, 100, 100, 100, 100, 100, 100, 100, 100, 2500, 2500, 2500, 
2500, 2500, 2500, 2500, 2500, 2500, 2500, 2500, 6607.866, 6451.932, 
6466.633, 6632.442, 6561.149, 6543.151, 6591.98700000001, 6540.836, 
6700.84, 6437.853, 6413.97200000001, 1, 1, 1, 1, 1, 1, 1, 1, 
1, 1, 1, 0.11111, 0.11111, 0.11111, 0.11111, 0.11111, 0.11111, 
0.11111, 0.11111, 0.11111, 0.11111, 0.11111, 0, 0, 0, 0, 0, 0, 
0, 0, 0, 0, 0, 0, 0, 0, 0, 0, 0, 0, 0, 0, 0, 0, 0.91, 0.91667, 
0.90476, 0.89524, 0.87321, 0.86607, 0.86349, 0.87083, 0.86833, 
0.87444, 0.88071, 0.91, 0.91667, 0.90476, 0.89524, 0.87321, 0.86607, 
0.86349, 0.87083, 0.86833, 0.87444, 0.88071, 0.0108, 0.0107, 
0.0098, 0.0114, 0.0102, 0.0105, 0.0109, 0.0119, 0.0114, 0.011, 
0.0123, 19, 18.9, 20.5, 21.9, 29.1, 30.8, 35, 36, 38.6, 38.7, 
38.2, 1, 1, 1, 1, 1, 1, 1, 1, 1, 1, 1, 1, 1, 1, 1, 1, 1, 1, 1, 
1, 1, 1, 1, 1, 1, 1, 1, 1, 1, 1, 1, 1, 1, 1, 1, 1, 1, 1, 1, 1, 
1, 1, 1, 1, 2.72, 2.599, 2.582, 2.752, 2.491, 2.566, 2.524, 2.698, 
2.584, 2.439, 2.726), .Dim = c(11L, 40L), .Dimnames = list(NULL, 
    c("Sampling", "PSO.cost", "PSO.gamma", "PSO.data.balancing", 
    "PSO.feature.selection", "PSO.valid.acc", "PSO.test.acc", 
    "PSO.train.time", "PSO.n.support.vectors", "PSO.index", "PSO.n.solutions", 
    "PSO.generations", "PSO.n.evaluations", "PSO.cpu.time", "RS.cost", 
    "RS.gamma", "RS.data.balancing", "RS.feature.selection", 
    "RS.valid.acc", "RS.test.acc", "RS.train.time", "RS.n.support.vectors", 
    "RS.index", "RS.n.solutions", "RS.generations", "RS.n.evaluations", 
    "RS.cpu.time", "DF.cost", "DF.gamma", "DF.data.balancing", 
    "DF.feature.selection", "DF.valid.acc", "DF.test.acc", "DF.train.time", 
    "DF.n.support.vectors", "DF.index", "DF.n.solutions", "DF.generations", 
    "DF.n.evaluations", "DF.cpu.time")))
