full <-
structure(c(50, 55, 60, 65, 70, 75, 80, 85, 90, 95, 100, 1, 1, 
1, 1, 1, 3.01581, 1, 1, 1, 3.26723, 1, 0.11111, 0.11111, 0.11111, 
0.11111, 0.11111, -1.53672, 0.11111, 0.11111, 0.11111, -4.68858, 
0.11111, 0, 0, 0, 0, 0, 0, 0, 0, 0, 0, 0, 0, 0, 0, 0, 0, 0, 0, 
0, 0, 0, 0, 0.86667, 0.88, 0.89048, 0.89524, 0.87321, 0.89286, 
0.88889, 0.88194, 0.87861, 0.88515, 0.88141, 0.86667, 0.88, 0.89048, 
0.89524, 0.87321, 0.89286, 0.88889, 0.88194, 0.87861, 0.84273, 
0.88141, 0.0107, 0.0098, 0.0091, 0.0096, 0.0101, 0.0109, 0.0105, 
0.0106, 0.0106, 0.0106, 0.0105, 23.6, 23.8, 24.6, 25.2, 30, 52.4, 
32.1, 34.2, 37, 32.4, 37.7, 1, 1, 1, 1, 1, 26, 1, 1, 1, 240, 
1, 2024, 1910, 2134, 1983, 2071, 1210, 1983, 1907, 1820, 60, 
1654, 100, 100, 100, 100, 100, 100, 100, 100, 100, 100, 100, 
2500, 2500, 2500, 2500, 2500, 2500, 2500, 2500, 2500, 2500, 2500, 
6026.884, 6063.884, 6090.897, 6013.053, 5996.516, 6009.17799999999, 
6026.83200000001, 6024.817, 5875.772, 5852.773, 5817.23699999999, 
4.96404, 4.04749, 2.51845, 0.40079, 0.07362, 14.88965, 2.09229, 
-1.42268, 1.37526, 6.16272, -0.46149, -12.96882, -14.12311, -7.47271, 
-12.12533, -0.18577, -1.80504, -9.47719, 2.55274, -11.2639, -1.04881, 
-8.3728, 0, 0, 0, 0, 0, 0, 0, 0, 0, 0, 0, 0, 0, 0, 0, 0, 0, 0, 
0, 0, 0, 0, 0.86667, 0.88, 0.89048, 0.89524, 0.87321, 0.89286, 
0.88889, 0.88194, 0.87861, 0.88424, 0.88141, 0.86667, 0.88, 0.89048, 
0.89524, 0.87321, 0.87857, 0.88889, 0.88194, 0.87861, 0.88424, 
0.88141, 0.0096, 0.0095, 0.0096, 0.0096, 0.0101, 0.0106, 0.0108, 
0.012, 0.0099, 0.0121, 0.0105, 15.2, 15.7, 16.5, 15.6, 55.2, 
47.8, 25.2, 68, 26.2, 72.3, 30.7, 1, 1, 1, 1, 1, 23, 2, 1, 4, 
16, 4, 1499, 1436, 1561, 1551, 1452, 31, 1474, 1532, 1185, 75, 
1035, 100, 100, 100, 100, 100, 100, 100, 100, 100, 100, 100, 
2500, 2500, 2500, 2500, 2500, 2500, 2500, 2500, 2500, 2500, 2500, 
6054.289, 6097.762, 6070.701, 5990.132, 5997.194, 6009.72200000001, 
6032.45599999999, 5901.035, 5866.57900000001, 5861.128, 5822.367, 
1, 1, 1, 1, 1, 1, 1, 1, 1, 1, 1, 0.11111, 0.11111, 0.11111, 0.11111, 
0.11111, 0.11111, 0.11111, 0.11111, 0.11111, 0.11111, 0.11111, 
0, 0, 0, 0, 0, 0, 0, 0, 0, 0, 0, 0, 0, 0, 0, 0, 0, 0, 0, 0, 0, 
0, 0.86667, 0.88, 0.89048, 0.89524, 0.87321, 0.88036, 0.88889, 
0.88194, 0.87861, 0.87515, 0.88141, 0.86667, 0.88, 0.89048, 0.89524, 
0.87321, 0.88036, 0.88889, 0.88194, 0.87861, 0.87515, 0.88141, 
0.0097, 0.0099, 0.0099, 0.0099, 0.0104, 0.0102, 0.0104, 0.0105, 
0.0101, 0.0107, 0.0108, 23.6, 23.8, 24.6, 25.2, 30, 31.2, 32.1, 
34.2, 37, 37.3, 37.7, 1, 1, 1, 1, 1, 1, 1, 1, 1, 1, 1, 1, 1, 
1, 1, 1, 1, 1, 1, 1, 1, 1, 1, 1, 1, 1, 1, 1, 1, 1, 1, 1, 1, 1, 
1, 1, 1, 1, 1, 1, 1, 1, 1, 1, 2.459, 2.467, 2.399, 2.349, 2.407, 
2.405, 2.387, 2.327, 2.265, 2.256, 2.333), .Dim = c(11L, 40L), .Dimnames = list(
    NULL, c("Sampling", "PSO.cost", "PSO.gamma", "PSO.data.balancing", 
    "PSO.feature.selection", "PSO.valid.acc", "PSO.test.acc", 
    "PSO.train.time", "PSO.n.support.vectors", "PSO.index", "PSO.n.solutions", 
    "PSO.generations", "PSO.n.evaluations", "PSO.cpu.time", "RS.cost", 
    "RS.gamma", "RS.data.balancing", "RS.feature.selection", 
    "RS.valid.acc", "RS.test.acc", "RS.train.time", "RS.n.support.vectors", 
    "RS.index", "RS.n.solutions", "RS.generations", "RS.n.evaluations", 
    "RS.cpu.time", "DF.cost", "DF.gamma", "DF.data.balancing", 
    "DF.feature.selection", "DF.valid.acc", "DF.test.acc", "DF.train.time", 
    "DF.n.support.vectors", "DF.index", "DF.n.solutions", "DF.generations", 
    "DF.n.evaluations", "DF.cpu.time")))
