full <-
structure(c(50, 55, 60, 65, 70, 75, 80, 85, 90, 95, 100, 13.48642, 
7.98653, 15, 15, 8.85836, 11.01194, 9.83271, 7.55706, 5.42861, 
14.33612, 8.71595, -11.16429, -5.6868, -10.07613, -11.9543, -8.35004, 
-9.12555, -9.4765, -6.48306, -5.59836, -11.30425, -7.73613, 0, 
0, 0, 0, 0, 0, 0, 0, 0, 0, 0, 0, 0, 0, 0, 0, 0, 0, 0, 0, 0, 0, 
0.36355, 0.36001, 0.38191, 0.39043, 0.39113, 0.39275, 0.36723, 
0.37323, 0.39397, 0.3762, 0.38253, 0.33432, 0.35515, 0.37009, 
0.34983, 0.38332, 0.36492, 0.35007, 0.3626, 0.37152, 0.37522, 
0.36059, 0.3617, 0.3472, 2.5721, 0.8119, 0.3701, 0.6422, 0.4496, 
0.6033, 0.5042, 1.5851, 0.7948, 417.9, 450.7, 483.1, 544.5, 586.5, 
625, 672.7, 704.6, 755.8, 795.1, 829.7, 240, 2145, 1627, 1444, 
894, 1386, 1749, 1552, 1428, 1160, 1695, 31, 1, 1, 1, 46, 4, 
1, 11, 35, 14, 28, 100, 100, 100, 100, 100, 100, 100, 100, 100, 
100, 100, 2500, 2500, 2500, 2500, 2500, 2500, 2500, 2500, 2500, 
2500, 2500, 21974.807, 16612.239, 38981.774, 25735.687, 22934.041, 
25455.428, 23763.476, 31867.448, 21611.926, 40990.712, 41127.264, 
9.15671, 12.46992, 14.31483, 14.64033, 9.31478, 13.81644, 10.84101, 
6.03744, 6.05888, 11.96401, 8.67639, -8.98955, -8.164, -9.78768, 
-11.37082, -8.59039, -10.90515, -9.99712, -6.77456, -5.80598, 
-10.55379, -7.68639, 0, 0, 0, 0, 0, 0, 0, 0, 0, 0, 0, 0, 0, 0, 
0, 0, 0, 0, 0, 0, 0, 0, 0.35988, 0.3566, 0.37438, 0.38753, 0.38727, 
0.39033, 0.36157, 0.36784, 0.38993, 0.37428, 0.38073, 0.34335, 
0.3452, 0.37163, 0.36404, 0.38332, 0.36855, 0.35005, 0.35496, 
0.37056, 0.36273, 0.36332, 0.182, 1.2213, 1.9413, 0.9568, 0.387, 
1.0205, 0.5051, 0.4215, 0.5408, 0.8182, 0.7929, 419.5, 442.2, 
484, 540.5, 586.1, 628, 672.6, 714.1, 754.4, 800, 829.6, 2440, 
844, 1167, 413, 595, 2230, 1251, 822, 1792, 1390, 2313, 1, 1, 
1, 1, 1, 1, 1, 1, 1, 1, 1, 100, 100, 100, 100, 100, 100, 100, 
100, 100, 100, 100, 2500, 2500, 2500, 2500, 2500, 2500, 2500, 
2500, 2500, 2500, 2500, 11478.765, 13248.808, 14055.098, 15896.98, 
17648.977, 18608.754, 20406.923, 23454.553, 27035.504, 28456.722, 
32002.953, 1, 1, 1, 1, 1, 1, 1, 1, 1, 1, 1, 0.08333, 0.08333, 
0.08333, 0.08333, 0.08333, 0.08333, 0.08333, 0.08333, 0.08333, 
0.08333, 0.08333, 0, 0, 0, 0, 0, 0, 0, 0, 0, 0, 0, 0, 0, 0, 0, 
0, 0, 0, 0, 0, 0, 0, 0.31069, 0.31408, 0.32246, 0.34831, 0.33385, 
0.35534, 0.32968, 0.33894, 0.36969, 0.35029, 0.36168, 0.31075, 
0.31394, 0.33011, 0.34402, 0.3508, 0.3407, 0.33307, 0.34959, 
0.36072, 0.35407, 0.35713, 0.1331, 0.1587, 0.1801, 0.2259, 0.2379, 
0.2775, 0.3327, 0.3422, 0.4037, 0.4588, 0.4834, 437.5, 480.3, 
523.9, 567.2, 610.7, 654.8, 695.9, 741.5, 785.1, 827.5, 869.9, 
1, 1, 1, 1, 1, 1, 1, 1, 1, 1, 1, 1, 1, 1, 1, 1, 1, 1, 1, 1, 1, 
1, 1, 1, 1, 1, 1, 1, 1, 1, 1, 1, 1, 1, 1, 1, 1, 1, 1, 1, 1, 1, 
1, 1, 3.815, 4.146, 4.316, 5.002, 4.835, 5.328, 6.098, 6.117, 
6.974, 7.616, 8.665), .Dim = c(11L, 40L), .Dimnames = list(NULL, 
    c("Sampling", "PSO.cost", "PSO.gamma", "PSO.data.balancing", 
    "PSO.feature.selection", "PSO.valid.acc", "PSO.test.acc", 
    "PSO.train.time", "PSO.n.support.vectors", "PSO.index", "PSO.n.solutions", 
    "PSO.generations", "PSO.n.evaluations", "PSO.cpu.time", "RS.cost", 
    "RS.gamma", "RS.data.balancing", "RS.feature.selection", 
    "RS.valid.acc", "RS.test.acc", "RS.train.time", "RS.n.support.vectors", 
    "RS.index", "RS.n.solutions", "RS.generations", "RS.n.evaluations", 
    "RS.cpu.time", "DF.cost", "DF.gamma", "DF.data.balancing", 
    "DF.feature.selection", "DF.valid.acc", "DF.test.acc", "DF.train.time", 
    "DF.n.support.vectors", "DF.index", "DF.n.solutions", "DF.generations", 
    "DF.n.evaluations", "DF.cpu.time")))
