full <-
structure(c(50, 55, 60, 65, 70, 75, 80, 85, 90, 95, 100, 6.29203, 
14.32957, 1.27127, 7.49881, 14.62243, 14.37559, 8.43396, 12.98679, 
11.04479, 14.98881, 14.89554, -9.56737, -12.36603, -5.17006, 
-7.22244, -12.53798, -12.49591, -8.86171, -11.99583, -9.88713, 
-10.37859, -12.07635, 0, 0, 0, 0, 0, 0, 0, 0, 0, 0, 0, 0, 0, 
0, 0, 0, 0, 0, 0, 0, 0, 0, 0.34353, 0.36381, 0.35283, 0.35788, 
0.362, 0.37299, 0.36272, 0.36994, 0.37482, 0.38454, 0.37912, 
0.3218, 0.3422, 0.30905, 0.34108, 0.34392, 0.3535, 0.34097, 0.35813, 
0.34759, 0.35698, 0.37817, 0.1355, 0.4145, 0.1863, 0.294, 0.6726, 
0.6923, 0.3881, 0.648, 0.6699, 4.6457, 1.5017, 430, 462, 518.8, 
542.2, 588.2, 631.8, 673.6, 718.6, 753.7, 781, 837.6, 1560, 442, 
1098, 1476, 1352, 1639, 797, 589, 876, 2376, 1881, 35, 21, 47, 
20, 9, 1, 26, 6, 19, 1, 1, 100, 100, 100, 100, 100, 100, 100, 
100, 100, 100, 100, 2500, 2500, 2500, 2500, 2500, 2500, 2500, 
2500, 2500, 2500, 2500, 9922.383, 16929.866, 18692.137, 15088.344, 
21977.857, 25120.192, 23359.15, 24426.206, 37065.202, 108732.195, 
40873.502, 6.31602, 12.96712, 0.95517, 7.26824, 12.23563, 14.35202, 
8.26183, 9.98478, 12.1108, 14.58979, 7.82027, -9.491, -11.69607, 
-4.79205, -7.11157, -11.36044, -12.47873, -8.77522, -10.14082, 
-10.50408, -9.88576, -8.18096, 0, 0, 0, 0, 0, 0, 0, 0, 0, 0, 
0, 0, 0, 0, 0, 0, 0, 0, 0, 0, 0, 0, 0.33629, 0.36215, 0.34372, 
0.35649, 0.35812, 0.37055, 0.36159, 0.36874, 0.3748, 0.37889, 
0.37732, 0.32538, 0.34384, 0.30292, 0.33967, 0.3439, 0.35713, 
0.34326, 0.36779, 0.34759, 0.35213, 0.36819, 0.133, 0.3146, 0.1837, 
0.2829, 0.4339, 0.6912, 0.3684, 0.4534, 0.7745, 5.1774, 0.5667, 
429.8, 462.3, 519.4, 542.1, 589.2, 632, 673.6, 718.6, 754.1, 
777.6, 835.2, 741, 1073, 1690, 1812, 673, 395, 1607, 1778, 1777, 
2265, 2248, 1, 1, 1, 2, 1, 1, 1, 1, 1, 1, 1, 100, 100, 100, 100, 
100, 100, 100, 100, 100, 100, 100, 2500, 2500, 2500, 2500, 2500, 
2500, 2500, 2500, 2500, 2500, 2500, 11723.275, 13190.579, 14023.85, 
15363.467, 18424.088, 19162.911, 20585.056, 22447.165, 24724.297, 
28042.702, 28234.042, 1, 1, 1, 1, 1, 1, 1, 1, 1, 1, 1, 0.08333, 
0.08333, 0.08333, 0.08333, 0.08333, 0.08333, 0.08333, 0.08333, 
0.08333, 0.08333, 0.08333, 0, 0, 0, 0, 0, 0, 0, 0, 0, 0, 0, 0, 
0, 0, 0, 0, 0, 0, 0, 0, 0, 0, 0.29628, 0.32104, 0.30595, 0.33687, 
0.34129, 0.34745, 0.32504, 0.32609, 0.3333, 0.35403, 0.35828, 
0.29783, 0.31374, 0.30136, 0.31592, 0.33223, 0.34491, 0.32644, 
0.3412, 0.33926, 0.35884, 0.36999, 0.1358, 0.1616, 0.1906, 0.221, 
0.2434, 0.2692, 0.3092, 0.3539, 0.3926, 0.4452, 0.4714, 435.2, 
478.3, 521.8, 566.4, 609.3, 652.3, 695.7, 739.5, 784.3, 826.6, 
868.3, 1, 1, 1, 1, 1, 1, 1, 1, 1, 1, 1, 1, 1, 1, 1, 1, 1, 1, 
1, 1, 1, 1, 1, 1, 1, 1, 1, 1, 1, 1, 1, 1, 1, 1, 1, 1, 1, 1, 1, 
1, 1, 1, 1, 1, 3.816, 4.094, 4.387, 4.774, 4.912, 5.111, 5.574, 
6.113, 6.601, 7.216, 7.543), .Dim = c(11L, 40L), .Dimnames = list(
    NULL, c("Sampling", "PSO.cost", "PSO.gamma", "PSO.data.balancing", 
    "PSO.feature.selection", "PSO.valid.acc", "PSO.test.acc", 
    "PSO.train.time", "PSO.n.support.vectors", "PSO.index", "PSO.n.solutions", 
    "PSO.generations", "PSO.n.evaluations", "PSO.cpu.time", "RS.cost", 
    "RS.gamma", "RS.data.balancing", "RS.feature.selection", 
    "RS.valid.acc", "RS.test.acc", "RS.train.time", "RS.n.support.vectors", 
    "RS.index", "RS.n.solutions", "RS.generations", "RS.n.evaluations", 
    "RS.cpu.time", "DF.cost", "DF.gamma", "DF.data.balancing", 
    "DF.feature.selection", "DF.valid.acc", "DF.test.acc", "DF.train.time", 
    "DF.n.support.vectors", "DF.index", "DF.n.solutions", "DF.generations", 
    "DF.n.evaluations", "DF.cpu.time")))
