full <-
structure(c(50, 55, 60, 65, 70, 75, 80, 85, 90, 95, 100, 11.91536, 
15, 4.22949, 14.74025, 3.05819, 13.2219, 4.41192, 7.00521, 6.70096, 
3.52423, 10.20967, -11.36127, -10.55383, -8.53587, -11.21445, 
-4.39007, -10.53625, -5.64341, -8.15782, -6.12887, -4.95638, 
-10.38375, 0, 0, 0, 0, 0, 0, 0, 0, 0, 0, 0, 0, 0, 0, 0, 0, 0, 
0, 0, 0, 0, 0, 0.38206, 0.35705, 0.35517, 0.36773, 0.38328, 0.37215, 
0.38719, 0.39248, 0.37873, 0.3731, 0.37984, 0.35121, 0.35533, 
0.32771, 0.35392, 0.36241, 0.36258, 0.36785, 0.35951, 0.35251, 
0.34147, 0.37538, 0.2139, 1.6301, 0.19, 1.0818, 0.2672, 0.8595, 
0.3451, 0.3915, 0.5804, 0.4644, 0.6065, 422.2, 453.6, 519.4, 
543.1, 594.5, 624.3, 671.4, 717.4, 747, 800.3, 844.8, 2324, 797, 
1947, 2016, 1137, 1737, 1018, 2448, 889, 1672, 1042, 1, 6, 1, 
1, 15, 1, 112, 1, 47, 16, 11, 100, 100, 100, 100, 100, 100, 100, 
100, 100, 100, 100, 2500, 2500, 2500, 2500, 2500, 2500, 2500, 
2500, 2500, 2500, 2500, 12294.185, 28887.154, 11893.063, 28460.23, 
14719.797, 27187.487, 23431.583, 26070.596, 26446.169, 24297.614, 
32065.734, 11.69547, 14.89928, 4.99393, 5.93697, 3.1204, 9.09907, 
12.84129, 4.86288, 6.55469, 3.199, 11.13386, -11.23844, -10.14062, 
-9.32648, -7.14665, -4.43955, -11.46552, -10.08184, -6.3052, 
-5.94656, -4.83486, -10.8509, 0, 0, 0, 0, 0, 0, 0, 0, 0, 0, 0, 
0, 0, 0, 0, 0, 0, 0, 0, 0, 0, 0, 0.38027, 0.35363, 0.35369, 0.36509, 
0.38065, 0.36864, 0.38508, 0.39015, 0.37476, 0.37024, 0.37893, 
0.34943, 0.32716, 0.33085, 0.36519, 0.36111, 0.3468, 0.37017, 
0.37304, 0.35554, 0.34722, 0.37173, 0.2117, 2.0401, 0.1803, 0.2424, 
0.2727, 0.2921, 1.0091, 0.3761, 0.5828, 0.4473, 0.7065, 422.2, 
452.3, 519.2, 550.2, 593.9, 638.6, 659.5, 715.6, 746.7, 802.1, 
844.2, 1686, 2302, 900, 1249, 718, 1957, 2154, 2073, 178, 2241, 
404, 2, 1, 1, 1, 1, 1, 1, 1, 1, 1, 1, 100, 100, 100, 100, 100, 
100, 100, 100, 100, 100, 100, 2500, 2500, 2500, 2500, 2500, 2500, 
2500, 2500, 2500, 2500, 2500, 12117.864, 13217.674, 14675.122, 
16774.851, 17262.671, 21495.322, 23737.7, 25149.088, 27957.365, 
28552.516, 33816.265, 1, 1, 1, 1, 1, 1, 1, 1, 1, 1, 1, 0.08333, 
0.08333, 0.08333, 0.08333, 0.08333, 0.08333, 0.08333, 0.08333, 
0.08333, 0.08333, 0.08333, 0, 0, 0, 0, 0, 0, 0, 0, 0, 0, 0, 0, 
0, 0, 0, 0, 0, 0, 0, 0, 0, 0, 0.33623, 0.31257, 0.31262, 0.326, 
0.35474, 0.34568, 0.376, 0.36674, 0.34549, 0.34634, 0.35991, 
0.33617, 0.32582, 0.31393, 0.33429, 0.36774, 0.34686, 0.35448, 
0.3764, 0.33332, 0.35198, 0.36181, 0.1269, 0.1604, 0.1827, 0.2179, 
0.2543, 0.2878, 0.3195, 0.3596, 0.3983, 0.4614, 0.4823, 434.9, 
479.8, 523.2, 565.6, 607.8, 653.2, 695.7, 739.7, 785.1, 827.1, 
869.7, 1, 1, 1, 1, 1, 1, 1, 1, 1, 1, 1, 1, 1, 1, 1, 1, 1, 1, 
1, 1, 1, 1, 1, 1, 1, 1, 1, 1, 1, 1, 1, 1, 1, 1, 1, 1, 1, 1, 1, 
1, 1, 1, 1, 1, 3.698, 4.213, 4.373, 4.94, 5.397, 6.506, 6.938, 
7.334, 7.645, 8.36, 8.471), .Dim = c(11L, 40L), .Dimnames = list(
    NULL, c("Sampling", "PSO.cost", "PSO.gamma", "PSO.data.balancing", 
    "PSO.feature.selection", "PSO.valid.acc", "PSO.test.acc", 
    "PSO.train.time", "PSO.n.support.vectors", "PSO.index", "PSO.n.solutions", 
    "PSO.generations", "PSO.n.evaluations", "PSO.cpu.time", "RS.cost", 
    "RS.gamma", "RS.data.balancing", "RS.feature.selection", 
    "RS.valid.acc", "RS.test.acc", "RS.train.time", "RS.n.support.vectors", 
    "RS.index", "RS.n.solutions", "RS.generations", "RS.n.evaluations", 
    "RS.cpu.time", "DF.cost", "DF.gamma", "DF.data.balancing", 
    "DF.feature.selection", "DF.valid.acc", "DF.test.acc", "DF.train.time", 
    "DF.n.support.vectors", "DF.index", "DF.n.solutions", "DF.generations", 
    "DF.n.evaluations", "DF.cpu.time")))
