full <-
structure(c(50, 55, 60, 65, 70, 75, 80, 85, 90, 95, 100, 11.02616, 
10.42949, 8.87254, 2.69193, 9.90731, 2.24671, 1, 12.19846, 5.53619, 
0.60179, 6.67461, -12.57663, -11.46949, -9.05162, -5.37323, -11.10361, 
-4.38781, 0.08333, -9.00526, -4.99772, -3.07257, -6.86063, 0, 
0, 0, 0, 0, 0, 0, 0, 0, 0, 0, 0, 0, 0, 0, 0, 0, 0, 0, 0, 0, 0, 
0.36046, 0.37039, 0.36815, 0.37458, 0.39629, 0.38435, 0.38083, 
0.38504, 0.37804, 0.38085, 0.3753, 0.33831, 0.35878, 0.34838, 
0.35087, 0.38305, 0.36737, 0.35819, 0.35727, 0.35362, 0.36828, 
0.37161, 0.1861, 0.2173, 0.2439, 0.2069, 0.3048, 0.2857, 0.3132, 
1.5417, 0.5417, 0.4355, 0.586, 427.5, 467.4, 504.6, 556, 589.4, 
638.6, 696, 696.1, 750.4, 823.6, 833.1, 2110, 890, 1352, 2383, 
764, 285, 1, 2454, 1076, 2466, 1739, 1, 349, 18, 2, 92, 50, 1, 
1, 76, 1, 1, 100, 100, 100, 100, 100, 100, 100, 100, 100, 100, 
100, 2500, 2500, 2500, 2500, 2500, 2500, 2500, 2500, 2500, 2500, 
2500, 15945.449, 13861.327, 15564.859, 16572.675, 16440.721, 
19042.594, 21947.885, 47241.223, 25567.946, 27590.623, 52046.062, 
11.26109, 10.30366, 8.78295, 2.46505, 9.65877, 13.57317, -0.34847, 
12.19487, 5.7702, 11.94747, 13.04855, -12.79219, -11.35221, -8.96822, 
-5.28664, -10.88017, -12.23257, -3.47741, -9.05494, -5.45837, 
-8.0281, -10.84716, 0, 0, 0, 0, 0, 0, 0, 0, 0, 0, 0, 0, 0, 0, 
0, 0, 0, 0, 0, 0, 0, 0, 0.35861, 0.36873, 0.36509, 0.37323, 0.39369, 
0.38425, 0.37863, 0.37866, 0.37408, 0.37903, 0.37435, 0.33652, 
0.35878, 0.3484, 0.34944, 0.38435, 0.36851, 0.3604, 0.35726, 
0.3597, 0.34853, 0.37902, 0.191, 0.2117, 0.2321, 0.2195, 0.2978, 
0.5802, 0.2985, 1.4806, 0.5203, 3.0051, 1.1735, 427.2, 467.6, 
504.9, 557.1, 588.8, 627.7, 698.7, 696, 750.1, 772.7, 836.6, 
425, 466, 329, 1004, 290, 1030, 396, 182, 1605, 1478, 1754, 1, 
2, 2, 1, 1, 1, 1, 1, 1, 1, 1, 100, 100, 100, 100, 100, 100, 100, 
100, 100, 100, 100, 2500, 2500, 2500, 2500, 2500, 2500, 2500, 
2500, 2500, 2500, 2500, 12521.978, 13558.158, 14789.76, 16283.742, 
17719.116, 21492.056, 22413.402, 24900.41, 27418.875, 30244.227, 
30095.654, 1, 1, 1, 1, 1, 1, 1, 1, 1, 1, 1, 0.08333, 0.08333, 
0.08333, 0.08333, 0.08333, 0.08333, 0.08333, 0.08333, 0.08333, 
0.08333, 0.08333, 0, 0, 0, 0, 0, 0, 0, 0, 0, 0, 0, 0, 0, 0, 0, 
0, 0, 0, 0, 0, 0, 0, 0.34535, 0.34245, 0.34528, 0.34942, 0.35577, 
0.34791, 0.38083, 0.36161, 0.34566, 0.35126, 0.34367, 0.33268, 
0.32928, 0.32733, 0.33131, 0.35309, 0.36957, 0.35819, 0.36578, 
0.34746, 0.36171, 0.34803, 0.1377, 0.1568, 0.1809, 0.2037, 0.2479, 
0.2822, 0.3114, 0.3578, 0.3955, 0.4134, 0.4709, 437.3, 481, 524.1, 
567.4, 611.3, 653.6, 696, 739.1, 783.2, 825.4, 868.8, 1, 1, 1, 
1, 1, 1, 1, 1, 1, 1, 1, 1, 1, 1, 1, 1, 1, 1, 1, 1, 1, 1, 1, 1, 
1, 1, 1, 1, 1, 1, 1, 1, 1, 1, 1, 1, 1, 1, 1, 1, 1, 1, 1, 1, 4.02, 
4.176, 4.251, 4.517, 5.221, 6.381, 6.602, 7.367, 7.849, 7.643, 
7.522), .Dim = c(11L, 40L), .Dimnames = list(NULL, c("Sampling", 
"PSO.cost", "PSO.gamma", "PSO.data.balancing", "PSO.feature.selection", 
"PSO.valid.acc", "PSO.test.acc", "PSO.train.time", "PSO.n.support.vectors", 
"PSO.index", "PSO.n.solutions", "PSO.generations", "PSO.n.evaluations", 
"PSO.cpu.time", "RS.cost", "RS.gamma", "RS.data.balancing", "RS.feature.selection", 
"RS.valid.acc", "RS.test.acc", "RS.train.time", "RS.n.support.vectors", 
"RS.index", "RS.n.solutions", "RS.generations", "RS.n.evaluations", 
"RS.cpu.time", "DF.cost", "DF.gamma", "DF.data.balancing", "DF.feature.selection", 
"DF.valid.acc", "DF.test.acc", "DF.train.time", "DF.n.support.vectors", 
"DF.index", "DF.n.solutions", "DF.generations", "DF.n.evaluations", 
"DF.cpu.time")))
