full <-
structure(c(50, 55, 60, 65, 70, 75, 80, 85, 90, 95, 100, 10.0131, 
0.7838, 15, 13.27792, 1.55588, 4.57239, 5.94171, 9.06938, 14.65407, 
12.98483, 5.95886, -15, -4.7705, -11.7004, -9.27202, -3.69169, 
-5.29135, -8.19076, -7.42059, -11.92567, -11.16473, -5.94571, 
0, 0, 0, 0, 0, 0, 0, 0, 0, 0, 0, 0, 0, 0, 0, 0, 0, 0, 0, 0, 0, 
0, 0.35501, 0.3751, 0.35781, 0.35795, 0.3662, 0.37067, 0.37762, 
0.38083, 0.37257, 0.38466, 0.37277, 0.33503, 0.34701, 0.3458, 
0.3466, 0.34801, 0.32343, 0.35481, 0.33929, 0.36043, 0.3626, 
0.35642, 0.1302, 0.1584, 0.8746, 1.8028, 0.2523, 0.3281, 0.3285, 
0.7656, 1.2061, 0.9105, 0.6114, 434.3, 477.1, 502.4, 535.1, 605.6, 
632.5, 677.3, 697.8, 748.1, 791.8, 828.9, 197, 265, 890, 1500, 
1089, 1254, 1724, 2073, 1465, 1230, 1152, 66, 68, 3, 23, 38, 
15, 9, 5, 1, 4, 29, 100, 100, 100, 100, 100, 100, 100, 100, 100, 
100, 100, 2500, 2500, 2500, 2500, 2500, 2500, 2500, 2500, 2500, 
2500, 2500, 10147.698, 11885.227, 23024.26, 41227.892, 13235.88, 
23580.518, 16458.739, 26173.466, 40611.14, 34717.557, 25763.154, 
5.09852, 0.66311, 12.26065, 0.45138, 1.17173, 3.42883, 6.22949, 
6.83491, 9.36918, 14.93496, 5.85519, -10.02212, -4.63396, -10.37986, 
-3.9714, -3.855, -4.93626, -8.34837, -6.42505, -7.32458, -12.1566, 
-5.94349, 0, 0, 0, 0, 0, 0, 0, 0, 0, 0, 0, 0, 0, 0, 0, 0, 0, 
0, 0, 0, 0, 0, 0.35144, 0.37182, 0.35622, 0.36049, 0.36093, 0.36588, 
0.36965, 0.3776, 0.37152, 0.38182, 0.36824, 0.3296, 0.34204, 
0.33825, 0.34531, 0.35334, 0.33195, 0.35478, 0.34999, 0.37465, 
0.36264, 0.3564, 0.1245, 0.1477, 0.4284, 0.2118, 0.2484, 0.3025, 
0.3292, 0.496, 0.9812, 1.346, 0.6003, 434.3, 477.1, 503.1, 563.5, 
605.7, 637.5, 676.6, 702.4, 736.4, 791.7, 831, 1061, 2346, 781, 
896, 1981, 326, 825, 759, 1294, 1270, 359, 1, 1, 2, 1, 1, 1, 
2, 1, 1, 1, 1, 100, 100, 100, 100, 100, 100, 100, 100, 100, 100, 
100, 2500, 2500, 2500, 2500, 2500, 2500, 2500, 2500, 2500, 2500, 
2500, 11739.369, 12844.022, 13839.254, 16245.017, 17727.284, 
19986.664, 22445.905, 23511.461, 25335.768, 27045.405, 29659.829, 
1, 1, 1, 1, 1, 1, 1, 1, 1, 1, 1, 0.08333, 0.08333, 0.08333, 0.08333, 
0.08333, 0.08333, 0.08333, 0.08333, 0.08333, 0.08333, 0.08333, 
0, 0, 0, 0, 0, 0, 0, 0, 0, 0, 0, 0, 0, 0, 0, 0, 0, 0, 0, 0, 0, 
0, 0.32408, 0.34546, 0.33487, 0.35233, 0.34384, 0.34524, 0.34676, 
0.37115, 0.35547, 0.36258, 0.34452, 0.32054, 0.33373, 0.31696, 
0.3397, 0.35057, 0.348, 0.35469, 0.35283, 0.3484, 0.36841, 0.34453, 
0.1349, 0.1544, 0.1766, 0.2172, 0.2492, 0.269, 0.322, 0.3416, 
0.397, 0.4101, 0.4593, 437.3, 479.3, 522.6, 564.7, 608.8, 652.2, 
696.3, 738.5, 779.3, 824.5, 870.4, 1, 1, 1, 1, 1, 1, 1, 1, 1, 
1, 1, 1, 1, 1, 1, 1, 1, 1, 1, 1, 1, 1, 1, 1, 1, 1, 1, 1, 1, 1, 
1, 1, 1, 1, 1, 1, 1, 1, 1, 1, 1, 1, 1, 1, 3.89, 3.941, 4.122, 
4.755, 5.055, 5.169, 5.968, 6.078, 6.734, 6.647, 7.207), .Dim = c(11L, 
40L), .Dimnames = list(NULL, c("Sampling", "PSO.cost", "PSO.gamma", 
"PSO.data.balancing", "PSO.feature.selection", "PSO.valid.acc", 
"PSO.test.acc", "PSO.train.time", "PSO.n.support.vectors", "PSO.index", 
"PSO.n.solutions", "PSO.generations", "PSO.n.evaluations", "PSO.cpu.time", 
"RS.cost", "RS.gamma", "RS.data.balancing", "RS.feature.selection", 
"RS.valid.acc", "RS.test.acc", "RS.train.time", "RS.n.support.vectors", 
"RS.index", "RS.n.solutions", "RS.generations", "RS.n.evaluations", 
"RS.cpu.time", "DF.cost", "DF.gamma", "DF.data.balancing", "DF.feature.selection", 
"DF.valid.acc", "DF.test.acc", "DF.train.time", "DF.n.support.vectors", 
"DF.index", "DF.n.solutions", "DF.generations", "DF.n.evaluations", 
"DF.cpu.time")))
