full <-
structure(c(50, 55, 60, 65, 70, 75, 80, 85, 90, 95, 100, 1.58866, 
11.41249, 4.39377, 7.15406, 9.88928, 1.98545, 13.32634, 9.0887, 
3.65073, 5.07792, 1.92018, -5.17198, -9.24779, -3.82326, -7.99261, 
-6.64082, -4.12085, -12.04311, -8.91206, -4.71796, -5.84897, 
-5.33667, 0, 0, 0, 0, 0, 0, 0, 0, 0, 0, 0, 0, 0, 0, 0, 0, 0, 
0, 0, 0, 0, 0, 0.356, 0.36356, 0.37135, 0.378, 0.38191, 0.38409, 
0.3728, 0.38817, 0.39282, 0.3857, 0.37371, 0.33067, 0.33501, 
0.34401, 0.33547, 0.34804, 0.3476, 0.35545, 0.3732, 0.3807, 0.34542, 
0.35011, 0.1296, 0.4167, 0.2561, 0.2457, 1.0004, 0.279, 0.6113, 
0.4909, 0.4455, 0.5071, 0.453, 435.1, 458.3, 509.7, 544.3, 569.5, 
643.5, 677.1, 715, 761, 792.9, 858.2, 2270, 781, 947, 940, 2232, 
1825, 748, 750, 1801, 1518, 1936, 2, 53, 44, 32, 25, 3, 42, 73, 
11, 13, 2, 100, 100, 100, 100, 100, 100, 100, 100, 100, 100, 
100, 2500, 2500, 2500, 2500, 2500, 2500, 2500, 2500, 2500, 2500, 
2500, 10872.416, 20155.707, 13370.137, 13300.418, 28997.019, 
19607.871, 28608.211, 32669.452, 24964.629, 22229.513, 36324.388, 
2.19383, 12.15368, 5.1919, 5.14632, 10.0768, 5.08253, 12.28104, 
9.42988, 3.94331, 4.59829, 1.30261, -5.38936, -9.61302, -4.15779, 
-6.8234, -6.71349, -5.84022, -11.49371, -9.03322, -4.86474, -5.70732, 
-4.71274, 0, 0, 0, 0, 0, 0, 0, 0, 0, 0, 0, 0, 0, 0, 0, 0, 0, 
0, 0, 0, 0, 0, 0.34902, 0.36356, 0.36531, 0.3764, 0.38063, 0.37805, 
0.37164, 0.38708, 0.39081, 0.38283, 0.371, 0.33438, 0.33664, 
0.33496, 0.33702, 0.34936, 0.35848, 0.35646, 0.37108, 0.37667, 
0.35213, 0.3574, 0.1313, 0.5098, 0.2729, 0.2283, 1.0361, 0.3272, 
0.5356, 0.5108, 0.4256, 0.4775, 0.4567, 433.2, 458.1, 504, 547.6, 
569.3, 630.2, 677.3, 714.8, 760.4, 795.5, 861.4, 2222, 2420, 
396, 80, 476, 86, 1708, 1066, 1475, 1125, 1096, 1, 1, 1, 1, 1, 
1, 1, 1, 1, 1, 1, 100, 100, 100, 100, 100, 100, 100, 100, 100, 
100, 100, 2500, 2500, 2500, 2500, 2500, 2500, 2500, 2500, 2500, 
2500, 2500, 12093.724, 13398.588, 14591.633, 18000.005, 19458.148, 
21872.264, 23822.062, 25657.759, 28498.815, 30387.127, 31585.038, 
1, 1, 1, 1, 1, 1, 1, 1, 1, 1, 1, 0.08333, 0.08333, 0.08333, 0.08333, 
0.08333, 0.08333, 0.08333, 0.08333, 0.08333, 0.08333, 0.08333, 
0, 0, 0, 0, 0, 0, 0, 0, 0, 0, 0, 0, 0, 0, 0, 0, 0, 0, 0, 0, 0, 
0, 0.32155, 0.32402, 0.3244, 0.33858, 0.34802, 0.34656, 0.34404, 
0.35396, 0.35747, 0.35794, 0.36099, 0.32704, 0.32708, 0.3472, 
0.34652, 0.36368, 0.34416, 0.34407, 0.34952, 0.36053, 0.35211, 
0.34471, 0.1327, 0.1535, 0.1851, 0.2126, 0.2455, 0.2742, 0.3256, 
0.346, 0.4002, 0.4184, 0.4576, 438.4, 481.2, 523.9, 566.6, 610.9, 
653, 697.5, 741.3, 783.5, 825.3, 869.7, 1, 1, 1, 1, 1, 1, 1, 
1, 1, 1, 1, 1, 1, 1, 1, 1, 1, 1, 1, 1, 1, 1, 1, 1, 1, 1, 1, 1, 
1, 1, 1, 1, 1, 1, 1, 1, 1, 1, 1, 1, 1, 1, 1, 1, 3.92, 4.001, 
4.425, 5.578, 5.964, 6.144, 6.964, 7.124, 7.853, 7.667, 8.07), .Dim = c(11L, 
40L), .Dimnames = list(NULL, c("Sampling", "PSO.cost", "PSO.gamma", 
"PSO.data.balancing", "PSO.feature.selection", "PSO.valid.acc", 
"PSO.test.acc", "PSO.train.time", "PSO.n.support.vectors", "PSO.index", 
"PSO.n.solutions", "PSO.generations", "PSO.n.evaluations", "PSO.cpu.time", 
"RS.cost", "RS.gamma", "RS.data.balancing", "RS.feature.selection", 
"RS.valid.acc", "RS.test.acc", "RS.train.time", "RS.n.support.vectors", 
"RS.index", "RS.n.solutions", "RS.generations", "RS.n.evaluations", 
"RS.cpu.time", "DF.cost", "DF.gamma", "DF.data.balancing", "DF.feature.selection", 
"DF.valid.acc", "DF.test.acc", "DF.train.time", "DF.n.support.vectors", 
"DF.index", "DF.n.solutions", "DF.generations", "DF.n.evaluations", 
"DF.cpu.time")))
