full <-
structure(c(50, 55, 60, 65, 70, 75, 80, 85, 90, 95, 100, 6.91877, 
9.68411, 12.4233, 11.91946, 4.63924, 2.35257, 14.38908, 12.18371, 
0.52834, 11.63979, 3.12292, -6.70348, -8.19782, -9.97927, -9.33245, 
-7.22754, -5.51703, -11.32386, -10.60905, -4.5397, -10.25463, 
-4.75316, 0, 0, 0, 0, 0, 0, 0, 0, 0, 0, 0, 0, 0, 0, 0, 0, 0, 
0, 0, 0, 0, 0, 0.41302, 0.41833, 0.42566, 0.42069, 0.40939, 0.40981, 
0.39656, 0.37982, 0.37985, 0.38655, 0.3846, 0.36931, 0.36702, 
0.41057, 0.39558, 0.39505, 0.39295, 0.37729, 0.3723, 0.36587, 
0.37609, 0.37276, 0.1766, 0.3225, 0.546, 0.7096, 0.2463, 0.2821, 
1.1661, 0.6886, 0.3969, 0.8042, 0.5117, 411.5, 450.7, 488.2, 
526.6, 589.9, 636.3, 662.4, 712.1, 781.6, 797.6, 844.4, 1698, 
596, 894, 1696, 1304, 1941, 1242, 1361, 989, 2413, 886, 11, 68, 
4, 4, 89, 21, 1, 12, 71, 1, 66, 100, 100, 100, 100, 100, 100, 
100, 100, 100, 100, 100, 2500, 2500, 2500, 2500, 2500, 2500, 
2500, 2500, 2500, 2500, 2500, 17321.556, 19946.503, 24276.52, 
22279.931, 13974.43, 14172.34, 36263.262, 28538.476, 20949.855, 
35410.709, 41729.338, 8.64704, 10.19314, 13.30374, 6.82765, 4.80161, 
1.45674, 11.9044, 11.41762, 0.45945, 6.06604, 3.05697, -7.63492, 
-8.42795, -10.55452, -6.40195, -7.45733, -5.39293, -10.08094, 
-10.28847, -4.59704, -7.41874, -4.68352, 0, 0, 0, 0, 0, 0, 0, 
0, 0, 0, 0, 0, 0, 0, 0, 0, 0, 0, 0, 0, 0, 0, 0.4112, 0.41339, 
0.42267, 0.41932, 0.40549, 0.40131, 0.39428, 0.37768, 0.37281, 
0.38367, 0.37913, 0.37651, 0.37361, 0.41209, 0.39986, 0.39252, 
0.38078, 0.38071, 0.37227, 0.35985, 0.37325, 0.37369, 0.2266, 
0.3511, 0.6199, 0.3075, 0.245, 0.2779, 0.696, 0.6015, 0.3713, 
0.4603, 0.475, 410.2, 450, 488.4, 530.3, 589.6, 643.3, 663.6, 
712.4, 782.2, 801.9, 844.6, 2354, 154, 1169, 584, 1465, 366, 
2066, 1086, 1125, 30, 1032, 1, 2, 1, 1, 1, 1, 1, 2, 1, 1, 1, 
100, 100, 100, 100, 100, 100, 100, 100, 100, 100, 100, 2500, 
2500, 2500, 2500, 2500, 2500, 2500, 2500, 2500, 2500, 2500, 11522.476, 
12999.439, 14297.972, 16166.93, 17861.259, 19250.936, 20874.581, 
24289.5209999999, 25749.199, 28396.923, 29427.946, 1, 1, 1, 1, 
1, 1, 1, 1, 1, 1, 1, 0.08333, 0.08333, 0.08333, 0.08333, 0.08333, 
0.08333, 0.08333, 0.08333, 0.08333, 0.08333, 0.08333, 0, 0, 0, 
0, 0, 0, 0, 0, 0, 0, 0, 0, 0, 0, 0, 0, 0, 0, 0, 0, 0, 0, 0.34739, 
0.3853, 0.38635, 0.38267, 0.38339, 0.37586, 0.35804, 0.36156, 
0.36283, 0.37231, 0.36296, 0.362, 0.36694, 0.38472, 0.38989, 
0.38102, 0.37723, 0.36713, 0.35312, 0.35665, 0.36756, 0.35557, 
0.131, 0.1556, 0.1873, 0.2168, 0.2499, 0.2666, 0.3265, 0.3394, 
0.4086, 0.4482, 0.4592, 435.9, 478.5, 520.1, 562.6, 608.2, 649.9, 
694.7, 739.6, 783.4, 827.4, 869.4, 1, 1, 1, 1, 1, 1, 1, 1, 1, 
1, 1, 1, 1, 1, 1, 1, 1, 1, 1, 1, 1, 1, 1, 1, 1, 1, 1, 1, 1, 1, 
1, 1, 1, 1, 1, 1, 1, 1, 1, 1, 1, 1, 1, 1, 3.852, 4.014, 4.421, 
4.779, 5.197, 5.178, 6.078, 6.131, 7.04, 7.422, 7.304), .Dim = c(11L, 
40L), .Dimnames = list(NULL, c("Sampling", "PSO.cost", "PSO.gamma", 
"PSO.data.balancing", "PSO.feature.selection", "PSO.valid.acc", 
"PSO.test.acc", "PSO.train.time", "PSO.n.support.vectors", "PSO.index", 
"PSO.n.solutions", "PSO.generations", "PSO.n.evaluations", "PSO.cpu.time", 
"RS.cost", "RS.gamma", "RS.data.balancing", "RS.feature.selection", 
"RS.valid.acc", "RS.test.acc", "RS.train.time", "RS.n.support.vectors", 
"RS.index", "RS.n.solutions", "RS.generations", "RS.n.evaluations", 
"RS.cpu.time", "DF.cost", "DF.gamma", "DF.data.balancing", "DF.feature.selection", 
"DF.valid.acc", "DF.test.acc", "DF.train.time", "DF.n.support.vectors", 
"DF.index", "DF.n.solutions", "DF.generations", "DF.n.evaluations", 
"DF.cpu.time")))
