full <-
structure(c(50, 55, 60, 65, 70, 75, 80, 85, 90, 95, 100, 8.38527, 
2.07491, 14.73572, 14.04594, 7.09523, 5.46422, 15, 6.18949, 9.80515, 
4.90124, 7.65721, -8.09092, -4.24356, -7.35267, -11.77405, -9.70594, 
-7.36597, -11.83508, -6.24709, -9.18332, -6.72311, -6.40713, 
0, 0, 0, 0, 0, 0, 0, 0, 0, 0, 0, 0, 0, 0, 0, 0, 0, 0, 0, 0, 0, 
0, 0.35653, 0.35371, 0.35933, 0.35316, 0.32599, 0.344, 0.36119, 
0.35931, 0.38385, 0.38175, 0.37374, 0.32717, 0.33546, 0.3401, 
0.32273, 0.31314, 0.32091, 0.34187, 0.34121, 0.36869, 0.3588, 
0.36386, 0.1864, 0.1593, 2.9024, 0.5761, 0.2601, 0.2939, 1.1964, 
0.4588, 0.5803, 0.4529, 0.8307, 422.2, 471.4, 476, 549.9, 601.4, 
641.2, 671.1, 712.1, 756.8, 801.7, 824.6, 1099, 2064, 1703, 996, 
432, 368, 438, 873, 1541, 2498, 1355, 5, 15, 28, 7, 55, 12, 3, 
37, 14, 1, 43, 100, 100, 100, 100, 100, 100, 100, 100, 100, 100, 
100, 2500, 2500, 2500, 2500, 2500, 2500, 2500, 2500, 2500, 2500, 
2500, 17234.256, 10922.653, 50928.307, 22567.61, 17895.751, 25482.95, 
34228.156, 21198.001, 33672.708, 32074.471, 29058.711, 9.19829, 
3.93838, 9.1019, 4.77119, 3.42805, 9.59456, 6.11944, 4.79622, 
13.46237, 3.84354, 5.32061, -8.51538, -3.82415, -5.88011, -6.93325, 
-4.73104, -8.95253, -7.36534, -5.56379, -10.99811, -6.18847, 
-5.59032, 0, 0, 0, 0, 0, 0, 0, 0, 0, 0, 0, 0, 0, 0, 0, 0, 0, 
0, 0, 0, 0, 0, 0.35101, 0.35185, 0.3577, 0.34884, 0.3257, 0.34272, 
0.36121, 0.35717, 0.38186, 0.38179, 0.36834, 0.33081, 0.33215, 
0.33529, 0.32677, 0.32434, 0.33182, 0.35202, 0.34231, 0.36667, 
0.36167, 0.35842, 0.2114, 0.2031, 0.5826, 0.2136, 0.2687, 0.4312, 
0.3506, 0.4078, 1.0522, 0.4393, 0.5707, 421.6, 468.2, 489.1, 
554.7, 596.4, 635, 674.6, 716, 756.4, 805.2, 833.4, 1245, 1889, 
337, 2334, 6, 1559, 1077, 1676, 802, 544, 450, 1, 1, 1, 1, 1, 
1, 1, 1, 2, 1, 1, 100, 100, 100, 100, 100, 100, 100, 100, 100, 
100, 100, 2500, 2500, 2500, 2500, 2500, 2500, 2500, 2500, 2500, 
2500, 2500, 11742.379, 13190.041, 14888.255, 16031.35, 17482.96, 
20172.975, 21496.252, 23263.072, 26579.345, 29062.377, 28249.306, 
1, 1, 1, 1, 1, 1, 1, 1, 1, 1, 1, 0.08333, 0.08333, 0.08333, 0.08333, 
0.08333, 0.08333, 0.08333, 0.08333, 0.08333, 0.08333, 0.08333, 
0, 0, 0, 0, 0, 0, 0, 0, 0, 0, 0, 0, 0, 0, 0, 0, 0, 0, 0, 0, 0, 
0, 0.29077, 0.31253, 0.32106, 0.31298, 0.29072, 0.31132, 0.33769, 
0.33152, 0.3455, 0.35311, 0.35185, 0.30529, 0.32076, 0.32131, 
0.31573, 0.32201, 0.30781, 0.32724, 0.3263, 0.33737, 0.34534, 
0.34836, 0.1315, 0.1581, 0.1931, 0.211, 0.2481, 0.2862, 0.3212, 
0.3572, 0.388, 0.4392, 0.472, 437.5, 480.6, 524.3, 567.5, 611.9, 
655.6, 697.6, 741.3, 784.6, 826.8, 867.5, 1, 1, 1, 1, 1, 1, 1, 
1, 1, 1, 1, 1, 1, 1, 1, 1, 1, 1, 1, 1, 1, 1, 1, 1, 1, 1, 1, 1, 
1, 1, 1, 1, 1, 1, 1, 1, 1, 1, 1, 1, 1, 1, 1, 1, 3.778, 4.094, 
4.697, 4.722, 5.153, 5.67, 6.213, 6.595, 6.686, 7.308, 7.6), .Dim = c(11L, 
40L), .Dimnames = list(NULL, c("Sampling", "PSO.cost", "PSO.gamma", 
"PSO.data.balancing", "PSO.feature.selection", "PSO.valid.acc", 
"PSO.test.acc", "PSO.train.time", "PSO.n.support.vectors", "PSO.index", 
"PSO.n.solutions", "PSO.generations", "PSO.n.evaluations", "PSO.cpu.time", 
"RS.cost", "RS.gamma", "RS.data.balancing", "RS.feature.selection", 
"RS.valid.acc", "RS.test.acc", "RS.train.time", "RS.n.support.vectors", 
"RS.index", "RS.n.solutions", "RS.generations", "RS.n.evaluations", 
"RS.cpu.time", "DF.cost", "DF.gamma", "DF.data.balancing", "DF.feature.selection", 
"DF.valid.acc", "DF.test.acc", "DF.train.time", "DF.n.support.vectors", 
"DF.index", "DF.n.solutions", "DF.generations", "DF.n.evaluations", 
"DF.cpu.time")))
