full <-
structure(c(50, 55, 60, 65, 70, 75, 80, 85, 90, 95, 100, 5.61313, 
2.70065, 6.30152, 12.36318, 5.94067, 2.84135, 10.00532, 14.53251, 
0.24947, 0.14936, 5.92343, -7.47771, -11.59786, -8.42691, -6.97715, 
-6.45612, -7.35649, -7.65823, -6.44457, -9.85793, -7.73387, -7.90957, 
0, 0, 0, 0, 0, 0, 0, 0, 0, 0, 0, 0, 0, 0, 0, 0, 0, 0, 0, 0, 0, 
0, 1, 1, 0.99804, 0.99815, 0.99831, 0.99846, 0.99853, 0.99859, 
0.99868, 0.99877, 0.99763, 1, 1, 0.99804, 0.99815, 0.99664, 0.99846, 
0.99706, 0.99579, 0.99868, 0.9975, 0.99644, 0.1109, 0.1323, 0.1282, 
0.1689, 0.2008, 0.1805, 0.1832, 0.2619, 0.2686, 0.2399, 0.2188, 
152.5, 171.2, 136.1, 192.6, 233, 185.7, 177.5, 262.4, 281.1, 
220.1, 183.2, 27, 7, 3, 4, 39, 3, 2, 2, 101, 354, 4, 1664, 1479, 
2043, 1612, 842, 2101, 1989, 664, 277, 250, 1887, 100, 100, 100, 
100, 100, 100, 100, 100, 100, 100, 100, 2500, 2500, 2500, 2500, 
2500, 2500, 2500, 2500, 2500, 2500, 2500, 10183.122, 13501.897, 
13701.025, 14405.318, 15159.814, 15084.335, 15818.857, 16151.474, 
15200.549, 13071.467, 13345.466, 2.56574, 3.55724, 5.48643, 14.61197, 
1.18253, 13.99834, 2.56928, 4.448, -0.43083, -1.0241, 6.83957, 
-9.54571, -10.78674, -13.98856, -8.30767, -9.49969, -13.08226, 
-9.55346, -7.12751, -6.51047, -6.55329, -8.05115, 0, 0, 0, 0, 
0, 0, 0, 0, 0, 0, 0, 0, 0, 0, 0, 0, 0, 0, 0, 0, 0, 0, 1, 1, 0.99804, 
0.99815, 0.99831, 0.99846, 0.99853, 0.99859, 0.99868, 0.99877, 
0.99763, 1, 1, 0.99804, 0.99633, 0.99831, 0.99846, 0.99853, 0.99718, 
0.99737, 0.99877, 0.99644, 0.1001, 0.1187, 0.1401, 0.1389, 0.1661, 
0.1419, 0.1725, 0.2184, 0.2767, 0.3072, 0.2198, 125.3, 128.8, 
165.6, 140, 179.6, 121.5, 153.7, 206.1, 281.3, 302.7, 178.2, 
2, 1, 7, 6, 31, 1, 3, 2, 56, 534, 6, 521, 261, 711, 588, 111, 
1005, 985, 291, 38, 21, 410, 100, 100, 100, 100, 100, 100, 100, 
100, 100, 100, 100, 2500, 2500, 2500, 2500, 2500, 2500, 2500, 
2500, 2500, 2500, 2500, 11791.922, 15176.189, 15902.421, 16623.788, 
17637.778, 18626.097, 18847.482, 19011.867, 18143.195, 19352.758, 
20350.038, 1, 1, 1, 1, 1, 1, 1, 1, 1, 1, 1, 0.01429, 0.01429, 
0.01429, 0.01429, 0.01429, 0.01429, 0.01429, 0.01429, 0.01429, 
0.01429, 0.01429, 0, 0, 0, 0, 0, 0, 0, 0, 0, 0, 0, 0, 0, 0, 0, 
0, 0, 0, 0, 0, 0, 0, 0.99773, 0.99565, 0.99412, 0.9963, 0.99497, 
0.99529, 0.99554, 0.9972, 0.99735, 0.99625, 0.99524, 0.99535, 
0.99565, 0.99412, 0.99448, 0.99497, 0.99687, 0.99701, 0.9972, 
0.99868, 0.99625, 0.99644, 0.144, 0.1668, 0.1882, 0.2027, 0.2229, 
0.241, 0.2672, 0.2783, 0.2956, 0.321, 0.3394, 212.3, 228.4, 241.8, 
252.4, 261, 269.7, 282.4, 291.8, 301.1, 308.2, 313.4, 1, 1, 1, 
1, 1, 1, 1, 1, 1, 1, 1, 1, 1, 1, 1, 1, 1, 1, 1, 1, 1, 1, 1, 1, 
1, 1, 1, 1, 1, 1, 1, 1, 1, 1, 1, 1, 1, 1, 1, 1, 1, 1, 1, 1, 5.428, 
5.764, 5.923, 6.081, 6.396, 6.724, 6.558, 6.382, 5.721, 6.035, 
6.193), .Dim = c(11L, 40L), .Dimnames = list(NULL, c("Sampling", 
"PSO.cost", "PSO.gamma", "PSO.data.balancing", "PSO.feature.selection", 
"PSO.valid.acc", "PSO.test.acc", "PSO.train.time", "PSO.n.support.vectors", 
"PSO.index", "PSO.n.solutions", "PSO.generations", "PSO.n.evaluations", 
"PSO.cpu.time", "RS.cost", "RS.gamma", "RS.data.balancing", "RS.feature.selection", 
"RS.valid.acc", "RS.test.acc", "RS.train.time", "RS.n.support.vectors", 
"RS.index", "RS.n.solutions", "RS.generations", "RS.n.evaluations", 
"RS.cpu.time", "DF.cost", "DF.gamma", "DF.data.balancing", "DF.feature.selection", 
"DF.valid.acc", "DF.test.acc", "DF.train.time", "DF.n.support.vectors", 
"DF.index", "DF.n.solutions", "DF.generations", "DF.n.evaluations", 
"DF.cpu.time")))
