full <-
structure(c(50, 55, 60, 65, 70, 75, 80, 85, 90, 95, 100, 4.18414, 
5.6764, 6.90744, 6.13574, -0.61072, 6.57358, 0.98702, 0.8606, 
1.59081, -2, -0.50026, -11.90487, -14.65396, -5.70184, -15, -7.19241, 
-7.25826, -10.16504, -9.22705, -6.54891, -7.75179, -8.02107, 
0, 0, 0, 0, 0, 0, 0, 0, 0, 0, 0, 0, 0, 0, 0, 0, 0, 0, 0, 0, 0, 
0, 0.99512, 0.99783, 0.99608, 0.99811, 0.99831, 0.99688, 0.99851, 
0.99857, 0.9987, 0.99873, 0.99884, 0.99279, 0.99783, 0.99412, 
0.99451, 0.99831, 0.99685, 0.99851, 0.99857, 0.99605, 0.99747, 
0.99763, 0.1043, 0.1348, 0.1994, 0.1567, 0.1898, 0.1775, 0.2141, 
0.2041, 0.2585, 0.3372, 0.2734, 131.8, 178.7, 262.3, 184.3, 223.9, 
190, 233.8, 202.7, 260.7, 350.7, 257.6, 230, 33, 32, 129, 4, 
11, 2, 35, 54, 107, 11, 156, 311, 439, 531, 1096, 974, 686, 947, 
375, 997, 822, 100, 100, 100, 100, 100, 100, 100, 100, 100, 100, 
100, 2500, 2500, 2500, 2500, 2500, 2500, 2500, 2500, 2500, 2500, 
2500, 11057.129, 11578.713, 12809.475, 11436.707, 12393.738, 
12575.034, 13785.693, 12364.269, 15125.093, 15569.224, 15938.938, 
4.24413, -0.49882, 2.69698, -0.90499, -0.05377, 11.63855, 1.70442, 
8.43464, 0.83506, 0.70245, 3.61631, -12.06409, -7.3624, -5.76051, 
-7.72417, -7.57693, -7.0337, -10.34771, -11.51565, -8.32906, 
-8.79177, -12.88918, 0, 0, 0, 0, 0, 0, 0, 0, 0, 0, 0, 0, 0, 0, 
0, 0, 0, 0, 0, 0, 0, 0, 0.99512, 0.99783, 0.99608, 0.99811, 0.99831, 
0.99688, 0.99851, 0.99857, 0.9987, 0.99873, 0.99884, 0.99279, 
0.9957, 0.99412, 0.99633, 0.99831, 0.99529, 0.99704, 0.99433, 
0.9987, 0.99622, 0.99644, 0.1058, 0.1428, 0.1952, 0.1748, 0.1755, 
0.1857, 0.1929, 0.1571, 0.2065, 0.2266, 0.2676, 134, 194.2, 257.3, 
218.3, 201.2, 202, 199.6, 130.8, 192.9, 208.2, 253.6, 106, 37, 
16, 13, 551, 9, 35, 11, 5, 18, 14, 15, 57, 77, 62, 15, 105, 83, 
222, 67, 61, 86, 100, 100, 100, 100, 100, 100, 100, 100, 100, 
100, 100, 2500, 2500, 2500, 2500, 2500, 2500, 2500, 2500, 2500, 
2500, 2500, 11821.938, 12613.659, 13269.169, 13982.267, 14716.653, 
15636.766, 16657.225, 17255.755, 18025.909, 18994.188, 20175.448, 
1, 1, 1, 1, 1, 1, 1, 1, 1, 1, 1, 0.01429, 0.01429, 0.01429, 0.01429, 
0.01429, 0.01429, 0.01429, 0.01429, 0.01429, 0.01429, 0.01429, 
0, 0, 0, 0, 0, 0, 0, 0, 0, 0, 0, 0, 0, 0, 0, 0, 0, 0, 0, 0, 0, 
0, 0.99279, 0.9957, 0.99404, 0.99444, 0.99492, 0.99531, 0.99554, 
0.99575, 0.9974, 0.99498, 0.99648, 0.99279, 0.9957, 0.99412, 
0.99626, 0.99492, 0.99375, 0.99405, 0.99575, 0.99607, 0.99623, 
0.99528, 0.1431, 0.1622, 0.1777, 0.1971, 0.2166, 0.2355, 0.2568, 
0.2735, 0.2931, 0.3135, 0.3349, 214.4, 226.6, 233.6, 245.5, 259.2, 
269, 280.8, 288.9, 298.2, 308.2, 318.7, 1, 1, 1, 1, 1, 1, 1, 
1, 1, 1, 1, 1, 1, 1, 1, 1, 1, 1, 1, 1, 1, 1, 1, 1, 1, 1, 1, 1, 
1, 1, 1, 1, 1, 1, 1, 1, 1, 1, 1, 1, 1, 1, 1, 1, 4.486, 4.648, 
4.847, 5.051, 5.177, 5.403, 5.667, 5.742, 5.946, 6.122, 6.4), .Dim = c(11L, 
40L), .Dimnames = list(NULL, c("Sampling", "PSO.cost", "PSO.gamma", 
"PSO.data.balancing", "PSO.feature.selection", "PSO.valid.acc", 
"PSO.test.acc", "PSO.train.time", "PSO.n.support.vectors", "PSO.index", 
"PSO.n.solutions", "PSO.generations", "PSO.n.evaluations", "PSO.cpu.time", 
"RS.cost", "RS.gamma", "RS.data.balancing", "RS.feature.selection", 
"RS.valid.acc", "RS.test.acc", "RS.train.time", "RS.n.support.vectors", 
"RS.index", "RS.n.solutions", "RS.generations", "RS.n.evaluations", 
"RS.cpu.time", "DF.cost", "DF.gamma", "DF.data.balancing", "DF.feature.selection", 
"DF.valid.acc", "DF.test.acc", "DF.train.time", "DF.n.support.vectors", 
"DF.index", "DF.n.solutions", "DF.generations", "DF.n.evaluations", 
"DF.cpu.time")))
