full <-
structure(c(50, 55, 60, 65, 70, 75, 80, 85, 90, 95, 100, 14.15974, 
9.81149, 7.19392, 11.32353, 1, 0.89418, 1.60423, 13.80121, -1.21379, 
-0.96337, -0.85279, -11.20813, -12.12009, -6.87618, -6.51431, 
0.01429, -7.52173, -9.76804, -6.83297, -8.84952, -6.58651, -7.40701, 
0, 0, 0, 0, 0, 0, 0, 0, 0, 0, 0, 0, 0, 0, 0, 0, 0, 0, 0, 0, 0, 
0, 0.99762, 0.99787, 0.998, 0.99818, 0.99831, 0.99841, 0.99848, 
0.99861, 0.99737, 0.99875, 0.99882, 0.99762, 0.99787, 0.998, 
0.99633, 0.99831, 0.99841, 0.99848, 0.99439, 0.99472, 0.99875, 
0.99765, 0.0932, 0.1053, 0.1475, 0.1876, 0.2198, 0.1837, 0.178, 
0.2344, 0.3049, 0.2942, 0.2867, 103.4, 108, 185.9, 213.1, 247.4, 
179.2, 178.6, 229.5, 327.6, 295.7, 271, 2, 2, 5, 9, 1, 42, 2, 
11, 153, 32, 230, 1909, 2172, 811, 1446, 527, 579, 682, 695, 
1356, 885, 581, 100, 100, 100, 100, 100, 100, 100, 100, 100, 
100, 100, 2500, 2500, 2500, 2500, 2500, 2500, 2500, 2500, 2500, 
2500, 2500, 10117.241, 10428.557, 11578.466, 14499.678, 16381.438, 
15762.561, 13026.813, 12624.061, 14105.445, 14710.337, 14355.103, 
1.40373, 1.71381, 4.62771, 2.82089, -0.37182, 0.29329, 0.79927, 
1.14039, -1.44347, -1.02818, 0.01648, -9.64873, -7.38699, -12.5344, 
-12.35745, -7.42788, -7.95248, -9.4356, -6.78748, -8.0015, -7.81637, 
-8.09794, 0, 0, 0, 0, 0, 0, 0, 0, 0, 0, 0, 0, 0, 0, 0, 0, 0, 
0, 0, 0, 0, 0, 0.99762, 0.99787, 0.998, 0.99818, 0.99831, 0.99841, 
0.99848, 0.99861, 0.99737, 0.99875, 0.99882, 0.99762, 0.99787, 
0.998, 0.99818, 0.99831, 0.99841, 0.99848, 0.99579, 0.99603, 
0.99875, 0.99644, 0.1076, 0.125, 0.1254, 0.1808, 0.1853, 0.1885, 
0.1913, 0.2232, 0.2891, 0.2824, 0.2502, 145.3, 156, 143.1, 213.5, 
201.7, 185, 200.9, 233.4, 305.7, 281.5, 231.3, 1, 4, 12, 3, 13, 
26, 17, 14, 45, 9, 268, 837, 1007, 267, 110, 360, 128, 141, 160, 
27, 48, 13, 100, 100, 100, 100, 100, 100, 100, 100, 100, 100, 
100, 2500, 2500, 2500, 2500, 2500, 2500, 2500, 2500, 2500, 2500, 
2500, 11516.557, 12291.008, 12861.188, 16554.365, 17284.433, 
17244.231, 15965.044, 16428.872, 17540.452, 18670.057, 19301.273, 
1, 1, 1, 1, 1, 1, 1, 1, 1, 1, 1, 0.01429, 0.01429, 0.01429, 0.01429, 
0.01429, 0.01429, 0.01429, 0.01429, 0.01429, 0.01429, 0.01429, 
0, 0, 0, 0, 0, 0, 0, 0, 0, 0, 0, 0, 0, 0, 0, 0, 0, 0, 0, 0, 0, 
0, 0.99279, 0.9957, 0.99604, 0.99451, 0.99831, 0.99524, 0.99697, 
0.99439, 0.99465, 0.99628, 0.99525, 0.99512, 0.9957, 0.99604, 
0.99636, 0.99831, 0.99683, 0.99697, 0.99298, 0.99733, 0.99628, 
0.99763, 0.1379, 0.1588, 0.1721, 0.2056, 0.2243, 0.2269, 0.2569, 
0.2666, 0.2985, 0.3242, 0.3323, 205.4, 217.9, 226.7, 239.4, 247.4, 
259.4, 273.4, 283.1, 296, 308.8, 316.6, 1, 1, 1, 1, 1, 1, 1, 
1, 1, 1, 1, 1, 1, 1, 1, 1, 1, 1, 1, 1, 1, 1, 1, 1, 1, 1, 1, 1, 
1, 1, 1, 1, 1, 1, 1, 1, 1, 1, 1, 1, 1, 1, 1, 1, 4.325, 4.511, 
4.648, 5.946, 6.246, 5.135, 5.437, 5.244, 5.735, 6.058, 5.864
), .Dim = c(11L, 40L), .Dimnames = list(NULL, c("Sampling", "PSO.cost", 
"PSO.gamma", "PSO.data.balancing", "PSO.feature.selection", "PSO.valid.acc", 
"PSO.test.acc", "PSO.train.time", "PSO.n.support.vectors", "PSO.index", 
"PSO.n.solutions", "PSO.generations", "PSO.n.evaluations", "PSO.cpu.time", 
"RS.cost", "RS.gamma", "RS.data.balancing", "RS.feature.selection", 
"RS.valid.acc", "RS.test.acc", "RS.train.time", "RS.n.support.vectors", 
"RS.index", "RS.n.solutions", "RS.generations", "RS.n.evaluations", 
"RS.cpu.time", "DF.cost", "DF.gamma", "DF.data.balancing", "DF.feature.selection", 
"DF.valid.acc", "DF.test.acc", "DF.train.time", "DF.n.support.vectors", 
"DF.index", "DF.n.solutions", "DF.generations", "DF.n.evaluations", 
"DF.cpu.time")))
