full <-
structure(c(50, 55, 60, 65, 70, 75, 80, 85, 90, 95, 100, 0.70496, 
7.40381, 1, 1, 5.4752, 4.94601, 8.41232, 13.6063, 1, 1, -0.47724, 
-9.557, -14.62523, 0.01429, 0.01429, -12.16689, -12.71809, -8.20213, 
-6.98222, 0.01429, 0.01429, -8.96655, 0, 0, 0, 0, 0, 0, 0, 0, 
0, 0, 0, 0, 0, 0, 0, 0, 0, 0, 0, 0, 0, 0, 1, 1, 1, 0.99815, 1, 
1, 0.99851, 0.99859, 0.99868, 0.99873, 0.99762, 0.99756, 0.99787, 
1, 0.99636, 0.99833, 1, 0.99851, 0.99859, 0.99602, 0.99498, 0.99643, 
0.1175, 0.1173, 0.174, 0.1937, 0.1347, 0.1569, 0.1682, 0.2151, 
0.2951, 0.3205, 0.3052, 169, 129.4, 233.7, 246.9, 133.8, 157, 
160.6, 215, 295.3, 307.7, 294.4, 6, 5, 1, 1, 10, 11, 16, 4, 1, 
1, 8, 974, 1838, 1522, 1465, 799, 842, 450, 1366, 1772, 1668, 
1593, 100, 100, 100, 100, 100, 100, 100, 100, 100, 100, 100, 
2500, 2500, 2500, 2500, 2500, 2500, 2500, 2500, 2500, 2500, 2500, 
10200.926, 10538.574, 11712.744, 12496.701, 11944.725, 12006.709, 
13368.419, 13992.249, 15179.474, 16398.555, 14185.877, 2.62133, 
5.78326, 14.07006, 2.84939, 2.40986, 5.37579, 2.20659, 10.30771, 
12.959, 4.00849, 13.21099, -10.72584, -12.36855, -12.02578, -10.65406, 
-10.13215, -12.21033, -7.69802, -6.34731, -14.83335, -11.31557, 
-9.39264, 0, 0, 0, 0, 0, 0, 0, 0, 0, 0, 0, 0, 0, 0, 0, 0, 0, 
0, 0, 0, 0, 0, 1, 1, 1, 0.99815, 1, 1, 0.99851, 0.99859, 0.99868, 
0.99873, 0.99762, 0.99756, 0.99787, 1, 1, 0.99833, 1, 0.99851, 
0.99859, 0.99733, 0.99873, 0.99762, 0.1078, 0.1114, 0.1098, 0.136, 
0.1481, 0.1469, 0.1861, 0.2548, 0.1635, 0.197, 0.2, 142.1, 119.5, 
116.1, 154.7, 160.1, 139.4, 176, 265.9, 130.8, 159.9, 151.6, 
4, 7, 2, 1, 6, 4, 47, 3, 5, 1, 7, 171, 696, 1066, 1036, 369, 
135, 136, 573, 1111, 1092, 626, 100, 100, 100, 100, 100, 100, 
100, 100, 100, 100, 100, 2500, 2500, 2500, 2500, 2500, 2500, 
2500, 2500, 2500, 2500, 2500, 11532.793, 12239.652, 12593.103, 
13492.213, 14294.466, 15296.256, 16606.448, 17175.288, 18364.221, 
19447.849, 20031.012, 1, 1, 1, 1, 1, 1, 1, 1, 1, 1, 1, 0.01429, 
0.01429, 0.01429, 0.01429, 0.01429, 0.01429, 0.01429, 0.01429, 
0.01429, 0.01429, 0.01429, 0, 0, 0, 0, 0, 0, 0, 0, 0, 0, 0, 0, 
0, 0, 0, 0, 0, 0, 0, 0, 0, 0, 0.99512, 0.99787, 1, 0.99815, 0.99833, 
0.99519, 0.99701, 0.9972, 0.99868, 0.99873, 0.99524, 0.99512, 
0.9957, 1, 0.99636, 0.99833, 1, 0.99851, 0.99859, 0.99602, 0.99498, 
0.99643, 0.147, 0.1589, 0.1736, 0.1951, 0.2124, 0.2317, 0.2584, 
0.2753, 0.2942, 0.3185, 0.3375, 213.2, 223.7, 233.7, 246.9, 256.7, 
268, 280, 288.9, 295.3, 307.7, 315.6, 1, 1, 1, 1, 1, 1, 1, 1, 
1, 1, 1, 1, 1, 1, 1, 1, 1, 1, 1, 1, 1, 1, 1, 1, 1, 1, 1, 1, 1, 
1, 1, 1, 1, 1, 1, 1, 1, 1, 1, 1, 1, 1, 1, 1, 4.431, 4.499, 4.618, 
4.805, 5.088, 5.316, 5.647, 5.566, 6.009, 6.289, 6.264), .Dim = c(11L, 
40L), .Dimnames = list(NULL, c("Sampling", "PSO.cost", "PSO.gamma", 
"PSO.data.balancing", "PSO.feature.selection", "PSO.valid.acc", 
"PSO.test.acc", "PSO.train.time", "PSO.n.support.vectors", "PSO.index", 
"PSO.n.solutions", "PSO.generations", "PSO.n.evaluations", "PSO.cpu.time", 
"RS.cost", "RS.gamma", "RS.data.balancing", "RS.feature.selection", 
"RS.valid.acc", "RS.test.acc", "RS.train.time", "RS.n.support.vectors", 
"RS.index", "RS.n.solutions", "RS.generations", "RS.n.evaluations", 
"RS.cpu.time", "DF.cost", "DF.gamma", "DF.data.balancing", "DF.feature.selection", 
"DF.valid.acc", "DF.test.acc", "DF.train.time", "DF.n.support.vectors", 
"DF.index", "DF.n.solutions", "DF.generations", "DF.n.evaluations", 
"DF.cpu.time")))
