full <-
structure(c(50, 55, 60, 65, 70, 75, 80, 85, 90, 95, 100, 11.01386, 
6.30153, 3.2276, 0.64352, -0.65255, -0.44865, 0.24443, 1.56209, 
2.48644, 0.42737, 5.09923, -13.96012, -15, -11.82788, -8.06084, 
-8.13335, -8.13352, -8.40536, -10.18947, -10.02845, -8.49361, 
-14.11078, 0, 0, 0, 0, 0, 0, 0, 0, 0, 0, 0, 0, 0, 0, 0, 0, 0, 
0, 0, 0, 0, 0, 0.99524, 0.99778, 0.99608, 0.99818, 0.99828, 0.99836, 
0.99851, 0.99859, 0.99867, 0.99877, 0.99882, 0.99048, 0.9956, 
0.99608, 0.99818, 0.99661, 0.99516, 0.99701, 0.9972, 0.99602, 
0.9975, 0.99647, 0.1042, 0.1269, 0.1421, 0.1564, 0.1942, 0.1956, 
0.1971, 0.214, 0.197, 0.2369, 0.2542, 104.2, 160.4, 169.6, 169.2, 
223.2, 222, 205.4, 204.4, 174.2, 215.8, 235.9, 2, 88, 57, 101, 
18, 165, 189, 6, 41, 94, 19, 2152, 141, 873, 173, 368, 471, 416, 
590, 444, 931, 307, 100, 100, 100, 100, 100, 100, 100, 100, 100, 
100, 100, 2500, 2500, 2500, 2500, 2500, 2500, 2500, 2500, 2500, 
2500, 2500, 10119.099, 10904.311, 11540.843, 12159.097, 12918.425, 
12857.09, 12506.612, 13652.578, 13216.436, 14041.469, 15734.717, 
7.19915, 0.99941, 1.60834, 6.43812, 3.6794, 1.24456, 1.73622, 
0.88407, 1.85486, 0.82422, -0.16493, -9.62527, -9.02321, -10.35945, 
-14.28815, -12.56276, -9.63036, -10.26611, -9.44068, -9.50911, 
-8.07758, -8.36456, 0, 0, 0, 0, 0, 0, 0, 0, 0, 0, 0, 0, 0, 0, 
0, 0, 0, 0, 0, 0, 0, 0, 0.99524, 0.99778, 0.99608, 0.99633, 0.99828, 
0.99836, 0.99851, 0.99859, 0.99867, 0.99877, 0.99882, 0.99286, 
0.9956, 0.99608, 0.99633, 0.99661, 0.99516, 0.99701, 0.9972, 
0.99602, 0.9975, 0.99765, 0.097, 0.1248, 0.144, 0.1452, 0.1783, 
0.176, 0.1945, 0.218, 0.1983, 0.2271, 0.2671, 110.6, 152.7, 178.9, 
149.5, 191.1, 188.4, 196.7, 208.2, 183.9, 198.4, 247.8, 7, 95, 
94, 29, 203, 96, 244, 135, 15, 147, 29, 545, 33, 59, 65, 53, 
42, 12, 29, 95, 43, 34, 100, 100, 100, 100, 100, 100, 100, 100, 
100, 100, 100, 2500, 2500, 2500, 2500, 2500, 2500, 2500, 2500, 
2500, 2500, 2500, 11972.064, 12714.378, 13454.352, 14263.232, 
15023.054, 15997.219, 16520.983, 17320.453, 18258.336, 19385.554, 
20115.315, 1, 1, 1, 1, 1, 1, 1, 1, 1, 1, 1, 0.01429, 0.01429, 
0.01429, 0.01429, 0.01429, 0.01429, 0.01429, 0.01429, 0.01429, 
0.01429, 0.01429, 0, 0, 0, 0, 0, 0, 0, 0, 0, 0, 0, 0, 0, 0, 0, 
0, 0, 0, 0, 0, 0, 0, 0.99286, 0.98913, 0.99004, 0.99094, 0.98974, 
0.99047, 0.99107, 0.99302, 0.99468, 0.99377, 0.99409, 0.99524, 
0.99135, 0.99011, 0.99458, 0.99488, 0.99365, 0.99107, 0.99442, 
0.99468, 0.99627, 0.99527, 0.1427, 0.1625, 0.1891, 0.1994, 0.2127, 
0.2323, 0.2626, 0.2702, 0.3061, 0.3202, 0.334, 208.9, 223.5, 
236.9, 245.9, 256.5, 267.3, 281.4, 286.5, 300.1, 306.6, 315.1, 
1, 1, 1, 1, 1, 1, 1, 1, 1, 1, 1, 1, 1, 1, 1, 1, 1, 1, 1, 1, 1, 
1, 1, 1, 1, 1, 1, 1, 1, 1, 1, 1, 1, 1, 1, 1, 1, 1, 1, 1, 1, 1, 
1, 1, 4.524, 4.74, 5.112, 4.921, 5.281, 5.552, 5.758, 5.711, 
6.085, 6.246, 6.007), .Dim = c(11L, 40L), .Dimnames = list(NULL, 
    c("Sampling", "PSO.cost", "PSO.gamma", "PSO.data.balancing", 
    "PSO.feature.selection", "PSO.valid.acc", "PSO.test.acc", 
    "PSO.train.time", "PSO.n.support.vectors", "PSO.index", "PSO.n.solutions", 
    "PSO.generations", "PSO.n.evaluations", "PSO.cpu.time", "RS.cost", 
    "RS.gamma", "RS.data.balancing", "RS.feature.selection", 
    "RS.valid.acc", "RS.test.acc", "RS.train.time", "RS.n.support.vectors", 
    "RS.index", "RS.n.solutions", "RS.generations", "RS.n.evaluations", 
    "RS.cpu.time", "DF.cost", "DF.gamma", "DF.data.balancing", 
    "DF.feature.selection", "DF.valid.acc", "DF.test.acc", "DF.train.time", 
    "DF.n.support.vectors", "DF.index", "DF.n.solutions", "DF.generations", 
    "DF.n.evaluations", "DF.cpu.time")))
