full <-
structure(c(50, 55, 60, 65, 70, 75, 80, 85, 90, 95, 100, 1, 1, 
1, 1, 9.6712, -1.09032, 2.25203, 4.87916, -2, 6.67329, 13.55857, 
0.01429, 0.01429, 0.01429, 0.01429, -7.20692, -6.9891, -8.67247, 
-6.69613, -7.10784, -8.31377, -10.60226, 0, 0, 0, 0, 0, 0, 0, 
0, 0, 0, 0, 0, 0, 0, 0, 0, 0, 0, 0, 0, 0, 0, 1, 1, 1, 1, 1, 1, 
1, 0.99859, 0.99868, 0.99753, 0.9988, 1, 1, 1, 0.99815, 0.99833, 
0.99677, 0.99851, 0.99859, 0.99604, 0.99628, 0.99759, 0.1457, 
0.1675, 0.177, 0.1926, 0.1628, 0.2206, 0.1665, 0.2314, 0.3057, 
0.2009, 0.1951, 209.6, 221.3, 232.2, 240.2, 180.5, 246.5, 149.6, 
233.4, 322.3, 168.1, 144, 1, 1, 1, 1, 5, 4, 1929, 3, 216, 3, 
4, 1645, 946, 1265, 1477, 1088, 1611, 2, 1573, 534, 1633, 1675, 
100, 100, 100, 100, 100, 100, 100, 100, 100, 100, 100, 2500, 
2500, 2500, 2500, 2500, 2500, 2500, 2500, 2500, 2500, 2500, 13038.559, 
14882.34, 14321.634, 14294.866, 14052.176, 13931.942, 14378.992, 
15328.287, 17456.163, 15165.431, 14205.59, 13.85059, -0.54082, 
1.05646, 11.56073, 10.3856, 8.61999, 13.82956, 7.67128, -1.97824, 
4.25645, 14.18057, -13.49174, -9.41183, -6.47804, -12.44582, 
-6.45491, -8.4353, -7.75297, -8.13559, -6.88515, -6.65933, -11.56617, 
0, 0, 0, 0, 0, 0, 0, 0, 0, 0, 0, 0, 0, 0, 0, 0, 0, 0, 0, 0, 0, 
0, 1, 1, 1, 1, 1, 1, 0.99851, 0.99859, 0.99868, 0.99753, 0.9988, 
1, 0.99787, 1, 0.99815, 1, 0.99524, 0.99851, 0.99859, 0.99604, 
0.99753, 0.99759, 0.101, 0.1663, 0.1619, 0.1198, 0.1962, 0.157, 
0.1821, 0.176, 0.3066, 0.2745, 0.1867, 107.9, 232.1, 206, 111.6, 
227.2, 149.7, 168, 159, 322.5, 256.2, 140.3, 1, 6, 3, 2, 2, 1, 
3, 1, 470, 2, 3, 887, 345, 619, 839, 397, 579, 399, 946, 1, 654, 
307, 100, 100, 100, 100, 100, 100, 100, 100, 100, 100, 100, 2500, 
2500, 2500, 2500, 2500, 2500, 2500, 2500, 2500, 2500, 2500, 14144.778, 
14504.476, 15212.695, 15970.233, 16976.108, 17516.257, 18274.175, 
18705.671, 19673.851, 21411.375, 21914.171, 1, 1, 1, 1, 1, 1, 
1, 1, 1, 1, 1, 0.01429, 0.01429, 0.01429, 0.01429, 0.01429, 0.01429, 
0.01429, 0.01429, 0.01429, 0.01429, 0.01429, 0, 0, 0, 0, 0, 0, 
0, 0, 0, 0, 0, 0, 0, 0, 0, 0, 0, 0, 0, 0, 0, 0, 1, 1, 1, 1, 0.99833, 
0.99841, 0.99699, 0.99579, 0.99737, 0.99627, 0.99646, 1, 1, 1, 
0.99815, 1, 0.99677, 0.99699, 0.99859, 0.99868, 0.99627, 0.99528, 
0.1465, 0.1663, 0.1742, 0.1947, 0.2163, 0.2425, 0.2532, 0.2794, 
0.2956, 0.3228, 0.3387, 209.6, 221.3, 232.2, 240.2, 251.9, 267.1, 
275, 282, 294.7, 304.9, 317.2, 1, 1, 1, 1, 1, 1, 1, 1, 1, 1, 
1, 1, 1, 1, 1, 1, 1, 1, 1, 1, 1, 1, 1, 1, 1, 1, 1, 1, 1, 1, 1, 
1, 1, 1, 1, 1, 1, 1, 1, 1, 1, 1, 1, 1, 5.382, 5.555, 5.575, 5.813, 
5.829, 6.108, 6.339, 6.572, 6.491, 7.024, 6.974), .Dim = c(11L, 
40L), .Dimnames = list(NULL, c("Sampling", "PSO.cost", "PSO.gamma", 
"PSO.data.balancing", "PSO.feature.selection", "PSO.valid.acc", 
"PSO.test.acc", "PSO.train.time", "PSO.n.support.vectors", "PSO.index", 
"PSO.n.solutions", "PSO.generations", "PSO.n.evaluations", "PSO.cpu.time", 
"RS.cost", "RS.gamma", "RS.data.balancing", "RS.feature.selection", 
"RS.valid.acc", "RS.test.acc", "RS.train.time", "RS.n.support.vectors", 
"RS.index", "RS.n.solutions", "RS.generations", "RS.n.evaluations", 
"RS.cpu.time", "DF.cost", "DF.gamma", "DF.data.balancing", "DF.feature.selection", 
"DF.valid.acc", "DF.test.acc", "DF.train.time", "DF.n.support.vectors", 
"DF.index", "DF.n.solutions", "DF.generations", "DF.n.evaluations", 
"DF.cpu.time")))
