full <-
structure(c(50, 55, 60, 65, 70, 75, 80, 85, 90, 95, 100, 4.36312, 
0.14703, 5.15579, 1.60795, 1, 6.48274, 3.56201, 1.66532, -0.19727, 
5.21767, -1.10775, -11.51434, -7.55451, -12.66454, -7.16972, 
0.01429, -6.79948, -11.15918, -10.12574, -7.92801, -6.24263, 
-7.79986, 0, 0, 0, 0, 0, 0, 0, 0, 0, 0, 0, 0, 0, 0, 0, 0, 0, 
0, 0, 0, 0, 0, 0.99762, 0.9957, 0.99796, 0.99633, 0.99828, 0.9969, 
0.99701, 0.9972, 0.99733, 0.99875, 0.99881, 0.99524, 0.9957, 
0.99396, 0.99451, 0.99489, 0.9969, 0.99701, 0.99581, 0.99865, 
0.99875, 0.99762, 0.1069, 0.1354, 0.1243, 0.161, 0.221, 0.209, 
0.1663, 0.2074, 0.2327, 0.3005, 0.3056, 118.2, 171.6, 136.7, 
184.8, 262.6, 221.9, 160.5, 203.2, 228.8, 297.4, 293.3, 51, 16, 
217, 10, 1, 3, 10, 2, 2, 45, 194, 530, 995, 93, 1244, 448, 569, 
970, 2054, 1201, 443, 216, 100, 100, 100, 100, 100, 100, 100, 
100, 100, 100, 100, 2500, 2500, 2500, 2500, 2500, 2500, 2500, 
2500, 2500, 2500, 2500, 10979.813, 11810.702, 11836.001, 12620.478, 
14113.14, 14419.078, 13560.182, 13590.404, 15567.843, 16018.706, 
15250.869, 4.40643, 0.26786, 2.36625, 6.57422, 2.29302, 12.93696, 
3.44595, 8.41673, 11.99727, -0.47144, -0.48679, -11.86588, -7.58477, 
-9.80605, -7.03695, -8.85531, -6.56308, -10.07871, -12.89676, 
-6.57967, -6.73027, -8.71597, 0, 0, 0, 0, 0, 0, 0, 0, 0, 0, 0, 
0, 0, 0, 0, 0, 0, 0, 0, 0, 0, 0, 0.99762, 0.9957, 0.99796, 0.99633, 
0.99828, 0.9969, 0.99701, 0.9972, 0.99733, 0.99875, 0.99881, 
0.99524, 0.9957, 0.99396, 0.99451, 0.99658, 0.9969, 0.99701, 
0.9972, 0.99733, 0.99875, 0.99881, 0.1064, 0.1363, 0.1268, 0.1664, 
0.1517, 0.2159, 0.1666, 0.157, 0.2669, 0.289, 0.2861, 123.5, 
169.5, 144.6, 190.7, 152.6, 238.3, 146.7, 132, 259.8, 279.8, 
280.3, 44, 4, 296, 42, 4, 4, 1, 3, 6, 89, 567, 65, 178, 5, 83, 
329, 170, 350, 976, 96, 26, 3, 100, 100, 100, 100, 100, 100, 
100, 100, 100, 100, 100, 2500, 2500, 2500, 2500, 2500, 2500, 
2500, 2500, 2500, 2500, 2500, 12428.293, 13157.108, 13768.65, 
14682.536, 15333.15, 16466.221, 17160.746, 18044.584, 18853.362, 
19958.979, 20729.263, 1, 1, 1, 1, 1, 1, 1, 1, 1, 1, 1, 0.01429, 
0.01429, 0.01429, 0.01429, 0.01429, 0.01429, 0.01429, 0.01429, 
0.01429, 0.01429, 0.01429, 0, 0, 0, 0, 0, 0, 0, 0, 0, 0, 0, 0, 
0, 0, 0, 0, 0, 0, 0, 0, 0, 0, 0.99048, 0.99357, 0.994, 0.99454, 
0.99828, 0.99372, 0.99251, 0.99304, 0.996, 0.99623, 0.99643, 
0.99286, 0.9914, 0.994, 0.99272, 0.99489, 0.99529, 0.99401, 0.99581, 
0.99733, 0.99748, 0.99643, 0.1531, 0.1671, 0.1799, 0.2026, 0.2208, 
0.242, 0.2641, 0.2766, 0.2902, 0.3105, 0.3378, 216.6, 230.9, 
244.1, 252.3, 262.6, 271.3, 280.9, 291.9, 301.3, 310.7, 316.4, 
1, 1, 1, 1, 1, 1, 1, 1, 1, 1, 1, 1, 1, 1, 1, 1, 1, 1, 1, 1, 1, 
1, 1, 1, 1, 1, 1, 1, 1, 1, 1, 1, 1, 1, 1, 1, 1, 1, 1, 1, 1, 1, 
1, 1, 4.771, 4.948, 5.031, 5.283, 5.469, 5.733, 5.917, 5.997, 
6.124, 6.328, 6.633), .Dim = c(11L, 40L), .Dimnames = list(NULL, 
    c("Sampling", "PSO.cost", "PSO.gamma", "PSO.data.balancing", 
    "PSO.feature.selection", "PSO.valid.acc", "PSO.test.acc", 
    "PSO.train.time", "PSO.n.support.vectors", "PSO.index", "PSO.n.solutions", 
    "PSO.generations", "PSO.n.evaluations", "PSO.cpu.time", "RS.cost", 
    "RS.gamma", "RS.data.balancing", "RS.feature.selection", 
    "RS.valid.acc", "RS.test.acc", "RS.train.time", "RS.n.support.vectors", 
    "RS.index", "RS.n.solutions", "RS.generations", "RS.n.evaluations", 
    "RS.cpu.time", "DF.cost", "DF.gamma", "DF.data.balancing", 
    "DF.feature.selection", "DF.valid.acc", "DF.test.acc", "DF.train.time", 
    "DF.n.support.vectors", "DF.index", "DF.n.solutions", "DF.generations", 
    "DF.n.evaluations", "DF.cpu.time")))
