full <-
structure(c(50, 55, 60, 65, 70, 75, 80, 85, 90, 95, 100, 6.48572, 
9.38337, 0.82228, 14.61702, 3.75052, 10.72025, -0.03406, 3.20563, 
0.39224, 3.08351, 11.24803, -6.85383, -7.41763, -6.76211, -7.35267, 
-8.07886, -8.57181, -8.31148, -11.93293, -8.42835, -6.83861, 
-8.37233, 0, 0, 0, 0, 0, 0, 0, 0, 0, 0, 0, 0, 0, 0, 0, 0, 0, 
0, 0, 0, 0, 0, 1, 1, 1, 1, 0.99828, 0.99844, 0.99848, 0.99861, 
0.99868, 0.99875, 0.99881, 1, 0.99783, 1, 1, 0.99828, 0.99211, 
0.99848, 0.99722, 0.99737, 0.99625, 0.99763, 0.1226, 0.1282, 
0.1553, 0.1502, 0.1502, 0.154, 0.2103, 0.2122, 0.2198, 0.2545, 
0.21, 169.8, 161.4, 197.2, 177.7, 159.7, 149.3, 215.9, 206.5, 
207, 240.4, 167.2, 34, 30, 8, 12, 24, 2, 484, 39, 31, 3, 10, 
1295, 1397, 978, 977, 1360, 859, 368, 235, 663, 1111, 1377, 100, 
100, 100, 100, 100, 100, 100, 100, 100, 100, 100, 2500, 2500, 
2500, 2500, 2500, 2500, 2500, 2500, 2500, 2500, 2500, 10586.012, 
10974.276, 11470.995, 11985.405, 12155.944, 12153.579, 13456.713, 
13062.315, 14078.532, 15033.662, 14947.432, 14.18614, 7.43814, 
2.59108, 14.02582, 4.94794, -0.90085, -0.93418, 4.97662, 13.64873, 
-0.25866, 6.98327, -7.12832, -6.63102, -6.67304, -7.97972, -7.71613, 
-6.9183, -8.13276, -13.68204, -6.37815, -6.9405, -6.58206, 0, 
0, 0, 0, 0, 0, 0, 0, 0, 0, 0, 0, 0, 0, 0, 0, 0, 0, 0, 0, 0, 0, 
1, 1, 1, 1, 0.99828, 0.99844, 0.99848, 0.99861, 0.99868, 0.99875, 
0.99881, 1, 0.99783, 1, 1, 0.99828, 0.99682, 0.99704, 0.99722, 
0.99868, 0.99875, 0.99881, 0.118, 0.1472, 0.1605, 0.1429, 0.1636, 
0.2134, 0.2403, 0.2099, 0.2858, 0.2662, 0.2923, 158.4, 194.4, 
201.9, 156.1, 170.4, 243.3, 258.5, 202.8, 269.8, 257.7, 271.8, 
100, 30, 43, 4, 13, 14, 11, 479, 23, 14, 4, 39, 153, 83, 335, 
281, 236, 8, 17, 121, 290, 327, 100, 100, 100, 100, 100, 100, 
100, 100, 100, 100, 100, 2500, 2500, 2500, 2500, 2500, 2500, 
2500, 2500, 2500, 2500, 2500, 11696.947, 12667.137, 13049.46, 
13795.765, 14996.201, 15745.452, 16261.577, 17182.584, 18444.768, 
19398.464, 20083.376, 1, 1, 1, 1, 1, 1, 1, 1, 1, 1, 1, 0.01429, 
0.01429, 0.01429, 0.01429, 0.01429, 0.01429, 0.01429, 0.01429, 
0.01429, 0.01429, 0.01429, 0, 0, 0, 0, 0, 0, 0, 0, 0, 0, 0, 0, 
0, 0, 0, 0, 0, 0, 0, 0, 0, 0, 0.99529, 0.99783, 0.998, 0.99636, 
0.99661, 0.99367, 0.99407, 0.99302, 0.99737, 0.9975, 0.99646, 
0.99529, 0.99783, 0.998, 0.99821, 0.99489, 0.99367, 0.99407, 
0.99444, 0.99605, 0.99627, 0.99528, 0.1395, 0.1589, 0.1735, 0.2057, 
0.2159, 0.2432, 0.2565, 0.2816, 0.2939, 0.3169, 0.3354, 206.7, 
219.7, 233.1, 247.8, 259.7, 270.3, 281.8, 287.2, 292.5, 305.2, 
317.2, 1, 1, 1, 1, 1, 1, 1, 1, 1, 1, 1, 1, 1, 1, 1, 1, 1, 1, 
1, 1, 1, 1, 1, 1, 1, 1, 1, 1, 1, 1, 1, 1, 1, 1, 1, 1, 1, 1, 1, 
1, 1, 1, 1, 1, 4.411, 4.641, 4.782, 5.082, 5.258, 5.466, 5.301, 
5.826, 5.962, 6.269, 6.041), .Dim = c(11L, 40L), .Dimnames = list(
    NULL, c("Sampling", "PSO.cost", "PSO.gamma", "PSO.data.balancing", 
    "PSO.feature.selection", "PSO.valid.acc", "PSO.test.acc", 
    "PSO.train.time", "PSO.n.support.vectors", "PSO.index", "PSO.n.solutions", 
    "PSO.generations", "PSO.n.evaluations", "PSO.cpu.time", "RS.cost", 
    "RS.gamma", "RS.data.balancing", "RS.feature.selection", 
    "RS.valid.acc", "RS.test.acc", "RS.train.time", "RS.n.support.vectors", 
    "RS.index", "RS.n.solutions", "RS.generations", "RS.n.evaluations", 
    "RS.cpu.time", "DF.cost", "DF.gamma", "DF.data.balancing", 
    "DF.feature.selection", "DF.valid.acc", "DF.test.acc", "DF.train.time", 
    "DF.n.support.vectors", "DF.index", "DF.n.solutions", "DF.generations", 
    "DF.n.evaluations", "DF.cpu.time")))
