full <-
structure(c(50, 55, 60, 65, 70, 75, 80, 85, 90, 95, 100, 0.69114, 
1.61087, 5.3429, 1, 13.01807, 1, 4.72594, 1, 1.90726, 3.22198, 
2.9899, -7.65288, -11.35885, -7.86766, 0.01429, -6.40647, 0.01429, 
-11.8953, 0.01429, -11.64408, -12.06365, -12.20887, 0, 0, 0, 
0, 0, 0, 0, 0, 0, 0, 0, 0, 0, 0, 0, 0, 0, 0, 0, 0, 0, 0, 0.99756, 
0.99565, 0.99808, 0.99636, 0.99831, 0.99841, 0.99851, 0.99859, 
0.9987, 0.99875, 0.99884, 0.99512, 0.98918, 0.99608, 0.99451, 
0.99831, 0.99683, 0.99851, 0.99718, 0.99737, 0.99875, 0.99766, 
0.114, 0.1474, 0.1289, 0.2001, 0.2026, 0.2514, 0.1619, 0.2863, 
0.2668, 0.2333, 0.2699, 151, 208.8, 149.5, 250.8, 244.1, 276, 
147.6, 293.9, 275.7, 219.3, 249, 661, 9, 14, 1, 3, 1, 2, 1, 22, 
18, 24, 292, 1234, 882, 896, 1801, 1017, 1836, 1393, 392, 914, 
542, 100, 100, 100, 100, 100, 100, 100, 100, 100, 100, 100, 2500, 
2500, 2500, 2500, 2500, 2500, 2500, 2500, 2500, 2500, 2500, 10598.272, 
11094.005, 11685.279, 12696.68, 14058.106, 16624.364, 13095.572, 
18068.425, 14968.086, 14672.908, 16188.924, 0.9609, 4.3774, 4.17699, 
11.60478, 6.00672, 0.93802, 6.02627, 5.89327, 2.71548, 0.38338, 
5.55155, -7.7125, -11.26932, -11.34498, -8.18768, -6.78209, -10.26298, 
-10.35863, -6.30294, -12.2836, -8.26861, -14.71146, 0, 0, 0, 
0, 0, 0, 0, 0, 0, 0, 0, 0, 0, 0, 0, 0, 0, 0, 0, 0, 0, 0, 0.99756, 
0.99565, 0.99808, 0.99636, 0.99831, 0.99841, 0.99851, 0.99859, 
0.9987, 0.99875, 0.99884, 0.99512, 0.99565, 0.99608, 0.99633, 
0.99831, 0.99841, 0.99548, 0.99859, 0.99737, 0.9975, 0.99766, 
0.1106, 0.109, 0.1174, 0.1369, 0.197, 0.212, 0.1534, 0.2687, 
0.2562, 0.229, 0.2672, 146.6, 121.6, 126.9, 147.6, 217.5, 229.5, 
132.1, 277.3, 260.7, 211.8, 243.1, 45, 1, 1, 3, 11, 10, 1, 2, 
81, 4, 146, 5, 193, 262, 469, 461, 572, 930, 957, 47, 108, 58, 
100, 100, 100, 100, 100, 100, 100, 100, 100, 100, 100, 2500, 
2500, 2500, 2500, 2500, 2500, 2500, 2500, 2500, 2500, 2500, 11751.928, 
12534.653, 13125.748, 13957.9, 17386.526, 18499.852, 18608.861, 
19723.749, 18420.083, 19406.804, 22502.26, 1, 1, 1, 1, 1, 1, 
1, 1, 1, 1, 1, 0.01429, 0.01429, 0.01429, 0.01429, 0.01429, 0.01429, 
0.01429, 0.01429, 0.01429, 0.01429, 0.01429, 0, 0, 0, 0, 0, 0, 
0, 0, 0, 0, 0, 0, 0, 0, 0, 0, 0, 0, 0, 0, 0, 0, 0.99274, 0.99348, 
0.99208, 0.99636, 0.99492, 0.99841, 0.99706, 0.99859, 0.99472, 
0.99625, 0.99648, 0.99512, 0.99348, 0.99008, 0.99451, 0.99492, 
0.99683, 0.99706, 0.99718, 0.99339, 0.99498, 0.99531, 0.1399, 
0.1614, 0.1796, 0.1967, 0.2292, 0.2536, 0.2674, 0.2846, 0.2971, 
0.318, 0.352, 212.5, 227.8, 238.5, 250.8, 264.6, 276, 287.1, 
293.9, 298.5, 308.2, 318.4, 1, 1, 1, 1, 1, 1, 1, 1, 1, 1, 1, 
1, 1, 1, 1, 1, 1, 1, 1, 1, 1, 1, 1, 1, 1, 1, 1, 1, 1, 1, 1, 1, 
1, 1, 1, 1, 1, 1, 1, 1, 1, 1, 1, 1, 4.463, 4.643, 4.858, 5.037, 
6.255, 6.546, 6.706, 6.809, 5.988, 6.206, 7.343), .Dim = c(11L, 
40L), .Dimnames = list(NULL, c("Sampling", "PSO.cost", "PSO.gamma", 
"PSO.data.balancing", "PSO.feature.selection", "PSO.valid.acc", 
"PSO.test.acc", "PSO.train.time", "PSO.n.support.vectors", "PSO.index", 
"PSO.n.solutions", "PSO.generations", "PSO.n.evaluations", "PSO.cpu.time", 
"RS.cost", "RS.gamma", "RS.data.balancing", "RS.feature.selection", 
"RS.valid.acc", "RS.test.acc", "RS.train.time", "RS.n.support.vectors", 
"RS.index", "RS.n.solutions", "RS.generations", "RS.n.evaluations", 
"RS.cpu.time", "DF.cost", "DF.gamma", "DF.data.balancing", "DF.feature.selection", 
"DF.valid.acc", "DF.test.acc", "DF.train.time", "DF.n.support.vectors", 
"DF.index", "DF.n.solutions", "DF.generations", "DF.n.evaluations", 
"DF.cpu.time")))
