full <-
structure(c(50, 55, 60, 65, 70, 75, 80, 85, 90, 95, 100, 1, 10.49504, 
6.75403, 10.45604, 1, 11.37588, 1, 1, -0.93009, -0.83156, 0.31657, 
0.01429, -8.93603, -9.75965, -7.88321, 0.01429, -7.64562, 0.01429, 
0.01429, -6.38551, -7.53499, -8.05221, 0, 0, 0, 0, 0, 0, 0, 0, 
0, 0, 0, 0, 0, 0, 0, 0, 0, 0, 0, 0, 0, 0, 0.99762, 0.99783, 0.99804, 
0.99815, 0.99828, 0.99841, 0.99846, 0.99859, 0.99868, 0.99873, 
0.99882, 0.99529, 0.99783, 0.99612, 0.9963, 0.99828, 0.99841, 
0.99846, 0.99859, 0.99739, 0.9962, 0.99646, 0.1428, 0.1128, 0.1183, 
0.1476, 0.2192, 0.1749, 0.2699, 0.2873, 0.3103, 0.2763, 0.2514, 
205.4, 124.3, 123, 158.3, 256.2, 170.6, 275.2, 288.4, 296.8, 
265.4, 219.1, 1, 3, 8, 11, 1, 3, 1, 1, 28, 15, 144, 1635, 1919, 
1839, 979, 482, 1787, 1538, 651, 649, 725, 631, 100, 100, 100, 
100, 100, 100, 100, 100, 100, 100, 100, 2500, 2500, 2500, 2500, 
2500, 2500, 2500, 2500, 2500, 2500, 2500, 13065.473, 12724.868, 
10833.537, 11509.815, 13786.978, 15058.942, 15771.56, 18097.598, 
17130.805, 17433.289, 16435.564, 4.39619, 12.02615, 9.52675, 
11.66739, 1.81127, -0.03751, 8.64223, 5.47994, 2.55611, -1.09271, 
-0.02665, -10.66809, -12.3909, -11.01601, -7.53198, -6.4172, 
-7.20654, -10.3731, -6.93607, -10.77334, -8.34682, -7.889, 0, 
0, 0, 0, 0, 0, 0, 0, 0, 0, 0, 0, 0, 0, 0, 0, 0, 0, 0, 0, 0, 0, 
0.99762, 0.99783, 0.99804, 0.99815, 0.99828, 0.99841, 0.99846, 
0.99859, 0.99868, 0.99873, 0.99882, 0.99762, 0.99783, 0.99612, 
0.99815, 0.99828, 0.99841, 0.99846, 0.99859, 0.99735, 0.9962, 
0.99882, 0.0997, 0.1083, 0.1177, 0.1532, 0.2066, 0.1953, 0.1652, 
0.2254, 0.2085, 0.3098, 0.2604, 108.1, 111.5, 117.5, 170.6, 231, 
209.3, 133.1, 221.1, 191.4, 302.5, 232.3, 1, 1, 2, 2, 8, 1, 2, 
8, 32, 18, 47, 984, 755, 848, 224, 269, 747, 990, 287, 70, 44, 
11, 100, 100, 100, 100, 100, 100, 100, 100, 100, 100, 100, 2500, 
2500, 2500, 2500, 2500, 2500, 2500, 2500, 2500, 2500, 2500, 13874.942, 
14484.292, 12904.848, 13776.429, 16472.858, 18170.128, 18267.348, 
19363.863, 20313.904, 20937.313, 22284.34, 1, 1, 1, 1, 1, 1, 
1, 1, 1, 1, 1, 0.01429, 0.01429, 0.01429, 0.01429, 0.01429, 0.01429, 
0.01429, 0.01429, 0.01429, 0.01429, 0.01429, 0, 0, 0, 0, 0, 0, 
0, 0, 0, 0, 0, 0, 0, 0, 0, 0, 0, 0, 0, 0, 0, 0, 0.99762, 0.99144, 
0.99408, 0.99451, 0.99828, 0.9968, 0.99846, 0.99859, 0.99737, 
0.99625, 0.99528, 0.99529, 0.99135, 0.99608, 0.99263, 0.99828, 
0.99841, 0.99846, 0.99859, 0.99607, 0.99625, 0.99646, 0.145, 
0.1636, 0.1853, 0.2035, 0.2212, 0.2418, 0.2647, 0.2826, 0.2984, 
0.3265, 0.3453, 205.4, 221.1, 233.9, 248.6, 256.2, 263.6, 275.2, 
288.4, 299.6, 310.1, 316.3, 1, 1, 1, 1, 1, 1, 1, 1, 1, 1, 1, 
1, 1, 1, 1, 1, 1, 1, 1, 1, 1, 1, 1, 1, 1, 1, 1, 1, 1, 1, 1, 1, 
1, 1, 1, 1, 1, 1, 1, 1, 1, 1, 1, 1, 5.268, 5.431, 4.804, 4.85, 
6.049, 6.132, 6.401, 6.502, 6.869, 6.875, 7.108), .Dim = c(11L, 
40L), .Dimnames = list(NULL, c("Sampling", "PSO.cost", "PSO.gamma", 
"PSO.data.balancing", "PSO.feature.selection", "PSO.valid.acc", 
"PSO.test.acc", "PSO.train.time", "PSO.n.support.vectors", "PSO.index", 
"PSO.n.solutions", "PSO.generations", "PSO.n.evaluations", "PSO.cpu.time", 
"RS.cost", "RS.gamma", "RS.data.balancing", "RS.feature.selection", 
"RS.valid.acc", "RS.test.acc", "RS.train.time", "RS.n.support.vectors", 
"RS.index", "RS.n.solutions", "RS.generations", "RS.n.evaluations", 
"RS.cpu.time", "DF.cost", "DF.gamma", "DF.data.balancing", "DF.feature.selection", 
"DF.valid.acc", "DF.test.acc", "DF.train.time", "DF.n.support.vectors", 
"DF.index", "DF.n.solutions", "DF.generations", "DF.n.evaluations", 
"DF.cpu.time")))
