full <-
structure(c(50, 55, 60, 65, 70, 75, 80, 85, 90, 95, 100, 8.62643, 
2.19957, 3.32685, 6.47684, 8.39975, 4.31743, -0.55238, -0.74758, 
3.92798, 6.40108, 4.4388, -13.30486, -11.73047, -11.67654, -15, 
-15, -14.7635, -6.74349, -7.74303, -7.97536, -8.95723, -14.47545, 
0, 0, 0, 0, 0, 0, 0, 0, 0, 0, 0, 0, 0, 0, 0, 0, 0, 0, 0, 0, 0, 
0, 1, 0.99787, 0.99808, 0.99815, 0.99831, 0.99844, 0.99851, 0.99859, 
0.99868, 0.99748, 0.99763, 0.99762, 0.99787, 0.99808, 0.99815, 
0.99831, 0.99526, 0.99552, 0.99859, 0.99868, 0.99623, 0.99763, 
0.0992, 0.1474, 0.1368, 0.151, 0.1294, 0.2468, 0.2297, 0.2449, 
0.1949, 0.1894, 0.3158, 104.5, 205.5, 155.8, 166.3, 121.5, 304.4, 
252.7, 249.4, 176, 156.4, 311, 11, 12, 31, 28, 38, 21, 23, 1332, 
26, 11, 45, 1943, 450, 106, 984, 1108, 980, 1410, 34, 971, 458, 
405, 100, 100, 100, 100, 100, 100, 100, 100, 100, 100, 100, 2500, 
2500, 2500, 2500, 2500, 2500, 2500, 2500, 2500, 2500, 2500, 10432.013, 
11233.366, 11195.364, 11537.125, 12104.239, 13309.734, 13277.76, 
13697.484, 14477.572, 14082.97, 15697.402, 3.64888, 2.44488, 
4.81447, 0.23725, 3.43609, 1.44155, 0.63446, -0.91839, 6.65921, 
-0.33604, 3.20096, -12.86994, -12.31829, -13.18594, -9.46621, 
-10.84088, -11.79452, -8.83211, -7.779, -8.58527, -8.27267, -12.99418, 
0, 0, 0, 0, 0, 0, 0, 0, 0, 0, 0, 0, 0, 0, 0, 0, 0, 0, 0, 0, 0, 
0, 1, 0.99787, 0.99808, 0.99815, 0.99831, 0.99844, 0.99851, 0.99859, 
0.99868, 0.99748, 0.99763, 1, 0.99574, 0.99808, 0.99815, 0.99831, 
0.99526, 0.99699, 0.99859, 0.99868, 0.99748, 0.99763, 0.1206, 
0.1625, 0.1347, 0.1705, 0.1493, 0.2432, 0.1879, 0.2457, 0.1868, 
0.2588, 0.3061, 179.1, 221.5, 154.2, 218.9, 141.1, 301.3, 194.1, 
261.1, 161.2, 248.4, 288.8, 2, 51, 1836, 9, 8, 78, 44, 1485, 
6, 8, 240, 996, 52, 4, 161, 231, 138, 21, 1, 317, 98, 25, 100, 
100, 100, 100, 100, 100, 100, 100, 100, 100, 100, 2500, 2500, 
2500, 2500, 2500, 2500, 2500, 2500, 2500, 2500, 2500, 11651.369, 
12555.575, 12895.027, 13785.447, 14981.374, 15821.009, 16253.566, 
17450.16, 18363.841, 19264.21, 19984.214, 1, 1, 1, 1, 1, 1, 1, 
1, 1, 1, 1, 0.01429, 0.01429, 0.01429, 0.01429, 0.01429, 0.01429, 
0.01429, 0.01429, 0.01429, 0.01429, 0.01429, 0, 0, 0, 0, 0, 0, 
0, 0, 0, 0, 0, 0, 0, 0, 0, 0, 0, 0, 0, 0, 0, 0, 0.99762, 0.99144, 
0.99408, 0.99263, 0.99319, 0.99529, 0.99552, 0.99439, 0.99604, 
0.99375, 0.99405, 0.99524, 0.99144, 0.99404, 0.99263, 0.99489, 
0.99529, 0.99405, 0.9972, 0.99737, 0.99497, 0.99405, 0.145, 0.1597, 
0.1778, 0.1952, 0.2154, 0.2406, 0.2504, 0.2727, 0.2936, 0.3164, 
0.3397, 210.3, 223.7, 235.6, 246.3, 258.2, 270.1, 279.3, 284.7, 
296.6, 306.4, 315.7, 1, 1, 1, 1, 1, 1, 1, 1, 1, 1, 1, 1, 1, 1, 
1, 1, 1, 1, 1, 1, 1, 1, 1, 1, 1, 1, 1, 1, 1, 1, 1, 1, 1, 1, 1, 
1, 1, 1, 1, 1, 1, 1, 1, 1, 4.413, 4.426, 4.646, 4.995, 5.179, 
5.451, 5.466, 5.809, 5.961, 6.238, 6.221), .Dim = c(11L, 40L), .Dimnames = list(
    NULL, c("Sampling", "PSO.cost", "PSO.gamma", "PSO.data.balancing", 
    "PSO.feature.selection", "PSO.valid.acc", "PSO.test.acc", 
    "PSO.train.time", "PSO.n.support.vectors", "PSO.index", "PSO.n.solutions", 
    "PSO.generations", "PSO.n.evaluations", "PSO.cpu.time", "RS.cost", 
    "RS.gamma", "RS.data.balancing", "RS.feature.selection", 
    "RS.valid.acc", "RS.test.acc", "RS.train.time", "RS.n.support.vectors", 
    "RS.index", "RS.n.solutions", "RS.generations", "RS.n.evaluations", 
    "RS.cpu.time", "DF.cost", "DF.gamma", "DF.data.balancing", 
    "DF.feature.selection", "DF.valid.acc", "DF.test.acc", "DF.train.time", 
    "DF.n.support.vectors", "DF.index", "DF.n.solutions", "DF.generations", 
    "DF.n.evaluations", "DF.cpu.time")))
