full <-
structure(c(50, 55, 60, 65, 70, 75, 80, 85, 90, 95, 100, 1, 3.72448, 
11.58478, -0.04576, 5.2983, 2.64983, 0.1531, -0.76072, -0.48318, 
-1.27229, -0.61721, 0.01429, -6.75442, -6.49767, -8.43195, -9.09329, 
-6.31511, -7.20291, -7.59138, -7.9405, -8.60676, -6.75019, 0, 
0, 0, 0, 0, 0, 0, 0, 0, 0, 0, 0, 0, 0, 0, 0, 0, 0, 0, 0, 0, 0, 
0.99762, 0.99783, 0.998, 0.99811, 0.99828, 0.99841, 0.99853, 
0.99861, 0.99868, 0.99872, 0.99882, 0.99762, 0.99783, 0.99596, 
0.99811, 0.99828, 0.99841, 0.99701, 0.99718, 0.99735, 0.99747, 
0.99882, 0.143, 0.1409, 0.1652, 0.1642, 0.1413, 0.2221, 0.1986, 
0.2285, 0.2362, 0.3157, 0.3081, 217.7, 195.6, 219, 199.1, 139.7, 
257.2, 213.7, 246.8, 244, 327.9, 286.5, 1, 8, 9, 18, 26, 21, 
27, 19, 54, 19, 7, 668, 1625, 1491, 1563, 1519, 1493, 831, 960, 
786, 355, 479, 100, 100, 100, 100, 100, 100, 100, 100, 100, 100, 
100, 2500, 2500, 2500, 2500, 2500, 2500, 2500, 2500, 2500, 2500, 
2500, 11316.664, 11024.429, 11557.764, 11717.373, 11599.834, 
12444.534, 12754.454, 13432.903, 13578.987, 15063.37, 16231.978, 
-1.93237, 14.04169, 10.0725, 0.62956, 2.52216, 10.65017, 0.77167, 
-0.48008, 1.27856, -0.28559, -1.02248, -7.32328, -7.20408, -6.64928, 
-8.09092, -10.79035, -7.70728, -7.99587, -8.45627, -9.1911, -7.06501, 
-6.91091, 0, 0, 0, 0, 0, 0, 0, 0, 0, 0, 0, 0, 0, 0, 0, 0, 0, 
0, 0, 0, 0, 0, 0.99762, 0.99783, 0.998, 0.99811, 0.99828, 0.99841, 
0.99853, 0.99861, 0.99868, 0.99872, 0.99882, 0.99762, 0.99783, 
0.99596, 0.99811, 0.99658, 0.99841, 0.99701, 0.99718, 0.996, 
0.99747, 0.99762, 0.1429, 0.1301, 0.1626, 0.1514, 0.1598, 0.163, 
0.1755, 0.2325, 0.202, 0.2591, 0.3065, 233.5, 172.4, 212.3, 175.3, 
175.5, 173.6, 180.6, 249.1, 191.5, 246.2, 293.9, 5, 3, 8, 12, 
3, 18, 168, 49, 513, 215, 44, 253, 167, 107, 176, 411, 387, 19, 
32, 12, 6, 79, 100, 100, 100, 100, 100, 100, 100, 100, 100, 100, 
100, 2500, 2500, 2500, 2500, 2500, 2500, 2500, 2500, 2500, 2500, 
2500, 11587.77, 12239.017, 13038.648, 13789.935, 14545.473, 15265.487, 
15876.516, 16622.754, 17690.365, 18880.767, 20377.916, 1, 1, 
1, 1, 1, 1, 1, 1, 1, 1, 1, 0.01429, 0.01429, 0.01429, 0.01429, 
0.01429, 0.01429, 0.01429, 0.01429, 0.01429, 0.01429, 0.01429, 
0, 0, 0, 0, 0, 0, 0, 0, 0, 0, 0, 0, 0, 0, 0, 0, 0, 0, 0, 0, 0, 
0, 0.99762, 0.99565, 0.99396, 0.9963, 0.99489, 0.99526, 0.99405, 
0.99437, 0.99205, 0.99494, 0.99762, 0.99762, 0.99565, 0.99396, 
0.9963, 0.99658, 0.99685, 0.99403, 0.99296, 0.99468, 0.99497, 
0.99643, 0.1414, 0.1598, 0.18, 0.2005, 0.2157, 0.2291, 0.2521, 
0.2712, 0.2924, 0.3205, 0.3436, 217.7, 229.4, 242.8, 253.6, 261.2, 
272.9, 280.8, 293.2, 297.6, 306.3, 317.5, 1, 1, 1, 1, 1, 1, 1, 
1, 1, 1, 1, 1, 1, 1, 1, 1, 1, 1, 1, 1, 1, 1, 1, 1, 1, 1, 1, 1, 
1, 1, 1, 1, 1, 1, 1, 1, 1, 1, 1, 1, 1, 1, 1, 1, 4.38, 4.569, 
4.751, 4.993, 5.077, 5.157, 5.538, 5.634, 5.633, 6.119, 6.349
), .Dim = c(11L, 40L), .Dimnames = list(NULL, c("Sampling", "PSO.cost", 
"PSO.gamma", "PSO.data.balancing", "PSO.feature.selection", "PSO.valid.acc", 
"PSO.test.acc", "PSO.train.time", "PSO.n.support.vectors", "PSO.index", 
"PSO.n.solutions", "PSO.generations", "PSO.n.evaluations", "PSO.cpu.time", 
"RS.cost", "RS.gamma", "RS.data.balancing", "RS.feature.selection", 
"RS.valid.acc", "RS.test.acc", "RS.train.time", "RS.n.support.vectors", 
"RS.index", "RS.n.solutions", "RS.generations", "RS.n.evaluations", 
"RS.cpu.time", "DF.cost", "DF.gamma", "DF.data.balancing", "DF.feature.selection", 
"DF.valid.acc", "DF.test.acc", "DF.train.time", "DF.n.support.vectors", 
"DF.index", "DF.n.solutions", "DF.generations", "DF.n.evaluations", 
"DF.cpu.time")))
