full <-
structure(c(50, 55, 60, 65, 70, 75, 80, 85, 90, 95, 100, 14.77531, 
2.22603, 13.38486, 2.94583, 2.60137, 11.98031, 5.55308, 11.26791, 
4.60875, 6.8347, 2.92038, -7.11344, -7.01878, -12.64168, -10.79359, 
-9.96297, -6.64123, -13.53652, -7.62129, -7.62545, -9.714, -12.51592, 
0, 0, 0, 0, 0, 0, 0, 0, 0, 0, 0, 0, 0, 0, 0, 0, 0, 0, 0, 0, 0, 
0, 0.9975, 0.99787, 0.99804, 0.99815, 0.99831, 0.99839, 0.99853, 
0.99859, 0.99867, 0.9975, 0.99881, 0.9975, 0.99787, 0.99804, 
0.99815, 0.99655, 0.99839, 0.99701, 0.99718, 0.99867, 0.99625, 
0.99644, 0.1174, 0.1342, 0.1131, 0.1396, 0.1459, 0.2112, 0.179, 
0.1868, 0.2089, 0.1864, 0.3075, 160.8, 174.8, 111.2, 151.2, 148, 
228, 167, 182.7, 188.9, 146.5, 277.3, 91, 3, 3, 33, 33, 27, 3, 
2, 28, 3, 82, 898, 1804, 1689, 761, 605, 783, 890, 1676, 1533, 
1573, 381, 100, 100, 100, 100, 100, 100, 100, 100, 100, 100, 
100, 2500, 2500, 2500, 2500, 2500, 2500, 2500, 2500, 2500, 2500, 
2500, 10763.37, 10895.986, 11516.347, 12299.555, 12810.156, 12937.082, 
13083.102, 12862.327, 13391.048, 12767.685, 15756.711, 5.10894, 
6.74956, 8.25778, 1.79675, 0.40142, -0.42444, 3.46051, 5.73052, 
13.57725, 7.47177, 4.75896, -7.07593, -8.54667, -9.41264, -10.95218, 
-6.66385, -6.67885, -6.57722, -10.39836, -8.86246, -10.94723, 
-14.43619, 0, 0, 0, 0, 0, 0, 0, 0, 0, 0, 0, 0, 0, 0, 0, 0, 0, 
0, 0, 0, 0, 0, 0.9975, 0.99787, 0.99804, 0.99815, 0.99831, 0.99839, 
0.99853, 0.99859, 0.99867, 0.9975, 0.99881, 0.9975, 0.99787, 
0.99804, 0.99815, 0.99831, 0.99682, 0.99853, 0.9944, 0.99867, 
0.99625, 0.99644, 0.1187, 0.1118, 0.1149, 0.1662, 0.1879, 0.2084, 
0.2317, 0.1612, 0.1816, 0.1859, 0.3025, 162.4, 126.6, 123.3, 
204.5, 222.9, 238.9, 241.4, 137.9, 153.5, 139.6, 281.5, 28, 14, 
1, 46, 33, 8, 21, 1, 7, 11, 42, 18, 246, 810, 135, 94, 182, 266, 
507, 371, 370, 27, 100, 100, 100, 100, 100, 100, 100, 100, 100, 
100, 100, 2500, 2500, 2500, 2500, 2500, 2500, 2500, 2500, 2500, 
2500, 2500, 11838.753, 12751.608, 13180.769, 13998.214, 14907.578, 
15651.163, 16594.533, 17349.766, 18290.947, 19412.71, 20301.756, 
1, 1, 1, 1, 1, 1, 1, 1, 1, 1, 1, 0.01429, 0.01429, 0.01429, 0.01429, 
0.01429, 0.01429, 0.01429, 0.01429, 0.01429, 0.01429, 0.01429, 
0, 0, 0, 0, 0, 0, 0, 0, 0, 0, 0, 0, 0, 0, 0, 0, 0, 0, 0, 0, 0, 
0, 0.99523, 0.99343, 0.99608, 0.99259, 0.99494, 0.99682, 0.99552, 
0.99581, 0.99733, 0.995, 0.99644, 0.99523, 0.99565, 0.99608, 
0.99259, 0.99488, 0.99526, 0.99701, 0.99302, 0.99733, 0.995, 
0.99525, 0.1414, 0.1703, 0.1743, 0.1959, 0.2166, 0.2427, 0.2601, 
0.2742, 0.3014, 0.3196, 0.3372, 209.5, 221.7, 231.9, 247.1, 260.6, 
266.6, 281, 288.8, 298.3, 308.3, 317.1, 1, 1, 1, 1, 1, 1, 1, 
1, 1, 1, 1, 1, 1, 1, 1, 1, 1, 1, 1, 1, 1, 1, 1, 1, 1, 1, 1, 1, 
1, 1, 1, 1, 1, 1, 1, 1, 1, 1, 1, 1, 1, 1, 1, 1, 4.459, 4.829, 
4.875, 5.078, 5.206, 5.472, 5.66, 5.783, 5.958, 6.084, 6.037), .Dim = c(11L, 
40L), .Dimnames = list(NULL, c("Sampling", "PSO.cost", "PSO.gamma", 
"PSO.data.balancing", "PSO.feature.selection", "PSO.valid.acc", 
"PSO.test.acc", "PSO.train.time", "PSO.n.support.vectors", "PSO.index", 
"PSO.n.solutions", "PSO.generations", "PSO.n.evaluations", "PSO.cpu.time", 
"RS.cost", "RS.gamma", "RS.data.balancing", "RS.feature.selection", 
"RS.valid.acc", "RS.test.acc", "RS.train.time", "RS.n.support.vectors", 
"RS.index", "RS.n.solutions", "RS.generations", "RS.n.evaluations", 
"RS.cpu.time", "DF.cost", "DF.gamma", "DF.data.balancing", "DF.feature.selection", 
"DF.valid.acc", "DF.test.acc", "DF.train.time", "DF.n.support.vectors", 
"DF.index", "DF.n.solutions", "DF.generations", "DF.n.evaluations", 
"DF.cpu.time")))
