full <-
structure(c(50, 55, 60, 65, 70, 75, 80, 85, 90, 95, 100, 1, 2.1215, 
4.49246, 7.1703, -0.59407, 3.74704, 9.57252, 7.69324, -1.0337, 
0.05937, 4.74824, 0.01429, -9.66236, -14.35837, -15, -7.14902, 
-11.67517, -14.11643, -7.66386, -8.30734, -8.79536, -6.71897, 
0, 0, 0, 0, 0, 0, 0, 0, 0, 0, 0, 0, 0, 0, 0, 0, 0, 0, 0, 0, 0, 
0, 0.99518, 0.9957, 0.99804, 0.99633, 0.99828, 0.99841, 0.99848, 
0.99861, 0.99868, 0.99875, 0.99881, 0.99035, 0.99352, 0.99404, 
0.99815, 0.99828, 0.99524, 0.99848, 0.99861, 0.99733, 0.99623, 
0.99762, 0.1445, 0.12, 0.1647, 0.1424, 0.1914, 0.1675, 0.1542, 
0.1967, 0.2825, 0.2588, 0.2844, 211.9, 142.6, 228.1, 149.6, 221.4, 
164.9, 126.8, 184, 284.6, 241.3, 253, 1, 15, 80, 59, 597, 3, 
10, 2, 9, 368, 8, 556, 792, 685, 231, 207, 540, 1944, 1073, 775, 
53, 1012, 100, 100, 100, 100, 100, 100, 100, 100, 100, 100, 100, 
2500, 2500, 2500, 2500, 2500, 2500, 2500, 2500, 2500, 2500, 2500, 
13198.685, 13236.742, 13600.117, 11909.307, 12629.511, 12215.216, 
11127.766, 12879.179, 13507.653, 14808.18, 16660.482, 2.74295, 
1.58569, 5.54883, 4.1158, -0.92418, 0.37735, 11.02683, 6.62146, 
-0.01334, -0.05648, 4.40626, -12.44855, -11.42044, -14.73676, 
-12.05997, -6.93827, -9.27309, -11.21707, -8.89774, -8.75735, 
-8.74992, -7.03022, 0, 0, 0, 0, 0, 0, 0, 0, 0, 0, 0, 0, 0, 0, 
0, 0, 0, 0, 0, 0, 0, 0, 0.99518, 0.9957, 0.99804, 0.99633, 0.99828, 
0.99841, 0.99848, 0.99861, 0.99868, 0.99875, 0.99881, 0.99518, 
0.99352, 0.99804, 0.99815, 0.99655, 0.99524, 0.99848, 0.99861, 
0.99733, 0.99623, 0.99762, 0.1295, 0.1532, 0.154, 0.1457, 0.2022, 
0.1954, 0.1562, 0.1778, 0.2466, 0.2617, 0.2638, 198.5, 217.3, 
191.1, 155.8, 238.7, 217.1, 131, 151.9, 239.2, 246.3, 224.1, 
49, 4, 58, 22, 100, 38, 10, 8, 93, 357, 2, 155, 124, 41, 49, 
13, 58, 303, 251, 41, 2, 121, 100, 100, 100, 100, 100, 100, 100, 
100, 100, 100, 100, 2500, 2500, 2500, 2500, 2500, 2500, 2500, 
2500, 2500, 2500, 2500, 13842.64, 14742.7, 13215.372, 13892.073, 
14546.924, 15399.872, 16332.047, 16866.674, 18038.986, 18998.38, 
22198.829, 1, 1, 1, 1, 1, 1, 1, 1, 1, 1, 1, 0.01429, 0.01429, 
0.01429, 0.01429, 0.01429, 0.01429, 0.01429, 0.01429, 0.01429, 
0.01429, 0.01429, 0, 0, 0, 0, 0, 0, 0, 0, 0, 0, 0, 0, 0, 0, 0, 
0, 0, 0, 0, 0, 0, 0, 0.99518, 0.98922, 0.99208, 0.98899, 0.99489, 
0.99206, 0.99249, 0.99581, 0.9947, 0.99497, 0.9964, 0.99035, 
0.987, 0.99008, 0.99266, 0.99489, 0.99206, 0.99398, 0.99441, 
0.9947, 0.99373, 0.99643, 0.1465, 0.1682, 0.185, 0.2042, 0.2202, 
0.2412, 0.2596, 0.284, 0.3068, 0.3289, 0.3407, 211.9, 229.4, 
237.4, 252, 259.6, 271.1, 280.6, 288.2, 295.6, 310.8, 316.7, 
1, 1, 1, 1, 1, 1, 1, 1, 1, 1, 1, 1, 1, 1, 1, 1, 1, 1, 1, 1, 1, 
1, 1, 1, 1, 1, 1, 1, 1, 1, 1, 1, 1, 1, 1, 1, 1, 1, 1, 1, 1, 1, 
1, 1, 5.323, 5.54, 4.831, 5.068, 5.152, 5.314, 5.437, 5.658, 
5.948, 6.209, 6.042), .Dim = c(11L, 40L), .Dimnames = list(NULL, 
    c("Sampling", "PSO.cost", "PSO.gamma", "PSO.data.balancing", 
    "PSO.feature.selection", "PSO.valid.acc", "PSO.test.acc", 
    "PSO.train.time", "PSO.n.support.vectors", "PSO.index", "PSO.n.solutions", 
    "PSO.generations", "PSO.n.evaluations", "PSO.cpu.time", "RS.cost", 
    "RS.gamma", "RS.data.balancing", "RS.feature.selection", 
    "RS.valid.acc", "RS.test.acc", "RS.train.time", "RS.n.support.vectors", 
    "RS.index", "RS.n.solutions", "RS.generations", "RS.n.evaluations", 
    "RS.cpu.time", "DF.cost", "DF.gamma", "DF.data.balancing", 
    "DF.feature.selection", "DF.valid.acc", "DF.test.acc", "DF.train.time", 
    "DF.n.support.vectors", "DF.index", "DF.n.solutions", "DF.generations", 
    "DF.n.evaluations", "DF.cpu.time")))
