full <-
structure(c(50, 55, 60, 65, 70, 75, 80, 85, 90, 95, 100, 0.81483, 
-0.20795, 4.84985, 1.21063, 11.93385, -1.20687, 4.40041, 5.98246, 
2.38401, -0.46058, 3.41704, -8.88599, -6.90202, -12.95478, -8.71224, 
-7.11841, -8.78338, -12.47116, -14.81355, -6.09044, -8.18487, 
-12.23013, 0, 0, 0, 0, 0, 0, 0, 0, 0, 0, 0, 0, 0, 0, 0, 0, 0, 
0, 0, 0, 0, 0, 0.99756, 0.9957, 0.99608, 0.99815, 0.99828, 0.99685, 
0.99851, 0.99861, 0.99867, 0.99875, 0.9988, 0.99512, 0.99352, 
0.99804, 0.99815, 0.99828, 0.99526, 0.99701, 0.99442, 0.99867, 
0.99875, 0.99759, 0.1143, 0.1427, 0.1301, 0.145, 0.1682, 0.2414, 
0.176, 0.2076, 0.2961, 0.2786, 0.2635, 153.6, 195.8, 153.4, 162.3, 
189, 294.5, 169.4, 205.6, 301.3, 251.7, 225.7, 209, 9, 25, 9, 
2, 4, 2, 18, 25, 1884, 85, 486, 818, 792, 1166, 1278, 725, 431, 
652, 489, 2, 227, 100, 100, 100, 100, 100, 100, 100, 100, 100, 
100, 100, 2500, 2500, 2500, 2500, 2500, 2500, 2500, 2500, 2500, 
2500, 2500, 10347.104, 10963.953, 10894.8, 11955.117, 12284.256, 
13342.594, 14018.58, 13922.774, 14961.066, 16372.566, 18163.923, 
-0.44507, 1.90589, 0.24749, 4.12331, 6.56272, -1.3758, 0.63188, 
2.37734, -0.50502, 10.23344, -0.14451, -7.18605, -10.19123, -7.93063, 
-13.86713, -6.46895, -7.01821, -8.68937, -11.40043, -6.95278, 
-6.26284, -8.98151, 0, 0, 0, 0, 0, 0, 0, 0, 0, 0, 0, 0, 0, 0, 
0, 0, 0, 0, 0, 0, 0, 0, 0.99756, 0.9957, 0.99608, 0.99815, 0.99828, 
0.99685, 0.99851, 0.99861, 0.99867, 0.9975, 0.9988, 0.99512, 
0.9957, 0.99412, 0.99815, 0.99828, 0.99685, 0.99701, 0.99581, 
0.99867, 0.9975, 0.99759, 0.1286, 0.1209, 0.141, 0.1804, 0.1971, 
0.2259, 0.1926, 0.2156, 0.2517, 0.3171, 0.2969, 177.6, 157.3, 
176.6, 234.1, 235.2, 266.4, 195.8, 220.8, 256.4, 289, 268.1, 
80, 13, 15, 1, 2, 3, 3, 27, 51, 10, 40, 26, 151, 130, 340, 539, 
272, 166, 145, 53, 473, 16, 100, 100, 100, 100, 100, 100, 100, 
100, 100, 100, 100, 2500, 2500, 2500, 2500, 2500, 2500, 2500, 
2500, 2500, 2500, 2500, 11576.377, 12075.179, 12747.366, 13794.064, 
14465.503, 15390.717, 16742.134, 17237.912, 18307.852, 22018.398, 
23028.992, 1, 1, 1, 1, 1, 1, 1, 1, 1, 1, 1, 0.01429, 0.01429, 
0.01429, 0.01429, 0.01429, 0.01429, 0.01429, 0.01429, 0.01429, 
0.01429, 0.01429, 0, 0, 0, 0, 0, 0, 0, 0, 0, 0, 0, 0, 0, 0, 0, 
0, 0, 0, 0, 0, 0, 0, 0.99291, 0.99352, 0.99216, 0.99448, 0.99658, 
0.99209, 0.99704, 0.99724, 0.99735, 0.99497, 0.99643, 0.99524, 
0.99135, 0.99412, 0.99633, 0.99658, 0.99211, 0.99851, 0.99587, 
0.996, 0.99625, 0.99762, 0.1489, 0.1653, 0.1802, 0.1973, 0.2154, 
0.2395, 0.2626, 0.2779, 0.2957, 0.3304, 0.3588, 214.3, 226.7, 
239.8, 255, 261.4, 274.6, 284.6, 292.9, 300.7, 303.6, 316.6, 
1, 1, 1, 1, 1, 1, 1, 1, 1, 1, 1, 1, 1, 1, 1, 1, 1, 1, 1, 1, 1, 
1, 1, 1, 1, 1, 1, 1, 1, 1, 1, 1, 1, 1, 1, 1, 1, 1, 1, 1, 1, 1, 
1, 1, 4.4, 4.426, 4.757, 4.927, 5.136, 5.372, 5.755, 5.814, 6.017, 
7.277, 7.5), .Dim = c(11L, 40L), .Dimnames = list(NULL, c("Sampling", 
"PSO.cost", "PSO.gamma", "PSO.data.balancing", "PSO.feature.selection", 
"PSO.valid.acc", "PSO.test.acc", "PSO.train.time", "PSO.n.support.vectors", 
"PSO.index", "PSO.n.solutions", "PSO.generations", "PSO.n.evaluations", 
"PSO.cpu.time", "RS.cost", "RS.gamma", "RS.data.balancing", "RS.feature.selection", 
"RS.valid.acc", "RS.test.acc", "RS.train.time", "RS.n.support.vectors", 
"RS.index", "RS.n.solutions", "RS.generations", "RS.n.evaluations", 
"RS.cpu.time", "DF.cost", "DF.gamma", "DF.data.balancing", "DF.feature.selection", 
"DF.valid.acc", "DF.test.acc", "DF.train.time", "DF.n.support.vectors", 
"DF.index", "DF.n.solutions", "DF.generations", "DF.n.evaluations", 
"DF.cpu.time")))
