full <-
structure(c(50, 55, 60, 65, 70, 75, 80, 85, 90, 95, 100, 1, 6.85951, 
1, 3.75867, 13.15271, 5.54686, 2.85001, 3.97784, -0.82288, 7.89329, 
4.3525, 0.01429, -6.85032, 0.01429, -12.65311, -15, -13.54358, 
-12.00028, -13.92301, -9.47905, -8.10395, -12.36647, 0, 0, 0, 
0, 0, 0, 0, 0, 0, 0, 0, 0, 0, 0, 0, 0, 0, 0, 0, 0, 0, 0, 0.99767, 
0.99783, 0.998, 0.99818, 0.99658, 0.99844, 0.99697, 0.99718, 
0.99733, 0.99877, 0.99881, 0.99767, 0.99783, 0.99408, 0.99636, 
0.99658, 0.99685, 0.99552, 0.99579, 0.99733, 0.99627, 0.9976, 
0.1474, 0.1402, 0.1822, 0.1594, 0.1391, 0.1709, 0.2103, 0.262, 
0.3205, 0.212, 0.2269, 211.2, 182.6, 233.1, 188.3, 122.1, 165, 
219.8, 282.9, 345.3, 175.9, 187.2, 1, 35, 1, 34, 54, 202, 33, 
25, 86, 9, 11, 1454, 1544, 1216, 185, 2083, 220, 256, 323, 610, 
2018, 689, 100, 100, 100, 100, 100, 100, 100, 100, 100, 100, 
100, 2500, 2500, 2500, 2500, 2500, 2500, 2500, 2500, 2500, 2500, 
2500, 10840.993, 11574.707, 11740.762, 12450.153, 10883.619, 
12986.502, 13025.037, 14714.635, 15207.463, 13268.943, 14940.637, 
12.39575, 14.21458, 5.33185, 3.9543, 10.55775, -0.51332, 4.95033, 
-1.09287, -1.93238, 13.41525, 1.03062, -12.05242, -6.04783, -10.52401, 
-13.01524, -14.26689, -7.28519, -14.23622, -8.43671, -7.93533, 
-7.00347, -10.62839, 0, 0, 0, 0, 0, 0, 0, 0, 0, 0, 0, 0, 0, 0, 
0, 0, 0, 0, 0, 0, 0, 0, 0.99767, 0.99783, 0.998, 0.99818, 0.99658, 
0.99844, 0.99697, 0.99718, 0.99733, 0.99877, 0.99881, 0.99285, 
0.99783, 0.99408, 0.99636, 0.99658, 0.99685, 0.99552, 0.99577, 
0.99733, 0.99627, 0.9964, 0.0991, 0.1699, 0.1178, 0.169, 0.1315, 
0.2027, 0.2074, 0.2659, 0.3196, 0.2526, 0.2918, 106.8, 226.4, 
120.7, 195.8, 122.3, 225.1, 224.7, 292.6, 343.2, 228.5, 284.3, 
2, 30, 2, 15, 46, 176, 413, 22, 8, 1, 9, 862, 174, 639, 47, 57, 
30, 15, 30, 63, 898, 138, 100, 100, 100, 100, 100, 100, 100, 
100, 100, 100, 100, 2500, 2500, 2500, 2500, 2500, 2500, 2500, 
2500, 2500, 2500, 2500, 11661.074, 12749.855, 13377.449, 14077.21, 
14851.552, 15846.405, 16216.696, 17333.375, 18323.733, 19118.71, 
19350.277, 1, 1, 1, 1, 1, 1, 1, 1, 1, 1, 1, 0.01429, 0.01429, 
0.01429, 0.01429, 0.01429, 0.01429, 0.01429, 0.01429, 0.01429, 
0.01429, 0.01429, 0, 0, 0, 0, 0, 0, 0, 0, 0, 0, 0, 0, 0, 0, 0, 
0, 0, 0, 0, 0, 0, 0, 0.99767, 0.9956, 0.998, 0.99636, 0.99313, 
0.99365, 0.99253, 0.99716, 0.99472, 0.99753, 0.99643, 0.99767, 
0.99783, 0.99408, 0.99636, 0.99831, 0.99526, 0.99695, 0.99575, 
0.99605, 0.99627, 0.99643, 0.1426, 0.1657, 0.1821, 0.2045, 0.2206, 
0.2463, 0.2564, 0.2765, 0.3089, 0.3273, 0.3367, 211.2, 220.4, 
233.1, 246.6, 256.8, 268.4, 280, 290.8, 301.1, 309.7, 318.8, 
1, 1, 1, 1, 1, 1, 1, 1, 1, 1, 1, 1, 1, 1, 1, 1, 1, 1, 1, 1, 1, 
1, 1, 1, 1, 1, 1, 1, 1, 1, 1, 1, 1, 1, 1, 1, 1, 1, 1, 1, 1, 1, 
1, 1, 4.352, 4.713, 4.841, 5.173, 5.238, 5.646, 5.382, 5.791, 
6.043, 6.194, 5.98), .Dim = c(11L, 40L), .Dimnames = list(NULL, 
    c("Sampling", "PSO.cost", "PSO.gamma", "PSO.data.balancing", 
    "PSO.feature.selection", "PSO.valid.acc", "PSO.test.acc", 
    "PSO.train.time", "PSO.n.support.vectors", "PSO.index", "PSO.n.solutions", 
    "PSO.generations", "PSO.n.evaluations", "PSO.cpu.time", "RS.cost", 
    "RS.gamma", "RS.data.balancing", "RS.feature.selection", 
    "RS.valid.acc", "RS.test.acc", "RS.train.time", "RS.n.support.vectors", 
    "RS.index", "RS.n.solutions", "RS.generations", "RS.n.evaluations", 
    "RS.cpu.time", "DF.cost", "DF.gamma", "DF.data.balancing", 
    "DF.feature.selection", "DF.valid.acc", "DF.test.acc", "DF.train.time", 
    "DF.n.support.vectors", "DF.index", "DF.n.solutions", "DF.generations", 
    "DF.n.evaluations", "DF.cpu.time")))
