full <-
structure(c(50, 55, 60, 65, 70, 75, 80, 85, 90, 95, 100, 1, 1, 
1, 3.51729, 5.50181, -1.6419, 1.24778, 1, 3.71519, 0.17104, 6.77979, 
0.01429, 0.01429, 0.01429, -10.68115, -12.81405, -7.53425, -6.19388, 
0.01429, -13.10574, -6.97093, -15, 0, 0, 0, 0, 0, 0, 0, 0, 0, 
0, 0, 0, 0, 0, 0, 0, 0, 0, 0, 0, 0, 0, 0.99767, 0.99787, 0.998, 
0.99821, 0.99831, 0.9968, 0.99851, 0.99859, 0.99737, 0.99875, 
0.99881, 0.99767, 0.99787, 0.996, 0.99821, 0.99831, 0.99524, 
0.99851, 0.99577, 0.99737, 0.99752, 0.99643, 0.1557, 0.1641, 
0.1835, 0.1309, 0.1376, 0.2352, 0.2457, 0.2727, 0.2474, 0.259, 
0.2267, 205.8, 222.5, 232.3, 136, 138.9, 274.8, 276.3, 291.5, 
246.2, 243.1, 196.8, 1, 1, 1, 5, 28, 2, 23, 1, 47, 13, 71, 825, 
996, 639, 1253, 956, 973, 1406, 436, 1174, 1406, 592, 100, 100, 
100, 100, 100, 100, 100, 100, 100, 100, 100, 2500, 2500, 2500, 
2500, 2500, 2500, 2500, 2500, 2500, 2500, 2500, 11555.693, 12274.122, 
12627.472, 12014.926, 11755.317, 13652.986, 14649.009, 15604.983, 
14450.288, 14616.677, 15885.71, 10.33307, 0.78875, 1.00279, 1.11407, 
-0.20581, 3.11627, 13.08173, -1.12213, -0.82746, 9.68877, 3.85436, 
-6.42746, -10.14551, -10.12908, -11.22542, -7.3514, -11.22741, 
-5.94463, -6.3505, -8.23625, -6.44658, -13.17433, 0, 0, 0, 0, 
0, 0, 0, 0, 0, 0, 0, 0, 0, 0, 0, 0, 0, 0, 0, 0, 0, 0, 0.99767, 
0.99787, 0.998, 0.99821, 0.99831, 0.9968, 0.99851, 0.99859, 0.99737, 
0.99875, 0.99881, 0.99767, 0.99787, 0.998, 0.99821, 0.99831, 
0.99519, 0.99851, 0.99859, 0.99737, 0.99875, 0.99643, 0.1343, 
0.1439, 0.1512, 0.1939, 0.1776, 0.1636, 0.269, 0.2748, 0.2655, 
0.2902, 0.2708, 192.8, 194.5, 193.9, 254.2, 208.9, 168.2, 299, 
295.5, 272.3, 275.3, 254.6, 2, 4, 13, 8, 98, 7, 6, 42, 4, 4, 
16, 461, 507, 377, 262, 126, 372, 181, 175, 120, 129, 124, 100, 
100, 100, 100, 100, 100, 100, 100, 100, 100, 100, 2500, 2500, 
2500, 2500, 2500, 2500, 2500, 2500, 2500, 2500, 2500, 11779.814, 
12818.395, 13165.711, 14051.882, 14851.772, 15767.509, 16266.607, 
17313.85, 18445.324, 19536.822, 20040.173, 1, 1, 1, 1, 1, 1, 
1, 1, 1, 1, 1, 0.01429, 0.01429, 0.01429, 0.01429, 0.01429, 0.01429, 
0.01429, 0.01429, 0.01429, 0.01429, 0.01429, 0, 0, 0, 0, 0, 0, 
0, 0, 0, 0, 0, 0, 0, 0, 0, 0, 0, 0, 0, 0, 0, 0, 0.99767, 0.99787, 
0.998, 0.99636, 0.99492, 0.99524, 0.99701, 0.99859, 0.99472, 
0.99622, 0.99641, 0.99767, 0.99787, 0.996, 0.99636, 0.99661, 
0.99682, 0.99851, 0.99577, 0.99472, 0.9975, 0.99641, 0.1412, 
0.1688, 0.1783, 0.2017, 0.2151, 0.2348, 0.2546, 0.274, 0.2973, 
0.3233, 0.3404, 205.8, 222.5, 232.3, 248.7, 262.2, 272.7, 285.1, 
291.5, 301.4, 309.3, 315, 1, 1, 1, 1, 1, 1, 1, 1, 1, 1, 1, 1, 
1, 1, 1, 1, 1, 1, 1, 1, 1, 1, 1, 1, 1, 1, 1, 1, 1, 1, 1, 1, 1, 
1, 1, 1, 1, 1, 1, 1, 1, 1, 1, 1, 4.226, 4.755, 4.642, 5.089, 
5.292, 5.54, 5.492, 5.581, 6.087, 6.16, 6.168), .Dim = c(11L, 
40L), .Dimnames = list(NULL, c("Sampling", "PSO.cost", "PSO.gamma", 
"PSO.data.balancing", "PSO.feature.selection", "PSO.valid.acc", 
"PSO.test.acc", "PSO.train.time", "PSO.n.support.vectors", "PSO.index", 
"PSO.n.solutions", "PSO.generations", "PSO.n.evaluations", "PSO.cpu.time", 
"RS.cost", "RS.gamma", "RS.data.balancing", "RS.feature.selection", 
"RS.valid.acc", "RS.test.acc", "RS.train.time", "RS.n.support.vectors", 
"RS.index", "RS.n.solutions", "RS.generations", "RS.n.evaluations", 
"RS.cpu.time", "DF.cost", "DF.gamma", "DF.data.balancing", "DF.feature.selection", 
"DF.valid.acc", "DF.test.acc", "DF.train.time", "DF.n.support.vectors", 
"DF.index", "DF.n.solutions", "DF.generations", "DF.n.evaluations", 
"DF.cpu.time")))
