full <-
structure(c(50, 55, 60, 65, 70, 75, 80, 85, 90, 95, 100, 3.38821, 
0.7447, -0.7016, 5.0788, 4.77982, -0.13895, 13.58401, 0.02897, 
8.21327, 0.0963, 0.97825, -7.03916, -8.44304, -8.59438, -13.54558, 
-15, -7.02591, -8.27009, -8.76139, -8.64068, -10.2729, -9.58268, 
0, 0, 0, 0, 0, 0, 0, 0, 0, 0, 0, 0, 0, 0, 0, 0, 0, 0, 0, 0, 0, 
0, 1, 0.99783, 0.99604, 0.99633, 0.99661, 0.99682, 0.99851, 0.99716, 
0.99868, 0.99875, 0.99882, 1, 0.99783, 0.99604, 0.99448, 0.99491, 
0.99677, 0.99851, 0.99716, 0.99604, 0.99748, 0.99762, 0.1189, 
0.1217, 0.165, 0.1497, 0.218, 0.2049, 0.1719, 0.2286, 0.1893, 
0.329, 0.252, 172, 154.7, 223.3, 168.9, 273.9, 229, 162.4, 235.5, 
159.6, 331, 227.9, 12, 7, 21, 10, 28, 4, 10, 1670, 6, 788, 96, 
442, 1098, 942, 929, 1018, 1297, 1507, 16, 1570, 65, 921, 100, 
100, 100, 100, 100, 100, 100, 100, 100, 100, 100, 2500, 2500, 
2500, 2500, 2500, 2500, 2500, 2500, 2500, 2500, 2500, 10439.116, 
10818.966, 11544.038, 11832.646, 12573.068, 13223.041, 12948.768, 
13266.653, 12706.62, 15021.613, 14317.791, 4.41311, 3.43616, 
1.20131, 9.19766, 1.07242, 13.54574, 14.77927, 0.25339, 12.9351, 
-0.72629, -0.49944, -12.30223, -12.64437, -9.4573, -7.51523, 
-10.46056, -6.49179, -8.12114, -9.03688, -8.21897, -9.50851, 
-7.27702, 0, 0, 0, 0, 0, 0, 0, 0, 0, 0, 0, 0, 0, 0, 0, 0, 0, 
0, 0, 0, 0, 0, 1, 0.99783, 0.99604, 0.99633, 0.99661, 0.99682, 
0.99851, 0.99716, 0.99868, 0.99875, 0.99882, 1, 0.99783, 0.99604, 
0.99448, 0.99489, 0.9968, 0.99851, 0.99716, 0.99604, 0.99748, 
0.99765, 0.104, 0.1363, 0.1361, 0.145, 0.1894, 0.2148, 0.1706, 
0.2292, 0.1881, 0.3333, 0.2915, 133.4, 184.6, 166.6, 167.3, 230.9, 
243.8, 165.7, 231.9, 169.7, 346.7, 258.1, 42, 70, 2, 2, 19, 22, 
1, 2261, 1, 40, 203, 149, 195, 243, 310, 176, 278, 444, 2, 402, 
5, 26, 100, 100, 100, 100, 100, 100, 100, 100, 100, 100, 100, 
2500, 2500, 2500, 2500, 2500, 2500, 2500, 2500, 2500, 2500, 2500, 
11471.729, 12222.875, 12918.477, 13840.504, 14560.446, 15723.548, 
16449.496, 17068.236, 17847.124, 18855.988, 22299.986, 1, 1, 
1, 1, 1, 1, 1, 1, 1, 1, 1, 0.01429, 0.01429, 0.01429, 0.01429, 
0.01429, 0.01429, 0.01429, 0.01429, 0.01429, 0.01429, 0.01429, 
0, 0, 0, 0, 0, 0, 0, 0, 0, 0, 0, 0, 0, 0, 0, 0, 0, 0, 0, 0, 0, 
0, 0.99524, 0.99343, 0.99204, 0.99081, 0.99489, 0.99524, 0.99403, 
0.99298, 0.99604, 0.99623, 0.99528, 0.99524, 0.99126, 0.99004, 
0.98896, 0.99489, 0.99519, 0.9955, 0.99438, 0.9947, 0.99622, 
0.99291, 0.1428, 0.1645, 0.18, 0.2048, 0.2219, 0.2404, 0.2617, 
0.2828, 0.3011, 0.3265, 0.3473, 219.7, 232.7, 241.8, 256.3, 260.9, 
274.6, 282.2, 291, 301.6, 309.8, 316.8, 1, 1, 1, 1, 1, 1, 1, 
1, 1, 1, 1, 1, 1, 1, 1, 1, 1, 1, 1, 1, 1, 1, 1, 1, 1, 1, 1, 1, 
1, 1, 1, 1, 1, 1, 1, 1, 1, 1, 1, 1, 1, 1, 1, 1, 4.295, 4.572, 
4.743, 5.012, 5.217, 5.416, 5.661, 5.731, 5.813, 6.165, 7.157
), .Dim = c(11L, 40L), .Dimnames = list(NULL, c("Sampling", "PSO.cost", 
"PSO.gamma", "PSO.data.balancing", "PSO.feature.selection", "PSO.valid.acc", 
"PSO.test.acc", "PSO.train.time", "PSO.n.support.vectors", "PSO.index", 
"PSO.n.solutions", "PSO.generations", "PSO.n.evaluations", "PSO.cpu.time", 
"RS.cost", "RS.gamma", "RS.data.balancing", "RS.feature.selection", 
"RS.valid.acc", "RS.test.acc", "RS.train.time", "RS.n.support.vectors", 
"RS.index", "RS.n.solutions", "RS.generations", "RS.n.evaluations", 
"RS.cpu.time", "DF.cost", "DF.gamma", "DF.data.balancing", "DF.feature.selection", 
"DF.valid.acc", "DF.test.acc", "DF.train.time", "DF.n.support.vectors", 
"DF.index", "DF.n.solutions", "DF.generations", "DF.n.evaluations", 
"DF.cpu.time")))
