full <-
structure(c(50, 55, 60, 65, 70, 75, 80, 85, 90, 95, 100, 7.03238, 
3.61579, 0.43126, 7.50705, 12.96228, 0.06534, 0.82656, 2.34759, 
0.06332, 3.4861, 0.58934, -8.08056, -13.44953, -9.85748, -6.72736, 
-8.32587, -9.41842, -7.70921, -9.27721, -7.2575, -6.88009, -10.54646, 
0, 0, 0, 0, 0, 0, 0, 0, 0, 0, 0, 0, 0, 0, 0, 0, 0, 0, 0, 0, 0, 
0, 0.99767, 0.99783, 0.998, 0.99636, 0.99831, 0.99682, 0.99701, 
0.99857, 0.99867, 0.99875, 0.99763, 0.99517, 0.9956, 0.996, 0.99448, 
0.99494, 0.99524, 0.99701, 0.99857, 0.99867, 0.99625, 0.99643, 
0.1026, 0.1508, 0.1567, 0.1751, 0.1433, 0.2117, 0.1849, 0.1766, 
0.236, 0.2554, 0.3228, 129.8, 217.2, 211.5, 201.8, 145.8, 238.9, 
185.6, 157.6, 223.2, 239.2, 314.4, 13, 66, 15, 5, 7, 43, 10, 
31, 6, 5, 244, 1615, 318, 170, 756, 1802, 292, 1302, 1613, 801, 
1184, 129, 100, 100, 100, 100, 100, 100, 100, 100, 100, 100, 
100, 2500, 2500, 2500, 2500, 2500, 2500, 2500, 2500, 2500, 2500, 
2500, 10318.971, 11170.37, 11468.514, 11916.416, 11459.375, 13283.738, 
13468.01, 13669.207, 14196.133, 15099.304, 16482.329, 2.83279, 
4.04939, 3.65062, -1.11457, 10.29286, -0.39315, 13.7687, 0.28596, 
-0.19128, 13.96987, -0.2603, -12.90935, -13.80073, -13.30089, 
-6.7886, -7.62343, -9.25072, -7.06768, -7.77201, -10.20833, -6.66466, 
-9.59276, 0, 0, 0, 0, 0, 0, 0, 0, 0, 0, 0, 0, 0, 0, 0, 0, 0, 
0, 0, 0, 0, 0, 0.99767, 0.99783, 0.998, 0.99636, 0.99831, 0.99682, 
0.99701, 0.99857, 0.99867, 0.99875, 0.99763, 0.99767, 0.9956, 
0.996, 0.99636, 0.99664, 0.99524, 0.99701, 0.99857, 0.99735, 
0.99625, 0.99643, 0.1333, 0.1558, 0.1558, 0.1844, 0.1545, 0.2277, 
0.2008, 0.2083, 0.3185, 0.271, 0.3283, 217, 212.2, 215.5, 234, 
168, 261.6, 203.4, 197.6, 338, 256.7, 316.4, 2, 77, 16, 1, 4, 
136, 11, 15, 10, 76, 89, 636, 24, 7, 192, 340, 35, 172, 230, 
165, 85, 6, 100, 100, 100, 100, 100, 100, 100, 100, 100, 100, 
100, 2500, 2500, 2500, 2500, 2500, 2500, 2500, 2500, 2500, 2500, 
2500, 11717.853, 12289.786, 12760.716, 13552.43, 14488.361, 15580.262, 
16807.497, 17519.122, 18475.638, 19245.707, 20731.577, 1, 1, 
1, 1, 1, 1, 1, 1, 1, 1, 1, 0.01429, 0.01429, 0.01429, 0.01429, 
0.01429, 0.01429, 0.01429, 0.01429, 0.01429, 0.01429, 0.01429, 
0, 0, 0, 0, 0, 0, 0, 0, 0, 0, 0, 0, 0, 0, 0, 0, 0, 0, 0, 0, 0, 
0, 0.99535, 0.9956, 0.996, 0.99458, 0.99658, 0.99521, 0.9955, 
0.99718, 0.99735, 0.9975, 0.99524, 0.99535, 0.99348, 0.996, 0.99458, 
0.99658, 0.99521, 0.9955, 0.99718, 0.99735, 0.99375, 0.99522, 
0.1387, 0.1565, 0.1808, 0.1921, 0.2206, 0.2314, 0.2651, 0.2726, 
0.2953, 0.3132, 0.3403, 205.5, 218.7, 227.8, 241.2, 252.1, 261.9, 
271.4, 283.6, 293.1, 305.5, 315.5, 1, 1, 1, 1, 1, 1, 1, 1, 1, 
1, 1, 1, 1, 1, 1, 1, 1, 1, 1, 1, 1, 1, 1, 1, 1, 1, 1, 1, 1, 1, 
1, 1, 1, 1, 1, 1, 1, 1, 1, 1, 1, 1, 1, 1, 4.342, 4.54, 4.725, 
4.896, 5.197, 5.319, 5.803, 5.561, 6.035, 6.199, 6.49), .Dim = c(11L, 
40L), .Dimnames = list(NULL, c("Sampling", "PSO.cost", "PSO.gamma", 
"PSO.data.balancing", "PSO.feature.selection", "PSO.valid.acc", 
"PSO.test.acc", "PSO.train.time", "PSO.n.support.vectors", "PSO.index", 
"PSO.n.solutions", "PSO.generations", "PSO.n.evaluations", "PSO.cpu.time", 
"RS.cost", "RS.gamma", "RS.data.balancing", "RS.feature.selection", 
"RS.valid.acc", "RS.test.acc", "RS.train.time", "RS.n.support.vectors", 
"RS.index", "RS.n.solutions", "RS.generations", "RS.n.evaluations", 
"RS.cpu.time", "DF.cost", "DF.gamma", "DF.data.balancing", "DF.feature.selection", 
"DF.valid.acc", "DF.test.acc", "DF.train.time", "DF.n.support.vectors", 
"DF.index", "DF.n.solutions", "DF.generations", "DF.n.evaluations", 
"DF.cpu.time")))
