full <-
structure(c(50, 55, 60, 65, 70, 75, 80, 85, 90, 95, 100, 5.82738, 
0.08714, 0.71515, 3.98803, 12.94814, -0.94476, -0.12274, -0.38491, 
6.9936, -1.22955, -0.58072, -14.14298, -7.43405, -9.0332, -12.904, 
-8.47648, -7.20347, -8.10616, -7.12195, -7.11589, -8.75502, -7.02676, 
0, 0, 0, 0, 0, 0, 0, 0, 0, 0, 0, 0, 0, 0, 0, 0, 0, 0, 0, 0, 0, 
0, 1, 1, 1, 1, 1, 1, 1, 0.99857, 0.99868, 0.99877, 0.99882, 0.99762, 
1, 1, 1, 0.99831, 0.99685, 1, 0.99857, 0.99868, 0.99877, 0.99765, 
0.1069, 0.1389, 0.1366, 0.1559, 0.1432, 0.2071, 0.1975, 0.2304, 
0.2216, 0.3211, 0.2822, 138.9, 171.3, 166.7, 182.1, 142.8, 232.5, 
208.5, 236.4, 217, 338.6, 266.5, 36, 13, 14, 29, 2, 1441, 93, 
233, 9, 177, 254, 500, 563, 632, 505, 2098, 92, 1043, 1280, 1592, 
207, 138, 100, 100, 100, 100, 100, 100, 100, 100, 100, 100, 100, 
2500, 2500, 2500, 2500, 2500, 2500, 2500, 2500, 2500, 2500, 2500, 
10575.026, 11464.709, 11797.213, 12097.751, 10774.758, 12713.338, 
13135.784, 14078.769, 13496.861, 14593.226, 14366.876, 0.44321, 
0.42976, 1.61425, 3.15325, 5.79355, -1.00284, -1.14546, 0.45403, 
3.70812, 0.16162, -0.4208, -8.31919, -7.9501, -10.74652, -11.92242, 
-7.25055, -7.43457, -7.01516, -6.70421, -8.01662, -8.8203, -6.94017, 
0, 0, 0, 0, 0, 0, 0, 0, 0, 0, 0, 0, 0, 0, 0, 0, 0, 0, 0, 0, 0, 
0, 1, 1, 1, 1, 1, 0.99844, 1, 0.99857, 0.99868, 0.99877, 0.99882, 
0.99762, 1, 1, 1, 0.99831, 0.99685, 1, 0.99857, 0.99737, 0.9975, 
0.99647, 0.1144, 0.1279, 0.1488, 0.1516, 0.1621, 0.2085, 0.2315, 
0.2457, 0.1908, 0.2444, 0.2897, 153.9, 159.1, 189.9, 175.8, 182.9, 
234.3, 255.7, 244.6, 175, 237.1, 266, 57, 49, 48, 76, 6, 768, 
117, 4, 6, 536, 1324, 53, 72, 65, 72, 729, 1, 21, 30, 318, 6, 
1, 100, 100, 100, 100, 100, 100, 100, 100, 100, 100, 100, 2500, 
2500, 2500, 2500, 2500, 2500, 2500, 2500, 2500, 2500, 2500, 11745.629, 
12719.179, 13285.111, 13783.797, 14349.783, 15561.615, 16436.723, 
17365.276, 18034.591, 18946.022, 20328.023, 1, 1, 1, 1, 1, 1, 
1, 1, 1, 1, 1, 0.01429, 0.01429, 0.01429, 0.01429, 0.01429, 0.01429, 
0.01429, 0.01429, 0.01429, 0.01429, 0.01429, 0, 0, 0, 0, 0, 0, 
0, 0, 0, 0, 0, 0, 0, 0, 0, 0, 0, 0, 0, 0, 0, 0, 0.99291, 0.99574, 
0.99604, 0.99633, 0.99831, 0.99524, 0.99699, 0.99718, 0.99735, 
0.99627, 0.99646, 0.99762, 0.99574, 0.99604, 0.99633, 0.99831, 
0.99526, 0.99848, 0.99718, 0.99735, 0.99627, 0.9941, 0.1409, 
0.1613, 0.182, 0.1998, 0.224, 0.2374, 0.2612, 0.2677, 0.2957, 
0.3113, 0.3395, 211, 226.4, 238.4, 247.8, 260, 266.7, 275.3, 
288.4, 302.9, 308.1, 314.8, 1, 1, 1, 1, 1, 1, 1, 1, 1, 1, 1, 
1, 1, 1, 1, 1, 1, 1, 1, 1, 1, 1, 1, 1, 1, 1, 1, 1, 1, 1, 1, 1, 
1, 1, 1, 1, 1, 1, 1, 1, 1, 1, 1, 1, 4.46, 4.721, 4.927, 4.911, 
5.218, 5.262, 5.694, 5.631, 5.936, 6.138, 6.281), .Dim = c(11L, 
40L), .Dimnames = list(NULL, c("Sampling", "PSO.cost", "PSO.gamma", 
"PSO.data.balancing", "PSO.feature.selection", "PSO.valid.acc", 
"PSO.test.acc", "PSO.train.time", "PSO.n.support.vectors", "PSO.index", 
"PSO.n.solutions", "PSO.generations", "PSO.n.evaluations", "PSO.cpu.time", 
"RS.cost", "RS.gamma", "RS.data.balancing", "RS.feature.selection", 
"RS.valid.acc", "RS.test.acc", "RS.train.time", "RS.n.support.vectors", 
"RS.index", "RS.n.solutions", "RS.generations", "RS.n.evaluations", 
"RS.cpu.time", "DF.cost", "DF.gamma", "DF.data.balancing", "DF.feature.selection", 
"DF.valid.acc", "DF.test.acc", "DF.train.time", "DF.n.support.vectors", 
"DF.index", "DF.n.solutions", "DF.generations", "DF.n.evaluations", 
"DF.cpu.time")))
