full <-
structure(c(50, 55, 60, 65, 70, 75, 80, 85, 90, 95, 100, 0.22332, 
0.88316, 4.03327, 1.25025, 0.81275, 1.43115, 14.77857, 5.08986, 
0.92857, 6.73047, 5.5477, -7.25513, -6.44661, -9.86523, -8.54183, 
-8.56278, -8.37807, -11.56808, -13.86936, -7.91612, -15, -15, 
0, 0, 0, 0, 0, 0, 0, 0, 0, 0, 0, 0, 0, 0, 0, 0, 0, 0, 0, 0, 0, 
0, 0.99762, 0.99783, 0.998, 0.99818, 0.99652, 0.99839, 0.99853, 
0.99859, 0.99867, 0.9975, 0.99762, 0.99762, 0.99343, 0.998, 0.99818, 
0.99825, 0.99363, 0.99853, 0.99718, 0.99867, 0.9975, 0.99641, 
0.1236, 0.1543, 0.128, 0.1398, 0.1582, 0.179, 0.163, 0.2117, 
0.2188, 0.2335, 0.2963, 165.4, 205.5, 121.9, 158.4, 176.3, 166.9, 
128.8, 204.4, 189.8, 192.3, 265, 6, 4, 12, 53, 3, 151, 9, 540, 
266, 29, 126, 1682, 1736, 1155, 802, 803, 812, 2083, 4, 580, 
1679, 376, 100, 100, 100, 100, 100, 100, 100, 100, 100, 100, 
100, 2500, 2500, 2500, 2500, 2500, 2500, 2500, 2500, 2500, 2500, 
2500, 10298.112, 10867.151, 12561.924, 11270.299, 12190.534, 
14918.307, 13577.566, 15615.399, 16198.952, 15417.562, 14996.898, 
1.7013, 7.72574, 5.67292, 1.79686, 3.81545, 1.79505, 13.54208, 
0.42549, -0.24596, -0.84443, -0.4428, -9.47694, -11.95724, -14.17472, 
-9.81566, -11.17947, -8.83407, -11.83798, -8.755, -7.26231, -7.23904, 
-8.94717, 0, 0, 0, 0, 0, 0, 0, 0, 0, 0, 0, 0, 0, 0, 0, 0, 0, 
0, 0, 0, 0, 0, 0.99762, 0.99783, 0.998, 0.99818, 0.99652, 0.99839, 
0.99853, 0.99859, 0.99867, 0.9975, 0.99881, 0.99762, 0.99348, 
0.99604, 0.99818, 0.9948, 0.99521, 0.99853, 0.99579, 0.99867, 
0.99623, 0.99522, 0.1094, 0.1059, 0.1326, 0.1409, 0.1411, 0.1761, 
0.1551, 0.2179, 0.255, 0.2802, 0.309, 139.6, 112.1, 164.1, 161.7, 
144.7, 158.9, 127.7, 210.1, 237.4, 270.5, 290.7, 6, 2, 92, 102, 
3, 420, 7, 1596, 86, 5, 851, 894, 843, 142, 58, 195, 3, 493, 
2, 12, 126, 1, 100, 100, 100, 100, 100, 100, 100, 100, 100, 100, 
100, 2500, 2500, 2500, 2500, 2500, 2500, 2500, 2500, 2500, 2500, 
2500, 11598.556, 12234.031, 12735.351, 13678.117, 14601.195, 
18365.368, 19054.657, 19373.019, 21308.087, 21660.45, 20102.15, 
1, 1, 1, 1, 1, 1, 1, 1, 1, 1, 1, 0.01429, 0.01429, 0.01429, 0.01429, 
0.01429, 0.01429, 0.01429, 0.01429, 0.01429, 0.01429, 0.01429, 
0, 0, 0, 0, 0, 0, 0, 0, 0, 0, 0, 0, 0, 0, 0, 0, 0, 0, 0, 0, 0, 
0, 0.99518, 0.99343, 0.99608, 0.99454, 0.99482, 0.99521, 0.99554, 
0.99718, 0.99474, 0.99372, 0.99527, 0.99518, 0.99343, 0.99608, 
0.99633, 0.99649, 0.99363, 0.99701, 0.99579, 0.99733, 0.99372, 
0.99527, 0.1459, 0.1619, 0.1775, 0.1962, 0.2168, 0.2468, 0.2756, 
0.2803, 0.3143, 0.3351, 0.3364, 215.7, 227.5, 237.7, 248, 259.7, 
272.7, 280.5, 287.5, 297.6, 309.1, 314.8, 1, 1, 1, 1, 1, 1, 1, 
1, 1, 1, 1, 1, 1, 1, 1, 1, 1, 1, 1, 1, 1, 1, 1, 1, 1, 1, 1, 1, 
1, 1, 1, 1, 1, 1, 1, 1, 1, 1, 1, 1, 1, 1, 1, 1, 4.388, 4.295, 
4.672, 4.938, 5.152, 6.118, 6.845, 6.342, 7.159, 7.322, 6.179
), .Dim = c(11L, 40L), .Dimnames = list(NULL, c("Sampling", "PSO.cost", 
"PSO.gamma", "PSO.data.balancing", "PSO.feature.selection", "PSO.valid.acc", 
"PSO.test.acc", "PSO.train.time", "PSO.n.support.vectors", "PSO.index", 
"PSO.n.solutions", "PSO.generations", "PSO.n.evaluations", "PSO.cpu.time", 
"RS.cost", "RS.gamma", "RS.data.balancing", "RS.feature.selection", 
"RS.valid.acc", "RS.test.acc", "RS.train.time", "RS.n.support.vectors", 
"RS.index", "RS.n.solutions", "RS.generations", "RS.n.evaluations", 
"RS.cpu.time", "DF.cost", "DF.gamma", "DF.data.balancing", "DF.feature.selection", 
"DF.valid.acc", "DF.test.acc", "DF.train.time", "DF.n.support.vectors", 
"DF.index", "DF.n.solutions", "DF.generations", "DF.n.evaluations", 
"DF.cpu.time")))
