full <-
structure(c(50, 55, 60, 65, 70, 75, 80, 85, 90, 95, 100, 11.59733, 
14.65147, 12.25399, 1.44851, 7.23301, 8.36072, 6.11753, 8.84858, 
6.31447, 7.31941, 4.35444, -12.41943, -7.33667, -12.43686, -8.07344, 
-14.55238, -14.76487, -8.33694, -8.81266, -8.58758, -8.50111, 
-13.98407, 0, 0, 0, 0, 0, 0, 0, 0, 0, 0, 0, 0, 0, 0, 0, 0, 0, 
0, 0, 0, 0, 0, 1, 0.99783, 0.99804, 0.99818, 0.99831, 0.99841, 
0.99853, 0.99857, 0.99868, 0.99875, 0.99881, 0.99756, 0.99783, 
0.99804, 0.99818, 0.99831, 0.99841, 0.99853, 0.99716, 0.99735, 
0.99752, 0.9976, 0.1011, 0.1295, 0.1147, 0.1398, 0.1376, 0.1385, 
0.1721, 0.1712, 0.1791, 0.1987, 0.2977, 110.8, 164.9, 120, 157.4, 
137.9, 130.2, 159.4, 154, 159.1, 165.5, 276.9, 2, 2, 5, 2, 2, 
2, 2, 2, 8, 3, 583, 1861, 1881, 1908, 1997, 1953, 2071, 2034, 
1493, 1728, 946, 136, 100, 100, 100, 100, 100, 100, 100, 100, 
100, 100, 100, 2500, 2500, 2500, 2500, 2500, 2500, 2500, 2500, 
2500, 2500, 2500, 12275.689, 13262.447, 13452.432, 13699.094, 
13872.69, 14083.379, 14934.423, 14369.241, 16096.581, 16652.921, 
14886.724, 14.81518, 7.80777, 8.80796, 6.35957, 5.91533, 13.60293, 
9.18418, 14.30889, 14.88413, 14.00531, 2.01003, -11.36485, -11.0377, 
-7.24856, -7.32223, -14.49786, -12.44858, -14.22643, -10.73494, 
-7.31826, -7.97935, -11.6814, 0, 0, 0, 0, 0, 0, 0, 0, 0, 0, 0, 
0, 0, 0, 0, 0, 0, 0, 0, 0, 0, 0, 1, 0.99783, 0.99804, 0.99818, 
0.99831, 0.99841, 0.99853, 0.99857, 0.99868, 0.99875, 0.99881, 
0.99756, 0.99783, 0.99804, 0.99818, 0.99831, 0.99841, 0.99853, 
0.99716, 0.99868, 0.99752, 0.9976, 0.0998, 0.1059, 0.1429, 0.1516, 
0.1587, 0.1423, 0.1535, 0.1575, 0.2098, 0.2042, 0.3042, 112.3, 
115.2, 179.5, 179.1, 179.5, 127.6, 128.2, 134.2, 202, 180.4, 
285.1, 4, 1, 2, 2, 3, 6, 1, 2, 4, 2, 243, 712, 946, 915, 927, 
882, 984, 952, 260, 803, 345, 12, 100, 100, 100, 100, 100, 100, 
100, 100, 100, 100, 100, 2500, 2500, 2500, 2500, 2500, 2500, 
2500, 2500, 2500, 2500, 2500, 13907.368, 14835.334, 15432.836, 
16175.347, 16738.499, 17539.34, 19043.699, 19483.359, 20321.019, 
20256.614, 20330.333, 1, 1, 1, 1, 1, 1, 1, 1, 1, 1, 1, 0.01429, 
0.01429, 0.01429, 0.01429, 0.01429, 0.01429, 0.01429, 0.01429, 
0.01429, 0.01429, 0.01429, 0, 0, 0, 0, 0, 0, 0, 0, 0, 0, 0, 0, 
0, 0, 0, 0, 0, 0, 0, 0, 0, 0, 0.99285, 0.99352, 0.99408, 0.99451, 
0.99492, 0.99683, 0.99706, 0.99575, 0.99604, 0.9975, 0.99643, 
0.99285, 0.99352, 0.99408, 0.99273, 0.99492, 0.99521, 0.99706, 
0.99716, 0.99737, 0.99627, 0.99643, 0.1498, 0.1625, 0.18, 0.198, 
0.2166, 0.2394, 0.2524, 0.2737, 0.2931, 0.3262, 0.3416, 212.9, 
227.2, 240, 249.4, 259.6, 274.6, 281.1, 294, 301.8, 307.4, 314.2, 
1, 1, 1, 1, 1, 1, 1, 1, 1, 1, 1, 1, 1, 1, 1, 1, 1, 1, 1, 1, 1, 
1, 1, 1, 1, 1, 1, 1, 1, 1, 1, 1, 1, 1, 1, 1, 1, 1, 1, 1, 1, 1, 
1, 1, 5.407, 5.558, 5.736, 5.95, 6.055, 6.359, 6.584, 6.714, 
6.898, 6.274, 6.317), .Dim = c(11L, 40L), .Dimnames = list(NULL, 
    c("Sampling", "PSO.cost", "PSO.gamma", "PSO.data.balancing", 
    "PSO.feature.selection", "PSO.valid.acc", "PSO.test.acc", 
    "PSO.train.time", "PSO.n.support.vectors", "PSO.index", "PSO.n.solutions", 
    "PSO.generations", "PSO.n.evaluations", "PSO.cpu.time", "RS.cost", 
    "RS.gamma", "RS.data.balancing", "RS.feature.selection", 
    "RS.valid.acc", "RS.test.acc", "RS.train.time", "RS.n.support.vectors", 
    "RS.index", "RS.n.solutions", "RS.generations", "RS.n.evaluations", 
    "RS.cpu.time", "DF.cost", "DF.gamma", "DF.data.balancing", 
    "DF.feature.selection", "DF.valid.acc", "DF.test.acc", "DF.train.time", 
    "DF.n.support.vectors", "DF.index", "DF.n.solutions", "DF.generations", 
    "DF.n.evaluations", "DF.cpu.time")))
