full <-
structure(c(50, 55, 60, 65, 70, 75, 80, 85, 90, 95, 100, 10.38087, 
8.85044, 7.28149, 4.74893, 9.28125, 0.55028, 2.68909, 0.47882, 
-0.77258, 8.41905, 1.72918, -7.88745, -13.06564, -7.4596, -14.29015, 
-7.9573, -10.16247, -13.42999, -10.86385, -8.04581, -7.58477, 
-9.21128, 0, 0, 0, 0, 0, 0, 0, 0, 0, 0, 0, 0, 0, 0, 0, 0, 0, 
0, 0, 0, 0, 0, 0.99762, 1, 0.99796, 0.99818, 0.99831, 0.99839, 
0.99848, 0.99861, 0.99733, 0.99875, 0.99882, 1, 0.9957, 0.99796, 
0.99633, 0.99831, 0.99839, 0.99552, 0.99861, 0.99733, 0.99875, 
0.99528, 0.1123, 0.1114, 0.1349, 0.1748, 0.1512, 0.2166, 0.2863, 
0.2913, 0.2649, 0.2194, 0.2193, 141.4, 116.1, 164.2, 217, 156.9, 
248.9, 335.2, 325.4, 261.5, 194.3, 185.3, 3, 8, 3, 8, 5, 35, 
6, 3, 15, 16, 2, 1003, 1294, 684, 1089, 2025, 769, 838, 1177, 
302, 1430, 919, 100, 100, 100, 100, 100, 100, 100, 100, 100, 
100, 100, 2500, 2500, 2500, 2500, 2500, 2500, 2500, 2500, 2500, 
2500, 2500, 12818.934, 13649.364, 14504.998, 14286.353, 14332.615, 
15784.22, 16978.277, 16052.439, 16349.049, 15487.205, 17903.131, 
7.65329, 7.27525, 12.0778, 4.21757, 3.25379, 0.42158, -1.30637, 
5.38151, 3.01328, 12.57298, 4.68476, -7.73081, -12.18889, -6.99371, 
-13.56758, -9.20417, -7.2356, -8.73654, -11.88649, -11.70041, 
-7.1757, -14.02113, 0, 0, 0, 0, 0, 0, 0, 0, 0, 0, 0, 0, 0, 0, 
0, 0, 0, 0, 0, 0, 0, 0, 0.99762, 1, 0.99796, 0.99818, 0.99831, 
1, 0.99848, 0.99861, 0.99733, 0.99875, 0.99882, 1, 0.9957, 0.99408, 
0.99818, 0.99831, 0.99682, 0.99554, 0.99861, 0.99733, 0.99875, 
0.99646, 0.1122, 0.1109, 0.143, 0.1666, 0.1455, 0.1895, 0.2671, 
0.1659, 0.2126, 0.2377, 0.2718, 145.2, 116.6, 182.3, 206.6, 138.1, 
202.8, 308.4, 136, 207.6, 215.2, 254, 30, 11, 11, 25, 2, 1342, 
7, 3, 46, 10, 2, 104, 532, 252, 109, 940, 1, 380, 199, 49, 270, 
137, 100, 100, 100, 100, 100, 100, 100, 100, 100, 100, 100, 2500, 
2500, 2500, 2500, 2500, 2500, 2500, 2500, 2500, 2500, 2500, 14156.616, 
15194.739, 15564.509, 16470.781, 17472.88, 18663.734, 18980.675, 
19307.522, 20375.617, 21279.2180000001, 22078.591, 1, 1, 1, 1, 
1, 1, 1, 1, 1, 1, 1, 0.01429, 0.01429, 0.01429, 0.01429, 0.01429, 
0.01429, 0.01429, 0.01429, 0.01429, 0.01429, 0.01429, 0, 0, 0, 
0, 0, 0, 0, 0, 0, 0, 0, 0, 0, 0, 0, 0, 0, 0, 0, 0, 0, 0, 0.99048, 
0.9914, 0.99215, 0.99451, 0.99494, 0.99521, 0.99554, 0.99304, 
0.99335, 0.995, 0.99763, 0.99048, 0.9914, 0.99215, 0.99269, 0.99322, 
0.9936, 0.99701, 0.99579, 0.99467, 0.99625, 0.99644, 0.1413, 
0.1615, 0.1732, 0.1983, 0.2213, 0.2384, 0.2543, 0.2692, 0.2997, 
0.3205, 0.3406, 211.9, 221.4, 231, 249.7, 257.6, 269.9, 273.6, 
280.7, 293.1, 305.4, 317.3, 1, 1, 1, 1, 1, 1, 1, 1, 1, 1, 1, 
1, 1, 1, 1, 1, 1, 1, 1, 1, 1, 1, 1, 1, 1, 1, 1, 1, 1, 1, 1, 1, 
1, 1, 1, 1, 1, 1, 1, 1, 1, 1, 1, 1, 5.531, 5.718, 5.82, 6.099, 
6.419, 6.618, 6.495, 6.576, 6.849, 7.018, 7.222), .Dim = c(11L, 
40L), .Dimnames = list(NULL, c("Sampling", "PSO.cost", "PSO.gamma", 
"PSO.data.balancing", "PSO.feature.selection", "PSO.valid.acc", 
"PSO.test.acc", "PSO.train.time", "PSO.n.support.vectors", "PSO.index", 
"PSO.n.solutions", "PSO.generations", "PSO.n.evaluations", "PSO.cpu.time", 
"RS.cost", "RS.gamma", "RS.data.balancing", "RS.feature.selection", 
"RS.valid.acc", "RS.test.acc", "RS.train.time", "RS.n.support.vectors", 
"RS.index", "RS.n.solutions", "RS.generations", "RS.n.evaluations", 
"RS.cpu.time", "DF.cost", "DF.gamma", "DF.data.balancing", "DF.feature.selection", 
"DF.valid.acc", "DF.test.acc", "DF.train.time", "DF.n.support.vectors", 
"DF.index", "DF.n.solutions", "DF.generations", "DF.n.evaluations", 
"DF.cpu.time")))
