full <-
structure(c(50, 55, 60, 65, 70, 75, 80, 85, 90, 95, 100, 1, 8.08902, 
2.93079, 5.04572, 5.38837, 4.2776, -0.78413, 6.91459, 0.49676, 
-0.82929, 9.88439, 0.01429, -7.03746, -11.09738, -12.47077, -7.36763, 
-11.57715, -7.33789, -9.00587, -9.18939, -7.02066, -9.07765, 
0, 0, 0, 0, 0, 0, 0, 0, 0, 0, 0, 0, 0, 0, 0, 0, 0, 0, 0, 0, 0, 
0, 0.99756, 0.99787, 0.998, 0.99811, 0.99831, 0.99844, 0.99851, 
0.99861, 0.99733, 0.99875, 0.99882, 0.99524, 0.9957, 0.998, 0.9963, 
0.99831, 0.99844, 0.99851, 0.9972, 0.99733, 0.9975, 0.99882, 
0.146, 0.1384, 0.1323, 0.1334, 0.1647, 0.1491, 0.2175, 0.1778, 
0.2374, 0.2723, 0.195, 208.5, 174, 154.5, 140.6, 180.6, 142.8, 
237.8, 143.2, 225.1, 272.4, 157.6, 1, 5, 136, 12, 2, 2, 159, 
3, 7, 1065, 5, 344, 1476, 616, 1391, 1853, 682, 754, 1407, 519, 
49, 1546, 100, 100, 100, 100, 100, 100, 100, 100, 100, 100, 100, 
2500, 2500, 2500, 2500, 2500, 2500, 2500, 2500, 2500, 2500, 2500, 
11128.826, 11165.596, 11424.399, 12092.436, 11491.038, 12748.65, 
13205.129, 14105.786, 16436.35, 13480.471, 14063.926, 5.12894, 
14.43257, 5.7485, 9.12285, 5.34116, 4.0198, -0.8139, 10.232, 
4.51083, -0.89819, 3.54225, -7.26563, -6.54574, -13.87608, -7.67678, 
-13.38161, -11.37708, -6.74227, -10.58665, -13.18142, -6.8532, 
-6.71162, 0, 0, 0, 0, 0, 0, 0, 0, 0, 0, 0, 0, 0, 0, 0, 0, 0, 
0, 0, 0, 0, 0, 0.99756, 0.99787, 0.998, 0.99811, 0.99831, 0.99844, 
0.99851, 0.99861, 0.99733, 0.99875, 0.99882, 0.99756, 0.9957, 
0.998, 0.99811, 0.99661, 0.99682, 0.99701, 0.99579, 0.99733, 
0.9975, 0.99882, 0.1195, 0.145, 0.1303, 0.1435, 0.1507, 0.1501, 
0.2289, 0.1644, 0.2248, 0.2788, 0.2755, 157.1, 196.6, 150.2, 
161.1, 160, 144.6, 257.3, 131.3, 207.5, 281.7, 258.6, 8, 23, 
13, 16, 1, 6, 1330, 19, 14, 254, 1, 214, 197, 117, 296, 823, 
248, 2, 145, 64, 2, 451, 100, 100, 100, 100, 100, 100, 100, 100, 
100, 100, 100, 2500, 2500, 2500, 2500, 2500, 2500, 2500, 2500, 
2500, 2500, 2500, 11692.496, 12350.561, 13040.517, 13933.26, 
14595.728, 15332.626, 16077.399, 19723.284, 18273.112, 18826.857, 
19744.706, 1, 1, 1, 1, 1, 1, 1, 1, 1, 1, 1, 0.01429, 0.01429, 
0.01429, 0.01429, 0.01429, 0.01429, 0.01429, 0.01429, 0.01429, 
0.01429, 0.01429, 0, 0, 0, 0, 0, 0, 0, 0, 0, 0, 0, 0, 0, 0, 0, 
0, 0, 0, 0, 0, 0, 0, 0.99756, 0.99348, 0.996, 0.99623, 0.99658, 
0.9968, 0.99557, 0.99581, 0.99465, 0.99498, 0.99765, 0.99524, 
0.99348, 0.994, 0.99623, 0.99486, 0.9968, 0.99407, 0.99581, 0.99333, 
0.99498, 0.99647, 0.1456, 0.1617, 0.1782, 0.1975, 0.221, 0.2284, 
0.2505, 0.2825, 0.2886, 0.3101, 0.3343, 208.5, 225.2, 235.7, 
248.2, 262.9, 268, 278.2, 286.6, 295.9, 307.6, 315.7, 1, 1, 1, 
1, 1, 1, 1, 1, 1, 1, 1, 1, 1, 1, 1, 1, 1, 1, 1, 1, 1, 1, 1, 1, 
1, 1, 1, 1, 1, 1, 1, 1, 1, 1, 1, 1, 1, 1, 1, 1, 1, 1, 1, 1, 4.36, 
4.613, 4.758, 4.969, 5.157, 5.187, 5.495, 6.666, 5.823, 6.042, 
6.06), .Dim = c(11L, 40L), .Dimnames = list(NULL, c("Sampling", 
"PSO.cost", "PSO.gamma", "PSO.data.balancing", "PSO.feature.selection", 
"PSO.valid.acc", "PSO.test.acc", "PSO.train.time", "PSO.n.support.vectors", 
"PSO.index", "PSO.n.solutions", "PSO.generations", "PSO.n.evaluations", 
"PSO.cpu.time", "RS.cost", "RS.gamma", "RS.data.balancing", "RS.feature.selection", 
"RS.valid.acc", "RS.test.acc", "RS.train.time", "RS.n.support.vectors", 
"RS.index", "RS.n.solutions", "RS.generations", "RS.n.evaluations", 
"RS.cpu.time", "DF.cost", "DF.gamma", "DF.data.balancing", "DF.feature.selection", 
"DF.valid.acc", "DF.test.acc", "DF.train.time", "DF.n.support.vectors", 
"DF.index", "DF.n.solutions", "DF.generations", "DF.n.evaluations", 
"DF.cpu.time")))
