full <-
structure(c(50, 55, 60, 65, 70, 75, 80, 85, 90, 95, 100, 9.98322, 
5.62964, 8.62717, 0.39118, -1.07047, -0.72901, 4.13871, 14.93376, 
3.5275, -1.29531, 10.58595, -14.23605, -7.60849, -7.25572, -7.5605, 
-7.50906, -7.5806, -7.21669, -7.93299, -12.7607, -7.33547, -10.43275, 
0, 0, 0, 0, 0, 0, 0, 0, 0, 0, 0, 0, 0, 0, 0, 0, 0, 0, 0, 0, 0, 
0, 0.99762, 1, 1, 1, 1, 0.99844, 0.99851, 0.99861, 0.9987, 0.99748, 
0.99881, 0.99524, 1, 1, 1, 0.99831, 0.99521, 0.99851, 0.9972, 
0.99737, 0.99622, 0.99762, 0.0954, 0.1224, 0.1394, 0.1539, 0.1995, 
0.2116, 0.1934, 0.1896, 0.2416, 0.2907, 0.189, 103, 147, 166.1, 
180.8, 236.9, 231, 197.4, 172.8, 237.7, 292.9, 143, 3, 7, 2, 
33, 219, 707, 37, 10, 20, 360, 3, 2093, 1634, 1953, 574, 628, 
108, 1692, 1931, 560, 863, 2045, 100, 100, 100, 100, 100, 100, 
100, 100, 100, 100, 100, 2500, 2500, 2500, 2500, 2500, 2500, 
2500, 2500, 2500, 2500, 2500, 11848.473, 12542.163, 12508.817, 
14014.186, 14549.668, 14983.914, 14796.908, 14530.592, 15953.924, 
16508.77, 14014.6, 4.32891, 8.53422, 8.54269, 2.35341, -1.23106, 
-1.00027, 7.43643, 1.46892, 3.08612, -1.13527, 14.53607, -11.30558, 
-9.1286, -9.06125, -12.00641, -7.4991, -7.12466, -6.74811, -7.22707, 
-10.53392, -7.56906, -8.34509, 0, 0, 0, 0, 0, 0, 0, 0, 0, 0, 
0, 0, 0, 0, 0, 0, 0, 0, 0, 0, 0, 0, 0.99762, 1, 1, 1, 1, 0.99844, 
0.99851, 0.99861, 0.9987, 0.99748, 0.99881, 0.99524, 1, 0.99804, 
0.99633, 0.99831, 0.9968, 0.99851, 0.9972, 0.99474, 0.99622, 
0.99881, 0.0994, 0.11, 0.1259, 0.1797, 0.2056, 0.2177, 0.223, 
0.2065, 0.1915, 0.2849, 0.2107, 114.6, 119.5, 127.7, 224.9, 243.3, 
243.5, 229.9, 201.1, 167.2, 284.1, 173.6, 2, 3, 2, 25, 631, 51, 
10, 6, 24, 182, 5, 925, 398, 763, 106, 5, 5, 150, 374, 100, 13, 
592, 100, 100, 100, 100, 100, 100, 100, 100, 100, 100, 100, 2500, 
2500, 2500, 2500, 2500, 2500, 2500, 2500, 2500, 2500, 2500, 13315.55, 
14226.753, 14706.756, 15557.259, 16168.912, 17162.205, 18223.5, 
18973.442, 19564.58, 20693.864, 21613.286, 1, 1, 1, 1, 1, 1, 
1, 1, 1, 1, 1, 0.01429, 0.01429, 0.01429, 0.01429, 0.01429, 0.01429, 
0.01429, 0.01429, 0.01429, 0.01429, 0.01429, 0, 0, 0, 0, 0, 0, 
0, 0, 0, 0, 0, 0, 0, 0, 0, 0, 0, 0, 0, 0, 0, 0, 0.99524, 0.99783, 
0.99796, 0.9963, 0.99661, 0.99521, 0.99701, 0.99722, 0.99609, 
0.99372, 0.99524, 0.99286, 0.99783, 0.99796, 0.9963, 0.99661, 
0.99519, 0.99701, 0.99722, 0.99609, 0.99372, 0.9976, 0.1389, 
0.1596, 0.1855, 0.1996, 0.2183, 0.2338, 0.2541, 0.2754, 0.295, 
0.3124, 0.3375, 203.4, 215.6, 227.4, 239.4, 256.6, 265.2, 275.5, 
288, 296.6, 304, 315.6, 1, 1, 1, 1, 1, 1, 1, 1, 1, 1, 1, 1, 1, 
1, 1, 1, 1, 1, 1, 1, 1, 1, 1, 1, 1, 1, 1, 1, 1, 1, 1, 1, 1, 1, 
1, 1, 1, 1, 1, 1, 1, 1, 1, 1, 5.029, 5.243, 5.611, 5.599, 5.71, 
6.028, 6.244, 6.401, 6.527, 6.642, 6.965), .Dim = c(11L, 40L), .Dimnames = list(
    NULL, c("Sampling", "PSO.cost", "PSO.gamma", "PSO.data.balancing", 
    "PSO.feature.selection", "PSO.valid.acc", "PSO.test.acc", 
    "PSO.train.time", "PSO.n.support.vectors", "PSO.index", "PSO.n.solutions", 
    "PSO.generations", "PSO.n.evaluations", "PSO.cpu.time", "RS.cost", 
    "RS.gamma", "RS.data.balancing", "RS.feature.selection", 
    "RS.valid.acc", "RS.test.acc", "RS.train.time", "RS.n.support.vectors", 
    "RS.index", "RS.n.solutions", "RS.generations", "RS.n.evaluations", 
    "RS.cpu.time", "DF.cost", "DF.gamma", "DF.data.balancing", 
    "DF.feature.selection", "DF.valid.acc", "DF.test.acc", "DF.train.time", 
    "DF.n.support.vectors", "DF.index", "DF.n.solutions", "DF.generations", 
    "DF.n.evaluations", "DF.cpu.time")))
