full <-
structure(c(50, 55, 60, 65, 70, 75, 80, 85, 90, 95, 100, 0.97268, 
1, 1, 1, 13.72493, 1, 10.31958, 6.95156, -0.87068, 5.0393, -0.0138, 
-6.5606, 0.01429, 0.01429, 0.01429, -7.04663, 0.01429, -6.3882, 
-6.67801, -6.2222, -8.07454, -9.33135, 0, 0, 0, 0, 0, 0, 0, 0, 
0, 0, 0, 0, 0, 0, 0, 0, 0, 0, 0, 0, 0, 0, 0.99762, 0.99783, 0.998, 
0.99815, 0.99828, 0.99841, 0.99848, 0.99857, 0.99737, 0.99873, 
0.99763, 0.99762, 0.99783, 0.994, 0.99451, 0.99828, 0.99841, 
0.99699, 0.99716, 0.99737, 0.99747, 0.99763, 0.125, 0.1575, 0.1815, 
0.1982, 0.1711, 0.2337, 0.2307, 0.2507, 0.3125, 0.2079, 0.2977, 
185, 223.2, 236.6, 249.7, 192.8, 272.1, 256.7, 246, 299.1, 177.3, 
279.6, 8, 1, 1, 1, 4, 1, 173, 3, 745, 5, 2, 864, 1480, 724, 1640, 
1553, 1139, 431, 1758, 66, 366, 1547, 100, 100, 100, 100, 100, 
100, 100, 100, 100, 100, 100, 2500, 2500, 2500, 2500, 2500, 2500, 
2500, 2500, 2500, 2500, 2500, 11051.72, 11782.485, 12572.902, 
12464.182, 12303.731, 14244.893, 15258.921, 14676.434, 16632.929, 
15322.659, 14785.941, 2.52552, 1.84981, 6.73289, 12.538, 8.84899, 
14.65573, -0.01482, 2.71268, 7.88302, 10.65284, -1.01182, -6.50536, 
-9.09189, -7.94843, -13.39588, -8.25721, -6.62416, -6.29616, 
-7.192, -6.06219, -8.12365, -8.57579, 0, 0, 0, 0, 0, 0, 0, 0, 
0, 0, 0, 0, 0, 0, 0, 0, 0, 0, 0, 0, 0, 0, 0.99762, 0.99783, 0.998, 
0.99815, 0.99828, 0.99841, 0.99848, 0.99857, 0.99737, 0.99873, 
0.99763, 0.99762, 0.99783, 0.996, 0.99633, 0.99828, 0.99841, 
0.99699, 0.99716, 0.99604, 0.99747, 0.99763, 0.1298, 0.1214, 
0.1302, 0.1249, 0.1538, 0.2053, 0.2514, 0.215, 0.3066, 0.2085, 
0.3277, 187.3, 138, 144.7, 118.1, 151.3, 228.2, 266.4, 210.3, 
300, 175.6, 316.2, 11, 1, 4, 1, 19, 5, 187, 34, 445, 7, 12, 197, 
864, 431, 877, 389, 522, 11, 279, 1, 98, 385, 100, 100, 100, 
100, 100, 100, 100, 100, 100, 100, 100, 2500, 2500, 2500, 2500, 
2500, 2500, 2500, 2500, 2500, 2500, 2500, 12031.154, 12823.342, 
13340.212, 14184.811, 15343.911, 15920.845, 18316.332, 18870.061, 
19608.116, 21275.247, 21868.342, 1, 1, 1, 1, 1, 1, 1, 1, 1, 1, 
1, 0.01429, 0.01429, 0.01429, 0.01429, 0.01429, 0.01429, 0.01429, 
0.01429, 0.01429, 0.01429, 0.01429, 0, 0, 0, 0, 0, 0, 0, 0, 0, 
0, 0, 0, 0, 0, 0, 0, 0, 0, 0, 0, 0, 0, 0.99529, 0.99783, 0.998, 
0.99815, 0.99661, 0.99841, 0.99701, 0.9972, 0.9947, 0.99622, 
0.99522, 0.99529, 0.99783, 0.994, 0.99451, 0.99489, 0.99841, 
0.99699, 0.99581, 0.99737, 0.99622, 0.99522, 0.1366, 0.1673, 
0.1785, 0.2055, 0.2236, 0.2324, 0.2703, 0.2904, 0.2973, 0.3241, 
0.3487, 207, 223.2, 236.6, 249.7, 258.1, 272.1, 281.1, 291.5, 
294.3, 309.2, 315.4, 1, 1, 1, 1, 1, 1, 1, 1, 1, 1, 1, 1, 1, 1, 
1, 1, 1, 1, 1, 1, 1, 1, 1, 1, 1, 1, 1, 1, 1, 1, 1, 1, 1, 1, 1, 
1, 1, 1, 1, 1, 1, 1, 1, 1, 4.496, 4.862, 4.755, 5.225, 5.425, 
5.559, 6.36, 6.569, 6.527, 6.862, 6.947), .Dim = c(11L, 40L), .Dimnames = list(
    NULL, c("Sampling", "PSO.cost", "PSO.gamma", "PSO.data.balancing", 
    "PSO.feature.selection", "PSO.valid.acc", "PSO.test.acc", 
    "PSO.train.time", "PSO.n.support.vectors", "PSO.index", "PSO.n.solutions", 
    "PSO.generations", "PSO.n.evaluations", "PSO.cpu.time", "RS.cost", 
    "RS.gamma", "RS.data.balancing", "RS.feature.selection", 
    "RS.valid.acc", "RS.test.acc", "RS.train.time", "RS.n.support.vectors", 
    "RS.index", "RS.n.solutions", "RS.generations", "RS.n.evaluations", 
    "RS.cpu.time", "DF.cost", "DF.gamma", "DF.data.balancing", 
    "DF.feature.selection", "DF.valid.acc", "DF.test.acc", "DF.train.time", 
    "DF.n.support.vectors", "DF.index", "DF.n.solutions", "DF.generations", 
    "DF.n.evaluations", "DF.cpu.time")))
