full <-
structure(c(50, 55, 60, 65, 70, 75, 80, 85, 90, 95, 100, 14.61915, 
1, 1, 6.36925, 1.8264, 1, 1, 8.06296, 7.31545, 12.87854, -1.33753, 
-14.54233, 0.01429, 0.01429, -12.45686, -7.26605, 0.01429, 0.01429, 
-7.08324, -7.23445, -6.91774, -8.51845, 0, 0, 0, 0, 0, 0, 0, 
0, 0, 0, 0, 0, 0, 0, 0, 0, 0, 0, 0, 0, 0, 0, 1, 1, 1, 1, 0.99831, 
0.99839, 0.99851, 0.99859, 0.99868, 0.99877, 0.99882, 1, 1, 1, 
1, 0.99831, 0.99839, 0.99851, 0.99859, 0.99605, 0.9975, 0.99646, 
0.1025, 0.1685, 0.1822, 0.1346, 0.1771, 0.247, 0.2659, 0.2197, 
0.2191, 0.249, 0.3434, 107.8, 227.4, 239.6, 125.7, 193, 268.9, 
281.9, 214, 202.4, 231.1, 341.1, 3, 1, 1, 2, 2, 1, 1, 30, 37, 
3, 610, 2099, 1606, 1539, 2014, 1768, 1613, 655, 1768, 1660, 
1099, 68, 100, 100, 100, 100, 100, 100, 100, 100, 100, 100, 100, 
2500, 2500, 2500, 2500, 2500, 2500, 2500, 2500, 2500, 2500, 2500, 
9864.372, 11440.089, 13655.255, 13080.917, 14199.739, 15715.554, 
16998.151, 14664.105, 15520.493, 16494.213, 15854.681, 1.89775, 
11.64329, 12.17163, 2.10228, 3.06329, 1.68357, 1.20147, 10.25298, 
8.26872, 10.07399, 2.21998, -7.27511, -6.04228, -14.20732, -7.50032, 
-10.88424, -10.74045, -7.60876, -6.48382, -6.88534, -6.92191, 
-12.2182, 0, 0, 0, 0, 0, 0, 0, 0, 0, 0, 0, 0, 0, 0, 0, 0, 0, 
0, 0, 0, 0, 0, 1, 1, 1, 1, 0.99831, 0.99839, 0.99851, 0.99859, 
0.99868, 0.99877, 0.99765, 1, 1, 1, 1, 0.99831, 0.99839, 0.99851, 
0.99859, 0.99737, 0.9975, 0.99646, 0.1195, 0.1684, 0.1173, 0.168, 
0.1616, 0.2015, 0.1906, 0.2562, 0.2405, 0.2504, 0.3141, 159.9, 
231.6, 117.9, 179.1, 155.2, 212.4, 189.9, 261, 230, 230.8, 312.3, 
7, 2, 2, 4, 2, 3, 15, 7, 1, 124, 1172, 855, 1032, 863, 839, 935, 
1087, 250, 246, 169, 124, 2, 100, 100, 100, 100, 100, 100, 100, 
100, 100, 100, 100, 2500, 2500, 2500, 2500, 2500, 2500, 2500, 
2500, 2500, 2500, 2500, 11344.952, 12404.441, 14987.044, 15964.616, 
16637.89, 17306.081, 18054.535, 19087.011, 19813.745, 21340.325, 
19818.58, 1, 1, 1, 1, 1, 1, 1, 1, 1, 1, 1, 0.01429, 0.01429, 
0.01429, 0.01429, 0.01429, 0.01429, 0.01429, 0.01429, 0.01429, 
0.01429, 0.01429, 0, 0, 0, 0, 0, 0, 0, 0, 0, 0, 0, 0, 0, 0, 0, 
0, 0, 0, 0, 0, 0, 0, 0.99756, 1, 1, 0.99815, 0.99661, 0.99839, 
0.99851, 0.99718, 0.99737, 0.99628, 0.99527, 0.99518, 1, 1, 0.99815, 
0.99831, 0.99839, 0.99851, 0.99859, 0.99737, 0.99502, 0.99528, 
0.1385, 0.1696, 0.1889, 0.2053, 0.2287, 0.2431, 0.2642, 0.2812, 
0.3002, 0.326, 0.3379, 211.7, 227.4, 239.6, 247.5, 259.4, 268.9, 
281.9, 289.9, 300.4, 307.6, 317.8, 1, 1, 1, 1, 1, 1, 1, 1, 1, 
1, 1, 1, 1, 1, 1, 1, 1, 1, 1, 1, 1, 1, 1, 1, 1, 1, 1, 1, 1, 1, 
1, 1, 1, 1, 1, 1, 1, 1, 1, 1, 1, 1, 1, 1, 4.304, 5.273, 5.662, 
5.664, 6.006, 5.99, 6.262, 6.347, 6.501, 6.844, 6.195), .Dim = c(11L, 
40L), .Dimnames = list(NULL, c("Sampling", "PSO.cost", "PSO.gamma", 
"PSO.data.balancing", "PSO.feature.selection", "PSO.valid.acc", 
"PSO.test.acc", "PSO.train.time", "PSO.n.support.vectors", "PSO.index", 
"PSO.n.solutions", "PSO.generations", "PSO.n.evaluations", "PSO.cpu.time", 
"RS.cost", "RS.gamma", "RS.data.balancing", "RS.feature.selection", 
"RS.valid.acc", "RS.test.acc", "RS.train.time", "RS.n.support.vectors", 
"RS.index", "RS.n.solutions", "RS.generations", "RS.n.evaluations", 
"RS.cpu.time", "DF.cost", "DF.gamma", "DF.data.balancing", "DF.feature.selection", 
"DF.valid.acc", "DF.test.acc", "DF.train.time", "DF.n.support.vectors", 
"DF.index", "DF.n.solutions", "DF.generations", "DF.n.evaluations", 
"DF.cpu.time")))
