full <-
structure(c(50, 55, 60, 65, 70, 75, 80, 85, 90, 95, 100, 5.74393, 
12.79193, 1, 12.45054, 10.4671, 1.64405, 8.24129, 3.43264, -0.58966, 
10.55176, -0.06379, -12.06669, -7.52763, 0.01429, -12.22165, 
-12.2245, -10.06198, -13.63469, -11.84224, -6.5943, -10.48079, 
-8.93497, 0, 0, 0, 0, 0, 0, 0, 0, 0, 0, 0, 0, 0, 0, 0, 0, 0, 
0, 0, 0, 0, 0, 0.99762, 0.99783, 0.99804, 0.9964, 0.99833, 0.99841, 
0.99848, 0.99722, 0.99867, 0.99873, 0.99759, 0.99762, 0.99352, 
0.99804, 0.99821, 0.99833, 0.99683, 0.99704, 0.99722, 0.99733, 
0.99623, 0.99759, 0.0964, 0.1233, 0.1802, 0.1194, 0.1255, 0.1747, 
0.1479, 0.2071, 0.2886, 0.181, 0.2811, 109, 151.4, 236.6, 116.6, 
119.4, 186.7, 127.7, 192.7, 282.1, 138.9, 261.8, 3, 5, 1, 4, 
3, 131, 92, 64, 1488, 13, 10, 2113, 1580, 1039, 1884, 2108, 263, 
187, 1212, 48, 1559, 777, 100, 100, 100, 100, 100, 100, 100, 
100, 100, 100, 100, 2500, 2500, 2500, 2500, 2500, 2500, 2500, 
2500, 2500, 2500, 2500, 10206.152, 10693.154, 12289.699, 11036.514, 
11204.663, 12328.327, 12152.544, 13821.972, 15512.031, 12062.354, 
15522.64, 4.0423, 9.21459, 4.0307, 3.95397, 12.10103, 2.02649, 
9.23432, 2.48868, -1.13107, 13.57026, 0.03989, -8.56152, -7.29555, 
-7.24209, -11.44383, -12.53772, -10.5907, -14.64764, -11.8682, 
-6.69408, -9.96168, -9.20593, 0, 0, 0, 0, 0, 0, 0, 0, 0, 0, 0, 
0, 0, 0, 0, 0, 0, 0, 0, 0, 0, 0, 0.99762, 0.99783, 0.99804, 0.9964, 
0.99833, 0.99841, 0.99848, 0.99722, 0.99867, 0.99873, 0.99759, 
0.99762, 0.9956, 0.99804, 0.9964, 0.99833, 0.99683, 0.99704, 
0.99585, 0.99733, 0.99623, 0.99759, 0.1021, 0.1285, 0.142, 0.1315, 
0.127, 0.1757, 0.1503, 0.2295, 0.2919, 0.179, 0.2898, 123.4, 
160.2, 174.6, 140.9, 119.4, 190.5, 127.2, 244.4, 295.9, 141.7, 
266.9, 1, 3, 6, 1, 5, 3, 639, 8, 1197, 48, 2, 1030, 235, 417, 
779, 894, 39, 9, 151, 1, 76, 124, 100, 100, 100, 100, 100, 100, 
100, 100, 100, 100, 100, 2500, 2500, 2500, 2500, 2500, 2500, 
2500, 2500, 2500, 2500, 2500, 11602.343, 12412.878, 12783.665, 
13562.359, 14565.046, 15328.287, 16853.535, 17579.311, 18550.509, 
19342.165, 20600.71, 1, 1, 1, 1, 1, 1, 1, 1, 1, 1, 1, 0.01429, 
0.01429, 0.01429, 0.01429, 0.01429, 0.01429, 0.01429, 0.01429, 
0.01429, 0.01429, 0.01429, 0, 0, 0, 0, 0, 0, 0, 0, 0, 0, 0, 0, 
0, 0, 0, 0, 0, 0, 0, 0, 0, 0, 0.99524, 0.99348, 0.99804, 0.99276, 
0.99664, 0.99526, 0.99554, 0.99303, 0.99602, 0.99622, 0.99405, 
0.99524, 0.9956, 0.99804, 0.9964, 0.99664, 0.99685, 0.99704, 
0.99726, 0.99733, 0.99748, 0.994, 0.1417, 0.1617, 0.1776, 0.1956, 
0.2252, 0.2353, 0.2645, 0.2777, 0.3124, 0.3227, 0.3511, 211.5, 
224.2, 236.6, 248.7, 260.3, 266.8, 278.4, 293.1, 304.7, 309.5, 
314.4, 1, 1, 1, 1, 1, 1, 1, 1, 1, 1, 1, 1, 1, 1, 1, 1, 1, 1, 
1, 1, 1, 1, 1, 1, 1, 1, 1, 1, 1, 1, 1, 1, 1, 1, 1, 1, 1, 1, 1, 
1, 1, 1, 1, 1, 4.409, 4.608, 4.715, 4.659, 5.283, 5.11, 6.088, 
5.609, 6.209, 6.109, 6.559), .Dim = c(11L, 40L), .Dimnames = list(
    NULL, c("Sampling", "PSO.cost", "PSO.gamma", "PSO.data.balancing", 
    "PSO.feature.selection", "PSO.valid.acc", "PSO.test.acc", 
    "PSO.train.time", "PSO.n.support.vectors", "PSO.index", "PSO.n.solutions", 
    "PSO.generations", "PSO.n.evaluations", "PSO.cpu.time", "RS.cost", 
    "RS.gamma", "RS.data.balancing", "RS.feature.selection", 
    "RS.valid.acc", "RS.test.acc", "RS.train.time", "RS.n.support.vectors", 
    "RS.index", "RS.n.solutions", "RS.generations", "RS.n.evaluations", 
    "RS.cpu.time", "DF.cost", "DF.gamma", "DF.data.balancing", 
    "DF.feature.selection", "DF.valid.acc", "DF.test.acc", "DF.train.time", 
    "DF.n.support.vectors", "DF.index", "DF.n.solutions", "DF.generations", 
    "DF.n.evaluations", "DF.cpu.time")))
