full <-
structure(c(50, 55, 60, 65, 70, 75, 80, 85, 90, 95, 100, -0.15472, 
12.6671, -1.54032, 1, 0.82291, -0.70829, 4.47323, 13.8644, -0.80527, 
3.76868, 0.01566, -6.61505, -6.59603, -6.66115, 0.01429, -9.80069, 
-7.47388, -13.21201, -12.18535, -7.77935, -9.08411, -8.0829, 
0, 0, 0, 0, 0, 0, 0, 0, 0, 0, 0, 0, 0, 0, 0, 0, 0, 0, 0, 0, 0, 
0, 1, 0.99783, 0.998, 0.99818, 0.99831, 0.99839, 0.99853, 0.99855, 
0.99867, 0.99875, 0.9988, 0.99767, 0.9956, 0.998, 0.99818, 0.99664, 
0.9968, 0.99704, 0.99855, 0.99867, 0.99622, 0.99759, 0.1322, 
0.1472, 0.181, 0.201, 0.1825, 0.2069, 0.2006, 0.1644, 0.2577, 
0.1948, 0.2579, 187.2, 192.1, 244.9, 246.1, 205.7, 227.7, 202.3, 
131.7, 259.7, 158.3, 232.5, 185, 8, 4, 1, 65, 160, 14, 2, 143, 
8, 76, 367, 1241, 1104, 588, 739, 648, 153, 2018, 706, 1696, 
606, 100, 100, 100, 100, 100, 100, 100, 100, 100, 100, 100, 2500, 
2500, 2500, 2500, 2500, 2500, 2500, 2500, 2500, 2500, 2500, 11007.5, 
11375.191, 11977.192, 13430.237, 12593.48, 13836.15, 12873.378, 
12500.647, 14864.973, 15844.911, 15091.234, -0.35871, 12.51965, 
-0.89844, 11.05469, 0.15451, -0.51576, 5.53883, 0.07998, -1.45903, 
10.34508, -0.6844, -7.44359, -6.68195, -7.42395, -6.38687, -9.25923, 
-7.49076, -14.23852, -9.30546, -7.3199, -8.51319, -8.3519, 0, 
0, 0, 0, 0, 0, 0, 0, 0, 0, 0, 0, 0, 0, 0, 0, 0, 0, 0, 0, 0, 0, 
1, 0.99783, 0.998, 0.99818, 0.99831, 0.99839, 0.99853, 0.99855, 
0.99867, 0.99875, 0.9988, 1, 0.9956, 0.99604, 0.99818, 0.99664, 
0.9968, 0.99704, 0.99716, 0.99737, 0.99748, 0.99759, 0.1275, 
0.1465, 0.165, 0.1912, 0.1835, 0.2045, 0.1953, 0.2406, 0.2907, 
0.1948, 0.3015, 173, 186.7, 209.6, 228.3, 219.4, 221.1, 200.3, 
249.4, 297, 166.1, 281.7, 766, 4, 110, 3, 26, 393, 66, 8, 63, 
7, 132, 9, 53, 28, 217, 43, 12, 8, 837, 20, 566, 47, 100, 100, 
100, 100, 100, 100, 100, 100, 100, 100, 100, 2500, 2500, 2500, 
2500, 2500, 2500, 2500, 2500, 2500, 2500, 2500, 11845.254, 12629.085, 
13185.286, 14076.495, 14928.821, 15767.252, 16467.348, 17249.856, 
18555.98, 19213.426, 20701.986, 1, 1, 1, 1, 1, 1, 1, 1, 1, 1, 
1, 0.01429, 0.01429, 0.01429, 0.01429, 0.01429, 0.01429, 0.01429, 
0.01429, 0.01429, 0.01429, 0.01429, 0, 0, 0, 0, 0, 0, 0, 0, 0, 
0, 0, 0, 0, 0, 0, 0, 0, 0, 0, 0, 0, 0, 0.99762, 0.9956, 0.99592, 
0.99818, 0.99492, 0.9936, 0.99405, 0.99714, 0.99474, 0.99753, 
0.99522, 0.99529, 0.9956, 0.99196, 0.99818, 0.99149, 0.99201, 
0.99258, 0.99714, 0.99603, 0.99501, 0.99518, 0.1483, 0.1659, 
0.1824, 0.2015, 0.2189, 0.2442, 0.2651, 0.2789, 0.3013, 0.326, 
0.3512, 210.1, 222.7, 238.8, 246.1, 258.3, 275.3, 284.2, 289.2, 
295.4, 310.2, 315.1, 1, 1, 1, 1, 1, 1, 1, 1, 1, 1, 1, 1, 1, 1, 
1, 1, 1, 1, 1, 1, 1, 1, 1, 1, 1, 1, 1, 1, 1, 1, 1, 1, 1, 1, 1, 
1, 1, 1, 1, 1, 1, 1, 1, 1, 4.48, 4.665, 4.832, 5.025, 5.241, 
5.482, 5.698, 5.795, 6.001, 6.222, 6.792), .Dim = c(11L, 40L), .Dimnames = list(
    NULL, c("Sampling", "PSO.cost", "PSO.gamma", "PSO.data.balancing", 
    "PSO.feature.selection", "PSO.valid.acc", "PSO.test.acc", 
    "PSO.train.time", "PSO.n.support.vectors", "PSO.index", "PSO.n.solutions", 
    "PSO.generations", "PSO.n.evaluations", "PSO.cpu.time", "RS.cost", 
    "RS.gamma", "RS.data.balancing", "RS.feature.selection", 
    "RS.valid.acc", "RS.test.acc", "RS.train.time", "RS.n.support.vectors", 
    "RS.index", "RS.n.solutions", "RS.generations", "RS.n.evaluations", 
    "RS.cpu.time", "DF.cost", "DF.gamma", "DF.data.balancing", 
    "DF.feature.selection", "DF.valid.acc", "DF.test.acc", "DF.train.time", 
    "DF.n.support.vectors", "DF.index", "DF.n.solutions", "DF.generations", 
    "DF.n.evaluations", "DF.cpu.time")))
