full <-
structure(c(50, 55, 60, 65, 70, 75, 80, 85, 90, 95, 100, 5.90001, 
3.16612, 1.06298, 1.78483, 5.4098, 1, 2.93911, -1.01607, 0.04363, 
10.26279, -0.43077, -13.92993, -10.87438, -9.75978, -9.93527, 
-14.1922, 0.01429, -10.64192, -7.23594, -7.86763, -6.60492, -7.10421, 
0, 0, 0, 0, 0, 0, 0, 0, 0, 0, 0, 0, 0, 0, 0, 0, 0, 0, 0, 0, 0, 
0, 0.99767, 0.99783, 0.99796, 0.99811, 1, 0.99844, 1, 0.99857, 
1, 1, 0.9988, 0.99767, 0.99783, 0.99796, 0.99626, 0.99831, 0.99682, 
0.99851, 0.99718, 1, 0.99752, 0.9988, 0.11, 0.1188, 0.1455, 0.1523, 
0.1639, 0.2503, 0.1797, 0.2576, 0.2292, 0.2724, 0.2748, 133.8, 
135.7, 179.6, 162.6, 186.6, 270.6, 163.6, 263.4, 217, 255.3, 
258.9, 24, 3, 4, 119, 158, 1, 12, 222, 12, 74, 9, 896, 960, 1178, 
524, 218, 997, 840, 546, 1320, 453, 565, 100, 100, 100, 100, 
100, 100, 100, 100, 100, 100, 100, 2500, 2500, 2500, 2500, 2500, 
2500, 2500, 2500, 2500, 2500, 2500, 12132.845, 12346.014, 12583.271, 
13194.085, 13694.341, 15014.515, 14356.287, 14522.152, 14305.287, 
15235.729, 15394.36, 4.7881, 0.07246, 3.09987, 0.98724, 0.99443, 
-0.21389, -0.61343, -0.15753, 0.52642, 0.95481, -0.45279, -12.59461, 
-8.60848, -11.20931, -10.02437, -9.22113, -8.38306, -6.61638, 
-7.7654, -8.40053, -6.80901, -6.86407, 0, 0, 0, 0, 0, 0, 0, 0, 
0, 0, 0, 0, 0, 0, 0, 0, 0, 0, 0, 0, 0, 0, 0.99767, 0.99783, 0.99796, 
0.99811, 1, 0.99844, 1, 0.99857, 1, 1, 0.9988, 0.99767, 0.99783, 
0.99796, 0.99626, 0.99831, 0.99844, 0.99851, 0.99861, 0.99868, 
0.99875, 0.9988, 0.1076, 0.1362, 0.1317, 0.1697, 0.1605, 0.204, 
0.2448, 0.2229, 0.2219, 0.2545, 0.2944, 128.4, 179.6, 153.4, 
198.4, 181.2, 219.5, 259, 220.8, 203.4, 237, 271.4, 10, 17, 23, 
89, 754, 2, 57, 55, 124, 97, 142, 103, 166, 150, 79, 13, 665, 
141, 18, 18, 63, 12, 100, 100, 100, 100, 100, 100, 100, 100, 
100, 100, 100, 2500, 2500, 2500, 2500, 2500, 2500, 2500, 2500, 
2500, 2500, 2500, 13461.726, 13644.501, 14128.488, 15096.72, 
15844.002, 16450.418, 17066.641, 17584.101, 18508.822, 19477.764, 
20436.864, 1, 1, 1, 1, 1, 1, 1, 1, 1, 1, 1, 0.01429, 0.01429, 
0.01429, 0.01429, 0.01429, 0.01429, 0.01429, 0.01429, 0.01429, 
0.01429, 0.01429, 0, 0, 0, 0, 0, 0, 0, 0, 0, 0, 0, 0, 0, 0, 0, 
0, 0, 0, 0, 0, 0, 0, 0.99297, 0.99565, 0.996, 0.99448, 0.99494, 
0.99844, 0.99851, 0.9944, 0.99603, 0.9975, 0.9964, 0.99297, 0.99352, 
0.99396, 0.99626, 0.99494, 0.99682, 0.99701, 0.9944, 0.99868, 
0.99627, 0.9964, 0.1463, 0.1665, 0.1873, 0.2031, 0.2288, 0.2473, 
0.2621, 0.267, 0.2934, 0.3186, 0.3355, 215.4, 228, 244.3, 248.5, 
260.6, 270.6, 279.2, 288.7, 297.7, 305, 316.1, 1, 1, 1, 1, 1, 
1, 1, 1, 1, 1, 1, 1, 1, 1, 1, 1, 1, 1, 1, 1, 1, 1, 1, 1, 1, 1, 
1, 1, 1, 1, 1, 1, 1, 1, 1, 1, 1, 1, 1, 1, 1, 1, 1, 1, 5.077, 
5.069, 5.472, 5.584, 5.494, 5.809, 5.8, 5.803, 6.061, 6.3, 6.484
), .Dim = c(11L, 40L), .Dimnames = list(NULL, c("Sampling", "PSO.cost", 
"PSO.gamma", "PSO.data.balancing", "PSO.feature.selection", "PSO.valid.acc", 
"PSO.test.acc", "PSO.train.time", "PSO.n.support.vectors", "PSO.index", 
"PSO.n.solutions", "PSO.generations", "PSO.n.evaluations", "PSO.cpu.time", 
"RS.cost", "RS.gamma", "RS.data.balancing", "RS.feature.selection", 
"RS.valid.acc", "RS.test.acc", "RS.train.time", "RS.n.support.vectors", 
"RS.index", "RS.n.solutions", "RS.generations", "RS.n.evaluations", 
"RS.cpu.time", "DF.cost", "DF.gamma", "DF.data.balancing", "DF.feature.selection", 
"DF.valid.acc", "DF.test.acc", "DF.train.time", "DF.n.support.vectors", 
"DF.index", "DF.n.solutions", "DF.generations", "DF.n.evaluations", 
"DF.cpu.time")))
