full <-
structure(c(50, 55, 60, 65, 70, 75, 80, 85, 90, 95, 100, 12.4262, 
1.61303, 4.49121, 4.03644, 3.45236, 7.18386, 6.37927, 2.92104, 
6.8134, 2.59872, 0.80335, -3.8609, -4.03209, -4.94909, -4.36859, 
-6.63408, -8.46839, -8.3863, -5.21019, -3.91597, -5.15292, -4.09619, 
0, 0, 0, 0, 0, 0, 0, 0, 0, 0, 0, 0, 0, 0, 0, 0, 0, 0, 0, 0, 0, 
0, 0.91863, 0.92263, 0.92906, 0.92889, 0.92082, 0.92091, 0.91665, 
0.9238, 0.90973, 0.92997, 0.91865, 0.91493, 0.91618, 0.923, 0.90897, 
0.91549, 0.91372, 0.90275, 0.90636, 0.89731, 0.91628, 0.91113, 
0.0353, 0.034, 0.035, 0.0375, 0.036, 0.0392, 0.0404, 0.0511, 
0.0613, 0.0556, 0.0668, 122.6, 114.2, 95.4, 115.7, 81.4, 80.4, 
85.3, 123.9, 174, 129.6, 172.9, 18, 945, 45, 94, 378, 886, 309, 
708, 74, 1246, 769, 1177, 14, 708, 1551, 37, 99, 48, 189, 489, 
37, 238, 100, 100, 100, 100, 100, 100, 100, 100, 100, 100, 100, 
2500, 2500, 2500, 2500, 2500, 2500, 2500, 2500, 2500, 2500, 2500, 
6963.035, 6909.96, 6768.969, 6919.46, 6953.149, 7273.94900000001, 
7354.742, 7613.609, 8075.45, 7612.27500000001, 8159.51499999998, 
1.11277, 4.37132, 13.82571, 11.68518, 2.90644, 7.92877, 11.18861, 
2.81626, 7.25283, 5.37883, 0.86205, -4.32919, -4.01903, -5.01556, 
-4.45749, -6.18157, -8.86635, -11.02036, -5.17638, -3.98569, 
-7.12473, -3.57484, 0, 0, 0, 0, 0, 0, 0, 0, 0, 0, 0, 0, 0, 0, 
0, 0, 0, 0, 0, 0, 0, 0, 0.92233, 0.92263, 0.92906, 0.92889, 0.92082, 
0.92091, 0.91665, 0.92163, 0.90973, 0.92801, 0.91865, 0.91493, 
0.91952, 0.923, 0.91175, 0.9182, 0.91372, 0.9027, 0.90636, 0.89731, 
0.9222, 0.91302, 0.0299, 0.0341, 0.0331, 0.0379, 0.0348, 0.0411, 
0.0508, 0.0483, 0.0633, 0.0525, 0.0786, 98.4, 114.7, 93.5, 113.5, 
85.8, 79.3, 81.5, 124, 168.4, 105.9, 225.6, 377, 2156, 116, 51, 
565, 2056, 1072, 1891, 54, 1874, 346, 1, 1, 17, 34, 3, 1, 3, 
1, 26, 2, 2, 100, 100, 100, 100, 100, 100, 100, 100, 100, 100, 
100, 2500, 2500, 2500, 2500, 2500, 2500, 2500, 2500, 2500, 2500, 
2500, 7118.814, 6874.68, 7002.817, 7076.492, 7177.723, 7420.554, 
7586.482, 7913.11, 7983.62599999999, 8281.83199999999, 8543.549, 
1, 1, 1, 1, 1, 1, 1, 1, 1, 1, 1, 0.05, 0.05, 0.05, 0.05, 0.05, 
0.05, 0.05, 0.05, 0.05, 0.05, 0.05, 0, 0, 0, 0, 0, 0, 0, 0, 0, 
0, 0, 0, 0, 0, 0, 0, 0, 0, 0, 0, 0, 0, 0.91493, 0.91607, 0.91372, 
0.91175, 0.90752, 0.91372, 0.9074, 0.90858, 0.90956, 0.91239, 
0.91487, 0.91493, 0.91607, 0.91372, 0.91175, 0.90752, 0.91372, 
0.9074, 0.90858, 0.90956, 0.91239, 0.91487, 0.0318, 0.0308, 0.0341, 
0.0363, 0.0398, 0.0432, 0.0472, 0.0498, 0.0546, 0.0595, 0.061, 
98.5, 99, 108.1, 114.3, 122, 124.1, 136.6, 142.1, 148.1, 154.1, 
158.3, 1, 1, 1, 1, 1, 1, 1, 1, 1, 1, 1, 1, 1, 1, 1, 1, 1, 1, 
1, 1, 1, 1, 1, 1, 1, 1, 1, 1, 1, 1, 1, 1, 1, 1, 1, 1, 1, 1, 1, 
1, 1, 1, 1, 1, 2.916, 2.616, 2.676, 2.681, 2.732, 2.813, 2.882, 
2.855, 2.93, 3.103, 2.976), .Dim = c(11L, 40L), .Dimnames = list(
    NULL, c("Sampling", "PSO.cost", "PSO.gamma", "PSO.data.balancing", 
    "PSO.feature.selection", "PSO.valid.acc", "PSO.test.acc", 
    "PSO.train.time", "PSO.n.support.vectors", "PSO.index", "PSO.n.solutions", 
    "PSO.generations", "PSO.n.evaluations", "PSO.cpu.time", "RS.cost", 
    "RS.gamma", "RS.data.balancing", "RS.feature.selection", 
    "RS.valid.acc", "RS.test.acc", "RS.train.time", "RS.n.support.vectors", 
    "RS.index", "RS.n.solutions", "RS.generations", "RS.n.evaluations", 
    "RS.cpu.time", "DF.cost", "DF.gamma", "DF.data.balancing", 
    "DF.feature.selection", "DF.valid.acc", "DF.test.acc", "DF.train.time", 
    "DF.n.support.vectors", "DF.index", "DF.n.solutions", "DF.generations", 
    "DF.n.evaluations", "DF.cpu.time")))
