full <-
structure(c(50, 55, 60, 65, 70, 75, 80, 85, 90, 95, 100, 2.89304, 
3.84226, 6.66764, 1, 9.38272, 5.59937, 6.0776, 10.64801, 3.98037, 
3.71928, 2.70433, -5.78448, -8.37335, -6.44975, 0.05, -4.53861, 
-7.55177, -7.46218, -3.1582, -7.21923, -5.92565, -5.62614, 0, 
0, 0, 0, 0, 0, 0, 0, 0, 0, 0, 0, 0, 0, 0, 0, 0, 0, 0, 0, 0, 0, 
0.92643, 0.91931, 0.92583, 0.92616, 0.93649, 0.93341, 0.92832, 
0.91946, 0.92381, 0.92574, 0.91666, 0.91119, 0.91598, 0.91371, 
0.92616, 0.92333, 0.92591, 0.91437, 0.92163, 0.91565, 0.91421, 
0.91117, 0.0282, 0.0271, 0.0344, 0.0382, 0.0375, 0.0378, 0.0427, 
0.0851, 0.0481, 0.0579, 0.0609, 61.1, 51.2, 65.1, 101.6, 107, 
72.3, 84.2, 255.5, 86.2, 115.4, 121.8, 483, 50, 300, 1, 44, 761, 
521, 181, 180, 1546, 1577, 184, 99, 51, 1883, 1096, 93, 101, 
784, 93, 28, 6, 100, 100, 100, 100, 100, 100, 100, 100, 100, 
100, 100, 2500, 2500, 2500, 2500, 2500, 2500, 2500, 2500, 2500, 
2500, 2500, 7389.666, 7584.385, 7452.293, 7698.063, 7545.056, 
7477.768, 7927.98999999999, 10725.684, 10144.437, 10295.186, 
11506.645, 3.36614, 9.26169, 11.64122, 11.61419, 13.3532, 5.40534, 
1.19309, 0.78041, 4.78627, 3.65296, 13.10712, -6.11337, -13.68634, 
-6.44996, -1.84143, -4.50255, -7.43079, -4.28549, -3.176, -7.91305, 
-5.92449, -11.36692, 0, 0, 0, 0, 0, 0, 0, 0, 0, 0, 0, 0, 0, 0, 
0, 0, 0, 0, 0, 0, 0, 0, 0.92643, 0.91931, 0.92583, 0.92616, 0.93649, 
0.93341, 0.92838, 0.91946, 0.92177, 0.92378, 0.91851, 0.91861, 
0.91264, 0.91371, 0.92616, 0.92333, 0.92591, 0.91902, 0.91946, 
0.91361, 0.91613, 0.90558, 0.0256, 0.0267, 0.0332, 0.0633, 0.0384, 
0.0357, 0.051, 0.0859, 0.0471, 0.0579, 0.1095, 57.9, 48.8, 65.1, 
280.8, 108.3, 72.8, 130.1, 251.9, 82.5, 114.8, 99.6, 99, 199, 
465, 2, 59, 757, 1506, 29, 335, 194, 15, 3, 22, 2, 1501, 12, 
1, 1, 22, 3, 2, 6, 100, 100, 100, 100, 100, 100, 100, 100, 100, 
100, 100, 2500, 2500, 2500, 2500, 2500, 2500, 2500, 2500, 2500, 
2500, 2500, 7509.237, 7534.083, 7544.731, 7603.457, 7755.819, 
7828.54400000001, 10232.983, 10525.434, 10671.265, 10721.554, 
11061.943, 1, 1, 1, 1, 1, 1, 1, 1, 1, 1, 1, 0.05, 0.05, 0.05, 
0.05, 0.05, 0.05, 0.05, 0.05, 0.05, 0.05, 0.05, 0, 0, 0, 0, 0, 
0, 0, 0, 0, 0, 0, 0, 0, 0, 0, 0, 0, 0, 0, 0, 0, 0, 0.91874, 0.91598, 
0.91997, 0.92616, 0.92333, 0.92348, 0.91907, 0.91729, 0.91565, 
0.91432, 0.91484, 0.91874, 0.91598, 0.91997, 0.92616, 0.92333, 
0.92348, 0.91907, 0.91729, 0.91565, 0.91432, 0.91484, 0.0293, 
0.0326, 0.0358, 0.0362, 0.0394, 0.0412, 0.0493, 0.055, 0.0581, 
0.0615, 0.0681, 86.6, 98.7, 102.1, 101.6, 111.2, 119.6, 125.5, 
134.3, 139.7, 148.5, 159.1, 1, 1, 1, 1, 1, 1, 1, 1, 1, 1, 1, 
1, 1, 1, 1, 1, 1, 1, 1, 1, 1, 1, 1, 1, 1, 1, 1, 1, 1, 1, 1, 1, 
1, 1, 1, 1, 1, 1, 1, 1, 1, 1, 1, 1, 2.922, 2.927, 2.911, 2.911, 
2.986, 2.763, 3.892, 4.024, 4.058, 3.966, 4.095), .Dim = c(11L, 
40L), .Dimnames = list(NULL, c("Sampling", "PSO.cost", "PSO.gamma", 
"PSO.data.balancing", "PSO.feature.selection", "PSO.valid.acc", 
"PSO.test.acc", "PSO.train.time", "PSO.n.support.vectors", "PSO.index", 
"PSO.n.solutions", "PSO.generations", "PSO.n.evaluations", "PSO.cpu.time", 
"RS.cost", "RS.gamma", "RS.data.balancing", "RS.feature.selection", 
"RS.valid.acc", "RS.test.acc", "RS.train.time", "RS.n.support.vectors", 
"RS.index", "RS.n.solutions", "RS.generations", "RS.n.evaluations", 
"RS.cpu.time", "DF.cost", "DF.gamma", "DF.data.balancing", "DF.feature.selection", 
"DF.valid.acc", "DF.test.acc", "DF.train.time", "DF.n.support.vectors", 
"DF.index", "DF.n.solutions", "DF.generations", "DF.n.evaluations", 
"DF.cpu.time")))
