full <-
structure(c(50, 55, 60, 65, 70, 75, 80, 85, 90, 95, 100, 8.77359, 
12.91135, 13.53378, 5.13155, 0.81381, 4.80486, 4.39782, 2.25224, 
4.755, 5.60197, 5.87907, -3.53694, -3.55502, -3.39155, -4.12422, 
-3.53768, -6.61843, -6.62701, -5.48149, -3.32981, -2.9869, -3.31111, 
0, 0, 0, 0, 0, 0, 0, 0, 0, 0, 0, 0, 0, 0, 0, 0, 0, 0, 0, 0, 0, 
0, 0.91491, 0.91943, 0.91373, 0.92032, 0.91819, 0.9236, 0.92362, 
0.93047, 0.92177, 0.92009, 0.91498, 0.90749, 0.91943, 0.91373, 
0.90603, 0.91286, 0.90646, 0.90512, 0.91751, 0.91565, 0.91813, 
0.9112, 0.0385, 0.044, 0.0512, 0.0402, 0.053, 0.0456, 0.0461, 
0.0486, 0.0861, 0.1137, 0.0998, 140.3, 141.3, 172.8, 121.2, 172.3, 
92.2, 94.1, 108.5, 242.8, 324.7, 261.2, 239, 4, 11, 553, 1204, 
229, 1056, 609, 176, 128, 68, 956, 962, 1070, 488, 129, 96, 49, 
43, 635, 500, 364, 100, 100, 100, 100, 100, 100, 100, 100, 100, 
100, 100, 2500, 2500, 2500, 2500, 2500, 2500, 2500, 2500, 2500, 
2500, 2500, 9247.896, 9844.636, 9806.049, 7615.706, 7663.16500000001, 
10006.536, 10053.113, 10327.166, 10912.694, 10700.932, 11425.391, 
13.38492, 14.75579, 9.72203, 12.10589, 0.67631, 4.72758, 3.08785, 
13.74975, 14.49192, 0.58578, 14.81986, -3.5361, -3.45592, -3.28676, 
-4.12508, -3.69908, -6.51757, -5.58111, -3.84098, -3.44218, -3.58747, 
-3.29583, 0, 0, 0, 0, 0, 0, 0, 0, 0, 0, 0, 0, 0, 0, 0, 0, 0, 
0, 0, 0, 0, 0, 0.91491, 0.91943, 0.91373, 0.92032, 0.91819, 0.9236, 
0.92129, 0.92617, 0.92177, 0.92009, 0.91498, 0.90749, 0.91943, 
0.91676, 0.90603, 0.91016, 0.90646, 0.90966, 0.91964, 0.91565, 
0.91813, 0.91302, 0.0423, 0.0443, 0.0525, 0.0405, 0.0483, 0.045, 
0.0453, 0.0592, 0.0802, 0.0734, 0.104, 140.3, 152.8, 185.9, 121.2, 
155.2, 94.3, 104.1, 167.1, 221.5, 214.1, 265.2, 16, 17, 37, 981, 
705, 318, 1002, 648, 26, 111, 316, 9, 51, 46, 2, 4, 1, 6, 9, 
6, 27, 3, 100, 100, 100, 100, 100, 100, 100, 100, 100, 100, 100, 
2500, 2500, 2500, 2500, 2500, 2500, 2500, 2500, 2500, 2500, 2500, 
9449.731, 9826.766, 9507.142, 7543.091, 9014.522, 10192.537, 
10365.334, 10618.96, 10750.179, 10502.258, 10554.623, 1, 1, 1, 
1, 1, 1, 1, 1, 1, 1, 1, 0.05, 0.05, 0.05, 0.05, 0.05, 0.05, 0.05, 
0.05, 0.05, 0.05, 0.05, 0, 0, 0, 0, 0, 0, 0, 0, 0, 0, 0, 0, 0, 
0, 0, 0, 0, 0, 0, 0, 0, 0, 0.90763, 0.91598, 0.91364, 0.91452, 
0.91542, 0.91616, 0.91675, 0.92167, 0.91769, 0.91821, 0.91487, 
0.90763, 0.91598, 0.91364, 0.91452, 0.91542, 0.91616, 0.91675, 
0.92167, 0.91769, 0.91821, 0.91487, 0.0319, 0.0345, 0.0373, 0.0372, 
0.0443, 0.0492, 0.0512, 0.0529, 0.0579, 0.0602, 0.0638, 88.7, 
95.9, 102.5, 110.8, 116.5, 128, 134.7, 138.8, 146.8, 152.5, 157.1, 
1, 1, 1, 1, 1, 1, 1, 1, 1, 1, 1, 1, 1, 1, 1, 1, 1, 1, 1, 1, 1, 
1, 1, 1, 1, 1, 1, 1, 1, 1, 1, 1, 1, 1, 1, 1, 1, 1, 1, 1, 1, 1, 
1, 1, 3.82, 3.886, 3.706, 2.867, 3.911, 4.073, 4.021, 4.067, 
4.076, 3.765, 3.8), .Dim = c(11L, 40L), .Dimnames = list(NULL, 
    c("Sampling", "PSO.cost", "PSO.gamma", "PSO.data.balancing", 
    "PSO.feature.selection", "PSO.valid.acc", "PSO.test.acc", 
    "PSO.train.time", "PSO.n.support.vectors", "PSO.index", "PSO.n.solutions", 
    "PSO.generations", "PSO.n.evaluations", "PSO.cpu.time", "RS.cost", 
    "RS.gamma", "RS.data.balancing", "RS.feature.selection", 
    "RS.valid.acc", "RS.test.acc", "RS.train.time", "RS.n.support.vectors", 
    "RS.index", "RS.n.solutions", "RS.generations", "RS.n.evaluations", 
    "RS.cpu.time", "DF.cost", "DF.gamma", "DF.data.balancing", 
    "DF.feature.selection", "DF.valid.acc", "DF.test.acc", "DF.train.time", 
    "DF.n.support.vectors", "DF.index", "DF.n.solutions", "DF.generations", 
    "DF.n.evaluations", "DF.cpu.time")))
