full <-
structure(c(50, 55, 60, 65, 70, 75, 80, 85, 90, 95, 100, 9.36189, 
1, 7.16609, 1.54433, 9.54122, 1, 5.29225, 5.92826, 12.51329, 
5.72258, 3.13175, -3.65681, 0.05, -3.28664, -3.2275, -4.47016, 
0.05, -7.3729, -2.90757, -11.96334, -7.54673, -6.02166, 0, 0, 
0, 0, 0, 0, 0, 0, 0, 0, 0, 0, 0, 0, 0, 0, 0, 0, 0, 0, 0, 0, 0.92604, 
0.92264, 0.92612, 0.92031, 0.91279, 0.90872, 0.91458, 0.91951, 
0.91773, 0.92994, 0.9222, 0.92604, 0.92264, 0.92612, 0.91459, 
0.8997, 0.90872, 0.91458, 0.91729, 0.9094, 0.91821, 0.91318, 
0.0359, 0.0306, 0.0538, 0.0609, 0.0428, 0.0461, 0.0462, 0.0975, 
0.0797, 0.0538, 0.0567, 128.6, 94.9, 192.5, 218.8, 127.3, 138.5, 
96.8, 318.7, 90.7, 106.2, 115.6, 16, 1, 113, 164, 293, 1, 87, 
292, 1125, 709, 280, 1017, 2014, 347, 184, 940, 2094, 190, 112, 
5, 88, 317, 100, 100, 100, 100, 100, 100, 100, 100, 100, 100, 
100, 2500, 2500, 2500, 2500, 2500, 2500, 2500, 2500, 2500, 2500, 
2500, 7438.713, 7762.202, 7730.802, 7616.175, 7390.94100000001, 
7865.20300000001, 7869.247, 8223.35800000001, 8130.07900000001, 
7701.81299999999, 8061.747, 9.03098, -0.37634, 8.77836, 7.37364, 
3.21639, -0.95782, 6.02875, 7.68748, 8.56406, 5.56857, 3.22519, 
-12.52548, -3.18814, -3.25545, -3.23224, -5.47415, 1.23233, -7.8971, 
-2.91281, -9.86295, -7.40037, -6.00729, 0, 0, 0, 0, 0, 0, 0, 
0, 0, 0, 0, 0, 0, 0, 0, 0, 0, 0, 0, 0, 0, 0, 0.92604, 0.92264, 
0.92612, 0.92031, 0.91286, 0.90872, 0.91458, 0.91951, 0.91773, 
0.92801, 0.9222, 0.91889, 0.92264, 0.92612, 0.91459, 0.90503, 
0.90872, 0.91447, 0.91729, 0.90736, 0.91821, 0.91318, 0.0261, 
0.0457, 0.054, 0.0561, 0.0431, 0.0971, 0.0443, 0.0903, 0.0524, 
0.0546, 0.0566, 42.1, 190.7, 197.8, 218.2, 111, 324, 94.2, 317.8, 
91.8, 107.4, 115.9, 2, 1, 16, 429, 439, 1, 44, 706, 545, 1439, 
264, 83, 1590, 24, 9, 1, 1576, 7, 6, 2, 1, 3, 100, 100, 100, 
100, 100, 100, 100, 100, 100, 100, 100, 2500, 2500, 2500, 2500, 
2500, 2500, 2500, 2500, 2500, 2500, 2500, 7483.819, 7608.787, 
7495.72, 7400.259, 7540.30099999999, 7657.024, 8024.22199999999, 
8026.917, 8269.33200000002, 8407.91200000001, 8493.872, 1, 1, 
1, 1, 1, 1, 1, 1, 1, 1, 1, 0.05, 0.05, 0.05, 0.05, 0.05, 0.05, 
0.05, 0.05, 0.05, 0.05, 0.05, 0, 0, 0, 0, 0, 0, 0, 0, 0, 0, 0, 
0, 0, 0, 0, 0, 0, 0, 0, 0, 0, 0, 0.92233, 0.92264, 0.92309, 0.91745, 
0.90752, 0.90872, 0.91447, 0.91729, 0.91565, 0.91236, 0.91493, 
0.92233, 0.92264, 0.92309, 0.91745, 0.90752, 0.90872, 0.91447, 
0.91729, 0.91565, 0.91236, 0.91493, 0.029, 0.0323, 0.0377, 0.0383, 
0.0447, 0.0459, 0.051, 0.0515, 0.0602, 0.0591, 0.0654, 89.7, 
94.9, 110.5, 122.6, 136.8, 138.5, 141.5, 146.8, 156.3, 158.9, 
160.6, 1, 1, 1, 1, 1, 1, 1, 1, 1, 1, 1, 1, 1, 1, 1, 1, 1, 1, 
1, 1, 1, 1, 1, 1, 1, 1, 1, 1, 1, 1, 1, 1, 1, 1, 1, 1, 1, 1, 1, 
1, 1, 1, 1, 1, 2.945, 2.998, 2.952, 2.79, 2.895, 2.847, 3.128, 
2.915, 3.203, 2.973, 3.191), .Dim = c(11L, 40L), .Dimnames = list(
    NULL, c("Sampling", "PSO.cost", "PSO.gamma", "PSO.data.balancing", 
    "PSO.feature.selection", "PSO.valid.acc", "PSO.test.acc", 
    "PSO.train.time", "PSO.n.support.vectors", "PSO.index", "PSO.n.solutions", 
    "PSO.generations", "PSO.n.evaluations", "PSO.cpu.time", "RS.cost", 
    "RS.gamma", "RS.data.balancing", "RS.feature.selection", 
    "RS.valid.acc", "RS.test.acc", "RS.train.time", "RS.n.support.vectors", 
    "RS.index", "RS.n.solutions", "RS.generations", "RS.n.evaluations", 
    "RS.cpu.time", "DF.cost", "DF.gamma", "DF.data.balancing", 
    "DF.feature.selection", "DF.valid.acc", "DF.test.acc", "DF.train.time", 
    "DF.n.support.vectors", "DF.index", "DF.n.solutions", "DF.generations", 
    "DF.n.evaluations", "DF.cpu.time")))
