full <-
structure(c(50, 55, 60, 65, 70, 75, 80, 85, 90, 95, 100, 4.82084, 
2.05545, 1.5695, 8.40662, 12.89365, 15, 8.64024, 10.97525, 12.42377, 
0.88511, 5.00516, -6.08796, -5.157, -6.34178, -3.23787, -15, 
-2.92133, -3.02774, -9.93199, -11.00328, -4.59868, -7.32141, 
0, 0, 0, 0, 0, 0, 0, 0, 0, 0, 0, 0, 0, 0, 0, 0, 0, 0, 0, 0, 0, 
0, 0.91478, 0.90575, 0.90436, 0.90894, 0.91827, 0.91122, 0.91441, 
0.91067, 0.91981, 0.91628, 0.92047, 0.89984, 0.89241, 0.89205, 
0.90616, 0.90248, 0.90872, 0.90982, 0.90627, 0.91986, 0.91432, 
0.90932, 0.0271, 0.0307, 0.0331, 0.056, 0.0369, 0.0813, 0.0859, 
0.0705, 0.0854, 0.0588, 0.057, 63.4, 80.3, 69.4, 207.2, 60.9, 
277.2, 273.3, 90.5, 93.7, 141.2, 106, 267, 1094, 422, 165, 355, 
110, 64, 864, 259, 286, 79, 102, 40, 53, 355, 158, 59, 285, 58, 
65, 42, 286, 100, 100, 100, 100, 100, 100, 100, 100, 100, 100, 
100, 2500, 2500, 2500, 2500, 2500, 2500, 2500, 2500, 2500, 2500, 
2500, 7312.934, 7571.661, 7698.433, 8121.217, 7834.606, 8415.27099999999, 
8604.98299999999, 8377.531, 8484.68399999999, 8969.24799999999, 
8361.08900000001, 5.11852, 1.89909, 11.21289, 1.12, 7.66506, 
2.07668, 0.40715, 12.8233, 10.74274, 1.19379, 11.25179, -6.26427, 
-5.00294, -3.25863, -3.19936, -10.71804, -6.45466, -3.91243, 
-10.79181, -10.12889, -5.04251, -10.51299, 0, 0, 0, 0, 0, 0, 
0, 0, 0, 0, 0, 0, 0, 0, 0, 0, 0, 0, 0, 0, 0, 0, 0.91478, 0.90575, 
0.90436, 0.90894, 0.91308, 0.91122, 0.91441, 0.91067, 0.91981, 
0.91628, 0.92047, 0.89984, 0.89575, 0.8982, 0.90616, 0.89707, 
0.90622, 0.90982, 0.90845, 0.91986, 0.91432, 0.90562, 0.028, 
0.0305, 0.0536, 0.0613, 0.0364, 0.0399, 0.0556, 0.0936, 0.0694, 
0.0562, 0.0821, 61.7, 82.8, 194.3, 213.5, 64.1, 82.6, 154.3, 
90.7, 94.5, 128.7, 101.6, 342, 607, 685, 45, 800, 337, 158, 80, 
719, 1329, 316, 1, 1, 6, 11, 1, 7, 11, 4, 3, 2, 17, 100, 100, 
100, 100, 100, 100, 100, 100, 100, 100, 100, 2500, 2500, 2500, 
2500, 2500, 2500, 2500, 2500, 2500, 2500, 2500, 7521.227, 7641.744, 
7729.525, 8152.101, 8278.51100000001, 8482.367, 8154.398, 8228.47600000001, 
8487.42300000001, 8793.35699999999, 8794.326, 1, 1, 1, 1, 1, 
1, 1, 1, 1, 1, 1, 0.05, 0.05, 0.05, 0.05, 0.05, 0.05, 0.05, 0.05, 
0.05, 0.05, 0.05, 0, 0, 0, 0, 0, 0, 0, 0, 0, 0, 0, 0, 0, 0, 0, 
0, 0, 0, 0, 0, 0, 0, 0.8927, 0.89897, 0.90133, 0.90331, 0.90752, 
0.90872, 0.91214, 0.90854, 0.91156, 0.91432, 0.91484, 0.8927, 
0.89897, 0.90133, 0.90331, 0.90752, 0.90872, 0.91214, 0.90854, 
0.91156, 0.91432, 0.91484, 0.0294, 0.0318, 0.0376, 0.0405, 0.0431, 
0.0469, 0.0463, 0.0549, 0.0537, 0.0608, 0.0637, 91.3, 100.4, 
105.5, 111.8, 117.8, 123.3, 129.9, 141.8, 145.1, 153.3, 160.1, 
1, 1, 1, 1, 1, 1, 1, 1, 1, 1, 1, 1, 1, 1, 1, 1, 1, 1, 1, 1, 1, 
1, 1, 1, 1, 1, 1, 1, 1, 1, 1, 1, 1, 1, 1, 1, 1, 1, 1, 1, 1, 1, 
1, 1, 2.865, 2.9, 3.104, 3.188, 3.193, 3.232, 2.943, 3.181, 3.233, 
3.279, 3.087), .Dim = c(11L, 40L), .Dimnames = list(NULL, c("Sampling", 
"PSO.cost", "PSO.gamma", "PSO.data.balancing", "PSO.feature.selection", 
"PSO.valid.acc", "PSO.test.acc", "PSO.train.time", "PSO.n.support.vectors", 
"PSO.index", "PSO.n.solutions", "PSO.generations", "PSO.n.evaluations", 
"PSO.cpu.time", "RS.cost", "RS.gamma", "RS.data.balancing", "RS.feature.selection", 
"RS.valid.acc", "RS.test.acc", "RS.train.time", "RS.n.support.vectors", 
"RS.index", "RS.n.solutions", "RS.generations", "RS.n.evaluations", 
"RS.cpu.time", "DF.cost", "DF.gamma", "DF.data.balancing", "DF.feature.selection", 
"DF.valid.acc", "DF.test.acc", "DF.train.time", "DF.n.support.vectors", 
"DF.index", "DF.n.solutions", "DF.generations", "DF.n.evaluations", 
"DF.cpu.time")))
