full <-
structure(c(50, 55, 60, 65, 70, 75, 80, 85, 90, 95, 100, 13.93505, 
8.06613, 1, 5.74718, 1, 5.98105, 2.34752, 5.82108, 8.10154, 6.73026, 
6.84911, -3.79279, -3.90143, 0.05, -3.75503, 0.05, -9.11589, 
-5.7158, -8.12365, -8.35974, -8.37369, -7.94486, 0, 0, 0, 0, 
0, 0, 0, 0, 0, 0, 0, 0, 0, 0, 0, 0, 0, 0, 0, 0, 0, 0, 0.93346, 
0.93609, 0.92917, 0.93459, 0.92866, 0.93352, 0.93525, 0.93255, 
0.92797, 0.93179, 0.92228, 0.93346, 0.92931, 0.92917, 0.93459, 
0.92866, 0.92859, 0.92828, 0.92598, 0.91342, 0.92202, 0.91847, 
0.0363, 0.0373, 0.037, 0.0446, 0.0411, 0.0357, 0.0408, 0.0397, 
0.059, 0.0525, 0.0612, 118.7, 118.2, 104.5, 143, 115.5, 58.9, 
95, 73.5, 97, 93.5, 107.6, 9, 281, 1, 29, 1, 363, 1937, 1665, 
361, 2224, 36, 975, 487, 1990, 307, 1999, 45, 2, 2, 75, 1, 50, 
100, 100, 100, 100, 100, 100, 100, 100, 100, 100, 100, 2500, 
2500, 2500, 2500, 2500, 2500, 2500, 2500, 2500, 2500, 2500, 7808.549, 
7967.583, 8152.204, 7818.62100000001, 7980.74799999999, 7733.45300000001, 
8031.571, 8558.412, 10542.854, 10315.199, 10346.566, 7.63053, 
5.32076, 7.17382, 2.09117, 9.52058, 7.83721, 1.50676, 0.82628, 
10.22903, 7.06686, 6.82885, -3.75247, -3.90244, 0.6846, -3.84033, 
-1.22751, -10.87256, -4.63059, -0.92805, -9.64118, -8.38861, 
-7.9334, 0, 0, 0, 0, 0, 0, 0, 0, 0, 0, 0, 0, 0, 0, 0, 0, 0, 0, 
0, 0, 0, 0, 0.93346, 0.93609, 0.92917, 0.93459, 0.92866, 0.93352, 
0.93293, 0.9325, 0.92797, 0.92986, 0.92228, 0.93346, 0.92931, 
0.92917, 0.93174, 0.92866, 0.93609, 0.92595, 0.9325, 0.91342, 
0.9259, 0.91847, 0.0365, 0.0377, 0.0644, 0.0431, 0.0818, 0.0355, 
0.048, 0.1069, 0.0692, 0.0549, 0.0624, 121.5, 118.2, 259.2, 136.9, 
302.4, 56, 120.8, 367.2, 93.5, 95.7, 107.6, 125, 2, 1, 111, 3, 
535, 1471, 6, 431, 2395, 1114, 48, 13, 1567, 22, 1490, 2, 3, 
1618, 2, 1, 1, 100, 100, 100, 100, 100, 100, 100, 100, 100, 100, 
100, 2500, 2500, 2500, 2500, 2500, 2500, 2500, 2500, 2500, 2500, 
2500, 7806.307, 7996.217, 8011.953, 7895.149, 7945.754, 8034.28600000001, 
8135.83600000001, 8164.67899999999, 10803.102, 10680.056, 10760.269, 
1, 1, 1, 1, 1, 1, 1, 1, 1, 1, 1, 0.05, 0.05, 0.05, 0.05, 0.05, 
0.05, 0.05, 0.05, 0.05, 0.05, 0.05, 0, 0, 0, 0, 0, 0, 0, 0, 0, 
0, 0, 0, 0, 0, 0, 0, 0, 0, 0, 0, 0, 0, 0.92975, 0.93264, 0.92917, 
0.93174, 0.92866, 0.93102, 0.92828, 0.9325, 0.92397, 0.9201, 
0.9149, 0.92975, 0.93264, 0.92917, 0.93174, 0.92866, 0.93102, 
0.92828, 0.9325, 0.92397, 0.9201, 0.9149, 0.032, 0.0344, 0.0347, 
0.0388, 0.0422, 0.0444, 0.0497, 0.0502, 0.0606, 0.0593, 0.0633, 
91.2, 95.6, 104.5, 110.1, 115.5, 118.8, 132, 131.8, 145.8, 150.2, 
159.9, 1, 1, 1, 1, 1, 1, 1, 1, 1, 1, 1, 1, 1, 1, 1, 1, 1, 1, 
1, 1, 1, 1, 1, 1, 1, 1, 1, 1, 1, 1, 1, 1, 1, 1, 1, 1, 1, 1, 1, 
1, 1, 1, 1, 1, 3.137, 3.073, 2.917, 3.113, 3.157, 3.156, 3.177, 
3.116, 4.232, 3.849, 3.823), .Dim = c(11L, 40L), .Dimnames = list(
    NULL, c("Sampling", "PSO.cost", "PSO.gamma", "PSO.data.balancing", 
    "PSO.feature.selection", "PSO.valid.acc", "PSO.test.acc", 
    "PSO.train.time", "PSO.n.support.vectors", "PSO.index", "PSO.n.solutions", 
    "PSO.generations", "PSO.n.evaluations", "PSO.cpu.time", "RS.cost", 
    "RS.gamma", "RS.data.balancing", "RS.feature.selection", 
    "RS.valid.acc", "RS.test.acc", "RS.train.time", "RS.n.support.vectors", 
    "RS.index", "RS.n.solutions", "RS.generations", "RS.n.evaluations", 
    "RS.cpu.time", "DF.cost", "DF.gamma", "DF.data.balancing", 
    "DF.feature.selection", "DF.valid.acc", "DF.test.acc", "DF.train.time", 
    "DF.n.support.vectors", "DF.index", "DF.n.solutions", "DF.generations", 
    "DF.n.evaluations", "DF.cpu.time")))
