full <-
structure(c(50, 55, 60, 65, 70, 75, 80, 85, 90, 95, 100, 6.08877, 
7.42715, 2.501, 1.13632, 1.39619, 1.23331, 3.12581, 4.65658, 
1.85391, 4.71443, 8.93572, -8.98339, -8.75882, -5.03931, -3.91991, 
-4.17141, -4.61843, -5.42869, -6.87766, -5.33952, -7.16722, -8.69879, 
0, 0, 0, 0, 0, 0, 0, 0, 0, 0, 0, 0, 0, 0, 0, 0, 0, 0, 0, 0, 0, 
0, 0.92217, 0.93975, 0.95369, 0.92887, 0.93129, 0.93098, 0.93736, 
0.93047, 0.91986, 0.92398, 0.9278, 0.90736, 0.92607, 0.93532, 
0.92029, 0.92596, 0.92098, 0.92594, 0.92163, 0.91977, 0.9201, 
0.9242, 0.0261, 0.0282, 0.0348, 0.039, 0.0402, 0.0416, 0.0427, 
0.0449, 0.0489, 0.0522, 0.0726, 45.8, 46.9, 81.5, 120.4, 115.1, 
103.5, 96, 88.9, 108.7, 101, 107.8, 645, 108, 1884, 80, 366, 
2079, 761, 564, 977, 1719, 398, 49, 361, 32, 612, 485, 8, 363, 
80, 110, 6, 50, 100, 100, 100, 100, 100, 100, 100, 100, 100, 
100, 100, 2500, 2500, 2500, 2500, 2500, 2500, 2500, 2500, 2500, 
2500, 2500, 7692.616, 7762.081, 7720.781, 7913.364, 7792.68000000001, 
8194.769, 7907.098, 7855.41399999999, 8282.54400000001, 8551.50200000001, 
8342.285, 11.17374, 7.95517, 2.93612, 5.46483, 1.58449, 1.33653, 
3.04652, 4.08379, 2.54595, 5.62454, 9.68831, -14.594, -9.01091, 
-5.68925, -3.5918, -4.3447, -4.82266, -5.28372, -6.55178, -5.86378, 
-7.75026, -9.06907, 0, 0, 0, 0, 0, 0, 0, 0, 0, 0, 0, 0, 0, 0, 
0, 0, 0, 0, 0, 0, 0, 0, 0.92204, 0.93975, 0.95066, 0.92887, 0.93129, 
0.92848, 0.93503, 0.92612, 0.91981, 0.92202, 0.9278, 0.90379, 
0.92274, 0.94148, 0.91752, 0.9207, 0.92098, 0.93048, 0.92168, 
0.91565, 0.91618, 0.92608, 0.0266, 0.0275, 0.0329, 0.0445, 0.0393, 
0.0402, 0.043, 0.0445, 0.0472, 0.0508, 0.0759, 45, 45.5, 73.2, 
144.3, 108.5, 97.4, 98.5, 90.6, 99.6, 95.7, 107.7, 359, 1603, 
109, 108, 1568, 379, 457, 17, 703, 593, 746, 6, 1, 6, 6, 1, 2, 
1, 5, 1, 1, 1, 100, 100, 100, 100, 100, 100, 100, 100, 100, 100, 
100, 2500, 2500, 2500, 2500, 2500, 2500, 2500, 2500, 2500, 2500, 
2500, 7804.538, 8065.834, 7902.284, 7968.546, 7947.93000000001, 
8218.361, 8424.37300000001, 8403.59599999999, 8636.617, 8641.073, 
8897.429, 1, 1, 1, 1, 1, 1, 1, 1, 1, 1, 1, 0.05, 0.05, 0.05, 
0.05, 0.05, 0.05, 0.05, 0.05, 0.05, 0.05, 0.05, 0, 0, 0, 0, 0, 
0, 0, 0, 0, 0, 0, 0, 0, 0, 0, 0, 0, 0, 0, 0, 0, 0, 0.91504, 0.92274, 
0.92614, 0.92324, 0.92333, 0.92348, 0.9214, 0.91729, 0.91769, 
0.91625, 0.9149, 0.91504, 0.92274, 0.92614, 0.92324, 0.92333, 
0.92348, 0.9214, 0.91729, 0.91769, 0.91625, 0.9149, 0.033, 0.0328, 
0.0345, 0.0365, 0.0411, 0.041, 0.047, 0.0492, 0.0519, 0.0594, 
0.0636, 84, 88.5, 95.5, 102.9, 106.9, 113.3, 124.9, 134.5, 137.9, 
150.4, 158.3, 1, 1, 1, 1, 1, 1, 1, 1, 1, 1, 1, 1, 1, 1, 1, 1, 
1, 1, 1, 1, 1, 1, 1, 1, 1, 1, 1, 1, 1, 1, 1, 1, 1, 1, 1, 1, 1, 
1, 1, 1, 1, 1, 1, 1, 3.097, 3.102, 3.099, 3.146, 3.131, 3.196, 
3.184, 3.013, 2.944, 3.239, 3.259), .Dim = c(11L, 40L), .Dimnames = list(
    NULL, c("Sampling", "PSO.cost", "PSO.gamma", "PSO.data.balancing", 
    "PSO.feature.selection", "PSO.valid.acc", "PSO.test.acc", 
    "PSO.train.time", "PSO.n.support.vectors", "PSO.index", "PSO.n.solutions", 
    "PSO.generations", "PSO.n.evaluations", "PSO.cpu.time", "RS.cost", 
    "RS.gamma", "RS.data.balancing", "RS.feature.selection", 
    "RS.valid.acc", "RS.test.acc", "RS.train.time", "RS.n.support.vectors", 
    "RS.index", "RS.n.solutions", "RS.generations", "RS.n.evaluations", 
    "RS.cpu.time", "DF.cost", "DF.gamma", "DF.data.balancing", 
    "DF.feature.selection", "DF.valid.acc", "DF.test.acc", "DF.train.time", 
    "DF.n.support.vectors", "DF.index", "DF.n.solutions", "DF.generations", 
    "DF.n.evaluations", "DF.cpu.time")))
