full <-
structure(c(50, 55, 60, 65, 70, 75, 80, 85, 90, 95, 100, 4.13888, 
1, 7.89227, 1, 1, 1.89718, 1, 2.25561, 9.78043, 6.27072, 10.47163, 
-6.89287, 0.05, -3.45948, 0.05, 0.05, -4.81236, 0.05, -3.20984, 
-9.49659, -11.35957, -11.89469, 0, 0, 0, 0, 0, 0, 0, 0, 0, 0, 
0, 0, 0, 0, 0, 0, 0, 0, 0, 0, 0, 0, 0.92218, 0.9195, 0.92292, 
0.92038, 0.92333, 0.93097, 0.92828, 0.91955, 0.91785, 0.91239, 
0.91858, 0.92616, 0.9195, 0.91989, 0.92038, 0.92333, 0.91377, 
0.92828, 0.92172, 0.90123, 0.91043, 0.91491, 0.0267, 0.0307, 
0.0487, 0.0368, 0.0412, 0.0397, 0.0481, 0.081, 0.0621, 0.0529, 
0.0594, 55.1, 97.6, 160.7, 108.2, 114.7, 102.5, 121.1, 241.5, 
94.9, 93.6, 90.7, 886, 1, 6, 1, 1, 2313, 1, 242, 866, 1443, 337, 
28, 1898, 630, 2031, 1984, 1, 2069, 645, 44, 11, 105, 100, 100, 
100, 100, 100, 100, 100, 100, 100, 100, 100, 2500, 2500, 2500, 
2500, 2500, 2500, 2500, 2500, 2500, 2500, 2500, 7102.024, 7226.826, 
7249.782, 7341.96999999999, 7686.453, 8120.435, 8030.01700000001, 
8236.53199999999, 8117.198, 8177.27000000002, 8092.807, 3.3048, 
4.07776, 13.15487, 7.60033, 0.87204, 1.60604, 4.23632, 1.72795, 
7.82222, 6.38563, 5.27109, -5.89417, 2.95034, -3.45573, -2.48829, 
0.0717, -4.12514, 2.45807, -3.43194, -8.50757, -11.46603, -7.07828, 
0, 0, 0, 0, 0, 0, 0, 0, 0, 0, 0, 0, 0, 0, 0, 0, 0, 0, 0, 0, 0, 
0, 0.92218, 0.9195, 0.92292, 0.92038, 0.92333, 0.92853, 0.92828, 
0.91955, 0.91785, 0.91239, 0.91861, 0.92616, 0.9195, 0.91989, 
0.92038, 0.92333, 0.90883, 0.92828, 0.91525, 0.90739, 0.91043, 
0.92053, 0.026, 0.0545, 0.0448, 0.0652, 0.0807, 0.0454, 0.0964, 
0.0742, 0.0552, 0.0515, 0.0596, 62.3, 237.6, 161.1, 278, 302.4, 
127.8, 345.6, 202, 96.5, 93.5, 111.4, 225, 1, 17, 1, 1, 2098, 
1, 21, 1541, 561, 1077, 5, 1490, 28, 1488, 1467, 1, 1525, 39, 
1, 1, 1, 100, 100, 100, 100, 100, 100, 100, 100, 100, 100, 100, 
2500, 2500, 2500, 2500, 2500, 2500, 2500, 2500, 2500, 2500, 2500, 
6981.655, 7070.527, 7169.064, 7442.093, 7592.343, 7728.001, 7758.931, 
8140.00499999999, 8118.751, 8421.35400000002, 8463.704, 1, 1, 
1, 1, 1, 1, 1, 1, 1, 1, 1, 0.05, 0.05, 0.05, 0.05, 0.05, 0.05, 
0.05, 0.05, 0.05, 0.05, 0.05, 0, 0, 0, 0, 0, 0, 0, 0, 0, 0, 0, 
0, 0, 0, 0, 0, 0, 0, 0, 0, 0, 0, 0.91874, 0.9195, 0.91989, 0.92038, 
0.92333, 0.92847, 0.92828, 0.9195, 0.91364, 0.90847, 0.91487, 
0.91874, 0.9195, 0.91989, 0.92038, 0.92333, 0.92847, 0.92828, 
0.9195, 0.91364, 0.91043, 0.91487, 0.028, 0.0328, 0.0356, 0.0378, 
0.0409, 0.0429, 0.0462, 0.0514, 0.0532, 0.0587, 0.0619, 88, 97.6, 
105.8, 108.2, 114.7, 116.8, 121.1, 129.9, 143.9, 156, 160, 1, 
1, 1, 1, 1, 1, 1, 1, 1, 1, 1, 1, 1, 1, 1, 1, 1, 1, 1, 1, 1, 1, 
1, 1, 1, 1, 1, 1, 1, 1, 1, 1, 1, 1, 1, 1, 1, 1, 1, 1, 1, 1, 1, 
1, 2.615, 2.802, 2.819, 2.899, 2.89, 3.016, 2.954, 3.071, 2.9, 
2.948, 3.127), .Dim = c(11L, 40L), .Dimnames = list(NULL, c("Sampling", 
"PSO.cost", "PSO.gamma", "PSO.data.balancing", "PSO.feature.selection", 
"PSO.valid.acc", "PSO.test.acc", "PSO.train.time", "PSO.n.support.vectors", 
"PSO.index", "PSO.n.solutions", "PSO.generations", "PSO.n.evaluations", 
"PSO.cpu.time", "RS.cost", "RS.gamma", "RS.data.balancing", "RS.feature.selection", 
"RS.valid.acc", "RS.test.acc", "RS.train.time", "RS.n.support.vectors", 
"RS.index", "RS.n.solutions", "RS.generations", "RS.n.evaluations", 
"RS.cpu.time", "DF.cost", "DF.gamma", "DF.data.balancing", "DF.feature.selection", 
"DF.valid.acc", "DF.test.acc", "DF.train.time", "DF.n.support.vectors", 
"DF.index", "DF.n.solutions", "DF.generations", "DF.n.evaluations", 
"DF.cpu.time")))
