full <-
structure(c(50, 55, 60, 65, 70, 75, 80, 85, 90, 95, 100, 5.89062, 
5.28282, 2.56232, 5.4208, 9.05499, 3.28695, 5.05086, 2.11464, 
1, 9.93179, 3.51598, -6.60547, -7.3676, -5.61178, -3.42956, -12.88075, 
-3.0332, -7.13972, -5.10588, 0.05, -13.01818, -7.01041, 0, 0, 
0, 0, 0, 0, 0, 0, 0, 0, 0, 0, 0, 0, 0, 0, 0, 0, 0, 0, 0, 0, 0.92577, 
0.93609, 0.92936, 0.92917, 0.9234, 0.92104, 0.93065, 0.92371, 
0.92602, 0.92014, 0.9204, 0.91808, 0.92609, 0.92623, 0.92345, 
0.91543, 0.9186, 0.91913, 0.91936, 0.92602, 0.91817, 0.9167, 
0.0269, 0.026, 0.0314, 0.0524, 0.0348, 0.0768, 0.0411, 0.0461, 
0.0511, 0.048, 0.0528, 61.2, 56.1, 72.5, 171.8, 57.5, 262.6, 
83.1, 112.2, 137.7, 81.3, 106.7, 286, 343, 1133, 141, 157, 73, 
50, 1647, 1, 13, 514, 281, 299, 67, 166, 53, 405, 118, 4, 2069, 
83, 94, 100, 100, 100, 100, 100, 100, 100, 100, 100, 100, 100, 
2500, 2500, 2500, 2500, 2500, 2500, 2500, 2500, 2500, 2500, 2500, 
6564.757, 6632.118, 7021.753, 7175.02800000001, 7159.119, 7554, 
7185.038, 7980.742, 8083.39999999999, 7548.59, 7746.88800000001, 
6.76838, 5.17846, 2.61586, 14.29936, 9.90073, 10.40079, 5.02303, 
1.90358, 4.87583, 2.34494, 5.50446, -7.11171, -7.26942, -5.67011, 
-3.39518, -13.82455, -3.14025, -7.05911, -12.77195, -10.58966, 
-6.05485, -8.44048, 0, 0, 0, 0, 0, 0, 0, 0, 0, 0, 0, 0, 0, 0, 
0, 0, 0, 0, 0, 0, 0, 0, 0.92577, 0.93609, 0.92936, 0.92917, 0.9234, 
0.92104, 0.93065, 0.92167, 0.92602, 0.92017, 0.9204, 0.91451, 
0.92954, 0.92623, 0.92345, 0.91807, 0.9186, 0.91448, 0.92167, 
0.92602, 0.91817, 0.91299, 0.0264, 0.0276, 0.0309, 0.0508, 0.0337, 
0.0682, 0.0389, 0.0377, 0.0444, 0.0491, 0.0519, 58.6, 57, 71.9, 
176.4, 57.3, 244.3, 84, 74, 81.4, 103.3, 100, 329, 2194, 1578, 
7, 821, 151, 1784, 3, 2, 342, 2056, 5, 1, 1, 5, 2, 41, 2, 1495, 
1681, 2, 2, 100, 100, 100, 100, 100, 100, 100, 100, 100, 100, 
100, 2500, 2500, 2500, 2500, 2500, 2500, 2500, 2500, 2500, 2500, 
2500, 6620.542, 7010.143, 7004.416, 7074.274, 7210.22600000001, 
7387.492, 7363.586, 7833.924, 7961.57400000001, 8069.579, 8268.08000000002, 
1, 1, 1, 1, 1, 1, 1, 1, 1, 1, 1, 0.05, 0.05, 0.05, 0.05, 0.05, 
0.05, 0.05, 0.05, 0.05, 0.05, 0.05, 0, 0, 0, 0, 0, 0, 0, 0, 0, 
0, 0, 0, 0, 0, 0, 0, 0, 0, 0, 0, 0, 0, 0.91863, 0.92598, 0.92614, 
0.92623, 0.92333, 0.9186, 0.9214, 0.92167, 0.92602, 0.9201, 0.91484, 
0.91863, 0.92598, 0.92614, 0.92623, 0.92333, 0.9186, 0.9214, 
0.92167, 0.92602, 0.9201, 0.91484, 0.0279, 0.031, 0.0321, 0.0352, 
0.0388, 0.0448, 0.0484, 0.0496, 0.0515, 0.0573, 0.0612, 89.4, 
94.9, 101.2, 105.8, 113.6, 122.9, 128.6, 136.5, 137.7, 143.8, 
159.3, 1, 1, 1, 1, 1, 1, 1, 1, 1, 1, 1, 1, 1, 1, 1, 1, 1, 1, 
1, 1, 1, 1, 1, 1, 1, 1, 1, 1, 1, 1, 1, 1, 1, 1, 1, 1, 1, 1, 1, 
1, 1, 1, 1, 1, 2.506, 2.716, 2.545, 2.62, 2.687, 2.814, 2.942, 
3.006, 2.785, 2.966, 2.871), .Dim = c(11L, 40L), .Dimnames = list(
    NULL, c("Sampling", "PSO.cost", "PSO.gamma", "PSO.data.balancing", 
    "PSO.feature.selection", "PSO.valid.acc", "PSO.test.acc", 
    "PSO.train.time", "PSO.n.support.vectors", "PSO.index", "PSO.n.solutions", 
    "PSO.generations", "PSO.n.evaluations", "PSO.cpu.time", "RS.cost", 
    "RS.gamma", "RS.data.balancing", "RS.feature.selection", 
    "RS.valid.acc", "RS.test.acc", "RS.train.time", "RS.n.support.vectors", 
    "RS.index", "RS.n.solutions", "RS.generations", "RS.n.evaluations", 
    "RS.cpu.time", "DF.cost", "DF.gamma", "DF.data.balancing", 
    "DF.feature.selection", "DF.valid.acc", "DF.test.acc", "DF.train.time", 
    "DF.n.support.vectors", "DF.index", "DF.n.solutions", "DF.generations", 
    "DF.n.evaluations", "DF.cpu.time")))
