full <-
structure(c(50, 55, 60, 65, 70, 75, 80, 85, 90, 95, 100, 1, 5.32824, 
8.81671, 3.23849, 2.66473, 9.90961, 0.97886, 2.88443, 12.85528, 
13.68274, 1.57348, 0.05, -3.15851, -2.98475, -3.02095, -4.43928, 
-2.9197, -3.26487, -4.54563, -2.82699, -11.42936, -4.84651, 0, 
0, 0, 0, 0, 0, 0, 0, 0, 0, 0, 0, 0, 0, 0, 0, 0, 0, 0, 0, 0, 0, 
0.91504, 0.91943, 0.92292, 0.92024, 0.91312, 0.91622, 0.91669, 
0.91738, 0.91368, 0.9201, 0.91672, 0.91504, 0.91598, 0.91989, 
0.92024, 0.89434, 0.91622, 0.91437, 0.89994, 0.9116, 0.9161, 
0.90742, 0.0304, 0.0438, 0.0566, 0.0592, 0.0415, 0.0782, 0.0762, 
0.0552, 0.1065, 0.1254, 0.0593, 89.1, 188.5, 225.6, 237.1, 121.3, 
288, 232.7, 139.3, 343.9, 104.2, 140.3, 1, 283, 35, 75, 15, 1253, 
1510, 497, 179, 49, 1951, 2090, 251, 385, 676, 71, 59, 20, 119, 
242, 111, 2, 100, 100, 100, 100, 100, 100, 100, 100, 100, 100, 
100, 2500, 2500, 2500, 2500, 2500, 2500, 2500, 2500, 2500, 2500, 
2500, 7044.418, 7150.258, 7349.461, 7475.72700000001, 7767.477, 
7929.039, 8091.49399999999, 7575.28099999999, 8417.37000000001, 
8088.89299999998, 8369.80000000002, 8.81777, 10.78213, 5.98193, 
8.35698, 2.43699, 12.28458, 1.02276, 4.82706, 10.50588, 10.9558, 
14.37323, -2.14201, -3.06038, -3.12045, -3.13528, -4.39697, -2.91441, 
-3.09626, -6.66026, -2.85423, -10.05757, -11.71684, 0, 0, 0, 
0, 0, 0, 0, 0, 0, 0, 0, 0, 0, 0, 0, 0, 0, 0, 0, 0, 0, 0, 0.91504, 
0.91943, 0.92292, 0.92024, 0.91312, 0.91622, 0.91669, 0.9196, 
0.91368, 0.9201, 0.91662, 0.91504, 0.91598, 0.91979, 0.91738, 
0.89691, 0.91622, 0.91437, 0.89786, 0.9116, 0.9161, 0.91487, 
0.0474, 0.047, 0.0521, 0.0592, 0.042, 0.0787, 0.0789, 0.0503, 
0.1002, 0.0822, 0.1596, 216, 202.6, 204.9, 217.9, 123.2, 288.9, 
260.7, 106.8, 339.8, 104.4, 104.5, 2, 161, 149, 20, 942, 1830, 
1194, 1024, 234, 314, 1530, 1455, 8, 28, 23, 1, 1, 2, 2, 11, 
10, 4, 100, 100, 100, 100, 100, 100, 100, 100, 100, 100, 100, 
2500, 2500, 2500, 2500, 2500, 2500, 2500, 2500, 2500, 2500, 2500, 
6942.224, 7083.197, 7139.563, 7379.651, 7754.61200000001, 7837.194, 
7896.34299999999, 8198.74799999999, 8090.60400000001, 8277.845, 
8532.34700000001, 1, 1, 1, 1, 1, 1, 1, 1, 1, 1, 1, 0.05, 0.05, 
0.05, 0.05, 0.05, 0.05, 0.05, 0.05, 0.05, 0.05, 0.05, 0, 0, 0, 
0, 0, 0, 0, 0, 0, 0, 0, 0, 0, 0, 0, 0, 0, 0, 0, 0, 0, 0, 0.91504, 
0.91598, 0.91989, 0.91738, 0.91284, 0.91372, 0.91442, 0.90854, 
0.9116, 0.91037, 0.9149, 0.91504, 0.91598, 0.91989, 0.91738, 
0.91284, 0.91372, 0.91442, 0.90854, 0.9116, 0.91037, 0.9149, 
0.0293, 0.0302, 0.0344, 0.0391, 0.044, 0.047, 0.0472, 0.0538, 
0.0579, 0.0595, 0.0628, 89.1, 97.1, 102.2, 116.9, 125.4, 135.3, 
137.4, 148, 151.9, 162.6, 158.9, 1, 1, 1, 1, 1, 1, 1, 1, 1, 1, 
1, 1, 1, 1, 1, 1, 1, 1, 1, 1, 1, 1, 1, 1, 1, 1, 1, 1, 1, 1, 1, 
1, 1, 1, 1, 1, 1, 1, 1, 1, 1, 1, 1, 1, 2.717, 2.816, 2.83, 2.87, 
3.003, 2.98, 2.822, 2.965, 3.127, 2.947, 2.997), .Dim = c(11L, 
40L), .Dimnames = list(NULL, c("Sampling", "PSO.cost", "PSO.gamma", 
"PSO.data.balancing", "PSO.feature.selection", "PSO.valid.acc", 
"PSO.test.acc", "PSO.train.time", "PSO.n.support.vectors", "PSO.index", 
"PSO.n.solutions", "PSO.generations", "PSO.n.evaluations", "PSO.cpu.time", 
"RS.cost", "RS.gamma", "RS.data.balancing", "RS.feature.selection", 
"RS.valid.acc", "RS.test.acc", "RS.train.time", "RS.n.support.vectors", 
"RS.index", "RS.n.solutions", "RS.generations", "RS.n.evaluations", 
"RS.cpu.time", "DF.cost", "DF.gamma", "DF.data.balancing", "DF.feature.selection", 
"DF.valid.acc", "DF.test.acc", "DF.train.time", "DF.n.support.vectors", 
"DF.index", "DF.n.solutions", "DF.generations", "DF.n.evaluations", 
"DF.cpu.time")))
