full <-
structure(c(50, 55, 60, 65, 70, 75, 80, 85, 90, 95, 100, 1, 9.15747, 
11.54509, 14.26687, 1.41815, 1.31208, 8.70695, 1, 0.69392, 6.48623, 
3.44338, 0.05, -9.72832, -10.86772, -11.83922, -4.27633, -3.9437, 
-3.98577, 0.05, -3.59357, -8.00079, -5.71823, 0, 0, 0, 0, 0, 
0, 0, 0, 0, 0, 0, 0, 0, 0, 0, 0, 0, 0, 0, 0, 0, 0, 0.94111, 0.94954, 
0.93238, 0.94016, 0.92317, 0.91866, 0.91923, 0.91729, 0.91568, 
0.92201, 0.92042, 0.94111, 0.94287, 0.91723, 0.92595, 0.91257, 
0.9186, 0.9169, 0.91729, 0.9116, 0.9047, 0.90742, 0.0318, 0.0286, 
0.0395, 0.0617, 0.0437, 0.0476, 0.0513, 0.0521, 0.0684, 0.0538, 
0.059, 83.7, 42, 52.3, 59.6, 122.7, 149.3, 151.5, 138.7, 204.5, 
103.6, 123.9, 1, 153, 115, 592, 985, 2219, 647, 1, 1739, 1905, 
2029, 2065, 230, 186, 17, 266, 1, 153, 2105, 1, 1, 2, 100, 100, 
100, 100, 100, 100, 100, 100, 100, 100, 100, 2500, 2500, 2500, 
2500, 2500, 2500, 2500, 2500, 2500, 2500, 2500, 7633.54, 7708.578, 
8073.183, 8157.005, 7944.16499999999, 7856.046, 8099.997, 8661.94600000001, 
8672.98599999999, 8079.61300000001, 8872.38, 6.45219, 10.01966, 
11.48188, 14.68595, 1.4406, 3.21735, 5.38457, 1.76263, 6.44872, 
8.8273, 11.62906, -14.56512, -10.15943, -10.86702, -12.04495, 
-4.78856, -14.98787, -3.98665, -10.32049, -14.38003, -9.24682, 
-10.47179, 0, 0, 0, 0, 0, 0, 0, 0, 0, 0, 0, 0, 0, 0, 0, 0, 0, 
0, 0, 0, 0, 0, 0.94111, 0.94954, 0.93238, 0.9373, 0.9206, 0.91616, 
0.91923, 0.91729, 0.91364, 0.92201, 0.91675, 0.94111, 0.93609, 
0.91723, 0.92595, 0.9152, 0.91616, 0.9169, 0.91729, 0.91364, 
0.90663, 0.90546, 0.0245, 0.0303, 0.0382, 0.0676, 0.0414, 0.0324, 
0.0532, 0.0409, 0.0419, 0.0616, 0.0879, 36.1, 41.8, 52.1, 59.4, 
102.4, 68, 151.5, 85.9, 82.3, 101.5, 103.4, 1, 224, 157, 66, 
626, 1, 1937, 2, 1, 2302, 368, 1596, 3, 7, 4, 2, 1472, 2, 1524, 
1564, 1, 14, 100, 100, 100, 100, 100, 100, 100, 100, 100, 100, 
100, 2500, 2500, 2500, 2500, 2500, 2500, 2500, 2500, 2500, 2500, 
2500, 7673.366, 7879.916, 8179.71999999999, 8097.24800000001, 
7941.197, 8029.163, 8135.04800000001, 8220.533, 8304.59899999999, 
8601.359, 8968.95699999999, 1, 1, 1, 1, 1, 1, 1, 1, 1, 1, 1, 
0.05, 0.05, 0.05, 0.05, 0.05, 0.05, 0.05, 0.05, 0.05, 0.05, 0.05, 
0, 0, 0, 0, 0, 0, 0, 0, 0, 0, 0, 0, 0, 0, 0, 0, 0, 0, 0, 0, 0, 
0, 0.94111, 0.93954, 0.92309, 0.91738, 0.91548, 0.91616, 0.91679, 
0.91729, 0.91364, 0.91239, 0.91493, 0.94111, 0.93954, 0.92309, 
0.91738, 0.91548, 0.91616, 0.91679, 0.91729, 0.91364, 0.91239, 
0.91493, 0.029, 0.0299, 0.0358, 0.0389, 0.0403, 0.0433, 0.046, 
0.0496, 0.0538, 0.0604, 0.0629, 83.7, 86.7, 100.2, 109.9, 119.4, 
125.6, 131.8, 138.7, 145.1, 156.1, 156.2, 1, 1, 1, 1, 1, 1, 1, 
1, 1, 1, 1, 1, 1, 1, 1, 1, 1, 1, 1, 1, 1, 1, 1, 1, 1, 1, 1, 1, 
1, 1, 1, 1, 1, 1, 1, 1, 1, 1, 1, 1, 1, 1, 1, 1, 3.102, 3.185, 
3.147, 3.107, 2.926, 2.95, 2.979, 2.996, 3.027, 3.261, 3.276), .Dim = c(11L, 
40L), .Dimnames = list(NULL, c("Sampling", "PSO.cost", "PSO.gamma", 
"PSO.data.balancing", "PSO.feature.selection", "PSO.valid.acc", 
"PSO.test.acc", "PSO.train.time", "PSO.n.support.vectors", "PSO.index", 
"PSO.n.solutions", "PSO.generations", "PSO.n.evaluations", "PSO.cpu.time", 
"RS.cost", "RS.gamma", "RS.data.balancing", "RS.feature.selection", 
"RS.valid.acc", "RS.test.acc", "RS.train.time", "RS.n.support.vectors", 
"RS.index", "RS.n.solutions", "RS.generations", "RS.n.evaluations", 
"RS.cpu.time", "DF.cost", "DF.gamma", "DF.data.balancing", "DF.feature.selection", 
"DF.valid.acc", "DF.test.acc", "DF.train.time", "DF.n.support.vectors", 
"DF.index", "DF.n.solutions", "DF.generations", "DF.n.evaluations", 
"DF.cpu.time")))
