full <-
structure(c(50, 55, 60, 65, 70, 75, 80, 85, 90, 95, 100, 2.78209, 
3.96494, 3.71629, 2.42953, 7.48356, 7.552, 4.81931, 7.32207, 
9.12498, 1.20431, 4.74052, -5.98784, -6.98933, -7.4405, -5.88266, 
-10.85553, -9.48768, -7.70017, -9.09304, -9.99477, -3.95084, 
-7.20133, 0, 0, 0, 0, 0, 0, 0, 0, 0, 0, 0, 0, 0, 0, 0, 0, 0, 
0, 0, 0, 0, 0, 0.93353, 0.93284, 0.9196, 0.91738, 0.91832, 0.91377, 
0.92605, 0.92169, 0.92389, 0.92017, 0.91673, 0.92268, 0.94274, 
0.91364, 0.91452, 0.91007, 0.91134, 0.90982, 0.90633, 0.91565, 
0.91625, 0.91113, 0.026, 0.0289, 0.0294, 0.0343, 0.032, 0.0373, 
0.0426, 0.044, 0.0511, 0.0641, 0.0544, 62.2, 59.6, 59.9, 78.7, 
62.5, 71.2, 82.5, 83.9, 85.3, 179.1, 105.3, 536, 292, 1385, 2357, 
79, 786, 1358, 1349, 943, 30, 344, 695, 412, 53, 1, 179, 92, 
25, 24, 63, 107, 118, 100, 100, 100, 100, 100, 100, 100, 100, 
100, 100, 100, 2500, 2500, 2500, 2500, 2500, 2500, 2500, 2500, 
2500, 2500, 2500, 6683.158, 6819.953, 6984.819, 7677.83300000001, 
6985.038, 7190.24099999999, 7320.245, 7313.22199999999, 7523.826, 
8422.35400000002, 8174.02399999998, 3.09463, 2.80219, 4.13594, 
11.15671, 9.7322, 6.25387, 4.83018, 3.30775, 9.0385, 14.86652, 
4.05418, -6.13024, -5.89302, -7.83921, -14.61837, -13.12575, 
-10.33684, -7.77741, -5.4807, -9.93028, -2.91069, -6.68474, 0, 
0, 0, 0, 0, 0, 0, 0, 0, 0, 0, 0, 0, 0, 0, 0, 0, 0, 0, 0, 0, 0, 
0.93353, 0.93273, 0.9196, 0.91738, 0.91832, 0.91134, 0.9214, 
0.91957, 0.92389, 0.91821, 0.91673, 0.91513, 0.93907, 0.91364, 
0.92595, 0.91007, 0.90383, 0.91215, 0.90425, 0.91361, 0.91821, 
0.91117, 0.0257, 0.0291, 0.028, 0.0314, 0.0338, 0.038, 0.0384, 
0.0511, 0.0499, 0.1161, 0.0528, 61.3, 71.2, 58.4, 56.2, 62.1, 
71.1, 82.1, 118.1, 85.6, 340.1, 109.3, 1362, 1680, 1903, 89, 
85, 14, 315, 732, 767, 52, 582, 2, 1, 1, 4, 8, 19, 3, 2, 1, 23, 
6, 100, 100, 100, 100, 100, 100, 100, 100, 100, 100, 100, 2500, 
2500, 2500, 2500, 2500, 2500, 2500, 2500, 2500, 2500, 2500, 6886.467, 
7073.052, 7116.618, 7233.587, 7404.59, 7719.681, 7756.851, 7890.443, 
7991.99500000001, 8215.93900000001, 8368.40300000002, 1, 1, 1, 
1, 1, 1, 1, 1, 1, 1, 1, 0.05, 0.05, 0.05, 0.05, 0.05, 0.05, 0.05, 
0.05, 0.05, 0.05, 0.05, 0, 0, 0, 0, 0, 0, 0, 0, 0, 0, 0, 0, 0, 
0, 0, 0, 0, 0, 0, 0, 0, 0, 0.91156, 0.91274, 0.90739, 0.91452, 
0.91021, 0.90877, 0.90977, 0.91068, 0.91565, 0.91625, 0.91487, 
0.91156, 0.91274, 0.90739, 0.91452, 0.91021, 0.90877, 0.90977, 
0.91068, 0.91565, 0.91625, 0.91487, 0.0305, 0.0328, 0.0341, 0.0366, 
0.0407, 0.0436, 0.0482, 0.0521, 0.0539, 0.0578, 0.0648, 95.6, 
101.9, 106.8, 112.5, 121.1, 129.5, 140.1, 146.1, 148.5, 153.8, 
159, 1, 1, 1, 1, 1, 1, 1, 1, 1, 1, 1, 1, 1, 1, 1, 1, 1, 1, 1, 
1, 1, 1, 1, 1, 1, 1, 1, 1, 1, 1, 1, 1, 1, 1, 1, 1, 1, 1, 1, 1, 
1, 1, 1, 1, 2.744, 2.792, 2.665, 2.725, 2.796, 2.816, 2.841, 
2.874, 2.867, 2.933, 3.13), .Dim = c(11L, 40L), .Dimnames = list(
    NULL, c("Sampling", "PSO.cost", "PSO.gamma", "PSO.data.balancing", 
    "PSO.feature.selection", "PSO.valid.acc", "PSO.test.acc", 
    "PSO.train.time", "PSO.n.support.vectors", "PSO.index", "PSO.n.solutions", 
    "PSO.generations", "PSO.n.evaluations", "PSO.cpu.time", "RS.cost", 
    "RS.gamma", "RS.data.balancing", "RS.feature.selection", 
    "RS.valid.acc", "RS.test.acc", "RS.train.time", "RS.n.support.vectors", 
    "RS.index", "RS.n.solutions", "RS.generations", "RS.n.evaluations", 
    "RS.cpu.time", "DF.cost", "DF.gamma", "DF.data.balancing", 
    "DF.feature.selection", "DF.valid.acc", "DF.test.acc", "DF.train.time", 
    "DF.n.support.vectors", "DF.index", "DF.n.solutions", "DF.generations", 
    "DF.n.evaluations", "DF.cpu.time")))
