full <-
structure(c(50, 55, 60, 65, 70, 75, 80, 85, 90, 95, 100, 1.47409, 
6.72991, 4.88427, 4.62407, 6.05897, 1.85326, 0.68588, 13.47642, 
9.78115, 8.66935, 15, -6.22623, -9.50478, -7.06977, -7.48502, 
-9.29206, -6.1104, -4.19324, -11.91185, -9.9401, -2.98284, -12.41223, 
0, 0, 0, 0, 0, 0, 0, 0, 0, 0, 0, 0, 0, 0, 0, 0, 0, 0, 0, 0, 0, 
0, 0.91504, 0.91897, 0.93191, 0.92896, 0.92588, 0.91866, 0.91675, 
0.92159, 0.92626, 0.91824, 0.92207, 0.91133, 0.91218, 0.91345, 
0.92619, 0.90489, 0.90872, 0.91204, 0.90633, 0.9158, 0.9124, 
0.91843, 0.0251, 0.0266, 0.0313, 0.0294, 0.0331, 0.0369, 0.0499, 
0.0732, 0.0557, 0.108, 0.1511, 57, 48.5, 60.6, 59, 59.2, 82.9, 
132.5, 75.7, 88.1, 324.4, 101.1, 584, 142, 464, 2459, 289, 1456, 
492, 19, 27, 137, 706, 97, 88, 57, 1, 75, 4, 42, 210, 20, 492, 
106, 100, 100, 100, 100, 100, 100, 100, 100, 100, 100, 100, 2500, 
2500, 2500, 2500, 2500, 2500, 2500, 2500, 2500, 2500, 2500, 7196.499, 
7187.477, 6993.954, 7354.606, 7429.759, 7851.177, 8566.448, 7665.117, 
7792.77200000001, 8602.57499999998, 8425.28499999997, 1.33844, 
7.39148, 4.20368, 4.38042, 5.92554, 2.80821, 0.76114, 14.61155, 
9.55156, 7.18263, 13.78702, -5.88051, -10.46175, -6.74259, -7.30221, 
-9.19653, -7.13894, -4.00864, -12.44961, -9.76854, -2.99698, 
-11.85983, 0, 0, 0, 0, 0, 0, 0, 0, 0, 0, 0, 0, 0, 0, 0, 0, 0, 
0, 0, 0, 0, 0, 0.91504, 0.91897, 0.93191, 0.92611, 0.92588, 0.9186, 
0.91675, 0.92159, 0.92621, 0.91824, 0.92207, 0.91133, 0.90552, 
0.91657, 0.92619, 0.90489, 0.90872, 0.91199, 0.90633, 0.9158, 
0.9124, 0.92029, 0.0275, 0.0256, 0.0317, 0.0321, 0.033, 0.0374, 
0.0523, 0.0863, 0.058, 0.1055, 0.1139, 59.4, 48.4, 62.8, 60, 
59.4, 76.3, 142.7, 75.9, 88.3, 320.7, 100.6, 204, 1933, 1551, 
1015, 73, 1456, 477, 192, 179, 215, 227, 4, 1, 1, 3, 3, 2, 4, 
12, 2, 8, 1, 100, 100, 100, 100, 100, 100, 100, 100, 100, 100, 
100, 2500, 2500, 2500, 2500, 2500, 2500, 2500, 2500, 2500, 2500, 
2500, 7141.771, 7343.733, 7468.53200000001, 7516.961, 7727.344, 
7924.52800000001, 8070.09300000001, 8054.52499999999, 8280.35600000001, 
8411.53099999999, 8625.77200000003, 1, 1, 1, 1, 1, 1, 1, 1, 1, 
1, 1, 0.05, 0.05, 0.05, 0.05, 0.05, 0.05, 0.05, 0.05, 0.05, 0.05, 
0.05, 0, 0, 0, 0, 0, 0, 0, 0, 0, 0, 0, 0, 0, 0, 0, 0, 0, 0, 0, 
0, 0, 0, 0.91133, 0.90598, 0.91364, 0.91467, 0.91805, 0.91372, 
0.91442, 0.91507, 0.91367, 0.91432, 0.9149, 0.91133, 0.90931, 
0.91051, 0.91467, 0.91805, 0.91372, 0.91215, 0.9129, 0.91367, 
0.91432, 0.9149, 0.028, 0.0305, 0.035, 0.0376, 0.039, 0.0443, 
0.0482, 0.0514, 0.0578, 0.0575, 0.066, 86.5, 95, 97.7, 100.9, 
108.8, 120.2, 127.4, 130.4, 148.1, 149, 158.5, 1, 1, 1, 1, 1, 
1, 1, 1, 1, 1, 1, 1, 1, 1, 1, 1, 1, 1, 1, 1, 1, 1, 1, 1, 1, 1, 
1, 1, 1, 1, 1, 1, 1, 1, 1, 1, 1, 1, 1, 1, 1, 1, 1, 1, 2.719, 
2.756, 3.021, 2.949, 2.944, 2.977, 3.059, 3.106, 3.224, 3.011, 
3.259), .Dim = c(11L, 40L), .Dimnames = list(NULL, c("Sampling", 
"PSO.cost", "PSO.gamma", "PSO.data.balancing", "PSO.feature.selection", 
"PSO.valid.acc", "PSO.test.acc", "PSO.train.time", "PSO.n.support.vectors", 
"PSO.index", "PSO.n.solutions", "PSO.generations", "PSO.n.evaluations", 
"PSO.cpu.time", "RS.cost", "RS.gamma", "RS.data.balancing", "RS.feature.selection", 
"RS.valid.acc", "RS.test.acc", "RS.train.time", "RS.n.support.vectors", 
"RS.index", "RS.n.solutions", "RS.generations", "RS.n.evaluations", 
"RS.cpu.time", "DF.cost", "DF.gamma", "DF.data.balancing", "DF.feature.selection", 
"DF.valid.acc", "DF.test.acc", "DF.train.time", "DF.n.support.vectors", 
"DF.index", "DF.n.solutions", "DF.generations", "DF.n.evaluations", 
"DF.cpu.time")))
