full <-
structure(c(50, 55, 60, 65, 70, 75, 80, 85, 90, 95, 100, 1.41354, 
5.94255, 1.77008, 10.44307, 9.60737, 8.55408, 6.71797, 9.59329, 
4.61645, 1.9685, 1, -3.94064, -7.95032, -4.19318, -9.73691, -11.17206, 
-3.20451, -3.15174, -13.43433, -6.26609, -4.80345, 0.05, 0, 0, 
0, 0, 0, 0, 0, 0, 0, 0, 0, 0, 0, 0, 0, 0, 0, 0, 0, 0, 0, 0, 0.92272, 
0.93264, 0.91986, 0.92905, 0.93101, 0.91127, 0.90973, 0.91506, 
0.92834, 0.92382, 0.9149, 0.92245, 0.91253, 0.90726, 0.91476, 
0.91784, 0.90634, 0.9074, 0.90419, 0.90759, 0.90444, 0.9149, 
0.0316, 0.0269, 0.038, 0.045, 0.0345, 0.0721, 0.0791, 0.0453, 
0.0522, 0.0583, 0.0641, 111.4, 57, 114.7, 72.3, 61.1, 241, 260.5, 
78.9, 112, 136.1, 159.7, 1294, 615, 757, 258, 84, 143, 98, 1126, 
470, 857, 1, 97, 58, 47, 129, 123, 783, 606, 19, 330, 123, 2084, 
100, 100, 100, 100, 100, 100, 100, 100, 100, 100, 100, 2500, 
2500, 2500, 2500, 2500, 2500, 2500, 2500, 2500, 2500, 2500, 6789.37, 
6389.758, 6830.546, 6869.22900000001, 6820.303, 7677.95299999999, 
7976.333, 7459.71400000001, 7390.16499999999, 7634.66900000001, 
8951.72099999999, 1.87599, 6.67836, 1.90927, 10.6937, 13.54226, 
13.52238, 14.25705, 8.58511, 4.10108, 4.88976, -0.75101, -3.61433, 
-8.409, -4.09352, -9.84711, -13.15124, -11.40836, -3.15856, -12.62364, 
-5.83895, -7.80693, -6.14168, 0, 0, 0, 0, 0, 0, 0, 0, 0, 0, 0, 
0, 0, 0, 0, 0, 0, 0, 0, 0, 0, 0, 0.92245, 0.93264, 0.91986, 0.92905, 
0.93101, 0.91128, 0.90973, 0.91289, 0.92626, 0.91817, 0.9149, 
0.91874, 0.90575, 0.90422, 0.9119, 0.91244, 0.89627, 0.9074, 
0.90637, 0.90963, 0.90256, 0.9149, 0.0353, 0.0275, 0.0376, 0.0452, 
0.0452, 0.083, 0.0785, 0.0437, 0.0529, 0.0475, 0.0522, 134.4, 
55.1, 118, 72, 58.9, 84.5, 259.4, 79.5, 115.8, 96, 112.2, 1012, 
24, 1087, 220, 984, 25, 150, 27, 117, 208, 1, 3, 2, 1, 3, 1, 
3, 9, 19, 2, 3, 1534, 100, 100, 100, 100, 100, 100, 100, 100, 
100, 100, 100, 2500, 2500, 2500, 2500, 2500, 2500, 2500, 2500, 
2500, 2500, 2500, 6460.674, 6697.917, 6797.492, 6959.465, 7129.645, 
7497.841, 7642.61, 7792.747, 7992.24799999999, 8351.03099999999, 
8657.736, 1, 1, 1, 1, 1, 1, 1, 1, 1, 1, 1, 0.05, 0.05, 0.05, 
0.05, 0.05, 0.05, 0.05, 0.05, 0.05, 0.05, 0.05, 0, 0, 0, 0, 0, 
0, 0, 0, 0, 0, 0, 0, 0, 0, 0, 0, 0, 0, 0, 0, 0, 0, 0.91874, 0.91931, 
0.91693, 0.91175, 0.91279, 0.90627, 0.90513, 0.91071, 0.91163, 
0.91236, 0.9149, 0.91874, 0.91931, 0.91693, 0.91175, 0.91279, 
0.90627, 0.90513, 0.91071, 0.91163, 0.91236, 0.9149, 0.0285, 
0.0313, 0.0334, 0.0384, 0.043, 0.0462, 0.0505, 0.053, 0.0574, 
0.0607, 0.0635, 91.9, 101.1, 107.8, 116.8, 123.9, 132.4, 139.4, 
142.8, 149.5, 152.1, 159.7, 1, 1, 1, 1, 1, 1, 1, 1, 1, 1, 1, 
1, 1, 1, 1, 1, 1, 1, 1, 1, 1, 1, 1, 1, 1, 1, 1, 1, 1, 1, 1, 1, 
1, 1, 1, 1, 1, 1, 1, 1, 1, 1, 1, 1, 2.535, 2.574, 2.54, 2.708, 
2.802, 2.846, 2.924, 2.94, 2.972, 3.148, 3.182), .Dim = c(11L, 
40L), .Dimnames = list(NULL, c("Sampling", "PSO.cost", "PSO.gamma", 
"PSO.data.balancing", "PSO.feature.selection", "PSO.valid.acc", 
"PSO.test.acc", "PSO.train.time", "PSO.n.support.vectors", "PSO.index", 
"PSO.n.solutions", "PSO.generations", "PSO.n.evaluations", "PSO.cpu.time", 
"RS.cost", "RS.gamma", "RS.data.balancing", "RS.feature.selection", 
"RS.valid.acc", "RS.test.acc", "RS.train.time", "RS.n.support.vectors", 
"RS.index", "RS.n.solutions", "RS.generations", "RS.n.evaluations", 
"RS.cpu.time", "DF.cost", "DF.gamma", "DF.data.balancing", "DF.feature.selection", 
"DF.valid.acc", "DF.test.acc", "DF.train.time", "DF.n.support.vectors", 
"DF.index", "DF.n.solutions", "DF.generations", "DF.n.evaluations", 
"DF.cpu.time")))
