full <-
structure(c(50, 55, 60, 65, 70, 75, 80, 85, 90, 95, 100, 9.96678, 
7.24697, 1, 1, 1, 1, 1, 3.04439, 7.72646, 2.97046, 12.94674, 
-9.04544, -3.19292, 0.05, 0.05, 0.05, 0.05, 0.05, -5.19909, -10.81696, 
-5.71546, -11.4245, 0, 0, 0, 0, 0, 0, 0, 0, 0, 0, 0, 0, 0, 0, 
0, 0, 0, 0, 0, 0, 0, 0, 0.92591, 0.91939, 0.92301, 0.92031, 0.91805, 
0.92109, 0.926, 0.93056, 0.91973, 0.92594, 0.92026, 0.89984, 
0.91939, 0.92301, 0.92031, 0.91805, 0.92109, 0.926, 0.91288, 
0.90327, 0.92005, 0.91656, 0.0331, 0.0485, 0.0353, 0.038, 0.0407, 
0.0463, 0.0472, 0.0476, 0.0452, 0.0526, 0.0991, 53.8, 193.4, 
97, 106.6, 116.4, 127.1, 128.3, 111, 80.7, 110.5, 101, 53, 309, 
1, 1, 1, 1, 1, 1288, 32, 80, 348, 104, 289, 2086, 2234, 2041, 
2052, 2172, 61, 99, 156, 74, 100, 100, 100, 100, 100, 100, 100, 
100, 100, 100, 100, 2500, 2500, 2500, 2500, 2500, 2500, 2500, 
2500, 2500, 2500, 2500, 7066.571, 7202.502, 7433.949, 7685.319, 
7615.262, 7594.81300000001, 8044.32800000001, 7689.39199999999, 
8165.939, 7994.698, 8716.16399999999, 13.46589, 12.54503, 6.35026, 
3.77822, 3.55756, 0.1976, 2.73402, 2.74253, 0.84977, 4.74472, 
6.69886, -10.83698, -3.14103, -1.55708, -14.42368, -0.02205, 
-12.74673, -8.43024, -5.07733, -3.55386, -6.65687, -8.26416, 
0, 0, 0, 0, 0, 0, 0, 0, 0, 0, 0, 0, 0, 0, 0, 0, 0, 0, 0, 0, 0, 
0, 0.92591, 0.91939, 0.92301, 0.92031, 0.91805, 0.92109, 0.926, 
0.92839, 0.92177, 0.92594, 0.92211, 0.89984, 0.91939, 0.92301, 
0.92031, 0.91805, 0.92109, 0.926, 0.91288, 0.91361, 0.91432, 
0.91656, 0.0473, 0.0483, 0.0616, 0.0305, 0.0755, 0.0311, 0.0397, 
0.0478, 0.0681, 0.0505, 0.0557, 53.1, 199.5, 259.2, 56.9, 302.4, 
63.5, 79, 113.4, 204.7, 101.1, 103.3, 1071, 136, 3, 2, 5, 1, 
1, 983, 765, 27, 1785, 2, 26, 1530, 1578, 1474, 1570, 1516, 2, 
2, 8, 1, 100, 100, 100, 100, 100, 100, 100, 100, 100, 100, 100, 
2500, 2500, 2500, 2500, 2500, 2500, 2500, 2500, 2500, 2500, 2500, 
7086.711, 7167.55, 7266.052, 7373.774, 7488.893, 7883.20699999999, 
8015.481, 8136.164, 8326.121, 8423.99400000001, 8671.92299999998, 
1, 1, 1, 1, 1, 1, 1, 1, 1, 1, 1, 0.05, 0.05, 0.05, 0.05, 0.05, 
0.05, 0.05, 0.05, 0.05, 0.05, 0.05, 0, 0, 0, 0, 0, 0, 0, 0, 0, 
0, 0, 0, 0, 0, 0, 0, 0, 0, 0, 0, 0, 0, 0.91493, 0.91616, 0.92301, 
0.92031, 0.91805, 0.92109, 0.926, 0.92167, 0.91769, 0.92013, 
0.91484, 0.91493, 0.91616, 0.92301, 0.92031, 0.91805, 0.92109, 
0.926, 0.92167, 0.91769, 0.92013, 0.91484, 0.0294, 0.032, 0.0354, 
0.0361, 0.0426, 0.0453, 0.045, 0.0482, 0.0551, 0.058, 0.0611, 
86.9, 96.3, 97, 106.6, 116.4, 127.1, 128.3, 131.7, 142, 146.1, 
158.1, 1, 1, 1, 1, 1, 1, 1, 1, 1, 1, 1, 1, 1, 1, 1, 1, 1, 1, 
1, 1, 1, 1, 1, 1, 1, 1, 1, 1, 1, 1, 1, 1, 1, 1, 1, 1, 1, 1, 1, 
1, 1, 1, 1, 1, 2.763, 2.8, 2.885, 2.74, 2.968, 3.006, 3.05, 3.038, 
3.092, 3.1, 3.166), .Dim = c(11L, 40L), .Dimnames = list(NULL, 
    c("Sampling", "PSO.cost", "PSO.gamma", "PSO.data.balancing", 
    "PSO.feature.selection", "PSO.valid.acc", "PSO.test.acc", 
    "PSO.train.time", "PSO.n.support.vectors", "PSO.index", "PSO.n.solutions", 
    "PSO.generations", "PSO.n.evaluations", "PSO.cpu.time", "RS.cost", 
    "RS.gamma", "RS.data.balancing", "RS.feature.selection", 
    "RS.valid.acc", "RS.test.acc", "RS.train.time", "RS.n.support.vectors", 
    "RS.index", "RS.n.solutions", "RS.generations", "RS.n.evaluations", 
    "RS.cpu.time", "DF.cost", "DF.gamma", "DF.data.balancing", 
    "DF.feature.selection", "DF.valid.acc", "DF.test.acc", "DF.train.time", 
    "DF.n.support.vectors", "DF.index", "DF.n.solutions", "DF.generations", 
    "DF.n.evaluations", "DF.cpu.time")))
