full <-
structure(c(50, 55, 60, 65, 70, 75, 80, 85, 90, 95, 100, 1.82875, 
1.68108, 9.83301, 2.48474, 3.78029, 7.56419, 2.8616, 9.59276, 
7.38815, 1.45764, 15, -5.06506, -6.13485, -3.39249, -6.37896, 
-7.10889, -9.18747, -4.79348, -3.69034, -11.29904, -4.02809, 
-12.79081, 0, 0, 0, 0, 0, 0, 0, 0, 0, 0, 0, 0, 0, 0, 0, 0, 0, 
0, 0, 0, 0, 0, 0.91491, 0.91276, 0.91675, 0.9231, 0.92332, 0.9309, 
0.93044, 0.92372, 0.91784, 0.92028, 0.92766, 0.90763, 0.90598, 
0.91362, 0.90595, 0.91549, 0.91608, 0.91902, 0.91502, 0.90959, 
0.9104, 0.91857, 0.0293, 0.027, 0.0471, 0.0323, 0.0345, 0.037, 
0.0482, 0.0627, 0.0466, 0.0666, 0.1206, 77.2, 64.4, 176.2, 72, 
71.2, 66.4, 125.9, 180.2, 81.3, 173.7, 95.4, 250, 352, 695, 575, 
376, 1042, 513, 320, 31, 1078, 197, 74, 60, 20, 102, 102, 28, 
426, 92, 151, 161, 105, 100, 100, 100, 100, 100, 100, 100, 100, 
100, 100, 100, 2500, 2500, 2500, 2500, 2500, 2500, 2500, 2500, 
2500, 2500, 2500, 6826.749, 7115.409, 7394.471, 7353.9, 7406.985, 
7593.04699999999, 7702.712, 8023.05600000001, 7771.68500000001, 
8111.31399999998, 8356.68799999999, 4.56685, 0.99155, -1.33122, 
1.36973, 2.65356, 7.5787, 2.74963, 1.26161, 10.21954, 1.43714, 
10.4999, -8.85384, -5.2327, -5.04266, -5.25577, -6.22627, -9.22379, 
-4.77565, -4.0529, -14.02936, -5.12934, -10.39783, 0, 0, 0, 0, 
0, 0, 0, 0, 0, 0, 0, 0, 0, 0, 0, 0, 0, 0, 0, 0, 0, 0, 0.91133, 
0.91276, 0.91372, 0.92024, 0.92069, 0.9284, 0.93044, 0.92372, 
0.91784, 0.92024, 0.92766, 0.90406, 0.90598, 0.91372, 0.91738, 
0.91279, 0.91608, 0.92129, 0.91068, 0.90959, 0.91632, 0.91487, 
0.0269, 0.0285, 0.031, 0.0346, 0.036, 0.0376, 0.0484, 0.0567, 
0.0466, 0.0511, 0.0695, 52.9, 75.3, 83.8, 83.8, 77.3, 66.3, 126.3, 
155.8, 80.9, 123.1, 96.6, 247, 571, 1, 105, 1737, 1376, 47, 727, 
90, 424, 90, 9, 12, 1502, 7, 1, 1, 2, 1, 27, 1, 8, 100, 100, 
100, 100, 100, 100, 100, 100, 100, 100, 100, 2500, 2500, 2500, 
2500, 2500, 2500, 2500, 2500, 2500, 2500, 2500, 6955.101, 7026.188, 
7238.331, 7603.978, 7769.228, 7861.556, 8007.02, 8196.01800000001, 
8349.409, 8574.255, 8709.59700000001, 1, 1, 1, 1, 1, 1, 1, 1, 
1, 1, 1, 0.05, 0.05, 0.05, 0.05, 0.05, 0.05, 0.05, 0.05, 0.05, 
0.05, 0.05, 0, 0, 0, 0, 0, 0, 0, 0, 0, 0, 0, 0, 0, 0, 0, 0, 0, 
0, 0, 0, 0, 0, 0.90393, 0.90931, 0.91372, 0.91452, 0.91542, 0.92114, 
0.90977, 0.91285, 0.91367, 0.91239, 0.9149, 0.90393, 0.90931, 
0.91372, 0.91452, 0.91542, 0.92114, 0.90977, 0.91285, 0.91367, 
0.91239, 0.9149, 0.0312, 0.0312, 0.0346, 0.0374, 0.0412, 0.0428, 
0.0487, 0.0523, 0.0521, 0.0588, 0.0665, 94.6, 98, 102.6, 109.3, 
115.4, 119.9, 135.6, 136.9, 145.2, 149.6, 160, 1, 1, 1, 1, 1, 
1, 1, 1, 1, 1, 1, 1, 1, 1, 1, 1, 1, 1, 1, 1, 1, 1, 1, 1, 1, 1, 
1, 1, 1, 1, 1, 1, 1, 1, 1, 1, 1, 1, 1, 1, 1, 1, 1, 1, 2.873, 
2.671, 2.874, 2.928, 2.986, 2.988, 3.036, 3.088, 3.089, 3.106, 
3.235), .Dim = c(11L, 40L), .Dimnames = list(NULL, c("Sampling", 
"PSO.cost", "PSO.gamma", "PSO.data.balancing", "PSO.feature.selection", 
"PSO.valid.acc", "PSO.test.acc", "PSO.train.time", "PSO.n.support.vectors", 
"PSO.index", "PSO.n.solutions", "PSO.generations", "PSO.n.evaluations", 
"PSO.cpu.time", "RS.cost", "RS.gamma", "RS.data.balancing", "RS.feature.selection", 
"RS.valid.acc", "RS.test.acc", "RS.train.time", "RS.n.support.vectors", 
"RS.index", "RS.n.solutions", "RS.generations", "RS.n.evaluations", 
"RS.cpu.time", "DF.cost", "DF.gamma", "DF.data.balancing", "DF.feature.selection", 
"DF.valid.acc", "DF.test.acc", "DF.train.time", "DF.n.support.vectors", 
"DF.index", "DF.n.solutions", "DF.generations", "DF.n.evaluations", 
"DF.cpu.time")))
