full <-
structure(c(50, 55, 60, 65, 70, 75, 80, 85, 90, 95, 100, 8.35999, 
15, 4.73758, 7.01287, 4.27951, 6.35466, 4.28359, 2.17125, 1.83972, 
1.00071, 2.35524, -10.4824, -13.7665, -8.59021, -11.75063, -6.98591, 
-8.37306, -7.66553, -5.76629, -5.50554, -3.55144, -5.3842, 0, 
0, 0, 0, 0, 0, 0, 0, 0, 0, 0, 0, 0, 0, 0, 0, 0, 0, 0, 0, 0, 0, 
0.93025, 0.92638, 0.93247, 0.92325, 0.93115, 0.92865, 0.9309, 
0.9326, 0.92798, 0.91625, 0.92588, 0.90746, 0.91615, 0.92641, 
0.92039, 0.92582, 0.92127, 0.92858, 0.92173, 0.92177, 0.90652, 
0.91292, 0.0233, 0.0307, 0.0257, 0.027, 0.0344, 0.0349, 0.0363, 
0.041, 0.0492, 0.0744, 0.0583, 38.3, 31.6, 51.2, 53.8, 70.2, 
69.7, 75.3, 97.4, 107.7, 218.2, 127.2, 58, 265, 236, 610, 903, 
407, 653, 399, 292, 2256, 2354, 197, 474, 59, 61, 134, 85, 173, 
74, 71, 2, 5, 100, 100, 100, 100, 100, 100, 100, 100, 100, 100, 
100, 2500, 2500, 2500, 2500, 2500, 2500, 2500, 2500, 2500, 2500, 
2500, 6260.503, 6363.803, 6236.95, 6625.125, 6745.876, 6835.764, 
6791.042, 6941.337, 7256.92600000001, 8461.40799999998, 7599.299, 
8.31575, 1.16434, 6.07088, 7.66557, 4.18158, 9.62787, 3.52183, 
1.4371, 1.77962, 14.33038, 2.57633, -10.52226, -4.9939, -9.98897, 
-12.4573, -7.05588, -9.92973, -7.05187, -5.04402, -4.76033, -12.08882, 
-5.44884, 0, 0, 0, 0, 0, 0, 0, 0, 0, 0, 0, 0, 0, 0, 0, 0, 0, 
0, 0, 0, 0, 0, 0.93025, 0.92995, 0.93247, 0.92325, 0.92852, 0.92865, 
0.9309, 0.93255, 0.92602, 0.91613, 0.92585, 0.91103, 0.91972, 
0.92641, 0.92325, 0.92845, 0.91883, 0.92625, 0.9239, 0.92802, 
0.90444, 0.91292, 0.024, 0.0262, 0.0251, 0.0289, 0.0344, 0.0435, 
0.0388, 0.0441, 0.0522, 0.1121, 0.0591, 38.3, 71.8, 49.5, 53.8, 
69.2, 69.4, 79, 111.9, 128.4, 93.8, 126.2, 424, 1981, 2015, 314, 
1193, 1426, 1136, 178, 226, 360, 74, 7, 1, 1, 8, 2, 4, 3, 1, 
1, 6, 2, 100, 100, 100, 100, 100, 100, 100, 100, 100, 100, 100, 
2500, 2500, 2500, 2500, 2500, 2500, 2500, 2500, 2500, 2500, 2500, 
6469.897, 6488.803, 6567.035, 6871.564, 6994.80299999999, 7141.535, 
7353.164, 7585.382, 7957.65199999999, 8058.745, 8206.02300000002, 
1, 1, 1, 1, 1, 1, 1, 1, 1, 1, 1, 0.05, 0.05, 0.05, 0.05, 0.05, 
0.05, 0.05, 0.05, 0.05, 0.05, 0.05, 0, 0, 0, 0, 0, 0, 0, 0, 0, 
0, 0, 0, 0, 0, 0, 0, 0, 0, 0, 0, 0, 0, 0.91145, 0.9195, 0.91997, 
0.92031, 0.91799, 0.91865, 0.91916, 0.92163, 0.91977, 0.91236, 
0.91487, 0.91145, 0.9195, 0.91997, 0.92031, 0.91799, 0.91865, 
0.91916, 0.92163, 0.91977, 0.91236, 0.91487, 0.0261, 0.0294, 
0.0312, 0.036, 0.0395, 0.0439, 0.0448, 0.0503, 0.0554, 0.0607, 
0.0655, 84.6, 89.8, 96.9, 100.6, 114.6, 127, 131.7, 136.8, 143.8, 
151.1, 161.6, 1, 1, 1, 1, 1, 1, 1, 1, 1, 1, 1, 1, 1, 1, 1, 1, 
1, 1, 1, 1, 1, 1, 1, 1, 1, 1, 1, 1, 1, 1, 1, 1, 1, 1, 1, 1, 1, 
1, 1, 1, 1, 1, 1, 1, 2.423, 2.569, 2.459, 2.771, 2.719, 2.742, 
2.696, 2.846, 2.953, 3.038, 3.087), .Dim = c(11L, 40L), .Dimnames = list(
    NULL, c("Sampling", "PSO.cost", "PSO.gamma", "PSO.data.balancing", 
    "PSO.feature.selection", "PSO.valid.acc", "PSO.test.acc", 
    "PSO.train.time", "PSO.n.support.vectors", "PSO.index", "PSO.n.solutions", 
    "PSO.generations", "PSO.n.evaluations", "PSO.cpu.time", "RS.cost", 
    "RS.gamma", "RS.data.balancing", "RS.feature.selection", 
    "RS.valid.acc", "RS.test.acc", "RS.train.time", "RS.n.support.vectors", 
    "RS.index", "RS.n.solutions", "RS.generations", "RS.n.evaluations", 
    "RS.cpu.time", "DF.cost", "DF.gamma", "DF.data.balancing", 
    "DF.feature.selection", "DF.valid.acc", "DF.test.acc", "DF.train.time", 
    "DF.n.support.vectors", "DF.index", "DF.n.solutions", "DF.generations", 
    "DF.n.evaluations", "DF.cpu.time")))
