full <-
structure(c(50, 55, 60, 65, 70, 75, 80, 85, 90, 95, 100, 4.96915, 
4.1722, 8.0279, 4.56072, 10.33684, 11.35584, 0.80346, 5.80316, 
1.25845, 1.02612, 2.74136, -6.838, -7.96534, -10.21393, -6.38762, 
-10.12577, -15, -4.60812, -6.78396, -4.33759, -4.55916, -5.85374, 
0, 0, 0, 0, 0, 0, 0, 0, 0, 0, 0, 0, 0, 0, 0, 0, 0, 0, 0, 0, 0, 
0, 0.92973, 0.92575, 0.93531, 0.92302, 0.92332, 0.91634, 0.91685, 
0.92603, 0.92381, 0.9221, 0.92235, 0.91848, 0.9223, 0.91987, 
0.92302, 0.8992, 0.90871, 0.90982, 0.90873, 0.91352, 0.91425, 
0.91117, 0.0266, 0.0256, 0.0267, 0.0343, 0.0412, 0.0338, 0.0458, 
0.0448, 0.0556, 0.058, 0.0569, 52.3, 48.5, 46.1, 72.2, 60.9, 
66.2, 116.7, 87.9, 142.5, 137.4, 118.2, 208, 270, 243, 538, 354, 
148, 845, 14, 1963, 1484, 1067, 83, 60, 161, 194, 58, 433, 36, 
165, 8, 22, 50, 100, 100, 100, 100, 100, 100, 100, 100, 100, 
100, 100, 2500, 2500, 2500, 2500, 2500, 2500, 2500, 2500, 2500, 
2500, 2500, 6849.223, 7152.509, 6807.818, 7052.538, 6835.569, 
6786.171, 7244.92999999999, 7177.118, 7723.78700000001, 8099.281, 
7591.60400000002, 4.07415, 4.16368, 7.51358, 4.78452, 9.38268, 
9.83308, 4.40543, 11.54327, 1.2632, 1.24741, 2.77761, -6.35289, 
-7.94873, -9.63696, -6.5175, -9.60961, -13.50654, -7.54512, -9.75063, 
-4.36208, -3.68761, -5.64775, 0, 0, 0, 0, 0, 0, 0, 0, 0, 0, 0, 
0, 0, 0, 0, 0, 0, 0, 0, 0, 0, 0, 0.92973, 0.92575, 0.93531, 0.92302, 
0.92332, 0.91634, 0.91907, 0.92603, 0.92177, 0.92017, 0.9205, 
0.91848, 0.9223, 0.91371, 0.92302, 0.8992, 0.90871, 0.91923, 
0.91096, 0.91352, 0.90852, 0.90932, 0.0252, 0.0267, 0.0294, 0.033, 
0.0387, 0.0365, 0.0371, 0.0658, 0.0548, 0.0688, 0.0587, 55.4, 
48.5, 46.2, 71.6, 61.9, 66.2, 75.3, 80.7, 140.7, 201.2, 123, 
788, 1742, 128, 905, 81, 667, 27, 85, 2199, 272, 241, 2, 2, 5, 
6, 5, 7, 1, 10, 2, 1, 10, 100, 100, 100, 100, 100, 100, 100, 
100, 100, 100, 100, 2500, 2500, 2500, 2500, 2500, 2500, 2500, 
2500, 2500, 2500, 2500, 7009.024, 6951.785, 7251.519, 7349.438, 
7164.984, 7300.09, 7489.519, 7937.18100000001, 8133.14499999999, 
8217.69699999999, 8589.37900000002, 1, 1, 1, 1, 1, 1, 1, 1, 1, 
1, 1, 0.05, 0.05, 0.05, 0.05, 0.05, 0.05, 0.05, 0.05, 0.05, 0.05, 
0.05, 0, 0, 0, 0, 0, 0, 0, 0, 0, 0, 0, 0, 0, 0, 0, 0, 0, 0, 0, 
0, 0, 0, 0.91863, 0.92264, 0.92309, 0.91452, 0.91279, 0.91127, 
0.91447, 0.91729, 0.91565, 0.91625, 0.91487, 0.91863, 0.92264, 
0.92309, 0.91452, 0.91279, 0.91127, 0.91447, 0.91946, 0.91565, 
0.91625, 0.91487, 0.0284, 0.0297, 0.0343, 0.039, 0.0383, 0.044, 
0.0449, 0.0512, 0.0554, 0.0597, 0.0645, 84.2, 88.7, 91.6, 105.8, 
112.5, 122.3, 127.6, 128.8, 141, 148.3, 158.4, 1, 1, 1, 1, 1, 
1, 1, 1, 1, 1, 1, 1, 1, 1, 1, 1, 1, 1, 1, 1, 1, 1, 1, 1, 1, 1, 
1, 1, 1, 1, 1, 1, 1, 1, 1, 1, 1, 1, 1, 1, 1, 1, 1, 1, 2.636, 
2.561, 2.846, 2.912, 2.683, 2.846, 2.746, 3.026, 3.047, 3.063, 
3.123), .Dim = c(11L, 40L), .Dimnames = list(NULL, c("Sampling", 
"PSO.cost", "PSO.gamma", "PSO.data.balancing", "PSO.feature.selection", 
"PSO.valid.acc", "PSO.test.acc", "PSO.train.time", "PSO.n.support.vectors", 
"PSO.index", "PSO.n.solutions", "PSO.generations", "PSO.n.evaluations", 
"PSO.cpu.time", "RS.cost", "RS.gamma", "RS.data.balancing", "RS.feature.selection", 
"RS.valid.acc", "RS.test.acc", "RS.train.time", "RS.n.support.vectors", 
"RS.index", "RS.n.solutions", "RS.generations", "RS.n.evaluations", 
"RS.cpu.time", "DF.cost", "DF.gamma", "DF.data.balancing", "DF.feature.selection", 
"DF.valid.acc", "DF.test.acc", "DF.train.time", "DF.n.support.vectors", 
"DF.index", "DF.n.solutions", "DF.generations", "DF.n.evaluations", 
"DF.cpu.time")))
