full <-
structure(c(50, 55, 60, 65, 70, 75, 80, 85, 90, 95, 100, 1.96884, 
1.95426, 1.82741, 1.24144, 6.23509, 12.93163, 5.30535, 3.01578, 
6.04852, 3.07025, 4.11668, -5.41556, -4.99612, -5.73915, -5.44313, 
-7.63547, -12.85354, -6.79834, -6.35544, -7.91219, -6.18226, 
-6.56923, 0, 0, 0, 0, 0, 0, 0, 0, 0, 0, 0, 0, 0, 0, 0, 0, 0, 
0, 0, 0, 0, 0, 0.91111, 0.90563, 0.92292, 0.91746, 0.91549, 0.92335, 
0.92367, 0.91937, 0.93206, 0.92413, 0.91857, 0.89259, 0.89552, 
0.91383, 0.91746, 0.9076, 0.91848, 0.91907, 0.9129, 0.91969, 
0.92025, 0.9185, 0.0277, 0.032, 0.0315, 0.0323, 0.037, 0.0437, 
0.0452, 0.0434, 0.0498, 0.0565, 0.0613, 74.3, 84.5, 72.8, 79.7, 
75.7, 59.3, 89.3, 94.3, 94.6, 108.3, 112.7, 673, 889, 608, 16, 
1873, 147, 200, 1111, 631, 386, 40, 262, 55, 181, 131, 4, 380, 
327, 46, 100, 182, 98, 100, 100, 100, 100, 100, 100, 100, 100, 
100, 100, 100, 2500, 2500, 2500, 2500, 2500, 2500, 2500, 2500, 
2500, 2500, 2500, 6986.256, 7515.022, 7312.737, 7249.732, 7595.57900000001, 
7508.60299999999, 7514.02899999999, 7988.91600000001, 7864.834, 
9850.277, 10762.284, 1.83038, 1.90425, 0.706, 1.48389, 6.59658, 
13.69312, 2.04135, 3.14665, 5.9914, 3.0845, 4.06437, -5.37405, 
-4.99723, -4.23911, -5.81151, -7.8378, -13.4169, -5.07564, -6.43441, 
-7.80508, -5.96851, -6.54929, 0, 0, 0, 0, 0, 0, 0, 0, 0, 0, 0, 
0, 0, 0, 0, 0, 0, 0, 0, 0, 0, 0, 0.91111, 0.90563, 0.91989, 0.91746, 
0.91549, 0.92335, 0.92827, 0.91937, 0.93002, 0.92413, 0.91857, 
0.8963, 0.89885, 0.91686, 0.91746, 0.9076, 0.91848, 0.92129, 
0.9129, 0.91969, 0.92025, 0.9185, 0.0275, 0.032, 0.0341, 0.0322, 
0.0379, 0.0451, 0.0435, 0.0444, 0.054, 0.0564, 0.06, 74.7, 84.3, 
104.9, 75.1, 74.9, 59, 103.7, 94.1, 95.4, 111.8, 112.6, 376, 
597, 511, 1449, 450, 646, 646, 1810, 430, 475, 959, 1, 1, 2, 
2, 2, 2, 1, 1, 6, 3, 1, 100, 100, 100, 100, 100, 100, 100, 100, 
100, 100, 100, 2500, 2500, 2500, 2500, 2500, 2500, 2500, 2500, 
2500, 2500, 2500, 7165.738, 7453.729, 7521.40399999999, 7450.203, 
7624.092, 7765.00199999999, 8038.306, 8318.428, 10096.726, 10463.882, 
10539.789, 1, 1, 1, 1, 1, 1, 1, 1, 1, 1, 1, 0.05, 0.05, 0.05, 
0.05, 0.05, 0.05, 0.05, 0.05, 0.05, 0.05, 0.05, 0, 0, 0, 0, 0, 
0, 0, 0, 0, 0, 0, 0, 0, 0, 0, 0, 0, 0, 0, 0, 0, 0, 0.89259, 0.89897, 
0.90436, 0.91175, 0.91016, 0.91372, 0.91442, 0.91285, 0.91565, 
0.91625, 0.9149, 0.89259, 0.89897, 0.90436, 0.91175, 0.91016, 
0.91372, 0.91442, 0.91285, 0.91565, 0.91625, 0.9149, 0.0305, 
0.0333, 0.0344, 0.0354, 0.0411, 0.0441, 0.0477, 0.0529, 0.0602, 
0.0648, 0.0641, 94.8, 98.4, 100.4, 106.4, 118.8, 121.2, 126.5, 
138.5, 146.9, 154.6, 158.1, 1, 1, 1, 1, 1, 1, 1, 1, 1, 1, 1, 
1, 1, 1, 1, 1, 1, 1, 1, 1, 1, 1, 1, 1, 1, 1, 1, 1, 1, 1, 1, 1, 
1, 1, 1, 1, 1, 1, 1, 1, 1, 1, 1, 1, 2.953, 2.976, 2.961, 2.654, 
2.882, 3.044, 3.052, 3.148, 4.065, 4.094, 3.779), .Dim = c(11L, 
40L), .Dimnames = list(NULL, c("Sampling", "PSO.cost", "PSO.gamma", 
"PSO.data.balancing", "PSO.feature.selection", "PSO.valid.acc", 
"PSO.test.acc", "PSO.train.time", "PSO.n.support.vectors", "PSO.index", 
"PSO.n.solutions", "PSO.generations", "PSO.n.evaluations", "PSO.cpu.time", 
"RS.cost", "RS.gamma", "RS.data.balancing", "RS.feature.selection", 
"RS.valid.acc", "RS.test.acc", "RS.train.time", "RS.n.support.vectors", 
"RS.index", "RS.n.solutions", "RS.generations", "RS.n.evaluations", 
"RS.cpu.time", "DF.cost", "DF.gamma", "DF.data.balancing", "DF.feature.selection", 
"DF.valid.acc", "DF.test.acc", "DF.train.time", "DF.n.support.vectors", 
"DF.index", "DF.n.solutions", "DF.generations", "DF.n.evaluations", 
"DF.cpu.time")))
