full <-
structure(c(50, 55, 60, 65, 70, 75, 80, 85, 90, 95, 100, 4.06813, 
1.8991, 1, 4.52719, 15, 9.27867, 12.28811, 1.97629, 1, 1, 10.55402, 
-5.86754, -5.62382, 0.05, -7.27512, -12.61383, -10.31829, -14.47983, 
-3.20531, 0.05, 0.05, -2.98944, 0, 0, 0, 0, 0, 0, 0, 0, 0, 0, 
0, 0, 0, 0, 0, 0, 0, 0, 0, 0, 0, 0, 0.93003, 0.92943, 0.91364, 
0.92602, 0.9207, 0.91377, 0.91674, 0.91946, 0.91769, 0.91429, 
0.91669, 0.91877, 0.91598, 0.91364, 0.90055, 0.90484, 0.89895, 
0.89332, 0.91511, 0.91769, 0.91429, 0.91302, 0.028, 0.0293, 0.0355, 
0.0333, 0.0759, 0.0406, 0.0393, 0.0815, 0.0551, 0.0604, 0.1167, 
65.3, 68, 107.5, 67.3, 67, 71.1, 68, 254.1, 147.2, 155.8, 334.5, 
122, 452, 1, 905, 911, 991, 647, 41, 1, 1, 49, 161, 53, 2078, 
108, 38, 69, 109, 372, 2198, 1958, 671, 100, 100, 100, 100, 100, 
100, 100, 100, 100, 100, 100, 2500, 2500, 2500, 2500, 2500, 2500, 
2500, 2500, 2500, 2500, 2500, 6963.08, 7205.235, 7702.731, 7337.544, 
7778.88200000001, 7959.90399999999, 7474.17, 8417.781, 9226.049, 
8355.84599999999, 9161.85399999999, 3.9331, 2.04082, 2.12069, 
8.30549, 11.24679, 9.96948, 7.71708, 12.35613, 5.94468, 3.82499, 
8.28732, -5.67679, -5.64899, -10.23862, -9.57473, -10.59461, 
-10.66505, -10.01152, -3.27043, -0.06393, -5.38546, -3.05539, 
0, 0, 0, 0, 0, 0, 0, 0, 0, 0, 0, 0, 0, 0, 0, 0, 0, 0, 0, 0, 0, 
0, 0.92632, 0.92609, 0.91364, 0.92317, 0.9207, 0.91377, 0.91679, 
0.91946, 0.91769, 0.91433, 0.91669, 0.91877, 0.91931, 0.91364, 
0.89173, 0.90491, 0.89895, 0.88877, 0.91294, 0.91769, 0.90268, 
0.91302, 0.0285, 0.0271, 0.03, 0.0325, 0.0481, 0.0403, 0.0397, 
0.0804, 0.1179, 0.0578, 0.1101, 67.1, 67.6, 56.5, 58.7, 70, 70.6, 
71.4, 242, 388.8, 125.7, 317.8, 78, 1551, 1, 464, 1125, 73, 2011, 
111, 2, 2188, 167, 3, 2, 1464, 2, 2, 4, 2, 13, 1443, 1, 17, 100, 
100, 100, 100, 100, 100, 100, 100, 100, 100, 100, 2500, 2500, 
2500, 2500, 2500, 2500, 2500, 2500, 2500, 2500, 2500, 7113.765, 
7366.314, 7301.284, 7616.86, 7612.512, 7726.228, 7766.27, 8288.876, 
8383.84999999999, 8407.90700000001, 8437.43000000002, 1, 1, 1, 
1, 1, 1, 1, 1, 1, 1, 1, 0.05, 0.05, 0.05, 0.05, 0.05, 0.05, 0.05, 
0.05, 0.05, 0.05, 0.05, 0, 0, 0, 0, 0, 0, 0, 0, 0, 0, 0, 0, 0, 
0, 0, 0, 0, 0, 0, 0, 0, 0, 0.91493, 0.91931, 0.91364, 0.91745, 
0.91799, 0.91127, 0.91447, 0.91729, 0.91769, 0.91429, 0.91487, 
0.91493, 0.91931, 0.91364, 0.91745, 0.91799, 0.91127, 0.91447, 
0.91729, 0.91769, 0.91429, 0.91487, 0.0291, 0.0333, 0.0342, 0.0398, 
0.0423, 0.0433, 0.048, 0.0512, 0.0559, 0.0609, 0.0646, 92.7, 
99.7, 107.5, 113.6, 119.2, 129.8, 131.7, 138.8, 147.2, 155.8, 
161.8, 1, 1, 1, 1, 1, 1, 1, 1, 1, 1, 1, 1, 1, 1, 1, 1, 1, 1, 
1, 1, 1, 1, 1, 1, 1, 1, 1, 1, 1, 1, 1, 1, 1, 1, 1, 1, 1, 1, 1, 
1, 1, 1, 1, 1, 2.702, 2.862, 2.721, 3.011, 2.96, 2.813, 2.943, 
3.12, 3.134, 3.154, 3.098), .Dim = c(11L, 40L), .Dimnames = list(
    NULL, c("Sampling", "PSO.cost", "PSO.gamma", "PSO.data.balancing", 
    "PSO.feature.selection", "PSO.valid.acc", "PSO.test.acc", 
    "PSO.train.time", "PSO.n.support.vectors", "PSO.index", "PSO.n.solutions", 
    "PSO.generations", "PSO.n.evaluations", "PSO.cpu.time", "RS.cost", 
    "RS.gamma", "RS.data.balancing", "RS.feature.selection", 
    "RS.valid.acc", "RS.test.acc", "RS.train.time", "RS.n.support.vectors", 
    "RS.index", "RS.n.solutions", "RS.generations", "RS.n.evaluations", 
    "RS.cpu.time", "DF.cost", "DF.gamma", "DF.data.balancing", 
    "DF.feature.selection", "DF.valid.acc", "DF.test.acc", "DF.train.time", 
    "DF.n.support.vectors", "DF.index", "DF.n.solutions", "DF.generations", 
    "DF.n.evaluations", "DF.cpu.time")))
