full <-
structure(c(50, 55, 60, 65, 70, 75, 80, 85, 90, 95, 100, 1, 12.74021, 
1.07026, 1, 1, 1, 0.6461, 1, 13.56475, 7.96074, 3.61394, 0.05, 
-4.1932, -4.31928, 0.05, 0.05, 0.05, -3.90419, 0.05, -15, -3.03921, 
-2.94847, 0, 0, 0, 0, 0, 0, 0, 0, 0, 0, 0, 0, 0, 0, 0, 0, 0, 
0, 0, 0, 0, 0, 0.9374, 0.93953, 0.93229, 0.92331, 0.92063, 0.92104, 
0.9214, 0.9195, 0.91572, 0.91432, 0.91672, 0.9374, 0.93953, 0.92917, 
0.92331, 0.92063, 0.92104, 0.91907, 0.9195, 0.90756, 0.9104, 
0.91484, 0.0281, 0.0329, 0.036, 0.0376, 0.0414, 0.0431, 0.0536, 
0.0516, 0.0759, 0.1045, 0.1189, 82.5, 98.5, 102.9, 108.1, 111.8, 
119.1, 156.3, 137.3, 85.8, 312.6, 345.5, 1, 14, 2217, 1, 1, 1, 
143, 1, 571, 147, 123, 2087, 1166, 1, 1985, 2106, 1969, 181, 
2009, 419, 342, 747, 100, 100, 100, 100, 100, 100, 100, 100, 
100, 100, 100, 2500, 2500, 2500, 2500, 2500, 2500, 2500, 2500, 
2500, 2500, 2500, 6853.361, 6911.355, 7080.763, 7286.225, 7543.31099999999, 
7617.196, 7745.255, 7521.38099999999, 7662.924, 8380.06200000001, 
8873.74799999999, 11.82022, 2.34622, 1.70236, 3.0809, -1.98684, 
-0.55217, 4.68121, 6.71281, 8.98231, 9.1504, 2.27855, -2.13781, 
-4.00245, -7.15376, -11.02583, 1.33084, 2.34477, -7.61734, 2.04493, 
-12.73849, -3.04302, -6.31563, 0, 0, 0, 0, 0, 0, 0, 0, 0, 0, 
0, 0, 0, 0, 0, 0, 0, 0, 0, 0, 0, 0, 0.9374, 0.93953, 0.92917, 
0.92331, 0.92063, 0.92104, 0.9214, 0.9195, 0.91564, 0.91432, 
0.91672, 0.9374, 0.93953, 0.92917, 0.92331, 0.92063, 0.92104, 
0.91209, 0.9195, 0.91156, 0.9104, 0.91491, 0.0434, 0.0336, 0.0285, 
0.0292, 0.0858, 0.0828, 0.0404, 0.1121, 0.05, 0.1045, 0.0538, 
216, 109.1, 56.3, 55.7, 302.4, 324, 82.5, 367.2, 87.8, 312, 109.2, 
2, 32, 1, 2, 6, 1, 1315, 1, 1106, 1004, 4, 1638, 37, 1590, 1515, 
1558, 1496, 3, 1568, 3, 2, 55, 100, 100, 100, 100, 100, 100, 
100, 100, 100, 100, 100, 2500, 2500, 2500, 2500, 2500, 2500, 
2500, 2500, 2500, 2500, 2500, 6623.158, 6922.846, 7000.258, 7035.465, 
7308.738, 7659.45600000001, 7588.71800000001, 7916.459, 7926.008, 
8112.361, 8220.48300000001, 1, 1, 1, 1, 1, 1, 1, 1, 1, 1, 1, 
0.05, 0.05, 0.05, 0.05, 0.05, 0.05, 0.05, 0.05, 0.05, 0.05, 0.05, 
0, 0, 0, 0, 0, 0, 0, 0, 0, 0, 0, 0, 0, 0, 0, 0, 0, 0, 0, 0, 0, 
0, 0.9374, 0.9362, 0.92917, 0.92331, 0.92063, 0.92104, 0.91907, 
0.9195, 0.91364, 0.9104, 0.91487, 0.9374, 0.9362, 0.92917, 0.92331, 
0.92063, 0.92104, 0.91907, 0.9195, 0.91364, 0.9104, 0.91487, 
0.0284, 0.0313, 0.0346, 0.0383, 0.0399, 0.0445, 0.0477, 0.0526, 
0.0545, 0.0629, 0.0626, 82.5, 90.8, 102.2, 108.1, 111.8, 119.1, 
128.6, 137.3, 145.1, 154.1, 159.3, 1, 1, 1, 1, 1, 1, 1, 1, 1, 
1, 1, 1, 1, 1, 1, 1, 1, 1, 1, 1, 1, 1, 1, 1, 1, 1, 1, 1, 1, 1, 
1, 1, 1, 1, 1, 1, 1, 1, 1, 1, 1, 1, 1, 1, 2.644, 2.624, 2.755, 
2.843, 2.773, 2.945, 2.884, 2.909, 2.843, 3.089, 2.935), .Dim = c(11L, 
40L), .Dimnames = list(NULL, c("Sampling", "PSO.cost", "PSO.gamma", 
"PSO.data.balancing", "PSO.feature.selection", "PSO.valid.acc", 
"PSO.test.acc", "PSO.train.time", "PSO.n.support.vectors", "PSO.index", 
"PSO.n.solutions", "PSO.generations", "PSO.n.evaluations", "PSO.cpu.time", 
"RS.cost", "RS.gamma", "RS.data.balancing", "RS.feature.selection", 
"RS.valid.acc", "RS.test.acc", "RS.train.time", "RS.n.support.vectors", 
"RS.index", "RS.n.solutions", "RS.generations", "RS.n.evaluations", 
"RS.cpu.time", "DF.cost", "DF.gamma", "DF.data.balancing", "DF.feature.selection", 
"DF.valid.acc", "DF.test.acc", "DF.train.time", "DF.n.support.vectors", 
"DF.index", "DF.n.solutions", "DF.generations", "DF.n.evaluations", 
"DF.cpu.time")))
