full <-
structure(c(50, 55, 60, 65, 70, 75, 80, 85, 90, 95, 100, 8.6692, 
3.37998, 1, 1.37773, 2.48579, 3.00088, 10.547, 0.89473, 0.69777, 
14.3297, 5.59271, -12.29469, -6.50148, 0.05, -3.54683, -6.41396, 
-3.11558, -3.21011, -4.66796, -3.28147, -11.85498, -7.58085, 
0, 0, 0, 0, 0, 0, 0, 0, 0, 0, 0, 0, 0, 0, 0, 0, 0, 0, 0, 0, 0, 
0, 0.9186, 0.91951, 0.91372, 0.92024, 0.91799, 0.91871, 0.91907, 
0.92163, 0.92389, 0.92413, 0.91848, 0.91119, 0.91307, 0.91372, 
0.91746, 0.9101, 0.91621, 0.91215, 0.91733, 0.92389, 0.91244, 
0.90747, 0.0255, 0.0278, 0.0352, 0.0504, 0.0365, 0.0692, 0.0767, 
0.0472, 0.0795, 0.1412, 0.0534, 46.1, 60.7, 106.6, 163.9, 82.1, 
244.6, 238.6, 124.1, 241.5, 100.2, 104.6, 1894, 1495, 1, 167, 
247, 46, 299, 417, 35, 92, 20, 4, 41, 2123, 513, 73, 290, 667, 
69, 615, 124, 80, 100, 100, 100, 100, 100, 100, 100, 100, 100, 
100, 100, 2500, 2500, 2500, 2500, 2500, 2500, 2500, 2500, 2500, 
2500, 2500, 7169.508, 7330.444, 7696.73900000001, 7615.06200000001, 
7854.75999999999, 8059.705, 8387.867, 7920.42, 8378.78200000001, 
8021.033, 8022.58300000001, 9.05354, 3.40353, 9.22943, 1.55563, 
2.02592, 10.0744, 11.44573, 3.00167, 0.74505, 8.26044, 1.47078, 
-12.71451, -6.56338, -10.20743, -3.57231, -5.98736, -3.17927, 
-3.17043, -6.98611, -3.46462, -8.80247, -5.01178, 0, 0, 0, 0, 
0, 0, 0, 0, 0, 0, 0, 0, 0, 0, 0, 0, 0, 0, 0, 0, 0, 0, 0.9186, 
0.91951, 0.91391, 0.92024, 0.91799, 0.91871, 0.91907, 0.91951, 
0.92389, 0.92413, 0.91855, 0.91119, 0.91307, 0.89202, 0.91746, 
0.9101, 0.91371, 0.91215, 0.91516, 0.92389, 0.91048, 0.91117, 
0.0258, 0.027, 0.0324, 0.0497, 0.0355, 0.0694, 0.0772, 0.042, 
0.069, 0.062, 0.0566, 46.2, 60.4, 55.1, 160.9, 85.8, 235.7, 245.6, 
91.7, 211.2, 101.5, 133.7, 784, 190, 1738, 186, 275, 123, 51, 
247, 104, 572, 1239, 6, 2, 1, 8, 7, 9, 37, 5, 48, 15, 1, 100, 
100, 100, 100, 100, 100, 100, 100, 100, 100, 100, 2500, 2500, 
2500, 2500, 2500, 2500, 2500, 2500, 2500, 2500, 2500, 7077.296, 
7298.683, 7466.568, 7591.161, 7645.63200000001, 7915.564, 7705.216, 
7903.30100000001, 8044.268, 8331.413, 8402.97300000003, 1, 1, 
1, 1, 1, 1, 1, 1, 1, 1, 1, 0.05, 0.05, 0.05, 0.05, 0.05, 0.05, 
0.05, 0.05, 0.05, 0.05, 0.05, 0, 0, 0, 0, 0, 0, 0, 0, 0, 0, 0, 
0, 0, 0, 0, 0, 0, 0, 0, 0, 0, 0, 0.91504, 0.91607, 0.91372, 0.91452, 
0.91536, 0.91621, 0.91675, 0.91729, 0.92185, 0.91625, 0.91484, 
0.91504, 0.91607, 0.91372, 0.91452, 0.91536, 0.91621, 0.91675, 
0.91729, 0.92185, 0.91625, 0.91484, 0.0299, 0.0331, 0.036, 0.0377, 
0.0408, 0.044, 0.0469, 0.0516, 0.0526, 0.0582, 0.0623, 92.4, 
98.2, 106.6, 114.3, 119.9, 126.9, 129.2, 136.8, 140.8, 154.5, 
161.1, 1, 1, 1, 1, 1, 1, 1, 1, 1, 1, 1, 1, 1, 1, 1, 1, 1, 1, 
1, 1, 1, 1, 1, 1, 1, 1, 1, 1, 1, 1, 1, 1, 1, 1, 1, 1, 1, 1, 1, 
1, 1, 1, 1, 1, 2.85, 2.903, 2.923, 2.893, 2.993, 2.782, 2.901, 
3.014, 2.897, 2.961, 2.966), .Dim = c(11L, 40L), .Dimnames = list(
    NULL, c("Sampling", "PSO.cost", "PSO.gamma", "PSO.data.balancing", 
    "PSO.feature.selection", "PSO.valid.acc", "PSO.test.acc", 
    "PSO.train.time", "PSO.n.support.vectors", "PSO.index", "PSO.n.solutions", 
    "PSO.generations", "PSO.n.evaluations", "PSO.cpu.time", "RS.cost", 
    "RS.gamma", "RS.data.balancing", "RS.feature.selection", 
    "RS.valid.acc", "RS.test.acc", "RS.train.time", "RS.n.support.vectors", 
    "RS.index", "RS.n.solutions", "RS.generations", "RS.n.evaluations", 
    "RS.cpu.time", "DF.cost", "DF.gamma", "DF.data.balancing", 
    "DF.feature.selection", "DF.valid.acc", "DF.test.acc", "DF.train.time", 
    "DF.n.support.vectors", "DF.index", "DF.n.solutions", "DF.generations", 
    "DF.n.evaluations", "DF.cpu.time")))
