full <-
structure(c(50, 55, 60, 65, 70, 75, 80, 85, 90, 95, 100, 9.53413, 
2.46112, 6.73371, 5.39314, 3.73548, 14.16895, 3.34225, 10.00141, 
5.38217, 6.59885, 14.8896, -3.90158, -2.63098, -3.86348, -3.00343, 
-3.60563, -2.78111, -3.15199, -3.1617, -3.15737, -2.93802, -2.40244, 
0, 0, 0, 0, 0, 0, 0, 0, 0, 0, 0, 0, 0, 0, 0, 0, 0, 0, 0, 0, 0, 
0, 0.93316, 0.95512, 0.95575, 0.95914, 0.97558, 0.97771, 0.98093, 
0.98221, 0.98731, 0.98417, 0.99234, 0.90783, 0.94835, 0.95234, 
0.95594, 0.95906, 0.97253, 0.97836, 0.97777, 0.98074, 0.99011, 
0.99241, 0.0382, 0.0478, 0.0458, 0.0546, 0.0548, 0.0627, 0.0669, 
0.0674, 0.0764, 0.0803, 0.0891, 180.8, 205, 212.5, 232, 242.6, 
256.4, 265.2, 275.6, 290.6, 308, 323.9, 38, 731, 134, 3, 297, 
4, 431, 33, 25, 40, 13, 1248, 488, 953, 985, 60, 1078, 697, 651, 
1563, 1373, 1583, 100, 100, 100, 100, 100, 100, 100, 100, 100, 
100, 100, 2500, 2500, 2500, 2500, 2500, 2500, 2500, 2500, 2500, 
2500, 2500, 7230.993, 7345.117, 7580.545, 7802.39, 7618.88499999999, 
7439.21799999999, 7578.155, 7673.182, 7909, 8074.348, 8399.02499999999, 
9.60662, 2.42047, 10.52803, 4.02576, 2.53804, 14.44152, 3.25764, 
14.18571, 13.95544, 12.69281, 7.20997, -4.15861, -2.71885, -3.8791, 
-2.9872, -2.22574, -2.77592, -3.01294, -2.914, -3.23383, -3.14606, 
-1.91874, 0, 0, 0, 0, 0, 0, 0, 0, 0, 0, 0, 0, 0, 0, 0, 0, 0, 
0, 0, 0, 0, 0, 0.93316, 0.95512, 0.95575, 0.95914, 0.97288, 0.97771, 
0.98093, 0.98221, 0.98731, 0.98417, 0.99234, 0.90796, 0.94478, 
0.95234, 0.95594, 0.96747, 0.97253, 0.97836, 0.98004, 0.98074, 
0.98607, 0.99241, 0.0379, 0.0477, 0.0486, 0.0544, 0.065, 0.0633, 
0.0633, 0.0676, 0.0705, 0.0813, 0.0999, 178.5, 204.8, 212.8, 
232.8, 250.4, 256.5, 266.2, 279.2, 288.3, 306.8, 327, 14, 1291, 
941, 124, 383, 414, 964, 118, 5, 28, 12, 50, 1, 4, 9, 2, 8, 3, 
38, 145, 26, 115, 100, 100, 100, 100, 100, 100, 100, 100, 100, 
100, 100, 2500, 2500, 2500, 2500, 2500, 2500, 2500, 2500, 2500, 
2500, 2500, 7158.261, 7399.432, 7712.429, 7620.264, 7496.462, 
7507.22100000001, 7662.262, 8034.65300000001, 8107.69299999998, 
8286.63200000001, 8683.68800000002, 1, 1, 1, 1, 1, 1, 1, 1, 1, 
1, 1, 0.1, 0.1, 0.1, 0.1, 0.1, 0.1, 0.1, 0.1, 0.1, 0.1, 0.1, 
0, 0, 0, 0, 0, 0, 0, 0, 0, 0, 0, 0, 0, 0, 0, 0, 0, 0, 0, 0, 0, 
0, 0.81562, 0.80671, 0.86979, 0.86832, 0.88588, 0.87088, 0.87781, 
0.8993, 0.91084, 0.91949, 0.92069, 0.80954, 0.85206, 0.88054, 
0.88613, 0.88561, 0.87366, 0.90141, 0.89232, 0.88874, 0.93342, 
0.9266, 0.0408, 0.0451, 0.0501, 0.0557, 0.0589, 0.0651, 0.0664, 
0.0715, 0.0825, 0.0917, 0.099, 205.2, 224.7, 243.4, 263.5, 282.2, 
299.7, 315.9, 333.7, 352.7, 369, 386.8, 1, 1, 1, 1, 1, 1, 1, 
1, 1, 1, 1, 1, 1, 1, 1, 1, 1, 1, 1, 1, 1, 1, 1, 1, 1, 1, 1, 1, 
1, 1, 1, 1, 1, 1, 1, 1, 1, 1, 1, 1, 1, 1, 1, 1, 2.918, 3.049, 
3.07, 3.106, 2.956, 3.009, 2.89, 2.998, 3.14, 3.375, 3.553), .Dim = c(11L, 
40L), .Dimnames = list(NULL, c("Sampling", "PSO.cost", "PSO.gamma", 
"PSO.data.balancing", "PSO.feature.selection", "PSO.valid.acc", 
"PSO.test.acc", "PSO.train.time", "PSO.n.support.vectors", "PSO.index", 
"PSO.n.solutions", "PSO.generations", "PSO.n.evaluations", "PSO.cpu.time", 
"RS.cost", "RS.gamma", "RS.data.balancing", "RS.feature.selection", 
"RS.valid.acc", "RS.test.acc", "RS.train.time", "RS.n.support.vectors", 
"RS.index", "RS.n.solutions", "RS.generations", "RS.n.evaluations", 
"RS.cpu.time", "DF.cost", "DF.gamma", "DF.data.balancing", "DF.feature.selection", 
"DF.valid.acc", "DF.test.acc", "DF.train.time", "DF.n.support.vectors", 
"DF.index", "DF.n.solutions", "DF.generations", "DF.n.evaluations", 
"DF.cpu.time")))
