full <-
structure(c(50, 55, 60, 65, 70, 75, 80, 85, 90, 95, 100, 3.62675, 
14.25549, 4.45269, 4.79738, 1.48541, 6.86337, 4.90745, 13.87973, 
6.81459, 12.21766, 2.33039, -2.94441, -1.90496, -2.74991, -3.73412, 
-2.09991, -1.68005, -3.78878, -3.70245, -3.46843, -1.90888, -2.72362, 
0, 0, 0, 0, 0, 0, 0, 0, 0, 0, 0, 0, 0, 0, 0, 0, 0, 0, 0, 0, 0, 
0, 0.92849, 0.94157, 0.95533, 0.97079, 0.97824, 0.96745, 0.97606, 
0.98428, 0.9792, 0.98995, 0.99618, 0.92806, 0.92694, 0.96184, 
0.95564, 0.97556, 0.96233, 0.96194, 0.98646, 0.98112, 0.98191, 
0.99233, 0.0404, 0.0484, 0.0485, 0.0491, 0.0615, 0.0723, 0.0621, 
0.0666, 0.0742, 0.0974, 0.0933, 183.7, 207.5, 223.2, 228.3, 251.2, 
263.4, 262.2, 272.5, 289.5, 316, 324.4, 53, 25, 10, 45, 1948, 
51, 64, 175, 77, 45, 388, 914, 1332, 1551, 1303, 3, 1434, 686, 
1261, 999, 1364, 138, 100, 100, 100, 100, 100, 100, 100, 100, 
100, 100, 100, 2500, 2500, 2500, 2500, 2500, 2500, 2500, 2500, 
2500, 2500, 2500, 7036.838, 7187.732, 7116.741, 7057.249, 7429.971, 
7624.587, 7831.09600000001, 7973.084, 8211.64600000001, 8865.51999999999, 
8734.916, 12.46177, 11.80331, 10.64048, 14.62211, 12.21233, 13.24516, 
4.97421, 11.35635, 2.34343, 12.43192, 11.83116, -2.93323, -1.96711, 
-3.12764, -3.87227, -2.20463, -1.79649, -3.62444, -3.63356, -2.74002, 
-1.91294, -2.35931, 0, 0, 0, 0, 0, 0, 0, 0, 0, 0, 0, 0, 0, 0, 
0, 0, 0, 0, 0, 0, 0, 0, 0.92849, 0.94157, 0.95533, 0.97079, 0.97568, 
0.96745, 0.97606, 0.98428, 0.98092, 0.98995, 0.99426, 0.92806, 
0.92694, 0.95881, 0.95555, 0.97571, 0.96233, 0.96194, 0.98646, 
0.97874, 0.98191, 0.99241, 0.0417, 0.0481, 0.0485, 0.049, 0.0628, 
0.0719, 0.0644, 0.0697, 0.0765, 0.0994, 0.0981, 183.3, 207.8, 
219.4, 226.4, 248.9, 264.1, 264, 274.2, 300.6, 316.1, 323.7, 
425, 78, 7, 36, 92, 235, 178, 48, 661, 132, 39, 11, 22, 159, 
20, 49, 23, 25, 13, 1, 18, 57, 100, 100, 100, 100, 100, 100, 
100, 100, 100, 100, 100, 2500, 2500, 2500, 2500, 2500, 2500, 
2500, 2500, 2500, 2500, 2500, 7136.167, 6946.929, 7082.776, 7241.639, 
7457.476, 7653.217, 8195.48, 8446.773, 8458.595, 8790.30900000001, 
8614.85699999999, 1, 1, 1, 1, 1, 1, 1, 1, 1, 1, 1, 0.1, 0.1, 
0.1, 0.1, 0.1, 0.1, 0.1, 0.1, 0.1, 0.1, 0.1, 0, 0, 0, 0, 0, 0, 
0, 0, 0, 0, 0, 0, 0, 0, 0, 0, 0, 0, 0, 0, 0, 0, 0.82991, 0.81868, 
0.83911, 0.85688, 0.89412, 0.90583, 0.89796, 0.89949, 0.92868, 
0.91941, 0.92229, 0.80712, 0.80838, 0.83849, 0.8647, 0.89126, 
0.89325, 0.90046, 0.90559, 0.91541, 0.92382, 0.91491, 0.0411, 
0.0426, 0.0496, 0.0557, 0.0568, 0.0627, 0.072, 0.0788, 0.0803, 
0.0922, 0.0924, 204.7, 225.6, 244.3, 264.6, 281, 296.9, 314.7, 
334.4, 350.3, 368.3, 389, 1, 1, 1, 1, 1, 1, 1, 1, 1, 1, 1, 1, 
1, 1, 1, 1, 1, 1, 1, 1, 1, 1, 1, 1, 1, 1, 1, 1, 1, 1, 1, 1, 1, 
1, 1, 1, 1, 1, 1, 1, 1, 1, 1, 1, 2.854, 2.656, 2.908, 3.006, 
2.809, 3.003, 3.263, 3.406, 3.187, 3.495, 3.2), .Dim = c(11L, 
40L), .Dimnames = list(NULL, c("Sampling", "PSO.cost", "PSO.gamma", 
"PSO.data.balancing", "PSO.feature.selection", "PSO.valid.acc", 
"PSO.test.acc", "PSO.train.time", "PSO.n.support.vectors", "PSO.index", 
"PSO.n.solutions", "PSO.generations", "PSO.n.evaluations", "PSO.cpu.time", 
"RS.cost", "RS.gamma", "RS.data.balancing", "RS.feature.selection", 
"RS.valid.acc", "RS.test.acc", "RS.train.time", "RS.n.support.vectors", 
"RS.index", "RS.n.solutions", "RS.generations", "RS.n.evaluations", 
"RS.cpu.time", "DF.cost", "DF.gamma", "DF.data.balancing", "DF.feature.selection", 
"DF.valid.acc", "DF.test.acc", "DF.train.time", "DF.n.support.vectors", 
"DF.index", "DF.n.solutions", "DF.generations", "DF.n.evaluations", 
"DF.cpu.time")))
