full <-
structure(c(50, 55, 60, 65, 70, 75, 80, 85, 90, 95, 100, 8.45627, 
13.43642, 6.92816, 11.64384, 2.21994, 10.05064, 9.08011, 4.13817, 
2.55484, 6.79936, 3.24612, -4.58911, -4.53205, -1.24044, -1.99426, 
-1.8171, -1.83225, -2.8018, -2.26204, -2.32127, -2.3708, -2.84319, 
0, 0, 0, 0, 0, 0, 0, 0, 0, 0, 0, 0, 0, 0, 0, 0, 0, 0, 0, 0, 0, 
0, 0.93604, 0.96113, 0.95891, 0.97332, 0.97025, 0.97765, 0.98803, 
0.9822, 0.98497, 0.99591, 0.99241, 0.91846, 0.95732, 0.94601, 
0.9643, 0.96505, 0.96245, 0.98105, 0.98473, 0.98288, 0.99615, 
0.98863, 0.0376, 0.0406, 0.056, 0.0599, 0.0664, 0.0693, 0.0683, 
0.0819, 0.0855, 0.0911, 0.0918, 177.8, 190.2, 225, 239.7, 253.5, 
269.4, 273.1, 290, 302.1, 311.3, 320.9, 34, 3, 4, 11, 64, 79, 
9, 30, 23, 33, 5, 1051, 1465, 1017, 1512, 1095, 1229, 1214, 753, 
1388, 1576, 683, 100, 100, 100, 100, 100, 100, 100, 100, 100, 
100, 100, 2500, 2500, 2500, 2500, 2500, 2500, 2500, 2500, 2500, 
2500, 2500, 7020.448, 7195.724, 7521.363, 7593.77699999999, 7792.262, 
7584.838, 7612.68700000001, 7808.79400000001, 7974.21399999999, 
8300.55499999999, 8520.454, 5.67998, 9.62431, 8.2137, 4.85954, 
2.92686, 8.13485, 6.26087, 9.45811, 6.30032, 6.54328, 3.24223, 
-4.64888, -4.62304, -1.28734, -1.90581, -1.90378, -1.67039, -2.70968, 
-2.29595, -2.21665, -2.27032, -2.56969, 0, 0, 0, 0, 0, 0, 0, 
0, 0, 0, 0, 0, 0, 0, 0, 0, 0, 0, 0, 0, 0, 0, 0.93604, 0.96113, 
0.95891, 0.97332, 0.97025, 0.97765, 0.98803, 0.9822, 0.98497, 
0.99591, 0.99241, 0.91461, 0.95732, 0.94601, 0.9643, 0.96484, 
0.96502, 0.98105, 0.98473, 0.98288, 0.99615, 0.99052, 0.0363, 
0.0406, 0.0559, 0.06, 0.0673, 0.0707, 0.0717, 0.0823, 0.0838, 
0.0931, 0.0946, 177, 188.9, 225, 239.3, 253.3, 270.8, 273.4, 
289.9, 301.5, 312.1, 322.9, 174, 212, 44, 62, 70, 347, 84, 481, 
1, 53, 201, 14, 31, 13, 65, 29, 12, 16, 6, 90, 101, 6, 100, 100, 
100, 100, 100, 100, 100, 100, 100, 100, 100, 2500, 2500, 2500, 
2500, 2500, 2500, 2500, 2500, 2500, 2500, 2500, 7164.501, 7257.998, 
7418.002, 7506.529, 7402.939, 7485.746, 7841.696, 7862.947, 8210.63099999999, 
8573.82799999998, 8663.644, 1, 1, 1, 1, 1, 1, 1, 1, 1, 1, 1, 
0.1, 0.1, 0.1, 0.1, 0.1, 0.1, 0.1, 0.1, 0.1, 0.1, 0.1, 0, 0, 
0, 0, 0, 0, 0, 0, 0, 0, 0, 0, 0, 0, 0, 0, 0, 0, 0, 0, 0, 0, 0.78296, 
0.81298, 0.83234, 0.85687, 0.86411, 0.86926, 0.90466, 0.88852, 
0.90654, 0.91594, 0.91875, 0.78804, 0.83775, 0.85444, 0.85934, 
0.86696, 0.8615, 0.88831, 0.88433, 0.90208, 0.90364, 0.9247, 
0.0409, 0.0447, 0.0495, 0.0542, 0.0555, 0.0633, 0.0725, 0.0793, 
0.0835, 0.093, 0.101, 207, 226.7, 245, 263.9, 281.4, 301.4, 318.4, 
338, 356.2, 371.3, 388.7, 1, 1, 1, 1, 1, 1, 1, 1, 1, 1, 1, 1, 
1, 1, 1, 1, 1, 1, 1, 1, 1, 1, 1, 1, 1, 1, 1, 1, 1, 1, 1, 1, 1, 
1, 1, 1, 1, 1, 1, 1, 1, 1, 1, 1, 2.917, 2.904, 2.956, 2.993, 
2.81, 2.964, 3.144, 3.282, 3.249, 3.387, 3.465), .Dim = c(11L, 
40L), .Dimnames = list(NULL, c("Sampling", "PSO.cost", "PSO.gamma", 
"PSO.data.balancing", "PSO.feature.selection", "PSO.valid.acc", 
"PSO.test.acc", "PSO.train.time", "PSO.n.support.vectors", "PSO.index", 
"PSO.n.solutions", "PSO.generations", "PSO.n.evaluations", "PSO.cpu.time", 
"RS.cost", "RS.gamma", "RS.data.balancing", "RS.feature.selection", 
"RS.valid.acc", "RS.test.acc", "RS.train.time", "RS.n.support.vectors", 
"RS.index", "RS.n.solutions", "RS.generations", "RS.n.evaluations", 
"RS.cpu.time", "DF.cost", "DF.gamma", "DF.data.balancing", "DF.feature.selection", 
"DF.valid.acc", "DF.test.acc", "DF.train.time", "DF.n.support.vectors", 
"DF.index", "DF.n.solutions", "DF.generations", "DF.n.evaluations", 
"DF.cpu.time")))
