full <-
structure(c(50, 55, 60, 65, 70, 75, 80, 85, 90, 95, 100, 5.08871, 
8.24195, 2.22506, 12.96675, 15, 6.79036, 5.73675, 9.32573, 2.12225, 
7.35784, 6.6299, -1.36733, -3.85351, -1.76892, -1.80902, -2.10586, 
-0.87274, -1.04443, -1.73512, -1.88936, -1.96729, -2.58509, 0, 
0, 0, 0, 0, 0, 0, 0, 0, 0, 0, 0, 0, 0, 0, 0, 0, 0, 0, 0, 0, 0, 
0.92136, 0.95507, 0.96842, 0.97386, 0.98135, 0.99005, 0.98594, 
0.98463, 0.99158, 0.99404, 0.98875, 0.92495, 0.94198, 0.96862, 
0.9678, 0.97564, 0.98523, 0.98117, 0.97989, 0.98949, 0.99004, 
0.98871, 0.0432, 0.0409, 0.0543, 0.0594, 0.0641, 0.0752, 0.0816, 
0.0859, 0.0845, 0.0928, 0.092, 193.2, 199.5, 226.4, 242.8, 252.9, 
272.8, 287, 292.8, 303.6, 316.8, 322.1, 121, 133, 129, 3, 80, 
129, 182, 170, 228, 91, 61, 1177, 1171, 293, 1776, 971, 1149, 
1172, 698, 761, 1432, 1513, 100, 100, 100, 100, 100, 100, 100, 
100, 100, 100, 100, 2500, 2500, 2500, 2500, 2500, 2500, 2500, 
2500, 2500, 2500, 2500, 6851.338, 6793.566, 7062.887, 7306.263, 
7364.461, 7631.42200000001, 7812.81599999999, 7966.13100000001, 
7913.01999999999, 8056.27100000001, 8385.315, 13.76048, 7.6963, 
2.32028, 7.08028, 9.46442, 4.26102, 10.44997, 1.87, 1.9361, 12.04051, 
11.64314, -1.53257, -3.84779, -1.76572, -1.41211, -2.15649, -0.89017, 
-1.04785, -1.75059, -1.89604, -2.05421, -2.01346, 0, 0, 0, 0, 
0, 0, 0, 0, 0, 0, 0, 0, 0, 0, 0, 0, 0, 0, 0, 0, 0, 0, 0.92136, 
0.95507, 0.96842, 0.97386, 0.98135, 0.99005, 0.98594, 0.98463, 
0.99158, 0.99404, 0.98875, 0.92495, 0.94198, 0.9655, 0.96486, 
0.97564, 0.98523, 0.98117, 0.97989, 0.98732, 0.99004, 0.99056, 
0.0428, 0.0418, 0.0534, 0.06, 0.0631, 0.075, 0.0821, 0.0846, 
0.0842, 0.0968, 0.1017, 192.9, 199.5, 226.4, 242, 252.6, 272.8, 
286.9, 292.4, 304.5, 315.7, 326.5, 69, 571, 659, 118, 696, 88, 
75, 485, 711, 47, 11, 46, 4, 2, 102, 4, 11, 11, 2, 4, 35, 79, 
100, 100, 100, 100, 100, 100, 100, 100, 100, 100, 100, 2500, 
2500, 2500, 2500, 2500, 2500, 2500, 2500, 2500, 2500, 2500, 6780.302, 
6876.277, 7045.061, 7165.098, 7242.89600000001, 7413.719, 7649.00200000001, 
7813.36199999999, 7939.30900000001, 8085.48499999999, 8692.97400000002, 
1, 1, 1, 1, 1, 1, 1, 1, 1, 1, 1, 0.1, 0.1, 0.1, 0.1, 0.1, 0.1, 
0.1, 0.1, 0.1, 0.1, 0.1, 0, 0, 0, 0, 0, 0, 0, 0, 0, 0, 0, 0, 
0, 0, 0, 0, 0, 0, 0, 0, 0, 0, 0.74738, 0.7729, 0.78927, 0.85293, 
0.86138, 0.8723, 0.89298, 0.89325, 0.91995, 0.9274, 0.93368, 
0.73527, 0.75517, 0.80234, 0.84773, 0.85017, 0.87925, 0.88857, 
0.89574, 0.91364, 0.92381, 0.92424, 0.0397, 0.0442, 0.0496, 0.0541, 
0.0593, 0.0644, 0.071, 0.0766, 0.0773, 0.0857, 0.1007, 205.1, 
225.4, 246.1, 263.4, 283, 300.4, 318, 334.8, 352.4, 373.6, 388, 
1, 1, 1, 1, 1, 1, 1, 1, 1, 1, 1, 1, 1, 1, 1, 1, 1, 1, 1, 1, 1, 
1, 1, 1, 1, 1, 1, 1, 1, 1, 1, 1, 1, 1, 1, 1, 1, 1, 1, 1, 1, 1, 
1, 1, 2.649, 2.69, 2.845, 2.853, 2.883, 2.949, 3.105, 3.152, 
2.975, 3.114, 3.47), .Dim = c(11L, 40L), .Dimnames = list(NULL, 
    c("Sampling", "PSO.cost", "PSO.gamma", "PSO.data.balancing", 
    "PSO.feature.selection", "PSO.valid.acc", "PSO.test.acc", 
    "PSO.train.time", "PSO.n.support.vectors", "PSO.index", "PSO.n.solutions", 
    "PSO.generations", "PSO.n.evaluations", "PSO.cpu.time", "RS.cost", 
    "RS.gamma", "RS.data.balancing", "RS.feature.selection", 
    "RS.valid.acc", "RS.test.acc", "RS.train.time", "RS.n.support.vectors", 
    "RS.index", "RS.n.solutions", "RS.generations", "RS.n.evaluations", 
    "RS.cpu.time", "DF.cost", "DF.gamma", "DF.data.balancing", 
    "DF.feature.selection", "DF.valid.acc", "DF.test.acc", "DF.train.time", 
    "DF.n.support.vectors", "DF.index", "DF.n.solutions", "DF.generations", 
    "DF.n.evaluations", "DF.cpu.time")))
