full <-
structure(c(50, 55, 60, 65, 70, 75, 80, 85, 90, 95, 100, 5.59916, 
2.8527, 8.83211, 3.29535, 3.80025, 7.45298, 1.77075, 1.46069, 
3.79521, 2.56724, 15, -4.23088, -2.55554, -2.31134, -2.81379, 
-2.55128, -2.17195, -2.14958, -2.10395, -3.46631, -3.48143, -2.41357, 
0, 0, 0, 0, 0, 0, 0, 0, 0, 0, 0, 0, 0, 0, 0, 0, 0, 0, 0, 0, 0, 
0, 0.92442, 0.93172, 0.95219, 0.96217, 0.9702, 0.9798, 0.98149, 
0.98434, 0.98532, 0.98391, 0.99241, 0.89536, 0.92413, 0.94633, 
0.95568, 0.95661, 0.96947, 0.97127, 0.97782, 0.98115, 0.97174, 
0.98297, 0.0378, 0.0449, 0.0551, 0.0556, 0.0586, 0.0701, 0.0769, 
0.0827, 0.0741, 0.082, 0.0952, 174.9, 198, 214.8, 226.7, 239.4, 
258.4, 276.4, 289.3, 284.2, 310.2, 323.1, 754, 264, 44, 556, 
255, 43, 657, 942, 230, 402, 63, 324, 684, 1354, 337, 504, 1263, 
100, 140, 35, 202, 1496, 100, 100, 100, 100, 100, 100, 100, 100, 
100, 100, 100, 2500, 2500, 2500, 2500, 2500, 2500, 2500, 2500, 
2500, 2500, 2500, 6932.229, 9033.053, 9310.854, 9418.854, 9485.82400000001, 
10161.816, 10320.046, 10475.258, 10438.985, 10431.157, 10676.523, 
9.26817, 4.26881, 4.16566, 3.10064, 9.15144, 2.74189, 8.97448, 
1.33832, 4.46595, 2.7269, 5.64699, -4.224, -2.40446, -2.40491, 
-2.71678, -2.52541, -1.94666, -2.20156, -1.97042, -2.25356, -3.53491, 
-2.6064, 0, 0, 0, 0, 0, 0, 0, 0, 0, 0, 0, 0, 0, 0, 0, 0, 0, 0, 
0, 0, 0, 0, 0.92071, 0.92494, 0.95219, 0.96209, 0.9702, 0.9798, 
0.98131, 0.98434, 0.98523, 0.98391, 0.99241, 0.89536, 0.92381, 
0.94633, 0.95568, 0.95938, 0.96947, 0.97593, 0.97782, 0.98749, 
0.97374, 0.98301, 0.0374, 0.0454, 0.0533, 0.0534, 0.0618, 0.0723, 
0.0779, 0.0861, 0.0841, 0.0824, 0.0951, 174.8, 199.1, 214.4, 
226.6, 239, 260.3, 274.3, 290.2, 294.4, 308.2, 321.9, 269, 242, 
22, 317, 39, 1, 205, 7, 132, 399, 56, 4, 10, 79, 3, 15, 41, 25, 
4, 16, 2, 56, 100, 100, 100, 100, 100, 100, 100, 100, 100, 100, 
100, 2500, 2500, 2500, 2500, 2500, 2500, 2500, 2500, 2500, 2500, 
2500, 8351.375, 9066.098, 9249.159, 9361.739, 9601.01000000001, 
10100.741, 10270.734, 10421.033, 10535.916, 10703.111, 10962.924, 
1, 1, 1, 1, 1, 1, 1, 1, 1, 1, 1, 0.1, 0.1, 0.1, 0.1, 0.1, 0.1, 
0.1, 0.1, 0.1, 0.1, 0.1, 0, 0, 0, 0, 0, 0, 0, 0, 0, 0, 0, 0, 
0, 0, 0, 0, 0, 0, 0, 0, 0, 0, 0.78881, 0.80673, 0.80209, 0.82838, 
0.86126, 0.84574, 0.89029, 0.90107, 0.92341, 0.92805, 0.93016, 
0.7731, 0.79318, 0.81702, 0.83758, 0.86134, 0.86074, 0.87357, 
0.90355, 0.92168, 0.91758, 0.92794, 0.0394, 0.0434, 0.0517, 0.0515, 
0.0601, 0.0676, 0.0723, 0.0791, 0.0838, 0.0899, 0.1008, 201.6, 
220.1, 239.4, 257.6, 275.3, 293.1, 312.4, 331.7, 348.5, 367.2, 
390, 1, 1, 1, 1, 1, 1, 1, 1, 1, 1, 1, 1, 1, 1, 1, 1, 1, 1, 1, 
1, 1, 1, 1, 1, 1, 1, 1, 1, 1, 1, 1, 1, 1, 1, 1, 1, 1, 1, 1, 1, 
1, 1, 1, 1, 3.449, 3.504, 3.92, 3.595, 3.938, 3.988, 4.06, 4.122, 
4.162, 4.19, 4.347), .Dim = c(11L, 40L), .Dimnames = list(NULL, 
    c("Sampling", "PSO.cost", "PSO.gamma", "PSO.data.balancing", 
    "PSO.feature.selection", "PSO.valid.acc", "PSO.test.acc", 
    "PSO.train.time", "PSO.n.support.vectors", "PSO.index", "PSO.n.solutions", 
    "PSO.generations", "PSO.n.evaluations", "PSO.cpu.time", "RS.cost", 
    "RS.gamma", "RS.data.balancing", "RS.feature.selection", 
    "RS.valid.acc", "RS.test.acc", "RS.train.time", "RS.n.support.vectors", 
    "RS.index", "RS.n.solutions", "RS.generations", "RS.n.evaluations", 
    "RS.cpu.time", "DF.cost", "DF.gamma", "DF.data.balancing", 
    "DF.feature.selection", "DF.valid.acc", "DF.test.acc", "DF.train.time", 
    "DF.n.support.vectors", "DF.index", "DF.n.solutions", "DF.generations", 
    "DF.n.evaluations", "DF.cpu.time")))
