full <-
structure(c(50, 55, 60, 65, 70, 75, 80, 85, 90, 95, 100, 4.90988, 
6.43714, 3.73197, 11.5851, 6.16551, 5.8688, 2.53594, 9.55702, 
2.28437, 12.41881, 2.0425, -4.53954, -3.94355, -2.88048, -2.93257, 
-5.88773, -2.47922, -2.40687, -2.6351, -2.16189, -2.18565, -1.73501, 
0, 0, 0, 0, 0, 0, 0, 0, 0, 0, 0, 0, 0, 0, 0, 0, 0, 0, 0, 0, 0, 
0, 0.92509, 0.94516, 0.95854, 0.96162, 0.9543, 0.96933, 0.97577, 
0.98402, 0.98357, 0.98799, 0.99245, 0.92903, 0.93243, 0.95006, 
0.95626, 0.94363, 0.9767, 0.97356, 0.98848, 0.97889, 0.99407, 
0.99423, 0.0367, 0.0423, 0.0507, 0.0554, 0.0513, 0.0677, 0.0738, 
0.0764, 0.0894, 0.0878, 0.1084, 178.5, 196.3, 222, 234.8, 214.8, 
266.7, 281.7, 290, 304.1, 313, 329.9, 627, 25, 426, 114, 978, 
86, 1220, 48, 1126, 16, 198, 112, 1487, 557, 515, 34, 1377, 46, 
1657, 90, 1475, 402, 100, 100, 100, 100, 100, 100, 100, 100, 
100, 100, 100, 2500, 2500, 2500, 2500, 2500, 2500, 2500, 2500, 
2500, 2500, 2500, 6748.395, 7225.296, 7284.785, 7384.369, 7535.025, 
7589.731, 8374.743, 10109.966, 10308.933, 10437.012, 10688.206, 
4.67086, 8.13921, 1.97216, 5.0878, 4.25247, 3.96348, 12.06771, 
6.51203, 2.59321, 6.21175, 2.17237, -4.43581, -3.77699, -3.28116, 
-5.23846, -3.7262, -2.52309, -2.15445, -2.31106, -2.26363, -2.30824, 
-2.20445, 0, 0, 0, 0, 0, 0, 0, 0, 0, 0, 0, 0, 0, 0, 0, 0, 0, 
0, 0, 0, 0, 0, 0.92164, 0.94516, 0.95551, 0.96197, 0.95155, 0.96933, 
0.97571, 0.98402, 0.9814, 0.98799, 0.99245, 0.93288, 0.93243, 
0.94046, 0.95358, 0.95433, 0.97407, 0.97356, 0.98615, 0.97889, 
0.99407, 0.99619, 0.0376, 0.0396, 0.0478, 0.0466, 0.0552, 0.0674, 
0.0773, 0.0827, 0.0892, 0.0925, 0.0969, 179.9, 197.7, 224, 211.4, 
237.1, 266, 282.9, 292.2, 302.9, 312.5, 326.7, 1287, 11, 624, 
873, 216, 27, 20, 200, 29, 15, 306, 1, 110, 2, 2, 28, 43, 108, 
34, 6, 63, 3, 100, 100, 100, 100, 100, 100, 100, 100, 100, 100, 
100, 2500, 2500, 2500, 2500, 2500, 2500, 2500, 2500, 2500, 2500, 
2500, 7214.378, 7116.468, 7256.622, 7444.46, 7706.645, 7532.951, 
9756.375, 10350.55, 10262.169, 10436.532, 10673.84, 1, 1, 1, 
1, 1, 1, 1, 1, 1, 1, 1, 0.1, 0.1, 0.1, 0.1, 0.1, 0.1, 0.1, 0.1, 
0.1, 0.1, 0.1, 0, 0, 0, 0, 0, 0, 0, 0, 0, 0, 0, 0, 0, 0, 0, 0, 
0, 0, 0, 0, 0, 0, 0.78545, 0.80155, 0.8407, 0.85326, 0.85889, 
0.84594, 0.89285, 0.9027, 0.87909, 0.92182, 0.93198, 0.80171, 
0.81583, 0.84789, 0.86538, 0.87162, 0.86554, 0.87838, 0.9055, 
0.89026, 0.9299, 0.92429, 0.0415, 0.0459, 0.0486, 0.0531, 0.0594, 
0.0645, 0.0718, 0.0797, 0.0889, 0.0873, 0.0936, 205.6, 224.6, 
243.2, 259.8, 278.6, 297.7, 314.8, 332.8, 352.6, 370.1, 389, 
1, 1, 1, 1, 1, 1, 1, 1, 1, 1, 1, 1, 1, 1, 1, 1, 1, 1, 1, 1, 1, 
1, 1, 1, 1, 1, 1, 1, 1, 1, 1, 1, 1, 1, 1, 1, 1, 1, 1, 1, 1, 1, 
1, 1, 2.937, 2.944, 2.854, 2.999, 3.079, 3.029, 3.887, 4.125, 
4.253, 3.916, 3.977), .Dim = c(11L, 40L), .Dimnames = list(NULL, 
    c("Sampling", "PSO.cost", "PSO.gamma", "PSO.data.balancing", 
    "PSO.feature.selection", "PSO.valid.acc", "PSO.test.acc", 
    "PSO.train.time", "PSO.n.support.vectors", "PSO.index", "PSO.n.solutions", 
    "PSO.generations", "PSO.n.evaluations", "PSO.cpu.time", "RS.cost", 
    "RS.gamma", "RS.data.balancing", "RS.feature.selection", 
    "RS.valid.acc", "RS.test.acc", "RS.train.time", "RS.n.support.vectors", 
    "RS.index", "RS.n.solutions", "RS.generations", "RS.n.evaluations", 
    "RS.cpu.time", "DF.cost", "DF.gamma", "DF.data.balancing", 
    "DF.feature.selection", "DF.valid.acc", "DF.test.acc", "DF.train.time", 
    "DF.n.support.vectors", "DF.index", "DF.n.solutions", "DF.generations", 
    "DF.n.evaluations", "DF.cpu.time")))
