full <-
structure(c(50, 55, 60, 65, 70, 75, 80, 85, 90, 95, 100, 4.86194, 
14.01869, 2.9302, 3.4452, 9.73233, 12.72214, 6.88215, 15, 3.22499, 
11.83957, 6.23464, -3.9908, -2.20703, -2.95218, -3.20245, -1.81172, 
-2.14944, -2.22045, -2.01674, -2.33485, -1.76554, -1.41598, 0, 
0, 0, 0, 0, 0, 0, 0, 0, 0, 0, 0, 0, 0, 0, 0, 0, 0, 0, 0, 0, 0, 
0.91953, 0.93328, 0.94908, 0.96706, 0.95986, 0.97492, 0.97819, 
0.97736, 0.98935, 0.99403, 0.99427, 0.9164, 0.92016, 0.94908, 
0.95214, 0.95443, 0.96716, 0.98093, 0.97747, 0.98305, 0.98403, 
0.99238, 0.0351, 0.0449, 0.0501, 0.0507, 0.0719, 0.0734, 0.0785, 
0.0873, 0.0815, 0.1021, 0.1109, 178.7, 210.7, 220, 230.2, 255.8, 
267.1, 275.5, 290.4, 301.7, 315, 329.9, 1421, 8, 681, 261, 26, 
117, 115, 62, 33, 33, 76, 31, 998, 88, 435, 922, 1445, 1447, 
1037, 1331, 1435, 1231, 100, 100, 100, 100, 100, 100, 100, 100, 
100, 100, 100, 2500, 2500, 2500, 2500, 2500, 2500, 2500, 2500, 
2500, 2500, 2500, 6564.524, 6829.194, 7018.873, 6921.031, 9862.012, 
9711.65300000001, 9725.216, 10302.393, 10015.987, 10350.964, 
10674.709, 5.29357, 2.26622, 2.84108, 3.39597, 2.53957, 11.56917, 
2.1669, 11.20739, 3.13427, 5.31564, 3.02261, -4.40663, -2.21973, 
-2.88926, -3.20328, -1.82346, -2.13182, -2.33879, -2.327, -2.56017, 
-1.77692, -1.04162, 0, 0, 0, 0, 0, 0, 0, 0, 0, 0, 0, 0, 0, 0, 
0, 0, 0, 0, 0, 0, 0, 0, 0.91953, 0.93328, 0.94605, 0.96706, 0.95986, 
0.97492, 0.97819, 0.97736, 0.98935, 0.99403, 0.99427, 0.92794, 
0.92016, 0.94908, 0.95214, 0.95721, 0.96716, 0.98075, 0.97747, 
0.98713, 0.98403, 0.99238, 0.0349, 0.0471, 0.0509, 0.0507, 0.0659, 
0.0731, 0.0761, 0.0827, 0.0825, 0.0984, 0.1178, 175.4, 211.3, 
220.7, 230.2, 255.8, 267.3, 277.9, 288.7, 300.4, 314.8, 332.8, 
21, 142, 734, 1062, 52, 49, 350, 98, 26, 38, 45, 2, 13, 9, 1, 
28, 19, 21, 27, 36, 37, 56, 100, 100, 100, 100, 100, 100, 100, 
100, 100, 100, 100, 2500, 2500, 2500, 2500, 2500, 2500, 2500, 
2500, 2500, 2500, 2500, 6529.952, 6905.714, 6877.443, 7036.094, 
9393.03, 9781.75599999999, 9747.21800000001, 9844.03499999999, 
10311.096, 10132.516, 10827.723, 1, 1, 1, 1, 1, 1, 1, 1, 1, 1, 
1, 0.1, 0.1, 0.1, 0.1, 0.1, 0.1, 0.1, 0.1, 0.1, 0.1, 0.1, 0, 
0, 0, 0, 0, 0, 0, 0, 0, 0, 0, 0, 0, 0, 0, 0, 0, 0, 0, 0, 0, 0, 
0.77418, 0.78465, 0.8311, 0.836, 0.87541, 0.87272, 0.87881, 0.89675, 
0.91047, 0.91553, 0.9262, 0.762, 0.81042, 0.8315, 0.83871, 0.86216, 
0.88137, 0.87897, 0.89285, 0.91228, 0.9195, 0.91458, 0.0374, 
0.0433, 0.0469, 0.0521, 0.0612, 0.0672, 0.0745, 0.0785, 0.086, 
0.0852, 0.1012, 204.1, 224.7, 241.8, 260.8, 277.6, 297.2, 313.6, 
332.1, 348.7, 365.3, 387.5, 1, 1, 1, 1, 1, 1, 1, 1, 1, 1, 1, 
1, 1, 1, 1, 1, 1, 1, 1, 1, 1, 1, 1, 1, 1, 1, 1, 1, 1, 1, 1, 1, 
1, 1, 1, 1, 1, 1, 1, 1, 1, 1, 1, 1, 2.562, 2.691, 2.638, 3.431, 
3.825, 3.894, 4.027, 4.046, 4.109, 3.8, 4.289), .Dim = c(11L, 
40L), .Dimnames = list(NULL, c("Sampling", "PSO.cost", "PSO.gamma", 
"PSO.data.balancing", "PSO.feature.selection", "PSO.valid.acc", 
"PSO.test.acc", "PSO.train.time", "PSO.n.support.vectors", "PSO.index", 
"PSO.n.solutions", "PSO.generations", "PSO.n.evaluations", "PSO.cpu.time", 
"RS.cost", "RS.gamma", "RS.data.balancing", "RS.feature.selection", 
"RS.valid.acc", "RS.test.acc", "RS.train.time", "RS.n.support.vectors", 
"RS.index", "RS.n.solutions", "RS.generations", "RS.n.evaluations", 
"RS.cpu.time", "DF.cost", "DF.gamma", "DF.data.balancing", "DF.feature.selection", 
"DF.valid.acc", "DF.test.acc", "DF.train.time", "DF.n.support.vectors", 
"DF.index", "DF.n.solutions", "DF.generations", "DF.n.evaluations", 
"DF.cpu.time")))
