full <-
structure(c(50, 55, 60, 65, 70, 75, 80, 85, 90, 95, 100, 5.88374, 
7.60501, 13.68074, 5.09505, 15, 5.24332, 12.44884, 11.70637, 
12.63339, 2.8556, 2.59038, -4.05839, -4.28074, -3.82528, -4.40929, 
-2.97167, -1.58702, -2.89072, -2.61554, -2.97423, -2.71629, -2.44465, 
0, 0, 0, 0, 0, 0, 0, 0, 0, 0, 0, 0, 0, 0, 0, 0, 0, 0, 0, 0, 0, 
0, 0.93872, 0.95552, 0.96128, 0.96572, 0.97039, 0.97478, 0.98819, 
0.98651, 0.98714, 0.992, 0.99233, 0.93159, 0.9414, 0.952, 0.95691, 
0.9704, 0.9694, 0.98581, 0.98206, 0.98936, 0.99208, 0.98429, 
0.0383, 0.0396, 0.046, 0.0465, 0.0559, 0.072, 0.0656, 0.0735, 
0.0748, 0.0845, 0.0887, 185.4, 196.1, 218.1, 219.7, 248.6, 262, 
269.4, 283.2, 291.8, 306, 324.6, 26, 7, 78, 384, 39, 280, 28, 
5, 87, 1256, 533, 1247, 1092, 1286, 86, 1462, 701, 1370, 1386, 
1321, 92, 292, 100, 100, 100, 100, 100, 100, 100, 100, 100, 100, 
100, 2500, 2500, 2500, 2500, 2500, 2500, 2500, 2500, 2500, 2500, 
2500, 7067.77, 6955.782, 7084.513, 7045.345, 7222.984, 7518.83199999999, 
7461.46299999999, 7619.31600000001, 7686.58, 7885.73700000002, 
8278.25099999999, 12.98271, 7.93462, 10.78499, 4.87387, 4.87814, 
2.7005, 4.79267, 11.58577, 12.2493, 6.3339, 1.88819, -4.24754, 
-4.11078, -3.83596, -4.18858, -3.9017, -1.47288, -2.89464, -3.01789, 
-2.95964, -2.68777, -1.89647, 0, 0, 0, 0, 0, 0, 0, 0, 0, 0, 0, 
0, 0, 0, 0, 0, 0, 0, 0, 0, 0, 0, 0.93872, 0.95552, 0.96128, 0.96572, 
0.97054, 0.97478, 0.98819, 0.98651, 0.98714, 0.98995, 0.99222, 
0.93529, 0.93817, 0.952, 0.95413, 0.96514, 0.9694, 0.98581, 0.97974, 
0.98936, 0.99003, 0.98451, 0.0386, 0.0405, 0.0455, 0.0471, 0.0513, 
0.0721, 0.0656, 0.0705, 0.0728, 0.0781, 0.1019, 185, 198.1, 217.8, 
222.3, 239.1, 262.3, 269.4, 282.6, 291.7, 305.2, 330.6, 87, 138, 
325, 588, 1078, 298, 47, 7, 265, 544, 148, 34, 21, 9, 1, 1, 8, 
25, 70, 18, 14, 5, 100, 100, 100, 100, 100, 100, 100, 100, 100, 
100, 100, 2500, 2500, 2500, 2500, 2500, 2500, 2500, 2500, 2500, 
2500, 2500, 6993.809, 7052.393, 7132.474, 7177.70299999999, 7259.558, 
7446.82799999999, 7625.094, 7763.84300000001, 7885.118, 8015.64999999999, 
8388.19, 1, 1, 1, 1, 1, 1, 1, 1, 1, 1, 1, 0.1, 0.1, 0.1, 0.1, 
0.1, 0.1, 0.1, 0.1, 0.1, 0.1, 0.1, 0, 0, 0, 0, 0, 0, 0, 0, 0, 
0, 0, 0, 0, 0, 0, 0, 0, 0, 0, 0, 0, 0, 0.75447, 0.76193, 0.83199, 
0.82903, 0.84556, 0.87586, 0.89283, 0.91699, 0.90627, 0.92198, 
0.93208, 0.77162, 0.78925, 0.81713, 0.84261, 0.8533, 0.86263, 
0.88273, 0.9032, 0.90498, 0.9186, 0.9337, 0.0392, 0.0422, 0.0486, 
0.0527, 0.0587, 0.0613, 0.0695, 0.0756, 0.0785, 0.0842, 0.0979, 
204.6, 224.2, 244.8, 263.9, 282.3, 298.5, 315.8, 333.5, 352.9, 
369.4, 388.3, 1, 1, 1, 1, 1, 1, 1, 1, 1, 1, 1, 1, 1, 1, 1, 1, 
1, 1, 1, 1, 1, 1, 1, 1, 1, 1, 1, 1, 1, 1, 1, 1, 1, 1, 1, 1, 1, 
1, 1, 1, 1, 1, 1, 1, 2.748, 2.736, 2.85, 2.827, 2.927, 2.895, 
3.055, 3.106, 3.072, 3.053, 3.394), .Dim = c(11L, 40L), .Dimnames = list(
    NULL, c("Sampling", "PSO.cost", "PSO.gamma", "PSO.data.balancing", 
    "PSO.feature.selection", "PSO.valid.acc", "PSO.test.acc", 
    "PSO.train.time", "PSO.n.support.vectors", "PSO.index", "PSO.n.solutions", 
    "PSO.generations", "PSO.n.evaluations", "PSO.cpu.time", "RS.cost", 
    "RS.gamma", "RS.data.balancing", "RS.feature.selection", 
    "RS.valid.acc", "RS.test.acc", "RS.train.time", "RS.n.support.vectors", 
    "RS.index", "RS.n.solutions", "RS.generations", "RS.n.evaluations", 
    "RS.cpu.time", "DF.cost", "DF.gamma", "DF.data.balancing", 
    "DF.feature.selection", "DF.valid.acc", "DF.test.acc", "DF.train.time", 
    "DF.n.support.vectors", "DF.index", "DF.n.solutions", "DF.generations", 
    "DF.n.evaluations", "DF.cpu.time")))
