full <-
structure(c(50, 55, 60, 65, 70, 75, 80, 85, 90, 95, 100, 5.92554, 
3.00372, 4.44046, 1.93982, 15, 2.2257, 2.88463, 8.48059, 2.49592, 
4.36046, 9.97211, -5.01964, -2.51612, -3.8651, -2.13686, -1.65048, 
-2.27748, -2.46469, -2.15138, -2.9859, -3.76631, -1.8303, 0, 
0, 0, 0, 0, 0, 0, 0, 0, 0, 0, 0, 0, 0, 0, 0, 0, 0, 0, 0, 0, 0, 
0.95588, 0.93824, 0.96835, 0.96815, 0.9807, 0.98223, 0.9882, 
0.97766, 0.97865, 0.98609, 0.99234, 0.95213, 0.94168, 0.94936, 
0.968, 0.97529, 0.97466, 0.98582, 0.9821, 0.97457, 0.97976, 0.99234, 
0.0366, 0.0478, 0.0459, 0.0575, 0.0667, 0.068, 0.0726, 0.0813, 
0.0785, 0.0749, 0.107, 170.9, 208.1, 215.3, 243.9, 258, 268.6, 
281.5, 294.9, 306.8, 293, 330.9, 504, 815, 476, 63, 315, 919, 
3, 11, 1230, 1729, 15, 150, 405, 421, 329, 486, 156, 495, 1314, 
238, 14, 1269, 100, 100, 100, 100, 100, 100, 100, 100, 100, 100, 
100, 2500, 2500, 2500, 2500, 2500, 2500, 2500, 2500, 2500, 2500, 
2500, 7034.721, 7231.185, 7121.808, 7450.92000000001, 7611.257, 
7626.77100000001, 7792.11900000001, 8108.69900000001, 8139.856, 
8307.12100000001, 8788.87099999998, 5.91503, 8.34476, 4.59949, 
1.87769, 4.86255, 1.91487, 3.27517, 4.61056, 2.69436, 4.26535, 
13.49002, -5.09801, -2.51738, -3.94048, -2.18351, -1.64738, -1.96989, 
-2.64139, -2.22746, -2.95806, -3.64996, -1.80648, 0, 0, 0, 0, 
0, 0, 0, 0, 0, 0, 0, 0, 0, 0, 0, 0, 0, 0, 0, 0, 0, 0, 0.95588, 
0.93491, 0.96835, 0.96815, 0.9807, 0.98223, 0.9882, 0.97766, 
0.97865, 0.9842, 0.99234, 0.94828, 0.93823, 0.9527, 0.96792, 
0.97529, 0.9771, 0.98582, 0.9821, 0.97657, 0.98176, 0.99045, 
0.0364, 0.0481, 0.0452, 0.06, 0.0655, 0.0715, 0.0701, 0.0819, 
0.0735, 0.0785, 0.1076, 170.4, 208.1, 213.7, 244, 258.2, 270.1, 
279.7, 293.2, 306.5, 296.1, 330.6, 654, 510, 1206, 46, 14, 655, 
593, 2, 2462, 1751, 121, 1, 4, 1, 2, 3, 4, 4, 68, 1, 1, 9, 100, 
100, 100, 100, 100, 100, 100, 100, 100, 100, 100, 2500, 2500, 
2500, 2500, 2500, 2500, 2500, 2500, 2500, 2500, 2500, 7077.06, 
7111.949, 7197.344, 7411.317, 7502.524, 7609.79300000001, 7826.53999999999, 
8090.224, 8280.576, 8529.83200000002, 8688.57000000001, 1, 1, 
1, 1, 1, 1, 1, 1, 1, 1, 1, 0.1, 0.1, 0.1, 0.1, 0.1, 0.1, 0.1, 
0.1, 0.1, 0.1, 0.1, 0, 0, 0, 0, 0, 0, 0, 0, 0, 0, 0, 0, 0, 0, 
0, 0, 0, 0, 0, 0, 0, 0, 0.82573, 0.82777, 0.84802, 0.86837, 0.87418, 
0.88685, 0.90249, 0.89369, 0.89541, 0.90846, 0.92392, 0.81448, 
0.82015, 0.85738, 0.8643, 0.88251, 0.88229, 0.90238, 0.87956, 
0.88889, 0.91615, 0.92201, 0.0407, 0.0445, 0.0484, 0.0539, 0.0593, 
0.0651, 0.0712, 0.0781, 0.0807, 0.0932, 0.0966, 205.2, 224.4, 
245.2, 264.3, 282, 299.8, 318.7, 335.5, 354.7, 368.4, 389.5, 
1, 1, 1, 1, 1, 1, 1, 1, 1, 1, 1, 1, 1, 1, 1, 1, 1, 1, 1, 1, 1, 
1, 1, 1, 1, 1, 1, 1, 1, 1, 1, 1, 1, 1, 1, 1, 1, 1, 1, 1, 1, 1, 
1, 1, 2.828, 2.866, 2.802, 2.961, 2.984, 3.043, 3.12, 3.239, 
3.254, 3.342, 3.388), .Dim = c(11L, 40L), .Dimnames = list(NULL, 
    c("Sampling", "PSO.cost", "PSO.gamma", "PSO.data.balancing", 
    "PSO.feature.selection", "PSO.valid.acc", "PSO.test.acc", 
    "PSO.train.time", "PSO.n.support.vectors", "PSO.index", "PSO.n.solutions", 
    "PSO.generations", "PSO.n.evaluations", "PSO.cpu.time", "RS.cost", 
    "RS.gamma", "RS.data.balancing", "RS.feature.selection", 
    "RS.valid.acc", "RS.test.acc", "RS.train.time", "RS.n.support.vectors", 
    "RS.index", "RS.n.solutions", "RS.generations", "RS.n.evaluations", 
    "RS.cpu.time", "DF.cost", "DF.gamma", "DF.data.balancing", 
    "DF.feature.selection", "DF.valid.acc", "DF.test.acc", "DF.train.time", 
    "DF.n.support.vectors", "DF.index", "DF.n.solutions", "DF.generations", 
    "DF.n.evaluations", "DF.cpu.time")))
