full <-
structure(c(50, 55, 60, 65, 70, 75, 80, 85, 90, 95, 100, 9.38549, 
12.20491, 15, 5.01608, 8.64613, 3.67597, 13.54227, 8.61761, 3.74602, 
3.14975, 5.61309, -2.88913, -3.41337, -2.74323, -3.88385, -3.96978, 
-2.61936, -2.03153, -2.24674, -2.91454, -2.02406, -3.76225, 0, 
0, 0, 0, 0, 0, 0, 0, 0, 0, 0, 0, 0, 0, 0, 0, 0, 0, 0, 0, 0, 0, 
0.93464, 0.95168, 0.95553, 0.95914, 0.98353, 0.9848, 0.99291, 
0.97978, 0.99379, 0.98996, 0.99423, 0.92768, 0.94546, 0.96821, 
0.95576, 0.98097, 0.9848, 0.97849, 0.97752, 0.98492, 0.98351, 
0.98476, 0.0393, 0.0431, 0.0486, 0.0481, 0.0534, 0.0664, 0.0778, 
0.08, 0.0756, 0.0956, 0.0769, 188.8, 200.1, 216.5, 224.6, 237.7, 
262, 275.3, 290, 298.7, 312.4, 306.2, 53, 37, 184, 347, 104, 
19, 4, 2, 12, 21, 32, 1091, 1606, 769, 509, 1252, 1400, 1632, 
1693, 1525, 1557, 1246, 100, 100, 100, 100, 100, 100, 100, 100, 
100, 100, 100, 2500, 2500, 2500, 2500, 2500, 2500, 2500, 2500, 
2500, 2500, 2500, 7002.709, 7055.112, 7256.077, 7247.34, 7316.98, 
7416.329, 7605.617, 7717.045, 7616.48999999999, 7966.087, 7958.62299999999, 
2.29248, 6.95807, 4.34018, 4.68573, 5.18873, 4.82937, 5.45202, 
5.76685, 8.80751, 4.55315, 11.74495, -2.54772, -3.40064, -2.71799, 
-3.80443, -3.81644, -2.95519, -2.1787, -2.67385, -3.10667, -2.96613, 
-3.73999, 0, 0, 0, 0, 0, 0, 0, 0, 0, 0, 0, 0, 0, 0, 0, 0, 0, 
0, 0, 0, 0, 0, 0.93531, 0.95168, 0.95553, 0.95906, 0.98353, 0.9848, 
0.99291, 0.97978, 0.99379, 0.98996, 0.99423, 0.91664, 0.94546, 
0.96821, 0.95282, 0.98097, 0.98724, 0.98105, 0.97752, 0.98492, 
0.98369, 0.98476, 0.0431, 0.0406, 0.0512, 0.0484, 0.0539, 0.0628, 
0.076, 0.0706, 0.0759, 0.0762, 0.0765, 190.4, 200.2, 216.8, 225.7, 
241.2, 261.1, 275.7, 288.2, 296.5, 309.5, 306.6, 1140, 53, 618, 
2044, 5, 4, 11, 61, 96, 1, 309, 1, 21, 3, 1, 35, 88, 61, 51, 
49, 202, 11, 100, 100, 100, 100, 100, 100, 100, 100, 100, 100, 
100, 2500, 2500, 2500, 2500, 2500, 2500, 2500, 2500, 2500, 2500, 
2500, 7057.857, 7128.218, 7288.912, 7331.901, 7333.446, 7370.09999999999, 
7713.515, 7787.37299999999, 7959.54999999999, 8092.54300000001, 
8322.215, 1, 1, 1, 1, 1, 1, 1, 1, 1, 1, 1, 0.1, 0.1, 0.1, 0.1, 
0.1, 0.1, 0.1, 0.1, 0.1, 0.1, 0.1, 0, 0, 0, 0, 0, 0, 0, 0, 0, 
0, 0, 0, 0, 0, 0, 0, 0, 0, 0, 0, 0, 0, 0.77689, 0.79864, 0.82233, 
0.85098, 0.86841, 0.88309, 0.89995, 0.89421, 0.90888, 0.92602, 
0.92084, 0.75697, 0.77917, 0.81896, 0.84171, 0.86637, 0.87072, 
0.90925, 0.90534, 0.91065, 0.92369, 0.91521, 0.0411, 0.0439, 
0.0493, 0.0543, 0.058, 0.0655, 0.0706, 0.0783, 0.0836, 0.0836, 
0.0919, 206.1, 223.2, 242.9, 261.6, 282.1, 300.7, 319.1, 338.8, 
354, 368.9, 388.2, 1, 1, 1, 1, 1, 1, 1, 1, 1, 1, 1, 1, 1, 1, 
1, 1, 1, 1, 1, 1, 1, 1, 1, 1, 1, 1, 1, 1, 1, 1, 1, 1, 1, 1, 1, 
1, 1, 1, 1, 1, 1, 1, 1, 1, 2.878, 2.822, 2.877, 2.974, 2.98, 
3.039, 3.09, 3.195, 3.225, 3.078, 3.177), .Dim = c(11L, 40L), .Dimnames = list(
    NULL, c("Sampling", "PSO.cost", "PSO.gamma", "PSO.data.balancing", 
    "PSO.feature.selection", "PSO.valid.acc", "PSO.test.acc", 
    "PSO.train.time", "PSO.n.support.vectors", "PSO.index", "PSO.n.solutions", 
    "PSO.generations", "PSO.n.evaluations", "PSO.cpu.time", "RS.cost", 
    "RS.gamma", "RS.data.balancing", "RS.feature.selection", 
    "RS.valid.acc", "RS.test.acc", "RS.train.time", "RS.n.support.vectors", 
    "RS.index", "RS.n.solutions", "RS.generations", "RS.n.evaluations", 
    "RS.cpu.time", "DF.cost", "DF.gamma", "DF.data.balancing", 
    "DF.feature.selection", "DF.valid.acc", "DF.test.acc", "DF.train.time", 
    "DF.n.support.vectors", "DF.index", "DF.n.solutions", "DF.generations", 
    "DF.n.evaluations", "DF.cpu.time")))
