full <-
structure(c(50, 55, 60, 65, 70, 75, 80, 85, 90, 95, 100, 12.54928, 
8.83384, 10.83278, 11.84673, 4.49842, 3.17562, 10.301, 2.5019, 
15, 9.69766, 8.47687, -3.49425, -3.16433, -3.35921, -2.54051, 
-3.99689, -3.57386, -1.85348, -2.34954, -1.73628, -4.33538, -2.05174, 
0, 0, 0, 0, 0, 0, 0, 0, 0, 0, 0, 0, 0, 0, 0, 0, 0, 0, 0, 0, 0, 
0, 0.95059, 0.949, 0.96234, 0.97378, 0.9731, 0.96955, 0.97412, 
0.97795, 0.98482, 0.99404, 0.99237, 0.93543, 0.95256, 0.96475, 
0.96798, 0.95973, 0.95942, 0.9664, 0.96888, 0.98056, 0.98402, 
0.99245, 0.0368, 0.0411, 0.0441, 0.0539, 0.053, 0.0592, 0.0775, 
0.078, 0.0934, 0.0726, 0.1018, 188.1, 204, 215.2, 233.5, 237.7, 
253, 276.5, 282.8, 302.4, 277.8, 327.5, 7, 37, 31, 57, 145, 1477, 
13, 912, 103, 28, 87, 1279, 1468, 1334, 1359, 707, 26, 1362, 
284, 1085, 1332, 902, 100, 100, 100, 100, 100, 100, 100, 100, 
100, 100, 100, 2500, 2500, 2500, 2500, 2500, 2500, 2500, 2500, 
2500, 2500, 2500, 6408.799, 6567.528, 6689.092, 7036.505, 7389.072, 
7609.906, 7905.45199999999, 7954.034, 8298.474, 7984.114, 8633.36900000001, 
4.00259, 8.99097, 6.75537, 7.62452, 4.07386, 4.47772, 9.26188, 
2.07083, 2.79027, 9.2979, 6.50426, -3.54614, -3.21603, -3.29743, 
-2.37378, -3.62967, -4.41897, -2.00404, -2.22417, -1.81559, -4.37574, 
-2.08286, 0, 0, 0, 0, 0, 0, 0, 0, 0, 0, 0, 0, 0, 0, 0, 0, 0, 
0, 0, 0, 0, 0, 0.95059, 0.949, 0.96234, 0.97378, 0.9731, 0.96699, 
0.97412, 0.97572, 0.98482, 0.99404, 0.99237, 0.93543, 0.95256, 
0.96486, 0.96513, 0.95695, 0.96186, 0.9664, 0.96676, 0.98264, 
0.98402, 0.99245, 0.0363, 0.0407, 0.0444, 0.0554, 0.0524, 0.0543, 
0.0756, 0.0782, 0.0922, 0.0701, 0.1007, 187.8, 203.3, 215.8, 
234.3, 240.2, 239.1, 274.8, 285.1, 302.4, 276.7, 327.4, 128, 
90, 10, 26, 87, 1600, 90, 1566, 90, 7, 35, 34, 28, 30, 28, 2, 
3, 47, 2, 23, 67, 6, 100, 100, 100, 100, 100, 100, 100, 100, 
100, 100, 100, 2500, 2500, 2500, 2500, 2500, 2500, 2500, 2500, 
2500, 2500, 2500, 6479.05, 6628.533, 6805.739, 7202.49099999999, 
7508.59999999999, 7696.69200000001, 7851.495, 8002.92200000001, 
8216.79700000001, 8392.55100000001, 8613.16899999999, 1, 1, 1, 
1, 1, 1, 1, 1, 1, 1, 1, 0.1, 0.1, 0.1, 0.1, 0.1, 0.1, 0.1, 0.1, 
0.1, 0.1, 0.1, 0, 0, 0, 0, 0, 0, 0, 0, 0, 0, 0, 0, 0, 0, 0, 0, 
0, 0, 0, 0, 0, 0, 0.80796, 0.82053, 0.84185, 0.86006, 0.86426, 
0.88551, 0.88792, 0.89041, 0.92963, 0.91404, 0.90937, 0.81479, 
0.79248, 0.83543, 0.86319, 0.85111, 0.88558, 0.87624, 0.90204, 
0.92945, 0.92004, 0.9227, 0.0391, 0.0416, 0.0466, 0.0539, 0.0586, 
0.0646, 0.0719, 0.0762, 0.0839, 0.091, 0.0973, 204.9, 224.3, 
244.1, 264.1, 283.1, 300.1, 319.7, 335.9, 352.3, 369.3, 387.9, 
1, 1, 1, 1, 1, 1, 1, 1, 1, 1, 1, 1, 1, 1, 1, 1, 1, 1, 1, 1, 1, 
1, 1, 1, 1, 1, 1, 1, 1, 1, 1, 1, 1, 1, 1, 1, 1, 1, 1, 1, 1, 1, 
1, 1, 2.698, 2.629, 2.714, 2.952, 2.989, 3.036, 3.13, 3.199, 
3.246, 3.316, 3.455), .Dim = c(11L, 40L), .Dimnames = list(NULL, 
    c("Sampling", "PSO.cost", "PSO.gamma", "PSO.data.balancing", 
    "PSO.feature.selection", "PSO.valid.acc", "PSO.test.acc", 
    "PSO.train.time", "PSO.n.support.vectors", "PSO.index", "PSO.n.solutions", 
    "PSO.generations", "PSO.n.evaluations", "PSO.cpu.time", "RS.cost", 
    "RS.gamma", "RS.data.balancing", "RS.feature.selection", 
    "RS.valid.acc", "RS.test.acc", "RS.train.time", "RS.n.support.vectors", 
    "RS.index", "RS.n.solutions", "RS.generations", "RS.n.evaluations", 
    "RS.cpu.time", "DF.cost", "DF.gamma", "DF.data.balancing", 
    "DF.feature.selection", "DF.valid.acc", "DF.test.acc", "DF.train.time", 
    "DF.n.support.vectors", "DF.index", "DF.n.solutions", "DF.generations", 
    "DF.n.evaluations", "DF.cpu.time")))
