full <-
structure(c(50, 55, 60, 65, 70, 75, 80, 85, 90, 95, 100, 3.71987, 
13.38428, 10.02451, 7.03916, 14.02689, 8.59829, 2.82318, 1.75336, 
2.55576, 3.5445, 1.43902, -4.59837, -1.84844, -3.15286, -4.44279, 
-1.7582, -1.86276, -2.81326, -2.77, -2.45288, -3.26439, -1.21556, 
0, 0, 0, 0, 0, 0, 0, 0, 0, 0, 0, 0, 0, 0, 0, 0, 0, 0, 0, 0, 0, 
0, 0.9161, 0.95487, 0.95004, 0.96805, 0.9755, 0.98202, 0.98315, 
0.98903, 0.98723, 0.99182, 0.99053, 0.90456, 0.93913, 0.9438, 
0.96797, 0.96484, 0.97201, 0.97131, 0.97559, 0.98941, 0.98803, 
0.99049, 0.0392, 0.0485, 0.0475, 0.0482, 0.0639, 0.0711, 0.0691, 
0.0724, 0.0779, 0.0795, 0.1132, 183.6, 204.6, 213.2, 215.7, 247, 
262.2, 273.4, 294.3, 301.7, 303.3, 333.3, 1830, 9, 17, 51, 132, 
41, 591, 623, 1746, 458, 1007, 11, 1377, 1713, 76, 1156, 1354, 
678, 357, 22, 102, 77, 100, 100, 100, 100, 100, 100, 100, 100, 
100, 100, 100, 2500, 2500, 2500, 2500, 2500, 2500, 2500, 2500, 
2500, 2500, 2500, 8152.399, 8141.36, 8098.247, 8481.539, 8799.908, 
8962.34, 8729.291, 9279.984, 9407.68800000002, 9339.58000000002, 
9957.40299999999, 3.85644, 11.82414, 9.26056, 3.99533, 8.53928, 
9.90972, 3.21527, 4.41, 2.69898, 3.48491, 2.18354, -4.73679, 
-1.81796, -3.19608, -2.09123, -1.70688, -1.86737, -2.94797, -4.10111, 
-2.5604, -3.20838, -1.91085, 0, 0, 0, 0, 0, 0, 0, 0, 0, 0, 0, 
0, 0, 0, 0, 0, 0, 0, 0, 0, 0, 0, 0.9161, 0.95487, 0.95004, 0.96803, 
0.9755, 0.98202, 0.98315, 0.98903, 0.98511, 0.99182, 0.98868, 
0.90485, 0.93913, 0.9438, 0.97662, 0.96484, 0.97201, 0.97369, 
0.97569, 0.98941, 0.98803, 0.99053, 0.0379, 0.0487, 0.0459, 0.0556, 
0.0651, 0.0714, 0.0654, 0.0632, 0.0784, 0.0766, 0.1011, 183.2, 
204.8, 212.9, 232, 247.2, 262.2, 269.7, 263.4, 300.3, 305.1, 
328.9, 429, 69, 83, 85, 99, 193, 430, 120, 1676, 2421, 1171, 
2, 39, 74, 30, 13, 11, 2, 3, 1, 1, 1, 100, 100, 100, 100, 100, 
100, 100, 100, 100, 100, 100, 2500, 2500, 2500, 2500, 2500, 2500, 
2500, 2500, 2500, 2500, 2500, 8126.629, 8039.749, 8342.003, 8566.56199999999, 
8768.22, 8874.06599999999, 9040.48, 9340.63800000001, 9442.28200000001, 
9668.45899999997, 9729.573, 1, 1, 1, 1, 1, 1, 1, 1, 1, 1, 1, 
0.1, 0.1, 0.1, 0.1, 0.1, 0.1, 0.1, 0.1, 0.1, 0.1, 0.1, 0, 0, 
0, 0, 0, 0, 0, 0, 0, 0, 0, 0, 0, 0, 0, 0, 0, 0, 0, 0, 0, 0, 0.81799, 
0.81382, 0.83331, 0.86931, 0.86959, 0.88281, 0.88529, 0.89553, 
0.89435, 0.92564, 0.926, 0.81829, 0.79632, 0.84336, 0.86538, 
0.86478, 0.88308, 0.88301, 0.9114, 0.89812, 0.92177, 0.92989, 
0.0402, 0.0456, 0.0492, 0.0525, 0.0545, 0.061, 0.0676, 0.0735, 
0.078, 0.086, 0.095, 207, 226.8, 245.1, 265, 280.1, 298.3, 315.6, 
332.4, 352.9, 370.3, 387.5, 1, 1, 1, 1, 1, 1, 1, 1, 1, 1, 1, 
1, 1, 1, 1, 1, 1, 1, 1, 1, 1, 1, 1, 1, 1, 1, 1, 1, 1, 1, 1, 1, 
1, 1, 1, 1, 1, 1, 1, 1, 1, 1, 1, 1, 3.246, 3.192, 3.297, 3.446, 
3.538, 3.482, 3.658, 3.758, 3.689, 3.912, 3.766), .Dim = c(11L, 
40L), .Dimnames = list(NULL, c("Sampling", "PSO.cost", "PSO.gamma", 
"PSO.data.balancing", "PSO.feature.selection", "PSO.valid.acc", 
"PSO.test.acc", "PSO.train.time", "PSO.n.support.vectors", "PSO.index", 
"PSO.n.solutions", "PSO.generations", "PSO.n.evaluations", "PSO.cpu.time", 
"RS.cost", "RS.gamma", "RS.data.balancing", "RS.feature.selection", 
"RS.valid.acc", "RS.test.acc", "RS.train.time", "RS.n.support.vectors", 
"RS.index", "RS.n.solutions", "RS.generations", "RS.n.evaluations", 
"RS.cpu.time", "DF.cost", "DF.gamma", "DF.data.balancing", "DF.feature.selection", 
"DF.valid.acc", "DF.test.acc", "DF.train.time", "DF.n.support.vectors", 
"DF.index", "DF.n.solutions", "DF.generations", "DF.n.evaluations", 
"DF.cpu.time")))
