full <-
structure(c(50, 55, 60, 65, 70, 75, 80, 85, 90, 95, 100, 6.03872, 
9.7055, 10.96925, 3.33452, 3.33593, 8.64075, 2.72283, 3.20455, 
3.51644, 8.61638, 3.14245, -4.61358, -3.94934, -3.12599, -3.12264, 
-2.68338, -3.33774, -2.62504, -0.93637, -3.00844, -2.5837, -2.74201, 
0, 0, 0, 0, 0, 0, 0, 0, 0, 0, 0, 0, 0, 0, 0, 0, 0, 0, 0, 0, 0, 
0, 0.94821, 0.95389, 0.96215, 0.9645, 0.96518, 0.98505, 0.97657, 
0.98423, 0.98939, 0.99195, 0.98856, 0.94406, 0.94463, 0.93715, 
0.95896, 0.95976, 0.97999, 0.96919, 0.98201, 0.98707, 0.98803, 
0.98842, 0.0348, 0.0417, 0.0461, 0.0493, 0.0596, 0.0589, 0.0691, 
0.0859, 0.077, 0.0796, 0.0843, 176.1, 195.9, 216.2, 227.1, 246.5, 
251.3, 273.7, 295.5, 298, 312.2, 322.3, 24, 82, 26, 1027, 648, 
117, 1884, 21, 339, 38, 280, 1557, 575, 1111, 207, 288, 1147, 
28, 1482, 341, 1204, 132, 100, 100, 100, 100, 100, 100, 100, 
100, 100, 100, 100, 2500, 2500, 2500, 2500, 2500, 2500, 2500, 
2500, 2500, 2500, 2500, 6868.209, 7230.244, 7274.705, 7312.352, 
7611.853, 7711.963, 7614.77800000001, 8137.39099999999, 8242.102, 
8115.55900000001, 8175.337, 4.52489, 6.40556, 6.87821, 3.11988, 
3.78497, 13.75463, 2.47278, 8.83383, 3.29698, 7.17895, 4.12536, 
-3.79435, -3.9473, -3.09244, -3.0318, -2.70061, -3.33468, -2.41016, 
-0.99415, -2.95325, -2.44071, -3.48711, 0, 0, 0, 0, 0, 0, 0, 
0, 0, 0, 0, 0, 0, 0, 0, 0, 0, 0, 0, 0, 0, 0, 0.94821, 0.95389, 
0.96215, 0.9645, 0.96248, 0.98505, 0.97657, 0.98423, 0.98939, 
0.99195, 0.98853, 0.94364, 0.94463, 0.93392, 0.9619, 0.95443, 
0.97999, 0.96919, 0.98201, 0.98707, 0.98803, 0.98464, 0.0381, 
0.0415, 0.0465, 0.0501, 0.0594, 0.0551, 0.068, 0.0833, 0.0784, 
0.0841, 0.0781, 182.5, 195.6, 217.3, 228.9, 246.8, 251.4, 275.2, 
293.5, 298.8, 312.4, 312, 60, 139, 110, 256, 1273, 49, 1510, 
1, 2261, 109, 767, 92, 4, 12, 3, 1, 11, 1, 99, 1, 24, 11, 100, 
100, 100, 100, 100, 100, 100, 100, 100, 100, 100, 2500, 2500, 
2500, 2500, 2500, 2500, 2500, 2500, 2500, 2500, 2500, 7099.676, 
7350.261, 7224.503, 7366.917, 7732.807, 7582.005, 7745.819, 8102.43699999999, 
8339.19499999999, 8228.23199999999, 8421.66899999999, 1, 1, 1, 
1, 1, 1, 1, 1, 1, 1, 1, 0.1, 0.1, 0.1, 0.1, 0.1, 0.1, 0.1, 0.1, 
0.1, 0.1, 0.1, 0, 0, 0, 0, 0, 0, 0, 0, 0, 0, 0, 0, 0, 0, 0, 0, 
0, 0, 0, 0, 0, 0, 0.82569, 0.83347, 0.83849, 0.85571, 0.85333, 
0.89903, 0.86945, 0.91473, 0.91727, 0.91917, 0.92589, 0.81636, 
0.831, 0.82231, 0.85285, 0.86726, 0.89405, 0.88346, 0.9177, 0.91712, 
0.9195, 0.93502, 0.0408, 0.0451, 0.0464, 0.0532, 0.0594, 0.0623, 
0.0652, 0.0753, 0.0794, 0.0855, 0.0997, 205, 225.2, 243.4, 262.1, 
283, 302, 320.8, 336.6, 355.2, 368.9, 388.4, 1, 1, 1, 1, 1, 1, 
1, 1, 1, 1, 1, 1, 1, 1, 1, 1, 1, 1, 1, 1, 1, 1, 1, 1, 1, 1, 1, 
1, 1, 1, 1, 1, 1, 1, 1, 1, 1, 1, 1, 1, 1, 1, 1, 1, 2.932, 2.943, 
2.773, 2.965, 3.079, 2.967, 2.905, 3.148, 3.088, 3.2, 3.521), .Dim = c(11L, 
40L), .Dimnames = list(NULL, c("Sampling", "PSO.cost", "PSO.gamma", 
"PSO.data.balancing", "PSO.feature.selection", "PSO.valid.acc", 
"PSO.test.acc", "PSO.train.time", "PSO.n.support.vectors", "PSO.index", 
"PSO.n.solutions", "PSO.generations", "PSO.n.evaluations", "PSO.cpu.time", 
"RS.cost", "RS.gamma", "RS.data.balancing", "RS.feature.selection", 
"RS.valid.acc", "RS.test.acc", "RS.train.time", "RS.n.support.vectors", 
"RS.index", "RS.n.solutions", "RS.generations", "RS.n.evaluations", 
"RS.cpu.time", "DF.cost", "DF.gamma", "DF.data.balancing", "DF.feature.selection", 
"DF.valid.acc", "DF.test.acc", "DF.train.time", "DF.n.support.vectors", 
"DF.index", "DF.n.solutions", "DF.generations", "DF.n.evaluations", 
"DF.cpu.time")))
