full <-
structure(c(50, 55, 60, 65, 70, 75, 80, 85, 90, 95, 100, 2.31586, 
8.36774, 4.62679, 10.4096, 5.69812, 6.51799, 6.43808, 4.30054, 
14.45639, 2.06479, 6.83723, -1.90696, -2.26497, -3.46924, -2.1132, 
-1.95313, -2.37469, -3.08199, -2.02544, -2.90591, -2.0092, -1.82058, 
0, 0, 0, 0, 0, 0, 0, 0, 0, 0, 0, 0, 0, 0, 0, 0, 0, 0, 0, 0, 0, 
0, 0.92081, 0.94082, 0.94659, 0.96755, 0.97516, 0.97728, 0.97379, 
0.98874, 0.99144, 0.99596, 0.98489, 0.9159, 0.9315, 0.94992, 
0.96754, 0.97269, 0.97484, 0.97401, 0.98641, 0.98496, 0.99592, 
0.98485, 0.0442, 0.0473, 0.0475, 0.0609, 0.0699, 0.0703, 0.067, 
0.0831, 0.0786, 0.0896, 0.1046, 194.6, 210.6, 221.8, 244.3, 257.8, 
267.2, 274.4, 291.1, 298.3, 314.7, 328.9, 205, 44, 833, 5, 85, 
31, 138, 7, 78, 107, 32, 684, 1205, 199, 1387, 1400, 1317, 1510, 
1436, 1029, 969, 1197, 100, 100, 100, 100, 100, 100, 100, 100, 
100, 100, 100, 2500, 2500, 2500, 2500, 2500, 2500, 2500, 2500, 
2500, 2500, 2500, 7199.396, 7270.257, 7375.994, 7662.64, 7736.471, 
7862.16, 7950.99600000001, 8302.11200000001, 8159.806, 8409.815, 
8578.89499999999, 2.1075, 14.79089, 7.50898, 8.14117, 6.2036, 
10.54708, 14.82084, 9.17669, 10.61646, 2.81301, 10.16053, -1.75198, 
-2.27664, -3.49935, -2.28684, -1.94454, -2.25793, -2.95628, -1.75333, 
-2.90401, -2.3396, -1.74238, 0, 0, 0, 0, 0, 0, 0, 0, 0, 0, 0, 
0, 0, 0, 0, 0, 0, 0, 0, 0, 0, 0, 0.92081, 0.94082, 0.94356, 0.96755, 
0.97516, 0.97728, 0.97379, 0.98874, 0.99144, 0.99596, 0.98489, 
0.90835, 0.9315, 0.95023, 0.9646, 0.97269, 0.97728, 0.97157, 
0.98414, 0.98496, 0.99396, 0.98485, 0.0444, 0.0477, 0.0486, 0.059, 
0.0681, 0.0707, 0.0679, 0.0866, 0.0781, 0.0856, 0.1094, 194.8, 
210.6, 221.1, 244.2, 257.5, 268.6, 275.4, 293.3, 298.3, 312.7, 
328.8, 391, 13, 27, 43, 293, 42, 120, 51, 101, 387, 2, 5, 25, 
20, 51, 14, 40, 22, 77, 11, 4, 44, 100, 100, 100, 100, 100, 100, 
100, 100, 100, 100, 100, 2500, 2500, 2500, 2500, 2500, 2500, 
2500, 2500, 2500, 2500, 2500, 7104.31, 7224.963, 7429.947, 7566.475, 
7630.694, 7860.647, 8055.827, 8236.175, 8164.70000000001, 8384.62700000001, 
8549.647, 1, 1, 1, 1, 1, 1, 1, 1, 1, 1, 1, 0.1, 0.1, 0.1, 0.1, 
0.1, 0.1, 0.1, 0.1, 0.1, 0.1, 0.1, 0, 0, 0, 0, 0, 0, 0, 0, 0, 
0, 0, 0, 0, 0, 0, 0, 0, 0, 0, 0, 0, 0, 0.74838, 0.79896, 0.81765, 
0.83036, 0.84551, 0.86618, 0.86698, 0.8831, 0.90286, 0.92352, 
0.93766, 0.7619, 0.76848, 0.82714, 0.81297, 0.85092, 0.86535, 
0.88127, 0.88986, 0.91492, 0.92376, 0.93403, 0.0403, 0.0448, 
0.0512, 0.0574, 0.0618, 0.0659, 0.0719, 0.0774, 0.081, 0.0893, 
0.0927, 205.8, 224.6, 244.5, 264.1, 282, 302.1, 317.4, 336.1, 
351, 370.2, 388.8, 1, 1, 1, 1, 1, 1, 1, 1, 1, 1, 1, 1, 1, 1, 
1, 1, 1, 1, 1, 1, 1, 1, 1, 1, 1, 1, 1, 1, 1, 1, 1, 1, 1, 1, 1, 
1, 1, 1, 1, 1, 1, 1, 1, 1, 2.829, 2.876, 2.975, 3.004, 3.035, 
3.133, 3.224, 3.301, 3.19, 3.309, 3.26), .Dim = c(11L, 40L), .Dimnames = list(
    NULL, c("Sampling", "PSO.cost", "PSO.gamma", "PSO.data.balancing", 
    "PSO.feature.selection", "PSO.valid.acc", "PSO.test.acc", 
    "PSO.train.time", "PSO.n.support.vectors", "PSO.index", "PSO.n.solutions", 
    "PSO.generations", "PSO.n.evaluations", "PSO.cpu.time", "RS.cost", 
    "RS.gamma", "RS.data.balancing", "RS.feature.selection", 
    "RS.valid.acc", "RS.test.acc", "RS.train.time", "RS.n.support.vectors", 
    "RS.index", "RS.n.solutions", "RS.generations", "RS.n.evaluations", 
    "RS.cpu.time", "DF.cost", "DF.gamma", "DF.data.balancing", 
    "DF.feature.selection", "DF.valid.acc", "DF.test.acc", "DF.train.time", 
    "DF.n.support.vectors", "DF.index", "DF.n.solutions", "DF.generations", 
    "DF.n.evaluations", "DF.cpu.time")))
