full <-
structure(c(50, 55, 60, 65, 70, 75, 80, 85, 90, 95, 100, 9.60458, 
5.56309, 13.2892, 2.99957, 5.92847, 2.48566, 4.19932, 3.79647, 
4.31025, 8.145, 14.45502, -3.17864, -2.9706, -3.38472, -2.53994, 
-3.08556, -2.81841, -3.7362, -3.2351, -2.42796, -3.03595, -0.31566, 
0, 0, 0, 0, 0, 0, 0, 0, 0, 0, 0, 0, 0, 0, 0, 0, 0, 0, 0, 0, 0, 
0, 0.95041, 0.95804, 0.94624, 0.97023, 0.98376, 0.98242, 0.98083, 
0.98418, 0.98957, 0.98608, 0.99244, 0.92826, 0.96111, 0.95556, 
0.96484, 0.98397, 0.98242, 0.98099, 0.97775, 0.98527, 0.98775, 
0.99256, 0.0449, 0.0485, 0.0467, 0.0543, 0.0582, 0.0634, 0.0658, 
0.0697, 0.0824, 0.0813, 0.1196, 187, 203.6, 214, 237.8, 246, 
260.3, 260.3, 277.8, 298.4, 304.8, 345.8, 39, 26, 3, 1337, 26, 
1364, 1154, 637, 9, 84, 83, 1234, 1470, 1279, 86, 1072, 68, 45, 
272, 1327, 1237, 1066, 100, 100, 100, 100, 100, 100, 100, 100, 
100, 100, 100, 2500, 2500, 2500, 2500, 2500, 2500, 2500, 2500, 
2500, 2500, 2500, 8184.233, 8096.368, 8148.665, 8491.037, 8652.644, 
8809.027, 8634.74400000001, 9057.266, 9429.57999999999, 9447.31, 
10000.077, 8.50945, 13.35457, 14.6739, 12.50969, 10.11311, 4.85296, 
5.76976, 3.64096, 5.29487, 6.77338, 8.12697, -3.17489, -2.88337, 
-3.53343, -2.61997, -3.29751, -2.82047, -3.66381, -3.3424, -2.41289, 
-3.08708, -0.15276, 0, 0, 0, 0, 0, 0, 0, 0, 0, 0, 0, 0, 0, 0, 
0, 0, 0, 0, 0, 0, 0, 0, 0.95041, 0.95804, 0.94624, 0.96729, 0.98376, 
0.98004, 0.97856, 0.98418, 0.98957, 0.98608, 0.99244, 0.92826, 
0.96111, 0.95556, 0.9592, 0.98653, 0.97729, 0.97856, 0.97326, 
0.98527, 0.98775, 0.99056, 0.0414, 0.0472, 0.0472, 0.0582, 0.0556, 
0.0593, 0.0612, 0.0687, 0.0818, 0.0846, 0.1206, 187.1, 203.8, 
212.3, 237.1, 242.4, 258.9, 260.4, 277.1, 299.2, 304.4, 351.1, 
21, 17, 6, 163, 68, 8, 124, 671, 5, 57, 12, 29, 61, 12, 18, 57, 
14, 20, 3, 110, 22, 29, 100, 100, 100, 100, 100, 100, 100, 100, 
100, 100, 100, 2500, 2500, 2500, 2500, 2500, 2500, 2500, 2500, 
2500, 2500, 2500, 8119.236, 8067.345, 8325.72, 8638.764, 8785.53499999999, 
8868.173, 9017.63, 9335.31999999999, 9547.77500000002, 9566.18399999998, 
9468.73500000002, 1, 1, 1, 1, 1, 1, 1, 1, 1, 1, 1, 0.1, 0.1, 
0.1, 0.1, 0.1, 0.1, 0.1, 0.1, 0.1, 0.1, 0.1, 0, 0, 0, 0, 0, 0, 
0, 0, 0, 0, 0, 0, 0, 0, 0, 0, 0, 0, 0, 0, 0, 0, 0.80506, 0.84092, 
0.82254, 0.86469, 0.8641, 0.8732, 0.88306, 0.88665, 0.89402, 
0.91554, 0.92764, 0.81662, 0.83375, 0.8193, 0.85889, 0.87528, 
0.87345, 0.87086, 0.88191, 0.90517, 0.90738, 0.92771, 0.0413, 
0.0446, 0.0495, 0.0533, 0.0563, 0.0657, 0.0655, 0.0714, 0.082, 
0.0882, 0.0918, 203.8, 223.2, 241.4, 260.4, 277.8, 296.6, 314.8, 
332, 349.5, 367.3, 388.1, 1, 1, 1, 1, 1, 1, 1, 1, 1, 1, 1, 1, 
1, 1, 1, 1, 1, 1, 1, 1, 1, 1, 1, 1, 1, 1, 1, 1, 1, 1, 1, 1, 1, 
1, 1, 1, 1, 1, 1, 1, 1, 1, 1, 1, 3.253, 3.146, 3.247, 3.387, 
3.498, 3.419, 3.58, 3.693, 3.825, 3.726, 3.801), .Dim = c(11L, 
40L), .Dimnames = list(NULL, c("Sampling", "PSO.cost", "PSO.gamma", 
"PSO.data.balancing", "PSO.feature.selection", "PSO.valid.acc", 
"PSO.test.acc", "PSO.train.time", "PSO.n.support.vectors", "PSO.index", 
"PSO.n.solutions", "PSO.generations", "PSO.n.evaluations", "PSO.cpu.time", 
"RS.cost", "RS.gamma", "RS.data.balancing", "RS.feature.selection", 
"RS.valid.acc", "RS.test.acc", "RS.train.time", "RS.n.support.vectors", 
"RS.index", "RS.n.solutions", "RS.generations", "RS.n.evaluations", 
"RS.cpu.time", "DF.cost", "DF.gamma", "DF.data.balancing", "DF.feature.selection", 
"DF.valid.acc", "DF.test.acc", "DF.train.time", "DF.n.support.vectors", 
"DF.index", "DF.n.solutions", "DF.generations", "DF.n.evaluations", 
"DF.cpu.time")))
