full <-
structure(c(50, 55, 60, 65, 70, 75, 80, 85, 90, 95, 100, 5.29934, 
7.75605, 2.10121, 5.43806, 12.32526, 5.85771, 10.82606, 6.34134, 
14.97185, 2.83642, 7.83886, -3.18989, -2.21616, -2.06142, -2.28677, 
-2.60905, -4.48564, -1.78068, -2.36255, -1.93475, -2.03996, -1.81251, 
0, 0, 0, 0, 0, 0, 0, 0, 0, 0, 0, 0, 0, 0, 0, 0, 0, 0, 0, 0, 0, 
0, 0.92982, 0.93462, 0.96184, 0.9473, 0.97344, 0.97723, 0.98355, 
0.99111, 0.9937, 0.99615, 0.99412, 0.93784, 0.93117, 0.94609, 
0.94739, 0.97322, 0.96983, 0.97885, 0.98868, 0.99388, 0.99003, 
0.99034, 0.0397, 0.0473, 0.052, 0.0552, 0.058, 0.0545, 0.0788, 
0.0792, 0.0928, 0.095, 0.1075, 184.8, 206.5, 224.1, 235.1, 245.1, 
238.4, 276.4, 285.7, 302, 315.1, 330.5, 100, 55, 1087, 50, 370, 
45, 28, 46, 95, 1062, 143, 1221, 1130, 244, 1357, 703, 973, 1594, 
1553, 1158, 188, 490, 100, 100, 100, 100, 100, 100, 100, 100, 
100, 100, 100, 2500, 2500, 2500, 2500, 2500, 2500, 2500, 2500, 
2500, 2500, 2500, 6910.35, 7076.105, 7138.96, 7287.221, 7564.456, 
7587.23300000001, 7982.24000000001, 8123.18000000001, 8399.17599999999, 
8452.33900000001, 8754.38, 8.41802, 7.3001, 1.92582, 5.18768, 
10.82152, 5.60563, 14.79565, 5.06927, 5.91672, 2.97218, 12.03967, 
-3.21013, -2.2011, -2.0812, -2.00168, -2.61124, -4.09083, -2.01463, 
-2.54884, -1.93696, -2.73537, -1.81221, 0, 0, 0, 0, 0, 0, 0, 
0, 0, 0, 0, 0, 0, 0, 0, 0, 0, 0, 0, 0, 0, 0, 0.92982, 0.93462, 
0.96184, 0.9473, 0.97344, 0.97723, 0.98355, 0.99111, 0.9937, 
0.99415, 0.99412, 0.93784, 0.93117, 0.94609, 0.94462, 0.97322, 
0.96983, 0.98117, 0.98868, 0.99388, 0.99003, 0.99034, 0.0392, 
0.0456, 0.0513, 0.0573, 0.0612, 0.0565, 0.0776, 0.0748, 0.0903, 
0.0847, 0.1069, 184.7, 206.5, 224.1, 237.9, 245.3, 242.6, 275.9, 
283.1, 301.8, 308.6, 330.5, 306, 18, 1761, 51, 862, 356, 46, 
31, 442, 210, 37, 15, 29, 1, 40, 2, 3, 108, 83, 15, 6, 9, 100, 
100, 100, 100, 100, 100, 100, 100, 100, 100, 100, 2500, 2500, 
2500, 2500, 2500, 2500, 2500, 2500, 2500, 2500, 2500, 6906.78, 
7051.766, 7129.006, 7156.588, 7676.50400000001, 7854.065, 8012.97500000001, 
8168.51300000001, 8313.33799999999, 8544.568, 8593.34400000001, 
1, 1, 1, 1, 1, 1, 1, 1, 1, 1, 1, 0.1, 0.1, 0.1, 0.1, 0.1, 0.1, 
0.1, 0.1, 0.1, 0.1, 0.1, 0, 0, 0, 0, 0, 0, 0, 0, 0, 0, 0, 0, 
0, 0, 0, 0, 0, 0, 0, 0, 0, 0, 0.7871, 0.80682, 0.80893, 0.8371, 
0.85305, 0.83964, 0.88817, 0.89696, 0.90339, 0.92384, 0.91437, 
0.78085, 0.79287, 0.82417, 0.83826, 0.85007, 0.84695, 0.89537, 
0.91244, 0.90027, 0.92365, 0.91846, 0.04, 0.0458, 0.0469, 0.0512, 
0.0599, 0.0652, 0.0719, 0.079, 0.0838, 0.0915, 0.0959, 206.6, 
226.2, 243, 262.3, 279.7, 300.4, 318.6, 336, 353.7, 372.3, 386.6, 
1, 1, 1, 1, 1, 1, 1, 1, 1, 1, 1, 1, 1, 1, 1, 1, 1, 1, 1, 1, 1, 
1, 1, 1, 1, 1, 1, 1, 1, 1, 1, 1, 1, 1, 1, 1, 1, 1, 1, 1, 1, 1, 
1, 1, 2.779, 2.894, 2.811, 2.799, 3.018, 3.106, 3.206, 3.275, 
3.305, 3.4, 3.352), .Dim = c(11L, 40L), .Dimnames = list(NULL, 
    c("Sampling", "PSO.cost", "PSO.gamma", "PSO.data.balancing", 
    "PSO.feature.selection", "PSO.valid.acc", "PSO.test.acc", 
    "PSO.train.time", "PSO.n.support.vectors", "PSO.index", "PSO.n.solutions", 
    "PSO.generations", "PSO.n.evaluations", "PSO.cpu.time", "RS.cost", 
    "RS.gamma", "RS.data.balancing", "RS.feature.selection", 
    "RS.valid.acc", "RS.test.acc", "RS.train.time", "RS.n.support.vectors", 
    "RS.index", "RS.n.solutions", "RS.generations", "RS.n.evaluations", 
    "RS.cpu.time", "DF.cost", "DF.gamma", "DF.data.balancing", 
    "DF.feature.selection", "DF.valid.acc", "DF.test.acc", "DF.train.time", 
    "DF.n.support.vectors", "DF.index", "DF.n.solutions", "DF.generations", 
    "DF.n.evaluations", "DF.cpu.time")))
