full <-
structure(c(50, 55, 60, 65, 70, 75, 80, 85, 90, 95, 100, 13.34886, 
12.45366, 3.34299, 8.86256, 8.88769, 8.30836, 5.24652, 5.7712, 
6.77779, 2.651, 9.5392, -3.4895, -3.05988, -3.40848, -3.46533, 
-3.59468, -2.05294, -2.90187, -4.31568, -2.67963, -2.27493, -2.24741, 
0, 0, 0, 0, 0, 0, 0, 0, 0, 0, 0, 0, 0, 0, 0, 0, 0, 0, 0, 0, 0, 
0, 0.935, 0.94058, 0.9623, 0.96188, 0.96997, 0.98743, 0.99059, 
0.98433, 0.98917, 0.998, 0.99241, 0.9427, 0.92382, 0.95282, 0.96198, 
0.96456, 0.97738, 0.98559, 0.98666, 0.98722, 0.98792, 0.98664, 
0.0402, 0.0472, 0.0449, 0.0522, 0.0535, 0.0723, 0.0638, 0.0644, 
0.0773, 0.0884, 0.0936, 187.2, 203.5, 216.8, 226.3, 234.6, 264.9, 
273, 259.9, 298.7, 312.9, 325.1, 2, 58, 1123, 251, 27, 37, 173, 
76, 15, 545, 3, 1360, 1203, 256, 848, 1323, 1245, 826, 79, 1332, 
576, 1490, 100, 100, 100, 100, 100, 100, 100, 100, 100, 100, 
100, 2500, 2500, 2500, 2500, 2500, 2500, 2500, 2500, 2500, 2500, 
2500, 8161.201, 8114.012, 8192.143, 8351.648, 8584.845, 8920.61300000001, 
8738.19900000001, 9329.14300000001, 9411.56, 9761.54999999999, 
9521.65700000001, 11.42723, 14.6235, 3.57406, 6.87011, 13.98329, 
8.46838, 3.62038, 2.74246, 14.95191, 2.9893, 8.76746, -3.81764, 
-2.98199, -3.37406, -3.4464, -3.85082, -2.05356, -3.36887, -2.06425, 
-2.60153, -2.73739, -2.42965, 0, 0, 0, 0, 0, 0, 0, 0, 0, 0, 0, 
0, 0, 0, 0, 0, 0, 0, 0, 0, 0, 0, 0.935, 0.94058, 0.9623, 0.96188, 
0.96997, 0.98743, 0.99059, 0.98413, 0.98917, 0.99596, 0.99241, 
0.93159, 0.92382, 0.95282, 0.96179, 0.96456, 0.97738, 0.98815, 
0.98873, 0.98722, 0.99, 0.98849, 0.039, 0.0448, 0.0465, 0.0511, 
0.0549, 0.0671, 0.0631, 0.0774, 0.0755, 0.0838, 0.0938, 186.7, 
203.5, 217.1, 226.3, 232, 265.1, 265.8, 290.6, 299.6, 306.5, 
323.9, 13, 7, 533, 1971, 36, 236, 227, 805, 50, 272, 11, 52, 
28, 2, 3, 40, 32, 5, 8, 27, 5, 113, 100, 100, 100, 100, 100, 
100, 100, 100, 100, 100, 100, 2500, 2500, 2500, 2500, 2500, 2500, 
2500, 2500, 2500, 2500, 2500, 8144.232, 8054.722, 8350.129, 8634.28599999999, 
8773.96000000001, 8881.91899999999, 9056.679, 9350.571, 9566.54399999999, 
9543.44, 9555.27100000001, 1, 1, 1, 1, 1, 1, 1, 1, 1, 1, 1, 0.1, 
0.1, 0.1, 0.1, 0.1, 0.1, 0.1, 0.1, 0.1, 0.1, 0.1, 0, 0, 0, 0, 
0, 0, 0, 0, 0, 0, 0, 0, 0, 0, 0, 0, 0, 0, 0, 0, 0, 0, 0.81059, 
0.80326, 0.83202, 0.82786, 0.88574, 0.87558, 0.88845, 0.91485, 
0.89813, 0.91985, 0.93387, 0.8069, 0.807, 0.81629, 0.83668, 0.86126, 
0.87573, 0.90488, 0.91035, 0.8964, 0.91588, 0.92809, 0.0411, 
0.0421, 0.0496, 0.0537, 0.0593, 0.0591, 0.071, 0.0727, 0.0829, 
0.0876, 0.0934, 205, 225, 244.3, 263.3, 279, 296.8, 318.7, 333.5, 
348.9, 368.5, 389.6, 1, 1, 1, 1, 1, 1, 1, 1, 1, 1, 1, 1, 1, 1, 
1, 1, 1, 1, 1, 1, 1, 1, 1, 1, 1, 1, 1, 1, 1, 1, 1, 1, 1, 1, 1, 
1, 1, 1, 1, 1, 1, 1, 1, 1, 3.244, 3.216, 3.263, 3.442, 3.538, 
3.48, 3.706, 3.707, 3.803, 3.762, 3.74), .Dim = c(11L, 40L), .Dimnames = list(
    NULL, c("Sampling", "PSO.cost", "PSO.gamma", "PSO.data.balancing", 
    "PSO.feature.selection", "PSO.valid.acc", "PSO.test.acc", 
    "PSO.train.time", "PSO.n.support.vectors", "PSO.index", "PSO.n.solutions", 
    "PSO.generations", "PSO.n.evaluations", "PSO.cpu.time", "RS.cost", 
    "RS.gamma", "RS.data.balancing", "RS.feature.selection", 
    "RS.valid.acc", "RS.test.acc", "RS.train.time", "RS.n.support.vectors", 
    "RS.index", "RS.n.solutions", "RS.generations", "RS.n.evaluations", 
    "RS.cpu.time", "DF.cost", "DF.gamma", "DF.data.balancing", 
    "DF.feature.selection", "DF.valid.acc", "DF.test.acc", "DF.train.time", 
    "DF.n.support.vectors", "DF.index", "DF.n.solutions", "DF.generations", 
    "DF.n.evaluations", "DF.cpu.time")))
