full <-
structure(c(50, 55, 60, 65, 70, 75, 80, 85, 90, 95, 100, 12.30926, 
12.08322, 9.74117, 2.97326, 6.82164, 12.22191, 3.11555, 3.4128, 
9.42321, 3.5135, 2.23108, -1.54803, -4.1796, -2.23271, -2.55612, 
-2.05642, -2.14339, -2.80017, -3.17478, -3.53794, -2.41605, -2.01443, 
0, 0, 0, 0, 0, 0, 0, 0, 0, 0, 0, 0, 0, 0, 0, 0, 0, 0, 0, 0, 0, 
0, 0.91682, 0.94512, 0.96176, 0.95816, 0.97259, 0.97463, 0.98554, 
0.98144, 0.98545, 0.98586, 0.99619, 0.89809, 0.94116, 0.96165, 
0.96214, 0.96733, 0.97186, 0.98559, 0.97937, 0.981, 0.98991, 
0.99619, 0.0435, 0.0413, 0.0538, 0.0573, 0.0598, 0.0671, 0.0678, 
0.0663, 0.0717, 0.0863, 0.0975, 187.6, 187.6, 216.9, 233.3, 249.4, 
262.9, 275.7, 280.4, 284.3, 314.8, 327.9, 202, 12, 81, 50, 48, 
33, 184, 184, 22, 68, 159, 336, 1314, 819, 1347, 1307, 1476, 
987, 125, 1570, 1354, 572, 100, 100, 100, 100, 100, 100, 100, 
100, 100, 100, 100, 2500, 2500, 2500, 2500, 2500, 2500, 2500, 
2500, 2500, 2500, 2500, 8204.828, 7905.782, 8316.736, 8485.21200000001, 
8766.133, 8907.742, 8778.31600000001, 9119.772, 9212.45499999999, 
9565.86199999999, 9636.799, 6.34344, 12.73301, 3.73149, 4.28844, 
11.55734, 5.32687, 4.11269, 4.02397, 11.80391, 13.73614, 3.16418, 
-3.9439, -4.18074, -2.21316, -2.88338, -1.99456, -2.12662, -2.69026, 
-3.54552, -3.37556, -2.45775, -2.2506, 0, 0, 0, 0, 0, 0, 0, 0, 
0, 0, 0, 0, 0, 0, 0, 0, 0, 0, 0, 0, 0, 0, 0.91684, 0.94512, 0.96176, 
0.95816, 0.97259, 0.97463, 0.98554, 0.98144, 0.98545, 0.98586, 
0.99434, 0.91654, 0.94116, 0.96477, 0.95929, 0.96733, 0.97186, 
0.98559, 0.97058, 0.981, 0.98991, 0.99619, 0.0368, 0.0408, 0.0547, 
0.0519, 0.0632, 0.0671, 0.0688, 0.0632, 0.0737, 0.0882, 0.095, 
177.7, 187.4, 216.7, 229.9, 250, 262.9, 277.1, 274.3, 287.6, 
314.3, 325.2, 391, 168, 320, 84, 62, 28, 409, 1040, 8, 69, 2, 
4, 20, 3, 61, 44, 30, 3, 1, 65, 15, 81, 100, 100, 100, 100, 100, 
100, 100, 100, 100, 100, 100, 2500, 2500, 2500, 2500, 2500, 2500, 
2500, 2500, 2500, 2500, 2500, 8078.425, 8057.233, 8309.334, 8605.23300000001, 
8750.617, 8791.11899999999, 9060.542, 9250.02, 9553.81, 9496.29300000001, 
9497.78999999998, 1, 1, 1, 1, 1, 1, 1, 1, 1, 1, 1, 0.1, 0.1, 
0.1, 0.1, 0.1, 0.1, 0.1, 0.1, 0.1, 0.1, 0.1, 0, 0, 0, 0, 0, 0, 
0, 0, 0, 0, 0, 0, 0, 0, 0, 0, 0, 0, 0, 0, 0, 0, 0.78119, 0.81634, 
0.83136, 0.87115, 0.85044, 0.89119, 0.89235, 0.91195, 0.92281, 
0.91184, 0.91483, 0.78859, 0.81263, 0.83551, 0.86004, 0.84449, 
0.89332, 0.90924, 0.90136, 0.91433, 0.90889, 0.92402, 0.0409, 
0.0449, 0.0475, 0.0547, 0.0603, 0.0642, 0.07, 0.0762, 0.0782, 
0.0834, 0.0967, 204.8, 223.3, 241.9, 261, 278.4, 297.3, 316.1, 
334.2, 351.7, 369.7, 389.9, 1, 1, 1, 1, 1, 1, 1, 1, 1, 1, 1, 
1, 1, 1, 1, 1, 1, 1, 1, 1, 1, 1, 1, 1, 1, 1, 1, 1, 1, 1, 1, 1, 
1, 1, 1, 1, 1, 1, 1, 1, 1, 1, 1, 1, 3.208, 3.28, 3.129, 3.462, 
3.416, 3.437, 3.58, 3.683, 3.776, 3.705, 3.735), .Dim = c(11L, 
40L), .Dimnames = list(NULL, c("Sampling", "PSO.cost", "PSO.gamma", 
"PSO.data.balancing", "PSO.feature.selection", "PSO.valid.acc", 
"PSO.test.acc", "PSO.train.time", "PSO.n.support.vectors", "PSO.index", 
"PSO.n.solutions", "PSO.generations", "PSO.n.evaluations", "PSO.cpu.time", 
"RS.cost", "RS.gamma", "RS.data.balancing", "RS.feature.selection", 
"RS.valid.acc", "RS.test.acc", "RS.train.time", "RS.n.support.vectors", 
"RS.index", "RS.n.solutions", "RS.generations", "RS.n.evaluations", 
"RS.cpu.time", "DF.cost", "DF.gamma", "DF.data.balancing", "DF.feature.selection", 
"DF.valid.acc", "DF.test.acc", "DF.train.time", "DF.n.support.vectors", 
"DF.index", "DF.n.solutions", "DF.generations", "DF.n.evaluations", 
"DF.cpu.time")))
