full <-
structure(c(50, 55, 60, 65, 70, 75, 80, 85, 90, 95, 100, 11.50543, 
9.45512, 2.13244, 2.98475, 7.84172, 4.13988, 4.43079, 5.70134, 
11.16549, 1.02719, 1.84577, -4.78374, -2.70051, -2.58098, -2.97048, 
-6.13567, -1.92117, -3.33793, -2.31381, -2.1343, -2.04518, -1.96015, 
0, 0, 0, 0, 0, 0, 0, 0, 0, 0, 0, 0, 0, 0, 0, 0, 0, 0, 0, 0, 0, 
0, 0.93893, 0.95199, 0.96224, 0.95586, 0.97004, 0.97204, 0.97328, 
0.97772, 0.99149, 0.99404, 0.99063, 0.93192, 0.94849, 0.94629, 
0.95588, 0.96471, 0.96948, 0.97101, 0.98013, 0.98718, 0.98811, 
0.99249, 0.0366, 0.0449, 0.0473, 0.0513, 0.0467, 0.0717, 0.0634, 
0.0792, 0.0857, 0.0889, 0.105, 176.4, 203.6, 218.9, 230.3, 203.6, 
269.9, 265.4, 288.9, 297.9, 323.1, 329.6, 15, 58, 133, 656, 2087, 
35, 272, 318, 31, 1745, 31, 1361, 1350, 515, 144, 11, 1152, 390, 
676, 1486, 9, 1289, 100, 100, 100, 100, 100, 100, 100, 100, 100, 
100, 100, 2500, 2500, 2500, 2500, 2500, 2500, 2500, 2500, 2500, 
2500, 2500, 6684.439, 6775.366, 6755.687, 7031.068, 7049.365, 
7743.262, 7629.227, 7895.8, 8097.38, 7802.071, 8123.94, 10.60242, 
8.84233, 2.42697, 2.67106, 7.57611, 14.05757, 4.78888, 14.5166, 
12.24436, 1.67587, 1.93704, -4.77991, -2.71058, -3.01009, -2.81434, 
-5.97206, -2.06783, -3.42257, -2.31468, -2.36702, -2.34443, -2.16123, 
0, 0, 0, 0, 0, 0, 0, 0, 0, 0, 0, 0, 0, 0, 0, 0, 0, 0, 0, 0, 0, 
0, 0.93893, 0.95199, 0.95912, 0.95586, 0.97004, 0.97204, 0.97328, 
0.97772, 0.99149, 0.99204, 0.99063, 0.93192, 0.94849, 0.94295, 
0.95285, 0.96471, 0.96948, 0.97101, 0.98013, 0.98718, 0.98811, 
0.99249, 0.0365, 0.0449, 0.045, 0.0531, 0.049, 0.0707, 0.0626, 
0.0789, 0.0818, 0.0832, 0.0917, 176.5, 203.4, 217.2, 231.9, 205.8, 
268.3, 264.4, 289, 296.9, 316.4, 327.4, 17, 125, 796, 1362, 1318, 
4, 1627, 294, 137, 8, 1, 24, 20, 3, 1, 1, 14, 2, 3, 72, 113, 
58, 100, 100, 100, 100, 100, 100, 100, 100, 100, 100, 100, 2500, 
2500, 2500, 2500, 2500, 2500, 2500, 2500, 2500, 2500, 2500, 6778.192, 
6663.019, 6751.306, 7207.54500000001, 7456.609, 7607.677, 7811.93700000001, 
7945.614, 7967.355, 8019.28100000002, 8215.79800000001, 1, 1, 
1, 1, 1, 1, 1, 1, 1, 1, 1, 0.1, 0.1, 0.1, 0.1, 0.1, 0.1, 0.1, 
0.1, 0.1, 0.1, 0.1, 0, 0, 0, 0, 0, 0, 0, 0, 0, 0, 0, 0, 0, 0, 
0, 0, 0, 0, 0, 0, 0, 0, 0.78344, 0.8372, 0.85133, 0.85563, 0.8751, 
0.89564, 0.88542, 0.9126, 0.92565, 0.92615, 0.92217, 0.80324, 
0.84816, 0.83855, 0.83193, 0.87189, 0.91335, 0.90443, 0.90366, 
0.90437, 0.92583, 0.92969, 0.0403, 0.0409, 0.0491, 0.0536, 0.059, 
0.0656, 0.0705, 0.0769, 0.0851, 0.0841, 0.099, 206.4, 225.2, 
243.6, 262.3, 282.6, 301.4, 316.5, 335.4, 351.6, 369.6, 388.5, 
1, 1, 1, 1, 1, 1, 1, 1, 1, 1, 1, 1, 1, 1, 1, 1, 1, 1, 1, 1, 1, 
1, 1, 1, 1, 1, 1, 1, 1, 1, 1, 1, 1, 1, 1, 1, 1, 1, 1, 1, 1, 1, 
1, 1, 2.771, 2.552, 2.887, 2.833, 2.995, 3.051, 3.097, 3.119, 
3.244, 3.1, 3.425), .Dim = c(11L, 40L), .Dimnames = list(NULL, 
    c("Sampling", "PSO.cost", "PSO.gamma", "PSO.data.balancing", 
    "PSO.feature.selection", "PSO.valid.acc", "PSO.test.acc", 
    "PSO.train.time", "PSO.n.support.vectors", "PSO.index", "PSO.n.solutions", 
    "PSO.generations", "PSO.n.evaluations", "PSO.cpu.time", "RS.cost", 
    "RS.gamma", "RS.data.balancing", "RS.feature.selection", 
    "RS.valid.acc", "RS.test.acc", "RS.train.time", "RS.n.support.vectors", 
    "RS.index", "RS.n.solutions", "RS.generations", "RS.n.evaluations", 
    "RS.cpu.time", "DF.cost", "DF.gamma", "DF.data.balancing", 
    "DF.feature.selection", "DF.valid.acc", "DF.test.acc", "DF.train.time", 
    "DF.n.support.vectors", "DF.index", "DF.n.solutions", "DF.generations", 
    "DF.n.evaluations", "DF.cpu.time")))
