full <-
structure(c(50, 55, 60, 65, 70, 75, 80, 85, 90, 95, 100, 1.82268, 
15, 11.58442, 4.67059, 3.62152, 2.8446, 4.35947, 9.70897, 3.97338, 
3.5553, 2.53413, -2.38758, -2.29947, -4.32302, -3.36643, -2.72373, 
-2.09798, -2.94196, -3.77673, -2.5639, -3.21009, -2.50978, 0, 
0, 0, 0, 0, 0, 0, 0, 0, 0, 0, 0, 0, 0, 0, 0, 0, 0, 0, 0, 0, 0, 
0.9476, 0.95117, 0.94606, 0.96815, 0.97052, 0.96715, 0.97395, 
0.97989, 0.97479, 0.98374, 0.99433, 0.93409, 0.95436, 0.94615, 
0.96486, 0.96744, 0.96459, 0.9669, 0.97543, 0.97049, 0.98783, 
0.99048, 0.0427, 0.0465, 0.044, 0.0501, 0.059, 0.0687, 0.0675, 
0.0636, 0.0793, 0.0803, 0.0932, 186.5, 202.6, 201.8, 227.6, 246, 
260.8, 270.2, 273.3, 299.1, 305.4, 324.1, 511, 52, 46, 74, 1077, 
675, 299, 550, 476, 1348, 95, 95, 922, 721, 1149, 377, 283, 963, 
372, 740, 25, 391, 100, 100, 100, 100, 100, 100, 100, 100, 100, 
100, 100, 2500, 2500, 2500, 2500, 2500, 2500, 2500, 2500, 2500, 
2500, 2500, 7206.413, 7346.555, 7262.581, 7494.906, 7663.867, 
7764.075, 7952.75, 7665.898, 8192.99800000001, 8188.59599999999, 
8423.11900000001, 1.94139, 5.43694, 9.16594, 13.59461, 4.16721, 
3.30278, 3.20978, 9.19378, 2.59184, 3.46553, 2.06734, -2.46595, 
-2.30779, -4.33021, -3.44336, -2.71843, -2.77686, -2.66352, -3.7881, 
-2.39333, -3.14583, -2.17298, 0, 0, 0, 0, 0, 0, 0, 0, 0, 0, 0, 
0, 0, 0, 0, 0, 0, 0, 0, 0, 0, 0, 0.9476, 0.95117, 0.94606, 0.96815, 
0.96774, 0.96715, 0.97395, 0.97767, 0.97279, 0.98374, 0.99433, 
0.93409, 0.95436, 0.94948, 0.96486, 0.96744, 0.96965, 0.96947, 
0.97543, 0.97049, 0.98783, 0.99048, 0.0417, 0.0476, 0.0435, 0.0487, 
0.056, 0.0613, 0.0725, 0.0655, 0.0807, 0.0808, 0.0949, 185.6, 
202.7, 201.6, 227, 245.9, 254.7, 272.1, 273.2, 300.8, 305.8, 
326.4, 755, 1376, 1108, 114, 2474, 178, 1133, 670, 488, 51, 662, 
4, 3, 1, 14, 1, 6, 7, 2, 2, 3, 4, 100, 100, 100, 100, 100, 100, 
100, 100, 100, 100, 100, 2500, 2500, 2500, 2500, 2500, 2500, 
2500, 2500, 2500, 2500, 2500, 7194.886, 7323.123, 7398.27, 7580.717, 
7635.19100000001, 7791.077, 7883.549, 8107.54399999999, 8281.04999999999, 
8492.89300000001, 10580.944, 1, 1, 1, 1, 1, 1, 1, 1, 1, 1, 1, 
0.1, 0.1, 0.1, 0.1, 0.1, 0.1, 0.1, 0.1, 0.1, 0.1, 0.1, 0, 0, 
0, 0, 0, 0, 0, 0, 0, 0, 0, 0, 0, 0, 0, 0, 0, 0, 0, 0, 0, 0, 0.7971, 
0.8372, 0.82906, 0.85933, 0.85418, 0.86077, 0.8814, 0.90585, 
0.89414, 0.9229, 0.91832, 0.79202, 0.82219, 0.83472, 0.86193, 
0.86431, 0.8623, 0.87142, 0.89719, 0.89387, 0.9152, 0.92234, 
0.0391, 0.0438, 0.0488, 0.0545, 0.0587, 0.0653, 0.0667, 0.0778, 
0.0811, 0.0897, 0.0989, 202.3, 221.5, 241, 258.8, 277.4, 293.1, 
313.9, 333.3, 350.7, 367.9, 388.1, 1, 1, 1, 1, 1, 1, 1, 1, 1, 
1, 1, 1, 1, 1, 1, 1, 1, 1, 1, 1, 1, 1, 1, 1, 1, 1, 1, 1, 1, 1, 
1, 1, 1, 1, 1, 1, 1, 1, 1, 1, 1, 1, 1, 1, 2.847, 2.911, 2.97, 
3.029, 3.094, 3.193, 2.998, 3.261, 3.277, 3.341, 4.214), .Dim = c(11L, 
40L), .Dimnames = list(NULL, c("Sampling", "PSO.cost", "PSO.gamma", 
"PSO.data.balancing", "PSO.feature.selection", "PSO.valid.acc", 
"PSO.test.acc", "PSO.train.time", "PSO.n.support.vectors", "PSO.index", 
"PSO.n.solutions", "PSO.generations", "PSO.n.evaluations", "PSO.cpu.time", 
"RS.cost", "RS.gamma", "RS.data.balancing", "RS.feature.selection", 
"RS.valid.acc", "RS.test.acc", "RS.train.time", "RS.n.support.vectors", 
"RS.index", "RS.n.solutions", "RS.generations", "RS.n.evaluations", 
"RS.cpu.time", "DF.cost", "DF.gamma", "DF.data.balancing", "DF.feature.selection", 
"DF.valid.acc", "DF.test.acc", "DF.train.time", "DF.n.support.vectors", 
"DF.index", "DF.n.solutions", "DF.generations", "DF.n.evaluations", 
"DF.cpu.time")))
