full <-
structure(c(50, 55, 60, 65, 70, 75, 80, 85, 90, 95, 100, 6.08179, 
9.12152, 13.82876, 3.22626, 7.72254, 3.05765, 9.53247, 4.15496, 
2.74592, 11.08583, 8.23331, -4.86696, -2.34275, -2.70475, -2.2339, 
-2.07842, -2.42628, -2.97538, -4.42222, -2.49944, -2.46934, -2.33358, 
0, 0, 0, 0, 0, 0, 0, 0, 0, 0, 0, 0, 0, 0, 0, 0, 0, 0, 0, 0, 0, 
0, 0.91875, 0.94884, 0.94976, 0.97084, 0.96454, 0.97229, 0.98582, 
0.98661, 0.98713, 0.98767, 0.985, 0.90594, 0.92402, 0.9396, 0.96173, 
0.96971, 0.97717, 0.97655, 0.98181, 0.98713, 0.98975, 0.98689, 
0.0363, 0.0453, 0.051, 0.0573, 0.0636, 0.0642, 0.0685, 0.0669, 
0.0788, 0.0921, 0.0974, 173.6, 203.2, 220.4, 237.7, 251.3, 263.7, 
273.7, 266.1, 298.9, 309.2, 323.8, 551, 106, 17, 37, 34, 447, 
70, 796, 241, 51, 14, 230, 1480, 1302, 1528, 369, 565, 1326, 
46, 536, 1604, 1556, 100, 100, 100, 100, 100, 100, 100, 100, 
100, 100, 100, 2500, 2500, 2500, 2500, 2500, 2500, 2500, 2500, 
2500, 2500, 2500, 6999.464, 6995.478, 7337.35, 7396.539, 7561.283, 
7797.67200000001, 7768.54999999999, 7989.379, 8106.96400000001, 
8248.617, 8520.302, 5.67252, 9.90159, 7.47708, 14.87647, 3.78035, 
3.37685, 8.09259, 4.06495, 2.05451, 14.49337, 6.4943, -4.55519, 
-2.35021, -2.74944, -2.02558, -2.3781, -2.39055, -2.92182, -4.41254, 
-1.99704, -2.22343, -2.51044, 0, 0, 0, 0, 0, 0, 0, 0, 0, 0, 0, 
0, 0, 0, 0, 0, 0, 0, 0, 0, 0, 0, 0.91875, 0.94884, 0.94976, 0.97084, 
0.96454, 0.97229, 0.98582, 0.98661, 0.98713, 0.98767, 0.985, 
0.89777, 0.92402, 0.9396, 0.96476, 0.96685, 0.97467, 0.97893, 
0.98181, 0.98713, 0.98975, 0.98881, 0.0378, 0.0462, 0.0488, 0.0582, 
0.0633, 0.0714, 0.0668, 0.0614, 0.0908, 0.0879, 0.0913, 177.6, 
203.3, 219.4, 238.2, 247, 264.2, 274, 267.5, 304.5, 312.8, 323.3, 
1137, 40, 108, 71, 779, 2183, 57, 732, 337, 187, 70, 1, 28, 27, 
32, 4, 1, 44, 1, 8, 40, 24, 100, 100, 100, 100, 100, 100, 100, 
100, 100, 100, 100, 2500, 2500, 2500, 2500, 2500, 2500, 2500, 
2500, 2500, 2500, 2500, 6959.493, 7001.381, 7198.183, 7418.202, 
7702.01699999999, 7902.974, 7910.74500000001, 7882.80399999999, 
8195.299, 8459.74600000001, 8531.67999999999, 1, 1, 1, 1, 1, 
1, 1, 1, 1, 1, 1, 0.1, 0.1, 0.1, 0.1, 0.1, 0.1, 0.1, 0.1, 0.1, 
0.1, 0.1, 0, 0, 0, 0, 0, 0, 0, 0, 0, 0, 0, 0, 0, 0, 0, 0, 0, 
0, 0, 0, 0, 0, 0.72948, 0.782, 0.78461, 0.86286, 0.84245, 0.87329, 
0.90301, 0.90357, 0.91747, 0.92363, 0.92057, 0.75641, 0.76787, 
0.78129, 0.85869, 0.85231, 0.87853, 0.88215, 0.90415, 0.9174, 
0.91783, 0.93413, 0.038, 0.0434, 0.0488, 0.0538, 0.0565, 0.0635, 
0.0686, 0.077, 0.0833, 0.0882, 0.0997, 204.8, 222.8, 244.2, 264.1, 
280.4, 299.4, 317.3, 336.2, 350.6, 368.5, 388.3, 1, 1, 1, 1, 
1, 1, 1, 1, 1, 1, 1, 1, 1, 1, 1, 1, 1, 1, 1, 1, 1, 1, 1, 1, 1, 
1, 1, 1, 1, 1, 1, 1, 1, 1, 1, 1, 1, 1, 1, 1, 1, 1, 1, 1, 2.59, 
2.858, 2.867, 2.915, 2.946, 3.073, 3.003, 3.191, 3.326, 3.264, 
3.519), .Dim = c(11L, 40L), .Dimnames = list(NULL, c("Sampling", 
"PSO.cost", "PSO.gamma", "PSO.data.balancing", "PSO.feature.selection", 
"PSO.valid.acc", "PSO.test.acc", "PSO.train.time", "PSO.n.support.vectors", 
"PSO.index", "PSO.n.solutions", "PSO.generations", "PSO.n.evaluations", 
"PSO.cpu.time", "RS.cost", "RS.gamma", "RS.data.balancing", "RS.feature.selection", 
"RS.valid.acc", "RS.test.acc", "RS.train.time", "RS.n.support.vectors", 
"RS.index", "RS.n.solutions", "RS.generations", "RS.n.evaluations", 
"RS.cpu.time", "DF.cost", "DF.gamma", "DF.data.balancing", "DF.feature.selection", 
"DF.valid.acc", "DF.test.acc", "DF.train.time", "DF.n.support.vectors", 
"DF.index", "DF.n.solutions", "DF.generations", "DF.n.evaluations", 
"DF.cpu.time")))
