full <-
structure(c(50, 55, 60, 65, 70, 75, 80, 85, 90, 95, 100, 12.26973, 
4.40482, 4.87132, 8.78173, 12.1504, 4.14222, 8.48187, 5.68427, 
9.42482, 3.50094, 3.28592, -1.36829, -2.33218, -1.50786, -3.63366, 
-2.02177, -3.39184, -1.96638, -3.51283, -2.41761, -2.4922, -2.37322, 
0, 0, 0, 0, 0, 0, 0, 0, 0, 0, 0, 0, 0, 0, 0, 0, 0, 0, 0, 0, 0, 
0, 0.928, 0.94841, 0.94382, 0.96823, 0.97825, 0.98505, 0.98128, 
0.98666, 0.99352, 0.98378, 0.99245, 0.9169, 0.9312, 0.94906, 
0.96494, 0.9781, 0.98216, 0.97159, 0.98196, 0.98505, 0.98387, 
0.98679, 0.0438, 0.0464, 0.0534, 0.0494, 0.0636, 0.0593, 0.0773, 
0.0687, 0.083, 0.0904, 0.0956, 190.7, 207.1, 223.2, 225, 249.6, 
255, 277.3, 280.5, 304.6, 314, 326.4, 132, 56, 189, 42, 53, 2340, 
75, 109, 20, 7, 29, 702, 1310, 1018, 406, 1276, 1, 1115, 143, 
1258, 1414, 1452, 100, 100, 100, 100, 100, 100, 100, 100, 100, 
100, 100, 2500, 2500, 2500, 2500, 2500, 2500, 2500, 2500, 2500, 
2500, 2500, 7148.106, 7232.532, 7464.648, 7471.505, 7697.68399999999, 
7615.23699999999, 8152.137, 8110.584, 8442.58100000001, 8409.454, 
8745.674, 5.96774, 10.74307, 7.55243, 13.60567, 14.55806, 4.07107, 
6.78411, 3.88567, 13.80047, 7.87027, 2.85973, -1.37278, -2.59479, 
-1.47238, -3.66353, -1.91174, -3.13834, -2.00512, -2.60149, -1.90624, 
-2.18875, -2.11123, 0, 0, 0, 0, 0, 0, 0, 0, 0, 0, 0, 0, 0, 0, 
0, 0, 0, 0, 0, 0, 0, 0, 0.928, 0.94841, 0.94382, 0.96823, 0.97825, 
0.98255, 0.98128, 0.98661, 0.99352, 0.98378, 0.99245, 0.9169, 
0.9312, 0.94594, 0.96494, 0.9781, 0.98229, 0.97159, 0.99111, 
0.98505, 0.98174, 0.98679, 0.0432, 0.0469, 0.0542, 0.0488, 0.0644, 
0.0608, 0.0766, 0.0756, 0.0895, 0.0942, 0.1012, 190.9, 207.1, 
223.3, 224.4, 248.8, 257.1, 277.7, 290.1, 306.5, 314.9, 326.7, 
466, 106, 300, 343, 246, 1564, 63, 1, 4, 7, 64, 5, 31, 11, 6, 
14, 1, 25, 80, 90, 80, 65, 100, 100, 100, 100, 100, 100, 100, 
100, 100, 100, 100, 2500, 2500, 2500, 2500, 2500, 2500, 2500, 
2500, 2500, 2500, 2500, 7082.288, 7187.824, 7392.894, 7478.111, 
7615.462, 7862.158, 8069.743, 8223.531, 8388.83400000002, 8548.16999999998, 
8734.448, 1, 1, 1, 1, 1, 1, 1, 1, 1, 1, 1, 0.1, 0.1, 0.1, 0.1, 
0.1, 0.1, 0.1, 0.1, 0.1, 0.1, 0.1, 0, 0, 0, 0, 0, 0, 0, 0, 0, 
0, 0, 0, 0, 0, 0, 0, 0, 0, 0, 0, 0, 0, 0.7645, 0.80597, 0.8072, 
0.83609, 0.87165, 0.88113, 0.90305, 0.90822, 0.88822, 0.91148, 
0.91122, 0.77323, 0.82013, 0.82239, 0.85887, 0.86697, 0.88633, 
0.89313, 0.91024, 0.89443, 0.90976, 0.92635, 0.04, 0.0423, 0.0483, 
0.0529, 0.0582, 0.0646, 0.0706, 0.0776, 0.0844, 0.0914, 0.0992, 
204.1, 222, 242.3, 259.6, 278.9, 298.3, 315, 334.5, 355.2, 371, 
388.8, 1, 1, 1, 1, 1, 1, 1, 1, 1, 1, 1, 1, 1, 1, 1, 1, 1, 1, 
1, 1, 1, 1, 1, 1, 1, 1, 1, 1, 1, 1, 1, 1, 1, 1, 1, 1, 1, 1, 1, 
1, 1, 1, 1, 1, 2.835, 2.852, 2.952, 2.993, 2.979, 3.139, 3.212, 
3.256, 3.278, 3.42, 3.463), .Dim = c(11L, 40L), .Dimnames = list(
    NULL, c("Sampling", "PSO.cost", "PSO.gamma", "PSO.data.balancing", 
    "PSO.feature.selection", "PSO.valid.acc", "PSO.test.acc", 
    "PSO.train.time", "PSO.n.support.vectors", "PSO.index", "PSO.n.solutions", 
    "PSO.generations", "PSO.n.evaluations", "PSO.cpu.time", "RS.cost", 
    "RS.gamma", "RS.data.balancing", "RS.feature.selection", 
    "RS.valid.acc", "RS.test.acc", "RS.train.time", "RS.n.support.vectors", 
    "RS.index", "RS.n.solutions", "RS.generations", "RS.n.evaluations", 
    "RS.cpu.time", "DF.cost", "DF.gamma", "DF.data.balancing", 
    "DF.feature.selection", "DF.valid.acc", "DF.test.acc", "DF.train.time", 
    "DF.n.support.vectors", "DF.index", "DF.n.solutions", "DF.generations", 
    "DF.n.evaluations", "DF.cpu.time")))
