full <-
structure(c(50, 55, 60, 65, 70, 75, 80, 85, 90, 95, 100, 6.67875, 
13.22274, 11.02295, 6.19934, 4.90572, 10.74105, 2.63669, 2.17704, 
7.6365, 3.96182, 11.38329, -1.82819, -3.05112, -3.64462, -3.60473, 
-1.70153, -1.51402, -2.21342, -2.10552, -2.17512, -1.6074, -2.86884, 
0, 0, 0, 0, 0, 0, 0, 0, 0, 0, 0, 0, 0, 0, 0, 0, 0, 0, 0, 0, 0, 
0, 0.97002, 0.9446, 0.95207, 0.96554, 0.95885, 0.96444, 0.98571, 
0.98893, 0.98694, 0.98403, 0.99437, 0.9619, 0.9378, 0.93047, 
0.96554, 0.95627, 0.9622, 0.98106, 0.99101, 0.98499, 0.98599, 
0.98868, 0.0452, 0.0434, 0.0473, 0.05, 0.0652, 0.0746, 0.0766, 
0.0832, 0.0886, 0.1022, 0.0883, 190.6, 204.4, 213.9, 223.3, 254.8, 
267.3, 279.8, 292.6, 303.6, 317.8, 320.2, 69, 1714, 37, 87, 45, 
94, 345, 438, 83, 32, 29, 1295, 3, 1145, 938, 1401, 1281, 167, 
430, 1388, 996, 1470, 100, 100, 100, 100, 100, 100, 100, 100, 
100, 100, 100, 2500, 2500, 2500, 2500, 2500, 2500, 2500, 2500, 
2500, 2500, 2500, 7384.058, 7152.125, 7319.656, 7668.334, 7926.774, 
7637.84400000001, 7686.064, 7927.93299999999, 7952.84000000001, 
8277.96100000001, 8028.18799999999, 12.84399, 14.87108, 12.15605, 
12.06879, 14.69159, 3.1928, 2.16607, 2.78685, 13.12577, 9.73658, 
4.43056, -1.9895, -3.65505, -3.70088, -3.4728, -1.67352, -3.07952, 
-1.97734, -2.39729, -2.201, -1.54361, -2.48102, 0, 0, 0, 0, 0, 
0, 0, 0, 0, 0, 0, 0, 0, 0, 0, 0, 0, 0, 0, 0, 0, 0, 0.97002, 0.94455, 
0.95207, 0.96554, 0.95885, 0.96688, 0.98339, 0.98676, 0.98694, 
0.98403, 0.99437, 0.95805, 0.93767, 0.93047, 0.96554, 0.95627, 
0.96702, 0.98106, 0.99101, 0.98499, 0.98599, 0.99056, 0.0434, 
0.0423, 0.0441, 0.0508, 0.0676, 0.0578, 0.0754, 0.0765, 0.0896, 
0.0981, 0.0874, 190.9, 199.8, 213.6, 225.6, 254.8, 262.7, 282.1, 
290.4, 303.3, 317.4, 321.7, 22, 2378, 3, 88, 85, 2399, 404, 1471, 
27, 415, 29, 49, 2, 21, 14, 40, 1, 6, 1, 17, 6, 95, 100, 100, 
100, 100, 100, 100, 100, 100, 100, 100, 100, 2500, 2500, 2500, 
2500, 2500, 2500, 2500, 2500, 2500, 2500, 2500, 7263.341, 7325.039, 
7489.916, 7780.978, 7731.447, 7458.42300000001, 7672.826, 7938.538, 
7858.83600000001, 8079.247, 8065.72100000002, 1, 1, 1, 1, 1, 
1, 1, 1, 1, 1, 1, 0.1, 0.1, 0.1, 0.1, 0.1, 0.1, 0.1, 0.1, 0.1, 
0.1, 0.1, 0, 0, 0, 0, 0, 0, 0, 0, 0, 0, 0, 0, 0, 0, 0, 0, 0, 
0, 0, 0, 0, 0, 0.82892, 0.82143, 0.8168, 0.87482, 0.83374, 0.86312, 
0.88619, 0.88801, 0.89704, 0.89573, 0.92191, 0.8266, 0.82024, 
0.82295, 0.8834, 0.84469, 0.86772, 0.87667, 0.89222, 0.90162, 
0.90013, 0.92958, 0.0409, 0.0456, 0.0494, 0.0545, 0.0591, 0.0604, 
0.0699, 0.0787, 0.0795, 0.091, 0.0998, 205.1, 222.7, 241.2, 258.2, 
277.6, 296.5, 315.6, 333.5, 351.1, 367.8, 388.1, 1, 1, 1, 1, 
1, 1, 1, 1, 1, 1, 1, 1, 1, 1, 1, 1, 1, 1, 1, 1, 1, 1, 1, 1, 1, 
1, 1, 1, 1, 1, 1, 1, 1, 1, 1, 1, 1, 1, 1, 1, 1, 1, 1, 1, 2.957, 
3.019, 3.028, 3.135, 3.071, 2.802, 3.076, 3.256, 3.088, 3.317, 
3.406), .Dim = c(11L, 40L), .Dimnames = list(NULL, c("Sampling", 
"PSO.cost", "PSO.gamma", "PSO.data.balancing", "PSO.feature.selection", 
"PSO.valid.acc", "PSO.test.acc", "PSO.train.time", "PSO.n.support.vectors", 
"PSO.index", "PSO.n.solutions", "PSO.generations", "PSO.n.evaluations", 
"PSO.cpu.time", "RS.cost", "RS.gamma", "RS.data.balancing", "RS.feature.selection", 
"RS.valid.acc", "RS.test.acc", "RS.train.time", "RS.n.support.vectors", 
"RS.index", "RS.n.solutions", "RS.generations", "RS.n.evaluations", 
"RS.cpu.time", "DF.cost", "DF.gamma", "DF.data.balancing", "DF.feature.selection", 
"DF.valid.acc", "DF.test.acc", "DF.train.time", "DF.n.support.vectors", 
"DF.index", "DF.n.solutions", "DF.generations", "DF.n.evaluations", 
"DF.cpu.time")))
