full <-
structure(c(50, 55, 60, 65, 70, 75, 80, 85, 90, 95, 100, 9.80691, 
5.97044, 10.71609, 3.7377, 3.10356, 10.26438, 4.60391, 4.66973, 
2.7177, 9.16233, 14.63852, -5.18372, -4.62131, -3.651, -3.61249, 
-3.86235, -2.72999, -1.9988, -2.7893, -2.56341, -2.21918, -2.09272, 
0, 0, 0, 0, 0, 0, 0, 0, 0, 0, 0, 0, 0, 0, 0, 0, 0, 0, 0, 0, 0, 
0, 0.93228, 0.93129, 0.94487, 0.97354, 0.9785, 0.97492, 0.97434, 
0.98202, 0.98954, 0.99007, 0.99063, 0.91287, 0.91999, 0.93787, 
0.95911, 0.96205, 0.97197, 0.97346, 0.96621, 0.98302, 0.98815, 
0.99252, 0.0348, 0.0386, 0.0452, 0.0504, 0.0537, 0.0616, 0.0781, 
0.0718, 0.0774, 0.0907, 0.1001, 170, 189.4, 212.5, 227.2, 242, 
258.4, 277.8, 286.3, 302.1, 310.9, 326.3, 391, 305, 237, 251, 
1738, 43, 14, 79, 30, 20, 9, 683, 648, 1054, 187, 6, 1215, 1583, 
1278, 572, 1383, 1542, 100, 100, 100, 100, 100, 100, 100, 100, 
100, 100, 100, 2500, 2500, 2500, 2500, 2500, 2500, 2500, 2500, 
2500, 2500, 2500, 6406.701, 6785.023, 7009.591, 7255.299, 7280.373, 
7451.512, 7743.236, 7710.868, 7802.739, 8055.51699999999, 8306.52800000002, 
4.30677, 5.66802, 13.84401, 14.1497, 4.07289, 11.41484, 4.87234, 
6.28256, 2.52807, 4.2325, 12.95701, -4.10337, -4.63346, -3.59854, 
-3.06004, -3.72323, -2.71812, -2.19595, -2.74729, -2.43911, -2.19654, 
-2.22416, 0, 0, 0, 0, 0, 0, 0, 0, 0, 0, 0, 0, 0, 0, 0, 0, 0, 
0, 0, 0, 0, 0, 0.93243, 0.93129, 0.94487, 0.97327, 0.97822, 0.97492, 
0.97434, 0.98202, 0.98954, 0.99007, 0.99063, 0.93181, 0.91999, 
0.93787, 0.96481, 0.96732, 0.97197, 0.97346, 0.96621, 0.98093, 
0.98815, 0.99252, 0.036, 0.0402, 0.046, 0.0527, 0.0535, 0.0644, 
0.0725, 0.0729, 0.0815, 0.0917, 0.0983, 183.5, 189.5, 213.3, 
231.7, 236.9, 258.3, 275.5, 287, 302.9, 310.5, 325.2, 465, 560, 
113, 7, 586, 127, 21, 55, 386, 15, 29, 1, 1, 12, 9, 1, 7, 45, 
31, 1, 14, 52, 100, 100, 100, 100, 100, 100, 100, 100, 100, 100, 
100, 2500, 2500, 2500, 2500, 2500, 2500, 2500, 2500, 2500, 2500, 
2500, 6513.961, 6949.779, 7201.779, 7281.88, 7355.30299999999, 
7538.515, 7691.705, 7864.894, 7985.40900000001, 8059.40399999998, 
8359.83299999998, 1, 1, 1, 1, 1, 1, 1, 1, 1, 1, 1, 0.1, 0.1, 
0.1, 0.1, 0.1, 0.1, 0.1, 0.1, 0.1, 0.1, 0.1, 0, 0, 0, 0, 0, 0, 
0, 0, 0, 0, 0, 0, 0, 0, 0, 0, 0, 0, 0, 0, 0, 0, 0.77239, 0.81007, 
0.84699, 0.85126, 0.84897, 0.86316, 0.86203, 0.8949, 0.91963, 
0.91396, 0.93178, 0.77179, 0.8302, 0.83152, 0.85561, 0.86211, 
0.88575, 0.87798, 0.89502, 0.92184, 0.90432, 0.92231, 0.0375, 
0.044, 0.0494, 0.0515, 0.0578, 0.0619, 0.0704, 0.0736, 0.0841, 
0.0884, 0.0978, 206.7, 225.7, 245.3, 263.2, 278.7, 296.9, 314, 
334.4, 352.3, 366.8, 387.3, 1, 1, 1, 1, 1, 1, 1, 1, 1, 1, 1, 
1, 1, 1, 1, 1, 1, 1, 1, 1, 1, 1, 1, 1, 1, 1, 1, 1, 1, 1, 1, 1, 
1, 1, 1, 1, 1, 1, 1, 1, 1, 1, 1, 1, 2.579, 2.762, 2.913, 2.777, 
2.916, 2.89, 3.083, 3.009, 3.264, 3.236, 3.393), .Dim = c(11L, 
40L), .Dimnames = list(NULL, c("Sampling", "PSO.cost", "PSO.gamma", 
"PSO.data.balancing", "PSO.feature.selection", "PSO.valid.acc", 
"PSO.test.acc", "PSO.train.time", "PSO.n.support.vectors", "PSO.index", 
"PSO.n.solutions", "PSO.generations", "PSO.n.evaluations", "PSO.cpu.time", 
"RS.cost", "RS.gamma", "RS.data.balancing", "RS.feature.selection", 
"RS.valid.acc", "RS.test.acc", "RS.train.time", "RS.n.support.vectors", 
"RS.index", "RS.n.solutions", "RS.generations", "RS.n.evaluations", 
"RS.cpu.time", "DF.cost", "DF.gamma", "DF.data.balancing", "DF.feature.selection", 
"DF.valid.acc", "DF.test.acc", "DF.train.time", "DF.n.support.vectors", 
"DF.index", "DF.n.solutions", "DF.generations", "DF.n.evaluations", 
"DF.cpu.time")))
