full <-
structure(c(50, 55, 60, 65, 70, 75, 80, 85, 90, 95, 100, 7.6491, 
1.63004, 6.23994, 3.45686, 15, 3.67003, 6.39174, 3.94592, 12.59688, 
3.9365, 4.4061, -2.33359, -1.18992, -2.0042, -2.88614, -1.70567, 
-3.29662, -2.6637, -3.28434, -3.06432, -3.32285, -3.05563, 0, 
0, 0, 0, 0, 0, 0, 0, 0, 0, 0, 0, 0, 0, 0, 0, 0, 0, 0, 0, 0, 0, 
0.92904, 0.93015, 0.93904, 0.93605, 0.96462, 0.97273, 0.98321, 
0.98661, 0.98329, 0.97954, 0.99052, 0.92785, 0.91238, 0.93591, 
0.93564, 0.95944, 0.96509, 0.97119, 0.98191, 0.98519, 0.98395, 
0.99045, 0.0404, 0.0499, 0.0546, 0.0544, 0.0653, 0.0589, 0.0694, 
0.0675, 0.0743, 0.0799, 0.083, 189.1, 210, 221.1, 228.4, 254.5, 
254, 274.4, 279, 298.7, 301.9, 319, 265, 58, 48, 769, 31, 738, 
41, 9, 4, 324, 94, 1199, 812, 228, 733, 1520, 266, 1087, 1214, 
1546, 225, 1074, 100, 100, 100, 100, 100, 100, 100, 100, 100, 
100, 100, 2500, 2500, 2500, 2500, 2500, 2500, 2500, 2500, 2500, 
2500, 2500, 8087.253, 8163.897, 8236.471, 8441.517, 8808.342, 
8750.724, 8741.67899999999, 9306.431, 9224.39999999999, 9656.67199999999, 
9356.69399999999, 12.23087, 11.50723, 6.29242, 13.04407, 11.02161, 
3.85689, 14.82397, 3.39431, 5.11824, 3.18187, 12.73231, -2.42583, 
-1.65608, -1.99302, -2.94505, -1.55235, -3.38351, -2.65078, -1.95727, 
-3.13543, -3.15423, -3.03229, 0, 0, 0, 0, 0, 0, 0, 0, 0, 0, 0, 
0, 0, 0, 0, 0, 0, 0, 0, 0, 0, 0, 0.92904, 0.93015, 0.93904, 0.9332, 
0.96462, 0.97273, 0.98321, 0.98661, 0.98329, 0.97954, 0.99052, 
0.91304, 0.91905, 0.93591, 0.93842, 0.95944, 0.96477, 0.97119, 
0.97751, 0.98737, 0.98186, 0.99045, 0.0424, 0.0492, 0.0538, 0.0549, 
0.0673, 0.0587, 0.0654, 0.083, 0.076, 0.0781, 0.0841, 189.1, 
208.1, 221, 228.4, 253.8, 252.6, 274.1, 292, 297.6, 306.3, 318.4, 
97, 15, 899, 38, 94, 1126, 290, 7, 7, 2455, 421, 18, 31, 7, 22, 
47, 1, 8, 76, 24, 1, 5, 100, 100, 100, 100, 100, 100, 100, 100, 
100, 100, 100, 2500, 2500, 2500, 2500, 2500, 2500, 2500, 2500, 
2500, 2500, 2500, 8077.981, 7977.278, 8359.957, 8601.11699999999, 
8785.932, 8914.486, 9107.465, 9283.872, 9595.05000000002, 9570.52499999999, 
9496.766, 1, 1, 1, 1, 1, 1, 1, 1, 1, 1, 1, 0.1, 0.1, 0.1, 0.1, 
0.1, 0.1, 0.1, 0.1, 0.1, 0.1, 0.1, 0, 0, 0, 0, 0, 0, 0, 0, 0, 
0, 0, 0, 0, 0, 0, 0, 0, 0, 0, 0, 0, 0, 0.77274, 0.80148, 0.82347, 
0.80642, 0.86696, 0.85091, 0.87175, 0.89259, 0.87683, 0.91469, 
0.93951, 0.77185, 0.80231, 0.80621, 0.80903, 0.83793, 0.87352, 
0.87321, 0.88576, 0.88118, 0.91493, 0.92985, 0.042, 0.0463, 0.05, 
0.0515, 0.0596, 0.0611, 0.0728, 0.0763, 0.0796, 0.0874, 0.0927, 
204.5, 224, 242.6, 261.6, 281.3, 299.7, 317.1, 336.9, 353.7, 
370, 389.5, 1, 1, 1, 1, 1, 1, 1, 1, 1, 1, 1, 1, 1, 1, 1, 1, 1, 
1, 1, 1, 1, 1, 1, 1, 1, 1, 1, 1, 1, 1, 1, 1, 1, 1, 1, 1, 1, 1, 
1, 1, 1, 1, 1, 1, 3.167, 3.228, 3.334, 3.448, 3.515, 3.435, 3.65, 
3.654, 3.779, 3.7, 3.725), .Dim = c(11L, 40L), .Dimnames = list(
    NULL, c("Sampling", "PSO.cost", "PSO.gamma", "PSO.data.balancing", 
    "PSO.feature.selection", "PSO.valid.acc", "PSO.test.acc", 
    "PSO.train.time", "PSO.n.support.vectors", "PSO.index", "PSO.n.solutions", 
    "PSO.generations", "PSO.n.evaluations", "PSO.cpu.time", "RS.cost", 
    "RS.gamma", "RS.data.balancing", "RS.feature.selection", 
    "RS.valid.acc", "RS.test.acc", "RS.train.time", "RS.n.support.vectors", 
    "RS.index", "RS.n.solutions", "RS.generations", "RS.n.evaluations", 
    "RS.cpu.time", "DF.cost", "DF.gamma", "DF.data.balancing", 
    "DF.feature.selection", "DF.valid.acc", "DF.test.acc", "DF.train.time", 
    "DF.n.support.vectors", "DF.index", "DF.n.solutions", "DF.generations", 
    "DF.n.evaluations", "DF.cpu.time")))
