full <-
structure(c(50, 55, 60, 65, 70, 75, 80, 85, 90, 95, 100, 1.8076, 
5.19843, 3.53128, 12.30938, 3.58283, 2.13029, 1.69744, 2.46405, 
2.61703, 10.18473, 5.60133, -1.93903, -1.33348, -2.45816, -2.11088, 
-2.65295, -2.3449, -1.64513, -2.45779, -2.53356, -2.06214, -1.95002, 
0, 0, 0, 0, 0, 0, 0, 0, 0, 0, 0, 0, 0, 0, 0, 0, 0, 0, 0, 0, 0, 
0, 0.93317, 0.94172, 0.95343, 0.96992, 0.97482, 0.97704, 0.9811, 
0.99111, 0.98971, 0.98787, 0.99622, 0.92117, 0.93173, 0.9464, 
0.96448, 0.96979, 0.97172, 0.97866, 0.98868, 0.99161, 0.98815, 
0.98848, 0.0437, 0.049, 0.053, 0.0599, 0.0584, 0.0672, 0.077, 
0.0766, 0.0771, 0.0964, 0.0975, 190.9, 206.8, 221.8, 237, 246.7, 
263.3, 278.9, 285.8, 298, 313.9, 327.8, 1191, 72, 27, 6, 1396, 
926, 294, 961, 1216, 42, 30, 66, 1043, 1153, 1265, 35, 34, 429, 
75, 53, 1421, 1508, 100, 100, 100, 100, 100, 100, 100, 100, 100, 
100, 100, 2500, 2500, 2500, 2500, 2500, 2500, 2500, 2500, 2500, 
2500, 2500, 7038.606, 7045.617, 7300.849, 7540.058, 7678.55, 
7813.307, 7867.83900000001, 8014.033, 8089.44200000001, 8303.68599999999, 
8583.47899999999, 12.43451, 8.8181, 9.41234, 4.47075, 4.80508, 
2.2598, 1.63967, 2.01037, 2.59412, 10.42789, 13.70393, -2.01479, 
-1.35815, -2.43657, -1.72177, -1.88457, -2.36842, -1.66574, -2.00878, 
-2.51442, -2.05336, -2.26473, 0, 0, 0, 0, 0, 0, 0, 0, 0, 0, 0, 
0, 0, 0, 0, 0, 0, 0, 0, 0, 0, 0, 0.92959, 0.94172, 0.95343, 0.96992, 
0.97226, 0.97466, 0.9811, 0.99111, 0.98971, 0.98787, 0.99622, 
0.92474, 0.93173, 0.9464, 0.96751, 0.97564, 0.96934, 0.97633, 
0.98868, 0.99179, 0.98815, 0.99033, 0.0438, 0.0471, 0.0535, 0.0618, 
0.0655, 0.0701, 0.0813, 0.0841, 0.0816, 0.093, 0.0918, 190.6, 
206.8, 221.9, 235.9, 252.3, 263.2, 278.7, 290.2, 297.9, 314, 
324.6, 275, 245, 33, 1, 18, 127, 205, 2415, 2197, 15, 35, 9, 
15, 23, 50, 28, 2, 5, 1, 1, 81, 69, 100, 100, 100, 100, 100, 
100, 100, 100, 100, 100, 100, 2500, 2500, 2500, 2500, 2500, 2500, 
2500, 2500, 2500, 2500, 2500, 7044.587, 6879.023, 7413.57799999999, 
7487.451, 7577.032, 7787.13499999999, 7801, 7865.599, 8210.433, 
8244.443, 8331.95999999999, 1, 1, 1, 1, 1, 1, 1, 1, 1, 1, 1, 
0.1, 0.1, 0.1, 0.1, 0.1, 0.1, 0.1, 0.1, 0.1, 0.1, 0.1, 0, 0, 
0, 0, 0, 0, 0, 0, 0, 0, 0, 0, 0, 0, 0, 0, 0, 0, 0, 0, 0, 0, 0.83199, 
0.82271, 0.7942, 0.84875, 0.86348, 0.89031, 0.86679, 0.89476, 
0.909, 0.91553, 0.91673, 0.83076, 0.80282, 0.80186, 0.85525, 
0.88274, 0.88473, 0.86887, 0.90603, 0.90478, 0.92198, 0.92408, 
0.0404, 0.0449, 0.0504, 0.055, 0.0566, 0.063, 0.0729, 0.0806, 
0.0856, 0.0848, 0.0994, 206.8, 227.4, 246.4, 262.7, 282, 301, 
318.3, 335.7, 353.3, 368.4, 388.1, 1, 1, 1, 1, 1, 1, 1, 1, 1, 
1, 1, 1, 1, 1, 1, 1, 1, 1, 1, 1, 1, 1, 1, 1, 1, 1, 1, 1, 1, 1, 
1, 1, 1, 1, 1, 1, 1, 1, 1, 1, 1, 1, 1, 1, 2.74, 2.891, 2.956, 
3.053, 2.884, 3.029, 3.226, 3.273, 3.309, 3.134, 3.488), .Dim = c(11L, 
40L), .Dimnames = list(NULL, c("Sampling", "PSO.cost", "PSO.gamma", 
"PSO.data.balancing", "PSO.feature.selection", "PSO.valid.acc", 
"PSO.test.acc", "PSO.train.time", "PSO.n.support.vectors", "PSO.index", 
"PSO.n.solutions", "PSO.generations", "PSO.n.evaluations", "PSO.cpu.time", 
"RS.cost", "RS.gamma", "RS.data.balancing", "RS.feature.selection", 
"RS.valid.acc", "RS.test.acc", "RS.train.time", "RS.n.support.vectors", 
"RS.index", "RS.n.solutions", "RS.generations", "RS.n.evaluations", 
"RS.cpu.time", "DF.cost", "DF.gamma", "DF.data.balancing", "DF.feature.selection", 
"DF.valid.acc", "DF.test.acc", "DF.train.time", "DF.n.support.vectors", 
"DF.index", "DF.n.solutions", "DF.generations", "DF.n.evaluations", 
"DF.cpu.time")))
