full <-
structure(c(50, 55, 60, 65, 70, 75, 80, 85, 90, 95, 100, 9.93366, 
2.31681, 5.32504, 3.71765, 5.24783, 9.12457, 7.07591, 13.23594, 
1.64751, 12.68689, 7.572, -2.51296, -3.68938, -2.89024, -2.98953, 
-4.48231, -3.54981, -2.43231, -3.2559, -2.47343, -2.7615, -2.73359, 
0, 0, 0, 0, 0, 0, 0, 0, 0, 0, 0, 0, 0, 0, 0, 0, 0, 0, 0, 0, 0, 
0, 0.9358, 0.93341, 0.96292, 0.94966, 0.95694, 0.9644, 0.98077, 
0.97757, 0.99149, 0.99007, 0.98871, 0.92882, 0.91622, 0.94402, 
0.94096, 0.94351, 0.96671, 0.97119, 0.97287, 0.98714, 0.99003, 
0.99063, 0.0391, 0.0385, 0.0486, 0.0501, 0.05, 0.0576, 0.0735, 
0.0681, 0.0834, 0.0851, 0.0907, 186.1, 202.1, 214.1, 229.8, 220.6, 
247.4, 273.9, 278.8, 304.1, 307, 318.9, 15, 1834, 44, 24, 671, 
101, 63, 11, 648, 88, 7, 1501, 15, 1188, 1177, 300, 741, 1370, 
1423, 254, 1383, 1160, 100, 100, 100, 100, 100, 100, 100, 100, 
100, 100, 100, 2500, 2500, 2500, 2500, 2500, 2500, 2500, 2500, 
2500, 2500, 2500, 6355.452, 6455.156, 6687.057, 7211.046, 7323.138, 
7412.007, 7796.629, 7926.08199999999, 8040.204, 8320.25099999999, 
8421.565, 10.66419, 3.45407, 3.80091, 13.62814, 5.15768, 10.23279, 
14.5424, 12.97398, 1.26484, 11.2812, 2.8096, -2.65931, -2.91028, 
-2.86347, -2.93979, -4.48153, -3.53276, -2.43797, -3.07139, -1.8488, 
-2.7025, -1.95172, 0, 0, 0, 0, 0, 0, 0, 0, 0, 0, 0, 0, 0, 0, 
0, 0, 0, 0, 0, 0, 0, 0, 0.9358, 0.92995, 0.96292, 0.94966, 0.95694, 
0.9644, 0.98077, 0.97757, 0.98931, 0.99007, 0.98871, 0.92882, 
0.93064, 0.94402, 0.94096, 0.94351, 0.96671, 0.97119, 0.96843, 
0.98293, 0.99003, 0.98875, 0.0387, 0.0447, 0.0464, 0.053, 0.0496, 
0.0603, 0.0703, 0.0703, 0.0921, 0.0856, 0.104, 186.4, 201, 214.6, 
230.1, 220.6, 247, 273.8, 281.3, 307.7, 307, 328.9, 5, 925, 194, 
244, 419, 379, 121, 35, 43, 17, 12, 124, 1, 20, 19, 1, 6, 17, 
73, 4, 21, 130, 100, 100, 100, 100, 100, 100, 100, 100, 100, 
100, 100, 2500, 2500, 2500, 2500, 2500, 2500, 2500, 2500, 2500, 
2500, 2500, 6368.764, 6498.952, 6693.532, 7280.173, 7511.712, 
7641.137, 7804.268, 8040.43800000001, 8170.97, 8345.08300000001, 
10192.383, 1, 1, 1, 1, 1, 1, 1, 1, 1, 1, 1, 0.1, 0.1, 0.1, 0.1, 
0.1, 0.1, 0.1, 0.1, 0.1, 0.1, 0.1, 0, 0, 0, 0, 0, 0, 0, 0, 0, 
0, 0, 0, 0, 0, 0, 0, 0, 0, 0, 0, 0, 0, 0.82632, 0.83059, 0.85322, 
0.86752, 0.86098, 0.8959, 0.8831, 0.89693, 0.91731, 0.92011, 
0.90724, 0.81148, 0.81744, 0.85533, 0.85562, 0.86732, 0.88275, 
0.89473, 0.91007, 0.91522, 0.93597, 0.92801, 0.037, 0.0408, 0.0448, 
0.0528, 0.0589, 0.0645, 0.0702, 0.0739, 0.0794, 0.0874, 0.0997, 
205.5, 225.6, 242.6, 262.2, 279.6, 296.7, 315.5, 333.2, 353.5, 
370.4, 389.6, 1, 1, 1, 1, 1, 1, 1, 1, 1, 1, 1, 1, 1, 1, 1, 1, 
1, 1, 1, 1, 1, 1, 1, 1, 1, 1, 1, 1, 1, 1, 1, 1, 1, 1, 1, 1, 1, 
1, 1, 1, 1, 1, 1, 1, 2.497, 2.596, 2.619, 2.904, 2.964, 3.023, 
3.14, 3.077, 3.057, 3.2, 4.271), .Dim = c(11L, 40L), .Dimnames = list(
    NULL, c("Sampling", "PSO.cost", "PSO.gamma", "PSO.data.balancing", 
    "PSO.feature.selection", "PSO.valid.acc", "PSO.test.acc", 
    "PSO.train.time", "PSO.n.support.vectors", "PSO.index", "PSO.n.solutions", 
    "PSO.generations", "PSO.n.evaluations", "PSO.cpu.time", "RS.cost", 
    "RS.gamma", "RS.data.balancing", "RS.feature.selection", 
    "RS.valid.acc", "RS.test.acc", "RS.train.time", "RS.n.support.vectors", 
    "RS.index", "RS.n.solutions", "RS.generations", "RS.n.evaluations", 
    "RS.cpu.time", "DF.cost", "DF.gamma", "DF.data.balancing", 
    "DF.feature.selection", "DF.valid.acc", "DF.test.acc", "DF.train.time", 
    "DF.n.support.vectors", "DF.index", "DF.n.solutions", "DF.generations", 
    "DF.n.evaluations", "DF.cpu.time")))
