full <-
structure(c(50, 55, 60, 65, 70, 75, 80, 85, 90, 95, 100, 3.38777, 
2.99424, 4.03154, 4.50979, 2.79268, 4.4198, 9.65627, 10.55538, 
1.42071, 3.43354, 4.15782, -4.26414, -2.19336, -2.8765, -3.07684, 
-2.2347, -1.98049, -2.68951, -2.76052, -1.76099, -2.6221, -2.117, 
0, 0, 0, 0, 0, 0, 0, 0, 0, 0, 0, 0, 0, 0, 0, 0, 0, 0, 0, 0, 0, 
0, 0.92765, 0.96199, 0.95902, 0.95922, 0.97602, 0.98473, 0.98083, 
0.98888, 0.98754, 0.98583, 0.99034, 0.90924, 0.9386, 0.94338, 
0.95343, 0.98099, 0.97985, 0.97857, 0.98176, 0.98754, 0.98992, 
0.99034, 0.0382, 0.0457, 0.0547, 0.053, 0.0604, 0.0737, 0.0698, 
0.0744, 0.0902, 0.0834, 0.0984, 184.1, 206.8, 221.9, 235.3, 246.6, 
265.2, 275.5, 284, 307.2, 310.2, 326.2, 2169, 695, 846, 929, 
616, 110, 10, 32, 65, 578, 3, 7, 122, 327, 172, 61, 1756, 1505, 
1154, 119, 165, 1269, 100, 100, 100, 100, 100, 100, 100, 100, 
100, 100, 100, 2500, 2500, 2500, 2500, 2500, 2500, 2500, 2500, 
2500, 2500, 2500, 8107.396, 8134.876, 8255.288, 8495.58300000001, 
8717.54399999999, 8948.766, 8827.372, 9199.486, 9534.26599999997, 
9601.829, 9432.40900000001, 2.94895, 3.60437, 4.35765, 4.69417, 
1.85268, 10.62812, 8.60129, 6.49473, 1.20787, 9.3891, 8.70115, 
-3.91014, -2.70171, -3.01872, -3.07103, -1.85176, -1.92893, -2.3306, 
-2.7951, -1.87791, -2.19589, -2.18018, 0, 0, 0, 0, 0, 0, 0, 0, 
0, 0, 0, 0, 0, 0, 0, 0, 0, 0, 0, 0, 0, 0, 0.92777, 0.95854, 0.95902, 
0.95922, 0.97345, 0.98473, 0.98083, 0.98888, 0.98754, 0.98387, 
0.99034, 0.91281, 0.94245, 0.94338, 0.95343, 0.98099, 0.97722, 
0.98095, 0.98176, 0.98541, 0.99, 0.99034, 0.0367, 0.0472, 0.048, 
0.056, 0.0638, 0.0695, 0.0725, 0.0741, 0.0874, 0.0891, 0.0963, 
186.6, 208.1, 221.5, 235.3, 247.9, 264.9, 278.5, 283.8, 308.1, 
312.8, 326.4, 941, 52, 1401, 1266, 1690, 155, 75, 208, 950, 86, 
50, 1, 11, 1, 1, 1, 30, 107, 7, 1, 30, 13, 100, 100, 100, 100, 
100, 100, 100, 100, 100, 100, 100, 2500, 2500, 2500, 2500, 2500, 
2500, 2500, 2500, 2500, 2500, 2500, 8088.394, 8055.959, 8370.609, 
8636.167, 8768.052, 8868.63100000001, 9031.929, 9354.625, 9570.44399999999, 
9544.174, 9495.99600000001, 1, 1, 1, 1, 1, 1, 1, 1, 1, 1, 1, 
0.1, 0.1, 0.1, 0.1, 0.1, 0.1, 0.1, 0.1, 0.1, 0.1, 0.1, 0, 0, 
0, 0, 0, 0, 0, 0, 0, 0, 0, 0, 0, 0, 0, 0, 0, 0, 0, 0, 0, 0, 0.76791, 
0.78094, 0.85091, 0.8621, 0.8806, 0.89362, 0.90693, 0.90542, 
0.90284, 0.90932, 0.91805, 0.77662, 0.7975, 0.84514, 0.84704, 
0.86867, 0.89593, 0.89768, 0.90521, 0.91733, 0.90349, 0.91387, 
0.0409, 0.0451, 0.0503, 0.0571, 0.0611, 0.0653, 0.0683, 0.079, 
0.0772, 0.0875, 0.0941, 206.9, 226.7, 247.8, 266.5, 283.4, 302.9, 
319.3, 335.6, 351.7, 368.7, 388.9, 1, 1, 1, 1, 1, 1, 1, 1, 1, 
1, 1, 1, 1, 1, 1, 1, 1, 1, 1, 1, 1, 1, 1, 1, 1, 1, 1, 1, 1, 1, 
1, 1, 1, 1, 1, 1, 1, 1, 1, 1, 1, 1, 1, 1, 3.256, 3.191, 3.255, 
3.46, 3.53, 3.528, 3.68, 3.767, 3.781, 3.691, 3.782), .Dim = c(11L, 
40L), .Dimnames = list(NULL, c("Sampling", "PSO.cost", "PSO.gamma", 
"PSO.data.balancing", "PSO.feature.selection", "PSO.valid.acc", 
"PSO.test.acc", "PSO.train.time", "PSO.n.support.vectors", "PSO.index", 
"PSO.n.solutions", "PSO.generations", "PSO.n.evaluations", "PSO.cpu.time", 
"RS.cost", "RS.gamma", "RS.data.balancing", "RS.feature.selection", 
"RS.valid.acc", "RS.test.acc", "RS.train.time", "RS.n.support.vectors", 
"RS.index", "RS.n.solutions", "RS.generations", "RS.n.evaluations", 
"RS.cpu.time", "DF.cost", "DF.gamma", "DF.data.balancing", "DF.feature.selection", 
"DF.valid.acc", "DF.test.acc", "DF.train.time", "DF.n.support.vectors", 
"DF.index", "DF.n.solutions", "DF.generations", "DF.n.evaluations", 
"DF.cpu.time")))
