full <-
structure(c(50, 55, 60, 65, 70, 75, 80, 85, 90, 95, 100, 3.38346, 
6.19651, 13.53745, 3.46475, 6.80573, 10.14377, 4.33079, 3.61555, 
4.85961, 3.03008, 3.32381, -2.90038, -1.47008, -4.23259, -2.5875, 
-3.25657, -3.11992, -4.1975, -3.21241, -3.04535, -1.0557, -2.85121, 
0, 0, 0, 0, 0, 0, 0, 0, 0, 0, 0, 0, 0, 0, 0, 0, 0, 0, 0, 0, 0, 
0, 0.92036, 0.9343, 0.96226, 0.96458, 0.96532, 0.97715, 0.98093, 
0.98429, 0.98315, 0.98995, 0.99441, 0.91239, 0.92048, 0.95549, 
0.95342, 0.95421, 0.97234, 0.97146, 0.97321, 0.98324, 0.98983, 
0.98871, 0.0424, 0.0483, 0.0453, 0.0536, 0.0509, 0.0564, 0.0615, 
0.0721, 0.0735, 0.1001, 0.0905, 189, 204, 202.3, 233, 238.8, 
255.1, 253.3, 282.1, 293.8, 323.2, 319.7, 120, 122, 138, 46, 
227, 33, 47, 486, 1282, 49, 752, 103, 785, 1316, 1203, 1282, 
1557, 334, 868, 40, 671, 135, 100, 100, 100, 100, 100, 100, 100, 
100, 100, 100, 100, 2500, 2500, 2500, 2500, 2500, 2500, 2500, 
2500, 2500, 2500, 2500, 6872.696, 7362.487, 7305.766, 7802.857, 
7055.69700000001, 7258.795, 7581.348, 7864.395, 7631.55099999999, 
8159.53399999999, 8052.00099999999, 9.02211, 13.58974, 7.81257, 
5.35987, 9.67901, 13.25593, 3.36337, 4.79132, 4.74691, 2.59845, 
2.46043, -4.26686, -1.52186, -4.13296, -3.45966, -3.27892, -2.95585, 
-3.31479, -3.21834, -2.9494, -0.99894, -2.0942, 0, 0, 0, 0, 0, 
0, 0, 0, 0, 0, 0, 0, 0, 0, 0, 0, 0, 0, 0, 0, 0, 0, 0.92036, 0.9343, 
0.96226, 0.96743, 0.96532, 0.97715, 0.97861, 0.98429, 0.98315, 
0.98995, 0.99259, 0.91611, 0.92048, 0.95549, 0.95619, 0.95421, 
0.97234, 0.98094, 0.97534, 0.98324, 0.98983, 0.99056, 0.0381, 
0.0508, 0.045, 0.0523, 0.0519, 0.0635, 0.0651, 0.066, 0.0739, 
0.1099, 0.1015, 179, 204, 203.9, 225.8, 239, 257.4, 268.3, 281.2, 
294.9, 324, 326.8, 213, 114, 107, 1321, 51, 21, 2074, 2, 1659, 
148, 731, 6, 14, 35, 1, 10, 47, 1, 3, 1, 17, 6, 100, 100, 100, 
100, 100, 100, 100, 100, 100, 100, 100, 2500, 2500, 2500, 2500, 
2500, 2500, 2500, 2500, 2500, 2500, 2500, 7310.827, 7383.06, 
7585.246, 7673.182, 7064.50199999999, 7638.266, 7830.67300000001, 
7925.164, 7889.891, 8138.851, 8189.04300000001, 1, 1, 1, 1, 1, 
1, 1, 1, 1, 1, 1, 0.1, 0.1, 0.1, 0.1, 0.1, 0.1, 0.1, 0.1, 0.1, 
0.1, 0.1, 0, 0, 0, 0, 0, 0, 0, 0, 0, 0, 0, 0, 0, 0, 0, 0, 0, 
0, 0, 0, 0, 0, 0.81058, 0.8021, 0.81645, 0.85895, 0.87033, 0.87251, 
0.88796, 0.89988, 0.91105, 0.91359, 0.90557, 0.82246, 0.81, 0.82765, 
0.87116, 0.87048, 0.87823, 0.89784, 0.89523, 0.93229, 0.91727, 
0.91893, 0.0411, 0.0457, 0.0496, 0.0532, 0.0566, 0.0606, 0.0723, 
0.0795, 0.0781, 0.0842, 0.0997, 205.1, 221.8, 239.4, 257.9, 277, 
295.8, 314.3, 332.9, 351.7, 368.7, 388.1, 1, 1, 1, 1, 1, 1, 1, 
1, 1, 1, 1, 1, 1, 1, 1, 1, 1, 1, 1, 1, 1, 1, 1, 1, 1, 1, 1, 1, 
1, 1, 1, 1, 1, 1, 1, 1, 1, 1, 1, 1, 1, 1, 1, 1, 2.839, 2.938, 
3.07, 3.006, 2.788, 2.832, 3.064, 3.188, 3.005, 3.048, 3.356), .Dim = c(11L, 
40L), .Dimnames = list(NULL, c("Sampling", "PSO.cost", "PSO.gamma", 
"PSO.data.balancing", "PSO.feature.selection", "PSO.valid.acc", 
"PSO.test.acc", "PSO.train.time", "PSO.n.support.vectors", "PSO.index", 
"PSO.n.solutions", "PSO.generations", "PSO.n.evaluations", "PSO.cpu.time", 
"RS.cost", "RS.gamma", "RS.data.balancing", "RS.feature.selection", 
"RS.valid.acc", "RS.test.acc", "RS.train.time", "RS.n.support.vectors", 
"RS.index", "RS.n.solutions", "RS.generations", "RS.n.evaluations", 
"RS.cpu.time", "DF.cost", "DF.gamma", "DF.data.balancing", "DF.feature.selection", 
"DF.valid.acc", "DF.test.acc", "DF.train.time", "DF.n.support.vectors", 
"DF.index", "DF.n.solutions", "DF.generations", "DF.n.evaluations", 
"DF.cpu.time")))
