full <-
structure(c(50, 55, 60, 65, 70, 75, 80, 85, 90, 95, 100, 8.42876, 
11.70406, 7.64598, 5.39233, 6.14535, 15, 9.77289, 7.00089, 2.97486, 
3.76442, 7.65669, -3.28674, -3.60771, -5.83816, -3.44959, -3.04247, 
-2.49085, -2.30939, -2.84713, -2.63994, -2.37455, -1.82068, 0, 
0, 0, 0, 0, 0, 0, 0, 0, 0, 0, 0, 0, 0, 0, 0, 0, 0, 0, 0, 0, 0, 
0.93495, 0.95905, 0.94909, 0.96177, 0.9671, 0.97709, 0.97834, 
0.98024, 0.99133, 0.992, 0.99633, 0.93516, 0.94868, 0.93636, 
0.95596, 0.95936, 0.96683, 0.97119, 0.97807, 0.97882, 0.97999, 
0.98864, 0.0404, 0.0435, 0.043, 0.0504, 0.0567, 0.0673, 0.0718, 
0.0703, 0.0794, 0.0869, 0.1111, 186.3, 198.7, 187.9, 224.1, 242.8, 
259.5, 269.7, 282.2, 295.5, 309.9, 329.3, 203, 197, 508, 20, 
26, 232, 16, 49, 332, 556, 43, 1043, 1115, 314, 1111, 1271, 1144, 
1365, 1195, 511, 64, 1041, 100, 100, 100, 100, 100, 100, 100, 
100, 100, 100, 100, 2500, 2500, 2500, 2500, 2500, 2500, 2500, 
2500, 2500, 2500, 2500, 7107.076, 7215.849, 7192.704, 7524.157, 
7650.57000000001, 7797.81300000001, 7707.228, 7730.747, 8006.61, 
8000.75899999999, 10988.76, 5.18072, 11.6362, 6.22398, 6.83634, 
6.07311, 12.01017, 2.80174, 11.15509, 2.43776, 3.69125, 3.72998, 
-3.30077, -3.52143, -4.87017, -3.27039, -3.04405, -2.53865, -2.55541, 
-3.02844, -2.38184, -2.38312, -1.86523, 0, 0, 0, 0, 0, 0, 0, 
0, 0, 0, 0, 0, 0, 0, 0, 0, 0, 0, 0, 0, 0, 0, 0.93495, 0.95905, 
0.94576, 0.96177, 0.9671, 0.97709, 0.97834, 0.98024, 0.99133, 
0.992, 0.99633, 0.93516, 0.94868, 0.94243, 0.95284, 0.95936, 
0.9642, 0.97357, 0.97797, 0.98091, 0.97999, 0.99242, 0.0404, 
0.0429, 0.0432, 0.0513, 0.056, 0.0654, 0.0694, 0.0704, 0.0823, 
0.0913, 0.1073, 186.1, 198.9, 199.3, 226.5, 242.9, 259.7, 269, 
280.1, 298.7, 309.5, 328.6, 670, 472, 1247, 21, 261, 243, 42, 
183, 1634, 1658, 5, 3, 9, 54, 87, 11, 9, 69, 36, 2, 1, 15, 100, 
100, 100, 100, 100, 100, 100, 100, 100, 100, 100, 2500, 2500, 
2500, 2500, 2500, 2500, 2500, 2500, 2500, 2500, 2500, 7149.752, 
7262.976, 7430.051, 7596.745, 7640.359, 7680.618, 7719.433, 7918.45300000001, 
8075.804, 10328.905, 10780.804, 1, 1, 1, 1, 1, 1, 1, 1, 1, 1, 
1, 0.1, 0.1, 0.1, 0.1, 0.1, 0.1, 0.1, 0.1, 0.1, 0.1, 0.1, 0, 
0, 0, 0, 0, 0, 0, 0, 0, 0, 0, 0, 0, 0, 0, 0, 0, 0, 0, 0, 0, 0, 
0.74515, 0.82171, 0.83886, 0.85212, 0.85292, 0.88272, 0.88353, 
0.91354, 0.90427, 0.92386, 0.91687, 0.80239, 0.82845, 0.83512, 
0.84821, 0.85293, 0.87215, 0.89289, 0.91309, 0.91502, 0.92822, 
0.91883, 0.0414, 0.0452, 0.0493, 0.0542, 0.0594, 0.0643, 0.0705, 
0.0754, 0.0819, 0.0945, 0.0971, 206.3, 226.3, 243.3, 264.1, 282.4, 
300.2, 318.6, 337.2, 354.3, 371.4, 386.7, 1, 1, 1, 1, 1, 1, 1, 
1, 1, 1, 1, 1, 1, 1, 1, 1, 1, 1, 1, 1, 1, 1, 1, 1, 1, 1, 1, 1, 
1, 1, 1, 1, 1, 1, 1, 1, 1, 1, 1, 1, 1, 1, 1, 1, 2.882, 2.899, 
2.97, 3.021, 3.006, 3.019, 3.097, 3.096, 3.157, 4.415, 4.113), .Dim = c(11L, 
40L), .Dimnames = list(NULL, c("Sampling", "PSO.cost", "PSO.gamma", 
"PSO.data.balancing", "PSO.feature.selection", "PSO.valid.acc", 
"PSO.test.acc", "PSO.train.time", "PSO.n.support.vectors", "PSO.index", 
"PSO.n.solutions", "PSO.generations", "PSO.n.evaluations", "PSO.cpu.time", 
"RS.cost", "RS.gamma", "RS.data.balancing", "RS.feature.selection", 
"RS.valid.acc", "RS.test.acc", "RS.train.time", "RS.n.support.vectors", 
"RS.index", "RS.n.solutions", "RS.generations", "RS.n.evaluations", 
"RS.cpu.time", "DF.cost", "DF.gamma", "DF.data.balancing", "DF.feature.selection", 
"DF.valid.acc", "DF.test.acc", "DF.train.time", "DF.n.support.vectors", 
"DF.index", "DF.n.solutions", "DF.generations", "DF.n.evaluations", 
"DF.cpu.time")))
