full <-
structure(c(50, 55, 60, 65, 70, 75, 80, 85, 90, 95, 100, 12.97436, 
3.72955, 8.92545, 15, 5.91943, 9.9632, 9.23864, 9.99666, 14.99695, 
5.02703, 13.94201, -6.15169, -2.06985, -5.05934, -3.08365, -3.39859, 
-5.45744, -6.36983, -5.84661, -3.96279, -3.13306, -3.17078, 0, 
0, 0, 0, 0, 0, 0, 0, 0, 0, 0, 0, 0, 0, 0, 0, 0, 0, 0, 0, 0, 0, 
0.61238, 0.63127, 0.62535, 0.62304, 0.64365, 0.6486, 0.63184, 
0.63047, 0.65505, 0.67643, 0.65388, 0.59909, 0.61071, 0.63239, 
0.58864, 0.61927, 0.62624, 0.61703, 0.63262, 0.6482, 0.65178, 
0.65792, 0.2221, 0.1456, 0.1911, 0.1969, 0.1916, 0.287, 0.3162, 
0.3808, 0.5373, 0.2901, 0.4253, 273, 303.9, 326.3, 351.9, 372.7, 
391.1, 427, 448.1, 449.5, 491.6, 503.7, 1228, 1052, 526, 335, 
863, 1400, 2093, 887, 1255, 841, 824, 1, 362, 122, 1018, 227, 
44, 2, 30, 18, 117, 218, 100, 100, 100, 100, 100, 100, 100, 100, 
100, 100, 100, 2500, 2500, 2500, 2500, 2500, 2500, 2500, 2500, 
2500, 2500, 2500, 10909.123, 10029.233, 10960.399, 11402.981, 
11111.178, 13396.516, 15954.099, 15145.731, 17795.772, 13948.021, 
17948.702, 12.71457, 3.09479, 10.09313, 3.61894, 5.95265, 10.00566, 
9.30782, 4.34136, 3.94085, 4.96789, 12.61152, -6.03359, -2.212, 
-5.55295, -2.41909, -3.4018, -5.46404, -6.47646, -3.17872, -2.29621, 
-3.13778, -3.05039, 0, 0, 0, 0, 0, 0, 0, 0, 0, 0, 0, 0, 0, 0, 
0, 0, 0, 0, 0, 0, 0, 0, 0.60967, 0.61774, 0.62121, 0.61815, 0.63997, 
0.64682, 0.63006, 0.62972, 0.65335, 0.6723, 0.65137, 0.58939, 
0.60301, 0.63651, 0.59879, 0.6156, 0.62448, 0.61371, 0.62876, 
0.62566, 0.64915, 0.65534, 0.2065, 0.1415, 0.2092, 0.1765, 0.1939, 
0.2885, 0.3162, 0.2406, 0.2636, 0.287, 0.4014, 272.6, 305.2, 
325.7, 358.3, 372.6, 390.9, 427.7, 453.1, 470.5, 493.1, 504.8, 
2102, 415, 1535, 604, 1224, 1671, 495, 81, 207, 1888, 1734, 1, 
1, 1, 1, 1, 1, 1, 1, 1, 1, 1, 100, 100, 100, 100, 100, 100, 100, 
100, 100, 100, 100, 2500, 2500, 2500, 2500, 2500, 2500, 2500, 
2500, 2500, 2500, 2500, 9988.245, 10306.24, 10914.11, 11408.049, 
12186.756, 12881.506, 13508.128, 14097.606, 14991.402, 15658.152, 
17167.826, 1, 1, 1, 1, 1, 1, 1, 1, 1, 1, 1, 0.125, 0.125, 0.125, 
0.125, 0.125, 0.125, 0.125, 0.125, 0.125, 0.125, 0.125, 0, 0, 
0, 0, 0, 0, 0, 0, 0, 0, 0, 0, 0, 0, 0, 0, 0, 0, 0, 0, 0, 0, 0.36215, 
0.40179, 0.37827, 0.4449, 0.42771, 0.41379, 0.43339, 0.43799, 
0.44139, 0.43963, 0.44078, 0.3605, 0.38301, 0.39419, 0.43085, 
0.42606, 0.42609, 0.4266, 0.42909, 0.43543, 0.44051, 0.44708, 
0.1201, 0.1381, 0.1523, 0.1702, 0.1826, 0.2, 0.2196, 0.2376, 
0.256, 0.2756, 0.3089, 304.7, 333.6, 362.2, 392.5, 419.7, 448.6, 
474.5, 503.5, 531.2, 561, 594.2, 1, 1, 1, 1, 1, 1, 1, 1, 1, 1, 
1, 1, 1, 1, 1, 1, 1, 1, 1, 1, 1, 1, 1, 1, 1, 1, 1, 1, 1, 1, 1, 
1, 1, 1, 1, 1, 1, 1, 1, 1, 1, 1, 1, 1, 3.825, 3.891, 4.058, 4.278, 
4.42, 4.518, 4.746, 4.861, 5.07, 5.244, 6.038), .Dim = c(11L, 
40L), .Dimnames = list(NULL, c("Sampling", "PSO.cost", "PSO.gamma", 
"PSO.data.balancing", "PSO.feature.selection", "PSO.valid.acc", 
"PSO.test.acc", "PSO.train.time", "PSO.n.support.vectors", "PSO.index", 
"PSO.n.solutions", "PSO.generations", "PSO.n.evaluations", "PSO.cpu.time", 
"RS.cost", "RS.gamma", "RS.data.balancing", "RS.feature.selection", 
"RS.valid.acc", "RS.test.acc", "RS.train.time", "RS.n.support.vectors", 
"RS.index", "RS.n.solutions", "RS.generations", "RS.n.evaluations", 
"RS.cpu.time", "DF.cost", "DF.gamma", "DF.data.balancing", "DF.feature.selection", 
"DF.valid.acc", "DF.test.acc", "DF.train.time", "DF.n.support.vectors", 
"DF.index", "DF.n.solutions", "DF.generations", "DF.n.evaluations", 
"DF.cpu.time")))
