full <-
structure(c(50, 55, 60, 65, 70, 75, 80, 85, 90, 95, 100, 10.81756, 
4.15134, 7.97006, 7.39483, 9.09889, 8.06481, 5.73217, 14.8797, 
6.36126, 12.19058, 14.93639, -5.38076, -3.67395, -5.3173, -4.08412, 
-5.25497, -5.13144, -3.5696, -8.05304, -4.19854, -5.74297, -3.41753, 
0, 0, 0, 0, 0, 0, 0, 0, 0, 0, 0, 0, 0, 0, 0, 0, 0, 0, 0, 0, 0, 
0, 0.63901, 0.62845, 0.66912, 0.65855, 0.63253, 0.63367, 0.66337, 
0.6633, 0.64842, 0.63741, 0.66576, 0.62453, 0.59963, 0.62807, 
0.63296, 0.61327, 0.6001, 0.66883, 0.63851, 0.64069, 0.64023, 
0.65393, 0.1631, 0.1425, 0.1834, 0.2052, 0.25, 0.2702, 0.2537, 
1.0657, 0.3029, 0.5422, 0.5086, 280.4, 310.3, 333, 350.7, 379.6, 
404.8, 422.7, 442.6, 475.4, 485.7, 503, 576, 2372, 237, 212, 
1332, 1488, 2269, 451, 1137, 790, 514, 321, 3, 148, 63, 92, 19, 
1, 87, 44, 48, 392, 100, 100, 100, 100, 100, 100, 100, 100, 100, 
100, 100, 2500, 2500, 2500, 2500, 2500, 2500, 2500, 2500, 2500, 
2500, 2500, 10262.187, 10846.739, 10959.182, 11841.298, 12608.748, 
12786.564, 12818.839, 28594.1, 14253.425, 19660.473, 19669.521, 
10.97052, 5.60243, 7.38387, 7.87284, 6.49623, 7.11624, 7.3252, 
13.8401, 6.49314, 12.12562, 14.21285, -5.42816, -4.62077, -4.98231, 
-4.11368, -4.55537, -4.68977, -4.38723, -7.55952, -4.33609, -5.66437, 
-3.20917, 0, 0, 0, 0, 0, 0, 0, 0, 0, 0, 0, 0, 0, 0, 0, 0, 0, 
0, 0, 0, 0, 0, 0.63624, 0.62141, 0.66454, 0.65296, 0.62707, 0.63199, 
0.65739, 0.66322, 0.64109, 0.63459, 0.66306, 0.62723, 0.60236, 
0.62826, 0.62694, 0.61227, 0.6036, 0.6549, 0.64314, 0.64186, 
0.6361, 0.64238, 0.161, 0.1534, 0.1842, 0.2055, 0.2266, 0.2485, 
0.267, 0.7816, 0.3123, 0.5305, 0.4586, 280.3, 309.1, 333.5, 350.5, 
383.3, 406.9, 421.9, 441.7, 477.7, 485, 503.2, 1511, 377, 1926, 
1366, 1799, 1399, 270, 55, 2050, 1494, 1656, 1, 1, 1, 1, 1, 1, 
1, 1, 1, 1, 1, 100, 100, 100, 100, 100, 100, 100, 100, 100, 100, 
100, 2500, 2500, 2500, 2500, 2500, 2500, 2500, 2500, 2500, 2500, 
2500, 9641.804, 10235.85, 11065.74, 12033.406, 12638.137, 13266.54, 
13953.484, 14494.436, 15121.908, 16148.88, 17285.395, 1, 1, 1, 
1, 1, 1, 1, 1, 1, 1, 1, 0.125, 0.125, 0.125, 0.125, 0.125, 0.125, 
0.125, 0.125, 0.125, 0.125, 0.125, 0, 0, 0, 0, 0, 0, 0, 0, 0, 
0, 0, 0, 0, 0, 0, 0, 0, 0, 0, 0, 0, 0, 0.35374, 0.35913, 0.37938, 
0.40385, 0.40153, 0.40087, 0.41062, 0.41734, 0.42244, 0.45455, 
0.45075, 0.35704, 0.35926, 0.3792, 0.37678, 0.40114, 0.40496, 
0.42124, 0.40766, 0.42527, 0.45823, 0.45726, 0.1286, 0.1441, 
0.1478, 0.1812, 0.1992, 0.2171, 0.2307, 0.251, 0.2685, 0.3007, 
0.3332, 306.3, 335.4, 364.1, 394.1, 422.3, 451.2, 478.2, 508.1, 
537.5, 564.1, 594.9, 1, 1, 1, 1, 1, 1, 1, 1, 1, 1, 1, 1, 1, 1, 
1, 1, 1, 1, 1, 1, 1, 1, 1, 1, 1, 1, 1, 1, 1, 1, 1, 1, 1, 1, 1, 
1, 1, 1, 1, 1, 1, 1, 1, 1, 3.756, 3.897, 3.811, 4.428, 4.649, 
4.672, 4.868, 4.894, 5.075, 5.527, 5.891), .Dim = c(11L, 40L), .Dimnames = list(
    NULL, c("Sampling", "PSO.cost", "PSO.gamma", "PSO.data.balancing", 
    "PSO.feature.selection", "PSO.valid.acc", "PSO.test.acc", 
    "PSO.train.time", "PSO.n.support.vectors", "PSO.index", "PSO.n.solutions", 
    "PSO.generations", "PSO.n.evaluations", "PSO.cpu.time", "RS.cost", 
    "RS.gamma", "RS.data.balancing", "RS.feature.selection", 
    "RS.valid.acc", "RS.test.acc", "RS.train.time", "RS.n.support.vectors", 
    "RS.index", "RS.n.solutions", "RS.generations", "RS.n.evaluations", 
    "RS.cpu.time", "DF.cost", "DF.gamma", "DF.data.balancing", 
    "DF.feature.selection", "DF.valid.acc", "DF.test.acc", "DF.train.time", 
    "DF.n.support.vectors", "DF.index", "DF.n.solutions", "DF.generations", 
    "DF.n.evaluations", "DF.cpu.time")))
