full <-
structure(c(50, 55, 60, 65, 70, 75, 80, 85, 90, 95, 100, 7.87673, 
12.11021, 6.15604, 8.66195, 15, 15, 11.62838, 6.84733, 9.58512, 
14.80148, 15, -5.25167, -4.69631, -3.92913, -4.18082, -3.98686, 
-8.46315, -6.64203, -4.10815, -5.59099, -3.96628, -3.12506, 0, 
0, 0, 0, 0, 0, 0, 0, 0, 0, 0, 0, 0, 0, 0, 0, 0, 0, 0, 0, 0, 0, 
0.60678, 0.64276, 0.62994, 0.64792, 0.67211, 0.64533, 0.68679, 
0.67223, 0.65011, 0.6516, 0.66932, 0.57244, 0.60089, 0.62643, 
0.63095, 0.64405, 0.61499, 0.62666, 0.63504, 0.63569, 0.63749, 
0.62361, 0.1381, 0.1679, 0.1601, 0.1879, 0.262, 0.9251, 0.4254, 
0.2668, 0.3728, 0.5857, 0.4218, 274.6, 293, 321.2, 341, 359.8, 
391.5, 418.5, 441.4, 467.6, 478.1, 500.9, 1096, 2357, 2259, 676, 
170, 434, 1158, 1531, 1977, 992, 355, 83, 1, 1, 153, 1316, 53, 
22, 16, 16, 214, 355, 100, 100, 100, 100, 100, 100, 100, 100, 
100, 100, 100, 2500, 2500, 2500, 2500, 2500, 2500, 2500, 2500, 
2500, 2500, 2500, 10211.706, 10870.915, 10481.154, 11473.434, 
12967.207, 15901.991, 16811.109, 12925.483, 15441.992, 22325.41, 
17498.48, 7.61284, 12.07924, 6.27849, 8.85829, 14.4688, 13.78001, 
11.14337, 5.97159, 12.23071, 14.78301, 14.68747, -5.0273, -4.62204, 
-3.99739, -4.10616, -4.04728, -7.81075, -6.39598, -3.76967, -6.99361, 
-3.85049, -3.8104, 0, 0, 0, 0, 0, 0, 0, 0, 0, 0, 0, 0, 0, 0, 
0, 0, 0, 0, 0, 0, 0, 0, 0.59646, 0.64038, 0.62332, 0.64392, 0.6683, 
0.64025, 0.68187, 0.66743, 0.64835, 0.64877, 0.66559, 0.58001, 
0.60334, 0.62426, 0.62662, 0.64772, 0.61711, 0.62814, 0.65174, 
0.63011, 0.6388, 0.63312, 0.1352, 0.1688, 0.162, 0.1866, 0.258, 
0.6156, 0.395, 0.2521, 0.6003, 0.5138, 0.5769, 274.3, 293.2, 
321.1, 340.2, 359.7, 391.7, 418.3, 440.9, 467.8, 476.7, 499.9, 
803, 224, 429, 2131, 191, 1075, 1911, 1513, 413, 1876, 963, 1, 
2, 1, 1, 1, 1, 1, 1, 1, 1, 1, 100, 100, 100, 100, 100, 100, 100, 
100, 100, 100, 100, 2500, 2500, 2500, 2500, 2500, 2500, 2500, 
2500, 2500, 2500, 2500, 9907.253, 10375.167, 10677.526, 11183.655, 
11910.927, 12459.216, 13114.801, 13903.688, 14652.959, 15598.977, 
17237.712, 1, 1, 1, 1, 1, 1, 1, 1, 1, 1, 1, 0.125, 0.125, 0.125, 
0.125, 0.125, 0.125, 0.125, 0.125, 0.125, 0.125, 0.125, 0, 0, 
0, 0, 0, 0, 0, 0, 0, 0, 0, 0, 0, 0, 0, 0, 0, 0, 0, 0, 0, 0, 0.36589, 
0.39633, 0.42819, 0.43133, 0.44287, 0.42718, 0.41673, 0.45549, 
0.43088, 0.44395, 0.45438, 0.36346, 0.39831, 0.41998, 0.43548, 
0.42212, 0.41562, 0.4335, 0.45203, 0.43249, 0.44816, 0.45328, 
0.1197, 0.1335, 0.1456, 0.1628, 0.1741, 0.2012, 0.2149, 0.2357, 
0.2551, 0.2706, 0.3088, 297.9, 325.2, 354.8, 383.5, 415.4, 445.7, 
474.3, 502.8, 532.5, 559.1, 594.6, 1, 1, 1, 1, 1, 1, 1, 1, 1, 
1, 1, 1, 1, 1, 1, 1, 1, 1, 1, 1, 1, 1, 1, 1, 1, 1, 1, 1, 1, 1, 
1, 1, 1, 1, 1, 1, 1, 1, 1, 1, 1, 1, 1, 1, 3.819, 3.871, 4.004, 
4.095, 4.066, 4.521, 4.636, 4.789, 5.07, 5.118, 5.905), .Dim = c(11L, 
40L), .Dimnames = list(NULL, c("Sampling", "PSO.cost", "PSO.gamma", 
"PSO.data.balancing", "PSO.feature.selection", "PSO.valid.acc", 
"PSO.test.acc", "PSO.train.time", "PSO.n.support.vectors", "PSO.index", 
"PSO.n.solutions", "PSO.generations", "PSO.n.evaluations", "PSO.cpu.time", 
"RS.cost", "RS.gamma", "RS.data.balancing", "RS.feature.selection", 
"RS.valid.acc", "RS.test.acc", "RS.train.time", "RS.n.support.vectors", 
"RS.index", "RS.n.solutions", "RS.generations", "RS.n.evaluations", 
"RS.cpu.time", "DF.cost", "DF.gamma", "DF.data.balancing", "DF.feature.selection", 
"DF.valid.acc", "DF.test.acc", "DF.train.time", "DF.n.support.vectors", 
"DF.index", "DF.n.solutions", "DF.generations", "DF.n.evaluations", 
"DF.cpu.time")))
