full <-
structure(c(50, 55, 60, 65, 70, 75, 80, 85, 90, 95, 100, 7.57309, 
10.45958, 13.34254, 12.40994, 5.80868, 6.34466, 10.05621, 5.0515, 
5.10899, 5.01802, 15, -2.89121, -6.12189, -6.69365, -7.48466, 
-4.70515, -4.94286, -5.80731, -2.59969, -3.75235, -4.1538, -4.04381, 
0, 0, 0, 0, 0, 0, 0, 0, 0, 0, 0, 0, 0, 0, 0, 0, 0, 0, 0, 0, 0, 
0, 0.57191, 0.6031, 0.58274, 0.61126, 0.61752, 0.61399, 0.63139, 
0.64263, 0.63988, 0.64457, 0.67741, 0.56148, 0.56375, 0.59869, 
0.59755, 0.60525, 0.59242, 0.60274, 0.64066, 0.62237, 0.62555, 
0.6489, 0.1305, 0.1966, 0.3472, 0.3522, 0.204, 0.2324, 0.3511, 
0.2488, 0.2742, 0.3, 0.7391, 280.6, 306.5, 330.9, 358.5, 384.2, 
411.6, 429.8, 445.3, 482.8, 509.2, 499.8, 1883, 1948, 1006, 1761, 
2081, 530, 727, 2322, 1386, 1335, 670, 15, 1, 47, 24, 1, 43, 
4, 4, 19, 37, 569, 100, 100, 100, 100, 100, 100, 100, 100, 100, 
100, 100, 2500, 2500, 2500, 2500, 2500, 2500, 2500, 2500, 2500, 
2500, 2500, 10034.933, 11518.873, 13730.074, 14569.783, 11641.611, 
12296.246, 14889.672, 12679.708, 13815.635, 17951.622, 23115.032, 
8.12885, 9.87171, 6.79706, 7.08517, 5.50078, 4.52801, 10.30983, 
5.76186, 4.40775, 8.89512, 14.45112, -3.0191, -5.9213, -4.14506, 
-3.30519, -4.30812, -3.09833, -5.91395, -2.78989, -3.44189, -5.86529, 
-4.02399, 0, 0, 0, 0, 0, 0, 0, 0, 0, 0, 0, 0, 0, 0, 0, 0, 0, 
0, 0, 0, 0, 0, 0.56355, 0.59855, 0.58136, 0.61243, 0.61157, 0.61092, 
0.62797, 0.63648, 0.63843, 0.64316, 0.66973, 0.55384, 0.5658, 
0.59303, 0.58256, 0.60971, 0.5994, 0.60115, 0.63585, 0.61529, 
0.64049, 0.65002, 0.1326, 0.1843, 0.1712, 0.1848, 0.1981, 0.211, 
0.3625, 0.2505, 0.2709, 0.4031, 0.6313, 279.4, 307.2, 335.7, 
349.2, 383, 405.6, 429, 443, 485, 501.6, 499.2, 82, 49, 2320, 
2350, 501, 345, 92, 1173, 1482, 175, 748, 3, 3, 1, 1, 1, 1, 1, 
1, 1, 1, 1, 100, 100, 100, 100, 100, 100, 100, 100, 100, 100, 
100, 2500, 2500, 2500, 2500, 2500, 2500, 2500, 2500, 2500, 2500, 
2500, 10122.072, 10634.419, 11234.322, 11739.572, 12163.511, 
12750.137, 13494.827, 14249.247, 15001.562, 15737.283, 17691.524, 
1, 1, 1, 1, 1, 1, 1, 1, 1, 1, 1, 0.125, 0.125, 0.125, 0.125, 
0.125, 0.125, 0.125, 0.125, 0.125, 0.125, 0.125, 0, 0, 0, 0, 
0, 0, 0, 0, 0, 0, 0, 0, 0, 0, 0, 0, 0, 0, 0, 0, 0, 0, 0.39047, 
0.38926, 0.39069, 0.40249, 0.40615, 0.408, 0.42326, 0.41911, 
0.41114, 0.42335, 0.4511, 0.39306, 0.4123, 0.3893, 0.41621, 0.41208, 
0.3903, 0.41992, 0.42953, 0.41855, 0.42039, 0.4511, 0.1194, 0.1383, 
0.1563, 0.1695, 0.1806, 0.2024, 0.2198, 0.235, 0.2584, 0.2823, 
0.3047, 302.5, 332.8, 363.4, 391, 420.4, 449.5, 477.3, 506.5, 
535.5, 563.5, 593.9, 1, 1, 1, 1, 1, 1, 1, 1, 1, 1, 1, 1, 1, 1, 
1, 1, 1, 1, 1, 1, 1, 1, 1, 1, 1, 1, 1, 1, 1, 1, 1, 1, 1, 1, 1, 
1, 1, 1, 1, 1, 1, 1, 1, 1, 3.806, 4.052, 4.14, 4.223, 4.466, 
4.514, 4.636, 4.784, 5.115, 5.353, 6.145), .Dim = c(11L, 40L), .Dimnames = list(
    NULL, c("Sampling", "PSO.cost", "PSO.gamma", "PSO.data.balancing", 
    "PSO.feature.selection", "PSO.valid.acc", "PSO.test.acc", 
    "PSO.train.time", "PSO.n.support.vectors", "PSO.index", "PSO.n.solutions", 
    "PSO.generations", "PSO.n.evaluations", "PSO.cpu.time", "RS.cost", 
    "RS.gamma", "RS.data.balancing", "RS.feature.selection", 
    "RS.valid.acc", "RS.test.acc", "RS.train.time", "RS.n.support.vectors", 
    "RS.index", "RS.n.solutions", "RS.generations", "RS.n.evaluations", 
    "RS.cpu.time", "DF.cost", "DF.gamma", "DF.data.balancing", 
    "DF.feature.selection", "DF.valid.acc", "DF.test.acc", "DF.train.time", 
    "DF.n.support.vectors", "DF.index", "DF.n.solutions", "DF.generations", 
    "DF.n.evaluations", "DF.cpu.time")))
