full <-
structure(c(50, 55, 60, 65, 70, 75, 80, 85, 90, 95, 100, 8.11148, 
7.42989, 6.83123, 11.23226, 5.37987, 5.1231, 10.40123, 4.44302, 
4.50784, 7.95713, 15, -5.30682, -3.975, -3.8958, -5.99704, -3.22392, 
-3.20849, -4.60427, -2.95148, -2.92741, -4.95727, -4.01507, 0, 
0, 0, 0, 0, 0, 0, 0, 0, 0, 0, 0, 0, 0, 0, 0, 0, 0, 0, 0, 0, 0, 
0.66697, 0.66458, 0.66069, 0.67513, 0.64459, 0.64591, 0.64895, 
0.64336, 0.64355, 0.66788, 0.65259, 0.64408, 0.63349, 0.65907, 
0.65966, 0.61784, 0.62967, 0.61318, 0.63073, 0.61968, 0.63558, 
0.64805, 0.1385, 0.1472, 0.1759, 0.299, 0.2182, 0.2247, 0.3025, 
0.2526, 0.2858, 0.3587, 0.7172, 279.5, 303, 325.6, 349.5, 380.6, 
407.9, 419.5, 455.3, 474.4, 500.3, 500.4, 2144, 751, 1094, 1888, 
2363, 1594, 782, 711, 2332, 2173, 2249, 5, 100, 134, 4, 1, 27, 
126, 59, 1, 1, 1, 100, 100, 100, 100, 100, 100, 100, 100, 100, 
100, 100, 2500, 2500, 2500, 2500, 2500, 2500, 2500, 2500, 2500, 
2500, 2500, 9893.517, 10190.147, 10778.78, 12558.133, 12734.34, 
12396.012, 14105.452, 12995.719, 13572.385, 16031.077, 18486.957, 
8.27441, 7.75842, 5.33019, 10.70743, 5.49204, 6.53718, 10.39135, 
5.59468, 5.11739, 8.30696, 12.8739, -5.27636, -4.12131, -3.32268, 
-5.82311, -3.5032, -4.01815, -4.52692, -3.77573, -3.46697, -5.16595, 
-2.64859, 0, 0, 0, 0, 0, 0, 0, 0, 0, 0, 0, 0, 0, 0, 0, 0, 0, 
0, 0, 0, 0, 0, 0.65924, 0.65985, 0.65718, 0.67086, 0.63945, 0.64016, 
0.64731, 0.6401, 0.63934, 0.66523, 0.65, 0.6365, 0.63358, 0.63691, 
0.67013, 0.6201, 0.63203, 0.61146, 0.62748, 0.637, 0.63837, 0.62724, 
0.149, 0.163, 0.1598, 0.2765, 0.2158, 0.2307, 0.2999, 0.2789, 
0.2971, 0.3775, 0.3952, 278.6, 302.7, 328.6, 351.4, 381.1, 405, 
421.2, 454.7, 477.8, 500.9, 508.7, 1236, 1937, 215, 1136, 675, 
1345, 1261, 1154, 2349, 1467, 1084, 1, 1, 1, 1, 1, 1, 1, 1, 1, 
1, 1, 100, 100, 100, 100, 100, 100, 100, 100, 100, 100, 100, 
2500, 2500, 2500, 2500, 2500, 2500, 2500, 2500, 2500, 2500, 2500, 
9516.168, 10466.628, 11062.858, 11904.937, 12724.99, 12824.563, 
13554.359, 14355.487, 15388.278, 16335.991, 17193.748, 1, 1, 
1, 1, 1, 1, 1, 1, 1, 1, 1, 0.125, 0.125, 0.125, 0.125, 0.125, 
0.125, 0.125, 0.125, 0.125, 0.125, 0.125, 0, 0, 0, 0, 0, 0, 0, 
0, 0, 0, 0, 0, 0, 0, 0, 0, 0, 0, 0, 0, 0, 0, 0.39561, 0.39454, 
0.38807, 0.38599, 0.3938, 0.39524, 0.39076, 0.41264, 0.4221, 
0.42163, 0.44627, 0.40845, 0.40733, 0.39732, 0.39075, 0.3871, 
0.40062, 0.3876, 0.39394, 0.42605, 0.41739, 0.44713, 0.1188, 
0.1454, 0.155, 0.1838, 0.2009, 0.2091, 0.2234, 0.2522, 0.2675, 
0.2915, 0.3118, 306.2, 333.7, 362.5, 391.4, 420.3, 447.4, 477.5, 
507.3, 535.3, 565.6, 593.4, 1, 1, 1, 1, 1, 1, 1, 1, 1, 1, 1, 
1, 1, 1, 1, 1, 1, 1, 1, 1, 1, 1, 1, 1, 1, 1, 1, 1, 1, 1, 1, 1, 
1, 1, 1, 1, 1, 1, 1, 1, 1, 1, 1, 1, 3.492, 4.013, 3.995, 4.404, 
4.544, 4.487, 4.663, 4.993, 5.091, 5.347, 5.488), .Dim = c(11L, 
40L), .Dimnames = list(NULL, c("Sampling", "PSO.cost", "PSO.gamma", 
"PSO.data.balancing", "PSO.feature.selection", "PSO.valid.acc", 
"PSO.test.acc", "PSO.train.time", "PSO.n.support.vectors", "PSO.index", 
"PSO.n.solutions", "PSO.generations", "PSO.n.evaluations", "PSO.cpu.time", 
"RS.cost", "RS.gamma", "RS.data.balancing", "RS.feature.selection", 
"RS.valid.acc", "RS.test.acc", "RS.train.time", "RS.n.support.vectors", 
"RS.index", "RS.n.solutions", "RS.generations", "RS.n.evaluations", 
"RS.cpu.time", "DF.cost", "DF.gamma", "DF.data.balancing", "DF.feature.selection", 
"DF.valid.acc", "DF.test.acc", "DF.train.time", "DF.n.support.vectors", 
"DF.index", "DF.n.solutions", "DF.generations", "DF.n.evaluations", 
"DF.cpu.time")))
