full <-
structure(c(50, 55, 60, 65, 70, 75, 80, 85, 90, 95, 100, 9.10733, 
7.4653, 5.86137, 8.96679, 11.52658, 4.15528, 6.51289, 14.95308, 
15, 12.81929, 14.93934, -4.69012, -3.85383, -3.35944, -4.43446, 
-3.34632, -1.90555, -3.75001, -2.29025, -3.46929, -2.83319, -3.45334, 
0, 0, 0, 0, 0, 0, 0, 0, 0, 0, 0, 0, 0, 0, 0, 0, 0, 0, 0, 0, 0, 
0, 0.60894, 0.64784, 0.64206, 0.64573, 0.61532, 0.63816, 0.62326, 
0.65018, 0.66025, 0.66497, 0.67245, 0.59977, 0.65396, 0.63206, 
0.61175, 0.60798, 0.61647, 0.60319, 0.63907, 0.64987, 0.65299, 
0.66679, 0.1374, 0.1436, 0.1532, 0.1944, 0.2121, 0.2111, 0.2356, 
0.2557, 0.4027, 0.3354, 0.5015, 279.6, 306, 328.7, 346.2, 374.4, 
406.9, 421.8, 446.9, 460.8, 488, 502.4, 999, 1131, 2105, 2167, 
1303, 1481, 1891, 338, 264, 1661, 326, 132, 106, 2, 1, 20, 129, 
22, 819, 75, 35, 774, 100, 100, 100, 100, 100, 100, 100, 100, 
100, 100, 100, 2500, 2500, 2500, 2500, 2500, 2500, 2500, 2500, 
2500, 2500, 2500, 10071.751, 10321.226, 10536.245, 11277.279, 
11793.203, 12127.697, 13708.669, 13293.181, 14646.195, 15336.391, 
19157.42, 8.8699, 11.11993, 6.41055, 9.05107, 11.87487, 4.83549, 
5.29473, 12.9209, 11.85223, 13.47069, 14.35546, -4.46961, -5.15597, 
-3.60126, -4.45706, -7.28114, -1.9513, -3.39148, -2.26495, -2.46233, 
-3.38829, -3.44608, 0, 0, 0, 0, 0, 0, 0, 0, 0, 0, 0, 0, 0, 0, 
0, 0, 0, 0, 0, 0, 0, 0, 0.59845, 0.64287, 0.63101, 0.64584, 0.61443, 
0.63305, 0.61861, 0.65018, 0.65884, 0.66346, 0.66991, 0.60769, 
0.63637, 0.63024, 0.61364, 0.62146, 0.6097, 0.60887, 0.63907, 
0.64528, 0.6586, 0.66544, 0.1322, 0.1766, 0.1527, 0.195, 0.354, 
0.2085, 0.2282, 0.2596, 0.2907, 0.3931, 0.4848, 279.8, 300.9, 
328.2, 346.2, 377.5, 406.5, 428.3, 446.5, 468.7, 485.5, 502.8, 
1268, 2400, 1510, 829, 943, 1454, 917, 1334, 377, 1244, 1321, 
1, 1, 2, 1, 1, 1, 1, 1, 1, 1, 1, 100, 100, 100, 100, 100, 100, 
100, 100, 100, 100, 100, 2500, 2500, 2500, 2500, 2500, 2500, 
2500, 2500, 2500, 2500, 2500, 9984.856, 10293.573, 10765.358, 
11226.739, 11895.383, 12743.383, 13193.495, 13998.297, 14731.31, 
15790.118, 16726.992, 1, 1, 1, 1, 1, 1, 1, 1, 1, 1, 1, 0.125, 
0.125, 0.125, 0.125, 0.125, 0.125, 0.125, 0.125, 0.125, 0.125, 
0.125, 0, 0, 0, 0, 0, 0, 0, 0, 0, 0, 0, 0, 0, 0, 0, 0, 0, 0, 
0, 0, 0, 0, 0.4139, 0.41174, 0.44173, 0.43609, 0.42498, 0.43865, 
0.4233, 0.44282, 0.42624, 0.44333, 0.44404, 0.40342, 0.41378, 
0.42639, 0.43342, 0.41436, 0.44285, 0.42207, 0.44889, 0.43029, 
0.42679, 0.44679, 0.1161, 0.1287, 0.1436, 0.159, 0.1815, 0.1924, 
0.2195, 0.2268, 0.2499, 0.2787, 0.3022, 305.2, 332.9, 362.1, 
389.6, 417.5, 448.4, 475.7, 503.9, 533.8, 563, 593.9, 1, 1, 1, 
1, 1, 1, 1, 1, 1, 1, 1, 1, 1, 1, 1, 1, 1, 1, 1, 1, 1, 1, 1, 1, 
1, 1, 1, 1, 1, 1, 1, 1, 1, 1, 1, 1, 1, 1, 1, 1, 1, 1, 1, 1, 3.8, 
3.924, 3.974, 4.084, 4.345, 4.307, 4.685, 4.587, 5.053, 5.349, 
5.601), .Dim = c(11L, 40L), .Dimnames = list(NULL, c("Sampling", 
"PSO.cost", "PSO.gamma", "PSO.data.balancing", "PSO.feature.selection", 
"PSO.valid.acc", "PSO.test.acc", "PSO.train.time", "PSO.n.support.vectors", 
"PSO.index", "PSO.n.solutions", "PSO.generations", "PSO.n.evaluations", 
"PSO.cpu.time", "RS.cost", "RS.gamma", "RS.data.balancing", "RS.feature.selection", 
"RS.valid.acc", "RS.test.acc", "RS.train.time", "RS.n.support.vectors", 
"RS.index", "RS.n.solutions", "RS.generations", "RS.n.evaluations", 
"RS.cpu.time", "DF.cost", "DF.gamma", "DF.data.balancing", "DF.feature.selection", 
"DF.valid.acc", "DF.test.acc", "DF.train.time", "DF.n.support.vectors", 
"DF.index", "DF.n.solutions", "DF.generations", "DF.n.evaluations", 
"DF.cpu.time")))
