full <-
structure(c(50, 55, 60, 65, 70, 75, 80, 85, 90, 95, 100, 8.62924, 
6.27864, 9.58673, 14.88573, 9.97462, 6.14834, 6.49618, 10.52657, 
15, 5.39374, 13.0311, -4.37288, -4.04801, -4.8353, -7.68399, 
-5.78915, -4.11061, -3.09214, -4.3389, -3.6903, -3.46837, -3.45293, 
0, 0, 0, 0, 0, 0, 0, 0, 0, 0, 0, 0, 0, 0, 0, 0, 0, 0, 0, 0, 0, 
0, 0.58502, 0.60838, 0.60818, 0.6101, 0.63846, 0.65921, 0.63982, 
0.65219, 0.6645, 0.65846, 0.67366, 0.56987, 0.61129, 0.58329, 
0.60606, 0.61742, 0.62677, 0.63138, 0.61888, 0.63399, 0.62123, 
0.65063, 0.1396, 0.1458, 0.1933, 0.7836, 0.2804, 0.2316, 0.2502, 
0.315, 0.4808, 0.2982, 0.4637, 278.6, 303.1, 323.9, 350.4, 377.4, 
405.8, 422.3, 438.7, 461.8, 492.6, 504.5, 1677, 1090, 1200, 536, 
797, 1289, 1217, 1437, 338, 1503, 1878, 5, 12, 24, 50, 259, 27, 
35, 83, 1074, 18, 8, 100, 100, 100, 100, 100, 100, 100, 100, 
100, 100, 100, 2500, 2500, 2500, 2500, 2500, 2500, 2500, 2500, 
2500, 2500, 2500, 10177.227, 10010.046, 11969.219, 23753.806, 
13225.737, 12281.994, 13076.49, 14460.865, 17784.137, 14664.495, 
20088.376, 11.01958, 6.3547, 11.58749, 14.96408, 9.86984, 5.81478, 
6.4098, 9.82736, 14.51357, 5.51655, 13.14897, -4.46024, -4.07414, 
-5.75744, -7.54262, -5.67471, -3.95901, -3.05846, -4.43893, -3.49527, 
-3.54577, -3.44607, 0, 0, 0, 0, 0, 0, 0, 0, 0, 0, 0, 0, 0, 0, 
0, 0, 0, 0, 0, 0, 0, 0, 0.57821, 0.60595, 0.60406, 0.60785, 0.63666, 
0.65378, 0.63813, 0.64691, 0.66142, 0.653, 0.66843, 0.56949, 
0.61129, 0.58495, 0.60806, 0.61377, 0.62679, 0.6267, 0.62455, 
0.63382, 0.62123, 0.6532, 0.1494, 0.1441, 0.2471, 0.7715, 0.2884, 
0.2256, 0.2472, 0.3217, 0.4294, 0.3013, 0.4832, 276.9, 303.6, 
323.8, 349.1, 377.9, 405.9, 422.4, 438.2, 461.2, 493.5, 505, 
1462, 1439, 911, 962, 237, 2323, 1179, 1817, 158, 127, 1486, 
1, 1, 2, 1, 1, 1, 1, 1, 1, 1, 1, 100, 100, 100, 100, 100, 100, 
100, 100, 100, 100, 100, 2500, 2500, 2500, 2500, 2500, 2500, 
2500, 2500, 2500, 2500, 2500, 9806.363, 10311.945, 11064.464, 
11874.237, 12253.226, 12879.986, 14118.088, 14537.009, 15774.417, 
15779.819, 17380.68, 1, 1, 1, 1, 1, 1, 1, 1, 1, 1, 1, 0.125, 
0.125, 0.125, 0.125, 0.125, 0.125, 0.125, 0.125, 0.125, 0.125, 
0.125, 0, 0, 0, 0, 0, 0, 0, 0, 0, 0, 0, 0, 0, 0, 0, 0, 0, 0, 
0, 0, 0, 0, 0.37412, 0.41487, 0.3989, 0.40354, 0.3794, 0.39685, 
0.41545, 0.43421, 0.44139, 0.43788, 0.43963, 0.37942, 0.40078, 
0.39481, 0.39523, 0.40182, 0.40791, 0.41203, 0.4242, 0.43059, 
0.431, 0.44643, 0.1218, 0.1342, 0.1533, 0.1715, 0.1923, 0.208, 
0.2401, 0.2439, 0.2613, 0.2821, 0.3192, 305.8, 334.4, 364.3, 
393.8, 421.1, 449.7, 479.1, 508.3, 536.2, 562.6, 593.8, 1, 1, 
1, 1, 1, 1, 1, 1, 1, 1, 1, 1, 1, 1, 1, 1, 1, 1, 1, 1, 1, 1, 1, 
1, 1, 1, 1, 1, 1, 1, 1, 1, 1, 1, 1, 1, 1, 1, 1, 1, 1, 1, 1, 1, 
3.696, 3.867, 4.052, 4.301, 4.505, 4.71, 5.029, 4.802, 4.932, 
5.165, 5.782), .Dim = c(11L, 40L), .Dimnames = list(NULL, c("Sampling", 
"PSO.cost", "PSO.gamma", "PSO.data.balancing", "PSO.feature.selection", 
"PSO.valid.acc", "PSO.test.acc", "PSO.train.time", "PSO.n.support.vectors", 
"PSO.index", "PSO.n.solutions", "PSO.generations", "PSO.n.evaluations", 
"PSO.cpu.time", "RS.cost", "RS.gamma", "RS.data.balancing", "RS.feature.selection", 
"RS.valid.acc", "RS.test.acc", "RS.train.time", "RS.n.support.vectors", 
"RS.index", "RS.n.solutions", "RS.generations", "RS.n.evaluations", 
"RS.cpu.time", "DF.cost", "DF.gamma", "DF.data.balancing", "DF.feature.selection", 
"DF.valid.acc", "DF.test.acc", "DF.train.time", "DF.n.support.vectors", 
"DF.index", "DF.n.solutions", "DF.generations", "DF.n.evaluations", 
"DF.cpu.time")))
