full <-
structure(c(50, 55, 60, 65, 70, 75, 80, 85, 90, 95, 100, 7.28237, 
7.8679, 14.69476, 9.7559, 6.24011, 15, 9.87885, 12.2595, 14.96779, 
13.93883, 14.05844, -6.30861, -5.38374, -7.31369, -5.37954, -3.79999, 
-3.2472, -6.4851, -8.83914, -4.12292, -7.12127, -3.72224, 0, 
0, 0, 0, 0, 0, 0, 0, 0, 0, 0, 0, 0, 0, 0, 0, 0, 0, 0, 0, 0, 0, 
0.57916, 0.63022, 0.61755, 0.62608, 0.62608, 0.64388, 0.62683, 
0.64142, 0.66174, 0.6649, 0.66021, 0.55452, 0.59012, 0.59784, 
0.59304, 0.58856, 0.64233, 0.62268, 0.6118, 0.63825, 0.63642, 
0.63335, 0.1475, 0.1625, 0.4161, 0.2321, 0.1993, 0.262, 0.3504, 
0.5207, 0.5297, 0.9591, 0.5175, 283.7, 301.8, 320.1, 351.6, 375.5, 
391.8, 423.7, 460.8, 453.7, 485.3, 501.6, 600, 715, 2366, 1369, 
2258, 380, 1139, 465, 448, 474, 694, 86, 83, 1, 34, 2, 13, 41, 
15, 637, 440, 328, 100, 100, 100, 100, 100, 100, 100, 100, 100, 
100, 100, 2500, 2500, 2500, 2500, 2500, 2500, 2500, 2500, 2500, 
2500, 2500, 9893.847, 10476.994, 16474.924, 11922.777, 12884.62, 
12498.342, 13911.054, 19816.035, 18804.044, 28811.33, 21065.479, 
8.01684, 7.66735, 14.42004, 9.25559, 6.23516, 14.14016, 9.406, 
14.95973, 14.80473, 13.5727, 14.39634, -4.68865, -5.3614, -7.18298, 
-5.14375, -3.7973, -2.96059, -4.73701, -4.00207, -3.96945, -6.9765, 
-3.81176, 0, 0, 0, 0, 0, 0, 0, 0, 0, 0, 0, 0, 0, 0, 0, 0, 0, 
0, 0, 0, 0, 0, 0.57566, 0.62766, 0.61517, 0.62035, 0.62608, 0.64225, 
0.62365, 0.64105, 0.65898, 0.66216, 0.65628, 0.56858, 0.59477, 
0.59997, 0.60109, 0.58856, 0.64076, 0.60952, 0.64436, 0.64414, 
0.63769, 0.63458, 0.1413, 0.1562, 0.3951, 0.2201, 0.2003, 0.2421, 
0.2821, 0.4747, 0.5098, 0.8728, 0.5693, 280.9, 302.4, 320.7, 
352.9, 375.6, 393.3, 415.5, 435.5, 452.7, 485.8, 500.4, 1872, 
2292, 1699, 552, 1542, 885, 1562, 2026, 269, 1757, 1942, 2, 1, 
1, 2, 1, 5, 1, 1, 1, 1, 1, 100, 100, 100, 100, 100, 100, 100, 
100, 100, 100, 100, 2500, 2500, 2500, 2500, 2500, 2500, 2500, 
2500, 2500, 2500, 2500, 10154.448, 10569.201, 10964.545, 11713.07, 
12229.859, 12888.75, 13456.326, 14186.447, 15168.339, 15929.599, 
17889.923, 1, 1, 1, 1, 1, 1, 1, 1, 1, 1, 1, 0.125, 0.125, 0.125, 
0.125, 0.125, 0.125, 0.125, 0.125, 0.125, 0.125, 0.125, 0, 0, 
0, 0, 0, 0, 0, 0, 0, 0, 0, 0, 0, 0, 0, 0, 0, 0, 0, 0, 0, 0, 0.42115, 
0.4371, 0.42594, 0.42169, 0.41692, 0.44044, 0.44296, 0.43564, 
0.45403, 0.45945, 0.43162, 0.42405, 0.43214, 0.43006, 0.4273, 
0.4448, 0.43416, 0.45586, 0.4447, 0.44798, 0.45418, 0.43163, 
0.1212, 0.1356, 0.1493, 0.1614, 0.1809, 0.2011, 0.2216, 0.2381, 
0.2577, 0.2817, 0.3075, 302.7, 330.9, 358.2, 389, 416.8, 442.7, 
473.6, 503.3, 530.9, 560.8, 594.1, 1, 1, 1, 1, 1, 1, 1, 1, 1, 
1, 1, 1, 1, 1, 1, 1, 1, 1, 1, 1, 1, 1, 1, 1, 1, 1, 1, 1, 1, 1, 
1, 1, 1, 1, 1, 1, 1, 1, 1, 1, 1, 1, 1, 1, 3.851, 4.045, 4.145, 
4.111, 4.403, 4.539, 4.734, 4.819, 5.046, 5.505, 6.237), .Dim = c(11L, 
40L), .Dimnames = list(NULL, c("Sampling", "PSO.cost", "PSO.gamma", 
"PSO.data.balancing", "PSO.feature.selection", "PSO.valid.acc", 
"PSO.test.acc", "PSO.train.time", "PSO.n.support.vectors", "PSO.index", 
"PSO.n.solutions", "PSO.generations", "PSO.n.evaluations", "PSO.cpu.time", 
"RS.cost", "RS.gamma", "RS.data.balancing", "RS.feature.selection", 
"RS.valid.acc", "RS.test.acc", "RS.train.time", "RS.n.support.vectors", 
"RS.index", "RS.n.solutions", "RS.generations", "RS.n.evaluations", 
"RS.cpu.time", "DF.cost", "DF.gamma", "DF.data.balancing", "DF.feature.selection", 
"DF.valid.acc", "DF.test.acc", "DF.train.time", "DF.n.support.vectors", 
"DF.index", "DF.n.solutions", "DF.generations", "DF.n.evaluations", 
"DF.cpu.time")))
