full <-
structure(c(50, 55, 60, 65, 70, 75, 80, 85, 90, 95, 100, 13.44952, 
14.59127, 14.96468, 11.56713, 12.18418, 3.89658, 5.17812, 15, 
10.91447, 13.96391, 7.60511, -6.79472, -3.86796, -5.75853, -4.71944, 
-4.68014, -2.42425, -3.41143, -4.00134, -2.52053, -3.548, -5.10916, 
0, 0, 0, 0, 0, 0, 0, 0, 0, 0, 0, 0, 0, 0, 0, 0, 0, 0, 0, 0, 0, 
0, 0.57258, 0.6293, 0.63039, 0.64357, 0.63516, 0.65675, 0.67971, 
0.67856, 0.65519, 0.66131, 0.68219, 0.55009, 0.6104, 0.61046, 
0.61564, 0.60665, 0.6288, 0.65437, 0.66107, 0.64992, 0.66235, 
0.65294, 0.2033, 0.1621, 0.2781, 0.2124, 0.2547, 0.2018, 0.2232, 
0.4279, 0.2847, 0.4646, 0.3678, 276.1, 300, 318.1, 344.5, 367.3, 
402, 423.1, 429.7, 463.1, 473.9, 531.3, 1516, 160, 620, 574, 
544, 1824, 1576, 367, 637, 1125, 2347, 23, 1297, 168, 48, 63, 
2, 1, 495, 315, 299, 4, 100, 100, 100, 100, 100, 100, 100, 100, 
100, 100, 100, 2500, 2500, 2500, 2500, 2500, 2500, 2500, 2500, 
2500, 2500, 2500, 11386.34, 10733.646, 12239.438, 11831.96, 12343.792, 
11559.177, 11998.812, 15802.131, 13744.915, 17688.31, 15778.073, 
14.69246, 13.43217, 11.02874, 13.01502, 11.87527, 3.7735, 5.39555, 
13.20958, 11.64877, 13.91238, 7.04198, -5.75349, -5.11536, -4.46603, 
-5.10743, -4.76277, -2.34406, -3.45161, -3.30861, -2.53249, -3.52048, 
-4.83116, 0, 0, 0, 0, 0, 0, 0, 0, 0, 0, 0, 0, 0, 0, 0, 0, 0, 
0, 0, 0, 0, 0, 0.57043, 0.62994, 0.63229, 0.63901, 0.63512, 0.65315, 
0.67645, 0.67666, 0.65358, 0.65992, 0.67846, 0.58926, 0.60977, 
0.61492, 0.61962, 0.61614, 0.6341, 0.65268, 0.66269, 0.65275, 
0.66092, 0.6541, 0.2147, 0.1949, 0.1758, 0.2468, 0.2543, 0.203, 
0.2214, 0.3081, 0.284, 0.4433, 0.3592, 274.8, 297.8, 319.4, 343.7, 
368.7, 403.1, 421, 432.5, 462.9, 473.8, 532.8, 1476, 2061, 1296, 
1171, 1056, 1570, 1260, 1886, 2192, 1306, 944, 1, 1, 1, 2, 1, 
1, 2, 3, 1, 1, 1, 100, 100, 100, 100, 100, 100, 100, 100, 100, 
100, 100, 2500, 2500, 2500, 2500, 2500, 2500, 2500, 2500, 2500, 
2500, 2500, 10016.37, 10305.656, 10591.018, 11029.857, 11780.515, 
12646.168, 13079.183, 13748.038, 14725.422, 15746.729, 16764.016, 
1, 1, 1, 1, 1, 1, 1, 1, 1, 1, 1, 0.125, 0.125, 0.125, 0.125, 
0.125, 0.125, 0.125, 0.125, 0.125, 0.125, 0.125, 0, 0, 0, 0, 
0, 0, 0, 0, 0, 0, 0, 0, 0, 0, 0, 0, 0, 0, 0, 0, 0, 0, 0.4098, 
0.41895, 0.42676, 0.42776, 0.41521, 0.41594, 0.44799, 0.43225, 
0.43228, 0.44147, 0.45224, 0.42485, 0.4379, 0.43018, 0.42476, 
0.41345, 0.42006, 0.42488, 0.43024, 0.41953, 0.44051, 0.4534, 
0.1203, 0.132, 0.1468, 0.1646, 0.1769, 0.1911, 0.2102, 0.2301, 
0.2521, 0.2714, 0.3003, 302.8, 332.7, 362.5, 391.4, 419, 448.2, 
476.4, 505.1, 533.1, 560.7, 593.9, 1, 1, 1, 1, 1, 1, 1, 1, 1, 
1, 1, 1, 1, 1, 1, 1, 1, 1, 1, 1, 1, 1, 1, 1, 1, 1, 1, 1, 1, 1, 
1, 1, 1, 1, 1, 1, 1, 1, 1, 1, 1, 1, 1, 1, 3.817, 3.756, 4.003, 
4.16, 4.297, 4.32, 4.668, 4.823, 5.032, 5.079, 5.647), .Dim = c(11L, 
40L), .Dimnames = list(NULL, c("Sampling", "PSO.cost", "PSO.gamma", 
"PSO.data.balancing", "PSO.feature.selection", "PSO.valid.acc", 
"PSO.test.acc", "PSO.train.time", "PSO.n.support.vectors", "PSO.index", 
"PSO.n.solutions", "PSO.generations", "PSO.n.evaluations", "PSO.cpu.time", 
"RS.cost", "RS.gamma", "RS.data.balancing", "RS.feature.selection", 
"RS.valid.acc", "RS.test.acc", "RS.train.time", "RS.n.support.vectors", 
"RS.index", "RS.n.solutions", "RS.generations", "RS.n.evaluations", 
"RS.cpu.time", "DF.cost", "DF.gamma", "DF.data.balancing", "DF.feature.selection", 
"DF.valid.acc", "DF.test.acc", "DF.train.time", "DF.n.support.vectors", 
"DF.index", "DF.n.solutions", "DF.generations", "DF.n.evaluations", 
"DF.cpu.time")))
