full <-
structure(c(50, 55, 60, 65, 70, 75, 80, 85, 90, 95, 100, 6.45336, 
15, 6.22982, 15, 6.89891, 8.27309, 14.49071, 14.60275, 15, 13.44494, 
15, -3.57014, -4.19124, -3.6983, -7.62067, -3.45434, -4.18238, 
-3.86212, -6.12451, -2.80657, -3.33953, -4.04689, 0, 0, 0, 0, 
0, 0, 0, 0, 0, 0, 0, 0, 0, 0, 0, 0, 0, 0, 0, 0, 0, 0, 0.57667, 
0.56029, 0.6168, 0.60445, 0.61169, 0.63525, 0.63603, 0.66264, 
0.65026, 0.65427, 0.66815, 0.55425, 0.52847, 0.59231, 0.58241, 
0.58529, 0.62886, 0.6182, 0.64016, 0.63019, 0.63218, 0.66339, 
0.1339, 0.2283, 0.1639, 0.6459, 0.2006, 0.2425, 0.3512, 0.6452, 
0.3408, 0.4375, 0.7187, 282.4, 305, 331.1, 352.2, 376.1, 399.5, 
417.6, 439.2, 467.5, 483.7, 501.9, 2478, 567, 2160, 549, 1812, 
1921, 1641, 946, 728, 1241, 496, 1, 373, 7, 214, 1, 16, 47, 37, 
376, 35, 249, 100, 100, 100, 100, 100, 100, 100, 100, 100, 100, 
100, 2500, 2500, 2500, 2500, 2500, 2500, 2500, 2500, 2500, 2500, 
2500, 10548.727, 11623.347, 11588.389, 17746.108, 14846.477, 
12364.995, 15453.472, 21212.426, 15154.715, 17457.104, 23646.587, 
6.8262, 7.95916, 6.09394, 14.97743, 7.09049, 3.6861, 14.67447, 
7.70929, 14.78101, 13.71923, 14.7634, -3.70985, -4.70994, -3.71479, 
-7.66311, -3.50121, -2.67239, -3.88888, -3.74434, -2.84289, -3.43948, 
-3.92263, 0, 0, 0, 0, 0, 0, 0, 0, 0, 0, 0, 0, 0, 0, 0, 0, 0, 
0, 0, 0, 0, 0, 0.5736, 0.54815, 0.61055, 0.6026, 0.60781, 0.62688, 
0.63119, 0.66304, 0.65015, 0.65283, 0.66806, 0.54925, 0.53607, 
0.59449, 0.57993, 0.58725, 0.60236, 0.61656, 0.64343, 0.63174, 
0.63087, 0.66209, 0.1321, 0.1532, 0.1635, 0.6538, 0.2009, 0.21, 
0.3664, 0.2695, 0.3438, 0.473, 0.6502, 281.8, 308, 332.2, 352.6, 
375.9, 412.7, 417.6, 441.8, 467.2, 482.8, 501.7, 2054, 1432, 
1771, 172, 1502, 2305, 2005, 43, 2064, 2060, 2138, 1, 1, 1, 1, 
1, 1, 1, 1, 1, 1, 1, 100, 100, 100, 100, 100, 100, 100, 100, 
100, 100, 100, 2500, 2500, 2500, 2500, 2500, 2500, 2500, 2500, 
2500, 2500, 2500, 10192.597, 10597.234, 11038.534, 11620.556, 
12170.883, 12986.517, 13592.633, 14217.715, 14947.39, 15704.743, 
18588.449, 1, 1, 1, 1, 1, 1, 1, 1, 1, 1, 1, 0.125, 0.125, 0.125, 
0.125, 0.125, 0.125, 0.125, 0.125, 0.125, 0.125, 0.125, 0, 0, 
0, 0, 0, 0, 0, 0, 0, 0, 0, 0, 0, 0, 0, 0, 0, 0, 0, 0, 0, 0, 0.35413, 
0.36313, 0.40601, 0.38051, 0.38971, 0.42875, 0.42225, 0.42168, 
0.41296, 0.42608, 0.44965, 0.35684, 0.36758, 0.39808, 0.39846, 
0.40444, 0.41998, 0.41798, 0.41262, 0.40952, 0.4252, 0.45455, 
0.1215, 0.1316, 0.1488, 0.1648, 0.1828, 0.2014, 0.2209, 0.2409, 
0.2585, 0.2768, 0.3118, 302.2, 330.4, 359.7, 389.1, 418.3, 449.3, 
477, 507.2, 535.1, 563.5, 593.4, 1, 1, 1, 1, 1, 1, 1, 1, 1, 1, 
1, 1, 1, 1, 1, 1, 1, 1, 1, 1, 1, 1, 1, 1, 1, 1, 1, 1, 1, 1, 1, 
1, 1, 1, 1, 1, 1, 1, 1, 1, 1, 1, 1, 1, 3.869, 3.997, 4.058, 4.178, 
4.38, 4.543, 4.745, 4.904, 5.11, 5.29, 6.403), .Dim = c(11L, 
40L), .Dimnames = list(NULL, c("Sampling", "PSO.cost", "PSO.gamma", 
"PSO.data.balancing", "PSO.feature.selection", "PSO.valid.acc", 
"PSO.test.acc", "PSO.train.time", "PSO.n.support.vectors", "PSO.index", 
"PSO.n.solutions", "PSO.generations", "PSO.n.evaluations", "PSO.cpu.time", 
"RS.cost", "RS.gamma", "RS.data.balancing", "RS.feature.selection", 
"RS.valid.acc", "RS.test.acc", "RS.train.time", "RS.n.support.vectors", 
"RS.index", "RS.n.solutions", "RS.generations", "RS.n.evaluations", 
"RS.cpu.time", "DF.cost", "DF.gamma", "DF.data.balancing", "DF.feature.selection", 
"DF.valid.acc", "DF.test.acc", "DF.train.time", "DF.n.support.vectors", 
"DF.index", "DF.n.solutions", "DF.generations", "DF.n.evaluations", 
"DF.cpu.time")))
