full <-
structure(c(50, 55, 60, 65, 70, 75, 80, 85, 90, 95, 100, 6.42358, 
10.29547, 13.07006, 6.38205, 6.33406, 14.4082, 14.92391, 5.98861, 
4.08948, 4.10324, 4.98134, -3.82537, -5.03146, -3.30737, -4.06559, 
-3.7838, -3.69397, -2.65221, -3.84528, -3.37741, -2.84098, -3.74299, 
0, 0, 0, 0, 0, 0, 0, 0, 0, 0, 0, 0, 0, 0, 0, 0, 0, 0, 0, 0, 0, 
0, 0.60986, 0.62318, 0.6133, 0.63372, 0.65462, 0.67032, 0.64407, 
0.66028, 0.66502, 0.68117, 0.64924, 0.60891, 0.59897, 0.61126, 
0.621, 0.63009, 0.65501, 0.6364, 0.63868, 0.65182, 0.66445, 0.63181, 
0.1341, 0.1918, 0.1811, 0.1988, 0.2164, 0.269, 0.2591, 0.2707, 
0.2779, 0.3049, 0.3302, 280.5, 304.6, 327.9, 359.4, 382, 391.6, 
422.5, 448.4, 485.1, 500.6, 530.2, 656, 868, 354, 2308, 860, 
167, 531, 2289, 1989, 982, 1768, 158, 143, 774, 4, 188, 596, 
276, 2, 1, 189, 41, 100, 100, 100, 100, 100, 100, 100, 100, 100, 
100, 100, 2500, 2500, 2500, 2500, 2500, 2500, 2500, 2500, 2500, 
2500, 2500, 9566.802, 10533.897, 10775.867, 11142.842, 11793.219, 
13149.855, 13239.449, 13463.665, 15592.766, 14931.996, 16087.798, 
7.06936, 8.81647, 13.53591, 3.34034, 6.36783, 14.93775, 3.67002, 
5.94375, 7.24737, 4.34507, 5.07599, -3.94337, -4.47023, -3.48723, 
-2.04917, -3.80454, -3.69168, -1.888, -4.14028, -4.51686, -2.97808, 
-3.92776, 0, 0, 0, 0, 0, 0, 0, 0, 0, 0, 0, 0, 0, 0, 0, 0, 0, 
0, 0, 0, 0, 0, 0.60691, 0.61648, 0.61322, 0.62965, 0.6528, 0.66862, 
0.64582, 0.65557, 0.66283, 0.67555, 0.64549, 0.61173, 0.60123, 
0.61343, 0.60217, 0.63009, 0.6568, 0.63223, 0.63762, 0.65783, 
0.66459, 0.63839, 0.1401, 0.1621, 0.1784, 0.1916, 0.2099, 0.2847, 
0.2353, 0.2731, 0.3248, 0.2967, 0.3426, 279.5, 306, 328.1, 365.2, 
382.3, 391.5, 433.9, 453.6, 475, 498.9, 532, 1698, 413, 339, 
2480, 2373, 299, 1361, 1457, 938, 284, 1082, 1, 1, 1, 1, 1, 1, 
1, 1, 1, 1, 1, 100, 100, 100, 100, 100, 100, 100, 100, 100, 100, 
100, 2500, 2500, 2500, 2500, 2500, 2500, 2500, 2500, 2500, 2500, 
2500, 9619.454, 9944.001, 10811.773, 11480.084, 12167.842, 13173.023, 
13839.646, 14663.265, 15736.011, 16499.694, 17373.784, 1, 1, 
1, 1, 1, 1, 1, 1, 1, 1, 1, 0.125, 0.125, 0.125, 0.125, 0.125, 
0.125, 0.125, 0.125, 0.125, 0.125, 0.125, 0, 0, 0, 0, 0, 0, 0, 
0, 0, 0, 0, 0, 0, 0, 0, 0, 0, 0, 0, 0, 0, 0, 0.3226, 0.3393, 
0.39068, 0.40341, 0.41555, 0.43554, 0.44391, 0.4338, 0.46147, 
0.45019, 0.44872, 0.31744, 0.34863, 0.38698, 0.39545, 0.40265, 
0.42895, 0.43846, 0.43683, 0.44831, 0.45555, 0.44791, 0.1194, 
0.1366, 0.1629, 0.1823, 0.1959, 0.2123, 0.2303, 0.2487, 0.2797, 
0.297, 0.323, 302.9, 331.9, 363.2, 393, 422.3, 451.1, 477.2, 
505.9, 535.8, 562.8, 594.5, 1, 1, 1, 1, 1, 1, 1, 1, 1, 1, 1, 
1, 1, 1, 1, 1, 1, 1, 1, 1, 1, 1, 1, 1, 1, 1, 1, 1, 1, 1, 1, 1, 
1, 1, 1, 1, 1, 1, 1, 1, 1, 1, 1, 1, 3.468, 3.661, 4.114, 4.335, 
4.488, 4.693, 4.928, 5.1, 5.436, 5.567, 5.904), .Dim = c(11L, 
40L), .Dimnames = list(NULL, c("Sampling", "PSO.cost", "PSO.gamma", 
"PSO.data.balancing", "PSO.feature.selection", "PSO.valid.acc", 
"PSO.test.acc", "PSO.train.time", "PSO.n.support.vectors", "PSO.index", 
"PSO.n.solutions", "PSO.generations", "PSO.n.evaluations", "PSO.cpu.time", 
"RS.cost", "RS.gamma", "RS.data.balancing", "RS.feature.selection", 
"RS.valid.acc", "RS.test.acc", "RS.train.time", "RS.n.support.vectors", 
"RS.index", "RS.n.solutions", "RS.generations", "RS.n.evaluations", 
"RS.cpu.time", "DF.cost", "DF.gamma", "DF.data.balancing", "DF.feature.selection", 
"DF.valid.acc", "DF.test.acc", "DF.train.time", "DF.n.support.vectors", 
"DF.index", "DF.n.solutions", "DF.generations", "DF.n.evaluations", 
"DF.cpu.time")))
