full <-
structure(c(50, 55, 60, 65, 70, 75, 80, 85, 90, 95, 100, 13.14856, 
6.33603, 11.43386, 14.82179, 6.62432, 9.37695, 5.32786, 11.67846, 
6.15182, 14.82058, 13.95328, -6.27748, -4.79766, -6.46679, -4.57532, 
-4.48683, -5.42223, -3.20015, -6.81071, -4.22663, -3.48992, -2.27301, 
0, 0, 0, 0, 0, 0, 0, 0, 0, 0, 0, 0, 0, 0, 0, 0, 0, 0, 0, 0, 0, 
0, 0.63032, 0.60303, 0.61767, 0.62447, 0.63036, 0.63403, 0.653, 
0.64575, 0.65829, 0.66522, 0.65107, 0.58987, 0.56763, 0.58507, 
0.58296, 0.60147, 0.63021, 0.62392, 0.63622, 0.63691, 0.64977, 
0.62246, 0.216, 0.1476, 0.2554, 0.2672, 0.2089, 0.2844, 0.2335, 
0.5128, 0.2838, 0.456, 0.345, 277.9, 314, 331.6, 348.8, 394.5, 
408.4, 426.9, 452.1, 478, 479.4, 513.4, 1324, 1298, 1044, 880, 
1129, 1778, 283, 482, 924, 387, 807, 18, 31, 30, 507, 59, 1, 
296, 49, 41, 1027, 76, 100, 100, 100, 100, 100, 100, 100, 100, 
100, 100, 100, 2500, 2500, 2500, 2500, 2500, 2500, 2500, 2500, 
2500, 2500, 2500, 11434.968, 10075.54, 12106.46, 12920.174, 11724.667, 
12793.121, 12479.056, 18132.9, 14003.153, 17987.744, 17552.734, 
13.16273, 6.62943, 9.22174, 14.71814, 6.55957, 6.83042, 4.77455, 
10.89148, 7.34963, 4.44336, 2.0661, -6.23643, -4.75124, -3.93538, 
-4.54799, -4.47381, -4.67954, -2.80052, -6.37922, -4.8445, -3.33986, 
-1.92878, 0, 0, 0, 0, 0, 0, 0, 0, 0, 0, 0, 0, 0, 0, 0, 0, 0, 
0, 0, 0, 0, 0, 0.62776, 0.60028, 0.61552, 0.62258, 0.62672, 0.63064, 
0.65025, 0.63955, 0.65727, 0.66918, 0.65087, 0.58987, 0.57934, 
0.58026, 0.58296, 0.60336, 0.61998, 0.62563, 0.62998, 0.63694, 
0.66197, 0.62783, 0.2119, 0.1481, 0.1659, 0.2671, 0.2073, 0.2301, 
0.23, 0.4304, 0.3115, 0.2854, 0.3147, 278.1, 312.3, 327.6, 348.7, 
394.4, 415.4, 429.1, 451, 477.5, 504.6, 551.6, 1108, 861, 1752, 
1448, 474, 885, 1316, 48, 272, 624, 92, 4, 1, 1, 1, 1, 1, 1, 
1, 1, 1, 1, 100, 100, 100, 100, 100, 100, 100, 100, 100, 100, 
100, 2500, 2500, 2500, 2500, 2500, 2500, 2500, 2500, 2500, 2500, 
2500, 9859.138, 10678.314, 10888.946, 11425.037, 12051.918, 13005.6, 
13542.228, 14175.854, 14849.813, 15630.676, 16663.752, 1, 1, 
1, 1, 1, 1, 1, 1, 1, 1, 1, 0.125, 0.125, 0.125, 0.125, 0.125, 
0.125, 0.125, 0.125, 0.125, 0.125, 0.125, 0, 0, 0, 0, 0, 0, 0, 
0, 0, 0, 0, 0, 0, 0, 0, 0, 0, 0, 0, 0, 0, 0, 0.37065, 0.3482, 
0.37204, 0.37847, 0.3824, 0.39879, 0.41784, 0.42162, 0.42959, 
0.43919, 0.4407, 0.36849, 0.34005, 0.3541, 0.37334, 0.37585, 
0.39298, 0.41168, 0.41681, 0.4383, 0.43397, 0.441, 0.1182, 0.1329, 
0.1482, 0.1571, 0.185, 0.1992, 0.2193, 0.2354, 0.2529, 0.2794, 
0.3001, 306.7, 336, 364.9, 395.2, 425, 453.8, 481.9, 508.1, 533.3, 
563, 594.1, 1, 1, 1, 1, 1, 1, 1, 1, 1, 1, 1, 1, 1, 1, 1, 1, 1, 
1, 1, 1, 1, 1, 1, 1, 1, 1, 1, 1, 1, 1, 1, 1, 1, 1, 1, 1, 1, 1, 
1, 1, 1, 1, 1, 1, 3.751, 3.953, 3.971, 3.934, 4.335, 4.544, 4.688, 
4.823, 4.912, 5.401, 5.56), .Dim = c(11L, 40L), .Dimnames = list(
    NULL, c("Sampling", "PSO.cost", "PSO.gamma", "PSO.data.balancing", 
    "PSO.feature.selection", "PSO.valid.acc", "PSO.test.acc", 
    "PSO.train.time", "PSO.n.support.vectors", "PSO.index", "PSO.n.solutions", 
    "PSO.generations", "PSO.n.evaluations", "PSO.cpu.time", "RS.cost", 
    "RS.gamma", "RS.data.balancing", "RS.feature.selection", 
    "RS.valid.acc", "RS.test.acc", "RS.train.time", "RS.n.support.vectors", 
    "RS.index", "RS.n.solutions", "RS.generations", "RS.n.evaluations", 
    "RS.cpu.time", "DF.cost", "DF.gamma", "DF.data.balancing", 
    "DF.feature.selection", "DF.valid.acc", "DF.test.acc", "DF.train.time", 
    "DF.n.support.vectors", "DF.index", "DF.n.solutions", "DF.generations", 
    "DF.n.evaluations", "DF.cpu.time")))
