full <-
structure(c(50, 55, 60, 65, 70, 75, 80, 85, 90, 95, 100, 14.37745, 
6.5701, 15, 6.48397, 12.00414, 9.1071, 13.44822, 8.90072, 11.73464, 
8.25309, 15, -10.48972, -4.21725, -9.52967, -3.99631, -7.4901, 
-6.22398, -8.33615, -5.22176, -6.74187, -5.07058, -3.61689, 0, 
0, 0, 0, 0, 0, 0, 0, 0, 0, 0, 0, 0, 0, 0, 0, 0, 0, 0, 0, 0, 0, 
0.59791, 0.59478, 0.6181, 0.60814, 0.61292, 0.61539, 0.61263, 
0.63346, 0.63702, 0.66116, 0.66774, 0.53923, 0.5965, 0.59088, 
0.59471, 0.58582, 0.58829, 0.58959, 0.62872, 0.63838, 0.63602, 
0.63151, 0.2721, 0.1479, 0.4749, 0.1867, 0.3921, 0.2851, 0.8228, 
0.323, 0.6285, 0.3634, 0.5311, 287.5, 305.8, 337.5, 359.2, 382.2, 
407.6, 435.2, 451.7, 472.6, 500.5, 500.7, 1476, 1565, 1599, 894, 
1257, 736, 475, 2364, 886, 1567, 672, 29, 18, 16, 119, 25, 67, 
72, 1, 162, 29, 55, 100, 100, 100, 100, 100, 100, 100, 100, 100, 
100, 100, 2500, 2500, 2500, 2500, 2500, 2500, 2500, 2500, 2500, 
2500, 2500, 12863.97, 10304.018, 15320.947, 11321.901, 17034.095, 
13351.988, 22738.335, 21386.444, 21616.293, 17812.569, 19980.669, 
7.08924, 5.20616, 14.634, 6.20699, 11.45113, 6.86963, 5.07903, 
13.53073, 11.32148, 9.47662, 14.02415, -5.92469, -3.41674, -9.29906, 
-3.92466, -7.30263, -5.06738, -3.79825, -7.29186, -6.45483, -5.62253, 
-3.38924, 0, 0, 0, 0, 0, 0, 0, 0, 0, 0, 0, 0, 0, 0, 0, 0, 0, 
0, 0, 0, 0, 0, 0.59613, 0.5943, 0.61121, 0.60636, 0.61081, 0.60965, 
0.60768, 0.62901, 0.63406, 0.65686, 0.66632, 0.57392, 0.58614, 
0.59272, 0.59675, 0.59108, 0.58644, 0.58791, 0.63215, 0.62985, 
0.63743, 0.63668, 0.1326, 0.1393, 0.432, 0.1858, 0.3559, 0.2359, 
0.2322, 0.8515, 0.5666, 0.4262, 0.4673, 283.9, 308.6, 337.5, 
360.2, 382.4, 410.1, 436.7, 451.1, 472.2, 497.5, 500.8, 1234, 
1029, 1974, 2001, 165, 842, 296, 1435, 19, 2482, 2190, 1, 1, 
1, 1, 1, 1, 1, 1, 1, 1, 1, 100, 100, 100, 100, 100, 100, 100, 
100, 100, 100, 100, 2500, 2500, 2500, 2500, 2500, 2500, 2500, 
2500, 2500, 2500, 2500, 9976.956, 10292.324, 11117.793, 11520.592, 
12165.025, 12822.434, 13476.6, 13990.58, 15206.078, 15662.923, 
18931.816, 1, 1, 1, 1, 1, 1, 1, 1, 1, 1, 1, 0.125, 0.125, 0.125, 
0.125, 0.125, 0.125, 0.125, 0.125, 0.125, 0.125, 0.125, 0, 0, 
0, 0, 0, 0, 0, 0, 0, 0, 0, 0, 0, 0, 0, 0, 0, 0, 0, 0, 0, 0, 0.36492, 
0.35849, 0.36457, 0.36405, 0.39436, 0.41871, 0.4185, 0.43838, 
0.42616, 0.4369, 0.44029, 0.35555, 0.35347, 0.34599, 0.3619, 
0.40347, 0.42695, 0.41708, 0.42097, 0.4406, 0.44271, 0.43629, 
0.1123, 0.131, 0.1493, 0.1623, 0.1819, 0.1985, 0.2186, 0.2302, 
0.2617, 0.2823, 0.3114, 303.9, 333.6, 363.4, 392.3, 422.3, 452.2, 
481.2, 508.6, 538.1, 564.6, 595.1, 1, 1, 1, 1, 1, 1, 1, 1, 1, 
1, 1, 1, 1, 1, 1, 1, 1, 1, 1, 1, 1, 1, 1, 1, 1, 1, 1, 1, 1, 1, 
1, 1, 1, 1, 1, 1, 1, 1, 1, 1, 1, 1, 1, 1, 3.683, 3.818, 4.102, 
4.102, 4.313, 4.47, 4.621, 4.742, 5.157, 5.379, 6.458), .Dim = c(11L, 
40L), .Dimnames = list(NULL, c("Sampling", "PSO.cost", "PSO.gamma", 
"PSO.data.balancing", "PSO.feature.selection", "PSO.valid.acc", 
"PSO.test.acc", "PSO.train.time", "PSO.n.support.vectors", "PSO.index", 
"PSO.n.solutions", "PSO.generations", "PSO.n.evaluations", "PSO.cpu.time", 
"RS.cost", "RS.gamma", "RS.data.balancing", "RS.feature.selection", 
"RS.valid.acc", "RS.test.acc", "RS.train.time", "RS.n.support.vectors", 
"RS.index", "RS.n.solutions", "RS.generations", "RS.n.evaluations", 
"RS.cpu.time", "DF.cost", "DF.gamma", "DF.data.balancing", "DF.feature.selection", 
"DF.valid.acc", "DF.test.acc", "DF.train.time", "DF.n.support.vectors", 
"DF.index", "DF.n.solutions", "DF.generations", "DF.n.evaluations", 
"DF.cpu.time")))
