full <-
structure(c(50, 55, 60, 65, 70, 75, 80, 85, 90, 95, 100, 15, 
6.0113, 3.71828, 14.81958, 6.09989, 5.14727, 9.47818, 12.51512, 
8.65884, 4.53135, 12.78556, -7.72265, -4.54313, -3.2125, -3.06318, 
-3.76447, -3.64658, -5.64592, -6.59219, -5.41381, -3.24441, -2.86255, 
0, 0, 0, 0, 0, 0, 0, 0, 0, 0, 0, 0, 0, 0, 0, 0, 0, 0, 0, 0, 0, 
0, 0.57005, 0.59991, 0.59487, 0.60756, 0.60465, 0.6122, 0.62747, 
0.66171, 0.65291, 0.66416, 0.64716, 0.5665, 0.57326, 0.57475, 
0.59868, 0.58653, 0.61354, 0.62257, 0.63993, 0.64593, 0.65459, 
0.63299, 0.3976, 0.1497, 0.1566, 0.2049, 0.1997, 0.219, 0.3218, 
0.593, 0.3527, 0.2867, 0.3767, 283.4, 311.6, 340.8, 361, 382.5, 
407.7, 425, 445.5, 477.9, 500.7, 501.7, 1455, 2220, 1105, 1576, 
1455, 2395, 2000, 1200, 1155, 1003, 1504, 14, 1, 10, 5, 67, 1, 
6, 27, 59, 94, 21, 100, 100, 100, 100, 100, 100, 100, 100, 100, 
100, 100, 2500, 2500, 2500, 2500, 2500, 2500, 2500, 2500, 2500, 
2500, 2500, 13800.473, 10925.72, 10870.699, 11968.349, 11314.718, 
12401.118, 14967.407, 18541.234, 14970.232, 13877.004, 16641.903, 
12.3515, 8.36023, 3.48068, 3.1424, 6.51949, 5.01207, 8.83543, 
12.46162, 7.71523, 4.18539, 14.92652, -6.35761, -5.18511, -2.98599, 
-1.98138, -4.02373, -3.5554, -5.32747, -6.54023, -4.80328, -3.03724, 
-3.01786, 0, 0, 0, 0, 0, 0, 0, 0, 0, 0, 0, 0, 0, 0, 0, 0, 0, 
0, 0, 0, 0, 0, 0.56173, 0.59582, 0.59274, 0.60645, 0.59699, 0.61198, 
0.62419, 0.65848, 0.65003, 0.65995, 0.64342, 0.56106, 0.57483, 
0.58318, 0.59611, 0.59921, 0.61523, 0.63245, 0.6369, 0.64636, 
0.65324, 0.63414, 0.2252, 0.1694, 0.1606, 0.1797, 0.2098, 0.218, 
0.2947, 0.5973, 0.3143, 0.288, 0.4144, 282.1, 311.2, 341.1, 367.1, 
383.7, 407.4, 427.3, 445.6, 478.5, 500.4, 501.3, 1476, 600, 1758, 
2373, 1787, 1432, 326, 659, 2061, 121, 2225, 1, 1, 1, 1, 1, 1, 
1, 1, 1, 1, 1, 100, 100, 100, 100, 100, 100, 100, 100, 100, 100, 
100, 2500, 2500, 2500, 2500, 2500, 2500, 2500, 2500, 2500, 2500, 
2500, 10144.336, 10383.167, 11004.659, 11599.635, 12302.751, 
12932.473, 13433.929, 14140.69, 14940.799, 15725.16, 16615.315, 
1, 1, 1, 1, 1, 1, 1, 1, 1, 1, 1, 0.125, 0.125, 0.125, 0.125, 
0.125, 0.125, 0.125, 0.125, 0.125, 0.125, 0.125, 0, 0, 0, 0, 
0, 0, 0, 0, 0, 0, 0, 0, 0, 0, 0, 0, 0, 0, 0, 0, 0, 0, 0.3297, 
0.36223, 0.37307, 0.3689, 0.34891, 0.363, 0.38519, 0.39775, 0.43277, 
0.41868, 0.42003, 0.34548, 0.37265, 0.37497, 0.3508, 0.3607, 
0.36579, 0.3752, 0.39468, 0.42221, 0.43504, 0.42709, 0.1187, 
0.1345, 0.1529, 0.1685, 0.1834, 0.2025, 0.2201, 0.2381, 0.259, 
0.2799, 0.306, 303.9, 332.7, 362.3, 391.7, 421.1, 448.6, 478, 
506.9, 534.8, 561.5, 593.5, 1, 1, 1, 1, 1, 1, 1, 1, 1, 1, 1, 
1, 1, 1, 1, 1, 1, 1, 1, 1, 1, 1, 1, 1, 1, 1, 1, 1, 1, 1, 1, 1, 
1, 1, 1, 1, 1, 1, 1, 1, 1, 1, 1, 1, 3.793, 3.795, 4.007, 4.052, 
4.305, 4.519, 4.706, 4.855, 5.057, 5.263, 5.684), .Dim = c(11L, 
40L), .Dimnames = list(NULL, c("Sampling", "PSO.cost", "PSO.gamma", 
"PSO.data.balancing", "PSO.feature.selection", "PSO.valid.acc", 
"PSO.test.acc", "PSO.train.time", "PSO.n.support.vectors", "PSO.index", 
"PSO.n.solutions", "PSO.generations", "PSO.n.evaluations", "PSO.cpu.time", 
"RS.cost", "RS.gamma", "RS.data.balancing", "RS.feature.selection", 
"RS.valid.acc", "RS.test.acc", "RS.train.time", "RS.n.support.vectors", 
"RS.index", "RS.n.solutions", "RS.generations", "RS.n.evaluations", 
"RS.cpu.time", "DF.cost", "DF.gamma", "DF.data.balancing", "DF.feature.selection", 
"DF.valid.acc", "DF.test.acc", "DF.train.time", "DF.n.support.vectors", 
"DF.index", "DF.n.solutions", "DF.generations", "DF.n.evaluations", 
"DF.cpu.time")))
