full <-
structure(c(50, 55, 60, 65, 70, 75, 80, 85, 90, 95, 100, 12.61298, 
12.87686, 9.37835, 12.43706, 14.73915, 4.18285, 9.90682, 12.57014, 
15, 14.7324, 7.75068, -3.16765, -3.97848, -4.16368, -5.20574, 
-5.55281, -3.62037, -2.33584, -2.42291, -3.46896, -3.38809, -4.12416, 
0, 0, 0, 0, 0, 0, 0, 0, 0, 0, 0, 0, 0, 0, 0, 0, 0, 0, 0, 0, 0, 
0, 0.60354, 0.60853, 0.63586, 0.63391, 0.63854, 0.63256, 0.63771, 
0.63573, 0.64193, 0.66216, 0.65262, 0.57553, 0.57792, 0.60017, 
0.59751, 0.59645, 0.60368, 0.61469, 0.63143, 0.63783, 0.64518, 
0.64683, 0.1474, 0.1682, 0.1728, 0.2506, 0.405, 0.2164, 0.2408, 
0.2692, 0.4187, 0.4356, 0.3488, 284.4, 306.6, 331.2, 352.5, 372.7, 
410.7, 425.1, 448.3, 461.3, 477.6, 510.3, 101, 666, 2021, 1287, 
1160, 1147, 1076, 1450, 182, 1233, 1650, 1247, 87, 5, 8, 3, 39, 
106, 535, 480, 79, 1, 100, 100, 100, 100, 100, 100, 100, 100, 
100, 100, 100, 2500, 2500, 2500, 2500, 2500, 2500, 2500, 2500, 
2500, 2500, 2500, 9803.338, 11088.133, 10624.522, 12941.487, 
14701.841, 12247.843, 12548.312, 13346.501, 16723.817, 16247.048, 
15955.013, 12.87666, 14.6142, 9.77877, 7.61165, 13.44836, 3.98067, 
11.11953, 11.68068, 13.4577, 12.74806, 7.42637, -3.15231, -4.4271, 
-4.36626, -3.52607, -5.37324, -3.52305, -2.6124, -2.42623, -3.66081, 
-3.16031, -4.05138, 0, 0, 0, 0, 0, 0, 0, 0, 0, 0, 0, 0, 0, 0, 
0, 0, 0, 0, 0, 0, 0, 0, 0.60354, 0.60615, 0.63146, 0.62741, 0.63458, 
0.63078, 0.63573, 0.63424, 0.64048, 0.65974, 0.65006, 0.57823, 
0.58252, 0.59577, 0.6096, 0.59951, 0.60199, 0.61643, 0.63143, 
0.62907, 0.64663, 0.65219, 0.1393, 0.1902, 0.1774, 0.1863, 0.3306, 
0.2076, 0.2456, 0.2652, 0.4076, 0.3738, 0.341, 284.7, 305.2, 
330.5, 355.5, 374.2, 411.2, 423.1, 448.1, 459.6, 480.8, 510, 
421, 761, 1678, 1475, 736, 2000, 1321, 704, 235, 1699, 893, 5, 
2, 1, 1, 1, 1, 1, 1, 1, 1, 1, 100, 100, 100, 100, 100, 100, 100, 
100, 100, 100, 100, 2500, 2500, 2500, 2500, 2500, 2500, 2500, 
2500, 2500, 2500, 2500, 9940.204, 10273.739, 10719.615, 11398.635, 
11917.145, 12763.475, 13142.74, 13901.426, 14656.708, 15675.782, 
16673.879, 1, 1, 1, 1, 1, 1, 1, 1, 1, 1, 1, 0.125, 0.125, 0.125, 
0.125, 0.125, 0.125, 0.125, 0.125, 0.125, 0.125, 0.125, 0, 0, 
0, 0, 0, 0, 0, 0, 0, 0, 0, 0, 0, 0, 0, 0, 0, 0, 0, 0, 0, 0, 0.39122, 
0.41016, 0.40518, 0.39692, 0.40264, 0.40601, 0.41586, 0.42008, 
0.44594, 0.44658, 0.4487, 0.38851, 0.4052, 0.40976, 0.4094, 0.39479, 
0.42363, 0.42537, 0.4234, 0.43428, 0.43343, 0.43996, 0.1202, 
0.1338, 0.1417, 0.1676, 0.1868, 0.2012, 0.217, 0.2384, 0.2569, 
0.2793, 0.304, 302.1, 332.4, 361.1, 389.9, 421.4, 450.1, 479.7, 
507.6, 536.8, 564.6, 594, 1, 1, 1, 1, 1, 1, 1, 1, 1, 1, 1, 1, 
1, 1, 1, 1, 1, 1, 1, 1, 1, 1, 1, 1, 1, 1, 1, 1, 1, 1, 1, 1, 1, 
1, 1, 1, 1, 1, 1, 1, 1, 1, 1, 1, 3.867, 3.838, 3.747, 4.225, 
4.428, 4.469, 4.647, 4.924, 4.988, 5.306, 5.658), .Dim = c(11L, 
40L), .Dimnames = list(NULL, c("Sampling", "PSO.cost", "PSO.gamma", 
"PSO.data.balancing", "PSO.feature.selection", "PSO.valid.acc", 
"PSO.test.acc", "PSO.train.time", "PSO.n.support.vectors", "PSO.index", 
"PSO.n.solutions", "PSO.generations", "PSO.n.evaluations", "PSO.cpu.time", 
"RS.cost", "RS.gamma", "RS.data.balancing", "RS.feature.selection", 
"RS.valid.acc", "RS.test.acc", "RS.train.time", "RS.n.support.vectors", 
"RS.index", "RS.n.solutions", "RS.generations", "RS.n.evaluations", 
"RS.cpu.time", "DF.cost", "DF.gamma", "DF.data.balancing", "DF.feature.selection", 
"DF.valid.acc", "DF.test.acc", "DF.train.time", "DF.n.support.vectors", 
"DF.index", "DF.n.solutions", "DF.generations", "DF.n.evaluations", 
"DF.cpu.time")))
