full <-
structure(c(50, 55, 60, 65, 70, 75, 80, 85, 90, 95, 100, 10.20347, 
7.19115, 15, 10.94438, 10.33094, 10.80193, 14.32355, 6.91024, 
13.55463, 3.69439, 7.42953, -4.16687, -4.00401, -7.86007, -4.09998, 
-3.53337, -3.91985, -5.61281, -2.65821, -3.53455, -2.37446, -4.81143, 
0, 0, 0, 0, 0, 0, 0, 0, 0, 0, 0, 0, 0, 0, 0, 0, 0, 0, 0, 0, 0, 
0, 0.59137, 0.63803, 0.62695, 0.65917, 0.62382, 0.63573, 0.64076, 
0.64956, 0.66756, 0.65255, 0.65352, 0.55329, 0.61928, 0.6243, 
0.62557, 0.60164, 0.62504, 0.64456, 0.63411, 0.6585, 0.63743, 
0.64836, 0.1498, 0.1561, 0.5972, 0.2205, 0.2321, 0.2665, 0.5343, 
0.2583, 0.4093, 0.2922, 0.3871, 280.8, 307.5, 327.1, 348.2, 373.8, 
393, 415.3, 440.9, 459.1, 498.3, 528.2, 482, 872, 640, 244, 2183, 
432, 347, 2118, 713, 2128, 1225, 103, 32, 14, 504, 1, 184, 18, 
1, 535, 2, 249, 100, 100, 100, 100, 100, 100, 100, 100, 100, 
100, 100, 2500, 2500, 2500, 2500, 2500, 2500, 2500, 2500, 2500, 
2500, 2500, 10018.268, 11393.07, 15450.659, 11852.414, 12815.954, 
13319.037, 20088.6, 14571.052, 16625.105, 14119.669, 17109.4, 
10.08112, 13.70538, 4.76601, 10.50795, 10.93253, 10.72019, 14.0964, 
6.93501, 13.32686, 3.91165, 7.22758, -4.10842, -6.68342, -4.0805, 
-3.86146, -3.49357, -3.9445, -5.85226, -2.68302, -3.42107, -2.43572, 
-4.73601, 0, 0, 0, 0, 0, 0, 0, 0, 0, 0, 0, 0, 0, 0, 0, 0, 0, 
0, 0, 0, 0, 0, 0.59137, 0.63383, 0.62513, 0.65532, 0.62369, 0.63234, 
0.63741, 0.64631, 0.66453, 0.64708, 0.64967, 0.54841, 0.63177, 
0.60463, 0.61174, 0.598, 0.62322, 0.62848, 0.63262, 0.65413, 
0.63466, 0.64709, 0.149, 0.3433, 0.1707, 0.2081, 0.2221, 0.2614, 
0.5465, 0.2589, 0.3955, 0.3007, 0.3825, 280.8, 305.3, 334.4, 
348.1, 373.8, 393.4, 415.5, 440.5, 460.3, 496.3, 528.3, 1201, 
1260, 1357, 1428, 648, 100, 1082, 2339, 1702, 339, 2360, 1, 1, 
1, 1, 1, 1, 1, 1, 2, 1, 1, 100, 100, 100, 100, 100, 100, 100, 
100, 100, 100, 100, 2500, 2500, 2500, 2500, 2500, 2500, 2500, 
2500, 2500, 2500, 2500, 9910.725, 10233.077, 10946.953, 12010.775, 
12641.119, 13404.807, 14201.712, 14907.711, 15520.88, 16145.5, 
17297.821, 1, 1, 1, 1, 1, 1, 1, 1, 1, 1, 1, 0.125, 0.125, 0.125, 
0.125, 0.125, 0.125, 0.125, 0.125, 0.125, 0.125, 0.125, 0, 0, 
0, 0, 0, 0, 0, 0, 0, 0, 0, 0, 0, 0, 0, 0, 0, 0, 0, 0, 0, 0, 0.35949, 
0.42003, 0.40649, 0.41449, 0.43079, 0.43482, 0.43345, 0.44888, 
0.43494, 0.44292, 0.44524, 0.37636, 0.40656, 0.42844, 0.41755, 
0.42523, 0.43297, 0.43862, 0.43642, 0.44646, 0.43706, 0.46334, 
0.1276, 0.1398, 0.1553, 0.1826, 0.2013, 0.2193, 0.2332, 0.2469, 
0.2667, 0.2913, 0.3261, 304.4, 333.1, 362.4, 391.7, 420.9, 450.2, 
478.6, 508.1, 535.8, 561.6, 594.9, 1, 1, 1, 1, 1, 1, 1, 1, 1, 
1, 1, 1, 1, 1, 1, 1, 1, 1, 1, 1, 1, 1, 1, 1, 1, 1, 1, 1, 1, 1, 
1, 1, 1, 1, 1, 1, 1, 1, 1, 1, 1, 1, 1, 1, 3.763, 3.791, 3.929, 
4.454, 4.65, 4.75, 4.983, 4.877, 4.997, 5.39, 5.777), .Dim = c(11L, 
40L), .Dimnames = list(NULL, c("Sampling", "PSO.cost", "PSO.gamma", 
"PSO.data.balancing", "PSO.feature.selection", "PSO.valid.acc", 
"PSO.test.acc", "PSO.train.time", "PSO.n.support.vectors", "PSO.index", 
"PSO.n.solutions", "PSO.generations", "PSO.n.evaluations", "PSO.cpu.time", 
"RS.cost", "RS.gamma", "RS.data.balancing", "RS.feature.selection", 
"RS.valid.acc", "RS.test.acc", "RS.train.time", "RS.n.support.vectors", 
"RS.index", "RS.n.solutions", "RS.generations", "RS.n.evaluations", 
"RS.cpu.time", "DF.cost", "DF.gamma", "DF.data.balancing", "DF.feature.selection", 
"DF.valid.acc", "DF.test.acc", "DF.train.time", "DF.n.support.vectors", 
"DF.index", "DF.n.solutions", "DF.generations", "DF.n.evaluations", 
"DF.cpu.time")))
