full <-
structure(c(50, 55, 60, 65, 70, 75, 80, 85, 90, 95, 100, 14.67665, 
8.90296, 13.91265, 4.79033, 2.71769, 3.53934, 5.95451, 4.61513, 
14.31077, 15, 15, -3.30481, -4.74065, -5.64988, -3.40562, -2.08329, 
-2.59825, -3.71695, -3.42386, -3.73265, -4.07314, -4.02925, 0, 
0, 0, 0, 0, 0, 0, 0, 0, 0, 0, 0, 0, 0, 0, 0, 0, 0, 0, 0, 0, 0, 
0.58677, 0.6001, 0.61627, 0.59825, 0.62267, 0.6264, 0.65304, 
0.64039, 0.65194, 0.64838, 0.6644, 0.57347, 0.58839, 0.57639, 
0.57959, 0.60965, 0.61742, 0.6375, 0.63406, 0.63041, 0.63559, 
0.64927, 0.1358, 0.1691, 0.3197, 0.1862, 0.2159, 0.2169, 0.2552, 
0.2699, 0.4561, 0.7176, 0.6784, 285.2, 309.3, 332.5, 363.2, 391, 
408.9, 426, 450.9, 457.6, 481.8, 500, 244, 318, 875, 1265, 2191, 
1833, 740, 1350, 1887, 636, 2334, 1191, 118, 39, 36, 14, 6, 320, 
33, 36, 138, 1, 100, 100, 100, 100, 100, 100, 100, 100, 100, 
100, 100, 2500, 2500, 2500, 2500, 2500, 2500, 2500, 2500, 2500, 
2500, 2500, 9391.207, 10241.081, 13524.851, 10623.175, 11625.76, 
12285.298, 12817.754, 13262.92, 17908.179, 21787.709, 15342.875, 
14.3271, 13.77844, 13.11212, 5.13076, 2.69459, 2.8942, 4.88865, 
7.12136, 14.66255, 14.62046, 5.45866, -3.3706, -4.98478, -5.37428, 
-3.27468, -2.07602, -2.25299, -3.21279, -4.43868, -3.83912, -3.84248, 
-4.00209, 0, 0, 0, 0, 0, 0, 0, 0, 0, 0, 0, 0, 0, 0, 0, 0, 0, 
0, 0, 0, 0, 0, 0.58407, 0.5979, 0.61419, 0.59178, 0.62257, 0.61792, 
0.64986, 0.633, 0.64897, 0.63999, 0.65561, 0.57084, 0.57351, 
0.57639, 0.58543, 0.60773, 0.60543, 0.6363, 0.64465, 0.63205, 
0.63815, 0.65849, 0.1387, 0.2135, 0.2801, 0.1921, 0.202, 0.2235, 
0.2362, 0.2828, 0.4916, 0.6093, 0.3374, 285.3, 305.5, 332.1, 
360.8, 391.4, 412.1, 428.1, 448.3, 458.1, 481.6, 531, 394, 1770, 
538, 1653, 2114, 1079, 791, 2416, 470, 476, 825, 1, 1, 1, 1, 
1, 1, 1, 1, 1, 1, 1, 100, 100, 100, 100, 100, 100, 100, 100, 
100, 100, 100, 2500, 2500, 2500, 2500, 2500, 2500, 2500, 2500, 
2500, 2500, 2500, 9376.361, 10013.463, 10934.207, 11361.041, 
12384.906, 13074.185, 13773.117, 14610.907, 15128.695, 15933.424, 
16867.128, 1, 1, 1, 1, 1, 1, 1, 1, 1, 1, 1, 0.125, 0.125, 0.125, 
0.125, 0.125, 0.125, 0.125, 0.125, 0.125, 0.125, 0.125, 0, 0, 
0, 0, 0, 0, 0, 0, 0, 0, 0, 0, 0, 0, 0, 0, 0, 0, 0, 0, 0, 0, 0.31403, 
0.37189, 0.35866, 0.38381, 0.38769, 0.41795, 0.4259, 0.41277, 
0.41911, 0.41114, 0.43822, 0.32205, 0.36016, 0.36533, 0.3606, 
0.40281, 0.43499, 0.414, 0.41111, 0.42063, 0.42991, 0.43788, 
0.1164, 0.1435, 0.1576, 0.1704, 0.1883, 0.2173, 0.2258, 0.2484, 
0.2757, 0.3006, 0.3185, 306.6, 334.5, 363.5, 392.5, 418.7, 448.1, 
477.8, 505.8, 534.5, 563.4, 593.3, 1, 1, 1, 1, 1, 1, 1, 1, 1, 
1, 1, 1, 1, 1, 1, 1, 1, 1, 1, 1, 1, 1, 1, 1, 1, 1, 1, 1, 1, 1, 
1, 1, 1, 1, 1, 1, 1, 1, 1, 1, 1, 1, 1, 1, 3.425, 3.891, 4.003, 
4.017, 4.276, 4.7, 4.654, 4.856, 5.184, 5.522, 5.652), .Dim = c(11L, 
40L), .Dimnames = list(NULL, c("Sampling", "PSO.cost", "PSO.gamma", 
"PSO.data.balancing", "PSO.feature.selection", "PSO.valid.acc", 
"PSO.test.acc", "PSO.train.time", "PSO.n.support.vectors", "PSO.index", 
"PSO.n.solutions", "PSO.generations", "PSO.n.evaluations", "PSO.cpu.time", 
"RS.cost", "RS.gamma", "RS.data.balancing", "RS.feature.selection", 
"RS.valid.acc", "RS.test.acc", "RS.train.time", "RS.n.support.vectors", 
"RS.index", "RS.n.solutions", "RS.generations", "RS.n.evaluations", 
"RS.cpu.time", "DF.cost", "DF.gamma", "DF.data.balancing", "DF.feature.selection", 
"DF.valid.acc", "DF.test.acc", "DF.train.time", "DF.n.support.vectors", 
"DF.index", "DF.n.solutions", "DF.generations", "DF.n.evaluations", 
"DF.cpu.time")))
