full <-
structure(c(50, 55, 60, 65, 70, 75, 80, 85, 90, 95, 100, 11.40977, 
9.98426, 12.49219, 15, 11.08742, 6.64059, 8.48647, 10.8643, 12.61639, 
14.8485, 7.73982, -3.94074, -5.67736, -6.6797, -5.14343, -6.27153, 
-4.4703, -3.7061, -6.34894, -3.27694, -3.57201, -5.13948, 0, 
0, 0, 0, 0, 0, 0, 0, 0, 0, 0, 0, 0, 0, 0, 0, 0, 0, 0, 0, 0, 0, 
0.61431, 0.6152, 0.60711, 0.61179, 0.60791, 0.64303, 0.63364, 
0.6515, 0.64824, 0.67697, 0.66698, 0.59617, 0.58223, 0.57886, 
0.60604, 0.60128, 0.62086, 0.62524, 0.63538, 0.63073, 0.65907, 
0.63828, 0.1468, 0.1973, 0.3183, 0.3659, 0.3741, 0.2616, 0.2851, 
0.4632, 0.374, 0.5154, 0.4056, 278.9, 311.2, 333.3, 349.2, 382.7, 
411.3, 418.5, 453.9, 460.3, 483.1, 533, 1383, 2110, 270, 821, 
299, 896, 1853, 640, 630, 469, 2016, 35, 8, 20, 414, 75, 56, 
36, 71, 88, 866, 3, 100, 100, 100, 100, 100, 100, 100, 100, 100, 
100, 100, 2500, 2500, 2500, 2500, 2500, 2500, 2500, 2500, 2500, 
2500, 2500, 9482.279, 13624.157, 14139.554, 16183.89, 15703.511, 
15695.606, 15804.912, 18443.125, 15521.576, 18663.04, 16235.422, 
11.13884, 10.02919, 14.75622, 14.98736, 5.15179, 8.98648, 5.41524, 
11.23896, 12.06286, 14.75598, 7.32933, -3.0909, -5.71621, -5.1741, 
-5.17146, -2.12415, -5.96588, -3.76281, -6.57435, -3.09284, -3.64927, 
-4.85228, 0, 0, 0, 0, 0, 0, 0, 0, 0, 0, 0, 0, 0, 0, 0, 0, 0, 
0, 0, 0, 0, 0, 0.61385, 0.60999, 0.60299, 0.60774, 0.60679, 0.63949, 
0.63223, 0.64855, 0.64536, 0.67276, 0.66185, 0.60143, 0.57991, 
0.58935, 0.60604, 0.59298, 0.61037, 0.61273, 0.63415, 0.62333, 
0.65773, 0.64092, 0.1456, 0.2001, 0.3298, 0.3734, 0.2125, 0.3185, 
0.2678, 0.5168, 0.3494, 0.5212, 0.382, 280.5, 310.9, 326.5, 349.4, 
386.2, 412.7, 432.5, 453.6, 461.4, 482.4, 531.3, 182, 215, 1700, 
1586, 1150, 879, 481, 2050, 547, 185, 2380, 1, 1, 2, 1, 1, 1, 
1, 1, 1, 1, 1, 100, 100, 100, 100, 100, 100, 100, 100, 100, 100, 
100, 2500, 2500, 2500, 2500, 2500, 2500, 2500, 2500, 2500, 2500, 
2500, 9424.326, 10016.136, 10630.902, 13910.308, 14723.461, 15738.17, 
16220.134, 14602.302, 15368.255, 16158.819, 17152.184, 1, 1, 
1, 1, 1, 1, 1, 1, 1, 1, 1, 0.125, 0.125, 0.125, 0.125, 0.125, 
0.125, 0.125, 0.125, 0.125, 0.125, 0.125, 0, 0, 0, 0, 0, 0, 0, 
0, 0, 0, 0, 0, 0, 0, 0, 0, 0, 0, 0, 0, 0, 0, 0.37468, 0.40317, 
0.37496, 0.36618, 0.36495, 0.39923, 0.39557, 0.39285, 0.42102, 
0.43309, 0.4404, 0.37719, 0.41809, 0.39226, 0.3486, 0.37546, 
0.4013, 0.39894, 0.40587, 0.40234, 0.42074, 0.44541, 0.1217, 
0.1466, 0.1672, 0.183, 0.2091, 0.2258, 0.2315, 0.2623, 0.2749, 
0.3012, 0.3166, 303.1, 333.2, 364.5, 392.7, 422.8, 450, 477.4, 
507.5, 533.7, 563.4, 594.4, 1, 1, 1, 1, 1, 1, 1, 1, 1, 1, 1, 
1, 1, 1, 1, 1, 1, 1, 1, 1, 1, 1, 1, 1, 1, 1, 1, 1, 1, 1, 1, 1, 
1, 1, 1, 1, 1, 1, 1, 1, 1, 1, 1, 1, 3.375, 3.731, 4.073, 4.885, 
5.401, 5.547, 5.424, 5.1, 5.173, 5.541, 5.59), .Dim = c(11L, 
40L), .Dimnames = list(NULL, c("Sampling", "PSO.cost", "PSO.gamma", 
"PSO.data.balancing", "PSO.feature.selection", "PSO.valid.acc", 
"PSO.test.acc", "PSO.train.time", "PSO.n.support.vectors", "PSO.index", 
"PSO.n.solutions", "PSO.generations", "PSO.n.evaluations", "PSO.cpu.time", 
"RS.cost", "RS.gamma", "RS.data.balancing", "RS.feature.selection", 
"RS.valid.acc", "RS.test.acc", "RS.train.time", "RS.n.support.vectors", 
"RS.index", "RS.n.solutions", "RS.generations", "RS.n.evaluations", 
"RS.cpu.time", "DF.cost", "DF.gamma", "DF.data.balancing", "DF.feature.selection", 
"DF.valid.acc", "DF.test.acc", "DF.train.time", "DF.n.support.vectors", 
"DF.index", "DF.n.solutions", "DF.generations", "DF.n.evaluations", 
"DF.cpu.time")))
