full <-
structure(c(50, 55, 60, 65, 70, 75, 80, 85, 90, 95, 100, 14.99809, 
7.36756, 6.86114, 15, 15, 15, 14.66403, 8.10063, 11.05326, 14.99974, 
13.52363, -7.28165, -3.22246, -4.14031, -6.53987, -4.07689, -4.08758, 
-4.19543, -5.2553, -6.21591, -3.60426, -1.95187, 0, 0, 0, 0, 
0, 0, 0, 0, 0, 0, 0, 0, 0, 0, 0, 0, 0, 0, 0, 0, 0, 0, 0.66043, 
0.62934, 0.61694, 0.64397, 0.6465, 0.62657, 0.63272, 0.64199, 
0.64336, 0.66333, 0.65078, 0.64029, 0.62264, 0.60336, 0.61846, 
0.6081, 0.60928, 0.60792, 0.63394, 0.61431, 0.64593, 0.6182, 
0.339, 0.1505, 0.1662, 0.4908, 0.2812, 0.3395, 0.3831, 0.3173, 
0.501, 0.5074, 0.3502, 271, 298.9, 332.2, 349.6, 372.4, 401.2, 
421.4, 461.7, 472.9, 483.5, 523, 933, 1986, 676, 263, 425, 741, 
1067, 375, 766, 354, 175, 12, 14, 141, 268, 922, 328, 310, 111, 
78, 811, 342, 100, 100, 100, 100, 100, 100, 100, 100, 100, 100, 
100, 2500, 2500, 2500, 2500, 2500, 2500, 2500, 2500, 2500, 2500, 
2500, 12931.252, 9832.488, 10408.539, 17359.337, 12946.743, 14427.662, 
15125.676, 14464.165, 18879.853, 19261.06, 16235.626, 12.69627, 
5.80546, 6.26821, 14.0144, 14.65822, 13.75874, 12.86525, 4.9577, 
11.4772, 14.8838, 14.95079, -6.21214, -3.26274, -3.86024, -6.46397, 
-3.73819, -4.09271, -5.30379, -3.46531, -6.57862, -3.43423, -1.82899, 
0, 0, 0, 0, 0, 0, 0, 0, 0, 0, 0, 0, 0, 0, 0, 0, 0, 0, 0, 0, 0, 
0, 0.65306, 0.62315, 0.61012, 0.63834, 0.63716, 0.62127, 0.63127, 
0.63911, 0.64053, 0.65907, 0.64822, 0.63298, 0.59203, 0.59919, 
0.61007, 0.60079, 0.5952, 0.59769, 0.62851, 0.62744, 0.6445, 
0.61292, 0.208, 0.1427, 0.1651, 0.4284, 0.2615, 0.305, 0.3766, 
0.2615, 0.5502, 0.4617, 0.3627, 271.9, 302.3, 332.1, 350.3, 373.7, 
401.9, 422.6, 458.8, 474.1, 484.4, 525.7, 1834, 1609, 54, 102, 
1913, 782, 1802, 893, 1493, 1767, 114, 1, 1, 1, 1, 1, 2, 1, 1, 
1, 1, 1, 100, 100, 100, 100, 100, 100, 100, 100, 100, 100, 100, 
2500, 2500, 2500, 2500, 2500, 2500, 2500, 2500, 2500, 2500, 2500, 
9469.301, 10189.022, 10954.622, 11384.835, 11909.529, 12612.303, 
13238.2, 14488.027, 15340.552, 16283.277, 17403.707, 1, 1, 1, 
1, 1, 1, 1, 1, 1, 1, 1, 0.125, 0.125, 0.125, 0.125, 0.125, 0.125, 
0.125, 0.125, 0.125, 0.125, 0.125, 0, 0, 0, 0, 0, 0, 0, 0, 0, 
0, 0, 0, 0, 0, 0, 0, 0, 0, 0, 0, 0, 0, 0.40706, 0.41228, 0.3975, 
0.4338, 0.39109, 0.41457, 0.40042, 0.42868, 0.41584, 0.43828, 
0.44558, 0.4012, 0.41303, 0.40719, 0.42995, 0.41684, 0.39907, 
0.40689, 0.43726, 0.4246, 0.43661, 0.45338, 0.1204, 0.1435, 0.1611, 
0.164, 0.1838, 0.2091, 0.2315, 0.2506, 0.2684, 0.2912, 0.3282, 
298.3, 328.9, 359.8, 389.9, 419.6, 450.3, 479.9, 507.6, 534.8, 
564.1, 593.9, 1, 1, 1, 1, 1, 1, 1, 1, 1, 1, 1, 1, 1, 1, 1, 1, 
1, 1, 1, 1, 1, 1, 1, 1, 1, 1, 1, 1, 1, 1, 1, 1, 1, 1, 1, 1, 1, 
1, 1, 1, 1, 1, 1, 1, 3.583, 3.884, 4.054, 3.887, 4.141, 4.472, 
4.683, 5.02, 5.205, 5.369, 5.911), .Dim = c(11L, 40L), .Dimnames = list(
    NULL, c("Sampling", "PSO.cost", "PSO.gamma", "PSO.data.balancing", 
    "PSO.feature.selection", "PSO.valid.acc", "PSO.test.acc", 
    "PSO.train.time", "PSO.n.support.vectors", "PSO.index", "PSO.n.solutions", 
    "PSO.generations", "PSO.n.evaluations", "PSO.cpu.time", "RS.cost", 
    "RS.gamma", "RS.data.balancing", "RS.feature.selection", 
    "RS.valid.acc", "RS.test.acc", "RS.train.time", "RS.n.support.vectors", 
    "RS.index", "RS.n.solutions", "RS.generations", "RS.n.evaluations", 
    "RS.cpu.time", "DF.cost", "DF.gamma", "DF.data.balancing", 
    "DF.feature.selection", "DF.valid.acc", "DF.test.acc", "DF.train.time", 
    "DF.n.support.vectors", "DF.index", "DF.n.solutions", "DF.generations", 
    "DF.n.evaluations", "DF.cpu.time")))
