full <-
structure(c(50, 55, 60, 65, 70, 75, 80, 85, 90, 95, 100, 11.37005, 
13.25532, 8.40684, 6.85362, 14.88824, 3.20356, 11.283, 4.51182, 
13.38387, 8.17859, 5.17201, -4.08403, -4.02605, -4.41844, -3.59975, 
-8.31224, -2.30589, -2.66715, -3.27282, -5.688, -5.06195, -3.62434, 
0, 0, 0, 0, 0, 0, 0, 0, 0, 0, 0, 0, 0, 0, 0, 0, 0, 0, 0, 0, 0, 
0, 0.60035, 0.61092, 0.62795, 0.6454, 0.62975, 0.62902, 0.63016, 
0.64417, 0.65169, 0.67498, 0.65966, 0.58123, 0.5828, 0.61469, 
0.63583, 0.5987, 0.62622, 0.61747, 0.62575, 0.62274, 0.63952, 
0.63864, 0.1493, 0.1652, 0.1815, 0.1831, 0.8986, 0.2098, 0.2498, 
0.2501, 0.5462, 0.3645, 0.3146, 281.8, 305.3, 327.9, 352.6, 379.2, 
414.5, 426.1, 456.3, 461.8, 500.8, 523.7, 195, 605, 1810, 540, 
1533, 1244, 679, 1253, 1913, 2040, 2260, 260, 473, 14, 267, 1, 
42, 387, 37, 10, 4, 2, 100, 100, 100, 100, 100, 100, 100, 100, 
100, 100, 100, 2500, 2500, 2500, 2500, 2500, 2500, 2500, 2500, 
2500, 2500, 2500, 10694.143, 10806.357, 11015.896, 10982.831, 
25736.459, 12135.332, 12823.102, 12671.475, 21465.817, 16240.024, 
14509.721, 11.79197, 13.10909, 8.87549, 6.37019, 14.51311, 5.47705, 
14.25608, 7.03024, 13.18835, 6.69017, 5.26215, -4.08679, -4.02918, 
-4.56897, -3.48125, -8.21119, -3.89148, -5.87289, -4.88933, -5.64966, 
-4.14924, -3.6743, 0, 0, 0, 0, 0, 0, 0, 0, 0, 0, 0, 0, 0, 0, 
0, 0, 0, 0, 0, 0, 0, 0, 0.59813, 0.60621, 0.62567, 0.63952, 0.62786, 
0.62205, 0.63164, 0.63637, 0.64889, 0.67354, 0.6531, 0.57873, 
0.5828, 0.60158, 0.62574, 0.60231, 0.61003, 0.63198, 0.62594, 
0.62129, 0.63678, 0.63992, 0.1461, 0.164, 0.1829, 0.1828, 0.8671, 
0.2167, 0.5239, 0.2786, 0.5192, 0.3198, 0.3203, 281.7, 305.5, 
328.5, 353.5, 380, 409.7, 420.6, 458, 462.1, 497.2, 524, 2309, 
1038, 2448, 1986, 1901, 2368, 913, 79, 2471, 1988, 1575, 1, 1, 
1, 1, 1, 1, 1, 1, 1, 1, 1, 100, 100, 100, 100, 100, 100, 100, 
100, 100, 100, 100, 2500, 2500, 2500, 2500, 2500, 2500, 2500, 
2500, 2500, 2500, 2500, 10348.072, 10630.449, 11054.675, 11743.655, 
12073.656, 12779.903, 13498.994, 14287.586, 15059.468, 15818.888, 
16934.587, 1, 1, 1, 1, 1, 1, 1, 1, 1, 1, 1, 0.125, 0.125, 0.125, 
0.125, 0.125, 0.125, 0.125, 0.125, 0.125, 0.125, 0.125, 0, 0, 
0, 0, 0, 0, 0, 0, 0, 0, 0, 0, 0, 0, 0, 0, 0, 0, 0, 0, 0, 0, 0.39998, 
0.42585, 0.41287, 0.42419, 0.40144, 0.40421, 0.4131, 0.42839, 
0.42152, 0.44753, 0.43544, 0.41269, 0.43152, 0.4278, 0.4198, 
0.40405, 0.39378, 0.4242, 0.41308, 0.43668, 0.4573, 0.43167, 
0.1206, 0.1327, 0.1526, 0.1673, 0.1835, 0.2014, 0.2195, 0.2389, 
0.2598, 0.2809, 0.3056, 305.2, 334.8, 364.4, 391.4, 422, 450.7, 
479, 507.9, 536, 562.2, 593.2, 1, 1, 1, 1, 1, 1, 1, 1, 1, 1, 
1, 1, 1, 1, 1, 1, 1, 1, 1, 1, 1, 1, 1, 1, 1, 1, 1, 1, 1, 1, 1, 
1, 1, 1, 1, 1, 1, 1, 1, 1, 1, 1, 1, 1, 3.839, 3.901, 4.075, 4.174, 
4.419, 4.525, 4.692, 4.917, 5.095, 5.345, 5.908), .Dim = c(11L, 
40L), .Dimnames = list(NULL, c("Sampling", "PSO.cost", "PSO.gamma", 
"PSO.data.balancing", "PSO.feature.selection", "PSO.valid.acc", 
"PSO.test.acc", "PSO.train.time", "PSO.n.support.vectors", "PSO.index", 
"PSO.n.solutions", "PSO.generations", "PSO.n.evaluations", "PSO.cpu.time", 
"RS.cost", "RS.gamma", "RS.data.balancing", "RS.feature.selection", 
"RS.valid.acc", "RS.test.acc", "RS.train.time", "RS.n.support.vectors", 
"RS.index", "RS.n.solutions", "RS.generations", "RS.n.evaluations", 
"RS.cpu.time", "DF.cost", "DF.gamma", "DF.data.balancing", "DF.feature.selection", 
"DF.valid.acc", "DF.test.acc", "DF.train.time", "DF.n.support.vectors", 
"DF.index", "DF.n.solutions", "DF.generations", "DF.n.evaluations", 
"DF.cpu.time")))
