full <-
structure(c(50, 55, 60, 65, 70, 75, 80, 85, 90, 95, 100, 9.17715, 
9.3612, 7.12125, 12.62801, 10.37149, 9.73169, 13.96604, 15, 15, 
7.3281, 11.4751, -5.24885, -4.2218, -4.82452, -4.48308, -5.84736, 
-4.62103, -5.62259, -6.7775, -4.12181, -4.82216, -7.09087, 0, 
0, 0, 0, 0, 0, 0, 0, 0, 0, 0, 0, 0, 0, 0, 0, 0, 0, 0, 0, 0, 0, 
0.53668, 0.55068, 0.56997, 0.56189, 0.60626, 0.62984, 0.62905, 
0.63935, 0.64268, 0.6467, 0.66451, 0.50687, 0.55145, 0.53791, 
0.5472, 0.60064, 0.61113, 0.58906, 0.62843, 0.63064, 0.63682, 
0.64776, 0.1613, 0.1593, 0.1735, 0.2573, 0.295, 0.2671, 0.4935, 
0.8779, 0.5687, 0.3572, 0.7418, 288.6, 309.5, 337.6, 354.2, 379.8, 
401.5, 419.9, 447, 466.5, 508.5, 526.2, 1079, 301, 2089, 1415, 
2061, 562, 902, 1245, 546, 2047, 2027, 36, 644, 7, 15, 3, 258, 
66, 15, 680, 1, 1, 100, 100, 100, 100, 100, 100, 100, 100, 100, 
100, 100, 2500, 2500, 2500, 2500, 2500, 2500, 2500, 2500, 2500, 
2500, 2500, 10786.084, 9925.915, 10351.221, 12449.918, 13556.319, 
13104.831, 21181.198, 27677.069, 21831.514, 16395.381, 22422.926, 
8.14466, 9.92408, 7.12567, 10.18718, 10.8212, 9.78832, 10.93989, 
13.62535, 14.70514, 7.33724, 11.75925, -6.31895, -4.30853, -4.90671, 
-3.69779, -6.04289, -4.56512, -4.52937, -6.96301, -3.83087, -4.81609, 
-7.51659, 0, 0, 0, 0, 0, 0, 0, 0, 0, 0, 0, 0, 0, 0, 0, 0, 0, 
0, 0, 0, 0, 0, 0.52999, 0.55068, 0.56543, 0.55982, 0.60237, 0.62448, 
0.62387, 0.63591, 0.63834, 0.64793, 0.66351, 0.49824, 0.54626, 
0.53351, 0.5582, 0.59498, 0.60951, 0.59578, 0.63121, 0.63913, 
0.63414, 0.6375, 0.146, 0.1646, 0.1862, 0.2027, 0.3148, 0.2653, 
0.3157, 0.8467, 0.4997, 0.3561, 0.7737, 289.8, 309.3, 338.5, 
357.7, 379.8, 402, 423.3, 450.1, 465.6, 508.1, 527.1, 78, 2172, 
601, 2102, 498, 2206, 707, 1576, 57, 632, 1879, 1, 1, 1, 1, 1, 
1, 1, 2, 2, 1, 1, 100, 100, 100, 100, 100, 100, 100, 100, 100, 
100, 100, 2500, 2500, 2500, 2500, 2500, 2500, 2500, 2500, 2500, 
2500, 2500, 9351.626, 9946.239, 10715.79, 11419.859, 12200.943, 
13075.877, 16618.862, 17115.942, 17141.332, 17459.204, 19403.1029999999, 
1, 1, 1, 1, 1, 1, 1, 1, 1, 1, 1, 0.125, 0.125, 0.125, 0.125, 
0.125, 0.125, 0.125, 0.125, 0.125, 0.125, 0.125, 0, 0, 0, 0, 
0, 0, 0, 0, 0, 0, 0, 0, 0, 0, 0, 0, 0, 0, 0, 0, 0, 0, 0.3388, 
0.36579, 0.36589, 0.36551, 0.38828, 0.40763, 0.39984, 0.41495, 
0.41511, 0.44402, 0.45944, 0.37179, 0.35517, 0.36589, 0.36556, 
0.40378, 0.40356, 0.39389, 0.41565, 0.411, 0.44571, 0.45318, 
0.1289, 0.1311, 0.1549, 0.1662, 0.191, 0.2176, 0.2428, 0.2598, 
0.2758, 0.2985, 0.3204, 305, 333.4, 362, 390, 420, 447.9, 478.4, 
508.1, 535.6, 563.8, 593.7, 1, 1, 1, 1, 1, 1, 1, 1, 1, 1, 1, 
1, 1, 1, 1, 1, 1, 1, 1, 1, 1, 1, 1, 1, 1, 1, 1, 1, 1, 1, 1, 1, 
1, 1, 1, 1, 1, 1, 1, 1, 1, 1, 1, 1, 3.702, 3.531, 3.957, 3.955, 
4.395, 4.778, 5.972, 6.027, 5.322, 6.348, 6.552), .Dim = c(11L, 
40L), .Dimnames = list(NULL, c("Sampling", "PSO.cost", "PSO.gamma", 
"PSO.data.balancing", "PSO.feature.selection", "PSO.valid.acc", 
"PSO.test.acc", "PSO.train.time", "PSO.n.support.vectors", "PSO.index", 
"PSO.n.solutions", "PSO.generations", "PSO.n.evaluations", "PSO.cpu.time", 
"RS.cost", "RS.gamma", "RS.data.balancing", "RS.feature.selection", 
"RS.valid.acc", "RS.test.acc", "RS.train.time", "RS.n.support.vectors", 
"RS.index", "RS.n.solutions", "RS.generations", "RS.n.evaluations", 
"RS.cpu.time", "DF.cost", "DF.gamma", "DF.data.balancing", "DF.feature.selection", 
"DF.valid.acc", "DF.test.acc", "DF.train.time", "DF.n.support.vectors", 
"DF.index", "DF.n.solutions", "DF.generations", "DF.n.evaluations", 
"DF.cpu.time")))
