full <-
structure(c(50, 55, 60, 65, 70, 75, 80, 85, 90, 95, 100, 5.31017, 
3.98064, 6.51774, 14.71218, 12.45899, 9.18773, 14.7967, 10.37168, 
10.34751, 15, 12.48891, -3.58973, -2.96729, -4.06367, -5.94759, 
-5.34172, -3.98857, -3.74781, -6.16958, -1.91695, -3.9766, -5.38067, 
0, 0, 0, 0, 0, 0, 0, 0, 0, 0, 0, 0, 0, 0, 0, 0, 0, 0, 0, 0, 0, 
0, 0.60743, 0.60912, 0.60915, 0.62566, 0.64236, 0.65999, 0.65065, 
0.63757, 0.65234, 0.67059, 0.65929, 0.60439, 0.59697, 0.60772, 
0.61173, 0.61991, 0.61828, 0.64228, 0.6259, 0.62642, 0.63044, 
0.62412, 0.1331, 0.1439, 0.1674, 0.3961, 0.304, 0.2375, 0.3345, 
0.4041, 0.282, 0.5823, 0.5545, 281.4, 307.3, 330.6, 347.5, 374.1, 
393.9, 416.1, 454.3, 477.8, 478.5, 506.2, 1146, 789, 354, 390, 
987, 604, 645, 1452, 2066, 174, 1427, 22, 236, 92, 321, 61, 90, 
246, 5, 19, 1145, 6, 100, 100, 100, 100, 100, 100, 100, 100, 
100, 100, 100, 2500, 2500, 2500, 2500, 2500, 2500, 2500, 2500, 
2500, 2500, 2500, 10649.09, 10302.513, 10678.942, 15713.553, 
14459.174, 12598.416, 14727.648, 15508.717, 13883.248, 20594.444, 
19076.737, 5.61411, 4.77503, 6.53007, 14.41639, 11.30467, 9.69473, 
14.50409, 8.43866, 3.95446, 14.11203, 11.46298, -3.86066, -3.52593, 
-4.07409, -5.91184, -4.96115, -4.10269, -3.66731, -5.20024, -2.41235, 
-3.78485, -5.02246, 0, 0, 0, 0, 0, 0, 0, 0, 0, 0, 0, 0, 0, 0, 
0, 0, 0, 0, 0, 0, 0, 0, 0.60457, 0.60851, 0.60915, 0.61966, 0.63653, 
0.65645, 0.64743, 0.63594, 0.65128, 0.65686, 0.65919, 0.60695, 
0.59478, 0.60572, 0.6078, 0.62375, 0.61858, 0.64228, 0.61801, 
0.63967, 0.6305, 0.63042, 0.1321, 0.1454, 0.1678, 0.3827, 0.266, 
0.249, 0.3213, 0.3094, 0.2614, 0.4846, 0.4688, 281.2, 305.5, 
330.7, 347.7, 373.7, 393.2, 416.3, 457.3, 474.7, 479.4, 507.8, 
1644, 1167, 274, 304, 75, 441, 407, 140, 1435, 742, 160, 1, 1, 
1, 1, 1, 1, 1, 1, 1, 1, 1, 100, 100, 100, 100, 100, 100, 100, 
100, 100, 100, 100, 2500, 2500, 2500, 2500, 2500, 2500, 2500, 
2500, 2500, 2500, 2500, 10346.688, 10756.381, 10976.173, 11484.52, 
12195.627, 12894.174, 13461.361, 14124.92, 14916.255, 15724.993, 
16511.543, 1, 1, 1, 1, 1, 1, 1, 1, 1, 1, 1, 0.125, 0.125, 0.125, 
0.125, 0.125, 0.125, 0.125, 0.125, 0.125, 0.125, 0.125, 0, 0, 
0, 0, 0, 0, 0, 0, 0, 0, 0, 0, 0, 0, 0, 0, 0, 0, 0, 0, 0, 0, 0.38519, 
0.40031, 0.40298, 0.38848, 0.42598, 0.40646, 0.41326, 0.41244, 
0.40749, 0.42653, 0.43085, 0.3864, 0.40471, 0.39282, 0.39468, 
0.41756, 0.41247, 0.40431, 0.40799, 0.403, 0.42687, 0.43356, 
0.1231, 0.1412, 0.1467, 0.1687, 0.1847, 0.2041, 0.2183, 0.2422, 
0.2591, 0.2806, 0.2994, 301.5, 329.9, 358.8, 390.5, 420.2, 451.2, 
478.5, 508.8, 535, 562.7, 593.5, 1, 1, 1, 1, 1, 1, 1, 1, 1, 1, 
1, 1, 1, 1, 1, 1, 1, 1, 1, 1, 1, 1, 1, 1, 1, 1, 1, 1, 1, 1, 1, 
1, 1, 1, 1, 1, 1, 1, 1, 1, 1, 1, 1, 1, 3.952, 4.099, 3.794, 4.27, 
4.387, 4.68, 4.652, 4.968, 5.171, 5.303, 5.605), .Dim = c(11L, 
40L), .Dimnames = list(NULL, c("Sampling", "PSO.cost", "PSO.gamma", 
"PSO.data.balancing", "PSO.feature.selection", "PSO.valid.acc", 
"PSO.test.acc", "PSO.train.time", "PSO.n.support.vectors", "PSO.index", 
"PSO.n.solutions", "PSO.generations", "PSO.n.evaluations", "PSO.cpu.time", 
"RS.cost", "RS.gamma", "RS.data.balancing", "RS.feature.selection", 
"RS.valid.acc", "RS.test.acc", "RS.train.time", "RS.n.support.vectors", 
"RS.index", "RS.n.solutions", "RS.generations", "RS.n.evaluations", 
"RS.cpu.time", "DF.cost", "DF.gamma", "DF.data.balancing", "DF.feature.selection", 
"DF.valid.acc", "DF.test.acc", "DF.train.time", "DF.n.support.vectors", 
"DF.index", "DF.n.solutions", "DF.generations", "DF.n.evaluations", 
"DF.cpu.time")))
