full <-
structure(c(50, 55, 60, 65, 70, 75, 80, 85, 90, 95, 100, 12.79875, 
4.74017, 7.9385, 6.2775, 8.53624, 9.31271, 13.29935, 3.73907, 
15, 5.62683, 6.45009, -6.08436, -3.0466, -3.66252, -4.27291, 
-5.62486, -5.32553, -6.01548, -3.07128, -3.61041, -3.97138, -4.39887, 
0, 0, 0, 0, 0, 0, 0, 0, 0, 0, 0, 0, 0, 0, 0, 0, 0, 0, 0, 0, 0, 
0, 0.61057, 0.63324, 0.62147, 0.62257, 0.61276, 0.63058, 0.63806, 
0.63779, 0.64063, 0.66242, 0.66284, 0.59967, 0.60212, 0.60867, 
0.61063, 0.59422, 0.60785, 0.62131, 0.6192, 0.61366, 0.62807, 
0.65381, 0.2103, 0.1415, 0.1731, 0.1857, 0.2495, 0.2765, 0.4804, 
0.2456, 0.4003, 0.3011, 0.3395, 274, 308.1, 325.9, 358, 383.5, 
403.8, 421.3, 465.4, 458.9, 503.5, 527.1, 1586, 858, 1526, 590, 
874, 1005, 685, 536, 310, 705, 1299, 42, 9, 65, 56, 72, 61, 17, 
22, 1107, 47, 24, 100, 100, 100, 100, 100, 100, 100, 100, 100, 
100, 100, 2500, 2500, 2500, 2500, 2500, 2500, 2500, 2500, 2500, 
2500, 2500, 11752.757, 9974.039, 11167.73, 11017.361, 12452.35, 
13147.138, 18714.445, 13293.304, 16354.327, 14177.808, 15494.682, 
4.09019, 4.24183, 12.30976, 4.09634, 8.83303, 9.1446, 13.21812, 
6.07729, 14.64063, 7.04876, 6.76724, -3.24749, -2.81471, -5.07665, 
-3.00429, -5.81437, -5.34568, -6.01301, -3.85838, -3.60677, -4.69389, 
-4.4364, 0, 0, 0, 0, 0, 0, 0, 0, 0, 0, 0, 0, 0, 0, 0, 0, 0, 0, 
0, 0, 0, 0, 0.60741, 0.62784, 0.61552, 0.62068, 0.61087, 0.62882, 
0.63325, 0.63351, 0.63914, 0.66237, 0.65763, 0.61206, 0.60232, 
0.59628, 0.62068, 0.59233, 0.60615, 0.61639, 0.61477, 0.61809, 
0.62952, 0.65915, 0.1249, 0.1383, 0.2219, 0.1743, 0.2545, 0.2739, 
0.4895, 0.2596, 0.405, 0.3223, 0.3407, 282, 309.1, 323.3, 361.9, 
383.1, 404, 421.1, 453.5, 458.9, 503.4, 525.6, 42, 2031, 2222, 
696, 373, 758, 1297, 1797, 239, 1894, 1521, 1, 1, 1, 1, 1, 1, 
1, 1, 1, 1, 1, 100, 100, 100, 100, 100, 100, 100, 100, 100, 100, 
100, 2500, 2500, 2500, 2500, 2500, 2500, 2500, 2500, 2500, 2500, 
2500, 10138.238, 10591.087, 11204.586, 11420.27, 12442.328, 12808.773, 
13384.29, 14172.655, 14812.694, 15595.572, 16578.295, 1, 1, 1, 
1, 1, 1, 1, 1, 1, 1, 1, 0.125, 0.125, 0.125, 0.125, 0.125, 0.125, 
0.125, 0.125, 0.125, 0.125, 0.125, 0, 0, 0, 0, 0, 0, 0, 0, 0, 
0, 0, 0, 0, 0, 0, 0, 0, 0, 0, 0, 0, 0, 0.40653, 0.38569, 0.39876, 
0.38979, 0.39628, 0.43239, 0.4234, 0.43335, 0.44888, 0.447, 0.43397, 
0.4114, 0.37029, 0.39456, 0.38547, 0.41877, 0.42554, 0.42542, 
0.44271, 0.4499, 0.42965, 0.44347, 0.1188, 0.1375, 0.1519, 0.1657, 
0.1907, 0.2028, 0.2244, 0.2407, 0.2587, 0.2807, 0.3058, 301.6, 
331.8, 361.9, 391.8, 421.2, 450.5, 480.3, 507.3, 535.1, 563.9, 
594.8, 1, 1, 1, 1, 1, 1, 1, 1, 1, 1, 1, 1, 1, 1, 1, 1, 1, 1, 
1, 1, 1, 1, 1, 1, 1, 1, 1, 1, 1, 1, 1, 1, 1, 1, 1, 1, 1, 1, 1, 
1, 1, 1, 1, 1, 3.864, 4.041, 4.091, 4.179, 4.543, 4.489, 4.735, 
4.929, 5.118, 5.296, 5.685), .Dim = c(11L, 40L), .Dimnames = list(
    NULL, c("Sampling", "PSO.cost", "PSO.gamma", "PSO.data.balancing", 
    "PSO.feature.selection", "PSO.valid.acc", "PSO.test.acc", 
    "PSO.train.time", "PSO.n.support.vectors", "PSO.index", "PSO.n.solutions", 
    "PSO.generations", "PSO.n.evaluations", "PSO.cpu.time", "RS.cost", 
    "RS.gamma", "RS.data.balancing", "RS.feature.selection", 
    "RS.valid.acc", "RS.test.acc", "RS.train.time", "RS.n.support.vectors", 
    "RS.index", "RS.n.solutions", "RS.generations", "RS.n.evaluations", 
    "RS.cpu.time", "DF.cost", "DF.gamma", "DF.data.balancing", 
    "DF.feature.selection", "DF.valid.acc", "DF.test.acc", "DF.train.time", 
    "DF.n.support.vectors", "DF.index", "DF.n.solutions", "DF.generations", 
    "DF.n.evaluations", "DF.cpu.time")))
