full <-
structure(c(50, 55, 60, 65, 70, 75, 80, 85, 90, 95, 100, 14.12197, 
4.35868, 7.33558, 10.90693, 6.202, 11.3057, 14.43447, 7.89774, 
8.34425, 13.39534, 13.25868, -6.35349, -3.27178, -4.56376, -4.92408, 
-3.95491, -6.76331, -8.19097, -2.90189, -4.65655, -7.46663, -5.71882, 
0, 0, 0, 0, 0, 0, 0, 0, 0, 0, 0, 0, 0, 0, 0, 0, 0, 0, 0, 0, 0, 
0, 0.58991, 0.62429, 0.63068, 0.61127, 0.62408, 0.62925, 0.64442, 
0.64598, 0.65991, 0.66605, 0.65744, 0.58667, 0.61481, 0.60974, 
0.58112, 0.60677, 0.60142, 0.62127, 0.6172, 0.64244, 0.64868, 
0.64068, 0.2402, 0.1366, 0.1732, 0.2386, 0.2009, 0.3588, 0.9557, 
0.2531, 0.3248, 1.0016, 0.6354, 281.5, 312, 339.2, 357.9, 385.8, 
403.1, 433.4, 439.5, 470.4, 498, 507.3, 978, 2154, 1900, 468, 
498, 562, 1367, 1308, 777, 815, 757, 32, 1, 2, 531, 34, 91, 10, 
18, 52, 66, 37, 100, 100, 100, 100, 100, 100, 100, 100, 100, 
100, 100, 2500, 2500, 2500, 2500, 2500, 2500, 2500, 2500, 2500, 
2500, 2500, 11544.632, 9952.938, 11104.143, 12159.084, 17473.589, 
16384.524, 23051.127, 13116.612, 14392.921, 23465.365, 22719.079, 
3.94635, 3.84433, 7.88844, 10.46186, 14.8274, 14.71369, 14.49412, 
9.42718, 7.5648, 13.49839, 8.77548, -3.31278, -2.97764, -4.97595, 
-4.61347, -6.94883, -8.48103, -8.22102, -3.58444, -4.41081, -7.56142, 
-5.58309, 0, 0, 0, 0, 0, 0, 0, 0, 0, 0, 0, 0, 0, 0, 0, 0, 0, 
0, 0, 0, 0, 0, 0.59303, 0.62354, 0.62446, 0.60907, 0.62007, 0.62544, 
0.64276, 0.64485, 0.65847, 0.66462, 0.65217, 0.56829, 0.6028, 
0.59061, 0.57347, 0.61532, 0.5905, 0.62127, 0.61556, 0.64079, 
0.64738, 0.6443, 0.1287, 0.1395, 0.1837, 0.2231, 0.6136, 0.7757, 
0.9641, 0.2722, 0.3108, 1.015, 0.4262, 289.6, 312.7, 339.2, 356.8, 
376.2, 404.1, 434.2, 437.4, 472.6, 499.4, 527.1, 1181, 429, 1087, 
1657, 720, 85, 416, 831, 427, 1029, 1825, 1, 1, 1, 1, 1, 1, 1, 
1, 1, 1, 1, 100, 100, 100, 100, 100, 100, 100, 100, 100, 100, 
100, 2500, 2500, 2500, 2500, 2500, 2500, 2500, 2500, 2500, 2500, 
2500, 10090.953, 10553.499, 11232.288, 11614.566, 12194.199, 
12725.246, 13452.12, 14007.947, 15110.022, 15788.287, 17678.206, 
1, 1, 1, 1, 1, 1, 1, 1, 1, 1, 1, 0.125, 0.125, 0.125, 0.125, 
0.125, 0.125, 0.125, 0.125, 0.125, 0.125, 0.125, 0, 0, 0, 0, 
0, 0, 0, 0, 0, 0, 0, 0, 0, 0, 0, 0, 0, 0, 0, 0, 0, 0, 0.37304, 
0.39417, 0.39061, 0.4053, 0.4161, 0.42813, 0.42639, 0.43295, 
0.42574, 0.43527, 0.4559, 0.36708, 0.38907, 0.40284, 0.39951, 
0.41643, 0.43385, 0.437, 0.42336, 0.42244, 0.43148, 0.45139, 
0.119, 0.133, 0.1508, 0.1678, 0.1867, 0.201, 0.221, 0.237, 0.2628, 
0.2791, 0.3063, 304, 335.2, 365.4, 393.2, 422, 448.1, 477.1, 
506.7, 537, 564.1, 594.9, 1, 1, 1, 1, 1, 1, 1, 1, 1, 1, 1, 1, 
1, 1, 1, 1, 1, 1, 1, 1, 1, 1, 1, 1, 1, 1, 1, 1, 1, 1, 1, 1, 1, 
1, 1, 1, 1, 1, 1, 1, 1, 1, 1, 1, 3.815, 3.949, 4.113, 4.202, 
4.385, 4.461, 4.717, 4.769, 5.179, 5.294, 6.179), .Dim = c(11L, 
40L), .Dimnames = list(NULL, c("Sampling", "PSO.cost", "PSO.gamma", 
"PSO.data.balancing", "PSO.feature.selection", "PSO.valid.acc", 
"PSO.test.acc", "PSO.train.time", "PSO.n.support.vectors", "PSO.index", 
"PSO.n.solutions", "PSO.generations", "PSO.n.evaluations", "PSO.cpu.time", 
"RS.cost", "RS.gamma", "RS.data.balancing", "RS.feature.selection", 
"RS.valid.acc", "RS.test.acc", "RS.train.time", "RS.n.support.vectors", 
"RS.index", "RS.n.solutions", "RS.generations", "RS.n.evaluations", 
"RS.cpu.time", "DF.cost", "DF.gamma", "DF.data.balancing", "DF.feature.selection", 
"DF.valid.acc", "DF.test.acc", "DF.train.time", "DF.n.support.vectors", 
"DF.index", "DF.n.solutions", "DF.generations", "DF.n.evaluations", 
"DF.cpu.time")))
