full <-
structure(c(50, 55, 60, 65, 70, 75, 80, 85, 90, 95, 100, 13.86103, 
13.83489, 5.56527, 12.07334, 13.25913, 14.75484, 13.87328, 7.69595, 
5.48062, 5.96743, 7.42446, -4.40863, -4.90184, -3.4604, -6.80206, 
-6.95876, -5.54943, -6.02483, -4.98481, -3.95033, -3.91049, -4.75673, 
0, 0, 0, 0, 0, 0, 0, 0, 0, 0, 0, 0, 0, 0, 0, 0, 0, 0, 0, 0, 0, 
0, 0.61323, 0.61668, 0.60501, 0.62545, 0.62439, 0.62721, 0.62963, 
0.64405, 0.65462, 0.66239, 0.6749, 0.57622, 0.5781, 0.5752, 0.61299, 
0.60973, 0.5928, 0.63484, 0.64257, 0.62827, 0.64483, 0.65278, 
0.1623, 0.2119, 0.1639, 0.3268, 0.5316, 0.4723, 0.501, 0.2911, 
0.2734, 0.3026, 0.3618, 280, 302.7, 330.3, 353.2, 373.8, 390.6, 
411.9, 452.3, 483.4, 498.3, 524.2, 1276, 578, 812, 855, 487, 
1940, 2364, 959, 1537, 1328, 1645, 50, 534, 37, 92, 115, 19, 
2, 34, 52, 23, 1, 100, 100, 100, 100, 100, 100, 100, 100, 100, 
100, 100, 2500, 2500, 2500, 2500, 2500, 2500, 2500, 2500, 2500, 
2500, 2500, 11388.654, 12052.957, 11618.847, 14568.846, 19299.322, 
15977.36, 18698.341, 14193.217, 13964.359, 16124.006, 16444.56, 
13.80681, 14.37441, 11.03397, 12.02026, 14.84925, 3.29321, 14.28883, 
7.86929, 6.1704, 14.97717, 7.06908, -4.99043, -4.87182, -4.37066, 
-6.75742, -6.84657, -2.24376, -6.26258, -5.04887, -4.25715, -4.00947, 
-4.4433, 0, 0, 0, 0, 0, 0, 0, 0, 0, 0, 0, 0, 0, 0, 0, 0, 0, 0, 
0, 0, 0, 0, 0.60816, 0.61172, 0.59905, 0.62349, 0.62422, 0.62198, 
0.62799, 0.64241, 0.64877, 0.65722, 0.67108, 0.56743, 0.58533, 
0.58492, 0.61491, 0.59851, 0.60981, 0.63474, 0.64707, 0.62094, 
0.65462, 0.64603, 0.1801, 0.2194, 0.1922, 0.3252, 0.6081, 0.2054, 
0.5524, 0.2912, 0.2824, 0.6214, 0.3507, 278.6, 301.7, 323.2, 
353.5, 371.6, 410.3, 412.9, 452.1, 483.6, 480, 521.9, 1767, 483, 
1498, 574, 371, 958, 1144, 202, 1338, 619, 238, 1, 5, 1, 1, 1, 
1, 1, 1, 1, 1, 1, 100, 100, 100, 100, 100, 100, 100, 100, 100, 
100, 100, 2500, 2500, 2500, 2500, 2500, 2500, 2500, 2500, 2500, 
2500, 2500, 10330.819, 10806.776, 11277.965, 11784.096, 12281.187, 
12904.172, 13282.47, 14143.401, 14859.472, 15697.289, 16652.634, 
1, 1, 1, 1, 1, 1, 1, 1, 1, 1, 1, 0.125, 0.125, 0.125, 0.125, 
0.125, 0.125, 0.125, 0.125, 0.125, 0.125, 0.125, 0, 0, 0, 0, 
0, 0, 0, 0, 0, 0, 0, 0, 0, 0, 0, 0, 0, 0, 0, 0, 0, 0, 0.37147, 
0.39574, 0.41489, 0.43014, 0.41774, 0.43582, 0.42435, 0.42927, 
0.42071, 0.45196, 0.44627, 0.34797, 0.40386, 0.40633, 0.42254, 
0.4255, 0.41485, 0.42554, 0.43225, 0.42895, 0.43508, 0.44567, 
0.1201, 0.1376, 0.1478, 0.1686, 0.1848, 0.1999, 0.2165, 0.2382, 
0.2579, 0.2809, 0.303, 305.5, 334.6, 363.8, 391.9, 419.9, 449.9, 
477.9, 507.3, 537.2, 565.1, 594, 1, 1, 1, 1, 1, 1, 1, 1, 1, 1, 
1, 1, 1, 1, 1, 1, 1, 1, 1, 1, 1, 1, 1, 1, 1, 1, 1, 1, 1, 1, 1, 
1, 1, 1, 1, 1, 1, 1, 1, 1, 1, 1, 1, 1, 3.867, 3.955, 4.121, 4.269, 
4.431, 4.481, 4.584, 4.905, 5.044, 5.397, 5.528), .Dim = c(11L, 
40L), .Dimnames = list(NULL, c("Sampling", "PSO.cost", "PSO.gamma", 
"PSO.data.balancing", "PSO.feature.selection", "PSO.valid.acc", 
"PSO.test.acc", "PSO.train.time", "PSO.n.support.vectors", "PSO.index", 
"PSO.n.solutions", "PSO.generations", "PSO.n.evaluations", "PSO.cpu.time", 
"RS.cost", "RS.gamma", "RS.data.balancing", "RS.feature.selection", 
"RS.valid.acc", "RS.test.acc", "RS.train.time", "RS.n.support.vectors", 
"RS.index", "RS.n.solutions", "RS.generations", "RS.n.evaluations", 
"RS.cpu.time", "DF.cost", "DF.gamma", "DF.data.balancing", "DF.feature.selection", 
"DF.valid.acc", "DF.test.acc", "DF.train.time", "DF.n.support.vectors", 
"DF.index", "DF.n.solutions", "DF.generations", "DF.n.evaluations", 
"DF.cpu.time")))
