full <-
structure(c(50, 55, 60, 65, 70, 75, 80, 85, 90, 95, 100, 8.96148, 
9.76817, 5.69956, 6.35714, 13.54018, 7.73583, 8.65162, 4.10129, 
9.67771, 5.84776, 5.45263, -6.29521, -4.57069, -3.2263, -4.39565, 
-7.69145, -5.04402, -5.31292, -2.75591, -4.35496, -4.15164, -3.74272, 
0, 0, 0, 0, 0, 0, 0, 0, 0, 0, 0, 0, 0, 0, 0, 0, 0, 0, 0, 0, 0, 
0, 0.63505, 0.64259, 0.66389, 0.66124, 0.67667, 0.64554, 0.66693, 
0.6732, 0.63105, 0.6536, 0.66968, 0.61855, 0.60925, 0.64748, 
0.62674, 0.64389, 0.64164, 0.63313, 0.65664, 0.59587, 0.65643, 
0.6446, 0.1495, 0.165, 0.165, 0.1871, 0.4888, 0.2455, 0.2883, 
0.2463, 0.3184, 0.3061, 0.3192, 275.8, 301, 329.8, 357.5, 379.5, 
409.3, 430.5, 452.1, 467.2, 506.5, 523.9, 1621, 563, 2375, 1192, 
1326, 2278, 728, 1939, 282, 1360, 1861, 23, 86, 1, 54, 85, 1, 
94, 2, 89, 38, 17, 100, 100, 100, 100, 100, 100, 100, 100, 100, 
100, 100, 2500, 2500, 2500, 2500, 2500, 2500, 2500, 2500, 2500, 
2500, 2500, 10635.351, 10528.347, 10519.764, 11067.492, 17598.217, 
12607.336, 13587.079, 13110.753, 13664.9, 15287.723, 16607.039, 
8.45275, 10.19797, 5.86543, 9.01065, 10.97369, 7.69065, 8.20752, 
5.18466, 4.47407, 6.57692, 6.03965, -6.00116, -4.47361, -3.33547, 
-5.62655, -6.39157, -5.00107, -4.97347, -3.46882, -3.36936, -4.36006, 
-4.12412, 0, 0, 0, 0, 0, 0, 0, 0, 0, 0, 0, 0, 0, 0, 0, 0, 0, 
0, 0, 0, 0, 0, 0.62781, 0.6396, 0.65962, 0.65719, 0.67097, 0.64381, 
0.66198, 0.66893, 0.62796, 0.6496, 0.66543, 0.61816, 0.59997, 
0.64334, 0.60485, 0.65105, 0.64, 0.65573, 0.64696, 0.62061, 0.6551, 
0.65394, 0.1454, 0.1639, 0.16, 0.2187, 0.3099, 0.244, 0.2772, 
0.2476, 0.2712, 0.311, 0.3343, 275.5, 300.7, 329.3, 354.8, 380.3, 
409.6, 431.2, 453.8, 483.8, 502.3, 526.7, 155, 1765, 1326, 1484, 
1689, 811, 1015, 1628, 2467, 1034, 2297, 1, 1, 1, 1, 1, 1, 1, 
1, 1, 1, 1, 100, 100, 100, 100, 100, 100, 100, 100, 100, 100, 
100, 2500, 2500, 2500, 2500, 2500, 2500, 2500, 2500, 2500, 2500, 
2500, 10118.01, 10385.851, 10883.422, 11314.166, 12043.079, 12848.243, 
13443.167, 14100.128, 14971.478, 15804.505, 16681.438, 1, 1, 
1, 1, 1, 1, 1, 1, 1, 1, 1, 0.125, 0.125, 0.125, 0.125, 0.125, 
0.125, 0.125, 0.125, 0.125, 0.125, 0.125, 0, 0, 0, 0, 0, 0, 0, 
0, 0, 0, 0, 0, 0, 0, 0, 0, 0, 0, 0, 0, 0, 0, 0.37399, 0.39146, 
0.39137, 0.40138, 0.40765, 0.39158, 0.41364, 0.40819, 0.41754, 
0.43779, 0.45884, 0.37649, 0.39064, 0.39319, 0.39589, 0.39186, 
0.39669, 0.40973, 0.41127, 0.41711, 0.42555, 0.45605, 0.1196, 
0.1369, 0.1544, 0.1703, 0.1895, 0.2077, 0.2191, 0.2411, 0.2577, 
0.278, 0.3015, 303.7, 332.6, 361.1, 390.6, 420.8, 451.3, 479.2, 
507.8, 535.1, 564.3, 593.9, 1, 1, 1, 1, 1, 1, 1, 1, 1, 1, 1, 
1, 1, 1, 1, 1, 1, 1, 1, 1, 1, 1, 1, 1, 1, 1, 1, 1, 1, 1, 1, 1, 
1, 1, 1, 1, 1, 1, 1, 1, 1, 1, 1, 1, 3.78, 3.821, 4.089, 4.239, 
4.405, 4.646, 4.709, 5.015, 5.089, 5.276, 5.606), .Dim = c(11L, 
40L), .Dimnames = list(NULL, c("Sampling", "PSO.cost", "PSO.gamma", 
"PSO.data.balancing", "PSO.feature.selection", "PSO.valid.acc", 
"PSO.test.acc", "PSO.train.time", "PSO.n.support.vectors", "PSO.index", 
"PSO.n.solutions", "PSO.generations", "PSO.n.evaluations", "PSO.cpu.time", 
"RS.cost", "RS.gamma", "RS.data.balancing", "RS.feature.selection", 
"RS.valid.acc", "RS.test.acc", "RS.train.time", "RS.n.support.vectors", 
"RS.index", "RS.n.solutions", "RS.generations", "RS.n.evaluations", 
"RS.cpu.time", "DF.cost", "DF.gamma", "DF.data.balancing", "DF.feature.selection", 
"DF.valid.acc", "DF.test.acc", "DF.train.time", "DF.n.support.vectors", 
"DF.index", "DF.n.solutions", "DF.generations", "DF.n.evaluations", 
"DF.cpu.time")))
