full <-
structure(c(50, 55, 60, 65, 70, 75, 80, 85, 90, 95, 100, 6.62829, 
13.01804, 14.03754, 11.59266, 14.75498, 10.14034, 14.45877, 12.74441, 
11.60176, 15, 10.91503, -3.90106, -4.2234, -5.46626, -3.49546, 
-4.49156, -5.95631, -3.70574, -3.09847, -4.6333, -3.22932, -4.87988, 
0, 0, 0, 0, 0, 0, 0, 0, 0, 0, 0, 0, 0, 0, 0, 0, 0, 0, 0, 0, 0, 
0, 0.58538, 0.61736, 0.61234, 0.62962, 0.62445, 0.64665, 0.66172, 
0.66565, 0.64394, 0.67216, 0.662, 0.55572, 0.5637, 0.59423, 0.6164, 
0.59004, 0.63432, 0.62478, 0.6622, 0.62951, 0.64515, 0.61293, 
0.1285, 0.1787, 0.2978, 0.1977, 0.3073, 0.3116, 0.3467, 0.2946, 
0.3654, 0.4137, 0.4377, 279.4, 299, 321.3, 342.2, 361.7, 400.7, 
411.8, 442, 455.6, 478.9, 507.6, 1229, 1422, 997, 552, 833, 979, 
429, 1430, 2498, 581, 2322, 16, 26, 80, 130, 398, 19, 694, 92, 
1, 441, 2, 100, 100, 100, 100, 100, 100, 100, 100, 100, 100, 
100, 2500, 2500, 2500, 2500, 2500, 2500, 2500, 2500, 2500, 2500, 
2500, 10150.491, 11228.72, 13438.58, 11574.558, 13837.711, 14244.438, 
15220.587, 13696.582, 16018.05, 16918.682, 20619.433, 8.30064, 
14.02386, 14.24738, 12.55843, 14.72269, 10.49768, 14.19565, 13.88187, 
14.30506, 14.82228, 14.62871, -3.7549, -4.21758, -5.4796, -3.8902, 
-4.49229, -6.09879, -3.59286, -3.13558, -3.86293, -3.36191, -6.16074, 
0, 0, 0, 0, 0, 0, 0, 0, 0, 0, 0, 0, 0, 0, 0, 0, 0, 0, 0, 0, 0, 
0, 0.5773, 0.61039, 0.60992, 0.6255, 0.62445, 0.6449, 0.66001, 
0.66288, 0.63816, 0.66803, 0.65548, 0.55381, 0.57073, 0.59395, 
0.61425, 0.59196, 0.63614, 0.62978, 0.66194, 0.64829, 0.64942, 
0.61693, 0.1305, 0.1875, 0.3035, 0.2104, 0.311, 0.3309, 0.3315, 
0.312, 0.4376, 0.4274, 0.9047, 277.8, 298.5, 321.2, 340.1, 361.7, 
400.3, 412.7, 441.4, 452.7, 479, 503.8, 1936, 447, 583, 855, 
2000, 517, 2113, 1368, 717, 526, 1733, 1, 1, 1, 2, 1, 1, 1, 1, 
1, 1, 1, 100, 100, 100, 100, 100, 100, 100, 100, 100, 100, 100, 
2500, 2500, 2500, 2500, 2500, 2500, 2500, 2500, 2500, 2500, 2500, 
10354.44, 10502.589, 11130.815, 11428.301, 12140.764, 12787.901, 
13501.016, 14144.208, 14898.164, 15724.384, 16521.21, 1, 1, 1, 
1, 1, 1, 1, 1, 1, 1, 1, 0.125, 0.125, 0.125, 0.125, 0.125, 0.125, 
0.125, 0.125, 0.125, 0.125, 0.125, 0, 0, 0, 0, 0, 0, 0, 0, 0, 
0, 0, 0, 0, 0, 0, 0, 0, 0, 0, 0, 0, 0, 0.37894, 0.35252, 0.36187, 
0.36582, 0.38473, 0.39782, 0.40158, 0.39782, 0.41765, 0.43271, 
0.44721, 0.36056, 0.35771, 0.36471, 0.38564, 0.37912, 0.40284, 
0.41246, 0.40591, 0.41467, 0.439, 0.44441, 0.1149, 0.1324, 0.1495, 
0.1616, 0.1792, 0.1967, 0.2201, 0.2384, 0.2565, 0.2831, 0.3004, 
305.9, 336.1, 365.8, 395, 424.1, 452.6, 479.9, 509.7, 535.5, 
564.6, 594.4, 1, 1, 1, 1, 1, 1, 1, 1, 1, 1, 1, 1, 1, 1, 1, 1, 
1, 1, 1, 1, 1, 1, 1, 1, 1, 1, 1, 1, 1, 1, 1, 1, 1, 1, 1, 1, 1, 
1, 1, 1, 1, 1, 1, 1, 3.848, 3.995, 4.156, 4.217, 4.42, 4.566, 
4.693, 5.025, 5.065, 5.415, 5.523), .Dim = c(11L, 40L), .Dimnames = list(
    NULL, c("Sampling", "PSO.cost", "PSO.gamma", "PSO.data.balancing", 
    "PSO.feature.selection", "PSO.valid.acc", "PSO.test.acc", 
    "PSO.train.time", "PSO.n.support.vectors", "PSO.index", "PSO.n.solutions", 
    "PSO.generations", "PSO.n.evaluations", "PSO.cpu.time", "RS.cost", 
    "RS.gamma", "RS.data.balancing", "RS.feature.selection", 
    "RS.valid.acc", "RS.test.acc", "RS.train.time", "RS.n.support.vectors", 
    "RS.index", "RS.n.solutions", "RS.generations", "RS.n.evaluations", 
    "RS.cpu.time", "DF.cost", "DF.gamma", "DF.data.balancing", 
    "DF.feature.selection", "DF.valid.acc", "DF.test.acc", "DF.train.time", 
    "DF.n.support.vectors", "DF.index", "DF.n.solutions", "DF.generations", 
    "DF.n.evaluations", "DF.cpu.time")))
