full <-
structure(c(50, 55, 60, 65, 70, 75, 80, 85, 90, 95, 100, 5.20974, 
3.88226, 8.5543, 14.69118, 9.28524, 11.40034, 9.40328, 11.04989, 
12.28365, 13.70018, 15, -3.54189, -2.56197, -5.03658, -3.82156, 
-4.9706, -6.73578, -5.66466, -6.3885, -3.03429, -3.40525, -4.06568, 
0, 0, 0, 0, 0, 0, 0, 0, 0, 0, 0, 0, 0, 0, 0, 0, 0, 0, 0, 0, 0, 
0, 0.60894, 0.61148, 0.63942, 0.60978, 0.60427, 0.63099, 0.64696, 
0.65015, 0.66772, 0.6595, 0.66861, 0.60543, 0.60645, 0.62511, 
0.59223, 0.57446, 0.62009, 0.61969, 0.64823, 0.65034, 0.63023, 
0.66363, 0.1268, 0.1393, 0.1852, 0.2296, 0.2492, 0.4204, 0.3295, 
0.4823, 0.3304, 0.3989, 0.7684, 282.1, 311.1, 333.7, 353, 377.3, 
402.9, 430.3, 451.9, 460.5, 481.1, 500.6, 1242, 1534, 1032, 598, 
1889, 2303, 1353, 884, 1031, 1261, 276, 60, 30, 83, 303, 14, 
1, 5, 52, 158, 6, 295, 100, 100, 100, 100, 100, 100, 100, 100, 
100, 100, 100, 2500, 2500, 2500, 2500, 2500, 2500, 2500, 2500, 
2500, 2500, 2500, 9935.213, 10154.621, 11264.261, 12242.508, 
13096.491, 16386.858, 16345.321, 16589.002, 14843.505, 16817.31, 
24046.921, 6.59494, 3.32969, 8.19634, 13.35892, 10.13511, 12.6775, 
9.84313, 11.53601, 14.76855, 13.96504, 14.99825, -3.83863, -2.31951, 
-4.87347, -3.42912, -5.18089, -6.87131, -5.93084, -6.06095, -2.94234, 
-3.4494, -4.02667, 0, 0, 0, 0, 0, 0, 0, 0, 0, 0, 0, 0, 0, 0, 
0, 0, 0, 0, 0, 0, 0, 0, 0.60132, 0.59758, 0.63507, 0.60351, 0.59857, 
0.62694, 0.64073, 0.63953, 0.66461, 0.65514, 0.66861, 0.59599, 
0.59896, 0.61863, 0.57408, 0.57273, 0.62203, 0.61802, 0.6285, 
0.65129, 0.62886, 0.66359, 0.1291, 0.1333, 0.1753, 0.2047, 0.2648, 
0.5469, 0.3619, 0.513, 0.3392, 0.4197, 0.7363, 279.8, 313.3, 
333.5, 355.3, 374.5, 400, 430.2, 444, 460.4, 481, 500.9, 296, 
77, 2301, 1816, 890, 1471, 289, 2280, 214, 960, 2173, 1, 1, 1, 
1, 1, 1, 2, 1, 1, 1, 1, 100, 100, 100, 100, 100, 100, 100, 100, 
100, 100, 100, 2500, 2500, 2500, 2500, 2500, 2500, 2500, 2500, 
2500, 2500, 2500, 10007.65, 10422.602, 10923.042, 11514.013, 
12182.918, 12738.189, 13419.481, 14106.933, 14864.769, 15596.103, 
16907.685, 1, 1, 1, 1, 1, 1, 1, 1, 1, 1, 1, 0.125, 0.125, 0.125, 
0.125, 0.125, 0.125, 0.125, 0.125, 0.125, 0.125, 0.125, 0, 0, 
0, 0, 0, 0, 0, 0, 0, 0, 0, 0, 0, 0, 0, 0, 0, 0, 0, 0, 0, 0, 0.40165, 
0.36515, 0.42046, 0.40131, 0.37101, 0.40424, 0.41537, 0.41332, 
0.42447, 0.43976, 0.44631, 0.40122, 0.38877, 0.41524, 0.38837, 
0.39387, 0.4135, 0.42391, 0.41489, 0.42837, 0.44166, 0.44784, 
0.1149, 0.1301, 0.1481, 0.1633, 0.1812, 0.2016, 0.217, 0.2375, 
0.2535, 0.2735, 0.301, 303.3, 333, 362.9, 392.9, 422.9, 449.5, 
479.4, 508.3, 536.8, 563.3, 593.8, 1, 1, 1, 1, 1, 1, 1, 1, 1, 
1, 1, 1, 1, 1, 1, 1, 1, 1, 1, 1, 1, 1, 1, 1, 1, 1, 1, 1, 1, 1, 
1, 1, 1, 1, 1, 1, 1, 1, 1, 1, 1, 1, 1, 1, 3.72, 3.93, 4.123, 
4.164, 4.413, 4.553, 4.658, 4.917, 4.956, 5.295, 5.837), .Dim = c(11L, 
40L), .Dimnames = list(NULL, c("Sampling", "PSO.cost", "PSO.gamma", 
"PSO.data.balancing", "PSO.feature.selection", "PSO.valid.acc", 
"PSO.test.acc", "PSO.train.time", "PSO.n.support.vectors", "PSO.index", 
"PSO.n.solutions", "PSO.generations", "PSO.n.evaluations", "PSO.cpu.time", 
"RS.cost", "RS.gamma", "RS.data.balancing", "RS.feature.selection", 
"RS.valid.acc", "RS.test.acc", "RS.train.time", "RS.n.support.vectors", 
"RS.index", "RS.n.solutions", "RS.generations", "RS.n.evaluations", 
"RS.cpu.time", "DF.cost", "DF.gamma", "DF.data.balancing", "DF.feature.selection", 
"DF.valid.acc", "DF.test.acc", "DF.train.time", "DF.n.support.vectors", 
"DF.index", "DF.n.solutions", "DF.generations", "DF.n.evaluations", 
"DF.cpu.time")))
