full <-
structure(c(50, 55, 60, 65, 70, 75, 80, 85, 90, 95, 100, 14.66533, 
14.20214, 14.86839, 8.46813, 4.67851, 15, 4.28827, 4.67755, 4.78367, 
7.82335, 14.99731, -6.17383, -5.75666, -6.98011, -3.85033, -2.81862, 
-3.71036, -3.30906, -3.36216, -3.57175, -5.05829, -3.37964, 0, 
0, 0, 0, 0, 0, 0, 0, 0, 0, 0, 0, 0, 0, 0, 0, 0, 0, 0, 0, 0, 0, 
0.6236, 0.6235, 0.64606, 0.64183, 0.63401, 0.62379, 0.63855, 
0.65755, 0.6731, 0.66932, 0.674, 0.59437, 0.60423, 0.60749, 0.61731, 
0.613, 0.60242, 0.62653, 0.65178, 0.66581, 0.6496, 0.65274, 0.2619, 
0.2593, 0.438, 0.1899, 0.1941, 0.28, 0.2283, 0.2459, 0.268, 0.3477, 
0.4972, 280, 301.1, 330.4, 352.9, 381, 395.6, 435.9, 452.7, 480, 
502.7, 501.7, 242, 529, 1187, 1015, 1893, 242, 1655, 1169, 1413, 
1747, 566, 678, 504, 6, 41, 3, 111, 31, 43, 103, 31, 208, 100, 
100, 100, 100, 100, 100, 100, 100, 100, 100, 100, 2500, 2500, 
2500, 2500, 2500, 2500, 2500, 2500, 2500, 2500, 2500, 12777.585, 
12831.787, 16100.266, 11298.5, 11398.065, 13611.213, 13401.665, 
13572.328, 12959.573, 16191.05, 18680.775, 14.97233, 14.09412, 
14.95106, 8.06324, 4.35208, 4.95359, 4.38905, 5.36686, 4.56491, 
6.71565, 14.71776, -6.23083, -5.70508, -6.91869, -3.59083, -2.65129, 
-3.62657, -3.26951, -3.96318, -3.2724, -4.58076, -3.1009, 0, 
0, 0, 0, 0, 0, 0, 0, 0, 0, 0, 0, 0, 0, 0, 0, 0, 0, 0, 0, 0, 0, 
0.62087, 0.6235, 0.63952, 0.63816, 0.62785, 0.62165, 0.63546, 
0.65317, 0.66589, 0.66373, 0.67383, 0.59977, 0.60423, 0.61213, 
0.6151, 0.61303, 0.60377, 0.63148, 0.63921, 0.66285, 0.64167, 
0.65148, 0.2699, 0.253, 0.433, 0.1889, 0.1948, 0.2144, 0.2331, 
0.2537, 0.2676, 0.3207, 0.4392, 280.2, 301.4, 330.2, 352.7, 382.9, 
411.1, 435.9, 453, 477.7, 503.9, 503.6, 1459, 1149, 650, 1247, 
1350, 1175, 922, 290, 2051, 1726, 1502, 1, 1, 1, 1, 1, 1, 1, 
1, 1, 1, 1, 100, 100, 100, 100, 100, 100, 100, 100, 100, 100, 
100, 2500, 2500, 2500, 2500, 2500, 2500, 2500, 2500, 2500, 2500, 
2500, 10179.367, 10533.026, 11065.573, 11605.811, 12110.809, 
12648.218, 13494.209, 14032.797, 14725.269, 15796.623, 16917.91, 
1, 1, 1, 1, 1, 1, 1, 1, 1, 1, 1, 0.125, 0.125, 0.125, 0.125, 
0.125, 0.125, 0.125, 0.125, 0.125, 0.125, 0.125, 0, 0, 0, 0, 
0, 0, 0, 0, 0, 0, 0, 0, 0, 0, 0, 0, 0, 0, 0, 0, 0, 0, 0.44377, 
0.42934, 0.40514, 0.41736, 0.42103, 0.41741, 0.44433, 0.44215, 
0.453, 0.45548, 0.46433, 0.43062, 0.44516, 0.41771, 0.40071, 
0.40902, 0.43118, 0.44286, 0.44757, 0.45608, 0.4418, 0.45106, 
0.1213, 0.1348, 0.1461, 0.17, 0.1893, 0.2015, 0.2219, 0.2387, 
0.2573, 0.2787, 0.3034, 305.8, 334.8, 365.6, 395.7, 423.7, 452.9, 
478.3, 505.1, 533.8, 565.3, 594.7, 1, 1, 1, 1, 1, 1, 1, 1, 1, 
1, 1, 1, 1, 1, 1, 1, 1, 1, 1, 1, 1, 1, 1, 1, 1, 1, 1, 1, 1, 1, 
1, 1, 1, 1, 1, 1, 1, 1, 1, 1, 1, 1, 1, 1, 3.776, 3.988, 4.09, 
4.272, 4.46, 4.472, 4.775, 4.876, 5.063, 5.336, 5.667), .Dim = c(11L, 
40L), .Dimnames = list(NULL, c("Sampling", "PSO.cost", "PSO.gamma", 
"PSO.data.balancing", "PSO.feature.selection", "PSO.valid.acc", 
"PSO.test.acc", "PSO.train.time", "PSO.n.support.vectors", "PSO.index", 
"PSO.n.solutions", "PSO.generations", "PSO.n.evaluations", "PSO.cpu.time", 
"RS.cost", "RS.gamma", "RS.data.balancing", "RS.feature.selection", 
"RS.valid.acc", "RS.test.acc", "RS.train.time", "RS.n.support.vectors", 
"RS.index", "RS.n.solutions", "RS.generations", "RS.n.evaluations", 
"RS.cpu.time", "DF.cost", "DF.gamma", "DF.data.balancing", "DF.feature.selection", 
"DF.valid.acc", "DF.test.acc", "DF.train.time", "DF.n.support.vectors", 
"DF.index", "DF.n.solutions", "DF.generations", "DF.n.evaluations", 
"DF.cpu.time")))
