full <-
structure(c(50, 55, 60, 65, 70, 75, 80, 85, 90, 95, 100, 14.6018, 
14.9735, 5.15145, 15, 13.72314, 14.8105, 15, 15, 15, 14.5259, 
13.60756, -6.71202, -8.15513, -3.19164, -4.00013, -4.67651, -3.02242, 
-4.12271, -4.05625, -3.73392, -2.81929, -2.84971, 0, 0, 0, 0, 
0, 0, 0, 0, 0, 0, 0, 0, 0, 0, 0, 0, 0, 0, 0, 0, 0, 0, 0.63826, 
0.63475, 0.63735, 0.64886, 0.64544, 0.64605, 0.64283, 0.66414, 
0.65091, 0.65738, 0.65292, 0.62647, 0.59669, 0.61347, 0.62233, 
0.61654, 0.61911, 0.63077, 0.67002, 0.63583, 0.64852, 0.64266, 
0.3066, 0.4871, 0.1586, 0.2368, 0.2949, 0.2371, 0.3582, 0.4482, 
0.4586, 0.3479, 0.3914, 277.2, 306.6, 332.5, 339.8, 366.7, 392, 
408.3, 433.6, 453.5, 478.9, 505.4, 316, 683, 2265, 674, 1316, 
1279, 341, 390, 581, 427, 465, 257, 695, 1, 392, 30, 428, 798, 
1044, 32, 848, 584, 100, 100, 100, 100, 100, 100, 100, 100, 100, 
100, 100, 2500, 2500, 2500, 2500, 2500, 2500, 2500, 2500, 2500, 
2500, 2500, 13514.791, 17376.117, 11754.26, 12207.725, 13603.109, 
12604.92, 14635.596, 17256.627, 18056.66, 15598.765, 16229.081, 
14.71182, 14.69529, 4.83894, 14.55203, 12.62289, 4.32222, 3.31323, 
14.86159, 14.57432, 14.73935, 13.099, -6.77967, -8.02137, -3.10817, 
-3.99965, -4.46094, -3.06966, -2.22843, -4.05193, -3.90625, -2.81757, 
-2.89458, 0, 0, 0, 0, 0, 0, 0, 0, 0, 0, 0, 0, 0, 0, 0, 0, 0, 
0, 0, 0, 0, 0, 0.6354, 0.63248, 0.62887, 0.647, 0.64193, 0.64589, 
0.64155, 0.66409, 0.64796, 0.65738, 0.65167, 0.62369, 0.59447, 
0.61609, 0.6245, 0.61675, 0.61969, 0.605, 0.67002, 0.63585, 0.64983, 
0.64393, 0.3068, 0.4517, 0.1565, 0.2255, 0.2598, 0.2019, 0.2266, 
0.4369, 0.4594, 0.3471, 0.384, 277.3, 306.9, 333, 339.2, 366.1, 
400.1, 430.6, 434.1, 450.6, 478.8, 505.5, 1060, 1306, 1470, 2005, 
1950, 1573, 388, 348, 2405, 1303, 1076, 1, 1, 1, 1, 1, 1, 1, 
1, 1, 1, 1, 100, 100, 100, 100, 100, 100, 100, 100, 100, 100, 
100, 2500, 2500, 2500, 2500, 2500, 2500, 2500, 2500, 2500, 2500, 
2500, 9936.335, 10496.189, 11059.679, 11477.56, 12112.885, 12577.576, 
13456.582, 14126.942, 14879.573, 15646.216, 17090.134, 1, 1, 
1, 1, 1, 1, 1, 1, 1, 1, 1, 0.125, 0.125, 0.125, 0.125, 0.125, 
0.125, 0.125, 0.125, 0.125, 0.125, 0.125, 0, 0, 0, 0, 0, 0, 0, 
0, 0, 0, 0, 0, 0, 0, 0, 0, 0, 0, 0, 0, 0, 0, 0.41851, 0.40443, 
0.42154, 0.44748, 0.43747, 0.43232, 0.42166, 0.43814, 0.44047, 
0.45578, 0.44598, 0.39886, 0.38965, 0.41972, 0.42925, 0.4359, 
0.44422, 0.43598, 0.43791, 0.44048, 0.44513, 0.44621, 0.1144, 
0.1317, 0.1457, 0.1627, 0.1776, 0.1972, 0.2138, 0.2444, 0.2606, 
0.2805, 0.3048, 305.2, 334.6, 361.3, 392.9, 423.5, 451, 478, 
507.9, 535.1, 562.9, 593.7, 1, 1, 1, 1, 1, 1, 1, 1, 1, 1, 1, 
1, 1, 1, 1, 1, 1, 1, 1, 1, 1, 1, 1, 1, 1, 1, 1, 1, 1, 1, 1, 1, 
1, 1, 1, 1, 1, 1, 1, 1, 1, 1, 1, 1, 3.755, 3.901, 3.888, 4.151, 
4.333, 4.528, 4.647, 4.986, 5.149, 5.308, 5.903), .Dim = c(11L, 
40L), .Dimnames = list(NULL, c("Sampling", "PSO.cost", "PSO.gamma", 
"PSO.data.balancing", "PSO.feature.selection", "PSO.valid.acc", 
"PSO.test.acc", "PSO.train.time", "PSO.n.support.vectors", "PSO.index", 
"PSO.n.solutions", "PSO.generations", "PSO.n.evaluations", "PSO.cpu.time", 
"RS.cost", "RS.gamma", "RS.data.balancing", "RS.feature.selection", 
"RS.valid.acc", "RS.test.acc", "RS.train.time", "RS.n.support.vectors", 
"RS.index", "RS.n.solutions", "RS.generations", "RS.n.evaluations", 
"RS.cpu.time", "DF.cost", "DF.gamma", "DF.data.balancing", "DF.feature.selection", 
"DF.valid.acc", "DF.test.acc", "DF.train.time", "DF.n.support.vectors", 
"DF.index", "DF.n.solutions", "DF.generations", "DF.n.evaluations", 
"DF.cpu.time")))
