full <-
structure(c(50, 55, 60, 65, 70, 75, 80, 85, 90, 95, 100, 8.59627, 
2.18828, 1.04355, 5.05553, 4.2699, -0.46927, 9.3161, 1.28806, 
15, 3.92112, 0.956, -4.48326, -2.37338, -1.69591, -3.97085, -3.08104, 
-0.23161, -6.37013, -1.90763, -8.81607, -2.55102, -2.27845, 0, 
0, 0, 0, 0, 0, 0, 0, 0, 0, 0, 0, 0, 0, 0, 0, 0, 0, 0, 0, 0, 0, 
0.91128, 0.91496, 0.91284, 0.911, 0.91203, 0.91869, 0.91839, 
0.92104, 0.91788, 0.92084, 0.91867, 0.90514, 0.91495, 0.90668, 
0.90814, 0.9076, 0.91458, 0.91607, 0.91669, 0.91378, 0.9176, 
0.91624, 0.1028, 0.0684, 0.0798, 0.113, 0.1224, 0.1262, 0.2114, 
0.1462, 0.997, 0.2046, 0.1789, 122.5, 141, 165.2, 147.1, 166.3, 
235.7, 154.8, 207.9, 165.3, 212.9, 240.4, 563, 1791, 1035, 453, 
273, 702, 676, 1469, 303, 87, 1495, 150, 1, 42, 51, 88, 730, 
55, 8, 246, 356, 25, 100, 100, 100, 100, 100, 100, 100, 100, 
100, 100, 100, 2500, 2500, 2500, 2500, 2500, 2500, 2500, 2500, 
2500, 2500, 2500, 8793.241, 7834.74, 9836.241, 17166.98, 12514.59, 
11513.802, 15407.8, 13075.493, 29282.707, 12160.544, 27575.899, 
9.77968, 2.22454, 3.29217, 5.18123, 6.73892, -0.29962, 9.3025, 
0.88492, 14.73371, 5.09891, -0.10193, -4.84623, -2.60223, -2.03321, 
-4.04498, -3.54801, 0.17405, -6.31559, -1.85182, -8.65045, -2.81604, 
-0.71082, 0, 0, 0, 0, 0, 0, 0, 0, 0, 0, 0, 0, 0, 0, 0, 0, 0, 
0, 0, 0, 0, 0, 0.91005, 0.91385, 0.91179, 0.911, 0.91115, 0.91705, 
0.91839, 0.92031, 0.91719, 0.9202, 0.91744, 0.90759, 0.90938, 
0.90464, 0.90814, 0.90409, 0.91374, 0.91607, 0.91887, 0.91378, 
0.9137, 0.915, 0.1331, 0.0689, 0.0551, 0.1122, 0.1625, 0.1341, 
0.211, 0.141, 0.9881, 0.214, 0.2036, 121.5, 138.8, 151.5, 146.2, 
164.1, 261.1, 155.2, 209.3, 166.9, 211.3, 286.1, 1, 1628, 2045, 
748, 1227, 469, 44, 2299, 150, 359, 1777, 2, 2, 3, 1, 2, 1, 1, 
1, 2, 2, 1, 100, 100, 100, 100, 100, 100, 100, 100, 100, 100, 
100, 2500, 2500, 2500, 2500, 2500, 2500, 2500, 2500, 2500, 2500, 
2500, 8517.5, 9135.099, 11700.561, 12065.142, 11415.622, 13180.452, 
12405.593, 15752.777, 15745.689, 14037.111, 16292.235, 1, 1, 
1, 1, 1, 1, 1, 1, 1, 1, 1, 0.33333, 0.33333, 0.33333, 0.33333, 
0.33333, 0.33333, 0.33333, 0.33333, 0.33333, 0.33333, 0.33333, 
0, 0, 0, 0, 0, 0, 0, 0, 0, 0, 0, 0, 0, 0, 0, 0, 0, 0, 0, 0, 0, 
0, 0.90395, 0.91163, 0.9087, 0.90814, 0.90588, 0.9121, 0.91686, 
0.91883, 0.91308, 0.91565, 0.91622, 0.89902, 0.90826, 0.90355, 
0.90815, 0.90763, 0.91129, 0.91684, 0.91813, 0.91514, 0.915, 
0.91686, 0.056, 0.065, 0.0752, 0.0795, 0.095, 0.1055, 0.1171, 
0.1347, 0.1389, 0.1511, 0.1192, 144.4, 154.7, 166.6, 174.5, 186.7, 
194.6, 204.7, 213.1, 228.5, 240, 253.4, 1, 1, 1, 1, 1, 1, 1, 
1, 1, 1, 1, 1, 1, 1, 1, 1, 1, 1, 1, 1, 1, 1, 1, 1, 1, 1, 1, 1, 
1, 1, 1, 1, 1, 1, 1, 1, 1, 1, 1, 1, 1, 1, 1, 1, 2.974, 3.126, 
3.985, 3.803, 4.154, 4.27, 3.641, 4.641, 3.693, 3.788, 3.165), .Dim = c(11L, 
40L), .Dimnames = list(NULL, c("Sampling", "PSO.cost", "PSO.gamma", 
"PSO.data.balancing", "PSO.feature.selection", "PSO.valid.acc", 
"PSO.test.acc", "PSO.train.time", "PSO.n.support.vectors", "PSO.index", 
"PSO.n.solutions", "PSO.generations", "PSO.n.evaluations", "PSO.cpu.time", 
"RS.cost", "RS.gamma", "RS.data.balancing", "RS.feature.selection", 
"RS.valid.acc", "RS.test.acc", "RS.train.time", "RS.n.support.vectors", 
"RS.index", "RS.n.solutions", "RS.generations", "RS.n.evaluations", 
"RS.cpu.time", "DF.cost", "DF.gamma", "DF.data.balancing", "DF.feature.selection", 
"DF.valid.acc", "DF.test.acc", "DF.train.time", "DF.n.support.vectors", 
"DF.index", "DF.n.solutions", "DF.generations", "DF.n.evaluations", 
"DF.cpu.time")))
