full <-
structure(c(50, 55, 60, 65, 70, 75, 80, 85, 90, 95, 100, 4.68601, 
0.35992, 15, 2.25554, 15, 1.64191, 4.64866, 15, 12.38842, -0.02985, 
-0.15912, -2.11615, 0.82586, -5.88478, -2.66942, -5.79293, -1.90445, 
-3.64942, -6.09498, -4.1708, -0.96174, -1.19998, 0, 0, 0, 0, 
0, 0, 0, 0, 0, 0, 0, 0, 0, 0, 0, 0, 0, 0, 0, 0, 0, 0, 0.91633, 
0.915, 0.91074, 0.90904, 0.91117, 0.91216, 0.91221, 0.91743, 
0.91714, 0.91567, 0.9187, 0.90891, 0.90827, 0.90354, 0.90426, 
0.90586, 0.90968, 0.90913, 0.91817, 0.91439, 0.91501, 0.91623, 
0.0695, 0.1165, 2.4644, 0.092, 2.9114, 0.1194, 0.1693, 4.8389, 
1.4827, 0.1886, 0.1896, 127, 267.6, 140.9, 163.1, 164.9, 192.8, 
188.3, 189.6, 202.5, 273.3, 272.3, 1827, 1823, 1461, 741, 1628, 
64, 602, 735, 710, 444, 606, 1, 12, 8, 98, 37, 142, 169, 58, 
110, 90, 345, 100, 100, 100, 100, 100, 100, 100, 100, 100, 100, 
100, 2500, 2500, 2500, 2500, 2500, 2500, 2500, 2500, 2500, 2500, 
2500, 10775.958, 10135.532, 25761.695, 13226.356, 31924.754, 
18879.141, 11180.99, 51545.513, 44380.758, 25632.015, 12604.034, 
12.56756, 0.15877, 6.90103, 2.61005, 10.36743, 0.92161, 4.61116, 
12.59874, 11.56391, 0.14312, 0.81586, -4.95743, 0.45147, -3.12479, 
-2.81021, -4.4648, -0.75714, -3.63229, -5.37124, -3.95984, -1.15431, 
-1.74808, 0, 0, 0, 0, 0, 0, 0, 0, 0, 0, 0, 0, 0, 0, 0, 0, 0, 
0, 0, 0, 0, 0, 0.9163, 0.91275, 0.91074, 0.90904, 0.90942, 0.91136, 
0.91221, 0.91671, 0.91646, 0.91501, 0.91808, 0.91632, 0.90938, 
0.90667, 0.90521, 0.90411, 0.90886, 0.90913, 0.91743, 0.91439, 
0.91436, 0.91561, 0.3881, 0.1005, 0.1324, 0.0936, 0.4424, 0.1294, 
0.1658, 1.6774, 1.0645, 0.1804, 0.1847, 121.4, 235.7, 147.3, 
160.3, 166.9, 232.1, 189, 191.2, 203, 265.5, 253.6, 492, 42, 
156, 1607, 812, 1327, 1331, 84, 822, 258, 1842, 1, 3, 4, 4, 4, 
1, 2, 4, 2, 1, 1, 100, 100, 100, 100, 100, 100, 100, 100, 100, 
100, 100, 2500, 2500, 2500, 2500, 2500, 2500, 2500, 2500, 2500, 
2500, 2500, 8707.673, 9392.91, 10031.805, 11557.044, 13383.951, 
12860.971, 14077.553, 16045.552, 17097.653, 17536.114, 17773.899, 
1, 1, 1, 1, 1, 1, 1, 1, 1, 1, 1, 0.33333, 0.33333, 0.33333, 0.33333, 
0.33333, 0.33333, 0.33333, 0.33333, 0.33333, 0.33333, 0.33333, 
0, 0, 0, 0, 0, 0, 0, 0, 0, 0, 0, 0, 0, 0, 0, 0, 0, 0, 0, 0, 0, 
0, 0.91019, 0.90822, 0.9046, 0.90433, 0.905, 0.90561, 0.90449, 
0.91015, 0.91233, 0.91177, 0.915, 0.90276, 0.90935, 0.90252, 
0.90332, 0.90412, 0.90804, 0.90837, 0.91236, 0.91302, 0.91437, 
0.915, 0.0566, 0.0656, 0.0773, 0.0916, 0.1059, 0.1093, 0.1261, 
0.1407, 0.162, 0.166, 0.1795, 142.9, 151.9, 165.2, 185.1, 195.8, 
205.2, 221.7, 233, 241.9, 247.5, 258.7, 1, 1, 1, 1, 1, 1, 1, 
1, 1, 1, 1, 1, 1, 1, 1, 1, 1, 1, 1, 1, 1, 1, 1, 1, 1, 1, 1, 1, 
1, 1, 1, 1, 1, 1, 1, 1, 1, 1, 1, 1, 1, 1, 1, 1, 3.043, 3.11, 
3.246, 3.463, 4.368, 3.456, 3.634, 3.773, 4.089, 4.092, 4.234
), .Dim = c(11L, 40L), .Dimnames = list(NULL, c("Sampling", "PSO.cost", 
"PSO.gamma", "PSO.data.balancing", "PSO.feature.selection", "PSO.valid.acc", 
"PSO.test.acc", "PSO.train.time", "PSO.n.support.vectors", "PSO.index", 
"PSO.n.solutions", "PSO.generations", "PSO.n.evaluations", "PSO.cpu.time", 
"RS.cost", "RS.gamma", "RS.data.balancing", "RS.feature.selection", 
"RS.valid.acc", "RS.test.acc", "RS.train.time", "RS.n.support.vectors", 
"RS.index", "RS.n.solutions", "RS.generations", "RS.n.evaluations", 
"RS.cpu.time", "DF.cost", "DF.gamma", "DF.data.balancing", "DF.feature.selection", 
"DF.valid.acc", "DF.test.acc", "DF.train.time", "DF.n.support.vectors", 
"DF.index", "DF.n.solutions", "DF.generations", "DF.n.evaluations", 
"DF.cpu.time")))
