full <-
structure(c(50, 55, 60, 65, 70, 75, 80, 85, 90, 95, 100, 12.83411, 
3.98712, 14.99141, 7.96185, 0.35731, -0.94168, 9.39178, 12.14277, 
15, -0.21358, 1.60949, -7.71437, -2.56944, -10.44888, -7.94345, 
-2.68738, -2.31268, -2.68124, -7.34357, -5.01493, -1.19712, -2.37952, 
0, 0, 0, 0, 0, 0, 0, 0, 0, 0, 0, 0, 0, 0, 0, 0, 0, 0, 0, 0, 0, 
0, 0.92743, 0.92499, 0.92201, 0.9251, 0.91908, 0.91465, 0.91605, 
0.91809, 0.92056, 0.91694, 0.91868, 0.92374, 0.91939, 0.91178, 
0.91848, 0.9129, 0.91054, 0.90835, 0.91445, 0.91782, 0.91435, 
0.9156, 0.2197, 0.0738, 0.1851, 0.0828, 0.0826, 0.0887, 0.3274, 
0.5281, 5.0332, 0.1659, 0.1868, 96.1, 123.5, 103.2, 112.4, 150.9, 
172.1, 188.1, 160.1, 201.3, 255, 235.9, 669, 492, 128, 1144, 
104, 1668, 313, 1381, 1091, 691, 1746, 62, 292, 31, 36, 809, 
13, 271, 27, 5, 96, 278, 100, 100, 100, 100, 100, 100, 100, 100, 
100, 100, 100, 2500, 2500, 2500, 2500, 2500, 2500, 2500, 2500, 
2500, 2500, 2500, 18252.787, 9689.831, 10340.129, 9934.01300000001, 
9291.79399999999, 9207.49500000001, 15893.143, 26720.11, 74561.908, 
11753.305, 12996.419, 11.90935, 3.91273, 14.65495, 8.2036, 0.32362, 
-0.75364, 9.35424, -0.90801, 14.91826, 1.8058, 3.58378, -7.22511, 
-2.45675, -10.17849, -8.06419, -2.80478, -2.76178, -2.64742, 
-0.40734, -4.66844, -1.98476, -2.06773, 0, 0, 0, 0, 0, 0, 0, 
0, 0, 0, 0, 0, 0, 0, 0, 0, 0, 0, 0, 0, 0, 0, 0.92623, 0.92499, 
0.92098, 0.9251, 0.9182, 0.91465, 0.91605, 0.91736, 0.91988, 
0.91629, 0.91868, 0.92249, 0.91938, 0.91484, 0.91848, 0.91379, 
0.91221, 0.90835, 0.91446, 0.91577, 0.91112, 0.91744, 0.1732, 
0.0741, 0.1806, 0.0855, 0.0785, 0.0869, 0.3215, 0.1501, 5.4346, 
0.178, 0.2232, 97.1, 125.5, 103.7, 115.9, 148.9, 164.8, 188.6, 
256.3, 204.4, 228.2, 234.7, 2052, 1684, 65, 1681, 1073, 298, 
2295, 1099, 1748, 1107, 782, 1, 1, 11, 1, 1, 4, 1, 2, 2, 3, 1, 
100, 100, 100, 100, 100, 100, 100, 100, 100, 100, 100, 2500, 
2500, 2500, 2500, 2500, 2500, 2500, 2500, 2500, 2500, 2500, 9675.841, 
9650.122, 10139.249, 10584.361, 11003.294, 11821.469, 12701.015, 
14010.041, 15252.693, 16369.811, 18086.826, 1, 1, 1, 1, 1, 1, 
1, 1, 1, 1, 1, 0.33333, 0.33333, 0.33333, 0.33333, 0.33333, 0.33333, 
0.33333, 0.33333, 0.33333, 0.33333, 0.33333, 0, 0, 0, 0, 0, 0, 
0, 0, 0, 0, 0, 0, 0, 0, 0, 0, 0, 0, 0, 0, 0, 0, 0.91889, 0.91828, 
0.91899, 0.92037, 0.91816, 0.9122, 0.91066, 0.91664, 0.91648, 
0.915, 0.91621, 0.92007, 0.91495, 0.91589, 0.92133, 0.91285, 
0.91463, 0.91221, 0.91448, 0.91783, 0.91435, 0.91745, 0.0594, 
0.0632, 0.073, 0.0818, 0.0929, 0.1046, 0.1168, 0.1282, 0.1503, 
0.1596, 0.1764, 136.3, 145.3, 154.9, 164.8, 179.2, 195.2, 201.9, 
211, 232.4, 241.5, 254.4, 1, 1, 1, 1, 1, 1, 1, 1, 1, 1, 1, 1, 
1, 1, 1, 1, 1, 1, 1, 1, 1, 1, 1, 1, 1, 1, 1, 1, 1, 1, 1, 1, 1, 
1, 1, 1, 1, 1, 1, 1, 1, 1, 1, 1, 3.474, 3.303, 3.46, 3.451, 3.51, 
3.618, 3.799, 3.858, 4.078, 4.052, 4.234), .Dim = c(11L, 40L), .Dimnames = list(
    NULL, c("Sampling", "PSO.cost", "PSO.gamma", "PSO.data.balancing", 
    "PSO.feature.selection", "PSO.valid.acc", "PSO.test.acc", 
    "PSO.train.time", "PSO.n.support.vectors", "PSO.index", "PSO.n.solutions", 
    "PSO.generations", "PSO.n.evaluations", "PSO.cpu.time", "RS.cost", 
    "RS.gamma", "RS.data.balancing", "RS.feature.selection", 
    "RS.valid.acc", "RS.test.acc", "RS.train.time", "RS.n.support.vectors", 
    "RS.index", "RS.n.solutions", "RS.generations", "RS.n.evaluations", 
    "RS.cpu.time", "DF.cost", "DF.gamma", "DF.data.balancing", 
    "DF.feature.selection", "DF.valid.acc", "DF.test.acc", "DF.train.time", 
    "DF.n.support.vectors", "DF.index", "DF.n.solutions", "DF.generations", 
    "DF.n.evaluations", "DF.cpu.time")))
