full <-
structure(c(50, 55, 60, 65, 70, 75, 80, 85, 90, 95, 100, 6.38687, 
0.90863, 5.88803, 7.22638, 0.26933, 2.18618, 7.74278, 1.64991, 
-0.33609, 2.66475, 0.68245, -4.65907, 0.42351, -2.61243, -4.78377, 
-0.36719, -1.62705, -2.6107, -1.89266, -0.74505, -2.06972, -1.62962, 
0, 0, 0, 0, 0, 0, 0, 0, 0, 0, 0, 0, 0, 0, 0, 0, 0, 0, 0, 0, 0, 
0, 0.9286, 0.93511, 0.93123, 0.93179, 0.92173, 0.92529, 0.91763, 
0.92095, 0.91713, 0.9189, 0.91686, 0.92491, 0.93289, 0.91788, 
0.92515, 0.91819, 0.91874, 0.90991, 0.91734, 0.91577, 0.91565, 
0.91315, 0.08, 0.1022, 0.1087, 0.1464, 0.125, 0.1387, 0.2912, 
0.1533, 0.1822, 0.2017, 0.1975, 111.2, 228.9, 133.8, 133.8, 229.7, 
196.9, 198.7, 213.4, 265.7, 227.8, 254.4, 238, 1110, 956, 749, 
1686, 969, 1104, 2092, 609, 106, 831, 65, 141, 32, 205, 98, 239, 
39, 5, 81, 711, 55, 100, 100, 100, 100, 100, 100, 100, 100, 100, 
100, 100, 2500, 2500, 2500, 2500, 2500, 2500, 2500, 2500, 2500, 
2500, 2500, 10281.023, 11193.921, 10822.259, 13091.72, 13830.725, 
12519.221, 17520.041, 14769.62, 13853.757, 15226.743, 47022.421, 
6.48758, 0.89328, 4.45166, 7.29534, 0.19264, 1.83236, 10.82621, 
1.32068, -0.46645, 3.14194, 1.10677, -4.62514, 0.75028, -1.89147, 
-4.80385, -0.56526, -1.5408, -3.6484, -1.75687, -0.51382, -2.21447, 
-1.67869, 0, 0, 0, 0, 0, 0, 0, 0, 0, 0, 0, 0, 0, 0, 0, 0, 0, 
0, 0, 0, 0, 0, 0.9286, 0.93289, 0.93021, 0.93179, 0.92172, 0.92281, 
0.91762, 0.92022, 0.91645, 0.9189, 0.91685, 0.92491, 0.93288, 
0.92306, 0.92515, 0.91907, 0.91874, 0.91145, 0.91806, 0.91645, 
0.91565, 0.91438, 0.0821, 0.1115, 0.0956, 0.1467, 0.1229, 0.1362, 
0.7368, 0.1484, 0.1805, 0.2092, 0.1979, 113.3, 252.2, 140.4, 
133.5, 219.1, 200.8, 190.9, 217.3, 279.3, 223.7, 250.9, 129, 
1229, 2250, 96, 1770, 582, 974, 1724, 77, 747, 1776, 1, 1, 1, 
1, 1, 2, 2, 1, 1, 6, 2, 100, 100, 100, 100, 100, 100, 100, 100, 
100, 100, 100, 2500, 2500, 2500, 2500, 2500, 2500, 2500, 2500, 
2500, 2500, 2500, 9316.898, 10660.113, 12204.496, 12996.868, 
14600.539, 15367.115, 17168.369, 17667.032, 18732.275, 20150.726, 
20627.175, 1, 1, 1, 1, 1, 1, 1, 1, 1, 1, 1, 0.33333, 0.33333, 
0.33333, 0.33333, 0.33333, 0.33333, 0.33333, 0.33333, 0.33333, 
0.33333, 0.33333, 0, 0, 0, 0, 0, 0, 0, 0, 0, 0, 0, 0, 0, 0, 0, 
0, 0, 0, 0, 0, 0, 0, 0.92121, 0.92504, 0.92403, 0.92514, 0.91906, 
0.92116, 0.91373, 0.91661, 0.91507, 0.91634, 0.91501, 0.91998, 
0.92504, 0.92205, 0.92325, 0.91819, 0.922, 0.91605, 0.91661, 
0.9144, 0.91826, 0.91499, 0.0589, 0.0716, 0.0776, 0.0888, 0.1055, 
0.119, 0.134, 0.1401, 0.1609, 0.1764, 0.1861, 142.2, 156.9, 160.7, 
170.9, 188.7, 204.5, 222.1, 221.1, 240.7, 249.9, 257.7, 1, 1, 
1, 1, 1, 1, 1, 1, 1, 1, 1, 1, 1, 1, 1, 1, 1, 1, 1, 1, 1, 1, 1, 
1, 1, 1, 1, 1, 1, 1, 1, 1, 1, 1, 1, 1, 1, 1, 1, 1, 1, 1, 1, 1, 
3.25, 4.063, 4.165, 4.327, 4.54, 4.669, 4.706, 4.763, 4.979, 
5.125, 5.199), .Dim = c(11L, 40L), .Dimnames = list(NULL, c("Sampling", 
"PSO.cost", "PSO.gamma", "PSO.data.balancing", "PSO.feature.selection", 
"PSO.valid.acc", "PSO.test.acc", "PSO.train.time", "PSO.n.support.vectors", 
"PSO.index", "PSO.n.solutions", "PSO.generations", "PSO.n.evaluations", 
"PSO.cpu.time", "RS.cost", "RS.gamma", "RS.data.balancing", "RS.feature.selection", 
"RS.valid.acc", "RS.test.acc", "RS.train.time", "RS.n.support.vectors", 
"RS.index", "RS.n.solutions", "RS.generations", "RS.n.evaluations", 
"RS.cpu.time", "DF.cost", "DF.gamma", "DF.data.balancing", "DF.feature.selection", 
"DF.valid.acc", "DF.test.acc", "DF.train.time", "DF.n.support.vectors", 
"DF.index", "DF.n.solutions", "DF.generations", "DF.n.evaluations", 
"DF.cpu.time")))
