full <-
structure(c(50, 55, 60, 65, 70, 75, 80, 85, 90, 95, 100, 0.83907, 
8.95789, 3.32054, 10.77956, 5.97107, 0.50451, 0.09468, 0.16925, 
0.65529, 6.47575, 14.92925, -2.49016, -4.32072, -1.90761, -6.80045, 
-3.20344, -1.23425, -0.71412, -0.60076, -1.07888, -3.06481, -6.50854, 
0, 0, 0, 0, 0, 0, 0, 0, 0, 0, 0, 0, 0, 0, 0, 0, 0, 0, 0, 0, 0, 
0, 0.92374, 0.92168, 0.92202, 0.91467, 0.92078, 0.91868, 0.92301, 
0.92321, 0.92055, 0.91695, 0.91933, 0.92371, 0.91494, 0.9189, 
0.91276, 0.91726, 0.9179, 0.91913, 0.91742, 0.91643, 0.91306, 
0.91501, 0.0524, 0.1435, 0.0895, 0.2421, 0.1565, 0.1182, 0.1413, 
0.1598, 0.1663, 0.2662, 5.4143, 118.7, 121, 147.8, 134, 163.6, 
211.1, 240, 258.2, 252.9, 215.6, 209.5, 200, 523, 1056, 82, 1494, 
82, 233, 400, 1762, 197, 1538, 242, 156, 164, 306, 18, 537, 983, 
659, 11, 66, 2, 100, 100, 100, 100, 100, 100, 100, 100, 100, 
100, 100, 2500, 2500, 2500, 2500, 2500, 2500, 2500, 2500, 2500, 
2500, 2500, 8037.94, 9802.759, 8632.927, 17245.427, 11839.166, 
11312.914, 10401.763, 10962.475, 12784.532, 15273.203, 75379.582, 
0.18805, 3.13901, 7.81397, 0.92873, 6.94268, 0.02939, -0.14106, 
0.17228, 0.72579, 7.31745, 10.17467, -1.19008, -3.91103, -3.21612, 
-1.83439, -3.48715, -0.44018, -1.02243, -0.72625, -0.89767, -3.33855, 
-5.2262, 0, 0, 0, 0, 0, 0, 0, 0, 0, 0, 0, 0, 0, 0, 0, 0, 0, 0, 
0, 0, 0, 0, 0.92374, 0.92055, 0.92101, 0.91468, 0.9199, 0.91868, 
0.923, 0.92248, 0.91988, 0.91695, 0.9181, 0.92252, 0.92169, 0.91275, 
0.90896, 0.91726, 0.91867, 0.9199, 0.91742, 0.91712, 0.91177, 
0.91254, 0.0629, 0.0638, 0.1372, 0.0915, 0.1746, 0.1305, 0.1322, 
0.1551, 0.1729, 0.3047, 0.8101, 145.7, 116.7, 135.6, 167.7, 162.3, 
240, 230, 254.7, 257, 215.9, 216.8, 168, 326, 2397, 2476, 980, 
886, 1160, 1300, 252, 1620, 780, 6, 1, 1, 1, 2, 2, 2, 1, 2, 1, 
1, 100, 100, 100, 100, 100, 100, 100, 100, 100, 100, 100, 2500, 
2500, 2500, 2500, 2500, 2500, 2500, 2500, 2500, 2500, 2500, 8377.281, 
9007.707, 9876.241, 10668.515, 11580.862, 12299.265, 13466.155, 
13973.701, 14624.526, 15425.993, 19410.942, 1, 1, 1, 1, 1, 1, 
1, 1, 1, 1, 1, 0.33333, 0.33333, 0.33333, 0.33333, 0.33333, 0.33333, 
0.33333, 0.33333, 0.33333, 0.33333, 0.33333, 0, 0, 0, 0, 0, 0, 
0, 0, 0, 0, 0, 0, 0, 0, 0, 0, 0, 0, 0, 0, 0, 0, 0.92006, 0.91496, 
0.91586, 0.9109, 0.91637, 0.91623, 0.92146, 0.91814, 0.91781, 
0.91501, 0.91565, 0.92249, 0.9206, 0.91482, 0.91087, 0.91637, 
0.91461, 0.91913, 0.91668, 0.91781, 0.915, 0.91504, 0.0576, 0.0656, 
0.0768, 0.0876, 0.0979, 0.1093, 0.1253, 0.1351, 0.1447, 0.1634, 
0.1867, 132.5, 147.3, 156.9, 173, 188.2, 200, 212.3, 219.5, 230.2, 
243.7, 253.9, 1, 1, 1, 1, 1, 1, 1, 1, 1, 1, 1, 1, 1, 1, 1, 1, 
1, 1, 1, 1, 1, 1, 1, 1, 1, 1, 1, 1, 1, 1, 1, 1, 1, 1, 1, 1, 1, 
1, 1, 1, 1, 1, 1, 1, 3.048, 3.079, 3.24, 3.308, 3.448, 3.539, 
3.693, 3.782, 3.889, 4.117, 5.175), .Dim = c(11L, 40L), .Dimnames = list(
    NULL, c("Sampling", "PSO.cost", "PSO.gamma", "PSO.data.balancing", 
    "PSO.feature.selection", "PSO.valid.acc", "PSO.test.acc", 
    "PSO.train.time", "PSO.n.support.vectors", "PSO.index", "PSO.n.solutions", 
    "PSO.generations", "PSO.n.evaluations", "PSO.cpu.time", "RS.cost", 
    "RS.gamma", "RS.data.balancing", "RS.feature.selection", 
    "RS.valid.acc", "RS.test.acc", "RS.train.time", "RS.n.support.vectors", 
    "RS.index", "RS.n.solutions", "RS.generations", "RS.n.evaluations", 
    "RS.cpu.time", "DF.cost", "DF.gamma", "DF.data.balancing", 
    "DF.feature.selection", "DF.valid.acc", "DF.test.acc", "DF.train.time", 
    "DF.n.support.vectors", "DF.index", "DF.n.solutions", "DF.generations", 
    "DF.n.evaluations", "DF.cpu.time")))
