full <-
structure(c(50, 55, 60, 65, 70, 75, 80, 85, 90, 95, 100, 9.54019, 
5.53473, 13.50752, 0.03558, 0.00536, 15, 5.43283, 3.46, 1.09339, 
-0.33212, 4.15631, -4.84108, -2.37588, -6.44479, -0.01791, -0.24156, 
-8.34815, -2.83286, -2.25915, -2.17522, -0.99559, -1.99361, 0, 
0, 0, 0, 0, 0, 0, 0, 0, 0, 0, 0, 0, 0, 0, 0, 0, 0, 0, 0, 0, 0, 
0.91395, 0.91385, 0.91179, 0.90904, 0.91115, 0.91132, 0.91376, 
0.91299, 0.9151, 0.91698, 0.9181, 0.90781, 0.91053, 0.90148, 
0.9062, 0.90584, 0.90721, 0.90527, 0.9079, 0.90824, 0.91178, 
0.91625, 0.1531, 0.1012, 0.6867, 0.1152, 0.1261, 1.044, 0.1774, 
0.173, 0.1633, 0.1775, 0.2323, 116, 141.8, 134, 240.5, 246.9, 
152.1, 192.9, 209.3, 229.6, 272.4, 238.6, 176, 966, 363, 411, 
986, 1538, 2346, 1501, 1258, 1008, 264, 237, 62, 203, 202, 103, 
7, 2, 40, 71, 194, 519, 100, 100, 100, 100, 100, 100, 100, 100, 
100, 100, 100, 2500, 2500, 2500, 2500, 2500, 2500, 2500, 2500, 
2500, 2500, 2500, 14206.726, 9699.209, 21223.141, 10150.47, 13333.996, 
21606.254, 19009.753, 16456.496, 12103.026, 12819.994, 13602.253, 
10.39966, 0.62892, 13.12144, 0.29123, 0.77454, 14.45237, 6.89388, 
3.15019, 1.91249, -0.43408, 3.70567, -5.13246, -1.22037, -6.32849, 
-0.38576, -0.18363, -8.65604, -3.37565, -2.13325, -2.62714, -0.9179, 
-1.84069, 0, 0, 0, 0, 0, 0, 0, 0, 0, 0, 0, 0, 0, 0, 0, 0, 0, 
0, 0, 0, 0, 0, 0.91395, 0.9128, 0.91179, 0.9081, 0.91114, 0.9113, 
0.913, 0.91226, 0.91373, 0.91634, 0.9181, 0.90782, 0.91386, 0.90148, 
0.90716, 0.9076, 0.90639, 0.90758, 0.90718, 0.90756, 0.91243, 
0.91626, 0.1885, 0.0802, 0.5777, 0.1027, 0.1226, 0.5358, 0.22, 
0.1693, 0.1084, 0.1834, 0.2352, 115.8, 170, 133.1, 221, 249.6, 
148.8, 189.2, 210.9, 220.4, 275.3, 243.4, 1367, 876, 1620, 2499, 
1008, 800, 190, 1103, 1376, 332, 173, 1, 2, 1, 1, 2, 2, 2, 1, 
2, 1, 1, 100, 100, 100, 100, 100, 100, 100, 100, 100, 100, 100, 
2500, 2500, 2500, 2500, 2500, 2500, 2500, 2500, 2500, 2500, 2500, 
10374.602, 11188.105, 10942.26, 11533.51, 12325.86, 13483.741, 
14296.253, 12877.609, 16259.837, 16985.375, 16645.102, 1, 1, 
1, 1, 1, 1, 1, 1, 1, 1, 1, 0.33333, 0.33333, 0.33333, 0.33333, 
0.33333, 0.33333, 0.33333, 0.33333, 0.33333, 0.33333, 0.33333, 
0, 0, 0, 0, 0, 0, 0, 0, 0, 0, 0, 0, 0, 0, 0, 0, 0, 0, 0, 0, 0, 
0, 0.90785, 0.90834, 0.90866, 0.90809, 0.90495, 0.90723, 0.91221, 
0.91009, 0.91166, 0.91439, 0.91565, 0.90662, 0.90607, 0.91075, 
0.90429, 0.90497, 0.90805, 0.91143, 0.9108, 0.90892, 0.91244, 
0.91873, 0.0612, 0.0716, 0.0703, 0.086, 0.1012, 0.1181, 0.1199, 
0.0908, 0.1484, 0.1652, 0.1793, 145.7, 159.3, 168.4, 181.8, 195.9, 
204.5, 211.6, 223, 239.1, 245.8, 255.7, 1, 1, 1, 1, 1, 1, 1, 
1, 1, 1, 1, 1, 1, 1, 1, 1, 1, 1, 1, 1, 1, 1, 1, 1, 1, 1, 1, 1, 
1, 1, 1, 1, 1, 1, 1, 1, 1, 1, 1, 1, 1, 1, 1, 1, 3.598, 3.685, 
3.305, 3.592, 3.881, 4.1, 3.945, 3.232, 4.358, 4.562, 4.588), .Dim = c(11L, 
40L), .Dimnames = list(NULL, c("Sampling", "PSO.cost", "PSO.gamma", 
"PSO.data.balancing", "PSO.feature.selection", "PSO.valid.acc", 
"PSO.test.acc", "PSO.train.time", "PSO.n.support.vectors", "PSO.index", 
"PSO.n.solutions", "PSO.generations", "PSO.n.evaluations", "PSO.cpu.time", 
"RS.cost", "RS.gamma", "RS.data.balancing", "RS.feature.selection", 
"RS.valid.acc", "RS.test.acc", "RS.train.time", "RS.n.support.vectors", 
"RS.index", "RS.n.solutions", "RS.generations", "RS.n.evaluations", 
"RS.cpu.time", "DF.cost", "DF.gamma", "DF.data.balancing", "DF.feature.selection", 
"DF.valid.acc", "DF.test.acc", "DF.train.time", "DF.n.support.vectors", 
"DF.index", "DF.n.solutions", "DF.generations", "DF.n.evaluations", 
"DF.cpu.time")))
