full <-
structure(c(50, 55, 60, 65, 70, 75, 80, 85, 90, 95, 100, 0.91966, 
5.30214, 1.29781, -0.27368, 2.11668, 1.18687, 10.52108, 1.95849, 
7.26656, 3.16743, 1.23965, -1.13186, -4.58337, -1.68967, 0.06405, 
-1.54559, -1.82791, -6.01644, -2.32819, -5.30289, -1.75, -2.00884, 
0, 0, 0, 0, 0, 0, 0, 0, 0, 0, 0, 0, 0, 0, 0, 0, 0, 0, 0, 0, 0, 
0, 0.92121, 0.9273, 0.91998, 0.9166, 0.91649, 0.92115, 0.91988, 
0.91517, 0.91506, 0.91501, 0.92051, 0.91634, 0.92053, 0.91484, 
0.91092, 0.91471, 0.91457, 0.91603, 0.91079, 0.91028, 0.91113, 
0.91805, 0.0624, 0.0783, 0.0872, 0.1201, 0.1232, 0.1266, 0.5226, 
0.1515, 0.271, 0.2124, 0.1951, 147.9, 112.6, 163.7, 252.5, 196, 
200.7, 167, 206, 188.7, 233.2, 242.3, 508, 1293, 826, 979, 333, 
756, 938, 393, 847, 418, 1715, 145, 37, 15, 269, 377, 184, 22, 
144, 21, 375, 26, 100, 100, 100, 100, 100, 100, 100, 100, 100, 
100, 100, 2500, 2500, 2500, 2500, 2500, 2500, 2500, 2500, 2500, 
2500, 2500, 7859.767, 10988.818, 8987.236, 9468.31100000001, 
9831.26800000001, 9972.556, 17904.823, 10494.983, 14618.498, 
12927.764, 16395.603, 0.67087, 2.47704, 1.40554, 5.0105, 1.42204, 
0.69281, -0.32916, 0.48992, 8.87837, 3.17293, 3.88296, -0.85055, 
-3.29574, -1.05274, -2.30801, -1.35621, -1.89598, -0.07174, -0.81911, 
-6.13957, -2.08718, -2.91343, 0, 0, 0, 0, 0, 0, 0, 0, 0, 0, 0, 
0, 0, 0, 0, 0, 0, 0, 0, 0, 0, 0, 0.91999, 0.9273, 0.91997, 0.91655, 
0.91561, 0.91953, 0.91989, 0.91516, 0.91505, 0.91501, 0.91928, 
0.91387, 0.92393, 0.91689, 0.90895, 0.91558, 0.91622, 0.91834, 
0.91152, 0.9096, 0.9131, 0.91682, 0.0659, 0.0651, 0.0928, 0.1288, 
0.1221, 0.1208, 0.1568, 0.1641, 0.3266, 0.2076, 0.2367, 153.2, 
118.3, 182.2, 168.1, 203.4, 196.4, 270.5, 252.1, 185, 225.8, 
225, 821, 76, 2263, 1224, 445, 639, 2039, 637, 1130, 1268, 286, 
1, 1, 1, 1, 1, 1, 1, 2, 3, 1, 1, 100, 100, 100, 100, 100, 100, 
100, 100, 100, 100, 100, 2500, 2500, 2500, 2500, 2500, 2500, 
2500, 2500, 2500, 2500, 2500, 8988.731, 9747.565, 10794.408, 
12265.176, 12763.123, 13731.056, 14329.791, 14648.23, 15823.573, 
16369.274, 17630.991, 1, 1, 1, 1, 1, 1, 1, 1, 1, 1, 1, 0.33333, 
0.33333, 0.33333, 0.33333, 0.33333, 0.33333, 0.33333, 0.33333, 
0.33333, 0.33333, 0.33333, 0, 0, 0, 0, 0, 0, 0, 0, 0, 0, 0, 0, 
0, 0, 0, 0, 0, 0, 0, 0, 0, 0, 0.91387, 0.92166, 0.91174, 0.90994, 
0.91293, 0.91705, 0.91834, 0.9108, 0.91164, 0.91046, 0.91436, 
0.91755, 0.92166, 0.91276, 0.91279, 0.91119, 0.91869, 0.91526, 
0.91006, 0.91165, 0.91111, 0.91497, 0.0576, 0.0634, 0.0762, 0.0954, 
0.1112, 0.1181, 0.1284, 0.1356, 0.1553, 0.1758, 0.1916, 137, 
145.1, 164.3, 184.9, 200.7, 205.1, 214.5, 222.4, 231.8, 247.5, 
255.8, 1, 1, 1, 1, 1, 1, 1, 1, 1, 1, 1, 1, 1, 1, 1, 1, 1, 1, 
1, 1, 1, 1, 1, 1, 1, 1, 1, 1, 1, 1, 1, 1, 1, 1, 1, 1, 1, 1, 1, 
1, 1, 1, 1, 1, 3.062, 3.104, 3.254, 3.485, 3.619, 3.723, 3.765, 
3.865, 4.079, 4.191, 4.363), .Dim = c(11L, 40L), .Dimnames = list(
    NULL, c("Sampling", "PSO.cost", "PSO.gamma", "PSO.data.balancing", 
    "PSO.feature.selection", "PSO.valid.acc", "PSO.test.acc", 
    "PSO.train.time", "PSO.n.support.vectors", "PSO.index", "PSO.n.solutions", 
    "PSO.generations", "PSO.n.evaluations", "PSO.cpu.time", "RS.cost", 
    "RS.gamma", "RS.data.balancing", "RS.feature.selection", 
    "RS.valid.acc", "RS.test.acc", "RS.train.time", "RS.n.support.vectors", 
    "RS.index", "RS.n.solutions", "RS.generations", "RS.n.evaluations", 
    "RS.cpu.time", "DF.cost", "DF.gamma", "DF.data.balancing", 
    "DF.feature.selection", "DF.valid.acc", "DF.test.acc", "DF.train.time", 
    "DF.n.support.vectors", "DF.index", "DF.n.solutions", "DF.generations", 
    "DF.n.evaluations", "DF.cpu.time")))
