full <-
structure(c(50, 55, 60, 65, 70, 75, 80, 85, 90, 95, 100, 1, 2.3976, 
9.74758, 10.65981, 3.73575, 7.14996, 5.26241, 9.41094, 15, 3.75104, 
12.42961, 0.33333, -1.40052, -5.01266, -4.39723, -1.01257, -5.21213, 
-1.34886, -4.89656, -5.63313, -2.44187, -4.76182, 0, 0, 0, 0, 
0, 0, 0, 0, 0, 0, 0, 0, 0, 0, 0, 0, 0, 0, 0, 0, 0, 0, 0.9188, 
0.92057, 0.91899, 0.92133, 0.92343, 0.92195, 0.92071, 0.92385, 
0.92399, 0.92409, 0.91868, 0.91264, 0.91608, 0.91381, 0.91751, 
0.92169, 0.91621, 0.913, 0.91732, 0.92054, 0.92019, 0.91436, 
0.0436, 0.0522, 0.1736, 0.2717, 0.0776, 0.126, 0.1117, 0.3716, 
3.952, 0.1399, 1.5389, 156.2, 156.7, 138.2, 150, 185.4, 159, 
199.6, 187.3, 190.9, 216.5, 217.5, 1, 278, 1385, 1512, 2158, 
182, 1073, 545, 1080, 473, 562, 154, 296, 5, 8, 1, 372, 138, 
90, 5, 252, 21, 100, 100, 100, 100, 100, 100, 100, 100, 100, 
100, 100, 2500, 2500, 2500, 2500, 2500, 2500, 2500, 2500, 2500, 
2500, 2500, 7368.689, 7408.378, 8116.111, 10304.374, 8292.49099999999, 
10615.101, 9349.13800000001, 16364.316, 13948.688, 10377.744, 
35946.363, 0.73427, 1.21955, 1.9571, 7.34003, 3.91726, 7.80204, 
6.22535, 9.06372, 14.11113, 2.2325, 10.42682, -1.88587, -1.26406, 
-0.06612, -3.3167, -1.02265, -5.38485, -1.78694, -4.71622, -5.33352, 
-1.67694, -4.11693, 0, 0, 0, 0, 0, 0, 0, 0, 0, 0, 0, 0, 0, 0, 
0, 0, 0, 0, 0, 0, 0, 0, 0.91759, 0.92053, 0.91996, 0.92131, 0.92256, 
0.92195, 0.91992, 0.92313, 0.92331, 0.92345, 0.91806, 0.91384, 
0.91606, 0.91484, 0.91658, 0.92169, 0.91703, 0.91453, 0.91806, 
0.91986, 0.9202, 0.91436, 0.0422, 0.052, 0.0591, 0.1075, 0.0783, 
0.1477, 0.1281, 0.3381, 2.6683, 0.127, 0.6381, 147, 169.4, 200, 
153.9, 184.4, 159.6, 197.7, 189.2, 190.9, 229.7, 219.7, 785, 
802, 1637, 2174, 1001, 366, 517, 365, 2448, 19, 44, 1, 2, 1, 
1, 1, 4, 1, 2, 1, 1, 5, 100, 100, 100, 100, 100, 100, 100, 100, 
100, 100, 100, 2500, 2500, 2500, 2500, 2500, 2500, 2500, 2500, 
2500, 2500, 2500, 8355.088, 8361.155, 8594.544, 9140.9, 10284.566, 
10255.547, 11141.996, 12105.509, 13026.374, 13083.971, 16610.875, 
1, 1, 1, 1, 1, 1, 1, 1, 1, 1, 1, 0.33333, 0.33333, 0.33333, 0.33333, 
0.33333, 0.33333, 0.33333, 0.33333, 0.33333, 0.33333, 0.33333, 
0, 0, 0, 0, 0, 0, 0, 0, 0, 0, 0, 0, 0, 0, 0, 0, 0, 0, 0, 0, 0, 
0, 0.9188, 0.91496, 0.91281, 0.9185, 0.91555, 0.91702, 0.9161, 
0.91733, 0.91917, 0.91761, 0.91621, 0.91264, 0.91384, 0.91588, 
0.9185, 0.91555, 0.91786, 0.9184, 0.91807, 0.92123, 0.91891, 
0.9162, 0.0428, 0.0459, 0.0543, 0.061, 0.0707, 0.0761, 0.085, 
0.0947, 0.1044, 0.1128, 0.1257, 156.2, 158.2, 171.6, 180.1, 196, 
203.5, 212.7, 222.8, 236.4, 241, 259.3, 1, 1, 1, 1, 1, 1, 1, 
1, 1, 1, 1, 1, 1, 1, 1, 1, 1, 1, 1, 1, 1, 1, 1, 1, 1, 1, 1, 1, 
1, 1, 1, 1, 1, 1, 1, 1, 1, 1, 1, 1, 1, 1, 1, 1, 2.876, 2.595, 
2.794, 2.766, 3.156, 2.947, 3.086, 3.297, 3.312, 3.45, 4.608), .Dim = c(11L, 
40L), .Dimnames = list(NULL, c("Sampling", "PSO.cost", "PSO.gamma", 
"PSO.data.balancing", "PSO.feature.selection", "PSO.valid.acc", 
"PSO.test.acc", "PSO.train.time", "PSO.n.support.vectors", "PSO.index", 
"PSO.n.solutions", "PSO.generations", "PSO.n.evaluations", "PSO.cpu.time", 
"RS.cost", "RS.gamma", "RS.data.balancing", "RS.feature.selection", 
"RS.valid.acc", "RS.test.acc", "RS.train.time", "RS.n.support.vectors", 
"RS.index", "RS.n.solutions", "RS.generations", "RS.n.evaluations", 
"RS.cpu.time", "DF.cost", "DF.gamma", "DF.data.balancing", "DF.feature.selection", 
"DF.valid.acc", "DF.test.acc", "DF.train.time", "DF.n.support.vectors", 
"DF.index", "DF.n.solutions", "DF.generations", "DF.n.evaluations", 
"DF.cpu.time")))
