full <-
structure(c(50, 55, 60, 65, 70, 75, 80, 85, 90, 95, 100, 5.91812, 
1.19905, 9.59225, 11.96007, 0.34785, -0.20879, 3.87877, 0.0811, 
0.22277, -0.35795, 15, -5.46978, -0.52069, -9.46817, -10.03278, 
-1.68148, -1.10115, -3.44458, -1.43401, -0.66071, -1.06495, -9.85641, 
0, 0, 0, 0, 0, 0, 0, 0, 0, 0, 0, 0, 0, 0, 0, 0, 0, 0, 0, 0, 0, 
0, 0.91628, 0.91398, 0.91381, 0.91279, 0.912, 0.91128, 0.9099, 
0.91299, 0.91506, 0.91569, 0.91745, 0.91014, 0.90829, 0.90767, 
0.90714, 0.90848, 0.90798, 0.90604, 0.91154, 0.91094, 0.91311, 
0.91128, 0.0685, 0.0867, 0.1068, 0.1202, 0.1115, 0.124, 0.1719, 
0.1563, 0.1902, 0.1778, 0.8745, 107.1, 190.5, 138.2, 122.9, 196.2, 
220.9, 201.3, 243, 276.2, 267.7, 183.7, 75, 368, 67, 844, 702, 
909, 199, 163, 1957, 541, 1016, 230, 104, 194, 55, 105, 190, 
345, 591, 7, 100, 7, 100, 100, 100, 100, 100, 100, 100, 100, 
100, 100, 100, 2500, 2500, 2500, 2500, 2500, 2500, 2500, 2500, 
2500, 2500, 2500, 8874.11, 14479.808, 10182.445, 10828.774, 15495.945, 
9862.501, 11852.106, 10587.705, 30002.355, 12332.637, 28917.78, 
4.88804, 1.24072, 13.56608, 12.73912, 0.3922, -0.15798, 2.07964, 
-0.10482, 0.88266, 0.90828, 11.14232, -4.83254, -0.95083, -11.46036, 
-10.4086, -1.71822, -0.99573, -2.54467, -1.08888, -2.22518, -1.13471, 
-7.9913, 0, 0, 0, 0, 0, 0, 0, 0, 0, 0, 0, 0, 0, 0, 0, 0, 0, 0, 
0, 0, 0, 0, 0.91628, 0.9128, 0.91381, 0.91279, 0.91112, 0.91046, 
0.90838, 0.91299, 0.91505, 0.91441, 0.91684, 0.90891, 0.90941, 
0.90767, 0.90714, 0.90848, 0.90882, 0.90604, 0.90938, 0.91369, 
0.91248, 0.91067, 0.065, 0.0809, 0.185, 0.1324, 0.1093, 0.1273, 
0.1509, 0.1573, 0.1627, 0.196, 0.4286, 109, 176.8, 117, 122.6, 
196.1, 225.9, 208.4, 253.3, 227.6, 267.8, 189.4, 491, 226, 88, 
968, 806, 443, 1142, 622, 1644, 1334, 884, 3, 1, 9, 1, 1, 1, 
5, 2, 1, 1, 3, 100, 100, 100, 100, 100, 100, 100, 100, 100, 100, 
100, 2500, 2500, 2500, 2500, 2500, 2500, 2500, 2500, 2500, 2500, 
2500, 9387.283, 10118.104, 10617.824, 11346.285, 12586.681, 13585.552, 
14756.736, 15429.295, 16108.834, 17106.295, 18080.3, 1, 1, 1, 
1, 1, 1, 1, 1, 1, 1, 1, 0.33333, 0.33333, 0.33333, 0.33333, 0.33333, 
0.33333, 0.33333, 0.33333, 0.33333, 0.33333, 0.33333, 0, 0, 0, 
0, 0, 0, 0, 0, 0, 0, 0, 0, 0, 0, 0, 0, 0, 0, 0, 0, 0, 0, 0.91008, 
0.90609, 0.91076, 0.90808, 0.90848, 0.9088, 0.90683, 0.91009, 
0.91437, 0.91311, 0.91559, 0.90397, 0.90603, 0.90973, 0.90902, 
0.90848, 0.91044, 0.90681, 0.90866, 0.91369, 0.9131, 0.9168, 
0.0597, 0.0696, 0.0767, 0.0913, 0.11, 0.1207, 0.1363, 0.1498, 
0.1633, 0.171, 0.1874, 143.9, 160.8, 169, 180.8, 199.8, 207.6, 
227.2, 237.8, 242.1, 250.5, 256.9, 1, 1, 1, 1, 1, 1, 1, 1, 1, 
1, 1, 1, 1, 1, 1, 1, 1, 1, 1, 1, 1, 1, 1, 1, 1, 1, 1, 1, 1, 1, 
1, 1, 1, 1, 1, 1, 1, 1, 1, 1, 1, 1, 1, 1, 3.15, 3.159, 3.135, 
3.437, 3.715, 3.823, 3.932, 4.033, 4.227, 4.337, 4.49), .Dim = c(11L, 
40L), .Dimnames = list(NULL, c("Sampling", "PSO.cost", "PSO.gamma", 
"PSO.data.balancing", "PSO.feature.selection", "PSO.valid.acc", 
"PSO.test.acc", "PSO.train.time", "PSO.n.support.vectors", "PSO.index", 
"PSO.n.solutions", "PSO.generations", "PSO.n.evaluations", "PSO.cpu.time", 
"RS.cost", "RS.gamma", "RS.data.balancing", "RS.feature.selection", 
"RS.valid.acc", "RS.test.acc", "RS.train.time", "RS.n.support.vectors", 
"RS.index", "RS.n.solutions", "RS.generations", "RS.n.evaluations", 
"RS.cpu.time", "DF.cost", "DF.gamma", "DF.data.balancing", "DF.feature.selection", 
"DF.valid.acc", "DF.test.acc", "DF.train.time", "DF.n.support.vectors", 
"DF.index", "DF.n.solutions", "DF.generations", "DF.n.evaluations", 
"DF.cpu.time")))
