full <-
structure(c(50, 55, 60, 65, 70, 75, 80, 85, 90, 95, 100, 10.38996, 
2.56208, 4.62767, 9.35913, 9.10206, 15, 1.6264, -0.15509, 1.41594, 
0.7095, 2.37735, -4.72751, -1.65276, -1.43784, -4.60421, -5.75961, 
-7.06606, -1.71177, -0.83338, -0.19766, -2.03041, -1.41272, 0, 
0, 0, 0, 0, 0, 0, 0, 0, 0, 0, 0, 0, 0, 0, 0, 0, 0, 0, 0, 0, 0, 
0.93109, 0.92614, 0.93027, 0.92043, 0.91992, 0.91699, 0.91914, 
0.91879, 0.91576, 0.9189, 0.91746, 0.92119, 0.92276, 0.91893, 
0.91758, 0.91556, 0.91535, 0.91606, 0.91735, 0.91029, 0.91827, 
0.91807, 0.147, 0.0746, 0.1083, 0.2831, 0.2201, 2.3525, 0.139, 
0.1556, 0.12, 0.1617, 0.2135, 104.1, 151.8, 163.7, 148.8, 145.6, 
161.3, 212.4, 251.3, 282, 232.5, 256.7, 219, 991, 2437, 103, 
24, 225, 710, 534, 1891, 106, 153, 54, 196, 1, 365, 286, 157, 
257, 217, 99, 654, 109, 100, 100, 100, 100, 100, 100, 100, 100, 
100, 100, 100, 2500, 2500, 2500, 2500, 2500, 2500, 2500, 2500, 
2500, 2500, 2500, 9259.566, 8966.68, 15206.138, 15976.1, 16567.282, 
38102.03, 12317.698, 13791.349, 12072.302, 12504.543, 13114.689, 
4.02492, 2.08272, 5.32992, 8.95988, 9.39183, 8.1734, 1.93207, 
-0.10387, 1.52696, 0.78582, 2.92844, -2.02586, -1.3504, -1.6944, 
-4.47569, -5.76213, -5.00449, -1.88153, -0.84864, -0.54403, -2.05819, 
-1.73786, 0, 0, 0, 0, 0, 0, 0, 0, 0, 0, 0, 0, 0, 0, 0, 0, 0, 
0, 0, 0, 0, 0, 0.93106, 0.92614, 0.92926, 0.92043, 0.91992, 0.91699, 
0.91837, 0.91807, 0.91508, 0.9189, 0.91746, 0.92368, 0.92165, 
0.91893, 0.91662, 0.91643, 0.91534, 0.91528, 0.91662, 0.90892, 
0.91827, 0.91684, 0.0634, 0.0851, 0.1124, 0.2433, 0.2395, 0.244, 
0.1428, 0.1533, 0.1869, 0.1668, 0.2246, 117, 160.5, 160.1, 149.4, 
145.4, 165.2, 207, 250.5, 269.6, 232.1, 246.4, 991, 1034, 1126, 
1844, 760, 2131, 606, 1790, 1502, 317, 1783, 5, 3, 1, 1, 8, 2, 
1, 1, 2, 2, 1, 100, 100, 100, 100, 100, 100, 100, 100, 100, 100, 
100, 2500, 2500, 2500, 2500, 2500, 2500, 2500, 2500, 2500, 2500, 
2500, 8394.288, 11875.662, 12020.845, 13367.47, 14228.77, 15284.1, 
14531.276, 15230.905, 14646.812, 16276.326, 19151.315, 1, 1, 
1, 1, 1, 1, 1, 1, 1, 1, 1, 0.33333, 0.33333, 0.33333, 0.33333, 
0.33333, 0.33333, 0.33333, 0.33333, 0.33333, 0.33333, 0.33333, 
0, 0, 0, 0, 0, 0, 0, 0, 0, 0, 0, 0, 0, 0, 0, 0, 0, 0, 0, 0, 0, 
0, 0.92613, 0.92057, 0.91793, 0.91377, 0.91203, 0.91126, 0.9153, 
0.91445, 0.91304, 0.91762, 0.91499, 0.92366, 0.92167, 0.91891, 
0.91472, 0.91289, 0.91209, 0.91529, 0.91445, 0.91167, 0.91893, 
0.91745, 0.0544, 0.0708, 0.0805, 0.0933, 0.1028, 0.1147, 0.1256, 
0.0903, 0.1546, 0.1572, 0.1816, 131.2, 149.6, 164.4, 185.6, 191.6, 
206.2, 214.3, 228.2, 239.1, 245.8, 253.9, 1, 1, 1, 1, 1, 1, 1, 
1, 1, 1, 1, 1, 1, 1, 1, 1, 1, 1, 1, 1, 1, 1, 1, 1, 1, 1, 1, 1, 
1, 1, 1, 1, 1, 1, 1, 1, 1, 1, 1, 1, 1, 1, 1, 1, 3.032, 4.044, 
4.162, 4.147, 4.424, 4.468, 4.536, 2.885, 4.913, 3.903, 5.013
), .Dim = c(11L, 40L), .Dimnames = list(NULL, c("Sampling", "PSO.cost", 
"PSO.gamma", "PSO.data.balancing", "PSO.feature.selection", "PSO.valid.acc", 
"PSO.test.acc", "PSO.train.time", "PSO.n.support.vectors", "PSO.index", 
"PSO.n.solutions", "PSO.generations", "PSO.n.evaluations", "PSO.cpu.time", 
"RS.cost", "RS.gamma", "RS.data.balancing", "RS.feature.selection", 
"RS.valid.acc", "RS.test.acc", "RS.train.time", "RS.n.support.vectors", 
"RS.index", "RS.n.solutions", "RS.generations", "RS.n.evaluations", 
"RS.cpu.time", "DF.cost", "DF.gamma", "DF.data.balancing", "DF.feature.selection", 
"DF.valid.acc", "DF.test.acc", "DF.train.time", "DF.n.support.vectors", 
"DF.index", "DF.n.solutions", "DF.generations", "DF.n.evaluations", 
"DF.cpu.time")))
