full <-
structure(c(50, 55, 60, 65, 70, 75, 80, 85, 90, 95, 100, 0.23768, 
0.43078, 13.27757, 5.61107, -0.47419, 1.18774, 15, 9.77321, 14.60547, 
3.7895, -0.65645, -0.61212, 0.07575, -6.33469, -5.26993, -0.54165, 
-1.93463, -5.42841, -5.71811, -4.78129, -2.78358, -0.20018, 0, 
0, 0, 0, 0, 0, 0, 0, 0, 0, 0, 0, 0, 0, 0, 0, 0, 0, 0, 0, 0, 0, 
0.92005, 0.92277, 0.91998, 0.92229, 0.92168, 0.92365, 0.92072, 
0.92025, 0.92192, 0.92023, 0.91994, 0.91883, 0.91713, 0.91691, 
0.91659, 0.91992, 0.91625, 0.91453, 0.91589, 0.91235, 0.9131, 
0.91625, 0.0671, 0.0899, 1.0645, 0.0981, 0.1134, 0.1144, 3.4957, 
0.406, 3.9026, 0.2058, 0.2228, 172.4, 217.1, 138, 135.4, 224.6, 
189.8, 172.9, 174.3, 197, 218.1, 321.2, 404, 539, 332, 1085, 
517, 648, 572, 282, 1525, 436, 722, 158, 198, 64, 83, 333, 63, 
173, 295, 24, 95, 414, 100, 100, 100, 100, 100, 100, 100, 100, 
100, 100, 100, 2500, 2500, 2500, 2500, 2500, 2500, 2500, 2500, 
2500, 2500, 2500, 8697.246, 8354.674, 30941.974, 9300.69500000001, 
9163.497, 9536.317, 65875.933, 22247.957, 56002.932, 11985.906, 
18883.495, 0.24821, 0.74119, -0.234, 5.47515, -0.54596, 0.27918, 
14.37862, -0.7833, -0.12779, 2.32022, -0.16944, -0.59681, -0.21799, 
-0.79798, -5.36958, -0.40771, -0.34348, -5.26133, -0.5068, -1.75578, 
-1.95636, 0.33498, 0, 0, 0, 0, 0, 0, 0, 0, 0, 0, 0, 0, 0, 0, 
0, 0, 0, 0, 0, 0, 0, 0, 0.92005, 0.92053, 0.91996, 0.9204, 0.9208, 
0.92287, 0.91996, 0.92317, 0.92125, 0.91958, 0.91932, 0.91883, 
0.91716, 0.91794, 0.91469, 0.91904, 0.91631, 0.91453, 0.91953, 
0.91783, 0.91309, 0.91749, 0.0672, 0.0821, 0.0913, 0.094, 0.1171, 
0.132, 2.5287, 0.1435, 0.1372, 0.1924, 0.2517, 171.3, 202.8, 
194.9, 134.6, 230.6, 243.6, 172.6, 249.2, 218.3, 232, 351.1, 
1114, 469, 846, 2414, 956, 1990, 9, 2206, 1482, 2441, 2412, 1, 
2, 2, 1, 6, 1, 2, 1, 1, 1, 1, 100, 100, 100, 100, 100, 100, 100, 
100, 100, 100, 100, 2500, 2500, 2500, 2500, 2500, 2500, 2500, 
2500, 2500, 2500, 2500, 9263.164, 10150.922, 10907.879, 11246.472, 
12220.174, 12517.443, 12832.973, 13032.72, 14274.322, 15852.649, 
17777.785, 1, 1, 1, 1, 1, 1, 1, 1, 1, 1, 1, 0.33333, 0.33333, 
0.33333, 0.33333, 0.33333, 0.33333, 0.33333, 0.33333, 0.33333, 
0.33333, 0.33333, 0, 0, 0, 0, 0, 0, 0, 0, 0, 0, 0, 0, 0, 0, 0, 
0, 0, 0, 0, 0, 0, 0, 0.91875, 0.92052, 0.91589, 0.91661, 0.91991, 
0.91958, 0.91611, 0.91952, 0.91988, 0.91569, 0.91809, 0.92124, 
0.91831, 0.91794, 0.92321, 0.91903, 0.91708, 0.91608, 0.9159, 
0.92057, 0.91374, 0.91563, 0.0626, 0.07, 0.0846, 0.0903, 0.0965, 
0.1071, 0.1197, 0.1288, 0.1483, 0.1541, 0.1812, 149.7, 163.6, 
172.7, 185.4, 191.7, 199, 207.4, 214.4, 226.8, 246, 253.7, 1, 
1, 1, 1, 1, 1, 1, 1, 1, 1, 1, 1, 1, 1, 1, 1, 1, 1, 1, 1, 1, 1, 
1, 1, 1, 1, 1, 1, 1, 1, 1, 1, 1, 1, 1, 1, 1, 1, 1, 1, 1, 1, 1, 
1, 3.204, 3.076, 3.317, 3.369, 3.204, 3.618, 3.607, 3.693, 3.887, 
3.753, 4.266), .Dim = c(11L, 40L), .Dimnames = list(NULL, c("Sampling", 
"PSO.cost", "PSO.gamma", "PSO.data.balancing", "PSO.feature.selection", 
"PSO.valid.acc", "PSO.test.acc", "PSO.train.time", "PSO.n.support.vectors", 
"PSO.index", "PSO.n.solutions", "PSO.generations", "PSO.n.evaluations", 
"PSO.cpu.time", "RS.cost", "RS.gamma", "RS.data.balancing", "RS.feature.selection", 
"RS.valid.acc", "RS.test.acc", "RS.train.time", "RS.n.support.vectors", 
"RS.index", "RS.n.solutions", "RS.generations", "RS.n.evaluations", 
"RS.cpu.time", "DF.cost", "DF.gamma", "DF.data.balancing", "DF.feature.selection", 
"DF.valid.acc", "DF.test.acc", "DF.train.time", "DF.n.support.vectors", 
"DF.index", "DF.n.solutions", "DF.generations", "DF.n.evaluations", 
"DF.cpu.time")))
