full <-
structure(c(50, 55, 60, 65, 70, 75, 80, 85, 90, 95, 100, -0.41125, 
-0.92987, 1.39035, 0.36416, 0.74473, 15, 9.32993, 15, 14.25341, 
5.71282, 2.32431, 0.09741, -1.2639, -0.76237, -0.39447, -0.37961, 
-7.74999, -3.84169, -4.93023, -8.42191, -5.9319, -1.30376, 0, 
0, 0, 0, 0, 0, 0, 0, 0, 0, 0, 0, 0, 0, 0, 0, 0, 0, 0, 0, 0, 0, 
0.91996, 0.92172, 0.92511, 0.92331, 0.92253, 0.91867, 0.91834, 
0.91954, 0.91853, 0.91894, 0.91934, 0.91752, 0.9161, 0.92104, 
0.92144, 0.91638, 0.91374, 0.91139, 0.91446, 0.91508, 0.91439, 
0.91501, 0.0779, 0.0669, 0.0865, 0.1027, 0.1193, 1.4307, 0.3679, 
4.1685, 1.0177, 0.1624, 0.2151, 198.4, 152.6, 174.7, 210, 222, 
146, 177.5, 188.5, 164.1, 183.6, 262.7, 579, 271, 205, 830, 514, 
322, 569, 936, 233, 358, 1706, 513, 336, 250, 60, 659, 217, 24, 
71, 18, 61, 9, 100, 100, 100, 100, 100, 100, 100, 100, 100, 100, 
100, 2500, 2500, 2500, 2500, 2500, 2500, 2500, 2500, 2500, 2500, 
2500, 9036.535, 9420.263, 9759.206, 9871.371, 10345.294, 35925.409, 
37335.076, 82279.965, 43789.941, 17874.836, 14775.733, -0.54151, 
-0.75658, 0.21482, 2.80188, 1.09413, 1.25333, 8.85472, 14.27552, 
1.36877, 6.607, -0.03984, -0.01954, -1.36321, -0.82687, -2.2046, 
-0.62931, -0.6458, -3.69345, -4.80278, -2.04549, -6.40196, -0.98509, 
0, 0, 0, 0, 0, 0, 0, 0, 0, 0, 0, 0, 0, 0, 0, 0, 0, 0, 0, 0, 0, 
0, 0.91873, 0.92061, 0.92305, 0.92238, 0.92166, 0.91865, 0.91757, 
0.91882, 0.92059, 0.91894, 0.91932, 0.91629, 0.9161, 0.92099, 
0.91859, 0.91638, 0.91456, 0.91294, 0.91446, 0.91441, 0.91504, 
0.91501, 0.0758, 0.0681, 0.0821, 0.0961, 0.1145, 0.1212, 0.3243, 
2.9217, 0.1551, 0.1839, 0.1984, 194, 152.3, 175.6, 155.3, 208.7, 
215.2, 178.4, 189.1, 217, 183.7, 280.1, 1809, 2150, 1812, 2439, 
1596, 856, 654, 233, 2224, 574, 182, 1, 1, 1, 1, 2, 1, 2, 1, 
1, 3, 1, 100, 100, 100, 100, 100, 100, 100, 100, 100, 100, 100, 
2500, 2500, 2500, 2500, 2500, 2500, 2500, 2500, 2500, 2500, 2500, 
9582.609, 10088.501, 10614.774, 10877.899, 11957.614, 12234.715, 
12859.879, 14597.962, 14859.756, 16297.75, 17423.359, 1, 1, 1, 
1, 1, 1, 1, 1, 1, 1, 1, 0.33333, 0.33333, 0.33333, 0.33333, 0.33333, 
0.33333, 0.33333, 0.33333, 0.33333, 0.33333, 0.33333, 0, 0, 0, 
0, 0, 0, 0, 0, 0, 0, 0, 0, 0, 0, 0, 0, 0, 0, 0, 0, 0, 0, 0.91624, 
0.91725, 0.92203, 0.91859, 0.91549, 0.91045, 0.91678, 0.91228, 
0.91511, 0.91701, 0.91808, 0.91624, 0.91613, 0.91895, 0.91861, 
0.91285, 0.91375, 0.9137, 0.91373, 0.91509, 0.91571, 0.91685, 
0.059, 0.0675, 0.0735, 0.0859, 0.0977, 0.1079, 0.1238, 0.1361, 
0.1428, 0.1702, 0.1818, 142.9, 146.7, 155.8, 173.4, 184.1, 194.2, 
207.4, 216.9, 230.7, 240, 254.1, 1, 1, 1, 1, 1, 1, 1, 1, 1, 1, 
1, 1, 1, 1, 1, 1, 1, 1, 1, 1, 1, 1, 1, 1, 1, 1, 1, 1, 1, 1, 1, 
1, 1, 1, 1, 1, 1, 1, 1, 1, 1, 1, 1, 1, 3.349, 3.432, 3.611, 3.643, 
3.851, 3.745, 3.812, 3.919, 3.929, 4.451, 4.474), .Dim = c(11L, 
40L), .Dimnames = list(NULL, c("Sampling", "PSO.cost", "PSO.gamma", 
"PSO.data.balancing", "PSO.feature.selection", "PSO.valid.acc", 
"PSO.test.acc", "PSO.train.time", "PSO.n.support.vectors", "PSO.index", 
"PSO.n.solutions", "PSO.generations", "PSO.n.evaluations", "PSO.cpu.time", 
"RS.cost", "RS.gamma", "RS.data.balancing", "RS.feature.selection", 
"RS.valid.acc", "RS.test.acc", "RS.train.time", "RS.n.support.vectors", 
"RS.index", "RS.n.solutions", "RS.generations", "RS.n.evaluations", 
"RS.cpu.time", "DF.cost", "DF.gamma", "DF.data.balancing", "DF.feature.selection", 
"DF.valid.acc", "DF.test.acc", "DF.train.time", "DF.n.support.vectors", 
"DF.index", "DF.n.solutions", "DF.generations", "DF.n.evaluations", 
"DF.cpu.time")))
