full <-
structure(c(50, 55, 60, 65, 70, 75, 80, 85, 90, 95, 100, 15, 
-0.36971, -0.68075, 15, 0.92362, 0.71161, 0.24142, 5.19331, 2.74459, 
-0.26294, 5.04326, -8.3033, 1.85388, -1.96156, -5.75529, -1.37322, 
-1.03892, -0.44328, -3.03106, -2.70293, -0.55124, -2.21236, 0, 
0, 0, 0, 0, 0, 0, 0, 0, 0, 0, 0, 0, 0, 0, 0, 0, 0, 0, 0, 0, 0, 
0.92129, 0.92276, 0.92111, 0.92231, 0.92167, 0.92196, 0.92373, 
0.92312, 0.91988, 0.9189, 0.9187, 0.91758, 0.92163, 0.91904, 
0.91855, 0.92256, 0.91702, 0.92217, 0.91805, 0.9158, 0.91955, 
0.91316, 0.6235, 0.1748, 0.0737, 2.4903, 0.106, 0.1245, 0.1441, 
0.1965, 0.1725, 0.183, 0.2516, 100.6, 390.8, 154.8, 142, 184, 
213.7, 244.3, 191.7, 206.4, 280.5, 234.7, 383, 162, 221, 264, 
87, 890, 869, 661, 1469, 357, 1324, 541, 105, 120, 214, 465, 
62, 179, 74, 10, 650, 132, 100, 100, 100, 100, 100, 100, 100, 
100, 100, 100, 100, 2500, 2500, 2500, 2500, 2500, 2500, 2500, 
2500, 2500, 2500, 2500, 17212.63, 11464.008, 13214.656, 38310.515, 
9745.764, 21644.006, 10729.365, 12314.931, 14275.391, 12245.078, 
12545.528, 13.68584, -0.35429, 6.23158, 14.89526, 0.65366, -0.16969, 
12.81602, 0.26061, -0.37865, -0.32394, 4.02963, -7.70354, 1.25187, 
-5.61828, -5.73208, -1.23361, -0.84825, -4.74899, -0.66815, -1.0325, 
-0.84673, -1.82783, 0, 0, 0, 0, 0, 0, 0, 0, 0, 0, 0, 0, 0, 0, 
0, 0, 0, 0, 0, 0, 0, 0, 0.92129, 0.92276, 0.92111, 0.92231, 0.92167, 
0.92195, 0.92299, 0.92168, 0.91986, 0.91826, 0.9187, 0.91758, 
0.92163, 0.91902, 0.91855, 0.92256, 0.9162, 0.91604, 0.9195, 
0.9192, 0.91826, 0.91376, 0.4244, 0.1292, 0.1205, 2.507, 0.1124, 
0.1171, 1.3211, 0.1521, 0.1587, 0.1873, 0.2349, 103, 310.3, 129.3, 
141.1, 191.1, 220.5, 171.9, 255.8, 247.5, 264.9, 242.5, 981, 
129, 36, 702, 472, 1234, 1564, 2046, 1016, 2291, 805, 4, 5, 11, 
3, 1, 2, 1, 5, 2, 1, 4, 100, 100, 100, 100, 100, 100, 100, 100, 
100, 100, 100, 2500, 2500, 2500, 2500, 2500, 2500, 2500, 2500, 
2500, 2500, 2500, 9584.655, 10542.454, 11368.641, 11734.826, 
12168.482, 13325.569, 14034.807, 15690.14, 15324.484, 16384.513, 
17642.694, 1, 1, 1, 1, 1, 1, 1, 1, 1, 1, 1, 0.33333, 0.33333, 
0.33333, 0.33333, 0.33333, 0.33333, 0.33333, 0.33333, 0.33333, 
0.33333, 0.33333, 0, 0, 0, 0, 0, 0, 0, 0, 0, 0, 0, 0, 0, 0, 0, 
0, 0, 0, 0, 0, 0, 0, 0.91878, 0.92052, 0.92008, 0.91852, 0.91552, 
0.92031, 0.92064, 0.91661, 0.91713, 0.91437, 0.91624, 0.91876, 
0.91941, 0.91903, 0.91664, 0.91639, 0.91785, 0.91835, 0.91587, 
0.91852, 0.91761, 0.91563, 0.059, 0.0683, 0.0792, 0.0898, 0.0982, 
0.1118, 0.1269, 0.1389, 0.1531, 0.1631, 0.1777, 139.1, 146.1, 
160.5, 171.2, 179.1, 197.8, 208, 220.2, 231.7, 237.3, 255.2, 
1, 1, 1, 1, 1, 1, 1, 1, 1, 1, 1, 1, 1, 1, 1, 1, 1, 1, 1, 1, 1, 
1, 1, 1, 1, 1, 1, 1, 1, 1, 1, 1, 1, 1, 1, 1, 1, 1, 1, 1, 1, 1, 
1, 1, 3.279, 3.356, 3.37, 3.507, 3.614, 3.581, 3.887, 3.879, 
4.097, 4.193, 4.19), .Dim = c(11L, 40L), .Dimnames = list(NULL, 
    c("Sampling", "PSO.cost", "PSO.gamma", "PSO.data.balancing", 
    "PSO.feature.selection", "PSO.valid.acc", "PSO.test.acc", 
    "PSO.train.time", "PSO.n.support.vectors", "PSO.index", "PSO.n.solutions", 
    "PSO.generations", "PSO.n.evaluations", "PSO.cpu.time", "RS.cost", 
    "RS.gamma", "RS.data.balancing", "RS.feature.selection", 
    "RS.valid.acc", "RS.test.acc", "RS.train.time", "RS.n.support.vectors", 
    "RS.index", "RS.n.solutions", "RS.generations", "RS.n.evaluations", 
    "RS.cpu.time", "DF.cost", "DF.gamma", "DF.data.balancing", 
    "DF.feature.selection", "DF.valid.acc", "DF.test.acc", "DF.train.time", 
    "DF.n.support.vectors", "DF.index", "DF.n.solutions", "DF.generations", 
    "DF.n.evaluations", "DF.cpu.time")))
