full <-
structure(c(50, 55, 60, 65, 70, 75, 80, 85, 90, 95, 100, 14.96099, 
15, 15, 3.21016, -0.87215, 7.54211, 13.71362, -0.20636, -0.24517, 
12.16878, -0.7039, -6.38417, -7.14773, -7.45957, -2.74269, -0.65155, 
-5.4581, -8.54134, -0.64716, -0.93191, -7.55142, -0.68899, 0, 
0, 0, 0, 0, 0, 0, 0, 0, 0, 0, 0, 0, 0, 0, 0, 0, 0, 0, 0, 0, 0, 
0.91508, 0.9094, 0.91072, 0.91092, 0.9094, 0.91456, 0.90834, 
0.91156, 0.91372, 0.91305, 0.91502, 0.90886, 0.90822, 0.90554, 
0.90429, 0.90676, 0.90716, 0.90292, 0.91299, 0.91098, 0.90982, 
0.91379, 1.0273, 1.1012, 1.1571, 0.1119, 0.1202, 0.2004, 0.6187, 
0.1692, 0.1776, 0.7279, 0.2061, 125.3, 130.6, 137.1, 163.1, 227.6, 
167.3, 162.7, 266.4, 265.6, 190.6, 286.9, 932, 500, 1934, 1189, 
2354, 816, 773, 1747, 2438, 1512, 2325, 9, 53, 16, 32, 4, 55, 
23, 34, 1, 100, 24, 100, 100, 100, 100, 100, 100, 100, 100, 100, 
100, 100, 2500, 2500, 2500, 2500, 2500, 2500, 2500, 2500, 2500, 
2500, 2500, 28485.271, 24618.567, 13494.626, 12023.239, 17245.796, 
22463.669, 23057.174, 17400.867, 14250.337, 43141.162, 15228.36, 
14.04821, 13.66121, 7.5592, 3.10916, -0.96343, 11.83145, 1.25841, 
-0.2286, 0.91889, -0.85414, 12.00166, -6.05166, -6.44248, -5.84664, 
-2.78318, -0.57933, -7.18896, -1.98262, -0.68576, -1.52623, -0.64326, 
-7.53062, 0, 0, 0, 0, 0, 0, 0, 0, 0, 0, 0, 0, 0, 0, 0, 0, 0, 
0, 0, 0, 0, 0, 0.91383, 0.90938, 0.91067, 0.90904, 0.90853, 0.91292, 
0.90681, 0.91156, 0.91371, 0.91434, 0.91562, 0.91009, 0.9082, 
0.91069, 0.90523, 0.90676, 0.90716, 0.90759, 0.91227, 0.90824, 
0.91173, 0.91442, 0.6988, 0.667, 0.1113, 0.1102, 0.1201, 0.4692, 
0.1443, 0.1608, 0.1708, 0.1834, 0.7637, 126.3, 131.4, 127.6, 
162.4, 226.6, 160.4, 209.4, 262.3, 245.5, 281.6, 192.9, 827, 
1052, 910, 1749, 2370, 1045, 2023, 1813, 832, 1910, 1222, 3, 
4, 1, 3, 1, 3, 2, 1, 1, 1, 3, 100, 100, 100, 100, 100, 100, 100, 
100, 100, 100, 100, 2500, 2500, 2500, 2500, 2500, 2500, 2500, 
2500, 2500, 2500, 2500, 11655.958, 11707.564, 11957.703, 13019.831, 
14570.574, 14984.099, 15185.402, 16129.742, 17349.121, 16917.22, 
19375.384, 1, 1, 1, 1, 1, 1, 1, 1, 1, 1, 1, 0.33333, 0.33333, 
0.33333, 0.33333, 0.33333, 0.33333, 0.33333, 0.33333, 0.33333, 
0.33333, 0.33333, 0, 0, 0, 0, 0, 0, 0, 0, 0, 0, 0, 0, 0, 0, 0, 
0, 0, 0, 0, 0, 0, 0, 0.90021, 0.90376, 0.90865, 0.90146, 0.90324, 
0.90634, 0.90449, 0.90721, 0.90961, 0.91173, 0.91194, 0.90511, 
0.90155, 0.90454, 0.90432, 0.90676, 0.9113, 0.9053, 0.90791, 
0.9096, 0.91044, 0.91502, 0.0666, 0.0724, 0.0808, 0.0917, 0.1114, 
0.1205, 0.1302, 0.1411, 0.1554, 0.1707, 0.1828, 152.2, 165.9, 
171.3, 185.7, 196.9, 206.9, 217.6, 227.8, 238.2, 245.8, 258, 
1, 1, 1, 1, 1, 1, 1, 1, 1, 1, 1, 1, 1, 1, 1, 1, 1, 1, 1, 1, 1, 
1, 1, 1, 1, 1, 1, 1, 1, 1, 1, 1, 1, 1, 1, 1, 1, 1, 1, 1, 1, 1, 
1, 1, 4.084, 3.74, 3.92, 4.091, 4.597, 4.359, 4.538, 4.594, 4.629, 
4.738, 4.69), .Dim = c(11L, 40L), .Dimnames = list(NULL, c("Sampling", 
"PSO.cost", "PSO.gamma", "PSO.data.balancing", "PSO.feature.selection", 
"PSO.valid.acc", "PSO.test.acc", "PSO.train.time", "PSO.n.support.vectors", 
"PSO.index", "PSO.n.solutions", "PSO.generations", "PSO.n.evaluations", 
"PSO.cpu.time", "RS.cost", "RS.gamma", "RS.data.balancing", "RS.feature.selection", 
"RS.valid.acc", "RS.test.acc", "RS.train.time", "RS.n.support.vectors", 
"RS.index", "RS.n.solutions", "RS.generations", "RS.n.evaluations", 
"RS.cpu.time", "DF.cost", "DF.gamma", "DF.data.balancing", "DF.feature.selection", 
"DF.valid.acc", "DF.test.acc", "DF.train.time", "DF.n.support.vectors", 
"DF.index", "DF.n.solutions", "DF.generations", "DF.n.evaluations", 
"DF.cpu.time")))
