full <-
structure(c(50, 55, 60, 65, 70, 75, 80, 85, 90, 95, 100, 10.88306, 
3.92207, 12.40856, 4.37184, 2.41597, 6.67209, 12.19623, 8.15548, 
0.22207, 14.87268, -0.38907, -4.21681, -5.57478, -5.04669, -1.72065, 
-2.19144, -5.24795, -5.20236, -3.44303, -2.76371, -4.70039, -1.24348, 
0, 0, 0, 0, 0, 0, 0, 0, 0, 0, 0, 0, 0, 0, 0, 0, 0, 0, 0, 0, 0, 
0, 0.92009, 0.91829, 0.9179, 0.91852, 0.91995, 0.9195, 0.92295, 
0.92321, 0.91784, 0.91761, 0.91623, 0.91396, 0.91718, 0.91174, 
0.91378, 0.91557, 0.9162, 0.92065, 0.91958, 0.91371, 0.91373, 
0.91253, 0.242, 0.0592, 0.6448, 0.12, 0.1213, 0.1781, 1.0692, 
0.3197, 0.1391, 6.1084, 0.1987, 119, 111.8, 134.2, 159.5, 172.5, 
153.7, 172.2, 187.4, 197.7, 213.6, 267.7, 432, 249, 2219, 809, 
870, 35, 928, 2259, 765, 667, 464, 244, 216, 1, 76, 405, 199, 
4, 1, 102, 5, 839, 100, 100, 100, 100, 100, 100, 100, 100, 100, 
100, 100, 2500, 2500, 2500, 2500, 2500, 2500, 2500, 2500, 2500, 
2500, 2500, 13151.038, 10810.058, 17363.376, 13741.26, 12813.396, 
19484.507, 42525.282, 25463.429, 17031.859, 61747.697, 15275.635, 
7.83786, 3.52971, 12.14934, -0.32975, 2.69205, 12.2654, 13.47453, 
9.99835, 0.4101, 0.15172, -0.40165, -2.81238, -5.29283, -4.97972, 
-1.42691, -2.75305, -7.55934, -5.56745, -3.87055, -2.76351, -0.97809, 
-0.6311, 0, 0, 0, 0, 0, 0, 0, 0, 0, 0, 0, 0, 0, 0, 0, 0, 0, 0, 
0, 0, 0, 0, 0.9201, 0.91829, 0.91687, 0.91758, 0.91995, 0.9195, 
0.92218, 0.92173, 0.91715, 0.91697, 0.9156, 0.91149, 0.91604, 
0.91277, 0.91378, 0.91907, 0.91539, 0.91988, 0.91959, 0.91303, 
0.91696, 0.91498, 0.1038, 0.0587, 0.5814, 0.094, 0.1221, 0.461, 
1.8698, 0.5255, 0.1376, 0.1964, 0.2109, 123.6, 111.1, 134.4, 
174.8, 169.4, 146.1, 173.3, 185.2, 198.6, 266.7, 292.9, 1538, 
79, 359, 1, 218, 186, 239, 26, 352, 2435, 1298, 1, 3, 4, 5, 2, 
21, 2, 4, 3, 1, 1, 100, 100, 100, 100, 100, 100, 100, 100, 100, 
100, 100, 2500, 2500, 2500, 2500, 2500, 2500, 2500, 2500, 2500, 
2500, 2500, 10007.642, 12853.077, 14085.131, 14505.814, 15253.838, 
15358.162, 16141.473, 17318.889, 18607.566, 19152.406, 20486.802, 
1, 1, 1, 1, 1, 1, 1, 1, 1, 1, 1, 0.33333, 0.33333, 0.33333, 0.33333, 
0.33333, 0.33333, 0.33333, 0.33333, 0.33333, 0.33333, 0.33333, 
0, 0, 0, 0, 0, 0, 0, 0, 0, 0, 0, 0, 0, 0, 0, 0, 0, 0, 0, 0, 0, 
0, 0.9164, 0.91717, 0.91275, 0.91473, 0.91469, 0.91621, 0.91833, 
0.91811, 0.91645, 0.91374, 0.91499, 0.91767, 0.91494, 0.91276, 
0.91567, 0.91467, 0.91537, 0.91754, 0.91957, 0.9144, 0.91501, 
0.91191, 0.0595, 0.0672, 0.0854, 0.0904, 0.1126, 0.1153, 0.1294, 
0.1479, 0.1562, 0.1719, 0.1818, 139.1, 149.2, 159.3, 171.7, 188.1, 
197.3, 206.4, 216.6, 225.9, 243, 253.8, 1, 1, 1, 1, 1, 1, 1, 
1, 1, 1, 1, 1, 1, 1, 1, 1, 1, 1, 1, 1, 1, 1, 1, 1, 1, 1, 1, 1, 
1, 1, 1, 1, 1, 1, 1, 1, 1, 1, 1, 1, 1, 1, 1, 1, 3.424, 4.175, 
4.961, 4.637, 5.131, 4.694, 4.745, 5.121, 5.126, 5.23, 5.196), .Dim = c(11L, 
40L), .Dimnames = list(NULL, c("Sampling", "PSO.cost", "PSO.gamma", 
"PSO.data.balancing", "PSO.feature.selection", "PSO.valid.acc", 
"PSO.test.acc", "PSO.train.time", "PSO.n.support.vectors", "PSO.index", 
"PSO.n.solutions", "PSO.generations", "PSO.n.evaluations", "PSO.cpu.time", 
"RS.cost", "RS.gamma", "RS.data.balancing", "RS.feature.selection", 
"RS.valid.acc", "RS.test.acc", "RS.train.time", "RS.n.support.vectors", 
"RS.index", "RS.n.solutions", "RS.generations", "RS.n.evaluations", 
"RS.cpu.time", "DF.cost", "DF.gamma", "DF.data.balancing", "DF.feature.selection", 
"DF.valid.acc", "DF.test.acc", "DF.train.time", "DF.n.support.vectors", 
"DF.index", "DF.n.solutions", "DF.generations", "DF.n.evaluations", 
"DF.cpu.time")))
