full <-
structure(c(50, 55, 60, 65, 70, 75, 80, 85, 90, 95, 100, 0.93726, 
0.08378, 15, -0.00124, 3.39998, 14.67737, 2.67013, -0.58659, 
8.80342, 1.03516, 7.66713, -0.46367, -0.41639, -6.76845, 0.16059, 
-2.50745, -5.71952, -3.55134, -0.59755, -4.14422, -1.45648, -3.50196, 
0, 0, 0, 0, 0, 0, 0, 0, 0, 0, 0, 0, 0, 0, 0, 0, 0, 0, 0, 0, 0, 
0, 0.9224, 0.92387, 0.91687, 0.9147, 0.91465, 0.9179, 0.91684, 
0.92316, 0.92267, 0.92212, 0.91807, 0.91501, 0.92051, 0.91175, 
0.91186, 0.90849, 0.9138, 0.9153, 0.91806, 0.91924, 0.92019, 
0.91684, 0.0656, 0.0808, 1.5393, 0.1192, 0.1233, 3.1919, 0.1277, 
0.1512, 0.4398, 0.1864, 0.3685, 167.4, 183.4, 133.4, 250.3, 173.1, 
167.3, 178.7, 256.7, 194.1, 243.1, 220.7, 934, 2380, 255, 2457, 
473, 1275, 519, 984, 687, 455, 1623, 110, 2, 30, 1, 631, 15, 
232, 52, 28, 470, 9, 100, 100, 100, 100, 100, 100, 100, 100, 
100, 100, 100, 2500, 2500, 2500, 2500, 2500, 2500, 2500, 2500, 
2500, 2500, 2500, 8462.099, 10944.083, 33265.396, 15188.171, 
10364.563, 24423.822, 10959.215, 14641.438, 33623.818, 13459.276, 
16815.183, 0.36127, -0.09459, 14.72764, -0.03742, 3.49405, -0.08301, 
2.694, -0.58245, 5.47388, 1.23554, 7.62111, -0.13921, -0.39681, 
-7.1384, 0.58614, -2.61991, -0.98216, -3.45648, -0.54043, -2.99605, 
-1.53691, -3.47894, 0, 0, 0, 0, 0, 0, 0, 0, 0, 0, 0, 0, 0, 0, 
0, 0, 0, 0, 0, 0, 0, 0, 0.92118, 0.92276, 0.91484, 0.91281, 0.91465, 
0.9171, 0.91684, 0.92316, 0.92199, 0.92212, 0.91807, 0.91993, 
0.91939, 0.91276, 0.90996, 0.90849, 0.91708, 0.91453, 0.91733, 
0.91787, 0.92019, 0.91684, 0.074, 0.0791, 1.0885, 0.1245, 0.1256, 
0.1254, 0.1262, 0.1658, 0.2268, 0.1824, 0.3725, 186.2, 185.1, 
131.2, 276.8, 173.1, 218.9, 175.6, 260.1, 200, 241, 221.4, 486, 
418, 41, 1012, 347, 1862, 1600, 1247, 479, 268, 32, 1, 2, 8, 
1, 2, 1, 2, 1, 1, 2, 1, 100, 100, 100, 100, 100, 100, 100, 100, 
100, 100, 100, 2500, 2500, 2500, 2500, 2500, 2500, 2500, 2500, 
2500, 2500, 2500, 9579.573, 9859.753, 10232.867, 11026.246, 12058.108, 
12741.888, 13215.075, 14913.56, 18087.482, 18802.066, 19709.218, 
1, 1, 1, 1, 1, 1, 1, 1, 1, 1, 1, 0.33333, 0.33333, 0.33333, 0.33333, 
0.33333, 0.33333, 0.33333, 0.33333, 0.33333, 0.33333, 0.33333, 
0, 0, 0, 0, 0, 0, 0, 0, 0, 0, 0, 0, 0, 0, 0, 0, 0, 0, 0, 0, 0, 
0, 0.91995, 0.91604, 0.90869, 0.90806, 0.91023, 0.91548, 0.91375, 
0.91808, 0.91922, 0.92018, 0.91375, 0.91751, 0.91828, 0.90969, 
0.90903, 0.91114, 0.91628, 0.91684, 0.91589, 0.91853, 0.9189, 
0.91437, 0.0597, 0.0699, 0.0777, 0.0944, 0.1029, 0.1147, 0.1229, 
0.1397, 0.1568, 0.1657, 0.1844, 145.2, 152, 162.1, 181.8, 190.6, 
201.8, 208.6, 219.9, 238.9, 247.6, 258.8, 1, 1, 1, 1, 1, 1, 1, 
1, 1, 1, 1, 1, 1, 1, 1, 1, 1, 1, 1, 1, 1, 1, 1, 1, 1, 1, 1, 1, 
1, 1, 1, 1, 1, 1, 1, 1, 1, 1, 1, 1, 1, 1, 1, 1, 3.106, 3.282, 
3.328, 3.491, 3.523, 3.702, 3.773, 4.737, 4.821, 4.795, 5.139
), .Dim = c(11L, 40L), .Dimnames = list(NULL, c("Sampling", "PSO.cost", 
"PSO.gamma", "PSO.data.balancing", "PSO.feature.selection", "PSO.valid.acc", 
"PSO.test.acc", "PSO.train.time", "PSO.n.support.vectors", "PSO.index", 
"PSO.n.solutions", "PSO.generations", "PSO.n.evaluations", "PSO.cpu.time", 
"RS.cost", "RS.gamma", "RS.data.balancing", "RS.feature.selection", 
"RS.valid.acc", "RS.test.acc", "RS.train.time", "RS.n.support.vectors", 
"RS.index", "RS.n.solutions", "RS.generations", "RS.n.evaluations", 
"RS.cpu.time", "DF.cost", "DF.gamma", "DF.data.balancing", "DF.feature.selection", 
"DF.valid.acc", "DF.test.acc", "DF.train.time", "DF.n.support.vectors", 
"DF.index", "DF.n.solutions", "DF.generations", "DF.n.evaluations", 
"DF.cpu.time")))
