full <-
structure(c(50, 55, 60, 65, 70, 75, 80, 85, 90, 95, 100, 6.11951, 
15, 3.21995, 3.88873, 1.61489, 4.10772, 3.31193, 8.23651, 8.29935, 
4.90985, -0.7389, -5.13833, -9.03177, -1.33863, -2.32014, -1.19736, 
-2.21133, -2.51347, -3.34141, -4.57107, -3.73624, -0.84413, 0, 
0, 0, 0, 0, 0, 0, 0, 0, 0, 0, 0, 0, 0, 0, 0, 0, 0, 0, 0, 0, 0, 
0.91265, 0.91155, 0.91689, 0.91951, 0.92081, 0.92199, 0.92301, 
0.91589, 0.91645, 0.91888, 0.91682, 0.91015, 0.90258, 0.91689, 
0.91195, 0.91466, 0.91542, 0.91916, 0.90933, 0.91441, 0.91434, 
0.91497, 0.0672, 0.3143, 0.0945, 0.1127, 0.1127, 0.1453, 0.151, 
0.3063, 0.3834, 0.2289, 0.1956, 110.2, 115.8, 172.9, 168.1, 202.2, 
179.4, 187, 193, 200.8, 212.2, 282, 11, 1584, 1582, 293, 467, 
1278, 2007, 196, 438, 323, 883, 211, 18, 12, 132, 369, 29, 2, 
294, 117, 83, 196, 100, 100, 100, 100, 100, 100, 100, 100, 100, 
100, 100, 2500, 2500, 2500, 2500, 2500, 2500, 2500, 2500, 2500, 
2500, 2500, 9058.305, 12360.108, 14710.103, 8984.317, 8986.54399999999, 
19037.361, 10765.062, 18030.701, 17038.819, 33205.452, 12476.356, 
6.02964, 14.95359, 1.12227, 3.94999, 2.37269, 1.8657, 3.61883, 
8.09499, 8.35484, 6.93004, -0.66626, -5.02455, -9.01607, -0.20734, 
-2.07269, -1.88016, -0.48041, -3.06307, -3.37043, -4.59703, -4.52415, 
-0.72023, 0, 0, 0, 0, 0, 0, 0, 0, 0, 0, 0, 0, 0, 0, 0, 0, 0, 
0, 0, 0, 0, 0, 0.91265, 0.91155, 0.91688, 0.91854, 0.91817, 0.92118, 
0.92224, 0.91517, 0.91645, 0.91888, 0.9162, 0.91015, 0.90258, 
0.91687, 0.91195, 0.9138, 0.91461, 0.92299, 0.91079, 0.91303, 
0.91304, 0.91497, 0.0687, 0.2988, 0.0988, 0.109, 0.1098, 0.1367, 
0.1505, 0.2974, 0.3847, 0.3066, 0.1993, 111.9, 115.9, 215.9, 
170, 181.8, 229.9, 181.7, 192.9, 200.3, 204.9, 290, 340, 2221, 
367, 203, 2050, 2192, 1804, 907, 1243, 994, 2272, 4, 1, 3, 1, 
1, 1, 2, 1, 1, 5, 1, 100, 100, 100, 100, 100, 100, 100, 100, 
100, 100, 100, 2500, 2500, 2500, 2500, 2500, 2500, 2500, 2500, 
2500, 2500, 2500, 8972.532, 9496.638, 9959.524, 10730.278, 12003.119, 
12648.177, 13116.03, 14550.798, 15200.728, 16074.768, 18016.418, 
1, 1, 1, 1, 1, 1, 1, 1, 1, 1, 1, 0.33333, 0.33333, 0.33333, 0.33333, 
0.33333, 0.33333, 0.33333, 0.33333, 0.33333, 0.33333, 0.33333, 
0, 0, 0, 0, 0, 0, 0, 0, 0, 0, 0, 0, 0, 0, 0, 0, 0, 0, 0, 0, 0, 
0, 0.90523, 0.90484, 0.90457, 0.90814, 0.91023, 0.91461, 0.91761, 
0.90933, 0.9144, 0.91498, 0.91251, 0.90765, 0.90257, 0.90658, 
0.91004, 0.91111, 0.91214, 0.91762, 0.91078, 0.91441, 0.91499, 
0.91559, 0.0616, 0.0681, 0.0808, 0.0915, 0.1036, 0.1157, 0.1251, 
0.1306, 0.143, 0.1722, 0.1835, 147.6, 162.2, 170.2, 178.9, 190.3, 
201.9, 209.6, 222.3, 235, 242.1, 256.2, 1, 1, 1, 1, 1, 1, 1, 
1, 1, 1, 1, 1, 1, 1, 1, 1, 1, 1, 1, 1, 1, 1, 1, 1, 1, 1, 1, 1, 
1, 1, 1, 1, 1, 1, 1, 1, 1, 1, 1, 1, 1, 1, 1, 1, 3.119, 3.085, 
3.351, 3.388, 3.557, 3.629, 3.661, 3.588, 3.758, 4.188, 4.257
), .Dim = c(11L, 40L), .Dimnames = list(NULL, c("Sampling", "PSO.cost", 
"PSO.gamma", "PSO.data.balancing", "PSO.feature.selection", "PSO.valid.acc", 
"PSO.test.acc", "PSO.train.time", "PSO.n.support.vectors", "PSO.index", 
"PSO.n.solutions", "PSO.generations", "PSO.n.evaluations", "PSO.cpu.time", 
"RS.cost", "RS.gamma", "RS.data.balancing", "RS.feature.selection", 
"RS.valid.acc", "RS.test.acc", "RS.train.time", "RS.n.support.vectors", 
"RS.index", "RS.n.solutions", "RS.generations", "RS.n.evaluations", 
"RS.cpu.time", "DF.cost", "DF.gamma", "DF.data.balancing", "DF.feature.selection", 
"DF.valid.acc", "DF.test.acc", "DF.train.time", "DF.n.support.vectors", 
"DF.index", "DF.n.solutions", "DF.generations", "DF.n.evaluations", 
"DF.cpu.time")))
