full <-
structure(c(50, 55, 60, 65, 70, 75, 80, 85, 90, 95, 100, 6.62703, 
2.5262, 14.81676, 11.99425, 3.05865, 1.92752, -0.67879, 5.08351, 
6.39386, -0.56057, 2.42118, -2.22178, -0.11607, -3.18339, -2.97291, 
0.0747, 0.02958, -1.21069, -1.56388, -4.07833, -0.70398, -2.7205, 
0, 0, 0, 0, 0, 0, 0, 0, 0, 0, 0, 0, 0, 0, 0, 0, 0, 0, 0, 0, 0, 
0, 0.91013, 0.90825, 0.91078, 0.91953, 0.9199, 0.92113, 0.91765, 
0.91446, 0.91509, 0.9189, 0.91871, 0.90643, 0.90155, 0.90157, 
0.91003, 0.91198, 0.91618, 0.91377, 0.90575, 0.91098, 0.91694, 
0.91378, 0.0602, 0.0557, 1.0546, 0.3426, 0.0795, 0.0927, 0.0848, 
0.1311, 0.182, 0.1266, 0.139, 140.5, 196.9, 156.8, 160.7, 224.3, 
248.9, 214.4, 215.7, 201.1, 278, 230.2, 310, 472, 2238, 1006, 
701, 1256, 1191, 997, 1630, 629, 676, 160, 97, 3, 59, 67, 13, 
233, 52, 25, 248, 110, 100, 100, 100, 100, 100, 100, 100, 100, 
100, 100, 100, 2500, 2500, 2500, 2500, 2500, 2500, 2500, 2500, 
2500, 2500, 2500, 8998.113, 8025.129, 14808.478, 14885.643, 9962.012, 
14538.01, 11620.745, 19717.508, 17422.274, 12022.482, 14021.676, 
7.66243, 7.36684, 14.06601, 14.16842, 3.32916, 1.67725, -0.65073, 
5.39428, 6.47737, -0.56572, 2.42411, -2.43601, -1.84563, -10.18248, 
-3.57066, -0.05455, 0.3078, -1.16189, -1.72452, -3.96288, -0.67722, 
-2.50492, 0, 0, 0, 0, 0, 0, 0, 0, 0, 0, 0, 0, 0, 0, 0, 0, 0, 
0, 0, 0, 0, 0, 0.91013, 0.90717, 0.90869, 0.91951, 0.91902, 0.92031, 
0.91687, 0.91229, 0.91441, 0.9189, 0.91869, 0.90888, 0.9038, 
0.90256, 0.91001, 0.9111, 0.91537, 0.91299, 0.90648, 0.90961, 
0.91694, 0.91439, 0.0697, 0.073, 0.1279, 1.0209, 0.0774, 0.099, 
0.0849, 0.1362, 0.1839, 0.1285, 0.1404, 139, 154.2, 116.4, 158.7, 
212.9, 265, 215.5, 214.6, 201.6, 279.9, 232.9, 1179, 793, 244, 
1134, 2102, 1308, 741, 1404, 1822, 1676, 15, 1, 1, 6, 1, 1, 1, 
1, 1, 1, 1, 2, 100, 100, 100, 100, 100, 100, 100, 100, 100, 100, 
100, 2500, 2500, 2500, 2500, 2500, 2500, 2500, 2500, 2500, 2500, 
2500, 8078.104, 8215.664, 10651.315, 10902.463, 11112.845, 11996.421, 
13132.535, 14401.132, 15072.69, 15544.369, 16535.589, 1, 1, 1, 
1, 1, 1, 1, 1, 1, 1, 1, 0.33333, 0.33333, 0.33333, 0.33333, 0.33333, 
0.33333, 0.33333, 0.33333, 0.33333, 0.33333, 0.33333, 0, 0, 0, 
0, 0, 0, 0, 0, 0, 0, 0, 0, 0, 0, 0, 0, 0, 0, 0, 0, 0, 0, 0.90519, 
0.90374, 0.90253, 0.91378, 0.91376, 0.91536, 0.91455, 0.91007, 
0.90961, 0.91565, 0.91625, 0.90277, 0.9015, 0.9046, 0.91475, 
0.91288, 0.91621, 0.91224, 0.9101, 0.91029, 0.91629, 0.9144, 
0.0405, 0.0461, 0.0533, 0.0587, 0.0643, 0.0722, 0.0813, 0.0943, 
0.1059, 0.1149, 0.1249, 149.7, 159.1, 168.3, 175.3, 179.9, 191.2, 
199.2, 222.7, 237.9, 244.7, 256.4, 1, 1, 1, 1, 1, 1, 1, 1, 1, 
1, 1, 1, 1, 1, 1, 1, 1, 1, 1, 1, 1, 1, 1, 1, 1, 1, 1, 1, 1, 1, 
1, 1, 1, 1, 1, 1, 1, 1, 1, 1, 1, 1, 1, 1, 2.775, 2.929, 3.768, 
3.649, 3.89, 3.978, 4.04, 4.234, 4.338, 4.352, 4.43), .Dim = c(11L, 
40L), .Dimnames = list(NULL, c("Sampling", "PSO.cost", "PSO.gamma", 
"PSO.data.balancing", "PSO.feature.selection", "PSO.valid.acc", 
"PSO.test.acc", "PSO.train.time", "PSO.n.support.vectors", "PSO.index", 
"PSO.n.solutions", "PSO.generations", "PSO.n.evaluations", "PSO.cpu.time", 
"RS.cost", "RS.gamma", "RS.data.balancing", "RS.feature.selection", 
"RS.valid.acc", "RS.test.acc", "RS.train.time", "RS.n.support.vectors", 
"RS.index", "RS.n.solutions", "RS.generations", "RS.n.evaluations", 
"RS.cpu.time", "DF.cost", "DF.gamma", "DF.data.balancing", "DF.feature.selection", 
"DF.valid.acc", "DF.test.acc", "DF.train.time", "DF.n.support.vectors", 
"DF.index", "DF.n.solutions", "DF.generations", "DF.n.evaluations", 
"DF.cpu.time")))
