full <-
structure(c(50, 55, 60, 65, 70, 75, 80, 85, 90, 95, 100, 4.48614, 
0.80217, 5.56176, 1.37897, 1.40566, 13.68619, 10.83357, 14.7222, 
15, 5.45866, 10.86371, -1.73588, -0.7961, -2.19965, -0.21852, 
-1.07594, -5.36779, -5.53569, -7.33753, -7.00567, -3.76608, -4.08222, 
0, 0, 0, 0, 0, 0, 0, 0, 0, 0, 0, 0, 0, 0, 0, 0, 0, 0, 0, 0, 0, 
0, 0.90651, 0.91725, 0.91992, 0.91946, 0.91988, 0.92035, 0.91994, 
0.91952, 0.91713, 0.91763, 0.91502, 0.90525, 0.91496, 0.91173, 
0.9185, 0.91546, 0.91209, 0.91761, 0.91589, 0.91782, 0.91568, 
0.91069, 0.072, 0.0784, 0.1147, 0.0997, 0.1104, 1.8156, 0.531, 
2.2537, 3.9402, 0.2387, 0.9573, 141.3, 178.4, 154.1, 211.9, 202.1, 
167.3, 163.4, 176, 190.9, 209.4, 218.9, 58, 535, 2296, 228, 320, 
245, 1361, 722, 1440, 454, 532, 119, 245, 3, 273, 390, 119, 8, 
9, 4, 121, 38, 100, 100, 100, 100, 100, 100, 100, 100, 100, 100, 
100, 2500, 2500, 2500, 2500, 2500, 2500, 2500, 2500, 2500, 2500, 
2500, 9151.75, 8888.769, 10836.352, 11011.603, 9565.645, 27408.042, 
40544.427, 51858.064, 34046.006, 14971.449, 45416.635, 5.09901, 
1.96979, 6.00484, 1.85877, 1.47263, 14.51339, 10.634, 13.44512, 
-0.08336, -0.80724, 0.95476, -1.96419, -2.52342, -2.45349, -0.6451, 
-1.00825, -5.66317, -5.53437, -6.91382, -0.80098, 0.06086, -1.77391, 
0, 0, 0, 0, 0, 0, 0, 0, 0, 0, 0, 0, 0, 0, 0, 0, 0, 0, 0, 0, 0, 
0, 0.90529, 0.91729, 0.91785, 0.91945, 0.91724, 0.92035, 0.91917, 
0.9188, 0.91713, 0.91825, 0.91562, 0.90525, 0.91162, 0.91276, 
0.91945, 0.91546, 0.91127, 0.91761, 0.91661, 0.91507, 0.91697, 
0.91499, 0.0786, 0.0758, 0.1195, 0.0968, 0.1078, 2.7698, 0.4973, 
1.3952, 0.1608, 0.1988, 0.1945, 139, 150, 152.3, 194.1, 203.6, 
167.6, 164.8, 178.6, 257.5, 319.9, 249.3, 115, 2151, 243, 139, 
586, 1313, 21, 1199, 1835, 2365, 690, 1, 1, 1, 2, 1, 1, 16, 1, 
2, 2, 1, 100, 100, 100, 100, 100, 100, 100, 100, 100, 100, 100, 
2500, 2500, 2500, 2500, 2500, 2500, 2500, 2500, 2500, 2500, 2500, 
9734.32, 10298.799, 11045.355, 10848.572, 11855.263, 12869.507, 
12586.384, 14051.607, 14772.556, 16306.824, 17319.336, 1, 1, 
1, 1, 1, 1, 1, 1, 1, 1, 1, 0.33333, 0.33333, 0.33333, 0.33333, 
0.33333, 0.33333, 0.33333, 0.33333, 0.33333, 0.33333, 0.33333, 
0, 0, 0, 0, 0, 0, 0, 0, 0, 0, 0, 0, 0, 0, 0, 0, 0, 0, 0, 0, 0, 
0, 0.89909, 0.91048, 0.91066, 0.91566, 0.91371, 0.91378, 0.91605, 
0.91444, 0.91439, 0.91434, 0.91378, 0.90031, 0.90936, 0.9127, 
0.9166, 0.9137, 0.9146, 0.91684, 0.91517, 0.91438, 0.91567, 0.91499, 
0.0626, 0.0712, 0.0795, 0.0867, 0.0997, 0.1089, 0.1199, 0.1281, 
0.1453, 0.159, 0.1801, 154.1, 162.6, 169.3, 177.3, 186.2, 196.5, 
200.2, 215.9, 229.6, 242.8, 256.2, 1, 1, 1, 1, 1, 1, 1, 1, 1, 
1, 1, 1, 1, 1, 1, 1, 1, 1, 1, 1, 1, 1, 1, 1, 1, 1, 1, 1, 1, 1, 
1, 1, 1, 1, 1, 1, 1, 1, 1, 1, 1, 1, 1, 1, 3.379, 3.436, 3.498, 
3.541, 3.744, 3.692, 3.819, 3.769, 3.849, 4.06, 4.276), .Dim = c(11L, 
40L), .Dimnames = list(NULL, c("Sampling", "PSO.cost", "PSO.gamma", 
"PSO.data.balancing", "PSO.feature.selection", "PSO.valid.acc", 
"PSO.test.acc", "PSO.train.time", "PSO.n.support.vectors", "PSO.index", 
"PSO.n.solutions", "PSO.generations", "PSO.n.evaluations", "PSO.cpu.time", 
"RS.cost", "RS.gamma", "RS.data.balancing", "RS.feature.selection", 
"RS.valid.acc", "RS.test.acc", "RS.train.time", "RS.n.support.vectors", 
"RS.index", "RS.n.solutions", "RS.generations", "RS.n.evaluations", 
"RS.cpu.time", "DF.cost", "DF.gamma", "DF.data.balancing", "DF.feature.selection", 
"DF.valid.acc", "DF.test.acc", "DF.train.time", "DF.n.support.vectors", 
"DF.index", "DF.n.solutions", "DF.generations", "DF.n.evaluations", 
"DF.cpu.time")))
