full <-
structure(c(50, 55, 60, 65, 70, 75, 80, 85, 90, 95, 100, 7.60919, 
0.6559, 0.04569, 0.81897, -0.08159, 0.77918, 0.52891, 2.67541, 
3.18694, 5.07521, -0.36329, -7.35851, 0.97088, -2.12477, -1.21755, 
-1.06156, -1.49152, 0.50871, -2.00597, -1.91454, -3.72962, -0.14791, 
0, 0, 0, 0, 0, 0, 0, 0, 0, 0, 0, 0, 0, 0, 0, 0, 0, 0, 0, 0, 0, 
0, 0.90896, 0.91942, 0.91391, 0.9128, 0.91293, 0.91784, 0.92145, 
0.92025, 0.91782, 0.91953, 0.91747, 0.90285, 0.91377, 0.90771, 
0.90905, 0.91116, 0.91208, 0.91911, 0.9159, 0.91235, 0.91628, 
0.91561, 0.1134, 0.1101, 0.0747, 0.0896, 0.1061, 0.1274, 0.1852, 
0.1649, 0.181, 0.2388, 0.2322, 174.5, 278.8, 155.4, 183.3, 198.9, 
204.7, 304.2, 200.6, 216.7, 208, 319.1, 109, 445, 572, 269, 1246, 
2244, 1534, 1617, 896, 93, 2450, 83, 765, 62, 72, 97, 2, 26, 
54, 25, 229, 1, 100, 100, 100, 100, 100, 100, 100, 100, 100, 
100, 100, 2500, 2500, 2500, 2500, 2500, 2500, 2500, 2500, 2500, 
2500, 2500, 10553.316, 9466.935, 9770.961, 23616.757, 10813.49, 
22459.877, 15676.213, 14534.853, 76487.363, 14109.75, 13885.147, 
0.79077, 0.45739, 0.73276, 0.84482, -0.11734, 0.21762, 0.6091, 
2.87394, 14.71538, 5.16305, -0.34202, 0.40008, 1.02294, 0.45942, 
-1.05673, 0.13244, -1.37372, 0.70522, -2.14896, -5.50249, -3.81542, 
-0.00756, 0, 0, 0, 0, 0, 0, 0, 0, 0, 0, 0, 0, 0, 0, 0, 0, 0, 
0, 0, 0, 0, 0, 0.9103, 0.9183, 0.91288, 0.9128, 0.91204, 0.9162, 
0.91913, 0.91952, 0.91715, 0.91953, 0.91747, 0.91274, 0.91601, 
0.9128, 0.90809, 0.91026, 0.9129, 0.9168, 0.9159, 0.91646, 0.91563, 
0.91561, 0.0779, 0.1156, 0.1069, 0.0923, 0.1259, 0.1279, 0.1994, 
0.166, 4.2495, 0.2372, 0.2433, 212.2, 284, 248.1, 188.2, 246, 
207.6, 321.9, 198, 196.8, 207.1, 329.6, 1220, 122, 233, 1673, 
466, 1653, 179, 1025, 256, 1682, 1151, 1, 1, 2, 1, 3, 2, 2, 2, 
3, 1, 1, 100, 100, 100, 100, 100, 100, 100, 100, 100, 100, 100, 
2500, 2500, 2500, 2500, 2500, 2500, 2500, 2500, 2500, 2500, 2500, 
9699.094, 10055.696, 10450.937, 11677.185, 13955.981, 16201.583, 
17278.399, 16176.366, 16361.116, 17198.297, 18917.898, 1, 1, 
1, 1, 1, 1, 1, 1, 1, 1, 1, 0.33333, 0.33333, 0.33333, 0.33333, 
0.33333, 0.33333, 0.33333, 0.33333, 0.33333, 0.33333, 0.33333, 
0, 0, 0, 0, 0, 0, 0, 0, 0, 0, 0, 0, 0, 0, 0, 0, 0, 0, 0, 0, 0, 
0, 0.90285, 0.91379, 0.91285, 0.90617, 0.91029, 0.91537, 0.91681, 
0.9159, 0.91371, 0.915, 0.9156, 0.9004, 0.91043, 0.90876, 0.91091, 
0.90849, 0.91455, 0.91681, 0.91372, 0.91714, 0.91369, 0.91562, 
0.06, 0.0656, 0.0747, 0.0861, 0.1043, 0.1195, 0.1348, 0.1431, 
0.1465, 0.1616, 0.1833, 149.9, 153.6, 166.1, 175.1, 189.5, 202.8, 
209.5, 216.2, 235.2, 241.4, 257, 1, 1, 1, 1, 1, 1, 1, 1, 1, 1, 
1, 1, 1, 1, 1, 1, 1, 1, 1, 1, 1, 1, 1, 1, 1, 1, 1, 1, 1, 1, 1, 
1, 1, 1, 1, 1, 1, 1, 1, 1, 1, 1, 1, 1, 3.164, 3.247, 3.42, 3.468, 
4.182, 4.627, 4.793, 4.774, 3.952, 4.365, 4.766), .Dim = c(11L, 
40L), .Dimnames = list(NULL, c("Sampling", "PSO.cost", "PSO.gamma", 
"PSO.data.balancing", "PSO.feature.selection", "PSO.valid.acc", 
"PSO.test.acc", "PSO.train.time", "PSO.n.support.vectors", "PSO.index", 
"PSO.n.solutions", "PSO.generations", "PSO.n.evaluations", "PSO.cpu.time", 
"RS.cost", "RS.gamma", "RS.data.balancing", "RS.feature.selection", 
"RS.valid.acc", "RS.test.acc", "RS.train.time", "RS.n.support.vectors", 
"RS.index", "RS.n.solutions", "RS.generations", "RS.n.evaluations", 
"RS.cpu.time", "DF.cost", "DF.gamma", "DF.data.balancing", "DF.feature.selection", 
"DF.valid.acc", "DF.test.acc", "DF.train.time", "DF.n.support.vectors", 
"DF.index", "DF.n.solutions", "DF.generations", "DF.n.evaluations", 
"DF.cpu.time")))
