full <-
structure(c(50, 55, 60, 65, 70, 75, 80, 85, 90, 95, 100, 1.7618, 
7.56687, 9.78341, 10.87797, 1.77913, 10.53909, 1.22459, 9.22285, 
15, 1.6138, 0.61852, 0.77086, -2.73759, -5.10456, -5.03731, -1.93472, 
-6.37889, -1.7883, -4.82032, -5.86092, -2.31234, -1.65439, 0, 
0, 0, 0, 0, 0, 0, 0, 0, 0, 0, 0, 0, 0, 0, 0, 0, 0, 0, 0, 0, 0, 
0.92118, 0.92498, 0.92416, 0.9204, 0.92344, 0.9228, 0.91843, 
0.91737, 0.91644, 0.91697, 0.91684, 0.91749, 0.91939, 0.9221, 
0.91749, 0.91727, 0.91457, 0.91459, 0.91159, 0.91169, 0.91371, 
0.91373, 0.0857, 0.1141, 0.2206, 0.3437, 0.1025, 0.339, 0.1298, 
0.4597, 5.1467, 0.1814, 0.1909, 222.4, 131.1, 129.1, 139.3, 174.2, 
150.8, 202, 187.1, 198.6, 230.6, 254.8, 792, 324, 783, 700, 1103, 
858, 227, 773, 57, 382, 670, 151, 59, 93, 43, 25, 79, 409, 12, 
528, 235, 390, 100, 100, 100, 100, 100, 100, 100, 100, 100, 100, 
100, 2500, 2500, 2500, 2500, 2500, 2500, 2500, 2500, 2500, 2500, 
2500, 10320.118, 14790.938, 16035.365, 12678.46, 11589.649, 17120.603, 
10298.536, 18858.284, 111692.317, 10956.21, 12245.167, 2.54414, 
9.22206, 8.07011, 2.50192, 2.49637, 6.1281, 1.94319, 1.01998, 
8.73884, 1.47731, 2.38416, 0.36174, -3.50306, -4.67495, -2.05922, 
-2.46321, -4.49122, -2.13793, -2.44415, -3.54336, -2.26752, -3.58648, 
0, 0, 0, 0, 0, 0, 0, 0, 0, 0, 0, 0, 0, 0, 0, 0, 0, 0, 0, 0, 0, 
0, 0.92117, 0.92497, 0.92315, 0.92037, 0.92343, 0.9228, 0.91766, 
0.91739, 0.91574, 0.91632, 0.91624, 0.91626, 0.92499, 0.92109, 
0.91752, 0.91639, 0.91704, 0.91382, 0.91301, 0.91099, 0.91436, 
0.91191, 0.0716, 0.1818, 0.1476, 0.0921, 0.1104, 0.1614, 0.1355, 
0.1375, 0.41, 0.1776, 0.1923, 188.7, 129.3, 130, 156.3, 164.9, 
157.3, 192.7, 204.3, 204.8, 233.8, 220.4, 2483, 550, 588, 513, 
271, 101, 637, 1523, 760, 1587, 2440, 2, 1, 2, 2, 7, 6, 3, 1, 
2, 1, 1, 100, 100, 100, 100, 100, 100, 100, 100, 100, 100, 100, 
2500, 2500, 2500, 2500, 2500, 2500, 2500, 2500, 2500, 2500, 2500, 
9184.33, 9823.946, 10211.826, 10306.2, 11476.559, 12513.165, 
13015.329, 15102.386, 15814.862, 17959.635, 18542.765, 1, 1, 
1, 1, 1, 1, 1, 1, 1, 1, 1, 0.33333, 0.33333, 0.33333, 0.33333, 
0.33333, 0.33333, 0.33333, 0.33333, 0.33333, 0.33333, 0.33333, 
0, 0, 0, 0, 0, 0, 0, 0, 0, 0, 0, 0, 0, 0, 0, 0, 0, 0, 0, 0, 0, 
0, 0.9151, 0.91268, 0.91698, 0.91185, 0.91728, 0.92033, 0.91611, 
0.91448, 0.90963, 0.91437, 0.915, 0.91385, 0.9183, 0.91692, 0.91662, 
0.91993, 0.91623, 0.91228, 0.91448, 0.91101, 0.91306, 0.91251, 
0.0596, 0.0675, 0.0746, 0.0822, 0.0953, 0.1051, 0.1259, 0.1396, 
0.1484, 0.1705, 0.1844, 141.9, 150.9, 159.5, 170.4, 182.7, 187.7, 
206.7, 220.6, 238.3, 249.1, 258.6, 1, 1, 1, 1, 1, 1, 1, 1, 1, 
1, 1, 1, 1, 1, 1, 1, 1, 1, 1, 1, 1, 1, 1, 1, 1, 1, 1, 1, 1, 1, 
1, 1, 1, 1, 1, 1, 1, 1, 1, 1, 1, 1, 1, 1, 3.131, 3.307, 3.279, 
3.263, 3.52, 3.585, 3.965, 4.04, 3.854, 4.238, 4.325), .Dim = c(11L, 
40L), .Dimnames = list(NULL, c("Sampling", "PSO.cost", "PSO.gamma", 
"PSO.data.balancing", "PSO.feature.selection", "PSO.valid.acc", 
"PSO.test.acc", "PSO.train.time", "PSO.n.support.vectors", "PSO.index", 
"PSO.n.solutions", "PSO.generations", "PSO.n.evaluations", "PSO.cpu.time", 
"RS.cost", "RS.gamma", "RS.data.balancing", "RS.feature.selection", 
"RS.valid.acc", "RS.test.acc", "RS.train.time", "RS.n.support.vectors", 
"RS.index", "RS.n.solutions", "RS.generations", "RS.n.evaluations", 
"RS.cpu.time", "DF.cost", "DF.gamma", "DF.data.balancing", "DF.feature.selection", 
"DF.valid.acc", "DF.test.acc", "DF.train.time", "DF.n.support.vectors", 
"DF.index", "DF.n.solutions", "DF.generations", "DF.n.evaluations", 
"DF.cpu.time")))
