full <-
structure(c(50, 55, 60, 65, 70, 75, 80, 85, 90, 95, 100, 5.42556, 
8.78996, 14.05894, 12.69751, -0.42279, -0.29284, 4.00889, 15, 
-0.3728, 2.73955, -0.85252, -2.0705, -4.30784, -5.31234, -4.97184, 
-1.36483, -0.8359, -2.0743, -4.67742, -0.95652, -2.5025, -0.31533, 
0, 0, 0, 0, 0, 0, 0, 0, 0, 0, 0, 0, 0, 0, 0, 0, 0, 0, 0, 0, 0, 
0, 0.90903, 0.91488, 0.91177, 0.91761, 0.9129, 0.91217, 0.91452, 
0.91228, 0.91508, 0.91564, 0.91748, 0.904, 0.90818, 0.90459, 
0.91191, 0.91028, 0.91052, 0.90989, 0.90792, 0.9144, 0.91434, 
0.91624, 0.0751, 0.1632, 1.2465, 0.7621, 0.0975, 0.1215, 0.1577, 
3.9885, 0.161, 0.1938, 0.2025, 133.3, 130, 145, 150.6, 198.3, 
225.7, 199.7, 197.2, 254.6, 218.8, 311.7, 1974, 103, 942, 327, 
1296, 166, 951, 1635, 855, 668, 485, 1, 343, 73, 234, 19, 129, 
114, 15, 57, 236, 67, 100, 100, 100, 100, 100, 100, 100, 100, 
100, 100, 100, 2500, 2500, 2500, 2500, 2500, 2500, 2500, 2500, 
2500, 2500, 2500, 10899.08, 11004.198, 19570.832, 22765.986, 
13868.22, 14387.897, 12070.119, 27414.393, 16560.212, 15680.677, 
18213.571, 8.00564, 5.451, 13.00366, 11.8052, -0.29231, -0.20479, 
3.85992, 14.26298, -0.25359, 2.59033, 2.10971, -3.12967, -3.20948, 
-5.32557, -4.87953, -1.25568, -0.88384, -1.90488, -4.62982, -0.93523, 
-2.37728, -1.27899, 0, 0, 0, 0, 0, 0, 0, 0, 0, 0, 0, 0, 0, 0, 
0, 0, 0, 0, 0, 0, 0, 0, 0.909, 0.91485, 0.91177, 0.91667, 0.91116, 
0.91217, 0.91375, 0.91156, 0.91372, 0.91564, 0.91687, 0.90898, 
0.90593, 0.9056, 0.91191, 0.90939, 0.91052, 0.90912, 0.90936, 
0.91441, 0.91304, 0.91563, 0.1056, 0.0967, 0.7659, 0.4988, 0.1031, 
0.122, 0.1567, 2.9248, 0.1659, 0.1912, 0.2101, 129.1, 135.2, 
145.9, 150.4, 204.3, 225.2, 204.1, 196.4, 255.7, 219.9, 262.5, 
75, 1126, 1731, 1337, 451, 473, 1096, 1930, 2205, 351, 1207, 
1, 1, 3, 1, 1, 2, 1, 1, 2, 2, 1, 100, 100, 100, 100, 100, 100, 
100, 100, 100, 100, 100, 2500, 2500, 2500, 2500, 2500, 2500, 
2500, 2500, 2500, 2500, 2500, 10011.85, 10170.864, 10966.626, 
11003.498, 12117.031, 13054.785, 15103.199, 14613.219, 15492.557, 
17255.442, 17739.536, 1, 1, 1, 1, 1, 1, 1, 1, 1, 1, 1, 0.33333, 
0.33333, 0.33333, 0.33333, 0.33333, 0.33333, 0.33333, 0.33333, 
0.33333, 0.33333, 0.33333, 0, 0, 0, 0, 0, 0, 0, 0, 0, 0, 0, 0, 
0, 0, 0, 0, 0, 0, 0, 0, 0, 0, 0.90531, 0.90708, 0.9015, 0.90997, 
0.90853, 0.9097, 0.9099, 0.90866, 0.91235, 0.91239, 0.91253, 
0.90772, 0.90597, 0.90252, 0.90905, 0.91027, 0.9064, 0.9099, 
0.90939, 0.90962, 0.91239, 0.91501, 0.062, 0.0698, 0.0801, 0.0865, 
0.0993, 0.1106, 0.1251, 0.1404, 0.1518, 0.1622, 0.1792, 153.9, 
158.9, 176.2, 181.3, 195.5, 201.8, 219.9, 229.2, 234.6, 245.6, 
255.1, 1, 1, 1, 1, 1, 1, 1, 1, 1, 1, 1, 1, 1, 1, 1, 1, 1, 1, 
1, 1, 1, 1, 1, 1, 1, 1, 1, 1, 1, 1, 1, 1, 1, 1, 1, 1, 1, 1, 1, 
1, 1, 1, 1, 1, 3.487, 3.497, 3.569, 3.496, 3.716, 3.826, 3.904, 
4.026, 4.09, 4.068, 5.008), .Dim = c(11L, 40L), .Dimnames = list(
    NULL, c("Sampling", "PSO.cost", "PSO.gamma", "PSO.data.balancing", 
    "PSO.feature.selection", "PSO.valid.acc", "PSO.test.acc", 
    "PSO.train.time", "PSO.n.support.vectors", "PSO.index", "PSO.n.solutions", 
    "PSO.generations", "PSO.n.evaluations", "PSO.cpu.time", "RS.cost", 
    "RS.gamma", "RS.data.balancing", "RS.feature.selection", 
    "RS.valid.acc", "RS.test.acc", "RS.train.time", "RS.n.support.vectors", 
    "RS.index", "RS.n.solutions", "RS.generations", "RS.n.evaluations", 
    "RS.cpu.time", "DF.cost", "DF.gamma", "DF.data.balancing", 
    "DF.feature.selection", "DF.valid.acc", "DF.test.acc", "DF.train.time", 
    "DF.n.support.vectors", "DF.index", "DF.n.solutions", "DF.generations", 
    "DF.n.evaluations", "DF.cpu.time")))
