full <-
structure(c(50, 55, 60, 65, 70, 75, 80, 85, 90, 95, 100, 7.14799, 
13.57679, 1.06251, 1.81603, 1.30711, 3.22745, 1.84587, 7.85922, 
3.81986, 3.00598, 12.07641, -3.74174, -5.20472, 1.20645, -3.81453, 
-0.93312, -1.86995, -1.24943, -3.76292, -2.05252, -2.51514, -4.70605, 
0, 0, 0, 0, 0, 0, 0, 0, 0, 0, 0, 0, 0, 0, 0, 0, 0, 0, 0, 0, 0, 
0, 0.91632, 0.92173, 0.91893, 0.92053, 0.91638, 0.92113, 0.92836, 
0.92462, 0.9185, 0.91889, 0.91498, 0.91261, 0.91389, 0.91686, 
0.91673, 0.91555, 0.9162, 0.92527, 0.91883, 0.91371, 0.91693, 
0.91252, 0.1133, 1.1837, 0.1433, 0.1027, 0.1097, 0.1338, 0.1405, 
0.2808, 0.1918, 0.2041, 1.6354, 125.8, 132, 318.5, 174.3, 202.3, 
178.8, 204.9, 179, 214.5, 217.4, 216.9, 735, 443, 2223, 698, 
446, 100, 170, 735, 855, 622, 1568, 142, 367, 8, 110, 45, 382, 
327, 207, 204, 120, 38, 100, 100, 100, 100, 100, 100, 100, 100, 
100, 100, 100, 2500, 2500, 2500, 2500, 2500, 2500, 2500, 2500, 
2500, 2500, 2500, 10324.124, 29532.788, 11313.048, 13687.047, 
13642.265, 12274.506, 13654.843, 15882.772, 17692.785, 18236.456, 
94157.15, 6.05296, 12.63866, 0.90291, 3.04934, 1.5508, 1.62027, 
1.80386, 9.09441, 3.68714, 1.48737, -0.30514, -3.27565, -4.87549, 
1.46018, -4.24462, -1.08001, -1.35019, -1.21191, -4.20829, -1.96349, 
-1.86184, -1.08846, 0, 0, 0, 0, 0, 0, 0, 0, 0, 0, 0, 0, 0, 0, 
0, 0, 0, 0, 0, 0, 0, 0, 0.91632, 0.92173, 0.91687, 0.91956, 0.91638, 
0.92112, 0.92758, 0.9239, 0.9185, 0.91694, 0.91498, 0.91385, 
0.915, 0.91583, 0.91576, 0.91555, 0.91537, 0.92527, 0.91883, 
0.91371, 0.915, 0.91375, 0.0957, 0.799, 0.1673, 0.1223, 0.1129, 
0.1231, 0.1432, 0.3893, 0.1932, 0.1851, 0.1947, 128.8, 132.7, 
356.4, 172.9, 197.6, 193.6, 207.9, 179.1, 215.2, 237.2, 276.9, 
91, 1025, 2074, 145, 979, 586, 248, 1845, 286, 2373, 911, 2, 
2, 1, 11, 2, 1, 1, 1, 2, 4, 3, 100, 100, 100, 100, 100, 100, 
100, 100, 100, 100, 100, 2500, 2500, 2500, 2500, 2500, 2500, 
2500, 2500, 2500, 2500, 2500, 11613.97, 12172.533, 12729.636, 
13576.126, 14602.508, 16273.232, 16419.085, 17320.949, 18048.742, 
19993.701, 18749.16, 1, 1, 1, 1, 1, 1, 1, 1, 1, 1, 1, 0.33333, 
0.33333, 0.33333, 0.33333, 0.33333, 0.33333, 0.33333, 0.33333, 
0.33333, 0.33333, 0.33333, 0, 0, 0, 0, 0, 0, 0, 0, 0, 0, 0, 0, 
0, 0, 0, 0, 0, 0, 0, 0, 0, 0, 0.91011, 0.91387, 0.91175, 0.91667, 
0.91463, 0.91539, 0.92143, 0.91663, 0.91304, 0.91372, 0.91252, 
0.90768, 0.91721, 0.90862, 0.91669, 0.912, 0.91621, 0.92065, 
0.91809, 0.9144, 0.91373, 0.91437, 0.068, 0.0751, 0.0874, 0.0945, 
0.11, 0.1114, 0.1253, 0.1371, 0.1628, 0.1728, 0.1886, 155.7, 
161.2, 176.7, 189.3, 198.1, 198.2, 201.1, 216.6, 235.5, 250.2, 
254.8, 1, 1, 1, 1, 1, 1, 1, 1, 1, 1, 1, 1, 1, 1, 1, 1, 1, 1, 
1, 1, 1, 1, 1, 1, 1, 1, 1, 1, 1, 1, 1, 1, 1, 1, 1, 1, 1, 1, 1, 
1, 1, 1, 1, 1, 3.621, 3.636, 3.795, 3.661, 4.594, 4.346, 4.748, 
4.634, 5.171, 5.076, 4.561), .Dim = c(11L, 40L), .Dimnames = list(
    NULL, c("Sampling", "PSO.cost", "PSO.gamma", "PSO.data.balancing", 
    "PSO.feature.selection", "PSO.valid.acc", "PSO.test.acc", 
    "PSO.train.time", "PSO.n.support.vectors", "PSO.index", "PSO.n.solutions", 
    "PSO.generations", "PSO.n.evaluations", "PSO.cpu.time", "RS.cost", 
    "RS.gamma", "RS.data.balancing", "RS.feature.selection", 
    "RS.valid.acc", "RS.test.acc", "RS.train.time", "RS.n.support.vectors", 
    "RS.index", "RS.n.solutions", "RS.generations", "RS.n.evaluations", 
    "RS.cpu.time", "DF.cost", "DF.gamma", "DF.data.balancing", 
    "DF.feature.selection", "DF.valid.acc", "DF.test.acc", "DF.train.time", 
    "DF.n.support.vectors", "DF.index", "DF.n.solutions", "DF.generations", 
    "DF.n.evaluations", "DF.cpu.time")))
