full <-
structure(c(50, 55, 60, 65, 70, 75, 80, 85, 90, 95, 100, 0.15494, 
6.58854, 14.18438, 3.37692, 0.44664, 1.13503, -0.29257, 3.54567, 
8.96107, 0.43827, 0.43359, -0.45837, -2.58552, -6.88251, -2.16835, 
-0.29867, -0.55351, -1.53244, -3.56959, -5.15947, -1.25533, -1.45319, 
0, 0, 0, 0, 0, 0, 0, 0, 0, 0, 0, 0, 0, 0, 0, 0, 0, 0, 0, 0, 0, 
0, 0.91138, 0.9161, 0.91375, 0.91758, 0.92081, 0.92193, 0.92224, 
0.92097, 0.92402, 0.92087, 0.91682, 0.90642, 0.91273, 0.90761, 
0.9119, 0.92081, 0.91864, 0.91993, 0.91809, 0.92059, 0.91957, 
0.91623, 0.0664, 0.0954, 0.9617, 0.0981, 0.1124, 0.1265, 0.1141, 
0.1442, 0.3759, 0.1749, 0.1882, 173.7, 131, 131.1, 157.9, 225.7, 
224.5, 201.7, 177.3, 185.1, 254.5, 260.4, 954, 2469, 114, 363, 
180, 1831, 248, 2350, 680, 517, 311, 58, 1, 895, 476, 66, 6, 
226, 2, 119, 372, 306, 100, 100, 100, 100, 100, 100, 100, 100, 
100, 100, 100, 2500, 2500, 2500, 2500, 2500, 2500, 2500, 2500, 
2500, 2500, 2500, 7793.839, 9339.705, 35617.722, 8764.303, 30321.319, 
13830.535, 10232.219, 22283.669, 18466.303, 11142.696, 12442.297, 
14.63904, 4.61855, 14.87311, 2.42218, 2.24992, 0.68107, 2.62161, 
14.3325, 10.05099, 0.7486, 0.48474, -6.43172, -1.7342, -7.01435, 
-1.66259, -1.86215, -0.45504, -1.44729, -4.77702, -5.2518, -1.25766, 
-1.49635, 0, 0, 0, 0, 0, 0, 0, 0, 0, 0, 0, 0, 0, 0, 0, 0, 0, 
0, 0, 0, 0, 0, 0.91133, 0.91496, 0.91375, 0.91758, 0.91994, 0.9211, 
0.92147, 0.92026, 0.92334, 0.92023, 0.91682, 0.91005, 0.91387, 
0.90865, 0.90905, 0.9217, 0.91781, 0.91451, 0.91589, 0.91853, 
0.91828, 0.91623, 0.8783, 0.0806, 1.4257, 0.0942, 0.1068, 0.1273, 
0.1301, 2.478, 0.5406, 0.178, 0.1812, 113.1, 134.5, 131.1, 166, 
172.4, 232.6, 196.7, 174.8, 187.7, 253.3, 256.2, 350, 1853, 1027, 
2337, 879, 631, 1423, 857, 1705, 2464, 802, 1, 1, 4, 1, 2, 3, 
1, 1, 1, 1, 1, 100, 100, 100, 100, 100, 100, 100, 100, 100, 100, 
100, 2500, 2500, 2500, 2500, 2500, 2500, 2500, 2500, 2500, 2500, 
2500, 8977.142, 9515.907, 10160.129, 10173.617, 11228.597, 11763.189, 
12222.345, 13233.656, 14695.448, 15694.153, 15935.361, 1, 1, 
1, 1, 1, 1, 1, 1, 1, 1, 1, 0.33333, 0.33333, 0.33333, 0.33333, 
0.33333, 0.33333, 0.33333, 0.33333, 0.33333, 0.33333, 0.33333, 
0, 0, 0, 0, 0, 0, 0, 0, 0, 0, 0, 0, 0, 0, 0, 0, 0, 0, 0, 0, 0, 
0, 0.90642, 0.90481, 0.9097, 0.91567, 0.91906, 0.91947, 0.92071, 
0.91664, 0.92125, 0.91827, 0.91437, 0.90767, 0.9071, 0.90867, 
0.91569, 0.91637, 0.91782, 0.92071, 0.91663, 0.91919, 0.91698, 
0.91316, 0.059, 0.0688, 0.0761, 0.0843, 0.0931, 0.1064, 0.114, 
0.1229, 0.144, 0.1604, 0.1723, 145.9, 158.3, 166.4, 176.3, 180, 
193.8, 200.4, 210, 224.3, 241.2, 254.6, 1, 1, 1, 1, 1, 1, 1, 
1, 1, 1, 1, 1, 1, 1, 1, 1, 1, 1, 1, 1, 1, 1, 1, 1, 1, 1, 1, 1, 
1, 1, 1, 1, 1, 1, 1, 1, 1, 1, 1, 1, 1, 1, 1, 1, 3.072, 3.137, 
3.267, 3.251, 3.378, 3.546, 3.55, 3.631, 3.958, 4.082, 4.096), .Dim = c(11L, 
40L), .Dimnames = list(NULL, c("Sampling", "PSO.cost", "PSO.gamma", 
"PSO.data.balancing", "PSO.feature.selection", "PSO.valid.acc", 
"PSO.test.acc", "PSO.train.time", "PSO.n.support.vectors", "PSO.index", 
"PSO.n.solutions", "PSO.generations", "PSO.n.evaluations", "PSO.cpu.time", 
"RS.cost", "RS.gamma", "RS.data.balancing", "RS.feature.selection", 
"RS.valid.acc", "RS.test.acc", "RS.train.time", "RS.n.support.vectors", 
"RS.index", "RS.n.solutions", "RS.generations", "RS.n.evaluations", 
"RS.cpu.time", "DF.cost", "DF.gamma", "DF.data.balancing", "DF.feature.selection", 
"DF.valid.acc", "DF.test.acc", "DF.train.time", "DF.n.support.vectors", 
"DF.index", "DF.n.solutions", "DF.generations", "DF.n.evaluations", 
"DF.cpu.time")))
