full <-
structure(c(50, 55, 60, 65, 70, 75, 80, 85, 90, 95, 100, 1.53487, 
5.44033, 12.22115, 1.71157, 3.01531, 6.27552, 13.07696, 1.39613, 
-0.31289, 3.52041, 15, -4.71282, -4.81516, -8.25316, -3.94492, 
-2.91584, -3.85478, -5.14922, -1.41044, -0.53819, -1.5118, -9.9504, 
0, 0, 0, 0, 0, 0, 0, 0, 0, 0, 0, 0, 0, 0, 0, 0, 0, 0, 0, 0, 0, 
0, 0.90781, 0.91271, 0.91384, 0.90904, 0.91636, 0.917, 0.91683, 
0.91587, 0.91711, 0.91762, 0.91807, 0.90158, 0.9049, 0.91485, 
0.90624, 0.91287, 0.91124, 0.91454, 0.9137, 0.9137, 0.91307, 
0.91437, 0.0506, 0.0759, 0.1791, 0.088, 0.1225, 0.1821, 1.5877, 
0.1571, 0.1824, 0.2172, 0.9356, 120, 120.9, 117.9, 147, 164.1, 
165.9, 179.7, 226, 273.4, 237.8, 185.4, 120, 44, 98, 1072, 480, 
396, 552, 167, 702, 2136, 174, 142, 414, 248, 1, 89, 255, 56, 
63, 78, 44, 234, 100, 100, 100, 100, 100, 100, 100, 100, 100, 
100, 100, 2500, 2500, 2500, 2500, 2500, 2500, 2500, 2500, 2500, 
2500, 2500, 9270.409, 9512.56, 13007.562, 20090.073, 15562.284, 
16402.151, 25911.717, 16635.14, 17432.808, 16794.032, 31237.348, 
1.1898, 5.62872, 2.31005, 3.19591, 4.68656, 7.19521, 8.43989, 
0.77411, 0.21908, 0.13196, 13.61015, -4.35864, -4.82456, -4.01964, 
-2.73726, -2.64934, -4.23763, -4.55134, -0.977, -1.22951, 0.02858, 
-9.23586, 0, 0, 0, 0, 0, 0, 0, 0, 0, 0, 0, 0, 0, 0, 0, 0, 0, 
0, 0, 0, 0, 0, 0.90781, 0.91271, 0.91485, 0.90813, 0.91548, 0.91619, 
0.91683, 0.91587, 0.91574, 0.91697, 0.91807, 0.90158, 0.90601, 
0.91585, 0.9072, 0.9111, 0.91124, 0.91375, 0.91297, 0.9137, 0.91243, 
0.91313, 0.0498, 0.0769, 0.0719, 0.1149, 0.1482, 0.2026, 0.3323, 
0.1621, 0.1671, 0.2168, 0.7898, 120.4, 122.1, 129.8, 160.4, 167.9, 
165.1, 180.5, 240.6, 245.5, 319.1, 187, 1278, 1567, 432, 169, 
124, 1774, 2040, 357, 579, 1908, 110, 2, 3, 1, 4, 1, 1, 1, 2, 
1, 3, 13, 100, 100, 100, 100, 100, 100, 100, 100, 100, 100, 100, 
2500, 2500, 2500, 2500, 2500, 2500, 2500, 2500, 2500, 2500, 2500, 
9856.993, 10473.477, 14125.285, 16431.627, 17475.544, 17151.165, 
17364.138, 18063.243, 19589.448, 20862.404, 20644.516, 1, 1, 
1, 1, 1, 1, 1, 1, 1, 1, 1, 0.33333, 0.33333, 0.33333, 0.33333, 
0.33333, 0.33333, 0.33333, 0.33333, 0.33333, 0.33333, 0.33333, 
0, 0, 0, 0, 0, 0, 0, 0, 0, 0, 0, 0, 0, 0, 0, 0, 0, 0, 0, 0, 0, 
0, 0.90161, 0.90606, 0.91176, 0.90336, 0.90846, 0.90963, 0.91222, 
0.91008, 0.91438, 0.91372, 0.91623, 0.90036, 0.90492, 0.91276, 
0.90433, 0.91021, 0.90962, 0.91144, 0.91009, 0.9137, 0.91307, 
0.91499, 0.0592, 0.0685, 0.0867, 0.1005, 0.112, 0.1143, 0.1289, 
0.1404, 0.1551, 0.1722, 0.1857, 152.8, 163.1, 168.7, 181.6, 191.7, 
199.2, 212, 221.4, 230.9, 244.8, 252.7, 1, 1, 1, 1, 1, 1, 1, 
1, 1, 1, 1, 1, 1, 1, 1, 1, 1, 1, 1, 1, 1, 1, 1, 1, 1, 1, 1, 1, 
1, 1, 1, 1, 1, 1, 1, 1, 1, 1, 1, 1, 1, 1, 1, 1, 3.473, 3.588, 
5.355, 5.43, 5.78, 4.956, 4.843, 5.101, 5.181, 5.356, 5.445), .Dim = c(11L, 
40L), .Dimnames = list(NULL, c("Sampling", "PSO.cost", "PSO.gamma", 
"PSO.data.balancing", "PSO.feature.selection", "PSO.valid.acc", 
"PSO.test.acc", "PSO.train.time", "PSO.n.support.vectors", "PSO.index", 
"PSO.n.solutions", "PSO.generations", "PSO.n.evaluations", "PSO.cpu.time", 
"RS.cost", "RS.gamma", "RS.data.balancing", "RS.feature.selection", 
"RS.valid.acc", "RS.test.acc", "RS.train.time", "RS.n.support.vectors", 
"RS.index", "RS.n.solutions", "RS.generations", "RS.n.evaluations", 
"RS.cpu.time", "DF.cost", "DF.gamma", "DF.data.balancing", "DF.feature.selection", 
"DF.valid.acc", "DF.test.acc", "DF.train.time", "DF.n.support.vectors", 
"DF.index", "DF.n.solutions", "DF.generations", "DF.n.evaluations", 
"DF.cpu.time")))
