full <-
structure(c(50, 55, 60, 65, 70, 75, 80, 85, 90, 95, 100, 1.2149, 
6.96865, 1.309, 13.82916, 6.34037, 8.35121, 15, 13.80202, 0.17139, 
8.8545, 13.67677, -3.65109, -4.1947, -4.7152, -4.61822, -3.79676, 
-5.00598, -9.10473, -5.33119, -0.35072, -2.71727, -5.06893, 0, 
0, 0, 0, 0, 0, 0, 0, 0, 0, 0, 0, 0, 0, 0, 0, 0, 0, 0, 0, 0, 0, 
0.92002, 0.91393, 0.91381, 0.91569, 0.91288, 0.91377, 0.91528, 
0.9152, 0.91923, 0.91694, 0.91744, 0.91261, 0.90831, 0.9066, 
0.90998, 0.90323, 0.90882, 0.91143, 0.91083, 0.91649, 0.9124, 
0.91312, 0.0432, 0.097, 0.0519, 0.9463, 0.1429, 0.1956, 0.688, 
2.0423, 0.1733, 0.4481, 3.1971, 101.8, 124.1, 109.8, 148.9, 157.7, 
159.8, 148.6, 185, 269.1, 223.2, 216, 2, 1993, 1451, 1320, 543, 
91, 47, 2193, 1273, 616, 98, 310, 2, 9, 9, 162, 629, 194, 1, 
9, 64, 360, 100, 100, 100, 100, 100, 100, 100, 100, 100, 100, 
100, 2500, 2500, 2500, 2500, 2500, 2500, 2500, 2500, 2500, 2500, 
2500, 7990.22, 9356.227, 9642.089, 17438.858, 12156.262, 14759.713, 
18470.68, 31955.097, 20103.307, 38909.137, 76278.669, 1.2889, 
6.79089, 0.23121, 11.57173, 6.10727, 11.24394, 12.07455, 11.38166, 
0.99633, 7.2577, 14.93885, -3.79482, -4.11608, -3.72012, -3.94567, 
-3.68362, -5.88517, -7.70843, -4.58992, -1.53811, -2.51418, -5.50471, 
0, 0, 0, 0, 0, 0, 0, 0, 0, 0, 0, 0, 0, 0, 0, 0, 0, 0, 0, 0, 0, 
0, 0.92002, 0.91393, 0.9148, 0.91568, 0.91288, 0.91377, 0.91528, 
0.91518, 0.91921, 0.91629, 0.91806, 0.91261, 0.90831, 0.90863, 
0.90808, 0.90411, 0.9088, 0.91143, 0.91083, 0.91235, 0.91307, 
0.9125, 0.0416, 0.0957, 0.0543, 0.4154, 0.1357, 0.4106, 0.2709, 
0.7122, 0.1535, 0.3188, 5.8509, 100.7, 124.4, 114.8, 149.1, 159.6, 
161.1, 150.3, 185.3, 229.5, 220.1, 214.6, 8, 1917, 2256, 12, 
449, 174, 32, 1257, 1948, 851, 700, 11, 1, 1, 2, 2, 15, 2, 1, 
1, 2, 1, 100, 100, 100, 100, 100, 100, 100, 100, 100, 100, 100, 
2500, 2500, 2500, 2500, 2500, 2500, 2500, 2500, 2500, 2500, 2500, 
8731.938, 9120.15, 9530.787, 10181.697, 11195.716, 12108.948, 
12808.274, 13527.296, 13996.461, 17939.291, 18346.847, 1, 1, 
1, 1, 1, 1, 1, 1, 1, 1, 1, 0.33333, 0.33333, 0.33333, 0.33333, 
0.33333, 0.33333, 0.33333, 0.33333, 0.33333, 0.33333, 0.33333, 
0, 0, 0, 0, 0, 0, 0, 0, 0, 0, 0, 0, 0, 0, 0, 0, 0, 0, 0, 0, 0, 
0, 0.91632, 0.91165, 0.90664, 0.91091, 0.9085, 0.90966, 0.90988, 
0.91301, 0.9151, 0.91372, 0.91375, 0.91507, 0.90827, 0.90661, 
0.90992, 0.90587, 0.90884, 0.91143, 0.91445, 0.91579, 0.91437, 
0.9156, 0.0553, 0.065, 0.0741, 0.078, 0.0894, 0.1084, 0.118, 
0.1275, 0.1399, 0.1589, 0.1875, 137.4, 148.7, 157.8, 169, 183.2, 
196.1, 204.5, 212.5, 224.2, 240.8, 258.2, 1, 1, 1, 1, 1, 1, 1, 
1, 1, 1, 1, 1, 1, 1, 1, 1, 1, 1, 1, 1, 1, 1, 1, 1, 1, 1, 1, 1, 
1, 1, 1, 1, 1, 1, 1, 1, 1, 1, 1, 1, 1, 1, 1, 1, 3.135, 3.19, 
3.387, 3.392, 3.49, 3.867, 3.728, 3.982, 4.124, 4.197, 4.781), .Dim = c(11L, 
40L), .Dimnames = list(NULL, c("Sampling", "PSO.cost", "PSO.gamma", 
"PSO.data.balancing", "PSO.feature.selection", "PSO.valid.acc", 
"PSO.test.acc", "PSO.train.time", "PSO.n.support.vectors", "PSO.index", 
"PSO.n.solutions", "PSO.generations", "PSO.n.evaluations", "PSO.cpu.time", 
"RS.cost", "RS.gamma", "RS.data.balancing", "RS.feature.selection", 
"RS.valid.acc", "RS.test.acc", "RS.train.time", "RS.n.support.vectors", 
"RS.index", "RS.n.solutions", "RS.generations", "RS.n.evaluations", 
"RS.cpu.time", "DF.cost", "DF.gamma", "DF.data.balancing", "DF.feature.selection", 
"DF.valid.acc", "DF.test.acc", "DF.train.time", "DF.n.support.vectors", 
"DF.index", "DF.n.solutions", "DF.generations", "DF.n.evaluations", 
"DF.cpu.time")))
