full <-
structure(c(50, 55, 60, 65, 70, 75, 80, 85, 90, 95, 100, 2.94266, 
7.08713, 1.15881, 11.33743, 0.59774, 1.95241, 8.29017, 0.97789, 
2.95852, 3.95853, -0.43058, -1.48039, -1.9717, -1.44161, -4.15725, 
-1.73566, -0.63042, -3.18754, 0.12672, -2.97079, -3.6165, -0.4434, 
0, 0, 0, 0, 0, 0, 0, 0, 0, 0, 0, 0, 0, 0, 0, 0, 0, 0, 0, 0, 0, 
0, 0.91628, 0.91827, 0.91999, 0.91756, 0.92166, 0.9244, 0.91912, 
0.913, 0.91785, 0.91563, 0.91931, 0.91379, 0.91715, 0.9169, 0.90901, 
0.91726, 0.91944, 0.9145, 0.91298, 0.91374, 0.91303, 0.91498, 
0.0648, 0.1022, 0.0879, 0.4983, 0.1004, 0.1274, 0.2789, 0.1729, 
0.1746, 0.1992, 0.2042, 131, 142.2, 169.4, 156.6, 189.1, 218.1, 
191.7, 291.1, 211.7, 208.8, 301.6, 856, 1418, 88, 239, 1911, 
774, 29, 1446, 136, 1878, 141, 49, 7, 47, 157, 11, 93, 192, 40, 
306, 63, 405, 100, 100, 100, 100, 100, 100, 100, 100, 100, 100, 
100, 2500, 2500, 2500, 2500, 2500, 2500, 2500, 2500, 2500, 2500, 
2500, 11025.854, 9593.699, 20990.158, 21760.22, 11432.3, 10210.646, 
14962.234, 15523.213, 11219.388, 14012.697, 12506.02, 2.9619, 
7.85034, 6.32345, 11.69849, 1.86501, 3.04105, 3.06547, 1.16222, 
2.60843, 3.68796, 0.50402, -1.62716, -2.19402, -3.01272, -4.26257, 
-2.22934, -1.03182, -2.12852, -0.13562, -2.77558, -3.55691, -1.31746, 
0, 0, 0, 0, 0, 0, 0, 0, 0, 0, 0, 0, 0, 0, 0, 0, 0, 0, 0, 0, 0, 
0, 0.91504, 0.91605, 0.91899, 0.91756, 0.91991, 0.92358, 0.91989, 
0.91227, 0.91717, 0.91499, 0.9187, 0.91256, 0.91381, 0.91591, 
0.90901, 0.91551, 0.91698, 0.91604, 0.91226, 0.91374, 0.91303, 
0.91563, 0.0649, 0.1086, 0.1225, 0.5906, 0.1074, 0.1287, 0.1461, 
0.1641, 0.1691, 0.1981, 0.1918, 129.5, 141, 146.2, 157.1, 177.5, 
197.4, 196.2, 276.4, 211, 210.6, 267.9, 1753, 834, 1001, 618, 
1642, 1073, 2492, 776, 73, 679, 2047, 1, 2, 1, 2, 1, 1, 1, 1, 
3, 3, 1, 100, 100, 100, 100, 100, 100, 100, 100, 100, 100, 100, 
2500, 2500, 2500, 2500, 2500, 2500, 2500, 2500, 2500, 2500, 2500, 
10206.139, 10591.386, 11429.587, 12706.263, 12881.303, 14080.672, 
14558.673, 15397.715, 15070.479, 16567.713, 17193.03, 1, 1, 1, 
1, 1, 1, 1, 1, 1, 1, 1, 0.33333, 0.33333, 0.33333, 0.33333, 0.33333, 
0.33333, 0.33333, 0.33333, 0.33333, 0.33333, 0.33333, 0, 0, 0, 
0, 0, 0, 0, 0, 0, 0, 0, 0, 0, 0, 0, 0, 0, 0, 0, 0, 0, 0, 0.9089, 
0.91155, 0.91384, 0.90998, 0.91727, 0.9162, 0.91294, 0.9072, 
0.91442, 0.9124, 0.91686, 0.91012, 0.91159, 0.91285, 0.91186, 
0.91641, 0.91617, 0.91217, 0.91007, 0.9158, 0.91369, 0.9144, 
0.0626, 0.0711, 0.0781, 0.0894, 0.1009, 0.1111, 0.1239, 0.135, 
0.145, 0.1599, 0.1737, 144.4, 157.1, 169.5, 184.4, 192.1, 201.9, 
219, 222.4, 233.5, 245.2, 251.2, 1, 1, 1, 1, 1, 1, 1, 1, 1, 1, 
1, 1, 1, 1, 1, 1, 1, 1, 1, 1, 1, 1, 1, 1, 1, 1, 1, 1, 1, 1, 1, 
1, 1, 1, 1, 1, 1, 1, 1, 1, 1, 1, 1, 1, 3.371, 3.452, 3.53, 3.454, 
3.692, 3.747, 3.788, 3.901, 3.984, 4.218, 4.312), .Dim = c(11L, 
40L), .Dimnames = list(NULL, c("Sampling", "PSO.cost", "PSO.gamma", 
"PSO.data.balancing", "PSO.feature.selection", "PSO.valid.acc", 
"PSO.test.acc", "PSO.train.time", "PSO.n.support.vectors", "PSO.index", 
"PSO.n.solutions", "PSO.generations", "PSO.n.evaluations", "PSO.cpu.time", 
"RS.cost", "RS.gamma", "RS.data.balancing", "RS.feature.selection", 
"RS.valid.acc", "RS.test.acc", "RS.train.time", "RS.n.support.vectors", 
"RS.index", "RS.n.solutions", "RS.generations", "RS.n.evaluations", 
"RS.cpu.time", "DF.cost", "DF.gamma", "DF.data.balancing", "DF.feature.selection", 
"DF.valid.acc", "DF.test.acc", "DF.train.time", "DF.n.support.vectors", 
"DF.index", "DF.n.solutions", "DF.generations", "DF.n.evaluations", 
"DF.cpu.time")))
