full <-
structure(c(50, 55, 60, 65, 70, 75, 80, 85, 90, 95, 100, 6.17072, 
0.27085, 7.47384, 13.65779, 9.31458, 7.39256, 8.07823, 4.04936, 
5.69536, 0.22865, 8.56027, -4.57602, -0.67052, -3.68698, -5.89901, 
-5.13733, -4.2184, -4.69443, -2.67565, -3.65513, -0.66825, -4.39696, 
0, 0, 0, 0, 0, 0, 0, 0, 0, 0, 0, 0, 0, 0, 0, 0, 0, 0, 0, 0, 0, 
0, 0.91745, 0.91603, 0.91683, 0.9166, 0.91644, 0.91626, 0.91371, 
0.91381, 0.91785, 0.92149, 0.91805, 0.9138, 0.91157, 0.9117, 
0.90995, 0.91552, 0.91379, 0.91063, 0.9116, 0.91648, 0.91695, 
0.9119, 0.0978, 0.0813, 0.1612, 1.7045, 0.2981, 0.2376, 0.2924, 
0.185, 0.2401, 0.1913, 0.5076, 123.3, 184.6, 146.3, 151.8, 155.7, 
171.2, 179.5, 203.4, 205.1, 277.5, 220.2, 46, 1234, 229, 292, 
174, 562, 698, 492, 489, 1375, 582, 222, 37, 142, 202, 199, 144, 
88, 76, 331, 44, 67, 100, 100, 100, 100, 100, 100, 100, 100, 
100, 100, 100, 2500, 2500, 2500, 2500, 2500, 2500, 2500, 2500, 
2500, 2500, 2500, 11212.913, 12731.389, 11900.58, 31671.257, 
26610.748, 15876.917, 19973.045, 29563.939, 12353.692, 14696.032, 
26755.918, 12.37555, 0.00288, 7.55588, 13.05203, 13.07559, 8.81456, 
10.25331, 3.88338, 4.24206, 8.2048, 11.14622, -7.57786, -0.10233, 
-3.76036, -5.66145, -6.4093, -4.73695, -5.32077, -2.50832, -3.04826, 
-4.43654, -5.36617, 0, 0, 0, 0, 0, 0, 0, 0, 0, 0, 0, 0, 0, 0, 
0, 0, 0, 0, 0, 0, 0, 0, 0.91745, 0.9149, 0.91683, 0.9166, 0.91644, 
0.91626, 0.91295, 0.9131, 0.91716, 0.92086, 0.91744, 0.91258, 
0.91158, 0.91068, 0.9109, 0.91641, 0.91461, 0.9114, 0.9116, 0.91716, 
0.91629, 0.91189, 0.3749, 0.0879, 0.1702, 1.3189, 1.0118, 0.3446, 
0.545, 0.1848, 0.205, 0.4264, 1.1509, 111.4, 208.1, 146.8, 153.9, 
153, 169.8, 177.7, 207.5, 207.3, 208, 215.4, 81, 959, 2343, 566, 
240, 1629, 75, 316, 1459, 566, 1191, 9, 3, 1, 5, 9, 1, 4, 2, 
4, 2, 2, 100, 100, 100, 100, 100, 100, 100, 100, 100, 100, 100, 
2500, 2500, 2500, 2500, 2500, 2500, 2500, 2500, 2500, 2500, 2500, 
9794.513, 10733.96, 11065.451, 12343.238, 12448.738, 14052.662, 
14412.11, 15244.249, 15866.406, 17341.758, 17115.076, 1, 1, 1, 
1, 1, 1, 1, 1, 1, 1, 1, 0.33333, 0.33333, 0.33333, 0.33333, 0.33333, 
0.33333, 0.33333, 0.33333, 0.33333, 0.33333, 0.33333, 0, 0, 0, 
0, 0, 0, 0, 0, 0, 0, 0, 0, 0, 0, 0, 0, 0, 0, 0, 0, 0, 0, 0.91255, 
0.90933, 0.91171, 0.91093, 0.91288, 0.91215, 0.91063, 0.90946, 
0.91236, 0.9176, 0.91374, 0.9113, 0.91268, 0.9076, 0.91093, 0.91554, 
0.91379, 0.91294, 0.91015, 0.91442, 0.9176, 0.91251, 0.0656, 
0.073, 0.0796, 0.0913, 0.1028, 0.1168, 0.1287, 0.1402, 0.1487, 
0.1657, 0.186, 157.6, 164.4, 174.3, 187.1, 189.8, 208.5, 215.8, 
230, 237.7, 244.3, 258.1, 1, 1, 1, 1, 1, 1, 1, 1, 1, 1, 1, 1, 
1, 1, 1, 1, 1, 1, 1, 1, 1, 1, 1, 1, 1, 1, 1, 1, 1, 1, 1, 1, 1, 
1, 1, 1, 1, 1, 1, 1, 1, 1, 1, 1, 3.229, 3.329, 3.235, 3.562, 
3.634, 3.665, 3.852, 3.965, 3.834, 4.129, 4.409), .Dim = c(11L, 
40L), .Dimnames = list(NULL, c("Sampling", "PSO.cost", "PSO.gamma", 
"PSO.data.balancing", "PSO.feature.selection", "PSO.valid.acc", 
"PSO.test.acc", "PSO.train.time", "PSO.n.support.vectors", "PSO.index", 
"PSO.n.solutions", "PSO.generations", "PSO.n.evaluations", "PSO.cpu.time", 
"RS.cost", "RS.gamma", "RS.data.balancing", "RS.feature.selection", 
"RS.valid.acc", "RS.test.acc", "RS.train.time", "RS.n.support.vectors", 
"RS.index", "RS.n.solutions", "RS.generations", "RS.n.evaluations", 
"RS.cpu.time", "DF.cost", "DF.gamma", "DF.data.balancing", "DF.feature.selection", 
"DF.valid.acc", "DF.test.acc", "DF.train.time", "DF.n.support.vectors", 
"DF.index", "DF.n.solutions", "DF.generations", "DF.n.evaluations", 
"DF.cpu.time")))
