full <-
structure(c(50, 55, 60, 65, 70, 75, 80, 85, 90, 95, 100, 10.40872, 
12.81439, 2.41593, 3.74424, 5.06277, 11.86655, 15, 10.94393, 
3.74431, -0.29462, 4.46817, -2.77425, -6.27018, -0.69012, -1.83354, 
-2.054, -6.80859, -4.88867, -5.19376, -2.93142, -0.91253, -2.49631, 
0, 0, 0, 0, 0, 0, 0, 0, 0, 0, 0, 0, 0, 0, 0, 0, 0, 0, 0, 0, 0, 
0, 0.92877, 0.92402, 0.92918, 0.9242, 0.9252, 0.91948, 0.91989, 
0.91735, 0.91645, 0.91829, 0.91869, 0.91269, 0.91506, 0.92716, 
0.92136, 0.91904, 0.91703, 0.91453, 0.91443, 0.9144, 0.91634, 
0.91374, 0.0976, 0.3251, 0.0727, 0.0914, 0.1122, 0.7326, 4.2154, 
0.7662, 0.1726, 0.164, 0.2159, 110.5, 116.2, 159.2, 150.9, 157.1, 
159.7, 184.4, 188, 206.1, 272.2, 228.3, 2214, 695, 450, 639, 
1281, 1333, 465, 138, 577, 880, 2350, 4, 38, 720, 168, 35, 16, 
90, 155, 85, 234, 1, 100, 100, 100, 100, 100, 100, 100, 100, 
100, 100, 100, 2500, 2500, 2500, 2500, 2500, 2500, 2500, 2500, 
2500, 2500, 2500, 7904.106, 11240.652, 7796.113, 9167.072, 8500.674, 
21719.643, 58998.307, 23013.393, 13089.684, 12605.298, 15896.07, 
10.5891, 12.09262, 2.5398, 3.74699, 4.85196, 10.37606, 9.60406, 
11.09461, 0.67618, 14.08093, 5.04634, -2.86781, -6.03868, -0.63154, 
-1.90714, -1.91203, -6.14972, -3.54914, -5.15493, -0.94098, -4.61401, 
-2.82833, 0, 0, 0, 0, 0, 0, 0, 0, 0, 0, 0, 0, 0, 0, 0, 0, 0, 
0, 0, 0, 0, 0, 0.92636, 0.92291, 0.92816, 0.92325, 0.92345, 0.91947, 
0.92065, 0.91735, 0.91579, 0.91828, 0.91868, 0.9139, 0.91503, 
0.92716, 0.91946, 0.91816, 0.91703, 0.91375, 0.91371, 0.91098, 
0.91243, 0.91436, 0.1046, 0.2622, 0.0725, 0.0876, 0.1096, 0.4503, 
0.3812, 0.8237, 0.1577, 3.3273, 0.2275, 110.1, 116, 159.7, 149.7, 
159.7, 162.8, 187.7, 190.1, 260.6, 209.3, 223.5, 244, 1744, 1381, 
268, 1321, 2490, 2434, 1442, 1564, 1061, 1822, 1, 1, 3, 3, 1, 
1, 1, 2, 1, 1, 1, 100, 100, 100, 100, 100, 100, 100, 100, 100, 
100, 100, 2500, 2500, 2500, 2500, 2500, 2500, 2500, 2500, 2500, 
2500, 2500, 7565.594, 8258.179, 9054.517, 10118.008, 10465.033, 
13842.915, 12609.016, 14179.084, 14095.966, 15021.826, 16777.092, 
1, 1, 1, 1, 1, 1, 1, 1, 1, 1, 1, 0.33333, 0.33333, 0.33333, 0.33333, 
0.33333, 0.33333, 0.33333, 0.33333, 0.33333, 0.33333, 0.33333, 
0, 0, 0, 0, 0, 0, 0, 0, 0, 0, 0, 0, 0, 0, 0, 0, 0, 0, 0, 0, 0, 
0, 0.9201, 0.91955, 0.92204, 0.91757, 0.91991, 0.91454, 0.91526, 
0.91299, 0.91509, 0.91439, 0.91499, 0.91887, 0.91956, 0.9251, 
0.9204, 0.91901, 0.91784, 0.91527, 0.913, 0.91577, 0.91439, 0.91806, 
0.0459, 0.0533, 0.0639, 0.073, 0.0823, 0.1082, 0.114, 0.1245, 
0.1346, 0.151, 0.1639, 125.6, 138.6, 145.9, 166.9, 176.6, 204, 
216.2, 224.4, 234.7, 248.4, 255.8, 1, 1, 1, 1, 1, 1, 1, 1, 1, 
1, 1, 1, 1, 1, 1, 1, 1, 1, 1, 1, 1, 1, 1, 1, 1, 1, 1, 1, 1, 1, 
1, 1, 1, 1, 1, 1, 1, 1, 1, 1, 1, 1, 1, 1, 2.706, 2.728, 2.99, 
2.93, 3.037, 3.635, 3.576, 3.569, 3.545, 3.676, 4.08), .Dim = c(11L, 
40L), .Dimnames = list(NULL, c("Sampling", "PSO.cost", "PSO.gamma", 
"PSO.data.balancing", "PSO.feature.selection", "PSO.valid.acc", 
"PSO.test.acc", "PSO.train.time", "PSO.n.support.vectors", "PSO.index", 
"PSO.n.solutions", "PSO.generations", "PSO.n.evaluations", "PSO.cpu.time", 
"RS.cost", "RS.gamma", "RS.data.balancing", "RS.feature.selection", 
"RS.valid.acc", "RS.test.acc", "RS.train.time", "RS.n.support.vectors", 
"RS.index", "RS.n.solutions", "RS.generations", "RS.n.evaluations", 
"RS.cpu.time", "DF.cost", "DF.gamma", "DF.data.balancing", "DF.feature.selection", 
"DF.valid.acc", "DF.test.acc", "DF.train.time", "DF.n.support.vectors", 
"DF.index", "DF.n.solutions", "DF.generations", "DF.n.evaluations", 
"DF.cpu.time")))
