full <-
structure(c(50, 55, 60, 65, 70, 75, 80, 85, 90, 95, 100, 2.83168, 
9.50984, 4.88235, 8.28373, 10.1406, 0.53217, 14.1596, 2.37236, 
8.5949, 3.71842, 4.14322, -2.71191, -6.42844, -3.24037, -5.16144, 
-4.82784, -1.26054, -7.41635, -2.41975, -4.79108, -2.7422, -2.85514, 
0, 0, 0, 0, 0, 0, 0, 0, 0, 0, 0, 0, 0, 0, 0, 0, 0, 0, 0, 0, 0, 
0, 0.91507, 0.91157, 0.91695, 0.91373, 0.91728, 0.92197, 0.92074, 
0.91735, 0.9137, 0.91763, 0.91811, 0.91386, 0.91045, 0.9159, 
0.90712, 0.91548, 0.92115, 0.91455, 0.91445, 0.91165, 0.90918, 
0.91628, 0.0648, 0.1308, 0.0979, 0.17, 0.3038, 0.1103, 1.174, 
0.1446, 0.3552, 0.2079, 0.2335, 129.3, 121.5, 141.3, 148.2, 151.1, 
194.7, 159.5, 194, 194.8, 226.4, 223.6, 1612, 96, 1809, 2325, 
757, 1681, 1201, 754, 728, 1296, 306, 62, 146, 3, 170, 66, 6, 
22, 353, 88, 122, 258, 100, 100, 100, 100, 100, 100, 100, 100, 
100, 100, 100, 2500, 2500, 2500, 2500, 2500, 2500, 2500, 2500, 
2500, 2500, 2500, 8934.402, 11077.314, 10270.948, 14176.389, 
13588.536, 10730.909, 22767.652, 11303.975, 18462.119, 17111.22, 
15544.346, 5.64272, 8.14105, 6.76006, 7.91317, 5.48152, 1.23068, 
3.02195, 1.88212, 10.64952, 4.92294, 3.97232, -3.28096, -5.79526, 
-4.48776, -4.97454, -3.33105, -1.69135, -3.81579, -2.15063, -5.49617, 
-3.43939, -2.75178, 0, 0, 0, 0, 0, 0, 0, 0, 0, 0, 0, 0, 0, 0, 
0, 0, 0, 0, 0, 0, 0, 0, 0.91383, 0.91157, 0.91594, 0.91373, 0.91727, 
0.92114, 0.92071, 0.91662, 0.91233, 0.91568, 0.91811, 0.9126, 
0.91045, 0.91486, 0.90712, 0.91547, 0.92033, 0.9161, 0.91372, 
0.9103, 0.91309, 0.91505, 0.076, 0.1125, 0.1201, 0.1615, 0.1326, 
0.1109, 0.1181, 0.1401, 0.6184, 0.2353, 0.2278, 121.7, 123.9, 
136.3, 148.8, 156.6, 184.5, 164.8, 195.8, 193.9, 218.4, 224.5, 
161, 144, 106, 2382, 2423, 414, 1999, 24, 78, 777, 611, 3, 12, 
9, 4, 1, 1, 1, 3, 1, 1, 2, 100, 100, 100, 100, 100, 100, 100, 
100, 100, 100, 100, 2500, 2500, 2500, 2500, 2500, 2500, 2500, 
2500, 2500, 2500, 2500, 9685.766, 10100.628, 10591.858, 11369.807, 
11565.906, 12135.404, 12415.619, 13956.983, 15367.406, 18281.925, 
20617.422, 1, 1, 1, 1, 1, 1, 1, 1, 1, 1, 1, 0.33333, 0.33333, 
0.33333, 0.33333, 0.33333, 0.33333, 0.33333, 0.33333, 0.33333, 
0.33333, 0.33333, 0, 0, 0, 0, 0, 0, 0, 0, 0, 0, 0, 0, 0, 0, 0, 
0, 0, 0, 0, 0, 0, 0, 0.90772, 0.90932, 0.91081, 0.90994, 0.91374, 
0.91953, 0.91685, 0.91517, 0.90958, 0.91244, 0.91687, 0.9102, 
0.90932, 0.91284, 0.90712, 0.91287, 0.91869, 0.91533, 0.913, 
0.91097, 0.91179, 0.91686, 0.0597, 0.066, 0.0742, 0.0904, 0.0953, 
0.1048, 0.112, 0.1272, 0.1491, 0.173, 0.1824, 143.3, 151.2, 160.9, 
180.7, 183.8, 189.8, 199.1, 211.3, 235.3, 253.2, 253.2, 1, 1, 
1, 1, 1, 1, 1, 1, 1, 1, 1, 1, 1, 1, 1, 1, 1, 1, 1, 1, 1, 1, 1, 
1, 1, 1, 1, 1, 1, 1, 1, 1, 1, 1, 1, 1, 1, 1, 1, 1, 1, 1, 1, 1, 
3.521, 3.42, 3.526, 3.75, 3.705, 3.769, 3.755, 3.81, 4.009, 5.162, 
5.31), .Dim = c(11L, 40L), .Dimnames = list(NULL, c("Sampling", 
"PSO.cost", "PSO.gamma", "PSO.data.balancing", "PSO.feature.selection", 
"PSO.valid.acc", "PSO.test.acc", "PSO.train.time", "PSO.n.support.vectors", 
"PSO.index", "PSO.n.solutions", "PSO.generations", "PSO.n.evaluations", 
"PSO.cpu.time", "RS.cost", "RS.gamma", "RS.data.balancing", "RS.feature.selection", 
"RS.valid.acc", "RS.test.acc", "RS.train.time", "RS.n.support.vectors", 
"RS.index", "RS.n.solutions", "RS.generations", "RS.n.evaluations", 
"RS.cpu.time", "DF.cost", "DF.gamma", "DF.data.balancing", "DF.feature.selection", 
"DF.valid.acc", "DF.test.acc", "DF.train.time", "DF.n.support.vectors", 
"DF.index", "DF.n.solutions", "DF.generations", "DF.n.evaluations", 
"DF.cpu.time")))
