full <-
structure(c(50, 55, 60, 65, 70, 75, 80, 85, 90, 95, 100, 10.91597, 
9.99861, 15, 8.20882, 15, 8.42242, 3.01801, 11.42292, 5.32162, 
11.33285, 12.46128, -9.35198, -11.26797, -11.46216, -9.16679, 
-12.8386, -10.45051, -6.01, -11.46108, -7.95042, -14.22824, -15, 
0, 0, 0, 0, 0, 0, 0, 0, 0, 0, 0, 0, 0, 0, 0, 0, 0, 0, 0, 0, 0, 
0, 0.8836, 0.87775, 0.86707, 0.88143, 0.88113, 0.88926, 0.85704, 
0.8649, 0.86585, 0.86997, 0.87419, 0.89694, 0.87775, 0.85001, 
0.87143, 0.88091, 0.86749, 0.84104, 0.86119, 0.8587, 0.87009, 
0.86452, 0.014, 0.0133, 0.0184, 0.0167, 0.0166, 0.0193, 0.0198, 
0.0194, 0.0203, 0.0222, 0.0216, 43.1, 55.9, 48, 64, 55.6, 79.2, 
100.5, 77.2, 102.6, 109.3, 108.2, 1781, 36, 692, 616, 171, 226, 
2039, 281, 252, 222, 144, 10, 340, 78, 109, 932, 74, 2, 69, 304, 
193, 200, 100, 100, 100, 100, 100, 100, 100, 100, 100, 100, 100, 
2500, 2500, 2500, 2500, 2500, 2500, 2500, 2500, 2500, 2500, 2500, 
7374.231, 7363.394, 7553.056, 7565.358, 7515.167, 7485.727, 7690.591, 
7540.947, 7495.723, 7551.54800000001, 7388.068, 12.47661, 4.76266, 
1.94275, 8.8373, 14.94705, 9.18255, 1.41914, 9.78983, 9.48858, 
8.66904, 7.57968, -13.28478, -6.30807, -1.00482, -10.18333, -12.59469, 
-11.2386, -3.51627, -10.54028, -12.0335, -11.37887, -10.97713, 
0, 0, 0, 0, 0, 0, 0, 0, 0, 0, 0, 0, 0, 0, 0, 0, 0, 0, 0, 0, 0, 
0, 0.8836, 0.87844, 0.8706, 0.87667, 0.88113, 0.88926, 0.86088, 
0.8649, 0.86585, 0.86997, 0.87097, 0.88949, 0.86525, 0.84916, 
0.87643, 0.88091, 0.86749, 0.85688, 0.86119, 0.8518, 0.86664, 
0.86129, 0.0126, 0.0152, 0.018, 0.0152, 0.0173, 0.0202, 0.0182, 
0.0186, 0.0199, 0.0218, 0.0229, 49.7, 59.5, 104.2, 66.4, 55.2, 
79.4, 99.7, 80.6, 100.4, 107, 121.5, 21, 1833, 1475, 1481, 976, 
1420, 776, 908, 303, 702, 178, 26, 2, 1, 3, 2, 2, 1, 1, 8, 6, 
59, 100, 100, 100, 100, 100, 100, 100, 100, 100, 100, 100, 2500, 
2500, 2500, 2500, 2500, 2500, 2500, 2500, 2500, 2500, 2500, 7415.891, 
7489.823, 7643.147, 7599.619, 7677.874, 7657.06299999999, 7726.189, 
7659.49100000001, 7722.05100000001, 7704.484, 7676.63100000002, 
1, 1, 1, 1, 1, 1, 1, 1, 1, 1, 1, 0.16667, 0.16667, 0.16667, 0.16667, 
0.16667, 0.16667, 0.16667, 0.16667, 0.16667, 0.16667, 0.16667, 
0, 0, 0, 0, 0, 0, 0, 0, 0, 0, 0, 0, 0, 0, 0, 0, 0, 0, 0, 0, 0, 
0, 0.86282, 0.82947, 0.85011, 0.8526, 0.854, 0.84613, 0.84073, 
0.84197, 0.83405, 0.82307, 0.84839, 0.8636, 0.8416, 0.85011, 
0.8326, 0.85813, 0.83798, 0.84104, 0.83471, 0.82716, 0.83975, 
0.84839, 0.0155, 0.0154, 0.0155, 0.0172, 0.0167, 0.0191, 0.02, 
0.0208, 0.0228, 0.0235, 0.024, 76.9, 81.6, 90.1, 96.1, 101.2, 
106.9, 115.3, 120.2, 129.4, 133, 136.3, 1, 1, 1, 1, 1, 1, 1, 
1, 1, 1, 1, 1, 1, 1, 1, 1, 1, 1, 1, 1, 1, 1, 1, 1, 1, 1, 1, 1, 
1, 1, 1, 1, 1, 1, 1, 1, 1, 1, 1, 1, 1, 1, 1, 1, 3.041, 2.879, 
3.056, 2.962, 2.948, 3.025, 3.032, 2.875, 2.975, 3.1, 3.005), .Dim = c(11L, 
40L), .Dimnames = list(NULL, c("Sampling", "PSO.cost", "PSO.gamma", 
"PSO.data.balancing", "PSO.feature.selection", "PSO.valid.acc", 
"PSO.test.acc", "PSO.train.time", "PSO.n.support.vectors", "PSO.index", 
"PSO.n.solutions", "PSO.generations", "PSO.n.evaluations", "PSO.cpu.time", 
"RS.cost", "RS.gamma", "RS.data.balancing", "RS.feature.selection", 
"RS.valid.acc", "RS.test.acc", "RS.train.time", "RS.n.support.vectors", 
"RS.index", "RS.n.solutions", "RS.generations", "RS.n.evaluations", 
"RS.cpu.time", "DF.cost", "DF.gamma", "DF.data.balancing", "DF.feature.selection", 
"DF.valid.acc", "DF.test.acc", "DF.train.time", "DF.n.support.vectors", 
"DF.index", "DF.n.solutions", "DF.generations", "DF.n.evaluations", 
"DF.cpu.time")))
