full <-
structure(c(50, 55, 60, 65, 70, 75, 80, 85, 90, 95, 100, 1.38703, 
7.95539, 12.3281, 12.6547, 5.57386, 9.42822, 7.04594, 9.01037, 
9.10138, 13.79591, 7.43893, -1.65223, -7.04528, -11.6234, -13.52664, 
-6.88306, -7.43722, -7.73276, -11.7023, -10.14563, -13.46719, 
-8.77131, 0, 0, 0, 0, 0, 0, 0, 0, 0, 0, 0, 0, 0, 0, 0, 0, 0, 
0, 0, 0, 0, 0, 0.88598, 0.8877, 0.87289, 0.88291, 0.88147, 0.89399, 
0.89208, 0.87591, 0.87635, 0.86621, 0.87419, 0.85978, 0.85784, 
0.86733, 0.87313, 0.86327, 0.87658, 0.86854, 0.86122, 0.86231, 
0.85276, 0.86452, 0.015, 0.0144, 0.015, 0.0159, 0.0155, 0.0167, 
0.0173, 0.0198, 0.0197, 0.0212, 0.021, 77.9, 48.3, 49.9, 61.8, 
72, 61.2, 74.4, 95.4, 86.9, 80, 95.7, 38, 539, 225, 138, 530, 
519, 430, 61, 791, 219, 88, 389, 199, 118, 84, 153, 212, 157, 
178, 55, 95, 317, 100, 100, 100, 100, 100, 100, 100, 100, 100, 
100, 100, 2500, 2500, 2500, 2500, 2500, 2500, 2500, 2500, 2500, 
2500, 2500, 7597.706, 7663.264, 7550.72, 7637.347, 7273.95499999999, 
7289.359, 7040.36199999999, 7299.709, 7324.171, 7375.514, 7299.38399999999, 
1.21495, 7.15374, 13.21962, 11.87502, 6.0181, 8.37718, 9.56157, 
11.63049, 9.01598, 6.13526, 7.28566, -1.81864, -6.34083, -12.01912, 
-12.79732, -7.29346, -6.736, -9.81227, -14.3114, -10.19386, -8.05887, 
-9.266, 0, 0, 0, 0, 0, 0, 0, 0, 0, 0, 0, 0, 0, 0, 0, 0, 0, 0, 
0, 0, 0, 0, 0.88598, 0.88178, 0.8726, 0.88291, 0.88147, 0.88964, 
0.88808, 0.87591, 0.87635, 0.86621, 0.87419, 0.85432, 0.85229, 
0.8726, 0.87313, 0.86327, 0.88547, 0.87638, 0.86122, 0.86231, 
0.84943, 0.87097, 0.0146, 0.0144, 0.015, 0.0156, 0.0161, 0.0173, 
0.0172, 0.0188, 0.0193, 0.0201, 0.0219, 75.5, 48.7, 48.5, 62, 
71.3, 62.9, 69.9, 95.1, 87.7, 98.8, 101.9, 103, 48, 131, 199, 
1612, 222, 62, 611, 2415, 692, 12, 2, 7, 3, 4, 2, 4, 23, 6, 1, 
3, 24, 100, 100, 100, 100, 100, 100, 100, 100, 100, 100, 100, 
2500, 2500, 2500, 2500, 2500, 2500, 2500, 2500, 2500, 2500, 2500, 
7625.919, 7718.763, 7545.95400000001, 7647.697, 7331.39599999999, 
7183.175, 7418.12, 7507.50900000001, 7523.32200000001, 7542.951, 
7536.769, 1, 1, 1, 1, 1, 1, 1, 1, 1, 1, 1, 0.16667, 0.16667, 
0.16667, 0.16667, 0.16667, 0.16667, 0.16667, 0.16667, 0.16667, 
0.16667, 0.16667, 0, 0, 0, 0, 0, 0, 0, 0, 0, 0, 0, 0, 0, 0, 0, 
0, 0, 0, 0, 0, 0, 0, 0.84051, 0.82382, 0.82491, 0.85648, 0.82686, 
0.85557, 0.85622, 0.8394, 0.83791, 0.83632, 0.83548, 0.80039, 
0.82283, 0.83514, 0.83717, 0.83662, 0.85973, 0.85654, 0.83927, 
0.83791, 0.82632, 0.82581, 0.0147, 0.0143, 0.0162, 0.0159, 0.0175, 
0.0183, 0.0191, 0.02, 0.0218, 0.0221, 0.0233, 76.3, 82, 84.8, 
92, 100.2, 106.6, 110.9, 117.7, 124.4, 131.4, 136.2, 1, 1, 1, 
1, 1, 1, 1, 1, 1, 1, 1, 1, 1, 1, 1, 1, 1, 1, 1, 1, 1, 1, 1, 1, 
1, 1, 1, 1, 1, 1, 1, 1, 1, 1, 1, 1, 1, 1, 1, 1, 1, 1, 1, 1, 2.988, 
2.864, 3.176, 2.871, 3.031, 2.913, 3.014, 2.863, 3.007, 2.805, 
2.857), .Dim = c(11L, 40L), .Dimnames = list(NULL, c("Sampling", 
"PSO.cost", "PSO.gamma", "PSO.data.balancing", "PSO.feature.selection", 
"PSO.valid.acc", "PSO.test.acc", "PSO.train.time", "PSO.n.support.vectors", 
"PSO.index", "PSO.n.solutions", "PSO.generations", "PSO.n.evaluations", 
"PSO.cpu.time", "RS.cost", "RS.gamma", "RS.data.balancing", "RS.feature.selection", 
"RS.valid.acc", "RS.test.acc", "RS.train.time", "RS.n.support.vectors", 
"RS.index", "RS.n.solutions", "RS.generations", "RS.n.evaluations", 
"RS.cpu.time", "DF.cost", "DF.gamma", "DF.data.balancing", "DF.feature.selection", 
"DF.valid.acc", "DF.test.acc", "DF.train.time", "DF.n.support.vectors", 
"DF.index", "DF.n.solutions", "DF.generations", "DF.n.evaluations", 
"DF.cpu.time")))
