full <-
structure(c(50, 55, 60, 65, 70, 75, 80, 85, 90, 95, 100, 4.2322, 
5.17265, 4.54004, 4.05461, 2.05836, 5.70828, 4.46073, 9.15995, 
2.73881, 8.33875, 12.53041, -6.47779, -6.33281, -5.85118, -5.49964, 
-4.84464, -7.68705, -6.58136, -7.28565, -5.14645, -9.43084, -13.96316, 
0, 0, 0, 0, 0, 0, 0, 0, 0, 0, 0, 0, 0, 0, 0, 0, 0, 0, 0, 0, 0, 
0, 0.90444, 0.89473, 0.9089, 0.89683, 0.89121, 0.87986, 0.881, 
0.86177, 0.87394, 0.87058, 0.87742, 0.87819, 0.87672, 0.90397, 
0.88254, 0.84985, 0.86682, 0.861, 0.83807, 0.87023, 0.85046, 
0.85484, 0.0138, 0.0132, 0.0142, 0.0158, 0.0165, 0.0171, 0.0204, 
0.0206, 0.0223, 0.0238, 0.0215, 65.3, 57.1, 61.9, 68.3, 90.3, 
80, 88.1, 72.1, 104.4, 91.2, 96.3, 612, 433, 950, 1107, 1452, 
1007, 1332, 681, 2127, 33, 163, 174, 174, 81, 32, 36, 8, 40, 
119, 1, 357, 265, 100, 100, 100, 100, 100, 100, 100, 100, 100, 
100, 100, 2500, 2500, 2500, 2500, 2500, 2500, 2500, 2500, 2500, 
2500, 2500, 7827.72, 6652.793, 7175.323, 7231.383, 7375.235, 
7484.302, 7476.30100000001, 7901.63500000001, 8026.431, 7612.908, 
7502.68899999998, 3.37741, 6.03298, 3.75104, 3.60559, 4.36374, 
7.46922, 4.35211, 9.14808, 10.3619, 8.63132, 13.04579, -5.76661, 
-7.1371, -4.72687, -5.17397, -6.65253, -9.68412, -6.4928, -7.2313, 
-10.95223, -10.02052, -14.47311, 0, 0, 0, 0, 0, 0, 0, 0, 0, 0, 
0, 0, 0, 0, 0, 0, 0, 0, 0, 0, 0, 0, 0.89777, 0.89473, 0.9089, 
0.89683, 0.88686, 0.87968, 0.881, 0.86177, 0.87715, 0.87058, 
0.87742, 0.87819, 0.87083, 0.90397, 0.87754, 0.8726, 0.87533, 
0.861, 0.83807, 0.86654, 0.85046, 0.85484, 0.0151, 0.0141, 0.0166, 
0.016, 0.018, 0.0169, 0.0185, 0.0187, 0.0213, 0.0207, 0.0215, 
67.3, 56.1, 63, 69.8, 79.8, 82.4, 88.1, 71.9, 84.1, 93.2, 96.1, 
30, 1143, 856, 1458, 340, 154, 2215, 114, 1145, 56, 194, 6, 1, 
1, 2, 1, 22, 1, 1, 1, 4, 3, 100, 100, 100, 100, 100, 100, 100, 
100, 100, 100, 100, 2500, 2500, 2500, 2500, 2500, 2500, 2500, 
2500, 2500, 2500, 2500, 7243.848, 6977.26, 7173.243, 7303.69, 
7498.08300000001, 7614.48599999999, 7836.79300000001, 8033.78200000001, 
7953.14, 7839.345, 7775.53999999998, 1, 1, 1, 1, 1, 1, 1, 1, 
1, 1, 1, 0.16667, 0.16667, 0.16667, 0.16667, 0.16667, 0.16667, 
0.16667, 0.16667, 0.16667, 0.16667, 0.16667, 0, 0, 0, 0, 0, 0, 
0, 0, 0, 0, 0, 0, 0, 0, 0, 0, 0, 0, 0, 0, 0, 0, 0.83944, 0.85347, 
0.85533, 0.85202, 0.8453, 0.83832, 0.82897, 0.82809, 0.8387, 
0.82723, 0.83226, 0.82652, 0.85282, 0.85007, 0.86754, 0.85398, 
0.85483, 0.82513, 0.83155, 0.85644, 0.83013, 0.83871, 0.0137, 
0.0151, 0.017, 0.0179, 0.018, 0.0213, 0.0192, 0.0229, 0.0219, 
0.0237, 0.0262, 83.9, 87, 94, 99.2, 105, 109.4, 116.9, 124.5, 
129.7, 134.3, 136.3, 1, 1, 1, 1, 1, 1, 1, 1, 1, 1, 1, 1, 1, 1, 
1, 1, 1, 1, 1, 1, 1, 1, 1, 1, 1, 1, 1, 1, 1, 1, 1, 1, 1, 1, 1, 
1, 1, 1, 1, 1, 1, 1, 1, 1, 2.519, 2.862, 2.833, 2.852, 3.087, 
3.123, 2.875, 3.352, 3.06, 2.964, 2.976), .Dim = c(11L, 40L), .Dimnames = list(
    NULL, c("Sampling", "PSO.cost", "PSO.gamma", "PSO.data.balancing", 
    "PSO.feature.selection", "PSO.valid.acc", "PSO.test.acc", 
    "PSO.train.time", "PSO.n.support.vectors", "PSO.index", "PSO.n.solutions", 
    "PSO.generations", "PSO.n.evaluations", "PSO.cpu.time", "RS.cost", 
    "RS.gamma", "RS.data.balancing", "RS.feature.selection", 
    "RS.valid.acc", "RS.test.acc", "RS.train.time", "RS.n.support.vectors", 
    "RS.index", "RS.n.solutions", "RS.generations", "RS.n.evaluations", 
    "RS.cpu.time", "DF.cost", "DF.gamma", "DF.data.balancing", 
    "DF.feature.selection", "DF.valid.acc", "DF.test.acc", "DF.train.time", 
    "DF.n.support.vectors", "DF.index", "DF.n.solutions", "DF.generations", 
    "DF.n.evaluations", "DF.cpu.time")))
