full <-
structure(c(50, 55, 60, 65, 70, 75, 80, 85, 90, 95, 100, 15, 
14.45673, 12.19964, 9.21262, 11.86125, 12.54544, 6.076, 7.86961, 
6.9898, 13.52039, 5.50193, -13.14907, -13.17089, -8.08959, -11.51203, 
-14.59741, -15, -7.96175, -10.47891, -9.38122, -15, -8.17413, 
0, 0, 0, 0, 0, 0, 0, 0, 0, 0, 0, 0, 0, 0, 0, 0, 0, 0, 0, 0, 0, 
0, 0.82458, 0.85408, 0.84383, 0.85762, 0.86265, 0.85422, 0.86135, 
0.85487, 0.86253, 0.87037, 0.85806, 0.81125, 0.81283, 0.80667, 
0.84762, 0.85876, 0.85006, 0.84983, 0.83222, 0.85551, 0.85714, 
0.85484, 0.0142, 0.0138, 0.017, 0.0162, 0.0166, 0.0173, 0.0178, 
0.0194, 0.0198, 0.0208, 0.0217, 52.2, 55.1, 58.9, 80.8, 88, 88.1, 
87.5, 100.8, 100.1, 94.5, 110.3, 1084, 138, 6, 8, 121, 70, 32, 
56, 425, 85, 92, 15, 156, 258, 306, 37, 670, 156, 181, 41, 201, 
85, 100, 100, 100, 100, 100, 100, 100, 100, 100, 100, 100, 2500, 
2500, 2500, 2500, 2500, 2500, 2500, 2500, 2500, 2500, 2500, 6339.016, 
6345.395, 6383.034, 6588.424, 6624.06600000001, 6630.599, 6679.20199999999, 
6720.209, 6706.575, 6713.36199999999, 6787.27000000002, 2.82367, 
14.274, 10.15256, 10.61189, 11.67208, 12.42895, 7.48582, 11.92155, 
6.55808, 12.10389, 4.9312, -4.69262, -12.98513, -7.17762, -12.7192, 
-14.39956, -14.37763, -9.41163, -14.56938, -9.00166, -13.54209, 
-7.30457, 0, 0, 0, 0, 0, 0, 0, 0, 0, 0, 0, 0, 0, 0, 0, 0, 0, 
0, 0, 0, 0, 0, 0.82458, 0.85408, 0.84383, 0.85762, 0.86265, 0.85422, 
0.86135, 0.85487, 0.86253, 0.87037, 0.85806, 0.78458, 0.81283, 
0.79585, 0.85762, 0.85876, 0.8544, 0.85383, 0.83222, 0.85909, 
0.85714, 0.85484, 0.0136, 0.015, 0.0155, 0.0158, 0.0167, 0.0171, 
0.0181, 0.0193, 0.0197, 0.0203, 0.021, 72.2, 55.1, 59.4, 78.7, 
87.9, 83.7, 87.9, 101.6, 101, 94.3, 108.3, 904, 341, 329, 170, 
365, 135, 154, 84, 1223, 40, 26, 2, 5, 9, 20, 1, 20, 14, 13, 
2, 4, 15, 100, 100, 100, 100, 100, 100, 100, 100, 100, 100, 100, 
2500, 2500, 2500, 2500, 2500, 2500, 2500, 2500, 2500, 2500, 2500, 
6393.529, 6381.872, 6556.421, 6707.015, 6722.769, 6758.04700000001, 
6843.364, 6877.78999999999, 6895.791, 6953.12000000001, 6984.38700000002, 
1, 1, 1, 1, 1, 1, 1, 1, 1, 1, 1, 0.16667, 0.16667, 0.16667, 0.16667, 
0.16667, 0.16667, 0.16667, 0.16667, 0.16667, 0.16667, 0.16667, 
0, 0, 0, 0, 0, 0, 0, 0, 0, 0, 0, 0, 0, 0, 0, 0, 0, 0, 0, 0, 0, 
0, 0.78458, 0.80829, 0.78561, 0.80762, 0.81275, 0.81998, 0.82149, 
0.82013, 0.82399, 0.83669, 0.82903, 0.78583, 0.79097, 0.7695, 
0.81762, 0.81801, 0.83301, 0.83767, 0.80915, 0.82423, 0.85003, 
0.82903, 0.0139, 0.0147, 0.0154, 0.0166, 0.0175, 0.0183, 0.0192, 
0.0202, 0.0222, 0.0227, 0.0237, 88.6, 91.9, 98.5, 99.9, 106.1, 
110.8, 115.6, 123.1, 127.5, 133, 136.3, 1, 1, 1, 1, 1, 1, 1, 
1, 1, 1, 1, 1, 1, 1, 1, 1, 1, 1, 1, 1, 1, 1, 1, 1, 1, 1, 1, 1, 
1, 1, 1, 1, 1, 1, 1, 1, 1, 1, 1, 1, 1, 1, 1, 1, 2.588, 2.49, 
2.64, 2.647, 2.662, 2.671, 2.671, 2.654, 2.683, 2.729, 2.705), .Dim = c(11L, 
40L), .Dimnames = list(NULL, c("Sampling", "PSO.cost", "PSO.gamma", 
"PSO.data.balancing", "PSO.feature.selection", "PSO.valid.acc", 
"PSO.test.acc", "PSO.train.time", "PSO.n.support.vectors", "PSO.index", 
"PSO.n.solutions", "PSO.generations", "PSO.n.evaluations", "PSO.cpu.time", 
"RS.cost", "RS.gamma", "RS.data.balancing", "RS.feature.selection", 
"RS.valid.acc", "RS.test.acc", "RS.train.time", "RS.n.support.vectors", 
"RS.index", "RS.n.solutions", "RS.generations", "RS.n.evaluations", 
"RS.cpu.time", "DF.cost", "DF.gamma", "DF.data.balancing", "DF.feature.selection", 
"DF.valid.acc", "DF.test.acc", "DF.train.time", "DF.n.support.vectors", 
"DF.index", "DF.n.solutions", "DF.generations", "DF.n.evaluations", 
"DF.cpu.time")))
