full <-
structure(c(50, 55, 60, 65, 70, 75, 80, 85, 90, 95, 100, 15, 
7.12187, 13.11026, 5.48843, 7.71801, 5.49023, 10.2554, 4.34236, 
14.41878, 11.31052, 8.3695, -10.72333, -9.8395, -14.33651, -4.98229, 
-10.03356, -7.12821, -12.11362, -6.80605, -9.27499, -10.66508, 
-9.19557, 0, 0, 0, 0, 0, 0, 0, 0, 0, 0, 0, 0, 0, 0, 0, 0, 0, 
0, 0, 0, 0, 0, 0.90333, 0.90146, 0.89182, 0.90143, 0.86702, 0.87591, 
0.8689, 0.87625, 0.86254, 0.86959, 0.87742, 0.89042, 0.8841, 
0.87018, 0.8769, 0.85791, 0.85453, 0.86074, 0.85756, 0.81635, 
0.85969, 0.86129, 0.0161, 0.0148, 0.0149, 0.016, 0.0168, 0.0166, 
0.0179, 0.0187, 0.0302, 0.0199, 0.0193, 38.3, 68.1, 59.6, 59.7, 
78.9, 78.7, 82.5, 95.3, 74.3, 80.8, 92.4, 162, 22, 79, 1159, 
47, 1330, 526, 2373, 299, 376, 57, 937, 187, 350, 66, 112, 36, 
56, 1, 114, 265, 71, 100, 100, 100, 100, 100, 100, 100, 100, 
100, 100, 100, 2500, 2500, 2500, 2500, 2500, 2500, 2500, 2500, 
2500, 2500, 2500, 7376.225, 7609.075, 7490.521, 7577.273, 7502.75199999999, 
7156.62699999999, 7204.155, 7222.584, 7547.49000000001, 7277.93700000001, 
7321.177, 13.55154, 9.36154, 13.36255, 5.73208, 7.21844, 7.51212, 
9.54399, 4.51176, 11.99719, 10.84702, 4.95832, -12.55601, -12.26294, 
-14.41116, -5.11666, -9.55763, -10.0341, -11.32789, -6.96569, 
-8.01692, -10.16356, -6.44398, 0, 0, 0, 0, 0, 0, 0, 0, 0, 0, 
0, 0, 0, 0, 0, 0, 0, 0, 0, 0, 0, 0, 0.89708, 0.90146, 0.89182, 
0.90143, 0.86702, 0.87156, 0.8689, 0.87254, 0.8591, 0.86959, 
0.88065, 0.88417, 0.87822, 0.87018, 0.8769, 0.85791, 0.86304, 
0.86474, 0.85371, 0.81635, 0.85612, 0.86774, 0.0127, 0.0144, 
0.0152, 0.0155, 0.0165, 0.0175, 0.0174, 0.0189, 0.0234, 0.0202, 
0.0216, 40, 70.3, 58.3, 58.6, 79.5, 84.2, 81.8, 94.7, 74.6, 80.7, 
100.3, 267, 24, 237, 180, 161, 28, 62, 263, 146, 567, 1340, 24, 
14, 9, 3, 3, 12, 8, 1, 11, 2, 1, 100, 100, 100, 100, 100, 100, 
100, 100, 100, 100, 100, 2500, 2500, 2500, 2500, 2500, 2500, 
2500, 2500, 2500, 2500, 2500, 7455.592, 7593.776, 7624.919, 7614.20600000001, 
7426.73300000001, 7324.18700000001, 7333.091, 7405.59299999999, 
7517.094, 7415, 7444.46900000001, 1, 1, 1, 1, 1, 1, 1, 1, 1, 
1, 1, 0.16667, 0.16667, 0.16667, 0.16667, 0.16667, 0.16667, 0.16667, 
0.16667, 0.16667, 0.16667, 0.16667, 0, 0, 0, 0, 0, 0, 0, 0, 0, 
0, 0, 0, 0, 0, 0, 0, 0, 0, 0, 0, 0, 0, 0.85167, 0.8421, 0.84504, 
0.86738, 0.82214, 0.83315, 0.84442, 0.83476, 0.82707, 0.83948, 
0.84516, 0.845, 0.85391, 0.84975, 0.86738, 0.84467, 0.82899, 
0.82888, 0.83792, 0.82693, 0.83257, 0.84516, 0.0155, 0.0144, 
0.017, 0.0174, 0.0167, 0.0183, 0.0192, 0.0197, 0.0204, 0.0224, 
0.0236, 78.5, 85, 91.9, 98, 102.1, 107.1, 111.6, 118.7, 126.4, 
131.1, 136.8, 1, 1, 1, 1, 1, 1, 1, 1, 1, 1, 1, 1, 1, 1, 1, 1, 
1, 1, 1, 1, 1, 1, 1, 1, 1, 1, 1, 1, 1, 1, 1, 1, 1, 1, 1, 1, 1, 
1, 1, 1, 1, 1, 1, 1, 3.185, 2.909, 3.177, 3.091, 2.711, 2.9, 
2.814, 2.855, 2.809, 2.996, 2.916), .Dim = c(11L, 40L), .Dimnames = list(
    NULL, c("Sampling", "PSO.cost", "PSO.gamma", "PSO.data.balancing", 
    "PSO.feature.selection", "PSO.valid.acc", "PSO.test.acc", 
    "PSO.train.time", "PSO.n.support.vectors", "PSO.index", "PSO.n.solutions", 
    "PSO.generations", "PSO.n.evaluations", "PSO.cpu.time", "RS.cost", 
    "RS.gamma", "RS.data.balancing", "RS.feature.selection", 
    "RS.valid.acc", "RS.test.acc", "RS.train.time", "RS.n.support.vectors", 
    "RS.index", "RS.n.solutions", "RS.generations", "RS.n.evaluations", 
    "RS.cpu.time", "DF.cost", "DF.gamma", "DF.data.balancing", 
    "DF.feature.selection", "DF.valid.acc", "DF.test.acc", "DF.train.time", 
    "DF.n.support.vectors", "DF.index", "DF.n.solutions", "DF.generations", 
    "DF.n.evaluations", "DF.cpu.time")))
