full <-
structure(c(50, 55, 60, 65, 70, 75, 80, 85, 90, 95, 100, 15, 
6.74148, 7.05589, 9.50924, 8.2934, 5.52703, 14.98284, 7.04125, 
2.85428, 5.1998, 11.188, -12.99505, -8.52992, -10.07736, -10.11692, 
-11.13121, -8.92571, -11.95386, -9.22919, -3.80074, -8.1409, 
-14.51588, 0, 0, 0, 0, 0, 0, 0, 0, 0, 0, 0, 0, 0, 0, 0, 0, 0, 
0, 0, 0, 0, 0, 0.88407, 0.86532, 0.86608, 0.87738, 0.86677, 0.85996, 
0.86121, 0.88, 0.85858, 0.86669, 0.87419, 0.87824, 0.8473, 0.85, 
0.87762, 0.86699, 0.84746, 0.85705, 0.88, 0.84109, 0.86003, 0.86129, 
0.0128, 0.0126, 0.0136, 0.0138, 0.0099, 0.0165, 0.0217, 0.0182, 
0.0192, 0.0193, 0.0222, 39, 57.2, 68.8, 55.8, 77.6, 91.5, 63.2, 
94.7, 99.6, 111.4, 119.5, 175, 346, 287, 35, 120, 296, 1430, 
444, 217, 418, 87, 1166, 79, 28, 142, 274, 60, 19, 99, 62, 201, 
227, 100, 100, 100, 100, 100, 100, 100, 100, 100, 100, 100, 2500, 
2500, 2500, 2500, 2500, 2500, 2500, 2500, 2500, 2500, 2500, 6194.138, 
6100.795, 6351.515, 6106.24, 6098.519, 6275.678, 8474.36199999999, 
6456.25900000001, 6461.92, 6655.33099999999, 6595.98500000002, 
14.75931, 6.59168, 9.07055, 9.45091, 11.42479, 5.97776, 8.14764, 
8.17348, 3.02635, 5.15632, 8.06477, -13.22084, -6.05163, -8.80064, 
-10.10605, -14.46914, -9.39814, -8.27472, -10.55404, -3.90413, 
-8.13734, -11.29732, 0, 0, 0, 0, 0, 0, 0, 0, 0, 0, 0, 0, 0, 0, 
0, 0, 0, 0, 0, 0, 0, 0, 0.88407, 0.86532, 0.86579, 0.87738, 0.86677, 
0.85996, 0.86121, 0.88, 0.85858, 0.86669, 0.87419, 0.87824, 0.83554, 
0.87164, 0.87762, 0.86181, 0.84746, 0.85304, 0.86874, 0.84109, 
0.86325, 0.85806, 0.0122, 0.0128, 0.0132, 0.0131, 0.0152, 0.0161, 
0.0187, 0.0184, 0.0188, 0.0213, 0.0219, 39.2, 49.8, 48.7, 56.1, 
80, 91.7, 71.2, 96.9, 97.9, 111.5, 117.6, 340, 515, 131, 1071, 
19, 1817, 1486, 2108, 1884, 20, 106, 10, 3, 17, 4, 17, 1, 1, 
1, 2, 1, 15, 100, 100, 100, 100, 100, 100, 100, 100, 100, 100, 
100, 2500, 2500, 2500, 2500, 2500, 2500, 2500, 2500, 2500, 2500, 
2500, 6248.094, 6339.199, 6408.784, 6177.764, 6581.014, 6383.37299999999, 
8451.39700000001, 6526.045, 6767.79399999999, 6854.667, 6727.54699999999, 
1, 1, 1, 1, 1, 1, 1, 1, 1, 1, 1, 0.16667, 0.16667, 0.16667, 0.16667, 
0.16667, 0.16667, 0.16667, 0.16667, 0.16667, 0.16667, 0.16667, 
0, 0, 0, 0, 0, 0, 0, 0, 0, 0, 0, 0, 0, 0, 0, 0, 0, 0, 0, 0, 0, 
0, 0.83902, 0.82443, 0.84444, 0.84262, 0.82976, 0.80924, 0.83736, 
0.84663, 0.82692, 0.83334, 0.84839, 0.83235, 0.83031, 0.84474, 
0.82286, 0.82956, 0.81359, 0.82936, 0.83593, 0.82323, 0.83301, 
0.84839, 0.0123, 0.0137, 0.0145, 0.0142, 0.0159, 0.0174, 0.0178, 
0.0192, 0.021, 0.0221, 0.0218, 74.2, 80.6, 80.7, 90.1, 97.2, 
104.5, 110.2, 120.9, 127.8, 132.5, 137.7, 1, 1, 1, 1, 1, 1, 1, 
1, 1, 1, 1, 1, 1, 1, 1, 1, 1, 1, 1, 1, 1, 1, 1, 1, 1, 1, 1, 1, 
1, 1, 1, 1, 1, 1, 1, 1, 1, 1, 1, 1, 1, 1, 1, 1, 2.35, 2.54, 2.541, 
2.345, 2.509, 2.533, 2.567, 2.575, 2.637, 2.558, 2.459), .Dim = c(11L, 
40L), .Dimnames = list(NULL, c("Sampling", "PSO.cost", "PSO.gamma", 
"PSO.data.balancing", "PSO.feature.selection", "PSO.valid.acc", 
"PSO.test.acc", "PSO.train.time", "PSO.n.support.vectors", "PSO.index", 
"PSO.n.solutions", "PSO.generations", "PSO.n.evaluations", "PSO.cpu.time", 
"RS.cost", "RS.gamma", "RS.data.balancing", "RS.feature.selection", 
"RS.valid.acc", "RS.test.acc", "RS.train.time", "RS.n.support.vectors", 
"RS.index", "RS.n.solutions", "RS.generations", "RS.n.evaluations", 
"RS.cpu.time", "DF.cost", "DF.gamma", "DF.data.balancing", "DF.feature.selection", 
"DF.valid.acc", "DF.test.acc", "DF.train.time", "DF.n.support.vectors", 
"DF.index", "DF.n.solutions", "DF.generations", "DF.n.evaluations", 
"DF.cpu.time")))
