full <-
structure(c(50, 55, 60, 65, 70, 75, 80, 85, 90, 95, 100, 15, 
12.82907, 6.38381, 11.99515, 14.67828, 15, 8.38338, 9.14355, 
10.63245, 7.91725, 6.42468, -9.33042, -11.43577, -6.53525, -15, 
-15, -9.77998, -8.38232, -11.82328, -14.23035, -11.73235, -8.25379, 
0, 0, 0, 0, 0, 0, 0, 0, 0, 0, 0, 0, 0, 0, 0, 0, 0, 0, 0, 0, 0, 
0, 0.86542, 0.85903, 0.83915, 0.85162, 0.8614, 0.86078, 0.86827, 
0.86548, 0.85554, 0.8635, 0.87419, 0.80708, 0.84763, 0.81222, 
0.82207, 0.8527, 0.83107, 0.85641, 0.84652, 0.85554, 0.85338, 
0.86452, 0.0191, 0.0145, 0.0153, 0.0155, 0.0156, 0.0279, 0.0176, 
0.019, 0.0198, 0.0221, 0.0201, 44.5, 51.2, 67.1, 88.4, 68.9, 
59.3, 75.4, 100.6, 116.5, 124.7, 101.6, 75, 123, 4, 118, 101, 
135, 329, 95, 681, 1651, 266, 108, 268, 75, 151, 247, 338, 523, 
335, 10, 2, 317, 100, 100, 100, 100, 100, 100, 100, 100, 100, 
100, 100, 2500, 2500, 2500, 2500, 2500, 2500, 2500, 2500, 2500, 
2500, 2500, 7127.75, 7102.675, 7048.415, 6998.489, 7090.297, 
7368.67599999999, 7264.24800000001, 7313.575, 7286.13499999999, 
7417.17799999999, 7015.89500000002, 11.85895, 13.70254, 13.47172, 
10.53753, 14.6696, 14.41442, 8.21565, 9.5758, 8.50176, 7.09168, 
6.61361, -11.30554, -12.22294, -13.76898, -13.55908, -13.02348, 
-9.43806, -7.88984, -11.75902, -11.66459, -8.44085, -8.38344, 
0, 0, 0, 0, 0, 0, 0, 0, 0, 0, 0, 0, 0, 0, 0, 0, 0, 0, 0, 0, 0, 
0, 0.85917, 0.85903, 0.8383, 0.85162, 0.8614, 0.86078, 0.86442, 
0.86548, 0.85542, 0.86338, 0.87419, 0.83958, 0.84763, 0.84412, 
0.81731, 0.85705, 0.82256, 0.85641, 0.85792, 0.85185, 0.85304, 
0.86452, 0.0137, 0.0141, 0.0144, 0.0159, 0.0169, 0.0244, 0.0168, 
0.0188, 0.0217, 0.0211, 0.0204, 51.1, 50.2, 65.6, 88.5, 60.5, 
59.8, 73.6, 94.7, 110.4, 94.7, 101.1, 43, 381, 762, 749, 731, 
529, 806, 478, 8, 710, 140, 36, 2, 2, 4, 2, 3, 1, 9, 21, 4, 3, 
100, 100, 100, 100, 100, 100, 100, 100, 100, 100, 100, 2500, 
2500, 2500, 2500, 2500, 2500, 2500, 2500, 2500, 2500, 2500, 6965.552, 
7168.608, 7099.989, 7170.02899999999, 7306.731, 7496.575, 7489.211, 
7533.75900000001, 7481.923, 7440.09299999999, 7326.15800000002, 
1, 1, 1, 1, 1, 1, 1, 1, 1, 1, 1, 0.16667, 0.16667, 0.16667, 0.16667, 
0.16667, 0.16667, 0.16667, 0.16667, 0.16667, 0.16667, 0.16667, 
0, 0, 0, 0, 0, 0, 0, 0, 0, 0, 0, 0, 0, 0, 0, 0, 0, 0, 0, 0, 0, 
0, 0.80833, 0.78415, 0.79529, 0.79326, 0.81502, 0.82238, 0.84072, 
0.8354, 0.83448, 0.85039, 0.83871, 0.79542, 0.78309, 0.7845, 
0.784, 0.80632, 0.81368, 0.82887, 0.83512, 0.83461, 0.84006, 
0.83548, 0.0147, 0.0158, 0.0158, 0.0162, 0.0179, 0.0187, 0.0202, 
0.0209, 0.0224, 0.0236, 0.0229, 81.5, 87.5, 97.7, 101.2, 105.6, 
110.6, 117.3, 124, 127.2, 133.4, 136.7, 1, 1, 1, 1, 1, 1, 1, 
1, 1, 1, 1, 1, 1, 1, 1, 1, 1, 1, 1, 1, 1, 1, 1, 1, 1, 1, 1, 1, 
1, 1, 1, 1, 1, 1, 1, 1, 1, 1, 1, 1, 1, 1, 1, 1, 2.91, 2.918, 
2.786, 2.911, 2.937, 2.897, 2.967, 2.968, 3.043, 3.002, 2.76), .Dim = c(11L, 
40L), .Dimnames = list(NULL, c("Sampling", "PSO.cost", "PSO.gamma", 
"PSO.data.balancing", "PSO.feature.selection", "PSO.valid.acc", 
"PSO.test.acc", "PSO.train.time", "PSO.n.support.vectors", "PSO.index", 
"PSO.n.solutions", "PSO.generations", "PSO.n.evaluations", "PSO.cpu.time", 
"RS.cost", "RS.gamma", "RS.data.balancing", "RS.feature.selection", 
"RS.valid.acc", "RS.test.acc", "RS.train.time", "RS.n.support.vectors", 
"RS.index", "RS.n.solutions", "RS.generations", "RS.n.evaluations", 
"RS.cpu.time", "DF.cost", "DF.gamma", "DF.data.balancing", "DF.feature.selection", 
"DF.valid.acc", "DF.test.acc", "DF.train.time", "DF.n.support.vectors", 
"DF.index", "DF.n.solutions", "DF.generations", "DF.n.evaluations", 
"DF.cpu.time")))
