full <-
structure(c(50, 55, 60, 65, 70, 75, 80, 85, 90, 95, 100, 3.11893, 
8.75103, 10.38739, 7.53273, 10.70194, 11.68059, 9.38184, 12.27104, 
7.84749, 3.67171, 9.88601, -1.6041, -7.93391, -10.95308, -7.98327, 
-11.43931, -12.2335, -11.46387, -15, -8.96232, -4.48257, -11.19897, 
0, 0, 0, 0, 0, 0, 0, 0, 0, 0, 0, 0, 0, 0, 0, 0, 0, 0, 0, 0, 0, 
0, 0.9025, 0.87035, 0.88239, 0.87302, 0.88587, 0.86878, 0.84471, 
0.87647, 0.87258, 0.8796, 0.87419, 0.87083, 0.85332, 0.88239, 
0.87302, 0.88174, 0.87259, 0.84856, 0.86122, 0.85509, 0.84647, 
0.85484, 0.0139, 0.0122, 0.0138, 0.0143, 0.0153, 0.0156, 0.0195, 
0.0212, 0.0211, 0.0217, 0.023, 73.4, 45.9, 55.5, 57.8, 61.7, 
67.2, 87.6, 99.5, 88.6, 96, 94.6, 1365, 28, 55, 608, 787, 28, 
210, 236, 1267, 923, 273, 67, 551, 421, 127, 26, 1051, 33, 71, 
21, 27, 223, 100, 100, 100, 100, 100, 100, 100, 100, 100, 100, 
100, 2500, 2500, 2500, 2500, 2500, 2500, 2500, 2500, 2500, 2500, 
2500, 6377.327, 6260.477, 6324.844, 6296.155, 6354.459, 7360.42999999999, 
8949.78899999999, 9060.78700000001, 9212.601, 9363.46900000001, 
9266.78600000002, 3.31842, 11.72513, 11.5065, 7.12783, 10.33247, 
13.99035, 12.18459, 11.1564, 10.08013, 5.69231, 9.94266, -1.45582, 
-9.88583, -12.40167, -8.94613, -11.09566, -14.65846, -14.74719, 
-13.90539, -12.32926, -6.77922, -11.2432, 0, 0, 0, 0, 0, 0, 0, 
0, 0, 0, 0, 0, 0, 0, 0, 0, 0, 0, 0, 0, 0, 0, 0.89, 0.87035, 0.88239, 
0.86826, 0.88587, 0.86878, 0.84455, 0.87647, 0.86568, 0.87627, 
0.87419, 0.8575, 0.8592, 0.87187, 0.86276, 0.88174, 0.87693, 
0.8444, 0.86122, 0.85842, 0.85626, 0.85484, 0.0138, 0.0133, 0.0129, 
0.0135, 0.0143, 0.0182, 0.0192, 0.021, 0.0214, 0.0218, 0.0218, 
75.6, 42.8, 57.2, 66.4, 61.7, 67.4, 92.6, 99.6, 96.7, 93.7, 94.6, 
1271, 89, 23, 119, 315, 98, 25, 384, 638, 1089, 299, 1, 34, 33, 
3, 1, 26, 4, 4, 10, 2, 15, 100, 100, 100, 100, 100, 100, 100, 
100, 100, 100, 100, 2500, 2500, 2500, 2500, 2500, 2500, 2500, 
2500, 2500, 2500, 2500, 6344.226, 6310.301, 6329.619, 6386.965, 
6439.068, 9116.44, 9110.098, 9315.742, 9425.14700000001, 9590.609, 
9376.81899999999, 1, 1, 1, 1, 1, 1, 1, 1, 1, 1, 1, 0.16667, 0.16667, 
0.16667, 0.16667, 0.16667, 0.16667, 0.16667, 0.16667, 0.16667, 
0.16667, 0.16667, 0, 0, 0, 0, 0, 0, 0, 0, 0, 0, 0, 0, 0, 0, 0, 
0, 0, 0, 0, 0, 0, 0, 0.83833, 0.81995, 0.83999, 0.83797, 0.84969, 
0.83792, 0.80838, 0.83145, 0.82713, 0.83957, 0.82903, 0.84458, 
0.83727, 0.83499, 0.83771, 0.84947, 0.84643, 0.81223, 0.83159, 
0.83058, 0.83278, 0.83226, 0.0135, 0.0142, 0.0143, 0.0148, 0.0163, 
0.0195, 0.0203, 0.0215, 0.0226, 0.0244, 0.0259, 72.9, 79.9, 89.1, 
92.5, 96.2, 105.9, 115.5, 121.5, 125.4, 132.3, 137.3, 1, 1, 1, 
1, 1, 1, 1, 1, 1, 1, 1, 1, 1, 1, 1, 1, 1, 1, 1, 1, 1, 1, 1, 1, 
1, 1, 1, 1, 1, 1, 1, 1, 1, 1, 1, 1, 1, 1, 1, 1, 1, 1, 1, 1, 2.575, 
2.558, 2.489, 2.423, 2.616, 3.532, 3.509, 3.64, 3.715, 3.681, 
3.751), .Dim = c(11L, 40L), .Dimnames = list(NULL, c("Sampling", 
"PSO.cost", "PSO.gamma", "PSO.data.balancing", "PSO.feature.selection", 
"PSO.valid.acc", "PSO.test.acc", "PSO.train.time", "PSO.n.support.vectors", 
"PSO.index", "PSO.n.solutions", "PSO.generations", "PSO.n.evaluations", 
"PSO.cpu.time", "RS.cost", "RS.gamma", "RS.data.balancing", "RS.feature.selection", 
"RS.valid.acc", "RS.test.acc", "RS.train.time", "RS.n.support.vectors", 
"RS.index", "RS.n.solutions", "RS.generations", "RS.n.evaluations", 
"RS.cpu.time", "DF.cost", "DF.gamma", "DF.data.balancing", "DF.feature.selection", 
"DF.valid.acc", "DF.test.acc", "DF.train.time", "DF.n.support.vectors", 
"DF.index", "DF.n.solutions", "DF.generations", "DF.n.evaluations", 
"DF.cpu.time")))
