full <-
structure(c(50, 55, 60, 65, 70, 75, 80, 85, 90, 95, 100, 11.57441, 
13.15503, 15, 15, 10.20628, 14.65058, 14.03863, 11.46175, 11.77314, 
8.10327, 15, -10.95263, -15, -14.95231, -13.08116, -9.99791, 
-15, -13.77743, -13.08818, -12.66264, -10.79025, -9.83095, 0, 
0, 0, 0, 0, 0, 0, 0, 0, 0, 0, 0, 0, 0, 0, 0, 0, 0, 0, 0, 0, 0, 
0.80629, 0.80098, 0.82985, 0.84328, 0.8623, 0.8733, 0.86441, 
0.86852, 0.87978, 0.87299, 0.87097, 0.79416, 0.80098, 0.82432, 
0.82299, 0.84845, 0.8648, 0.85241, 0.85726, 0.86561, 0.86299, 
0.86129, 0.0145, 0.015, 0.0153, 0.0175, 0.0165, 0.0169, 0.0178, 
0.0188, 0.0211, 0.0208, 0.0346, 53.1, 72, 61.7, 56.6, 64.9, 71, 
71.8, 88.1, 85.5, 106.1, 79.4, 345, 186, 707, 376, 127, 87, 118, 
1371, 319, 26, 91, 448, 189, 27, 54, 290, 642, 602, 4, 312, 315, 
309, 100, 100, 100, 100, 100, 100, 100, 100, 100, 100, 100, 2500, 
2500, 2500, 2500, 2500, 2500, 2500, 2500, 2500, 2500, 2500, 7456.847, 
7305.811, 7428.12, 7490.905, 7349.984, 7115.67099999999, 6831.11099999999, 
6969.177, 7016.14600000001, 7108.75499999998, 7223.19699999999, 
12.3001, 11.03943, 14.89618, 10.80224, 10.54678, 12.37853, 11.75923, 
10.84418, 11.61918, 7.74472, 9.43353, -11.44844, -13.04973, -14.01659, 
-9.40564, -10.71937, -12.72759, -11.55157, -12.47297, -12.46644, 
-10.49614, -7.31754, 0, 0, 0, 0, 0, 0, 0, 0, 0, 0, 0, 0, 0, 0, 
0, 0, 0, 0, 0, 0, 0, 0, 0.80629, 0.80098, 0.82397, 0.84278, 0.8623, 
0.8733, 0.86441, 0.86852, 0.87978, 0.87299, 0.87419, 0.80041, 
0.80686, 0.82432, 0.83252, 0.85775, 0.86462, 0.85241, 0.85726, 
0.86561, 0.86299, 0.86452, 0.0144, 0.0146, 0.015, 0.0157, 0.0159, 
0.0177, 0.0184, 0.0196, 0.0201, 0.0218, 0.0227, 52.2, 73.1, 57.8, 
59, 66.6, 71, 72.1, 88.2, 85.1, 106.8, 82.3, 79, 277, 11, 107, 
141, 1321, 706, 266, 464, 79, 952, 13, 6, 32, 2, 12, 1, 5, 1, 
3, 21, 2, 100, 100, 100, 100, 100, 100, 100, 100, 100, 100, 100, 
2500, 2500, 2500, 2500, 2500, 2500, 2500, 2500, 2500, 2500, 2500, 
7524.212, 7575.752, 7485.41, 7554.265, 7569.90000000001, 7107.192, 
6938.144, 7203.29299999999, 7267.36299999998, 7290.522, 7407.59, 
1, 1, 1, 1, 1, 1, 1, 1, 1, 1, 1, 0.16667, 0.16667, 0.16667, 0.16667, 
0.16667, 0.16667, 0.16667, 0.16667, 0.16667, 0.16667, 0.16667, 
0, 0, 0, 0, 0, 0, 0, 0, 0, 0, 0, 0, 0, 0, 0, 0, 0, 0, 0, 0, 0, 
0, 0.72227, 0.74837, 0.74811, 0.77299, 0.80382, 0.82256, 0.82422, 
0.8235, 0.83716, 0.83299, 0.84516, 0.72222, 0.74804, 0.74402, 
0.77249, 0.79947, 0.82256, 0.81158, 0.82749, 0.83409, 0.83966, 
0.85161, 0.0134, 0.0159, 0.0163, 0.0169, 0.0182, 0.0192, 0.0194, 
0.0205, 0.0213, 0.0239, 0.0244, 84.1, 92.2, 96.4, 101.7, 108.7, 
115.9, 118.7, 125.6, 128.6, 132.3, 137, 1, 1, 1, 1, 1, 1, 1, 
1, 1, 1, 1, 1, 1, 1, 1, 1, 1, 1, 1, 1, 1, 1, 1, 1, 1, 1, 1, 1, 
1, 1, 1, 1, 1, 1, 1, 1, 1, 1, 1, 1, 1, 1, 1, 1, 2.905, 3.051, 
2.924, 2.963, 2.976, 2.783, 2.788, 2.823, 2.834, 2.846, 3.081
), .Dim = c(11L, 40L), .Dimnames = list(NULL, c("Sampling", "PSO.cost", 
"PSO.gamma", "PSO.data.balancing", "PSO.feature.selection", "PSO.valid.acc", 
"PSO.test.acc", "PSO.train.time", "PSO.n.support.vectors", "PSO.index", 
"PSO.n.solutions", "PSO.generations", "PSO.n.evaluations", "PSO.cpu.time", 
"RS.cost", "RS.gamma", "RS.data.balancing", "RS.feature.selection", 
"RS.valid.acc", "RS.test.acc", "RS.train.time", "RS.n.support.vectors", 
"RS.index", "RS.n.solutions", "RS.generations", "RS.n.evaluations", 
"RS.cpu.time", "DF.cost", "DF.gamma", "DF.data.balancing", "DF.feature.selection", 
"DF.valid.acc", "DF.test.acc", "DF.train.time", "DF.n.support.vectors", 
"DF.index", "DF.n.solutions", "DF.generations", "DF.n.evaluations", 
"DF.cpu.time")))
