full <-
structure(c(50, 55, 60, 65, 70, 75, 80, 85, 90, 95, 100, 12.90046, 
10.80407, 14.46849, 10.26294, 15, 8.0228, 7.10576, 3.59147, 8.58723, 
8.45596, 7.00313, -13.67475, -12.93799, -15, -11.2031, -14.80608, 
-10.98432, -9.68719, -5.6965, -8.32129, -9.62721, -9.56004, 0, 
0, 0, 0, 0, 0, 0, 0, 0, 0, 0, 0, 0, 0, 0, 0, 0, 0, 0, 0, 0, 0, 
0.87774, 0.87729, 0.88813, 0.8819, 0.88095, 0.86634, 0.87677, 
0.87958, 0.86164, 0.88049, 0.87419, 0.8581, 0.86548, 0.88787, 
0.87214, 0.86255, 0.8455, 0.87677, 0.85322, 0.8476, 0.86347, 
0.86774, 0.0133, 0.0143, 0.0148, 0.0148, 0.0165, 0.0185, 0.0187, 
0.0195, 0.0206, 0.0211, 0.0213, 47.6, 61.6, 50.8, 58.5, 55.7, 
89.4, 89.6, 94.1, 79.6, 91.4, 108.8, 78, 80, 56, 93, 79, 1616, 
48, 2144, 7, 164, 100, 437, 109, 807, 201, 989, 1, 90, 4, 475, 
77, 154, 100, 100, 100, 100, 100, 100, 100, 100, 100, 100, 100, 
2500, 2500, 2500, 2500, 2500, 2500, 2500, 2500, 2500, 2500, 2500, 
7277.32, 7481.411, 7455.109, 7419.004, 7454.16900000001, 7264.35100000001, 
7373.656, 7122.97199999999, 7769.21500000001, 7802.83000000002, 
7605.91400000002, 13.82145, 7.74591, 11.26186, 11.70298, 14.08041, 
9.27711, 11.07396, 4.14199, 5.06965, 9.75149, 3.21242, -14.21772, 
-9.79632, -12.00135, -12.6212, -14.18852, -12.35603, -12.62103, 
-6.17815, -5.6897, -10.76874, -4.52009, 0, 0, 0, 0, 0, 0, 0, 
0, 0, 0, 0, 0, 0, 0, 0, 0, 0, 0, 0, 0, 0, 0, 0.87774, 0.87729, 
0.88813, 0.8819, 0.88095, 0.86217, 0.87277, 0.87588, 0.85833, 
0.88049, 0.87419, 0.85768, 0.86548, 0.88287, 0.87714, 0.86255, 
0.84134, 0.87277, 0.85322, 0.85105, 0.86014, 0.86774, 0.0136, 
0.0147, 0.0142, 0.0155, 0.017, 0.0181, 0.0188, 0.0209, 0.0215, 
0.0211, 0.0214, 45.3, 61.3, 52.3, 58.2, 57.1, 90, 78, 92.3, 86.1, 
89.1, 103.3, 190, 1113, 42, 2491, 295, 96, 57, 804, 1116, 1477, 
703, 12, 4, 48, 4, 15, 15, 19, 5, 1, 2, 2, 100, 100, 100, 100, 
100, 100, 100, 100, 100, 100, 100, 2500, 2500, 2500, 2500, 2500, 
2500, 2500, 2500, 2500, 2500, 2500, 7423.519, 7385.206, 7535.602, 
7495.128, 7346.17700000001, 7341.86300000001, 7314.48699999999, 
7548.08199999999, 8197.62899999999, 7808.736, 7823.90099999998, 
1, 1, 1, 1, 1, 1, 1, 1, 1, 1, 1, 0.16667, 0.16667, 0.16667, 0.16667, 
0.16667, 0.16667, 0.16667, 0.16667, 0.16667, 0.16667, 0.16667, 
0, 0, 0, 0, 0, 0, 0, 0, 0, 0, 0, 0, 0, 0, 0, 0, 0, 0, 0, 0, 0, 
0, 0.82554, 0.83632, 0.83906, 0.81833, 0.83506, 0.8292, 0.83277, 
0.84253, 0.83012, 0.84669, 0.84839, 0.81929, 0.81344, 0.84462, 
0.82286, 0.83528, 0.81596, 0.84077, 0.84579, 0.82641, 0.84613, 
0.84194, 0.0144, 0.0155, 0.016, 0.016, 0.018, 0.0198, 0.0198, 
0.0209, 0.024, 0.0235, 0.0244, 77.1, 80.2, 86.2, 93.1, 100.5, 
107.2, 114, 121, 127.7, 133.5, 136.9, 1, 1, 1, 1, 1, 1, 1, 1, 
1, 1, 1, 1, 1, 1, 1, 1, 1, 1, 1, 1, 1, 1, 1, 1, 1, 1, 1, 1, 1, 
1, 1, 1, 1, 1, 1, 1, 1, 1, 1, 1, 1, 1, 1, 1, 3.001, 2.986, 2.944, 
2.895, 2.897, 2.989, 2.856, 3.086, 3.153, 3.048, 3.093), .Dim = c(11L, 
40L), .Dimnames = list(NULL, c("Sampling", "PSO.cost", "PSO.gamma", 
"PSO.data.balancing", "PSO.feature.selection", "PSO.valid.acc", 
"PSO.test.acc", "PSO.train.time", "PSO.n.support.vectors", "PSO.index", 
"PSO.n.solutions", "PSO.generations", "PSO.n.evaluations", "PSO.cpu.time", 
"RS.cost", "RS.gamma", "RS.data.balancing", "RS.feature.selection", 
"RS.valid.acc", "RS.test.acc", "RS.train.time", "RS.n.support.vectors", 
"RS.index", "RS.n.solutions", "RS.generations", "RS.n.evaluations", 
"RS.cpu.time", "DF.cost", "DF.gamma", "DF.data.balancing", "DF.feature.selection", 
"DF.valid.acc", "DF.test.acc", "DF.train.time", "DF.n.support.vectors", 
"DF.index", "DF.n.solutions", "DF.generations", "DF.n.evaluations", 
"DF.cpu.time")))
