full <-
structure(c(50, 55, 60, 65, 70, 75, 80, 85, 90, 95, 100, 6.37023, 
3.71795, 10.39165, 6.20145, 5.90135, 5.71992, 3.70228, 8.1396, 
8.79277, 12.33447, 6.24132, -7.50556, -4.98716, -10.92578, -7.04104, 
-7.03024, -6.11336, -6.14328, -5.53659, -9.72913, -12.46519, 
-9.08547, 0, 0, 0, 0, 0, 0, 0, 0, 0, 0, 0, 0, 0, 0, 0, 0, 0, 
0, 0, 0, 0, 0, 0.86487, 0.87659, 0.87671, 0.88609, 0.89017, 0.88945, 
0.88933, 0.87561, 0.87007, 0.86402, 0.87742, 0.86409, 0.85993, 
0.84913, 0.87064, 0.87155, 0.87695, 0.85746, 0.84968, 0.85234, 
0.84676, 0.86129, 0.0135, 0.0153, 0.0145, 0.0153, 0.0164, 0.0172, 
0.0181, 0.0191, 0.0196, 0.0202, 0.0208, 54.3, 61.5, 56.3, 66.5, 
70.4, 69.9, 89.4, 69.1, 84, 82.2, 111.7, 273, 709, 630, 150, 
269, 968, 689, 2141, 347, 234, 273, 73, 52, 91, 323, 147, 53, 
198, 7, 136, 285, 140, 100, 100, 100, 100, 100, 100, 100, 100, 
100, 100, 100, 2500, 2500, 2500, 2500, 2500, 2500, 2500, 2500, 
2500, 2500, 2500, 7026.205, 7079.102, 7076.768, 7100.986, 6998.144, 
7088.19100000001, 7077.917, 7003.64999999999, 6980.33600000001, 
6896.84300000001, 6935.92300000001, 5.6966, 3.67516, 8.9112, 
6.76276, 6.46502, 14.60729, 4.23951, 8.44399, 8.85657, 11.12205, 
6.91926, -6.71694, -4.81198, -9.62103, -7.46151, -7.16514, -9.28425, 
-6.71144, -6.10554, -9.74261, -13.19034, -9.9747, 0, 0, 0, 0, 
0, 0, 0, 0, 0, 0, 0, 0, 0, 0, 0, 0, 0, 0, 0, 0, 0, 0, 0.86451, 
0.87659, 0.87671, 0.88609, 0.89017, 0.88927, 0.88549, 0.86848, 
0.87007, 0.86368, 0.87419, 0.86409, 0.85923, 0.86057, 0.87564, 
0.87631, 0.87695, 0.86579, 0.83472, 0.85234, 0.84998, 0.85806, 
0.0134, 0.0142, 0.0151, 0.0166, 0.0161, 0.029, 0.0175, 0.0188, 
0.0193, 0.0191, 0.0223, 53.7, 62, 57.4, 65.4, 67.4, 57.4, 88.9, 
68.6, 83.8, 98.6, 115.6, 596, 656, 1013, 2140, 37, 753, 132, 
627, 814, 422, 317, 2, 2, 2, 1, 11, 1, 1, 1, 1, 1, 12, 100, 100, 
100, 100, 100, 100, 100, 100, 100, 100, 100, 2500, 2500, 2500, 
2500, 2500, 2500, 2500, 2500, 2500, 2500, 2500, 7110.988, 7152.976, 
7150.837, 7158.767, 7127.428, 7159.966, 7210.531, 7100.836, 7197.068, 
7138.23000000001, 7096.61300000001, 1, 1, 1, 1, 1, 1, 1, 1, 1, 
1, 1, 0.16667, 0.16667, 0.16667, 0.16667, 0.16667, 0.16667, 0.16667, 
0.16667, 0.16667, 0.16667, 0.16667, 0, 0, 0, 0, 0, 0, 0, 0, 0, 
0, 0, 0, 0, 0, 0, 0, 0, 0, 0, 0, 0, 0, 0.82492, 0.80658, 0.83694, 
0.83746, 0.8488, 0.84374, 0.84097, 0.83925, 0.83473, 0.82318, 
0.82903, 0.83736, 0.82496, 0.81145, 0.8277, 0.85357, 0.84721, 
0.8336, 0.85036, 0.84175, 0.82629, 0.82581, 0.015, 0.0152, 0.0155, 
0.0168, 0.0176, 0.0193, 0.0185, 0.0204, 0.0215, 0.0215, 0.0233, 
84.8, 88.2, 92.5, 100.2, 103.7, 106.6, 111.3, 117.8, 124.6, 131.4, 
136.8, 1, 1, 1, 1, 1, 1, 1, 1, 1, 1, 1, 1, 1, 1, 1, 1, 1, 1, 
1, 1, 1, 1, 1, 1, 1, 1, 1, 1, 1, 1, 1, 1, 1, 1, 1, 1, 1, 1, 1, 
1, 1, 1, 1, 1, 2.787, 2.88, 2.841, 2.774, 2.825, 2.845, 2.887, 
2.779, 2.817, 2.616, 2.823), .Dim = c(11L, 40L), .Dimnames = list(
    NULL, c("Sampling", "PSO.cost", "PSO.gamma", "PSO.data.balancing", 
    "PSO.feature.selection", "PSO.valid.acc", "PSO.test.acc", 
    "PSO.train.time", "PSO.n.support.vectors", "PSO.index", "PSO.n.solutions", 
    "PSO.generations", "PSO.n.evaluations", "PSO.cpu.time", "RS.cost", 
    "RS.gamma", "RS.data.balancing", "RS.feature.selection", 
    "RS.valid.acc", "RS.test.acc", "RS.train.time", "RS.n.support.vectors", 
    "RS.index", "RS.n.solutions", "RS.generations", "RS.n.evaluations", 
    "RS.cpu.time", "DF.cost", "DF.gamma", "DF.data.balancing", 
    "DF.feature.selection", "DF.valid.acc", "DF.test.acc", "DF.train.time", 
    "DF.n.support.vectors", "DF.index", "DF.n.solutions", "DF.generations", 
    "DF.n.evaluations", "DF.cpu.time")))
