full <-
structure(c(50, 55, 60, 65, 70, 75, 80, 85, 90, 95, 100, 13.87078, 
11.95173, 5.15626, 10.65369, 14.35895, 5.89107, 8.53791, 13.51405, 
12.90214, 7.3052, 6.10502, -14.09719, -15, -7.69231, -12.83007, 
-9.78703, -7.9717, -10.90538, -13.95172, -15, -8.80713, -8.797, 
0, 0, 0, 0, 0, 0, 0, 0, 0, 0, 0, 0, 0, 0, 0, 0, 0, 0, 0, 0, 0, 
0, 0.88569, 0.88272, 0.88769, 0.88167, 0.88566, 0.90176, 0.88477, 
0.89909, 0.89368, 0.87606, 0.87419, 0.8524, 0.87717, 0.87655, 
0.8669, 0.86765, 0.88093, 0.88077, 0.88371, 0.88666, 0.86273, 
0.86774, 0.0139, 0.014, 0.0145, 0.0154, 0.0193, 0.0172, 0.0198, 
0.0178, 0.0192, 0.0217, 0.0223, 43.9, 66, 70.7, 74.8, 48.9, 78.2, 
87.2, 70.6, 89.9, 93.5, 110.1, 352, 118, 349, 101, 234, 1104, 
55, 241, 380, 1021, 325, 258, 125, 4, 128, 738, 15, 688, 88, 
30, 87, 163, 100, 100, 100, 100, 100, 100, 100, 100, 100, 100, 
100, 2500, 2500, 2500, 2500, 2500, 2500, 2500, 2500, 2500, 2500, 
2500, 6933.288, 7034.587, 7348.753, 7316.416, 7599.903, 7569.27800000001, 
7359.808, 7443.658, 7711.004, 7865.19099999999, 7876.80799999999, 
10.33371, 7.73547, 8.75859, 12.04389, 13.74398, 5.78057, 8.34059, 
10.19999, 11.86638, 7.00856, 6.3793, -10.39185, -10.80296, -6.92303, 
-14.28155, -9.41252, -7.85908, -11.11071, -10.40989, -14.48892, 
-8.56323, -9.0926, 0, 0, 0, 0, 0, 0, 0, 0, 0, 0, 0, 0, 0, 0, 
0, 0, 0, 0, 0, 0, 0, 0, 0.88532, 0.88272, 0.88295, 0.88167, 0.88566, 
0.90176, 0.88477, 0.89895, 0.89037, 0.87606, 0.87419, 0.85282, 
0.87717, 0.87155, 0.8719, 0.86765, 0.88093, 0.88477, 0.88398, 
0.8868, 0.86606, 0.87097, 0.013, 0.0136, 0.0146, 0.0155, 0.0196, 
0.0165, 0.0185, 0.0182, 0.021, 0.02, 0.0218, 43.5, 66.2, 46.3, 
74.9, 49.5, 78.5, 93.3, 69.4, 97.1, 93.8, 110.2, 1874, 55, 113, 
107, 790, 1508, 7, 55, 741, 2260, 2052, 1, 8, 5, 3, 7, 2, 46, 
10, 6, 1, 1, 100, 100, 100, 100, 100, 100, 100, 100, 100, 100, 
100, 2500, 2500, 2500, 2500, 2500, 2500, 2500, 2500, 2500, 2500, 
2500, 7008.018, 7376.854, 7609.526, 7603.917, 7595.905, 7573.69500000001, 
7545.167, 7549.655, 7955.62699999999, 8186.264, 7663.71500000003, 
1, 1, 1, 1, 1, 1, 1, 1, 1, 1, 1, 0.16667, 0.16667, 0.16667, 0.16667, 
0.16667, 0.16667, 0.16667, 0.16667, 0.16667, 0.16667, 0.16667, 
0, 0, 0, 0, 0, 0, 0, 0, 0, 0, 0, 0, 0, 0, 0, 0, 0, 0, 0, 0, 0, 
0, 0.84027, 0.85257, 0.83357, 0.83286, 0.83598, 0.8554, 0.83692, 
0.86546, 0.84428, 0.83963, 0.84194, 0.8399, 0.84179, 0.83883, 
0.84286, 0.83576, 0.83892, 0.84092, 0.85749, 0.84454, 0.8363, 
0.84516, 0.0138, 0.0149, 0.0163, 0.0164, 0.0173, 0.018, 0.0198, 
0.0209, 0.0225, 0.0242, 0.0232, 72.8, 76.9, 87.3, 94.9, 100.9, 
104.5, 112.9, 115.3, 121.9, 130.6, 136.3, 1, 1, 1, 1, 1, 1, 1, 
1, 1, 1, 1, 1, 1, 1, 1, 1, 1, 1, 1, 1, 1, 1, 1, 1, 1, 1, 1, 1, 
1, 1, 1, 1, 1, 1, 1, 1, 1, 1, 1, 1, 1, 1, 1, 1, 2.823, 2.891, 
2.966, 2.972, 2.885, 2.897, 2.947, 2.96, 3.309, 3.283, 2.894), .Dim = c(11L, 
40L), .Dimnames = list(NULL, c("Sampling", "PSO.cost", "PSO.gamma", 
"PSO.data.balancing", "PSO.feature.selection", "PSO.valid.acc", 
"PSO.test.acc", "PSO.train.time", "PSO.n.support.vectors", "PSO.index", 
"PSO.n.solutions", "PSO.generations", "PSO.n.evaluations", "PSO.cpu.time", 
"RS.cost", "RS.gamma", "RS.data.balancing", "RS.feature.selection", 
"RS.valid.acc", "RS.test.acc", "RS.train.time", "RS.n.support.vectors", 
"RS.index", "RS.n.solutions", "RS.generations", "RS.n.evaluations", 
"RS.cpu.time", "DF.cost", "DF.gamma", "DF.data.balancing", "DF.feature.selection", 
"DF.valid.acc", "DF.test.acc", "DF.train.time", "DF.n.support.vectors", 
"DF.index", "DF.n.solutions", "DF.generations", "DF.n.evaluations", 
"DF.cpu.time")))
