full <-
structure(c(50, 55, 60, 65, 70, 75, 80, 85, 90, 95, 100, 8.05793, 
9.61979, 12.00497, 5.61646, 13.32459, 2.93372, 7.13055, 10.6949, 
7.16575, 7.46906, 11.24497, -9.28875, -9.90563, -13.52609, -6.43342, 
-15, -5.11815, -8.71686, -12.87355, -8.41042, -10.16959, -13.04151, 
0, 0, 0, 0, 0, 0, 0, 0, 0, 0, 0, 0, 0, 0, 0, 0, 0, 0, 0, 0, 0, 
0, 0.81958, 0.82549, 0.82994, 0.84619, 0.85344, 0.86016, 0.86418, 
0.86125, 0.86225, 0.86354, 0.85806, 0.7875, 0.80817, 0.82409, 
0.83167, 0.83028, 0.82991, 0.85667, 0.8312, 0.84783, 0.84616, 
0.86129, 0.0136, 0.0143, 0.0157, 0.0156, 0.016, 0.0176, 0.0181, 
0.0197, 0.0198, 0.0237, 0.0206, 62.1, 62.3, 70.3, 72.1, 79.9, 
94.2, 88.9, 96.5, 92.6, 109.6, 98.9, 593, 398, 760, 21, 212, 
335, 2222, 1214, 323, 102, 252, 123, 554, 45, 307, 56, 148, 1, 
5, 60, 193, 92, 100, 100, 100, 100, 100, 100, 100, 100, 100, 
100, 100, 2500, 2500, 2500, 2500, 2500, 2500, 2500, 2500, 2500, 
2500, 2500, 7210.909, 7301.864, 7496.698, 7394.222, 7361.206, 
7394.47499999999, 7480.386, 9361.992, 7562.951, 11297.563, 7401.21000000002, 
8.33201, 9.77144, 4.2449, 5.79282, 13.07958, 2.14476, 9.00697, 
7.2393, 7.29167, 9.80617, 9.2142, -9.59635, -9.96532, -5.29734, 
-6.60649, -14.7016, -4.16467, -10.34526, -7.76396, -8.49134, 
-12.56719, -10.80058, 0, 0, 0, 0, 0, 0, 0, 0, 0, 0, 0, 0, 0, 
0, 0, 0, 0, 0, 0, 0, 0, 0, 0.81958, 0.82549, 0.82994, 0.84619, 
0.85344, 0.86016, 0.86401, 0.85769, 0.86225, 0.86354, 0.85161, 
0.7875, 0.80817, 0.82939, 0.83167, 0.83028, 0.82121, 0.85635, 
0.84245, 0.84783, 0.8495, 0.86129, 0.0143, 0.0153, 0.0148, 0.0158, 
0.0168, 0.0173, 0.0188, 0.0193, 0.0206, 0.0248, 0.0217, 62.1, 
62, 73.2, 72.3, 79.1, 95.8, 86.3, 85.6, 92, 110.2, 96.9, 115, 
225, 1618, 1588, 222, 749, 824, 514, 819, 490, 75, 1, 5, 3, 1, 
6, 2, 2, 5, 1, 13, 14, 100, 100, 100, 100, 100, 100, 100, 100, 
100, 100, 100, 2500, 2500, 2500, 2500, 2500, 2500, 2500, 2500, 
2500, 2500, 2500, 7316.115, 7441.684, 7618.254, 7442.29, 7436.416, 
7607.11300000001, 8452.85400000001, 7716.08100000001, 8898.97899999999, 
11561.347, 7811.49800000002, 1, 1, 1, 1, 1, 1, 1, 1, 1, 1, 1, 
0.16667, 0.16667, 0.16667, 0.16667, 0.16667, 0.16667, 0.16667, 
0.16667, 0.16667, 0.16667, 0.16667, 0, 0, 0, 0, 0, 0, 0, 0, 0, 
0, 0, 0, 0, 0, 0, 0, 0, 0, 0, 0, 0, 0, 0.74875, 0.74379, 0.7864, 
0.8119, 0.79906, 0.80414, 0.82494, 0.81994, 0.8237, 0.82612, 
0.81935, 0.75458, 0.72614, 0.78696, 0.7981, 0.79845, 0.79512, 
0.83342, 0.82749, 0.82344, 0.82958, 0.83871, 0.0144, 0.0153, 
0.0163, 0.0166, 0.0193, 0.0195, 0.0233, 0.0215, 0.0262, 0.0223, 
0.0228, 82.9, 87.8, 93.6, 102.2, 108.5, 117.8, 125.2, 128.3, 
132.9, 135.2, 135.9, 1, 1, 1, 1, 1, 1, 1, 1, 1, 1, 1, 1, 1, 1, 
1, 1, 1, 1, 1, 1, 1, 1, 1, 1, 1, 1, 1, 1, 1, 1, 1, 1, 1, 1, 1, 
1, 1, 1, 1, 1, 1, 1, 1, 1, 2.941, 3.001, 2.962, 2.873, 3.1, 3.075, 
4.391, 2.895, 4.615, 2.872, 2.852), .Dim = c(11L, 40L), .Dimnames = list(
    NULL, c("Sampling", "PSO.cost", "PSO.gamma", "PSO.data.balancing", 
    "PSO.feature.selection", "PSO.valid.acc", "PSO.test.acc", 
    "PSO.train.time", "PSO.n.support.vectors", "PSO.index", "PSO.n.solutions", 
    "PSO.generations", "PSO.n.evaluations", "PSO.cpu.time", "RS.cost", 
    "RS.gamma", "RS.data.balancing", "RS.feature.selection", 
    "RS.valid.acc", "RS.test.acc", "RS.train.time", "RS.n.support.vectors", 
    "RS.index", "RS.n.solutions", "RS.generations", "RS.n.evaluations", 
    "RS.cpu.time", "DF.cost", "DF.gamma", "DF.data.balancing", 
    "DF.feature.selection", "DF.valid.acc", "DF.test.acc", "DF.train.time", 
    "DF.n.support.vectors", "DF.index", "DF.n.solutions", "DF.generations", 
    "DF.n.evaluations", "DF.cpu.time")))
