full <-
structure(c(50, 55, 60, 65, 70, 75, 80, 85, 90, 95, 100, 1.23559, 
2.79395, 5.4046, 14.53814, 2.11443, 2.24173, 9.1491, 3.3167, 
7.21746, 3.63111, 3.98628, -6.06602, -6.55706, -9.15343, -7.07261, 
-6.91529, -6.28301, -6.76131, -8.10282, -10.47252, -8.28174, 
-8.69841, 0, 0, 0, 0, 0, 0, 0, 0, 0, 0, 0, 0, 0, 0, 0, 0, 0, 
0, 0, 0, 0, 0, 0.82644, 0.83237, 0.82536, 0.8351, 0.83373, 0.83446, 
0.83465, 0.84558, 0.84034, 0.84762, 0.85004, 0.81044, 0.82045, 
0.80943, 0.83052, 0.82594, 0.83044, 0.82471, 0.84149, 0.83922, 
0.84136, 0.84003, 0.932, 1.0218, 0.9118, 1.2572, 1.4253, 1.9709, 
2.0387, 1.8672, 1.7999, 2.4954, 3.1819, 675.8, 714.8, 656.8, 
796.8, 855.4, 947, 963.3, 893.5, 828.7, 962.9, 977.6, 1028, 1753, 
1384, 778, 1281, 945, 29, 2376, 1496, 1755, 1289, 54, 16, 45, 
368, 59, 67, 864, 1, 27, 24, 33, 100, 100, 100, 100, 100, 100, 
100, 100, 100, 100, 100, 2500, 2500, 2500, 2500, 2500, 2500, 
2500, 2500, 2500, 2500, 2500, 31407.641, 34586.672, 33556.356, 
42153.111, 45111.727, 59741.582, 65637.383, 69005.602, 65833.4739999999, 
82684.478, 103120.073, 3.41758, 12.79586, 6.03749, 3.91728, 2.16899, 
2.59597, 14.65251, 2.96398, 3.06626, 3.36854, 4.14407, -6.33592, 
-6.56692, -9.36121, -6.83363, -6.97127, -6.37984, -6.75454, -7.91091, 
-7.69, -8.38752, -8.86711, 0, 0, 0, 0, 0, 0, 0, 0, 0, 0, 0, 0, 
0, 0, 0, 0, 0, 0, 0, 0, 0, 0, 0.82438, 0.83141, 0.82285, 0.83435, 
0.83229, 0.83311, 0.83465, 0.84382, 0.84037, 0.84656, 0.84803, 
0.81347, 0.82322, 0.81691, 0.82743, 0.82666, 0.83179, 0.82471, 
0.84148, 0.84091, 0.8445, 0.83953, 0.9167, 1.0253, 0.9162, 1.2873, 
1.3954, 1.9735, 2.0471, 2.0021, 2.6823, 2.0221, 5.0532, 666.9, 
713.7, 650.2, 810, 853.1, 941.3, 963.7, 908.4, 970.4, 959.1, 
966, 1472, 2221, 1614, 1944, 625, 1192, 617, 2278, 1745, 1476, 
661, 1, 2, 1, 1, 1, 1, 2, 1, 1, 1, 1, 100, 100, 100, 100, 100, 
100, 100, 100, 100, 100, 100, 2500, 2500, 2500, 2500, 2500, 2500, 
2500, 2500, 2500, 2500, 2500, 32622.705, 38328.451, 43997.547, 
49989.616, 56232.092, 71666.5339999999, 87018.965, 105443.74, 
115469.788, 125994.837, 198886.198, 1, 1, 1, 1, 1, 1, 1, 1, 1, 
1, 1, 0.01316, 0.01316, 0.01316, 0.01316, 0.01316, 0.01316, 0.01316, 
0.01316, 0.01316, 0.01316, 0.01316, 0, 0, 0, 0, 0, 0, 0, 0, 0, 
0, 0, 0, 0, 0, 0, 0, 0, 0, 0, 0, 0, 0, 0.80544, 0.79952, 0.80107, 
0.81505, 0.81733, 0.81104, 0.81898, 0.82496, 0.82034, 0.82969, 
0.83, 0.80949, 0.80597, 0.80108, 0.81193, 0.80878, 0.81299, 0.82275, 
0.82261, 0.8259, 0.82762, 0.82647, 0.8775, 1.048, 1.2319, 1.4054, 
1.5996, 2.0154, 2.5482, 2.88, 3.7033, 3.9068, 6.1171, 670.8, 
729.8, 789.1, 843.4, 899.4, 951.7, 999.9, 1057, 1113.1, 1160.5, 
1211.2, 1, 1, 1, 1, 1, 1, 1, 1, 1, 1, 1, 1, 1, 1, 1, 1, 1, 1, 
1, 1, 1, 1, 1, 1, 1, 1, 1, 1, 1, 1, 1, 1, 1, 1, 1, 1, 1, 1, 1, 
1, 1, 1, 1, 1, 12.082, 14.119, 16.099, 18.269, 22.295, 24.796, 
30.84, 34.418, 43.99, 46.311, 72.21), .Dim = c(11L, 40L), .Dimnames = list(
    NULL, c("Sampling", "PSO.cost", "PSO.gamma", "PSO.data.balancing", 
    "PSO.feature.selection", "PSO.valid.acc", "PSO.test.acc", 
    "PSO.train.time", "PSO.n.support.vectors", "PSO.index", "PSO.n.solutions", 
    "PSO.generations", "PSO.n.evaluations", "PSO.cpu.time", "RS.cost", 
    "RS.gamma", "RS.data.balancing", "RS.feature.selection", 
    "RS.valid.acc", "RS.test.acc", "RS.train.time", "RS.n.support.vectors", 
    "RS.index", "RS.n.solutions", "RS.generations", "RS.n.evaluations", 
    "RS.cpu.time", "DF.cost", "DF.gamma", "DF.data.balancing", 
    "DF.feature.selection", "DF.valid.acc", "DF.test.acc", "DF.train.time", 
    "DF.n.support.vectors", "DF.index", "DF.n.solutions", "DF.generations", 
    "DF.n.evaluations", "DF.cpu.time")))
