full <-
structure(c(50, 55, 60, 65, 70, 75, 80, 85, 90, 95, 100, 2.89523, 
1.75485, 4.58761, 1.59913, 3.93649, 4.21345, 2.28489, 2.38575, 
5.19484, 3.24603, 3.47889, -6.73291, -6.76063, -7.38665, -6.94738, 
-8.04214, -9.54779, -6.81246, -7.40162, -8.05568, -8.41616, -8.74599, 
0, 0, 0, 0, 0, 0, 0, 0, 0, 0, 0, 0, 0, 0, 0, 0, 0, 0, 0, 0, 0, 
0, 0.83666, 0.84304, 0.83965, 0.85358, 0.85124, 0.8471, 0.84275, 
0.85389, 0.84695, 0.84609, 0.84902, 0.84259, 0.8321, 0.8362, 
0.84037, 0.84253, 0.83304, 0.84026, 0.85335, 0.84864, 0.83608, 
0.83498, 0.8152, 0.926, 0.9972, 1.1855, 1.1577, 1.1847, 1.9735, 
2.0043, 2.2064, 2.8911, 3.0255, 641.1, 693.6, 723.7, 798.4, 779.6, 
750.7, 962.2, 956.6, 950.7, 956.6, 976.5, 901, 2285, 1165, 1726, 
1049, 1740, 802, 1807, 437, 1714, 779, 67, 1, 15, 43, 168, 20, 
113, 28, 222, 47, 57, 100, 100, 100, 100, 100, 100, 100, 100, 
100, 100, 100, 2500, 2500, 2500, 2500, 2500, 2500, 2500, 2500, 
2500, 2500, 2500, 28906.701, 31791.841, 33385.845, 39660.857, 
39457.822, 52405.737, 61321.465, 62490.9269999999, 69654.348, 
95104.9789999999, 100034.17, 7.80854, 2.54314, 3.30201, 2.75414, 
1.64718, 4.10123, 0.89748, 3.79506, 5.35566, 3.67719, 4.26234, 
-6.36828, -6.53581, -7.44192, -7.61894, -6.68111, -9.47111, -6.34276, 
-8.84322, -8.06855, -8.42403, -8.97413, 0, 0, 0, 0, 0, 0, 0, 
0, 0, 0, 0, 0, 0, 0, 0, 0, 0, 0, 0, 0, 0, 0, 0.83462, 0.84045, 
0.8379, 0.84967, 0.84907, 0.84643, 0.84026, 0.85038, 0.84529, 
0.84503, 0.84804, 0.84262, 0.83486, 0.83787, 0.84035, 0.84685, 
0.8317, 0.83777, 0.84568, 0.84864, 0.83925, 0.84251, 0.8407, 
0.9821, 0.9708, 1.0745, 1.4356, 1.1896, 2.3852, 1.592, 2.4181, 
2.3702, 3.3072, 655.6, 706.1, 718.4, 756.4, 867.6, 754.4, 998.6, 
858.7, 949.6, 955.4, 959, 967, 1172, 830, 2179, 1349, 150, 1042, 
2413, 1536, 318, 385, 1, 1, 1, 1, 1, 2, 1, 1, 1, 1, 1, 100, 100, 
100, 100, 100, 100, 100, 100, 100, 100, 100, 2500, 2500, 2500, 
2500, 2500, 2500, 2500, 2500, 2500, 2500, 2500, 30907.719, 36033.953, 
40724.967, 46377.414, 52275.905, 63787.52, 72297.258, 85708.985, 
104567.007, 123621.786, 133382.321, 1, 1, 1, 1, 1, 1, 1, 1, 1, 
1, 1, 0.01316, 0.01316, 0.01316, 0.01316, 0.01316, 0.01316, 0.01316, 
0.01316, 0.01316, 0.01316, 0.01316, 0, 0, 0, 0, 0, 0, 0, 0, 0, 
0, 0, 0, 0, 0, 0, 0, 0, 0, 0, 0, 0, 0, 0.8134, 0.81845, 0.82706, 
0.83195, 0.83538, 0.83781, 0.83273, 0.83443, 0.8264, 0.82603, 
0.83398, 0.82242, 0.81927, 0.82369, 0.82568, 0.83756, 0.83172, 
0.83279, 0.83443, 0.83141, 0.82974, 0.82797, 0.8371, 0.9989, 
1.142, 1.3213, 1.5373, 1.7936, 2.0723, 2.3231, 3.2516, 4.0116, 
3.4885, 660.7, 720.8, 781.6, 839.9, 900.9, 948.1, 1006.4, 1057.6, 
1106.5, 1160.2, 1208.6, 1, 1, 1, 1, 1, 1, 1, 1, 1, 1, 1, 1, 1, 
1, 1, 1, 1, 1, 1, 1, 1, 1, 1, 1, 1, 1, 1, 1, 1, 1, 1, 1, 1, 1, 
1, 1, 1, 1, 1, 1, 1, 1, 1, 1, 11.494, 13.34, 14.936, 16.679, 
19.2, 22.073, 25.134, 27.884, 38.973, 47.579, 40.953), .Dim = c(11L, 
40L), .Dimnames = list(NULL, c("Sampling", "PSO.cost", "PSO.gamma", 
"PSO.data.balancing", "PSO.feature.selection", "PSO.valid.acc", 
"PSO.test.acc", "PSO.train.time", "PSO.n.support.vectors", "PSO.index", 
"PSO.n.solutions", "PSO.generations", "PSO.n.evaluations", "PSO.cpu.time", 
"RS.cost", "RS.gamma", "RS.data.balancing", "RS.feature.selection", 
"RS.valid.acc", "RS.test.acc", "RS.train.time", "RS.n.support.vectors", 
"RS.index", "RS.n.solutions", "RS.generations", "RS.n.evaluations", 
"RS.cpu.time", "DF.cost", "DF.gamma", "DF.data.balancing", "DF.feature.selection", 
"DF.valid.acc", "DF.test.acc", "DF.train.time", "DF.n.support.vectors", 
"DF.index", "DF.n.solutions", "DF.generations", "DF.n.evaluations", 
"DF.cpu.time")))
