full <-
structure(c(50, 55, 60, 65, 70, 75, 80, 85, 90, 95, 100, 3.50632, 
4.56977, 0.19391, 6.91893, 3.55914, 1.90159, 3.44945, 3.97534, 
3.71044, 10.62401, 9.63317, -7.53306, -8.96878, -6.68994, -13.2379, 
-8.7689, -6.28987, -9.30029, -7.86434, -7.5798, -7.11859, -6.81675, 
0, 0, 0, 0, 0, 0, 0, 0, 0, 0, 0, 0, 0, 0, 0, 0, 0, 0, 0, 0, 0, 
0, 0.82548, 0.82765, 0.82781, 0.82575, 0.83263, 0.83367, 0.83783, 
0.83905, 0.83746, 0.84399, 0.85204, 0.8215, 0.81939, 0.81695, 
0.81799, 0.82324, 0.82635, 0.82156, 0.83022, 0.82466, 0.83448, 
0.84303, 0.7337, 0.796, 1.1549, 1.0068, 1.167, 1.8509, 1.3888, 
2.0183, 2.6416, 2.6626, 4.2801, 632.9, 618.3, 774.4, 681.2, 744.8, 
966.8, 814.8, 921.3, 979.3, 1076.7, 1157.6, 2297, 1322, 1947, 
606, 1409, 115, 1752, 1610, 1527, 355, 184, 13, 51, 5, 26, 16, 
69, 3, 13, 27, 694, 943, 100, 100, 100, 100, 100, 100, 100, 100, 
100, 100, 100, 2500, 2500, 2500, 2500, 2500, 2500, 2500, 2500, 
2500, 2500, 2500, 30074.053, 32063.473, 41567.59, 39644.308, 
42171.581, 49730.087, 62096.246, 66509.745, 73520.5600000001, 
83460.242, 123728.308, 3.93418, 4.60805, 0.21771, 7.08739, 3.61425, 
4.0997, 2.37024, 3.45429, 3.05217, 7.25154, 8.45329, -7.70754, 
-8.97286, -6.44723, -13.41412, -8.71992, -8.18499, -6.10334, 
-7.86927, -7.50403, -7.06521, -6.82934, 0, 0, 0, 0, 0, 0, 0, 
0, 0, 0, 0, 0, 0, 0, 0, 0, 0, 0, 0, 0, 0, 0, 0.82146, 0.82581, 
0.82361, 0.82575, 0.8312, 0.83235, 0.83782, 0.83845, 0.83412, 
0.84347, 0.85204, 0.82145, 0.82031, 0.8178, 0.81799, 0.82469, 
0.83504, 0.83159, 0.83138, 0.83077, 0.83396, 0.84253, 0.7093, 
0.8019, 1.2141, 1.0028, 1.1417, 1.3556, 2.0773, 1.7195, 2.7818, 
2.5795, 3.7337, 625, 618.2, 783.2, 681.2, 746.5, 821.2, 1029.9, 
919, 985.3, 1082.2, 1156.6, 964, 1747, 180, 227, 1620, 813, 730, 
744, 1998, 537, 613, 1, 1, 1, 2, 1, 1, 1, 1, 1, 7, 2, 100, 100, 
100, 100, 100, 100, 100, 100, 100, 100, 100, 2500, 2500, 2500, 
2500, 2500, 2500, 2500, 2500, 2500, 2500, 2500, 34290.778, 41018.403, 
46565.326, 52327.126, 56448.968, 65921.35, 72255.007, 89989.1340000001, 
114824.381, 123776.523, 152557.52, 1, 1, 1, 1, 1, 1, 1, 1, 1, 
1, 1, 0.01316, 0.01316, 0.01316, 0.01316, 0.01316, 0.01316, 0.01316, 
0.01316, 0.01316, 0.01316, 0.01316, 0, 0, 0, 0, 0, 0, 0, 0, 0, 
0, 0, 0, 0, 0, 0, 0, 0, 0, 0, 0, 0, 0, 0.80742, 0.81846, 0.81949, 
0.81103, 0.82395, 0.82099, 0.82342, 0.82266, 0.81582, 0.82707, 
0.832, 0.8215, 0.81488, 0.81444, 0.81721, 0.82612, 0.83371, 0.82968, 
0.81969, 0.82747, 0.82655, 0.83402, 0.8927, 1.0825, 1.2503, 1.4058, 
1.5699, 1.7697, 1.9632, 3.1933, 3.6857, 3.0041, 4.4216, 679.3, 
736.6, 791.9, 851.6, 906, 962.8, 1009.1, 1061, 1104.8, 1153.8, 
1209.2, 1, 1, 1, 1, 1, 1, 1, 1, 1, 1, 1, 1, 1, 1, 1, 1, 1, 1, 
1, 1, 1, 1, 1, 1, 1, 1, 1, 1, 1, 1, 1, 1, 1, 1, 1, 1, 1, 1, 1, 
1, 1, 1, 1, 1, 13.109, 15.378, 17.279, 18.72, 20.37, 22.716, 
24.872, 37.819, 43.265, 36.613, 53.271), .Dim = c(11L, 40L), .Dimnames = list(
    NULL, c("Sampling", "PSO.cost", "PSO.gamma", "PSO.data.balancing", 
    "PSO.feature.selection", "PSO.valid.acc", "PSO.test.acc", 
    "PSO.train.time", "PSO.n.support.vectors", "PSO.index", "PSO.n.solutions", 
    "PSO.generations", "PSO.n.evaluations", "PSO.cpu.time", "RS.cost", 
    "RS.gamma", "RS.data.balancing", "RS.feature.selection", 
    "RS.valid.acc", "RS.test.acc", "RS.train.time", "RS.n.support.vectors", 
    "RS.index", "RS.n.solutions", "RS.generations", "RS.n.evaluations", 
    "RS.cpu.time", "DF.cost", "DF.gamma", "DF.data.balancing", 
    "DF.feature.selection", "DF.valid.acc", "DF.test.acc", "DF.train.time", 
    "DF.n.support.vectors", "DF.index", "DF.n.solutions", "DF.generations", 
    "DF.n.evaluations", "DF.cpu.time")))
