full <-
structure(c(50, 55, 60, 65, 70, 75, 80, 85, 90, 95, 100, 3.40414, 
4.49664, 2.42023, 2.59962, 2.72218, 2.11458, 3.17659, 2.36808, 
1.78648, 2.24906, 3.2276, -8.21949, -9.22243, -6.66478, -7.30303, 
-7.44727, -6.37258, -7.05594, -8.32689, -6.84176, -7.74314, -7.75106, 
0, 0, 0, 0, 0, 0, 0, 0, 0, 0, 0, 0, 0, 0, 0, 0, 0, 0, 0, 0, 0, 
0, 0.83962, 0.83231, 0.8336, 0.84034, 0.84624, 0.84833, 0.8373, 
0.85089, 0.85035, 0.85081, 0.84953, 0.8286, 0.81671, 0.81688, 
0.82882, 0.83616, 0.84233, 0.83482, 0.84561, 0.84254, 0.84925, 
0.85102, 0.6803, 0.7683, 1.1462, 1.1557, 1.3049, 1.8761, 1.8777, 
1.7638, 2.9571, 2.4327, 2.988, 589.4, 598.3, 762.4, 772.8, 809.7, 
944, 953.3, 889.7, 1051.2, 1010.8, 1052.9, 1583, 1442, 936, 946, 
893, 555, 1012, 515, 1078, 590, 838, 23, 90, 222, 59, 144, 245, 
91, 35, 54, 328, 129, 100, 100, 100, 100, 100, 100, 100, 100, 
100, 100, 100, 2500, 2500, 2500, 2500, 2500, 2500, 2500, 2500, 
2500, 2500, 2500, 25529.498, 28456.367, 38342.153, 40009.239, 
43771.967, 56163.022, 60250.664, 58821.2030000001, 83853.0229999999, 
75937.541, 95010.0420000001, 3.40477, 4.29167, 3.12809, 2.55086, 
2.99666, 2.15066, 5.82312, 2.40581, 1.50775, 3.20118, 3.34591, 
-8.32311, -9.06158, -6.95676, -7.1346, -7.27939, -6.3582, -7.62177, 
-8.45397, -6.69496, -8.50375, -7.85179, 0, 0, 0, 0, 0, 0, 0, 
0, 0, 0, 0, 0, 0, 0, 0, 0, 0, 0, 0, 0, 0, 0, 0.83571, 0.82864, 
0.83025, 0.83881, 0.84554, 0.84699, 0.83424, 0.85029, 0.84867, 
0.84661, 0.84802, 0.83059, 0.81942, 0.81682, 0.82418, 0.83544, 
0.84167, 0.83231, 0.845, 0.84201, 0.84291, 0.85052, 0.7148, 0.7292, 
1.0913, 1.2215, 1.3171, 1.8863, 1.7747, 1.7495, 2.6811, 2.0021, 
3.2949, 587.3, 602.5, 747.5, 785.1, 823.6, 944.5, 906.8, 886.1, 
1062.4, 956, 1043.4, 703, 311, 620, 2077, 613, 209, 1143, 558, 
2232, 984, 247, 1, 1, 1, 1, 1, 1, 1, 1, 1, 1, 1, 100, 100, 100, 
100, 100, 100, 100, 100, 100, 100, 100, 2500, 2500, 2500, 2500, 
2500, 2500, 2500, 2500, 2500, 2500, 2500, 32329.773, 38071.896, 
43426.856, 49998.576, 55666.815, 66333.361, 79989.5099999999, 
98433.101, 105087.052, 120636.738, 138550.589, 1, 1, 1, 1, 1, 
1, 1, 1, 1, 1, 1, 0.01316, 0.01316, 0.01316, 0.01316, 0.01316, 
0.01316, 0.01316, 0.01316, 0.01316, 0.01316, 0.01316, 0, 0, 0, 
0, 0, 0, 0, 0, 0, 0, 0, 0, 0, 0, 0, 0, 0, 0, 0, 0, 0, 0, 0.80654, 
0.80846, 0.80774, 0.82498, 0.82751, 0.82561, 0.82486, 0.82969, 
0.83528, 0.83184, 0.82945, 0.80143, 0.80386, 0.80432, 0.82418, 
0.8269, 0.83098, 0.82296, 0.83628, 0.83306, 0.83393, 0.82796, 
0.9003, 1.0545, 1.2005, 1.4258, 1.5448, 1.7998, 2.2042, 3.06, 
2.9839, 3.4463, 4.2404, 677.3, 731.5, 785.3, 836.2, 891.4, 949.6, 
1008.6, 1057.5, 1108.6, 1159.5, 1212.3, 1, 1, 1, 1, 1, 1, 1, 
1, 1, 1, 1, 1, 1, 1, 1, 1, 1, 1, 1, 1, 1, 1, 1, 1, 1, 1, 1, 1, 
1, 1, 1, 1, 1, 1, 1, 1, 1, 1, 1, 1, 1, 1, 1, 1, 12.256, 14.13, 
15.673, 18.301, 19.385, 22.269, 26.768, 36.509, 35.234, 40.786, 
49.536), .Dim = c(11L, 40L), .Dimnames = list(NULL, c("Sampling", 
"PSO.cost", "PSO.gamma", "PSO.data.balancing", "PSO.feature.selection", 
"PSO.valid.acc", "PSO.test.acc", "PSO.train.time", "PSO.n.support.vectors", 
"PSO.index", "PSO.n.solutions", "PSO.generations", "PSO.n.evaluations", 
"PSO.cpu.time", "RS.cost", "RS.gamma", "RS.data.balancing", "RS.feature.selection", 
"RS.valid.acc", "RS.test.acc", "RS.train.time", "RS.n.support.vectors", 
"RS.index", "RS.n.solutions", "RS.generations", "RS.n.evaluations", 
"RS.cpu.time", "DF.cost", "DF.gamma", "DF.data.balancing", "DF.feature.selection", 
"DF.valid.acc", "DF.test.acc", "DF.train.time", "DF.n.support.vectors", 
"DF.index", "DF.n.solutions", "DF.generations", "DF.n.evaluations", 
"DF.cpu.time")))
