full <-
structure(c(50, 55, 60, 65, 70, 75, 80, 85, 90, 95, 100, 1.09157, 
2.12435, 1.65266, 3.94749, 2.57415, 1.815, 2.3469, 2.87156, 3.05804, 
4.90304, 4.55932, -6.69819, -8.12297, -7.02087, -8.0906, -8.02213, 
-7.39544, -7.40591, -8.308, -7.83946, -7.35654, -8.36594, 0, 
0, 0, 0, 0, 0, 0, 0, 0, 0, 0, 0, 0, 0, 0, 0, 0, 0, 0, 0, 0, 0, 
0.83751, 0.8276, 0.84372, 0.83884, 0.84534, 0.84027, 0.84858, 
0.85277, 0.85256, 0.84773, 0.84907, 0.82654, 0.82401, 0.83029, 
0.83191, 0.83106, 0.83499, 0.85172, 0.84741, 0.84863, 0.84459, 
0.84654, 0.7937, 0.8045, 1.0487, 1.046, 1.1955, 1.4001, 1.5817, 
1.6028, 1.87, 2.6648, 2.6459, 645.3, 640, 741.6, 732.6, 776, 
865.2, 913.5, 894.7, 958.7, 1052.6, 997.6, 2166, 2107, 312, 676, 
191, 1095, 580, 973, 392, 1189, 1865, 1, 8, 559, 499, 637, 155, 
33, 149, 244, 295, 32, 100, 100, 100, 100, 100, 100, 100, 100, 
100, 100, 100, 2500, 2500, 2500, 2500, 2500, 2500, 2500, 2500, 
2500, 2500, 2500, 27776.368, 29769.588, 35877.491, 35713.071, 
39977.778, 46793.238, 56908.408, 54329.62, 62550.436, 82962.826, 
82481.3640000001, 1.46516, 1.83488, 1.9771, 4.03175, 3.05288, 
2.07561, 2.62599, 2.92757, 3.0866, 5.57349, 6.08268, -7.01455, 
-7.51928, -7.05943, -8.22079, -8.01451, -7.54624, -7.55718, -8.32528, 
-7.95378, -7.42727, -10.37952, 0, 0, 0, 0, 0, 0, 0, 0, 0, 0, 
0, 0, 0, 0, 0, 0, 0, 0, 0, 0, 0, 0, 0.8345, 0.82577, 0.84202, 
0.83802, 0.84251, 0.83826, 0.84608, 0.85041, 0.85145, 0.84561, 
0.84607, 0.83156, 0.82678, 0.83115, 0.82962, 0.83105, 0.83297, 
0.85047, 0.84741, 0.84919, 0.84512, 0.835, 0.7662, 0.8409, 1.0517, 
1.0237, 1.164, 1.3931, 1.5536, 1.7029, 2.0578, 2.743, 2.5693, 
631.1, 663.8, 738.9, 725.8, 774.7, 853.7, 900.5, 892.3, 949.7, 
1046.2, 905.2, 1084, 1930, 1300, 2089, 840, 1369, 921, 2089, 
1672, 1801, 1057, 1, 1, 1, 1, 1, 1, 1, 1, 1, 1, 1, 100, 100, 
100, 100, 100, 100, 100, 100, 100, 100, 100, 2500, 2500, 2500, 
2500, 2500, 2500, 2500, 2500, 2500, 2500, 2500, 31579.208, 37479.212, 
42748.071, 47894.948, 53742.015, 61974.197, 73484.128, 89281.6409999999, 
97264.742, 112404.335, 148335.597, 1, 1, 1, 1, 1, 1, 1, 1, 1, 
1, 1, 0.01316, 0.01316, 0.01316, 0.01316, 0.01316, 0.01316, 0.01316, 
0.01316, 0.01316, 0.01316, 0.01316, 0, 0, 0, 0, 0, 0, 0, 0, 0, 
0, 0, 0, 0, 0, 0, 0, 0, 0, 0, 0, 0, 0, 0.82536, 0.81304, 0.82952, 
0.81646, 0.826, 0.82768, 0.83421, 0.83559, 0.83032, 0.82458, 
0.82751, 0.82238, 0.81489, 0.81707, 0.81958, 0.81744, 0.83099, 
0.8361, 0.83381, 0.83528, 0.82722, 0.83052, 0.8481, 1.0186, 1.1927, 
1.361, 1.5387, 1.73, 1.9828, 2.5711, 2.6355, 3.6878, 5.2424, 
670.1, 728.1, 784.8, 843.5, 898.5, 948.1, 1005.7, 1060.6, 1102.6, 
1153.9, 1210.9, 1, 1, 1, 1, 1, 1, 1, 1, 1, 1, 1, 1, 1, 1, 1, 
1, 1, 1, 1, 1, 1, 1, 1, 1, 1, 1, 1, 1, 1, 1, 1, 1, 1, 1, 1, 1, 
1, 1, 1, 1, 1, 1, 1, 1, 11.762, 13.726, 15.463, 17.214, 19.202, 
21.518, 24.273, 30.833, 31.278, 42.949, 61.773), .Dim = c(11L, 
40L), .Dimnames = list(NULL, c("Sampling", "PSO.cost", "PSO.gamma", 
"PSO.data.balancing", "PSO.feature.selection", "PSO.valid.acc", 
"PSO.test.acc", "PSO.train.time", "PSO.n.support.vectors", "PSO.index", 
"PSO.n.solutions", "PSO.generations", "PSO.n.evaluations", "PSO.cpu.time", 
"RS.cost", "RS.gamma", "RS.data.balancing", "RS.feature.selection", 
"RS.valid.acc", "RS.test.acc", "RS.train.time", "RS.n.support.vectors", 
"RS.index", "RS.n.solutions", "RS.generations", "RS.n.evaluations", 
"RS.cpu.time", "DF.cost", "DF.gamma", "DF.data.balancing", "DF.feature.selection", 
"DF.valid.acc", "DF.test.acc", "DF.train.time", "DF.n.support.vectors", 
"DF.index", "DF.n.solutions", "DF.generations", "DF.n.evaluations", 
"DF.cpu.time")))
