full <-
structure(c(50, 55, 60, 65, 70, 75, 80, 85, 90, 95, 100, 3.76933, 
4.00904, 5.06636, 2.81197, 4.9283, 4.11973, 11.0361, 2.96434, 
3.46294, 4.91338, 4.93558, -7.14645, -7.33198, -8.03111, -6.93275, 
-9.86428, -9.4024, -7.21179, -7.59758, -8.002, -8.25912, -8.6617, 
0, 0, 0, 0, 0, 0, 0, 0, 0, 0, 0, 0, 0, 0, 0, 0, 0, 0, 0, 0, 0, 
0, 0.83457, 0.83773, 0.85362, 0.85891, 0.85111, 0.84115, 0.84293, 
0.85272, 0.85078, 0.84025, 0.84955, 0.81944, 0.82585, 0.83277, 
0.84508, 0.83116, 0.82445, 0.83544, 0.83915, 0.83799, 0.83975, 
0.84703, 0.7445, 0.8531, 0.8773, 1.1696, 1.0484, 1.2026, 1.6482, 
2.0636, 2.3518, 3.0572, 2.8088, 619.3, 666.6, 681.5, 784.1, 702.2, 
766.5, 930.5, 935, 941.7, 971.6, 979.5, 1569, 307, 539, 419, 
1659, 925, 572, 175, 1527, 1610, 2139, 121, 307, 513, 265, 14, 
53, 625, 619, 44, 52, 22, 100, 100, 100, 100, 100, 100, 100, 
100, 100, 100, 100, 2500, 2500, 2500, 2500, 2500, 2500, 2500, 
2500, 2500, 2500, 2500, 26498.706, 29923.903, 31660.62, 39076.616, 
35692.409, 42391.977, 53730.832, 61871.742, 72047.737, 89677.285, 
106504.06, 14.82127, 4.15521, 5.20309, 2.98292, 5.48286, 5.37037, 
9.99528, 2.79549, 3.09014, 5.58991, 4.79905, -7.1594, -7.43783, 
-8.12434, -6.68914, -10.41197, -8.24471, -7.20941, -7.50335, 
-7.96498, -8.69064, -8.53211, 0, 0, 0, 0, 0, 0, 0, 0, 0, 0, 0, 
0, 0, 0, 0, 0, 0, 0, 0, 0, 0, 0, 0.83058, 0.83683, 0.85197, 0.85586, 
0.84901, 0.84045, 0.8423, 0.85154, 0.84855, 0.83814, 0.84954, 
0.82241, 0.82495, 0.83111, 0.84821, 0.82972, 0.83174, 0.83544, 
0.83797, 0.83578, 0.83869, 0.84703, 0.7461, 0.8385, 0.8581, 1.2375, 
1.022, 1.286, 1.9345, 1.7524, 2.4255, 2.3965, 2.8404, 618.8, 
661.1, 678.1, 797.1, 692.2, 813.5, 931.1, 941.2, 945.2, 942, 
988, 445, 2154, 397, 1773, 626, 1480, 956, 1750, 1048, 500, 571, 
3, 1, 1, 1, 1, 1, 2, 1, 1, 1, 1, 100, 100, 100, 100, 100, 100, 
100, 100, 100, 100, 100, 2500, 2500, 2500, 2500, 2500, 2500, 
2500, 2500, 2500, 2500, 2500, 30287.152, 35506.847, 40674.415, 
46888.006, 52210.918, 60807.488, 75435.3999999999, 85831.301, 
101200.358, 120123.33, 140007.879, 1, 1, 1, 1, 1, 1, 1, 1, 1, 
1, 1, 0.01316, 0.01316, 0.01316, 0.01316, 0.01316, 0.01316, 0.01316, 
0.01316, 0.01316, 0.01316, 0.01316, 0, 0, 0, 0, 0, 0, 0, 0, 0, 
0, 0, 0, 0, 0, 0, 0, 0, 0, 0, 0, 0, 0, 0.81844, 0.82038, 0.82475, 
0.83575, 0.8348, 0.81844, 0.82477, 0.82619, 0.83523, 0.83072, 
0.82998, 0.82149, 0.8268, 0.82638, 0.83817, 0.83769, 0.82512, 
0.82973, 0.82738, 0.83359, 0.82122, 0.82897, 0.8254, 1.0002, 
1.1076, 1.3209, 1.4675, 1.7495, 2.157, 2.5129, 3.1441, 3.7809, 
4.0403, 659.9, 716.9, 774.5, 821.4, 885.5, 939.2, 997.8, 1053.8, 
1108.2, 1155.4, 1210, 1, 1, 1, 1, 1, 1, 1, 1, 1, 1, 1, 1, 1, 
1, 1, 1, 1, 1, 1, 1, 1, 1, 1, 1, 1, 1, 1, 1, 1, 1, 1, 1, 1, 1, 
1, 1, 1, 1, 1, 1, 1, 1, 1, 1, 11.461, 13.397, 14.538, 16.902, 
18.377, 21.782, 26.221, 30.138, 37.636, 44.972, 47.637), .Dim = c(11L, 
40L), .Dimnames = list(NULL, c("Sampling", "PSO.cost", "PSO.gamma", 
"PSO.data.balancing", "PSO.feature.selection", "PSO.valid.acc", 
"PSO.test.acc", "PSO.train.time", "PSO.n.support.vectors", "PSO.index", 
"PSO.n.solutions", "PSO.generations", "PSO.n.evaluations", "PSO.cpu.time", 
"RS.cost", "RS.gamma", "RS.data.balancing", "RS.feature.selection", 
"RS.valid.acc", "RS.test.acc", "RS.train.time", "RS.n.support.vectors", 
"RS.index", "RS.n.solutions", "RS.generations", "RS.n.evaluations", 
"RS.cpu.time", "DF.cost", "DF.gamma", "DF.data.balancing", "DF.feature.selection", 
"DF.valid.acc", "DF.test.acc", "DF.train.time", "DF.n.support.vectors", 
"DF.index", "DF.n.solutions", "DF.generations", "DF.n.evaluations", 
"DF.cpu.time")))
