full <-
structure(c(50, 55, 60, 65, 70, 75, 80, 85, 90, 95, 100, 2.6782, 
3.61014, 4.56479, 4.2377, 2.309, 5.28141, 4.3864, 3.17674, 5.20217, 
3.12112, 4.99161, -6.86395, -8.93897, -7.47094, -7.31682, -6.48168, 
-8.39724, -7.09557, -7.42647, -7.24456, -7.76493, -6.74104, 0, 
0, 0, 0, 0, 0, 0, 0, 0, 0, 0, 0, 0, 0, 0, 0, 0, 0, 0, 0, 0, 0, 
0.83445, 0.82047, 0.83467, 0.84655, 0.84761, 0.84237, 0.85084, 
0.84513, 0.84586, 0.84707, 0.84657, 0.81639, 0.81121, 0.83042, 
0.84881, 0.83467, 0.82968, 0.84145, 0.83802, 0.8431, 0.84601, 
0.83951, 0.8277, 0.7848, 0.9627, 1.1431, 1.5406, 1.2969, 1.7023, 
2.0202, 2.7565, 2.1483, 3.6544, 658.4, 624, 723.9, 773.1, 878.7, 
802.6, 942.5, 952.9, 1025.2, 1009.5, 1163.6, 1555, 778, 1323, 
1770, 1548, 1363, 1043, 1090, 1298, 1811, 166, 91, 100, 47, 8, 
50, 93, 8, 75, 34, 10, 996, 100, 100, 100, 100, 100, 100, 100, 
100, 100, 100, 100, 2500, 2500, 2500, 2500, 2500, 2500, 2500, 
2500, 2500, 2500, 2500, 28915.611, 31272.267, 36584.093, 40091.439, 
48136.8590000001, 43702.043, 55981.069, 65722.116, 76875.926, 
72972.4010000001, 108392.262, 8.47436, 3.90591, 2.54857, 3.86216, 
2.51749, 5.06088, 8.96534, 3.00648, 14.9465, 6.53803, 12.78142, 
-6.86758, -9.13011, -6.76613, -7.01775, -6.75483, -8.54701, -7.07289, 
-7.16934, -7.24369, -9.77998, -6.73568, 0, 0, 0, 0, 0, 0, 0, 
0, 0, 0, 0, 0, 0, 0, 0, 0, 0, 0, 0, 0, 0, 0, 0.83042, 0.81771, 
0.83222, 0.84654, 0.84186, 0.83839, 0.84958, 0.84278, 0.84531, 
0.84395, 0.84657, 0.8174, 0.81119, 0.82296, 0.84727, 0.83609, 
0.83101, 0.84145, 0.83506, 0.8431, 0.83705, 0.84002, 0.8342, 
0.7827, 1.0796, 1.1792, 1.4472, 1.293, 1.8028, 2.1788, 2.3174, 
1.765, 3.7971, 659.9, 620.1, 758.2, 792.8, 858.9, 794.1, 943.7, 
975.9, 1025.6, 885, 1164.1, 866, 2040, 911, 646, 1685, 1493, 
1853, 2, 2196, 1526, 673, 4, 1, 1, 1, 2, 1, 2, 1, 2, 1, 3, 100, 
100, 100, 100, 100, 100, 100, 100, 100, 100, 100, 2500, 2500, 
2500, 2500, 2500, 2500, 2500, 2500, 2500, 2500, 2500, 32417.103, 
40005.619, 41173.56, 48825.598, 55897.05, 62110.913, 78394.099, 
92346.905, 102713.341, 113307.782, 125813.542, 1, 1, 1, 1, 1, 
1, 1, 1, 1, 1, 1, 0.01316, 0.01316, 0.01316, 0.01316, 0.01316, 
0.01316, 0.01316, 0.01316, 0.01316, 0.01316, 0.01316, 0, 0, 0, 
0, 0, 0, 0, 0, 0, 0, 0, 0, 0, 0, 0, 0, 0, 0, 0, 0, 0, 0, 0.80737, 
0.80309, 0.82294, 0.82652, 0.82116, 0.81567, 0.82403, 0.82158, 
0.8225, 0.83337, 0.82401, 0.80538, 0.80404, 0.82045, 0.82341, 
0.81899, 0.81566, 0.82966, 0.82156, 0.82471, 0.82966, 0.82199, 
0.8874, 1.0552, 1.1322, 1.3695, 1.5536, 1.7441, 2.0173, 2.5791, 
2.8527, 3.3659, 3.5453, 683.1, 738.8, 780.3, 837.5, 895, 950, 
1004.9, 1057.8, 1112.4, 1156.7, 1208.4, 1, 1, 1, 1, 1, 1, 1, 
1, 1, 1, 1, 1, 1, 1, 1, 1, 1, 1, 1, 1, 1, 1, 1, 1, 1, 1, 1, 1, 
1, 1, 1, 1, 1, 1, 1, 1, 1, 1, 1, 1, 1, 1, 1, 1, 12.015, 14.637, 
14.887, 17.506, 19.434, 21.571, 25.24, 30.592, 33.712, 39.434, 
41.222), .Dim = c(11L, 40L), .Dimnames = list(NULL, c("Sampling", 
"PSO.cost", "PSO.gamma", "PSO.data.balancing", "PSO.feature.selection", 
"PSO.valid.acc", "PSO.test.acc", "PSO.train.time", "PSO.n.support.vectors", 
"PSO.index", "PSO.n.solutions", "PSO.generations", "PSO.n.evaluations", 
"PSO.cpu.time", "RS.cost", "RS.gamma", "RS.data.balancing", "RS.feature.selection", 
"RS.valid.acc", "RS.test.acc", "RS.train.time", "RS.n.support.vectors", 
"RS.index", "RS.n.solutions", "RS.generations", "RS.n.evaluations", 
"RS.cpu.time", "DF.cost", "DF.gamma", "DF.data.balancing", "DF.feature.selection", 
"DF.valid.acc", "DF.test.acc", "DF.train.time", "DF.n.support.vectors", 
"DF.index", "DF.n.solutions", "DF.generations", "DF.n.evaluations", 
"DF.cpu.time")))
