full <-
structure(c(50, 55, 60, 65, 70, 75, 80, 85, 90, 95, 100, 1.94397, 
1.86556, 5.48403, 4.66786, 3.28493, 3.31586, 2.30138, 2.97207, 
2.89215, 4.27068, 5.6517, -7.34386, -7.15311, -7.90327, -8.59696, 
-8.0437, -8.05127, -7.21397, -7.7863, -8.12307, -8.37076, -7.7424, 
0, 0, 0, 0, 0, 0, 0, 0, 0, 0, 0, 0, 0, 0, 0, 0, 0, 0, 0, 0, 0, 
0, 0.83554, 0.84705, 0.85701, 0.8566, 0.85541, 0.84776, 0.85038, 
0.84679, 0.85542, 0.84771, 0.84556, 0.83749, 0.8316, 0.84455, 
0.83264, 0.85039, 0.83569, 0.84919, 0.84442, 0.85428, 0.84031, 
0.83953, 0.7687, 0.9143, 0.9311, 1.0285, 1.1882, 1.3395, 1.7481, 
2.0286, 2.0354, 2.435, 2.6966, 632.9, 697.4, 702.4, 717.1, 785.9, 
814.1, 918.7, 921.1, 928.8, 956.8, 1059.3, 2138, 1320, 1738, 
815, 529, 816, 1907, 1762, 1253, 769, 1137, 2, 44, 41, 125, 120, 
105, 22, 4, 76, 53, 55, 100, 100, 100, 100, 100, 100, 100, 100, 
100, 100, 100, 2500, 2500, 2500, 2500, 2500, 2500, 2500, 2500, 
2500, 2500, 2500, 28011.187, 29485.619, 33683.326, 35405.849, 
39878.371, 45877.335, 55651.1240000001, 62477.7879999999, 69946.849, 
78344.4130000001, 93015.084, 1.69757, 3.81216, 7.06783, 4.49262, 
2.95414, 3.81384, 4.52669, 2.57944, 6.04237, 3.91507, 10.19029, 
-6.93555, -8.3743, -7.67893, -8.51531, -7.86885, -8.3741, -8.94377, 
-7.44063, -10.65133, -8.22116, -7.7496, 0, 0, 0, 0, 0, 0, 0, 
0, 0, 0, 0, 0, 0, 0, 0, 0, 0, 0, 0, 0, 0, 0, 0.83445, 0.84339, 
0.85533, 0.85507, 0.85397, 0.84642, 0.84855, 0.8456, 0.85204, 
0.8456, 0.84456, 0.83043, 0.82886, 0.84705, 0.83259, 0.85326, 
0.83636, 0.84543, 0.84678, 0.85318, 0.84452, 0.83852, 0.758, 
0.7986, 0.9492, 1.0422, 1.225, 1.2876, 1.4458, 2.4833, 2.1701, 
2.4652, 3.0506, 649.8, 638.6, 713.1, 720.2, 795.7, 795.5, 808.1, 
948.3, 830.4, 965.9, 1057.3, 794, 427, 638, 1008, 229, 1986, 
1351, 88, 2036, 284, 628, 1, 1, 2, 2, 3, 1, 1, 1, 1, 1, 2, 100, 
100, 100, 100, 100, 100, 100, 100, 100, 100, 100, 2500, 2500, 
2500, 2500, 2500, 2500, 2500, 2500, 2500, 2500, 2500, 31911.904, 
37485.779, 41667.676, 47791.898, 54148.993, 63909.91, 78004.723, 
94816.977, 109811.894, 119012.696, 128584.757, 1, 1, 1, 1, 1, 
1, 1, 1, 1, 1, 1, 0.01316, 0.01316, 0.01316, 0.01316, 0.01316, 
0.01316, 0.01316, 0.01316, 0.01316, 0.01316, 0.01316, 0, 0, 0, 
0, 0, 0, 0, 0, 0, 0, 0, 0, 0, 0, 0, 0, 0, 0, 0, 0, 0, 0, 0.82142, 
0.82973, 0.83293, 0.83716, 0.83325, 0.83504, 0.83851, 0.83146, 
0.83704, 0.82923, 0.8295, 0.82248, 0.81779, 0.82618, 0.83186, 
0.84326, 0.82898, 0.82967, 0.83616, 0.83253, 0.82452, 0.82699, 
0.8776, 1.0023, 1.1913, 1.3813, 1.5923, 1.8056, 2.5602, 2.5702, 
3.3624, 3.5125, 3.9572, 681.9, 739.5, 793.6, 852.7, 902.4, 949.7, 
999.5, 1058, 1101.1, 1160.9, 1208.9, 1, 1, 1, 1, 1, 1, 1, 1, 
1, 1, 1, 1, 1, 1, 1, 1, 1, 1, 1, 1, 1, 1, 1, 1, 1, 1, 1, 1, 1, 
1, 1, 1, 1, 1, 1, 1, 1, 1, 1, 1, 1, 1, 1, 1, 12.036, 13.596, 
15.29, 17.462, 19.945, 22.381, 30.881, 30.582, 39.667, 41.527, 
46.074), .Dim = c(11L, 40L), .Dimnames = list(NULL, c("Sampling", 
"PSO.cost", "PSO.gamma", "PSO.data.balancing", "PSO.feature.selection", 
"PSO.valid.acc", "PSO.test.acc", "PSO.train.time", "PSO.n.support.vectors", 
"PSO.index", "PSO.n.solutions", "PSO.generations", "PSO.n.evaluations", 
"PSO.cpu.time", "RS.cost", "RS.gamma", "RS.data.balancing", "RS.feature.selection", 
"RS.valid.acc", "RS.test.acc", "RS.train.time", "RS.n.support.vectors", 
"RS.index", "RS.n.solutions", "RS.generations", "RS.n.evaluations", 
"RS.cpu.time", "DF.cost", "DF.gamma", "DF.data.balancing", "DF.feature.selection", 
"DF.valid.acc", "DF.test.acc", "DF.train.time", "DF.n.support.vectors", 
"DF.index", "DF.n.solutions", "DF.generations", "DF.n.evaluations", 
"DF.cpu.time")))
