full <-
structure(c(50, 55, 60, 65, 70, 75, 80, 85, 90, 95, 100, 1.46995, 
3.87107, 2.05547, 4.28853, 2.94522, 2.27859, 4.17365, 7.30647, 
3.2387, 2.64224, 2.65187, -6.74791, -6.78529, -6.84266, -7.21225, 
-6.99234, -6.41503, -7.82879, -11.91189, -7.66391, -7.08061, 
-6.89584, 0, 0, 0, 0, 0, 0, 0, 0, 0, 0, 0, 0, 0, 0, 0, 0, 0, 
0, 0, 0, 0, 0, 0.8225, 0.82411, 0.81463, 0.82269, 0.82895, 0.83098, 
0.83594, 0.83609, 0.83969, 0.83866, 0.84804, 0.81239, 0.81865, 
0.81213, 0.80343, 0.82248, 0.83159, 0.82901, 0.82857, 0.83299, 
0.83707, 0.84354, 0.8055, 0.98, 1.122, 1.1973, 1.3946, 1.7542, 
1.5635, 1.5147, 2.5857, 3.323, 3.749, 641.9, 695.5, 753, 777.6, 
837.7, 936.2, 877.6, 801.5, 982.5, 1078.6, 1146.1, 1244, 604, 
1041, 2352, 1561, 893, 673, 1299, 1451, 921, 2053, 9, 89, 52, 
1, 16, 103, 158, 15, 23, 42, 29, 100, 100, 100, 100, 100, 100, 
100, 100, 100, 100, 100, 2500, 2500, 2500, 2500, 2500, 2500, 
2500, 2500, 2500, 2500, 2500, 28739.895, 35688.489, 39521.335, 
42023.519, 45521.064, 57382.762, 53137.4789999999, 57660.974, 
78675.6220000001, 100352.995, 111998.592, 1.23108, 9.28392, 3.15535, 
4.34739, 3.39351, 2.43194, 4.82442, 8.17436, 3.36736, 2.44456, 
2.72918, -6.68388, -6.7704, -6.93314, -7.26331, -7.03048, -6.31375, 
-7.84767, -12.67408, -7.73566, -6.89513, -6.5361, 0, 0, 0, 0, 
0, 0, 0, 0, 0, 0, 0, 0, 0, 0, 0, 0, 0, 0, 0, 0, 0, 0, 0.82143, 
0.8241, 0.81286, 0.8219, 0.82608, 0.82832, 0.83154, 0.83551, 
0.83747, 0.83708, 0.84653, 0.80535, 0.81955, 0.81378, 0.80496, 
0.8239, 0.83426, 0.82397, 0.82857, 0.83468, 0.83602, 0.84654, 
0.8228, 0.9888, 1.1413, 1.189, 1.3851, 1.9758, 1.6739, 1.5114, 
2.7104, 3.7739, 4.3375, 644.4, 695.9, 752.8, 774.2, 836.9, 944.8, 
876.5, 793.3, 974.6, 1099.3, 1187.3, 2108, 197, 582, 1129, 763, 
1795, 2113, 1326, 26, 2306, 2299, 1, 3, 1, 1, 1, 1, 1, 1, 1, 
1, 1, 100, 100, 100, 100, 100, 100, 100, 100, 100, 100, 100, 
2500, 2500, 2500, 2500, 2500, 2500, 2500, 2500, 2500, 2500, 2500, 
31788.081, 40724.109, 45721.792, 50049.974, 56027.997, 68158.872, 
76266.245, 95718.1190000001, 121894.523, 138292.286, 139725.791, 
1, 1, 1, 1, 1, 1, 1, 1, 1, 1, 1, 0.01316, 0.01316, 0.01316, 0.01316, 
0.01316, 0.01316, 0.01316, 0.01316, 0.01316, 0.01316, 0.01316, 
0, 0, 0, 0, 0, 0, 0, 0, 0, 0, 0, 0, 0, 0, 0, 0, 0, 0, 0, 0, 0, 
0, 0.81139, 0.80775, 0.79952, 0.805, 0.81099, 0.81894, 0.81526, 
0.82022, 0.82192, 0.82711, 0.8325, 0.81539, 0.80139, 0.80791, 
0.79878, 0.80457, 0.81955, 0.81213, 0.81488, 0.82355, 0.82181, 
0.83501, 0.8685, 1.0359, 1.2233, 1.3948, 1.584, 1.8576, 2.1784, 
2.6896, 4.1439, 4.0414, 4.8289, 664.8, 720.8, 780.1, 832.2, 884.3, 
946.8, 997.6, 1057.3, 1110.9, 1157.4, 1211.2, 1, 1, 1, 1, 1, 
1, 1, 1, 1, 1, 1, 1, 1, 1, 1, 1, 1, 1, 1, 1, 1, 1, 1, 1, 1, 1, 
1, 1, 1, 1, 1, 1, 1, 1, 1, 1, 1, 1, 1, 1, 1, 1, 1, 1, 11.916, 
14.467, 16.782, 17.799, 20.819, 23.792, 27.131, 32.822, 49.137, 
48.567, 57.917), .Dim = c(11L, 40L), .Dimnames = list(NULL, c("Sampling", 
"PSO.cost", "PSO.gamma", "PSO.data.balancing", "PSO.feature.selection", 
"PSO.valid.acc", "PSO.test.acc", "PSO.train.time", "PSO.n.support.vectors", 
"PSO.index", "PSO.n.solutions", "PSO.generations", "PSO.n.evaluations", 
"PSO.cpu.time", "RS.cost", "RS.gamma", "RS.data.balancing", "RS.feature.selection", 
"RS.valid.acc", "RS.test.acc", "RS.train.time", "RS.n.support.vectors", 
"RS.index", "RS.n.solutions", "RS.generations", "RS.n.evaluations", 
"RS.cpu.time", "DF.cost", "DF.gamma", "DF.data.balancing", "DF.feature.selection", 
"DF.valid.acc", "DF.test.acc", "DF.train.time", "DF.n.support.vectors", 
"DF.index", "DF.n.solutions", "DF.generations", "DF.n.evaluations", 
"DF.cpu.time")))
