full <-
structure(c(50, 55, 60, 65, 70, 75, 80, 85, 90, 95, 100, 3.16804, 
2.44624, 0.98777, 2.97028, 3.53694, 2.91477, 4.02936, 4.08338, 
4.01427, 1.81412, 6.28223, -8.61895, -8.64439, -6.73175, -8.16553, 
-8.31876, -7.37973, -8.07749, -7.47391, -8.44406, -7.30877, -10.3738, 
0, 0, 0, 0, 0, 0, 0, 0, 0, 0, 0, 0, 0, 0, 0, 0, 0, 0, 0, 0, 0, 
0, 0.83654, 0.83868, 0.83297, 0.83433, 0.83963, 0.83908, 0.84788, 
0.84142, 0.84521, 0.84449, 0.85006, 0.82132, 0.83048, 0.8296, 
0.82502, 0.83675, 0.83707, 0.84476, 0.83146, 0.83022, 0.83917, 
0.85059, 0.6638, 0.7937, 1.1359, 1.08, 1.2178, 1.5857, 1.5301, 
1.8686, 2.2337, 3.3971, 1.9302, 579.2, 631.1, 751.9, 729.2, 771.4, 
879.1, 868.9, 957.3, 911.6, 1046.7, 905.2, 1518, 2171, 1531, 
1019, 1393, 1793, 1036, 1175, 1077, 1845, 1831, 89, 2, 20, 78, 
91, 15, 79, 14, 199, 13, 28, 100, 100, 100, 100, 100, 100, 100, 
100, 100, 100, 100, 2500, 2500, 2500, 2500, 2500, 2500, 2500, 
2500, 2500, 2500, 2500, 25360.688, 29660.878, 40414.931, 38029.707, 
42949.8700000001, 50808.536, 50536.781, 62059.4080000001, 71703.3119999999, 
91523.944, 78956.4239999999, 3.27506, 2.57258, 1.01478, 4.80098, 
3.42352, 2.45028, 3.7829, 3.79555, 3.63906, 3.23561, 4.51679, 
-8.44092, -8.49084, -6.73677, -9.68441, -8.26439, -6.9146, -7.86271, 
-7.40986, -8.24852, -6.61155, -9.00944, 0, 0, 0, 0, 0, 0, 0, 
0, 0, 0, 0, 0, 0, 0, 0, 0, 0, 0, 0, 0, 0, 0, 0.83454, 0.83596, 
0.83213, 0.83198, 0.83892, 0.83704, 0.84725, 0.83907, 0.84242, 
0.8429, 0.84658, 0.8193, 0.82501, 0.8296, 0.82037, 0.83459, 0.8344, 
0.846, 0.82968, 0.83579, 0.84451, 0.84809, 0.6755, 0.7962, 1.1189, 
0.9616, 1.222, 1.6336, 1.6146, 2.0333, 2.3422, 2.9329, 2.1895, 
584.2, 631, 751.7, 675.2, 774.8, 916, 887.1, 961.9, 925.9, 1132, 
957.3, 2411, 148, 1582, 234, 2448, 1497, 2420, 1410, 1221, 1474, 
136, 1, 1, 1, 1, 1, 1, 2, 1, 1, 5, 1, 100, 100, 100, 100, 100, 
100, 100, 100, 100, 100, 100, 2500, 2500, 2500, 2500, 2500, 2500, 
2500, 2500, 2500, 2500, 2500, 31529.486, 37040.155, 43646.718, 
51270.216, 58531.321, 66073.56, 72948.485, 87724.1410000001, 
109074.768, 117288.954, 124988.245, 1, 1, 1, 1, 1, 1, 1, 1, 1, 
1, 1, 0.01316, 0.01316, 0.01316, 0.01316, 0.01316, 0.01316, 0.01316, 
0.01316, 0.01316, 0.01316, 0.01316, 0, 0, 0, 0, 0, 0, 0, 0, 0, 
0, 0, 0, 0, 0, 0, 0, 0, 0, 0, 0, 0, 0, 0.82551, 0.82048, 0.8296, 
0.82037, 0.82035, 0.81633, 0.8253, 0.82611, 0.8241, 0.83389, 
0.83354, 0.82548, 0.81767, 0.83208, 0.81113, 0.81386, 0.81965, 
0.82154, 0.82082, 0.8225, 0.83234, 0.83505, 0.8781, 1.0335, 1.2123, 
1.3978, 1.6367, 1.8913, 2.2362, 2.5555, 3.1916, 3.3086, 3.585, 
671.4, 728.9, 784, 848.7, 905.1, 957.5, 1012.6, 1057.7, 1106.5, 
1158.8, 1211.4, 1, 1, 1, 1, 1, 1, 1, 1, 1, 1, 1, 1, 1, 1, 1, 
1, 1, 1, 1, 1, 1, 1, 1, 1, 1, 1, 1, 1, 1, 1, 1, 1, 1, 1, 1, 1, 
1, 1, 1, 1, 1, 1, 1, 1, 12.012, 13.666, 16.287, 18.248, 20.962, 
23.841, 26.837, 30.17, 38.217, 38.572, 41.536), .Dim = c(11L, 
40L), .Dimnames = list(NULL, c("Sampling", "PSO.cost", "PSO.gamma", 
"PSO.data.balancing", "PSO.feature.selection", "PSO.valid.acc", 
"PSO.test.acc", "PSO.train.time", "PSO.n.support.vectors", "PSO.index", 
"PSO.n.solutions", "PSO.generations", "PSO.n.evaluations", "PSO.cpu.time", 
"RS.cost", "RS.gamma", "RS.data.balancing", "RS.feature.selection", 
"RS.valid.acc", "RS.test.acc", "RS.train.time", "RS.n.support.vectors", 
"RS.index", "RS.n.solutions", "RS.generations", "RS.n.evaluations", 
"RS.cpu.time", "DF.cost", "DF.gamma", "DF.data.balancing", "DF.feature.selection", 
"DF.valid.acc", "DF.test.acc", "DF.train.time", "DF.n.support.vectors", 
"DF.index", "DF.n.solutions", "DF.generations", "DF.n.evaluations", 
"DF.cpu.time")))
