full <-
structure(c(50, 55, 60, 65, 70, 75, 80, 85, 90, 95, 100, 7.81884, 
4.78228, 9.72232, 2.09006, 4.90859, 1.94807, 2.49376, 7.96343, 
5.5063, 5.51583, 3.17435, -9.29257, -7.1863, -15, -7.98095, -9.65838, 
-7.57452, -8.02335, -6.7539, -7.69924, -9.52337, -7.82914, 0, 
0, 0, 0, 0, 0, 0, 0, 0, 0, 0, 0, 0, 0, 0, 0, 0, 0, 0, 0, 0, 0, 
0.82448, 0.8358, 0.82524, 0.8419, 0.83753, 0.83772, 0.84791, 
0.84742, 0.84809, 0.85137, 0.85106, 0.80446, 0.82843, 0.81716, 
0.83108, 0.82689, 0.83369, 0.83908, 0.83971, 0.8431, 0.84503, 
0.8405, 0.6563, 0.9007, 0.7745, 1.0363, 1.0545, 1.3756, 1.4533, 
2.3101, 2.4815, 2.3862, 3.2164, 567.4, 697.1, 614.3, 745.7, 715.8, 
853.3, 869.4, 1025.8, 980, 902.6, 1042.1, 1218, 689, 2350, 1297, 
2431, 1525, 1386, 289, 1123, 1477, 646, 81, 31, 6, 137, 1, 13, 
65, 336, 66, 16, 241, 100, 100, 100, 100, 100, 100, 100, 100, 
100, 100, 100, 2500, 2500, 2500, 2500, 2500, 2500, 2500, 2500, 
2500, 2500, 2500, 25056.438, 30637.646, 32100.466, 36718.006, 
36279.162, 47821.6949999999, 48629.769, 70182.0549999999, 76196.892, 
92109.356, 107551.638, 7.62798, 4.67422, 4.51341, 7.10365, 4.94948, 
4.13348, 2.40885, 14.37583, 4.79475, 5.82835, 3.05042, -9.27625, 
-8.15065, -7.46649, -12.05951, -9.63504, -10.20999, -7.20199, 
-6.6986, -7.56003, -9.81436, -7.75923, 0, 0, 0, 0, 0, 0, 0, 0, 
0, 0, 0, 0, 0, 0, 0, 0, 0, 0, 0, 0, 0, 0, 0.82049, 0.83483, 0.82531, 
0.84036, 0.8354, 0.83633, 0.8454, 0.84685, 0.84641, 0.84928, 
0.84955, 0.80347, 0.83115, 0.81946, 0.82805, 0.8269, 0.82766, 
0.83783, 0.8403, 0.8431, 0.84344, 0.84, 0.6486, 0.7651, 0.9813, 
0.9183, 1.0603, 1.1922, 2.0934, 2.2766, 2.4228, 2.3374, 3.4689, 
567.2, 647.4, 726.3, 655.2, 716.2, 759.1, 925.4, 1031.5, 992.8, 
891.8, 1048, 758, 2261, 1010, 201, 2331, 1424, 888, 1678, 219, 
344, 834, 1, 1, 1, 2, 1, 1, 1, 2, 1, 1, 1, 100, 100, 100, 100, 
100, 100, 100, 100, 100, 100, 100, 2500, 2500, 2500, 2500, 2500, 
2500, 2500, 2500, 2500, 2500, 2500, 30989.393, 36020.831, 41551.19, 
47342.471, 51435.355, 60831.403, 78255.593, 83186.3350000001, 
107432.661, 124850.949, 134701.069, 1, 1, 1, 1, 1, 1, 1, 1, 1, 
1, 1, 0.01316, 0.01316, 0.01316, 0.01316, 0.01316, 0.01316, 0.01316, 
0.01316, 0.01316, 0.01316, 0.01316, 0, 0, 0, 0, 0, 0, 0, 0, 0, 
0, 0, 0, 0, 0, 0, 0, 0, 0, 0, 0, 0, 0, 0.80945, 0.80488, 0.8061, 
0.82336, 0.81893, 0.82298, 0.82661, 0.82679, 0.82932, 0.83187, 
0.8305, 0.80642, 0.81854, 0.80956, 0.82255, 0.82257, 0.82635, 
0.82968, 0.82437, 0.82981, 0.8292, 0.834, 0.871, 0.977, 1.1506, 
1.3596, 1.4843, 1.71, 2.4331, 2.4666, 3.3255, 3.8132, 3.674, 
676.2, 736.3, 788.4, 847.7, 904.7, 955.8, 1007.8, 1062.4, 1116.2, 
1163.5, 1206.7, 1, 1, 1, 1, 1, 1, 1, 1, 1, 1, 1, 1, 1, 1, 1, 
1, 1, 1, 1, 1, 1, 1, 1, 1, 1, 1, 1, 1, 1, 1, 1, 1, 1, 1, 1, 1, 
1, 1, 1, 1, 1, 1, 1, 1, 11.914, 13.107, 15.035, 17.124, 18.625, 
21.03, 29.214, 29.616, 39.424, 45.494, 43.122), .Dim = c(11L, 
40L), .Dimnames = list(NULL, c("Sampling", "PSO.cost", "PSO.gamma", 
"PSO.data.balancing", "PSO.feature.selection", "PSO.valid.acc", 
"PSO.test.acc", "PSO.train.time", "PSO.n.support.vectors", "PSO.index", 
"PSO.n.solutions", "PSO.generations", "PSO.n.evaluations", "PSO.cpu.time", 
"RS.cost", "RS.gamma", "RS.data.balancing", "RS.feature.selection", 
"RS.valid.acc", "RS.test.acc", "RS.train.time", "RS.n.support.vectors", 
"RS.index", "RS.n.solutions", "RS.generations", "RS.n.evaluations", 
"RS.cpu.time", "DF.cost", "DF.gamma", "DF.data.balancing", "DF.feature.selection", 
"DF.valid.acc", "DF.test.acc", "DF.train.time", "DF.n.support.vectors", 
"DF.index", "DF.n.solutions", "DF.generations", "DF.n.evaluations", 
"DF.cpu.time")))
