full <-
structure(c(50, 55, 60, 65, 70, 75, 80, 85, 90, 95, 100, 1.66173, 
6.93078, 10.58693, 4.0105, 9.44046, 4.07984, 5.95328, 2.98618, 
2.77436, 6.53282, 4.32991, -7.66512, -13.59408, -14.9693, -8.69256, 
-14.97573, -7.84993, -10.20136, -7.67803, -7.53047, -6.8943, 
-7.91152, 0, 0, 0, 0, 0, 0, 0, 0, 0, 0, 0, 0, 0, 0, 0, 0, 0, 
0, 0, 0, 0, 0, 0.86547, 0.86265, 0.85709, 0.85367, 0.84675, 0.85904, 
0.84415, 0.85204, 0.83477, 0.83975, 0.85154, 0.85859, 0.8472, 
0.84025, 0.8429, 0.84394, 0.849, 0.82842, 0.84028, 0.82811, 0.83452, 
0.84851, 0.6907, 0.7329, 0.7845, 1.0248, 1.0552, 1.4171, 1.3867, 
1.7702, 2.1132, 3.3836, 3.0067, 595.9, 585.3, 591.2, 694.2, 690.9, 
832.7, 774.2, 938.1, 993.8, 1108, 1035.1, 1752, 1043, 1676, 1960, 
1764, 952, 1399, 1279, 1971, 66, 2069, 48, 58, 12, 2, 7, 25, 
47, 8, 2, 904, 17, 100, 100, 100, 100, 100, 100, 100, 100, 100, 
100, 100, 2500, 2500, 2500, 2500, 2500, 2500, 2500, 2500, 2500, 
2500, 2500, 26818.39, 28013.745, 29826.969, 36073.963, 38319.151, 
46421.875, 45885.1539999999, 57172.7429999999, 65176.485, 102164.05, 
86313.6189999999, 2.38188, 7.12394, 9.99423, 3.945, 8.18412, 
4.93752, 6.02934, 3.17006, 2.63099, 10.69886, 4.31583, -8.28232, 
-13.73808, -14.43879, -8.52642, -13.72119, -8.33414, -10.22515, 
-7.65673, -6.49431, -6.90085, -7.9122, 0, 0, 0, 0, 0, 0, 0, 0, 
0, 0, 0, 0, 0, 0, 0, 0, 0, 0, 0, 0, 0, 0, 0.86334, 0.86083, 0.8562, 
0.85138, 0.84602, 0.85504, 0.8435, 0.85028, 0.83364, 0.83975, 
0.85154, 0.85464, 0.84629, 0.8411, 0.84213, 0.84394, 0.84501, 
0.82844, 0.84148, 0.82977, 0.83452, 0.84851, 0.6711, 0.7135, 
0.8136, 1.0395, 1.0753, 1.3193, 1.3623, 1.7772, 2.4996, 3.078, 
2.8334, 570.6, 583, 592, 701, 692.1, 806.6, 772.9, 940.3, 1094.1, 
1107.1, 1035, 2448, 2404, 1658, 2130, 1418, 908, 1455, 2083, 
42, 167, 322, 1, 1, 2, 1, 1, 1, 1, 1, 1, 5, 2, 100, 100, 100, 
100, 100, 100, 100, 100, 100, 100, 100, 2500, 2500, 2500, 2500, 
2500, 2500, 2500, 2500, 2500, 2500, 2500, 31789.855, 37211.764, 
43148.683, 49371.786, 55696.865, 62642.219, 78119.3099999999, 
82580.3960000001, 97655.791, 119316.811, 133525.656, 1, 1, 1, 
1, 1, 1, 1, 1, 1, 1, 1, 0.01316, 0.01316, 0.01316, 0.01316, 0.01316, 
0.01316, 0.01316, 0.01316, 0.01316, 0.01316, 0.01316, 0, 0, 0, 
0, 0, 0, 0, 0, 0, 0, 0, 0, 0, 0, 0, 0, 0, 0, 0, 0, 0, 0, 0.85048, 
0.84971, 0.84135, 0.83433, 0.82673, 0.83703, 0.82526, 0.83321, 
0.82478, 0.82603, 0.83099, 0.85044, 0.848, 0.83383, 0.82826, 
0.82671, 0.84036, 0.82708, 0.82909, 0.82147, 0.82288, 0.83245, 
0.8741, 1.0019, 1.1911, 1.3636, 1.5399, 1.779, 1.9797, 2.277, 
3.3781, 3.365, 4.0406, 660.4, 715, 776.1, 838.5, 895.9, 943.6, 
998.6, 1057.5, 1106.9, 1159.7, 1210.1, 1, 1, 1, 1, 1, 1, 1, 1, 
1, 1, 1, 1, 1, 1, 1, 1, 1, 1, 1, 1, 1, 1, 1, 1, 1, 1, 1, 1, 1, 
1, 1, 1, 1, 1, 1, 1, 1, 1, 1, 1, 1, 1, 1, 1, 11.876, 13.589, 
15.457, 17.561, 19.194, 21.744, 24.14, 27.273, 39.589, 39.533, 
46.815), .Dim = c(11L, 40L), .Dimnames = list(NULL, c("Sampling", 
"PSO.cost", "PSO.gamma", "PSO.data.balancing", "PSO.feature.selection", 
"PSO.valid.acc", "PSO.test.acc", "PSO.train.time", "PSO.n.support.vectors", 
"PSO.index", "PSO.n.solutions", "PSO.generations", "PSO.n.evaluations", 
"PSO.cpu.time", "RS.cost", "RS.gamma", "RS.data.balancing", "RS.feature.selection", 
"RS.valid.acc", "RS.test.acc", "RS.train.time", "RS.n.support.vectors", 
"RS.index", "RS.n.solutions", "RS.generations", "RS.n.evaluations", 
"RS.cpu.time", "DF.cost", "DF.gamma", "DF.data.balancing", "DF.feature.selection", 
"DF.valid.acc", "DF.test.acc", "DF.train.time", "DF.n.support.vectors", 
"DF.index", "DF.n.solutions", "DF.generations", "DF.n.evaluations", 
"DF.cpu.time")))
