full <-
structure(c(50, 55, 60, 65, 70, 75, 80, 85, 90, 95, 100, 6.61638, 
0.77327, 3.65373, 1.42117, 1.9254, 5.08323, 3.34835, 4.42237, 
2.66104, 5.42208, 3.0837, -7.03683, -6.25024, -6.67347, -5.8652, 
-6.92194, -7.25498, -8.54206, -8.65167, -7.28629, -9.0443, -7.41843, 
0, 0, 0, 0, 0, 0, 0, 0, 0, 0, 0, 0, 0, 0, 0, 0, 0, 0, 0, 0, 0, 
0, 0.80928, 0.81591, 0.8221, 0.82186, 0.82604, 0.83172, 0.84106, 
0.83737, 0.84919, 0.84876, 0.85505, 0.80234, 0.79674, 0.80459, 
0.81797, 0.82392, 0.82633, 0.83484, 0.82918, 0.83916, 0.83662, 
0.83949, 0.847, 1.1053, 1.1808, 1.489, 1.421, 1.5518, 1.4866, 
2.2262, 3.215, 1.9967, 2.7501, 652.5, 733.5, 772.1, 874.6, 861.6, 
894.5, 838.8, 880, 1026.1, 934.4, 1083.9, 121, 202, 2029, 1699, 
1119, 415, 2449, 842, 1956, 1646, 1227, 777, 200, 1, 28, 69, 
184, 31, 57, 13, 87, 68, 100, 100, 100, 100, 100, 100, 100, 100, 
100, 100, 100, 2500, 2500, 2500, 2500, 2500, 2500, 2500, 2500, 
2500, 2500, 2500, 29530.149, 38601.894, 39831.747, 43458.202, 
47760.144, 52032.169, 53852.316, 69288.1200000001, 91376.336, 
66159.091, 87671.2720000001, 7.24078, 0.73027, 14.95982, 2.46556, 
1.47878, 5.16089, 3.52834, 4.06112, 2.72921, 5.84473, 3.38451, 
-7.02845, -6.27793, -6.7146, -6.62037, -6.92294, -7.29387, -8.43863, 
-8.35373, -7.39051, -9.34839, -7.23098, 0, 0, 0, 0, 0, 0, 0, 
0, 0, 0, 0, 0, 0, 0, 0, 0, 0, 0, 0, 0, 0, 0, 0.80928, 0.81501, 
0.82042, 0.82188, 0.82464, 0.83038, 0.83981, 0.83442, 0.84753, 
0.84561, 0.84952, 0.80234, 0.79766, 0.80461, 0.82104, 0.83392, 
0.82633, 0.83422, 0.8286, 0.84306, 0.8324, 0.83949, 0.8179, 1.0841, 
1.177, 1.3628, 1.3861, 1.5955, 1.6459, 2.5352, 3.6129, 1.7763, 
2.9777, 652.6, 732.6, 769.5, 830.7, 862.4, 890.9, 843.3, 894.2, 
1015.9, 920.6, 1108.3, 222, 1271, 351, 1968, 1932, 1008, 297, 
76, 886, 954, 1516, 6, 2, 1, 1, 1, 1, 1, 1, 1, 2, 1, 100, 100, 
100, 100, 100, 100, 100, 100, 100, 100, 100, 2500, 2500, 2500, 
2500, 2500, 2500, 2500, 2500, 2500, 2500, 2500, 33717.219, 40282.649, 
45254.666, 49816.43, 56981.289, 72533.119, 92255.919, 112204.762, 
129892.062, 102506.777, 134947.351, 1, 1, 1, 1, 1, 1, 1, 1, 1, 
1, 1, 0.01316, 0.01316, 0.01316, 0.01316, 0.01316, 0.01316, 0.01316, 
0.01316, 0.01316, 0.01316, 0.01316, 0, 0, 0, 0, 0, 0, 0, 0, 0, 
0, 0, 0, 0, 0, 0, 0, 0, 0, 0, 0, 0, 0, 0.8064, 0.80133, 0.80622, 
0.80639, 0.81319, 0.81096, 0.81973, 0.82151, 0.82468, 0.82757, 
0.83495, 0.80144, 0.80304, 0.80211, 0.80405, 0.82103, 0.81633, 
0.82223, 0.8233, 0.8224, 0.82813, 0.83296, 0.912, 1.0678, 1.2113, 
1.4065, 1.5879, 1.9085, 2.7619, 3.1558, 4.1029, 2.7221, 3.879, 
681.1, 737, 794.2, 853.4, 906.8, 958.5, 1015.3, 1065.6, 1118.7, 
1168.8, 1210.4, 1, 1, 1, 1, 1, 1, 1, 1, 1, 1, 1, 1, 1, 1, 1, 
1, 1, 1, 1, 1, 1, 1, 1, 1, 1, 1, 1, 1, 1, 1, 1, 1, 1, 1, 1, 1, 
1, 1, 1, 1, 1, 1, 1, 1, 13.356, 14.805, 15.52, 18.746, 20.538, 
23.981, 33.564, 37.862, 48.307, 32.216, 44.952), .Dim = c(11L, 
40L), .Dimnames = list(NULL, c("Sampling", "PSO.cost", "PSO.gamma", 
"PSO.data.balancing", "PSO.feature.selection", "PSO.valid.acc", 
"PSO.test.acc", "PSO.train.time", "PSO.n.support.vectors", "PSO.index", 
"PSO.n.solutions", "PSO.generations", "PSO.n.evaluations", "PSO.cpu.time", 
"RS.cost", "RS.gamma", "RS.data.balancing", "RS.feature.selection", 
"RS.valid.acc", "RS.test.acc", "RS.train.time", "RS.n.support.vectors", 
"RS.index", "RS.n.solutions", "RS.generations", "RS.n.evaluations", 
"RS.cpu.time", "DF.cost", "DF.gamma", "DF.data.balancing", "DF.feature.selection", 
"DF.valid.acc", "DF.test.acc", "DF.train.time", "DF.n.support.vectors", 
"DF.index", "DF.n.solutions", "DF.generations", "DF.n.evaluations", 
"DF.cpu.time")))
