full <-
structure(c(50, 55, 60, 65, 70, 75, 80, 85, 90, 95, 100, 3.36199, 
2.33428, 2.66025, 1.9745, 3.18062, 3.49564, 5.32204, 6.61303, 
12.22672, 4.91404, 3.78136, -6.78642, -7.23729, -7.42427, -6.77638, 
-7.62825, -7.32846, -8.32322, -8.80191, -6.86055, -8.22327, -7.84987, 
0, 0, 0, 0, 0, 0, 0, 0, 0, 0, 0, 0, 0, 0, 0, 0, 0, 0, 0, 0, 0, 
0, 0.83961, 0.83119, 0.84794, 0.83813, 0.85308, 0.85639, 0.856, 
0.84973, 0.85142, 0.84874, 0.85256, 0.82942, 0.82852, 0.83625, 
0.82804, 0.84524, 0.84837, 0.84596, 0.84208, 0.84802, 0.83924, 
0.84606, 0.8286, 0.902, 0.9783, 1.2725, 1.2886, 1.488, 1.5143, 
1.6093, 2.3712, 2.3002, 2.8235, 644.1, 676.3, 715.1, 807.1, 796.4, 
863.7, 843.7, 845.4, 1046.8, 969.5, 1041.8, 1141, 2045, 852, 
1072, 1055, 895, 772, 2431, 175, 2117, 822, 181, 1, 369, 321, 
143, 101, 150, 1, 1003, 61, 291, 100, 100, 100, 100, 100, 100, 
100, 100, 100, 100, 100, 2500, 2500, 2500, 2500, 2500, 2500, 
2500, 2500, 2500, 2500, 2500, 29109.057, 30535.167, 34728.512, 
41664.91, 42205.427, 48039.309, 49335.519, 56015.1980000001, 
75747.299, 74180.981, 88463.3759999999, 13.48402, 2.78739, 2.49276, 
2.08975, 3.09607, 3.77914, 5.18196, 6.11554, 14.03877, 5.08269, 
3.64662, -6.68545, -7.962, -7.3318, -6.69522, -7.63902, -8.35198, 
-8.74521, -9.36062, -6.85688, -8.05584, -7.80005, 0, 0, 0, 0, 
0, 0, 0, 0, 0, 0, 0, 0, 0, 0, 0, 0, 0, 0, 0, 0, 0, 0, 0.83757, 
0.82754, 0.84545, 0.83655, 0.85238, 0.8544, 0.85411, 0.84738, 
0.85142, 0.84609, 0.85206, 0.83343, 0.82766, 0.83706, 0.83113, 
0.84525, 0.84037, 0.84539, 0.85031, 0.84802, 0.84081, 0.84856, 
0.8006, 0.814, 1.018, 1.3276, 1.2697, 1.3153, 1.4412, 1.5786, 
2.3053, 2.3841, 2.7659, 650.4, 636.5, 720.8, 812.9, 795.6, 789.3, 
818.3, 819.3, 1047.1, 984.1, 1045.7, 749, 1286, 2331, 893, 1028, 
2265, 700, 65, 81, 35, 1961, 3, 1, 1, 1, 1, 1, 1, 1, 2, 1, 1, 
100, 100, 100, 100, 100, 100, 100, 100, 100, 100, 100, 2500, 
2500, 2500, 2500, 2500, 2500, 2500, 2500, 2500, 2500, 2500, 31735.781, 
37689.357, 43332.849, 50129.748, 55674.876, 62597.428, 73188.5919999999, 
94937.127, 96631.583, 109704.506, 126114.962, 1, 1, 1, 1, 1, 
1, 1, 1, 1, 1, 1, 0.01316, 0.01316, 0.01316, 0.01316, 0.01316, 
0.01316, 0.01316, 0.01316, 0.01316, 0.01316, 0.01316, 0, 0, 0, 
0, 0, 0, 0, 0, 0, 0, 0, 0, 0, 0, 0, 0, 0, 0, 0, 0, 0, 0, 0.80931, 
0.80385, 0.82795, 0.82268, 0.82813, 0.84095, 0.83225, 0.83971, 
0.83197, 0.8287, 0.83001, 0.81328, 0.80392, 0.82372, 0.81735, 
0.8382, 0.83022, 0.83349, 0.83673, 0.82972, 0.82711, 0.83352, 
0.8623, 1.0351, 1.2347, 1.3824, 1.601, 1.7605, 2.1872, 2.7598, 
2.9535, 3.3233, 3.9481, 670.4, 730.9, 788.4, 840.5, 901.2, 953.6, 
1008.1, 1055.4, 1101.7, 1163.6, 1210.2, 1, 1, 1, 1, 1, 1, 1, 
1, 1, 1, 1, 1, 1, 1, 1, 1, 1, 1, 1, 1, 1, 1, 1, 1, 1, 1, 1, 1, 
1, 1, 1, 1, 1, 1, 1, 1, 1, 1, 1, 1, 1, 1, 1, 1, 12.009, 13.841, 
16.118, 17.689, 19.859, 21.678, 26.663, 32.808, 34.848, 38.854, 
45.472), .Dim = c(11L, 40L), .Dimnames = list(NULL, c("Sampling", 
"PSO.cost", "PSO.gamma", "PSO.data.balancing", "PSO.feature.selection", 
"PSO.valid.acc", "PSO.test.acc", "PSO.train.time", "PSO.n.support.vectors", 
"PSO.index", "PSO.n.solutions", "PSO.generations", "PSO.n.evaluations", 
"PSO.cpu.time", "RS.cost", "RS.gamma", "RS.data.balancing", "RS.feature.selection", 
"RS.valid.acc", "RS.test.acc", "RS.train.time", "RS.n.support.vectors", 
"RS.index", "RS.n.solutions", "RS.generations", "RS.n.evaluations", 
"RS.cpu.time", "DF.cost", "DF.gamma", "DF.data.balancing", "DF.feature.selection", 
"DF.valid.acc", "DF.test.acc", "DF.train.time", "DF.n.support.vectors", 
"DF.index", "DF.n.solutions", "DF.generations", "DF.n.evaluations", 
"DF.cpu.time")))
