full <-
structure(c(50, 55, 60, 65, 70, 75, 80, 85, 90, 95, 100, 2.00674, 
5.44348, 3.70396, 3.42873, 3.32378, 3.51898, 3.72081, 3.07345, 
6.37676, 3.99424, 2.93369, -6.36719, -10.08186, -9.60588, -7.84609, 
-7.40904, -8.7209, -8.57302, -7.07228, -7.92385, -6.72406, -8.02269, 
0, 0, 0, 0, 0, 0, 0, 0, 0, 0, 0, 0, 0, 0, 0, 0, 0, 0, 0, 0, 0, 
0, 0.84246, 0.8449, 0.85561, 0.8443, 0.84679, 0.85507, 0.84522, 
0.84617, 0.84246, 0.8503, 0.84857, 0.8283, 0.83683, 0.83391, 
0.83804, 0.84105, 0.84499, 0.84273, 0.84208, 0.83624, 0.83921, 
0.84506, 0.8965, 0.7425, 0.8805, 1.113, 1.3149, 1.2848, 1.5199, 
3.1914, 2.7687, 3.9865, 3.1874, 677.4, 590.8, 648.1, 750.9, 819.1, 
782, 828.4, 985.4, 961.1, 1114, 1018.8, 1240, 1288, 814, 1305, 
1631, 2481, 1275, 1250, 1070, 1247, 2075, 111, 29, 64, 67, 1, 
1, 29, 35, 52, 57, 18, 100, 100, 100, 100, 100, 100, 100, 100, 
100, 100, 100, 2500, 2500, 2500, 2500, 2500, 2500, 2500, 2500, 
2500, 2500, 2500, 34576.212, 33607.535, 36052.64, 41899.518, 
48698.581, 44625.346, 51629.397, 111981.736, 125342.484, 115268.534, 
119973.991, 3.18298, 6.51044, 3.87544, 3.46887, 9.06789, 5.1248, 
4.13539, 2.9289, 6.38975, 9.88799, 2.8657, -9.75577, -10.90565, 
-9.7884, -7.93699, -6.97818, -10.00528, -9.22302, -8.05841, -7.92417, 
-6.70142, -7.89984, 0, 0, 0, 0, 0, 0, 0, 0, 0, 0, 0, 0, 0, 0, 
0, 0, 0, 0, 0, 0, 0, 0, 0.8406, 0.84117, 0.85477, 0.84119, 0.84463, 
0.85307, 0.84277, 0.845, 0.84191, 0.84871, 0.84706, 0.8354, 0.83046, 
0.83557, 0.83958, 0.84673, 0.847, 0.84275, 0.84148, 0.83624, 
0.84027, 0.84205, 0.6651, 0.7339, 0.9231, 1.096, 1.4054, 1.2092, 
1.4286, 2.8099, 5.0103, 3.3971, 4.3581, 578.4, 582, 645.9, 746.7, 
851.7, 736.7, 801.4, 899, 961.1, 1116.1, 1033.1, 2029, 2098, 
624, 42, 1833, 458, 1648, 1580, 1587, 182, 1877, 1, 1, 1, 1, 
1, 1, 1, 1, 1, 9, 1, 100, 100, 100, 100, 100, 100, 100, 100, 
100, 100, 100, 2500, 2500, 2500, 2500, 2500, 2500, 2500, 2500, 
2500, 2500, 2500, 35238.896, 41220.713, 47740.87, 53611.393, 
56728.127, 67739.894, 85795.537, 139271.045, 174121.055, 145315.119, 
179868.595, 1, 1, 1, 1, 1, 1, 1, 1, 1, 1, 1, 0.01316, 0.01316, 
0.01316, 0.01316, 0.01316, 0.01316, 0.01316, 0.01316, 0.01316, 
0.01316, 0.01316, 0, 0, 0, 0, 0, 0, 0, 0, 0, 0, 0, 0, 0, 0, 0, 
0, 0, 0, 0, 0, 0, 0, 0.83955, 0.82867, 0.83132, 0.82647, 0.82026, 
0.82498, 0.83089, 0.83267, 0.828, 0.83657, 0.833, 0.83352, 0.83238, 
0.8396, 0.82953, 0.82103, 0.82902, 0.82963, 0.83383, 0.83019, 
0.83131, 0.83403, 0.8772, 1.0412, 1.2077, 1.358, 1.5942, 1.8097, 
2.3973, 4.9386, 3.4961, 4.4431, 5.8375, 675.8, 731.5, 786, 846.3, 
899.8, 945.4, 1000.3, 1052.3, 1106, 1159.6, 1207.1, 1, 1, 1, 
1, 1, 1, 1, 1, 1, 1, 1, 1, 1, 1, 1, 1, 1, 1, 1, 1, 1, 1, 1, 1, 
1, 1, 1, 1, 1, 1, 1, 1, 1, 1, 1, 1, 1, 1, 1, 1, 1, 1, 1, 1, 13.13, 
15.131, 17.419, 19.348, 20.237, 22.894, 29.019, 59.139, 41.252, 
52.402, 68.912), .Dim = c(11L, 40L), .Dimnames = list(NULL, c("Sampling", 
"PSO.cost", "PSO.gamma", "PSO.data.balancing", "PSO.feature.selection", 
"PSO.valid.acc", "PSO.test.acc", "PSO.train.time", "PSO.n.support.vectors", 
"PSO.index", "PSO.n.solutions", "PSO.generations", "PSO.n.evaluations", 
"PSO.cpu.time", "RS.cost", "RS.gamma", "RS.data.balancing", "RS.feature.selection", 
"RS.valid.acc", "RS.test.acc", "RS.train.time", "RS.n.support.vectors", 
"RS.index", "RS.n.solutions", "RS.generations", "RS.n.evaluations", 
"RS.cpu.time", "DF.cost", "DF.gamma", "DF.data.balancing", "DF.feature.selection", 
"DF.valid.acc", "DF.test.acc", "DF.train.time", "DF.n.support.vectors", 
"DF.index", "DF.n.solutions", "DF.generations", "DF.n.evaluations", 
"DF.cpu.time")))
