full <-
structure(c(50, 55, 60, 65, 70, 75, 80, 85, 90, 95, 100, 1.75786, 
2.76203, 4.15793, 3.6629, 1.24491, 2.57214, 3.84794, 3.1773, 
2.97767, 10.97026, 5.04512, -7.44389, -6.99382, -9.36347, -7.77391, 
-6.95801, -7.08312, -9.58406, -8.71294, -7.37089, -6.9135, -8.53804, 
0, 0, 0, 0, 0, 0, 0, 0, 0, 0, 0, 0, 0, 0, 0, 0, 0, 0, 0, 0, 0, 
0, 0.84765, 0.83484, 0.84389, 0.84283, 0.85182, 0.84304, 0.8349, 
0.83623, 0.84367, 0.84759, 0.84705, 0.84167, 0.82775, 0.83293, 
0.83578, 0.85105, 0.83843, 0.82861, 0.82855, 0.83195, 0.84493, 
0.83049, 0.7055, 0.9009, 0.8126, 1.0618, 1.3355, 1.4949, 1.3348, 
1.5724, 2.2418, 3.7162, 3.3094, 613.9, 688.6, 646.1, 747.5, 846.9, 
885.3, 797.4, 865.4, 1008.9, 1101.4, 983.1, 854, 1794, 1915, 
478, 1616, 814, 605, 975, 1529, 365, 2040, 110, 27, 7, 292, 11, 
165, 52, 244, 47, 24, 4, 100, 100, 100, 100, 100, 100, 100, 100, 
100, 100, 100, 2500, 2500, 2500, 2500, 2500, 2500, 2500, 2500, 
2500, 2500, 2500, 26444.139, 32193.217, 29891.42, 35286.209, 
42507.774, 46352.978, 46426.2290000001, 53822.9399999999, 69821.405, 
103412.017, 105800.517, 1.70913, 2.8062, 4.35774, 3.43818, 1.48584, 
1.76467, 3.90792, 3.16069, 2.97095, 14.10458, 4.87564, -7.56113, 
-6.90932, -9.43701, -7.60532, -7.30293, -7.55847, -9.47965, -8.716, 
-7.39184, -6.93164, -8.43147, 0, 0, 0, 0, 0, 0, 0, 0, 0, 0, 0, 
0, 0, 0, 0, 0, 0, 0, 0, 0, 0, 0, 0.84564, 0.83309, 0.84058, 0.84128, 
0.84898, 0.84172, 0.83367, 0.83504, 0.84256, 0.84654, 0.84554, 
0.83964, 0.82771, 0.83213, 0.8381, 0.84892, 0.83772, 0.83237, 
0.82914, 0.83196, 0.84493, 0.8315, 0.7015, 0.9357, 0.7964, 1.0655, 
1.2268, 1.3891, 1.3227, 1.7012, 2.4909, 3.7961, 3.4163, 610.3, 
693.5, 643.6, 759.8, 827, 851.5, 796.6, 865, 1006.8, 1100.1, 
990.7, 743, 2438, 649, 1116, 2063, 1342, 698, 1655, 573, 539, 
1105, 1, 1, 2, 1, 1, 1, 1, 1, 1, 2, 1, 100, 100, 100, 100, 100, 
100, 100, 100, 100, 100, 100, 2500, 2500, 2500, 2500, 2500, 2500, 
2500, 2500, 2500, 2500, 2500, 30922.366, 36088.746, 41158.832, 
47064.856, 52284.289, 60414.703, 77102.054, 84691.376, 100335.977, 
124861.124, 134938.015, 1, 1, 1, 1, 1, 1, 1, 1, 1, 1, 1, 0.01316, 
0.01316, 0.01316, 0.01316, 0.01316, 0.01316, 0.01316, 0.01316, 
0.01316, 0.01316, 0.01316, 0, 0, 0, 0, 0, 0, 0, 0, 0, 0, 0, 0, 
0, 0, 0, 0, 0, 0, 0, 0, 0, 0, 0.82147, 0.82402, 0.81711, 0.82514, 
0.83243, 0.82102, 0.82545, 0.81908, 0.82259, 0.83071, 0.82345, 
0.81653, 0.82409, 0.81714, 0.82432, 0.83172, 0.83104, 0.82104, 
0.81794, 0.82038, 0.82703, 0.82348, 0.8199, 0.9659, 1.1841, 1.3493, 
1.5077, 1.86, 2.5666, 2.4731, 3.122, 3.8781, 3.8201, 664.3, 726.9, 
786.2, 844.3, 899.2, 953.5, 1002.1, 1056.3, 1110.1, 1159.8, 1208.7, 
1, 1, 1, 1, 1, 1, 1, 1, 1, 1, 1, 1, 1, 1, 1, 1, 1, 1, 1, 1, 1, 
1, 1, 1, 1, 1, 1, 1, 1, 1, 1, 1, 1, 1, 1, 1, 1, 1, 1, 1, 1, 1, 
1, 1, 11.422, 13.079, 15.288, 17.011, 18.808, 22.721, 30.985, 
29.471, 37.202, 45.748, 44.639), .Dim = c(11L, 40L), .Dimnames = list(
    NULL, c("Sampling", "PSO.cost", "PSO.gamma", "PSO.data.balancing", 
    "PSO.feature.selection", "PSO.valid.acc", "PSO.test.acc", 
    "PSO.train.time", "PSO.n.support.vectors", "PSO.index", "PSO.n.solutions", 
    "PSO.generations", "PSO.n.evaluations", "PSO.cpu.time", "RS.cost", 
    "RS.gamma", "RS.data.balancing", "RS.feature.selection", 
    "RS.valid.acc", "RS.test.acc", "RS.train.time", "RS.n.support.vectors", 
    "RS.index", "RS.n.solutions", "RS.generations", "RS.n.evaluations", 
    "RS.cpu.time", "DF.cost", "DF.gamma", "DF.data.balancing", 
    "DF.feature.selection", "DF.valid.acc", "DF.test.acc", "DF.train.time", 
    "DF.n.support.vectors", "DF.index", "DF.n.solutions", "DF.generations", 
    "DF.n.evaluations", "DF.cpu.time")))
