full <-
structure(c(50, 55, 60, 65, 70, 75, 80, 85, 90, 95, 100, 1.01461, 
3.18889, 1.86723, 6.01323, 1.06508, 0.97289, 5.89569, 2.31487, 
2.61792, 3.18524, 4.08694, -7.40694, -6.78739, -6.37452, -6.08885, 
-6.53722, -6.78916, -5.87214, -8.19414, -6.54243, -7.55442, -8.00559, 
0, 0, 0, 0, 0, 0, 0, 0, 0, 0, 0, 0, 0, 0, 0, 0, 0, 0, 0, 0, 0, 
0, 0.8164, 0.83855, 0.84132, 0.84128, 0.84755, 0.84029, 0.84538, 
0.84506, 0.85197, 0.85396, 0.85759, 0.80444, 0.82668, 0.83713, 
0.82665, 0.83682, 0.83351, 0.82849, 0.83859, 0.83918, 0.84335, 
0.84454, 0.769, 0.9926, 1.2069, 1.4644, 1.4562, 1.8366, 2.8845, 
2.1506, 3.2148, 2.6729, 2.6809, 633.6, 707.6, 784.1, 862.2, 878.3, 
914.6, 1038.3, 897, 1087.1, 1026.9, 1024.7, 1873, 1358, 268, 
357, 603, 845, 682, 1596, 836, 681, 1524, 6, 149, 100, 433, 294, 
312, 47, 15, 442, 371, 85, 100, 100, 100, 100, 100, 100, 100, 
100, 100, 100, 100, 2500, 2500, 2500, 2500, 2500, 2500, 2500, 
2500, 2500, 2500, 2500, 31344.387, 35900.046, 41967.722, 47544.159, 
50529.69, 57292.428, 83300.25, 75019.782, 96644.9389999999, 89232.736, 
103199.489, 2.46985, 3.31635, 2.23189, 4.66694, 1.13492, 0.70096, 
6.19898, 1.92416, 2.33124, 2.86331, 4.17778, -6.89488, -6.68739, 
-6.42358, -6.08148, -6.1569, -6.72105, -5.89283, -7.63448, -6.30659, 
-7.22625, -8.09778, 0, 0, 0, 0, 0, 0, 0, 0, 0, 0, 0, 0, 0, 0, 
0, 0, 0, 0, 0, 0, 0, 0, 0.81237, 0.83579, 0.83965, 0.84128, 0.84467, 
0.83828, 0.84476, 0.84268, 0.84974, 0.85186, 0.85658, 0.80841, 
0.83027, 0.83629, 0.82665, 0.83105, 0.82885, 0.83098, 0.84094, 
0.84143, 0.84444, 0.84455, 0.8583, 1.0084, 1.2387, 1.4676, 1.6901, 
1.7076, 3.1431, 2.0957, 3.2498, 2.6916, 2.9212, 649.9, 712.4, 
782.7, 862.7, 904.2, 920.4, 1036.8, 933.9, 1110.3, 1058.7, 1016.5, 
1447, 830, 1972, 1817, 994, 789, 987, 1498, 780, 2182, 1539, 
1, 1, 1, 1, 2, 1, 3, 1, 1, 1, 1, 100, 100, 100, 100, 100, 100, 
100, 100, 100, 100, 100, 2500, 2500, 2500, 2500, 2500, 2500, 
2500, 2500, 2500, 2500, 2500, 34722.343, 39749.494, 46276.015, 
52140.554, 60452.375, 77842.849, 96277.197, 105842.26, 117755.583, 
129905.766, 147457.492, 1, 1, 1, 1, 1, 1, 1, 1, 1, 1, 1, 0.01316, 
0.01316, 0.01316, 0.01316, 0.01316, 0.01316, 0.01316, 0.01316, 
0.01316, 0.01316, 0.01316, 0, 0, 0, 0, 0, 0, 0, 0, 0, 0, 0, 0, 
0, 0, 0, 0, 0, 0, 0, 0, 0, 0, 0.80841, 0.82581, 0.82461, 0.82655, 
0.82969, 0.82891, 0.83288, 0.82799, 0.83085, 0.83179, 0.83103, 
0.8024, 0.82209, 0.82214, 0.8205, 0.82968, 0.83355, 0.8279, 0.83034, 
0.83028, 0.83337, 0.83053, 0.8989, 1.053, 1.2731, 1.3677, 1.6493, 
2.052, 2.7168, 3.369, 3.9168, 3.5825, 5.0329, 674.4, 730.7, 790.9, 
850.1, 900.6, 954.4, 1003.1, 1055.7, 1108.6, 1161.9, 1211, 1, 
1, 1, 1, 1, 1, 1, 1, 1, 1, 1, 1, 1, 1, 1, 1, 1, 1, 1, 1, 1, 1, 
1, 1, 1, 1, 1, 1, 1, 1, 1, 1, 1, 1, 1, 1, 1, 1, 1, 1, 1, 1, 1, 
1, 13.012, 14.986, 17.496, 18.564, 21.322, 25.709, 33.03, 40.68, 
47.162, 43.205, 59.845), .Dim = c(11L, 40L), .Dimnames = list(
    NULL, c("Sampling", "PSO.cost", "PSO.gamma", "PSO.data.balancing", 
    "PSO.feature.selection", "PSO.valid.acc", "PSO.test.acc", 
    "PSO.train.time", "PSO.n.support.vectors", "PSO.index", "PSO.n.solutions", 
    "PSO.generations", "PSO.n.evaluations", "PSO.cpu.time", "RS.cost", 
    "RS.gamma", "RS.data.balancing", "RS.feature.selection", 
    "RS.valid.acc", "RS.test.acc", "RS.train.time", "RS.n.support.vectors", 
    "RS.index", "RS.n.solutions", "RS.generations", "RS.n.evaluations", 
    "RS.cpu.time", "DF.cost", "DF.gamma", "DF.data.balancing", 
    "DF.feature.selection", "DF.valid.acc", "DF.test.acc", "DF.train.time", 
    "DF.n.support.vectors", "DF.index", "DF.n.solutions", "DF.generations", 
    "DF.n.evaluations", "DF.cpu.time")))
