full <-
structure(c(50, 55, 60, 65, 70, 75, 80, 85, 90, 95, 100, 2.10181, 
2.35926, 1.16298, 5.21695, 4.15228, 1.96767, 4.76372, 3.71341, 
3.68076, 5.79943, 3.52265, -6.81984, -6.25676, -6.2131, -8.4492, 
-7.19548, -7.41605, -7.4558, -8.32337, -9.09453, -7.93071, -8.29398, 
0, 0, 0, 0, 0, 0, 0, 0, 0, 0, 0, 0, 0, 0, 0, 0, 0, 0, 0, 0, 0, 
0, 0.83547, 0.83148, 0.83709, 0.83417, 0.8346, 0.83368, 0.84479, 
0.84618, 0.84871, 0.85134, 0.85256, 0.81938, 0.82682, 0.82621, 
0.81484, 0.83108, 0.82699, 0.83786, 0.83968, 0.84207, 0.84868, 
0.84602, 0.8568, 1.0936, 1.2755, 1.0755, 1.3864, 1.422, 2.0136, 
1.6621, 1.6828, 2.388, 2.5192, 642.7, 724.6, 783.3, 722.1, 835.8, 
864.1, 908.9, 878.1, 885.5, 992.1, 1003.3, 1490, 1179, 2071, 
1074, 2353, 2487, 1452, 927, 1388, 2098, 1219, 33, 59, 2, 44, 
2, 1, 119, 277, 93, 24, 88, 100, 100, 100, 100, 100, 100, 100, 
100, 100, 100, 100, 2500, 2500, 2500, 2500, 2500, 2500, 2500, 
2500, 2500, 2500, 2500, 28602.598, 37750.796, 42733.373, 38171.506, 
47090.715, 50990.931, 61290.882, 60541.334, 64790.9839999999, 
74633.4539999999, 81484.361, 1.75974, 2.66317, 1.32187, 6.40092, 
4.92595, 2.14965, 6.04993, 5.01499, 3.67854, 4.0592, 3.07502, 
-6.41393, -6.31328, -6.42744, -9.66625, -9.51113, -7.52996, -7.39022, 
-9.35373, -9.08408, -7.91698, -7.89725, 0, 0, 0, 0, 0, 0, 0, 
0, 0, 0, 0, 0, 0, 0, 0, 0, 0, 0, 0, 0, 0, 0, 0.83137, 0.82966, 
0.83296, 0.83262, 0.83388, 0.83101, 0.84106, 0.84263, 0.84759, 
0.84871, 0.85056, 0.81527, 0.82686, 0.82451, 0.81645, 0.83106, 
0.82699, 0.83724, 0.83851, 0.84207, 0.84817, 0.84703, 0.8765, 
1.0678, 1.1894, 1.0139, 1.1419, 1.4572, 1.8365, 1.546, 1.7438, 
2.5141, 2.2872, 656.1, 722.3, 772.3, 679.5, 723.1, 854.6, 916.5, 
824.3, 885.3, 990.9, 1035.6, 1712, 439, 2488, 669, 1264, 2215, 
1385, 765, 556, 1142, 2154, 1, 1, 1, 1, 1, 1, 1, 1, 1, 1, 1, 
100, 100, 100, 100, 100, 100, 100, 100, 100, 100, 100, 2500, 
2500, 2500, 2500, 2500, 2500, 2500, 2500, 2500, 2500, 2500, 31644.118, 
40306.247, 44995.246, 52048.721, 58664.459, 66970.222, 85834.921, 
97845.281, 100087.584, 121735.91, 120138.968, 1, 1, 1, 1, 1, 
1, 1, 1, 1, 1, 1, 0.01316, 0.01316, 0.01316, 0.01316, 0.01316, 
0.01316, 0.01316, 0.01316, 0.01316, 0.01316, 0.01316, 0, 0, 0, 
0, 0, 0, 0, 0, 0, 0, 0, 0, 0, 0, 0, 0, 0, 0, 0, 0, 0, 0, 0.81531, 
0.82067, 0.82211, 0.81417, 0.82819, 0.82364, 0.82528, 0.82383, 
0.82765, 0.83608, 0.8285, 0.80819, 0.82605, 0.82117, 0.81878, 
0.81957, 0.82296, 0.8215, 0.82024, 0.83319, 0.83708, 0.83352, 
0.8597, 1.052, 1.2205, 1.419, 1.5991, 1.8454, 2.2673, 3.3346, 
3.2858, 3.6517, 4.4065, 661.6, 722.6, 781, 840.6, 891.9, 947.8, 
998.3, 1054.9, 1108, 1155.5, 1208, 1, 1, 1, 1, 1, 1, 1, 1, 1, 
1, 1, 1, 1, 1, 1, 1, 1, 1, 1, 1, 1, 1, 1, 1, 1, 1, 1, 1, 1, 1, 
1, 1, 1, 1, 1, 1, 1, 1, 1, 1, 1, 1, 1, 1, 11.588, 14.777, 16.553, 
18.561, 20.716, 23.234, 28.088, 40.109, 38.592, 42.82, 52.071
), .Dim = c(11L, 40L), .Dimnames = list(NULL, c("Sampling", "PSO.cost", 
"PSO.gamma", "PSO.data.balancing", "PSO.feature.selection", "PSO.valid.acc", 
"PSO.test.acc", "PSO.train.time", "PSO.n.support.vectors", "PSO.index", 
"PSO.n.solutions", "PSO.generations", "PSO.n.evaluations", "PSO.cpu.time", 
"RS.cost", "RS.gamma", "RS.data.balancing", "RS.feature.selection", 
"RS.valid.acc", "RS.test.acc", "RS.train.time", "RS.n.support.vectors", 
"RS.index", "RS.n.solutions", "RS.generations", "RS.n.evaluations", 
"RS.cpu.time", "DF.cost", "DF.gamma", "DF.data.balancing", "DF.feature.selection", 
"DF.valid.acc", "DF.test.acc", "DF.train.time", "DF.n.support.vectors", 
"DF.index", "DF.n.solutions", "DF.generations", "DF.n.evaluations", 
"DF.cpu.time")))
