full <-
structure(c(50, 55, 60, 65, 70, 75, 80, 85, 90, 95, 100, 12.80505, 
0.8292, 10.66855, 1.12465, 2.60919, 2.1009, 7.58339, 3.24548, 
3.31656, 2.59134, 2.60704, -6.73519, -6.26875, -7.52813, -6.64096, 
-7.29327, -7.44574, -8.39195, -7.34783, -7.33072, -7.27576, -6.83556, 
0, 0, 0, 0, 0, 0, 0, 0, 0, 0, 0, 0, 0, 0, 0, 0, 0, 0, 0, 0, 0, 
0, 0.83361, 0.83871, 0.84213, 0.84351, 0.84834, 0.84777, 0.8417, 
0.8457, 0.85582, 0.85717, 0.84905, 0.82864, 0.82305, 0.8288, 
0.83268, 0.83761, 0.83906, 0.83534, 0.83036, 0.84463, 0.84556, 
0.8435, 0.8217, 1.0827, 1.0038, 1.3166, 1.32, 1.4453, 1.5439, 
1.8684, 3.9366, 3.4288, 2.8916, 647.9, 731.2, 715.6, 819, 826.2, 
857.1, 838.3, 963, 1012.8, 1057.8, 1148.2, 278, 1982, 209, 792, 
1339, 1936, 1379, 733, 2320, 877, 298, 929, 10, 337, 162, 40, 
8, 22, 53, 3, 254, 45, 100, 100, 100, 100, 100, 100, 100, 100, 
100, 100, 100, 2500, 2500, 2500, 2500, 2500, 2500, 2500, 2500, 
2500, 2500, 2500, 28745.113, 33993.441, 35410.706, 43563.088, 
45941.807, 50463.086, 53564.547, 72461.05, 108120.181, 101170.216, 
98030.048, 13.11772, 0.98937, 6.70509, 0.92355, 2.52886, 2.37504, 
10.37558, 3.3424, 3.29452, 2.82508, 4.13371, -6.74581, -6.44527, 
-7.41678, -6.18293, -7.28998, -7.66335, -8.03432, -7.09701, -7.34724, 
-7.46662, -7.72328, 0, 0, 0, 0, 0, 0, 0, 0, 0, 0, 0, 0, 0, 0, 
0, 0, 0, 0, 0, 0, 0, 0, 0.83361, 0.83601, 0.8421, 0.83969, 0.84762, 
0.8471, 0.84044, 0.84511, 0.85414, 0.85559, 0.84855, 0.82864, 
0.82032, 0.82624, 0.83655, 0.8369, 0.8404, 0.83346, 0.83269, 
0.84629, 0.84294, 0.84451, 0.8535, 1.0302, 1.0235, 1.4358, 1.2727, 
1.4971, 1.6347, 2.8122, 4.071, 2.8879, 2.3311, 647.7, 721.2, 
721.2, 853.6, 826.6, 844, 859.2, 984.8, 1011.3, 1039.1, 1058.1, 
325, 889, 553, 1896, 339, 2409, 77, 927, 1764, 678, 1720, 3, 
1, 1, 1, 1, 1, 3, 1, 1, 1, 1, 100, 100, 100, 100, 100, 100, 100, 
100, 100, 100, 100, 2500, 2500, 2500, 2500, 2500, 2500, 2500, 
2500, 2500, 2500, 2500, 32252.722, 37913.192, 44622.262, 49571.996, 
55390.878, 70086.8040000001, 87021.118, 111840.862, 145861.034, 
140740.561, 126746.76, 1, 1, 1, 1, 1, 1, 1, 1, 1, 1, 1, 0.01316, 
0.01316, 0.01316, 0.01316, 0.01316, 0.01316, 0.01316, 0.01316, 
0.01316, 0.01316, 0.01316, 0, 0, 0, 0, 0, 0, 0, 0, 0, 0, 0, 0, 
0, 0, 0, 0, 0, 0, 0, 0, 0, 0, 0.81669, 0.82224, 0.82385, 0.82661, 
0.82827, 0.83304, 0.82789, 0.82385, 0.82917, 0.82976, 0.834, 
0.81868, 0.81124, 0.82546, 0.82817, 0.82612, 0.837, 0.82913, 
0.83151, 0.82854, 0.82341, 0.83199, 0.8859, 1.0645, 1.206, 1.3861, 
1.5431, 1.9905, 2.0494, 2.6409, 4.4627, 3.9407, 3.5544, 669.9, 
734.7, 791.8, 850.9, 897.8, 953.1, 1003, 1060.4, 1112.2, 1164.4, 
1210.3, 1, 1, 1, 1, 1, 1, 1, 1, 1, 1, 1, 1, 1, 1, 1, 1, 1, 1, 
1, 1, 1, 1, 1, 1, 1, 1, 1, 1, 1, 1, 1, 1, 1, 1, 1, 1, 1, 1, 1, 
1, 1, 1, 1, 1, 12.142, 14.244, 16.601, 17.609, 20.278, 25.378, 
25.901, 31.495, 52.894, 47.053, 41.635), .Dim = c(11L, 40L), .Dimnames = list(
    NULL, c("Sampling", "PSO.cost", "PSO.gamma", "PSO.data.balancing", 
    "PSO.feature.selection", "PSO.valid.acc", "PSO.test.acc", 
    "PSO.train.time", "PSO.n.support.vectors", "PSO.index", "PSO.n.solutions", 
    "PSO.generations", "PSO.n.evaluations", "PSO.cpu.time", "RS.cost", 
    "RS.gamma", "RS.data.balancing", "RS.feature.selection", 
    "RS.valid.acc", "RS.test.acc", "RS.train.time", "RS.n.support.vectors", 
    "RS.index", "RS.n.solutions", "RS.generations", "RS.n.evaluations", 
    "RS.cpu.time", "DF.cost", "DF.gamma", "DF.data.balancing", 
    "DF.feature.selection", "DF.valid.acc", "DF.test.acc", "DF.train.time", 
    "DF.n.support.vectors", "DF.index", "DF.n.solutions", "DF.generations", 
    "DF.n.evaluations", "DF.cpu.time")))
