full <-
structure(c(50, 55, 60, 65, 70, 75, 80, 85, 90, 95, 100, 1.80224, 
2.67801, 4.54372, 3.12475, 4.19384, 3.84364, 3.49918, 3.24446, 
3.3595, 4.0201, 2.89913, -6.38497, -7.0618, -9.27732, -7.69844, 
-7.69419, -7.95571, -8.24077, -8.2904, -7.751, -6.91823, -7.11046, 
0, 0, 0, 0, 0, 0, 0, 0, 0, 0, 0, 0, 0, 0, 0, 0, 0, 0, 0, 0, 0, 
0, 0.84066, 0.82328, 0.83291, 0.83746, 0.8346, 0.83702, 0.84349, 
0.83558, 0.85089, 0.85091, 0.85609, 0.82566, 0.81597, 0.82294, 
0.82512, 0.82609, 0.83035, 0.82784, 0.832, 0.84474, 0.83772, 
0.84606, 0.9032, 0.9271, 0.8884, 1.1513, 1.2627, 1.3806, 1.534, 
1.7696, 2.2424, 3.7449, 3.745, 669.4, 689.4, 656.2, 767, 805.3, 
843.6, 858.8, 884.8, 969, 1099.6, 1120.7, 791, 1381, 397, 878, 
481, 2294, 1846, 1509, 645, 638, 2374, 58, 91, 107, 93, 172, 
4, 1, 23, 145, 324, 2, 100, 100, 100, 100, 100, 100, 100, 100, 
100, 100, 100, 2500, 2500, 2500, 2500, 2500, 2500, 2500, 2500, 
2500, 2500, 2500, 30262.481, 31446.705, 32854.239, 37433.099, 
42515.1, 48269.273, 51414.649, 65501.863, 80650.4110000001, 107023.064, 
109350.782, 1.9462, 2.56184, 3.80585, 3.42513, 4.19177, 3.98146, 
2.66607, 3.20162, 3.34244, 3.93129, 2.98152, -6.54692, -6.95183, 
-7.64363, -8.21937, -7.64356, -7.96679, -7.79076, -8.07405, -7.78557, 
-6.81307, -7.1032, 0, 0, 0, 0, 0, 0, 0, 0, 0, 0, 0, 0, 0, 0, 
0, 0, 0, 0, 0, 0, 0, 0, 0.83763, 0.82141, 0.82967, 0.83433, 0.83317, 
0.83768, 0.84033, 0.83437, 0.84866, 0.84827, 0.85559, 0.82669, 
0.81416, 0.82293, 0.82358, 0.82539, 0.82968, 0.82403, 0.83258, 
0.84417, 0.83666, 0.84606, 0.8741, 0.9458, 0.9985, 1.0695, 1.268, 
1.4052, 1.6068, 1.8285, 2.331, 3.9091, 3.1545, 663.6, 694.6, 
723.7, 740.2, 807, 844, 884.5, 900, 964.9, 1110.3, 1123, 1109, 
1437, 2135, 1698, 215, 601, 1312, 1315, 1311, 1, 1993, 1, 1, 
1, 1, 1, 1, 1, 1, 1, 1, 1, 100, 100, 100, 100, 100, 100, 100, 
100, 100, 100, 100, 2500, 2500, 2500, 2500, 2500, 2500, 2500, 
2500, 2500, 2500, 2500, 32418.907, 37159.37, 42637.607, 48232.03, 
54412.216, 63990.432, 77976.611, 90862.5699999999, 114969.064, 
125694.075, 129809.584, 1, 1, 1, 1, 1, 1, 1, 1, 1, 1, 1, 0.01316, 
0.01316, 0.01316, 0.01316, 0.01316, 0.01316, 0.01316, 0.01316, 
0.01316, 0.01316, 0.01316, 0, 0, 0, 0, 0, 0, 0, 0, 0, 0, 0, 0, 
0, 0, 0, 0, 0, 0, 0, 0, 0, 0, 0.81352, 0.80035, 0.80787, 0.81191, 
0.80956, 0.81903, 0.82099, 0.81081, 0.83022, 0.83395, 0.83855, 
0.80843, 0.79761, 0.79624, 0.81349, 0.81182, 0.81763, 0.81595, 
0.81846, 0.82693, 0.83076, 0.83404, 0.8793, 1.0343, 1.1789, 1.3882, 
1.559, 1.801, 2.7337, 2.7531, 3.751, 4.0407, 3.8128, 674.5, 728.6, 
792.5, 850.5, 896.1, 957.2, 1005.1, 1057.4, 1104.2, 1165.6, 1214.1, 
1, 1, 1, 1, 1, 1, 1, 1, 1, 1, 1, 1, 1, 1, 1, 1, 1, 1, 1, 1, 1, 
1, 1, 1, 1, 1, 1, 1, 1, 1, 1, 1, 1, 1, 1, 1, 1, 1, 1, 1, 1, 1, 
1, 1, 12.073, 13.746, 15.546, 17.709, 19.499, 22.183, 32.444, 
32.785, 44.011, 47, 44.749), .Dim = c(11L, 40L), .Dimnames = list(
    NULL, c("Sampling", "PSO.cost", "PSO.gamma", "PSO.data.balancing", 
    "PSO.feature.selection", "PSO.valid.acc", "PSO.test.acc", 
    "PSO.train.time", "PSO.n.support.vectors", "PSO.index", "PSO.n.solutions", 
    "PSO.generations", "PSO.n.evaluations", "PSO.cpu.time", "RS.cost", 
    "RS.gamma", "RS.data.balancing", "RS.feature.selection", 
    "RS.valid.acc", "RS.test.acc", "RS.train.time", "RS.n.support.vectors", 
    "RS.index", "RS.n.solutions", "RS.generations", "RS.n.evaluations", 
    "RS.cpu.time", "DF.cost", "DF.gamma", "DF.data.balancing", 
    "DF.feature.selection", "DF.valid.acc", "DF.test.acc", "DF.train.time", 
    "DF.n.support.vectors", "DF.index", "DF.n.solutions", "DF.generations", 
    "DF.n.evaluations", "DF.cpu.time")))
