full <-
structure(c(50, 55, 60, 65, 70, 75, 80, 85, 90, 95, 100, 2.41866, 
2.43433, 1.04938, 2.02531, 3.61454, 2.50375, 2.87682, 2.19605, 
2.25166, 4.97749, 2.48025, -7.82658, -7.97577, -6.47671, -7.41818, 
-7.16938, -6.88621, -7.32834, -7.63115, -7.38012, -9.03385, -8.04096, 
0, 0, 0, 0, 0, 0, 0, 0, 0, 0, 0, 0, 0, 0, 0, 0, 0, 0, 0, 0, 0, 
0, 0.83457, 0.82512, 0.83794, 0.83283, 0.83676, 0.8391, 0.8459, 
0.84383, 0.84863, 0.84822, 0.84955, 0.83557, 0.82146, 0.82356, 
0.83363, 0.82237, 0.82904, 0.84347, 0.8403, 0.83918, 0.83929, 
0.83601, 0.6519, 0.8209, 1.1424, 1.0636, 1.2814, 1.529, 1.6333, 
1.8338, 2.1519, 2.6713, 3.4051, 610.2, 653.1, 774.4, 764.5, 834.7, 
905, 913.4, 933.8, 995.7, 920.8, 1023.7, 1236, 1450, 963, 2196, 
2361, 1727, 645, 884, 817, 1214, 2355, 21, 25, 53, 3, 1, 14, 
136, 10, 179, 250, 55, 100, 100, 100, 100, 100, 100, 100, 100, 
100, 100, 100, 2500, 2500, 2500, 2500, 2500, 2500, 2500, 2500, 
2500, 2500, 2500, 25397.475, 28711.069, 35172.722, 36609.53, 
43242.421, 50550.779, 54422.088, 60050.544, 72707.532, 81065.904, 
105196.378, 2.44683, 2.27174, 0.7438, 2.37696, 1.2051, 1.71871, 
2.31492, 3.25679, 2.55684, 4.91714, 2.28328, -7.85753, -7.85488, 
-6.36573, -7.7602, -7.0738, -6.17433, -7.57878, -7.59381, -8.09239, 
-8.65943, -7.87431, 0, 0, 0, 0, 0, 0, 0, 0, 0, 0, 0, 0, 0, 0, 
0, 0, 0, 0, 0, 0, 0, 0, 0.83356, 0.82239, 0.83542, 0.83124, 0.83739, 
0.83843, 0.84458, 0.84267, 0.84697, 0.84506, 0.84804, 0.83458, 
0.82327, 0.82023, 0.83591, 0.83595, 0.82972, 0.84156, 0.83732, 
0.83585, 0.84139, 0.83701, 0.706, 0.809, 1.1655, 1.0611, 1.289, 
1.807, 1.9196, 1.869, 2.2642, 2.905, 3.1698, 608.8, 658.9, 779.5, 
746.7, 836.6, 957.1, 894.8, 942.3, 946.3, 942.4, 1038.2, 2192, 
1768, 581, 2150, 1481, 382, 854, 2375, 335, 1597, 96, 1, 1, 1, 
1, 1, 1, 1, 1, 1, 1, 1, 100, 100, 100, 100, 100, 100, 100, 100, 
100, 100, 100, 2500, 2500, 2500, 2500, 2500, 2500, 2500, 2500, 
2500, 2500, 2500, 30934.71, 36448.256, 41936.292, 45781.212, 
53246.764, 60764.206, 79951.446, 86294.751, 100544.201, 119986.231, 
138276.859, 1, 1, 1, 1, 1, 1, 1, 1, 1, 1, 1, 0.01316, 0.01316, 
0.01316, 0.01316, 0.01316, 0.01316, 0.01316, 0.01316, 0.01316, 
0.01316, 0.01316, 0, 0, 0, 0, 0, 0, 0, 0, 0, 0, 0, 0, 0, 0, 0, 
0, 0, 0, 0, 0, 0, 0, 0.80643, 0.80961, 0.81951, 0.82282, 0.83097, 
0.82035, 0.82834, 0.83319, 0.82914, 0.82715, 0.83002, 0.81448, 
0.80603, 0.81362, 0.81511, 0.82879, 0.81837, 0.83272, 0.83376, 
0.83305, 0.83028, 0.82802, 0.8516, 1.0139, 1.1945, 1.3134, 1.5689, 
1.7223, 2.1256, 2.5559, 3.5139, 3.9406, 3.9172, 675.4, 731.7, 
787.4, 838, 894, 953, 1004.9, 1059.8, 1106.1, 1160.6, 1209.3, 
1, 1, 1, 1, 1, 1, 1, 1, 1, 1, 1, 1, 1, 1, 1, 1, 1, 1, 1, 1, 1, 
1, 1, 1, 1, 1, 1, 1, 1, 1, 1, 1, 1, 1, 1, 1, 1, 1, 1, 1, 1, 1, 
1, 1, 11.653, 13.356, 15.491, 16.372, 19.592, 21.201, 25.852, 
30.587, 41.938, 46.617, 46.168), .Dim = c(11L, 40L), .Dimnames = list(
    NULL, c("Sampling", "PSO.cost", "PSO.gamma", "PSO.data.balancing", 
    "PSO.feature.selection", "PSO.valid.acc", "PSO.test.acc", 
    "PSO.train.time", "PSO.n.support.vectors", "PSO.index", "PSO.n.solutions", 
    "PSO.generations", "PSO.n.evaluations", "PSO.cpu.time", "RS.cost", 
    "RS.gamma", "RS.data.balancing", "RS.feature.selection", 
    "RS.valid.acc", "RS.test.acc", "RS.train.time", "RS.n.support.vectors", 
    "RS.index", "RS.n.solutions", "RS.generations", "RS.n.evaluations", 
    "RS.cpu.time", "DF.cost", "DF.gamma", "DF.data.balancing", 
    "DF.feature.selection", "DF.valid.acc", "DF.test.acc", "DF.train.time", 
    "DF.n.support.vectors", "DF.index", "DF.n.solutions", "DF.generations", 
    "DF.n.evaluations", "DF.cpu.time")))
