full <-
structure(c(50, 55, 60, 65, 70, 75, 80, 85, 90, 95, 100, 9.51923, 
1.36011, 1.94941, 2.07225, 1.96962, 2.88343, 4.46378, 4.25754, 
2.16055, 5.30938, 2.44681, -13.7179, -7.90215, -6.65895, -6.54172, 
-6.7297, -9.24784, -10.19241, -9.12624, -7.289, -8.02244, -7.35342, 
0, 0, 0, 0, 0, 0, 0, 0, 0, 0, 0, 0, 0, 0, 0, 0, 0, 0, 0, 0, 0, 
0, 0.80655, 0.82411, 0.82533, 0.83641, 0.83603, 0.84034, 0.84038, 
0.84263, 0.83857, 0.83504, 0.84456, 0.79256, 0.81874, 0.81867, 
0.82177, 0.82031, 0.82759, 0.8347, 0.83851, 0.83028, 0.83239, 
0.83705, 0.5778, 0.8006, 1.0547, 1.2412, 1.365, 1.2343, 1.3739, 
1.5462, 2.4897, 2.4707, 3.4352, 513.7, 649, 752.4, 814.3, 856, 
787.4, 797.3, 843.6, 1003.2, 1003.2, 1090.4, 576, 1383, 828, 
1864, 909, 696, 626, 482, 1300, 2459, 795, 77, 39, 114, 4, 198, 
35, 72, 99, 28, 1, 76, 100, 100, 100, 100, 100, 100, 100, 100, 
100, 100, 100, 2500, 2500, 2500, 2500, 2500, 2500, 2500, 2500, 
2500, 2500, 2500, 23807.454, 28872.843, 35052.119, 41147.809, 
42948.68, 47482.257, 47372.856, 51368.6880000001, 76053.347, 
103992.335, 112117.601, 10.64972, 0.74568, 2.12132, 1.77465, 
2.19774, 5.32642, 4.2438, 3.11006, 2.17948, 5.02418, 2.82826, 
-14.84157, -7.19125, -7.04668, -6.28377, -7.25426, -11.76061, 
-9.90405, -8.45548, -7.27323, -8.08564, -7.75897, 0, 0, 0, 0, 
0, 0, 0, 0, 0, 0, 0, 0, 0, 0, 0, 0, 0, 0, 0, 0, 0, 0, 0.80655, 
0.81957, 0.82448, 0.8341, 0.83319, 0.8383, 0.83974, 0.84032, 
0.83746, 0.83451, 0.84105, 0.79457, 0.816, 0.82204, 0.8233, 0.81315, 
0.82227, 0.83031, 0.83851, 0.82917, 0.82976, 0.83504, 0.5875, 
0.8366, 1.039, 1.3265, 1.2184, 1.2222, 1.3344, 1.7398, 2.5418, 
2.6549, 3.5824, 512.7, 675, 730.3, 830.1, 823.3, 762.4, 799.8, 
876.1, 1004.5, 997.1, 1045.2, 294, 129, 2348, 1117, 1336, 1816, 
2182, 334, 1580, 1765, 844, 1, 1, 1, 1, 1, 1, 1, 1, 1, 3, 1, 
100, 100, 100, 100, 100, 100, 100, 100, 100, 100, 100, 2500, 
2500, 2500, 2500, 2500, 2500, 2500, 2500, 2500, 2500, 2500, 30774.236, 
35630.264, 41483.722, 46114.473, 52767.917, 64072.357, 72707.517, 
85052.0619999999, 99485.346, 121091.565, 142037.724, 1, 1, 1, 
1, 1, 1, 1, 1, 1, 1, 1, 0.01316, 0.01316, 0.01316, 0.01316, 0.01316, 
0.01316, 0.01316, 0.01316, 0.01316, 0.01316, 0.01316, 0, 0, 0, 
0, 0, 0, 0, 0, 0, 0, 0, 0, 0, 0, 0, 0, 0, 0, 0, 0, 0, 0, 0.80146, 
0.81327, 0.81283, 0.81871, 0.81101, 0.82158, 0.82095, 0.81793, 
0.81578, 0.81973, 0.82601, 0.79849, 0.80409, 0.81128, 0.81641, 
0.82027, 0.82225, 0.82157, 0.8256, 0.81856, 0.81658, 0.83152, 
0.8461, 0.9671, 1.1059, 1.3137, 1.5099, 1.8444, 2.0619, 2.5205, 
3.0217, 3.9218, 3.8107, 666.7, 724.1, 778.2, 831.9, 889.6, 949.6, 
1001.2, 1054.6, 1108, 1162.3, 1211.2, 1, 1, 1, 1, 1, 1, 1, 1, 
1, 1, 1, 1, 1, 1, 1, 1, 1, 1, 1, 1, 1, 1, 1, 1, 1, 1, 1, 1, 1, 
1, 1, 1, 1, 1, 1, 1, 1, 1, 1, 1, 1, 1, 1, 1, 11.708, 13.055, 
14.516, 16.63, 18.855, 22.752, 25.119, 30.307, 35.821, 46.397, 
44.536), .Dim = c(11L, 40L), .Dimnames = list(NULL, c("Sampling", 
"PSO.cost", "PSO.gamma", "PSO.data.balancing", "PSO.feature.selection", 
"PSO.valid.acc", "PSO.test.acc", "PSO.train.time", "PSO.n.support.vectors", 
"PSO.index", "PSO.n.solutions", "PSO.generations", "PSO.n.evaluations", 
"PSO.cpu.time", "RS.cost", "RS.gamma", "RS.data.balancing", "RS.feature.selection", 
"RS.valid.acc", "RS.test.acc", "RS.train.time", "RS.n.support.vectors", 
"RS.index", "RS.n.solutions", "RS.generations", "RS.n.evaluations", 
"RS.cpu.time", "DF.cost", "DF.gamma", "DF.data.balancing", "DF.feature.selection", 
"DF.valid.acc", "DF.test.acc", "DF.train.time", "DF.n.support.vectors", 
"DF.index", "DF.n.solutions", "DF.generations", "DF.n.evaluations", 
"DF.cpu.time")))
