full <-
structure(c(50, 55, 60, 65, 70, 75, 80, 85, 90, 95, 100, 0.16887, 
2.59856, 1.89439, 3.95934, 1.54521, 5.93079, 1.32735, 4.8534, 
15, 3.88803, 5.90669, -5.85193, -6.87692, -6.94958, -7.26277, 
-6.65742, -8.62288, -6.74133, -7.94434, -7.98511, -7.60959, -8.7165, 
0, 0, 0, 0, 0, 0, 0, 0, 0, 0, 0, 0, 0, 0, 0, 0, 0, 0, 0, 0, 0, 
0, 0.82751, 0.8459, 0.84386, 0.84194, 0.84742, 0.84507, 0.85163, 
0.85212, 0.84361, 0.844, 0.84804, 0.83346, 0.83227, 0.83134, 
0.84272, 0.83962, 0.82903, 0.84032, 0.83505, 0.84529, 0.83972, 
0.84599, 0.9289, 0.9959, 1.114, 1.1692, 1.4867, 1.3203, 1.8999, 
1.9525, 1.9309, 2.4432, 2.5314, 669, 696, 740.3, 785.8, 857.1, 
789.8, 956.2, 916.1, 956, 1022, 975.9, 2493, 1185, 755, 1797, 
920, 1006, 791, 1233, 277, 826, 946, 1, 263, 316, 4, 76, 3, 38, 
49, 661, 213, 110, 100, 100, 100, 100, 100, 100, 100, 100, 100, 
100, 100, 2500, 2500, 2500, 2500, 2500, 2500, 2500, 2500, 2500, 
2500, 2500, 30151.468, 32652.906, 36520.925, 39733.476, 46570.527, 
43709.787, 59534.8369999999, 66424.875, 62252.9130000001, 79433.14, 
83094.0600000001, 0.14163, 2.67044, 2.10438, 4.63877, 2.39321, 
5.58002, 1.78703, 4.70931, 6.87326, 3.76186, 5.79701, -5.76839, 
-6.9189, -7.27481, -7.7124, -7.25225, -9.61907, -6.69146, -7.85923, 
-7.97117, -7.51216, -8.68861, 0, 0, 0, 0, 0, 0, 0, 0, 0, 0, 0, 
0, 0, 0, 0, 0, 0, 0, 0, 0, 0, 0, 0.82751, 0.84222, 0.84137, 0.83883, 
0.84245, 0.84435, 0.8479, 0.85154, 0.84361, 0.84188, 0.84703, 
0.83345, 0.83412, 0.8338, 0.84429, 0.84457, 0.83572, 0.84848, 
0.83682, 0.84529, 0.83919, 0.8455, 0.886, 0.9723, 1.0367, 1.1238, 
1.3354, 1.255, 2.0046, 1.8917, 2.1913, 2.4229, 2.7133, 674.3, 
695, 724.4, 758.2, 825.5, 746.8, 962.5, 923.9, 957, 1032.5, 977.5, 
712, 493, 40, 241, 2060, 1704, 1084, 2151, 1241, 464, 1601, 1, 
1, 1, 1, 1, 1, 1, 1, 5, 2, 1, 100, 100, 100, 100, 100, 100, 100, 
100, 100, 100, 100, 2500, 2500, 2500, 2500, 2500, 2500, 2500, 
2500, 2500, 2500, 2500, 32224.429, 38402.647, 43307.379, 50422.815, 
55593.806, 63917.027, 76951.122, 89098.388, 107227.95, 114865.658, 
139223.572, 1, 1, 1, 1, 1, 1, 1, 1, 1, 1, 1, 0.01316, 0.01316, 
0.01316, 0.01316, 0.01316, 0.01316, 0.01316, 0.01316, 0.01316, 
0.01316, 0.01316, 0, 0, 0, 0, 0, 0, 0, 0, 0, 0, 0, 0, 0, 0, 0, 
0, 0, 0, 0, 0, 0, 0, 0.82047, 0.8295, 0.82148, 0.82277, 0.83022, 
0.82632, 0.83158, 0.82501, 0.82518, 0.82393, 0.83446, 0.81836, 
0.82222, 0.82225, 0.8181, 0.83248, 0.81893, 0.83471, 0.8298, 
0.82806, 0.82761, 0.83044, 0.8295, 1.0256, 1.2216, 1.4089, 1.5705, 
1.7668, 2.1395, 2.4486, 3.2046, 3.4248, 3.638, 655.5, 721.1, 
776.3, 833.3, 887.4, 938.8, 999.5, 1054.7, 1108.3, 1157.5, 1210.8, 
1, 1, 1, 1, 1, 1, 1, 1, 1, 1, 1, 1, 1, 1, 1, 1, 1, 1, 1, 1, 1, 
1, 1, 1, 1, 1, 1, 1, 1, 1, 1, 1, 1, 1, 1, 1, 1, 1, 1, 1, 1, 1, 
1, 1, 11.751, 13.907, 15.935, 17.964, 19.413, 21.707, 26.039, 
29.187, 37.475, 40.206, 42.462), .Dim = c(11L, 40L), .Dimnames = list(
    NULL, c("Sampling", "PSO.cost", "PSO.gamma", "PSO.data.balancing", 
    "PSO.feature.selection", "PSO.valid.acc", "PSO.test.acc", 
    "PSO.train.time", "PSO.n.support.vectors", "PSO.index", "PSO.n.solutions", 
    "PSO.generations", "PSO.n.evaluations", "PSO.cpu.time", "RS.cost", 
    "RS.gamma", "RS.data.balancing", "RS.feature.selection", 
    "RS.valid.acc", "RS.test.acc", "RS.train.time", "RS.n.support.vectors", 
    "RS.index", "RS.n.solutions", "RS.generations", "RS.n.evaluations", 
    "RS.cpu.time", "DF.cost", "DF.gamma", "DF.data.balancing", 
    "DF.feature.selection", "DF.valid.acc", "DF.test.acc", "DF.train.time", 
    "DF.n.support.vectors", "DF.index", "DF.n.solutions", "DF.generations", 
    "DF.n.evaluations", "DF.cpu.time")))
