full <-
structure(c(50, 55, 60, 65, 70, 75, 80, 85, 90, 95, 100, 2.55579, 
15, 2.58285, 3.59046, 4.69939, 1.62096, 7.05054, 7.34468, 4.91104, 
2.89287, 4.75325, -7.05145, -6.60754, -8.21306, -7.72665, -9.18127, 
-6.96501, -9.68625, -11.53398, -9.59915, -7.5683, -7.05262, 0, 
0, 0, 0, 0, 0, 0, 0, 0, 0, 0, 0, 0, 0, 0, 0, 0, 0, 0, 0, 0, 0, 
0.84166, 0.8469, 0.8463, 0.85349, 0.8411, 0.85105, 0.85538, 0.84144, 
0.84855, 0.84766, 0.85005, 0.83037, 0.83226, 0.83548, 0.84113, 
0.84131, 0.84765, 0.84844, 0.83501, 0.84305, 0.83874, 0.84398, 
0.7564, 1.0148, 0.9273, 1.1339, 1.1009, 1.7729, 1.5967, 1.5232, 
1.8924, 3.6022, 3.6671, 649.4, 729.8, 688.9, 757.5, 733.4, 902.3, 
787.1, 789.1, 860.3, 1027.3, 1134.6, 967, 483, 410, 1598, 2318, 
862, 1189, 2361, 1265, 698, 986, 28, 729, 188, 7, 1, 121, 162, 
3, 48, 23, 246, 100, 100, 100, 100, 100, 100, 100, 100, 100, 
100, 100, 2500, 2500, 2500, 2500, 2500, 2500, 2500, 2500, 2500, 
2500, 2500, 28889.938, 34236.618, 32967.261, 38378.373, 40108.681, 
53628.835, 50030.755, 67819.775, 61899.866, 113059.314, 107742.588, 
0.86229, 6.52463, 2.67816, 4.09862, 2.30555, 1.67559, 6.26631, 
6.51535, 5.24945, 2.93728, 4.84698, -6.29379, -6.61526, -8.29806, 
-8.03379, -7.98074, -7.35691, -9.47852, -10.67028, -9.93485, 
-8.0634, -7.05653, 0, 0, 0, 0, 0, 0, 0, 0, 0, 0, 0, 0, 0, 0, 
0, 0, 0, 0, 0, 0, 0, 0, 0.84068, 0.8469, 0.84546, 0.85117, 0.84053, 
0.84835, 0.85413, 0.84084, 0.84743, 0.84717, 0.84905, 0.83743, 
0.83226, 0.83633, 0.83961, 0.83698, 0.83832, 0.84974, 0.83973, 
0.84361, 0.83822, 0.84398, 0.877, 1.0259, 0.9179, 1.0612, 1.2209, 
1.6271, 1.4485, 1.5805, 2.0398, 3.4544, 4.1892, 681.9, 729.4, 
684.5, 740, 789.6, 872.8, 794.8, 799.4, 850.1, 985.7, 1133.5, 
925, 22, 78, 2435, 631, 1702, 1663, 700, 921, 131, 397, 1, 1, 
2, 1, 1, 1, 1, 1, 1, 1, 1, 100, 100, 100, 100, 100, 100, 100, 
100, 100, 100, 100, 2500, 2500, 2500, 2500, 2500, 2500, 2500, 
2500, 2500, 2500, 2500, 32052.632, 37835.008, 42902.383, 49176.564, 
56002.911, 71794.304, 85659.2609999999, 104454.928, 112490.741, 
122389.854, 133608.107, 1, 1, 1, 1, 1, 1, 1, 1, 1, 1, 1, 0.01316, 
0.01316, 0.01316, 0.01316, 0.01316, 0.01316, 0.01316, 0.01316, 
0.01316, 0.01316, 0.01316, 0, 0, 0, 0, 0, 0, 0, 0, 0, 0, 0, 0, 
0, 0, 0, 0, 0, 0, 0, 0, 0, 0, 0.82436, 0.81956, 0.82364, 0.83418, 
0.82485, 0.83836, 0.83287, 0.82615, 0.83181, 0.83083, 0.83347, 
0.82531, 0.82226, 0.82198, 0.82963, 0.82987, 0.83032, 0.83475, 
0.82973, 0.83355, 0.82823, 0.82998, 0.8451, 1.0348, 1.1997, 1.3625, 
1.6547, 2.3682, 2.278, 2.8662, 3.7448, 3.6868, 4.6156, 684.3, 
741.1, 796.2, 850.2, 901.6, 958.5, 1003.4, 1061.4, 1108.6, 1160.7, 
1207.9, 1, 1, 1, 1, 1, 1, 1, 1, 1, 1, 1, 1, 1, 1, 1, 1, 1, 1, 
1, 1, 1, 1, 1, 1, 1, 1, 1, 1, 1, 1, 1, 1, 1, 1, 1, 1, 1, 1, 1, 
1, 1, 1, 1, 1, 11.971, 14.055, 15.704, 17.55, 20.753, 28.752, 
27.799, 33.785, 43.692, 42.8, 53.299), .Dim = c(11L, 40L), .Dimnames = list(
    NULL, c("Sampling", "PSO.cost", "PSO.gamma", "PSO.data.balancing", 
    "PSO.feature.selection", "PSO.valid.acc", "PSO.test.acc", 
    "PSO.train.time", "PSO.n.support.vectors", "PSO.index", "PSO.n.solutions", 
    "PSO.generations", "PSO.n.evaluations", "PSO.cpu.time", "RS.cost", 
    "RS.gamma", "RS.data.balancing", "RS.feature.selection", 
    "RS.valid.acc", "RS.test.acc", "RS.train.time", "RS.n.support.vectors", 
    "RS.index", "RS.n.solutions", "RS.generations", "RS.n.evaluations", 
    "RS.cpu.time", "DF.cost", "DF.gamma", "DF.data.balancing", 
    "DF.feature.selection", "DF.valid.acc", "DF.test.acc", "DF.train.time", 
    "DF.n.support.vectors", "DF.index", "DF.n.solutions", "DF.generations", 
    "DF.n.evaluations", "DF.cpu.time")))
