full <-
structure(c(50, 55, 60, 65, 70, 75, 80, 85, 90, 95, 100, 0.98778, 
2.04013, 4.19906, 2.39422, 3.3273, 3.5092, 15, 2.00205, 2.98592, 
4.27952, 5.08613, -6.01266, -7.48801, -9.5468, -7.11437, -9.19181, 
-7.83474, -7.20365, -6.9956, -8.08695, -8.73471, -8.31288, 0, 
0, 0, 0, 0, 0, 0, 0, 0, 0, 0, 0, 0, 0, 0, 0, 0, 0, 0, 0, 0, 0, 
0.83833, 0.846, 0.83462, 0.84134, 0.83618, 0.84096, 0.84107, 
0.84494, 0.84368, 0.84978, 0.85407, 0.84137, 0.83228, 0.82295, 
0.83739, 0.8246, 0.83434, 0.83235, 0.83315, 0.83634, 0.84345, 
0.84204, 0.9494, 0.8433, 0.8945, 1.2041, 1.1308, 1.4082, 1.7722, 
1.9661, 1.8199, 1.9582, 2.7434, 677.8, 663.2, 641.9, 785.5, 736.5, 
830.7, 931.1, 982.6, 936, 940.8, 1007.3, 718, 1056, 1294, 930, 
1870, 625, 147, 945, 1040, 1757, 1062, 368, 32, 26, 282, 2, 208, 
884, 253, 62, 93, 27, 100, 100, 100, 100, 100, 100, 100, 100, 
100, 100, 100, 2500, 2500, 2500, 2500, 2500, 2500, 2500, 2500, 
2500, 2500, 2500, 31305.946, 30859.337, 31766.318, 40803.243, 
44574.945, 46524.063, 56356.149, 63131.8890000001, 63227.63, 
65262.5939999999, 84142.317, 1.22618, 2.88404, 4.65082, 2.62535, 
3.24451, 3.58672, 13.14231, 2.26323, 2.88953, 4.23936, 5.3364, 
-6.09042, -7.95638, -10.07531, -7.09336, -9.20397, -7.84613, 
-7.2087, -7.17284, -8.21682, -8.78393, -8.9535, 0, 0, 0, 0, 0, 
0, 0, 0, 0, 0, 0, 0, 0, 0, 0, 0, 0, 0, 0, 0, 0, 0, 0.83633, 0.8441, 
0.83046, 0.83745, 0.83477, 0.83896, 0.84107, 0.84256, 0.84145, 
0.84873, 0.85205, 0.8404, 0.83232, 0.82463, 0.83742, 0.8225, 
0.83436, 0.83297, 0.83314, 0.83246, 0.84081, 0.84406, 0.9246, 
0.8202, 0.8743, 1.1984, 1.1188, 1.4126, 1.7269, 1.9055, 1.9923, 
2.1077, 2.4931, 675.3, 640.1, 634, 786.7, 737, 831, 930.7, 967.3, 
928.8, 939.2, 962.7, 1355, 1750, 65, 695, 83, 60, 1440, 136, 
2500, 1732, 485, 1, 1, 1, 1, 1, 1, 3, 1, 1, 1, 2, 100, 100, 100, 
100, 100, 100, 100, 100, 100, 100, 100, 2500, 2500, 2500, 2500, 
2500, 2500, 2500, 2500, 2500, 2500, 2500, 32379.327, 38324.317, 
43516.488, 49758.383, 54701.391, 65641.368, 75923.584, 82517.7169999999, 
107009.801, 121255.38, 133583.866, 1, 1, 1, 1, 1, 1, 1, 1, 1, 
1, 1, 0.01316, 0.01316, 0.01316, 0.01316, 0.01316, 0.01316, 0.01316, 
0.01316, 0.01316, 0.01316, 0.01316, 0, 0, 0, 0, 0, 0, 0, 0, 0, 
0, 0, 0, 0, 0, 0, 0, 0, 0, 0, 0, 0, 0, 0.81637, 0.81771, 0.81454, 
0.81829, 0.81605, 0.82361, 0.81668, 0.8196, 0.82472, 0.8234, 
0.83398, 0.82639, 0.82136, 0.81124, 0.83042, 0.8254, 0.81961, 
0.8203, 0.82017, 0.81357, 0.82867, 0.83149, 0.9098, 1.0492, 1.2422, 
1.3874, 1.5647, 1.8025, 2.0798, 2.2592, 3.1269, 3.3938, 4.5583, 
672.8, 730.2, 787.6, 842.4, 896.9, 947.1, 995.7, 1049.3, 1101.9, 
1157.9, 1209.1, 1, 1, 1, 1, 1, 1, 1, 1, 1, 1, 1, 1, 1, 1, 1, 
1, 1, 1, 1, 1, 1, 1, 1, 1, 1, 1, 1, 1, 1, 1, 1, 1, 1, 1, 1, 1, 
1, 1, 1, 1, 1, 1, 1, 1, 12.589, 14.068, 16.052, 17.45, 19.585, 
22.21, 25.3, 27.161, 36.918, 39.765, 53.019), .Dim = c(11L, 40L
), .Dimnames = list(NULL, c("Sampling", "PSO.cost", "PSO.gamma", 
"PSO.data.balancing", "PSO.feature.selection", "PSO.valid.acc", 
"PSO.test.acc", "PSO.train.time", "PSO.n.support.vectors", "PSO.index", 
"PSO.n.solutions", "PSO.generations", "PSO.n.evaluations", "PSO.cpu.time", 
"RS.cost", "RS.gamma", "RS.data.balancing", "RS.feature.selection", 
"RS.valid.acc", "RS.test.acc", "RS.train.time", "RS.n.support.vectors", 
"RS.index", "RS.n.solutions", "RS.generations", "RS.n.evaluations", 
"RS.cpu.time", "DF.cost", "DF.gamma", "DF.data.balancing", "DF.feature.selection", 
"DF.valid.acc", "DF.test.acc", "DF.train.time", "DF.n.support.vectors", 
"DF.index", "DF.n.solutions", "DF.generations", "DF.n.evaluations", 
"DF.cpu.time")))
