full <-
structure(c(50, 55, 60, 65, 70, 75, 80, 85, 90, 95, 100, 0.05677, 
3.36307, 5.15247, 2.70901, 2.70415, 3.69659, 1.93968, 3.66739, 
12.43989, 11.59043, 4.00579, -5.70045, -7.69866, -8.90442, -7.23442, 
-8.26344, -7.74627, -6.29096, -7.49898, -7.96376, -7.65019, -7.06027, 
0, 0, 0, 0, 0, 0, 0, 0, 0, 0, 0, 0, 0, 0, 0, 0, 0, 0, 0, 0, 0, 
0, 0.82842, 0.83603, 0.82719, 0.83741, 0.84604, 0.84833, 0.85223, 
0.85795, 0.83865, 0.85557, 0.84853, 0.80538, 0.82974, 0.82708, 
0.82976, 0.83963, 0.8343, 0.84848, 0.84735, 0.83472, 0.84764, 
0.841, 0.9683, 0.8732, 0.8984, 1.1266, 1.2041, 1.3725, 2.0302, 
1.7266, 1.8784, 2.2943, 4.4552, 683.1, 666.5, 659.7, 782.2, 772, 
840.7, 1007.5, 942.6, 954.6, 1023.6, 1128, 1120, 1254, 1532, 
1071, 886, 827, 920, 508, 759, 252, 1435, 12, 42, 20, 293, 56, 
176, 333, 275, 424, 792, 25, 100, 100, 100, 100, 100, 100, 100, 
100, 100, 100, 100, 2500, 2500, 2500, 2500, 2500, 2500, 2500, 
2500, 2500, 2500, 2500, 31277.388, 33973.337, 32593.261, 38379.178, 
40219.421, 45098.897, 60626.8959999999, 55136.23, 60348.624, 
115925.52, 134274.962, 2.5693, 3.33442, 4.71134, 2.57751, 3.875, 
3.3003, 2.12616, 3.58163, 2.87345, 12.28199, 4.96783, -6.25234, 
-7.59118, -8.63533, -7.23272, -8.40385, -8.58473, -6.28907, -7.35357, 
-8.39342, -7.64673, -7.35197, 0, 0, 0, 0, 0, 0, 0, 0, 0, 0, 0, 
0, 0, 0, 0, 0, 0, 0, 0, 0, 0, 0, 0.82542, 0.83416, 0.82546, 0.83663, 
0.84396, 0.847, 0.85223, 0.85559, 0.83976, 0.85557, 0.84702, 
0.81437, 0.82702, 0.83292, 0.82976, 0.83533, 0.83699, 0.84474, 
0.84913, 0.82586, 0.84764, 0.83599, 0.9002, 0.8722, 0.8695, 1.1367, 
1.1219, 1.2745, 2.043, 1.8523, 1.8595, 4.1657, 2.4717, 666.6, 
672.7, 668, 781.3, 761, 785.5, 1007.9, 954.8, 918.6, 1023.9, 
1098.6, 1781, 300, 1337, 275, 2368, 2297, 1107, 376, 1356, 233, 
2392, 1, 1, 1, 1, 1, 2, 1, 1, 1, 1, 3, 100, 100, 100, 100, 100, 
100, 100, 100, 100, 100, 100, 2500, 2500, 2500, 2500, 2500, 2500, 
2500, 2500, 2500, 2500, 2500, 33440.2, 40609.285, 41957.362, 
49376.9, 52895.745, 62222.975, 69580.289, 79417.3520000001, 90555.9569999999, 
113474.381, 149749.859, 1, 1, 1, 1, 1, 1, 1, 1, 1, 1, 1, 0.01316, 
0.01316, 0.01316, 0.01316, 0.01316, 0.01316, 0.01316, 0.01316, 
0.01316, 0.01316, 0.01316, 0, 0, 0, 0, 0, 0, 0, 0, 0, 0, 0, 0, 
0, 0, 0, 0, 0, 0, 0, 0, 0, 0, 0.81842, 0.81239, 0.81532, 0.81962, 
0.81874, 0.82229, 0.83157, 0.835, 0.82199, 0.82286, 0.82646, 
0.81342, 0.81327, 0.8203, 0.8112, 0.81302, 0.82032, 0.82596, 
0.83322, 0.82701, 0.82659, 0.82797, 0.8809, 1.0691, 1.1569, 1.3798, 
1.5065, 1.749, 2.0021, 2.2427, 2.5488, 2.597, 3.179, 663.3, 725, 
783.2, 836.9, 895.5, 948.8, 1008.7, 1053.2, 1103.4, 1153.5, 1208.7, 
1, 1, 1, 1, 1, 1, 1, 1, 1, 1, 1, 1, 1, 1, 1, 1, 1, 1, 1, 1, 1, 
1, 1, 1, 1, 1, 1, 1, 1, 1, 1, 1, 1, 1, 1, 1, 1, 1, 1, 1, 1, 1, 
1, 1, 13.077, 14.927, 15.216, 17.508, 18.992, 21.605, 24.371, 
26.935, 30.227, 30.821, 37.325), .Dim = c(11L, 40L), .Dimnames = list(
    NULL, c("Sampling", "PSO.cost", "PSO.gamma", "PSO.data.balancing", 
    "PSO.feature.selection", "PSO.valid.acc", "PSO.test.acc", 
    "PSO.train.time", "PSO.n.support.vectors", "PSO.index", "PSO.n.solutions", 
    "PSO.generations", "PSO.n.evaluations", "PSO.cpu.time", "RS.cost", 
    "RS.gamma", "RS.data.balancing", "RS.feature.selection", 
    "RS.valid.acc", "RS.test.acc", "RS.train.time", "RS.n.support.vectors", 
    "RS.index", "RS.n.solutions", "RS.generations", "RS.n.evaluations", 
    "RS.cpu.time", "DF.cost", "DF.gamma", "DF.data.balancing", 
    "DF.feature.selection", "DF.valid.acc", "DF.test.acc", "DF.train.time", 
    "DF.n.support.vectors", "DF.index", "DF.n.solutions", "DF.generations", 
    "DF.n.evaluations", "DF.cpu.time")))
