full <-
structure(c(50, 55, 60, 65, 70, 75, 80, 85, 90, 95, 100, 4.75094, 
2.01823, 2.19846, 8.0005, 5.2284, 3.10189, 2.959, 3.66276, 3.45831, 
3.49879, 3.06314, -9.74535, -7.07619, -6.48547, -14.46508, -6.18095, 
-7.31971, -7.18397, -7.86, -7.44207, -8.22049, -7.5474, 0, 0, 
0, 0, 0, 0, 0, 0, 0, 0, 0, 0, 0, 0, 0, 0, 0, 0, 0, 0, 0, 0, 0.84443, 
0.84137, 0.83955, 0.82808, 0.83765, 0.83307, 0.83909, 0.84327, 
0.84804, 0.85296, 0.85854, 0.83245, 0.82503, 0.83281, 0.81736, 
0.82617, 0.82435, 0.83532, 0.83675, 0.83801, 0.84135, 0.84503, 
0.6392, 0.9343, 1.1847, 0.9768, 1.6363, 1.4962, 1.7074, 1.7673, 
2.0286, 2.3656, 3.3669, 538.6, 685.8, 774.7, 676.1, 913.4, 871.5, 
930.7, 921.6, 997, 965.8, 1068.3, 2368, 852, 1670, 304, 260, 
1805, 260, 858, 1062, 1279, 832, 4, 163, 9, 56, 839, 19, 132, 
147, 89, 246, 50, 100, 100, 100, 100, 100, 100, 100, 100, 100, 
100, 100, 2500, 2500, 2500, 2500, 2500, 2500, 2500, 2500, 2500, 
2500, 2500, 27719.706, 34335.698, 39532.379, 37117.958, 52621.746, 
51436.329, 67044.523, 57226.892, 65287.5329999999, 78210.515, 
112939.927, 4.53489, 2.46007, 2.47535, 0.09445, 4.52159, 2.97432, 
3.08107, 3.30823, 2.78355, 3.36052, 2.93733, -9.56318, -7.57564, 
-6.3256, -5.8875, -8.66478, -7.19722, -7.29135, -7.77558, -7.29619, 
-8.08788, -7.35315, 0, 0, 0, 0, 0, 0, 0, 0, 0, 0, 0, 0, 0, 0, 
0, 0, 0, 0, 0, 0, 0, 0, 0.84435, 0.83862, 0.83866, 0.82956, 0.83834, 
0.83108, 0.83661, 0.83972, 0.84802, 0.85136, 0.85603, 0.83142, 
0.82046, 0.82943, 0.81646, 0.82984, 0.82435, 0.83658, 0.83675, 
0.84302, 0.83923, 0.84352, 0.6346, 0.8651, 1.2267, 1.4511, 1.1545, 
1.5113, 1.7015, 1.774, 2.6809, 2.5876, 3.2328, 540.9, 660.2, 
783.1, 863.7, 745.3, 881.3, 920.5, 927.3, 1009.8, 973.9, 1088.9, 
2172, 2361, 21, 1149, 593, 1329, 2274, 138, 2464, 1486, 783, 
1, 1, 2, 1, 1, 1, 1, 1, 1, 1, 1, 100, 100, 100, 100, 100, 100, 
100, 100, 100, 100, 100, 2500, 2500, 2500, 2500, 2500, 2500, 
2500, 2500, 2500, 2500, 2500, 34381.564, 39435.557, 42415.495, 
50242.587, 57188.067, 62710.694, 82779.811, 84471.672, 105486.874, 
124850.387, 138701.679, 1, 1, 1, 1, 1, 1, 1, 1, 1, 1, 1, 0.01316, 
0.01316, 0.01316, 0.01316, 0.01316, 0.01316, 0.01316, 0.01316, 
0.01316, 0.01316, 0.01316, 0, 0, 0, 0, 0, 0, 0, 0, 0, 0, 0, 0, 
0, 0, 0, 0, 0, 0, 0, 0, 0, 0, 0.83446, 0.82768, 0.822, 0.82496, 
0.82186, 0.81984, 0.82214, 0.82677, 0.82802, 0.8308, 0.82996, 
0.83343, 0.83139, 0.82278, 0.81879, 0.8162, 0.82252, 0.82339, 
0.83204, 0.83025, 0.83077, 0.83298, 0.8885, 1.0474, 1.2159, 1.3716, 
1.5473, 1.8251, 2.0305, 2.5212, 3.4872, 4.0973, 4.6407, 670.9, 
727.4, 784.7, 844.4, 897.9, 953.2, 1007.5, 1061.3, 1110.9, 1164, 
1210.1, 1, 1, 1, 1, 1, 1, 1, 1, 1, 1, 1, 1, 1, 1, 1, 1, 1, 1, 
1, 1, 1, 1, 1, 1, 1, 1, 1, 1, 1, 1, 1, 1, 1, 1, 1, 1, 1, 1, 1, 
1, 1, 1, 1, 1, 13.028, 14.776, 15.669, 18.315, 20.182, 22.394, 
24.553, 29.878, 41.379, 48.538, 54.133), .Dim = c(11L, 40L), .Dimnames = list(
    NULL, c("Sampling", "PSO.cost", "PSO.gamma", "PSO.data.balancing", 
    "PSO.feature.selection", "PSO.valid.acc", "PSO.test.acc", 
    "PSO.train.time", "PSO.n.support.vectors", "PSO.index", "PSO.n.solutions", 
    "PSO.generations", "PSO.n.evaluations", "PSO.cpu.time", "RS.cost", 
    "RS.gamma", "RS.data.balancing", "RS.feature.selection", 
    "RS.valid.acc", "RS.test.acc", "RS.train.time", "RS.n.support.vectors", 
    "RS.index", "RS.n.solutions", "RS.generations", "RS.n.evaluations", 
    "RS.cpu.time", "DF.cost", "DF.gamma", "DF.data.balancing", 
    "DF.feature.selection", "DF.valid.acc", "DF.test.acc", "DF.train.time", 
    "DF.n.support.vectors", "DF.index", "DF.n.solutions", "DF.generations", 
    "DF.n.evaluations", "DF.cpu.time")))
