full <-
structure(c(50, 55, 60, 65, 70, 75, 80, 85, 90, 95, 100, 3.22408, 
5.12125, 13.83922, 8.04247, 4.85377, 5.78927, 3.66687, 4.88666, 
3.35699, 5.72365, 3.14582, -8.53802, -8.21174, -7.829, -9.28029, 
-8.017, -8.39024, -8.89065, -8.77222, -7.07541, -9.1853, -8.45739, 
0, 0, 0, 0, 0, 0, 0, 0, 0, 0, 0, 0, 0, 0, 0, 0, 0, 0, 0, 0, 0, 
0, 0.83054, 0.82131, 0.8363, 0.84107, 0.84334, 0.84388, 0.84602, 
0.84907, 0.85369, 0.84289, 0.84404, 0.81342, 0.81037, 0.8287, 
0.84352, 0.83691, 0.82987, 0.83097, 0.8367, 0.85148, 0.83811, 
0.84152, 0.6644, 0.7759, 0.927, 0.928, 1.1583, 1.3354, 1.4709, 
1.6097, 2.3758, 3.0165, 3.243, 588.2, 644.9, 705.1, 687, 785.4, 
812.5, 834.7, 869.2, 1037.9, 917, 996.2, 1865, 466, 88, 1249, 
841, 879, 2409, 2175, 1122, 1023, 987, 2, 50, 1238, 6, 58, 231, 
1, 2, 167, 39, 52, 100, 100, 100, 100, 100, 100, 100, 100, 100, 
100, 100, 2500, 2500, 2500, 2500, 2500, 2500, 2500, 2500, 2500, 
2500, 2500, 25080.433, 28381.482, 32092.658, 33682.581, 38507.627, 
42996.533, 50287.017, 61834.1420000001, 73845.78, 88601.036, 
99877.9350000001, 3.39412, 5.28809, 14.445, 7.71374, 5.32121, 
5.96757, 3.93591, 5.22217, 3.54569, 5.83683, 2.96361, -8.83713, 
-8.26884, -7.79842, -9.15781, -7.97737, -8.50649, -8.72464, -8.95683, 
-7.25011, -9.22568, -8.36843, 0, 0, 0, 0, 0, 0, 0, 0, 0, 0, 0, 
0, 0, 0, 0, 0, 0, 0, 0, 0, 0, 0, 0.82852, 0.8195, 0.8363, 0.83954, 
0.8419, 0.8432, 0.84411, 0.84609, 0.85202, 0.84288, 0.84153, 
0.81639, 0.80765, 0.8287, 0.8412, 0.83689, 0.82852, 0.83722, 
0.83789, 0.85312, 0.83706, 0.84102, 0.6488, 0.776, 0.924, 0.971, 
1.1797, 1.2837, 1.6, 1.5884, 2.6973, 2.9551, 3.1161, 580.4, 642.2, 
706.1, 690.2, 789.8, 808.6, 837.6, 860.3, 1021.3, 915.8, 1003.6, 
1094, 737, 1026, 1885, 1360, 2015, 1422, 53, 1786, 906, 2077, 
1, 1, 3, 1, 1, 1, 1, 1, 1, 1, 2, 100, 100, 100, 100, 100, 100, 
100, 100, 100, 100, 100, 2500, 2500, 2500, 2500, 2500, 2500, 
2500, 2500, 2500, 2500, 2500, 31341.406, 35759.416, 40853.363, 
46573.935, 51920.112, 62300.174, 78651.459, 85477.906, 105355.008, 
136104.187, 132994.69, 1, 1, 1, 1, 1, 1, 1, 1, 1, 1, 1, 0.01316, 
0.01316, 0.01316, 0.01316, 0.01316, 0.01316, 0.01316, 0.01316, 
0.01316, 0.01316, 0.01316, 0, 0, 0, 0, 0, 0, 0, 0, 0, 0, 0, 0, 
0, 0, 0, 0, 0, 0, 0, 0, 0, 0, 0.79736, 0.8112, 0.81449, 0.82649, 
0.82465, 0.82325, 0.82852, 0.82487, 0.82862, 0.82232, 0.82395, 
0.79846, 0.82219, 0.81613, 0.82721, 0.82466, 0.81981, 0.82225, 
0.82422, 0.82918, 0.81916, 0.82648, 0.8468, 0.9786, 1.1173, 1.3239, 
1.4861, 1.7015, 2.3324, 2.5848, 3.212, 4.0971, 4.0437, 670.8, 
728.8, 781.5, 831, 885.1, 943.2, 1007.4, 1063.1, 1111.6, 1164.1, 
1210.8, 1, 1, 1, 1, 1, 1, 1, 1, 1, 1, 1, 1, 1, 1, 1, 1, 1, 1, 
1, 1, 1, 1, 1, 1, 1, 1, 1, 1, 1, 1, 1, 1, 1, 1, 1, 1, 1, 1, 1, 
1, 1, 1, 1, 1, 11.701, 13.139, 14.685, 16.624, 18.34, 20.782, 
28.286, 30.859, 38.115, 48.408, 47.377), .Dim = c(11L, 40L), .Dimnames = list(
    NULL, c("Sampling", "PSO.cost", "PSO.gamma", "PSO.data.balancing", 
    "PSO.feature.selection", "PSO.valid.acc", "PSO.test.acc", 
    "PSO.train.time", "PSO.n.support.vectors", "PSO.index", "PSO.n.solutions", 
    "PSO.generations", "PSO.n.evaluations", "PSO.cpu.time", "RS.cost", 
    "RS.gamma", "RS.data.balancing", "RS.feature.selection", 
    "RS.valid.acc", "RS.test.acc", "RS.train.time", "RS.n.support.vectors", 
    "RS.index", "RS.n.solutions", "RS.generations", "RS.n.evaluations", 
    "RS.cpu.time", "DF.cost", "DF.gamma", "DF.data.balancing", 
    "DF.feature.selection", "DF.valid.acc", "DF.test.acc", "DF.train.time", 
    "DF.n.support.vectors", "DF.index", "DF.n.solutions", "DF.generations", 
    "DF.n.evaluations", "DF.cpu.time")))
