full <-
structure(c(50, 55, 60, 65, 70, 75, 80, 85, 90, 95, 100, 9.73, 
6.11557, 3.84442, 3.4282, 2.45312, 3.41145, 2.02144, 8.62174, 
2.45658, 6.17575, 3.58971, -6.80201, -8.9338, -6.91894, -8.02557, 
-6.96142, -6.94809, -7.50538, -9.87008, -7.05116, -6.889, -8.14929, 
0, 0, 0, 0, 0, 0, 0, 0, 0, 0, 0, 0, 0, 0, 0, 0, 0, 0, 0, 0, 0, 
0, 0.84077, 0.83272, 0.84299, 0.84361, 0.85258, 0.84979, 0.85599, 
0.84452, 0.84534, 0.85029, 0.84904, 0.82474, 0.82605, 0.83382, 
0.83508, 0.84618, 0.84515, 0.84711, 0.82561, 0.8453, 0.84032, 
0.84706, 0.787, 0.7469, 1.1047, 1.0346, 1.3328, 1.5708, 1.5666, 
1.4678, 2.5308, 3.4858, 3.184, 658.2, 634.1, 762.9, 739.7, 852, 
902.6, 889.5, 804.4, 1032.8, 1104.1, 1012.8, 498, 1908, 1255, 
1229, 1172, 1431, 2497, 2415, 957, 405, 1741, 805, 3, 39, 25, 
20, 85, 1, 1, 49, 921, 120, 100, 100, 100, 100, 100, 100, 100, 
100, 100, 100, 100, 2500, 2500, 2500, 2500, 2500, 2500, 2500, 
2500, 2500, 2500, 2500, 28345.536, 28272.955, 35817.063, 35975.504, 
44018.993, 49735.094, 53123.46, 50141.377, 73689.394, 106899.81, 
102701.687, 13.66768, 5.91113, 8.31576, 2.79082, 2.47658, 3.25854, 
2.47813, 2.24838, 2.55832, 5.72407, 3.71436, -6.8017, -8.84227, 
-6.92198, -7.41454, -6.4227, -7.01648, -7.05259, -7.25448, -7.18202, 
-6.8612, -8.16715, 0, 0, 0, 0, 0, 0, 0, 0, 0, 0, 0, 0, 0, 0, 
0, 0, 0, 0, 0, 0, 0, 0, 0.84077, 0.83089, 0.84216, 0.84128, 0.85049, 
0.84845, 0.85347, 0.84331, 0.84423, 0.84977, 0.84702, 0.82474, 
0.82513, 0.83298, 0.84052, 0.83617, 0.84449, 0.85334, 0.84204, 
0.84475, 0.84032, 0.84606, 0.8202, 0.7813, 1.0789, 1.0741, 1.5014, 
1.5325, 1.6594, 1.9245, 2.6299, 3.4827, 2.9381, 658.1, 637.3, 
763, 775.8, 897.3, 896.4, 929.7, 960.5, 1020.8, 1106, 1010.7, 
172, 1289, 313, 834, 251, 211, 1022, 422, 557, 964, 1059, 3, 
1, 2, 1, 1, 1, 1, 1, 2, 1, 1, 100, 100, 100, 100, 100, 100, 100, 
100, 100, 100, 100, 2500, 2500, 2500, 2500, 2500, 2500, 2500, 
2500, 2500, 2500, 2500, 31076.925, 36005.507, 41843.217, 47617.93, 
52260.829, 63781.53, 69727.309, 84874.608, 105285.455, 129416.999, 
132562.393, 1, 1, 1, 1, 1, 1, 1, 1, 1, 1, 1, 0.01316, 0.01316, 
0.01316, 0.01316, 0.01316, 0.01316, 0.01316, 0.01316, 0.01316, 
0.01316, 0.01316, 0, 0, 0, 0, 0, 0, 0, 0, 0, 0, 0, 0, 0, 0, 0, 
0, 0, 0, 0, 0, 0, 0, 0.81671, 0.81804, 0.80951, 0.81579, 0.82822, 
0.82525, 0.83528, 0.83329, 0.83363, 0.82661, 0.82643, 0.81374, 
0.80962, 0.82043, 0.81803, 0.82247, 0.82786, 0.83083, 0.83387, 
0.83535, 0.83135, 0.82895, 0.8661, 1.0138, 1.1823, 1.3378, 1.5049, 
1.8217, 2.1551, 2.4705, 3.2048, 4.0634, 3.4719, 674.6, 734.6, 
792.6, 849, 905, 958.4, 1006, 1056.1, 1112.1, 1160.1, 1211.4, 
1, 1, 1, 1, 1, 1, 1, 1, 1, 1, 1, 1, 1, 1, 1, 1, 1, 1, 1, 1, 1, 
1, 1, 1, 1, 1, 1, 1, 1, 1, 1, 1, 1, 1, 1, 1, 1, 1, 1, 1, 1, 1, 
1, 1, 11.576, 13.511, 15.447, 17.09, 18.719, 22.339, 26.265, 
29.546, 38.312, 48.19, 40.692), .Dim = c(11L, 40L), .Dimnames = list(
    NULL, c("Sampling", "PSO.cost", "PSO.gamma", "PSO.data.balancing", 
    "PSO.feature.selection", "PSO.valid.acc", "PSO.test.acc", 
    "PSO.train.time", "PSO.n.support.vectors", "PSO.index", "PSO.n.solutions", 
    "PSO.generations", "PSO.n.evaluations", "PSO.cpu.time", "RS.cost", 
    "RS.gamma", "RS.data.balancing", "RS.feature.selection", 
    "RS.valid.acc", "RS.test.acc", "RS.train.time", "RS.n.support.vectors", 
    "RS.index", "RS.n.solutions", "RS.generations", "RS.n.evaluations", 
    "RS.cpu.time", "DF.cost", "DF.gamma", "DF.data.balancing", 
    "DF.feature.selection", "DF.valid.acc", "DF.test.acc", "DF.train.time", 
    "DF.n.support.vectors", "DF.index", "DF.n.solutions", "DF.generations", 
    "DF.n.evaluations", "DF.cpu.time")))
