full <-
structure(c(50, 55, 60, 65, 70, 75, 80, 85, 90, 95, 100, 1.76897, 
2.26424, 4.64092, 3.06995, 2.83261, 3.86092, 3.31991, 3.96432, 
2.1938, 5.0531, 4.22806, -6.35491, -6.9565, -8.18254, -7.50634, 
-6.68147, -7.97342, -8.0224, -7.49482, -7.34279, -7.69978, -8.9615, 
0, 0, 0, 0, 0, 0, 0, 0, 0, 0, 0, 0, 0, 0, 0, 0, 0, 0, 0, 0, 0, 
0, 0.83547, 0.83943, 0.83619, 0.84301, 0.84462, 0.84975, 0.85281, 
0.8468, 0.84755, 0.8545, 0.85103, 0.83147, 0.83225, 0.8287, 0.83144, 
0.84102, 0.83899, 0.83722, 0.84502, 0.8392, 0.84923, 0.83747, 
0.881, 0.9322, 0.9322, 1.1514, 1.4726, 1.3615, 1.5571, 2.1752, 
2.1902, 2.3008, 2.6474, 656.2, 686.8, 674.3, 762.8, 871.7, 822.8, 
859, 949.4, 999.2, 1020.5, 959.7, 908, 931, 2257, 1433, 978, 
1800, 934, 563, 1494, 1493, 1370, 381, 416, 1, 1, 407, 1, 104, 
269, 130, 32, 216, 100, 100, 100, 100, 100, 100, 100, 100, 100, 
100, 100, 2500, 2500, 2500, 2500, 2500, 2500, 2500, 2500, 2500, 
2500, 2500, 30060.355, 31544.028, 32914.461, 37556.063, 46434.486, 
49554.82, 51075.613, 70738.75, 69014.743, 73668.151, 85398.9749999999, 
1.77365, 2.52996, 4.6569, 5.41118, 2.25613, 3.99934, 3.26951, 
3.90136, 1.53644, 6.55876, 4.41652, -6.38781, -7.13598, -8.12749, 
-9.16423, -6.81076, -8.11285, -7.86551, -7.56269, -7.28726, -8.19345, 
-9.05648, 0, 0, 0, 0, 0, 0, 0, 0, 0, 0, 0, 0, 0, 0, 0, 0, 0, 
0, 0, 0, 0, 0, 0.83247, 0.8376, 0.83284, 0.84224, 0.84178, 0.84907, 
0.85032, 0.84562, 0.84424, 0.85399, 0.84801, 0.83049, 0.82952, 
0.83038, 0.83295, 0.84242, 0.83965, 0.83969, 0.84444, 0.84084, 
0.84504, 0.83696, 0.8567, 0.9073, 0.9296, 0.9999, 1.4094, 1.347, 
1.7262, 2.0817, 2.105, 2.3917, 2.7847, 655.2, 679.8, 677.9, 688.8, 
864, 813.6, 870, 943.7, 1006.4, 977.1, 954.5, 513, 1184, 503, 
1844, 2442, 646, 2439, 1737, 2085, 1591, 613, 1, 1, 1, 1, 1, 
2, 1, 1, 1, 1, 2, 100, 100, 100, 100, 100, 100, 100, 100, 100, 
100, 100, 2500, 2500, 2500, 2500, 2500, 2500, 2500, 2500, 2500, 
2500, 2500, 31849.714, 37178.898, 42232.571, 47706.048, 54537.55, 
63656.203, 82177.546, 90921.08, 100273.59, 122650.805, 132013.632, 
1, 1, 1, 1, 1, 1, 1, 1, 1, 1, 1, 0.01316, 0.01316, 0.01316, 0.01316, 
0.01316, 0.01316, 0.01316, 0.01316, 0.01316, 0.01316, 0.01316, 
0, 0, 0, 0, 0, 0, 0, 0, 0, 0, 0, 0, 0, 0, 0, 0, 0, 0, 0, 0, 0, 
0, 0.82157, 0.82586, 0.82116, 0.82439, 0.82681, 0.83097, 0.82592, 
0.83326, 0.83252, 0.82768, 0.82647, 0.82155, 0.82775, 0.82279, 
0.83063, 0.82392, 0.835, 0.82458, 0.82677, 0.82693, 0.82977, 
0.83048, 0.8646, 1.0308, 1.2172, 1.393, 1.5372, 1.7759, 2.4549, 
2.8165, 2.9968, 3.6087, 4.0173, 660.8, 720.9, 782.7, 839.4, 901.3, 
946.8, 999.6, 1063.2, 1110.8, 1164.4, 1213, 1, 1, 1, 1, 1, 1, 
1, 1, 1, 1, 1, 1, 1, 1, 1, 1, 1, 1, 1, 1, 1, 1, 1, 1, 1, 1, 1, 
1, 1, 1, 1, 1, 1, 1, 1, 1, 1, 1, 1, 1, 1, 1, 1, 1, 11.867, 13.74, 
15.707, 17.663, 19.484, 21.751, 29.458, 33.422, 35.396, 42.453, 
46.338), .Dim = c(11L, 40L), .Dimnames = list(NULL, c("Sampling", 
"PSO.cost", "PSO.gamma", "PSO.data.balancing", "PSO.feature.selection", 
"PSO.valid.acc", "PSO.test.acc", "PSO.train.time", "PSO.n.support.vectors", 
"PSO.index", "PSO.n.solutions", "PSO.generations", "PSO.n.evaluations", 
"PSO.cpu.time", "RS.cost", "RS.gamma", "RS.data.balancing", "RS.feature.selection", 
"RS.valid.acc", "RS.test.acc", "RS.train.time", "RS.n.support.vectors", 
"RS.index", "RS.n.solutions", "RS.generations", "RS.n.evaluations", 
"RS.cpu.time", "DF.cost", "DF.gamma", "DF.data.balancing", "DF.feature.selection", 
"DF.valid.acc", "DF.test.acc", "DF.train.time", "DF.n.support.vectors", 
"DF.index", "DF.n.solutions", "DF.generations", "DF.n.evaluations", 
"DF.cpu.time")))
