full <-
structure(c(50, 55, 60, 65, 70, 75, 80, 85, 90, 95, 100, 14.49307, 
15, 14.97266, 14.88966, 14.76601, 13.72466, 15, 14.99866, 15, 
14.99994, 14.98368, -9.52965, -6.40266, -9.98214, -11.29546, 
-11.5694, -10.18649, -9.23954, -8.51301, -8.76072, -11.50726, 
-7.60793, 0, 0, 0, 0, 0, 0, 0, 0, 0, 0, 0, 0, 0, 0, 0, 0, 0, 
0, 0, 0, 0, 0, 0.9822, 0.98136, 0.98156, 0.98174, 0.97918, 0.98128, 
0.98111, 0.98254, 0.9826, 0.98068, 0.98302, 0.98165, 0.9794, 
0.97751, 0.9805, 0.98034, 0.97913, 0.97807, 0.97936, 0.9811, 
0.97898, 0.98221, 0.2288, 0.2236, 0.324, 0.3923, 0.4254, 0.4457, 
0.5176, 0.5851, 0.6365, 0.7048, 0.7331, 80.3, 73.6, 95.6, 118.9, 
133.8, 137.1, 116.1, 107.9, 116.8, 170.4, 109, 381, 550, 217, 
874, 1497, 2132, 564, 927, 521, 1539, 95, 576, 105, 270, 33, 
20, 1, 38, 112, 131, 19, 836, 100, 100, 100, 100, 100, 100, 100, 
100, 100, 100, 100, 2500, 2500, 2500, 2500, 2500, 2500, 2500, 
2500, 2500, 2500, 2500, 12928.372, 13598.522, 16258.383, 17441.667, 
18275.115, 18930.641, 20134.411, 21808.948, 23452.799, 25826.729, 
25789.421, 14.86747, 9.21617, 14.61066, 14.79461, 14.88953, 13.92532, 
11.22636, 14.92454, 14.85537, 11.57388, 14.88417, -7.63772, -5.97141, 
-8.87558, -11.25709, -7.7825, -10.2856, -8.1148, -8.54963, -8.59533, 
-8.7367, -7.50955, 0, 0, 0, 0, 0, 0, 0, 0, 0, 0, 0, 0, 0, 0, 
0, 0, 0, 0, 0, 0, 0, 0, 0.98166, 0.98038, 0.98111, 0.98133, 0.97879, 
0.98057, 0.98077, 0.98159, 0.982, 0.98012, 0.98275, 0.98166, 
0.97695, 0.97885, 0.98008, 0.97648, 0.97949, 0.97604, 0.97968, 
0.9808, 0.97727, 0.98167, 0.2174, 0.2173, 0.2954, 0.3938, 0.4171, 
0.4274, 0.4257, 0.5505, 0.584, 0.5916, 0.7326, 66.9, 114.5, 87.7, 
119.8, 89.8, 136.3, 148.5, 110, 116.3, 173.3, 108.9, 727, 2401, 
1417, 764, 2380, 2215, 1321, 434, 1140, 2398, 132, 1, 1, 3, 1, 
1, 1, 1, 1, 1, 1, 1, 100, 100, 100, 100, 100, 100, 100, 100, 
100, 100, 100, 2500, 2500, 2500, 2500, 2500, 2500, 2500, 2500, 
2500, 2500, 2500, 21917.095, 25460.493, 28305.966, 31260.898, 
34132.561, 36597.389, 41681.225, 46228.348, 50812.346, 54856.401, 
58642.1189999999, 1, 1, 1, 1, 1, 1, 1, 1, 1, 1, 1, 0.04762, 0.04762, 
0.04762, 0.04762, 0.04762, 0.04762, 0.04762, 0.04762, 0.04762, 
0.04762, 0.04762, 0, 0, 0, 0, 0, 0, 0, 0, 0, 0, 0, 0, 0, 0, 0, 
0, 0, 0, 0, 0, 0, 0, 0.94876, 0.95095, 0.94963, 0.9502, 0.9468, 
0.9471, 0.94737, 0.94887, 0.95051, 0.95028, 0.94931, 0.94876, 
0.95046, 0.94828, 0.94937, 0.94719, 0.94782, 0.94771, 0.94951, 
0.94961, 0.94999, 0.94931, 0.3168, 0.3638, 0.4337, 0.4891, 0.5648, 
0.6379, 0.7326, 0.7721, 0.8496, 1.0098, 1.1023, 284.6, 307.2, 
334.3, 349.4, 382.7, 406.2, 429.9, 444.2, 462, 481.6, 505.8, 
1, 1, 1, 1, 1, 1, 1, 1, 1, 1, 1, 1, 1, 1, 1, 1, 1, 1, 1, 1, 1, 
1, 1, 1, 1, 1, 1, 1, 1, 1, 1, 1, 1, 1, 1, 1, 1, 1, 1, 1, 1, 1, 
1, 1, 6.228, 6.856, 7.641, 8.001, 8.786, 9.599, 10.954, 10.939, 
11.822, 13.59, 14.561), .Dim = c(11L, 40L), .Dimnames = list(
    NULL, c("Sampling", "PSO.cost", "PSO.gamma", "PSO.data.balancing", 
    "PSO.feature.selection", "PSO.valid.acc", "PSO.test.acc", 
    "PSO.train.time", "PSO.n.support.vectors", "PSO.index", "PSO.n.solutions", 
    "PSO.generations", "PSO.n.evaluations", "PSO.cpu.time", "RS.cost", 
    "RS.gamma", "RS.data.balancing", "RS.feature.selection", 
    "RS.valid.acc", "RS.test.acc", "RS.train.time", "RS.n.support.vectors", 
    "RS.index", "RS.n.solutions", "RS.generations", "RS.n.evaluations", 
    "RS.cpu.time", "DF.cost", "DF.gamma", "DF.data.balancing", 
    "DF.feature.selection", "DF.valid.acc", "DF.test.acc", "DF.train.time", 
    "DF.n.support.vectors", "DF.index", "DF.n.solutions", "DF.generations", 
    "DF.n.evaluations", "DF.cpu.time")))
