full <-
structure(c(50, 55, 60, 65, 70, 75, 80, 85, 90, 95, 100, 14.38409, 
11.99457, 12.42999, 15, 14.34118, 13.7277, 14.94824, 14.56628, 
15, 15, 14.76928, -9.18147, -6.87985, -7.71285, -8.08577, -6.07631, 
-8.37554, -9.77475, -8.82613, -6.82867, -6.34163, -7.52797, 0, 
0, 0, 0, 0, 0, 0, 0, 0, 0, 0, 0, 0, 0, 0, 0, 0, 0, 0, 0, 0, 0, 
0.98166, 0.98235, 0.98291, 0.98381, 0.9811, 0.98344, 0.98077, 
0.98317, 0.9832, 0.98381, 0.98328, 0.97736, 0.98039, 0.98157, 
0.98258, 0.97996, 0.98236, 0.98077, 0.98063, 0.98231, 0.9804, 
0.98167, 0.2148, 0.1984, 0.2419, 0.3275, 0.2908, 0.3955, 0.5565, 
0.5767, 0.5767, 0.6212, 0.6554, 78.3, 86, 91, 79.2, 84.5, 104.8, 
114.9, 111.3, 96.9, 98.2, 113.3, 222, 460, 363, 428, 661, 645, 
1248, 364, 1840, 142, 2113, 425, 86, 426, 11, 50, 638, 5, 345, 
37, 361, 2, 100, 100, 100, 100, 100, 100, 100, 100, 100, 100, 
100, 2500, 2500, 2500, 2500, 2500, 2500, 2500, 2500, 2500, 2500, 
2500, 12807.529, 12718.933, 13420.709, 15390.068, 18837.475, 
18075.242, 21336.242, 22425.43, 24651.292, 22858.124, 24504.2220000001, 
13.72341, 12.65305, 12.42881, 14.93139, 13.87213, 14.20075, 14.78787, 
14.47508, 11.64082, 14.87529, 14.97555, -8.78608, -7.44964, -7.79089, 
-8.53546, -4.73098, -8.31996, -9.93228, -8.81962, -7.71376, -6.306, 
-8.49417, 0, 0, 0, 0, 0, 0, 0, 0, 0, 0, 0, 0, 0, 0, 0, 0, 0, 
0, 0, 0, 0, 0, 0.98112, 0.98186, 0.98291, 0.9834, 0.98072, 0.98236, 
0.98043, 0.98286, 0.98261, 0.98352, 0.98248, 0.97628, 0.98039, 
0.98113, 0.9834, 0.97687, 0.98128, 0.98009, 0.98063, 0.98201, 
0.97954, 0.9814, 0.2099, 0.2152, 0.243, 0.3044, 0.3674, 0.4063, 
0.5472, 0.586, 0.5332, 0.5795, 0.6761, 79.8, 83.9, 91, 82.8, 
158.7, 99.2, 118.2, 112.1, 139, 98.9, 121.8, 1320, 630, 212, 
2185, 575, 2155, 1274, 1855, 316, 1664, 761, 2, 5, 2, 1, 4, 2, 
1, 1, 1, 2, 2, 100, 100, 100, 100, 100, 100, 100, 100, 100, 100, 
100, 2500, 2500, 2500, 2500, 2500, 2500, 2500, 2500, 2500, 2500, 
2500, 21054.96, 24048.811, 25813.755, 27755.911, 33806.097, 38312.825, 
43249.713, 48637.9, 53798.383, 54622.514, 57081.143, 1, 1, 1, 
1, 1, 1, 1, 1, 1, 1, 1, 0.04762, 0.04762, 0.04762, 0.04762, 0.04762, 
0.04762, 0.04762, 0.04762, 0.04762, 0.04762, 0.04762, 0, 0, 0, 
0, 0, 0, 0, 0, 0, 0, 0, 0, 0, 0, 0, 0, 0, 0, 0, 0, 0, 0, 0.9477, 
0.94999, 0.94918, 0.95019, 0.95105, 0.95035, 0.95074, 0.94982, 
0.94901, 0.94998, 0.94958, 0.94608, 0.949, 0.94918, 0.94895, 
0.95066, 0.95071, 0.95041, 0.95045, 0.94901, 0.95055, 0.94931, 
0.324, 0.3627, 0.4253, 0.4857, 0.533, 0.6188, 0.7174, 0.8832, 
0.9444, 0.9701, 1.0791, 294.4, 316.1, 334.1, 354.3, 373.5, 394.8, 
416.9, 445, 470.3, 485.6, 507.6, 1, 1, 1, 1, 1, 1, 1, 1, 1, 1, 
1, 1, 1, 1, 1, 1, 1, 1, 1, 1, 1, 1, 1, 1, 1, 1, 1, 1, 1, 1, 1, 
1, 1, 1, 1, 1, 1, 1, 1, 1, 1, 1, 1, 1, 6.339, 6.909, 7.121, 8.234, 
8.575, 9.429, 10.435, 12.367, 12.936, 13.29, 14.442), .Dim = c(11L, 
40L), .Dimnames = list(NULL, c("Sampling", "PSO.cost", "PSO.gamma", 
"PSO.data.balancing", "PSO.feature.selection", "PSO.valid.acc", 
"PSO.test.acc", "PSO.train.time", "PSO.n.support.vectors", "PSO.index", 
"PSO.n.solutions", "PSO.generations", "PSO.n.evaluations", "PSO.cpu.time", 
"RS.cost", "RS.gamma", "RS.data.balancing", "RS.feature.selection", 
"RS.valid.acc", "RS.test.acc", "RS.train.time", "RS.n.support.vectors", 
"RS.index", "RS.n.solutions", "RS.generations", "RS.n.evaluations", 
"RS.cpu.time", "DF.cost", "DF.gamma", "DF.data.balancing", "DF.feature.selection", 
"DF.valid.acc", "DF.test.acc", "DF.train.time", "DF.n.support.vectors", 
"DF.index", "DF.n.solutions", "DF.generations", "DF.n.evaluations", 
"DF.cpu.time")))
