full <-
structure(c(50, 55, 60, 65, 70, 75, 80, 85, 90, 95, 100, 14.94563, 
14.97938, 15, 14.51049, 13.11141, 14.94066, 15, 14.90337, 12.60597, 
15, 11.77587, -10.26649, -9.22236, -11.77399, -8.36407, -8.83149, 
-7.00014, -12.38005, -12.72431, -9.89609, -7.42981, -9.68892, 
0, 0, 0, 0, 0, 0, 0, 0, 0, 0, 0, 0, 0, 0, 0, 0, 0, 0, 0, 0, 0, 
0, 0.98382, 0.98431, 0.98158, 0.97884, 0.98227, 0.98057, 0.97908, 
0.98095, 0.9814, 0.98238, 0.98275, 0.98329, 0.98431, 0.97978, 
0.97925, 0.97803, 0.97769, 0.97841, 0.98062, 0.9793, 0.98067, 
0.98113, 0.1989, 0.2476, 0.2924, 0.3405, 0.3603, 0.443, 0.4937, 
0.5, 0.5453, 0.5862, 0.607, 79.9, 85.8, 117.8, 94.2, 117.6, 90.4, 
161.3, 170.6, 170.1, 100.6, 195.3, 146, 1163, 361, 531, 1081, 
916, 494, 1631, 686, 396, 2016, 1162, 2, 97, 315, 12, 119, 209, 
4, 136, 38, 157, 100, 100, 100, 100, 100, 100, 100, 100, 100, 
100, 100, 2500, 2500, 2500, 2500, 2500, 2500, 2500, 2500, 2500, 
2500, 2500, 11495.462, 12875.99, 13702.903, 15395.229, 16276.102, 
18033.356, 18544.413, 19246.3909999999, 21087.838, 22359.952, 
22422.918, 14.94081, 12.82275, 14.15756, 14.27775, 13.51488, 
14.94108, 14.62125, 14.3922, 13.56176, 14.87567, 11.65038, -10.14853, 
-7.67805, -9.63056, -8.43378, -9.04886, -7.00826, -11.94855, 
-12.71195, -10.62234, -7.6738, -9.58857, 0, 0, 0, 0, 0, 0, 0, 
0, 0, 0, 0, 0, 0, 0, 0, 0, 0, 0, 0, 0, 0, 0, 0.98329, 0.98333, 
0.98022, 0.97884, 0.98111, 0.98021, 0.97773, 0.98031, 0.9811, 
0.98181, 0.98248, 0.98329, 0.98088, 0.98023, 0.97925, 0.97764, 
0.97769, 0.97875, 0.98031, 0.979, 0.98067, 0.9814, 0.1963, 0.2116, 
0.2716, 0.3565, 0.3538, 0.4421, 0.4744, 0.4962, 0.5417, 0.5782, 
0.5833, 79.1, 89.5, 101.8, 96.8, 115.7, 90.4, 159.4, 182.3, 166, 
104.8, 195.8, 1227, 762, 1610, 1601, 1877, 1429, 545, 930, 227, 
44, 1073, 1, 3, 4, 1, 1, 1, 7, 1, 4, 5, 1, 100, 100, 100, 100, 
100, 100, 100, 100, 100, 100, 100, 2500, 2500, 2500, 2500, 2500, 
2500, 2500, 2500, 2500, 2500, 2500, 19895.401, 21997.623, 24673.403, 
29997.896, 31398.469, 33986.787, 38328.09, 39266.224, 45604.699, 
46821.565, 50933.022, 1, 1, 1, 1, 1, 1, 1, 1, 1, 1, 1, 0.04762, 
0.04762, 0.04762, 0.04762, 0.04762, 0.04762, 0.04762, 0.04762, 
0.04762, 0.04762, 0.04762, 0, 0, 0, 0, 0, 0, 0, 0, 0, 0, 0, 0, 
0, 0, 0, 0, 0, 0, 0, 0, 0, 0, 0.93905, 0.94311, 0.94335, 0.94148, 
0.94411, 0.94494, 0.94568, 0.9476, 0.94751, 0.94913, 0.94931, 
0.93959, 0.94213, 0.94335, 0.94189, 0.94565, 0.94423, 0.94568, 
0.94824, 0.94811, 0.94913, 0.95012, 0.3127, 0.3692, 0.4133, 0.5005, 
0.5606, 0.6351, 0.7101, 0.7519, 0.8447, 0.9006, 0.9641, 317.4, 
336.6, 359.4, 380.3, 399.1, 423.6, 446.2, 455.4, 477.9, 493.1, 
510, 1, 1, 1, 1, 1, 1, 1, 1, 1, 1, 1, 1, 1, 1, 1, 1, 1, 1, 1, 
1, 1, 1, 1, 1, 1, 1, 1, 1, 1, 1, 1, 1, 1, 1, 1, 1, 1, 1, 1, 1, 
1, 1, 1, 1, 5.783, 6.443, 6.867, 8.273, 8.462, 9.175, 10.055, 
10.506, 11.495, 11.952, 12.642), .Dim = c(11L, 40L), .Dimnames = list(
    NULL, c("Sampling", "PSO.cost", "PSO.gamma", "PSO.data.balancing", 
    "PSO.feature.selection", "PSO.valid.acc", "PSO.test.acc", 
    "PSO.train.time", "PSO.n.support.vectors", "PSO.index", "PSO.n.solutions", 
    "PSO.generations", "PSO.n.evaluations", "PSO.cpu.time", "RS.cost", 
    "RS.gamma", "RS.data.balancing", "RS.feature.selection", 
    "RS.valid.acc", "RS.test.acc", "RS.train.time", "RS.n.support.vectors", 
    "RS.index", "RS.n.solutions", "RS.generations", "RS.n.evaluations", 
    "RS.cpu.time", "DF.cost", "DF.gamma", "DF.data.balancing", 
    "DF.feature.selection", "DF.valid.acc", "DF.test.acc", "DF.train.time", 
    "DF.n.support.vectors", "DF.index", "DF.n.solutions", "DF.generations", 
    "DF.n.evaluations", "DF.cpu.time")))
