full <-
structure(c(50, 55, 60, 65, 70, 75, 80, 85, 90, 95, 100, 15, 
10.90173, 15, 14.90356, 14.99566, 15, 14.68978, 15, 14.99988, 
15, 13.44395, -8.92223, -7.45059, -6.55856, -6.73797, -12.27308, 
-6.36448, -6.66704, -13.00355, -11.49849, -10.64367, -10.04452, 
0, 0, 0, 0, 0, 0, 0, 0, 0, 0, 0, 0, 0, 0, 0, 0, 0, 0, 0, 0, 0, 
0, 0.98219, 0.97694, 0.97799, 0.98132, 0.97919, 0.97912, 0.98078, 
0.98222, 0.9811, 0.98153, 0.98248, 0.97896, 0.97694, 0.97797, 
0.97717, 0.97687, 0.9766, 0.97673, 0.98063, 0.982, 0.97954, 0.98141, 
0.2176, 0.2163, 0.2349, 0.2725, 0.4004, 0.3537, 0.4286, 0.541, 
0.6478, 0.7068, 0.673, 72.8, 104.9, 72.9, 76.3, 139.9, 88.3, 
91.2, 166.2, 161.5, 153.4, 173.1, 116, 104, 432, 261, 851, 367, 
328, 575, 430, 158, 336, 1001, 457, 5, 579, 39, 1064, 787, 57, 
55, 420, 154, 100, 100, 100, 100, 100, 100, 100, 100, 100, 100, 
100, 2500, 2500, 2500, 2500, 2500, 2500, 2500, 2500, 2500, 2500, 
2500, 11937.705, 12289.971, 14177.41, 13633.654, 16726.774, 16253.827, 
18477.122, 20339.878, 23292.389, 24669.275, 25415.8199999999, 
14.2854, 10.94918, 14.9951, 14.89701, 14.78811, 14.94858, 14.56007, 
14.30704, 14.98506, 13.90738, 13.43927, -8.95612, -7.43712, -10.16318, 
-6.73265, -12.23302, -7.73965, -6.61813, -11.40259, -11.46985, 
-9.09706, -10.05189, 0, 0, 0, 0, 0, 0, 0, 0, 0, 0, 0, 0, 0, 0, 
0, 0, 0, 0, 0, 0, 0, 0, 0.98219, 0.97694, 0.97754, 0.98132, 0.97842, 
0.9784, 0.98044, 0.98158, 0.9808, 0.98153, 0.98248, 0.97788, 
0.97743, 0.97842, 0.97759, 0.97687, 0.97516, 0.97605, 0.98, 0.9817, 
0.9784, 0.98141, 0.2104, 0.2121, 0.3137, 0.2798, 0.3765, 0.3967, 
0.4117, 0.5008, 0.6385, 0.6081, 0.6767, 78.8, 103.7, 92.8, 76.2, 
141.6, 89.5, 92, 156.5, 161.7, 138.5, 173.6, 344, 2380, 690, 
789, 776, 1602, 129, 308, 1373, 1929, 367, 1, 1, 1, 1, 1, 5, 
3, 2, 1, 1, 1, 100, 100, 100, 100, 100, 100, 100, 100, 100, 100, 
100, 2500, 2500, 2500, 2500, 2500, 2500, 2500, 2500, 2500, 2500, 
2500, 20345.618, 22786.961, 25660.73, 29080.698, 32203.078, 35016.127, 
39501.164, 43663.042, 47631.504, 52494.138, 56221.395, 1, 1, 
1, 1, 1, 1, 1, 1, 1, 1, 1, 0.04762, 0.04762, 0.04762, 0.04762, 
0.04762, 0.04762, 0.04762, 0.04762, 0.04762, 0.04762, 0.04762, 
0, 0, 0, 0, 0, 0, 0, 0, 0, 0, 0, 0, 0, 0, 0, 0, 0, 0, 0, 0, 0, 
0, 0.93796, 0.94212, 0.94561, 0.94438, 0.94488, 0.94566, 0.94535, 
0.94697, 0.94602, 0.948, 0.94905, 0.93959, 0.94261, 0.94516, 
0.94437, 0.94489, 0.9453, 0.94569, 0.94538, 0.94632, 0.94771, 
0.94931, 0.3477, 0.3923, 0.4485, 0.5049, 0.5778, 0.6591, 0.7095, 
0.8033, 0.8785, 0.9618, 1.0336, 323.4, 342.4, 354.8, 381.5, 391.2, 
410.3, 432.5, 455.7, 480.3, 491.4, 510.2, 1, 1, 1, 1, 1, 1, 1, 
1, 1, 1, 1, 1, 1, 1, 1, 1, 1, 1, 1, 1, 1, 1, 1, 1, 1, 1, 1, 1, 
1, 1, 1, 1, 1, 1, 1, 1, 1, 1, 1, 1, 1, 1, 1, 1, 6.286, 6.72, 
7.281, 7.957, 8.715, 9.594, 10.443, 11.172, 12.017, 12.935, 13.62
), .Dim = c(11L, 40L), .Dimnames = list(NULL, c("Sampling", "PSO.cost", 
"PSO.gamma", "PSO.data.balancing", "PSO.feature.selection", "PSO.valid.acc", 
"PSO.test.acc", "PSO.train.time", "PSO.n.support.vectors", "PSO.index", 
"PSO.n.solutions", "PSO.generations", "PSO.n.evaluations", "PSO.cpu.time", 
"RS.cost", "RS.gamma", "RS.data.balancing", "RS.feature.selection", 
"RS.valid.acc", "RS.test.acc", "RS.train.time", "RS.n.support.vectors", 
"RS.index", "RS.n.solutions", "RS.generations", "RS.n.evaluations", 
"RS.cpu.time", "DF.cost", "DF.gamma", "DF.data.balancing", "DF.feature.selection", 
"DF.valid.acc", "DF.test.acc", "DF.train.time", "DF.n.support.vectors", 
"DF.index", "DF.n.solutions", "DF.generations", "DF.n.evaluations", 
"DF.cpu.time")))
