full <-
structure(c(50, 55, 60, 65, 70, 75, 80, 85, 90, 95, 100, 15, 
15, 14.47232, 15, 14.90404, 13.81327, 14.72698, 13.84369, 14.07991, 
9.10589, 14.14957, -11.43802, -10.72192, -9.61848, -10.36976, 
-11.48674, -10.39084, -11.74909, -11.16141, -10.93517, -7.18767, 
-11.10291, 0, 0, 0, 0, 0, 0, 0, 0, 0, 0, 0, 0, 0, 0, 0, 0, 0, 
0, 0, 0, 0, 0, 0.97681, 0.97842, 0.98065, 0.98091, 0.98188, 0.98093, 
0.98381, 0.9819, 0.9814, 0.98154, 0.98193, 0.97573, 0.97597, 
0.97839, 0.97759, 0.97881, 0.9802, 0.97942, 0.97904, 0.97721, 
0.97982, 0.98058, 0.2579, 0.3168, 0.3309, 0.3739, 0.436, 0.434, 
0.5084, 0.5255, 0.5861, 0.5554, 0.7431, 93.8, 98.8, 96.9, 104.4, 
133.4, 140.6, 151.7, 165.2, 165.2, 186.8, 179.8, 141, 159, 312, 
55, 1694, 675, 188, 708, 2361, 1736, 101, 559, 257, 204, 299, 
4, 133, 640, 74, 66, 32, 205, 100, 100, 100, 100, 100, 100, 100, 
100, 100, 100, 100, 2500, 2500, 2500, 2500, 2500, 2500, 2500, 
2500, 2500, 2500, 2500, 14089.346, 15137.674, 15490.834, 16643.898, 
18344.492, 18373.157, 20782.909, 21227.34, 22477.281, 22536.438, 
27242.36, 7.85303, 13.92534, 14.03536, 14.64793, 14.9758, 14.23401, 
14.8575, 13.63808, 14.16561, 8.9462, 14.85285, -6.13883, -11.77727, 
-9.37814, -10.08922, -11.49121, -10.31847, -11.69659, -10.97929, 
-10.95398, -7.06621, -10.10646, 0, 0, 0, 0, 0, 0, 0, 0, 0, 0, 
0, 0, 0, 0, 0, 0, 0, 0, 0, 0, 0, 0, 0.97679, 0.97745, 0.98065, 
0.98008, 0.98111, 0.98057, 0.98347, 0.98158, 0.9811, 0.98125, 
0.98139, 0.97464, 0.97598, 0.97795, 0.97676, 0.97958, 0.97912, 
0.97909, 0.97872, 0.97661, 0.97925, 0.97977, 0.1998, 0.2828, 
0.3099, 0.3524, 0.4397, 0.4625, 0.5248, 0.5334, 0.6116, 0.5561, 
0.7381, 116.6, 124.3, 99, 105.3, 132.4, 135, 150.5, 165.7, 164.1, 
188, 150.2, 2168, 1359, 435, 2377, 20, 1481, 2085, 82, 1712, 
2053, 2441, 1, 4, 1, 1, 1, 3, 1, 3, 1, 1, 3, 100, 100, 100, 100, 
100, 100, 100, 100, 100, 100, 100, 2500, 2500, 2500, 2500, 2500, 
2500, 2500, 2500, 2500, 2500, 2500, 22033.788, 24004.453, 27206.262, 
29312.207, 32674.886, 36418.219, 39514.793, 44739.873, 47948.18, 
54491.6420000001, 56418.078, 1, 1, 1, 1, 1, 1, 1, 1, 1, 1, 1, 
0.04762, 0.04762, 0.04762, 0.04762, 0.04762, 0.04762, 0.04762, 
0.04762, 0.04762, 0.04762, 0.04762, 0, 0, 0, 0, 0, 0, 0, 0, 0, 
0, 0, 0, 0, 0, 0, 0, 0, 0, 0, 0, 0, 0, 0.94607, 0.94802, 0.94919, 
0.94812, 0.94604, 0.94746, 0.94805, 0.94887, 0.94692, 0.94913, 
0.94985, 0.94552, 0.94851, 0.94784, 0.9477, 0.94604, 0.94674, 
0.94771, 0.94856, 0.94692, 0.94885, 0.95066, 0.3383, 0.3818, 
0.4554, 0.5232, 0.5971, 0.6162, 0.709, 0.8225, 0.9051, 1.0939, 
1.0653, 293.9, 314.4, 337.2, 361.9, 390.7, 410.1, 428.6, 449.6, 
477.5, 487.9, 508, 1, 1, 1, 1, 1, 1, 1, 1, 1, 1, 1, 1, 1, 1, 
1, 1, 1, 1, 1, 1, 1, 1, 1, 1, 1, 1, 1, 1, 1, 1, 1, 1, 1, 1, 1, 
1, 1, 1, 1, 1, 1, 1, 1, 1, 6.838, 6.978, 7.581, 8.501, 9.079, 
8.929, 10.223, 11.412, 12.225, 14.618, 14.144), .Dim = c(11L, 
40L), .Dimnames = list(NULL, c("Sampling", "PSO.cost", "PSO.gamma", 
"PSO.data.balancing", "PSO.feature.selection", "PSO.valid.acc", 
"PSO.test.acc", "PSO.train.time", "PSO.n.support.vectors", "PSO.index", 
"PSO.n.solutions", "PSO.generations", "PSO.n.evaluations", "PSO.cpu.time", 
"RS.cost", "RS.gamma", "RS.data.balancing", "RS.feature.selection", 
"RS.valid.acc", "RS.test.acc", "RS.train.time", "RS.n.support.vectors", 
"RS.index", "RS.n.solutions", "RS.generations", "RS.n.evaluations", 
"RS.cpu.time", "DF.cost", "DF.gamma", "DF.data.balancing", "DF.feature.selection", 
"DF.valid.acc", "DF.test.acc", "DF.train.time", "DF.n.support.vectors", 
"DF.index", "DF.n.solutions", "DF.generations", "DF.n.evaluations", 
"DF.cpu.time")))
