full <-
structure(c(50, 55, 60, 65, 70, 75, 80, 85, 90, 95, 100, 13.37342, 
13.50625, 14.50283, 13.52837, 11.88954, 14.51621, 13.47048, 14.97353, 
14.96723, 15, 14.9978, -9.47795, -8.96197, -7.31843, -8.28355, 
-6.52765, -8.42728, -6.05404, -7.65704, -8.07551, -6.87406, -7.47738, 
0, 0, 0, 0, 0, 0, 0, 0, 0, 0, 0, 0, 0, 0, 0, 0, 0, 0, 0, 0, 0, 
0, 0.98598, 0.98381, 0.97978, 0.98131, 0.9842, 0.98453, 0.98246, 
0.98316, 0.98441, 0.98352, 0.98195, 0.98166, 0.97646, 0.97797, 
0.97965, 0.98073, 0.98345, 0.98111, 0.98379, 0.9817, 0.9801, 
0.98087, 0.1757, 0.2334, 0.2249, 0.3059, 0.2939, 0.3927, 0.3503, 
0.5032, 0.5974, 0.5852, 0.6753, 78.3, 82.5, 69.9, 87.2, 97.5, 
89, 90, 88.9, 100.3, 96.2, 108.7, 388, 444, 952, 1515, 562, 599, 
933, 225, 694, 634, 717, 459, 184, 323, 40, 103, 296, 62, 154, 
430, 411, 7, 100, 100, 100, 100, 100, 100, 100, 100, 100, 100, 
100, 2500, 2500, 2500, 2500, 2500, 2500, 2500, 2500, 2500, 2500, 
2500, 12057.08, 12890.591, 13486.052, 15367.26, 16215.363, 17881.156, 
17449.392, 19923.1, 23568.166, 23975.333, 25281.789, 14.2951, 
14.28918, 14.54791, 13.49913, 12.12267, 14.89577, 13.80901, 11.78756, 
14.70354, 10.87422, 10.8507, -9.95578, -8.46403, -7.2658, -8.20167, 
-6.63715, -8.57019, -5.95972, -5.98556, -7.68426, -7.48376, -7.54017, 
0, 0, 0, 0, 0, 0, 0, 0, 0, 0, 0, 0, 0, 0, 0, 0, 0, 0, 0, 0, 0, 
0, 0.98598, 0.98284, 0.97843, 0.9809, 0.98382, 0.98417, 0.98178, 
0.98284, 0.98411, 0.98266, 0.98167, 0.98221, 0.9789, 0.97753, 
0.97965, 0.98073, 0.98237, 0.98043, 0.9822, 0.98291, 0.98209, 
0.98086, 0.1863, 0.2193, 0.2292, 0.2939, 0.2774, 0.4025, 0.3478, 
0.4269, 0.5535, 0.5033, 0.5469, 73.8, 69.6, 69.5, 86.3, 94.8, 
86.8, 89.5, 111, 98, 150.8, 163.1, 1879, 2060, 1047, 1985, 2481, 
2391, 1697, 1260, 1079, 1852, 1188, 2, 2, 1, 1, 1, 1, 3, 2, 3, 
1, 1, 100, 100, 100, 100, 100, 100, 100, 100, 100, 100, 100, 
2500, 2500, 2500, 2500, 2500, 2500, 2500, 2500, 2500, 2500, 2500, 
21056.785, 23595.527, 27034.578, 30736.075, 34765.008, 38351.463, 
42065.952, 48229.786, 55233.281, 57139.81, 57031.5360000001, 
1, 1, 1, 1, 1, 1, 1, 1, 1, 1, 1, 0.04762, 0.04762, 0.04762, 0.04762, 
0.04762, 0.04762, 0.04762, 0.04762, 0.04762, 0.04762, 0.04762, 
0, 0, 0, 0, 0, 0, 0, 0, 0, 0, 0, 0, 0, 0, 0, 0, 0, 0, 0, 0, 0, 
0, 0.94983, 0.95047, 0.94919, 0.94852, 0.94758, 0.94854, 0.94905, 
0.94824, 0.95021, 0.95198, 0.94959, 0.94929, 0.94998, 0.94874, 
0.9477, 0.94719, 0.94818, 0.94871, 0.94919, 0.95021, 0.95112, 
0.95012, 0.3421, 0.385, 0.4487, 0.5277, 0.5806, 0.6582, 0.7645, 
0.8752, 0.9287, 0.9758, 1.1089, 301.6, 315.1, 336.4, 361.3, 393.8, 
407.9, 431.2, 453.3, 467.5, 484.5, 506.8, 1, 1, 1, 1, 1, 1, 1, 
1, 1, 1, 1, 1, 1, 1, 1, 1, 1, 1, 1, 1, 1, 1, 1, 1, 1, 1, 1, 1, 
1, 1, 1, 1, 1, 1, 1, 1, 1, 1, 1, 1, 1, 1, 1, 1, 6.409, 6.803, 
7.845, 8.665, 8.933, 9.85, 11.207, 12.432, 12.768, 13.283, 14.801
), .Dim = c(11L, 40L), .Dimnames = list(NULL, c("Sampling", "PSO.cost", 
"PSO.gamma", "PSO.data.balancing", "PSO.feature.selection", "PSO.valid.acc", 
"PSO.test.acc", "PSO.train.time", "PSO.n.support.vectors", "PSO.index", 
"PSO.n.solutions", "PSO.generations", "PSO.n.evaluations", "PSO.cpu.time", 
"RS.cost", "RS.gamma", "RS.data.balancing", "RS.feature.selection", 
"RS.valid.acc", "RS.test.acc", "RS.train.time", "RS.n.support.vectors", 
"RS.index", "RS.n.solutions", "RS.generations", "RS.n.evaluations", 
"RS.cpu.time", "DF.cost", "DF.gamma", "DF.data.balancing", "DF.feature.selection", 
"DF.valid.acc", "DF.test.acc", "DF.train.time", "DF.n.support.vectors", 
"DF.index", "DF.n.solutions", "DF.generations", "DF.n.evaluations", 
"DF.cpu.time")))
