full <-
structure(c(50, 55, 60, 65, 70, 75, 80, 85, 90, 95, 100, 15, 
15, 13.13836, 14.96825, 15, 14.7583, 14.98213, 15, 14.77965, 
10.83773, 14.91543, -10.5656, -10.63378, -8.4489, -12.57016, 
-8.67126, -12.04728, -13.10404, -11.89418, -11.76176, -7.87575, 
-11.32028, 0, 0, 0, 0, 0, 0, 0, 0, 0, 0, 0, 0, 0, 0, 0, 0, 0, 
0, 0, 0, 0, 0, 0.98113, 0.98186, 0.98247, 0.98131, 0.9815, 0.98092, 
0.98179, 0.98157, 0.9817, 0.98324, 0.98194, 0.97735, 0.97744, 
0.97842, 0.9784, 0.9788, 0.98165, 0.97909, 0.9803, 0.9814, 0.98039, 
0.98113, 0.2228, 0.2303, 0.2646, 0.3405, 0.3931, 0.3969, 0.4467, 
0.5431, 0.5626, 0.4981, 0.7389, 82.6, 88.1, 91.6, 126.4, 92.9, 
140.9, 155.6, 152.8, 157.5, 159.5, 171, 282, 320, 427, 1162, 
1486, 97, 557, 268, 868, 1573, 1297, 694, 949, 382, 2, 2, 815, 
33, 819, 11, 57, 1, 100, 100, 100, 100, 100, 100, 100, 100, 100, 
100, 100, 2500, 2500, 2500, 2500, 2500, 2500, 2500, 2500, 2500, 
2500, 2500, 12110.263, 12881.178, 13819.086, 15462.283, 16352.364, 
17422.951, 18501.726, 22570.583, 23683.953, 20347.364, 25015.134, 
13.72255, 14.93252, 13.12641, 14.67961, 14.96263, 14.79324, 14.58662, 
14.49386, 13.55651, 10.35386, 8.56711, -10.43807, -10.68288, 
-8.47756, -12.17885, -12.5315, -12.00627, -12.80756, -11.64648, 
-8.51622, -7.80179, -6.83537, 0, 0, 0, 0, 0, 0, 0, 0, 0, 0, 0, 
0, 0, 0, 0, 0, 0, 0, 0, 0, 0, 0, 0.98005, 0.98186, 0.98247, 0.98048, 
0.98111, 0.98092, 0.98111, 0.98126, 0.98111, 0.98267, 0.98194, 
0.97789, 0.97744, 0.97797, 0.97965, 0.98111, 0.98093, 0.97943, 
0.97998, 0.97751, 0.97982, 0.98005, 0.2018, 0.243, 0.2638, 0.3196, 
0.3692, 0.4044, 0.4426, 0.5159, 0.5059, 0.4815, 0.5646, 94.3, 
89.3, 92.3, 124.8, 135.4, 140.2, 156.8, 155.7, 121.7, 169.2, 
201, 2009, 2213, 2157, 2199, 2126, 982, 1070, 1636, 1451, 268, 
1007, 4, 1, 1, 1, 1, 2, 1, 1, 2, 3, 1, 100, 100, 100, 100, 100, 
100, 100, 100, 100, 100, 100, 2500, 2500, 2500, 2500, 2500, 2500, 
2500, 2500, 2500, 2500, 2500, 20244.161, 22763.909, 26689.409, 
30214.207, 32481.285, 36071.708, 38804.155, 44925.538, 48921.173, 
50223.342, 53919.518, 1, 1, 1, 1, 1, 1, 1, 1, 1, 1, 1, 0.04762, 
0.04762, 0.04762, 0.04762, 0.04762, 0.04762, 0.04762, 0.04762, 
0.04762, 0.04762, 0.04762, 0, 0, 0, 0, 0, 0, 0, 0, 0, 0, 0, 0, 
0, 0, 0, 0, 0, 0, 0, 0, 0, 0, 0.94553, 0.94458, 0.94695, 0.94645, 
0.94564, 0.94674, 0.9494, 0.94824, 0.94931, 0.95112, 0.94932, 
0.94499, 0.94507, 0.9465, 0.9452, 0.94603, 0.94638, 0.94839, 
0.9476, 0.94841, 0.95055, 0.94878, 0.3223, 0.381, 0.4472, 0.4862, 
0.5803, 0.6463, 0.7114, 0.7918, 0.8791, 0.9068, 1.0393, 298.3, 
320.9, 339.1, 365.7, 399.2, 420.9, 435.7, 456.3, 473.6, 487.1, 
505.4, 1, 1, 1, 1, 1, 1, 1, 1, 1, 1, 1, 1, 1, 1, 1, 1, 1, 1, 
1, 1, 1, 1, 1, 1, 1, 1, 1, 1, 1, 1, 1, 1, 1, 1, 1, 1, 1, 1, 1, 
1, 1, 1, 1, 1, 5.935, 6.717, 7.436, 7.806, 8.875, 9.482, 10.132, 
11.79, 11.987, 12.292, 13.719), .Dim = c(11L, 40L), .Dimnames = list(
    NULL, c("Sampling", "PSO.cost", "PSO.gamma", "PSO.data.balancing", 
    "PSO.feature.selection", "PSO.valid.acc", "PSO.test.acc", 
    "PSO.train.time", "PSO.n.support.vectors", "PSO.index", "PSO.n.solutions", 
    "PSO.generations", "PSO.n.evaluations", "PSO.cpu.time", "RS.cost", 
    "RS.gamma", "RS.data.balancing", "RS.feature.selection", 
    "RS.valid.acc", "RS.test.acc", "RS.train.time", "RS.n.support.vectors", 
    "RS.index", "RS.n.solutions", "RS.generations", "RS.n.evaluations", 
    "RS.cpu.time", "DF.cost", "DF.gamma", "DF.data.balancing", 
    "DF.feature.selection", "DF.valid.acc", "DF.test.acc", "DF.train.time", 
    "DF.n.support.vectors", "DF.index", "DF.n.solutions", "DF.generations", 
    "DF.n.evaluations", "DF.cpu.time")))
