full <-
structure(c(50, 55, 60, 65, 70, 75, 80, 85, 90, 95, 100, 9.43884, 
13.97265, 15, 15, 15, 14.7978, 14.99318, 14.46288, 14.85439, 
14.93428, 14.83003, -5.37851, -10.59482, -6.52579, -12.25283, 
-12.08607, -12.83856, -12.15252, -9.66169, -6.69605, -8.85822, 
-11.67658, 0, 0, 0, 0, 0, 0, 0, 0, 0, 0, 0, 0, 0, 0, 0, 0, 0, 
0, 0, 0, 0, 0, 0.98167, 0.98039, 0.98022, 0.9809, 0.98072, 0.98417, 
0.98515, 0.98094, 0.9814, 0.98295, 0.98221, 0.97682, 0.97745, 
0.97887, 0.98049, 0.98034, 0.98129, 0.98245, 0.97999, 0.9769, 
0.98125, 0.98086, 0.1831, 0.2326, 0.253, 0.3174, 0.3577, 0.4165, 
0.5034, 0.5098, 0.5717, 0.696, 0.7583, 98.4, 88.4, 70.7, 111.4, 
114.5, 133.3, 135.4, 126.2, 99.8, 121.7, 178.4, 917, 591, 249, 
647, 481, 351, 566, 210, 988, 707, 1800, 134, 294, 521, 14, 75, 
298, 337, 416, 211, 15, 1, 100, 100, 100, 100, 100, 100, 100, 
100, 100, 100, 100, 2500, 2500, 2500, 2500, 2500, 2500, 2500, 
2500, 2500, 2500, 2500, 12763.409, 13037.707, 15108.845, 15670.88, 
16953.248, 18564.539, 19802.954, 20676.959, 22273.843, 24992.039, 
26144.378, 11.912, 14.47414, 14.5108, 14.89051, 14.90421, 14.80877, 
14.64074, 14.61306, 14.6783, 14.50087, 14.61551, -9.00228, -11.4342, 
-6.43013, -12.03811, -11.96331, -12.78297, -11.61011, -9.72749, 
-6.7055, -8.15969, -12.1028, 0, 0, 0, 0, 0, 0, 0, 0, 0, 0, 0, 
0, 0, 0, 0, 0, 0, 0, 0, 0, 0, 0, 0.98168, 0.97941, 0.97977, 0.98049, 
0.98034, 0.98309, 0.98414, 0.98094, 0.9811, 0.9821, 0.98167, 
0.97682, 0.97941, 0.97707, 0.98007, 0.98034, 0.98165, 0.98313, 
0.97999, 0.9769, 0.98096, 0.98059, 0.1941, 0.2295, 0.243, 0.3126, 
0.3597, 0.4196, 0.4217, 0.6074, 0.5697, 0.6388, 0.7076, 88.8, 
91.1, 71.6, 110.6, 113.7, 132.5, 130.7, 125.3, 100.5, 118.2, 
189.7, 402, 552, 1332, 2475, 727, 1396, 365, 80, 576, 496, 452, 
1, 2, 2, 2, 1, 1, 1, 2, 2, 2, 1, 100, 100, 100, 100, 100, 100, 
100, 100, 100, 100, 100, 2500, 2500, 2500, 2500, 2500, 2500, 
2500, 2500, 2500, 2500, 2500, 21026.31, 23379.47, 26689.915, 
29410.031, 33509.645, 38736.086, 38714.22, 47617.328, 55536.321, 
53290.5209999999, 58569.5499999999, 1, 1, 1, 1, 1, 1, 1, 1, 1, 
1, 1, 0.04762, 0.04762, 0.04762, 0.04762, 0.04762, 0.04762, 0.04762, 
0.04762, 0.04762, 0.04762, 0.04762, 0, 0, 0, 0, 0, 0, 0, 0, 0, 
0, 0, 0, 0, 0, 0, 0, 0, 0, 0, 0, 0, 0, 0.95146, 0.95145, 0.95144, 
0.95185, 0.95258, 0.9507, 0.95108, 0.95141, 0.94991, 0.95027, 
0.94797, 0.95092, 0.95096, 0.95099, 0.95268, 0.9522, 0.95142, 
0.95175, 0.9495, 0.95021, 0.95027, 0.94851, 0.331, 0.3752, 0.4426, 
0.4875, 0.5667, 0.6242, 0.6861, 0.8202, 0.9561, 0.92, 1.0369, 
287.8, 314.7, 335.2, 346, 369.4, 390.9, 421.4, 444.1, 461.3, 
479.1, 507.5, 1, 1, 1, 1, 1, 1, 1, 1, 1, 1, 1, 1, 1, 1, 1, 1, 
1, 1, 1, 1, 1, 1, 1, 1, 1, 1, 1, 1, 1, 1, 1, 1, 1, 1, 1, 1, 1, 
1, 1, 1, 1, 1, 1, 1, 6.292, 6.867, 7.599, 8.007, 8.915, 9.478, 
10.066, 11.674, 13.236, 12.358, 13.621), .Dim = c(11L, 40L), .Dimnames = list(
    NULL, c("Sampling", "PSO.cost", "PSO.gamma", "PSO.data.balancing", 
    "PSO.feature.selection", "PSO.valid.acc", "PSO.test.acc", 
    "PSO.train.time", "PSO.n.support.vectors", "PSO.index", "PSO.n.solutions", 
    "PSO.generations", "PSO.n.evaluations", "PSO.cpu.time", "RS.cost", 
    "RS.gamma", "RS.data.balancing", "RS.feature.selection", 
    "RS.valid.acc", "RS.test.acc", "RS.train.time", "RS.n.support.vectors", 
    "RS.index", "RS.n.solutions", "RS.generations", "RS.n.evaluations", 
    "RS.cpu.time", "DF.cost", "DF.gamma", "DF.data.balancing", 
    "DF.feature.selection", "DF.valid.acc", "DF.test.acc", "DF.train.time", 
    "DF.n.support.vectors", "DF.index", "DF.n.solutions", "DF.generations", 
    "DF.n.evaluations", "DF.cpu.time")))
