full <-
structure(c(50, 55, 60, 65, 70, 75, 80, 85, 90, 95, 100, 15, 
15, 14.74544, 15, 14.85744, 14.426, 15, 14.76524, 15, 13.49886, 
14.92676, -12.437, -13.15479, -12.05093, -12.33002, -6.86688, 
-12.23371, -11.79792, -11.51656, -7.44822, -7.78092, -7.57815, 
0, 0, 0, 0, 0, 0, 0, 0, 0, 0, 0, 0, 0, 0, 0, 0, 0, 0, 0, 0, 0, 
0, 0.98274, 0.97941, 0.98201, 0.98132, 0.9788, 0.9795, 0.98076, 
0.98317, 0.98111, 0.98068, 0.98355, 0.97948, 0.97795, 0.98111, 
0.9805, 0.9788, 0.97951, 0.97873, 0.98158, 0.97931, 0.97784, 
0.98274, 0.217, 0.2489, 0.2978, 0.3404, 0.3781, 0.4024, 0.4515, 
0.4919, 0.6025, 0.5489, 0.6384, 98.6, 118.3, 119.9, 128.7, 87.1, 
149, 141, 146.2, 105, 123.4, 112.1, 209, 51, 136, 441, 856, 1919, 
177, 1338, 231, 784, 438, 580, 998, 599, 189, 17, 8, 105, 71, 
594, 200, 478, 100, 100, 100, 100, 100, 100, 100, 100, 100, 100, 
100, 2500, 2500, 2500, 2500, 2500, 2500, 2500, 2500, 2500, 2500, 
2500, 11948.52, 13712.966, 14986.905, 13458.049, 17487.914, 17924.011, 
19288.227, 20169.841, 22062.547, 19767.902, 23410.392, 14.74704, 
12.57298, 14.83313, 13.21327, 11.23702, 14.89263, 9.84923, 14.695, 
14.42276, 13.25736, 14.04691, -12.04083, -10.6067, -12.06659, 
-11.50876, -6.80776, -11.25474, -7.61485, -11.39529, -7.19671, 
-7.58239, -7.45252, 0, 0, 0, 0, 0, 0, 0, 0, 0, 0, 0, 0, 0, 0, 
0, 0, 0, 0, 0, 0, 0, 0, 0.9822, 0.97941, 0.98156, 0.98132, 0.97841, 
0.97914, 0.98077, 0.98254, 0.98081, 0.9804, 0.98247, 0.97786, 
0.97892, 0.98156, 0.98008, 0.97455, 0.98022, 0.97773, 0.98127, 
0.97901, 0.97699, 0.98193, 0.2081, 0.2334, 0.2927, 0.2021, 0.2965, 
0.4121, 0.3768, 0.4892, 0.5272, 0.511, 0.5742, 96.9, 118.7, 118.4, 
146.2, 113.3, 127.9, 155.5, 146, 107.1, 124.3, 119.3, 1152, 65, 
1520, 870, 2176, 1062, 899, 2058, 2408, 132, 2211, 3, 1, 1, 2, 
1, 1, 1, 1, 2, 1, 5, 100, 100, 100, 100, 100, 100, 100, 100, 
100, 100, 100, 2500, 2500, 2500, 2500, 2500, 2500, 2500, 2500, 
2500, 2500, 2500, 18969.911, 23271.168, 26368.779, 23619.429, 
30606.508, 35205.201, 37026.13, 40998.753, 46497.644, 43038.884, 
51534.158, 1, 1, 1, 1, 1, 1, 1, 1, 1, 1, 1, 0.04762, 0.04762, 
0.04762, 0.04762, 0.04762, 0.04762, 0.04762, 0.04762, 0.04762, 
0.04762, 0.04762, 0, 0, 0, 0, 0, 0, 0, 0, 0, 0, 0, 0, 0, 0, 0, 
0, 0, 0, 0, 0, 0, 0, 0.94231, 0.94066, 0.94469, 0.94562, 0.94565, 
0.94782, 0.94736, 0.94951, 0.94871, 0.94999, 0.94931, 0.94231, 
0.94116, 0.9429, 0.9452, 0.94642, 0.94855, 0.94601, 0.94983, 
0.94872, 0.94999, 0.94904, 0.3536, 0.3868, 0.4711, 0.4942, 0.5696, 
0.6271, 0.6804, 0.7787, 0.8596, 0.9269, 0.9895, 321.3, 344.4, 
362.2, 379.5, 396.2, 414.1, 434.6, 449.4, 476.9, 489.6, 508, 
1, 1, 1, 1, 1, 1, 1, 1, 1, 1, 1, 1, 1, 1, 1, 1, 1, 1, 1, 1, 1, 
1, 1, 1, 1, 1, 1, 1, 1, 1, 1, 1, 1, 1, 1, 1, 1, 1, 1, 1, 1, 1, 
1, 1, 6.598, 6.778, 8.001, 7.948, 8.936, 9.475, 10.047, 10.897, 
12.177, 12.586, 13.441), .Dim = c(11L, 40L), .Dimnames = list(
    NULL, c("Sampling", "PSO.cost", "PSO.gamma", "PSO.data.balancing", 
    "PSO.feature.selection", "PSO.valid.acc", "PSO.test.acc", 
    "PSO.train.time", "PSO.n.support.vectors", "PSO.index", "PSO.n.solutions", 
    "PSO.generations", "PSO.n.evaluations", "PSO.cpu.time", "RS.cost", 
    "RS.gamma", "RS.data.balancing", "RS.feature.selection", 
    "RS.valid.acc", "RS.test.acc", "RS.train.time", "RS.n.support.vectors", 
    "RS.index", "RS.n.solutions", "RS.generations", "RS.n.evaluations", 
    "RS.cpu.time", "DF.cost", "DF.gamma", "DF.data.balancing", 
    "DF.feature.selection", "DF.valid.acc", "DF.test.acc", "DF.train.time", 
    "DF.n.support.vectors", "DF.index", "DF.n.solutions", "DF.generations", 
    "DF.n.evaluations", "DF.cpu.time")))
