full <-
structure(c(50, 55, 60, 65, 70, 75, 80, 85, 90, 95, 100, 13.69732, 
8.54644, 8.14338, 9.62978, 12.72093, 15, 14.96503, 15, 15, 15, 
13.84552, -9.79433, -6.80711, -6.66672, -6.7334, -9.49422, -10.28407, 
-10.70969, -7.14069, -5.56237, -9.69073, -6.95564, 0, 0, 0, 0, 
0, 0, 0, 0, 0, 0, 0, 0, 0, 0, 0, 0, 0, 0, 0, 0, 0, 0, 0.98436, 
0.98432, 0.98202, 0.98589, 0.98651, 0.98704, 0.98583, 0.98603, 
0.9826, 0.98352, 0.98409, 0.98328, 0.97942, 0.98337, 0.98215, 
0.98343, 0.98417, 0.98414, 0.98159, 0.98081, 0.98068, 0.98004, 
0.2046, 0.2221, 0.2676, 0.2488, 0.3378, 0.3996, 0.4657, 0.4918, 
0.4248, 0.7268, 0.5879, 74.3, 109.6, 128.5, 109.5, 114.1, 99.2, 
110.4, 88.6, 99.1, 131.8, 114.1, 327, 486, 289, 319, 942, 95, 
1540, 1272, 348, 86, 702, 526, 412, 113, 226, 70, 953, 18, 11, 
1010, 1286, 433, 100, 100, 100, 100, 100, 100, 100, 100, 100, 
100, 100, 2500, 2500, 2500, 2500, 2500, 2500, 2500, 2500, 2500, 
2500, 2500, 16139.556, 17123.263, 15954.578, 14024.221, 16041.406, 
17567.574, 21509.52, 20328.764, 22203.046, 25555.99, 23591.762, 
12.71805, 8.57336, 13.32856, 10.22562, 10.90669, 14.8449, 14.84994, 
12.01185, 14.90484, 13.81655, 13.13251, -9.12624, -6.77481, -10.04608, 
-7.53558, -8.26438, -9.92325, -10.53723, -8.46533, -5.50111, 
-9.91241, -6.56533, 0, 0, 0, 0, 0, 0, 0, 0, 0, 0, 0, 0, 0, 0, 
0, 0, 0, 0, 0, 0, 0, 0, 0.98382, 0.98432, 0.98202, 0.98548, 0.98535, 
0.98632, 0.98549, 0.98571, 0.9817, 0.98267, 0.98328, 0.98382, 
0.97991, 0.98067, 0.98298, 0.9815, 0.98273, 0.98381, 0.98159, 
0.9808, 0.9821, 0.98031, 0.2022, 0.2086, 0.276, 0.2614, 0.316, 
0.4038, 0.457, 0.4197, 0.4235, 0.6689, 0.5331, 76.2, 108.7, 101.8, 
109.9, 120, 97.6, 109.8, 126.1, 100.1, 153.9, 118.6, 262, 1959, 
765, 2340, 1076, 703, 271, 855, 888, 928, 414, 2, 1, 2, 1, 3, 
5, 2, 1, 1, 4, 5, 100, 100, 100, 100, 100, 100, 100, 100, 100, 
100, 100, 2500, 2500, 2500, 2500, 2500, 2500, 2500, 2500, 2500, 
2500, 2500, 25138.609, 27497.257, 25824.661, 28608.462, 32807.732, 
37535.848, 41791.0440000001, 44364.582, 49808.061, 53398.523, 
59640.0680000001, 1, 1, 1, 1, 1, 1, 1, 1, 1, 1, 1, 0.04762, 0.04762, 
0.04762, 0.04762, 0.04762, 0.04762, 0.04762, 0.04762, 0.04762, 
0.04762, 0.04762, 0, 0, 0, 0, 0, 0, 0, 0, 0, 0, 0, 0, 0, 0, 0, 
0, 0, 0, 0, 0, 0, 0, 0.94661, 0.94851, 0.95009, 0.95018, 0.94989, 
0.95214, 0.95176, 0.95173, 0.95081, 0.94971, 0.95011, 0.94714, 
0.94999, 0.95144, 0.94977, 0.95027, 0.95106, 0.95142, 0.95141, 
0.95051, 0.94999, 0.94958, 0.3448, 0.3686, 0.4053, 0.4745, 0.5484, 
0.6135, 0.6782, 0.7659, 0.8886, 0.9352, 1.0651, 291.9, 310.2, 
321.7, 347.3, 366.1, 386.8, 405.9, 424.5, 452, 476.7, 509.9, 
1, 1, 1, 1, 1, 1, 1, 1, 1, 1, 1, 1, 1, 1, 1, 1, 1, 1, 1, 1, 1, 
1, 1, 1, 1, 1, 1, 1, 1, 1, 1, 1, 1, 1, 1, 1, 1, 1, 1, 1, 1, 1, 
1, 1, 8.146, 8.012, 7.101, 7.753, 8.59, 10.175, 10.908, 10.932, 
12.214, 12.62, 14.084), .Dim = c(11L, 40L), .Dimnames = list(
    NULL, c("Sampling", "PSO.cost", "PSO.gamma", "PSO.data.balancing", 
    "PSO.feature.selection", "PSO.valid.acc", "PSO.test.acc", 
    "PSO.train.time", "PSO.n.support.vectors", "PSO.index", "PSO.n.solutions", 
    "PSO.generations", "PSO.n.evaluations", "PSO.cpu.time", "RS.cost", 
    "RS.gamma", "RS.data.balancing", "RS.feature.selection", 
    "RS.valid.acc", "RS.test.acc", "RS.train.time", "RS.n.support.vectors", 
    "RS.index", "RS.n.solutions", "RS.generations", "RS.n.evaluations", 
    "RS.cpu.time", "DF.cost", "DF.gamma", "DF.data.balancing", 
    "DF.feature.selection", "DF.valid.acc", "DF.test.acc", "DF.train.time", 
    "DF.n.support.vectors", "DF.index", "DF.n.solutions", "DF.generations", 
    "DF.n.evaluations", "DF.cpu.time")))
