full <-
structure(c(50, 55, 60, 65, 70, 75, 80, 85, 90, 95, 100, 15, 
15, 14.98402, 15, 14.43199, 14.45568, 14.7498, 10.20263, 14.97573, 
15, 14.79597, -11.26575, -12.42605, -13.0218, -13.2799, -7.2853, 
-11.20406, -12.46029, -7.34802, -11.80465, -13.1723, -9.3838, 
0, 0, 0, 0, 0, 0, 0, 0, 0, 0, 0, 0, 0, 0, 0, 0, 0, 0, 0, 0, 0, 
0, 0.97843, 0.98088, 0.9829, 0.98008, 0.98227, 0.9838, 0.98212, 
0.98158, 0.9817, 0.98182, 0.98247, 0.9779, 0.97646, 0.98201, 
0.97883, 0.97764, 0.98236, 0.9801, 0.9784, 0.9808, 0.97954, 0.98112, 
0.2126, 0.2364, 0.2783, 0.3448, 0.3267, 0.444, 0.484, 0.4565, 
0.6709, 0.6996, 0.7213, 87.1, 98.3, 109.7, 140.5, 86.5, 137.8, 
156, 156.3, 169.3, 199.8, 137.1, 308, 355, 641, 629, 769, 1249, 
272, 1103, 364, 344, 1294, 159, 266, 43, 6, 562, 123, 41, 104, 
47, 73, 1, 100, 100, 100, 100, 100, 100, 100, 100, 100, 100, 
100, 2500, 2500, 2500, 2500, 2500, 2500, 2500, 2500, 2500, 2500, 
2500, 12562.443, 13168.657, 14467.613, 16179.635, 15664.275, 
18392.524, 19565.909, 19993.945, 24679.97, 25582.238, 26385.0649999999, 
13.87193, 13.96954, 13.22902, 14.37475, 14.58558, 9.72305, 14.09349, 
10.66441, 14.58404, 14.13074, 11.08226, -10.16781, -11.69294, 
-12.15317, -12.49319, -7.36425, -7.30274, -11.96355, -7.50563, 
-10.77388, -12.10066, -7.28858, 0, 0, 0, 0, 0, 0, 0, 0, 0, 0, 
0, 0, 0, 0, 0, 0, 0, 0, 0, 0, 0, 0, 0.97842, 0.98039, 0.98201, 
0.97966, 0.9815, 0.9838, 0.98111, 0.98094, 0.9811, 0.98153, 0.9822, 
0.9779, 0.97597, 0.98022, 0.97841, 0.97802, 0.97877, 0.9801, 
0.97872, 0.9817, 0.98011, 0.98004, 0.2011, 0.2323, 0.2662, 0.345, 
0.3389, 0.3647, 0.4892, 0.4522, 0.6575, 0.6827, 0.5394, 85.5, 
102.2, 122.4, 138.4, 85.9, 148.8, 159.9, 149.4, 160, 195.4, 155.4, 
508, 40, 1034, 406, 316, 584, 1087, 1841, 1179, 3, 899, 1, 1, 
1, 6, 1, 1, 2, 1, 1, 3, 1, 100, 100, 100, 100, 100, 100, 100, 
100, 100, 100, 100, 2500, 2500, 2500, 2500, 2500, 2500, 2500, 
2500, 2500, 2500, 2500, 21591.989, 23778.46, 26124.454, 29109.866, 
32878.717, 36861.795, 41560.144, 45119.608, 49951.957, 54570.711, 
58308.833, 1, 1, 1, 1, 1, 1, 1, 1, 1, 1, 1, 0.04762, 0.04762, 
0.04762, 0.04762, 0.04762, 0.04762, 0.04762, 0.04762, 0.04762, 
0.04762, 0.04762, 0, 0, 0, 0, 0, 0, 0, 0, 0, 0, 0, 0, 0, 0, 0, 
0, 0, 0, 0, 0, 0, 0, 0.94823, 0.9495, 0.95056, 0.94769, 0.94525, 
0.94494, 0.94467, 0.94348, 0.94631, 0.94715, 0.94958, 0.94823, 
0.94802, 0.95056, 0.94728, 0.9468, 0.94566, 0.94568, 0.94411, 
0.94661, 0.94743, 0.94904, 0.3272, 0.3852, 0.4532, 0.5109, 0.5853, 
0.674, 0.7674, 0.8171, 0.962, 1.0426, 1.0683, 302.7, 323.2, 341.6, 
370.2, 394.1, 426.7, 442.1, 461.3, 481.2, 491.7, 511.1, 1, 1, 
1, 1, 1, 1, 1, 1, 1, 1, 1, 1, 1, 1, 1, 1, 1, 1, 1, 1, 1, 1, 1, 
1, 1, 1, 1, 1, 1, 1, 1, 1, 1, 1, 1, 1, 1, 1, 1, 1, 1, 1, 1, 1, 
6.256, 6.862, 7.542, 8.179, 9.024, 9.932, 10.976, 11.372, 13.13, 
13.778, 14.267), .Dim = c(11L, 40L), .Dimnames = list(NULL, c("Sampling", 
"PSO.cost", "PSO.gamma", "PSO.data.balancing", "PSO.feature.selection", 
"PSO.valid.acc", "PSO.test.acc", "PSO.train.time", "PSO.n.support.vectors", 
"PSO.index", "PSO.n.solutions", "PSO.generations", "PSO.n.evaluations", 
"PSO.cpu.time", "RS.cost", "RS.gamma", "RS.data.balancing", "RS.feature.selection", 
"RS.valid.acc", "RS.test.acc", "RS.train.time", "RS.n.support.vectors", 
"RS.index", "RS.n.solutions", "RS.generations", "RS.n.evaluations", 
"RS.cpu.time", "DF.cost", "DF.gamma", "DF.data.balancing", "DF.feature.selection", 
"DF.valid.acc", "DF.test.acc", "DF.train.time", "DF.n.support.vectors", 
"DF.index", "DF.n.solutions", "DF.generations", "DF.n.evaluations", 
"DF.cpu.time")))
