full <-
structure(c(50, 55, 60, 65, 70, 75, 80, 85, 90, 95, 100, 14.49866, 
11.26535, 14.64697, 14.84958, 14.94089, 14.13848, 14.53582, 15, 
14.76859, 14.52843, 13.80673, -11.09685, -10.44157, -12.1926, 
-8.58729, -9.90126, -7.82994, -9.77403, -9.39209, -11.18285, 
-12.25532, -10.77231, 0, 0, 0, 0, 0, 0, 0, 0, 0, 0, 0, 0, 0, 
0, 0, 0, 0, 0, 0, 0, 0, 0, 0.98059, 0.98038, 0.98202, 0.98256, 
0.98149, 0.98345, 0.98482, 0.9854, 0.9832, 0.98182, 0.98194, 
0.97627, 0.97744, 0.97661, 0.97468, 0.98072, 0.98093, 0.98178, 
0.98158, 0.97991, 0.9804, 0.98113, 0.2208, 0.2519, 0.3065, 0.3326, 
0.3633, 0.36, 0.4408, 0.5184, 0.6125, 0.6801, 0.7052, 82.2, 125.9, 
113.3, 85, 97.8, 90.7, 111.9, 107.6, 140.2, 184.3, 178.2, 241, 
882, 580, 589, 519, 1415, 496, 143, 2357, 774, 2262, 878, 146, 
33, 93, 422, 14, 102, 914, 1, 25, 26, 100, 100, 100, 100, 100, 
100, 100, 100, 100, 100, 100, 2500, 2500, 2500, 2500, 2500, 2500, 
2500, 2500, 2500, 2500, 2500, 12982.378, 13923.21, 15574.121, 
15582.443, 16664.222, 17490.128, 18921.823, 20326.645, 24596.043, 
27842.136, 29705.343, 14.8994, 10.64767, 14.65751, 14.79679, 
14.05085, 14.84643, 14.11382, 14.64871, 14.60304, 13.32351, 14.55178, 
-11.35823, -9.72441, -12.19545, -8.19839, -7.8688, -8.18284, 
-9.52688, -9.06141, -11.14, -10.40544, -11.10188, 0, 0, 0, 0, 
0, 0, 0, 0, 0, 0, 0, 0, 0, 0, 0, 0, 0, 0, 0, 0, 0, 0, 0.98059, 
0.97989, 0.98202, 0.98172, 0.98071, 0.98201, 0.98381, 0.98476, 
0.98261, 0.98154, 0.98167, 0.97681, 0.97793, 0.97706, 0.9755, 
0.97918, 0.98165, 0.98111, 0.98126, 0.97991, 0.97926, 0.9806, 
0.2175, 0.2377, 0.3079, 0.3149, 0.3225, 0.366, 0.4491, 0.5005, 
0.6213, 0.6437, 0.7797, 79.8, 125.5, 113, 82.1, 90.9, 88.2, 114, 
107.9, 142.7, 172.8, 172.5, 2474, 692, 1360, 404, 813, 1678, 
447, 360, 1246, 52, 1087, 1, 4, 1, 1, 1, 2, 1, 1, 1, 2, 1, 100, 
100, 100, 100, 100, 100, 100, 100, 100, 100, 100, 2500, 2500, 
2500, 2500, 2500, 2500, 2500, 2500, 2500, 2500, 2500, 21859.184, 
24739.683, 26999.064, 30078.794, 31932.656, 35290.938, 39667.466, 
48043.482, 51307.352, 56629.499, 61698.6969999999, 1, 1, 1, 1, 
1, 1, 1, 1, 1, 1, 1, 0.04762, 0.04762, 0.04762, 0.04762, 0.04762, 
0.04762, 0.04762, 0.04762, 0.04762, 0.04762, 0.04762, 0, 0, 0, 
0, 0, 0, 0, 0, 0, 0, 0, 0, 0, 0, 0, 0, 0, 0, 0, 0, 0, 0, 0.94983, 
0.9495, 0.94919, 0.94935, 0.94873, 0.94963, 0.9477, 0.94887, 
0.94931, 0.95085, 0.94986, 0.94876, 0.949, 0.94785, 0.94852, 
0.94989, 0.94927, 0.94804, 0.94919, 0.94991, 0.95028, 0.94905, 
0.3384, 0.403, 0.4418, 0.5087, 0.5542, 0.6276, 0.7151, 0.7973, 
0.8784, 0.9806, 1.051, 298.1, 321.7, 337.5, 359.9, 379.9, 399.2, 
429.3, 444.7, 462.8, 477.7, 509.3, 1, 1, 1, 1, 1, 1, 1, 1, 1, 
1, 1, 1, 1, 1, 1, 1, 1, 1, 1, 1, 1, 1, 1, 1, 1, 1, 1, 1, 1, 1, 
1, 1, 1, 1, 1, 1, 1, 1, 1, 1, 1, 1, 1, 1, 6.411, 7.227, 7.518, 
8.189, 8.839, 9.565, 10.36, 12.115, 13.08, 14.531, 14.801), .Dim = c(11L, 
40L), .Dimnames = list(NULL, c("Sampling", "PSO.cost", "PSO.gamma", 
"PSO.data.balancing", "PSO.feature.selection", "PSO.valid.acc", 
"PSO.test.acc", "PSO.train.time", "PSO.n.support.vectors", "PSO.index", 
"PSO.n.solutions", "PSO.generations", "PSO.n.evaluations", "PSO.cpu.time", 
"RS.cost", "RS.gamma", "RS.data.balancing", "RS.feature.selection", 
"RS.valid.acc", "RS.test.acc", "RS.train.time", "RS.n.support.vectors", 
"RS.index", "RS.n.solutions", "RS.generations", "RS.n.evaluations", 
"RS.cpu.time", "DF.cost", "DF.gamma", "DF.data.balancing", "DF.feature.selection", 
"DF.valid.acc", "DF.test.acc", "DF.train.time", "DF.n.support.vectors", 
"DF.index", "DF.n.solutions", "DF.generations", "DF.n.evaluations", 
"DF.cpu.time")))
