full <-
structure(c(50, 55, 60, 65, 70, 75, 80, 85, 90, 95, 100, 13.5472, 
15, 14.98537, 14.85272, 15, 15, 15, 12.65709, 14.98725, 14.39696, 
15, -10.6708, -10.52702, -10.27698, -10.5114, -6.81496, -11.22704, 
-9.24716, -6.65108, -11.78166, -11.0331, -10.42796, 0, 0, 0, 
0, 0, 0, 0, 0, 0, 0, 0, 0, 0, 0, 0, 0, 0, 0, 0, 0, 0, 0, 0.98003, 
0.98039, 0.98067, 0.98132, 0.98072, 0.98274, 0.98043, 0.98158, 
0.98231, 0.98266, 0.98329, 0.97788, 0.9799, 0.97977, 0.97758, 
0.97841, 0.97949, 0.9811, 0.97619, 0.979, 0.98096, 0.98059, 0.2138, 
0.2731, 0.3263, 0.3409, 0.3399, 0.4275, 0.5065, 0.4059, 0.5845, 
0.6207, 0.7643, 97.5, 92.7, 93.6, 102.5, 90, 132.4, 112.7, 117, 
168.4, 165.3, 153.4, 912, 231, 517, 550, 611, 545, 161, 783, 
2036, 2160, 277, 53, 294, 190, 315, 203, 75, 401, 55, 5, 1, 1, 
100, 100, 100, 100, 100, 100, 100, 100, 100, 100, 100, 2500, 
2500, 2500, 2500, 2500, 2500, 2500, 2500, 2500, 2500, 2500, 12264.059, 
13275.784, 14590.827, 15312.724, 16343.338, 17670.326, 18951.487, 
17510.967, 21518.859, 22650.711, 25800.339, 13.91808, 13.22373, 
14.54159, 14.21303, 14.73005, 14.52648, 14.88564, 9.096, 14.63339, 
13.72381, 14.80268, -10.94417, -8.37946, -9.89008, -10.22873, 
-12.73745, -10.84571, -9.19839, -7.09361, -11.58142, -10.47186, 
-10.12253, 0, 0, 0, 0, 0, 0, 0, 0, 0, 0, 0, 0, 0, 0, 0, 0, 0, 
0, 0, 0, 0, 0, 0.97949, 0.98039, 0.97932, 0.9809, 0.98034, 0.98202, 
0.98043, 0.98095, 0.98171, 0.98181, 0.98328, 0.97627, 0.97843, 
0.97932, 0.978, 0.97841, 0.97985, 0.98077, 0.97714, 0.97871, 
0.98125, 0.98032, 0.219, 0.2263, 0.3333, 0.316, 0.3736, 0.4125, 
0.4804, 0.4045, 0.5757, 0.5829, 0.7276, 95.6, 89.4, 94.1, 107.5, 
147.7, 132.9, 112.8, 173.8, 170.4, 165, 150.5, 1303, 829, 330, 
2250, 900, 1584, 1518, 785, 249, 964, 892, 1, 2, 5, 6, 1, 3, 
1, 1, 2, 2, 1, 100, 100, 100, 100, 100, 100, 100, 100, 100, 100, 
100, 2500, 2500, 2500, 2500, 2500, 2500, 2500, 2500, 2500, 2500, 
2500, 20366.759, 23301.605, 27484.253, 28307.616, 32183.12, 36113.762, 
37065.077, 40615.97, 46336.859, 49703.634, 54451.5279999999, 
1, 1, 1, 1, 1, 1, 1, 1, 1, 1, 1, 0.04762, 0.04762, 0.04762, 0.04762, 
0.04762, 0.04762, 0.04762, 0.04762, 0.04762, 0.04762, 0.04762, 
0, 0, 0, 0, 0, 0, 0, 0, 0, 0, 0, 0, 0, 0, 0, 0, 0, 0, 0, 0, 0, 
0, 0.94552, 0.94262, 0.94379, 0.94646, 0.94526, 0.94638, 0.9467, 
0.9476, 0.94811, 0.94942, 0.94904, 0.94606, 0.94458, 0.9438, 
0.94563, 0.94564, 0.94638, 0.94737, 0.9476, 0.94811, 0.94999, 
0.94985, 0.3234, 0.3757, 0.4428, 0.493, 0.5541, 0.6178, 0.6773, 
0.7584, 0.8205, 0.9009, 0.9876, 299.9, 332.2, 354.7, 375.2, 396, 
414.4, 432.3, 455, 467.6, 479.9, 507, 1, 1, 1, 1, 1, 1, 1, 1, 
1, 1, 1, 1, 1, 1, 1, 1, 1, 1, 1, 1, 1, 1, 1, 1, 1, 1, 1, 1, 1, 
1, 1, 1, 1, 1, 1, 1, 1, 1, 1, 1, 1, 1, 1, 1, 5.974, 6.563, 7.323, 
7.912, 8.514, 9.188, 9.82, 10.732, 11.334, 12.121, 12.983), .Dim = c(11L, 
40L), .Dimnames = list(NULL, c("Sampling", "PSO.cost", "PSO.gamma", 
"PSO.data.balancing", "PSO.feature.selection", "PSO.valid.acc", 
"PSO.test.acc", "PSO.train.time", "PSO.n.support.vectors", "PSO.index", 
"PSO.n.solutions", "PSO.generations", "PSO.n.evaluations", "PSO.cpu.time", 
"RS.cost", "RS.gamma", "RS.data.balancing", "RS.feature.selection", 
"RS.valid.acc", "RS.test.acc", "RS.train.time", "RS.n.support.vectors", 
"RS.index", "RS.n.solutions", "RS.generations", "RS.n.evaluations", 
"RS.cpu.time", "DF.cost", "DF.gamma", "DF.data.balancing", "DF.feature.selection", 
"DF.valid.acc", "DF.test.acc", "DF.train.time", "DF.n.support.vectors", 
"DF.index", "DF.n.solutions", "DF.generations", "DF.n.evaluations", 
"DF.cpu.time")))
