full <-
structure(c(50, 55, 60, 65, 70, 75, 80, 85, 90, 95, 100, 12.36356, 
14.47714, 14.316, 15, 15, 15, 14.69259, 15, 14.97915, 14.57486, 
14.87821, -6.77191, -12.07541, -7.77657, -10.10127, -7.4806, 
-12.90838, -7.33463, -7.11664, -10.55831, -8.32353, -7.65973, 
0, 0, 0, 0, 0, 0, 0, 0, 0, 0, 0, 0, 0, 0, 0, 0, 0, 0, 0, 0, 0, 
0, 0.98111, 0.97843, 0.98066, 0.97966, 0.98111, 0.97913, 0.98111, 
0.98159, 0.98081, 0.98352, 0.98409, 0.97463, 0.97254, 0.97841, 
0.97925, 0.97725, 0.97517, 0.98043, 0.97935, 0.97871, 0.98209, 
0.9814, 0.1914, 0.2804, 0.3199, 0.3448, 0.4187, 0.5067, 0.4454, 
0.5764, 0.6754, 0.6336, 0.6472, 82.1, 120.6, 79.3, 101.3, 83.3, 
156.7, 89.1, 101.9, 145.3, 117.3, 112, 357, 446, 242, 166, 2042, 
223, 575, 508, 533, 613, 1071, 714, 635, 341, 912, 3, 234, 19, 
648, 21, 128, 223, 100, 100, 100, 100, 100, 100, 100, 100, 100, 
100, 100, 2500, 2500, 2500, 2500, 2500, 2500, 2500, 2500, 2500, 
2500, 2500, 11588.459, 13734.392, 18498.457, 15514.493, 19413.984, 
22517.758, 20605.7929999999, 23714.179, 26075.402, 22195.968, 
24049.439, 12.19667, 14.97367, 14.53798, 14.87635, 12.51288, 
14.66951, 12.41393, 14.372, 14.32796, 10.00583, 14.51434, -6.80339, 
-12.36887, -7.83963, -10.03485, -7.47849, -12.81599, -6.30375, 
-6.72727, -10.29333, -7.37386, -7.52013, 0, 0, 0, 0, 0, 0, 0, 
0, 0, 0, 0, 0, 0, 0, 0, 0, 0, 0, 0, 0, 0, 0, 0.9811, 0.97842, 
0.98021, 0.97966, 0.98034, 0.97877, 0.98077, 0.98063, 0.98022, 
0.98295, 0.98382, 0.97517, 0.97401, 0.97841, 0.97925, 0.97726, 
0.97553, 0.97807, 0.97808, 0.97871, 0.98096, 0.9814, 0.1947, 
0.3089, 0.2902, 0.3869, 0.3511, 0.4984, 0.3769, 0.5405, 0.5757, 
0.4922, 0.5979, 84.2, 117.1, 79.2, 102.1, 101.1, 159.8, 104, 
102.8, 150.1, 170.3, 113.2, 1163, 1872, 618, 1999, 2479, 667, 
846, 2319, 252, 903, 2157, 1, 1, 2, 1, 4, 2, 2, 4, 2, 10, 1, 
100, 100, 100, 100, 100, 100, 100, 100, 100, 100, 100, 2500, 
2500, 2500, 2500, 2500, 2500, 2500, 2500, 2500, 2500, 2500, 21081.694, 
27616.719, 26600.357, 30388.188, 39164.902, 40408.193, 41635.237, 
47884.601, 48582.363, 50762.433, 54413.633, 1, 1, 1, 1, 1, 1, 
1, 1, 1, 1, 1, 0.04762, 0.04762, 0.04762, 0.04762, 0.04762, 0.04762, 
0.04762, 0.04762, 0.04762, 0.04762, 0.04762, 0, 0, 0, 0, 0, 0, 
0, 0, 0, 0, 0, 0, 0, 0, 0, 0, 0, 0, 0, 0, 0, 0, 0.94067, 0.94164, 
0.94334, 0.94396, 0.94526, 0.94854, 0.94805, 0.94824, 0.94901, 
0.94999, 0.94931, 0.93905, 0.94213, 0.94334, 0.94313, 0.94603, 
0.94783, 0.94738, 0.94697, 0.94812, 0.95027, 0.94931, 0.3399, 
0.4334, 0.4497, 0.5423, 0.6227, 0.6644, 0.707, 0.8195, 0.9043, 
0.9751, 1.0144, 316.1, 345.7, 358.2, 375, 390.5, 402.6, 421.3, 
446, 472.3, 488.7, 506.1, 1, 1, 1, 1, 1, 1, 1, 1, 1, 1, 1, 1, 
1, 1, 1, 1, 1, 1, 1, 1, 1, 1, 1, 1, 1, 1, 1, 1, 1, 1, 1, 1, 1, 
1, 1, 1, 1, 1, 1, 1, 1, 1, 1, 1, 6.077, 8.416, 7.36, 9.366, 10.279, 
10.666, 11.04, 12.309, 13.155, 13.16, 13.584), .Dim = c(11L, 
40L), .Dimnames = list(NULL, c("Sampling", "PSO.cost", "PSO.gamma", 
"PSO.data.balancing", "PSO.feature.selection", "PSO.valid.acc", 
"PSO.test.acc", "PSO.train.time", "PSO.n.support.vectors", "PSO.index", 
"PSO.n.solutions", "PSO.generations", "PSO.n.evaluations", "PSO.cpu.time", 
"RS.cost", "RS.gamma", "RS.data.balancing", "RS.feature.selection", 
"RS.valid.acc", "RS.test.acc", "RS.train.time", "RS.n.support.vectors", 
"RS.index", "RS.n.solutions", "RS.generations", "RS.n.evaluations", 
"RS.cpu.time", "DF.cost", "DF.gamma", "DF.data.balancing", "DF.feature.selection", 
"DF.valid.acc", "DF.test.acc", "DF.train.time", "DF.n.support.vectors", 
"DF.index", "DF.n.solutions", "DF.generations", "DF.n.evaluations", 
"DF.cpu.time")))
