full <-
structure(c(50, 55, 60, 65, 70, 75, 80, 85, 90, 95, 100, 14.29574, 
10.98065, 12.76047, 14.09491, 14.26811, 15, 14.88466, 15, 13.94503, 
15, 11.65567, -9.25333, -5.58185, -7.80114, -9.05916, -8.52718, 
-7.88569, -10.52203, -12.01483, -7.98921, -9.58305, -7.33282, 
0, 0, 0, 0, 0, 0, 0, 0, 0, 0, 0, 0, 0, 0, 0, 0, 0, 0, 0, 0, 0, 
0, 0.97843, 0.97695, 0.97932, 0.97968, 0.98149, 0.97947, 0.97874, 
0.98064, 0.98141, 0.98238, 0.98274, 0.97196, 0.97156, 0.97931, 
0.97512, 0.97918, 0.97587, 0.9757, 0.97873, 0.98081, 0.98124, 
0.98085, 0.2589, 0.2379, 0.2911, 0.3788, 0.4012, 0.4923, 0.6146, 
0.6806, 0.6902, 0.7646, 0.7499, 87.7, 102.3, 97.1, 105.6, 101.6, 
98.9, 139, 167, 120.6, 135.4, 146.4, 337, 490, 879, 469, 2260, 
139, 772, 1076, 444, 141, 311, 62, 603, 57, 81, 218, 424, 124, 
17, 114, 376, 94, 100, 100, 100, 100, 100, 100, 100, 100, 100, 
100, 100, 2500, 2500, 2500, 2500, 2500, 2500, 2500, 2500, 2500, 
2500, 2500, 14342.467, 14239.035, 15355.105, 18080.851, 18284.83, 
20270.033, 28257.092, 27742.105, 29324.073, 31006.017, 32813.8910000001, 
14.48251, 14.9854, 11.92494, 14.33837, 14.31557, 10.061, 14.83495, 
14.83347, 14.90576, 12.54874, 9.38999, -9.23897, -9.81698, -7.6158, 
-9.33224, -8.6074, -5.46759, -10.53525, -11.94882, -7.59787, 
-8.50042, -6.73945, 0, 0, 0, 0, 0, 0, 0, 0, 0, 0, 0, 0, 0, 0, 
0, 0, 0, 0, 0, 0, 0, 0, 0.97789, 0.97598, 0.97842, 0.97885, 0.98111, 
0.97948, 0.9784, 0.97969, 0.98111, 0.98209, 0.98247, 0.97196, 
0.97648, 0.98156, 0.97429, 0.97918, 0.97696, 0.97536, 0.97841, 
0.98232, 0.98068, 0.98139, 0.2661, 0.3173, 0.2852, 0.3873, 0.3951, 
0.3872, 0.6141, 0.6753, 0.6612, 0.6935, 0.6669, 86.8, 96.7, 104.6, 
107.1, 102.6, 138.5, 140.4, 168.8, 107.1, 152.5, 180, 1508, 871, 
1327, 272, 598, 40, 319, 2153, 2487, 152, 181, 1, 2, 1, 5, 2, 
1, 2, 1, 3, 1, 1, 100, 100, 100, 100, 100, 100, 100, 100, 100, 
100, 100, 2500, 2500, 2500, 2500, 2500, 2500, 2500, 2500, 2500, 
2500, 2500, 22592.855, 25154.826, 28302.999, 33158.883, 34741.774, 
41499.018, 49317.19, 51110.293, 60916.468, 67744.1760000001, 
69862.7339999999, 1, 1, 1, 1, 1, 1, 1, 1, 1, 1, 1, 0.04762, 0.04762, 
0.04762, 0.04762, 0.04762, 0.04762, 0.04762, 0.04762, 0.04762, 
0.04762, 0.04762, 0, 0, 0, 0, 0, 0, 0, 0, 0, 0, 0, 0, 0, 0, 0, 
0, 0, 0, 0, 0, 0, 0, 0.94068, 0.94166, 0.9447, 0.94438, 0.94526, 
0.94423, 0.945, 0.94601, 0.94692, 0.94885, 0.94958, 0.94014, 
0.94117, 0.94425, 0.94355, 0.94564, 0.94603, 0.94568, 0.94411, 
0.94751, 0.94913, 0.94985, 0.3675, 0.4188, 0.4999, 0.5624, 0.6284, 
0.734, 0.8335, 0.8929, 1.0288, 1.162, 1.165, 319.1, 341.1, 362.8, 
379.6, 401.7, 420.3, 445.2, 455.8, 470.5, 491.4, 508.3, 1, 1, 
1, 1, 1, 1, 1, 1, 1, 1, 1, 1, 1, 1, 1, 1, 1, 1, 1, 1, 1, 1, 1, 
1, 1, 1, 1, 1, 1, 1, 1, 1, 1, 1, 1, 1, 1, 1, 1, 1, 1, 1, 1, 1, 
6.802, 7.301, 8.498, 8.95, 9.582, 13.045, 13.751, 13.856, 15.31, 
16.695, 16.436), .Dim = c(11L, 40L), .Dimnames = list(NULL, c("Sampling", 
"PSO.cost", "PSO.gamma", "PSO.data.balancing", "PSO.feature.selection", 
"PSO.valid.acc", "PSO.test.acc", "PSO.train.time", "PSO.n.support.vectors", 
"PSO.index", "PSO.n.solutions", "PSO.generations", "PSO.n.evaluations", 
"PSO.cpu.time", "RS.cost", "RS.gamma", "RS.data.balancing", "RS.feature.selection", 
"RS.valid.acc", "RS.test.acc", "RS.train.time", "RS.n.support.vectors", 
"RS.index", "RS.n.solutions", "RS.generations", "RS.n.evaluations", 
"RS.cpu.time", "DF.cost", "DF.gamma", "DF.data.balancing", "DF.feature.selection", 
"DF.valid.acc", "DF.test.acc", "DF.train.time", "DF.n.support.vectors", 
"DF.index", "DF.n.solutions", "DF.generations", "DF.n.evaluations", 
"DF.cpu.time")))
