full <-
structure(c(50, 55, 60, 65, 70, 75, 80, 85, 90, 95, 100, 14.87932, 
12.58869, 14.83233, 14.61415, 15, 14.90217, 15, 14.64694, 14.56754, 
14.75859, 14.97746, -11.54009, -7.28407, -11.81343, -9.85528, 
-11.83499, -12.15815, -6.72888, -11.99025, -12.56102, -8.03078, 
-10.0013, 0, 0, 0, 0, 0, 0, 0, 0, 0, 0, 0, 0, 0, 0, 0, 0, 0, 
0, 0, 0, 0, 0, 0.97897, 0.98234, 0.97977, 0.98134, 0.98073, 0.98165, 
0.98347, 0.98095, 0.9823, 0.98324, 0.98221, 0.97574, 0.98038, 
0.98067, 0.98174, 0.97995, 0.98057, 0.97976, 0.97872, 0.9808, 
0.98011, 0.97978, 0.2091, 0.2012, 0.294, 0.3066, 0.3989, 0.4182, 
0.3908, 0.5224, 0.7832, 0.7219, 0.8795, 90.1, 74.9, 112.2, 95, 
123.9, 134.5, 87, 160.7, 178.2, 114.4, 145, 1070, 1965, 566, 
926, 146, 249, 682, 358, 457, 1899, 316, 4, 9, 58, 214, 953, 
402, 493, 243, 154, 39, 69, 100, 100, 100, 100, 100, 100, 100, 
100, 100, 100, 100, 2500, 2500, 2500, 2500, 2500, 2500, 2500, 
2500, 2500, 2500, 2500, 12997.28, 13074.159, 15482.336, 16236.812, 
17932.441, 18474.631, 17978.54, 21289.579, 30587.033, 31178.667, 
34954.279, 10.18149, 10.62738, 14.82149, 14.1624, 13.61702, 14.50277, 
14.63236, 14.19854, 13.86556, 14.94777, 14.79519, -5.48395, -6.65751, 
-11.8539, -7.47551, -11.48894, -11.88973, -6.496, -11.53983, 
-11.8463, -8.22435, -8.93395, 0, 0, 0, 0, 0, 0, 0, 0, 0, 0, 0, 
0, 0, 0, 0, 0, 0, 0, 0, 0, 0, 0, 0.9779, 0.98088, 0.97932, 0.98092, 
0.97996, 0.98093, 0.98246, 0.98, 0.9817, 0.9821, 0.98194, 0.97626, 
0.9794, 0.98067, 0.97801, 0.97918, 0.97914, 0.98077, 0.97904, 
0.9805, 0.98011, 0.98086, 0.1626, 0.1854, 0.3012, 0.2821, 0.3682, 
0.4005, 0.3988, 0.4887, 0.6973, 0.7593, 0.7981, 87, 86.9, 113, 
78.7, 136.4, 135.3, 89, 161.1, 178.6, 114.7, 126.2, 2384, 1996, 
2241, 1299, 933, 397, 332, 1626, 2437, 1001, 2125, 3, 1, 2, 1, 
1, 2, 3, 3, 1, 3, 1, 100, 100, 100, 100, 100, 100, 100, 100, 
100, 100, 100, 2500, 2500, 2500, 2500, 2500, 2500, 2500, 2500, 
2500, 2500, 2500, 21674.704, 23635.514, 27949.094, 30542.06, 
35475.142, 37227.099, 41691.417, 46126.765, 66922.275, 65196.0630000001, 
71589.2209999999, 1, 1, 1, 1, 1, 1, 1, 1, 1, 1, 1, 0.04762, 0.04762, 
0.04762, 0.04762, 0.04762, 0.04762, 0.04762, 0.04762, 0.04762, 
0.04762, 0.04762, 0, 0, 0, 0, 0, 0, 0, 0, 0, 0, 0, 0, 0, 0, 0, 
0, 0, 0, 0, 0, 0, 0, 0.94768, 0.94704, 0.94694, 0.9473, 0.9468, 
0.94746, 0.94905, 0.95014, 0.94991, 0.95027, 0.94985, 0.9466, 
0.94753, 0.94694, 0.94688, 0.94719, 0.94854, 0.94906, 0.9495, 
0.95021, 0.95112, 0.94985, 0.3311, 0.3772, 0.468, 0.5209, 0.5673, 
0.6254, 0.7112, 1.0084, 1.0741, 1.0802, 1.2878, 298.3, 321.5, 
342.7, 373, 389.7, 405.3, 427.7, 444.3, 459.5, 479.3, 506.1, 
1, 1, 1, 1, 1, 1, 1, 1, 1, 1, 1, 1, 1, 1, 1, 1, 1, 1, 1, 1, 1, 
1, 1, 1, 1, 1, 1, 1, 1, 1, 1, 1, 1, 1, 1, 1, 1, 1, 1, 1, 1, 1, 
1, 1, 6.44, 7.141, 7.972, 8.763, 8.936, 9.599, 10.456, 15.084, 
15.654, 15.762, 17.923), .Dim = c(11L, 40L), .Dimnames = list(
    NULL, c("Sampling", "PSO.cost", "PSO.gamma", "PSO.data.balancing", 
    "PSO.feature.selection", "PSO.valid.acc", "PSO.test.acc", 
    "PSO.train.time", "PSO.n.support.vectors", "PSO.index", "PSO.n.solutions", 
    "PSO.generations", "PSO.n.evaluations", "PSO.cpu.time", "RS.cost", 
    "RS.gamma", "RS.data.balancing", "RS.feature.selection", 
    "RS.valid.acc", "RS.test.acc", "RS.train.time", "RS.n.support.vectors", 
    "RS.index", "RS.n.solutions", "RS.generations", "RS.n.evaluations", 
    "RS.cpu.time", "DF.cost", "DF.gamma", "DF.data.balancing", 
    "DF.feature.selection", "DF.valid.acc", "DF.test.acc", "DF.train.time", 
    "DF.n.support.vectors", "DF.index", "DF.n.solutions", "DF.generations", 
    "DF.n.evaluations", "DF.cpu.time")))
