full <-
structure(c(50, 55, 60, 65, 70, 75, 80, 85, 90, 95, 100, 14.1933, 
14.86097, 14.07216, 14.94874, 12.00484, 14.79056, 12.47636, 14.90851, 
14.47747, 15, 14.94584, -7.40646, -7.59056, -10.47704, -10.26681, 
-8.18009, -9.85691, -7.69665, -9.40177, -8.83285, -12.20586, 
-10.8515, 0, 0, 0, 0, 0, 0, 0, 0, 0, 0, 0, 0, 0, 0, 0, 0, 0, 
0, 0, 0, 0, 0, 0.98383, 0.98235, 0.98201, 0.98216, 0.98227, 0.98525, 
0.98178, 0.9838, 0.98379, 0.9821, 0.98221, 0.98167, 0.98087, 
0.97887, 0.97967, 0.97957, 0.97986, 0.97976, 0.98063, 0.98019, 
0.98267, 0.98032, 0.1982, 0.2419, 0.2975, 0.3653, 0.3267, 0.4268, 
0.4359, 0.5977, 0.6181, 0.6921, 0.8198, 62.9, 66.4, 111.7, 102.8, 
115, 110.4, 116.5, 117.5, 115.6, 167.1, 166.4, 181, 339, 398, 
723, 2074, 1315, 936, 483, 148, 104, 526, 526, 592, 50, 53, 15, 
3, 43, 273, 756, 429, 9, 100, 100, 100, 100, 100, 100, 100, 100, 
100, 100, 100, 2500, 2500, 2500, 2500, 2500, 2500, 2500, 2500, 
2500, 2500, 2500, 11214.547, 12873.514, 14037.593, 15732.405, 
15683.563, 17139.869, 22494.427, 23561.359, 24683.981, 27103.343, 
29398.1349999999, 14.30085, 14.80207, 10.92084, 14.84117, 10.53999, 
14.41596, 12.52199, 14.75797, 14.96307, 14.97151, 10.77938, -7.28051, 
-7.50293, -7.95502, -10.19257, -6.24678, -9.81711, -7.59169, 
-9.04653, -9.16302, -12.15388, -7.26379, 0, 0, 0, 0, 0, 0, 0, 
0, 0, 0, 0, 0, 0, 0, 0, 0, 0, 0, 0, 0, 0, 0, 0.98383, 0.98186, 
0.98156, 0.98174, 0.9815, 0.98453, 0.98177, 0.98317, 0.98319, 
0.98182, 0.98194, 0.98113, 0.97989, 0.97528, 0.97967, 0.97803, 
0.9795, 0.97941, 0.98063, 0.98049, 0.98267, 0.98032, 0.1938, 
0.2427, 0.2565, 0.339, 0.2834, 0.4089, 0.422, 0.5677, 0.6293, 
0.6658, 0.6198, 62.6, 66.8, 120.1, 102.8, 114.3, 115.1, 115.4, 
114.1, 114.9, 166.9, 164.6, 1102, 282, 789, 1111, 896, 784, 2268, 
1669, 1268, 2276, 1247, 3, 1, 1, 1, 8, 1, 1, 1, 2, 1, 1, 100, 
100, 100, 100, 100, 100, 100, 100, 100, 100, 100, 2500, 2500, 
2500, 2500, 2500, 2500, 2500, 2500, 2500, 2500, 2500, 20416.054, 
23225.247, 24997.399, 29253.776, 32002.417, 33991.909, 42439.448, 
49766.993, 53715.8700000001, 57426.599, 61445.835, 1, 1, 1, 1, 
1, 1, 1, 1, 1, 1, 1, 0.04762, 0.04762, 0.04762, 0.04762, 0.04762, 
0.04762, 0.04762, 0.04762, 0.04762, 0.04762, 0.04762, 0, 0, 0, 
0, 0, 0, 0, 0, 0, 0, 0, 0, 0, 0, 0, 0, 0, 0, 0, 0, 0, 0, 0.94284, 
0.94164, 0.94425, 0.94396, 0.94834, 0.94891, 0.9477, 0.94824, 
0.94781, 0.94942, 0.94931, 0.94284, 0.94262, 0.9447, 0.94521, 
0.94796, 0.94711, 0.94872, 0.94824, 0.94901, 0.9497, 0.94959, 
0.3409, 0.3869, 0.4237, 0.5014, 0.5449, 0.6129, 0.7482, 0.8933, 
0.9902, 0.9894, 1.0433, 312.4, 333.2, 349.3, 375.6, 385.9, 408.2, 
425.9, 448.1, 467.9, 486.8, 510.8, 1, 1, 1, 1, 1, 1, 1, 1, 1, 
1, 1, 1, 1, 1, 1, 1, 1, 1, 1, 1, 1, 1, 1, 1, 1, 1, 1, 1, 1, 1, 
1, 1, 1, 1, 1, 1, 1, 1, 1, 1, 1, 1, 1, 1, 6.219, 6.523, 7.022, 
7.956, 8.305, 9.145, 11.374, 12.831, 13.929, 13.722, 13.56), .Dim = c(11L, 
40L), .Dimnames = list(NULL, c("Sampling", "PSO.cost", "PSO.gamma", 
"PSO.data.balancing", "PSO.feature.selection", "PSO.valid.acc", 
"PSO.test.acc", "PSO.train.time", "PSO.n.support.vectors", "PSO.index", 
"PSO.n.solutions", "PSO.generations", "PSO.n.evaluations", "PSO.cpu.time", 
"RS.cost", "RS.gamma", "RS.data.balancing", "RS.feature.selection", 
"RS.valid.acc", "RS.test.acc", "RS.train.time", "RS.n.support.vectors", 
"RS.index", "RS.n.solutions", "RS.generations", "RS.n.evaluations", 
"RS.cpu.time", "DF.cost", "DF.gamma", "DF.data.balancing", "DF.feature.selection", 
"DF.valid.acc", "DF.test.acc", "DF.train.time", "DF.n.support.vectors", 
"DF.index", "DF.n.solutions", "DF.generations", "DF.n.evaluations", 
"DF.cpu.time")))
