full <-
structure(c(50, 55, 60, 65, 70, 75, 80, 85, 90, 95, 100, 10.95632, 
10.29388, 15, 11.36315, 15, 10.95173, 12.73208, 13.02945, 15, 
10.81145, 15, -7.68177, -9.57062, -12.35975, -6.55364, -10.75867, 
-6.16163, -7.34155, -8.13847, -11.5864, -7.79965, -8.44925, 0, 
0, 0, 0, 0, 0, 0, 0, 0, 0, 0, 0, 0, 0, 0, 0, 0, 0, 0, 0, 0, 0, 
0.98383, 0.98235, 0.98382, 0.98423, 0.98304, 0.98307, 0.98145, 
0.98381, 0.98321, 0.98295, 0.98194, 0.98167, 0.98235, 0.98112, 
0.97925, 0.98073, 0.9802, 0.98011, 0.98032, 0.98171, 0.98125, 
0.98005, 0.1793, 0.2228, 0.2988, 0.2603, 0.4366, 0.329, 0.4143, 
0.4821, 0.7241, 0.5254, 0.717, 89.1, 120.4, 104, 97.6, 116.7, 
109.9, 100.8, 111, 155.4, 161.5, 118.2, 250, 310, 346, 2030, 
341, 670, 166, 311, 1182, 384, 405, 416, 155, 95, 2, 470, 272, 
512, 550, 10, 341, 107, 100, 100, 100, 100, 100, 100, 100, 100, 
100, 100, 100, 2500, 2500, 2500, 2500, 2500, 2500, 2500, 2500, 
2500, 2500, 2500, 11431.566, 13096.519, 16475.248, 15818.801, 
19552.811, 18980.131, 18230.773, 21126.59, 27175.235, 23822.161, 
27844.789, 14.66411, 13.07646, 14.90357, 10.16375, 14.99455, 
8.31706, 11.70901, 12.30118, 14.90153, 10.87189, 14.88447, -12.47257, 
-10.99666, -12.5512, -6.5665, -10.80202, -5.86581, -6.6866, -7.83528, 
-11.79047, -7.85267, -8.17803, 0, 0, 0, 0, 0, 0, 0, 0, 0, 0, 
0, 0, 0, 0, 0, 0, 0, 0, 0, 0, 0, 0, 0.98329, 0.98235, 0.98337, 
0.9834, 0.98304, 0.982, 0.98145, 0.98381, 0.98231, 0.98295, 0.98113, 
0.98329, 0.98235, 0.98157, 0.98008, 0.98073, 0.9802, 0.97774, 
0.98, 0.98201, 0.98011, 0.97951, 0.2111, 0.2366, 0.3029, 0.2472, 
0.4616, 0.3535, 0.399, 0.443, 0.6812, 0.5155, 0.6385, 90.8, 101.4, 
105.5, 111.6, 116.8, 149.1, 106.6, 116.1, 159.9, 161.2, 115.9, 
50, 650, 387, 2068, 1428, 90, 1144, 2240, 1651, 16, 2013, 2, 
7, 3, 3, 1, 6, 2, 1, 3, 1, 1, 100, 100, 100, 100, 100, 100, 100, 
100, 100, 100, 100, 2500, 2500, 2500, 2500, 2500, 2500, 2500, 
2500, 2500, 2500, 2500, 21280.563, 24063.537, 28903.155, 29306.439, 
35297.286, 38686.902, 42553.715, 50351.0429999999, 52536.349, 
55259.839, 55447.173, 1, 1, 1, 1, 1, 1, 1, 1, 1, 1, 1, 0.04762, 
0.04762, 0.04762, 0.04762, 0.04762, 0.04762, 0.04762, 0.04762, 
0.04762, 0.04762, 0.04762, 0, 0, 0, 0, 0, 0, 0, 0, 0, 0, 0, 0, 
0, 0, 0, 0, 0, 0, 0, 0, 0, 0, 0.94876, 0.94802, 0.94919, 0.94645, 
0.94836, 0.94889, 0.94973, 0.95078, 0.94841, 0.94941, 0.94986, 
0.94984, 0.94802, 0.94829, 0.94687, 0.94759, 0.94998, 0.95007, 
0.9511, 0.94931, 0.95026, 0.95066, 0.3288, 0.3874, 0.4615, 0.4936, 
0.5743, 0.65, 0.7216, 0.8109, 0.8945, 0.9923, 1.0104, 297.1, 
323.2, 344.3, 368.5, 387.4, 402.6, 420.8, 439.7, 472.4, 482.6, 
506.1, 1, 1, 1, 1, 1, 1, 1, 1, 1, 1, 1, 1, 1, 1, 1, 1, 1, 1, 
1, 1, 1, 1, 1, 1, 1, 1, 1, 1, 1, 1, 1, 1, 1, 1, 1, 1, 1, 1, 1, 
1, 1, 1, 1, 1, 6.164, 7.453, 8.45, 7.896, 9.785, 10.616, 11.315, 
12.208, 13.159, 14.184, 13.466), .Dim = c(11L, 40L), .Dimnames = list(
    NULL, c("Sampling", "PSO.cost", "PSO.gamma", "PSO.data.balancing", 
    "PSO.feature.selection", "PSO.valid.acc", "PSO.test.acc", 
    "PSO.train.time", "PSO.n.support.vectors", "PSO.index", "PSO.n.solutions", 
    "PSO.generations", "PSO.n.evaluations", "PSO.cpu.time", "RS.cost", 
    "RS.gamma", "RS.data.balancing", "RS.feature.selection", 
    "RS.valid.acc", "RS.test.acc", "RS.train.time", "RS.n.support.vectors", 
    "RS.index", "RS.n.solutions", "RS.generations", "RS.n.evaluations", 
    "RS.cpu.time", "DF.cost", "DF.gamma", "DF.data.balancing", 
    "DF.feature.selection", "DF.valid.acc", "DF.test.acc", "DF.train.time", 
    "DF.n.support.vectors", "DF.index", "DF.n.solutions", "DF.generations", 
    "DF.n.evaluations", "DF.cpu.time")))
