full <-
structure(c(50, 55, 60, 65, 70, 75, 80, 85, 90, 95, 100, 14.67297, 
10.11257, 15, 14.9306, 14.82356, 15, 15, 14.40769, 13.02773, 
10.04044, 15, -11.53253, -7.20026, -9.42942, -7.26802, -11.83604, 
-11.61475, -12.03201, -10.27945, -10.39086, -7.5181, -9.91026, 
0, 0, 0, 0, 0, 0, 0, 0, 0, 0, 0, 0, 0, 0, 0, 0, 0, 0, 0, 0, 0, 
0, 0.98005, 0.97792, 0.98021, 0.97966, 0.9815, 0.98165, 0.98381, 
0.98476, 0.98381, 0.98181, 0.98274, 0.97735, 0.97351, 0.97526, 
0.97758, 0.97996, 0.98093, 0.98212, 0.98349, 0.98261, 0.97897, 
0.98086, 0.2404, 0.2273, 0.3094, 0.3138, 0.4558, 0.4612, 0.5198, 
0.557, 0.6016, 0.5147, 0.8334, 109.4, 121.1, 91.3, 83.3, 135.7, 
137.9, 148.6, 130.3, 167.5, 178, 142.9, 774, 2222, 100, 287, 
398, 108, 519, 577, 1833, 850, 310, 242, 4, 994, 954, 502, 804, 
132, 83, 11, 75, 115, 100, 100, 100, 100, 100, 100, 100, 100, 
100, 100, 100, 2500, 2500, 2500, 2500, 2500, 2500, 2500, 2500, 
2500, 2500, 2500, 12524.531, 12789.733, 17036.558, 17552.481, 
20215.404, 21014.658, 22982.102, 22519.939, 24701.138, 25701.255, 
27686.863, 14.30122, 14.8172, 14.95497, 14.83101, 12.67445, 14.28499, 
14.32007, 13.99828, 14.97204, 10.33598, 14.44106, -11.1001, -12.19607, 
-9.39493, -7.01471, -10.47015, -11.2781, -11.32995, -10.065, 
-12.05668, -7.51305, -9.55643, 0, 0, 0, 0, 0, 0, 0, 0, 0, 0, 
0, 0, 0, 0, 0, 0, 0, 0, 0, 0, 0, 0, 0.97897, 0.97793, 0.98021, 
0.97965, 0.98073, 0.98093, 0.98213, 0.98476, 0.98291, 0.98153, 
0.9822, 0.97789, 0.97401, 0.97526, 0.97716, 0.98034, 0.98093, 
0.98077, 0.9838, 0.98291, 0.97926, 0.98059, 0.2426, 0.2959, 0.3074, 
0.3018, 0.3908, 0.4735, 0.4865, 0.5035, 0.6208, 0.5281, 0.6997, 
108.2, 128.1, 91.5, 83.7, 149.1, 144.4, 147.6, 133.1, 159.9, 
172.6, 145.3, 7, 710, 996, 736, 1844, 224, 1087, 1311, 1708, 
553, 385, 2, 1, 1, 1, 1, 2, 1, 1, 1, 1, 3, 100, 100, 100, 100, 
100, 100, 100, 100, 100, 100, 100, 2500, 2500, 2500, 2500, 2500, 
2500, 2500, 2500, 2500, 2500, 2500, 20507.776, 23777.281, 28345.782, 
32442.021, 36029.261, 40402.744, 41573.832, 43676.194, 49382.537, 
51003.242, 56126.8200000001, 1, 1, 1, 1, 1, 1, 1, 1, 1, 1, 1, 
0.04762, 0.04762, 0.04762, 0.04762, 0.04762, 0.04762, 0.04762, 
0.04762, 0.04762, 0.04762, 0.04762, 0, 0, 0, 0, 0, 0, 0, 0, 0, 
0, 0, 0, 0, 0, 0, 0, 0, 0, 0, 0, 0, 0, 0.94067, 0.94262, 0.94424, 
0.9448, 0.94372, 0.94674, 0.94737, 0.94919, 0.94961, 0.94942, 
0.94904, 0.93959, 0.94115, 0.94334, 0.94398, 0.94372, 0.94746, 
0.94737, 0.95015, 0.94931, 0.94856, 0.94904, 0.3228, 0.396, 0.4461, 
0.5128, 0.585, 0.6613, 0.7263, 0.7661, 0.8626, 0.9368, 1.0419, 
308.4, 334.1, 350.5, 372.9, 396.4, 411.2, 434.7, 443.9, 465.6, 
488.4, 509.7, 1, 1, 1, 1, 1, 1, 1, 1, 1, 1, 1, 1, 1, 1, 1, 1, 
1, 1, 1, 1, 1, 1, 1, 1, 1, 1, 1, 1, 1, 1, 1, 1, 1, 1, 1, 1, 1, 
1, 1, 1, 1, 1, 1, 1, 5.962, 7.807, 8.421, 9.014, 9.762, 10.535, 
11.348, 11.455, 12.712, 12.634, 13.762), .Dim = c(11L, 40L), .Dimnames = list(
    NULL, c("Sampling", "PSO.cost", "PSO.gamma", "PSO.data.balancing", 
    "PSO.feature.selection", "PSO.valid.acc", "PSO.test.acc", 
    "PSO.train.time", "PSO.n.support.vectors", "PSO.index", "PSO.n.solutions", 
    "PSO.generations", "PSO.n.evaluations", "PSO.cpu.time", "RS.cost", 
    "RS.gamma", "RS.data.balancing", "RS.feature.selection", 
    "RS.valid.acc", "RS.test.acc", "RS.train.time", "RS.n.support.vectors", 
    "RS.index", "RS.n.solutions", "RS.generations", "RS.n.evaluations", 
    "RS.cpu.time", "DF.cost", "DF.gamma", "DF.data.balancing", 
    "DF.feature.selection", "DF.valid.acc", "DF.test.acc", "DF.train.time", 
    "DF.n.support.vectors", "DF.index", "DF.n.solutions", "DF.generations", 
    "DF.n.evaluations", "DF.cpu.time")))
