full <-
structure(c(50, 55, 60, 65, 70, 75, 80, 85, 90, 95, 100, 12.64343, 
15, 14.1102, 14.51284, 11.71076, 15, 15, 12.79, 15, 14.96445, 
14.47363, -6.65293, -11.30956, -9.4643, -11.64565, -8.72008, 
-9.8255, -8.50238, -7.49648, -8.99299, -12.2622, -11.13767, 0, 
0, 0, 0, 0, 0, 0, 0, 0, 0, 0, 0, 0, 0, 0, 0, 0, 0, 0, 0, 0, 0, 
0.97789, 0.98382, 0.98247, 0.98215, 0.98189, 0.98237, 0.98313, 
0.98159, 0.98141, 0.98068, 0.98167, 0.97627, 0.97941, 0.97888, 
0.98049, 0.97996, 0.98165, 0.98043, 0.98096, 0.9814, 0.9804, 
0.98194, 0.1974, 0.3166, 0.3062, 0.3615, 0.3497, 0.4457, 0.478, 
0.4418, 0.6522, 0.7465, 0.7508, 83.7, 110.3, 103.1, 129.1, 128.4, 
110.6, 98.2, 116.5, 118.8, 183.8, 174.4, 860, 154, 1397, 2470, 
1409, 373, 316, 804, 809, 770, 525, 36, 1215, 16, 36, 4, 631, 
538, 37, 9, 14, 88, 100, 100, 100, 100, 100, 100, 100, 100, 100, 
100, 100, 2500, 2500, 2500, 2500, 2500, 2500, 2500, 2500, 2500, 
2500, 2500, 16583.321, 18683.752, 17032.513, 17271.173, 15820.193, 
18936.722, 19634.553, 20590.513, 23541.979, 26090.779, 26965.023, 
14.04489, 14.93238, 14.25191, 11.15046, 10.84464, 14.8111, 14.77573, 
13.73577, 14.4737, 14.72961, 14.87216, -7.62868, -11.23302, -9.78226, 
-7.75877, -8.35151, -9.49207, -8.46379, -8.08653, -8.47138, -8.69023, 
-11.55221, 0, 0, 0, 0, 0, 0, 0, 0, 0, 0, 0, 0, 0, 0, 0, 0, 0, 
0, 0, 0, 0, 0, 0.97681, 0.98333, 0.98202, 0.98173, 0.98112, 0.98165, 
0.98212, 0.98127, 0.9808, 0.98011, 0.9814, 0.97627, 0.9799, 0.97708, 
0.97841, 0.98073, 0.98093, 0.97976, 0.9816, 0.9814, 0.9784, 0.98086, 
0.2228, 0.3183, 0.328, 0.2997, 0.3301, 0.4628, 0.4408, 0.4609, 
0.624, 0.6786, 0.7829, 79, 109.9, 107.4, 116.2, 135, 108.4, 99.2, 
112.8, 117.5, 123, 175.1, 323, 1617, 840, 383, 1288, 1201, 1919, 
2259, 2154, 532, 548, 6, 1, 2, 2, 4, 1, 2, 1, 3, 2, 3, 100, 100, 
100, 100, 100, 100, 100, 100, 100, 100, 100, 2500, 2500, 2500, 
2500, 2500, 2500, 2500, 2500, 2500, 2500, 2500, 26350.903, 27905.542, 
27930.415, 31026.481, 33417.688, 36401.4, 41081.629, 45788.446, 
49750.813, 56175.568, 59670.633, 1, 1, 1, 1, 1, 1, 1, 1, 1, 1, 
1, 0.04762, 0.04762, 0.04762, 0.04762, 0.04762, 0.04762, 0.04762, 
0.04762, 0.04762, 0.04762, 0.04762, 0, 0, 0, 0, 0, 0, 0, 0, 0, 
0, 0, 0, 0, 0, 0, 0, 0, 0, 0, 0, 0, 0, 0.94283, 0.94656, 0.94605, 
0.94647, 0.95027, 0.95178, 0.94974, 0.94919, 0.94871, 0.94913, 
0.95012, 0.94391, 0.94558, 0.9447, 0.94688, 0.94757, 0.9507, 
0.94974, 0.94824, 0.94841, 0.94942, 0.95012, 0.345, 0.4052, 0.4756, 
0.5114, 0.5638, 0.6481, 0.6932, 0.7759, 0.9536, 0.968, 1.1493, 
318.7, 327.3, 354.1, 367, 379.6, 401.7, 423.3, 451, 481.8, 496.8, 
507.8, 1, 1, 1, 1, 1, 1, 1, 1, 1, 1, 1, 1, 1, 1, 1, 1, 1, 1, 
1, 1, 1, 1, 1, 1, 1, 1, 1, 1, 1, 1, 1, 1, 1, 1, 1, 1, 1, 1, 1, 
1, 1, 1, 1, 1, 7.876, 8.523, 8.013, 8.125, 8.771, 9.689, 10.146, 
11.042, 13.063, 12.964, 15.049), .Dim = c(11L, 40L), .Dimnames = list(
    NULL, c("Sampling", "PSO.cost", "PSO.gamma", "PSO.data.balancing", 
    "PSO.feature.selection", "PSO.valid.acc", "PSO.test.acc", 
    "PSO.train.time", "PSO.n.support.vectors", "PSO.index", "PSO.n.solutions", 
    "PSO.generations", "PSO.n.evaluations", "PSO.cpu.time", "RS.cost", 
    "RS.gamma", "RS.data.balancing", "RS.feature.selection", 
    "RS.valid.acc", "RS.test.acc", "RS.train.time", "RS.n.support.vectors", 
    "RS.index", "RS.n.solutions", "RS.generations", "RS.n.evaluations", 
    "RS.cpu.time", "DF.cost", "DF.gamma", "DF.data.balancing", 
    "DF.feature.selection", "DF.valid.acc", "DF.test.acc", "DF.train.time", 
    "DF.n.support.vectors", "DF.index", "DF.n.solutions", "DF.generations", 
    "DF.n.evaluations", "DF.cpu.time")))
