full <-
structure(c(50, 55, 60, 65, 70, 75, 80, 85, 90, 95, 100, 14.76023, 
13.76924, 14.58419, 14.64133, 15, 15, 15, 14.69935, 12.51168, 
14.79526, 14.85845, -11.50051, -7.42201, -12.23515, -8.34046, 
-9.44572, -8.14119, -7.07322, -7.52823, -6.16161, -8.52525, -9.36566, 
0, 0, 0, 0, 0, 0, 0, 0, 0, 0, 0, 0, 0, 0, 0, 0, 0, 0, 0, 0, 0, 
0, 0.98112, 0.97893, 0.98158, 0.98049, 0.98266, 0.9813, 0.98314, 
0.98285, 0.9832, 0.98267, 0.98328, 0.97734, 0.97502, 0.97933, 
0.97758, 0.98034, 0.98059, 0.98179, 0.98158, 0.9811, 0.98096, 
0.98166, 0.2458, 0.2555, 0.3163, 0.333, 0.3941, 0.4262, 0.4423, 
0.537, 0.4639, 0.5727, 0.7735, 103, 76.1, 126.5, 82.4, 99.1, 
89.9, 86.1, 94.3, 114.4, 117, 136.5, 354, 184, 2025, 810, 473, 
140, 1383, 132, 342, 1634, 546, 117, 760, 12, 347, 650, 296, 
40, 773, 274, 71, 36, 100, 100, 100, 100, 100, 100, 100, 100, 
100, 100, 100, 2500, 2500, 2500, 2500, 2500, 2500, 2500, 2500, 
2500, 2500, 2500, 13144.095, 13006.534, 15093.083, 15585.731, 
19203.006, 19202.452, 20389.075, 21502.986, 21644.902, 23473.247, 
27689.3959999999, 14.56303, 13.49325, 14.52638, 14.31898, 13.13974, 
13.3173, 14.55613, 14.5749, 13.30976, 12.7508, 13.41897, -9.30276, 
-7.40482, -12.36601, -8.17422, -7.34718, -7.16983, -6.92551, 
-7.54081, -6.39753, -8.65651, -8.77915, 0, 0, 0, 0, 0, 0, 0, 
0, 0, 0, 0, 0, 0, 0, 0, 0, 0, 0, 0, 0, 0, 0, 0.98058, 0.97893, 
0.98113, 0.97924, 0.98227, 0.98166, 0.98314, 0.98253, 0.9826, 
0.98238, 0.98274, 0.97681, 0.97453, 0.97934, 0.97758, 0.97725, 
0.98058, 0.98179, 0.98127, 0.98081, 0.98153, 0.98058, 0.248, 
0.2435, 0.3121, 0.3073, 0.3249, 0.3657, 0.4429, 0.4904, 0.4673, 
0.5599, 0.6508, 78.7, 77.2, 128.8, 82.9, 92.7, 97.3, 88, 95.4, 
108.2, 144, 145.4, 668, 1528, 869, 52, 880, 530, 779, 456, 131, 
388, 1266, 1, 2, 1, 3, 2, 1, 1, 1, 1, 2, 1, 100, 100, 100, 100, 
100, 100, 100, 100, 100, 100, 100, 2500, 2500, 2500, 2500, 2500, 
2500, 2500, 2500, 2500, 2500, 2500, 21505.734, 23461.399, 26278.326, 
29737.041, 35042.519, 37310.794, 42881.777, 45435.188, 48435.351, 
52819.192, 59461.474, 1, 1, 1, 1, 1, 1, 1, 1, 1, 1, 1, 0.04762, 
0.04762, 0.04762, 0.04762, 0.04762, 0.04762, 0.04762, 0.04762, 
0.04762, 0.04762, 0.04762, 0, 0, 0, 0, 0, 0, 0, 0, 0, 0, 0, 0, 
0, 0, 0, 0, 0, 0, 0, 0, 0, 0, 0.9412, 0.94263, 0.94379, 0.94645, 
0.94411, 0.94567, 0.94805, 0.94951, 0.94841, 0.94828, 0.94905, 
0.94067, 0.94409, 0.94425, 0.9448, 0.94449, 0.94387, 0.94772, 
0.94919, 0.94931, 0.94913, 0.94959, 0.3613, 0.4093, 0.4683, 0.5202, 
0.601, 0.646, 0.7289, 0.8013, 0.8757, 0.9194, 1.1029, 316, 335.8, 
358.2, 373.5, 402.7, 425.5, 436.1, 446.3, 467, 484.6, 507.8, 
1, 1, 1, 1, 1, 1, 1, 1, 1, 1, 1, 1, 1, 1, 1, 1, 1, 1, 1, 1, 1, 
1, 1, 1, 1, 1, 1, 1, 1, 1, 1, 1, 1, 1, 1, 1, 1, 1, 1, 1, 1, 1, 
1, 1, 6.464, 6.963, 7.497, 8.109, 9.768, 10.012, 11.053, 11.983, 
12.809, 12.999, 15.146), .Dim = c(11L, 40L), .Dimnames = list(
    NULL, c("Sampling", "PSO.cost", "PSO.gamma", "PSO.data.balancing", 
    "PSO.feature.selection", "PSO.valid.acc", "PSO.test.acc", 
    "PSO.train.time", "PSO.n.support.vectors", "PSO.index", "PSO.n.solutions", 
    "PSO.generations", "PSO.n.evaluations", "PSO.cpu.time", "RS.cost", 
    "RS.gamma", "RS.data.balancing", "RS.feature.selection", 
    "RS.valid.acc", "RS.test.acc", "RS.train.time", "RS.n.support.vectors", 
    "RS.index", "RS.n.solutions", "RS.generations", "RS.n.evaluations", 
    "RS.cpu.time", "DF.cost", "DF.gamma", "DF.data.balancing", 
    "DF.feature.selection", "DF.valid.acc", "DF.test.acc", "DF.train.time", 
    "DF.n.support.vectors", "DF.index", "DF.n.solutions", "DF.generations", 
    "DF.n.evaluations", "DF.cpu.time")))
