full <-
structure(c(50, 55, 60, 65, 70, 75, 80, 85, 90, 95, 100, 15, 
9.54725, 14.85132, 11.72464, 14.60463, 9.79158, 14.29582, 14.0555, 
15, 15, 10.21754, -7.81356, -5.2767, -9.93598, -9.07917, -7.50795, 
-5.99722, -8.71747, -9.38465, -9.68525, -9.22073, -7.44136, 0, 
0, 0, 0, 0, 0, 0, 0, 0, 0, 0, 0, 0, 0, 0, 0, 0, 0, 0, 0, 0, 0, 
0.98275, 0.98334, 0.98158, 0.98341, 0.98226, 0.98201, 0.98246, 
0.98348, 0.98621, 0.98408, 0.98355, 0.97681, 0.97941, 0.98022, 
0.97926, 0.98111, 0.98021, 0.98212, 0.98285, 0.98201, 0.98323, 
0.98301, 0.2255, 0.2256, 0.3341, 0.315, 0.4011, 0.3518, 0.4523, 
0.4995, 0.6266, 0.6803, 0.587, 63.4, 125.8, 94.9, 129.1, 83.6, 
131.1, 109.9, 125.2, 124.1, 124.1, 175.2, 1395, 1725, 291, 583, 
939, 1108, 1963, 827, 478, 400, 842, 66, 134, 451, 221, 278, 
45, 8, 138, 139, 66, 98, 100, 100, 100, 100, 100, 100, 100, 100, 
100, 100, 100, 2500, 2500, 2500, 2500, 2500, 2500, 2500, 2500, 
2500, 2500, 2500, 12438.918, 12626.498, 15291.703, 14994.97, 
17140.968, 18446.348, 21792.679, 21436.793, 24017.694, 26458.788, 
24592.4449999999, 12.49462, 12.19022, 14.90579, 11.96286, 14.84895, 
10.559, 14.68306, 14.18249, 13.77828, 13.79469, 10.29824, -8.14324, 
-6.65007, -10.10791, -9.10746, -7.62304, -6.34888, -9.34418, 
-9.53036, -8.82106, -8.63194, -7.47312, 0, 0, 0, 0, 0, 0, 0, 
0, 0, 0, 0, 0, 0, 0, 0, 0, 0, 0, 0, 0, 0, 0, 0.9822, 0.98285, 
0.98068, 0.98299, 0.98188, 0.98165, 0.98212, 0.98285, 0.98591, 
0.9838, 0.98301, 0.97734, 0.97989, 0.97977, 0.98051, 0.98111, 
0.97949, 0.98212, 0.98285, 0.98201, 0.98351, 0.98301, 0.1898, 
0.193, 0.324, 0.31, 0.4201, 0.3499, 0.4851, 0.4686, 0.5365, 0.5589, 
0.5432, 77.6, 77.9, 95.8, 125, 83.4, 123, 112.5, 125.6, 125.2, 
130.2, 174.7, 431, 887, 734, 2498, 2241, 604, 1274, 1608, 1965, 
1833, 2256, 1, 1, 1, 1, 1, 2, 2, 2, 1, 1, 1, 100, 100, 100, 100, 
100, 100, 100, 100, 100, 100, 100, 2500, 2500, 2500, 2500, 2500, 
2500, 2500, 2500, 2500, 2500, 2500, 20502.359, 23608.859, 26918.221, 
28583.261, 33815.012, 39182.506, 41332.429, 45873.508, 50665.873, 
54267.25, 59025.166, 1, 1, 1, 1, 1, 1, 1, 1, 1, 1, 1, 0.04762, 
0.04762, 0.04762, 0.04762, 0.04762, 0.04762, 0.04762, 0.04762, 
0.04762, 0.04762, 0.04762, 0, 0, 0, 0, 0, 0, 0, 0, 0, 0, 0, 0, 
0, 0, 0, 0, 0, 0, 0, 0, 0, 0, 0.94608, 0.94558, 0.94515, 0.94603, 
0.94487, 0.94494, 0.94602, 0.94538, 0.94661, 0.94771, 0.94958, 
0.94445, 0.94655, 0.94425, 0.94645, 0.9441, 0.94386, 0.94603, 
0.94729, 0.94631, 0.94799, 0.94985, 0.3359, 0.3845, 0.4457, 0.5261, 
0.569, 0.6399, 0.7097, 0.8047, 0.9143, 0.9466, 0.9899, 300.3, 
326.3, 353, 377, 400.4, 424.9, 430.6, 456, 483.8, 492.9, 507.5, 
1, 1, 1, 1, 1, 1, 1, 1, 1, 1, 1, 1, 1, 1, 1, 1, 1, 1, 1, 1, 1, 
1, 1, 1, 1, 1, 1, 1, 1, 1, 1, 1, 1, 1, 1, 1, 1, 1, 1, 1, 1, 1, 
1, 1, 6.178, 6.653, 7.466, 8.217, 9.245, 9.963, 10.824, 11.9, 
13.131, 13.588, 14.019), .Dim = c(11L, 40L), .Dimnames = list(
    NULL, c("Sampling", "PSO.cost", "PSO.gamma", "PSO.data.balancing", 
    "PSO.feature.selection", "PSO.valid.acc", "PSO.test.acc", 
    "PSO.train.time", "PSO.n.support.vectors", "PSO.index", "PSO.n.solutions", 
    "PSO.generations", "PSO.n.evaluations", "PSO.cpu.time", "RS.cost", 
    "RS.gamma", "RS.data.balancing", "RS.feature.selection", 
    "RS.valid.acc", "RS.test.acc", "RS.train.time", "RS.n.support.vectors", 
    "RS.index", "RS.n.solutions", "RS.generations", "RS.n.evaluations", 
    "RS.cpu.time", "DF.cost", "DF.gamma", "DF.data.balancing", 
    "DF.feature.selection", "DF.valid.acc", "DF.test.acc", "DF.train.time", 
    "DF.n.support.vectors", "DF.index", "DF.n.solutions", "DF.generations", 
    "DF.n.evaluations", "DF.cpu.time")))
