full <-
structure(c(50, 55, 60, 65, 70, 75, 80, 85, 90, 95, 100, 15, 
14.99389, 13.79184, 15, 14.70237, 14.87097, 14.91322, 14.50606, 
15, 14.22475, 11.10535, -9.68804, -10.84073, -10.87691, -12.03179, 
-8.22426, -9.558, -7.66956, -8.06328, -6.9517, -8.04493, -7.13966, 
0, 0, 0, 0, 0, 0, 0, 0, 0, 0, 0, 0, 0, 0, 0, 0, 0, 0, 0, 0, 0, 
0, 0.98167, 0.98284, 0.98202, 0.9838, 0.98034, 0.9813, 0.9828, 
0.9819, 0.982, 0.98295, 0.98382, 0.98328, 0.98039, 0.98112, 0.98048, 
0.97727, 0.97842, 0.97808, 0.98063, 0.9805, 0.98182, 0.98194, 
0.1813, 0.245, 0.2833, 0.358, 0.3547, 0.4354, 0.4396, 0.4891, 
0.5512, 0.6301, 0.5345, 65.1, 84.3, 105.6, 119, 88.3, 107, 96.3, 
106.7, 100.1, 120, 148.4, 767, 715, 431, 1276, 412, 953, 378, 
350, 674, 837, 1086, 324, 10, 111, 1, 64, 224, 820, 580, 216, 
23, 44, 100, 100, 100, 100, 100, 100, 100, 100, 100, 100, 100, 
2500, 2500, 2500, 2500, 2500, 2500, 2500, 2500, 2500, 2500, 2500, 
12330.736, 13980.574, 14948.014, 16526.507, 16773.83, 17650.727, 
18667.928, 19808.734, 22015.28, 22958.471, 22143.0989999999, 
14.77245, 13.68826, 13.89786, 14.79026, 13.98571, 14.36021, 14.9318, 
12.06649, 14.81428, 14.92618, 12.26981, -9.67643, -9.78655, -11.02591, 
-12.44927, -7.87496, -9.28884, -7.81362, -8.17539, -6.87878, 
-7.79757, -7.74787, 0, 0, 0, 0, 0, 0, 0, 0, 0, 0, 0, 0, 0, 0, 
0, 0, 0, 0, 0, 0, 0, 0, 0.98113, 0.98186, 0.98112, 0.98256, 0.97996, 
0.98094, 0.98246, 0.98159, 0.9814, 0.98295, 0.98355, 0.9822, 
0.97892, 0.98022, 0.97924, 0.97881, 0.97806, 0.97808, 0.97905, 
0.9802, 0.98096, 0.98112, 0.1919, 0.2396, 0.2716, 0.3658, 0.3402, 
0.4086, 0.4309, 0.4337, 0.5581, 0.6394, 0.5795, 65.4, 84, 105.9, 
127.5, 90.5, 109, 96.4, 130, 101.3, 111.3, 141.6, 2423, 1926, 
27, 2253, 1551, 88, 2000, 1096, 1545, 914, 399, 1, 2, 5, 2, 1, 
2, 1, 1, 3, 1, 1, 100, 100, 100, 100, 100, 100, 100, 100, 100, 
100, 100, 2500, 2500, 2500, 2500, 2500, 2500, 2500, 2500, 2500, 
2500, 2500, 21986.381, 24195.73, 28900.384, 30050.472, 32815.076, 
36974.163, 38664.058, 44075.336, 47841.071, 53462.475, 60544.954, 
1, 1, 1, 1, 1, 1, 1, 1, 1, 1, 1, 0.04762, 0.04762, 0.04762, 0.04762, 
0.04762, 0.04762, 0.04762, 0.04762, 0.04762, 0.04762, 0.04762, 
0, 0, 0, 0, 0, 0, 0, 0, 0, 0, 0, 0, 0, 0, 0, 0, 0, 0, 0, 0, 0, 
0, 0.94823, 0.94457, 0.94561, 0.94727, 0.9495, 0.95177, 0.95041, 
0.95014, 0.94811, 0.94942, 0.95093, 0.94769, 0.94458, 0.94695, 
0.94561, 0.9495, 0.95141, 0.95007, 0.95014, 0.94811, 0.94913, 
0.95039, 0.3449, 0.3996, 0.5036, 0.5367, 0.5725, 0.6499, 0.7055, 
0.778, 0.8955, 0.9994, 1.0738, 295.6, 322.7, 344.3, 367.4, 382.2, 
406.1, 422.2, 446.6, 472.5, 494, 505.9, 1, 1, 1, 1, 1, 1, 1, 
1, 1, 1, 1, 1, 1, 1, 1, 1, 1, 1, 1, 1, 1, 1, 1, 1, 1, 1, 1, 1, 
1, 1, 1, 1, 1, 1, 1, 1, 1, 1, 1, 1, 1, 1, 1, 1, 6.564, 7.217, 
8.405, 8.43, 8.704, 9.638, 10.16, 10.989, 12.197, 13.367, 14.224
), .Dim = c(11L, 40L), .Dimnames = list(NULL, c("Sampling", "PSO.cost", 
"PSO.gamma", "PSO.data.balancing", "PSO.feature.selection", "PSO.valid.acc", 
"PSO.test.acc", "PSO.train.time", "PSO.n.support.vectors", "PSO.index", 
"PSO.n.solutions", "PSO.generations", "PSO.n.evaluations", "PSO.cpu.time", 
"RS.cost", "RS.gamma", "RS.data.balancing", "RS.feature.selection", 
"RS.valid.acc", "RS.test.acc", "RS.train.time", "RS.n.support.vectors", 
"RS.index", "RS.n.solutions", "RS.generations", "RS.n.evaluations", 
"RS.cpu.time", "DF.cost", "DF.gamma", "DF.data.balancing", "DF.feature.selection", 
"DF.valid.acc", "DF.test.acc", "DF.train.time", "DF.n.support.vectors", 
"DF.index", "DF.n.solutions", "DF.generations", "DF.n.evaluations", 
"DF.cpu.time")))
