full <-
structure(c(50, 55, 60, 65, 70, 75, 80, 85, 90, 95, 100, 11.42608, 
14.52742, 15, 14.72874, 13.81925, 11.01426, 11.17879, 14.95641, 
15, 14.34005, 15, -7.36218, -7.81099, -9.2081, -9.7163, -7.97599, 
-8.01743, -6.5388, -9.36313, -11.81339, -6.61124, -9.63701, 0, 
0, 0, 0, 0, 0, 0, 0, 0, 0, 0, 0, 0, 0, 0, 0, 0, 0, 0, 0, 0, 0, 
0.98061, 0.97992, 0.98381, 0.98297, 0.98342, 0.98309, 0.98414, 
0.97968, 0.9814, 0.98323, 0.98166, 0.9763, 0.97747, 0.97841, 
0.97884, 0.98111, 0.98237, 0.98245, 0.98127, 0.9796, 0.98039, 
0.98058, 0.1829, 0.2386, 0.3233, 0.3392, 0.3416, 0.3481, 0.3619, 
0.5829, 0.6415, 0.5815, 0.7758, 80.5, 70.2, 82.1, 98.8, 93.2, 
127.8, 116.4, 117.5, 163, 107.6, 138.6, 306, 330, 461, 249, 1291, 
1227, 539, 519, 1699, 1298, 1652, 337, 214, 382, 191, 61, 152, 
532, 29, 3, 35, 1, 100, 100, 100, 100, 100, 100, 100, 100, 100, 
100, 100, 2500, 2500, 2500, 2500, 2500, 2500, 2500, 2500, 2500, 
2500, 2500, 11763.266, 12857.598, 15340.052, 16091.649, 16180.115, 
16390.844, 17233.623, 21171.4300000001, 23028.247, 24502.722, 
26862.901, 11.59998, 14.52136, 14.48293, 14.29017, 13.34035, 
10.28846, 10.67104, 14.34379, 13.9046, 13.17255, 14.62777, -7.36582, 
-7.82359, -8.86712, -9.55771, -7.87677, -7.66604, -6.50817, -9.14748, 
-10.46518, -9.57075, -9.56746, 0, 0, 0, 0, 0, 0, 0, 0, 0, 0, 
0, 0, 0, 0, 0, 0, 0, 0, 0, 0, 0, 0, 0.9806, 0.97992, 0.98246, 
0.98214, 0.98265, 0.98237, 0.98381, 0.97904, 0.9811, 0.98295, 
0.98112, 0.97737, 0.97747, 0.97886, 0.97884, 0.9815, 0.98129, 
0.9811, 0.98127, 0.9799, 0.98068, 0.98031, 0.1832, 0.2392, 0.2935, 
0.3249, 0.3149, 0.3442, 0.3695, 0.5356, 0.5978, 0.6237, 0.7115, 
80, 70.1, 82.7, 100, 96.5, 133.5, 122.5, 120.9, 160.1, 159.8, 
142.9, 1242, 830, 957, 1519, 2494, 299, 1750, 1900, 1092, 241, 
147, 2, 1, 3, 2, 2, 3, 1, 4, 4, 1, 1, 100, 100, 100, 100, 100, 
100, 100, 100, 100, 100, 100, 2500, 2500, 2500, 2500, 2500, 2500, 
2500, 2500, 2500, 2500, 2500, 20400.668, 23401.938, 26065.808, 
29109.732, 32737.063, 36011.707, 41085.647, 43388.032, 48874.892, 
50676.733, 57906.444, 1, 1, 1, 1, 1, 1, 1, 1, 1, 1, 1, 0.04762, 
0.04762, 0.04762, 0.04762, 0.04762, 0.04762, 0.04762, 0.04762, 
0.04762, 0.04762, 0.04762, 0, 0, 0, 0, 0, 0, 0, 0, 0, 0, 0, 0, 
0, 0, 0, 0, 0, 0, 0, 0, 0, 0, 0.95362, 0.95391, 0.95279, 0.95101, 
0.95143, 0.95213, 0.95176, 0.94951, 0.95111, 0.94885, 0.94985, 
0.9547, 0.95342, 0.95279, 0.95225, 0.95104, 0.95285, 0.95176, 
0.95109, 0.95051, 0.9497, 0.95039, 0.2985, 0.3571, 0.425, 0.4894, 
0.5406, 0.5915, 0.7313, 0.784, 0.898, 0.9717, 1.0276, 267, 288.2, 
319.2, 352.4, 370, 385.9, 415.6, 440.5, 465, 486.6, 507.5, 1, 
1, 1, 1, 1, 1, 1, 1, 1, 1, 1, 1, 1, 1, 1, 1, 1, 1, 1, 1, 1, 1, 
1, 1, 1, 1, 1, 1, 1, 1, 1, 1, 1, 1, 1, 1, 1, 1, 1, 1, 1, 1, 1, 
1, 5.846, 6.61, 7.292, 8.019, 8.513, 8.942, 10.72, 11.077, 12.379, 
13.09, 13.73), .Dim = c(11L, 40L), .Dimnames = list(NULL, c("Sampling", 
"PSO.cost", "PSO.gamma", "PSO.data.balancing", "PSO.feature.selection", 
"PSO.valid.acc", "PSO.test.acc", "PSO.train.time", "PSO.n.support.vectors", 
"PSO.index", "PSO.n.solutions", "PSO.generations", "PSO.n.evaluations", 
"PSO.cpu.time", "RS.cost", "RS.gamma", "RS.data.balancing", "RS.feature.selection", 
"RS.valid.acc", "RS.test.acc", "RS.train.time", "RS.n.support.vectors", 
"RS.index", "RS.n.solutions", "RS.generations", "RS.n.evaluations", 
"RS.cpu.time", "DF.cost", "DF.gamma", "DF.data.balancing", "DF.feature.selection", 
"DF.valid.acc", "DF.test.acc", "DF.train.time", "DF.n.support.vectors", 
"DF.index", "DF.n.solutions", "DF.generations", "DF.n.evaluations", 
"DF.cpu.time")))
