full <-
structure(c(50, 55, 60, 65, 70, 75, 80, 85, 90, 95, 100, 14.81522, 
11.17194, 12.68717, 15, 14.3956, 14.95901, 14.97219, 15, 14.70355, 
13.9342, 15, -12.20051, -8.98892, -8.63105, -10.85014, -11.50897, 
-11.202, -12.33818, -9.08196, -6.35689, -7.99048, -9.88795, 0, 
0, 0, 0, 0, 0, 0, 0, 0, 0, 0, 0, 0, 0, 0, 0, 0, 0, 0, 0, 0, 0, 
0.97951, 0.98283, 0.98112, 0.98091, 0.98188, 0.98309, 0.98043, 
0.98189, 0.98262, 0.98351, 0.98328, 0.97681, 0.97744, 0.97752, 
0.97841, 0.97725, 0.98021, 0.98144, 0.97904, 0.9799, 0.97983, 
0.98086, 0.2036, 0.2244, 0.2603, 0.3578, 0.3888, 0.4394, 0.5097, 
0.5986, 0.5777, 0.6026, 0.8137, 93.6, 112.4, 105.8, 107.6, 130.2, 
120, 143.9, 112, 107, 121.7, 142.7, 835, 694, 2422, 364, 307, 
691, 127, 630, 235, 850, 588, 242, 294, 1, 693, 181, 11, 169, 
68, 205, 297, 138, 100, 100, 100, 100, 100, 100, 100, 100, 100, 
100, 100, 2500, 2500, 2500, 2500, 2500, 2500, 2500, 2500, 2500, 
2500, 2500, 11595.013, 12375.06, 13683.739, 17946.397, 18707.264, 
19694.131, 24253.683, 23375.427, 24678.242, 25362.041, 27562.204, 
14.78229, 11.03101, 13.1161, 14.68367, 14.35026, 14.73967, 14.83463, 
13.05258, 14.82938, 14.25779, 14.78275, -11.94437, -9.54463, 
-9.02812, -10.73971, -11.62463, -11.9444, -12.38917, -8.70224, 
-6.51116, -8.03434, -10.24798, 0, 0, 0, 0, 0, 0, 0, 0, 0, 0, 
0, 0, 0, 0, 0, 0, 0, 0, 0, 0, 0, 0, 0.97897, 0.98234, 0.97977, 
0.98049, 0.98149, 0.98237, 0.98009, 0.98126, 0.98232, 0.98323, 
0.98274, 0.97681, 0.97841, 0.97796, 0.97841, 0.97725, 0.9813, 
0.9811, 0.97745, 0.9799, 0.9804, 0.97978, 0.2003, 0.2318, 0.263, 
0.3414, 0.3898, 0.438, 0.4895, 0.489, 0.5647, 0.6087, 0.7448, 
91.1, 122.2, 104.1, 109.5, 133.5, 137.6, 147.7, 131.1, 106.5, 
118.4, 153.4, 318, 1281, 625, 827, 18, 1179, 123, 648, 369, 705, 
1727, 3, 2, 6, 2, 2, 2, 2, 3, 2, 1, 1, 100, 100, 100, 100, 100, 
100, 100, 100, 100, 100, 100, 2500, 2500, 2500, 2500, 2500, 2500, 
2500, 2500, 2500, 2500, 2500, 20310.602, 22600.701, 28601.774, 
31943.862, 35973.983, 38632.988, 42388.822, 46428.43, 51940.375, 
55897.301, 55185.265, 1, 1, 1, 1, 1, 1, 1, 1, 1, 1, 1, 0.04762, 
0.04762, 0.04762, 0.04762, 0.04762, 0.04762, 0.04762, 0.04762, 
0.04762, 0.04762, 0.04762, 0, 0, 0, 0, 0, 0, 0, 0, 0, 0, 0, 0, 
0, 0, 0, 0, 0, 0, 0, 0, 0, 0, 0.93528, 0.9392, 0.9402, 0.94189, 
0.94063, 0.94135, 0.94433, 0.94569, 0.94692, 0.948, 0.94985, 
0.93742, 0.93969, 0.9402, 0.93981, 0.93947, 0.94207, 0.94399, 
0.94633, 0.94691, 0.94828, 0.94904, 0.3433, 0.3961, 0.494, 0.544, 
0.6105, 0.6915, 0.7638, 0.8542, 0.9118, 0.9802, 1.0405, 328.3, 
345.4, 374.5, 393.4, 412.8, 431.8, 438.3, 460.3, 479.7, 491, 
507.2, 1, 1, 1, 1, 1, 1, 1, 1, 1, 1, 1, 1, 1, 1, 1, 1, 1, 1, 
1, 1, 1, 1, 1, 1, 1, 1, 1, 1, 1, 1, 1, 1, 1, 1, 1, 1, 1, 1, 1, 
1, 1, 1, 1, 1, 6.188, 6.688, 8.671, 8.994, 9.751, 10.626, 11.645, 
12.498, 13.183, 13.922, 13.619), .Dim = c(11L, 40L), .Dimnames = list(
    NULL, c("Sampling", "PSO.cost", "PSO.gamma", "PSO.data.balancing", 
    "PSO.feature.selection", "PSO.valid.acc", "PSO.test.acc", 
    "PSO.train.time", "PSO.n.support.vectors", "PSO.index", "PSO.n.solutions", 
    "PSO.generations", "PSO.n.evaluations", "PSO.cpu.time", "RS.cost", 
    "RS.gamma", "RS.data.balancing", "RS.feature.selection", 
    "RS.valid.acc", "RS.test.acc", "RS.train.time", "RS.n.support.vectors", 
    "RS.index", "RS.n.solutions", "RS.generations", "RS.n.evaluations", 
    "RS.cpu.time", "DF.cost", "DF.gamma", "DF.data.balancing", 
    "DF.feature.selection", "DF.valid.acc", "DF.test.acc", "DF.train.time", 
    "DF.n.support.vectors", "DF.index", "DF.n.solutions", "DF.generations", 
    "DF.n.evaluations", "DF.cpu.time")))
