full <-
structure(c(50, 55, 60, 65, 70, 75, 80, 85, 90, 95, 100, 13.82316, 
14.22538, 15, 15, 14.81624, 14.65518, 14.4177, 14.99438, 11.81633, 
15, 15, -8.64714, -11.4303, -12.33292, -11.32528, -7.22898, -10.98984, 
-8.10551, -6.7586, -8.92704, -9.87532, -7.49381, 0, 0, 0, 0, 
0, 0, 0, 0, 0, 0, 0, 0, 0, 0, 0, 0, 0, 0, 0, 0, 0, 0, 0.98004, 
0.97989, 0.98066, 0.98216, 0.97996, 0.98166, 0.98179, 0.98126, 
0.9829, 0.98266, 0.98302, 0.97573, 0.97989, 0.97796, 0.98008, 
0.97688, 0.98058, 0.98111, 0.98095, 0.9799, 0.98039, 0.98274, 
0.232, 0.2519, 0.2937, 0.3401, 0.3449, 0.4128, 0.4396, 0.4352, 
0.5058, 0.6841, 0.6465, 78.3, 112.3, 115.3, 113.5, 84, 130.9, 
98.4, 91.5, 165, 138.7, 107.9, 87, 1310, 188, 1298, 582, 672, 
459, 601, 792, 369, 194, 85, 18, 244, 9, 175, 204, 638, 596, 
61, 32, 896, 100, 100, 100, 100, 100, 100, 100, 100, 100, 100, 
100, 2500, 2500, 2500, 2500, 2500, 2500, 2500, 2500, 2500, 2500, 
2500, 12353.23, 13286.099, 14438.155, 16252.346, 14992.654, 17031.823, 
17901.635, 18925.972, 19986.308, 23341.607, 23568.138, 13.71963, 
14.71601, 14.75061, 14.54229, 12.80602, 9.59782, 14.02374, 14.96083, 
11.03365, 14.71983, 14.5589, -8.58799, -11.72866, -12.08861, 
-7.55868, -5.95284, -5.94606, -7.90485, -6.77139, -8.20442, -9.82926, 
-7.28538, 0, 0, 0, 0, 0, 0, 0, 0, 0, 0, 0, 0, 0, 0, 0, 0, 0, 
0, 0, 0, 0, 0, 0.98004, 0.9794, 0.98021, 0.98174, 0.97919, 0.9813, 
0.98145, 0.98094, 0.9823, 0.98181, 0.98302, 0.97573, 0.98087, 
0.97661, 0.97924, 0.97533, 0.9795, 0.9801, 0.98095, 0.9793, 0.97982, 
0.98248, 0.2192, 0.2625, 0.3035, 0.3448, 0.2866, 0.3252, 0.4268, 
0.4243, 0.5017, 0.6624, 0.6166, 78.5, 109.2, 116.6, 82.6, 96.4, 
134.6, 99.5, 91.9, 161.2, 141.7, 109.7, 622, 455, 97, 771, 1369, 
1135, 194, 1300, 838, 536, 987, 1, 2, 2, 1, 1, 1, 2, 1, 2, 2, 
1, 100, 100, 100, 100, 100, 100, 100, 100, 100, 100, 100, 2500, 
2500, 2500, 2500, 2500, 2500, 2500, 2500, 2500, 2500, 2500, 20047.245, 
22759.886, 25634.887, 28356.353, 30206.135, 34360.926, 38486.344, 
40594.3309999999, 45295.112, 48909.325, 51508.058, 1, 1, 1, 1, 
1, 1, 1, 1, 1, 1, 1, 0.04762, 0.04762, 0.04762, 0.04762, 0.04762, 
0.04762, 0.04762, 0.04762, 0.04762, 0.04762, 0.04762, 0, 0, 0, 
0, 0, 0, 0, 0, 0, 0, 0, 0, 0, 0, 0, 0, 0, 0, 0, 0, 0, 0, 0.94338, 
0.94214, 0.94199, 0.94562, 0.94603, 0.94855, 0.94839, 0.94824, 
0.94811, 0.94829, 0.94985, 0.94284, 0.94263, 0.94244, 0.94603, 
0.94526, 0.94711, 0.9494, 0.9476, 0.94721, 0.94828, 0.94931, 
0.333, 0.396, 0.4666, 0.508, 0.5597, 0.6365, 0.6993, 0.7579, 
0.8328, 0.8734, 0.9629, 312.5, 340, 363.8, 377.2, 403.8, 419.4, 
437.5, 461.9, 475.1, 494.3, 507.6, 1, 1, 1, 1, 1, 1, 1, 1, 1, 
1, 1, 1, 1, 1, 1, 1, 1, 1, 1, 1, 1, 1, 1, 1, 1, 1, 1, 1, 1, 1, 
1, 1, 1, 1, 1, 1, 1, 1, 1, 1, 1, 1, 1, 1, 5.938, 6.829, 7.643, 
7.881, 8.417, 9.339, 10.047, 10.62, 11.328, 11.76, 12.663), .Dim = c(11L, 
40L), .Dimnames = list(NULL, c("Sampling", "PSO.cost", "PSO.gamma", 
"PSO.data.balancing", "PSO.feature.selection", "PSO.valid.acc", 
"PSO.test.acc", "PSO.train.time", "PSO.n.support.vectors", "PSO.index", 
"PSO.n.solutions", "PSO.generations", "PSO.n.evaluations", "PSO.cpu.time", 
"RS.cost", "RS.gamma", "RS.data.balancing", "RS.feature.selection", 
"RS.valid.acc", "RS.test.acc", "RS.train.time", "RS.n.support.vectors", 
"RS.index", "RS.n.solutions", "RS.generations", "RS.n.evaluations", 
"RS.cpu.time", "DF.cost", "DF.gamma", "DF.data.balancing", "DF.feature.selection", 
"DF.valid.acc", "DF.test.acc", "DF.train.time", "DF.n.support.vectors", 
"DF.index", "DF.n.solutions", "DF.generations", "DF.n.evaluations", 
"DF.cpu.time")))
