full <-
structure(c(50, 55, 60, 65, 70, 75, 80, 85, 90, 95, 100, 15, 
14.88761, 15, 15, 14.04161, 13.74719, 12.32327, 14.68234, 14.98247, 
15, 14.98307, -11.449, -11.379, -10.57081, -11.79311, -9.61367, 
-8.54767, -7.94208, -7.91955, -10.71384, -12.06346, -6.7697, 
0, 0, 0, 0, 0, 0, 0, 0, 0, 0, 0, 0, 0, 0, 0, 0, 0, 0, 0, 0, 0, 
0, 0.97789, 0.97894, 0.97976, 0.98173, 0.98034, 0.98164, 0.98144, 
0.98127, 0.98111, 0.98182, 0.98328, 0.98059, 0.976, 0.97885, 
0.9784, 0.97996, 0.97985, 0.97706, 0.9765, 0.97841, 0.97954, 
0.98139, 0.2324, 0.2817, 0.33, 0.3529, 0.4071, 0.43, 0.4204, 
0.5711, 0.7539, 0.7689, 0.6512, 95.3, 106.6, 103.3, 118.9, 118.5, 
110.8, 123.1, 105.2, 149.8, 176.2, 106.2, 272, 1526, 413, 240, 
391, 1788, 1666, 301, 848, 1535, 509, 356, 8, 38, 167, 816, 2, 
22, 542, 4, 4, 475, 100, 100, 100, 100, 100, 100, 100, 100, 100, 
100, 100, 2500, 2500, 2500, 2500, 2500, 2500, 2500, 2500, 2500, 
2500, 2500, 13365.466, 14517.814, 15885.75, 16242.074, 18019.159, 
23326.953, 24143.368, 27271.571, 31839.557, 31416.308, 29289.178, 
13.9235, 14.63645, 14.1851, 14.86042, 14.25388, 13.03663, 14.19118, 
14.33968, 14.54735, 13.64831, 14.87812, -11.0502, -11.69319, 
-10.42123, -12.17427, -9.54766, -7.59412, -8.15411, -6.77296, 
-9.7691, -10.8705, -6.53148, 0, 0, 0, 0, 0, 0, 0, 0, 0, 0, 0, 
0, 0, 0, 0, 0, 0, 0, 0, 0, 0, 0, 0.97628, 0.97746, 0.97932, 0.98131, 
0.97996, 0.98093, 0.98077, 0.98063, 0.98021, 0.98068, 0.98301, 
0.97789, 0.97697, 0.97976, 0.97841, 0.98034, 0.97913, 0.97908, 
0.97618, 0.97811, 0.97926, 0.98139, 0.2245, 0.2872, 0.3036, 0.3494, 
0.426, 0.4018, 0.5017, 0.4414, 0.6422, 0.6777, 0.699, 102.3, 
112.2, 109, 127.4, 115.3, 107.1, 106.2, 99.8, 140, 178.1, 106.7, 
1771, 2421, 1224, 1313, 1848, 699, 618, 2343, 550, 371, 1599, 
1, 2, 1, 1, 3, 2, 1, 2, 2, 1, 1, 100, 100, 100, 100, 100, 100, 
100, 100, 100, 100, 100, 2500, 2500, 2500, 2500, 2500, 2500, 
2500, 2500, 2500, 2500, 2500, 21948.899, 24552.56, 27770.28, 
29301.073, 33618.036, 43692.918, 48524.546, 52117.816, 54635.489, 
61899.013, 69379.439, 1, 1, 1, 1, 1, 1, 1, 1, 1, 1, 1, 0.04762, 
0.04762, 0.04762, 0.04762, 0.04762, 0.04762, 0.04762, 0.04762, 
0.04762, 0.04762, 0.04762, 0, 0, 0, 0, 0, 0, 0, 0, 0, 0, 0, 0, 
0, 0, 0, 0, 0, 0, 0, 0, 0, 0, 0.94498, 0.94214, 0.94515, 0.94562, 
0.94605, 0.94602, 0.94772, 0.94761, 0.94812, 0.94886, 0.94931, 
0.94499, 0.94165, 0.9447, 0.94645, 0.94605, 0.94674, 0.94805, 
0.94888, 0.94991, 0.94886, 0.94958, 0.3227, 0.3771, 0.448, 0.4815, 
0.5654, 0.6461, 0.7136, 0.84, 0.902, 1.0886, 1.1441, 294.7, 322.4, 
339.9, 354.7, 381.8, 407.4, 427.7, 447.1, 466.5, 487.2, 509.1, 
1, 1, 1, 1, 1, 1, 1, 1, 1, 1, 1, 1, 1, 1, 1, 1, 1, 1, 1, 1, 1, 
1, 1, 1, 1, 1, 1, 1, 1, 1, 1, 1, 1, 1, 1, 1, 1, 1, 1, 1, 1, 1, 
1, 1, 6.381, 6.905, 7.676, 7.987, 8.983, 11.744, 11.506, 14.068, 
14.368, 16.146, 16.567), .Dim = c(11L, 40L), .Dimnames = list(
    NULL, c("Sampling", "PSO.cost", "PSO.gamma", "PSO.data.balancing", 
    "PSO.feature.selection", "PSO.valid.acc", "PSO.test.acc", 
    "PSO.train.time", "PSO.n.support.vectors", "PSO.index", "PSO.n.solutions", 
    "PSO.generations", "PSO.n.evaluations", "PSO.cpu.time", "RS.cost", 
    "RS.gamma", "RS.data.balancing", "RS.feature.selection", 
    "RS.valid.acc", "RS.test.acc", "RS.train.time", "RS.n.support.vectors", 
    "RS.index", "RS.n.solutions", "RS.generations", "RS.n.evaluations", 
    "RS.cpu.time", "DF.cost", "DF.gamma", "DF.data.balancing", 
    "DF.feature.selection", "DF.valid.acc", "DF.test.acc", "DF.train.time", 
    "DF.n.support.vectors", "DF.index", "DF.n.solutions", "DF.generations", 
    "DF.n.evaluations", "DF.cpu.time")))
