full <-
structure(c(50, 55, 60, 65, 70, 75, 80, 85, 90, 95, 100, 10.57722, 
10.85895, 11.8149, 14.63518, 14.51674, 13.65302, 11.90129, 14.99957, 
14.73659, 15, 15, -6.14377, -6.54255, -8.77625, -11.02694, -6.71188, 
-9.71169, -10.50797, -7.91698, -6.66981, -12.40826, -9.76846, 
0, 0, 0, 0, 0, 0, 0, 0, 0, 0, 0, 0, 0, 0, 0, 0, 0, 0, 0, 0, 0, 
0, 0.97629, 0.98136, 0.97979, 0.9776, 0.9811, 0.97985, 0.98212, 
0.98285, 0.98201, 0.98323, 0.98328, 0.9725, 0.974, 0.97574, 0.9747, 
0.97571, 0.97806, 0.97773, 0.97904, 0.9799, 0.98237, 0.9787, 
0.1867, 0.2184, 0.2893, 0.3624, 0.3801, 0.4404, 0.4716, 0.5754, 
0.5485, 0.7354, 0.7876, 92.6, 97.6, 114.2, 118.4, 85.3, 127.8, 
181.7, 98.8, 95.7, 174, 139.5, 837, 381, 1227, 807, 736, 227, 
1003, 1713, 636, 112, 437, 276, 569, 92, 11, 305, 285, 141, 163, 
11, 76, 252, 100, 100, 100, 100, 100, 100, 100, 100, 100, 100, 
100, 2500, 2500, 2500, 2500, 2500, 2500, 2500, 2500, 2500, 2500, 
2500, 12770.25, 13380.452, 15348.633, 16745.094, 17858.67, 19591.967, 
21333.641, 25926.245, 27938.209, 31053.345, 31456.753, 10.71899, 
10.96675, 12.1206, 14.42535, 14.75675, 14.03616, 14.06428, 14.4941, 
14.47889, 14.68264, 13.22542, -6.10163, -6.35535, -8.9535, -12.13879, 
-6.95071, -10.03582, -12.1418, -7.46105, -6.60548, -11.85461, 
-9.21503, 0, 0, 0, 0, 0, 0, 0, 0, 0, 0, 0, 0, 0, 0, 0, 0, 0, 
0, 0, 0, 0, 0, 0.97575, 0.98038, 0.97844, 0.97717, 0.97918, 0.97985, 
0.98212, 0.9819, 0.9817, 0.98237, 0.98301, 0.97251, 0.97302, 
0.97529, 0.97552, 0.97571, 0.97697, 0.98009, 0.9784, 0.9787, 
0.98209, 0.97924, 0.191, 0.2071, 0.2903, 0.3594, 0.4088, 0.4342, 
0.5217, 0.5145, 0.567, 0.7076, 0.7541, 91, 92.6, 113.1, 136.2, 
84.6, 125.6, 168.1, 98.2, 97.1, 168.6, 157.7, 71, 659, 121, 1452, 
620, 1457, 868, 1155, 858, 1296, 2382, 1, 9, 2, 1, 1, 1, 2, 1, 
4, 1, 1, 100, 100, 100, 100, 100, 100, 100, 100, 100, 100, 100, 
2500, 2500, 2500, 2500, 2500, 2500, 2500, 2500, 2500, 2500, 2500, 
21978.917, 24835.936, 28000.35, 30639.652, 34832.966, 37687.921, 
44489.759, 53270.567, 55780.475, 60510.9890000001, 72228.076, 
1, 1, 1, 1, 1, 1, 1, 1, 1, 1, 1, 0.04762, 0.04762, 0.04762, 0.04762, 
0.04762, 0.04762, 0.04762, 0.04762, 0.04762, 0.04762, 0.04762, 
0, 0, 0, 0, 0, 0, 0, 0, 0, 0, 0, 0, 0, 0, 0, 0, 0, 0, 0, 0, 0, 
0, 0.94662, 0.95047, 0.95056, 0.94688, 0.94872, 0.94603, 0.94535, 
0.94665, 0.94661, 0.94828, 0.94931, 0.94608, 0.94949, 0.95056, 
0.94895, 0.94911, 0.94674, 0.94433, 0.94602, 0.94751, 0.94715, 
0.94957, 0.3395, 0.3753, 0.4359, 0.4874, 0.5625, 0.6984, 0.7287, 
0.8496, 0.9203, 1.0289, 1.2724, 289.6, 306, 320.6, 348.4, 372.4, 
406.3, 431.8, 452.6, 465.5, 490.9, 509.1, 1, 1, 1, 1, 1, 1, 1, 
1, 1, 1, 1, 1, 1, 1, 1, 1, 1, 1, 1, 1, 1, 1, 1, 1, 1, 1, 1, 1, 
1, 1, 1, 1, 1, 1, 1, 1, 1, 1, 1, 1, 1, 1, 1, 1, 6.481, 6.754, 
7.483, 8.001, 8.876, 10.426, 10.736, 13.199, 13.828, 15.252, 
18.323), .Dim = c(11L, 40L), .Dimnames = list(NULL, c("Sampling", 
"PSO.cost", "PSO.gamma", "PSO.data.balancing", "PSO.feature.selection", 
"PSO.valid.acc", "PSO.test.acc", "PSO.train.time", "PSO.n.support.vectors", 
"PSO.index", "PSO.n.solutions", "PSO.generations", "PSO.n.evaluations", 
"PSO.cpu.time", "RS.cost", "RS.gamma", "RS.data.balancing", "RS.feature.selection", 
"RS.valid.acc", "RS.test.acc", "RS.train.time", "RS.n.support.vectors", 
"RS.index", "RS.n.solutions", "RS.generations", "RS.n.evaluations", 
"RS.cpu.time", "DF.cost", "DF.gamma", "DF.data.balancing", "DF.feature.selection", 
"DF.valid.acc", "DF.test.acc", "DF.train.time", "DF.n.support.vectors", 
"DF.index", "DF.n.solutions", "DF.generations", "DF.n.evaluations", 
"DF.cpu.time")))
