full <-
structure(c(50, 55, 60, 65, 70, 75, 80, 85, 90, 95, 100, 15, 
14.99769, 15, 14.98161, 11.20066, 15, 14.8558, 15, 15, 14.97681, 
14.84958, -6.37839, -8.93112, -13.32637, -6.94721, -7.32856, 
-8.62845, -8.2784, -7.14627, -7.61702, -6.82355, -12.60088, 0, 
0, 0, 0, 0, 0, 0, 0, 0, 0, 0, 0, 0, 0, 0, 0, 0, 0, 0, 0, 0, 0, 
0.98058, 0.98087, 0.98111, 0.98258, 0.98458, 0.97949, 0.9801, 
0.98285, 0.9823, 0.98267, 0.9822, 0.97626, 0.9789, 0.97976, 0.98009, 
0.97996, 0.97985, 0.97908, 0.98063, 0.9793, 0.97897, 0.98085, 
0.1906, 0.2516, 0.2669, 0.2851, 0.2907, 0.3828, 0.4439, 0.5036, 
0.5986, 0.5797, 0.7554, 69.5, 71.3, 118, 76.3, 110.7, 96.8, 101.8, 
102.4, 105.9, 102.7, 195, 170, 911, 141, 145, 568, 479, 224, 
311, 268, 787, 295, 371, 201, 280, 934, 86, 17, 609, 511, 260, 
384, 15, 100, 100, 100, 100, 100, 100, 100, 100, 100, 100, 100, 
2500, 2500, 2500, 2500, 2500, 2500, 2500, 2500, 2500, 2500, 2500, 
12255.568, 13156.843, 13655.049, 14216.468, 14527.277, 17331.542, 
18665.196, 19989.505, 21589.205, 23259.278, 27012.965, 14.76209, 
14.92322, 14.91412, 10.97409, 11.41128, 13.72346, 14.56281, 14.77371, 
14.70256, 14.13377, 14.99285, -6.41899, -8.86351, -13.2802, -7.0586, 
-7.49421, -10.47042, -8.08738, -7.05503, -7.477, -6.88002, -12.91303, 
0, 0, 0, 0, 0, 0, 0, 0, 0, 0, 0, 0, 0, 0, 0, 0, 0, 0, 0, 0, 0, 
0, 0.98004, 0.98038, 0.98111, 0.98258, 0.98419, 0.97913, 0.97976, 
0.9819, 0.982, 0.9821, 0.98139, 0.97626, 0.9789, 0.97976, 0.98175, 
0.98034, 0.97841, 0.97976, 0.98127, 0.979, 0.97925, 0.98058, 
0.1988, 0.2463, 0.2738, 0.2553, 0.278, 0.4069, 0.4257, 0.4815, 
0.5224, 0.5922, 0.7276, 70.5, 72, 118.8, 107.7, 109.8, 139.4, 
102.3, 103.4, 106.3, 108.4, 197.8, 1241, 1871, 636, 1123, 516, 
2350, 1926, 481, 844, 910, 1908, 1, 1, 2, 1, 1, 1, 2, 1, 1, 1, 
2, 100, 100, 100, 100, 100, 100, 100, 100, 100, 100, 100, 2500, 
2500, 2500, 2500, 2500, 2500, 2500, 2500, 2500, 2500, 2500, 21543.866, 
24316.158, 25617.776, 28089.197, 32125.09, 36002.621, 39568.771, 
44221.888, 47761.091, 54228.47, 57822.3439999999, 1, 1, 1, 1, 
1, 1, 1, 1, 1, 1, 1, 0.04762, 0.04762, 0.04762, 0.04762, 0.04762, 
0.04762, 0.04762, 0.04762, 0.04762, 0.04762, 0.04762, 0, 0, 0, 
0, 0, 0, 0, 0, 0, 0, 0, 0, 0, 0, 0, 0, 0, 0, 0, 0, 0, 0, 0.94931, 
0.94752, 0.94874, 0.94729, 0.94874, 0.9453, 0.94838, 0.95109, 
0.94872, 0.94941, 0.94904, 0.94931, 0.94851, 0.94874, 0.9477, 
0.94874, 0.94674, 0.94872, 0.95109, 0.94841, 0.94941, 0.94958, 
0.3156, 0.3624, 0.4282, 0.4628, 0.5252, 0.5965, 0.6954, 0.7519, 
0.85, 0.9011, 1.0287, 302.2, 321.9, 342.4, 363.6, 379.7, 407.9, 
424.8, 435.6, 461, 485.4, 507.4, 1, 1, 1, 1, 1, 1, 1, 1, 1, 1, 
1, 1, 1, 1, 1, 1, 1, 1, 1, 1, 1, 1, 1, 1, 1, 1, 1, 1, 1, 1, 1, 
1, 1, 1, 1, 1, 1, 1, 1, 1, 1, 1, 1, 1, 6.108, 6.51, 7.304, 7.536, 
7.974, 8.774, 10.089, 10.661, 11.87, 12.467, 13.831), .Dim = c(11L, 
40L), .Dimnames = list(NULL, c("Sampling", "PSO.cost", "PSO.gamma", 
"PSO.data.balancing", "PSO.feature.selection", "PSO.valid.acc", 
"PSO.test.acc", "PSO.train.time", "PSO.n.support.vectors", "PSO.index", 
"PSO.n.solutions", "PSO.generations", "PSO.n.evaluations", "PSO.cpu.time", 
"RS.cost", "RS.gamma", "RS.data.balancing", "RS.feature.selection", 
"RS.valid.acc", "RS.test.acc", "RS.train.time", "RS.n.support.vectors", 
"RS.index", "RS.n.solutions", "RS.generations", "RS.n.evaluations", 
"RS.cpu.time", "DF.cost", "DF.gamma", "DF.data.balancing", "DF.feature.selection", 
"DF.valid.acc", "DF.test.acc", "DF.train.time", "DF.n.support.vectors", 
"DF.index", "DF.n.solutions", "DF.generations", "DF.n.evaluations", 
"DF.cpu.time")))
