full <-
structure(c(50, 55, 60, 65, 70, 75, 80, 85, 90, 95, 100, 14.9966, 
13.75299, 14.84395, 14.94295, 14.9643, 15, 14.3906, 14.9938, 
15, 14.99405, 14.84631, -10.56471, -10.2547, -13.03291, -7.5346, 
-12.19448, -12.45881, -10.3047, -11.74104, -12.58211, -12.84015, 
-10.08467, 0, 0, 0, 0, 0, 0, 0, 0, 0, 0, 0, 0, 0, 0, 0, 0, 0, 
0, 0, 0, 0, 0, 0.9822, 0.97939, 0.98157, 0.97759, 0.98034, 0.98057, 
0.98076, 0.98031, 0.9829, 0.98266, 0.98328, 0.98058, 0.97645, 
0.97797, 0.97634, 0.97802, 0.97841, 0.97908, 0.97968, 0.9826, 
0.97925, 0.98086, 0.231, 0.2544, 0.3093, 0.3425, 0.3937, 0.4747, 
0.5634, 0.6882, 0.6587, 0.7041, 0.9204, 84.5, 102, 131.1, 81.3, 
133.8, 144.4, 135.5, 153.5, 166.9, 180.9, 150.4, 630, 852, 193, 
932, 570, 1515, 568, 917, 811, 2305, 1607, 141, 65, 617, 54, 
9, 50, 127, 4, 12, 1, 10, 100, 100, 100, 100, 100, 100, 100, 
100, 100, 100, 100, 2500, 2500, 2500, 2500, 2500, 2500, 2500, 
2500, 2500, 2500, 2500, 13575.3, 14373.104, 15626.108, 16928.483, 
21139.833, 26481.169, 27750.783, 28974.327, 28352.733, 31253.635, 
33691.865, 13.79986, 13.54417, 14.37317, 14.66602, 14.63882, 
11.63054, 14.90663, 13.21068, 14.91481, 12.70576, 14.82742, -10.09575, 
-10.16673, -12.84724, -13.02462, -11.23068, -5.9289, -11.0676, 
-11.28967, -12.16649, -8.5507, -9.95345, 0, 0, 0, 0, 0, 0, 0, 
0, 0, 0, 0, 0, 0, 0, 0, 0, 0, 0, 0, 0, 0, 0, 0.98167, 0.9789, 
0.98067, 0.97716, 0.97919, 0.98057, 0.98042, 0.97968, 0.9811, 
0.98238, 0.98247, 0.97843, 0.97645, 0.97842, 0.97716, 0.97842, 
0.97661, 0.9784, 0.97809, 0.9829, 0.97954, 0.9814, 0.2186, 0.2474, 
0.296, 0.3588, 0.4134, 0.3561, 0.5487, 0.5853, 0.6491, 0.5676, 
0.8942, 90.9, 103.1, 135.7, 143.5, 127.5, 109.7, 141.4, 171.5, 
162.9, 140.9, 148.6, 550, 264, 1641, 1067, 308, 821, 1702, 1613, 
835, 1718, 1105, 1, 1, 5, 1, 5, 1, 1, 2, 1, 1, 2, 100, 100, 100, 
100, 100, 100, 100, 100, 100, 100, 100, 2500, 2500, 2500, 2500, 
2500, 2500, 2500, 2500, 2500, 2500, 2500, 21647.309, 24847.773, 
27316.763, 29619.924, 38362.114, 43571.272, 47119.565, 50352.836, 
53737.666, 59108.14, 67698.791, 1, 1, 1, 1, 1, 1, 1, 1, 1, 1, 
1, 0.04762, 0.04762, 0.04762, 0.04762, 0.04762, 0.04762, 0.04762, 
0.04762, 0.04762, 0.04762, 0.04762, 0, 0, 0, 0, 0, 0, 0, 0, 0, 
0, 0, 0, 0, 0, 0, 0, 0, 0, 0, 0, 0, 0, 0.94391, 0.94506, 0.9438, 
0.94313, 0.94526, 0.94531, 0.94636, 0.94792, 0.94871, 0.94828, 
0.94932, 0.94283, 0.9431, 0.94425, 0.94396, 0.94564, 0.94531, 
0.94704, 0.94856, 0.94961, 0.94971, 0.94959, 0.3372, 0.3947, 
0.4537, 0.5162, 0.613, 0.6968, 0.7855, 0.8323, 0.8953, 1.0293, 
1.065, 304.8, 324.2, 355.5, 377.3, 403, 425.5, 445, 458.9, 475.7, 
495.1, 509.3, 1, 1, 1, 1, 1, 1, 1, 1, 1, 1, 1, 1, 1, 1, 1, 1, 
1, 1, 1, 1, 1, 1, 1, 1, 1, 1, 1, 1, 1, 1, 1, 1, 1, 1, 1, 1, 1, 
1, 1, 1, 1, 1, 1, 1, 6.613, 7.246, 7.587, 8.606, 11.162, 12.606, 
13.296, 13.178, 14.134, 15.866, 15.578), .Dim = c(11L, 40L), .Dimnames = list(
    NULL, c("Sampling", "PSO.cost", "PSO.gamma", "PSO.data.balancing", 
    "PSO.feature.selection", "PSO.valid.acc", "PSO.test.acc", 
    "PSO.train.time", "PSO.n.support.vectors", "PSO.index", "PSO.n.solutions", 
    "PSO.generations", "PSO.n.evaluations", "PSO.cpu.time", "RS.cost", 
    "RS.gamma", "RS.data.balancing", "RS.feature.selection", 
    "RS.valid.acc", "RS.test.acc", "RS.train.time", "RS.n.support.vectors", 
    "RS.index", "RS.n.solutions", "RS.generations", "RS.n.evaluations", 
    "RS.cpu.time", "DF.cost", "DF.gamma", "DF.data.balancing", 
    "DF.feature.selection", "DF.valid.acc", "DF.test.acc", "DF.train.time", 
    "DF.n.support.vectors", "DF.index", "DF.n.solutions", "DF.generations", 
    "DF.n.evaluations", "DF.cpu.time")))
