full <-
structure(c(50, 55, 60, 65, 70, 75, 80, 85, 90, 95, 100, -0.90931, 
14.6757, 3.25976, 1.03365, 4.58232, 1.18402, 4.72582, 6.96262, 
13.48579, 7.48227, 5.52525, -4.11028, -14.93663, -10.89167, -6.20845, 
-11.26687, -9.01874, -8.22577, -10.21482, -11.64318, -14.47671, 
-13.56042, 0, 0, 0, 0, 0, 0, 0, 0, 0, 0, 0, 0, 0, 0, 0, 0, 0, 
0, 0, 0, 0, 0, 0.87024, 0.84581, 0.84244, 0.82702, 0.83582, 0.82819, 
0.83062, 0.82856, 0.85011, 0.83633, 0.83987, 0.84262, 0.84471, 
0.84212, 0.81202, 0.82106, 0.82819, 0.80924, 0.81194, 0.84612, 
0.8399, 0.83654, 0.0176, 0.0185, 0.0176, 0.0218, 0.0218, 0.0233, 
0.0232, 0.0253, 0.0434, 0.0285, 0.0317, 69.3, 45.8, 82.4, 73.8, 
84.3, 106.4, 80.6, 82.2, 86.4, 112.5, 132.5, 1157, 15, 87, 377, 
103, 175, 169, 10, 1758, 65, 204, 132, 1929, 476, 95, 124, 250, 
78, 222, 1, 307, 127, 100, 100, 100, 100, 100, 100, 100, 100, 
100, 100, 100, 2500, 2500, 2500, 2500, 2500, 2500, 2500, 2500, 
2500, 2500, 2500, 7323.46, 6996.881, 7045.004, 9270.028, 9245.91700000001, 
9310.23999999999, 9514.71799999999, 9564.788, 9755.70499999999, 
9619.935, 9682.46899999998, -1.03719, -0.79549, 7.35595, 1.01747, 
7.29301, 0.27201, 0.56045, 7.3005, 4.19484, 4.88319, 6.13491, 
-4.25368, -5.60713, -13.82807, -6.43778, -14.0262, -8.29387, 
-3.82463, -10.60764, -5.60524, -5.09268, -13.32349, 0, 0, 0, 
0, 0, 0, 0, 0, 0, 0, 0, 0, 0, 0, 0, 0, 0, 0, 0, 0, 0, 0, 0.86357, 
0.85096, 0.84244, 0.82702, 0.83582, 0.82819, 0.8346, 0.82856, 
0.84995, 0.83645, 0.83665, 0.84262, 0.85684, 0.84212, 0.81702, 
0.82106, 0.82819, 0.81322, 0.81594, 0.84967, 0.82906, 0.82987, 
0.017, 0.018, 0.0177, 0.0213, 0.0222, 0.0234, 0.0268, 0.0255, 
0.0288, 0.0317, 0.0303, 68.9, 71.4, 70.4, 74.6, 84.7, 110.5, 
103.3, 82.4, 95.2, 101.9, 117.6, 24, 1321, 81, 82, 577, 485, 
276, 2489, 817, 1280, 86, 3, 3, 66, 22, 15, 4, 1, 1, 2, 1, 6, 
100, 100, 100, 100, 100, 100, 100, 100, 100, 100, 100, 2500, 
2500, 2500, 2500, 2500, 2500, 2500, 2500, 2500, 2500, 2500, 6985.658, 
7055.387, 9246.681, 9450.604, 9339.264, 9444.523, 9672.493, 9742.571, 
9827.07699999999, 9880.62899999999, 9899.54399999999, 1, 1, 1, 
1, 1, 1, 1, 1, 1, 1, 1, 0.07692, 0.07692, 0.07692, 0.07692, 0.07692, 
0.07692, 0.07692, 0.07692, 0.07692, 0.07692, 0.07692, 0, 0, 0, 
0, 0, 0, 0, 0, 0, 0, 0, 0, 0, 0, 0, 0, 0, 0, 0, 0, 0, 0, 0.83595, 
0.82007, 0.81401, 0.81591, 0.80247, 0.8104, 0.80924, 0.81191, 
0.82759, 0.82562, 0.81951, 0.83548, 0.83221, 0.83689, 0.81173, 
0.81199, 0.80585, 0.81757, 0.80776, 0.82745, 0.81847, 0.81296, 
0.0159, 0.0169, 0.0198, 0.0213, 0.0225, 0.0234, 0.0264, 0.0275, 
0.0287, 0.0302, 0.0304, 69, 75.1, 82.6, 90.9, 95.1, 103.3, 107, 
112.3, 117.9, 121, 126, 1, 1, 1, 1, 1, 1, 1, 1, 1, 1, 1, 1, 1, 
1, 1, 1, 1, 1, 1, 1, 1, 1, 1, 1, 1, 1, 1, 1, 1, 1, 1, 1, 1, 1, 
1, 1, 1, 1, 1, 1, 1, 1, 1, 1, 2.745, 2.772, 3.554, 3.532, 3.576, 
3.569, 3.78, 3.793, 3.833, 3.866, 3.837), .Dim = c(11L, 40L), .Dimnames = list(
    NULL, c("Sampling", "PSO.cost", "PSO.gamma", "PSO.data.balancing", 
    "PSO.feature.selection", "PSO.valid.acc", "PSO.test.acc", 
    "PSO.train.time", "PSO.n.support.vectors", "PSO.index", "PSO.n.solutions", 
    "PSO.generations", "PSO.n.evaluations", "PSO.cpu.time", "RS.cost", 
    "RS.gamma", "RS.data.balancing", "RS.feature.selection", 
    "RS.valid.acc", "RS.test.acc", "RS.train.time", "RS.n.support.vectors", 
    "RS.index", "RS.n.solutions", "RS.generations", "RS.n.evaluations", 
    "RS.cpu.time", "DF.cost", "DF.gamma", "DF.data.balancing", 
    "DF.feature.selection", "DF.valid.acc", "DF.test.acc", "DF.train.time", 
    "DF.n.support.vectors", "DF.index", "DF.n.solutions", "DF.generations", 
    "DF.n.evaluations", "DF.cpu.time")))
