full <-
structure(c(50, 55, 60, 65, 70, 75, 80, 85, 90, 95, 100, 15, 
1.53268, 7.8907, 2.32073, 1.74867, 6.20822, 6.62502, 4.46288, 
2.28109, 1.82099, 10.594, -14.57953, -7.64013, -15, -8.71694, 
-4.27298, -14.73937, -15, -6.02879, -10.41194, -8.59748, -9.98039, 
0, 0, 0, 0, 0, 0, 0, 0, 0, 0, 0, 0, 0, 0, 0, 0, 0, 0, 0, 0, 0, 
0, 0.84363, 0.85873, 0.85865, 0.84409, 0.84916, 0.82826, 0.83859, 
0.84431, 0.83058, 0.8396, 0.84553, 0.81601, 0.83409, 0.84754, 
0.83357, 0.8337, 0.82826, 0.83424, 0.80462, 0.82274, 0.81128, 
0.82851, 0.0204, 0.019, 0.0185, 0.0205, 0.0227, 0.0253, 0.0249, 
0.0255, 0.0284, 0.0257, 0.0361, 42.5, 64.6, 75.5, 76, 81.8, 117.6, 
121.2, 87.1, 129.1, 111.2, 93.2, 436, 152, 33, 80, 635, 187, 
275, 461, 148, 196, 1150, 473, 311, 134, 185, 181, 72, 78, 147, 
102, 127, 11, 100, 100, 100, 100, 100, 100, 100, 100, 100, 100, 
100, 2500, 2500, 2500, 2500, 2500, 2500, 2500, 2500, 2500, 2500, 
2500, 8240.247, 8212.089, 8454.599, 8497.104, 8629.976, 8674.01700000001, 
8605.239, 8695.16100000001, 8602.18000000002, 8561.57000000001, 
8815.82399999999, 2.01709, 1.60378, 2.58635, -0.51059, 1.81527, 
-0.74791, 3.97801, 4.24372, 3.0587, 4.89597, 12.94859, -4.17745, 
-7.78096, -9.61184, -4.65492, -4.42064, -6.29587, -12.3138, -5.88644, 
-11.18487, -11.83979, -11.19693, 0, 0, 0, 0, 0, 0, 0, 0, 0, 0, 
0, 0, 0, 0, 0, 0, 0, 0, 0, 0, 0, 0, 0.84405, 0.85873, 0.85865, 
0.84909, 0.84439, 0.83281, 0.83859, 0.84431, 0.83058, 0.8396, 
0.84553, 0.85565, 0.83409, 0.8531, 0.83301, 0.8337, 0.82372, 
0.82989, 0.80462, 0.82274, 0.81115, 0.82851, 0.0165, 0.0185, 
0.0188, 0.0213, 0.0221, 0.0219, 0.0232, 0.0251, 0.0253, 0.0269, 
0.0448, 62.5, 65.3, 75.5, 82.7, 80.4, 100.7, 120.2, 87.5, 128.6, 
111.4, 93, 952, 333, 62, 1426, 1226, 1671, 1258, 176, 497, 1535, 
1432, 1, 4, 14, 1, 1, 1, 2, 2, 2, 3, 1, 100, 100, 100, 100, 100, 
100, 100, 100, 100, 100, 100, 2500, 2500, 2500, 2500, 2500, 2500, 
2500, 2500, 2500, 2500, 2500, 8246.932, 8259.803, 8495.486, 8635.463, 
8730.321, 8730.307, 8726.399, 8758.174, 8736.014, 8790.23499999999, 
8864.34599999999, 1, 1, 1, 1, 1, 1, 1, 1, 1, 1, 1, 0.07692, 0.07692, 
0.07692, 0.07692, 0.07692, 0.07692, 0.07692, 0.07692, 0.07692, 
0.07692, 0.07692, 0, 0, 0, 0, 0, 0, 0, 0, 0, 0, 0, 0, 0, 0, 0, 
0, 0, 0, 0, 0, 0, 0, 0.8031, 0.82748, 0.81225, 0.83301, 0.82937, 
0.80988, 0.82971, 0.82831, 0.81517, 0.81842, 0.8178, 0.84268, 
0.81377, 0.82339, 0.8269, 0.82916, 0.81482, 0.83388, 0.81262, 
0.81902, 0.82595, 0.81447, 0.0183, 0.0194, 0.0192, 0.0212, 0.0207, 
0.0233, 0.0256, 0.0265, 0.0266, 0.0294, 0.0276, 73, 75.2, 80.5, 
87.3, 93.7, 99.6, 103.9, 111.3, 119.6, 122.2, 126.1, 1, 1, 1, 
1, 1, 1, 1, 1, 1, 1, 1, 1, 1, 1, 1, 1, 1, 1, 1, 1, 1, 1, 1, 1, 
1, 1, 1, 1, 1, 1, 1, 1, 1, 1, 1, 1, 1, 1, 1, 1, 1, 1, 1, 1, 3.221, 
3.284, 3.388, 3.432, 3.448, 3.433, 3.435, 3.459, 3.421, 3.426, 
3.428), .Dim = c(11L, 40L), .Dimnames = list(NULL, c("Sampling", 
"PSO.cost", "PSO.gamma", "PSO.data.balancing", "PSO.feature.selection", 
"PSO.valid.acc", "PSO.test.acc", "PSO.train.time", "PSO.n.support.vectors", 
"PSO.index", "PSO.n.solutions", "PSO.generations", "PSO.n.evaluations", 
"PSO.cpu.time", "RS.cost", "RS.gamma", "RS.data.balancing", "RS.feature.selection", 
"RS.valid.acc", "RS.test.acc", "RS.train.time", "RS.n.support.vectors", 
"RS.index", "RS.n.solutions", "RS.generations", "RS.n.evaluations", 
"RS.cpu.time", "DF.cost", "DF.gamma", "DF.data.balancing", "DF.feature.selection", 
"DF.valid.acc", "DF.test.acc", "DF.train.time", "DF.n.support.vectors", 
"DF.index", "DF.n.solutions", "DF.generations", "DF.n.evaluations", 
"DF.cpu.time")))
