full <-
structure(c(50, 55, 60, 65, 70, 75, 80, 85, 90, 95, 100, 6.53738, 
5.44534, 4.94094, 1.77751, 12.56507, 13.76485, 4.1514, 2.48043, 
1.14405, 2.19267, 1.05728, -14.311, -6.65478, -13.05059, -8.36203, 
-15, -13.77651, -11.24186, -8.76961, -3.75647, -5.84579, -4.77502, 
0, 0, 0, 0, 0, 0, 0, 0, 0, 0, 0, 0, 0, 0, 0, 0, 0, 0, 0, 0, 0, 
0, 0.85881, 0.84076, 0.82434, 0.8386, 0.83929, 0.84279, 0.83035, 
0.84046, 0.85356, 0.84358, 0.84006, 0.84452, 0.80243, 0.81352, 
0.82804, 0.82429, 0.83327, 0.8175, 0.83262, 0.8235, 0.83273, 
0.81257, 0.0168, 0.0166, 0.0188, 0.0212, 0.0222, 0.0268, 0.0245, 
0.0251, 0.0263, 0.0278, 0.0277, 74.7, 60.9, 92.1, 81.9, 65.7, 
68.8, 98.6, 93.8, 113.6, 101.5, 108.6, 119, 33, 295, 956, 1653, 
333, 45, 43, 377, 214, 39, 41, 696, 26, 59, 10, 144, 110, 154, 
414, 490, 92, 100, 100, 100, 100, 100, 100, 100, 100, 100, 100, 
100, 2500, 2500, 2500, 2500, 2500, 2500, 2500, 2500, 2500, 2500, 
2500, 6536.152, 6522.827, 7003.114, 9156.98, 9177.66, 9260.988, 
9216.70599999999, 9241.68399999999, 8684.68400000001, 8720.48599999998, 
8773.826, 6.27957, 5.24867, 6.3659, 1.8015, 11.62566, 14.45181, 
-0.28946, 8.13223, 1.05161, 2.13231, 5.25863, -14.03587, -6.35142, 
-14.49323, -8.41791, -14.52438, -14.16807, -6.45488, -14.43345, 
-3.71901, -5.76497, -13.82605, 0, 0, 0, 0, 0, 0, 0, 0, 0, 0, 
0, 0, 0, 0, 0, 0, 0, 0, 0, 0, 0, 0, 0.85881, 0.84076, 0.82434, 
0.8386, 0.83429, 0.84279, 0.83035, 0.84046, 0.85356, 0.84358, 
0.83959, 0.84452, 0.79659, 0.81907, 0.82804, 0.82905, 0.8469, 
0.8175, 0.82862, 0.8235, 0.83273, 0.82935, 0.0169, 0.0187, 0.0217, 
0.0214, 0.0217, 0.0276, 0.0251, 0.0239, 0.0266, 0.0281, 0.0293, 
74.6, 61.9, 92.3, 82, 66.7, 68.6, 100.4, 92.7, 114.7, 102.1, 
144.6, 207, 143, 932, 680, 189, 598, 42, 559, 2314, 2094, 307, 
3, 8, 4, 2, 8, 2, 18, 4, 1, 2, 3, 100, 100, 100, 100, 100, 100, 
100, 100, 100, 100, 100, 2500, 2500, 2500, 2500, 2500, 2500, 
2500, 2500, 2500, 2500, 2500, 6621.218, 6782.707, 9206.609, 9237.726, 
9278.36, 9331.71800000001, 9343.427, 8992.34599999999, 8836.53700000001, 
9034.19399999999, 8881.50899999999, 1, 1, 1, 1, 1, 1, 1, 1, 1, 
1, 1, 0.07692, 0.07692, 0.07692, 0.07692, 0.07692, 0.07692, 0.07692, 
0.07692, 0.07692, 0.07692, 0.07692, 0, 0, 0, 0, 0, 0, 0, 0, 0, 
0, 0, 0, 0, 0, 0, 0, 0, 0, 0, 0, 0, 0, 0.81595, 0.78924, 0.78966, 
0.80699, 0.79071, 0.8008, 0.80462, 0.80477, 0.8349, 0.82226, 
0.83672, 0.80167, 0.80211, 0.77329, 0.81699, 0.80476, 0.81465, 
0.77855, 0.80462, 0.81966, 0.81844, 0.80603, 0.0169, 0.0198, 
0.0209, 0.0217, 0.0233, 0.0248, 0.0254, 0.0254, 0.0273, 0.0301, 
0.0312, 69.7, 82.8, 86.1, 93, 97.2, 102.9, 107.5, 112.7, 116.9, 
123.4, 125.2, 1, 1, 1, 1, 1, 1, 1, 1, 1, 1, 1, 1, 1, 1, 1, 1, 
1, 1, 1, 1, 1, 1, 1, 1, 1, 1, 1, 1, 1, 1, 1, 1, 1, 1, 1, 1, 1, 
1, 1, 1, 1, 1, 1, 1, 2.68, 2.705, 3.639, 3.632, 3.704, 3.691, 
3.687, 3.383, 3.468, 3.663, 3.654), .Dim = c(11L, 40L), .Dimnames = list(
    NULL, c("Sampling", "PSO.cost", "PSO.gamma", "PSO.data.balancing", 
    "PSO.feature.selection", "PSO.valid.acc", "PSO.test.acc", 
    "PSO.train.time", "PSO.n.support.vectors", "PSO.index", "PSO.n.solutions", 
    "PSO.generations", "PSO.n.evaluations", "PSO.cpu.time", "RS.cost", 
    "RS.gamma", "RS.data.balancing", "RS.feature.selection", 
    "RS.valid.acc", "RS.test.acc", "RS.train.time", "RS.n.support.vectors", 
    "RS.index", "RS.n.solutions", "RS.generations", "RS.n.evaluations", 
    "RS.cpu.time", "DF.cost", "DF.gamma", "DF.data.balancing", 
    "DF.feature.selection", "DF.valid.acc", "DF.test.acc", "DF.train.time", 
    "DF.n.support.vectors", "DF.index", "DF.n.solutions", "DF.generations", 
    "DF.n.evaluations", "DF.cpu.time")))
