full <-
structure(c(50, 55, 60, 65, 70, 75, 80, 85, 90, 95, 100, 3.85881, 
0.4408, 2.74659, 5.78362, 1.97327, 0.47718, 3.57207, 4.70754, 
4.08093, 2.79935, 7.65971, -11.79803, -7.78165, -8.78394, -14.10371, 
-3.83908, -8.63051, -11.68818, -6.68987, -10.93563, -4.1883, 
-7.81391, 0, 0, 0, 0, 0, 0, 0, 0, 0, 0, 0, 0, 0, 0, 0, 0, 0, 
0, 0, 0, 0, 0, 0.84095, 0.83775, 0.82372, 0.84307, 0.86106, 0.84684, 
0.83874, 0.8364, 0.8461, 0.8442, 0.83979, 0.83429, 0.83775, 0.81878, 
0.83281, 0.83199, 0.82866, 0.83022, 0.8324, 0.8498, 0.82277, 
0.82967, 0.02, 0.0174, 0.0183, 0.0197, 0.0217, 0.0246, 0.0255, 
0.026, 0.024, 0.0279, 0.0331, 77.8, 76, 68.1, 99.7, 83.8, 110.6, 
114.1, 84.5, 105.1, 112.2, 95.3, 19, 7, 28, 190, 1009, 742, 28, 
296, 50, 1019, 794, 137, 368, 302, 102, 46, 32, 447, 271, 383, 
73, 65, 100, 100, 100, 100, 100, 100, 100, 100, 100, 100, 100, 
2500, 2500, 2500, 2500, 2500, 2500, 2500, 2500, 2500, 2500, 2500, 
8158.226, 7987.631, 8226.452, 8513.737, 8656.053, 8639.50599999999, 
8649.71100000001, 8653.56199999999, 8583.15700000001, 8602.93799999999, 
8815.45999999999, 5.91144, 0.75752, 7.60587, 2.84925, 1.82038, 
1.64933, 5.84244, 5.0324, 5.7121, 3.05567, 7.56673, -13.78607, 
-8.16447, -13.7622, -11.13143, -3.79516, -9.8846, -5.95746, -6.94341, 
-12.52667, -4.3408, -7.76855, 0, 0, 0, 0, 0, 0, 0, 0, 0, 0, 0, 
0, 0, 0, 0, 0, 0, 0, 0, 0, 0, 0, 0.84095, 0.83775, 0.82372, 0.84307, 
0.8563, 0.84684, 0.84307, 0.8364, 0.8461, 0.84063, 0.83979, 0.83381, 
0.83775, 0.81878, 0.83281, 0.82223, 0.82866, 0.81806, 0.8324, 
0.8461, 0.82277, 0.82967, 0.0178, 0.0187, 0.0189, 0.0207, 0.021, 
0.0225, 0.0252, 0.0247, 0.0268, 0.03, 0.0295, 76.9, 76, 68.3, 
99.5, 84.6, 111, 80.1, 83.5, 104.5, 110.3, 95.3, 263, 53, 300, 
640, 1256, 2121, 1584, 1378, 136, 1764, 1181, 10, 51, 22, 3, 
1, 1, 1, 1, 32, 1, 1, 100, 100, 100, 100, 100, 100, 100, 100, 
100, 100, 100, 2500, 2500, 2500, 2500, 2500, 2500, 2500, 2500, 
2500, 2500, 2500, 7983.913, 8198.365, 8394.566, 8673.88800000001, 
8673.247, 8732.061, 8770.50599999999, 8746.05100000001, 8736.84700000001, 
8798.883, 8947.50200000001, 1, 1, 1, 1, 1, 1, 1, 1, 1, 1, 1, 
0.07692, 0.07692, 0.07692, 0.07692, 0.07692, 0.07692, 0.07692, 
0.07692, 0.07692, 0.07692, 0.07692, 0, 0, 0, 0, 0, 0, 0, 0, 0, 
0, 0, 0, 0, 0, 0, 0, 0, 0, 0, 0, 0, 0, 0.81381, 0.80561, 0.78414, 
0.79067, 0.82199, 0.83281, 0.80918, 0.80038, 0.81973, 0.82277, 
0.8192, 0.80714, 0.80051, 0.78443, 0.80649, 0.80654, 0.833, 0.8257, 
0.82023, 0.81603, 0.81538, 0.81587, 0.0184, 0.0198, 0.0204, 0.0214, 
0.0219, 0.0235, 0.0242, 0.0254, 0.0267, 0.0272, 0.0302, 71, 76.1, 
81.8, 86.1, 91.4, 101, 105.5, 111.8, 116, 123.3, 126.7, 1, 1, 
1, 1, 1, 1, 1, 1, 1, 1, 1, 1, 1, 1, 1, 1, 1, 1, 1, 1, 1, 1, 1, 
1, 1, 1, 1, 1, 1, 1, 1, 1, 1, 1, 1, 1, 1, 1, 1, 1, 1, 1, 1, 1, 
3.125, 3.391, 3.356, 3.416, 3.44, 3.458, 3.443, 3.437, 3.389, 
3.489, 3.418), .Dim = c(11L, 40L), .Dimnames = list(NULL, c("Sampling", 
"PSO.cost", "PSO.gamma", "PSO.data.balancing", "PSO.feature.selection", 
"PSO.valid.acc", "PSO.test.acc", "PSO.train.time", "PSO.n.support.vectors", 
"PSO.index", "PSO.n.solutions", "PSO.generations", "PSO.n.evaluations", 
"PSO.cpu.time", "RS.cost", "RS.gamma", "RS.data.balancing", "RS.feature.selection", 
"RS.valid.acc", "RS.test.acc", "RS.train.time", "RS.n.support.vectors", 
"RS.index", "RS.n.solutions", "RS.generations", "RS.n.evaluations", 
"RS.cpu.time", "DF.cost", "DF.gamma", "DF.data.balancing", "DF.feature.selection", 
"DF.valid.acc", "DF.test.acc", "DF.train.time", "DF.n.support.vectors", 
"DF.index", "DF.n.solutions", "DF.generations", "DF.n.evaluations", 
"DF.cpu.time")))
