full <-
structure(c(50, 55, 60, 65, 70, 75, 80, 85, 90, 95, 100, 4.8451, 
8.7112, 15, 0.58702, -0.15683, 1.17632, 3.10927, 4.51987, 5.42539, 
6.38731, 15, -9.22623, -9.77808, -14.89883, -2.73892, -2.77657, 
-8.50114, -11.52289, -11.80359, -7.51546, -7.72147, -13.06967, 
0, 0, 0, 0, 0, 0, 0, 0, 0, 0, 0, 0, 0, 0, 0, 0, 0, 0, 0, 0, 0, 
0, 0.83619, 0.83882, 0.84673, 0.86421, 0.84929, 0.83219, 0.83098, 
0.84051, 0.83903, 0.84692, 0.84312, 0.83619, 0.83882, 0.81275, 
0.81684, 0.84952, 0.82308, 0.82246, 0.84019, 0.82407, 0.83645, 
0.81562, 0.019, 0.0188, 0.0211, 0.0247, 0.0274, 0.0228, 0.0253, 
0.025, 0.0245, 0.0297, 0.0473, 51.5, 48, 51.2, 104.7, 112.4, 
97.1, 117.2, 103.7, 85.2, 90.1, 91.1, 358, 2, 169, 284, 1279, 
604, 113, 110, 663, 93, 105, 217, 333, 56, 386, 54, 172, 193, 
154, 34, 258, 148, 100, 100, 100, 100, 100, 100, 100, 100, 100, 
100, 100, 2500, 2500, 2500, 2500, 2500, 2500, 2500, 2500, 2500, 
2500, 2500, 8202.804, 8195.479, 8452.895, 8510.423, 8583.65699999999, 
8557.34600000001, 8647.401, 8650.031, 8628.42199999999, 9127.348, 
9000.10800000001, 2.90045, 10.26235, 4.45739, 0.20814, 0.36892, 
0.87263, 6.48732, 3.60959, 1.92931, 12.92677, 3.20498, -5.8111, 
-10.6163, -6.26518, -2.8722, -2.67432, -8.20213, -14.76904, -10.98906, 
-9.1894, -10.62432, -5.21497, 0, 0, 0, 0, 0, 0, 0, 0, 0, 0, 0, 
0, 0, 0, 0, 0, 0, 0, 0, 0, 0, 0, 0.83619, 0.83882, 0.84673, 0.85895, 
0.84476, 0.83219, 0.83098, 0.84051, 0.83889, 0.84692, 0.84609, 
0.80238, 0.83257, 0.83595, 0.83263, 0.83024, 0.82308, 0.81812, 
0.84019, 0.83875, 0.81502, 0.8155, 0.0156, 0.0193, 0.0191, 0.0211, 
0.0248, 0.0238, 0.0243, 0.0252, 0.024, 0.05, 0.0279, 53.8, 47.3, 
60.3, 102.7, 113.9, 97, 114.7, 105.7, 108.6, 88.7, 106.2, 503, 
235, 18, 211, 2126, 2172, 107, 84, 209, 219, 1242, 6, 11, 4, 
2, 1, 1, 12, 7, 4, 16, 1, 100, 100, 100, 100, 100, 100, 100, 
100, 100, 100, 100, 2500, 2500, 2500, 2500, 2500, 2500, 2500, 
2500, 2500, 2500, 2500, 8174.549, 8298.287, 8536.633, 8606.77899999999, 
8664.06299999999, 8731.13500000001, 8798.052, 8798.515, 8893.84400000001, 
8774.93300000002, 8929.693, 1, 1, 1, 1, 1, 1, 1, 1, 1, 1, 1, 
0.07692, 0.07692, 0.07692, 0.07692, 0.07692, 0.07692, 0.07692, 
0.07692, 0.07692, 0.07692, 0.07692, 0, 0, 0, 0, 0, 0, 0, 0, 0, 
0, 0, 0, 0, 0, 0, 0, 0, 0, 0, 0, 0, 0, 0.82286, 0.81346, 0.8183, 
0.83289, 0.82024, 0.80507, 0.80996, 0.80479, 0.82407, 0.83276, 
0.8192, 0.83619, 0.81382, 0.84183, 0.81158, 0.81048, 0.82329, 
0.81322, 0.80128, 0.82436, 0.83276, 0.8155, 0.0165, 0.0177, 0.0192, 
0.0218, 0.0224, 0.0226, 0.0234, 0.0254, 0.0275, 0.0292, 0.0301, 
71, 75.1, 83.3, 89.9, 94.2, 99.7, 105.8, 108.5, 112.9, 120.6, 
125.4, 1, 1, 1, 1, 1, 1, 1, 1, 1, 1, 1, 1, 1, 1, 1, 1, 1, 1, 
1, 1, 1, 1, 1, 1, 1, 1, 1, 1, 1, 1, 1, 1, 1, 1, 1, 1, 1, 1, 1, 
1, 1, 1, 1, 1, 2.911, 3.387, 3.285, 3.432, 3.459, 3.408, 3.441, 
3.427, 3.472, 3.45, 3.526), .Dim = c(11L, 40L), .Dimnames = list(
    NULL, c("Sampling", "PSO.cost", "PSO.gamma", "PSO.data.balancing", 
    "PSO.feature.selection", "PSO.valid.acc", "PSO.test.acc", 
    "PSO.train.time", "PSO.n.support.vectors", "PSO.index", "PSO.n.solutions", 
    "PSO.generations", "PSO.n.evaluations", "PSO.cpu.time", "RS.cost", 
    "RS.gamma", "RS.data.balancing", "RS.feature.selection", 
    "RS.valid.acc", "RS.test.acc", "RS.train.time", "RS.n.support.vectors", 
    "RS.index", "RS.n.solutions", "RS.generations", "RS.n.evaluations", 
    "RS.cpu.time", "DF.cost", "DF.gamma", "DF.data.balancing", 
    "DF.feature.selection", "DF.valid.acc", "DF.test.acc", "DF.train.time", 
    "DF.n.support.vectors", "DF.index", "DF.n.solutions", "DF.generations", 
    "DF.n.evaluations", "DF.cpu.time")))
