full <-
structure(c(50, 55, 60, 65, 70, 75, 80, 85, 90, 95, 100, 0.98617, 
5.2389, 3.95357, 14.82417, 8.17258, 4.44264, 6.56505, 5.2773, 
-1.033, 6.57855, 7.6029, -4.36976, -13.80275, -10.89945, -11.40258, 
-8.26354, -5.5774, -9.79842, -6.57028, -4.9789, -6.88888, -8.47099, 
0, 0, 0, 0, 0, 0, 0, 0, 0, 0, 0, 0, 0, 0, 0, 0, 0, 0, 0, 0, 0, 
0, 0.86381, 0.85517, 0.84761, 0.86444, 0.85429, 0.85968, 0.84254, 
0.85262, 0.84214, 0.8399, 0.84648, 0.84238, 0.84892, 0.83153, 
0.84339, 0.84, 0.8415, 0.82985, 0.83646, 0.82334, 0.833, 0.81865, 
0.0168, 0.0188, 0.0188, 0.05, 0.0229, 0.0238, 0.0216, 0.024, 
0.0264, 0.033, 0.0291, 62.4, 89.6, 75.2, 59.3, 64.1, 78.3, 76.7, 
85.4, 111.9, 95.7, 94.1, 1481, 1348, 3, 265, 1414, 572, 370, 
236, 336, 881, 441, 42, 28, 485, 80, 5, 179, 77, 86, 383, 22, 
60, 100, 100, 100, 100, 100, 100, 100, 100, 100, 100, 100, 2500, 
2500, 2500, 2500, 2500, 2500, 2500, 2500, 2500, 2500, 2500, 8265.485, 
8169.511, 8248.87, 8742.478, 8586.63100000001, 8600.917, 8601.81700000001, 
8678.40299999999, 8616.799, 8756.15100000001, 8814.63800000001, 
0.91285, 4.86382, 0.28657, 14.34793, 7.85258, 5.1415, 3.47694, 
7.34701, -1.5427, 7.2287, 8.21158, -4.30793, -11.55809, -7.62696, 
-11.23023, -8.09354, -5.986, -5.46192, -7.57339, -5.21767, -7.17856, 
-8.79808, 0, 0, 0, 0, 0, 0, 0, 0, 0, 0, 0, 0, 0, 0, 0, 0, 0, 
0, 0, 0, 0, 0, 0.86381, 0.8548, 0.84761, 0.85918, 0.85429, 0.85514, 
0.84291, 0.85262, 0.84214, 0.83633, 0.84648, 0.84905, 0.84892, 
0.83091, 0.84839, 0.84, 0.85514, 0.85106, 0.83262, 0.82705, 0.82943, 
0.81865, 0.018, 0.018, 0.0197, 0.0438, 0.0243, 0.0249, 0.0235, 
0.0282, 0.0256, 0.0309, 0.03, 62.6, 68.4, 82.4, 59.5, 64.2, 76, 
85.5, 83.6, 118.8, 95.4, 94.1, 1737, 72, 2, 273, 298, 770, 1265, 
809, 180, 85, 53, 1, 37, 79, 9, 1, 2, 1, 1, 10, 6, 4, 100, 100, 
100, 100, 100, 100, 100, 100, 100, 100, 100, 2500, 2500, 2500, 
2500, 2500, 2500, 2500, 2500, 2500, 2500, 2500, 8155.365, 8227.744, 
8461.977, 8545.929, 8677.59600000001, 8686.196, 8812.633, 8788.60800000001, 
8817.93099999998, 8843.03400000001, 8882.15600000002, 1, 1, 1, 
1, 1, 1, 1, 1, 1, 1, 1, 0.07692, 0.07692, 0.07692, 0.07692, 0.07692, 
0.07692, 0.07692, 0.07692, 0.07692, 0.07692, 0.07692, 0, 0, 0, 
0, 0, 0, 0, 0, 0, 0, 0, 0, 0, 0, 0, 0, 0, 0, 0, 0, 0, 0, 0.85667, 
0.83012, 0.83091, 0.85892, 0.83952, 0.82767, 0.80885, 0.83646, 
0.82347, 0.82586, 0.82602, 0.8281, 0.83794, 0.83617, 0.84892, 
0.83, 0.81423, 0.82153, 0.82846, 0.82362, 0.82931, 0.81901, 0.0186, 
0.0184, 0.0216, 0.0235, 0.0211, 0.0223, 0.0255, 0.0246, 0.0256, 
0.028, 0.0293, 69.7, 75.8, 83.8, 87.6, 94.8, 99.5, 107.1, 112.5, 
115, 122.8, 127, 1, 1, 1, 1, 1, 1, 1, 1, 1, 1, 1, 1, 1, 1, 1, 
1, 1, 1, 1, 1, 1, 1, 1, 1, 1, 1, 1, 1, 1, 1, 1, 1, 1, 1, 1, 1, 
1, 1, 1, 1, 1, 1, 1, 1, 3.24, 3.326, 3.296, 3.626, 3.447, 3.435, 
3.459, 3.429, 3.475, 3.413, 3.477), .Dim = c(11L, 40L), .Dimnames = list(
    NULL, c("Sampling", "PSO.cost", "PSO.gamma", "PSO.data.balancing", 
    "PSO.feature.selection", "PSO.valid.acc", "PSO.test.acc", 
    "PSO.train.time", "PSO.n.support.vectors", "PSO.index", "PSO.n.solutions", 
    "PSO.generations", "PSO.n.evaluations", "PSO.cpu.time", "RS.cost", 
    "RS.gamma", "RS.data.balancing", "RS.feature.selection", 
    "RS.valid.acc", "RS.test.acc", "RS.train.time", "RS.n.support.vectors", 
    "RS.index", "RS.n.solutions", "RS.generations", "RS.n.evaluations", 
    "RS.cpu.time", "DF.cost", "DF.gamma", "DF.data.balancing", 
    "DF.feature.selection", "DF.valid.acc", "DF.test.acc", "DF.train.time", 
    "DF.n.support.vectors", "DF.index", "DF.n.solutions", "DF.generations", 
    "DF.n.evaluations", "DF.cpu.time")))
