full <-
structure(c(50, 55, 60, 65, 70, 75, 80, 85, 90, 95, 100, 2.23704, 
-1.34994, 0.77076, 6.14451, 1.6687, 8.86407, 2.33121, 2.69885, 
5.19723, 4.40058, 5.75122, -9.13567, -6.55444, -9.74565, -15, 
-7.47515, -9.62579, -4.47363, -5.09964, -12.63245, -11.61288, 
-14.37304, 0, 0, 0, 0, 0, 0, 0, 0, 0, 0, 0, 0, 0, 0, 0, 0, 0, 
0, 0, 0, 0, 0, 0.84238, 0.83331, 0.83464, 0.85395, 0.84405, 0.84625, 
0.83966, 0.83677, 0.85, 0.84279, 0.8371, 0.83524, 0.82706, 0.8232, 
0.84839, 0.82429, 0.82826, 0.83984, 0.82877, 0.83134, 0.82504, 
0.83044, 0.0154, 0.018, 0.0203, 0.0211, 0.0224, 0.022, 0.0257, 
0.0238, 0.0252, 0.0271, 0.0308, 68.8, 89.4, 103.9, 108.8, 79.1, 
68.9, 93.8, 93.2, 111.7, 114.6, 146.1, 682, 168, 507, 273, 42, 
441, 354, 1496, 112, 520, 242, 7, 86, 32, 126, 92, 67, 46, 2, 
125, 94, 94, 100, 100, 100, 100, 100, 100, 100, 100, 100, 100, 
100, 2500, 2500, 2500, 2500, 2500, 2500, 2500, 2500, 2500, 2500, 
2500, 7775.421, 8081.767, 8032.046, 8222.90399999999, 8386.78199999999, 
8717.60400000001, 8727.609, 8700.783, 8740.76000000001, 8767.755, 
8789.02299999999, 2.24173, 0.36058, 3.18571, 2.02746, 1.04849, 
11.25164, -0.22017, 0.22031, 2.34418, 7.70307, 5.62554, -9.12695, 
-8.31148, -12.19352, -10.95744, -7.3668, -10.8579, -3.14075, 
-8.07568, -9.85522, -14.88324, -14.25517, 0, 0, 0, 0, 0, 0, 0, 
0, 0, 0, 0, 0, 0, 0, 0, 0, 0, 0, 0, 0, 0, 0, 0.84238, 0.83331, 
0.83464, 0.84868, 0.84405, 0.84625, 0.83966, 0.83662, 0.85, 0.84279, 
0.8371, 0.83524, 0.82081, 0.8232, 0.84313, 0.82905, 0.82826, 
0.81826, 0.82477, 0.83504, 0.82504, 0.83044, 0.0182, 0.0194, 
0.0216, 0.0213, 0.0206, 0.0263, 0.0261, 0.0251, 0.0246, 0.0268, 
0.0289, 68.7, 85.9, 103.5, 109.5, 83.9, 68.7, 120.1, 118, 114, 
113.8, 146.7, 912, 417, 2121, 990, 1272, 1258, 2165, 142, 193, 
1599, 3, 1, 4, 1, 4, 3, 1, 1, 2, 8, 3, 4, 100, 100, 100, 100, 
100, 100, 100, 100, 100, 100, 100, 2500, 2500, 2500, 2500, 2500, 
2500, 2500, 2500, 2500, 2500, 2500, 8201.938, 8078.169, 8060.886, 
8371.293, 8664.11500000001, 8805.39199999999, 8865.077, 8872.649, 
8870.82499999998, 9032.47199999998, 9050.78099999999, 1, 1, 1, 
1, 1, 1, 1, 1, 1, 1, 1, 0.07692, 0.07692, 0.07692, 0.07692, 0.07692, 
0.07692, 0.07692, 0.07692, 0.07692, 0.07692, 0.07692, 0, 0, 0, 
0, 0, 0, 0, 0, 0, 0, 0, 0, 0, 0, 0, 0, 0, 0, 0, 0, 0, 0, 0.78, 
0.78993, 0.81732, 0.82205, 0.805, 0.82826, 0.82642, 0.81277, 
0.82393, 0.82147, 0.82319, 0.78667, 0.78956, 0.77778, 0.81155, 
0.81, 0.83261, 0.8141, 0.82092, 0.82792, 0.81434, 0.82663, 0.0171, 
0.0178, 0.0196, 0.0213, 0.0228, 0.0233, 0.0251, 0.0274, 0.0264, 
0.0277, 0.0299, 76, 77.8, 83.4, 87.2, 94, 98.8, 109.1, 111.5, 
116.2, 122.3, 126.4, 1, 1, 1, 1, 1, 1, 1, 1, 1, 1, 1, 1, 1, 1, 
1, 1, 1, 1, 1, 1, 1, 1, 1, 1, 1, 1, 1, 1, 1, 1, 1, 1, 1, 1, 1, 
1, 1, 1, 1, 1, 1, 1, 1, 1, 3.377, 3.31, 3.171, 3.407, 3.459, 
3.477, 3.477, 3.457, 3.506, 3.451, 3.473), .Dim = c(11L, 40L), .Dimnames = list(
    NULL, c("Sampling", "PSO.cost", "PSO.gamma", "PSO.data.balancing", 
    "PSO.feature.selection", "PSO.valid.acc", "PSO.test.acc", 
    "PSO.train.time", "PSO.n.support.vectors", "PSO.index", "PSO.n.solutions", 
    "PSO.generations", "PSO.n.evaluations", "PSO.cpu.time", "RS.cost", 
    "RS.gamma", "RS.data.balancing", "RS.feature.selection", 
    "RS.valid.acc", "RS.test.acc", "RS.train.time", "RS.n.support.vectors", 
    "RS.index", "RS.n.solutions", "RS.generations", "RS.n.evaluations", 
    "RS.cpu.time", "DF.cost", "DF.gamma", "DF.data.balancing", 
    "DF.feature.selection", "DF.valid.acc", "DF.test.acc", "DF.train.time", 
    "DF.n.support.vectors", "DF.index", "DF.n.solutions", "DF.generations", 
    "DF.n.evaluations", "DF.cpu.time")))
