full <-
structure(c(50, 55, 60, 65, 70, 75, 80, 85, 90, 95, 100, 7.37437, 
12.70874, 4.67295, 3.18071, 3.24031, 2.75696, 5.69999, 5.73983, 
1.08002, 3.98075, 3.83449, -6.94305, -11.35115, -11.0002, -4.92855, 
-10.80844, -11.19656, -12.87522, -13.5726, -7.56759, -5.54109, 
-5.32665, 0, 0, 0, 0, 0, 0, 0, 0, 0, 0, 0, 0, 0, 0, 0, 0, 0, 
0, 0, 0, 0, 0, 0.88321, 0.88267, 0.89052, 0.86895, 0.85476, 0.8415, 
0.83804, 0.82846, 0.85014, 0.84347, 0.84655, 0.85065, 0.86387, 
0.86797, 0.83237, 0.85, 0.83241, 0.82971, 0.82446, 0.83889, 0.82217, 
0.83977, 0.0181, 0.0214, 0.0163, 0.0199, 0.0203, 0.0214, 0.0249, 
0.0235, 0.0238, 0.0265, 0.0305, 43.5, 41.4, 63.9, 68.9, 94.3, 
117.4, 99.2, 114.3, 100.4, 99.7, 104.4, 179, 206, 9, 1889, 114, 
7, 1514, 4, 1046, 174, 818, 105, 333, 185, 6, 135, 281, 15, 804, 
33, 86, 64, 100, 100, 100, 100, 100, 100, 100, 100, 100, 100, 
100, 2500, 2500, 2500, 2500, 2500, 2500, 2500, 2500, 2500, 2500, 
2500, 6527.798, 6628.768, 6484.791, 6602.961, 6609.164, 7507.872, 
9134.76999999999, 6805.98299999999, 6858.32900000001, 7156.02900000001, 
9017.64500000002, 7.25773, 13.5405, 7.0745, 11.77065, 5.8214, 
4.85682, 6.07937, 1.19021, 0.98173, 2.80838, 1.35101, -6.92922, 
-11.82757, -13.49407, -9.68547, -13.38469, -12.16628, -13.25334, 
-9.96643, -7.5287, -4.79065, -4.54535, 0, 0, 0, 0, 0, 0, 0, 0, 
0, 0, 0, 0, 0, 0, 0, 0, 0, 0, 0, 0, 0, 0, 0.88321, 0.88267, 0.89052, 
0.86368, 0.85476, 0.8415, 0.83804, 0.82846, 0.84644, 0.84347, 
0.84345, 0.85065, 0.86387, 0.86797, 0.83211, 0.85, 0.83241, 0.82971, 
0.82462, 0.83889, 0.8186, 0.83632, 0.0174, 0.0227, 0.0186, 0.0284, 
0.0189, 0.0234, 0.0242, 0.0253, 0.0246, 0.0282, 0.0292, 43.6, 
41.4, 64.2, 57.5, 93.6, 97.7, 99.3, 134.1, 101.1, 103.9, 111.5, 
174, 53, 392, 242, 411, 20, 274, 21, 1878, 515, 2293, 15, 16, 
6, 20, 12, 23, 1, 73, 2, 3, 1, 100, 100, 100, 100, 100, 100, 
100, 100, 100, 100, 100, 2500, 2500, 2500, 2500, 2500, 2500, 
2500, 2500, 2500, 2500, 2500, 6477.195, 6572.62, 6671.009, 6641.84899999999, 
6770.094, 9236.96100000001, 8322.981, 7012.113, 7059.87400000001, 
9274.897, 9188.77600000001, 1, 1, 1, 1, 1, 1, 1, 1, 1, 1, 1, 
0.07692, 0.07692, 0.07692, 0.07692, 0.07692, 0.07692, 0.07692, 
0.07692, 0.07692, 0.07692, 0.07692, 0, 0, 0, 0, 0, 0, 0, 0, 0, 
0, 0, 0, 0, 0, 0, 0, 0, 0, 0, 0, 0, 0, 0.82929, 0.84544, 0.83497, 
0.85342, 0.82, 0.80119, 0.7962, 0.82446, 0.81268, 0.82549, 0.83322, 
0.84935, 0.83767, 0.85131, 0.84289, 0.81571, 0.81443, 0.79601, 
0.82046, 0.82023, 0.81121, 0.82276, 0.0168, 0.0171, 0.0176, 0.0185, 
0.0191, 0.0242, 0.0228, 0.0245, 0.0262, 0.0288, 0.0298, 62.1, 
67.2, 73.8, 82.5, 89.9, 98.8, 102.1, 111, 114.8, 121.4, 126, 
1, 1, 1, 1, 1, 1, 1, 1, 1, 1, 1, 1, 1, 1, 1, 1, 1, 1, 1, 1, 1, 
1, 1, 1, 1, 1, 1, 1, 1, 1, 1, 1, 1, 1, 1, 1, 1, 1, 1, 1, 1, 1, 
1, 1, 2.694, 2.663, 2.534, 2.532, 2.516, 3.623, 2.674, 2.743, 
2.789, 3.616, 3.56), .Dim = c(11L, 40L), .Dimnames = list(NULL, 
    c("Sampling", "PSO.cost", "PSO.gamma", "PSO.data.balancing", 
    "PSO.feature.selection", "PSO.valid.acc", "PSO.test.acc", 
    "PSO.train.time", "PSO.n.support.vectors", "PSO.index", "PSO.n.solutions", 
    "PSO.generations", "PSO.n.evaluations", "PSO.cpu.time", "RS.cost", 
    "RS.gamma", "RS.data.balancing", "RS.feature.selection", 
    "RS.valid.acc", "RS.test.acc", "RS.train.time", "RS.n.support.vectors", 
    "RS.index", "RS.n.solutions", "RS.generations", "RS.n.evaluations", 
    "RS.cpu.time", "DF.cost", "DF.gamma", "DF.data.balancing", 
    "DF.feature.selection", "DF.valid.acc", "DF.test.acc", "DF.train.time", 
    "DF.n.support.vectors", "DF.index", "DF.n.solutions", "DF.generations", 
    "DF.n.evaluations", "DF.cpu.time")))
