full <-
structure(c(50, 55, 60, 65, 70, 75, 80, 85, 90, 95, 100, 3.30698, 
3.86404, 3.02493, 3.78702, 0.20757, 6.32319, 2.56153, 3.74057, 
6.31231, 2.56817, 8.18706, -10.55562, -12.17177, -11.29626, -12.32767, 
-9.04124, -15, -5.02667, -6.05045, -15, -9.85589, -8.73267, 0, 
0, 0, 0, 0, 0, 0, 0, 0, 0, 0, 0, 0, 0, 0, 0, 0, 0, 0, 0, 0, 0, 
0.87714, 0.86488, 0.85719, 0.86307, 0.85952, 0.8455, 0.83949, 
0.84031, 0.8386, 0.83615, 0.84709, 0.87048, 0.85863, 0.85131, 
0.86307, 0.83976, 0.83185, 0.8308, 0.82846, 0.82721, 0.82901, 
0.81972, 0.0152, 0.0179, 0.0186, 0.0188, 0.0227, 0.0222, 0.0222, 
0.0233, 0.0258, 0.0256, 0.0287, 61.9, 82.3, 89.2, 97.9, 110.3, 
116.4, 88.2, 89.7, 137.4, 118.2, 93.8, 137, 35, 167, 25, 61, 
186, 2163, 1437, 33, 1018, 582, 315, 494, 247, 278, 274, 101, 
2, 6, 144, 23, 85, 100, 100, 100, 100, 100, 100, 100, 100, 100, 
100, 100, 2500, 2500, 2500, 2500, 2500, 2500, 2500, 2500, 2500, 
2500, 2500, 6808.462, 6765.101, 6820.438, 6744.572, 6815.078, 
6855.22100000001, 6860.04100000001, 6892.65400000001, 6932.64899999999, 
6998.14599999999, 6780.41399999999, 2.83911, 1.34983, 4.77432, 
4.74726, 0.97023, -0.04869, 6.76946, 0.5785, 4.80258, -1.91148, 
9.54912, -10.04692, -8.95838, -13.13628, -13.31079, -9.77806, 
-8.44965, -8.23639, -4.06317, -13.56907, -3.64631, -9.38984, 
0, 0, 0, 0, 0, 0, 0, 0, 0, 0, 0, 0, 0, 0, 0, 0, 0, 0, 0, 0, 0, 
0, 0.87714, 0.86488, 0.85719, 0.86307, 0.85952, 0.8455, 0.83931, 
0.83662, 0.8386, 0.83271, 0.84709, 0.87048, 0.86488, 0.85131, 
0.86307, 0.83976, 0.83185, 0.83062, 0.82062, 0.82721, 0.81115, 
0.82674, 0.0166, 0.0173, 0.0179, 0.0198, 0.0207, 0.0235, 0.0231, 
0.023, 0.0257, 0.0272, 0.0305, 61.7, 74.8, 90.9, 98.8, 109.5, 
116.8, 75.9, 105.7, 139.1, 140.5, 93.3, 48, 14, 353, 41, 85, 
400, 438, 1899, 39, 619, 212, 29, 52, 10, 27, 25, 4, 2, 1, 9, 
1, 3, 100, 100, 100, 100, 100, 100, 100, 100, 100, 100, 100, 
2500, 2500, 2500, 2500, 2500, 2500, 2500, 2500, 2500, 2500, 2500, 
6816.658, 6860.657, 6861.485, 6851.959, 6899.954, 6973.98300000001, 
6989, 7052.639, 7140.31099999999, 7023.49099999999, 6960.51200000002, 
1, 1, 1, 1, 1, 1, 1, 1, 1, 1, 1, 0.07692, 0.07692, 0.07692, 0.07692, 
0.07692, 0.07692, 0.07692, 0.07692, 0.07692, 0.07692, 0.07692, 
0, 0, 0, 0, 0, 0, 0, 0, 0, 0, 0, 0, 0, 0, 0, 0, 0, 0, 0, 0, 0, 
0, 0.82905, 0.81941, 0.80556, 0.80623, 0.79571, 0.7911, 0.81359, 
0.82862, 0.81624, 0.8114, 0.83984, 0.83619, 0.83233, 0.78301, 
0.79567, 0.81024, 0.79131, 0.82663, 0.80877, 0.82023, 0.8183, 
0.83031, 0.0162, 0.0171, 0.018, 0.02, 0.0204, 0.0211, 0.0233, 
0.0245, 0.0249, 0.0262, 0.0285, 67.6, 74.2, 79.6, 84.1, 90.6, 
98.9, 104.1, 112.4, 118.1, 123.3, 125.4, 1, 1, 1, 1, 1, 1, 1, 
1, 1, 1, 1, 1, 1, 1, 1, 1, 1, 1, 1, 1, 1, 1, 1, 1, 1, 1, 1, 1, 
1, 1, 1, 1, 1, 1, 1, 1, 1, 1, 1, 1, 1, 1, 1, 1, 2.697, 2.682, 
2.688, 2.713, 2.723, 2.712, 2.746, 2.73, 2.789, 2.684, 2.731), .Dim = c(11L, 
40L), .Dimnames = list(NULL, c("Sampling", "PSO.cost", "PSO.gamma", 
"PSO.data.balancing", "PSO.feature.selection", "PSO.valid.acc", 
"PSO.test.acc", "PSO.train.time", "PSO.n.support.vectors", "PSO.index", 
"PSO.n.solutions", "PSO.generations", "PSO.n.evaluations", "PSO.cpu.time", 
"RS.cost", "RS.gamma", "RS.data.balancing", "RS.feature.selection", 
"RS.valid.acc", "RS.test.acc", "RS.train.time", "RS.n.support.vectors", 
"RS.index", "RS.n.solutions", "RS.generations", "RS.n.evaluations", 
"RS.cpu.time", "DF.cost", "DF.gamma", "DF.data.balancing", "DF.feature.selection", 
"DF.valid.acc", "DF.test.acc", "DF.train.time", "DF.n.support.vectors", 
"DF.index", "DF.n.solutions", "DF.generations", "DF.n.evaluations", 
"DF.cpu.time")))
