full <-
structure(c(50, 55, 60, 65, 70, 75, 80, 85, 90, 95, 100, -1.23639, 
1.04493, 5.61036, 0.16212, 0.09547, 5.64746, 7.4813, 1.84993, 
0.40925, -0.45232, 5.92817, -5.44392, -8.80107, -13.03533, -3.21878, 
-7.94769, -11.77059, -14.13479, -9.40272, -7.12098, -8.67989, 
-15, 0, 0, 0, 0, 0, 0, 0, 0, 0, 0, 0, 0, 0, 0, 0, 0, 0, 0, 0, 
0, 0, 0, 0.86381, 0.84939, 0.83464, 0.85415, 0.84445, 0.85151, 
0.8346, 0.84072, 0.83419, 0.8396, 0.83281, 0.83048, 0.8435, 0.83431, 
0.83336, 0.82992, 0.84676, 0.82609, 0.83672, 0.83789, 0.82901, 
0.82924, 0.0176, 0.0174, 0.0185, 0.0199, 0.0215, 0.0201, 0.0217, 
0.0231, 0.0248, 0.0293, 0.0309, 69.3, 80, 78.3, 91.5, 98.6, 79.6, 
90.8, 107.6, 108.7, 156.3, 157.1, 166, 152, 21, 647, 135, 141, 
141, 31, 114, 223, 384, 488, 77, 426, 228, 278, 171, 87, 502, 
326, 119, 274, 100, 100, 100, 100, 100, 100, 100, 100, 100, 100, 
100, 2500, 2500, 2500, 2500, 2500, 2500, 2500, 2500, 2500, 2500, 
2500, 6614.955, 6624.806, 6701.377, 6749.561, 6730.29, 6595.80499999999, 
6641.265, 6694.91099999999, 6710.166, 6791.91500000001, 7052.35999999999, 
-1.18871, 6.82268, 3.47952, 0.19589, 3.44751, 6.92814, 0.95717, 
-0.24078, 0.52183, 0.17149, 4.89433, -5.3834, -14.61148, -11.60913, 
-3.21683, -11.12507, -13.11195, -8.84249, -7.5308, -7.31842, 
-7.09087, -13.95466, 0, 0, 0, 0, 0, 0, 0, 0, 0, 0, 0, 0, 0, 0, 
0, 0, 0, 0, 0, 0, 0, 0, 0.86381, 0.8435, 0.83464, 0.85415, 0.84445, 
0.85151, 0.83877, 0.84072, 0.83419, 0.84304, 0.83281, 0.83048, 
0.8435, 0.84575, 0.83836, 0.83492, 0.84676, 0.82609, 0.82872, 
0.83789, 0.82173, 0.82924, 0.0168, 0.0167, 0.0202, 0.0203, 0.0207, 
0.0204, 0.0228, 0.0245, 0.0247, 0.0263, 0.0307, 69, 78.8, 88.7, 
91.2, 93.2, 80, 108.1, 114.1, 109.1, 115.1, 157, 1620, 14, 53, 
316, 86, 1, 340, 70, 591, 972, 456, 1, 19, 55, 1, 35, 15, 6, 
61, 2, 1, 1, 100, 100, 100, 100, 100, 100, 100, 100, 100, 100, 
100, 2500, 2500, 2500, 2500, 2500, 2500, 2500, 2500, 2500, 2500, 
2500, 6649.533, 6663.669, 6728.386, 6807.88499999999, 6664.7, 
6707.997, 6752.238, 6812.958, 6901.798, 7151.175, 7325.95699999999, 
1, 1, 1, 1, 1, 1, 1, 1, 1, 1, 1, 0.07692, 0.07692, 0.07692, 0.07692, 
0.07692, 0.07692, 0.07692, 0.07692, 0.07692, 0.07692, 0.07692, 
0, 0, 0, 0, 0, 0, 0, 0, 0, 0, 0, 0, 0, 0, 0, 0, 0, 0, 0, 0, 0, 
0, 0.83667, 0.80439, 0.81797, 0.83807, 0.80635, 0.8106, 0.80888, 
0.82472, 0.82279, 0.82874, 0.80268, 0.83667, 0.83647, 0.80621, 
0.82284, 0.81088, 0.81099, 0.81341, 0.82056, 0.81553, 0.81815, 
0.81268, 0.0161, 0.0181, 0.0188, 0.0192, 0.0204, 0.0214, 0.0231, 
0.0238, 0.0264, 0.0274, 0.0281, 66.1, 75, 79.2, 86.8, 91.4, 95.3, 
103.5, 106.1, 118.5, 122.5, 125.3, 1, 1, 1, 1, 1, 1, 1, 1, 1, 
1, 1, 1, 1, 1, 1, 1, 1, 1, 1, 1, 1, 1, 1, 1, 1, 1, 1, 1, 1, 1, 
1, 1, 1, 1, 1, 1, 1, 1, 1, 1, 1, 1, 1, 1, 2.651, 2.665, 2.645, 
2.681, 2.617, 2.61, 2.642, 2.683, 2.687, 2.798, 2.855), .Dim = c(11L, 
40L), .Dimnames = list(NULL, c("Sampling", "PSO.cost", "PSO.gamma", 
"PSO.data.balancing", "PSO.feature.selection", "PSO.valid.acc", 
"PSO.test.acc", "PSO.train.time", "PSO.n.support.vectors", "PSO.index", 
"PSO.n.solutions", "PSO.generations", "PSO.n.evaluations", "PSO.cpu.time", 
"RS.cost", "RS.gamma", "RS.data.balancing", "RS.feature.selection", 
"RS.valid.acc", "RS.test.acc", "RS.train.time", "RS.n.support.vectors", 
"RS.index", "RS.n.solutions", "RS.generations", "RS.n.evaluations", 
"RS.cpu.time", "DF.cost", "DF.gamma", "DF.data.balancing", "DF.feature.selection", 
"DF.valid.acc", "DF.test.acc", "DF.train.time", "DF.n.support.vectors", 
"DF.index", "DF.n.solutions", "DF.generations", "DF.n.evaluations", 
"DF.cpu.time")))
