full <-
structure(c(50, 55, 60, 65, 70, 75, 80, 85, 90, 95, 100, 5.00899, 
8.7591, -0.16853, 0.95565, 0.31225, 2.33496, 1.29583, 3.33059, 
6.6308, 5.94488, 6.52794, -5.2448, -13.21873, -3.89661, -2.507, 
-3.07414, -4.16306, -3.19137, -5.89673, -7.14397, -5.81896, -14.86429, 
0, 0, 0, 0, 0, 0, 0, 0, 0, 0, 0, 0, 0, 0, 0, 0, 0, 0, 0, 0, 0, 
0, 0.88286, 0.87007, 0.88156, 0.88433, 0.86786, 0.8726, 0.87283, 
0.84056, 0.86097, 0.84369, 0.83998, 0.87, 0.86382, 0.85836, 0.86269, 
0.84903, 0.86329, 0.86866, 0.82841, 0.84573, 0.81881, 0.83665, 
0.0165, 0.0176, 0.0175, 0.0214, 0.0223, 0.022, 0.0265, 0.0236, 
0.0267, 0.0296, 0.0295, 45.8, 47.8, 71.8, 98.1, 95.3, 79.3, 109.6, 
80.7, 78.1, 91.3, 139.3, 116, 57, 477, 2379, 623, 287, 222, 1357, 
294, 313, 226, 912, 125, 408, 1, 144, 278, 712, 50, 49, 64, 28, 
100, 100, 100, 100, 100, 100, 100, 100, 100, 100, 100, 2500, 
2500, 2500, 2500, 2500, 2500, 2500, 2500, 2500, 2500, 2500, 6938.381, 
7084.959, 7316.815, 7343.441, 7441.553, 7251.245, 7241.36900000001, 
7297.895, 7610.43900000001, 7623.52899999998, 7610.41200000001, 
5.00068, 9.26618, -0.26269, 0.94732, 0.20259, 2.41488, 1.09971, 
3.0885, 6.2919, 5.3887, 0.32648, -5.00545, -13.79079, -3.70866, 
-2.51148, -2.88953, -4.26032, -2.80592, -5.50901, -6.95317, -4.90805, 
-9.54168, 0, 0, 0, 0, 0, 0, 0, 0, 0, 0, 0, 0, 0, 0, 0, 0, 0, 
0, 0, 0, 0, 0, 0.88286, 0.87007, 0.88156, 0.88433, 0.86786, 0.8726, 
0.87283, 0.83656, 0.86097, 0.84727, 0.83665, 0.85619, 0.86382, 
0.85248, 0.85743, 0.84426, 0.86329, 0.87319, 0.83241, 0.84573, 
0.82915, 0.82987, 0.0174, 0.0153, 0.0189, 0.021, 0.0229, 0.0213, 
0.0252, 0.0242, 0.0261, 0.0289, 0.0318, 46.2, 48.1, 73.7, 98.1, 
98.6, 78.3, 116.2, 81.8, 78.8, 95.6, 162.5, 16, 768, 877, 1536, 
1268, 379, 2096, 440, 2290, 751, 1, 9, 3, 4, 1, 1, 2, 2, 3, 1, 
1, 9, 100, 100, 100, 100, 100, 100, 100, 100, 100, 100, 100, 
2500, 2500, 2500, 2500, 2500, 2500, 2500, 2500, 2500, 2500, 2500, 
7188.735, 7202.355, 7389.684, 7415.74000000001, 7304.663, 7292.65300000001, 
7379.894, 7492.21400000001, 7595.78200000001, 7735.32500000001, 
7666.76299999998, 1, 1, 1, 1, 1, 1, 1, 1, 1, 1, 1, 0.07692, 0.07692, 
0.07692, 0.07692, 0.07692, 0.07692, 0.07692, 0.07692, 0.07692, 
0.07692, 0.07692, 0, 0, 0, 0, 0, 0, 0, 0, 0, 0, 0, 0, 0, 0, 0, 
0, 0, 0, 0, 0, 0, 0, 0.84762, 0.83804, 0.87601, 0.8788, 0.84403, 
0.85853, 0.83913, 0.81223, 0.84231, 0.81881, 0.80214, 0.84857, 
0.84549, 0.86424, 0.86854, 0.85877, 0.84902, 0.84764, 0.84058, 
0.83447, 0.82978, 0.80594, 0.0163, 0.018, 0.0195, 0.0197, 0.0214, 
0.0206, 0.0233, 0.0247, 0.0269, 0.0283, 0.03, 63.3, 68.2, 73.1, 
78.9, 86.4, 91.4, 101.8, 104.6, 110.5, 117.4, 126, 1, 1, 1, 1, 
1, 1, 1, 1, 1, 1, 1, 1, 1, 1, 1, 1, 1, 1, 1, 1, 1, 1, 1, 1, 1, 
1, 1, 1, 1, 1, 1, 1, 1, 1, 1, 1, 1, 1, 1, 1, 1, 1, 1, 1, 2.774, 
2.947, 3.019, 2.914, 2.949, 2.757, 2.804, 2.983, 3.101, 3.001, 
3.124), .Dim = c(11L, 40L), .Dimnames = list(NULL, c("Sampling", 
"PSO.cost", "PSO.gamma", "PSO.data.balancing", "PSO.feature.selection", 
"PSO.valid.acc", "PSO.test.acc", "PSO.train.time", "PSO.n.support.vectors", 
"PSO.index", "PSO.n.solutions", "PSO.generations", "PSO.n.evaluations", 
"PSO.cpu.time", "RS.cost", "RS.gamma", "RS.data.balancing", "RS.feature.selection", 
"RS.valid.acc", "RS.test.acc", "RS.train.time", "RS.n.support.vectors", 
"RS.index", "RS.n.solutions", "RS.generations", "RS.n.evaluations", 
"RS.cpu.time", "DF.cost", "DF.gamma", "DF.data.balancing", "DF.feature.selection", 
"DF.valid.acc", "DF.test.acc", "DF.train.time", "DF.n.support.vectors", 
"DF.index", "DF.n.solutions", "DF.generations", "DF.n.evaluations", 
"DF.cpu.time")))
