full <-
structure(c(50, 55, 60, 65, 70, 75, 80, 85, 90, 95, 100, -0.67089, 
3.52563, 0.30492, 5.51141, 0.96809, 8.10695, 13.15374, 2.45908, 
-0.43286, 8.14491, -0.71585, -7.04538, -7.05619, -3.89375, -9.13276, 
-4.34443, -14.15926, -13.26077, -4.23788, -5.79729, -14.31464, 
-7.2662, 0, 0, 0, 0, 0, 0, 0, 0, 0, 0, 0, 0, 0, 0, 0, 0, 0, 0, 
0, 0, 0, 0, 0.86952, 0.85725, 0.86791, 0.85868, 0.82119, 0.82787, 
0.81703, 0.84077, 0.82821, 0.8396, 0.83921, 0.85619, 0.83299, 
0.85058, 0.81658, 0.8019, 0.80079, 0.79583, 0.83292, 0.80912, 
0.82862, 0.83588, 0.0185, 0.0159, 0.0197, 0.0186, 0.0232, 0.0208, 
0.0289, 0.0258, 0.0263, 0.0257, 0.0283, 78.4, 51.1, 75.4, 59, 
87.1, 88.6, 78.1, 106.3, 113.7, 105.2, 137.1, 123, 198, 28, 1523, 
178, 115, 586, 510, 789, 208, 298, 78, 361, 678, 30, 124, 223, 
63, 267, 56, 86, 425, 100, 100, 100, 100, 100, 100, 100, 100, 
100, 100, 100, 2500, 2500, 2500, 2500, 2500, 2500, 2500, 2500, 
2500, 2500, 2500, 8224.962, 8128.108, 8386.67600000001, 8452.279, 
8556.81999999999, 8548.038, 8695.368, 8612.95199999999, 8675.85800000001, 
8545.00599999999, 8625.98999999999, -0.72723, 3.29802, 0.74066, 
5.16831, -1.8384, 7.29601, 6.96681, 1.2004, -0.31926, 7.28698, 
-0.13012, -6.95678, -6.9952, -3.534, -8.87926, -6.54261, -13.2763, 
-13.8136, -8.87516, -5.84861, -13.47718, -8.01007, 0, 0, 0, 0, 
0, 0, 0, 0, 0, 0, 0, 0, 0, 0, 0, 0, 0, 0, 0, 0, 0, 0, 0.86952, 
0.85725, 0.86791, 0.85868, 0.81667, 0.82787, 0.81304, 0.82908, 
0.82821, 0.8396, 0.83921, 0.85619, 0.83299, 0.8512, 0.82184, 
0.81167, 0.80534, 0.8087, 0.81708, 0.80912, 0.82862, 0.83921, 
0.0209, 0.0166, 0.0197, 0.0197, 0.0226, 0.0213, 0.0238, 0.0249, 
0.0257, 0.025, 0.0313, 78, 51.6, 78.9, 59.1, 118.3, 88.1, 101.6, 
119.6, 112.9, 105.2, 138.1, 2022, 216, 6, 2036, 946, 49, 174, 
1258, 1854, 146, 1787, 1, 6, 11, 1, 2, 16, 14, 4, 1, 4, 2, 100, 
100, 100, 100, 100, 100, 100, 100, 100, 100, 100, 2500, 2500, 
2500, 2500, 2500, 2500, 2500, 2500, 2500, 2500, 2500, 8199.444, 
8280.969, 8518.08, 8558.105, 8633.284, 8738.068, 8726.54700000001, 
8799.402, 8814.514, 8847.53900000002, 8858.39700000003, 1, 1, 
1, 1, 1, 1, 1, 1, 1, 1, 1, 0.07692, 0.07692, 0.07692, 0.07692, 
0.07692, 0.07692, 0.07692, 0.07692, 0.07692, 0.07692, 0.07692, 
0, 0, 0, 0, 0, 0, 0, 0, 0, 0, 0, 0, 0, 0, 0, 0, 0, 0, 0, 0, 0, 
0, 0.84333, 0.8385, 0.86235, 0.84789, 0.81643, 0.79605, 0.8087, 
0.82108, 0.81282, 0.80374, 0.80875, 0.85048, 0.84475, 0.8447, 
0.83763, 0.81667, 0.80534, 0.80888, 0.81723, 0.80897, 0.80743, 
0.81852, 0.0185, 0.0175, 0.0206, 0.0206, 0.0226, 0.0259, 0.0236, 
0.0267, 0.0269, 0.0289, 0.0274, 69.6, 72.9, 79.7, 85.2, 96.7, 
103.8, 110.8, 114.8, 121.9, 124.1, 124.7, 1, 1, 1, 1, 1, 1, 1, 
1, 1, 1, 1, 1, 1, 1, 1, 1, 1, 1, 1, 1, 1, 1, 1, 1, 1, 1, 1, 1, 
1, 1, 1, 1, 1, 1, 1, 1, 1, 1, 1, 1, 1, 1, 1, 1, 3.272, 3.386, 
3.415, 3.383, 3.408, 3.49, 3.428, 3.425, 3.447, 3.413, 3.405), .Dim = c(11L, 
40L), .Dimnames = list(NULL, c("Sampling", "PSO.cost", "PSO.gamma", 
"PSO.data.balancing", "PSO.feature.selection", "PSO.valid.acc", 
"PSO.test.acc", "PSO.train.time", "PSO.n.support.vectors", "PSO.index", 
"PSO.n.solutions", "PSO.generations", "PSO.n.evaluations", "PSO.cpu.time", 
"RS.cost", "RS.gamma", "RS.data.balancing", "RS.feature.selection", 
"RS.valid.acc", "RS.test.acc", "RS.train.time", "RS.n.support.vectors", 
"RS.index", "RS.n.solutions", "RS.generations", "RS.n.evaluations", 
"RS.cpu.time", "DF.cost", "DF.gamma", "DF.data.balancing", "DF.feature.selection", 
"DF.valid.acc", "DF.test.acc", "DF.train.time", "DF.n.support.vectors", 
"DF.index", "DF.n.solutions", "DF.generations", "DF.n.evaluations", 
"DF.cpu.time")))
