full <-
structure(c(50, 55, 60, 65, 70, 75, 80, 85, 90, 95, 100, 11.64266, 
15, 15, 14.73708, 8.74138, 5.53689, 9.1936, 7.35009, 6.0142, 
5.00415, 2.82341, -15, -15, -14.90661, -12.4995, -13.14222, -10.52002, 
-9.4802, -15, -14.5186, -13.80302, -3.63037, 0, 0, 0, 0, 0, 0, 
0, 0, 0, 0, 0, 0, 0, 0, 0, 0, 0, 0, 0, 0, 0, 0, 0.84905, 0.86397, 
0.85842, 0.86772, 0.845, 0.84232, 0.83869, 0.84055, 0.84587, 
0.83953, 0.83709, 0.82762, 0.85184, 0.8473, 0.85772, 0.81095, 
0.84108, 0.826, 0.83237, 0.84972, 0.82537, 0.83077, 0.0155, 0.0193, 
0.0196, 0.0302, 0.0199, 0.0198, 0.0256, 0.0255, 0.0262, 0.0279, 
0.0309, 48.7, 49.5, 52.7, 55.5, 68.1, 78.4, 76.2, 112.3, 132.5, 
145, 122.7, 118, 57, 142, 674, 527, 327, 136, 1881, 46, 3, 2038, 
212, 1898, 1172, 33, 81, 66, 142, 2, 155, 275, 4, 100, 100, 100, 
100, 100, 100, 100, 100, 100, 100, 100, 2500, 2500, 2500, 2500, 
2500, 2500, 2500, 2500, 2500, 2500, 2500, 6710.191, 6873.075, 
6983.009, 6929.201, 7062.554, 7113.47, 7255.62699999999, 7025.128, 
6903.792, 7225.47099999999, 7315.39800000002, 10.35113, 14.58544, 
13.66238, 13.24914, 10.03963, -0.63458, 10.23955, 3.77056, -0.32016, 
1.71728, 2.71574, -13.63845, -13.99617, -13.53575, -11.58569, 
-14.42071, -5.5012, -9.96886, -11.80895, -8.25464, -10.38061, 
-3.60501, 0, 0, 0, 0, 0, 0, 0, 0, 0, 0, 0, 0, 0, 0, 0, 0, 0, 
0, 0, 0, 0, 0, 0.84905, 0.86397, 0.85842, 0.86246, 0.845, 0.84128, 
0.83869, 0.83638, 0.84587, 0.83953, 0.83709, 0.83476, 0.85184, 
0.8473, 0.85772, 0.81095, 0.82308, 0.82184, 0.83253, 0.84587, 
0.82537, 0.83411, 0.0169, 0.0215, 0.021, 0.0263, 0.0185, 0.0205, 
0.0275, 0.0244, 0.0275, 0.0291, 0.0288, 48.6, 49.5, 52.7, 56.2, 
67.9, 96.6, 76.1, 119.8, 137.8, 142.7, 123.2, 12, 79, 1809, 6, 
2235, 1784, 92, 68, 36, 215, 470, 23, 29, 2, 2, 3, 1, 4, 37, 
20, 6, 1, 100, 100, 100, 100, 100, 100, 100, 100, 100, 100, 100, 
2500, 2500, 2500, 2500, 2500, 2500, 2500, 2500, 2500, 2500, 2500, 
6841.001, 6904.761, 6802.775, 7017.263, 7168.76899999999, 6948.57500000001, 
6945.97799999999, 7159.29400000001, 7228.212, 7287.60400000002, 
7383.36500000002, 1, 1, 1, 1, 1, 1, 1, 1, 1, 1, 1, 0.07692, 0.07692, 
0.07692, 0.07692, 0.07692, 0.07692, 0.07692, 0.07692, 0.07692, 
0.07692, 0.07692, 0, 0, 0, 0, 0, 0, 0, 0, 0, 0, 0, 0, 0, 0, 0, 
0, 0, 0, 0, 0, 0, 0, 0.79905, 0.78934, 0.8192, 0.825, 0.79595, 
0.78191, 0.80517, 0.81236, 0.8198, 0.82217, 0.82018, 0.81333, 
0.80147, 0.83031, 0.83082, 0.80095, 0.796, 0.83091, 0.80851, 
0.8235, 0.8186, 0.82363, 0.0162, 0.0188, 0.0176, 0.0203, 0.0209, 
0.0231, 0.0234, 0.024, 0.0254, 0.0277, 0.0296, 73.5, 81.4, 83.6, 
87.5, 92.2, 100.9, 104.7, 109.4, 114.9, 119, 125.6, 1, 1, 1, 
1, 1, 1, 1, 1, 1, 1, 1, 1, 1, 1, 1, 1, 1, 1, 1, 1, 1, 1, 1, 1, 
1, 1, 1, 1, 1, 1, 1, 1, 1, 1, 1, 1, 1, 1, 1, 1, 1, 1, 1, 1, 2.57, 
2.817, 2.541, 2.831, 2.834, 2.861, 2.79, 2.646, 2.697, 2.861, 
2.959), .Dim = c(11L, 40L), .Dimnames = list(NULL, c("Sampling", 
"PSO.cost", "PSO.gamma", "PSO.data.balancing", "PSO.feature.selection", 
"PSO.valid.acc", "PSO.test.acc", "PSO.train.time", "PSO.n.support.vectors", 
"PSO.index", "PSO.n.solutions", "PSO.generations", "PSO.n.evaluations", 
"PSO.cpu.time", "RS.cost", "RS.gamma", "RS.data.balancing", "RS.feature.selection", 
"RS.valid.acc", "RS.test.acc", "RS.train.time", "RS.n.support.vectors", 
"RS.index", "RS.n.solutions", "RS.generations", "RS.n.evaluations", 
"RS.cpu.time", "DF.cost", "DF.gamma", "DF.data.balancing", "DF.feature.selection", 
"DF.valid.acc", "DF.test.acc", "DF.train.time", "DF.n.support.vectors", 
"DF.index", "DF.n.solutions", "DF.generations", "DF.n.evaluations", 
"DF.cpu.time")))
