full <-
structure(c(50, 55, 60, 65, 70, 75, 80, 85, 90, 95, 100, 0.24478, 
7.27063, 3.76689, 3.4589, 2.32794, 0.07145, 2.64719, 4.05234, 
3.57989, 5.26779, 6.66291, -7.34487, -15, -11.65124, -4.70725, 
-10.06216, -9.04764, -5.0036, -4.72912, -11.22563, -13.29657, 
-6.77945, 0, 0, 0, 0, 0, 0, 0, 0, 0, 0, 0, 0, 0, 0, 0, 0, 0, 
0, 0, 0, 0, 0, 0.84905, 0.84507, 0.83562, 0.84635, 0.83929, 0.83235, 
0.86413, 0.84114, 0.83912, 0.84002, 0.83944, 0.8281, 0.83252, 
0.8183, 0.83108, 0.82976, 0.80963, 0.84257, 0.83281, 0.83912, 
0.82931, 0.84599, 0.0167, 0.0182, 0.0186, 0.0203, 0.0213, 0.0225, 
0.0237, 0.0251, 0.0251, 0.0285, 0.0321, 66.7, 78.2, 88.3, 73.9, 
98.5, 117.6, 84.1, 91.6, 113.4, 128.3, 98, 416, 49, 4, 486, 201, 
1795, 183, 728, 16, 16, 1669, 197, 90, 386, 673, 120, 1, 533, 
67, 491, 243, 16, 100, 100, 100, 100, 100, 100, 100, 100, 100, 
100, 100, 2500, 2500, 2500, 2500, 2500, 2500, 2500, 2500, 2500, 
2500, 2500, 6691.344, 7116.632, 7105.572, 7060.546, 7207.015, 
7287.678, 7253.55499999999, 7306.33899999999, 7262.603, 7123.467, 
7574.93799999999, -0.00817, 6.30327, 4.37126, 0.7838, -0.12176, 
-1.64003, 2.74801, 2.74648, 3.07782, 1.78784, 9.67002, -7.11534, 
-14.02218, -12.20493, -3.70542, -7.40402, -5.50564, -5.12575, 
-10.56114, -10.40354, -9.88234, -8.45482, 0, 0, 0, 0, 0, 0, 0, 
0, 0, 0, 0, 0, 0, 0, 0, 0, 0, 0, 0, 0, 0, 0, 0.84905, 0.84507, 
0.83562, 0.84243, 0.83929, 0.83216, 0.86413, 0.8365, 0.83912, 
0.84002, 0.83967, 0.82095, 0.83252, 0.8183, 0.82664, 0.825, 0.82307, 
0.84257, 0.8365, 0.83528, 0.82931, 0.84253, 0.0172, 0.0176, 0.0194, 
0.0197, 0.0211, 0.0228, 0.0241, 0.0243, 0.0247, 0.0268, 0.0391, 
67.5, 77.8, 87.5, 86.6, 98, 104.3, 83.3, 112.4, 108.6, 130.3, 
94.4, 353, 15, 13, 48, 180, 137, 582, 15, 11, 58, 36, 1, 3, 38, 
1, 10, 2, 2, 37, 87, 9, 1, 100, 100, 100, 100, 100, 100, 100, 
100, 100, 100, 100, 2500, 2500, 2500, 2500, 2500, 2500, 2500, 
2500, 2500, 2500, 2500, 7058.379, 7123.279, 7074.56, 7336.03, 
7383.525, 7202.641, 7657.32100000001, 7352.02900000001, 7153.55200000001, 
7669.943, 7785.50200000001, 1, 1, 1, 1, 1, 1, 1, 1, 1, 1, 1, 
0.07692, 0.07692, 0.07692, 0.07692, 0.07692, 0.07692, 0.07692, 
0.07692, 0.07692, 0.07692, 0.07692, 0, 0, 0, 0, 0, 0, 0, 0, 0, 
0, 0, 0, 0, 0, 0, 0, 0, 0, 0, 0, 0, 0, 0.82095, 0.81488, 0.81863, 
0.82661, 0.81048, 0.82287, 0.83424, 0.81279, 0.82758, 0.81515, 
0.82517, 0.82095, 0.82664, 0.82451, 0.83216, 0.79571, 0.81893, 
0.82971, 0.80896, 0.81633, 0.81502, 0.81541, 0.0178, 0.0173, 
0.0178, 0.0199, 0.0224, 0.0235, 0.0229, 0.0248, 0.025, 0.0274, 
0.0278, 69.7, 76, 83.7, 89.3, 96.9, 99.7, 101.8, 109.5, 113.2, 
119.6, 127.9, 1, 1, 1, 1, 1, 1, 1, 1, 1, 1, 1, 1, 1, 1, 1, 1, 
1, 1, 1, 1, 1, 1, 1, 1, 1, 1, 1, 1, 1, 1, 1, 1, 1, 1, 1, 1, 1, 
1, 1, 1, 1, 1, 1, 1, 2.804, 2.724, 2.591, 2.823, 2.887, 2.965, 
2.922, 2.871, 2.75, 2.923, 3.085), .Dim = c(11L, 40L), .Dimnames = list(
    NULL, c("Sampling", "PSO.cost", "PSO.gamma", "PSO.data.balancing", 
    "PSO.feature.selection", "PSO.valid.acc", "PSO.test.acc", 
    "PSO.train.time", "PSO.n.support.vectors", "PSO.index", "PSO.n.solutions", 
    "PSO.generations", "PSO.n.evaluations", "PSO.cpu.time", "RS.cost", 
    "RS.gamma", "RS.data.balancing", "RS.feature.selection", 
    "RS.valid.acc", "RS.test.acc", "RS.train.time", "RS.n.support.vectors", 
    "RS.index", "RS.n.solutions", "RS.generations", "RS.n.evaluations", 
    "RS.cpu.time", "DF.cost", "DF.gamma", "DF.data.balancing", 
    "DF.feature.selection", "DF.valid.acc", "DF.test.acc", "DF.train.time", 
    "DF.n.support.vectors", "DF.index", "DF.n.solutions", "DF.generations", 
    "DF.n.evaluations", "DF.cpu.time")))
