full <-
structure(c(50, 55, 60, 65, 70, 75, 80, 85, 90, 95, 100, 5.36145, 
1.38913, 0.9753, 4.33498, 9.96915, 5.77868, 6.50142, 5.71417, 
4.85687, 2.38344, 7.36398, -4.17991, -3.58954, -5.13929, -4.43257, 
-7.36663, -7.51224, -15, -13.3952, -5.7793, -9.43321, -7.06935, 
0, 0, 0, 0, 0, 0, 0, 0, 0, 0, 0, 0, 0, 0, 0, 0, 0, 0, 0, 0, 0, 
0, 0.84, 0.87537, 0.85466, 0.84406, 0.85829, 0.85095, 0.83478, 
0.84872, 0.83561, 0.8392, 0.84997, 0.79762, 0.84449, 0.82002, 
0.80249, 0.82989, 0.83275, 0.83043, 0.83672, 0.82407, 0.82836, 
0.82926, 0.0184, 0.0191, 0.0199, 0.0223, 0.0315, 0.022, 0.0264, 
0.0251, 0.0265, 0.0287, 0.0317, 57.1, 74.8, 70.2, 72.1, 65, 71.8, 
121.2, 111.1, 95.2, 113.5, 95.9, 671, 402, 1989, 538, 726, 770, 
136, 253, 663, 297, 302, 176, 206, 7, 199, 90, 33, 345, 80, 407, 
64, 74, 100, 100, 100, 100, 100, 100, 100, 100, 100, 100, 100, 
2500, 2500, 2500, 2500, 2500, 2500, 2500, 2500, 2500, 2500, 2500, 
8259.566, 8169.32, 8356.433, 8512.034, 8845.14599999999, 8656.772, 
8639.85400000001, 8619.82399999999, 8687.114, 8618.79499999998, 
8959.212, 4.67538, 0.7024, 1.16134, 4.20699, 9.92171, 7.15765, 
-0.51578, 3.42842, 4.87593, 2.75068, 8.33027, -4.06073, -3.60654, 
-4.17021, -4.28708, -7.3919, -8.1419, -2.81033, -11.0894, -5.67736, 
-9.82489, -7.68786, 0, 0, 0, 0, 0, 0, 0, 0, 0, 0, 0, 0, 0, 0, 
0, 0, 0, 0, 0, 0, 0, 0, 0.83952, 0.86949, 0.84878, 0.83906, 0.85829, 
0.85095, 0.83551, 0.84872, 0.83561, 0.8392, 0.84997, 0.80524, 
0.8511, 0.83211, 0.80775, 0.8392, 0.83275, 0.82681, 0.83672, 
0.81638, 0.82836, 0.82903, 0.0173, 0.0188, 0.0207, 0.0199, 0.0301, 
0.0222, 0.0252, 0.0232, 0.0267, 0.0251, 0.0353, 58.6, 75.8, 75.2, 
73.9, 65.3, 70.7, 125.4, 111, 96, 113.9, 95.1, 1076, 199, 618, 
625, 1773, 1863, 1084, 553, 273, 680, 406, 2, 1, 1, 3, 3, 1, 
1, 5, 2, 3, 2, 100, 100, 100, 100, 100, 100, 100, 100, 100, 100, 
100, 2500, 2500, 2500, 2500, 2500, 2500, 2500, 2500, 2500, 2500, 
2500, 8237.761, 8277.051, 8517.353, 8576.99200000001, 8666.72300000001, 
8692.746, 8755.40700000001, 8801.79399999999, 8851.31599999999, 
8819.56600000002, 8900.106, 1, 1, 1, 1, 1, 1, 1, 1, 1, 1, 1, 
0.07692, 0.07692, 0.07692, 0.07692, 0.07692, 0.07692, 0.07692, 
0.07692, 0.07692, 0.07692, 0.07692, 0, 0, 0, 0, 0, 0, 0, 0, 0, 
0, 0, 0, 0, 0, 0, 0, 0, 0, 0, 0, 0, 0, 0.79714, 0.8386, 0.83179, 
0.82994, 0.8047, 0.82759, 0.83098, 0.81271, 0.82066, 0.81458, 
0.82938, 0.82524, 0.8386, 0.83244, 0.80994, 0.82494, 0.84145, 
0.83533, 0.81671, 0.81311, 0.83564, 0.82926, 0.0185, 0.0188, 
0.0192, 0.0225, 0.0222, 0.023, 0.0264, 0.0264, 0.0286, 0.0267, 
0.0281, 72, 76.3, 83.9, 88.2, 94.9, 99.6, 108.1, 111.1, 121.2, 
122.1, 126.6, 1, 1, 1, 1, 1, 1, 1, 1, 1, 1, 1, 1, 1, 1, 1, 1, 
1, 1, 1, 1, 1, 1, 1, 1, 1, 1, 1, 1, 1, 1, 1, 1, 1, 1, 1, 1, 1, 
1, 1, 1, 1, 1, 1, 1, 3.345, 3.372, 3.396, 3.416, 3.419, 3.397, 
3.438, 3.416, 3.453, 3.428, 3.464), .Dim = c(11L, 40L), .Dimnames = list(
    NULL, c("Sampling", "PSO.cost", "PSO.gamma", "PSO.data.balancing", 
    "PSO.feature.selection", "PSO.valid.acc", "PSO.test.acc", 
    "PSO.train.time", "PSO.n.support.vectors", "PSO.index", "PSO.n.solutions", 
    "PSO.generations", "PSO.n.evaluations", "PSO.cpu.time", "RS.cost", 
    "RS.gamma", "RS.data.balancing", "RS.feature.selection", 
    "RS.valid.acc", "RS.test.acc", "RS.train.time", "RS.n.support.vectors", 
    "RS.index", "RS.n.solutions", "RS.generations", "RS.n.evaluations", 
    "RS.cpu.time", "DF.cost", "DF.gamma", "DF.data.balancing", 
    "DF.feature.selection", "DF.valid.acc", "DF.test.acc", "DF.train.time", 
    "DF.n.support.vectors", "DF.index", "DF.n.solutions", "DF.generations", 
    "DF.n.evaluations", "DF.cpu.time")))
