full <-
structure(c(50, 55, 60, 65, 70, 75, 80, 85, 90, 95, 100, 1.4117, 
1.54336, 3.75347, 5.44775, 3.00716, 12.82846, 5.03149, 12.33604, 
5.75175, 11.97019, 5.09504, -7.43162, -7.8418, -10.71942, -12.78587, 
-9.62613, -14.56418, -10.08789, -10.43467, -13.12919, -14.12698, 
-6.00666, 0, 0, 0, 0, 0, 0, 0, 0, 0, 0, 0, 0, 0, 0, 0, 0, 0, 
0, 0, 0, 0, 0, 0.84216, 0.83199, 0.84085, 0.82161, 0.83929, 0.83733, 
0.84363, 0.83703, 0.83959, 0.8401, 0.84927, 0.81454, 0.83199, 
0.82386, 0.81579, 0.83452, 0.82389, 0.83928, 0.81703, 0.82448, 
0.81498, 0.84284, 0.0181, 0.0181, 0.0196, 0.0193, 0.0197, 0.0221, 
0.0237, 0.0408, 0.0273, 0.025, 0.0313, 62, 64.9, 78.5, 87.7, 
84, 67.9, 81.1, 84.4, 111.7, 86.6, 100.8, 412, 6, 111, 87, 28, 
224, 79, 91, 245, 246, 240, 237, 397, 410, 281, 182, 180, 221, 
146, 53, 147, 98, 100, 100, 100, 100, 100, 100, 100, 100, 100, 
100, 100, 2500, 2500, 2500, 2500, 2500, 2500, 2500, 2500, 2500, 
2500, 2500, 8212.183, 8192.359, 8420.375, 8407.664, 8643.602, 
8668.62599999999, 8606.33100000001, 9049.17099999999, 8632.71000000002, 
8623.03700000001, 8669.351, 1.73859, 2.95213, 4.41551, 7.08318, 
1.13484, 11.13152, 8.84055, 10.33151, 2.22679, 11.92563, 5.08332, 
-7.93409, -9.35801, -11.51845, -14.60149, -8.05939, -13.29466, 
-13.92364, -9.36953, -9.09441, -14.30632, -5.89197, 0, 0, 0, 
0, 0, 0, 0, 0, 0, 0, 0, 0, 0, 0, 0, 0, 0, 0, 0, 0, 0, 0, 0.83549, 
0.83199, 0.84085, 0.82161, 0.83929, 0.83733, 0.84363, 0.83703, 
0.83959, 0.8401, 0.84594, 0.82121, 0.82574, 0.82974, 0.82105, 
0.83452, 0.82844, 0.83928, 0.82103, 0.82818, 0.81498, 0.84617, 
0.0174, 0.0199, 0.0195, 0.0213, 0.0224, 0.0228, 0.0234, 0.0327, 
0.0243, 0.0258, 0.0307, 62.7, 64.9, 79.2, 89.1, 88.4, 68.9, 80.8, 
84.9, 105.9, 86.6, 101.1, 1188, 67, 339, 47, 60, 30, 69, 8, 925, 
392, 1589, 2, 37, 23, 16, 14, 4, 9, 16, 3, 6, 1, 100, 100, 100, 
100, 100, 100, 100, 100, 100, 100, 100, 2500, 2500, 2500, 2500, 
2500, 2500, 2500, 2500, 2500, 2500, 2500, 8208.783, 8264.475, 
8411.06, 8651.895, 8765.061, 8750.86199999999, 8772.11300000001, 
8803.685, 8806.973, 8809.34700000001, 8970.03, 1, 1, 1, 1, 1, 
1, 1, 1, 1, 1, 1, 0.07692, 0.07692, 0.07692, 0.07692, 0.07692, 
0.07692, 0.07692, 0.07692, 0.07692, 0.07692, 0.07692, 0, 0, 0, 
0, 0, 0, 0, 0, 0, 0, 0, 0, 0, 0, 0, 0, 0, 0, 0, 0, 0, 0, 0.80733, 
0.79485, 0.77778, 0.79, 0.82976, 0.82431, 0.82225, 0.79362, 0.82036, 
0.81179, 0.82202, 0.79399, 0.80699, 0.77778, 0.79526, 0.815, 
0.80984, 0.82225, 0.79747, 0.80554, 0.81918, 0.83225, 0.0179, 
0.0197, 0.0209, 0.0213, 0.0235, 0.0231, 0.0248, 0.0271, 0.0265, 
0.0306, 0.0302, 73.3, 77.1, 85.4, 89.3, 97.1, 99.3, 103.8, 111, 
115.3, 123.3, 126.5, 1, 1, 1, 1, 1, 1, 1, 1, 1, 1, 1, 1, 1, 1, 
1, 1, 1, 1, 1, 1, 1, 1, 1, 1, 1, 1, 1, 1, 1, 1, 1, 1, 1, 1, 1, 
1, 1, 1, 1, 1, 1, 1, 1, 1, 3.266, 3.39, 3.31, 3.454, 3.467, 3.45, 
3.401, 3.43, 3.434, 3.42, 3.502), .Dim = c(11L, 40L), .Dimnames = list(
    NULL, c("Sampling", "PSO.cost", "PSO.gamma", "PSO.data.balancing", 
    "PSO.feature.selection", "PSO.valid.acc", "PSO.test.acc", 
    "PSO.train.time", "PSO.n.support.vectors", "PSO.index", "PSO.n.solutions", 
    "PSO.generations", "PSO.n.evaluations", "PSO.cpu.time", "RS.cost", 
    "RS.gamma", "RS.data.balancing", "RS.feature.selection", 
    "RS.valid.acc", "RS.test.acc", "RS.train.time", "RS.n.support.vectors", 
    "RS.index", "RS.n.solutions", "RS.generations", "RS.n.evaluations", 
    "RS.cpu.time", "DF.cost", "DF.gamma", "DF.data.balancing", 
    "DF.feature.selection", "DF.valid.acc", "DF.test.acc", "DF.train.time", 
    "DF.n.support.vectors", "DF.index", "DF.n.solutions", "DF.generations", 
    "DF.n.evaluations", "DF.cpu.time")))
