full <-
structure(c(50, 55, 60, 65, 70, 75, 80, 85, 90, 95, 100, 0.27122, 
0.00162, 0.61447, 0.41859, -0.166, 0.20138, 15, 3.82331, 3.37308, 
5.6609, 3.22345, -8.15862, -7.71157, -3.83308, -8.21649, -3.82538, 
-5.84136, -13.11862, -11.76971, -10.67119, -13.97398, -5.20878, 
0, 0, 0, 0, 0, 0, 0, 0, 0, 0, 0, 0, 0, 0, 0, 0, 0, 0, 0, 0, 0, 
0, 0.8281, 0.8311, 0.82568, 0.82749, 0.83, 0.82767, 0.84746, 
0.84446, 0.84671, 0.83948, 0.84989, 0.8081, 0.8311, 0.81362, 
0.82193, 0.81071, 0.81858, 0.83043, 0.82877, 0.83516, 0.83591, 
0.8123, 0.0154, 0.0184, 0.0176, 0.0201, 0.0215, 0.0217, 0.0354, 
0.024, 0.024, 0.0288, 0.0283, 79.3, 84.5, 84.8, 96.4, 97.4, 93.6, 
74.1, 118.1, 112.9, 135.1, 104.9, 410, 83, 1400, 103, 141, 567, 
649, 760, 28, 335, 615, 161, 611, 42, 54, 264, 110, 22, 28, 274, 
47, 122, 100, 100, 100, 100, 100, 100, 100, 100, 100, 100, 100, 
2500, 2500, 2500, 2500, 2500, 2500, 2500, 2500, 2500, 2500, 2500, 
6714.363, 6644.767, 6780.604, 6690.064, 6830.025, 7126.75900000001, 
7212.34599999999, 7095.86300000001, 7078.13900000001, 7073.512, 
7195.89800000002, 3.023, -0.96431, 0.63891, -0.64461, -0.3206, 
0.14587, 9.56066, 4.53001, 1.94953, 7.0721, 2.21322, -11.25223, 
-6.4499, -3.83777, -7.19606, -3.9294, -5.32152, -10.61359, -12.47754, 
-9.19458, -14.7297, -4.53649, 0, 0, 0, 0, 0, 0, 0, 0, 0, 0, 0, 
0, 0, 0, 0, 0, 0, 0, 0, 0, 0, 0, 0.82143, 0.8311, 0.82568, 0.82749, 
0.83, 0.82332, 0.84746, 0.84446, 0.84671, 0.83935, 0.84644, 0.79476, 
0.8311, 0.81362, 0.82193, 0.81571, 0.81403, 0.80942, 0.82877, 
0.83516, 0.83591, 0.81241, 0.016, 0.0172, 0.0172, 0.0212, 0.0218, 
0.0214, 0.0216, 0.0261, 0.0255, 0.0266, 0.0268, 80.4, 83.6, 84.8, 
98.8, 97.4, 93.4, 74.8, 118, 112.3, 120.9, 111.1, 35, 53, 1846, 
382, 838, 1231, 127, 1777, 48, 346, 212, 28, 12, 1, 10, 2, 1, 
2, 1, 33, 3, 1, 100, 100, 100, 100, 100, 100, 100, 100, 100, 
100, 100, 2500, 2500, 2500, 2500, 2500, 2500, 2500, 2500, 2500, 
2500, 2500, 6712.091, 6811.612, 6785.84699999999, 6827.569, 7054.73, 
7018.82799999999, 7249.31200000001, 7189.909, 7202.052, 7338.459, 
7494.68599999999, 1, 1, 1, 1, 1, 1, 1, 1, 1, 1, 1, 0.07692, 0.07692, 
0.07692, 0.07692, 0.07692, 0.07692, 0.07692, 0.07692, 0.07692, 
0.07692, 0.07692, 0, 0, 0, 0, 0, 0, 0, 0, 0, 0, 0, 0, 0, 0, 0, 
0, 0, 0, 0, 0, 0, 0, 0.78762, 0.80642, 0.80215, 0.79418, 0.81548, 
0.81877, 0.83478, 0.82862, 0.82345, 0.82174, 0.8192, 0.78095, 
0.79429, 0.79598, 0.7886, 0.81548, 0.80494, 0.83025, 0.80862, 
0.81974, 0.82545, 0.8123, 0.0163, 0.0169, 0.0177, 0.0207, 0.0207, 
0.0227, 0.0244, 0.024, 0.0249, 0.028, 0.0287, 75.4, 78.8, 87.8, 
92.5, 98.3, 104.9, 107.1, 110.8, 116, 121.3, 125.1, 1, 1, 1, 
1, 1, 1, 1, 1, 1, 1, 1, 1, 1, 1, 1, 1, 1, 1, 1, 1, 1, 1, 1, 1, 
1, 1, 1, 1, 1, 1, 1, 1, 1, 1, 1, 1, 1, 1, 1, 1, 1, 1, 1, 1, 2.735, 
2.747, 2.696, 2.831, 2.721, 2.812, 2.917, 2.707, 2.697, 2.932, 
2.929), .Dim = c(11L, 40L), .Dimnames = list(NULL, c("Sampling", 
"PSO.cost", "PSO.gamma", "PSO.data.balancing", "PSO.feature.selection", 
"PSO.valid.acc", "PSO.test.acc", "PSO.train.time", "PSO.n.support.vectors", 
"PSO.index", "PSO.n.solutions", "PSO.generations", "PSO.n.evaluations", 
"PSO.cpu.time", "RS.cost", "RS.gamma", "RS.data.balancing", "RS.feature.selection", 
"RS.valid.acc", "RS.test.acc", "RS.train.time", "RS.n.support.vectors", 
"RS.index", "RS.n.solutions", "RS.generations", "RS.n.evaluations", 
"RS.cpu.time", "DF.cost", "DF.gamma", "DF.data.balancing", "DF.feature.selection", 
"DF.valid.acc", "DF.test.acc", "DF.train.time", "DF.n.support.vectors", 
"DF.index", "DF.n.solutions", "DF.generations", "DF.n.evaluations", 
"DF.cpu.time")))
