full <-
structure(c(50, 55, 60, 65, 70, 75, 80, 85, 90, 95, 100, 13.69101, 
0.7526, 3.17451, 0.51445, 3.05209, 3.82771, -1.41227, 4.82101, 
0.69355, 4.6135, 4.14488, -15, -7.72419, -10.1915, -7.21838, 
-6.12906, -3.13517, -6.51711, -13.41525, -8.5603, -12.37855, 
-13.03354, 0, 0, 0, 0, 0, 0, 0, 0, 0, 0, 0, 0, 0, 0, 0, 0, 0, 
0, 0, 0, 0, 0, 0.81577, 0.81409, 0.82274, 0.81038, 0.81584, 0.82819, 
0.81804, 0.82092, 0.82365, 0.82586, 0.83696, 0.78143, 0.81373, 
0.82241, 0.80596, 0.82039, 0.80151, 0.8137, 0.82092, 0.81966, 
0.81872, 0.83042, 0.0176, 0.0169, 0.0195, 0.0187, 0.0195, 0.0236, 
0.0252, 0.0249, 0.0253, 0.0289, 0.0306, 50.5, 74.7, 78.6, 85.7, 
76.5, 102.4, 119.8, 129.2, 122.8, 124.2, 153.1, 289, 1953, 79, 
285, 51, 2202, 29, 127, 62, 34, 263, 1080, 7, 211, 38, 503, 6, 
750, 517, 57, 423, 87, 100, 100, 100, 100, 100, 100, 100, 100, 
100, 100, 100, 2500, 2500, 2500, 2500, 2500, 2500, 2500, 2500, 
2500, 2500, 2500, 6691.048, 6718.867, 7224.312, 7217.744, 7271.53000000001, 
7296.754, 7195.171, 7220.57800000001, 7159.26400000001, 7396.68199999999, 
7367.47999999998, 13.63453, 0.9293, 3.24555, 0.59707, 3.47022, 
3.36708, -0.63627, 1.1226, 0.18549, 2.55203, 11.82965, -13.72569, 
-7.93323, -10.29538, -7.19758, -6.31872, -3.25149, -7.60138, 
-9.55264, -9.2329, -4.82847, -9.50856, 0, 0, 0, 0, 0, 0, 0, 0, 
0, 0, 0, 0, 0, 0, 0, 0, 0, 0, 0, 0, 0, 0, 0.81577, 0.81409, 0.82274, 
0.81038, 0.81584, 0.82384, 0.81804, 0.82092, 0.8235, 0.83276, 
0.83744, 0.78143, 0.81373, 0.82241, 0.80596, 0.82039, 0.80607, 
0.8137, 0.82092, 0.8198, 0.82229, 0.80984, 0.0173, 0.0166, 0.0179, 
0.0189, 0.0215, 0.0251, 0.0245, 0.0253, 0.0271, 0.0285, 0.0538, 
50.6, 74.5, 78.7, 85, 75.4, 101, 121.1, 127, 147.2, 106.9, 93.2, 
95, 862, 14, 636, 912, 1327, 124, 10, 501, 866, 410, 22, 1, 9, 
1, 1, 1, 24, 52, 11, 2, 2, 100, 100, 100, 100, 100, 100, 100, 
100, 100, 100, 100, 2500, 2500, 2500, 2500, 2500, 2500, 2500, 
2500, 2500, 2500, 2500, 6676.207, 6869.558, 7222.468, 7280.36, 
7516.67200000001, 7336.306, 7372.57299999999, 7260.893, 7502.17700000001, 
7497.89800000002, 8000.21899999998, 1, 1, 1, 1, 1, 1, 1, 1, 1, 
1, 1, 0.07692, 0.07692, 0.07692, 0.07692, 0.07692, 0.07692, 0.07692, 
0.07692, 0.07692, 0.07692, 0.07692, 0, 0, 0, 0, 0, 0, 0, 0, 0, 
0, 0, 0, 0, 0, 0, 0, 0, 0, 0, 0, 0, 0, 0.78815, 0.75233, 0.78247, 
0.76772, 0.81063, 0.8104, 0.79685, 0.80892, 0.80484, 0.81158, 
0.81673, 0.78857, 0.76483, 0.78897, 0.77965, 0.80587, 0.8104, 
0.78797, 0.79338, 0.80499, 0.81527, 0.83363, 0.016, 0.0175, 0.0183, 
0.0192, 0.0208, 0.0238, 0.0246, 0.0247, 0.0275, 0.0273, 0.0273, 
75.2, 78.5, 83.8, 94.1, 98.2, 101.6, 109.3, 113.2, 119.3, 125.5, 
126.3, 1, 1, 1, 1, 1, 1, 1, 1, 1, 1, 1, 1, 1, 1, 1, 1, 1, 1, 
1, 1, 1, 1, 1, 1, 1, 1, 1, 1, 1, 1, 1, 1, 1, 1, 1, 1, 1, 1, 1, 
1, 1, 1, 1, 1, 2.552, 2.752, 2.809, 2.746, 2.8, 3.013, 3.025, 
2.941, 3.091, 2.872, 3.092), .Dim = c(11L, 40L), .Dimnames = list(
    NULL, c("Sampling", "PSO.cost", "PSO.gamma", "PSO.data.balancing", 
    "PSO.feature.selection", "PSO.valid.acc", "PSO.test.acc", 
    "PSO.train.time", "PSO.n.support.vectors", "PSO.index", "PSO.n.solutions", 
    "PSO.generations", "PSO.n.evaluations", "PSO.cpu.time", "RS.cost", 
    "RS.gamma", "RS.data.balancing", "RS.feature.selection", 
    "RS.valid.acc", "RS.test.acc", "RS.train.time", "RS.n.support.vectors", 
    "RS.index", "RS.n.solutions", "RS.generations", "RS.n.evaluations", 
    "RS.cpu.time", "DF.cost", "DF.gamma", "DF.data.balancing", 
    "DF.feature.selection", "DF.valid.acc", "DF.test.acc", "DF.train.time", 
    "DF.n.support.vectors", "DF.index", "DF.n.solutions", "DF.generations", 
    "DF.n.evaluations", "DF.cpu.time")))
