full <-
structure(c(50, 55, 60, 65, 70, 75, 80, 85, 90, 95, 100, 12.2509, 
2.36306, 7.43228, 2.45185, 4.06455, -0.14961, 1.01663, 6.02148, 
2.86413, -0.02305, 7.29941, -15, -10.53272, -8.32553, -4.3898, 
-5.4873, -4.61513, -4.69427, -14.23069, -3.58373, -8.36271, -15, 
0, 0, 0, 0, 0, 0, 0, 0, 0, 0, 0, 0, 0, 0, 0, 0, 0, 0, 0, 0, 0, 
0, 0.84411, 0.80074, 0.83039, 0.84289, 0.82071, 0.82806, 0.83438, 
0.82462, 0.85665, 0.83276, 0.83293, 0.80976, 0.78199, 0.81863, 
0.80658, 0.78214, 0.80534, 0.82203, 0.82077, 0.8417, 0.82562, 
0.83293, 0.0183, 0.0192, 0.0201, 0.0205, 0.0218, 0.0226, 0.0231, 
0.0274, 0.0275, 0.0293, 0.0278, 49.3, 92.2, 62.8, 79.1, 79.4, 
97.9, 98.7, 122.8, 114.6, 138.6, 125.9, 153, 157, 125, 866, 699, 
1581, 363, 41, 387, 9, 83, 346, 38, 145, 90, 32, 32, 241, 281, 
39, 385, 120, 100, 100, 100, 100, 100, 100, 100, 100, 100, 100, 
100, 2500, 2500, 2500, 2500, 2500, 2500, 2500, 2500, 2500, 2500, 
2500, 8159.099, 8210.138, 8492.063, 8549.062, 8662.50399999999, 
8584.485, 8641.93799999999, 8639.97200000001, 8679.35800000001, 
8556.505, 8626.67199999999, 8.3444, 1.33853, 13.1635, 1.14005, 
4.22446, -0.16177, 1.49074, 5.23313, 2.71179, 2.44174, 6.17692, 
-11.19146, -9.47482, -11.08263, -4.73021, -5.53692, -4.57026, 
-4.91998, -13.35588, -3.55179, -10.65213, -13.87893, 0, 0, 0, 
0, 0, 0, 0, 0, 0, 0, 0, 0, 0, 0, 0, 0, 0, 0, 0, 0, 0, 0, 0.84411, 
0.80074, 0.83039, 0.83237, 0.82071, 0.82806, 0.83038, 0.82462, 
0.85281, 0.83276, 0.83293, 0.80976, 0.78199, 0.82451, 0.80105, 
0.7919, 0.80534, 0.81786, 0.82077, 0.84526, 0.82562, 0.83293, 
0.0169, 0.0183, 0.0277, 0.0212, 0.0228, 0.0223, 0.0226, 0.027, 
0.0292, 0.0271, 0.0289, 50, 92.4, 60.7, 81.2, 79.1, 98, 96.6, 
121.4, 115.7, 131.7, 125.9, 387, 2424, 427, 106, 2309, 1163, 
187, 41, 104, 32, 271, 6, 1, 3, 6, 1, 1, 1, 48, 1, 43, 5, 100, 
100, 100, 100, 100, 100, 100, 100, 100, 100, 100, 2500, 2500, 
2500, 2500, 2500, 2500, 2500, 2500, 2500, 2500, 2500, 8125.914, 
8423.083, 8539.954, 8601.30099999999, 8651.26199999999, 8758.995, 
8792.658, 8789.04300000001, 8735.52299999999, 8818.18899999998, 
8879.00100000002, 1, 1, 1, 1, 1, 1, 1, 1, 1, 1, 1, 0.07692, 0.07692, 
0.07692, 0.07692, 0.07692, 0.07692, 0.07692, 0.07692, 0.07692, 
0.07692, 0.07692, 0, 0, 0, 0, 0, 0, 0, 0, 0, 0, 0, 0, 0, 0, 0, 
0, 0, 0, 0, 0, 0, 0, 0.78304, 0.75772, 0.80719, 0.79605, 0.79119, 
0.81443, 0.81753, 0.80877, 0.83031, 0.8149, 0.80901, 0.79548, 
0.77647, 0.80131, 0.78553, 0.78619, 0.80534, 0.80882, 0.79292, 
0.81863, 0.82204, 0.80557, 0.0214, 0.0198, 0.0197, 0.0206, 0.0229, 
0.0226, 0.0235, 0.026, 0.0261, 0.0287, 0.0294, 71.6, 79.9, 85.3, 
91.1, 99.5, 104.3, 112.1, 115.4, 115.9, 121.7, 126.6, 1, 1, 1, 
1, 1, 1, 1, 1, 1, 1, 1, 1, 1, 1, 1, 1, 1, 1, 1, 1, 1, 1, 1, 1, 
1, 1, 1, 1, 1, 1, 1, 1, 1, 1, 1, 1, 1, 1, 1, 1, 1, 1, 1, 1, 3.331, 
3.366, 3.374, 3.424, 3.423, 3.431, 3.462, 3.48, 3.42, 3.445, 
3.463), .Dim = c(11L, 40L), .Dimnames = list(NULL, c("Sampling", 
"PSO.cost", "PSO.gamma", "PSO.data.balancing", "PSO.feature.selection", 
"PSO.valid.acc", "PSO.test.acc", "PSO.train.time", "PSO.n.support.vectors", 
"PSO.index", "PSO.n.solutions", "PSO.generations", "PSO.n.evaluations", 
"PSO.cpu.time", "RS.cost", "RS.gamma", "RS.data.balancing", "RS.feature.selection", 
"RS.valid.acc", "RS.test.acc", "RS.train.time", "RS.n.support.vectors", 
"RS.index", "RS.n.solutions", "RS.generations", "RS.n.evaluations", 
"RS.cpu.time", "DF.cost", "DF.gamma", "DF.data.balancing", "DF.feature.selection", 
"DF.valid.acc", "DF.test.acc", "DF.train.time", "DF.n.support.vectors", 
"DF.index", "DF.n.solutions", "DF.generations", "DF.n.evaluations", 
"DF.cpu.time")))
