full <-
structure(c(50, 55, 60, 65, 70, 75, 80, 85, 90, 95, 100, 0.94379, 
2.91657, 5.94353, 1.61139, 0.50706, 0.65082, 2.48588, 9.43337, 
1.33161, 1.15479, 3.14539, -7.09579, -9.86589, -13.9707, -10.21337, 
-7.07072, -3.57923, -5.90641, -9.43774, -3.68945, -10.69458, 
-5.48172, 0, 0, 0, 0, 0, 0, 0, 0, 0, 0, 0, 0, 0, 0, 0, 0, 0, 
0, 0, 0, 0, 0, 0.88985, 0.87527, 0.86827, 0.86895, 0.86429, 0.85447, 
0.86899, 0.84433, 0.85684, 0.83259, 0.8458, 0.86168, 0.87527, 
0.86271, 0.86368, 0.85929, 0.84971, 0.86464, 0.83233, 0.83789, 
0.82557, 0.8182, 0.0157, 0.0163, 0.0189, 0.0211, 0.0194, 0.0229, 
0.0225, 0.0263, 0.0263, 0.0308, 0.0267, 54.8, 65.7, 86.4, 103.3, 
82.8, 99.2, 77.9, 75.9, 111.8, 165.3, 103.8, 7, 371, 20, 2, 11, 
800, 164, 779, 2427, 17, 1231, 772, 96, 1024, 194, 301, 44, 591, 
40, 1, 77, 33, 100, 100, 100, 100, 100, 100, 100, 100, 100, 100, 
100, 2500, 2500, 2500, 2500, 2500, 2500, 2500, 2500, 2500, 2500, 
2500, 7046.275, 6807.764, 7108.524, 7089.564, 7182.004, 7111.89999999999, 
7382.834, 7208.85399999999, 7272.86599999999, 7565.32000000001, 
7535.378, 4.34618, 1.41378, 0.78518, 6.05782, 2.56301, 4.87295, 
2.29197, 4.58904, 1.21144, 3.43437, 5.6431, -12.07513, -8.16047, 
-9.08427, -14.8546, -4.37179, -13.47135, -5.815, -6.6451, -3.6163, 
-12.99813, -6.8939, 0, 0, 0, 0, 0, 0, 0, 0, 0, 0, 0, 0, 0, 0, 
0, 0, 0, 0, 0, 0, 0, 0, 0.88985, 0.87527, 0.86827, 0.86895, 0.86429, 
0.84991, 0.86899, 0.84403, 0.85313, 0.83259, 0.84258, 0.87604, 
0.87527, 0.86271, 0.86895, 0.835, 0.84556, 0.86464, 0.84418, 
0.83789, 0.822, 0.83533, 0.017, 0.0199, 0.0198, 0.0207, 0.0213, 
0.0228, 0.0227, 0.0227, 0.0264, 0.0307, 0.0286, 68.6, 64.9, 93.3, 
106.2, 81.2, 118.2, 78.3, 79.9, 113.1, 165.2, 96.7, 21, 206, 
6, 86, 1464, 117, 824, 49, 140, 843, 293, 97, 4, 109, 14, 1, 
17, 2, 2, 1, 4, 2, 100, 100, 100, 100, 100, 100, 100, 100, 100, 
100, 100, 2500, 2500, 2500, 2500, 2500, 2500, 2500, 2500, 2500, 
2500, 2500, 6992.48, 7057.067, 7211.639, 7139.082, 7168.181, 
7418.372, 7517.477, 7355.62800000001, 7498.47200000001, 7550.60799999998, 
7765.603, 1, 1, 1, 1, 1, 1, 1, 1, 1, 1, 1, 0.07692, 0.07692, 
0.07692, 0.07692, 0.07692, 0.07692, 0.07692, 0.07692, 0.07692, 
0.07692, 0.07692, 0, 0, 0, 0, 0, 0, 0, 0, 0, 0, 0, 0, 0, 0, 0, 
0, 0, 0, 0, 0, 0, 0, 0.84121, 0.83694, 0.81627, 0.85289, 0.84929, 
0.84929, 0.86446, 0.83201, 0.83048, 0.80733, 0.81867, 0.84073, 
0.83772, 0.79928, 0.85289, 0.85429, 0.84929, 0.86029, 0.84786, 
0.84558, 0.80376, 0.81856, 0.0165, 0.0177, 0.0181, 0.0191, 0.0212, 
0.0223, 0.0246, 0.0242, 0.0259, 0.027, 0.0286, 63.3, 69.9, 74.2, 
82.6, 92.4, 99, 102.3, 108.5, 116.2, 121.1, 126.3, 1, 1, 1, 1, 
1, 1, 1, 1, 1, 1, 1, 1, 1, 1, 1, 1, 1, 1, 1, 1, 1, 1, 1, 1, 1, 
1, 1, 1, 1, 1, 1, 1, 1, 1, 1, 1, 1, 1, 1, 1, 1, 1, 1, 1, 2.808, 
2.776, 2.888, 2.889, 2.852, 2.982, 3.005, 2.839, 2.964, 2.978, 
2.988), .Dim = c(11L, 40L), .Dimnames = list(NULL, c("Sampling", 
"PSO.cost", "PSO.gamma", "PSO.data.balancing", "PSO.feature.selection", 
"PSO.valid.acc", "PSO.test.acc", "PSO.train.time", "PSO.n.support.vectors", 
"PSO.index", "PSO.n.solutions", "PSO.generations", "PSO.n.evaluations", 
"PSO.cpu.time", "RS.cost", "RS.gamma", "RS.data.balancing", "RS.feature.selection", 
"RS.valid.acc", "RS.test.acc", "RS.train.time", "RS.n.support.vectors", 
"RS.index", "RS.n.solutions", "RS.generations", "RS.n.evaluations", 
"RS.cpu.time", "DF.cost", "DF.gamma", "DF.data.balancing", "DF.feature.selection", 
"DF.valid.acc", "DF.test.acc", "DF.train.time", "DF.n.support.vectors", 
"DF.index", "DF.n.solutions", "DF.generations", "DF.n.evaluations", 
"DF.cpu.time")))
