full <-
structure(c(50, 55, 60, 65, 70, 75, 80, 85, 90, 95, 100, 1.01701, 
1.50712, 5.4907, 3.39988, 4.80437, 0.77672, 2.91695, 4.66396, 
10.38471, 3.39007, 1.13278, -3.5553, -3.6936, -7.02078, -11.64811, 
-6.44299, -5.97948, -5.55076, -6.33853, -9.50925, -11.07117, 
-9.59371, 0, 0, 0, 0, 0, 0, 0, 0, 0, 0, 0, 0, 0, 0, 0, 0, 0, 
0, 0, 0, 0, 0, 0.85619, 0.85017, 0.84073, 0.83784, 0.86, 0.84096, 
0.8302, 0.84935, 0.83012, 0.83266, 0.8364, 0.83714, 0.83799, 
0.82369, 0.81678, 0.83548, 0.8089, 0.81713, 0.82167, 0.82243, 
0.83266, 0.82606, 0.0172, 0.0174, 0.0178, 0.0198, 0.0205, 0.0217, 
0.0233, 0.0249, 0.0353, 0.0259, 0.0312, 73, 76.8, 61.1, 103.1, 
74.5, 86.4, 86.4, 91.2, 91.2, 123.2, 143.1, 413, 1472, 56, 29, 
275, 943, 696, 542, 30, 92, 98, 300, 8, 150, 263, 33, 40, 60, 
135, 88, 162, 358, 100, 100, 100, 100, 100, 100, 100, 100, 100, 
100, 100, 2500, 2500, 2500, 2500, 2500, 2500, 2500, 2500, 2500, 
2500, 2500, 6969.313, 7167.123, 7189.877, 7292.673, 7567.992, 
7506.942, 7726.553, 7818.58900000001, 8288.64200000001, 7669.94899999999, 
7873.764, 0.71019, 2.21107, 6.10772, 5.0202, 4.52249, 0.85547, 
2.24513, 2.86209, 9.91681, -0.42623, 6.36558, -3.22064, -4.33332, 
-7.36657, -13.22248, -6.28242, -6.06919, -4.90207, -5.13073, 
-9.2805, -6.95561, -14.75136, 0, 0, 0, 0, 0, 0, 0, 0, 0, 0, 0, 
0, 0, 0, 0, 0, 0, 0, 0, 0, 0, 0, 0.85619, 0.84429, 0.84073, 0.83784, 
0.86, 0.84096, 0.8302, 0.84135, 0.83012, 0.83266, 0.8364, 0.84333, 
0.83836, 0.82369, 0.81152, 0.83548, 0.8089, 0.82149, 0.8255, 
0.82243, 0.82947, 0.83284, 0.0168, 0.017, 0.0182, 0.0208, 0.0216, 
0.0211, 0.0228, 0.0252, 0.034, 0.026, 0.0305, 77.7, 68.1, 60.5, 
102.4, 75.2, 86.1, 90.6, 97, 91.8, 124.3, 140.4, 1983, 145, 1232, 
95, 804, 529, 1181, 15, 367, 546, 126, 1, 3, 1, 18, 2, 1, 2, 
5, 3, 24, 15, 100, 100, 100, 100, 100, 100, 100, 100, 100, 100, 
100, 2500, 2500, 2500, 2500, 2500, 2500, 2500, 2500, 2500, 2500, 
2500, 7050.278, 7251.294, 7295.5, 7377.871, 7447.94299999999, 
7681.648, 7903.21000000001, 7971.82900000001, 8052.01799999998, 
7718.88, 8103.587, 1, 1, 1, 1, 1, 1, 1, 1, 1, 1, 1, 0.07692, 
0.07692, 0.07692, 0.07692, 0.07692, 0.07692, 0.07692, 0.07692, 
0.07692, 0.07692, 0.07692, 0, 0, 0, 0, 0, 0, 0, 0, 0, 0, 0, 0, 
0, 0, 0, 0, 0, 0, 0, 0, 0, 0, 0.82952, 0.82627, 0.82267, 0.81702, 
0.83071, 0.82276, 0.81336, 0.8175, 0.79975, 0.80496, 0.81237, 
0.82286, 0.82627, 0.81258, 0.80594, 0.84048, 0.82772, 0.8302, 
0.80965, 0.79605, 0.82602, 0.80202, 0.017, 0.0181, 0.0193, 0.0203, 
0.0224, 0.0243, 0.0246, 0.0266, 0.0265, 0.029, 0.0301, 72.5, 
80.7, 86, 90.7, 97.5, 102.4, 108.5, 115.3, 119.6, 122.9, 126.6, 
1, 1, 1, 1, 1, 1, 1, 1, 1, 1, 1, 1, 1, 1, 1, 1, 1, 1, 1, 1, 1, 
1, 1, 1, 1, 1, 1, 1, 1, 1, 1, 1, 1, 1, 1, 1, 1, 1, 1, 1, 1, 1, 
1, 1, 2.791, 2.854, 2.93, 2.863, 2.962, 3.052, 3.118, 3.161, 
3.084, 3.16, 3.185), .Dim = c(11L, 40L), .Dimnames = list(NULL, 
    c("Sampling", "PSO.cost", "PSO.gamma", "PSO.data.balancing", 
    "PSO.feature.selection", "PSO.valid.acc", "PSO.test.acc", 
    "PSO.train.time", "PSO.n.support.vectors", "PSO.index", "PSO.n.solutions", 
    "PSO.generations", "PSO.n.evaluations", "PSO.cpu.time", "RS.cost", 
    "RS.gamma", "RS.data.balancing", "RS.feature.selection", 
    "RS.valid.acc", "RS.test.acc", "RS.train.time", "RS.n.support.vectors", 
    "RS.index", "RS.n.solutions", "RS.generations", "RS.n.evaluations", 
    "RS.cpu.time", "DF.cost", "DF.gamma", "DF.data.balancing", 
    "DF.feature.selection", "DF.valid.acc", "DF.test.acc", "DF.train.time", 
    "DF.n.support.vectors", "DF.index", "DF.n.solutions", "DF.generations", 
    "DF.n.evaluations", "DF.cpu.time")))
