full <-
structure(c(50, 55, 60, 65, 70, 75, 80, 85, 90, 95, 100, 1.9779, 
3.26574, 3.61002, 0.72823, -0.64456, -0.2283, -0.17417, 3.16964, 
0.45034, 3.13801, 4.05774, -10.18517, -11.90693, -12.13639, -9.34848, 
-7.20741, -6.32083, -6.80284, -10.40155, -8.43841, -3.51469, 
-5.54737, 0, 0, 0, 0, 0, 0, 0, 0, 0, 0, 0, 0, 0, 0, 0, 0, 0, 
0, 0, 0, 0, 0, 0.84857, 0.86409, 0.85359, 0.84839, 0.86881, 0.85506, 
0.85613, 0.8461, 0.84587, 0.84356, 0.85021, 0.8419, 0.85784, 
0.84804, 0.83757, 0.85405, 0.84574, 0.82205, 0.83009, 0.84615, 
0.79329, 0.837, 0.0173, 0.0178, 0.0186, 0.02, 0.0233, 0.0237, 
0.0247, 0.0256, 0.0283, 0.0315, 0.0306, 78.5, 89.6, 96.1, 107.2, 
100, 90.8, 101.4, 106.7, 123, 121.3, 104.9, 204, 13, 39, 152, 
292, 1371, 431, 626, 1398, 1535, 345, 111, 297, 45, 298, 135, 
36, 160, 9, 25, 22, 198, 100, 100, 100, 100, 100, 100, 100, 100, 
100, 100, 100, 2500, 2500, 2500, 2500, 2500, 2500, 2500, 2500, 
2500, 2500, 2500, 6765.795, 6808.529, 6642.922, 8104.608, 9380.608, 
9367.85100000001, 9349.98, 9334.09600000001, 9424.31000000003, 
9556.86799999999, 9568.85900000003, 5.40651, 0.44428, 3.87283, 
6.35926, 1.95513, -0.5399, -0.92937, 6.80905, 2.68349, 3.12568, 
5.66039, -13.70003, -8.91758, -12.39468, -14.97213, -10.30985, 
-6.52293, -6.13132, -14.21082, -9.71619, -3.53171, -6.57621, 
0, 0, 0, 0, 0, 0, 0, 0, 0, 0, 0, 0, 0, 0, 0, 0, 0, 0, 0, 0, 0, 
0, 0.84857, 0.86409, 0.85359, 0.84839, 0.86881, 0.85072, 0.85595, 
0.8461, 0.84231, 0.83642, 0.84677, 0.8419, 0.86409, 0.84804, 
0.83205, 0.85905, 0.84117, 0.8177, 0.83394, 0.84601, 0.79699, 
0.8301, 0.0172, 0.0183, 0.0188, 0.0207, 0.0241, 0.0236, 0.0246, 
0.0259, 0.0263, 0.0311, 0.0317, 78.2, 88.7, 96.1, 106, 105.8, 
96.8, 106.2, 108.2, 105.3, 120.4, 99.1, 51, 2, 1496, 286, 91, 
561, 1726, 903, 141, 1319, 345, 8, 45, 1, 6, 4, 5, 1, 4, 27, 
1, 6, 100, 100, 100, 100, 100, 100, 100, 100, 100, 100, 100, 
2500, 2500, 2500, 2500, 2500, 2500, 2500, 2500, 2500, 2500, 2500, 
6815.183, 6778.53, 6703.01, 9258.495, 9430.823, 9454.63, 9469.141, 
9561.80299999999, 9655.19999999998, 9752.33599999998, 9811.73000000001, 
1, 1, 1, 1, 1, 1, 1, 1, 1, 1, 1, 0.07692, 0.07692, 0.07692, 0.07692, 
0.07692, 0.07692, 0.07692, 0.07692, 0.07692, 0.07692, 0.07692, 
0, 0, 0, 0, 0, 0, 0, 0, 0, 0, 0, 0, 0, 0, 0, 0, 0, 0, 0, 0, 0, 
0, 0.81476, 0.84566, 0.81405, 0.82234, 0.83429, 0.83747, 0.8304, 
0.81794, 0.81952, 0.80771, 0.83653, 0.8281, 0.839, 0.82549, 0.83813, 
0.82952, 0.82817, 0.82243, 0.82594, 0.83091, 0.79355, 0.82308, 
0.0169, 0.0174, 0.0181, 0.0228, 0.0226, 0.0236, 0.0254, 0.0272, 
0.0277, 0.0304, 0.0309, 70.4, 74, 79.4, 85.4, 90.9, 98.5, 106.3, 
111.7, 116.3, 124.1, 127.1, 1, 1, 1, 1, 1, 1, 1, 1, 1, 1, 1, 
1, 1, 1, 1, 1, 1, 1, 1, 1, 1, 1, 1, 1, 1, 1, 1, 1, 1, 1, 1, 1, 
1, 1, 1, 1, 1, 1, 1, 1, 1, 1, 1, 1, 2.719, 2.692, 2.66, 3.759, 
3.687, 3.653, 3.681, 3.72, 3.757, 3.877, 3.818), .Dim = c(11L, 
40L), .Dimnames = list(NULL, c("Sampling", "PSO.cost", "PSO.gamma", 
"PSO.data.balancing", "PSO.feature.selection", "PSO.valid.acc", 
"PSO.test.acc", "PSO.train.time", "PSO.n.support.vectors", "PSO.index", 
"PSO.n.solutions", "PSO.generations", "PSO.n.evaluations", "PSO.cpu.time", 
"RS.cost", "RS.gamma", "RS.data.balancing", "RS.feature.selection", 
"RS.valid.acc", "RS.test.acc", "RS.train.time", "RS.n.support.vectors", 
"RS.index", "RS.n.solutions", "RS.generations", "RS.n.evaluations", 
"RS.cpu.time", "DF.cost", "DF.gamma", "DF.data.balancing", "DF.feature.selection", 
"DF.valid.acc", "DF.test.acc", "DF.train.time", "DF.n.support.vectors", 
"DF.index", "DF.n.solutions", "DF.generations", "DF.n.evaluations", 
"DF.cpu.time")))
