full <-
structure(c(50, 55, 60, 65, 70, 75, 80, 85, 90, 95, 100, 1.70778, 
3.993, 9.93538, 2.38329, 1.06168, 5.64728, 4.0248, 3.10455, -0.00163, 
1.50604, 3.04198, -3.99556, -11.35507, -10.14532, -11.44344, 
-10.19604, -13.87924, -12.93759, -12.33636, -8.86115, -3.73916, 
-5.0421, 0, 0, 0, 0, 0, 0, 0, 0, 0, 0, 0, 0, 0, 0, 0, 0, 0, 0, 
0, 0, 0, 0, 0.87667, 0.84471, 0.83359, 0.82711, 0.84024, 0.83663, 
0.83098, 0.83662, 0.8427, 0.8436, 0.85307, 0.86905, 0.83221, 
0.79928, 0.80105, 0.83048, 0.82319, 0.83514, 0.83662, 0.83529, 
0.84002, 0.84259, 0.0163, 0.0182, 0.0206, 0.0237, 0.022, 0.0236, 
0.0264, 0.0274, 0.0275, 0.0276, 0.0271, 60.7, 73.5, 55.1, 111.1, 
121.8, 112.3, 130.3, 142.9, 145.4, 119.4, 105.9, 2306, 41, 343, 
78, 495, 5, 35, 81, 101, 532, 635, 2, 487, 206, 138, 31, 92, 
409, 345, 190, 133, 297, 100, 100, 100, 100, 100, 100, 100, 100, 
100, 100, 100, 2500, 2500, 2500, 2500, 2500, 2500, 2500, 2500, 
2500, 2500, 2500, 8231.255, 8302.019, 8492.052, 8546.69, 8573.06700000001, 
8611.515, 8668.37699999999, 8660.973, 8737.21400000001, 8780.88800000001, 
8714.386, 4.22249, 4.8404, 9.84613, 2.04369, 3.27405, 4.5177, 
4.9608, 2.12124, -0.42461, 14.15117, 4.43926, -5.26131, -12.76426, 
-10.04375, -10.98687, -12.43278, -12.67751, -13.79332, -11.15267, 
-8.40759, -9.7003, -6.13461, 0, 0, 0, 0, 0, 0, 0, 0, 0, 0, 0, 
0, 0, 0, 0, 0, 0, 0, 0, 0, 0, 0, 0.86905, 0.84471, 0.83359, 0.82711, 
0.84024, 0.83663, 0.83098, 0.83662, 0.8427, 0.84015, 0.84974, 
0.86905, 0.85059, 0.79928, 0.81158, 0.83048, 0.82319, 0.83514, 
0.84062, 0.83529, 0.7936, 0.84974, 0.0177, 0.0194, 0.0203, 0.0229, 
0.0233, 0.0247, 0.0253, 0.0261, 0.0281, 0.1061, 0.0296, 51.3, 
81.3, 55.3, 110.4, 121.7, 110.8, 128.8, 139.4, 144.8, 86.7, 100.5, 
999, 9, 148, 640, 642, 825, 121, 70, 981, 625, 1501, 2, 54, 1, 
3, 1, 3, 26, 32, 14, 1, 1, 100, 100, 100, 100, 100, 100, 100, 
100, 100, 100, 100, 2500, 2500, 2500, 2500, 2500, 2500, 2500, 
2500, 2500, 2500, 2500, 8224.401, 8369.96, 8483.208, 8647.314, 
8650.00499999999, 8759.08900000001, 8789.694, 8844.125, 8885.26800000001, 
8878.01199999999, 8868.78599999999, 1, 1, 1, 1, 1, 1, 1, 1, 1, 
1, 1, 0.07692, 0.07692, 0.07692, 0.07692, 0.07692, 0.07692, 0.07692, 
0.07692, 0.07692, 0.07692, 0.07692, 0, 0, 0, 0, 0, 0, 0, 0, 0, 
0, 0, 0, 0, 0, 0, 0, 0, 0, 0, 0, 0, 0, 0.83619, 0.83221, 0.79401, 
0.79468, 0.80643, 0.80475, 0.80924, 0.80062, 0.82759, 0.82919, 
0.83308, 0.84333, 0.82554, 0.80545, 0.8005, 0.81595, 0.82297, 
0.80072, 0.80062, 0.80834, 0.83276, 0.83284, 0.017, 0.0176, 0.0192, 
0.0205, 0.0209, 0.0208, 0.0248, 0.0266, 0.0284, 0.0283, 0.0298, 
67.3, 72.9, 81.9, 91.1, 96.3, 102.3, 107.5, 111.7, 119.3, 122, 
125.7, 1, 1, 1, 1, 1, 1, 1, 1, 1, 1, 1, 1, 1, 1, 1, 1, 1, 1, 
1, 1, 1, 1, 1, 1, 1, 1, 1, 1, 1, 1, 1, 1, 1, 1, 1, 1, 1, 1, 1, 
1, 1, 1, 1, 1, 3.3, 3.395, 3.394, 3.369, 3.393, 3.415, 3.454, 
3.462, 3.498, 3.467, 3.466), .Dim = c(11L, 40L), .Dimnames = list(
    NULL, c("Sampling", "PSO.cost", "PSO.gamma", "PSO.data.balancing", 
    "PSO.feature.selection", "PSO.valid.acc", "PSO.test.acc", 
    "PSO.train.time", "PSO.n.support.vectors", "PSO.index", "PSO.n.solutions", 
    "PSO.generations", "PSO.n.evaluations", "PSO.cpu.time", "RS.cost", 
    "RS.gamma", "RS.data.balancing", "RS.feature.selection", 
    "RS.valid.acc", "RS.test.acc", "RS.train.time", "RS.n.support.vectors", 
    "RS.index", "RS.n.solutions", "RS.generations", "RS.n.evaluations", 
    "RS.cpu.time", "DF.cost", "DF.gamma", "DF.data.balancing", 
    "DF.feature.selection", "DF.valid.acc", "DF.test.acc", "DF.train.time", 
    "DF.n.support.vectors", "DF.index", "DF.n.solutions", "DF.generations", 
    "DF.n.evaluations", "DF.cpu.time")))
