full <-
structure(c(50, 55, 60, 65, 70, 75, 80, 85, 90, 95, 100, 8.46768, 
3.08832, 2.47634, 3.46473, 2.18576, 8.09449, 0.6214, 2.56194, 
5.81738, 7.52649, 7.95101, -11.14692, -7.86286, -10.36672, -10.86872, 
-4.73321, -13.0856, -8.56924, -9.43897, -15, -15, -15, 0, 0, 
0, 0, 0, 0, 0, 0, 0, 0, 0, 0, 0, 0, 0, 0, 0, 0, 0, 0, 0, 0, 0.8378, 
0.84924, 0.84111, 0.83789, 0.84595, 0.83696, 0.83857, 0.84046, 
0.83889, 0.8468, 0.83598, 0.80964, 0.82493, 0.82379, 0.82211, 
0.82143, 0.81443, 0.82606, 0.84062, 0.82393, 0.83978, 0.8292, 
0.0151, 0.0189, 0.0198, 0.0212, 0.0224, 0.0225, 0.0254, 0.0252, 
0.0304, 0.028, 0.0292, 48.2, 58.4, 91.1, 89, 81.2, 77.8, 112.7, 
97, 149.1, 117, 116.3, 25, 587, 95, 391, 19, 59, 618, 85, 245, 
131, 68, 208, 124, 299, 14, 182, 499, 42, 199, 48, 364, 260, 
100, 100, 100, 100, 100, 100, 100, 100, 100, 100, 100, 2500, 
2500, 2500, 2500, 2500, 2500, 2500, 2500, 2500, 2500, 2500, 6640.382, 
9024.132, 8837.711, 9170.765, 9303.132, 9487.255, 9557.031, 9534.645, 
9664.87100000001, 9435.13500000001, 9522.364, 9.856, 2.94464, 
0.99768, 6.72344, 2.8747, 5.13615, 0.55658, 5.57094, 3.28728, 
6.97043, 1.60439, -12.75575, -7.59638, -8.66954, -2.58996, -4.24336, 
-10.72549, -8.50855, -14.30576, -12.30492, -14.56329, -9.01281, 
0, 0, 0, 0, 0, 0, 0, 0, 0, 0, 0, 0, 0, 0, 0, 0, 0, 0, 0, 0, 0, 
0, 0.8378, 0.84924, 0.84111, 0.83289, 0.85048, 0.83696, 0.83857, 
0.84046, 0.83889, 0.8468, 0.83598, 0.81679, 0.82493, 0.82379, 
0.78053, 0.82143, 0.81897, 0.82606, 0.82862, 0.82764, 0.83633, 
0.8292, 0.0152, 0.0187, 0.0209, 0.0247, 0.0227, 0.0229, 0.0241, 
0.0282, 0.0309, 0.0273, 0.0289, 48.5, 57.9, 88.4, 101.8, 85.3, 
80.4, 112.8, 130.6, 145.7, 119.3, 122.6, 256, 32, 59, 66, 1516, 
17, 2037, 88, 533, 37, 73, 8, 7, 33, 15, 1, 50, 1, 13, 3, 17, 
22, 100, 100, 100, 100, 100, 100, 100, 100, 100, 100, 100, 2500, 
2500, 2500, 2500, 2500, 2500, 2500, 2500, 2500, 2500, 2500, 7022.985, 
9105.083, 9148.488, 9297.83, 9336.77, 9661.909, 9732.942, 9815.65299999999, 
9775.79400000002, 9687.91899999999, 9749.99100000001, 1, 1, 1, 
1, 1, 1, 1, 1, 1, 1, 1, 0.07692, 0.07692, 0.07692, 0.07692, 0.07692, 
0.07692, 0.07692, 0.07692, 0.07692, 0.07692, 0.07692, 0, 0, 0, 
0, 0, 0, 0, 0, 0, 0, 0, 0, 0, 0, 0, 0, 0, 0, 0, 0, 0, 0, 0.80881, 
0.81321, 0.77771, 0.80132, 0.82595, 0.78715, 0.80067, 0.82446, 
0.81667, 0.81835, 0.80851, 0.81637, 0.82608, 0.77804, 0.79605, 
0.83071, 0.80534, 0.79997, 0.83662, 0.80912, 0.83264, 0.82218, 
0.0161, 0.0196, 0.0192, 0.0223, 0.0218, 0.0244, 0.0245, 0.0261, 
0.0277, 0.0285, 0.0303, 70.7, 75.6, 83.3, 91.3, 95.3, 102.4, 
105.5, 110.1, 117.7, 122, 126.1, 1, 1, 1, 1, 1, 1, 1, 1, 1, 1, 
1, 1, 1, 1, 1, 1, 1, 1, 1, 1, 1, 1, 1, 1, 1, 1, 1, 1, 1, 1, 1, 
1, 1, 1, 1, 1, 1, 1, 1, 1, 1, 1, 1, 1, 2.767, 3.743, 3.409, 3.8, 
3.533, 3.746, 3.696, 3.801, 3.745, 3.692, 3.813), .Dim = c(11L, 
40L), .Dimnames = list(NULL, c("Sampling", "PSO.cost", "PSO.gamma", 
"PSO.data.balancing", "PSO.feature.selection", "PSO.valid.acc", 
"PSO.test.acc", "PSO.train.time", "PSO.n.support.vectors", "PSO.index", 
"PSO.n.solutions", "PSO.generations", "PSO.n.evaluations", "PSO.cpu.time", 
"RS.cost", "RS.gamma", "RS.data.balancing", "RS.feature.selection", 
"RS.valid.acc", "RS.test.acc", "RS.train.time", "RS.n.support.vectors", 
"RS.index", "RS.n.solutions", "RS.generations", "RS.n.evaluations", 
"RS.cpu.time", "DF.cost", "DF.gamma", "DF.data.balancing", "DF.feature.selection", 
"DF.valid.acc", "DF.test.acc", "DF.train.time", "DF.n.support.vectors", 
"DF.index", "DF.n.solutions", "DF.generations", "DF.n.evaluations", 
"DF.cpu.time")))
