full <-
structure(c(50, 55, 60, 65, 70, 75, 80, 85, 90, 95, 100, 10.16359, 
9.77488, 10.25752, 13.05549, 0.44056, 14.42974, -1.45817, 14.31569, 
3.76271, 8.18362, -1.37374, -9.36025, -8.59292, -10.10761, -9.51774, 
-2.062, -13.95095, -2.2745, -9.35389, -1.45506, -1.54601, -0.97146, 
0, 0, 0, 0, 0, 0, 0, 0, 0, 0, 0, 0, 0, 0, 0, 0, 0, 0, 0, 0, 0, 
0, 1, 1, 1, 1, 1, 1, 1, 1, 1, 1, 1, 1, 1, 1, 1, 1, 1, 0.99969, 
1, 1, 1, 1, 0.7662, 0.8387, 1.0892, 1.2529, 17.3413, 1.8397, 
17.7277, 1.8509, 63.249, 60.1164, 107.4157, 145.8, 152.6, 161.2, 
172.7, 2527.8, 208.6, 2356.9, 210.5, 4745.9, 4841.9, 6070.2, 
4, 4, 3, 2, 2, 2, 2, 2, 3, 2, 2, 1936, 1912, 1863, 1827, 1731, 
1910, 1746, 2011, 2093, 2001, 1992, 100, 100, 100, 100, 100, 
100, 100, 100, 100, 100, 100, 2500, 2500, 2500, 2500, 2500, 2500, 
2500, 2500, 2500, 2500, 2500, 83466.299, 141422.331, 218410.401, 
305229.235, 244316.691, 290237.163, 437462.197, 553088.004, 648468.154, 
431991.868, 541711.884000001, 11.07824, 13.61613, 8.81909, 6.74227, 
13.31474, 14.60258, 5.91376, 5.03527, 11.0384, 5.35656, 11.54025, 
-5.21054, -9.59022, -9.08651, -4.90663, -7.31707, -2.98279, -0.12653, 
-5.20597, -6.8793, 0.2601, -2.18384, 0, 0, 0, 0, 0, 0, 0, 0, 
0, 0, 0, 0, 0, 0, 0, 0, 0, 0, 0, 0, 0, 0, 1, 1, 1, 1, 1, 1, 1, 
1, 1, 1, 1, 1, 1, 1, 1, 1, 1, 1, 1, 1, 1, 1, 0.8287, 0.9417, 
0.9999, 1.3986, 1.3138, 5.5085, 69.2922, 2.1329, 1.7943, 86.6058, 
31.0002, 209.9, 152.6, 155.8, 263.4, 188.3, 1081.7, 5163.5, 289.5, 
222.7, 6172.1, 3130.5, 1, 1, 4, 1, 1, 1, 3, 1, 1, 1, 1, 1094, 
1236, 1240, 1252, 1228, 1317, 1409, 1410, 1386, 1451, 1421, 100, 
100, 100, 100, 100, 100, 100, 100, 100, 100, 100, 2500, 2500, 
2500, 2500, 2500, 2500, 2500, 2500, 2500, 2500, 2500, 117619.615, 
190137.825, 249470.315, 294969.265, 361535.22, 401021.475, 510683.027, 
556261.706, 604751.170000001, 656920.247, 752084.697, 1, 1, 1, 
1, 1, 1, 1, 1, 1, 1, 1, 0.04762, 0.04762, 0.04762, 0.04762, 0.04762, 
0.04762, 0.04762, 0.04762, 0.04762, 0.04762, 0.04762, 0, 0, 0, 
0, 0, 0, 0, 0, 0, 0, 0, 0, 0, 0, 0, 0, 0, 0, 0, 0, 0, 0, 0.99877, 
0.99888, 0.99897, 0.99887, 0.99894, 0.99902, 0.99908, 0.99928, 
0.99918, 0.99909, 0.99951, 0.99877, 0.99888, 0.99897, 0.99887, 
0.99894, 0.99902, 0.99908, 0.99913, 0.99918, 0.99909, 0.99951, 
1.1878, 1.3853, 1.6119, 1.8415, 2.0651, 2.1774, 2.5056, 2.6517, 
2.7688, 2.8756, 3.2511, 314.9, 326.6, 342.2, 363.9, 375.3, 384.2, 
400.4, 423.5, 435.6, 443.3, 462.7, 1, 1, 1, 1, 1, 1, 1, 1, 1, 
1, 1, 1, 1, 1, 1, 1, 1, 1, 1, 1, 1, 1, 1, 1, 1, 1, 1, 1, 1, 1, 
1, 1, 1, 1, 1, 1, 1, 1, 1, 1, 1, 1, 1, 1, 15.482, 17.649, 19.979, 
22.482, 25.043, 26.272, 29.55, 31.084, 32.167, 33.201, 37.158
), .Dim = c(11L, 40L), .Dimnames = list(NULL, c("Sampling", "PSO.cost", 
"PSO.gamma", "PSO.data.balancing", "PSO.feature.selection", "PSO.valid.acc", 
"PSO.test.acc", "PSO.train.time", "PSO.n.support.vectors", "PSO.index", 
"PSO.n.solutions", "PSO.generations", "PSO.n.evaluations", "PSO.cpu.time", 
"RS.cost", "RS.gamma", "RS.data.balancing", "RS.feature.selection", 
"RS.valid.acc", "RS.test.acc", "RS.train.time", "RS.n.support.vectors", 
"RS.index", "RS.n.solutions", "RS.generations", "RS.n.evaluations", 
"RS.cpu.time", "DF.cost", "DF.gamma", "DF.data.balancing", "DF.feature.selection", 
"DF.valid.acc", "DF.test.acc", "DF.train.time", "DF.n.support.vectors", 
"DF.index", "DF.n.solutions", "DF.generations", "DF.n.evaluations", 
"DF.cpu.time")))
