full <-
structure(c(50, 55, 60, 65, 70, 75, 80, 85, 90, 95, 100, 7.45902, 
12.72134, 14.24198, 11.87536, 0.09185, 10.33723, 10.98574, 12.07358, 
5.37499, 12.64365, 10.4057, -8.44838, -2.2305, -9.54796, -6.8525, 
-2.02506, -2.15982, -12.49242, -11.37013, -1.41662, -1.67467, 
-7.15805, 0, 0, 0, 0, 0, 0, 0, 0, 0, 0, 0, 0, 0, 0, 0, 0, 0, 
0, 0, 0, 0, 0, 1, 1, 1, 1, 1, 1, 1, 1, 1, 1, 1, 1, 1, 1, 1, 1, 
1, 1, 1, 1, 1, 1, 0.7178, 8.2324, 1.0725, 1.2207, 18.8879, 21.9934, 
2.2358, 2.4715, 73.6836, 62.8234, 2.2505, 146, 1754.4, 168.1, 
186.5, 2583.7, 2441.5, 289.6, 254.3, 4829, 4499.2, 232.6, 3, 
4, 2, 5, 6, 2, 5, 5, 2, 2, 2, 1846, 1843, 2002, 2046, 1836, 1922, 
1658, 1854, 1943, 1864, 1939, 100, 100, 100, 100, 100, 100, 100, 
100, 100, 100, 100, 2500, 2500, 2500, 2500, 2500, 2500, 2500, 
2500, 2500, 2500, 2500, 88765.934, 126905.7, 92772.604, 134468.84, 
311482.495, 421214.709, 457286.529, 315755.155, 662769.039, 521027.030999999, 
553804.57, 6.28771, 11.20285, 8.20823, 9.64649, 8.72413, 5.67111, 
12.27455, 7.56423, 4.11292, 0.82118, 4.97969, -3.03327, -2.36516, 
-7.56377, -5.31195, -10.43796, -2.0304, -12.25347, -5.93715, 
-0.75464, -0.91927, -4.09041, 0, 0, 0, 0, 0, 0, 0, 0, 0, 0, 0, 
0, 0, 0, 0, 0, 0, 0, 0, 0, 0, 0, 1, 1, 1, 1, 1, 1, 1, 1, 1, 1, 
1, 1, 1, 1, 1, 1, 1, 1, 1, 1, 1, 1, 2.5471, 6.7325, 1.0529, 1.2727, 
1.5873, 21.3033, 2.2056, 1.8819, 101.3534, 97.2887, 4.0297, 759.9, 
1557.2, 167.5, 224.6, 209.4, 2737.5, 271.2, 233.6, 5557.9, 5770.3, 
534.5, 1, 5, 2, 2, 2, 3, 9, 1, 2, 2, 1, 1096, 1255, 1112, 1184, 
1281, 1322, 1339, 1246, 1328, 1205, 1452, 100, 100, 100, 100, 
100, 100, 100, 100, 100, 100, 100, 2500, 2500, 2500, 2500, 2500, 
2500, 2500, 2500, 2500, 2500, 2500, 126659.067, 178519.839, 252117.061, 
309349.654, 393806.418, 434238.053, 532637.324, 618369.994, 666939.714000001, 
711822.521, 806856.487, 1, 1, 1, 1, 1, 1, 1, 1, 1, 1, 1, 0.04762, 
0.04762, 0.04762, 0.04762, 0.04762, 0.04762, 0.04762, 0.04762, 
0.04762, 0.04762, 0.04762, 0, 0, 0, 0, 0, 0, 0, 0, 0, 0, 0, 0, 
0, 0, 0, 0, 0, 0, 0, 0, 0, 0, 0.99877, 0.99888, 0.99877, 0.99886, 
0.99877, 0.99885, 0.99892, 0.99899, 0.99918, 0.99935, 0.99938, 
0.99877, 0.99888, 0.99877, 0.99886, 0.99894, 0.99902, 0.99892, 
0.99899, 0.99904, 0.99922, 0.99938, 1.2403, 1.3412, 1.5942, 1.8688, 
2.1174, 2.2535, 2.5419, 2.6617, 2.8921, 3.2532, 3.4318, 310.8, 
322.5, 338, 353.5, 367.8, 373.8, 392.9, 401.7, 421.4, 447.1, 
455.9, 1, 1, 1, 1, 1, 1, 1, 1, 1, 1, 1, 1, 1, 1, 1, 1, 1, 1, 
1, 1, 1, 1, 1, 1, 1, 1, 1, 1, 1, 1, 1, 1, 1, 1, 1, 1, 1, 1, 1, 
1, 1, 1, 1, 1, 16.048, 17.184, 19.991, 23.163, 25.859, 27.205, 
30.524, 31.523, 33.962, 37.823, 39.714), .Dim = c(11L, 40L), .Dimnames = list(
    NULL, c("Sampling", "PSO.cost", "PSO.gamma", "PSO.data.balancing", 
    "PSO.feature.selection", "PSO.valid.acc", "PSO.test.acc", 
    "PSO.train.time", "PSO.n.support.vectors", "PSO.index", "PSO.n.solutions", 
    "PSO.generations", "PSO.n.evaluations", "PSO.cpu.time", "RS.cost", 
    "RS.gamma", "RS.data.balancing", "RS.feature.selection", 
    "RS.valid.acc", "RS.test.acc", "RS.train.time", "RS.n.support.vectors", 
    "RS.index", "RS.n.solutions", "RS.generations", "RS.n.evaluations", 
    "RS.cpu.time", "DF.cost", "DF.gamma", "DF.data.balancing", 
    "DF.feature.selection", "DF.valid.acc", "DF.test.acc", "DF.train.time", 
    "DF.n.support.vectors", "DF.index", "DF.n.solutions", "DF.generations", 
    "DF.n.evaluations", "DF.cpu.time")))
