full <-
structure(c(50, 55, 60, 65, 70, 75, 80, 85, 90, 95, 100, 2.60302, 
6.91628, 13.34697, 12.32208, 14.80837, 12.4544, 5.13578, 13.0011, 
13.26143, 10.66437, 4.32437, -4.76194, -3.04142, -13.54995, -11.19012, 
-9.98207, -11.80624, -2.61807, -3.5625, -8.23509, -7.57386, -1.21632, 
0, 0, 0, 0, 0, 0, 0, 0, 0, 0, 0, 0, 0, 0, 0, 0, 0, 0, 0, 0, 0, 
0, 1, 1, 1, 1, 1, 1, 1, 1, 1, 1, 1, 1, 1, 1, 1, 1, 1, 1, 1, 1, 
1, 1, 0.8893, 3.1758, 1.3243, 1.4025, 1.424, 1.9095, 9.1281, 
4.2915, 1.8773, 1.9999, 82.8583, 234, 804.6, 199.4, 190.1, 176.1, 
243.1, 1680.2, 684.6, 204.9, 225.7, 5789.3, 2, 2, 3, 5, 2, 2, 
5, 9, 3, 3, 2, 1983, 1878, 1899, 1907, 1858, 1992, 1803, 1772, 
1889, 1786, 1946, 100, 100, 100, 100, 100, 100, 100, 100, 100, 
100, 100, 2500, 2500, 2500, 2500, 2500, 2500, 2500, 2500, 2500, 
2500, 2500, 92365.346, 140483.994, 137665.715, 207264.162, 363068.453, 
213729.047, 334929.564, 492199.279, 625772.199, 606730.514, 605202.648, 
10.67365, 7.81451, 10.60439, 12.67868, 11.29867, 14.46077, 14.29475, 
10.85344, 3.70253, 10.23975, 2.20037, -3.02763, -6.26153, -12.37436, 
-3.61671, -1.2036, -8.91715, -8.49282, -5.00068, -0.33567, -2.9409, 
-5.52682, 0, 0, 0, 0, 0, 0, 0, 0, 0, 0, 0, 0, 0, 0, 0, 0, 0, 
0, 0, 0, 0, 0, 1, 1, 1, 1, 1, 1, 1, 1, 1, 1, 1, 1, 1, 1, 1, 1, 
1, 1, 1, 1, 1, 1, 2.6339, 0.898, 1.3191, 2.6361, 35.6748, 1.5029, 
1.6315, 2.1576, 91.1128, 9.1136, 2.2637, 767.3, 173.6, 216.8, 
542.1, 3957.1, 185.2, 195.8, 302.1, 5759.1, 1383.1, 309.8, 4, 
1, 1, 4, 1, 4, 3, 2, 1, 5, 1, 1228, 1344, 1321, 1271, 1358, 1194, 
1358, 796, 1369, 919, 1390, 100, 100, 100, 100, 100, 100, 100, 
100, 100, 100, 100, 2500, 2500, 2500, 2500, 2500, 2500, 2500, 
2500, 2500, 2500, 2500, 131182.067, 182539.516, 235711.152, 303898.563, 
382520.265, 398542.22, 504465.581, 612314.262000001, 634510.371, 
615412.205, 688451.744, 1, 1, 1, 1, 1, 1, 1, 1, 1, 1, 1, 0.04762, 
0.04762, 0.04762, 0.04762, 0.04762, 0.04762, 0.04762, 0.04762, 
0.04762, 0.04762, 0.04762, 0, 0, 0, 0, 0, 0, 0, 0, 0, 0, 0, 0, 
0, 0, 0, 0, 0, 0, 0, 0, 0, 0, 0.99877, 0.99888, 0.99897, 0.99905, 
0.99912, 0.99902, 0.99908, 0.99913, 0.99918, 0.99948, 0.99926, 
0.99877, 0.99888, 0.99897, 0.99905, 0.99912, 0.99902, 0.99908, 
0.99913, 0.99918, 0.99935, 0.99938, 1.235, 1.4422, 1.5856, 1.7778, 
2.052, 2.1834, 2.5164, 2.6484, 2.7876, 2.8006, 3.3942, 316.8, 
325.6, 339.5, 350, 362.3, 387.3, 397, 410.8, 419.2, 441.3, 462, 
1, 1, 1, 1, 1, 1, 1, 1, 1, 1, 1, 1, 1, 1, 1, 1, 1, 1, 1, 1, 1, 
1, 1, 1, 1, 1, 1, 1, 1, 1, 1, 1, 1, 1, 1, 1, 1, 1, 1, 1, 1, 1, 
1, 1, 15.989, 18.354, 19.738, 21.904, 24.971, 26.188, 30.029, 
31.217, 32.529, 32.451, 38.971), .Dim = c(11L, 40L), .Dimnames = list(
    NULL, c("Sampling", "PSO.cost", "PSO.gamma", "PSO.data.balancing", 
    "PSO.feature.selection", "PSO.valid.acc", "PSO.test.acc", 
    "PSO.train.time", "PSO.n.support.vectors", "PSO.index", "PSO.n.solutions", 
    "PSO.generations", "PSO.n.evaluations", "PSO.cpu.time", "RS.cost", 
    "RS.gamma", "RS.data.balancing", "RS.feature.selection", 
    "RS.valid.acc", "RS.test.acc", "RS.train.time", "RS.n.support.vectors", 
    "RS.index", "RS.n.solutions", "RS.generations", "RS.n.evaluations", 
    "RS.cpu.time", "DF.cost", "DF.gamma", "DF.data.balancing", 
    "DF.feature.selection", "DF.valid.acc", "DF.test.acc", "DF.train.time", 
    "DF.n.support.vectors", "DF.index", "DF.n.solutions", "DF.generations", 
    "DF.n.evaluations", "DF.cpu.time")))
