full <-
structure(c(50, 55, 60, 65, 70, 75, 80, 85, 90, 95, 100, 8.82049, 
2.9263, 11.35286, 9.11808, 0.18119, 5.01835, 6.39215, 7.22694, 
13.06487, 14.92885, 13.90564, -6.66548, 0.1291, -12.23141, -8.47116, 
-1.65712, -3.35342, -6.6006, -1.83506, -8.22542, -10.93286, -12.9903, 
0, 0, 0, 0, 0, 0, 0, 0, 0, 0, 0, 0, 0, 0, 0, 0, 0, 0, 0, 0, 0, 
0, 1, 1, 1, 1, 1, 1, 1, 1, 1, 1, 1, 1, 1, 1, 1, 1, 1, 1, 1, 1, 
1, 1, 0.7748, 17.3332, 1.3946, 1.2166, 24.7683, 3.9111, 1.5994, 
33.9764, 1.8423, 2.4252, 2.8747, 162.3, 3571.1, 223.3, 177.7, 
3356.9, 736, 218.3, 3622.9, 209, 271.6, 314.3, 3, 4, 4, 2, 2, 
2, 2, 2, 2, 2, 5, 1926, 1885, 1712, 1666, 1928, 1864, 1996, 1944, 
2096, 1876, 1870, 100, 100, 100, 100, 100, 100, 100, 100, 100, 
100, 100, 2500, 2500, 2500, 2500, 2500, 2500, 2500, 2500, 2500, 
2500, 2500, 78651.119, 201152.97, 188409.839, 351506.316, 262404.092, 
427922.845, 262961.575, 557689.472, 475262.994, 497316.102, 495318.915, 
7.14066, 4.29076, 13.23556, 13.79474, 8.89478, 14.87119, 12.28398, 
4.2492, 11.62876, 1.77998, 10.96076, -4.76804, -1.58834, -9.88775, 
-2.82647, 0.06812, -5.43628, -6.07487, 0.58425, -5.23557, -4.77963, 
-3.48448, 0, 0, 0, 0, 0, 0, 0, 0, 0, 0, 0, 0, 0, 0, 0, 0, 0, 
0, 0, 0, 0, 0, 1, 1, 1, 1, 1, 1, 1, 1, 1, 1, 1, 1, 1, 1, 1, 1, 
1, 1, 1, 1, 1, 1, 0.9379, 12.2469, 1.1553, 4.9723, 44.4694, 1.5575, 
1.6408, 64.7399, 2.1436, 2.7457, 5.8157, 236.7, 2754, 174.7, 
1123.4, 4540.2, 252.1, 234.4, 5523.2, 300.2, 370.5, 850, 5, 1, 
1, 1, 3, 4, 2, 1, 1, 2, 2, 1141, 1198, 1234, 1285, 1275, 1368, 
1340, 1395, 1350, 1381, 1465, 100, 100, 100, 100, 100, 100, 100, 
100, 100, 100, 100, 2500, 2500, 2500, 2500, 2500, 2500, 2500, 
2500, 2500, 2500, 2500, 120530.454, 172136.991, 239018.622, 308933.403, 
382502.836, 402003.139, 491217.793, 594405.566, 598206.91, 628807.412, 
743091.885000001, 1, 1, 1, 1, 1, 1, 1, 1, 1, 1, 1, 0.04762, 0.04762, 
0.04762, 0.04762, 0.04762, 0.04762, 0.04762, 0.04762, 0.04762, 
0.04762, 0.04762, 0, 0, 0, 0, 0, 0, 0, 0, 0, 0, 0, 0, 0, 0, 0, 
0, 0, 0, 0, 0, 0, 0, 0.99902, 0.99911, 0.99897, 0.99886, 0.99912, 
0.99918, 0.99892, 0.99942, 0.99945, 0.99935, 0.99951, 0.99902, 
0.99911, 0.99897, 0.99886, 0.99877, 0.99902, 0.99923, 0.99942, 
0.99932, 0.99948, 0.99938, 1.1752, 1.4255, 1.6257, 1.8057, 1.9749, 
2.1364, 2.3953, 2.5473, 2.7669, 2.9843, 3.3616, 316.3, 328.1, 
347.6, 356.5, 367.8, 384.6, 398.9, 410.3, 434.2, 455.2, 461, 
1, 1, 1, 1, 1, 1, 1, 1, 1, 1, 1, 1, 1, 1, 1, 1, 1, 1, 1, 1, 1, 
1, 1, 1, 1, 1, 1, 1, 1, 1, 1, 1, 1, 1, 1, 1, 1, 1, 1, 1, 1, 1, 
1, 1, 15.282, 18.117, 20.376, 22.391, 23.903, 25.734, 28.268, 
30.011, 32.285, 34.321, 38.509), .Dim = c(11L, 40L), .Dimnames = list(
    NULL, c("Sampling", "PSO.cost", "PSO.gamma", "PSO.data.balancing", 
    "PSO.feature.selection", "PSO.valid.acc", "PSO.test.acc", 
    "PSO.train.time", "PSO.n.support.vectors", "PSO.index", "PSO.n.solutions", 
    "PSO.generations", "PSO.n.evaluations", "PSO.cpu.time", "RS.cost", 
    "RS.gamma", "RS.data.balancing", "RS.feature.selection", 
    "RS.valid.acc", "RS.test.acc", "RS.train.time", "RS.n.support.vectors", 
    "RS.index", "RS.n.solutions", "RS.generations", "RS.n.evaluations", 
    "RS.cpu.time", "DF.cost", "DF.gamma", "DF.data.balancing", 
    "DF.feature.selection", "DF.valid.acc", "DF.test.acc", "DF.train.time", 
    "DF.n.support.vectors", "DF.index", "DF.n.solutions", "DF.generations", 
    "DF.n.evaluations", "DF.cpu.time")))
