full <-
structure(c(50, 55, 60, 65, 70, 75, 80, 85, 90, 95, 100, 13.06106, 
13.98402, 10.10085, 4.61712, 5.00755, 10.06123, 7.36618, 7.4918, 
6.45162, 14.1787, 13.31924, -14.17149, -4.42226, -4.49338, -3.1725, 
-3.05525, -4.94955, -5.56615, -1.76258, -5.49371, -13.54012, 
-3.4089, 0, 0, 0, 0, 0, 0, 0, 0, 0, 0, 0, 0, 0, 0, 0, 0, 0, 0, 
0, 0, 0, 0, 1, 1, 1, 0.99981, 1, 1, 1, 1, 1, 1, 1, 1, 1, 1, 0.99981, 
1, 1, 1, 1, 1, 1, 1, 1.0963, 1.236, 1.464, 3.7722, 4.9028, 1.706, 
1.6792, 35.5546, 2.1062, 2.2023, 5.8289, 204.1, 296.7, 301, 813.3, 
951.6, 298.6, 255.1, 3806.1, 277.6, 257.9, 909.5, 2, 3, 3, 4, 
2, 3, 3, 2, 4, 2, 2, 1667, 1870, 1824, 1832, 1927, 1946, 2031, 
1977, 1899, 2060, 1871, 100, 100, 100, 100, 100, 100, 100, 100, 
100, 100, 100, 2500, 2500, 2500, 2500, 2500, 2500, 2500, 2500, 
2500, 2500, 2500, 96678.162, 136611.861, 205288.455, 103186.073, 
393252.185, 263443.395, 505217.794, 646929.827, 361994.563999999, 
379524.258, 695474.069, 12.23986, 11.56851, 3.46393, 7.79436, 
8.37659, 7.98031, 8.23415, 12.83394, 8.37219, 2.93552, 7.7046, 
-12.2367, -5.43235, -4.94739, -8.14624, -3.88073, -2.69763, -3.52744, 
-0.89782, -3.79787, -2.16534, -9.37831, 0, 0, 0, 0, 0, 0, 0, 
0, 0, 0, 0, 0, 0, 0, 0, 0, 0, 0, 0, 0, 0, 0, 1, 1, 1, 0.99981, 
1, 1, 1, 1, 1, 1, 1, 1, 1, 1, 0.99962, 1, 1, 1, 1, 1, 1, 1, 1.0032, 
1.0256, 1.3369, 1.1164, 2.4034, 6.8796, 3.7811, 67.7827, 3.6996, 
25.5873, 2.0888, 199.5, 214.4, 257.9, 177.8, 475.5, 1461.9, 682.4, 
5140.9, 600.8, 3063.6, 241.4, 4, 2, 6, 8, 1, 1, 1, 1, 1, 2, 1, 
1132, 1173, 627, 626, 1069, 1075, 1246, 1058, 1349, 1312, 1448, 
100, 100, 100, 100, 100, 100, 100, 100, 100, 100, 100, 2500, 
2500, 2500, 2500, 2500, 2500, 2500, 2500, 2500, 2500, 2500, 122299.23, 
179625.213, 259380.924, 288494.306, 325285.189, 374900.849, 453122.904, 
525115.443, 542854.046, 619388.323000001, 695346.142, 1, 1, 1, 
1, 1, 1, 1, 1, 1, 1, 1, 0.04762, 0.04762, 0.04762, 0.04762, 0.04762, 
0.04762, 0.04762, 0.04762, 0.04762, 0.04762, 0.04762, 0, 0, 0, 
0, 0, 0, 0, 0, 0, 0, 0, 0, 0, 0, 0, 0, 0, 0, 0, 0, 0, 0, 0.99951, 
0.99955, 0.99918, 0.99886, 0.9993, 0.99934, 0.99908, 0.99928, 
0.99918, 0.99922, 0.99938, 0.99951, 0.99955, 0.99918, 0.99886, 
0.9993, 0.99934, 0.99908, 0.99913, 0.99918, 0.99922, 0.99926, 
1.122, 1.4064, 1.577, 1.8288, 1.8364, 2.0574, 2.2132, 2.4413, 
2.6238, 2.738, 3.084, 309.2, 321.8, 335.6, 353.2, 366.5, 384.1, 
401.1, 409.9, 423.4, 444.8, 459.9, 1, 1, 1, 1, 1, 1, 1, 1, 1, 
1, 1, 1, 1, 1, 1, 1, 1, 1, 1, 1, 1, 1, 1, 1, 1, 1, 1, 1, 1, 1, 
1, 1, 1, 1, 1, 1, 1, 1, 1, 1, 1, 1, 1, 1, 14.39, 18.496, 20.139, 
23.018, 22.402, 24.848, 26.428, 28.961, 30.586, 31.75, 35.343
), .Dim = c(11L, 40L), .Dimnames = list(NULL, c("Sampling", "PSO.cost", 
"PSO.gamma", "PSO.data.balancing", "PSO.feature.selection", "PSO.valid.acc", 
"PSO.test.acc", "PSO.train.time", "PSO.n.support.vectors", "PSO.index", 
"PSO.n.solutions", "PSO.generations", "PSO.n.evaluations", "PSO.cpu.time", 
"RS.cost", "RS.gamma", "RS.data.balancing", "RS.feature.selection", 
"RS.valid.acc", "RS.test.acc", "RS.train.time", "RS.n.support.vectors", 
"RS.index", "RS.n.solutions", "RS.generations", "RS.n.evaluations", 
"RS.cpu.time", "DF.cost", "DF.gamma", "DF.data.balancing", "DF.feature.selection", 
"DF.valid.acc", "DF.test.acc", "DF.train.time", "DF.n.support.vectors", 
"DF.index", "DF.n.solutions", "DF.generations", "DF.n.evaluations", 
"DF.cpu.time")))
