full <-
structure(c(50, 55, 60, 65, 70, 75, 80, 85, 90, 95, 100, 11.55067, 
1.22578, 7.48144, 13.45231, 5.62632, 14.55326, 7.43173, 13.62295, 
9.93777, 12.74816, 1.89242, -10.55617, -1.80481, -4.45051, -8.22902, 
-1.28942, -14.05517, -3.44587, -11.16956, -5.87411, -1.27253, 
-1.45879, 0, 0, 0, 0, 0, 0, 0, 0, 0, 0, 0, 0, 0, 0, 0, 0, 0, 
0, 0, 0, 0, 0, 1, 1, 1, 1, 1, 1, 1, 1, 1, 1, 1, 1, 1, 1, 1, 1, 
1, 1, 1, 1, 1, 1, 0.7877, 9.8235, 1.4525, 1.1326, 33.6958, 1.8815, 
4.1986, 2.1668, 2.0265, 82.3684, 80.0082, 149, 2449.6, 298.2, 
168.9, 3868.5, 187.1, 712.9, 251.5, 255.3, 5381.5, 5347.6, 2, 
2, 2, 3, 2, 3, 2, 2, 7, 3, 3, 1891, 1962, 1786, 1857, 1714, 1571, 
1997, 2030, 1981, 1959, 1908, 100, 100, 100, 100, 100, 100, 100, 
100, 100, 100, 100, 2500, 2500, 2500, 2500, 2500, 2500, 2500, 
2500, 2500, 2500, 2500, 67648.253, 135167.051, 254483.79, 191254.687, 
320421.444, 315780.796, 404891.822, 358058.011, 655097.236, 540071.304, 
635618.613, 9.81497, 13.93758, 5.43298, 3.53331, 10.0622, 9.0731, 
4.12772, 7.75212, 7.63498, 13.7928, -0.34574, -7.88019, -7.08954, 
-3.11677, -4.93319, -1.22827, -8.55599, -1.05113, -6.52683, -0.41883, 
-5.29392, 0.32834, 0, 0, 0, 0, 0, 0, 0, 0, 0, 0, 0, 0, 0, 0, 
0, 0, 0, 0, 0, 0, 0, 0, 1, 1, 1, 1, 1, 1, 1, 1, 1, 1, 1, 1, 1, 
1, 1, 1, 1, 1, 1, 1, 1, 0.99988, 0.7024, 0.9111, 3.4329, 1.4229, 
36.8492, 1.5179, 63.316, 1.7349, 93.7004, 2.3518, 89.0672, 145.4, 
163.1, 784.5, 247.5, 3930.1, 182.8, 4686.8, 218.4, 5725.6, 299.3, 
6499.2, 3, 4, 1, 3, 1, 3, 2, 2, 2, 1, 2, 934, 1237, 1106, 1194, 
635, 957, 1376, 1321, 1184, 1360, 1407, 100, 100, 100, 100, 100, 
100, 100, 100, 100, 100, 100, 2500, 2500, 2500, 2500, 2500, 2500, 
2500, 2500, 2500, 2500, 2500, 117867.621, 186375.815, 245059.642, 
312527.711, 355380.075, 406238.3, 482743.524, 575526.797, 646418.058, 
630535.399, 736517.590999999, 1, 1, 1, 1, 1, 1, 1, 1, 1, 1, 1, 
0.04762, 0.04762, 0.04762, 0.04762, 0.04762, 0.04762, 0.04762, 
0.04762, 0.04762, 0.04762, 0.04762, 0, 0, 0, 0, 0, 0, 0, 0, 0, 
0, 0, 0, 0, 0, 0, 0, 0, 0, 0, 0, 0, 0, 0.99901, 0.99911, 0.99918, 
0.99924, 0.9993, 0.99934, 0.99908, 0.99913, 0.99918, 0.99948, 
0.99926, 0.99901, 0.99911, 0.99918, 0.99924, 0.9993, 0.99934, 
0.99908, 0.99913, 0.99918, 0.99935, 0.99938, 1.2031, 1.4523, 
1.5462, 1.7236, 1.911, 2.1946, 2.3701, 2.5669, 2.6589, 2.9498, 
3.1599, 318.2, 325.5, 335.2, 348.3, 361.9, 373, 384.2, 403.8, 
421.3, 433.4, 457, 1, 1, 1, 1, 1, 1, 1, 1, 1, 1, 1, 1, 1, 1, 
1, 1, 1, 1, 1, 1, 1, 1, 1, 1, 1, 1, 1, 1, 1, 1, 1, 1, 1, 1, 1, 
1, 1, 1, 1, 1, 1, 1, 1, 1, 15.427, 18.357, 19.455, 21.355, 23.216, 
26.281, 28.113, 30.368, 31.241, 34.013, 36.351), .Dim = c(11L, 
40L), .Dimnames = list(NULL, c("Sampling", "PSO.cost", "PSO.gamma", 
"PSO.data.balancing", "PSO.feature.selection", "PSO.valid.acc", 
"PSO.test.acc", "PSO.train.time", "PSO.n.support.vectors", "PSO.index", 
"PSO.n.solutions", "PSO.generations", "PSO.n.evaluations", "PSO.cpu.time", 
"RS.cost", "RS.gamma", "RS.data.balancing", "RS.feature.selection", 
"RS.valid.acc", "RS.test.acc", "RS.train.time", "RS.n.support.vectors", 
"RS.index", "RS.n.solutions", "RS.generations", "RS.n.evaluations", 
"RS.cpu.time", "DF.cost", "DF.gamma", "DF.data.balancing", "DF.feature.selection", 
"DF.valid.acc", "DF.test.acc", "DF.train.time", "DF.n.support.vectors", 
"DF.index", "DF.n.solutions", "DF.generations", "DF.n.evaluations", 
"DF.cpu.time")))
