full <-
structure(c(50, 55, 60, 65, 70, 75, 80, 85, 90, 95, 100, 13.80194, 
12.60836, 7.6356, 13.1537, 14.88175, 9.32705, 5.71895, 14.04365, 
6.97203, 12.34844, 13.58023, -8.79229, -1.7909, -2.80745, -13.9972, 
-5.01206, -3.37574, -3.44881, -4.64414, -4.49439, -0.55644, -12.79743, 
0, 0, 0, 0, 0, 0, 0, 0, 0, 0, 0, 0, 0, 0, 0, 0, 0, 0, 0, 0, 0, 
0, 1, 0.99978, 1, 1, 1, 1, 1, 1, 1, 1, 1, 1, 0.99933, 0.99979, 
1, 1, 1, 1, 1, 1, 1, 1, 0.7355, 10.5799, 4.3837, 1.5776, 1.4528, 
3.7957, 4.2303, 2.2084, 2.5362, 101.4605, 2.6724, 148.9, 2483.5, 
1097.1, 207.7, 269.3, 741.2, 736.4, 344.7, 394.2, 5993.2, 312, 
3, 9, 2, 3, 3, 2, 2, 2, 4, 4, 2, 1935, 1352, 1817, 2023, 1908, 
2034, 1958, 1844, 1911, 1947, 1845, 100, 100, 100, 100, 100, 
100, 100, 100, 100, 100, 100, 2500, 2500, 2500, 2500, 2500, 2500, 
2500, 2500, 2500, 2500, 2500, 78128.623, 195471.773, 133834.36, 
190817.2, 291222.663, 240976.563, 377270.645, 519121.461, 382083.003, 
525941.054, 710915.254, 8.49975, 3.87614, 9.21404, 14.16502, 
7.61217, 10.88696, 4.62927, 7.09258, 9.52339, 4.54206, 9.10211, 
-7.50463, -2.74979, -1.524, -4.64696, -8.20874, -11.40763, -2.90308, 
-6.22145, -12.67632, -3.2903, -9.01973, 0, 0, 0, 0, 0, 0, 0, 
0, 0, 0, 0, 0, 0, 0, 0, 0, 0, 0, 0, 0, 0, 0, 1, 0.99978, 1, 1, 
1, 1, 1, 1, 1, 1, 1, 1, 0.99933, 0.99979, 1, 1, 1, 1, 1, 1, 1, 
1, 0.702, 3.8941, 17.9131, 1.4646, 1.3556, 1.7683, 6.7801, 1.6624, 
2.4816, 6.1079, 2.0026, 154.3, 1097.9, 3058.2, 284.9, 189.5, 
237, 1226, 229.8, 317.2, 961.4, 232.5, 1, 4, 1, 2, 1, 1, 1, 1, 
4, 1, 1, 1129, 350, 501, 1238, 1240, 1294, 1311, 1407, 1429, 
1441, 1387, 100, 100, 100, 100, 100, 100, 100, 100, 100, 100, 
100, 2500, 2500, 2500, 2500, 2500, 2500, 2500, 2500, 2500, 2500, 
2500, 115864.134, 181668.684, 237365.676, 289784.089, 342415.144, 
365750.921, 486210.324, 526115.62, 578364.664, 619966.424, 695916.453, 
1, 1, 1, 1, 1, 1, 1, 1, 1, 1, 1, 0.04762, 0.04762, 0.04762, 0.04762, 
0.04762, 0.04762, 0.04762, 0.04762, 0.04762, 0.04762, 0.04762, 
0, 0, 0, 0, 0, 0, 0, 0, 0, 0, 0, 0, 0, 0, 0, 0, 0, 0, 0, 0, 0, 
0, 0.99926, 0.99911, 0.99918, 0.99924, 0.99912, 0.99918, 0.99923, 
0.99913, 0.99904, 0.99922, 0.99938, 0.99926, 0.99911, 0.99918, 
0.99924, 0.99912, 0.99918, 0.99923, 0.99913, 0.99904, 0.99922, 
0.99938, 1.1013, 1.4031, 1.5745, 1.6385, 1.9184, 2.1076, 2.2228, 
2.5026, 2.7117, 2.7113, 3.0574, 312, 324.9, 341.8, 351, 370.3, 
380.6, 399.2, 413.2, 426.3, 439.6, 458.6, 1, 1, 1, 1, 1, 1, 1, 
1, 1, 1, 1, 1, 1, 1, 1, 1, 1, 1, 1, 1, 1, 1, 1, 1, 1, 1, 1, 1, 
1, 1, 1, 1, 1, 1, 1, 1, 1, 1, 1, 1, 1, 1, 1, 1, 14.396, 18.117, 
20.108, 20.154, 23.745, 25.544, 26.624, 29.453, 31.703, 31.512, 
35.291), .Dim = c(11L, 40L), .Dimnames = list(NULL, c("Sampling", 
"PSO.cost", "PSO.gamma", "PSO.data.balancing", "PSO.feature.selection", 
"PSO.valid.acc", "PSO.test.acc", "PSO.train.time", "PSO.n.support.vectors", 
"PSO.index", "PSO.n.solutions", "PSO.generations", "PSO.n.evaluations", 
"PSO.cpu.time", "RS.cost", "RS.gamma", "RS.data.balancing", "RS.feature.selection", 
"RS.valid.acc", "RS.test.acc", "RS.train.time", "RS.n.support.vectors", 
"RS.index", "RS.n.solutions", "RS.generations", "RS.n.evaluations", 
"RS.cpu.time", "DF.cost", "DF.gamma", "DF.data.balancing", "DF.feature.selection", 
"DF.valid.acc", "DF.test.acc", "DF.train.time", "DF.n.support.vectors", 
"DF.index", "DF.n.solutions", "DF.generations", "DF.n.evaluations", 
"DF.cpu.time")))
