full <-
structure(c(50, 55, 60, 65, 70, 75, 80, 85, 90, 95, 100, 13.69473, 
-0.18416, 4.04411, 0.34829, 13.07187, 13.92066, 12.565, 11.75672, 
3.76817, 13.29, 0.90763, 0.03283, -1.12046, -6.09138, -2.51556, 
-11.55546, -0.84269, -10.44899, -0.32347, -6.86678, -13.6875, 
-2.03658, 0, 0, 0, 0, 0, 0, 0, 0, 0, 0, 0, 0, 0, 0, 0, 0, 0, 
0, 0, 0, 0, 0, 1, 1, 1, 1, 1, 1, 1, 1, 1, 1, 1, 1, 1, 1, 1, 1, 
1, 1, 1, 1, 1, 1, 9.6431, 13.4982, 1.0929, 7.5525, 1.6702, 48.1262, 
1.8309, 74.0164, 1.8366, 2.5841, 29.1925, 3242.4, 3175, 187.9, 
1555.1, 230.6, 4535.3, 222.8, 5439.9, 240.9, 300.3, 3588.5, 11, 
2, 2, 3, 2, 3, 2, 3, 2, 2, 3, 1900, 1713, 1911, 1727, 1945, 1778, 
1834, 1962, 1940, 1950, 1835, 100, 100, 100, 100, 100, 100, 100, 
100, 100, 100, 100, 2500, 2500, 2500, 2500, 2500, 2500, 2500, 
2500, 2500, 2500, 2500, 125422.456, 152364.668, 199995.389, 347667.273, 
270760.758, 397505.97, 379905.052, 602327.762, 646058.045, 458837.46, 
450277.258, 1.41911, 6.47964, 4.68721, 8.54426, 13.20836, 2.21394, 
-1.76411, 4.0146, 14.01777, 4.4035, 2.82148, -1.8697, -6.23484, 
-2.05921, -8.29396, -9.8257, -3.82625, -0.92502, -2.47012, 0.17917, 
-5.53375, -2.504, 0, 0, 0, 0, 0, 0, 0, 0, 0, 0, 0, 0, 0, 0, 0, 
0, 0, 0, 0, 0, 0, 0, 1, 1, 1, 1, 1, 1, 1, 1, 1, 1, 1, 1, 1, 1, 
1, 1, 1, 1, 1, 1, 1, 1, 8.1844, 0.8957, 13.8581, 1.1372, 1.3838, 
2.6858, 59.6969, 12.6111, 65.5192, 2.1856, 17.7366, 2159.7, 177.6, 
2191.6, 172.7, 190.1, 493.3, 4786.4, 2023.8, 5844.7, 295.3, 2278.4, 
2, 1, 1, 1, 2, 1, 2, 3, 1, 2, 2, 809, 1159, 1362, 1209, 1376, 
1308, 1374, 1383, 1486, 1391, 1362, 100, 100, 100, 100, 100, 
100, 100, 100, 100, 100, 100, 2500, 2500, 2500, 2500, 2500, 2500, 
2500, 2500, 2500, 2500, 2500, 122250.874, 171996.655, 241552.868, 
297168.031, 335944.324, 381540.939, 479111.158, 508572.261, 505246.305, 
619190.853, 716651.774999999, 1, 1, 1, 1, 1, 1, 1, 1, 1, 1, 1, 
0.04762, 0.04762, 0.04762, 0.04762, 0.04762, 0.04762, 0.04762, 
0.04762, 0.04762, 0.04762, 0.04762, 0, 0, 0, 0, 0, 0, 0, 0, 0, 
0, 0, 0, 0, 0, 0, 0, 0, 0, 0, 0, 0, 0, 0.99926, 0.99888, 0.99877, 
0.99867, 0.99912, 0.99918, 0.99923, 0.99928, 0.99932, 0.99935, 
0.99951, 0.99926, 0.99888, 0.99877, 0.99886, 0.99912, 0.99901, 
0.99923, 0.99928, 0.99932, 0.99935, 0.99975, 1.1852, 1.4668, 
1.6187, 1.6751, 1.8236, 2.0288, 2.2293, 2.2991, 2.5557, 2.7592, 
3.0563, 308.8, 323, 341.1, 352.9, 365.9, 372.9, 388.3, 402.4, 
418.9, 447.3, 455.9, 1, 1, 1, 1, 1, 1, 1, 1, 1, 1, 1, 1, 1, 1, 
1, 1, 1, 1, 1, 1, 1, 1, 1, 1, 1, 1, 1, 1, 1, 1, 1, 1, 1, 1, 1, 
1, 1, 1, 1, 1, 1, 1, 1, 1, 15.411, 19.129, 20.727, 20.727, 22.124, 
24.66, 26.727, 27.196, 29.819, 31.801, 35.514), .Dim = c(11L, 
40L), .Dimnames = list(NULL, c("Sampling", "PSO.cost", "PSO.gamma", 
"PSO.data.balancing", "PSO.feature.selection", "PSO.valid.acc", 
"PSO.test.acc", "PSO.train.time", "PSO.n.support.vectors", "PSO.index", 
"PSO.n.solutions", "PSO.generations", "PSO.n.evaluations", "PSO.cpu.time", 
"RS.cost", "RS.gamma", "RS.data.balancing", "RS.feature.selection", 
"RS.valid.acc", "RS.test.acc", "RS.train.time", "RS.n.support.vectors", 
"RS.index", "RS.n.solutions", "RS.generations", "RS.n.evaluations", 
"RS.cpu.time", "DF.cost", "DF.gamma", "DF.data.balancing", "DF.feature.selection", 
"DF.valid.acc", "DF.test.acc", "DF.train.time", "DF.n.support.vectors", 
"DF.index", "DF.n.solutions", "DF.generations", "DF.n.evaluations", 
"DF.cpu.time")))
