full <-
structure(c(50, 55, 60, 65, 70, 75, 80, 85, 90, 95, 100, 10.78113, 
12.84421, 2.13074, 7.35746, 11.43418, 11.33984, 11.07127, 10.67854, 
10.70058, 10.37799, -0.34907, -1.64713, -2.2385, -4.07697, -5.50481, 
-12.79304, -2.75781, -5.0554, -3.80779, -6.33328, -0.0613, -1.09975, 
0, 0, 0, 0, 0, 0, 0, 0, 0, 0, 0, 0, 0, 0, 0, 0, 0, 0, 0, 0, 0, 
0, 1, 1, 1, 1, 1, 1, 1, 1, 1, 1, 1, 0.99975, 1, 1, 1, 1, 1, 1, 
1, 1, 1, 1, 9.018, 8.0488, 1.7444, 1.2505, 1.676, 6.5065, 1.8367, 
3.3649, 1.8663, 79.875, 95.9577, 2449.7, 1750.6, 370.2, 217.1, 
246.5, 1371.4, 284.7, 573.1, 243.5, 6147.8, 5946.6, 4, 17, 11, 
3, 3, 2, 2, 3, 3, 4, 5, 1599, 1761, 1723, 1931, 1837, 1918, 1832, 
1872, 1889, 2031, 1964, 100, 100, 100, 100, 100, 100, 100, 100, 
100, 100, 100, 2500, 2500, 2500, 2500, 2500, 2500, 2500, 2500, 
2500, 2500, 2500, 124422.954, 125663.016, 234617.243, 147548.285, 
306720.24, 348714.709, 526090.063, 344048.204, 412417.542, 512139.063999999, 
619986.653, 14.62547, 9.90357, 14.06268, 0.54519, 3.78205, 13.83839, 
10.01586, 9.99776, 13.61202, 10.82147, 3.13862, -1.64782, -2.31411, 
-2.6732, -1.27813, -5.66107, -12.14862, -1.96746, -10.43489, 
-4.11769, 0.23785, 0.27171, 0, 0, 0, 0, 0, 0, 0, 0, 0, 0, 0, 
0, 0, 0, 0, 0, 0, 0, 0, 0, 0, 0, 1, 1, 1, 1, 1, 1, 1, 1, 1, 1, 
1, 0.99975, 1, 1, 1, 1, 1, 1, 1, 1, 1, 1, 9.635, 5.9554, 5.5428, 
26.0086, 1.4267, 1.6918, 25.7433, 1.9418, 3.0529, 68.4205, 84.9193, 
2448.2, 1636.9, 1263.4, 3597, 222.1, 239.1, 3082.4, 234.2, 478.1, 
6172, 6498.5, 8, 32, 4, 2, 1, 2, 1, 1, 1, 1, 1, 309, 233, 578, 
1248, 1293, 1378, 1423, 1279, 1452, 1402, 1473, 100, 100, 100, 
100, 100, 100, 100, 100, 100, 100, 100, 2500, 2500, 2500, 2500, 
2500, 2500, 2500, 2500, 2500, 2500, 2500, 125859.336, 186720.771, 
250699.409, 302139.541, 332026.086, 427830.834, 468266.371, 530029, 
548742.802999999, 623001.289000001, 704715.27, 1, 1, 1, 1, 1, 
1, 1, 1, 1, 1, 1, 0.04762, 0.04762, 0.04762, 0.04762, 0.04762, 
0.04762, 0.04762, 0.04762, 0.04762, 0.04762, 0.04762, 0, 0, 0, 
0, 0, 0, 0, 0, 0, 0, 0, 0, 0, 0, 0, 0, 0, 0, 0, 0, 0, 0, 0.99951, 
0.99955, 0.99938, 0.99924, 0.99894, 0.99918, 0.99938, 0.99913, 
0.99932, 0.99948, 0.99951, 0.99951, 0.99955, 0.99938, 0.99924, 
0.99894, 0.99918, 0.99923, 0.99913, 0.99932, 0.99935, 0.99951, 
1.2037, 1.3936, 1.5365, 1.7277, 1.8571, 1.9887, 2.2968, 2.5978, 
2.4689, 2.822, 3.086, 317.5, 325.7, 342, 348.6, 364.5, 378.5, 
396.8, 406.1, 426.6, 442.4, 458, 1, 1, 1, 1, 1, 1, 1, 1, 1, 1, 
1, 1, 1, 1, 1, 1, 1, 1, 1, 1, 1, 1, 1, 1, 1, 1, 1, 1, 1, 1, 1, 
1, 1, 1, 1, 1, 1, 1, 1, 1, 1, 1, 1, 1, 15.759, 18.079, 19.155, 
21.456, 22.838, 24.205, 27.589, 30.703, 28.9, 32.667, 35.664), .Dim = c(11L, 
40L), .Dimnames = list(NULL, c("Sampling", "PSO.cost", "PSO.gamma", 
"PSO.data.balancing", "PSO.feature.selection", "PSO.valid.acc", 
"PSO.test.acc", "PSO.train.time", "PSO.n.support.vectors", "PSO.index", 
"PSO.n.solutions", "PSO.generations", "PSO.n.evaluations", "PSO.cpu.time", 
"RS.cost", "RS.gamma", "RS.data.balancing", "RS.feature.selection", 
"RS.valid.acc", "RS.test.acc", "RS.train.time", "RS.n.support.vectors", 
"RS.index", "RS.n.solutions", "RS.generations", "RS.n.evaluations", 
"RS.cpu.time", "DF.cost", "DF.gamma", "DF.data.balancing", "DF.feature.selection", 
"DF.valid.acc", "DF.test.acc", "DF.train.time", "DF.n.support.vectors", 
"DF.index", "DF.n.solutions", "DF.generations", "DF.n.evaluations", 
"DF.cpu.time")))
