full <-
structure(c(50, 55, 60, 65, 70, 75, 80, 85, 90, 95, 100, 14.98321, 
4.52345, 6.6506, 10.80055, 13.73832, 13.87929, 3.88421, 7.99079, 
3.46373, 8.19781, 1.79596, -2.79146, -3.4214, -4.23569, -1.23788, 
-3.89755, -14.22773, -2.55814, -10.05546, -1.50259, -4.718, -3.66485, 
0, 0, 0, 0, 0, 0, 0, 0, 0, 0, 0, 0, 0, 0, 0, 0, 0, 0, 0, 0, 0, 
0, 0.99975, 1, 1, 1, 1, 1, 1, 1, 1, 1, 1, 0.99975, 1, 1, 1, 1, 
1, 1, 0.99986, 1, 1, 1, 3.0746, 2.1536, 1.4531, 23.435, 2.2932, 
1.8543, 11.0243, 1.9262, 55.315, 2.5303, 5.101, 977.5, 585.8, 
343.2, 3647.6, 459.7, 234.5, 1783.8, 232.7, 4640.7, 356.1, 734.4, 
2, 3, 3, 3, 2, 3, 2, 3, 4, 4, 2, 1811, 1817, 1935, 1848, 1919, 
1704, 1905, 1609, 1807, 2081, 1946, 100, 100, 100, 100, 100, 
100, 100, 100, 100, 100, 100, 2500, 2500, 2500, 2500, 2500, 2500, 
2500, 2500, 2500, 2500, 2500, 97098.513, 98599.442, 133919.361, 
251201.792, 251512.985, 493864.897, 342678.32, 372122.712, 427056.060000001, 
562131.093, 776333.944, 11.66281, 7.76288, -0.327, 14.69374, 
12.69851, 3.71394, 7.49921, 8.56078, 3.81442, 7.82548, 7.36676, 
-2.8785, -2.39029, -0.34266, -5.58381, -1.28523, -0.16288, -9.12248, 
-3.51486, -4.03771, -9.0539, -2.90002, 0, 0, 0, 0, 0, 0, 0, 0, 
0, 0, 0, 0, 0, 0, 0, 0, 0, 0, 0, 0, 0, 0, 0.99975, 1, 1, 1, 1, 
1, 1, 1, 1, 1, 1, 0.99975, 1, 1, 1, 1, 1, 1, 1, 1, 1, 1, 2.8529, 
5.5233, 21.5295, 1.2297, 30.349, 64.3305, 1.8466, 4.0895, 3.2619, 
2.2177, 10.8702, 906.5, 1536.9, 3832.5, 225.4, 3862.2, 4832.2, 
215.4, 713.3, 505.5, 219.6, 1498, 2, 1, 1, 2, 3, 2, 2, 8, 1, 
1, 1, 1111, 1158, 1176, 1320, 1305, 1168, 1187, 1038, 1016, 1462, 
1452, 100, 100, 100, 100, 100, 100, 100, 100, 100, 100, 100, 
2500, 2500, 2500, 2500, 2500, 2500, 2500, 2500, 2500, 2500, 2500, 
114194.744, 150757.516, 210685.747, 272762.319, 343383.467, 477023.702, 
543774.41, 494040.251, 619698.398, 734236.16, 876218.201, 1, 
1, 1, 1, 1, 1, 1, 1, 1, 1, 1, 0.04762, 0.04762, 0.04762, 0.04762, 
0.04762, 0.04762, 0.04762, 0.04762, 0.04762, 0.04762, 0.04762, 
0, 0, 0, 0, 0, 0, 0, 0, 0, 0, 0, 0, 0, 0, 0, 0, 0, 0, 0, 0, 0, 
0, 0.99951, 0.99933, 0.99938, 0.99943, 0.99947, 0.99951, 0.99938, 
0.99928, 0.99932, 0.99922, 0.99963, 0.99951, 0.99933, 0.99938, 
0.99943, 0.99947, 0.99951, 0.99938, 0.99928, 0.99932, 0.99935, 
0.99963, 1.1893, 1.2631, 1.5414, 1.6618, 1.8679, 2.3811, 2.5936, 
2.5262, 2.6657, 3.0273, 3.7582, 324.7, 334.7, 349.8, 358.2, 361.8, 
385.8, 395.3, 411.6, 425.8, 443.5, 460.1, 1, 1, 1, 1, 1, 1, 1, 
1, 1, 1, 1, 1, 1, 1, 1, 1, 1, 1, 1, 1, 1, 1, 1, 1, 1, 1, 1, 1, 
1, 1, 1, 1, 1, 1, 1, 1, 1, 1, 1, 1, 1, 1, 1, 1, 15.238, 16.064, 
19.054, 20.424, 22.79, 29.1, 31.242, 29.576, 30.912, 35.595, 
44.049), .Dim = c(11L, 40L), .Dimnames = list(NULL, c("Sampling", 
"PSO.cost", "PSO.gamma", "PSO.data.balancing", "PSO.feature.selection", 
"PSO.valid.acc", "PSO.test.acc", "PSO.train.time", "PSO.n.support.vectors", 
"PSO.index", "PSO.n.solutions", "PSO.generations", "PSO.n.evaluations", 
"PSO.cpu.time", "RS.cost", "RS.gamma", "RS.data.balancing", "RS.feature.selection", 
"RS.valid.acc", "RS.test.acc", "RS.train.time", "RS.n.support.vectors", 
"RS.index", "RS.n.solutions", "RS.generations", "RS.n.evaluations", 
"RS.cpu.time", "DF.cost", "DF.gamma", "DF.data.balancing", "DF.feature.selection", 
"DF.valid.acc", "DF.test.acc", "DF.train.time", "DF.n.support.vectors", 
"DF.index", "DF.n.solutions", "DF.generations", "DF.n.evaluations", 
"DF.cpu.time")))
