full <-
structure(c(50, 55, 60, 65, 70, 75, 80, 85, 90, 95, 100, 1, 13.78805, 
8.68106, 10.36175, 9.22269, 9.94538, 13.47202, 12.9896, 8.93589, 
-1.79698, 2.89388, 0.04762, -6.98429, -9.62752, -10.38317, -7.09373, 
-8.44998, -6.44542, -7.54336, -11.67165, -1.99851, -1.72218, 
0, 0, 0, 0, 0, 0, 0, 0, 0, 0, 0, 0, 0, 0, 0, 0, 0, 0, 0, 0, 0, 
0, 0.99975, 1, 1, 1, 1, 1, 1, 1, 1, 1, 1, 0.99975, 1, 1, 1, 1, 
1, 1, 1, 1, 1, 1, 1.0789, 0.8247, 1.0455, 1.2646, 1.2224, 1.4083, 
1.5634, 1.7384, 2.4143, 33.6957, 51.3601, 307.2, 154.1, 163.2, 
184.5, 179.6, 183.1, 211.4, 200.9, 287.5, 3510.6, 4609, 1, 3, 
2, 3, 3, 2, 4, 6, 2, 2, 3, 1545, 1530, 1898, 1851, 1978, 2222, 
1921, 2000, 1953, 1818, 2019, 100, 100, 100, 100, 100, 100, 100, 
100, 100, 100, 100, 2500, 2500, 2500, 2500, 2500, 2500, 2500, 
2500, 2500, 2500, 2500, 113840.016, 172634.027, 168622.924, 285393.588, 
213740.469, 239675.438, 439332.488, 337365.685, 526489.659, 493238.225000001, 
780836.93, 1.13326, 14.24849, 9.79633, 2.27096, 4.36087, 9.25995, 
3.0018, -0.68583, 7.18105, 12.54127, 11.60971, -2.53476, -10.03131, 
-8.33479, -2.80834, -4.6784, -10.57096, -4.75422, -1.4038, -1.72056, 
-9.06072, -4.58183, 0, 0, 0, 0, 0, 0, 0, 0, 0, 0, 0, 0, 0, 0, 
0, 0, 0, 0, 0, 0, 0, 0, 0.99975, 1, 1, 1, 1, 1, 1, 1, 1, 1, 1, 
0.99975, 1, 1, 1, 1, 1, 1, 1, 1, 1, 1, 3.837, 0.9763, 0.9772, 
5.0714, 1.592, 1.7623, 1.9818, 61.8302, 51.0969, 1.9861, 2.9573, 
1219.4, 151.1, 160.2, 1147.5, 285.2, 206.3, 303.4, 4534.8, 4117.1, 
223.2, 415.3, 5, 1, 1, 1, 1, 1, 4, 3, 4, 1, 1, 1176, 1057, 1099, 
1303, 1182, 1276, 1267, 1325, 1510, 1399, 1283, 100, 100, 100, 
100, 100, 100, 100, 100, 100, 100, 100, 2500, 2500, 2500, 2500, 
2500, 2500, 2500, 2500, 2500, 2500, 2500, 122732.346, 185415.692, 
241795.807, 291688.199, 357987.638, 401751.723, 502843.968, 557511.762000001, 
634776.716, 712695.392, 762072.084, 1, 1, 1, 1, 1, 1, 1, 1, 1, 
1, 1, 0.04762, 0.04762, 0.04762, 0.04762, 0.04762, 0.04762, 0.04762, 
0.04762, 0.04762, 0.04762, 0.04762, 0, 0, 0, 0, 0, 0, 0, 0, 0, 
0, 0, 0, 0, 0, 0, 0, 0, 0, 0, 0, 0, 0, 0.99975, 0.99955, 0.99938, 
0.99924, 0.9993, 0.99934, 0.99923, 0.99899, 0.99959, 0.99935, 
0.99926, 0.99975, 0.99955, 0.99938, 0.99924, 0.9993, 0.99934, 
0.99923, 0.99899, 0.99959, 0.99935, 0.99938, 1.1412, 1.3368, 
1.5027, 1.7202, 1.9818, 2.0969, 2.4456, 2.5126, 2.7529, 2.8215, 
3.2306, 307.2, 315.9, 332.6, 345.7, 359.5, 372.2, 385.7, 399.2, 
414.3, 444.6, 460.9, 1, 1, 1, 1, 1, 1, 1, 1, 1, 1, 1, 1, 1, 1, 
1, 1, 1, 1, 1, 1, 1, 1, 1, 1, 1, 1, 1, 1, 1, 1, 1, 1, 1, 1, 1, 
1, 1, 1, 1, 1, 1, 1, 1, 1, 14.742, 17.129, 18.788, 21.272, 24.209, 
25.325, 29.223, 29.703, 32.062, 32.617, 37.043), .Dim = c(11L, 
40L), .Dimnames = list(NULL, c("Sampling", "PSO.cost", "PSO.gamma", 
"PSO.data.balancing", "PSO.feature.selection", "PSO.valid.acc", 
"PSO.test.acc", "PSO.train.time", "PSO.n.support.vectors", "PSO.index", 
"PSO.n.solutions", "PSO.generations", "PSO.n.evaluations", "PSO.cpu.time", 
"RS.cost", "RS.gamma", "RS.data.balancing", "RS.feature.selection", 
"RS.valid.acc", "RS.test.acc", "RS.train.time", "RS.n.support.vectors", 
"RS.index", "RS.n.solutions", "RS.generations", "RS.n.evaluations", 
"RS.cpu.time", "DF.cost", "DF.gamma", "DF.data.balancing", "DF.feature.selection", 
"DF.valid.acc", "DF.test.acc", "DF.train.time", "DF.n.support.vectors", 
"DF.index", "DF.n.solutions", "DF.generations", "DF.n.evaluations", 
"DF.cpu.time")))
