full <-
structure(c(50, 55, 60, 65, 70, 75, 80, 85, 90, 95, 100, 14.68459, 
5.57993, 0.48318, 10.27433, 7.01144, 13.92998, 14.43888, 4.28191, 
11.33692, 11.19504, 3.06062, -7.13645, -2.485, -3.38252, -11.76201, 
-1.68849, -13.42597, -7.32107, -0.88964, -3.45468, -12.0499, 
-0.87258, 0, 0, 0, 0, 0, 0, 0, 0, 0, 0, 0, 0, 0, 0, 0, 0, 0, 
0, 0, 0, 0, 0, 1, 1, 1, 1, 1, 1, 1, 1, 1, 1, 1, 1, 1, 1, 1, 1, 
1, 1, 1, 1, 1, 1, 0.751, 4.9726, 2.6529, 1.6367, 27.2846, 1.8721, 
1.7502, 76.9418, 5.5735, 2.8236, 104.0265, 156.6, 1397.5, 628.8, 
220.4, 3286.1, 259.4, 204.9, 5133.3, 799.4, 300.3, 6147.1, 3, 
3, 5, 4, 5, 2, 5, 4, 2, 2, 8, 1882, 1876, 1960, 1844, 1774, 1764, 
1787, 1723, 1978, 1915, 1924, 100, 100, 100, 100, 100, 100, 100, 
100, 100, 100, 100, 2500, 2500, 2500, 2500, 2500, 2500, 2500, 
2500, 2500, 2500, 2500, 65263.275, 169038.521, 106626.152, 223135.586, 
286131.567, 327687.438, 480367.741, 555208.453, 348959.692, 600821.116, 
369056.769, 6.82613, 13.8273, 5.49395, 14.87401, 5.73373, 12.16723, 
7.43718, 11.18848, 7.3558, 13.00141, 13.9738, -4.0956, -8.02283, 
-6.06305, -8.24547, -1.02433, -3.60393, -5.63291, -13.49597, 
-6.11971, -9.95159, -13.3472, 0, 0, 0, 0, 0, 0, 0, 0, 0, 0, 0, 
0, 0, 0, 0, 0, 0, 0, 0, 0, 0, 0, 1, 1, 1, 1, 1, 1, 1, 1, 1, 1, 
1, 1, 1, 1, 1, 1, 1, 1, 1, 1, 1, 1, 1.2406, 0.9007, 1.1432, 1.2334, 
38.2872, 3.2639, 1.8283, 2.2503, 2.0394, 2.2209, 3.1812, 337.2, 
155.5, 194.1, 172.1, 4119.3, 611.7, 252.5, 276.4, 250.9, 236.2, 
354, 1, 1, 1, 1, 2, 1, 3, 1, 2, 1, 1, 1008, 979, 1183, 1136, 
1078, 1145, 1184, 1335, 1327, 1361, 1412, 100, 100, 100, 100, 
100, 100, 100, 100, 100, 100, 100, 2500, 2500, 2500, 2500, 2500, 
2500, 2500, 2500, 2500, 2500, 2500, 120667.517, 176525.303, 280947.916, 
360917.312, 341972.535, 479094.128, 517413.226, 587357.642, 741746.556000001, 
623423.015000001, 864800.736, 1, 1, 1, 1, 1, 1, 1, 1, 1, 1, 1, 
0.04762, 0.04762, 0.04762, 0.04762, 0.04762, 0.04762, 0.04762, 
0.04762, 0.04762, 0.04762, 0.04762, 0, 0, 0, 0, 0, 0, 0, 0, 0, 
0, 0, 0, 0, 0, 0, 0, 0, 0, 0, 0, 0, 0, 0.99902, 0.9991, 0.99897, 
0.99905, 0.99912, 0.99918, 0.99908, 0.99942, 0.99918, 0.99909, 
0.99914, 0.99902, 0.9991, 0.99897, 0.99905, 0.99912, 0.99918, 
0.99908, 0.99913, 0.99932, 0.99909, 0.99926, 1.15, 1.3545, 1.6798, 
1.9494, 1.8585, 2.3742, 2.3663, 2.9266, 3.0497, 2.8516, 3.6017, 
315.5, 323.1, 343.9, 354.8, 369.7, 384.8, 398.4, 417.7, 424.3, 
446, 464.4, 1, 1, 1, 1, 1, 1, 1, 1, 1, 1, 1, 1, 1, 1, 1, 1, 1, 
1, 1, 1, 1, 1, 1, 1, 1, 1, 1, 1, 1, 1, 1, 1, 1, 1, 1, 1, 1, 1, 
1, 1, 1, 1, 1, 1, 14.804, 17.137, 21.654, 24.655, 22.563, 28.926, 
28.108, 35.084, 35.908, 33.096, 41.817), .Dim = c(11L, 40L), .Dimnames = list(
    NULL, c("Sampling", "PSO.cost", "PSO.gamma", "PSO.data.balancing", 
    "PSO.feature.selection", "PSO.valid.acc", "PSO.test.acc", 
    "PSO.train.time", "PSO.n.support.vectors", "PSO.index", "PSO.n.solutions", 
    "PSO.generations", "PSO.n.evaluations", "PSO.cpu.time", "RS.cost", 
    "RS.gamma", "RS.data.balancing", "RS.feature.selection", 
    "RS.valid.acc", "RS.test.acc", "RS.train.time", "RS.n.support.vectors", 
    "RS.index", "RS.n.solutions", "RS.generations", "RS.n.evaluations", 
    "RS.cpu.time", "DF.cost", "DF.gamma", "DF.data.balancing", 
    "DF.feature.selection", "DF.valid.acc", "DF.test.acc", "DF.train.time", 
    "DF.n.support.vectors", "DF.index", "DF.n.solutions", "DF.generations", 
    "DF.n.evaluations", "DF.cpu.time")))
