full <-
structure(c(50, 55, 60, 65, 70, 75, 80, 85, 90, 95, 100, 8.31449, 
9.65912, 8.72586, 7.49158, 12.76908, 0.80086, 4.75138, 12.92343, 
4.99062, 8.55951, 11.91055, -10.2697, -6.49035, -1.52578, -6.49199, 
-13.0249, -1.01569, -8.08801, -13.87618, -8.04751, -8.09382, 
-4.00671, 0, 0, 0, 0, 0, 0, 0, 0, 0, 0, 0, 0, 0, 0, 0, 0, 0, 
0, 0, 0, 0, 0, 1, 1, 1, 1, 1, 1, 1, 1, 1, 1, 1, 1, 1, 1, 1, 1, 
1, 1, 1, 1, 1, 1, 0.8338, 0.8396, 12.9221, 1.411, 1.8459, 52.4649, 
1.6774, 2.4316, 2.0783, 1.8748, 3.7925, 155.2, 172.4, 3056.1, 
197.9, 255.9, 4429.4, 212.7, 233.8, 221.7, 213.9, 559.9, 2, 5, 
4, 3, 5, 3, 2, 2, 2, 2, 5, 1983, 1940, 1926, 1848, 1814, 1730, 
1747, 1874, 2002, 1979, 1954, 100, 100, 100, 100, 100, 100, 100, 
100, 100, 100, 100, 2500, 2500, 2500, 2500, 2500, 2500, 2500, 
2500, 2500, 2500, 2500, 75752.447, 80786.894, 166506.137, 188747.878, 
414281.372, 380896.037, 417877.924, 316157.702, 370394.451, 668141.112, 
754078.179, 6.75773, 14.23154, 12.72188, 12.02244, 0.13221, 14.78278, 
12.19759, 10.85972, 11.64594, 12.4948, 14.18086, -6.10658, -11.58453, 
-7.12654, -3.75416, -3.91968, -1.85446, -13.23332, -0.11373, 
-12.97015, -10.56499, 0.3447, 0, 0, 0, 0, 0, 0, 0, 0, 0, 0, 0, 
0, 0, 0, 0, 0, 0, 0, 0, 0, 0, 0, 1, 1, 1, 1, 1, 1, 1, 1, 1, 1, 
1, 1, 1, 1, 1, 0.99982, 1, 1, 1, 1, 1, 1, 0.7748, 1.0515, 1.1941, 
2.7944, 2.3059, 24.6147, 2.4527, 78.3419, 2.6354, 2.4188, 80.3531, 
174.7, 182.6, 171.3, 496.2, 461.4, 3186.2, 294.9, 5485.3, 302.7, 
250.7, 6499, 1, 1, 3, 3, 1, 2, 1, 1, 1, 2, 1, 1263, 1333, 1271, 
1214, 1273, 1403, 1344, 1374, 1450, 1439, 1477, 100, 100, 100, 
100, 100, 100, 100, 100, 100, 100, 100, 2500, 2500, 2500, 2500, 
2500, 2500, 2500, 2500, 2500, 2500, 2500, 119402.743, 166755.893, 
285551.489, 364054.559, 387413.96, 436776.924, 529269.268, 604943.992, 
601389.676, 614490.714, 754769.524000001, 1, 1, 1, 1, 1, 1, 1, 
1, 1, 1, 1, 0.04762, 0.04762, 0.04762, 0.04762, 0.04762, 0.04762, 
0.04762, 0.04762, 0.04762, 0.04762, 0.04762, 0, 0, 0, 0, 0, 0, 
0, 0, 0, 0, 0, 0, 0, 0, 0, 0, 0, 0, 0, 0, 0, 0, 0.99901, 0.99866, 
0.99918, 0.99886, 0.99877, 0.99934, 0.99954, 0.99899, 0.99904, 
0.99922, 0.99926, 0.99877, 0.99866, 0.99918, 0.99905, 0.99894, 
0.99934, 0.99969, 0.99913, 0.99918, 0.99935, 0.99963, 1.1038, 
1.2926, 1.923, 1.7749, 1.9847, 2.2629, 2.5625, 2.8569, 2.6933, 
2.8512, 3.3433, 313.1, 328.5, 339, 357.8, 366, 385.3, 394.3, 
409.6, 419.9, 434.9, 459.2, 1, 1, 1, 1, 1, 1, 1, 1, 1, 1, 1, 
1, 1, 1, 1, 1, 1, 1, 1, 1, 1, 1, 1, 1, 1, 1, 1, 1, 1, 1, 1, 1, 
1, 1, 1, 1, 1, 1, 1, 1, 1, 1, 1, 1, 14.371, 16.503, 25.222, 21.566, 
24.698, 27.552, 30.861, 34.062, 31.39, 32.955, 39.082), .Dim = c(11L, 
40L), .Dimnames = list(NULL, c("Sampling", "PSO.cost", "PSO.gamma", 
"PSO.data.balancing", "PSO.feature.selection", "PSO.valid.acc", 
"PSO.test.acc", "PSO.train.time", "PSO.n.support.vectors", "PSO.index", 
"PSO.n.solutions", "PSO.generations", "PSO.n.evaluations", "PSO.cpu.time", 
"RS.cost", "RS.gamma", "RS.data.balancing", "RS.feature.selection", 
"RS.valid.acc", "RS.test.acc", "RS.train.time", "RS.n.support.vectors", 
"RS.index", "RS.n.solutions", "RS.generations", "RS.n.evaluations", 
"RS.cpu.time", "DF.cost", "DF.gamma", "DF.data.balancing", "DF.feature.selection", 
"DF.valid.acc", "DF.test.acc", "DF.train.time", "DF.n.support.vectors", 
"DF.index", "DF.n.solutions", "DF.generations", "DF.n.evaluations", 
"DF.cpu.time")))
