full <-
structure(c(50, 55, 60, 65, 70, 75, 80, 85, 90, 95, 100, 1, 13.4246, 
4.78332, 1.01206, 5.4278, 1, 7.00097, 1, 0.86441, 0.2097, 1.09917, 
0.08333, -1.85145, -0.88609, -1.29773, -1.20982, 0.08333, -1.03127, 
0.08333, -1.387, -1.88588, -0.50264, 0, 0, 0, 0, 0, 0, 0, 0, 
0, 0, 0, 0, 0, 0, 0, 0, 0, 0, 0, 0, 0, 0, 0.77222, 0.78495, 0.79364, 
0.78379, 0.79103, 0.75275, 0.74692, 0.72875, 0.72534, 0.72864, 
0.73301, 0.77222, 0.76384, 0.79364, 0.75727, 0.77436, 0.75275, 
0.7474, 0.72875, 0.70581, 0.70507, 0.73268, 0.0152, 0.0151, 0.0152, 
0.0177, 0.0169, 0.018, 0.0196, 0.0201, 0.022, 0.0207, 0.0236, 
51.7, 71.2, 84.1, 89.6, 97.9, 79.8, 112.3, 96.1, 125, 127.2, 
140.8, 1, 8, 7, 613, 120, 1, 2, 1, 1202, 1463, 1016, 1887, 988, 
1064, 178, 975, 1922, 303, 1748, 165, 26, 79, 100, 100, 100, 
100, 100, 100, 100, 100, 100, 100, 100, 2500, 2500, 2500, 2500, 
2500, 2500, 2500, 2500, 2500, 2500, 2500, 7255.862, 7238.675, 
7240.416, 7196.695, 7338.308, 7398.607, 7334.42200000001, 7918.201, 
7458.215, 7183.65700000001, 7404.152, 10.98386, 8.16889, 6.62036, 
10.81834, 3.16697, 3.72539, 4.02815, 4.71233, 0.89629, 0.15738, 
9.43118, -0.6263, -2.3748, -1.13875, -6.08097, -1.12216, 0.23239, 
-1.03865, -6.8304, -1.39103, -1.61739, -0.50371, 0, 0, 0, 0, 
0, 0, 0, 0, 0, 0, 0, 0, 0, 0, 0, 0, 0, 0, 0, 0, 0, 0, 0.77222, 
0.78495, 0.79364, 0.7897, 0.79103, 0.75275, 0.74692, 0.72875, 
0.72534, 0.72827, 0.72712, 0.77222, 0.77273, 0.78455, 0.63258, 
0.77436, 0.75275, 0.7474, 0.72875, 0.70581, 0.7165, 0.73268, 
0.015, 0.0151, 0.0162, 0.0237, 0.017, 0.0191, 0.0198, 0.0218, 
0.0201, 0.0215, 0.024, 70.4, 63.1, 82.6, 47.9, 98.3, 106.4, 112.1, 
86, 124.9, 130.2, 140.8, 1, 39, 18, 2171, 77, 1, 9, 2, 456, 232, 
254, 1601, 62, 81, 1, 38, 1678, 18, 1582, 1, 5, 7, 100, 100, 
100, 100, 100, 100, 100, 100, 100, 100, 100, 2500, 2500, 2500, 
2500, 2500, 2500, 2500, 2500, 2500, 2500, 2500, 7249.034, 7251.42, 
7249.327, 7295.108, 7408.068, 7439.069, 7516.99799999999, 7717.72900000001, 
7499.27499999999, 8509.29000000001, 7499.26200000002, 1, 1, 1, 
1, 1, 1, 1, 1, 1, 1, 1, 0.08333, 0.08333, 0.08333, 0.08333, 0.08333, 
0.08333, 0.08333, 0.08333, 0.08333, 0.08333, 0.08333, 0, 0, 0, 
0, 0, 0, 0, 0, 0, 0, 0, 0, 0, 0, 0, 0, 0, 0, 0, 0, 0, 0, 0.77222, 
0.78384, 0.78364, 0.77545, 0.77436, 0.75275, 0.73978, 0.72875, 
0.71909, 0.72239, 0.71569, 0.77222, 0.78384, 0.78364, 0.77545, 
0.77436, 0.75275, 0.73978, 0.72875, 0.71909, 0.72239, 0.71569, 
0.0157, 0.0144, 0.0153, 0.0161, 0.0176, 0.0174, 0.0182, 0.0197, 
0.0187, 0.0211, 0.0203, 51.7, 53.5, 59.4, 66.1, 72.9, 79.8, 86.6, 
96.1, 101.5, 105.1, 111.9, 1, 1, 1, 1, 1, 1, 1, 1, 1, 1, 1, 1, 
1, 1, 1, 1, 1, 1, 1, 1, 1, 1, 1, 1, 1, 1, 1, 1, 1, 1, 1, 1, 1, 
1, 1, 1, 1, 1, 1, 1, 1, 1, 1, 1, 2.865, 2.853, 2.879, 2.849, 
2.921, 2.908, 2.968, 3.008, 2.802, 2.912, 2.829), .Dim = c(11L, 
40L), .Dimnames = list(NULL, c("Sampling", "PSO.cost", "PSO.gamma", 
"PSO.data.balancing", "PSO.feature.selection", "PSO.valid.acc", 
"PSO.test.acc", "PSO.train.time", "PSO.n.support.vectors", "PSO.index", 
"PSO.n.solutions", "PSO.generations", "PSO.n.evaluations", "PSO.cpu.time", 
"RS.cost", "RS.gamma", "RS.data.balancing", "RS.feature.selection", 
"RS.valid.acc", "RS.test.acc", "RS.train.time", "RS.n.support.vectors", 
"RS.index", "RS.n.solutions", "RS.generations", "RS.n.evaluations", 
"RS.cpu.time", "DF.cost", "DF.gamma", "DF.data.balancing", "DF.feature.selection", 
"DF.valid.acc", "DF.test.acc", "DF.train.time", "DF.n.support.vectors", 
"DF.index", "DF.n.solutions", "DF.generations", "DF.n.evaluations", 
"DF.cpu.time")))
