full <-
structure(c(50, 55, 60, 65, 70, 75, 80, 85, 90, 95, 100, 1.37531, 
1, 11.82527, 1, 1, 7.66281, 8.18203, 1, 1, 0.17343, 1, -2.75666, 
0.08333, -0.67385, 0.08333, 0.08333, -0.56953, -0.76455, 0.08333, 
0.08333, -1.13859, 0.08333, 0, 0, 0, 0, 0, 0, 0, 0, 0, 0, 0, 
0, 0, 0, 0, 0, 0, 0, 0, 0, 0, 0, 0.80861, 0.74333, 0.76545, 0.75727, 
0.73462, 0.73681, 0.727, 0.71577, 0.70642, 0.72206, 0.71569, 
0.72889, 0.74333, 0.75636, 0.75727, 0.73462, 0.72198, 0.70549, 
0.71577, 0.70642, 0.71618, 0.71569, 0.0159, 0.0148, 0.0165, 0.0161, 
0.0164, 0.0189, 0.0193, 0.0197, 0.0194, 0.0219, 0.0209, 60.7, 
59.4, 84.8, 68.4, 76.5, 106.4, 113.3, 97.6, 103.5, 133.3, 112.3, 
809, 1, 59, 1, 1, 381, 151, 1, 1, 2465, 1, 306, 1926, 171, 2005, 
2027, 525, 318, 1905, 2000, 1, 1761, 100, 100, 100, 100, 100, 
100, 100, 100, 100, 100, 100, 2500, 2500, 2500, 2500, 2500, 2500, 
2500, 2500, 2500, 2500, 2500, 7597.786, 7587.65, 7534.93, 7463.269, 
7538.471, 7586.88400000001, 7793.58099999999, 7804.155, 7714.588, 
7669.04000000001, 7725.77799999999, 2.00628, 0.77017, 8.58187, 
5.46964, 9.74279, 5.32875, 5.0605, 0.23533, 6.54119, 0.09751, 
10.63556, -3.15223, 2.27061, -0.69223, 2.07875, -0.16274, -0.62767, 
-0.78227, -5.36101, 2.75225, -2.65066, 2.22782, 0, 0, 0, 0, 0, 
0, 0, 0, 0, 0, 0, 0, 0, 0, 0, 0, 0, 0, 0, 0, 0, 0, 0.78861, 0.74333, 
0.76545, 0.75727, 0.73462, 0.73681, 0.727, 0.71577, 0.70642, 
0.71618, 0.71569, 0.71889, 0.74333, 0.75636, 0.75727, 0.73462, 
0.72198, 0.70549, 0.71577, 0.70642, 0.70441, 0.71569, 0.0159, 
0.0166, 0.016, 0.0175, 0.0177, 0.0182, 0.0199, 0.0191, 0.0224, 
0.021, 0.0248, 57.3, 77.6, 84.8, 92, 99.2, 106.4, 113.2, 91.6, 
128, 117.6, 140.8, 1310, 1, 1158, 2, 1, 605, 1365, 1, 1, 1095, 
2, 2, 1495, 2, 1577, 1518, 4, 6, 1506, 1557, 2, 1478, 100, 100, 
100, 100, 100, 100, 100, 100, 100, 100, 100, 2500, 2500, 2500, 
2500, 2500, 2500, 2500, 2500, 2500, 2500, 2500, 7586.116, 7609.365, 
7532.466, 7566.59800000001, 7674.06200000001, 7693.49000000001, 
7691.568, 7745.38, 7834.76499999998, 7885.91099999999, 7947.48499999999, 
1, 1, 1, 1, 1, 1, 1, 1, 1, 1, 1, 0.08333, 0.08333, 0.08333, 0.08333, 
0.08333, 0.08333, 0.08333, 0.08333, 0.08333, 0.08333, 0.08333, 
0, 0, 0, 0, 0, 0, 0, 0, 0, 0, 0, 0, 0, 0, 0, 0, 0, 0, 0, 0, 0, 
0, 0.75111, 0.74333, 0.75636, 0.75727, 0.73462, 0.72967, 0.72549, 
0.71577, 0.70642, 0.71029, 0.71569, 0.75111, 0.74333, 0.75636, 
0.75727, 0.73462, 0.72967, 0.72549, 0.71577, 0.70642, 0.71029, 
0.71569, 0.0147, 0.015, 0.0158, 0.0156, 0.0174, 0.0175, 0.0182, 
0.0189, 0.0197, 0.0203, 0.0216, 54, 59.4, 63.8, 68.4, 76.5, 84.6, 
88, 97.6, 103.5, 108.7, 112.3, 1, 1, 1, 1, 1, 1, 1, 1, 1, 1, 
1, 1, 1, 1, 1, 1, 1, 1, 1, 1, 1, 1, 1, 1, 1, 1, 1, 1, 1, 1, 1, 
1, 1, 1, 1, 1, 1, 1, 1, 1, 1, 1, 1, 1, 2.988, 2.867, 3.018, 2.914, 
3.027, 3.007, 2.962, 2.915, 2.885, 2.931, 3.039), .Dim = c(11L, 
40L), .Dimnames = list(NULL, c("Sampling", "PSO.cost", "PSO.gamma", 
"PSO.data.balancing", "PSO.feature.selection", "PSO.valid.acc", 
"PSO.test.acc", "PSO.train.time", "PSO.n.support.vectors", "PSO.index", 
"PSO.n.solutions", "PSO.generations", "PSO.n.evaluations", "PSO.cpu.time", 
"RS.cost", "RS.gamma", "RS.data.balancing", "RS.feature.selection", 
"RS.valid.acc", "RS.test.acc", "RS.train.time", "RS.n.support.vectors", 
"RS.index", "RS.n.solutions", "RS.generations", "RS.n.evaluations", 
"RS.cpu.time", "DF.cost", "DF.gamma", "DF.data.balancing", "DF.feature.selection", 
"DF.valid.acc", "DF.test.acc", "DF.train.time", "DF.n.support.vectors", 
"DF.index", "DF.n.solutions", "DF.generations", "DF.n.evaluations", 
"DF.cpu.time")))
