full <-
structure(c(50, 55, 60, 65, 70, 75, 80, 85, 90, 95, 100, 2.48174, 
0.26835, 4.42328, 2.86701, 1.83889, 4.28376, 0.27726, 3.37278, 
5.28571, 1, 1, -1.39438, -2.39281, -1.22028, -1.00234, -1.02733, 
-0.90543, -1.93502, -0.95003, -0.98215, 0.08333, 0.08333, 0, 
0, 0, 0, 0, 0, 0, 0, 0, 0, 0, 0, 0, 0, 0, 0, 0, 0, 0, 0, 0, 0, 
0.75333, 0.75293, 0.77545, 0.75606, 0.75806, 0.74451, 0.7319, 
0.74321, 0.73863, 0.72222, 0.71569, 0.72972, 0.73273, 0.75455, 
0.76364, 0.74973, 0.70714, 0.72524, 0.7294, 0.71946, 0.72222, 
0.71569, 0.0147, 0.0153, 0.0167, 0.0181, 0.0179, 0.0189, 0.0188, 
0.0198, 0.021, 0.0197, 0.0212, 68, 69.7, 83, 91.2, 98, 105.7, 
105.9, 119, 126.2, 106, 112.6, 684, 796, 36, 300, 140, 206, 141, 
153, 1682, 1, 1, 196, 30, 1171, 180, 933, 349, 160, 710, 26, 
1807, 1969, 100, 100, 100, 100, 100, 100, 100, 100, 100, 100, 
100, 2500, 2500, 2500, 2500, 2500, 2500, 2500, 2500, 2500, 2500, 
2500, 7030.611, 7080.257, 7195.513, 7229.459, 7226.69100000001, 
7194.79399999999, 7129.36900000001, 7095.565, 7121.98700000001, 
7361.83499999999, 7436.59600000002, 12.06237, 0.1671, 7.95059, 
2.31951, 5.79045, 2.64083, 0.2172, 4.07021, 8.49803, -0.04538, 
-0.45475, -1.24577, -2.069, -1.13451, -0.99892, -0.97872, -0.90744, 
-1.2885, -0.95135, -0.98463, -3.19706, -14.62032, 0, 0, 0, 0, 
0, 0, 0, 0, 0, 0, 0, 0, 0, 0, 0, 0, 0, 0, 0, 0, 0, 0, 0.75333, 
0.75293, 0.77545, 0.75606, 0.75806, 0.74451, 0.7319, 0.74321, 
0.73863, 0.72222, 0.71569, 0.72833, 0.73273, 0.76455, 0.76364, 
0.74973, 0.70714, 0.7181, 0.7294, 0.71946, 0.72222, 0.71569, 
0.0153, 0.0157, 0.016, 0.0164, 0.0179, 0.0184, 0.0189, 0.0196, 
0.0212, 0.0202, 0.0191, 68.3, 73.3, 83.6, 91.3, 98.2, 105.7, 
111.2, 119, 126.2, 109.5, 80.9, 555, 763, 118, 2030, 149, 173, 
501, 241, 2149, 3, 2, 8, 5, 16, 1, 20, 2, 2, 11, 1, 1463, 1536, 
100, 100, 100, 100, 100, 100, 100, 100, 100, 100, 100, 2500, 
2500, 2500, 2500, 2500, 2500, 2500, 2500, 2500, 2500, 2500, 7072.81, 
7119.379, 7317.274, 7296.305, 7310.33500000001, 7318.37300000001, 
7195.099, 7293.60000000001, 7378.458, 7615.57500000001, 7788.927, 
1, 1, 1, 1, 1, 1, 1, 1, 1, 1, 1, 0.08333, 0.08333, 0.08333, 0.08333, 
0.08333, 0.08333, 0.08333, 0.08333, 0.08333, 0.08333, 0.08333, 
0, 0, 0, 0, 0, 0, 0, 0, 0, 0, 0, 0, 0, 0, 0, 0, 0, 0, 0, 0, 0, 
0, 0.72833, 0.73384, 0.74636, 0.73864, 0.72656, 0.70659, 0.7181, 
0.72226, 0.71946, 0.72222, 0.71569, 0.73944, 0.73384, 0.74636, 
0.73864, 0.72656, 0.69231, 0.7181, 0.72226, 0.72534, 0.72222, 
0.71569, 0.015, 0.0154, 0.016, 0.0164, 0.0169, 0.0181, 0.0182, 
0.0188, 0.0193, 0.0208, 0.0213, 54.9, 61.1, 64.6, 70.4, 76.2, 
85, 90.2, 94.6, 101.6, 106, 112.6, 1, 1, 1, 1, 1, 1, 1, 1, 1, 
1, 1, 1, 1, 1, 1, 1, 1, 1, 1, 1, 1, 1, 1, 1, 1, 1, 1, 1, 1, 1, 
1, 1, 1, 1, 1, 1, 1, 1, 1, 1, 1, 1, 1, 1, 2.909, 2.931, 2.93, 
2.878, 2.917, 2.94, 2.862, 2.854, 2.82, 2.863, 2.902), .Dim = c(11L, 
40L), .Dimnames = list(NULL, c("Sampling", "PSO.cost", "PSO.gamma", 
"PSO.data.balancing", "PSO.feature.selection", "PSO.valid.acc", 
"PSO.test.acc", "PSO.train.time", "PSO.n.support.vectors", "PSO.index", 
"PSO.n.solutions", "PSO.generations", "PSO.n.evaluations", "PSO.cpu.time", 
"RS.cost", "RS.gamma", "RS.data.balancing", "RS.feature.selection", 
"RS.valid.acc", "RS.test.acc", "RS.train.time", "RS.n.support.vectors", 
"RS.index", "RS.n.solutions", "RS.generations", "RS.n.evaluations", 
"RS.cpu.time", "DF.cost", "DF.gamma", "DF.data.balancing", "DF.feature.selection", 
"DF.valid.acc", "DF.test.acc", "DF.train.time", "DF.n.support.vectors", 
"DF.index", "DF.n.solutions", "DF.generations", "DF.n.evaluations", 
"DF.cpu.time")))
