full <-
structure(c(50, 55, 60, 65, 70, 75, 80, 85, 90, 95, 100, 2.17148, 
2.27939, 0.33108, 0.56142, 11.51153, 4.34339, 8.1823, 5.06765, 
12.27236, 1, 8.21582, -1.4745, -1.03918, -1.6547, -1.75827, -1.3672, 
-2.36677, -1.31179, -0.56703, -1.12018, 0.08333, -0.59495, 0, 
0, 0, 0, 0, 0, 0, 0, 0, 0, 0, 0, 0, 0, 0, 0, 0, 0, 0, 0, 0, 0, 
0.775, 0.76586, 0.75273, 0.78333, 0.75769, 0.7489, 0.75454, 0.74833, 
0.71929, 0.72239, 0.72124, 0.7625, 0.75475, 0.69727, 0.75606, 
0.74936, 0.71401, 0.75502, 0.735, 0.70642, 0.72239, 0.72124, 
0.0149, 0.015, 0.0181, 0.018, 0.0193, 0.0201, 0.0208, 0.0216, 
0.0231, 0.0216, 0.0254, 68.6, 77.4, 82.8, 89, 96.5, 90.8, 109.5, 
120.8, 126, 106.4, 140.6, 69, 30, 2396, 589, 277, 47, 242, 33, 
2029, 1, 165, 829, 1096, 5, 185, 230, 484, 665, 196, 1, 1707, 
102, 100, 100, 100, 100, 100, 100, 100, 100, 100, 100, 100, 2500, 
2500, 2500, 2500, 2500, 2500, 2500, 2500, 2500, 2500, 2500, 6927.338, 
8885.417, 9201.003, 9052.633, 9113.292, 9135.88800000001, 9152.974, 
9254.06099999999, 9376.83900000001, 9599.30499999999, 9558.117, 
9.56292, 14.629, 1.20366, 1.04113, 13.50012, 12.96899, 3.30687, 
0.67879, 10.93469, 11.07023, 14.75977, -1.47176, -1.09222, -1.433, 
-1.38107, -1.45899, -2.36572, -1.28524, -1.47074, -1.11526, 0.98049, 
-0.59703, 0, 0, 0, 0, 0, 0, 0, 0, 0, 0, 0, 0, 0, 0, 0, 0, 0, 
0, 0, 0, 0, 0, 0.775, 0.76586, 0.74364, 0.76515, 0.74936, 0.7489, 
0.75454, 0.74167, 0.71929, 0.72239, 0.72124, 0.7625, 0.77475, 
0.72455, 0.73788, 0.74936, 0.71401, 0.74788, 0.70875, 0.70642, 
0.72239, 0.72124, 0.0142, 0.0168, 0.0181, 0.0183, 0.0195, 0.0201, 
0.0195, 0.0213, 0.0228, 0.0243, 0.025, 68.8, 77.3, 83.4, 90.6, 
96.3, 90.8, 109.5, 116.5, 126, 135.2, 140.6, 40, 256, 1702, 155, 
121, 240, 301, 21, 1902, 2, 1607, 36, 14, 1, 14, 26, 5, 6, 20, 
1, 1498, 3, 100, 100, 100, 100, 100, 100, 100, 100, 100, 100, 
100, 2500, 2500, 2500, 2500, 2500, 2500, 2500, 2500, 2500, 2500, 
2500, 6979.878, 9204.828, 9221.177, 9178.591, 9201.70699999999, 
9273.88399999999, 9350.08199999999, 9453.92600000001, 9650.51300000001, 
9817.196, 9805.223, 1, 1, 1, 1, 1, 1, 1, 1, 1, 1, 1, 0.08333, 
0.08333, 0.08333, 0.08333, 0.08333, 0.08333, 0.08333, 0.08333, 
0.08333, 0.08333, 0.08333, 0, 0, 0, 0, 0, 0, 0, 0, 0, 0, 0, 0, 
0, 0, 0, 0, 0, 0, 0, 0, 0, 0, 0.74, 0.74384, 0.70636, 0.72197, 
0.72692, 0.73764, 0.74692, 0.735, 0.71267, 0.72239, 0.71569, 
0.74, 0.74384, 0.70727, 0.72197, 0.72692, 0.73764, 0.74692, 0.735, 
0.71267, 0.72239, 0.71569, 0.0136, 0.0166, 0.0173, 0.0177, 0.0185, 
0.0191, 0.0194, 0.0205, 0.0208, 0.0224, 0.0231, 55.9, 60.4, 69.8, 
71.7, 76.5, 81.6, 86.2, 93.7, 101.7, 106.4, 113.3, 1, 1, 1, 1, 
1, 1, 1, 1, 1, 1, 1, 1, 1, 1, 1, 1, 1, 1, 1, 1, 1, 1, 1, 1, 1, 
1, 1, 1, 1, 1, 1, 1, 1, 1, 1, 1, 1, 1, 1, 1, 1, 1, 1, 1, 2.819, 
3.684, 3.603, 3.632, 3.702, 3.7, 3.711, 3.694, 3.664, 3.822, 
3.691), .Dim = c(11L, 40L), .Dimnames = list(NULL, c("Sampling", 
"PSO.cost", "PSO.gamma", "PSO.data.balancing", "PSO.feature.selection", 
"PSO.valid.acc", "PSO.test.acc", "PSO.train.time", "PSO.n.support.vectors", 
"PSO.index", "PSO.n.solutions", "PSO.generations", "PSO.n.evaluations", 
"PSO.cpu.time", "RS.cost", "RS.gamma", "RS.data.balancing", "RS.feature.selection", 
"RS.valid.acc", "RS.test.acc", "RS.train.time", "RS.n.support.vectors", 
"RS.index", "RS.n.solutions", "RS.generations", "RS.n.evaluations", 
"RS.cpu.time", "DF.cost", "DF.gamma", "DF.data.balancing", "DF.feature.selection", 
"DF.valid.acc", "DF.test.acc", "DF.train.time", "DF.n.support.vectors", 
"DF.index", "DF.n.solutions", "DF.generations", "DF.n.evaluations", 
"DF.cpu.time")))
