full <-
structure(c(50, 55, 60, 65, 70, 75, 80, 85, 90, 95, 100, 1.06847, 
8.47325, 15, 4.45895, 0.63218, 1.56437, 0.55719, 15, 0.75509, 
0.58745, 0.42898, -0.94946, -1.17286, -1.29027, -1.81095, -1.04227, 
-1.67167, -1.8802, -1.76918, -2.05226, -1.66071, -0.42065, 0, 
0, 0, 0, 0, 0, 0, 0, 0, 0, 0, 0, 0, 0, 0, 0, 0, 0, 0, 0, 0, 0, 
0.78472, 0.78606, 0.74818, 0.74773, 0.74359, 0.75467, 0.75407, 
0.7753, 0.75176, 0.73448, 0.72157, 0.78472, 0.78606, 0.72, 0.69697, 
0.74295, 0.74753, 0.76883, 0.72226, 0.73135, 0.71683, 0.70392, 
0.0143, 0.0154, 0.0157, 0.016, 0.0176, 0.0173, 0.018, 0.0194, 
0.0203, 0.0207, 0.0211, 70.1, 75.9, 83.6, 86.2, 98.9, 102.1, 
105.1, 112.4, 118.7, 128.6, 140.8, 529, 34, 354, 39, 781, 1134, 
2136, 293, 2198, 456, 1251, 262, 268, 352, 607, 46, 75, 12, 830, 
3, 232, 10, 100, 100, 100, 100, 100, 100, 100, 100, 100, 100, 
100, 2500, 2500, 2500, 2500, 2500, 2500, 2500, 2500, 2500, 2500, 
2500, 6720.591, 6798.038, 6850.093, 6925.777, 6967.413, 6964.79800000001, 
7072.302, 7024.103, 7168.08099999999, 7158.17999999999, 7375.231, 
5.42171, 8.6105, 9.10066, 10.37222, 0.64479, 1.51814, 13.5299, 
12.34194, 0.67174, 0.58157, 11.87818, -0.91477, -1.19144, -1.28986, 
-1.78787, -1.04246, -1.69859, -0.74554, -1.76979, -1.14851, -1.74933, 
1.98475, 0, 0, 0, 0, 0, 0, 0, 0, 0, 0, 0, 0, 0, 0, 0, 0, 0, 0, 
0, 0, 0, 0, 0.78472, 0.78606, 0.74818, 0.74773, 0.74359, 0.74698, 
0.74692, 0.7753, 0.75056, 0.73448, 0.71569, 0.78472, 0.77495, 
0.72, 0.68864, 0.73526, 0.74753, 0.73359, 0.72226, 0.73098, 0.71683, 
0.71569, 0.0149, 0.0143, 0.0157, 0.0164, 0.0165, 0.017, 0.0181, 
0.0193, 0.0206, 0.0219, 0.0241, 70.1, 75.7, 83.6, 86.8, 98.9, 
101.9, 113.5, 112.4, 126.2, 128, 140.8, 142, 1372, 399, 401, 
2031, 406, 86, 714, 1139, 2350, 1, 7, 2, 6, 20, 1, 3, 46, 3, 
3, 1, 1504, 100, 100, 100, 100, 100, 100, 100, 100, 100, 100, 
100, 2500, 2500, 2500, 2500, 2500, 2500, 2500, 2500, 2500, 2500, 
2500, 6758.373, 6863.203, 6939.406, 7036.613, 7075.273, 7116.49099999999, 
7182.77799999999, 7151.413, 7301.97500000001, 7778.18599999999, 
7610.33599999998, 1, 1, 1, 1, 1, 1, 1, 1, 1, 1, 1, 0.08333, 0.08333, 
0.08333, 0.08333, 0.08333, 0.08333, 0.08333, 0.08333, 0.08333, 
0.08333, 0.08333, 0, 0, 0, 0, 0, 0, 0, 0, 0, 0, 0, 0, 0, 0, 0, 
0, 0, 0, 0, 0, 0, 0, 0.77222, 0.77384, 0.74636, 0.7303, 0.72692, 
0.73791, 0.73978, 0.7419, 0.73176, 0.72239, 0.71569, 0.76111, 
0.77384, 0.74636, 0.7303, 0.72692, 0.73791, 0.73978, 0.7419, 
0.73176, 0.72239, 0.71569, 0.0133, 0.0146, 0.0151, 0.0153, 0.0158, 
0.0171, 0.0172, 0.0179, 0.019, 0.0211, 0.0196, 49.3, 55.6, 65.2, 
70.5, 80, 82.8, 87.7, 91, 100.6, 108.7, 112.4, 1, 1, 1, 1, 1, 
1, 1, 1, 1, 1, 1, 1, 1, 1, 1, 1, 1, 1, 1, 1, 1, 1, 1, 1, 1, 1, 
1, 1, 1, 1, 1, 1, 1, 1, 1, 1, 1, 1, 1, 1, 1, 1, 1, 1, 2.651, 
2.71, 2.767, 2.737, 2.759, 2.786, 2.81, 2.753, 2.798, 2.947, 
2.807), .Dim = c(11L, 40L), .Dimnames = list(NULL, c("Sampling", 
"PSO.cost", "PSO.gamma", "PSO.data.balancing", "PSO.feature.selection", 
"PSO.valid.acc", "PSO.test.acc", "PSO.train.time", "PSO.n.support.vectors", 
"PSO.index", "PSO.n.solutions", "PSO.generations", "PSO.n.evaluations", 
"PSO.cpu.time", "RS.cost", "RS.gamma", "RS.data.balancing", "RS.feature.selection", 
"RS.valid.acc", "RS.test.acc", "RS.train.time", "RS.n.support.vectors", 
"RS.index", "RS.n.solutions", "RS.generations", "RS.n.evaluations", 
"RS.cpu.time", "DF.cost", "DF.gamma", "DF.data.balancing", "DF.feature.selection", 
"DF.valid.acc", "DF.test.acc", "DF.train.time", "DF.n.support.vectors", 
"DF.index", "DF.n.solutions", "DF.generations", "DF.n.evaluations", 
"DF.cpu.time")))
