full <-
structure(c(50, 55, 60, 65, 70, 75, 80, 85, 90, 95, 100, 3.43587, 
2.2168, 1, 1, 6.70568, 0.78697, 0.57792, 1, 1.6447, 3.23254, 
7.34855, -4.22588, -3.37441, 0.08333, 0.08333, -0.38126, -1.65648, 
-1.87911, 0.08333, -1.77121, -0.57098, -0.93068, 0, 0, 0, 0, 
0, 0, 0, 0, 0, 0, 0, 0, 0, 0, 0, 0, 0, 0, 0, 0, 0, 0, 0.77444, 
0.74222, 0.73636, 0.75682, 0.75833, 0.76044, 0.74795, 0.74881, 
0.74985, 0.74126, 0.7281, 0.70194, 0.70111, 0.73636, 0.75682, 
0.75833, 0.75275, 0.72645, 0.74881, 0.73147, 0.72945, 0.71078, 
0.0145, 0.015, 0.0156, 0.0161, 0.017, 0.018, 0.0184, 0.0175, 
0.0201, 0.0217, 0.0219, 52.8, 64.2, 67.3, 70.1, 99.2, 101.6, 
104.7, 91, 120.4, 134.7, 139.3, 902, 1141, 1, 1, 42, 1316, 1677, 
1, 2078, 71, 160, 333, 25, 1811, 1998, 391, 25, 12, 1890, 4, 
963, 928, 100, 100, 100, 100, 100, 100, 100, 100, 100, 100, 100, 
2500, 2500, 2500, 2500, 2500, 2500, 2500, 2500, 2500, 2500, 2500, 
7070.151, 7141.029, 7181.876, 7238.52, 7194.935, 7197.329, 7234.60000000001, 
7255.586, 7295.32399999999, 7276.63099999999, 7207.32100000003, 
4.08935, 2.46667, 7.51703, 1.67598, 0.44882, 0.92546, 0.54532, 
14.4336, 13.99808, 0.15599, 14.3202, -4.68514, -3.4548, -11.08582, 
-7.30658, -1.17495, -1.84033, -1.75238, 0.41895, -1.74796, -2.1602, 
-0.93941, 0, 0, 0, 0, 0, 0, 0, 0, 0, 0, 0, 0, 0, 0, 0, 0, 0, 
0, 0, 0, 0, 0, 0.76333, 0.74222, 0.73636, 0.75682, 0.76603, 0.76099, 
0.74795, 0.74881, 0.7436, 0.74681, 0.7281, 0.65722, 0.70111, 
0.73636, 0.75682, 0.75, 0.7456, 0.73311, 0.74881, 0.73147, 0.72876, 
0.71078, 0.015, 0.0158, 0.0186, 0.0163, 0.0178, 0.0181, 0.0187, 
0.02, 0.0205, 0.0209, 0.025, 51.6, 63.2, 56.9, 60, 98.5, 99.5, 
106.2, 120.8, 120.8, 121.5, 139.3, 1, 193, 1, 1, 478, 2262, 1829, 
1, 521, 902, 175, 1, 5, 1483, 1622, 1, 2, 1, 1501, 7, 4, 8, 100, 
100, 100, 100, 100, 100, 100, 100, 100, 100, 100, 2500, 2500, 
2500, 2500, 2500, 2500, 2500, 2500, 2500, 2500, 2500, 7125.546, 
7180.878, 7215.051, 7219.97300000001, 7281.666, 7296.719, 7320.51299999999, 
7361.822, 7439.84199999999, 7440.628, 7659.76000000001, 1, 1, 
1, 1, 1, 1, 1, 1, 1, 1, 1, 0.08333, 0.08333, 0.08333, 0.08333, 
0.08333, 0.08333, 0.08333, 0.08333, 0.08333, 0.08333, 0.08333, 
0, 0, 0, 0, 0, 0, 0, 0, 0, 0, 0, 0, 0, 0, 0, 0, 0, 0, 0, 0, 0, 
0, 0.73944, 0.73333, 0.73636, 0.75682, 0.74231, 0.74505, 0.74692, 
0.74881, 0.73142, 0.73431, 0.71569, 0.73944, 0.73333, 0.73636, 
0.75682, 0.74231, 0.74505, 0.74692, 0.74881, 0.73142, 0.73431, 
0.71569, 0.0152, 0.0152, 0.016, 0.0161, 0.0161, 0.017, 0.0176, 
0.0181, 0.0188, 0.0195, 0.0202, 56.9, 63.9, 67.3, 70.1, 75, 80.7, 
83.5, 91, 98.6, 103.1, 113.7, 1, 1, 1, 1, 1, 1, 1, 1, 1, 1, 1, 
1, 1, 1, 1, 1, 1, 1, 1, 1, 1, 1, 1, 1, 1, 1, 1, 1, 1, 1, 1, 1, 
1, 1, 1, 1, 1, 1, 1, 1, 1, 1, 1, 1, 2.818, 2.868, 2.903, 2.819, 
2.797, 2.884, 2.861, 2.922, 2.827, 2.792, 2.848), .Dim = c(11L, 
40L), .Dimnames = list(NULL, c("Sampling", "PSO.cost", "PSO.gamma", 
"PSO.data.balancing", "PSO.feature.selection", "PSO.valid.acc", 
"PSO.test.acc", "PSO.train.time", "PSO.n.support.vectors", "PSO.index", 
"PSO.n.solutions", "PSO.generations", "PSO.n.evaluations", "PSO.cpu.time", 
"RS.cost", "RS.gamma", "RS.data.balancing", "RS.feature.selection", 
"RS.valid.acc", "RS.test.acc", "RS.train.time", "RS.n.support.vectors", 
"RS.index", "RS.n.solutions", "RS.generations", "RS.n.evaluations", 
"RS.cpu.time", "DF.cost", "DF.gamma", "DF.data.balancing", "DF.feature.selection", 
"DF.valid.acc", "DF.test.acc", "DF.train.time", "DF.n.support.vectors", 
"DF.index", "DF.n.solutions", "DF.generations", "DF.n.evaluations", 
"DF.cpu.time")))
