full <-
structure(c(50, 55, 60, 65, 70, 75, 80, 85, 90, 95, 100, 0.75026, 
0.30521, 9.97411, 0.41575, 9.23619, 12.97942, 0.39239, 6.621, 
0.19542, 1, 4.17557, -1.73171, -2.16049, -0.6465, -1.14641, -9.12766, 
-0.23845, -1.64789, -0.28795, -1.99002, 0.08333, -0.54423, 0, 
0, 0, 0, 0, 0, 0, 0, 0, 0, 0, 0, 0, 0, 0, 0, 0, 0, 0, 0, 0, 0, 
0.78278, 0.77606, 0.74455, 0.74773, 0.73526, 0.7217, 0.73905, 
0.72917, 0.73159, 0.71618, 0.72124, 0.76028, 0.76495, 0.73545, 
0.74773, 0.72756, 0.71456, 0.71762, 0.71577, 0.72534, 0.71618, 
0.71536, 0.0152, 0.0157, 0.016, 0.0168, 0.0227, 0.0206, 0.021, 
0.0227, 0.0223, 0.0221, 0.0254, 67.9, 72.2, 84.8, 91.7, 67.9, 
106.4, 107.4, 120.8, 118.8, 108.5, 140.8, 177, 734, 132, 1961, 
13, 14, 413, 417, 373, 1, 186, 483, 60, 254, 4, 178, 695, 102, 
232, 282, 1857, 660, 100, 100, 100, 100, 100, 100, 100, 100, 
100, 100, 100, 2500, 2500, 2500, 2500, 2500, 2500, 2500, 2500, 
2500, 2500, 2500, 6732.754, 6722.616, 6761.003, 6734.005, 6809.014, 
8822.387, 8887.45600000001, 8921.035, 8854.53600000001, 8994.658, 
9017.17000000001, 0.49872, 0.36254, 2.07043, 0.21492, 9.15325, 
10.35829, 9.94484, 11.68078, 0.19642, 0.69273, 12.00247, -1.96982, 
-2.41459, -0.67754, -1.4277, -0.68761, -0.28976, -0.86898, -0.28712, 
-1.9065, -1.01471, -0.56415, 0, 0, 0, 0, 0, 0, 0, 0, 0, 0, 0, 
0, 0, 0, 0, 0, 0, 0, 0, 0, 0, 0, 0.78278, 0.77606, 0.74455, 0.74773, 
0.73526, 0.7217, 0.7381, 0.72917, 0.73159, 0.72757, 0.72124, 
0.78389, 0.76495, 0.73545, 0.73939, 0.72692, 0.71456, 0.7181, 
0.71577, 0.72534, 0.72206, 0.71536, 0.0154, 0.0155, 0.0165, 0.0168, 
0.0176, 0.0197, 0.0215, 0.021, 0.0225, 0.0241, 0.0249, 66.3, 
70.4, 84.8, 88.9, 99.2, 106.4, 113, 120.8, 119.9, 134.1, 140.8, 
619, 1806, 395, 182, 150, 8, 60, 59, 300, 2079, 1, 4, 1, 11, 
1, 15, 64, 16, 4, 1, 1, 55, 100, 100, 100, 100, 100, 100, 100, 
100, 100, 100, 100, 2500, 2500, 2500, 2500, 2500, 2500, 2500, 
2500, 2500, 2500, 2500, 6789.14, 6801.062, 6826.041, 6822.793, 
7762.75899999999, 9071.90300000001, 8983.027, 9005.787, 9089.01000000001, 
9151.45199999999, 9219.79400000002, 1, 1, 1, 1, 1, 1, 1, 1, 1, 
1, 1, 0.08333, 0.08333, 0.08333, 0.08333, 0.08333, 0.08333, 0.08333, 
0.08333, 0.08333, 0.08333, 0.08333, 0, 0, 0, 0, 0, 0, 0, 0, 0, 
0, 0, 0, 0, 0, 0, 0, 0, 0, 0, 0, 0, 0, 0.76167, 0.74384, 0.72636, 
0.72121, 0.72692, 0.70687, 0.7181, 0.71577, 0.71909, 0.71618, 
0.71569, 0.76167, 0.75384, 0.72636, 0.7303, 0.71923, 0.71456, 
0.7181, 0.70863, 0.71909, 0.71618, 0.71569, 0.0142, 0.0155, 0.0152, 
0.0162, 0.0186, 0.0194, 0.0205, 0.0211, 0.0216, 0.022, 0.0233, 
54.8, 60.4, 69.7, 75, 79.3, 86.2, 89.9, 96.7, 101.4, 108.5, 111.3, 
1, 1, 1, 1, 1, 1, 1, 1, 1, 1, 1, 1, 1, 1, 1, 1, 1, 1, 1, 1, 1, 
1, 1, 1, 1, 1, 1, 1, 1, 1, 1, 1, 1, 1, 1, 1, 1, 1, 1, 1, 1, 1, 
1, 1, 2.592, 2.67, 2.607, 2.761, 3.487, 3.549, 3.5, 3.575, 3.497, 
3.43, 3.527), .Dim = c(11L, 40L), .Dimnames = list(NULL, c("Sampling", 
"PSO.cost", "PSO.gamma", "PSO.data.balancing", "PSO.feature.selection", 
"PSO.valid.acc", "PSO.test.acc", "PSO.train.time", "PSO.n.support.vectors", 
"PSO.index", "PSO.n.solutions", "PSO.generations", "PSO.n.evaluations", 
"PSO.cpu.time", "RS.cost", "RS.gamma", "RS.data.balancing", "RS.feature.selection", 
"RS.valid.acc", "RS.test.acc", "RS.train.time", "RS.n.support.vectors", 
"RS.index", "RS.n.solutions", "RS.generations", "RS.n.evaluations", 
"RS.cpu.time", "DF.cost", "DF.gamma", "DF.data.balancing", "DF.feature.selection", 
"DF.valid.acc", "DF.test.acc", "DF.train.time", "DF.n.support.vectors", 
"DF.index", "DF.n.solutions", "DF.generations", "DF.n.evaluations", 
"DF.cpu.time")))
