full <-
structure(c(50, 55, 60, 65, 70, 75, 80, 85, 90, 95, 100, 1, 5.70498, 
6.53776, 0.58782, 1.20944, 3.17822, 1, 0.48672, 11.6042, 1, 7.48783, 
0.08333, -0.76517, -0.35312, -2.92821, -0.42527, -0.46218, 0.08333, 
-2.10112, -9.92963, 0.08333, -0.2611, 0, 0, 0, 0, 0, 0, 0, 0, 
0, 0, 0, 0, 0, 0, 0, 0, 0, 0, 0, 0, 0, 0, 0.79722, 0.78495, 0.76545, 
0.77682, 0.77413, 0.75989, 0.73978, 0.73542, 0.73218, 0.72239, 
0.72124, 0.79722, 0.77384, 0.75545, 0.76682, 0.78322, 0.74451, 
0.73978, 0.71542, 0.72551, 0.72239, 0.71569, 0.0152, 0.016, 0.0159, 
0.0162, 0.0188, 0.0195, 0.0185, 0.0212, 0.0474, 0.0211, 0.0239, 
51.2, 77.5, 84.8, 73.5, 99.2, 106.3, 86.3, 110.2, 86.8, 107.3, 
140.8, 1, 175, 27, 71, 35, 85, 1, 138, 1031, 1, 17, 1993, 272, 
834, 434, 489, 797, 2111, 64, 37, 1702, 149, 100, 100, 100, 100, 
100, 100, 100, 100, 100, 100, 100, 2500, 2500, 2500, 2500, 2500, 
2500, 2500, 2500, 2500, 2500, 2500, 7031.368, 7108.524, 7337.366, 
7506.615, 7549.087, 7610.254, 7681.94500000001, 7740.36300000001, 
7865.13099999999, 7888.022, 7928.58300000001, 6.00433, 7.2864, 
8.47462, 7.19889, 1.72605, 13.85065, 13.59712, 12.27731, 11.48269, 
-0.4488, 2.74301, 0.8373, -0.89742, -0.28966, -0.9428, -0.43523, 
-0.46695, 0.33926, 2.17611, -9.88107, -13.72652, -0.49675, 0, 
0, 0, 0, 0, 0, 0, 0, 0, 0, 0, 0, 0, 0, 0, 0, 0, 0, 0, 0, 0, 0, 
0.79722, 0.78495, 0.76545, 0.78515, 0.77413, 0.75989, 0.73978, 
0.72875, 0.73218, 0.72239, 0.72124, 0.79722, 0.77384, 0.76545, 
0.76682, 0.78322, 0.74451, 0.73978, 0.72875, 0.72551, 0.72239, 
0.71569, 0.0157, 0.0154, 0.0165, 0.0168, 0.0191, 0.0195, 0.0197, 
0.0231, 0.0438, 0.0182, 0.0231, 70.4, 77.3, 84.8, 90.4, 99.1, 
106.3, 113.6, 120.8, 86.8, 77.5, 140.8, 1, 34, 327, 2248, 33, 
94, 2, 1, 669, 1, 518, 1741, 26, 19, 1, 15, 38, 1515, 1519, 1, 
1440, 11, 100, 100, 100, 100, 100, 100, 100, 100, 100, 100, 100, 
2500, 2500, 2500, 2500, 2500, 2500, 2500, 2500, 2500, 2500, 2500, 
7142.624, 7214.887, 7589.782, 7630.696, 7683.65399999999, 7730.357, 
7786.144, 7868.2, 7900.66, 8075.92000000001, 8063.35999999999, 
1, 1, 1, 1, 1, 1, 1, 1, 1, 1, 1, 0.08333, 0.08333, 0.08333, 0.08333, 
0.08333, 0.08333, 0.08333, 0.08333, 0.08333, 0.08333, 0.08333, 
0, 0, 0, 0, 0, 0, 0, 0, 0, 0, 0, 0, 0, 0, 0, 0, 0, 0, 0, 0, 0, 
0, 0.79722, 0.77384, 0.75636, 0.76682, 0.76643, 0.74505, 0.73978, 
0.72875, 0.72551, 0.72239, 0.71569, 0.79722, 0.77384, 0.75636, 
0.76682, 0.76643, 0.74505, 0.73978, 0.72875, 0.72551, 0.72239, 
0.71569, 0.0149, 0.0146, 0.0159, 0.0175, 0.0173, 0.0176, 0.018, 
0.0196, 0.021, 0.0206, 0.0215, 51.2, 57.1, 63.5, 68, 72.2, 79.2, 
86.3, 93.6, 101.3, 107.3, 113.7, 1, 1, 1, 1, 1, 1, 1, 1, 1, 1, 
1, 1, 1, 1, 1, 1, 1, 1, 1, 1, 1, 1, 1, 1, 1, 1, 1, 1, 1, 1, 1, 
1, 1, 1, 1, 1, 1, 1, 1, 1, 1, 1, 1, 1, 2.938, 2.795, 2.968, 3.011, 
2.999, 3.054, 3.015, 3.137, 2.989, 3.084, 3.112), .Dim = c(11L, 
40L), .Dimnames = list(NULL, c("Sampling", "PSO.cost", "PSO.gamma", 
"PSO.data.balancing", "PSO.feature.selection", "PSO.valid.acc", 
"PSO.test.acc", "PSO.train.time", "PSO.n.support.vectors", "PSO.index", 
"PSO.n.solutions", "PSO.generations", "PSO.n.evaluations", "PSO.cpu.time", 
"RS.cost", "RS.gamma", "RS.data.balancing", "RS.feature.selection", 
"RS.valid.acc", "RS.test.acc", "RS.train.time", "RS.n.support.vectors", 
"RS.index", "RS.n.solutions", "RS.generations", "RS.n.evaluations", 
"RS.cpu.time", "DF.cost", "DF.gamma", "DF.data.balancing", "DF.feature.selection", 
"DF.valid.acc", "DF.test.acc", "DF.train.time", "DF.n.support.vectors", 
"DF.index", "DF.n.solutions", "DF.generations", "DF.n.evaluations", 
"DF.cpu.time")))
