full <-
structure(c(50, 55, 60, 65, 70, 75, 80, 85, 90, 95, 100, 8.56331, 
1, 0.30058, 4.97214, 0.72174, 10.2165, 2.06107, 0.19592, 1.41398, 
0.3949, 1, 1.53315, 0.08333, -1.04651, -0.33915, -1.92022, -0.91618, 
-0.46637, -1.32294, -1.52906, -0.5482, 0.08333, 0, 0, 0, 0, 0, 
0, 0, 0, 0, 0, 0, 0, 0, 0, 0, 0, 0, 0, 0, 0, 0, 0, 0.70556, 0.72333, 
0.74727, 0.74773, 0.75192, 0.73736, 0.71857, 0.72893, 0.73243, 
0.72847, 0.71569, 0.70556, 0.72333, 0.73727, 0.74773, 0.72821, 
0.72198, 0.71857, 0.70893, 0.73159, 0.71634, 0.71569, 0.0166, 
0.0162, 0.0159, 0.0178, 0.0185, 0.0196, 0.0208, 0.0217, 0.0221, 
0.0231, 0.022, 70.4, 63.4, 84.5, 92, 92.5, 106, 113.6, 117.4, 
122.5, 135.2, 110.7, 2, 1, 156, 30, 396, 210, 53, 1041, 836, 
1346, 1, 1899, 1909, 102, 1230, 201, 601, 333, 27, 197, 49, 1939, 
100, 100, 100, 100, 100, 100, 100, 100, 100, 100, 100, 2500, 
2500, 2500, 2500, 2500, 2500, 2500, 2500, 2500, 2500, 2500, 7831.073, 
7840.633, 7866.667, 7767.32900000001, 8034.859, 8027.352, 7895.71799999999, 
8123.50499999999, 8061.891, 8233.68100000001, 8319.351, 8.3298, 
12.27778, 0.30076, 8.33244, 1.01654, 14.24789, 2.88539, 10.49557, 
14.16153, 0.32744, 5.48522, 2.98662, 1.03535, -1.19, -0.7381, 
-2.0497, -0.76464, -0.51361, -0.47814, -1.38406, -1.49538, -12.57242, 
0, 0, 0, 0, 0, 0, 0, 0, 0, 0, 0, 0, 0, 0, 0, 0, 0, 0, 0, 0, 0, 
0, 0.70556, 0.72333, 0.74727, 0.74773, 0.75128, 0.73736, 0.71857, 
0.72268, 0.72618, 0.72884, 0.71569, 0.70556, 0.72333, 0.73727, 
0.73864, 0.72821, 0.71484, 0.71857, 0.72226, 0.73201, 0.72847, 
0.71569, 0.0155, 0.0169, 0.0183, 0.0192, 0.0187, 0.0207, 0.0209, 
0.0215, 0.0239, 0.0232, 0.0254, 70.4, 77.6, 84.3, 92, 91.3, 106.4, 
113.6, 120.8, 123.5, 130.5, 118.2, 2, 1, 1928, 1, 486, 36, 19, 
144, 201, 88, 1, 1547, 1475, 1, 86, 1, 39, 23, 16, 7, 1, 1509, 
100, 100, 100, 100, 100, 100, 100, 100, 100, 100, 100, 2500, 
2500, 2500, 2500, 2500, 2500, 2500, 2500, 2500, 2500, 2500, 7859, 
8041.955, 8019.93700000001, 8255.706, 8055.216, 8162.73599999999, 
7932.66499999999, 8035.946, 8337.04900000003, 8405.85399999999, 
8693.21400000001, 1, 1, 1, 1, 1, 1, 1, 1, 1, 1, 1, 0.08333, 0.08333, 
0.08333, 0.08333, 0.08333, 0.08333, 0.08333, 0.08333, 0.08333, 
0.08333, 0.08333, 0, 0, 0, 0, 0, 0, 0, 0, 0, 0, 0, 0, 0, 0, 0, 
0, 0, 0, 0, 0, 0, 0, 0.69306, 0.72333, 0.73636, 0.73864, 0.72692, 
0.70659, 0.71143, 0.72226, 0.71284, 0.71634, 0.71569, 0.70556, 
0.72333, 0.73636, 0.73864, 0.72692, 0.71429, 0.71143, 0.72226, 
0.71284, 0.71634, 0.71569, 0.015, 0.0157, 0.0155, 0.0174, 0.018, 
0.0185, 0.019, 0.0207, 0.0211, 0.022, 0.0228, 59.5, 63.4, 66, 
74.2, 80.4, 86.2, 92.9, 95, 103.6, 107.6, 110.7, 1, 1, 1, 1, 
1, 1, 1, 1, 1, 1, 1, 1, 1, 1, 1, 1, 1, 1, 1, 1, 1, 1, 1, 1, 1, 
1, 1, 1, 1, 1, 1, 1, 1, 1, 1, 1, 1, 1, 1, 1, 1, 1, 1, 1, 3.039, 
3.088, 2.914, 3.298, 3.191, 3.05, 2.958, 3.29, 3.128, 3.261, 
3.315), .Dim = c(11L, 40L), .Dimnames = list(NULL, c("Sampling", 
"PSO.cost", "PSO.gamma", "PSO.data.balancing", "PSO.feature.selection", 
"PSO.valid.acc", "PSO.test.acc", "PSO.train.time", "PSO.n.support.vectors", 
"PSO.index", "PSO.n.solutions", "PSO.generations", "PSO.n.evaluations", 
"PSO.cpu.time", "RS.cost", "RS.gamma", "RS.data.balancing", "RS.feature.selection", 
"RS.valid.acc", "RS.test.acc", "RS.train.time", "RS.n.support.vectors", 
"RS.index", "RS.n.solutions", "RS.generations", "RS.n.evaluations", 
"RS.cpu.time", "DF.cost", "DF.gamma", "DF.data.balancing", "DF.feature.selection", 
"DF.valid.acc", "DF.test.acc", "DF.train.time", "DF.n.support.vectors", 
"DF.index", "DF.n.solutions", "DF.generations", "DF.n.evaluations", 
"DF.cpu.time")))
