full <-
structure(c(50, 55, 60, 65, 70, 75, 80, 85, 90, 95, 100, 0.65072, 
12.20842, 5.73142, 10.3099, 1, 0.4274, 2.83937, 4.44185, 0.8839, 
0.23474, 4.35743, -2.00675, -0.47235, -0.46951, -1.35293, 0.08333, 
-2.15073, -0.41049, 2.8958, -0.81302, -2.7843, -0.80999, 0, 0, 
0, 0, 0, 0, 0, 0, 0, 0, 0, 0, 0, 0, 0, 0, 0, 0, 0, 0, 0, 0, 0.73139, 
0.71111, 0.69939, 0.71515, 0.71084, 0.72143, 0.71857, 0.71577, 
0.72534, 0.72794, 0.7268, 0.695, 0.70222, 0.69939, 0.67045, 0.71084, 
0.69066, 0.71857, 0.71577, 0.69988, 0.72206, 0.70392, 0.016, 
0.0165, 0.0166, 0.0177, 0.0175, 0.018, 0.0206, 0.0214, 0.0211, 
0.0203, 0.0231, 66.8, 77.6, 84.8, 90.9, 78.5, 97.4, 113.6, 120.8, 
127.3, 116.5, 139.7, 1739, 8, 64, 491, 1, 1810, 106, 7, 306, 
79, 352, 19, 983, 766, 502, 1911, 11, 409, 1784, 66, 275, 562, 
100, 100, 100, 100, 100, 100, 100, 100, 100, 100, 100, 2500, 
2500, 2500, 2500, 2500, 2500, 2500, 2500, 2500, 2500, 2500, 8384.599, 
7730.788, 8309.088, 8377.319, 8409.224, 7690.923, 7918.933, 8087.868, 
7959.084, 8525.74599999998, 7781.005, 2.67032, 7.50354, 8.34741, 
11.20709, 3.07695, 0.08241, 4.44197, 1.95494, 0.39501, 0.16061, 
10.58221, -0.92112, -0.55704, -0.41285, -1.36239, -7.87877, -2.45627, 
-0.421, -12.35412, -1.02352, -2.4922, -0.80674, 0, 0, 0, 0, 0, 
0, 0, 0, 0, 0, 0, 0, 0, 0, 0, 0, 0, 0, 0, 0, 0, 0, 0.73111, 0.71111, 
0.69939, 0.71515, 0.71084, 0.71374, 0.71857, 0.71577, 0.72534, 
0.72794, 0.7268, 0.72, 0.69111, 0.69939, 0.67045, 0.71084, 0.69066, 
0.71857, 0.71577, 0.70576, 0.72206, 0.70392, 0.0156, 0.0154, 
0.0164, 0.0179, 0.0176, 0.0191, 0.0203, 0.0193, 0.0228, 0.0238, 
0.0225, 70.4, 77.6, 84.8, 90.9, 69.1, 95.3, 113.6, 96, 126.8, 
119.5, 139.7, 84, 7, 1046, 136, 1, 1079, 6, 1, 128, 743, 702, 
11, 32, 11, 23, 1465, 3, 26, 1446, 3, 2, 3, 100, 100, 100, 100, 
100, 100, 100, 100, 100, 100, 100, 2500, 2500, 2500, 2500, 2500, 
2500, 2500, 2500, 2500, 2500, 2500, 8423.058, 8120.538, 8373.495, 
8383.435, 7807.003, 7870.307, 8210.49299999999, 8135.999, 8181.71899999998, 
8892.541, 8080.73800000001, 1, 1, 1, 1, 1, 1, 1, 1, 1, 1, 1, 
0.08333, 0.08333, 0.08333, 0.08333, 0.08333, 0.08333, 0.08333, 
0.08333, 0.08333, 0.08333, 0.08333, 0, 0, 0, 0, 0, 0, 0, 0, 0, 
0, 0, 0, 0, 0, 0, 0, 0, 0, 0, 0, 0, 0, 0.70611, 0.66889, 0.66364, 
0.68864, 0.71084, 0.6989, 0.71143, 0.70952, 0.71284, 0.72206, 
0.71569, 0.70611, 0.67889, 0.66939, 0.69697, 0.71084, 0.6989, 
0.71143, 0.71577, 0.71909, 0.72206, 0.71569, 0.0155, 0.0174, 
0.0167, 0.0172, 0.0167, 0.0175, 0.0181, 0.0193, 0.019, 0.0212, 
0.0207, 59, 63.2, 69.8, 75.7, 78.5, 85.5, 88.2, 94.7, 101.5, 
106.4, 112.4, 1, 1, 1, 1, 1, 1, 1, 1, 1, 1, 1, 1, 1, 1, 1, 1, 
1, 1, 1, 1, 1, 1, 1, 1, 1, 1, 1, 1, 1, 1, 1, 1, 1, 1, 1, 1, 1, 
1, 1, 1, 1, 1, 1, 1, 3.112, 3.556, 3.447, 3.413, 2.985, 3.025, 
2.952, 3.367, 2.936, 3.154, 3.059), .Dim = c(11L, 40L), .Dimnames = list(
    NULL, c("Sampling", "PSO.cost", "PSO.gamma", "PSO.data.balancing", 
    "PSO.feature.selection", "PSO.valid.acc", "PSO.test.acc", 
    "PSO.train.time", "PSO.n.support.vectors", "PSO.index", "PSO.n.solutions", 
    "PSO.generations", "PSO.n.evaluations", "PSO.cpu.time", "RS.cost", 
    "RS.gamma", "RS.data.balancing", "RS.feature.selection", 
    "RS.valid.acc", "RS.test.acc", "RS.train.time", "RS.n.support.vectors", 
    "RS.index", "RS.n.solutions", "RS.generations", "RS.n.evaluations", 
    "RS.cpu.time", "DF.cost", "DF.gamma", "DF.data.balancing", 
    "DF.feature.selection", "DF.valid.acc", "DF.test.acc", "DF.train.time", 
    "DF.n.support.vectors", "DF.index", "DF.n.solutions", "DF.generations", 
    "DF.n.evaluations", "DF.cpu.time")))
