full <-
structure(c(50, 55, 60, 65, 70, 75, 80, 85, 90, 95, 100, 9.78774, 
0.44994, 0.84277, 1, 11.22188, 8.12373, 1, 1, 4.23717, 0.01565, 
1.51392, -13.38604, -1.76602, -1.83241, 0.08333, -11.79595, 1.53877, 
0.08333, 0.08333, -9.78545, -1.26195, -1.14653, 0, 0, 0, 0, 0, 
0, 0, 0, 0, 0, 0, 0, 0, 0, 0, 0, 0, 0, 0, 0, 0, 0, 0.71778, 0.74333, 
0.70818, 0.69697, 0.69388, 0.70659, 0.71143, 0.70893, 0.71301, 
0.71618, 0.72157, 0.71778, 0.67111, 0.68818, 0.69697, 0.69388, 
0.70659, 0.71143, 0.70893, 0.71301, 0.69816, 0.71046, 0.0164, 
0.0166, 0.0157, 0.0158, 0.0258, 0.0206, 0.0187, 0.0188, 0.0216, 
0.0222, 0.023, 46.8, 73.1, 80.6, 77.5, 72.7, 106.4, 94.3, 98.8, 
94.8, 133.4, 138.5, 3, 1327, 911, 1, 3, 2, 1, 1, 4, 808, 536, 
1752, 35, 48, 1961, 1917, 1791, 2010, 1905, 1851, 45, 71, 100, 
100, 100, 100, 100, 100, 100, 100, 100, 100, 100, 2500, 2500, 
2500, 2500, 2500, 2500, 2500, 2500, 2500, 2500, 2500, 7170.564, 
7233.858, 6952.463, 7076.737, 7141.251, 7192.64899999999, 7210.94799999999, 
7587.2, 7364.132, 7542.22500000001, 7336.864, -1.02457, 0.54092, 
0.84402, 3.72913, 10.92741, 5.81541, 2.27555, 8.74828, 8.22848, 
-0.03652, 7.15263, -8.82145, -1.39046, -1.78041, -8.70466, -13.18769, 
-8.49599, 1.70572, -13.61841, -13.63223, -1.42672, -0.74846, 
0, 0, 0, 0, 0, 0, 0, 0, 0, 0, 0, 0, 0, 0, 0, 0, 0, 0, 0, 0, 0, 
0, 0.71778, 0.73333, 0.70818, 0.69697, 0.69388, 0.70659, 0.71143, 
0.70893, 0.71301, 0.71618, 0.72092, 0.71778, 0.72222, 0.68818, 
0.69697, 0.69388, 0.70659, 0.71143, 0.70893, 0.71301, 0.69816, 
0.71569, 0.0154, 0.0162, 0.0156, 0.0174, 0.0262, 0.021, 0.0196, 
0.0262, 0.0262, 0.0218, 0.0231, 51.4, 75.8, 81.1, 67.9, 73.4, 
76.2, 113.6, 100.6, 107.8, 132.3, 140.2, 3, 1693, 1095, 2, 1, 
1, 3, 2, 1, 1801, 227, 1291, 1, 2, 1475, 1483, 1453, 1527, 1579, 
1361, 1, 18, 100, 100, 100, 100, 100, 100, 100, 100, 100, 100, 
100, 2500, 2500, 2500, 2500, 2500, 2500, 2500, 2500, 2500, 2500, 
2500, 7167.091, 7011.907, 7040.834, 7182.334, 7195.768, 7215.86500000001, 
7491.825, 7501.261, 7531.36599999999, 7634.87600000002, 7677.92599999998, 
1, 1, 1, 1, 1, 1, 1, 1, 1, 1, 1, 0.08333, 0.08333, 0.08333, 0.08333, 
0.08333, 0.08333, 0.08333, 0.08333, 0.08333, 0.08333, 0.08333, 
0, 0, 0, 0, 0, 0, 0, 0, 0, 0, 0, 0, 0, 0, 0, 0, 0, 0, 0, 0, 0, 
0, 0.69417, 0.70222, 0.70727, 0.69697, 0.6785, 0.6989, 0.71143, 
0.70893, 0.70713, 0.71029, 0.71569, 0.70528, 0.70222, 0.70727, 
0.69697, 0.6785, 0.70659, 0.71143, 0.70893, 0.71301, 0.71029, 
0.71569, 0.0153, 0.0141, 0.0153, 0.0154, 0.0181, 0.0175, 0.0181, 
0.0185, 0.0198, 0.0205, 0.0214, 56.8, 64.4, 69.7, 77.5, 83.9, 
87.9, 94.3, 98.8, 104.4, 110.4, 113.1, 1, 1, 1, 1, 1, 1, 1, 1, 
1, 1, 1, 1, 1, 1, 1, 1, 1, 1, 1, 1, 1, 1, 1, 1, 1, 1, 1, 1, 1, 
1, 1, 1, 1, 1, 1, 1, 1, 1, 1, 1, 1, 1, 1, 1, 2.917, 2.616, 2.813, 
2.669, 2.906, 2.837, 2.905, 2.928, 2.924, 2.853, 2.932), .Dim = c(11L, 
40L), .Dimnames = list(NULL, c("Sampling", "PSO.cost", "PSO.gamma", 
"PSO.data.balancing", "PSO.feature.selection", "PSO.valid.acc", 
"PSO.test.acc", "PSO.train.time", "PSO.n.support.vectors", "PSO.index", 
"PSO.n.solutions", "PSO.generations", "PSO.n.evaluations", "PSO.cpu.time", 
"RS.cost", "RS.gamma", "RS.data.balancing", "RS.feature.selection", 
"RS.valid.acc", "RS.test.acc", "RS.train.time", "RS.n.support.vectors", 
"RS.index", "RS.n.solutions", "RS.generations", "RS.n.evaluations", 
"RS.cpu.time", "DF.cost", "DF.gamma", "DF.data.balancing", "DF.feature.selection", 
"DF.valid.acc", "DF.test.acc", "DF.train.time", "DF.n.support.vectors", 
"DF.index", "DF.n.solutions", "DF.generations", "DF.n.evaluations", 
"DF.cpu.time")))
