full <-
structure(c(50, 55, 60, 65, 70, 75, 80, 85, 90, 95, 100, 1.84547, 
7.08357, 7.21572, 1, 6.13596, 1, 1, 1, 1, 0.45989, 10.04761, 
-5.73015, -8.59391, -1.51343, 0.08333, -7.75119, 0.08333, 0.08333, 
0.08333, 0.08333, -0.58335, -0.78147, 0, 0, 0, 0, 0, 0, 0, 0, 
0, 0, 0, 0, 0, 0, 0, 0, 0, 0, 0, 0, 0, 0, 0.73028, 0.71111, 0.70939, 
0.68788, 0.70157, 0.71456, 0.7181, 0.71577, 0.71909, 0.71618, 
0.73268, 0.71778, 0.67889, 0.72939, 0.67955, 0.70157, 0.70687, 
0.7181, 0.71577, 0.71909, 0.71618, 0.69902, 0.0158, 0.0169, 0.0173, 
0.0176, 0.0205, 0.0177, 0.0192, 0.0209, 0.0211, 0.0244, 0.024, 
50.1, 56.8, 81.3, 78.5, 74, 85.2, 92.1, 97.7, 102.6, 135.1, 139.7, 
224, 630, 382, 1, 31, 1, 1, 1, 1, 262, 951, 201, 211, 553, 1794, 
212, 1878, 2110, 2025, 1931, 79, 32, 100, 100, 100, 100, 100, 
100, 100, 100, 100, 100, 100, 2500, 2500, 2500, 2500, 2500, 2500, 
2500, 2500, 2500, 2500, 2500, 7636.271, 7678.395, 7819.469, 7851.612, 
7948.264, 7945.796, 7884.38500000001, 8041.948, 8211.28, 8238.625, 
8132.91, 2.92071, 6.43713, 13.82354, 1.91415, 3.37353, 1.38367, 
-0.48043, 0.79852, 7.20134, 0.2871, 0.97014, -6.50078, -8.22755, 
-1.49684, 0.45454, -6.31425, -0.21772, -9.48044, -12.75116, 1.28179, 
-0.85781, -0.82815, 0, 0, 0, 0, 0, 0, 0, 0, 0, 0, 0, 0, 0, 0, 
0, 0, 0, 0, 0, 0, 0, 0, 0.73028, 0.71111, 0.70939, 0.68788, 0.70157, 
0.71456, 0.7181, 0.71577, 0.71909, 0.71618, 0.73268, 0.71778, 
0.67889, 0.72939, 0.68788, 0.70157, 0.71456, 0.7181, 0.71577, 
0.71909, 0.71029, 0.70458, 0.015, 0.0171, 0.0168, 0.0177, 0.0175, 
0.0188, 0.0188, 0.0181, 0.0228, 0.0222, 0.024, 49.5, 57.1, 81.3, 
92, 75.7, 106.4, 83, 75.7, 128, 134.7, 139.7, 104, 317, 561, 
2, 38, 1, 1, 2, 2, 1133, 436, 6, 2, 7, 1166, 62, 1460, 1489, 
1585, 1466, 2, 1, 100, 100, 100, 100, 100, 100, 100, 100, 100, 
100, 100, 2500, 2500, 2500, 2500, 2500, 2500, 2500, 2500, 2500, 
2500, 2500, 7647.458, 7714.865, 7889.624, 7931.39999999999, 8044.334, 
7950.681, 8060.068, 8341.53, 8294.10199999998, 8273.791, 8274.08100000001, 
1, 1, 1, 1, 1, 1, 1, 1, 1, 1, 1, 0.08333, 0.08333, 0.08333, 0.08333, 
0.08333, 0.08333, 0.08333, 0.08333, 0.08333, 0.08333, 0.08333, 
0, 0, 0, 0, 0, 0, 0, 0, 0, 0, 0, 0, 0, 0, 0, 0, 0, 0, 0, 0, 0, 
0, 0.71778, 0.69, 0.67939, 0.68788, 0.69388, 0.71456, 0.7181, 
0.71577, 0.71909, 0.71029, 0.71569, 0.71778, 0.68, 0.68939, 0.67955, 
0.69388, 0.70687, 0.7181, 0.71577, 0.71909, 0.71029, 0.71569, 
0.0156, 0.016, 0.0163, 0.0184, 0.0183, 0.0189, 0.0197, 0.0202, 
0.0217, 0.0212, 0.0216, 56.3, 65.4, 70.9, 78.5, 82.9, 85.2, 92.1, 
97.7, 102.6, 111.3, 112.1, 1, 1, 1, 1, 1, 1, 1, 1, 1, 1, 1, 1, 
1, 1, 1, 1, 1, 1, 1, 1, 1, 1, 1, 1, 1, 1, 1, 1, 1, 1, 1, 1, 1, 
1, 1, 1, 1, 1, 1, 1, 1, 1, 1, 1, 3.031, 3.198, 3.132, 3.071, 
3.066, 3.081, 3.092, 3.302, 3.276, 3.106, 3.155), .Dim = c(11L, 
40L), .Dimnames = list(NULL, c("Sampling", "PSO.cost", "PSO.gamma", 
"PSO.data.balancing", "PSO.feature.selection", "PSO.valid.acc", 
"PSO.test.acc", "PSO.train.time", "PSO.n.support.vectors", "PSO.index", 
"PSO.n.solutions", "PSO.generations", "PSO.n.evaluations", "PSO.cpu.time", 
"RS.cost", "RS.gamma", "RS.data.balancing", "RS.feature.selection", 
"RS.valid.acc", "RS.test.acc", "RS.train.time", "RS.n.support.vectors", 
"RS.index", "RS.n.solutions", "RS.generations", "RS.n.evaluations", 
"RS.cpu.time", "DF.cost", "DF.gamma", "DF.data.balancing", "DF.feature.selection", 
"DF.valid.acc", "DF.test.acc", "DF.train.time", "DF.n.support.vectors", 
"DF.index", "DF.n.solutions", "DF.generations", "DF.n.evaluations", 
"DF.cpu.time")))
