full <-
structure(c(50, 55, 60, 65, 70, 75, 80, 85, 90, 95, 100, 1, 1, 
1, 14.36113, 0.9813, 1, 0.44569, 2.82663, 1, 6.68499, 6.92188, 
0.08333, 0.08333, 0.08333, -0.77877, -1.6251, 0.08333, -2.16785, 
-0.82436, 0.08333, -0.52382, -0.57557, 0, 0, 0, 0, 0, 0, 0, 0, 
0, 0, 0, 0, 0, 0, 0, 0, 0, 0, 0, 0, 0, 0, 0.75056, 0.75384, 0.76545, 
0.75682, 0.76667, 0.73736, 0.74, 0.71577, 0.70659, 0.72206, 0.72124, 
0.75056, 0.75384, 0.76545, 0.73939, 0.71731, 0.73736, 0.69762, 
0.69661, 0.70659, 0.71618, 0.7098, 0.0154, 0.0153, 0.0149, 0.0169, 
0.0174, 0.0167, 0.0183, 0.0199, 0.0183, 0.0213, 0.0227, 56.1, 
60.3, 63.8, 91.4, 95.3, 81.1, 104.3, 120.6, 104.4, 135.2, 140.7, 
1, 1, 1, 250, 766, 1, 739, 148, 1, 697, 785, 2031, 1818, 1957, 
793, 103, 1712, 140, 784, 1886, 331, 84, 100, 100, 100, 100, 
100, 100, 100, 100, 100, 100, 100, 2500, 2500, 2500, 2500, 2500, 
2500, 2500, 2500, 2500, 2500, 2500, 7175.167, 7240.116, 7239.942, 
7257.386, 7297.742, 7292.855, 7252.033, 7218.787, 7315.47, 7438.90099999998, 
7484.65299999999, -0.04162, 14.54583, 7.0799, 0.49247, 6.86938, 
0.56256, 0.49138, 12.42084, 2.68089, 14.2431, 8.68526, -11.34454, 
-13.44093, -12.09995, -1.70558, -1.50571, -2.15822, -2.32248, 
-0.89933, -11.41779, -0.52396, -0.60946, 0, 0, 0, 0, 0, 0, 0, 
0, 0, 0, 0, 0, 0, 0, 0, 0, 0, 0, 0, 0, 0, 0, 0.75056, 0.75384, 
0.76545, 0.76515, 0.75833, 0.73791, 0.73286, 0.71577, 0.70659, 
0.72206, 0.72124, 0.75056, 0.75384, 0.76545, 0.75682, 0.71731, 
0.70824, 0.69762, 0.6828, 0.70659, 0.71618, 0.7098, 0.0135, 0.0394, 
0.0182, 0.0163, 0.0167, 0.0175, 0.0188, 0.02, 0.0191, 0.023, 
0.0233, 46.9, 51.2, 60.2, 87.5, 95.8, 96.5, 102.8, 120.6, 105.2, 
135.2, 140.6, 4, 1, 1, 132, 904, 761, 151, 306, 1, 686, 58, 1638, 
1470, 1558, 3, 5, 1, 1, 27, 1505, 7, 4, 100, 100, 100, 100, 100, 
100, 100, 100, 100, 100, 100, 2500, 2500, 2500, 2500, 2500, 2500, 
2500, 2500, 2500, 2500, 2500, 7185.129, 7234.84, 7279.813, 7317.755, 
7351.656, 7357.72799999999, 7369.743, 7375.678, 7446.84799999998, 
7671.601, 7738.21400000001, 1, 1, 1, 1, 1, 1, 1, 1, 1, 1, 1, 
0.08333, 0.08333, 0.08333, 0.08333, 0.08333, 0.08333, 0.08333, 
0.08333, 0.08333, 0.08333, 0.08333, 0, 0, 0, 0, 0, 0, 0, 0, 0, 
0, 0, 0, 0, 0, 0, 0, 0, 0, 0, 0, 0, 0, 0.75056, 0.75384, 0.76545, 
0.74773, 0.74231, 0.73736, 0.71143, 0.70911, 0.70659, 0.71029, 
0.71569, 0.75056, 0.75384, 0.76545, 0.74773, 0.74231, 0.73736, 
0.71143, 0.70911, 0.70659, 0.71029, 0.71569, 0.0138, 0.0151, 
0.0152, 0.0151, 0.0158, 0.0163, 0.0174, 0.0181, 0.0197, 0.0194, 
0.0215, 56.1, 60.3, 63.8, 69.7, 74.7, 81.1, 90.3, 97.9, 104.4, 
108.5, 112, 1, 1, 1, 1, 1, 1, 1, 1, 1, 1, 1, 1, 1, 1, 1, 1, 1, 
1, 1, 1, 1, 1, 1, 1, 1, 1, 1, 1, 1, 1, 1, 1, 1, 1, 1, 1, 1, 1, 
1, 1, 1, 1, 1, 1, 2.686, 2.923, 3.015, 2.848, 2.947, 2.842, 2.866, 
2.828, 2.972, 2.835, 2.975), .Dim = c(11L, 40L), .Dimnames = list(
    NULL, c("Sampling", "PSO.cost", "PSO.gamma", "PSO.data.balancing", 
    "PSO.feature.selection", "PSO.valid.acc", "PSO.test.acc", 
    "PSO.train.time", "PSO.n.support.vectors", "PSO.index", "PSO.n.solutions", 
    "PSO.generations", "PSO.n.evaluations", "PSO.cpu.time", "RS.cost", 
    "RS.gamma", "RS.data.balancing", "RS.feature.selection", 
    "RS.valid.acc", "RS.test.acc", "RS.train.time", "RS.n.support.vectors", 
    "RS.index", "RS.n.solutions", "RS.generations", "RS.n.evaluations", 
    "RS.cpu.time", "DF.cost", "DF.gamma", "DF.data.balancing", 
    "DF.feature.selection", "DF.valid.acc", "DF.test.acc", "DF.train.time", 
    "DF.n.support.vectors", "DF.index", "DF.n.solutions", "DF.generations", 
    "DF.n.evaluations", "DF.cpu.time")))
