full <-
structure(c(50, 55, 60, 65, 70, 75, 80, 85, 90, 95, 100, 10.21646, 
0.51256, 0.51402, 0.87174, 7.45174, 0.70109, 0.16284, 4.18881, 
0.47826, 0.92579, 1, -11.18013, -2.98133, -2.24759, -1.45774, 
-0.65702, -1.07276, -1.61766, -0.91853, -1.55098, -0.84954, 0.08333, 
0, 0, 0, 0, 0, 0, 0, 0, 0, 0, 0, 0, 0, 0, 0, 0, 0, 0, 0, 0, 0, 
0, 0.72833, 0.72278, 0.72727, 0.775, 0.75128, 0.7522, 0.73238, 
0.735, 0.73181, 0.71618, 0.71569, 0.6575, 0.68028, 0.72727, 0.73939, 
0.73462, 0.73736, 0.70429, 0.715, 0.71968, 0.70441, 0.71569, 
0.0157, 0.0152, 0.0175, 0.0174, 0.0174, 0.0189, 0.02, 0.0202, 
0.0218, 0.0233, 0.0219, 47.7, 67.7, 77.4, 90.1, 99.2, 104.9, 
110, 119.9, 123.8, 134.2, 112.5, 131, 653, 1950, 564, 1320, 523, 
158, 110, 1261, 78, 1, 447, 83, 7, 193, 31, 194, 124, 636, 97, 
432, 1950, 100, 100, 100, 100, 100, 100, 100, 100, 100, 100, 
100, 2500, 2500, 2500, 2500, 2500, 2500, 2500, 2500, 2500, 2500, 
2500, 7534.895, 7530.862, 7767.283, 7717.061, 7656.60199999999, 
7776.209, 7648.016, 7812.443, 8053.89600000001, 8141.541, 8186.81700000001, 
11.731, 0.43826, 0.81244, 0.77511, 0.1118, 1.26543, 12.97444, 
8.8973, 0.54118, 9.50102, -0.04668, -12.36205, -2.61612, -3.0821, 
-1.47115, -1.20697, -1.16709, -0.59321, -0.44219, -1.08013, -0.4602, 
-1.28936, 0, 0, 0, 0, 0, 0, 0, 0, 0, 0, 0, 0, 0, 0, 0, 0, 0, 
0, 0, 0, 0, 0, 0.72833, 0.72278, 0.72727, 0.775, 0.75128, 0.74505, 
0.72524, 0.735, 0.71926, 0.71618, 0.72124, 0.67, 0.70028, 0.71727, 
0.73939, 0.72628, 0.74451, 0.71143, 0.735, 0.71301, 0.71618, 
0.71569, 0.0166, 0.0149, 0.0176, 0.0186, 0.0186, 0.0191, 0.0193, 
0.0203, 0.0222, 0.0237, 0.0229, 46.7, 70.3, 72.3, 90, 97, 104.4, 
113.6, 120.8, 126.3, 135.1, 138.2, 201, 715, 2229, 1461, 584, 
1940, 390, 13, 2119, 10, 1866, 19, 2, 1, 1, 3, 1, 25, 48, 1, 
56, 1, 100, 100, 100, 100, 100, 100, 100, 100, 100, 100, 100, 
2500, 2500, 2500, 2500, 2500, 2500, 2500, 2500, 2500, 2500, 2500, 
7514.542, 7650.68, 7789.634, 7749.94, 7773.83499999999, 7905.792, 
7918.42700000001, 8136.07799999999, 8241.592, 8360.26800000001, 
8196.46399999998, 1, 1, 1, 1, 1, 1, 1, 1, 1, 1, 1, 0.08333, 0.08333, 
0.08333, 0.08333, 0.08333, 0.08333, 0.08333, 0.08333, 0.08333, 
0.08333, 0.08333, 0, 0, 0, 0, 0, 0, 0, 0, 0, 0, 0, 0, 0, 0, 0, 
0, 0, 0, 0, 0, 0, 0, 0.70611, 0.71278, 0.72636, 0.7303, 0.73462, 
0.72198, 0.7181, 0.72208, 0.70676, 0.71029, 0.71569, 0.70611, 
0.71278, 0.72636, 0.7303, 0.73462, 0.71429, 0.7181, 0.72208, 
0.70676, 0.71029, 0.71569, 0.0154, 0.0171, 0.0159, 0.0164, 0.0174, 
0.0185, 0.0187, 0.0211, 0.0206, 0.0212, 0.0214, 60, 64.4, 69.3, 
76.3, 76.6, 85.5, 90.5, 95.1, 102.3, 108.7, 112.5, 1, 1, 1, 1, 
1, 1, 1, 1, 1, 1, 1, 1, 1, 1, 1, 1, 1, 1, 1, 1, 1, 1, 1, 1, 1, 
1, 1, 1, 1, 1, 1, 1, 1, 1, 1, 1, 1, 1, 1, 1, 1, 1, 1, 1, 3.085, 
3.111, 3.047, 3.036, 3.117, 3.235, 3.049, 3.198, 3.199, 3.085, 
3.096), .Dim = c(11L, 40L), .Dimnames = list(NULL, c("Sampling", 
"PSO.cost", "PSO.gamma", "PSO.data.balancing", "PSO.feature.selection", 
"PSO.valid.acc", "PSO.test.acc", "PSO.train.time", "PSO.n.support.vectors", 
"PSO.index", "PSO.n.solutions", "PSO.generations", "PSO.n.evaluations", 
"PSO.cpu.time", "RS.cost", "RS.gamma", "RS.data.balancing", "RS.feature.selection", 
"RS.valid.acc", "RS.test.acc", "RS.train.time", "RS.n.support.vectors", 
"RS.index", "RS.n.solutions", "RS.generations", "RS.n.evaluations", 
"RS.cpu.time", "DF.cost", "DF.gamma", "DF.data.balancing", "DF.feature.selection", 
"DF.valid.acc", "DF.test.acc", "DF.train.time", "DF.n.support.vectors", 
"DF.index", "DF.n.solutions", "DF.generations", "DF.n.evaluations", 
"DF.cpu.time")))
