full <-
structure(c(50, 55, 60, 65, 70, 75, 80, 85, 90, 95, 100, 3.60413, 
11.39752, 4.23272, 2.53255, 5.20941, 0.79449, 1, 1, 0.33658, 
1, 14.76457, -1.1439, -0.38413, -1.0426, -1.09156, -0.4883, -0.46824, 
0.08333, 0.08333, -1.84384, 0.08333, -0.5455, 0, 0, 0, 0, 0, 
0, 0, 0, 0, 0, 0, 0, 0, 0, 0, 0, 0, 0, 0, 0, 0, 0, 0.75139, 0.72222, 
0.74636, 0.72348, 0.73462, 0.72967, 0.72549, 0.72875, 0.73196, 
0.72827, 0.7219, 0.75139, 0.72222, 0.73636, 0.71515, 0.72692, 
0.72198, 0.72549, 0.72875, 0.71904, 0.72827, 0.71046, 0.0158, 
0.0156, 0.0172, 0.0184, 0.0184, 0.0197, 0.0188, 0.019, 0.021, 
0.021, 0.0237, 70.1, 77.6, 84.7, 91.5, 99.2, 106.4, 89.6, 96, 
119.6, 104.4, 140.8, 57, 3, 13, 122, 256, 24, 1, 1, 1636, 1, 
8, 1024, 749, 1055, 982, 385, 632, 1817, 1865, 18, 1623, 250, 
100, 100, 100, 100, 100, 100, 100, 100, 100, 100, 100, 2500, 
2500, 2500, 2500, 2500, 2500, 2500, 2500, 2500, 2500, 2500, 7592.79, 
7769.15, 7734.907, 7725.243, 7865.774, 7951.62700000001, 8002.977, 
7893.803, 7942.008, 8186.84899999999, 8053.59300000002, 3.2105, 
2.1997, 9.61546, 7.82349, 8.1341, 5.01923, 0.93592, 3.325, 2.47928, 
3.17986, 8.23347, -1.11092, -0.23226, -0.91089, -1.0862, -0.47996, 
-0.44172, -5.9061, -9.52408, 0.69604, -7.59411, -0.53965, 0, 
0, 0, 0, 0, 0, 0, 0, 0, 0, 0, 0, 0, 0, 0, 0, 0, 0, 0, 0, 0, 0, 
0.75139, 0.72222, 0.74636, 0.72348, 0.73462, 0.72967, 0.72549, 
0.72875, 0.73159, 0.72827, 0.7219, 0.75139, 0.72222, 0.73636, 
0.71515, 0.72692, 0.72198, 0.72549, 0.72875, 0.73159, 0.72827, 
0.71046, 0.0159, 0.0173, 0.0183, 0.0176, 0.0183, 0.0192, 0.0186, 
0.02, 0.0226, 0.0236, 0.0229, 70.1, 77.6, 84.8, 91.5, 99.2, 106.4, 
80.5, 85.2, 128, 93.7, 140.8, 163, 38, 22, 220, 722, 66, 1, 1, 
1, 1, 1044, 18, 74, 28, 7, 6, 20, 1469, 1547, 1432, 1544, 2, 
100, 100, 100, 100, 100, 100, 100, 100, 100, 100, 100, 2500, 
2500, 2500, 2500, 2500, 2500, 2500, 2500, 2500, 2500, 2500, 7726.813, 
7839.692, 7790.906, 7875.01, 7999.59299999999, 8027.38499999999, 
8084.94499999999, 7979.307, 7955.94099999999, 8110.99300000002, 
8148.74000000002, 1, 1, 1, 1, 1, 1, 1, 1, 1, 1, 1, 0.08333, 0.08333, 
0.08333, 0.08333, 0.08333, 0.08333, 0.08333, 0.08333, 0.08333, 
0.08333, 0.08333, 0, 0, 0, 0, 0, 0, 0, 0, 0, 0, 0, 0, 0, 0, 0, 
0, 0, 0, 0, 0, 0, 0, 0.71667, 0.71111, 0.72636, 0.69621, 0.71859, 
0.72198, 0.72549, 0.72875, 0.72534, 0.72827, 0.71569, 0.71667, 
0.71111, 0.72636, 0.7053, 0.71859, 0.71484, 0.72549, 0.72875, 
0.73159, 0.72827, 0.71569, 0.0152, 0.0155, 0.0162, 0.016, 0.0177, 
0.019, 0.018, 0.0194, 0.0205, 0.0211, 0.0225, 57.8, 63.6, 66.4, 
75.7, 79.2, 84.1, 89.6, 96, 100.6, 104.4, 113.4, 1, 1, 1, 1, 
1, 1, 1, 1, 1, 1, 1, 1, 1, 1, 1, 1, 1, 1, 1, 1, 1, 1, 1, 1, 1, 
1, 1, 1, 1, 1, 1, 1, 1, 1, 1, 1, 1, 1, 1, 1, 1, 1, 1, 1, 3.157, 
3.017, 3.153, 3.09, 3.185, 3.14, 2.887, 3.116, 3.052, 3.115, 
3.147), .Dim = c(11L, 40L), .Dimnames = list(NULL, c("Sampling", 
"PSO.cost", "PSO.gamma", "PSO.data.balancing", "PSO.feature.selection", 
"PSO.valid.acc", "PSO.test.acc", "PSO.train.time", "PSO.n.support.vectors", 
"PSO.index", "PSO.n.solutions", "PSO.generations", "PSO.n.evaluations", 
"PSO.cpu.time", "RS.cost", "RS.gamma", "RS.data.balancing", "RS.feature.selection", 
"RS.valid.acc", "RS.test.acc", "RS.train.time", "RS.n.support.vectors", 
"RS.index", "RS.n.solutions", "RS.generations", "RS.n.evaluations", 
"RS.cpu.time", "DF.cost", "DF.gamma", "DF.data.balancing", "DF.feature.selection", 
"DF.valid.acc", "DF.test.acc", "DF.train.time", "DF.n.support.vectors", 
"DF.index", "DF.n.solutions", "DF.generations", "DF.n.evaluations", 
"DF.cpu.time")))
