full <-
structure(c(50, 55, 60, 65, 70, 75, 80, 85, 90, 95, 100, 1, 1, 
3.5195, 12.92158, 0.71928, 0.25159, 1, 1, 1, 1, 11.85033, 0.08333, 
0.08333, -0.45479, -0.51077, -2.77251, -2.51969, 0.08333, 0.08333, 
0.08333, 0.08333, -1.0475, 0, 0, 0, 0, 0, 0, 0, 0, 0, 0, 0, 0, 
0, 0, 0, 0, 0, 0, 0, 0, 0, 0, 0.71722, 0.71222, 0.71727, 0.71439, 
0.72902, 0.7217, 0.70476, 0.70911, 0.70659, 0.70404, 0.72712, 
0.71722, 0.71222, 0.71727, 0.71439, 0.70455, 0.71401, 0.70476, 
0.70911, 0.70659, 0.70404, 0.71536, 0.0178, 0.0163, 0.0172, 0.0184, 
0.0172, 0.0203, 0.0195, 0.0204, 0.0202, 0.0212, 0.0233, 56.9, 
65, 84.8, 92, 90.1, 97.6, 93, 98, 104.3, 108.8, 138.6, 1, 1, 
267, 71, 182, 1120, 1, 1, 1, 1, 17, 1884, 1871, 410, 893, 493, 
25, 1864, 2049, 1933, 1909, 249, 100, 100, 100, 100, 100, 100, 
100, 100, 100, 100, 100, 2500, 2500, 2500, 2500, 2500, 2500, 
2500, 2500, 2500, 2500, 2500, 8396.258, 8567.928, 7980.448, 8450.50999999999, 
8337.228, 8935.213, 9081.014, 8669.78600000001, 8721.71299999999, 
8546.30500000002, 7943.41, 1.65915, 8.46339, 13.21069, 3.12515, 
0.58512, 3.19686, 4.46492, 11.64507, 0.12953, 6.87739, 2.89982, 
-0.20553, 0.10802, -0.50085, -0.284, -2.04132, -0.20202, 2.21749, 
-13.95238, -1.14824, -14.54309, -1.08033, 0, 0, 0, 0, 0, 0, 0, 
0, 0, 0, 0, 0, 0, 0, 0, 0, 0, 0, 0, 0, 0, 0, 0.71722, 0.71222, 
0.71727, 0.71439, 0.72133, 0.71401, 0.70476, 0.70911, 0.71284, 
0.70404, 0.72712, 0.71722, 0.71222, 0.71727, 0.7053, 0.69685, 
0.70687, 0.70476, 0.70911, 0.71284, 0.70404, 0.71536, 0.016, 
0.0164, 0.017, 0.0179, 0.0178, 0.0187, 0.021, 0.0475, 0.0223, 
0.024, 0.0227, 70.4, 77.6, 84.8, 92, 94.5, 106.4, 113.6, 89.7, 
127, 119.5, 138.6, 1, 1, 30, 45, 275, 186, 2, 1, 693, 1, 214, 
1527, 1567, 30, 48, 7, 11, 1465, 1449, 1, 1458, 7, 100, 100, 
100, 100, 100, 100, 100, 100, 100, 100, 100, 2500, 2500, 2500, 
2500, 2500, 2500, 2500, 2500, 2500, 2500, 2500, 8424.608, 8147.265, 
8446.121, 8611.812, 9101.36599999999, 8975.74100000001, 8965.78999999999, 
8907.14499999999, 8874.04400000002, 7912.44399999999, 8058.44399999999, 
1, 1, 1, 1, 1, 1, 1, 1, 1, 1, 1, 0.08333, 0.08333, 0.08333, 0.08333, 
0.08333, 0.08333, 0.08333, 0.08333, 0.08333, 0.08333, 0.08333, 
0, 0, 0, 0, 0, 0, 0, 0, 0, 0, 0, 0, 0, 0, 0, 0, 0, 0, 0, 0, 0, 
0, 0.71722, 0.71222, 0.70727, 0.7053, 0.70251, 0.70687, 0.70476, 
0.70911, 0.70659, 0.70404, 0.71569, 0.71722, 0.71222, 0.70727, 
0.7053, 0.70251, 0.69853, 0.70476, 0.70911, 0.70659, 0.70404, 
0.71569, 0.0172, 0.0153, 0.0169, 0.0171, 0.0177, 0.0179, 0.019, 
0.0196, 0.0209, 0.021, 0.0204, 56.9, 65, 71.8, 75.7, 83.2, 87.5, 
93, 98, 104.3, 108.8, 113.4, 1, 1, 1, 1, 1, 1, 1, 1, 1, 1, 1, 
1, 1, 1, 1, 1, 1, 1, 1, 1, 1, 1, 1, 1, 1, 1, 1, 1, 1, 1, 1, 1, 
1, 1, 1, 1, 1, 1, 1, 1, 1, 1, 1, 1, 3.528, 3.013, 3.511, 3.355, 
3.511, 3.379, 3.416, 3.482, 3.198, 3.092, 2.996), .Dim = c(11L, 
40L), .Dimnames = list(NULL, c("Sampling", "PSO.cost", "PSO.gamma", 
"PSO.data.balancing", "PSO.feature.selection", "PSO.valid.acc", 
"PSO.test.acc", "PSO.train.time", "PSO.n.support.vectors", "PSO.index", 
"PSO.n.solutions", "PSO.generations", "PSO.n.evaluations", "PSO.cpu.time", 
"RS.cost", "RS.gamma", "RS.data.balancing", "RS.feature.selection", 
"RS.valid.acc", "RS.test.acc", "RS.train.time", "RS.n.support.vectors", 
"RS.index", "RS.n.solutions", "RS.generations", "RS.n.evaluations", 
"RS.cpu.time", "DF.cost", "DF.gamma", "DF.data.balancing", "DF.feature.selection", 
"DF.valid.acc", "DF.test.acc", "DF.train.time", "DF.n.support.vectors", 
"DF.index", "DF.n.solutions", "DF.generations", "DF.n.evaluations", 
"DF.cpu.time")))
