full <-
structure(c(50, 55, 60, 65, 70, 75, 80, 85, 90, 95, 100, 0.47262, 
0.45534, 0.29593, 1, 0.22822, 0.21499, 10.60767, 0.32432, 1, 
1, 3.54796, -1.67295, -1.596, -2.01965, 0.08333, -1.96909, -2.12309, 
2.57558, -1.04909, 0.08333, 0.08333, -0.81362, 0, 0, 0, 0, 0, 
0, 0, 0, 0, 0, 0, 0, 0, 0, 0, 0, 0, 0, 0, 0, 0, 0, 0.7625, 0.77404, 
0.74636, 0.7303, 0.75897, 0.76044, 0.74692, 0.75524, 0.73176, 
0.71029, 0.73268, 0.7625, 0.76495, 0.73545, 0.7303, 0.75064, 
0.74505, 0.74692, 0.74857, 0.73176, 0.71029, 0.70948, 0.0149, 
0.0165, 0.0158, 0.0161, 0.0171, 0.0173, 0.0201, 0.0199, 0.0192, 
0.0199, 0.0223, 67.4, 74.9, 79.6, 74.8, 91, 93.9, 113.6, 118.7, 
100.7, 107.7, 140, 1141, 362, 495, 1, 218, 236, 2, 399, 1, 1, 
293, 45, 126, 253, 1837, 229, 231, 1728, 88, 1890, 1693, 865, 
100, 100, 100, 100, 100, 100, 100, 100, 100, 100, 100, 2500, 
2500, 2500, 2500, 2500, 2500, 2500, 2500, 2500, 2500, 2500, 7433.67, 
7669.923, 7421.632, 7536.593, 7375.545, 7278.171, 7467.989, 7307.88499999999, 
7366.243, 7396.76300000001, 7420.04800000001, 11.27613, 4.57583, 
0.18169, 2.51166, 0.26549, 0.29707, 0.91915, 8.91145, 0.29964, 
-1.6115, 6.24899, -1.09732, -0.66669, -1.75714, -14.36081, -2.06709, 
-1.32325, -7.92604, -0.27351, -0.77956, -8.25736, -0.7411, 0, 
0, 0, 0, 0, 0, 0, 0, 0, 0, 0, 0, 0, 0, 0, 0, 0, 0, 0, 0, 0, 0, 
0.75139, 0.76495, 0.74636, 0.7303, 0.75897, 0.76044, 0.74692, 
0.74857, 0.73801, 0.71029, 0.73268, 0.75139, 0.74384, 0.73545, 
0.7303, 0.75833, 0.76044, 0.74692, 0.74857, 0.73176, 0.71029, 
0.70948, 0.0141, 0.0153, 0.016, 0.015, 0.0168, 0.0186, 0.0183, 
0.0194, 0.0202, 0.0197, 0.0222, 70.1, 77.5, 81.1, 57.7, 90.3, 
102.7, 77.5, 120.8, 127.6, 103.8, 140, 23, 176, 1862, 3, 734, 
2059, 4, 100, 783, 1, 407, 47, 15, 3, 1610, 3, 4, 1518, 54, 3, 
1542, 14, 100, 100, 100, 100, 100, 100, 100, 100, 100, 100, 100, 
2500, 2500, 2500, 2500, 2500, 2500, 2500, 2500, 2500, 2500, 2500, 
7671.628, 7457.462, 7608.207, 7486.339, 7370.639, 7428.291, 7466.444, 
7429.515, 7550.13299999999, 7542.50699999998, 7765.85999999999, 
1, 1, 1, 1, 1, 1, 1, 1, 1, 1, 1, 0.08333, 0.08333, 0.08333, 0.08333, 
0.08333, 0.08333, 0.08333, 0.08333, 0.08333, 0.08333, 0.08333, 
0, 0, 0, 0, 0, 0, 0, 0, 0, 0, 0, 0, 0, 0, 0, 0, 0, 0, 0, 0, 0, 
0, 0.72778, 0.74384, 0.73636, 0.7303, 0.74231, 0.75275, 0.73923, 
0.7419, 0.73176, 0.71029, 0.71569, 0.72778, 0.74384, 0.73636, 
0.7303, 0.74231, 0.75275, 0.74692, 0.7419, 0.73176, 0.71029, 
0.71569, 0.0143, 0.0154, 0.0163, 0.0159, 0.0161, 0.0172, 0.0175, 
0.0183, 0.019, 0.0202, 0.0205, 58.7, 62.5, 69.5, 74.8, 76.6, 
79.1, 85.8, 93.3, 100.7, 107.7, 111.5, 1, 1, 1, 1, 1, 1, 1, 1, 
1, 1, 1, 1, 1, 1, 1, 1, 1, 1, 1, 1, 1, 1, 1, 1, 1, 1, 1, 1, 1, 
1, 1, 1, 1, 1, 1, 1, 1, 1, 1, 1, 1, 1, 1, 1, 3.031, 2.964, 2.957, 
2.87, 2.847, 2.889, 2.897, 2.872, 2.834, 2.909, 2.979), .Dim = c(11L, 
40L), .Dimnames = list(NULL, c("Sampling", "PSO.cost", "PSO.gamma", 
"PSO.data.balancing", "PSO.feature.selection", "PSO.valid.acc", 
"PSO.test.acc", "PSO.train.time", "PSO.n.support.vectors", "PSO.index", 
"PSO.n.solutions", "PSO.generations", "PSO.n.evaluations", "PSO.cpu.time", 
"RS.cost", "RS.gamma", "RS.data.balancing", "RS.feature.selection", 
"RS.valid.acc", "RS.test.acc", "RS.train.time", "RS.n.support.vectors", 
"RS.index", "RS.n.solutions", "RS.generations", "RS.n.evaluations", 
"RS.cpu.time", "DF.cost", "DF.gamma", "DF.data.balancing", "DF.feature.selection", 
"DF.valid.acc", "DF.test.acc", "DF.train.time", "DF.n.support.vectors", 
"DF.index", "DF.n.solutions", "DF.generations", "DF.n.evaluations", 
"DF.cpu.time")))
