full <-
structure(c(50, 55, 60, 65, 70, 75, 80, 85, 90, 95, 100, 0.37595, 
0.32356, -0.03323, 0.30096, 0.22886, 1, 0.54666, 1, 0.23931, 
1, 7.87005, -1.0818, -0.58681, -2.05577, -3.05225, -2.43325, 
0.08333, -2.13793, 0.08333, -1.58898, 0.08333, -0.68264, 0, 0, 
0, 0, 0, 0, 0, 0, 0, 0, 0, 0, 0, 0, 0, 0, 0, 0, 0, 0, 0, 0, 0.67083, 
0.66263, 0.67182, 0.67909, 0.69388, 0.69176, 0.72571, 0.7156, 
0.73142, 0.71634, 0.71601, 0.64861, 0.65172, 0.65182, 0.66091, 
0.68491, 0.69176, 0.69762, 0.7156, 0.71892, 0.71634, 0.69314, 
0.0155, 0.0165, 0.0168, 0.018, 0.0174, 0.0191, 0.0189, 0.0205, 
0.0216, 0.0213, 0.0238, 70.4, 77.6, 83.5, 84, 93.7, 90.6, 107.1, 
99.2, 124, 109.9, 139.9, 472, 25, 1631, 8, 2372, 1, 1630, 1, 
1590, 1, 1737, 288, 120, 30, 402, 2, 2057, 9, 1813, 5, 1738, 
1, 100, 100, 100, 100, 100, 100, 100, 100, 100, 100, 100, 2500, 
2500, 2500, 2500, 2500, 2500, 2500, 2500, 2500, 2500, 2500, 7367.953, 
7589.021, 7581.856, 7550.704, 7432.39800000001, 7678.481, 7713.43400000001, 
7802.63799999999, 7626.63100000001, 7878.29199999999, 7901.57700000002, 
10.90585, -0.40385, -0.18303, -0.23414, -7e-04, 11.59919, 0.78066, 
0.11954, 0.05368, 4.92642, 12.17, -0.50692, 0.72817, -1.45982, 
-2.15024, -2.17538, 1.77888, 1.42918, -3.66168, -1.92526, -11.81861, 
-0.68337, 0, 0, 0, 0, 0, 0, 0, 0, 0, 0, 0, 0, 0, 0, 0, 0, 0, 
0, 0, 0, 0, 0, 0.67083, 0.66061, 0.67091, 0.67909, 0.69324, 0.69176, 
0.70476, 0.7156, 0.72517, 0.71634, 0.71601, 0.67083, 0.66061, 
0.65182, 0.67, 0.69324, 0.69176, 0.70476, 0.7156, 0.71892, 0.71634, 
0.69314, 0.0151, 0.0173, 0.0166, 0.0176, 0.0192, 0.0201, 0.0211, 
0.0206, 0.021, 0.0236, 0.0233, 70.4, 77.6, 84.6, 89.4, 95.5, 
106.4, 113.6, 98.6, 120.7, 109.7, 139.9, 121, 2, 323, 513, 649, 
1, 1, 1, 1724, 1, 1019, 11, 1287, 2, 3, 1, 1542, 1498, 1480, 
1, 1528, 1, 100, 100, 100, 100, 100, 100, 100, 100, 100, 100, 
100, 2500, 2500, 2500, 2500, 2500, 2500, 2500, 2500, 2500, 2500, 
2500, 7411.314, 7666.54, 7628.58, 7531.40199999999, 7702.08399999999, 
7719.698, 7937.058, 7731.344, 7732.54099999998, 7894.08599999998, 
7944.272, 1, 1, 1, 1, 1, 1, 1, 1, 1, 1, 1, 0.08333, 0.08333, 
0.08333, 0.08333, 0.08333, 0.08333, 0.08333, 0.08333, 0.08333, 
0.08333, 0.08333, 0, 0, 0, 0, 0, 0, 0, 0, 0, 0, 0, 0, 0, 0, 0, 
0, 0, 0, 0, 0, 0, 0, 0.64722, 0.64152, 0.64273, 0.67, 0.68555, 
0.69176, 0.70476, 0.7156, 0.71892, 0.71634, 0.71569, 0.64722, 
0.66061, 0.66182, 0.67, 0.68555, 0.69176, 0.70476, 0.7156, 0.71892, 
0.71634, 0.71569, 0.0153, 0.0166, 0.0166, 0.0166, 0.0185, 0.0186, 
0.0194, 0.0201, 0.0199, 0.021, 0.0216, 64, 72.1, 76.7, 80.4, 
85, 90.6, 94.4, 99.2, 102.7, 109.9, 112.7, 1, 1, 1, 1, 1, 1, 
1, 1, 1, 1, 1, 1, 1, 1, 1, 1, 1, 1, 1, 1, 1, 1, 1, 1, 1, 1, 1, 
1, 1, 1, 1, 1, 1, 1, 1, 1, 1, 1, 1, 1, 1, 1, 1, 1, 2.868, 3.192, 
3.137, 2.889, 3.092, 3.137, 3.003, 2.976, 2.964, 3.124, 2.97), .Dim = c(11L, 
40L), .Dimnames = list(NULL, c("Sampling", "PSO.cost", "PSO.gamma", 
"PSO.data.balancing", "PSO.feature.selection", "PSO.valid.acc", 
"PSO.test.acc", "PSO.train.time", "PSO.n.support.vectors", "PSO.index", 
"PSO.n.solutions", "PSO.generations", "PSO.n.evaluations", "PSO.cpu.time", 
"RS.cost", "RS.gamma", "RS.data.balancing", "RS.feature.selection", 
"RS.valid.acc", "RS.test.acc", "RS.train.time", "RS.n.support.vectors", 
"RS.index", "RS.n.solutions", "RS.generations", "RS.n.evaluations", 
"RS.cpu.time", "DF.cost", "DF.gamma", "DF.data.balancing", "DF.feature.selection", 
"DF.valid.acc", "DF.test.acc", "DF.train.time", "DF.n.support.vectors", 
"DF.index", "DF.n.solutions", "DF.generations", "DF.n.evaluations", 
"DF.cpu.time")))
