full <-
structure(c(50, 55, 60, 65, 70, 75, 80, 85, 90, 95, 100, 6.8695, 
2.10884, 0.17232, 0.66743, 1, 0.49319, -0.3027, 1, 1, 4.50081, 
1.75318, -0.771, -0.91226, -0.34401, -1.28238, 0.08333, -0.20916, 
-1.79538, 0.08333, 0.08333, -0.28252, -0.62923, 0, 0, 0, 0, 0, 
0, 0, 0, 0, 0, 0, 0, 0, 0, 0, 0, 0, 0, 0, 0, 0, 0, 0.74194, 0.72444, 
0.72636, 0.74773, 0.72692, 0.72317, 0.7119, 0.70244, 0.71284, 
0.71654, 0.71634, 0.72944, 0.72444, 0.72636, 0.71439, 0.72692, 
0.71484, 0.70476, 0.70244, 0.71284, 0.71654, 0.71601, 0.0148, 
0.0153, 0.0159, 0.0164, 0.0163, 0.0182, 0.0182, 0.0187, 0.0192, 
0.0227, 0.0226, 70.3, 77.3, 84.8, 89.5, 75.9, 106.4, 106.2, 100, 
104.4, 135.2, 140.3, 63, 576, 2, 852, 1, 211, 404, 1, 1, 517, 
29, 922, 163, 1949, 53, 1843, 265, 165, 1714, 1838, 541, 344, 
100, 100, 100, 100, 100, 100, 100, 100, 100, 100, 100, 2500, 
2500, 2500, 2500, 2500, 2500, 2500, 2500, 2500, 2500, 2500, 7382.79, 
7434.778, 7409.278, 7445.7, 7502.59299999999, 7417.916, 7536.477, 
7542.33899999999, 7625.961, 7635.08900000001, 7690.122, 0.76944, 
9.69318, 7.40254, 0.68869, 3.04449, 0.06724, -0.29644, 0.09588, 
13.81478, 13.73504, 5.6954, -1.92826, -0.83111, -11.13462, -1.40866, 
2.00056, -1.09081, -1.45387, -2.4683, 2.13302, -0.31515, -0.592, 
0, 0, 0, 0, 0, 0, 0, 0, 0, 0, 0, 0, 0, 0, 0, 0, 0, 0, 0, 0, 0, 
0, 0.74194, 0.72444, 0.72636, 0.73939, 0.72692, 0.72317, 0.7119, 
0.70286, 0.71284, 0.71654, 0.71634, 0.73194, 0.72444, 0.72636, 
0.71439, 0.72692, 0.71603, 0.70476, 0.68244, 0.71284, 0.71654, 
0.71601, 0.0154, 0.0161, 0.0167, 0.0168, 0.0179, 0.0174, 0.019, 
0.0197, 0.0226, 0.0222, 0.0231, 66.1, 77.4, 55.8, 89.2, 99.2, 
104.6, 108.7, 108.6, 128, 135.2, 140.5, 381, 486, 1, 495, 1, 
262, 336, 779, 1, 16, 312, 16, 10, 1410, 2, 1444, 5, 6, 3, 1413, 
42, 17, 100, 100, 100, 100, 100, 100, 100, 100, 100, 100, 100, 
2500, 2500, 2500, 2500, 2500, 2500, 2500, 2500, 2500, 2500, 2500, 
7398.362, 7459.281, 7491.234, 7489.955, 7428.246, 7527.95, 7590.18799999999, 
7704.64300000001, 7760.25199999999, 7836.39000000001, 7895.552, 
1, 1, 1, 1, 1, 1, 1, 1, 1, 1, 1, 0.08333, 0.08333, 0.08333, 0.08333, 
0.08333, 0.08333, 0.08333, 0.08333, 0.08333, 0.08333, 0.08333, 
0, 0, 0, 0, 0, 0, 0, 0, 0, 0, 0, 0, 0, 0, 0, 0, 0, 0, 0, 0, 0, 
0, 0.71833, 0.72333, 0.71636, 0.71288, 0.72692, 0.71484, 0.70476, 
0.70244, 0.71284, 0.71029, 0.71569, 0.71833, 0.72333, 0.71636, 
0.71364, 0.72692, 0.71484, 0.70476, 0.70244, 0.71284, 0.71029, 
0.71569, 0.0142, 0.0156, 0.016, 0.0159, 0.016, 0.0172, 0.0177, 
0.0184, 0.0197, 0.02, 0.0211, 56.8, 63.5, 66, 72.4, 75.9, 83.5, 
90.3, 100, 104.4, 108, 112.1, 1, 1, 1, 1, 1, 1, 1, 1, 1, 1, 1, 
1, 1, 1, 1, 1, 1, 1, 1, 1, 1, 1, 1, 1, 1, 1, 1, 1, 1, 1, 1, 1, 
1, 1, 1, 1, 1, 1, 1, 1, 1, 1, 1, 1, 2.921, 3.019, 3.005, 3.019, 
2.858, 2.903, 2.909, 2.894, 2.888, 2.934, 3.043), .Dim = c(11L, 
40L), .Dimnames = list(NULL, c("Sampling", "PSO.cost", "PSO.gamma", 
"PSO.data.balancing", "PSO.feature.selection", "PSO.valid.acc", 
"PSO.test.acc", "PSO.train.time", "PSO.n.support.vectors", "PSO.index", 
"PSO.n.solutions", "PSO.generations", "PSO.n.evaluations", "PSO.cpu.time", 
"RS.cost", "RS.gamma", "RS.data.balancing", "RS.feature.selection", 
"RS.valid.acc", "RS.test.acc", "RS.train.time", "RS.n.support.vectors", 
"RS.index", "RS.n.solutions", "RS.generations", "RS.n.evaluations", 
"RS.cpu.time", "DF.cost", "DF.gamma", "DF.data.balancing", "DF.feature.selection", 
"DF.valid.acc", "DF.test.acc", "DF.train.time", "DF.n.support.vectors", 
"DF.index", "DF.n.solutions", "DF.generations", "DF.n.evaluations", 
"DF.cpu.time")))
