full <-
structure(c(50, 55, 60, 65, 70, 75, 80, 85, 90, 95, 100, 3.10428, 
-0.46422, -0.00086, 0.52589, 1.77474, 0.5214, 1, 1, 1, 7.05917, 
0.5139, -4.27494, -2.44728, -2.12723, -1.55891, -1.91543, -2.92987, 
0.08333, 0.08333, 0.08333, -0.48999, -2.76479, 0, 0, 0, 0, 0, 
0, 0, 0, 0, 0, 0, 0, 0, 0, 0, 0, 0, 0, 0, 0, 0, 0, 0.78472, 0.78495, 
0.77455, 0.78333, 0.77564, 0.75302, 0.74004, 0.7419, 0.73767, 
0.73448, 0.71601, 0.72639, 0.77384, 0.75636, 0.76591, 0.75064, 
0.74533, 0.74004, 0.7419, 0.73767, 0.72202, 0.68072, 0.0141, 
0.0149, 0.0155, 0.0167, 0.0173, 0.0178, 0.0189, 0.0202, 0.0198, 
0.024, 0.0224, 47.2, 67.8, 76.5, 86.4, 90.9, 86.7, 83.8, 93.7, 
97.9, 135.1, 120.2, 698, 333, 88, 1589, 311, 246, 1, 1, 1, 15, 
1508, 78, 164, 188, 21, 519, 232, 1791, 1922, 1829, 552, 23, 
100, 100, 100, 100, 100, 100, 100, 100, 100, 100, 100, 2500, 
2500, 2500, 2500, 2500, 2500, 2500, 2500, 2500, 2500, 2500, 7667.439, 
7670.715, 7278.168, 7365.62, 7504.933, 7493.10399999999, 7411.409, 
7688.114, 7767.66099999999, 7631.701, 7629.01300000001, 2.91274, 
-0.1525, 6.04837, 5.08624, 8.59327, 0.59433, -0.96174, 2.65377, 
4.7595, 3.62876, 2.12471, -4.19222, -3.11099, -0.98765, -1.56772, 
-1.71387, -2.73545, 2.55906, -9.4002, 1.73819, -0.52318, 1.06289, 
0, 0, 0, 0, 0, 0, 0, 0, 0, 0, 0, 0, 0, 0, 0, 0, 0, 0, 0, 0, 0, 
0, 0.78472, 0.78495, 0.77455, 0.78258, 0.76859, 0.75302, 0.74004, 
0.7419, 0.73767, 0.73448, 0.71569, 0.7375, 0.77384, 0.72636, 
0.73864, 0.73526, 0.74478, 0.74004, 0.7419, 0.73767, 0.72202, 
0.71569, 0.0156, 0.0156, 0.0155, 0.0165, 0.0177, 0.0172, 0.0205, 
0.0214, 0.0229, 0.0218, 0.0243, 47.5, 58.5, 84.5, 85.8, 93, 88.4, 
113.6, 85.9, 128, 134.8, 140.8, 989, 1457, 39, 143, 83, 186, 
1, 2, 4, 252, 1, 1, 1, 12, 19, 25, 2, 1439, 1526, 1399, 19, 1545, 
100, 100, 100, 100, 100, 100, 100, 100, 100, 100, 100, 2500, 
2500, 2500, 2500, 2500, 2500, 2500, 2500, 2500, 2500, 2500, 7635.994, 
7612.74, 7267.636, 7612.996, 7597.686, 7553.67999999999, 7619.83, 
8002.45, 8045.265, 7667.36600000001, 7982.91899999999, 1, 1, 
1, 1, 1, 1, 1, 1, 1, 1, 1, 0.08333, 0.08333, 0.08333, 0.08333, 
0.08333, 0.08333, 0.08333, 0.08333, 0.08333, 0.08333, 0.08333, 
0, 0, 0, 0, 0, 0, 0, 0, 0, 0, 0, 0, 0, 0, 0, 0, 0, 0, 0, 0, 0, 
0, 0.75, 0.77384, 0.76545, 0.775, 0.74231, 0.74533, 0.74004, 
0.7419, 0.73767, 0.72827, 0.71569, 0.76111, 0.77384, 0.76545, 
0.775, 0.75, 0.74533, 0.74004, 0.7419, 0.73767, 0.72827, 0.71569, 
0.0154, 0.0147, 0.0143, 0.015, 0.0159, 0.0171, 0.0188, 0.0196, 
0.0201, 0.0201, 0.0219, 51.7, 53.1, 59, 60.3, 70.4, 79, 83.8, 
93.7, 97.9, 104.4, 113.2, 1, 1, 1, 1, 1, 1, 1, 1, 1, 1, 1, 1, 
1, 1, 1, 1, 1, 1, 1, 1, 1, 1, 1, 1, 1, 1, 1, 1, 1, 1, 1, 1, 1, 
1, 1, 1, 1, 1, 1, 1, 1, 1, 1, 1, 3.186, 2.783, 2.692, 2.903, 
2.897, 2.917, 3.14, 2.881, 3.148, 2.896, 3.092), .Dim = c(11L, 
40L), .Dimnames = list(NULL, c("Sampling", "PSO.cost", "PSO.gamma", 
"PSO.data.balancing", "PSO.feature.selection", "PSO.valid.acc", 
"PSO.test.acc", "PSO.train.time", "PSO.n.support.vectors", "PSO.index", 
"PSO.n.solutions", "PSO.generations", "PSO.n.evaluations", "PSO.cpu.time", 
"RS.cost", "RS.gamma", "RS.data.balancing", "RS.feature.selection", 
"RS.valid.acc", "RS.test.acc", "RS.train.time", "RS.n.support.vectors", 
"RS.index", "RS.n.solutions", "RS.generations", "RS.n.evaluations", 
"RS.cpu.time", "DF.cost", "DF.gamma", "DF.data.balancing", "DF.feature.selection", 
"DF.valid.acc", "DF.test.acc", "DF.train.time", "DF.n.support.vectors", 
"DF.index", "DF.n.solutions", "DF.generations", "DF.n.evaluations", 
"DF.cpu.time")))
