full <-
structure(c(50, 55, 60, 65, 70, 75, 80, 85, 90, 95, 100, 3.57826, 
3.2886, 6.36744, 10.50546, 0.61849, 0.52249, 8.72128, 0.42048, 
11.74271, 1, 1.04294, -6.84495, -6.27352, -0.91964, -1.28684, 
-1.38424, -1.62357, -1.44733, -1.8352, -0.88832, 0.08333, -0.5633, 
0, 0, 0, 0, 0, 0, 0, 0, 0, 0, 0, 0, 0, 0, 0, 0, 0, 0, 0, 0, 0, 
0, 0.71806, 0.70222, 0.73545, 0.72273, 0.75128, 0.75989, 0.73238, 
0.74875, 0.72456, 0.71029, 0.72712, 0.70556, 0.68111, 0.71727, 
0.71439, 0.73462, 0.72253, 0.71238, 0.74208, 0.71831, 0.71029, 
0.70458, 0.0145, 0.0142, 0.0151, 0.0177, 0.0163, 0.0175, 0.0198, 
0.019, 0.0207, 0.0205, 0.0213, 52.3, 57.2, 84.8, 90.8, 97.1, 
102.2, 111.4, 114.3, 127.8, 107.3, 140.8, 1003, 18, 68, 30, 2020, 
1820, 35, 2398, 70, 1, 830, 10, 133, 489, 1056, 8, 3, 773, 1, 
895, 1813, 274, 100, 100, 100, 100, 100, 100, 100, 100, 100, 
100, 100, 2500, 2500, 2500, 2500, 2500, 2500, 2500, 2500, 2500, 
2500, 2500, 6848.259, 6858.444, 6936.603, 6962.533, 6971.692, 
7054.91100000001, 7156.11199999999, 7273.85800000001, 7255.702, 
7440.72500000001, 7354.821, 6.03097, 1.54019, 6.97076, 5.63671, 
0.35672, 3.61441, 9.22437, -0.08298, 6.0825, -1.75836, 10.69309, 
-8.27554, -4.89386, -0.92144, -1.26155, -1.83919, -1.58366, -0.98956, 
-1.35768, -0.84719, -1.34207, -0.57325, 0, 0, 0, 0, 0, 0, 0, 
0, 0, 0, 0, 0, 0, 0, 0, 0, 0, 0, 0, 0, 0, 0, 0.70694, 0.70222, 
0.73545, 0.72273, 0.74359, 0.7511, 0.73238, 0.73542, 0.72456, 
0.71029, 0.72712, 0.70556, 0.68111, 0.71727, 0.71439, 0.71923, 
0.73617, 0.71905, 0.72875, 0.71831, 0.71029, 0.70458, 0.014, 
0.0138, 0.0148, 0.0161, 0.0177, 0.0182, 0.0194, 0.0186, 0.0198, 
0.0202, 0.0214, 51, 59.3, 84.8, 90.8, 95, 101.4, 113.5, 118.4, 
128, 132.8, 140.7, 2105, 47, 263, 64, 2, 575, 27, 96, 84, 1, 
217, 2, 5, 1, 12, 2, 4, 43, 7, 16, 1489, 8, 100, 100, 100, 100, 
100, 100, 100, 100, 100, 100, 100, 2500, 2500, 2500, 2500, 2500, 
2500, 2500, 2500, 2500, 2500, 2500, 6887.211, 6962.575, 7028.484, 
7046.722, 7091.14999999999, 7131.68000000001, 7312.133, 7363.37300000001, 
7506.977, 7538.05800000002, 7588.158, 1, 1, 1, 1, 1, 1, 1, 1, 
1, 1, 1, 0.08333, 0.08333, 0.08333, 0.08333, 0.08333, 0.08333, 
0.08333, 0.08333, 0.08333, 0.08333, 0.08333, 0, 0, 0, 0, 0, 0, 
0, 0, 0, 0, 0, 0, 0, 0, 0, 0, 0, 0, 0, 0, 0, 0, 0.70556, 0.69111, 
0.71636, 0.71364, 0.71859, 0.73791, 0.7181, 0.72875, 0.70659, 
0.71029, 0.71569, 0.70556, 0.69111, 0.71636, 0.71364, 0.71859, 
0.73791, 0.7181, 0.72875, 0.70659, 0.71029, 0.71569, 0.0135, 
0.0138, 0.0157, 0.0151, 0.0165, 0.0165, 0.0175, 0.0178, 0.0185, 
0.0189, 0.0198, 58.6, 64.2, 69.5, 73.2, 80.1, 81.7, 92.2, 95.9, 
105.6, 107.3, 113.1, 1, 1, 1, 1, 1, 1, 1, 1, 1, 1, 1, 1, 1, 1, 
1, 1, 1, 1, 1, 1, 1, 1, 1, 1, 1, 1, 1, 1, 1, 1, 1, 1, 1, 1, 1, 
1, 1, 1, 1, 1, 1, 1, 1, 1, 2.689, 2.71, 2.813, 2.766, 2.849, 
2.793, 2.808, 2.872, 2.886, 2.825, 2.844), .Dim = c(11L, 40L), .Dimnames = list(
    NULL, c("Sampling", "PSO.cost", "PSO.gamma", "PSO.data.balancing", 
    "PSO.feature.selection", "PSO.valid.acc", "PSO.test.acc", 
    "PSO.train.time", "PSO.n.support.vectors", "PSO.index", "PSO.n.solutions", 
    "PSO.generations", "PSO.n.evaluations", "PSO.cpu.time", "RS.cost", 
    "RS.gamma", "RS.data.balancing", "RS.feature.selection", 
    "RS.valid.acc", "RS.test.acc", "RS.train.time", "RS.n.support.vectors", 
    "RS.index", "RS.n.solutions", "RS.generations", "RS.n.evaluations", 
    "RS.cpu.time", "DF.cost", "DF.gamma", "DF.data.balancing", 
    "DF.feature.selection", "DF.valid.acc", "DF.test.acc", "DF.train.time", 
    "DF.n.support.vectors", "DF.index", "DF.n.solutions", "DF.generations", 
    "DF.n.evaluations", "DF.cpu.time")))
