full <-
structure(c(50, 55, 60, 65, 70, 75, 80, 85, 90, 95, 100, 1, -0.33272, 
2.83863, 7.84392, 2.67516, -0.11018, 1.29188, 7.81404, 0.27219, 
3.74221, 1, 0.08333, -12.43804, -0.69595, -0.97584, -0.80142, 
-2.30751, -0.57834, -0.47517, -0.69616, -0.35595, 0.08333, 0, 
0, 0, 0, 0, 0, 0, 0, 0, 0, 0, 0, 0, 0, 0, 0, 0, 0, 0, 0, 0, 0, 
0.65833, 0.6503, 0.68, 0.69697, 0.7035, 0.72225, 0.72571, 0.72232, 
0.71926, 0.71618, 0.71569, 0.64722, 0.6503, 0.66, 0.67803, 0.7035, 
0.7217, 0.72524, 0.72232, 0.71338, 0.71618, 0.71569, 0.0157, 
0.0146, 0.0156, 0.0162, 0.0184, 0.018, 0.0199, 0.0205, 0.0216, 
0.0224, 0.0215, 61.7, 59.1, 84.8, 91.9, 99.2, 96.1, 113.6, 120.8, 
127.8, 135.2, 112.5, 1, 3, 69, 130, 69, 1936, 276, 44, 332, 196, 
1, 1619, 1935, 769, 451, 97, 10, 593, 761, 85, 395, 1805, 100, 
100, 100, 100, 100, 100, 100, 100, 100, 100, 100, 2500, 2500, 
2500, 2500, 2500, 2500, 2500, 2500, 2500, 2500, 2500, 7041.988, 
7083.812, 7101.587, 7221.34, 7226.087, 7213.67000000001, 7338.701, 
7407.05600000001, 7439.481, 7580.046, 7448.951, -0.07199, 14.15203, 
6.56342, 0.95867, 10.59499, -0.12318, 3.76625, 10.19341, 6.25952, 
9.03479, 14.57144, -13.73112, 2.54666, -0.64033, -0.97878, -0.79712, 
-2.10097, -0.60394, -0.38404, -12.45582, -0.35294, -14.51914, 
0, 0, 0, 0, 0, 0, 0, 0, 0, 0, 0, 0, 0, 0, 0, 0, 0, 0, 0, 0, 0, 
0, 0.65833, 0.6503, 0.68, 0.69697, 0.7035, 0.72225, 0.72571, 
0.72232, 0.71301, 0.71618, 0.71569, 0.65833, 0.6503, 0.66, 0.67803, 
0.7035, 0.7217, 0.72524, 0.70893, 0.71301, 0.71618, 0.71569, 
0.0141, 0.0165, 0.016, 0.0169, 0.0178, 0.0175, 0.0196, 0.0207, 
0.0229, 0.0228, 0.1151, 50.9, 77.6, 84.8, 91.9, 99.2, 98, 113.6, 
120.8, 100.7, 135.2, 94.8, 1, 2, 8, 23, 185, 779, 118, 117, 1, 
108, 2, 1294, 1260, 25, 7, 6, 2, 20, 23, 1556, 23, 1494, 100, 
100, 100, 100, 100, 100, 100, 100, 100, 100, 100, 2500, 2500, 
2500, 2500, 2500, 2500, 2500, 2500, 2500, 2500, 2500, 7069.167, 
7128.583, 7179.25, 7243.34800000001, 7308.99000000001, 7403.05899999999, 
7456.60500000001, 7544.86899999999, 7549.34600000001, 7626.31699999998, 
7643.18799999999, 1, 1, 1, 1, 1, 1, 1, 1, 1, 1, 1, 0.08333, 0.08333, 
0.08333, 0.08333, 0.08333, 0.08333, 0.08333, 0.08333, 0.08333, 
0.08333, 0.08333, 0, 0, 0, 0, 0, 0, 0, 0, 0, 0, 0, 0, 0, 0, 0, 
0, 0, 0, 0, 0, 0, 0, 0.65833, 0.63919, 0.67091, 0.67879, 0.69452, 
0.71456, 0.7181, 0.7156, 0.71301, 0.71029, 0.71569, 0.64722, 
0.6503, 0.65182, 0.67955, 0.70221, 0.71456, 0.7181, 0.7156, 0.71301, 
0.71029, 0.71569, 0.0136, 0.0157, 0.0151, 0.0166, 0.0175, 0.0171, 
0.0185, 0.0186, 0.0201, 0.021, 0.0215, 61.7, 69.1, 73.9, 78.2, 
82.6, 84.3, 90.5, 96.4, 103.7, 108.6, 112.5, 1, 1, 1, 1, 1, 1, 
1, 1, 1, 1, 1, 1, 1, 1, 1, 1, 1, 1, 1, 1, 1, 1, 1, 1, 1, 1, 1, 
1, 1, 1, 1, 1, 1, 1, 1, 1, 1, 1, 1, 1, 1, 1, 1, 1, 2.773, 2.826, 
2.813, 2.884, 2.923, 2.846, 2.958, 2.916, 2.919, 2.844, 2.881
), .Dim = c(11L, 40L), .Dimnames = list(NULL, c("Sampling", "PSO.cost", 
"PSO.gamma", "PSO.data.balancing", "PSO.feature.selection", "PSO.valid.acc", 
"PSO.test.acc", "PSO.train.time", "PSO.n.support.vectors", "PSO.index", 
"PSO.n.solutions", "PSO.generations", "PSO.n.evaluations", "PSO.cpu.time", 
"RS.cost", "RS.gamma", "RS.data.balancing", "RS.feature.selection", 
"RS.valid.acc", "RS.test.acc", "RS.train.time", "RS.n.support.vectors", 
"RS.index", "RS.n.solutions", "RS.generations", "RS.n.evaluations", 
"RS.cpu.time", "DF.cost", "DF.gamma", "DF.data.balancing", "DF.feature.selection", 
"DF.valid.acc", "DF.test.acc", "DF.train.time", "DF.n.support.vectors", 
"DF.index", "DF.n.solutions", "DF.generations", "DF.n.evaluations", 
"DF.cpu.time")))
