full <-
structure(c(50, 55, 60, 65, 70, 75, 80, 85, 90, 95, 100, 1, 1, 
1, 0.31408, 1, 1, 1, 2.40502, 0.18546, 1, 0.78766, 0.08333, 0.08333, 
0.08333, -0.93212, 0.08333, 0.08333, 0.08333, -1.00024, -1.32023, 
0.08333, -1.27582, 0, 0, 0, 0, 0, 0, 0, 0, 0, 0, 0, 0, 0, 0, 
0, 0, 0, 0, 0, 0, 0, 0, 0.72889, 0.73333, 0.69848, 0.70606, 0.70251, 
0.71484, 0.71143, 0.72226, 0.70701, 0.70404, 0.72712, 0.72889, 
0.73333, 0.69848, 0.69697, 0.70251, 0.71484, 0.71143, 0.70893, 
0.69451, 0.70404, 0.71569, 0.0183, 0.0154, 0.0169, 0.0175, 0.0183, 
0.0186, 0.0179, 0.022, 0.0226, 0.0226, 0.0232, 57.4, 63.1, 70.5, 
91.5, 80.9, 87, 90.7, 119.6, 124.4, 111.6, 137.8, 1, 1, 1, 1345, 
1, 1, 1, 192, 330, 1, 735, 1899, 1717, 1918, 40, 1864, 1862, 
1736, 568, 69, 1826, 56, 100, 100, 100, 100, 100, 100, 100, 100, 
100, 100, 100, 2500, 2500, 2500, 2500, 2500, 2500, 2500, 2500, 
2500, 2500, 2500, 8794.329, 8471.154, 7928.38299999999, 8293.249, 
8489.129, 7682.254, 7732.32399999999, 8730.947, 8907.55799999999, 
8941.10999999999, 9187.84700000001, -0.29725, 2.21469, 10.86885, 
0.46315, 3.21856, 13.03252, 3.36048, 5.26416, 0.09171, 0.81956, 
1.82221, -11.04087, -5.78625, -10.68502, -0.57619, -11.49413, 
-13.56109, -14.58981, -1.00589, -1.60382, 0.78698, 2.15282, 0, 
0, 0, 0, 0, 0, 0, 0, 0, 0, 0, 0, 0, 0, 0, 0, 0, 0, 0, 0, 0, 0, 
0.72889, 0.73333, 0.69848, 0.70606, 0.70251, 0.71484, 0.71143, 
0.72226, 0.70701, 0.70404, 0.71569, 0.72889, 0.73333, 0.69848, 
0.69697, 0.70251, 0.71484, 0.71143, 0.70893, 0.69409, 0.70404, 
0.71569, 0.0161, 0.0163, 0.0218, 0.0174, 0.0187, 0.0439, 0.0172, 
0.0209, 0.0221, 0.0262, 0.0274, 50, 56.7, 62.4, 92, 81.9, 74, 
74.1, 119.6, 122.6, 135.2, 140.8, 2, 3, 3, 1081, 1, 2, 2, 46, 
195, 1, 1, 1481, 1474, 1578, 3, 1453, 1368, 1379, 9, 1, 1494, 
1517, 100, 100, 100, 100, 100, 100, 100, 100, 100, 100, 100, 
2500, 2500, 2500, 2500, 2500, 2500, 2500, 2500, 2500, 2500, 2500, 
8284.747, 8393.44, 7892, 8444.31199999999, 8300.53, 7845.02, 
8109.447, 8989.83899999999, 9040.261, 9074.87, 9531.644, 1, 1, 
1, 1, 1, 1, 1, 1, 1, 1, 1, 0.08333, 0.08333, 0.08333, 0.08333, 
0.08333, 0.08333, 0.08333, 0.08333, 0.08333, 0.08333, 0.08333, 
0, 0, 0, 0, 0, 0, 0, 0, 0, 0, 0, 0, 0, 0, 0, 0, 0, 0, 0, 0, 0, 
0, 0.72889, 0.73333, 0.69848, 0.69697, 0.70251, 0.71484, 0.71143, 
0.70226, 0.70034, 0.70404, 0.71569, 0.72889, 0.73333, 0.69848, 
0.69697, 0.70251, 0.71484, 0.71143, 0.70226, 0.69409, 0.70404, 
0.71569, 0.0157, 0.0157, 0.0166, 0.0168, 0.0165, 0.0169, 0.0192, 
0.0189, 0.021, 0.0224, 0.0243, 57.4, 63.1, 70.5, 77.1, 80.9, 
87, 90.7, 97.5, 105, 111.6, 112.4, 1, 1, 1, 1, 1, 1, 1, 1, 1, 
1, 1, 1, 1, 1, 1, 1, 1, 1, 1, 1, 1, 1, 1, 1, 1, 1, 1, 1, 1, 1, 
1, 1, 1, 1, 1, 1, 1, 1, 1, 1, 1, 1, 1, 1, 3.184, 3.291, 3.006, 
3.423, 2.982, 2.938, 3.496, 3.383, 3.541, 3.453, 3.938), .Dim = c(11L, 
40L), .Dimnames = list(NULL, c("Sampling", "PSO.cost", "PSO.gamma", 
"PSO.data.balancing", "PSO.feature.selection", "PSO.valid.acc", 
"PSO.test.acc", "PSO.train.time", "PSO.n.support.vectors", "PSO.index", 
"PSO.n.solutions", "PSO.generations", "PSO.n.evaluations", "PSO.cpu.time", 
"RS.cost", "RS.gamma", "RS.data.balancing", "RS.feature.selection", 
"RS.valid.acc", "RS.test.acc", "RS.train.time", "RS.n.support.vectors", 
"RS.index", "RS.n.solutions", "RS.generations", "RS.n.evaluations", 
"RS.cpu.time", "DF.cost", "DF.gamma", "DF.data.balancing", "DF.feature.selection", 
"DF.valid.acc", "DF.test.acc", "DF.train.time", "DF.n.support.vectors", 
"DF.index", "DF.n.solutions", "DF.generations", "DF.n.evaluations", 
"DF.cpu.time")))
