full <-
structure(c(50, 55, 60, 65, 70, 75, 80, 85, 90, 95, 100, 1, 0.56168, 
1, 1, 1, 1, 7.90784, 8.89589, 1, 0.20544, 8.6821, 0.08333, -2.13487, 
0.08333, 0.08333, 0.08333, 0.08333, -0.26614, -0.30262, 0.08333, 
-0.91521, -0.83484, 0, 0, 0, 0, 0, 0, 0, 0, 0, 0, 0, 0, 0, 0, 
0, 0, 0, 0, 0, 0, 0, 0, 0.72944, 0.75384, 0.72636, 0.72197, 0.73462, 
0.72995, 0.7181, 0.71577, 0.71301, 0.72259, 0.72778, 0.72944, 
0.71253, 0.72636, 0.72197, 0.73462, 0.72995, 0.71143, 0.70911, 
0.71301, 0.71009, 0.72157, 0.0151, 0.0161, 0.0161, 0.0165, 0.0172, 
0.0182, 0.0197, 0.0204, 0.0192, 0.0227, 0.0227, 57.6, 70.5, 69.3, 
74.9, 80.2, 83.4, 113.6, 120.8, 102.8, 134.4, 139.4, 1, 235, 
1, 1, 1, 1, 1304, 6, 1, 2038, 4, 2049, 103, 1985, 1902, 2020, 
1841, 19, 667, 1975, 10, 1344, 100, 100, 100, 100, 100, 100, 
100, 100, 100, 100, 100, 2500, 2500, 2500, 2500, 2500, 2500, 
2500, 2500, 2500, 2500, 2500, 7295.887, 7328.251, 7286.539, 7473.004, 
7797.016, 7973.141, 7654.58199999999, 7768.928, 7507.311, 7722.535, 
7806.679, -0.46815, 10.48847, -1.53349, 9.96877, 13.36317, 11.37205, 
13.50751, 6.71345, 10.4572, -1.18071, 4.07866, -1.08621, -10.9724, 
0.03332, -10.81053, -13.41066, 2.06304, -0.26839, -0.25541, -14.96998, 
-12.10102, -0.88847, 0, 0, 0, 0, 0, 0, 0, 0, 0, 0, 0, 0, 0, 0, 
0, 0, 0, 0, 0, 0, 0, 0, 0.72944, 0.74384, 0.72636, 0.72197, 0.73462, 
0.72995, 0.7181, 0.71577, 0.71301, 0.71634, 0.72778, 0.72944, 
0.74384, 0.72636, 0.72197, 0.73462, 0.72995, 0.71143, 0.70911, 
0.71301, 0.71634, 0.71601, 0.015, 0.0217, 0.0162, 0.0245, 0.0541, 
0.0206, 0.0195, 0.0208, 0.0368, 0.0176, 0.0222, 69.1, 53.2, 84.8, 
64.3, 67, 106.4, 113.6, 120.8, 106.7, 80.9, 139.4, 1, 2, 1, 1, 
1, 2, 146, 10, 3, 1, 88, 1499, 1510, 1499, 1456, 1610, 1423, 
3, 35, 1598, 1458, 21, 100, 100, 100, 100, 100, 100, 100, 100, 
100, 100, 100, 2500, 2500, 2500, 2500, 2500, 2500, 2500, 2500, 
2500, 2500, 2500, 7248.343, 7403.206, 7406.75, 7438.415, 8015.965, 
7801.514, 7511.651, 7899.88099999999, 7722.34799999998, 7898.97, 
7642.30899999998, 1, 1, 1, 1, 1, 1, 1, 1, 1, 1, 1, 0.08333, 0.08333, 
0.08333, 0.08333, 0.08333, 0.08333, 0.08333, 0.08333, 0.08333, 
0.08333, 0.08333, 0, 0, 0, 0, 0, 0, 0, 0, 0, 0, 0, 0, 0, 0, 0, 
0, 0, 0, 0, 0, 0, 0, 0.72944, 0.74384, 0.72636, 0.72197, 0.73462, 
0.72995, 0.70429, 0.70911, 0.71301, 0.71634, 0.71569, 0.72944, 
0.74384, 0.72636, 0.72197, 0.73462, 0.72995, 0.71143, 0.70911, 
0.71301, 0.71634, 0.71569, 0.0149, 0.0154, 0.0163, 0.0167, 0.0178, 
0.0173, 0.0188, 0.0186, 0.0202, 0.0212, 0.0212, 57.6, 62.9, 69.3, 
74.9, 80.2, 83.4, 91.4, 99.4, 102.8, 109.3, 112.6, 1, 1, 1, 1, 
1, 1, 1, 1, 1, 1, 1, 1, 1, 1, 1, 1, 1, 1, 1, 1, 1, 1, 1, 1, 1, 
1, 1, 1, 1, 1, 1, 1, 1, 1, 1, 1, 1, 1, 1, 1, 1, 1, 1, 1, 2.909, 
3.092, 3.082, 3.088, 3.227, 3.054, 3.042, 2.882, 3.093, 3.147, 
3.038), .Dim = c(11L, 40L), .Dimnames = list(NULL, c("Sampling", 
"PSO.cost", "PSO.gamma", "PSO.data.balancing", "PSO.feature.selection", 
"PSO.valid.acc", "PSO.test.acc", "PSO.train.time", "PSO.n.support.vectors", 
"PSO.index", "PSO.n.solutions", "PSO.generations", "PSO.n.evaluations", 
"PSO.cpu.time", "RS.cost", "RS.gamma", "RS.data.balancing", "RS.feature.selection", 
"RS.valid.acc", "RS.test.acc", "RS.train.time", "RS.n.support.vectors", 
"RS.index", "RS.n.solutions", "RS.generations", "RS.n.evaluations", 
"RS.cpu.time", "DF.cost", "DF.gamma", "DF.data.balancing", "DF.feature.selection", 
"DF.valid.acc", "DF.test.acc", "DF.train.time", "DF.n.support.vectors", 
"DF.index", "DF.n.solutions", "DF.generations", "DF.n.evaluations", 
"DF.cpu.time")))
