full <-
structure(c(50, 55, 60, 65, 70, 75, 80, 85, 90, 95, 100, 1, -0.04887, 
1, 1, 1, 1, 0.61398, 4.45787, 1, 1, 6.75834, 0.08333, -1.67349, 
0.08333, 0.08333, 0.08333, 0.08333, -1.64149, -1.05614, 0.08333, 
0.08333, -0.50114, 0, 0, 0, 0, 0, 0, 0, 0, 0, 0, 0, 0, 0, 0, 
0, 0, 0, 0, 0, 0, 0, 0, 0.70556, 0.69111, 0.68939, 0.69697, 0.70192, 
0.70687, 0.72619, 0.71042, 0.71301, 0.71618, 0.72124, 0.70556, 
0.69, 0.67939, 0.69697, 0.70192, 0.70687, 0.69762, 0.70286, 0.71301, 
0.71618, 0.71536, 0.0151, 0.0165, 0.0168, 0.0159, 0.0161, 0.0171, 
0.0195, 0.0198, 0.0194, 0.0198, 0.0232, 56.9, 75.4, 72.4, 76.5, 
80.5, 87.3, 110, 119.9, 102.7, 108.9, 140.8, 1, 380, 1, 1, 1, 
1, 448, 458, 1, 1, 385, 1883, 72, 1912, 1989, 1842, 2073, 202, 
108, 1880, 1921, 646, 100, 100, 100, 100, 100, 100, 100, 100, 
100, 100, 100, 2500, 2500, 2500, 2500, 2500, 2500, 2500, 2500, 
2500, 2500, 2500, 7589.975, 7811.03, 7419.999, 7529.553, 7513.488, 
7322.402, 7521.68699999999, 7575.7, 7469.76300000001, 7397.81099999999, 
7614.99900000001, -1.21083, -0.11636, -0.72987, 7.06934, 1.07543, 
3.98642, 0.43949, 0.77308, 1.11768, 5.77698, 2.53939, -10.9732, 
-1.54488, -9.13247, -9.50081, 1.32882, -8.7076, -1.78795, -0.89055, 
-9.42059, 1.61094, -0.39984, 0, 0, 0, 0, 0, 0, 0, 0, 0, 0, 0, 
0, 0, 0, 0, 0, 0, 0, 0, 0, 0, 0, 0.70556, 0.69111, 0.68939, 0.69697, 
0.70192, 0.70687, 0.71905, 0.71625, 0.71301, 0.71618, 0.72124, 
0.70556, 0.70111, 0.68939, 0.69697, 0.70192, 0.70687, 0.69048, 
0.70286, 0.71301, 0.71618, 0.71536, 0.0147, 0.016, 0.0152, 0.0178, 
0.0186, 0.0195, 0.0186, 0.0191, 0.0203, 0.0235, 0.0216, 46.4, 
76.2, 66.6, 67.6, 99.2, 77.6, 108.7, 120.2, 98.7, 135.2, 140.8, 
2, 386, 1, 3, 1, 2, 347, 223, 1, 1, 61, 1214, 3, 1176, 1501, 
1484, 1510, 5, 1, 1459, 1547, 32, 100, 100, 100, 100, 100, 100, 
100, 100, 100, 100, 100, 2500, 2500, 2500, 2500, 2500, 2500, 
2500, 2500, 2500, 2500, 2500, 7703.093, 7872.055, 7454.531, 7498.18, 
7382.906, 7669.24400000001, 7624.42200000001, 7651.838, 7586.68499999998, 
7766.071, 7959.84099999999, 1, 1, 1, 1, 1, 1, 1, 1, 1, 1, 1, 
0.08333, 0.08333, 0.08333, 0.08333, 0.08333, 0.08333, 0.08333, 
0.08333, 0.08333, 0.08333, 0.08333, 0, 0, 0, 0, 0, 0, 0, 0, 0, 
0, 0, 0, 0, 0, 0, 0, 0, 0, 0, 0, 0, 0, 0.70556, 0.69, 0.68939, 
0.69697, 0.70192, 0.70687, 0.70476, 0.70911, 0.71301, 0.71618, 
0.71569, 0.70556, 0.68, 0.67939, 0.69697, 0.70192, 0.70687, 0.70476, 
0.70911, 0.71301, 0.71618, 0.71569, 0.0159, 0.0156, 0.0152, 0.0157, 
0.017, 0.0174, 0.0181, 0.0194, 0.0194, 0.0209, 0.0216, 56.9, 
64, 72.4, 76.5, 80.5, 87.3, 91.5, 97.5, 102.7, 108.9, 112.1, 
1, 1, 1, 1, 1, 1, 1, 1, 1, 1, 1, 1, 1, 1, 1, 1, 1, 1, 1, 1, 1, 
1, 1, 1, 1, 1, 1, 1, 1, 1, 1, 1, 1, 1, 1, 1, 1, 1, 1, 1, 1, 1, 
1, 1, 3.151, 3.15, 3.011, 2.811, 2.916, 3.068, 2.939, 2.966, 
2.882, 2.948, 3.032), .Dim = c(11L, 40L), .Dimnames = list(NULL, 
    c("Sampling", "PSO.cost", "PSO.gamma", "PSO.data.balancing", 
    "PSO.feature.selection", "PSO.valid.acc", "PSO.test.acc", 
    "PSO.train.time", "PSO.n.support.vectors", "PSO.index", "PSO.n.solutions", 
    "PSO.generations", "PSO.n.evaluations", "PSO.cpu.time", "RS.cost", 
    "RS.gamma", "RS.data.balancing", "RS.feature.selection", 
    "RS.valid.acc", "RS.test.acc", "RS.train.time", "RS.n.support.vectors", 
    "RS.index", "RS.n.solutions", "RS.generations", "RS.n.evaluations", 
    "RS.cpu.time", "DF.cost", "DF.gamma", "DF.data.balancing", 
    "DF.feature.selection", "DF.valid.acc", "DF.test.acc", "DF.train.time", 
    "DF.n.support.vectors", "DF.index", "DF.n.solutions", "DF.generations", 
    "DF.n.evaluations", "DF.cpu.time")))
