full <-
structure(c(50, 55, 60, 65, 70, 75, 80, 85, 90, 95, 100, 1, 2.72424, 
0.79685, 1, 0.39025, 8.29161, 0.34537, 0.22499, -0.04386, 1.15527, 
-0.31337, 0.08333, -1.05065, -2.29135, 0.08333, -1.11766, -8.7401, 
-1.63514, -1.88394, -2.51712, -0.37916, -1.62804, 0, 0, 0, 0, 
0, 0, 0, 0, 0, 0, 0, 0, 0, 0, 0, 0, 0, 0, 0, 0, 0, 0, 0.74, 0.76333, 
0.75545, 0.72226, 0.75962, 0.72995, 0.73264, 0.755, 0.73765, 
0.72222, 0.72157, 0.74, 0.76333, 0.74545, 0.72226, 0.75128, 0.72225, 
0.72549, 0.74167, 0.73176, 0.71634, 0.71569, 0.0163, 0.0164, 
0.0165, 0.0169, 0.0176, 0.0224, 0.0185, 0.0203, 0.0213, 0.0222, 
0.0223, 55.5, 76.6, 74.9, 73, 97.6, 73.2, 107.7, 112.4, 113.9, 
135.2, 134.1, 1, 1207, 512, 1, 2278, 77, 101, 1244, 458, 271, 
470, 2052, 224, 189, 1816, 1, 50, 47, 71, 103, 128, 65, 100, 
100, 100, 100, 100, 100, 100, 100, 100, 100, 100, 2500, 2500, 
2500, 2500, 2500, 2500, 2500, 2500, 2500, 2500, 2500, 7402.121, 
7320.3, 7445.675, 7459.099, 7228.928, 7251.47, 7327.14899999999, 
7530.88799999999, 7560.45300000001, 7453.65700000001, 7385.75600000002, 
-0.54827, 8.64893, -0.07751, 5.22168, 12.29822, 7.8207, -1.00986, 
0.21397, 0.15616, 3.61342, -0.33589, -11.94197, -1.04099, -2.35788, 
1.51625, -0.69014, -8.46906, -11.32649, -1.93818, -1.22991, -0.38032, 
-2.2867, 0, 0, 0, 0, 0, 0, 0, 0, 0, 0, 0, 0, 0, 0, 0, 0, 0, 0, 
0, 0, 0, 0, 0.74, 0.76333, 0.75455, 0.72226, 0.75128, 0.72995, 
0.72549, 0.755, 0.73765, 0.72222, 0.72157, 0.74, 0.76333, 0.73636, 
0.72226, 0.75962, 0.72225, 0.72549, 0.735, 0.73765, 0.71634, 
0.71569, 0.0143, 0.0169, 0.0158, 0.0175, 0.0179, 0.0215, 0.018, 
0.0192, 0.0209, 0.0222, 0.0224, 42.3, 76.7, 74.7, 92, 99.2, 73.5, 
77.5, 111.4, 126.1, 135.2, 127.2, 1, 19, 1306, 1, 12, 835, 2, 
1946, 9, 1605, 549, 1386, 15, 2, 1356, 50, 5, 1542, 1, 3, 1, 
6, 100, 100, 100, 100, 100, 100, 100, 100, 100, 100, 100, 2500, 
2500, 2500, 2500, 2500, 2500, 2500, 2500, 2500, 2500, 2500, 7294.307, 
7403.135, 7450.75, 7337.503, 7355.004, 7315.46400000001, 7576.44499999999, 
7684.09, 7688.522, 7617.799, 7749.913, 1, 1, 1, 1, 1, 1, 1, 1, 
1, 1, 1, 0.08333, 0.08333, 0.08333, 0.08333, 0.08333, 0.08333, 
0.08333, 0.08333, 0.08333, 0.08333, 0.08333, 0, 0, 0, 0, 0, 0, 
0, 0, 0, 0, 0, 0, 0, 0, 0, 0, 0, 0, 0, 0, 0, 0, 0.74, 0.71111, 
0.73636, 0.72226, 0.73462, 0.72225, 0.72549, 0.74167, 0.73176, 
0.71634, 0.71569, 0.74, 0.72222, 0.73636, 0.72226, 0.73462, 0.72225, 
0.72549, 0.74167, 0.73176, 0.71634, 0.71569, 0.0149, 0.0158, 
0.0156, 0.0163, 0.0167, 0.0174, 0.0179, 0.0193, 0.0199, 0.0202, 
0.0214, 55.5, 61.3, 64.5, 73, 76.6, 82.3, 87.8, 91.4, 100, 109.4, 
111.9, 1, 1, 1, 1, 1, 1, 1, 1, 1, 1, 1, 1, 1, 1, 1, 1, 1, 1, 
1, 1, 1, 1, 1, 1, 1, 1, 1, 1, 1, 1, 1, 1, 1, 1, 1, 1, 1, 1, 1, 
1, 1, 1, 1, 1, 2.917, 3.093, 2.952, 2.885, 2.927, 2.834, 2.826, 
3.043, 2.905, 2.936, 2.889), .Dim = c(11L, 40L), .Dimnames = list(
    NULL, c("Sampling", "PSO.cost", "PSO.gamma", "PSO.data.balancing", 
    "PSO.feature.selection", "PSO.valid.acc", "PSO.test.acc", 
    "PSO.train.time", "PSO.n.support.vectors", "PSO.index", "PSO.n.solutions", 
    "PSO.generations", "PSO.n.evaluations", "PSO.cpu.time", "RS.cost", 
    "RS.gamma", "RS.data.balancing", "RS.feature.selection", 
    "RS.valid.acc", "RS.test.acc", "RS.train.time", "RS.n.support.vectors", 
    "RS.index", "RS.n.solutions", "RS.generations", "RS.n.evaluations", 
    "RS.cpu.time", "DF.cost", "DF.gamma", "DF.data.balancing", 
    "DF.feature.selection", "DF.valid.acc", "DF.test.acc", "DF.train.time", 
    "DF.n.support.vectors", "DF.index", "DF.n.solutions", "DF.generations", 
    "DF.n.evaluations", "DF.cpu.time")))
