full <-
structure(c(50, 55, 60, 65, 70, 75, 80, 85, 90, 95, 100, 14.5095, 
11.9326, 14.23729, 14.39763, 13.04518, 10.24908, 9.028, 14.99897, 
15, 15, 14.58212, -5.62973, -4.7386, -5.57781, -5.59008, -5.17061, 
-4.60966, -4.68597, -6.01255, -5.96175, -6.30358, -5.10188, 0, 
0, 0, 0, 0, 0, 0, 0, 0, 0, 0, 0, 0, 0, 0, 0, 0, 0, 0, 0, 0, 0, 
0.61733, 0.6351, 0.63005, 0.63253, 0.63225, 0.6309, 0.62972, 
0.63954, 0.63774, 0.64352, 0.63852, 0.60953, 0.61912, 0.61883, 
0.62275, 0.61939, 0.63335, 0.62587, 0.63399, 0.63072, 0.63792, 
0.63628, 10.2143, 4.24, 12.7827, 14.103, 9.1256, 4.0351, 3.4483, 
25.0209, 29.2063, 25.8066, 38.0184, 1354.6, 1513.2, 1626.5, 1741.6, 
1882.6, 2068.1, 2266.3, 2266.6, 2389.7, 2535.8, 2584.7, 1332, 
1997, 1902, 2122, 2488, 2010, 1207, 2475, 2059, 648, 637, 1, 
1, 1, 2, 1, 7, 14, 3, 1, 1, 1, 100, 100, 100, 100, 100, 100, 
100, 100, 100, 100, 100, 2500, 2500, 2500, 2500, 2500, 2500, 
2500, 2500, 2500, 2500, 2500, 219297.856, 117233.667, 269451.297, 
357993.298, 348150.731, 195556.365, 123420.599, 542864.077, 646034.356, 
458573.842, 462707.515000001, 14.28381, 11.45439, 14.14841, 14.15925, 
13.35167, 9.71863, 9.56372, 14.26626, 14.7637, 9.13687, 14.9191, 
-5.58374, -4.63268, -5.55049, -5.57314, -5.13971, -4.40653, -4.74285, 
-5.71489, -5.92793, -4.47604, -5.19742, 0, 0, 0, 0, 0, 0, 0, 
0, 0, 0, 0, 0, 0, 0, 0, 0, 0, 0, 0, 0, 0, 0, 0.61488, 0.63027, 
0.62868, 0.63033, 0.62932, 0.63008, 0.62794, 0.63569, 0.63615, 
0.64115, 0.6373, 0.60912, 0.61353, 0.61884, 0.62338, 0.61706, 
0.63472, 0.62612, 0.63423, 0.63256, 0.62782, 0.63955, 9.1258, 
3.6123, 11.9477, 12.8123, 10.5878, 3.7079, 3.7704, 19.4233, 26.6415, 
4.9564, 44.7588, 1360, 1524.7, 1627.9, 1745, 1871.8, 2080.2, 
2243.7, 2272, 2394, 2629.5, 2580.5, 1287, 2378, 330, 1284, 2352, 
1177, 1045, 1879, 1026, 1190, 316, 1, 1, 1, 1, 1, 1, 1, 1, 1, 
2, 1, 100, 100, 100, 100, 100, 100, 100, 100, 100, 100, 100, 
2500, 2500, 2500, 2500, 2500, 2500, 2500, 2500, 2500, 2500, 2500, 
65677.425, 80201.915, 103461.658, 114691.753, 132178.223, 151387.172, 
176691.271, 197995.215, 238575.573, 249118.467, 279315.779999999, 
1, 1, 1, 1, 1, 1, 1, 1, 1, 1, 1, 0.14286, 0.14286, 0.14286, 0.14286, 
0.14286, 0.14286, 0.14286, 0.14286, 0.14286, 0.14286, 0.14286, 
0, 0, 0, 0, 0, 0, 0, 0, 0, 0, 0, 0, 0, 0, 0, 0, 0, 0, 0, 0, 0, 
0, 0.52696, 0.53923, 0.54189, 0.54886, 0.55516, 0.56145, 0.55824, 
0.55203, 0.56808, 0.56803, 0.56247, 0.52535, 0.54219, 0.547, 
0.54667, 0.55165, 0.56253, 0.55745, 0.55323, 0.56989, 0.57362, 
0.5594, 1.3162, 1.6477, 1.8268, 2.1041, 2.5659, 2.7198, 3.2912, 
3.5206, 5.0629, 4.6, 5.457, 1802, 1964.1, 2126.6, 2288.6, 2445.2, 
2604.7, 2782.3, 2943.3, 3108.3, 3262.4, 3412.5, 1, 1, 1, 1, 1, 
1, 1, 1, 1, 1, 1, 1, 1, 1, 1, 1, 1, 1, 1, 1, 1, 1, 1, 1, 1, 1, 
1, 1, 1, 1, 1, 1, 1, 1, 1, 1, 1, 1, 1, 1, 1, 1, 1, 1, 16.434, 
20.232, 22.854, 25.006, 31.175, 32.597, 39.157, 41.437, 59.403, 
53.072, 62.583), .Dim = c(11L, 40L), .Dimnames = list(NULL, c("Sampling", 
"PSO.cost", "PSO.gamma", "PSO.data.balancing", "PSO.feature.selection", 
"PSO.valid.acc", "PSO.test.acc", "PSO.train.time", "PSO.n.support.vectors", 
"PSO.index", "PSO.n.solutions", "PSO.generations", "PSO.n.evaluations", 
"PSO.cpu.time", "RS.cost", "RS.gamma", "RS.data.balancing", "RS.feature.selection", 
"RS.valid.acc", "RS.test.acc", "RS.train.time", "RS.n.support.vectors", 
"RS.index", "RS.n.solutions", "RS.generations", "RS.n.evaluations", 
"RS.cpu.time", "DF.cost", "DF.gamma", "DF.data.balancing", "DF.feature.selection", 
"DF.valid.acc", "DF.test.acc", "DF.train.time", "DF.n.support.vectors", 
"DF.index", "DF.n.solutions", "DF.generations", "DF.n.evaluations", 
"DF.cpu.time")))
