full <-
structure(c(50, 55, 60, 65, 70, 75, 80, 85, 90, 95, 100, 7.74332, 
14.91181, 14.18604, 9.06871, 10.25853, 14.1147, 6.96275, 14.33996, 
9.50004, 12.90025, 14.98313, -3.8589, -7.09856, -6.87097, -4.8442, 
-4.70477, -6.246, -3.6604, -5.76838, -4.28294, -5.90879, -6.11366, 
0, 0, 0, 0, 0, 0, 0, 0, 0, 0, 0, 0, 0, 0, 0, 0, 0, 0, 0, 0, 0, 
0, 0.61893, 0.62203, 0.62197, 0.61172, 0.62026, 0.62736, 0.63737, 
0.63857, 0.63437, 0.63384, 0.64448, 0.6132, 0.61384, 0.60937, 
0.6114, 0.61788, 0.62245, 0.63228, 0.63207, 0.63346, 0.63147, 
0.63508, 1.4282, 6.8891, 6.1423, 2.4689, 3.5657, 10.9201, 2.9328, 
19.4194, 4.8715, 9.848, 27.9301, 1463.2, 1540.9, 1687.5, 1866.4, 
1954.6, 2063, 2304.7, 2274.3, 2480.5, 2581.6, 2649.6, 2094, 1132, 
1605, 1014, 1882, 1243, 2042, 1968, 2249, 2154, 2354, 9, 6, 2, 
34, 1, 1, 12, 1, 12, 1, 5, 100, 100, 100, 100, 100, 100, 100, 
100, 100, 100, 100, 2500, 2500, 2500, 2500, 2500, 2500, 2500, 
2500, 2500, 2500, 2500, 59307.312, 175892.416, 148519.38, 85827.8959999999, 
116172.367, 298568.424, 119538.733, 376471.021, 173057.626, 326962.816, 
732954.873, 7.87399, 13.99899, 11.50156, 9.87645, 9.11282, 14.02783, 
7.24864, 8.55279, 9.27363, 8.62205, 14.73446, -3.96927, -6.49979, 
-5.58428, -5.18377, -4.98612, -6.17239, -3.80645, -3.93273, -3.66399, 
-4.58742, -5.96626, 0, 0, 0, 0, 0, 0, 0, 0, 0, 0, 0, 0, 0, 0, 
0, 0, 0, 0, 0, 0, 0, 0, 0.61648, 0.61944, 0.62098, 0.60954, 0.61791, 
0.62545, 0.63405, 0.63736, 0.63254, 0.63277, 0.64243, 0.61318, 
0.61829, 0.61244, 0.60859, 0.61498, 0.62027, 0.63305, 0.63856, 
0.63299, 0.6276, 0.63589, 1.4294, 5.5501, 3.2028, 2.6852, 2.7704, 
10.892, 3.1134, 3.9109, 5.0974, 4.4054, 28.2088, 1461.1, 1531.1, 
1689.7, 1855.6, 2007.7, 2060.8, 2296.2, 2377.4, 2458.3, 2667.9, 
2649.5, 1143, 1754, 1946, 1507, 280, 381, 135, 124, 1582, 174, 
1895, 1, 1, 1, 1, 1, 1, 1, 1, 1, 1, 1, 100, 100, 100, 100, 100, 
100, 100, 100, 100, 100, 100, 2500, 2500, 2500, 2500, 2500, 2500, 
2500, 2500, 2500, 2500, 2500, 70228.301, 82455.126, 100620.603, 
121111.652, 136374.276, 146147.063, 169192.501, 197286.465, 222872.028, 
244637.866, 292972.605, 1, 1, 1, 1, 1, 1, 1, 1, 1, 1, 1, 0.14286, 
0.14286, 0.14286, 0.14286, 0.14286, 0.14286, 0.14286, 0.14286, 
0.14286, 0.14286, 0.14286, 0, 0, 0, 0, 0, 0, 0, 0, 0, 0, 0, 0, 
0, 0, 0, 0, 0, 0, 0, 0, 0, 0, 0.55145, 0.55001, 0.5521, 0.54948, 
0.5575, 0.56225, 0.57327, 0.56956, 0.5588, 0.56827, 0.57048, 
0.56129, 0.54704, 0.55246, 0.55199, 0.55981, 0.56634, 0.56792, 
0.56982, 0.56788, 0.56761, 0.56802, 1.3755, 1.5378, 1.9309, 2.2229, 
2.5473, 2.7869, 3.0893, 3.6404, 3.9556, 4.3688, 5.1405, 1768.4, 
1930.6, 2097.3, 2268.1, 2432.6, 2599.1, 2761.3, 2933.4, 3092.8, 
3247.5, 3414.2, 1, 1, 1, 1, 1, 1, 1, 1, 1, 1, 1, 1, 1, 1, 1, 
1, 1, 1, 1, 1, 1, 1, 1, 1, 1, 1, 1, 1, 1, 1, 1, 1, 1, 1, 1, 1, 
1, 1, 1, 1, 1, 1, 1, 1, 17.373, 18.921, 24.304, 27.444, 30.86, 
32.551, 35.808, 42.115, 46.27, 49.864, 59.623), .Dim = c(11L, 
40L), .Dimnames = list(NULL, c("Sampling", "PSO.cost", "PSO.gamma", 
"PSO.data.balancing", "PSO.feature.selection", "PSO.valid.acc", 
"PSO.test.acc", "PSO.train.time", "PSO.n.support.vectors", "PSO.index", 
"PSO.n.solutions", "PSO.generations", "PSO.n.evaluations", "PSO.cpu.time", 
"RS.cost", "RS.gamma", "RS.data.balancing", "RS.feature.selection", 
"RS.valid.acc", "RS.test.acc", "RS.train.time", "RS.n.support.vectors", 
"RS.index", "RS.n.solutions", "RS.generations", "RS.n.evaluations", 
"RS.cpu.time", "DF.cost", "DF.gamma", "DF.data.balancing", "DF.feature.selection", 
"DF.valid.acc", "DF.test.acc", "DF.train.time", "DF.n.support.vectors", 
"DF.index", "DF.n.solutions", "DF.generations", "DF.n.evaluations", 
"DF.cpu.time")))
