full <-
structure(c(50, 55, 60, 65, 70, 75, 80, 85, 90, 95, 100, 5.88146, 
11.13302, 14.99721, 7.67846, 8.53348, 12.93225, 8.60056, 9.36796, 
13.8766, 15, 14.70758, -1.99865, -3.98778, -5.90698, -3.04788, 
-3.42264, -5.05309, -3.64358, -4.49187, -5.15339, -5.60312, -5.4648, 
0, 0, 0, 0, 0, 0, 0, 0, 0, 0, 0, 0, 0, 0, 0, 0, 0, 0, 0, 0, 0, 
0, 0.60349, 0.60343, 0.60728, 0.61139, 0.61087, 0.62135, 0.63279, 
0.6282, 0.63617, 0.63703, 0.64588, 0.59328, 0.60118, 0.59471, 
0.60227, 0.60474, 0.61399, 0.62411, 0.62533, 0.63139, 0.63467, 
0.63976, 1.4107, 3.601, 15.2532, 2.405, 3.0012, 11.7801, 3.6369, 
4.237, 20.5971, 34.0599, 33.6162, 1546.2, 1544.4, 1663.1, 1890.9, 
1981.5, 2036.1, 2235.8, 2388.5, 2384.6, 2484, 2605.2, 1524, 1332, 
1628, 2077, 1683, 1874, 2233, 1202, 2116, 241, 1973, 125, 27, 
1, 59, 30, 1, 2, 1, 2, 1, 1, 100, 100, 100, 100, 100, 100, 100, 
100, 100, 100, 100, 2500, 2500, 2500, 2500, 2500, 2500, 2500, 
2500, 2500, 2500, 2500, 50491.446, 86848.143, 341218.003, 103037.193, 
185332.028, 218547.865, 132106.865, 154024.175, 493887.484, 657305.328, 
837674.491, 6.26745, 10.32538, 14.51434, 7.01172, 12.41108, 10.87666, 
9.02322, 9.67856, 14.13974, 12.08743, 13.50815, -1.95351, -3.5983, 
-5.51348, -2.81037, -4.62463, -4.69727, -3.84949, -4.21384, -5.28156, 
-4.5739, -5.10562, 0, 0, 0, 0, 0, 0, 0, 0, 0, 0, 0, 0, 0, 0, 
0, 0, 0, 0, 0, 0, 0, 0, 0.60143, 0.60047, 0.60455, 0.60825, 0.61001, 
0.61944, 0.63152, 0.62675, 0.63435, 0.63575, 0.64221, 0.58919, 
0.5997, 0.59677, 0.6004, 0.60855, 0.61455, 0.62512, 0.62316, 
0.63185, 0.62994, 0.63772, 1.4457, 2.8006, 12.9286, 2.2481, 8.443, 
4.9576, 3.8655, 4.6122, 22.5842, 11.8227, 20.4278, 1537.1, 1558.2, 
1653.8, 1911.9, 1901.4, 2074, 2225.5, 2359.2, 2382, 2516.4, 2624, 
1311, 2003, 867, 73, 516, 220, 1611, 1871, 1596, 841, 156, 1, 
1, 1, 1, 1, 1, 1, 1, 1, 1, 1, 100, 100, 100, 100, 100, 100, 100, 
100, 100, 100, 100, 2500, 2500, 2500, 2500, 2500, 2500, 2500, 
2500, 2500, 2500, 2500, 71864.357, 85377.345, 97184.1410000001, 
123647.539, 135222.181, 160486.316, 178707.42, 195675.657, 224682.1, 
286391.289, 283860.801999999, 1, 1, 1, 1, 1, 1, 1, 1, 1, 1, 1, 
0.14286, 0.14286, 0.14286, 0.14286, 0.14286, 0.14286, 0.14286, 
0.14286, 0.14286, 0.14286, 0.14286, 0, 0, 0, 0, 0, 0, 0, 0, 0, 
0, 0, 0, 0, 0, 0, 0, 0, 0, 0, 0, 0, 0, 0.52667, 0.52426, 0.53396, 
0.53409, 0.54639, 0.54913, 0.55746, 0.55876, 0.56785, 0.56545, 
0.57453, 0.53035, 0.52687, 0.53228, 0.53628, 0.54581, 0.54724, 
0.55874, 0.5614, 0.57399, 0.55987, 0.56881, 1.4071, 1.6481, 1.9477, 
2.2913, 2.5672, 2.8592, 3.2381, 3.4258, 4.1083, 4.2374, 4.9871, 
1792.2, 1959.3, 2130.5, 2290.8, 2457.9, 2617.7, 2777.4, 2942.5, 
3100.2, 3254.5, 3412.7, 1, 1, 1, 1, 1, 1, 1, 1, 1, 1, 1, 1, 1, 
1, 1, 1, 1, 1, 1, 1, 1, 1, 1, 1, 1, 1, 1, 1, 1, 1, 1, 1, 1, 1, 
1, 1, 1, 1, 1, 1, 1, 1, 1, 1, 17.644, 20.271, 23.532, 28.334, 
31.05, 34.333, 37.584, 39.729, 47.188, 48.636, 58.247), .Dim = c(11L, 
40L), .Dimnames = list(NULL, c("Sampling", "PSO.cost", "PSO.gamma", 
"PSO.data.balancing", "PSO.feature.selection", "PSO.valid.acc", 
"PSO.test.acc", "PSO.train.time", "PSO.n.support.vectors", "PSO.index", 
"PSO.n.solutions", "PSO.generations", "PSO.n.evaluations", "PSO.cpu.time", 
"RS.cost", "RS.gamma", "RS.data.balancing", "RS.feature.selection", 
"RS.valid.acc", "RS.test.acc", "RS.train.time", "RS.n.support.vectors", 
"RS.index", "RS.n.solutions", "RS.generations", "RS.n.evaluations", 
"RS.cpu.time", "DF.cost", "DF.gamma", "DF.data.balancing", "DF.feature.selection", 
"DF.valid.acc", "DF.test.acc", "DF.train.time", "DF.n.support.vectors", 
"DF.index", "DF.n.solutions", "DF.generations", "DF.n.evaluations", 
"DF.cpu.time")))
