full <-
structure(c(50, 55, 60, 65, 70, 75, 80, 85, 90, 95, 100, 10.05946, 
10.63159, 11.61173, 9.49774, 11.93545, 11.19407, 15, 9.78688, 
14.08431, 14.89088, 14.72096, -3.64213, -4.39752, -4.57583, -4.42622, 
-4.06109, -4.68033, -5.2529, -4.40972, -5.06764, -4.6746, -5.89742, 
0, 0, 0, 0, 0, 0, 0, 0, 0, 0, 0, 0, 0, 0, 0, 0, 0, 0, 0, 0, 0, 
0, 0.63946, 0.63654, 0.64381, 0.62595, 0.6413, 0.63711, 0.6391, 
0.63302, 0.63891, 0.64009, 0.64546, 0.62426, 0.62278, 0.63491, 
0.61902, 0.62319, 0.62952, 0.63501, 0.62603, 0.6237, 0.62999, 
0.63484, 2.3456, 2.8552, 4.7186, 2.8045, 7.261, 5.3472, 35.657, 
4.6993, 26.2403, 52.5592, 27.4681, 1414, 1530.8, 1626.9, 1835.4, 
1872.8, 2049.3, 2079.1, 2341.4, 2356.4, 2433.9, 2642.1, 2170, 
2037, 1462, 2345, 2287, 1500, 2220, 1634, 1666, 2378, 1828, 3, 
9, 11, 8, 2, 29, 2, 21, 1, 1, 3, 100, 100, 100, 100, 100, 100, 
100, 100, 100, 100, 100, 2500, 2500, 2500, 2500, 2500, 2500, 
2500, 2500, 2500, 2500, 2500, 70178.465, 182587.205, 143288.263, 
199184.735, 234796.024, 209913.117, 644950.752, 192831.433, 633786.577, 
1258750.961, 702226.746, 9.43086, 12.82535, 10.81347, 9.24816, 
11.88443, 13.00658, 14.34758, 10.05262, 14.17144, 14.48206, 13.99085, 
-3.46239, -5.16369, -4.35, -4.32435, -4.06968, -4.81097, -5.16073, 
-4.509, -5.08513, -4.55178, -5.84012, 0, 0, 0, 0, 0, 0, 0, 0, 
0, 0, 0, 0, 0, 0, 0, 0, 0, 0, 0, 0, 0, 0, 0.63739, 0.63321, 0.64005, 
0.62501, 0.63838, 0.63385, 0.6363, 0.63158, 0.63755, 0.63816, 
0.64321, 0.62305, 0.62202, 0.63456, 0.61965, 0.62144, 0.62733, 
0.63883, 0.62771, 0.62483, 0.63278, 0.63607, 2.0288, 5.6932, 
3.6087, 2.6697, 7.0285, 11.2948, 23.5169, 4.8677, 25.9188, 43.3384, 
18.6366, 1428.1, 1507.2, 1640.6, 1838.2, 1876.3, 1990.3, 2094.4, 
2337.8, 2353.9, 2438.9, 2661.8, 900, 821, 1800, 876, 852, 452, 
1474, 1323, 2012, 1412, 1361, 1, 1, 1, 1, 1, 1, 1, 1, 1, 1, 1, 
100, 100, 100, 100, 100, 100, 100, 100, 100, 100, 100, 2500, 
2500, 2500, 2500, 2500, 2500, 2500, 2500, 2500, 2500, 2500, 74064.426, 
81134.787, 98438.024, 118122.664, 133734.806, 154008.719, 173814.056, 
193387.749, 223872.054, 259545.054, 264175.044, 1, 1, 1, 1, 1, 
1, 1, 1, 1, 1, 1, 0.14286, 0.14286, 0.14286, 0.14286, 0.14286, 
0.14286, 0.14286, 0.14286, 0.14286, 0.14286, 0.14286, 0, 0, 0, 
0, 0, 0, 0, 0, 0, 0, 0, 0, 0, 0, 0, 0, 0, 0, 0, 0, 0, 0, 0.55358, 
0.55185, 0.55105, 0.5486, 0.56015, 0.54888, 0.5671, 0.55685, 
0.55607, 0.56698, 0.56368, 0.5442, 0.55223, 0.55511, 0.54797, 
0.55784, 0.55406, 0.56891, 0.55636, 0.56129, 0.56998, 0.56921, 
1.3912, 1.5566, 1.814, 2.2331, 2.5515, 2.7592, 3.0885, 3.4297, 
3.9454, 4.6233, 5.1405, 1779.7, 1941.3, 2105.9, 2277.2, 2444, 
2608.3, 2769.2, 2930.2, 3101.6, 3253.6, 3411.5, 1, 1, 1, 1, 1, 
1, 1, 1, 1, 1, 1, 1, 1, 1, 1, 1, 1, 1, 1, 1, 1, 1, 1, 1, 1, 1, 
1, 1, 1, 1, 1, 1, 1, 1, 1, 1, 1, 1, 1, 1, 1, 1, 1, 1, 18.309, 
19.074, 21.899, 26.598, 30.119, 32.984, 35.914, 39.567, 45.441, 
53.225, 58.529), .Dim = c(11L, 40L), .Dimnames = list(NULL, c("Sampling", 
"PSO.cost", "PSO.gamma", "PSO.data.balancing", "PSO.feature.selection", 
"PSO.valid.acc", "PSO.test.acc", "PSO.train.time", "PSO.n.support.vectors", 
"PSO.index", "PSO.n.solutions", "PSO.generations", "PSO.n.evaluations", 
"PSO.cpu.time", "RS.cost", "RS.gamma", "RS.data.balancing", "RS.feature.selection", 
"RS.valid.acc", "RS.test.acc", "RS.train.time", "RS.n.support.vectors", 
"RS.index", "RS.n.solutions", "RS.generations", "RS.n.evaluations", 
"RS.cpu.time", "DF.cost", "DF.gamma", "DF.data.balancing", "DF.feature.selection", 
"DF.valid.acc", "DF.test.acc", "DF.train.time", "DF.n.support.vectors", 
"DF.index", "DF.n.solutions", "DF.generations", "DF.n.evaluations", 
"DF.cpu.time")))
