full <-
structure(c(50, 55, 60, 65, 70, 75, 80, 85, 90, 95, 100, 14.45274, 
14.18703, 14.17484, 10.80747, 15, 14.05764, 15, 6.44198, 14.75472, 
15, 14.99553, -6.15267, -5.32231, -6.62584, -4.62632, -6.17148, 
-5.46596, -5.20862, -3.20668, -5.90623, -6.47202, -5.66735, 0, 
0, 0, 0, 0, 0, 0, 0, 0, 0, 0, 0, 0, 0, 0, 0, 0, 0, 0, 0, 0, 0, 
0.62471, 0.63621, 0.63042, 0.6268, 0.63339, 0.63526, 0.62258, 
0.63374, 0.63844, 0.64116, 0.64302, 0.61692, 0.62543, 0.62229, 
0.62776, 0.61821, 0.626, 0.62617, 0.62892, 0.62845, 0.63472, 
0.63956, 7.3719, 11.8701, 6.968, 3.627, 17.424, 16.5687, 32.5357, 
3.4318, 24.1071, 22.1625, 37.9091, 1401.4, 1479.9, 1689, 1791.5, 
1897.1, 2001.1, 2090.5, 2466.1, 2395.1, 2563.5, 2617.7, 2222, 
1870, 1343, 1061, 1430, 1673, 381, 1439, 1822, 1276, 1799, 1, 
3, 1, 19, 1, 1, 1, 14, 2, 3, 1, 100, 100, 100, 100, 100, 100, 
100, 100, 100, 100, 100, 2500, 2500, 2500, 2500, 2500, 2500, 
2500, 2500, 2500, 2500, 2500, 180329.611, 234910.415, 207519.374, 
165597.306, 385304.55, 433088.567, 563864.045, 143288.536, 614858.136, 
571497.791, 868634.421, 13.75459, 14.45575, 13.85498, 7.66704, 
11.72848, 14.38492, 8.9467, 6.32071, 14.47506, 13.70692, 14.3564, 
-5.99169, -5.42272, -6.52721, -3.52402, -5.48437, -5.54606, -3.87452, 
-3.08833, -5.66653, -6.10198, -5.39446, 0, 0, 0, 0, 0, 0, 0, 
0, 0, 0, 0, 0, 0, 0, 0, 0, 0, 0, 0, 0, 0, 0, 0.62346, 0.63547, 
0.62837, 0.62617, 0.63045, 0.63172, 0.62029, 0.63206, 0.6373, 
0.63901, 0.64016, 0.61201, 0.62505, 0.62162, 0.6221, 0.62432, 
0.62572, 0.6203, 0.62989, 0.63275, 0.63686, 0.63669, 5.5983, 
13.0158, 6.4832, 2.2713, 4.5642, 18.0857, 3.7358, 3.342, 23.2468, 
14.2451, 29.6989, 1407.1, 1479, 1692, 1869.9, 1959.4, 1995.6, 
2228.5, 2469.2, 2388.2, 2578.1, 2615.6, 2219, 429, 1307, 2242, 
466, 2308, 2475, 709, 2305, 1430, 1422, 1, 1, 1, 1, 1, 1, 1, 
1, 1, 1, 1, 100, 100, 100, 100, 100, 100, 100, 100, 100, 100, 
100, 2500, 2500, 2500, 2500, 2500, 2500, 2500, 2500, 2500, 2500, 
2500, 70263.791, 88719.239, 99334.029, 122913.656, 134646.224, 
153694.526, 183573.218, 204199.875, 227757.936, 254876.063, 295585.472, 
1, 1, 1, 1, 1, 1, 1, 1, 1, 1, 1, 0.14286, 0.14286, 0.14286, 0.14286, 
0.14286, 0.14286, 0.14286, 0.14286, 0.14286, 0.14286, 0.14286, 
0, 0, 0, 0, 0, 0, 0, 0, 0, 0, 0, 0, 0, 0, 0, 0, 0, 0, 0, 0, 0, 
0, 0.53312, 0.53624, 0.53985, 0.5441, 0.54988, 0.55216, 0.54597, 
0.54482, 0.55763, 0.57425, 0.57024, 0.53146, 0.53291, 0.5384, 
0.54382, 0.54726, 0.55897, 0.54879, 0.54914, 0.55539, 0.56889, 
0.57391, 1.346, 1.5587, 1.9289, 2.1712, 2.5332, 2.872, 3.1732, 
3.6407, 4.0394, 4.354, 4.7736, 1792, 1951.2, 2128.7, 2284.3, 
2449.9, 2615.7, 2782.4, 2940.1, 3095.9, 3259.2, 3412.2, 1, 1, 
1, 1, 1, 1, 1, 1, 1, 1, 1, 1, 1, 1, 1, 1, 1, 1, 1, 1, 1, 1, 1, 
1, 1, 1, 1, 1, 1, 1, 1, 1, 1, 1, 1, 1, 1, 1, 1, 1, 1, 1, 1, 1, 
17.013, 20.046, 23.518, 25.972, 29.892, 34.915, 36.915, 43.169, 
46.719, 50.159, 54.597), .Dim = c(11L, 40L), .Dimnames = list(
    NULL, c("Sampling", "PSO.cost", "PSO.gamma", "PSO.data.balancing", 
    "PSO.feature.selection", "PSO.valid.acc", "PSO.test.acc", 
    "PSO.train.time", "PSO.n.support.vectors", "PSO.index", "PSO.n.solutions", 
    "PSO.generations", "PSO.n.evaluations", "PSO.cpu.time", "RS.cost", 
    "RS.gamma", "RS.data.balancing", "RS.feature.selection", 
    "RS.valid.acc", "RS.test.acc", "RS.train.time", "RS.n.support.vectors", 
    "RS.index", "RS.n.solutions", "RS.generations", "RS.n.evaluations", 
    "RS.cpu.time", "DF.cost", "DF.gamma", "DF.data.balancing", 
    "DF.feature.selection", "DF.valid.acc", "DF.test.acc", "DF.train.time", 
    "DF.n.support.vectors", "DF.index", "DF.n.solutions", "DF.generations", 
    "DF.n.evaluations", "DF.cpu.time")))
