full <-
structure(c(50, 55, 60, 65, 70, 75, 80, 85, 90, 95, 100, 12.57515, 
11.14449, 12.02568, 9.50244, 12.44848, 11.09057, 8.35314, 14.4011, 
13.85676, 11.7186, 14.81709, -4.92679, -4.23451, -5.3391, -4.72938, 
-4.71384, -5.29605, -3.54388, -6.11484, -5.61804, -5.65309, -6.09005, 
0, 0, 0, 0, 0, 0, 0, 0, 0, 0, 0, 0, 0, 0, 0, 0, 0, 0, 0, 0, 0, 
0, 0.62632, 0.62055, 0.61917, 0.63252, 0.62577, 0.63091, 0.63356, 
0.63521, 0.6396, 0.64462, 0.642, 0.61734, 0.61498, 0.61442, 0.62561, 
0.62434, 0.62406, 0.62973, 0.63207, 0.6346, 0.64139, 0.63973, 
4.7466, 3.4319, 4.2021, 2.6939, 8.1896, 4.4915, 3.6135, 16.8227, 
16.7362, 7.1663, 26.7073, 1401.9, 1552, 1666.3, 1848.6, 1885.7, 
2084.5, 2244.5, 2302.9, 2396.4, 2618.7, 2653.4, 2199, 2231, 2143, 
2221, 870, 2434, 1809, 1403, 1133, 2435, 2488, 2, 6, 7, 5, 6, 
1, 2, 2, 6, 2, 1, 100, 100, 100, 100, 100, 100, 100, 100, 100, 
100, 100, 2500, 2500, 2500, 2500, 2500, 2500, 2500, 2500, 2500, 
2500, 2500, 121310.929, 97292.568, 124098.656, 104175.24, 189216.697, 
144111.188, 115890.981, 420337.725, 461701.007, 229447.171, 613815.149, 
12.94847, 11.01044, 10.82739, 8.96576, 8.85108, 11.24385, 9.32232, 
14.16319, 14.15239, 11.93384, 14.8445, -5.57814, -5.01555, -5.03595, 
-4.6142, -4.64269, -5.25801, -3.8651, -5.98514, -5.72591, -5.65251, 
-6.10731, 0, 0, 0, 0, 0, 0, 0, 0, 0, 0, 0, 0, 0, 0, 0, 0, 0, 
0, 0, 0, 0, 0, 0.62428, 0.61875, 0.61713, 0.62969, 0.62314, 0.6287, 
0.63125, 0.63377, 0.63801, 0.64226, 0.64057, 0.61449, 0.6172, 
0.61271, 0.62339, 0.62754, 0.62297, 0.63126, 0.63351, 0.63256, 
0.64075, 0.63768, 4.4337, 2.7522, 3.0179, 2.438, 2.7288, 4.6656, 
4.0733, 16.2102, 18.7561, 7.7065, 28.1055, 1416.1, 1570.3, 1688.2, 
1861.9, 1996.3, 2075.6, 2214, 2301.6, 2394.7, 2611.4, 2653.9, 
1817, 1344, 1901, 808, 1680, 1591, 2407, 1197, 1982, 1293, 1025, 
1, 1, 1, 1, 1, 1, 1, 1, 1, 1, 1, 100, 100, 100, 100, 100, 100, 
100, 100, 100, 100, 100, 2500, 2500, 2500, 2500, 2500, 2500, 
2500, 2500, 2500, 2500, 2500, 71759.325, 81714.336, 98440.3520000001, 
121272.679, 135163.98, 157347.577, 171980.904, 189894.629, 230678.56, 
251440.442, 283551.857, 1, 1, 1, 1, 1, 1, 1, 1, 1, 1, 1, 0.14286, 
0.14286, 0.14286, 0.14286, 0.14286, 0.14286, 0.14286, 0.14286, 
0.14286, 0.14286, 0.14286, 0, 0, 0, 0, 0, 0, 0, 0, 0, 0, 0, 0, 
0, 0, 0, 0, 0, 0, 0, 0, 0, 0, 0.53275, 0.54476, 0.53472, 0.54638, 
0.55689, 0.54753, 0.55492, 0.55995, 0.5658, 0.57409, 0.57492, 
0.52579, 0.54031, 0.53884, 0.55202, 0.56157, 0.54618, 0.56077, 
0.55803, 0.56514, 0.57323, 0.57083, 1.3298, 1.6557, 1.8278, 2.1152, 
2.5627, 2.8194, 3.2395, 3.5663, 3.8574, 4.3473, 5.0178, 1794.3, 
1966.8, 2135.4, 2302.9, 2459.6, 2614.9, 2777, 2943.8, 3100.3, 
3250.2, 3412.5, 1, 1, 1, 1, 1, 1, 1, 1, 1, 1, 1, 1, 1, 1, 1, 
1, 1, 1, 1, 1, 1, 1, 1, 1, 1, 1, 1, 1, 1, 1, 1, 1, 1, 1, 1, 1, 
1, 1, 1, 1, 1, 1, 1, 1, 16.764, 20.358, 22.139, 26.097, 30.336, 
32.986, 38.427, 41.377, 44.278, 50.329, 58.207), .Dim = c(11L, 
40L), .Dimnames = list(NULL, c("Sampling", "PSO.cost", "PSO.gamma", 
"PSO.data.balancing", "PSO.feature.selection", "PSO.valid.acc", 
"PSO.test.acc", "PSO.train.time", "PSO.n.support.vectors", "PSO.index", 
"PSO.n.solutions", "PSO.generations", "PSO.n.evaluations", "PSO.cpu.time", 
"RS.cost", "RS.gamma", "RS.data.balancing", "RS.feature.selection", 
"RS.valid.acc", "RS.test.acc", "RS.train.time", "RS.n.support.vectors", 
"RS.index", "RS.n.solutions", "RS.generations", "RS.n.evaluations", 
"RS.cpu.time", "DF.cost", "DF.gamma", "DF.data.balancing", "DF.feature.selection", 
"DF.valid.acc", "DF.test.acc", "DF.train.time", "DF.n.support.vectors", 
"DF.index", "DF.n.solutions", "DF.generations", "DF.n.evaluations", 
"DF.cpu.time")))
