full <-
structure(c(50, 55, 60, 65, 70, 75, 80, 85, 90, 95, 100, 10.08711, 
9.91898, 9.20615, 10.28007, 10.39305, 15, 13.5466, 14.99272, 
12.43713, 6.7744, 15, -4.71228, -4.01539, -4.01705, -4.7386, 
-5.28487, -5.98307, -6.06646, -6.37331, -5.02371, -3.11794, -7.00098, 
0, 0, 0, 0, 0, 0, 0, 0, 0, 0, 0, 0, 0, 0, 0, 0, 0, 0, 0, 0, 0, 
0, 0.60874, 0.60678, 0.60833, 0.60863, 0.61937, 0.623, 0.62715, 
0.63063, 0.63709, 0.63965, 0.63382, 0.58707, 0.59637, 0.60258, 
0.59666, 0.61702, 0.61263, 0.62255, 0.62077, 0.63142, 0.63471, 
0.63074, 1.9742, 2.431, 2.4163, 3.2216, 3.1814, 21.2172, 9.7892, 
19.5328, 11.3347, 4.3213, 18.6931, 1437.7, 1564.4, 1704.8, 1836.7, 
2001.8, 2018.4, 2206.8, 2311.8, 2413.7, 2687.9, 2735.4, 2418, 
2171, 789, 2497, 2427, 1124, 2209, 2086, 2383, 1292, 2125, 1, 
12, 42, 1, 1, 1, 3, 2, 1, 35, 1, 100, 100, 100, 100, 100, 100, 
100, 100, 100, 100, 100, 2500, 2500, 2500, 2500, 2500, 2500, 
2500, 2500, 2500, 2500, 2500, 66200.691, 81703.947, 78764.288, 
160863.336, 101709.842, 472665.767, 321281.179, 482348.367, 343984.77, 
441154.103, 503978.444, 10.09611, 10.41805, 7.47966, 10.1361, 
7.58762, 14.25869, 12.20417, 14.93423, 11.82074, 14.51204, 13.26753, 
-4.73692, -3.98738, -3.65226, -4.57896, -3.74054, -5.80928, -5.45878, 
-6.27953, -4.79077, -5.87475, -6.47586, 0, 0, 0, 0, 0, 0, 0, 
0, 0, 0, 0, 0, 0, 0, 0, 0, 0, 0, 0, 0, 0, 0, 0.60669, 0.60379, 
0.60665, 0.60676, 0.61788, 0.62109, 0.62408, 0.62799, 0.63436, 
0.63815, 0.63095, 0.58952, 0.59043, 0.59883, 0.59791, 0.61614, 
0.61263, 0.62152, 0.62198, 0.63007, 0.63642, 0.63094, 1.966, 
2.9384, 1.9116, 3.1828, 2.5687, 15.3903, 7.2331, 19.9752, 9.0094, 
22.6681, 10.3075, 1438.4, 1550.4, 1754.1, 1833.4, 2030.6, 2029.7, 
2208.4, 2302.1, 2420, 2518.6, 2759.4, 1295, 1576, 673, 1378, 
2199, 1728, 103, 165, 494, 1158, 994, 1, 1, 1, 2, 1, 1, 2, 1, 
1, 1, 2, 100, 100, 100, 100, 100, 100, 100, 100, 100, 100, 100, 
2500, 2500, 2500, 2500, 2500, 2500, 2500, 2500, 2500, 2500, 2500, 
68892.765, 80531.02, 98096.138, 110319.484, 131247.29, 152958.504, 
174773.753, 191042.364, 228981.9, 262688.359, 289323.688, 1, 
1, 1, 1, 1, 1, 1, 1, 1, 1, 1, 0.14286, 0.14286, 0.14286, 0.14286, 
0.14286, 0.14286, 0.14286, 0.14286, 0.14286, 0.14286, 0.14286, 
0, 0, 0, 0, 0, 0, 0, 0, 0, 0, 0, 0, 0, 0, 0, 0, 0, 0, 0, 0, 0, 
0, 0.54864, 0.54219, 0.54705, 0.54418, 0.55457, 0.55295, 0.55821, 
0.55154, 0.55831, 0.56503, 0.56473, 0.55438, 0.5318, 0.54058, 
0.54257, 0.55309, 0.55025, 0.55363, 0.55299, 0.56307, 0.56546, 
0.56432, 1.3753, 1.5654, 1.9087, 2.1859, 2.5443, 2.7186, 3.2873, 
3.6837, 4.0658, 4.7736, 4.917, 1757.6, 1934.7, 2095.4, 2262.6, 
2425.8, 2596.8, 2767.6, 2934.2, 3090.9, 3248.4, 3415.7, 1, 1, 
1, 1, 1, 1, 1, 1, 1, 1, 1, 1, 1, 1, 1, 1, 1, 1, 1, 1, 1, 1, 1, 
1, 1, 1, 1, 1, 1, 1, 1, 1, 1, 1, 1, 1, 1, 1, 1, 1, 1, 1, 1, 1, 
17.405, 19.282, 23.126, 26.251, 30.121, 31.811, 38.22, 42.656, 
46.774, 54.861, 56.187), .Dim = c(11L, 40L), .Dimnames = list(
    NULL, c("Sampling", "PSO.cost", "PSO.gamma", "PSO.data.balancing", 
    "PSO.feature.selection", "PSO.valid.acc", "PSO.test.acc", 
    "PSO.train.time", "PSO.n.support.vectors", "PSO.index", "PSO.n.solutions", 
    "PSO.generations", "PSO.n.evaluations", "PSO.cpu.time", "RS.cost", 
    "RS.gamma", "RS.data.balancing", "RS.feature.selection", 
    "RS.valid.acc", "RS.test.acc", "RS.train.time", "RS.n.support.vectors", 
    "RS.index", "RS.n.solutions", "RS.generations", "RS.n.evaluations", 
    "RS.cpu.time", "DF.cost", "DF.gamma", "DF.data.balancing", 
    "DF.feature.selection", "DF.valid.acc", "DF.test.acc", "DF.train.time", 
    "DF.n.support.vectors", "DF.index", "DF.n.solutions", "DF.generations", 
    "DF.n.evaluations", "DF.cpu.time")))
