full <-
structure(c(50, 55, 60, 65, 70, 75, 80, 85, 90, 95, 100, 9.52253, 
9.42565, 8.62541, 12.50344, 15, 13.16704, 14.6918, 13.65604, 
14.7172, 15, 12.38872, -4.01334, -4.37322, -4.06054, -5.65265, 
-5.6626, -5.73529, -5.87456, -5.55473, -5.71259, -6.37447, -4.88953, 
0, 0, 0, 0, 0, 0, 0, 0, 0, 0, 0, 0, 0, 0, 0, 0, 0, 0, 0, 0, 0, 
0, 0.63322, 0.64255, 0.63483, 0.64604, 0.64506, 0.64453, 0.64171, 
0.63612, 0.6482, 0.63965, 0.63976, 0.61476, 0.6295, 0.62872, 
0.63505, 0.63338, 0.63825, 0.63814, 0.63998, 0.64004, 0.63556, 
0.63812, 1.8078, 1.9272, 2.0169, 5.0654, 21.684, 8.4381, 20.5969, 
15.3732, 27.1091, 24.0909, 13.8161, 1407.8, 1543, 1684.2, 1777.1, 
1819.8, 2027.4, 2122, 2249.1, 2360.1, 2529.9, 2640.5, 2042, 1689, 
1714, 1655, 2339, 1598, 1495, 1843, 1731, 1753, 1613, 125, 6, 
16, 2, 1, 1, 1, 1, 1, 1, 1, 100, 100, 100, 100, 100, 100, 100, 
100, 100, 100, 100, 2500, 2500, 2500, 2500, 2500, 2500, 2500, 
2500, 2500, 2500, 2500, 54488.894, 59345.186, 119896.045, 141263.137, 
403692.595, 245815.652, 438098.846, 295264.294, 690988.677, 474830.938, 
386244.355, 9.03311, 9.0164, 8.81258, 12.30253, 10.68321, 12.57031, 
14.22069, 13.81708, 14.78614, 14.15437, 12.46661, -3.27301, -4.23389, 
-4.1847, -5.50038, -4.42409, -5.50511, -5.68978, -5.49753, -5.79056, 
-6.11629, -4.94742, 0, 0, 0, 0, 0, 0, 0, 0, 0, 0, 0, 0, 0, 0, 
0, 0, 0, 0, 0, 0, 0, 0, 0.62995, 0.64069, 0.6338, 0.64508, 0.64127, 
0.64263, 0.63992, 0.63373, 0.6457, 0.63814, 0.63751, 0.60744, 
0.62799, 0.62667, 0.63912, 0.63279, 0.64152, 0.64044, 0.64143, 
0.64004, 0.63448, 0.64017, 1.7774, 1.8096, 2.1449, 4.8882, 4.2726, 
7.3935, 16.8043, 17.2346, 26.7743, 17.0792, 13.7797, 1411.5, 
1550.7, 1682.4, 1773.5, 1886, 2033.4, 2122.9, 2237.1, 2359.9, 
2539.1, 2644.7, 1691, 1312, 2275, 589, 1418, 2036, 2038, 686, 
1891, 1628, 739, 1, 1, 1, 1, 1, 1, 2, 1, 1, 1, 1, 100, 100, 100, 
100, 100, 100, 100, 100, 100, 100, 100, 2500, 2500, 2500, 2500, 
2500, 2500, 2500, 2500, 2500, 2500, 2500, 65548.618, 80708.857, 
95219.919, 114672.793, 133996.033, 156217.672, 178112.977, 203786.679, 
219207.598, 250001.114000001, 291322.140000001, 1, 1, 1, 1, 1, 
1, 1, 1, 1, 1, 1, 0.14286, 0.14286, 0.14286, 0.14286, 0.14286, 
0.14286, 0.14286, 0.14286, 0.14286, 0.14286, 0.14286, 0, 0, 0, 
0, 0, 0, 0, 0, 0, 0, 0, 0, 0, 0, 0, 0, 0, 0, 0, 0, 0, 0, 0.54615, 
0.55924, 0.56125, 0.56181, 0.56477, 0.55736, 0.56281, 0.5638, 
0.57759, 0.5717, 0.56572, 0.54862, 0.56111, 0.56428, 0.56463, 
0.56038, 0.55411, 0.56201, 0.56046, 0.57715, 0.57601, 0.56981, 
1.3046, 1.5588, 1.7837, 2.215, 2.5262, 2.7745, 3.2271, 3.6201, 
3.937, 4.3248, 4.8899, 1765.6, 1924.8, 2089.3, 2256.1, 2420.9, 
2592.8, 2760.2, 2918, 3088.5, 3253.1, 3414, 1, 1, 1, 1, 1, 1, 
1, 1, 1, 1, 1, 1, 1, 1, 1, 1, 1, 1, 1, 1, 1, 1, 1, 1, 1, 1, 1, 
1, 1, 1, 1, 1, 1, 1, 1, 1, 1, 1, 1, 1, 1, 1, 1, 1, 16.401, 19.148, 
21.482, 27.364, 30.65, 33.073, 37.619, 41.925, 46.03, 49.817, 
56.115), .Dim = c(11L, 40L), .Dimnames = list(NULL, c("Sampling", 
"PSO.cost", "PSO.gamma", "PSO.data.balancing", "PSO.feature.selection", 
"PSO.valid.acc", "PSO.test.acc", "PSO.train.time", "PSO.n.support.vectors", 
"PSO.index", "PSO.n.solutions", "PSO.generations", "PSO.n.evaluations", 
"PSO.cpu.time", "RS.cost", "RS.gamma", "RS.data.balancing", "RS.feature.selection", 
"RS.valid.acc", "RS.test.acc", "RS.train.time", "RS.n.support.vectors", 
"RS.index", "RS.n.solutions", "RS.generations", "RS.n.evaluations", 
"RS.cpu.time", "DF.cost", "DF.gamma", "DF.data.balancing", "DF.feature.selection", 
"DF.valid.acc", "DF.test.acc", "DF.train.time", "DF.n.support.vectors", 
"DF.index", "DF.n.solutions", "DF.generations", "DF.n.evaluations", 
"DF.cpu.time")))
