full <-
structure(c(50, 55, 60, 65, 70, 75, 80, 85, 90, 95, 100, 10.25523, 
14.51714, 10.60302, 11.07831, 9.86614, 13.39257, 14.99806, 12.11334, 
9.67205, 10.53935, 14.8518, -4.03002, -5.99558, -5.5481, -5.23234, 
-4.55756, -5.29726, -6.67677, -4.76912, -4.29287, -4.41361, -5.7166, 
0, 0, 0, 0, 0, 0, 0, 0, 0, 0, 0, 0, 0, 0, 0, 0, 0, 0, 0, 0, 0, 
0, 0.61617, 0.60979, 0.61992, 0.61839, 0.63048, 0.63035, 0.63176, 
0.6407, 0.64254, 0.63943, 0.64117, 0.60922, 0.60608, 0.6022, 
0.61114, 0.61647, 0.62408, 0.62229, 0.63782, 0.63596, 0.63492, 
0.6381, 2.5071, 9.8865, 2.5636, 3.4927, 3.2685, 11.5996, 16.7375, 
8.7757, 4.9771, 6.6956, 32.2122, 1419, 1521.4, 1730.5, 1817.4, 
1967.2, 2001.8, 2169.7, 2254.2, 2451.8, 2561, 2619.3, 1038, 1747, 
1584, 2102, 1756, 1270, 1998, 1835, 1742, 1285, 2129, 51, 2, 
10, 7, 17, 1, 2, 1, 9, 10, 2, 100, 100, 100, 100, 100, 100, 100, 
100, 100, 100, 100, 2500, 2500, 2500, 2500, 2500, 2500, 2500, 
2500, 2500, 2500, 2500, 77625.735, 224384.964, 98041.923, 125074.135, 
132934.343, 276988.527, 361942.177, 239370.04, 176773.397, 246052.378, 
589710.869, 10.01714, 14.38741, 14.00447, 14.83462, 9.80146, 
14.30461, 14.69903, 12.70032, 8.7317, 11.10272, 14.32001, -3.96428, 
-5.94883, -6.14431, -6.35869, -4.51168, -6.57847, -6.57551, -5.0881, 
-3.96331, -4.58698, -5.56668, 0, 0, 0, 0, 0, 0, 0, 0, 0, 0, 0, 
0, 0, 0, 0, 0, 0, 0, 0, 0, 0, 0, 0.61412, 0.60608, 0.61686, 0.61617, 
0.6296, 0.62761, 0.62947, 0.63996, 0.6414, 0.63814, 0.63852, 
0.60676, 0.60571, 0.60765, 0.61178, 0.6153, 0.62679, 0.6228, 
0.63613, 0.63596, 0.6347, 0.6375, 2.3433, 9.6685, 8.0096, 12.4834, 
3.2324, 10.1748, 14.2159, 10.7786, 4.4527, 7.862, 25.6909, 1426.4, 
1521.8, 1664.7, 1770.4, 1967.6, 2059.3, 2170.5, 2251.6, 2471.6, 
2547.8, 2627.7, 556, 1340, 2156, 2151, 1243, 1324, 1352, 1536, 
1732, 1827, 640, 1, 1, 1, 1, 1, 1, 1, 1, 1, 1, 1, 100, 100, 100, 
100, 100, 100, 100, 100, 100, 100, 100, 2500, 2500, 2500, 2500, 
2500, 2500, 2500, 2500, 2500, 2500, 2500, 74690.235, 84918.544, 
104191.56, 114349.215, 133073.752, 153551.225, 173989.303, 190747.066, 
215667.187, 246506.602, 277999.181, 1, 1, 1, 1, 1, 1, 1, 1, 1, 
1, 1, 0.14286, 0.14286, 0.14286, 0.14286, 0.14286, 0.14286, 0.14286, 
0.14286, 0.14286, 0.14286, 0.14286, 0, 0, 0, 0, 0, 0, 0, 0, 0, 
0, 0, 0, 0, 0, 0, 0, 0, 0, 0, 0, 0, 0, 0.53242, 0.52915, 0.5402, 
0.55336, 0.56041, 0.57097, 0.5646, 0.57703, 0.57649, 0.56804, 
0.56572, 0.52183, 0.53408, 0.53644, 0.55018, 0.5546, 0.56961, 
0.56308, 0.57316, 0.57331, 0.57019, 0.56288, 1.3997, 1.6619, 
1.841, 2.2592, 2.5502, 2.7717, 3.1125, 3.4918, 4.0685, 4.3212, 
5.03, 1804.1, 1966.8, 2129.6, 2286, 2457.7, 2619.4, 2771.6, 2932.7, 
3086.7, 3249.2, 3416.2, 1, 1, 1, 1, 1, 1, 1, 1, 1, 1, 1, 1, 1, 
1, 1, 1, 1, 1, 1, 1, 1, 1, 1, 1, 1, 1, 1, 1, 1, 1, 1, 1, 1, 1, 
1, 1, 1, 1, 1, 1, 1, 1, 1, 1, 18.339, 21.18, 23.089, 27.771, 
29.968, 33.248, 36.231, 40.612, 47.61, 50.206, 57.543), .Dim = c(11L, 
40L), .Dimnames = list(NULL, c("Sampling", "PSO.cost", "PSO.gamma", 
"PSO.data.balancing", "PSO.feature.selection", "PSO.valid.acc", 
"PSO.test.acc", "PSO.train.time", "PSO.n.support.vectors", "PSO.index", 
"PSO.n.solutions", "PSO.generations", "PSO.n.evaluations", "PSO.cpu.time", 
"RS.cost", "RS.gamma", "RS.data.balancing", "RS.feature.selection", 
"RS.valid.acc", "RS.test.acc", "RS.train.time", "RS.n.support.vectors", 
"RS.index", "RS.n.solutions", "RS.generations", "RS.n.evaluations", 
"RS.cpu.time", "DF.cost", "DF.gamma", "DF.data.balancing", "DF.feature.selection", 
"DF.valid.acc", "DF.test.acc", "DF.train.time", "DF.n.support.vectors", 
"DF.index", "DF.n.solutions", "DF.generations", "DF.n.evaluations", 
"DF.cpu.time")))
