full <-
structure(c(50, 55, 60, 65, 70, 75, 80, 85, 90, 95, 100, 10.69757, 
12.13045, 10.33666, 11.25748, 9.44131, 10.79551, 10.44006, 8.68335, 
11.39175, 14.73488, 15, -4.57317, -4.95653, -4.02808, -4.90965, 
-3.24852, -4.11295, -4.03568, -3.87198, -4.80843, -5.69793, -5.44767, 
0, 0, 0, 0, 0, 0, 0, 0, 0, 0, 0, 0, 0, 0, 0, 0, 0, 0, 0, 0, 0, 
0, 0.60711, 0.62247, 0.6291, 0.62307, 0.63573, 0.63825, 0.62994, 
0.63303, 0.63553, 0.64699, 0.6442, 0.59561, 0.61462, 0.61923, 
0.61641, 0.61909, 0.62898, 0.62817, 0.62415, 0.62962, 0.63709, 
0.63401, 2.4315, 4.3714, 3.262, 4.1354, 3.6639, 5.4314, 5.3831, 
4.0569, 7.8759, 30.3272, 40.3248, 1430.3, 1529.1, 1685.2, 1808.7, 
1955.7, 2054.5, 2185.1, 2369.4, 2444.7, 2497.9, 2596.6, 2104, 
2393, 1904, 2429, 909, 1923, 1630, 1596, 2159, 2322, 1963, 1, 
1, 26, 4, 177, 4, 6, 26, 1, 1, 1, 100, 100, 100, 100, 100, 100, 
100, 100, 100, 100, 100, 2500, 2500, 2500, 2500, 2500, 2500, 
2500, 2500, 2500, 2500, 2500, 100493.215, 124439.727, 128429.711, 
144226.311, 115093.154, 173127.32, 337082.766, 150722.234, 230986.716, 
781287.638, 1016221.635, 9.27364, 9.81367, 10.53976, 12.00391, 
9.30521, 10.80516, 7.01113, 14.97893, 11.26773, 14.34052, 14.44762, 
-4.08386, -4.43994, -4.04611, -5.3494, -3.16267, -4.11094, -2.97348, 
-6.09476, -4.7783, -5.60076, -5.30739, 0, 0, 0, 0, 0, 0, 0, 0, 
0, 0, 0, 0, 0, 0, 0, 0, 0, 0, 0, 0, 0, 0, 0.60386, 0.61835, 0.62705, 
0.62118, 0.63397, 0.63715, 0.62764, 0.63204, 0.63393, 0.64398, 
0.64093, 0.60295, 0.61349, 0.61889, 0.61266, 0.61997, 0.62871, 
0.62663, 0.6246, 0.62826, 0.6373, 0.63381, 1.7524, 2.1848, 3.4907, 
4.6738, 3.7582, 5.2919, 3.2316, 25.6631, 7.5466, 25.6415, 31.1875, 
1455.1, 1565.1, 1681.1, 1808.9, 1958.7, 2054.9, 2294, 2274, 2448, 
2502.1, 2603.3, 2171, 1584, 1473, 2046, 2148, 955, 1041, 123, 
35, 884, 47, 1, 1, 1, 1, 1, 1, 1, 1, 1, 1, 1, 100, 100, 100, 
100, 100, 100, 100, 100, 100, 100, 100, 2500, 2500, 2500, 2500, 
2500, 2500, 2500, 2500, 2500, 2500, 2500, 70228.251, 83783.71, 
102105.321, 114884.553, 135480.88, 148806.41, 173484.005, 196859.607, 
225698.879, 252913.941, 284435.315, 1, 1, 1, 1, 1, 1, 1, 1, 1, 
1, 1, 0.14286, 0.14286, 0.14286, 0.14286, 0.14286, 0.14286, 0.14286, 
0.14286, 0.14286, 0.14286, 0.14286, 0, 0, 0, 0, 0, 0, 0, 0, 0, 
0, 0, 0, 0, 0, 0, 0, 0, 0, 0, 0, 0, 0, 0.52081, 0.54358, 0.5511, 
0.5536, 0.56161, 0.56493, 0.55436, 0.57078, 0.57378, 0.57281, 
0.56308, 0.52326, 0.53983, 0.55721, 0.56238, 0.55316, 0.5655, 
0.5569, 0.5737, 0.57038, 0.57215, 0.57022, 1.3772, 1.5426, 1.8507, 
2.2132, 2.519, 2.8438, 3.2922, 3.5452, 3.9939, 4.689, 4.8878, 
1792.5, 1956.4, 2119.7, 2287.9, 2463.5, 2626.9, 2785.3, 2947.5, 
3104.6, 3252.2, 3413.3, 1, 1, 1, 1, 1, 1, 1, 1, 1, 1, 1, 1, 1, 
1, 1, 1, 1, 1, 1, 1, 1, 1, 1, 1, 1, 1, 1, 1, 1, 1, 1, 1, 1, 1, 
1, 1, 1, 1, 1, 1, 1, 1, 1, 1, 17.239, 18.864, 22.527, 26.431, 
29.618, 33.239, 38.106, 41.114, 46.013, 53.944, 56.008), .Dim = c(11L, 
40L), .Dimnames = list(NULL, c("Sampling", "PSO.cost", "PSO.gamma", 
"PSO.data.balancing", "PSO.feature.selection", "PSO.valid.acc", 
"PSO.test.acc", "PSO.train.time", "PSO.n.support.vectors", "PSO.index", 
"PSO.n.solutions", "PSO.generations", "PSO.n.evaluations", "PSO.cpu.time", 
"RS.cost", "RS.gamma", "RS.data.balancing", "RS.feature.selection", 
"RS.valid.acc", "RS.test.acc", "RS.train.time", "RS.n.support.vectors", 
"RS.index", "RS.n.solutions", "RS.generations", "RS.n.evaluations", 
"RS.cpu.time", "DF.cost", "DF.gamma", "DF.data.balancing", "DF.feature.selection", 
"DF.valid.acc", "DF.test.acc", "DF.train.time", "DF.n.support.vectors", 
"DF.index", "DF.n.solutions", "DF.generations", "DF.n.evaluations", 
"DF.cpu.time")))
