full <-
structure(c(50, 55, 60, 65, 70, 75, 80, 85, 90, 95, 100, 7.38321, 
13.54579, 11.05278, 13.39957, 14.78689, 14.95121, 14.92346, 14.99781, 
12.2247, 10.77859, 15, -4.03486, -6.72568, -4.88283, -6.22334, 
-6.1214, -5.87814, -5.93169, -5.70369, -5.01137, -4.54956, -5.8657, 
0, 0, 0, 0, 0, 0, 0, 0, 0, 0, 0, 0, 0, 0, 0, 0, 0, 0, 0, 0, 0, 
0, 0.62998, 0.63247, 0.62263, 0.63276, 0.63571, 0.64506, 0.63995, 
0.64023, 0.64393, 0.63858, 0.63646, 0.62224, 0.62131, 0.6226, 
0.62645, 0.63135, 0.63249, 0.63203, 0.63037, 0.6405, 0.63148, 
0.63953, 1.3787, 4.3538, 3.3418, 6.711, 16.0898, 20.6693, 21.7075, 
26.3622, 10.0944, 7.4245, 34.1783, 1478.9, 1551.3, 1675.4, 1811, 
1894.6, 1994.2, 2138.3, 2234, 2409.1, 2568.1, 2627.5, 1384, 2129, 
1803, 2465, 1689, 1793, 1324, 2449, 1299, 2307, 787, 39, 1, 6, 
1, 1, 1, 2, 1, 1, 11, 1, 100, 100, 100, 100, 100, 100, 100, 100, 
100, 100, 100, 2500, 2500, 2500, 2500, 2500, 2500, 2500, 2500, 
2500, 2500, 2500, 52828.269, 141246.361, 113322.107, 195715.762, 
374224.563, 412380.355, 499416.782, 611239.883, 431026.044, 291690.592, 
718558.083, 7.50577, 14.16936, 11.64792, 14.07277, 14.94205, 
13.99088, 9.49703, 7.67812, 8.80529, 10.47012, 14.73675, -4.0978, 
-6.91228, -4.87393, -5.79757, -6.49922, -5.60882, -4.59995, -3.86996, 
-3.91848, -4.44685, -5.5324, 0, 0, 0, 0, 0, 0, 0, 0, 0, 0, 0, 
0, 0, 0, 0, 0, 0, 0, 0, 0, 0, 0, 0.62835, 0.63024, 0.61992, 0.62898, 
0.63047, 0.64232, 0.63919, 0.63615, 0.6428, 0.63729, 0.6338, 
0.62061, 0.62057, 0.62226, 0.62587, 0.62521, 0.63468, 0.62948, 
0.62582, 0.63392, 0.6317, 0.63995, 1.4102, 5.6671, 4.1671, 11.0212, 
14.0674, 13.407, 3.86, 3.6015, 4.716, 7.1461, 35.4424, 1476.8, 
1545.6, 1659.8, 1769.9, 1910.3, 2006.3, 2243.9, 2415.7, 2485.8, 
2574.8, 2608.1, 1383, 208, 2088, 1141, 2165, 575, 1309, 2391, 
1785, 1506, 524, 1, 1, 1, 1, 1, 1, 1, 1, 1, 1, 1, 100, 100, 100, 
100, 100, 100, 100, 100, 100, 100, 100, 2500, 2500, 2500, 2500, 
2500, 2500, 2500, 2500, 2500, 2500, 2500, 69109.861, 84265.039, 
100935.316, 116433.368, 127720.817, 153599.693, 171803.561, 195054.674, 
238482.465, 282137.847, 290898.527000001, 1, 1, 1, 1, 1, 1, 1, 
1, 1, 1, 1, 0.14286, 0.14286, 0.14286, 0.14286, 0.14286, 0.14286, 
0.14286, 0.14286, 0.14286, 0.14286, 0.14286, 0, 0, 0, 0, 0, 0, 
0, 0, 0, 0, 0, 0, 0, 0, 0, 0, 0, 0, 0, 0, 0, 0, 0.56582, 0.56114, 
0.55483, 0.56015, 0.5604, 0.5641, 0.56002, 0.56839, 0.5697, 0.57256, 
0.57042, 0.55763, 0.56229, 0.54939, 0.5614, 0.55631, 0.5663, 
0.56207, 0.56407, 0.57289, 0.56782, 0.57043, 1.3362, 1.6638, 
1.8523, 2.2589, 2.4121, 2.7817, 3.1987, 3.6632, 4.2462, 4.6685, 
5.0837, 1793.5, 1954.4, 2129.1, 2296, 2458.3, 2612.5, 2777.4, 
2939.9, 3095.1, 3262.5, 3412, 1, 1, 1, 1, 1, 1, 1, 1, 1, 1, 1, 
1, 1, 1, 1, 1, 1, 1, 1, 1, 1, 1, 1, 1, 1, 1, 1, 1, 1, 1, 1, 1, 
1, 1, 1, 1, 1, 1, 1, 1, 1, 1, 1, 1, 16.821, 20.49, 22.437, 27.053, 
28.414, 32.656, 37.385, 42.813, 49.323, 55.596, 58.542), .Dim = c(11L, 
40L), .Dimnames = list(NULL, c("Sampling", "PSO.cost", "PSO.gamma", 
"PSO.data.balancing", "PSO.feature.selection", "PSO.valid.acc", 
"PSO.test.acc", "PSO.train.time", "PSO.n.support.vectors", "PSO.index", 
"PSO.n.solutions", "PSO.generations", "PSO.n.evaluations", "PSO.cpu.time", 
"RS.cost", "RS.gamma", "RS.data.balancing", "RS.feature.selection", 
"RS.valid.acc", "RS.test.acc", "RS.train.time", "RS.n.support.vectors", 
"RS.index", "RS.n.solutions", "RS.generations", "RS.n.evaluations", 
"RS.cpu.time", "DF.cost", "DF.gamma", "DF.data.balancing", "DF.feature.selection", 
"DF.valid.acc", "DF.test.acc", "DF.train.time", "DF.n.support.vectors", 
"DF.index", "DF.n.solutions", "DF.generations", "DF.n.evaluations", 
"DF.cpu.time")))
