full <-
structure(c(50, 55, 60, 65, 70, 75, 80, 85, 90, 95, 100, 13.42464, 
10.18324, 15, 15, 15, 8.844, 12.53189, 14.16847, 8.94759, 13.71678, 
14.68734, -5.01149, -3.85663, -5.96339, -5.83224, -6.03029, -4.26533, 
-4.65338, -5.28442, -3.45064, -5.61786, -5.42189, 0, 0, 0, 0, 
0, 0, 0, 0, 0, 0, 0, 0, 0, 0, 0, 0, 0, 0, 0, 0, 0, 0, 0.60992, 
0.6235, 0.61782, 0.62374, 0.62814, 0.63009, 0.6264, 0.6313, 0.63096, 
0.64311, 0.64139, 0.5976, 0.6072, 0.61577, 0.61276, 0.62525, 
0.61811, 0.61569, 0.62075, 0.63072, 0.63837, 0.63686, 6.9357, 
2.7723, 15.1145, 19.8963, 18.7003, 3.2077, 11.1091, 22.3952, 
4.8599, 16.815, 34.4255, 1374.3, 1552.6, 1632.9, 1764.9, 1898, 
2135.1, 2141.7, 2252.5, 2456.3, 2522.3, 2596.7, 1154, 1819, 1312, 
2002, 1254, 2117, 2474, 1812, 1312, 1663, 1499, 1, 16, 1, 1, 
1, 1, 1, 1, 47, 3, 1, 100, 100, 100, 100, 100, 100, 100, 100, 
100, 100, 100, 2500, 2500, 2500, 2500, 2500, 2500, 2500, 2500, 
2500, 2500, 2500, 197468.993, 84834.981, 260188.366, 434252.49, 
303140.194, 337375.899, 427736.735, 533145.545, 302250.199, 461393.266, 
792454.211, 13.98921, 10.54354, 13.86811, 13.85217, 8.125, 10.15619, 
12.14339, 13.93199, 9.47061, 13.98654, 14.86983, -5.15081, -3.92374, 
-5.72125, -5.37729, -3.85358, -4.3746, -4.51471, -5.18274, -3.67733, 
-5.66187, -5.79636, 0, 0, 0, 0, 0, 0, 0, 0, 0, 0, 0, 0, 0, 0, 
0, 0, 0, 0, 0, 0, 0, 0, 0.60583, 0.62127, 0.61543, 0.61935, 0.62726, 
0.62845, 0.62461, 0.62818, 0.63005, 0.6416, 0.63832, 0.59763, 
0.60981, 0.61373, 0.60866, 0.61735, 0.62436, 0.61442, 0.62267, 
0.62868, 0.63859, 0.63811, 9.3198, 3.0633, 8.5354, 12.1159, 2.685, 
4.2325, 9.4537, 20.6047, 5.3312, 19.3725, 33.2881, 1366.2, 1545, 
1650.9, 1766.6, 2015.4, 2091.9, 2144.2, 2252.1, 2443.4, 2512.5, 
2623.5, 1734, 259, 1823, 895, 164, 2337, 1937, 1344, 442, 2222, 
68, 1, 1, 1, 1, 2, 1, 1, 1, 1, 1, 1, 100, 100, 100, 100, 100, 
100, 100, 100, 100, 100, 100, 2500, 2500, 2500, 2500, 2500, 2500, 
2500, 2500, 2500, 2500, 2500, 70200.72, 86526.143, 106897.393, 
112798.432, 135370.487, 164737.642, 184298.429, 192351.479, 218389.628, 
271762.61, 278947.096, 1, 1, 1, 1, 1, 1, 1, 1, 1, 1, 1, 0.14286, 
0.14286, 0.14286, 0.14286, 0.14286, 0.14286, 0.14286, 0.14286, 
0.14286, 0.14286, 0.14286, 0, 0, 0, 0, 0, 0, 0, 0, 0, 0, 0, 0, 
0, 0, 0, 0, 0, 0, 0, 0, 0, 0, 0.52816, 0.55663, 0.55002, 0.54075, 
0.54872, 0.54129, 0.55031, 0.55755, 0.56287, 0.56764, 0.56635, 
0.5253, 0.54811, 0.55515, 0.53604, 0.549, 0.54701, 0.54902, 0.559, 
0.56332, 0.57107, 0.57003, 1.3828, 1.6384, 1.8307, 2.0913, 2.5372, 
2.7806, 3.1504, 3.6124, 4.0689, 4.8195, 4.7487, 1782.6, 1952, 
2123.9, 2287.5, 2463.6, 2626.4, 2784.3, 2939.8, 3089, 3247.8, 
3416.8, 1, 1, 1, 1, 1, 1, 1, 1, 1, 1, 1, 1, 1, 1, 1, 1, 1, 1, 
1, 1, 1, 1, 1, 1, 1, 1, 1, 1, 1, 1, 1, 1, 1, 1, 1, 1, 1, 1, 1, 
1, 1, 1, 1, 1, 17.453, 21.121, 23.239, 25.009, 30.857, 33.416, 
37.405, 42.286, 47.032, 56.191, 54.632), .Dim = c(11L, 40L), .Dimnames = list(
    NULL, c("Sampling", "PSO.cost", "PSO.gamma", "PSO.data.balancing", 
    "PSO.feature.selection", "PSO.valid.acc", "PSO.test.acc", 
    "PSO.train.time", "PSO.n.support.vectors", "PSO.index", "PSO.n.solutions", 
    "PSO.generations", "PSO.n.evaluations", "PSO.cpu.time", "RS.cost", 
    "RS.gamma", "RS.data.balancing", "RS.feature.selection", 
    "RS.valid.acc", "RS.test.acc", "RS.train.time", "RS.n.support.vectors", 
    "RS.index", "RS.n.solutions", "RS.generations", "RS.n.evaluations", 
    "RS.cpu.time", "DF.cost", "DF.gamma", "DF.data.balancing", 
    "DF.feature.selection", "DF.valid.acc", "DF.test.acc", "DF.train.time", 
    "DF.n.support.vectors", "DF.index", "DF.n.solutions", "DF.generations", 
    "DF.n.evaluations", "DF.cpu.time")))
