full <-
structure(c(50, 55, 60, 65, 70, 75, 80, 85, 90, 95, 100, 15, 
10.39885, 8.73592, 8.91257, 13.81947, 10.41164, 11.09435, 10.59014, 
14.97654, 10.57217, 12.257, -6.28937, -5.53348, -2.83378, -4.20092, 
-4.8393, -4.17502, -4.76642, -4.45723, -6.15898, -4.2977, -5.09159, 
0, 0, 0, 0, 0, 0, 0, 0, 0, 0, 0, 0, 0, 0, 0, 0, 0, 0, 0, 0, 0, 
0, 0.60916, 0.60577, 0.61237, 0.62184, 0.63603, 0.63363, 0.63435, 
0.62893, 0.63823, 0.6375, 0.64302, 0.60058, 0.59645, 0.60218, 
0.61366, 0.61497, 0.63061, 0.62822, 0.63084, 0.63255, 0.62996, 
0.63731, 10.5397, 2.1167, 2.4093, 2.6182, 15.0546, 4.5979, 5.6042, 
5.6254, 24.6663, 7.0714, 11.2827, 1401.7, 1590.1, 1712.5, 1859.3, 
1856.1, 2053.9, 2198.3, 2326.3, 2405, 2564, 2667.7, 2488, 1722, 
2416, 1512, 1965, 2212, 1837, 1781, 698, 1755, 2351, 4, 15, 109, 
34, 1, 1, 5, 1, 2, 12, 1, 100, 100, 100, 100, 100, 100, 100, 
100, 100, 100, 100, 2500, 2500, 2500, 2500, 2500, 2500, 2500, 
2500, 2500, 2500, 2500, 214309.687, 99336.933, 85218.529, 85095.829, 
440842.909, 151317.697, 213602.206, 209507.611, 569074.152, 245990.639, 
210061.288, 14.2046, 14.57914, 9.77912, 10.4121, 13.6493, 11.16848, 
11.48018, 11.55405, 14.07282, 10.8372, 11.67327, -6.03496, -5.50952, 
-2.99508, -4.22834, -4.75111, -4.56083, -4.90375, -4.85633, -5.42533, 
-4.49246, -4.91418, 0, 0, 0, 0, 0, 0, 0, 0, 0, 0, 0, 0, 0, 0, 
0, 0, 0, 0, 0, 0, 0, 0, 0.60793, 0.60276, 0.60863, 0.61995, 0.63428, 
0.63036, 0.63205, 0.62629, 0.63595, 0.63534, 0.64241, 0.59771, 
0.59421, 0.60321, 0.61431, 0.61673, 0.62953, 0.62899, 0.62891, 
0.633, 0.62889, 0.63915, 7.0734, 12.9955, 3.1232, 3.5099, 15.2421, 
5.5942, 6.2364, 6.8717, 23.0434, 7.4573, 9.1908, 1405, 1488.2, 
1677.1, 1804.4, 1857.1, 2049.6, 2193.5, 2315.2, 2375.6, 2566.3, 
2679.4, 1518, 1655, 561, 375, 1380, 1597, 1856, 809, 2462, 2075, 
2081, 1, 1, 1, 1, 1, 1, 1, 1, 1, 2, 1, 100, 100, 100, 100, 100, 
100, 100, 100, 100, 100, 100, 2500, 2500, 2500, 2500, 2500, 2500, 
2500, 2500, 2500, 2500, 2500, 70729.892, 85774.124, 97827.539, 
114126.739, 133548.618, 159360.088, 180611.315, 193551.83, 230600.808, 
252059.832, 272543.248, 1, 1, 1, 1, 1, 1, 1, 1, 1, 1, 1, 0.14286, 
0.14286, 0.14286, 0.14286, 0.14286, 0.14286, 0.14286, 0.14286, 
0.14286, 0.14286, 0.14286, 0, 0, 0, 0, 0, 0, 0, 0, 0, 0, 0, 0, 
0, 0, 0, 0, 0, 0, 0, 0, 0, 0, 0.53065, 0.54966, 0.55482, 0.5511, 
0.56186, 0.56227, 0.56108, 0.56022, 0.55925, 0.5734, 0.5692, 
0.53886, 0.5519, 0.55038, 0.54797, 0.55368, 0.56336, 0.56053, 
0.56429, 0.56608, 0.56933, 0.57084, 1.3609, 1.5876, 1.8368, 2.1238, 
2.4195, 2.8824, 3.3079, 3.6579, 4.1112, 4.6749, 4.764, 1774.1, 
1936.6, 2104.9, 2268.1, 2438.5, 2603.1, 2768.6, 2934.7, 3100.8, 
3253.1, 3417.3, 1, 1, 1, 1, 1, 1, 1, 1, 1, 1, 1, 1, 1, 1, 1, 
1, 1, 1, 1, 1, 1, 1, 1, 1, 1, 1, 1, 1, 1, 1, 1, 1, 1, 1, 1, 1, 
1, 1, 1, 1, 1, 1, 1, 1, 17.144, 20.381, 23.032, 26.117, 29.207, 
34.551, 39.206, 42.209, 47.95, 54.305, 54.338), .Dim = c(11L, 
40L), .Dimnames = list(NULL, c("Sampling", "PSO.cost", "PSO.gamma", 
"PSO.data.balancing", "PSO.feature.selection", "PSO.valid.acc", 
"PSO.test.acc", "PSO.train.time", "PSO.n.support.vectors", "PSO.index", 
"PSO.n.solutions", "PSO.generations", "PSO.n.evaluations", "PSO.cpu.time", 
"RS.cost", "RS.gamma", "RS.data.balancing", "RS.feature.selection", 
"RS.valid.acc", "RS.test.acc", "RS.train.time", "RS.n.support.vectors", 
"RS.index", "RS.n.solutions", "RS.generations", "RS.n.evaluations", 
"RS.cpu.time", "DF.cost", "DF.gamma", "DF.data.balancing", "DF.feature.selection", 
"DF.valid.acc", "DF.test.acc", "DF.train.time", "DF.n.support.vectors", 
"DF.index", "DF.n.solutions", "DF.generations", "DF.n.evaluations", 
"DF.cpu.time")))
