full <-
structure(c(50, 55, 60, 65, 70, 75, 80, 85, 90, 95, 100, 7.91866, 
7.08672, 8.66845, 9.9805, 8.15107, 9.46694, 14.13867, 12.86863, 
7.41166, 12.66603, 9.78439, -3.99351, -4.0977, -3.00286, -3.93701, 
-3.45486, -4.23629, -4.93912, -5.003, -3.72464, -5.21166, -4.6025, 
0, 0, 0, 0, 0, 0, 0, 0, 0, 0, 0, 0, 0, 0, 0, 0, 0, 0, 0, 0, 0, 
0, 0.60302, 0.60237, 0.61717, 0.62088, 0.61355, 0.62358, 0.6241, 
0.62821, 0.63934, 0.63341, 0.64363, 0.59363, 0.59866, 0.60319, 
0.61207, 0.60009, 0.61521, 0.61285, 0.62316, 0.63322, 0.62609, 
0.63607, 1.4572, 1.5706, 2.3242, 3.3445, 2.7806, 3.7002, 23.8559, 
13.059, 3.8624, 12.1645, 6.4119, 1485.5, 1650.8, 1704.2, 1826, 
2012, 2113.9, 2127.9, 2275.4, 2561, 2529.4, 2742.1, 1942, 1849, 
1542, 1918, 1417, 2462, 1500, 1649, 1845, 1650, 2350, 16, 72, 
29, 7, 50, 2, 1, 2, 9, 2, 2, 100, 100, 100, 100, 100, 100, 100, 
100, 100, 100, 100, 2500, 2500, 2500, 2500, 2500, 2500, 2500, 
2500, 2500, 2500, 2500, 56229.695, 72569.372, 83887.495, 100509.198, 
183483.605, 142100.694, 651705.086, 407120.055, 147567.591, 389826.934, 
186105.45, 7.73937, 7.18091, 9.16562, 9.65783, 9.0053, 10.22565, 
14.53673, 14.16551, 6.07713, 13.08906, 8.35893, -3.84558, -4.09994, 
-3.16586, -3.81729, -3.63397, -4.1512, -5.02207, -5.29536, -3.26077, 
-5.1159, -4.10332, 0, 0, 0, 0, 0, 0, 0, 0, 0, 0, 0, 0, 0, 0, 
0, 0, 0, 0, 0, 0, 0, 0, 0.59851, 0.60013, 0.61275, 0.6193, 0.61003, 
0.62165, 0.62282, 0.62653, 0.63753, 0.63191, 0.64137, 0.58918, 
0.59977, 0.60592, 0.61143, 0.60476, 0.61518, 0.61489, 0.62268, 
0.63231, 0.62909, 0.63505, 1.413, 1.581, 2.6041, 3.1498, 3.2098, 
4.4997, 29.7335, 21.3133, 3.5652, 15.3531, 5.2313, 1489.6, 1649.6, 
1685.4, 1833.7, 1987.2, 2084.9, 2119, 2253, 2621.8, 2505.6, 2778.4, 
327, 943, 2086, 1456, 1948, 2202, 171, 1099, 852, 2352, 1137, 
1, 1, 1, 1, 1, 1, 1, 1, 1, 2, 2, 100, 100, 100, 100, 100, 100, 
100, 100, 100, 100, 100, 2500, 2500, 2500, 2500, 2500, 2500, 
2500, 2500, 2500, 2500, 2500, 71046.751, 83031.363, 98740.142, 
118699.952, 142880.11, 159170.957, 180053.397, 199846.711, 218613.54, 
260531.536, 292069.086, 1, 1, 1, 1, 1, 1, 1, 1, 1, 1, 1, 0.14286, 
0.14286, 0.14286, 0.14286, 0.14286, 0.14286, 0.14286, 0.14286, 
0.14286, 0.14286, 0.14286, 0, 0, 0, 0, 0, 0, 0, 0, 0, 0, 0, 0, 
0, 0, 0, 0, 0, 0, 0, 0, 0, 0, 0.52534, 0.52734, 0.53609, 0.53945, 
0.54229, 0.55003, 0.55182, 0.55325, 0.56421, 0.56311, 0.57452, 
0.52711, 0.52435, 0.53541, 0.53383, 0.54608, 0.5465, 0.5498, 
0.56263, 0.56376, 0.5646, 0.57268, 1.343, 1.6557, 1.9029, 2.1563, 
2.4669, 2.928, 3.14, 3.7084, 3.8759, 4.7413, 5.9356, 1787.2, 
1954.9, 2129.6, 2298.8, 2468.2, 2634.8, 2792.3, 2949.6, 3105.7, 
3256.6, 3414.4, 1, 1, 1, 1, 1, 1, 1, 1, 1, 1, 1, 1, 1, 1, 1, 
1, 1, 1, 1, 1, 1, 1, 1, 1, 1, 1, 1, 1, 1, 1, 1, 1, 1, 1, 1, 1, 
1, 1, 1, 1, 1, 1, 1, 1, 17.779, 20.391, 23.887, 26.709, 29.923, 
35.115, 37.2, 42.959, 44.503, 55.074, 68.352), .Dim = c(11L, 
40L), .Dimnames = list(NULL, c("Sampling", "PSO.cost", "PSO.gamma", 
"PSO.data.balancing", "PSO.feature.selection", "PSO.valid.acc", 
"PSO.test.acc", "PSO.train.time", "PSO.n.support.vectors", "PSO.index", 
"PSO.n.solutions", "PSO.generations", "PSO.n.evaluations", "PSO.cpu.time", 
"RS.cost", "RS.gamma", "RS.data.balancing", "RS.feature.selection", 
"RS.valid.acc", "RS.test.acc", "RS.train.time", "RS.n.support.vectors", 
"RS.index", "RS.n.solutions", "RS.generations", "RS.n.evaluations", 
"RS.cpu.time", "DF.cost", "DF.gamma", "DF.data.balancing", "DF.feature.selection", 
"DF.valid.acc", "DF.test.acc", "DF.train.time", "DF.n.support.vectors", 
"DF.index", "DF.n.solutions", "DF.generations", "DF.n.evaluations", 
"DF.cpu.time")))
