full <-
structure(c(50, 55, 60, 65, 70, 75, 80, 85, 90, 95, 100, 8.83564, 
8.93282, 10.37794, 10.0901, 14.15985, 14.89449, 12.79468, 11.58213, 
14.76805, 11.5952, 12.89522, -4.26203, -4.91323, -5.01919, -4.95513, 
-5.33435, -5.78294, -5.3627, -4.64467, -6.17738, -5.60693, -4.74906, 
0, 0, 0, 0, 0, 0, 0, 0, 0, 0, 0, 0, 0, 0, 0, 0, 0, 0, 0, 0, 0, 
0, 0.62829, 0.6266, 0.62567, 0.63405, 0.63076, 0.63364, 0.63304, 
0.63712, 0.64069, 0.63749, 0.64509, 0.60711, 0.61875, 0.62668, 
0.63089, 0.61703, 0.61645, 0.62514, 0.6299, 0.63208, 0.63016, 
0.6367, 1.6123, 1.7756, 2.7535, 3.0236, 16.283, 21.644, 9.7498, 
7.6543, 22.6565, 7.2245, 17.6219, 1442.7, 1589.3, 1694, 1829.1, 
1854.4, 1990.1, 2156.8, 2274.5, 2394.8, 2620.6, 2619.5, 2045, 
2181, 2374, 2034, 1232, 672, 2338, 1550, 2148, 1799, 2213, 2, 
4, 1, 1, 1, 1, 3, 2, 1, 3, 1, 100, 100, 100, 100, 100, 100, 100, 
100, 100, 100, 100, 2500, 2500, 2500, 2500, 2500, 2500, 2500, 
2500, 2500, 2500, 2500, 71158.783, 59991.761, 95819.148, 91781.9730000001, 
406020.323, 506009.369, 270115.982, 382386.761, 492557.057, 312179.762, 
415717.265, 8.65868, 9.13661, 10.23301, 14.97616, 13.1862, 14.07848, 
14.47068, 11.08789, 14.23567, 9.99443, 10.11227, -4.22329, -5.0077, 
-4.95238, -7.03124, -5.03905, -5.44223, -5.26749, -4.47717, -5.84924, 
-5.02308, -4.02155, 0, 0, 0, 0, 0, 0, 0, 0, 0, 0, 0, 0, 0, 0, 
0, 0, 0, 0, 0, 0, 0, 0, 0.62666, 0.62474, 0.62465, 0.63499, 0.62901, 
0.63227, 0.63152, 0.63543, 0.63751, 0.6362, 0.64243, 0.60794, 
0.62024, 0.62771, 0.6271, 0.61703, 0.61865, 0.62157, 0.62895, 
0.63435, 0.63037, 0.6371, 1.5681, 1.8071, 2.6988, 9.5104, 10.684, 
16.8865, 25.9067, 6.7381, 19.5887, 5.3689, 7.0576, 1447.5, 1587.1, 
1694, 1805.4, 1863.6, 1987.4, 2100.8, 2282.9, 2389.9, 2645.2, 
2689.9, 1465, 1512, 454, 1978, 1421, 242, 2366, 1269, 844, 1772, 
1344, 1, 1, 1, 1, 1, 2, 2, 1, 1, 1, 1, 100, 100, 100, 100, 100, 
100, 100, 100, 100, 100, 100, 2500, 2500, 2500, 2500, 2500, 2500, 
2500, 2500, 2500, 2500, 2500, 73369.951, 83085.776, 100795.067, 
121078.017, 129645.47, 156431.363, 180379.393, 204822.366, 225847.709, 
265665.252, 291762.109, 1, 1, 1, 1, 1, 1, 1, 1, 1, 1, 1, 0.14286, 
0.14286, 0.14286, 0.14286, 0.14286, 0.14286, 0.14286, 0.14286, 
0.14286, 0.14286, 0.14286, 0, 0, 0, 0, 0, 0, 0, 0, 0, 0, 0, 0, 
0, 0, 0, 0, 0, 0, 0, 0, 0, 0, 0.53476, 0.54815, 0.53985, 0.55265, 
0.55313, 0.54865, 0.55313, 0.56116, 0.56626, 0.56914, 0.56756, 
0.54708, 0.54927, 0.54122, 0.55769, 0.55459, 0.54701, 0.55518, 
0.56188, 0.56513, 0.57193, 0.56715, 1.3631, 1.6419, 1.9469, 2.2574, 
2.4449, 2.7508, 3.2738, 3.5862, 3.9798, 4.475, 5.641, 1782.2, 
1952.9, 2124.1, 2284.6, 2452.2, 2614.4, 2775.1, 2936.8, 3097.2, 
3262.4, 3416.8, 1, 1, 1, 1, 1, 1, 1, 1, 1, 1, 1, 1, 1, 1, 1, 
1, 1, 1, 1, 1, 1, 1, 1, 1, 1, 1, 1, 1, 1, 1, 1, 1, 1, 1, 1, 1, 
1, 1, 1, 1, 1, 1, 1, 1, 17.227, 20.237, 23.707, 27.058, 28.889, 
32.326, 38.42, 42.366, 46.941, 51.381, 65.589), .Dim = c(11L, 
40L), .Dimnames = list(NULL, c("Sampling", "PSO.cost", "PSO.gamma", 
"PSO.data.balancing", "PSO.feature.selection", "PSO.valid.acc", 
"PSO.test.acc", "PSO.train.time", "PSO.n.support.vectors", "PSO.index", 
"PSO.n.solutions", "PSO.generations", "PSO.n.evaluations", "PSO.cpu.time", 
"RS.cost", "RS.gamma", "RS.data.balancing", "RS.feature.selection", 
"RS.valid.acc", "RS.test.acc", "RS.train.time", "RS.n.support.vectors", 
"RS.index", "RS.n.solutions", "RS.generations", "RS.n.evaluations", 
"RS.cpu.time", "DF.cost", "DF.gamma", "DF.data.balancing", "DF.feature.selection", 
"DF.valid.acc", "DF.test.acc", "DF.train.time", "DF.n.support.vectors", 
"DF.index", "DF.n.solutions", "DF.generations", "DF.n.evaluations", 
"DF.cpu.time")))
