full <-
structure(c(50, 55, 60, 65, 70, 75, 80, 85, 90, 95, 100, 8.05973, 
9.26499, 12.52582, 13.05448, 14.66372, 8.84148, 14.9889, 14.38466, 
14.35691, 9.60561, 13.31177, -2.44562, -3.12267, -4.73294, -5.08505, 
-5.81635, -3.97513, -6.53101, -5.53319, -6.30246, -4.3294, -5.16294, 
0, 0, 0, 0, 0, 0, 0, 0, 0, 0, 0, 0, 0, 0, 0, 0, 0, 0, 0, 0, 0, 
0, 0.61154, 0.61203, 0.62636, 0.62214, 0.62606, 0.63007, 0.6392, 
0.63662, 0.63231, 0.64351, 0.63996, 0.60586, 0.59385, 0.61509, 
0.61144, 0.61846, 0.62326, 0.63074, 0.62774, 0.62754, 0.63599, 
0.63219, 1.6927, 2.3079, 6.6759, 8.3923, 15.7287, 3.2853, 16.468, 
21.0599, 15.9839, 5.6339, 17.8574, 1479.5, 1554.8, 1629.9, 1771.5, 
1880.7, 2115.5, 2187.6, 2259.1, 2441.1, 2612.6, 2628.4, 1315, 
2245, 1931, 1501, 2445, 1791, 1994, 1809, 1221, 1447, 2312, 62, 
39, 1, 1, 1, 23, 2, 1, 1, 47, 2, 100, 100, 100, 100, 100, 100, 
100, 100, 100, 100, 100, 2500, 2500, 2500, 2500, 2500, 2500, 
2500, 2500, 2500, 2500, 2500, 58231.78, 80839.099, 181661.768, 
222174.339, 317009.681, 140592.478, 381891.678, 512777.401, 404502.885, 
201394.822, 488779.565, 8.10898, 7.54071, 11.86511, 13.5065, 
14.69668, 8.62476, 13.61652, 12.12547, 14.82969, 9.60053, 13.11055, 
-2.53085, -2.37302, -4.54095, -5.28338, -5.75103, -3.81545, -5.92049, 
-4.88565, -6.41954, -4.44538, -4.67591, 0, 0, 0, 0, 0, 0, 0, 
0, 0, 0, 0, 0, 0, 0, 0, 0, 0, 0, 0, 0, 0, 0, 0.61112, 0.60943, 
0.6233, 0.61898, 0.62343, 0.62762, 0.63588, 0.63301, 0.62913, 
0.64093, 0.63749, 0.60666, 0.59904, 0.611, 0.61144, 0.62052, 
0.62407, 0.63176, 0.6287, 0.62823, 0.63663, 0.62852, 1.6496, 
1.8344, 5.0925, 9.4002, 17.3434, 3.2043, 10.8432, 8.8141, 20.7644, 
5.5564, 21.0464, 1474.5, 1617.9, 1641.6, 1771.8, 1874.1, 2115.3, 
2187.9, 2295.6, 2433.3, 2620.5, 2608.8, 1544, 353, 733, 2099, 
1886, 2411, 123, 673, 1308, 2364, 2447, 1, 1, 1, 1, 1, 3, 1, 
1, 1, 1, 1, 100, 100, 100, 100, 100, 100, 100, 100, 100, 100, 
100, 2500, 2500, 2500, 2500, 2500, 2500, 2500, 2500, 2500, 2500, 
2500, 71072.666, 84236.166, 97747.423, 114769.105, 139660.226, 
158724.038, 176458.941, 206842.531, 227764.035, 296965.442, 322096.645, 
1, 1, 1, 1, 1, 1, 1, 1, 1, 1, 1, 0.14286, 0.14286, 0.14286, 0.14286, 
0.14286, 0.14286, 0.14286, 0.14286, 0.14286, 0.14286, 0.14286, 
0, 0, 0, 0, 0, 0, 0, 0, 0, 0, 0, 0, 0, 0, 0, 0, 0, 0, 0, 0, 0, 
0, 0.54082, 0.53658, 0.54493, 0.53885, 0.54588, 0.55054, 0.55929, 
0.55346, 0.56242, 0.56911, 0.56594, 0.54086, 0.5314, 0.54562, 
0.5464, 0.55229, 0.56227, 0.56412, 0.55418, 0.56696, 0.57364, 
0.57126, 1.319, 1.63, 1.9438, 2.2724, 2.4994, 2.7626, 3.1373, 
3.6468, 4.1876, 5.9315, 5.265, 1789.1, 1944.6, 2121.3, 2303.2, 
2450.7, 2617, 2781.2, 2935.3, 3102.7, 3255.8, 3414.5, 1, 1, 1, 
1, 1, 1, 1, 1, 1, 1, 1, 1, 1, 1, 1, 1, 1, 1, 1, 1, 1, 1, 1, 1, 
1, 1, 1, 1, 1, 1, 1, 1, 1, 1, 1, 1, 1, 1, 1, 1, 1, 1, 1, 1, 16.546, 
20.03, 23.431, 27.111, 30.321, 33.054, 37.159, 42.987, 48.714, 
68.813, 60.962), .Dim = c(11L, 40L), .Dimnames = list(NULL, c("Sampling", 
"PSO.cost", "PSO.gamma", "PSO.data.balancing", "PSO.feature.selection", 
"PSO.valid.acc", "PSO.test.acc", "PSO.train.time", "PSO.n.support.vectors", 
"PSO.index", "PSO.n.solutions", "PSO.generations", "PSO.n.evaluations", 
"PSO.cpu.time", "RS.cost", "RS.gamma", "RS.data.balancing", "RS.feature.selection", 
"RS.valid.acc", "RS.test.acc", "RS.train.time", "RS.n.support.vectors", 
"RS.index", "RS.n.solutions", "RS.generations", "RS.n.evaluations", 
"RS.cpu.time", "DF.cost", "DF.gamma", "DF.data.balancing", "DF.feature.selection", 
"DF.valid.acc", "DF.test.acc", "DF.train.time", "DF.n.support.vectors", 
"DF.index", "DF.n.solutions", "DF.generations", "DF.n.evaluations", 
"DF.cpu.time")))
