full <-
structure(c(50, 55, 60, 65, 70, 75, 80, 85, 90, 95, 100, 14.97495, 
13.2952, 8.26043, 10.52558, 14.98271, 14.94284, 8.90665, 14.06993, 
9.10639, 13.37646, 12.18183, -6.29754, -6.21364, -3.46234, -4.54658, 
-5.77348, -5.90183, -4.0568, -5.43593, -3.7601, -5.59592, -5.52929, 
0, 0, 0, 0, 0, 0, 0, 0, 0, 0, 0, 0, 0, 0, 0, 0, 0, 0, 0, 0, 0, 
0, 0.61203, 0.6176, 0.62912, 0.63156, 0.6351, 0.63417, 0.63559, 
0.63711, 0.63892, 0.63706, 0.64179, 0.61203, 0.60388, 0.62123, 
0.61618, 0.62432, 0.62243, 0.62333, 0.6407, 0.63551, 0.63277, 
0.63404, 10.4647, 4.9431, 2.1929, 3.5104, 21.4683, 22.9675, 3.6713, 
19.7993, 4.972, 14.7703, 9.6107, 1379.8, 1533.9, 1714, 1802.2, 
1869.5, 2006.9, 2236.9, 2260.6, 2478.5, 2544.9, 2715.9, 1945, 
2076, 1884, 1693, 2265, 2324, 517, 1595, 1115, 1522, 1809, 1, 
9, 8, 22, 1, 1, 164, 2, 7, 1, 3, 100, 100, 100, 100, 100, 100, 
100, 100, 100, 100, 100, 2500, 2500, 2500, 2500, 2500, 2500, 
2500, 2500, 2500, 2500, 2500, 257100.131, 122327.999, 109989.205, 
125744.324, 452984.79, 503020.924, 142875.143, 506364.654, 168821.318, 
408899.273, 306153.905, 14.56976, 12.96619, 9.68933, 11.74316, 
11.99642, 14.83729, 9.88482, 14.78388, 9.83537, 13.85848, 12.08765, 
-6.06761, -6.10948, -4.03836, -5.15975, -4.63437, -5.80137, -4.51592, 
-5.56231, -4.24294, -6.07859, -5.47486, 0, 0, 0, 0, 0, 0, 0, 
0, 0, 0, 0, 0, 0, 0, 0, 0, 0, 0, 0, 0, 0, 0, 0.61079, 0.61685, 
0.62638, 0.62841, 0.63277, 0.63035, 0.63406, 0.63398, 0.63711, 
0.63578, 0.64097, 0.61489, 0.60425, 0.62295, 0.61994, 0.62957, 
0.62325, 0.62333, 0.63901, 0.63392, 0.63406, 0.63588, 9.4134, 
4.181, 2.752, 4.3988, 6.6761, 21.9542, 4.2482, 27.0704, 5.4432, 
14.9762, 9.656, 1377.3, 1537.9, 1676.8, 1791.4, 1892.8, 2001.3, 
2220.7, 2244.8, 2467.6, 2572.1, 2716.7, 5, 1538, 2029, 98, 2453, 
478, 1100, 2391, 350, 2207, 205, 1, 1, 1, 1, 1, 1, 1, 1, 1, 1, 
1, 100, 100, 100, 100, 100, 100, 100, 100, 100, 100, 100, 2500, 
2500, 2500, 2500, 2500, 2500, 2500, 2500, 2500, 2500, 2500, 68106.047, 
83432.069, 99687.6140000001, 112407.975, 135525.941, 153440.045, 
177841.007, 195485.859, 229981.967, 259803.870000001, 308746.189, 
1, 1, 1, 1, 1, 1, 1, 1, 1, 1, 1, 0.14286, 0.14286, 0.14286, 0.14286, 
0.14286, 0.14286, 0.14286, 0.14286, 0.14286, 0.14286, 0.14286, 
0, 0, 0, 0, 0, 0, 0, 0, 0, 0, 0, 0, 0, 0, 0, 0, 0, 0, 0, 0, 0, 
0, 0.53235, 0.54586, 0.55414, 0.54856, 0.55456, 0.54942, 0.55616, 
0.5597, 0.56038, 0.5616, 0.57535, 0.53599, 0.54252, 0.55651, 
0.55203, 0.55515, 0.55107, 0.56104, 0.55876, 0.56107, 0.56481, 
0.57291, 1.3941, 1.5557, 1.8278, 2.2303, 2.498, 2.8112, 3.2784, 
3.5857, 4.4553, 4.7388, 5.5681, 1782.9, 1945, 2114, 2286.5, 2446.2, 
2612.8, 2772.1, 2932.8, 3092.7, 3260.2, 3412.5, 1, 1, 1, 1, 1, 
1, 1, 1, 1, 1, 1, 1, 1, 1, 1, 1, 1, 1, 1, 1, 1, 1, 1, 1, 1, 1, 
1, 1, 1, 1, 1, 1, 1, 1, 1, 1, 1, 1, 1, 1, 1, 1, 1, 1, 17.512, 
19.143, 22.171, 26.531, 29.415, 32.965, 38.287, 41.457, 51.494, 
54.535, 63.861), .Dim = c(11L, 40L), .Dimnames = list(NULL, c("Sampling", 
"PSO.cost", "PSO.gamma", "PSO.data.balancing", "PSO.feature.selection", 
"PSO.valid.acc", "PSO.test.acc", "PSO.train.time", "PSO.n.support.vectors", 
"PSO.index", "PSO.n.solutions", "PSO.generations", "PSO.n.evaluations", 
"PSO.cpu.time", "RS.cost", "RS.gamma", "RS.data.balancing", "RS.feature.selection", 
"RS.valid.acc", "RS.test.acc", "RS.train.time", "RS.n.support.vectors", 
"RS.index", "RS.n.solutions", "RS.generations", "RS.n.evaluations", 
"RS.cpu.time", "DF.cost", "DF.gamma", "DF.data.balancing", "DF.feature.selection", 
"DF.valid.acc", "DF.test.acc", "DF.train.time", "DF.n.support.vectors", 
"DF.index", "DF.n.solutions", "DF.generations", "DF.n.evaluations", 
"DF.cpu.time")))
