full <-
structure(c(50, 55, 60, 65, 70, 75, 80, 85, 90, 95, 100, 10.30645, 
7.80832, 13.9686, 10.5, 14.90127, 12.86236, 10.66157, 11.27688, 
14.80448, 15, 15, -4.75793, -3.43584, -6.30867, -5.28137, -6.20332, 
-5.9812, -4.63188, -4.89639, -5.35089, -5.85135, -5.73468, 0, 
0, 0, 0, 0, 0, 0, 0, 0, 0, 0, 0, 0, 0, 0, 0, 0, 0, 0, 0, 0, 0, 
0.60797, 0.60128, 0.60762, 0.6102, 0.62698, 0.62491, 0.62639, 
0.63399, 0.63573, 0.64781, 0.64283, 0.59284, 0.59494, 0.60833, 
0.60833, 0.61791, 0.62055, 0.62025, 0.62558, 0.62708, 0.64373, 
0.63894, 2.081, 1.8293, 8.0419, 3.1307, 17.2665, 6.9017, 5.1261, 
6.7879, 34.0123, 32.4139, 35.0682, 1454.5, 1633.3, 1715.1, 1880.9, 
1922.3, 2108.2, 2221.2, 2350.5, 2360.9, 2515.9, 2615.5, 2279, 
707, 2269, 1494, 1396, 1348, 1722, 2435, 2014, 2382, 1793, 4, 
28, 1, 11, 1, 3, 4, 1, 4, 1, 1, 100, 100, 100, 100, 100, 100, 
100, 100, 100, 100, 100, 2500, 2500, 2500, 2500, 2500, 2500, 
2500, 2500, 2500, 2500, 2500, 76752.459, 137958.769, 224268.655, 
98942.268, 382682.36, 176429.864, 206294.332, 222311.367, 566760.522, 
747665.313, 707763.505000001, 9.99424, 8.6172, 9.7083, 9.45146, 
14.1166, 12.81012, 10.36345, 10.06257, 11.06436, 14.76201, 14.38997, 
-4.66758, -4.11276, -4.92382, -4.90247, -5.90679, -5.94522, -4.53053, 
-4.5512, -5.21395, -5.76561, -5.3925, 0, 0, 0, 0, 0, 0, 0, 0, 
0, 0, 0, 0, 0, 0, 0, 0, 0, 0, 0, 0, 0, 0, 0.60388, 0.59828, 0.60455, 
0.6083, 0.62434, 0.62328, 0.62485, 0.62966, 0.63277, 0.64631, 
0.64037, 0.59325, 0.59237, 0.61138, 0.60204, 0.61645, 0.61973, 
0.62102, 0.62509, 0.62867, 0.64394, 0.64058, 1.9588, 1.9371, 
2.4348, 2.6497, 12.9181, 6.8621, 4.9239, 5.1308, 6.1659, 28.4529, 
30.2735, 1459, 1627.7, 1758.8, 1897, 1925.3, 2106.1, 2228, 2377.9, 
2494.9, 2517.9, 2610.3, 2433, 648, 593, 347, 340, 2411, 817, 
1178, 1748, 2025, 1260, 1, 1, 1, 1, 2, 1, 1, 1, 1, 1, 1, 100, 
100, 100, 100, 100, 100, 100, 100, 100, 100, 100, 2500, 2500, 
2500, 2500, 2500, 2500, 2500, 2500, 2500, 2500, 2500, 73726.604, 
88459.113, 106997.525, 125309.47, 132753.909, 156401.804, 185124.129, 
203630.315, 228925.147, 267165.053, 291531.747, 1, 1, 1, 1, 1, 
1, 1, 1, 1, 1, 1, 0.14286, 0.14286, 0.14286, 0.14286, 0.14286, 
0.14286, 0.14286, 0.14286, 0.14286, 0.14286, 0.14286, 0, 0, 0, 
0, 0, 0, 0, 0, 0, 0, 0, 0, 0, 0, 0, 0, 0, 0, 0, 0, 0, 0, 0.53678, 
0.52732, 0.53269, 0.54856, 0.53939, 0.55545, 0.54958, 0.55227, 
0.56217, 0.56694, 0.57392, 0.53475, 0.5292, 0.53916, 0.5448, 
0.54231, 0.55518, 0.5598, 0.55346, 0.56013, 0.57468, 0.568, 1.4127, 
1.5829, 1.9586, 2.1808, 2.4102, 2.8537, 3.327, 3.5136, 3.9581, 
4.6901, 5.0555, 1771.8, 1944.9, 2125.3, 2285.8, 2449.3, 2624.2, 
2776, 2941.8, 3102.6, 3259.9, 3417, 1, 1, 1, 1, 1, 1, 1, 1, 1, 
1, 1, 1, 1, 1, 1, 1, 1, 1, 1, 1, 1, 1, 1, 1, 1, 1, 1, 1, 1, 1, 
1, 1, 1, 1, 1, 1, 1, 1, 1, 1, 1, 1, 1, 1, 18.706, 19.505, 24.757, 
26.182, 28.446, 33.384, 39.513, 40.54, 46.217, 54.946, 58.761
), .Dim = c(11L, 40L), .Dimnames = list(NULL, c("Sampling", "PSO.cost", 
"PSO.gamma", "PSO.data.balancing", "PSO.feature.selection", "PSO.valid.acc", 
"PSO.test.acc", "PSO.train.time", "PSO.n.support.vectors", "PSO.index", 
"PSO.n.solutions", "PSO.generations", "PSO.n.evaluations", "PSO.cpu.time", 
"RS.cost", "RS.gamma", "RS.data.balancing", "RS.feature.selection", 
"RS.valid.acc", "RS.test.acc", "RS.train.time", "RS.n.support.vectors", 
"RS.index", "RS.n.solutions", "RS.generations", "RS.n.evaluations", 
"RS.cpu.time", "DF.cost", "DF.gamma", "DF.data.balancing", "DF.feature.selection", 
"DF.valid.acc", "DF.test.acc", "DF.train.time", "DF.n.support.vectors", 
"DF.index", "DF.n.solutions", "DF.generations", "DF.n.evaluations", 
"DF.cpu.time")))
