full <-
structure(c(50, 55, 60, 65, 70, 75, 80, 85, 90, 95, 100, 15, 
14.9707, 12.05117, 7.44706, 13.64696, 9.67033, 14.72715, 11.00157, 
15, 13.48778, 7.41931, -6.00476, -6.1833, -4.60802, -3.53682, 
-5.9447, -3.65402, -5.4908, -4.94229, -5.42241, -5.64893, -3.61492, 
0, 0, 0, 0, 0, 0, 0, 0, 0, 0, 0, 0, 0, 0, 0, 0, 0, 0, 0, 0, 0, 
0, 0.61201, 0.61499, 0.61749, 0.62844, 0.63022, 0.63582, 0.62666, 
0.63808, 0.63731, 0.64502, 0.64019, 0.61532, 0.60537, 0.61646, 
0.61996, 0.62463, 0.62464, 0.6157, 0.63232, 0.63616, 0.64138, 
0.63956, 13.1191, 11.918, 5.6432, 2.2508, 9.6008, 4.204, 26.5018, 
5.7639, 36.1342, 14.9902, 4.9387, 1364.6, 1515.8, 1642.9, 1891.8, 
1923.7, 2066.6, 2107.1, 2328.7, 2343, 2535.5, 2804.8, 1398, 1409, 
709, 1144, 2225, 1655, 1869, 2213, 2152, 1950, 1324, 1, 1, 8, 
4, 1, 3, 1, 1, 1, 2, 47, 100, 100, 100, 100, 100, 100, 100, 100, 
100, 100, 100, 2500, 2500, 2500, 2500, 2500, 2500, 2500, 2500, 
2500, 2500, 2500, 261076.159, 228387.007, 140153.717, 98300.3419999999, 
154660.24, 154203.784, 380720.761, 211358.252, 823650.375, 453252.915, 
171195.36, 14.37328, 14.42906, 11.96684, 8.70026, 6.89571, 9.38456, 
14.62621, 10.77977, 13.498, 11.90102, 6.9454, -6.07508, -5.82089, 
-4.60912, -3.81984, -3.28889, -3.62522, -5.49266, -4.819, -4.98847, 
-5.08765, -3.33688, 0, 0, 0, 0, 0, 0, 0, 0, 0, 0, 0, 0, 0, 0, 
0, 0, 0, 0, 0, 0, 0, 0, 0.60832, 0.61128, 0.61612, 0.6256, 0.62817, 
0.63527, 0.62589, 0.63591, 0.63436, 0.64116, 0.63896, 0.59811, 
0.60499, 0.61748, 0.62089, 0.62085, 0.62245, 0.61569, 0.63352, 
0.63117, 0.64138, 0.63813, 7.8104, 11.3716, 5.3961, 2.5782, 2.5023, 
3.8849, 23.2302, 5.4858, 19.5418, 9.296, 4.819, 1384.3, 1507.7, 
1644.8, 1850.3, 2037.6, 2074.8, 2111.5, 2329.3, 2366.1, 2553.6, 
2817.7, 85, 1938, 1811, 2357, 29, 571, 402, 1672, 2126, 2472, 
1165, 1, 1, 1, 2, 1, 1, 1, 2, 1, 1, 1, 100, 100, 100, 100, 100, 
100, 100, 100, 100, 100, 100, 2500, 2500, 2500, 2500, 2500, 2500, 
2500, 2500, 2500, 2500, 2500, 69338.385, 82084.995, 102280.732, 
116810.85, 133877.802, 158724.96, 177983.63, 198133.905, 224984.051, 
280449.403, 296526.115, 1, 1, 1, 1, 1, 1, 1, 1, 1, 1, 1, 0.14286, 
0.14286, 0.14286, 0.14286, 0.14286, 0.14286, 0.14286, 0.14286, 
0.14286, 0.14286, 0.14286, 0, 0, 0, 0, 0, 0, 0, 0, 0, 0, 0, 0, 
0, 0, 0, 0, 0, 0, 0, 0, 0, 0, 0.55191, 0.55148, 0.55521, 0.55773, 
0.557, 0.56934, 0.56485, 0.5696, 0.56992, 0.56867, 0.57331, 0.54333, 
0.54928, 0.55044, 0.559, 0.55815, 0.56687, 0.56281, 0.57272, 
0.57105, 0.56846, 0.57025, 1.3907, 1.5835, 1.8267, 2.1288, 2.5789, 
2.8412, 3.1172, 3.6307, 4.3509, 4.8073, 5.9116, 1786.7, 1962.9, 
2124.9, 2294, 2462.2, 2618.2, 2770.3, 2940.5, 3093.1, 3252.7, 
3414.1, 1, 1, 1, 1, 1, 1, 1, 1, 1, 1, 1, 1, 1, 1, 1, 1, 1, 1, 
1, 1, 1, 1, 1, 1, 1, 1, 1, 1, 1, 1, 1, 1, 1, 1, 1, 1, 1, 1, 1, 
1, 1, 1, 1, 1, 17.512, 19.637, 22.187, 25.387, 30.378, 33.338, 
36.361, 42.214, 50.563, 55.674, 68.529), .Dim = c(11L, 40L), .Dimnames = list(
    NULL, c("Sampling", "PSO.cost", "PSO.gamma", "PSO.data.balancing", 
    "PSO.feature.selection", "PSO.valid.acc", "PSO.test.acc", 
    "PSO.train.time", "PSO.n.support.vectors", "PSO.index", "PSO.n.solutions", 
    "PSO.generations", "PSO.n.evaluations", "PSO.cpu.time", "RS.cost", 
    "RS.gamma", "RS.data.balancing", "RS.feature.selection", 
    "RS.valid.acc", "RS.test.acc", "RS.train.time", "RS.n.support.vectors", 
    "RS.index", "RS.n.solutions", "RS.generations", "RS.n.evaluations", 
    "RS.cpu.time", "DF.cost", "DF.gamma", "DF.data.balancing", 
    "DF.feature.selection", "DF.valid.acc", "DF.test.acc", "DF.train.time", 
    "DF.n.support.vectors", "DF.index", "DF.n.solutions", "DF.generations", 
    "DF.n.evaluations", "DF.cpu.time")))
