full <-
structure(c(50, 55, 60, 65, 70, 75, 80, 85, 90, 95, 100, 12.18135, 
10.50895, 9.34736, 11.25015, 10.50666, 12.71547, 9.66378, 12.34937, 
14.04989, 14.57117, 11.7642, -4.63442, -4.56086, -3.97147, -4.37139, 
-4.92003, -5.41174, -4.76509, -4.75217, -6.38791, -5.29353, -5.13976, 
0, 0, 0, 0, 0, 0, 0, 0, 0, 0, 0, 0, 0, 0, 0, 0, 0, 0, 0, 0, 0, 
0, 0.61732, 0.61838, 0.61579, 0.6206, 0.62263, 0.63201, 0.62948, 
0.63518, 0.64571, 0.64608, 0.64361, 0.60788, 0.60836, 0.60725, 
0.60897, 0.61678, 0.61861, 0.62257, 0.62508, 0.63799, 0.63381, 
0.63605, 4.1799, 2.5649, 2.4464, 4.4281, 3.5112, 7.7501, 3.783, 
10.2029, 13.2811, 32.3682, 9.3111, 1384.6, 1555.2, 1703.6, 1784, 
1955.1, 2040.6, 2239.5, 2262.4, 2453.6, 2462.8, 2689.7, 1765, 
1602, 1171, 2168, 2380, 2171, 1526, 2147, 2312, 1676, 1877, 1, 
2, 60, 10, 2, 1, 23, 2, 1, 1, 1, 100, 100, 100, 100, 100, 100, 
100, 100, 100, 100, 100, 2500, 2500, 2500, 2500, 2500, 2500, 
2500, 2500, 2500, 2500, 2500, 119816.375, 77402.981, 93095.234, 
160782.488, 187100.208, 208903.579, 131772.621, 281108.228, 355568.033, 
903906.418, 279172.085, 12.98529, 10.1513, 7.99367, 10.66173, 
14.39485, 12.95595, 8.94612, 11.8921, 14.31054, 14.98505, 11.97374, 
-4.92756, -4.44964, -3.33312, -4.41811, -6.15746, -5.51296, -3.71001, 
-4.49396, -6.42994, -5.32745, -5.18589, 0, 0, 0, 0, 0, 0, 0, 
0, 0, 0, 0, 0, 0, 0, 0, 0, 0, 0, 0, 0, 0, 0, 0.61284, 0.61467, 
0.61343, 0.61871, 0.62059, 0.62765, 0.62795, 0.63229, 0.64525, 
0.64222, 0.64198, 0.60665, 0.60688, 0.60113, 0.6143, 0.61325, 
0.61833, 0.61568, 0.62533, 0.64026, 0.63382, 0.63523, 5.403, 
2.3455, 2.0763, 3.5859, 11.6362, 7.8712, 3.6877, 9.0407, 14.5271, 
41.6171, 10.1203, 1380.7, 1559.5, 1733.4, 1807.1, 1912, 2039.3, 
2210.2, 2266.1, 2446, 2454.6, 2685.5, 1884, 1279, 1349, 117, 
2227, 1628, 2003, 1828, 2193, 1056, 1719, 1, 1, 1, 1, 1, 1, 1, 
1, 1, 1, 1, 100, 100, 100, 100, 100, 100, 100, 100, 100, 100, 
100, 2500, 2500, 2500, 2500, 2500, 2500, 2500, 2500, 2500, 2500, 
2500, 70223.442, 86490.071, 101608.372, 118905.995, 138945.875, 
156355.228, 172112.682, 197868.774, 227232.631, 265354.244, 292608.672, 
1, 1, 1, 1, 1, 1, 1, 1, 1, 1, 1, 0.14286, 0.14286, 0.14286, 0.14286, 
0.14286, 0.14286, 0.14286, 0.14286, 0.14286, 0.14286, 0.14286, 
0, 0, 0, 0, 0, 0, 0, 0, 0, 0, 0, 0, 0, 0, 0, 0, 0, 0, 0, 0, 0, 
0, 0.54204, 0.55484, 0.55035, 0.55577, 0.56041, 0.56282, 0.57482, 
0.57724, 0.57831, 0.56698, 0.56615, 0.53958, 0.54922, 0.55002, 
0.54634, 0.55718, 0.55955, 0.57353, 0.57364, 0.5826, 0.5661, 
0.57023, 1.3797, 1.6673, 1.9635, 2.2652, 2.5518, 2.8791, 3.2649, 
3.7722, 3.8902, 5.2219, 6.3137, 1789.3, 1956.1, 2126.7, 2292.3, 
2451.3, 2611.2, 2776.4, 2940.1, 3094.8, 3252.1, 3412.4, 1, 1, 
1, 1, 1, 1, 1, 1, 1, 1, 1, 1, 1, 1, 1, 1, 1, 1, 1, 1, 1, 1, 1, 
1, 1, 1, 1, 1, 1, 1, 1, 1, 1, 1, 1, 1, 1, 1, 1, 1, 1, 1, 1, 1, 
17.347, 21.335, 24.655, 27.853, 30.955, 33.723, 37.893, 44.485, 
45.337, 60.37, 73.002), .Dim = c(11L, 40L), .Dimnames = list(
    NULL, c("Sampling", "PSO.cost", "PSO.gamma", "PSO.data.balancing", 
    "PSO.feature.selection", "PSO.valid.acc", "PSO.test.acc", 
    "PSO.train.time", "PSO.n.support.vectors", "PSO.index", "PSO.n.solutions", 
    "PSO.generations", "PSO.n.evaluations", "PSO.cpu.time", "RS.cost", 
    "RS.gamma", "RS.data.balancing", "RS.feature.selection", 
    "RS.valid.acc", "RS.test.acc", "RS.train.time", "RS.n.support.vectors", 
    "RS.index", "RS.n.solutions", "RS.generations", "RS.n.evaluations", 
    "RS.cpu.time", "DF.cost", "DF.gamma", "DF.data.balancing", 
    "DF.feature.selection", "DF.valid.acc", "DF.test.acc", "DF.train.time", 
    "DF.n.support.vectors", "DF.index", "DF.n.solutions", "DF.generations", 
    "DF.n.evaluations", "DF.cpu.time")))
