full <-
structure(c(50, 55, 60, 65, 70, 75, 80, 85, 90, 95, 100, 8.66579, 
10.29642, 9.20007, 11.6927, 11.04464, 14.44699, 15, 14.50784, 
14.98759, 14.80453, 10.14323, -3.21502, -4.93776, -4.29246, -5.11124, 
-4.89013, -4.50414, -5.19177, -5.98378, -5.66363, -5.96445, -4.67669, 
0, 0, 0, 0, 0, 0, 0, 0, 0, 0, 0, 0, 0, 0, 0, 0, 0, 0, 0, 0, 0, 
0, 0.62356, 0.63545, 0.62706, 0.6338, 0.64539, 0.63879, 0.63943, 
0.63252, 0.63527, 0.63299, 0.64242, 0.61125, 0.62877, 0.62498, 
0.62656, 0.62756, 0.63144, 0.6236, 0.63253, 0.6371, 0.62975, 
0.63075, 1.8, 2.2246, 2.2897, 4.9681, 4.4072, 30.9986, 34.2569, 
18.6294, 34.7028, 28.1093, 6.4654, 1443.2, 1563.2, 1698.3, 1780.7, 
1912.1, 1930.6, 2082.6, 2266.6, 2360.3, 2515.8, 2729.4, 1955, 
1937, 1540, 2239, 2131, 1192, 2117, 2448, 2295, 1644, 1298, 6, 
4, 26, 3, 2, 1, 3, 1, 3, 1, 3, 100, 100, 100, 100, 100, 100, 
100, 100, 100, 100, 100, 2500, 2500, 2500, 2500, 2500, 2500, 
2500, 2500, 2500, 2500, 2500, 66253.054, 78112.268, 103425.302, 
170163.098, 155511.078, 597923.8, 484196.504, 380258.616, 745924.424, 
778317.978, 328472.945, 7.88114, 10.80726, 9.05766, 12.03327, 
10.31266, 13.19306, 12.41702, 12.70476, 11.9759, 14.39479, 8.72654, 
-3.08137, -5.11448, -4.26609, -5.31543, -4.60253, -5.08398, -4.74445, 
-6.80205, -5.70444, -5.26833, -3.82991, 0, 0, 0, 0, 0, 0, 0, 
0, 0, 0, 0, 0, 0, 0, 0, 0, 0, 0, 0, 0, 0, 0, 0.62397, 0.63322, 
0.62604, 0.63191, 0.64218, 0.63551, 0.63662, 0.63104, 0.63188, 
0.63041, 0.64161, 0.61699, 0.63026, 0.62499, 0.62247, 0.62872, 
0.6328, 0.62745, 0.62359, 0.62779, 0.62244, 0.6326, 1.565, 2.5186, 
2.223, 5.25, 3.7225, 11.383, 9.9435, 6.0071, 7.1886, 29.9955, 
5.4261, 1461.4, 1556.2, 1701.9, 1779.1, 1921.4, 1989.8, 2127.2, 
2393.1, 2481.4, 2474, 2739.4, 745, 2125, 172, 1088, 1588, 1449, 
1528, 534, 1387, 2179, 828, 1, 1, 1, 1, 1, 1, 1, 1, 1, 1, 1, 
100, 100, 100, 100, 100, 100, 100, 100, 100, 100, 100, 2500, 
2500, 2500, 2500, 2500, 2500, 2500, 2500, 2500, 2500, 2500, 67284.528, 
79342.015, 94933.601, 116273.332, 132823.19, 146200.85, 173644.767, 
195930.15, 218673.894, 252764.63, 271993.863, 1, 1, 1, 1, 1, 
1, 1, 1, 1, 1, 1, 0.14286, 0.14286, 0.14286, 0.14286, 0.14286, 
0.14286, 0.14286, 0.14286, 0.14286, 0.14286, 0.14286, 0, 0, 0, 
0, 0, 0, 0, 0, 0, 0, 0, 0, 0, 0, 0, 0, 0, 0, 0, 0, 0, 0, 0.54414, 
0.55519, 0.56334, 0.56807, 0.5721, 0.56415, 0.56739, 0.56712, 
0.57445, 0.56912, 0.56226, 0.53883, 0.55333, 0.5668, 0.56839, 
0.56886, 0.56197, 0.57022, 0.57195, 0.56763, 0.56783, 0.57249, 
1.3308, 1.6268, 1.8917, 2.2171, 2.5158, 2.7833, 3.2975, 3.6398, 
3.8769, 4.4639, 4.7929, 1784, 1941, 2102.2, 2260.7, 2428.7, 2587.9, 
2764, 2930.3, 3100.3, 3249.9, 3414.4, 1, 1, 1, 1, 1, 1, 1, 1, 
1, 1, 1, 1, 1, 1, 1, 1, 1, 1, 1, 1, 1, 1, 1, 1, 1, 1, 1, 1, 1, 
1, 1, 1, 1, 1, 1, 1, 1, 1, 1, 1, 1, 1, 1, 1, 16.758, 20.049, 
22.856, 26.439, 29.745, 33.554, 39.162, 42.931, 44.584, 51.129, 
54.731), .Dim = c(11L, 40L), .Dimnames = list(NULL, c("Sampling", 
"PSO.cost", "PSO.gamma", "PSO.data.balancing", "PSO.feature.selection", 
"PSO.valid.acc", "PSO.test.acc", "PSO.train.time", "PSO.n.support.vectors", 
"PSO.index", "PSO.n.solutions", "PSO.generations", "PSO.n.evaluations", 
"PSO.cpu.time", "RS.cost", "RS.gamma", "RS.data.balancing", "RS.feature.selection", 
"RS.valid.acc", "RS.test.acc", "RS.train.time", "RS.n.support.vectors", 
"RS.index", "RS.n.solutions", "RS.generations", "RS.n.evaluations", 
"RS.cpu.time", "DF.cost", "DF.gamma", "DF.data.balancing", "DF.feature.selection", 
"DF.valid.acc", "DF.test.acc", "DF.train.time", "DF.n.support.vectors", 
"DF.index", "DF.n.solutions", "DF.generations", "DF.n.evaluations", 
"DF.cpu.time")))
