full <-
structure(c(50, 55, 60, 65, 70, 75, 80, 85, 90, 95, 100, 7.31877, 
9.23273, 8.69889, 10.96015, 12.10607, 14.62228, 9.76043, 13.91844, 
12.16068, 14.84494, 14.002, -2.41884, -4.505, -3.9139, -5.26355, 
-5.86043, -5.45329, -4.40345, -5.55318, -5.12531, -5.92019, -5.64513, 
0, 0, 0, 0, 0, 0, 0, 0, 0, 0, 0, 0, 0, 0, 0, 0, 0, 0, 0, 0, 0, 
0, 0.61647, 0.62835, 0.61717, 0.62718, 0.61939, 0.62568, 0.6272, 
0.63157, 0.64164, 0.64092, 0.64076, 0.60673, 0.61946, 0.61377, 
0.62062, 0.61004, 0.61943, 0.62871, 0.62004, 0.63507, 0.63212, 
0.63913, 1.4741, 1.8978, 2.3077, 3.4483, 4.6671, 21.7073, 4.2173, 
16.8625, 9.0022, 28.3052, 22.1364, 1486.7, 1575, 1715.2, 1838.2, 
1969.3, 1998.5, 2222.6, 2271.2, 2440, 2519.8, 2639.9, 2008, 1783, 
1247, 2134, 1654, 2366, 2208, 1624, 2120, 1551, 1606, 1, 6, 27, 
2, 2, 1, 1, 2, 1, 1, 1, 100, 100, 100, 100, 100, 100, 100, 100, 
100, 100, 100, 2500, 2500, 2500, 2500, 2500, 2500, 2500, 2500, 
2500, 2500, 2500, 76814.793, 77527.616, 90837.013, 112010.97, 
166611.168, 527471.15, 308395.175, 445386.847, 253682.427, 553431.634, 
428523.21, 7.67495, 9.15625, 13.73789, 11.93775, 6.60285, 14.65176, 
9.84953, 14.50373, 12.28832, 14.48688, 9.91131, -2.42238, -4.22188, 
-5.85397, -5.55452, -2.48918, -5.45897, -4.4666, -5.95936, -5.09276, 
-5.74412, -4.30501, 0, 0, 0, 0, 0, 0, 0, 0, 0, 0, 0, 0, 0, 0, 
0, 0, 0, 0, 0, 0, 0, 0, 0.61318, 0.625, 0.61649, 0.62498, 0.61586, 
0.62432, 0.62516, 0.62892, 0.63824, 0.63834, 0.63849, 0.60672, 
0.6198, 0.61242, 0.6203, 0.60827, 0.61998, 0.62973, 0.61908, 
0.63212, 0.63298, 0.63483, 1.5689, 1.9402, 8.2655, 4.316, 2.5517, 
22.9398, 4.1944, 18.8182, 9.57, 24.3892, 6.6231, 1480.4, 1563.9, 
1664.2, 1822.7, 2050.7, 1998.2, 2223, 2284, 2433.2, 2522.6, 2712, 
2079, 1724, 907, 241, 2321, 2339, 2390, 2216, 2340, 977, 1976, 
1, 1, 1, 1, 1, 1, 1, 1, 1, 1, 1, 100, 100, 100, 100, 100, 100, 
100, 100, 100, 100, 100, 2500, 2500, 2500, 2500, 2500, 2500, 
2500, 2500, 2500, 2500, 2500, 68515.077, 82883.577, 101294.333, 
111763.713, 130195.306, 154309.932, 169240.099, 181260.955, 214288.697, 
252065.823, 296765.613, 1, 1, 1, 1, 1, 1, 1, 1, 1, 1, 1, 0.14286, 
0.14286, 0.14286, 0.14286, 0.14286, 0.14286, 0.14286, 0.14286, 
0.14286, 0.14286, 0.14286, 0, 0, 0, 0, 0, 0, 0, 0, 0, 0, 0, 0, 
0, 0, 0, 0, 0, 0, 0, 0, 0, 0, 0.53026, 0.54362, 0.54533, 0.54765, 
0.55659, 0.55217, 0.56535, 0.5573, 0.55927, 0.5717, 0.56083, 
0.5323, 0.55066, 0.53815, 0.55583, 0.55222, 0.5598, 0.56919, 
0.56237, 0.55631, 0.56634, 0.56777, 1.3993, 1.5502, 1.943, 2.2374, 
2.4922, 2.8841, 3.2447, 3.529, 3.8874, 4.5446, 6.0967, 1773.7, 
1933, 2113.4, 2276.8, 2438.2, 2598.3, 2766.8, 2927.5, 3092.3, 
3259.1, 3415.8, 1, 1, 1, 1, 1, 1, 1, 1, 1, 1, 1, 1, 1, 1, 1, 
1, 1, 1, 1, 1, 1, 1, 1, 1, 1, 1, 1, 1, 1, 1, 1, 1, 1, 1, 1, 1, 
1, 1, 1, 1, 1, 1, 1, 1, 17.511, 18.982, 24.373, 26.604, 29.348, 
33.583, 37.67, 40.735, 44.565, 53.031, 70.148), .Dim = c(11L, 
40L), .Dimnames = list(NULL, c("Sampling", "PSO.cost", "PSO.gamma", 
"PSO.data.balancing", "PSO.feature.selection", "PSO.valid.acc", 
"PSO.test.acc", "PSO.train.time", "PSO.n.support.vectors", "PSO.index", 
"PSO.n.solutions", "PSO.generations", "PSO.n.evaluations", "PSO.cpu.time", 
"RS.cost", "RS.gamma", "RS.data.balancing", "RS.feature.selection", 
"RS.valid.acc", "RS.test.acc", "RS.train.time", "RS.n.support.vectors", 
"RS.index", "RS.n.solutions", "RS.generations", "RS.n.evaluations", 
"RS.cpu.time", "DF.cost", "DF.gamma", "DF.data.balancing", "DF.feature.selection", 
"DF.valid.acc", "DF.test.acc", "DF.train.time", "DF.n.support.vectors", 
"DF.index", "DF.n.solutions", "DF.generations", "DF.n.evaluations", 
"DF.cpu.time")))
