full <-
structure(c(50, 55, 60, 65, 70, 75, 80, 85, 90, 95, 100, 14.51107, 
9.93115, 12.97297, 10.19936, 7.67554, 15, 14.95284, 11.36568, 
14.72835, 13.41232, 15, -6.84682, -5.29609, -5.81989, -5.49175, 
-3.32655, -6.50812, -6.60518, -5.19115, -5.25153, -4.98525, -5.8162, 
0, 0, 0, 0, 0, 0, 0, 0, 0, 0, 0, 0, 0, 0, 0, 0, 0, 0, 0, 0, 0, 
0, 0.61779, 0.63252, 0.63079, 0.63063, 0.62587, 0.63226, 0.62919, 
0.62916, 0.63323, 0.63902, 0.63936, 0.60678, 0.61766, 0.61785, 
0.6193, 0.6197, 0.62325, 0.62102, 0.62581, 0.62871, 0.62868, 
0.63363, 5.6395, 1.9799, 5.6901, 2.7639, 2.5555, 15.8919, 15.5675, 
6.0749, 33.1986, 20.2565, 32.9598, 1398, 1562.3, 1651.7, 1846.6, 
1993.2, 2048.9, 2176.7, 2341.6, 2350.9, 2494.5, 2617.1, 572, 
1760, 2160, 696, 2434, 1312, 2086, 2301, 2214, 2175, 1786, 4, 
5, 1, 13, 1, 2, 2, 1, 1, 2, 2, 100, 100, 100, 100, 100, 100, 
100, 100, 100, 100, 100, 2500, 2500, 2500, 2500, 2500, 2500, 
2500, 2500, 2500, 2500, 2500, 112942.51, 87821.377, 179797.487, 
101555.804, 156633.261, 320296.929, 366151.636, 167967.431, 731338.895, 
502914.294, 726133.632999999, 9.94313, 9.69621, 12.74583, 11.12412, 
8.90673, 11.70042, 14.18289, 11.16932, 13.97218, 14.53585, 9.04494, 
-4.49141, -5.24277, -5.72641, -4.15046, -3.76138, -5.19691, -6.30611, 
-5.09714, -4.93569, -5.42602, -4.42878, 0, 0, 0, 0, 0, 0, 0, 
0, 0, 0, 0, 0, 0, 0, 0, 0, 0, 0, 0, 0, 0, 0, 0.61777, 0.63066, 
0.62874, 0.62906, 0.62497, 0.63007, 0.62791, 0.6282, 0.62937, 
0.63624, 0.63813, 0.61211, 0.61431, 0.61886, 0.62655, 0.61941, 
0.62762, 0.62178, 0.62485, 0.63029, 0.62954, 0.63322, 1.8948, 
1.8993, 5.1987, 4.7496, 2.9174, 5.4597, 12.2973, 5.9618, 24.7786, 
32.2149, 5.3073, 1418.8, 1568.1, 1653.4, 1778.4, 1955.1, 2068.8, 
2178.6, 2340.7, 2351, 2484.3, 2768.3, 404, 928, 338, 1479, 70, 
2219, 1481, 2074, 635, 890, 1955, 1, 1, 1, 1, 1, 1, 1, 1, 1, 
1, 2, 100, 100, 100, 100, 100, 100, 100, 100, 100, 100, 100, 
2500, 2500, 2500, 2500, 2500, 2500, 2500, 2500, 2500, 2500, 2500, 
73671.137, 85421.886, 99666.76, 120398.306, 131432.453, 151937.57, 
184674.917, 200611.321, 225382.861, 260059.192, 269756.683999999, 
1, 1, 1, 1, 1, 1, 1, 1, 1, 1, 1, 0.14286, 0.14286, 0.14286, 0.14286, 
0.14286, 0.14286, 0.14286, 0.14286, 0.14286, 0.14286, 0.14286, 
0, 0, 0, 0, 0, 0, 0, 0, 0, 0, 0, 0, 0, 0, 0, 0, 0, 0, 0, 0, 0, 
0, 0.53764, 0.55631, 0.55919, 0.56428, 0.56193, 0.56333, 0.56484, 
0.57148, 0.56289, 0.57044, 0.57045, 0.54911, 0.5545, 0.56194, 
0.57025, 0.5622, 0.56881, 0.57045, 0.56668, 0.56064, 0.56313, 
0.57085, 1.3872, 1.627, 1.9305, 2.1392, 2.4069, 2.7546, 3.2629, 
3.6795, 3.9852, 4.4344, 4.8995, 1770.7, 1933.9, 2106, 2278.7, 
2442.9, 2617.9, 2785.7, 2944.3, 3108.9, 3262, 3412.7, 1, 1, 1, 
1, 1, 1, 1, 1, 1, 1, 1, 1, 1, 1, 1, 1, 1, 1, 1, 1, 1, 1, 1, 1, 
1, 1, 1, 1, 1, 1, 1, 1, 1, 1, 1, 1, 1, 1, 1, 1, 1, 1, 1, 1, 18.396, 
20.865, 24.332, 26.306, 29.11, 32.163, 37.919, 43.427, 46.62, 
50.638, 56.98), .Dim = c(11L, 40L), .Dimnames = list(NULL, c("Sampling", 
"PSO.cost", "PSO.gamma", "PSO.data.balancing", "PSO.feature.selection", 
"PSO.valid.acc", "PSO.test.acc", "PSO.train.time", "PSO.n.support.vectors", 
"PSO.index", "PSO.n.solutions", "PSO.generations", "PSO.n.evaluations", 
"PSO.cpu.time", "RS.cost", "RS.gamma", "RS.data.balancing", "RS.feature.selection", 
"RS.valid.acc", "RS.test.acc", "RS.train.time", "RS.n.support.vectors", 
"RS.index", "RS.n.solutions", "RS.generations", "RS.n.evaluations", 
"RS.cpu.time", "DF.cost", "DF.gamma", "DF.data.balancing", "DF.feature.selection", 
"DF.valid.acc", "DF.test.acc", "DF.train.time", "DF.n.support.vectors", 
"DF.index", "DF.n.solutions", "DF.generations", "DF.n.evaluations", 
"DF.cpu.time")))
