full <-
structure(c(50, 55, 60, 65, 70, 75, 80, 85, 90, 95, 100, 9.98741, 
14.6866, 13.81129, 14.10349, 14.92757, 14.35863, 10.84511, 14.53354, 
13.05673, 13.71903, 9.59463, -3.29643, -5.6874, -5.26818, -6.0734, 
-5.8115, -5.46436, -4.19585, -5.4183, -5.18933, -5.18528, -4.35604, 
0, 0, 0, 0, 0, 0, 0, 0, 0, 0, 0, 0, 0, 0, 0, 0, 0, 0, 0, 0, 0, 
0, 0.60217, 0.61278, 0.62969, 0.62089, 0.63309, 0.64259, 0.63584, 
0.62676, 0.64459, 0.64222, 0.64159, 0.58371, 0.5957, 0.61575, 
0.61396, 0.63021, 0.63577, 0.62767, 0.62172, 0.6337, 0.63663, 
0.62891, 2.607, 13.0925, 10.8463, 10.1043, 20.0291, 18.9479, 
6.0484, 23.5671, 13.9359, 20.0766, 5.9569, 1426.3, 1506.8, 1626.9, 
1777.7, 1848.3, 1975.8, 2140.5, 2233.3, 2394.2, 2496.6, 2730.5, 
2257, 1883, 2131, 1115, 1471, 1174, 2134, 2041, 2223, 2037, 2448, 
2, 1, 1, 1, 1, 2, 13, 1, 3, 3, 2, 100, 100, 100, 100, 100, 100, 
100, 100, 100, 100, 100, 2500, 2500, 2500, 2500, 2500, 2500, 
2500, 2500, 2500, 2500, 2500, 114580.075, 325507.801, 260687.322, 
237041.868, 482515.756, 465812.023, 215340.419, 477972.987, 291135.332, 
574074.749, 560195.24, 8.94997, 14.00788, 13.14643, 12.93785, 
14.43924, 12.28964, 11.09922, 11.98038, 10.11746, 13.88961, 14.47651, 
-2.94054, -5.4726, -5.16456, -5.84612, -5.80343, -4.87708, -4.26506, 
-4.42903, -4.38858, -5.22247, -5.35596, 0, 0, 0, 0, 0, 0, 0, 
0, 0, 0, 0, 0, 0, 0, 0, 0, 0, 0, 0, 0, 0, 0, 0.59849, 0.60795, 
0.62594, 0.61866, 0.62988, 0.64095, 0.63405, 0.62412, 0.64346, 
0.6405, 0.64077, 0.58537, 0.59533, 0.61813, 0.60923, 0.63311, 
0.63414, 0.6287, 0.62076, 0.62893, 0.63621, 0.63259, 1.9946, 
9.5537, 7.6029, 6.315, 15.7914, 8.2183, 6.444, 9.4379, 5.6898, 
22.3189, 30.7336, 1453.5, 1513, 1641.8, 1798.7, 1862.7, 2004, 
2134.3, 2259.3, 2457.3, 2493.3, 2604.8, 443, 1082, 413, 2198, 
1158, 200, 1384, 1657, 1758, 2259, 466, 1, 1, 1, 1, 1, 1, 1, 
2, 1, 1, 1, 100, 100, 100, 100, 100, 100, 100, 100, 100, 100, 
100, 2500, 2500, 2500, 2500, 2500, 2500, 2500, 2500, 2500, 2500, 
2500, 72064.067, 84429.594, 95490.047, 114076.068, 129376.486, 
147400.706, 168735.011, 199555.063, 239908.61, 234674.055, 273788.262999999, 
1, 1, 1, 1, 1, 1, 1, 1, 1, 1, 1, 0.14286, 0.14286, 0.14286, 0.14286, 
0.14286, 0.14286, 0.14286, 0.14286, 0.14286, 0.14286, 0.14286, 
0, 0, 0, 0, 0, 0, 0, 0, 0, 0, 0, 0, 0, 0, 0, 0, 0, 0, 0, 0, 0, 
0, 0.52449, 0.52213, 0.53913, 0.53974, 0.54903, 0.55248, 0.55361, 
0.56356, 0.56608, 0.5663, 0.5643, 0.51425, 0.52586, 0.53987, 
0.5347, 0.55077, 0.55466, 0.5526, 0.55274, 0.57037, 0.56567, 
0.56778, 1.3903, 1.5909, 1.9353, 2.0971, 2.5565, 2.8492, 3.0717, 
3.7384, 4.2497, 4.5298, 4.9516, 1794.2, 1950, 2122, 2281.9, 2438.8, 
2606.9, 2760.4, 2935.6, 3094.2, 3251, 3414.9, 1, 1, 1, 1, 1, 
1, 1, 1, 1, 1, 1, 1, 1, 1, 1, 1, 1, 1, 1, 1, 1, 1, 1, 1, 1, 1, 
1, 1, 1, 1, 1, 1, 1, 1, 1, 1, 1, 1, 1, 1, 1, 1, 1, 1, 17.573, 
19.468, 23.518, 24.978, 31.049, 34.297, 35.7, 44.341, 50.121, 
52.116, 56.6), .Dim = c(11L, 40L), .Dimnames = list(NULL, c("Sampling", 
"PSO.cost", "PSO.gamma", "PSO.data.balancing", "PSO.feature.selection", 
"PSO.valid.acc", "PSO.test.acc", "PSO.train.time", "PSO.n.support.vectors", 
"PSO.index", "PSO.n.solutions", "PSO.generations", "PSO.n.evaluations", 
"PSO.cpu.time", "RS.cost", "RS.gamma", "RS.data.balancing", "RS.feature.selection", 
"RS.valid.acc", "RS.test.acc", "RS.train.time", "RS.n.support.vectors", 
"RS.index", "RS.n.solutions", "RS.generations", "RS.n.evaluations", 
"RS.cpu.time", "DF.cost", "DF.gamma", "DF.data.balancing", "DF.feature.selection", 
"DF.valid.acc", "DF.test.acc", "DF.train.time", "DF.n.support.vectors", 
"DF.index", "DF.n.solutions", "DF.generations", "DF.n.evaluations", 
"DF.cpu.time")))
