full <-
structure(c(50, 55, 60, 65, 70, 75, 80, 85, 90, 95, 100, 8.47294, 
7.80827, 14.71266, 11.57402, 9.55493, 11.78525, 11.18009, 14.47831, 
11.72125, 14.92251, 14.98757, -3.71291, -3.396, -6.36373, -4.18077, 
-3.9825, -5.29429, -4.20122, -5.1978, -4.46647, -5.81933, -5.40575, 
0, 0, 0, 0, 0, 0, 0, 0, 0, 0, 0, 0, 0, 0, 0, 0, 0, 0, 0, 0, 0, 
0, 0.62511, 0.62347, 0.62738, 0.63192, 0.63861, 0.63059, 0.63178, 
0.63665, 0.64297, 0.64459, 0.64573, 0.61693, 0.61647, 0.61513, 
0.62597, 0.6313, 0.6265, 0.62307, 0.634, 0.63546, 0.63379, 0.63589, 
1.6518, 1.7387, 10.7807, 6.1464, 3.3215, 5.5555, 6.9683, 28.9068, 
8.9867, 30.8646, 42.0406, 1460.1, 1611.4, 1653.2, 1759.5, 1939.6, 
2055.8, 2153.7, 2217.8, 2392.7, 2500.3, 2595.2, 684, 1671, 2259, 
1733, 2054, 2274, 1741, 1336, 2448, 1093, 2007, 23, 25, 1, 13, 
5, 5, 4, 1, 2, 3, 1, 100, 100, 100, 100, 100, 100, 100, 100, 
100, 100, 100, 2500, 2500, 2500, 2500, 2500, 2500, 2500, 2500, 
2500, 2500, 2500, 70404.47, 60393.737, 262050.736, 177654.755, 
137530.36, 205730.812, 463857.796, 640081.246, 328029.023, 739252.290000001, 
938546.924, 8.23208, 8.09356, 11.58705, 12.6355, 11.80467, 8.28445, 
14.6078, 14.10037, 11.75212, 14.78787, 13.68791, -3.62006, -3.51664, 
-5.03853, -4.40311, -4.86606, -3.92698, -5.5534, -5.12272, -4.45663, 
-5.79564, -4.96968, 0, 0, 0, 0, 0, 0, 0, 0, 0, 0, 0, 0, 0, 0, 
0, 0, 0, 0, 0, 0, 0, 0, 0.62347, 0.62087, 0.62328, 0.62815, 0.6354, 
0.62814, 0.62972, 0.63424, 0.64161, 0.64244, 0.64368, 0.6198, 
0.61611, 0.62024, 0.62441, 0.63013, 0.62025, 0.62742, 0.63641, 
0.63659, 0.63315, 0.63528, 1.6193, 1.8276, 4.1025, 10.0394, 5.7964, 
3.1024, 23.0293, 21.593, 9.0242, 28.3618, 24.0388, 1465.8, 1602.7, 
1671.1, 1735.7, 1895.2, 2117.8, 2114.4, 2222.1, 2391.5, 2501.8, 
2603.1, 1666, 2178, 1155, 2209, 739, 726, 2298, 831, 654, 1219, 
1115, 1, 1, 1, 2, 1, 1, 1, 2, 1, 1, 1, 100, 100, 100, 100, 100, 
100, 100, 100, 100, 100, 100, 2500, 2500, 2500, 2500, 2500, 2500, 
2500, 2500, 2500, 2500, 2500, 72579.851, 85460.508, 99760.2880000001, 
116104.478, 131322.868, 151264.324, 183477.077, 194008.409, 225787.162, 
266017.109, 286308.916, 1, 1, 1, 1, 1, 1, 1, 1, 1, 1, 1, 0.14286, 
0.14286, 0.14286, 0.14286, 0.14286, 0.14286, 0.14286, 0.14286, 
0.14286, 0.14286, 0.14286, 0, 0, 0, 0, 0, 0, 0, 0, 0, 0, 0, 0, 
0, 0, 0, 0, 0, 0, 0, 0, 0, 0, 0.55188, 0.53697, 0.53643, 0.54637, 
0.56006, 0.55162, 0.54829, 0.5598, 0.55718, 0.56589, 0.56883, 
0.54492, 0.53503, 0.53743, 0.54548, 0.55745, 0.55703, 0.55104, 
0.55257, 0.55969, 0.56396, 0.55839, 1.4032, 1.5915, 1.939, 2.1229, 
2.5491, 2.8272, 3.1215, 3.6246, 4.0614, 4.4013, 5.1858, 1779.3, 
1949.1, 2117.7, 2271.2, 2427.1, 2604.8, 2765, 2927.2, 3091.9, 
3258, 3412.7, 1, 1, 1, 1, 1, 1, 1, 1, 1, 1, 1, 1, 1, 1, 1, 1, 
1, 1, 1, 1, 1, 1, 1, 1, 1, 1, 1, 1, 1, 1, 1, 1, 1, 1, 1, 1, 1, 
1, 1, 1, 1, 1, 1, 1, 17.633, 19.588, 23.453, 25.3, 30.021, 32.999, 
36.375, 41.897, 46.593, 50.673, 59.15), .Dim = c(11L, 40L), .Dimnames = list(
    NULL, c("Sampling", "PSO.cost", "PSO.gamma", "PSO.data.balancing", 
    "PSO.feature.selection", "PSO.valid.acc", "PSO.test.acc", 
    "PSO.train.time", "PSO.n.support.vectors", "PSO.index", "PSO.n.solutions", 
    "PSO.generations", "PSO.n.evaluations", "PSO.cpu.time", "RS.cost", 
    "RS.gamma", "RS.data.balancing", "RS.feature.selection", 
    "RS.valid.acc", "RS.test.acc", "RS.train.time", "RS.n.support.vectors", 
    "RS.index", "RS.n.solutions", "RS.generations", "RS.n.evaluations", 
    "RS.cpu.time", "DF.cost", "DF.gamma", "DF.data.balancing", 
    "DF.feature.selection", "DF.valid.acc", "DF.test.acc", "DF.train.time", 
    "DF.n.support.vectors", "DF.index", "DF.n.solutions", "DF.generations", 
    "DF.n.evaluations", "DF.cpu.time")))
