full <-
structure(c(50, 55, 60, 65, 70, 75, 80, 85, 90, 95, 100, 11.67257, 
14.93768, 10.41177, 14.62538, 12.60018, 11.03462, 8.33757, 14.89979, 
15, 15, 9.22492, -5.09284, -5.80904, -5.39957, -6.89302, -5.71096, 
-4.97415, -3.8929, -6.13348, -6.02086, -5.984, -4.59943, 0, 0, 
0, 0, 0, 0, 0, 0, 0, 0, 0, 0, 0, 0, 0, 0, 0, 0, 0, 0, 0, 0, 0.63329, 
0.6236, 0.62497, 0.61586, 0.61762, 0.62924, 0.63409, 0.62531, 
0.63893, 0.63942, 0.64077, 0.61735, 0.61166, 0.61717, 0.6036, 
0.61383, 0.62024, 0.62207, 0.62169, 0.63439, 0.63534, 0.63873, 
3.0169, 14.9463, 2.4637, 8.7812, 6.0168, 5.0346, 3.5545, 24.0767, 
28.6243, 28.7322, 5.404, 1388, 1487.8, 1719.2, 1820.8, 1941.8, 
2076.5, 2247.3, 2281.4, 2389.1, 2505.3, 2773.5, 905, 1654, 1843, 
1394, 2390, 2354, 518, 2390, 2375, 1548, 2124, 48, 1, 2, 1, 1, 
1, 103, 1, 2, 1, 60, 100, 100, 100, 100, 100, 100, 100, 100, 
100, 100, 100, 2500, 2500, 2500, 2500, 2500, 2500, 2500, 2500, 
2500, 2500, 2500, 126459.879, 312909.886, 140117.494, 218948.63, 
217084.203, 148168.477, 133827.578, 528230.467, 523929.74, 719797.751, 
188970.998, 11.29703, 14.7692, 14.89589, 14.32536, 12.52016, 
10.86533, 8.49054, 14.54325, 14.56393, 14.72946, 9.02593, -4.95284, 
-6.16617, -7.05114, -6.79157, -5.70715, -4.94232, -3.9595, -6.04635, 
-5.51497, -5.88499, -4.50786, 0, 0, 0, 0, 0, 0, 0, 0, 0, 0, 0, 
0, 0, 0, 0, 0, 0, 0, 0, 0, 0, 0, 0.62838, 0.62248, 0.62362, 0.61365, 
0.61645, 0.62597, 0.63281, 0.62387, 0.63643, 0.63791, 0.63995, 
0.62021, 0.61392, 0.61646, 0.60454, 0.61353, 0.62161, 0.62207, 
0.62145, 0.63008, 0.63577, 0.63914, 2.7257, 11.3052, 8.2844, 
7.6173, 5.9218, 4.6854, 3.5107, 21.4916, 28.4576, 26.7285, 5.3154, 
1392.4, 1507.6, 1691.2, 1825.6, 1944.1, 2079.4, 2244.4, 2286.6, 
2358.5, 2504.8, 2777.3, 1207, 1969, 2011, 707, 236, 1395, 1204, 
503, 715, 1335, 1812, 1, 1, 1, 1, 1, 1, 1, 1, 1, 1, 1, 100, 100, 
100, 100, 100, 100, 100, 100, 100, 100, 100, 2500, 2500, 2500, 
2500, 2500, 2500, 2500, 2500, 2500, 2500, 2500, 73182.729, 88824.8570000001, 
102790.917, 119351.869, 140307.862, 159309.3, 176037.452, 209856.998, 
225990.853, 247296.877, 283847.646, 1, 1, 1, 1, 1, 1, 1, 1, 1, 
1, 1, 0.14286, 0.14286, 0.14286, 0.14286, 0.14286, 0.14286, 0.14286, 
0.14286, 0.14286, 0.14286, 0.14286, 0, 0, 0, 0, 0, 0, 0, 0, 0, 
0, 0, 0, 0, 0, 0, 0, 0, 0, 0, 0, 0, 0, 0.54456, 0.54071, 0.55072, 
0.54451, 0.54521, 0.55214, 0.55666, 0.54934, 0.56581, 0.57, 0.57103, 
0.556, 0.54779, 0.54184, 0.54168, 0.54112, 0.55353, 0.55718, 
0.55177, 0.56423, 0.55988, 0.5698, 1.4011, 1.6496, 1.9536, 2.1452, 
2.4848, 2.8605, 3.1809, 3.574, 4.0043, 4.3764, 4.847, 1774.2, 
1942.7, 2107.3, 2275.8, 2444.5, 2608.4, 2770.7, 2933.1, 3086.6, 
3253.2, 3415.8, 1, 1, 1, 1, 1, 1, 1, 1, 1, 1, 1, 1, 1, 1, 1, 
1, 1, 1, 1, 1, 1, 1, 1, 1, 1, 1, 1, 1, 1, 1, 1, 1, 1, 1, 1, 1, 
1, 1, 1, 1, 1, 1, 1, 1, 18.593, 21.223, 24.521, 25.539, 29.311, 
33.594, 37.051, 42.297, 45.993, 50.192, 55.347), .Dim = c(11L, 
40L), .Dimnames = list(NULL, c("Sampling", "PSO.cost", "PSO.gamma", 
"PSO.data.balancing", "PSO.feature.selection", "PSO.valid.acc", 
"PSO.test.acc", "PSO.train.time", "PSO.n.support.vectors", "PSO.index", 
"PSO.n.solutions", "PSO.generations", "PSO.n.evaluations", "PSO.cpu.time", 
"RS.cost", "RS.gamma", "RS.data.balancing", "RS.feature.selection", 
"RS.valid.acc", "RS.test.acc", "RS.train.time", "RS.n.support.vectors", 
"RS.index", "RS.n.solutions", "RS.generations", "RS.n.evaluations", 
"RS.cpu.time", "DF.cost", "DF.gamma", "DF.data.balancing", "DF.feature.selection", 
"DF.valid.acc", "DF.test.acc", "DF.train.time", "DF.n.support.vectors", 
"DF.index", "DF.n.solutions", "DF.generations", "DF.n.evaluations", 
"DF.cpu.time")))
