full <-
structure(c(50, 55, 60, 65, 70, 75, 80, 85, 90, 95, 100, 6.26306, 
10.6793, 9.69611, 13.02834, 14.41972, 8.22406, 10.4503, 10.39287, 
14.9339, 11.91913, 14.29899, -3.74091, -4.69491, -4.07923, -5.25647, 
-5.45788, -4.26042, -4.06957, -4.78267, -5.64167, -4.77477, -5.30244, 
0, 0, 0, 0, 0, 0, 0, 0, 0, 0, 0, 0, 0, 0, 0, 0, 0, 0, 0, 0, 0, 
0, 0.62513, 0.63022, 0.62394, 0.63815, 0.634, 0.63386, 0.63917, 
0.63881, 0.64185, 0.63538, 0.64382, 0.61617, 0.61163, 0.61338, 
0.62652, 0.62406, 0.63249, 0.63201, 0.63279, 0.63275, 0.63451, 
0.63707, 1.2981, 2.659, 2.5063, 7.5171, 17.1661, 2.8632, 5.2021, 
5.1265, 32.3983, 10.2211, 30.0136, 1503.9, 1547.4, 1702.1, 1774.2, 
1863.4, 2143.6, 2175.6, 2351, 2367, 2531.2, 2608.3, 2033, 1317, 
1571, 1674, 1558, 1855, 2269, 1824, 2434, 1246, 1585, 3, 42, 
2, 4, 1, 8, 3, 1, 1, 2, 1, 100, 100, 100, 100, 100, 100, 100, 
100, 100, 100, 100, 2500, 2500, 2500, 2500, 2500, 2500, 2500, 
2500, 2500, 2500, 2500, 45536.953, 101190.186, 101740.361, 205825.83, 
442759.524, 106717.795, 190550.168, 150318.267, 626774.943, 425273.539, 
718376.24, 6.31913, 10.63579, 11.80917, 13.02262, 14.30948, 8.46576, 
10.28368, 9.2312, 14.12814, 13.08914, 13.52181, -3.73775, -4.70226, 
-4.76956, -5.21275, -5.39553, -4.42692, -4.01731, -4.4805, -5.45464, 
-5.18218, -5.18922, 0, 0, 0, 0, 0, 0, 0, 0, 0, 0, 0, 0, 0, 0, 
0, 0, 0, 0, 0, 0, 0, 0, 0.62348, 0.62723, 0.62158, 0.63406, 0.63137, 
0.63195, 0.63687, 0.63881, 0.63868, 0.63431, 0.64158, 0.61658, 
0.612, 0.61476, 0.62967, 0.62522, 0.6314, 0.63252, 0.63183, 0.63434, 
0.63473, 0.6387, 1.236, 2.6019, 4.6361, 7.6742, 16.1194, 3.0196, 
5.1945, 4.1743, 23.6415, 15.1795, 20.0219, 1502.5, 1548.3, 1662.3, 
1770.2, 1862.1, 2143.7, 2179.4, 2378.2, 2382.9, 2512.8, 2629.1, 
1837, 969, 2107, 1945, 1560, 1824, 765, 2170, 1379, 687, 191, 
1, 1, 1, 1, 2, 1, 1, 1, 1, 1, 1, 100, 100, 100, 100, 100, 100, 
100, 100, 100, 100, 100, 2500, 2500, 2500, 2500, 2500, 2500, 
2500, 2500, 2500, 2500, 2500, 69760.331, 77886.891, 95105.935, 
110719.402, 122518.44, 153044.532, 177860.598, 195339.237, 229204.444, 
258102.647, 288641.985, 1, 1, 1, 1, 1, 1, 1, 1, 1, 1, 1, 0.14286, 
0.14286, 0.14286, 0.14286, 0.14286, 0.14286, 0.14286, 0.14286, 
0.14286, 0.14286, 0.14286, 0, 0, 0, 0, 0, 0, 0, 0, 0, 0, 0, 0, 
0, 0, 0, 0, 0, 0, 0, 0, 0, 0, 0.56546, 0.5552, 0.54529, 0.55892, 
0.56917, 0.57585, 0.56156, 0.56192, 0.56741, 0.56506, 0.57329, 
0.55523, 0.55811, 0.54428, 0.55735, 0.56158, 0.56905, 0.56078, 
0.56048, 0.56899, 0.56247, 0.57348, 1.3455, 1.5549, 1.8354, 2.1428, 
2.4864, 2.8322, 3.0918, 3.6803, 4.0169, 4.6996, 5.0823, 1773.2, 
1940.2, 2109.7, 2274.3, 2435.8, 2604, 2769.9, 2931.6, 3093.7, 
3254.9, 3416.2, 1, 1, 1, 1, 1, 1, 1, 1, 1, 1, 1, 1, 1, 1, 1, 
1, 1, 1, 1, 1, 1, 1, 1, 1, 1, 1, 1, 1, 1, 1, 1, 1, 1, 1, 1, 1, 
1, 1, 1, 1, 1, 1, 1, 1, 16.811, 19.011, 22.144, 25.515, 29.331, 
32.994, 35.86, 42.535, 46.108, 53.776, 58.133), .Dim = c(11L, 
40L), .Dimnames = list(NULL, c("Sampling", "PSO.cost", "PSO.gamma", 
"PSO.data.balancing", "PSO.feature.selection", "PSO.valid.acc", 
"PSO.test.acc", "PSO.train.time", "PSO.n.support.vectors", "PSO.index", 
"PSO.n.solutions", "PSO.generations", "PSO.n.evaluations", "PSO.cpu.time", 
"RS.cost", "RS.gamma", "RS.data.balancing", "RS.feature.selection", 
"RS.valid.acc", "RS.test.acc", "RS.train.time", "RS.n.support.vectors", 
"RS.index", "RS.n.solutions", "RS.generations", "RS.n.evaluations", 
"RS.cpu.time", "DF.cost", "DF.gamma", "DF.data.balancing", "DF.feature.selection", 
"DF.valid.acc", "DF.test.acc", "DF.train.time", "DF.n.support.vectors", 
"DF.index", "DF.n.solutions", "DF.generations", "DF.n.evaluations", 
"DF.cpu.time")))
