full <-
structure(c(50, 55, 60, 65, 70, 75, 80, 85, 90, 95, 100, 11.15258, 
7.91967, 9.44647, 11.31334, 15, 10.10705, 14.87075, 15, 14.99982, 
9.37386, 13.55972, -4.72702, -3.38457, -3.83094, -4.32425, -4.88629, 
-4.46433, -5.77539, -6.38368, -5.85764, -4.00498, -5.50738, 0, 
0, 0, 0, 0, 0, 0, 0, 0, 0, 0, 0, 0, 0, 0, 0, 0, 0, 0, 0, 0, 0, 
0.62031, 0.61658, 0.61923, 0.62557, 0.63105, 0.63414, 0.63587, 
0.63666, 0.64117, 0.63554, 0.64526, 0.60802, 0.60953, 0.61649, 
0.61707, 0.61848, 0.62871, 0.63101, 0.63183, 0.63595, 0.62608, 
0.63792, 2.6262, 1.7349, 2.6202, 4.7288, 32.0223, 3.9946, 22.6311, 
21.9061, 30.0156, 5.724, 18.3251, 1400.6, 1583.3, 1678.3, 1766.6, 
1822.1, 2078.8, 2128.9, 2294.6, 2381.2, 2599.8, 2649.1, 1548, 
1908, 1003, 1787, 629, 1791, 2076, 809, 1179, 1324, 2333, 1, 
12, 56, 1, 2, 1, 2, 1, 1, 14, 1, 100, 100, 100, 100, 100, 100, 
100, 100, 100, 100, 100, 2500, 2500, 2500, 2500, 2500, 2500, 
2500, 2500, 2500, 2500, 2500, 78234.042, 61611.336, 105351.195, 
136950.048, 317728.814, 122881.013, 497766.857, 512412.405, 655361.105, 
213947.824, 557072.611, 8.50531, 8.17942, 14.42419, 10.84098, 
10.00973, 10.01407, 14.34656, 14.17988, 12.55442, 9.61699, 14.6387, 
-3.71088, -3.42102, -6.03009, -4.06922, -3.39458, -4.5856, -5.2592, 
-6.03151, -6.03225, -4.14989, -5.95165, 0, 0, 0, 0, 0, 0, 0, 
0, 0, 0, 0, 0, 0, 0, 0, 0, 0, 0, 0, 0, 0, 0, 0.61828, 0.6136, 
0.61685, 0.62274, 0.6296, 0.63195, 0.63153, 0.63473, 0.63732, 
0.63468, 0.6426, 0.61005, 0.61176, 0.61889, 0.61551, 0.61907, 
0.62925, 0.62847, 0.63208, 0.6255, 0.63038, 0.63955, 1.5805, 
1.8551, 10.4403, 4.2004, 4.1777, 3.8382, 22.0583, 15.4345, 7.9963, 
5.8077, 27.1007, 1449.3, 1577.5, 1640.5, 1773.6, 1916.5, 2093.4, 
2105.4, 2292.4, 2484.9, 2597.1, 2648.9, 1539, 1536, 636, 668, 
257, 1934, 2045, 1437, 1361, 433, 326, 1, 1, 1, 1, 1, 1, 2, 2, 
1, 1, 1, 100, 100, 100, 100, 100, 100, 100, 100, 100, 100, 100, 
2500, 2500, 2500, 2500, 2500, 2500, 2500, 2500, 2500, 2500, 2500, 
69714.95, 87346.117, 102987.268, 111818.513, 135200.635, 149369.623, 
184023.35, 206829.407, 229487.87, 266080.961, 294929.563, 1, 
1, 1, 1, 1, 1, 1, 1, 1, 1, 1, 0.14286, 0.14286, 0.14286, 0.14286, 
0.14286, 0.14286, 0.14286, 0.14286, 0.14286, 0.14286, 0.14286, 
0, 0, 0, 0, 0, 0, 0, 0, 0, 0, 0, 0, 0, 0, 0, 0, 0, 0, 0, 0, 0, 
0, 0.54665, 0.54293, 0.55421, 0.55799, 0.56276, 0.56114, 0.55951, 
0.57441, 0.56991, 0.56847, 0.56962, 0.54626, 0.53401, 0.55965, 
0.56052, 0.56159, 0.56143, 0.56435, 0.57491, 0.56309, 0.56868, 
0.56716, 1.3226, 1.5774, 1.9229, 2.1524, 2.4846, 2.8122, 3.2216, 
3.4753, 4.3248, 4.8098, 5.3668, 1769.1, 1939.5, 2114.6, 2277.7, 
2439.7, 2596.6, 2755.4, 2926, 3087.9, 3250.8, 3411.9, 1, 1, 1, 
1, 1, 1, 1, 1, 1, 1, 1, 1, 1, 1, 1, 1, 1, 1, 1, 1, 1, 1, 1, 1, 
1, 1, 1, 1, 1, 1, 1, 1, 1, 1, 1, 1, 1, 1, 1, 1, 1, 1, 1, 1, 16.614, 
20.149, 24.204, 26.583, 30.216, 32.763, 38.256, 40.873, 50.378, 
55.742, 62.099), .Dim = c(11L, 40L), .Dimnames = list(NULL, c("Sampling", 
"PSO.cost", "PSO.gamma", "PSO.data.balancing", "PSO.feature.selection", 
"PSO.valid.acc", "PSO.test.acc", "PSO.train.time", "PSO.n.support.vectors", 
"PSO.index", "PSO.n.solutions", "PSO.generations", "PSO.n.evaluations", 
"PSO.cpu.time", "RS.cost", "RS.gamma", "RS.data.balancing", "RS.feature.selection", 
"RS.valid.acc", "RS.test.acc", "RS.train.time", "RS.n.support.vectors", 
"RS.index", "RS.n.solutions", "RS.generations", "RS.n.evaluations", 
"RS.cpu.time", "DF.cost", "DF.gamma", "DF.data.balancing", "DF.feature.selection", 
"DF.valid.acc", "DF.test.acc", "DF.train.time", "DF.n.support.vectors", 
"DF.index", "DF.n.solutions", "DF.generations", "DF.n.evaluations", 
"DF.cpu.time")))
