full <-
structure(c(50, 55, 60, 65, 70, 75, 80, 85, 90, 95, 100, 8.98266, 
12.89054, 13.89919, 14.06846, 9.57546, 10.07684, 12.89988, 14.98468, 
11.75496, 10.53958, 13.8509, -4.05852, -5.90529, -6.45193, -5.5023, 
-4.06907, -4.61626, -5.26737, -5.99397, -5.97755, -4.74294, -5.26207, 
0, 0, 0, 0, 0, 0, 0, 0, 0, 0, 0, 0, 0, 0, 0, 0, 0, 0, 0, 0, 0, 
0, 0.61288, 0.61759, 0.62569, 0.62373, 0.6258, 0.63496, 0.63407, 
0.63781, 0.64073, 0.64095, 0.64322, 0.5965, 0.59901, 0.61683, 
0.62278, 0.61442, 0.62842, 0.62999, 0.63659, 0.63458, 0.63277, 
0.63873, 1.6309, 4.2003, 6.3938, 11.527, 3.316, 3.8802, 10.3987, 
23.5754, 5.951, 6.5126, 22.4743, 1434.6, 1538.3, 1670.4, 1744.7, 
1947.1, 2071.2, 2145.7, 2241.6, 2510.4, 2589.1, 2620.7, 1171, 
2323, 1711, 1944, 2018, 1778, 1070, 1867, 1459, 1875, 2395, 57, 
2, 1, 6, 6, 12, 1, 8, 1, 17, 7, 100, 100, 100, 100, 100, 100, 
100, 100, 100, 100, 100, 2500, 2500, 2500, 2500, 2500, 2500, 
2500, 2500, 2500, 2500, 2500, 55692.738, 139278.791, 169396.636, 
313317.858, 191842.744, 116932.467, 308740.157, 478966.581, 193599.988, 
218260.983, 591744.561, 9.70512, 13.67075, 14.29546, 13.58559, 
9.64349, 9.75124, 13.15312, 10.73918, 10.80222, 10.08312, 12.65166, 
-4.3014, -6.13097, -6.64469, -5.43068, -4.1128, -4.49474, -5.34757, 
-4.73133, -5.61584, -4.48042, -4.97471, 0, 0, 0, 0, 0, 0, 0, 
0, 0, 0, 0, 0, 0, 0, 0, 0, 0, 0, 0, 0, 0, 0, 0.61124, 0.61535, 
0.62331, 0.62058, 0.62492, 0.63224, 0.63229, 0.63516, 0.63914, 
0.63707, 0.63954, 0.60059, 0.60348, 0.61548, 0.62091, 0.6147, 
0.62815, 0.62947, 0.63709, 0.63457, 0.63406, 0.63526, 1.8514, 
5.5554, 6.6544, 9.4968, 3.289, 3.6647, 11.6181, 5.7374, 5.067, 
5.8846, 13.9788, 1421.1, 1530.3, 1671.5, 1751.8, 1947.2, 2076.9, 
2141.7, 2305, 2521.7, 2593.1, 2644.3, 1748, 1370, 718, 1376, 
1905, 438, 1111, 1423, 1825, 1306, 2012, 1, 1, 1, 1, 1, 1, 1, 
1, 1, 1, 1, 100, 100, 100, 100, 100, 100, 100, 100, 100, 100, 
100, 2500, 2500, 2500, 2500, 2500, 2500, 2500, 2500, 2500, 2500, 
2500, 68799.41, 83920.809, 100717.867, 115304.482, 128833.881, 
153969.469, 171312.804, 196941.473, 211694.707, 258718.193, 291047.919, 
1, 1, 1, 1, 1, 1, 1, 1, 1, 1, 1, 0.14286, 0.14286, 0.14286, 0.14286, 
0.14286, 0.14286, 0.14286, 0.14286, 0.14286, 0.14286, 0.14286, 
0, 0, 0, 0, 0, 0, 0, 0, 0, 0, 0, 0, 0, 0, 0, 0, 0, 0, 0, 0, 0, 
0, 0.5405, 0.54294, 0.55005, 0.55363, 0.55662, 0.55977, 0.55616, 
0.56236, 0.56815, 0.56612, 0.5686, 0.54296, 0.54817, 0.54801, 
0.55739, 0.55458, 0.56088, 0.56181, 0.57461, 0.57198, 0.56354, 
0.57373, 1.3741, 1.6377, 1.861, 2.1397, 2.5259, 2.9199, 3.2865, 
3.6593, 3.8846, 4.4011, 5.5311, 1769.3, 1937.7, 2109.6, 2268.7, 
2433, 2583.5, 2747.8, 2912.3, 3081.5, 3249.6, 3411, 1, 1, 1, 
1, 1, 1, 1, 1, 1, 1, 1, 1, 1, 1, 1, 1, 1, 1, 1, 1, 1, 1, 1, 1, 
1, 1, 1, 1, 1, 1, 1, 1, 1, 1, 1, 1, 1, 1, 1, 1, 1, 1, 1, 1, 17.357, 
20.033, 22.476, 25.554, 29.797, 34.092, 38.248, 42.484, 44.652, 
50.78, 63.463), .Dim = c(11L, 40L), .Dimnames = list(NULL, c("Sampling", 
"PSO.cost", "PSO.gamma", "PSO.data.balancing", "PSO.feature.selection", 
"PSO.valid.acc", "PSO.test.acc", "PSO.train.time", "PSO.n.support.vectors", 
"PSO.index", "PSO.n.solutions", "PSO.generations", "PSO.n.evaluations", 
"PSO.cpu.time", "RS.cost", "RS.gamma", "RS.data.balancing", "RS.feature.selection", 
"RS.valid.acc", "RS.test.acc", "RS.train.time", "RS.n.support.vectors", 
"RS.index", "RS.n.solutions", "RS.generations", "RS.n.evaluations", 
"RS.cpu.time", "DF.cost", "DF.gamma", "DF.data.balancing", "DF.feature.selection", 
"DF.valid.acc", "DF.test.acc", "DF.train.time", "DF.n.support.vectors", 
"DF.index", "DF.n.solutions", "DF.generations", "DF.n.evaluations", 
"DF.cpu.time")))
