full <-
structure(c(50, 55, 60, 65, 70, 75, 80, 85, 90, 95, 100, 9.74221, 
10.44087, 13.17229, 14.99931, 14.27607, 14.85059, 15, 14.52386, 
13.93041, 9.94493, 13.17914, -4.32862, -4.02311, -4.82922, -6.24382, 
-6.04329, -5.7127, -6.49031, -6.28907, -6.36941, -4.44696, -5.52628, 
0, 0, 0, 0, 0, 0, 0, 0, 0, 0, 0, 0, 0, 0, 0, 0, 0, 0, 0, 0, 0, 
0, 0.61016, 0.61424, 0.62025, 0.62499, 0.63569, 0.63501, 0.63584, 
0.63761, 0.64005, 0.63534, 0.64222, 0.59579, 0.60048, 0.61274, 
0.61487, 0.63452, 0.63392, 0.63305, 0.63616, 0.63324, 0.62781, 
0.63772, 1.9205, 2.7744, 8.7798, 15.4004, 12.1523, 21.8832, 17.3337, 
15.5237, 12.1512, 5.7392, 14.6466, 1441.6, 1543.2, 1635, 1788.8, 
1908.6, 1993.2, 2173.8, 2309.6, 2466, 2594.5, 2664.3, 1692, 2441, 
2395, 1585, 1293, 2349, 1508, 2008, 1311, 1688, 2363, 20, 1, 
2, 1, 2, 1, 1, 1, 1, 4, 1, 100, 100, 100, 100, 100, 100, 100, 
100, 100, 100, 100, 2500, 2500, 2500, 2500, 2500, 2500, 2500, 
2500, 2500, 2500, 2500, 66317.62, 109225.172, 260134.109, 295116.029, 
304001.593, 501400.692, 430234.028, 361785.562, 437843.91, 213074.101, 
418960.176, 9.05588, 9.19308, 13.47206, 14.81868, 14.68803, 14.84303, 
9.8732, 13.83546, 14.80813, 14.235, 10.47646, -3.94876, -4.59627, 
-4.98248, -6.20033, -6.11272, -5.94341, -4.85609, -5.95915, -5.62564, 
-6.17965, -4.99221, 0, 0, 0, 0, 0, 0, 0, 0, 0, 0, 0, 0, 0, 0, 
0, 0, 0, 0, 0, 0, 0, 0, 0.60772, 0.61012, 0.61717, 0.62372, 0.63278, 
0.63309, 0.63226, 0.63425, 0.6371, 0.63557, 0.64038, 0.59823, 
0.60605, 0.61478, 0.61455, 0.63452, 0.63037, 0.62973, 0.63737, 
0.64165, 0.62953, 0.63158, 1.7471, 1.8734, 9.2601, 13.3605, 14.8774, 
19.926, 3.9225, 12.3409, 28.3045, 17.1897, 6.4496, 1447.2, 1597.6, 
1633.7, 1793.5, 1900.9, 2003.4, 2239.4, 2307, 2363.1, 2564, 2740.1, 
1460, 2069, 659, 731, 1228, 2146, 1237, 1975, 665, 31, 1223, 
1, 1, 1, 1, 1, 1, 1, 1, 3, 1, 1, 100, 100, 100, 100, 100, 100, 
100, 100, 100, 100, 100, 2500, 2500, 2500, 2500, 2500, 2500, 
2500, 2500, 2500, 2500, 2500, 72884.33, 83290.067, 99899.1950000001, 
115488.062, 132307.241, 151970.938, 173825.394, 190830.728, 233553.795, 
245311.984999999, 261747.964, 1, 1, 1, 1, 1, 1, 1, 1, 1, 1, 1, 
0.14286, 0.14286, 0.14286, 0.14286, 0.14286, 0.14286, 0.14286, 
0.14286, 0.14286, 0.14286, 0.14286, 0, 0, 0, 0, 0, 0, 0, 0, 0, 
0, 0, 0, 0, 0, 0, 0, 0, 0, 0, 0, 0, 0, 0.53642, 0.54883, 0.54768, 
0.5492, 0.55663, 0.55516, 0.56308, 0.56335, 0.56697, 0.55946, 
0.57088, 0.53118, 0.54025, 0.54395, 0.5492, 0.55779, 0.5571, 
0.56333, 0.57151, 0.56335, 0.56075, 0.57477, 1.3994, 1.5413, 
1.9582, 2.1274, 2.497, 2.7476, 3.1561, 3.5798, 4.4351, 4.5518, 
4.8843, 1785.6, 1941.6, 2105.1, 2269.7, 2428.7, 2603.4, 2775.7, 
2932.5, 3097, 3260.3, 3414.7, 1, 1, 1, 1, 1, 1, 1, 1, 1, 1, 1, 
1, 1, 1, 1, 1, 1, 1, 1, 1, 1, 1, 1, 1, 1, 1, 1, 1, 1, 1, 1, 1, 
1, 1, 1, 1, 1, 1, 1, 1, 1, 1, 1, 1, 17.669, 18.986, 23.78, 25.457, 
29.469, 32.099, 36.605, 41.26, 51.745, 52.081, 55.606), .Dim = c(11L, 
40L), .Dimnames = list(NULL, c("Sampling", "PSO.cost", "PSO.gamma", 
"PSO.data.balancing", "PSO.feature.selection", "PSO.valid.acc", 
"PSO.test.acc", "PSO.train.time", "PSO.n.support.vectors", "PSO.index", 
"PSO.n.solutions", "PSO.generations", "PSO.n.evaluations", "PSO.cpu.time", 
"RS.cost", "RS.gamma", "RS.data.balancing", "RS.feature.selection", 
"RS.valid.acc", "RS.test.acc", "RS.train.time", "RS.n.support.vectors", 
"RS.index", "RS.n.solutions", "RS.generations", "RS.n.evaluations", 
"RS.cpu.time", "DF.cost", "DF.gamma", "DF.data.balancing", "DF.feature.selection", 
"DF.valid.acc", "DF.test.acc", "DF.train.time", "DF.n.support.vectors", 
"DF.index", "DF.n.solutions", "DF.generations", "DF.n.evaluations", 
"DF.cpu.time")))
