full <-
structure(c(50, 55, 60, 65, 70, 75, 80, 85, 90, 95, 100, 1.28606, 
3.79871, 7.52845, 5.3754, 0.58469, 0.51431, 3.8874, 1, 0.56793, 
0.06388, 11.37538, -4.24126, -9.60642, -11.65107, -10.82159, 
-1.9256, -4.01594, -9.30682, 0.07692, -4.3392, -3.18485, -10.64476, 
0, 0, 0, 0, 0, 0, 0, 0, 0, 0, 0, 0, 0, 0, 0, 0, 0, 0, 0, 0, 0, 
0, 0.66488, 0.66129, 0.69474, 0.69126, 0.69, 0.68803, 0.68225, 
0.68531, 0.69559, 0.69932, 0.69323, 0.6378, 0.64953, 0.66631, 
0.65991, 0.66095, 0.66074, 0.66522, 0.68131, 0.67306, 0.68104, 
0.67346, 0.0192, 0.0205, 0.0212, 0.022, 0.0304, 0.026, 0.0246, 
0.0298, 0.0307, 0.035, 0.0458, 80.9, 75.5, 78.6, 85.2, 137.5, 
114.9, 99, 130.6, 130.3, 153.6, 126.8, 1973, 83, 153, 106, 2228, 
939, 167, 1, 680, 1488, 81, 3, 58, 95, 99, 1, 79, 111, 22, 477, 
139, 142, 100, 100, 100, 100, 100, 100, 100, 100, 100, 100, 100, 
2500, 2500, 2500, 2500, 2500, 2500, 2500, 2500, 2500, 2500, 2500, 
6992.085, 7022.599, 7042.106, 6864.762, 6797.62, 6878.90300000001, 
6840.92700000001, 7043.00199999999, 6901.16799999999, 7039.15200000002, 
7413.978, 1.339, 2.30814, 9.35388, 6.10646, -0.28939, 0.17857, 
7.03322, 0.30287, 0.56304, 0.14332, 10.17287, -4.32254, -8.352, 
-13.59942, -11.58306, -4.24693, -3.29435, -12.40083, -3.92283, 
-4.22303, -2.99937, -9.99308, 0, 0, 0, 0, 0, 0, 0, 0, 0, 0, 0, 
0, 0, 0, 0, 0, 0, 0, 0, 0, 0, 0, 0.66488, 0.66759, 0.69474, 0.69126, 
0.68524, 0.68348, 0.68225, 0.68531, 0.69188, 0.6882, 0.68989, 
0.64494, 0.63703, 0.67775, 0.65991, 0.67548, 0.66074, 0.6567, 
0.68469, 0.66935, 0.68819, 0.68346, 0.0197, 0.0188, 0.0207, 0.0211, 
0.0242, 0.0271, 0.025, 0.0296, 0.0302, 0.0356, 0.0418, 80.3, 
75.6, 78.7, 85.3, 101.7, 123.9, 98.7, 127.3, 131.4, 158.1, 126.8, 
538, 184, 441, 2086, 1665, 141, 97, 93, 2262, 2469, 1716, 1, 
2, 3, 2, 1, 6, 6, 3, 1, 1, 4, 100, 100, 100, 100, 100, 100, 100, 
100, 100, 100, 100, 2500, 2500, 2500, 2500, 2500, 2500, 2500, 
2500, 2500, 2500, 2500, 7002.25, 7090.496, 7041.592, 6881.154, 
6876.762, 6946.064, 7023.18299999999, 7059.128, 7114.27499999999, 
7204.92600000001, 7290.81400000001, 1, 1, 1, 1, 1, 1, 1, 1, 1, 
1, 1, 0.07692, 0.07692, 0.07692, 0.07692, 0.07692, 0.07692, 0.07692, 
0.07692, 0.07692, 0.07692, 0.07692, 0, 0, 0, 0, 0, 0, 0, 0, 0, 
0, 0, 0, 0, 0, 0, 0, 0, 0, 0, 0, 0, 0, 0.63774, 0.64726, 0.67742, 
0.68073, 0.68, 0.68348, 0.67337, 0.68531, 0.69159, 0.68463, 0.66966, 
0.67161, 0.64681, 0.67775, 0.67573, 0.68024, 0.66985, 0.66938, 
0.68131, 0.67663, 0.67722, 0.67977, 0.0197, 0.0212, 0.0217, 0.0231, 
0.0246, 0.0264, 0.0282, 0.0297, 0.0314, 0.0329, 0.0346, 83.3, 
89.2, 95.3, 102.6, 108.1, 117.5, 123, 130.6, 138.9, 142.8, 149.7, 
1, 1, 1, 1, 1, 1, 1, 1, 1, 1, 1, 1, 1, 1, 1, 1, 1, 1, 1, 1, 1, 
1, 1, 1, 1, 1, 1, 1, 1, 1, 1, 1, 1, 1, 1, 1, 1, 1, 1, 1, 1, 1, 
1, 1, 2.889, 2.845, 2.75, 2.73, 2.72, 2.771, 2.774, 2.778, 2.713, 
2.822, 2.807), .Dim = c(11L, 40L), .Dimnames = list(NULL, c("Sampling", 
"PSO.cost", "PSO.gamma", "PSO.data.balancing", "PSO.feature.selection", 
"PSO.valid.acc", "PSO.test.acc", "PSO.train.time", "PSO.n.support.vectors", 
"PSO.index", "PSO.n.solutions", "PSO.generations", "PSO.n.evaluations", 
"PSO.cpu.time", "RS.cost", "RS.gamma", "RS.data.balancing", "RS.feature.selection", 
"RS.valid.acc", "RS.test.acc", "RS.train.time", "RS.n.support.vectors", 
"RS.index", "RS.n.solutions", "RS.generations", "RS.n.evaluations", 
"RS.cpu.time", "DF.cost", "DF.gamma", "DF.data.balancing", "DF.feature.selection", 
"DF.valid.acc", "DF.test.acc", "DF.train.time", "DF.n.support.vectors", 
"DF.index", "DF.n.solutions", "DF.generations", "DF.n.evaluations", 
"DF.cpu.time")))
