full <-
structure(c(50, 55, 60, 65, 70, 75, 80, 85, 90, 95, 100, 0.27312, 
8.8539, 0.70668, 0.9939, 11.18518, -0.14531, 0.09381, -0.75433, 
12.46617, 9.08969, 2.7095, -3.52017, -11.48365, -4.07429, -5.55117, 
-14.86375, -3.89373, -4.11216, -4.15702, -12.77062, -14.49809, 
-5.85803, 0, 0, 0, 0, 0, 0, 0, 0, 0, 0, 0, 0, 0, 0, 0, 0, 0, 
0, 0, 0, 0, 0, 0.72265, 0.73676, 0.72873, 0.69901, 0.70431, 0.69681, 
0.70685, 0.68163, 0.70619, 0.68742, 0.70451, 0.72259, 0.68424, 
0.71692, 0.68737, 0.67455, 0.679, 0.70253, 0.66606, 0.67167, 
0.65552, 0.6801, 0.0181, 0.0197, 0.0216, 0.0222, 0.0228, 0.0243, 
0.0273, 0.0289, 0.0345, 0.0309, 0.0328, 78.1, 71.7, 91.4, 91.7, 
89.9, 111.4, 116.1, 122.4, 111.1, 121.4, 132.4, 2338, 583, 1109, 
544, 445, 779, 450, 718, 161, 351, 514, 1, 56, 62, 144, 81, 436, 
511, 256, 199, 89, 100, 100, 100, 100, 100, 100, 100, 100, 100, 
100, 100, 100, 2500, 2500, 2500, 2500, 2500, 2500, 2500, 2500, 
2500, 2500, 2500, 6503.696, 6467.881, 6664.002, 6347.875, 6356.608, 
6616.266, 6757.36, 6871.99399999999, 6994.62199999999, 7250.815, 
7425.09, 0.30005, 8.90703, 0.27441, 1.09349, 8.12215, 0.04319, 
0.04047, -0.9219, 12.16602, 8.76829, 4.39904, -3.77571, -11.52831, 
-4.22521, -5.64743, -6.34463, -3.94451, -4.09291, -3.89056, -12.43786, 
-14.15839, -7.50138, 0, 0, 0, 0, 0, 0, 0, 0, 0, 0, 0, 0, 0, 0, 
0, 0, 0, 0, 0, 0, 0, 0, 0.72265, 0.73676, 0.72317, 0.69901, 0.70524, 
0.69226, 0.70268, 0.67792, 0.70619, 0.68385, 0.70128, 0.71634, 
0.68424, 0.71261, 0.67711, 0.62612, 0.67861, 0.70253, 0.66606, 
0.67537, 0.65552, 0.66329, 0.0169, 0.0178, 0.0196, 0.0205, 0.0265, 
0.0254, 0.0283, 0.0293, 0.0349, 0.0302, 0.0319, 75.4, 71.7, 88.8, 
91.2, 97.8, 111.5, 116.1, 125.9, 110.8, 121.3, 126.4, 532, 1387, 
806, 115, 797, 1131, 398, 272, 281, 976, 2302, 2, 1, 3, 2, 1, 
1, 1, 1, 2, 4, 1, 100, 100, 100, 100, 100, 100, 100, 100, 100, 
100, 100, 2500, 2500, 2500, 2500, 2500, 2500, 2500, 2500, 2500, 
2500, 2500, 6435.764, 6579.754, 6406.798, 6460.385, 6498.102, 
6772.077, 6983.71400000001, 7055.10500000001, 7332.16499999999, 
7645.671, 7842.38400000002, 1, 1, 1, 1, 1, 1, 1, 1, 1, 1, 1, 
0.07692, 0.07692, 0.07692, 0.07692, 0.07692, 0.07692, 0.07692, 
0.07692, 0.07692, 0.07692, 0.07692, 0, 0, 0, 0, 0, 0, 0, 0, 0, 
0, 0, 0, 0, 0, 0, 0, 0, 0, 0, 0, 0, 0, 0.7164, 0.71202, 0.71659, 
0.68322, 0.68455, 0.68315, 0.69452, 0.66977, 0.68436, 0.6591, 
0.69008, 0.71634, 0.69911, 0.70636, 0.6824, 0.68974, 0.68315, 
0.70271, 0.67764, 0.68052, 0.66996, 0.68295, 0.0171, 0.0187, 
0.0199, 0.0219, 0.0234, 0.0264, 0.0268, 0.0282, 0.03, 0.0333, 
0.0337, 75.7, 87, 94.8, 102.2, 107.3, 113.6, 121.4, 130, 133.9, 
143.6, 149, 1, 1, 1, 1, 1, 1, 1, 1, 1, 1, 1, 1, 1, 1, 1, 1, 1, 
1, 1, 1, 1, 1, 1, 1, 1, 1, 1, 1, 1, 1, 1, 1, 1, 1, 1, 1, 1, 1, 
1, 1, 1, 1, 1, 1, 2.497, 2.533, 2.447, 2.502, 2.588, 2.831, 2.667, 
2.654, 2.741, 2.918, 3.012), .Dim = c(11L, 40L), .Dimnames = list(
    NULL, c("Sampling", "PSO.cost", "PSO.gamma", "PSO.data.balancing", 
    "PSO.feature.selection", "PSO.valid.acc", "PSO.test.acc", 
    "PSO.train.time", "PSO.n.support.vectors", "PSO.index", "PSO.n.solutions", 
    "PSO.generations", "PSO.n.evaluations", "PSO.cpu.time", "RS.cost", 
    "RS.gamma", "RS.data.balancing", "RS.feature.selection", 
    "RS.valid.acc", "RS.test.acc", "RS.train.time", "RS.n.support.vectors", 
    "RS.index", "RS.n.solutions", "RS.generations", "RS.n.evaluations", 
    "RS.cpu.time", "DF.cost", "DF.gamma", "DF.data.balancing", 
    "DF.feature.selection", "DF.valid.acc", "DF.test.acc", "DF.train.time", 
    "DF.n.support.vectors", "DF.index", "DF.n.solutions", "DF.generations", 
    "DF.n.evaluations", "DF.cpu.time")))
