full <-
structure(c(50, 55, 60, 65, 70, 75, 80, 85, 90, 95, 100, -0.50931, 
13.84625, 0.42137, 9.45818, -0.16198, 1.87471, 7.70439, 0.47487, 
3.38192, 1.49382, -0.2253, -3.8151, -15, -4.74401, -14.77965, 
-3.4813, -5.25386, -8.59676, -5.365, -6.16955, -4.86854, -3.46322, 
0, 0, 0, 0, 0, 0, 0, 0, 0, 0, 0, 0, 0, 0, 0, 0, 0, 0, 0, 0, 0, 
0, 0.72188, 0.74676, 0.72937, 0.70766, 0.71405, 0.69651, 0.69987, 
0.67444, 0.69266, 0.69427, 0.68668, 0.70092, 0.6849, 0.729, 0.69129, 
0.69905, 0.68307, 0.68701, 0.66995, 0.66641, 0.68763, 0.66954, 
0.02, 0.0198, 0.0216, 0.021, 0.0258, 0.0265, 0.0306, 0.028, 0.0306, 
0.0331, 0.0369, 75.5, 65.5, 83, 82.6, 112.2, 106, 107.1, 115.3, 
122, 133.4, 152.6, 473, 264, 643, 183, 1678, 407, 2266, 442, 
2159, 123, 1318, 174, 58, 298, 83, 55, 350, 1, 66, 4, 221, 138, 
100, 100, 100, 100, 100, 100, 100, 100, 100, 100, 100, 2500, 
2500, 2500, 2500, 2500, 2500, 2500, 2500, 2500, 2500, 2500, 7641.231, 
7706.391, 7691.8, 7749.356, 7868.036, 7856.15999999999, 7830.52500000001, 
7815.357, 7806.13, 7789.65700000001, 7816.97199999998, 3.52954, 
13.09307, 2.7992, -0.39123, -0.17752, 1.80349, 7.03167, 0.68031, 
2.07542, 1.03369, -0.56415, -8.39506, -14.30205, -5.86713, -4.03777, 
-3.38528, -5.16179, -8.10884, -5.19931, -5.08485, -4.61907, -3.00282, 
0, 0, 0, 0, 0, 0, 0, 0, 0, 0, 0, 0, 0, 0, 0, 0, 0, 0, 0, 0, 0, 
0, 0.71569, 0.74051, 0.72798, 0.70766, 0.70905, 0.69651, 0.6957, 
0.67027, 0.68868, 0.69045, 0.68323, 0.70854, 0.69115, 0.69297, 
0.69655, 0.69905, 0.68762, 0.68301, 0.67395, 0.67026, 0.68047, 
0.67612, 0.0176, 0.0194, 0.0205, 0.0228, 0.0257, 0.0262, 0.0296, 
0.0289, 0.0319, 0.0329, 0.0379, 62.6, 65.6, 79.7, 96.7, 113.4, 
106.3, 108.4, 117.1, 127.5, 134, 161.3, 1808, 352, 860, 21, 12, 
1599, 599, 1407, 638, 2021, 1061, 1, 9, 1, 9, 1, 1, 2, 1, 3, 
1, 1, 100, 100, 100, 100, 100, 100, 100, 100, 100, 100, 100, 
2500, 2500, 2500, 2500, 2500, 2500, 2500, 2500, 2500, 2500, 2500, 
7670.031, 7741.552, 7807.68399999999, 7878.813, 7956.056, 7838.573, 
7943.19200000001, 8015.72900000001, 7938.91899999999, 7981.44400000002, 
8067.073, 1, 1, 1, 1, 1, 1, 1, 1, 1, 1, 1, 0.07692, 0.07692, 
0.07692, 0.07692, 0.07692, 0.07692, 0.07692, 0.07692, 0.07692, 
0.07692, 0.07692, 0, 0, 0, 0, 0, 0, 0, 0, 0, 0, 0, 0, 0, 0, 0, 
0, 0, 0, 0, 0, 0, 0, 0.70854, 0.7088, 0.71687, 0.69711, 0.69905, 
0.67437, 0.67016, 0.66195, 0.6737, 0.69069, 0.67022, 0.71521, 
0.71547, 0.729, 0.70237, 0.69905, 0.68327, 0.67451, 0.67812, 
0.66241, 0.66986, 0.67311, 0.0191, 0.0225, 0.0219, 0.0251, 0.0255, 
0.0262, 0.0292, 0.0305, 0.0322, 0.0343, 0.0348, 76.9, 84.6, 93.8, 
101.2, 110.1, 116.6, 126.4, 133.3, 138, 144.7, 148.2, 1, 1, 1, 
1, 1, 1, 1, 1, 1, 1, 1, 1, 1, 1, 1, 1, 1, 1, 1, 1, 1, 1, 1, 1, 
1, 1, 1, 1, 1, 1, 1, 1, 1, 1, 1, 1, 1, 1, 1, 1, 1, 1, 1, 1, 3.064, 
3.067, 3.085, 3.163, 3.129, 3.022, 3.082, 3.071, 3.087, 3.062, 
3.11), .Dim = c(11L, 40L), .Dimnames = list(NULL, c("Sampling", 
"PSO.cost", "PSO.gamma", "PSO.data.balancing", "PSO.feature.selection", 
"PSO.valid.acc", "PSO.test.acc", "PSO.train.time", "PSO.n.support.vectors", 
"PSO.index", "PSO.n.solutions", "PSO.generations", "PSO.n.evaluations", 
"PSO.cpu.time", "RS.cost", "RS.gamma", "RS.data.balancing", "RS.feature.selection", 
"RS.valid.acc", "RS.test.acc", "RS.train.time", "RS.n.support.vectors", 
"RS.index", "RS.n.solutions", "RS.generations", "RS.n.evaluations", 
"RS.cpu.time", "DF.cost", "DF.gamma", "DF.data.balancing", "DF.feature.selection", 
"DF.valid.acc", "DF.test.acc", "DF.train.time", "DF.n.support.vectors", 
"DF.index", "DF.n.solutions", "DF.generations", "DF.n.evaluations", 
"DF.cpu.time")))
