full <-
structure(c(50, 55, 60, 65, 70, 75, 80, 85, 90, 95, 100, 1, 0.92824, 
0.6101, 0.40213, -0.04475, -0.13404, 1.25775, 1.80956, 12.82559, 
8.1142, 3.25566, 0.07692, -3.3432, -4.50692, -2.90795, -3.33246, 
-3.31615, -3.70388, -7.28253, -11.06427, -13.18954, -5.4182, 
0, 0, 0, 0, 0, 0, 0, 0, 0, 0, 0, 0, 0, 0, 0, 0, 0, 0, 0, 0, 0, 
0, 0.74259, 0.75419, 0.75779, 0.72331, 0.72395, 0.71176, 0.69519, 
0.6934, 0.68628, 0.68032, 0.69083, 0.73634, 0.75929, 0.73895, 
0.68611, 0.71864, 0.69352, 0.70698, 0.66583, 0.689, 0.66296, 
0.6501, 0.0192, 0.0207, 0.0218, 0.0256, 0.0266, 0.0268, 0.0305, 
0.0278, 0.0535, 0.0315, 0.0349, 74.3, 84.2, 78.3, 107.6, 106, 
118.1, 127, 108.1, 114.9, 120.1, 140.3, 1, 809, 1553, 408, 1834, 
381, 194, 2264, 1039, 45, 2484, 17, 277, 18, 285, 16, 141, 52, 
2, 59, 147, 1, 100, 100, 100, 100, 100, 100, 100, 100, 100, 100, 
100, 2500, 2500, 2500, 2500, 2500, 2500, 2500, 2500, 2500, 2500, 
2500, 7112.716, 7386.117, 7397.451, 7172.555, 7301.358, 7478.883, 
7526.47100000001, 7616.128, 8102.049, 7338.29200000002, 7752.21900000001, 
0.1395, 0.75718, 0.83179, 0.57014, -0.08214, -0.57618, 1.24284, 
1.03413, 11.61601, 9.90263, 2.4566, -3.94559, -4.08902, -4.23059, 
-3.2054, -3.34362, -4.25237, -4.86286, -6.38684, -10.38702, -14.95732, 
-5.6386, 0, 0, 0, 0, 0, 0, 0, 0, 0, 0, 0, 0, 0, 0, 0, 0, 0, 0, 
0, 0, 0, 0, 0.74259, 0.74794, 0.75187, 0.71805, 0.72395, 0.70676, 
0.69503, 0.6894, 0.68283, 0.68032, 0.68713, 0.73634, 0.74674, 
0.73925, 0.69664, 0.71864, 0.68499, 0.69065, 0.66983, 0.6857, 
0.66296, 0.68079, 0.0197, 0.0216, 0.0208, 0.0237, 0.0267, 0.0269, 
0.0255, 0.0284, 0.0478, 0.0312, 0.032, 72.3, 76.4, 80.6, 101.9, 
105.6, 106.5, 111.9, 109.5, 115.7, 120, 135, 1295, 53, 1656, 
1995, 501, 590, 1574, 2141, 2230, 123, 1590, 1, 3, 1, 1, 2, 1, 
1, 2, 1, 3, 1, 100, 100, 100, 100, 100, 100, 100, 100, 100, 100, 
100, 2500, 2500, 2500, 2500, 2500, 2500, 2500, 2500, 2500, 2500, 
2500, 7367.881, 7444.37, 7181.49200000001, 7235.365, 7443.14499999999, 
7404.86300000001, 7647.69500000001, 7824.74399999999, 7551.63999999998, 
7559.68599999999, 7685.98800000001, 1, 1, 1, 1, 1, 1, 1, 1, 1, 
1, 1, 0.07692, 0.07692, 0.07692, 0.07692, 0.07692, 0.07692, 0.07692, 
0.07692, 0.07692, 0.07692, 0.07692, 0, 0, 0, 0, 0, 0, 0, 0, 0, 
0, 0, 0, 0, 0, 0, 0, 0, 0, 0, 0, 0, 0, 0.74259, 0.74206, 0.73484, 
0.68611, 0.71941, 0.69789, 0.66962, 0.66568, 0.6626, 0.66219, 
0.6832, 0.73634, 0.72873, 0.75681, 0.69726, 0.69909, 0.70204, 
0.68248, 0.6663, 0.66275, 0.67331, 0.68368, 0.0189, 0.0193, 0.0209, 
0.0226, 0.0247, 0.0258, 0.0269, 0.0326, 0.0321, 0.0317, 0.0335, 
74.3, 79.3, 85.1, 92.9, 99.9, 113.2, 123.4, 131.7, 135.2, 146.3, 
149.9, 1, 1, 1, 1, 1, 1, 1, 1, 1, 1, 1, 1, 1, 1, 1, 1, 1, 1, 
1, 1, 1, 1, 1, 1, 1, 1, 1, 1, 1, 1, 1, 1, 1, 1, 1, 1, 1, 1, 1, 
1, 1, 1, 1, 1, 2.945, 2.748, 2.747, 2.788, 3.003, 2.798, 3.055, 
3.096, 2.956, 3.034, 2.949), .Dim = c(11L, 40L), .Dimnames = list(
    NULL, c("Sampling", "PSO.cost", "PSO.gamma", "PSO.data.balancing", 
    "PSO.feature.selection", "PSO.valid.acc", "PSO.test.acc", 
    "PSO.train.time", "PSO.n.support.vectors", "PSO.index", "PSO.n.solutions", 
    "PSO.generations", "PSO.n.evaluations", "PSO.cpu.time", "RS.cost", 
    "RS.gamma", "RS.data.balancing", "RS.feature.selection", 
    "RS.valid.acc", "RS.test.acc", "RS.train.time", "RS.n.support.vectors", 
    "RS.index", "RS.n.solutions", "RS.generations", "RS.n.evaluations", 
    "RS.cpu.time", "DF.cost", "DF.gamma", "DF.data.balancing", 
    "DF.feature.selection", "DF.valid.acc", "DF.test.acc", "DF.train.time", 
    "DF.n.support.vectors", "DF.index", "DF.n.solutions", "DF.generations", 
    "DF.n.evaluations", "DF.cpu.time")))
