full <-
structure(c(50, 55, 60, 65, 70, 75, 80, 85, 90, 95, 100, 4.18695, 
3.94848, 5.42947, 11.98498, 8.05306, 11.58707, 2.99597, 11.43992, 
12.34025, 3.5049, 11.16323, -8.3651, -8.10812, -8.57181, -10.67796, 
-13.0961, -15, -6.07591, -11.86297, -11.14731, -7.46712, -9.89971, 
0, 0, 0, 0, 0, 0, 0, 0, 0, 0, 0, 0, 0, 0, 0, 0, 0, 0, 0, 0, 0, 
0, 0.68755, 0.69037, 0.6989, 0.70387, 0.68022, 0.67094, 0.67406, 
0.67763, 0.68183, 0.7024, 0.69344, 0.68088, 0.66537, 0.67602, 
0.64638, 0.67118, 0.65689, 0.66102, 0.65292, 0.64774, 0.66046, 
0.66571, 0.0171, 0.019, 0.0202, 0.0306, 0.0221, 0.0239, 0.0261, 
0.0339, 0.0479, 0.0307, 0.0499, 65.8, 73.6, 77.5, 86.7, 92, 96, 
109.9, 109.1, 118.1, 120.9, 129.2, 1606, 376, 332, 377, 187, 
45, 477, 186, 1544, 551, 922, 2, 83, 305, 171, 81, 70, 250, 133, 
25, 64, 62, 100, 100, 100, 100, 100, 100, 100, 100, 100, 100, 
100, 2500, 2500, 2500, 2500, 2500, 2500, 2500, 2500, 2500, 2500, 
2500, 6294.15, 6340.466, 6402.88, 6626.895, 6463.736, 6545.49200000001, 
6598.323, 6762.645, 7526.24099999999, 6850.63799999999, 7266.68700000001, 
1.6922, 8.63891, 4.91081, 1.12713, 8.12266, 2.08228, 2.3565, 
13.47445, 14.66306, 10.13312, 10.9621, -5.96507, -12.88506, -8.0928, 
-4.48388, -13.25149, -5.74681, -5.49702, -13.88039, -12.62853, 
-14.40409, -10.09435, 0, 0, 0, 0, 0, 0, 0, 0, 0, 0, 0, 0, 0, 
0, 0, 0, 0, 0, 0, 0, 0, 0, 0.69421, 0.68449, 0.6989, 0.70305, 
0.68022, 0.68357, 0.66989, 0.67378, 0.67799, 0.69883, 0.69011, 
0.66652, 0.67125, 0.67602, 0.67302, 0.67118, 0.66124, 0.66102, 
0.65292, 0.63276, 0.65614, 0.65892, 0.018, 0.0188, 0.0201, 0.0225, 
0.0218, 0.0246, 0.0263, 0.0342, 0.066, 0.0297, 0.0464, 68.4, 
72, 77.8, 98.5, 92.2, 103, 112.4, 108.2, 116.4, 119.9, 127.6, 
184, 525, 1623, 768, 940, 67, 1836, 534, 1899, 497, 2000, 1, 
7, 1, 1, 1, 1, 1, 1, 1, 4, 1, 100, 100, 100, 100, 100, 100, 100, 
100, 100, 100, 100, 2500, 2500, 2500, 2500, 2500, 2500, 2500, 
2500, 2500, 2500, 2500, 6383.504, 6423.35, 6493.676, 6559.37300000001, 
6615.762, 6655.211, 6854.894, 6809.666, 7023.761, 7078.53199999999, 
7119.712, 1, 1, 1, 1, 1, 1, 1, 1, 1, 1, 1, 0.07692, 0.07692, 
0.07692, 0.07692, 0.07692, 0.07692, 0.07692, 0.07692, 0.07692, 
0.07692, 0.07692, 0, 0, 0, 0, 0, 0, 0, 0, 0, 0, 0, 0, 0, 0, 0, 
0, 0, 0, 0, 0, 0, 0, 0.66549, 0.65282, 0.68187, 0.66644, 0.65567, 
0.66061, 0.65412, 0.66178, 0.66185, 0.68142, 0.6725, 0.67216, 
0.66422, 0.6822, 0.67276, 0.66067, 0.6608, 0.66191, 0.66127, 
0.67326, 0.66378, 0.66916, 0.0184, 0.0194, 0.0214, 0.023, 0.0242, 
0.0255, 0.0277, 0.0301, 0.0312, 0.0327, 0.0346, 81.8, 89.2, 96.9, 
104.3, 111.5, 117.5, 124.9, 132.2, 139.3, 143, 149.3, 1, 1, 1, 
1, 1, 1, 1, 1, 1, 1, 1, 1, 1, 1, 1, 1, 1, 1, 1, 1, 1, 1, 1, 1, 
1, 1, 1, 1, 1, 1, 1, 1, 1, 1, 1, 1, 1, 1, 1, 1, 1, 1, 1, 1, 2.532, 
2.541, 2.59, 2.571, 2.558, 2.624, 2.575, 2.669, 2.679, 2.719, 
2.76), .Dim = c(11L, 40L), .Dimnames = list(NULL, c("Sampling", 
"PSO.cost", "PSO.gamma", "PSO.data.balancing", "PSO.feature.selection", 
"PSO.valid.acc", "PSO.test.acc", "PSO.train.time", "PSO.n.support.vectors", 
"PSO.index", "PSO.n.solutions", "PSO.generations", "PSO.n.evaluations", 
"PSO.cpu.time", "RS.cost", "RS.gamma", "RS.data.balancing", "RS.feature.selection", 
"RS.valid.acc", "RS.test.acc", "RS.train.time", "RS.n.support.vectors", 
"RS.index", "RS.n.solutions", "RS.generations", "RS.n.evaluations", 
"RS.cpu.time", "DF.cost", "DF.gamma", "DF.data.balancing", "DF.feature.selection", 
"DF.valid.acc", "DF.test.acc", "DF.train.time", "DF.n.support.vectors", 
"DF.index", "DF.n.solutions", "DF.generations", "DF.n.evaluations", 
"DF.cpu.time")))
