full <-
structure(c(50, 55, 60, 65, 70, 75, 80, 85, 90, 95, 100, 9.61901, 
4.83849, 9.04765, 1.96125, 8.56205, -0.416, 9.90082, 7.2923, 
9.91325, 0.71331, -0.65286, -12.57505, -6.9827, -11.70585, -6.10061, 
-9.38418, -1.76649, -14.82888, -11.88923, -10.03639, -3.55921, 
-3.75548, 0, 0, 0, 0, 0, 0, 0, 0, 0, 0, 0, 0, 0, 0, 0, 0, 0, 
0, 0, 0, 0, 0, 0.67012, 0.70328, 0.70872, 0.68076, 0.6708, 0.63948, 
0.63673, 0.66169, 0.67735, 0.69123, 0.6862, 0.62292, 0.64809, 
0.6591, 0.66471, 0.64269, 0.62562, 0.63167, 0.65786, 0.64042, 
0.67386, 0.6756, 0.0186, 0.0209, 0.0213, 0.0223, 0.0282, 0.0333, 
0.0272, 0.0283, 0.0376, 0.034, 0.0346, 64.4, 75.8, 76.3, 87.8, 
94.5, 151.3, 106.8, 112.1, 117.4, 153.2, 145.2, 409, 524, 323, 
1345, 763, 221, 825, 423, 1612, 839, 130, 54, 305, 87, 27, 47, 
84, 79, 52, 28, 211, 367, 100, 100, 100, 100, 100, 100, 100, 
100, 100, 100, 100, 2500, 2500, 2500, 2500, 2500, 2500, 2500, 
2500, 2500, 2500, 2500, 7288.518, 7371.772, 7364.795, 7259.135, 
7673.81600000001, 7496.678, 7673.84699999999, 7718.394, 7928.643, 
7009.34599999999, 7734.82799999998, 6.8186, 4.66644, 9.19819, 
1.95448, 11.32956, 12.91973, 1.15088, 10.13312, 2.28001, 0.35559, 
0.13824, -9.45055, -6.91397, -11.8688, -5.91727, -13.39344, -13.91953, 
-4.52712, -14.754, -5.59178, -3.4927, -4.80308, 0, 0, 0, 0, 0, 
0, 0, 0, 0, 0, 0, 0, 0, 0, 0, 0, 0, 0, 0, 0, 0, 0, 0.6706, 0.69703, 
0.70872, 0.68576, 0.6708, 0.64309, 0.64435, 0.66169, 0.67324, 
0.68421, 0.6862, 0.62339, 0.64809, 0.6591, 0.65971, 0.6269, 0.61576, 
0.63151, 0.65401, 0.6584, 0.66301, 0.67215, 0.019, 0.0201, 0.0214, 
0.0221, 0.0265, 0.0274, 0.0277, 0.0284, 0.0321, 0.0349, 0.0335, 
65.3, 75.8, 76.4, 88.5, 92.8, 101, 119.8, 112, 125.5, 152.6, 
134.3, 1755, 1071, 331, 1099, 1272, 988, 970, 596, 1897, 1148, 
1970, 1, 1, 1, 2, 1, 2, 1, 2, 1, 1, 1, 100, 100, 100, 100, 100, 
100, 100, 100, 100, 100, 100, 2500, 2500, 2500, 2500, 2500, 2500, 
2500, 2500, 2500, 2500, 2500, 7246.386, 7358.078, 7420.107, 7329.475, 
7668.065, 7747.78599999999, 7717.09700000001, 8064.41799999999, 
8093.651, 7901.005, 7862.24799999999, 1, 1, 1, 1, 1, 1, 1, 1, 
1, 1, 1, 0.07692, 0.07692, 0.07692, 0.07692, 0.07692, 0.07692, 
0.07692, 0.07692, 0.07692, 0.07692, 0.07692, 0, 0, 0, 0, 0, 0, 
0, 0, 0, 0, 0, 0, 0, 0, 0, 0, 0, 0, 0, 0, 0, 0, 0.64345, 0.62975, 
0.66312, 0.64882, 0.65625, 0.61161, 0.62785, 0.62982, 0.65484, 
0.6736, 0.68239, 0.65054, 0.6485, 0.65683, 0.65882, 0.6558, 0.6207, 
0.64057, 0.65433, 0.6661, 0.67409, 0.6786, 0.0187, 0.0209, 0.022, 
0.0237, 0.0257, 0.0279, 0.0304, 0.0311, 0.0327, 0.0344, 0.0352, 
78.1, 85.3, 90.7, 99.8, 109.7, 119.8, 127.1, 132.8, 140.8, 147.4, 
148.2, 1, 1, 1, 1, 1, 1, 1, 1, 1, 1, 1, 1, 1, 1, 1, 1, 1, 1, 
1, 1, 1, 1, 1, 1, 1, 1, 1, 1, 1, 1, 1, 1, 1, 1, 1, 1, 1, 1, 1, 
1, 1, 1, 1, 1, 2.819, 2.861, 2.941, 2.937, 3.009, 3.026, 3.079, 
3.146, 3.034, 3.055, 3.002), .Dim = c(11L, 40L), .Dimnames = list(
    NULL, c("Sampling", "PSO.cost", "PSO.gamma", "PSO.data.balancing", 
    "PSO.feature.selection", "PSO.valid.acc", "PSO.test.acc", 
    "PSO.train.time", "PSO.n.support.vectors", "PSO.index", "PSO.n.solutions", 
    "PSO.generations", "PSO.n.evaluations", "PSO.cpu.time", "RS.cost", 
    "RS.gamma", "RS.data.balancing", "RS.feature.selection", 
    "RS.valid.acc", "RS.test.acc", "RS.train.time", "RS.n.support.vectors", 
    "RS.index", "RS.n.solutions", "RS.generations", "RS.n.evaluations", 
    "RS.cpu.time", "DF.cost", "DF.gamma", "DF.data.balancing", 
    "DF.feature.selection", "DF.valid.acc", "DF.test.acc", "DF.train.time", 
    "DF.n.support.vectors", "DF.index", "DF.n.solutions", "DF.generations", 
    "DF.n.evaluations", "DF.cpu.time")))
