full <-
structure(c(50, 55, 60, 65, 70, 75, 80, 85, 90, 95, 100, 0.3864, 
1, 1, 1.88814, 1.46043, 4.74012, 5.31522, 1.30235, -0.25966, 
8.31096, 2.62591, -3.67052, 0.07692, 0.07692, -5.66265, -6.03593, 
-10.60629, -4.2726, -5.90319, -4.18977, -9.82949, -5.43537, 0, 
0, 0, 0, 0, 0, 0, 0, 0, 0, 0, 0, 0, 0, 0, 0, 0, 0, 0, 0, 0, 0, 
0.69577, 0.69596, 0.70079, 0.70254, 0.70103, 0.69414, 0.70018, 
0.69321, 0.68374, 0.69101, 0.687, 0.69433, 0.69596, 0.69524, 
0.6862, 0.69555, 0.68522, 0.66576, 0.65764, 0.66152, 0.66981, 
0.65594, 0.0188, 0.0206, 0.0219, 0.0218, 0.0232, 0.0233, 0.0308, 
0.0277, 0.0309, 0.0332, 0.0323, 80.6, 88.4, 93.8, 88.5, 91.1, 
94.4, 122.5, 111.8, 129.1, 120.2, 137.1, 939, 1, 1, 277, 201, 
34, 1304, 653, 205, 487, 2084, 89, 214, 126, 185, 470, 77, 46, 
458, 641, 199, 7, 100, 100, 100, 100, 100, 100, 100, 100, 100, 
100, 100, 2500, 2500, 2500, 2500, 2500, 2500, 2500, 2500, 2500, 
2500, 2500, 6492.617, 6644.43, 6609.379, 6703.137, 6952.419, 
6848.73699999999, 7188.79900000001, 7377.99400000001, 7698.841, 
7770.33299999998, 7250.17500000002, 0.87497, -0.27785, -0.0268, 
0.68625, 1.5546, 7.14373, 5.37987, 2.48234, -0.44337, 8.44856, 
2.66245, -3.71247, -3.47512, -3.97625, -3.62782, -6.06526, -13.00497, 
-4.35512, -6.55356, -3.97944, -9.78646, -5.432, 0, 0, 0, 0, 0, 
0, 0, 0, 0, 0, 0, 0, 0, 0, 0, 0, 0, 0, 0, 0, 0, 0, 0.6953, 0.69596, 
0.70079, 0.70254, 0.70103, 0.69414, 0.69583, 0.68551, 0.68017, 
0.68767, 0.687, 0.67338, 0.68382, 0.70079, 0.68123, 0.69555, 
0.68522, 0.66141, 0.65828, 0.66152, 0.66637, 0.65594, 0.0189, 
0.0203, 0.0206, 0.0231, 0.0229, 0.0246, 0.0298, 0.0286, 0.0329, 
0.0342, 0.0334, 80.5, 89.5, 90.7, 104.6, 91.1, 94.3, 122.3, 110.2, 
131.1, 120.3, 137, 238, 128, 199, 1978, 1186, 841, 1549, 1609, 
488, 1352, 1829, 2, 5, 5, 1, 2, 4, 1, 2, 3, 1, 1, 100, 100, 100, 
100, 100, 100, 100, 100, 100, 100, 100, 2500, 2500, 2500, 2500, 
2500, 2500, 2500, 2500, 2500, 2500, 2500, 6492.366, 6633.793, 
6806.011, 6892.662, 7071.6, 7004.66800000001, 7367.81200000001, 
7829.78599999999, 7881.04000000001, 7940.573, 7108.69399999999, 
1, 1, 1, 1, 1, 1, 1, 1, 1, 1, 1, 0.07692, 0.07692, 0.07692, 0.07692, 
0.07692, 0.07692, 0.07692, 0.07692, 0.07692, 0.07692, 0.07692, 
0, 0, 0, 0, 0, 0, 0, 0, 0, 0, 0, 0, 0, 0, 0, 0, 0, 0, 0, 0, 0, 
0, 0.68141, 0.69596, 0.70079, 0.68646, 0.70081, 0.68559, 0.68225, 
0.68519, 0.67275, 0.66647, 0.65965, 0.69481, 0.69596, 0.69524, 
0.69728, 0.69078, 0.69498, 0.68261, 0.68167, 0.66522, 0.67747, 
0.66975, 0.0189, 0.0213, 0.0211, 0.0235, 0.0247, 0.0261, 0.0274, 
0.0287, 0.0324, 0.0349, 0.036, 79.8, 88.4, 93.8, 102.6, 108.2, 
113.9, 122.1, 129.6, 137.6, 143.4, 150, 1, 1, 1, 1, 1, 1, 1, 
1, 1, 1, 1, 1, 1, 1, 1, 1, 1, 1, 1, 1, 1, 1, 1, 1, 1, 1, 1, 1, 
1, 1, 1, 1, 1, 1, 1, 1, 1, 1, 1, 1, 1, 1, 1, 1, 2.572, 2.662, 
2.707, 2.767, 2.767, 2.715, 2.813, 3.072, 3.012, 3.171, 2.863
), .Dim = c(11L, 40L), .Dimnames = list(NULL, c("Sampling", "PSO.cost", 
"PSO.gamma", "PSO.data.balancing", "PSO.feature.selection", "PSO.valid.acc", 
"PSO.test.acc", "PSO.train.time", "PSO.n.support.vectors", "PSO.index", 
"PSO.n.solutions", "PSO.generations", "PSO.n.evaluations", "PSO.cpu.time", 
"RS.cost", "RS.gamma", "RS.data.balancing", "RS.feature.selection", 
"RS.valid.acc", "RS.test.acc", "RS.train.time", "RS.n.support.vectors", 
"RS.index", "RS.n.solutions", "RS.generations", "RS.n.evaluations", 
"RS.cpu.time", "DF.cost", "DF.gamma", "DF.data.balancing", "DF.feature.selection", 
"DF.valid.acc", "DF.test.acc", "DF.train.time", "DF.n.support.vectors", 
"DF.index", "DF.n.solutions", "DF.generations", "DF.n.evaluations", 
"DF.cpu.time")))
