full <-
structure(c(50, 55, 60, 65, 70, 75, 80, 85, 90, 95, 100, 0.56804, 
0.99511, 6.99881, 2.51373, 9.92656, 2.40804, 15, 7.73243, -0.2172, 
0.6142, 1.3665, -1.88049, -0.38756, -6.88075, -0.8169, -7.66163, 
-2.01594, -13.64949, -6.10772, -3.95829, -3.90453, -4.28229, 
0, 0, 0, 0, 0, 0, 0, 0, 0, 0, 0, 0, 0, 0, 0, 0, 0, 0, 0, 0, 0, 
0, 0.71338, 0.66422, 0.68853, 0.70222, 0.65151, 0.66142, 0.65843, 
0.66187, 0.67692, 0.68848, 0.68966, 0.68156, 0.67125, 0.66137, 
0.65982, 0.59271, 0.65211, 0.59786, 0.59796, 0.6812, 0.66666, 
0.67322, 0.0246, 0.0265, 0.0238, 0.0309, 0.036, 0.0328, 0.0516, 
0.0376, 0.0318, 0.0354, 0.035, 100.1, 124.9, 87.9, 141.2, 106.1, 
143.7, 108.1, 128.2, 134, 145.9, 145.2, 721, 1769, 1411, 115, 
1956, 2406, 257, 554, 650, 300, 2447, 76, 3, 48, 644, 3, 1, 56, 
142, 91, 658, 1, 100, 100, 100, 100, 100, 100, 100, 100, 100, 
100, 100, 2500, 2500, 2500, 2500, 2500, 2500, 2500, 2500, 2500, 
2500, 2500, 7127.893, 7263.262, 7414.682, 7485.00900000001, 7414.86500000001, 
7498.79800000001, 8065.22399999999, 7766.01199999999, 7702.921, 
7771.739, 6971.43600000002, 14.889, 0.21285, 5.15374, 3.50811, 
9.31147, 2.9956, 14.55713, 7.42068, 0.27031, 0.84861, 2.70953, 
-10.54591, -3.60849, -5.74656, -0.83158, -7.4006, -3.907, -13.27382, 
-5.97527, -4.62129, -4.05526, -7.95259, 0, 0, 0, 0, 0, 0, 0, 
0, 0, 0, 0, 0, 0, 0, 0, 0, 0, 0, 0, 0, 0, 0, 0.70582, 0.66069, 
0.6826, 0.70222, 0.64675, 0.65647, 0.65427, 0.65787, 0.67393, 
0.68848, 0.68334, 0.62891, 0.62824, 0.65515, 0.65982, 0.58818, 
0.62855, 0.60203, 0.60196, 0.66252, 0.67368, 0.66633, 0.0339, 
0.0199, 0.0232, 0.0313, 0.0341, 0.0274, 0.0479, 0.0353, 0.0307, 
0.0344, 0.0321, 69, 90.3, 89.3, 141, 106.5, 121.8, 108, 128.6, 
127, 144, 126, 2038, 2326, 273, 78, 344, 1149, 525, 1286, 1947, 
653, 756, 1, 1, 1, 8, 2, 1, 1, 1, 1, 1, 2, 100, 100, 100, 100, 
100, 100, 100, 100, 100, 100, 100, 2500, 2500, 2500, 2500, 2500, 
2500, 2500, 2500, 2500, 2500, 2500, 7385.036, 7400.22, 7401.288, 
7325.761, 7510.01599999999, 7754.265, 7811.25600000001, 7736.356, 
7906.34300000001, 7466.11599999998, 7169.28100000002, 1, 1, 1, 
1, 1, 1, 1, 1, 1, 1, 1, 0.07692, 0.07692, 0.07692, 0.07692, 0.07692, 
0.07692, 0.07692, 0.07692, 0.07692, 0.07692, 0.07692, 0, 0, 0, 
0, 0, 0, 0, 0, 0, 0, 0, 0, 0, 0, 0, 0, 0, 0, 0, 0, 0, 0, 0.68691, 
0.66069, 0.6712, 0.65535, 0.62206, 0.64321, 0.61981, 0.64204, 
0.65879, 0.67764, 0.67276, 0.67113, 0.62824, 0.65508, 0.66091, 
0.63636, 0.64302, 0.63249, 0.63432, 0.67735, 0.67407, 0.6731, 
0.0196, 0.0214, 0.0218, 0.0239, 0.0261, 0.027, 0.0281, 0.0306, 
0.0332, 0.0324, 0.0348, 82.4, 89, 93.7, 101.7, 113.8, 117.8, 
128.5, 133, 138.7, 146.8, 148.8, 1, 1, 1, 1, 1, 1, 1, 1, 1, 1, 
1, 1, 1, 1, 1, 1, 1, 1, 1, 1, 1, 1, 1, 1, 1, 1, 1, 1, 1, 1, 1, 
1, 1, 1, 1, 1, 1, 1, 1, 1, 1, 1, 1, 1, 2.886, 2.964, 2.891, 2.915, 
2.98, 3.066, 3.098, 3.097, 3.157, 2.662, 2.779), .Dim = c(11L, 
40L), .Dimnames = list(NULL, c("Sampling", "PSO.cost", "PSO.gamma", 
"PSO.data.balancing", "PSO.feature.selection", "PSO.valid.acc", 
"PSO.test.acc", "PSO.train.time", "PSO.n.support.vectors", "PSO.index", 
"PSO.n.solutions", "PSO.generations", "PSO.n.evaluations", "PSO.cpu.time", 
"RS.cost", "RS.gamma", "RS.data.balancing", "RS.feature.selection", 
"RS.valid.acc", "RS.test.acc", "RS.train.time", "RS.n.support.vectors", 
"RS.index", "RS.n.solutions", "RS.generations", "RS.n.evaluations", 
"RS.cpu.time", "DF.cost", "DF.gamma", "DF.data.balancing", "DF.feature.selection", 
"DF.valid.acc", "DF.test.acc", "DF.train.time", "DF.n.support.vectors", 
"DF.index", "DF.n.solutions", "DF.generations", "DF.n.evaluations", 
"DF.cpu.time")))
