full <-
structure(c(50, 55, 60, 65, 70, 75, 80, 85, 90, 95, 100, 11.70546, 
13.63346, 1.68911, 9.88805, 4.57328, 4.72852, -0.28296, 0.64414, 
-0.67303, 0.27633, 0.99739, -14.73234, -15, -1.80584, -11.83984, 
-9.1596, -7.25138, -1.56151, -4.21816, -3.40573, -3.04429, -3.50578, 
0, 0, 0, 0, 0, 0, 0, 0, 0, 0, 0, 0, 0, 0, 0, 0, 0, 0, 0, 0, 0, 
0, 0.6879, 0.69826, 0.68882, 0.70208, 0.70381, 0.7066, 0.67504, 
0.68876, 0.67313, 0.69453, 0.68269, 0.67, 0.67281, 0.68195, 0.67596, 
0.66929, 0.67016, 0.65776, 0.68441, 0.66942, 0.66603, 0.65838, 
0.0193, 0.0219, 0.0283, 0.0216, 0.0217, 0.0238, 0.0352, 0.0282, 
0.0306, 0.0347, 0.0372, 65.4, 68.4, 119.8, 81.8, 87.1, 90.7, 
164.1, 119.6, 135.2, 156.5, 155.5, 220, 247, 836, 777, 174, 450, 
1934, 1173, 357, 1020, 254, 314, 35, 112, 38, 57, 56, 1, 54, 
837, 204, 541, 100, 100, 100, 100, 100, 100, 100, 100, 100, 100, 
100, 2500, 2500, 2500, 2500, 2500, 2500, 2500, 2500, 2500, 2500, 
2500, 6583.271, 6627.457, 6881.811, 6800.698, 6636.163, 6727.23, 
6874.36499999999, 6781.58100000001, 6876.30799999999, 7035.61500000001, 
7027.67199999999, 9.08324, 1.85554, 1.48905, 10.97957, 3.52996, 
0.8598, -0.36392, 0.69452, -0.60555, 0.39209, 0.8807, -12.10967, 
-5.4657, -1.80784, -13.00858, -8.08582, -5.44947, -1.64688, -4.27544, 
-3.56033, -2.84789, -3.1804, 0, 0, 0, 0, 0, 0, 0, 0, 0, 0, 0, 
0, 0, 0, 0, 0, 0, 0, 0, 0, 0, 0, 0.6879, 0.70341, 0.68882, 0.69708, 
0.70381, 0.6979, 0.67087, 0.68876, 0.67313, 0.68735, 0.68269, 
0.67, 0.65878, 0.68195, 0.67596, 0.67405, 0.68881, 0.65776, 0.68441, 
0.66942, 0.67305, 0.65219, 0.0185, 0.0198, 0.0255, 0.0218, 0.0218, 
0.0235, 0.0373, 0.0278, 0.0307, 0.0354, 0.039, 65.3, 73.4, 119.8, 
82.1, 87.4, 94.6, 161.9, 119.2, 133.1, 160, 162.2, 9, 813, 1675, 
1561, 255, 344, 334, 1569, 929, 626, 188, 5, 4, 1, 2, 5, 9, 1, 
1, 2, 1, 2, 100, 100, 100, 100, 100, 100, 100, 100, 100, 100, 
100, 2500, 2500, 2500, 2500, 2500, 2500, 2500, 2500, 2500, 2500, 
2500, 6743.547, 6815.643, 6762.922, 6754.012, 6792.39399999999, 
6793.82000000001, 6910.61500000001, 6947.329, 7045.70199999999, 
7172.618, 7261.17300000001, 1, 1, 1, 1, 1, 1, 1, 1, 1, 1, 1, 
0.07692, 0.07692, 0.07692, 0.07692, 0.07692, 0.07692, 0.07692, 
0.07692, 0.07692, 0.07692, 0.07692, 0, 0, 0, 0, 0, 0, 0, 0, 0, 
0, 0, 0, 0, 0, 0, 0, 0, 0, 0, 0, 0, 0, 0.65086, 0.68509, 0.66568, 
0.67573, 0.68452, 0.67472, 0.66517, 0.68041, 0.64745, 0.68394, 
0.66864, 0.66196, 0.64832, 0.66561, 0.65465, 0.665, 0.68383, 
0.65589, 0.68056, 0.65829, 0.67001, 0.68891, 0.0188, 0.0207, 
0.0205, 0.0244, 0.0239, 0.0269, 0.027, 0.0285, 0.0302, 0.0323, 
0.0343, 79, 85.8, 90.3, 99.5, 105.5, 107.7, 120.4, 125.7, 131.8, 
141.8, 149.2, 1, 1, 1, 1, 1, 1, 1, 1, 1, 1, 1, 1, 1, 1, 1, 1, 
1, 1, 1, 1, 1, 1, 1, 1, 1, 1, 1, 1, 1, 1, 1, 1, 1, 1, 1, 1, 1, 
1, 1, 1, 1, 1, 1, 1, 2.609, 2.726, 2.542, 2.839, 2.585, 2.821, 
2.683, 2.685, 2.684, 2.708, 2.746), .Dim = c(11L, 40L), .Dimnames = list(
    NULL, c("Sampling", "PSO.cost", "PSO.gamma", "PSO.data.balancing", 
    "PSO.feature.selection", "PSO.valid.acc", "PSO.test.acc", 
    "PSO.train.time", "PSO.n.support.vectors", "PSO.index", "PSO.n.solutions", 
    "PSO.generations", "PSO.n.evaluations", "PSO.cpu.time", "RS.cost", 
    "RS.gamma", "RS.data.balancing", "RS.feature.selection", 
    "RS.valid.acc", "RS.test.acc", "RS.train.time", "RS.n.support.vectors", 
    "RS.index", "RS.n.solutions", "RS.generations", "RS.n.evaluations", 
    "RS.cpu.time", "DF.cost", "DF.gamma", "DF.data.balancing", 
    "DF.feature.selection", "DF.valid.acc", "DF.test.acc", "DF.train.time", 
    "DF.n.support.vectors", "DF.index", "DF.n.solutions", "DF.generations", 
    "DF.n.evaluations", "DF.cpu.time")))
