full <-
structure(c(50, 55, 60, 65, 70, 75, 80, 85, 90, 95, 100, 0.59233, 
5.28859, 0.29652, 0.77015, 0.56326, 0.32946, 0.68004, 1.35307, 
12.60156, 0.69281, 0.87498, -4.9864, -8.55734, -2.69385, -3.63345, 
-4.55111, -3.15565, -4.76828, -4.68436, -15, -3.53975, -5.47651, 
0, 0, 0, 0, 0, 0, 0, 0, 0, 0, 0, 0, 0, 0, 0, 0, 0, 0, 0, 0, 0, 
0, 0.69551, 0.68368, 0.6907, 0.71437, 0.71936, 0.71127, 0.7153, 
0.7218, 0.68511, 0.68422, 0.68966, 0.68123, 0.65895, 0.66219, 
0.70326, 0.6805, 0.6976, 0.68191, 0.70994, 0.65272, 0.66994, 
0.68276, 0.0195, 0.0201, 0.0231, 0.0275, 0.026, 0.029, 0.0273, 
0.0297, 0.0297, 0.0357, 0.0339, 75.9, 72.4, 112.8, 108, 101.7, 
128.9, 114, 120.4, 114.2, 150.7, 130.8, 176, 38, 364, 957, 93, 
165, 1577, 1285, 92, 952, 133, 528, 233, 566, 306, 294, 247, 
35, 47, 300, 245, 306, 100, 100, 100, 100, 100, 100, 100, 100, 
100, 100, 100, 2500, 2500, 2500, 2500, 2500, 2500, 2500, 2500, 
2500, 2500, 2500, 7280.267, 7409.394, 7202.528, 7230.49800000001, 
7221.311, 7564.442, 7492.49500000001, 7486.14600000001, 7271.298, 
7429.37700000001, 7299.20800000001, 1.06986, 11.08102, 0.44623, 
0.71302, 2.08126, 1.11734, 0.49454, 3.95956, 7.80741, 1.20705, 
1.40163, -5.69431, -14.59456, -3.02379, -2.77274, -5.77517, -5.36791, 
-4.37434, -7.11638, -10.05183, -4.14443, -6.11769, 0, 0, 0, 0, 
0, 0, 0, 0, 0, 0, 0, 0, 0, 0, 0, 0, 0, 0, 0, 0, 0, 0, 0.69551, 
0.68368, 0.69001, 0.70908, 0.72388, 0.7026, 0.70696, 0.7141, 
0.68853, 0.67695, 0.68966, 0.68123, 0.67812, 0.66705, 0.6927, 
0.69026, 0.69347, 0.69061, 0.69791, 0.65586, 0.66636, 0.67609, 
0.0188, 0.0215, 0.0245, 0.0257, 0.025, 0.025, 0.0276, 0.029, 
0.0296, 0.0337, 0.0342, 72.1, 71.9, 108.8, 119, 93.7, 102.3, 
117.3, 108.5, 115.2, 141.6, 127.3, 1298, 103, 1887, 236, 1075, 
993, 1039, 52, 1060, 103, 302, 1, 24, 1, 2, 2, 1, 1, 2, 1, 3, 
9, 100, 100, 100, 100, 100, 100, 100, 100, 100, 100, 100, 2500, 
2500, 2500, 2500, 2500, 2500, 2500, 2500, 2500, 2500, 2500, 7319.742, 
7487.441, 7242.616, 7285.34, 7554.91799999999, 7520.469, 7558.001, 
7563.749, 7441.53499999999, 7628.66, 7796.39499999999, 1, 1, 
1, 1, 1, 1, 1, 1, 1, 1, 1, 0.07692, 0.07692, 0.07692, 0.07692, 
0.07692, 0.07692, 0.07692, 0.07692, 0.07692, 0.07692, 0.07692, 
0, 0, 0, 0, 0, 0, 0, 0, 0, 0, 0, 0, 0, 0, 0, 0, 0, 0, 0, 0, 0, 
0, 0.67456, 0.6759, 0.6671, 0.69826, 0.68483, 0.69742, 0.69861, 
0.70594, 0.67089, 0.6735, 0.67943, 0.68225, 0.68284, 0.66644, 
0.70297, 0.67074, 0.68851, 0.69861, 0.69745, 0.67417, 0.6661, 
0.66907, 0.0216, 0.0233, 0.0232, 0.0248, 0.0255, 0.0259, 0.0289, 
0.0306, 0.0322, 0.0356, 0.0355, 87, 91.7, 98.6, 106.2, 112, 118.9, 
123.6, 129.3, 138.5, 145.6, 149.6, 1, 1, 1, 1, 1, 1, 1, 1, 1, 
1, 1, 1, 1, 1, 1, 1, 1, 1, 1, 1, 1, 1, 1, 1, 1, 1, 1, 1, 1, 1, 
1, 1, 1, 1, 1, 1, 1, 1, 1, 1, 1, 1, 1, 1, 2.961, 2.926, 2.922, 
2.931, 2.975, 2.828, 2.956, 2.959, 2.921, 3.038, 2.93), .Dim = c(11L, 
40L), .Dimnames = list(NULL, c("Sampling", "PSO.cost", "PSO.gamma", 
"PSO.data.balancing", "PSO.feature.selection", "PSO.valid.acc", 
"PSO.test.acc", "PSO.train.time", "PSO.n.support.vectors", "PSO.index", 
"PSO.n.solutions", "PSO.generations", "PSO.n.evaluations", "PSO.cpu.time", 
"RS.cost", "RS.gamma", "RS.data.balancing", "RS.feature.selection", 
"RS.valid.acc", "RS.test.acc", "RS.train.time", "RS.n.support.vectors", 
"RS.index", "RS.n.solutions", "RS.generations", "RS.n.evaluations", 
"RS.cpu.time", "DF.cost", "DF.gamma", "DF.data.balancing", "DF.feature.selection", 
"DF.valid.acc", "DF.test.acc", "DF.train.time", "DF.n.support.vectors", 
"DF.index", "DF.n.solutions", "DF.generations", "DF.n.evaluations", 
"DF.cpu.time")))
