full <-
structure(c(50, 55, 60, 65, 70, 75, 80, 85, 90, 95, 100, 2.44822, 
3.03434, 3.09634, 0.6316, 8.33947, 6.18062, -0.64452, -0.35825, 
0.37056, 0.21095, 9.3936, -5.01708, -6.25951, -6.19115, -3.77076, 
-9.27878, -7.51556, -3.62312, -3.89971, -4.06916, -2.48956, -15, 
0, 0, 0, 0, 0, 0, 0, 0, 0, 0, 0, 0, 0, 0, 0, 0, 0, 0, 0, 0, 0, 
0, 0.724, 0.73568, 0.74161, 0.72301, 0.69009, 0.68871, 0.67771, 
0.68561, 0.69266, 0.69081, 0.69012, 0.69528, 0.72939, 0.70792, 
0.67167, 0.68576, 0.68023, 0.67296, 0.67426, 0.6624, 0.66223, 
0.67276, 0.017, 0.0193, 0.02, 0.0231, 0.023, 0.0268, 0.0276, 
0.029, 0.0291, 0.0386, 0.0336, 69.5, 73.6, 77.7, 99, 89, 100.2, 
122.4, 126.1, 131.7, 163.3, 125.4, 81, 963, 513, 761, 1223, 758, 
123, 1511, 1691, 349, 979, 120, 173, 177, 358, 41, 265, 390, 
21, 42, 495, 26, 100, 100, 100, 100, 100, 100, 100, 100, 100, 
100, 100, 2500, 2500, 2500, 2500, 2500, 2500, 2500, 2500, 2500, 
2500, 2500, 6514.018, 6574.874, 6440.34, 6623.503, 6745.701, 
6805.395, 6882.58, 6945.32000000001, 7017.12700000001, 7186.29699999999, 
7124.13699999999, 1.76397, 3.12642, 3.35914, 0.93332, 4.64034, 
5.97301, -0.23196, 5.37389, 0.15923, 0.60319, 1.10934, -4.46521, 
-6.35109, -6.46418, -4.37801, -6.16127, -8.28636, -3.66043, -10.60621, 
-4.10474, -1.83564, -6.64086, 0, 0, 0, 0, 0, 0, 0, 0, 0, 0, 0, 
0, 0, 0, 0, 0, 0, 0, 0, 0, 0, 0, 0.7115, 0.73568, 0.73573, 0.70801, 
0.68578, 0.67527, 0.67771, 0.68195, 0.69251, 0.6875, 0.68644, 
0.70339, 0.72383, 0.71318, 0.68111, 0.68123, 0.67981, 0.66861, 
0.67472, 0.66269, 0.66224, 0.67264, 0.0184, 0.0193, 0.0184, 0.0224, 
0.0239, 0.0239, 0.0256, 0.0255, 0.0304, 0.0446, 0.0343, 72.2, 
73.4, 76.9, 93.6, 95.1, 95.5, 122.5, 108.5, 130.1, 182.3, 128.6, 
1643, 500, 635, 1206, 294, 631, 700, 1867, 107, 1232, 197, 1, 
1, 1, 2, 3, 2, 2, 1, 1, 1, 1, 100, 100, 100, 100, 100, 100, 100, 
100, 100, 100, 100, 2500, 2500, 2500, 2500, 2500, 2500, 2500, 
2500, 2500, 2500, 2500, 6525.179, 6620.926, 6399.435, 6554.461, 
6849.531, 6917.98700000001, 7023.20999999999, 7126.19900000001, 
7240.573, 7284.50399999999, 7391.25, 1, 1, 1, 1, 1, 1, 1, 1, 
1, 1, 1, 0.07692, 0.07692, 0.07692, 0.07692, 0.07692, 0.07692, 
0.07692, 0.07692, 0.07692, 0.07692, 0.07692, 0, 0, 0, 0, 0, 0, 
0, 0, 0, 0, 0, 0, 0, 0, 0, 0, 0, 0, 0, 0, 0, 0, 0.68441, 0.67971, 
0.70742, 0.69719, 0.67078, 0.64776, 0.66917, 0.67391, 0.68436, 
0.66989, 0.66228, 0.69733, 0.67868, 0.702, 0.67085, 0.68483, 
0.65663, 0.66444, 0.67426, 0.66269, 0.68367, 0.67228, 0.0183, 
0.0201, 0.0209, 0.0224, 0.024, 0.0263, 0.0286, 0.032, 0.0325, 
0.0335, 0.0372, 76.8, 85.7, 89, 98.3, 106, 114.2, 122.9, 129.5, 
136.4, 140, 150.1, 1, 1, 1, 1, 1, 1, 1, 1, 1, 1, 1, 1, 1, 1, 
1, 1, 1, 1, 1, 1, 1, 1, 1, 1, 1, 1, 1, 1, 1, 1, 1, 1, 1, 1, 1, 
1, 1, 1, 1, 1, 1, 1, 1, 1, 2.642, 2.657, 2.67, 2.678, 2.715, 
2.741, 2.752, 2.783, 2.824, 2.851, 2.873), .Dim = c(11L, 40L), .Dimnames = list(
    NULL, c("Sampling", "PSO.cost", "PSO.gamma", "PSO.data.balancing", 
    "PSO.feature.selection", "PSO.valid.acc", "PSO.test.acc", 
    "PSO.train.time", "PSO.n.support.vectors", "PSO.index", "PSO.n.solutions", 
    "PSO.generations", "PSO.n.evaluations", "PSO.cpu.time", "RS.cost", 
    "RS.gamma", "RS.data.balancing", "RS.feature.selection", 
    "RS.valid.acc", "RS.test.acc", "RS.train.time", "RS.n.support.vectors", 
    "RS.index", "RS.n.solutions", "RS.generations", "RS.n.evaluations", 
    "RS.cpu.time", "DF.cost", "DF.gamma", "DF.data.balancing", 
    "DF.feature.selection", "DF.valid.acc", "DF.test.acc", "DF.train.time", 
    "DF.n.support.vectors", "DF.index", "DF.n.solutions", "DF.generations", 
    "DF.n.evaluations", "DF.cpu.time")))
