full <-
structure(c(50, 55, 60, 65, 70, 75, 80, 85, 90, 95, 100, 2.41961, 
-0.31826, 0.12533, 3.89872, 7.66133, 9.18705, 6.77424, 0.17005, 
0.94986, -0.05206, 4.42145, -6.64295, -3.57238, -2.10532, -8.1198, 
-12.64605, -14.97688, -11.89772, -4.40138, -4.06619, -4.18887, 
-6.9446, 0, 0, 0, 0, 0, 0, 0, 0, 0, 0, 0, 0, 0, 0, 0, 0, 0, 0, 
0, 0, 0, 0, 0.69395, 0.67933, 0.68367, 0.71398, 0.70922, 0.69693, 
0.69891, 0.69835, 0.70365, 0.69146, 0.69356, 0.67299, 0.6597, 
0.68334, 0.69789, 0.69991, 0.68446, 0.68649, 0.68566, 0.66947, 
0.67026, 0.65833, 0.0192, 0.0204, 0.0249, 0.0204, 0.023, 0.0229, 
0.0269, 0.0283, 0.0318, 0.0302, 0.0358, 69.4, 96.8, 121, 83.1, 
88.6, 96.9, 99.7, 122.9, 137.1, 134.3, 129.5, 864, 544, 1392, 
1188, 243, 259, 169, 823, 223, 511, 2109, 25, 320, 15, 15, 60, 
54, 381, 71, 718, 471, 6, 100, 100, 100, 100, 100, 100, 100, 
100, 100, 100, 100, 2500, 2500, 2500, 2500, 2500, 2500, 2500, 
2500, 2500, 2500, 2500, 6573.155, 6481.995, 6519.622, 6443.54, 
6650.367, 6631.636, 6643.341, 6771.37700000001, 6834.965, 7641.92600000001, 
8151.655, 2.658, -0.36221, 2.33524, 3.72965, 7.41069, 3.13695, 
-0.38939, 0.02041, 0.9194, 0.07534, 4.50181, -6.86895, -3.39026, 
-6.16024, -7.92088, -12.45717, -8.8005, -3.104, -4.1034, -3.82143, 
-4.64388, -6.68421, 0, 0, 0, 0, 0, 0, 0, 0, 0, 0, 0, 0, 0, 0, 
0, 0, 0, 0, 0, 0, 0, 0, 0.69395, 0.67933, 0.68268, 0.71398, 0.70922, 
0.69693, 0.70013, 0.69435, 0.70323, 0.68801, 0.68999, 0.67299, 
0.6597, 0.67084, 0.69789, 0.69991, 0.68863, 0.69579, 0.68915, 
0.66178, 0.67002, 0.65512, 0.0193, 0.0201, 0.0205, 0.0222, 0.0228, 
0.0243, 0.0292, 0.0289, 0.0314, 0.0324, 0.0359, 68.8, 99, 84.4, 
83.5, 88.6, 96.8, 133.6, 126.7, 140.5, 130.7, 131.9, 1030, 2342, 
1613, 1598, 421, 1653, 604, 2364, 2317, 645, 1567, 1, 1, 1, 1, 
7, 1, 1, 1, 1, 1, 1, 100, 100, 100, 100, 100, 100, 100, 100, 
100, 100, 100, 2500, 2500, 2500, 2500, 2500, 2500, 2500, 2500, 
2500, 2500, 2500, 6609.454, 6443.021, 6575.335, 6698.552, 6708.20599999999, 
6805.482, 6864.277, 6962.83899999999, 6944.66499999999, 8221.00499999999, 
8242.19500000001, 1, 1, 1, 1, 1, 1, 1, 1, 1, 1, 1, 0.07692, 0.07692, 
0.07692, 0.07692, 0.07692, 0.07692, 0.07692, 0.07692, 0.07692, 
0.07692, 0.07692, 0, 0, 0, 0, 0, 0, 0, 0, 0, 0, 0, 0, 0, 0, 0, 
0, 0, 0, 0, 0, 0, 0, 0.68145, 0.65423, 0.66039, 0.68237, 0.68561, 
0.68409, 0.68302, 0.69385, 0.67716, 0.68775, 0.6801, 0.6743, 
0.66048, 0.67647, 0.69234, 0.69515, 0.68863, 0.68667, 0.70135, 
0.68073, 0.67, 0.67939, 0.0206, 0.0198, 0.0212, 0.0225, 0.0244, 
0.0252, 0.0286, 0.0308, 0.032, 0.0361, 0.0379, 88.5, 95.2, 103.2, 
105.2, 112.3, 117.7, 125.6, 132.1, 141.1, 143.7, 149.4, 1, 1, 
1, 1, 1, 1, 1, 1, 1, 1, 1, 1, 1, 1, 1, 1, 1, 1, 1, 1, 1, 1, 1, 
1, 1, 1, 1, 1, 1, 1, 1, 1, 1, 1, 1, 1, 1, 1, 1, 1, 1, 1, 1, 1, 
2.699, 2.444, 2.506, 2.514, 2.638, 2.586, 2.741, 2.667, 2.658, 
3.262, 3.187), .Dim = c(11L, 40L), .Dimnames = list(NULL, c("Sampling", 
"PSO.cost", "PSO.gamma", "PSO.data.balancing", "PSO.feature.selection", 
"PSO.valid.acc", "PSO.test.acc", "PSO.train.time", "PSO.n.support.vectors", 
"PSO.index", "PSO.n.solutions", "PSO.generations", "PSO.n.evaluations", 
"PSO.cpu.time", "RS.cost", "RS.gamma", "RS.data.balancing", "RS.feature.selection", 
"RS.valid.acc", "RS.test.acc", "RS.train.time", "RS.n.support.vectors", 
"RS.index", "RS.n.solutions", "RS.generations", "RS.n.evaluations", 
"RS.cpu.time", "DF.cost", "DF.gamma", "DF.data.balancing", "DF.feature.selection", 
"DF.valid.acc", "DF.test.acc", "DF.train.time", "DF.n.support.vectors", 
"DF.index", "DF.n.solutions", "DF.generations", "DF.n.evaluations", 
"DF.cpu.time")))
