full <-
structure(c(50, 55, 60, 65, 70, 75, 80, 85, 90, 95, 100, 10.54954, 
-0.24319, -0.15591, 1.29067, 1.70192, 4.00389, 2.61026, -0.12463, 
1.80148, 2.8277, 6.06916, -8.83986, -2.25574, -3.49503, -5.49138, 
-4.87747, -6.94123, -4.45711, -4.27145, -5.37559, -6.36946, -10.9512, 
0, 0, 0, 0, 0, 0, 0, 0, 0, 0, 0, 0, 0, 0, 0, 0, 0, 0, 0, 0, 0, 
0, 0.66577, 0.66574, 0.65944, 0.66523, 0.67585, 0.68763, 0.69947, 
0.6948, 0.69549, 0.69043, 0.69299, 0.57054, 0.65949, 0.6366, 
0.63856, 0.64178, 0.66509, 0.66591, 0.67093, 0.67711, 0.65887, 
0.6723, 0.0263, 0.0229, 0.0213, 0.0229, 0.0232, 0.0255, 0.0274, 
0.0287, 0.0292, 0.0299, 0.0308, 77.5, 111.1, 102.2, 94.3, 105.9, 
103.6, 124.9, 123.1, 122.5, 122.1, 124.6, 1906, 1747, 911, 877, 
775, 502, 1914, 435, 493, 967, 659, 1, 11, 41, 39, 47, 109, 7, 
631, 66, 52, 62, 100, 100, 100, 100, 100, 100, 100, 100, 100, 
100, 100, 2500, 2500, 2500, 2500, 2500, 2500, 2500, 2500, 2500, 
2500, 2500, 6882.286, 6962.499, 6907.289, 6977.518, 6701.13600000001, 
6782.47099999999, 6791.39300000001, 6483.925, 6925.705, 7042.198, 
6881.68299999999, 11.2103, -0.06058, 3.03889, 1.30731, -0.18176, 
3.72209, 1.99553, -0.10966, 1.91968, 2.57156, 9.96757, -9.29965, 
-1.99562, -5.58199, -5.539, -4.33057, -6.77176, -3.78014, -3.99424, 
-5.3205, -6.16561, -14.85469, 0, 0, 0, 0, 0, 0, 0, 0, 0, 0, 0, 
0, 0, 0, 0, 0, 0, 0, 0, 0, 0, 0, 0.65911, 0.65907, 0.65396, 0.65997, 
0.67511, 0.68329, 0.69548, 0.6908, 0.69192, 0.68686, 0.69299, 
0.57095, 0.65907, 0.64314, 0.63856, 0.64604, 0.66509, 0.6873, 
0.67909, 0.68068, 0.65887, 0.67575, 0.0272, 0.0231, 0.022, 0.0232, 
0.025, 0.0261, 0.0277, 0.0298, 0.0286, 0.0309, 0.0323, 76.8, 
113.7, 91.7, 94.3, 106.9, 103.8, 130.7, 127.2, 123.2, 122.7, 
124.4, 1319, 439, 787, 437, 1674, 245, 1598, 1895, 1092, 1909, 
267, 1, 1, 1, 2, 1, 3, 1, 1, 1, 1, 3, 100, 100, 100, 100, 100, 
100, 100, 100, 100, 100, 100, 2500, 2500, 2500, 2500, 2500, 2500, 
2500, 2500, 2500, 2500, 2500, 6880.4, 7079.335, 7025.293, 6889.681, 
7137.509, 6958.78999999999, 6554.53499999999, 6747.03300000001, 
6837.96399999999, 6876.105, 6995.639, 1, 1, 1, 1, 1, 1, 1, 1, 
1, 1, 1, 0.07692, 0.07692, 0.07692, 0.07692, 0.07692, 0.07692, 
0.07692, 0.07692, 0.07692, 0.07692, 0.07692, 0, 0, 0, 0, 0, 0, 
0, 0, 0, 0, 0, 0, 0, 0, 0, 0, 0, 0, 0, 0, 0, 0, 0.63143, 0.60939, 
0.64277, 0.65461, 0.65556, 0.67441, 0.65721, 0.68663, 0.67669, 
0.66566, 0.67253, 0.63101, 0.61642, 0.64215, 0.66461, 0.65607, 
0.65619, 0.66573, 0.67909, 0.68438, 0.65838, 0.67586, 0.0207, 
0.0215, 0.0225, 0.0228, 0.0242, 0.026, 0.0275, 0.0298, 0.0314, 
0.0332, 0.0346, 86.4, 96.5, 100, 106.3, 113.4, 120.9, 127.8, 
132.5, 138.1, 142.5, 149.3, 1, 1, 1, 1, 1, 1, 1, 1, 1, 1, 1, 
1, 1, 1, 1, 1, 1, 1, 1, 1, 1, 1, 1, 1, 1, 1, 1, 1, 1, 1, 1, 1, 
1, 1, 1, 1, 1, 1, 1, 1, 1, 1, 1, 1, 2.843, 2.809, 2.829, 2.646, 
2.8, 2.785, 2.557, 2.734, 2.699, 2.772, 2.7), .Dim = c(11L, 40L
), .Dimnames = list(NULL, c("Sampling", "PSO.cost", "PSO.gamma", 
"PSO.data.balancing", "PSO.feature.selection", "PSO.valid.acc", 
"PSO.test.acc", "PSO.train.time", "PSO.n.support.vectors", "PSO.index", 
"PSO.n.solutions", "PSO.generations", "PSO.n.evaluations", "PSO.cpu.time", 
"RS.cost", "RS.gamma", "RS.data.balancing", "RS.feature.selection", 
"RS.valid.acc", "RS.test.acc", "RS.train.time", "RS.n.support.vectors", 
"RS.index", "RS.n.solutions", "RS.generations", "RS.n.evaluations", 
"RS.cpu.time", "DF.cost", "DF.gamma", "DF.data.balancing", "DF.feature.selection", 
"DF.valid.acc", "DF.test.acc", "DF.train.time", "DF.n.support.vectors", 
"DF.index", "DF.n.solutions", "DF.generations", "DF.n.evaluations", 
"DF.cpu.time")))
