full <-
structure(c(50, 55, 60, 65, 70, 75, 80, 85, 90, 95, 100, 7.90432, 
2.80371, 12.89019, 10.71201, 1.39523, 7.11105, 2.56235, 11.44234, 
0.25084, -0.10662, -0.10037, -12.34865, -3.76268, -13.12369, 
-13.70006, -4.01251, -10.94054, -2.62916, -10.33768, -3.99441, 
-3.54828, -3.98649, 0, 0, 0, 0, 0, 0, 0, 0, 0, 0, 0, 0, 0, 0, 
0, 0, 0, 0, 0, 0, 0, 0, 0.68542, 0.68974, 0.67931, 0.68632, 0.69076, 
0.67944, 0.68192, 0.694, 0.69251, 0.68302, 0.69417, 0.68631, 
0.67131, 0.6326, 0.63931, 0.66078, 0.65195, 0.62346, 0.63827, 
0.68109, 0.66947, 0.68478, 0.0174, 0.0235, 0.026, 0.0248, 0.0284, 
0.0277, 0.035, 0.0434, 0.0298, 0.0326, 0.0332, 69.3, 93.8, 79.4, 
84, 111.8, 97.9, 147.5, 110.7, 133.1, 146.4, 143.8, 7, 669, 2125, 
903, 2140, 1037, 1403, 314, 231, 374, 274, 327, 66, 5, 48, 14, 
26, 21, 113, 84, 726, 935, 100, 100, 100, 100, 100, 100, 100, 
100, 100, 100, 100, 2500, 2500, 2500, 2500, 2500, 2500, 2500, 
2500, 2500, 2500, 2500, 7898.441, 8749.692, 8997.899, 9120.061, 
9310.755, 8772.71000000001, 9046.00199999999, 8301.454, 7460.228, 
7247.04399999999, 7172.671, 6.19685, 14.56085, 12.69435, 11.71157, 
1.16101, 7.20169, 2.80208, 11.11129, 9.74682, -0.30212, -0.00149, 
-10.56782, -13.44345, -12.92937, -14.70938, -3.73878, -11.09451, 
-2.69038, -10.31654, -8.76377, -3.36061, -4.29079, 0, 0, 0, 0, 
0, 0, 0, 0, 0, 0, 0, 0, 0, 0, 0, 0, 0, 0, 0, 0, 0, 0, 0.68542, 
0.68997, 0.67931, 0.68632, 0.681, 0.67944, 0.67375, 0.68214, 
0.68879, 0.68302, 0.69084, 0.68631, 0.67903, 0.6326, 0.63931, 
0.66554, 0.65195, 0.62346, 0.63827, 0.65157, 0.67317, 0.68144, 
0.0198, 0.0262, 0.0255, 0.0224, 0.0271, 0.0272, 0.0346, 0.0374, 
0.0408, 0.0349, 0.032, 69.3, 69.3, 79.4, 84.2, 115, 98, 146.1, 
110.5, 120.7, 150.3, 140.1, 11, 2332, 668, 34, 2410, 1415, 2105, 
780, 2266, 78, 992, 28, 1, 2, 2, 1, 2, 1, 1, 1, 2, 1, 100, 100, 
100, 100, 100, 100, 100, 100, 100, 100, 100, 2500, 2500, 2500, 
2500, 2500, 2500, 2500, 2500, 2500, 2500, 2500, 8785.767, 8947.321, 
9159.197, 9237.443, 9255.65699999999, 8790.88500000001, 9298.564, 
7329.554, 7389.21400000001, 7427.07800000001, 7420.10399999999, 
1, 1, 1, 1, 1, 1, 1, 1, 1, 1, 1, 0.07692, 0.07692, 0.07692, 0.07692, 
0.07692, 0.07692, 0.07692, 0.07692, 0.07692, 0.07692, 0.07692, 
0, 0, 0, 0, 0, 0, 0, 0, 0, 0, 0, 0, 0, 0, 0, 0, 0, 0, 0, 0, 0, 
0, 0.66577, 0.66612, 0.64857, 0.66103, 0.65602, 0.66578, 0.66124, 
0.66581, 0.6848, 0.67587, 0.68025, 0.68631, 0.68348, 0.64269, 
0.66547, 0.67509, 0.67963, 0.66108, 0.65364, 0.67709, 0.66576, 
0.68489, 0.0212, 0.0233, 0.0262, 0.0265, 0.0255, 0.0273, 0.0296, 
0.0295, 0.0335, 0.0344, 0.0343, 87.2, 91.3, 99.8, 106.3, 113.3, 
120.3, 126.6, 134, 137.2, 143.9, 149, 1, 1, 1, 1, 1, 1, 1, 1, 
1, 1, 1, 1, 1, 1, 1, 1, 1, 1, 1, 1, 1, 1, 1, 1, 1, 1, 1, 1, 1, 
1, 1, 1, 1, 1, 1, 1, 1, 1, 1, 1, 1, 1, 1, 1, 3.478, 3.617, 3.609, 
3.64, 3.452, 3.43, 3.63, 2.817, 2.977, 2.989, 2.788), .Dim = c(11L, 
40L), .Dimnames = list(NULL, c("Sampling", "PSO.cost", "PSO.gamma", 
"PSO.data.balancing", "PSO.feature.selection", "PSO.valid.acc", 
"PSO.test.acc", "PSO.train.time", "PSO.n.support.vectors", "PSO.index", 
"PSO.n.solutions", "PSO.generations", "PSO.n.evaluations", "PSO.cpu.time", 
"RS.cost", "RS.gamma", "RS.data.balancing", "RS.feature.selection", 
"RS.valid.acc", "RS.test.acc", "RS.train.time", "RS.n.support.vectors", 
"RS.index", "RS.n.solutions", "RS.generations", "RS.n.evaluations", 
"RS.cpu.time", "DF.cost", "DF.gamma", "DF.data.balancing", "DF.feature.selection", 
"DF.valid.acc", "DF.test.acc", "DF.train.time", "DF.n.support.vectors", 
"DF.index", "DF.n.solutions", "DF.generations", "DF.n.evaluations", 
"DF.cpu.time")))
