full <-
structure(c(50, 55, 60, 65, 70, 75, 80, 85, 90, 95, 100, -0.67092, 
0.61315, 0.14767, 2.16045, 0.30172, 1.33067, 13.67469, 1.37323, 
0.15349, 2.21886, 2.28353, -2.54694, -0.57615, -4.34847, -6.82671, 
-1.75524, -7.25705, -14.80083, -2.04605, -2.46431, -5.31297, 
-5.6662, 0, 0, 0, 0, 0, 0, 0, 0, 0, 0, 0, 0, 0, 0, 0, 0, 0, 0, 
0, 0, 0, 0, 0.67738, 0.67704, 0.65391, 0.63499, 0.65602, 0.66623, 
0.67395, 0.67654, 0.68797, 0.6953, 0.7041, 0.6569, 0.67704, 0.62581, 
0.61423, 0.64143, 0.64263, 0.64877, 0.65344, 0.66622, 0.68777, 
0.67311, 0.0196, 0.0296, 0.0214, 0.0217, 0.0315, 0.024, 0.0298, 
0.0406, 0.0363, 0.0311, 0.0355, 91, 123.7, 91.5, 90.4, 139.9, 
100, 100.2, 164.1, 161.8, 129, 133.5, 732, 409, 502, 233, 367, 
701, 1571, 1897, 2179, 363, 311, 26, 614, 317, 107, 144, 53, 
16, 36, 4, 262, 458, 100, 100, 100, 100, 100, 100, 100, 100, 
100, 100, 100, 2500, 2500, 2500, 2500, 2500, 2500, 2500, 2500, 
2500, 2500, 2500, 7247.332, 7512.99, 7168.13499999999, 6840.416, 
7061.037, 6827.961, 7393.337, 7406.82400000001, 7595.011, 7473.47100000001, 
7615.622, -0.5726, 0.84428, -0.27255, 2.33255, 0.26627, 1.80835, 
14.24205, 1.41782, 0.1155, 2.41893, 0.71918, -2.74367, -0.53355, 
-2.49194, -7.06871, -1.79116, -7.80553, -11.18587, -1.80628, 
-2.69043, -5.59777, -3.79088, 0, 0, 0, 0, 0, 0, 0, 0, 0, 0, 0, 
0, 0, 0, 0, 0, 0, 0, 0, 0, 0, 0, 0.67071, 0.67116, 0.64346, 0.62999, 
0.65602, 0.66623, 0.67101, 0.67331, 0.68441, 0.6953, 0.69409, 
0.64976, 0.67704, 0.61404, 0.61423, 0.64143, 0.64263, 0.66216, 
0.64204, 0.66238, 0.68789, 0.67605, 0.021, 0.0305, 0.0258, 0.0217, 
0.0327, 0.0244, 0.0595, 0.0422, 0.0346, 0.035, 0.0353, 89.9, 
124.4, 111.5, 90.6, 139.7, 99.6, 104.9, 169.4, 156.8, 127.3, 
151.6, 1235, 2243, 135, 2271, 1187, 2258, 2472, 945, 2290, 899, 
221, 2, 1, 1, 1, 1, 1, 1, 1, 1, 1, 2, 100, 100, 100, 100, 100, 
100, 100, 100, 100, 100, 100, 2500, 2500, 2500, 2500, 2500, 2500, 
2500, 2500, 2500, 2500, 2500, 7296.035, 7402.086, 7068.535, 7018.36199999999, 
6952.00799999999, 7156.72100000001, 7350.59600000001, 7436.943, 
7617.667, 7813.01800000001, 7987.315, 1, 1, 1, 1, 1, 1, 1, 1, 
1, 1, 1, 0.07692, 0.07692, 0.07692, 0.07692, 0.07692, 0.07692, 
0.07692, 0.07692, 0.07692, 0.07692, 0.07692, 0, 0, 0, 0, 0, 0, 
0, 0, 0, 0, 0, 0, 0, 0, 0, 0, 0, 0, 0, 0, 0, 0, 0.64976, 0.64672, 
0.63725, 0.62925, 0.63549, 0.6422, 0.6531, 0.66141, 0.66116, 
0.68112, 0.68041, 0.64976, 0.65931, 0.62548, 0.61843, 0.63138, 
0.6466, 0.6491, 0.65486, 0.67258, 0.68827, 0.67249, 0.0193, 0.0222, 
0.0226, 0.0256, 0.0259, 0.0257, 0.0271, 0.0301, 0.0359, 0.0332, 
0.0389, 80.4, 87.8, 98.8, 108.4, 112.3, 117.7, 122.4, 130.4, 
137.5, 142.7, 150.3, 1, 1, 1, 1, 1, 1, 1, 1, 1, 1, 1, 1, 1, 1, 
1, 1, 1, 1, 1, 1, 1, 1, 1, 1, 1, 1, 1, 1, 1, 1, 1, 1, 1, 1, 1, 
1, 1, 1, 1, 1, 1, 1, 1, 1, 2.968, 3.019, 2.899, 2.865, 2.781, 
2.622, 2.883, 2.913, 2.974, 3.057, 3.09), .Dim = c(11L, 40L), .Dimnames = list(
    NULL, c("Sampling", "PSO.cost", "PSO.gamma", "PSO.data.balancing", 
    "PSO.feature.selection", "PSO.valid.acc", "PSO.test.acc", 
    "PSO.train.time", "PSO.n.support.vectors", "PSO.index", "PSO.n.solutions", 
    "PSO.generations", "PSO.n.evaluations", "PSO.cpu.time", "RS.cost", 
    "RS.gamma", "RS.data.balancing", "RS.feature.selection", 
    "RS.valid.acc", "RS.test.acc", "RS.train.time", "RS.n.support.vectors", 
    "RS.index", "RS.n.solutions", "RS.generations", "RS.n.evaluations", 
    "RS.cpu.time", "DF.cost", "DF.gamma", "DF.data.balancing", 
    "DF.feature.selection", "DF.valid.acc", "DF.test.acc", "DF.train.time", 
    "DF.n.support.vectors", "DF.index", "DF.n.solutions", "DF.generations", 
    "DF.n.evaluations", "DF.cpu.time")))
