full <-
structure(c(50, 55, 60, 65, 70, 75, 80, 85, 90, 95, 100, 2.722, 
1.21377, 0.9304, -0.44127, 0.25576, 0.08778, 1.49676, 9.51566, 
9.4806, -0.25418, 0.29004, -4.67329, -1.34621, -4.95278, -2.92328, 
-3.31075, -4.89235, -4.35761, -14.81033, -14.43182, -4.81102, 
-1.66358, 0, 0, 0, 0, 0, 0, 0, 0, 0, 0, 0, 0, 0, 0, 0, 0, 0, 
0, 0, 0, 0, 0, 0.71992, 0.68404, 0.68329, 0.66991, 0.68604, 0.6835, 
0.66228, 0.70142, 0.70381, 0.69225, 0.69333, 0.70027, 0.65858, 
0.64861, 0.64965, 0.66084, 0.67439, 0.65802, 0.68188, 0.66975, 
0.67064, 0.65522, 0.0179, 0.0259, 0.0208, 0.0252, 0.0245, 0.0234, 
0.0284, 0.0267, 0.0272, 0.0301, 0.0454, 76.6, 114.4, 87.9, 110.9, 
114.2, 106.7, 117.8, 110, 114.4, 129.2, 195.2, 900, 919, 459, 
592, 539, 572, 628, 652, 589, 700, 1788, 82, 242, 357, 74, 44, 
148, 41, 80, 90, 177, 18, 100, 100, 100, 100, 100, 100, 100, 
100, 100, 100, 100, 2500, 2500, 2500, 2500, 2500, 2500, 2500, 
2500, 2500, 2500, 2500, 6743.581, 7001.495, 6812.421, 6902.029, 
6894.959, 6944.802, 7058.41800000001, 6873.91100000001, 6534.397, 
6609.21699999999, 6866.234, 2.9784, 0.99358, 2.59281, -0.78914, 
0.44523, 0.90808, 8.49803, 5.17442, 6.70886, -0.66795, 0.25995, 
-4.87281, -1.35232, -6.14026, -2.71105, -3.4954, -6.04523, -14.06136, 
-10.45063, -11.49549, -4.23676, -1.69886, 0, 0, 0, 0, 0, 0, 0, 
0, 0, 0, 0, 0, 0, 0, 0, 0, 0, 0, 0, 0, 0, 0, 0.70563, 0.68404, 
0.66662, 0.66465, 0.67628, 0.6835, 0.66201, 0.70142, 0.70381, 
0.6851, 0.68666, 0.70027, 0.65858, 0.63717, 0.64939, 0.67084, 
0.67876, 0.65354, 0.68573, 0.6659, 0.67064, 0.65855, 0.0186, 
0.0247, 0.0211, 0.0254, 0.0256, 0.0248, 0.0248, 0.0265, 0.0287, 
0.0311, 0.0481, 75.3, 114.2, 82.5, 114.1, 112.6, 102.1, 105.7, 
110.1, 114.6, 133.7, 194.6, 1170, 842, 831, 1419, 2410, 2350, 
538, 603, 475, 1856, 1548, 1, 1, 2, 1, 1, 1, 3, 2, 2, 1, 1, 100, 
100, 100, 100, 100, 100, 100, 100, 100, 100, 100, 2500, 2500, 
2500, 2500, 2500, 2500, 2500, 2500, 2500, 2500, 2500, 6816.186, 
6887.513, 6921.128, 6927.182, 7094.42300000001, 6921.46000000001, 
6908.81300000001, 6822.863, 6845.902, 6847.803, 7217.59700000001, 
1, 1, 1, 1, 1, 1, 1, 1, 1, 1, 1, 0.07692, 0.07692, 0.07692, 0.07692, 
0.07692, 0.07692, 0.07692, 0.07692, 0.07692, 0.07692, 0.07692, 
0, 0, 0, 0, 0, 0, 0, 0, 0, 0, 0, 0, 0, 0, 0, 0, 0, 0, 0, 0, 0, 
0, 0.6658, 0.65932, 0.64894, 0.65491, 0.66652, 0.66548, 0.65783, 
0.6859, 0.68086, 0.68089, 0.67614, 0.65955, 0.6527, 0.66005, 
0.64412, 0.68039, 0.67971, 0.64934, 0.67821, 0.67331, 0.66373, 
0.6728, 0.0196, 0.0205, 0.0222, 0.0231, 0.0245, 0.0254, 0.0264, 
0.0296, 0.0293, 0.0305, 0.0361, 80.7, 89.5, 96.9, 99.5, 108.1, 
116.1, 121.6, 129.4, 133.1, 142, 149.5, 1, 1, 1, 1, 1, 1, 1, 
1, 1, 1, 1, 1, 1, 1, 1, 1, 1, 1, 1, 1, 1, 1, 1, 1, 1, 1, 1, 1, 
1, 1, 1, 1, 1, 1, 1, 1, 1, 1, 1, 1, 1, 1, 1, 1, 2.736, 2.684, 
2.72, 2.737, 2.726, 2.654, 2.555, 2.737, 2.539, 2.558, 2.755), .Dim = c(11L, 
40L), .Dimnames = list(NULL, c("Sampling", "PSO.cost", "PSO.gamma", 
"PSO.data.balancing", "PSO.feature.selection", "PSO.valid.acc", 
"PSO.test.acc", "PSO.train.time", "PSO.n.support.vectors", "PSO.index", 
"PSO.n.solutions", "PSO.generations", "PSO.n.evaluations", "PSO.cpu.time", 
"RS.cost", "RS.gamma", "RS.data.balancing", "RS.feature.selection", 
"RS.valid.acc", "RS.test.acc", "RS.train.time", "RS.n.support.vectors", 
"RS.index", "RS.n.solutions", "RS.generations", "RS.n.evaluations", 
"RS.cpu.time", "DF.cost", "DF.gamma", "DF.data.balancing", "DF.feature.selection", 
"DF.valid.acc", "DF.test.acc", "DF.train.time", "DF.n.support.vectors", 
"DF.index", "DF.n.solutions", "DF.generations", "DF.n.evaluations", 
"DF.cpu.time")))
