full <-
structure(c(50, 55, 60, 65, 70, 75, 80, 85, 90, 95, 100, 1.40535, 
4.40547, 4.82242, 1.81565, 2.47604, -0.13206, 3.05925, 2.12993, 
0.14774, 0.5489, 0.78517, -4.98637, -7.20708, -6.69831, -5.2608, 
-4.78192, -2.89503, -6.92212, -5.00331, -3.41955, -3.75059, -4.1199, 
0, 0, 0, 0, 0, 0, 0, 0, 0, 0, 0, 0, 0, 0, 0, 0, 0, 0, 0, 0, 0, 
0, 0.7681, 0.72118, 0.73361, 0.74447, 0.70852, 0.69832, 0.68648, 
0.70244, 0.69026, 0.69513, 0.68989, 0.73333, 0.69534, 0.70949, 
0.71084, 0.6866, 0.68901, 0.67398, 0.67798, 0.67925, 0.67784, 
0.67645, 0.0184, 0.0196, 0.0235, 0.0222, 0.024, 0.0282, 0.0268, 
0.0296, 0.0331, 0.0343, 0.0369, 64.1, 70.1, 81.2, 87.5, 103.2, 
131.3, 105.3, 123.5, 144.7, 146.4, 145.5, 1657, 330, 703, 80, 
682, 426, 375, 904, 813, 521, 246, 2, 259, 204, 84, 84, 566, 
58, 180, 330, 279, 696, 100, 100, 100, 100, 100, 100, 100, 100, 
100, 100, 100, 2500, 2500, 2500, 2500, 2500, 2500, 2500, 2500, 
2500, 2500, 2500, 6945.786, 7038.955, 7369.972, 7430.438, 7266.82900000001, 
7455.466, 7390.13099999999, 7550.976, 7604.247, 7875.92999999999, 
7928.36900000001, 0.38767, 3.56858, 3.97754, 8.79495, 2.69725, 
-0.56252, 2.87883, 2.3489, 0.30536, 0.53538, 0.8547, -3.91638, 
-5.65774, -5.89447, -12.48379, -4.9312, -3.51536, -6.8562, -4.98695, 
-3.29963, -3.64989, -4.257, 0, 0, 0, 0, 0, 0, 0, 0, 0, 0, 0, 
0, 0, 0, 0, 0, 0, 0, 0, 0, 0, 0, 0.75429, 0.71571, 0.72279, 0.73947, 
0.70852, 0.69334, 0.68648, 0.69444, 0.68669, 0.69179, 0.68989, 
0.74048, 0.70123, 0.71443, 0.68609, 0.67708, 0.67079, 0.67814, 
0.68615, 0.67583, 0.67784, 0.67645, 0.0179, 0.0217, 0.0214, 0.024, 
0.0264, 0.0274, 0.0264, 0.0301, 0.0338, 0.0366, 0.0344, 71.2, 
77.4, 85.4, 78.9, 103.2, 120.2, 105.4, 125.1, 147.3, 148, 144, 
159, 597, 36, 44, 803, 369, 493, 453, 630, 1797, 1990, 3, 1, 
4, 6, 1, 1, 2, 1, 1, 1, 1, 100, 100, 100, 100, 100, 100, 100, 
100, 100, 100, 100, 2500, 2500, 2500, 2500, 2500, 2500, 2500, 
2500, 2500, 2500, 2500, 7094.181, 7112.034, 7373.701, 7385.09899999999, 
7514.62, 7724.458, 7588.111, 7750.671, 7721.83399999999, 8012.34, 
7909.32999999999, 1, 1, 1, 1, 1, 1, 1, 1, 1, 1, 1, 0.07692, 0.07692, 
0.07692, 0.07692, 0.07692, 0.07692, 0.07692, 0.07692, 0.07692, 
0.07692, 0.07692, 0, 0, 0, 0, 0, 0, 0, 0, 0, 0, 0, 0, 0, 0, 0, 
0, 0, 0, 0, 0, 0, 0, 0.74048, 0.69613, 0.69309, 0.72414, 0.69385, 
0.6797, 0.67398, 0.67427, 0.67927, 0.67046, 0.67597, 0.72, 0.69534, 
0.68844, 0.70629, 0.69923, 0.6799, 0.68231, 0.66612, 0.67925, 
0.67405, 0.68323, 0.0192, 0.0229, 0.0218, 0.025, 0.025, 0.028, 
0.0287, 0.031, 0.033, 0.0352, 0.0362, 73.4, 87.5, 94.5, 99.4, 
108.1, 119.3, 125.4, 132.2, 139.4, 144.7, 150, 1, 1, 1, 1, 1, 
1, 1, 1, 1, 1, 1, 1, 1, 1, 1, 1, 1, 1, 1, 1, 1, 1, 1, 1, 1, 1, 
1, 1, 1, 1, 1, 1, 1, 1, 1, 1, 1, 1, 1, 1, 1, 1, 1, 1, 2.881, 
2.976, 2.979, 3.015, 2.877, 2.999, 2.992, 3.005, 3.01, 3.185, 
3.038), .Dim = c(11L, 40L), .Dimnames = list(NULL, c("Sampling", 
"PSO.cost", "PSO.gamma", "PSO.data.balancing", "PSO.feature.selection", 
"PSO.valid.acc", "PSO.test.acc", "PSO.train.time", "PSO.n.support.vectors", 
"PSO.index", "PSO.n.solutions", "PSO.generations", "PSO.n.evaluations", 
"PSO.cpu.time", "RS.cost", "RS.gamma", "RS.data.balancing", "RS.feature.selection", 
"RS.valid.acc", "RS.test.acc", "RS.train.time", "RS.n.support.vectors", 
"RS.index", "RS.n.solutions", "RS.generations", "RS.n.evaluations", 
"RS.cpu.time", "DF.cost", "DF.gamma", "DF.data.balancing", "DF.feature.selection", 
"DF.valid.acc", "DF.test.acc", "DF.train.time", "DF.n.support.vectors", 
"DF.index", "DF.n.solutions", "DF.generations", "DF.n.evaluations", 
"DF.cpu.time")))
