full <-
structure(c(50, 55, 60, 65, 70, 75, 80, 85, 90, 95, 100, 0.46906, 
6.23295, 1.13458, 1.07577, 0.95987, 0.17324, 0.56229, -0.35106, 
10.28993, 11.18859, 9.60588, -1.45096, -9.17125, -3.72927, -4.33649, 
-5.09756, -5.16999, -4.97474, -3.94271, -15, -9.17292, -14.95898, 
0, 0, 0, 0, 0, 0, 0, 0, 0, 0, 0, 0, 0, 0, 0, 0, 0, 0, 0, 0, 0, 
0, 0.69209, 0.69848, 0.68391, 0.68146, 0.72949, 0.71532, 0.7095, 
0.69818, 0.69607, 0.69149, 0.69782, 0.67828, 0.67758, 0.6545, 
0.67646, 0.7255, 0.70188, 0.69604, 0.69035, 0.66614, 0.65943, 
0.67998, 0.0227, 0.0199, 0.0213, 0.0223, 0.0229, 0.0254, 0.0251, 
0.0278, 0.0279, 0.0576, 0.031, 108.1, 72.5, 93.3, 95.1, 97.1, 
101.5, 106.5, 124.8, 110.4, 130.6, 124.9, 1530, 18, 965, 100, 
97, 201, 267, 302, 220, 224, 318, 14, 210, 119, 866, 729, 191, 
196, 470, 28, 103, 35, 100, 100, 100, 100, 100, 100, 100, 100, 
100, 100, 100, 2500, 2500, 2500, 2500, 2500, 2500, 2500, 2500, 
2500, 2500, 2500, 7093.651, 7233.283, 7311.163, 7261.81, 7263.147, 
7167.117, 7337.15300000001, 7190.86, 7330.75600000001, 7790.62, 
7319.94099999999, 0.47107, 1.8961, 0.69336, 1.40435, 1.01936, 
0.04401, 4.64787, -0.29477, 1.40906, 7.49376, 4.07566, -1.45132, 
-5.02339, -5.25954, -4.5572, -5.50446, -4.73503, -9.50531, -3.29313, 
-5.91214, -7.76695, -9.02203, 0, 0, 0, 0, 0, 0, 0, 0, 0, 0, 0, 
0, 0, 0, 0, 0, 0, 0, 0, 0, 0, 0, 0.69209, 0.69979, 0.67708, 0.68146, 
0.72949, 0.71077, 0.7095, 0.69818, 0.69963, 0.69113, 0.69771, 
0.67828, 0.67206, 0.67219, 0.68146, 0.73004, 0.70168, 0.69223, 
0.68618, 0.66957, 0.68179, 0.68342, 0.0241, 0.0194, 0.0201, 0.0227, 
0.0247, 0.0243, 0.0248, 0.0304, 0.0282, 0.0367, 0.0305, 108.1, 
78.6, 85.3, 94.4, 95.3, 105.1, 98.2, 135.3, 115.4, 130, 124.9, 
942, 327, 301, 429, 186, 2296, 121, 1085, 775, 790, 402, 1, 2, 
5, 5, 4, 1, 5, 3, 2, 1, 4, 100, 100, 100, 100, 100, 100, 100, 
100, 100, 100, 100, 2500, 2500, 2500, 2500, 2500, 2500, 2500, 
2500, 2500, 2500, 2500, 7253.672, 7206.073, 7334.193, 7344.685, 
7386.806, 7494.111, 7337.18800000001, 7567.30899999999, 7573.56799999998, 
7575.80500000002, 7618.04300000001, 1, 1, 1, 1, 1, 1, 1, 1, 1, 
1, 1, 0.07692, 0.07692, 0.07692, 0.07692, 0.07692, 0.07692, 0.07692, 
0.07692, 0.07692, 0.07692, 0.07692, 0, 0, 0, 0, 0, 0, 0, 0, 0, 
0, 0, 0, 0, 0, 0, 0, 0, 0, 0, 0, 0, 0, 0.67821, 0.66833, 0.66626, 
0.67064, 0.71063, 0.70557, 0.70533, 0.69018, 0.68837, 0.6634, 
0.6675, 0.66337, 0.67296, 0.67219, 0.68673, 0.71574, 0.71947, 
0.70057, 0.68618, 0.68824, 0.67513, 0.65963, 0.0197, 0.0201, 
0.0211, 0.0243, 0.0265, 0.0256, 0.0267, 0.0294, 0.0331, 0.0332, 
0.0362, 77.8, 85.8, 92.2, 99, 107.2, 115.1, 119.5, 129.3, 134.6, 
144.9, 149.9, 1, 1, 1, 1, 1, 1, 1, 1, 1, 1, 1, 1, 1, 1, 1, 1, 
1, 1, 1, 1, 1, 1, 1, 1, 1, 1, 1, 1, 1, 1, 1, 1, 1, 1, 1, 1, 1, 
1, 1, 1, 1, 1, 1, 1, 2.968, 2.779, 2.812, 3.039, 3.029, 2.807, 
2.776, 2.878, 3.069, 2.906, 3.04), .Dim = c(11L, 40L), .Dimnames = list(
    NULL, c("Sampling", "PSO.cost", "PSO.gamma", "PSO.data.balancing", 
    "PSO.feature.selection", "PSO.valid.acc", "PSO.test.acc", 
    "PSO.train.time", "PSO.n.support.vectors", "PSO.index", "PSO.n.solutions", 
    "PSO.generations", "PSO.n.evaluations", "PSO.cpu.time", "RS.cost", 
    "RS.gamma", "RS.data.balancing", "RS.feature.selection", 
    "RS.valid.acc", "RS.test.acc", "RS.train.time", "RS.n.support.vectors", 
    "RS.index", "RS.n.solutions", "RS.generations", "RS.n.evaluations", 
    "RS.cpu.time", "DF.cost", "DF.gamma", "DF.data.balancing", 
    "DF.feature.selection", "DF.valid.acc", "DF.test.acc", "DF.train.time", 
    "DF.n.support.vectors", "DF.index", "DF.n.solutions", "DF.generations", 
    "DF.n.evaluations", "DF.cpu.time")))
