full <-
structure(c(50, 55, 60, 65, 70, 75, 80, 85, 90, 95, 100, 11.57361, 
-0.622, -0.46721, -0.2303, 6.07164, 1.3413, 1.70672, 13.07902, 
-0.63062, 9.77711, -0.44604, -9.95967, -2.17646, -3.75951, -3.34532, 
-10.95421, -1.41474, -5.86592, -12.48759, -3.17864, -15, -4.95225, 
0, 0, 0, 0, 0, 0, 0, 0, 0, 0, 0, 0, 0, 0, 0, 0, 0, 0, 0, 0, 0, 
0, 0.69076, 0.6933, 0.70882, 0.72328, 0.70827, 0.71036, 0.70866, 
0.69809, 0.66209, 0.6906, 0.69054, 0.63114, 0.67997, 0.68521, 
0.69773, 0.69898, 0.68803, 0.70357, 0.6613, 0.64712, 0.67313, 
0.67673, 0.0226, 0.0231, 0.0237, 0.0241, 0.0239, 0.0352, 0.0267, 
0.0383, 0.0332, 0.0295, 0.0319, 65, 107.7, 93.7, 102.9, 85.4, 
159.7, 102.9, 107.1, 148.7, 120.3, 134.1, 730, 865, 1581, 460, 
1331, 662, 861, 150, 278, 2001, 771, 48, 151, 31, 298, 15, 432, 
66, 245, 446, 2, 192, 100, 100, 100, 100, 100, 100, 100, 100, 
100, 100, 100, 2500, 2500, 2500, 2500, 2500, 2500, 2500, 2500, 
2500, 2500, 2500, 7083.081, 7219.069, 7324.894, 7218.666, 7283.41899999999, 
7633.882, 7405.22499999999, 7910.83199999999, 7784.19300000001, 
7931.353, 7743.10499999998, 12.09224, -0.89173, -0.31624, 0.20761, 
7.28183, 1.41315, 1.85943, 14.68352, 13.45269, 4.98717, -0.0483, 
-10.209, -2.66176, -4.14867, -3.52648, -12.1714, -1.06246, -5.94107, 
-14.08858, -11.41606, -9.90254, -4.11322, 0, 0, 0, 0, 0, 0, 0, 
0, 0, 0, 0, 0, 0, 0, 0, 0, 0, 0, 0, 0, 0, 0, 0.69076, 0.68138, 
0.70257, 0.72219, 0.70827, 0.70601, 0.70431, 0.69809, 0.66621, 
0.68715, 0.68684, 0.61678, 0.68664, 0.6855, 0.69664, 0.69898, 
0.68783, 0.69922, 0.65713, 0.63557, 0.65843, 0.67636, 0.0221, 
0.022, 0.0209, 0.0244, 0.0232, 0.039, 0.0274, 0.0395, 0.058, 
0.0303, 0.0365, 65, 100.4, 88.2, 101.5, 85.4, 163.8, 102.9, 106.2, 
119.1, 120.7, 142.5, 995, 1461, 161, 389, 436, 67, 30, 756, 1369, 
1640, 600, 1, 1, 1, 1, 3, 8, 2, 2, 1, 1, 2, 100, 100, 100, 100, 
100, 100, 100, 100, 100, 100, 100, 2500, 2500, 2500, 2500, 2500, 
2500, 2500, 2500, 2500, 2500, 2500, 6984.391, 7196.943, 7432.999, 
7291.139, 7563.33899999999, 7563.31999999999, 7807.965, 7857.50200000001, 
7926.249, 8097.37, 8194.71300000002, 1, 1, 1, 1, 1, 1, 1, 1, 
1, 1, 1, 0.07692, 0.07692, 0.07692, 0.07692, 0.07692, 0.07692, 
0.07692, 0.07692, 0.07692, 0.07692, 0.07692, 0, 0, 0, 0, 0, 0, 
0, 0, 0, 0, 0, 0, 0, 0, 0, 0, 0, 0, 0, 0, 0, 0, 0.67186, 0.63529, 
0.68612, 0.71217, 0.69875, 0.6876, 0.69595, 0.67396, 0.64357, 
0.68384, 0.68316, 0.65936, 0.65529, 0.67649, 0.69664, 0.6947, 
0.68345, 0.69211, 0.67826, 0.65097, 0.67708, 0.67673, 0.0203, 
0.0198, 0.0232, 0.0229, 0.0254, 0.0267, 0.0295, 0.0303, 0.0332, 
0.0357, 0.0366, 80.8, 88.3, 95.3, 98.2, 105.2, 114.6, 119.8, 
129.7, 140.3, 144.7, 150.9, 1, 1, 1, 1, 1, 1, 1, 1, 1, 1, 1, 
1, 1, 1, 1, 1, 1, 1, 1, 1, 1, 1, 1, 1, 1, 1, 1, 1, 1, 1, 1, 1, 
1, 1, 1, 1, 1, 1, 1, 1, 1, 1, 1, 1, 2.881, 2.681, 2.908, 2.79, 
3.058, 2.969, 3.064, 3.037, 3.096, 3.203, 3.125), .Dim = c(11L, 
40L), .Dimnames = list(NULL, c("Sampling", "PSO.cost", "PSO.gamma", 
"PSO.data.balancing", "PSO.feature.selection", "PSO.valid.acc", 
"PSO.test.acc", "PSO.train.time", "PSO.n.support.vectors", "PSO.index", 
"PSO.n.solutions", "PSO.generations", "PSO.n.evaluations", "PSO.cpu.time", 
"RS.cost", "RS.gamma", "RS.data.balancing", "RS.feature.selection", 
"RS.valid.acc", "RS.test.acc", "RS.train.time", "RS.n.support.vectors", 
"RS.index", "RS.n.solutions", "RS.generations", "RS.n.evaluations", 
"RS.cpu.time", "DF.cost", "DF.gamma", "DF.data.balancing", "DF.feature.selection", 
"DF.valid.acc", "DF.test.acc", "DF.train.time", "DF.n.support.vectors", 
"DF.index", "DF.n.solutions", "DF.generations", "DF.n.evaluations", 
"DF.cpu.time")))
