full <-
structure(c(50, 55, 60, 65, 70, 75, 80, 85, 90, 95, 100, 1.33841, 
0.93643, 2.21598, 8.0003, 4.62633, 0.74723, 0.87626, 0.23618, 
6.17615, 4.58246, -0.2934, -4.46497, -5.01324, -5.72952, -8.121, 
-7.84123, -4.93732, -3.93536, -2.45311, -7.68242, -9.77914, -3.367, 
0, 0, 0, 0, 0, 0, 0, 0, 0, 0, 0, 0, 0, 0, 0, 0, 0, 0, 0, 0, 0, 
0, 0.72944, 0.73963, 0.73428, 0.72804, 0.71366, 0.69782, 0.68359, 
0.68235, 0.69837, 0.69496, 0.70034, 0.70739, 0.71495, 0.6826, 
0.67459, 0.67056, 0.70179, 0.66291, 0.66653, 0.67225, 0.66651, 
0.67269, 0.0193, 0.0186, 0.0205, 0.0277, 0.0241, 0.0263, 0.0291, 
0.0371, 0.0337, 0.0341, 0.0392, 79.2, 77, 80, 83.1, 90.1, 104.3, 
124.8, 155.2, 117.7, 119.9, 154.8, 575, 245, 508, 2468, 1723, 
398, 2133, 1087, 589, 42, 193, 100, 684, 712, 1, 5, 154, 1, 73, 
263, 116, 620, 100, 100, 100, 100, 100, 100, 100, 100, 100, 100, 
100, 2500, 2500, 2500, 2500, 2500, 2500, 2500, 2500, 2500, 2500, 
2500, 6575.091, 6483.025, 8145.552, 8959.791, 9033.944, 9241.545, 
9322.62699999999, 9276.76599999999, 9512.04999999999, 9693.98999999999, 
9886.522, 1.04984, 0.87618, 2.5685, 2.54224, 4.87464, 1.28215, 
0.66062, 0.65044, 5.54414, 6.69467, -0.10688, -4.30613, -4.87101, 
-5.95778, -5.77517, -8.07213, -5.69356, -3.62708, -2.30335, -7.4055, 
-12.05874, -3.47137, 0, 0, 0, 0, 0, 0, 0, 0, 0, 0, 0, 0, 0, 0, 
0, 0, 0, 0, 0, 0, 0, 0, 0.7161, 0.73963, 0.72839, 0.72333, 0.7089, 
0.68912, 0.68341, 0.67504, 0.69467, 0.69496, 0.70034, 0.70072, 
0.72083, 0.68228, 0.70649, 0.67056, 0.70119, 0.66291, 0.67095, 
0.67253, 0.67339, 0.68319, 0.0177, 0.0182, 0.0208, 0.0243, 0.0296, 
0.0254, 0.0293, 0.0376, 0.0315, 0.031, 0.0399, 80.1, 78, 79.4, 
86.6, 90, 100.6, 129, 159.4, 118.8, 119.4, 153.2, 1261, 237, 
955, 126, 1108, 805, 442, 73, 847, 58, 269, 1, 1, 1, 3, 2, 1, 
1, 1, 2, 9, 3, 100, 100, 100, 100, 100, 100, 100, 100, 100, 100, 
100, 2500, 2500, 2500, 2500, 2500, 2500, 2500, 2500, 2500, 2500, 
2500, 6583.07, 6663.115, 8884.405, 9032.17, 9297.17600000001, 
9346.67, 9333.595, 9064.85699999999, 9717.75999999998, 9976.337, 
10089.227, 1, 1, 1, 1, 1, 1, 1, 1, 1, 1, 1, 0.07692, 0.07692, 
0.07692, 0.07692, 0.07692, 0.07692, 0.07692, 0.07692, 0.07692, 
0.07692, 0.07692, 0, 0, 0, 0, 0, 0, 0, 0, 0, 0, 0, 0, 0, 0, 0, 
0, 0, 0, 0, 0, 0, 0, 0.70127, 0.7087, 0.70515, 0.71278, 0.69437, 
0.67464, 0.65768, 0.67044, 0.66438, 0.66968, 0.69677, 0.69508, 
0.70203, 0.6996, 0.70249, 0.68961, 0.6974, 0.66272, 0.64917, 
0.67663, 0.68028, 0.67986, 0.0199, 0.019, 0.024, 0.0256, 0.0262, 
0.0291, 0.0298, 0.0331, 0.0358, 0.0362, 0.0383, 84.5, 87.9, 94.7, 
103.1, 110.7, 118.1, 126.4, 132.8, 138.7, 142.3, 148.6, 1, 1, 
1, 1, 1, 1, 1, 1, 1, 1, 1, 1, 1, 1, 1, 1, 1, 1, 1, 1, 1, 1, 1, 
1, 1, 1, 1, 1, 1, 1, 1, 1, 1, 1, 1, 1, 1, 1, 1, 1, 1, 1, 1, 1, 
2.708, 2.529, 3.529, 3.538, 3.725, 3.691, 3.526, 3.766, 3.951, 
3.884, 3.891), .Dim = c(11L, 40L), .Dimnames = list(NULL, c("Sampling", 
"PSO.cost", "PSO.gamma", "PSO.data.balancing", "PSO.feature.selection", 
"PSO.valid.acc", "PSO.test.acc", "PSO.train.time", "PSO.n.support.vectors", 
"PSO.index", "PSO.n.solutions", "PSO.generations", "PSO.n.evaluations", 
"PSO.cpu.time", "RS.cost", "RS.gamma", "RS.data.balancing", "RS.feature.selection", 
"RS.valid.acc", "RS.test.acc", "RS.train.time", "RS.n.support.vectors", 
"RS.index", "RS.n.solutions", "RS.generations", "RS.n.evaluations", 
"RS.cpu.time", "DF.cost", "DF.gamma", "DF.data.balancing", "DF.feature.selection", 
"DF.valid.acc", "DF.test.acc", "DF.train.time", "DF.n.support.vectors", 
"DF.index", "DF.n.solutions", "DF.generations", "DF.n.evaluations", 
"DF.cpu.time")))
