full <-
structure(c(50, 55, 60, 65, 70, 75, 80, 85, 90, 95, 100, 5.70738, 
9.19936, 2.6589, 13.56172, 10.24996, 1.6652, -0.16848, 2.64063, 
5.9002, 15, 1.11614, -4.9276, -7.58098, -4.19751, -10.93396, 
-14.94267, -1.77853, -3.81806, -1.80059, -11.0769, -13.89187, 
-5.49629, 0, 0, 0, 0, 0, 0, 0, 0, 0, 0, 0, 0, 0, 0, 0, 0, 0, 
0, 0, 0, 0, 0, 0.69581, 0.71321, 0.67223, 0.67038, 0.67011, 0.67918, 
0.67032, 0.6746, 0.66976, 0.7055, 0.67731, 0.66098, 0.65366, 
0.64303, 0.61243, 0.65509, 0.65662, 0.64438, 0.65042, 0.64387, 
0.66542, 0.68802, 0.0193, 0.0234, 0.0214, 0.0388, 0.0234, 0.0355, 
0.0279, 0.0402, 0.0334, 0.05, 0.034, 75.3, 75, 95.6, 88.2, 94.6, 
154.2, 124.2, 172.3, 118.2, 118.7, 131.2, 829, 699, 674, 1636, 
298, 521, 1466, 958, 114, 2094, 1210, 70, 115, 184, 23, 52, 745, 
35, 324, 211, 1, 83, 100, 100, 100, 100, 100, 100, 100, 100, 
100, 100, 100, 2500, 2500, 2500, 2500, 2500, 2500, 2500, 2500, 
2500, 2500, 2500, 6960.182, 7120.818, 6848.878, 7076.719, 7079.49, 
7555.90399999999, 7482.54599999999, 7505.38400000001, 7155.38, 
7423.325, 7240.69500000001, 5.24841, 9.87689, 2.83365, 14.43851, 
10.03407, 2.0974, -0.32093, 3.06976, 9.82638, 14.94906, 8.24161, 
-4.86654, -7.76856, -4.3227, -11.37892, -14.68844, -2.14845, 
-3.56961, -2.00944, -14.77997, -13.88815, -10.26616, 0, 0, 0, 
0, 0, 0, 0, 0, 0, 0, 0, 0, 0, 0, 0, 0, 0, 0, 0, 0, 0, 0, 0.68956, 
0.70135, 0.66668, 0.66512, 0.67011, 0.66594, 0.66616, 0.66676, 
0.66976, 0.7018, 0.67765, 0.67479, 0.63519, 0.6434, 0.61213, 
0.65509, 0.65227, 0.64438, 0.64658, 0.65142, 0.66209, 0.66052, 
0.0203, 0.0234, 0.0221, 0.045, 0.0251, 0.032, 0.0277, 0.0389, 
0.0296, 0.0476, 0.0348, 75.8, 73.5, 95.1, 88.2, 94.7, 149.3, 
127.2, 168.3, 117.6, 118.9, 123.1, 797, 1336, 2328, 1644, 2477, 
1141, 191, 1433, 133, 518, 2099, 2, 1, 1, 1, 1, 1, 1, 2, 19, 
1, 1, 100, 100, 100, 100, 100, 100, 100, 100, 100, 100, 100, 
2500, 2500, 2500, 2500, 2500, 2500, 2500, 2500, 2500, 2500, 2500, 
7062.937, 7009.927, 6733.381, 6921.381, 7284.35400000001, 7491.276, 
7438.20499999999, 7450.936, 7203.65800000001, 7290.598, 7532.25599999999, 
1, 1, 1, 1, 1, 1, 1, 1, 1, 1, 1, 0.07692, 0.07692, 0.07692, 0.07692, 
0.07692, 0.07692, 0.07692, 0.07692, 0.07692, 0.07692, 0.07692, 
0, 0, 0, 0, 0, 0, 0, 0, 0, 0, 0, 0, 0, 0, 0, 0, 0, 0, 0, 0, 0, 
0, 0.67149, 0.64714, 0.64468, 0.65038, 0.64604, 0.64673, 0.66616, 
0.65795, 0.66192, 0.66974, 0.66697, 0.68977, 0.6408, 0.65977, 
0.63456, 0.6458, 0.64693, 0.64457, 0.65812, 0.65472, 0.66654, 
0.67434, 0.0182, 0.0206, 0.0213, 0.0235, 0.0241, 0.0304, 0.0277, 
0.0323, 0.0323, 0.0339, 0.0342, 75.7, 84.6, 94.6, 103.2, 110.8, 
120.1, 125.7, 132.3, 138.6, 142.2, 149.5, 1, 1, 1, 1, 1, 1, 1, 
1, 1, 1, 1, 1, 1, 1, 1, 1, 1, 1, 1, 1, 1, 1, 1, 1, 1, 1, 1, 1, 
1, 1, 1, 1, 1, 1, 1, 1, 1, 1, 1, 1, 1, 1, 1, 1, 2.641, 2.794, 
2.613, 2.68, 2.892, 2.908, 2.948, 2.926, 2.81, 2.816, 2.766), .Dim = c(11L, 
40L), .Dimnames = list(NULL, c("Sampling", "PSO.cost", "PSO.gamma", 
"PSO.data.balancing", "PSO.feature.selection", "PSO.valid.acc", 
"PSO.test.acc", "PSO.train.time", "PSO.n.support.vectors", "PSO.index", 
"PSO.n.solutions", "PSO.generations", "PSO.n.evaluations", "PSO.cpu.time", 
"RS.cost", "RS.gamma", "RS.data.balancing", "RS.feature.selection", 
"RS.valid.acc", "RS.test.acc", "RS.train.time", "RS.n.support.vectors", 
"RS.index", "RS.n.solutions", "RS.generations", "RS.n.evaluations", 
"RS.cpu.time", "DF.cost", "DF.gamma", "DF.data.balancing", "DF.feature.selection", 
"DF.valid.acc", "DF.test.acc", "DF.train.time", "DF.n.support.vectors", 
"DF.index", "DF.n.solutions", "DF.generations", "DF.n.evaluations", 
"DF.cpu.time")))
