full <-
structure(c(50, 55, 60, 65, 70, 75, 80, 85, 90, 95, 100, 3.27638, 
1.98424, 0.74053, 0.01669, 0.65431, -0.51015, 0.72847, 0.13253, 
1.29843, 1.06729, 2.17569, -3.95664, -2.15766, -1.75497, -1.84909, 
-1.39994, -2.75713, -1.30132, -1.65675, -3.65512, -4.89334, -6.39904, 
0, 0, 0, 0, 0, 0, 0, 0, 0, 0, 0, 0, 0, 0, 0, 0, 0, 0, 0, 0, 0, 
0, 0.71333, 0.71225, 0.67647, 0.68699, 0.69444, 0.69276, 0.70326, 
0.7046, 0.71088, 0.69513, 0.69625, 0.68, 0.69457, 0.64202, 0.64956, 
0.68015, 0.67414, 0.68188, 0.70059, 0.68823, 0.67713, 0.68661, 
0.0191, 0.0237, 0.0258, 0.0264, 0.0329, 0.0287, 0.04, 0.0373, 
0.031, 0.0316, 0.0316, 82.7, 106.5, 120.4, 129.2, 146.5, 127.9, 
165.6, 168.8, 141.8, 131.7, 126.8, 443, 1312, 449, 876, 718, 
1340, 240, 292, 165, 1065, 420, 413, 61, 39, 461, 100, 27, 376, 
445, 666, 84, 48, 100, 100, 100, 100, 100, 100, 100, 100, 100, 
100, 100, 2500, 2500, 2500, 2500, 2500, 2500, 2500, 2500, 2500, 
2500, 2500, 6278.235, 6499.361, 6494.327, 6445.818, 6729.52099999999, 
6758.18900000001, 6872.48, 6829.20300000001, 6825.075, 6823.19, 
6863.476, 2.98042, 6.09121, 1.03801, 0.22282, 0.6275, -0.39983, 
1.33185, 0.68257, 1.26745, 0.74416, 0.68255, -3.80346, -4.7196, 
-1.90192, -2.05123, -1.11108, -1.88953, -3.02082, -2.8875, -3.68726, 
-5.00893, -4.90753, 0, 0, 0, 0, 0, 0, 0, 0, 0, 0, 0, 0, 0, 0, 
0, 0, 0, 0, 0, 0, 0, 0, 0.7, 0.71193, 0.67059, 0.67614, 0.68991, 
0.69297, 0.69855, 0.69692, 0.70717, 0.6881, 0.69327, 0.67286, 
0.65948, 0.64202, 0.64401, 0.68991, 0.6789, 0.66051, 0.67688, 
0.68823, 0.67713, 0.69017, 0.0194, 0.0196, 0.0247, 0.0271, 0.0333, 
0.0333, 0.0284, 0.0317, 0.0318, 0.0311, 0.0329, 83.6, 86.7, 118.6, 
126.8, 150.1, 145.3, 131.8, 144.9, 140.8, 130.3, 134.2, 700, 
1199, 1963, 511, 219, 2256, 222, 1391, 944, 812, 1037, 3, 1, 
1, 1, 2, 1, 1, 1, 1, 1, 1, 100, 100, 100, 100, 100, 100, 100, 
100, 100, 100, 100, 2500, 2500, 2500, 2500, 2500, 2500, 2500, 
2500, 2500, 2500, 2500, 6460.391, 6355.195, 6355.394, 6557.635, 
6638.342, 6840.34700000001, 6839.05900000001, 6907.49399999999, 
7009.72, 7090.32000000001, 7170.14499999999, 1, 1, 1, 1, 1, 1, 
1, 1, 1, 1, 1, 0.07692, 0.07692, 0.07692, 0.07692, 0.07692, 0.07692, 
0.07692, 0.07692, 0.07692, 0.07692, 0.07692, 0, 0, 0, 0, 0, 0, 
0, 0, 0, 0, 0, 0, 0, 0, 0, 0, 0, 0, 0, 0, 0, 0, 0.6519, 0.69243, 
0.63683, 0.6443, 0.66015, 0.66005, 0.68587, 0.66163, 0.68108, 
0.67712, 0.68338, 0.64571, 0.69938, 0.63183, 0.63851, 0.67467, 
0.66938, 0.68188, 0.66163, 0.68095, 0.6701, 0.69351, 0.0184, 
0.0207, 0.0212, 0.024, 0.0236, 0.0259, 0.0279, 0.0285, 0.0319, 
0.0328, 0.0342, 82.4, 85.4, 95.6, 101.3, 107.1, 111.9, 120.1, 
128.7, 136.8, 144.7, 148.5, 1, 1, 1, 1, 1, 1, 1, 1, 1, 1, 1, 
1, 1, 1, 1, 1, 1, 1, 1, 1, 1, 1, 1, 1, 1, 1, 1, 1, 1, 1, 1, 1, 
1, 1, 1, 1, 1, 1, 1, 1, 1, 1, 1, 1, 2.503, 2.661, 2.574, 2.717, 
2.608, 2.725, 2.676, 2.615, 2.715, 2.735, 2.766), .Dim = c(11L, 
40L), .Dimnames = list(NULL, c("Sampling", "PSO.cost", "PSO.gamma", 
"PSO.data.balancing", "PSO.feature.selection", "PSO.valid.acc", 
"PSO.test.acc", "PSO.train.time", "PSO.n.support.vectors", "PSO.index", 
"PSO.n.solutions", "PSO.generations", "PSO.n.evaluations", "PSO.cpu.time", 
"RS.cost", "RS.gamma", "RS.data.balancing", "RS.feature.selection", 
"RS.valid.acc", "RS.test.acc", "RS.train.time", "RS.n.support.vectors", 
"RS.index", "RS.n.solutions", "RS.generations", "RS.n.evaluations", 
"RS.cpu.time", "DF.cost", "DF.gamma", "DF.data.balancing", "DF.feature.selection", 
"DF.valid.acc", "DF.test.acc", "DF.train.time", "DF.n.support.vectors", 
"DF.index", "DF.n.solutions", "DF.generations", "DF.n.evaluations", 
"DF.cpu.time")))
