full <-
structure(c(50, 55, 60, 65, 70, 75, 80, 85, 90, 95, 100, 10.24434, 
5.11032, 0.51927, -0.47938, -0.69098, 0.88604, 5.11241, -0.25805, 
1.51376, 1.53624, -0.68233, -14.92245, -8.66737, -3.12951, -3.6107, 
-4.44823, -4.97774, -9.82076, -3.73414, -3.98038, -3.86088, -3.47844, 
0, 0, 0, 0, 0, 0, 0, 0, 0, 0, 0, 0, 0, 0, 0, 0, 0, 0, 0, 0, 0, 
0, 0.65892, 0.69261, 0.65717, 0.65559, 0.67043, 0.70173, 0.69558, 
0.69026, 0.6934, 0.70519, 0.67781, 0.61736, 0.66612, 0.6329, 
0.65585, 0.65592, 0.67424, 0.67434, 0.68978, 0.68101, 0.68348, 
0.67757, 0.0179, 0.02, 0.0224, 0.0232, 0.0247, 0.0246, 0.0253, 
0.028, 0.0321, 0.0325, 0.0357, 70.5, 75.5, 105.5, 103.1, 102.8, 
103, 102.8, 123.8, 134.1, 143.6, 152.7, 356, 68, 551, 805, 422, 
424, 167, 643, 861, 1212, 420, 87, 82, 116, 51, 47, 84, 85, 131, 
106, 105, 328, 100, 100, 100, 100, 100, 100, 100, 100, 100, 100, 
100, 2500, 2500, 2500, 2500, 2500, 2500, 2500, 2500, 2500, 2500, 
2500, 6977.22, 7037.652, 7341.402, 7234.933, 7229.50799999999, 
7288.90700000001, 7315.606, 7579.727, 7671.52899999999, 7533.38, 
7428.09600000002, -0.61419, 5.34376, 0.64477, 0.28261, -0.5539, 
1.30875, 8.68422, 2.10447, 1.38597, -0.88096, -0.02909, -3.50766, 
-8.90571, -3.37085, -1.65793, -4.62807, -4.72855, -13.40963, 
-5.28023, -3.62642, -3.89843, -5.10621, 0, 0, 0, 0, 0, 0, 0, 
0, 0, 0, 0, 0, 0, 0, 0, 0, 0, 0, 0, 0, 0, 0, 0.65947, 0.69261, 
0.65217, 0.65453, 0.67043, 0.69719, 0.69558, 0.68947, 0.68913, 
0.69802, 0.67673, 0.63934, 0.66612, 0.6379, 0.63395, 0.66566, 
0.69284, 0.68236, 0.66608, 0.67788, 0.68373, 0.67724, 0.0181, 
0.0223, 0.0246, 0.0295, 0.0229, 0.0254, 0.0257, 0.0278, 0.0311, 
0.0351, 0.031, 83.7, 75.3, 102, 133.8, 101.6, 105.1, 102.7, 113.9, 
139.3, 136.5, 133.3, 2157, 114, 1030, 1046, 487, 444, 25, 1922, 
2139, 1098, 1402, 1, 5, 1, 1, 1, 6, 5, 1, 1, 1, 1, 100, 100, 
100, 100, 100, 100, 100, 100, 100, 100, 100, 2500, 2500, 2500, 
2500, 2500, 2500, 2500, 2500, 2500, 2500, 2500, 7084.31, 7219.006, 
7383.658, 7268.098, 7151.359, 7548.912, 7696.743, 7797.70299999999, 
7609.26199999999, 7696.01799999998, 7569.128, 1, 1, 1, 1, 1, 
1, 1, 1, 1, 1, 1, 0.07692, 0.07692, 0.07692, 0.07692, 0.07692, 
0.07692, 0.07692, 0.07692, 0.07692, 0.07692, 0.07692, 0, 0, 0, 
0, 0, 0, 0, 0, 0, 0, 0, 0, 0, 0, 0, 0, 0, 0, 0, 0, 0, 0, 0.64469, 
0.67172, 0.63448, 0.63895, 0.64604, 0.69679, 0.67837, 0.68209, 
0.68157, 0.6799, 0.66053, 0.63172, 0.68533, 0.6329, 0.63977, 
0.66032, 0.6792, 0.67415, 0.68194, 0.67729, 0.67633, 0.66399, 
0.0194, 0.0213, 0.0228, 0.0234, 0.0244, 0.0263, 0.0296, 0.029, 
0.0302, 0.0334, 0.0346, 82.6, 89.4, 96.6, 103.2, 109.4, 114.6, 
120.4, 124.7, 132.9, 141.3, 149.4, 1, 1, 1, 1, 1, 1, 1, 1, 1, 
1, 1, 1, 1, 1, 1, 1, 1, 1, 1, 1, 1, 1, 1, 1, 1, 1, 1, 1, 1, 1, 
1, 1, 1, 1, 1, 1, 1, 1, 1, 1, 1, 1, 1, 1, 2.89, 2.965, 2.877, 
2.891, 2.828, 2.953, 3.053, 3.069, 3.017, 2.979, 2.762), .Dim = c(11L, 
40L), .Dimnames = list(NULL, c("Sampling", "PSO.cost", "PSO.gamma", 
"PSO.data.balancing", "PSO.feature.selection", "PSO.valid.acc", 
"PSO.test.acc", "PSO.train.time", "PSO.n.support.vectors", "PSO.index", 
"PSO.n.solutions", "PSO.generations", "PSO.n.evaluations", "PSO.cpu.time", 
"RS.cost", "RS.gamma", "RS.data.balancing", "RS.feature.selection", 
"RS.valid.acc", "RS.test.acc", "RS.train.time", "RS.n.support.vectors", 
"RS.index", "RS.n.solutions", "RS.generations", "RS.n.evaluations", 
"RS.cpu.time", "DF.cost", "DF.gamma", "DF.data.balancing", "DF.feature.selection", 
"DF.valid.acc", "DF.test.acc", "DF.train.time", "DF.n.support.vectors", 
"DF.index", "DF.n.solutions", "DF.generations", "DF.n.evaluations", 
"DF.cpu.time")))
