full <-
structure(c(50, 55, 60, 65, 70, 75, 80, 85, 90, 95, 100, 0.11921, 
0.16327, 1.00028, 6.52434, 12.18864, 1.07537, 1.64923, 12.61684, 
5.36123, 2.23517, 5.73371, -1.12736, -4.16134, -2.24438, -11.9018, 
-10.38792, -4.48516, -6.63041, -12.18326, -10.37871, -6.12011, 
-11.1497, 0, 0, 0, 0, 0, 0, 0, 0, 0, 0, 0, 0, 0, 0, 0, 0, 0, 
0, 0, 0, 0, 0, 0.62714, 0.6177, 0.63958, 0.6453, 0.68297, 0.66629, 
0.67525, 0.68607, 0.68001, 0.69112, 0.69291, 0.60423, 0.58556, 
0.63315, 0.62363, 0.64888, 0.66174, 0.65841, 0.6297, 0.67288, 
0.66967, 0.6798, 0.0222, 0.0196, 0.0235, 0.023, 0.0367, 0.0246, 
0.0255, 0.0377, 0.0285, 0.0314, 0.0328, 109.9, 86.8, 118, 90.2, 
91.7, 108, 103.4, 107, 114.5, 123.9, 124.2, 430, 1290, 729, 1350, 
1607, 1726, 582, 1017, 922, 2048, 1052, 111, 40, 63, 29, 8, 7, 
168, 154, 32, 3, 9, 100, 100, 100, 100, 100, 100, 100, 100, 100, 
100, 100, 2500, 2500, 2500, 2500, 2500, 2500, 2500, 2500, 2500, 
2500, 2500, 7642.621, 7628.005, 7700.356, 7764.334, 7829.211, 
7532.931, 7474.625, 7709.86700000001, 7413.091, 7438.37900000002, 
7507.72399999999, 0.28787, -0.16663, 0.93346, 9.38903, 12.40871, 
1.03459, 2.11144, 12.67567, 5.2518, 7.17683, 6.92904, -0.51063, 
-3.66115, -2.01783, -14.77539, -10.51674, -3.71565, -7.12772, 
-12.22248, -10.26716, -12.58789, -12.37413, 0, 0, 0, 0, 0, 0, 
0, 0, 0, 0, 0, 0, 0, 0, 0, 0, 0, 0, 0, 0, 0, 0, 0.62714, 0.6177, 
0.62847, 0.6453, 0.68297, 0.66098, 0.67525, 0.68207, 0.68001, 
0.68742, 0.68969, 0.60542, 0.58556, 0.63348, 0.62363, 0.65868, 
0.65682, 0.65822, 0.63386, 0.66918, 0.6735, 0.6798, 0.0231, 0.0214, 
0.0257, 0.0225, 0.0377, 0.0273, 0.0257, 0.0377, 0.0285, 0.0297, 
0.0316, 113.1, 89.7, 122, 90.3, 91.8, 117.9, 103.1, 106.9, 114.4, 
119.5, 124.3, 1263, 564, 1420, 1397, 432, 778, 1085, 73, 886, 
798, 409, 3, 1, 2, 2, 1, 1, 1, 1, 1, 2, 2, 100, 100, 100, 100, 
100, 100, 100, 100, 100, 100, 100, 2500, 2500, 2500, 2500, 2500, 
2500, 2500, 2500, 2500, 2500, 2500, 7657.024, 7706.767, 7682.93599999999, 
7793.999, 7657.42000000001, 7673.639, 7649.38900000001, 7593.447, 
7651.92599999999, 7697.35800000001, 7815.13199999998, 1, 1, 1, 
1, 1, 1, 1, 1, 1, 1, 1, 0.07692, 0.07692, 0.07692, 0.07692, 0.07692, 
0.07692, 0.07692, 0.07692, 0.07692, 0.07692, 0.07692, 0, 0, 0, 
0, 0, 0, 0, 0, 0, 0, 0, 0, 0, 0, 0, 0, 0, 0, 0, 0, 0, 0, 0.58423, 
0.60436, 0.59273, 0.63851, 0.65928, 0.64811, 0.63649, 0.65787, 
0.66889, 0.66917, 0.6798, 0.58167, 0.59145, 0.59273, 0.62181, 
0.65457, 0.66174, 0.66988, 0.66267, 0.68073, 0.6869, 0.69314, 
0.0176, 0.0189, 0.0219, 0.0239, 0.0244, 0.0264, 0.0275, 0.0297, 
0.0313, 0.0333, 0.0353, 78.8, 89.6, 97.2, 101.8, 107.7, 114.5, 
119.3, 129.1, 135.4, 142.2, 149.2, 1, 1, 1, 1, 1, 1, 1, 1, 1, 
1, 1, 1, 1, 1, 1, 1, 1, 1, 1, 1, 1, 1, 1, 1, 1, 1, 1, 1, 1, 1, 
1, 1, 1, 1, 1, 1, 1, 1, 1, 1, 1, 1, 1, 1, 3.01, 3.052, 3.057, 
3.115, 2.929, 3, 2.992, 3.003, 2.954, 2.981, 3.038), .Dim = c(11L, 
40L), .Dimnames = list(NULL, c("Sampling", "PSO.cost", "PSO.gamma", 
"PSO.data.balancing", "PSO.feature.selection", "PSO.valid.acc", 
"PSO.test.acc", "PSO.train.time", "PSO.n.support.vectors", "PSO.index", 
"PSO.n.solutions", "PSO.generations", "PSO.n.evaluations", "PSO.cpu.time", 
"RS.cost", "RS.gamma", "RS.data.balancing", "RS.feature.selection", 
"RS.valid.acc", "RS.test.acc", "RS.train.time", "RS.n.support.vectors", 
"RS.index", "RS.n.solutions", "RS.generations", "RS.n.evaluations", 
"RS.cpu.time", "DF.cost", "DF.gamma", "DF.data.balancing", "DF.feature.selection", 
"DF.valid.acc", "DF.test.acc", "DF.train.time", "DF.n.support.vectors", 
"DF.index", "DF.n.solutions", "DF.generations", "DF.n.evaluations", 
"DF.cpu.time")))
