full <-
structure(c(50, 55, 60, 65, 70, 75, 80, 85, 90, 95, 100, 10.28702, 
9.58114, 6.73899, 0.93536, 0.58601, 4.63, 0.11942, -0.49789, 
1.45299, 7.644, 5.0553, -13.91511, -15, -12.09063, -5.12247, 
-5.8935, -10.04634, -3.78262, -3.46083, -6.34644, -12.54528, 
-7.10547, 0, 0, 0, 0, 0, 0, 0, 0, 0, 0, 0, 0, 0, 0, 0, 0, 0, 
0, 0, 0, 0, 0, 0.70625, 0.6951, 0.70453, 0.72947, 0.68511, 0.68874, 
0.69598, 0.68522, 0.67722, 0.67706, 0.70347, 0.66621, 0.70172, 
0.68194, 0.70754, 0.67535, 0.6755, 0.67897, 0.68138, 0.67764, 
0.66674, 0.64863, 0.0184, 0.0198, 0.0201, 0.0251, 0.0255, 0.026, 
0.0312, 0.0287, 0.0283, 0.0319, 0.0379, 67.5, 73.2, 78, 90.1, 
97.1, 99.4, 122.7, 131.9, 118.2, 120.9, 129.6, 279, 399, 98, 
697, 451, 179, 692, 556, 73, 202, 1013, 112, 125, 170, 538, 197, 
212, 90, 623, 118, 130, 34, 100, 100, 100, 100, 100, 100, 100, 
100, 100, 100, 100, 2500, 2500, 2500, 2500, 2500, 2500, 2500, 
2500, 2500, 2500, 2500, 7265.696, 7382.014, 7523.588, 7613.959, 
7677.93900000001, 7680.70299999999, 7675.59, 7757.015, 7692.265, 
8929.82700000002, 10171.22, 9.73944, 6.16721, 7.26379, 0.95274, 
0.45925, 5.25834, 0.04587, -0.56083, 4.20418, 8.7259, 5.37239, 
-13.44716, -11.04136, -12.62297, -4.99186, -5.7152, -10.41512, 
-3.63007, -4.0829, -8.91982, -13.63705, -7.35053, 0, 0, 0, 0, 
0, 0, 0, 0, 0, 0, 0, 0, 0, 0, 0, 0, 0, 0, 0, 0, 0, 0, 0.70625, 
0.69547, 0.70453, 0.72947, 0.68511, 0.68874, 0.69182, 0.67722, 
0.67408, 0.67706, 0.70002, 0.66566, 0.67588, 0.68194, 0.70754, 
0.67535, 0.67531, 0.6873, 0.68122, 0.67778, 0.66674, 0.65185, 
0.0185, 0.0193, 0.0203, 0.0223, 0.0232, 0.0264, 0.0298, 0.0279, 
0.0298, 0.0346, 0.0381, 67.5, 72.6, 78.1, 91, 97, 98.9, 124.4, 
123.9, 115.5, 121.1, 128.2, 264, 2236, 1160, 1263, 1790, 352, 
781, 509, 2086, 1136, 476, 10, 1, 3, 1, 1, 10, 1, 4, 1, 2, 1, 
100, 100, 100, 100, 100, 100, 100, 100, 100, 100, 100, 2500, 
2500, 2500, 2500, 2500, 2500, 2500, 2500, 2500, 2500, 2500, 7401.446, 
7522.066, 7673.548, 7693.98, 7762.39999999999, 7838.817, 7853.47499999999, 
7837.212, 7812.54300000001, 10322.183, 10452.88, 1, 1, 1, 1, 
1, 1, 1, 1, 1, 1, 1, 0.07692, 0.07692, 0.07692, 0.07692, 0.07692, 
0.07692, 0.07692, 0.07692, 0.07692, 0.07692, 0.07692, 0, 0, 0, 
0, 0, 0, 0, 0, 0, 0, 0, 0, 0, 0, 0, 0, 0, 0, 0, 0, 0, 0, 0.67816, 
0.6763, 0.68717, 0.70413, 0.67535, 0.67509, 0.68747, 0.66508, 
0.66224, 0.66263, 0.6761, 0.67204, 0.67703, 0.67467, 0.69778, 
0.68035, 0.67033, 0.68314, 0.67709, 0.67423, 0.66587, 0.6898, 
0.0196, 0.0207, 0.0242, 0.0237, 0.0242, 0.0275, 0.0269, 0.0307, 
0.0316, 0.0369, 0.0392, 82.3, 88, 93.7, 99.3, 107.5, 114.3, 123.5, 
129.1, 137.4, 146.4, 150.3, 1, 1, 1, 1, 1, 1, 1, 1, 1, 1, 1, 
1, 1, 1, 1, 1, 1, 1, 1, 1, 1, 1, 1, 1, 1, 1, 1, 1, 1, 1, 1, 1, 
1, 1, 1, 1, 1, 1, 1, 1, 1, 1, 1, 1, 2.909, 2.966, 3.087, 3.063, 
3.065, 3.065, 3.078, 3.01, 3.036, 4.035, 4.086), .Dim = c(11L, 
40L), .Dimnames = list(NULL, c("Sampling", "PSO.cost", "PSO.gamma", 
"PSO.data.balancing", "PSO.feature.selection", "PSO.valid.acc", 
"PSO.test.acc", "PSO.train.time", "PSO.n.support.vectors", "PSO.index", 
"PSO.n.solutions", "PSO.generations", "PSO.n.evaluations", "PSO.cpu.time", 
"RS.cost", "RS.gamma", "RS.data.balancing", "RS.feature.selection", 
"RS.valid.acc", "RS.test.acc", "RS.train.time", "RS.n.support.vectors", 
"RS.index", "RS.n.solutions", "RS.generations", "RS.n.evaluations", 
"RS.cpu.time", "DF.cost", "DF.gamma", "DF.data.balancing", "DF.feature.selection", 
"DF.valid.acc", "DF.test.acc", "DF.train.time", "DF.n.support.vectors", 
"DF.index", "DF.n.solutions", "DF.generations", "DF.n.evaluations", 
"DF.cpu.time")))
