full <-
structure(c(50, 55, 60, 65, 70, 75, 80, 85, 90, 95, 100, 3.31063, 
0.23543, 1.53378, 3.36277, 7.82229, 1.05467, -0.18139, 1.14475, 
1.32777, 0.05502, -0.01152, -8.32489, -2.90345, -4.4543, -10.04505, 
-14.35591, -5.68826, -4.1013, -5.78808, -6.54832, -4.69101, -4.53009, 
0, 0, 0, 0, 0, 0, 0, 0, 0, 0, 0, 0, 0, 0, 0, 0, 0, 0, 0, 0, 0, 
0, 0.66603, 0.69806, 0.68725, 0.66509, 0.67478, 0.68746, 0.71174, 
0.70168, 0.69259, 0.69808, 0.69009, 0.63786, 0.67805, 0.64216, 
0.66009, 0.65454, 0.67422, 0.69524, 0.69335, 0.67788, 0.66961, 
0.66245, 0.0186, 0.0221, 0.0204, 0.0207, 0.0224, 0.0258, 0.031, 
0.0266, 0.0286, 0.0326, 0.033, 70.2, 98.1, 95.8, 87.9, 93, 103.4, 
116.8, 109.8, 118.7, 133.8, 136.2, 659, 1053, 628, 148, 280, 
974, 530, 687, 2395, 342, 80, 36, 359, 132, 87, 68, 80, 722, 
301, 3, 126, 247, 100, 100, 100, 100, 100, 100, 100, 100, 100, 
100, 100, 2500, 2500, 2500, 2500, 2500, 2500, 2500, 2500, 2500, 
2500, 2500, 6448.67, 6686.004, 6614.056, 6737.024, 6834.677, 
7535.86600000001, 7655.264, 7675.15199999999, 7682.70699999999, 
7539.575, 7686.19399999999, -0.54475, 0.28139, 0.75453, 0.71613, 
1.12447, 1.62318, -0.16379, 0.98905, 1.12449, -0.11316, -0.11191, 
-3.93358, -2.51595, -5.33304, -2.06994, -7.48002, -6.07447, -4.11383, 
-5.93934, -6.32056, -4.54216, -4.86595, 0, 0, 0, 0, 0, 0, 0, 
0, 0, 0, 0, 0, 0, 0, 0, 0, 0, 0, 0, 0, 0, 0, 0.66651, 0.68503, 
0.67647, 0.66988, 0.67478, 0.68292, 0.71174, 0.69768, 0.68875, 
0.69118, 0.68984, 0.68801, 0.67878, 0.65915, 0.66459, 0.66407, 
0.66059, 0.69524, 0.69735, 0.67404, 0.66961, 0.66934, 0.0184, 
0.0218, 0.0198, 0.0272, 0.0223, 0.024, 0.0289, 0.0281, 0.0317, 
0.0326, 0.0336, 80.8, 104.3, 89.3, 127.4, 93.5, 102.2, 116.8, 
108.9, 119.2, 135.1, 133.3, 775, 1090, 882, 255, 177, 247, 1489, 
1398, 753, 2357, 1027, 4, 1, 2, 1, 2, 3, 2, 2, 1, 2, 2, 100, 
100, 100, 100, 100, 100, 100, 100, 100, 100, 100, 2500, 2500, 
2500, 2500, 2500, 2500, 2500, 2500, 2500, 2500, 2500, 6637.612, 
6747.105, 6702.654, 6815.543, 7038.52899999999, 7731.05499999999, 
7803.09299999999, 7823.36199999999, 7904.114, 7757.30900000001, 
7990.56099999999, 1, 1, 1, 1, 1, 1, 1, 1, 1, 1, 1, 0.07692, 0.07692, 
0.07692, 0.07692, 0.07692, 0.07692, 0.07692, 0.07692, 0.07692, 
0.07692, 0.07692, 0, 0, 0, 0, 0, 0, 0, 0, 0, 0, 0, 0, 0, 0, 0, 
0, 0, 0, 0, 0, 0, 0, 0.645, 0.64806, 0.65359, 0.64848, 0.65545, 
0.66513, 0.70341, 0.69767, 0.67732, 0.67727, 0.67998, 0.65889, 
0.66717, 0.64771, 0.63377, 0.65521, 0.66533, 0.69107, 0.68518, 
0.67746, 0.66642, 0.65592, 0.0193, 0.0215, 0.0221, 0.0225, 0.0241, 
0.0265, 0.0287, 0.033, 0.0312, 0.0343, 0.0361, 83.2, 89.7, 101, 
106.2, 113.5, 119.5, 122.6, 127.7, 138.5, 145.3, 149.9, 1, 1, 
1, 1, 1, 1, 1, 1, 1, 1, 1, 1, 1, 1, 1, 1, 1, 1, 1, 1, 1, 1, 1, 
1, 1, 1, 1, 1, 1, 1, 1, 1, 1, 1, 1, 1, 1, 1, 1, 1, 1, 1, 1, 1, 
2.625, 2.682, 2.661, 2.596, 2.904, 3.02, 3.091, 3.128, 3.095, 
2.945, 3.12), .Dim = c(11L, 40L), .Dimnames = list(NULL, c("Sampling", 
"PSO.cost", "PSO.gamma", "PSO.data.balancing", "PSO.feature.selection", 
"PSO.valid.acc", "PSO.test.acc", "PSO.train.time", "PSO.n.support.vectors", 
"PSO.index", "PSO.n.solutions", "PSO.generations", "PSO.n.evaluations", 
"PSO.cpu.time", "RS.cost", "RS.gamma", "RS.data.balancing", "RS.feature.selection", 
"RS.valid.acc", "RS.test.acc", "RS.train.time", "RS.n.support.vectors", 
"RS.index", "RS.n.solutions", "RS.generations", "RS.n.evaluations", 
"RS.cpu.time", "DF.cost", "DF.gamma", "DF.data.balancing", "DF.feature.selection", 
"DF.valid.acc", "DF.test.acc", "DF.train.time", "DF.n.support.vectors", 
"DF.index", "DF.n.solutions", "DF.generations", "DF.n.evaluations", 
"DF.cpu.time")))
