full <-
structure(c(50, 55, 60, 65, 70, 75, 80, 85, 90, 95, 100, 5.32828, 
10.38766, 2.12462, 12.4041, 14.13816, 7.12209, 11.81332, 5.81992, 
2.92565, 15, 4.457, -9.34528, -15, -4.21293, -11.67346, -14.67858, 
-11.48492, -14.02934, -9.2076, -4.17794, -12.09947, -7.60371, 
0, 0, 0, 0, 0, 0, 0, 0, 0, 0, 0, 0, 0, 0, 0, 0, 0, 0, 0, 0, 0, 
0, 0.71405, 0.70196, 0.71603, 0.67594, 0.65043, 0.67485, 0.66998, 
0.68395, 0.67405, 0.69168, 0.69328, 0.68685, 0.6527, 0.67477, 
0.64371, 0.65007, 0.66082, 0.66252, 0.65993, 0.60626, 0.66304, 
0.66983, 0.0195, 0.0198, 0.0218, 0.0283, 0.0269, 0.0251, 0.0282, 
0.0284, 0.0344, 0.0858, 0.0336, 64.9, 75, 95, 84.9, 93.1, 103.2, 
106.7, 111.3, 143.4, 123.2, 125.6, 1046, 768, 1445, 140, 1884, 
474, 628, 840, 1569, 1441, 1531, 19, 86, 46, 202, 1, 47, 99, 
23, 38, 1, 8, 100, 100, 100, 100, 100, 100, 100, 100, 100, 100, 
100, 2500, 2500, 2500, 2500, 2500, 2500, 2500, 2500, 2500, 2500, 
2500, 7667.726, 7711.027, 7781.818, 7901.809, 7912.27, 7755.48, 
7706.87699999999, 7754.474, 7749.10200000001, 8485.84400000001, 
7837.75499999998, 1.77877, 4.87548, 2.54957, 12.58355, 0.62578, 
10.14237, 3.98951, 5.30601, 3.34778, 4.4228, 1.47658, -6.10065, 
-9.37953, -4.68356, -11.70982, -0.96208, -14.50789, -7.14351, 
-8.43802, -8.67518, -9.12633, -5.23157, 0, 0, 0, 0, 0, 0, 0, 
0, 0, 0, 0, 0, 0, 0, 0, 0, 0, 0, 0, 0, 0, 0, 0.71358, 0.70275, 
0.70521, 0.67594, 0.65304, 0.67485, 0.66617, 0.6801, 0.66978, 
0.6848, 0.69281, 0.66685, 0.65816, 0.66889, 0.64927, 0.6467, 
0.66082, 0.65799, 0.67162, 0.66511, 0.6554, 0.6796, 0.0193, 0.0186, 
0.0212, 0.0297, 0.0348, 0.0258, 0.0276, 0.0287, 0.0298, 0.0311, 
0.0338, 68.3, 75.3, 92.2, 84.3, 153.5, 103.2, 110.6, 111.8, 119.5, 
121.9, 133.5, 2040, 523, 2198, 1119, 1186, 1930, 549, 595, 755, 
146, 57, 1, 1, 1, 2, 1, 2, 1, 2, 1, 1, 2, 100, 100, 100, 100, 
100, 100, 100, 100, 100, 100, 100, 2500, 2500, 2500, 2500, 2500, 
2500, 2500, 2500, 2500, 2500, 2500, 7709.16, 7776.168, 7843.55, 
7889.558, 7907.133, 7780.85000000001, 7906.141, 7980.083, 7893.649, 
7962.54800000001, 8036.74900000001, 1, 1, 1, 1, 1, 1, 1, 1, 1, 
1, 1, 0.07692, 0.07692, 0.07692, 0.07692, 0.07692, 0.07692, 0.07692, 
0.07692, 0.07692, 0.07692, 0.07692, 0, 0, 0, 0, 0, 0, 0, 0, 0, 
0, 0, 0, 0, 0, 0, 0, 0, 0, 0, 0, 0, 0, 0.66679, 0.64103, 0.6494, 
0.63482, 0.62169, 0.64321, 0.64443, 0.65954, 0.66209, 0.67382, 
0.67958, 0.65304, 0.62733, 0.65467, 0.64482, 0.62734, 0.66165, 
0.62393, 0.66371, 0.65849, 0.68468, 0.68982, 0.0199, 0.0212, 
0.0218, 0.0219, 0.0256, 0.0264, 0.029, 0.031, 0.0329, 0.0345, 
0.0358, 78.4, 87.4, 96.1, 105.5, 112.5, 118.4, 126.5, 134.3, 
140.7, 145.6, 149.8, 1, 1, 1, 1, 1, 1, 1, 1, 1, 1, 1, 1, 1, 1, 
1, 1, 1, 1, 1, 1, 1, 1, 1, 1, 1, 1, 1, 1, 1, 1, 1, 1, 1, 1, 1, 
1, 1, 1, 1, 1, 1, 1, 1, 1, 3.076, 3.046, 3.049, 3.062, 3.09, 
3.069, 3.108, 3.1, 3.045, 3.11, 3.14), .Dim = c(11L, 40L), .Dimnames = list(
    NULL, c("Sampling", "PSO.cost", "PSO.gamma", "PSO.data.balancing", 
    "PSO.feature.selection", "PSO.valid.acc", "PSO.test.acc", 
    "PSO.train.time", "PSO.n.support.vectors", "PSO.index", "PSO.n.solutions", 
    "PSO.generations", "PSO.n.evaluations", "PSO.cpu.time", "RS.cost", 
    "RS.gamma", "RS.data.balancing", "RS.feature.selection", 
    "RS.valid.acc", "RS.test.acc", "RS.train.time", "RS.n.support.vectors", 
    "RS.index", "RS.n.solutions", "RS.generations", "RS.n.evaluations", 
    "RS.cpu.time", "DF.cost", "DF.gamma", "DF.data.balancing", 
    "DF.feature.selection", "DF.valid.acc", "DF.test.acc", "DF.train.time", 
    "DF.n.support.vectors", "DF.index", "DF.n.solutions", "DF.generations", 
    "DF.n.evaluations", "DF.cpu.time")))
