full <-
structure(c(50, 55, 60, 65, 70, 75, 80, 85, 90, 95, 100, 15, 
1.95895, 4.8682, 0.07162, 7.92207, 0.55017, -0.38013, 1.82088, 
2.15177, 15, 1.60456, -10.51624, -3.5654, -7.19243, -4.78087, 
-8.55456, -3.38315, -4.0237, -5.97504, -4.44163, -11.58667, -7.23704, 
0, 0, 0, 0, 0, 0, 0, 0, 0, 0, 0, 0, 0, 0, 0, 0, 0, 0, 0, 0, 0, 
0, 0.70357, 0.72551, 0.72159, 0.70766, 0.73473, 0.7147, 0.69952, 
0.7055, 0.7082, 0.71513, 0.68693, 0.67774, 0.7013, 0.69349, 0.66994, 
0.70494, 0.70622, 0.67433, 0.68086, 0.67737, 0.67643, 0.67657, 
0.0305, 0.0199, 0.021, 0.0243, 0.0263, 0.0275, 0.0301, 0.0287, 
0.0348, 0.1066, 0.0345, 59.7, 89.2, 76.8, 91.5, 87.6, 117.5, 
115.6, 109.2, 134.8, 124.9, 127.5, 648, 523, 2171, 1694, 86, 
1841, 427, 561, 2348, 2037, 1533, 285, 500, 3, 17, 153, 18, 279, 
66, 3, 2, 36, 100, 100, 100, 100, 100, 100, 100, 100, 100, 100, 
100, 2500, 2500, 2500, 2500, 2500, 2500, 2500, 2500, 2500, 2500, 
2500, 6605.579, 6752.584, 8782.66, 8783.619, 8748.272, 8862.65800000001, 
9058.62599999999, 9260.80200000001, 9133.497, 9835.302, 9228.13099999999, 
-0.02131, 2.15941, 1.50577, 0.26254, 12.72434, 0.23212, -0.5794, 
1.79469, 2.84637, 11.4518, 1.04401, -2.17613, -3.83912, -3.50257, 
-4.95497, -11.17901, -3.10528, -3.56341, -6.34602, -5.04228, 
-9.83548, -6.6324, 0, 0, 0, 0, 0, 0, 0, 0, 0, 0, 0, 0, 0, 0, 
0, 0, 0, 0, 0, 0, 0, 0, 0.69833, 0.71926, 0.71502, 0.7024, 0.73454, 
0.71035, 0.69536, 0.69796, 0.70051, 0.70108, 0.69038, 0.70411, 
0.69542, 0.70485, 0.6752, 0.69563, 0.70124, 0.67433, 0.67332, 
0.67378, 0.68333, 0.6799, 0.0198, 0.0217, 0.0224, 0.0229, 0.0366, 
0.0272, 0.029, 0.0286, 0.0318, 0.0536, 0.0338, 93.4, 87.8, 96.3, 
91.1, 85.1, 121.2, 120.5, 108.3, 129.7, 125.6, 127.8, 705, 354, 
176, 1335, 180, 360, 1560, 222, 932, 1240, 174, 1, 1, 2, 3, 2, 
3, 3, 15, 2, 2, 1, 100, 100, 100, 100, 100, 100, 100, 100, 100, 
100, 100, 2500, 2500, 2500, 2500, 2500, 2500, 2500, 2500, 2500, 
2500, 2500, 6651.552, 7294.423, 8795.873, 8865.951, 8814.84199999999, 
9074.819, 9309.414, 9469.355, 9363.79699999999, 9386.12299999999, 
9557.53600000002, 1, 1, 1, 1, 1, 1, 1, 1, 1, 1, 1, 0.07692, 0.07692, 
0.07692, 0.07692, 0.07692, 0.07692, 0.07692, 0.07692, 0.07692, 
0.07692, 0.07692, 0, 0, 0, 0, 0, 0, 0, 0, 0, 0, 0, 0, 0, 0, 0, 
0, 0, 0, 0, 0, 0, 0, 0.6631, 0.70603, 0.69341, 0.67547, 0.69496, 
0.69689, 0.68701, 0.68995, 0.68576, 0.68384, 0.67265, 0.69744, 
0.68181, 0.68782, 0.68602, 0.69566, 0.69255, 0.67414, 0.67332, 
0.69701, 0.69111, 0.6694, 0.0195, 0.0219, 0.0217, 0.0251, 0.0255, 
0.0287, 0.0294, 0.0318, 0.0317, 0.0338, 0.0367, 74.9, 86.3, 91.4, 
99, 104.8, 112.1, 119.2, 126.9, 137.8, 145.8, 149.1, 1, 1, 1, 
1, 1, 1, 1, 1, 1, 1, 1, 1, 1, 1, 1, 1, 1, 1, 1, 1, 1, 1, 1, 1, 
1, 1, 1, 1, 1, 1, 1, 1, 1, 1, 1, 1, 1, 1, 1, 1, 1, 1, 1, 1, 2.768, 
3.537, 3.398, 3.753, 3.589, 3.689, 3.705, 3.776, 3.461, 3.504, 
3.644), .Dim = c(11L, 40L), .Dimnames = list(NULL, c("Sampling", 
"PSO.cost", "PSO.gamma", "PSO.data.balancing", "PSO.feature.selection", 
"PSO.valid.acc", "PSO.test.acc", "PSO.train.time", "PSO.n.support.vectors", 
"PSO.index", "PSO.n.solutions", "PSO.generations", "PSO.n.evaluations", 
"PSO.cpu.time", "RS.cost", "RS.gamma", "RS.data.balancing", "RS.feature.selection", 
"RS.valid.acc", "RS.test.acc", "RS.train.time", "RS.n.support.vectors", 
"RS.index", "RS.n.solutions", "RS.generations", "RS.n.evaluations", 
"RS.cpu.time", "DF.cost", "DF.gamma", "DF.data.balancing", "DF.feature.selection", 
"DF.valid.acc", "DF.test.acc", "DF.train.time", "DF.n.support.vectors", 
"DF.index", "DF.n.solutions", "DF.generations", "DF.n.evaluations", 
"DF.cpu.time")))
