full <-
structure(c(50, 55, 60, 65, 70, 75, 80, 85, 90, 95, 100, 0.08334, 
2.08677, -0.13841, 6.20848, 7.77154, 0.16176, 0.33551, 0.66599, 
1.16614, 0.82704, 8.08346, -3.60785, -2.78525, -4.06024, -10.79992, 
-12.44175, -1.09095, -1.43229, -1.19759, -4.27866, -3.21587, 
-8.60491, 0, 0, 0, 0, 0, 0, 0, 0, 0, 0, 0, 0, 0, 0, 0, 0, 0, 
0, 0, 0, 0, 0, 0.72776, 0.74051, 0.70613, 0.72262, 0.71996, 0.70601, 
0.70779, 0.71338, 0.69981, 0.69768, 0.69859, 0.7068, 0.7037, 
0.69502, 0.71101, 0.70616, 0.68803, 0.69076, 0.71738, 0.68471, 
0.66933, 0.67822, 0.0182, 0.0212, 0.0202, 0.0202, 0.0209, 0.0347, 
0.0373, 0.0414, 0.0299, 0.0351, 0.0374, 76.9, 99, 83.9, 74.7, 
80, 158.6, 162.1, 176.1, 129.9, 155.1, 128.4, 489, 1657, 576, 
364, 2258, 1201, 408, 798, 478, 147, 951, 291, 50, 418, 69, 1, 
19, 162, 66, 587, 48, 83, 100, 100, 100, 100, 100, 100, 100, 
100, 100, 100, 100, 2500, 2500, 2500, 2500, 2500, 2500, 2500, 
2500, 2500, 2500, 2500, 6586.493, 6605.794, 6641.059, 6493.833, 
6498.227, 6864.674, 7073.19100000001, 7166.383, 7092.101, 7373.701, 
7550.96600000001, 0.27146, 2.09304, -0.16144, 7.05813, 7.67314, 
6.94931, 0.58739, 0.76883, 1.33057, 8.20043, 11.46813, -4.37321, 
-2.72756, -4.08644, -11.65831, -12.19386, -12.04096, -2.52036, 
-1.2492, -4.14309, -8.20187, -10.24201, 0, 0, 0, 0, 0, 0, 0, 
0, 0, 0, 0, 0, 0, 0, 0, 0, 0, 0, 0, 0, 0, 0, 0.72776, 0.73463, 
0.70613, 0.72262, 0.7152, 0.7021, 0.69946, 0.70938, 0.69981, 
0.69728, 0.68919, 0.70055, 0.7037, 0.69502, 0.70601, 0.69663, 
0.67006, 0.68243, 0.71738, 0.68471, 0.65184, 0.67478, 0.0188, 
0.0218, 0.019, 0.0209, 0.0225, 0.023, 0.0306, 0.041, 0.0311, 
0.0369, 0.0505, 68, 99.5, 83.6, 74.9, 79.7, 88.6, 137.8, 175.2, 
132.3, 127.6, 128.3, 1754, 1380, 291, 826, 250, 1372, 1760, 161, 
1541, 1788, 649, 1, 2, 1, 6, 5, 1, 3, 1, 2, 1, 1, 100, 100, 100, 
100, 100, 100, 100, 100, 100, 100, 100, 2500, 2500, 2500, 2500, 
2500, 2500, 2500, 2500, 2500, 2500, 2500, 6678.913, 6704.749, 
6517.131, 6592.795, 6755.717, 6906.25599999999, 6992.16, 7046.48, 
7366.90700000001, 7374.465, 7685.19899999999, 1, 1, 1, 1, 1, 
1, 1, 1, 1, 1, 1, 0.07692, 0.07692, 0.07692, 0.07692, 0.07692, 
0.07692, 0.07692, 0.07692, 0.07692, 0.07692, 0.07692, 0, 0, 0, 
0, 0, 0, 0, 0, 0, 0, 0, 0, 0, 0, 0, 0, 0, 0, 0, 0, 0, 0, 0.72151, 
0.72176, 0.68293, 0.70228, 0.69518, 0.67006, 0.66975, 0.67723, 
0.68871, 0.68681, 0.68164, 0.70055, 0.72213, 0.68326, 0.70254, 
0.70494, 0.67896, 0.68243, 0.67323, 0.69982, 0.69011, 0.68506, 
0.0183, 0.0201, 0.0214, 0.0228, 0.0233, 0.0253, 0.0266, 0.0284, 
0.031, 0.0331, 0.036, 75.7, 83.5, 88.3, 92.1, 101.9, 109.3, 115.8, 
121.7, 134.1, 143.8, 149.4, 1, 1, 1, 1, 1, 1, 1, 1, 1, 1, 1, 
1, 1, 1, 1, 1, 1, 1, 1, 1, 1, 1, 1, 1, 1, 1, 1, 1, 1, 1, 1, 1, 
1, 1, 1, 1, 1, 1, 1, 1, 1, 1, 1, 1, 2.537, 2.697, 2.615, 2.665, 
2.671, 2.741, 2.701, 2.751, 2.855, 2.829, 3.04), .Dim = c(11L, 
40L), .Dimnames = list(NULL, c("Sampling", "PSO.cost", "PSO.gamma", 
"PSO.data.balancing", "PSO.feature.selection", "PSO.valid.acc", 
"PSO.test.acc", "PSO.train.time", "PSO.n.support.vectors", "PSO.index", 
"PSO.n.solutions", "PSO.generations", "PSO.n.evaluations", "PSO.cpu.time", 
"RS.cost", "RS.gamma", "RS.data.balancing", "RS.feature.selection", 
"RS.valid.acc", "RS.test.acc", "RS.train.time", "RS.n.support.vectors", 
"RS.index", "RS.n.solutions", "RS.generations", "RS.n.evaluations", 
"RS.cpu.time", "DF.cost", "DF.gamma", "DF.data.balancing", "DF.feature.selection", 
"DF.valid.acc", "DF.test.acc", "DF.train.time", "DF.n.support.vectors", 
"DF.index", "DF.n.solutions", "DF.generations", "DF.n.evaluations", 
"DF.cpu.time")))
