full <-
structure(c(50, 55, 60, 65, 70, 75, 80, 85, 90, 95, 100, 2.18758, 
-0.20822, 2.11061, 0.35906, 1.18449, 1.48475, 0.76717, -0.38289, 
13.57603, -0.8084, 9.50375, -7.85809, -2.84689, -8.19205, -6.08843, 
-6.35609, -5.57292, -5.35601, -4.54354, -11.84283, -4.18579, 
-14.32963, 0, 0, 0, 0, 0, 0, 0, 0, 0, 0, 0, 0, 0, 0, 0, 0, 0, 
0, 0, 0, 0, 0, 0.67816, 0.6852, 0.70967, 0.69293, 0.69978, 0.71133, 
0.70405, 0.67062, 0.6791, 0.67666, 0.68639, 0.65768, 0.68021, 
0.70999, 0.68238, 0.69002, 0.69305, 0.6872, 0.66613, 0.66385, 
0.65867, 0.67319, 0.0176, 0.0212, 0.0216, 0.0222, 0.0228, 0.0245, 
0.0256, 0.0282, 0.0546, 0.0316, 0.0333, 74.1, 99.3, 79.8, 91, 
94.9, 101.3, 109.5, 123.7, 114.4, 136.3, 123.8, 832, 1039, 18, 
692, 126, 542, 885, 1480, 340, 2201, 1162, 10, 53, 434, 53, 72, 
105, 61, 55, 171, 1, 17, 100, 100, 100, 100, 100, 100, 100, 100, 
100, 100, 100, 2500, 2500, 2500, 2500, 2500, 2500, 2500, 2500, 
2500, 2500, 2500, 7158.52, 6962.199, 6519.90399999999, 6854.495, 
7302.86900000001, 7362.985, 7472.13100000001, 7523.61500000001, 
8188.928, 7560.55499999999, 7462.052, -0.20998, -0.13726, 1.79182, 
0.61439, 7.09932, 0.8784, 1.60682, -0.46287, 13.3029, 11.8972, 
0.33427, -3.81425, -2.66313, -7.42667, -6.46394, -12.61046, -4.86528, 
-6.12926, -4.35912, -11.71354, -10.57487, -4.86883, 0, 0, 0, 
0, 0, 0, 0, 0, 0, 0, 0, 0, 0, 0, 0, 0, 0, 0, 0, 0, 0, 0, 0.67191, 
0.6852, 0.70967, 0.68767, 0.69478, 0.71133, 0.69572, 0.67062, 
0.6791, 0.67974, 0.6858, 0.67191, 0.68021, 0.71555, 0.68238, 
0.68026, 0.69305, 0.69137, 0.66196, 0.66385, 0.64069, 0.67973, 
0.0196, 0.025, 0.0207, 0.0225, 0.0226, 0.0259, 0.0255, 0.0294, 
0.0526, 0.0507, 0.0332, 82.4, 102.1, 79.3, 90.1, 91.9, 104.4, 
106.6, 125, 114.2, 124, 133.9, 113, 78, 144, 962, 96, 1251, 867, 
1927, 1273, 2175, 637, 16, 2, 36, 1, 11, 2, 1, 1, 1, 1, 5, 100, 
100, 100, 100, 100, 100, 100, 100, 100, 100, 100, 2500, 2500, 
2500, 2500, 2500, 2500, 2500, 2500, 2500, 2500, 2500, 7003.57, 
6809.818, 6803.524, 7239.057, 7402.55099999999, 7474.42, 7682.96799999999, 
7836.45899999999, 7772.56199999999, 7676.152, 7763.823, 1, 1, 
1, 1, 1, 1, 1, 1, 1, 1, 1, 0.07692, 0.07692, 0.07692, 0.07692, 
0.07692, 0.07692, 0.07692, 0.07692, 0.07692, 0.07692, 0.07692, 
0, 0, 0, 0, 0, 0, 0, 0, 0, 0, 0, 0, 0, 0, 0, 0, 0, 0, 0, 0, 0, 
0, 0.67191, 0.67187, 0.69856, 0.67685, 0.67139, 0.68858, 0.67833, 
0.64945, 0.66312, 0.66251, 0.67913, 0.66566, 0.69198, 0.70411, 
0.66077, 0.67593, 0.69267, 0.68702, 0.67397, 0.67014, 0.67323, 
0.67603, 0.0191, 0.0201, 0.0218, 0.0222, 0.0256, 0.0264, 0.0275, 
0.0317, 0.0334, 0.0328, 0.037, 83.4, 89.4, 91.9, 103.7, 107.5, 
115.9, 124.1, 133.1, 138.6, 145.5, 150.2, 1, 1, 1, 1, 1, 1, 1, 
1, 1, 1, 1, 1, 1, 1, 1, 1, 1, 1, 1, 1, 1, 1, 1, 1, 1, 1, 1, 1, 
1, 1, 1, 1, 1, 1, 1, 1, 1, 1, 1, 1, 1, 1, 1, 1, 2.784, 2.637, 
2.686, 2.878, 2.85, 2.963, 3.08, 3.13, 3.084, 2.92, 3.042), .Dim = c(11L, 
40L), .Dimnames = list(NULL, c("Sampling", "PSO.cost", "PSO.gamma", 
"PSO.data.balancing", "PSO.feature.selection", "PSO.valid.acc", 
"PSO.test.acc", "PSO.train.time", "PSO.n.support.vectors", "PSO.index", 
"PSO.n.solutions", "PSO.generations", "PSO.n.evaluations", "PSO.cpu.time", 
"RS.cost", "RS.gamma", "RS.data.balancing", "RS.feature.selection", 
"RS.valid.acc", "RS.test.acc", "RS.train.time", "RS.n.support.vectors", 
"RS.index", "RS.n.solutions", "RS.generations", "RS.n.evaluations", 
"RS.cpu.time", "DF.cost", "DF.gamma", "DF.data.balancing", "DF.feature.selection", 
"DF.valid.acc", "DF.test.acc", "DF.train.time", "DF.n.support.vectors", 
"DF.index", "DF.n.solutions", "DF.generations", "DF.n.evaluations", 
"DF.cpu.time")))
