full <-
structure(c(50, 55, 60, 65, 70, 75, 80, 85, 90, 95, 100, 15, 
14.86831, 14.12107, 15, 15, 15, 15, 14.07414, 14.74341, 15, 15, 
-0.76781, -1.0632, -0.29543, -3.32322, -1.22418, -0.7809, -0.90609, 
-0.815, -0.1945, -1.24834, -0.05222, 0, 0, 0, 0, 0, 0, 0, 0, 
0, 0, 0, 0, 0, 0, 0, 0, 0, 0, 0, 0, 0, 0, 0.99458, 0.99719, 0.99646, 
0.99673, 0.99696, 0.99768, 0.99783, 0.99682, 0.997, 0.99736, 
0.99749, 0.9942, 0.99684, 0.99614, 0.99703, 0.99641, 0.99614, 
0.99686, 0.99591, 0.99571, 0.99695, 0.99652, 0.1363, 0.1453, 
0.1724, 0.1724, 0.1979, 0.2222, 0.2237, 0.2579, 0.2939, 0.3169, 
0.3823, 51.4, 55.9, 64.9, 53.5, 56.2, 58.4, 60.1, 67.3, 70, 64.6, 
73.3, 95, 599, 256, 64, 72, 521, 99, 91, 322, 513, 147, 963, 
920, 823, 1050, 891, 832, 1098, 485, 770, 163, 449, 100, 100, 
100, 100, 100, 100, 100, 100, 100, 100, 100, 2500, 2500, 2500, 
2500, 2500, 2500, 2500, 2500, 2500, 2500, 2500, 10553.796, 10822.869, 
11464.117, 11602.669, 11956.562, 12589.164, 13092.23, 14047.112, 
15873.138, 18642.922, 20317.172, 14.89991, 14.99025, 14.2517, 
14.6083, 14.64946, 14.64984, 14.91614, 14.00799, 14.57077, 13.92561, 
14.79074, -0.8248, -1.03101, -0.21886, -2.33479, -0.9368, -0.96583, 
-0.98037, -0.84984, 0.03649, -2.08152, 0.22901, 0, 0, 0, 0, 0, 
0, 0, 0, 0, 0, 0, 0, 0, 0, 0, 0, 0, 0, 0, 0, 0, 0, 0.99458, 0.99684, 
0.99646, 0.99644, 0.99696, 0.99743, 0.99711, 0.99682, 0.99678, 
0.99715, 0.9971, 0.9942, 0.99684, 0.99614, 0.99643, 0.99641, 
0.9964, 0.99686, 0.99591, 0.99571, 0.99695, 0.99652, 0.1314, 
0.1468, 0.1716, 0.1596, 0.1893, 0.2091, 0.2265, 0.2666, 0.3217, 
0.2868, 0.4357, 51.3, 55.1, 64.7, 53.3, 58.5, 59, 61.3, 67.8, 
74.3, 69, 75.8, 1639, 592, 922, 2044, 1605, 725, 2225, 580, 2129, 
1318, 1975, 1, 1, 1, 5, 1, 3, 1, 3, 2, 7, 1, 100, 100, 100, 100, 
100, 100, 100, 100, 100, 100, 100, 2500, 2500, 2500, 2500, 2500, 
2500, 2500, 2500, 2500, 2500, 2500, 19234.222, 20959.075, 23859.657, 
26538.98, 28091.522, 31583.236, 34854.817, 36852.599, 45008.46, 
48531.682, 50202.094, 1, 1, 1, 1, 1, 1, 1, 1, 1, 1, 1, 0.5, 0.5, 
0.5, 0.5, 0.5, 0.5, 0.5, 0.5, 0.5, 0.5, 0.5, 0, 0, 0, 0, 0, 0, 
0, 0, 0, 0, 0, 0, 0, 0, 0, 0, 0, 0, 0, 0, 0, 0, 0.95556, 0.95715, 
0.95846, 0.96107, 0.95971, 0.96086, 0.96162, 0.96297, 0.96373, 
0.96441, 0.96736, 0.95478, 0.9568, 0.95878, 0.96285, 0.96026, 
0.96189, 0.9609, 0.9632, 0.96459, 0.96584, 0.96639, 0.3603, 0.426, 
0.4817, 0.5682, 0.6285, 0.7151, 0.7848, 0.8591, 0.9958, 1.0969, 
1.1378, 551.2, 597.3, 636.8, 670.6, 702.7, 739.3, 777.6, 802.5, 
836, 866.7, 896.7, 1, 1, 1, 1, 1, 1, 1, 1, 1, 1, 1, 1, 1, 1, 
1, 1, 1, 1, 1, 1, 1, 1, 1, 1, 1, 1, 1, 1, 1, 1, 1, 1, 1, 1, 1, 
1, 1, 1, 1, 1, 1, 1, 1, 1, 6.687, 7.405, 7.954, 8.893, 9.478, 
10.47, 11.233, 12.18, 14.702, 15.877, 16.017), .Dim = c(11L, 
40L), .Dimnames = list(NULL, c("Sampling", "PSO.cost", "PSO.gamma", 
"PSO.data.balancing", "PSO.feature.selection", "PSO.valid.acc", 
"PSO.test.acc", "PSO.train.time", "PSO.n.support.vectors", "PSO.index", 
"PSO.n.solutions", "PSO.generations", "PSO.n.evaluations", "PSO.cpu.time", 
"RS.cost", "RS.gamma", "RS.data.balancing", "RS.feature.selection", 
"RS.valid.acc", "RS.test.acc", "RS.train.time", "RS.n.support.vectors", 
"RS.index", "RS.n.solutions", "RS.generations", "RS.n.evaluations", 
"RS.cpu.time", "DF.cost", "DF.gamma", "DF.data.balancing", "DF.feature.selection", 
"DF.valid.acc", "DF.test.acc", "DF.train.time", "DF.n.support.vectors", 
"DF.index", "DF.n.solutions", "DF.generations", "DF.n.evaluations", 
"DF.cpu.time")))
