full <-
structure(c(50, 55, 60, 65, 70, 75, 80, 85, 90, 95, 100, 15, 
15, 15, 14.99053, 14.63186, 14.94857, 14.05795, 14.44758, 14.74647, 
15, 14.93659, -4.28214, -3.3264, -5.92753, -5.56962, -4.12091, 
-4.51244, -4.39992, -3.55236, -4.30194, -4.46259, -3.83313, 0, 
0, 0, 0, 0, 0, 0, 0, 0, 0, 0, 0, 0, 0, 0, 0, 0, 0, 0, 0, 0, 0, 
0.9973, 0.99754, 0.99614, 0.99673, 0.99724, 0.99742, 0.99614, 
0.99682, 0.997, 0.99695, 0.9973, 0.99614, 0.99614, 0.9942, 0.99406, 
0.99696, 0.99511, 0.99589, 0.99636, 0.99593, 0.99654, 0.9971, 
0.1222, 0.1473, 0.1561, 0.172, 0.1949, 0.2199, 0.2276, 0.2468, 
0.2572, 0.2897, 0.3067, 55, 53.5, 81.4, 79.5, 67.4, 72.2, 86.4, 
72.7, 75.9, 75.7, 70, 120, 124, 153, 39, 1302, 1926, 195, 520, 
1585, 815, 288, 1277, 1371, 568, 138, 8, 2, 54, 16, 4, 144, 667, 
100, 100, 100, 100, 100, 100, 100, 100, 100, 100, 100, 2500, 
2500, 2500, 2500, 2500, 2500, 2500, 2500, 2500, 2500, 2500, 10044.991, 
10759.041, 10951.442, 11868.005, 12021.475, 12588.103, 13084.211, 
13841.888, 14978.584, 17759.7, 17726.755, 14.90612, 14.98679, 
14.48148, 14.68368, 14.79621, 13.80544, 14.04827, 14.98486, 14.94627, 
14.78286, 14.13176, -4.34173, -1.42483, -5.44993, -2.81317, -4.31713, 
-0.3774, -4.30618, -3.37571, 0.16358, -4.56804, 1.85054, 0, 0, 
0, 0, 0, 0, 0, 0, 0, 0, 0, 0, 0, 0, 0, 0, 0, 0, 0, 0, 0, 0, 0.99691, 
0.99719, 0.99614, 0.99643, 0.99669, 0.99691, 0.99565, 0.99659, 
0.99657, 0.99675, 0.9971, 0.99614, 0.99684, 0.99453, 0.99525, 
0.99669, 0.99614, 0.99565, 0.99659, 0.99657, 0.99634, 0.9971, 
0.1278, 0.1537, 0.1617, 0.1808, 0.2029, 0.235, 0.2202, 0.2501, 
0.3483, 0.2893, 0.4737, 56.9, 54.1, 83.5, 56.2, 67.7, 69.2, 85.4, 
64.5, 75.2, 81.3, 114.1, 821, 1582, 50, 31, 194, 2086, 766, 514, 
1660, 1074, 613, 1, 1, 3, 3, 2, 2, 2, 7, 3, 2, 2, 100, 100, 100, 
100, 100, 100, 100, 100, 100, 100, 100, 2500, 2500, 2500, 2500, 
2500, 2500, 2500, 2500, 2500, 2500, 2500, 19405.495, 20990.656, 
24039.929, 26470.259, 28436.885, 31181.164, 35160.649, 38586.591, 
40814.638, 45396.371, 48127.494, 1, 1, 1, 1, 1, 1, 1, 1, 1, 1, 
1, 0.5, 0.5, 0.5, 0.5, 0.5, 0.5, 0.5, 0.5, 0.5, 0.5, 0.5, 0, 
0, 0, 0, 0, 0, 0, 0, 0, 0, 0, 0, 0, 0, 0, 0, 0, 0, 0, 0, 0, 0, 
0.94977, 0.95259, 0.95074, 0.95512, 0.95392, 0.95596, 0.95679, 
0.96183, 0.96396, 0.96503, 0.96677, 0.95248, 0.95189, 0.95139, 
0.95453, 0.95393, 0.95545, 0.95823, 0.9616, 0.96353, 0.96462, 
0.96639, 0.3566, 0.4266, 0.4936, 0.5703, 0.6301, 0.7233, 0.7934, 
0.8756, 0.9422, 1.042, 1.1391, 539, 588.4, 630.2, 664.9, 700.6, 
744.7, 773.7, 810, 833.2, 870.1, 896.4, 1, 1, 1, 1, 1, 1, 1, 
1, 1, 1, 1, 1, 1, 1, 1, 1, 1, 1, 1, 1, 1, 1, 1, 1, 1, 1, 1, 1, 
1, 1, 1, 1, 1, 1, 1, 1, 1, 1, 1, 1, 1, 1, 1, 1, 6.596, 7.222, 
8.021, 8.819, 9.49, 10.448, 11.316, 12.268, 12.948, 14.958, 15.105
), .Dim = c(11L, 40L), .Dimnames = list(NULL, c("Sampling", "PSO.cost", 
"PSO.gamma", "PSO.data.balancing", "PSO.feature.selection", "PSO.valid.acc", 
"PSO.test.acc", "PSO.train.time", "PSO.n.support.vectors", "PSO.index", 
"PSO.n.solutions", "PSO.generations", "PSO.n.evaluations", "PSO.cpu.time", 
"RS.cost", "RS.gamma", "RS.data.balancing", "RS.feature.selection", 
"RS.valid.acc", "RS.test.acc", "RS.train.time", "RS.n.support.vectors", 
"RS.index", "RS.n.solutions", "RS.generations", "RS.n.evaluations", 
"RS.cpu.time", "DF.cost", "DF.gamma", "DF.data.balancing", "DF.feature.selection", 
"DF.valid.acc", "DF.test.acc", "DF.train.time", "DF.n.support.vectors", 
"DF.index", "DF.n.solutions", "DF.generations", "DF.n.evaluations", 
"DF.cpu.time")))
