full <-
structure(c(50, 55, 60, 65, 70, 75, 80, 85, 90, 95, 100, 15, 
15, 14.44437, 15, 15, 15, 15, 15, 15, 15, 14.985, -3.94978, -3.8334, 
-3.90687, -3.54768, -7.04865, -1.86916, -0.81598, -1.19017, -4.2487, 
-4.25711, -3.98513, 0, 0, 0, 0, 0, 0, 0, 0, 0, 0, 0, 0, 0, 0, 
0, 0, 0, 0, 0, 0, 0, 0, 0.99614, 0.99543, 0.99517, 0.99643, 0.99614, 
0.9964, 0.99638, 0.99659, 0.99678, 0.99695, 0.99691, 0.99498, 
0.99473, 0.99453, 0.99466, 0.99503, 0.99639, 0.9959, 0.99568, 
0.99635, 0.99573, 0.99614, 0.1414, 0.1616, 0.1638, 0.1858, 0.2021, 
0.2083, 0.2564, 0.2833, 0.2618, 0.2701, 0.3143, 48.2, 52.2, 60.3, 
54.8, 100.3, 54.5, 59.4, 59.8, 67.8, 72.5, 71.7, 104, 165, 140, 
133, 66, 227, 97, 98, 925, 1345, 1576, 881, 1098, 546, 1128, 
1394, 504, 1409, 1027, 12, 890, 1, 100, 100, 100, 100, 100, 100, 
100, 100, 100, 100, 100, 2500, 2500, 2500, 2500, 2500, 2500, 
2500, 2500, 2500, 2500, 2500, 11253.519, 11669.56, 13710.145, 
12372.802, 12539.645, 12749.519, 13889.561, 14222.502, 14195.956, 
14289.734, 14975.974, 14.84309, 14.74471, 14.25567, 14.98425, 
14.49124, 14.25263, 13.55134, 11.3981, 14.94609, 14.73379, 14.74459, 
-4.25011, -4.06142, -4.19342, -3.5355, -6.7568, -3.15606, 2.04577, 
-1.05389, -4.13423, -3.56954, -3.75437, 0, 0, 0, 0, 0, 0, 0, 
0, 0, 0, 0, 0, 0, 0, 0, 0, 0, 0, 0, 0, 0, 0, 0.99575, 0.99543, 
0.99517, 0.99643, 0.99614, 0.99614, 0.99638, 0.99614, 0.99635, 
0.99675, 0.99672, 0.99498, 0.99403, 0.99485, 0.99495, 0.99558, 
0.99562, 0.99493, 0.995, 0.99635, 0.99573, 0.99614, 0.1325, 0.1593, 
0.1686, 0.1867, 0.1982, 0.2098, 0.3316, 0.2418, 0.2541, 0.2643, 
0.3128, 50.6, 55.6, 64.3, 54.8, 105.1, 62.4, 115.8, 94.8, 67.7, 
69, 72.8, 1278, 1281, 770, 620, 358, 2007, 2136, 221, 1151, 782, 
112, 1, 1, 3, 1, 4, 3, 1, 12, 7, 15, 3, 100, 100, 100, 100, 100, 
100, 100, 100, 100, 100, 100, 2500, 2500, 2500, 2500, 2500, 2500, 
2500, 2500, 2500, 2500, 2500, 20245.019, 23044.325, 25777.051, 
27004.835, 28608.904, 31511.583, 34148.313, 36647.827, 41471.412, 
43221.819, 47477.793, 1, 1, 1, 1, 1, 1, 1, 1, 1, 1, 1, 0.5, 0.5, 
0.5, 0.5, 0.5, 0.5, 0.5, 0.5, 0.5, 0.5, 0.5, 0, 0, 0, 0, 0, 0, 
0, 0, 0, 0, 0, 0, 0, 0, 0, 0, 0, 0, 0, 0, 0, 0, 0.95131, 0.9547, 
0.95816, 0.96018, 0.96081, 0.96471, 0.96234, 0.96546, 0.9661, 
0.96505, 0.9662, 0.95209, 0.95645, 0.95848, 0.96018, 0.96219, 
0.9642, 0.9633, 0.9641, 0.96523, 0.96464, 0.9662, 0.3717, 0.3931, 
0.5084, 0.5348, 0.5958, 0.6719, 0.7468, 0.8337, 0.9687, 1.0624, 
1.1448, 546.4, 594.5, 633.2, 671.8, 703.2, 737.2, 775.5, 803.6, 
840.2, 870.5, 896.9, 1, 1, 1, 1, 1, 1, 1, 1, 1, 1, 1, 1, 1, 1, 
1, 1, 1, 1, 1, 1, 1, 1, 1, 1, 1, 1, 1, 1, 1, 1, 1, 1, 1, 1, 1, 
1, 1, 1, 1, 1, 1, 1, 1, 1, 7.068, 8.035, 8.518, 8.669, 9.165, 
10.066, 10.823, 11.758, 13.298, 14.216, 15.23), .Dim = c(11L, 
40L), .Dimnames = list(NULL, c("Sampling", "PSO.cost", "PSO.gamma", 
"PSO.data.balancing", "PSO.feature.selection", "PSO.valid.acc", 
"PSO.test.acc", "PSO.train.time", "PSO.n.support.vectors", "PSO.index", 
"PSO.n.solutions", "PSO.generations", "PSO.n.evaluations", "PSO.cpu.time", 
"RS.cost", "RS.gamma", "RS.data.balancing", "RS.feature.selection", 
"RS.valid.acc", "RS.test.acc", "RS.train.time", "RS.n.support.vectors", 
"RS.index", "RS.n.solutions", "RS.generations", "RS.n.evaluations", 
"RS.cpu.time", "DF.cost", "DF.gamma", "DF.data.balancing", "DF.feature.selection", 
"DF.valid.acc", "DF.test.acc", "DF.train.time", "DF.n.support.vectors", 
"DF.index", "DF.n.solutions", "DF.generations", "DF.n.evaluations", 
"DF.cpu.time")))
