full <-
structure(c(50, 55, 60, 65, 70, 75, 80, 85, 90, 95, 100, 15, 
15, 15, 15, 14.76572, 15, 15, 14.67587, 15, 14.90057, 15, -1.65764, 
-1.31166, 0.03831, -1.23681, -1.11879, -1.47819, -1.26854, 0.93766, 
-0.17983, -4.13628, -2.07151, 0, 0, 0, 0, 0, 0, 0, 0, 0, 0, 0, 
0, 0, 0, 0, 0, 0, 0, 0, 0, 0, 0, 0.99807, 0.99649, 0.99581, 0.99703, 
0.99613, 0.99691, 0.9971, 0.99659, 0.99721, 0.99695, 0.9971, 
0.99729, 0.99578, 0.99356, 0.99643, 0.99586, 0.99614, 0.99589, 
0.99637, 0.997, 0.99614, 0.99672, 0.1883, 0.1605, 0.1946, 0.2099, 
0.2392, 0.2442, 0.2277, 0.3098, 0.2944, 0.272, 0.3001, 48.9, 
51.1, 66.3, 57.9, 61.4, 60.4, 59.7, 84.5, 72.8, 73.6, 59.3, 143, 
135, 124, 382, 314, 397, 160, 720, 171, 460, 411, 15, 1177, 1354, 
254, 626, 84, 683, 129, 1254, 15, 506, 100, 100, 100, 100, 100, 
100, 100, 100, 100, 100, 100, 2500, 2500, 2500, 2500, 2500, 2500, 
2500, 2500, 2500, 2500, 2500, 10802.271, 10910.824, 11514.854, 
11926.51, 12863.325, 13536.942, 13324.968, 15160.83, 15100.057, 
14407.715, 14943.344, 14.57643, 14.91523, 13.8669, 13.39433, 
14.36431, 13.74591, 14.68397, 14.68465, 14.99148, 14.93702, 13.34717, 
-0.76077, -1.87801, 0.07214, -1.85196, -3.21307, -0.07328, -1.12746, 
0.99511, 0.04213, -4.09731, -1.68525, 0, 0, 0, 0, 0, 0, 0, 0, 
0, 0, 0, 0, 0, 0, 0, 0, 0, 0, 0, 0, 0, 0, 0.99768, 0.99613, 0.99549, 
0.99644, 0.99531, 0.99665, 0.9971, 0.99637, 0.997, 0.99675, 0.99691, 
0.99768, 0.99508, 0.99324, 0.99495, 0.99504, 0.99666, 0.99589, 
0.99614, 0.99678, 0.99614, 0.99691, 0.1451, 0.1513, 0.1713, 0.1853, 
0.2015, 0.2643, 0.2329, 0.3163, 0.3657, 0.281, 0.2755, 53.7, 
46.6, 70.7, 63.5, 62.3, 74.9, 61.2, 87.4, 75.4, 73.4, 76.3, 883, 
1253, 205, 1672, 579, 2291, 1267, 420, 686, 2332, 1974, 2, 1, 
4, 1, 8, 1, 1, 3, 1, 1, 4, 100, 100, 100, 100, 100, 100, 100, 
100, 100, 100, 100, 2500, 2500, 2500, 2500, 2500, 2500, 2500, 
2500, 2500, 2500, 2500, 18724.604, 20955.949, 24043.746, 24936.853, 
28751.538, 31556.362, 35049.035, 37584.091, 40800.791, 44377.389, 
47887.254, 1, 1, 1, 1, 1, 1, 1, 1, 1, 1, 1, 0.5, 0.5, 0.5, 0.5, 
0.5, 0.5, 0.5, 0.5, 0.5, 0.5, 0.5, 0, 0, 0, 0, 0, 0, 0, 0, 0, 
0, 0, 0, 0, 0, 0, 0, 0, 0, 0, 0, 0, 0, 0.95789, 0.95924, 0.96072, 
0.96434, 0.96247, 0.96447, 0.96596, 0.96342, 0.96481, 0.96626, 
0.96581, 0.95828, 0.9596, 0.96008, 0.96434, 0.96441, 0.96318, 
0.96476, 0.96342, 0.96738, 0.96728, 0.96658, 0.3493, 0.4221, 
0.4839, 0.57, 0.6459, 0.6789, 0.7861, 0.8595, 0.9775, 1.0865, 
1.1775, 550.3, 585.5, 631.8, 677, 710.2, 741.8, 768.1, 805.7, 
842.4, 871.8, 897.4, 1, 1, 1, 1, 1, 1, 1, 1, 1, 1, 1, 1, 1, 1, 
1, 1, 1, 1, 1, 1, 1, 1, 1, 1, 1, 1, 1, 1, 1, 1, 1, 1, 1, 1, 1, 
1, 1, 1, 1, 1, 1, 1, 1, 1, 6.432, 7.156, 7.816, 8.812, 9.8, 10.069, 
11.176, 12.116, 13.267, 14.402, 15.533), .Dim = c(11L, 40L), .Dimnames = list(
    NULL, c("Sampling", "PSO.cost", "PSO.gamma", "PSO.data.balancing", 
    "PSO.feature.selection", "PSO.valid.acc", "PSO.test.acc", 
    "PSO.train.time", "PSO.n.support.vectors", "PSO.index", "PSO.n.solutions", 
    "PSO.generations", "PSO.n.evaluations", "PSO.cpu.time", "RS.cost", 
    "RS.gamma", "RS.data.balancing", "RS.feature.selection", 
    "RS.valid.acc", "RS.test.acc", "RS.train.time", "RS.n.support.vectors", 
    "RS.index", "RS.n.solutions", "RS.generations", "RS.n.evaluations", 
    "RS.cpu.time", "DF.cost", "DF.gamma", "DF.data.balancing", 
    "DF.feature.selection", "DF.valid.acc", "DF.test.acc", "DF.train.time", 
    "DF.n.support.vectors", "DF.index", "DF.n.solutions", "DF.generations", 
    "DF.n.evaluations", "DF.cpu.time")))
