full <-
structure(c(50, 55, 60, 65, 70, 75, 80, 85, 90, 95, 100, 15, 
14.90314, 15, 15, 15, 15, 15, 14.52886, 14.43534, 14.44629, 14.82213, 
-5.38232, -4.24624, -0.23178, -2.35152, -3.43862, -3.54238, -3.30347, 
-0.74663, -2.4119, -0.16266, 0.05716, 0, 0, 0, 0, 0, 0, 0, 0, 
0, 0, 0, 0, 0, 0, 0, 0, 0, 0, 0, 0, 0, 0, 0.99498, 0.99614, 0.99581, 
0.99673, 0.99614, 0.99665, 0.99735, 0.99682, 0.99721, 0.99715, 
0.99826, 0.99497, 0.99544, 0.99516, 0.99584, 0.99587, 0.99614, 
0.99638, 0.99682, 0.997, 0.99654, 0.9973, 0.1208, 0.1312, 0.1699, 
0.1675, 0.203, 0.235, 0.2339, 0.2719, 0.2458, 0.365, 0.345, 62.3, 
54.8, 60.3, 47, 55.9, 58, 56.4, 62.1, 60.2, 72, 75.7, 616, 155, 
73, 49, 132, 725, 370, 659, 495, 970, 126, 7, 700, 1168, 501, 
315, 155, 692, 125, 576, 563, 920, 100, 100, 100, 100, 100, 100, 
100, 100, 100, 100, 100, 2500, 2500, 2500, 2500, 2500, 2500, 
2500, 2500, 2500, 2500, 2500, 10538.392, 10559.779, 10935.645, 
11104.068, 11880.915, 12544.154, 12887.902, 13587.597, 13374.25, 
14936.769, 16809.447, 14.61622, 14.80747, 14.18651, 14.82614, 
14.63607, 14.99223, 12.89757, 13.61101, 14.05675, 13.0964, 14.98131, 
-3.02411, -4.12722, -0.80872, -2.06903, -3.69387, -3.62717, -1.22105, 
-0.43467, -2.09318, -0.1744, 0.04251, 0, 0, 0, 0, 0, 0, 0, 0, 
0, 0, 0, 0, 0, 0, 0, 0, 0, 0, 0, 0, 0, 0, 0.99459, 0.99614, 0.99581, 
0.99673, 0.99586, 0.99665, 0.99686, 0.99682, 0.99699, 0.99715, 
0.99807, 0.99381, 0.99544, 0.99549, 0.99613, 0.99641, 0.99639, 
0.99638, 0.99636, 0.99721, 0.99593, 0.9973, 0.1203, 0.1374, 0.1492, 
0.1742, 0.1812, 0.2405, 0.2114, 0.2589, 0.235, 0.2996, 0.372, 
47.8, 54.9, 56.3, 49.3, 61.8, 59.4, 73.1, 71.7, 63.8, 82.5, 74.9, 
50, 2281, 2337, 277, 1175, 1483, 1229, 75, 1521, 2199, 437, 2, 
1, 2, 1, 2, 1, 10, 3, 2, 3, 1, 100, 100, 100, 100, 100, 100, 
100, 100, 100, 100, 100, 2500, 2500, 2500, 2500, 2500, 2500, 
2500, 2500, 2500, 2500, 2500, 17495.877, 18899.379, 20870.139, 
23023.717, 25895.218, 27539.431, 29921.464, 32398.395, 37346.336, 
39283.368, 42520.8540000001, 1, 1, 1, 1, 1, 1, 1, 1, 1, 1, 1, 
0.5, 0.5, 0.5, 0.5, 0.5, 0.5, 0.5, 0.5, 0.5, 0.5, 0.5, 0, 0, 
0, 0, 0, 0, 0, 0, 0, 0, 0, 0, 0, 0, 0, 0, 0, 0, 0, 0, 0, 0, 0.95634, 
0.95787, 0.96201, 0.96225, 0.96193, 0.96113, 0.96161, 0.96387, 
0.96373, 0.96523, 0.96697, 0.95518, 0.95823, 0.9604, 0.96196, 
0.96055, 0.9619, 0.96234, 0.96478, 0.96394, 0.96604, 0.96775, 
0.3143, 0.3621, 0.4124, 0.4658, 0.5173, 0.5861, 0.6715, 0.7294, 
0.8038, 0.9054, 0.9454, 556.1, 595.8, 628.2, 659.9, 699.7, 730, 
764.7, 800.6, 841.4, 878.9, 897.4, 1, 1, 1, 1, 1, 1, 1, 1, 1, 
1, 1, 1, 1, 1, 1, 1, 1, 1, 1, 1, 1, 1, 1, 1, 1, 1, 1, 1, 1, 1, 
1, 1, 1, 1, 1, 1, 1, 1, 1, 1, 1, 1, 1, 1, 6.068, 6.421, 7.341, 
7.648, 8.077, 8.809, 9.809, 10.546, 11.551, 12.774, 13.074), .Dim = c(11L, 
40L), .Dimnames = list(NULL, c("Sampling", "PSO.cost", "PSO.gamma", 
"PSO.data.balancing", "PSO.feature.selection", "PSO.valid.acc", 
"PSO.test.acc", "PSO.train.time", "PSO.n.support.vectors", "PSO.index", 
"PSO.n.solutions", "PSO.generations", "PSO.n.evaluations", "PSO.cpu.time", 
"RS.cost", "RS.gamma", "RS.data.balancing", "RS.feature.selection", 
"RS.valid.acc", "RS.test.acc", "RS.train.time", "RS.n.support.vectors", 
"RS.index", "RS.n.solutions", "RS.generations", "RS.n.evaluations", 
"RS.cpu.time", "DF.cost", "DF.gamma", "DF.data.balancing", "DF.feature.selection", 
"DF.valid.acc", "DF.test.acc", "DF.train.time", "DF.n.support.vectors", 
"DF.index", "DF.n.solutions", "DF.generations", "DF.n.evaluations", 
"DF.cpu.time")))
