full <-
structure(c(50, 55, 60, 65, 70, 75, 80, 85, 90, 95, 100, 14.41904, 
15, 14.96078, 15, 15, 13.88164, 15, 15, 15, 15, 15, -3.11734, 
-4.01552, 0.77451, 0.79951, 1.22083, -0.95481, 0.55356, 1.38134, 
0.4603, 0.14304, 0.47526, 0, 0, 0, 0, 0, 0, 0, 0, 0, 0, 0, 0, 
0, 0, 0, 0, 0, 0, 0, 0, 0, 0, 0.99691, 0.99684, 0.99742, 0.99584, 
0.99641, 0.99665, 0.9971, 0.99796, 0.99743, 0.99776, 0.99788, 
0.99652, 0.99614, 0.99678, 0.99435, 0.99448, 0.99588, 0.99638, 
0.99705, 0.997, 0.99695, 0.9971, 0.1266, 0.1517, 0.1891, 0.2246, 
0.2992, 0.259, 0.4035, 0.4169, 0.4134, 0.5183, 0.4413, 47.1, 
49.7, 74.8, 78.7, 87.9, 67.6, 77.5, 96, 77.8, 75.7, 80.2, 105, 
56, 77, 277, 141, 395, 200, 121, 112, 135, 105, 439, 1272, 1279, 
317, 95, 676, 695, 1184, 1340, 1025, 1508, 100, 100, 100, 100, 
100, 100, 100, 100, 100, 100, 100, 2500, 2500, 2500, 2500, 2500, 
2500, 2500, 2500, 2500, 2500, 2500, 11001.776, 11616.488, 12873.609, 
14045.385, 14578.307, 14397.437, 16337.753, 17950.831, 17726.706, 
17028.687, 17858.864, 14.2689, 14.72957, 14.50083, 14.57752, 
13.0402, 13.9129, 13.82801, 14.84671, 14.9656, 14.76789, 14.74105, 
-3.21776, -3.80514, 0.87263, 0.91562, -1.62801, -0.93685, 0.78922, 
1.57237, 1.3123, 0.86164, 0.60271, 0, 0, 0, 0, 0, 0, 0, 0, 0, 
0, 0, 0, 0, 0, 0, 0, 0, 0, 0, 0, 0, 0, 0.99691, 0.99684, 0.9971, 
0.99524, 0.99558, 0.99665, 0.9971, 0.99773, 0.99743, 0.99756, 
0.99768, 0.99652, 0.99614, 0.99614, 0.99376, 0.99558, 0.99588, 
0.99614, 0.99705, 0.99721, 0.99736, 0.9971, 0.1289, 0.157, 0.2107, 
0.2425, 0.1827, 0.2676, 0.3416, 0.4303, 0.4392, 0.4536, 0.4185, 
48.4, 51.8, 77.8, 81, 69.6, 67.4, 86.7, 100.9, 95.6, 85.5, 83, 
550, 100, 1168, 1051, 342, 204, 1048, 1810, 1611, 93, 131, 4, 
2, 3, 6, 2, 2, 1, 1, 1, 1, 3, 100, 100, 100, 100, 100, 100, 100, 
100, 100, 100, 100, 2500, 2500, 2500, 2500, 2500, 2500, 2500, 
2500, 2500, 2500, 2500, 20699.873, 22402.326, 25007.021, 27842.044, 
30046.23, 32371.981, 35688.951, 40415.938, 40536.73, 40533.916, 
45938.03, 1, 1, 1, 1, 1, 1, 1, 1, 1, 1, 1, 0.5, 0.5, 0.5, 0.5, 
0.5, 0.5, 0.5, 0.5, 0.5, 0.5, 0.5, 0, 0, 0, 0, 0, 0, 0, 0, 0, 
0, 0, 0, 0, 0, 0, 0, 0, 0, 0, 0, 0, 0, 0.95245, 0.95329, 0.95524, 
0.9569, 0.9575, 0.95905, 0.96041, 0.96114, 0.96504, 0.96626, 
0.96697, 0.95245, 0.95259, 0.95524, 0.95541, 0.95833, 0.95777, 
0.95993, 0.9616, 0.96503, 0.96585, 0.96581, 0.3807, 0.4321, 0.5019, 
0.5755, 0.6361, 0.765, 0.8148, 0.9246, 0.8838, 0.9537, 1.0611, 
549.4, 588.3, 629.2, 669.3, 703.6, 744.9, 771.9, 814.3, 843.5, 
870.5, 897.5, 1, 1, 1, 1, 1, 1, 1, 1, 1, 1, 1, 1, 1, 1, 1, 1, 
1, 1, 1, 1, 1, 1, 1, 1, 1, 1, 1, 1, 1, 1, 1, 1, 1, 1, 1, 1, 1, 
1, 1, 1, 1, 1, 1, 1, 7.323, 7.69, 8.426, 9.311, 9.861, 11.129, 
11.691, 12.798, 12.194, 12.824, 14.111), .Dim = c(11L, 40L), .Dimnames = list(
    NULL, c("Sampling", "PSO.cost", "PSO.gamma", "PSO.data.balancing", 
    "PSO.feature.selection", "PSO.valid.acc", "PSO.test.acc", 
    "PSO.train.time", "PSO.n.support.vectors", "PSO.index", "PSO.n.solutions", 
    "PSO.generations", "PSO.n.evaluations", "PSO.cpu.time", "RS.cost", 
    "RS.gamma", "RS.data.balancing", "RS.feature.selection", 
    "RS.valid.acc", "RS.test.acc", "RS.train.time", "RS.n.support.vectors", 
    "RS.index", "RS.n.solutions", "RS.generations", "RS.n.evaluations", 
    "RS.cpu.time", "DF.cost", "DF.gamma", "DF.data.balancing", 
    "DF.feature.selection", "DF.valid.acc", "DF.test.acc", "DF.train.time", 
    "DF.n.support.vectors", "DF.index", "DF.n.solutions", "DF.generations", 
    "DF.n.evaluations", "DF.cpu.time")))
