full <-
structure(c(50, 55, 60, 65, 70, 75, 80, 85, 90, 95, 100, 14.98293, 
15, 15, 15, 15, 15, 14.99433, 15, 15, 15, 15, -4.07473, -4.22296, 
-3.56975, -4.20534, -4.02561, -3.94844, -5.34808, -4.85839, -0.54107, 
-2.93957, -0.00075, 0, 0, 0, 0, 0, 0, 0, 0, 0, 0, 0, 0, 0, 0, 
0, 0, 0, 0, 0, 0, 0, 0, 0.99421, 0.99438, 0.99549, 0.99644, 0.99724, 
0.99639, 0.99662, 0.99727, 0.99721, 0.99715, 0.99711, 0.99112, 
0.99368, 0.99291, 0.99555, 0.99614, 0.99614, 0.99566, 0.99705, 
0.99656, 0.99695, 0.99633, 0.1125, 0.1181, 0.1457, 0.1555, 0.1609, 
0.1803, 0.2131, 0.2368, 0.2732, 0.2619, 0.3389, 50.6, 53.1, 51.2, 
56.8, 58.7, 60.2, 77.4, 74.8, 62.6, 61.4, 76, 1544, 90, 266, 
152, 152, 72, 1397, 324, 67, 144, 218, 1, 863, 325, 370, 1029, 
1011, 1, 113, 1247, 1027, 1138, 100, 100, 100, 100, 100, 100, 
100, 100, 100, 100, 100, 2500, 2500, 2500, 2500, 2500, 2500, 
2500, 2500, 2500, 2500, 2500, 9580.693, 9707.691, 10598.962, 
10647.866, 11356.743, 11807.686, 12586.438, 13301.483, 14200.976, 
13793.697, 15934.522, 14.78217, 14.93186, 14.76776, 14.70688, 
14.47623, 14.40995, 14.78242, 14.50087, 14.91509, 14.21892, 14.77847, 
-3.00984, -3.22554, -3.58906, -2.97845, -3.52533, -4.52461, -5.01299, 
-4.56081, -0.40476, -2.4128, 0.41237, 0, 0, 0, 0, 0, 0, 0, 0, 
0, 0, 0, 0, 0, 0, 0, 0, 0, 0, 0, 0, 0, 0, 0.99343, 0.99333, 0.99452, 
0.99614, 0.99724, 0.99614, 0.99638, 0.99682, 0.99721, 0.99695, 
0.99691, 0.99073, 0.99368, 0.99259, 0.99495, 0.99559, 0.99639, 
0.9959, 0.99636, 0.99656, 0.99614, 0.99633, 0.112, 0.121, 0.1582, 
0.1598, 0.1604, 0.1885, 0.2046, 0.2355, 0.2766, 0.2618, 0.3662, 
47.7, 49.4, 54, 52.6, 60.9, 73.5, 76.1, 78, 64.1, 66.3, 78.5, 
297, 1853, 1854, 1167, 1015, 1393, 1393, 569, 595, 737, 1712, 
2, 4, 1, 3, 2, 7, 1, 1, 1, 5, 10, 100, 100, 100, 100, 100, 100, 
100, 100, 100, 100, 100, 2500, 2500, 2500, 2500, 2500, 2500, 
2500, 2500, 2500, 2500, 2500, 17948.217, 21065.941, 23445.384, 
26232.369, 28923.107, 32903.01, 35142.832, 37275.442, 40150.94, 
41839.51, 46705.791, 1, 1, 1, 1, 1, 1, 1, 1, 1, 1, 1, 0.5, 0.5, 
0.5, 0.5, 0.5, 0.5, 0.5, 0.5, 0.5, 0.5, 0.5, 0, 0, 0, 0, 0, 0, 
0, 0, 0, 0, 0, 0, 0, 0, 0, 0, 0, 0, 0, 0, 0, 0, 0.95711, 0.96277, 
0.96264, 0.96286, 0.96523, 0.96549, 0.96548, 0.96728, 0.96695, 
0.96727, 0.96639, 0.95827, 0.96312, 0.96039, 0.96376, 0.9655, 
0.96446, 0.96524, 0.96569, 0.96781, 0.96626, 0.96698, 0.3224, 
0.4003, 0.4703, 0.5467, 0.6216, 0.6818, 0.7869, 0.8599, 0.9424, 
1.0315, 1.1529, 529, 564, 602.7, 636.5, 667.7, 705.9, 750.1, 
793.4, 827.5, 861.3, 899.5, 1, 1, 1, 1, 1, 1, 1, 1, 1, 1, 1, 
1, 1, 1, 1, 1, 1, 1, 1, 1, 1, 1, 1, 1, 1, 1, 1, 1, 1, 1, 1, 1, 
1, 1, 1, 1, 1, 1, 1, 1, 1, 1, 1, 1, 6.05, 6.954, 7.67, 8.537, 
9.408, 10.006, 11.186, 11.889, 12.804, 13.803, 15.226), .Dim = c(11L, 
40L), .Dimnames = list(NULL, c("Sampling", "PSO.cost", "PSO.gamma", 
"PSO.data.balancing", "PSO.feature.selection", "PSO.valid.acc", 
"PSO.test.acc", "PSO.train.time", "PSO.n.support.vectors", "PSO.index", 
"PSO.n.solutions", "PSO.generations", "PSO.n.evaluations", "PSO.cpu.time", 
"RS.cost", "RS.gamma", "RS.data.balancing", "RS.feature.selection", 
"RS.valid.acc", "RS.test.acc", "RS.train.time", "RS.n.support.vectors", 
"RS.index", "RS.n.solutions", "RS.generations", "RS.n.evaluations", 
"RS.cpu.time", "DF.cost", "DF.gamma", "DF.data.balancing", "DF.feature.selection", 
"DF.valid.acc", "DF.test.acc", "DF.train.time", "DF.n.support.vectors", 
"DF.index", "DF.n.solutions", "DF.generations", "DF.n.evaluations", 
"DF.cpu.time")))
