full <-
structure(c(50, 55, 60, 65, 70, 75, 80, 85, 90, 95, 100, 14.78939, 
15, 14.64255, 14.69027, 15, 15, 14.73772, 15, 14.71536, 15, 15, 
-0.97156, -3.16664, -0.92386, -1.01735, -2.6527, -3.01569, -3.4979, 
-3.89181, -3.95648, -2.93612, -3.50788, 0, 0, 0, 0, 0, 0, 0, 
0, 0, 0, 0, 0, 0, 0, 0, 0, 0, 0, 0, 0, 0, 0, 0.99846, 0.99719, 
0.99711, 0.99643, 0.99614, 0.99614, 0.99613, 0.99659, 0.99678, 
0.99756, 0.99672, 0.99769, 0.99508, 0.99517, 0.99524, 0.99504, 
0.99588, 0.99565, 0.99614, 0.99571, 0.99675, 0.99691, 0.1344, 
0.154, 0.2089, 0.1995, 0.195, 0.2121, 0.2348, 0.2455, 0.274, 
0.2958, 0.3014, 47.9, 49.4, 53.9, 53.3, 52.3, 54.2, 61.8, 63.5, 
72.2, 60.4, 66.4, 219, 1083, 1344, 115, 501, 89, 342, 861, 1100, 
43, 67, 167, 56, 85, 1154, 184, 1112, 481, 7, 71, 636, 1497, 
100, 100, 100, 100, 100, 100, 100, 100, 100, 100, 100, 2500, 
2500, 2500, 2500, 2500, 2500, 2500, 2500, 2500, 2500, 2500, 10831.018, 
11178.55, 12238.088, 12469.803, 12806.682, 13000.48, 13475.437, 
14513.036, 15650.151, 14645.566, 15031.178, 14.62287, 14.5183, 
14.66624, 14.90186, 14.89183, 14.6374, 14.68752, 14.41883, 14.54556, 
14.25894, 14.4909, -1.05271, -3.66498, -0.68175, -1.7637, -0.87493, 
-3.01251, -3.09592, 1.23899, -4.00754, -2.4325, -3.60832, 0, 
0, 0, 0, 0, 0, 0, 0, 0, 0, 0, 0, 0, 0, 0, 0, 0, 0, 0, 0, 0, 0, 
0.99808, 0.99649, 0.99646, 0.99643, 0.99586, 0.99588, 0.99589, 
0.99637, 0.99678, 0.99756, 0.99652, 0.99769, 0.99509, 0.99517, 
0.99495, 0.99532, 0.99486, 0.99541, 0.99659, 0.99549, 0.99695, 
0.99691, 0.1337, 0.1455, 0.1905, 0.1987, 0.246, 0.2174, 0.2217, 
0.297, 0.2596, 0.2787, 0.2929, 49.7, 56.7, 54.8, 50.3, 55.3, 
57.7, 58.3, 92.5, 75.2, 65.8, 76, 1072, 399, 761, 163, 1548, 
2006, 2393, 250, 1444, 806, 663, 3, 5, 2, 3, 4, 1, 3, 3, 1, 1, 
5, 100, 100, 100, 100, 100, 100, 100, 100, 100, 100, 100, 2500, 
2500, 2500, 2500, 2500, 2500, 2500, 2500, 2500, 2500, 2500, 19774.214, 
21961.603, 24293.735, 26650.494, 28693.853, 31558.244, 35566.029, 
37895.332, 40675.835, 44113.953, 48747.19, 1, 1, 1, 1, 1, 1, 
1, 1, 1, 1, 1, 0.5, 0.5, 0.5, 0.5, 0.5, 0.5, 0.5, 0.5, 0.5, 0.5, 
0.5, 0, 0, 0, 0, 0, 0, 0, 0, 0, 0, 0, 0, 0, 0, 0, 0, 0, 0, 0, 
0, 0, 0, 0.95983, 0.96277, 0.96264, 0.96432, 0.9633, 0.9619, 
0.96715, 0.96523, 0.96631, 0.96687, 0.96697, 0.9606, 0.96312, 
0.962, 0.96373, 0.96275, 0.96164, 0.96547, 0.96614, 0.96609, 
0.96707, 0.96639, 0.3536, 0.4175, 0.4809, 0.5512, 0.6261, 0.7094, 
0.7831, 0.8945, 0.9577, 1.0409, 1.1049, 528.2, 571.1, 601.5, 
637.8, 686.5, 722.4, 748.5, 794.8, 833.7, 870.3, 897.1, 1, 1, 
1, 1, 1, 1, 1, 1, 1, 1, 1, 1, 1, 1, 1, 1, 1, 1, 1, 1, 1, 1, 1, 
1, 1, 1, 1, 1, 1, 1, 1, 1, 1, 1, 1, 1, 1, 1, 1, 1, 1, 1, 1, 1, 
6.654, 7.367, 8.068, 8.679, 9.594, 10.491, 11.334, 12.491, 13.137, 
14.086, 14.863), .Dim = c(11L, 40L), .Dimnames = list(NULL, c("Sampling", 
"PSO.cost", "PSO.gamma", "PSO.data.balancing", "PSO.feature.selection", 
"PSO.valid.acc", "PSO.test.acc", "PSO.train.time", "PSO.n.support.vectors", 
"PSO.index", "PSO.n.solutions", "PSO.generations", "PSO.n.evaluations", 
"PSO.cpu.time", "RS.cost", "RS.gamma", "RS.data.balancing", "RS.feature.selection", 
"RS.valid.acc", "RS.test.acc", "RS.train.time", "RS.n.support.vectors", 
"RS.index", "RS.n.solutions", "RS.generations", "RS.n.evaluations", 
"RS.cpu.time", "DF.cost", "DF.gamma", "DF.data.balancing", "DF.feature.selection", 
"DF.valid.acc", "DF.test.acc", "DF.train.time", "DF.n.support.vectors", 
"DF.index", "DF.n.solutions", "DF.generations", "DF.n.evaluations", 
"DF.cpu.time")))
