full <-
structure(c(50, 55, 60, 65, 70, 75, 80, 85, 90, 95, 100, 14.58037, 
15, 14.92908, 14.80368, 14.7797, 13.71532, 13.9555, 15, 14.98461, 
15, 15, -3.99238, -5.89951, -3.71274, -3.95111, -1.64337, -3.70709, 
-3.7987, -3.76524, -4.22276, -3.69184, -4.64408, 0, 0, 0, 0, 
0, 0, 0, 0, 0, 0, 0, 0, 0, 0, 0, 0, 0, 0, 0, 0, 0, 0, 0.99691, 
0.99754, 0.99646, 0.99822, 0.99724, 0.99639, 0.99662, 0.99637, 
0.997, 0.99695, 0.99749, 0.99768, 0.99684, 0.99582, 0.99733, 
0.99614, 0.99691, 0.99662, 0.99546, 0.9955, 0.99594, 0.99691, 
0.1238, 0.1303, 0.1399, 0.1568, 0.2053, 0.1835, 0.2217, 0.247, 
0.2386, 0.2673, 0.2928, 49.9, 63.1, 49.9, 53.6, 55.9, 71.8, 73, 
62, 70.6, 67.4, 79.5, 1388, 163, 748, 600, 295, 938, 115, 678, 
508, 260, 369, 253, 900, 21, 11, 401, 83, 593, 8, 102, 243, 107, 
100, 100, 100, 100, 100, 100, 100, 100, 100, 100, 100, 2500, 
2500, 2500, 2500, 2500, 2500, 2500, 2500, 2500, 2500, 2500, 9949.434, 
10111.206, 10964.347, 11097.513, 12181.039, 11526.733, 12486.029, 
13587.036, 13727.708, 14362.156, 15613.466, 12.82607, 13.15987, 
14.94551, 14.59285, 12.88779, 13.48319, 13.66752, 14.98895, 14.67054, 
14.9094, 14.96128, -2.45065, -4.46626, -2.26521, -3.80153, -2.77394, 
-3.72362, -3.89967, 0.64479, -3.97156, -3.70868, -4.55634, 0, 
0, 0, 0, 0, 0, 0, 0, 0, 0, 0, 0, 0, 0, 0, 0, 0, 0, 0, 0, 0, 0, 
0.99652, 0.99719, 0.99582, 0.99762, 0.99697, 0.99588, 0.99638, 
0.99614, 0.99678, 0.99675, 0.99729, 0.99652, 0.99579, 0.99453, 
0.99733, 0.99642, 0.99639, 0.99638, 0.99568, 0.99528, 0.99594, 
0.99671, 0.1149, 0.1362, 0.1422, 0.1587, 0.1733, 0.1957, 0.2077, 
0.2909, 0.2518, 0.2765, 0.3009, 56.6, 73.4, 46, 55.7, 73.8, 76.7, 
78.9, 76.2, 72.2, 68.3, 79.5, 1310, 376, 628, 150, 674, 24, 382, 
1564, 1575, 1301, 1455, 3, 4, 2, 3, 6, 5, 5, 1, 3, 1, 1, 100, 
100, 100, 100, 100, 100, 100, 100, 100, 100, 100, 2500, 2500, 
2500, 2500, 2500, 2500, 2500, 2500, 2500, 2500, 2500, 17347.387, 
19311.443, 21395.786, 23725.887, 26249.93, 27979.702, 30530.269, 
32724.88, 35450.1679999999, 39313.668, 43734.926, 1, 1, 1, 1, 
1, 1, 1, 1, 1, 1, 1, 0.5, 0.5, 0.5, 0.5, 0.5, 0.5, 0.5, 0.5, 
0.5, 0.5, 0.5, 0, 0, 0, 0, 0, 0, 0, 0, 0, 0, 0, 0, 0, 0, 0, 0, 
0, 0, 0, 0, 0, 0, 0.95903, 0.96242, 0.96392, 0.96195, 0.96303, 
0.96215, 0.96307, 0.96388, 0.96588, 0.96646, 0.96678, 0.96019, 
0.96277, 0.96264, 0.96284, 0.96165, 0.96266, 0.96235, 0.96183, 
0.96502, 0.96687, 0.96678, 0.2938, 0.3508, 0.4052, 0.4564, 0.5255, 
0.5906, 0.6446, 0.7204, 0.7882, 0.8834, 0.9782, 526.2, 566.3, 
614.2, 648.8, 688.1, 724.3, 758.2, 794.1, 827.8, 862.1, 898.4, 
1, 1, 1, 1, 1, 1, 1, 1, 1, 1, 1, 1, 1, 1, 1, 1, 1, 1, 1, 1, 1, 
1, 1, 1, 1, 1, 1, 1, 1, 1, 1, 1, 1, 1, 1, 1, 1, 1, 1, 1, 1, 1, 
1, 1, 5.782, 6.606, 7.007, 7.456, 8.249, 8.948, 9.603, 10.37, 
11.257, 12.433, 13.511), .Dim = c(11L, 40L), .Dimnames = list(
    NULL, c("Sampling", "PSO.cost", "PSO.gamma", "PSO.data.balancing", 
    "PSO.feature.selection", "PSO.valid.acc", "PSO.test.acc", 
    "PSO.train.time", "PSO.n.support.vectors", "PSO.index", "PSO.n.solutions", 
    "PSO.generations", "PSO.n.evaluations", "PSO.cpu.time", "RS.cost", 
    "RS.gamma", "RS.data.balancing", "RS.feature.selection", 
    "RS.valid.acc", "RS.test.acc", "RS.train.time", "RS.n.support.vectors", 
    "RS.index", "RS.n.solutions", "RS.generations", "RS.n.evaluations", 
    "RS.cpu.time", "DF.cost", "DF.gamma", "DF.data.balancing", 
    "DF.feature.selection", "DF.valid.acc", "DF.test.acc", "DF.train.time", 
    "DF.n.support.vectors", "DF.index", "DF.n.solutions", "DF.generations", 
    "DF.n.evaluations", "DF.cpu.time")))
