full <-
structure(c(50, 55, 60, 65, 70, 75, 80, 85, 90, 95, 100, 15, 
15, 15, 15, 15, 15, 14.98824, 15, 14.25744, 15, 14.76418, -5.56447, 
-5.10269, -5.67742, -3.61097, -3.70984, -1.63488, -4.1325, -5.56462, 
-1.28101, -0.06983, -3.25375, 0, 0, 0, 0, 0, 0, 0, 0, 0, 0, 0, 
0, 0, 0, 0, 0, 0, 0, 0, 0, 0, 0, 0.99613, 0.99578, 0.99646, 0.99673, 
0.99641, 0.99691, 0.9971, 0.99591, 0.99721, 0.99756, 0.9971, 
0.9942, 0.99508, 0.99485, 0.99525, 0.99558, 0.99639, 0.99638, 
0.99568, 0.99614, 0.99736, 0.9971, 0.1213, 0.1284, 0.1491, 0.1731, 
0.1831, 0.2604, 0.2144, 0.2366, 0.2762, 0.3022, 0.2951, 61.2, 
61.8, 72, 54.7, 56.7, 54.8, 64.3, 87.9, 64.3, 73.6, 66, 854, 
342, 101, 178, 238, 114, 272, 126, 2307, 373, 176, 78, 444, 1122, 
1205, 753, 1092, 31, 298, 1, 1195, 678, 100, 100, 100, 100, 100, 
100, 100, 100, 100, 100, 100, 2500, 2500, 2500, 2500, 2500, 2500, 
2500, 2500, 2500, 2500, 2500, 10522.207, 10923.937, 11222.642, 
11920.154, 12137.253, 13309.552, 12542.914, 13172.561, 14474.873, 
15788.814, 15796.551, 14.87459, 14.78357, 14.80212, 14.75056, 
13.29568, 14.67203, 14.98843, 13.76055, 14.73748, 13.97083, 14.63803, 
-6.12706, -3.44238, -5.78984, -3.13215, -1.70016, -1.7233, -4.69051, 
-4.60928, -3.82365, 1.30007, -3.22636, 0, 0, 0, 0, 0, 0, 0, 0, 
0, 0, 0, 0, 0, 0, 0, 0, 0, 0, 0, 0, 0, 0, 0.99536, 0.99508, 0.99614, 
0.99644, 0.99586, 0.99691, 0.99638, 0.99591, 0.997, 0.99695, 
0.99691, 0.99458, 0.99402, 0.99485, 0.99554, 0.99586, 0.99588, 
0.99614, 0.99591, 0.99743, 0.99654, 0.9971, 0.1209, 0.1333, 0.1495, 
0.1751, 0.1899, 0.2326, 0.2085, 0.242, 0.2702, 0.4012, 0.2976, 
68, 51.5, 75.3, 53.7, 66.2, 56.8, 70.1, 94.2, 69.2, 100.9, 67.6, 
513, 435, 2233, 1091, 58, 1187, 1821, 500, 356, 450, 2309, 2, 
7, 3, 1, 9, 2, 5, 2, 1, 9, 4, 100, 100, 100, 100, 100, 100, 100, 
100, 100, 100, 100, 2500, 2500, 2500, 2500, 2500, 2500, 2500, 
2500, 2500, 2500, 2500, 19788.025, 21768.164, 24341.091, 26301.241, 
28617.705, 31560.005, 33824.859, 39671.257, 40424.765, 44958.973, 
48509.239, 1, 1, 1, 1, 1, 1, 1, 1, 1, 1, 1, 0.5, 0.5, 0.5, 0.5, 
0.5, 0.5, 0.5, 0.5, 0.5, 0.5, 0.5, 0, 0, 0, 0, 0, 0, 0, 0, 0, 
0, 0, 0, 0, 0, 0, 0, 0, 0, 0, 0, 0, 0, 0.95594, 0.95993, 0.95686, 
0.96019, 0.96027, 0.96239, 0.96306, 0.96388, 0.96567, 0.96565, 
0.96755, 0.95479, 0.95958, 0.95525, 0.96108, 0.96055, 0.96239, 
0.96234, 0.96366, 0.96588, 0.96463, 0.96813, 0.354, 0.4291, 0.5018, 
0.5606, 0.6309, 0.7057, 0.7812, 0.8962, 0.9506, 1.0897, 1.1631, 
536.1, 586.5, 626.5, 664.3, 701.5, 729.2, 761.4, 804.8, 830.1, 
870.9, 897.8, 1, 1, 1, 1, 1, 1, 1, 1, 1, 1, 1, 1, 1, 1, 1, 1, 
1, 1, 1, 1, 1, 1, 1, 1, 1, 1, 1, 1, 1, 1, 1, 1, 1, 1, 1, 1, 1, 
1, 1, 1, 1, 1, 1, 1, 6.719, 7.57, 8.257, 8.844, 9.573, 10.311, 
11.122, 12.598, 13.131, 14.75, 15.531), .Dim = c(11L, 40L), .Dimnames = list(
    NULL, c("Sampling", "PSO.cost", "PSO.gamma", "PSO.data.balancing", 
    "PSO.feature.selection", "PSO.valid.acc", "PSO.test.acc", 
    "PSO.train.time", "PSO.n.support.vectors", "PSO.index", "PSO.n.solutions", 
    "PSO.generations", "PSO.n.evaluations", "PSO.cpu.time", "RS.cost", 
    "RS.gamma", "RS.data.balancing", "RS.feature.selection", 
    "RS.valid.acc", "RS.test.acc", "RS.train.time", "RS.n.support.vectors", 
    "RS.index", "RS.n.solutions", "RS.generations", "RS.n.evaluations", 
    "RS.cpu.time", "DF.cost", "DF.gamma", "DF.data.balancing", 
    "DF.feature.selection", "DF.valid.acc", "DF.test.acc", "DF.train.time", 
    "DF.n.support.vectors", "DF.index", "DF.n.solutions", "DF.generations", 
    "DF.n.evaluations", "DF.cpu.time")))
