full <-
structure(c(50, 55, 60, 65, 70, 75, 80, 85, 90, 95, 100, 15, 
14.97325, 15, 14.93516, 14.93284, 15, 15, 14.83355, 14.36364, 
15, 14.96676, -1.70548, -3.39264, -3.37638, -4.14375, -4.00028, 
-0.58375, -2.03538, -3.52636, 0.21836, 0.16505, -0.28977, 0, 
0, 0, 0, 0, 0, 0, 0, 0, 0, 0, 0, 0, 0, 0, 0, 0, 0, 0, 0, 0, 0, 
0.99729, 0.99684, 0.99743, 0.99733, 0.99779, 0.99716, 0.99735, 
0.9975, 0.99785, 0.99756, 0.9971, 0.99536, 0.99474, 0.99614, 
0.99792, 0.99779, 0.99691, 0.99662, 0.99682, 0.99635, 0.99776, 
0.99729, 0.1402, 0.1438, 0.1503, 0.1728, 0.2115, 0.2334, 0.2124, 
0.2632, 0.3201, 0.3878, 0.3635, 48.6, 50.6, 50.2, 58, 59.3, 62.9, 
57, 63.1, 78, 75.2, 69.1, 91, 343, 60, 253, 671, 191, 191, 394, 
148, 172, 358, 1336, 879, 1387, 212, 376, 1058, 391, 340, 387, 
1338, 42, 100, 100, 100, 100, 100, 100, 100, 100, 100, 100, 100, 
2500, 2500, 2500, 2500, 2500, 2500, 2500, 2500, 2500, 2500, 2500, 
14319.74, 11449.156, 11561.445, 12187.17, 16976.865, 13707.272, 
14155.56, 15278.141, 15999.391, 17921.816, 17613.856, 14.90906, 
14.71805, 14.91146, 14.90185, 14.77371, 14.98899, 13.21324, 14.23117, 
14.28875, 14.80447, 14.87742, -1.69435, -2.83986, -3.43863, -3.69268, 
-3.70254, -4.85198, -1.97432, -2.94175, 0.37357, 0.11341, -0.27639, 
0, 0, 0, 0, 0, 0, 0, 0, 0, 0, 0, 0, 0, 0, 0, 0, 0, 0, 0, 0, 0, 
0, 0.9969, 0.99614, 0.9971, 0.99703, 0.99724, 0.99665, 0.99735, 
0.99705, 0.99742, 0.99736, 0.99672, 0.99536, 0.99509, 0.99646, 
0.99733, 0.99752, 0.99665, 0.9959, 0.99659, 0.99592, 0.99736, 
0.99729, 0.0889, 0.1402, 0.1444, 0.1754, 0.1973, 0.2055, 0.2235, 
0.2509, 0.3106, 0.3874, 0.358, 49.1, 50.4, 51.1, 55.4, 58.6, 
70.3, 73, 68.4, 80, 75.2, 70, 2108, 133, 2001, 2306, 1775, 888, 
808, 488, 2226, 599, 800, 1, 7, 2, 1, 1, 3, 3, 1, 2, 2, 1, 100, 
100, 100, 100, 100, 100, 100, 100, 100, 100, 100, 2500, 2500, 
2500, 2500, 2500, 2500, 2500, 2500, 2500, 2500, 2500, 19077.286, 
22019.846, 24297.667, 25037.184, 29192.942, 32386.951, 35370.365, 
39136.028, 41310.488, 44039.123, 47398.795, 1, 1, 1, 1, 1, 1, 
1, 1, 1, 1, 1, 0.5, 0.5, 0.5, 0.5, 0.5, 0.5, 0.5, 0.5, 0.5, 0.5, 
0.5, 0, 0, 0, 0, 0, 0, 0, 0, 0, 0, 0, 0, 0, 0, 0, 0, 0, 0, 0, 
0, 0, 0, 0.95787, 0.95681, 0.95944, 0.95632, 0.95751, 0.9629, 
0.96258, 0.96342, 0.96523, 0.96686, 0.96697, 0.95709, 0.95926, 
0.95976, 0.95633, 0.95972, 0.96213, 0.96378, 0.96456, 0.9648, 
0.96584, 0.96639, 0.3459, 0.4143, 0.4799, 0.5515, 0.6211, 0.7072, 
0.7895, 0.87, 0.9429, 1.0008, 1.1092, 519.2, 565.8, 602.9, 647.6, 
683.8, 726.4, 761.8, 795.6, 829.7, 860.6, 897.9, 1, 1, 1, 1, 
1, 1, 1, 1, 1, 1, 1, 1, 1, 1, 1, 1, 1, 1, 1, 1, 1, 1, 1, 1, 1, 
1, 1, 1, 1, 1, 1, 1, 1, 1, 1, 1, 1, 1, 1, 1, 1, 1, 1, 1, 6.694, 
7.363, 8.13, 10.248, 9.784, 10.702, 11.713, 12.523, 13.247, 13.926, 
15.224), .Dim = c(11L, 40L), .Dimnames = list(NULL, c("Sampling", 
"PSO.cost", "PSO.gamma", "PSO.data.balancing", "PSO.feature.selection", 
"PSO.valid.acc", "PSO.test.acc", "PSO.train.time", "PSO.n.support.vectors", 
"PSO.index", "PSO.n.solutions", "PSO.generations", "PSO.n.evaluations", 
"PSO.cpu.time", "RS.cost", "RS.gamma", "RS.data.balancing", "RS.feature.selection", 
"RS.valid.acc", "RS.test.acc", "RS.train.time", "RS.n.support.vectors", 
"RS.index", "RS.n.solutions", "RS.generations", "RS.n.evaluations", 
"RS.cpu.time", "DF.cost", "DF.gamma", "DF.data.balancing", "DF.feature.selection", 
"DF.valid.acc", "DF.test.acc", "DF.train.time", "DF.n.support.vectors", 
"DF.index", "DF.n.solutions", "DF.generations", "DF.n.evaluations", 
"DF.cpu.time")))
