full <-
structure(c(50, 55, 60, 65, 70, 75, 80, 85, 90, 95, 100, 15, 
14.58404, 15, 15, 14.78743, 15, 15, 15, 14.99699, 15, 14.9275, 
-5.59219, -0.59806, -3.92426, -3.0111, -0.90243, 0.79162, 1.29696, 
0.56671, -2.36194, 0.73691, 0.51585, 0, 0, 0, 0, 0, 0, 0, 0, 
0, 0, 0, 0, 0, 0, 0, 0, 0, 0, 0, 0, 0, 0, 0.99613, 0.99578, 0.99582, 
0.99614, 0.99669, 0.9964, 0.99734, 0.99705, 0.997, 0.99695, 0.99807, 
0.99536, 0.99438, 0.9955, 0.99554, 0.99586, 0.99562, 0.99614, 
0.99568, 0.99657, 0.99573, 0.99691, 0.1225, 0.1683, 0.1561, 0.1594, 
0.204, 0.3433, 0.3751, 0.3518, 0.2684, 0.3947, 0.4107, 58.9, 
57.6, 50.3, 52.1, 57.9, 81.4, 94.5, 76.6, 58.4, 82.2, 79.7, 154, 
600, 79, 308, 226, 276, 265, 139, 1404, 175, 1931, 544, 344, 
1076, 514, 870, 75, 709, 1536, 476, 804, 962, 100, 100, 100, 
100, 100, 100, 100, 100, 100, 100, 100, 2500, 2500, 2500, 2500, 
2500, 2500, 2500, 2500, 2500, 2500, 2500, 10210.444, 11110.682, 
11502.547, 11237.35, 12345.19, 14734.024, 17417.714, 16222.78, 
14614.23, 17236.98, 16942.734, 14.57665, 14.82229, 13.39528, 
14.88609, 14.51838, 13.648, 14.69184, 14.61894, 14.95742, 14.97862, 
14.31533, -5.19037, -0.61068, -4.58124, -2.63049, -0.69363, -4.63208, 
1.47867, 0.15323, -2.51906, 0.97652, 0.86421, 0, 0, 0, 0, 0, 
0, 0, 0, 0, 0, 0, 0, 0, 0, 0, 0, 0, 0, 0, 0, 0, 0, 0.99613, 0.99578, 
0.99582, 0.99614, 0.99641, 0.99614, 0.9971, 0.99659, 0.997, 0.99695, 
0.99807, 0.99459, 0.99438, 0.99517, 0.99554, 0.99586, 0.99537, 
0.99638, 0.99432, 0.997, 0.99573, 0.9971, 0.1239, 0.1701, 0.1476, 
0.162, 0.2137, 0.2054, 0.387, 0.3083, 0.26, 0.4181, 0.4101, 59.5, 
55.3, 74.9, 52.3, 61.2, 87.5, 99.5, 75.2, 58.8, 85.3, 85.1, 1125, 
22, 1642, 1868, 1366, 256, 272, 92, 858, 1629, 491, 3, 2, 1, 
4, 3, 6, 3, 1, 1, 1, 2, 100, 100, 100, 100, 100, 100, 100, 100, 
100, 100, 100, 2500, 2500, 2500, 2500, 2500, 2500, 2500, 2500, 
2500, 2500, 2500, 19383.41, 21919.672, 23383.303, 25697.861, 
28370.826, 31193.574, 35605.359, 39361.749, 42027.522, 43249.725, 
46786.43, 1, 1, 1, 1, 1, 1, 1, 1, 1, 1, 1, 0.5, 0.5, 0.5, 0.5, 
0.5, 0.5, 0.5, 0.5, 0.5, 0.5, 0.5, 0, 0, 0, 0, 0, 0, 0, 0, 0, 
0, 0, 0, 0, 0, 0, 0, 0, 0, 0, 0, 0, 0, 0.95942, 0.95995, 0.96201, 
0.96434, 0.96247, 0.96627, 0.96427, 0.96614, 0.9676, 0.96626, 
0.96523, 0.95594, 0.95925, 0.95944, 0.96552, 0.96109, 0.96524, 
0.96427, 0.96614, 0.96631, 0.96504, 0.9662, 0.364, 0.3995, 0.4623, 
0.5345, 0.6085, 0.6842, 0.8018, 0.8822, 0.9715, 1.0398, 1.1575, 
540.8, 580.2, 617.8, 659.5, 703.8, 735.3, 756.2, 792.7, 822.9, 
869, 897.6, 1, 1, 1, 1, 1, 1, 1, 1, 1, 1, 1, 1, 1, 1, 1, 1, 1, 
1, 1, 1, 1, 1, 1, 1, 1, 1, 1, 1, 1, 1, 1, 1, 1, 1, 1, 1, 1, 1, 
1, 1, 1, 1, 1, 1, 6.675, 7.265, 7.789, 8.575, 9.343, 10.294, 
11.477, 12.388, 13.509, 13.923, 15.231), .Dim = c(11L, 40L), .Dimnames = list(
    NULL, c("Sampling", "PSO.cost", "PSO.gamma", "PSO.data.balancing", 
    "PSO.feature.selection", "PSO.valid.acc", "PSO.test.acc", 
    "PSO.train.time", "PSO.n.support.vectors", "PSO.index", "PSO.n.solutions", 
    "PSO.generations", "PSO.n.evaluations", "PSO.cpu.time", "RS.cost", 
    "RS.gamma", "RS.data.balancing", "RS.feature.selection", 
    "RS.valid.acc", "RS.test.acc", "RS.train.time", "RS.n.support.vectors", 
    "RS.index", "RS.n.solutions", "RS.generations", "RS.n.evaluations", 
    "RS.cpu.time", "DF.cost", "DF.gamma", "DF.data.balancing", 
    "DF.feature.selection", "DF.valid.acc", "DF.test.acc", "DF.train.time", 
    "DF.n.support.vectors", "DF.index", "DF.n.solutions", "DF.generations", 
    "DF.n.evaluations", "DF.cpu.time")))
