full <-
structure(c(50, 55, 60, 65, 70, 75, 80, 85, 90, 95, 100, 14.73887, 
13.93572, 15, 15, 12.90638, 15, 14.98663, 15, 15, 15, 15, -8.13404, 
-5.7689, -4.80561, -3.7046, -0.14969, -4.39917, -5.99802, -2.25336, 
-4.65803, -0.14479, -0.36582, 0, 0, 0, 0, 0, 0, 0, 0, 0, 0, 0, 
0, 0, 0, 0, 0, 0, 0, 0, 0, 0, 0, 0.99498, 0.99649, 0.99614, 0.99703, 
0.99641, 0.99768, 0.99638, 0.99636, 0.99721, 0.99756, 0.99749, 
0.99266, 0.99509, 0.99453, 0.99524, 0.99531, 0.99613, 0.99493, 
0.99591, 0.99592, 0.99654, 0.99749, 0.1474, 0.1388, 0.1537, 0.1666, 
0.2115, 0.2028, 0.225, 0.2553, 0.2426, 0.3031, 0.3107, 105.8, 
83.4, 60.5, 53.5, 74.4, 64.4, 87.8, 57.1, 74.8, 71.7, 68, 299, 
431, 70, 124, 430, 332, 1130, 219, 109, 157, 146, 243, 143, 927, 
904, 218, 28, 10, 410, 544, 1345, 434, 100, 100, 100, 100, 100, 
100, 100, 100, 100, 100, 100, 2500, 2500, 2500, 2500, 2500, 2500, 
2500, 2500, 2500, 2500, 2500, 10151.434, 10945.039, 10939.695, 
11208.819, 12058.006, 12176.644, 12501.127, 13242.233, 13661.355, 
15492.655, 15554.317, 14.78515, 13.96706, 14.3331, 14.20177, 
14.6711, 13.24915, 14.02881, 14.44967, 14.7032, 14.79363, 14.87991, 
-8.1192, -5.78147, -3.94746, -1.28333, -1.51244, -1.73703, -6.02571, 
0.04178, -4.26576, -0.0852, -2.99414, 0, 0, 0, 0, 0, 0, 0, 0, 
0, 0, 0, 0, 0, 0, 0, 0, 0, 0, 0, 0, 0, 0, 0.99498, 0.99649, 0.99549, 
0.99584, 0.99641, 0.99717, 0.99614, 0.99591, 0.99678, 0.99736, 
0.9973, 0.99304, 0.99509, 0.99485, 0.99495, 0.99531, 0.99614, 
0.99565, 0.99477, 0.99614, 0.99614, 0.99691, 0.1406, 0.1394, 
0.1428, 0.1782, 0.1878, 0.1856, 0.2244, 0.2716, 0.2385, 0.3047, 
0.2782, 104.8, 82.8, 60.7, 58, 56.5, 67.1, 107.8, 72.7, 74.7, 
74.2, 64.1, 1440, 1404, 1976, 2131, 402, 2166, 961, 403, 2271, 
166, 1226, 1, 1, 1, 26, 1, 4, 3, 4, 1, 2, 1, 100, 100, 100, 100, 
100, 100, 100, 100, 100, 100, 100, 2500, 2500, 2500, 2500, 2500, 
2500, 2500, 2500, 2500, 2500, 2500, 17301.609, 19782.407, 21622.889, 
23270.559, 25130.674, 26926.736, 30728.425, 33030.864, 36478.143, 
38535.519, 41505.922, 1, 1, 1, 1, 1, 1, 1, 1, 1, 1, 1, 0.5, 0.5, 
0.5, 0.5, 0.5, 0.5, 0.5, 0.5, 0.5, 0.5, 0.5, 0, 0, 0, 0, 0, 0, 
0, 0, 0, 0, 0, 0, 0, 0, 0, 0, 0, 0, 0, 0, 0, 0, 0.95981, 0.96488, 
0.96555, 0.96493, 0.96523, 0.96806, 0.96644, 0.96682, 0.96738, 
0.96646, 0.96735, 0.95904, 0.96558, 0.96458, 0.96404, 0.96744, 
0.96832, 0.96668, 0.96705, 0.9663, 0.96525, 0.96677, 0.3149, 
0.3774, 0.4059, 0.4838, 0.5387, 0.6011, 0.6414, 0.7463, 0.7936, 
0.9152, 0.9801, 544.1, 582, 622.3, 657.9, 681.2, 715.2, 751.9, 
786.4, 826.3, 860.6, 897.7, 1, 1, 1, 1, 1, 1, 1, 1, 1, 1, 1, 
1, 1, 1, 1, 1, 1, 1, 1, 1, 1, 1, 1, 1, 1, 1, 1, 1, 1, 1, 1, 1, 
1, 1, 1, 1, 1, 1, 1, 1, 1, 1, 1, 1, 6.229, 7.028, 6.801, 7.894, 
8.243, 9.005, 9.371, 10.823, 11.113, 12.579, 13.218), .Dim = c(11L, 
40L), .Dimnames = list(NULL, c("Sampling", "PSO.cost", "PSO.gamma", 
"PSO.data.balancing", "PSO.feature.selection", "PSO.valid.acc", 
"PSO.test.acc", "PSO.train.time", "PSO.n.support.vectors", "PSO.index", 
"PSO.n.solutions", "PSO.generations", "PSO.n.evaluations", "PSO.cpu.time", 
"RS.cost", "RS.gamma", "RS.data.balancing", "RS.feature.selection", 
"RS.valid.acc", "RS.test.acc", "RS.train.time", "RS.n.support.vectors", 
"RS.index", "RS.n.solutions", "RS.generations", "RS.n.evaluations", 
"RS.cpu.time", "DF.cost", "DF.gamma", "DF.data.balancing", "DF.feature.selection", 
"DF.valid.acc", "DF.test.acc", "DF.train.time", "DF.n.support.vectors", 
"DF.index", "DF.n.solutions", "DF.generations", "DF.n.evaluations", 
"DF.cpu.time")))
