full <-
structure(c(50, 55, 60, 65, 70, 75, 80, 85, 90, 95, 100, 15, 
15, 15, 14.6872, 14.14492, 15, 14.43657, 15, 14.15401, 14.67331, 
15, -3.43379, -4.12848, -5.62399, -5.99924, -1.73154, -4.45879, 
-3.81179, -3.57826, -0.77601, 1.12515, -2.0189, 0, 0, 0, 0, 0, 
0, 0, 0, 0, 0, 0, 0, 0, 0, 0, 0, 0, 0, 0, 0, 0, 0, 0.99691, 0.99614, 
0.99549, 0.99673, 0.99779, 0.99742, 0.9971, 0.99636, 0.99657, 
0.99695, 0.9971, 0.99614, 0.99578, 0.99517, 0.99525, 0.99669, 
0.9964, 0.99638, 0.99636, 0.99635, 0.99695, 0.9971, 0.1106, 0.1376, 
0.1568, 0.1695, 0.2083, 0.2127, 0.2403, 0.2434, 0.3016, 0.3795, 
0.3435, 42.2, 52.4, 67.6, 79.1, 57.6, 62.6, 66, 59.7, 66.8, 89.9, 
60.4, 111, 373, 275, 120, 202, 692, 215, 1102, 396, 274, 536, 
1353, 567, 200, 244, 353, 837, 183, 246, 81, 646, 115, 100, 100, 
100, 100, 100, 100, 100, 100, 100, 100, 100, 2500, 2500, 2500, 
2500, 2500, 2500, 2500, 2500, 2500, 2500, 2500, 9777.092, 11555.198, 
13407.666, 13791.732, 14973.19, 14864.891, 15848.181, 16433.411, 
18577.626, 20379.705, 19314.306, 14.14956, 14.96254, 14.59036, 
13.46671, 14.38058, 14.84806, 14.11198, 14.60441, 14.12685, 14.15613, 
13.04266, -3.26133, -4.1683, -4.91845, -4.66229, -1.85504, -4.18353, 
-0.30156, -4.29484, -0.82708, 1.35941, -0.2515, 0, 0, 0, 0, 0, 
0, 0, 0, 0, 0, 0, 0, 0, 0, 0, 0, 0, 0, 0, 0, 0, 0, 0.99653, 0.99614, 
0.99549, 0.99673, 0.99779, 0.99691, 0.99686, 0.99636, 0.99635, 
0.99675, 0.9971, 0.99421, 0.99614, 0.99549, 0.99584, 0.99669, 
0.9964, 0.99662, 0.99613, 0.99635, 0.99675, 0.99672, 0.1203, 
0.1489, 0.154, 0.1694, 0.2017, 0.205, 0.2579, 0.2577, 0.2994, 
0.375, 0.3523, 50.6, 52.8, 65, 79.9, 55.3, 61.7, 68.9, 74, 66.7, 
100, 81, 1145, 2085, 2349, 362, 1903, 439, 259, 42, 980, 2191, 
1994, 3, 1, 1, 1, 2, 3, 22, 3, 5, 1, 1, 100, 100, 100, 100, 100, 
100, 100, 100, 100, 100, 100, 2500, 2500, 2500, 2500, 2500, 2500, 
2500, 2500, 2500, 2500, 2500, 18595.878, 23735.664, 25969.059, 
28801.183, 32949.255, 35053.994, 37730.533, 40612.547, 45671.757, 
49579.773, 51690.4450000001, 1, 1, 1, 1, 1, 1, 1, 1, 1, 1, 1, 
0.5, 0.5, 0.5, 0.5, 0.5, 0.5, 0.5, 0.5, 0.5, 0.5, 0.5, 0, 0, 
0, 0, 0, 0, 0, 0, 0, 0, 0, 0, 0, 0, 0, 0, 0, 0, 0, 0, 0, 0, 0.95905, 
0.95888, 0.96071, 0.96048, 0.96137, 0.9624, 0.96379, 0.96478, 
0.96609, 0.96565, 0.96621, 0.95634, 0.95889, 0.96007, 0.96226, 
0.95972, 0.96343, 0.9633, 0.96477, 0.96566, 0.96524, 0.96505, 
0.3606, 0.4005, 0.4583, 0.5705, 0.6581, 0.7266, 0.8203, 0.8862, 
0.9832, 1.1153, 1.19, 540.2, 582.5, 626.4, 659.2, 702.9, 737.3, 
770.8, 800.9, 834.5, 865.8, 897.5, 1, 1, 1, 1, 1, 1, 1, 1, 1, 
1, 1, 1, 1, 1, 1, 1, 1, 1, 1, 1, 1, 1, 1, 1, 1, 1, 1, 1, 1, 1, 
1, 1, 1, 1, 1, 1, 1, 1, 1, 1, 1, 1, 1, 1, 6.642, 7.854, 8.468, 
9.789, 10.791, 11.566, 12.552, 13.36, 14.513, 16.367, 16.753), .Dim = c(11L, 
40L), .Dimnames = list(NULL, c("Sampling", "PSO.cost", "PSO.gamma", 
"PSO.data.balancing", "PSO.feature.selection", "PSO.valid.acc", 
"PSO.test.acc", "PSO.train.time", "PSO.n.support.vectors", "PSO.index", 
"PSO.n.solutions", "PSO.generations", "PSO.n.evaluations", "PSO.cpu.time", 
"RS.cost", "RS.gamma", "RS.data.balancing", "RS.feature.selection", 
"RS.valid.acc", "RS.test.acc", "RS.train.time", "RS.n.support.vectors", 
"RS.index", "RS.n.solutions", "RS.generations", "RS.n.evaluations", 
"RS.cpu.time", "DF.cost", "DF.gamma", "DF.data.balancing", "DF.feature.selection", 
"DF.valid.acc", "DF.test.acc", "DF.train.time", "DF.n.support.vectors", 
"DF.index", "DF.n.solutions", "DF.generations", "DF.n.evaluations", 
"DF.cpu.time")))
