full <-
structure(c(50, 55, 60, 65, 70, 75, 80, 85, 90, 95, 100, 15, 
14.992, 14.52629, 14.98856, 15, 14.63872, 15, 15, 15, 14.99134, 
15, -4.6418, -6.28738, -0.67781, -3.3622, -3.91005, -1.50333, 
-3.60121, -1.74711, 0.41793, 0.86766, -3.68561, 0, 0, 0, 0, 0, 
0, 0, 0, 0, 0, 0, 0, 0, 0, 0, 0, 0, 0, 0, 0, 0, 0, 0.99343, 0.99368, 
0.99485, 0.99643, 0.99642, 0.99562, 0.99638, 0.99727, 0.99592, 
0.99695, 0.9973, 0.99382, 0.99298, 0.99324, 0.99494, 0.99504, 
0.99485, 0.9959, 0.99614, 0.99549, 0.99532, 0.99691, 0.1322, 
0.1565, 0.196, 0.1749, 0.2013, 0.2337, 0.2431, 0.2725, 0.3174, 
0.3344, 0.2948, 58.2, 82.2, 61.1, 58.3, 61.4, 60.1, 62.9, 58, 
75.4, 83, 67.3, 241, 182, 1644, 1489, 473, 477, 166, 69, 153, 
688, 406, 335, 888, 3, 6, 84, 35, 1329, 419, 713, 6, 75, 100, 
100, 100, 100, 100, 100, 100, 100, 100, 100, 100, 2500, 2500, 
2500, 2500, 2500, 2500, 2500, 2500, 2500, 2500, 2500, 10854.085, 
11312.151, 11546.359, 11505.438, 12017.007, 12754.49, 13848.508, 
14443.251, 15110.48, 15077.455, 14382.26, 14.86576, 13.8862, 
14.50017, 14.86424, 14.93836, 13.82537, 14.90253, 14.97204, 14.97416, 
14.56694, 14.47539, -4.43425, -5.40016, -0.63989, -2.67915, -4.04876, 
-0.96097, -3.5396, -1.38789, -3.74255, -3.92444, -2.9224, 0, 
0, 0, 0, 0, 0, 0, 0, 0, 0, 0, 0, 0, 0, 0, 0, 0, 0, 0, 0, 0, 0, 
0.99305, 0.99368, 0.99453, 0.99613, 0.99586, 0.99511, 0.99614, 
0.99705, 0.99592, 0.99675, 0.9971, 0.99344, 0.99298, 0.99324, 
0.99494, 0.99448, 0.99459, 0.9959, 0.99614, 0.99613, 0.99634, 
0.99691, 0.1371, 0.151, 0.2075, 0.1852, 0.1935, 0.2211, 0.2358, 
0.2562, 0.2815, 0.2685, 0.3008, 57.7, 87.2, 60.6, 55.2, 63.3, 
63.8, 63.2, 61.2, 65.5, 75.3, 68.4, 701, 373, 2160, 1730, 859, 
2167, 106, 1177, 2118, 1374, 56, 3, 6, 1, 1, 1, 5, 3, 3, 1, 1, 
9, 100, 100, 100, 100, 100, 100, 100, 100, 100, 100, 100, 2500, 
2500, 2500, 2500, 2500, 2500, 2500, 2500, 2500, 2500, 2500, 19909.055, 
21603.499, 23615.276, 26595.863, 29999.193, 32290.574, 36196.906, 
39726.07, 40374.603, 43314.413, 45483.103, 1, 1, 1, 1, 1, 1, 
1, 1, 1, 1, 1, 0.5, 0.5, 0.5, 0.5, 0.5, 0.5, 0.5, 0.5, 0.5, 0.5, 
0.5, 0, 0, 0, 0, 0, 0, 0, 0, 0, 0, 0, 0, 0, 0, 0, 0, 0, 0, 0, 
0, 0, 0, 0.95558, 0.95576, 0.95591, 0.95632, 0.96137, 0.96419, 
0.96209, 0.96297, 0.96523, 0.96645, 0.96736, 0.95558, 0.95646, 
0.95494, 0.95721, 0.96219, 0.96291, 0.96258, 0.96365, 0.96416, 
0.96666, 0.96659, 0.3704, 0.3926, 0.4947, 0.5459, 0.6363, 0.7317, 
0.7953, 0.8733, 0.9658, 1.0229, 1.1455, 548.2, 586.5, 635.6, 
667.7, 706.5, 737.5, 767.8, 796.4, 833.3, 867.4, 898.7, 1, 1, 
1, 1, 1, 1, 1, 1, 1, 1, 1, 1, 1, 1, 1, 1, 1, 1, 1, 1, 1, 1, 1, 
1, 1, 1, 1, 1, 1, 1, 1, 1, 1, 1, 1, 1, 1, 1, 1, 1, 1, 1, 1, 1, 
6.857, 6.846, 8.025, 8.569, 9.781, 10.816, 11.714, 12.404, 13.13, 
13.646, 14.973), .Dim = c(11L, 40L), .Dimnames = list(NULL, c("Sampling", 
"PSO.cost", "PSO.gamma", "PSO.data.balancing", "PSO.feature.selection", 
"PSO.valid.acc", "PSO.test.acc", "PSO.train.time", "PSO.n.support.vectors", 
"PSO.index", "PSO.n.solutions", "PSO.generations", "PSO.n.evaluations", 
"PSO.cpu.time", "RS.cost", "RS.gamma", "RS.data.balancing", "RS.feature.selection", 
"RS.valid.acc", "RS.test.acc", "RS.train.time", "RS.n.support.vectors", 
"RS.index", "RS.n.solutions", "RS.generations", "RS.n.evaluations", 
"RS.cpu.time", "DF.cost", "DF.gamma", "DF.data.balancing", "DF.feature.selection", 
"DF.valid.acc", "DF.test.acc", "DF.train.time", "DF.n.support.vectors", 
"DF.index", "DF.n.solutions", "DF.generations", "DF.n.evaluations", 
"DF.cpu.time")))
