full <-
structure(c(50, 55, 60, 65, 70, 75, 80, 85, 90, 95, 100, 14.98428, 
15, 14.53297, 15, 15, 13.10993, 14.76242, 15, 14.92853, 14.95457, 
15, -5.27667, -3.97962, 0.56221, -6.53593, -2.8157, -2.16652, 
0.57724, -3.67986, -0.22416, 0.26208, -0.93028, 0, 0, 0, 0, 0, 
0, 0, 0, 0, 0, 0, 0, 0, 0, 0, 0, 0, 0, 0, 0, 0, 0, 0.99691, 0.99825, 
0.99614, 0.99584, 0.99724, 0.9964, 0.99734, 0.99705, 0.99657, 
0.99736, 0.99672, 0.99575, 0.99754, 0.99485, 0.99495, 0.99531, 
0.99614, 0.99614, 0.99636, 0.997, 0.99614, 0.99614, 0.1204, 0.1316, 
0.2104, 0.1822, 0.2092, 0.1893, 0.273, 0.2532, 0.2977, 0.3625, 
0.3171, 53.5, 51, 74.7, 83.5, 52.3, 69.4, 77.4, 63.5, 67.6, 74, 
64.4, 407, 408, 138, 125, 562, 134, 1347, 180, 198, 164, 65, 
42, 471, 197, 337, 98, 941, 53, 564, 367, 405, 1419, 100, 100, 
100, 100, 100, 100, 100, 100, 100, 100, 100, 2500, 2500, 2500, 
2500, 2500, 2500, 2500, 2500, 2500, 2500, 2500, 10883.777, 10947.901, 
13040.594, 12167.908, 12693.822, 13043.682, 14643.198, 13737.127, 
15385.207, 17555.757, 16501.94, 14.34332, 14.97922, 14.79672, 
14.88266, 14.59329, 13.84432, 13.32991, 14.91126, 14.83731, 14.98069, 
14.57587, -5.03823, -3.44163, 0.71158, -6.45982, -3.50198, -2.15992, 
-2.54072, -3.52683, -0.25021, -0.5306, -0.59404, 0, 0, 0, 0, 
0, 0, 0, 0, 0, 0, 0, 0, 0, 0, 0, 0, 0, 0, 0, 0, 0, 0, 0.99653, 
0.9979, 0.99614, 0.99584, 0.99697, 0.9964, 0.9971, 0.99705, 0.99635, 
0.99675, 0.99672, 0.99575, 0.99755, 0.99517, 0.99495, 0.99586, 
0.99614, 0.99662, 0.99682, 0.99678, 0.99655, 0.99614, 0.123, 
0.1278, 0.2263, 0.1859, 0.1793, 0.2104, 0.2136, 0.2332, 0.2859, 
0.3248, 0.3489, 58.7, 49.4, 74.8, 84.6, 60.6, 61.5, 73.9, 62.1, 
67.1, 64.7, 69.4, 98, 818, 1138, 475, 270, 45, 19, 1092, 46, 
869, 465, 2, 1, 1, 2, 3, 3, 2, 1, 2, 5, 3, 100, 100, 100, 100, 
100, 100, 100, 100, 100, 100, 100, 2500, 2500, 2500, 2500, 2500, 
2500, 2500, 2500, 2500, 2500, 2500, 19749.371, 22104.793, 23891.365, 
26964.812, 29531.846, 32324.002, 35261.793, 38053.692, 40407.04, 
46590.063, 50362.328, 1, 1, 1, 1, 1, 1, 1, 1, 1, 1, 1, 0.5, 0.5, 
0.5, 0.5, 0.5, 0.5, 0.5, 0.5, 0.5, 0.5, 0.5, 0, 0, 0, 0, 0, 0, 
0, 0, 0, 0, 0, 0, 0, 0, 0, 0, 0, 0, 0, 0, 0, 0, 0.95634, 0.95645, 
0.95655, 0.9587, 0.96026, 0.96189, 0.96355, 0.96387, 0.96502, 
0.96625, 0.96639, 0.95712, 0.95715, 0.95848, 0.95781, 0.96192, 
0.96163, 0.96355, 0.96455, 0.96524, 0.96564, 0.96678, 0.325, 
0.4227, 0.4937, 0.5629, 0.629, 0.7138, 0.7997, 0.8707, 0.966, 
1.0696, 1.1777, 532.1, 582.9, 622.1, 655.1, 692.2, 720.4, 755.5, 
787.3, 825.4, 867.1, 898, 1, 1, 1, 1, 1, 1, 1, 1, 1, 1, 1, 1, 
1, 1, 1, 1, 1, 1, 1, 1, 1, 1, 1, 1, 1, 1, 1, 1, 1, 1, 1, 1, 1, 
1, 1, 1, 1, 1, 1, 1, 1, 1, 1, 1, 6.34, 7.54, 8.207, 8.974, 9.75, 
10.631, 11.559, 12.349, 13.388, 14.644, 15.669), .Dim = c(11L, 
40L), .Dimnames = list(NULL, c("Sampling", "PSO.cost", "PSO.gamma", 
"PSO.data.balancing", "PSO.feature.selection", "PSO.valid.acc", 
"PSO.test.acc", "PSO.train.time", "PSO.n.support.vectors", "PSO.index", 
"PSO.n.solutions", "PSO.generations", "PSO.n.evaluations", "PSO.cpu.time", 
"RS.cost", "RS.gamma", "RS.data.balancing", "RS.feature.selection", 
"RS.valid.acc", "RS.test.acc", "RS.train.time", "RS.n.support.vectors", 
"RS.index", "RS.n.solutions", "RS.generations", "RS.n.evaluations", 
"RS.cpu.time", "DF.cost", "DF.gamma", "DF.data.balancing", "DF.feature.selection", 
"DF.valid.acc", "DF.test.acc", "DF.train.time", "DF.n.support.vectors", 
"DF.index", "DF.n.solutions", "DF.generations", "DF.n.evaluations", 
"DF.cpu.time")))
