full <-
structure(c(50, 55, 60, 65, 70, 75, 80, 85, 90, 95, 100, 14.6476, 
15, 14.72482, 15, 15, 15, 14.99142, 14.08969, 15, 14.92065, 14.98578, 
-3.76082, -4.32637, -1.38373, -3.33824, -4.59116, -1.62356, -1.77962, 
-0.52341, 1.69342, -4.36535, -0.10302, 0, 0, 0, 0, 0, 0, 0, 0, 
0, 0, 0, 0, 0, 0, 0, 0, 0, 0, 0, 0, 0, 0, 0.99614, 0.99438, 0.99743, 
0.99703, 0.99752, 0.99691, 0.99783, 0.9975, 0.99678, 0.99675, 
0.99672, 0.9942, 0.99473, 0.99743, 0.99584, 0.99697, 0.99665, 
0.99734, 0.99682, 0.99614, 0.99695, 0.99672, 0.1175, 0.134, 0.1715, 
0.163, 0.1749, 0.223, 0.2371, 0.2506, 0.3653, 0.2586, 0.3444, 
50, 54.5, 53.7, 50.8, 64, 55.3, 54.8, 69.8, 106, 74.7, 73.6, 
348, 300, 232, 188, 62, 175, 319, 145, 182, 485, 261, 115, 501, 
726, 524, 801, 499, 22, 142, 1344, 62, 765, 100, 100, 100, 100, 
100, 100, 100, 100, 100, 100, 100, 2500, 2500, 2500, 2500, 2500, 
2500, 2500, 2500, 2500, 2500, 2500, 10333.617, 10304.817, 11152.707, 
10767.124, 11652.666, 12643.791, 12441.674, 14120.517, 16232.051, 
14225.935, 16003.092, 13.4509, 13.49634, 14.76723, 14.67259, 
14.05018, 14.31323, 14.12457, 14.16491, 14.79413, 14.90549, 14.83243, 
-0.83505, -0.8878, -1.31489, -4.15455, -3.61683, -0.819, -1.03113, 
-0.70081, -3.9086, -3.98655, -0.09561, 0, 0, 0, 0, 0, 0, 0, 0, 
0, 0, 0, 0, 0, 0, 0, 0, 0, 0, 0, 0, 0, 0, 0.99575, 0.99403, 0.99743, 
0.99703, 0.99669, 0.99665, 0.99759, 0.99728, 0.99657, 0.99634, 
0.99633, 0.99459, 0.99333, 0.99743, 0.99643, 0.99642, 0.99562, 
0.9971, 0.99659, 0.99721, 0.99675, 0.99672, 0.1216, 0.1428, 0.1663, 
0.1645, 0.178, 0.1965, 0.244, 0.2559, 0.2464, 0.2828, 0.3339, 
56.6, 59.5, 54.1, 62.7, 66.6, 60.4, 62.4, 67.3, 68.6, 70.7, 73.4, 
330, 776, 34, 464, 68, 1956, 182, 329, 1532, 1629, 230, 4, 1, 
1, 1, 4, 4, 4, 1, 7, 2, 3, 100, 100, 100, 100, 100, 100, 100, 
100, 100, 100, 100, 2500, 2500, 2500, 2500, 2500, 2500, 2500, 
2500, 2500, 2500, 2500, 17234.812, 19067.123, 21062.624, 23922.768, 
25261.495, 28435.275, 30375.056, 33671.047, 35993.247, 37543.377, 
42185.228, 1, 1, 1, 1, 1, 1, 1, 1, 1, 1, 1, 0.5, 0.5, 0.5, 0.5, 
0.5, 0.5, 0.5, 0.5, 0.5, 0.5, 0.5, 0, 0, 0, 0, 0, 0, 0, 0, 0, 
0, 0, 0, 0, 0, 0, 0, 0, 0, 0, 0, 0, 0, 0.95513, 0.9582, 0.95975, 
0.96047, 0.96165, 0.96137, 0.96499, 0.96524, 0.96889, 0.96869, 
0.96871, 0.9563, 0.95714, 0.95879, 0.96077, 0.96413, 0.96472, 
0.96379, 0.96547, 0.9691, 0.96788, 0.96755, 0.3078, 0.3669, 0.4038, 
0.4704, 0.5285, 0.5859, 0.668, 0.7269, 0.7681, 0.8666, 0.9372, 
547.7, 590, 629.5, 662.8, 698.1, 733.2, 763.9, 802.4, 831, 860.7, 
896.5, 1, 1, 1, 1, 1, 1, 1, 1, 1, 1, 1, 1, 1, 1, 1, 1, 1, 1, 
1, 1, 1, 1, 1, 1, 1, 1, 1, 1, 1, 1, 1, 1, 1, 1, 1, 1, 1, 1, 1, 
1, 1, 1, 1, 1, 5.953, 6.82, 6.836, 7.858, 8.389, 8.781, 9.892, 
10.736, 10.98, 12.135, 12.687), .Dim = c(11L, 40L), .Dimnames = list(
    NULL, c("Sampling", "PSO.cost", "PSO.gamma", "PSO.data.balancing", 
    "PSO.feature.selection", "PSO.valid.acc", "PSO.test.acc", 
    "PSO.train.time", "PSO.n.support.vectors", "PSO.index", "PSO.n.solutions", 
    "PSO.generations", "PSO.n.evaluations", "PSO.cpu.time", "RS.cost", 
    "RS.gamma", "RS.data.balancing", "RS.feature.selection", 
    "RS.valid.acc", "RS.test.acc", "RS.train.time", "RS.n.support.vectors", 
    "RS.index", "RS.n.solutions", "RS.generations", "RS.n.evaluations", 
    "RS.cpu.time", "DF.cost", "DF.gamma", "DF.data.balancing", 
    "DF.feature.selection", "DF.valid.acc", "DF.test.acc", "DF.train.time", 
    "DF.n.support.vectors", "DF.index", "DF.n.solutions", "DF.generations", 
    "DF.n.evaluations", "DF.cpu.time")))
