full <-
structure(c(50, 55, 60, 65, 70, 75, 80, 85, 90, 95, 100, 14.48401, 
15, 14.99006, 14.21428, 12.91019, 14.65321, 15, 14.83323, 14.75176, 
15, 15, -4.43665, -4.25672, -3.70193, -2.91119, -1.43311, -3.56183, 
-1.07514, -3.79542, -3.65988, 0.82689, -3.50858, 0, 0, 0, 0, 
0, 0, 0, 0, 0, 0, 0, 0, 0, 0, 0, 0, 0, 0, 0, 0, 0, 0, 0.99768, 
0.99755, 0.9971, 0.99792, 0.99641, 0.99742, 0.99638, 0.99773, 
0.997, 0.99756, 0.9973, 0.99614, 0.99755, 0.99646, 0.99643, 0.99475, 
0.9964, 0.99541, 0.9975, 0.997, 0.99715, 0.9971, 0.1198, 0.143, 
0.1477, 0.1652, 0.1935, 0.2068, 0.2578, 0.2495, 0.2644, 0.4019, 
0.2894, 50, 46.6, 49.4, 55.6, 72.9, 61.4, 58.7, 64.3, 67.9, 82.9, 
66, 619, 79, 414, 1070, 1388, 307, 100, 185, 267, 207, 338, 199, 
1212, 690, 153, 5, 177, 1437, 433, 552, 582, 176, 100, 100, 100, 
100, 100, 100, 100, 100, 100, 100, 100, 2500, 2500, 2500, 2500, 
2500, 2500, 2500, 2500, 2500, 2500, 2500, 10345.717, 10588.932, 
11011.959, 14283.616, 15112.355, 12334.731, 13536.005, 13542.319, 
14450.802, 18104.504, 15379.652, 14.81373, 14.95177, 14.79449, 
13.85109, 13.05184, 12.91267, 14.75893, 14.92508, 14.77771, 14.3671, 
13.40449, -4.75857, -4.0919, -3.92074, -2.5276, -1.16844, -0.61051, 
-0.99537, -2.76917, -4.13311, 2.13838, -1.55865, 0, 0, 0, 0, 
0, 0, 0, 0, 0, 0, 0, 0, 0, 0, 0, 0, 0, 0, 0, 0, 0, 0, 0.9973, 
0.99755, 0.99678, 0.99762, 0.9964, 0.99666, 0.99638, 0.9975, 
0.99678, 0.99736, 0.9973, 0.99575, 0.99684, 0.99678, 0.99643, 
0.99502, 0.99588, 0.99541, 0.99659, 0.99657, 0.99675, 0.99633, 
0.1274, 0.144, 0.169, 0.1673, 0.1907, 0.205, 0.2392, 0.2404, 
0.2476, 0.4605, 0.273, 49.5, 46.9, 52.7, 58, 69.5, 73.4, 60.4, 
56.7, 71.6, 123.2, 79.3, 2287, 498, 854, 10, 2268, 660, 10, 365, 
2363, 388, 89, 1, 1, 3, 2, 8, 2, 1, 5, 2, 7, 4, 100, 100, 100, 
100, 100, 100, 100, 100, 100, 100, 100, 2500, 2500, 2500, 2500, 
2500, 2500, 2500, 2500, 2500, 2500, 2500, 19709.185, 21753.739, 
25173.641, 29049.971, 30940.82, 31117.904, 34961.676, 38687.569, 
40357.337, 43726.366, 45876.653, 1, 1, 1, 1, 1, 1, 1, 1, 1, 1, 
1, 0.5, 0.5, 0.5, 0.5, 0.5, 0.5, 0.5, 0.5, 0.5, 0.5, 0.5, 0, 
0, 0, 0, 0, 0, 0, 0, 0, 0, 0, 0, 0, 0, 0, 0, 0, 0, 0, 0, 0, 0, 
0.96136, 0.96382, 0.96459, 0.96434, 0.96302, 0.96421, 0.96475, 
0.96546, 0.96631, 0.96665, 0.96659, 0.96175, 0.96312, 0.96395, 
0.96256, 0.96247, 0.96472, 0.9645, 0.9666, 0.9661, 0.96585, 0.96639, 
0.3519, 0.4112, 0.4877, 0.5545, 0.6315, 0.7068, 0.8028, 0.8721, 
0.9345, 1.0288, 1.0971, 534.6, 571.5, 606.3, 641.3, 683.7, 717.1, 
751.6, 787.2, 828.5, 873.6, 898.1, 1, 1, 1, 1, 1, 1, 1, 1, 1, 
1, 1, 1, 1, 1, 1, 1, 1, 1, 1, 1, 1, 1, 1, 1, 1, 1, 1, 1, 1, 1, 
1, 1, 1, 1, 1, 1, 1, 1, 1, 1, 1, 1, 1, 1, 6.611, 7.211, 9.244, 
9.777, 9.5, 10.282, 11.447, 12.19, 12.947, 13.81, 14.525), .Dim = c(11L, 
40L), .Dimnames = list(NULL, c("Sampling", "PSO.cost", "PSO.gamma", 
"PSO.data.balancing", "PSO.feature.selection", "PSO.valid.acc", 
"PSO.test.acc", "PSO.train.time", "PSO.n.support.vectors", "PSO.index", 
"PSO.n.solutions", "PSO.generations", "PSO.n.evaluations", "PSO.cpu.time", 
"RS.cost", "RS.gamma", "RS.data.balancing", "RS.feature.selection", 
"RS.valid.acc", "RS.test.acc", "RS.train.time", "RS.n.support.vectors", 
"RS.index", "RS.n.solutions", "RS.generations", "RS.n.evaluations", 
"RS.cpu.time", "DF.cost", "DF.gamma", "DF.data.balancing", "DF.feature.selection", 
"DF.valid.acc", "DF.test.acc", "DF.train.time", "DF.n.support.vectors", 
"DF.index", "DF.n.solutions", "DF.generations", "DF.n.evaluations", 
"DF.cpu.time")))
