full <-
structure(c(50, 55, 60, 65, 70, 75, 80, 85, 90, 95, 100, 15, 
13.93655, 15, 14.63063, 14.93957, 14.41794, 15, 15, 15, 15, 14.96695, 
-3.53521, -3.61138, -2.29136, -2.62546, -2.66409, -4.65968, -5.55106, 
-4.08514, -2.83126, 0.14902, 2.22827, 0, 0, 0, 0, 0, 0, 0, 0, 
0, 0, 0, 0, 0, 0, 0, 0, 0, 0, 0, 0, 0, 0, 0.99729, 0.99684, 0.99646, 
0.99703, 0.99752, 0.99717, 0.9971, 0.99704, 0.99678, 0.99716, 
0.9973, 0.9969, 0.99543, 0.99645, 0.99673, 0.99669, 0.99588, 
0.99541, 0.99591, 0.99571, 0.99593, 0.99594, 0.1445, 0.1407, 
0.1687, 0.1678, 0.216, 0.2095, 0.2157, 0.2332, 0.2726, 0.3122, 
0.4519, 43.7, 58.2, 46.5, 49.8, 49.7, 77, 83.6, 65, 59, 74.3, 
127.8, 570, 197, 112, 365, 157, 329, 193, 256, 163, 277, 117, 
104, 426, 1319, 215, 583, 688, 910, 9, 1004, 206, 532, 100, 100, 
100, 100, 100, 100, 100, 100, 100, 100, 100, 2500, 2500, 2500, 
2500, 2500, 2500, 2500, 2500, 2500, 2500, 2500, 10295.012, 10328.124, 
10715.466, 11366.995, 11929.594, 12343.086, 12517.601, 13269.081, 
14135.669, 15007.375, 17585.532, 14.76468, 13.77838, 14.94779, 
14.55881, 14.90096, 14.76149, 13.49514, 14.92741, 13.52025, 14.98223, 
14.27616, -3.28536, -3.37727, -2.74037, -2.54936, -2.72206, -4.6534, 
-4.06687, -4.28659, -1.60003, -2.14328, 2.22774, 0, 0, 0, 0, 
0, 0, 0, 0, 0, 0, 0, 0, 0, 0, 0, 0, 0, 0, 0, 0, 0, 0, 0.9969, 
0.99649, 0.99614, 0.99703, 0.99752, 0.99691, 0.99662, 0.99636, 
0.99678, 0.99675, 0.9973, 0.99652, 0.99579, 0.99581, 0.99673, 
0.99696, 0.99665, 0.99566, 0.99523, 0.99528, 0.99675, 0.99614, 
0.1483, 0.1402, 0.1583, 0.1663, 0.2052, 0.2075, 0.2157, 0.2352, 
0.2742, 0.3047, 0.4667, 45, 58.8, 45.1, 50.7, 50.1, 71.2, 87.3, 
68.4, 71.2, 59.2, 129.1, 1587, 872, 285, 191, 1790, 627, 1895, 
1214, 1191, 344, 2243, 1, 2, 3, 2, 2, 1, 1, 4, 2, 3, 1, 100, 
100, 100, 100, 100, 100, 100, 100, 100, 100, 100, 2500, 2500, 
2500, 2500, 2500, 2500, 2500, 2500, 2500, 2500, 2500, 19407.187, 
20841.822, 23298.377, 25210.114, 28434.004, 31293.32, 34254.284, 
37857.053, 39412.668, 43014.386, 48778.352, 1, 1, 1, 1, 1, 1, 
1, 1, 1, 1, 1, 0.5, 0.5, 0.5, 0.5, 0.5, 0.5, 0.5, 0.5, 0.5, 0.5, 
0.5, 0, 0, 0, 0, 0, 0, 0, 0, 0, 0, 0, 0, 0, 0, 0, 0, 0, 0, 0, 
0, 0, 0, 0.96096, 0.96278, 0.96102, 0.96286, 0.96523, 0.96601, 
0.96668, 0.96728, 0.96716, 0.96687, 0.96851, 0.9629, 0.96208, 
0.96133, 0.96197, 0.96496, 0.96627, 0.96572, 0.96637, 0.96716, 
0.96809, 0.96638, 0.3544, 0.3857, 0.4776, 0.5577, 0.6362, 0.7213, 
0.7823, 0.8755, 0.9494, 1.0375, 1.1361, 531.2, 572.4, 612.3, 
644.3, 694.1, 732.2, 771.1, 801.4, 833.5, 868, 898, 1, 1, 1, 
1, 1, 1, 1, 1, 1, 1, 1, 1, 1, 1, 1, 1, 1, 1, 1, 1, 1, 1, 1, 1, 
1, 1, 1, 1, 1, 1, 1, 1, 1, 1, 1, 1, 1, 1, 1, 1, 1, 1, 1, 1, 6.52, 
6.764, 7.803, 8.662, 9.515, 10.489, 11.071, 12.195, 13.011, 13.902, 
15.187), .Dim = c(11L, 40L), .Dimnames = list(NULL, c("Sampling", 
"PSO.cost", "PSO.gamma", "PSO.data.balancing", "PSO.feature.selection", 
"PSO.valid.acc", "PSO.test.acc", "PSO.train.time", "PSO.n.support.vectors", 
"PSO.index", "PSO.n.solutions", "PSO.generations", "PSO.n.evaluations", 
"PSO.cpu.time", "RS.cost", "RS.gamma", "RS.data.balancing", "RS.feature.selection", 
"RS.valid.acc", "RS.test.acc", "RS.train.time", "RS.n.support.vectors", 
"RS.index", "RS.n.solutions", "RS.generations", "RS.n.evaluations", 
"RS.cpu.time", "DF.cost", "DF.gamma", "DF.data.balancing", "DF.feature.selection", 
"DF.valid.acc", "DF.test.acc", "DF.train.time", "DF.n.support.vectors", 
"DF.index", "DF.n.solutions", "DF.generations", "DF.n.evaluations", 
"DF.cpu.time")))
