full <-
structure(c(50, 55, 60, 65, 70, 75, 80, 85, 90, 95, 100, 14.97231, 
14.78758, 14.28658, 15, 15, 15, 15, 14.5978, 15, 15, 15, -6.63837, 
-5.77949, -3.45778, -1.68062, -1.51352, -3.52923, -3.99942, -3.48459, 
-0.43475, -4.49813, -3.60485, 0, 0, 0, 0, 0, 0, 0, 0, 0, 0, 0, 
0, 0, 0, 0, 0, 0, 0, 0, 0, 0, 0, 0.99691, 0.99649, 0.9971, 0.99673, 
0.99697, 0.99743, 0.99662, 0.99727, 0.99743, 0.99756, 0.99788, 
0.99652, 0.99614, 0.99581, 0.99584, 0.99642, 0.99691, 0.99614, 
0.99705, 0.99657, 0.99614, 0.9971, 0.1202, 0.1317, 0.1715, 0.1994, 
0.2088, 0.1942, 0.2062, 0.2476, 0.3676, 0.2833, 0.2831, 71.2, 
64.6, 55.8, 48.9, 52.6, 56, 62.1, 64.7, 64.1, 74.1, 66.6, 452, 
672, 361, 494, 301, 129, 240, 5, 100, 205, 559, 21, 292, 615, 
64, 41, 893, 250, 611, 123, 54, 489, 100, 100, 100, 100, 100, 
100, 100, 100, 100, 100, 100, 2500, 2500, 2500, 2500, 2500, 2500, 
2500, 2500, 2500, 2500, 2500, 10612.828, 10701.751, 10995.121, 
11849.484, 12251.16, 12426.679, 12681.595, 13060.092, 14850.709, 
14213.736, 14788.021, 14.90647, 14.17219, 14.25463, 14.63968, 
13.84806, 14.60515, 14.72539, 14.67412, 14.60724, 14.96462, 14.97972, 
-6.06003, -5.28843, -3.56368, -6.25897, -0.77386, -3.21839, -3.92715, 
-3.66421, -0.71012, -4.16082, -3.8022, 0, 0, 0, 0, 0, 0, 0, 0, 
0, 0, 0, 0, 0, 0, 0, 0, 0, 0, 0, 0, 0, 0, 0.99614, 0.99544, 0.99678, 
0.99643, 0.99697, 0.99717, 0.99638, 0.99705, 0.99721, 0.99736, 
0.99749, 0.99613, 0.99544, 0.99581, 0.99643, 0.99614, 0.99691, 
0.9959, 0.99682, 0.99657, 0.99634, 0.9971, 0.1216, 0.1301, 0.148, 
0.1788, 0.2176, 0.1994, 0.218, 0.2184, 0.3319, 0.2876, 0.3084, 
63.7, 67.3, 56.9, 87, 61.4, 60, 65.7, 64.7, 63.5, 70, 70, 183, 
52, 1401, 1352, 898, 252, 1677, 772, 272, 1663, 1014, 3, 3, 1, 
3, 2, 6, 5, 1, 7, 1, 2, 100, 100, 100, 100, 100, 100, 100, 100, 
100, 100, 100, 2500, 2500, 2500, 2500, 2500, 2500, 2500, 2500, 
2500, 2500, 2500, 19179.75, 21131.748, 23129.042, 26681.875, 
27946.777, 30908.181, 33757.272, 37873.608, 40724.332, 43059.142, 
46715.931, 1, 1, 1, 1, 1, 1, 1, 1, 1, 1, 1, 0.5, 0.5, 0.5, 0.5, 
0.5, 0.5, 0.5, 0.5, 0.5, 0.5, 0.5, 0, 0, 0, 0, 0, 0, 0, 0, 0, 
0, 0, 0, 0, 0, 0, 0, 0, 0, 0, 0, 0, 0, 0.95556, 0.95889, 0.95687, 
0.95868, 0.95889, 0.96343, 0.96259, 0.96478, 0.96481, 0.96565, 
0.96697, 0.95556, 0.95643, 0.9588, 0.95571, 0.95779, 0.96446, 
0.9638, 0.96637, 0.96459, 0.96524, 0.96794, 0.3352, 0.4113, 0.4708, 
0.558, 0.6043, 0.6871, 0.7673, 0.915, 0.8867, 1.023, 1.114, 513.8, 
562.5, 599.9, 647.4, 684.4, 715.2, 750, 789.3, 824.5, 862.1, 
897.9, 1, 1, 1, 1, 1, 1, 1, 1, 1, 1, 1, 1, 1, 1, 1, 1, 1, 1, 
1, 1, 1, 1, 1, 1, 1, 1, 1, 1, 1, 1, 1, 1, 1, 1, 1, 1, 1, 1, 1, 
1, 1, 1, 1, 1, 6.609, 7.232, 7.723, 8.861, 9.26, 10.076, 10.983, 
12.554, 12.284, 13.754, 14.585), .Dim = c(11L, 40L), .Dimnames = list(
    NULL, c("Sampling", "PSO.cost", "PSO.gamma", "PSO.data.balancing", 
    "PSO.feature.selection", "PSO.valid.acc", "PSO.test.acc", 
    "PSO.train.time", "PSO.n.support.vectors", "PSO.index", "PSO.n.solutions", 
    "PSO.generations", "PSO.n.evaluations", "PSO.cpu.time", "RS.cost", 
    "RS.gamma", "RS.data.balancing", "RS.feature.selection", 
    "RS.valid.acc", "RS.test.acc", "RS.train.time", "RS.n.support.vectors", 
    "RS.index", "RS.n.solutions", "RS.generations", "RS.n.evaluations", 
    "RS.cpu.time", "DF.cost", "DF.gamma", "DF.data.balancing", 
    "DF.feature.selection", "DF.valid.acc", "DF.test.acc", "DF.train.time", 
    "DF.n.support.vectors", "DF.index", "DF.n.solutions", "DF.generations", 
    "DF.n.evaluations", "DF.cpu.time")))
