full <-
structure(c(50, 55, 60, 65, 70, 75, 80, 85, 90, 95, 100, 15, 
14.38254, 14.83938, 14.95098, 15, 15, 15, 14.99784, 15, 15, 14.60051, 
-4.37839, -4.23352, -4.58839, -4.00705, -3.40963, -3.49544, -4.68766, 
-1.44389, -3.17416, 0.84625, -3.42853, 0, 0, 0, 0, 0, 0, 0, 0, 
0, 0, 0, 0, 0, 0, 0, 0, 0, 0, 0, 0, 0, 0, 0.99653, 0.9972, 0.99646, 
0.99673, 0.99697, 0.99743, 0.99662, 0.99727, 0.99657, 0.99736, 
0.99768, 0.99575, 0.99474, 0.99518, 0.99525, 0.99614, 0.99691, 
0.99638, 0.99591, 0.99592, 0.99594, 0.99672, 0.1325, 0.1468, 
0.1605, 0.1701, 0.1992, 0.2056, 0.2227, 0.2592, 0.2862, 0.384, 
0.3119, 49.4, 57.9, 57.8, 56.2, 55.9, 56.8, 71.7, 60.3, 62.9, 
82.3, 71.1, 161, 302, 883, 263, 46, 216, 164, 1838, 137, 189, 
63, 693, 567, 328, 581, 1596, 1436, 547, 2, 822, 339, 1032, 100, 
100, 100, 100, 100, 100, 100, 100, 100, 100, 100, 2500, 2500, 
2500, 2500, 2500, 2500, 2500, 2500, 2500, 2500, 2500, 11696.404, 
12256.459, 12653.033, 12400.909, 12936.079, 12888.023, 13634.412, 
14601.749, 16350.17, 17536.129, 15952.889, 14.88736, 14.6592, 
14.72938, 14.968, 14.3818, 14.6874, 14.27562, 14.05181, 14.88401, 
14.96639, 14.81881, -4.39334, -4.46224, -4.33591, -3.95324, -1.42743, 
-3.41685, -3.56738, -0.33391, -3.17767, 0.97143, -3.73348, 0, 
0, 0, 0, 0, 0, 0, 0, 0, 0, 0, 0, 0, 0, 0, 0, 0, 0, 0, 0, 0, 0, 
0.99614, 0.99684, 0.99614, 0.99673, 0.99697, 0.99743, 0.99638, 
0.99682, 0.99657, 0.99715, 0.99749, 0.99575, 0.99509, 0.99486, 
0.99525, 0.99614, 0.99666, 0.99614, 0.99523, 0.99571, 0.99594, 
0.99711, 0.1304, 0.142, 0.1586, 0.1662, 0.2311, 0.2073, 0.2219, 
0.2806, 0.2747, 0.3689, 0.3142, 50.7, 55.8, 57.3, 55.4, 61.5, 
60.4, 70, 70.3, 63.9, 85.1, 71.8, 681, 2009, 546, 553, 186, 1130, 
40, 97, 317, 826, 738, 1, 1, 2, 1, 5, 1, 3, 2, 3, 10, 2, 100, 
100, 100, 100, 100, 100, 100, 100, 100, 100, 100, 2500, 2500, 
2500, 2500, 2500, 2500, 2500, 2500, 2500, 2500, 2500, 20924.678, 
23137.389, 24052.677, 27552.154, 29132.736, 32042.152, 34781.614, 
40163.479, 44024.898, 45940.324, 48491.706, 1, 1, 1, 1, 1, 1, 
1, 1, 1, 1, 1, 0.5, 0.5, 0.5, 0.5, 0.5, 0.5, 0.5, 0.5, 0.5, 0.5, 
0.5, 0, 0, 0, 0, 0, 0, 0, 0, 0, 0, 0, 0, 0, 0, 0, 0, 0, 0, 0, 
0, 0, 0, 0.96369, 0.96277, 0.96458, 0.96374, 0.96275, 0.96396, 
0.96257, 0.96501, 0.96438, 0.96564, 0.96678, 0.96098, 0.96382, 
0.96426, 0.96374, 0.96275, 0.96344, 0.96305, 0.9641, 0.96395, 
0.96645, 0.96639, 0.366, 0.4451, 0.4666, 0.5726, 0.5983, 0.7017, 
0.7906, 0.8498, 0.9965, 1.0727, 1.0961, 543.6, 579.6, 613.6, 
650.1, 691.2, 723.1, 763, 796.2, 832.8, 868.2, 897.3, 1, 1, 1, 
1, 1, 1, 1, 1, 1, 1, 1, 1, 1, 1, 1, 1, 1, 1, 1, 1, 1, 1, 1, 1, 
1, 1, 1, 1, 1, 1, 1, 1, 1, 1, 1, 1, 1, 1, 1, 1, 1, 1, 1, 1, 7.1, 
8.091, 8.166, 9.319, 9.358, 10.523, 11.621, 12.55, 14.032, 14.751, 
14.772), .Dim = c(11L, 40L), .Dimnames = list(NULL, c("Sampling", 
"PSO.cost", "PSO.gamma", "PSO.data.balancing", "PSO.feature.selection", 
"PSO.valid.acc", "PSO.test.acc", "PSO.train.time", "PSO.n.support.vectors", 
"PSO.index", "PSO.n.solutions", "PSO.generations", "PSO.n.evaluations", 
"PSO.cpu.time", "RS.cost", "RS.gamma", "RS.data.balancing", "RS.feature.selection", 
"RS.valid.acc", "RS.test.acc", "RS.train.time", "RS.n.support.vectors", 
"RS.index", "RS.n.solutions", "RS.generations", "RS.n.evaluations", 
"RS.cpu.time", "DF.cost", "DF.gamma", "DF.data.balancing", "DF.feature.selection", 
"DF.valid.acc", "DF.test.acc", "DF.train.time", "DF.n.support.vectors", 
"DF.index", "DF.n.solutions", "DF.generations", "DF.n.evaluations", 
"DF.cpu.time")))
