full <-
structure(c(50, 55, 60, 65, 70, 75, 80, 85, 90, 95, 100, 15, 
15, 15, 15, 14.43923, 14.97794, 15, 15, 13.97873, 14.71998, 15, 
-6.55073, -3.05517, -3.37613, -2.25814, 0.66629, -3.05828, -3.16492, 
-3.73397, -2.60233, 0.78401, -3.63576, 0, 0, 0, 0, 0, 0, 0, 0, 
0, 0, 0, 0, 0, 0, 0, 0, 0, 0, 0, 0, 0, 0, 0.99574, 0.99649, 0.99678, 
0.99643, 0.99724, 0.99691, 0.9971, 0.9975, 0.99764, 0.99695, 
0.99653, 0.99459, 0.99474, 0.99581, 0.99554, 0.9953, 0.99613, 
0.99686, 0.99704, 0.99657, 0.99614, 0.99672, 0.138, 0.1319, 0.1551, 
0.177, 0.2408, 0.1988, 0.2026, 0.2329, 0.2525, 0.413, 0.2933, 
68, 47.1, 49.3, 50.9, 75.7, 55, 56.5, 61.9, 70.1, 83.2, 67, 163, 
407, 255, 282, 133, 435, 152, 1104, 355, 773, 98, 2, 928, 663, 
180, 263, 29, 173, 7, 433, 786, 1071, 100, 100, 100, 100, 100, 
100, 100, 100, 100, 100, 100, 2500, 2500, 2500, 2500, 2500, 2500, 
2500, 2500, 2500, 2500, 2500, 10088.01, 10500.048, 11430.922, 
11790.564, 13418.884, 11679.817, 12052.645, 12952.812, 13855.825, 
18266.011, 14803.398, 14.82677, 14.85327, 13.29544, 14.56699, 
13.37623, 14.78027, 14.9008, 14.41909, 14.98466, 14.92368, 14.83013, 
-6.61729, -3.47344, -1.68077, -1.48927, 0.79733, -4.25349, -3.41846, 
-4.14655, -3.41683, 0.95161, -3.54957, 0, 0, 0, 0, 0, 0, 0, 0, 
0, 0, 0, 0, 0, 0, 0, 0, 0, 0, 0, 0, 0, 0, 0.99536, 0.99579, 0.99646, 
0.99614, 0.99724, 0.99639, 0.99686, 0.99659, 0.99764, 0.99675, 
0.99633, 0.99343, 0.99509, 0.99517, 0.99495, 0.9953, 0.99588, 
0.99638, 0.99591, 0.997, 0.99553, 0.99653, 0.1289, 0.1417, 0.1661, 
0.1854, 0.2241, 0.1993, 0.2109, 0.2371, 0.2688, 0.4764, 0.2904, 
71.6, 48.1, 58.4, 56.3, 83.6, 64.8, 58.6, 74.2, 62, 85, 68.5, 
607, 2404, 1426, 655, 1111, 398, 1163, 1194, 125, 703, 1, 2, 
1, 1, 2, 2, 3, 1, 6, 2, 1, 1, 100, 100, 100, 100, 100, 100, 100, 
100, 100, 100, 100, 2500, 2500, 2500, 2500, 2500, 2500, 2500, 
2500, 2500, 2500, 2500, 16847.005, 19932.079, 21604.014, 23599.37, 
25220.024, 27043.302, 29779.679, 33426.266, 36942.74, 39068.982, 
42360.25, 1, 1, 1, 1, 1, 1, 1, 1, 1, 1, 1, 0.5, 0.5, 0.5, 0.5, 
0.5, 0.5, 0.5, 0.5, 0.5, 0.5, 0.5, 0, 0, 0, 0, 0, 0, 0, 0, 0, 
0, 0, 0, 0, 0, 0, 0, 0, 0, 0, 0, 0, 0, 0.96175, 0.96417, 0.96329, 
0.96196, 0.96302, 0.96522, 0.96282, 0.96523, 0.96545, 0.96646, 
0.96561, 0.96562, 0.96522, 0.96264, 0.96196, 0.9633, 0.96368, 
0.96306, 0.96501, 0.96438, 0.96564, 0.96581, 0.2909, 0.3531, 
0.4127, 0.4742, 0.5304, 0.5885, 0.6575, 0.7514, 0.7934, 0.8757, 
0.9628, 544, 578.7, 625.3, 670.4, 702.8, 730.6, 768.5, 808.6, 
837, 865, 897, 1, 1, 1, 1, 1, 1, 1, 1, 1, 1, 1, 1, 1, 1, 1, 1, 
1, 1, 1, 1, 1, 1, 1, 1, 1, 1, 1, 1, 1, 1, 1, 1, 1, 1, 1, 1, 1, 
1, 1, 1, 1, 1, 1, 1, 5.645, 6.709, 7.309, 7.964, 8.337, 8.928, 
9.653, 10.982, 11.347, 12.112, 13.13), .Dim = c(11L, 40L), .Dimnames = list(
    NULL, c("Sampling", "PSO.cost", "PSO.gamma", "PSO.data.balancing", 
    "PSO.feature.selection", "PSO.valid.acc", "PSO.test.acc", 
    "PSO.train.time", "PSO.n.support.vectors", "PSO.index", "PSO.n.solutions", 
    "PSO.generations", "PSO.n.evaluations", "PSO.cpu.time", "RS.cost", 
    "RS.gamma", "RS.data.balancing", "RS.feature.selection", 
    "RS.valid.acc", "RS.test.acc", "RS.train.time", "RS.n.support.vectors", 
    "RS.index", "RS.n.solutions", "RS.generations", "RS.n.evaluations", 
    "RS.cpu.time", "DF.cost", "DF.gamma", "DF.data.balancing", 
    "DF.feature.selection", "DF.valid.acc", "DF.test.acc", "DF.train.time", 
    "DF.n.support.vectors", "DF.index", "DF.n.solutions", "DF.generations", 
    "DF.n.evaluations", "DF.cpu.time")))
