full <-
structure(c(50, 55, 60, 65, 70, 75, 80, 85, 90, 95, 100, 15, 
15, 15, 15, 12.98356, 15, 14.86538, 15, 14.61246, 14.25236, 15, 
-3.11609, 0.3908, 0.19853, -3.55388, -0.09272, 0.07019, 0.70177, 
0.62569, 0.39789, 1.02118, 0.21155, 0, 0, 0, 0, 0, 0, 0, 0, 0, 
0, 0, 0, 0, 0, 0, 0, 0, 0, 0, 0, 0, 0, 0.99381, 0.99403, 0.99549, 
0.99614, 0.99614, 0.99717, 0.99735, 0.99659, 0.99743, 0.99715, 
0.99749, 0.99188, 0.99367, 0.99484, 0.99495, 0.99476, 0.99639, 
0.99638, 0.99614, 0.99635, 0.99695, 0.99672, 0.1268, 0.1812, 
0.2039, 0.1765, 0.1956, 0.261, 0.272, 0.332, 0.3019, 0.3513, 
0.4618, 48.7, 69.2, 71, 53.8, 77.1, 73.1, 79.8, 79.1, 76.9, 86.7, 
75.8, 193, 358, 126, 129, 248, 320, 276, 195, 321, 401, 80, 1235, 
1007, 1181, 1151, 806, 480, 180, 1020, 515, 740, 461, 100, 100, 
100, 100, 100, 100, 100, 100, 100, 100, 100, 2500, 2500, 2500, 
2500, 2500, 2500, 2500, 2500, 2500, 2500, 2500, 11041.597, 15882.471, 
16100.257, 12066.749, 13151.655, 14451.375, 14687.255, 17783.175, 
15748.571, 20650.76, 22169.297, 14.62934, 14.97343, 14.07022, 
14.98464, 12.54597, 14.78606, 14.95037, 14.98747, 14.60481, 14.45923, 
14.88319, 0.24185, 0.35083, 1.14029, -3.24077, 0.03837, -0.52737, 
0.81401, -0.06117, 0.35511, 0.90824, 0.87132, 0, 0, 0, 0, 0, 
0, 0, 0, 0, 0, 0, 0, 0, 0, 0, 0, 0, 0, 0, 0, 0, 0, 0.99381, 0.99368, 
0.99485, 0.99584, 0.99586, 0.99691, 0.99686, 0.99637, 0.99743, 
0.99715, 0.9971, 0.99265, 0.99367, 0.99388, 0.99495, 0.99448, 
0.99537, 0.99638, 0.99659, 0.99614, 0.99695, 0.99672, 0.144, 
0.1736, 0.2066, 0.1652, 0.1982, 0.2319, 0.2727, 0.2902, 0.1953, 
0.3344, 0.3963, 67, 68.5, 89.1, 52.3, 81.7, 62.7, 82.8, 72.4, 
76.5, 84.2, 83.8, 326, 782, 439, 2370, 766, 54, 1615, 1886, 86, 
1757, 2148, 2, 1, 2, 1, 3, 1, 5, 2, 1, 1, 2, 100, 100, 100, 100, 
100, 100, 100, 100, 100, 100, 100, 2500, 2500, 2500, 2500, 2500, 
2500, 2500, 2500, 2500, 2500, 2500, 19124.212, 26261.589, 24551.35, 
26499.12, 29195.994, 33145.91, 35617.038, 39252.598, 39307.596, 
47605.982, 50837.817, 1, 1, 1, 1, 1, 1, 1, 1, 1, 1, 1, 0.5, 0.5, 
0.5, 0.5, 0.5, 0.5, 0.5, 0.5, 0.5, 0.5, 0.5, 0, 0, 0, 0, 0, 0, 
0, 0, 0, 0, 0, 0, 0, 0, 0, 0, 0, 0, 0, 0, 0, 0, 0.95634, 0.95748, 
0.96071, 0.95958, 0.96247, 0.9624, 0.96234, 0.96637, 0.96652, 
0.96564, 0.96755, 0.95595, 0.95678, 0.95942, 0.96048, 0.96137, 
0.96394, 0.96258, 0.96546, 0.96717, 0.96564, 0.96677, 0.3644, 
0.4142, 0.4894, 0.5439, 0.6054, 0.6407, 0.7723, 0.8581, 0.9371, 
1.0367, 1.1307, 527.3, 561.1, 607.6, 646.1, 670.6, 719.3, 746.4, 
787.6, 819.6, 859.8, 897.2, 1, 1, 1, 1, 1, 1, 1, 1, 1, 1, 1, 
1, 1, 1, 1, 1, 1, 1, 1, 1, 1, 1, 1, 1, 1, 1, 1, 1, 1, 1, 1, 1, 
1, 1, 1, 1, 1, 1, 1, 1, 1, 1, 1, 1, 6.94, 9.286, 8.295, 8.951, 
9.582, 9.759, 11.604, 12.44, 14.596, 15.872, 15.641), .Dim = c(11L, 
40L), .Dimnames = list(NULL, c("Sampling", "PSO.cost", "PSO.gamma", 
"PSO.data.balancing", "PSO.feature.selection", "PSO.valid.acc", 
"PSO.test.acc", "PSO.train.time", "PSO.n.support.vectors", "PSO.index", 
"PSO.n.solutions", "PSO.generations", "PSO.n.evaluations", "PSO.cpu.time", 
"RS.cost", "RS.gamma", "RS.data.balancing", "RS.feature.selection", 
"RS.valid.acc", "RS.test.acc", "RS.train.time", "RS.n.support.vectors", 
"RS.index", "RS.n.solutions", "RS.generations", "RS.n.evaluations", 
"RS.cpu.time", "DF.cost", "DF.gamma", "DF.data.balancing", "DF.feature.selection", 
"DF.valid.acc", "DF.test.acc", "DF.train.time", "DF.n.support.vectors", 
"DF.index", "DF.n.solutions", "DF.generations", "DF.n.evaluations", 
"DF.cpu.time")))
