full <-
structure(c(50, 55, 60, 65, 70, 75, 80, 85, 90, 95, 100, 15, 
13.37878, 14.31945, 14.94436, 14.99537, 15, 14.93151, 15, 15, 
15, 14.99887, -2.94728, -0.91552, -0.52969, -3.44926, -1.60219, 
-6.1545, -1.40963, -1.70248, -0.0878, 0.24927, -4.07481, 0, 0, 
0, 0, 0, 0, 0, 0, 0, 0, 0, 0, 0, 0, 0, 0, 0, 0, 0, 0, 0, 0, 0.99807, 
0.99754, 0.99839, 0.99673, 0.9978, 0.99742, 0.99782, 0.99773, 
0.99807, 0.99756, 0.99749, 0.99807, 0.99719, 0.99613, 0.99673, 
0.99641, 0.99691, 0.99662, 0.99682, 0.99721, 0.99695, 0.99652, 
0.1358, 0.1404, 0.1751, 0.184, 0.2203, 0.2155, 0.2606, 0.2537, 
0.3419, 0.4092, 0.3072, 41.8, 56.2, 59.2, 47.6, 54.1, 82.2, 59, 
57.6, 71.9, 73.5, 73.3, 298, 796, 363, 110, 878, 218, 127, 94, 
145, 208, 158, 1170, 527, 166, 1505, 41, 553, 1215, 524, 1453, 
1111, 55, 100, 100, 100, 100, 100, 100, 100, 100, 100, 100, 100, 
2500, 2500, 2500, 2500, 2500, 2500, 2500, 2500, 2500, 2500, 2500, 
10919.352, 11044.193, 14795.13, 14670.798, 16355.859, 16034.092, 
17019.942, 16138.301, 18440.84, 19527.613, 18741.369, 14.95689, 
12.91835, 14.60429, 14.90781, 14.99464, 13.54806, 14.77084, 14.26211, 
14.72024, 14.93534, 14.95124, -2.86297, -1.24224, -1.58352, -3.69076, 
0.23289, -4.65659, -1.31845, -1.9355, -0.05129, 0.13333, -4.04321, 
0, 0, 0, 0, 0, 0, 0, 0, 0, 0, 0, 0, 0, 0, 0, 0, 0, 0, 0, 0, 0, 
0, 0.99769, 0.99754, 0.99807, 0.99673, 0.99752, 0.99742, 0.99758, 
0.99773, 0.99807, 0.99736, 0.9973, 0.99768, 0.99719, 0.99677, 
0.99673, 0.99697, 0.99639, 0.99637, 0.99682, 0.99743, 0.99756, 
0.99652, 0.1211, 0.14, 0.1671, 0.1857, 0.2729, 0.2185, 0.255, 
0.219, 0.3367, 0.4098, 0.3064, 41.2, 58.5, 49.4, 50.2, 70.5, 
84.9, 59.6, 59.4, 73.4, 72.9, 73.3, 1107, 53, 177, 840, 1082, 
2268, 2304, 88, 434, 1653, 1714, 1, 5, 1, 2, 1, 1, 7, 2, 1, 2, 
1, 100, 100, 100, 100, 100, 100, 100, 100, 100, 100, 100, 2500, 
2500, 2500, 2500, 2500, 2500, 2500, 2500, 2500, 2500, 2500, 19972.073, 
23532.195, 27628.209, 30539.989, 32601.655, 35898.192, 37667.471, 
40399.342, 42874.97, 46560.569, 51332.0819999999, 1, 1, 1, 1, 
1, 1, 1, 1, 1, 1, 1, 0.5, 0.5, 0.5, 0.5, 0.5, 0.5, 0.5, 0.5, 
0.5, 0.5, 0.5, 0, 0, 0, 0, 0, 0, 0, 0, 0, 0, 0, 0, 0, 0, 0, 0, 
0, 0, 0, 0, 0, 0, 0.95749, 0.96311, 0.96265, 0.96434, 0.96385, 
0.96447, 0.96474, 0.96568, 0.96717, 0.96686, 0.96697, 0.9575, 
0.96241, 0.96103, 0.96403, 0.9644, 0.96498, 0.96546, 0.96546, 
0.9661, 0.96666, 0.96697, 0.3745, 0.4173, 0.4978, 0.5667, 0.6745, 
0.7497, 0.8046, 0.8894, 0.9441, 1.0685, 1.1624, 557.2, 596.4, 
627.1, 663.2, 696, 730.4, 761.2, 795.7, 833.3, 862.5, 897.8, 
1, 1, 1, 1, 1, 1, 1, 1, 1, 1, 1, 1, 1, 1, 1, 1, 1, 1, 1, 1, 1, 
1, 1, 1, 1, 1, 1, 1, 1, 1, 1, 1, 1, 1, 1, 1, 1, 1, 1, 1, 1, 1, 
1, 1, 7.006, 8.325, 9.258, 10.13, 11.415, 12.253, 12.546, 13.247, 
13.958, 15.691, 16.895), .Dim = c(11L, 40L), .Dimnames = list(
    NULL, c("Sampling", "PSO.cost", "PSO.gamma", "PSO.data.balancing", 
    "PSO.feature.selection", "PSO.valid.acc", "PSO.test.acc", 
    "PSO.train.time", "PSO.n.support.vectors", "PSO.index", "PSO.n.solutions", 
    "PSO.generations", "PSO.n.evaluations", "PSO.cpu.time", "RS.cost", 
    "RS.gamma", "RS.data.balancing", "RS.feature.selection", 
    "RS.valid.acc", "RS.test.acc", "RS.train.time", "RS.n.support.vectors", 
    "RS.index", "RS.n.solutions", "RS.generations", "RS.n.evaluations", 
    "RS.cpu.time", "DF.cost", "DF.gamma", "DF.data.balancing", 
    "DF.feature.selection", "DF.valid.acc", "DF.test.acc", "DF.train.time", 
    "DF.n.support.vectors", "DF.index", "DF.n.solutions", "DF.generations", 
    "DF.n.evaluations", "DF.cpu.time")))
