full <-
structure(c(50, 55, 60, 65, 70, 75, 80, 85, 90, 95, 100, 13.70569, 
14.81778, 15, 14.9143, 15, 15, 15, 15, 15, 14.97492, 15, -4.00424, 
-4.5225, -3.6508, -3.76905, -3.76182, -4.39028, -1.14917, -1.0823, 
0.19694, -0.08693, 0.87775, 0, 0, 0, 0, 0, 0, 0, 0, 0, 0, 0, 
0, 0, 0, 0, 0, 0, 0, 0, 0, 0, 0, 0.99729, 0.99684, 0.99679, 0.99762, 
0.99752, 0.99717, 0.9971, 0.99682, 0.99743, 0.99695, 0.99749, 
0.99575, 0.99543, 0.99646, 0.99643, 0.99724, 0.99511, 0.9959, 
0.99727, 0.99721, 0.99675, 0.99672, 0.1273, 0.1391, 0.1495, 0.1577, 
0.1859, 0.1905, 0.2524, 0.2741, 0.4262, 0.3771, 0.4621, 56.5, 
50.2, 47.9, 50.9, 54.9, 61, 58.6, 59.6, 73.1, 74.6, 83.8, 249, 
87, 204, 183, 54, 195, 228, 234, 275, 628, 168, 245, 317, 285, 
1102, 876, 901, 675, 337, 164, 316, 1272, 100, 100, 100, 100, 
100, 100, 100, 100, 100, 100, 100, 2500, 2500, 2500, 2500, 2500, 
2500, 2500, 2500, 2500, 2500, 2500, 10660.944, 11065.875, 11174.55, 
11561.29, 11936.124, 12244.577, 13765.632, 14008.657, 16910.861, 
17159.823, 18653.081, 13.43968, 14.8356, 14.94088, 14.36279, 
14.67009, 14.81634, 14.73274, 13.23208, 14.80676, 14.96829, 14.48093, 
-4.08292, -4.49597, -4.98088, -2.91038, -3.26873, -4.16387, -0.63183, 
-2.76321, 0.76279, -0.13052, 1.12855, 0, 0, 0, 0, 0, 0, 0, 0, 
0, 0, 0, 0, 0, 0, 0, 0, 0, 0, 0, 0, 0, 0, 0.99691, 0.99684, 0.99678, 
0.99703, 0.99752, 0.99691, 0.99638, 0.99682, 0.99721, 0.99675, 
0.99749, 0.99575, 0.99508, 0.99711, 0.99643, 0.99669, 0.99511, 
0.99589, 0.99546, 0.99764, 0.99675, 0.99672, 0.1317, 0.1386, 
0.1608, 0.1564, 0.1818, 0.1871, 0.2798, 0.2308, 0.4189, 0.4336, 
0.4808, 59.1, 50.2, 59.4, 51.1, 54.8, 61.5, 62.8, 79.1, 81.9, 
73.9, 90.5, 20, 842, 2339, 12, 120, 1645, 796, 605, 28, 455, 
530, 14, 6, 1, 7, 5, 1, 5, 1, 4, 1, 2, 100, 100, 100, 100, 100, 
100, 100, 100, 100, 100, 100, 2500, 2500, 2500, 2500, 2500, 2500, 
2500, 2500, 2500, 2500, 2500, 19491.48, 22067.182, 24122.069, 
25934.237, 28521.522, 30969.24, 32971.449, 36440.648, 39742.619, 
41989.861, 45401.73, 1, 1, 1, 1, 1, 1, 1, 1, 1, 1, 1, 0.5, 0.5, 
0.5, 0.5, 0.5, 0.5, 0.5, 0.5, 0.5, 0.5, 0.5, 0, 0, 0, 0, 0, 0, 
0, 0, 0, 0, 0, 0, 0, 0, 0, 0, 0, 0, 0, 0, 0, 0, 0.96058, 0.96381, 
0.96523, 0.96315, 0.96275, 0.96523, 0.96597, 0.96682, 0.96652, 
0.96666, 0.966, 0.96212, 0.96206, 0.96491, 0.96404, 0.96524, 
0.96677, 0.965, 0.96614, 0.9676, 0.96564, 0.966, 0.3665, 0.4223, 
0.4982, 0.5631, 0.6095, 0.6632, 0.7452, 0.8263, 0.9319, 1.0224, 
1.0983, 545.9, 579.4, 624.5, 656, 701.5, 737.2, 769.9, 801.4, 
834.7, 868.6, 897.1, 1, 1, 1, 1, 1, 1, 1, 1, 1, 1, 1, 1, 1, 1, 
1, 1, 1, 1, 1, 1, 1, 1, 1, 1, 1, 1, 1, 1, 1, 1, 1, 1, 1, 1, 1, 
1, 1, 1, 1, 1, 1, 1, 1, 1, 7.037, 7.503, 8.281, 8.934, 9.35, 
9.834, 10.862, 11.674, 12.834, 13.803, 14.676), .Dim = c(11L, 
40L), .Dimnames = list(NULL, c("Sampling", "PSO.cost", "PSO.gamma", 
"PSO.data.balancing", "PSO.feature.selection", "PSO.valid.acc", 
"PSO.test.acc", "PSO.train.time", "PSO.n.support.vectors", "PSO.index", 
"PSO.n.solutions", "PSO.generations", "PSO.n.evaluations", "PSO.cpu.time", 
"RS.cost", "RS.gamma", "RS.data.balancing", "RS.feature.selection", 
"RS.valid.acc", "RS.test.acc", "RS.train.time", "RS.n.support.vectors", 
"RS.index", "RS.n.solutions", "RS.generations", "RS.n.evaluations", 
"RS.cpu.time", "DF.cost", "DF.gamma", "DF.data.balancing", "DF.feature.selection", 
"DF.valid.acc", "DF.test.acc", "DF.train.time", "DF.n.support.vectors", 
"DF.index", "DF.n.solutions", "DF.generations", "DF.n.evaluations", 
"DF.cpu.time")))
