full <-
structure(c(50, 55, 60, 65, 70, 75, 80, 85, 90, 95, 100, 15, 
14.98909, 13.6111, 14.40849, 14.77778, 14.73803, 15, 14.7835, 
15, 14.86131, 14.48172, -2.18032, -4.72197, -1.70097, -3.04792, 
-5.28702, -6.01709, -6.36869, 0.76473, -3.66359, 0.02056, -0.22004, 
0, 0, 0, 0, 0, 0, 0, 0, 0, 0, 0, 0, 0, 0, 0, 0, 0, 0, 0, 0, 0, 
0, 0.99575, 0.99684, 0.99646, 0.99673, 0.99779, 0.99614, 0.99614, 
0.9975, 0.99678, 0.99756, 0.9971, 0.99458, 0.99649, 0.99517, 
0.99584, 0.99586, 0.99459, 0.99541, 0.99614, 0.99657, 0.99614, 
0.9973, 0.1335, 0.1474, 0.1516, 0.1644, 0.1763, 0.2032, 0.241, 
0.3965, 0.2596, 0.3743, 0.3655, 46.4, 52.2, 56.6, 55.1, 69.1, 
86.6, 94.9, 83.8, 63.1, 75.7, 73.2, 153, 510, 102, 468, 239, 
2207, 300, 316, 74, 576, 230, 1179, 332, 536, 486, 666, 1, 31, 
904, 898, 128, 529, 100, 100, 100, 100, 100, 100, 100, 100, 100, 
100, 100, 2500, 2500, 2500, 2500, 2500, 2500, 2500, 2500, 2500, 
2500, 2500, 10073.898, 10243.941, 10449.812, 10836.938, 11418.174, 
12177.103, 16369.62, 19796.845, 17150.736, 20228.344, 19738.926, 
13.37333, 14.85785, 13.71447, 14.77745, 14.27163, 14.94111, 14.85688, 
14.87452, 14.99999, 14.77753, 14.34448, -1.71611, -3.89965, -1.01173, 
-3.13325, -4.85075, -5.80691, -5.11034, 0.89931, -3.70966, 0.01033, 
-0.55947, 0, 0, 0, 0, 0, 0, 0, 0, 0, 0, 0, 0, 0, 0, 0, 0, 0, 
0, 0, 0, 0, 0, 0.99575, 0.99649, 0.99646, 0.99643, 0.99724, 0.99562, 
0.99541, 0.99727, 0.99657, 0.99736, 0.99691, 0.9942, 0.99613, 
0.99549, 0.99584, 0.99586, 0.99485, 0.99565, 0.99591, 0.99635, 
0.99593, 0.9971, 0.1279, 0.1357, 0.1611, 0.1552, 0.1705, 0.199, 
0.2282, 0.3962, 0.2575, 0.3678, 0.3642, 56.1, 50.5, 59.4, 50.7, 
71, 80.6, 76.6, 85.1, 63.5, 75.5, 70.6, 14, 2084, 1254, 599, 
1105, 376, 81, 835, 328, 2298, 206, 2, 1, 3, 2, 3, 8, 5, 2, 1, 
1, 4, 100, 100, 100, 100, 100, 100, 100, 100, 100, 100, 100, 
2500, 2500, 2500, 2500, 2500, 2500, 2500, 2500, 2500, 2500, 2500, 
17768.053, 20296.112, 22516.416, 26104.408, 28802.198, 31103.521, 
37502.293, 41606.666, 44857.029, 47406.981, 50386.847, 1, 1, 
1, 1, 1, 1, 1, 1, 1, 1, 1, 0.5, 0.5, 0.5, 0.5, 0.5, 0.5, 0.5, 
0.5, 0.5, 0.5, 0.5, 0, 0, 0, 0, 0, 0, 0, 0, 0, 0, 0, 0, 0, 0, 
0, 0, 0, 0, 0, 0, 0, 0, 0.94861, 0.95327, 0.95783, 0.95633, 0.96081, 
0.96317, 0.96234, 0.96614, 0.96502, 0.96706, 0.96735, 0.94861, 
0.95222, 0.95621, 0.95841, 0.96053, 0.96239, 0.96475, 0.96569, 
0.96609, 0.96727, 0.96735, 0.3232, 0.3771, 0.4479, 0.5588, 0.6222, 
0.7063, 0.813, 0.8907, 0.9817, 1.054, 1.165, 555.8, 589, 627.9, 
657.1, 691.4, 724.2, 761.8, 797, 829.5, 857, 898.4, 1, 1, 1, 
1, 1, 1, 1, 1, 1, 1, 1, 1, 1, 1, 1, 1, 1, 1, 1, 1, 1, 1, 1, 1, 
1, 1, 1, 1, 1, 1, 1, 1, 1, 1, 1, 1, 1, 1, 1, 1, 1, 1, 1, 1, 6.087, 
6.609, 7.349, 8.783, 9.357, 11.57, 12.812, 13.579, 14.626, 15.046, 
16.274), .Dim = c(11L, 40L), .Dimnames = list(NULL, c("Sampling", 
"PSO.cost", "PSO.gamma", "PSO.data.balancing", "PSO.feature.selection", 
"PSO.valid.acc", "PSO.test.acc", "PSO.train.time", "PSO.n.support.vectors", 
"PSO.index", "PSO.n.solutions", "PSO.generations", "PSO.n.evaluations", 
"PSO.cpu.time", "RS.cost", "RS.gamma", "RS.data.balancing", "RS.feature.selection", 
"RS.valid.acc", "RS.test.acc", "RS.train.time", "RS.n.support.vectors", 
"RS.index", "RS.n.solutions", "RS.generations", "RS.n.evaluations", 
"RS.cpu.time", "DF.cost", "DF.gamma", "DF.data.balancing", "DF.feature.selection", 
"DF.valid.acc", "DF.test.acc", "DF.train.time", "DF.n.support.vectors", 
"DF.index", "DF.n.solutions", "DF.generations", "DF.n.evaluations", 
"DF.cpu.time")))
