full <-
structure(c(50, 55, 60, 65, 70, 75, 80, 85, 90, 95, 100, 13.82469, 
14.93066, 15, 15, 15, 14.98298, 14.67031, 14.78469, 15, 15, 15, 
-0.29185, 0.20364, -4.1042, -2.43272, 0.70248, -4.0762, -4.83085, 
-2.14772, 0.01744, -3.18321, 0.35991, 0, 0, 0, 0, 0, 0, 0, 0, 
0, 0, 0, 0, 0, 0, 0, 0, 0, 0, 0, 0, 0, 0, 0.99614, 0.99614, 0.99646, 
0.99643, 0.99669, 0.99768, 0.99686, 0.99682, 0.99721, 0.99776, 
0.9973, 0.99498, 0.99508, 0.99614, 0.99614, 0.99586, 0.99588, 
0.99565, 0.99591, 0.99549, 0.99756, 0.9971, 0.1619, 0.1621, 0.1629, 
0.1895, 0.2353, 0.2267, 0.2511, 0.2514, 0.3732, 0.2867, 0.396, 
60.4, 65.4, 57.2, 51.6, 79.6, 60.8, 77.9, 60.3, 74.8, 62.5, 78, 
368, 858, 104, 125, 287, 1450, 453, 1196, 670, 122, 101, 279, 
64, 916, 1264, 156, 23, 320, 10, 55, 113, 1263, 100, 100, 100, 
100, 100, 100, 100, 100, 100, 100, 100, 2500, 2500, 2500, 2500, 
2500, 2500, 2500, 2500, 2500, 2500, 2500, 10781.424, 10939.871, 
11015.312, 11363.929, 15415.132, 14872.017, 15727.533, 16110.828, 
19150.243, 18397.086, 19965.09, 13.95793, 12.08354, 13.63753, 
13.5063, 14.82039, 14.95429, 14.54742, 14.66942, 14.65106, 14.66639, 
14.94098, -0.44455, -0.8341, -1.12444, -2.30842, 0.72766, -3.98019, 
-4.83339, -2.06157, 0.40651, -3.3301, -3.55221, 0, 0, 0, 0, 0, 
0, 0, 0, 0, 0, 0, 0, 0, 0, 0, 0, 0, 0, 0, 0, 0, 0, 0.99614, 0.99614, 
0.99646, 0.99643, 0.99641, 0.99743, 0.99686, 0.99659, 0.99678, 
0.99736, 0.99691, 0.99614, 0.99508, 0.99646, 0.99584, 0.99558, 
0.99563, 0.99565, 0.99591, 0.99571, 0.99736, 0.99633, 0.158, 
0.1404, 0.1725, 0.1822, 0.2371, 0.2164, 0.2446, 0.2488, 0.408, 
0.285, 0.3029, 58.8, 68.4, 58.6, 64.7, 79.9, 60.3, 79.6, 61, 
80, 66.9, 67.1, 1351, 2254, 869, 1734, 879, 1839, 375, 378, 2210, 
258, 1366, 1, 2, 1, 1, 1, 1, 1, 1, 3, 5, 6, 100, 100, 100, 100, 
100, 100, 100, 100, 100, 100, 100, 2500, 2500, 2500, 2500, 2500, 
2500, 2500, 2500, 2500, 2500, 2500, 19295.66, 21608.963, 23505.401, 
27734.029, 31322.824, 33269.115, 36406.261, 42005.504, 45278.199, 
48484.062, 53332.942, 1, 1, 1, 1, 1, 1, 1, 1, 1, 1, 1, 0.5, 0.5, 
0.5, 0.5, 0.5, 0.5, 0.5, 0.5, 0.5, 0.5, 0.5, 0, 0, 0, 0, 0, 0, 
0, 0, 0, 0, 0, 0, 0, 0, 0, 0, 0, 0, 0, 0, 0, 0, 0.95517, 0.95679, 
0.95718, 0.95957, 0.96164, 0.96472, 0.96379, 0.96251, 0.96374, 
0.96585, 0.96658, 0.95556, 0.95573, 0.95718, 0.95868, 0.96137, 
0.96523, 0.96379, 0.96342, 0.96374, 0.96626, 0.96658, 0.348, 
0.4031, 0.4747, 0.5483, 0.6244, 0.7049, 0.7732, 0.8927, 0.9806, 
1.0647, 1.1646, 519.9, 555.4, 596.8, 630.8, 662.1, 704.3, 737.1, 
776, 822.4, 861.7, 896.3, 1, 1, 1, 1, 1, 1, 1, 1, 1, 1, 1, 1, 
1, 1, 1, 1, 1, 1, 1, 1, 1, 1, 1, 1, 1, 1, 1, 1, 1, 1, 1, 1, 1, 
1, 1, 1, 1, 1, 1, 1, 1, 1, 1, 1, 6.448, 6.947, 7.751, 9.581, 
10.488, 11.18, 11.97, 13.818, 14.613, 15.518, 16.282), .Dim = c(11L, 
40L), .Dimnames = list(NULL, c("Sampling", "PSO.cost", "PSO.gamma", 
"PSO.data.balancing", "PSO.feature.selection", "PSO.valid.acc", 
"PSO.test.acc", "PSO.train.time", "PSO.n.support.vectors", "PSO.index", 
"PSO.n.solutions", "PSO.generations", "PSO.n.evaluations", "PSO.cpu.time", 
"RS.cost", "RS.gamma", "RS.data.balancing", "RS.feature.selection", 
"RS.valid.acc", "RS.test.acc", "RS.train.time", "RS.n.support.vectors", 
"RS.index", "RS.n.solutions", "RS.generations", "RS.n.evaluations", 
"RS.cpu.time", "DF.cost", "DF.gamma", "DF.data.balancing", "DF.feature.selection", 
"DF.valid.acc", "DF.test.acc", "DF.train.time", "DF.n.support.vectors", 
"DF.index", "DF.n.solutions", "DF.generations", "DF.n.evaluations", 
"DF.cpu.time")))
