full <-
structure(c(50, 55, 60, 65, 70, 75, 80, 85, 90, 95, 100, 14.21309, 
14.92588, 14.63577, 14.88906, 15, 14.99739, 14.35634, 15, 14.99772, 
15, 13.08463, -0.4927, -4.21487, -1.53963, -0.25896, -4.32604, 
-1.19113, -3.27574, -3.56488, 0.11671, -0.13268, -0.11455, 0, 
0, 0, 0, 0, 0, 0, 0, 0, 0, 0, 0, 0, 0, 0, 0, 0, 0, 0, 0, 0, 0, 
0.99653, 0.99438, 0.99678, 0.99614, 0.99669, 0.99717, 0.99734, 
0.99705, 0.99764, 0.99797, 0.99691, 0.99421, 0.99298, 0.99646, 
0.99495, 0.99476, 0.99665, 0.99686, 0.99682, 0.99635, 0.99715, 
0.99556, 0.1391, 0.1494, 0.1537, 0.2138, 0.2045, 0.2414, 0.2132, 
0.2368, 0.3366, 0.3967, 0.3316, 61.2, 55.3, 54.3, 62.6, 62.1, 
59.2, 64.2, 61, 74.2, 71.9, 82.9, 481, 576, 241, 1600, 131, 159, 
446, 243, 744, 57, 186, 207, 54, 180, 106, 342, 901, 21, 189, 
93, 1148, 478, 100, 100, 100, 100, 100, 100, 100, 100, 100, 100, 
100, 2500, 2500, 2500, 2500, 2500, 2500, 2500, 2500, 2500, 2500, 
2500, 10488.851, 10988.544, 11270.996, 11937.145, 12164.128, 
13260.307, 13160.239, 14105.87, 16040.019, 16632.073, 15267.773, 
14.2049, 14.25389, 14.70942, 14.91828, 13.76628, 14.4451, 14.96926, 
14.72168, 14.9594, 14.96892, 13.24068, -1.32757, -1.07255, -1.53433, 
-0.38038, -0.3406, -2.25167, -1.16336, -3.41863, -4.10113, -0.13709, 
0.27359, 0, 0, 0, 0, 0, 0, 0, 0, 0, 0, 0, 0, 0, 0, 0, 0, 0, 0, 
0, 0, 0, 0, 0.99614, 0.99403, 0.99678, 0.99584, 0.99641, 0.99691, 
0.99686, 0.99682, 0.99721, 0.99797, 0.99671, 0.99498, 0.99263, 
0.99614, 0.99495, 0.99614, 0.99588, 0.99614, 0.99682, 0.99657, 
0.99715, 0.99536, 0.131, 0.1481, 0.1571, 0.1971, 0.1952, 0.1977, 
0.2391, 0.2193, 0.2673, 0.3805, 0.3481, 54.7, 57.1, 54.3, 60.5, 
67.5, 55.8, 60.3, 63.1, 69.6, 71.7, 84.7, 411, 840, 2259, 63, 
243, 120, 505, 2338, 2136, 61, 1640, 5, 8, 1, 15, 3, 7, 3, 6, 
1, 1, 7, 100, 100, 100, 100, 100, 100, 100, 100, 100, 100, 100, 
2500, 2500, 2500, 2500, 2500, 2500, 2500, 2500, 2500, 2500, 2500, 
19699.707, 22376.444, 24001.224, 26819.213, 29142.355, 31746.83, 
34061.456, 37557.209, 39662.415, 41704.477, 47190.215, 1, 1, 
1, 1, 1, 1, 1, 1, 1, 1, 1, 0.5, 0.5, 0.5, 0.5, 0.5, 0.5, 0.5, 
0.5, 0.5, 0.5, 0.5, 0, 0, 0, 0, 0, 0, 0, 0, 0, 0, 0, 0, 0, 0, 
0, 0, 0, 0, 0, 0, 0, 0, 0.9544, 0.9568, 0.95815, 0.95929, 0.9611, 
0.96214, 0.96329, 0.9641, 0.96545, 0.96707, 0.96619, 0.95479, 
0.95681, 0.95815, 0.95929, 0.9611, 0.96266, 0.96257, 0.96546, 
0.96545, 0.96626, 0.96658, 0.3657, 0.4287, 0.492, 0.5672, 0.6375, 
0.7159, 0.817, 0.8717, 0.9602, 1.0303, 1.1025, 556.2, 596.3, 
628.6, 671.6, 714.9, 742.9, 772.4, 808.3, 835.1, 861, 898, 1, 
1, 1, 1, 1, 1, 1, 1, 1, 1, 1, 1, 1, 1, 1, 1, 1, 1, 1, 1, 1, 1, 
1, 1, 1, 1, 1, 1, 1, 1, 1, 1, 1, 1, 1, 1, 1, 1, 1, 1, 1, 1, 1, 
1, 6.789, 7.432, 8.115, 8.906, 9.535, 10.422, 11.686, 12.104, 
13.07, 13.83, 14.626), .Dim = c(11L, 40L), .Dimnames = list(NULL, 
    c("Sampling", "PSO.cost", "PSO.gamma", "PSO.data.balancing", 
    "PSO.feature.selection", "PSO.valid.acc", "PSO.test.acc", 
    "PSO.train.time", "PSO.n.support.vectors", "PSO.index", "PSO.n.solutions", 
    "PSO.generations", "PSO.n.evaluations", "PSO.cpu.time", "RS.cost", 
    "RS.gamma", "RS.data.balancing", "RS.feature.selection", 
    "RS.valid.acc", "RS.test.acc", "RS.train.time", "RS.n.support.vectors", 
    "RS.index", "RS.n.solutions", "RS.generations", "RS.n.evaluations", 
    "RS.cpu.time", "DF.cost", "DF.gamma", "DF.data.balancing", 
    "DF.feature.selection", "DF.valid.acc", "DF.test.acc", "DF.train.time", 
    "DF.n.support.vectors", "DF.index", "DF.n.solutions", "DF.generations", 
    "DF.n.evaluations", "DF.cpu.time")))
