full <-
structure(c(50, 55, 60, 65, 70, 75, 80, 85, 90, 95, 100, 14.68788, 
15, 14.91042, 12.61616, 15, 14.99788, 14.30367, 14.08983, 14.6594, 
15, 15, -2.48004, -2.09857, -6.01345, -1.16927, -4.57127, 0.71133, 
-5.78017, -1.06086, -5.04746, 0.06822, -4.03855, 0, 0, 0, 0, 
0, 0, 0, 0, 0, 0, 0, 0, 0, 0, 0, 0, 0, 0, 0, 0, 0, 0, 0.99575, 
0.99684, 0.9971, 0.99584, 0.99642, 0.9964, 0.99686, 0.99682, 
0.99657, 0.99736, 0.9973, 0.99382, 0.99473, 0.99614, 0.99435, 
0.99559, 0.99563, 0.99662, 0.99591, 0.99635, 0.99614, 0.99652, 
0.1296, 0.15, 0.1607, 0.1773, 0.1795, 0.2411, 0.241, 0.2765, 
0.2635, 0.3883, 0.3348, 48.1, 47.3, 74.5, 70.9, 62.3, 77.8, 98.9, 
64.8, 86.5, 75.5, 71.4, 305, 68, 1288, 829, 55, 207, 320, 423, 
185, 110, 137, 307, 1296, 5, 34, 1008, 698, 225, 483, 834, 1210, 
61, 100, 100, 100, 100, 100, 100, 100, 100, 100, 100, 100, 2500, 
2500, 2500, 2500, 2500, 2500, 2500, 2500, 2500, 2500, 2500, 10187.427, 
10521.843, 10916.063, 11560.899, 11949.276, 13417.604, 13259.144, 
14098.701, 14335.756, 17267.429, 15472.466, 14.15973, 14.38471, 
14.39017, 12.25961, 13.97327, 14.137, 14.12644, 13.12627, 14.87845, 
14.91336, 14.79558, -1.87327, -3.87769, -5.53596, -1.14594, -3.72201, 
-1.75973, -5.78584, -0.95813, -5.10024, 0.05091, -3.69983, 0, 
0, 0, 0, 0, 0, 0, 0, 0, 0, 0, 0, 0, 0, 0, 0, 0, 0, 0, 0, 0, 0, 
0.99575, 0.99649, 0.99677, 0.99554, 0.99642, 0.99562, 0.99686, 
0.99682, 0.99657, 0.99695, 0.9971, 0.99421, 0.99543, 0.99614, 
0.99435, 0.99559, 0.99588, 0.99638, 0.99591, 0.99614, 0.99614, 
0.99672, 0.1292, 0.1479, 0.1545, 0.1699, 0.1781, 0.2002, 0.2458, 
0.2523, 0.2575, 0.3626, 0.2989, 53, 53.9, 75.8, 74.9, 66.2, 58.9, 
103.3, 72.4, 83.7, 75.1, 70.6, 162, 276, 2027, 382, 2336, 225, 
2146, 682, 1478, 837, 1453, 1, 5, 3, 3, 1, 6, 1, 6, 5, 1, 3, 
100, 100, 100, 100, 100, 100, 100, 100, 100, 100, 100, 2500, 
2500, 2500, 2500, 2500, 2500, 2500, 2500, 2500, 2500, 2500, 19341.763, 
21394.776, 23550.698, 26983.297, 29249.413, 32328.604, 36472.508, 
39858.056, 41071.373, 46005.336, 50197.778, 1, 1, 1, 1, 1, 1, 
1, 1, 1, 1, 1, 0.5, 0.5, 0.5, 0.5, 0.5, 0.5, 0.5, 0.5, 0.5, 0.5, 
0.5, 0, 0, 0, 0, 0, 0, 0, 0, 0, 0, 0, 0, 0, 0, 0, 0, 0, 0, 0, 
0, 0, 0, 0.95132, 0.95296, 0.95396, 0.9581, 0.96192, 0.96265, 
0.96331, 0.96637, 0.96631, 0.96564, 0.96658, 0.95287, 0.95295, 
0.95461, 0.95662, 0.96137, 0.96213, 0.96476, 0.96637, 0.9661, 
0.96483, 0.96658, 0.3421, 0.4103, 0.4858, 0.5621, 0.6374, 0.7237, 
0.7813, 0.9065, 1.009, 1.1033, 1.1074, 531.2, 569.1, 614.6, 660.7, 
695.6, 741.5, 771, 800.5, 840.7, 867.6, 897.8, 1, 1, 1, 1, 1, 
1, 1, 1, 1, 1, 1, 1, 1, 1, 1, 1, 1, 1, 1, 1, 1, 1, 1, 1, 1, 1, 
1, 1, 1, 1, 1, 1, 1, 1, 1, 1, 1, 1, 1, 1, 1, 1, 1, 1, 6.307, 
7.032, 7.893, 8.813, 9.651, 10.64, 11.217, 12.548, 13.725, 14.77, 
14.652), .Dim = c(11L, 40L), .Dimnames = list(NULL, c("Sampling", 
"PSO.cost", "PSO.gamma", "PSO.data.balancing", "PSO.feature.selection", 
"PSO.valid.acc", "PSO.test.acc", "PSO.train.time", "PSO.n.support.vectors", 
"PSO.index", "PSO.n.solutions", "PSO.generations", "PSO.n.evaluations", 
"PSO.cpu.time", "RS.cost", "RS.gamma", "RS.data.balancing", "RS.feature.selection", 
"RS.valid.acc", "RS.test.acc", "RS.train.time", "RS.n.support.vectors", 
"RS.index", "RS.n.solutions", "RS.generations", "RS.n.evaluations", 
"RS.cpu.time", "DF.cost", "DF.gamma", "DF.data.balancing", "DF.feature.selection", 
"DF.valid.acc", "DF.test.acc", "DF.train.time", "DF.n.support.vectors", 
"DF.index", "DF.n.solutions", "DF.generations", "DF.n.evaluations", 
"DF.cpu.time")))
