full <-
structure(c(50, 55, 60, 65, 70, 75, 80, 85, 90, 95, 100, 15, 
15, 15, 14.59791, 15, 15, 14.36085, 14.97883, 15, 15, 14.80409, 
-6.80401, -3.4903, -3.77384, -6.56613, -0.73599, -4.28799, -4.48164, 
-7.43254, -3.66853, -5.41731, -0.07996, 0, 0, 0, 0, 0, 0, 0, 
0, 0, 0, 0, 0, 0, 0, 0, 0, 0, 0, 0, 0, 0, 0, 0.99614, 0.99578, 
0.99614, 0.99644, 0.99669, 0.99588, 0.99686, 0.99659, 0.99657, 
0.99756, 0.9973, 0.99498, 0.99473, 0.9955, 0.99465, 0.99641, 
0.99433, 0.9959, 0.99568, 0.99592, 0.99776, 0.99672, 0.1282, 
0.1247, 0.1587, 0.1695, 0.19, 0.2088, 0.2225, 0.2668, 0.2541, 
0.2715, 0.3462, 72.7, 48.3, 51.8, 89.3, 57.1, 60.8, 74.9, 117.1, 
65.3, 86, 74.9, 758, 884, 1220, 370, 190, 784, 379, 1076, 236, 
275, 215, 66, 139, 28, 185, 259, 403, 20, 910, 1041, 1088, 677, 
100, 100, 100, 100, 100, 100, 100, 100, 100, 100, 100, 2500, 
2500, 2500, 2500, 2500, 2500, 2500, 2500, 2500, 2500, 2500, 10434.806, 
10582.488, 10795.76, 11422.995, 12239.724, 12607.753, 12931.351, 
13752.549, 13749.97, 14222.377, 16472.341, 14.33801, 14.82097, 
14.23758, 14.25857, 14.71983, 14.84037, 14.79995, 14.91146, 14.72323, 
14.62078, 14.56938, -6.2653, -6.5698, -4.92562, -6.17346, -0.92388, 
-3.95109, -4.8038, -7.36597, -3.62343, -0.88311, -0.19507, 0, 
0, 0, 0, 0, 0, 0, 0, 0, 0, 0, 0, 0, 0, 0, 0, 0, 0, 0, 0, 0, 0, 
0.99575, 0.99578, 0.99582, 0.99644, 0.99642, 0.99511, 0.99662, 
0.99637, 0.99614, 0.99695, 0.9971, 0.99498, 0.99437, 0.99614, 
0.99465, 0.99614, 0.99459, 0.99638, 0.99523, 0.99571, 0.99634, 
0.99672, 0.1209, 0.1386, 0.1542, 0.1771, 0.1905, 0.2113, 0.2237, 
0.2608, 0.2594, 0.3114, 0.3586, 75.3, 76.3, 70.3, 89.3, 56.9, 
60.4, 73.1, 117.2, 67.7, 64.7, 73.3, 2328, 1590, 420, 1192, 215, 
716, 1358, 1714, 37, 575, 1696, 1, 1, 4, 1, 2, 1, 3, 3, 4, 3, 
1, 100, 100, 100, 100, 100, 100, 100, 100, 100, 100, 100, 2500, 
2500, 2500, 2500, 2500, 2500, 2500, 2500, 2500, 2500, 2500, 19488.186, 
21387.729, 23520.546, 26888.48, 28710.068, 31955.958, 34018.589, 
37064.011, 39597.951, 43264.291, 47343.855, 1, 1, 1, 1, 1, 1, 
1, 1, 1, 1, 1, 0.5, 0.5, 0.5, 0.5, 0.5, 0.5, 0.5, 0.5, 0.5, 0.5, 
0.5, 0, 0, 0, 0, 0, 0, 0, 0, 0, 0, 0, 0, 0, 0, 0, 0, 0, 0, 0, 
0, 0, 0, 0.96097, 0.96347, 0.96428, 0.96375, 0.96247, 0.96086, 
0.96353, 0.96546, 0.96609, 0.96585, 0.96697, 0.96175, 0.96277, 
0.96267, 0.96315, 0.9622, 0.9624, 0.96474, 0.9666, 0.96567, 0.96564, 
0.96678, 0.3555, 0.4271, 0.4863, 0.5579, 0.6518, 0.7082, 0.7809, 
0.8531, 0.9575, 1.0756, 1.1126, 538.1, 577.3, 610.8, 651, 684, 
724.8, 759.6, 786.3, 824.7, 860.9, 897, 1, 1, 1, 1, 1, 1, 1, 
1, 1, 1, 1, 1, 1, 1, 1, 1, 1, 1, 1, 1, 1, 1, 1, 1, 1, 1, 1, 1, 
1, 1, 1, 1, 1, 1, 1, 1, 1, 1, 1, 1, 1, 1, 1, 1, 6.501, 7.255, 
7.989, 8.702, 9.861, 10.394, 11.144, 11.815, 12.936, 14.265, 
14.763), .Dim = c(11L, 40L), .Dimnames = list(NULL, c("Sampling", 
"PSO.cost", "PSO.gamma", "PSO.data.balancing", "PSO.feature.selection", 
"PSO.valid.acc", "PSO.test.acc", "PSO.train.time", "PSO.n.support.vectors", 
"PSO.index", "PSO.n.solutions", "PSO.generations", "PSO.n.evaluations", 
"PSO.cpu.time", "RS.cost", "RS.gamma", "RS.data.balancing", "RS.feature.selection", 
"RS.valid.acc", "RS.test.acc", "RS.train.time", "RS.n.support.vectors", 
"RS.index", "RS.n.solutions", "RS.generations", "RS.n.evaluations", 
"RS.cpu.time", "DF.cost", "DF.gamma", "DF.data.balancing", "DF.feature.selection", 
"DF.valid.acc", "DF.test.acc", "DF.train.time", "DF.n.support.vectors", 
"DF.index", "DF.n.solutions", "DF.generations", "DF.n.evaluations", 
"DF.cpu.time")))
