full <-
structure(c(50, 55, 60, 65, 70, 75, 80, 85, 90, 95, 100, 1, 1, 
1, 1, 2.19574, 14.32289, 12.32428, 1.29701, 8.91527, 14.03455, 
3.94356, 0.25, 0.25, 0.25, 0.25, 2.4883, -1.36451, -0.33484, 
2.55445, -6.56063, -1.36679, 1.92245, 0, 0, 0, 0, 0, 0, 0, 0, 
0, 0, 0, 0, 0, 0, 0, 0, 0, 0, 0, 0, 0, 0, 1, 1, 1, 1, 1, 1, 1, 
1, 1, 1, 1, 1, 1, 1, 1, 1, 1, 0.99907, 1, 1, 1, 1, 0.0246, 0.0267, 
0.0288, 0.032, 0.1252, 0.0286, 0.0386, 0.1675, 0.0349, 0.0395, 
0.1467, 62.6, 63.5, 66.2, 68.6, 343.2, 34.2, 65.1, 383, 13.6, 
36.6, 281.2, 1, 1, 1, 1, 2, 8, 8, 2, 2, 2, 2, 1958, 2049, 1958, 
1975, 1020, 1551, 1722, 1655, 1639, 1972, 1591, 100, 100, 100, 
100, 100, 100, 100, 100, 100, 100, 100, 2500, 2500, 2500, 2500, 
2500, 2500, 2500, 2500, 2500, 2500, 2500, 6818.783, 7032.936, 
6641.489, 7054.553, 7848.128, 7166.883, 6924.14999999999, 7800.671, 
8119.74500000001, 7968.20400000003, 7768.44100000002, 9.70614, 
3.51436, 14.49611, 0.15348, 11.21498, 5.99249, 3.004, 2.26902, 
2.05928, 8.46262, 6.95913, 1.79955, -3.9216, -0.02108, 0.17252, 
2.51955, 1.05738, -1.88927, 2.40298, -2.36641, -5.41422, -0.99071, 
0, 0, 0, 0, 0, 0, 0, 0, 0, 0, 0, 0, 0, 0, 0, 0, 0, 0, 0, 0, 0, 
0, 1, 1, 1, 1, 1, 1, 1, 1, 1, 1, 1, 1, 1, 1, 1, 1, 0.99901, 1, 
1, 1, 1, 0.99925, 0.057, 0.0201, 0.0326, 0.0401, 0.1248, 0.0636, 
0.0289, 0.161, 0.0358, 0.0276, 0.0425, 211.1, 24.8, 77.9, 99.1, 
348.1, 160.2, 33.3, 356.6, 39.3, 11, 43.1, 4, 1, 4, 1, 5, 3, 
1, 5, 1, 4, 1, 732, 946, 1040, 891, 375, 726, 474, 1018, 750, 
998, 932, 100, 100, 100, 100, 100, 100, 100, 100, 100, 100, 100, 
2500, 2500, 2500, 2500, 2500, 2500, 2500, 2500, 2500, 2500, 2500, 
6935.325, 6816.008, 7009.875, 7306.2, 7518.343, 7762.019, 7934.281, 
8249.65199999999, 8468.56000000001, 8768.753, 8747.698, 1, 1, 
1, 1, 1, 1, 1, 1, 1, 1, 1, 0.25, 0.25, 0.25, 0.25, 0.25, 0.25, 
0.25, 0.25, 0.25, 0.25, 0.25, 0, 0, 0, 0, 0, 0, 0, 0, 0, 0, 0, 
0, 0, 0, 0, 0, 0, 0, 0, 0, 0, 0, 1, 1, 1, 1, 0.99892, 0.99901, 
0.99907, 0.99824, 0.99834, 0.99922, 0.99852, 1, 1, 1, 1, 0.99892, 
0.99901, 0.99813, 0.99824, 0.99834, 0.99843, 0.99852, 0.0251, 
0.0248, 0.029, 0.0328, 0.0331, 0.0357, 0.0401, 0.0432, 0.0448, 
0.0488, 0.0497, 62.6, 63.5, 66.2, 68.6, 71.7, 72.8, 73, 77.2, 
76.8, 78.9, 79.8, 1, 1, 1, 1, 1, 1, 1, 1, 1, 1, 1, 1, 1, 1, 1, 
1, 1, 1, 1, 1, 1, 1, 1, 1, 1, 1, 1, 1, 1, 1, 1, 1, 1, 1, 1, 1, 
1, 1, 1, 1, 1, 1, 1, 1, 2.589, 2.45, 2.617, 2.791, 2.647, 2.658, 
2.908, 2.932, 2.906, 3.131, 2.979), .Dim = c(11L, 40L), .Dimnames = list(
    NULL, c("Sampling", "PSO.cost", "PSO.gamma", "PSO.data.balancing", 
    "PSO.feature.selection", "PSO.valid.acc", "PSO.test.acc", 
    "PSO.train.time", "PSO.n.support.vectors", "PSO.index", "PSO.n.solutions", 
    "PSO.generations", "PSO.n.evaluations", "PSO.cpu.time", "RS.cost", 
    "RS.gamma", "RS.data.balancing", "RS.feature.selection", 
    "RS.valid.acc", "RS.test.acc", "RS.train.time", "RS.n.support.vectors", 
    "RS.index", "RS.n.solutions", "RS.generations", "RS.n.evaluations", 
    "RS.cpu.time", "DF.cost", "DF.gamma", "DF.data.balancing", 
    "DF.feature.selection", "DF.valid.acc", "DF.test.acc", "DF.train.time", 
    "DF.n.support.vectors", "DF.index", "DF.n.solutions", "DF.generations", 
    "DF.n.evaluations", "DF.cpu.time")))
