full <-
structure(c(50, 55, 60, 65, 70, 75, 80, 85, 90, 95, 100, 3.25404, 
11.95104, 6.88679, 12.97283, 10.01682, 4.43453, 12.26932, 9.06804, 
6.68349, 11.16816, 2.77189, 0.33333, -1.86109, -3.53324, -1.08207, 
-2.96638, -0.90423, 2.17938, -3.44532, -3.20961, -6.56409, 2.24122, 
0, 0, 0, 0, 0, 0, 0, 0, 0, 0, 0, 0, 0, 0, 0, 0, 0, 0, 0, 0, 0, 
0, 1, 1, 1, 1, 1, 1, 1, 1, 1, 1, 1, 0.99851, 1, 1, 0.99886, 1, 
1, 1, 1, 1, 1, 1, 0.0303, 0.021, 0.02, 0.0278, 0.0217, 0.0335, 
0.1232, 0.026, 0.0274, 0.0342, 0.1707, 93.8, 28.8, 13.2, 42.9, 
12, 48.5, 303.8, 11.1, 12.7, 9.4, 339.9, 2, 5, 3, 2, 5, 3, 3, 
7, 4, 3, 2, 1593, 1618, 1393, 1927, 1731, 1637, 1954, 1601, 1887, 
1752, 1770, 100, 100, 100, 100, 100, 100, 100, 100, 100, 100, 
100, 2500, 2500, 2500, 2500, 2500, 2500, 2500, 2500, 2500, 2500, 
2500, 6509.507, 6679.515, 6735.236, 6895.508, 7143.338, 7153.298, 
7628.875, 7643.39, 7904.496, 8015.37699999998, 8447.02000000002, 
10.96882, 14.53247, 8.5487, 13.77266, 8.6337, -1.04153, 8.00613, 
2.38009, 14.76375, 13.06626, 10.02922, -1.85556, -0.83598, -1.66298, 
-3.2385, 1.68629, 1.29356, -2.25393, 2.02382, -6.65444, -1.91652, 
-3.46613, 0, 0, 0, 0, 0, 0, 0, 0, 0, 0, 0, 0, 0, 0, 0, 0, 0, 
0, 0, 0, 0, 0, 1, 1, 1, 1, 1, 1, 1, 1, 1, 1, 1, 1, 1, 1, 1, 1, 
0.99901, 1, 1, 1, 1, 1, 0.0193, 0.0252, 0.0229, 0.0204, 0.0783, 
0.0762, 0.0275, 0.1231, 0.0329, 0.0327, 0.03, 28.4, 48.3, 32.3, 
12.7, 214.4, 213.7, 22.5, 284.8, 9, 27.1, 10.6, 2, 9, 4, 3, 1, 
1, 2, 7, 2, 1, 2, 560, 509, 587, 550, 846, 714, 936, 632, 969, 
835, 951, 100, 100, 100, 100, 100, 100, 100, 100, 100, 100, 100, 
2500, 2500, 2500, 2500, 2500, 2500, 2500, 2500, 2500, 2500, 2500, 
6793.078, 7039.918, 7415.62, 7628.277, 7814.277, 7948.783, 8120.82799999999, 
8273.85000000001, 8434.44999999998, 8667.20300000001, 8685.05300000001, 
1, 1, 1, 1, 1, 1, 1, 1, 1, 1, 1, 0.25, 0.25, 0.25, 0.25, 0.25, 
0.25, 0.25, 0.25, 0.25, 0.25, 0.25, 0, 0, 0, 0, 0, 0, 0, 0, 0, 
0, 0, 0, 0, 0, 0, 0, 0, 0, 0, 0, 0, 0, 0.99851, 0.99865, 0.99875, 
0.99886, 0.99788, 0.99802, 0.99815, 0.99826, 0.99835, 0.99765, 
0.99852, 0.99851, 0.99865, 0.99875, 1, 0.99788, 0.99802, 0.99815, 
0.99826, 0.99835, 0.99843, 0.99852, 0.0234, 0.025, 0.0282, 0.0308, 
0.0344, 0.0361, 0.038, 0.0403, 0.0434, 0.0455, 0.047, 61.8, 62.4, 
64.6, 66.6, 68.4, 71.5, 73.3, 74.7, 76.1, 76.2, 78.1, 1, 1, 1, 
1, 1, 1, 1, 1, 1, 1, 1, 1, 1, 1, 1, 1, 1, 1, 1, 1, 1, 1, 1, 1, 
1, 1, 1, 1, 1, 1, 1, 1, 1, 1, 1, 1, 1, 1, 1, 1, 1, 1, 1, 1, 2.581, 
2.54, 2.714, 2.825, 2.938, 2.885, 2.863, 2.905, 2.956, 2.979, 
2.889), .Dim = c(11L, 40L), .Dimnames = list(NULL, c("Sampling", 
"PSO.cost", "PSO.gamma", "PSO.data.balancing", "PSO.feature.selection", 
"PSO.valid.acc", "PSO.test.acc", "PSO.train.time", "PSO.n.support.vectors", 
"PSO.index", "PSO.n.solutions", "PSO.generations", "PSO.n.evaluations", 
"PSO.cpu.time", "RS.cost", "RS.gamma", "RS.data.balancing", "RS.feature.selection", 
"RS.valid.acc", "RS.test.acc", "RS.train.time", "RS.n.support.vectors", 
"RS.index", "RS.n.solutions", "RS.generations", "RS.n.evaluations", 
"RS.cpu.time", "DF.cost", "DF.gamma", "DF.data.balancing", "DF.feature.selection", 
"DF.valid.acc", "DF.test.acc", "DF.train.time", "DF.n.support.vectors", 
"DF.index", "DF.n.solutions", "DF.generations", "DF.n.evaluations", 
"DF.cpu.time")))
