full <-
structure(c(50, 55, 60, 65, 70, 75, 80, 85, 90, 95, 100, 3.74913, 
4.05605, 12.42191, -1.09218, 8.64548, 9.03266, -0.85836, 5.37237, 
3.49932, 9.93443, 3.43492, 1.68348, -2.26381, -4.73117, 2.74598, 
-4.73351, -2.36028, 2.2507, -0.4217, -4.02558, -1.74473, -1.40213, 
0, 0, 0, 0, 0, 0, 0, 0, 0, 0, 0, 0, 0, 0, 0, 0, 0, 0, 0, 0, 0, 
0, 1, 1, 1, 1, 1, 1, 1, 1, 1, 1, 1, 1, 1, 1, 0.99886, 1, 1, 1, 
1, 1, 1, 1, 0.0545, 0.0241, 0.0194, 0.1292, 0.0215, 0.0245, 0.1374, 
0.0408, 0.0342, 0.0375, 0.0398, 191.7, 28.6, 8.9, 407.6, 9.9, 
21.3, 347.5, 62.4, 32.9, 31.4, 39.5, 2, 4, 5, 2, 2, 2, 2, 2, 
4, 7, 3, 1807, 1926, 1897, 1978, 2015, 2231, 1855, 1919, 1715, 
1639, 1643, 100, 100, 100, 100, 100, 100, 100, 100, 100, 100, 
100, 2500, 2500, 2500, 2500, 2500, 2500, 2500, 2500, 2500, 2500, 
2500, 7064.905, 6768.561, 6831.035, 7712.219, 7626.078, 7329.11599999999, 
7525.24100000001, 7452.178, 9507.52, 10222.422, 9866.935, 2.15467, 
1.62525, 7.88185, -1.49334, 6.92741, 6.60382, 12.17283, 9.6195, 
10.08695, 6.65196, 14.13126, 0.95664, -1.58961, -1.68076, 2.26878, 
1.01767, 0.75533, -2.64862, -2.3464, -5.18552, -2.31498, -0.68675, 
0, 0, 0, 0, 0, 0, 0, 0, 0, 0, 0, 0, 0, 0, 0, 0, 0, 0, 0, 0, 0, 
0, 1, 1, 1, 1, 1, 1, 1, 1, 1, 1, 1, 1, 1, 1, 1, 1, 1, 1, 1, 1, 
1, 1, 0.0387, 0.0231, 0.0235, 0.1127, 0.0593, 0.0568, 0.026, 
0.0283, 0.0296, 0.0358, 0.043, 136.8, 44.2, 31.8, 368.3, 149.3, 
128.9, 18, 21.4, 9.4, 23.4, 51.6, 6, 1, 3, 1, 3, 3, 5, 1, 2, 
7, 5, 794, 1129, 1021, 1197, 944, 1076, 889, 1113, 1010, 751, 
813, 100, 100, 100, 100, 100, 100, 100, 100, 100, 100, 100, 2500, 
2500, 2500, 2500, 2500, 2500, 2500, 2500, 2500, 2500, 2500, 7040.655, 
7222.028, 7421.157, 7572.45800000001, 7734.976, 7900.08900000001, 
8051.26300000001, 8338.253, 10540.245, 10642.222, 10414.67, 1, 
1, 1, 1, 1, 1, 1, 1, 1, 1, 1, 0.25, 0.25, 0.25, 0.25, 0.25, 0.25, 
0.25, 0.25, 0.25, 0.25, 0.25, 0, 0, 0, 0, 0, 0, 0, 0, 0, 0, 0, 
0, 0, 0, 0, 0, 0, 0, 0, 0, 0, 0, 0.99701, 0.99595, 0.9975, 0.99771, 
0.99788, 0.99802, 0.99815, 0.99825, 0.99835, 0.99844, 0.99851, 
0.99552, 0.99596, 0.99625, 0.99771, 0.99683, 0.99802, 0.99722, 
0.99825, 0.99917, 0.99844, 0.99851, 0.0256, 0.0286, 0.0294, 0.034, 
0.0356, 0.0374, 0.0389, 0.0409, 0.0457, 0.0463, 0.0486, 66.8, 
68.7, 69.8, 73, 74.6, 75.5, 75.6, 75.8, 76.4, 77.5, 78.8, 1, 
1, 1, 1, 1, 1, 1, 1, 1, 1, 1, 1, 1, 1, 1, 1, 1, 1, 1, 1, 1, 1, 
1, 1, 1, 1, 1, 1, 1, 1, 1, 1, 1, 1, 1, 1, 1, 1, 1, 1, 1, 1, 1, 
1, 2.674, 2.683, 2.712, 2.765, 2.797, 2.814, 2.831, 2.857, 3.736, 
3.649, 3.663), .Dim = c(11L, 40L), .Dimnames = list(NULL, c("Sampling", 
"PSO.cost", "PSO.gamma", "PSO.data.balancing", "PSO.feature.selection", 
"PSO.valid.acc", "PSO.test.acc", "PSO.train.time", "PSO.n.support.vectors", 
"PSO.index", "PSO.n.solutions", "PSO.generations", "PSO.n.evaluations", 
"PSO.cpu.time", "RS.cost", "RS.gamma", "RS.data.balancing", "RS.feature.selection", 
"RS.valid.acc", "RS.test.acc", "RS.train.time", "RS.n.support.vectors", 
"RS.index", "RS.n.solutions", "RS.generations", "RS.n.evaluations", 
"RS.cpu.time", "DF.cost", "DF.gamma", "DF.data.balancing", "DF.feature.selection", 
"DF.valid.acc", "DF.test.acc", "DF.train.time", "DF.n.support.vectors", 
"DF.index", "DF.n.solutions", "DF.generations", "DF.n.evaluations", 
"DF.cpu.time")))
