full <-
structure(c(50, 55, 60, 65, 70, 75, 80, 85, 90, 95, 100, 9.41824, 
10.06123, 4.93585, 15, 6.60712, 13.66508, 10.81506, 3.2074, 2.62795, 
3.53477, 8.25054, -4.06121, -4.84149, -3.02891, -7.33008, 1.41633, 
-5.66455, 2.25538, -2.71842, 1.5883, -0.79283, -4.35295, 0, 0, 
0, 0, 0, 0, 0, 0, 0, 0, 0, 0, 0, 0, 0, 0, 0, 0, 0, 0, 0, 0, 1, 
1, 1, 1, 1, 1, 1, 1, 1, 1, 1, 1, 1, 1, 1, 1, 1, 1, 1, 1, 0.99922, 
1, 0.0161, 0.019, 0.0222, 0.0258, 0.0704, 0.0252, 0.1251, 0.0321, 
0.0948, 0.0407, 0.0319, 8.7, 9, 19, 8.7, 185, 9, 312.7, 30.5, 
215.2, 51.9, 11.5, 3, 4, 9, 29, 4, 7, 2, 2, 5, 3, 5, 2043, 2072, 
1220, 1699, 1281, 1720, 1960, 1872, 1649, 1705, 1794, 100, 100, 
100, 100, 100, 100, 100, 100, 100, 100, 100, 2500, 2500, 2500, 
2500, 2500, 2500, 2500, 2500, 2500, 2500, 2500, 6344.858, 6722.119, 
7424.13, 6601.271, 7391.193, 6846.90700000001, 7021.924, 6956.667, 
7650.482, 7431.42, 8113.92400000003, 9.16112, 10.01992, 8.18308, 
14.56335, 7.47861, 0.86183, 9.51218, 14.9392, 5.37441, 10.58969, 
11.99296, -1.74874, -1.67918, 1.54448, -8.23518, -1.55357, 2.90825, 
-5.82734, 2.4638, -3.42661, 2.799, 2.23223, 0, 0, 0, 0, 0, 0, 
0, 0, 0, 0, 0, 0, 0, 0, 0, 0, 0, 0, 0, 0, 0, 0, 1, 1, 1, 1, 1, 
1, 1, 1, 1, 1, 1, 1, 1, 0.99875, 1, 1, 1, 1, 1, 1, 1, 1, 0.0195, 
0.0227, 0.0643, 0.0263, 0.0267, 0.157, 0.0261, 0.1462, 0.0268, 
0.1964, 0.173, 26.7, 28.3, 189.9, 8.5, 32.6, 403.8, 9.8, 356.8, 
16, 435.8, 340, 3, 1, 3, 36, 6, 2, 1, 8, 3, 5, 2, 1040, 1041, 
462, 76, 479, 933, 1017, 874, 961, 663, 990, 100, 100, 100, 100, 
100, 100, 100, 100, 100, 100, 100, 2500, 2500, 2500, 2500, 2500, 
2500, 2500, 2500, 2500, 2500, 2500, 6807.016, 7077.093, 7367.395, 
7179.65199999999, 7536.52600000001, 7482.15699999999, 7666.71400000001, 
7733.924, 7643.092, 8261.40400000001, 8643.79699999999, 1, 1, 
1, 1, 1, 1, 1, 1, 1, 1, 1, 0.25, 0.25, 0.25, 0.25, 0.25, 0.25, 
0.25, 0.25, 0.25, 0.25, 0.25, 0, 0, 0, 0, 0, 0, 0, 0, 0, 0, 0, 
0, 0, 0, 0, 0, 0, 0, 0, 0, 0, 0, 0.99704, 0.99865, 0.99752, 0.99771, 
0.99787, 0.999, 0.99907, 0.99912, 0.99917, 0.99843, 0.99851, 
0.99704, 0.99865, 0.99875, 0.99773, 0.99787, 0.999, 0.99907, 
0.99912, 0.99917, 0.99843, 0.99851, 0.0251, 0.0284, 0.0318, 0.0311, 
0.0344, 0.0364, 0.0395, 0.0393, 0.0431, 0.044, 0.0479, 64.4, 
68, 70.5, 69.1, 72.1, 73.8, 73.6, 74.8, 77.3, 79.2, 79.2, 1, 
1, 1, 1, 1, 1, 1, 1, 1, 1, 1, 1, 1, 1, 1, 1, 1, 1, 1, 1, 1, 1, 
1, 1, 1, 1, 1, 1, 1, 1, 1, 1, 1, 1, 1, 1, 1, 1, 1, 1, 1, 1, 1, 
1, 2.649, 2.78, 2.803, 2.643, 2.706, 2.706, 2.8, 2.597, 2.692, 
2.699, 2.85), .Dim = c(11L, 40L), .Dimnames = list(NULL, c("Sampling", 
"PSO.cost", "PSO.gamma", "PSO.data.balancing", "PSO.feature.selection", 
"PSO.valid.acc", "PSO.test.acc", "PSO.train.time", "PSO.n.support.vectors", 
"PSO.index", "PSO.n.solutions", "PSO.generations", "PSO.n.evaluations", 
"PSO.cpu.time", "RS.cost", "RS.gamma", "RS.data.balancing", "RS.feature.selection", 
"RS.valid.acc", "RS.test.acc", "RS.train.time", "RS.n.support.vectors", 
"RS.index", "RS.n.solutions", "RS.generations", "RS.n.evaluations", 
"RS.cpu.time", "DF.cost", "DF.gamma", "DF.data.balancing", "DF.feature.selection", 
"DF.valid.acc", "DF.test.acc", "DF.train.time", "DF.n.support.vectors", 
"DF.index", "DF.n.solutions", "DF.generations", "DF.n.evaluations", 
"DF.cpu.time")))
