full <-
structure(c(50, 55, 60, 65, 70, 75, 80, 85, 90, 95, 100, 13.50858, 
9.18828, 13.09136, 9.13764, 10.85786, 14.03412, 2.69935, 11.30948, 
8.93475, 2.31209, 9.73882, 1.07355, 0.53961, -8.78013, 1.23591, 
-7.77034, -7.58337, 2.52307, 1.13233, -3.84628, 2.75324, -1.88254, 
0, 0, 0, 0, 0, 0, 0, 0, 0, 0, 0, 0, 0, 0, 0, 0, 0, 0, 0, 0, 0, 
0, 1, 1, 1, 1, 1, 1, 1, 1, 1, 1, 1, 1, 1, 1, 1, 1, 1, 1, 1, 1, 
1, 1, 0.0434, 0.037, 0.0219, 0.0634, 0.0255, 0.0277, 0.1438, 
0.0706, 0.0304, 0.219, 0.0376, 145.3, 108.5, 7.4, 173.5, 9.8, 
7.6, 355.5, 160.5, 9.9, 437.5, 28.7, 17, 5, 272, 5, 9, 3, 4, 
3, 3, 2, 2, 899, 1355, 268, 1105, 1725, 1793, 2090, 2238, 1219, 
1860, 1760, 100, 100, 100, 100, 100, 100, 100, 100, 100, 100, 
100, 2500, 2500, 2500, 2500, 2500, 2500, 2500, 2500, 2500, 2500, 
2500, 6706.156, 6554.58, 6664.821, 7323.158, 6643.789, 7734.181, 
7675.663, 7931.43400000001, 7419.64999999999, 7859.15100000001, 
7097.883, 9.50707, 4.65154, 12.20731, 7.40863, 11.86875, 8.02603, 
2.94317, 8.61768, 0.65224, 10.66477, 1.55203, 1.38975, -0.44189, 
-8.81255, -2.86528, -5.45006, -2.17948, 0.86997, -2.64526, 1.85098, 
-8.32104, -0.72863, 0, 0, 0, 0, 0, 0, 0, 0, 0, 0, 0, 0, 0, 0, 
0, 0, 0, 0, 0, 0, 0, 0, 1, 1, 1, 1, 1, 1, 1, 1, 1, 1, 1, 1, 1, 
1, 1, 0.99894, 1, 1, 1, 1, 1, 1, 0.0452, 0.0265, 0.0236, 0.021, 
0.0212, 0.0267, 0.0655, 0.0263, 0.1171, 0.0373, 0.0432, 175.1, 
53.6, 9, 13.8, 8, 23.8, 139.2, 16.4, 261.8, 16.3, 60.8, 2, 2, 
1703, 1, 9, 1, 2, 2, 8, 2, 1, 224, 610, 5, 425, 303, 781, 1162, 
818, 521, 1063, 846, 100, 100, 100, 100, 100, 100, 100, 100, 
100, 100, 100, 2500, 2500, 2500, 2500, 2500, 2500, 2500, 2500, 
2500, 2500, 2500, 7025.856, 7068.375, 7601.034, 7400.113, 7583.607, 
7631.481, 7974.545, 8315.914, 7925.91900000001, 8220.38500000001, 
8493.23000000001, 1, 1, 1, 1, 1, 1, 1, 1, 1, 1, 1, 0.25, 0.25, 
0.25, 0.25, 0.25, 0.25, 0.25, 0.25, 0.25, 0.25, 0.25, 0, 0, 0, 
0, 0, 0, 0, 0, 0, 0, 0, 0, 0, 0, 0, 0, 0, 0, 0, 0, 0, 0, 0.99851, 
0.99865, 0.99875, 0.99886, 0.99787, 0.99703, 0.99721, 0.99738, 
0.99752, 0.99843, 0.99851, 0.99851, 0.99865, 0.99875, 0.99886, 
0.99787, 0.99703, 0.99721, 0.99738, 0.99835, 0.99843, 0.99851, 
0.0236, 0.0255, 0.0302, 0.0297, 0.0335, 0.0344, 0.0365, 0.0395, 
0.0431, 0.0457, 0.0489, 61.7, 62.7, 64.4, 63.2, 65.8, 69.2, 69.4, 
72.5, 75.9, 79.1, 78.7, 1, 1, 1, 1, 1, 1, 1, 1, 1, 1, 1, 1, 1, 
1, 1, 1, 1, 1, 1, 1, 1, 1, 1, 1, 1, 1, 1, 1, 1, 1, 1, 1, 1, 1, 
1, 1, 1, 1, 1, 1, 1, 1, 1, 1, 2.517, 2.593, 2.836, 2.674, 2.744, 
2.68, 2.766, 2.806, 2.769, 2.824, 2.946), .Dim = c(11L, 40L), .Dimnames = list(
    NULL, c("Sampling", "PSO.cost", "PSO.gamma", "PSO.data.balancing", 
    "PSO.feature.selection", "PSO.valid.acc", "PSO.test.acc", 
    "PSO.train.time", "PSO.n.support.vectors", "PSO.index", "PSO.n.solutions", 
    "PSO.generations", "PSO.n.evaluations", "PSO.cpu.time", "RS.cost", 
    "RS.gamma", "RS.data.balancing", "RS.feature.selection", 
    "RS.valid.acc", "RS.test.acc", "RS.train.time", "RS.n.support.vectors", 
    "RS.index", "RS.n.solutions", "RS.generations", "RS.n.evaluations", 
    "RS.cpu.time", "DF.cost", "DF.gamma", "DF.data.balancing", 
    "DF.feature.selection", "DF.valid.acc", "DF.test.acc", "DF.train.time", 
    "DF.n.support.vectors", "DF.index", "DF.n.solutions", "DF.generations", 
    "DF.n.evaluations", "DF.cpu.time")))
