full <-
structure(c(50, 55, 60, 65, 70, 75, 80, 85, 90, 95, 100, -1.42584, 
2.34059, 13.15964, 12.93329, 2.39483, 6.18407, 13.18522, 8.38361, 
9.63671, 2.15449, 10.34107, 2.48559, -0.06431, 2.21673, -4.55295, 
1.17357, -4.11909, -6.96825, -2.27147, -0.3434, -0.69748, -7.23237, 
0, 0, 0, 0, 0, 0, 0, 0, 0, 0, 0, 0, 0, 0, 0, 0, 0, 0, 0, 0, 0, 
0, 1, 1, 1, 1, 1, 1, 1, 1, 1, 1, 1, 1, 1, 1, 1, 1, 1, 1, 1, 1, 
1, 1, 0.0812, 0.0294, 0.083, 0.0199, 0.0593, 0.0232, 0.0281, 
0.0298, 0.0455, 0.0443, 0.0371, 345.8, 71.9, 273.2, 8.3, 157, 
14.5, 8, 22.9, 65.2, 57.1, 11.7, 7, 3, 4, 2, 4, 3, 2, 2, 4, 2, 
4, 1933, 2051, 2155, 2009, 2071, 2225, 1898, 2127, 2091, 1973, 
1673, 100, 100, 100, 100, 100, 100, 100, 100, 100, 100, 100, 
2500, 2500, 2500, 2500, 2500, 2500, 2500, 2500, 2500, 2500, 2500, 
7147.813, 6933.64, 6949.539, 7067.766, 7493.19, 7204.90999999999, 
7974.88499999999, 7788.845, 7728.117, 7675.19200000001, 7422.47400000002, 
11.88406, 7.39415, 4.70276, 14.25156, 12.92094, 1.48678, -0.80532, 
9.91045, 4.70722, 13.60527, 4.63691, 2.5022, 1.48061, -1.61968, 
-1.2326, -5.31576, 2.87916, 2.35371, -0.63863, 2.93339, -2.50725, 
-3.65516, 0, 0, 0, 0, 0, 0, 0, 0, 0, 0, 0, 0, 0, 0, 0, 0, 0, 
0, 0, 0, 0, 0, 1, 1, 1, 1, 1, 1, 1, 1, 1, 1, 1, 1, 1, 1, 1, 1, 
1, 1, 1, 1, 1, 1, 0.0826, 0.056, 0.0243, 0.027, 0.0241, 0.1594, 
0.1497, 0.0395, 0.2137, 0.0323, 0.0327, 287.4, 180.6, 32.6, 35, 
8.6, 404, 366.1, 53.5, 457.3, 19.8, 21.6, 4, 2, 1, 1, 1, 1, 3, 
1, 1, 4, 6, 727, 897, 1206, 1166, 1146, 1213, 1140, 1159, 1173, 
1223, 943, 100, 100, 100, 100, 100, 100, 100, 100, 100, 100, 
100, 2500, 2500, 2500, 2500, 2500, 2500, 2500, 2500, 2500, 2500, 
2500, 6906.614, 7077.414, 7200.54, 7377.063, 7482.38099999999, 
8038.345, 8281.522, 8485.795, 8397.655, 8696.842, 8984.78, 1, 
1, 1, 1, 1, 1, 1, 1, 1, 1, 1, 0.25, 0.25, 0.25, 0.25, 0.25, 0.25, 
0.25, 0.25, 0.25, 0.25, 0.25, 0, 0, 0, 0, 0, 0, 0, 0, 0, 0, 0, 
0, 0, 0, 0, 0, 0, 0, 0, 0, 0, 0, 0.99704, 0.99867, 0.99877, 0.99771, 
0.99786, 0.99802, 0.99816, 0.99825, 0.99917, 0.99843, 0.99851, 
0.99704, 0.99733, 0.99875, 0.99885, 0.99894, 0.99802, 0.99816, 
0.99825, 0.99835, 0.99843, 0.99851, 0.0243, 0.026, 0.0307, 0.0329, 
0.0332, 0.0384, 0.0412, 0.0432, 0.0426, 0.0454, 0.051, 63.8, 
69.6, 70, 71.3, 72.6, 73.9, 76.7, 76.2, 77.5, 77.8, 79, 1, 1, 
1, 1, 1, 1, 1, 1, 1, 1, 1, 1, 1, 1, 1, 1, 1, 1, 1, 1, 1, 1, 1, 
1, 1, 1, 1, 1, 1, 1, 1, 1, 1, 1, 1, 1, 1, 1, 1, 1, 1, 1, 1, 1, 
2.615, 2.444, 2.801, 2.766, 2.663, 2.89, 2.941, 2.986, 2.762, 
2.94, 3.021), .Dim = c(11L, 40L), .Dimnames = list(NULL, c("Sampling", 
"PSO.cost", "PSO.gamma", "PSO.data.balancing", "PSO.feature.selection", 
"PSO.valid.acc", "PSO.test.acc", "PSO.train.time", "PSO.n.support.vectors", 
"PSO.index", "PSO.n.solutions", "PSO.generations", "PSO.n.evaluations", 
"PSO.cpu.time", "RS.cost", "RS.gamma", "RS.data.balancing", "RS.feature.selection", 
"RS.valid.acc", "RS.test.acc", "RS.train.time", "RS.n.support.vectors", 
"RS.index", "RS.n.solutions", "RS.generations", "RS.n.evaluations", 
"RS.cpu.time", "DF.cost", "DF.gamma", "DF.data.balancing", "DF.feature.selection", 
"DF.valid.acc", "DF.test.acc", "DF.train.time", "DF.n.support.vectors", 
"DF.index", "DF.n.solutions", "DF.generations", "DF.n.evaluations", 
"DF.cpu.time")))
