full <-
structure(c(50, 55, 60, 65, 70, 75, 80, 85, 90, 95, 100, 5.65888, 
13.11883, 5.99726, 13.00491, 7.86014, -1.47073, 7.91298, 12.61121, 
6.66329, 14.31656, 7.85195, -0.2643, -7.06115, 2.97559, -3.12562, 
2.9732, 1.30216, -3.89678, -3.7063, -3.6747, -1.98734, -4.14997, 
0, 0, 0, 0, 0, 0, 0, 0, 0, 0, 0, 0, 0, 0, 0, 0, 0, 0, 0, 0, 0, 
0, 1, 1, 1, 1, 1, 1, 1, 1, 1, 1, 1, 1, 1, 0.99878, 1, 1, 1, 1, 
1, 1, 1, 1, 0.0257, 0.0209, 0.1232, 0.0217, 0.1544, 0.0853, 0.0253, 
0.0255, 0.0276, 0.0329, 0.0272, 63.1, 8.4, 373.7, 11.5, 399.8, 
245, 10.2, 11.1, 13.4, 26.8, 11.2, 7, 3, 7, 2, 2, 2, 2, 3, 7, 
5, 2, 2150, 1883, 2234, 2123, 1784, 1627, 1827, 1682, 1667, 1726, 
1813, 100, 100, 100, 100, 100, 100, 100, 100, 100, 100, 100, 
2500, 2500, 2500, 2500, 2500, 2500, 2500, 2500, 2500, 2500, 2500, 
6717.905, 6449.709, 7128.958, 7301.042, 7835.223, 6954.97500000001, 
7905.47199999999, 6860.636, 7186.211, 7630.5, 7145.32799999998, 
7.55717, 7.24422, 4.44448, 12.21383, 10.36486, 6.22314, 0.97832, 
12.93164, 10.62382, 9.71575, 12.99778, 0.8194, 1.778, 1.47898, 
-4.18202, -2.2566, -0.43863, 1.5385, -2.2896, -4.57062, -1.87209, 
-8.59768, 0, 0, 0, 0, 0, 0, 0, 0, 0, 0, 0, 0, 0, 0, 0, 0, 0, 
0, 0, 0, 0, 0, 1, 1, 1, 1, 1, 1, 1, 1, 1, 1, 1, 1, 0.99865, 0.99878, 
1, 1, 1, 1, 1, 1, 1, 1, 0.0387, 0.0606, 0.0604, 0.0211, 0.0254, 
0.034, 0.085, 0.0281, 0.0247, 0.0323, 0.039, 126.1, 213.4, 184.6, 
9.4, 22.9, 59.8, 208.9, 22.5, 9.5, 29, 9.8, 2, 2, 2, 1, 3, 1, 
1, 2, 1, 2, 1, 1044, 996, 812, 1125, 731, 1014, 1041, 608, 919, 
1025, 1055, 100, 100, 100, 100, 100, 100, 100, 100, 100, 100, 
100, 2500, 2500, 2500, 2500, 2500, 2500, 2500, 2500, 2500, 2500, 
2500, 6637.631, 6671.134, 7243.09, 7205.991, 7286.255, 7284.14, 
7635.242, 7697.78999999999, 7851.327, 8062.58299999998, 8535.79699999999, 
1, 1, 1, 1, 1, 1, 1, 1, 1, 1, 1, 0.25, 0.25, 0.25, 0.25, 0.25, 
0.25, 0.25, 0.25, 0.25, 0.25, 0.25, 0, 0, 0, 0, 0, 0, 0, 0, 0, 
0, 0, 0, 0, 0, 0, 0, 0, 0, 0, 0, 0, 0, 0.99853, 0.9973, 0.99755, 
0.99656, 0.99895, 0.99901, 0.99907, 0.99825, 0.99917, 0.99844, 
0.99852, 0.99704, 0.9973, 0.99633, 0.99656, 0.99787, 0.99901, 
0.99907, 0.99825, 0.99835, 0.99844, 0.99852, 0.0236, 0.0257, 
0.0302, 0.0295, 0.0339, 0.0373, 0.0402, 0.0398, 0.0429, 0.0431, 
0.0449, 64.5, 67.3, 69.7, 70.5, 71.6, 74.9, 77.2, 77.1, 79.8, 
78.7, 79.9, 1, 1, 1, 1, 1, 1, 1, 1, 1, 1, 1, 1, 1, 1, 1, 1, 1, 
1, 1, 1, 1, 1, 1, 1, 1, 1, 1, 1, 1, 1, 1, 1, 1, 1, 1, 1, 1, 1, 
1, 1, 1, 1, 1, 1, 2.505, 2.448, 2.68, 2.409, 2.689, 2.741, 2.786, 
2.605, 2.659, 2.597, 2.606), .Dim = c(11L, 40L), .Dimnames = list(
    NULL, c("Sampling", "PSO.cost", "PSO.gamma", "PSO.data.balancing", 
    "PSO.feature.selection", "PSO.valid.acc", "PSO.test.acc", 
    "PSO.train.time", "PSO.n.support.vectors", "PSO.index", "PSO.n.solutions", 
    "PSO.generations", "PSO.n.evaluations", "PSO.cpu.time", "RS.cost", 
    "RS.gamma", "RS.data.balancing", "RS.feature.selection", 
    "RS.valid.acc", "RS.test.acc", "RS.train.time", "RS.n.support.vectors", 
    "RS.index", "RS.n.solutions", "RS.generations", "RS.n.evaluations", 
    "RS.cpu.time", "DF.cost", "DF.gamma", "DF.data.balancing", 
    "DF.feature.selection", "DF.valid.acc", "DF.test.acc", "DF.train.time", 
    "DF.n.support.vectors", "DF.index", "DF.n.solutions", "DF.generations", 
    "DF.n.evaluations", "DF.cpu.time")))
