full <-
structure(c(50, 55, 60, 65, 70, 75, 80, 85, 90, 95, 100, 2.89158, 
9.86144, 1, 12.94591, 1, 1, 12.29196, 13.60508, 14.84727, 11.52084, 
9.84345, -1.6239, -0.83808, 0.25, -2.93185, 0.25, 0.25, -4.01228, 
-1.29587, -6.49469, -1.4605, -0.39647, 0, 0, 0, 0, 0, 0, 0, 0, 
0, 0, 0, 0, 0, 0, 0, 0, 0, 0, 0, 0, 0, 0, 1, 1, 1, 1, 1, 1, 1, 
1, 1, 1, 1, 1, 1, 0.99875, 1, 1, 1, 1, 1, 1, 1, 1, 0.022, 0.0265, 
0.0297, 0.0233, 0.0342, 0.0362, 0.0244, 0.0323, 0.0303, 0.0329, 
0.0474, 33, 48.1, 68.5, 16.2, 71.9, 72.8, 9.8, 35.8, 8.9, 34.3, 
62.8, 5, 7, 1, 4, 1, 1, 7, 2, 3, 5, 10, 1467, 1711, 1542, 1839, 
1481, 1368, 1457, 1991, 1917, 1737, 1656, 100, 100, 100, 100, 
100, 100, 100, 100, 100, 100, 100, 2500, 2500, 2500, 2500, 2500, 
2500, 2500, 2500, 2500, 2500, 2500, 6615.989, 6658.802, 7016.939, 
6638.147, 7427.649, 7502.289, 6709.11600000001, 7481.308, 7256.363, 
7659.78200000001, 8247.011, 9.26165, 13.60188, 10.59117, 8.29981, 
4.19972, 13.03755, 3.35654, 13.56457, 12.29536, 7.65323, 5.21631, 
-5.63028, -5.50001, -0.6211, -2.89312, -0.91672, 1.97145, -3.1811, 
-3.09988, -0.6912, 2.36853, 1.83544, 0, 0, 0, 0, 0, 0, 0, 0, 
0, 0, 0, 0, 0, 0, 0, 0, 0, 0, 0, 0, 0, 0, 1, 1, 1, 1, 1, 1, 1, 
1, 1, 1, 1, 1, 1, 0.99878, 1, 1, 1, 1, 1, 1, 1, 1, 0.0205, 0.0212, 
0.0272, 0.0222, 0.0319, 0.1021, 0.0296, 0.0272, 0.0392, 0.1639, 
0.1335, 9.3, 9.4, 53.9, 16.5, 45.6, 263.4, 27.9, 13.1, 53.8, 
364.1, 268.2, 3, 7, 5, 6, 2, 5, 9, 2, 1, 1, 2, 771, 728, 955, 
782, 1004, 618, 240, 991, 992, 870, 731, 100, 100, 100, 100, 
100, 100, 100, 100, 100, 100, 100, 2500, 2500, 2500, 2500, 2500, 
2500, 2500, 2500, 2500, 2500, 2500, 7201.296, 7206.22, 7111.831, 
7519.918, 7658.176, 7804.55, 7748.758, 8040.625, 8069.882, 8389.22200000001, 
8666.679, 1, 1, 1, 1, 1, 1, 1, 1, 1, 1, 1, 0.25, 0.25, 0.25, 
0.25, 0.25, 0.25, 0.25, 0.25, 0.25, 0.25, 0.25, 0, 0, 0, 0, 0, 
0, 0, 0, 0, 0, 0, 0, 0, 0, 0, 0, 0, 0, 0, 0, 0, 0, 0.99701, 0.99728, 
1, 0.99885, 1, 1, 0.99722, 0.99912, 0.99917, 0.99921, 0.99851, 
1, 0.99863, 0.99875, 0.9977, 1, 1, 0.99907, 0.99912, 0.99917, 
0.99921, 0.99851, 0.0276, 0.0286, 0.03, 0.0315, 0.0373, 0.039, 
0.0397, 0.0424, 0.0445, 0.0484, 0.0485, 64.7, 65.9, 68.5, 68.6, 
71.9, 72.8, 71.8, 75.4, 76.5, 77.8, 78.9, 1, 1, 1, 1, 1, 1, 1, 
1, 1, 1, 1, 1, 1, 1, 1, 1, 1, 1, 1, 1, 1, 1, 1, 1, 1, 1, 1, 1, 
1, 1, 1, 1, 1, 1, 1, 1, 1, 1, 1, 1, 1, 1, 1, 1, 2.753, 2.726, 
2.692, 2.651, 2.89, 2.883, 2.767, 2.772, 2.897, 2.924, 2.845), .Dim = c(11L, 
40L), .Dimnames = list(NULL, c("Sampling", "PSO.cost", "PSO.gamma", 
"PSO.data.balancing", "PSO.feature.selection", "PSO.valid.acc", 
"PSO.test.acc", "PSO.train.time", "PSO.n.support.vectors", "PSO.index", 
"PSO.n.solutions", "PSO.generations", "PSO.n.evaluations", "PSO.cpu.time", 
"RS.cost", "RS.gamma", "RS.data.balancing", "RS.feature.selection", 
"RS.valid.acc", "RS.test.acc", "RS.train.time", "RS.n.support.vectors", 
"RS.index", "RS.n.solutions", "RS.generations", "RS.n.evaluations", 
"RS.cpu.time", "DF.cost", "DF.gamma", "DF.data.balancing", "DF.feature.selection", 
"DF.valid.acc", "DF.test.acc", "DF.train.time", "DF.n.support.vectors", 
"DF.index", "DF.n.solutions", "DF.generations", "DF.n.evaluations", 
"DF.cpu.time")))
