full <-
structure(c(50, 55, 60, 65, 70, 75, 80, 85, 90, 95, 100, 6.68741, 
11.70532, 10.95192, 13.57193, -0.5867, 8.36571, 5.96082, 3.54928, 
9.84762, 2.31879, 1.55794, -3.43034, -3.01908, -3.47647, -7.15868, 
1.89397, 2.34525, 2.55603, -2.00574, -7.15716, -0.77724, 2.31949, 
0, 0, 0, 0, 0, 0, 0, 0, 0, 0, 0, 0, 0, 0, 0, 0, 0, 0, 0, 0, 0, 
0, 1, 1, 1, 1, 1, 1, 1, 1, 1, 1, 1, 1, 1, 1, 1, 1, 1, 1, 1, 1, 
1, 1, 0.0216, 0.0199, 0.0196, 0.0266, 0.0932, 0.1243, 0.155, 
0.0325, 0.0358, 0.0414, 0.1716, 13.7, 13.4, 10.4, 8.7, 258.8, 
315.4, 366.9, 33.8, 13.8, 55.4, 353.5, 24, 26, 2, 2, 6, 4, 3, 
9, 2, 3, 2, 1684, 1381, 2003, 1903, 1794, 1843, 1808, 1766, 1689, 
1649, 1826, 100, 100, 100, 100, 100, 100, 100, 100, 100, 100, 
100, 2500, 2500, 2500, 2500, 2500, 2500, 2500, 2500, 2500, 2500, 
2500, 6914.858, 7031.842, 7253.826, 7945.276, 8915.93899999999, 
8030.10799999999, 9365.861, 9188.70199999999, 7902.14200000001, 
8395.66, 8981.32399999999, 6.34472, 12.1662, 12.58108, 11.50936, 
13.24356, 13.36233, 10.5194, 12.33885, 3.59529, 10.82153, 4.52758, 
-2.48379, -3.11215, -4.35724, -4.56829, -3.36363, -1.26526, 2.74646, 
2.60072, 1.98462, -2.48474, -2.03323, 0, 0, 0, 0, 0, 0, 0, 0, 
0, 0, 0, 0, 0, 0, 0, 0, 0, 0, 0, 0, 0, 0, 1, 1, 1, 1, 1, 1, 1, 
1, 1, 1, 1, 1, 1, 1, 1, 1, 1, 1, 1, 1, 1, 1, 0.0194, 0.0184, 
0.0216, 0.021, 0.0232, 0.0317, 0.154, 0.1602, 0.1223, 0.0311, 
0.0345, 17.1, 12.4, 9.5, 8.7, 9.8, 37, 397.1, 385.7, 281.6, 20, 
29.2, 8, 7, 2, 4, 3, 1, 1, 8, 2, 2, 1, 230, 129, 776, 914, 722, 
943, 562, 684, 975, 936, 979, 100, 100, 100, 100, 100, 100, 100, 
100, 100, 100, 100, 2500, 2500, 2500, 2500, 2500, 2500, 2500, 
2500, 2500, 2500, 2500, 7475.099, 7610.657, 8081.87, 8107.902, 
8209.04700000001, 8225.683, 8302.91899999999, 8823.41800000001, 
8740.337, 8859.038, 9215.56900000002, 1, 1, 1, 1, 1, 1, 1, 1, 
1, 1, 1, 0.25, 0.25, 0.25, 0.25, 0.25, 0.25, 0.25, 0.25, 0.25, 
0.25, 0.25, 0, 0, 0, 0, 0, 0, 0, 0, 0, 0, 0, 0, 0, 0, 0, 0, 0, 
0, 0, 0, 0, 0, 0.99851, 0.99595, 0.99753, 0.99771, 0.99787, 0.99803, 
0.99814, 0.99826, 0.99835, 0.99843, 0.99852, 0.99851, 0.99595, 
0.99753, 0.99771, 0.99787, 0.99803, 0.99814, 0.99826, 0.99835, 
0.99843, 0.99852, 0.0266, 0.0281, 0.0306, 0.033, 0.0344, 0.0389, 
0.0389, 0.0422, 0.0431, 0.045, 0.0484, 64.6, 65.3, 67.9, 71.2, 
72.3, 74, 76.2, 76.5, 76.7, 78.5, 79.3, 1, 1, 1, 1, 1, 1, 1, 
1, 1, 1, 1, 1, 1, 1, 1, 1, 1, 1, 1, 1, 1, 1, 1, 1, 1, 1, 1, 1, 
1, 1, 1, 1, 1, 1, 1, 1, 1, 1, 1, 1, 1, 1, 1, 1, 2.809, 2.872, 
2.99, 2.992, 2.939, 3.087, 2.908, 3.035, 2.937, 2.96, 3.051), .Dim = c(11L, 
40L), .Dimnames = list(NULL, c("Sampling", "PSO.cost", "PSO.gamma", 
"PSO.data.balancing", "PSO.feature.selection", "PSO.valid.acc", 
"PSO.test.acc", "PSO.train.time", "PSO.n.support.vectors", "PSO.index", 
"PSO.n.solutions", "PSO.generations", "PSO.n.evaluations", "PSO.cpu.time", 
"RS.cost", "RS.gamma", "RS.data.balancing", "RS.feature.selection", 
"RS.valid.acc", "RS.test.acc", "RS.train.time", "RS.n.support.vectors", 
"RS.index", "RS.n.solutions", "RS.generations", "RS.n.evaluations", 
"RS.cpu.time", "DF.cost", "DF.gamma", "DF.data.balancing", "DF.feature.selection", 
"DF.valid.acc", "DF.test.acc", "DF.train.time", "DF.n.support.vectors", 
"DF.index", "DF.n.solutions", "DF.generations", "DF.n.evaluations", 
"DF.cpu.time")))
