full <-
structure(c(50, 55, 60, 65, 70, 75, 80, 85, 90, 95, 100, 7.3967, 
2.46744, 10.66657, 14.30221, 14.0966, 3.66539, 8.59406, 5.46838, 
5.24593, 11.13866, 9.8998, 0.25536, -1.74882, -0.98345, -3.05269, 
-2.98826, -3.1058, -1.67977, -3.75421, -0.74649, -2.82858, -6.2011, 
0, 0, 0, 0, 0, 0, 0, 0, 0, 0, 0, 0, 0, 0, 0, 0, 0, 0, 0, 0, 0, 
0, 1, 1, 1, 1, 1, 1, 1, 1, 1, 1, 1, 1, 1, 1, 1, 1, 1, 1, 1, 1, 
1, 1, 0.0287, 0.0227, 0.0257, 0.0208, 0.0213, 0.0265, 0.0301, 
0.0279, 0.037, 0.0289, 0.0334, 87.6, 33.3, 42, 14.2, 14.3, 24.7, 
32.6, 15.9, 49.2, 16, 10.1, 5, 3, 2, 2, 2, 10, 2, 2, 5, 4, 3, 
2047, 2084, 2160, 1927, 2136, 2101, 2035, 2219, 1957, 1949, 1856, 
100, 100, 100, 100, 100, 100, 100, 100, 100, 100, 100, 2500, 
2500, 2500, 2500, 2500, 2500, 2500, 2500, 2500, 2500, 2500, 6801.96, 
6931.804, 6706.426, 6623.02499999999, 7097.548, 7169.292, 7570.696, 
7747.519, 7631.992, 8767.973, 7792.62600000002, 13.67521, 12.68956, 
11.33809, 13.10617, 8.29486, 11.95464, 6.46653, 1.84138, 3.42334, 
8.04369, 11.13365, -3.76652, 0.5893, 0.56809, -1.31025, 0.75749, 
2.55478, 0.92354, 0.66535, -2.46167, -1.65506, 2.74502, 0, 0, 
0, 0, 0, 0, 0, 0, 0, 0, 0, 0, 0, 0, 0, 0, 0, 0, 0, 0, 0, 0, 1, 
1, 1, 1, 1, 1, 1, 1, 1, 1, 1, 1, 1, 1, 1, 1, 1, 1, 1, 1, 1, 1, 
0.0171, 0.0373, 0.0401, 0.0246, 0.0488, 0.1278, 0.066, 0.0627, 
0.032, 0.0343, 0.2203, 9.8, 115.1, 113.8, 34.7, 129.8, 358.9, 
146.8, 127, 28.9, 31.8, 442.1, 5, 9, 3, 6, 1, 1, 4, 3, 2, 1, 
1, 933, 934, 867, 1080, 900, 1220, 813, 1216, 1158, 1085, 1063, 
100, 100, 100, 100, 100, 100, 100, 100, 100, 100, 100, 2500, 
2500, 2500, 2500, 2500, 2500, 2500, 2500, 2500, 2500, 2500, 7110.522, 
7387.355, 6946.367, 7067.259, 7332.851, 7590.00200000001, 7780.939, 
8025.25900000001, 8172.117, 8690.33499999999, 8580.29399999999, 
1, 1, 1, 1, 1, 1, 1, 1, 1, 1, 1, 0.25, 0.25, 0.25, 0.25, 0.25, 
0.25, 0.25, 0.25, 0.25, 0.25, 0.25, 0, 0, 0, 0, 0, 0, 0, 0, 0, 
0, 0, 0, 0, 0, 0, 0, 0, 0, 0, 0, 0, 0, 0.99853, 0.99732, 0.99752, 
0.99885, 0.99788, 0.99901, 0.99814, 0.99825, 0.99917, 0.99922, 
0.99777, 0.99853, 0.99865, 0.99752, 0.99885, 0.99895, 0.99801, 
0.99814, 0.99825, 1, 0.99922, 0.99851, 0.0252, 0.026, 0.0271, 
0.0317, 0.0335, 0.0343, 0.0383, 0.0384, 0.0412, 0.0463, 0.0469, 
60, 63.8, 65.4, 66.9, 67.5, 68.4, 69.2, 71.6, 71.1, 76.5, 78.6, 
1, 1, 1, 1, 1, 1, 1, 1, 1, 1, 1, 1, 1, 1, 1, 1, 1, 1, 1, 1, 1, 
1, 1, 1, 1, 1, 1, 1, 1, 1, 1, 1, 1, 1, 1, 1, 1, 1, 1, 1, 1, 1, 
1, 1, 2.726, 2.617, 2.588, 2.759, 2.746, 2.689, 2.839, 2.664, 
2.802, 2.943, 2.787), .Dim = c(11L, 40L), .Dimnames = list(NULL, 
    c("Sampling", "PSO.cost", "PSO.gamma", "PSO.data.balancing", 
    "PSO.feature.selection", "PSO.valid.acc", "PSO.test.acc", 
    "PSO.train.time", "PSO.n.support.vectors", "PSO.index", "PSO.n.solutions", 
    "PSO.generations", "PSO.n.evaluations", "PSO.cpu.time", "RS.cost", 
    "RS.gamma", "RS.data.balancing", "RS.feature.selection", 
    "RS.valid.acc", "RS.test.acc", "RS.train.time", "RS.n.support.vectors", 
    "RS.index", "RS.n.solutions", "RS.generations", "RS.n.evaluations", 
    "RS.cpu.time", "DF.cost", "DF.gamma", "DF.data.balancing", 
    "DF.feature.selection", "DF.valid.acc", "DF.test.acc", "DF.train.time", 
    "DF.n.support.vectors", "DF.index", "DF.n.solutions", "DF.generations", 
    "DF.n.evaluations", "DF.cpu.time")))
