full <-
structure(c(50, 55, 60, 65, 70, 75, 80, 85, 90, 95, 100, 3.22796, 
8.31475, 14.96173, 8.67945, 9.53533, 5.90262, 2.09255, 6.13255, 
7.5963, 11.49007, 8.20907, -0.35845, -0.96598, -1.7318, -4.14641, 
-2.65244, 0.76645, 1.00823, -3.80297, -3.45442, -0.4719, -0.56037, 
0, 0, 0, 0, 0, 0, 0, 0, 0, 0, 0, 0, 0, 0, 0, 0, 0, 0, 0, 0, 0, 
0, 1, 1, 1, 1, 1, 1, 1, 1, 1, 1, 1, 1, 1, 1, 0.9977, 1, 0.999, 
1, 1, 1, 1, 0.99926, 0.0263, 0.0223, 0.0216, 0.0193, 0.0214, 
0.0586, 0.0693, 0.024, 0.0263, 0.0448, 0.0457, 60.7, 38.2, 25.2, 
8.3, 15.3, 133, 154, 13, 9.8, 60.8, 57, 3, 2, 2, 2, 27, 5, 2, 
4, 7, 4, 2, 1546, 2218, 1989, 1487, 763, 1529, 1952, 2055, 2026, 
1922, 1765, 100, 100, 100, 100, 100, 100, 100, 100, 100, 100, 
100, 2500, 2500, 2500, 2500, 2500, 2500, 2500, 2500, 2500, 2500, 
2500, 6782.782, 6918.834, 7405.531, 6930.97399999999, 6786.633, 
7259.02399999999, 8334.463, 8383.28999999999, 7350.41200000001, 
8308.755, 8240.44399999999, 5.77099, 4.31963, 6.76993, 3.87301, 
8.05087, 12.33309, 13.61505, 2.0687, 10.61091, 13.32563, 14.28617, 
-0.3266, 1.14436, 0.29758, 0.993, -2.95342, -2.81556, 2.40849, 
-2.36551, 1.9468, -8.04204, -9.59486, 0, 0, 0, 0, 0, 0, 0, 0, 
0, 0, 0, 0, 0, 0, 0, 0, 0, 0, 0, 0, 0, 0, 1, 1, 1, 1, 1, 1, 1, 
1, 1, 1, 1, 1, 1, 1, 1, 1, 1, 1, 1, 1, 1, 1, 0.0259, 0.0475, 
0.0388, 0.0547, 0.0218, 0.0232, 0.1467, 0.0345, 0.1283, 0.0365, 
0.0425, 59.1, 149.3, 94.8, 145.8, 12.2, 14.1, 349, 37.9, 276, 
8.2, 9.9, 4, 1, 14, 5, 3, 1, 7, 1, 1, 1, 6, 754, 787, 802, 570, 
254, 681, 849, 919, 1005, 1003, 904, 100, 100, 100, 100, 100, 
100, 100, 100, 100, 100, 100, 2500, 2500, 2500, 2500, 2500, 2500, 
2500, 2500, 2500, 2500, 2500, 6701.315, 7275.371, 7390.015, 7409.419, 
7617.59600000001, 7911.322, 8402.16600000001, 8556.49500000001, 
8879.27, 9022.663, 8997.31399999998, 1, 1, 1, 1, 1, 1, 1, 1, 
1, 1, 1, 0.25, 0.25, 0.25, 0.25, 0.25, 0.25, 0.25, 0.25, 0.25, 
0.25, 0.25, 0, 0, 0, 0, 0, 0, 0, 0, 0, 0, 0, 0, 0, 0, 0, 0, 0, 
0, 0, 0, 0, 0, 0.99853, 0.99867, 0.99877, 0.99886, 0.99894, 0.999, 
0.99907, 0.99912, 0.99917, 0.99922, 0.99852, 0.99853, 0.99867, 
0.99877, 0.99886, 0.99788, 0.99801, 0.99907, 0.99912, 0.99917, 
0.99922, 0.99852, 0.0247, 0.0273, 0.0297, 0.0293, 0.0333, 0.0349, 
0.0383, 0.0408, 0.0444, 0.0465, 0.0502, 62.7, 63.9, 65.2, 66.4, 
69.4, 70, 73.3, 73.7, 74.5, 77.6, 80.9, 1, 1, 1, 1, 1, 1, 1, 
1, 1, 1, 1, 1, 1, 1, 1, 1, 1, 1, 1, 1, 1, 1, 1, 1, 1, 1, 1, 1, 
1, 1, 1, 1, 1, 1, 1, 1, 1, 1, 1, 1, 1, 1, 1, 1, 2.621, 2.697, 
2.738, 2.6, 2.717, 2.806, 2.92, 2.934, 3.035, 3.103, 3.083), .Dim = c(11L, 
40L), .Dimnames = list(NULL, c("Sampling", "PSO.cost", "PSO.gamma", 
"PSO.data.balancing", "PSO.feature.selection", "PSO.valid.acc", 
"PSO.test.acc", "PSO.train.time", "PSO.n.support.vectors", "PSO.index", 
"PSO.n.solutions", "PSO.generations", "PSO.n.evaluations", "PSO.cpu.time", 
"RS.cost", "RS.gamma", "RS.data.balancing", "RS.feature.selection", 
"RS.valid.acc", "RS.test.acc", "RS.train.time", "RS.n.support.vectors", 
"RS.index", "RS.n.solutions", "RS.generations", "RS.n.evaluations", 
"RS.cpu.time", "DF.cost", "DF.gamma", "DF.data.balancing", "DF.feature.selection", 
"DF.valid.acc", "DF.test.acc", "DF.train.time", "DF.n.support.vectors", 
"DF.index", "DF.n.solutions", "DF.generations", "DF.n.evaluations", 
"DF.cpu.time")))
