full <-
structure(c(50, 55, 60, 65, 70, 75, 80, 85, 90, 95, 100, 12.24777, 
0.88164, 1.72813, 13.52071, 13.30943, 3.08916, 14.3263, 11.78789, 
2.25465, 13.43552, 9.75178, -2.17677, 1.44749, -1.26387, -7.06821, 
-9.32437, -1.09163, -1.60666, -1.44537, 2.92664, 2.43462, -1.46486, 
0, 0, 0, 0, 0, 0, 0, 0, 0, 0, 0, 0, 0, 0, 0, 0, 0, 0, 0, 0, 0, 
0, 1, 1, 1, 1, 1, 1, 1, 1, 1, 1, 1, 1, 0.99732, 0.99877, 1, 1, 
1, 1, 1, 1, 1, 1, 0.0191, 0.0544, 0.0261, 0.0232, 0.027, 0.0313, 
0.0314, 0.0303, 0.2046, 0.1697, 0.0376, 23.9, 182.8, 44.3, 7.7, 
11.5, 42.7, 32, 33.7, 453.2, 374.4, 33.3, 2, 19, 15, 2, 3, 2, 
6, 4, 8, 2, 5, 1438, 694, 962, 1668, 1542, 1731, 1822, 1675, 
1728, 1686, 1863, 100, 100, 100, 100, 100, 100, 100, 100, 100, 
100, 100, 2500, 2500, 2500, 2500, 2500, 2500, 2500, 2500, 2500, 
2500, 2500, 6483.788, 6557.535, 6528.986, 7092.92, 6602.155, 
6669.74099999999, 6838.49099999999, 6760.273, 7873.659, 7486.758, 
7357.97600000002, 14.45481, 3.30634, 12.8631, 12.99059, 14.81881, 
2.97024, 6.16615, 14.31489, 10.17894, 12.0389, 4.54166, -1.03301, 
2.07285, -9.24212, -4.16501, -4.59739, -3.2756, -1.91545, -6.82836, 
-5.84332, 2.69843, -0.64884, 0, 0, 0, 0, 0, 0, 0, 0, 0, 0, 0, 
0, 0, 0, 0, 0, 0, 0, 0, 0, 0, 0, 1, 1, 1, 1, 1, 1, 1, 1, 1, 1, 
1, 1, 0.99865, 1, 1, 1, 1, 1, 1, 1, 1, 1, 0.0213, 0.0682, 0.0227, 
0.0203, 0.0199, 0.028, 0.0273, 0.0312, 0.03, 0.2028, 0.0434, 
40.4, 249.4, 11.4, 8.8, 8.7, 32.7, 26.9, 9.2, 10.3, 424.1, 53.8, 
6, 4, 4, 1, 2, 2, 1, 1, 3, 2, 6, 560, 303, 405, 804, 768, 910, 
1012, 903, 935, 695, 1033, 100, 100, 100, 100, 100, 100, 100, 
100, 100, 100, 100, 2500, 2500, 2500, 2500, 2500, 2500, 2500, 
2500, 2500, 2500, 2500, 6812.709, 6702.383, 6782.156, 7052.681, 
7078.09699999999, 7301.44, 7572.909, 7644.06200000001, 7982.355, 
8176.36799999999, 8264.80600000001, 1, 1, 1, 1, 1, 1, 1, 1, 1, 
1, 1, 0.25, 0.25, 0.25, 0.25, 0.25, 0.25, 0.25, 0.25, 0.25, 0.25, 
0.25, 0, 0, 0, 0, 0, 0, 0, 0, 0, 0, 0, 0, 0, 0, 0, 0, 0, 0, 0, 
0, 0, 0, 0.99851, 0.9973, 0.99631, 0.99771, 0.99788, 0.99803, 
0.99813, 0.99825, 0.99834, 0.99843, 0.99851, 0.99851, 0.9973, 
0.99631, 0.99656, 0.99788, 0.99703, 0.99813, 0.99825, 0.99834, 
0.99843, 0.99851, 0.0237, 0.0275, 0.0285, 0.0316, 0.0322, 0.0383, 
0.0393, 0.0406, 0.0424, 0.0479, 0.0471, 63.4, 65.9, 70.9, 71, 
72.8, 74, 76.7, 77.4, 78.6, 79.3, 79, 1, 1, 1, 1, 1, 1, 1, 1, 
1, 1, 1, 1, 1, 1, 1, 1, 1, 1, 1, 1, 1, 1, 1, 1, 1, 1, 1, 1, 1, 
1, 1, 1, 1, 1, 1, 1, 1, 1, 1, 1, 1, 1, 1, 1, 2.433, 2.587, 2.476, 
2.59, 2.515, 2.763, 2.695, 2.702, 2.642, 2.849, 2.709), .Dim = c(11L, 
40L), .Dimnames = list(NULL, c("Sampling", "PSO.cost", "PSO.gamma", 
"PSO.data.balancing", "PSO.feature.selection", "PSO.valid.acc", 
"PSO.test.acc", "PSO.train.time", "PSO.n.support.vectors", "PSO.index", 
"PSO.n.solutions", "PSO.generations", "PSO.n.evaluations", "PSO.cpu.time", 
"RS.cost", "RS.gamma", "RS.data.balancing", "RS.feature.selection", 
"RS.valid.acc", "RS.test.acc", "RS.train.time", "RS.n.support.vectors", 
"RS.index", "RS.n.solutions", "RS.generations", "RS.n.evaluations", 
"RS.cpu.time", "DF.cost", "DF.gamma", "DF.data.balancing", "DF.feature.selection", 
"DF.valid.acc", "DF.test.acc", "DF.train.time", "DF.n.support.vectors", 
"DF.index", "DF.n.solutions", "DF.generations", "DF.n.evaluations", 
"DF.cpu.time")))
