full <-
structure(c(50, 55, 60, 65, 70, 75, 80, 85, 90, 95, 100, 4.34457, 
14.72292, 6.60539, 12.1988, 2.17651, 9.56639, 13.1877, 5.92597, 
9.59403, 9.71072, 7.00009, -3.3136, -1.18567, 1.83597, -0.88689, 
2.05253, 2.13811, -2.97158, -0.85506, -1.31573, -5.82633, -4.42532, 
0, 0, 0, 0, 0, 0, 0, 0, 0, 0, 0, 0, 0, 0, 0, 0, 0, 0, 0, 0, 0, 
0, 1, 1, 1, 1, 1, 1, 1, 1, 1, 1, 1, 1, 1, 0.99875, 1, 1, 1, 1, 
1, 1, 1, 1, 0.0205, 0.0228, 0.077, 0.0298, 0.1015, 0.1145, 0.0287, 
0.036, 0.0361, 0.0323, 0.0298, 19.6, 36, 240.3, 47.8, 275.8, 
292.6, 14.2, 46.8, 36.9, 10.2, 13.6, 12, 20, 3, 3, 8, 3, 4, 2, 
10, 2, 8, 1818, 1570, 1440, 1472, 940, 1488, 1756, 1803, 2157, 
1965, 1943, 100, 100, 100, 100, 100, 100, 100, 100, 100, 100, 
100, 2500, 2500, 2500, 2500, 2500, 2500, 2500, 2500, 2500, 2500, 
2500, 7007.969, 7158.667, 7953.81, 7593.87, 7995.04199999999, 
8644.70699999999, 8001.242, 9052.443, 7648.97699999998, 8045.533, 
8238.62100000001, 7.45421, 11.08212, 6.02685, 9.39625, 7.04985, 
-0.14932, -0.75849, 14.36038, 3.95043, 12.35999, 13.43345, -4.55565, 
-3.1995, -3.65756, -0.94235, -0.95167, 2.26378, 1.88275, -6.99196, 
2.71088, 1.70019, 2.95333, 0, 0, 0, 0, 0, 0, 0, 0, 0, 0, 0, 0, 
0, 0, 0, 0, 0, 0, 0, 0, 0, 0, 1, 1, 1, 1, 1, 1, 1, 1, 1, 1, 1, 
1, 1, 0.99875, 1, 1, 1, 1, 1, 1, 1, 1, 0.0189, 0.0195, 0.0245, 
0.0295, 0.0318, 0.1243, 0.1133, 0.0321, 0.1883, 0.1132, 0.2309, 
11.6, 11.8, 13.6, 45.9, 43.9, 318.1, 284, 8.7, 421.3, 239.9, 
483.7, 10, 1, 2, 4, 2, 1, 3, 1, 1, 1, 1, 498, 471, 640, 566, 
497, 776, 846, 794, 984, 887, 1016, 100, 100, 100, 100, 100, 
100, 100, 100, 100, 100, 100, 2500, 2500, 2500, 2500, 2500, 2500, 
2500, 2500, 2500, 2500, 2500, 7491.504, 7686.038, 8061.426, 8257.953, 
8433.05499999999, 8508.15299999999, 8823.463, 8736.64700000001, 
8774.717, 9023.01000000001, 9353.92999999999, 1, 1, 1, 1, 1, 
1, 1, 1, 1, 1, 1, 0.25, 0.25, 0.25, 0.25, 0.25, 0.25, 0.25, 0.25, 
0.25, 0.25, 0.25, 0, 0, 0, 0, 0, 0, 0, 0, 0, 0, 0, 0, 0, 0, 0, 
0, 0, 0, 0, 0, 0, 0, 0.99851, 0.99867, 0.99752, 0.99886, 0.99786, 
0.99802, 0.99816, 0.99737, 0.99835, 0.99843, 0.99852, 0.99851, 
0.99867, 0.99875, 0.99773, 0.99786, 0.99802, 0.99816, 0.99825, 
0.99835, 0.99843, 0.99852, 0.024, 0.0266, 0.0287, 0.0336, 0.0354, 
0.0381, 0.0407, 0.0438, 0.0452, 0.0467, 0.0495, 65, 67.2, 69.8, 
71.6, 73.7, 74.5, 75.7, 77, 77.2, 76.9, 78.5, 1, 1, 1, 1, 1, 
1, 1, 1, 1, 1, 1, 1, 1, 1, 1, 1, 1, 1, 1, 1, 1, 1, 1, 1, 1, 1, 
1, 1, 1, 1, 1, 1, 1, 1, 1, 1, 1, 1, 1, 1, 1, 1, 1, 1, 2.765, 
2.886, 2.967, 3.023, 3.035, 3.053, 3.132, 3.187, 3.088, 3.135, 
3.205), .Dim = c(11L, 40L), .Dimnames = list(NULL, c("Sampling", 
"PSO.cost", "PSO.gamma", "PSO.data.balancing", "PSO.feature.selection", 
"PSO.valid.acc", "PSO.test.acc", "PSO.train.time", "PSO.n.support.vectors", 
"PSO.index", "PSO.n.solutions", "PSO.generations", "PSO.n.evaluations", 
"PSO.cpu.time", "RS.cost", "RS.gamma", "RS.data.balancing", "RS.feature.selection", 
"RS.valid.acc", "RS.test.acc", "RS.train.time", "RS.n.support.vectors", 
"RS.index", "RS.n.solutions", "RS.generations", "RS.n.evaluations", 
"RS.cpu.time", "DF.cost", "DF.gamma", "DF.data.balancing", "DF.feature.selection", 
"DF.valid.acc", "DF.test.acc", "DF.train.time", "DF.n.support.vectors", 
"DF.index", "DF.n.solutions", "DF.generations", "DF.n.evaluations", 
"DF.cpu.time")))
