full <-
structure(c(50, 55, 60, 65, 70, 75, 80, 85, 90, 95, 100, 8.97728, 
3.60014, 1, 2.2714, 1, 5.59059, -0.72545, 12.06331, 5.92992, 
12.35006, 11.70589, -3.69335, -2.99188, 0.25, -4.15898, 0.25, 
1.80603, 2.90758, -3.0758, -2.25102, -4.47187, -0.87586, 0, 0, 
0, 0, 0, 0, 0, 0, 0, 0, 0, 0, 0, 0, 0, 0, 0, 0, 0, 0, 0, 0, 1, 
1, 1, 1, 1, 1, 1, 1, 1, 1, 1, 1, 1, 0.99877, 1, 1, 1, 1, 1, 1, 
1, 1, 0.016, 0.0218, 0.0304, 0.0274, 0.0353, 0.0959, 0.1756, 
0.026, 0.0312, 0.0286, 0.0408, 9.9, 24.1, 68.8, 47.9, 74.1, 243, 
438.3, 13.2, 24.5, 9.5, 46.3, 3, 4, 1, 8, 1, 3, 2, 5, 6, 2, 6, 
1684, 1775, 1449, 1550, 1683, 1632, 1581, 2063, 1738, 1957, 1950, 
100, 100, 100, 100, 100, 100, 100, 100, 100, 100, 100, 2500, 
2500, 2500, 2500, 2500, 2500, 2500, 2500, 2500, 2500, 2500, 6856.547, 
6850.561, 7099.608, 7676.344, 7137.85, 7218.478, 7670.501, 6723.647, 
7705.891, 8225.81300000002, 8073.88400000002, 11.47059, 9.23466, 
8.29646, 13.05175, 11.82526, 10.10725, -0.10344, 5.35806, 7.24529, 
4.17128, 13.96129, -3.29098, -2.18797, -1.85612, 2.07637, -2.41188, 
2.22862, 2.85409, -4.48954, -0.78096, -1.14263, -3.63404, 0, 
0, 0, 0, 0, 0, 0, 0, 0, 0, 0, 0, 0, 0, 0, 0, 0, 0, 0, 0, 0, 0, 
1, 1, 1, 1, 1, 1, 1, 1, 1, 1, 1, 1, 1, 1, 1, 1, 1, 1, 1, 1, 1, 
1, 0.017, 0.0227, 0.023, 0.0931, 0.0232, 0.1138, 0.1606, 0.0271, 
0.038, 0.0384, 0.0308, 10.3, 23.8, 32, 272.3, 21.9, 300.5, 406.9, 
20.6, 49.4, 41.6, 11, 1, 8, 10, 1, 1, 3, 2, 1, 2, 4, 1, 898, 
812, 671, 506, 1024, 709, 1065, 1041, 1006, 986, 947, 100, 100, 
100, 100, 100, 100, 100, 100, 100, 100, 100, 2500, 2500, 2500, 
2500, 2500, 2500, 2500, 2500, 2500, 2500, 2500, 7005.466, 7399.942, 
7214.41, 7196.199, 7517.002, 7527.102, 7723.159, 8070.936, 8405.94499999999, 
8436.68299999999, 8915.45800000001, 1, 1, 1, 1, 1, 1, 1, 1, 1, 
1, 1, 0.25, 0.25, 0.25, 0.25, 0.25, 0.25, 0.25, 0.25, 0.25, 0.25, 
0.25, 0, 0, 0, 0, 0, 0, 0, 0, 0, 0, 0, 0, 0, 0, 0, 0, 0, 0, 0, 
0, 0, 0, 0.99851, 0.9973, 1, 0.99886, 1, 0.99802, 0.99907, 0.99826, 
0.99835, 0.99843, 0.99852, 0.99552, 0.9973, 0.99877, 1, 1, 0.99901, 
0.99907, 0.99913, 0.99835, 0.99843, 0.99852, 0.0253, 0.028, 0.0305, 
0.0319, 0.0353, 0.0369, 0.0376, 0.0416, 0.0418, 0.043, 0.0498, 
67.5, 69.7, 68.8, 71, 74.1, 74.5, 75, 77.1, 77.5, 77.4, 78.8, 
1, 1, 1, 1, 1, 1, 1, 1, 1, 1, 1, 1, 1, 1, 1, 1, 1, 1, 1, 1, 1, 
1, 1, 1, 1, 1, 1, 1, 1, 1, 1, 1, 1, 1, 1, 1, 1, 1, 1, 1, 1, 1, 
1, 1, 2.735, 2.794, 2.692, 2.675, 2.789, 2.782, 2.714, 2.797, 
2.945, 2.699, 3.019), .Dim = c(11L, 40L), .Dimnames = list(NULL, 
    c("Sampling", "PSO.cost", "PSO.gamma", "PSO.data.balancing", 
    "PSO.feature.selection", "PSO.valid.acc", "PSO.test.acc", 
    "PSO.train.time", "PSO.n.support.vectors", "PSO.index", "PSO.n.solutions", 
    "PSO.generations", "PSO.n.evaluations", "PSO.cpu.time", "RS.cost", 
    "RS.gamma", "RS.data.balancing", "RS.feature.selection", 
    "RS.valid.acc", "RS.test.acc", "RS.train.time", "RS.n.support.vectors", 
    "RS.index", "RS.n.solutions", "RS.generations", "RS.n.evaluations", 
    "RS.cpu.time", "DF.cost", "DF.gamma", "DF.data.balancing", 
    "DF.feature.selection", "DF.valid.acc", "DF.test.acc", "DF.train.time", 
    "DF.n.support.vectors", "DF.index", "DF.n.solutions", "DF.generations", 
    "DF.n.evaluations", "DF.cpu.time")))
