full <-
structure(c(50, 55, 60, 65, 70, 75, 80, 85, 90, 95, 100, 8.21999, 
11.35272, 5.24275, 0.99901, 12.59192, 3.21303, -0.07577, 12.93594, 
4.82293, 10.17862, 12.36708, -1.93151, 0.13727, -0.78818, 1.99504, 
-3.68472, -4.06514, 2.20699, -7.8454, -2.41119, -1.38934, -5.2336, 
0, 0, 0, 0, 0, 0, 0, 0, 0, 0, 0, 0, 0, 0, 0, 0, 0, 0, 0, 0, 0, 
0, 1, 1, 1, 1, 1, 1, 1, 1, 1, 1, 1, 1, 1, 0.99877, 1, 1, 1, 1, 
1, 1, 1, 1, 0.018, 0.0296, 0.0249, 0.0844, 0.0221, 0.029, 0.1246, 
0.0325, 0.031, 0.034, 0.0304, 24, 78.5, 44.8, 251.9, 8.8, 35.6, 
309.6, 7.5, 25.4, 35.5, 9.6, 5, 2, 5, 2, 2, 4, 3, 2, 6, 2, 2, 
1436, 1940, 1869, 1637, 1831, 1638, 1718, 1720, 1778, 1746, 1977, 
100, 100, 100, 100, 100, 100, 100, 100, 100, 100, 100, 2500, 
2500, 2500, 2500, 2500, 2500, 2500, 2500, 2500, 2500, 2500, 6359.292, 
6330.637, 6219.197, 6631.629, 6520.805, 6669.235, 8293.87299999999, 
7209.163, 7358.698, 7607.55900000001, 8403.36000000002, 14.36491, 
11.84282, 12.28451, 1.86729, 10.35894, 11.43807, 12.80994, 12.19064, 
0.28259, 12.10303, 11.79307, -0.44365, -1.89202, -0.81436, -1.58792, 
-3.04686, -5.64684, -9.32477, 1.78115, -0.99047, -7.98455, -3.11102, 
0, 0, 0, 0, 0, 0, 0, 0, 0, 0, 0, 0, 0, 0, 0, 0, 0, 0, 0, 0, 0, 
0, 1, 1, 1, 1, 1, 1, 1, 1, 1, 1, 1, 1, 1, 0.99877, 0.99886, 1, 
1, 1, 1, 1, 0.99922, 1, 0.0238, 0.0186, 0.0259, 0.0267, 0.0229, 
0.0248, 0.0305, 0.1069, 0.041, 0.0373, 0.0293, 53.9, 24.4, 43.9, 
42.1, 12.9, 9, 12, 247.1, 73, 9.7, 12.7, 2, 1, 5, 1, 1, 1, 2, 
7, 11, 1, 2, 761, 984, 782, 952, 835, 886, 700, 936, 689, 1004, 
1025, 100, 100, 100, 100, 100, 100, 100, 100, 100, 100, 100, 
2500, 2500, 2500, 2500, 2500, 2500, 2500, 2500, 2500, 2500, 2500, 
6535.058, 6575.242, 6878.988, 7099.05, 7046.099, 7615.068, 7536.72499999999, 
7759.628, 7942.648, 8264.742, 8577.16500000001, 1, 1, 1, 1, 1, 
1, 1, 1, 1, 1, 1, 0.25, 0.25, 0.25, 0.25, 0.25, 0.25, 0.25, 0.25, 
0.25, 0.25, 0.25, 0, 0, 0, 0, 0, 0, 0, 0, 0, 0, 0, 0, 0, 0, 0, 
0, 0, 0, 0, 0, 0, 0, 0.99701, 0.99733, 0.99625, 0.99886, 0.99785, 
0.99802, 0.99813, 0.99825, 0.99835, 0.99843, 0.99852, 0.99701, 
0.99867, 0.99625, 0.99886, 0.99785, 0.99802, 0.99813, 0.99825, 
0.99835, 0.99843, 0.99852, 0.0229, 0.0248, 0.0296, 0.0312, 0.0351, 
0.0369, 0.0393, 0.042, 0.0414, 0.045, 0.0479, 65.8, 66.9, 70.9, 
72.7, 72.8, 75.5, 76.3, 77.1, 78, 79.2, 80.1, 1, 1, 1, 1, 1, 
1, 1, 1, 1, 1, 1, 1, 1, 1, 1, 1, 1, 1, 1, 1, 1, 1, 1, 1, 1, 1, 
1, 1, 1, 1, 1, 1, 1, 1, 1, 1, 1, 1, 1, 1, 1, 1, 1, 1, 2.358, 
2.38, 2.62, 2.607, 2.698, 2.702, 2.733, 2.795, 2.646, 2.807, 
2.853), .Dim = c(11L, 40L), .Dimnames = list(NULL, c("Sampling", 
"PSO.cost", "PSO.gamma", "PSO.data.balancing", "PSO.feature.selection", 
"PSO.valid.acc", "PSO.test.acc", "PSO.train.time", "PSO.n.support.vectors", 
"PSO.index", "PSO.n.solutions", "PSO.generations", "PSO.n.evaluations", 
"PSO.cpu.time", "RS.cost", "RS.gamma", "RS.data.balancing", "RS.feature.selection", 
"RS.valid.acc", "RS.test.acc", "RS.train.time", "RS.n.support.vectors", 
"RS.index", "RS.n.solutions", "RS.generations", "RS.n.evaluations", 
"RS.cpu.time", "DF.cost", "DF.gamma", "DF.data.balancing", "DF.feature.selection", 
"DF.valid.acc", "DF.test.acc", "DF.train.time", "DF.n.support.vectors", 
"DF.index", "DF.n.solutions", "DF.generations", "DF.n.evaluations", 
"DF.cpu.time")))
