full <-
structure(c(50, 55, 60, 65, 70, 75, 80, 85, 90, 95, 100, 3.87913, 
9.44585, 11.49377, 11.68337, 12.37881, 13.70146, 2.13492, 7.87324, 
7.1301, 11.55045, 6.06033, -0.56242, -2.87639, -2.52882, -6.11255, 
-6.92121, -3.48138, 1.83047, -3.44381, -2.59342, -7.98056, -3.62214, 
0, 0, 0, 0, 0, 0, 0, 0, 0, 0, 0, 0, 0, 0, 0, 0, 0, 0, 0, 0, 0, 
0, 1, 1, 1, 1, 1, 1, 1, 1, 1, 1, 1, 1, 1, 1, 0.99885, 1, 1, 1, 
1, 1, 1, 1, 0.0251, 0.0219, 0.0222, 0.0233, 0.0266, 0.0246, 0.1012, 
0.0261, 0.0298, 0.035, 0.0321, 53, 13.9, 18, 9.4, 9.1, 10.6, 
250.8, 10.7, 18.1, 11, 14.8, 8, 2, 2, 2, 2, 2, 3, 5, 4, 3, 3, 
1890, 1766, 2075, 2067, 2042, 2140, 1762, 1599, 1831, 1867, 1865, 
100, 100, 100, 100, 100, 100, 100, 100, 100, 100, 100, 2500, 
2500, 2500, 2500, 2500, 2500, 2500, 2500, 2500, 2500, 2500, 6675.71, 
7059.923, 7128.283, 6948.503, 7025.95, 7196.99099999999, 7631.59600000001, 
7445.724, 8124.70000000001, 7731.508, 7428.16800000001, 13.80464, 
3.83592, 4.00584, 14.39358, 2.1896, 5.80497, 8.13894, 7.14802, 
11.98962, 11.39161, 14.56764, -2.28141, 1.99925, 0.6058, -2.03675, 
-0.15837, 0.08044, 1.78534, -4.10542, -2.17536, -2.46017, -0.65965, 
0, 0, 0, 0, 0, 0, 0, 0, 0, 0, 0, 0, 0, 0, 0, 0, 0, 0, 0, 0, 0, 
0, 1, 1, 1, 1, 1, 1, 1, 1, 1, 1, 1, 1, 1, 1, 1, 1, 1, 1, 1, 1, 
1, 1, 0.0187, 0.0676, 0.0416, 0.0228, 0.0349, 0.04, 0.0972, 0.0265, 
0.0304, 0.0311, 0.044, 18.7, 238.5, 110, 23.3, 69.3, 78.6, 244.7, 
12.2, 23.9, 20.6, 53.2, 3, 3, 2, 3, 1, 2, 2, 1, 6, 4, 4, 958, 
1098, 1162, 1199, 1093, 1187, 862, 866, 1002, 937, 1096, 100, 
100, 100, 100, 100, 100, 100, 100, 100, 100, 100, 2500, 2500, 
2500, 2500, 2500, 2500, 2500, 2500, 2500, 2500, 2500, 7152.997, 
7210.666, 7348.429, 7427.267, 7431.161, 7628.90699999999, 8029.73, 
8089.11600000001, 8352.43700000001, 8334.67199999999, 8389.272, 
1, 1, 1, 1, 1, 1, 1, 1, 1, 1, 1, 0.25, 0.25, 0.25, 0.25, 0.25, 
0.25, 0.25, 0.25, 0.25, 0.25, 0.25, 0, 0, 0, 0, 0, 0, 0, 0, 0, 
0, 0, 0, 0, 0, 0, 0, 0, 0, 0, 0, 0, 0, 0.99701, 0.99728, 0.99753, 
0.99658, 0.99682, 0.99801, 0.9963, 0.99825, 0.99835, 0.99843, 
0.99852, 0.99701, 0.99593, 0.99753, 0.99888, 0.99788, 0.99801, 
0.9963, 0.99737, 0.99835, 0.99843, 0.99852, 0.0258, 0.0289, 0.0314, 
0.0324, 0.0336, 0.036, 0.0414, 0.0423, 0.0444, 0.0469, 0.0499, 
66.6, 69, 71.3, 72.5, 73.5, 73.8, 76.2, 76.2, 77.4, 78.3, 80, 
1, 1, 1, 1, 1, 1, 1, 1, 1, 1, 1, 1, 1, 1, 1, 1, 1, 1, 1, 1, 1, 
1, 1, 1, 1, 1, 1, 1, 1, 1, 1, 1, 1, 1, 1, 1, 1, 1, 1, 1, 1, 1, 
1, 1, 2.757, 2.683, 2.753, 2.716, 2.622, 2.678, 2.822, 2.891, 
2.896, 2.891, 2.89), .Dim = c(11L, 40L), .Dimnames = list(NULL, 
    c("Sampling", "PSO.cost", "PSO.gamma", "PSO.data.balancing", 
    "PSO.feature.selection", "PSO.valid.acc", "PSO.test.acc", 
    "PSO.train.time", "PSO.n.support.vectors", "PSO.index", "PSO.n.solutions", 
    "PSO.generations", "PSO.n.evaluations", "PSO.cpu.time", "RS.cost", 
    "RS.gamma", "RS.data.balancing", "RS.feature.selection", 
    "RS.valid.acc", "RS.test.acc", "RS.train.time", "RS.n.support.vectors", 
    "RS.index", "RS.n.solutions", "RS.generations", "RS.n.evaluations", 
    "RS.cpu.time", "DF.cost", "DF.gamma", "DF.data.balancing", 
    "DF.feature.selection", "DF.valid.acc", "DF.test.acc", "DF.train.time", 
    "DF.n.support.vectors", "DF.index", "DF.n.solutions", "DF.generations", 
    "DF.n.evaluations", "DF.cpu.time")))
