full <-
structure(c(50, 55, 60, 65, 70, 75, 80, 85, 90, 95, 100, 2.07004, 
11.21862, 1.64968, 9.77688, 9.73499, 12.88241, 1.73002, 0.23012, 
12.90951, 3.33765, 11.81311, -2.01081, -3.30934, 2.01941, -7.16106, 
-6.26434, -4.50606, -2.35258, 2.22465, -8.16017, 1.81673, -3.8173, 
0, 0, 0, 0, 0, 0, 0, 0, 0, 0, 0, 0, 0, 0, 0, 0, 0, 0, 0, 0, 0, 
0, 1, 1, 1, 1, 1, 1, 1, 1, 1, 1, 1, 1, 1, 1, 1, 1, 1, 1, 1, 1, 
1, 1, 0.0199, 0.0194, 0.0751, 0.0238, 0.0243, 0.0222, 0.0328, 
0.1408, 0.0364, 0.1171, 0.0318, 34.8, 10.6, 248.9, 11.8, 10.1, 
9.3, 42.4, 321.1, 8.1, 261.7, 10.7, 11, 4, 2, 2, 3, 6, 3, 3, 
2, 3, 8, 1446, 1723, 1031, 1296, 1415, 1680, 1681, 1554, 1811, 
1268, 1827, 100, 100, 100, 100, 100, 100, 100, 100, 100, 100, 
100, 2500, 2500, 2500, 2500, 2500, 2500, 2500, 2500, 2500, 2500, 
2500, 6278.18, 7061.309, 7005.808, 7456.202, 6994.085, 7364.71500000001, 
8531.327, 8035.432, 7573.595, 8293.39999999999, 7463.66200000001, 
12.01694, 5.50571, 10.5772, 8.75298, 5.17439, 11.25025, 13.79059, 
9.76882, 10.47496, 10.21864, 5.92472, -7.6994, -1.36665, 1.48359, 
2.15662, -1.6306, -5.52407, -0.87705, -6.12305, -3.49661, -3.02927, 
-3.99668, 0, 0, 0, 0, 0, 0, 0, 0, 0, 0, 0, 0, 0, 0, 0, 0, 0, 
0, 0, 0, 0, 0, 1, 1, 1, 1, 1, 1, 1, 1, 1, 1, 1, 1, 1, 1, 1, 1, 
0.999, 1, 1, 1, 0.99921, 1, 0.0192, 0.0236, 0.062, 0.0865, 0.0268, 
0.0249, 0.0334, 0.0278, 0.028, 0.0287, 0.0311, 8.6, 36.3, 188.7, 
271.8, 31.9, 9.4, 44.2, 10.3, 11.8, 14.8, 16.2, 2, 1, 5, 4, 7, 
3, 13, 2, 6, 1, 7, 1002, 861, 445, 641, 706, 795, 683, 901, 913, 
614, 957, 100, 100, 100, 100, 100, 100, 100, 100, 100, 100, 100, 
2500, 2500, 2500, 2500, 2500, 2500, 2500, 2500, 2500, 2500, 2500, 
6976.643, 7248.614, 7338.757, 7243.122, 7558.467, 7604.667, 8103.43299999999, 
8242.81299999999, 8207.243, 8327.26799999998, 8775.11299999998, 
1, 1, 1, 1, 1, 1, 1, 1, 1, 1, 1, 0.25, 0.25, 0.25, 0.25, 0.25, 
0.25, 0.25, 0.25, 0.25, 0.25, 0.25, 0, 0, 0, 0, 0, 0, 0, 0, 0, 
0, 0, 0, 0, 0, 0, 0, 0, 0, 0, 0, 0, 0, 0.99704, 0.99865, 0.99752, 
0.9977, 0.99894, 0.99801, 0.99814, 0.99825, 0.99836, 0.99843, 
0.99851, 0.99704, 0.9973, 0.99752, 0.9977, 0.99787, 0.99801, 
0.99814, 0.99825, 0.99836, 0.99843, 0.99851, 0.0258, 0.0271, 
0.0307, 0.0318, 0.0328, 0.0358, 0.0392, 0.041, 0.0419, 0.0438, 
0.0517, 65.9, 68.3, 70, 69.8, 70.5, 71.9, 73.6, 75.6, 74.8, 76.5, 
80.1, 1, 1, 1, 1, 1, 1, 1, 1, 1, 1, 1, 1, 1, 1, 1, 1, 1, 1, 1, 
1, 1, 1, 1, 1, 1, 1, 1, 1, 1, 1, 1, 1, 1, 1, 1, 1, 1, 1, 1, 1, 
1, 1, 1, 1, 2.781, 2.592, 2.776, 2.634, 2.791, 2.771, 2.774, 
2.751, 2.82, 2.921, 2.978), .Dim = c(11L, 40L), .Dimnames = list(
    NULL, c("Sampling", "PSO.cost", "PSO.gamma", "PSO.data.balancing", 
    "PSO.feature.selection", "PSO.valid.acc", "PSO.test.acc", 
    "PSO.train.time", "PSO.n.support.vectors", "PSO.index", "PSO.n.solutions", 
    "PSO.generations", "PSO.n.evaluations", "PSO.cpu.time", "RS.cost", 
    "RS.gamma", "RS.data.balancing", "RS.feature.selection", 
    "RS.valid.acc", "RS.test.acc", "RS.train.time", "RS.n.support.vectors", 
    "RS.index", "RS.n.solutions", "RS.generations", "RS.n.evaluations", 
    "RS.cpu.time", "DF.cost", "DF.gamma", "DF.data.balancing", 
    "DF.feature.selection", "DF.valid.acc", "DF.test.acc", "DF.train.time", 
    "DF.n.support.vectors", "DF.index", "DF.n.solutions", "DF.generations", 
    "DF.n.evaluations", "DF.cpu.time")))
