full <-
structure(c(50, 55, 60, 65, 70, 75, 80, 85, 90, 95, 100, 13.66464, 
1.03472, 1, 1.09986, 1, 1, 1, 1, 1, 11.2402, 10.88656, -5.60775, 
-1.75002, 0.25, -2.29863, 0.25, 0.25, 0.25, 0.25, 0.25, -2.23784, 
-2.12147, 0, 0, 0, 0, 0, 0, 0, 0, 0, 0, 0, 0, 0, 0, 0, 0, 0, 
0, 0, 0, 0, 0, 1, 1, 1, 1, 1, 1, 1, 1, 1, 1, 1, 0.99853, 1, 0.99877, 
1, 1, 1, 1, 1, 1, 1, 1, 0.0181, 0.0235, 0.0297, 0.0275, 0.0342, 
0.0369, 0.038, 0.0422, 0.04, 0.0338, 0.035, 9.2, 45.8, 64.9, 
48.3, 70.7, 72.5, 72.4, 73.4, 74.7, 24.5, 24.2, 13, 2, 1, 6, 
1, 1, 1, 1, 1, 3, 4, 1226, 1155, 1233, 1295, 1535, 1696, 1426, 
1513, 1667, 1777, 1948, 100, 100, 100, 100, 100, 100, 100, 100, 
100, 100, 100, 2500, 2500, 2500, 2500, 2500, 2500, 2500, 2500, 
2500, 2500, 2500, 6187.289, 7114.425, 7054.925, 7688.429, 7012.703, 
7037.32900000001, 7331.425, 8343.458, 7335.167, 7760.103, 7213.878, 
14.20342, -0.25789, 5.30203, 9.38686, 14.88932, 10.259, 9.96363, 
8.73438, 6.73627, 13.06051, 12.51714, -8.15028, -1.17055, 2.23059, 
2.90658, -9.09205, 1.53359, -2.79688, -0.85592, -1.4755, -2.47337, 
-0.2912, 0, 0, 0, 0, 0, 0, 0, 0, 0, 0, 0, 0, 0, 0, 0, 0, 0, 0, 
0, 0, 0, 0, 1, 1, 1, 1, 1, 1, 1, 1, 1, 1, 1, 0.99853, 0.99865, 
1, 1, 1, 1, 1, 1, 1, 1, 1, 0.0186, 0.03, 0.087, 0.1404, 0.0271, 
0.078, 0.0277, 0.0344, 0.032, 0.0321, 0.0484, 7.6, 71.3, 271, 
373.4, 7.4, 199.5, 17.4, 45.9, 35.2, 20.9, 69.1, 2, 7, 2, 7, 
3, 5, 5, 4, 5, 2, 1, 624, 429, 580, 329, 950, 981, 838, 529, 
996, 984, 1004, 100, 100, 100, 100, 100, 100, 100, 100, 100, 
100, 100, 2500, 2500, 2500, 2500, 2500, 2500, 2500, 2500, 2500, 
2500, 2500, 6721.056, 7319.387, 7490.33, 7356.524, 7613.42600000001, 
7643.561, 7962.632, 7702.39, 8248.92499999999, 8209.27600000001, 
8576.01200000002, 1, 1, 1, 1, 1, 1, 1, 1, 1, 1, 1, 0.25, 0.25, 
0.25, 0.25, 0.25, 0.25, 0.25, 0.25, 0.25, 0.25, 0.25, 0, 0, 0, 
0, 0, 0, 0, 0, 0, 0, 0, 0, 0, 0, 0, 0, 0, 0, 0, 0, 0, 0, 0.99701, 
0.99865, 1, 0.9977, 1, 1, 1, 1, 1, 0.99922, 0.99852, 0.99851, 
0.99865, 0.99877, 0.99886, 1, 1, 1, 1, 1, 0.99922, 0.99852, 0.0238, 
0.0278, 0.0301, 0.0308, 0.0342, 0.0366, 0.0393, 0.038, 0.0433, 
0.0469, 0.049, 61, 63.7, 64.9, 69.3, 70.7, 72.5, 72.4, 73.4, 
74.7, 76.2, 78.7, 1, 1, 1, 1, 1, 1, 1, 1, 1, 1, 1, 1, 1, 1, 1, 
1, 1, 1, 1, 1, 1, 1, 1, 1, 1, 1, 1, 1, 1, 1, 1, 1, 1, 1, 1, 1, 
1, 1, 1, 1, 1, 1, 1, 1, 2.621, 2.747, 2.733, 2.611, 2.718, 2.727, 
2.872, 2.521, 2.921, 2.88, 2.863), .Dim = c(11L, 40L), .Dimnames = list(
    NULL, c("Sampling", "PSO.cost", "PSO.gamma", "PSO.data.balancing", 
    "PSO.feature.selection", "PSO.valid.acc", "PSO.test.acc", 
    "PSO.train.time", "PSO.n.support.vectors", "PSO.index", "PSO.n.solutions", 
    "PSO.generations", "PSO.n.evaluations", "PSO.cpu.time", "RS.cost", 
    "RS.gamma", "RS.data.balancing", "RS.feature.selection", 
    "RS.valid.acc", "RS.test.acc", "RS.train.time", "RS.n.support.vectors", 
    "RS.index", "RS.n.solutions", "RS.generations", "RS.n.evaluations", 
    "RS.cpu.time", "DF.cost", "DF.gamma", "DF.data.balancing", 
    "DF.feature.selection", "DF.valid.acc", "DF.test.acc", "DF.train.time", 
    "DF.n.support.vectors", "DF.index", "DF.n.solutions", "DF.generations", 
    "DF.n.evaluations", "DF.cpu.time")))
