full <-
structure(c(50, 55, 60, 65, 70, 75, 80, 85, 90, 95, 100, 1, 7.17068, 
10.88421, 1, 10.36693, 12.13858, 5.63279, 1.53132, 11.14374, 
3.96748, 14.37809, 0.25, 1.40401, 1.62725, 0.25, -5.89559, -1.47845, 
-3.3799, 1.99422, -0.91258, 2.95216, -4.58285, 0, 0, 0, 0, 0, 
0, 0, 0, 0, 0, 0, 0, 0, 0, 0, 0, 0, 0, 0, 0, 0, 0, 1, 1, 1, 1, 
1, 1, 1, 1, 1, 1, 1, 1, 1, 1, 1, 1, 1, 1, 1, 1, 1, 1, 0.0263, 
0.0539, 0.0654, 0.0322, 0.0246, 0.0297, 0.0265, 0.1184, 0.0368, 
0.2235, 0.0276, 65.4, 177.7, 201.9, 69.3, 9.5, 35.2, 15.3, 284.8, 
45.3, 468.8, 9.4, 1, 2, 6, 1, 2, 2, 2, 6, 3, 6, 2, 1262, 1539, 
1658, 1211, 1679, 1792, 1798, 1907, 1586, 1710, 1976, 100, 100, 
100, 100, 100, 100, 100, 100, 100, 100, 100, 2500, 2500, 2500, 
2500, 2500, 2500, 2500, 2500, 2500, 2500, 2500, 6770.723, 6475.754, 
6610.701, 6984.024, 7271.287, 7198.94900000001, 7326.736, 7361.17199999999, 
7377.875, 9129.905, 7322.63499999998, 5.92399, 1.27189, 13.39691, 
13.55602, 10.90354, 11.4446, 12.18392, 13.22221, 10.76347, 7.06068, 
13.89064, -3.9806, -0.46139, -6.44335, -1.23585, -4.21396, -7.36692, 
1.29389, -1.7676, -7.60575, 2.24943, -9.97206, 0, 0, 0, 0, 0, 
0, 0, 0, 0, 0, 0, 0, 0, 0, 0, 0, 0, 0, 0, 0, 0, 0, 1, 1, 1, 1, 
1, 1, 1, 1, 1, 1, 1, 0.99853, 1, 1, 1, 1, 1, 1, 1, 1, 1, 0.99925, 
0.0187, 0.0261, 0.021, 0.0283, 0.0211, 0.0277, 0.0794, 0.0313, 
0.0318, 0.1688, 0.0431, 14.4, 62.7, 9.3, 40.9, 10.2, 9.3, 188.7, 
30, 11.9, 340.7, 12.6, 3, 1, 2, 1, 1, 11, 3, 1, 7, 2, 2, 769, 
915, 892, 442, 829, 848, 1006, 973, 950, 668, 931, 100, 100, 
100, 100, 100, 100, 100, 100, 100, 100, 100, 2500, 2500, 2500, 
2500, 2500, 2500, 2500, 2500, 2500, 2500, 2500, 6638.949, 6721.537, 
6992.141, 7184.763, 7384.053, 7498.47900000001, 7760.50599999999, 
7995.481, 8197.09, 8380.76199999999, 8487.625, 1, 1, 1, 1, 1, 
1, 1, 1, 1, 1, 1, 0.25, 0.25, 0.25, 0.25, 0.25, 0.25, 0.25, 0.25, 
0.25, 0.25, 0.25, 0, 0, 0, 0, 0, 0, 0, 0, 0, 0, 0, 0, 0, 0, 0, 
0, 0, 0, 0, 0, 0, 0, 1, 0.99867, 0.99877, 1, 0.99785, 0.99701, 
0.99814, 0.99825, 0.99835, 0.99844, 0.99852, 1, 1, 0.99877, 1, 
0.99785, 0.99602, 0.99814, 0.99825, 0.99835, 0.99844, 0.99852, 
0.0258, 0.0271, 0.0298, 0.0299, 0.0334, 0.0377, 0.038, 0.0403, 
0.0435, 0.0439, 0.0468, 65.4, 66.7, 67.6, 69.3, 70.8, 72.5, 74.1, 
76.5, 76.6, 77.8, 79.1, 1, 1, 1, 1, 1, 1, 1, 1, 1, 1, 1, 1, 1, 
1, 1, 1, 1, 1, 1, 1, 1, 1, 1, 1, 1, 1, 1, 1, 1, 1, 1, 1, 1, 1, 
1, 1, 1, 1, 1, 1, 1, 1, 1, 1, 2.616, 2.567, 2.69, 2.505, 2.607, 
2.822, 2.745, 2.692, 2.873, 2.743, 2.787), .Dim = c(11L, 40L), .Dimnames = list(
    NULL, c("Sampling", "PSO.cost", "PSO.gamma", "PSO.data.balancing", 
    "PSO.feature.selection", "PSO.valid.acc", "PSO.test.acc", 
    "PSO.train.time", "PSO.n.support.vectors", "PSO.index", "PSO.n.solutions", 
    "PSO.generations", "PSO.n.evaluations", "PSO.cpu.time", "RS.cost", 
    "RS.gamma", "RS.data.balancing", "RS.feature.selection", 
    "RS.valid.acc", "RS.test.acc", "RS.train.time", "RS.n.support.vectors", 
    "RS.index", "RS.n.solutions", "RS.generations", "RS.n.evaluations", 
    "RS.cpu.time", "DF.cost", "DF.gamma", "DF.data.balancing", 
    "DF.feature.selection", "DF.valid.acc", "DF.test.acc", "DF.train.time", 
    "DF.n.support.vectors", "DF.index", "DF.n.solutions", "DF.generations", 
    "DF.n.evaluations", "DF.cpu.time")))
