full <-
structure(c(50, 55, 60, 65, 70, 75, 80, 85, 90, 95, 100, 3.15927, 
3.5148, 4.59939, 14.8678, 11.5443, 8.38912, 0.00023, 8.86082, 
13.83804, 11.96163, 8.01227, -3.94389, -1.52362, -1.07617, -8.54621, 
-2.87267, 2.34796, 0.29057, -3.73449, -5.25908, -3.77195, -2.72421, 
0, 0, 0, 0, 0, 0, 0, 0, 0, 0, 0, 0, 0, 0, 0, 0, 0, 0, 0, 0, 0, 
0, 1, 1, 1, 1, 1, 1, 1, 1, 1, 1, 1, 1, 1, 1, 1, 0.99894, 1, 1, 
1, 1, 1, 1, 0.0193, 0.0232, 0.0245, 0.0239, 0.0229, 0.1262, 0.0505, 
0.0262, 0.0278, 0.0305, 0.0298, 28.5, 34.8, 39.7, 7.6, 13.5, 
322.7, 110.5, 10, 9.2, 10.6, 17.1, 2, 2, 6, 2, 2, 2, 4, 7, 3, 
4, 2, 1907, 1676, 2035, 1908, 1952, 2093, 1895, 2041, 2048, 1978, 
1931, 100, 100, 100, 100, 100, 100, 100, 100, 100, 100, 100, 
2500, 2500, 2500, 2500, 2500, 2500, 2500, 2500, 2500, 2500, 2500, 
6459.356, 6746.467, 6640.969, 6864.425, 7084.887, 7726.89199999999, 
7753.106, 7228.401, 8050.864, 7123.16400000002, 7189.726, 11.05056, 
11.56979, 3.83078, 5.2691, 13.51565, 11.43458, 7.70246, 7.01656, 
14.47824, 14.30903, 10.94637, 2.51525, -6.80389, 0.63994, -2.59505, 
-7.30673, -0.88407, -0.66185, 2.14353, -10.81304, -0.96997, -4.12918, 
0, 0, 0, 0, 0, 0, 0, 0, 0, 0, 0, 0, 0, 0, 0, 0, 0, 0, 0, 0, 0, 
0, 1, 1, 1, 1, 1, 1, 1, 1, 1, 1, 1, 1, 1, 0.99875, 1, 1, 1, 1, 
1, 0.99917, 0.99922, 1, 0.0833, 0.0216, 0.0435, 0.0245, 0.0265, 
0.0336, 0.0365, 0.134, 0.0399, 0.0389, 0.0266, 287.7, 8.8, 118.9, 
20.5, 8.2, 45.7, 51.7, 304.2, 15.7, 44.1, 9.2, 1, 7, 1, 1, 2, 
4, 2, 3, 3, 2, 1, 1204, 1014, 944, 1219, 989, 1139, 833, 1211, 
1218, 998, 889, 100, 100, 100, 100, 100, 100, 100, 100, 100, 
100, 100, 2500, 2500, 2500, 2500, 2500, 2500, 2500, 2500, 2500, 
2500, 2500, 6897.348, 6866.802, 7073.673, 7186.765, 7872.914, 
7688.359, 7990.16500000001, 8365.02499999999, 8313.595, 8460.29500000001, 
8394.13, 1, 1, 1, 1, 1, 1, 1, 1, 1, 1, 1, 0.25, 0.25, 0.25, 0.25, 
0.25, 0.25, 0.25, 0.25, 0.25, 0.25, 0.25, 0, 0, 0, 0, 0, 0, 0, 
0, 0, 0, 0, 0, 0, 0, 0, 0, 0, 0, 0, 0, 0, 0, 0.99848, 0.99863, 
0.99875, 0.99886, 0.99787, 0.99802, 0.99813, 0.99825, 0.99835, 
0.99843, 0.99852, 0.99848, 0.99863, 0.99875, 0.99886, 0.99787, 
0.99802, 0.99813, 0.99825, 0.99835, 0.99843, 0.99852, 0.0246, 
0.0276, 0.0294, 0.0303, 0.0356, 0.0351, 0.0378, 0.0422, 0.0435, 
0.0454, 0.0463, 62.7, 65.6, 67.4, 69.9, 70.6, 71.2, 72, 75.5, 
77.5, 78.9, 79.8, 1, 1, 1, 1, 1, 1, 1, 1, 1, 1, 1, 1, 1, 1, 1, 
1, 1, 1, 1, 1, 1, 1, 1, 1, 1, 1, 1, 1, 1, 1, 1, 1, 1, 1, 1, 1, 
1, 1, 1, 1, 1, 1, 1, 1, 2.724, 2.647, 2.739, 2.564, 2.833, 2.633, 
2.7, 2.905, 2.864, 2.805, 2.736), .Dim = c(11L, 40L), .Dimnames = list(
    NULL, c("Sampling", "PSO.cost", "PSO.gamma", "PSO.data.balancing", 
    "PSO.feature.selection", "PSO.valid.acc", "PSO.test.acc", 
    "PSO.train.time", "PSO.n.support.vectors", "PSO.index", "PSO.n.solutions", 
    "PSO.generations", "PSO.n.evaluations", "PSO.cpu.time", "RS.cost", 
    "RS.gamma", "RS.data.balancing", "RS.feature.selection", 
    "RS.valid.acc", "RS.test.acc", "RS.train.time", "RS.n.support.vectors", 
    "RS.index", "RS.n.solutions", "RS.generations", "RS.n.evaluations", 
    "RS.cpu.time", "DF.cost", "DF.gamma", "DF.data.balancing", 
    "DF.feature.selection", "DF.valid.acc", "DF.test.acc", "DF.train.time", 
    "DF.n.support.vectors", "DF.index", "DF.n.solutions", "DF.generations", 
    "DF.n.evaluations", "DF.cpu.time")))
