full <-
structure(c(50, 55, 60, 65, 70, 75, 80, 85, 90, 95, 100, 13.5712, 
9.39762, 1.59445, 7.16425, 9.42591, 11.72401, 5.4429, 4.49723, 
14.47384, 6.69497, 13.15185, -2.41322, -4.01367, 0.09298, -2.21804, 
1.12444, -5.85312, -4.22053, -0.99286, -5.71676, 2.27514, -7.55578, 
0, 0, 0, 0, 0, 0, 0, 0, 0, 0, 0, 0, 0, 0, 0, 0, 0, 0, 0, 0, 0, 
0, 1, 1, 1, 1, 1, 1, 1, 1, 1, 1, 1, 1, 1, 1, 1, 1, 1, 1, 1, 1, 
1, 1, 0.0187, 0.0194, 0.0358, 0.0209, 0.0605, 0.0245, 0.0269, 
0.036, 0.0316, 0.1706, 0.0389, 18.9, 10.3, 84.4, 20.9, 161.8, 
8.8, 18.4, 42.9, 9.6, 343.2, 8.4, 9, 7, 3, 9, 2, 2, 3, 5, 5, 
5, 2, 1696, 1495, 2054, 1864, 2200, 2134, 1837, 1475, 1640, 1490, 
1897, 100, 100, 100, 100, 100, 100, 100, 100, 100, 100, 100, 
2500, 2500, 2500, 2500, 2500, 2500, 2500, 2500, 2500, 2500, 2500, 
6204.973, 6401.183, 6884.796, 6927.2, 7055.626, 7536.02099999999, 
8213.85000000001, 7545.458, 7754.64599999999, 7943.413, 7423.15400000001, 
5.88086, 12.32397, 8.3948, 3.66364, 1.18417, 8.24883, 13.40244, 
7.27512, 6.9831, 5.6227, 10.37965, -1.98011, -7.15903, -3.95279, 
1.96659, 0.1166, -4.4074, -1.95595, 2.49337, -2.97279, -4.79729, 
-5.89904, 0, 0, 0, 0, 0, 0, 0, 0, 0, 0, 0, 0, 0, 0, 0, 0, 0, 
0, 0, 0, 0, 0, 1, 1, 1, 1, 1, 1, 1, 1, 1, 1, 1, 1, 0.99863, 1, 
1, 1, 1, 1, 1, 1, 1, 1, 0.0193, 0.0211, 0.0198, 0.0793, 0.0429, 
0.0239, 0.0296, 0.1575, 0.0286, 0.0307, 0.0327, 24.4, 8.6, 9.7, 
252.6, 90.3, 10.9, 25, 369.3, 15.1, 20, 9.5, 22, 27, 1, 4, 1, 
1, 9, 2, 3, 5, 1, 210, 238, 775, 842, 1091, 1125, 845, 901, 989, 
752, 1057, 100, 100, 100, 100, 100, 100, 100, 100, 100, 100, 
100, 2500, 2500, 2500, 2500, 2500, 2500, 2500, 2500, 2500, 2500, 
2500, 6792.377, 7031.191, 6857.489, 7243.883, 7871.87299999999, 
8006.234, 8108.26400000001, 8206.34, 8268.986, 8340.66899999999, 
8470.85999999999, 1, 1, 1, 1, 1, 1, 1, 1, 1, 1, 1, 0.25, 0.25, 
0.25, 0.25, 0.25, 0.25, 0.25, 0.25, 0.25, 0.25, 0.25, 0, 0, 0, 
0, 0, 0, 0, 0, 0, 0, 0, 0, 0, 0, 0, 0, 0, 0, 0, 0, 0, 0, 0.99851, 
0.9973, 0.99753, 0.99771, 0.99788, 0.998, 0.99815, 0.99826, 0.99835, 
0.99844, 0.99851, 0.99851, 0.9973, 0.99753, 0.99771, 0.99788, 
0.997, 0.99722, 0.99826, 0.99835, 0.99844, 0.99851, 0.0238, 0.0272, 
0.0306, 0.0323, 0.0347, 0.0374, 0.0395, 0.0419, 0.0449, 0.0456, 
0.0486, 63.3, 64.5, 69, 69.9, 71.1, 72.9, 73.8, 76.2, 76.5, 78.4, 
80, 1, 1, 1, 1, 1, 1, 1, 1, 1, 1, 1, 1, 1, 1, 1, 1, 1, 1, 1, 
1, 1, 1, 1, 1, 1, 1, 1, 1, 1, 1, 1, 1, 1, 1, 1, 1, 1, 1, 1, 1, 
1, 1, 1, 1, 2.557, 2.696, 2.763, 2.743, 2.852, 2.927, 2.955, 
2.963, 2.942, 2.762, 3.003), .Dim = c(11L, 40L), .Dimnames = list(
    NULL, c("Sampling", "PSO.cost", "PSO.gamma", "PSO.data.balancing", 
    "PSO.feature.selection", "PSO.valid.acc", "PSO.test.acc", 
    "PSO.train.time", "PSO.n.support.vectors", "PSO.index", "PSO.n.solutions", 
    "PSO.generations", "PSO.n.evaluations", "PSO.cpu.time", "RS.cost", 
    "RS.gamma", "RS.data.balancing", "RS.feature.selection", 
    "RS.valid.acc", "RS.test.acc", "RS.train.time", "RS.n.support.vectors", 
    "RS.index", "RS.n.solutions", "RS.generations", "RS.n.evaluations", 
    "RS.cpu.time", "DF.cost", "DF.gamma", "DF.data.balancing", 
    "DF.feature.selection", "DF.valid.acc", "DF.test.acc", "DF.train.time", 
    "DF.n.support.vectors", "DF.index", "DF.n.solutions", "DF.generations", 
    "DF.n.evaluations", "DF.cpu.time")))
