full <-
structure(c(50, 55, 60, 65, 70, 75, 80, 85, 90, 95, 100, 14.15504, 
1, 13.45237, 1, 1, 4.00484, 9.66516, 5.09425, 6.15968, 13.3934, 
6.63698, 2.46427, 0.25, -3.18601, 0.25, 0.25, -3.26444, -6.64641, 
-4.53258, 1.70891, 1.67204, -2.45258, 0, 0, 0, 0, 0, 0, 0, 0, 
0, 0, 0, 0, 0, 0, 0, 0, 0, 0, 0, 0, 0, 0, 1, 1, 1, 1, 1, 1, 1, 
1, 1, 1, 1, 1, 1, 1, 1, 1, 1, 0.99907, 1, 1, 1, 0.99926, 0.0812, 
0.0272, 0.0211, 0.0332, 0.0349, 0.0278, 0.0282, 0.0282, 0.106, 
0.1111, 0.0337, 282.4, 65.9, 15.1, 68, 70.2, 24.2, 10.9, 21.3, 
241.6, 242.4, 20.1, 6, 1, 3, 1, 1, 2, 6, 2, 3, 2, 4, 1261, 1133, 
1458, 952, 857, 1421, 1257, 1449, 1352, 1409, 1836, 100, 100, 
100, 100, 100, 100, 100, 100, 100, 100, 100, 2500, 2500, 2500, 
2500, 2500, 2500, 2500, 2500, 2500, 2500, 2500, 6533.747, 6834.93, 
6437.313, 6819.83100000001, 7170.503, 8044.81600000001, 6847.204, 
8025.95600000001, 7423.852, 8222.82400000002, 7656.59400000001, 
8.85199, 11.85879, 7.34833, 4.15901, 3.70338, 7.53921, 5.93999, 
4.91163, 11.32797, 10.63901, 12.36765, -2.97181, -1.2605, -2.98854, 
-3.46338, -1.9993, 1.86152, -4.1505, -3.40692, 2.99872, 2.73516, 
-0.3039, 0, 0, 0, 0, 0, 0, 0, 0, 0, 0, 0, 0, 0, 0, 0, 0, 0, 0, 
0, 0, 0, 0, 1, 1, 1, 1, 1, 1, 1, 1, 1, 1, 1, 1, 1, 1, 1, 1, 1, 
1, 1, 1, 1, 1, 0.0202, 0.0247, 0.0217, 0.0238, 0.0256, 0.0948, 
0.026, 0.0263, 0.2028, 0.2011, 0.05, 17.8, 38.1, 17.4, 23.3, 
28.3, 255, 14.9, 17.9, 463.8, 432.5, 68.6, 1, 10, 5, 3, 11, 5, 
1, 3, 2, 1, 4, 470, 599, 417, 560, 363, 612, 377, 641, 653, 666, 
974, 100, 100, 100, 100, 100, 100, 100, 100, 100, 100, 100, 2500, 
2500, 2500, 2500, 2500, 2500, 2500, 2500, 2500, 2500, 2500, 6734.533, 
6813.082, 7093.948, 7402.215, 7521.343, 7683.268, 7878.32399999999, 
8046.304, 8208.49599999998, 8343.04800000001, 8880.31, 1, 1, 
1, 1, 1, 1, 1, 1, 1, 1, 1, 0.25, 0.25, 0.25, 0.25, 0.25, 0.25, 
0.25, 0.25, 0.25, 0.25, 0.25, 0, 0, 0, 0, 0, 0, 0, 0, 0, 0, 0, 
0, 0, 0, 0, 0, 0, 0, 0, 0, 0, 0, 0.99853, 1, 0.99877, 1, 1, 0.99901, 
0.99907, 0.99912, 0.99918, 0.99843, 0.99852, 0.99853, 1, 1, 1, 
1, 0.99901, 0.99907, 0.99912, 0.99918, 0.99843, 0.99852, 0.0242, 
0.0275, 0.0304, 0.032, 0.0347, 0.038, 0.0382, 0.0416, 0.0431, 
0.0453, 0.0512, 63.7, 65.9, 66.8, 68, 70.2, 71.9, 72.9, 74.9, 
76.5, 78.4, 79.4, 1, 1, 1, 1, 1, 1, 1, 1, 1, 1, 1, 1, 1, 1, 1, 
1, 1, 1, 1, 1, 1, 1, 1, 1, 1, 1, 1, 1, 1, 1, 1, 1, 1, 1, 1, 1, 
1, 1, 1, 1, 1, 1, 1, 1, 2.482, 2.643, 2.759, 2.76, 2.805, 2.876, 
2.754, 2.846, 2.813, 2.914, 3.112), .Dim = c(11L, 40L), .Dimnames = list(
    NULL, c("Sampling", "PSO.cost", "PSO.gamma", "PSO.data.balancing", 
    "PSO.feature.selection", "PSO.valid.acc", "PSO.test.acc", 
    "PSO.train.time", "PSO.n.support.vectors", "PSO.index", "PSO.n.solutions", 
    "PSO.generations", "PSO.n.evaluations", "PSO.cpu.time", "RS.cost", 
    "RS.gamma", "RS.data.balancing", "RS.feature.selection", 
    "RS.valid.acc", "RS.test.acc", "RS.train.time", "RS.n.support.vectors", 
    "RS.index", "RS.n.solutions", "RS.generations", "RS.n.evaluations", 
    "RS.cpu.time", "DF.cost", "DF.gamma", "DF.data.balancing", 
    "DF.feature.selection", "DF.valid.acc", "DF.test.acc", "DF.train.time", 
    "DF.n.support.vectors", "DF.index", "DF.n.solutions", "DF.generations", 
    "DF.n.evaluations", "DF.cpu.time")))
