full <-
structure(c(50, 55, 60, 65, 70, 75, 80, 85, 90, 95, 100, 0.64675, 
6.64948, 3.98492, 7.39083, 11.06598, 1.13706, 3.14296, 13.38752, 
13.06521, 0.78497, 1.89862, 1.61368, -2.99826, 1.6249, -4.07375, 
-4.21171, -2.37474, 0.915, -3.29465, -2.00653, 2.95119, -3.37021, 
0, 0, 0, 0, 0, 0, 0, 0, 0, 0, 0, 0, 0, 0, 0, 0, 0, 0, 0, 0, 0, 
0, 1, 1, 1, 1, 1, 1, 1, 1, 1, 1, 1, 1, 1, 1, 1, 1, 0.99901, 1, 
1, 1, 1, 0.99926, 0.0502, 0.0225, 0.0687, 0.0203, 0.0219, 0.0316, 
0.0643, 0.0269, 0.0314, 0.2304, 0.0427, 195.3, 14.6, 205.6, 10.4, 
9.1, 50.2, 142.5, 11.3, 25.3, 469.3, 51.3, 13, 11, 7, 2, 5, 9, 
11, 2, 5, 3, 2, 1764, 1899, 2040, 1725, 2155, 2129, 1984, 2102, 
2120, 1889, 1722, 100, 100, 100, 100, 100, 100, 100, 100, 100, 
100, 100, 2500, 2500, 2500, 2500, 2500, 2500, 2500, 2500, 2500, 
2500, 2500, 6848.935, 6775.22, 7191.536, 7390.348, 7747.748, 
7373.147, 8074.538, 8210.46100000001, 7892.599, 8004.326, 7439.636, 
11.19196, 14.3502, 4.12591, -0.71889, -1.27161, 12.08732, 8.8633, 
2.06201, 11.59347, 12.97915, 9.26317, -2.08598, -8.58098, -2.2756, 
2.16507, 2.14448, -8.88174, -2.1061, -0.81155, -1.86426, 1.55746, 
-4.16019, 0, 0, 0, 0, 0, 0, 0, 0, 0, 0, 0, 0, 0, 0, 0, 0, 0, 
0, 0, 0, 0, 0, 1, 1, 1, 1, 1, 1, 1, 1, 1, 1, 1, 1, 1, 1, 1, 1, 
1, 1, 1, 1, 1, 1, 0.0179, 0.0233, 0.0226, 0.0949, 0.1143, 0.0306, 
0.027, 0.036, 0.0317, 0.1041, 0.0293, 20.9, 8.4, 25.5, 300.3, 
337.8, 12.3, 24.1, 51.7, 26.6, 223.4, 9.6, 1, 1, 2, 5, 4, 2, 
2, 4, 1, 2, 1, 947, 803, 906, 871, 1135, 1261, 904, 1169, 1143, 
977, 1030, 100, 100, 100, 100, 100, 100, 100, 100, 100, 100, 
100, 2500, 2500, 2500, 2500, 2500, 2500, 2500, 2500, 2500, 2500, 
2500, 7021.558, 7251.649, 7356.439, 7462.231, 7596.192, 7925.39, 
8194.37800000001, 8445.84299999999, 8250.10800000001, 8525.21600000001, 
8594.93800000002, 1, 1, 1, 1, 1, 1, 1, 1, 1, 1, 1, 0.25, 0.25, 
0.25, 0.25, 0.25, 0.25, 0.25, 0.25, 0.25, 0.25, 0.25, 0, 0, 0, 
0, 0, 0, 0, 0, 0, 0, 0, 0, 0, 0, 0, 0, 0, 0, 0, 0, 0, 0, 0.99706, 
0.99733, 0.99875, 0.99885, 0.99892, 0.99901, 0.99907, 0.99825, 
0.99835, 0.99844, 0.99852, 0.99706, 0.99733, 0.99875, 0.99885, 
0.99892, 0.99901, 0.99907, 0.99825, 0.99835, 0.99844, 0.99926, 
0.025, 0.0286, 0.0288, 0.0325, 0.0344, 0.037, 0.0389, 0.043, 
0.0458, 0.0463, 0.0494, 66.7, 68.9, 68.3, 71.4, 71.8, 70.9, 73.7, 
77, 78.7, 77.9, 80.7, 1, 1, 1, 1, 1, 1, 1, 1, 1, 1, 1, 1, 1, 
1, 1, 1, 1, 1, 1, 1, 1, 1, 1, 1, 1, 1, 1, 1, 1, 1, 1, 1, 1, 1, 
1, 1, 1, 1, 1, 1, 1, 1, 1, 1, 2.597, 2.795, 2.654, 2.843, 2.777, 
2.871, 2.797, 3.014, 2.935, 2.91, 2.932), .Dim = c(11L, 40L), .Dimnames = list(
    NULL, c("Sampling", "PSO.cost", "PSO.gamma", "PSO.data.balancing", 
    "PSO.feature.selection", "PSO.valid.acc", "PSO.test.acc", 
    "PSO.train.time", "PSO.n.support.vectors", "PSO.index", "PSO.n.solutions", 
    "PSO.generations", "PSO.n.evaluations", "PSO.cpu.time", "RS.cost", 
    "RS.gamma", "RS.data.balancing", "RS.feature.selection", 
    "RS.valid.acc", "RS.test.acc", "RS.train.time", "RS.n.support.vectors", 
    "RS.index", "RS.n.solutions", "RS.generations", "RS.n.evaluations", 
    "RS.cpu.time", "DF.cost", "DF.gamma", "DF.data.balancing", 
    "DF.feature.selection", "DF.valid.acc", "DF.test.acc", "DF.train.time", 
    "DF.n.support.vectors", "DF.index", "DF.n.solutions", "DF.generations", 
    "DF.n.evaluations", "DF.cpu.time")))
