full <-
structure(c(50, 55, 60, 65, 70, 75, 80, 85, 90, 95, 100, 7.0972, 
6.42701, 10.37498, 1.91315, 8.27277, 0.32106, 0.02521, 0.76204, 
10.28826, 10.0523, 6.24294, -8.5691, -12.02403, -3.24469, -2.99844, 
-12.29372, -4.07199, -4.64657, -2.91102, -10.19773, -13.9874, 
-11.0365, 0, 0, 0, 0, 0, 0, 0, 0, 0, 0, 0, 0, 0, 0, 0, 0, 0, 
0, 0, 0, 0, 0, 0.68048, 0.64824, 0.63784, 0.65585, 0.65735, 0.65766, 
0.63684, 0.64518, 0.61417, 0.6132, 0.60178, 0.65327, 0.64163, 
0.62114, 0.60977, 0.61134, 0.62202, 0.61596, 0.61514, 0.59566, 
0.61701, 0.60814, 0.0218, 0.0212, 0.0275, 0.0296, 0.0286, 0.0294, 
0.0314, 0.039, 0.0451, 0.0369, 0.0399, 73.7, 85.6, 114.3, 126.6, 
105.6, 129.3, 135.8, 167.8, 135.9, 146.7, 160.9, 1010, 351, 247, 
1860, 1402, 1829, 792, 1355, 945, 140, 673, 462, 54, 269, 7, 
6, 33, 81, 19, 67, 53, 33, 100, 100, 100, 100, 100, 100, 100, 
100, 100, 100, 100, 2500, 2500, 2500, 2500, 2500, 2500, 2500, 
2500, 2500, 2500, 2500, 6449.665, 6462.976, 6616.648, 6644.47300000001, 
6927.382, 6814.77100000001, 7029.079, 7107.655, 7475.299, 7397.70299999999, 
7709.027, 7.95298, 8.78798, 6.56488, 2.18994, 4.623, 1.11312, 
0.11803, 0.68977, 0.87984, 9.703, 8.94203, -9.0931, -14.35404, 
-4.11426, -3.25731, -8.5488, -3.2827, -4.82668, -2.82143, -3.33057, 
-13.64448, -13.71624, 0, 0, 0, 0, 0, 0, 0, 0, 0, 0, 0, 0, 0, 
0, 0, 0, 0, 0, 0, 0, 0, 0, 0.67512, 0.64824, 0.63784, 0.64585, 
0.65735, 0.64615, 0.62867, 0.64134, 0.62092, 0.60975, 0.60178, 
0.6256, 0.64788, 0.6214, 0.61477, 0.62504, 0.64476, 0.61634, 
0.60715, 0.59484, 0.61701, 0.60481, 0.021, 0.0228, 0.0252, 0.0289, 
0.0268, 0.0327, 0.0319, 0.0414, 0.0399, 0.0351, 0.0392, 73.6, 
85.5, 106.5, 122.3, 105.5, 140.9, 135.2, 169.8, 170.7, 146.8, 
161.3, 601, 440, 634, 713, 216, 1110, 1080, 2002, 1181, 157, 
2163, 2, 4, 8, 1, 2, 2, 1, 1, 1, 13, 1, 100, 100, 100, 100, 100, 
100, 100, 100, 100, 100, 100, 2500, 2500, 2500, 2500, 2500, 2500, 
2500, 2500, 2500, 2500, 2500, 6483.253, 6651.657, 6713.044, 6968.45299999999, 
7010.477, 7217.382, 7419.086, 7482.209, 7648.66900000001, 7483.45299999998, 
7859.98300000001, 1, 1, 1, 1, 1, 1, 1, 1, 1, 1, 1, 0.07692, 0.07692, 
0.07692, 0.07692, 0.07692, 0.07692, 0.07692, 0.07692, 0.07692, 
0.07692, 0.07692, 0, 0, 0, 0, 0, 0, 0, 0, 0, 0, 0, 0, 0, 0, 0, 
0, 0, 0, 0, 0, 0, 0, 0.60649, 0.63092, 0.61558, 0.64482, 0.62782, 
0.65312, 0.61548, 0.6121, 0.58758, 0.57823, 0.57907, 0.60601, 
0.61842, 0.61032, 0.63409, 0.60895, 0.63055, 0.61564, 0.60731, 
0.57302, 0.58167, 0.58824, 0.0215, 0.0224, 0.0244, 0.027, 0.0269, 
0.0306, 0.0331, 0.0345, 0.0355, 0.0385, 0.0441, 90.9, 98.6, 106.5, 
115.3, 123.2, 133.6, 145, 151.6, 162.4, 171.1, 184.5, 1, 1, 1, 
1, 1, 1, 1, 1, 1, 1, 1, 1, 1, 1, 1, 1, 1, 1, 1, 1, 1, 1, 1, 1, 
1, 1, 1, 1, 1, 1, 1, 1, 1, 1, 1, 1, 1, 1, 1, 1, 1, 1, 1, 1, 2.571, 
2.692, 2.629, 2.811, 2.623, 2.897, 2.945, 2.854, 2.925, 2.836, 
3.045), .Dim = c(11L, 40L), .Dimnames = list(NULL, c("Sampling", 
"PSO.cost", "PSO.gamma", "PSO.data.balancing", "PSO.feature.selection", 
"PSO.valid.acc", "PSO.test.acc", "PSO.train.time", "PSO.n.support.vectors", 
"PSO.index", "PSO.n.solutions", "PSO.generations", "PSO.n.evaluations", 
"PSO.cpu.time", "RS.cost", "RS.gamma", "RS.data.balancing", "RS.feature.selection", 
"RS.valid.acc", "RS.test.acc", "RS.train.time", "RS.n.support.vectors", 
"RS.index", "RS.n.solutions", "RS.generations", "RS.n.evaluations", 
"RS.cpu.time", "DF.cost", "DF.gamma", "DF.data.balancing", "DF.feature.selection", 
"DF.valid.acc", "DF.test.acc", "DF.train.time", "DF.n.support.vectors", 
"DF.index", "DF.n.solutions", "DF.generations", "DF.n.evaluations", 
"DF.cpu.time")))
