full <-
structure(c(50, 55, 60, 65, 70, 75, 80, 85, 90, 95, 100, 9.60307, 
10.51943, 4.22062, 0.11942, 1.75812, -0.47726, 11.53538, 0.59379, 
10.59206, -0.18345, 11.98724, -10.65104, -8.20688, -5.51046, 
-5.77713, -3.96168, -4.69199, -10.19086, -3.15007, -11.29624, 
-4.56004, -15, 0, 0, 0, 0, 0, 0, 0, 0, 0, 0, 0, 0, 0, 0, 0, 0, 
0, 0, 0, 0, 0, 0, 0.62649, 0.64751, 0.61143, 0.60957, 0.59952, 
0.61347, 0.60482, 0.61646, 0.61423, 0.59653, 0.60693, 0.59845, 
0.61287, 0.55704, 0.61484, 0.57997, 0.60458, 0.5574, 0.58394, 
0.56261, 0.56829, 0.58765, 0.0233, 0.0301, 0.0248, 0.0254, 0.0286, 
0.0293, 0.0487, 0.04, 0.0429, 0.039, 0.0403, 79.5, 88.7, 105.1, 
110.7, 129.6, 130.9, 127.9, 168.5, 139.3, 165.4, 155.4, 237, 
627, 2159, 1654, 1337, 2459, 805, 1868, 1733, 771, 262, 122, 
130, 1, 7, 40, 1, 19, 31, 2, 40, 143, 100, 100, 100, 100, 100, 
100, 100, 100, 100, 100, 100, 2500, 2500, 2500, 2500, 2500, 2500, 
2500, 2500, 2500, 2500, 2500, 6586.008, 6924.27, 6607.791, 6705.633, 
6620.03, 7461.69499999999, 7599.09699999999, 7816.03, 7752.908, 
7741.792, 7904.92000000001, 5.88079, 10.46866, 7.62781, 0.53767, 
2.06514, -0.55883, 12.14292, 0.72393, 10.39106, 1.73413, 9.42088, 
-7.83645, -8.19207, -13.75457, -6.2481, -8.41997, -5.03339, -10.47636, 
-2.75123, -11.16626, -7.93563, -12.21725, 0, 0, 0, 0, 0, 0, 0, 
0, 0, 0, 0, 0, 0, 0, 0, 0, 0, 0, 0, 0, 0, 0, 0.62649, 0.64751, 
0.61107, 0.60457, 0.59136, 0.60912, 0.60482, 0.60876, 0.61039, 
0.59616, 0.60693, 0.5806, 0.61875, 0.57182, 0.60957, 0.57275, 
0.60458, 0.56175, 0.57608, 0.56261, 0.59896, 0.58453, 0.0216, 
0.0298, 0.0231, 0.0251, 0.0291, 0.031, 0.0539, 0.0405, 0.0413, 
0.0377, 0.0404, 81.8, 88.7, 100.6, 109.9, 119.4, 129.6, 127.3, 
175.7, 139.7, 157, 155.3, 1002, 1, 350, 261, 1672, 1313, 427, 
2411, 1153, 2224, 1346, 1, 1, 2, 2, 1, 2, 1, 1, 1, 1, 1, 100, 
100, 100, 100, 100, 100, 100, 100, 100, 100, 100, 2500, 2500, 
2500, 2500, 2500, 2500, 2500, 2500, 2500, 2500, 2500, 6795.488, 
6678.29, 6745.761, 6734.256, 7026.069, 7725.42499999999, 7610.98299999999, 
7958.469, 7801.625, 7885.177, 8166.92300000001, 1, 1, 1, 1, 1, 
1, 1, 1, 1, 1, 1, 0.07692, 0.07692, 0.07692, 0.07692, 0.07692, 
0.07692, 0.07692, 0.07692, 0.07692, 0.07692, 0.07692, 0, 0, 0, 
0, 0, 0, 0, 0, 0, 0, 0, 0, 0, 0, 0, 0, 0, 0, 0, 0, 0, 0, 0.57387, 
0.59453, 0.57146, 0.57551, 0.5716, 0.59511, 0.54273, 0.58457, 
0.5666, 0.58655, 0.56785, 0.58637, 0.61221, 0.56623, 0.54015, 
0.56136, 0.59926, 0.55992, 0.57147, 0.56262, 0.573, 0.57774, 
0.0228, 0.0224, 0.0243, 0.0257, 0.0293, 0.0324, 0.0347, 0.0365, 
0.0383, 0.0397, 0.0433, 96.6, 103.8, 113.2, 121, 129, 139.5, 
149.5, 157.6, 166.1, 174.2, 183, 1, 1, 1, 1, 1, 1, 1, 1, 1, 1, 
1, 1, 1, 1, 1, 1, 1, 1, 1, 1, 1, 1, 1, 1, 1, 1, 1, 1, 1, 1, 1, 
1, 1, 1, 1, 1, 1, 1, 1, 1, 1, 1, 1, 1, 2.777, 2.507, 2.566, 2.585, 
2.906, 3.005, 3.049, 3.121, 3.086, 2.937, 3.158), .Dim = c(11L, 
40L), .Dimnames = list(NULL, c("Sampling", "PSO.cost", "PSO.gamma", 
"PSO.data.balancing", "PSO.feature.selection", "PSO.valid.acc", 
"PSO.test.acc", "PSO.train.time", "PSO.n.support.vectors", "PSO.index", 
"PSO.n.solutions", "PSO.generations", "PSO.n.evaluations", "PSO.cpu.time", 
"RS.cost", "RS.gamma", "RS.data.balancing", "RS.feature.selection", 
"RS.valid.acc", "RS.test.acc", "RS.train.time", "RS.n.support.vectors", 
"RS.index", "RS.n.solutions", "RS.generations", "RS.n.evaluations", 
"RS.cpu.time", "DF.cost", "DF.gamma", "DF.data.balancing", "DF.feature.selection", 
"DF.valid.acc", "DF.test.acc", "DF.train.time", "DF.n.support.vectors", 
"DF.index", "DF.n.solutions", "DF.generations", "DF.n.evaluations", 
"DF.cpu.time")))
