full <-
structure(c(50, 55, 60, 65, 70, 75, 80, 85, 90, 95, 100, -0.40428, 
1.04463, 4.7366, 5.78709, 1.28089, 8.47446, 6.18756, 12.05032, 
8.34937, 1.1425, 8.00462, -4.84784, -4.26388, -8.63631, -7.93502, 
-7.41404, -10.76899, -8.80717, -12.30838, -8.55362, -3.52056, 
-11.66347, 0, 0, 0, 0, 0, 0, 0, 0, 0, 0, 0, 0, 0, 0, 0, 0, 0, 
0, 0, 0, 0, 0, 0.58107, 0.59926, 0.58629, 0.59895, 0.60455, 0.60332, 
0.61147, 0.59554, 0.60615, 0.60574, 0.60006, 0.53423, 0.55699, 
0.55471, 0.57895, 0.58093, 0.56854, 0.57477, 0.56785, 0.5549, 
0.59895, 0.58715, 0.022, 0.0247, 0.0253, 0.0267, 0.0278, 0.03, 
0.0313, 0.0421, 0.0436, 0.0427, 0.0419, 95.3, 105.4, 105.9, 110.8, 
121.9, 121, 131.6, 132.6, 146.5, 180.9, 158.9, 292, 2184, 530, 
1208, 313, 125, 1439, 467, 654, 1733, 259, 216, 3, 45, 6, 93, 
59, 46, 154, 49, 9, 78, 100, 100, 100, 100, 100, 100, 100, 100, 
100, 100, 100, 2500, 2500, 2500, 2500, 2500, 2500, 2500, 2500, 
2500, 2500, 2500, 7179.706, 6968.886, 7065.012, 7201.034, 7255.819, 
7246.06400000001, 7172.542, 7692.413, 7500.56, 7601.489, 7728.47, 
-0.51917, 2.02886, 0.90017, 5.74481, 0.99001, 8.81075, 0.74285, 
11.82364, 7.91299, 7.22031, 1.07468, -4.19078, -4.80116, -4.351, 
-7.90844, -7.11755, -11.10676, -3.53348, -12.09437, -9.2096, 
-12.77922, -3.13796, 0, 0, 0, 0, 0, 0, 0, 0, 0, 0, 0, 0, 0, 0, 
0, 0, 0, 0, 0, 0, 0, 0, 0.58107, 0.59301, 0.58223, 0.59895, 0.60455, 
0.60332, 0.61197, 0.59169, 0.60297, 0.59943, 0.61343, 0.54089, 
0.56875, 0.57664, 0.57395, 0.5857, 0.57309, 0.59094, 0.57569, 
0.55478, 0.6036, 0.57994, 0.0224, 0.0245, 0.0257, 0.0277, 0.0283, 
0.0308, 0.0362, 0.0422, 0.0405, 0.0376, 0.0493, 98.1, 102.4, 
115.5, 110.9, 122, 121, 156.3, 132.4, 142.9, 154.8, 197.2, 1767, 
1459, 2166, 1997, 37, 833, 1551, 1595, 540, 2120, 1293, 1, 2, 
1, 1, 1, 1, 1, 1, 1, 2, 1, 100, 100, 100, 100, 100, 100, 100, 
100, 100, 100, 100, 2500, 2500, 2500, 2500, 2500, 2500, 2500, 
2500, 2500, 2500, 2500, 7218.599, 6942.404, 7089.268, 7410.349, 
7350.351, 7528.208, 7584.48999999999, 7684.83200000001, 7705.82700000002, 
7901.16800000001, 8058.842, 1, 1, 1, 1, 1, 1, 1, 1, 1, 1, 1, 
0.07692, 0.07692, 0.07692, 0.07692, 0.07692, 0.07692, 0.07692, 
0.07692, 0.07692, 0.07692, 0.07692, 0, 0, 0, 0, 0, 0, 0, 0, 0, 
0, 0, 0, 0, 0, 0, 0, 0, 0, 0, 0, 0, 0, 0.5419, 0.58199, 0.57609, 
0.56395, 0.57674, 0.57567, 0.59112, 0.56031, 0.5659, 0.58515, 
0.57482, 0.56054, 0.55735, 0.56495, 0.57921, 0.59481, 0.58114, 
0.57074, 0.56846, 0.57333, 0.58194, 0.57771, 0.0224, 0.0237, 
0.0259, 0.0284, 0.0295, 0.031, 0.0333, 0.0377, 0.0369, 0.0406, 
0.0436, 102.2, 108.5, 119.6, 126, 134.6, 143.5, 152, 160.8, 167, 
174.9, 183.1, 1, 1, 1, 1, 1, 1, 1, 1, 1, 1, 1, 1, 1, 1, 1, 1, 
1, 1, 1, 1, 1, 1, 1, 1, 1, 1, 1, 1, 1, 1, 1, 1, 1, 1, 1, 1, 1, 
1, 1, 1, 1, 1, 1, 1, 2.898, 2.735, 2.834, 2.989, 2.884, 2.755, 
2.829, 3.057, 2.83, 3.092, 3.159), .Dim = c(11L, 40L), .Dimnames = list(
    NULL, c("Sampling", "PSO.cost", "PSO.gamma", "PSO.data.balancing", 
    "PSO.feature.selection", "PSO.valid.acc", "PSO.test.acc", 
    "PSO.train.time", "PSO.n.support.vectors", "PSO.index", "PSO.n.solutions", 
    "PSO.generations", "PSO.n.evaluations", "PSO.cpu.time", "RS.cost", 
    "RS.gamma", "RS.data.balancing", "RS.feature.selection", 
    "RS.valid.acc", "RS.test.acc", "RS.train.time", "RS.n.support.vectors", 
    "RS.index", "RS.n.solutions", "RS.generations", "RS.n.evaluations", 
    "RS.cpu.time", "DF.cost", "DF.gamma", "DF.data.balancing", 
    "DF.feature.selection", "DF.valid.acc", "DF.test.acc", "DF.train.time", 
    "DF.n.support.vectors", "DF.index", "DF.n.solutions", "DF.generations", 
    "DF.n.evaluations", "DF.cpu.time")))
