full <-
structure(c(50, 55, 60, 65, 70, 75, 80, 85, 90, 95, 100, 8.0957, 
7.26487, 13.33588, 7.08148, 7.25678, 14.36111, 15, 10.37315, 
6.5808, 4.31137, 2.48009, -6.72535, -9.1507, -12.1611, -7.70503, 
-9.22385, -14.50127, -10.26377, -14.20211, -12.81463, -10.87271, 
-9.01247, 0, 0, 0, 0, 0, 0, 0, 0, 0, 0, 0, 0, 0, 0, 0, 0, 0, 
0, 0, 0, 0, 0, 0.69351, 0.67255, 0.61985, 0.61564, 0.60379, 0.5945, 
0.59628, 0.59868, 0.61808, 0.62299, 0.59736, 0.65518, 0.6306, 
0.59308, 0.57953, 0.57948, 0.56724, 0.5085, 0.56654, 0.58474, 
0.59144, 0.60379, 0.023, 0.0237, 0.0356, 0.0292, 0.0293, 0.0357, 
0.1191, 0.0343, 0.0361, 0.0384, 0.0403, 86.5, 93.6, 98.1, 114.4, 
118.1, 120.9, 130.8, 139.2, 150.9, 157.3, 165.5, 466, 2231, 1132, 
41, 353, 306, 2135, 214, 220, 214, 918, 316, 1, 46, 74, 109, 
502, 2, 78, 91, 66, 67, 100, 100, 100, 100, 100, 100, 100, 100, 
100, 100, 100, 2500, 2500, 2500, 2500, 2500, 2500, 2500, 2500, 
2500, 2500, 2500, 7041.632, 7090.756, 6886.198, 7367.254, 7153.071, 
7298.232, 7530.93399999999, 7319.526, 7322.67200000001, 7375.08700000001, 
7199.46100000001, 7.56861, 8.88513, 14.75568, 1.27704, 11.5913, 
11.92978, 14.7615, 10.41156, 1.13804, 4.86598, 8.40603, -6.71926, 
-8.15452, -13.40724, -7.38028, -13.45743, -12.29991, -14.10595, 
-14.18325, -7.1413, -11.4242, -14.89743, 0, 0, 0, 0, 0, 0, 0, 
0, 0, 0, 0, 0, 0, 0, 0, 0, 0, 0, 0, 0, 0, 0, 0.68637, 0.66042, 
0.61458, 0.61901, 0.6079, 0.5945, 0.59524, 0.59868, 0.62193, 
0.62299, 0.59431, 0.66274, 0.60666, 0.6104, 0.59901, 0.57017, 
0.5627, 0.54901, 0.57039, 0.58474, 0.59144, 0.60034, 0.0234, 
0.0275, 0.0396, 0.0259, 0.0297, 0.035, 0.0452, 0.0356, 0.0335, 
0.0346, 0.0388, 86.6, 92.8, 97.6, 117.7, 116.7, 121.7, 125.1, 
139, 152.6, 157.3, 164.3, 1043, 1603, 1322, 2000, 1506, 963, 
1679, 752, 1786, 1939, 1332, 1, 1, 4, 1, 1, 1, 1, 1, 1, 1, 3, 
100, 100, 100, 100, 100, 100, 100, 100, 100, 100, 100, 2500, 
2500, 2500, 2500, 2500, 2500, 2500, 2500, 2500, 2500, 2500, 7066.296, 
6894.429, 7070.66, 7203.567, 7265.77999999999, 7341.518, 7411.875, 
7485.11500000001, 7593.391, 7693.02499999999, 7548.37399999998, 
1, 1, 1, 1, 1, 1, 1, 1, 1, 1, 1, 0.07692, 0.07692, 0.07692, 0.07692, 
0.07692, 0.07692, 0.07692, 0.07692, 0.07692, 0.07692, 0.07692, 
0, 0, 0, 0, 0, 0, 0, 0, 0, 0, 0, 0, 0, 0, 0, 0, 0, 0, 0, 0, 0, 
0, 0.59363, 0.60592, 0.5603, 0.56401, 0.55589, 0.53643, 0.57075, 
0.5565, 0.552, 0.57455, 0.56489, 0.58696, 0.57541, 0.55565, 0.58427, 
0.56108, 0.54947, 0.57039, 0.54744, 0.57451, 0.58479, 0.57395, 
0.0225, 0.0224, 0.0286, 0.0259, 0.0277, 0.0306, 0.0345, 0.034, 
0.0366, 0.0394, 0.0419, 100.2, 110.8, 120.3, 128.6, 135.6, 143.6, 
149.7, 161, 167.6, 174.1, 184.4, 1, 1, 1, 1, 1, 1, 1, 1, 1, 1, 
1, 1, 1, 1, 1, 1, 1, 1, 1, 1, 1, 1, 1, 1, 1, 1, 1, 1, 1, 1, 1, 
1, 1, 1, 1, 1, 1, 1, 1, 1, 1, 1, 1, 1, 2.796, 2.56, 2.854, 2.848, 
2.834, 2.892, 2.928, 2.92, 2.958, 2.861, 2.854), .Dim = c(11L, 
40L), .Dimnames = list(NULL, c("Sampling", "PSO.cost", "PSO.gamma", 
"PSO.data.balancing", "PSO.feature.selection", "PSO.valid.acc", 
"PSO.test.acc", "PSO.train.time", "PSO.n.support.vectors", "PSO.index", 
"PSO.n.solutions", "PSO.generations", "PSO.n.evaluations", "PSO.cpu.time", 
"RS.cost", "RS.gamma", "RS.data.balancing", "RS.feature.selection", 
"RS.valid.acc", "RS.test.acc", "RS.train.time", "RS.n.support.vectors", 
"RS.index", "RS.n.solutions", "RS.generations", "RS.n.evaluations", 
"RS.cpu.time", "DF.cost", "DF.gamma", "DF.data.balancing", "DF.feature.selection", 
"DF.valid.acc", "DF.test.acc", "DF.train.time", "DF.n.support.vectors", 
"DF.index", "DF.n.solutions", "DF.generations", "DF.n.evaluations", 
"DF.cpu.time")))
