full <-
structure(c(50, 55, 60, 65, 70, 75, 80, 85, 90, 95, 100, 9.83393, 
4.14819, 6.79991, 8.86076, 8.24883, 0.26956, 3.44013, 7.16501, 
8.65324, 10.61671, 5.73594, -14.8557, -8.00154, -12.67391, -15, 
-9.28554, -4.21264, -7.98386, -10.64475, -10.90709, -10.49157, 
-9.1044, 0, 0, 0, 0, 0, 0, 0, 0, 0, 0, 0, 0, 0, 0, 0, 0, 0, 0, 
0, 0, 0, 0, 0.60196, 0.6373, 0.60084, 0.57509, 0.59489, 0.56369, 
0.57521, 0.59516, 0.61465, 0.6005, 0.60078, 0.60506, 0.60136, 
0.58863, 0.56453, 0.56652, 0.53793, 0.55438, 0.5525, 0.59228, 
0.55479, 0.60088, 0.021, 0.0231, 0.0239, 0.0268, 0.0317, 0.0301, 
0.0312, 0.0346, 0.0393, 0.0512, 0.0399, 88.4, 94.3, 102, 112.2, 
116.2, 138.9, 137.5, 139, 143, 145.7, 159.1, 194, 827, 201, 57, 
991, 2441, 169, 212, 190, 271, 999, 149, 144, 112, 80, 169, 1, 
417, 55, 108, 127, 49, 100, 100, 100, 100, 100, 100, 100, 100, 
100, 100, 100, 2500, 2500, 2500, 2500, 2500, 2500, 2500, 2500, 
2500, 2500, 2500, 6784.148, 6956.476, 7098.926, 7340.848, 7553.166, 
7256.78700000001, 7553.587, 7492.463, 7795.613, 7957.39300000001, 
7894.035, 6.85544, 5.5297, 3.74792, 7.7643, 8.35147, 0.96608, 
3.89902, 7.67678, 8.33663, 11.74774, 5.37606, -11.88161, -9.5633, 
-9.57553, -13.88898, -9.33955, -6.03404, -8.45661, -11.11792, 
-10.60981, -10.93078, -8.82301, 0, 0, 0, 0, 0, 0, 0, 0, 0, 0, 
0, 0, 0, 0, 0, 0, 0, 0, 0, 0, 0, 0, 0.60196, 0.63241, 0.60084, 
0.57509, 0.59489, 0.55972, 0.57521, 0.59131, 0.61465, 0.60014, 
0.60078, 0.60506, 0.59511, 0.58863, 0.56453, 0.56652, 0.55535, 
0.55003, 0.55634, 0.59228, 0.56158, 0.59421, 0.0233, 0.0221, 
0.0248, 0.0269, 0.0318, 0.0307, 0.032, 0.035, 0.0388, 0.057, 
0.0405, 88.4, 93.6, 102.2, 112.1, 116.1, 130.4, 137.2, 138.8, 
143.2, 145.5, 159.9, 2248, 1326, 439, 37, 484, 844, 1661, 912, 
2337, 2025, 1623, 2, 1, 1, 3, 1, 1, 1, 3, 1, 1, 1, 100, 100, 
100, 100, 100, 100, 100, 100, 100, 100, 100, 2500, 2500, 2500, 
2500, 2500, 2500, 2500, 2500, 2500, 2500, 2500, 6979.302, 6911.289, 
7203.794, 7424.391, 7362.37700000001, 7740.06000000001, 7801.272, 
7804.299, 7834.65199999999, 8001.53000000003, 8318.28599999999, 
1, 1, 1, 1, 1, 1, 1, 1, 1, 1, 1, 0.07692, 0.07692, 0.07692, 0.07692, 
0.07692, 0.07692, 0.07692, 0.07692, 0.07692, 0.07692, 0.07692, 
0, 0, 0, 0, 0, 0, 0, 0, 0, 0, 0, 0, 0, 0, 0, 0, 0, 0, 0, 0, 0, 
0, 0.54804, 0.56902, 0.55075, 0.54482, 0.55695, 0.53699, 0.54203, 
0.56391, 0.57043, 0.57563, 0.5939, 0.55339, 0.58256, 0.5617, 
0.52982, 0.53742, 0.52884, 0.54622, 0.5645, 0.58501, 0.57563, 
0.57465, 0.0208, 0.0237, 0.026, 0.0276, 0.029, 0.0316, 0.0342, 
0.037, 0.0378, 0.0394, 0.0449, 99.4, 107.6, 114.7, 127.2, 135.3, 
144.6, 152.2, 157, 167.6, 173.6, 183.7, 1, 1, 1, 1, 1, 1, 1, 
1, 1, 1, 1, 1, 1, 1, 1, 1, 1, 1, 1, 1, 1, 1, 1, 1, 1, 1, 1, 1, 
1, 1, 1, 1, 1, 1, 1, 1, 1, 1, 1, 1, 1, 1, 1, 1, 2.584, 2.683, 
2.928, 2.874, 2.796, 3.078, 3.024, 3.079, 2.979, 2.941, 3.182
), .Dim = c(11L, 40L), .Dimnames = list(NULL, c("Sampling", "PSO.cost", 
"PSO.gamma", "PSO.data.balancing", "PSO.feature.selection", "PSO.valid.acc", 
"PSO.test.acc", "PSO.train.time", "PSO.n.support.vectors", "PSO.index", 
"PSO.n.solutions", "PSO.generations", "PSO.n.evaluations", "PSO.cpu.time", 
"RS.cost", "RS.gamma", "RS.data.balancing", "RS.feature.selection", 
"RS.valid.acc", "RS.test.acc", "RS.train.time", "RS.n.support.vectors", 
"RS.index", "RS.n.solutions", "RS.generations", "RS.n.evaluations", 
"RS.cpu.time", "DF.cost", "DF.gamma", "DF.data.balancing", "DF.feature.selection", 
"DF.valid.acc", "DF.test.acc", "DF.train.time", "DF.n.support.vectors", 
"DF.index", "DF.n.solutions", "DF.generations", "DF.n.evaluations", 
"DF.cpu.time")))
