full <-
structure(c(50, 55, 60, 65, 70, 75, 80, 85, 90, 95, 100, 2.41764, 
0.38257, 0.84001, 8.99237, 6.84683, 9.56381, 1.53058, 0.68834, 
7.78835, 0.98906, 2.89258, -5.72748, -3.8716, -3.47065, -15, 
-12.76271, -13.59176, -6.23109, -3.17873, -9.35397, -3.35853, 
-8.69642, 0, 0, 0, 0, 0, 0, 0, 0, 0, 0, 0, 0, 0, 0, 0, 0, 0, 
0, 0, 0, 0, 0, 0.67107, 0.66483, 0.65433, 0.64142, 0.64123, 0.63024, 
0.6113, 0.62708, 0.63501, 0.61704, 0.60988, 0.6572, 0.63969, 
0.62652, 0.64142, 0.63669, 0.60352, 0.59126, 0.60385, 0.61041, 
0.60311, 0.5836, 0.0196, 0.0236, 0.0246, 0.0246, 0.0266, 0.0279, 
0.0326, 0.0383, 0.0359, 0.0437, 0.041, 82.7, 99.8, 115.3, 103.5, 
110.4, 117.6, 131.9, 165.7, 137.8, 180.8, 164.1, 2108, 437, 738, 
643, 71, 1008, 567, 197, 1145, 1260, 731, 4, 394, 222, 10, 120, 
8, 119, 722, 44, 61, 35, 100, 100, 100, 100, 100, 100, 100, 100, 
100, 100, 100, 2500, 2500, 2500, 2500, 2500, 2500, 2500, 2500, 
2500, 2500, 2500, 6612.235, 6662.867, 6814.317, 7050.642, 7104.583, 
7181.826, 7211.363, 7351.46000000001, 7464.924, 7436.18699999999, 
7234.63999999998, 2.12438, 0.78855, 0.84415, 0.63283, 2.07205, 
-0.10496, 2.01148, 0.67713, 7.51976, 1.06962, 1.66642, -3.73875, 
-4.43364, -3.49484, -5.95186, -7.78826, -4.54149, -5.94872, -2.8838, 
-9.23024, -3.51826, -7.34925, 0, 0, 0, 0, 0, 0, 0, 0, 0, 0, 0, 
0, 0, 0, 0, 0, 0, 0, 0, 0, 0, 0, 0.66482, 0.66483, 0.65433, 0.64142, 
0.64123, 0.63397, 0.6108, 0.62692, 0.63131, 0.61359, 0.60968, 
0.60429, 0.62714, 0.62652, 0.64115, 0.64145, 0.62073, 0.57406, 
0.6, 0.61055, 0.59621, 0.58705, 0.0209, 0.0214, 0.0253, 0.0245, 
0.0278, 0.0295, 0.0314, 0.0396, 0.0378, 0.0421, 0.0377, 96, 95.6, 
115, 105.9, 110.2, 128.2, 133.3, 171.4, 138.1, 178, 165.2, 1220, 
857, 1777, 512, 849, 550, 1274, 999, 1253, 470, 35, 1, 1, 1, 
1, 1, 1, 1, 1, 4, 2, 1, 100, 100, 100, 100, 100, 100, 100, 100, 
100, 100, 100, 2500, 2500, 2500, 2500, 2500, 2500, 2500, 2500, 
2500, 2500, 2500, 6715.315, 6769.922, 6885.441, 7163.377, 7273.787, 
7275.93800000001, 7422.24399999999, 7482.81200000001, 7540.61500000001, 
7617.24100000001, 7398.93700000001, 1, 1, 1, 1, 1, 1, 1, 1, 1, 
1, 1, 0.07692, 0.07692, 0.07692, 0.07692, 0.07692, 0.07692, 0.07692, 
0.07692, 0.07692, 0.07692, 0.07692, 0, 0, 0, 0, 0, 0, 0, 0, 0, 
0, 0, 0, 0, 0, 0, 0, 0, 0, 0, 0, 0, 0, 0.64429, 0.63603, 0.63146, 
0.63563, 0.61807, 0.62115, 0.5988, 0.58785, 0.59533, 0.59239, 
0.55761, 0.66435, 0.61204, 0.61538, 0.63063, 0.6326, 0.61281, 
0.59061, 0.58831, 0.59137, 0.57859, 0.58137, 0.0209, 0.0234, 
0.0244, 0.0255, 0.0274, 0.0309, 0.0316, 0.0358, 0.0367, 0.0406, 
0.0426, 92.1, 101, 110.1, 120.2, 125.9, 136.7, 148.2, 156.9, 
164.1, 174.7, 183.2, 1, 1, 1, 1, 1, 1, 1, 1, 1, 1, 1, 1, 1, 1, 
1, 1, 1, 1, 1, 1, 1, 1, 1, 1, 1, 1, 1, 1, 1, 1, 1, 1, 1, 1, 1, 
1, 1, 1, 1, 1, 1, 1, 1, 1, 2.539, 2.783, 2.717, 2.85, 2.866, 
2.857, 2.886, 2.912, 2.938, 2.965, 2.914), .Dim = c(11L, 40L), .Dimnames = list(
    NULL, c("Sampling", "PSO.cost", "PSO.gamma", "PSO.data.balancing", 
    "PSO.feature.selection", "PSO.valid.acc", "PSO.test.acc", 
    "PSO.train.time", "PSO.n.support.vectors", "PSO.index", "PSO.n.solutions", 
    "PSO.generations", "PSO.n.evaluations", "PSO.cpu.time", "RS.cost", 
    "RS.gamma", "RS.data.balancing", "RS.feature.selection", 
    "RS.valid.acc", "RS.test.acc", "RS.train.time", "RS.n.support.vectors", 
    "RS.index", "RS.n.solutions", "RS.generations", "RS.n.evaluations", 
    "RS.cpu.time", "DF.cost", "DF.gamma", "DF.data.balancing", 
    "DF.feature.selection", "DF.valid.acc", "DF.test.acc", "DF.train.time", 
    "DF.n.support.vectors", "DF.index", "DF.n.solutions", "DF.generations", 
    "DF.n.evaluations", "DF.cpu.time")))
