full <-
structure(c(50, 55, 60, 65, 70, 75, 80, 85, 90, 95, 100, 0.12911, 
7.52325, -0.0521, 0.45639, 3.06759, 1.1125, 5.1637, 7.87182, 
13.27853, 3.58227, 2.40056, -3.18632, -11.92046, -4.15893, -3.24886, 
-8.76409, -3.86162, -7.12401, -13.6534, -12.15557, -3.33189, 
-6.70026, 0, 0, 0, 0, 0, 0, 0, 0, 0, 0, 0, 0, 0, 0, 0, 0, 0, 
0, 0, 0, 0, 0, 0.66691, 0.66001, 0.67573, 0.64945, 0.64229, 0.64007, 
0.64831, 0.61453, 0.6212, 0.61008, 0.61408, 0.63929, 0.63533, 
0.64324, 0.64453, 0.62346, 0.62266, 0.61465, 0.58776, 0.56614, 
0.58118, 0.58481, 0.0235, 0.0225, 0.0249, 0.0292, 0.0277, 0.0336, 
0.0323, 0.0332, 0.0571, 0.0465, 0.0397, 99, 83.3, 103.6, 124.7, 
111.3, 137.3, 126.8, 138.9, 135, 187.2, 165.6, 913, 37, 864, 
555, 1011, 2488, 1597, 99, 518, 665, 307, 56, 68, 339, 474, 23, 
1, 22, 79, 60, 481, 96, 100, 100, 100, 100, 100, 100, 100, 100, 
100, 100, 100, 2500, 2500, 2500, 2500, 2500, 2500, 2500, 2500, 
2500, 2500, 2500, 7168.544, 7195.985, 6947.457, 7126.959, 7087.101, 
7176.247, 7258.64199999999, 7295.68799999999, 7913.136, 7540.25900000001, 
7612.34800000003, 0.70519, 8.7625, -0.16814, 0.4008, 1.09852, 
1.12775, 5.56069, 8.62885, 12.65567, 4.52882, 2.98222, -3.59292, 
-13.14353, -3.9775, -3.28752, -4.06623, -3.67845, -7.67548, -14.41236, 
-11.66699, -3.32916, -7.40539, 0, 0, 0, 0, 0, 0, 0, 0, 0, 0, 
0, 0, 0, 0, 0, 0, 0, 0, 0, 0, 0, 0, 0.66066, 0.66001, 0.67573, 
0.64445, 0.64232, 0.62701, 0.64063, 0.61453, 0.6212, 0.60674, 
0.61386, 0.64024, 0.63533, 0.64386, 0.63453, 0.64162, 0.62679, 
0.6275, 0.58776, 0.56971, 0.58462, 0.58448, 0.0232, 0.0205, 0.0261, 
0.0302, 0.0301, 0.034, 0.0303, 0.0324, 0.0548, 0.0461, 0.0389, 
94.1, 83.3, 104.7, 124.2, 124.2, 140.1, 124.3, 138.9, 135.8, 
186.5, 164.2, 377, 2065, 1276, 301, 1208, 2035, 2381, 71, 1157, 
959, 1448, 2, 1, 1, 1, 2, 1, 2, 2, 1, 1, 1, 100, 100, 100, 100, 
100, 100, 100, 100, 100, 100, 100, 2500, 2500, 2500, 2500, 2500, 
2500, 2500, 2500, 2500, 2500, 2500, 7148.677, 7162.308, 7064.151, 
7177.056, 7242.356, 7293.773, 7393.946, 7486.579, 7543.61600000001, 
7697.326, 7843.47099999999, 1, 1, 1, 1, 1, 1, 1, 1, 1, 1, 1, 
0.07692, 0.07692, 0.07692, 0.07692, 0.07692, 0.07692, 0.07692, 
0.07692, 0.07692, 0.07692, 0.07692, 0, 0, 0, 0, 0, 0, 0, 0, 0, 
0, 0, 0, 0, 0, 0, 0, 0, 0, 0, 0, 0, 0, 0.66192, 0.62953, 0.64386, 
0.61992, 0.62823, 0.61372, 0.62912, 0.59499, 0.58467, 0.58531, 
0.60364, 0.63388, 0.62398, 0.64353, 0.63133, 0.62844, 0.61337, 
0.63716, 0.61149, 0.5884, 0.58875, 0.59729, 0.0245, 0.0227, 0.0249, 
0.0283, 0.0299, 0.0323, 0.033, 0.0364, 0.0385, 0.0403, 0.0436, 
91.6, 98.1, 108.1, 118.2, 126.3, 137.5, 145.4, 155.2, 164.6, 
175.2, 184.7, 1, 1, 1, 1, 1, 1, 1, 1, 1, 1, 1, 1, 1, 1, 1, 1, 
1, 1, 1, 1, 1, 1, 1, 1, 1, 1, 1, 1, 1, 1, 1, 1, 1, 1, 1, 1, 1, 
1, 1, 1, 1, 1, 1, 1, 2.941, 2.897, 2.634, 2.862, 2.839, 2.918, 
2.917, 2.902, 2.94, 2.993, 3.062), .Dim = c(11L, 40L), .Dimnames = list(
    NULL, c("Sampling", "PSO.cost", "PSO.gamma", "PSO.data.balancing", 
    "PSO.feature.selection", "PSO.valid.acc", "PSO.test.acc", 
    "PSO.train.time", "PSO.n.support.vectors", "PSO.index", "PSO.n.solutions", 
    "PSO.generations", "PSO.n.evaluations", "PSO.cpu.time", "RS.cost", 
    "RS.gamma", "RS.data.balancing", "RS.feature.selection", 
    "RS.valid.acc", "RS.test.acc", "RS.train.time", "RS.n.support.vectors", 
    "RS.index", "RS.n.solutions", "RS.generations", "RS.n.evaluations", 
    "RS.cpu.time", "DF.cost", "DF.gamma", "DF.data.balancing", 
    "DF.feature.selection", "DF.valid.acc", "DF.test.acc", "DF.train.time", 
    "DF.n.support.vectors", "DF.index", "DF.n.solutions", "DF.generations", 
    "DF.n.evaluations", "DF.cpu.time")))
