full <-
structure(c(50, 55, 60, 65, 70, 75, 80, 85, 90, 95, 100, 3.4072, 
6.56721, 8.04271, 9.40987, 4.94681, 1.29667, 14.22115, 6.80582, 
7.36633, 7.5767, 10.55672, -3.99151, -7.85053, -13.20276, -12.65989, 
-8.51913, -6.41849, -11.80055, -8.92278, -9.84021, -12.63265, 
-9.23761, 0, 0, 0, 0, 0, 0, 0, 0, 0, 0, 0, 0, 0, 0, 0, 0, 0, 
0, 0, 0, 0, 0, 0.66352, 0.66397, 0.65523, 0.68129, 0.66504, 0.64417, 
0.61293, 0.61449, 0.61843, 0.62058, 0.60387, 0.62189, 0.64891, 
0.62212, 0.66521, 0.63262, 0.63053, 0.56724, 0.58708, 0.57411, 
0.58962, 0.5777, 0.0243, 0.0269, 0.0267, 0.0257, 0.0267, 0.0286, 
0.0639, 0.0333, 0.0359, 0.036, 0.0621, 99.3, 92.1, 99.3, 104.7, 
113.8, 120, 121.6, 135.4, 143.6, 154.4, 160.1, 1982, 840, 283, 
183, 275, 93, 1942, 805, 2497, 728, 1270, 3, 42, 49, 219, 100, 
14, 6, 265, 1, 16, 34, 100, 100, 100, 100, 100, 100, 100, 100, 
100, 100, 100, 2500, 2500, 2500, 2500, 2500, 2500, 2500, 2500, 
2500, 2500, 2500, 7857.067, 8653.311, 7803.697, 6474.061, 6548.643, 
6684.42, 6791.928, 6716.159, 6918.57699999999, 6891.04299999999, 
7616.04299999998, 3.33581, 6.79762, 0.64407, 9.86864, 3.08813, 
1.42769, 2.44471, 6.86228, 7.72814, 8.36155, 0.89014, -3.96216, 
-7.90397, -3.56911, -13.18051, -6.71635, -6.73564, -5.77691, 
-8.51347, -10.48779, -13.433, -3.26616, 0, 0, 0, 0, 0, 0, 0, 
0, 0, 0, 0, 0, 0, 0, 0, 0, 0, 0, 0, 0, 0, 0, 0.65727, 0.65772, 
0.67511, 0.68129, 0.66483, 0.64417, 0.61674, 0.61063, 0.61486, 
0.61714, 0.59752, 0.61522, 0.64891, 0.66429, 0.66521, 0.62262, 
0.63053, 0.6004, 0.59508, 0.56671, 0.58962, 0.61055, 0.0246, 
0.0265, 0.0251, 0.0255, 0.0267, 0.0274, 0.0305, 0.0339, 0.0354, 
0.0358, 0.0451, 99.4, 92.5, 117.9, 104.8, 117, 119.6, 134.7, 
135.3, 143.7, 154.4, 193.8, 77, 1313, 421, 254, 8, 155, 491, 
241, 1404, 1744, 1865, 1, 2, 1, 9, 1, 3, 1, 3, 1, 1, 1, 100, 
100, 100, 100, 100, 100, 100, 100, 100, 100, 100, 2500, 2500, 
2500, 2500, 2500, 2500, 2500, 2500, 2500, 2500, 2500, 8610.379, 
8748.859, 6519.831, 6594.178, 6656.973, 6696.31999999999, 6803.59700000001, 
6992.065, 7070.54399999999, 7159.908, 7313.93599999999, 1, 1, 
1, 1, 1, 1, 1, 1, 1, 1, 1, 0.07692, 0.07692, 0.07692, 0.07692, 
0.07692, 0.07692, 0.07692, 0.07692, 0.07692, 0.07692, 0.07692, 
0, 0, 0, 0, 0, 0, 0, 0, 0, 0, 0, 0, 0, 0, 0, 0, 0, 0, 0, 0, 0, 
0, 0.59786, 0.64793, 0.63235, 0.63503, 0.62738, 0.60444, 0.59608, 
0.56758, 0.59235, 0.59321, 0.56107, 0.59708, 0.6539, 0.65464, 
0.64479, 0.62736, 0.61689, 0.5882, 0.58769, 0.58112, 0.5858, 
0.56149, 0.023, 0.0269, 0.0248, 0.0268, 0.0294, 0.0302, 0.0329, 
0.0354, 0.0378, 0.0397, 0.0425, 99.1, 110, 115.8, 124.6, 133, 
138.6, 150.1, 159, 168.6, 177, 184.7, 1, 1, 1, 1, 1, 1, 1, 1, 
1, 1, 1, 1, 1, 1, 1, 1, 1, 1, 1, 1, 1, 1, 1, 1, 1, 1, 1, 1, 1, 
1, 1, 1, 1, 1, 1, 1, 1, 1, 1, 1, 1, 1, 1, 1, 3.345, 3.527, 2.552, 
2.597, 2.654, 2.634, 2.662, 2.756, 2.824, 2.768, 2.794), .Dim = c(11L, 
40L), .Dimnames = list(NULL, c("Sampling", "PSO.cost", "PSO.gamma", 
"PSO.data.balancing", "PSO.feature.selection", "PSO.valid.acc", 
"PSO.test.acc", "PSO.train.time", "PSO.n.support.vectors", "PSO.index", 
"PSO.n.solutions", "PSO.generations", "PSO.n.evaluations", "PSO.cpu.time", 
"RS.cost", "RS.gamma", "RS.data.balancing", "RS.feature.selection", 
"RS.valid.acc", "RS.test.acc", "RS.train.time", "RS.n.support.vectors", 
"RS.index", "RS.n.solutions", "RS.generations", "RS.n.evaluations", 
"RS.cpu.time", "DF.cost", "DF.gamma", "DF.data.balancing", "DF.feature.selection", 
"DF.valid.acc", "DF.test.acc", "DF.train.time", "DF.n.support.vectors", 
"DF.index", "DF.n.solutions", "DF.generations", "DF.n.evaluations", 
"DF.cpu.time")))
