full <-
structure(c(50, 55, 60, 65, 70, 75, 80, 85, 90, 95, 100, 1.48401, 
1.30197, 0.46122, 9.82793, 0.70619, 6.87184, 8.11784, 6.85179, 
7.61962, 2.63819, 5.07364, -2.41866, -6.42535, -2.53133, -13.00342, 
-5.84714, -13.56189, -10.57989, -12.4133, -10.6752, -7.52898, 
-6.31767, 0, 0, 0, 0, 0, 0, 0, 0, 0, 0, 0, 0, 0, 0, 0, 0, 0, 
0, 0, 0, 0, 0, 0.61601, 0.62226, 0.62184, 0.59999, 0.60868, 0.59061, 
0.61972, 0.62315, 0.61886, 0.60785, 0.6107, 0.60708, 0.59869, 
0.59959, 0.5802, 0.58509, 0.5732, 0.56137, 0.61054, 0.58935, 
0.59374, 0.56914, 0.0267, 0.0227, 0.0294, 0.0251, 0.0284, 0.0287, 
0.0326, 0.0331, 0.0362, 0.0363, 0.0458, 111.8, 96.9, 132, 110, 
119.8, 124.9, 127.1, 140.1, 141.3, 156.4, 167.3, 1465, 531, 313, 
1117, 1201, 98, 680, 456, 1113, 661, 1606, 16, 130, 227, 9, 6, 
106, 88, 114, 34, 159, 38, 100, 100, 100, 100, 100, 100, 100, 
100, 100, 100, 100, 2500, 2500, 2500, 2500, 2500, 2500, 2500, 
2500, 2500, 2500, 2500, 7250.063, 7132.163, 7071.418, 6953.407, 
7280.146, 7436.755, 7527.058, 7102.905, 7376.917, 7335.33300000001, 
7296.41500000001, 3.14273, 1.72316, 0.46093, 9.82536, 1.11661, 
0.87796, 8.17296, 7.09411, 7.36291, 2.08447, 1.03895, -2.38984, 
-6.89439, -2.50508, -13.01082, -6.19806, -7.45271, -10.60428, 
-12.67328, -10.44233, -6.90299, -3.08061, 0, 0, 0, 0, 0, 0, 0, 
0, 0, 0, 0, 0, 0, 0, 0, 0, 0, 0, 0, 0, 0, 0, 0.60976, 0.62226, 
0.62184, 0.59999, 0.59937, 0.59061, 0.61972, 0.62315, 0.61516, 
0.6044, 0.60463, 0.58744, 0.59869, 0.59959, 0.5802, 0.58032, 
0.5732, 0.56137, 0.6067, 0.58935, 0.5866, 0.60162, 0.0247, 0.023, 
0.0303, 0.0271, 0.0264, 0.0288, 0.0338, 0.0337, 0.0362, 0.0381, 
0.0464, 112.5, 96.2, 132.4, 110, 119.6, 126, 127, 140.1, 141.4, 
157, 198, 111, 2004, 2147, 1502, 647, 163, 1443, 280, 966, 1199, 
747, 8, 1, 1, 1, 3, 7, 1, 2, 1, 1, 1, 100, 100, 100, 100, 100, 
100, 100, 100, 100, 100, 100, 2500, 2500, 2500, 2500, 2500, 2500, 
2500, 2500, 2500, 2500, 2500, 7215.074, 7234.856, 7112.626, 7362.36, 
7562.094, 7463.762, 7455.56499999999, 7495.901, 7575.049, 7541.022, 
7497.26000000001, 1, 1, 1, 1, 1, 1, 1, 1, 1, 1, 1, 0.07692, 0.07692, 
0.07692, 0.07692, 0.07692, 0.07692, 0.07692, 0.07692, 0.07692, 
0.07692, 0.07692, 0, 0, 0, 0, 0, 0, 0, 0, 0, 0, 0, 0, 0, 0, 0, 
0, 0, 0, 0, 0, 0, 0, 0.58071, 0.57549, 0.57174, 0.56032, 0.56647, 
0.5772, 0.56669, 0.57619, 0.57823, 0.57225, 0.58741, 0.58875, 
0.55743, 0.55504, 0.58013, 0.58011, 0.57719, 0.57955, 0.60283, 
0.59277, 0.57524, 0.60046, 0.0234, 0.0241, 0.0239, 0.0277, 0.0301, 
0.0317, 0.0335, 0.0362, 0.0382, 0.0415, 0.0448, 98.1, 109.9, 
117.9, 127.6, 133.5, 142.6, 150.2, 157.1, 164.6, 174.6, 183.8, 
1, 1, 1, 1, 1, 1, 1, 1, 1, 1, 1, 1, 1, 1, 1, 1, 1, 1, 1, 1, 1, 
1, 1, 1, 1, 1, 1, 1, 1, 1, 1, 1, 1, 1, 1, 1, 1, 1, 1, 1, 1, 1, 
1, 1, 2.896, 2.866, 2.659, 2.956, 2.989, 2.975, 3.02, 2.917, 
2.959, 2.982, 3.069), .Dim = c(11L, 40L), .Dimnames = list(NULL, 
    c("Sampling", "PSO.cost", "PSO.gamma", "PSO.data.balancing", 
    "PSO.feature.selection", "PSO.valid.acc", "PSO.test.acc", 
    "PSO.train.time", "PSO.n.support.vectors", "PSO.index", "PSO.n.solutions", 
    "PSO.generations", "PSO.n.evaluations", "PSO.cpu.time", "RS.cost", 
    "RS.gamma", "RS.data.balancing", "RS.feature.selection", 
    "RS.valid.acc", "RS.test.acc", "RS.train.time", "RS.n.support.vectors", 
    "RS.index", "RS.n.solutions", "RS.generations", "RS.n.evaluations", 
    "RS.cpu.time", "DF.cost", "DF.gamma", "DF.data.balancing", 
    "DF.feature.selection", "DF.valid.acc", "DF.test.acc", "DF.train.time", 
    "DF.n.support.vectors", "DF.index", "DF.n.solutions", "DF.generations", 
    "DF.n.evaluations", "DF.cpu.time")))
