full <-
structure(c(50, 55, 60, 65, 70, 75, 80, 85, 90, 95, 100, 0.25012, 
6.73714, 8.29314, 4.84519, 5.12377, 1.95813, 11.37769, 8.75298, 
1.44953, 3.12602, 2.2466, -4.44144, -11.86343, -10.51928, -10.96799, 
-9.43165, -6.76296, -10.59303, -12.96639, -4.99994, -8.6344, 
-6.40563, 0, 0, 0, 0, 0, 0, 0, 0, 0, 0, 0, 0, 0, 0, 0, 0, 0, 
0, 0, 0, 0, 0, 0.62074, 0.60592, 0.62197, 0.60447, 0.63346, 0.61908, 
0.62034, 0.61259, 0.60118, 0.61392, 0.61758, 0.59943, 0.58681, 
0.57621, 0.59895, 0.60054, 0.59354, 0.55837, 0.59006, 0.57565, 
0.59976, 0.5849, 0.0206, 0.0228, 0.0244, 0.0249, 0.0268, 0.0302, 
0.0444, 0.0341, 0.0391, 0.0381, 0.0404, 95.8, 93.1, 96.1, 107.5, 
113.9, 126, 126.3, 140.1, 160.7, 157.1, 166.3, 949, 119, 137, 
139, 2151, 744, 276, 354, 1741, 580, 802, 238, 97, 279, 97, 3, 
103, 226, 52, 1, 44, 152, 100, 100, 100, 100, 100, 100, 100, 
100, 100, 100, 100, 2500, 2500, 2500, 2500, 2500, 2500, 2500, 
2500, 2500, 2500, 2500, 7064.657, 6961.096, 7016.79, 7360.056, 
7278.317, 7392.73, 7745.633, 7643.74900000001, 7851.947, 7297.37399999998, 
7335.93599999999, -0.23566, 8.94981, 8.24712, -0.24773, 10.31989, 
1.24285, 12.54553, 8.4149, 1.27202, 3.03703, 2.18126, -4.22331, 
-14.0611, -10.42808, -3.31389, -14.56033, -6.15492, -11.19828, 
-14.31587, -4.94961, -8.50702, -7.07894, 0, 0, 0, 0, 0, 0, 0, 
0, 0, 0, 0, 0, 0, 0, 0, 0, 0, 0, 0, 0, 0, 0, 0.61943, 0.60592, 
0.62197, 0.60974, 0.62846, 0.61416, 0.62016, 0.61213, 0.5976, 
0.61048, 0.61435, 0.60063, 0.58681, 0.57621, 0.58395, 0.58623, 
0.59336, 0.55437, 0.58903, 0.58704, 0.59631, 0.59112, 0.0218, 
0.0215, 0.0245, 0.0283, 0.0265, 0.0302, 0.0507, 0.0353, 0.0372, 
0.0378, 0.0406, 97.3, 93.3, 95.8, 131.6, 113.4, 127.6, 125.9, 
142.7, 161.2, 157.1, 163.8, 182, 1008, 18, 1040, 142, 1515, 771, 
404, 1620, 2060, 1090, 2, 1, 5, 1, 11, 1, 1, 1, 1, 2, 2, 100, 
100, 100, 100, 100, 100, 100, 100, 100, 100, 100, 2500, 2500, 
2500, 2500, 2500, 2500, 2500, 2500, 2500, 2500, 2500, 7015.019, 
7167.301, 7185.331, 7521.90700000001, 7539.61, 7812.336, 7754.52, 
7843.80499999999, 7928.94900000001, 7532.144, 7728.64199999999, 
1, 1, 1, 1, 1, 1, 1, 1, 1, 1, 1, 0.07692, 0.07692, 0.07692, 0.07692, 
0.07692, 0.07692, 0.07692, 0.07692, 0.07692, 0.07692, 0.07692, 
0, 0, 0, 0, 0, 0, 0, 0, 0, 0, 0, 0, 0, 0, 0, 0, 0, 0, 0, 0, 0, 
0, 0.6136, 0.59379, 0.58726, 0.59447, 0.60896, 0.57875, 0.57891, 
0.55807, 0.57468, 0.58954, 0.60846, 0.58068, 0.59967, 0.59308, 
0.58921, 0.5858, 0.58761, 0.58695, 0.56903, 0.56782, 0.59275, 
0.60458, 0.0222, 0.0232, 0.0255, 0.028, 0.0302, 0.0327, 0.0333, 
0.038, 0.0395, 0.0413, 0.045, 102.8, 107.5, 115.8, 127.3, 133.4, 
143.5, 151.8, 162.4, 173, 178.5, 184.8, 1, 1, 1, 1, 1, 1, 1, 
1, 1, 1, 1, 1, 1, 1, 1, 1, 1, 1, 1, 1, 1, 1, 1, 1, 1, 1, 1, 1, 
1, 1, 1, 1, 1, 1, 1, 1, 1, 1, 1, 1, 1, 1, 1, 1, 2.678, 2.767, 
2.927, 2.873, 2.954, 3.057, 3.078, 3.052, 2.908, 2.882, 2.955
), .Dim = c(11L, 40L), .Dimnames = list(NULL, c("Sampling", "PSO.cost", 
"PSO.gamma", "PSO.data.balancing", "PSO.feature.selection", "PSO.valid.acc", 
"PSO.test.acc", "PSO.train.time", "PSO.n.support.vectors", "PSO.index", 
"PSO.n.solutions", "PSO.generations", "PSO.n.evaluations", "PSO.cpu.time", 
"RS.cost", "RS.gamma", "RS.data.balancing", "RS.feature.selection", 
"RS.valid.acc", "RS.test.acc", "RS.train.time", "RS.n.support.vectors", 
"RS.index", "RS.n.solutions", "RS.generations", "RS.n.evaluations", 
"RS.cpu.time", "DF.cost", "DF.gamma", "DF.data.balancing", "DF.feature.selection", 
"DF.valid.acc", "DF.test.acc", "DF.train.time", "DF.n.support.vectors", 
"DF.index", "DF.n.solutions", "DF.generations", "DF.n.evaluations", 
"DF.cpu.time")))
