full <-
structure(c(50, 55, 60, 65, 70, 75, 80, 85, 90, 95, 100, 0.10227, 
5.27112, 7.15704, 13.68739, 7.67735, 0.19038, 0.8565, 8.266, 
9.04016, 9.23396, 1.19008, -5.61283, -11.71336, -13.24074, -15, 
-13.91723, -6.11278, -3.29048, -11.36626, -13.31856, -15, -5.22392, 
0, 0, 0, 0, 0, 0, 0, 0, 0, 0, 0, 0, 0, 0, 0, 0, 0, 0, 0, 0, 0, 
0, 0.60429, 0.59914, 0.57788, 0.57872, 0.57155, 0.58656, 0.62144, 
0.59509, 0.59239, 0.60287, 0.61159, 0.59179, 0.58668, 0.54978, 
0.57872, 0.55277, 0.54247, 0.61344, 0.55941, 0.57029, 0.59929, 
0.57862, 0.0247, 0.0259, 0.0269, 0.0317, 0.0307, 0.0317, 0.0384, 
0.0366, 0.0371, 0.0396, 0.0432, 89.9, 98.4, 108.7, 108, 126.1, 
132.6, 161, 135.1, 146.2, 155.4, 170.2, 503, 125, 536, 149, 616, 
1130, 2430, 133, 146, 113, 1357, 100, 124, 78, 125, 34, 31, 3, 
323, 43, 76, 47, 100, 100, 100, 100, 100, 100, 100, 100, 100, 
100, 100, 2500, 2500, 2500, 2500, 2500, 2500, 2500, 2500, 2500, 
2500, 2500, 9057.748, 9186.527, 9137.583, 9144.752, 9232.04400000001, 
9109.01800000001, 9252.23700000001, 9344.99399999999, 9350.921, 
9414.58799999999, 9583.06600000002, -0.4277, 7.97284, 2.4375, 
11.92466, 4.12709, -0.15505, 1.24131, 7.58816, 3.99846, 8.13156, 
1.27451, -5.61664, -14.33729, -8.25763, -13.25872, -10.3513, 
-4.46359, -4.14301, -10.62603, -7.7202, -13.85051, -5.3329, 0, 
0, 0, 0, 0, 0, 0, 0, 0, 0, 0, 0, 0, 0, 0, 0, 0, 0, 0, 0, 0, 0, 
0.60518, 0.59914, 0.58282, 0.57872, 0.57155, 0.58241, 0.61709, 
0.59509, 0.59225, 0.60287, 0.60503, 0.57976, 0.58668, 0.54978, 
0.58372, 0.54751, 0.53416, 0.60105, 0.55941, 0.55985, 0.59596, 
0.58175, 0.0236, 0.025, 0.0268, 0.0323, 0.0303, 0.0338, 0.0361, 
0.0366, 0.0387, 0.039, 0.0432, 90.9, 98.7, 108.5, 108.5, 126.2, 
138.2, 149.6, 134.8, 147.8, 155.3, 169.3, 2083, 256, 528, 98, 
102, 1466, 1602, 157, 1018, 3, 2340, 1, 10, 1, 5, 4, 1, 1, 3, 
3, 4, 1, 100, 100, 100, 100, 100, 100, 100, 100, 100, 100, 100, 
2500, 2500, 2500, 2500, 2500, 2500, 2500, 2500, 2500, 2500, 2500, 
9222.427, 9164.123, 9155.42, 9215.912, 9355.872, 9252.916, 9385.70299999999, 
9525.93400000001, 9643.27800000002, 9802.82000000001, 9913.003, 
1, 1, 1, 1, 1, 1, 1, 1, 1, 1, 1, 0.07692, 0.07692, 0.07692, 0.07692, 
0.07692, 0.07692, 0.07692, 0.07692, 0.07692, 0.07692, 0.07692, 
0, 0, 0, 0, 0, 0, 0, 0, 0, 0, 0, 0, 0, 0, 0, 0, 0, 0, 0, 0, 0, 
0, 0.57839, 0.56187, 0.54451, 0.55817, 0.54368, 0.57352, 0.5842, 
0.57985, 0.5626, 0.57441, 0.585, 0.55833, 0.56196, 0.52193, 0.5537, 
0.53411, 0.5472, 0.55195, 0.56371, 0.57729, 0.59513, 0.5978, 
0.0255, 0.0275, 0.0289, 0.0312, 0.0319, 0.0337, 0.0358, 0.0384, 
0.0397, 0.0431, 0.0467, 99.4, 109.6, 120.3, 128.7, 140.1, 145.8, 
152.1, 158.1, 168.3, 176.4, 184.4, 1, 1, 1, 1, 1, 1, 1, 1, 1, 
1, 1, 1, 1, 1, 1, 1, 1, 1, 1, 1, 1, 1, 1, 1, 1, 1, 1, 1, 1, 1, 
1, 1, 1, 1, 1, 1, 1, 1, 1, 1, 1, 1, 1, 1, 3.666, 3.694, 3.641, 
3.718, 3.604, 3.58, 3.598, 3.718, 3.568, 3.814, 3.882), .Dim = c(11L, 
40L), .Dimnames = list(NULL, c("Sampling", "PSO.cost", "PSO.gamma", 
"PSO.data.balancing", "PSO.feature.selection", "PSO.valid.acc", 
"PSO.test.acc", "PSO.train.time", "PSO.n.support.vectors", "PSO.index", 
"PSO.n.solutions", "PSO.generations", "PSO.n.evaluations", "PSO.cpu.time", 
"RS.cost", "RS.gamma", "RS.data.balancing", "RS.feature.selection", 
"RS.valid.acc", "RS.test.acc", "RS.train.time", "RS.n.support.vectors", 
"RS.index", "RS.n.solutions", "RS.generations", "RS.n.evaluations", 
"RS.cpu.time", "DF.cost", "DF.gamma", "DF.data.balancing", "DF.feature.selection", 
"DF.valid.acc", "DF.test.acc", "DF.train.time", "DF.n.support.vectors", 
"DF.index", "DF.n.solutions", "DF.generations", "DF.n.evaluations", 
"DF.cpu.time")))
