full <-
structure(c(50, 55, 60, 65, 70, 75, 80, 85, 90, 95, 100, 0.72708, 
1.25538, -0.54577, 1.30607, 0.80428, 2.91656, 9.76723, 2.23202, 
12.31831, 0.73045, 5.28074, -6.70064, -2.86484, -5.05091, -3.0997, 
-3.05081, -9.81214, -15, -7.83341, -13.05597, -2.66209, -11.2773, 
0, 0, 0, 0, 0, 0, 0, 0, 0, 0, 0, 0, 0, 0, 0, 0, 0, 0, 0, 0, 0, 
0, 0.61137, 0.65126, 0.63789, 0.6621, 0.62864, 0.62218, 0.63578, 
0.63419, 0.6175, 0.62088, 0.61115, 0.61137, 0.62773, 0.63789, 
0.63149, 0.62405, 0.59119, 0.63611, 0.60726, 0.58496, 0.58598, 
0.57822, 0.0216, 0.0267, 0.0248, 0.0312, 0.0312, 0.0271, 0.03, 
0.0322, 0.0411, 0.0476, 0.0388, 90.6, 118.2, 105.7, 131.5, 142.8, 
122.9, 129.7, 138.7, 138.1, 195.6, 163.7, 100, 1737, 1619, 1159, 
1080, 488, 281, 726, 128, 370, 191, 254, 15, 85, 48, 264, 40, 
38, 128, 174, 300, 21, 100, 100, 100, 100, 100, 100, 100, 100, 
100, 100, 100, 2500, 2500, 2500, 2500, 2500, 2500, 2500, 2500, 
2500, 2500, 2500, 6697.157, 6597.293, 6641.936, 6763.802, 6556.82, 
6489.57399999999, 6566.04000000001, 6787.12299999999, 7096.44200000001, 
7206.738, 7056.997, 0.39912, 0.90397, -0.53687, 5.14283, 0.59698, 
6.08072, 9.05034, 1.92532, 14.07173, 0.68167, 8.42491, -6.4097, 
-2.9834, -5.01556, -3.36943, -3.22004, -12.98551, -14.29062, 
-7.51258, -14.81111, -3.04122, -14.42208, 0, 0, 0, 0, 0, 0, 0, 
0, 0, 0, 0, 0, 0, 0, 0, 0, 0, 0, 0, 0, 0, 0, 0.61137, 0.6395, 
0.63263, 0.65305, 0.61933, 0.62218, 0.63578, 0.63419, 0.6175, 
0.60731, 0.61115, 0.5922, 0.62773, 0.63789, 0.60112, 0.61905, 
0.59534, 0.63611, 0.60741, 0.58496, 0.58217, 0.57822, 0.0211, 
0.0275, 0.0238, 0.0299, 0.0295, 0.0287, 0.0299, 0.0335, 0.0432, 
0.0435, 0.0393, 91, 116.9, 105.9, 128.2, 140, 122.7, 129.7, 139.3, 
138.4, 188.3, 163.6, 1160, 1312, 2223, 1034, 910, 2352, 265, 
671, 291, 1031, 1686, 3, 1, 1, 1, 4, 1, 1, 2, 3, 1, 1, 100, 100, 
100, 100, 100, 100, 100, 100, 100, 100, 100, 2500, 2500, 2500, 
2500, 2500, 2500, 2500, 2500, 2500, 2500, 2500, 6542.168, 6689.998, 
6753.422, 6857.718, 6440.85500000001, 6680.90400000001, 6783.872, 
7030.29300000001, 7178.061, 7403.806, 7486.98500000002, 1, 1, 
1, 1, 1, 1, 1, 1, 1, 1, 1, 0.07692, 0.07692, 0.07692, 0.07692, 
0.07692, 0.07692, 0.07692, 0.07692, 0.07692, 0.07692, 0.07692, 
0, 0, 0, 0, 0, 0, 0, 0, 0, 0, 0, 0, 0, 0, 0, 0, 0, 0, 0, 0, 0, 
0, 0.5856, 0.61723, 0.61684, 0.6247, 0.60974, 0.60441, 0.60742, 
0.59556, 0.59144, 0.57554, 0.58156, 0.57179, 0.65126, 0.60569, 
0.6247, 0.60498, 0.61694, 0.62808, 0.58741, 0.58498, 0.58876, 
0.57471, 0.0225, 0.0242, 0.0238, 0.027, 0.0274, 0.0312, 0.0331, 
0.0348, 0.0376, 0.0407, 0.0433, 101.3, 107.9, 115.5, 121.8, 132, 
140.5, 147.6, 156.7, 165.5, 175.3, 185, 1, 1, 1, 1, 1, 1, 1, 
1, 1, 1, 1, 1, 1, 1, 1, 1, 1, 1, 1, 1, 1, 1, 1, 1, 1, 1, 1, 1, 
1, 1, 1, 1, 1, 1, 1, 1, 1, 1, 1, 1, 1, 1, 1, 1, 2.61, 2.69, 2.528, 
2.703, 2.493, 2.646, 2.736, 2.746, 2.784, 2.819, 2.949), .Dim = c(11L, 
40L), .Dimnames = list(NULL, c("Sampling", "PSO.cost", "PSO.gamma", 
"PSO.data.balancing", "PSO.feature.selection", "PSO.valid.acc", 
"PSO.test.acc", "PSO.train.time", "PSO.n.support.vectors", "PSO.index", 
"PSO.n.solutions", "PSO.generations", "PSO.n.evaluations", "PSO.cpu.time", 
"RS.cost", "RS.gamma", "RS.data.balancing", "RS.feature.selection", 
"RS.valid.acc", "RS.test.acc", "RS.train.time", "RS.n.support.vectors", 
"RS.index", "RS.n.solutions", "RS.generations", "RS.n.evaluations", 
"RS.cpu.time", "DF.cost", "DF.gamma", "DF.data.balancing", "DF.feature.selection", 
"DF.valid.acc", "DF.test.acc", "DF.train.time", "DF.n.support.vectors", 
"DF.index", "DF.n.solutions", "DF.generations", "DF.n.evaluations", 
"DF.cpu.time")))
