full <-
structure(c(50, 55, 60, 65, 70, 75, 80, 85, 90, 95, 100, 10.01984, 
3.05153, 9.43447, 9.60495, 7.27081, 2.93177, 7.80659, 2.6549, 
11.52207, 13.65536, 8.37907, -13.96802, -7.76583, -15, -13.7826, 
-12.2416, -7.17889, -14.22955, -9.05896, -11.54454, -12.8495, 
-9.05966, 0, 0, 0, 0, 0, 0, 0, 0, 0, 0, 0, 0, 0, 0, 0, 0, 0, 
0, 0, 0, 0, 0, 0.67173, 0.65584, 0.64377, 0.64665, 0.62762, 0.63031, 
0.62134, 0.61556, 0.62589, 0.62003, 0.61847, 0.62494, 0.61719, 
0.61154, 0.60528, 0.61262, 0.5956, 0.59656, 0.58766, 0.60712, 
0.57196, 0.57137, 0.0214, 0.0225, 0.0233, 0.0262, 0.0284, 0.0297, 
0.0295, 0.0342, 0.042, 0.0586, 0.0471, 82, 93.7, 102.4, 107, 
115.4, 122.6, 132.7, 135.8, 130.4, 141.1, 157.7, 1187, 235, 167, 
555, 134, 642, 186, 602, 2224, 158, 379, 15, 135, 53, 20, 72, 
60, 38, 17, 2, 569, 137, 100, 100, 100, 100, 100, 100, 100, 100, 
100, 100, 100, 2500, 2500, 2500, 2500, 2500, 2500, 2500, 2500, 
2500, 2500, 2500, 6880.247, 6910.909, 7007.999, 7158.635, 7267.177, 
7525.41900000001, 7572.99800000001, 6946.393, 7306.45600000001, 
7470.89499999999, 7638.842, 7.48486, 3.08279, 4.48679, 10.26277, 
0.97935, 8.03532, 3.70232, -0.32355, 13.73349, 11.65783, 8.60599, 
-11.23249, -7.8466, -10.02573, -14.45794, -5.0548, -13.17122, 
-10.09115, -4.16814, -11.46757, -11.66636, -9.30832, 0, 0, 0, 
0, 0, 0, 0, 0, 0, 0, 0, 0, 0, 0, 0, 0, 0, 0, 0, 0, 0, 0, 0.66458, 
0.65584, 0.64377, 0.64165, 0.62786, 0.62514, 0.62134, 0.61557, 
0.62574, 0.61979, 0.61202, 0.63161, 0.61719, 0.61154, 0.60528, 
0.59812, 0.6169, 0.59656, 0.59986, 0.59216, 0.57515, 0.57793, 
0.021, 0.0212, 0.0234, 0.0255, 0.0289, 0.0271, 0.0303, 0.0347, 
0.0726, 0.0478, 0.0459, 81.7, 93.8, 102.7, 107, 123.3, 122, 132.5, 
146.3, 132.1, 142, 156.8, 673, 196, 115, 1957, 1053, 841, 1470, 
1088, 749, 968, 876, 8, 3, 7, 1, 2, 1, 1, 1, 1, 2, 2, 100, 100, 
100, 100, 100, 100, 100, 100, 100, 100, 100, 2500, 2500, 2500, 
2500, 2500, 2500, 2500, 2500, 2500, 2500, 2500, 6908.38, 7107.639, 
6974.862, 7339.661, 7460.556, 7475.368, 7668.87400000001, 7222.04700000001, 
7132.27800000001, 7628.258, 7602.23300000001, 1, 1, 1, 1, 1, 
1, 1, 1, 1, 1, 1, 0.07692, 0.07692, 0.07692, 0.07692, 0.07692, 
0.07692, 0.07692, 0.07692, 0.07692, 0.07692, 0.07692, 0, 0, 0, 
0, 0, 0, 0, 0, 0, 0, 0, 0, 0, 0, 0, 0, 0, 0, 0, 0, 0, 0, 0.61107, 
0.59325, 0.57112, 0.59075, 0.59561, 0.60565, 0.5753, 0.59955, 
0.59226, 0.58789, 0.57913, 0.62399, 0.59325, 0.58876, 0.60107, 
0.58972, 0.62186, 0.59248, 0.588, 0.6071, 0.59172, 0.58829, 0.0213, 
0.0239, 0.0258, 0.0278, 0.0297, 0.0302, 0.0342, 0.035, 0.036, 
0.0411, 0.044, 97.2, 107.3, 116.6, 123.9, 132.2, 138.5, 146.2, 
151.7, 160.4, 175.5, 183.9, 1, 1, 1, 1, 1, 1, 1, 1, 1, 1, 1, 
1, 1, 1, 1, 1, 1, 1, 1, 1, 1, 1, 1, 1, 1, 1, 1, 1, 1, 1, 1, 1, 
1, 1, 1, 1, 1, 1, 1, 1, 1, 1, 1, 1, 2.833, 2.857, 2.852, 2.886, 
2.821, 2.827, 2.892, 2.801, 2.74, 2.999, 2.951), .Dim = c(11L, 
40L), .Dimnames = list(NULL, c("Sampling", "PSO.cost", "PSO.gamma", 
"PSO.data.balancing", "PSO.feature.selection", "PSO.valid.acc", 
"PSO.test.acc", "PSO.train.time", "PSO.n.support.vectors", "PSO.index", 
"PSO.n.solutions", "PSO.generations", "PSO.n.evaluations", "PSO.cpu.time", 
"RS.cost", "RS.gamma", "RS.data.balancing", "RS.feature.selection", 
"RS.valid.acc", "RS.test.acc", "RS.train.time", "RS.n.support.vectors", 
"RS.index", "RS.n.solutions", "RS.generations", "RS.n.evaluations", 
"RS.cpu.time", "DF.cost", "DF.gamma", "DF.data.balancing", "DF.feature.selection", 
"DF.valid.acc", "DF.test.acc", "DF.train.time", "DF.n.support.vectors", 
"DF.index", "DF.n.solutions", "DF.generations", "DF.n.evaluations", 
"DF.cpu.time")))
