full <-
structure(c(50, 55, 60, 65, 70, 75, 80, 85, 90, 95, 100, 5.24682, 
0.7616, 5.77923, 0.53016, 8.18207, 10.14577, 12.83623, 3.26575, 
-0.36906, 0.54455, 3.19231, -6.92938, -3.28777, -2.909, -2.99281, 
-2.9006, -9.9138, -11.5925, -6.6582, -3.90436, -5.59749, -6.76844, 
0, 0, 0, 0, 0, 0, 0, 0, 0, 0, 0, 0, 0, 0, 0, 0, 0, 0, 0, 0, 0, 
0, 0.55191, 0.56328, 0.60374, 0.59207, 0.57649, 0.59572, 0.5993, 
0.61141, 0.61362, 0.61663, 0.62076, 0.52687, 0.55184, 0.58613, 
0.54244, 0.58104, 0.52989, 0.59502, 0.58772, 0.59153, 0.59223, 
0.60064, 0.0232, 0.0263, 0.029, 0.0309, 0.0342, 0.0394, 0.05, 
0.0348, 0.0379, 0.0376, 0.0391, 89.7, 116.4, 126.9, 137, 148.5, 
124.9, 125.9, 143.4, 164.7, 159.1, 164.3, 102, 338, 67, 902, 
139, 553, 340, 1043, 1308, 2143, 1035, 404, 281, 1359, 63, 182, 
163, 118, 61, 76, 2, 138, 100, 100, 100, 100, 100, 100, 100, 
100, 100, 100, 100, 2500, 2500, 2500, 2500, 2500, 2500, 2500, 
2500, 2500, 2500, 2500, 7144.464, 7202.731, 7302.728, 7350.595, 
7237.258, 7477.11700000001, 7880.90699999999, 7500.848, 7552.59700000001, 
7586.47999999998, 7616.236, 5.20484, 0.52149, 4.89156, 9.98921, 
4.90002, 10.6129, 13.00304, 3.33337, -0.40301, 1.24041, 3.46532, 
-7.00206, -3.32567, -2.86189, -8.42512, -2.90446, -10.16859, 
-14.33881, -6.76241, -3.92495, -6.60091, -7.06483, 0, 0, 0, 0, 
0, 0, 0, 0, 0, 0, 0, 0, 0, 0, 0, 0, 0, 0, 0, 0, 0, 0, 0.55191, 
0.55739, 0.60374, 0.57596, 0.57649, 0.59572, 0.59515, 0.60741, 
0.61362, 0.61304, 0.6142, 0.5202, 0.54628, 0.57995, 0.54747, 
0.58104, 0.53858, 0.58234, 0.58742, 0.59153, 0.59925, 0.60064, 
0.023, 0.026, 0.0291, 0.038, 0.0341, 0.0415, 0.035, 0.0335, 0.0375, 
0.0379, 0.0398, 89.2, 115.6, 127.2, 110, 148.4, 124.8, 125.7, 
143, 164.1, 157.7, 163.1, 1914, 2090, 168, 712, 929, 2433, 14, 
677, 2256, 2076, 229, 1, 1, 17, 4, 2, 1, 6, 1, 1, 1, 1, 100, 
100, 100, 100, 100, 100, 100, 100, 100, 100, 100, 2500, 2500, 
2500, 2500, 2500, 2500, 2500, 2500, 2500, 2500, 2500, 7196.889, 
7216.139, 7286.817, 7190.821, 7294.599, 7547.056, 7744.223, 7627.378, 
7733.95899999999, 7837.323, 7948.34600000002, 1, 1, 1, 1, 1, 
1, 1, 1, 1, 1, 1, 0.07692, 0.07692, 0.07692, 0.07692, 0.07692, 
0.07692, 0.07692, 0.07692, 0.07692, 0.07692, 0.07692, 0, 0, 0, 
0, 0, 0, 0, 0, 0, 0, 0, 0, 0, 0, 0, 0, 0, 0, 0, 0, 0, 0, 0.50039, 
0.53897, 0.57125, 0.54747, 0.56216, 0.56365, 0.5628, 0.57218, 
0.56574, 0.57113, 0.59082, 0.51331, 0.52859, 0.61151, 0.54374, 
0.57169, 0.55495, 0.57932, 0.56758, 0.60635, 0.56425, 0.59449, 
0.0224, 0.024, 0.0258, 0.0284, 0.0301, 0.0334, 0.0341, 0.0366, 
0.0367, 0.0404, 0.0449, 102, 109.9, 117.5, 127, 135.7, 144.7, 
151.7, 159.9, 168.5, 174.1, 183.8, 1, 1, 1, 1, 1, 1, 1, 1, 1, 
1, 1, 1, 1, 1, 1, 1, 1, 1, 1, 1, 1, 1, 1, 1, 1, 1, 1, 1, 1, 1, 
1, 1, 1, 1, 1, 1, 1, 1, 1, 1, 1, 1, 1, 1, 2.867, 2.843, 2.857, 
2.885, 2.875, 3.055, 2.969, 3, 2.768, 2.992, 3.131), .Dim = c(11L, 
40L), .Dimnames = list(NULL, c("Sampling", "PSO.cost", "PSO.gamma", 
"PSO.data.balancing", "PSO.feature.selection", "PSO.valid.acc", 
"PSO.test.acc", "PSO.train.time", "PSO.n.support.vectors", "PSO.index", 
"PSO.n.solutions", "PSO.generations", "PSO.n.evaluations", "PSO.cpu.time", 
"RS.cost", "RS.gamma", "RS.data.balancing", "RS.feature.selection", 
"RS.valid.acc", "RS.test.acc", "RS.train.time", "RS.n.support.vectors", 
"RS.index", "RS.n.solutions", "RS.generations", "RS.n.evaluations", 
"RS.cpu.time", "DF.cost", "DF.gamma", "DF.data.balancing", "DF.feature.selection", 
"DF.valid.acc", "DF.test.acc", "DF.train.time", "DF.n.support.vectors", 
"DF.index", "DF.n.solutions", "DF.generations", "DF.n.evaluations", 
"DF.cpu.time")))
