full <-
structure(c(50, 55, 60, 65, 70, 75, 80, 85, 90, 95, 100, 14.93772, 
-0.06489, 0.48524, 6.58273, 0.71944, 7.74849, 4.67692, 0.8672, 
0.71114, 5.59568, 1.20444, -12.26454, -4.79681, -4.6591, -11.63052, 
-7.06219, -14.02549, -8.67478, -4.37131, -3.56025, -11.85172, 
-7.44106, 0, 0, 0, 0, 0, 0, 0, 0, 0, 0, 0, 0, 0, 0, 0, 0, 0, 
0, 0, 0, 0, 0, 0.5944, 0.60478, 0.59374, 0.62081, 0.61036, 0.60843, 
0.60698, 0.62714, 0.59915, 0.63761, 0.60451, 0.56012, 0.57463, 
0.54981, 0.59528, 0.56787, 0.58575, 0.58713, 0.60312, 0.58088, 
0.60988, 0.58839, 0.0381, 0.0217, 0.0252, 0.0263, 0.0275, 0.0296, 
0.0326, 0.0333, 0.0384, 0.038, 0.0397, 80.1, 95.7, 104.4, 105.5, 
116.2, 121.8, 128, 148.3, 167.7, 155.6, 165.2, 201, 1695, 1295, 
107, 1575, 677, 2060, 784, 348, 463, 316, 486, 57, 43, 124, 8, 
122, 1, 296, 79, 65, 77, 100, 100, 100, 100, 100, 100, 100, 100, 
100, 100, 100, 2500, 2500, 2500, 2500, 2500, 2500, 2500, 2500, 
2500, 2500, 2500, 7204, 7043.752, 7081.736, 7282.558, 7517.789, 
7529.53499999999, 7762.564, 7733.878, 8040.216, 8235.391, 8336.87600000002, 
14.89363, 0.4909, 2.18463, 4.549, 1.91692, 4.31577, 0.18347, 
0.83151, 12.78207, 3.97155, 0.87062, -12.18578, -4.8701, -3.53882, 
-9.59912, -8.29798, -10.54984, -3.86513, -4.33329, -10.50201, 
-10.26848, -7.03466, 0, 0, 0, 0, 0, 0, 0, 0, 0, 0, 0, 0, 0, 0, 
0, 0, 0, 0, 0, 0, 0, 0, 0.5944, 0.59853, 0.58815, 0.62081, 0.60557, 
0.60843, 0.6085, 0.62714, 0.59545, 0.63761, 0.60451, 0.56637, 
0.56213, 0.54857, 0.60054, 0.57198, 0.58575, 0.59598, 0.60728, 
0.56524, 0.60988, 0.58839, 0.0376, 0.0258, 0.0269, 0.0279, 0.0259, 
0.029, 0.0336, 0.0355, 0.0734, 0.0379, 0.0399, 79.9, 95.5, 119.3, 
105.6, 115.1, 121.9, 145.2, 148.6, 141.2, 155.8, 166.2, 1066, 
2070, 678, 178, 840, 1861, 2085, 366, 1706, 23, 1156, 1, 1, 1, 
9, 1, 1, 1, 1, 1, 2, 1, 100, 100, 100, 100, 100, 100, 100, 100, 
100, 100, 100, 2500, 2500, 2500, 2500, 2500, 2500, 2500, 2500, 
2500, 2500, 2500, 7098.797, 7059.64, 7320.217, 7502.896, 7650.741, 
7732.181, 7848.352, 8091.601, 8405.13200000001, 8503.45999999999, 
8642.29499999998, 1, 1, 1, 1, 1, 1, 1, 1, 1, 1, 1, 0.07692, 0.07692, 
0.07692, 0.07692, 0.07692, 0.07692, 0.07692, 0.07692, 0.07692, 
0.07692, 0.07692, 0, 0, 0, 0, 0, 0, 0, 0, 0, 0, 0, 0, 0, 0, 0, 
0, 0, 0, 0, 0, 0, 0, 0.53429, 0.58088, 0.58289, 0.5847, 0.56809, 
0.57762, 0.60015, 0.61544, 0.57759, 0.57982, 0.58538, 0.55345, 
0.58051, 0.57148, 0.571, 0.59239, 0.57342, 0.60398, 0.60743, 
0.58062, 0.58986, 0.56554, 0.0227, 0.0243, 0.026, 0.0287, 0.0297, 
0.0313, 0.0331, 0.0381, 0.0399, 0.0406, 0.0441, 95.5, 105.3, 
112.7, 121.2, 128.5, 137.3, 146.4, 156, 165.6, 173.8, 184.7, 
1, 1, 1, 1, 1, 1, 1, 1, 1, 1, 1, 1, 1, 1, 1, 1, 1, 1, 1, 1, 1, 
1, 1, 1, 1, 1, 1, 1, 1, 1, 1, 1, 1, 1, 1, 1, 1, 1, 1, 1, 1, 1, 
1, 1, 2.848, 2.771, 2.851, 3.007, 2.981, 3.037, 3.075, 3.172, 
3.261, 3.301, 3.391), .Dim = c(11L, 40L), .Dimnames = list(NULL, 
    c("Sampling", "PSO.cost", "PSO.gamma", "PSO.data.balancing", 
    "PSO.feature.selection", "PSO.valid.acc", "PSO.test.acc", 
    "PSO.train.time", "PSO.n.support.vectors", "PSO.index", "PSO.n.solutions", 
    "PSO.generations", "PSO.n.evaluations", "PSO.cpu.time", "RS.cost", 
    "RS.gamma", "RS.data.balancing", "RS.feature.selection", 
    "RS.valid.acc", "RS.test.acc", "RS.train.time", "RS.n.support.vectors", 
    "RS.index", "RS.n.solutions", "RS.generations", "RS.n.evaluations", 
    "RS.cpu.time", "DF.cost", "DF.gamma", "DF.data.balancing", 
    "DF.feature.selection", "DF.valid.acc", "DF.test.acc", "DF.train.time", 
    "DF.n.support.vectors", "DF.index", "DF.n.solutions", "DF.generations", 
    "DF.n.evaluations", "DF.cpu.time")))
