full <-
structure(c(50, 55, 60, 65, 70, 75, 80, 85, 90, 95, 100, 4.32949, 
2.21034, -0.00207, 5.49797, 0.66426, 1.53058, 0.73266, 6.94713, 
-0.2168, 5.11703, 12.20613, -9.40731, -7.67158, -2.21456, -10.73844, 
-3.11347, -5.90881, -2.80277, -13.48599, -3.86893, -9.61359, 
-9.05806, 0, 0, 0, 0, 0, 0, 0, 0, 0, 0, 0, 0, 0, 0, 0, 0, 0, 
0, 0, 0, 0, 0, 0.60217, 0.58684, 0.59395, 0.59837, 0.59616, 0.59618, 
0.60271, 0.58471, 0.59239, 0.60012, 0.61422, 0.57449, 0.55706, 
0.56555, 0.553, 0.58073, 0.56113, 0.57619, 0.57718, 0.58869, 
0.578, 0.5775, 0.0216, 0.0237, 0.0304, 0.0273, 0.0331, 0.0316, 
0.0396, 0.0332, 0.0403, 0.0393, 0.1043, 85.2, 96.8, 135.6, 112.7, 
145.3, 129.5, 166.5, 141.4, 164.8, 155.1, 161.8, 168, 2077, 703, 
58, 1197, 844, 945, 22, 1101, 956, 1024, 282, 2, 153, 105, 70, 
97, 357, 103, 48, 6, 112, 100, 100, 100, 100, 100, 100, 100, 
100, 100, 100, 100, 2500, 2500, 2500, 2500, 2500, 2500, 2500, 
2500, 2500, 2500, 2500, 8078.048, 8360.08, 8262.706, 8318.512, 
8876.74000000001, 8921.526, 9058.06299999999, 8962.83600000001, 
9077.26199999999, 9072.97399999999, 10192.449, 4.6827, 2.58844, 
0.01064, 7.98534, 0.65607, 0.05696, 0.41867, 3.91214, 1.64019, 
0.73472, 12.3966, -9.62383, -8.07355, -2.29035, -13.25687, -2.97512, 
-3.87507, -2.55137, -10.45272, -7.2497, -3.8457, -9.15369, 0, 
0, 0, 0, 0, 0, 0, 0, 0, 0, 0, 0, 0, 0, 0, 0, 0, 0, 0, 0, 0, 0, 
0.60217, 0.58684, 0.5881, 0.59837, 0.59116, 0.59541, 0.59783, 
0.58471, 0.58827, 0.60236, 0.61422, 0.56157, 0.55706, 0.55473, 
0.553, 0.57164, 0.57816, 0.55932, 0.57685, 0.57372, 0.57072, 
0.5775, 0.0225, 0.0241, 0.0295, 0.0285, 0.0327, 0.0322, 0.0405, 
0.0337, 0.0369, 0.04, 0.1076, 85.4, 96.7, 135.1, 112.9, 148.1, 
139.3, 171.2, 141.5, 149.3, 174.4, 161.6, 191, 336, 948, 1405, 
2255, 508, 1918, 366, 1188, 846, 1563, 7, 1, 1, 2, 1, 1, 1, 4, 
1, 1, 1, 100, 100, 100, 100, 100, 100, 100, 100, 100, 100, 100, 
2500, 2500, 2500, 2500, 2500, 2500, 2500, 2500, 2500, 2500, 2500, 
8310.656, 8340.713, 8281.347, 8773.443, 8915.64, 9037.232, 9103.24600000001, 
9187.81999999999, 9251.27200000003, 9302.92700000003, 9333.359, 
1, 1, 1, 1, 1, 1, 1, 1, 1, 1, 1, 0.07692, 0.07692, 0.07692, 0.07692, 
0.07692, 0.07692, 0.07692, 0.07692, 0.07692, 0.07692, 0.07692, 
0, 0, 0, 0, 0, 0, 0, 0, 0, 0, 0, 0, 0, 0, 0, 0, 0, 0, 0, 0, 0, 
0, 0.57586, 0.53353, 0.54512, 0.56303, 0.56159, 0.59559, 0.57136, 
0.54915, 0.57042, 0.57821, 0.57829, 0.59424, 0.55784, 0.5612, 
0.56353, 0.56595, 0.57816, 0.57112, 0.5773, 0.58484, 0.56442, 
0.58441, 0.0235, 0.0261, 0.0251, 0.029, 0.0314, 0.0331, 0.0342, 
0.0366, 0.0381, 0.0419, 0.0427, 96.1, 106.8, 117.6, 125.4, 133.8, 
141.9, 149.4, 157, 167, 175.5, 182, 1, 1, 1, 1, 1, 1, 1, 1, 1, 
1, 1, 1, 1, 1, 1, 1, 1, 1, 1, 1, 1, 1, 1, 1, 1, 1, 1, 1, 1, 1, 
1, 1, 1, 1, 1, 1, 1, 1, 1, 1, 1, 1, 1, 1, 3.305, 3.235, 3.203, 
3.521, 3.559, 3.547, 3.555, 3.584, 3.588, 3.61, 3.578), .Dim = c(11L, 
40L), .Dimnames = list(NULL, c("Sampling", "PSO.cost", "PSO.gamma", 
"PSO.data.balancing", "PSO.feature.selection", "PSO.valid.acc", 
"PSO.test.acc", "PSO.train.time", "PSO.n.support.vectors", "PSO.index", 
"PSO.n.solutions", "PSO.generations", "PSO.n.evaluations", "PSO.cpu.time", 
"RS.cost", "RS.gamma", "RS.data.balancing", "RS.feature.selection", 
"RS.valid.acc", "RS.test.acc", "RS.train.time", "RS.n.support.vectors", 
"RS.index", "RS.n.solutions", "RS.generations", "RS.n.evaluations", 
"RS.cpu.time", "DF.cost", "DF.gamma", "DF.data.balancing", "DF.feature.selection", 
"DF.valid.acc", "DF.test.acc", "DF.train.time", "DF.n.support.vectors", 
"DF.index", "DF.n.solutions", "DF.generations", "DF.n.evaluations", 
"DF.cpu.time")))
