full <-
structure(c(50, 55, 60, 65, 70, 75, 80, 85, 90, 95, 100, 8.01465, 
7.90433, 7.94217, 2.33636, 8.06289, 9.58272, 0.54366, 7.53322, 
8.64943, 5.19452, 10.46283, -13.95901, -7.46651, -8.96424, -8.50092, 
-14.01954, -14.54765, -5.95369, -13.85877, -11.16087, -10.12351, 
-13.7536, 0, 0, 0, 0, 0, 0, 0, 0, 0, 0, 0, 0, 0, 0, 0, 0, 0, 
0, 0, 0, 0, 0, 0.59275, 0.62884, 0.59788, 0.58488, 0.60487, 0.57793, 
0.59134, 0.58776, 0.60367, 0.58825, 0.61783, 0.57894, 0.56225, 
0.57006, 0.57353, 0.59556, 0.56845, 0.57848, 0.58421, 0.54789, 
0.56433, 0.58459, 0.0221, 0.0274, 0.0274, 0.0281, 0.0276, 0.0299, 
0.0307, 0.0331, 0.0384, 0.038, 0.0419, 83.3, 93.2, 99.3, 112.9, 
119.3, 124.7, 140.1, 140.9, 143.6, 155.5, 156.3, 229, 556, 536, 
795, 264, 36, 658, 507, 763, 644, 378, 66, 56, 122, 27, 63, 128, 
61, 77, 52, 63, 22, 100, 100, 100, 100, 100, 100, 100, 100, 100, 
100, 100, 2500, 2500, 2500, 2500, 2500, 2500, 2500, 2500, 2500, 
2500, 2500, 8249.832, 8496.488, 8520.116, 8685.9, 8727.81199999999, 
8941.739, 8974.70299999999, 9000.05099999999, 9016.19799999997, 
9091.049, 9045.57199999999, 7.02606, 8.42116, 5.65391, 0.31912, 
3.21869, 1.14099, 0.65835, 2.63633, 8.72579, 6.91178, 8.21845, 
-12.9636, -7.81523, -6.39618, -3.07193, -4.0635, -2.78934, -6.05111, 
-8.60318, -11.17175, -11.83426, -11.57608, 0, 0, 0, 0, 0, 0, 
0, 0, 0, 0, 0, 0, 0, 0, 0, 0, 0, 0, 0, 0, 0, 0, 0.59275, 0.62328, 
0.59779, 0.59435, 0.60924, 0.5872, 0.59084, 0.58774, 0.59637, 
0.5848, 0.6145, 0.57228, 0.56225, 0.56706, 0.55332, 0.59468, 
0.56487, 0.58283, 0.58759, 0.54444, 0.56433, 0.58125, 0.0222, 
0.0281, 0.0263, 0.0311, 0.033, 0.0374, 0.0326, 0.0348, 0.0385, 
0.0374, 0.0418, 83.1, 92.6, 106, 133.1, 135.6, 158.3, 139.9, 
141, 143.9, 155.1, 156.2, 345, 2487, 959, 396, 1082, 1089, 2272, 
551, 689, 635, 420, 5, 1, 1, 1, 2, 1, 1, 4, 2, 4, 6, 100, 100, 
100, 100, 100, 100, 100, 100, 100, 100, 100, 2500, 2500, 2500, 
2500, 2500, 2500, 2500, 2500, 2500, 2500, 2500, 8404.568, 8392.243, 
8585.754, 8858.006, 8990.90300000001, 9119.079, 9125.902, 9171.693, 
9313.41099999999, 9269.34400000001, 9309.125, 1, 1, 1, 1, 1, 
1, 1, 1, 1, 1, 1, 0.07692, 0.07692, 0.07692, 0.07692, 0.07692, 
0.07692, 0.07692, 0.07692, 0.07692, 0.07692, 0.07692, 0, 0, 0, 
0, 0, 0, 0, 0, 0, 0, 0, 0, 0, 0, 0, 0, 0, 0, 0, 0, 0, 0, 0.54603, 
0.57364, 0.56703, 0.56932, 0.57582, 0.55101, 0.56673, 0.55235, 
0.5557, 0.54338, 0.58511, 0.55269, 0.5515, 0.56634, 0.55858, 
0.56175, 0.55556, 0.57445, 0.56789, 0.56723, 0.56445, 0.58833, 
0.0231, 0.0238, 0.0268, 0.0285, 0.0308, 0.0323, 0.0369, 0.0368, 
0.0388, 0.0424, 0.0443, 95.1, 106.6, 116.1, 125.2, 134.5, 143, 
153.4, 157.9, 168.6, 177.7, 183.9, 1, 1, 1, 1, 1, 1, 1, 1, 1, 
1, 1, 1, 1, 1, 1, 1, 1, 1, 1, 1, 1, 1, 1, 1, 1, 1, 1, 1, 1, 1, 
1, 1, 1, 1, 1, 1, 1, 1, 1, 1, 1, 1, 1, 1, 3.101, 3.221, 3.519, 
3.334, 3.573, 3.589, 3.568, 3.551, 3.66, 3.605, 3.643), .Dim = c(11L, 
40L), .Dimnames = list(NULL, c("Sampling", "PSO.cost", "PSO.gamma", 
"PSO.data.balancing", "PSO.feature.selection", "PSO.valid.acc", 
"PSO.test.acc", "PSO.train.time", "PSO.n.support.vectors", "PSO.index", 
"PSO.n.solutions", "PSO.generations", "PSO.n.evaluations", "PSO.cpu.time", 
"RS.cost", "RS.gamma", "RS.data.balancing", "RS.feature.selection", 
"RS.valid.acc", "RS.test.acc", "RS.train.time", "RS.n.support.vectors", 
"RS.index", "RS.n.solutions", "RS.generations", "RS.n.evaluations", 
"RS.cpu.time", "DF.cost", "DF.gamma", "DF.data.balancing", "DF.feature.selection", 
"DF.valid.acc", "DF.test.acc", "DF.train.time", "DF.n.support.vectors", 
"DF.index", "DF.n.solutions", "DF.generations", "DF.n.evaluations", 
"DF.cpu.time")))
