full <-
structure(c(50, 55, 60, 65, 70, 75, 80, 85, 90, 95, 100, 7.90254, 
5.85912, 7.027, 4.5874, 4.6706, 5.86636, 4.36693, 11.07575, 0.4461, 
9.2233, 6.78126, -11.73774, -9.01336, -10.74625, -10.67949, -10.40234, 
-10.32442, -10.84587, -14.18451, -3.14317, -14.07835, -13.59186, 
0, 0, 0, 0, 0, 0, 0, 0, 0, 0, 0, 0, 0, 0, 0, 0, 0, 0, 0, 0, 0, 
0, 0.62747, 0.60404, 0.61003, 0.61138, 0.61366, 0.60425, 0.60845, 
0.59951, 0.61066, 0.58945, 0.59831, 0.57473, 0.58713, 0.57757, 
0.57007, 0.58655, 0.56887, 0.58707, 0.59489, 0.59966, 0.56754, 
0.59183, 0.02, 0.0227, 0.0267, 0.0256, 0.0304, 0.0298, 0.033, 
0.0361, 0.0424, 0.0381, 0.0412, 80.3, 88.5, 101.4, 114.1, 119.5, 
124.8, 134.9, 137.1, 180.9, 153, 164.5, 50, 208, 207, 20, 73, 
254, 159, 594, 834, 100, 730, 206, 161, 67, 152, 72, 168, 83, 
76, 48, 134, 23, 100, 100, 100, 100, 100, 100, 100, 100, 100, 
100, 100, 2500, 2500, 2500, 2500, 2500, 2500, 2500, 2500, 2500, 
2500, 2500, 6480.227, 8622.236, 7748.175, 8764.963, 9027.001, 
9022.257, 8778.13900000001, 8820.594, 8926.72099999999, 8950.641, 
9159.15900000001, 10.57458, 5.97412, 8.77466, 1.183, 8.48913, 
5.58419, 3.9178, 11.60738, 0.34593, 1.04295, 6.05786, -14.29489, 
-9.18956, -12.9293, -7.03977, -14.25842, -10.01815, -10.4031, 
-14.71448, -3.02133, -3.00241, -12.83583, 0, 0, 0, 0, 0, 0, 0, 
0, 0, 0, 0, 0, 0, 0, 0, 0, 0, 0, 0, 0, 0, 0, 0.62747, 0.60404, 
0.60941, 0.61138, 0.61366, 0.60425, 0.60845, 0.59951, 0.60311, 
0.58968, 0.59789, 0.57473, 0.58713, 0.57695, 0.56507, 0.58655, 
0.56887, 0.58291, 0.59489, 0.60296, 0.58956, 0.58193, 0.0206, 
0.0251, 0.026, 0.0283, 0.0299, 0.0297, 0.0313, 0.0343, 0.0425, 
0.0467, 0.0399, 80.4, 88.5, 101.4, 115.1, 119.2, 124.9, 135.1, 
137.2, 183.3, 191.4, 164.4, 103, 428, 1124, 354, 585, 1805, 20, 
1656, 1537, 2429, 693, 4, 1, 3, 9, 1, 1, 3, 1, 1, 1, 5, 100, 
100, 100, 100, 100, 100, 100, 100, 100, 100, 100, 2500, 2500, 
2500, 2500, 2500, 2500, 2500, 2500, 2500, 2500, 2500, 6710.193, 
9124.479, 8851.81600000001, 9132.809, 9150.595, 9093.52100000001, 
8871.99799999999, 8994.93799999998, 9167.465, 9330.69399999999, 
9427.01699999999, 1, 1, 1, 1, 1, 1, 1, 1, 1, 1, 1, 0.07692, 0.07692, 
0.07692, 0.07692, 0.07692, 0.07692, 0.07692, 0.07692, 0.07692, 
0.07692, 0.07692, 0, 0, 0, 0, 0, 0, 0, 0, 0, 0, 0, 0, 0, 0, 0, 
0, 0, 0, 0, 0, 0, 0, 0.57418, 0.5636, 0.5609, 0.58098, 0.55202, 
0.57694, 0.56241, 0.57329, 0.59199, 0.5785, 0.56892, 0.5695, 
0.55735, 0.5609, 0.57481, 0.56609, 0.56018, 0.58691, 0.5499, 
0.58815, 0.55718, 0.5857, 0.0222, 0.0264, 0.0259, 0.0279, 0.0326, 
0.0323, 0.0337, 0.0382, 0.0393, 0.0416, 0.0441, 96.4, 106.1, 
118.2, 128.9, 136.8, 143.9, 151.3, 159.8, 168.9, 177.4, 183.1, 
1, 1, 1, 1, 1, 1, 1, 1, 1, 1, 1, 1, 1, 1, 1, 1, 1, 1, 1, 1, 1, 
1, 1, 1, 1, 1, 1, 1, 1, 1, 1, 1, 1, 1, 1, 1, 1, 1, 1, 1, 1, 1, 
1, 1, 3.223, 3.65, 3.29, 3.336, 3.722, 3.395, 3.4, 3.666, 3.503, 
3.578, 3.614), .Dim = c(11L, 40L), .Dimnames = list(NULL, c("Sampling", 
"PSO.cost", "PSO.gamma", "PSO.data.balancing", "PSO.feature.selection", 
"PSO.valid.acc", "PSO.test.acc", "PSO.train.time", "PSO.n.support.vectors", 
"PSO.index", "PSO.n.solutions", "PSO.generations", "PSO.n.evaluations", 
"PSO.cpu.time", "RS.cost", "RS.gamma", "RS.data.balancing", "RS.feature.selection", 
"RS.valid.acc", "RS.test.acc", "RS.train.time", "RS.n.support.vectors", 
"RS.index", "RS.n.solutions", "RS.generations", "RS.n.evaluations", 
"RS.cpu.time", "DF.cost", "DF.gamma", "DF.data.balancing", "DF.feature.selection", 
"DF.valid.acc", "DF.test.acc", "DF.train.time", "DF.n.support.vectors", 
"DF.index", "DF.n.solutions", "DF.generations", "DF.n.evaluations", 
"DF.cpu.time")))
