full <-
structure(c(50, 55, 60, 65, 70, 75, 80, 85, 90, 95, 100, 0.68642, 
-0.34294, 15, 14.09142, 0.27884, 11.51518, 7.44552, 0.6597, 5.55557, 
1.37703, 4.41722, -3.22253, -5.19091, -14.12768, -11.79223, -4.12897, 
-11.03547, -10.33661, -6.92154, -10.51874, -7.52078, -10.60845, 
0, 0, 0, 0, 0, 0, 0, 0, 0, 0, 0, 0, 0, 0, 0, 0, 0, 0, 0, 0, 0, 
0, 0.64211, 0.62574, 0.6548, 0.61467, 0.63679, 0.61632, 0.61974, 
0.61908, 0.62557, 0.63154, 0.60758, 0.62276, 0.58328, 0.57287, 
0.62972, 0.61698, 0.59985, 0.59557, 0.61508, 0.59567, 0.61392, 
0.58746, 0.0238, 0.0222, 0.0357, 0.0436, 0.0272, 0.0364, 0.0292, 
0.0321, 0.0321, 0.0343, 0.0397, 107.1, 96.8, 93.6, 101, 127.9, 
117.6, 127.6, 140.6, 142.9, 154.2, 164.6, 1207, 1670, 172, 419, 
1511, 613, 2499, 559, 83, 1655, 410, 114, 30, 698, 279, 38, 90, 
1, 78, 51, 10, 38, 100, 100, 100, 100, 100, 100, 100, 100, 100, 
100, 100, 2500, 2500, 2500, 2500, 2500, 2500, 2500, 2500, 2500, 
2500, 2500, 6333.636, 6336.61, 6636.196, 6768.127, 6500.608, 
6716.30499999999, 6467.70700000001, 6497.079, 6609.545, 6628.48000000001, 
7027.94700000001, 0.73315, -0.64478, 11.87026, 13.98296, 0.53061, 
11.22139, 7.67089, 0.59219, 6.60938, 0.09797, 0.75127, -3.26096, 
-4.69866, -11.58968, -11.81738, -4.3371, -10.82886, -10.57231, 
-6.84699, -11.61153, -6.07062, -3.14077, 0, 0, 0, 0, 0, 0, 0, 
0, 0, 0, 0, 0, 0, 0, 0, 0, 0, 0, 0, 0, 0, 0, 0.64211, 0.62574, 
0.64454, 0.60967, 0.62677, 0.61632, 0.61974, 0.61908, 0.62557, 
0.62439, 0.61396, 0.62276, 0.57226, 0.60078, 0.62972, 0.62225, 
0.5955, 0.59974, 0.61508, 0.59553, 0.60333, 0.59361, 0.0236, 
0.0224, 0.0294, 0.0433, 0.0258, 0.0365, 0.0304, 0.0321, 0.0339, 
0.0349, 0.0463, 106.7, 98.8, 94.7, 100.8, 126.3, 117.6, 127.5, 
140.8, 142.9, 155.6, 196.8, 345, 1332, 2309, 457, 1104, 813, 
1276, 804, 936, 1, 297, 2, 1, 2, 1, 1, 2, 1, 1, 2, 1, 1, 100, 
100, 100, 100, 100, 100, 100, 100, 100, 100, 100, 2500, 2500, 
2500, 2500, 2500, 2500, 2500, 2500, 2500, 2500, 2500, 6303.334, 
6336.985, 6476.005, 6503.575, 6528.11700000001, 6663.87199999999, 
6747.28600000001, 6755.015, 6909.852, 7051.66999999998, 7175.02900000001, 
1, 1, 1, 1, 1, 1, 1, 1, 1, 1, 1, 0.07692, 0.07692, 0.07692, 0.07692, 
0.07692, 0.07692, 0.07692, 0.07692, 0.07692, 0.07692, 0.07692, 
0, 0, 0, 0, 0, 0, 0, 0, 0, 0, 0, 0, 0, 0, 0, 0, 0, 0, 0, 0, 0, 
0, 0.58805, 0.59008, 0.58345, 0.58528, 0.61407, 0.55955, 0.59248, 
0.59554, 0.60664, 0.58191, 0.5949, 0.59687, 0.57276, 0.61486, 
0.57496, 0.60335, 0.61122, 0.62045, 0.59969, 0.59936, 0.58548, 
0.5809, 0.0203, 0.0216, 0.0251, 0.0252, 0.027, 0.0303, 0.0323, 
0.0324, 0.0353, 0.0397, 0.0424, 98.5, 106.7, 117.3, 125, 132.6, 
140.5, 146.7, 155.8, 163.4, 170.9, 183.4, 1, 1, 1, 1, 1, 1, 1, 
1, 1, 1, 1, 1, 1, 1, 1, 1, 1, 1, 1, 1, 1, 1, 1, 1, 1, 1, 1, 1, 
1, 1, 1, 1, 1, 1, 1, 1, 1, 1, 1, 1, 1, 1, 1, 1, 2.416, 2.443, 
2.617, 2.495, 2.49, 2.616, 2.681, 2.541, 2.592, 2.802, 2.815), .Dim = c(11L, 
40L), .Dimnames = list(NULL, c("Sampling", "PSO.cost", "PSO.gamma", 
"PSO.data.balancing", "PSO.feature.selection", "PSO.valid.acc", 
"PSO.test.acc", "PSO.train.time", "PSO.n.support.vectors", "PSO.index", 
"PSO.n.solutions", "PSO.generations", "PSO.n.evaluations", "PSO.cpu.time", 
"RS.cost", "RS.gamma", "RS.data.balancing", "RS.feature.selection", 
"RS.valid.acc", "RS.test.acc", "RS.train.time", "RS.n.support.vectors", 
"RS.index", "RS.n.solutions", "RS.generations", "RS.n.evaluations", 
"RS.cpu.time", "DF.cost", "DF.gamma", "DF.data.balancing", "DF.feature.selection", 
"DF.valid.acc", "DF.test.acc", "DF.train.time", "DF.n.support.vectors", 
"DF.index", "DF.n.solutions", "DF.generations", "DF.n.evaluations", 
"DF.cpu.time")))
