full <-
structure(c(50, 55, 60, 65, 70, 75, 80, 85, 90, 95, 100, 9.09208, 
9.97635, 5.5358, 3.65705, 12.65102, 0.70132, 4.66348, 10.65551, 
11.84537, 1.48818, 7.04806, -15, -15, -10.80675, -9.93219, -15, 
-5.57538, -8.83871, -13.09318, -15, -7.9246, -10.55397, 0, 0, 
0, 0, 0, 0, 0, 0, 0, 0, 0, 0, 0, 0, 0, 0, 0, 0, 0, 0, 0, 0, 0.70542, 
0.65425, 0.66465, 0.63522, 0.64737, 0.65791, 0.632, 0.62656, 
0.63563, 0.60693, 0.61467, 0.705, 0.66499, 0.63622, 0.64022, 
0.6378, 0.64424, 0.62367, 0.5996, 0.58019, 0.57873, 0.58474, 
0.0191, 0.0208, 0.024, 0.0247, 0.0269, 0.0289, 0.0299, 0.0338, 
0.0354, 0.0363, 0.0395, 79.6, 87.1, 97, 107.7, 109.2, 126.8, 
130.2, 129.9, 137.1, 156.4, 159, 126, 316, 147, 17, 597, 352, 
492, 429, 76, 621, 314, 130, 136, 33, 164, 89, 380, 95, 35, 252, 
1, 81, 100, 100, 100, 100, 100, 100, 100, 100, 100, 100, 100, 
2500, 2500, 2500, 2500, 2500, 2500, 2500, 2500, 2500, 2500, 2500, 
6632.494, 6577.266, 6668.617, 6813.809, 6815.285, 6836.289, 6947.58099999999, 
7158.40699999999, 7268.81300000001, 7359.192, 7546.179, 6.55035, 
3.53214, 9.13168, 7.80294, 11.76921, 0.84716, 4.34919, 0.01231, 
9.10637, 6.73574, 6.42216, -12.32837, -8.57396, -14.36998, -14.21561, 
-14.14268, -5.46053, -8.40951, -5.34081, -12.38827, -13.28519, 
-10.02369, 0, 0, 0, 0, 0, 0, 0, 0, 0, 0, 0, 0, 0, 0, 0, 0, 0, 
0, 0, 0, 0, 0, 0.70542, 0.65425, 0.6591, 0.63522, 0.64737, 0.65791, 
0.62783, 0.62314, 0.63563, 0.60336, 0.61155, 0.705, 0.65832, 
0.63622, 0.61495, 0.6378, 0.64424, 0.62783, 0.61859, 0.58032, 
0.5823, 0.58807, 0.0192, 0.0207, 0.022, 0.025, 0.0283, 0.0282, 
0.0318, 0.0311, 0.0352, 0.0365, 0.04, 79.6, 88.3, 96.7, 107.3, 
109.4, 127.4, 130.3, 143.5, 137.5, 156, 159.1, 556, 165, 16, 
827, 78, 26, 102, 1146, 427, 277, 893, 6, 7, 7, 15, 2, 2, 20, 
1, 7, 1, 1, 100, 100, 100, 100, 100, 100, 100, 100, 100, 100, 
100, 2500, 2500, 2500, 2500, 2500, 2500, 2500, 2500, 2500, 2500, 
2500, 6658.007, 6847.261, 6862.847, 6912.01, 6984.74400000001, 
6946.54500000001, 7302.28000000001, 7410.046, 7379.636, 7627.50600000002, 
7375.288, 1, 1, 1, 1, 1, 1, 1, 1, 1, 1, 1, 0.07692, 0.07692, 
0.07692, 0.07692, 0.07692, 0.07692, 0.07692, 0.07692, 0.07692, 
0.07692, 0.07692, 0, 0, 0, 0, 0, 0, 0, 0, 0, 0, 0, 0, 0, 0, 0, 
0, 0, 0, 0, 0, 0, 0, 0.66577, 0.62809, 0.60546, 0.60031, 0.60847, 
0.63991, 0.61967, 0.60357, 0.60241, 0.58931, 0.59102, 0.66577, 
0.63545, 0.61576, 0.6011, 0.59871, 0.64365, 0.6075, 0.60745, 
0.59542, 0.59622, 0.59413, 0.02, 0.0235, 0.0263, 0.0254, 0.0277, 
0.0293, 0.0339, 0.036, 0.0372, 0.0395, 0.0405, 93.3, 103.4, 115.3, 
123.3, 129.4, 139.2, 150.4, 156.3, 162, 175, 182.5, 1, 1, 1, 
1, 1, 1, 1, 1, 1, 1, 1, 1, 1, 1, 1, 1, 1, 1, 1, 1, 1, 1, 1, 1, 
1, 1, 1, 1, 1, 1, 1, 1, 1, 1, 1, 1, 1, 1, 1, 1, 1, 1, 1, 1, 2.563, 
2.787, 2.842, 2.647, 2.71, 2.664, 2.906, 2.912, 2.929, 2.949, 
2.768), .Dim = c(11L, 40L), .Dimnames = list(NULL, c("Sampling", 
"PSO.cost", "PSO.gamma", "PSO.data.balancing", "PSO.feature.selection", 
"PSO.valid.acc", "PSO.test.acc", "PSO.train.time", "PSO.n.support.vectors", 
"PSO.index", "PSO.n.solutions", "PSO.generations", "PSO.n.evaluations", 
"PSO.cpu.time", "RS.cost", "RS.gamma", "RS.data.balancing", "RS.feature.selection", 
"RS.valid.acc", "RS.test.acc", "RS.train.time", "RS.n.support.vectors", 
"RS.index", "RS.n.solutions", "RS.generations", "RS.n.evaluations", 
"RS.cpu.time", "DF.cost", "DF.gamma", "DF.data.balancing", "DF.feature.selection", 
"DF.valid.acc", "DF.test.acc", "DF.train.time", "DF.n.support.vectors", 
"DF.index", "DF.n.solutions", "DF.generations", "DF.n.evaluations", 
"DF.cpu.time")))
