full <-
structure(c(50, 55, 60, 65, 70, 75, 80, 85, 90, 95, 100, 9.47374, 
5.35977, 1.0982, 3.90008, 6.34558, 3.19275, 0.96769, 5.01031, 
3.98946, 5.35242, 0.93118, -14.15296, -10.2717, -3.49836, -9.55187, 
-12.16906, -7.68017, -3.24621, -6.20146, -10.7324, -10.56337, 
-7.83382, 0, 0, 0, 0, 0, 0, 0, 0, 0, 0, 0, 0, 0, 0, 0, 0, 0, 
0, 0, 0, 0, 0, 0.67475, 0.6462, 0.65521, 0.67041, 0.6268, 0.63457, 
0.64589, 0.66497, 0.63975, 0.64169, 0.60765, 0.6998, 0.63356, 
0.61099, 0.66063, 0.61816, 0.60367, 0.63351, 0.59381, 0.62465, 
0.62051, 0.59074, 0.021, 0.0219, 0.0281, 0.0257, 0.0291, 0.03, 
0.0396, 0.0362, 0.0356, 0.0396, 0.0431, 80, 88.7, 113.4, 104.4, 
113.9, 119, 155.8, 138.5, 145.1, 152.9, 165.8, 425, 249, 671, 
488, 14, 634, 1494, 1910, 1333, 129, 380, 21, 112, 190, 69, 133, 
42, 12, 5, 11, 96, 88, 100, 100, 100, 100, 100, 100, 100, 100, 
100, 100, 100, 2500, 2500, 2500, 2500, 2500, 2500, 2500, 2500, 
2500, 2500, 2500, 6753.449, 7608.87, 8653.47, 8700.626, 9027.41099999999, 
8992.29700000001, 9153.757, 9078.47799999999, 9256.38700000002, 
9292.633, 9412.03700000001, 6.11026, 4.83045, 1.19069, 8.55593, 
0.46052, 3.021, 0.92751, 7.5328, 0.90986, 4.7816, 6.43644, -10.78648, 
-9.7225, -3.3487, -14.26064, -5.88032, -7.53337, -3.15626, -11.88352, 
-7.24326, -9.97177, -13.54373, 0, 0, 0, 0, 0, 0, 0, 0, 0, 0, 
0, 0, 0, 0, 0, 0, 0, 0, 0, 0, 0, 0, 0.6685, 0.6462, 0.64377, 
0.67041, 0.6268, 0.6304, 0.64589, 0.65756, 0.63578, 0.64169, 
0.60466, 0.70647, 0.63356, 0.61161, 0.65536, 0.61747, 0.60367, 
0.63736, 0.63738, 0.61684, 0.62051, 0.59097, 0.0209, 0.0232, 
0.0293, 0.0275, 0.0278, 0.031, 0.0388, 0.0361, 0.0381, 0.0374, 
0.0432, 80, 89, 115.3, 104, 117.9, 119.3, 157.6, 130.2, 145.7, 
153, 165.3, 549, 2006, 1890, 24, 611, 105, 121, 2263, 705, 955, 
747, 2, 1, 1, 3, 3, 1, 1, 1, 2, 1, 3, 100, 100, 100, 100, 100, 
100, 100, 100, 100, 100, 100, 2500, 2500, 2500, 2500, 2500, 2500, 
2500, 2500, 2500, 2500, 2500, 6839.552, 8625.146, 8704.792, 9055.817, 
9097.486, 9154.71799999999, 9319.545, 9267.266, 9352.35400000002, 
9494.07800000001, 9696.101, 1, 1, 1, 1, 1, 1, 1, 1, 1, 1, 1, 
0.07692, 0.07692, 0.07692, 0.07692, 0.07692, 0.07692, 0.07692, 
0.07692, 0.07692, 0.07692, 0.07692, 0, 0, 0, 0, 0, 0, 0, 0, 0, 
0, 0, 0, 0, 0, 0, 0, 0, 0, 0, 0, 0, 0, 0.64062, 0.623, 0.62152, 
0.63386, 0.58882, 0.5999, 0.60851, 0.63026, 0.60653, 0.59273, 
0.57112, 0.66081, 0.60374, 0.62678, 0.65015, 0.59447, 0.60507, 
0.60841, 0.62228, 0.60256, 0.57892, 0.57187, 0.0214, 0.0249, 
0.0257, 0.03, 0.0312, 0.0344, 0.0369, 0.0355, 0.0375, 0.0431, 
0.0439, 94.2, 101.4, 110.6, 119.4, 129.4, 136.2, 147.1, 154.7, 
162.4, 174.2, 183.7, 1, 1, 1, 1, 1, 1, 1, 1, 1, 1, 1, 1, 1, 1, 
1, 1, 1, 1, 1, 1, 1, 1, 1, 1, 1, 1, 1, 1, 1, 1, 1, 1, 1, 1, 1, 
1, 1, 1, 1, 1, 1, 1, 1, 1, 2.718, 3.404, 3.38, 3.695, 3.635, 
3.697, 3.804, 3.413, 3.442, 3.77, 3.621), .Dim = c(11L, 40L), .Dimnames = list(
    NULL, c("Sampling", "PSO.cost", "PSO.gamma", "PSO.data.balancing", 
    "PSO.feature.selection", "PSO.valid.acc", "PSO.test.acc", 
    "PSO.train.time", "PSO.n.support.vectors", "PSO.index", "PSO.n.solutions", 
    "PSO.generations", "PSO.n.evaluations", "PSO.cpu.time", "RS.cost", 
    "RS.gamma", "RS.data.balancing", "RS.feature.selection", 
    "RS.valid.acc", "RS.test.acc", "RS.train.time", "RS.n.support.vectors", 
    "RS.index", "RS.n.solutions", "RS.generations", "RS.n.evaluations", 
    "RS.cpu.time", "DF.cost", "DF.gamma", "DF.data.balancing", 
    "DF.feature.selection", "DF.valid.acc", "DF.test.acc", "DF.train.time", 
    "DF.n.support.vectors", "DF.index", "DF.n.solutions", "DF.generations", 
    "DF.n.evaluations", "DF.cpu.time")))
