full <-
structure(c(50, 55, 60, 65, 70, 75, 80, 85, 90, 95, 100, 5.32977, 
6.66303, 0.87432, 6.25595, 0.9133, 6.91123, 2.44481, 14.79927, 
2.85742, 5.42176, 0.0706, -11.34789, -9.5553, -6.13016, -9.26072, 
-3.24433, -10.94164, -8.74904, -11.83631, -8.85231, -7.9804, 
-4.97262, 0, 0, 0, 0, 0, 0, 0, 0, 0, 0, 0, 0, 0, 0, 0, 0, 0, 
0, 0, 0, 0, 0, 0.62512, 0.61608, 0.62365, 0.62355, 0.62969, 0.61271, 
0.62512, 0.60618, 0.6106, 0.61696, 0.60544, 0.61262, 0.56176, 
0.5943, 0.60358, 0.58215, 0.57809, 0.58405, 0.59051, 0.58453, 
0.59603, 0.58163, 0.0194, 0.0217, 0.0233, 0.026, 0.0314, 0.0297, 
0.0315, 0.0962, 0.0389, 0.0416, 0.0428, 87.3, 89.6, 104.6, 105.6, 
141.9, 124.4, 136.5, 132.5, 152.8, 152.4, 172.1, 138, 1344, 269, 
44, 1154, 48, 329, 2057, 2062, 414, 2173, 98, 36, 65, 67, 30, 
95, 59, 5, 1, 225, 2, 100, 100, 100, 100, 100, 100, 100, 100, 
100, 100, 100, 2500, 2500, 2500, 2500, 2500, 2500, 2500, 2500, 
2500, 2500, 2500, 6547.905, 6564.606, 6199.855, 6389.448, 6385.216, 
6451.651, 6423.94899999999, 9500.326, 9329.65400000001, 9334.31100000002, 
9627.09400000001, 3.31138, 11.4483, 1.64244, 5.40253, 0.73324, 
6.77504, 1.8543, 9.49526, 2.60972, 0.43275, 1.16508, -9.32865, 
-14.35636, -7.1268, -8.62006, -3.08303, -10.78702, -7.43244, 
-14.17077, -8.58409, -3.34502, -3.81917, 0, 0, 0, 0, 0, 0, 0, 
0, 0, 0, 0, 0, 0, 0, 0, 0, 0, 0, 0, 0, 0, 0, 0.62512, 0.6102, 
0.62365, 0.61911, 0.61973, 0.61271, 0.62455, 0.60264, 0.6106, 
0.61706, 0.60511, 0.61262, 0.56176, 0.60574, 0.6189, 0.59196, 
0.57809, 0.60067, 0.60295, 0.58453, 0.58947, 0.59842, 0.02, 0.0225, 
0.0216, 0.0234, 0.0298, 0.0279, 0.0341, 0.0337, 0.0396, 0.0457, 
0.0451, 87.4, 88.5, 102.8, 107.2, 142.9, 124.2, 136.9, 140.7, 
152.8, 182.6, 183.5, 121, 279, 1313, 1643, 1192, 101, 605, 117, 
1906, 2012, 1245, 4, 6, 1, 1, 1, 3, 1, 8, 1, 1, 2, 100, 100, 
100, 100, 100, 100, 100, 100, 100, 100, 100, 2500, 2500, 2500, 
2500, 2500, 2500, 2500, 2500, 2500, 2500, 2500, 6629.783, 6455.673, 
6338.194, 6396.652, 6466.467, 6471.416, 8937.686, 9457.235, 9634.96799999999, 
9756.68799999999, 9785.95300000001, 1, 1, 1, 1, 1, 1, 1, 1, 1, 
1, 1, 0.07692, 0.07692, 0.07692, 0.07692, 0.07692, 0.07692, 0.07692, 
0.07692, 0.07692, 0.07692, 0.07692, 0, 0, 0, 0, 0, 0, 0, 0, 0, 
0, 0, 0, 0, 0, 0, 0, 0, 0, 0, 0, 0, 0, 0.56012, 0.56654, 0.58367, 
0.5939, 0.59166, 0.57829, 0.59675, 0.58356, 0.56574, 0.579, 0.59597, 
0.5797, 0.58497, 0.57131, 0.59942, 0.61592, 0.58643, 0.58769, 
0.5954, 0.55847, 0.59612, 0.57248, 0.0203, 0.0222, 0.0234, 0.0253, 
0.0277, 0.0296, 0.0372, 0.0408, 0.0408, 0.042, 0.0469, 98.8, 
108.5, 115.2, 125.5, 135.5, 144.7, 152.6, 160.5, 167, 175.8, 
183, 1, 1, 1, 1, 1, 1, 1, 1, 1, 1, 1, 1, 1, 1, 1, 1, 1, 1, 1, 
1, 1, 1, 1, 1, 1, 1, 1, 1, 1, 1, 1, 1, 1, 1, 1, 1, 1, 1, 1, 1, 
1, 1, 1, 1, 2.619, 2.445, 2.454, 2.46, 2.496, 2.499, 3.689, 3.835, 
3.794, 3.611, 3.934), .Dim = c(11L, 40L), .Dimnames = list(NULL, 
    c("Sampling", "PSO.cost", "PSO.gamma", "PSO.data.balancing", 
    "PSO.feature.selection", "PSO.valid.acc", "PSO.test.acc", 
    "PSO.train.time", "PSO.n.support.vectors", "PSO.index", "PSO.n.solutions", 
    "PSO.generations", "PSO.n.evaluations", "PSO.cpu.time", "RS.cost", 
    "RS.gamma", "RS.data.balancing", "RS.feature.selection", 
    "RS.valid.acc", "RS.test.acc", "RS.train.time", "RS.n.support.vectors", 
    "RS.index", "RS.n.solutions", "RS.generations", "RS.n.evaluations", 
    "RS.cpu.time", "DF.cost", "DF.gamma", "DF.data.balancing", 
    "DF.feature.selection", "DF.valid.acc", "DF.test.acc", "DF.train.time", 
    "DF.n.support.vectors", "DF.index", "DF.n.solutions", "DF.generations", 
    "DF.n.evaluations", "DF.cpu.time")))
