full <-
structure(c(50, 55, 60, 65, 70, 75, 80, 85, 90, 95, 100, 0.74842, 
1.14661, 9.26581, 0.33364, 2.03962, 2.85723, -0.23276, 1.2593, 
1.21136, 9.91916, 7.93168, -3.18218, -3.05977, -15, -2.81255, 
-6.75589, -7.54387, -5.72616, -6.54179, -6.36928, -11.0938, -12.22658, 
0, 0, 0, 0, 0, 0, 0, 0, 0, 0, 0, 0, 0, 0, 0, 0, 0, 0, 0, 0, 0, 
0, 0.59965, 0.62422, 0.59571, 0.61244, 0.60247, 0.63451, 0.616, 
0.6185, 0.61892, 0.60715, 0.59723, 0.58567, 0.57172, 0.58982, 
0.60102, 0.59247, 0.61277, 0.59933, 0.58371, 0.60367, 0.56097, 
0.56486, 0.024, 0.0255, 0.0237, 0.0304, 0.0272, 0.0296, 0.0301, 
0.0324, 0.0353, 0.0419, 0.0379, 107.8, 119.6, 109.4, 138.7, 120.8, 
124.7, 135.8, 144.2, 152.3, 147.8, 159, 775, 728, 72, 2365, 1415, 
1174, 778, 1256, 1712, 691, 438, 82, 332, 142, 2, 2, 3, 54, 34, 
17, 68, 12, 100, 100, 100, 100, 100, 100, 100, 100, 100, 100, 
100, 2500, 2500, 2500, 2500, 2500, 2500, 2500, 2500, 2500, 2500, 
2500, 6554.773, 6548.098, 6774.008, 6981.885, 6962.31400000001, 
7114.39999999999, 6996.731, 7174.67600000001, 7372.85000000001, 
7518.84800000001, 7320.22999999998, 1.00333, 1.38963, 0.54051, 
0.52678, 1.70434, 6.27261, 1.85326, 1.32298, 2.08399, 11.71555, 
7.96502, -3.25081, -3.11361, -4.52807, -2.96761, -6.45742, -11.1074, 
-7.62979, -6.71188, -7.20109, -12.53549, -12.27316, 0, 0, 0, 
0, 0, 0, 0, 0, 0, 0, 0, 0, 0, 0, 0, 0, 0, 0, 0, 0, 0, 0, 0.5925, 
0.6131, 0.60032, 0.60768, 0.60224, 0.63036, 0.61183, 0.6145, 
0.61521, 0.60691, 0.594, 0.59948, 0.57727, 0.5778, 0.61633, 0.59247, 
0.60821, 0.58283, 0.58771, 0.59254, 0.55383, 0.56486, 0.0235, 
0.0261, 0.0255, 0.0302, 0.0263, 0.0277, 0.0301, 0.034, 0.035, 
0.0432, 0.0387, 107.6, 119.1, 114.6, 137.3, 120.9, 122.5, 132.8, 
143.8, 150.7, 146.3, 159, 33, 1698, 669, 1179, 2066, 968, 42, 
471, 230, 177, 40, 1, 1, 1, 3, 2, 4, 7, 3, 2, 4, 2, 100, 100, 
100, 100, 100, 100, 100, 100, 100, 100, 100, 2500, 2500, 2500, 
2500, 2500, 2500, 2500, 2500, 2500, 2500, 2500, 6488.16, 6707.398, 
6829.36, 7117.636, 7026.99, 7155.84599999999, 7343.97, 7387.51299999999, 
7535.459, 7618.65899999999, 7763.16899999999, 1, 1, 1, 1, 1, 
1, 1, 1, 1, 1, 1, 0.07692, 0.07692, 0.07692, 0.07692, 0.07692, 
0.07692, 0.07692, 0.07692, 0.07692, 0.07692, 0.07692, 0, 0, 0, 
0, 0, 0, 0, 0, 0, 0, 0, 0, 0, 0, 0, 0, 0, 0, 0, 0, 0, 0, 0.559, 
0.56408, 0.59509, 0.57728, 0.55408, 0.59141, 0.5825, 0.59526, 
0.59323, 0.56868, 0.56432, 0.55138, 0.56338, 0.57192, 0.61652, 
0.57967, 0.59993, 0.58233, 0.58757, 0.59337, 0.58275, 0.58476, 
0.0224, 0.024, 0.0267, 0.0273, 0.028, 0.0301, 0.0345, 0.0374, 
0.0403, 0.0389, 0.0447, 102.1, 110.9, 121.8, 127.2, 134.8, 140.8, 
149.2, 161.8, 169.2, 178, 183.3, 1, 1, 1, 1, 1, 1, 1, 1, 1, 1, 
1, 1, 1, 1, 1, 1, 1, 1, 1, 1, 1, 1, 1, 1, 1, 1, 1, 1, 1, 1, 1, 
1, 1, 1, 1, 1, 1, 1, 1, 1, 1, 1, 1, 1, 2.64, 2.701, 2.808, 2.848, 
2.696, 2.665, 2.913, 2.945, 3.036, 2.779, 3.089), .Dim = c(11L, 
40L), .Dimnames = list(NULL, c("Sampling", "PSO.cost", "PSO.gamma", 
"PSO.data.balancing", "PSO.feature.selection", "PSO.valid.acc", 
"PSO.test.acc", "PSO.train.time", "PSO.n.support.vectors", "PSO.index", 
"PSO.n.solutions", "PSO.generations", "PSO.n.evaluations", "PSO.cpu.time", 
"RS.cost", "RS.gamma", "RS.data.balancing", "RS.feature.selection", 
"RS.valid.acc", "RS.test.acc", "RS.train.time", "RS.n.support.vectors", 
"RS.index", "RS.n.solutions", "RS.generations", "RS.n.evaluations", 
"RS.cpu.time", "DF.cost", "DF.gamma", "DF.data.balancing", "DF.feature.selection", 
"DF.valid.acc", "DF.test.acc", "DF.train.time", "DF.n.support.vectors", 
"DF.index", "DF.n.solutions", "DF.generations", "DF.n.evaluations", 
"DF.cpu.time")))
