full <-
structure(c(50, 55, 60, 65, 70, 75, 80, 85, 90, 95, 100, 4.56134, 
1.90751, 4.34985, 0.91096, 1.91014, 6.97731, 5.39764, 8.00301, 
3.04968, 0.77427, 3.85749, -7.16596, -5.26039, -7.41409, -6.5632, 
-6.92908, -10.93164, -8.50957, -14.1107, -7.73501, -2.76961, 
-10.66908, 0, 0, 0, 0, 0, 0, 0, 0, 0, 0, 0, 0, 0, 0, 0, 0, 0, 
0, 0, 0, 0, 0, 0.66935, 0.63574, 0.64443, 0.63056, 0.61723, 0.62179, 
0.59261, 0.642, 0.60648, 0.61323, 0.60706, 0.61054, 0.60621, 
0.62864, 0.62079, 0.6034, 0.60871, 0.57552, 0.61827, 0.60291, 
0.57825, 0.58415, 0.0231, 0.0237, 0.0254, 0.0261, 0.0284, 0.0282, 
0.032, 0.0339, 0.0355, 0.0496, 0.0386, 84.1, 97.4, 98.2, 107, 
116.7, 118.8, 126.3, 135.5, 147.6, 194.1, 165.1, 549, 859, 340, 
25, 2464, 80, 257, 1896, 399, 2356, 681, 465, 26, 240, 202, 1, 
113, 106, 1, 22, 5, 65, 100, 100, 100, 100, 100, 100, 100, 100, 
100, 100, 100, 2500, 2500, 2500, 2500, 2500, 2500, 2500, 2500, 
2500, 2500, 2500, 7128.252, 7406.881, 7313.326, 7404.798, 7461.94300000001, 
7629.09600000001, 7781.24100000001, 7566.099, 7594.461, 7760.18400000001, 
7860.44, 3.69577, 2.36506, 3.55103, 5.63068, 8.5791, 6.42281, 
4.58687, 7.13934, 1.50245, 0.83898, 5.92555, -5.22313, -6.70738, 
-6.75952, -11.83768, -14.84768, -10.32463, -7.74813, -13.29115, 
-5.15317, -2.80941, -12.7161, 0, 0, 0, 0, 0, 0, 0, 0, 0, 0, 0, 
0, 0, 0, 0, 0, 0, 0, 0, 0, 0, 0, 0.66357, 0.63574, 0.63361, 0.63056, 
0.60816, 0.62179, 0.59261, 0.63816, 0.60635, 0.60978, 0.61019, 
0.63911, 0.62949, 0.63452, 0.62079, 0.61834, 0.60871, 0.57135, 
0.62568, 0.59563, 0.58158, 0.57759, 0.0232, 0.0237, 0.026, 0.0241, 
0.0261, 0.0281, 0.0326, 0.0334, 0.0351, 0.0463, 0.0386, 90, 93.7, 
99.4, 103.6, 114.6, 118.8, 127.6, 135.5, 154.9, 193.6, 165.1, 
333, 287, 149, 597, 431, 635, 364, 51, 573, 1911, 1034, 1, 1, 
5, 6, 23, 3, 1, 6, 2, 1, 2, 100, 100, 100, 100, 100, 100, 100, 
100, 100, 100, 100, 2500, 2500, 2500, 2500, 2500, 2500, 2500, 
2500, 2500, 2500, 2500, 7363.678, 7417.721, 7624.022, 7427.62100000001, 
7564.42199999999, 7806.20999999999, 7848.75900000001, 7823.583, 
7757.189, 8069.94, 8184.18799999999, 1, 1, 1, 1, 1, 1, 1, 1, 
1, 1, 1, 0.07692, 0.07692, 0.07692, 0.07692, 0.07692, 0.07692, 
0.07692, 0.07692, 0.07692, 0.07692, 0.07692, 0, 0, 0, 0, 0, 0, 
0, 0, 0, 0, 0, 0, 0, 0, 0, 0, 0, 0, 0, 0, 0, 0, 0.59798, 0.56883, 
0.57236, 0.59466, 0.5934, 0.55991, 0.5623, 0.59845, 0.57685, 
0.58526, 0.57803, 0.5944, 0.56846, 0.58442, 0.59043, 0.5804, 
0.56046, 0.53802, 0.59531, 0.56601, 0.57515, 0.57093, 0.0233, 
0.0247, 0.0259, 0.0283, 0.0283, 0.0319, 0.0347, 0.0345, 0.0367, 
0.0427, 0.0435, 97.4, 107.8, 114.7, 122.6, 135.1, 141.5, 150.1, 
155.5, 165.9, 175.5, 183.8, 1, 1, 1, 1, 1, 1, 1, 1, 1, 1, 1, 
1, 1, 1, 1, 1, 1, 1, 1, 1, 1, 1, 1, 1, 1, 1, 1, 1, 1, 1, 1, 1, 
1, 1, 1, 1, 1, 1, 1, 1, 1, 1, 1, 1, 2.958, 2.866, 2.935, 3.04, 
2.901, 3.023, 3.152, 2.891, 2.921, 3.222, 3.191), .Dim = c(11L, 
40L), .Dimnames = list(NULL, c("Sampling", "PSO.cost", "PSO.gamma", 
"PSO.data.balancing", "PSO.feature.selection", "PSO.valid.acc", 
"PSO.test.acc", "PSO.train.time", "PSO.n.support.vectors", "PSO.index", 
"PSO.n.solutions", "PSO.generations", "PSO.n.evaluations", "PSO.cpu.time", 
"RS.cost", "RS.gamma", "RS.data.balancing", "RS.feature.selection", 
"RS.valid.acc", "RS.test.acc", "RS.train.time", "RS.n.support.vectors", 
"RS.index", "RS.n.solutions", "RS.generations", "RS.n.evaluations", 
"RS.cpu.time", "DF.cost", "DF.gamma", "DF.data.balancing", "DF.feature.selection", 
"DF.valid.acc", "DF.test.acc", "DF.train.time", "DF.n.support.vectors", 
"DF.index", "DF.n.solutions", "DF.generations", "DF.n.evaluations", 
"DF.cpu.time")))
