full <-
structure(c(50, 55, 60, 65, 70, 75, 80, 85, 90, 95, 100, 0.78902, 
2.68201, 0.98285, 2.72173, 5.93598, 3.20184, 1.87025, 9.99605, 
12.43772, 7.02622, 8.53145, -3.68348, -3.68514, -2.7763, -4.63116, 
-12.39042, -6.54859, -7.74294, -9.15703, -15, -9.86612, -9.2368, 
0, 0, 0, 0, 0, 0, 0, 0, 0, 0, 0, 0, 0, 0, 0, 0, 0, 0, 0, 0, 0, 
0, 0.67245, 0.6774, 0.64336, 0.64954, 0.62695, 0.60523, 0.6277, 
0.62339, 0.60973, 0.5991, 0.62726, 0.61995, 0.63507, 0.61087, 
0.62466, 0.61307, 0.583, 0.59417, 0.62011, 0.58859, 0.56679, 
0.58777, 0.021, 0.0237, 0.0272, 0.0277, 0.0265, 0.03, 0.0316, 
0.0446, 0.0355, 0.0371, 0.0451, 91.9, 103.9, 124.7, 120.1, 115.2, 
127.2, 135.6, 136.2, 142.7, 150.2, 156.9, 1138, 316, 2137, 1857, 
347, 1878, 442, 1414, 553, 247, 274, 184, 327, 1, 19, 75, 3, 
130, 4, 346, 134, 244, 100, 100, 100, 100, 100, 100, 100, 100, 
100, 100, 100, 2500, 2500, 2500, 2500, 2500, 2500, 2500, 2500, 
2500, 2500, 2500, 6377.214, 6660.078, 6603.793, 7013.218, 6839.739, 
7111.505, 7059.636, 7547.17499999999, 7251.389, 7171.05900000001, 
7312.674, 7.88069, 14.40948, 0.39147, 2.14232, 8.5323, 7.66653, 
6.23485, 12.46016, 12.28345, 6.79141, 0.96415, -8.73724, -3.36102, 
-3.71211, -4.81755, -14.99958, -14.25987, -12.23667, -10.33839, 
-14.8512, -9.68844, -7.05058, 0, 0, 0, 0, 0, 0, 0, 0, 0, 0, 0, 
0, 0, 0, 0, 0, 0, 0, 0, 0, 0, 0, 0.6582, 0.67156, 0.64307, 0.64428, 
0.62695, 0.60335, 0.62371, 0.61597, 0.60973, 0.5991, 0.62031, 
0.58054, 0.62998, 0.61526, 0.61899, 0.61307, 0.56428, 0.59417, 
0.63244, 0.58859, 0.57024, 0.59443, 0.021, 0.0254, 0.0253, 0.0274, 
0.0254, 0.0286, 0.0312, 0.061, 0.0345, 0.0374, 0.0391, 75.2, 
107.3, 114.4, 117.5, 115.4, 127, 134.9, 134.6, 142.5, 150.7, 
165.8, 1176, 118, 2058, 835, 679, 114, 2488, 471, 64, 2318, 174, 
2, 4, 1, 1, 1, 1, 1, 1, 1, 1, 1, 100, 100, 100, 100, 100, 100, 
100, 100, 100, 100, 100, 2500, 2500, 2500, 2500, 2500, 2500, 
2500, 2500, 2500, 2500, 2500, 6523.121, 6629.438, 6943.546, 6943.857, 
7041.459, 7141.299, 7365.658, 7403.387, 7282.856, 7391.39199999999, 
7600.82199999999, 1, 1, 1, 1, 1, 1, 1, 1, 1, 1, 1, 0.07692, 0.07692, 
0.07692, 0.07692, 0.07692, 0.07692, 0.07692, 0.07692, 0.07692, 
0.07692, 0.07692, 0, 0, 0, 0, 0, 0, 0, 0, 0, 0, 0, 0, 0, 0, 0, 
0, 0, 0, 0, 0, 0, 0, 0.64014, 0.6397, 0.62114, 0.58454, 0.60465, 
0.54661, 0.58221, 0.58404, 0.56265, 0.58839, 0.58776, 0.62825, 
0.61539, 0.6264, 0.58954, 0.61807, 0.55132, 0.59938, 0.58865, 
0.58873, 0.58864, 0.58495, 0.0214, 0.0234, 0.0263, 0.0271, 0.0288, 
0.0322, 0.0339, 0.0367, 0.0387, 0.04, 0.0412, 89.9, 99.7, 114, 
124.2, 131.3, 141.4, 150.2, 160.4, 170, 175, 183.9, 1, 1, 1, 
1, 1, 1, 1, 1, 1, 1, 1, 1, 1, 1, 1, 1, 1, 1, 1, 1, 1, 1, 1, 1, 
1, 1, 1, 1, 1, 1, 1, 1, 1, 1, 1, 1, 1, 1, 1, 1, 1, 1, 1, 1, 2.641, 
2.666, 2.797, 2.688, 2.714, 2.814, 2.933, 2.855, 2.745, 2.876, 
2.774), .Dim = c(11L, 40L), .Dimnames = list(NULL, c("Sampling", 
"PSO.cost", "PSO.gamma", "PSO.data.balancing", "PSO.feature.selection", 
"PSO.valid.acc", "PSO.test.acc", "PSO.train.time", "PSO.n.support.vectors", 
"PSO.index", "PSO.n.solutions", "PSO.generations", "PSO.n.evaluations", 
"PSO.cpu.time", "RS.cost", "RS.gamma", "RS.data.balancing", "RS.feature.selection", 
"RS.valid.acc", "RS.test.acc", "RS.train.time", "RS.n.support.vectors", 
"RS.index", "RS.n.solutions", "RS.generations", "RS.n.evaluations", 
"RS.cpu.time", "DF.cost", "DF.gamma", "DF.data.balancing", "DF.feature.selection", 
"DF.valid.acc", "DF.test.acc", "DF.train.time", "DF.n.support.vectors", 
"DF.index", "DF.n.solutions", "DF.generations", "DF.n.evaluations", 
"DF.cpu.time")))
