full <-
structure(c(50, 55, 60, 65, 70, 75, 80, 85, 90, 95, 100, 4.83245, 
3.12199, 1.42756, 4.89664, 0.56926, 7.45929, 7.59904, 6.73559, 
5.37703, 5.89325, 3.14244, -9.14471, -5.86351, -3.95602, -9.67406, 
-5.53664, -12.05094, -12.63919, -12.31762, -9.83589, -10.32706, 
-7.74793, 0, 0, 0, 0, 0, 0, 0, 0, 0, 0, 0, 0, 0, 0, 0, 0, 0, 
0, 0, 0, 0, 0, 0.63237, 0.62387, 0.64771, 0.6251, 0.65189, 0.62633, 
0.63641, 0.63036, 0.59401, 0.60759, 0.61374, 0.59279, 0.58784, 
0.62425, 0.59452, 0.60903, 0.60399, 0.62392, 0.58417, 0.59466, 
0.60129, 0.60493, 0.0232, 0.024, 0.0267, 0.0265, 0.0278, 0.0293, 
0.0319, 0.0321, 0.0353, 0.0381, 0.0391, 85.1, 96.7, 115.4, 106.7, 
117.9, 120.1, 127.3, 135.6, 146, 150.8, 162.4, 465, 2452, 1181, 
928, 1112, 73, 240, 2113, 373, 434, 1629, 115, 1, 71, 5, 38, 
115, 92, 1, 114, 187, 23, 100, 100, 100, 100, 100, 100, 100, 
100, 100, 100, 100, 2500, 2500, 2500, 2500, 2500, 2500, 2500, 
2500, 2500, 2500, 2500, 7274.519, 7461.192, 7575.98900000001, 
7742.003, 7846.63800000001, 7887.77100000001, 7917.28200000001, 
7817.745, 7884.49799999999, 8015.516, 8195.76999999999, 4.05885, 
1.55702, 1.67777, 5.43485, 1.1962, 3.74192, 5.86478, 4.36474, 
5.64688, 14.40908, 3.31795, -8.36475, -3.51707, -3.92777, -10.85359, 
-6.34555, -8.59855, -10.89714, -9.94109, -10.15636, -14.38343, 
-7.89956, 0, 0, 0, 0, 0, 0, 0, 0, 0, 0, 0, 0, 0, 0, 0, 0, 0, 
0, 0, 0, 0, 0, 0.63237, 0.63596, 0.64216, 0.62484, 0.64234, 0.6303, 
0.63641, 0.63036, 0.59401, 0.60831, 0.61051, 0.59904, 0.5815, 
0.60846, 0.60955, 0.61358, 0.60379, 0.62392, 0.59187, 0.59149, 
0.59364, 0.60148, 0.0211, 0.0261, 0.0262, 0.0262, 0.0272, 0.0298, 
0.0317, 0.0325, 0.0349, 0.0525, 0.0409, 86, 112.3, 116, 107.3, 
115.3, 121.5, 127.4, 135.7, 146.1, 141.8, 162.4, 236, 1189, 11, 
37, 1002, 293, 1570, 911, 1552, 633, 2016, 2, 1, 1, 7, 1, 1, 
3, 1, 1, 2, 1, 100, 100, 100, 100, 100, 100, 100, 100, 100, 100, 
100, 2500, 2500, 2500, 2500, 2500, 2500, 2500, 2500, 2500, 2500, 
2500, 7440.363, 7452.935, 7722.843, 7885.265, 7973.341, 8076.80499999999, 
7998.261, 8036.33899999999, 8148.35699999999, 8352.473, 8434.549, 
1, 1, 1, 1, 1, 1, 1, 1, 1, 1, 1, 0.07692, 0.07692, 0.07692, 0.07692, 
0.07692, 0.07692, 0.07692, 0.07692, 0.07692, 0.07692, 0.07692, 
0, 0, 0, 0, 0, 0, 0, 0, 0, 0, 0, 0, 0, 0, 0, 0, 0, 0, 0, 0, 0, 
0, 0.60654, 0.59433, 0.60944, 0.60005, 0.62397, 0.5945, 0.59158, 
0.58002, 0.55868, 0.5679, 0.59493, 0.61237, 0.60021, 0.60882, 
0.60484, 0.60427, 0.60359, 0.60774, 0.60312, 0.57431, 0.59663, 
0.59159, 0.0237, 0.0237, 0.027, 0.0289, 0.0304, 0.0327, 0.0341, 
0.0362, 0.0391, 0.0413, 0.0434, 101.5, 108.1, 116.2, 125.1, 133.6, 
142.8, 149.3, 157.9, 168.7, 173.1, 183.4, 1, 1, 1, 1, 1, 1, 1, 
1, 1, 1, 1, 1, 1, 1, 1, 1, 1, 1, 1, 1, 1, 1, 1, 1, 1, 1, 1, 1, 
1, 1, 1, 1, 1, 1, 1, 1, 1, 1, 1, 1, 1, 1, 1, 1, 2.933, 2.994, 
3.131, 3.164, 3.14, 3.166, 3.132, 3.151, 3.167, 3.227, 3.231), .Dim = c(11L, 
40L), .Dimnames = list(NULL, c("Sampling", "PSO.cost", "PSO.gamma", 
"PSO.data.balancing", "PSO.feature.selection", "PSO.valid.acc", 
"PSO.test.acc", "PSO.train.time", "PSO.n.support.vectors", "PSO.index", 
"PSO.n.solutions", "PSO.generations", "PSO.n.evaluations", "PSO.cpu.time", 
"RS.cost", "RS.gamma", "RS.data.balancing", "RS.feature.selection", 
"RS.valid.acc", "RS.test.acc", "RS.train.time", "RS.n.support.vectors", 
"RS.index", "RS.n.solutions", "RS.generations", "RS.n.evaluations", 
"RS.cpu.time", "DF.cost", "DF.gamma", "DF.data.balancing", "DF.feature.selection", 
"DF.valid.acc", "DF.test.acc", "DF.train.time", "DF.n.support.vectors", 
"DF.index", "DF.n.solutions", "DF.generations", "DF.n.evaluations", 
"DF.cpu.time")))
