full <-
structure(c(50, 55, 60, 65, 70, 75, 80, 85, 90, 95, 100, 1.17399, 
14.90812, 10.44965, 12.79495, 5.09002, 4.55046, 9.66753, 3.76067, 
15, 3.57875, 1.99796, -2.05531, -14.99928, -11.04515, -15, -7.87125, 
-8.78472, -12.25973, -8.01683, -10.89093, -6.28958, -6.20358, 
0, 0, 0, 0, 0, 0, 0, 0, 0, 0, 0, 0, 0, 0, 0, 0, 0, 0, 0, 0, 0, 
0, 0.60679, 0.60249, 0.64186, 0.63113, 0.61801, 0.60814, 0.6328, 
0.62217, 0.63012, 0.6146, 0.61342, 0.57298, 0.56356, 0.59443, 
0.61086, 0.61846, 0.59544, 0.58621, 0.59061, 0.59269, 0.58603, 
0.58058, 0.0254, 0.0286, 0.0275, 0.0261, 0.027, 0.0281, 0.032, 
0.0328, 0.1561, 0.0398, 0.0415, 117.4, 89.5, 93.4, 103.8, 114.7, 
123.5, 127.7, 143.3, 147.9, 160.6, 165.9, 2125, 1460, 179, 493, 
338, 283, 278, 857, 845, 2323, 1371, 7, 4, 186, 159, 41, 144, 
111, 202, 76, 3, 46, 100, 100, 100, 100, 100, 100, 100, 100, 
100, 100, 100, 2500, 2500, 2500, 2500, 2500, 2500, 2500, 2500, 
2500, 2500, 2500, 6820.653, 6936.458, 6927.528, 6971.531, 7294.851, 
7432.22, 7515.08399999999, 7720.713, 10120.775, 8079.815, 8096.64999999999, 
1.0704, 14.82757, 10.90282, 9.60201, 4.98131, 4.05124, 10.65075, 
3.8531, 14.40795, 3.36815, 2.0083, -2.10097, -14.8208, -11.5072, 
-11.74927, -10.25961, -8.21563, -13.25942, -8.07671, -9.96803, 
-6.19993, -6.11499, 0, 0, 0, 0, 0, 0, 0, 0, 0, 0, 0, 0, 0, 0, 
0, 0, 0, 0, 0, 0, 0, 0, 0.60679, 0.59073, 0.64186, 0.63089, 0.61346, 
0.60397, 0.6328, 0.62217, 0.61503, 0.61448, 0.61019, 0.56673, 
0.56981, 0.60693, 0.60586, 0.6137, 0.59544, 0.58221, 0.59477, 
0.60091, 0.5896, 0.58403, 0.0256, 0.0284, 0.0254, 0.0264, 0.0267, 
0.0298, 0.0319, 0.0333, 0.1477, 0.0404, 0.0411, 117.3, 89.6, 
93.1, 103.2, 118.5, 123.7, 127.9, 143.2, 149.8, 161.1, 166.2, 
1185, 173, 760, 410, 2458, 531, 1722, 155, 2150, 2495, 139, 1, 
1, 2, 6, 1, 1, 2, 2, 1, 1, 3, 100, 100, 100, 100, 100, 100, 100, 
100, 100, 100, 100, 2500, 2500, 2500, 2500, 2500, 2500, 2500, 
2500, 2500, 2500, 2500, 6823.377, 6908.293, 6905.84499999999, 
7168.45, 7375.927, 7550.44, 7701.09000000001, 7981.73299999999, 
8181.85000000001, 8441.80800000002, 8524.777, 1, 1, 1, 1, 1, 
1, 1, 1, 1, 1, 1, 0.07692, 0.07692, 0.07692, 0.07692, 0.07692, 
0.07692, 0.07692, 0.07692, 0.07692, 0.07692, 0.07692, 0, 0, 0, 
0, 0, 0, 0, 0, 0, 0, 0, 0, 0, 0, 0, 0, 0, 0, 0, 0, 0, 0, 0.55964, 
0.53235, 0.58707, 0.58568, 0.60372, 0.58099, 0.60392, 0.58409, 
0.56549, 0.59342, 0.58143, 0.56506, 0.55037, 0.59914, 0.59044, 
0.60916, 0.59385, 0.58759, 0.57533, 0.58404, 0.58579, 0.58455, 
0.0226, 0.0246, 0.0256, 0.027, 0.0287, 0.0305, 0.0335, 0.0362, 
0.0392, 0.042, 0.0441, 101.3, 111.3, 117.5, 124.9, 134.9, 141.5, 
151.3, 160.9, 170.7, 179, 184, 1, 1, 1, 1, 1, 1, 1, 1, 1, 1, 
1, 1, 1, 1, 1, 1, 1, 1, 1, 1, 1, 1, 1, 1, 1, 1, 1, 1, 1, 1, 1, 
1, 1, 1, 1, 1, 1, 1, 1, 1, 1, 1, 1, 1, 2.729, 2.816, 2.779, 2.985, 
2.883, 3.007, 3.064, 3.132, 3.26, 3.294, 3.242), .Dim = c(11L, 
40L), .Dimnames = list(NULL, c("Sampling", "PSO.cost", "PSO.gamma", 
"PSO.data.balancing", "PSO.feature.selection", "PSO.valid.acc", 
"PSO.test.acc", "PSO.train.time", "PSO.n.support.vectors", "PSO.index", 
"PSO.n.solutions", "PSO.generations", "PSO.n.evaluations", "PSO.cpu.time", 
"RS.cost", "RS.gamma", "RS.data.balancing", "RS.feature.selection", 
"RS.valid.acc", "RS.test.acc", "RS.train.time", "RS.n.support.vectors", 
"RS.index", "RS.n.solutions", "RS.generations", "RS.n.evaluations", 
"RS.cpu.time", "DF.cost", "DF.gamma", "DF.data.balancing", "DF.feature.selection", 
"DF.valid.acc", "DF.test.acc", "DF.train.time", "DF.n.support.vectors", 
"DF.index", "DF.n.solutions", "DF.generations", "DF.n.evaluations", 
"DF.cpu.time")))
