full <-
structure(c(50, 55, 60, 65, 70, 75, 80, 85, 90, 95, 100, 1.10198, 
3.75827, 3.87261, 6.13648, 9.20533, 8.39905, 1.044, 7.20226, 
4.21618, 4.25451, 2.98638, -4.43642, -7.6971, -6.44865, -6.58114, 
-14.19231, -9.65783, -6.94143, -12.89296, -9.03869, -10.84631, 
-8.67826, 0, 0, 0, 0, 0, 0, 0, 0, 0, 0, 0, 0, 0, 0, 0, 0, 0, 
0, 0, 0, 0, 0, 0.59935, 0.62136, 0.59735, 0.58315, 0.59629, 0.59466, 
0.59926, 0.61215, 0.61168, 0.60999, 0.608, 0.5447, 0.56857, 0.56983, 
0.52923, 0.59109, 0.56008, 0.57056, 0.58476, 0.58198, 0.58892, 
0.58552, 0.0225, 0.0217, 0.0246, 0.0272, 0.0265, 0.0321, 0.0303, 
0.0324, 0.0351, 0.0377, 0.0406, 98.1, 95.8, 102.8, 109.6, 117.4, 
118.4, 138.2, 141, 150.1, 156.8, 164.5, 1108, 2165, 2188, 613, 
424, 266, 1015, 360, 672, 293, 1134, 57, 1, 1, 548, 48, 168, 
15, 86, 74, 46, 8, 100, 100, 100, 100, 100, 100, 100, 100, 100, 
100, 100, 2500, 2500, 2500, 2500, 2500, 2500, 2500, 2500, 2500, 
2500, 2500, 6923.005, 6979.388, 7032.461, 7170.992, 7328.094, 
7629.039, 7669.56000000001, 7728.489, 7769.641, 8020.74100000001, 
8303.05800000002, 1.26377, 3.46744, 9.99969, 5.90725, 6.27616, 
8.57773, 1.22883, 8.25817, 4.4898, 7.31496, 5.75353, -4.18605, 
-7.30488, -9.57782, -6.50148, -10.35962, -9.74518, -7.5381, -13.95732, 
-9.27826, -13.92106, -11.1718, 0, 0, 0, 0, 0, 0, 0, 0, 0, 0, 
0, 0, 0, 0, 0, 0, 0, 0, 0, 0, 0, 0, 0.59226, 0.6158, 0.59764, 
0.58315, 0.59625, 0.59466, 0.59545, 0.61215, 0.60784, 0.60999, 
0.60489, 0.55185, 0.56926, 0.58123, 0.52923, 0.58635, 0.56008, 
0.57071, 0.58476, 0.58583, 0.58892, 0.59819, 0.0231, 0.0217, 
0.0282, 0.0274, 0.0278, 0.0324, 0.0315, 0.033, 0.0368, 0.038, 
0.0401, 98.9, 96.3, 94.5, 110.1, 116.9, 117.9, 138.1, 141, 149.9, 
156.9, 162.6, 947, 1576, 1645, 1830, 2346, 1737, 306, 1552, 432, 
493, 1177, 1, 2, 1, 1, 1, 1, 1, 1, 3, 3, 2, 100, 100, 100, 100, 
100, 100, 100, 100, 100, 100, 100, 2500, 2500, 2500, 2500, 2500, 
2500, 2500, 2500, 2500, 2500, 2500, 6940.396, 7145.517, 7118.606, 
7361.786, 7586.563, 7706.981, 7870.239, 7942.08200000001, 8235.033, 
8536.30100000001, 8655.27600000001, 1, 1, 1, 1, 1, 1, 1, 1, 1, 
1, 1, 0.07692, 0.07692, 0.07692, 0.07692, 0.07692, 0.07692, 0.07692, 
0.07692, 0.07692, 0.07692, 0.07692, 0, 0, 0, 0, 0, 0, 0, 0, 0, 
0, 0, 0, 0, 0, 0, 0, 0, 0, 0, 0, 0, 0, 0.55173, 0.55685, 0.54173, 
0.52902, 0.56828, 0.57292, 0.5744, 0.57217, 0.56661, 0.58292, 
0.57817, 0.51256, 0.55755, 0.5581, 0.54918, 0.5587, 0.55593, 
0.56953, 0.57293, 0.56262, 0.58972, 0.57529, 0.023, 0.0262, 0.0255, 
0.0287, 0.0283, 0.0328, 0.0343, 0.0366, 0.0398, 0.0418, 0.0436, 
102.5, 109.1, 116.2, 126.2, 133.5, 141.6, 152.5, 158.2, 168.2, 
173.4, 183.2, 1, 1, 1, 1, 1, 1, 1, 1, 1, 1, 1, 1, 1, 1, 1, 1, 
1, 1, 1, 1, 1, 1, 1, 1, 1, 1, 1, 1, 1, 1, 1, 1, 1, 1, 1, 1, 1, 
1, 1, 1, 1, 1, 1, 1, 2.777, 2.782, 2.811, 2.948, 3.032, 3.038, 
3.08, 3.081, 3.251, 3.301, 3.323), .Dim = c(11L, 40L), .Dimnames = list(
    NULL, c("Sampling", "PSO.cost", "PSO.gamma", "PSO.data.balancing", 
    "PSO.feature.selection", "PSO.valid.acc", "PSO.test.acc", 
    "PSO.train.time", "PSO.n.support.vectors", "PSO.index", "PSO.n.solutions", 
    "PSO.generations", "PSO.n.evaluations", "PSO.cpu.time", "RS.cost", 
    "RS.gamma", "RS.data.balancing", "RS.feature.selection", 
    "RS.valid.acc", "RS.test.acc", "RS.train.time", "RS.n.support.vectors", 
    "RS.index", "RS.n.solutions", "RS.generations", "RS.n.evaluations", 
    "RS.cpu.time", "DF.cost", "DF.gamma", "DF.data.balancing", 
    "DF.feature.selection", "DF.valid.acc", "DF.test.acc", "DF.train.time", 
    "DF.n.support.vectors", "DF.index", "DF.n.solutions", "DF.generations", 
    "DF.n.evaluations", "DF.cpu.time")))
