full <-
structure(c(50, 55, 60, 65, 70, 75, 80, 85, 90, 95, 100, 10.89255, 
11.62602, 7.32141, 0.42561, 8.00917, 8.00674, 11.61549, 0.23184, 
2.55806, 6.42071, 3.65752, -11.67505, -11.31738, -8.04972, -3.273, 
-12.31255, -13.74672, -12.97446, -5.22504, -8.46461, -12.82042, 
-8.81241, 0, 0, 0, 0, 0, 0, 0, 0, 0, 0, 0, 0, 0, 0, 0, 0, 0, 
0, 0, 0, 0, 0, 0.63357, 0.61622, 0.63073, 0.61353, 0.60805, 0.62706, 
0.59974, 0.62699, 0.61772, 0.61433, 0.60153, 0.60107, 0.57426, 
0.57203, 0.58639, 0.58394, 0.59183, 0.59957, 0.60375, 0.60291, 
0.59377, 0.60366, 0.0225, 0.0281, 0.0267, 0.0276, 0.026, 0.0278, 
0.0324, 0.0319, 0.0338, 0.0362, 0.0381, 82.4, 90.9, 103.7, 130.2, 
114.4, 122.5, 123.9, 145.4, 149.4, 158.6, 162.8, 214, 551, 782, 
1448, 296, 88, 108, 1078, 956, 155, 297, 87, 129, 44, 40, 183, 
64, 112, 58, 48, 75, 81, 100, 100, 100, 100, 100, 100, 100, 100, 
100, 100, 100, 2500, 2500, 2500, 2500, 2500, 2500, 2500, 2500, 
2500, 2500, 2500, 6493.257, 6685.675, 6681.224, 6725.01100000001, 
6669.90300000001, 6690.712, 6798.46399999999, 6856.02499999999, 
7073.93700000001, 7001.38100000001, 7163.394, 11.61067, 11.82354, 
4.97975, 0.33152, -0.131, 7.01949, 0.16972, 0.17055, 2.82434, 
4.98705, -0.37926, -12.38375, -11.46257, -6.84476, -3.31794, 
-2.58994, -12.78794, -4.81834, -4.86907, -8.77888, -11.37968, 
-3.97298, 0, 0, 0, 0, 0, 0, 0, 0, 0, 0, 0, 0, 0, 0, 0, 0, 0, 
0, 0, 0, 0, 0, 0.63357, 0.61033, 0.63201, 0.61353, 0.61001, 0.62706, 
0.60337, 0.62699, 0.61415, 0.61433, 0.60424, 0.60107, 0.57426, 
0.56834, 0.59033, 0.5904, 0.59183, 0.59503, 0.60375, 0.60291, 
0.59377, 0.595, 0.0223, 0.0277, 0.0245, 0.0274, 0.0317, 0.0272, 
0.0303, 0.0329, 0.0343, 0.0365, 0.041, 82.6, 90.6, 104.7, 129.7, 
149.1, 122.6, 139.3, 147.4, 149.1, 158.5, 179.9, 393, 1000, 1390, 
1788, 1090, 92, 607, 783, 1959, 582, 955, 2, 1, 1, 1, 1, 8, 2, 
1, 1, 2, 1, 100, 100, 100, 100, 100, 100, 100, 100, 100, 100, 
100, 2500, 2500, 2500, 2500, 2500, 2500, 2500, 2500, 2500, 2500, 
2500, 6586.394, 6651.83, 6694.596, 6747.64999999999, 6784.74400000001, 
6818.45299999999, 6909.129, 7231.10800000001, 7225.52799999999, 
7299.42199999999, 7423.94499999998, 1, 1, 1, 1, 1, 1, 1, 1, 1, 
1, 1, 0.07692, 0.07692, 0.07692, 0.07692, 0.07692, 0.07692, 0.07692, 
0.07692, 0.07692, 0.07692, 0.07692, 0, 0, 0, 0, 0, 0, 0, 0, 0, 
0, 0, 0, 0, 0, 0, 0, 0, 0, 0, 0, 0, 0, 0.57351, 0.54894, 0.58807, 
0.60272, 0.59909, 0.60884, 0.59087, 0.60758, 0.57738, 0.57568, 
0.58783, 0.56726, 0.56283, 0.59957, 0.58634, 0.5942, 0.58292, 
0.59087, 0.5999, 0.58466, 0.56913, 0.58508, 0.0225, 0.0237, 0.0236, 
0.026, 0.0283, 0.0299, 0.0321, 0.0345, 0.0372, 0.0384, 0.0424, 
100.8, 110.4, 117, 124, 133, 138.5, 149.3, 157.3, 169.7, 178.6, 
183.9, 1, 1, 1, 1, 1, 1, 1, 1, 1, 1, 1, 1, 1, 1, 1, 1, 1, 1, 
1, 1, 1, 1, 1, 1, 1, 1, 1, 1, 1, 1, 1, 1, 1, 1, 1, 1, 1, 1, 1, 
1, 1, 1, 1, 1, 2.643, 2.645, 2.56, 2.631, 2.68, 2.683, 2.708, 
2.831, 2.787, 2.76, 2.898), .Dim = c(11L, 40L), .Dimnames = list(
    NULL, c("Sampling", "PSO.cost", "PSO.gamma", "PSO.data.balancing", 
    "PSO.feature.selection", "PSO.valid.acc", "PSO.test.acc", 
    "PSO.train.time", "PSO.n.support.vectors", "PSO.index", "PSO.n.solutions", 
    "PSO.generations", "PSO.n.evaluations", "PSO.cpu.time", "RS.cost", 
    "RS.gamma", "RS.data.balancing", "RS.feature.selection", 
    "RS.valid.acc", "RS.test.acc", "RS.train.time", "RS.n.support.vectors", 
    "RS.index", "RS.n.solutions", "RS.generations", "RS.n.evaluations", 
    "RS.cpu.time", "DF.cost", "DF.gamma", "DF.data.balancing", 
    "DF.feature.selection", "DF.valid.acc", "DF.test.acc", "DF.train.time", 
    "DF.n.support.vectors", "DF.index", "DF.n.solutions", "DF.generations", 
    "DF.n.evaluations", "DF.cpu.time")))
