full <-
structure(c(50, 55, 60, 65, 70, 75, 80, 85, 90, 95, 100, 7.78098, 
8.48452, 4.62452, 1.83308, 7.41537, 6.46448, 9.13414, 8.31782, 
6.85283, 2.48143, 3.04594, -12.04025, -13.83732, -10.70404, -8.29484, 
-12.93197, -8.02186, -11.26352, -10.7476, -8.41105, -7.11594, 
-8.83248, 0, 0, 0, 0, 0, 0, 0, 0, 0, 0, 0, 0, 0, 0, 0, 0, 0, 
0, 0, 0, 0, 0, 0.60799, 0.57194, 0.62853, 0.61486, 0.62832, 0.62207, 
0.60835, 0.62963, 0.61357, 0.61693, 0.60745, 0.57275, 0.56564, 
0.58961, 0.58431, 0.62966, 0.56409, 0.57033, 0.60376, 0.5773, 
0.58143, 0.58099, 0.0212, 0.0216, 0.0249, 0.0274, 0.0273, 0.0321, 
0.0327, 0.0341, 0.0362, 0.0405, 0.0379, 87.2, 96.4, 102.6, 111.7, 
114.8, 125.3, 126.9, 134.2, 143, 154.8, 163.5, 1780, 599, 1509, 
1432, 90, 1746, 1024, 160, 357, 453, 1697, 7, 42, 6, 4, 54, 12, 
44, 105, 70, 110, 2, 100, 100, 100, 100, 100, 100, 100, 100, 
100, 100, 100, 2500, 2500, 2500, 2500, 2500, 2500, 2500, 2500, 
2500, 2500, 2500, 6606.726, 6741.514, 6809.54, 6887.723, 6972.4, 
7133.136, 7173.325, 7016.67, 7032.386, 7175.05899999999, 7186.413, 
7.14795, 9.428, 6.33615, 2.79464, 1.89178, 6.61108, 12.20564, 
8.39949, 6.6713, 2.71429, 1.07916, -11.39183, -14.77191, -12.433, 
-9.30334, -7.18807, -7.76926, -14.40528, -10.83545, -8.1453, 
-7.40407, -6.62677, 0, 0, 0, 0, 0, 0, 0, 0, 0, 0, 0, 0, 0, 0, 
0, 0, 0, 0, 0, 0, 0, 0, 0.60799, 0.57194, 0.62853, 0.6096, 0.62832, 
0.60921, 0.60818, 0.62963, 0.61, 0.61348, 0.60422, 0.57275, 0.56564, 
0.58961, 0.58431, 0.63466, 0.56885, 0.57033, 0.59976, 0.57716, 
0.57799, 0.56798, 0.0225, 0.0231, 0.0233, 0.0255, 0.0271, 0.0349, 
0.0327, 0.0318, 0.0378, 0.0352, 0.0376, 87.4, 96.3, 102.4, 111.8, 
116, 126.5, 126.6, 134, 144.5, 154.2, 166.3, 456, 1060, 2339, 
543, 926, 309, 362, 896, 1306, 730, 250, 1, 2, 1, 3, 1, 2, 2, 
1, 1, 1, 1, 100, 100, 100, 100, 100, 100, 100, 100, 100, 100, 
100, 2500, 2500, 2500, 2500, 2500, 2500, 2500, 2500, 2500, 2500, 
2500, 6798.256, 6833.04, 6820.238, 6919.75799999999, 7202.81599999999, 
7290.558, 7142.785, 7181.22199999999, 7329.26300000001, 7579.337, 
7410.72700000001, 1, 1, 1, 1, 1, 1, 1, 1, 1, 1, 1, 0.07692, 0.07692, 
0.07692, 0.07692, 0.07692, 0.07692, 0.07692, 0.07692, 0.07692, 
0.07692, 0.07692, 0, 0, 0, 0, 0, 0, 0, 0, 0, 0, 0, 0, 0, 0, 0, 
0, 0, 0, 0, 0, 0, 0, 0.56068, 0.52948, 0.5834, 0.56328, 0.59126, 
0.58172, 0.58209, 0.59589, 0.59516, 0.59189, 0.57443, 0.58836, 
0.54161, 0.5618, 0.57378, 0.59735, 0.5997, 0.59076, 0.59589, 
0.59199, 0.59177, 0.57109, 0.0214, 0.0241, 0.0262, 0.0279, 0.0281, 
0.0329, 0.034, 0.0361, 0.0403, 0.0375, 0.0436, 100, 108.8, 114.3, 
123.6, 132, 143.9, 149.7, 158, 167.6, 174, 183.7, 1, 1, 1, 1, 
1, 1, 1, 1, 1, 1, 1, 1, 1, 1, 1, 1, 1, 1, 1, 1, 1, 1, 1, 1, 1, 
1, 1, 1, 1, 1, 1, 1, 1, 1, 1, 1, 1, 1, 1, 1, 1, 1, 1, 1, 2.579, 
2.733, 2.767, 2.726, 2.833, 2.903, 2.868, 2.829, 2.841, 2.863, 
3.063), .Dim = c(11L, 40L), .Dimnames = list(NULL, c("Sampling", 
"PSO.cost", "PSO.gamma", "PSO.data.balancing", "PSO.feature.selection", 
"PSO.valid.acc", "PSO.test.acc", "PSO.train.time", "PSO.n.support.vectors", 
"PSO.index", "PSO.n.solutions", "PSO.generations", "PSO.n.evaluations", 
"PSO.cpu.time", "RS.cost", "RS.gamma", "RS.data.balancing", "RS.feature.selection", 
"RS.valid.acc", "RS.test.acc", "RS.train.time", "RS.n.support.vectors", 
"RS.index", "RS.n.solutions", "RS.generations", "RS.n.evaluations", 
"RS.cpu.time", "DF.cost", "DF.gamma", "DF.data.balancing", "DF.feature.selection", 
"DF.valid.acc", "DF.test.acc", "DF.train.time", "DF.n.support.vectors", 
"DF.index", "DF.n.solutions", "DF.generations", "DF.n.evaluations", 
"DF.cpu.time")))
