full <-
structure(c(50, 55, 60, 65, 70, 75, 80, 85, 90, 95, 100, 8.33156, 
4.27042, 0.30498, 2.22536, 0.61932, 3.58666, 9.21004, 7.62481, 
1.70563, 14.33111, 14.8883, -9.56345, -5.33061, -4.19449, -3.95157, 
-3.58051, -4.82419, -7.16211, -5.79221, -4.55024, -11.40791, 
-11.22, 0, 0, 0, 0, 0, 0, 0, 0, 0, 0, 0, 0, 0, 0, 0, 0, 0, 0, 
0, 0, 0, 0, 0.90044, 0.90226, 0.90008, 0.89825, 0.8976, 0.89971, 
0.90073, 0.90292, 0.90486, 0.90033, 0.89936, 0.89868, 0.8934, 
0.89529, 0.89484, 0.89476, 0.89794, 0.89741, 0.89953, 0.90191, 
0.89846, 0.89781, 0.5948, 0.7193, 0.8416, 1.0232, 1.1992, 1.3061, 
2.447, 2.4249, 1.7121, 6.1989, 9.6961, 416.3, 499.5, 584.6, 647, 
717, 695.5, 666.2, 733, 816.9, 785.7, 823.3, 277, 1203, 1008, 
1009, 1931, 1416, 1484, 2467, 1432, 1297, 1097, 105, 137, 53, 
22, 12, 27, 9, 1, 85, 10, 9, 100, 100, 100, 100, 100, 100, 100, 
100, 100, 100, 100, 2500, 2500, 2500, 2500, 2500, 2500, 2500, 
2500, 2500, 2500, 2500, 25364.884, 27657.655, 32088.751, 36359.543, 
42151.136, 45338.792, 80066.548, 79221.9979999999, 60603.294, 
128726.982, 153122.467, 7.29948, 4.34934, 0.72791, 1.99717, 0.31683, 
3.39998, 10.59877, 7.74095, 1.42945, 14.99577, 1.93754, -8.99074, 
-5.33877, -4.78101, -3.74735, -3.32027, -4.79291, -8.06807, -6.53522, 
-4.34928, -11.73483, -3.54109, 0, 0, 0, 0, 0, 0, 0, 0, 0, 0, 
0, 0, 0, 0, 0, 0, 0, 0, 0, 0, 0, 0, 0.9, 0.90105, 0.8986, 0.89757, 
0.89602, 0.89882, 0.90017, 0.90136, 0.90387, 0.90009, 0.89892, 
0.89912, 0.893, 0.89639, 0.89381, 0.8938, 0.89764, 0.89797, 0.90005, 
0.90191, 0.89869, 0.89361, 0.5685, 0.7245, 0.8188, 1.0732, 1.2298, 
1.3321, 2.9975, 2.1678, 1.7469, 7.2527, 2.4453, 419.9, 499.2, 
562.5, 665.4, 745.3, 697.6, 658.5, 716.6, 828.8, 783.8, 1020.3, 
2314, 798, 1292, 994, 690, 160, 1626, 328, 2191, 741, 1077, 1, 
1, 1, 1, 6, 1, 1, 2, 1, 2, 4, 100, 100, 100, 100, 100, 100, 100, 
100, 100, 100, 100, 2500, 2500, 2500, 2500, 2500, 2500, 2500, 
2500, 2500, 2500, 2500, 36385.879, 42550.605, 48733.742, 55322.434, 
61382.431, 71088.602, 79858.167, 88275.399, 99320.1569999999, 
116678.926, 140133.421, 1, 1, 1, 1, 1, 1, 1, 1, 1, 1, 1, 0.0625, 
0.0625, 0.0625, 0.0625, 0.0625, 0.0625, 0.0625, 0.0625, 0.0625, 
0.0625, 0.0625, 0, 0, 0, 0, 0, 0, 0, 0, 0, 0, 0, 0, 0, 0, 0, 
0, 0, 0, 0, 0, 0, 0, 0.89778, 0.8938, 0.89676, 0.89416, 0.89317, 
0.89233, 0.89437, 0.89615, 0.89871, 0.8966, 0.89604, 0.89822, 
0.893, 0.89565, 0.8945, 0.89317, 0.88997, 0.89299, 0.89901, 0.89847, 
0.89707, 0.89715, 0.6012, 0.7148, 0.8705, 0.9957, 1.1667, 1.273, 
1.4591, 1.5983, 1.8336, 2.0776, 2.2661, 494.7, 540.6, 596.5, 
639.1, 687.8, 731.2, 767, 809, 852.5, 908.1, 950.3, 1, 1, 1, 
1, 1, 1, 1, 1, 1, 1, 1, 1, 1, 1, 1, 1, 1, 1, 1, 1, 1, 1, 1, 1, 
1, 1, 1, 1, 1, 1, 1, 1, 1, 1, 1, 1, 1, 1, 1, 1, 1, 1, 1, 1, 9.123, 
10.113, 11.879, 13.361, 15.09, 16.051, 18.189, 19.596, 22.298, 
25.077, 27.01), .Dim = c(11L, 40L), .Dimnames = list(NULL, c("Sampling", 
"PSO.cost", "PSO.gamma", "PSO.data.balancing", "PSO.feature.selection", 
"PSO.valid.acc", "PSO.test.acc", "PSO.train.time", "PSO.n.support.vectors", 
"PSO.index", "PSO.n.solutions", "PSO.generations", "PSO.n.evaluations", 
"PSO.cpu.time", "RS.cost", "RS.gamma", "RS.data.balancing", "RS.feature.selection", 
"RS.valid.acc", "RS.test.acc", "RS.train.time", "RS.n.support.vectors", 
"RS.index", "RS.n.solutions", "RS.generations", "RS.n.evaluations", 
"RS.cpu.time", "DF.cost", "DF.gamma", "DF.data.balancing", "DF.feature.selection", 
"DF.valid.acc", "DF.test.acc", "DF.train.time", "DF.n.support.vectors", 
"DF.index", "DF.n.solutions", "DF.generations", "DF.n.evaluations", 
"DF.cpu.time")))
