full <-
structure(c(50, 55, 60, 65, 70, 75, 80, 85, 90, 95, 100, 14.75545, 
8.12364, 15, 13.12763, 15, -0.15423, 1.2186, 2.18422, 13.87236, 
2.74036, 1.68225, -12.69818, -8.22445, -11.87692, -11.57585, 
-11.44725, -3.67108, -3.19027, -4.34033, -10.7411, -6.09569, 
-3.86253, 0, 0, 0, 0, 0, 0, 0, 0, 0, 0, 0, 0, 0, 0, 0, 0, 0, 
0, 0, 0, 0, 0, 0.89912, 0.89744, 0.89271, 0.89551, 0.90267, 0.90324, 
0.9021, 0.90292, 0.90388, 0.89845, 0.90135, 0.89427, 0.89139, 
0.88865, 0.89415, 0.89792, 0.9, 0.89629, 0.89954, 0.90265, 0.89752, 
0.89825, 1.1819, 0.8763, 2.8755, 1.6486, 4.3166, 1.2228, 1.5851, 
1.5637, 5.5844, 1.7295, 2.2116, 432.3, 481.7, 526.2, 551.3, 577.8, 
746.1, 883, 789.2, 724, 813.4, 976.6, 2069, 578, 819, 781, 1300, 
1086, 911, 663, 2009, 1375, 906, 1, 54, 9, 6, 3, 144, 30, 334, 
4, 26, 34, 100, 100, 100, 100, 100, 100, 100, 100, 100, 100, 
100, 2500, 2500, 2500, 2500, 2500, 2500, 2500, 2500, 2500, 2500, 
2500, 43837.605, 53238.166, 69398.481, 45773.368, 97304.796, 
46681.876, 64157.5070000001, 53753.822, 98567.2050000001, 56856.5599999998, 
81533.196, 1.95473, 8.0642, 14.4187, 13.75502, 14.47713, -0.05409, 
11.70356, 0.91832, 14.91384, 4.63687, 1.24095, -3.85928, -8.17002, 
-11.5948, -11.89999, -11.30187, -3.64724, -10.62368, -4.15825, 
-11.34469, -6.87601, -3.54639, 0, 0, 0, 0, 0, 0, 0, 0, 0, 0, 
0, 0, 0, 0, 0, 0, 0, 0, 0, 0, 0, 0, 0.8987, 0.89704, 0.89234, 
0.89517, 0.90141, 0.90265, 0.90071, 0.90162, 0.90314, 0.89822, 
0.90024, 0.89382, 0.89099, 0.88865, 0.89483, 0.89792, 0.90118, 
0.89878, 0.90162, 0.90314, 0.89659, 0.90046, 0.6838, 0.7979, 
2.3743, 1.8038, 3.6157, 1.2303, 2.0996, 1.5263, 7.0682, 1.8156, 
2.3073, 538.9, 481.2, 525.8, 550.6, 578.8, 750.8, 661.5, 796.7, 
724.1, 796.3, 1012.1, 1923, 1048, 45, 389, 769, 723, 1489, 2006, 
1362, 1477, 1394, 2, 1, 1, 1, 2, 1, 1, 1, 2, 4, 3, 100, 100, 
100, 100, 100, 100, 100, 100, 100, 100, 100, 2500, 2500, 2500, 
2500, 2500, 2500, 2500, 2500, 2500, 2500, 2500, 38341.059, 44488.494, 
47815.83, 54093.384, 59629.087, 69976.2309999999, 78406.329, 
86576.0330000001, 97210.594, 114420.092, 133350.564, 1, 1, 1, 
1, 1, 1, 1, 1, 1, 1, 1, 0.0625, 0.0625, 0.0625, 0.0625, 0.0625, 
0.0625, 0.0625, 0.0625, 0.0625, 0.0625, 0.0625, 0, 0, 0, 0, 0, 
0, 0, 0, 0, 0, 0, 0, 0, 0, 0, 0, 0, 0, 0, 0, 0, 0, 0.89294, 0.89139, 
0.88754, 0.89041, 0.89793, 0.90088, 0.89629, 0.8972, 0.89847, 
0.89659, 0.89316, 0.89115, 0.89259, 0.88828, 0.89007, 0.89508, 
0.90029, 0.8974, 0.8985, 0.90019, 0.89542, 0.89427, 0.5933, 0.7017, 
0.8346, 0.9403, 1.0656, 1.1834, 1.3646, 1.4795, 1.6376, 1.8901, 
2.0887, 522.1, 569.7, 619.6, 647.4, 684.9, 716.4, 773.5, 810.6, 
844.1, 903.1, 955.3, 1, 1, 1, 1, 1, 1, 1, 1, 1, 1, 1, 1, 1, 1, 
1, 1, 1, 1, 1, 1, 1, 1, 1, 1, 1, 1, 1, 1, 1, 1, 1, 1, 1, 1, 1, 
1, 1, 1, 1, 1, 1, 1, 1, 1, 9.867, 10.965, 11.433, 12.604, 14.382, 
15.834, 17.46, 18.461, 20.088, 23.516, 25.545), .Dim = c(11L, 
40L), .Dimnames = list(NULL, c("Sampling", "PSO.cost", "PSO.gamma", 
"PSO.data.balancing", "PSO.feature.selection", "PSO.valid.acc", 
"PSO.test.acc", "PSO.train.time", "PSO.n.support.vectors", "PSO.index", 
"PSO.n.solutions", "PSO.generations", "PSO.n.evaluations", "PSO.cpu.time", 
"RS.cost", "RS.gamma", "RS.data.balancing", "RS.feature.selection", 
"RS.valid.acc", "RS.test.acc", "RS.train.time", "RS.n.support.vectors", 
"RS.index", "RS.n.solutions", "RS.generations", "RS.n.evaluations", 
"RS.cpu.time", "DF.cost", "DF.gamma", "DF.data.balancing", "DF.feature.selection", 
"DF.valid.acc", "DF.test.acc", "DF.train.time", "DF.n.support.vectors", 
"DF.index", "DF.n.solutions", "DF.generations", "DF.n.evaluations", 
"DF.cpu.time")))
