full <-
structure(c(50, 55, 60, 65, 70, 75, 80, 85, 90, 95, 100, 6.97136, 
11.59383, 6.09562, 5.28553, 4.91907, 5.19274, 7.49842, 4.49574, 
7.33644, 13.65102, 2.07757, -7.99268, -12.20129, -7.91627, -7.50766, 
-7.20852, -5.7478, -7.54001, -5.32678, -7.8722, -9.97353, -3.9301, 
0, 0, 0, 0, 0, 0, 0, 0, 0, 0, 0, 0, 0, 0, 0, 0, 0, 0, 0, 0, 0, 
0, 0.90178, 0.90025, 0.89786, 0.89756, 0.89571, 0.89559, 0.89603, 
0.89692, 0.897, 0.89893, 0.90312, 0.90135, 0.89502, 0.89712, 
0.89142, 0.8916, 0.88969, 0.8916, 0.89042, 0.89454, 0.89009, 
0.8987, 0.6447, 0.7743, 0.8556, 0.977, 1.0919, 1.4109, 1.7657, 
1.7909, 2.0591, 8.458, 2.3034, 429.3, 460.5, 519.9, 567.7, 619.5, 
692.7, 703, 787.1, 778.1, 795.9, 967.9, 1255, 771, 652, 1210, 
652, 1637, 729, 1839, 1483, 706, 1083, 24, 31, 81, 106, 68, 29, 
47, 2, 13, 6, 55, 100, 100, 100, 100, 100, 100, 100, 100, 100, 
100, 100, 2500, 2500, 2500, 2500, 2500, 2500, 2500, 2500, 2500, 
2500, 2500, 26397.774, 35559.777, 33360.257, 35889.448, 52502.521, 
46057.807, 55547.684, 54922.1039999999, 68637.6919999999, 187656.631, 
77130.2950000002, 8.52927, 12.14357, 0.80817, 3.70126, 4.90057, 
2.11599, 7.39299, 9.75134, 7.22393, 0.57797, 1.89117, -8.80172, 
-11.76459, -4.81514, -6.64397, -7.23118, -5.90611, -7.48954, 
-8.40727, -7.8926, -3.20307, -3.76781, 0, 0, 0, 0, 0, 0, 0, 0, 
0, 0, 0, 0, 0, 0, 0, 0, 0, 0, 0, 0, 0, 0, 0.9009, 0.89985, 0.89897, 
0.89687, 0.89571, 0.89559, 0.89575, 0.89614, 0.89626, 0.898, 
0.90201, 0.9009, 0.89743, 0.89712, 0.8938, 0.89129, 0.89441, 
0.89188, 0.89432, 0.89553, 0.89754, 0.89825, 0.6673, 0.9118, 
0.8729, 0.9577, 1.0614, 1.2564, 1.6993, 2.6009, 1.9594, 2.2864, 
2.4197, 426.3, 462.3, 575.5, 575.4, 619.9, 687, 703.5, 738.2, 
778.4, 1027.6, 991.2, 34, 2120, 1568, 418, 2190, 1271, 514, 1685, 
2108, 42, 1715, 3, 1, 1, 1, 1, 1, 1, 4, 1, 3, 1, 100, 100, 100, 
100, 100, 100, 100, 100, 100, 100, 100, 2500, 2500, 2500, 2500, 
2500, 2500, 2500, 2500, 2500, 2500, 2500, 36298.127, 41060.59, 
48718.5, 57891.25, 64641.963, 72230.618, 82472.995, 94083.4430000001, 
100369.705, 117757.593, 137143.4, 1, 1, 1, 1, 1, 1, 1, 1, 1, 
1, 1, 0.0625, 0.0625, 0.0625, 0.0625, 0.0625, 0.0625, 0.0625, 
0.0625, 0.0625, 0.0625, 0.0625, 0, 0, 0, 0, 0, 0, 0, 0, 0, 0, 
0, 0, 0, 0, 0, 0, 0, 0, 0, 0, 0, 0, 0.89249, 0.88898, 0.8938, 
0.89177, 0.88907, 0.88938, 0.89049, 0.89224, 0.89037, 0.89171, 
0.89538, 0.89338, 0.89059, 0.8938, 0.89143, 0.88717, 0.88791, 
0.88938, 0.89146, 0.88742, 0.89264, 0.89538, 0.6168, 0.7432, 
0.8826, 0.9922, 1.165, 1.3413, 1.4719, 1.6822, 1.8961, 2.1163, 
2.2786, 510.4, 560.7, 614.3, 658.5, 715.3, 761.2, 797.3, 853.1, 
893.6, 918.7, 951.5, 1, 1, 1, 1, 1, 1, 1, 1, 1, 1, 1, 1, 1, 1, 
1, 1, 1, 1, 1, 1, 1, 1, 1, 1, 1, 1, 1, 1, 1, 1, 1, 1, 1, 1, 1, 
1, 1, 1, 1, 1, 1, 1, 1, 1, 9.19, 10.622, 11.921, 13.269, 14.836, 
16.981, 18.322, 20.597, 22.918, 25.672, 27.291), .Dim = c(11L, 
40L), .Dimnames = list(NULL, c("Sampling", "PSO.cost", "PSO.gamma", 
"PSO.data.balancing", "PSO.feature.selection", "PSO.valid.acc", 
"PSO.test.acc", "PSO.train.time", "PSO.n.support.vectors", "PSO.index", 
"PSO.n.solutions", "PSO.generations", "PSO.n.evaluations", "PSO.cpu.time", 
"RS.cost", "RS.gamma", "RS.data.balancing", "RS.feature.selection", 
"RS.valid.acc", "RS.test.acc", "RS.train.time", "RS.n.support.vectors", 
"RS.index", "RS.n.solutions", "RS.generations", "RS.n.evaluations", 
"RS.cpu.time", "DF.cost", "DF.gamma", "DF.data.balancing", "DF.feature.selection", 
"DF.valid.acc", "DF.test.acc", "DF.train.time", "DF.n.support.vectors", 
"DF.index", "DF.n.solutions", "DF.generations", "DF.n.evaluations", 
"DF.cpu.time")))
