full <-
structure(c(50, 55, 60, 65, 70, 75, 80, 85, 90, 95, 100, 5.7381, 
2.48798, 3.15949, 3.60781, 0.61258, 10.22217, 0.92931, 2.45582, 
3.04103, 2.5009, 1.43006, -7.59436, -5.4265, -5.71428, -6.03325, 
-1.86483, -8.34205, -4.3819, -4.46316, -5.38965, -4.57286, -3.71986, 
0, 0, 0, 0, 0, 0, 0, 0, 0, 0, 0, 0, 0, 0, 0, 0, 0, 0, 0, 0, 0, 
0, 0.90885, 0.9079, 0.90597, 0.90504, 0.9055, 0.90413, 0.90376, 
0.90474, 0.9029, 0.90568, 0.90113, 0.90664, 0.90749, 0.90229, 
0.90301, 0.90076, 0.89853, 0.9021, 0.90239, 0.90093, 0.90172, 
0.90113, 0.529, 0.6514, 0.8147, 0.9186, 1.8451, 2.2772, 1.4054, 
1.5833, 1.7117, 2.0272, 2.2908, 395, 474.4, 511.9, 556, 1137.5, 
619.7, 740, 772.1, 774.2, 856.9, 983.8, 677, 1378, 1869, 1614, 
1995, 1220, 578, 655, 2294, 574, 2184, 167, 64, 17, 51, 1, 60, 
228, 149, 1, 53, 7, 100, 100, 100, 100, 100, 100, 100, 100, 100, 
100, 100, 2500, 2500, 2500, 2500, 2500, 2500, 2500, 2500, 2500, 
2500, 2500, 22540.261, 27457.147, 43305.269, 36498.131, 46860.499, 
70263.036, 52616.545, 53483.068, 60331.004, 70848.808, 135934.66, 
5.92216, 1.56983, 2.83064, 3.52977, 0.71117, 10.36189, 0.96317, 
4.26014, 5.40785, 2.48045, 1.84366, -7.75293, -4.87987, -5.48725, 
-5.94504, -1.83031, -8.33689, -5.13061, -5.48857, -6.56446, -4.6793, 
-3.92338, 0, 0, 0, 0, 0, 0, 0, 0, 0, 0, 0, 0, 0, 0, 0, 0, 0, 
0, 0, 0, 0, 0, 0.90796, 0.90709, 0.90487, 0.90402, 0.90455, 0.90383, 
0.90293, 0.90447, 0.90265, 0.90498, 0.90046, 0.90753, 0.90829, 
0.90229, 0.90301, 0.90012, 0.89912, 0.90099, 0.89953, 0.89946, 
0.90242, 0.90024, 0.5277, 0.7012, 0.7817, 0.9257, 1.872, 2.3604, 
1.3108, 1.6113, 1.8231, 1.9214, 2.3387, 394.5, 492.4, 517.8, 
557, 1153.9, 618.4, 708.7, 731.4, 746.8, 850.3, 964.7, 1699, 
2149, 1291, 2025, 42, 1257, 2481, 691, 1920, 1398, 4, 1, 1, 1, 
1, 1, 1, 1, 1, 1, 1, 1, 100, 100, 100, 100, 100, 100, 100, 100, 
100, 100, 100, 2500, 2500, 2500, 2500, 2500, 2500, 2500, 2500, 
2500, 2500, 2500, 34450.105, 42096.801, 49017.818, 55551.45, 
63575.698, 69763.125, 80095.218, 90347.711, 103087.548, 121018.805, 
130107.27, 1, 1, 1, 1, 1, 1, 1, 1, 1, 1, 1, 0.0625, 0.0625, 0.0625, 
0.0625, 0.0625, 0.0625, 0.0625, 0.0625, 0.0625, 0.0625, 0.0625, 
0, 0, 0, 0, 0, 0, 0, 0, 0, 0, 0, 0, 0, 0, 0, 0, 0, 0, 0, 0, 0, 
0, 0.90222, 0.89783, 0.90007, 0.89892, 0.89917, 0.90265, 0.90044, 
0.89953, 0.90069, 0.89753, 0.89538, 0.90442, 0.89904, 0.90082, 
0.89994, 0.89886, 0.90206, 0.89989, 0.89927, 0.89872, 0.898, 
0.89604, 0.5857, 0.751, 0.842, 1.0003, 1.1215, 1.2552, 1.421, 
1.5725, 1.8047, 1.9999, 2.2697, 480.9, 537.2, 583.6, 629.3, 670.9, 
721.2, 766.1, 807.1, 853.7, 899.2, 949.9, 1, 1, 1, 1, 1, 1, 1, 
1, 1, 1, 1, 1, 1, 1, 1, 1, 1, 1, 1, 1, 1, 1, 1, 1, 1, 1, 1, 1, 
1, 1, 1, 1, 1, 1, 1, 1, 1, 1, 1, 1, 1, 1, 1, 1, 8.941, 10.864, 
11.599, 13.423, 14.579, 16.34, 17.88, 19.278, 22.774, 25.278, 
27.944), .Dim = c(11L, 40L), .Dimnames = list(NULL, c("Sampling", 
"PSO.cost", "PSO.gamma", "PSO.data.balancing", "PSO.feature.selection", 
"PSO.valid.acc", "PSO.test.acc", "PSO.train.time", "PSO.n.support.vectors", 
"PSO.index", "PSO.n.solutions", "PSO.generations", "PSO.n.evaluations", 
"PSO.cpu.time", "RS.cost", "RS.gamma", "RS.data.balancing", "RS.feature.selection", 
"RS.valid.acc", "RS.test.acc", "RS.train.time", "RS.n.support.vectors", 
"RS.index", "RS.n.solutions", "RS.generations", "RS.n.evaluations", 
"RS.cpu.time", "DF.cost", "DF.gamma", "DF.data.balancing", "DF.feature.selection", 
"DF.valid.acc", "DF.test.acc", "DF.train.time", "DF.n.support.vectors", 
"DF.index", "DF.n.solutions", "DF.generations", "DF.n.evaluations", 
"DF.cpu.time")))
