full <-
structure(c(50, 55, 60, 65, 70, 75, 80, 85, 90, 95, 100, 2.02967, 
3.56884, 1.22498, 4.4932, 4.41825, 0.7997, 15, 4.95805, 0.20082, 
2.6767, 3.03791, -4.06992, -5.57863, -3.66718, -5.61914, -5.90951, 
-2.0438, -11.42881, -5.58502, -1.63344, -4.68386, -4.22069, 0, 
0, 0, 0, 0, 0, 0, 0, 0, 0, 0, 0, 0, 0, 0, 0, 0, 0, 0, 0, 0, 0, 
0.90796, 0.90146, 0.90672, 0.90673, 0.90267, 0.90147, 0.90127, 
0.89953, 0.89677, 0.90033, 0.90113, 0.90752, 0.89945, 0.9023, 
0.90366, 0.90172, 0.89823, 0.89518, 0.89666, 0.89308, 0.89614, 
0.89537, 0.6564, 0.6793, 0.9118, 0.973, 1.079, 1.9165, 5.7387, 
1.7509, 3.1694, 2.0634, 2.4523, 494.7, 482.6, 620.3, 558.1, 609.1, 
1105.9, 658.7, 739.3, 1539.3, 863.8, 948.8, 1418, 686, 2197, 
508, 2148, 520, 1036, 1638, 77, 981, 2319, 22, 169, 2, 80, 2, 
57, 3, 5, 54, 72, 3, 100, 100, 100, 100, 100, 100, 100, 100, 
100, 100, 100, 2500, 2500, 2500, 2500, 2500, 2500, 2500, 2500, 
2500, 2500, 2500, 25063.91, 27273.512, 49014.029, 37705.453, 
39259.423, 57105.2, 114771.764, 78294.799, 119586.63, 68613.4350000001, 
76798.777, 3.77746, 6.13976, 1.19208, 6.76239, 3.47156, 0.84062, 
-0.25896, 2.52206, 1.13992, 4.20419, 1.5624, -5.31845, -6.96578, 
-3.98075, -6.56541, -5.49537, -2.04635, -2.35106, -4.54042, -5.04594, 
-5.42267, -3.6347, 0, 0, 0, 0, 0, 0, 0, 0, 0, 0, 0, 0, 0, 0, 
0, 0, 0, 0, 0, 0, 0, 0, 0.90619, 0.89985, 0.90487, 0.90571, 0.90203, 
0.90088, 0.90017, 0.89875, 0.89577, 0.9001, 0.90046, 0.90442, 
0.89986, 0.90229, 0.9023, 0.90267, 0.89794, 0.89684, 0.89615, 
0.8943, 0.89521, 0.89626, 0.6024, 0.7119, 0.8603, 1.0548, 1.0724, 
1.9307, 1.9533, 1.5926, 1.7251, 2.1218, 2.4727, 444, 458.7, 591.3, 
539.6, 617.2, 1104.9, 1042.1, 776.5, 806.2, 834.5, 1004.5, 854, 
277, 2348, 2184, 1713, 2424, 1366, 2252, 400, 2325, 2387, 1, 
4, 1, 1, 2, 1, 1, 1, 2, 1, 1, 100, 100, 100, 100, 100, 100, 100, 
100, 100, 100, 100, 2500, 2500, 2500, 2500, 2500, 2500, 2500, 
2500, 2500, 2500, 2500, 35036.911, 41475.315, 47487.847, 53538.834, 
62309.67, 71178.333, 79151.85, 91681.373, 100104.124, 118174.838, 
134709.653, 1, 1, 1, 1, 1, 1, 1, 1, 1, 1, 1, 0.0625, 0.0625, 
0.0625, 0.0625, 0.0625, 0.0625, 0.0625, 0.0625, 0.0625, 0.0625, 
0.0625, 0, 0, 0, 0, 0, 0, 0, 0, 0, 0, 0, 0, 0, 0, 0, 0, 0, 0, 
0, 0, 0, 0, 0.89779, 0.89381, 0.8975, 0.89583, 0.89444, 0.89587, 
0.8974, 0.89303, 0.89234, 0.89497, 0.89493, 0.90044, 0.89461, 
0.89565, 0.89449, 0.8935, 0.89469, 0.89574, 0.89589, 0.89356, 
0.89521, 0.89471, 0.6046, 0.7308, 0.8598, 0.9485, 1.1203, 1.2825, 
1.4379, 1.6239, 1.8541, 2.0799, 2.1775, 493.4, 540.7, 590.1, 
622.6, 677.2, 715.6, 762.7, 812.3, 864.5, 907.8, 952.3, 1, 1, 
1, 1, 1, 1, 1, 1, 1, 1, 1, 1, 1, 1, 1, 1, 1, 1, 1, 1, 1, 1, 1, 
1, 1, 1, 1, 1, 1, 1, 1, 1, 1, 1, 1, 1, 1, 1, 1, 1, 1, 1, 1, 1, 
8.895, 10.368, 11.691, 12.647, 14.442, 16.354, 17.782, 20.006, 
22.392, 25.036, 26.085), .Dim = c(11L, 40L), .Dimnames = list(
    NULL, c("Sampling", "PSO.cost", "PSO.gamma", "PSO.data.balancing", 
    "PSO.feature.selection", "PSO.valid.acc", "PSO.test.acc", 
    "PSO.train.time", "PSO.n.support.vectors", "PSO.index", "PSO.n.solutions", 
    "PSO.generations", "PSO.n.evaluations", "PSO.cpu.time", "RS.cost", 
    "RS.gamma", "RS.data.balancing", "RS.feature.selection", 
    "RS.valid.acc", "RS.test.acc", "RS.train.time", "RS.n.support.vectors", 
    "RS.index", "RS.n.solutions", "RS.generations", "RS.n.evaluations", 
    "RS.cpu.time", "DF.cost", "DF.gamma", "DF.data.balancing", 
    "DF.feature.selection", "DF.valid.acc", "DF.test.acc", "DF.train.time", 
    "DF.n.support.vectors", "DF.index", "DF.n.solutions", "DF.generations", 
    "DF.n.evaluations", "DF.cpu.time")))
