full <-
structure(c(50, 55, 60, 65, 70, 75, 80, 85, 90, 95, 100, 6.97201, 
2.80374, 7.22717, 7.62454, 1.39332, 8.45539, 2.18715, 2.10967, 
3.10288, 2.77778, 2.05764, -8.12303, -5.26199, -8.33385, -8.14505, 
-4.39193, -8.65221, -4.29248, -3.79748, -5.9263, -4.85396, -3.56015, 
0, 0, 0, 0, 0, 0, 0, 0, 0, 0, 0, 0, 0, 0, 0, 0, 0, 0, 0, 0, 0, 
0, 0.90354, 0.90227, 0.90302, 0.90333, 0.90297, 0.90177, 0.90403, 
0.90344, 0.90168, 0.90033, 0.90201, 0.90442, 0.90147, 0.90155, 
0.89857, 0.90171, 0.89794, 0.90099, 0.89563, 0.89996, 0.89823, 
0.89936, 0.624, 0.7405, 0.8953, 1.0954, 1.1482, 1.4618, 1.4939, 
1.7603, 1.7283, 2.0211, 2.5537, 424.7, 512.7, 509, 544.5, 654.8, 
625.8, 752, 844.3, 773.6, 863.4, 1016.6, 392, 1461, 1520, 1897, 
1302, 1539, 1320, 1444, 1482, 2038, 1169, 58, 35, 24, 1, 117, 
5, 58, 43, 35, 3, 70, 100, 100, 100, 100, 100, 100, 100, 100, 
100, 100, 100, 2500, 2500, 2500, 2500, 2500, 2500, 2500, 2500, 
2500, 2500, 2500, 31739.36, 29339.594, 39995.868, 51884.355, 
39966.385, 51153.251, 48827.312, 62343.9730000001, 65682.986, 
89523.7189999999, 78597.0449999999, 5.85706, 2.59565, 3.19593, 
5.8648, 1.91284, 0.37581, 2.33519, 2.28327, 2.43246, 3.02027, 
2.1121, -7.589, -5.14826, -6.25164, -7.15537, -4.65131, -2.72207, 
-4.37639, -4.09691, -5.56393, -5.244, -3.70943, 0, 0, 0, 0, 0, 
0, 0, 0, 0, 0, 0, 0, 0, 0, 0, 0, 0, 0, 0, 0, 0, 0, 0.9031, 0.90187, 
0.90265, 0.90265, 0.90297, 0.90147, 0.90403, 0.90213, 0.90119, 
0.89963, 0.90113, 0.9031, 0.90147, 0.90228, 0.90095, 0.90456, 
0.89616, 0.90044, 0.89536, 0.89947, 0.89683, 0.89914, 0.5858, 
0.7671, 0.8045, 1.0024, 1.1068, 1.6045, 1.5125, 1.7392, 1.707, 
1.9727, 2.4215, 428.5, 516.8, 531.4, 551.1, 638.7, 912.8, 746.9, 
810.6, 783.8, 845.3, 997.8, 106, 1410, 2145, 779, 884, 2145, 
1445, 1067, 1821, 1345, 266, 6, 1, 2, 3, 1, 1, 1, 1, 1, 1, 1, 
100, 100, 100, 100, 100, 100, 100, 100, 100, 100, 100, 2500, 
2500, 2500, 2500, 2500, 2500, 2500, 2500, 2500, 2500, 2500, 36038.756, 
43140.529, 49413.29, 56239.513, 65124.669, 73390.0429999999, 
80951.249, 89745.749, 102726.903, 119536.499, 134512.812, 1, 
1, 1, 1, 1, 1, 1, 1, 1, 1, 1, 0.0625, 0.0625, 0.0625, 0.0625, 
0.0625, 0.0625, 0.0625, 0.0625, 0.0625, 0.0625, 0.0625, 0, 0, 
0, 0, 0, 0, 0, 0, 0, 0, 0, 0, 0, 0, 0, 0, 0, 0, 0, 0, 0, 0, 0.89469, 
0.89624, 0.89454, 0.8955, 0.89792, 0.89734, 0.89574, 0.89485, 
0.89922, 0.89567, 0.89604, 0.89602, 0.89422, 0.89491, 0.89959, 
0.89697, 0.89469, 0.89574, 0.89641, 0.89774, 0.8945, 0.89626, 
0.688, 0.8219, 0.9224, 1.0215, 1.1594, 1.348, 1.4915, 1.6586, 
1.8664, 2.1022, 2.3617, 532.1, 575.6, 615.6, 653.3, 688.8, 734.3, 
773.7, 821.2, 866.6, 914, 951.9, 1, 1, 1, 1, 1, 1, 1, 1, 1, 1, 
1, 1, 1, 1, 1, 1, 1, 1, 1, 1, 1, 1, 1, 1, 1, 1, 1, 1, 1, 1, 1, 
1, 1, 1, 1, 1, 1, 1, 1, 1, 1, 1, 1, 1, 9.844, 11.512, 12.395, 
13.223, 14.752, 17.119, 18.386, 20.182, 22.413, 25.123, 27.977
), .Dim = c(11L, 40L), .Dimnames = list(NULL, c("Sampling", "PSO.cost", 
"PSO.gamma", "PSO.data.balancing", "PSO.feature.selection", "PSO.valid.acc", 
"PSO.test.acc", "PSO.train.time", "PSO.n.support.vectors", "PSO.index", 
"PSO.n.solutions", "PSO.generations", "PSO.n.evaluations", "PSO.cpu.time", 
"RS.cost", "RS.gamma", "RS.data.balancing", "RS.feature.selection", 
"RS.valid.acc", "RS.test.acc", "RS.train.time", "RS.n.support.vectors", 
"RS.index", "RS.n.solutions", "RS.generations", "RS.n.evaluations", 
"RS.cpu.time", "DF.cost", "DF.gamma", "DF.data.balancing", "DF.feature.selection", 
"DF.valid.acc", "DF.test.acc", "DF.train.time", "DF.n.support.vectors", 
"DF.index", "DF.n.solutions", "DF.generations", "DF.n.evaluations", 
"DF.cpu.time")))
