full <-
structure(c(50, 55, 60, 65, 70, 75, 80, 85, 90, 95, 100, 6.01214, 
3.9769, 1.85491, 13.78412, 2.82466, 3.07885, 1.30514, 0.80575, 
2.56823, 14.98733, 1.43845, -7.11671, -6.50748, -2.72869, -10.63305, 
-4.45045, -5.76218, -3.36535, -3.50788, -5.19221, -12.42666, 
-3.58172, 0, 0, 0, 0, 0, 0, 0, 0, 0, 0, 0, 0, 0, 0, 0, 0, 0, 
0, 0, 0, 0, 0, 0.89868, 0.89783, 0.89824, 0.90197, 0.90044, 0.90029, 
0.90293, 0.9024, 0.90118, 0.90033, 0.90223, 0.89337, 0.89462, 
0.89271, 0.89278, 0.89571, 0.89735, 0.89602, 0.89901, 0.89774, 
0.8973, 0.8987, 0.6121, 0.6746, 1.1177, 3.2037, 1.1709, 1.1724, 
1.6322, 1.7136, 1.674, 5.3875, 2.331, 442, 483.6, 776.4, 543.8, 
656.6, 653.3, 843.2, 864.5, 788.3, 779.7, 1009.5, 762, 2359, 
1688, 2199, 1335, 1625, 1365, 1379, 1477, 2453, 2498, 71, 1, 
26, 1, 102, 27, 130, 61, 2, 2, 1, 100, 100, 100, 100, 100, 100, 
100, 100, 100, 100, 100, 2500, 2500, 2500, 2500, 2500, 2500, 
2500, 2500, 2500, 2500, 2500, 25201.808, 25742.655, 37185.28, 
90339.176, 41892.704, 44349.088, 52502.9349999999, 59033.451, 
85119.449, 120282.277, 127707.825, 1.12928, 0.93503, 1.73455, 
14.67114, 2.58763, 2.69333, 1.45011, 0.77116, 2.3787, 14.47924, 
1.47891, -3.89908, -3.39863, -2.69954, -11.05254, -5.24576, -5.37187, 
-3.48519, -3.65, -4.39037, -12.14037, -3.44864, 0, 0, 0, 0, 0, 
0, 0, 0, 0, 0, 0, 0, 0, 0, 0, 0, 0, 0, 0, 0, 0, 0, 0.89867, 0.89864, 
0.89676, 0.90095, 0.89919, 0.89912, 0.90127, 0.90084, 0.90068, 
0.89986, 0.90113, 0.89735, 0.89543, 0.89271, 0.89243, 0.8957, 
0.89823, 0.89629, 0.89901, 0.89921, 0.89753, 0.89759, 0.6361, 
0.8004, 1.1141, 3.9847, 1.0756, 1.1815, 1.6035, 1.6781, 1.8059, 
5.1589, 2.3938, 523.6, 608.2, 782.2, 543.3, 621.1, 658.8, 829.1, 
845.1, 834.5, 780.3, 1030.3, 1427, 890, 1693, 231, 2480, 196, 
1158, 408, 1853, 330, 145, 1, 2, 1, 1, 1, 1, 1, 1, 1, 3, 1, 100, 
100, 100, 100, 100, 100, 100, 100, 100, 100, 100, 2500, 2500, 
2500, 2500, 2500, 2500, 2500, 2500, 2500, 2500, 2500, 37048.401, 
43030.303, 49381.821, 56580.3, 65128.531, 70532.459, 79099.15, 
88979.165, 99864.808, 124664.906, 130257.904, 1, 1, 1, 1, 1, 
1, 1, 1, 1, 1, 1, 0.0625, 0.0625, 0.0625, 0.0625, 0.0625, 0.0625, 
0.0625, 0.0625, 0.0625, 0.0625, 0.0625, 0, 0, 0, 0, 0, 0, 0, 
0, 0, 0, 0, 0, 0, 0, 0, 0, 0, 0, 0, 0, 0, 0, 0.89336, 0.89541, 
0.89197, 0.89516, 0.89476, 0.89705, 0.89795, 0.89745, 0.89749, 
0.89614, 0.89272, 0.8938, 0.89301, 0.89197, 0.8955, 0.89571, 
0.8944, 0.89574, 0.90005, 0.89577, 0.89497, 0.89405, 0.6263, 
0.733, 0.8788, 1.0073, 1.153, 1.2582, 1.4286, 1.6402, 1.7955, 
2.1278, 2.2308, 511.7, 552.2, 602.6, 636.8, 676.5, 724.3, 774.1, 
807.9, 855.9, 911.4, 953.2, 1, 1, 1, 1, 1, 1, 1, 1, 1, 1, 1, 
1, 1, 1, 1, 1, 1, 1, 1, 1, 1, 1, 1, 1, 1, 1, 1, 1, 1, 1, 1, 1, 
1, 1, 1, 1, 1, 1, 1, 1, 1, 1, 1, 1, 9.144, 10.27, 11.949, 13.339, 
14.835, 15.798, 17.655, 20.124, 21.78, 26.392, 27.524), .Dim = c(11L, 
40L), .Dimnames = list(NULL, c("Sampling", "PSO.cost", "PSO.gamma", 
"PSO.data.balancing", "PSO.feature.selection", "PSO.valid.acc", 
"PSO.test.acc", "PSO.train.time", "PSO.n.support.vectors", "PSO.index", 
"PSO.n.solutions", "PSO.generations", "PSO.n.evaluations", "PSO.cpu.time", 
"RS.cost", "RS.gamma", "RS.data.balancing", "RS.feature.selection", 
"RS.valid.acc", "RS.test.acc", "RS.train.time", "RS.n.support.vectors", 
"RS.index", "RS.n.solutions", "RS.generations", "RS.n.evaluations", 
"RS.cpu.time", "DF.cost", "DF.gamma", "DF.data.balancing", "DF.feature.selection", 
"DF.valid.acc", "DF.test.acc", "DF.train.time", "DF.n.support.vectors", 
"DF.index", "DF.n.solutions", "DF.generations", "DF.n.evaluations", 
"DF.cpu.time")))
