full <-
structure(c(50, 55, 60, 65, 70, 75, 80, 85, 90, 95, 100, 15, 
1.5663, 3.58682, 12.6528, 2.6045, 0.68967, 1.6274, 1.80897, 9.62314, 
7.70068, 3.88335, -12.24684, -4.81438, -5.82063, -14.70566, -4.97647, 
-2.17349, -3.86018, -2.97518, -14.74088, -7.19521, -6.51211, 
0, 0, 0, 0, 0, 0, 0, 0, 0, 0, 0, 0, 0, 0, 0, 0, 0, 0, 0, 0, 0, 
0, 0.90221, 0.90467, 0.89933, 0.89619, 0.90012, 0.9003, 0.90155, 
0.90213, 0.89627, 0.90079, 0.90024, 0.89779, 0.90024, 0.89601, 
0.89347, 0.89538, 0.89381, 0.89657, 0.89901, 0.89405, 0.89707, 
0.89781, 1.7912, 0.7056, 0.8221, 0.9625, 1.0851, 1.8603, 1.517, 
2.0413, 1.7226, 2.4179, 2.1231, 403.5, 503.3, 525, 519.6, 641, 
1078.4, 798, 980.4, 767.9, 794.9, 848.6, 492, 775, 1707, 136, 
2185, 834, 1386, 843, 1794, 620, 796, 2, 203, 48, 546, 6, 43, 
173, 155, 2, 32, 118, 100, 100, 100, 100, 100, 100, 100, 100, 
100, 100, 100, 2500, 2500, 2500, 2500, 2500, 2500, 2500, 2500, 
2500, 2500, 2500, 33444.523, 27545.747, 38304.611, 37808.911, 
60956.717, 56106.391, 53074.659, 64637.2189999999, 58846.113, 
78111.644, 75561.5380000002, 8.56776, 3.05509, 3.53305, 3.04636, 
2.39734, 1.24418, 1.07193, 12.2044, 9.2937, 9.06631, 5.07476, 
-10.21561, -5.37975, -5.88086, -4.21344, -4.844, -2.05387, -3.52939, 
-9.44158, -8.59546, -8.20486, -7.20268, 0, 0, 0, 0, 0, 0, 0, 
0, 0, 0, 0, 0, 0, 0, 0, 0, 0, 0, 0, 0, 0, 0, 0.90133, 0.90347, 
0.89896, 0.89756, 0.89917, 0.9, 0.90072, 0.90135, 0.89675, 0.90056, 
0.89958, 0.89956, 0.90145, 0.89638, 0.89551, 0.89601, 0.89352, 
0.89602, 0.89771, 0.897, 0.89753, 0.8967, 0.5795, 0.679, 0.8091, 
1.0425, 1.0834, 1.9634, 1.5917, 4.3606, 2.4319, 2.7606, 2.0932, 
402.9, 488.2, 523.2, 648, 645.4, 1130.7, 831.5, 709.8, 750.4, 
786.4, 841, 22, 1782, 723, 1900, 1411, 301, 1467, 1451, 240, 
1782, 1293, 6, 2, 1, 1, 1, 2, 1, 2, 1, 3, 2, 100, 100, 100, 100, 
100, 100, 100, 100, 100, 100, 100, 2500, 2500, 2500, 2500, 2500, 
2500, 2500, 2500, 2500, 2500, 2500, 37491.17, 42854.964, 52289.249, 
59244.306, 65251.247, 74407.53, 83150.8520000001, 95508.9870000001, 
104321.131, 119485.632, 136742.172, 1, 1, 1, 1, 1, 1, 1, 1, 1, 
1, 1, 0.0625, 0.0625, 0.0625, 0.0625, 0.0625, 0.0625, 0.0625, 
0.0625, 0.0625, 0.0625, 0.0625, 0, 0, 0, 0, 0, 0, 0, 0, 0, 0, 
0, 0, 0, 0, 0, 0, 0, 0, 0, 0, 0, 0, 0.89381, 0.89099, 0.88975, 
0.89108, 0.89033, 0.89234, 0.89242, 0.89459, 0.89356, 0.89614, 
0.89648, 0.89204, 0.8938, 0.89159, 0.89175, 0.89001, 0.89234, 
0.89353, 0.89563, 0.89282, 0.89381, 0.89671, 0.6452, 0.7552, 
0.8644, 1.0057, 1.1619, 1.302, 1.5265, 1.6452, 1.808, 1.9904, 
2.2881, 502.1, 544.8, 595, 643.2, 696.9, 733.6, 776.9, 822.8, 
868.7, 908.8, 957.1, 1, 1, 1, 1, 1, 1, 1, 1, 1, 1, 1, 1, 1, 1, 
1, 1, 1, 1, 1, 1, 1, 1, 1, 1, 1, 1, 1, 1, 1, 1, 1, 1, 1, 1, 1, 
1, 1, 1, 1, 1, 1, 1, 1, 1, 9.661, 10.809, 12.567, 14.421, 15.891, 
17.364, 19.801, 20.977, 21.991, 24.798, 28.374), .Dim = c(11L, 
40L), .Dimnames = list(NULL, c("Sampling", "PSO.cost", "PSO.gamma", 
"PSO.data.balancing", "PSO.feature.selection", "PSO.valid.acc", 
"PSO.test.acc", "PSO.train.time", "PSO.n.support.vectors", "PSO.index", 
"PSO.n.solutions", "PSO.generations", "PSO.n.evaluations", "PSO.cpu.time", 
"RS.cost", "RS.gamma", "RS.data.balancing", "RS.feature.selection", 
"RS.valid.acc", "RS.test.acc", "RS.train.time", "RS.n.support.vectors", 
"RS.index", "RS.n.solutions", "RS.generations", "RS.n.evaluations", 
"RS.cpu.time", "DF.cost", "DF.gamma", "DF.data.balancing", "DF.feature.selection", 
"DF.valid.acc", "DF.test.acc", "DF.train.time", "DF.n.support.vectors", 
"DF.index", "DF.n.solutions", "DF.generations", "DF.n.evaluations", 
"DF.cpu.time")))
