full <-
structure(c(50, 55, 60, 65, 70, 75, 80, 85, 90, 95, 100, 13.63646, 
14.93696, 12.32165, 3.87018, 2.39267, 10.10163, 2.46904, 4.07169, 
2.98827, 2.45073, 1.59823, -12.64567, -12.70339, -10.21379, -4.72339, 
-4.48326, -8.33996, -3.69465, -5.55168, -4.21208, -4.72074, -3.97385, 
0, 0, 0, 0, 0, 0, 0, 0, 0, 0, 0, 0, 0, 0, 0, 0, 0, 0, 0, 0, 0, 
0, 0.89958, 0.90226, 0.90045, 0.90198, 0.89981, 0.89646, 0.90044, 
0.90031, 0.90241, 0.90126, 0.8998, 0.89736, 0.89744, 0.8975, 
0.89517, 0.89507, 0.89321, 0.89656, 0.89771, 0.89823, 0.89661, 
0.89693, 0.8798, 1.6404, 1.6943, 1.0653, 1.1828, 2.1691, 1.6139, 
1.6823, 1.92, 2.0101, 2.3703, 416, 464.3, 513.1, 624.2, 681.5, 
638.1, 829, 758.2, 854.4, 864.2, 959.7, 1128, 1502, 22, 789, 
1746, 1364, 1261, 1304, 2310, 2185, 1107, 2, 1, 88, 101, 2, 14, 
55, 45, 105, 3, 61, 100, 100, 100, 100, 100, 100, 100, 100, 100, 
100, 100, 2500, 2500, 2500, 2500, 2500, 2500, 2500, 2500, 2500, 
2500, 2500, 29790.284, 45553.796, 50039.359, 36827.59, 42399.357, 
87065.159, 52740.7289999999, 55025.3559999999, 56529.1449999999, 
71480.9140000001, 82657.7759999998, 8.96126, 14.07071, 14.56369, 
1.37609, 2.42719, 1.8443, 2.21476, 4.32568, 4.69553, 2.81527, 
12.42655, -10.18484, -12.02424, -11.32047, -3.48721, -4.5153, 
-3.6326, -3.6046, -5.7131, -6.63884, -4.94689, -9.74732, 0, 0, 
0, 0, 0, 0, 0, 0, 0, 0, 0, 0, 0, 0, 0, 0, 0, 0, 0, 0, 0, 0, 0.89914, 
0.90146, 0.90045, 0.9013, 0.89949, 0.89616, 0.89961, 0.89953, 
0.90241, 0.90056, 0.89914, 0.89824, 0.90146, 0.8975, 0.89619, 
0.89476, 0.89115, 0.89629, 0.89797, 0.90044, 0.89684, 0.89759, 
0.5943, 1.4715, 2.6677, 1.1168, 1.1733, 1.422, 1.6337, 1.6474, 
1.7509, 2.0319, 5.6348, 421.7, 465.2, 511.7, 717.3, 680.8, 789.6, 
839.6, 751.9, 767.2, 853, 826.9, 301, 316, 92, 2395, 1792, 2145, 
1039, 1784, 370, 2287, 2032, 3, 1, 1, 1, 1, 1, 2, 1, 1, 1, 1, 
100, 100, 100, 100, 100, 100, 100, 100, 100, 100, 100, 2500, 
2500, 2500, 2500, 2500, 2500, 2500, 2500, 2500, 2500, 2500, 36769.109, 
42820.438, 49582.886, 56311.748, 63688.018, 71514.349, 80208.233, 
91237.537, 104070.192, 118376.691, 133843.384, 1, 1, 1, 1, 1, 
1, 1, 1, 1, 1, 1, 0.0625, 0.0625, 0.0625, 0.0625, 0.0625, 0.0625, 
0.0625, 0.0625, 0.0625, 0.0625, 0.0625, 0, 0, 0, 0, 0, 0, 0, 
0, 0, 0, 0, 0, 0, 0, 0, 0, 0, 0, 0, 0, 0, 0, 0.89559, 0.89261, 
0.8916, 0.89177, 0.89159, 0.88968, 0.8938, 0.89224, 0.89676, 
0.89451, 0.89494, 0.89469, 0.8914, 0.89344, 0.89177, 0.89191, 
0.88997, 0.89215, 0.89172, 0.897, 0.89194, 0.8956, 0.641, 0.7708, 
0.9099, 1.0153, 1.1972, 1.3367, 1.4633, 1.6689, 1.8476, 2.0789, 
2.2639, 520.6, 569.3, 609.5, 651.6, 699.7, 743.1, 785.5, 829.9, 
864.8, 909.4, 954.1, 1, 1, 1, 1, 1, 1, 1, 1, 1, 1, 1, 1, 1, 1, 
1, 1, 1, 1, 1, 1, 1, 1, 1, 1, 1, 1, 1, 1, 1, 1, 1, 1, 1, 1, 1, 
1, 1, 1, 1, 1, 1, 1, 1, 1, 9.342, 10.804, 12.239, 13.326, 15.321, 
17, 18.036, 20.494, 22.355, 24.96, 26.865), .Dim = c(11L, 40L
), .Dimnames = list(NULL, c("Sampling", "PSO.cost", "PSO.gamma", 
"PSO.data.balancing", "PSO.feature.selection", "PSO.valid.acc", 
"PSO.test.acc", "PSO.train.time", "PSO.n.support.vectors", "PSO.index", 
"PSO.n.solutions", "PSO.generations", "PSO.n.evaluations", "PSO.cpu.time", 
"RS.cost", "RS.gamma", "RS.data.balancing", "RS.feature.selection", 
"RS.valid.acc", "RS.test.acc", "RS.train.time", "RS.n.support.vectors", 
"RS.index", "RS.n.solutions", "RS.generations", "RS.n.evaluations", 
"RS.cpu.time", "DF.cost", "DF.gamma", "DF.data.balancing", "DF.feature.selection", 
"DF.valid.acc", "DF.test.acc", "DF.train.time", "DF.n.support.vectors", 
"DF.index", "DF.n.solutions", "DF.generations", "DF.n.evaluations", 
"DF.cpu.time")))
