full <-
structure(c(50, 55, 60, 65, 70, 75, 80, 85, 90, 95, 100, 3.56863, 
3.00268, 1.64068, 14.19117, 1.125, 2.82611, 3.66298, 1.22132, 
14.97102, 3.05217, 2.39176, -7.09935, -4.7496, -2.46788, -12.29366, 
-3.37522, -4.78624, -5.20535, -3.61932, -11.57313, -4.36608, 
-4.0987, 0, 0, 0, 0, 0, 0, 0, 0, 0, 0, 0, 0, 0, 0, 0, 0, 0, 0, 
0, 0, 0, 0, 0.89471, 0.89743, 0.8975, 0.89722, 0.8976, 0.90206, 
0.89878, 0.9024, 0.89823, 0.90335, 0.8998, 0.89205, 0.89542, 
0.89049, 0.89246, 0.89381, 0.90088, 0.89768, 0.90137, 0.89749, 
0.89799, 0.89692, 0.5645, 0.7276, 1.1807, 2.0855, 1.2505, 1.2411, 
1.4759, 1.736, 6.7334, 2.0447, 2.4154, 457.2, 523.6, 823.9, 545.7, 
757.7, 683.6, 721.7, 860.4, 749, 891.5, 953.5, 1192, 1750, 547, 
2342, 1380, 1516, 871, 1029, 1940, 1768, 1584, 41, 4, 105, 15, 
155, 42, 27, 312, 1, 43, 4, 100, 100, 100, 100, 100, 100, 100, 
100, 100, 100, 100, 2500, 2500, 2500, 2500, 2500, 2500, 2500, 
2500, 2500, 2500, 2500, 33023.666, 34542.927, 41538.642, 62120.043, 
46080.724, 54804.384, 59822.429, 56081.6799999999, 161834.085, 
68282.1909999999, 76015.3700000001, 4.29711, 4.48001, 1.69582, 
14.24908, 0.78467, 14.83003, 3.77169, 0.89751, 4.5377, 1.35113, 
1.55929, -7.58717, -5.41655, -2.48903, -12.25476, -3.22233, -10.95091, 
-5.40608, -3.75952, -5.38085, -3.60343, -3.24845, 0, 0, 0, 0, 
0, 0, 0, 0, 0, 0, 0, 0, 0, 0, 0, 0, 0, 0, 0, 0, 0, 0, 0.89382, 
0.89622, 0.89639, 0.89654, 0.89634, 0.90235, 0.89795, 0.9011, 
0.89773, 0.90312, 0.89936, 0.89161, 0.89099, 0.89123, 0.89212, 
0.89349, 0.90206, 0.89823, 0.89824, 0.89995, 0.898, 0.89493, 
0.5682, 0.7511, 1.1933, 2.1196, 1.2429, 4.6995, 1.4174, 1.6611, 
1.8794, 2.1401, 2.4218, 454.6, 506, 820.4, 545.1, 774.7, 620.5, 
712.8, 843, 799.1, 959.8, 1070.3, 1510, 619, 1511, 1211, 68, 
1787, 526, 1775, 1616, 1393, 2277, 1, 1, 1, 1, 2, 2, 2, 1, 1, 
1, 1, 100, 100, 100, 100, 100, 100, 100, 100, 100, 100, 100, 
2500, 2500, 2500, 2500, 2500, 2500, 2500, 2500, 2500, 2500, 2500, 
37435.012, 45242.143, 51282.856, 56284.627, 63342.32, 70578.8589999999, 
80791.9180000001, 91763.2340000001, 102354.451, 117015.761, 131822.401, 
1, 1, 1, 1, 1, 1, 1, 1, 1, 1, 1, 0.0625, 0.0625, 0.0625, 0.0625, 
0.0625, 0.0625, 0.0625, 0.0625, 0.0625, 0.0625, 0.0625, 0, 0, 
0, 0, 0, 0, 0, 0, 0, 0, 0, 0, 0, 0, 0, 0, 0, 0, 0, 0, 0, 0, 0.88453, 
0.88938, 0.89085, 0.89109, 0.89002, 0.89351, 0.89325, 0.89459, 
0.89356, 0.89706, 0.89626, 0.88497, 0.88938, 0.89086, 0.88973, 
0.89128, 0.8944, 0.89325, 0.89564, 0.89479, 0.8959, 0.89582, 
0.627, 0.7529, 0.8927, 1.0038, 1.1327, 1.2856, 1.4876, 1.6112, 
1.807, 2.0463, 2.1371, 526, 555.5, 612, 655.4, 696, 735.1, 790.9, 
822.4, 878.7, 914.6, 952.1, 1, 1, 1, 1, 1, 1, 1, 1, 1, 1, 1, 
1, 1, 1, 1, 1, 1, 1, 1, 1, 1, 1, 1, 1, 1, 1, 1, 1, 1, 1, 1, 1, 
1, 1, 1, 1, 1, 1, 1, 1, 1, 1, 1, 1, 9.496, 11.607, 13.065, 13.239, 
14.534, 16.46, 18.491, 19.882, 22.576, 24.713, 26.026), .Dim = c(11L, 
40L), .Dimnames = list(NULL, c("Sampling", "PSO.cost", "PSO.gamma", 
"PSO.data.balancing", "PSO.feature.selection", "PSO.valid.acc", 
"PSO.test.acc", "PSO.train.time", "PSO.n.support.vectors", "PSO.index", 
"PSO.n.solutions", "PSO.generations", "PSO.n.evaluations", "PSO.cpu.time", 
"RS.cost", "RS.gamma", "RS.data.balancing", "RS.feature.selection", 
"RS.valid.acc", "RS.test.acc", "RS.train.time", "RS.n.support.vectors", 
"RS.index", "RS.n.solutions", "RS.generations", "RS.n.evaluations", 
"RS.cpu.time", "DF.cost", "DF.gamma", "DF.data.balancing", "DF.feature.selection", 
"DF.valid.acc", "DF.test.acc", "DF.train.time", "DF.n.support.vectors", 
"DF.index", "DF.n.solutions", "DF.generations", "DF.n.evaluations", 
"DF.cpu.time")))
