full <-
structure(c(50, 55, 60, 65, 70, 75, 80, 85, 90, 95, 100, 1.39609, 
0.87481, 1.20256, 0.90651, 0.93481, 1.08899, 14.82638, 0.37147, 
0.1232, 12.70133, -0.19678, -0.07872, 0.98618, 0.79219, 0.80213, 
0.65307, 0.88033, -5.92287, 2.03451, 1.49294, -5.28766, 2.39093, 
0, 0, 0, 0, 0, 0, 0, 0, 0, 0, 0, 0, 0, 0, 0, 0, 0, 0, 0, 0, 0, 
0, 0.91408, 0.91398, 0.91436, 0.91417, 0.92027, 0.91995, 0.91117, 
0.9144, 0.91631, 0.91716, 0.91881, 0.90552, 0.90939, 0.90726, 
0.91034, 0.91301, 0.92106, 0.90592, 0.91242, 0.91444, 0.91449, 
0.9188, 0.0438, 0.0632, 0.06, 0.0699, 0.0708, 0.0879, 5.7102, 
0.2077, 0.1638, 4.2042, 0.3333, 150, 224.4, 216.3, 235.8, 227.7, 
260.4, 159.3, 490.4, 392.9, 189.2, 608, 1046, 1604, 1007, 1087, 
1445, 2483, 18, 842, 912, 359, 1227, 55, 93, 183, 88, 33, 1, 
159, 124, 31, 106, 107, 100, 100, 100, 100, 100, 100, 100, 100, 
100, 100, 100, 2500, 2500, 2500, 2500, 2500, 2500, 2500, 2500, 
2500, 2500, 2500, 7168.408, 7121.091, 8146.272, 8664.236, 9366.789, 
9769.90399999999, 36666.75, 13435.741, 20965.119, 84658.977, 
19122.386, 1.00958, 1.08707, 0.98156, 1.00663, 1.52971, 0.60779, 
0.02893, 0.40088, 0.03681, 0.30163, -0.29013, 0.22685, 0.3596, 
0.83653, 0.77705, 0.86482, 1.3925, 2.30665, 2.17709, 0.535, 1.72152, 
2.3599, 0, 0, 0, 0, 0, 0, 0, 0, 0, 0, 0, 0, 0, 0, 0, 0, 0, 0, 
0, 0, 0, 0, 0.91242, 0.90936, 0.91158, 0.91289, 0.91785, 0.91883, 
0.9122, 0.91341, 0.91536, 0.91805, 0.91881, 0.91061, 0.91093, 
0.91009, 0.91036, 0.91059, 0.91994, 0.91116, 0.91142, 0.91536, 
0.91539, 0.91796, 0.0422, 0.05, 0.0606, 0.0682, 0.071, 0.1084, 
0.202, 0.2096, 0.1089, 0.2137, 0.3276, 162.3, 180.6, 223, 232.1, 
235.1, 335.7, 505.9, 513.5, 265.1, 453.5, 601.5, 604, 2055, 146, 
472, 424, 1084, 46, 1571, 417, 1485, 17, 1, 1, 1, 1, 4, 1, 1, 
1, 2, 1, 3, 100, 100, 100, 100, 100, 100, 100, 100, 100, 100, 
100, 2500, 2500, 2500, 2500, 2500, 2500, 2500, 2500, 2500, 2500, 
2500, 9151.618, 10692.543, 11212.248, 11249.833, 12043.946, 13602.11, 
16473.902, 20300.333, 23106.068, 25100.019, 27291.648, 1, 1, 
1, 1, 1, 1, 1, 1, 1, 1, 1, 0.33333, 0.33333, 0.33333, 0.33333, 
0.33333, 0.33333, 0.33333, 0.33333, 0.33333, 0.33333, 0.33333, 
0, 0, 0, 0, 0, 0, 0, 0, 0, 0, 0, 0, 0, 0, 0, 0, 0, 0, 0, 0, 0, 
0, 0.90543, 0.90314, 0.90573, 0.90896, 0.91422, 0.91543, 0.91116, 
0.91139, 0.91349, 0.91539, 0.91626, 0.90543, 0.90314, 0.90573, 
0.90896, 0.91422, 0.91543, 0.91116, 0.91139, 0.91349, 0.91539, 
0.91626, 0.0393, 0.0465, 0.0537, 0.0616, 0.0655, 0.0795, 0.0943, 
0.1078, 0.1139, 0.1303, 0.1399, 132.9, 145.9, 158.1, 163.1, 168.2, 
186.5, 210.6, 225.8, 231.8, 236.2, 241, 1, 1, 1, 1, 1, 1, 1, 
1, 1, 1, 1, 1, 1, 1, 1, 1, 1, 1, 1, 1, 1, 1, 1, 1, 1, 1, 1, 1, 
1, 1, 1, 1, 1, 1, 1, 1, 1, 1, 1, 1, 1, 1, 1, 1, 2.585, 2.635, 
2.737, 2.932, 2.881, 3.064, 3.193, 3.398, 4.123, 4.553, 4.616
), .Dim = c(11L, 40L), .Dimnames = list(NULL, c("Sampling", "PSO.cost", 
"PSO.gamma", "PSO.data.balancing", "PSO.feature.selection", "PSO.valid.acc", 
"PSO.test.acc", "PSO.train.time", "PSO.n.support.vectors", "PSO.index", 
"PSO.n.solutions", "PSO.generations", "PSO.n.evaluations", "PSO.cpu.time", 
"RS.cost", "RS.gamma", "RS.data.balancing", "RS.feature.selection", 
"RS.valid.acc", "RS.test.acc", "RS.train.time", "RS.n.support.vectors", 
"RS.index", "RS.n.solutions", "RS.generations", "RS.n.evaluations", 
"RS.cpu.time", "DF.cost", "DF.gamma", "DF.data.balancing", "DF.feature.selection", 
"DF.valid.acc", "DF.test.acc", "DF.train.time", "DF.n.support.vectors", 
"DF.index", "DF.n.solutions", "DF.generations", "DF.n.evaluations", 
"DF.cpu.time")))
