full <-
structure(c(50, 55, 60, 65, 70, 75, 80, 85, 90, 95, 100, 0.73291, 
0.24748, 0.77973, 11.16271, 7.85591, 0.13767, 0.07033, 0.40749, 
-0.1655, 0.0478, 0.41793, -0.761, 2.19797, 1.82609, -4.6897, 
-3.58195, 1.29232, 0.28433, 0.88253, 1.24987, 2.81845, 1.73941, 
0, 0, 0, 0, 0, 0, 0, 0, 0, 0, 0, 0, 0, 0, 0, 0, 0, 0, 0, 0, 0, 
0, 0.90551, 0.9081, 0.9113, 0.90764, 0.91297, 0.91538, 0.91645, 
0.91641, 0.91822, 0.91891, 0.92133, 0.8987, 0.90663, 0.91128, 
0.9037, 0.9069, 0.91427, 0.91538, 0.91536, 0.91638, 0.91802, 
0.91795, 0.0494, 0.1157, 0.1231, 0.549, 0.1757, 0.1147, 0.0913, 
0.1092, 0.1445, 0.4026, 0.2302, 161, 384.7, 369.3, 139.3, 146.7, 
345, 246.8, 295.6, 353.5, 669.5, 478.4, 484, 1441, 349, 262, 
236, 1685, 263, 624, 228, 673, 374, 176, 16, 929, 216, 136, 33, 
630, 252, 305, 171, 589, 100, 100, 100, 100, 100, 100, 100, 100, 
100, 100, 100, 2500, 2500, 2500, 2500, 2500, 2500, 2500, 2500, 
2500, 2500, 2500, 8449.257, 11982.036, 9149.373, 35792.492, 13060.431, 
10731.482, 9063.087, 13193.921, 12512.317, 14494.832, 14140.767, 
1.1133, 0.87793, 0.49235, 12.65125, 6.29319, -0.24161, 0.4854, 
0.14885, 0.26481, 0.25911, 0.60713, -1.02602, -0.51528, 2.04782, 
-5.28734, -3.15942, 0.34798, -0.85849, 0.25982, 1.14005, 2.18082, 
1.60851, 0, 0, 0, 0, 0, 0, 0, 0, 0, 0, 0, 0, 0, 0, 0, 0, 0, 0, 
0, 0, 0, 0, 0.90551, 0.90808, 0.9113, 0.90764, 0.91297, 0.91425, 
0.91645, 0.91638, 0.9173, 0.91803, 0.92049, 0.8987, 0.90507, 
0.90985, 0.90633, 0.91052, 0.91426, 0.91328, 0.91536, 0.91638, 
0.91354, 0.91796, 0.047, 0.0542, 0.124, 1.0242, 0.1177, 0.0939, 
0.0897, 0.0981, 0.1374, 0.2773, 0.2065, 153.3, 171.2, 393.2, 
138.6, 147, 257.6, 209.2, 242.6, 333.1, 543.7, 444.8, 980, 460, 
669, 374, 454, 1044, 43, 1312, 1137, 33, 2177, 1, 1, 2, 9, 3, 
3, 5, 4, 2, 3, 1, 100, 100, 100, 100, 100, 100, 100, 100, 100, 
100, 100, 2500, 2500, 2500, 2500, 2500, 2500, 2500, 2500, 2500, 
2500, 2500, 9260.374, 9817.51, 10528.108, 11844.985, 12896.254, 
14143.092, 16333.883, 20352.41, 21191.754, 23839.782, 26856.946, 
1, 1, 1, 1, 1, 1, 1, 1, 1, 1, 1, 0.33333, 0.33333, 0.33333, 0.33333, 
0.33333, 0.33333, 0.33333, 0.33333, 0.33333, 0.33333, 0.33333, 
0, 0, 0, 0, 0, 0, 0, 0, 0, 0, 0, 0, 0, 0, 0, 0, 0, 0, 0, 0, 0, 
0, 0.89531, 0.9019, 0.90701, 0.90243, 0.90574, 0.90636, 0.9101, 
0.9124, 0.91449, 0.91535, 0.91625, 0.89531, 0.90192, 0.90701, 
0.90375, 0.90452, 0.90748, 0.9101, 0.9124, 0.91355, 0.91535, 
0.91625, 0.0449, 0.0494, 0.0579, 0.0679, 0.0755, 0.0739, 0.0922, 
0.0991, 0.1122, 0.1215, 0.1337, 150.7, 154.2, 168.1, 178.6, 184, 
186.9, 210.4, 211.2, 217.8, 227.5, 239.6, 1, 1, 1, 1, 1, 1, 1, 
1, 1, 1, 1, 1, 1, 1, 1, 1, 1, 1, 1, 1, 1, 1, 1, 1, 1, 1, 1, 1, 
1, 1, 1, 1, 1, 1, 1, 1, 1, 1, 1, 1, 1, 1, 1, 1, 2.908, 2.992, 
3, 3.241, 3.292, 2.976, 3.32, 3.548, 3.649, 3.782, 3.851), .Dim = c(11L, 
40L), .Dimnames = list(NULL, c("Sampling", "PSO.cost", "PSO.gamma", 
"PSO.data.balancing", "PSO.feature.selection", "PSO.valid.acc", 
"PSO.test.acc", "PSO.train.time", "PSO.n.support.vectors", "PSO.index", 
"PSO.n.solutions", "PSO.generations", "PSO.n.evaluations", "PSO.cpu.time", 
"RS.cost", "RS.gamma", "RS.data.balancing", "RS.feature.selection", 
"RS.valid.acc", "RS.test.acc", "RS.train.time", "RS.n.support.vectors", 
"RS.index", "RS.n.solutions", "RS.generations", "RS.n.evaluations", 
"RS.cpu.time", "DF.cost", "DF.gamma", "DF.data.balancing", "DF.feature.selection", 
"DF.valid.acc", "DF.test.acc", "DF.train.time", "DF.n.support.vectors", 
"DF.index", "DF.n.solutions", "DF.generations", "DF.n.evaluations", 
"DF.cpu.time")))
