full <-
structure(c(50, 55, 60, 65, 70, 75, 80, 85, 90, 95, 100, 0.6877, 
0.29693, -0.42749, 0.79897, 0.54169, 3.20235, 0.22783, 0.24057, 
0.17563, 0.61944, -0.20661, 1.92561, 2.38068, 2.2608, 1.50918, 
1.79317, -2.06863, 2.14311, 1.89852, 2.0764, 1.77466, 0.64406, 
0, 0, 0, 0, 0, 0, 0, 0, 0, 0, 0, 0, 0, 0, 0, 0, 0, 0, 0, 0, 0, 
0, 0.93585, 0.93237, 0.92534, 0.92466, 0.91789, 0.91431, 0.91646, 
0.9214, 0.92104, 0.92253, 0.91963, 0.92904, 0.93083, 0.92534, 
0.92335, 0.91304, 0.90984, 0.91433, 0.92142, 0.92104, 0.91807, 
0.91878, 0.0929, 0.1524, 0.1383, 0.1093, 0.1587, 0.089, 0.2053, 
0.2112, 0.2358, 0.2043, 0.1344, 323.2, 396.4, 409.6, 333.3, 404.5, 
164.6, 500.3, 477.2, 519.3, 472.9, 292.8, 316, 156, 94, 430, 
815, 30, 1170, 605, 160, 543, 636, 245, 419, 1070, 283, 66, 297, 
223, 164, 652, 764, 205, 100, 100, 100, 100, 100, 100, 100, 100, 
100, 100, 100, 2500, 2500, 2500, 2500, 2500, 2500, 2500, 2500, 
2500, 2500, 2500, 9431.035, 10279.908, 10805.295, 11248.143, 
25315.305, 43412.038, 17476.169, 13109.17, 12873.135, 12838.018, 
15016.844, 0.74782, 0.34457, -0.03388, 0.56728, 0.62042, 11.34438, 
0.18657, 0.03503, 0.22316, 0.58594, 0.1361, 1.83741, 2.45727, 
2.20475, 1.71533, 1.7223, -5.58684, 1.97608, 1.39265, 1.85999, 
1.6646, 0.16438, 0, 0, 0, 0, 0, 0, 0, 0, 0, 0, 0, 0, 0, 0, 0, 
0, 0, 0, 0, 0, 0, 0, 0.93585, 0.93237, 0.92534, 0.92466, 0.91908, 
0.91431, 0.91646, 0.92042, 0.92104, 0.92253, 0.91963, 0.92904, 
0.93083, 0.92532, 0.92335, 0.91425, 0.91208, 0.91539, 0.92042, 
0.92104, 0.91895, 0.91793, 0.0986, 0.1605, 0.1499, 0.1362, 0.1419, 
1.2763, 0.1918, 0.1597, 0.2062, 0.2003, 0.1291, 315.2, 404.8, 
403.7, 363.6, 392.5, 155.4, 469.5, 387.3, 475.6, 450.8, 256.5, 
1938, 348, 570, 1893, 1189, 87, 486, 661, 2072, 423, 1111, 1, 
1, 7, 1, 2, 12, 4, 3, 1, 1, 2, 100, 100, 100, 100, 100, 100, 
100, 100, 100, 100, 100, 2500, 2500, 2500, 2500, 2500, 2500, 
2500, 2500, 2500, 2500, 2500, 9946.524, 10603.286, 10895.543, 
12162.231, 14468.484, 15482.088, 18891.261, 19779.603, 20095.265, 
25143.703, 28663.729, 1, 1, 1, 1, 1, 1, 1, 1, 1, 1, 1, 0.33333, 
0.33333, 0.33333, 0.33333, 0.33333, 0.33333, 0.33333, 0.33333, 
0.33333, 0.33333, 0.33333, 0, 0, 0, 0, 0, 0, 0, 0, 0, 0, 0, 0, 
0, 0, 0, 0, 0, 0, 0, 0, 0, 0, 0.9324, 0.92931, 0.92393, 0.92072, 
0.91667, 0.91318, 0.91438, 0.91545, 0.91728, 0.91717, 0.91625, 
0.9324, 0.92931, 0.92393, 0.92072, 0.91547, 0.91318, 0.91438, 
0.91545, 0.91728, 0.91717, 0.91625, 0.035, 0.0386, 0.05, 0.0553, 
0.0687, 0.0791, 0.0904, 0.0956, 0.1033, 0.1248, 0.1439, 104.3, 
113.1, 129.8, 139.5, 162.7, 181.6, 193.4, 200.9, 208.3, 229.8, 
243.3, 1, 1, 1, 1, 1, 1, 1, 1, 1, 1, 1, 1, 1, 1, 1, 1, 1, 1, 
1, 1, 1, 1, 1, 1, 1, 1, 1, 1, 1, 1, 1, 1, 1, 1, 1, 1, 1, 1, 1, 
1, 1, 1, 1, 1, 3.307, 3.113, 3.439, 3.217, 3.428, 3.345, 3.618, 
3.673, 3.685, 3.83, 4.462), .Dim = c(11L, 40L), .Dimnames = list(
    NULL, c("Sampling", "PSO.cost", "PSO.gamma", "PSO.data.balancing", 
    "PSO.feature.selection", "PSO.valid.acc", "PSO.test.acc", 
    "PSO.train.time", "PSO.n.support.vectors", "PSO.index", "PSO.n.solutions", 
    "PSO.generations", "PSO.n.evaluations", "PSO.cpu.time", "RS.cost", 
    "RS.gamma", "RS.data.balancing", "RS.feature.selection", 
    "RS.valid.acc", "RS.test.acc", "RS.train.time", "RS.n.support.vectors", 
    "RS.index", "RS.n.solutions", "RS.generations", "RS.n.evaluations", 
    "RS.cpu.time", "DF.cost", "DF.gamma", "DF.data.balancing", 
    "DF.feature.selection", "DF.valid.acc", "DF.test.acc", "DF.train.time", 
    "DF.n.support.vectors", "DF.index", "DF.n.solutions", "DF.generations", 
    "DF.n.evaluations", "DF.cpu.time")))
