full <-
structure(c(50, 55, 60, 65, 70, 75, 80, 85, 90, 95, 100, 0.14751, 
0.77141, 0.48517, 1, 0.49215, 0.56779, 1.00133, 0.56358, 0.61143, 
0.56654, 0.46879, 0.55389, 1.57777, 0.98006, 0.33333, 0.93225, 
1.49969, 0.29752, 1.578, 1.49541, 1.40997, 1.67527, 0, 0, 0, 
0, 0, 0, 0, 0, 0, 0, 0, 0, 0, 0, 0, 0, 0, 0, 0, 0, 0, 0, 0.92411, 
0.91542, 0.9253, 0.91544, 0.92156, 0.92222, 0.92072, 0.92241, 
0.92202, 0.92162, 0.92303, 0.92411, 0.91696, 0.92671, 0.91544, 
0.91789, 0.92108, 0.9197, 0.91842, 0.9192, 0.9216, 0.92049, 0.0459, 
0.084, 0.0659, 0.063, 0.0903, 0.1268, 0.0997, 0.1609, 0.1699, 
0.1831, 0.2126, 174.1, 292.4, 229.3, 160.6, 261.6, 356, 228.2, 
395, 401.2, 405.4, 457.9, 1181, 1934, 881, 1, 355, 137, 744, 
1954, 943, 435, 329, 85, 2003, 427, 2062, 441, 207, 87, 24, 150, 
564, 250, 100, 100, 100, 100, 100, 100, 100, 100, 100, 100, 100, 
2500, 2500, 2500, 2500, 2500, 2500, 2500, 2500, 2500, 2500, 2500, 
10472.007, 10035.787, 10125.348, 12716.419, 12959.56, 18987.877, 
18715.236, 13850.578, 16857.911, 14151.48, 17090.677, 0.2722, 
7.05377, 0.57021, 0.53192, 0.48232, 0.59766, 1.10851, 0.75978, 
0.71967, 0.46684, 0.63921, 0.08296, -10.58133, 0.87548, 0.86055, 
1.21408, 1.3828, 0.31139, 1.48464, 1.15534, 1.65211, 1.52563, 
0, 0, 0, 0, 0, 0, 0, 0, 0, 0, 0, 0, 0, 0, 0, 0, 0, 0, 0, 0, 0, 
0, 0.92238, 0.91542, 0.92389, 0.91672, 0.92156, 0.92108, 0.91965, 
0.9214, 0.91922, 0.91982, 0.92134, 0.92066, 0.91542, 0.9225, 
0.91544, 0.91792, 0.92108, 0.91864, 0.91744, 0.92014, 0.91714, 
0.92134, 0.0414, 0.0916, 0.0653, 0.0758, 0.101, 0.1234, 0.0939, 
0.1496, 0.1426, 0.2084, 0.1962, 151.3, 236.9, 220.4, 240.5, 296.9, 
339.4, 228.3, 380.7, 338.7, 449.7, 422.7, 1268, 1, 1593, 518, 
2203, 1590, 1434, 547, 361, 2402, 1949, 5, 1539, 1, 2, 1, 1, 
1, 1, 1, 1, 1, 100, 100, 100, 100, 100, 100, 100, 100, 100, 100, 
100, 2500, 2500, 2500, 2500, 2500, 2500, 2500, 2500, 2500, 2500, 
2500, 12321.92, 12422.42, 13377.585, 15264.913, 17341.489, 17858.208, 
19360.636, 22093.349, 26286.892, 28580.222, 30487.544, 1, 1, 
1, 1, 1, 1, 1, 1, 1, 1, 1, 0.33333, 0.33333, 0.33333, 0.33333, 
0.33333, 0.33333, 0.33333, 0.33333, 0.33333, 0.33333, 0.33333, 
0, 0, 0, 0, 0, 0, 0, 0, 0, 0, 0, 0, 0, 0, 0, 0, 0, 0, 0, 0, 0, 
0, 0.92066, 0.91542, 0.91831, 0.91544, 0.91668, 0.91771, 0.91863, 
0.91838, 0.91636, 0.91626, 0.91627, 0.92066, 0.91542, 0.91831, 
0.91544, 0.91668, 0.91771, 0.91863, 0.91838, 0.91636, 0.91626, 
0.91627, 0.043, 0.0474, 0.0526, 0.0671, 0.0723, 0.081, 0.0929, 
0.1, 0.1164, 0.1288, 0.1388, 124.1, 132.7, 140.6, 160.6, 165.7, 
178.5, 188.9, 203.2, 224.2, 233.6, 245.2, 1, 1, 1, 1, 1, 1, 1, 
1, 1, 1, 1, 1, 1, 1, 1, 1, 1, 1, 1, 1, 1, 1, 1, 1, 1, 1, 1, 1, 
1, 1, 1, 1, 1, 1, 1, 1, 1, 1, 1, 1, 1, 1, 1, 1, 3.822, 3.847, 
3.721, 4.154, 3.992, 4.023, 4.266, 4.131, 4.449, 4.633, 4.647
), .Dim = c(11L, 40L), .Dimnames = list(NULL, c("Sampling", "PSO.cost", 
"PSO.gamma", "PSO.data.balancing", "PSO.feature.selection", "PSO.valid.acc", 
"PSO.test.acc", "PSO.train.time", "PSO.n.support.vectors", "PSO.index", 
"PSO.n.solutions", "PSO.generations", "PSO.n.evaluations", "PSO.cpu.time", 
"RS.cost", "RS.gamma", "RS.data.balancing", "RS.feature.selection", 
"RS.valid.acc", "RS.test.acc", "RS.train.time", "RS.n.support.vectors", 
"RS.index", "RS.n.solutions", "RS.generations", "RS.n.evaluations", 
"RS.cpu.time", "DF.cost", "DF.gamma", "DF.data.balancing", "DF.feature.selection", 
"DF.valid.acc", "DF.test.acc", "DF.train.time", "DF.n.support.vectors", 
"DF.index", "DF.n.solutions", "DF.generations", "DF.n.evaluations", 
"DF.cpu.time")))
