full <-
structure(c(50, 55, 60, 65, 70, 75, 80, 85, 90, 95, 100, 0.83469, 
1.55615, -0.08381, 6.16597, 0.44621, 0.58326, 0.38264, 0.427, 
0.48494, 0.38368, 0.07506, 0.06707, 0.0375, 1.6313, -2.63013, 
0.46316, 0.03211, 1.71418, 1.42482, 0.16752, 1.49208, 2.29645, 
0, 0, 0, 0, 0, 0, 0, 0, 0, 0, 0, 0, 0, 0, 0, 0, 0, 0, 0, 0, 0, 
0, 0.91891, 0.91555, 0.91542, 0.91036, 0.91298, 0.91324, 0.91436, 
0.91539, 0.91728, 0.92072, 0.92136, 0.91724, 0.91089, 0.91401, 
0.90506, 0.90938, 0.91095, 0.91229, 0.91538, 0.91351, 0.91717, 
0.91879, 0.0395, 0.044, 0.0926, 0.0984, 0.0732, 0.0777, 0.1459, 
0.1296, 0.0982, 0.1675, 0.2558, 147.2, 157, 325.1, 148.5, 229.9, 
214.1, 409.8, 373.3, 246.2, 421.5, 588.1, 199, 826, 2304, 1607, 
1346, 40, 1590, 1721, 383, 1643, 2106, 601, 166, 2, 43, 77, 341, 
22, 10, 237, 76, 9, 100, 100, 100, 100, 100, 100, 100, 100, 100, 
100, 100, 2500, 2500, 2500, 2500, 2500, 2500, 2500, 2500, 2500, 
2500, 2500, 6864.735, 8164.138, 9467.997, 10900.819, 17339.771, 
11178.005, 11630.792, 12268.629, 11220.384, 23336.021, 14586.925, 
0.71466, 1.56099, 0.14706, 6.04252, 0.36559, 0.10088, 0.35175, 
-0.08988, 0.31325, 0.44059, 0.47105, 0.03454, -0.07823, 0.09009, 
-2.57863, 1.21651, 0.50489, 1.6421, 0.73081, 0.85571, 1.57046, 
1.30671, 0, 0, 0, 0, 0, 0, 0, 0, 0, 0, 0, 0, 0, 0, 0, 0, 0, 0, 
0, 0, 0, 0, 0.91891, 0.91555, 0.91401, 0.90908, 0.91179, 0.91324, 
0.91329, 0.91341, 0.91636, 0.91895, 0.91967, 0.91724, 0.91089, 
0.91261, 0.90506, 0.90815, 0.91209, 0.91123, 0.9134, 0.91258, 
0.91806, 0.92219, 0.0378, 0.0452, 0.0534, 0.0981, 0.0958, 0.0789, 
0.1402, 0.0961, 0.1153, 0.1764, 0.1543, 146, 154.8, 179.1, 148.1, 
306.1, 242.3, 397.1, 276.1, 308.9, 435.5, 383.7, 1627, 20, 131, 
697, 641, 654, 2451, 226, 1866, 2288, 346, 1, 1, 16, 2, 4, 4, 
1, 7, 1, 1, 2, 100, 100, 100, 100, 100, 100, 100, 100, 100, 100, 
100, 2500, 2500, 2500, 2500, 2500, 2500, 2500, 2500, 2500, 2500, 
2500, 8830.611, 10184.832, 12454.401, 14709.144, 16050.441, 18660.08, 
18346.776, 20837.489, 22275.083, 24421.563, 26382.304, 1, 1, 
1, 1, 1, 1, 1, 1, 1, 1, 1, 0.33333, 0.33333, 0.33333, 0.33333, 
0.33333, 0.33333, 0.33333, 0.33333, 0.33333, 0.33333, 0.33333, 
0, 0, 0, 0, 0, 0, 0, 0, 0, 0, 0, 0, 0, 0, 0, 0, 0, 0, 0, 0, 0, 
0, 0.91394, 0.9125, 0.91122, 0.90648, 0.90818, 0.90874, 0.91012, 
0.9114, 0.91259, 0.91356, 0.91626, 0.91224, 0.91098, 0.91122, 
0.90648, 0.90818, 0.90759, 0.91012, 0.9114, 0.91259, 0.91356, 
0.91626, 0.0338, 0.0426, 0.0513, 0.0616, 0.0706, 0.0747, 0.0847, 
0.0957, 0.103, 0.1137, 0.1236, 113.8, 131.2, 144.6, 164.6, 173.8, 
189.8, 197.2, 211, 215.7, 239.4, 243.4, 1, 1, 1, 1, 1, 1, 1, 
1, 1, 1, 1, 1, 1, 1, 1, 1, 1, 1, 1, 1, 1, 1, 1, 1, 1, 1, 1, 1, 
1, 1, 1, 1, 1, 1, 1, 1, 1, 1, 1, 1, 1, 1, 1, 1, 2.607, 2.812, 
3.056, 3.168, 3.367, 3.063, 3.327, 3.529, 3.578, 3.436, 3.518
), .Dim = c(11L, 40L), .Dimnames = list(NULL, c("Sampling", "PSO.cost", 
"PSO.gamma", "PSO.data.balancing", "PSO.feature.selection", "PSO.valid.acc", 
"PSO.test.acc", "PSO.train.time", "PSO.n.support.vectors", "PSO.index", 
"PSO.n.solutions", "PSO.generations", "PSO.n.evaluations", "PSO.cpu.time", 
"RS.cost", "RS.gamma", "RS.data.balancing", "RS.feature.selection", 
"RS.valid.acc", "RS.test.acc", "RS.train.time", "RS.n.support.vectors", 
"RS.index", "RS.n.solutions", "RS.generations", "RS.n.evaluations", 
"RS.cpu.time", "DF.cost", "DF.gamma", "DF.data.balancing", "DF.feature.selection", 
"DF.valid.acc", "DF.test.acc", "DF.train.time", "DF.n.support.vectors", 
"DF.index", "DF.n.solutions", "DF.generations", "DF.n.evaluations", 
"DF.cpu.time")))
