full <-
structure(c(50, 55, 60, 65, 70, 75, 80, 85, 90, 95, 100, 0.28789, 
0.69755, 0.98993, 0.06766, 0.49579, 0.78587, 0.31232, 0.39043, 
0.3212, 0.38257, -0.06377, 0.56614, 1.55289, 0.15307, 1.88337, 
1.14742, 0.55184, 1.47187, -0.04107, 1.43847, 1.41987, 1.83905, 
0, 0, 0, 0, 0, 0, 0, 0, 0, 0, 0, 0, 0, 0, 0, 0, 0, 0, 0, 0, 0, 
0, 0.92403, 0.92333, 0.92538, 0.92192, 0.92508, 0.92219, 0.92279, 
0.9224, 0.92385, 0.9234, 0.91966, 0.919, 0.92165, 0.91834, 0.92062, 
0.92267, 0.92115, 0.92171, 0.91941, 0.92197, 0.92162, 0.91802, 
0.046, 0.0868, 0.0551, 0.1387, 0.1025, 0.0865, 0.148, 0.086, 
0.165, 0.1774, 0.2426, 190.9, 292.8, 171.6, 381.9, 296, 235.6, 
373.6, 203.3, 390.7, 391.3, 494.1, 394, 377, 425, 2058, 420, 
304, 722, 1860, 515, 696, 1150, 665, 405, 119, 18, 331, 78, 108, 
24, 429, 248, 62, 100, 100, 100, 100, 100, 100, 100, 100, 100, 
100, 100, 2500, 2500, 2500, 2500, 2500, 2500, 2500, 2500, 2500, 
2500, 2500, 7235.232, 8464.328, 9492.548, 11728.85, 11668.121, 
15607.312, 13098.147, 12414.427, 15952.606, 19460.052, 15875.953, 
0.4912, 0.75203, 0.98627, -0.07584, 0.29356, 0.75997, -0.04218, 
1.51545, 0.21307, 0.37961, -0.23632, 0.54251, 1.66274, -0.08206, 
1.94061, 1.20413, 0.55292, 1.70096, -0.57908, 1.30946, 1.55914, 
0.94277, 0, 0, 0, 0, 0, 0, 0, 0, 0, 0, 0, 0, 0, 0, 0, 0, 0, 0, 
0, 0, 0, 0, 0.92403, 0.92333, 0.92397, 0.92062, 0.92387, 0.92219, 
0.92172, 0.92042, 0.92385, 0.92252, 0.91883, 0.919, 0.92324, 
0.91834, 0.92062, 0.92145, 0.92115, 0.92171, 0.91742, 0.92197, 
0.92162, 0.91886, 0.0488, 0.0821, 0.054, 0.1302, 0.1072, 0.0844, 
0.1728, 0.0926, 0.1603, 0.1945, 0.1523, 189.8, 309.7, 162.3, 
389.3, 305, 234.3, 416.1, 187.5, 369, 422, 335.4, 602, 536, 33, 
308, 382, 47, 1118, 552, 1484, 452, 541, 4, 1, 9, 2, 1, 2, 5, 
1, 1, 1, 1, 100, 100, 100, 100, 100, 100, 100, 100, 100, 100, 
100, 2500, 2500, 2500, 2500, 2500, 2500, 2500, 2500, 2500, 2500, 
2500, 9186.018, 10059.134, 11948.728, 14574.546, 16106.974, 16876.33, 
19390.056, 21675.122, 24548.903, 26151.109, 27452.291, 1, 1, 
1, 1, 1, 1, 1, 1, 1, 1, 1, 0.33333, 0.33333, 0.33333, 0.33333, 
0.33333, 0.33333, 0.33333, 0.33333, 0.33333, 0.33333, 0.33333, 
0, 0, 0, 0, 0, 0, 0, 0, 0, 0, 0, 0, 0, 0, 0, 0, 0, 0, 0, 0, 0, 
0, 0.91552, 0.91716, 0.9183, 0.91801, 0.92024, 0.9211, 0.91961, 
0.9194, 0.91915, 0.91893, 0.91628, 0.91552, 0.91716, 0.9183, 
0.91801, 0.92024, 0.9211, 0.91961, 0.9194, 0.91915, 0.91893, 
0.91628, 0.0369, 0.0458, 0.0489, 0.0568, 0.0691, 0.0804, 0.0897, 
0.0985, 0.1083, 0.1211, 0.1378, 124.1, 135.2, 138.9, 152.4, 161.6, 
170.9, 183.8, 195.3, 201.4, 222, 235.8, 1, 1, 1, 1, 1, 1, 1, 
1, 1, 1, 1, 1, 1, 1, 1, 1, 1, 1, 1, 1, 1, 1, 1, 1, 1, 1, 1, 1, 
1, 1, 1, 1, 1, 1, 1, 1, 1, 1, 1, 1, 1, 1, 1, 1, 2.579, 2.725, 
3.392, 3.464, 3.932, 4.093, 4.235, 4.33, 4.422, 4.561, 4.695), .Dim = c(11L, 
40L), .Dimnames = list(NULL, c("Sampling", "PSO.cost", "PSO.gamma", 
"PSO.data.balancing", "PSO.feature.selection", "PSO.valid.acc", 
"PSO.test.acc", "PSO.train.time", "PSO.n.support.vectors", "PSO.index", 
"PSO.n.solutions", "PSO.generations", "PSO.n.evaluations", "PSO.cpu.time", 
"RS.cost", "RS.gamma", "RS.data.balancing", "RS.feature.selection", 
"RS.valid.acc", "RS.test.acc", "RS.train.time", "RS.n.support.vectors", 
"RS.index", "RS.n.solutions", "RS.generations", "RS.n.evaluations", 
"RS.cpu.time", "DF.cost", "DF.gamma", "DF.data.balancing", "DF.feature.selection", 
"DF.valid.acc", "DF.test.acc", "DF.train.time", "DF.n.support.vectors", 
"DF.index", "DF.n.solutions", "DF.generations", "DF.n.evaluations", 
"DF.cpu.time")))
