full <-
structure(c(50, 55, 60, 65, 70, 75, 80, 85, 90, 95, 100, 0.43937, 
0.34671, 1, 1, 0.18752, 1, 1, -0.47637, 0.60571, 0.53048, -0.08911, 
1.11635, 1.4671, 0.33333, 0.33333, 2.8297, 0.33333, 0.33333, 
1.55184, 0.79951, 1.23043, 0.17042, 0, 0, 0, 0, 0, 0, 0, 0, 0, 
0, 0, 0, 0, 0, 0, 0, 0, 0, 0, 0, 0, 0, 0.93081, 0.92477, 0.91973, 
0.92333, 0.92156, 0.92227, 0.92279, 0.9214, 0.92004, 0.91981, 
0.91964, 0.92909, 0.92782, 0.91973, 0.92333, 0.92034, 0.92116, 
0.92279, 0.9204, 0.91534, 0.91894, 0.91879, 0.0586, 0.0789, 0.0494, 
0.0557, 0.2374, 0.0769, 0.0815, 0.1441, 0.1158, 0.1554, 0.1249, 
232.2, 288, 139.6, 147.1, 529.2, 170.9, 184.6, 378.4, 282.4, 
355.5, 262.2, 824, 1145, 1, 1, 232, 1, 1, 415, 423, 557, 955, 
114, 79, 1914, 1960, 122, 2021, 1871, 196, 393, 248, 41, 100, 
100, 100, 100, 100, 100, 100, 100, 100, 100, 100, 2500, 2500, 
2500, 2500, 2500, 2500, 2500, 2500, 2500, 2500, 2500, 8956.395, 
10611.399, 9999.921, 10512.852, 11301.314, 13246.449, 13072.967, 
24511.5, 13059.874, 19938.32, 15816.02, 0.36732, -0.28955, 11.96261, 
14.10997, -0.08381, 0.20426, -0.89997, 0.48481, 0.51537, 0.03996, 
-0.19237, 0.73926, -9.43726, -7.807, -11.93404, 2.43424, 2.28782, 
-6.137, -0.2138, 0.75433, 1.51884, 0.52831, 0, 0, 0, 0, 0, 0, 
0, 0, 0, 0, 0, 0, 0, 0, 0, 0, 0, 0, 0, 0, 0, 0, 0.92909, 0.92472, 
0.91973, 0.92333, 0.92035, 0.92338, 0.92279, 0.9204, 0.92004, 
0.91802, 0.91879, 0.92909, 0.92472, 0.91973, 0.92333, 0.91913, 
0.92227, 0.92279, 0.91938, 0.91723, 0.91892, 0.91795, 0.0476, 
0.03, 1.3706, 0.6441, 0.2103, 0.1935, 0.0657, 0.0854, 0.1097, 
0.1843, 0.1263, 196.4, 109.5, 166.2, 118.3, 480, 485.8, 208.2, 
204.2, 279.1, 411, 290, 1054, 2, 5, 3, 343, 1187, 3, 363, 237, 
1161, 524, 1, 1496, 1450, 1488, 4, 2, 1454, 16, 1, 1, 9, 100, 
100, 100, 100, 100, 100, 100, 100, 100, 100, 100, 2500, 2500, 
2500, 2500, 2500, 2500, 2500, 2500, 2500, 2500, 2500, 9269.233, 
9536.56, 12225.152, 13444.237, 13425.226, 15640.315, 17507.998, 
22273.522, 23495.106, 24623.703, 26894.853, 1, 1, 1, 1, 1, 1, 
1, 1, 1, 1, 1, 0.33333, 0.33333, 0.33333, 0.33333, 0.33333, 0.33333, 
0.33333, 0.33333, 0.33333, 0.33333, 0.33333, 0, 0, 0, 0, 0, 0, 
0, 0, 0, 0, 0, 0, 0, 0, 0, 0, 0, 0, 0, 0, 0, 0, 0.92572, 0.92472, 
0.91973, 0.92333, 0.92032, 0.92227, 0.92279, 0.9194, 0.91722, 
0.91536, 0.91626, 0.92572, 0.92472, 0.91973, 0.92333, 0.92032, 
0.92116, 0.92279, 0.9194, 0.91722, 0.91536, 0.91626, 0.0322, 
0.0397, 0.0514, 0.0575, 0.0674, 0.0704, 0.0862, 0.0947, 0.1177, 
0.1242, 0.1282, 111.2, 120.3, 139.6, 147.1, 166.4, 170.9, 184.6, 
200.7, 224.3, 236.3, 240.9, 1, 1, 1, 1, 1, 1, 1, 1, 1, 1, 1, 
1, 1, 1, 1, 1, 1, 1, 1, 1, 1, 1, 1, 1, 1, 1, 1, 1, 1, 1, 1, 1, 
1, 1, 1, 1, 1, 1, 1, 1, 1, 1, 1, 1, 2.371, 2.544, 2.71, 2.832, 
2.892, 2.798, 3.15, 3.089, 3.569, 3.634, 3.53), .Dim = c(11L, 
40L), .Dimnames = list(NULL, c("Sampling", "PSO.cost", "PSO.gamma", 
"PSO.data.balancing", "PSO.feature.selection", "PSO.valid.acc", 
"PSO.test.acc", "PSO.train.time", "PSO.n.support.vectors", "PSO.index", 
"PSO.n.solutions", "PSO.generations", "PSO.n.evaluations", "PSO.cpu.time", 
"RS.cost", "RS.gamma", "RS.data.balancing", "RS.feature.selection", 
"RS.valid.acc", "RS.test.acc", "RS.train.time", "RS.n.support.vectors", 
"RS.index", "RS.n.solutions", "RS.generations", "RS.n.evaluations", 
"RS.cpu.time", "DF.cost", "DF.gamma", "DF.data.balancing", "DF.feature.selection", 
"DF.valid.acc", "DF.test.acc", "DF.train.time", "DF.n.support.vectors", 
"DF.index", "DF.n.solutions", "DF.generations", "DF.n.evaluations", 
"DF.cpu.time")))
