full <-
structure(c(50, 55, 60, 65, 70, 75, 80, 85, 90, 95, 100, 1.57199, 
0.47516, 0.74142, -0.2545, 0.13846, 0.49439, 1.62564, 0.0795, 
2.30827, -0.27842, 0.51341, -0.84441, 0.36583, 0.15561, 0.30565, 
0.46404, 1.75493, -0.71752, 1.63955, -1.02649, 0.27427, 1.31569, 
0, 0, 0, 0, 0, 0, 0, 0, 0, 0, 0, 0, 0, 0, 0, 0, 0, 0, 0, 0, 0, 
0, 0.93069, 0.92782, 0.9239, 0.91812, 0.92027, 0.92446, 0.92176, 
0.92642, 0.92761, 0.92069, 0.92216, 0.9273, 0.92782, 0.92108, 
0.91812, 0.9178, 0.9211, 0.92176, 0.92442, 0.92479, 0.92071, 
0.91792, 0.0369, 0.0507, 0.0521, 0.0586, 0.0708, 0.1379, 0.0826, 
0.1544, 0.1015, 0.1141, 0.1708, 109.3, 178.9, 168.3, 196, 212.8, 
390.3, 171.6, 394.9, 180.5, 253.6, 377.4, 757, 983, 1274, 1217, 
946, 870, 645, 1017, 505, 907, 2138, 237, 91, 53, 61, 103, 374, 
143, 174, 433, 206, 13, 100, 100, 100, 100, 100, 100, 100, 100, 
100, 100, 100, 2500, 2500, 2500, 2500, 2500, 2500, 2500, 2500, 
2500, 2500, 2500, 7185.802, 8022.797, 8300.32, 10677.752, 8211.31, 
11907.34, 13742.667, 12257.425, 13271.56, 16040.28, 19219.831, 
1.54437, 1.13351, 0.67001, -0.28482, 0.19065, 0.14923, 1.74534, 
-0.14817, 1.25616, -0.0708, 0.65956, -0.82716, 0.23318, 0.16157, 
0.4482, 0.43769, 2.00579, -0.81752, 0.76003, 0.36001, 0.0929, 
1.76674, 0, 0, 0, 0, 0, 0, 0, 0, 0, 0, 0, 0, 0, 0, 0, 0, 0, 0, 
0, 0, 0, 0, 0.93069, 0.92772, 0.92106, 0.91812, 0.92027, 0.92331, 
0.92176, 0.92542, 0.92762, 0.92069, 0.92131, 0.9273, 0.92465, 
0.92106, 0.91812, 0.9178, 0.92217, 0.92071, 0.92443, 0.92292, 
0.91982, 0.91709, 0.0351, 0.0479, 0.0498, 0.0635, 0.0751, 0.1616, 
0.0828, 0.102, 0.0942, 0.1141, 0.225, 110.3, 165.3, 169.3, 208.9, 
211, 434.4, 171.9, 261.4, 202.3, 244.3, 474.6, 1343, 1172, 2254, 
1747, 555, 181, 1983, 50, 1550, 433, 2192, 1, 1, 2, 2, 1, 1, 
1, 11, 1, 3, 1, 100, 100, 100, 100, 100, 100, 100, 100, 100, 
100, 100, 2500, 2500, 2500, 2500, 2500, 2500, 2500, 2500, 2500, 
2500, 2500, 8926.659, 9339.27, 10332.868, 11338.457, 13388.595, 
15325.683, 17303.263, 18392.394, 20665.572, 24893.59, 28714.561, 
1, 1, 1, 1, 1, 1, 1, 1, 1, 1, 1, 0.33333, 0.33333, 0.33333, 0.33333, 
0.33333, 0.33333, 0.33333, 0.33333, 0.33333, 0.33333, 0.33333, 
0, 0, 0, 0, 0, 0, 0, 0, 0, 0, 0, 0, 0, 0, 0, 0, 0, 0, 0, 0, 0, 
0, 0.92235, 0.91705, 0.91684, 0.91422, 0.9142, 0.91658, 0.91753, 
0.92139, 0.92384, 0.91893, 0.91625, 0.9206, 0.91705, 0.91684, 
0.91422, 0.9142, 0.91658, 0.91753, 0.92139, 0.92384, 0.91893, 
0.91625, 0.0381, 0.0407, 0.0459, 0.0549, 0.0665, 0.0745, 0.0828, 
0.0902, 0.1007, 0.1162, 0.1373, 110.1, 117.9, 128.1, 142, 154.5, 
162.4, 172.3, 181.4, 191.3, 214.6, 239.5, 1, 1, 1, 1, 1, 1, 1, 
1, 1, 1, 1, 1, 1, 1, 1, 1, 1, 1, 1, 1, 1, 1, 1, 1, 1, 1, 1, 1, 
1, 1, 1, 1, 1, 1, 1, 1, 1, 1, 1, 1, 1, 1, 1, 1, 2.741, 2.835, 
2.712, 2.838, 3.758, 3.862, 3.941, 4.141, 4.366, 4.482, 4.805
), .Dim = c(11L, 40L), .Dimnames = list(NULL, c("Sampling", "PSO.cost", 
"PSO.gamma", "PSO.data.balancing", "PSO.feature.selection", "PSO.valid.acc", 
"PSO.test.acc", "PSO.train.time", "PSO.n.support.vectors", "PSO.index", 
"PSO.n.solutions", "PSO.generations", "PSO.n.evaluations", "PSO.cpu.time", 
"RS.cost", "RS.gamma", "RS.data.balancing", "RS.feature.selection", 
"RS.valid.acc", "RS.test.acc", "RS.train.time", "RS.n.support.vectors", 
"RS.index", "RS.n.solutions", "RS.generations", "RS.n.evaluations", 
"RS.cpu.time", "DF.cost", "DF.gamma", "DF.data.balancing", "DF.feature.selection", 
"DF.valid.acc", "DF.test.acc", "DF.train.time", "DF.n.support.vectors", 
"DF.index", "DF.n.solutions", "DF.generations", "DF.n.evaluations", 
"DF.cpu.time")))
