full <-
structure(c(50, 55, 60, 65, 70, 75, 80, 85, 90, 95, 100, 0.3893, 
0.87108, -0.18076, 0.10969, 0.52037, 0.74426, 0.11666, 0.27323, 
0.32515, 0.29767, 0.40372, 0.83426, -0.55879, 0.97355, 2.5537, 
1.51844, 1.27846, 2.29284, 1.65936, 1.61684, 1.68483, 1.52333, 
0, 0, 0, 0, 0, 0, 0, 0, 0, 0, 0, 0, 0, 0, 0, 0, 0, 0, 0, 0, 0, 
0, 0.92056, 0.92165, 0.92258, 0.92067, 0.92769, 0.93014, 0.92282, 
0.92034, 0.91633, 0.91891, 0.92304, 0.91544, 0.92016, 0.92262, 
0.91804, 0.92164, 0.92788, 0.92072, 0.9193, 0.91351, 0.91801, 
0.91965, 0.051, 0.0423, 0.0616, 0.1882, 0.1112, 0.1028, 0.2245, 
0.1775, 0.1694, 0.2057, 0.1756, 197, 129.9, 224.4, 455.9, 329.2, 
313.2, 506.2, 420.3, 419, 447.1, 423.3, 99, 304, 218, 286, 1025, 
399, 1056, 340, 534, 778, 501, 207, 231, 336, 210, 306, 603, 
345, 204, 253, 478, 748, 100, 100, 100, 100, 100, 100, 100, 100, 
100, 100, 100, 2500, 2500, 2500, 2500, 2500, 2500, 2500, 2500, 
2500, 2500, 2500, 7421.268, 6326.269, 8756.342, 9198.901, 8878.469, 
8935.92599999999, 13615.33, 12090.417, 14284.139, 13674.207, 
11898.592, 0.49083, 0.53139, -0.13087, 0.0885, 0.46661, 0.75655, 
0.25575, 0.07721, 0.17902, 0.2661, 0.41633, 0.88439, -0.25906, 
0.37658, 2.50845, 1.56758, 1.12689, 2.01617, 0.95724, 1.27681, 
1.75326, 1.54118, 0, 0, 0, 0, 0, 0, 0, 0, 0, 0, 0, 0, 0, 0, 0, 
0, 0, 0, 0, 0, 0, 0, 0.92056, 0.92165, 0.92258, 0.92067, 0.92646, 
0.92899, 0.92178, 0.92033, 0.9154, 0.91801, 0.92304, 0.91378, 
0.91857, 0.92119, 0.91935, 0.91923, 0.92788, 0.91862, 0.92033, 
0.91351, 0.91801, 0.91965, 0.0524, 0.0263, 0.0541, 0.177, 0.1144, 
0.1013, 0.1338, 0.1293, 0.1461, 0.2175, 0.2049, 199.7, 134.6, 
179.4, 450.7, 336.4, 289.6, 468.1, 309.9, 358.5, 462.4, 428.2, 
439, 822, 223, 920, 1957, 1600, 1562, 1157, 554, 1073, 157, 2, 
1, 4, 1, 1, 1, 1, 2, 2, 1, 1, 100, 100, 100, 100, 100, 100, 100, 
100, 100, 100, 100, 2500, 2500, 2500, 2500, 2500, 2500, 2500, 
2500, 2500, 2500, 2500, 8657.035, 7429.34, 10340.254, 10934.123, 
13147.94, 15075.09, 10319.167, 18499.062, 21809.59, 25594.49, 
23855.066, 1, 1, 1, 1, 1, 1, 1, 1, 1, 1, 1, 0.33333, 0.33333, 
0.33333, 0.33333, 0.33333, 0.33333, 0.33333, 0.33333, 0.33333, 
0.33333, 0.33333, 0, 0, 0, 0, 0, 0, 0, 0, 0, 0, 0, 0, 0, 0, 0, 
0, 0, 0, 0, 0, 0, 0, 0.91217, 0.91549, 0.91976, 0.91807, 0.91797, 
0.91995, 0.91645, 0.91339, 0.90973, 0.91356, 0.91626, 0.91217, 
0.91549, 0.91976, 0.91807, 0.91797, 0.91995, 0.91645, 0.91339, 
0.90973, 0.91356, 0.91626, 0.037, 0.0423, 0.0496, 0.0531, 0.0613, 
0.071, 0.0549, 0.099, 0.0737, 0.1182, 0.1347, 114, 120, 130.9, 
136.9, 154.6, 166.9, 177.2, 200.4, 227.2, 233.2, 242.2, 1, 1, 
1, 1, 1, 1, 1, 1, 1, 1, 1, 1, 1, 1, 1, 1, 1, 1, 1, 1, 1, 1, 1, 
1, 1, 1, 1, 1, 1, 1, 1, 1, 1, 1, 1, 1, 1, 1, 1, 1, 1, 1, 1, 1, 
2.74, 2.799, 2.849, 2.766, 2.784, 2.902, 2.506, 3.52, 2.653, 
3.465, 3.769), .Dim = c(11L, 40L), .Dimnames = list(NULL, c("Sampling", 
"PSO.cost", "PSO.gamma", "PSO.data.balancing", "PSO.feature.selection", 
"PSO.valid.acc", "PSO.test.acc", "PSO.train.time", "PSO.n.support.vectors", 
"PSO.index", "PSO.n.solutions", "PSO.generations", "PSO.n.evaluations", 
"PSO.cpu.time", "RS.cost", "RS.gamma", "RS.data.balancing", "RS.feature.selection", 
"RS.valid.acc", "RS.test.acc", "RS.train.time", "RS.n.support.vectors", 
"RS.index", "RS.n.solutions", "RS.generations", "RS.n.evaluations", 
"RS.cpu.time", "DF.cost", "DF.gamma", "DF.data.balancing", "DF.feature.selection", 
"DF.valid.acc", "DF.test.acc", "DF.train.time", "DF.n.support.vectors", 
"DF.index", "DF.n.solutions", "DF.generations", "DF.n.evaluations", 
"DF.cpu.time")))
