full <-
structure(c(50, 55, 60, 65, 70, 75, 80, 85, 90, 95, 100, 0.27803, 
0.21641, 0.32574, -0.29933, 0.32275, 1.04634, 0.62332, 14.59188, 
1, 0.07156, 0.10712, -0.78944, 2.42978, 3, 1.57411, 3, 1.32678, 
1.45857, -5.74609, 0.33333, 0.00742, 1.12491, 0, 0, 0, 0, 0, 
0, 0, 0, 0, 0, 0, 0, 0, 0, 0, 0, 0, 0, 0, 0, 0, 0, 0.92739, 0.92169, 
0.9253, 0.92716, 0.92636, 0.92554, 0.92815, 0.9224, 0.91919, 
0.92164, 0.91965, 0.92406, 0.92166, 0.9239, 0.92457, 0.9239, 
0.92557, 0.92282, 0.91943, 0.91919, 0.91899, 0.91883, 0.0323, 
0.1185, 0.1799, 0.0935, 0.2332, 0.1065, 0.1232, 6.533, 0.0974, 
0.1028, 0.137, 107, 393.5, 470.9, 322.8, 535.5, 326, 362.3, 161, 
208, 244.3, 349.2, 261, 286, 420, 1871, 329, 303, 464, 1275, 
1, 135, 72, 489, 99, 556, 35, 83, 531, 354, 25, 1779, 226, 484, 
100, 100, 100, 100, 100, 100, 100, 100, 100, 100, 100, 2500, 
2500, 2500, 2500, 2500, 2500, 2500, 2500, 2500, 2500, 2500, 7251.295, 
7418.828, 8567.439, 7746.776, 9785.83499999999, 10114.7, 9197.458, 
68196.227, 14181.939, 23998.863, 13791.504, -0.29906, 0.15536, 
-0.46259, 0.06966, -0.25593, 1.64528, 0.7729, 13.95738, 3.37018, 
-0.0461, -0.15287, 0.70983, 2.34941, 1.25202, 1.9474, 2.72535, 
0.39886, 1.2947, -5.4934, -9.73648, 0.28582, 1.15161, 0, 0, 0, 
0, 0, 0, 0, 0, 0, 0, 0, 0, 0, 0, 0, 0, 0, 0, 0, 0, 0, 0, 0.92739, 
0.92169, 0.92529, 0.92716, 0.92399, 0.92445, 0.92601, 0.9214, 
0.91919, 0.92164, 0.91965, 0.92572, 0.92166, 0.92388, 0.92848, 
0.92399, 0.92335, 0.92069, 0.91943, 0.91919, 0.91899, 0.91881, 
0.0426, 0.1148, 0.0682, 0.1169, 0.1975, 0.0708, 0.1115, 4.5151, 
0.1031, 0.1039, 0.1386, 189.6, 385, 259.1, 377.1, 502.4, 205.8, 
336.8, 163, 259.7, 257.7, 354, 1158, 1253, 1478, 1059, 55, 2053, 
1510, 1968, 2, 347, 824, 3, 1, 1, 4, 1, 1, 1, 1, 1490, 8, 2, 
100, 100, 100, 100, 100, 100, 100, 100, 100, 100, 100, 2500, 
2500, 2500, 2500, 2500, 2500, 2500, 2500, 2500, 2500, 2500, 8077.699, 
9176.233, 10041.311, 10979.478, 12179.523, 13861.434, 15119.812, 
18019.949, 20053.263, 22886.962, 25093.443, 1, 1, 1, 1, 1, 1, 
1, 1, 1, 1, 1, 0.33333, 0.33333, 0.33333, 0.33333, 0.33333, 0.33333, 
0.33333, 0.33333, 0.33333, 0.33333, 0.33333, 0, 0, 0, 0, 0, 0, 
0, 0, 0, 0, 0, 0, 0, 0, 0, 0, 0, 0, 0, 0, 0, 0, 0.92236, 0.92015, 
0.92388, 0.92457, 0.92277, 0.92105, 0.92072, 0.9194, 0.91919, 
0.91899, 0.91627, 0.92236, 0.92015, 0.92388, 0.92457, 0.92277, 
0.92105, 0.92072, 0.9194, 0.91919, 0.91899, 0.91627, 0.0303, 
0.037, 0.0416, 0.0466, 0.0534, 0.0622, 0.0678, 0.0851, 0.095, 
0.1153, 0.1202, 99, 117.3, 119.2, 126.3, 142.6, 162, 172.6, 193.5, 
208, 233.9, 236.8, 1, 1, 1, 1, 1, 1, 1, 1, 1, 1, 1, 1, 1, 1, 
1, 1, 1, 1, 1, 1, 1, 1, 1, 1, 1, 1, 1, 1, 1, 1, 1, 1, 1, 1, 1, 
1, 1, 1, 1, 1, 1, 1, 1, 1, 2.453, 2.461, 2.747, 2.839, 3.001, 
2.661, 2.656, 3.06, 3.099, 3.546, 3.534), .Dim = c(11L, 40L), .Dimnames = list(
    NULL, c("Sampling", "PSO.cost", "PSO.gamma", "PSO.data.balancing", 
    "PSO.feature.selection", "PSO.valid.acc", "PSO.test.acc", 
    "PSO.train.time", "PSO.n.support.vectors", "PSO.index", "PSO.n.solutions", 
    "PSO.generations", "PSO.n.evaluations", "PSO.cpu.time", "RS.cost", 
    "RS.gamma", "RS.data.balancing", "RS.feature.selection", 
    "RS.valid.acc", "RS.test.acc", "RS.train.time", "RS.n.support.vectors", 
    "RS.index", "RS.n.solutions", "RS.generations", "RS.n.evaluations", 
    "RS.cpu.time", "DF.cost", "DF.gamma", "DF.data.balancing", 
    "DF.feature.selection", "DF.valid.acc", "DF.test.acc", "DF.train.time", 
    "DF.n.support.vectors", "DF.index", "DF.n.solutions", "DF.generations", 
    "DF.n.evaluations", "DF.cpu.time")))
