full <-
structure(c(50, 55, 60, 65, 70, 75, 80, 85, 90, 95, 100, 9.16163, 
0.55635, -0.05621, 0.22467, 0.23894, -0.07301, 0.14869, 0.28288, 
-0.00766, -0.32103, 0.31217, -4.13534, 1.45019, 2.44119, 3, 3, 
3, 3, 1.56665, 1.60965, 1.12331, 1.39094, 0, 0, 0, 0, 0, 0, 0, 
0, 0, 0, 0, 0, 0, 0, 0, 0, 0, 0, 0, 0, 0, 0, 0.91906, 0.92324, 
0.91551, 0.91556, 0.91906, 0.91767, 0.91963, 0.92331, 0.91912, 
0.91894, 0.9205, 0.91567, 0.91557, 0.91408, 0.91688, 0.91786, 
0.91654, 0.91754, 0.92037, 0.91818, 0.91627, 0.91964, 0.0873, 
0.0764, 0.154, 0.2524, 0.2843, 0.309, 0.3711, 0.1658, 0.1843, 
0.1467, 0.1809, 96.9, 284, 421.6, 506.3, 536.2, 566.1, 604.7, 
404.7, 418.8, 341.2, 398.7, 231, 839, 1851, 416, 529, 1086, 684, 
2121, 840, 1133, 910, 246, 130, 20, 389, 292, 76, 209, 6, 451, 
130, 276, 100, 100, 100, 100, 100, 100, 100, 100, 100, 100, 100, 
2500, 2500, 2500, 2500, 2500, 2500, 2500, 2500, 2500, 2500, 2500, 
9988.781, 8741.157, 9175.301, 11122.946, 11895.148, 11648.186, 
12834.985, 11156.586, 13981.765, 16718.544, 19046.946, 0.72799, 
0.64094, -0.06857, 14.9254, 0.04349, -0.08835, 0.20072, 0.22444, 
0.14139, -0.28837, -0.04507, 1.5612, 1.42662, 2.41269, -8.09885, 
1.91361, 2.66389, 2.82417, 1.93049, 2.12483, 1.21491, 2.10575, 
0, 0, 0, 0, 0, 0, 0, 0, 0, 0, 0, 0, 0, 0, 0, 0, 0, 0, 0, 0, 0, 
0, 0.91894, 0.92172, 0.91551, 0.91428, 0.91906, 0.91767, 0.91856, 
0.92233, 0.91912, 0.91805, 0.91966, 0.91725, 0.91398, 0.91408, 
0.91168, 0.91784, 0.91654, 0.91858, 0.92038, 0.91818, 0.91627, 
0.91881, 0.0787, 0.082, 0.1518, 3.0312, 0.1532, 0.2305, 0.3003, 
0.1978, 0.2305, 0.1504, 0.2636, 282.1, 282.7, 416.3, 129.2, 396.2, 
530.5, 581.7, 468.4, 513.3, 358.1, 550.8, 1556, 2033, 2482, 658, 
1086, 2074, 2469, 1000, 2472, 1310, 160, 2, 1, 1, 3, 2, 1, 1, 
1, 1, 1, 3, 100, 100, 100, 100, 100, 100, 100, 100, 100, 100, 
100, 2500, 2500, 2500, 2500, 2500, 2500, 2500, 2500, 2500, 2500, 
2500, 8396.04, 9484.469, 11949.912, 13650.437, 14848.608, 14912.548, 
16025.742, 16251.156, 21470.98, 25794.963, 27751.026, 1, 1, 1, 
1, 1, 1, 1, 1, 1, 1, 1, 0.33333, 0.33333, 0.33333, 0.33333, 0.33333, 
0.33333, 0.33333, 0.33333, 0.33333, 0.33333, 0.33333, 0, 0, 0, 
0, 0, 0, 0, 0, 0, 0, 0, 0, 0, 0, 0, 0, 0, 0, 0, 0, 0, 0, 0.91555, 
0.91718, 0.9127, 0.91425, 0.91664, 0.91653, 0.91542, 0.91637, 
0.91444, 0.91626, 0.91627, 0.91389, 0.91718, 0.9127, 0.91425, 
0.91664, 0.91653, 0.91542, 0.91539, 0.91444, 0.91626, 0.91542, 
0.0352, 0.0418, 0.0552, 0.0627, 0.0702, 0.0814, 0.0821, 0.0962, 
0.1127, 0.12, 0.1374, 110.9, 129, 145.9, 156.3, 160.7, 173, 175.1, 
190.3, 219.8, 230.4, 240.3, 1, 1, 1, 1, 1, 1, 1, 1, 1, 1, 1, 
1, 1, 1, 1, 1, 1, 1, 1, 1, 1, 1, 1, 1, 1, 1, 1, 1, 1, 1, 1, 1, 
1, 1, 1, 1, 1, 1, 1, 1, 1, 1, 1, 1, 2.61, 2.686, 3.054, 3.15, 
3.282, 3.351, 3.282, 3.524, 3.652, 3.581, 3.955), .Dim = c(11L, 
40L), .Dimnames = list(NULL, c("Sampling", "PSO.cost", "PSO.gamma", 
"PSO.data.balancing", "PSO.feature.selection", "PSO.valid.acc", 
"PSO.test.acc", "PSO.train.time", "PSO.n.support.vectors", "PSO.index", 
"PSO.n.solutions", "PSO.generations", "PSO.n.evaluations", "PSO.cpu.time", 
"RS.cost", "RS.gamma", "RS.data.balancing", "RS.feature.selection", 
"RS.valid.acc", "RS.test.acc", "RS.train.time", "RS.n.support.vectors", 
"RS.index", "RS.n.solutions", "RS.generations", "RS.n.evaluations", 
"RS.cpu.time", "DF.cost", "DF.gamma", "DF.data.balancing", "DF.feature.selection", 
"DF.valid.acc", "DF.test.acc", "DF.train.time", "DF.n.support.vectors", 
"DF.index", "DF.n.solutions", "DF.generations", "DF.n.evaluations", 
"DF.cpu.time")))
