full <-
structure(c(50, 55, 60, 65, 70, 75, 80, 85, 90, 95, 100, 2.1056, 
0.54045, 0.37892, -0.21495, 1.25579, 0.16147, 0.59635, 0.38786, 
0.46883, 0.4324, 0.27851, 0.26744, 1.55118, 0.10995, 0.39248, 
0.01643, 0.31563, 0.09928, 1.18359, 0.25454, 1.63524, 1.51729, 
0, 0, 0, 0, 0, 0, 0, 0, 0, 0, 0, 0, 0, 0, 0, 0, 0, 0, 0, 0, 0, 
0, 0.9242, 0.9216, 0.92677, 0.92848, 0.92757, 0.9245, 0.926, 
0.92434, 0.92481, 0.92429, 0.92135, 0.91909, 0.9216, 0.92116, 
0.92457, 0.91551, 0.9245, 0.92067, 0.92234, 0.92293, 0.92251, 
0.92049, 0.0392, 0.0856, 0.0519, 0.0599, 0.0596, 0.0686, 0.0757, 
0.1155, 0.095, 0.1746, 0.1724, 155.6, 299.6, 175.9, 199, 178.9, 
208.8, 204.6, 333.1, 238.6, 436.8, 419.4, 650, 1565, 1372, 306, 
1081, 887, 348, 267, 1523, 577, 987, 345, 64, 14, 443, 118, 282, 
814, 768, 23, 357, 208, 100, 100, 100, 100, 100, 100, 100, 100, 
100, 100, 100, 2500, 2500, 2500, 2500, 2500, 2500, 2500, 2500, 
2500, 2500, 2500, 6508.847, 8077.772, 16095.081, 8421.76000000001, 
8828.576, 10245.114, 9210.323, 9421.01000000001, 10406.47, 10739.237, 
18543.281, 1.73456, 0.37466, 0.48467, -0.14839, 1.09855, 0.21243, 
0.20964, 0.37504, 0.40611, 0.276, -0.05042, 0.38393, 0.7846, 
-0.31548, 0.24572, 0.05634, 0.09374, 0.49661, 1.35832, 0.36473, 
1.11001, 1.23479, 0, 0, 0, 0, 0, 0, 0, 0, 0, 0, 0, 0, 0, 0, 0, 
0, 0, 0, 0, 0, 0, 0, 0.92253, 0.92158, 0.92534, 0.92848, 0.9264, 
0.9245, 0.926, 0.92434, 0.9248, 0.92339, 0.92049, 0.92417, 0.9216, 
0.92255, 0.92457, 0.91793, 0.9245, 0.92068, 0.92334, 0.92386, 
0.92339, 0.9188, 0.0436, 0.0593, 0.0466, 0.0559, 0.0612, 0.0681, 
0.0817, 0.1302, 0.096, 0.1367, 0.1506, 168.5, 222.8, 156.7, 186.3, 
181.8, 196.5, 233.5, 360.6, 245.2, 340.9, 369.5, 777, 416, 841, 
836, 146, 674, 1670, 897, 2379, 1549, 426, 2, 3, 3, 4, 1, 2, 
1, 1, 1, 1, 5, 100, 100, 100, 100, 100, 100, 100, 100, 100, 100, 
100, 2500, 2500, 2500, 2500, 2500, 2500, 2500, 2500, 2500, 2500, 
2500, 8094.382, 8740.572, 10150.904, 11144.721, 12669.233, 14290.204, 
17355.869, 20218.956, 20256.302, 22685.34, 26514.223, 1, 1, 1, 
1, 1, 1, 1, 1, 1, 1, 1, 0.33333, 0.33333, 0.33333, 0.33333, 0.33333, 
0.33333, 0.33333, 0.33333, 0.33333, 0.33333, 0.33333, 0, 0, 0, 
0, 0, 0, 0, 0, 0, 0, 0, 0, 0, 0, 0, 0, 0, 0, 0, 0, 0, 0, 0.91552, 
0.91545, 0.91689, 0.92327, 0.92165, 0.91885, 0.91859, 0.91737, 
0.91821, 0.91715, 0.91626, 0.91552, 0.91545, 0.91689, 0.92327, 
0.92165, 0.91885, 0.91859, 0.91737, 0.91821, 0.91715, 0.91626, 
0.0342, 0.0371, 0.0448, 0.0509, 0.0594, 0.0673, 0.0818, 0.0883, 
0.0996, 0.1069, 0.1323, 113.7, 119.9, 129.6, 135.9, 148.2, 167.9, 
179.9, 198.5, 205.8, 215.7, 245.9, 1, 1, 1, 1, 1, 1, 1, 1, 1, 
1, 1, 1, 1, 1, 1, 1, 1, 1, 1, 1, 1, 1, 1, 1, 1, 1, 1, 1, 1, 1, 
1, 1, 1, 1, 1, 1, 1, 1, 1, 1, 1, 1, 1, 1, 2.53, 2.526, 2.626, 
2.851, 2.901, 2.897, 3.452, 3.319, 3.626, 3.587, 3.923), .Dim = c(11L, 
40L), .Dimnames = list(NULL, c("Sampling", "PSO.cost", "PSO.gamma", 
"PSO.data.balancing", "PSO.feature.selection", "PSO.valid.acc", 
"PSO.test.acc", "PSO.train.time", "PSO.n.support.vectors", "PSO.index", 
"PSO.n.solutions", "PSO.generations", "PSO.n.evaluations", "PSO.cpu.time", 
"RS.cost", "RS.gamma", "RS.data.balancing", "RS.feature.selection", 
"RS.valid.acc", "RS.test.acc", "RS.train.time", "RS.n.support.vectors", 
"RS.index", "RS.n.solutions", "RS.generations", "RS.n.evaluations", 
"RS.cpu.time", "DF.cost", "DF.gamma", "DF.data.balancing", "DF.feature.selection", 
"DF.valid.acc", "DF.test.acc", "DF.train.time", "DF.n.support.vectors", 
"DF.index", "DF.n.solutions", "DF.generations", "DF.n.evaluations", 
"DF.cpu.time")))
