full <-
structure(c(50, 55, 60, 65, 70, 75, 80, 85, 90, 95, 100, 0.65332, 
1.92073, 0.56535, 0.54523, 1.26411, 0.53329, 0.38762, -0.09908, 
0.24834, 0.60274, 0.59004, 1.06101, -1.87817, 1.88499, -0.34958, 
-1.35363, 0.80966, 1.28182, 1.30924, 1.73123, 1.06363, 1.75289, 
0, 0, 0, 0, 0, 0, 0, 0, 0, 0, 0, 0, 0, 0, 0, 0, 0, 0, 0, 0, 0, 
0, 0.93923, 0.93406, 0.93521, 0.92978, 0.92632, 0.93233, 0.92604, 
0.92639, 0.9295, 0.92431, 0.92302, 0.93584, 0.9325, 0.9338, 0.93106, 
0.92632, 0.93121, 0.92285, 0.92441, 0.92763, 0.92253, 0.91713, 
0.0427, 0.0442, 0.1107, 0.0534, 0.0625, 0.0904, 0.1278, 0.1344, 
0.1822, 0.1349, 0.2196, 170.8, 113.1, 352.8, 146, 145.3, 250.7, 
327.9, 341.1, 428.6, 316, 473, 542, 612, 2068, 911, 548, 954, 
876, 294, 899, 514, 377, 413, 144, 2, 30, 36, 442, 54, 618, 340, 
122, 112, 100, 100, 100, 100, 100, 100, 100, 100, 100, 100, 100, 
2500, 2500, 2500, 2500, 2500, 2500, 2500, 2500, 2500, 2500, 2500, 
7759.634, 8045.719, 10454.912, 12964.09, 10990.552, 9476.21299999999, 
16610.324, 12109.88, 18469.148, 19804.105, 17052.679, 0.65115, 
1.085, 6.91526, 0.42681, 0.77857, 0.61077, 0.63949, -0.06475, 
0.23135, 0.67708, 0.42467, 0.78484, -1.31425, -4.36423, -0.24608, 
-1.10545, 1.22771, 1.33955, 1.71337, 1.81536, 1.09404, 1.46362, 
0, 0, 0, 0, 0, 0, 0, 0, 0, 0, 0, 0, 0, 0, 0, 0, 0, 0, 0, 0, 0, 
0, 0.93923, 0.93406, 0.93241, 0.92978, 0.92634, 0.93121, 0.92392, 
0.9254, 0.9295, 0.92431, 0.92216, 0.93584, 0.93094, 0.93241, 
0.93106, 0.9239, 0.9301, 0.92179, 0.9254, 0.92857, 0.92341, 0.91965, 
0.0381, 0.0437, 0.1087, 0.0538, 0.0654, 0.1162, 0.1372, 0.1652, 
0.1966, 0.1416, 0.1921, 143.7, 121.4, 112.5, 149.1, 149.2, 306.1, 
337.9, 416.1, 447.1, 319.5, 405.6, 1954, 1864, 2, 94, 1550, 1928, 
1571, 223, 2026, 990, 2024, 1, 1, 36, 1, 1, 2, 1, 6, 1, 2, 1, 
100, 100, 100, 100, 100, 100, 100, 100, 100, 100, 100, 2500, 
2500, 2500, 2500, 2500, 2500, 2500, 2500, 2500, 2500, 2500, 9913.117, 
10050.066, 11131.471, 11686.873, 13145.018, 14925.861, 17881.381, 
21216.288, 25089.125, 25057.668, 28197.797, 1, 1, 1, 1, 1, 1, 
1, 1, 1, 1, 1, 0.33333, 0.33333, 0.33333, 0.33333, 0.33333, 0.33333, 
0.33333, 0.33333, 0.33333, 0.33333, 0.33333, 0, 0, 0, 0, 0, 0, 
0, 0, 0, 0, 0, 0, 0, 0, 0, 0, 0, 0, 0, 0, 0, 0, 0.93242, 0.93099, 
0.92957, 0.92846, 0.92512, 0.92675, 0.92177, 0.92139, 0.9229, 
0.92164, 0.91626, 0.93242, 0.93099, 0.92957, 0.92846, 0.92512, 
0.92675, 0.92177, 0.92139, 0.9229, 0.92164, 0.91626, 0.0354, 
0.0421, 0.0476, 0.0521, 0.064, 0.0702, 0.0851, 0.0978, 0.1051, 
0.1191, 0.1369, 116, 121.4, 131.8, 135, 148.9, 155.7, 176.4, 
197, 200.5, 216.8, 241.6, 1, 1, 1, 1, 1, 1, 1, 1, 1, 1, 1, 1, 
1, 1, 1, 1, 1, 1, 1, 1, 1, 1, 1, 1, 1, 1, 1, 1, 1, 1, 1, 1, 1, 
1, 1, 1, 1, 1, 1, 1, 1, 1, 1, 1, 2.745, 2.952, 3.032, 2.993, 
3.374, 3.407, 3.546, 4.426, 4.418, 4.554, 4.816), .Dim = c(11L, 
40L), .Dimnames = list(NULL, c("Sampling", "PSO.cost", "PSO.gamma", 
"PSO.data.balancing", "PSO.feature.selection", "PSO.valid.acc", 
"PSO.test.acc", "PSO.train.time", "PSO.n.support.vectors", "PSO.index", 
"PSO.n.solutions", "PSO.generations", "PSO.n.evaluations", "PSO.cpu.time", 
"RS.cost", "RS.gamma", "RS.data.balancing", "RS.feature.selection", 
"RS.valid.acc", "RS.test.acc", "RS.train.time", "RS.n.support.vectors", 
"RS.index", "RS.n.solutions", "RS.generations", "RS.n.evaluations", 
"RS.cpu.time", "DF.cost", "DF.gamma", "DF.data.balancing", "DF.feature.selection", 
"DF.valid.acc", "DF.test.acc", "DF.train.time", "DF.n.support.vectors", 
"DF.index", "DF.n.solutions", "DF.generations", "DF.n.evaluations", 
"DF.cpu.time")))
