full <-
structure(c(50, 55, 60, 65, 70, 75, 80, 85, 90, 95, 100, 1, 1, 
-0.19479, 0.5278, 0.53537, 0.68879, 0.46273, 0.51623, -0.11269, 
0.56598, 0.71364, 0.33333, 0.33333, 2.43322, 1.53675, 1.44007, 
0.04377, 0.99103, 1.3768, 1.78859, 1.711, 1.157, 0, 0, 0, 0, 
0, 0, 0, 0, 0, 0, 0, 0, 0, 0, 0, 0, 0, 0, 0, 0, 0, 0, 0.91735, 
0.91544, 0.91823, 0.9245, 0.9227, 0.92107, 0.91874, 0.92136, 
0.91632, 0.92342, 0.92134, 0.91735, 0.91544, 0.91682, 0.9232, 
0.91424, 0.9188, 0.91339, 0.91541, 0.91443, 0.91808, 0.91711, 
0.0382, 0.0439, 0.1375, 0.1068, 0.1121, 0.0722, 0.1083, 0.1432, 
0.1966, 0.2145, 0.1504, 118.2, 126.5, 428.3, 333.2, 342.4, 201.9, 
301.7, 363.8, 459.6, 455, 353.6, 1, 1, 14, 924, 1316, 156, 905, 
195, 1046, 932, 1033, 1906, 1960, 431, 86, 81, 197, 196, 646, 
153, 293, 187, 100, 100, 100, 100, 100, 100, 100, 100, 100, 100, 
100, 2500, 2500, 2500, 2500, 2500, 2500, 2500, 2500, 2500, 2500, 
2500, 7955.957, 11623.163, 9883.357, 9278.482, 11465.634, 12144.769, 
10058.73, 10973.699, 13163.376, 12337.982, 12724.194, -0.66433, 
9.67215, -0.31523, 0.43922, 0.52174, 0.11286, 0.54841, 0.46257, 
-0.12716, 0.56988, 0.8307, -8.42502, -9.07187, 1.88244, 1.47292, 
1.27321, 1.63969, 1.49823, 1.39415, 1.89779, 1.28416, 1.43836, 
0, 0, 0, 0, 0, 0, 0, 0, 0, 0, 0, 0, 0, 0, 0, 0, 0, 0, 0, 0, 0, 
0, 0.91735, 0.91544, 0.91823, 0.9219, 0.92148, 0.91995, 0.91661, 
0.92036, 0.91538, 0.92074, 0.91965, 0.91735, 0.91544, 0.91682, 
0.92189, 0.91424, 0.92105, 0.91658, 0.91541, 0.91443, 0.91627, 
0.91965, 0.0345, 0.2572, 0.1108, 0.104, 0.1116, 0.1365, 0.1388, 
0.1407, 0.1968, 0.1536, 0.1849, 131.6, 279.2, 363.2, 325.7, 315.2, 
380.7, 373.4, 364.7, 482, 376, 403.9, 1, 1, 64, 107, 836, 100, 
504, 952, 2041, 2248, 919, 1322, 1588, 13, 1, 1, 2, 1, 2, 1, 
1, 1, 100, 100, 100, 100, 100, 100, 100, 100, 100, 100, 100, 
2500, 2500, 2500, 2500, 2500, 2500, 2500, 2500, 2500, 2500, 2500, 
9971.845, 11038.177, 11844.234, 12262.319, 14033.52, 14535.462, 
16107.004, 16972.45, 20687.116, 21192.317, 26718.418, 1, 1, 1, 
1, 1, 1, 1, 1, 1, 1, 1, 0.33333, 0.33333, 0.33333, 0.33333, 0.33333, 
0.33333, 0.33333, 0.33333, 0.33333, 0.33333, 0.33333, 0, 0, 0, 
0, 0, 0, 0, 0, 0, 0, 0, 0, 0, 0, 0, 0, 0, 0, 0, 0, 0, 0, 0.91735, 
0.91544, 0.91541, 0.91669, 0.91427, 0.91657, 0.9144, 0.91338, 
0.91161, 0.91624, 0.91625, 0.91735, 0.91544, 0.91541, 0.91669, 
0.91427, 0.91657, 0.9144, 0.91338, 0.91161, 0.91624, 0.91625, 
0.0397, 0.0405, 0.0467, 0.0562, 0.0642, 0.0716, 0.0788, 0.0935, 
0.1021, 0.1194, 0.1323, 118.2, 126.5, 135.9, 151.6, 159.7, 163.8, 
178, 195.5, 210.4, 221.5, 242.8, 1, 1, 1, 1, 1, 1, 1, 1, 1, 1, 
1, 1, 1, 1, 1, 1, 1, 1, 1, 1, 1, 1, 1, 1, 1, 1, 1, 1, 1, 1, 1, 
1, 1, 1, 1, 1, 1, 1, 1, 1, 1, 1, 1, 1, 2.807, 2.566, 2.67, 2.755, 
2.905, 3.115, 2.944, 3.344, 3.305, 3.625, 3.674), .Dim = c(11L, 
40L), .Dimnames = list(NULL, c("Sampling", "PSO.cost", "PSO.gamma", 
"PSO.data.balancing", "PSO.feature.selection", "PSO.valid.acc", 
"PSO.test.acc", "PSO.train.time", "PSO.n.support.vectors", "PSO.index", 
"PSO.n.solutions", "PSO.generations", "PSO.n.evaluations", "PSO.cpu.time", 
"RS.cost", "RS.gamma", "RS.data.balancing", "RS.feature.selection", 
"RS.valid.acc", "RS.test.acc", "RS.train.time", "RS.n.support.vectors", 
"RS.index", "RS.n.solutions", "RS.generations", "RS.n.evaluations", 
"RS.cpu.time", "DF.cost", "DF.gamma", "DF.data.balancing", "DF.feature.selection", 
"DF.valid.acc", "DF.test.acc", "DF.train.time", "DF.n.support.vectors", 
"DF.index", "DF.n.solutions", "DF.generations", "DF.n.evaluations", 
"DF.cpu.time")))
