full <-
structure(c(50, 55, 60, 65, 70, 75, 80, 85, 90, 95, 100, 0.74541, 
0.36534, 0.50079, -0.12403, 1.29862, 0.52839, 0.33482, -0.42534, 
-0.02647, 0.47714, 0.48135, 1.98276, 0.39335, -0.68501, 0.88869, 
-0.28624, 1.15434, 2.70155, 0.81816, 1.09376, 1.7178, 1.63027, 
0, 0, 0, 0, 0, 0, 0, 0, 0, 0, 0, 0, 0, 0, 0, 0, 0, 0, 0, 0, 0, 
0, 0.9308, 0.93083, 0.9281, 0.92854, 0.92886, 0.92668, 0.92597, 
0.92236, 0.92198, 0.91981, 0.9205, 0.92738, 0.92932, 0.92808, 
0.92721, 0.92524, 0.9188, 0.9249, 0.92138, 0.92008, 0.91626, 
0.9171, 0.0955, 0.053, 0.0477, 0.0863, 0.0625, 0.1097, 0.3044, 
0.1065, 0.1309, 0.2026, 0.2091, 337.4, 190.6, 140.8, 263.4, 165.3, 
314.2, 570.6, 279, 330.9, 451.1, 446.8, 595, 174, 421, 260, 349, 
1233, 541, 432, 458, 553, 1372, 169, 750, 123, 471, 478, 50, 
667, 268, 508, 350, 212, 100, 100, 100, 100, 100, 100, 100, 100, 
100, 100, 100, 2500, 2500, 2500, 2500, 2500, 2500, 2500, 2500, 
2500, 2500, 2500, 7128.596, 8841.294, 7220.322, 8184.766, 7799.36500000001, 
10366.277, 12200.228, 12970.025, 14977.424, 15313.379, 14207.96, 
0.7098, 0.19206, 0.13853, -0.15986, 0.502, 0.89544, 0.48553, 
1.31655, -0.21361, 0.50869, 0.18006, -0.93028, 0.5774, -0.01413, 
0.2789, -0.29594, 2.50666, 1.78672, -0.26954, 0.81838, 1.33491, 
2.02615, 0, 0, 0, 0, 0, 0, 0, 0, 0, 0, 0, 0, 0, 0, 0, 0, 0, 0, 
0, 0, 0, 0, 0.92908, 0.93083, 0.92669, 0.92854, 0.92884, 0.92557, 
0.92487, 0.9204, 0.92198, 0.91893, 0.91965, 0.92905, 0.93088, 
0.92667, 0.92717, 0.92762, 0.91993, 0.92486, 0.91841, 0.92198, 
0.91626, 0.9188, 0.0369, 0.0596, 0.0529, 0.064, 0.0612, 0.2389, 
0.1635, 0.089, 0.1224, 0.1598, 0.2803, 124.8, 202.2, 172.2, 205.3, 
167.9, 518.3, 430.9, 196.6, 291.9, 372.7, 533.1, 1982, 32, 188, 
274, 1964, 428, 1436, 1035, 172, 1410, 527, 1, 4, 10, 1, 1, 1, 
1, 3, 4, 1, 2, 100, 100, 100, 100, 100, 100, 100, 100, 100, 100, 
100, 2500, 2500, 2500, 2500, 2500, 2500, 2500, 2500, 2500, 2500, 
2500, 9539.363, 10798.7, 11591.669, 12384.329, 13595.892, 15296.726, 
16176.868, 19270.198, 23473.437, 24821.482, 26521.094, 1, 1, 
1, 1, 1, 1, 1, 1, 1, 1, 1, 0.33333, 0.33333, 0.33333, 0.33333, 
0.33333, 0.33333, 0.33333, 0.33333, 0.33333, 0.33333, 0.33333, 
0, 0, 0, 0, 0, 0, 0, 0, 0, 0, 0, 0, 0, 0, 0, 0, 0, 0, 0, 0, 0, 
0, 0.9223, 0.92165, 0.92247, 0.9207, 0.92035, 0.92221, 0.91963, 
0.9194, 0.91914, 0.91535, 0.91541, 0.9223, 0.92165, 0.92247, 
0.9207, 0.92035, 0.92221, 0.91963, 0.9194, 0.91914, 0.91535, 
0.91626, 0.0373, 0.0454, 0.0463, 0.0535, 0.058, 0.0689, 0.0753, 
0.0964, 0.1055, 0.126, 0.1379, 119.2, 125.9, 131.4, 138.1, 143.5, 
156.2, 170.5, 188.1, 208.1, 232.9, 238.4, 1, 1, 1, 1, 1, 1, 1, 
1, 1, 1, 1, 1, 1, 1, 1, 1, 1, 1, 1, 1, 1, 1, 1, 1, 1, 1, 1, 1, 
1, 1, 1, 1, 1, 1, 1, 1, 1, 1, 1, 1, 1, 1, 1, 1, 2.557, 2.899, 
2.589, 2.791, 2.776, 2.917, 2.972, 3.468, 3.422, 3.706, 3.906
), .Dim = c(11L, 40L), .Dimnames = list(NULL, c("Sampling", "PSO.cost", 
"PSO.gamma", "PSO.data.balancing", "PSO.feature.selection", "PSO.valid.acc", 
"PSO.test.acc", "PSO.train.time", "PSO.n.support.vectors", "PSO.index", 
"PSO.n.solutions", "PSO.generations", "PSO.n.evaluations", "PSO.cpu.time", 
"RS.cost", "RS.gamma", "RS.data.balancing", "RS.feature.selection", 
"RS.valid.acc", "RS.test.acc", "RS.train.time", "RS.n.support.vectors", 
"RS.index", "RS.n.solutions", "RS.generations", "RS.n.evaluations", 
"RS.cpu.time", "DF.cost", "DF.gamma", "DF.data.balancing", "DF.feature.selection", 
"DF.valid.acc", "DF.test.acc", "DF.train.time", "DF.n.support.vectors", 
"DF.index", "DF.n.solutions", "DF.generations", "DF.n.evaluations", 
"DF.cpu.time")))
