full <-
structure(c(50, 55, 60, 65, 70, 75, 80, 85, 90, 95, 100, 1.96618, 
0.56273, 0.96306, 0.94092, 0.1911, 0.65135, -0.0056, 0.18324, 
1.00233, 0.08489, 0.58297, -8.75681, 1.45994, 1.64233, 1.18998, 
0.29433, 0.17236, 0.31297, 1.76333, 1.52616, 1.50659, 1.15324, 
0, 0, 0, 0, 0, 0, 0, 0, 0, 0, 0, 0, 0, 0, 0, 0, 0, 0, 0, 0, 0, 
0, 0.93076, 0.93864, 0.93382, 0.93628, 0.93719, 0.93582, 0.92605, 
0.92535, 0.92478, 0.92338, 0.92388, 0.93076, 0.93554, 0.93241, 
0.93239, 0.93719, 0.93467, 0.92604, 0.92435, 0.91912, 0.92161, 
0.92134, 0.0408, 0.0874, 0.1099, 0.0941, 0.0708, 0.0711, 0.087, 
0.1868, 0.1755, 0.1728, 0.1608, 152.6, 296.3, 327.7, 285.1, 198.7, 
194.8, 218.7, 443.3, 407.6, 419.5, 350, 4, 2057, 2236, 242, 56, 
656, 83, 89, 1012, 442, 687, 2158, 9, 8, 149, 515, 322, 800, 
836, 61, 383, 301, 100, 100, 100, 100, 100, 100, 100, 100, 100, 
100, 100, 2500, 2500, 2500, 2500, 2500, 2500, 2500, 2500, 2500, 
2500, 2500, 8143.392, 15583.866, 10022.91, 9588.268, 11380.399, 
8526.351, 10624.151, 10775.024, 14874.14, 13693.097, 22187.331, 
12.00384, 0.77546, 1.29049, 0.60541, 0.56206, 0.72796, -0.07278, 
0.1672, 2.76675, -0.07725, 0.56302, -13.22249, 1.20857, 1.08315, 
0.83327, -0.41886, 0.15943, 0.99556, 1.95007, -0.25738, 1.74257, 
1.19921, 0, 0, 0, 0, 0, 0, 0, 0, 0, 0, 0, 0, 0, 0, 0, 0, 0, 0, 
0, 0, 0, 0, 0.93076, 0.93864, 0.93382, 0.93502, 0.93719, 0.9347, 
0.92605, 0.92535, 0.92383, 0.92248, 0.92388, 0.93076, 0.934, 
0.93239, 0.93502, 0.93719, 0.93467, 0.92604, 0.92535, 0.92008, 
0.92339, 0.92134, 0.1502, 0.0784, 0.0793, 0.0784, 0.0622, 0.0755, 
0.1091, 0.2144, 0.1035, 0.2214, 0.1665, 136.2, 264.9, 256.8, 
242.2, 160.4, 193.7, 288.5, 479.8, 196.7, 469.3, 359.1, 1, 840, 
785, 48, 533, 2417, 233, 202, 483, 614, 2191, 1233, 2, 4, 4, 
9, 1, 7, 17, 1, 1, 2, 100, 100, 100, 100, 100, 100, 100, 100, 
100, 100, 100, 2500, 2500, 2500, 2500, 2500, 2500, 2500, 2500, 
2500, 2500, 2500, 8765.09, 9984.216, 10486.759, 11547.938, 11912.528, 
13160.209, 17385.826, 19760.583, 22728.174, 22526.147, 30975.375, 
1, 1, 1, 1, 1, 1, 1, 1, 1, 1, 1, 0.33333, 0.33333, 0.33333, 0.33333, 
0.33333, 0.33333, 0.33333, 0.33333, 0.33333, 0.33333, 0.33333, 
0, 0, 0, 0, 0, 0, 0, 0, 0, 0, 0, 0, 0, 0, 0, 0, 0, 0, 0, 0, 0, 
0, 0.92906, 0.93085, 0.93237, 0.9324, 0.9324, 0.93017, 0.92286, 
0.92235, 0.92103, 0.91894, 0.91626, 0.92906, 0.93242, 0.93237, 
0.9324, 0.93358, 0.93017, 0.92391, 0.92135, 0.92103, 0.91894, 
0.91626, 0.0362, 0.0424, 0.0494, 0.0557, 0.0627, 0.074, 0.0838, 
0.0944, 0.1093, 0.113, 0.1359, 110.2, 118.3, 127.4, 138.9, 143.8, 
159, 175.2, 196, 211.3, 215.8, 244.4, 1, 1, 1, 1, 1, 1, 1, 1, 
1, 1, 1, 1, 1, 1, 1, 1, 1, 1, 1, 1, 1, 1, 1, 1, 1, 1, 1, 1, 1, 
1, 1, 1, 1, 1, 1, 1, 1, 1, 1, 1, 1, 1, 1, 1, 2.796, 2.944, 2.949, 
3.009, 3.099, 3.108, 3.349, 3.316, 3.646, 3.474, 4.613), .Dim = c(11L, 
40L), .Dimnames = list(NULL, c("Sampling", "PSO.cost", "PSO.gamma", 
"PSO.data.balancing", "PSO.feature.selection", "PSO.valid.acc", 
"PSO.test.acc", "PSO.train.time", "PSO.n.support.vectors", "PSO.index", 
"PSO.n.solutions", "PSO.generations", "PSO.n.evaluations", "PSO.cpu.time", 
"RS.cost", "RS.gamma", "RS.data.balancing", "RS.feature.selection", 
"RS.valid.acc", "RS.test.acc", "RS.train.time", "RS.n.support.vectors", 
"RS.index", "RS.n.solutions", "RS.generations", "RS.n.evaluations", 
"RS.cpu.time", "DF.cost", "DF.gamma", "DF.data.balancing", "DF.feature.selection", 
"DF.valid.acc", "DF.test.acc", "DF.train.time", "DF.n.support.vectors", 
"DF.index", "DF.n.solutions", "DF.generations", "DF.n.evaluations", 
"DF.cpu.time")))
