full <-
structure(c(50, 55, 60, 65, 70, 75, 80, 85, 90, 95, 100, 1, 1, 
1, 0.52948, 0.79981, 1.54314, 0.60012, 0.74824, 0.56375, -0.17383, 
0.60908, 0.33333, 0.33333, 0.33333, 1.20716, 0.77372, 0.4725, 
0.94849, 0.94317, 1.35843, 2.49733, 1.82569, 0, 0, 0, 0, 0, 0, 
0, 0, 0, 0, 0, 0, 0, 0, 0, 0, 0, 0, 0, 0, 0, 0, 0.91894, 0.92312, 
0.92252, 0.92585, 0.92395, 0.92341, 0.92177, 0.92345, 0.91633, 
0.91714, 0.92046, 0.91894, 0.92312, 0.92252, 0.92717, 0.92034, 
0.92111, 0.91966, 0.92044, 0.91633, 0.91535, 0.91624, 0.0409, 
0.0455, 0.0512, 0.0842, 0.0629, 0.0627, 0.0944, 0.1023, 0.136, 
0.2907, 0.2239, 120.9, 125.6, 134.4, 262.5, 191, 174.1, 257.9, 
259.4, 352.2, 608.9, 493.4, 1, 1, 1, 851, 1899, 1698, 804, 813, 
256, 1576, 1633, 1997, 1927, 2015, 41, 7, 34, 268, 298, 47, 32, 
17, 100, 100, 100, 100, 100, 100, 100, 100, 100, 100, 100, 2500, 
2500, 2500, 2500, 2500, 2500, 2500, 2500, 2500, 2500, 2500, 8320.534, 
10803.431, 9299.30699999999, 12530.026, 11584.414, 10459.629, 
16909.753, 13602.46, 18889.756, 13976.054, 19947.583, -1.00789, 
6.84896, -1.04484, 0.61108, 14.63046, 1.7535, 0.52989, 0.85447, 
0.80146, 0.7574, 0.51623, 0.58213, -4.77013, -12.70192, 1.0685, 
-6.42591, 0.09075, 1.22316, 1.15032, 0.51448, 1.29992, 1.60041, 
0, 0, 0, 0, 0, 0, 0, 0, 0, 0, 0, 0, 0, 0, 0, 0, 0, 0, 0, 0, 0, 
0, 0.91894, 0.92312, 0.92252, 0.92589, 0.92401, 0.9234, 0.92072, 
0.92247, 0.9163, 0.91711, 0.92046, 0.91894, 0.92312, 0.92252, 
0.92589, 0.92157, 0.92111, 0.91756, 0.92045, 0.91536, 0.91443, 
0.91454, 0.0431, 0.1243, 0.0271, 0.0776, 4.2769, 0.064, 0.108, 
0.114, 0.097, 0.1578, 0.1995, 180.9, 127.8, 72.9, 243.3, 139.9, 
165.7, 299.3, 297.1, 234, 358.2, 440.1, 1, 2, 1, 578, 476, 1809, 
1817, 161, 691, 1933, 373, 1466, 1532, 1554, 1, 2, 2, 1, 3, 2, 
1, 1, 100, 100, 100, 100, 100, 100, 100, 100, 100, 100, 100, 
2500, 2500, 2500, 2500, 2500, 2500, 2500, 2500, 2500, 2500, 2500, 
9811.523, 10609.429, 11474.654, 13572.278, 14733.038, 15326.507, 
18967.465, 20767.539, 23861.468, 26277.401, 25685.047, 1, 1, 
1, 1, 1, 1, 1, 1, 1, 1, 1, 0.33333, 0.33333, 0.33333, 0.33333, 
0.33333, 0.33333, 0.33333, 0.33333, 0.33333, 0.33333, 0.33333, 
0, 0, 0, 0, 0, 0, 0, 0, 0, 0, 0, 0, 0, 0, 0, 0, 0, 0, 0, 0, 0, 
0, 0.91894, 0.92312, 0.92252, 0.92454, 0.92279, 0.92338, 0.91754, 
0.91944, 0.91536, 0.91624, 0.91625, 0.91894, 0.92312, 0.92252, 
0.92454, 0.92279, 0.92338, 0.91754, 0.91944, 0.91536, 0.91624, 
0.91625, 0.0387, 0.0442, 0.0481, 0.0595, 0.0629, 0.0707, 0.0907, 
0.0996, 0.1113, 0.1251, 0.1338, 120.9, 125.6, 134.4, 151.1, 159.3, 
165.5, 197.5, 214.4, 219.2, 241, 247.1, 1, 1, 1, 1, 1, 1, 1, 
1, 1, 1, 1, 1, 1, 1, 1, 1, 1, 1, 1, 1, 1, 1, 1, 1, 1, 1, 1, 1, 
1, 1, 1, 1, 1, 1, 1, 1, 1, 1, 1, 1, 1, 1, 1, 1, 2.914, 3.033, 
2.951, 3.093, 2.911, 3.053, 3.512, 3.377, 3.528, 3.62, 3.733), .Dim = c(11L, 
40L), .Dimnames = list(NULL, c("Sampling", "PSO.cost", "PSO.gamma", 
"PSO.data.balancing", "PSO.feature.selection", "PSO.valid.acc", 
"PSO.test.acc", "PSO.train.time", "PSO.n.support.vectors", "PSO.index", 
"PSO.n.solutions", "PSO.generations", "PSO.n.evaluations", "PSO.cpu.time", 
"RS.cost", "RS.gamma", "RS.data.balancing", "RS.feature.selection", 
"RS.valid.acc", "RS.test.acc", "RS.train.time", "RS.n.support.vectors", 
"RS.index", "RS.n.solutions", "RS.generations", "RS.n.evaluations", 
"RS.cpu.time", "DF.cost", "DF.gamma", "DF.data.balancing", "DF.feature.selection", 
"DF.valid.acc", "DF.test.acc", "DF.train.time", "DF.n.support.vectors", 
"DF.index", "DF.n.solutions", "DF.generations", "DF.n.evaluations", 
"DF.cpu.time")))
