full <-
structure(c(50, 55, 60, 65, 70, 75, 80, 85, 90, 95, 100, 1, 1, 
1, 7.71399, 1, 0.09645, 0.15696, 0.23906, 0.16519, 0.07561, 0.07404, 
0.33333, 0.33333, 0.33333, -3.6701, 0.33333, 1.49525, 1.21557, 
2.1295, 2.03386, 0.70805, 1.47438, 0, 0, 0, 0, 0, 0, 0, 0, 0, 
0, 0, 0, 0, 0, 0, 0, 0, 0, 0, 0, 0, 0, 0.91555, 0.91085, 0.9085, 
0.91411, 0.91423, 0.91995, 0.92185, 0.92342, 0.92289, 0.91445, 
0.92049, 0.91555, 0.91085, 0.9085, 0.9089, 0.91423, 0.9188, 0.92075, 
0.92239, 0.92195, 0.91357, 0.91965, 0.0405, 0.0486, 0.0559, 0.1726, 
0.0749, 0.1307, 0.122, 0.2366, 0.2248, 0.1305, 0.1807, 120.9, 
136, 148.8, 138.1, 171.8, 357.4, 328.6, 499, 499, 285.9, 414.2, 
1, 1, 1, 723, 1, 536, 186, 490, 532, 573, 1706, 1895, 2053, 1895, 
27, 1748, 278, 536, 591, 186, 53, 24, 100, 100, 100, 100, 100, 
100, 100, 100, 100, 100, 100, 2500, 2500, 2500, 2500, 2500, 2500, 
2500, 2500, 2500, 2500, 2500, 10062.024, 12358.924, 10554.883, 
11116.039, 15833.869, 12819.668, 15549.781, 14514.428, 16634.483, 
17372.946, 24000.118, 11.92939, -0.03905, 0.04841, 9.31542, 1.96601, 
-0.18986, 0.09354, 0.30253, 0.28942, 5.97437, 0.21955, -12.67152, 
-10.12569, -11.51457, -4.34697, -14.26471, 1.2836, 1.24469, 2.00036, 
2.44825, -11.23625, 1.43978, 0, 0, 0, 0, 0, 0, 0, 0, 0, 0, 0, 
0, 0, 0, 0, 0, 0, 0, 0, 0, 0, 0, 0.91555, 0.91085, 0.9085, 0.91411, 
0.91423, 0.91883, 0.92185, 0.92244, 0.92194, 0.91357, 0.92048, 
0.91555, 0.91085, 0.9085, 0.90888, 0.91423, 0.9188, 0.92183, 
0.92141, 0.92101, 0.91357, 0.91963, 0.1882, 0.0321, 0.0311, 0.3727, 
0.0356, 0.1111, 0.132, 0.1915, 0.2704, 0.172, 0.1946, 162.8, 
107.1, 89.9, 139.1, 92.6, 323.5, 333.1, 476.1, 571.2, 310.9, 
407.4, 3, 1, 2, 799, 1, 485, 1459, 2490, 1970, 1, 685, 1351, 
1455, 1439, 2, 1388, 2, 1, 1, 1, 1350, 2, 100, 100, 100, 100, 
100, 100, 100, 100, 100, 100, 100, 2500, 2500, 2500, 2500, 2500, 
2500, 2500, 2500, 2500, 2500, 2500, 12255.84, 13215.864, 13836.113, 
14308.026, 17394.33, 18488.063, 21016.16, 21626.469, 25969.675, 
28005.072, 28290.714, 1, 1, 1, 1, 1, 1, 1, 1, 1, 1, 1, 0.33333, 
0.33333, 0.33333, 0.33333, 0.33333, 0.33333, 0.33333, 0.33333, 
0.33333, 0.33333, 0.33333, 0, 0, 0, 0, 0, 0, 0, 0, 0, 0, 0, 0, 
0, 0, 0, 0, 0, 0, 0, 0, 0, 0, 0.91555, 0.91085, 0.9085, 0.91409, 
0.91423, 0.91542, 0.91758, 0.91744, 0.91727, 0.91267, 0.91626, 
0.91555, 0.91085, 0.9085, 0.91409, 0.91423, 0.91542, 0.91758, 
0.91744, 0.91727, 0.91357, 0.91626, 0.0397, 0.0479, 0.0556, 0.0629, 
0.0757, 0.0815, 0.0959, 0.0998, 0.1136, 0.1332, 0.1341, 120.9, 
136, 148.8, 154.6, 171.8, 178.3, 195.6, 210.2, 221.6, 240, 235.8, 
1, 1, 1, 1, 1, 1, 1, 1, 1, 1, 1, 1, 1, 1, 1, 1, 1, 1, 1, 1, 1, 
1, 1, 1, 1, 1, 1, 1, 1, 1, 1, 1, 1, 1, 1, 1, 1, 1, 1, 1, 1, 1, 
1, 1, 3.025, 3.144, 3.277, 3.409, 3.681, 3.775, 3.967, 3.714, 
3.955, 4.126, 3.951), .Dim = c(11L, 40L), .Dimnames = list(NULL, 
    c("Sampling", "PSO.cost", "PSO.gamma", "PSO.data.balancing", 
    "PSO.feature.selection", "PSO.valid.acc", "PSO.test.acc", 
    "PSO.train.time", "PSO.n.support.vectors", "PSO.index", "PSO.n.solutions", 
    "PSO.generations", "PSO.n.evaluations", "PSO.cpu.time", "RS.cost", 
    "RS.gamma", "RS.data.balancing", "RS.feature.selection", 
    "RS.valid.acc", "RS.test.acc", "RS.train.time", "RS.n.support.vectors", 
    "RS.index", "RS.n.solutions", "RS.generations", "RS.n.evaluations", 
    "RS.cpu.time", "DF.cost", "DF.gamma", "DF.data.balancing", 
    "DF.feature.selection", "DF.valid.acc", "DF.test.acc", "DF.train.time", 
    "DF.n.support.vectors", "DF.index", "DF.n.solutions", "DF.generations", 
    "DF.n.evaluations", "DF.cpu.time")))
