full <-
structure(c(50, 55, 60, 65, 70, 75, 80, 85, 90, 95, 100, 2.37884, 
-0.43366, 0.70492, 0.50551, 15, 0.76745, 0.9778, 0.28147, 0.3337, 
0.17192, 0.55048, -1.37029, 0.85527, 0.3586, -0.31915, -5.84298, 
1.3405, -0.64984, 1.02803, 0.09936, 1.95163, 1.41071, 0, 0, 0, 
0, 0, 0, 0, 0, 0, 0, 0, 0, 0, 0, 0, 0, 0, 0, 0, 0, 0, 0, 0.92397, 
0.92015, 0.92247, 0.91934, 0.92025, 0.92, 0.91966, 0.92136, 0.92011, 
0.92161, 0.92217, 0.91719, 0.92012, 0.91965, 0.91804, 0.91173, 
0.91439, 0.91753, 0.92038, 0.91917, 0.92073, 0.9171, 0.0424, 
0.0577, 0.0607, 0.0639, 4.7308, 0.1243, 0.0888, 0.1319, 0.115, 
0.2469, 0.19, 117.4, 222.6, 203.6, 182.5, 135.9, 352.1, 195, 
338.6, 258, 500.3, 399.7, 292, 724, 312, 337, 494, 1037, 267, 
436, 224, 239, 1344, 97, 50, 628, 278, 368, 181, 674, 628, 148, 
364, 58, 100, 100, 100, 100, 100, 100, 100, 100, 100, 100, 100, 
2500, 2500, 2500, 2500, 2500, 2500, 2500, 2500, 2500, 2500, 2500, 
7773.216, 13364.577, 9449.807, 8835.518, 66999.949, 10172.844, 
11237.608, 12276.825, 11356.685, 13652.985, 15723.835, 1.12713, 
-0.16679, 1.05487, 0.66454, 14.11739, 0.19372, 0.68876, 0.09841, 
-0.26365, 0.13255, 0.39205, -0.2764, 1.31584, -0.16575, -0.22458, 
-5.6321, 1.03925, 0.25582, 1.88545, 0.89325, 1.98527, 1.46193, 
0, 0, 0, 0, 0, 0, 0, 0, 0, 0, 0, 0, 0, 0, 0, 0, 0, 0, 0, 0, 0, 
0, 0.92397, 0.92015, 0.92247, 0.91934, 0.91906, 0.91999, 0.91966, 
0.92136, 0.91914, 0.92161, 0.92048, 0.92228, 0.92012, 0.91824, 
0.91935, 0.91054, 0.92004, 0.91858, 0.92037, 0.91913, 0.92073, 
0.91626, 0.04, 0.0713, 0.0553, 0.0624, 3.068, 0.1042, 0.0953, 
0.207, 0.1389, 0.252, 0.1939, 141, 268.8, 171.7, 185.6, 138.5, 
311.9, 241.2, 472.5, 333.1, 510.1, 409.2, 243, 609, 130, 760, 
1430, 749, 109, 389, 736, 57, 2251, 4, 7, 9, 1, 2, 3, 9, 4, 1, 
1, 1, 100, 100, 100, 100, 100, 100, 100, 100, 100, 100, 100, 
2500, 2500, 2500, 2500, 2500, 2500, 2500, 2500, 2500, 2500, 2500, 
9870.839, 11104.955, 11839.18, 12815.368, 13932.332, 15794.965, 
16749.012, 18164.108, 19625.192, 20668.529, 27511.919, 1, 1, 
1, 1, 1, 1, 1, 1, 1, 1, 1, 0.33333, 0.33333, 0.33333, 0.33333, 
0.33333, 0.33333, 0.33333, 0.33333, 0.33333, 0.33333, 0.33333, 
0, 0, 0, 0, 0, 0, 0, 0, 0, 0, 0, 0, 0, 0, 0, 0, 0, 0, 0, 0, 0, 
0, 0.91719, 0.91863, 0.91406, 0.91413, 0.91182, 0.91324, 0.91649, 
0.91738, 0.9154, 0.91716, 0.91626, 0.91719, 0.91711, 0.91404, 
0.91413, 0.91182, 0.91324, 0.91649, 0.91738, 0.91447, 0.91716, 
0.91626, 0.0388, 0.0465, 0.0518, 0.0588, 0.0697, 0.0762, 0.0846, 
0.0954, 0.1048, 0.1176, 0.1335, 119.4, 137, 139.9, 152.8, 168.3, 
174.5, 186.3, 197.6, 209.5, 216.4, 242.6, 1, 1, 1, 1, 1, 1, 1, 
1, 1, 1, 1, 1, 1, 1, 1, 1, 1, 1, 1, 1, 1, 1, 1, 1, 1, 1, 1, 1, 
1, 1, 1, 1, 1, 1, 1, 1, 1, 1, 1, 1, 1, 1, 1, 1, 2.961, 2.905, 
3.139, 3.043, 3.212, 3.289, 3.237, 3.436, 3.541, 3.658, 3.947
), .Dim = c(11L, 40L), .Dimnames = list(NULL, c("Sampling", "PSO.cost", 
"PSO.gamma", "PSO.data.balancing", "PSO.feature.selection", "PSO.valid.acc", 
"PSO.test.acc", "PSO.train.time", "PSO.n.support.vectors", "PSO.index", 
"PSO.n.solutions", "PSO.generations", "PSO.n.evaluations", "PSO.cpu.time", 
"RS.cost", "RS.gamma", "RS.data.balancing", "RS.feature.selection", 
"RS.valid.acc", "RS.test.acc", "RS.train.time", "RS.n.support.vectors", 
"RS.index", "RS.n.solutions", "RS.generations", "RS.n.evaluations", 
"RS.cpu.time", "DF.cost", "DF.gamma", "DF.data.balancing", "DF.feature.selection", 
"DF.valid.acc", "DF.test.acc", "DF.train.time", "DF.n.support.vectors", 
"DF.index", "DF.n.solutions", "DF.generations", "DF.n.evaluations", 
"DF.cpu.time")))
