full <-
structure(c(50, 55, 60, 65, 70, 75, 80, 85, 90, 95, 100, 4.17515, 
9.6735, 0.86076, 0.13285, 0.88589, -0.14435, 0.42664, 0.84336, 
0.39259, 0.63536, 0.09998, -1.53971, -5.68686, 1.56951, 1.91749, 
1.22381, 1.11874, -0.06045, -13.67099, 1.64213, 0.90586, 1.75747, 
0, 0, 0, 0, 0, 0, 0, 0, 0, 0, 0, 0, 0, 0, 0, 0, 0, 0, 0, 0, 0, 
0, 0.91744, 0.91396, 0.91543, 0.91409, 0.91067, 0.91544, 0.91221, 
0.90839, 0.91631, 0.91719, 0.91962, 0.9056, 0.91088, 0.90977, 
0.90896, 0.90343, 0.91316, 0.9122, 0.90839, 0.91256, 0.91186, 
0.91792, 0.0427, 0.3041, 0.1103, 0.1468, 0.1088, 0.105, 0.0889, 
0.048, 0.1838, 0.126, 0.2205, 111.2, 128.4, 328.6, 400.5, 309.6, 
313.1, 216.3, 117.8, 431.2, 300.3, 477.5, 1573, 38, 803, 1099, 
1064, 1000, 1112, 3, 527, 772, 1515, 21, 246, 435, 189, 41, 310, 
125, 2047, 385, 61, 35, 100, 100, 100, 100, 100, 100, 100, 100, 
100, 100, 100, 2500, 2500, 2500, 2500, 2500, 2500, 2500, 2500, 
2500, 2500, 2500, 8051.582, 11644.55, 10015.756, 10602.7, 9925.645, 
10246.619, 22588.091, 14324.669, 15543.528, 17422.06, 19753.025, 
4.2216, 1.3893, 2.51572, 0.36406, 0.23927, 0.01861, 0.70015, 
0.11397, 0.04987, 0.77786, 0.35507, -1.59627, 1.91992, 0.51561, 
1.70732, 1.55784, 1.72181, 1.4676, -8.75251, 1.70211, 0.53087, 
0.30726, 0, 0, 0, 0, 0, 0, 0, 0, 0, 0, 0, 0, 0, 0, 0, 0, 0, 0, 
0, 0, 0, 0, 0.91577, 0.9185, 0.91402, 0.91279, 0.90948, 0.91432, 
0.91116, 0.90839, 0.91536, 0.91718, 0.91878, 0.90393, 0.90932, 
0.90973, 0.90635, 0.90468, 0.91428, 0.91223, 0.90839, 0.91445, 
0.91185, 0.91708, 0.0427, 0.1131, 0.0529, 0.1297, 0.1324, 0.1431, 
0.1381, 0.0816, 0.1851, 0.1177, 0.1256, 111, 344.7, 162.5, 372.5, 
365.7, 404.5, 378.1, 220.4, 445, 265.8, 266.1, 2268, 89, 1790, 
1765, 64, 2453, 2255, 2, 675, 1666, 1114, 1, 2, 3, 1, 1, 1, 1, 
1336, 1, 1, 1, 100, 100, 100, 100, 100, 100, 100, 100, 100, 100, 
100, 2500, 2500, 2500, 2500, 2500, 2500, 2500, 2500, 2500, 2500, 
2500, 9938.944, 10593.959, 11430.371, 12870.545, 15064.678, 15576.727, 
19258.022, 20572.015, 23294.053, 25733.888, 27004.395, 1, 1, 
1, 1, 1, 1, 1, 1, 1, 1, 1, 0.33333, 0.33333, 0.33333, 0.33333, 
0.33333, 0.33333, 0.33333, 0.33333, 0.33333, 0.33333, 0.33333, 
0, 0, 0, 0, 0, 0, 0, 0, 0, 0, 0, 0, 0, 0, 0, 0, 0, 0, 0, 0, 0, 
0, 0.91232, 0.91081, 0.90975, 0.90893, 0.90703, 0.90979, 0.90696, 
0.9074, 0.91159, 0.91358, 0.91624, 0.91223, 0.91235, 0.90975, 
0.90894, 0.90578, 0.90865, 0.90696, 0.90839, 0.91159, 0.91358, 
0.91624, 0.0389, 0.0456, 0.0522, 0.0612, 0.0676, 0.0746, 0.089, 
0.0966, 0.1157, 0.1282, 0.1357, 119.8, 129.5, 142.9, 159.6, 171.1, 
176.5, 192.6, 208.1, 220.1, 234.1, 246.1, 1, 1, 1, 1, 1, 1, 1, 
1, 1, 1, 1, 1, 1, 1, 1, 1, 1, 1, 1, 1, 1, 1, 1, 1, 1, 1, 1, 1, 
1, 1, 1, 1, 1, 1, 1, 1, 1, 1, 1, 1, 1, 1, 1, 1, 3.091, 3.138, 
3.242, 3.23, 3.232, 3.202, 3.446, 3.544, 3.823, 3.919, 3.892), .Dim = c(11L, 
40L), .Dimnames = list(NULL, c("Sampling", "PSO.cost", "PSO.gamma", 
"PSO.data.balancing", "PSO.feature.selection", "PSO.valid.acc", 
"PSO.test.acc", "PSO.train.time", "PSO.n.support.vectors", "PSO.index", 
"PSO.n.solutions", "PSO.generations", "PSO.n.evaluations", "PSO.cpu.time", 
"RS.cost", "RS.gamma", "RS.data.balancing", "RS.feature.selection", 
"RS.valid.acc", "RS.test.acc", "RS.train.time", "RS.n.support.vectors", 
"RS.index", "RS.n.solutions", "RS.generations", "RS.n.evaluations", 
"RS.cpu.time", "DF.cost", "DF.gamma", "DF.data.balancing", "DF.feature.selection", 
"DF.valid.acc", "DF.test.acc", "DF.train.time", "DF.n.support.vectors", 
"DF.index", "DF.n.solutions", "DF.generations", "DF.n.evaluations", 
"DF.cpu.time")))
