full <-
structure(c(50, 55, 60, 65, 70, 75, 80, 85, 90, 95, 100, 0.74927, 
1.09519, 15, 0.65469, 0.2142, -0.1318, 1.05054, 0.73679, -0.40993, 
1, 0.11038, 1.51767, 1.58206, -7.10627, 3, 2.65074, 0.26545, 
0.298, 0.66322, 2.43943, 0.33333, 2.24626, 0, 0, 0, 0, 0, 0, 
0, 0, 0, 0, 0, 0, 0, 0, 0, 0, 0, 0, 0, 0, 0, 0, 0.93242, 0.92934, 
0.91412, 0.92202, 0.92397, 0.92108, 0.92179, 0.92336, 0.92102, 
0.91714, 0.92135, 0.92395, 0.9278, 0.90708, 0.91937, 0.92277, 
0.91994, 0.91971, 0.92336, 0.92102, 0.91714, 0.92052, 0.0687, 
0.0853, 3.285, 0.2205, 0.2042, 0.07, 0.0785, 0.0884, 0.2307, 
0.1132, 0.2576, 284.4, 309.7, 115.9, 505, 507.8, 220.1, 226.8, 
253.4, 557.8, 229.1, 577, 725, 736, 667, 1857, 1064, 421, 430, 
853, 371, 1, 1569, 221, 134, 28, 47, 126, 614, 422, 83, 489, 
1878, 101, 100, 100, 100, 100, 100, 100, 100, 100, 100, 100, 
100, 2500, 2500, 2500, 2500, 2500, 2500, 2500, 2500, 2500, 2500, 
2500, 7732.092, 8449.787, 26501.046, 9928.409, 10069.912, 9887.355, 
9254.60200000001, 12269.206, 12747.198, 19878.598, 12812.602, 
0.77284, 0.88516, 0.48566, -1.06984, 12.75118, -0.14691, 0.57068, 
0.36747, -0.27077, 5.08832, 0.17969, 1.50905, 1.89578, 2.87908, 
0.69262, -6.47953, 0.26826, 0.89337, 0.32795, 2.40773, -7.14887, 
2.182, 0, 0, 0, 0, 0, 0, 0, 0, 0, 0, 0, 0, 0, 0, 0, 0, 0, 0, 
0, 0, 0, 0, 0.93242, 0.92626, 0.91551, 0.92065, 0.92279, 0.92108, 
0.92179, 0.9224, 0.92102, 0.91714, 0.92051, 0.92395, 0.92472, 
0.91418, 0.91935, 0.91792, 0.91994, 0.92075, 0.92238, 0.92007, 
0.91714, 0.92136, 0.0692, 0.0905, 0.191, 0.061, 3.0125, 0.0716, 
0.0854, 0.0878, 0.2292, 0.2364, 0.2527, 283.3, 348.1, 462.3, 
223, 136.8, 220.9, 273.8, 234.9, 552.5, 400.7, 564.5, 653, 2270, 
262, 2398, 777, 215, 1114, 1746, 1401, 1, 1252, 1, 1, 1, 1, 1, 
3, 2, 1, 3, 1415, 1, 100, 100, 100, 100, 100, 100, 100, 100, 
100, 100, 100, 2500, 2500, 2500, 2500, 2500, 2500, 2500, 2500, 
2500, 2500, 2500, 9953.485, 10831.322, 11961.879, 12986.258, 
13849.058, 16488.852, 18293.198, 22123.52, 21718.999, 23093.708, 
26834.632, 1, 1, 1, 1, 1, 1, 1, 1, 1, 1, 1, 0.33333, 0.33333, 
0.33333, 0.33333, 0.33333, 0.33333, 0.33333, 0.33333, 0.33333, 
0.33333, 0.33333, 0, 0, 0, 0, 0, 0, 0, 0, 0, 0, 0, 0, 0, 0, 0, 
0, 0, 0, 0, 0, 0, 0, 0.92059, 0.92167, 0.91129, 0.91935, 0.92153, 
0.91662, 0.91755, 0.92138, 0.92008, 0.91714, 0.91628, 0.92059, 
0.92167, 0.91129, 0.91935, 0.92153, 0.91659, 0.91755, 0.92138, 
0.92008, 0.91714, 0.91628, 0.0352, 0.042, 0.0491, 0.056, 0.0602, 
0.0719, 0.0836, 0.0959, 0.1018, 0.1158, 0.1262, 118.4, 130.6, 
152.8, 156.9, 168.2, 182, 194.3, 210.1, 214.8, 229.1, 242, 1, 
1, 1, 1, 1, 1, 1, 1, 1, 1, 1, 1, 1, 1, 1, 1, 1, 1, 1, 1, 1, 1, 
1, 1, 1, 1, 1, 1, 1, 1, 1, 1, 1, 1, 1, 1, 1, 1, 1, 1, 1, 1, 1, 
1, 2.532, 2.518, 2.499, 2.612, 2.604, 2.796, 2.929, 3.325, 3.514, 
3.7, 3.583), .Dim = c(11L, 40L), .Dimnames = list(NULL, c("Sampling", 
"PSO.cost", "PSO.gamma", "PSO.data.balancing", "PSO.feature.selection", 
"PSO.valid.acc", "PSO.test.acc", "PSO.train.time", "PSO.n.support.vectors", 
"PSO.index", "PSO.n.solutions", "PSO.generations", "PSO.n.evaluations", 
"PSO.cpu.time", "RS.cost", "RS.gamma", "RS.data.balancing", "RS.feature.selection", 
"RS.valid.acc", "RS.test.acc", "RS.train.time", "RS.n.support.vectors", 
"RS.index", "RS.n.solutions", "RS.generations", "RS.n.evaluations", 
"RS.cpu.time", "DF.cost", "DF.gamma", "DF.data.balancing", "DF.feature.selection", 
"DF.valid.acc", "DF.test.acc", "DF.train.time", "DF.n.support.vectors", 
"DF.index", "DF.n.solutions", "DF.generations", "DF.n.evaluations", 
"DF.cpu.time")))
