full <-
structure(c(50, 55, 60, 65, 70, 75, 80, 85, 90, 95, 100, 1.0397, 
1.08355, 0.67121, 1, 1, 0.92096, 0.34399, 0.52862, 0.34679, 0.66296, 
0.42027, 1.74061, 1.72881, 1.93851, 0.33333, 0.33333, 2.36725, 
1.97133, 1.79971, 1.19777, 0.37985, -0.04498, 0, 0, 0, 0, 0, 
0, 0, 0, 0, 0, 0, 0, 0, 0, 0, 0, 0, 0, 0, 0, 0, 0, 0.91907, 0.92321, 
0.92112, 0.92203, 0.91907, 0.92104, 0.92603, 0.91843, 0.92292, 
0.92158, 0.9205, 0.91904, 0.92164, 0.91969, 0.92203, 0.91907, 
0.91424, 0.92286, 0.91544, 0.92198, 0.91892, 0.91965, 0.0854, 
0.0977, 0.1293, 0.0587, 0.0694, 0.2277, 0.2026, 0.1915, 0.1352, 
0.1142, 0.129, 300.2, 316.1, 369.2, 142.2, 160.5, 488.8, 449.4, 
431.8, 337.5, 259.5, 247.5, 2487, 539, 113, 1, 1, 894, 828, 687, 
1967, 297, 522, 1, 548, 77, 2089, 1997, 49, 366, 73, 1, 434, 
514, 100, 100, 100, 100, 100, 100, 100, 100, 100, 100, 100, 2500, 
2500, 2500, 2500, 2500, 2500, 2500, 2500, 2500, 2500, 2500, 8648.352, 
9020.455, 11374.482, 8909.507, 13103.884, 14023.98, 13462.778, 
18663.807, 10978.812, 11925.676, 13853.531, 0.78027, 1.01153, 
0.87004, 1.49479, 3.17982, 0.80952, 0.36968, 0.04091, 1.41802, 
0.57395, 0.44919, 1.97415, 1.94201, 2.90308, -14.26919, -8.18232, 
1.92401, 1.39099, 2.23685, 0.1407, 0.0593, 0.06211, 0, 0, 0, 
0, 0, 0, 0, 0, 0, 0, 0, 0, 0, 0, 0, 0, 0, 0, 0, 0, 0, 0, 0.91904, 
0.92169, 0.92112, 0.92203, 0.91907, 0.92106, 0.92494, 0.91841, 
0.92288, 0.92069, 0.9205, 0.92074, 0.92169, 0.9183, 0.92203, 
0.91907, 0.91653, 0.92494, 0.91742, 0.91914, 0.91802, 0.91965, 
0.0988, 0.1165, 0.2071, 0.031, 0.0842, 0.1774, 0.1315, 0.2496, 
0.1095, 0.1226, 0.1285, 324.3, 342.3, 459.4, 77.8, 247, 421.9, 
343.7, 515.3, 221.4, 244.3, 252, 1333, 310, 285, 3, 1, 93, 1534, 
97, 1557, 849, 368, 2, 1, 1, 1434, 1422, 1, 1, 1, 1, 1, 1, 100, 
100, 100, 100, 100, 100, 100, 100, 100, 100, 100, 2500, 2500, 
2500, 2500, 2500, 2500, 2500, 2500, 2500, 2500, 2500, 9972.059, 
10851.31, 12954.518, 14048.436, 15779.331, 17719.075, 18452.231, 
20355.43, 23644.217, 23922.101, 27156.354, 1, 1, 1, 1, 1, 1, 
1, 1, 1, 1, 1, 0.33333, 0.33333, 0.33333, 0.33333, 0.33333, 0.33333, 
0.33333, 0.33333, 0.33333, 0.33333, 0.33333, 0, 0, 0, 0, 0, 0, 
0, 0, 0, 0, 0, 0, 0, 0, 0, 0, 0, 0, 0, 0, 0, 0, 0.91741, 0.91859, 
0.92108, 0.92203, 0.91907, 0.91764, 0.9165, 0.91443, 0.91726, 
0.91715, 0.91626, 0.91741, 0.91859, 0.92108, 0.92203, 0.91907, 
0.91764, 0.9165, 0.91541, 0.91726, 0.91715, 0.91626, 0.0374, 
0.0424, 0.049, 0.0596, 0.0692, 0.0761, 0.0933, 0.0954, 0.1119, 
0.1276, 0.137, 114.7, 117.8, 128.7, 142.2, 160.5, 173.2, 178.6, 
199.2, 211, 222.8, 240.9, 1, 1, 1, 1, 1, 1, 1, 1, 1, 1, 1, 1, 
1, 1, 1, 1, 1, 1, 1, 1, 1, 1, 1, 1, 1, 1, 1, 1, 1, 1, 1, 1, 1, 
1, 1, 1, 1, 1, 1, 1, 1, 1, 1, 1, 2.937, 3.028, 3.179, 3.3, 3.319, 
3.258, 3.599, 3.344, 3.923, 4.079, 3.902), .Dim = c(11L, 40L), .Dimnames = list(
    NULL, c("Sampling", "PSO.cost", "PSO.gamma", "PSO.data.balancing", 
    "PSO.feature.selection", "PSO.valid.acc", "PSO.test.acc", 
    "PSO.train.time", "PSO.n.support.vectors", "PSO.index", "PSO.n.solutions", 
    "PSO.generations", "PSO.n.evaluations", "PSO.cpu.time", "RS.cost", 
    "RS.gamma", "RS.data.balancing", "RS.feature.selection", 
    "RS.valid.acc", "RS.test.acc", "RS.train.time", "RS.n.support.vectors", 
    "RS.index", "RS.n.solutions", "RS.generations", "RS.n.evaluations", 
    "RS.cpu.time", "DF.cost", "DF.gamma", "DF.data.balancing", 
    "DF.feature.selection", "DF.valid.acc", "DF.test.acc", "DF.train.time", 
    "DF.n.support.vectors", "DF.index", "DF.n.solutions", "DF.generations", 
    "DF.n.evaluations", "DF.cpu.time")))
