full <-
structure(c(50, 55, 60, 65, 70, 75, 80, 85, 90, 95, 100, 0.47525, 
0.12074, 0.06535, 0.33602, 0.46888, -0.1439, -0.00247, -0.32438, 
0.23398, 0.13551, 0.42814, 0.72145, -1.00449, 0.74813, -0.65965, 
0.85773, 2.3532, 0.99618, 0.51457, 1.26744, 2.32611, 1.71426, 
0, 0, 0, 0, 0, 0, 0, 0, 0, 0, 0, 0, 0, 0, 0, 0, 0, 0, 0, 0, 0, 
0, 0.919, 0.92002, 0.91683, 0.91806, 0.91666, 0.92109, 0.91854, 
0.91936, 0.92193, 0.92159, 0.92049, 0.919, 0.91694, 0.914, 0.91281, 
0.91422, 0.92109, 0.91645, 0.91735, 0.92004, 0.91893, 0.91712, 
0.0552, 0.0429, 0.0604, 0.0589, 0.0816, 0.1996, 0.1053, 0.1039, 
0.1504, 0.2953, 0.2338, 200.9, 129.3, 216.5, 159.3, 245.8, 489.7, 
291.3, 249.7, 347.2, 575.7, 468, 1296, 346, 212, 262, 376, 214, 
2178, 374, 1119, 619, 544, 18, 122, 158, 450, 267, 513, 13, 232, 
48, 303, 365, 100, 100, 100, 100, 100, 100, 100, 100, 100, 100, 
100, 2500, 2500, 2500, 2500, 2500, 2500, 2500, 2500, 2500, 2500, 
2500, 8234.903, 8804.902, 10937.507, 9373.414, 10501.26, 14220.716, 
14800.642, 11696.025, 13998.409, 16482.531, 18933.143, 0.30427, 
0.21845, -0.55071, 0.27234, 0.02532, 0.03898, 0.06627, -0.41896, 
0.04107, 0.38399, 0.40551, 0.93507, -1.09364, 0.43431, -0.44874, 
0.72463, 2.56327, 1.17541, 0.74724, 1.82567, 1.5316, 1.68829, 
0, 0, 0, 0, 0, 0, 0, 0, 0, 0, 0, 0, 0, 0, 0, 0, 0, 0, 0, 0, 0, 
0, 0.9173, 0.92002, 0.91681, 0.91806, 0.91663, 0.92109, 0.91959, 
0.91836, 0.92006, 0.92071, 0.92049, 0.9173, 0.91694, 0.91402, 
0.91542, 0.91663, 0.92109, 0.91537, 0.91635, 0.91817, 0.91892, 
0.91796, 0.059, 0.0412, 0.0559, 0.0601, 0.071, 0.2324, 0.1201, 
0.0999, 0.205, 0.1879, 0.2304, 218.7, 125.5, 186.2, 163.2, 230.1, 
519.4, 317.7, 266, 454.7, 410.3, 462.6, 230, 973, 2474, 687, 
186, 2243, 486, 100, 295, 332, 1743, 4, 1, 1, 1, 4, 1, 2, 3, 
6, 1, 2, 100, 100, 100, 100, 100, 100, 100, 100, 100, 100, 100, 
2500, 2500, 2500, 2500, 2500, 2500, 2500, 2500, 2500, 2500, 2500, 
10061.466, 10778.621, 11855.155, 13642.534, 16340.109, 18931.33, 
19669.448, 23208.996, 23679.594, 26297.66, 31109.316, 1, 1, 1, 
1, 1, 1, 1, 1, 1, 1, 1, 0.33333, 0.33333, 0.33333, 0.33333, 0.33333, 
0.33333, 0.33333, 0.33333, 0.33333, 0.33333, 0.33333, 0, 0, 0, 
0, 0, 0, 0, 0, 0, 0, 0, 0, 0, 0, 0, 0, 0, 0, 0, 0, 0, 0, 0.91222, 
0.91696, 0.91402, 0.91413, 0.91539, 0.91881, 0.91537, 0.91536, 
0.91535, 0.91713, 0.91628, 0.91049, 0.91542, 0.91402, 0.91413, 
0.91539, 0.91881, 0.91537, 0.91536, 0.91535, 0.91713, 0.91628, 
0.0369, 0.0446, 0.0527, 0.0601, 0.0712, 0.0808, 0.0893, 0.1007, 
0.1087, 0.1237, 0.1381, 115.7, 122.5, 135.4, 153.6, 167.4, 183.1, 
184.9, 203.3, 212.8, 226.8, 241.5, 1, 1, 1, 1, 1, 1, 1, 1, 1, 
1, 1, 1, 1, 1, 1, 1, 1, 1, 1, 1, 1, 1, 1, 1, 1, 1, 1, 1, 1, 1, 
1, 1, 1, 1, 1, 1, 1, 1, 1, 1, 1, 1, 1, 1, 2.933, 3.182, 3.222, 
3.144, 3.95, 3.996, 4.171, 4.45, 4.431, 4.704, 4.869), .Dim = c(11L, 
40L), .Dimnames = list(NULL, c("Sampling", "PSO.cost", "PSO.gamma", 
"PSO.data.balancing", "PSO.feature.selection", "PSO.valid.acc", 
"PSO.test.acc", "PSO.train.time", "PSO.n.support.vectors", "PSO.index", 
"PSO.n.solutions", "PSO.generations", "PSO.n.evaluations", "PSO.cpu.time", 
"RS.cost", "RS.gamma", "RS.data.balancing", "RS.feature.selection", 
"RS.valid.acc", "RS.test.acc", "RS.train.time", "RS.n.support.vectors", 
"RS.index", "RS.n.solutions", "RS.generations", "RS.n.evaluations", 
"RS.cpu.time", "DF.cost", "DF.gamma", "DF.data.balancing", "DF.feature.selection", 
"DF.valid.acc", "DF.test.acc", "DF.train.time", "DF.n.support.vectors", 
"DF.index", "DF.n.solutions", "DF.generations", "DF.n.evaluations", 
"DF.cpu.time")))
