full <-
structure(c(50, 55, 60, 65, 70, 75, 80, 85, 90, 95, 100, 15, 
3.08238, 0.33962, 11.99841, 4.99532, 14.93813, -0.28453, -0.0309, 
1.02269, 0.3877, 0.33876, -6.24076, -2.03307, 1.24365, -6.36423, 
-1.06333, -4.08672, 1.24423, 1.58473, -0.23626, 1.75643, 1.28358, 
0, 0, 0, 0, 0, 0, 0, 0, 0, 0, 0, 0, 0, 0, 0, 0, 0, 0, 0, 0, 0, 
0, 0.9071, 0.90623, 0.90851, 0.91164, 0.91672, 0.9177, 0.91434, 
0.91836, 0.91728, 0.91978, 0.92049, 0.90371, 0.90161, 0.9057, 
0.90768, 0.90827, 0.91207, 0.91433, 0.91736, 0.91442, 0.91623, 
0.9205, 1.9087, 0.0526, 0.0854, 1.7642, 0.0773, 3.4841, 0.1142, 
0.1652, 0.1105, 0.2078, 0.1781, 113.9, 134, 282.8, 149.2, 163.9, 
158.7, 334.2, 402.5, 234.3, 463.7, 382.4, 317, 1723, 380, 1114, 
1420, 1949, 16, 591, 447, 787, 396, 131, 7, 304, 21, 90, 4, 605, 
685, 297, 144, 378, 100, 100, 100, 100, 100, 100, 100, 100, 100, 
100, 100, 2500, 2500, 2500, 2500, 2500, 2500, 2500, 2500, 2500, 
2500, 2500, 26976.279, 15089.325, 9617.65300000001, 15724.296, 
11193.845, 48041.42, 13263.46, 10909.528, 14456.272, 15053.552, 
19779.127, 0.2855, -0.10263, 0.23249, -0.22249, 4.8457, 0.86875, 
-0.30241, -0.09073, 0.97407, 0.45377, 0.29077, 0.43559, 0.61918, 
1.33801, 0.95191, -0.95348, 0.03541, 1.01399, 1.51035, -0.06447, 
1.70019, 2.04408, 0, 0, 0, 0, 0, 0, 0, 0, 0, 0, 0, 0, 0, 0, 0, 
0, 0, 0, 0, 0, 0, 0, 0.90716, 0.90625, 0.90847, 0.91422, 0.9155, 
0.91772, 0.91434, 0.91836, 0.91728, 0.91978, 0.91965, 0.90207, 
0.9001, 0.90431, 0.91292, 0.90827, 0.9177, 0.91433, 0.91836, 
0.91254, 0.91801, 0.91712, 0.0455, 0.0557, 0.0843, 0.0697, 0.077, 
0.0756, 0.102, 0.1634, 0.112, 0.21, 0.2822, 173.4, 204.8, 294.6, 
256.1, 163, 203.3, 295.8, 389.9, 237.3, 449.9, 538.2, 124, 2456, 
781, 940, 1036, 2321, 220, 771, 1222, 2442, 819, 3, 1, 1, 3, 
3, 1, 7, 2, 1, 1, 1, 100, 100, 100, 100, 100, 100, 100, 100, 
100, 100, 100, 2500, 2500, 2500, 2500, 2500, 2500, 2500, 2500, 
2500, 2500, 2500, 10692.999, 10837.397, 12449.031, 13526.663, 
15019.02, 15980.368, 17480.085, 21823.436, 24671.534, 26638.316, 
27684.976, 1, 1, 1, 1, 1, 1, 1, 1, 1, 1, 1, 0.33333, 0.33333, 
0.33333, 0.33333, 0.33333, 0.33333, 0.33333, 0.33333, 0.33333, 
0.33333, 0.33333, 0, 0, 0, 0, 0, 0, 0, 0, 0, 0, 0, 0, 0, 0, 0, 
0, 0, 0, 0, 0, 0, 0, 0.90204, 0.90166, 0.90427, 0.90768, 0.91061, 
0.91206, 0.91221, 0.91237, 0.91161, 0.91445, 0.91628, 0.90204, 
0.90166, 0.90427, 0.90768, 0.91061, 0.91206, 0.91221, 0.91237, 
0.91161, 0.91445, 0.91628, 0.04, 0.048, 0.0538, 0.0588, 0.0735, 
0.0807, 0.0874, 0.0955, 0.1149, 0.1314, 0.1395, 130.3, 148.7, 
155.8, 170.7, 176.6, 187.6, 198, 211.1, 226.4, 239.5, 241.4, 
1, 1, 1, 1, 1, 1, 1, 1, 1, 1, 1, 1, 1, 1, 1, 1, 1, 1, 1, 1, 1, 
1, 1, 1, 1, 1, 1, 1, 1, 1, 1, 1, 1, 1, 1, 1, 1, 1, 1, 1, 1, 1, 
1, 1, 2.862, 3.115, 2.877, 2.848, 3.274, 3.395, 3.258, 3.242, 
3.577, 4.776, 4.795), .Dim = c(11L, 40L), .Dimnames = list(NULL, 
    c("Sampling", "PSO.cost", "PSO.gamma", "PSO.data.balancing", 
    "PSO.feature.selection", "PSO.valid.acc", "PSO.test.acc", 
    "PSO.train.time", "PSO.n.support.vectors", "PSO.index", "PSO.n.solutions", 
    "PSO.generations", "PSO.n.evaluations", "PSO.cpu.time", "RS.cost", 
    "RS.gamma", "RS.data.balancing", "RS.feature.selection", 
    "RS.valid.acc", "RS.test.acc", "RS.train.time", "RS.n.support.vectors", 
    "RS.index", "RS.n.solutions", "RS.generations", "RS.n.evaluations", 
    "RS.cpu.time", "DF.cost", "DF.gamma", "DF.data.balancing", 
    "DF.feature.selection", "DF.valid.acc", "DF.test.acc", "DF.train.time", 
    "DF.n.support.vectors", "DF.index", "DF.n.solutions", "DF.generations", 
    "DF.n.evaluations", "DF.cpu.time")))
