full <-
structure(c(50, 55, 60, 65, 70, 75, 80, 85, 90, 95, 100, 9.84354, 
0.42991, 0.89183, 6.21302, 0.03262, 0.44302, 0.03286, -0.34617, 
-0.25832, 0.09736, 0.61621, -5.16133, 1.02489, 0.27323, -4.00432, 
0.10328, 0.58083, 0.41035, 1.4949, 1.72645, 0.56076, 1.7612, 
0, 0, 0, 0, 0, 0, 0, 0, 0, 0, 0, 0, 0, 0, 0, 0, 0, 0, 0, 0, 0, 
0, 0.92409, 0.92312, 0.92255, 0.92193, 0.91904, 0.92111, 0.92178, 
0.9214, 0.9201, 0.91981, 0.92138, 0.92409, 0.92158, 0.91832, 
0.92193, 0.91905, 0.91769, 0.92072, 0.92039, 0.91821, 0.91981, 
0.91799, 0.2359, 0.0631, 0.0584, 0.1578, 0.0722, 0.0849, 0.0857, 
0.1519, 0.1821, 0.1213, 0.225, 109.2, 237.2, 193, 159.8, 204.6, 
241.6, 231.9, 386, 433.2, 282.6, 472.6, 74, 915, 272, 48, 4, 
386, 281, 214, 630, 577, 1103, 212, 70, 96, 437, 257, 98, 351, 
334, 156, 536, 303, 100, 100, 100, 100, 100, 100, 100, 100, 100, 
100, 100, 2500, 2500, 2500, 2500, 2500, 2500, 2500, 2500, 2500, 
2500, 2500, 12077.014, 8081.885, 13448.652, 19568.512, 11224.463, 
12550.371, 12036.184, 10972.377, 12444.659, 12415.141, 14640.495, 
11.07643, 14.27247, 0.87604, 12.71598, 0.51065, 0.56184, -0.24535, 
-0.26069, -0.14268, 0.34402, 0.53197, -5.51561, -5.43943, 0.19132, 
-6.34635, -0.84007, -0.17668, 1.51837, 1.6999, 1.99598, 1.19886, 
1.96058, 0, 0, 0, 0, 0, 0, 0, 0, 0, 0, 0, 0, 0, 0, 0, 0, 0, 0, 
0, 0, 0, 0, 0.92409, 0.9216, 0.92255, 0.92193, 0.91904, 0.91997, 
0.92178, 0.9214, 0.9201, 0.9198, 0.91968, 0.92409, 0.91235, 0.91689, 
0.92324, 0.91785, 0.91767, 0.92073, 0.92039, 0.91821, 0.91803, 
0.91631, 0.395, 1.2449, 0.0557, 1.9109, 0.0747, 0.0767, 0.1389, 
0.1723, 0.2195, 0.1561, 0.2606, 110.2, 117.3, 190.7, 140.9, 185.5, 
198.9, 376.5, 423.5, 492.8, 359.9, 515.5, 141, 513, 1853, 8, 
172, 667, 838, 1599, 1348, 165, 116, 21, 1, 1, 39, 15, 3, 3, 
1, 3, 2, 1, 100, 100, 100, 100, 100, 100, 100, 100, 100, 100, 
100, 2500, 2500, 2500, 2500, 2500, 2500, 2500, 2500, 2500, 2500, 
2500, 9349.34, 10163.402, 12136.237, 12910.983, 16223.939, 16011.053, 
17730.79, 20128.161, 22559.085, 24675.855, 26297.797, 1, 1, 1, 
1, 1, 1, 1, 1, 1, 1, 1, 0.33333, 0.33333, 0.33333, 0.33333, 0.33333, 
0.33333, 0.33333, 0.33333, 0.33333, 0.33333, 0.33333, 0, 0, 0, 
0, 0, 0, 0, 0, 0, 0, 0, 0, 0, 0, 0, 0, 0, 0, 0, 0, 0, 0, 0.92073, 
0.92006, 0.91969, 0.91808, 0.91664, 0.91885, 0.91967, 0.91939, 
0.91728, 0.91626, 0.91628, 0.92073, 0.92006, 0.91969, 0.91808, 
0.91664, 0.91885, 0.91967, 0.91939, 0.91728, 0.91626, 0.91628, 
0.0411, 0.0479, 0.0571, 0.0658, 0.076, 0.0798, 0.0875, 0.0999, 
0.1111, 0.1193, 0.1335, 129.4, 144.9, 165.9, 171.5, 184.9, 185, 
192.9, 205.3, 219.7, 231.3, 242.9, 1, 1, 1, 1, 1, 1, 1, 1, 1, 
1, 1, 1, 1, 1, 1, 1, 1, 1, 1, 1, 1, 1, 1, 1, 1, 1, 1, 1, 1, 1, 
1, 1, 1, 1, 1, 1, 1, 1, 1, 1, 1, 1, 1, 1, 2.798, 2.91, 2.948, 
3.05, 3.101, 3.132, 3.23, 3.36, 3.523, 3.562, 3.71), .Dim = c(11L, 
40L), .Dimnames = list(NULL, c("Sampling", "PSO.cost", "PSO.gamma", 
"PSO.data.balancing", "PSO.feature.selection", "PSO.valid.acc", 
"PSO.test.acc", "PSO.train.time", "PSO.n.support.vectors", "PSO.index", 
"PSO.n.solutions", "PSO.generations", "PSO.n.evaluations", "PSO.cpu.time", 
"RS.cost", "RS.gamma", "RS.data.balancing", "RS.feature.selection", 
"RS.valid.acc", "RS.test.acc", "RS.train.time", "RS.n.support.vectors", 
"RS.index", "RS.n.solutions", "RS.generations", "RS.n.evaluations", 
"RS.cpu.time", "DF.cost", "DF.gamma", "DF.data.balancing", "DF.feature.selection", 
"DF.valid.acc", "DF.test.acc", "DF.train.time", "DF.n.support.vectors", 
"DF.index", "DF.n.solutions", "DF.generations", "DF.n.evaluations", 
"DF.cpu.time")))
