full <-
structure(c(50, 55, 60, 65, 70, 75, 80, 85, 90, 95, 100, -0.12992, 
0.48108, 0.22878, -0.1551, 2.67804, 0.56052, 0.31591, 0.88891, 
0.14099, 0.47132, 0.44967, 0.46884, 3, -0.36851, 0.6051, -0.73773, 
1.11435, -0.59564, -0.28825, 2.74007, 0.29399, 1.53534, 0, 0, 
0, 0, 0, 0, 0, 0, 0, 0, 0, 0, 0, 0, 0, 0, 0, 0, 0, 0, 0, 0, 0.91729, 
0.91083, 0.91118, 0.91161, 0.91181, 0.91884, 0.91967, 0.9203, 
0.92006, 0.92336, 0.92132, 0.9156, 0.90932, 0.90697, 0.90768, 
0.90571, 0.91656, 0.91967, 0.91534, 0.91912, 0.92245, 0.91877, 
0.0457, 0.1841, 0.0497, 0.0712, 0.069, 0.1021, 0.0794, 0.0942, 
0.3602, 0.1064, 0.196, 185.3, 444.7, 162.6, 222.6, 163.6, 299.5, 
190.8, 204.4, 622.1, 250.3, 424.3, 139, 287, 2006, 809, 841, 
1536, 678, 198, 788, 761, 1047, 128, 98, 1, 217, 50, 32, 323, 
183, 88, 207, 79, 100, 100, 100, 100, 100, 100, 100, 100, 100, 
100, 100, 2500, 2500, 2500, 2500, 2500, 2500, 2500, 2500, 2500, 
2500, 2500, 7609.638, 8286.998, 7896.512, 8649.584, 10145.037, 
19625.412, 10483.087, 13515.602, 15221.955, 12891.206, 17589.133, 
-0.21188, 8.90278, -0.00949, 0.56743, -0.17165, 0.49038, -0.21501, 
0.74221, -0.07286, 0.46294, 0.52266, 0.51908, -3.03364, 1.13539, 
-0.406, 2.23955, 0.93252, 0.56512, -0.63289, 1.20589, 0.28184, 
1.87733, 0, 0, 0, 0, 0, 0, 0, 0, 0, 0, 0, 0, 0, 0, 0, 0, 0, 0, 
0, 0, 0, 0, 0.91729, 0.91083, 0.91116, 0.91156, 0.91178, 0.91769, 
0.91967, 0.91932, 0.91913, 0.92336, 0.91963, 0.91393, 0.90319, 
0.90695, 0.90761, 0.91057, 0.91656, 0.91859, 0.91535, 0.91914, 
0.92245, 0.91709, 0.0509, 0.1138, 0.0712, 0.0568, 0.1639, 0.0921, 
0.0903, 0.0909, 0.1406, 0.1094, 0.2358, 188.1, 122.5, 262, 177.1, 
455.7, 275.1, 249, 198.7, 340.9, 249.7, 500.3, 736, 532, 343, 
789, 4, 651, 622, 584, 692, 307, 682, 4, 3, 3, 2, 10, 4, 3, 1, 
5, 1, 1, 100, 100, 100, 100, 100, 100, 100, 100, 100, 100, 100, 
2500, 2500, 2500, 2500, 2500, 2500, 2500, 2500, 2500, 2500, 2500, 
9078.444, 10022.644, 10780.505, 12077.826, 13392.824, 15540.767, 
16867.253, 19043.461, 21402.659, 22239.024, 26332.153, 1, 1, 
1, 1, 1, 1, 1, 1, 1, 1, 1, 0.33333, 0.33333, 0.33333, 0.33333, 
0.33333, 0.33333, 0.33333, 0.33333, 0.33333, 0.33333, 0.33333, 
0, 0, 0, 0, 0, 0, 0, 0, 0, 0, 0, 0, 0, 0, 0, 0, 0, 0, 0, 0, 0, 
0, 0.91224, 0.90932, 0.90695, 0.90766, 0.91057, 0.9143, 0.91752, 
0.91636, 0.91819, 0.91713, 0.91628, 0.91224, 0.90932, 0.90695, 
0.90766, 0.90937, 0.9143, 0.91752, 0.91636, 0.91723, 0.91713, 
0.91628, 0.0354, 0.0455, 0.0484, 0.0623, 0.0659, 0.0773, 0.0792, 
0.0927, 0.1015, 0.1187, 0.1313, 113.8, 135.7, 144.8, 160.9, 166.5, 
175.6, 183.3, 194.2, 208.2, 223.8, 237.2, 1, 1, 1, 1, 1, 1, 1, 
1, 1, 1, 1, 1, 1, 1, 1, 1, 1, 1, 1, 1, 1, 1, 1, 1, 1, 1, 1, 1, 
1, 1, 1, 1, 1, 1, 1, 1, 1, 1, 1, 1, 1, 1, 1, 1, 2.597, 2.829, 
2.551, 2.937, 2.945, 3.154, 2.994, 3.248, 3.187, 3.56, 3.647), .Dim = c(11L, 
40L), .Dimnames = list(NULL, c("Sampling", "PSO.cost", "PSO.gamma", 
"PSO.data.balancing", "PSO.feature.selection", "PSO.valid.acc", 
"PSO.test.acc", "PSO.train.time", "PSO.n.support.vectors", "PSO.index", 
"PSO.n.solutions", "PSO.generations", "PSO.n.evaluations", "PSO.cpu.time", 
"RS.cost", "RS.gamma", "RS.data.balancing", "RS.feature.selection", 
"RS.valid.acc", "RS.test.acc", "RS.train.time", "RS.n.support.vectors", 
"RS.index", "RS.n.solutions", "RS.generations", "RS.n.evaluations", 
"RS.cpu.time", "DF.cost", "DF.gamma", "DF.data.balancing", "DF.feature.selection", 
"DF.valid.acc", "DF.test.acc", "DF.train.time", "DF.n.support.vectors", 
"DF.index", "DF.n.solutions", "DF.generations", "DF.n.evaluations", 
"DF.cpu.time")))
