full <-
structure(c(50, 55, 60, 65, 70, 75, 80, 85, 90, 95, 100, 1.54327, 
1.52836, 1.61721, 0.19055, 0.51836, 0.6983, 2.09382, 0.39587, 
0.48972, -0.28693, 0.44457, 0.91633, -0.83956, 0.9795, 1.37951, 
1.14972, 1.43264, -0.83328, 0.30065, 0.25647, 0.64566, 1.20987, 
0, 0, 0, 0, 0, 0, 0, 0, 0, 0, 0, 0, 0, 0, 0, 0, 0, 0, 0, 0, 0, 
0, 0.92378, 0.9216, 0.92684, 0.92325, 0.92265, 0.92892, 0.92717, 
0.92539, 0.92198, 0.92072, 0.92047, 0.91541, 0.91847, 0.91411, 
0.92195, 0.92264, 0.92666, 0.92294, 0.92539, 0.92103, 0.91895, 
0.91793, 0.0488, 0.0442, 0.0605, 0.0938, 0.0928, 0.1116, 0.0805, 
0.0918, 0.1053, 0.1269, 0.1573, 210.2, 142.3, 217.2, 298.2, 279.5, 
326.7, 177.7, 234.5, 242.7, 285.5, 362.4, 1035, 2474, 1632, 873, 
1441, 2226, 286, 222, 451, 780, 45, 42, 1, 19, 272, 11, 6, 801, 
1004, 602, 152, 60, 100, 100, 100, 100, 100, 100, 100, 100, 100, 
100, 100, 2500, 2500, 2500, 2500, 2500, 2500, 2500, 2500, 2500, 
2500, 2500, 7379.62, 8059.487, 7141.42400000001, 8406.88400000001, 
10133.111, 9576.924, 9011.61599999999, 8921.90599999999, 14342.293, 
13383.336, 13069.333, 0.50809, 1.65669, 0.87367, 0.38864, 1.17679, 
0.70219, 1.65351, 0.3404, 0.46935, -0.31084, -0.15666, 0.88539, 
-0.58839, 1.31938, 1.42397, -0.1025, 1.67147, -0.55998, 0.82936, 
0.46719, 0.93441, 0.9424, 0, 0, 0, 0, 0, 0, 0, 0, 0, 0, 0, 0, 
0, 0, 0, 0, 0, 0, 0, 0, 0, 0, 0.92222, 0.92006, 0.92534, 0.92197, 
0.92265, 0.9278, 0.92612, 0.92539, 0.92198, 0.92072, 0.91963, 
0.92053, 0.91232, 0.92115, 0.92195, 0.92384, 0.92667, 0.92294, 
0.9264, 0.9201, 0.91983, 0.91879, 0.0499, 0.043, 0.0814, 0.0909, 
0.062, 0.1359, 0.0796, 0.1035, 0.1057, 0.1278, 0.14, 214.8, 147.9, 
272.6, 305, 178.2, 371.3, 186.5, 276.3, 255.2, 315.9, 325.6, 
1231, 501, 2365, 123, 236, 117, 1827, 535, 679, 404, 18, 1, 6, 
1, 2, 3, 1, 1, 6, 1, 3, 9, 100, 100, 100, 100, 100, 100, 100, 
100, 100, 100, 100, 2500, 2500, 2500, 2500, 2500, 2500, 2500, 
2500, 2500, 2500, 2500, 8560.908, 9448.038, 10472.234, 11325.048, 
12879.276, 13582.702, 14973.223, 17698.852, 20821.848, 24744.939, 
27505.273, 1, 1, 1, 1, 1, 1, 1, 1, 1, 1, 1, 0.33333, 0.33333, 
0.33333, 0.33333, 0.33333, 0.33333, 0.33333, 0.33333, 0.33333, 
0.33333, 0.33333, 0, 0, 0, 0, 0, 0, 0, 0, 0, 0, 0, 0, 0, 0, 0, 
0, 0, 0, 0, 0, 0, 0, 0.91714, 0.91549, 0.91698, 0.91932, 0.91902, 
0.92215, 0.92078, 0.92039, 0.91726, 0.91715, 0.91625, 0.91886, 
0.91549, 0.91698, 0.91932, 0.91902, 0.92215, 0.92078, 0.92039, 
0.91726, 0.91715, 0.91625, 0.0353, 0.0451, 0.0548, 0.0566, 0.0657, 
0.0711, 0.079, 0.0924, 0.1154, 0.123, 0.1374, 114.2, 135.6, 148.2, 
150.1, 164.1, 166.6, 181.1, 196.3, 220.4, 225.1, 242.8, 1, 1, 
1, 1, 1, 1, 1, 1, 1, 1, 1, 1, 1, 1, 1, 1, 1, 1, 1, 1, 1, 1, 1, 
1, 1, 1, 1, 1, 1, 1, 1, 1, 1, 1, 1, 1, 1, 1, 1, 1, 1, 1, 1, 1, 
2.609, 2.61, 2.955, 2.757, 2.847, 2.825, 2.901, 3.11, 3.674, 
3.801, 3.814), .Dim = c(11L, 40L), .Dimnames = list(NULL, c("Sampling", 
"PSO.cost", "PSO.gamma", "PSO.data.balancing", "PSO.feature.selection", 
"PSO.valid.acc", "PSO.test.acc", "PSO.train.time", "PSO.n.support.vectors", 
"PSO.index", "PSO.n.solutions", "PSO.generations", "PSO.n.evaluations", 
"PSO.cpu.time", "RS.cost", "RS.gamma", "RS.data.balancing", "RS.feature.selection", 
"RS.valid.acc", "RS.test.acc", "RS.train.time", "RS.n.support.vectors", 
"RS.index", "RS.n.solutions", "RS.generations", "RS.n.evaluations", 
"RS.cpu.time", "DF.cost", "DF.gamma", "DF.data.balancing", "DF.feature.selection", 
"DF.valid.acc", "DF.test.acc", "DF.train.time", "DF.n.support.vectors", 
"DF.index", "DF.n.solutions", "DF.generations", "DF.n.evaluations", 
"DF.cpu.time")))
