full <-
structure(c(50, 55, 60, 65, 70, 75, 80, 85, 90, 95, 100, 14.24516, 
1, 1, 1, 1, 0.37708, 0.52042, 0.52933, 0.38825, 0.27036, 0.40632, 
-7.19382, 0.33333, 0.33333, 0.33333, 0.33333, 1.17494, 0.12394, 
0.90906, 1.24201, 0.52626, 1.50567, 0, 0, 0, 0, 0, 0, 0, 0, 0, 
0, 0, 0, 0, 0, 0, 0, 0, 0, 0, 0, 0, 0, 0.90205, 0.9094, 0.91125, 
0.90767, 0.91184, 0.91657, 0.91332, 0.91536, 0.91629, 0.91982, 
0.92135, 0.89863, 0.9094, 0.91125, 0.90767, 0.91184, 0.9109, 
0.90912, 0.91135, 0.91253, 0.91981, 0.91966, 0.4619, 0.0447, 
0.0512, 0.0659, 0.0717, 0.106, 0.0899, 0.1054, 0.1429, 0.1262, 
0.1815, 101.2, 129.5, 145.3, 161, 172.6, 306.4, 218.4, 287.2, 
349.9, 270.2, 419.5, 86, 1, 1, 1, 1, 975, 656, 696, 217, 984, 
359, 303, 1960, 2070, 1920, 1839, 153, 111, 263, 170, 191, 547, 
100, 100, 100, 100, 100, 100, 100, 100, 100, 100, 100, 2500, 
2500, 2500, 2500, 2500, 2500, 2500, 2500, 2500, 2500, 2500, 14055.095, 
9822.646, 11001.616, 13253.543, 18563.359, 11466.224, 11571.691, 
18399.91, 12915.836, 12267.955, 13681.748, 11.63334, -0.2548, 
0.36664, -1.28358, 9.13622, 0.22423, 0.33991, 0.12402, 0.41695, 
0.28987, 0.31313, -6.30239, 0.58074, 1.6105, -10.12954, -10.96603, 
1.33968, 0.25531, 0.64847, 1.31109, 0.36677, 1.44585, 0, 0, 0, 
0, 0, 0, 0, 0, 0, 0, 0, 0, 0, 0, 0, 0, 0, 0, 0, 0, 0, 0, 0.90205, 
0.91091, 0.91266, 0.90767, 0.91184, 0.91431, 0.91332, 0.91536, 
0.91629, 0.91892, 0.9205, 0.89863, 0.90637, 0.90985, 0.90767, 
0.91184, 0.91316, 0.91016, 0.91336, 0.9116, 0.91981, 0.91967, 
0.1751, 0.0475, 0.0952, 0.0342, 0.1683, 0.1131, 0.0879, 0.1113, 
0.1483, 0.1133, 0.197, 101.9, 182.5, 317.6, 98.5, 250.7, 335, 
223.8, 264.9, 362.1, 258.6, 408.3, 265, 36, 1962, 1, 1, 373, 
335, 332, 1034, 703, 1634, 8, 3, 1, 1507, 1504, 1, 1, 2, 1, 1, 
1, 100, 100, 100, 100, 100, 100, 100, 100, 100, 100, 100, 2500, 
2500, 2500, 2500, 2500, 2500, 2500, 2500, 2500, 2500, 2500, 9252.837, 
10218.566, 11695.888, 12648.285, 14321.368, 16250.635, 18260.831, 
19939.66, 21622.854, 24587.414, 28139.812, 1, 1, 1, 1, 1, 1, 
1, 1, 1, 1, 1, 0.33333, 0.33333, 0.33333, 0.33333, 0.33333, 0.33333, 
0.33333, 0.33333, 0.33333, 0.33333, 0.33333, 0, 0, 0, 0, 0, 0, 
0, 0, 0, 0, 0, 0, 0, 0, 0, 0, 0, 0, 0, 0, 0, 0, 0.89863, 0.9094, 
0.91125, 0.90767, 0.91184, 0.91204, 0.91016, 0.91137, 0.91349, 
0.91535, 0.91626, 0.89863, 0.9094, 0.91125, 0.90767, 0.91184, 
0.91204, 0.91016, 0.91137, 0.91349, 0.91535, 0.91626, 0.0382, 
0.0458, 0.0531, 0.0621, 0.0715, 0.0797, 0.0906, 0.1007, 0.108, 
0.1246, 0.1371, 125.6, 129.5, 145.3, 161, 172.6, 175, 192.8, 
208.3, 220.2, 235.9, 241.3, 1, 1, 1, 1, 1, 1, 1, 1, 1, 1, 1, 
1, 1, 1, 1, 1, 1, 1, 1, 1, 1, 1, 1, 1, 1, 1, 1, 1, 1, 1, 1, 1, 
1, 1, 1, 1, 1, 1, 1, 1, 1, 1, 1, 1, 2.898, 3.038, 3.023, 3.184, 
3.277, 3.333, 3.578, 3.49, 3.461, 3.682, 3.857), .Dim = c(11L, 
40L), .Dimnames = list(NULL, c("Sampling", "PSO.cost", "PSO.gamma", 
"PSO.data.balancing", "PSO.feature.selection", "PSO.valid.acc", 
"PSO.test.acc", "PSO.train.time", "PSO.n.support.vectors", "PSO.index", 
"PSO.n.solutions", "PSO.generations", "PSO.n.evaluations", "PSO.cpu.time", 
"RS.cost", "RS.gamma", "RS.data.balancing", "RS.feature.selection", 
"RS.valid.acc", "RS.test.acc", "RS.train.time", "RS.n.support.vectors", 
"RS.index", "RS.n.solutions", "RS.generations", "RS.n.evaluations", 
"RS.cpu.time", "DF.cost", "DF.gamma", "DF.data.balancing", "DF.feature.selection", 
"DF.valid.acc", "DF.test.acc", "DF.train.time", "DF.n.support.vectors", 
"DF.index", "DF.n.solutions", "DF.generations", "DF.n.evaluations", 
"DF.cpu.time")))
