full <-
structure(c(50, 55, 60, 65, 70, 75, 80, 85, 90, 95, 100, 3.08812, 
1.61372, 1.01293, 2.56029, 0.44965, 0.37627, 0.37791, 0.01679, 
0.50317, 0.16294, 0.15831, -0.63769, -0.88976, 0.06598, -0.44196, 
-0.74343, -0.1615, 0.84785, 1.2844, 1.30768, 2.35826, 1.92673, 
0, 0, 0, 0, 0, 0, 0, 0, 0, 0, 0, 0, 0, 0, 0, 0, 0, 0, 0, 0, 0, 
0, 0.94957, 0.9447, 0.94651, 0.94805, 0.93232, 0.93246, 0.92921, 
0.93034, 0.92953, 0.92072, 0.92135, 0.93948, 0.93852, 0.94078, 
0.94025, 0.93112, 0.93246, 0.92391, 0.92937, 0.92862, 0.91983, 
0.91965, 0.0306, 0.0394, 0.0505, 0.0459, 0.0624, 0.0699, 0.093, 
0.1422, 0.1557, 0.278, 0.2338, 90.3, 115.8, 150.2, 119.6, 149.6, 
174.1, 257.6, 354.9, 362.7, 582.3, 512.8, 1088, 337, 1516, 606, 
262, 2129, 450, 1072, 391, 587, 779, 72, 624, 12, 433, 411, 27, 
351, 48, 659, 255, 465, 100, 100, 100, 100, 100, 100, 100, 100, 
100, 100, 100, 2500, 2500, 2500, 2500, 2500, 2500, 2500, 2500, 
2500, 2500, 2500, 7552.7, 7731.846, 8736.642, 8155.139, 9114.338, 
10800.559, 11136.456, 12517.129, 11214.126, 16828.069, 21467.396, 
2.59762, 1.42896, 0.99572, 1.97233, 0.66194, 0.47135, 0.39165, 
0.00675, 0.45728, 0.05818, 0.10481, -0.53811, -0.70215, -0.11534, 
-0.16738, -0.41592, 1.69029, 1.27492, 1.05269, 1.41629, 2.45281, 
1.83484, 0, 0, 0, 0, 0, 0, 0, 0, 0, 0, 0, 0, 0, 0, 0, 0, 0, 0, 
0, 0, 0, 0, 0.94793, 0.9447, 0.94508, 0.94675, 0.93234, 0.93129, 
0.92707, 0.92934, 0.9286, 0.92072, 0.92135, 0.93781, 0.93852, 
0.94078, 0.93632, 0.92991, 0.93245, 0.9239, 0.92837, 0.92862, 
0.92072, 0.91965, 0.0312, 0.0398, 0.0489, 0.0502, 0.0611, 0.1662, 
0.1264, 0.115, 0.1626, 0.2929, 0.2417, 96.3, 120.9, 139.5, 130.8, 
154.8, 392.4, 330, 314.3, 382.9, 597.9, 493.4, 715, 1245, 771, 
256, 1362, 1319, 1942, 725, 1476, 1407, 1937, 2, 2, 1, 2, 1, 
1, 2, 2, 1, 3, 1, 100, 100, 100, 100, 100, 100, 100, 100, 100, 
100, 100, 2500, 2500, 2500, 2500, 2500, 2500, 2500, 2500, 2500, 
2500, 2500, 8181.191, 9327.555, 9707.054, 10728.812, 12754.981, 
15213.78, 18459.322, 18821.417, 20815.847, 25587.968, 27301.458, 
1, 1, 1, 1, 1, 1, 1, 1, 1, 1, 1, 0.33333, 0.33333, 0.33333, 0.33333, 
0.33333, 0.33333, 0.33333, 0.33333, 0.33333, 0.33333, 0.33333, 
0, 0, 0, 0, 0, 0, 0, 0, 0, 0, 0, 0, 0, 0, 0, 0, 0, 0, 0, 0, 0, 
0, 0.94092, 0.93549, 0.93804, 0.93497, 0.92991, 0.92565, 0.92177, 
0.92337, 0.92291, 0.91894, 0.91626, 0.941, 0.93549, 0.93943, 
0.93497, 0.92991, 0.92565, 0.92177, 0.92337, 0.92291, 0.91894, 
0.91626, 0.0308, 0.0384, 0.0415, 0.0448, 0.062, 0.0717, 0.0812, 
0.0931, 0.0997, 0.1221, 0.1384, 91.7, 111.5, 111.1, 115.4, 141.9, 
155.5, 179.2, 188.2, 201.7, 222.8, 245.9, 1, 1, 1, 1, 1, 1, 1, 
1, 1, 1, 1, 1, 1, 1, 1, 1, 1, 1, 1, 1, 1, 1, 1, 1, 1, 1, 1, 1, 
1, 1, 1, 1, 1, 1, 1, 1, 1, 1, 1, 1, 1, 1, 1, 1, 2.954, 3.041, 
2.969, 2.917, 3.358, 3.428, 3.497, 3.56, 3.46, 3.911, 4.093), .Dim = c(11L, 
40L), .Dimnames = list(NULL, c("Sampling", "PSO.cost", "PSO.gamma", 
"PSO.data.balancing", "PSO.feature.selection", "PSO.valid.acc", 
"PSO.test.acc", "PSO.train.time", "PSO.n.support.vectors", "PSO.index", 
"PSO.n.solutions", "PSO.generations", "PSO.n.evaluations", "PSO.cpu.time", 
"RS.cost", "RS.gamma", "RS.data.balancing", "RS.feature.selection", 
"RS.valid.acc", "RS.test.acc", "RS.train.time", "RS.n.support.vectors", 
"RS.index", "RS.n.solutions", "RS.generations", "RS.n.evaluations", 
"RS.cpu.time", "DF.cost", "DF.gamma", "DF.data.balancing", "DF.feature.selection", 
"DF.valid.acc", "DF.test.acc", "DF.train.time", "DF.n.support.vectors", 
"DF.index", "DF.n.solutions", "DF.generations", "DF.n.evaluations", 
"DF.cpu.time")))
