full <-
structure(c(50, 55, 60, 65, 70, 75, 80, 85, 90, 95, 100, 10.20566, 
2.31858, 10.42631, 10.95787, 0.22036, 0.01616, 0.18905, 0.74814, 
-0.324, 0.60575, 0.05137, -5.46542, -1.83891, -6.48134, -5.65595, 
1.38863, -0.09073, 1.51266, 1.96231, 0.79108, 1.71291, 1.74059, 
0, 0, 0, 0, 0, 0, 0, 0, 0, 0, 0, 0, 0, 0, 0, 0, 0, 0, 0, 0, 0, 
0, 0.91229, 0.91248, 0.91279, 0.91028, 0.91424, 0.9143, 0.91644, 
0.91639, 0.91441, 0.92162, 0.91964, 0.90887, 0.90943, 0.9071, 
0.90894, 0.91304, 0.91318, 0.91437, 0.91639, 0.91155, 0.91982, 
0.9188, 0.1846, 0.0465, 0.5009, 0.5556, 0.1124, 0.0739, 0.1476, 
0.202, 0.1235, 0.218, 0.2216, 102.6, 128.1, 157.6, 139.7, 337.1, 
209.7, 379.3, 463.1, 294.6, 449.1, 476.6, 91, 155, 1044, 3, 2432, 
663, 441, 1364, 293, 682, 729, 582, 83, 21, 327, 1, 15, 341, 
141, 159, 281, 133, 100, 100, 100, 100, 100, 100, 100, 100, 100, 
100, 100, 2500, 2500, 2500, 2500, 2500, 2500, 2500, 2500, 2500, 
2500, 2500, 10731.137, 14261.786, 26616.914, 19133.596, 15611.553, 
11320.342, 11867.191, 12554.18, 15134.794, 17148.704, 14864.662, 
8.69128, 2.24724, 11.86644, 6.39781, -0.08862, 0.27017, 0.02902, 
0.00452, -0.31305, 0.34737, 0.33104, -4.86466, -1.8046, -6.67868, 
-3.9798, 1.76612, 0.92115, 0.43184, 0.72089, 1.48888, 1.36465, 
1.50026, 0, 0, 0, 0, 0, 0, 0, 0, 0, 0, 0, 0, 0, 0, 0, 0, 0, 0, 
0, 0, 0, 0, 0.91229, 0.91248, 0.91138, 0.91028, 0.91304, 0.91318, 
0.91539, 0.91447, 0.91346, 0.91982, 0.91963, 0.90887, 0.90943, 
0.9071, 0.90894, 0.91304, 0.9132, 0.91119, 0.91443, 0.9125, 0.92071, 
0.9188, 0.113, 0.0467, 0.836, 0.1123, 0.1304, 0.0972, 0.1006, 
0.1052, 0.1645, 0.1727, 0.2007, 103.3, 128.2, 137.8, 138, 390.5, 
292.6, 258.5, 273.4, 390.9, 375.3, 421.3, 375, 676, 38, 23, 95, 
21, 1566, 26, 1081, 169, 2483, 13, 4, 64, 22, 5, 6, 3, 6, 5, 
2, 1, 100, 100, 100, 100, 100, 100, 100, 100, 100, 100, 100, 
2500, 2500, 2500, 2500, 2500, 2500, 2500, 2500, 2500, 2500, 2500, 
8669.576, 9432.339, 10798.473, 11375.524, 13904.979, 14840.505, 
17002.629, 20359.316, 20955.187, 26611.355, 31668.815, 1, 1, 
1, 1, 1, 1, 1, 1, 1, 1, 1, 0.33333, 0.33333, 0.33333, 0.33333, 
0.33333, 0.33333, 0.33333, 0.33333, 0.33333, 0.33333, 0.33333, 
0, 0, 0, 0, 0, 0, 0, 0, 0, 0, 0, 0, 0, 0, 0, 0, 0, 0, 0, 0, 0, 
0, 0.90887, 0.90786, 0.90855, 0.91024, 0.90938, 0.90983, 0.90804, 
0.91047, 0.9097, 0.91446, 0.91626, 0.90887, 0.90786, 0.90855, 
0.91024, 0.90938, 0.90983, 0.90697, 0.91047, 0.91065, 0.91356, 
0.91626, 0.0391, 0.0435, 0.0535, 0.0616, 0.0695, 0.0779, 0.0912, 
0.1045, 0.108, 0.1241, 0.1367, 133, 139.6, 156.2, 167.6, 176.8, 
181.9, 196.7, 209.9, 211.9, 226.5, 239.3, 1, 1, 1, 1, 1, 1, 1, 
1, 1, 1, 1, 1, 1, 1, 1, 1, 1, 1, 1, 1, 1, 1, 1, 1, 1, 1, 1, 1, 
1, 1, 1, 1, 1, 1, 1, 1, 1, 1, 1, 1, 1, 1, 1, 1, 2.758, 2.822, 
2.956, 3.015, 3.113, 3.333, 3.562, 3.685, 3.647, 4.721, 4.714
), .Dim = c(11L, 40L), .Dimnames = list(NULL, c("Sampling", "PSO.cost", 
"PSO.gamma", "PSO.data.balancing", "PSO.feature.selection", "PSO.valid.acc", 
"PSO.test.acc", "PSO.train.time", "PSO.n.support.vectors", "PSO.index", 
"PSO.n.solutions", "PSO.generations", "PSO.n.evaluations", "PSO.cpu.time", 
"RS.cost", "RS.gamma", "RS.data.balancing", "RS.feature.selection", 
"RS.valid.acc", "RS.test.acc", "RS.train.time", "RS.n.support.vectors", 
"RS.index", "RS.n.solutions", "RS.generations", "RS.n.evaluations", 
"RS.cpu.time", "DF.cost", "DF.gamma", "DF.data.balancing", "DF.feature.selection", 
"DF.valid.acc", "DF.test.acc", "DF.train.time", "DF.n.support.vectors", 
"DF.index", "DF.n.solutions", "DF.generations", "DF.n.evaluations", 
"DF.cpu.time")))
