full <-
structure(c(50, 55, 60, 65, 70, 75, 80, 85, 90, 95, 100, 7.89453, 
4.47653, 8.4936, 14.8908, 14.99676, 14.8987, 6.97683, 12.95474, 
15, 13.54052, 10.46826, -11.51177, -6.29931, -9.46135, -13.59929, 
-12.90184, -11.70942, -8.00627, -11.49249, -11.71721, -13.82114, 
-11.9796, 0, 0, 0, 0, 0, 0, 0, 0, 0, 0, 0, 0, 0, 0, 0, 0, 0, 
0, 0, 0, 0, 0, 0.71442, 0.70672, 0.70887, 0.71898, 0.71525, 0.71446, 
0.71553, 0.7148, 0.71493, 0.7147, 0.71397, 0.70352, 0.69549, 
0.6986, 0.70278, 0.70642, 0.7047, 0.71098, 0.70625, 0.70484, 
0.71087, 0.70742, 0.6859, 0.6876, 1.123, 1.9967, 2.979, 4.6674, 
1.7359, 4.4114, 7.1326, 3.3431, 3.6731, 772.4, 781.9, 842.7, 
874.6, 938.8, 1001.1, 1092.3, 1154.3, 1214.7, 1293.3, 1414.2, 
1543, 2240, 2500, 1770, 1616, 2338, 524, 2489, 1749, 2395, 1742, 
7, 2, 1, 8, 4, 3, 242, 4, 1, 1, 3, 100, 100, 100, 100, 100, 100, 
100, 100, 100, 100, 100, 2500, 2500, 2500, 2500, 2500, 2500, 
2500, 2500, 2500, 2500, 2500, 30266.02, 35619.676, 57603.406, 
59609.295, 81675.811, 117432.334, 61208.268, 92685.8759999999, 
158762.141, 115632.351, 102437.582, 8.02979, 4.44997, 9.06591, 
13.82583, 9.29846, 14.92377, 7.45837, 13.01037, 6.65948, 13.87246, 
12.23738, -11.66408, -6.1082, -9.87524, -12.00953, -10.21032, 
-11.7278, -8.84858, -11.57224, -7.67274, -14.02446, -14.61783, 
0, 0, 0, 0, 0, 0, 0, 0, 0, 0, 0, 0, 0, 0, 0, 0, 0, 0, 0, 0, 0, 
0, 0.71296, 0.70475, 0.70645, 0.71729, 0.71317, 0.71203, 0.71371, 
0.71394, 0.71412, 0.71318, 0.71288, 0.70498, 0.69681, 0.69739, 
0.70668, 0.70487, 0.70325, 0.70961, 0.70795, 0.70203, 0.71201, 
0.70778, 0.706, 0.6831, 1.2561, 2.6301, 1.7385, 4.7195, 1.8076, 
4.2508, 2.1749, 3.2224, 2.9636, 773.2, 781.1, 845.7, 879, 982.1, 
1002.7, 1111.4, 1154.7, 1248.8, 1289.3, 1394.8, 620, 1016, 1572, 
2215, 780, 1864, 365, 2033, 110, 112, 1996, 1, 1, 1, 1, 2, 1, 
4, 1, 1, 2, 1, 100, 100, 100, 100, 100, 100, 100, 100, 100, 100, 
100, 2500, 2500, 2500, 2500, 2500, 2500, 2500, 2500, 2500, 2500, 
2500, 44803.743, 51506.297, 64174.769, 70556.492, 86847.997, 
95124.936, 108507.901, 109935.967, 133070.377, 145344.942, 170460.085, 
1, 1, 1, 1, 1, 1, 1, 1, 1, 1, 1, 0.03846, 0.03846, 0.03846, 0.03846, 
0.03846, 0.03846, 0.03846, 0.03846, 0.03846, 0.03846, 0.03846, 
0, 0, 0, 0, 0, 0, 0, 0, 0, 0, 0, 0, 0, 0, 0, 0, 0, 0, 0, 0, 0, 
0, 0.69771, 0.69812, 0.69673, 0.70053, 0.6992, 0.70573, 0.70597, 
0.69936, 0.69639, 0.69822, 0.70197, 0.69839, 0.69416, 0.69309, 
0.70279, 0.6992, 0.7038, 0.70598, 0.70151, 0.70042, 0.69669, 
0.70015, 0.5395, 0.6395, 0.7529, 0.8527, 0.9934, 1.1263, 1.2679, 
1.45, 1.5939, 1.774, 1.9585, 779.6, 859.8, 926.4, 996.1, 1059.3, 
1129.2, 1207, 1289.2, 1377.1, 1441.7, 1506, 1, 1, 1, 1, 1, 1, 
1, 1, 1, 1, 1, 1, 1, 1, 1, 1, 1, 1, 1, 1, 1, 1, 1, 1, 1, 1, 1, 
1, 1, 1, 1, 1, 1, 1, 1, 1, 1, 1, 1, 1, 1, 1, 1, 1, 8.675, 9.958, 
11.415, 12.372, 14.177, 15.383, 17.028, 18.681, 20.036, 22.206, 
24.273), .Dim = c(11L, 40L), .Dimnames = list(NULL, c("Sampling", 
"PSO.cost", "PSO.gamma", "PSO.data.balancing", "PSO.feature.selection", 
"PSO.valid.acc", "PSO.test.acc", "PSO.train.time", "PSO.n.support.vectors", 
"PSO.index", "PSO.n.solutions", "PSO.generations", "PSO.n.evaluations", 
"PSO.cpu.time", "RS.cost", "RS.gamma", "RS.data.balancing", "RS.feature.selection", 
"RS.valid.acc", "RS.test.acc", "RS.train.time", "RS.n.support.vectors", 
"RS.index", "RS.n.solutions", "RS.generations", "RS.n.evaluations", 
"RS.cpu.time", "DF.cost", "DF.gamma", "DF.data.balancing", "DF.feature.selection", 
"DF.valid.acc", "DF.test.acc", "DF.train.time", "DF.n.support.vectors", 
"DF.index", "DF.n.solutions", "DF.generations", "DF.n.evaluations", 
"DF.cpu.time")))
