full <-
structure(c(50, 55, 60, 65, 70, 75, 80, 85, 90, 95, 100, 13.07137, 
14.84579, 4.41837, 3.12212, 7.27379, 10.77184, 9.58347, 13.16197, 
4.0241, 14.66308, 14.98778, -13.27289, -14.88307, -6.23051, -5.34377, 
-9.12129, -11.1358, -10.62336, -13.88333, -5.86503, -12.49254, 
-14.99919, 0, 0, 0, 0, 0, 0, 0, 0, 0, 0, 0, 0, 0, 0, 0, 0, 0, 
0, 0, 0, 0, 0, 0.69904, 0.71006, 0.71252, 0.71454, 0.7215, 0.71981, 
0.71961, 0.71483, 0.71614, 0.71735, 0.71173, 0.69324, 0.69881, 
0.70403, 0.70895, 0.71839, 0.71689, 0.71597, 0.71183, 0.71291, 
0.71582, 0.711, 1.1653, 1.0925, 0.8073, 0.8739, 1.3237, 2.7045, 
2.3024, 2.5371, 1.6616, 5.6985, 3.0377, 712.8, 759.8, 848.4, 
920.7, 984.7, 1036.2, 1124, 1182.5, 1258.9, 1281.3, 1339.1, 2284, 
1737, 1671, 1670, 590, 736, 157, 359, 677, 1214, 2237, 1, 2, 
53, 33, 295, 94, 114, 1, 223, 1, 1, 100, 100, 100, 100, 100, 
100, 100, 100, 100, 100, 100, 2500, 2500, 2500, 2500, 2500, 2500, 
2500, 2500, 2500, 2500, 2500, 38850.584, 37811.381, 39356.01, 
35652.614, 50882.001, 75573.297, 69317.253, 77663.01, 57313.258, 
155623.251, 97980.4510000001, 8.42391, 13.78708, 4.83089, 3.6839, 
3.64992, 11.1072, 3.07627, 12.73029, 3.87499, 13.34179, 9.02856, 
-9.17994, -14.357, -6.27935, -4.47287, -5.09743, -11.32747, -5.66001, 
-13.66234, -5.86017, -11.95835, -11.7382, 0, 0, 0, 0, 0, 0, 0, 
0, 0, 0, 0, 0, 0, 0, 0, 0, 0, 0, 0, 0, 0, 0, 0.69691, 0.70806, 
0.71191, 0.71391, 0.72154, 0.71933, 0.71961, 0.71354, 0.71453, 
0.71582, 0.70991, 0.69471, 0.70144, 0.70523, 0.70719, 0.71478, 
0.71641, 0.71552, 0.71268, 0.71291, 0.71429, 0.70592, 0.7821, 
1.1581, 0.8192, 0.9169, 1.0318, 2.6781, 1.2955, 2.5624, 1.6851, 
5.2672, 2.7761, 716.9, 769.2, 843.5, 928.5, 981.7, 1034, 1129.2, 
1190, 1258.7, 1289.1, 1487.7, 940, 164, 885, 1773, 701, 102, 
2414, 2240, 1338, 874, 1020, 1, 1, 1, 1, 1, 2, 1, 2, 1, 1, 1, 
100, 100, 100, 100, 100, 100, 100, 100, 100, 100, 100, 2500, 
2500, 2500, 2500, 2500, 2500, 2500, 2500, 2500, 2500, 2500, 41567.541, 
49111.649, 57606.716, 72334.492, 77967.271, 86508.4900000001, 
96907.78, 117762.989, 129594.482, 144861.985, 159785.863, 1, 
1, 1, 1, 1, 1, 1, 1, 1, 1, 1, 0.03846, 0.03846, 0.03846, 0.03846, 
0.03846, 0.03846, 0.03846, 0.03846, 0.03846, 0.03846, 0.03846, 
0, 0, 0, 0, 0, 0, 0, 0, 0, 0, 0, 0, 0, 0, 0, 0, 0, 0, 0, 0, 0, 
0, 0.68671, 0.69287, 0.69614, 0.70278, 0.70908, 0.70334, 0.70417, 
0.70157, 0.70242, 0.70093, 0.69975, 0.68815, 0.69418, 0.69735, 
0.69829, 0.70494, 0.7077, 0.70554, 0.70114, 0.6996, 0.70245, 
0.70157, 0.5674, 0.6543, 0.7593, 0.8575, 0.9966, 1.1366, 1.287, 
1.4227, 1.5545, 1.696, 1.8664, 806.7, 877.2, 944.3, 1010.2, 1072.8, 
1148.1, 1224, 1310.3, 1369.6, 1431.1, 1504.1, 1, 1, 1, 1, 1, 
1, 1, 1, 1, 1, 1, 1, 1, 1, 1, 1, 1, 1, 1, 1, 1, 1, 1, 1, 1, 1, 
1, 1, 1, 1, 1, 1, 1, 1, 1, 1, 1, 1, 1, 1, 1, 1, 1, 1, 9.354, 
10.249, 11.331, 12.345, 13.861, 15.237, 17.032, 18.241, 19.715, 
21.091, 22.908), .Dim = c(11L, 40L), .Dimnames = list(NULL, c("Sampling", 
"PSO.cost", "PSO.gamma", "PSO.data.balancing", "PSO.feature.selection", 
"PSO.valid.acc", "PSO.test.acc", "PSO.train.time", "PSO.n.support.vectors", 
"PSO.index", "PSO.n.solutions", "PSO.generations", "PSO.n.evaluations", 
"PSO.cpu.time", "RS.cost", "RS.gamma", "RS.data.balancing", "RS.feature.selection", 
"RS.valid.acc", "RS.test.acc", "RS.train.time", "RS.n.support.vectors", 
"RS.index", "RS.n.solutions", "RS.generations", "RS.n.evaluations", 
"RS.cpu.time", "DF.cost", "DF.gamma", "DF.data.balancing", "DF.feature.selection", 
"DF.valid.acc", "DF.test.acc", "DF.train.time", "DF.n.support.vectors", 
"DF.index", "DF.n.solutions", "DF.generations", "DF.n.evaluations", 
"DF.cpu.time")))
