full <-
structure(c(50, 55, 60, 65, 70, 75, 80, 85, 90, 95, 100, 10.21744, 
11.86718, 13.99995, 10.19008, 11.40384, 14.99183, 13.66848, 6.63654, 
13.21695, 9.31552, 11.88423, -10.90901, -14.61197, -13.5659, 
-12.20781, -10.59827, -14.48723, -10.33432, -8.30749, -14.41579, 
-9.73353, -10.78823, 0, 0, 0, 0, 0, 0, 0, 0, 0, 0, 0, 0, 0, 0, 
0, 0, 0, 0, 0, 0, 0, 0, 0.72024, 0.72129, 0.71792, 0.71615, 0.71318, 
0.71833, 0.71326, 0.71397, 0.71331, 0.71466, 0.71282, 0.71222, 
0.71601, 0.7119, 0.71448, 0.70592, 0.71348, 0.70192, 0.70713, 
0.70806, 0.71084, 0.71208, 0.9951, 0.904, 1.5421, 1.4544, 2.7349, 
2.0307, 6.0923, 1.8199, 2.597, 3.5717, 6.2263, 706.4, 774.9, 
809.5, 939, 963.3, 999.1, 1068.9, 1194.5, 1234.1, 1320.9, 1357, 
1446, 620, 1649, 1432, 1509, 2027, 1379, 1098, 2217, 1170, 1531, 
72, 5, 1, 3, 23, 1, 5, 60, 2, 18, 1, 100, 100, 100, 100, 100, 
100, 100, 100, 100, 100, 100, 2500, 2500, 2500, 2500, 2500, 2500, 
2500, 2500, 2500, 2500, 2500, 32363.715, 31626.962, 47759.646, 
47314.039, 68952.283, 60892.328, 171037.466, 79124.919, 89670.3089999999, 
116052.087, 152443.202, 9.9753, 9.83346, 13.86385, 10.5409, 11.56595, 
14.28199, 14.27123, 6.4938, 13.3971, 9.87303, 12.06983, -10.76812, 
-12.63183, -13.54381, -12.52228, -10.63758, -14.36359, -10.78464, 
-8.26992, -14.46597, -10.02744, -10.88158, 0, 0, 0, 0, 0, 0, 
0, 0, 0, 0, 0, 0, 0, 0, 0, 0, 0, 0, 0, 0, 0, 0, 0.71951, 0.72063, 
0.7161, 0.71559, 0.71318, 0.71736, 0.71235, 0.71311, 0.71291, 
0.71351, 0.71245, 0.71222, 0.71535, 0.71129, 0.71448, 0.70541, 
0.713, 0.70419, 0.70671, 0.70847, 0.70969, 0.71098, 0.9465, 0.8817, 
1.5005, 1.5046, 2.8483, 1.9232, 6.2743, 1.7721, 2.522, 4.0765, 
6.1528, 710, 815.9, 808, 934.4, 960.7, 1007, 1070.5, 1193.5, 
1230.6, 1312.7, 1356.3, 2232, 17, 2407, 1707, 2011, 999, 1715, 
1596, 2246, 986, 1691, 1, 4, 1, 2, 1, 1, 1, 1, 1, 1, 1, 100, 
100, 100, 100, 100, 100, 100, 100, 100, 100, 100, 2500, 2500, 
2500, 2500, 2500, 2500, 2500, 2500, 2500, 2500, 2500, 39919.229, 
47575.408, 55199.115, 68459.989, 75477.624, 92098.686, 102087.532, 
114273.124, 120797.676, 145596.794, 160791.118, 1, 1, 1, 1, 1, 
1, 1, 1, 1, 1, 1, 0.03846, 0.03846, 0.03846, 0.03846, 0.03846, 
0.03846, 0.03846, 0.03846, 0.03846, 0.03846, 0.03846, 0, 0, 0, 
0, 0, 0, 0, 0, 0, 0, 0, 0, 0, 0, 0, 0, 0, 0, 0, 0, 0, 0, 0.71001, 
0.70473, 0.70508, 0.70217, 0.70229, 0.70571, 0.70013, 0.70326, 
0.70203, 0.70283, 0.70298, 0.70564, 0.71333, 0.70692, 0.70107, 
0.70176, 0.70039, 0.70421, 0.70371, 0.70606, 0.6994, 0.7008, 
0.5281, 0.6308, 0.7609, 0.9129, 0.9986, 1.1341, 1.2704, 1.4567, 
1.6065, 1.7761, 1.9163, 795.2, 859.8, 942.8, 1013.4, 1088.3, 
1160, 1225.4, 1297.8, 1370.7, 1441.7, 1508.2, 1, 1, 1, 1, 1, 
1, 1, 1, 1, 1, 1, 1, 1, 1, 1, 1, 1, 1, 1, 1, 1, 1, 1, 1, 1, 1, 
1, 1, 1, 1, 1, 1, 1, 1, 1, 1, 1, 1, 1, 1, 1, 1, 1, 1, 8.498, 
9.566, 10.857, 12.961, 13.931, 15.18, 16.259, 18.612, 20.234, 
21.683, 23.299), .Dim = c(11L, 40L), .Dimnames = list(NULL, c("Sampling", 
"PSO.cost", "PSO.gamma", "PSO.data.balancing", "PSO.feature.selection", 
"PSO.valid.acc", "PSO.test.acc", "PSO.train.time", "PSO.n.support.vectors", 
"PSO.index", "PSO.n.solutions", "PSO.generations", "PSO.n.evaluations", 
"PSO.cpu.time", "RS.cost", "RS.gamma", "RS.data.balancing", "RS.feature.selection", 
"RS.valid.acc", "RS.test.acc", "RS.train.time", "RS.n.support.vectors", 
"RS.index", "RS.n.solutions", "RS.generations", "RS.n.evaluations", 
"RS.cpu.time", "DF.cost", "DF.gamma", "DF.data.balancing", "DF.feature.selection", 
"DF.valid.acc", "DF.test.acc", "DF.train.time", "DF.n.support.vectors", 
"DF.index", "DF.n.solutions", "DF.generations", "DF.n.evaluations", 
"DF.cpu.time")))
