full <-
structure(c(50, 55, 60, 65, 70, 75, 80, 85, 90, 95, 100, 14.3599, 
8.44702, 4.33545, 6.42406, 4.00048, 13.45238, 14.32029, 10.60582, 
7.11636, 5.90135, 13.53393, -12.15097, -8.75593, -6.29684, -8.96768, 
-5.9321, -14.93465, -11.35583, -11.06383, -6.94906, -6.53312, 
-11.80348, 0, 0, 0, 0, 0, 0, 0, 0, 0, 0, 0, 0, 0, 0, 0, 0, 0, 
0, 0, 0, 0, 0, 0.72169, 0.72591, 0.72396, 0.71902, 0.71895, 0.71587, 
0.71548, 0.71055, 0.71173, 0.71163, 0.71322, 0.71582, 0.72326, 
0.71425, 0.71675, 0.71635, 0.70763, 0.71138, 0.70929, 0.70729, 
0.70705, 0.71249, 1.9642, 1.1489, 0.8507, 1.099, 1.1375, 1.7959, 
5.4386, 3.5504, 2.4208, 2.3391, 6.1153, 657.9, 748.3, 844.9, 
946.3, 990.8, 1021.7, 1071.8, 1192.3, 1231.9, 1299, 1350.7, 1993, 
482, 465, 1114, 614, 2180, 2100, 2475, 1664, 1638, 1912, 1, 171, 
87, 52, 45, 1, 1, 1, 16, 20, 3, 100, 100, 100, 100, 100, 100, 
100, 100, 100, 100, 100, 2500, 2500, 2500, 2500, 2500, 2500, 
2500, 2500, 2500, 2500, 2500, 54130.705, 42376.593, 32382.119, 
39341.434, 44795.515, 62974.988, 137116.865, 114367.832, 72309.997, 
97976.3530000001, 185691.591, 13.9551, 9.05465, 7.71581, 2.65178, 
2.41371, 11.53042, 14.48277, 9.68241, 0.74226, 2.573, 10.24147, 
-12.02449, -9.10971, -8.17766, -6.47926, -5.26521, -13.30531, 
-11.34866, -10.13588, -3.54891, -3.8595, -8.73536, 0, 0, 0, 0, 
0, 0, 0, 0, 0, 0, 0, 0, 0, 0, 0, 0, 0, 0, 0, 0, 0, 0, 0.72095, 
0.72525, 0.72276, 0.71679, 0.71893, 0.71443, 0.71458, 0.71011, 
0.71295, 0.71238, 0.71284, 0.71656, 0.71996, 0.71849, 0.714, 
0.71166, 0.70909, 0.71274, 0.70844, 0.70686, 0.70666, 0.71213, 
2.0709, 1.2615, 1.2989, 0.9065, 1.0323, 2.0199, 6.156, 2.9621, 
1.6119, 1.7842, 5.1028, 657.8, 748.4, 828.2, 962.3, 1010.4, 1052.4, 
1074.9, 1188.4, 1341.4, 1364.8, 1347.3, 540, 260, 63, 1835, 2418, 
1595, 2182, 1434, 2497, 2235, 298, 1, 1, 1, 1, 1, 1, 1, 3, 1, 
2, 1, 100, 100, 100, 100, 100, 100, 100, 100, 100, 100, 100, 
2500, 2500, 2500, 2500, 2500, 2500, 2500, 2500, 2500, 2500, 2500, 
44452.663, 54238.582, 63797.559, 68514.036, 80780.563, 97723.975, 
103306.042, 122323.882, 141260.938, 148485.38, 164203.815, 1, 
1, 1, 1, 1, 1, 1, 1, 1, 1, 1, 0.03846, 0.03846, 0.03846, 0.03846, 
0.03846, 0.03846, 0.03846, 0.03846, 0.03846, 0.03846, 0.03846, 
0, 0, 0, 0, 0, 0, 0, 0, 0, 0, 0, 0, 0, 0, 0, 0, 0, 0, 0, 0, 0, 
0, 0.69841, 0.71469, 0.70998, 0.71345, 0.71269, 0.7081, 0.70276, 
0.70201, 0.70649, 0.70129, 0.70302, 0.70422, 0.70543, 0.70996, 
0.71455, 0.71166, 0.70857, 0.70685, 0.69987, 0.70524, 0.69938, 
0.70048, 0.5596, 0.6308, 0.759, 0.8777, 0.9866, 1.1723, 1.2756, 
1.4147, 1.5871, 1.7299, 1.9032, 787, 854, 934.1, 1006.6, 1079.6, 
1150.8, 1217.3, 1303.3, 1371.8, 1436.7, 1500.1, 1, 1, 1, 1, 1, 
1, 1, 1, 1, 1, 1, 1, 1, 1, 1, 1, 1, 1, 1, 1, 1, 1, 1, 1, 1, 1, 
1, 1, 1, 1, 1, 1, 1, 1, 1, 1, 1, 1, 1, 1, 1, 1, 1, 1, 8.737, 
9.712, 11.11, 12.443, 13.548, 15.531, 16.743, 18.139, 19.917, 
21.265, 23.09), .Dim = c(11L, 40L), .Dimnames = list(NULL, c("Sampling", 
"PSO.cost", "PSO.gamma", "PSO.data.balancing", "PSO.feature.selection", 
"PSO.valid.acc", "PSO.test.acc", "PSO.train.time", "PSO.n.support.vectors", 
"PSO.index", "PSO.n.solutions", "PSO.generations", "PSO.n.evaluations", 
"PSO.cpu.time", "RS.cost", "RS.gamma", "RS.data.balancing", "RS.feature.selection", 
"RS.valid.acc", "RS.test.acc", "RS.train.time", "RS.n.support.vectors", 
"RS.index", "RS.n.solutions", "RS.generations", "RS.n.evaluations", 
"RS.cpu.time", "DF.cost", "DF.gamma", "DF.data.balancing", "DF.feature.selection", 
"DF.valid.acc", "DF.test.acc", "DF.train.time", "DF.n.support.vectors", 
"DF.index", "DF.n.solutions", "DF.generations", "DF.n.evaluations", 
"DF.cpu.time")))
