full <-
structure(c(50, 55, 60, 65, 70, 75, 80, 85, 90, 95, 100, 13.65001, 
1.39584, 6.00174, 1.94061, 12.54887, 8.26774, 9.03718, 5.32233, 
14.96049, 12.57939, 6.08954, -12.16611, -5.87344, -6.99958, -6.50473, 
-10.90438, -7.87015, -10.57253, -8.54321, -14.99181, -11.59548, 
-6.52277, 0, 0, 0, 0, 0, 0, 0, 0, 0, 0, 0, 0, 0, 0, 0, 0, 0, 
0, 0, 0, 0, 0, 0.70057, 0.69286, 0.69724, 0.705, 0.7075, 0.71151, 
0.7033, 0.70408, 0.70849, 0.71314, 0.71789, 0.68677, 0.69223, 
0.69299, 0.69942, 0.70024, 0.70135, 0.69968, 0.70108, 0.70445, 
0.70627, 0.70734, 1.4119, 0.6973, 1.0467, 0.904, 3.2415, 1.762, 
2.2651, 1.6535, 2.7201, 5.3628, 2.4976, 695.1, 880, 874.9, 1009.3, 
952.2, 1020.6, 1158, 1255.6, 1225.5, 1298.3, 1358.3, 2347, 1114, 
1903, 1851, 1382, 1031, 990, 1547, 1581, 1693, 1883, 1, 133, 
4, 10, 2, 19, 16, 32, 3, 3, 9, 100, 100, 100, 100, 100, 100, 
100, 100, 100, 100, 100, 2500, 2500, 2500, 2500, 2500, 2500, 
2500, 2500, 2500, 2500, 2500, 42393.056, 26883.171, 56633.175, 
37702.211, 76745.069, 60893.1190000001, 71968.651, 107262.059, 
87414.138, 148627.863, 131034.383, 13.34512, 1.31089, 7.26181, 
1.0237, 1.99555, 6.91144, 8.76159, 5.90549, 6.18803, 12.58601, 
6.0963, -12.3095, -5.66009, -8.19471, -5.18638, -6.33772, -7.44957, 
-10.52362, -8.84439, -6.92168, -11.44101, -6.47809, 0, 0, 0, 
0, 0, 0, 0, 0, 0, 0, 0, 0, 0, 0, 0, 0, 0, 0, 0, 0, 0, 0, 0.69911, 
0.69154, 0.69665, 0.70332, 0.70799, 0.71054, 0.70285, 0.70322, 
0.70647, 0.71238, 0.7168, 0.68459, 0.69355, 0.69723, 0.69943, 
0.70279, 0.70327, 0.70014, 0.70022, 0.70406, 0.70665, 0.70807, 
1.3535, 0.6869, 1.1452, 0.9061, 1.0349, 1.5242, 2.1093, 1.7245, 
2.073, 5.5187, 2.5071, 698.4, 877.1, 879.9, 995.9, 1050, 1028.5, 
1164.9, 1248.6, 1257.4, 1299.5, 1357.7, 2354, 2085, 2041, 1208, 
2183, 1428, 162, 422, 2161, 714, 1170, 1, 1, 1, 1, 1, 2, 2, 1, 
1, 1, 1, 100, 100, 100, 100, 100, 100, 100, 100, 100, 100, 100, 
2500, 2500, 2500, 2500, 2500, 2500, 2500, 2500, 2500, 2500, 2500, 
41150.95, 53710.44, 63331.214, 74940.419, 80527.4889999999, 95880.686, 
107014.737, 125234.801, 145108.602, 150079.707, 161424.848, 1, 
1, 1, 1, 1, 1, 1, 1, 1, 1, 1, 0.03846, 0.03846, 0.03846, 0.03846, 
0.03846, 0.03846, 0.03846, 0.03846, 0.03846, 0.03846, 0.03846, 
0, 0, 0, 0, 0, 0, 0, 0, 0, 0, 0, 0, 0, 0, 0, 0, 0, 0, 0, 0, 0, 
0, 0.68542, 0.6856, 0.68094, 0.70164, 0.70383, 0.70041, 0.69741, 
0.69639, 0.70165, 0.70056, 0.70152, 0.69123, 0.68564, 0.68456, 
0.69608, 0.70072, 0.7009, 0.69832, 0.69724, 0.69681, 0.70247, 
0.70334, 0.5613, 0.6569, 0.8022, 0.8902, 0.9912, 1.1621, 1.3342, 
1.4591, 1.6147, 1.7623, 1.9737, 817.6, 897.9, 972.3, 1025.4, 
1084, 1163.1, 1240.9, 1311.9, 1388.2, 1450, 1505.3, 1, 1, 1, 
1, 1, 1, 1, 1, 1, 1, 1, 1, 1, 1, 1, 1, 1, 1, 1, 1, 1, 1, 1, 1, 
1, 1, 1, 1, 1, 1, 1, 1, 1, 1, 1, 1, 1, 1, 1, 1, 1, 1, 1, 1, 8.68, 
10.007, 11.466, 12.48, 13.359, 15.27, 17.104, 18.514, 20.064, 
21.496, 23.97), .Dim = c(11L, 40L), .Dimnames = list(NULL, c("Sampling", 
"PSO.cost", "PSO.gamma", "PSO.data.balancing", "PSO.feature.selection", 
"PSO.valid.acc", "PSO.test.acc", "PSO.train.time", "PSO.n.support.vectors", 
"PSO.index", "PSO.n.solutions", "PSO.generations", "PSO.n.evaluations", 
"PSO.cpu.time", "RS.cost", "RS.gamma", "RS.data.balancing", "RS.feature.selection", 
"RS.valid.acc", "RS.test.acc", "RS.train.time", "RS.n.support.vectors", 
"RS.index", "RS.n.solutions", "RS.generations", "RS.n.evaluations", 
"RS.cpu.time", "DF.cost", "DF.gamma", "DF.data.balancing", "DF.feature.selection", 
"DF.valid.acc", "DF.test.acc", "DF.train.time", "DF.n.support.vectors", 
"DF.index", "DF.n.solutions", "DF.generations", "DF.n.evaluations", 
"DF.cpu.time")))
