full <-
structure(c(50, 55, 60, 65, 70, 75, 80, 85, 90, 95, 100, 5.23212, 
4.64866, 13.31847, 12.85401, 8.39486, 14.22542, 3.13159, 3.92514, 
8.71561, 10.80257, 13.76223, -6.38732, -6.01895, -15, -12.31973, 
-9.46676, -14.27321, -5.34915, -5.21565, -11.28775, -9.00768, 
-12.70154, 0, 0, 0, 0, 0, 0, 0, 0, 0, 0, 0, 0, 0, 0, 0, 0, 0, 
0, 0, 0, 0, 0, 0.70929, 0.70152, 0.70957, 0.71512, 0.71381, 0.7221, 
0.72096, 0.7161, 0.71412, 0.71351, 0.71499, 0.70493, 0.69493, 
0.70412, 0.71287, 0.70598, 0.71583, 0.71232, 0.71012, 0.71211, 
0.70663, 0.71245, 0.553, 0.6552, 1.0482, 1.8455, 1.3468, 1.9424, 
1.1972, 1.4003, 2.0494, 4.6327, 4.7148, 710.6, 782.1, 844.2, 
888.2, 966.6, 1006.6, 1121.6, 1173.6, 1313.3, 1285.8, 1346.4, 
1352, 685, 756, 1778, 1078, 1077, 1120, 1822, 604, 586, 361, 
111, 33, 118, 14, 29, 1, 84, 21, 57, 176, 1, 100, 100, 100, 100, 
100, 100, 100, 100, 100, 100, 100, 2500, 2500, 2500, 2500, 2500, 
2500, 2500, 2500, 2500, 2500, 2500, 37652.776, 26201.261, 37668.934, 
54029.491, 68846.916, 59268.7060000001, 45677.937, 90539.669, 
67803.8920000001, 132980.126, 128710.831, 5.76394, 0.11885, 12.44693, 
7.33399, 8.59615, 11.95084, 3.65394, 3.80794, 7.61355, 10.03028, 
13.53259, -6.74042, -3.24653, -14.39552, -8.37451, -9.55142, 
-13.07212, -5.64747, -5.5102, -10.27631, -9.97831, -12.58525, 
0, 0, 0, 0, 0, 0, 0, 0, 0, 0, 0, 0, 0, 0, 0, 0, 0, 0, 0, 0, 0, 
0, 0.70639, 0.70215, 0.70896, 0.71454, 0.71329, 0.72065, 0.71733, 
0.71481, 0.71372, 0.71236, 0.71317, 0.70419, 0.68564, 0.70712, 
0.70894, 0.70546, 0.71774, 0.71096, 0.7084, 0.7101, 0.71009, 
0.71245, 0.5909, 0.625, 1.0941, 1.0531, 1.3997, 1.9835, 1.209, 
1.3863, 1.9102, 3.8277, 4.5902, 708.5, 865.3, 853.2, 902.6, 966, 
1036.7, 1114.5, 1174.6, 1299.4, 1306.8, 1355.1, 1327, 1148, 437, 
731, 2286, 429, 2313, 334, 1974, 1683, 925, 2, 1, 1, 1, 1, 4, 
1, 1, 1, 3, 1, 100, 100, 100, 100, 100, 100, 100, 100, 100, 100, 
100, 2500, 2500, 2500, 2500, 2500, 2500, 2500, 2500, 2500, 2500, 
2500, 40853.332, 46191.527, 53726.702, 62772.407, 74401.097, 
92607.625, 98287.816, 111175.86, 122640.251, 144967.851, 158872.986, 
1, 1, 1, 1, 1, 1, 1, 1, 1, 1, 1, 0.03846, 0.03846, 0.03846, 0.03846, 
0.03846, 0.03846, 0.03846, 0.03846, 0.03846, 0.03846, 0.03846, 
0, 0, 0, 0, 0, 0, 0, 0, 0, 0, 0, 0, 0, 0, 0, 0, 0, 0, 0, 0, 0, 
0, 0.68962, 0.69226, 0.68962, 0.6956, 0.7008, 0.70661, 0.70143, 
0.70795, 0.70324, 0.69902, 0.70084, 0.69182, 0.69094, 0.69021, 
0.69727, 0.70185, 0.70369, 0.70731, 0.70668, 0.70444, 0.70017, 
0.70266, 0.5041, 0.5978, 0.6961, 0.7675, 0.9276, 1.0566, 1.1787, 
1.3081, 1.4108, 1.6565, 1.8042, 797.3, 869.7, 938.7, 1009.5, 
1073.9, 1150, 1218.3, 1285.7, 1362.9, 1442, 1504.3, 1, 1, 1, 
1, 1, 1, 1, 1, 1, 1, 1, 1, 1, 1, 1, 1, 1, 1, 1, 1, 1, 1, 1, 1, 
1, 1, 1, 1, 1, 1, 1, 1, 1, 1, 1, 1, 1, 1, 1, 1, 1, 1, 1, 1, 8.088, 
9.363, 10.302, 11.034, 12.671, 14.031, 15.549, 16.603, 17.576, 
20.033, 21.712), .Dim = c(11L, 40L), .Dimnames = list(NULL, c("Sampling", 
"PSO.cost", "PSO.gamma", "PSO.data.balancing", "PSO.feature.selection", 
"PSO.valid.acc", "PSO.test.acc", "PSO.train.time", "PSO.n.support.vectors", 
"PSO.index", "PSO.n.solutions", "PSO.generations", "PSO.n.evaluations", 
"PSO.cpu.time", "RS.cost", "RS.gamma", "RS.data.balancing", "RS.feature.selection", 
"RS.valid.acc", "RS.test.acc", "RS.train.time", "RS.n.support.vectors", 
"RS.index", "RS.n.solutions", "RS.generations", "RS.n.evaluations", 
"RS.cpu.time", "DF.cost", "DF.gamma", "DF.data.balancing", "DF.feature.selection", 
"DF.valid.acc", "DF.test.acc", "DF.train.time", "DF.n.support.vectors", 
"DF.index", "DF.n.solutions", "DF.generations", "DF.n.evaluations", 
"DF.cpu.time")))
