full <-
structure(c(50, 55, 60, 65, 70, 75, 80, 85, 90, 95, 100, 11.57673, 
14.91722, 5.4966, 3.71678, 5.62526, 2.57075, 9.85491, 8.83901, 
12.92625, 14.44531, 14.70581, -9.88433, -14.8251, -6.49478, -5.72411, 
-6.64213, -5.15188, -9.95436, -11.4346, -12.93022, -12.05628, 
-12.47884, 0, 0, 0, 0, 0, 0, 0, 0, 0, 0, 0, 0, 0, 0, 0, 0, 0, 
0, 0, 0, 0, 0, 0.72668, 0.72915, 0.72584, 0.72343, 0.72142, 0.71732, 
0.72002, 0.71389, 0.71372, 0.7158, 0.71321, 0.71938, 0.72584, 
0.71738, 0.71678, 0.71417, 0.70766, 0.71366, 0.71088, 0.71169, 
0.71619, 0.71103, 0.9103, 1.0746, 0.7441, 0.8241, 1.1013, 1.1038, 
2.5582, 1.9467, 3.2727, 5.5774, 5.91, 675.4, 727.4, 808.1, 888.4, 
958.9, 1056.6, 1088.9, 1261.3, 1222.9, 1277.1, 1341.7, 1429, 
2247, 969, 1510, 2441, 603, 2427, 1121, 1078, 1871, 1871, 4, 
1, 276, 8, 69, 85, 1, 99, 1, 6, 4, 100, 100, 100, 100, 100, 100, 
100, 100, 100, 100, 100, 2500, 2500, 2500, 2500, 2500, 2500, 
2500, 2500, 2500, 2500, 2500, 38172.01, 33646.674, 31286.308, 
33336.599, 62793.176, 74245.817, 74634.5099999999, 64332.781, 
98918.2329999999, 147580.118, 180066.342, 14.2257, 7.60992, 6.03212, 
3.70298, 7.00746, 2.25319, 9.93019, 8.0149, 14.34048, 11.57687, 
14.64257, -11.31352, -8.83891, -6.92662, -5.73372, -7.09765, 
-5.51299, -10.067, -10.6576, -13.32443, -10.08029, -12.42056, 
0, 0, 0, 0, 0, 0, 0, 0, 0, 0, 0, 0, 0, 0, 0, 0, 0, 0, 0, 0, 0, 
0, 0.72522, 0.72649, 0.72462, 0.72232, 0.7209, 0.71778, 0.71867, 
0.71303, 0.7125, 0.71541, 0.71176, 0.71791, 0.7146, 0.71862, 
0.71678, 0.71728, 0.70907, 0.71366, 0.71173, 0.71209, 0.71236, 
0.70994, 0.8577, 0.7308, 0.7575, 0.827, 1.2451, 1.1338, 2.6341, 
1.813, 3.477, 5.2234, 5.8349, 671.1, 753.5, 803.2, 889.2, 950.1, 
1069.2, 1093.7, 1257.9, 1206.8, 1282.5, 1344.4, 1201, 585, 406, 
1012, 339, 573, 120, 1145, 2329, 2230, 270, 1, 1, 1, 1, 1, 1, 
1, 1, 4, 1, 1, 100, 100, 100, 100, 100, 100, 100, 100, 100, 100, 
100, 2500, 2500, 2500, 2500, 2500, 2500, 2500, 2500, 2500, 2500, 
2500, 36857.37, 44093.959, 50283.295, 64613.19, 78850.451, 91869.2860000001, 
98038.483, 114327.13, 132116.381, 148677.751, 162030.177, 1, 
1, 1, 1, 1, 1, 1, 1, 1, 1, 1, 0.03846, 0.03846, 0.03846, 0.03846, 
0.03846, 0.03846, 0.03846, 0.03846, 0.03846, 0.03846, 0.03846, 
0, 0, 0, 0, 0, 0, 0, 0, 0, 0, 0, 0, 0, 0, 0, 0, 0, 0, 0, 0, 0, 
0, 0.70698, 0.70075, 0.70999, 0.71341, 0.70485, 0.70807, 0.70507, 
0.69977, 0.702, 0.70434, 0.70086, 0.70552, 0.71263, 0.7082, 0.7112, 
0.70538, 0.70905, 0.70051, 0.69979, 0.70201, 0.70358, 0.70305, 
0.5236, 0.4143, 0.724, 0.8615, 0.9594, 1.0948, 1.2492, 1.4022, 
1.5212, 1.7439, 1.8958, 786.7, 856.2, 914.2, 987.9, 1071.8, 1141.1, 
1211, 1296.4, 1364.3, 1434.2, 1502, 1, 1, 1, 1, 1, 1, 1, 1, 1, 
1, 1, 1, 1, 1, 1, 1, 1, 1, 1, 1, 1, 1, 1, 1, 1, 1, 1, 1, 1, 1, 
1, 1, 1, 1, 1, 1, 1, 1, 1, 1, 1, 1, 1, 1, 8.592, 6.81, 10.508, 
11.988, 12.977, 14.209, 16.154, 17.888, 19.056, 21.687, 22.986
), .Dim = c(11L, 40L), .Dimnames = list(NULL, c("Sampling", "PSO.cost", 
"PSO.gamma", "PSO.data.balancing", "PSO.feature.selection", "PSO.valid.acc", 
"PSO.test.acc", "PSO.train.time", "PSO.n.support.vectors", "PSO.index", 
"PSO.n.solutions", "PSO.generations", "PSO.n.evaluations", "PSO.cpu.time", 
"RS.cost", "RS.gamma", "RS.data.balancing", "RS.feature.selection", 
"RS.valid.acc", "RS.test.acc", "RS.train.time", "RS.n.support.vectors", 
"RS.index", "RS.n.solutions", "RS.generations", "RS.n.evaluations", 
"RS.cpu.time", "DF.cost", "DF.gamma", "DF.data.balancing", "DF.feature.selection", 
"DF.valid.acc", "DF.test.acc", "DF.train.time", "DF.n.support.vectors", 
"DF.index", "DF.n.solutions", "DF.generations", "DF.n.evaluations", 
"DF.cpu.time")))
