full <-
structure(c(50, 55, 60, 65, 70, 75, 80, 85, 90, 95, 100, 14.96055, 
10.7159, 7.14645, 15, 2.48292, 2.00977, 2.37676, 14.9523, 14.87623, 
5.59737, 9.49611, -11.5656, -11.8073, -6.18884, -12.85811, -3.26174, 
-3.38858, -3.43897, -11.2989, -14.53381, -5.55184, -10.70437, 
0, 0, 0, 0, 0, 0, 0, 0, 0, 0, 0, 0, 0, 0, 0, 0, 0, 0, 0, 0, 0, 
0, 0.71149, 0.71143, 0.70883, 0.70839, 0.7064, 0.70627, 0.70727, 
0.70838, 0.71371, 0.71275, 0.71251, 0.70201, 0.70283, 0.70093, 
0.70169, 0.70483, 0.69704, 0.70728, 0.70281, 0.70686, 0.70166, 
0.70849, 2.0965, 1.2424, 1.0094, 2.6343, 1.0765, 1.1664, 1.3437, 
7.481, 2.8449, 2.1698, 3.8446, 679, 779.1, 833.8, 884.6, 1042.5, 
1108, 1173.9, 1146.8, 1207.1, 1302.9, 1404.2, 2196, 1645, 2352, 
1111, 1278, 991, 1708, 1318, 2091, 1909, 1176, 1, 7, 1, 3, 22, 
115, 2, 1, 1, 3, 18, 100, 100, 100, 100, 100, 100, 100, 100, 
100, 100, 100, 2500, 2500, 2500, 2500, 2500, 2500, 2500, 2500, 
2500, 2500, 2500, 53259.244, 42434.386, 47976.695, 70095.918, 
39882.191, 61142.706, 50637.5839999999, 197350.748, 88620.058, 
72399.7039999999, 131879.356, 14.45502, 10.42904, 7.27625, 10.63796, 
2.64241, 2.4045, 2.94366, 14.46046, 14.52579, 3.74841, 8.82489, 
-11.29381, -11.45756, -6.218, -11.00923, -3.18117, -3.55334, 
-3.37117, -10.69938, -14.71214, -5.01354, -10.3833, 0, 0, 0, 
0, 0, 0, 0, 0, 0, 0, 0, 0, 0, 0, 0, 0, 0, 0, 0, 0, 0, 0, 0.71003, 
0.71011, 0.70883, 0.70728, 0.70433, 0.70385, 0.70638, 0.7071, 
0.7125, 0.71046, 0.71142, 0.70346, 0.70151, 0.70034, 0.6989, 
0.70484, 0.69705, 0.70728, 0.70281, 0.70646, 0.70091, 0.70777, 
1.9661, 1.2232, 1.0602, 1.8699, 1.0705, 1.2053, 1.3707, 5.2875, 
2.6851, 1.9121, 3.2654, 681.8, 775, 833.1, 908.4, 1043.6, 1102.3, 
1174, 1141.6, 1212, 1326.2, 1409.6, 411, 1579, 1513, 455, 1829, 
1437, 133, 2185, 1924, 1095, 971, 1, 1, 1, 3, 1, 1, 1, 3, 1, 
1, 2, 100, 100, 100, 100, 100, 100, 100, 100, 100, 100, 100, 
2500, 2500, 2500, 2500, 2500, 2500, 2500, 2500, 2500, 2500, 2500, 
43371.048, 51847.699, 61430.289, 69726.075, 80117.4939999999, 
82355.339, 103780.685, 111340.798, 132271.317, 151342.431, 156014.214, 
1, 1, 1, 1, 1, 1, 1, 1, 1, 1, 1, 0.03846, 0.03846, 0.03846, 0.03846, 
0.03846, 0.03846, 0.03846, 0.03846, 0.03846, 0.03846, 0.03846, 
0, 0, 0, 0, 0, 0, 0, 0, 0, 0, 0, 0, 0, 0, 0, 0, 0, 0, 0, 0, 0, 
0, 0.69619, 0.70413, 0.6955, 0.69723, 0.69758, 0.69365, 0.69189, 
0.69643, 0.70323, 0.6986, 0.70306, 0.69833, 0.69882, 0.70214, 
0.69724, 0.69809, 0.69461, 0.69234, 0.69814, 0.6996, 0.70051, 
0.70124, 0.5731, 0.6389, 0.7912, 0.8746, 0.9863, 1.166, 1.2926, 
1.44, 1.6138, 1.8021, 2.0192, 797.7, 870.4, 939.5, 1002.7, 1081.5, 
1150.7, 1218.6, 1291.5, 1364.4, 1439.4, 1503.1, 1, 1, 1, 1, 1, 
1, 1, 1, 1, 1, 1, 1, 1, 1, 1, 1, 1, 1, 1, 1, 1, 1, 1, 1, 1, 1, 
1, 1, 1, 1, 1, 1, 1, 1, 1, 1, 1, 1, 1, 1, 1, 1, 1, 1, 9.531, 
9.905, 11.825, 12.677, 12.823, 14.783, 17.121, 18.754, 19.694, 
21.627, 24.208), .Dim = c(11L, 40L), .Dimnames = list(NULL, c("Sampling", 
"PSO.cost", "PSO.gamma", "PSO.data.balancing", "PSO.feature.selection", 
"PSO.valid.acc", "PSO.test.acc", "PSO.train.time", "PSO.n.support.vectors", 
"PSO.index", "PSO.n.solutions", "PSO.generations", "PSO.n.evaluations", 
"PSO.cpu.time", "RS.cost", "RS.gamma", "RS.data.balancing", "RS.feature.selection", 
"RS.valid.acc", "RS.test.acc", "RS.train.time", "RS.n.support.vectors", 
"RS.index", "RS.n.solutions", "RS.generations", "RS.n.evaluations", 
"RS.cpu.time", "DF.cost", "DF.gamma", "DF.data.balancing", "DF.feature.selection", 
"DF.valid.acc", "DF.test.acc", "DF.train.time", "DF.n.support.vectors", 
"DF.index", "DF.n.solutions", "DF.generations", "DF.n.evaluations", 
"DF.cpu.time")))
