full <-
structure(c(50, 55, 60, 65, 70, 75, 80, 85, 90, 95, 100, 2.72837, 
1.99049, 3.9337, 1.31489, 14.14709, 6.34199, 11.84772, 14.20436, 
15, 11.76645, 10.33988, -3.89702, -3.5964, -5.44648, -2.73287, 
-11.77532, -6.5518, -14.56302, -12.94502, -13.62026, -12.12487, 
-10.46596, 0, 0, 0, 0, 0, 0, 0, 0, 0, 0, 0, 0, 0, 0, 0, 0, 0, 
0, 0, 0, 0, 0, 0.72754, 0.72459, 0.72097, 0.71785, 0.71946, 0.71446, 
0.7078, 0.71314, 0.71296, 0.7116, 0.71431, 0.72822, 0.71599, 
0.71488, 0.71116, 0.71324, 0.70575, 0.70375, 0.70843, 0.70852, 
0.70778, 0.70777, 0.5593, 0.6408, 0.7775, 0.8989, 3.4102, 1.411, 
1.9931, 3.834, 3.826, 3.9344, 4.8268, 728.6, 808.3, 836.3, 986.6, 
944.7, 1020.5, 1133.4, 1141.2, 1206.4, 1309, 1378.1, 1165, 599, 
1675, 1140, 2481, 874, 1060, 1415, 894, 2081, 1384, 94, 50, 40, 
41, 3, 43, 1, 3, 2, 33, 16, 100, 100, 100, 100, 100, 100, 100, 
100, 100, 100, 100, 2500, 2500, 2500, 2500, 2500, 2500, 2500, 
2500, 2500, 2500, 2500, 31008.418, 36852.193, 30567.264, 39830.677, 
76246.061, 54996.221, 92440.0919999999, 120344.04, 112178.462, 
111471.816, 134906.424, 2.35665, 2.90113, 13.95591, 1.10133, 
2.87708, 2.23786, 13.81534, 2.96044, 14.03781, 12.36078, 10.62763, 
-3.47599, -4.29065, -14.69392, -2.63304, -3.97792, -3.43234, 
-10.65177, -3.98701, -13.1213, -12.5813, -10.50132, 0, 0, 0, 
0, 0, 0, 0, 0, 0, 0, 0, 0, 0, 0, 0, 0, 0, 0, 0, 0, 0, 0, 0.72536, 
0.72196, 0.72283, 0.71616, 0.71892, 0.71348, 0.70822, 0.71269, 
0.71255, 0.71121, 0.71395, 0.72315, 0.71203, 0.7149, 0.71003, 
0.70961, 0.70912, 0.70009, 0.70459, 0.7065, 0.70702, 0.70704, 
0.5533, 0.6455, 1.2976, 0.9223, 1.0237, 1.1576, 6.5653, 1.543, 
3.6829, 3.8322, 5.0069, 740.3, 786.8, 811.4, 992.5, 999.2, 1089.9, 
1067.4, 1205, 1211.4, 1303.1, 1374.1, 939, 1561, 2298, 1889, 
928, 384, 2349, 872, 1690, 494, 1209, 1, 1, 1, 2, 1, 1, 1, 1, 
1, 1, 1, 100, 100, 100, 100, 100, 100, 100, 100, 100, 100, 100, 
2500, 2500, 2500, 2500, 2500, 2500, 2500, 2500, 2500, 2500, 2500, 
42291.445, 47688.489, 59480.686, 63489.617, 74918.195, 91663.356, 
111150.733, 122107.716, 130906.732, 147096.142, 155527.73, 1, 
1, 1, 1, 1, 1, 1, 1, 1, 1, 1, 0.03846, 0.03846, 0.03846, 0.03846, 
0.03846, 0.03846, 0.03846, 0.03846, 0.03846, 0.03846, 0.03846, 
0, 0, 0, 0, 0, 0, 0, 0, 0, 0, 0, 0, 0, 0, 0, 0, 0, 0, 0, 0, 0, 
0, 0.70568, 0.70608, 0.70758, 0.705, 0.70282, 0.69995, 0.70054, 
0.70245, 0.70207, 0.69976, 0.70122, 0.70639, 0.70676, 0.7088, 
0.70278, 0.70543, 0.70382, 0.69964, 0.70246, 0.70005, 0.69631, 
0.70086, 0.5508, 0.6263, 0.7304, 0.874, 1.012, 1.1447, 1.2795, 
1.4806, 1.5879, 1.7618, 1.9731, 789.6, 858.4, 922.7, 996.5, 1067.8, 
1140.9, 1213.3, 1286.4, 1361.5, 1437.1, 1506.6, 1, 1, 1, 1, 1, 
1, 1, 1, 1, 1, 1, 1, 1, 1, 1, 1, 1, 1, 1, 1, 1, 1, 1, 1, 1, 1, 
1, 1, 1, 1, 1, 1, 1, 1, 1, 1, 1, 1, 1, 1, 1, 1, 1, 1, 8.923, 
9.544, 10.745, 12.242, 16.175, 16.122, 17.673, 20.594, 20.894, 
22.549, 24.157), .Dim = c(11L, 40L), .Dimnames = list(NULL, c("Sampling", 
"PSO.cost", "PSO.gamma", "PSO.data.balancing", "PSO.feature.selection", 
"PSO.valid.acc", "PSO.test.acc", "PSO.train.time", "PSO.n.support.vectors", 
"PSO.index", "PSO.n.solutions", "PSO.generations", "PSO.n.evaluations", 
"PSO.cpu.time", "RS.cost", "RS.gamma", "RS.data.balancing", "RS.feature.selection", 
"RS.valid.acc", "RS.test.acc", "RS.train.time", "RS.n.support.vectors", 
"RS.index", "RS.n.solutions", "RS.generations", "RS.n.evaluations", 
"RS.cpu.time", "DF.cost", "DF.gamma", "DF.data.balancing", "DF.feature.selection", 
"DF.valid.acc", "DF.test.acc", "DF.train.time", "DF.n.support.vectors", 
"DF.index", "DF.n.solutions", "DF.generations", "DF.n.evaluations", 
"DF.cpu.time")))
