full <-
structure(c(50, 55, 60, 65, 70, 75, 80, 85, 90, 95, 100, 13.72119, 
15, 7.17886, 15, 14.25144, 11.34013, 10.42206, 8.76552, 14.5337, 
11.99059, 9.1391, -14.98087, -11.96702, -6.95438, -14.59495, 
-12.39062, -9.14224, -11.79394, -10.12047, -13.33278, -12.52314, 
-9.4034, 0, 0, 0, 0, 0, 0, 0, 0, 0, 0, 0, 0, 0, 0, 0, 0, 0, 0, 
0, 0, 0, 0, 0.70203, 0.70219, 0.70218, 0.69996, 0.71, 0.71297, 
0.71416, 0.71443, 0.71648, 0.71236, 0.71392, 0.69841, 0.69887, 
0.69371, 0.69494, 0.70327, 0.70331, 0.71098, 0.71015, 0.70964, 
0.71198, 0.71209, 0.8737, 2.6574, 1.1317, 1.6316, 3.2381, 4.0988, 
2.5798, 2.4291, 3.9763, 3.7529, 3.7961, 703.3, 754.2, 842.4, 
893.9, 964.3, 1022.6, 1136.5, 1201.8, 1205.7, 1300.5, 1373.6, 
1713, 2177, 709, 1675, 1366, 1668, 1210, 1409, 166, 2065, 1407, 
2, 1, 164, 26, 1, 1, 102, 95, 12, 5, 9, 100, 100, 100, 100, 100, 
100, 100, 100, 100, 100, 100, 2500, 2500, 2500, 2500, 2500, 2500, 
2500, 2500, 2500, 2500, 2500, 31778.386, 68847.26, 46625.92, 
54688.728, 87428.45, 102205.117, 77657.236, 77149.2999999999, 
112570.602, 121732.252, 180284.251, 14.95805, 13.59667, 6.50045, 
14.67104, 13.48967, 10.96958, 10.60761, 9.36823, 14.75122, 8.39346, 
13.90803, -9.72311, -10.9615, -6.67199, -14.31063, -12.38365, 
-8.94105, -12.06388, -10.62271, -13.47137, -10.39221, -10.91777, 
0, 0, 0, 0, 0, 0, 0, 0, 0, 0, 0, 0, 0, 0, 0, 0, 0, 0, 0, 0, 0, 
0, 0.69986, 0.70021, 0.70158, 0.69884, 0.70794, 0.712, 0.71235, 
0.71358, 0.71567, 0.71122, 0.71319, 0.694, 0.69954, 0.69433, 
0.69495, 0.70274, 0.70379, 0.70962, 0.7093, 0.70882, 0.71159, 
0.70991, 5.2747, 2.3006, 1.0213, 1.7364, 2.8238, 4.1267, 2.5986, 
2.7146, 3.646, 2.6021, 9.4087, 691.9, 756.8, 846, 899.3, 967.4, 
1022.8, 1136.1, 1195.9, 1203.9, 1358.4, 1342.2, 1226, 1201, 697, 
790, 956, 544, 1096, 827, 1183, 195, 1894, 1, 1, 3, 2, 1, 1, 
2, 3, 1, 1, 1, 100, 100, 100, 100, 100, 100, 100, 100, 100, 100, 
100, 2500, 2500, 2500, 2500, 2500, 2500, 2500, 2500, 2500, 2500, 
2500, 41877.459, 49832.407, 61384.331, 70228.395, 79049.642, 
96484.612, 108317.947, 128039.391, 130777.284, 143969.244, 175480.863, 
1, 1, 1, 1, 1, 1, 1, 1, 1, 1, 1, 0.03846, 0.03846, 0.03846, 0.03846, 
0.03846, 0.03846, 0.03846, 0.03846, 0.03846, 0.03846, 0.03846, 
0, 0, 0, 0, 0, 0, 0, 0, 0, 0, 0, 0, 0, 0, 0, 0, 0, 0, 0, 0, 0, 
0, 0.68464, 0.69227, 0.69071, 0.69326, 0.69707, 0.70329, 0.70597, 
0.70972, 0.70762, 0.70586, 0.70119, 0.68389, 0.69223, 0.68951, 
0.69103, 0.69754, 0.69991, 0.70777, 0.70631, 0.7036, 0.70089, 
0.703, 0.5367, 0.6436, 0.7635, 0.9134, 0.9905, 1.1428, 1.269, 
1.4698, 1.5927, 1.7703, 2.0161, 798.1, 869, 940.1, 1013.6, 1084.8, 
1153.5, 1213, 1285.2, 1356, 1431.8, 1502.9, 1, 1, 1, 1, 1, 1, 
1, 1, 1, 1, 1, 1, 1, 1, 1, 1, 1, 1, 1, 1, 1, 1, 1, 1, 1, 1, 1, 
1, 1, 1, 1, 1, 1, 1, 1, 1, 1, 1, 1, 1, 1, 1, 1, 1, 8.64, 9.873, 
11.191, 14.027, 13.596, 15.415, 16.691, 18.753, 19.768, 23.449, 
25.591), .Dim = c(11L, 40L), .Dimnames = list(NULL, c("Sampling", 
"PSO.cost", "PSO.gamma", "PSO.data.balancing", "PSO.feature.selection", 
"PSO.valid.acc", "PSO.test.acc", "PSO.train.time", "PSO.n.support.vectors", 
"PSO.index", "PSO.n.solutions", "PSO.generations", "PSO.n.evaluations", 
"PSO.cpu.time", "RS.cost", "RS.gamma", "RS.data.balancing", "RS.feature.selection", 
"RS.valid.acc", "RS.test.acc", "RS.train.time", "RS.n.support.vectors", 
"RS.index", "RS.n.solutions", "RS.generations", "RS.n.evaluations", 
"RS.cpu.time", "DF.cost", "DF.gamma", "DF.data.balancing", "DF.feature.selection", 
"DF.valid.acc", "DF.test.acc", "DF.train.time", "DF.n.support.vectors", 
"DF.index", "DF.n.solutions", "DF.generations", "DF.n.evaluations", 
"DF.cpu.time")))
