full <-
structure(c(50, 55, 60, 65, 70, 75, 80, 85, 90, 95, 100, 14.92909, 
15, 11.04756, 10.88535, 12.64594, 14.95203, 11.93549, 14.52972, 
14.68134, 14.58667, 5.39821, -13.73956, -14.92128, -14.01468, 
-11.06862, -13.4572, -13.08492, -12.72159, -14.20561, -13.4849, 
-13.05832, -6.24176, 0, 0, 0, 0, 0, 0, 0, 0, 0, 0, 0, 0, 0, 0, 
0, 0, 0, 0, 0, 0, 0, 0, 0.70778, 0.71329, 0.71007, 0.71167, 0.71627, 
0.71013, 0.70964, 0.71389, 0.71451, 0.71809, 0.7161, 0.69984, 
0.70669, 0.70581, 0.70831, 0.70384, 0.70671, 0.70511, 0.71216, 
0.70886, 0.71083, 0.70738, 1.1665, 1.0981, 1.1223, 2.0388, 2.0091, 
3.2317, 2.5763, 2.6736, 3.4671, 4.2876, 2.3111, 683.7, 746.3, 
872.5, 906.2, 968.5, 1016, 1112.2, 1146.6, 1203.8, 1268.2, 1369, 
1497, 2314, 626, 434, 1372, 2009, 2200, 2422, 1673, 1537, 903, 
1, 1, 61, 185, 6, 1, 2, 2, 1, 1, 58, 100, 100, 100, 100, 100, 
100, 100, 100, 100, 100, 100, 2500, 2500, 2500, 2500, 2500, 2500, 
2500, 2500, 2500, 2500, 2500, 40151.785, 36288.065, 44017.995, 
65317.455, 67622.219, 93067.1229999999, 80956.2289999999, 86693.459, 
116297.783, 133244.271, 171482.239, 14.28571, 13.90858, 3.17687, 
10.85435, 12.21579, 12.57333, 7.13965, 14.45021, 3.37365, 13.61065, 
5.50971, -13.49408, -14.07224, -3.99014, -11.01744, -11.59251, 
-11.92326, -9.61917, -14.27749, -4.87438, -12.58055, -6.29977, 
0, 0, 0, 0, 0, 0, 0, 0, 0, 0, 0, 0, 0, 0, 0, 0, 0, 0, 0, 0, 0, 
0, 0.70484, 0.71133, 0.71064, 0.71167, 0.71473, 0.70866, 0.70919, 
0.71218, 0.71248, 0.71732, 0.7161, 0.70057, 0.70603, 0.70035, 
0.70831, 0.70695, 0.70574, 0.70874, 0.71174, 0.71128, 0.71082, 
0.70702, 1.1352, 1.1397, 0.8212, 2.0728, 2.9712, 3.3085, 1.6342, 
2.4882, 1.7021, 4.463, 2.3537, 684.4, 751.1, 873.1, 906.8, 965.4, 
1031.2, 1176.1, 1145.3, 1258.3, 1276.6, 1367.9, 403, 518, 140, 
1922, 1123, 2339, 1234, 2125, 2375, 391, 305, 1, 1, 1, 1, 1, 
1, 1, 1, 1, 2, 2, 100, 100, 100, 100, 100, 100, 100, 100, 100, 
100, 100, 2500, 2500, 2500, 2500, 2500, 2500, 2500, 2500, 2500, 
2500, 2500, 41910.134, 51414.599, 67500.78, 76499.301, 92274.532, 
102520.736, 108543.156, 123767.152, 142985.41, 149734.422, 163177.64, 
1, 1, 1, 1, 1, 1, 1, 1, 1, 1, 1, 0.03846, 0.03846, 0.03846, 0.03846, 
0.03846, 0.03846, 0.03846, 0.03846, 0.03846, 0.03846, 0.03846, 
0, 0, 0, 0, 0, 0, 0, 0, 0, 0, 0, 0, 0, 0, 0, 0, 0, 0, 0, 0, 0, 
0, 0.69553, 0.69879, 0.69969, 0.69879, 0.70125, 0.69654, 0.7024, 
0.70062, 0.70364, 0.70357, 0.70447, 0.69192, 0.70078, 0.69668, 
0.69488, 0.69708, 0.69703, 0.70286, 0.69893, 0.70325, 0.70433, 
0.70557, 0.5352, 0.6485, 0.7792, 0.9062, 1.0537, 1.1577, 1.3051, 
1.4677, 1.6229, 1.7874, 1.9707, 801.4, 866, 939.2, 1015.2, 1080.4, 
1154.3, 1232, 1299, 1360.8, 1428.7, 1500.4, 1, 1, 1, 1, 1, 1, 
1, 1, 1, 1, 1, 1, 1, 1, 1, 1, 1, 1, 1, 1, 1, 1, 1, 1, 1, 1, 1, 
1, 1, 1, 1, 1, 1, 1, 1, 1, 1, 1, 1, 1, 1, 1, 1, 1, 8.587, 11.017, 
12.548, 13.836, 16.035, 16.339, 18.784, 19.737, 20.953, 22.779, 
24.966), .Dim = c(11L, 40L), .Dimnames = list(NULL, c("Sampling", 
"PSO.cost", "PSO.gamma", "PSO.data.balancing", "PSO.feature.selection", 
"PSO.valid.acc", "PSO.test.acc", "PSO.train.time", "PSO.n.support.vectors", 
"PSO.index", "PSO.n.solutions", "PSO.generations", "PSO.n.evaluations", 
"PSO.cpu.time", "RS.cost", "RS.gamma", "RS.data.balancing", "RS.feature.selection", 
"RS.valid.acc", "RS.test.acc", "RS.train.time", "RS.n.support.vectors", 
"RS.index", "RS.n.solutions", "RS.generations", "RS.n.evaluations", 
"RS.cpu.time", "DF.cost", "DF.gamma", "DF.data.balancing", "DF.feature.selection", 
"DF.valid.acc", "DF.test.acc", "DF.train.time", "DF.n.support.vectors", 
"DF.index", "DF.n.solutions", "DF.generations", "DF.n.evaluations", 
"DF.cpu.time")))
