full <-
structure(c(50, 55, 60, 65, 70, 75, 80, 85, 90, 95, 100, 14.2255, 
14.94129, 3.12814, 0.85099, 10.20318, 9.16661, 9.17982, 15, 9.67129, 
14.77845, 11.45906, -12.5181, -13.02292, -4.44377, -2.41949, 
-10.5255, -10.71161, -9.77329, -13.1003, -10.06015, -13.34247, 
-10.94175, 0, 0, 0, 0, 0, 0, 0, 0, 0, 0, 0, 0, 0, 0, 0, 0, 0, 
0, 0, 0, 0, 0, 0.71944, 0.71257, 0.71055, 0.71228, 0.71057, 0.71105, 
0.71138, 0.7122, 0.71495, 0.71161, 0.7125, 0.70561, 0.70465, 
0.70207, 0.70892, 0.70381, 0.70281, 0.70686, 0.70792, 0.70972, 
0.70663, 0.70849, 1.123, 1.4782, 0.7701, 0.937, 1.9483, 1.8706, 
2.3337, 3.91, 3.2678, 4.3781, 5.7778, 674, 736.3, 864, 1019.6, 
973.1, 1062.5, 1109.3, 1143, 1252, 1284.9, 1366.6, 1290, 1666, 
996, 2190, 1570, 975, 126, 1362, 1360, 1709, 1966, 1, 1, 38, 
2, 2, 170, 93, 3, 26, 1, 26, 100, 100, 100, 100, 100, 100, 100, 
100, 100, 100, 100, 2500, 2500, 2500, 2500, 2500, 2500, 2500, 
2500, 2500, 2500, 2500, 37506.381, 47776.492, 36957.828, 55480.098, 
65418.437, 65726.5730000001, 78702.352, 118841.606, 101741.297, 
137706.655, 148534.221, 2.55306, 14.45807, 3.65539, 0.77761, 
9.94209, 10.28277, 12.3322, 2.23132, 10.38884, 12.91038, 10.63521, 
-5.30913, -12.67091, -4.73893, -2.34981, -10.24277, -11.59074, 
-11.13358, -3.31244, -10.38656, -11.62093, -10.48233, 0, 0, 0, 
0, 0, 0, 0, 0, 0, 0, 0, 0, 0, 0, 0, 0, 0, 0, 0, 0, 0, 0, 0.71798, 
0.70992, 0.70994, 0.71115, 0.71004, 0.71008, 0.71093, 0.71175, 
0.71414, 0.71009, 0.71177, 0.7027, 0.70531, 0.70388, 0.70947, 
0.70432, 0.7004, 0.7064, 0.70621, 0.71053, 0.70356, 0.70814, 
0.5447, 1.5595, 0.7969, 0.9561, 1.9148, 2.1262, 4.0282, 1.467, 
3.7441, 5.7317, 5.1774, 727.8, 738.8, 855.3, 1024.5, 972.8, 1059.8, 
1091.9, 1243.6, 1245.4, 1296, 1370.7, 1491, 2091, 1744, 812, 
429, 435, 1393, 1414, 2445, 513, 1801, 1, 1, 1, 1, 2, 2, 1, 1, 
1, 1, 2, 100, 100, 100, 100, 100, 100, 100, 100, 100, 100, 100, 
2500, 2500, 2500, 2500, 2500, 2500, 2500, 2500, 2500, 2500, 2500, 
39957.757, 48955.5, 61119.413, 71812.218, 82482.6, 90222.6379999999, 
111167.622, 114899.701, 136828.895, 151395.492, 184739.751, 1, 
1, 1, 1, 1, 1, 1, 1, 1, 1, 1, 0.03846, 0.03846, 0.03846, 0.03846, 
0.03846, 0.03846, 0.03846, 0.03846, 0.03846, 0.03846, 0.03846, 
0, 0, 0, 0, 0, 0, 0, 0, 0, 0, 0, 0, 0, 0, 0, 0, 0, 0, 0, 0, 0, 
0, 0.69181, 0.6955, 0.70093, 0.69663, 0.69916, 0.69895, 0.70276, 
0.69939, 0.70043, 0.70051, 0.69761, 0.69395, 0.6968, 0.69848, 
0.705, 0.7028, 0.7004, 0.70004, 0.70195, 0.69963, 0.70087, 0.70234, 
0.5532, 0.679, 0.7545, 0.8638, 1.0022, 1.1548, 1.2624, 1.4514, 
1.5891, 1.8111, 2.0008, 791.8, 859.8, 934.3, 997.7, 1073.1, 1145.1, 
1219.5, 1292.3, 1377.2, 1443.5, 1504.3, 1, 1, 1, 1, 1, 1, 1, 
1, 1, 1, 1, 1, 1, 1, 1, 1, 1, 1, 1, 1, 1, 1, 1, 1, 1, 1, 1, 1, 
1, 1, 1, 1, 1, 1, 1, 1, 1, 1, 1, 1, 1, 1, 1, 1, 8.762, 11.478, 
12.409, 13.672, 14.898, 15.096, 16.039, 18.155, 19.556, 22.172, 
25.108), .Dim = c(11L, 40L), .Dimnames = list(NULL, c("Sampling", 
"PSO.cost", "PSO.gamma", "PSO.data.balancing", "PSO.feature.selection", 
"PSO.valid.acc", "PSO.test.acc", "PSO.train.time", "PSO.n.support.vectors", 
"PSO.index", "PSO.n.solutions", "PSO.generations", "PSO.n.evaluations", 
"PSO.cpu.time", "RS.cost", "RS.gamma", "RS.data.balancing", "RS.feature.selection", 
"RS.valid.acc", "RS.test.acc", "RS.train.time", "RS.n.support.vectors", 
"RS.index", "RS.n.solutions", "RS.generations", "RS.n.evaluations", 
"RS.cpu.time", "DF.cost", "DF.gamma", "DF.data.balancing", "DF.feature.selection", 
"DF.valid.acc", "DF.test.acc", "DF.train.time", "DF.n.support.vectors", 
"DF.index", "DF.n.solutions", "DF.generations", "DF.n.evaluations", 
"DF.cpu.time")))
