full <-
structure(c(50, 55, 60, 65, 70, 75, 80, 85, 90, 95, 100, 11.66782, 
10.10832, 12.48482, 14.8425, 14.31542, 4.46207, 11.75976, 8.04897, 
12.68246, 9.82889, 10.25225, -9.49881, -11.32772, -12.19709, 
-12.34188, -14.42101, -7.34481, -10.20139, -9.11309, -14.1188, 
-7.69743, -10.17819, 0, 0, 0, 0, 0, 0, 0, 0, 0, 0, 0, 0, 0, 0, 
0, 0, 0, 0, 0, 0, 0, 0, 0.70061, 0.70291, 0.71483, 0.714, 0.71523, 
0.71444, 0.71189, 0.71908, 0.71127, 0.71468, 0.71394, 0.69553, 
0.70024, 0.71062, 0.70617, 0.71004, 0.71346, 0.70735, 0.7101, 
0.70724, 0.70322, 0.71141, 1.7742, 1.228, 1.8481, 3.2334, 1.916, 
1.2637, 4.042, 2.3343, 2.5773, 4.6217, 4.6984, 674.2, 802.8, 
826.2, 882, 953.3, 1067, 1088.4, 1196.8, 1251.8, 1285.5, 1372.4, 
207, 176, 887, 1832, 2386, 528, 1329, 2228, 847, 1199, 2183, 
51, 146, 18, 8, 1, 111, 10, 1, 1, 14, 1, 100, 100, 100, 100, 
100, 100, 100, 100, 100, 100, 100, 2500, 2500, 2500, 2500, 2500, 
2500, 2500, 2500, 2500, 2500, 2500, 49836.072, 40745.985, 53909.277, 
88620.962, 61609.678, 52153.548, 99862.5989999999, 78815.9990000001, 
79117.9440000001, 144383.95, 144377.851, 5.6108, 3.42805, 12.15143, 
14.18937, 6.43469, 4.42768, 11.5247, 8.46614, 12.45793, 8.87123, 
14.7504, -7.53719, -6.03487, -12.04937, -11.99474, -8.62699, 
-7.14037, -10.03453, -9.28427, -13.91636, -7.28715, -13.09022, 
0, 0, 0, 0, 0, 0, 0, 0, 0, 0, 0, 0, 0, 0, 0, 0, 0, 0, 0, 0, 0, 
0, 0.69992, 0.70485, 0.71423, 0.71288, 0.71213, 0.71347, 0.71098, 
0.71823, 0.71046, 0.71315, 0.71286, 0.69842, 0.69961, 0.71001, 
0.70673, 0.70434, 0.71395, 0.70735, 0.71181, 0.70805, 0.70322, 
0.71067, 0.6646, 0.6699, 1.9554, 3.0572, 1.2977, 1.2527, 3.8634, 
2.4957, 2.6793, 3.6218, 4.7415, 711.6, 802.7, 828.9, 884.9, 999.6, 
1060.8, 1084, 1194.9, 1253.5, 1287.1, 1341, 1018, 1767, 2138, 
362, 705, 790, 1726, 2124, 1308, 881, 1925, 1, 1, 1, 1, 1, 1, 
2, 1, 2, 1, 1, 100, 100, 100, 100, 100, 100, 100, 100, 100, 100, 
100, 2500, 2500, 2500, 2500, 2500, 2500, 2500, 2500, 2500, 2500, 
2500, 41700.992, 50144.91, 64428.348, 75827.504, 83633.6000000001, 
95544.724, 106516.473, 125830.283, 131815.696, 140421.838, 167900.676, 
1, 1, 1, 1, 1, 1, 1, 1, 1, 1, 1, 0.03846, 0.03846, 0.03846, 0.03846, 
0.03846, 0.03846, 0.03846, 0.03846, 0.03846, 0.03846, 0.03846, 
0, 0, 0, 0, 0, 0, 0, 0, 0, 0, 0, 0, 0, 0, 0, 0, 0, 0, 0, 0, 0, 
0, 0.68975, 0.69034, 0.70458, 0.69667, 0.69502, 0.70235, 0.70101, 
0.70157, 0.70037, 0.70056, 0.70013, 0.68973, 0.69632, 0.70092, 
0.69667, 0.69605, 0.70283, 0.70056, 0.70285, 0.70156, 0.70095, 
0.7023, 0.5435, 0.6198, 0.7554, 0.891, 1.0088, 1.1819, 1.2827, 
1.3904, 1.6134, 1.7593, 1.8677, 785.5, 866.4, 935.6, 1009.7, 
1075.5, 1140.6, 1217.8, 1296.1, 1372.6, 1437.2, 1505.2, 1, 1, 
1, 1, 1, 1, 1, 1, 1, 1, 1, 1, 1, 1, 1, 1, 1, 1, 1, 1, 1, 1, 1, 
1, 1, 1, 1, 1, 1, 1, 1, 1, 1, 1, 1, 1, 1, 1, 1, 1, 1, 1, 1, 1, 
8.653, 9.38, 10.991, 13.471, 15.174, 16.857, 17.451, 17.358, 
20.857, 21.506, 22.91), .Dim = c(11L, 40L), .Dimnames = list(
    NULL, c("Sampling", "PSO.cost", "PSO.gamma", "PSO.data.balancing", 
    "PSO.feature.selection", "PSO.valid.acc", "PSO.test.acc", 
    "PSO.train.time", "PSO.n.support.vectors", "PSO.index", "PSO.n.solutions", 
    "PSO.generations", "PSO.n.evaluations", "PSO.cpu.time", "RS.cost", 
    "RS.gamma", "RS.data.balancing", "RS.feature.selection", 
    "RS.valid.acc", "RS.test.acc", "RS.train.time", "RS.n.support.vectors", 
    "RS.index", "RS.n.solutions", "RS.generations", "RS.n.evaluations", 
    "RS.cpu.time", "DF.cost", "DF.gamma", "DF.data.balancing", 
    "DF.feature.selection", "DF.valid.acc", "DF.test.acc", "DF.train.time", 
    "DF.n.support.vectors", "DF.index", "DF.n.solutions", "DF.generations", 
    "DF.n.evaluations", "DF.cpu.time")))
