full <-
structure(c(50, 55, 60, 65, 70, 75, 80, 85, 90, 95, 100, 8.04054, 
13.40992, 7.93933, 2.61658, 13.73567, 13.06043, 7.99987, 14.81558, 
14.58917, 15, 13.65917, -10.06294, -12.17374, -9.89461, -3.79268, 
-12.21035, -11.98089, -10.48158, -11.70332, -14.5394, -13.91595, 
-13.41857, 0, 0, 0, 0, 0, 0, 0, 0, 0, 0, 0, 0, 0, 0, 0, 0, 0, 
0, 0, 0, 0, 0, 0.70061, 0.70152, 0.69677, 0.70728, 0.70333, 0.70667, 
0.70965, 0.7058, 0.70607, 0.71316, 0.7125, 0.69554, 0.68961, 
0.69375, 0.69948, 0.69864, 0.70085, 0.70103, 0.70026, 0.70081, 
0.70666, 0.71069, 0.6875, 1.5833, 1.0142, 0.8987, 1.6001, 3.0206, 
1.1068, 6.3899, 2.7823, 3.5825, 3.8881, 750.3, 781, 878.8, 982.6, 
966.3, 1036.6, 1189.7, 1154.6, 1225.6, 1280.3, 1352.9, 295, 614, 
1635, 2479, 1547, 1201, 1805, 2378, 690, 1812, 2045, 124, 2, 
1, 1, 9, 3, 10, 1, 4, 1, 1, 100, 100, 100, 100, 100, 100, 100, 
100, 100, 100, 100, 2500, 2500, 2500, 2500, 2500, 2500, 2500, 
2500, 2500, 2500, 2500, 24608.39, 45587.755, 34881.231, 35920.079, 
77559.9939999999, 69490.559, 68385.661, 85967.49, 84197.214, 
97964.267, 110369.364, 7.81926, 13.1711, 4.14673, 2.93951, 13.92384, 
8.91101, 8.51167, 12.22939, 9.46333, 14.13287, 13.53294, -9.94053, 
-12.56943, -4.29817, -3.99596, -12.38236, -9.4087, -11.06113, 
-14.20457, -11.66092, -13.45086, -13.41263, 0, 0, 0, 0, 0, 0, 
0, 0, 0, 0, 0, 0, 0, 0, 0, 0, 0, 0, 0, 0, 0, 0, 0.70061, 0.69956, 
0.69618, 0.70672, 0.70228, 0.70617, 0.70785, 0.70495, 0.70528, 
0.71201, 0.71177, 0.69263, 0.69028, 0.69254, 0.69836, 0.69762, 
0.69599, 0.70194, 0.70196, 0.70122, 0.70704, 0.71069, 0.6742, 
1.3923, 0.8501, 0.8994, 1.6814, 1.9014, 1.7485, 2.2604, 2.512, 
3.7955, 3.8352, 750.7, 784.4, 891.4, 975, 965.9, 1050.6, 1201.3, 
1196.3, 1333.2, 1287.1, 1351.7, 1354, 1614, 754, 174, 228, 1988, 
839, 1134, 1388, 2141, 1443, 1, 1, 1, 1, 2, 1, 1, 2, 1, 1, 1, 
100, 100, 100, 100, 100, 100, 100, 100, 100, 100, 100, 2500, 
2500, 2500, 2500, 2500, 2500, 2500, 2500, 2500, 2500, 2500, 41135.985, 
46238.806, 54962.998, 65612.004, 68868.015, 86980.206, 100247.175, 
107699.704, 132824.486, 137948.794, 159019.776, 1, 1, 1, 1, 1, 
1, 1, 1, 1, 1, 1, 0.03846, 0.03846, 0.03846, 0.03846, 0.03846, 
0.03846, 0.03846, 0.03846, 0.03846, 0.03846, 0.03846, 0, 0, 0, 
0, 0, 0, 0, 0, 0, 0, 0, 0, 0, 0, 0, 0, 0, 0, 0, 0, 0, 0, 0.68539, 
0.67972, 0.68583, 0.68661, 0.69034, 0.68973, 0.69196, 0.69641, 
0.69234, 0.70094, 0.69869, 0.67959, 0.68237, 0.68287, 0.6905, 
0.68619, 0.69313, 0.69421, 0.69255, 0.69233, 0.6998, 0.70523, 
0.5252, 0.6393, 0.7456, 0.8722, 0.9922, 1.1483, 0.8559, 1.4128, 
1.5929, 1.7039, 1.8906, 820.6, 895.6, 958.1, 1031.8, 1096.8, 
1163.5, 1233.3, 1302.4, 1372.9, 1438.3, 1505.4, 1, 1, 1, 1, 1, 
1, 1, 1, 1, 1, 1, 1, 1, 1, 1, 1, 1, 1, 1, 1, 1, 1, 1, 1, 1, 1, 
1, 1, 1, 1, 1, 1, 1, 1, 1, 1, 1, 1, 1, 1, 1, 1, 1, 1, 7.938, 
9.319, 10.366, 11.836, 13.756, 15.5, 11.081, 17.5, 20.315, 20.475, 
23.621), .Dim = c(11L, 40L), .Dimnames = list(NULL, c("Sampling", 
"PSO.cost", "PSO.gamma", "PSO.data.balancing", "PSO.feature.selection", 
"PSO.valid.acc", "PSO.test.acc", "PSO.train.time", "PSO.n.support.vectors", 
"PSO.index", "PSO.n.solutions", "PSO.generations", "PSO.n.evaluations", 
"PSO.cpu.time", "RS.cost", "RS.gamma", "RS.data.balancing", "RS.feature.selection", 
"RS.valid.acc", "RS.test.acc", "RS.train.time", "RS.n.support.vectors", 
"RS.index", "RS.n.solutions", "RS.generations", "RS.n.evaluations", 
"RS.cpu.time", "DF.cost", "DF.gamma", "DF.data.balancing", "DF.feature.selection", 
"DF.valid.acc", "DF.test.acc", "DF.train.time", "DF.n.support.vectors", 
"DF.index", "DF.n.solutions", "DF.generations", "DF.n.evaluations", 
"DF.cpu.time")))
