full <-
structure(c(50, 55, 60, 65, 70, 75, 80, 85, 90, 95, 100, 13.86537, 
10.03298, 8.4591, 7.24085, 13.91914, 15, 14.94702, 14.6802, 13.02613, 
11.84696, 15, -15, -14.49827, -10.12582, -7.70402, -14.88613, 
-11.8056, -12.60544, -12.8596, -12.35272, -12.23232, -13.51975, 
0, 0, 0, 0, 0, 0, 0, 0, 0, 0, 0, 0, 0, 0, 0, 0, 0, 0, 0, 0, 0, 
0, 0.70284, 0.69749, 0.70117, 0.70676, 0.70644, 0.69939, 0.70052, 
0.71353, 0.71085, 0.71501, 0.71355, 0.69555, 0.6955, 0.69148, 
0.70173, 0.69762, 0.69216, 0.7005, 0.70797, 0.70601, 0.70928, 
0.70737, 0.8443, 0.8162, 1.0695, 1.1792, 1.5306, 4.2699, 3.682, 
3.7927, 3.8291, 3.9026, 4.4909, 701.9, 887.4, 880.2, 919.3, 977.6, 
1029.7, 1098.3, 1158.7, 1231.5, 1306.1, 1338.8, 564, 269, 726, 
460, 2477, 1882, 2167, 2118, 616, 1459, 571, 611, 84, 74, 238, 
5, 1, 1, 1, 1, 4, 1, 100, 100, 100, 100, 100, 100, 100, 100, 
100, 100, 100, 2500, 2500, 2500, 2500, 2500, 2500, 2500, 2500, 
2500, 2500, 2500, 34312.57, 30185.647, 36459.253, 40459.184, 
51526.048, 71353.136, 100135.965, 99954.313, 118019.03, 108713.77, 
137603.21, 13.37421, 2.54073, 7.90361, 5.96488, 14.1756, 5.92525, 
13.68379, 14.87143, 13.97995, 11.39761, 6.15737, -14.53767, -4.39593, 
-9.65092, -6.86526, -13.1848, -9.14101, -11.48419, -12.94685, 
-12.6869, -12.17166, -6.47568, 0, 0, 0, 0, 0, 0, 0, 0, 0, 0, 
0, 0, 0, 0, 0, 0, 0, 0, 0, 0, 0, 0, 0.70211, 0.69949, 0.69995, 
0.70508, 0.70641, 0.69842, 0.6987, 0.71225, 0.70964, 0.71386, 
0.7121, 0.69481, 0.69553, 0.69329, 0.7034, 0.69813, 0.69407, 
0.70052, 0.70925, 0.7052, 0.71195, 0.70992, 0.8633, 0.6409, 1.0154, 
1.028, 2.0668, 1.2785, 4.076, 3.9179, 3.9503, 3.6606, 2.4785, 
708.1, 803.7, 879.5, 922.3, 967.7, 1108.1, 1106, 1155.8, 1223.6, 
1318, 1359.3, 1323, 2270, 1793, 2328, 803, 430, 1846, 1083, 2389, 
1958, 337, 1, 1, 1, 1, 1, 1, 3, 1, 2, 2, 2, 100, 100, 100, 100, 
100, 100, 100, 100, 100, 100, 100, 2500, 2500, 2500, 2500, 2500, 
2500, 2500, 2500, 2500, 2500, 2500, 42556.236, 51793.449, 61948.787, 
67581.288, 81660.482, 87990.676, 96641.4, 121500.568, 128020.62, 
143028.725, 148543.102, 1, 1, 1, 1, 1, 1, 1, 1, 1, 1, 1, 0.03846, 
0.03846, 0.03846, 0.03846, 0.03846, 0.03846, 0.03846, 0.03846, 
0.03846, 0.03846, 0.03846, 0, 0, 0, 0, 0, 0, 0, 0, 0, 0, 0, 0, 
0, 0, 0, 0, 0, 0, 0, 0, 0, 0, 0.69193, 0.68888, 0.68243, 0.69229, 
0.6857, 0.69065, 0.68549, 0.69513, 0.69795, 0.70544, 0.69903, 
0.68903, 0.69417, 0.67699, 0.69395, 0.68466, 0.69406, 0.69094, 
0.69427, 0.69715, 0.70505, 0.70084, 0.3568, 0.6541, 0.7385, 0.5856, 
0.9986, 1.1376, 1.2629, 1.3792, 1.5681, 1.722, 1.8775, 804.4, 
875.1, 957, 1020.2, 1093.5, 1163.6, 1235.1, 1306.3, 1372, 1426.7, 
1504.4, 1, 1, 1, 1, 1, 1, 1, 1, 1, 1, 1, 1, 1, 1, 1, 1, 1, 1, 
1, 1, 1, 1, 1, 1, 1, 1, 1, 1, 1, 1, 1, 1, 1, 1, 1, 1, 1, 1, 1, 
1, 1, 1, 1, 1, 5.803, 10.394, 10.41, 8.213, 13.988, 14.619, 16.788, 
17.11, 20.057, 21.667, 23.169), .Dim = c(11L, 40L), .Dimnames = list(
    NULL, c("Sampling", "PSO.cost", "PSO.gamma", "PSO.data.balancing", 
    "PSO.feature.selection", "PSO.valid.acc", "PSO.test.acc", 
    "PSO.train.time", "PSO.n.support.vectors", "PSO.index", "PSO.n.solutions", 
    "PSO.generations", "PSO.n.evaluations", "PSO.cpu.time", "RS.cost", 
    "RS.gamma", "RS.data.balancing", "RS.feature.selection", 
    "RS.valid.acc", "RS.test.acc", "RS.train.time", "RS.n.support.vectors", 
    "RS.index", "RS.n.solutions", "RS.generations", "RS.n.evaluations", 
    "RS.cpu.time", "DF.cost", "DF.gamma", "DF.data.balancing", 
    "DF.feature.selection", "DF.valid.acc", "DF.test.acc", "DF.train.time", 
    "DF.n.support.vectors", "DF.index", "DF.n.solutions", "DF.generations", 
    "DF.n.evaluations", "DF.cpu.time")))
