full <-
structure(c(50, 55, 60, 65, 70, 75, 80, 85, 90, 95, 100, 5.5623, 
10.88229, 8.81032, 5.1279, 3.34908, 6.39504, 7.89235, 9.16972, 
3.00789, 5.05733, 14.86497, -5.43129, -14.11329, -12.12747, -8.63319, 
-4.80065, -9.73405, -6.76725, -11.90776, -4.82945, -5.59186, 
-13.15942, 0, 0, 0, 0, 0, 0, 0, 0, 0, 0, 0, 0, 0, 0, 0, 0, 0, 
0, 0, 0, 0, 0, 0.70212, 0.69669, 0.70277, 0.70891, 0.71051, 0.71056, 
0.71273, 0.70927, 0.71452, 0.71047, 0.71247, 0.68607, 0.69601, 
0.69914, 0.6983, 0.70689, 0.70669, 0.70407, 0.70159, 0.71089, 
0.70817, 0.71065, 0.6575, 0.9497, 1.0064, 0.9765, 1.0643, 1.3327, 
2.4551, 2.0374, 1.6094, 2.022, 4.5313, 729.4, 851.5, 963.1, 981, 
1007.8, 1129.3, 1116.8, 1288.8, 1266, 1316.3, 1338.5, 1784, 488, 
317, 1080, 2068, 1585, 1124, 945, 2149, 2073, 2446, 7, 72, 142, 
296, 1, 11, 23, 7, 9, 4, 1, 100, 100, 100, 100, 100, 100, 100, 
100, 100, 100, 100, 2500, 2500, 2500, 2500, 2500, 2500, 2500, 
2500, 2500, 2500, 2500, 32975.382, 36024.291, 36857.834, 34623.78, 
56680.663, 46345.335, 78005.355, 71918.257, 68175.1340000001, 
247756.123, 130452.84, 5.81298, 4.33199, 8.63196, 5.02978, 3.45854, 
6.13073, 7.1605, 9.34381, 0.60576, 4.63917, 9.98021, -5.53535, 
-6.49604, -11.98172, -8.5376, -4.83987, -9.54763, -6.85708, -11.89782, 
-3.27985, -5.49233, -10.59428, 0, 0, 0, 0, 0, 0, 0, 0, 0, 0, 
0, 0, 0, 0, 0, 0, 0, 0, 0, 0, 0, 0, 0.70066, 0.6974, 0.70277, 
0.7078, 0.70999, 0.70959, 0.71136, 0.70884, 0.71492, 0.71008, 
0.71137, 0.68535, 0.69276, 0.69732, 0.69773, 0.70689, 0.70717, 
0.70591, 0.70373, 0.7125, 0.70894, 0.71174, 0.678, 0.7003, 1.0189, 
0.6569, 1.0698, 1.296, 2.0555, 2.0893, 1.5803, 1.9805, 4.3714, 
728.4, 801.4, 966.5, 981, 1005.2, 1127.2, 1118.3, 1279.6, 1344.8, 
1320.7, 1386.4, 766, 1001, 1044, 1785, 1808, 984, 2119, 1685, 
1612, 107, 1300, 1, 1, 1, 1, 1, 4, 1, 1, 1, 1, 1, 100, 100, 100, 
100, 100, 100, 100, 100, 100, 100, 100, 2500, 2500, 2500, 2500, 
2500, 2500, 2500, 2500, 2500, 2500, 2500, 44325.263, 49765.551, 
56773.42, 57532.357, 76660.212, 90794.993, 105297.462, 119708.416, 
129783.158, 148725.558, 157030.202, 1, 1, 1, 1, 1, 1, 1, 1, 1, 
1, 1, 0.03846, 0.03846, 0.03846, 0.03846, 0.03846, 0.03846, 0.03846, 
0.03846, 0.03846, 0.03846, 0.03846, 0, 0, 0, 0, 0, 0, 0, 0, 0, 
0, 0, 0, 0, 0, 0, 0, 0, 0, 0, 0, 0, 0, 0.68468, 0.69072, 0.6973, 
0.69885, 0.6965, 0.70234, 0.7023, 0.702, 0.70281, 0.70055, 0.70046, 
0.68752, 0.68742, 0.69062, 0.69496, 0.69548, 0.70235, 0.69686, 
0.69987, 0.70241, 0.70207, 0.70228, 0.5445, 0.64, 0.7477, 0.8683, 
0.9721, 1.1431, 1.277, 0.9651, 1.5396, 1.7546, 1.9163, 812.4, 
882.5, 954.5, 1019.7, 1087.8, 1153.4, 1235.4, 1294.4, 1364.5, 
1440.1, 1503.7, 1, 1, 1, 1, 1, 1, 1, 1, 1, 1, 1, 1, 1, 1, 1, 
1, 1, 1, 1, 1, 1, 1, 1, 1, 1, 1, 1, 1, 1, 1, 1, 1, 1, 1, 1, 1, 
1, 1, 1, 1, 1, 1, 1, 1, 8.685, 9.724, 10.887, 12.321, 13.159, 
15.157, 16.351, 12.539, 19.085, 21.534, 23.554), .Dim = c(11L, 
40L), .Dimnames = list(NULL, c("Sampling", "PSO.cost", "PSO.gamma", 
"PSO.data.balancing", "PSO.feature.selection", "PSO.valid.acc", 
"PSO.test.acc", "PSO.train.time", "PSO.n.support.vectors", "PSO.index", 
"PSO.n.solutions", "PSO.generations", "PSO.n.evaluations", "PSO.cpu.time", 
"RS.cost", "RS.gamma", "RS.data.balancing", "RS.feature.selection", 
"RS.valid.acc", "RS.test.acc", "RS.train.time", "RS.n.support.vectors", 
"RS.index", "RS.n.solutions", "RS.generations", "RS.n.evaluations", 
"RS.cpu.time", "DF.cost", "DF.gamma", "DF.data.balancing", "DF.feature.selection", 
"DF.valid.acc", "DF.test.acc", "DF.train.time", "DF.n.support.vectors", 
"DF.index", "DF.n.solutions", "DF.generations", "DF.n.evaluations", 
"DF.cpu.time")))
