full <-
structure(c(50, 55, 60, 65, 70, 75, 80, 85, 90, 95, 100, 13.38698, 
7.36645, 7.42278, 14.05695, 2.41154, 7.23131, 10.90055, 13.93477, 
14.99031, 14.73643, 8.52708, -14.80587, -10.18876, -9.88006, 
-14.69692, -3.62064, -7.86157, -11.19895, -11.88487, -12.0566, 
-11.72872, -8.98538, 0, 0, 0, 0, 0, 0, 0, 0, 0, 0, 0, 0, 0, 0, 
0, 0, 0, 0, 0, 0, 0, 0, 0.70855, 0.71009, 0.707, 0.71513, 0.71892, 
0.71104, 0.70777, 0.71861, 0.71253, 0.71313, 0.71463, 0.70196, 
0.7028, 0.7082, 0.7112, 0.70905, 0.70378, 0.70231, 0.71478, 0.7093, 
0.70893, 0.71208, 0.9191, 0.8062, 0.9931, 1.4794, 1.0698, 1.7002, 
3.3189, 5.2098, 6.3931, 6.8436, 3.3438, 693.4, 823.4, 897.7, 
891.2, 1040.2, 1040.2, 1129, 1147.3, 1206.3, 1271.3, 1377.4, 
1887, 1116, 1250, 1341, 1119, 1695, 2306, 1937, 1511, 1564, 624, 
2, 66, 18, 2, 77, 28, 1, 1, 1, 1, 51, 100, 100, 100, 100, 100, 
100, 100, 100, 100, 100, 100, 2500, 2500, 2500, 2500, 2500, 2500, 
2500, 2500, 2500, 2500, 2500, 31682.599, 32590.255, 43817.736, 
51514.788, 37780.449, 59779.531, 81690.365, 142028.199, 169244.085, 
173223.736, 119403.566, 1.53756, 7.62274, 3.82027, 13.51052, 
3.22192, 5.53283, 8.82517, 13.98638, 12.17611, 11.75626, 8.58535, 
-2.21613, -10.39873, -5.0983, -13.86942, -4.01804, -7.8639, -12.09579, 
-11.9294, -10.58999, -9.97755, -9.00727, 0, 0, 0, 0, 0, 0, 0, 
0, 0, 0, 0, 0, 0, 0, 0, 0, 0, 0, 0, 0, 0, 0, 0.70928, 0.70943, 
0.70883, 0.71345, 0.71632, 0.71006, 0.70638, 0.71861, 0.71091, 
0.71237, 0.71427, 0.70124, 0.70479, 0.70519, 0.71008, 0.70904, 
0.7057, 0.70457, 0.7152, 0.71092, 0.70625, 0.71208, 0.6043, 0.8517, 
0.8241, 1.7237, 1.0977, 1.35, 1.8206, 4.7797, 6.0778, 6.2357, 
3.3886, 820.1, 828.9, 865.7, 892.3, 1024.9, 1074.6, 1251.5, 1149.8, 
1221.1, 1280.5, 1374.4, 863, 1573, 2468, 2330, 285, 1433, 1909, 
1443, 1420, 326, 313, 1, 1, 1, 1, 1, 1, 3, 1, 1, 1, 1, 100, 100, 
100, 100, 100, 100, 100, 100, 100, 100, 100, 2500, 2500, 2500, 
2500, 2500, 2500, 2500, 2500, 2500, 2500, 2500, 44501.576, 51761.402, 
62814.584, 67722.977, 88800.198, 94589.448, 113293.329, 112270.731, 
131712.458, 142605.198, 163158.572, 1, 1, 1, 1, 1, 1, 1, 1, 1, 
1, 1, 0.03846, 0.03846, 0.03846, 0.03846, 0.03846, 0.03846, 0.03846, 
0.03846, 0.03846, 0.03846, 0.03846, 0, 0, 0, 0, 0, 0, 0, 0, 0, 
0, 0, 0, 0, 0, 0, 0, 0, 0, 0, 0, 0, 0, 0.69691, 0.70147, 0.69372, 
0.70058, 0.70022, 0.70181, 0.69595, 0.7058, 0.70443, 0.7032, 
0.70009, 0.69403, 0.70213, 0.69974, 0.70004, 0.70281, 0.70181, 
0.7014, 0.70709, 0.70646, 0.70435, 0.70408, 0.5419, 0.6355, 0.7725, 
0.8811, 1.019, 1.1423, 1.2913, 1.4117, 1.6544, 1.7812, 1.9188, 
792.3, 870.9, 954.7, 1020.4, 1086.8, 1157.8, 1239.1, 1295.9, 
1368.8, 1433.2, 1504.6, 1, 1, 1, 1, 1, 1, 1, 1, 1, 1, 1, 1, 1, 
1, 1, 1, 1, 1, 1, 1, 1, 1, 1, 1, 1, 1, 1, 1, 1, 1, 1, 1, 1, 1, 
1, 1, 1, 1, 1, 1, 1, 1, 1, 1, 8.541, 9.493, 11.246, 12.373, 13.985, 
14.878, 16.881, 17.746, 20.629, 21.819, 23.103), .Dim = c(11L, 
40L), .Dimnames = list(NULL, c("Sampling", "PSO.cost", "PSO.gamma", 
"PSO.data.balancing", "PSO.feature.selection", "PSO.valid.acc", 
"PSO.test.acc", "PSO.train.time", "PSO.n.support.vectors", "PSO.index", 
"PSO.n.solutions", "PSO.generations", "PSO.n.evaluations", "PSO.cpu.time", 
"RS.cost", "RS.gamma", "RS.data.balancing", "RS.feature.selection", 
"RS.valid.acc", "RS.test.acc", "RS.train.time", "RS.n.support.vectors", 
"RS.index", "RS.n.solutions", "RS.generations", "RS.n.evaluations", 
"RS.cpu.time", "DF.cost", "DF.gamma", "DF.data.balancing", "DF.feature.selection", 
"DF.valid.acc", "DF.test.acc", "DF.train.time", "DF.n.support.vectors", 
"DF.index", "DF.n.solutions", "DF.generations", "DF.n.evaluations", 
"DF.cpu.time")))
