full <-
structure(c(50, 55, 60, 65, 70, 75, 80, 85, 90, 95, 100, 1.69251, 
14.98322, 15, 11.28017, 9.383, 14.44444, 11.46138, 15, 4.45658, 
14.25416, 10.19888, -3.87068, -13.47342, -10.98013, -12.1006, 
-9.48843, -12.49807, -11.90965, -14.02137, -6.66015, -12.52389, 
-9.963, 0, 0, 0, 0, 0, 0, 0, 0, 0, 0, 0, 0, 0, 0, 0, 0, 0, 0, 
0, 0, 0, 0, 0.71004, 0.70599, 0.7095, 0.70617, 0.70798, 0.7106, 
0.71553, 0.71776, 0.71049, 0.71046, 0.71354, 0.69626, 0.70005, 
0.69984, 0.69887, 0.70123, 0.70235, 0.71013, 0.71177, 0.70849, 
0.70511, 0.70809, 0.5645, 1.7209, 5.2159, 2.0043, 2.1314, 3.6854, 
3.316, 3.1816, 1.8027, 5.5915, 4.8842, 743.6, 758.1, 825.2, 922.9, 
988.1, 1026.5, 1111.7, 1141.5, 1264.7, 1285, 1367, 1911, 1910, 
2064, 1029, 2289, 2481, 1033, 2295, 531, 1458, 2287, 1, 1, 1, 
42, 2, 4, 132, 1, 333, 3, 1, 100, 100, 100, 100, 100, 100, 100, 
100, 100, 100, 100, 2500, 2500, 2500, 2500, 2500, 2500, 2500, 
2500, 2500, 2500, 2500, 24777.192, 49334.834, 110170.899, 61946.421, 
69683.787, 96443.7050000001, 97555.655, 88756.626, 62799.044, 
140445.435, 116469.158, 1.90574, 10.81954, 13.67786, 11.41978, 
9.57183, 14.03893, 11.21295, 11.90273, 5.02731, 14.1815, 10.72834, 
-3.90366, -10.88561, -10.10221, -12.1227, -9.33137, -12.29148, 
-11.78373, -13.28943, -6.95087, -12.55766, -12.30232, 0, 0, 0, 
0, 0, 0, 0, 0, 0, 0, 0, 0, 0, 0, 0, 0, 0, 0, 0, 0, 0, 0, 0.70859, 
0.70533, 0.70528, 0.70504, 0.70695, 0.70963, 0.71463, 0.71604, 
0.70928, 0.71008, 0.71245, 0.69698, 0.7073, 0.69923, 0.69888, 
0.70279, 0.7009, 0.70968, 0.71349, 0.70768, 0.70549, 0.7099, 
0.5546, 1.5198, 4.3315, 2.0513, 2.3342, 3.7229, 3.3008, 2.8451, 
1.9144, 5.2948, 3.9338, 741.1, 788.5, 830.3, 923, 988.3, 1032.9, 
1113.1, 1182.1, 1261.5, 1286.9, 1407.7, 1388, 1296, 1381, 2287, 
936, 567, 2358, 2164, 2375, 2155, 619, 2, 1, 3, 1, 1, 1, 1, 1, 
1, 1, 2, 100, 100, 100, 100, 100, 100, 100, 100, 100, 100, 100, 
2500, 2500, 2500, 2500, 2500, 2500, 2500, 2500, 2500, 2500, 2500, 
41470.654, 53302.88, 60766.164, 69858.534, 78998.5, 98788.5229999999, 
105943.993, 121176.135, 140691.39, 143402.062, 168035.528, 1, 
1, 1, 1, 1, 1, 1, 1, 1, 1, 1, 0.03846, 0.03846, 0.03846, 0.03846, 
0.03846, 0.03846, 0.03846, 0.03846, 0.03846, 0.03846, 0.03846, 
0, 0, 0, 0, 0, 0, 0, 0, 0, 0, 0, 0, 0, 0, 0, 0, 0, 0, 0, 0, 0, 
0, 0.69623, 0.68819, 0.69429, 0.69048, 0.69242, 0.69267, 0.70013, 
0.70622, 0.70123, 0.69867, 0.70481, 0.69913, 0.68885, 0.6937, 
0.69049, 0.69036, 0.6912, 0.70378, 0.7045, 0.70003, 0.70019, 
0.70262, 0.5656, 0.6908, 0.7843, 0.9101, 1.028, 1.2121, 1.3201, 
1.442, 1.6625, 1.8112, 1.9993, 792.1, 875, 945.6, 1021.2, 1091.6, 
1169.5, 1228.3, 1291.6, 1371, 1442.7, 1504.1, 1, 1, 1, 1, 1, 
1, 1, 1, 1, 1, 1, 1, 1, 1, 1, 1, 1, 1, 1, 1, 1, 1, 1, 1, 1, 1, 
1, 1, 1, 1, 1, 1, 1, 1, 1, 1, 1, 1, 1, 1, 1, 1, 1, 1, 8.914, 
10.569, 11.201, 12.862, 13.758, 15.884, 16.945, 18.319, 20.715, 
22.004, 24.299), .Dim = c(11L, 40L), .Dimnames = list(NULL, c("Sampling", 
"PSO.cost", "PSO.gamma", "PSO.data.balancing", "PSO.feature.selection", 
"PSO.valid.acc", "PSO.test.acc", "PSO.train.time", "PSO.n.support.vectors", 
"PSO.index", "PSO.n.solutions", "PSO.generations", "PSO.n.evaluations", 
"PSO.cpu.time", "RS.cost", "RS.gamma", "RS.data.balancing", "RS.feature.selection", 
"RS.valid.acc", "RS.test.acc", "RS.train.time", "RS.n.support.vectors", 
"RS.index", "RS.n.solutions", "RS.generations", "RS.n.evaluations", 
"RS.cpu.time", "DF.cost", "DF.gamma", "DF.data.balancing", "DF.feature.selection", 
"DF.valid.acc", "DF.test.acc", "DF.train.time", "DF.n.support.vectors", 
"DF.index", "DF.n.solutions", "DF.generations", "DF.n.evaluations", 
"DF.cpu.time")))
