full <-
structure(c(50, 55, 60, 65, 70, 75, 80, 85, 90, 95, 100, 15, 
10.35532, 10.20474, 4.5258, 9.72373, 13.35961, 14.72479, 14.98726, 
10.64435, 4.23771, 14.48926, -12.84238, -10.81719, -11.13737, 
-6.00777, -11.24595, -14.0858, -12.68271, -13.28841, -12.13093, 
-7.10778, -13.53403, 0, 0, 0, 0, 0, 0, 0, 0, 0, 0, 0, 0, 0, 0, 
0, 0, 0, 0, 0, 0, 0, 0, 0.71595, 0.71542, 0.71606, 0.71506, 0.72301, 
0.72318, 0.72369, 0.71869, 0.71692, 0.71429, 0.71244, 0.70572, 
0.70618, 0.70701, 0.70668, 0.71574, 0.72027, 0.71958, 0.71442, 
0.7133, 0.71125, 0.70553, 1.2436, 1.1293, 1.3549, 0.9918, 1.7247, 
2.0676, 3.585, 3.86, 3.2181, 1.9046, 4.214, 673.5, 769.6, 849.1, 
908.3, 988.6, 1010.1, 1062.3, 1132.5, 1272.6, 1340.9, 1342.8, 
922, 2110, 839, 758, 920, 949, 1442, 1762, 848, 1337, 928, 1, 
2, 58, 135, 38, 5, 1, 1, 49, 5, 1, 100, 100, 100, 100, 100, 100, 
100, 100, 100, 100, 100, 2500, 2500, 2500, 2500, 2500, 2500, 
2500, 2500, 2500, 2500, 2500, 36108.307, 42300.791, 45046.725, 
36964.754, 59918.97, 72159.1250000001, 102639.399, 97082.552, 
95045.9440000001, 70154.5589999999, 162133.849, 11.56579, 4.39338, 
1.92563, 4.69704, 10.04035, 14.84748, 14.5086, 11.87344, 10.48158, 
8.65203, 12.079, -11.15456, -6.09075, -2.45534, -6.02909, -10.2771, 
-11.05193, -12.6075, -13.26236, -12.16133, -9.50845, -10.52241, 
0, 0, 0, 0, 0, 0, 0, 0, 0, 0, 0, 0, 0, 0, 0, 0, 0, 0, 0, 0, 0, 
0, 0.71452, 0.71411, 0.71307, 0.71338, 0.72198, 0.72268, 0.72278, 
0.71783, 0.71611, 0.7139, 0.7117, 0.70864, 0.70488, 0.70336, 
0.70613, 0.71574, 0.7251, 0.71822, 0.71399, 0.71208, 0.71088, 
0.70879, 1.0243, 0.6707, 0.835, 1.004, 2.1502, 6.4158, 3.9129, 
2.7414, 3.0892, 3.0078, 6.8254, 687.6, 769.7, 928.6, 906.1, 961.3, 
988.6, 1063.1, 1178.3, 1275.9, 1310.2, 1354.8, 1656, 1524, 1190, 
2413, 1772, 1571, 1215, 2260, 873, 567, 1240, 1, 1, 1, 2, 1, 
1, 1, 1, 1, 1, 1, 100, 100, 100, 100, 100, 100, 100, 100, 100, 
100, 100, 2500, 2500, 2500, 2500, 2500, 2500, 2500, 2500, 2500, 
2500, 2500, 39885.967, 48871.544, 60627.443, 72809.484, 79993.345, 
97681.059, 102522.127, 117116.626, 125774.181, 145267.198, 165628.333, 
1, 1, 1, 1, 1, 1, 1, 1, 1, 1, 1, 0.03846, 0.03846, 0.03846, 0.03846, 
0.03846, 0.03846, 0.03846, 0.03846, 0.03846, 0.03846, 0.03846, 
0, 0, 0, 0, 0, 0, 0, 0, 0, 0, 0, 0, 0, 0, 0, 0, 0, 0, 0, 0, 0, 
0, 0.70357, 0.69758, 0.70521, 0.70389, 0.71004, 0.71492, 0.70646, 
0.70374, 0.70563, 0.70551, 0.70372, 0.70211, 0.69892, 0.70279, 
0.70559, 0.71006, 0.71251, 0.70965, 0.70631, 0.70199, 0.70435, 
0.69753, 0.5259, 0.6445, 0.7476, 0.9034, 1.0123, 1.1636, 1.2952, 
1.4555, 1.5736, 1.7743, 1.9539, 779.9, 852.4, 932.1, 1006.5, 
1072.5, 1137.5, 1208.3, 1288, 1351.7, 1431, 1505.5, 1, 1, 1, 
1, 1, 1, 1, 1, 1, 1, 1, 1, 1, 1, 1, 1, 1, 1, 1, 1, 1, 1, 1, 1, 
1, 1, 1, 1, 1, 1, 1, 1, 1, 1, 1, 1, 1, 1, 1, 1, 1, 1, 1, 1, 8.179, 
9.596, 11.662, 13.418, 14.213, 15.885, 17.247, 19.144, 19.447, 
21.465, 23.361), .Dim = c(11L, 40L), .Dimnames = list(NULL, c("Sampling", 
"PSO.cost", "PSO.gamma", "PSO.data.balancing", "PSO.feature.selection", 
"PSO.valid.acc", "PSO.test.acc", "PSO.train.time", "PSO.n.support.vectors", 
"PSO.index", "PSO.n.solutions", "PSO.generations", "PSO.n.evaluations", 
"PSO.cpu.time", "RS.cost", "RS.gamma", "RS.data.balancing", "RS.feature.selection", 
"RS.valid.acc", "RS.test.acc", "RS.train.time", "RS.n.support.vectors", 
"RS.index", "RS.n.solutions", "RS.generations", "RS.n.evaluations", 
"RS.cpu.time", "DF.cost", "DF.gamma", "DF.data.balancing", "DF.feature.selection", 
"DF.valid.acc", "DF.test.acc", "DF.train.time", "DF.n.support.vectors", 
"DF.index", "DF.n.solutions", "DF.generations", "DF.n.evaluations", 
"DF.cpu.time")))
