full <-
structure(c(50, 55, 60, 65, 70, 75, 80, 85, 90, 95, 100, 10.74343, 
15, 8.7711, 2.38425, 8.67066, 11.36051, 12.68137, 9.00812, 9.67524, 
9.67918, 7.99265, -11.14258, -12.24059, -10.28176, -4.61073, 
-9.33093, -12.19961, -11.7513, -10.12332, -9.03023, -9.70278, 
-9.97829, 0, 0, 0, 0, 0, 0, 0, 0, 0, 0, 0, 0, 0, 0, 0, 0, 0, 
0, 0, 0, 0, 0, 0.71805, 0.71866, 0.71672, 0.71728, 0.72246, 0.72021, 
0.71824, 0.71563, 0.72054, 0.71467, 0.71431, 0.71153, 0.71937, 
0.70882, 0.7117, 0.71309, 0.70956, 0.71372, 0.71047, 0.71852, 
0.71352, 0.70922, 1.0419, 2.1525, 1.0582, 0.8768, 1.5137, 2.4806, 
3.491, 2.4077, 3.392, 3.6463, 2.9548, 695.4, 739.4, 846.9, 931.9, 
959.9, 1039.3, 1083, 1183.2, 1207.5, 1301.2, 1429.6, 385, 1454, 
651, 760, 1233, 373, 1389, 2081, 684, 1370, 1511, 549, 3, 45, 
131, 154, 168, 3, 4, 49, 10, 15, 100, 100, 100, 100, 100, 100, 
100, 100, 100, 100, 100, 2500, 2500, 2500, 2500, 2500, 2500, 
2500, 2500, 2500, 2500, 2500, 33758.068, 52688.219, 43969.174, 
32515.878, 56761.7439999999, 71691.5979999999, 102187.252, 74894.0360000001, 
111458.088, 116126.276, 99133.0449999999, 10.82255, 5.01175, 
8.57653, 2.36659, 8.17473, 13.32526, 14.05575, 9.33398, 11.75498, 
8.79029, 7.89307, -11.32289, -6.84901, -10.34953, -4.65525, -8.90722, 
-13.14464, -12.59519, -10.24672, -10.06766, -9.35439, -9.87298, 
0, 0, 0, 0, 0, 0, 0, 0, 0, 0, 0, 0, 0, 0, 0, 0, 0, 0, 0, 0, 0, 
0, 0.71805, 0.71673, 0.71551, 0.71616, 0.72039, 0.71924, 0.71643, 
0.71434, 0.71933, 0.71353, 0.71285, 0.71226, 0.70944, 0.70882, 
0.71115, 0.71466, 0.71197, 0.71145, 0.7109, 0.71852, 0.71352, 
0.70849, 1.0111, 0.6825, 1.055, 0.8855, 1.454, 2.5227, 3.4907, 
2.624, 5.3094, 2.9728, 2.8411, 698.2, 764.7, 851.5, 931.2, 959.5, 
1009, 1077.7, 1179, 1203.5, 1310.8, 1427.4, 1877, 13, 1558, 2032, 
274, 248, 2306, 1290, 84, 239, 26, 1, 1, 1, 1, 1, 1, 1, 1, 3, 
1, 1, 100, 100, 100, 100, 100, 100, 100, 100, 100, 100, 100, 
2500, 2500, 2500, 2500, 2500, 2500, 2500, 2500, 2500, 2500, 2500, 
39871.15, 47497.728, 55919.141, 65368.343, 78353.601, 93734.9219999999, 
104044.918, 112053.674, 139102.418, 146978.427, 163894.032, 1, 
1, 1, 1, 1, 1, 1, 1, 1, 1, 1, 0.03846, 0.03846, 0.03846, 0.03846, 
0.03846, 0.03846, 0.03846, 0.03846, 0.03846, 0.03846, 0.03846, 
0, 0, 0, 0, 0, 0, 0, 0, 0, 0, 0, 0, 0, 0, 0, 0, 0, 0, 0, 0, 0, 
0, 0.71292, 0.71011, 0.70703, 0.70944, 0.70843, 0.70569, 0.70461, 
0.69896, 0.70563, 0.70436, 0.70086, 0.71075, 0.70943, 0.70339, 
0.71, 0.70895, 0.70517, 0.70416, 0.70235, 0.71007, 0.70552, 0.70122, 
0.546, 0.6137, 0.7597, 0.8733, 0.9902, 1.1557, 1.2897, 1.4268, 
1.5905, 1.7246, 1.9902, 783.5, 851.8, 924, 1001.1, 1068.7, 1136, 
1214, 1284.5, 1353.5, 1434.2, 1507, 1, 1, 1, 1, 1, 1, 1, 1, 1, 
1, 1, 1, 1, 1, 1, 1, 1, 1, 1, 1, 1, 1, 1, 1, 1, 1, 1, 1, 1, 1, 
1, 1, 1, 1, 1, 1, 1, 1, 1, 1, 1, 1, 1, 1, 8.678, 9.423, 10.896, 
12.236, 13.314, 15.081, 16.725, 18.057, 19.743, 21.231, 24.118
), .Dim = c(11L, 40L), .Dimnames = list(NULL, c("Sampling", "PSO.cost", 
"PSO.gamma", "PSO.data.balancing", "PSO.feature.selection", "PSO.valid.acc", 
"PSO.test.acc", "PSO.train.time", "PSO.n.support.vectors", "PSO.index", 
"PSO.n.solutions", "PSO.generations", "PSO.n.evaluations", "PSO.cpu.time", 
"RS.cost", "RS.gamma", "RS.data.balancing", "RS.feature.selection", 
"RS.valid.acc", "RS.test.acc", "RS.train.time", "RS.n.support.vectors", 
"RS.index", "RS.n.solutions", "RS.generations", "RS.n.evaluations", 
"RS.cpu.time", "DF.cost", "DF.gamma", "DF.data.balancing", "DF.feature.selection", 
"DF.valid.acc", "DF.test.acc", "DF.train.time", "DF.n.support.vectors", 
"DF.index", "DF.n.solutions", "DF.generations", "DF.n.evaluations", 
"DF.cpu.time")))
