full <-
structure(c(50, 55, 60, 65, 70, 75, 80, 85, 90, 95, 100, 13.54215, 
6.02787, 14.99752, 12.89891, 13.73239, 14.97558, 7.11999, 9.42569, 
12.26411, 12.87467, 8.99402, -14.90769, -7.52649, -11.18861, 
-12.74898, -12.6177, -12.05005, -8.93379, -9.98194, -13.86614, 
-14.32268, -10.39252, 0, 0, 0, 0, 0, 0, 0, 0, 0, 0, 0, 0, 0, 
0, 0, 0, 0, 0, 0, 0, 0, 0, 0.71154, 0.71667, 0.71916, 0.71169, 
0.70804, 0.7135, 0.71323, 0.71523, 0.71128, 0.71354, 0.71426, 
0.70645, 0.70811, 0.70585, 0.70501, 0.70078, 0.70386, 0.7078, 
0.70669, 0.70926, 0.70818, 0.70479, 0.8098, 0.7281, 3.9763, 1.7832, 
2.3153, 4.3904, 1.6529, 2.8488, 2.6808, 2.935, 3.478, 692.1, 
764.6, 815.4, 904.4, 969, 1021.5, 1121.7, 1175.1, 1249.7, 1299.9, 
1415.2, 574, 1554, 1188, 1452, 2237, 1574, 481, 576, 2472, 1522, 
823, 6, 37, 1, 1, 1, 1, 70, 426, 1, 1, 48, 100, 100, 100, 100, 
100, 100, 100, 100, 100, 100, 100, 2500, 2500, 2500, 2500, 2500, 
2500, 2500, 2500, 2500, 2500, 2500, 29739.383, 29734.456, 102476.528, 
53978.226, 73342.065, 117981.999, 79559.876, 82850.6259999999, 
82396.2519999999, 87861.7709999999, 102728.557, 13.4788, 6.35624, 
14.15783, 12.45229, 12.91721, 14.44992, 7.44813, 8.99437, 3.63039, 
12.13078, 9.12084, -14.95813, -7.71232, -10.39099, -12.59061, 
-11.78617, -11.80496, -9.27588, -9.80428, -6.5258, -14.054, -10.39241, 
0, 0, 0, 0, 0, 0, 0, 0, 0, 0, 0, 0, 0, 0, 0, 0, 0, 0, 0, 0, 0, 
0, 0.71081, 0.71469, 0.71611, 0.71001, 0.70699, 0.71156, 0.71233, 
0.71438, 0.71049, 0.71277, 0.71353, 0.70499, 0.70812, 0.70522, 
0.70334, 0.70077, 0.70386, 0.70916, 0.70541, 0.71048, 0.70665, 
0.70734, 0.7852, 0.7405, 4.045, 1.8002, 2.5811, 3.9563, 1.7212, 
2.5321, 1.6989, 2.8881, 3.492, 694.6, 763.5, 816, 903.9, 973.4, 
1018.7, 1128.4, 1178.4, 1269.3, 1317.1, 1403.7, 172, 1754, 1999, 
2019, 1647, 722, 569, 1134, 1610, 1329, 868, 1, 2, 1, 1, 1, 1, 
1, 3, 1, 1, 1, 100, 100, 100, 100, 100, 100, 100, 100, 100, 100, 
100, 2500, 2500, 2500, 2500, 2500, 2500, 2500, 2500, 2500, 2500, 
2500, 41439.248, 52609.871, 60177.687, 72742.558, 85099.439, 
93086.208, 108069.546, 114602.716, 136520.336, 144239.278, 162529.204, 
1, 1, 1, 1, 1, 1, 1, 1, 1, 1, 1, 0.03846, 0.03846, 0.03846, 0.03846, 
0.03846, 0.03846, 0.03846, 0.03846, 0.03846, 0.03846, 0.03846, 
0, 0, 0, 0, 0, 0, 0, 0, 0, 0, 0, 0, 0, 0, 0, 0, 0, 0, 0, 0, 0, 
0, 0.69409, 0.70351, 0.69981, 0.6983, 0.69503, 0.70143, 0.70553, 
0.70412, 0.70605, 0.70551, 0.70117, 0.70062, 0.69824, 0.69557, 
0.69495, 0.69295, 0.70094, 0.70329, 0.70668, 0.70484, 0.70361, 
0.69862, 0.5272, 0.6312, 0.7641, 0.918, 0.9817, 1.1562, 1.287, 
1.3986, 1.5756, 1.7576, 1.9622, 779.3, 847.1, 937.9, 1011.8, 
1084.5, 1150.5, 1217.3, 1291, 1368.9, 1439.3, 1504.3, 1, 1, 1, 
1, 1, 1, 1, 1, 1, 1, 1, 1, 1, 1, 1, 1, 1, 1, 1, 1, 1, 1, 1, 1, 
1, 1, 1, 1, 1, 1, 1, 1, 1, 1, 1, 1, 1, 1, 1, 1, 1, 1, 1, 1, 8.309, 
9.858, 11.339, 13.044, 13.366, 15.29, 16.658, 17.931, 19.523, 
21.479, 23.603), .Dim = c(11L, 40L), .Dimnames = list(NULL, c("Sampling", 
"PSO.cost", "PSO.gamma", "PSO.data.balancing", "PSO.feature.selection", 
"PSO.valid.acc", "PSO.test.acc", "PSO.train.time", "PSO.n.support.vectors", 
"PSO.index", "PSO.n.solutions", "PSO.generations", "PSO.n.evaluations", 
"PSO.cpu.time", "RS.cost", "RS.gamma", "RS.data.balancing", "RS.feature.selection", 
"RS.valid.acc", "RS.test.acc", "RS.train.time", "RS.n.support.vectors", 
"RS.index", "RS.n.solutions", "RS.generations", "RS.n.evaluations", 
"RS.cpu.time", "DF.cost", "DF.gamma", "DF.data.balancing", "DF.feature.selection", 
"DF.valid.acc", "DF.test.acc", "DF.train.time", "DF.n.support.vectors", 
"DF.index", "DF.n.solutions", "DF.generations", "DF.n.evaluations", 
"DF.cpu.time")))
