full <-
structure(c(50, 55, 60, 65, 70, 75, 80, 85, 90, 95, 100, 3.25345, 
4.85532, 14.73627, 2.58391, 13.49678, 10.83484, 7.77115, 14.97816, 
8.20889, 14.14562, 15, -6.94665, -5.25461, -12.292, -4.50634, 
-9.04707, -8.98846, -9.71678, -11.7832, -9.12562, -13.45381, 
-13.22594, 0, 0, 0, 0, 0, 0, 0, 0, 0, 0, 0, 0, 0, 0, 0, 0, 0, 
0, 0, 0, 0, 0, 0.70195, 0.70481, 0.70816, 0.7102, 0.70857, 0.70381, 
0.70787, 0.71136, 0.71169, 0.71123, 0.71286, 0.69103, 0.70013, 
0.69122, 0.7046, 0.70441, 0.69511, 0.70466, 0.70496, 0.70766, 
0.70551, 0.70741, 0.571, 0.7173, 2.3961, 0.9178, 7.9336, 3.3646, 
1.9005, 6.2714, 2.6111, 3.8609, 4.9573, 764, 803.8, 835.7, 959.7, 
963.4, 1037.9, 1158, 1156.9, 1261.5, 1286.8, 1344.1, 2147, 323, 
2240, 1287, 2218, 1637, 895, 2363, 1198, 1534, 2223, 4, 48, 1, 
21, 1, 3, 111, 1, 39, 2, 3, 100, 100, 100, 100, 100, 100, 100, 
100, 100, 100, 100, 2500, 2500, 2500, 2500, 2500, 2500, 2500, 
2500, 2500, 2500, 2500, 28433.08, 33248.834, 71128.844, 35852.764, 
198987.648, 117058.399, 74467.618, 125830.384, 88812.777, 136596.954, 
135595.526, 3.04127, 6.1096, 14.34549, 1.54159, 12.70725, 11.67234, 
7.36072, 11.81162, 6.67115, 14.99529, 14.36585, -6.74406, -5.74751, 
-12.13689, -3.88336, -8.52265, -9.33051, -9.37716, -10.4073, 
-8.31911, -14.21952, -13.06382, 0, 0, 0, 0, 0, 0, 0, 0, 0, 0, 
0, 0, 0, 0, 0, 0, 0, 0, 0, 0, 0, 0, 0.70049, 0.70415, 0.70694, 
0.70909, 0.70702, 0.7014, 0.70696, 0.70965, 0.71129, 0.71009, 
0.7114, 0.69177, 0.70079, 0.68939, 0.70239, 0.7013, 0.69462, 
0.70421, 0.70454, 0.70564, 0.70435, 0.70487, 0.5986, 0.8313, 
2.3938, 0.8881, 6.6317, 4.0636, 1.7274, 4.8464, 2.187, 3.4291, 
4.8297, 765.3, 799.1, 839.9, 985.4, 968, 1034.9, 1155.4, 1168.2, 
1268.1, 1279.7, 1343.1, 1971, 567, 883, 1795, 1905, 1769, 2220, 
363, 2367, 1063, 1273, 1, 2, 1, 1, 4, 1, 1, 1, 2, 1, 1, 100, 
100, 100, 100, 100, 100, 100, 100, 100, 100, 100, 2500, 2500, 
2500, 2500, 2500, 2500, 2500, 2500, 2500, 2500, 2500, 42424.328, 
49135.509, 60964.225, 70446.021, 80538.181, 97003.356, 110292.23, 
120023.509, 137065.703, 143790.528, 164218.886, 1, 1, 1, 1, 1, 
1, 1, 1, 1, 1, 1, 0.03846, 0.03846, 0.03846, 0.03846, 0.03846, 
0.03846, 0.03846, 0.03846, 0.03846, 0.03846, 0.03846, 0, 0, 0, 
0, 0, 0, 0, 0, 0, 0, 0, 0, 0, 0, 0, 0, 0, 0, 0, 0, 0, 0, 0.69248, 
0.69425, 0.69121, 0.70072, 0.69765, 0.68785, 0.69554, 0.70284, 
0.69759, 0.70324, 0.69867, 0.69034, 0.69493, 0.69061, 0.69957, 
0.6914, 0.69124, 0.69691, 0.7024, 0.6996, 0.70247, 0.7023, 0.5408, 
0.6528, 0.7732, 0.894, 0.9926, 1.1597, 1.2676, 1.4153, 1.6055, 
1.7346, 1.9092, 814.7, 888.9, 959.8, 1026.8, 1105.7, 1174.6, 
1244.8, 1309.8, 1375.2, 1441.5, 1500.4, 1, 1, 1, 1, 1, 1, 1, 
1, 1, 1, 1, 1, 1, 1, 1, 1, 1, 1, 1, 1, 1, 1, 1, 1, 1, 1, 1, 1, 
1, 1, 1, 1, 1, 1, 1, 1, 1, 1, 1, 1, 1, 1, 1, 1, 8.386, 9.567, 
10.841, 13.001, 14.125, 15.63, 17.107, 18.692, 20.471, 21.009, 
24.21), .Dim = c(11L, 40L), .Dimnames = list(NULL, c("Sampling", 
"PSO.cost", "PSO.gamma", "PSO.data.balancing", "PSO.feature.selection", 
"PSO.valid.acc", "PSO.test.acc", "PSO.train.time", "PSO.n.support.vectors", 
"PSO.index", "PSO.n.solutions", "PSO.generations", "PSO.n.evaluations", 
"PSO.cpu.time", "RS.cost", "RS.gamma", "RS.data.balancing", "RS.feature.selection", 
"RS.valid.acc", "RS.test.acc", "RS.train.time", "RS.n.support.vectors", 
"RS.index", "RS.n.solutions", "RS.generations", "RS.n.evaluations", 
"RS.cpu.time", "DF.cost", "DF.gamma", "DF.data.balancing", "DF.feature.selection", 
"DF.valid.acc", "DF.test.acc", "DF.train.time", "DF.n.support.vectors", 
"DF.index", "DF.n.solutions", "DF.generations", "DF.n.evaluations", 
"DF.cpu.time")))
