full <-
structure(c(50, 55, 60, 65, 70, 75, 80, 85, 90, 95, 100, 9.44388, 
2.4773, 5.538, 4.04787, 15, 14.93009, 9.84795, 15, 14.50584, 
15, 9.2476, -11.86612, -3.25961, -6.56807, -4.89068, -10.94793, 
-11.94544, -12.824, -14.08183, -14.21744, -14.60441, -10.66889, 
0, 0, 0, 0, 0, 0, 0, 0, 0, 0, 0, 0, 0, 0, 0, 0, 0, 0, 0, 0, 0, 
0, 0.72097, 0.71606, 0.71672, 0.72233, 0.71367, 0.71298, 0.71004, 
0.70875, 0.7105, 0.71317, 0.71171, 0.71372, 0.70546, 0.71429, 
0.71838, 0.71108, 0.7052, 0.70233, 0.70017, 0.70606, 0.70895, 
0.7059, 0.7551, 0.6753, 0.8539, 0.924, 5.2424, 3.9771, 1.8901, 
2.7529, 3.0597, 3.2814, 3.6489, 734.7, 828.1, 836, 912.1, 933.5, 
999.9, 1185.2, 1134, 1210.5, 1280.1, 1412.4, 352, 1403, 1938, 
1242, 2370, 1048, 607, 2075, 760, 1423, 1051, 79, 39, 6, 12, 
1, 1, 42, 1, 2, 3, 40, 100, 100, 100, 100, 100, 100, 100, 100, 
100, 100, 100, 2500, 2500, 2500, 2500, 2500, 2500, 2500, 2500, 
2500, 2500, 2500, 29675.124, 34282.4, 58232.709, 33658.523, 108215.076, 
88227.0009999999, 64239.093, 88453.036, 105702.11, 100074.795, 
122223.807, 10.49196, 2.4018, 5.5671, 5.32095, 14.64869, 11.04647, 
9.68467, 10.39576, 12.30044, 14.68446, 9.85652, -12.82692, -3.31659, 
-6.5781, -4.63154, -10.68562, -10.48531, -12.67722, -11.0717, 
-11.90758, -14.7631, -11.10565, 0, 0, 0, 0, 0, 0, 0, 0, 0, 0, 
0, 0, 0, 0, 0, 0, 0, 0, 0, 0, 0, 0, 0.72025, 0.71342, 0.71672, 
0.72174, 0.71211, 0.71201, 0.70959, 0.70746, 0.70969, 0.71164, 
0.71135, 0.71299, 0.70745, 0.71368, 0.71391, 0.70952, 0.70957, 
0.70323, 0.70104, 0.70202, 0.7082, 0.70699, 0.8293, 0.681, 0.8601, 
0.9988, 4.9414, 2.7085, 1.769, 3.0524, 4.31, 3.042, 3.8793, 725.6, 
828.5, 835.7, 910.4, 934, 1018.9, 1186, 1178.6, 1232.4, 1287.3, 
1407.1, 1466, 2153, 825, 433, 1057, 1894, 1970, 1193, 1720, 2483, 
1217, 2, 1, 1, 1, 1, 2, 1, 1, 4, 1, 2, 100, 100, 100, 100, 100, 
100, 100, 100, 100, 100, 100, 2500, 2500, 2500, 2500, 2500, 2500, 
2500, 2500, 2500, 2500, 2500, 41300.76, 51375.52, 58124.539, 
66403.64, 77057.806, 92919.485, 92062.919, 118222.852, 141548.279, 
162915.751, 156406.698, 1, 1, 1, 1, 1, 1, 1, 1, 1, 1, 1, 0.03846, 
0.03846, 0.03846, 0.03846, 0.03846, 0.03846, 0.03846, 0.03846, 
0.03846, 0.03846, 0.03846, 0, 0, 0, 0, 0, 0, 0, 0, 0, 0, 0, 0, 
0, 0, 0, 0, 0, 0, 0, 0, 0, 0, 0.70135, 0.6982, 0.70041, 0.69997, 
0.69811, 0.69793, 0.69095, 0.69552, 0.69718, 0.69483, 0.70009, 
0.69988, 0.70151, 0.70584, 0.69717, 0.70018, 0.69796, 0.69459, 
0.69894, 0.6992, 0.6956, 0.70046, 0.5429, 0.6522, 0.7316, 0.8492, 
0.9735, 1.158, 1.2421, 1.4392, 1.6187, 1.8468, 1.9334, 781.4, 
864.4, 933.8, 995.9, 1071.2, 1147.6, 1211, 1289.2, 1374.2, 1446, 
1504.8, 1, 1, 1, 1, 1, 1, 1, 1, 1, 1, 1, 1, 1, 1, 1, 1, 1, 1, 
1, 1, 1, 1, 1, 1, 1, 1, 1, 1, 1, 1, 1, 1, 1, 1, 1, 1, 1, 1, 1, 
1, 1, 1, 1, 1, 8.602, 9.88, 10.716, 12.012, 13.406, 15.184, 16.147, 
20.008, 21.294, 22.676, 23.374), .Dim = c(11L, 40L), .Dimnames = list(
    NULL, c("Sampling", "PSO.cost", "PSO.gamma", "PSO.data.balancing", 
    "PSO.feature.selection", "PSO.valid.acc", "PSO.test.acc", 
    "PSO.train.time", "PSO.n.support.vectors", "PSO.index", "PSO.n.solutions", 
    "PSO.generations", "PSO.n.evaluations", "PSO.cpu.time", "RS.cost", 
    "RS.gamma", "RS.data.balancing", "RS.feature.selection", 
    "RS.valid.acc", "RS.test.acc", "RS.train.time", "RS.n.support.vectors", 
    "RS.index", "RS.n.solutions", "RS.generations", "RS.n.evaluations", 
    "RS.cpu.time", "DF.cost", "DF.gamma", "DF.data.balancing", 
    "DF.feature.selection", "DF.valid.acc", "DF.test.acc", "DF.train.time", 
    "DF.n.support.vectors", "DF.index", "DF.n.solutions", "DF.generations", 
    "DF.n.evaluations", "DF.cpu.time")))
