full <-
structure(c(50, 55, 60, 65, 70, 75, 80, 85, 90, 95, 100, 14.96417, 
5.6878, 13.12099, 0.19289, 14.78824, 12.35386, 14.70862, 6.29479, 
6.29185, 12.73785, 14.50474, -14.73352, -5.9916, -10.82574, -3.2653, 
-11.98612, -11.70286, -11.7931, -8.17431, -7.83915, -12.40007, 
-13.04416, 0, 0, 0, 0, 0, 0, 0, 0, 0, 0, 0, 0, 0, 0, 0, 0, 0, 
0, 0, 0, 0, 0, 0.72096, 0.72534, 0.71489, 0.71625, 0.71725, 0.71544, 
0.71964, 0.7148, 0.71815, 0.71657, 0.71427, 0.70931, 0.7134, 
0.70702, 0.7101, 0.71104, 0.70671, 0.71825, 0.70499, 0.71207, 
0.71198, 0.70809, 0.8831, 0.4567, 1.4641, 0.8471, 3.7843, 2.9666, 
5.0229, 1.1385, 1.9974, 4.1947, 4.7192, 656.1, 748.2, 796.7, 
988.3, 941.4, 1019, 1076.5, 1198.4, 1243.4, 1285.8, 1340.6, 659, 
1313, 2045, 1210, 1722, 857, 1434, 806, 1788, 1536, 2457, 6, 
24, 2, 46, 1, 5, 1, 2, 1, 2, 1, 100, 100, 100, 100, 100, 100, 
100, 100, 100, 100, 100, 2500, 2500, 2500, 2500, 2500, 2500, 
2500, 2500, 2500, 2500, 2500, 30765.247, 23447.925, 58296.521, 
52826.377, 90845.122, 79958.99, 138244.054, 63617.6390000001, 
67987.6670000001, 107826.505, 106154.337, 14.68068, 0.7132, 5.80811, 
0.18652, 13.33338, 12.34272, 12.76228, 7.83774, 5.15482, 14.34686, 
8.41012, -14.46896, -3.09969, -7.67948, -3.51398, -11.74222, 
-11.69501, -9.81086, -8.92142, -6.8884, -13.25163, -9.52779, 
0, 0, 0, 0, 0, 0, 0, 0, 0, 0, 0, 0, 0, 0, 0, 0, 0, 0, 0, 0, 0, 
0, 0.7166, 0.7266, 0.71491, 0.71345, 0.71622, 0.71495, 0.71828, 
0.71351, 0.71774, 0.71543, 0.71246, 0.70787, 0.71137, 0.70825, 
0.70729, 0.71051, 0.70671, 0.71009, 0.70628, 0.71126, 0.71236, 
0.71246, 0.8992, 0.6353, 0.8157, 0.8469, 3.0314, 2.9872, 5.4441, 
2.1217, 1.7551, 4.0041, 3.1976, 659.3, 828.5, 824.3, 983.2, 947.8, 
1019.9, 1082.2, 1190.2, 1239.8, 1267.4, 1398.4, 2209, 2380, 647, 
2235, 693, 1254, 2075, 2376, 2234, 860, 2373, 1, 1, 1, 1, 1, 
1, 1, 1, 1, 2, 1, 100, 100, 100, 100, 100, 100, 100, 100, 100, 
100, 100, 2500, 2500, 2500, 2500, 2500, 2500, 2500, 2500, 2500, 
2500, 2500, 37690.073, 42385.53, 49116.019, 65987.454, 74929.693, 
88770.77, 99493.8019999999, 113194.821, 112852.498, 143137.445, 
183886.303, 1, 1, 1, 1, 1, 1, 1, 1, 1, 1, 1, 0.03846, 0.03846, 
0.03846, 0.03846, 0.03846, 0.03846, 0.03846, 0.03846, 0.03846, 
0.03846, 0.03846, 0, 0, 0, 0, 0, 0, 0, 0, 0, 0, 0, 0, 0, 0, 0, 
0, 0, 0, 0, 0, 0, 0, 0.70349, 0.70939, 0.70103, 0.70953, 0.6981, 
0.70574, 0.70375, 0.69646, 0.70403, 0.70433, 0.70082, 0.7115, 
0.70939, 0.70102, 0.70451, 0.70017, 0.7072, 0.70376, 0.69816, 
0.70564, 0.70777, 0.70082, 0.5251, 0.6279, 0.7416, 0.6105, 0.666, 
1.1208, 1.2622, 1.3916, 1.5682, 1.7011, 1.3093, 783.7, 853, 925.6, 
996.7, 1077.5, 1145.6, 1217, 1295.4, 1350.4, 1423.7, 1500.5, 
1, 1, 1, 1, 1, 1, 1, 1, 1, 1, 1, 1, 1, 1, 1, 1, 1, 1, 1, 1, 1, 
1, 1, 1, 1, 1, 1, 1, 1, 1, 1, 1, 1, 1, 1, 1, 1, 1, 1, 1, 1, 1, 
1, 1, 8.952, 10.005, 11.222, 9.209, 9.124, 14.342, 15.904, 17.353, 
19.131, 20.661, 16.721), .Dim = c(11L, 40L), .Dimnames = list(
    NULL, c("Sampling", "PSO.cost", "PSO.gamma", "PSO.data.balancing", 
    "PSO.feature.selection", "PSO.valid.acc", "PSO.test.acc", 
    "PSO.train.time", "PSO.n.support.vectors", "PSO.index", "PSO.n.solutions", 
    "PSO.generations", "PSO.n.evaluations", "PSO.cpu.time", "RS.cost", 
    "RS.gamma", "RS.data.balancing", "RS.feature.selection", 
    "RS.valid.acc", "RS.test.acc", "RS.train.time", "RS.n.support.vectors", 
    "RS.index", "RS.n.solutions", "RS.generations", "RS.n.evaluations", 
    "RS.cpu.time", "DF.cost", "DF.gamma", "DF.data.balancing", 
    "DF.feature.selection", "DF.valid.acc", "DF.test.acc", "DF.train.time", 
    "DF.n.support.vectors", "DF.index", "DF.n.solutions", "DF.generations", 
    "DF.n.evaluations", "DF.cpu.time")))
