full <-
structure(c(50, 55, 60, 65, 70, 75, 80, 85, 90, 95, 100, 8.07278, 
11.05846, 4.08263, 5.75296, 10.19207, 4.55113, 12.13553, 15, 
7.70137, 8.7486, 14.33865, -8.77333, -13.22149, -6.98382, -7.3554, 
-11.37273, -6.66727, -10.75757, -13.11477, -9.36669, -10.70019, 
-10.07446, 0, 0, 0, 0, 0, 0, 0, 0, 0, 0, 0, 0, 0, 0, 0, 0, 0, 
0, 0, 0, 0, 0, 0.72026, 0.71338, 0.71, 0.71342, 0.71113, 0.71199, 
0.71057, 0.71046, 0.71127, 0.70973, 0.71537, 0.7108, 0.70876, 
0.69728, 0.7067, 0.70753, 0.70569, 0.70466, 0.70619, 0.7028, 
0.70706, 0.70773, 0.7452, 1.021, 0.7729, 1.0069, 1.8294, 1.1922, 
4.4529, 3.5483, 2.0879, 2.5959, 13.2442, 713.9, 807.4, 888.4, 
927.8, 1007.1, 1067.3, 1089.5, 1145.4, 1266.4, 1376.9, 1336.2, 
1038, 1403, 1325, 2258, 1298, 2279, 1143, 998, 1009, 2246, 2426, 
102, 4, 43, 2, 17, 4, 7, 1, 136, 91, 1, 100, 100, 100, 100, 100, 
100, 100, 100, 100, 100, 100, 2500, 2500, 2500, 2500, 2500, 2500, 
2500, 2500, 2500, 2500, 2500, 28880.092, 33934.693, 33664.525, 
43346.224, 69837.638, 60873.5809999999, 112524.002, 82554.1630000001, 
68195.912, 81920.7819999999, 339969.022, 7.90074, 11.3673, 4.40078, 
7.51658, 13.35106, 4.97335, 11.83501, 13.50596, 7.82781, 8.93946, 
14.40758, -8.55386, -13.58926, -6.86205, -8.26899, -10.98732, 
-7.72863, -10.66314, -13.76916, -9.48225, -10.79762, -10.10409, 
0, 0, 0, 0, 0, 0, 0, 0, 0, 0, 0, 0, 0, 0, 0, 0, 0, 0, 0, 0, 0, 
0, 0.71881, 0.71273, 0.70938, 0.71341, 0.71112, 0.71102, 0.70966, 
0.71046, 0.71005, 0.70896, 0.71391, 0.71151, 0.70876, 0.70456, 
0.70392, 0.70541, 0.70231, 0.70511, 0.70406, 0.7028, 0.70668, 
0.70773, 0.7803, 1.0289, 0.7764, 1.1913, 4.3741, 1.2464, 4.3117, 
2.4888, 2.1474, 2.7091, 13.9597, 711.1, 803.8, 879.5, 917.7, 
964.5, 1090.8, 1095.8, 1159.9, 1267.2, 1364.2, 1336.5, 1894, 
821, 1349, 1195, 1300, 1977, 1378, 1607, 2454, 150, 1905, 2, 
2, 1, 1, 1, 2, 1, 1, 1, 1, 1, 100, 100, 100, 100, 100, 100, 100, 
100, 100, 100, 100, 2500, 2500, 2500, 2500, 2500, 2500, 2500, 
2500, 2500, 2500, 2500, 42501.175, 48729.536, 56185.695, 65258.207, 
79542.702, 90126.667, 101029.742, 116025.884, 118432.657, 148468.428, 
157350.823, 1, 1, 1, 1, 1, 1, 1, 1, 1, 1, 1, 0.03846, 0.03846, 
0.03846, 0.03846, 0.03846, 0.03846, 0.03846, 0.03846, 0.03846, 
0.03846, 0.03846, 0, 0, 0, 0, 0, 0, 0, 0, 0, 0, 0, 0, 0, 0, 0, 
0, 0, 0, 0, 0, 0, 0, 0.70067, 0.70415, 0.70455, 0.70333, 0.69865, 
0.7023, 0.70104, 0.70193, 0.70319, 0.70285, 0.70229, 0.69846, 
0.70351, 0.70092, 0.7022, 0.70128, 0.70035, 0.6974, 0.69767, 
0.70199, 0.70362, 0.69973, 0.5124, 0.5936, 0.6992, 0.8105, 0.9454, 
1.0498, 1.1927, 1.3216, 1.4515, 1.5992, 1.7658, 801.5, 872.1, 
952.3, 1021.2, 1094.1, 1158.9, 1228.2, 1298.9, 1363.1, 1435.3, 
1505.5, 1, 1, 1, 1, 1, 1, 1, 1, 1, 1, 1, 1, 1, 1, 1, 1, 1, 1, 
1, 1, 1, 1, 1, 1, 1, 1, 1, 1, 1, 1, 1, 1, 1, 1, 1, 1, 1, 1, 1, 
1, 1, 1, 1, 1, 8.417, 8.76, 10.188, 11.252, 12.811, 14.115, 15.362, 
16.58, 17.763, 19.649, 21.38), .Dim = c(11L, 40L), .Dimnames = list(
    NULL, c("Sampling", "PSO.cost", "PSO.gamma", "PSO.data.balancing", 
    "PSO.feature.selection", "PSO.valid.acc", "PSO.test.acc", 
    "PSO.train.time", "PSO.n.support.vectors", "PSO.index", "PSO.n.solutions", 
    "PSO.generations", "PSO.n.evaluations", "PSO.cpu.time", "RS.cost", 
    "RS.gamma", "RS.data.balancing", "RS.feature.selection", 
    "RS.valid.acc", "RS.test.acc", "RS.train.time", "RS.n.support.vectors", 
    "RS.index", "RS.n.solutions", "RS.generations", "RS.n.evaluations", 
    "RS.cpu.time", "DF.cost", "DF.gamma", "DF.data.balancing", 
    "DF.feature.selection", "DF.valid.acc", "DF.test.acc", "DF.train.time", 
    "DF.n.support.vectors", "DF.index", "DF.n.solutions", "DF.generations", 
    "DF.n.evaluations", "DF.cpu.time")))
