full <-
structure(c(50, 55, 60, 65, 70, 75, 80, 85, 90, 95, 100, 9.50932, 
7.18038, 12.96623, 9.2081, 5.26835, 13.11904, 14.76836, 14.9524, 
13.73587, 12.71247, 7.03075, -8.50757, -9.38293, -14.91977, -7.45504, 
-7.53948, -9.08922, -13.41315, -14.91571, -11.78653, -11.76413, 
-8.69405, 0, 0, 0, 0, 0, 0, 0, 0, 0, 0, 0, 0, 0, 0, 0, 0, 0, 
0, 0, 0, 0, 0, 0.70349, 0.70476, 0.70219, 0.70118, 0.70691, 0.71149, 
0.71329, 0.71179, 0.71699, 0.71387, 0.71317, 0.6875, 0.69881, 
0.69858, 0.69226, 0.70535, 0.70373, 0.70784, 0.7037, 0.71214, 
0.71081, 0.70953, 0.9509, 0.877, 1.2145, 1.607, 1.0915, 6.2836, 
3.1057, 2.3147, 5.3997, 5.0614, 2.6176, 714.9, 813, 866.9, 898, 
994, 1018.1, 1085, 1149.7, 1209.9, 1296.3, 1396.1, 1177, 1201, 
1649, 407, 338, 1606, 1409, 2116, 2351, 2156, 301, 40, 52, 2, 
82, 394, 2, 1, 1, 4, 1, 190, 100, 100, 100, 100, 100, 100, 100, 
100, 100, 100, 100, 2500, 2500, 2500, 2500, 2500, 2500, 2500, 
2500, 2500, 2500, 2500, 34336.735, 38950.77, 39369.92, 57382.871, 
43848.93, 179242.914, 83621.782, 87188.1880000001, 140074.016, 
113816.652, 90867.8829999999, 9.5543, 11.99457, 13.03453, 9.16337, 
5.63512, 3.46953, 13.62977, 5.13319, 6.25831, 8.95192, 11.91654, 
-8.52451, -13.63201, -14.98611, -7.27298, -7.64147, -4.08891, 
-13.60627, -5.30001, -8.00966, -10.3333, -11.27287, 0, 0, 0, 
0, 0, 0, 0, 0, 0, 0, 0, 0, 0, 0, 0, 0, 0, 0, 0, 0, 0, 0, 0.70349, 
0.70277, 0.70159, 0.70007, 0.70588, 0.71004, 0.71148, 0.71177, 
0.71655, 0.71312, 0.71208, 0.68823, 0.70144, 0.69797, 0.68779, 
0.70587, 0.70617, 0.70285, 0.70453, 0.71052, 0.7089, 0.71027, 
0.9733, 1.2232, 1.1965, 1.5864, 1.1196, 1.1662, 2.5322, 1.6663, 
1.9779, 3.0359, 5.6118, 714.4, 809.7, 869.9, 898.4, 989.4, 1076.6, 
1088.9, 1178.9, 1246.6, 1347.8, 1365, 2147, 504, 222, 1749, 701, 
967, 1330, 551, 1138, 2196, 453, 1, 1, 1, 3, 1, 1, 1, 1, 1, 1, 
5, 100, 100, 100, 100, 100, 100, 100, 100, 100, 100, 100, 2500, 
2500, 2500, 2500, 2500, 2500, 2500, 2500, 2500, 2500, 2500, 41770.893, 
47859.6, 56757.666, 69710.905, 75013.121, 80570.544, 99242.7679999999, 
113869.815, 125890.562, 142222.514, 164676.928, 1, 1, 1, 1, 1, 
1, 1, 1, 1, 1, 1, 0.03846, 0.03846, 0.03846, 0.03846, 0.03846, 
0.03846, 0.03846, 0.03846, 0.03846, 0.03846, 0.03846, 0, 0, 0, 
0, 0, 0, 0, 0, 0, 0, 0, 0, 0, 0, 0, 0, 0, 0, 0, 0, 0, 0, 0.67956, 
0.67963, 0.67616, 0.68441, 0.68668, 0.69213, 0.6947, 0.69898, 
0.70446, 0.70089, 0.70228, 0.67664, 0.67828, 0.67616, 0.68778, 
0.6898, 0.69067, 0.69787, 0.69687, 0.70164, 0.69975, 0.70155, 
0.546, 0.646, 0.7448, 0.8607, 0.9837, 1.1182, 1.2757, 1.3985, 
1.5833, 1.7311, 1.9258, 803.2, 875.7, 946.7, 1012, 1080, 1156.4, 
1223.2, 1289.2, 1354.8, 1438.4, 1503.1, 1, 1, 1, 1, 1, 1, 1, 
1, 1, 1, 1, 1, 1, 1, 1, 1, 1, 1, 1, 1, 1, 1, 1, 1, 1, 1, 1, 1, 
1, 1, 1, 1, 1, 1, 1, 1, 1, 1, 1, 1, 1, 1, 1, 1, 8.45, 9.449, 
10.616, 11.809, 13.143, 14.567, 16.19, 17.565, 19.479, 21.005, 
23.251), .Dim = c(11L, 40L), .Dimnames = list(NULL, c("Sampling", 
"PSO.cost", "PSO.gamma", "PSO.data.balancing", "PSO.feature.selection", 
"PSO.valid.acc", "PSO.test.acc", "PSO.train.time", "PSO.n.support.vectors", 
"PSO.index", "PSO.n.solutions", "PSO.generations", "PSO.n.evaluations", 
"PSO.cpu.time", "RS.cost", "RS.gamma", "RS.data.balancing", "RS.feature.selection", 
"RS.valid.acc", "RS.test.acc", "RS.train.time", "RS.n.support.vectors", 
"RS.index", "RS.n.solutions", "RS.generations", "RS.n.evaluations", 
"RS.cpu.time", "DF.cost", "DF.gamma", "DF.data.balancing", "DF.feature.selection", 
"DF.valid.acc", "DF.test.acc", "DF.train.time", "DF.n.support.vectors", 
"DF.index", "DF.n.solutions", "DF.generations", "DF.n.evaluations", 
"DF.cpu.time")))
