full <-
structure(c(50, 55, 60, 65, 70, 75, 80, 85, 90, 95, 100, 15, 
5.51915, 11.11776, 4.73741, 5.12297, 7.11723, 9.57803, 3.51856, 
10.88196, 15, 12.81061, -14.35373, -8.54431, -8.9261, -7.0805, 
-7.48191, -9.40097, -10.24264, -6.31675, -9.94392, -14.872, -11.97814, 
0, 0, 0, 0, 0, 0, 0, 0, 0, 0, 0, 0, 0, 0, 0, 0, 0, 0, 0, 0, 0, 
0, 0.70717, 0.71012, 0.71439, 0.71792, 0.71221, 0.71153, 0.71194, 
0.71562, 0.71696, 0.71118, 0.71212, 0.69845, 0.69825, 0.70464, 
0.71288, 0.70702, 0.70428, 0.70103, 0.70836, 0.70931, 0.70776, 
0.70847, 1.1364, 0.7251, 2.1238, 1.0086, 1.1547, 1.4054, 2.3352, 
1.5057, 4.5753, 2.9108, 5.3395, 674.7, 803.7, 803.2, 910.5, 985.5, 
1068.1, 1099.5, 1202.5, 1215.8, 1271.2, 1358.7, 686, 161, 721, 
1669, 2238, 1158, 1849, 1084, 2471, 1038, 1952, 1, 120, 59, 25, 
1, 85, 26, 51, 1, 2, 1, 100, 100, 100, 100, 100, 100, 100, 100, 
100, 100, 100, 2500, 2500, 2500, 2500, 2500, 2500, 2500, 2500, 
2500, 2500, 2500, 35275.405, 29480.122, 39494.555, 37333.764, 
56923.28, 49816.596, 76913.556, 141475.236, 117739.95, 104413.101, 
142108.393, 2.77878, 2.10707, 12.14765, 4.71605, 5.35435, 14.90726, 
9.63484, 3.33514, 7.061, 14.44823, 12.67081, -3.89542, -2.87256, 
-9.44038, -6.99584, -7.57992, -11.92943, -10.30915, -6.22686, 
-8.35706, -13.49649, -12.04829, 0, 0, 0, 0, 0, 0, 0, 0, 0, 0, 
0, 0, 0, 0, 0, 0, 0, 0, 0, 0, 0, 0, 0.70649, 0.70943, 0.715, 
0.71736, 0.71169, 0.71153, 0.71103, 0.71435, 0.71697, 0.7085, 
0.71139, 0.69779, 0.70148, 0.70646, 0.714, 0.70702, 0.70912, 
0.70057, 0.70794, 0.71173, 0.70661, 0.70811, 0.5541, 0.6889, 
2.7473, 1.0041, 1.1426, 4.5381, 2.4582, 1.5055, 2.146, 3.9283, 
5.0706, 727.1, 845.5, 802.8, 908.9, 981.1, 990.9, 1094.5, 1204.4, 
1235.3, 1276.8, 1361, 1365, 384, 1987, 1294, 173, 994, 982, 1167, 
528, 2434, 320, 1, 1, 2, 1, 1, 1, 2, 1, 1, 2, 1, 100, 100, 100, 
100, 100, 100, 100, 100, 100, 100, 100, 2500, 2500, 2500, 2500, 
2500, 2500, 2500, 2500, 2500, 2500, 2500, 39043.005, 47389.461, 
54923.839, 67140.745, 71697.045, 88678.211, 101163.127, 121232.128, 
128710.218, 140844.711, 170001.006, 1, 1, 1, 1, 1, 1, 1, 1, 1, 
1, 1, 0.03846, 0.03846, 0.03846, 0.03846, 0.03846, 0.03846, 0.03846, 
0.03846, 0.03846, 0.03846, 0.03846, 0, 0, 0, 0, 0, 0, 0, 0, 0, 
0, 0, 0, 0, 0, 0, 0, 0, 0, 0, 0, 0, 0, 0.70348, 0.70347, 0.70404, 
0.7056, 0.70186, 0.70573, 0.70193, 0.70454, 0.70164, 0.70088, 
0.70195, 0.70279, 0.70279, 0.69921, 0.70839, 0.69873, 0.70282, 
0.70056, 0.70283, 0.70245, 0.69899, 0.69941, 0.5462, 0.6306, 
0.7449, 0.8841, 1.0212, 1.1459, 1.2876, 1.4667, 1.5683, 1.7822, 
1.927, 774, 849.8, 919.6, 994.3, 1071.5, 1143, 1214.7, 1296.7, 
1358.7, 1431.5, 1502.6, 1, 1, 1, 1, 1, 1, 1, 1, 1, 1, 1, 1, 1, 
1, 1, 1, 1, 1, 1, 1, 1, 1, 1, 1, 1, 1, 1, 1, 1, 1, 1, 1, 1, 1, 
1, 1, 1, 1, 1, 1, 1, 1, 1, 1, 8.606, 9.543, 10.612, 12.425, 13.62, 
14.954, 16.576, 19.07, 19.828, 21.904, 23.317), .Dim = c(11L, 
40L), .Dimnames = list(NULL, c("Sampling", "PSO.cost", "PSO.gamma", 
"PSO.data.balancing", "PSO.feature.selection", "PSO.valid.acc", 
"PSO.test.acc", "PSO.train.time", "PSO.n.support.vectors", "PSO.index", 
"PSO.n.solutions", "PSO.generations", "PSO.n.evaluations", "PSO.cpu.time", 
"RS.cost", "RS.gamma", "RS.data.balancing", "RS.feature.selection", 
"RS.valid.acc", "RS.test.acc", "RS.train.time", "RS.n.support.vectors", 
"RS.index", "RS.n.solutions", "RS.generations", "RS.n.evaluations", 
"RS.cpu.time", "DF.cost", "DF.gamma", "DF.data.balancing", "DF.feature.selection", 
"DF.valid.acc", "DF.test.acc", "DF.train.time", "DF.n.support.vectors", 
"DF.index", "DF.n.solutions", "DF.generations", "DF.n.evaluations", 
"DF.cpu.time")))
