full <-
structure(c(50, 55, 60, 65, 70, 75, 80, 85, 90, 95, 100, 6.01789, 
14.95432, 7.4667, 15, 10.35771, 8.75979, 8.70165, 4.74074, 12.63336, 
13.33156, 2.91362, -8.37762, -13.37999, -9.09589, -14.35293, 
-9.27495, -11.23514, -11.08305, -6.91611, -11.02989, -10.09486, 
-3.8708, 0, 0, 0, 0, 0, 0, 0, 0, 0, 0, 0, 0, 0, 0, 0, 0, 0, 0, 
0, 0, 0, 0, 0.723, 0.72, 0.71249, 0.70614, 0.71735, 0.70763, 
0.7114, 0.71349, 0.71244, 0.71617, 0.71391, 0.71572, 0.70809, 
0.70949, 0.69945, 0.70799, 0.7023, 0.70326, 0.70495, 0.7084, 
0.70662, 0.70918, 0.6893, 1.7434, 1.1406, 1.7773, 2.7804, 1.7917, 
1.9379, 1.5842, 5.6569, 9.4769, 2.0924, 736.7, 751.8, 872.4, 
892.3, 969.4, 1103, 1171.9, 1199.9, 1220.6, 1275.1, 1429.5, 753, 
1492, 1011, 1724, 1415, 361, 977, 893, 1032, 1902, 1464, 10, 
4, 53, 1, 33, 28, 67, 51, 5, 1, 42, 100, 100, 100, 100, 100, 
100, 100, 100, 100, 100, 100, 2500, 2500, 2500, 2500, 2500, 2500, 
2500, 2500, 2500, 2500, 2500, 33156.077, 52071.187, 75489.079, 
66846.877, 88401.023, 60100.406, 63064.363, 53380.366, 151836.066, 
244223.071, 127536.666, 5.69264, 14.5801, 8.34682, 14.43306, 
10.72159, 8.05046, 8.8765, 4.74969, 12.88215, 12.8022, 14.48909, 
-8.21537, -13.36623, -7.0373, -13.62169, -9.58221, -8.82796, 
-11.45687, -6.56306, -11.14036, -9.8964, -11.27056, 0, 0, 0, 
0, 0, 0, 0, 0, 0, 0, 0, 0, 0, 0, 0, 0, 0, 0, 0, 0, 0, 0, 0.72227, 
0.71801, 0.71189, 0.70279, 0.71632, 0.70622, 0.71096, 0.71136, 
0.71163, 0.71502, 0.71209, 0.71863, 0.70677, 0.70344, 0.70112, 
0.70851, 0.70279, 0.70461, 0.70495, 0.708, 0.70586, 0.71172, 
0.6702, 1.6846, 1.376, 2.1462, 3.0113, 1.8733, 1.9562, 1.5542, 
5.8062, 8.7114, 9.0149, 736.2, 754.8, 842, 899.8, 968.6, 1049.9, 
1179.1, 1191.3, 1218.2, 1276.8, 1340.2, 1244, 1083, 1786, 60, 
348, 1980, 2441, 1372, 126, 1170, 2073, 1, 1, 3, 2, 1, 1, 1, 
2, 1, 1, 1, 100, 100, 100, 100, 100, 100, 100, 100, 100, 100, 
100, 2500, 2500, 2500, 2500, 2500, 2500, 2500, 2500, 2500, 2500, 
2500, 44978.653, 52613.418, 64542.18, 75633.69, 85058.882, 91025.439, 
116488.208, 117059.24, 131123.972, 144474.18, 167446.795, 1, 
1, 1, 1, 1, 1, 1, 1, 1, 1, 1, 0.03846, 0.03846, 0.03846, 0.03846, 
0.03846, 0.03846, 0.03846, 0.03846, 0.03846, 0.03846, 0.03846, 
0, 0, 0, 0, 0, 0, 0, 0, 0, 0, 0, 0, 0, 0, 0, 0, 0, 0, 0, 0, 0, 
0, 0.70263, 0.6922, 0.69858, 0.69387, 0.69866, 0.6956, 0.69966, 
0.70069, 0.70074, 0.69898, 0.70156, 0.70268, 0.68564, 0.70345, 
0.69497, 0.70176, 0.69367, 0.69966, 0.70197, 0.70276, 0.70128, 
0.70228, 0.5514, 0.677, 0.8022, 0.9332, 1.0413, 1.1895, 1.3213, 
1.4122, 1.648, 1.8165, 1.885, 800.3, 881.4, 955.2, 1028.3, 1097.3, 
1164.1, 1233.5, 1301.9, 1361, 1435.3, 1506.3, 1, 1, 1, 1, 1, 
1, 1, 1, 1, 1, 1, 1, 1, 1, 1, 1, 1, 1, 1, 1, 1, 1, 1, 1, 1, 1, 
1, 1, 1, 1, 1, 1, 1, 1, 1, 1, 1, 1, 1, 1, 1, 1, 1, 1, 8.564, 
9.858, 12.182, 14.098, 14.808, 16.239, 17.566, 18.64, 21.267, 
22.773, 22.773), .Dim = c(11L, 40L), .Dimnames = list(NULL, c("Sampling", 
"PSO.cost", "PSO.gamma", "PSO.data.balancing", "PSO.feature.selection", 
"PSO.valid.acc", "PSO.test.acc", "PSO.train.time", "PSO.n.support.vectors", 
"PSO.index", "PSO.n.solutions", "PSO.generations", "PSO.n.evaluations", 
"PSO.cpu.time", "RS.cost", "RS.gamma", "RS.data.balancing", "RS.feature.selection", 
"RS.valid.acc", "RS.test.acc", "RS.train.time", "RS.n.support.vectors", 
"RS.index", "RS.n.solutions", "RS.generations", "RS.n.evaluations", 
"RS.cpu.time", "DF.cost", "DF.gamma", "DF.data.balancing", "DF.feature.selection", 
"DF.valid.acc", "DF.test.acc", "DF.train.time", "DF.n.support.vectors", 
"DF.index", "DF.n.solutions", "DF.generations", "DF.n.evaluations", 
"DF.cpu.time")))
