full <-
structure(c(50, 55, 60, 65, 70, 75, 80, 85, 90, 95, 100, 4.24615, 
7.09892, 10.04243, 3.20971, 7.80988, 2.77172, 6.54444, 7.86693, 
11.08723, 6.15441, 2.32259, -9.10095, -7.87475, -9.17434, -3.39663, 
-9.32377, -7.35434, -7.96893, -8.3687, -11.61094, -8.04639, -3.2704, 
0, 0, 0, 0, 0, 0, 0, 0, 0, 0, 0, 0, 0, 0, 0, 0, 0, 0, 0, 0, 0, 
0, 0.70931, 0.71412, 0.71179, 0.71011, 0.71424, 0.71634, 0.721, 
0.71222, 0.70727, 0.71467, 0.715, 0.70711, 0.70551, 0.70091, 
0.70224, 0.71215, 0.71392, 0.71418, 0.71179, 0.70244, 0.71352, 
0.71026, 0.5792, 0.8837, 1.7392, 0.9184, 1.4466, 1.1869, 1.6794, 
2.2183, 3.8463, 2.2943, 2.0942, 794.5, 782.2, 835.3, 945.4, 994.6, 
1136.8, 1123, 1180.4, 1262.3, 1325.9, 1452.4, 636, 1174, 727, 
2163, 1122, 874, 866, 1187, 1156, 2368, 1105, 55, 16, 12, 1, 
3, 80, 122, 92, 73, 1, 26, 100, 100, 100, 100, 100, 100, 100, 
100, 100, 100, 100, 2500, 2500, 2500, 2500, 2500, 2500, 2500, 
2500, 2500, 2500, 2500, 23809.853, 31512.872, 52015.757, 41206.387, 
51297.034, 51049.664, 57596.1460000001, 85497.615, 105503.396, 
106613.387, 90143.791, 8.00381, 6.69247, 9.20353, 3.5478, 7.91894, 
2.83056, 6.16825, 7.37489, 10.56801, 1.74625, 6.50148, -8.5883, 
-7.49731, -9.04231, -3.6519, -9.43832, -7.33517, -7.77922, -8.1758, 
-11.44177, -3.01439, -8.24066, 0, 0, 0, 0, 0, 0, 0, 0, 0, 0, 
0, 0, 0, 0, 0, 0, 0, 0, 0, 0, 0, 0, 0.71002, 0.71346, 0.70999, 
0.70899, 0.71165, 0.71585, 0.72055, 0.71137, 0.70646, 0.7147, 
0.71463, 0.70493, 0.7055, 0.70332, 0.70671, 0.71111, 0.71392, 
0.71418, 0.71179, 0.70244, 0.70744, 0.71392, 0.8264, 0.8276, 
1.4713, 0.9361, 1.4275, 1.1832, 1.6497, 2.0717, 3.5151, 1.8531, 
2.5742, 708.4, 781.6, 841.6, 937.1, 997.5, 1131.6, 1126.6, 1184.6, 
1273.9, 1402.1, 1391.3, 1081, 298, 1197, 260, 1866, 1511, 905, 
95, 2254, 366, 1476, 1, 4, 2, 1, 1, 2, 4, 2, 1, 1, 1, 100, 100, 
100, 100, 100, 100, 100, 100, 100, 100, 100, 2500, 2500, 2500, 
2500, 2500, 2500, 2500, 2500, 2500, 2500, 2500, 42369.026, 50318.215, 
58541.085, 68854.205, 78819.926, 87574.259, 106862.086, 117003.39, 
141106.069, 145438.538, 169212.039, 1, 1, 1, 1, 1, 1, 1, 1, 1, 
1, 1, 0.03846, 0.03846, 0.03846, 0.03846, 0.03846, 0.03846, 0.03846, 
0.03846, 0.03846, 0.03846, 0.03846, 0, 0, 0, 0, 0, 0, 0, 0, 0, 
0, 0, 0, 0, 0, 0, 0, 0, 0, 0, 0, 0, 0, 0.69767, 0.70152, 0.70455, 
0.70004, 0.70387, 0.71005, 0.70831, 0.70112, 0.70081, 0.70322, 
0.70229, 0.70131, 0.70281, 0.70093, 0.70062, 0.70489, 0.71295, 
0.70603, 0.69984, 0.69799, 0.70245, 0.69865, 0.5584, 0.6593, 
0.7958, 0.8832, 1.0112, 1.171, 1.3046, 1.5081, 1.6117, 1.8374, 
1.9875, 797, 874, 942.5, 1007.8, 1077.1, 1144.7, 1224.8, 1301.1, 
1374.3, 1438.8, 1507.6, 1, 1, 1, 1, 1, 1, 1, 1, 1, 1, 1, 1, 1, 
1, 1, 1, 1, 1, 1, 1, 1, 1, 1, 1, 1, 1, 1, 1, 1, 1, 1, 1, 1, 1, 
1, 1, 1, 1, 1, 1, 1, 1, 1, 1, 8.85, 10.068, 11.509, 12.243, 13.765, 
15.416, 16.948, 18.976, 20.139, 22.535, 23.875), .Dim = c(11L, 
40L), .Dimnames = list(NULL, c("Sampling", "PSO.cost", "PSO.gamma", 
"PSO.data.balancing", "PSO.feature.selection", "PSO.valid.acc", 
"PSO.test.acc", "PSO.train.time", "PSO.n.support.vectors", "PSO.index", 
"PSO.n.solutions", "PSO.generations", "PSO.n.evaluations", "PSO.cpu.time", 
"RS.cost", "RS.gamma", "RS.data.balancing", "RS.feature.selection", 
"RS.valid.acc", "RS.test.acc", "RS.train.time", "RS.n.support.vectors", 
"RS.index", "RS.n.solutions", "RS.generations", "RS.n.evaluations", 
"RS.cpu.time", "DF.cost", "DF.gamma", "DF.data.balancing", "DF.feature.selection", 
"DF.valid.acc", "DF.test.acc", "DF.train.time", "DF.n.support.vectors", 
"DF.index", "DF.n.solutions", "DF.generations", "DF.n.evaluations", 
"DF.cpu.time")))
