full <-
structure(c(50, 55, 60, 65, 70, 75, 80, 85, 90, 95, 100, 12.25159, 
8.72272, 11.43421, 13.96361, 2.3011, 4.45505, 13.81462, 11.99949, 
5.11593, 0.49005, 0.97526, -3.10724, -3.82911, -6.14763, -8.85119, 
-1.18556, -1.82431, -6.559, -11.97358, -1.01727, -1.32044, -2.33384, 
0, 0, 0, 0, 0, 0, 0, 0, 0, 0, 0, 0, 0, 0, 0, 0, 0, 0, 0, 0, 0, 
0, 0.64794, 0.67535, 0.65531, 0.66302, 0.70665, 0.66094, 0.71901, 
0.66567, 0.65337, 0.68017, 0.71896, 0.6343, 0.63646, 0.70092, 
0.662, 0.70763, 0.66776, 0.72695, 0.66015, 0.64736, 0.66964, 
0.68649, 0.0143, 0.0141, 0.0237, 0.0225, 0.0216, 0.0168, 0.0395, 
0.0193, 0.0209, 0.0205, 0.0201, 69.6, 72.6, 74.5, 82.6, 107.5, 
108.3, 90.3, 111.4, 127.3, 140.8, 139.3, 4, 5, 3, 5, 3, 2, 4, 
4, 1, 4, 4, 1, 1, 1, 1, 1, 1, 1, 1, 1, 1, 1, 2, 2, 2, 2, 2, 2, 
2, 2, 2, 2, 2, 6, 6, 6, 6, 6, 6, 6, 6, 6, 6, 6, 13.051, 13.334, 
16.103, 15.863, 15.321, 14.232, 15.689, 13.325, 13.866, 13.412, 
13.855, 9.35898, 2.83505, 2.85885, 3.95171, 10.18605, 11.25511, 
14.65082, 13.17708, 2.91931, 2.12067, 1.22005, -2.53513, -3.81113, 
-0.59394, -0.9574, -1.88683, -8.55793, -11.46595, -6.94178, -2.18376, 
-4.26437, -2.26654, 0, 0, 0, 0, 0, 0, 0, 0, 0, 0, 0, 0, 0, 0, 
0, 0, 0, 0, 0, 0, 0, 0, 0.63794, 0.63304, 0.69505, 0.70086, 0.65389, 
0.67735, 0.6774, 0.66994, 0.68815, 0.70128, 0.71874, 0.65339, 
0.6107, 0.68681, 0.67167, 0.62378, 0.69017, 0.6897, 0.68767, 
0.6795, 0.68479, 0.68195, 0.0144, 0.0153, 0.0194, 0.0222, 0.0176, 
0.0248, 0.0227, 0.0294, 0.0182, 0.0185, 0.0162, 72.2, 82, 92.9, 
99.3, 98.7, 96.7, 100.8, 95.9, 126.2, 130.1, 139.1, 3, 1, 2, 
6, 6, 6, 6, 5, 3, 4, 4, 1, 1, 1, 1, 1, 1, 1, 1, 1, 1, 1, 2, 2, 
2, 2, 2, 2, 2, 2, 2, 2, 2, 6, 6, 6, 6, 6, 6, 6, 6, 6, 6, 6, 13.173, 
13.617, 16.138, 16.711, 13.253, 15.776, 15.259, 13.522, 12.683, 
13.833, 12.443), .Dim = c(11L, 27L), .Dimnames = list(NULL, c("Sampling", 
"RS.cost", "RS.gamma", "RS.data.balancing", "RS.feature.selection", 
"RS.valid.acc", "RS.test.acc", "RS.train.time", "RS.n.support.vectors", 
"RS.index", "RS.n.solutions", "RS.generations", "RS.n.evaluations", 
"RS.cpu.time", "RS.cost", "RS.gamma", "RS.data.balancing", "RS.feature.selection", 
"RS.valid.acc", "RS.test.acc", "RS.train.time", "RS.n.support.vectors", 
"RS.index", "RS.n.solutions", "RS.generations", "RS.n.evaluations", 
"RS.cpu.time")))
