full <-
structure(c(50, 55, 60, 65, 70, 75, 80, 85, 90, 95, 100, 6.39521, 
2.30934, 1.03798, 12.21127, 10.61316, 7.75989, 6.35102, 11.31845, 
10.73315, 9.06541, 5.35905, -4.35587, -0.21846, -2.65655, -8.66077, 
-7.06639, -5.62145, -4.28731, -8.97143, -2.75956, -5.71073, -2.76162, 
0, 0, 0, 0, 0, 0, 0, 0, 0, 0, 0, 0, 0, 0, 0, 0, 0, 0, 0, 0, 0, 
0, 0.72447, 0.71499, 0.69989, 0.73885, 0.69497, 0.70399, 0.73077, 
0.73028, 0.69026, 0.71717, 0.67975, 0.71212, 0.6824, 0.68794, 
0.67577, 0.70456, 0.67857, 0.70503, 0.70306, 0.65365, 0.69973, 
0.67926, 0.0135, 0.0146, 0.0069, 0.0091, 0.0105, 0.0085, 0.008, 
0.0104, 0.0103, 0.0106, 0.0145, 65.2, 82.1, 88.5, 79.2, 86.9, 
95.5, 99.8, 106.4, 105.7, 111.7, 120.7, 1, 3, 5, 1, 5, 4, 5, 
6, 1, 3, 4, 1, 1, 1, 1, 1, 1, 1, 1, 1, 1, 1, 2, 2, 2, 2, 2, 2, 
2, 2, 2, 2, 2, 6, 6, 6, 6, 6, 6, 6, 6, 6, 6, 6, 12.476, 12.978, 
9.827, 9.197, 9.44800000000001, 9.17999999999999, 9.08800000000002, 
9.25, 9.13899999999998, 9.19499999999999, 10.264, 13.09433, 3.04584, 
14.59964, 6.80687, 4.13408, 7.40244, 12.50867, 8.81574, 4.69834, 
9.62035, 14.95574, -9.91346, -0.76086, -10.17862, -2.92688, -1.19789, 
-5.4765, -4.89525, -3.45012, -4.26741, -6.28812, -9.50061, 0, 
0, 0, 0, 0, 0, 0, 0, 0, 0, 0, 0, 0, 0, 0, 0, 0, 0, 0, 0, 0, 0, 
0.77045, 0.70499, 0.7238, 0.71161, 0.65503, 0.69218, 0.68981, 
0.73649, 0.705, 0.70288, 0.72698, 0.78538, 0.67331, 0.72138, 
0.7144, 0.68139, 0.67899, 0.69997, 0.69404, 0.67921, 0.70332, 
0.68993, 0.0138, 0.015, 0.0113, 0.008, 0.0096, 0.0079, 0.0146, 
0.0099, 0.0091, 0.01, 0.0355, 63.5, 80, 73.3, 81.2, 99.5, 96.4, 
85.6, 99.3, 116.6, 111.9, 112.3, 3, 3, 3, 3, 5, 6, 2, 2, 6, 4, 
1, 1, 1, 1, 1, 1, 1, 1, 1, 1, 1, 1, 2, 2, 2, 2, 2, 2, 2, 2, 2, 
2, 2, 6, 6, 6, 6, 6, 6, 6, 6, 6, 6, 6, 12.966, 12.431, 9.34700000000001, 
9.395, 9.46499999999999, 9.14100000000001, 9.02600000000001, 
9.16, 9.04900000000001, 9.232, 9.73000000000002), .Dim = c(11L, 
27L), .Dimnames = list(NULL, c("Sampling", "RS.cost", "RS.gamma", 
"RS.data.balancing", "RS.feature.selection", "RS.valid.acc", 
"RS.test.acc", "RS.train.time", "RS.n.support.vectors", "RS.index", 
"RS.n.solutions", "RS.generations", "RS.n.evaluations", "RS.cpu.time", 
"RS.cost", "RS.gamma", "RS.data.balancing", "RS.feature.selection", 
"RS.valid.acc", "RS.test.acc", "RS.train.time", "RS.n.support.vectors", 
"RS.index", "RS.n.solutions", "RS.generations", "RS.n.evaluations", 
"RS.cpu.time")))
