full <-
structure(c(50, 55, 60, 65, 70, 75, 80, 85, 90, 95, 100, 8.08789, 
14.6919, 9.61047, 13.9546, 1.76015, 3.15899, 1.1465, 10.1909, 
9.36439, 10.03555, -0.0242, -6.91423, -3.15394, -1.06923, -9.52123, 
-1.93583, -5.28349, -1.68737, -7.8195, -4.44608, -8.08077, -1.72211, 
0, 0, 0, 0, 0, 0, 0, 0, 0, 0, 0, 0, 0, 0, 0, 0, 0, 0, 0, 0, 0, 
0, 0.70167, 0.71279, 0.75286, 0.74918, 0.7212, 0.7289, 0.68496, 
0.70669, 0.7095, 0.72864, 0.68604, 0.70167, 0.71203, 0.73229, 
0.70332, 0.71447, 0.72228, 0.67871, 0.68308, 0.6772, 0.71381, 
0.69558, 0.0127, 0.0149, 0.0182, 0.0259, 0.0186, 0.0158, 0.0251, 
0.0189, 0.0209, 0.0209, 0.0214, 64.2, 71.5, 87.6, 77.2, 102, 
104.5, 114.7, 103.3, 100.8, 113.4, 145.1, 3, 6, 6, 3, 4, 6, 4, 
3, 1, 3, 5, 1, 1, 1, 1, 1, 1, 1, 1, 1, 1, 1, 2, 2, 2, 2, 2, 2, 
2, 2, 2, 2, 2, 6, 6, 6, 6, 6, 6, 6, 6, 6, 6, 6, 12.67, 13.249, 
15.385, 16.122, 16.267, 13.937, 15.708, 13.387, 13.814, 13.171, 
13.604, 11.30158, 10.55162, 8.02733, 13.97115, 8.83857, 7.43645, 
12.7172, 8.00941, 6.87407, 1.71725, 10.1313, -8.54288, -5.1804, 
-4.0378, -13.09628, -2.21431, -7.37863, -8.03255, -5.36048, -3.67459, 
-4.22844, -10.37842, 0, 0, 0, 0, 0, 0, 0, 0, 0, 0, 0, 0, 0, 0, 
0, 0, 0, 0, 0, 0, 0, 0, 0.72, 0.74634, 0.73653, 0.67283, 0.64712, 
0.72853, 0.71566, 0.70943, 0.68312, 0.69589, 0.66087, 0.70167, 
0.67449, 0.72735, 0.67077, 0.70118, 0.70431, 0.70455, 0.70225, 
0.68384, 0.73046, 0.64247, 0.014, 0.0161, 0.0165, 0.0218, 0.017, 
0.0167, 0.0227, 0.0186, 0.0179, 0.018, 0.0187, 62.6, 65.3, 73.6, 
84.6, 91.3, 95, 93, 102.4, 108.9, 130.8, 128, 6, 2, 5, 3, 3, 
4, 6, 3, 5, 6, 6, 1, 1, 1, 1, 1, 1, 1, 1, 1, 1, 1, 2, 2, 2, 2, 
2, 2, 2, 2, 2, 2, 2, 6, 6, 6, 6, 6, 6, 6, 6, 6, 6, 6, 13.13, 
13.404, 15.861, 16.437, 13.25, 15.206, 15.6, 13.354, 12.867, 
13.697, 12.944), .Dim = c(11L, 27L), .Dimnames = list(NULL, c("Sampling", 
"RS.cost", "RS.gamma", "RS.data.balancing", "RS.feature.selection", 
"RS.valid.acc", "RS.test.acc", "RS.train.time", "RS.n.support.vectors", 
"RS.index", "RS.n.solutions", "RS.generations", "RS.n.evaluations", 
"RS.cpu.time", "RS.cost", "RS.gamma", "RS.data.balancing", "RS.feature.selection", 
"RS.valid.acc", "RS.test.acc", "RS.train.time", "RS.n.support.vectors", 
"RS.index", "RS.n.solutions", "RS.generations", "RS.n.evaluations", 
"RS.cpu.time")))
