full <-
structure(c(50, 55, 60, 65, 70, 75, 80, 85, 90, 95, 100, 9.83267, 
0.77741, 1.07805, 1.31591, 12.75866, 7.7099, 3.03857, 3.59328, 
0.59251, 6.29623, 3.00092, -3.31089, -4.34015, -4.6644, -3.24294, 
-2.94463, -2.91154, -5.76736, -3.27593, -2.7634, -2.02563, -7.10832, 
0, 0, 0, 0, 0, 0, 0, 0, 0, 0, 0, 0, 0, 0, 0, 0, 0, 0, 0, 0, 0, 
0, 0.96602, 0.96906, 0.97032, 0.97016, 0.97117, 0.96938, 0.9703, 
0.97158, 0.97184, 0.97039, 0.97152, 0.96287, 0.96619, 0.96967, 
0.96772, 0.9706, 0.96938, 0.96833, 0.97065, 0.97052, 0.96956, 
0.97152, 1.0577, 0.6494, 0.6081, 1.9229, 3.2576, 4.1404, 0.6585, 
3.5842, 6.5731, 6.7898, 0.8461, 712.6, 348.8, 265, 900.4, 1109.1, 
1191, 204.7, 1094.7, 1483.5, 1865.7, 203.8, 89, 657, 2393, 1075, 
106, 43, 1485, 53, 94, 177, 40, 935, 533, 63, 30, 1089, 1002, 
13, 1120, 413, 196, 178, 100, 100, 100, 100, 100, 100, 100, 100, 
100, 100, 100, 2500, 2500, 2500, 2500, 2500, 2500, 2500, 2500, 
2500, 2500, 2500, 34285.023, 31490.241, 46422.517, 77785.979, 
100682.058, 111358.789, 64017.426, 95224.808, 134301.34, 143919.461, 
56317.673, 11.74693, 0.58164, 1.30937, 11.03173, 13.05867, 7.97403, 
9.32445, 8.28137, 0.63048, 8.80854, 2.28192, -3.29997, -4.06721, 
-4.35021, -13.60863, -2.97348, -2.89258, -10.61948, -3.24795, 
-3.21551, -11.07596, -6.67639, 0, 0, 0, 0, 0, 0, 0, 0, 0, 0, 
0, 0, 0, 0, 0, 0, 0, 0, 0, 0, 0, 0, 0.96602, 0.96906, 0.969, 
0.96955, 0.97117, 0.96938, 0.97031, 0.97158, 0.97184, 0.97039, 
0.97152, 0.96287, 0.96834, 0.96835, 0.9665, 0.9706, 0.96938, 
0.96635, 0.97111, 0.9714, 0.96956, 0.97152, 1.0681, 0.8304, 0.7514, 
0.3813, 3.8738, 4.0561, 0.6128, 3.9787, 3.9821, 0.7752, 0.8734, 
716.3, 449.2, 346.2, 110.3, 1095.2, 1200.8, 154, 1114, 1198.8, 
169.3, 212.6, 622, 1278, 430, 143, 39, 4, 1222, 63, 2226, 85, 
68, 11, 2, 15, 30, 8, 22, 1, 22, 28, 2, 30, 100, 100, 100, 100, 
100, 100, 100, 100, 100, 100, 100, 2500, 2500, 2500, 2500, 2500, 
2500, 2500, 2500, 2500, 2500, 2500, 25319.183, 36596.002, 46838.533, 
42192.255, 60690.286, 63902.716, 68979.92, 77495.112, 83832.0559999999, 
94680.6960000002, 105821.95, 1, 1, 1, 1, 1, 1, 1, 1, 1, 1, 1, 
0.01389, 0.01389, 0.01389, 0.01389, 0.01389, 0.01389, 0.01389, 
0.01389, 0.01389, 0.01389, 0.01389, 0, 0, 0, 0, 0, 0, 0, 0, 0, 
0, 0, 0, 0, 0, 0, 0, 0, 0, 0, 0, 0, 0, 0.96363, 0.96475, 0.96768, 
0.96894, 0.9689, 0.96832, 0.96882, 0.96972, 0.9714, 0.96998, 
0.97112, 0.96363, 0.96475, 0.96768, 0.96894, 0.9689, 0.96832, 
0.96882, 0.96972, 0.9714, 0.96998, 0.97112, 0.2586, 0.3573, 0.4011, 
0.4147, 0.5395, 0.5805, 0.6176, 0.6798, 0.7098, 0.8764, 0.895, 
131.7, 143.6, 146.9, 156.7, 176.7, 182.1, 191.9, 190.9, 195.9, 
218.3, 225.2, 1, 1, 1, 1, 1, 1, 1, 1, 1, 1, 1, 1, 1, 1, 1, 1, 
1, 1, 1, 1, 1, 1, 1, 1, 1, 1, 1, 1, 1, 1, 1, 1, 1, 1, 1, 1, 1, 
1, 1, 1, 1, 1, 1, 1, 5.546, 6.914, 7.362, 7.318, 8.768, 9.247, 
9.812, 10.459, 10.491, 12.845, 12.974), .Dim = c(11L, 40L), .Dimnames = list(
    NULL, c("Sampling", "PSO.cost", "PSO.gamma", "PSO.data.balancing", 
    "PSO.feature.selection", "PSO.valid.acc", "PSO.test.acc", 
    "PSO.train.time", "PSO.n.support.vectors", "PSO.index", "PSO.n.solutions", 
    "PSO.generations", "PSO.n.evaluations", "PSO.cpu.time", "RS.cost", 
    "RS.gamma", "RS.data.balancing", "RS.feature.selection", 
    "RS.valid.acc", "RS.test.acc", "RS.train.time", "RS.n.support.vectors", 
    "RS.index", "RS.n.solutions", "RS.generations", "RS.n.evaluations", 
    "RS.cpu.time", "DF.cost", "DF.gamma", "DF.data.balancing", 
    "DF.feature.selection", "DF.valid.acc", "DF.test.acc", "DF.train.time", 
    "DF.n.support.vectors", "DF.index", "DF.n.solutions", "DF.generations", 
    "DF.n.evaluations", "DF.cpu.time")))
