full <-
structure(c(50, 55, 60, 65, 70, 75, 80, 85, 90, 95, 100, 5.23373, 
3.31264, 0.68769, 2.23795, 1.14315, 3.69667, 0.68529, 13.92718, 
0.81231, 0.64982, 0.63787, -3.25421, -3.74905, -4.35781, -4.12494, 
-4.72507, -3.75488, -4.4563, -2.82032, -3.76181, -3.60857, -3.82629, 
0, 0, 0, 0, 0, 0, 0, 0, 0, 0, 0, 0, 0, 0, 0, 0, 0, 0, 0, 0, 0, 
0, 0.97152, 0.97267, 0.97495, 0.97503, 0.97511, 0.9736, 0.9703, 
0.97065, 0.97007, 0.97165, 0.97232, 0.96993, 0.97124, 0.97429, 
0.97259, 0.97341, 0.97096, 0.96932, 0.97065, 0.96919, 0.96998, 
0.97152, 1.0103, 0.9227, 0.8186, 1.1694, 0.8352, 1.6319, 1.1337, 
4.6695, 2.6665, 3.0335, 2.5344, 707.9, 537.9, 387.4, 472.6, 334.7, 
664.9, 458.4, 1377.4, 855.7, 973.6, 850.4, 44, 39, 2190, 1377, 
1720, 351, 120, 236, 7, 88, 774, 681, 1181, 8, 37, 204, 226, 
423, 739, 257, 219, 39, 100, 100, 100, 100, 100, 100, 100, 100, 
100, 100, 100, 2500, 2500, 2500, 2500, 2500, 2500, 2500, 2500, 
2500, 2500, 2500, 32171.955, 36907.814, 44180.773, 64460.605, 
49741.839, 76671.527, 62424.607, 139296.875, 120706.863, 86966.0919999999, 
128030.675, 11.06603, 5.05129, 1.16527, 2.1466, 1.03719, 4.50531, 
0.55083, 4.10899, 0.53928, 8.65572, 3.27376, -3.2914, -3.64452, 
-4.61023, -3.96471, -4.53901, -3.74739, -4.49724, -2.82954, -4.54991, 
-10.75499, -3.1356, 0, 0, 0, 0, 0, 0, 0, 0, 0, 0, 0, 0, 0, 0, 
0, 0, 0, 0, 0, 0, 0, 0, 0.97152, 0.97267, 0.97428, 0.97443, 0.97511, 
0.9736, 0.9703, 0.97065, 0.97007, 0.97206, 0.97231, 0.96993, 
0.97124, 0.97297, 0.97198, 0.97341, 0.97096, 0.96832, 0.97018, 
0.96963, 0.97039, 0.97033, 1.0056, 1.0806, 0.7056, 1.2367, 0.9204, 
1.634, 1.1536, 4.8325, 1.2709, 0.7298, 5.2703, 692.4, 587.2, 
322.1, 540.2, 388.2, 670.5, 443.7, 1372.2, 460.2, 164.3, 1349.1, 
414, 265, 432, 2093, 2159, 156, 238, 388, 2242, 1865, 145, 19, 
17, 2, 1, 1, 3, 3, 2, 36, 1, 2, 100, 100, 100, 100, 100, 100, 
100, 100, 100, 100, 100, 2500, 2500, 2500, 2500, 2500, 2500, 
2500, 2500, 2500, 2500, 2500, 26061.783, 37867.171, 46393.693, 
57334.469, 60858.753, 65699.6730000001, 63320.491, 76186.8419999999, 
79753.399, 84054.2780000002, 94402.1530000002, 1, 1, 1, 1, 1, 
1, 1, 1, 1, 1, 1, 0.01389, 0.01389, 0.01389, 0.01389, 0.01389, 
0.01389, 0.01389, 0.01389, 0.01389, 0.01389, 0.01389, 0, 0, 0, 
0, 0, 0, 0, 0, 0, 0, 0, 0, 0, 0, 0, 0, 0, 0, 0, 0, 0, 0, 0.96915, 
0.96979, 0.97165, 0.972, 0.97116, 0.96991, 0.96882, 0.96925, 
0.96963, 0.97081, 0.97113, 0.96915, 0.96979, 0.97165, 0.972, 
0.97116, 0.96991, 0.96882, 0.96925, 0.96963, 0.97081, 0.97113, 
0.2734, 0.3671, 0.4209, 0.486, 0.5421, 0.5235, 0.5629, 0.6402, 
0.6963, 0.7339, 0.8172, 139.6, 142.9, 146.8, 154.1, 167.5, 172.7, 
191, 199.1, 211.4, 217.4, 225.5, 1, 1, 1, 1, 1, 1, 1, 1, 1, 1, 
1, 1, 1, 1, 1, 1, 1, 1, 1, 1, 1, 1, 1, 1, 1, 1, 1, 1, 1, 1, 1, 
1, 1, 1, 1, 1, 1, 1, 1, 1, 1, 1, 1, 1, 5.944, 7.541, 8.228, 9.016, 
9.694, 8.965, 9.138, 9.823, 10.465, 10.794, 11.821), .Dim = c(11L, 
40L), .Dimnames = list(NULL, c("Sampling", "PSO.cost", "PSO.gamma", 
"PSO.data.balancing", "PSO.feature.selection", "PSO.valid.acc", 
"PSO.test.acc", "PSO.train.time", "PSO.n.support.vectors", "PSO.index", 
"PSO.n.solutions", "PSO.generations", "PSO.n.evaluations", "PSO.cpu.time", 
"RS.cost", "RS.gamma", "RS.data.balancing", "RS.feature.selection", 
"RS.valid.acc", "RS.test.acc", "RS.train.time", "RS.n.support.vectors", 
"RS.index", "RS.n.solutions", "RS.generations", "RS.n.evaluations", 
"RS.cpu.time", "DF.cost", "DF.gamma", "DF.data.balancing", "DF.feature.selection", 
"DF.valid.acc", "DF.test.acc", "DF.train.time", "DF.n.support.vectors", 
"DF.index", "DF.n.solutions", "DF.generations", "DF.n.evaluations", 
"DF.cpu.time")))
