full <-
structure(c(50, 55, 60, 65, 70, 75, 80, 85, 90, 95, 100, 1, 8.96903, 
1.15225, 12.23547, 1.32653, 1.08548, 7.22636, 0.86451, 7.24331, 
0.44485, 3.31288, 0.01389, -12.47753, -3.99244, -14.25616, -4.52626, 
-4.78011, -3.25414, -5.22426, -9.33573, -2.71646, -6.58769, 0, 
0, 0, 0, 0, 0, 0, 0, 0, 0, 0, 0, 0, 0, 0, 0, 0, 0, 0, 0, 0, 0, 
0.97391, 0.97194, 0.97297, 0.97382, 0.97455, 0.97098, 0.97229, 
0.97344, 0.97272, 0.97248, 0.97192, 0.97391, 0.97122, 0.97164, 
0.96835, 0.97115, 0.97045, 0.9708, 0.97298, 0.97227, 0.97206, 
0.97033, 0.248, 0.3095, 1.152, 0.4128, 1.0474, 0.9299, 2.8653, 
1.0576, 0.8456, 9.3703, 0.9672, 119.1, 92.6, 550.3, 102.6, 372, 
318.8, 1077.3, 235.6, 161.9, 1589.9, 215.5, 1, 158, 1256, 2418, 
79, 306, 298, 484, 1386, 2, 1585, 1970, 202, 68, 1, 123, 226, 
807, 130, 26, 473, 13, 100, 100, 100, 100, 100, 100, 100, 100, 
100, 100, 100, 2500, 2500, 2500, 2500, 2500, 2500, 2500, 2500, 
2500, 2500, 2500, 29379.817, 23508.336, 38406.91, 48535.449, 
67675.433, 54019.419, 77394.079, 136053.352, 104780.915, 216667.451, 
83544.1270000001, 9.82976, 11.77427, 1.20847, 12.69601, 2.08747, 
1.35994, 13.01799, 0.36245, 5.30551, 8.10129, 12.21878, -1.69998, 
-14.93798, -3.92232, -14.56468, -5.5072, -5.3788, -3.24794, -4.80127, 
-8.14241, -2.13474, -12.83857, 0, 0, 0, 0, 0, 0, 0, 0, 0, 0, 
0, 0, 0, 0, 0, 0, 0, 0, 0, 0, 0, 0, 0.97391, 0.97194, 0.97297, 
0.97321, 0.97399, 0.97098, 0.97229, 0.97344, 0.97272, 0.97248, 
0.97153, 0.97391, 0.97122, 0.97164, 0.96834, 0.97229, 0.97045, 
0.9708, 0.97251, 0.97227, 0.97206, 0.97073, 1.4079, 0.2994, 1.1639, 
0.4233, 0.6005, 0.6769, 2.7773, 1.3419, 0.8415, 10.0725, 1.1289, 
1002.8, 90.7, 576.4, 101.8, 180.9, 216.2, 1081, 317.6, 171.2, 
1846.8, 167.3, 1, 28, 108, 1034, 774, 283, 897, 8, 599, 251, 
486, 1594, 12, 1, 2, 1, 4, 1, 23, 7, 45, 2, 100, 100, 100, 100, 
100, 100, 100, 100, 100, 100, 100, 2500, 2500, 2500, 2500, 2500, 
2500, 2500, 2500, 2500, 2500, 2500, 25571.889, 35272.529, 47422.479, 
48080.007, 65265.159, 65552.4889999999, 61153.892, 121839.209, 
127186.299, 132138.494, 106068.981, 1, 1, 1, 1, 1, 1, 1, 1, 1, 
1, 1, 0.01389, 0.01389, 0.01389, 0.01389, 0.01389, 0.01389, 0.01389, 
0.01389, 0.01389, 0.01389, 0.01389, 0, 0, 0, 0, 0, 0, 0, 0, 0, 
0, 0, 0, 0, 0, 0, 0, 0, 0, 0, 0, 0, 0, 0.97391, 0.97122, 0.97231, 
0.97199, 0.97229, 0.97044, 0.97129, 0.97298, 0.97227, 0.97206, 
0.97113, 0.97391, 0.97122, 0.97231, 0.97199, 0.97229, 0.97044, 
0.97129, 0.97298, 0.97227, 0.97206, 0.97113, 0.2519, 0.3216, 
0.3897, 0.4217, 0.533, 0.5534, 0.569, 0.8796, 0.8922, 0.9673, 
0.8191, 119.1, 131.1, 140, 142.9, 156.9, 179.8, 184.1, 186, 203.6, 
218.8, 220.9, 1, 1, 1, 1, 1, 1, 1, 1, 1, 1, 1, 1, 1, 1, 1, 1, 
1, 1, 1, 1, 1, 1, 1, 1, 1, 1, 1, 1, 1, 1, 1, 1, 1, 1, 1, 1, 1, 
1, 1, 1, 1, 1, 1, 1, 5.62, 6.411, 7.182, 7.663, 8.877, 8.683, 
8.942, 14.288, 13.786, 14.757, 11.806), .Dim = c(11L, 40L), .Dimnames = list(
    NULL, c("Sampling", "PSO.cost", "PSO.gamma", "PSO.data.balancing", 
    "PSO.feature.selection", "PSO.valid.acc", "PSO.test.acc", 
    "PSO.train.time", "PSO.n.support.vectors", "PSO.index", "PSO.n.solutions", 
    "PSO.generations", "PSO.n.evaluations", "PSO.cpu.time", "RS.cost", 
    "RS.gamma", "RS.data.balancing", "RS.feature.selection", 
    "RS.valid.acc", "RS.test.acc", "RS.train.time", "RS.n.support.vectors", 
    "RS.index", "RS.n.solutions", "RS.generations", "RS.n.evaluations", 
    "RS.cpu.time", "DF.cost", "DF.gamma", "DF.data.balancing", 
    "DF.feature.selection", "DF.valid.acc", "DF.test.acc", "DF.train.time", 
    "DF.n.support.vectors", "DF.index", "DF.n.solutions", "DF.generations", 
    "DF.n.evaluations", "DF.cpu.time")))
