full <-
structure(c(50, 55, 60, 65, 70, 75, 80, 85, 90, 95, 100, 8.60525, 
8.67079, 1.24199, 1.31858, 4.62998, 4.09382, 6.83616, 8.07051, 
1.12627, 0.60892, 7.48885, -2.90382, -3.02374, -4.19224, -3.29859, 
-3.58318, -3.38031, -3.08179, -2.97297, -3.71216, -3.25835, -9.76154, 
0, 0, 0, 0, 0, 0, 0, 0, 0, 0, 0, 0, 0, 0, 0, 0, 0, 0, 0, 0, 0, 
0, 0.96914, 0.97053, 0.97297, 0.97138, 0.97229, 0.97255, 0.97425, 
0.96972, 0.97184, 0.97123, 0.97191, 0.96914, 0.96838, 0.97099, 
0.97016, 0.97003, 0.96991, 0.97327, 0.96879, 0.96876, 0.96998, 
0.97033, 1.1519, 1.5157, 0.8788, 1.9801, 1.8764, 2.3301, 2.6949, 
5.1838, 2.5291, 6.6458, 0.8459, 862.7, 898.8, 436.1, 895.1, 774.7, 
917.1, 1139.5, 1294.2, 849, 1232.2, 177.7, 22, 2, 512, 531, 18, 
451, 34, 40, 1635, 1643, 63, 655, 1043, 28, 247, 1104, 250, 1094, 
975, 28, 29, 75, 100, 100, 100, 100, 100, 100, 100, 100, 100, 
100, 100, 2500, 2500, 2500, 2500, 2500, 2500, 2500, 2500, 2500, 
2500, 2500, 33321.471, 45532.221, 35230.893, 55436.995, 55292.416, 
72005.447, 78039.4770000001, 142275.225, 109620.405, 146098.352, 
114112.128, 5.81078, 2.84258, 1.31807, 1.35825, 8.38831, 0.91285, 
5.20532, 12.37283, 0.22843, 0.53414, 12.92352, -2.95195, -3.02114, 
-4.21322, -2.80061, -3.58007, -3.9957, -3.09535, -2.95446, -3.72048, 
-3.17326, -2.55094, 0, 0, 0, 0, 0, 0, 0, 0, 0, 0, 0, 0, 0, 0, 
0, 0, 0, 0, 0, 0, 0, 0, 0.96914, 0.97053, 0.97297, 0.97077, 0.97229, 
0.97255, 0.97425, 0.96972, 0.97095, 0.97081, 0.97152, 0.96914, 
0.96838, 0.97099, 0.97016, 0.97003, 0.97096, 0.97327, 0.96832, 
0.97007, 0.96998, 0.97073, 1.1238, 1.522, 0.9626, 2.461, 1.904, 
1.285, 2.481, 5.4622, 2.5454, 6.3132, 8.2628, 849.3, 899.9, 422.3, 
1117, 776.6, 569.1, 1131.5, 1305.2, 839.9, 1286, 1760.1, 9, 230, 
1338, 311, 339, 958, 223, 220, 476, 2061, 365, 37, 16, 1, 16, 
9, 2, 11, 29, 2, 1, 32, 100, 100, 100, 100, 100, 100, 100, 100, 
100, 100, 100, 2500, 2500, 2500, 2500, 2500, 2500, 2500, 2500, 
2500, 2500, 2500, 23942.489, 32694.612, 50876.506, 40905.675, 
50484.549, 50977.055, 68726.7760000001, 83889.524, 83287.097, 
112146.678, 110995.525, 1, 1, 1, 1, 1, 1, 1, 1, 1, 1, 1, 0.01389, 
0.01389, 0.01389, 0.01389, 0.01389, 0.01389, 0.01389, 0.01389, 
0.01389, 0.01389, 0.01389, 0, 0, 0, 0, 0, 0, 0, 0, 0, 0, 0, 0, 
0, 0, 0, 0, 0, 0, 0, 0, 0, 0, 0.96835, 0.96836, 0.96967, 0.97016, 
0.96946, 0.96938, 0.97129, 0.96878, 0.97007, 0.96998, 0.97112, 
0.96835, 0.96836, 0.96967, 0.97016, 0.96946, 0.96938, 0.97129, 
0.96878, 0.97007, 0.96998, 0.97112, 0.2661, 0.3461, 0.4526, 0.3954, 
0.4705, 0.4793, 0.6319, 0.6983, 0.7289, 0.8848, 0.8276, 135.2, 
152, 156, 155.7, 163.4, 173.5, 176.9, 197.8, 206.4, 218.2, 221.6, 
1, 1, 1, 1, 1, 1, 1, 1, 1, 1, 1, 1, 1, 1, 1, 1, 1, 1, 1, 1, 1, 
1, 1, 1, 1, 1, 1, 1, 1, 1, 1, 1, 1, 1, 1, 1, 1, 1, 1, 1, 1, 1, 
1, 1, 5.43, 6.394, 8.543, 6.813, 7.849, 7.935, 10.625, 10.294, 
10.656, 13.166, 11.816), .Dim = c(11L, 40L), .Dimnames = list(
    NULL, c("Sampling", "PSO.cost", "PSO.gamma", "PSO.data.balancing", 
    "PSO.feature.selection", "PSO.valid.acc", "PSO.test.acc", 
    "PSO.train.time", "PSO.n.support.vectors", "PSO.index", "PSO.n.solutions", 
    "PSO.generations", "PSO.n.evaluations", "PSO.cpu.time", "RS.cost", 
    "RS.gamma", "RS.data.balancing", "RS.feature.selection", 
    "RS.valid.acc", "RS.test.acc", "RS.train.time", "RS.n.support.vectors", 
    "RS.index", "RS.n.solutions", "RS.generations", "RS.n.evaluations", 
    "RS.cpu.time", "DF.cost", "DF.gamma", "DF.data.balancing", 
    "DF.feature.selection", "DF.valid.acc", "DF.test.acc", "DF.train.time", 
    "DF.n.support.vectors", "DF.index", "DF.n.solutions", "DF.generations", 
    "DF.n.evaluations", "DF.cpu.time")))
