full <-
structure(c(50, 55, 60, 65, 70, 75, 80, 85, 90, 95, 100, 1.60731, 
3.73194, 1.3122, 3.48078, 0.74094, 6.08558, 1.37679, 11.9272, 
8.01444, 1.16614, 6.98185, -4.09454, -6.19823, -4.75574, -7.67084, 
-2.98385, -2.87139, -5.93033, -2.68636, -10.04208, -4.7719, -1.9573, 
0, 0, 0, 0, 0, 0, 0, 0, 0, 0, 0, 0, 0, 0, 0, 0, 0, 0, 0, 0, 0, 
0, 0.96915, 0.96762, 0.96965, 0.96955, 0.97173, 0.97096, 0.97129, 
0.97297, 0.97184, 0.97165, 0.97152, 0.96837, 0.96115, 0.96768, 
0.96651, 0.9689, 0.9699, 0.97129, 0.97297, 0.96919, 0.96998, 
0.97113, 0.655, 0.3324, 0.6582, 0.38, 3.959, 4.7529, 0.6018, 
5.1232, 0.7185, 1.3239, 7.9052, 448.4, 148.3, 306.8, 136.2, 1104.6, 
1232.5, 187.4, 1456.9, 160.9, 368.2, 1974.3, 985, 1263, 644, 
120, 885, 68, 457, 150, 238, 121, 32, 247, 38, 603, 42, 118, 
891, 184, 926, 80, 59, 751, 100, 100, 100, 100, 100, 100, 100, 
100, 100, 100, 100, 2500, 2500, 2500, 2500, 2500, 2500, 2500, 
2500, 2500, 2500, 2500, 22879.632, 35483.332, 29908.122, 51730.668, 
121158.831, 112179.888, 68154.0689999999, 125803.506, 41378.045, 
107749.875, 255494.268, 1.56831, 0.53887, 0.547, 3.58645, 1.09715, 
14.35043, 1.0751, 10.57855, 7.35554, 0.49282, 4.8027, -4.49111, 
-4.66088, -4.18355, -7.66321, -2.95652, -2.83816, -5.22723, -2.68735, 
-9.56401, -4.15614, -1.99487, 0, 0, 0, 0, 0, 0, 0, 0, 0, 0, 0, 
0, 0, 0, 0, 0, 0, 0, 0, 0, 0, 0, 0.96836, 0.96619, 0.969, 0.96955, 
0.9706, 0.97096, 0.97129, 0.97297, 0.9714, 0.97165, 0.97152, 
0.96837, 0.96403, 0.96834, 0.96651, 0.97003, 0.9699, 0.9698, 
0.97297, 0.96875, 0.97123, 0.97152, 0.5001, 0.5742, 0.9545, 0.491, 
4.9446, 4.2797, 0.7459, 5.2601, 0.7237, 2.0638, 12.2147, 323.1, 
329.5, 482.1, 136, 1119, 1248.3, 246.6, 1456.1, 163.5, 626.7, 
1969.4, 1002, 703, 293, 972, 1798, 212, 6, 218, 295, 1155, 18, 
1, 1, 1, 1, 27, 9, 9, 11, 1, 2, 48, 100, 100, 100, 100, 100, 
100, 100, 100, 100, 100, 100, 2500, 2500, 2500, 2500, 2500, 2500, 
2500, 2500, 2500, 2500, 2500, 25285.279, 33502.786, 40916.017, 
66858.944, 72195.777, 63476.8909999999, 66802.357, 77013.447, 
93392.895, 102628.664, 149378.713, 1, 1, 1, 1, 1, 1, 1, 1, 1, 
1, 1, 0.01389, 0.01389, 0.01389, 0.01389, 0.01389, 0.01389, 0.01389, 
0.01389, 0.01389, 0.01389, 0.01389, 0, 0, 0, 0, 0, 0, 0, 0, 0, 
0, 0, 0, 0, 0, 0, 0, 0, 0, 0, 0, 0, 0, 0.96282, 0.96475, 0.96636, 
0.96773, 0.9689, 0.96938, 0.97079, 0.97158, 0.97095, 0.97123, 
0.97113, 0.96282, 0.96475, 0.96636, 0.96773, 0.9689, 0.96938, 
0.97079, 0.97158, 0.97095, 0.97123, 0.97113, 0.2642, 0.3456, 
0.3895, 0.5081, 0.5607, 0.545, 0.585, 0.6644, 0.7501, 0.8222, 
1.0227, 135, 151.1, 153.9, 158.3, 168.3, 174.9, 178.3, 185.4, 
196.7, 211, 221.4, 1, 1, 1, 1, 1, 1, 1, 1, 1, 1, 1, 1, 1, 1, 
1, 1, 1, 1, 1, 1, 1, 1, 1, 1, 1, 1, 1, 1, 1, 1, 1, 1, 1, 1, 1, 
1, 1, 1, 1, 1, 1, 1, 1, 1, 5.553, 6.627, 7.049, 9.614, 8.989, 
8.744, 9.067, 10.125, 11.33, 11.821, 16.082), .Dim = c(11L, 40L
), .Dimnames = list(NULL, c("Sampling", "PSO.cost", "PSO.gamma", 
"PSO.data.balancing", "PSO.feature.selection", "PSO.valid.acc", 
"PSO.test.acc", "PSO.train.time", "PSO.n.support.vectors", "PSO.index", 
"PSO.n.solutions", "PSO.generations", "PSO.n.evaluations", "PSO.cpu.time", 
"RS.cost", "RS.gamma", "RS.data.balancing", "RS.feature.selection", 
"RS.valid.acc", "RS.test.acc", "RS.train.time", "RS.n.support.vectors", 
"RS.index", "RS.n.solutions", "RS.generations", "RS.n.evaluations", 
"RS.cpu.time", "DF.cost", "DF.gamma", "DF.data.balancing", "DF.feature.selection", 
"DF.valid.acc", "DF.test.acc", "DF.train.time", "DF.n.support.vectors", 
"DF.index", "DF.n.solutions", "DF.generations", "DF.n.evaluations", 
"DF.cpu.time")))
