full <-
structure(c(50, 55, 60, 65, 70, 75, 80, 85, 90, 95, 100, 2.25945, 
3.48659, 3.37315, 2.97516, 3.65832, 5.71153, 4.02239, 0.81743, 
9.10615, 0.85353, 0.65376, -4.59799, -5.85959, -4.87683, -4.5216, 
-6.30769, -8.02133, -6.55193, -3.83331, -11.76716, -2.75968, 
-3.28762, 0, 0, 0, 0, 0, 0, 0, 0, 0, 0, 0, 0, 0, 0, 0, 0, 0, 
0, 0, 0, 0, 0, 0.97627, 0.97769, 0.97428, 0.97565, 0.97342, 0.97149, 
0.97278, 0.97391, 0.97227, 0.97248, 0.97192, 0.97311, 0.97481, 
0.97165, 0.97504, 0.97003, 0.96885, 0.96931, 0.97297, 0.97095, 
0.97081, 0.97074, 0.3745, 0.3096, 0.3866, 0.5086, 0.5041, 0.6071, 
0.6064, 2.2694, 0.7277, 7.0172, 4.4955, 213, 135.4, 166.3, 212.5, 
158.5, 151.1, 175.7, 741.6, 152.7, 1552.7, 1253.3, 229, 619, 
33, 154, 455, 866, 471, 1043, 77, 698, 1319, 556, 204, 852, 684, 
168, 75, 33, 349, 41, 81, 108, 100, 100, 100, 100, 100, 100, 
100, 100, 100, 100, 100, 2500, 2500, 2500, 2500, 2500, 2500, 
2500, 2500, 2500, 2500, 2500, 22287.572, 17253.148, 24354.689, 
25081.523, 32823.231, 63693.582, 65206.134, 90434.6329999999, 
86510.2930000001, 104140.924, 146906.088, 2.21893, 3.59323, 3.25015, 
2.92388, 5.34771, 6.12491, 4.17555, 0.67718, 11.68431, 0.21455, 
13.56478, -4.54101, -5.92204, -4.66614, -4.54427, -7.44318, -8.35653, 
-6.59299, -4.01219, -13.95765, -3.05244, -13.66834, 0, 0, 0, 
0, 0, 0, 0, 0, 0, 0, 0, 0, 0, 0, 0, 0, 0, 0, 0, 0, 0, 0, 0.97627, 
0.97769, 0.97428, 0.97565, 0.97286, 0.97096, 0.97229, 0.97298, 
0.97183, 0.97248, 0.97192, 0.97311, 0.97481, 0.97099, 0.97564, 
0.97002, 0.96832, 0.96882, 0.97251, 0.97095, 0.97123, 0.97034, 
0.3996, 0.3071, 0.4393, 0.5028, 0.4479, 0.6213, 0.6038, 1.9803, 
0.7655, 7.152, 1.0619, 228.9, 134.9, 178.6, 209.7, 142, 150.4, 
175.7, 649.5, 146.1, 1351.3, 165, 1048, 1156, 2175, 768, 1213, 
6, 1190, 92, 1184, 2484, 676, 1, 1, 1, 2, 2, 8, 1, 2, 5, 1, 3, 
100, 100, 100, 100, 100, 100, 100, 100, 100, 100, 100, 2500, 
2500, 2500, 2500, 2500, 2500, 2500, 2500, 2500, 2500, 2500, 27481.366, 
29796.245, 37986.393, 42498.405, 54066.88, 79248.808, 65045.805, 
86090.3, 89973.025, 105204.871, 91833.97, 1, 1, 1, 1, 1, 1, 1, 
1, 1, 1, 1, 0.01389, 0.01389, 0.01389, 0.01389, 0.01389, 0.01389, 
0.01389, 0.01389, 0.01389, 0.01389, 0.01389, 0, 0, 0, 0, 0, 0, 
0, 0, 0, 0, 0, 0, 0, 0, 0, 0, 0, 0, 0, 0, 0, 0, 0.97074, 0.97051, 
0.9723, 0.97138, 0.9706, 0.96991, 0.97129, 0.97111, 0.97139, 
0.97123, 0.97113, 0.97074, 0.97051, 0.9723, 0.97138, 0.9706, 
0.96991, 0.97129, 0.97111, 0.97139, 0.97123, 0.97113, 0.2674, 
0.2996, 0.365, 0.3973, 0.4632, 0.6035, 0.5699, 0.7107, 0.76, 
0.8771, 0.8538, 122.6, 133.2, 138.2, 150.4, 163, 174, 179.1, 
192.2, 203.1, 216.1, 222.5, 1, 1, 1, 1, 1, 1, 1, 1, 1, 1, 1, 
1, 1, 1, 1, 1, 1, 1, 1, 1, 1, 1, 1, 1, 1, 1, 1, 1, 1, 1, 1, 1, 
1, 1, 1, 1, 1, 1, 1, 1, 1, 1, 1, 1, 6.295, 5.985, 6.654, 7.034, 
7.727, 10.036, 9.117, 10.538, 11.065, 13.232, 11.951), .Dim = c(11L, 
40L), .Dimnames = list(NULL, c("Sampling", "PSO.cost", "PSO.gamma", 
"PSO.data.balancing", "PSO.feature.selection", "PSO.valid.acc", 
"PSO.test.acc", "PSO.train.time", "PSO.n.support.vectors", "PSO.index", 
"PSO.n.solutions", "PSO.generations", "PSO.n.evaluations", "PSO.cpu.time", 
"RS.cost", "RS.gamma", "RS.data.balancing", "RS.feature.selection", 
"RS.valid.acc", "RS.test.acc", "RS.train.time", "RS.n.support.vectors", 
"RS.index", "RS.n.solutions", "RS.generations", "RS.n.evaluations", 
"RS.cpu.time", "DF.cost", "DF.gamma", "DF.data.balancing", "DF.feature.selection", 
"DF.valid.acc", "DF.test.acc", "DF.train.time", "DF.n.support.vectors", 
"DF.index", "DF.n.solutions", "DF.generations", "DF.n.evaluations", 
"DF.cpu.time")))
