full <-
structure(c(50, 55, 60, 65, 70, 75, 80, 85, 90, 95, 100, 3.28532, 
2.74503, 3.0346, 8.41801, 5.72983, 2.76593, 3.35802, 9.46385, 
1.78669, 1.18062, 1.73128, -6.29263, -6.13828, -5.62719, -10.28919, 
-8.98176, -6.37702, -6.8131, -11.82228, -3.31809, -4.46235, -2.54405, 
0, 0, 0, 0, 0, 0, 0, 0, 0, 0, 0, 0, 0, 0, 0, 0, 0, 0, 0, 0, 0, 
0, 0.97387, 0.97629, 0.97363, 0.9726, 0.97286, 0.97309, 0.97327, 
0.97158, 0.97183, 0.97165, 0.97152, 0.97229, 0.97197, 0.9723, 
0.96833, 0.97115, 0.97256, 0.97079, 0.97112, 0.97095, 0.97081, 
0.97113, 0.24, 0.3179, 0.4123, 0.474, 0.4867, 0.5753, 0.59, 0.5921, 
4.3119, 1.4932, 6.7406, 110.3, 127.9, 154.8, 111.2, 124.6, 164.8, 
171.4, 140.1, 1110.6, 442.9, 1764.6, 1026, 479, 381, 452, 2351, 
557, 1793, 527, 936, 832, 994, 141, 537, 688, 184, 1, 162, 15, 
88, 57, 38, 67, 100, 100, 100, 100, 100, 100, 100, 100, 100, 
100, 100, 2500, 2500, 2500, 2500, 2500, 2500, 2500, 2500, 2500, 
2500, 2500, 17471.977, 17091.834, 25136.307, 30048.17, 34056.747, 
47623.332, 38348.967, 43650.78, 138145.456, 80942.799, 156552.101, 
3.57604, 3.08304, 3.01768, 8.41827, 6.8145, 1.92047, 6.12992, 
9.69521, 0.71796, 6.17947, 0.52205, -6.39562, -6.92497, -5.58472, 
-10.18058, -9.813, -5.68973, -8.61459, -11.99186, -4.13548, -8.78073, 
-2.71687, 0, 0, 0, 0, 0, 0, 0, 0, 0, 0, 0, 0, 0, 0, 0, 0, 0, 
0, 0, 0, 0, 0, 0.97308, 0.97558, 0.97363, 0.9726, 0.97229, 0.97257, 
0.97277, 0.97158, 0.97139, 0.97165, 0.97152, 0.9715, 0.97197, 
0.97164, 0.96711, 0.97115, 0.97151, 0.9698, 0.97112, 0.97095, 
0.97081, 0.97113, 0.2418, 0.3012, 0.4354, 0.4483, 0.477, 0.5742, 
0.5816, 0.6325, 1.8465, 0.7667, 7.352, 110.3, 111.6, 156.2, 112.9, 
120.8, 183.8, 154.6, 139.7, 599.7, 169.9, 1651.1, 454, 320, 2094, 
815, 127, 748, 51, 1334, 506, 571, 34, 3, 2, 1, 2, 5, 5, 3, 1, 
15, 3, 5, 100, 100, 100, 100, 100, 100, 100, 100, 100, 100, 100, 
2500, 2500, 2500, 2500, 2500, 2500, 2500, 2500, 2500, 2500, 2500, 
24797.674, 35565.783, 46077.616, 57701.928, 65074.808, 68300.65, 
63970.2129999999, 76305.068, 93990.898, 96941.2540000001, 101568.299, 
1, 1, 1, 1, 1, 1, 1, 1, 1, 1, 1, 0.01389, 0.01389, 0.01389, 0.01389, 
0.01389, 0.01389, 0.01389, 0.01389, 0.01389, 0.01389, 0.01389, 
0, 0, 0, 0, 0, 0, 0, 0, 0, 0, 0, 0, 0, 0, 0, 0, 0, 0, 0, 0, 0, 
0, 0.96915, 0.96979, 0.97033, 0.97016, 0.97059, 0.97044, 0.9703, 
0.96972, 0.96963, 0.97123, 0.97113, 0.96915, 0.96979, 0.97033, 
0.97016, 0.97059, 0.97044, 0.9703, 0.96972, 0.96963, 0.97123, 
0.97113, 0.2325, 0.2977, 0.3811, 0.4666, 0.5155, 0.5604, 0.5879, 
0.6869, 0.7445, 0.7745, 0.8704, 110.6, 121.5, 130.5, 144.7, 158.1, 
166.2, 183.7, 185.8, 199.7, 202.8, 222, 1, 1, 1, 1, 1, 1, 1, 
1, 1, 1, 1, 1, 1, 1, 1, 1, 1, 1, 1, 1, 1, 1, 1, 1, 1, 1, 1, 1, 
1, 1, 1, 1, 1, 1, 1, 1, 1, 1, 1, 1, 1, 1, 1, 1, 5.261, 6.024, 
7.369, 8.138, 8.616, 9.096, 9.24, 10.474, 10.95, 11.235, 12.55
), .Dim = c(11L, 40L), .Dimnames = list(NULL, c("Sampling", "PSO.cost", 
"PSO.gamma", "PSO.data.balancing", "PSO.feature.selection", "PSO.valid.acc", 
"PSO.test.acc", "PSO.train.time", "PSO.n.support.vectors", "PSO.index", 
"PSO.n.solutions", "PSO.generations", "PSO.n.evaluations", "PSO.cpu.time", 
"RS.cost", "RS.gamma", "RS.data.balancing", "RS.feature.selection", 
"RS.valid.acc", "RS.test.acc", "RS.train.time", "RS.n.support.vectors", 
"RS.index", "RS.n.solutions", "RS.generations", "RS.n.evaluations", 
"RS.cpu.time", "DF.cost", "DF.gamma", "DF.data.balancing", "DF.feature.selection", 
"DF.valid.acc", "DF.test.acc", "DF.train.time", "DF.n.support.vectors", 
"DF.index", "DF.n.solutions", "DF.generations", "DF.n.evaluations", 
"DF.cpu.time")))
