full <-
structure(c(50, 55, 60, 65, 70, 75, 80, 85, 90, 95, 100, 5.94008, 
3.76718, 1, 1.07146, 4.38809, 2.67551, 6.31383, 3.73559, 6.49294, 
8.08057, 4.39776, -3.70089, -6.98457, 0.01389, -4.59445, -7.30091, 
-6.201, -8.93798, -7.27506, -8.89635, -9.82708, -7.07031, 0, 
0, 0, 0, 0, 0, 0, 0, 0, 0, 0, 0, 0, 0, 0, 0, 0, 0, 0, 0, 0, 0, 
0.97864, 0.97625, 0.97428, 0.97565, 0.97683, 0.97731, 0.97574, 
0.97484, 0.97404, 0.97248, 0.9739, 0.97628, 0.97338, 0.97428, 
0.97504, 0.97343, 0.97678, 0.97129, 0.97531, 0.9736, 0.97039, 
0.97193, 0.6925, 0.2934, 0.3168, 0.6034, 0.4791, 0.5059, 0.5229, 
0.6005, 0.6784, 0.9731, 0.9353, 487.1, 109.9, 128.7, 256.5, 130.2, 
155.9, 137.9, 164.3, 162.5, 172.3, 207.9, 128, 810, 1, 748, 987, 
1325, 348, 596, 1007, 2255, 589, 811, 29, 2077, 72, 54, 63, 63, 
74, 26, 2, 89, 100, 100, 100, 100, 100, 100, 100, 100, 100, 100, 
100, 2500, 2500, 2500, 2500, 2500, 2500, 2500, 2500, 2500, 2500, 
2500, 26054.813, 43022.088, 36172.63, 39204.504, 35490.478, 35304.884, 
29010.03, 48153.221, 62851.915, 94034.9659999999, 62872.9609999999, 
14.74072, 4.14706, 0.60918, 7.91941, 2.54592, 2.50714, 5.90787, 
2.35938, 7.40494, 4.06016, 1.93722, -3.75662, -7.26198, -0.5087, 
-11.01313, -6.09831, -6.06882, -8.75196, -6.34797, -9.50582, 
-7.47614, -5.40796, 0, 0, 0, 0, 0, 0, 0, 0, 0, 0, 0, 0, 0, 0, 
0, 0, 0, 0, 0, 0, 0, 0, 0.97864, 0.97625, 0.97428, 0.97564, 0.97682, 
0.97678, 0.97525, 0.97438, 0.9736, 0.97206, 0.97232, 0.97628, 
0.97338, 0.97428, 0.97503, 0.97683, 0.97625, 0.97277, 0.97391, 
0.9736, 0.97123, 0.97073, 0.6281, 0.2714, 3.1357, 0.3509, 0.4707, 
0.5952, 0.5255, 0.6306, 0.6922, 0.9465, 1.0612, 457.3, 107.5, 
1212.1, 98.3, 146.4, 158.7, 139.8, 181.2, 156.8, 191.2, 259.9, 
57, 2018, 2, 45, 57, 1372, 41, 5, 117, 888, 1139, 13, 1, 1539, 
65, 10, 3, 10, 14, 2, 1, 3, 100, 100, 100, 100, 100, 100, 100, 
100, 100, 100, 100, 2500, 2500, 2500, 2500, 2500, 2500, 2500, 
2500, 2500, 2500, 2500, 23463.652, 31024.936, 42851.635, 42591.811, 
62285.728, 80558.435, 62690.802, 77075.39, 87460.767, 127606.803, 
115621.633, 1, 1, 1, 1, 1, 1, 1, 1, 1, 1, 1, 0.01389, 0.01389, 
0.01389, 0.01389, 0.01389, 0.01389, 0.01389, 0.01389, 0.01389, 
0.01389, 0.01389, 0, 0, 0, 0, 0, 0, 0, 0, 0, 0, 0, 0, 0, 0, 0, 
0, 0, 0, 0, 0, 0, 0, 0.97627, 0.97483, 0.97428, 0.97503, 0.97569, 
0.97519, 0.97376, 0.97344, 0.97228, 0.97081, 0.97113, 0.97627, 
0.97483, 0.97428, 0.97503, 0.97569, 0.97519, 0.97376, 0.97344, 
0.97228, 0.97081, 0.97113, 0.2308, 0.2836, 0.357, 0.3797, 0.4547, 
0.5201, 0.5263, 0.6678, 0.6968, 0.9481, 0.9494, 112.6, 120.5, 
128.7, 134, 143, 155.8, 164.8, 185.6, 200.6, 218.5, 223.3, 1, 
1, 1, 1, 1, 1, 1, 1, 1, 1, 1, 1, 1, 1, 1, 1, 1, 1, 1, 1, 1, 1, 
1, 1, 1, 1, 1, 1, 1, 1, 1, 1, 1, 1, 1, 1, 1, 1, 1, 1, 1, 1, 1, 
1, 5.312, 5.977, 6.804, 7.029, 7.718, 8.572, 8.381, 10.145, 10.389, 
14.336, 14.199), .Dim = c(11L, 40L), .Dimnames = list(NULL, c("Sampling", 
"PSO.cost", "PSO.gamma", "PSO.data.balancing", "PSO.feature.selection", 
"PSO.valid.acc", "PSO.test.acc", "PSO.train.time", "PSO.n.support.vectors", 
"PSO.index", "PSO.n.solutions", "PSO.generations", "PSO.n.evaluations", 
"PSO.cpu.time", "RS.cost", "RS.gamma", "RS.data.balancing", "RS.feature.selection", 
"RS.valid.acc", "RS.test.acc", "RS.train.time", "RS.n.support.vectors", 
"RS.index", "RS.n.solutions", "RS.generations", "RS.n.evaluations", 
"RS.cpu.time", "DF.cost", "DF.gamma", "DF.data.balancing", "DF.feature.selection", 
"DF.valid.acc", "DF.test.acc", "DF.train.time", "DF.n.support.vectors", 
"DF.index", "DF.n.solutions", "DF.generations", "DF.n.evaluations", 
"DF.cpu.time")))
