full <-
structure(c(50, 55, 60, 65, 70, 75, 80, 85, 90, 95, 100, 9.80873, 
1.1994, 12.47593, 5.46424, 1.12082, 2.3536, 3.16457, 9.32951, 
1.37864, 1.00954, 2.72811, -12.07333, -4.39257, -15, -8.67395, 
-3.74556, -5.78853, -6.5307, -11.3547, -5.40868, -3.06368, -6.99523, 
0, 0, 0, 0, 0, 0, 0, 0, 0, 0, 0, 0, 0, 0, 0, 0, 0, 0, 0, 0, 0, 
0, 0.97151, 0.97123, 0.97033, 0.97138, 0.97173, 0.97308, 0.97377, 
0.97251, 0.97096, 0.97081, 0.97152, 0.96914, 0.96905, 0.96637, 
0.96894, 0.9706, 0.9715, 0.9718, 0.97111, 0.9714, 0.96956, 0.97112, 
0.2336, 0.5622, 0.3278, 0.3827, 1.5438, 0.6104, 0.5441, 0.6716, 
0.8161, 5.5858, 0.7713, 90.4, 335.3, 103.4, 127.9, 670.4, 179.3, 
170.3, 142.5, 235, 1350.2, 203, 1062, 173, 1661, 2448, 843, 2031, 
1835, 687, 272, 2046, 364, 52, 74, 24, 1, 36, 8, 5, 52, 1243, 
1530, 96, 100, 100, 100, 100, 100, 100, 100, 100, 100, 100, 100, 
2500, 2500, 2500, 2500, 2500, 2500, 2500, 2500, 2500, 2500, 2500, 
19225.98, 31728.662, 26267.194, 38391.446, 64553.228, 67625.536, 
51526.188, 37320.983, 110763.995, 164671.546, 90374.939, 8.86871, 
11.97475, 11.59976, 6.2233, 4.67188, 1.98943, 6.05775, 10.63511, 
3.48204, 8.56516, 7.12984, -11.26462, -3.53159, -14.17458, -9.1663, 
-3.33988, -5.29131, -8.92001, -12.28542, -7.42798, -2.36478, 
-9.81247, 0, 0, 0, 0, 0, 0, 0, 0, 0, 0, 0, 0, 0, 0, 0, 0, 0, 
0, 0, 0, 0, 0, 0.97072, 0.9705, 0.97033, 0.97077, 0.97117, 0.97309, 
0.97377, 0.97251, 0.97096, 0.97081, 0.97152, 0.96834, 0.96906, 
0.96572, 0.96833, 0.96948, 0.97044, 0.9713, 0.97018, 0.97096, 
0.97039, 0.97073, 0.2248, 1.1246, 0.3414, 0.3753, 2.2247, 0.6464, 
0.5225, 0.6318, 0.6983, 7.2404, 0.749, 91.8, 659.1, 103.6, 125.7, 
889.5, 195.4, 144, 140, 175.8, 1771.6, 178.3, 151, 1925, 1072, 
352, 159, 1742, 173, 1360, 172, 5, 279, 6, 5, 1, 2, 9, 1, 2, 
2, 1400, 1516, 12, 100, 100, 100, 100, 100, 100, 100, 100, 100, 
100, 100, 2500, 2500, 2500, 2500, 2500, 2500, 2500, 2500, 2500, 
2500, 2500, 22876.486, 30105.548, 36811.77, 41468.347, 51779.168, 
76591.718, 63019.5429999999, 71794.009, 87824.15, 90481.4749999999, 
89718.52, 1, 1, 1, 1, 1, 1, 1, 1, 1, 1, 1, 0.01389, 0.01389, 
0.01389, 0.01389, 0.01389, 0.01389, 0.01389, 0.01389, 0.01389, 
0.01389, 0.01389, 0, 0, 0, 0, 0, 0, 0, 0, 0, 0, 0, 0, 0, 0, 0, 
0, 0, 0, 0, 0, 0, 0, 0.96835, 0.96765, 0.96901, 0.96894, 0.97003, 
0.9715, 0.97228, 0.97158, 0.97096, 0.97081, 0.97112, 0.96835, 
0.96765, 0.96901, 0.96894, 0.97003, 0.9715, 0.97228, 0.97158, 
0.97096, 0.97081, 0.97112, 0.236, 0.299, 0.3471, 0.3869, 0.4803, 
0.5867, 0.5734, 0.6236, 0.726, 0.7623, 0.7795, 123.8, 138.1, 
144.6, 153.2, 164.3, 170.1, 175.4, 184.1, 198.3, 207.2, 222.9, 
1, 1, 1, 1, 1, 1, 1, 1, 1, 1, 1, 1, 1, 1, 1, 1, 1, 1, 1, 1, 1, 
1, 1, 1, 1, 1, 1, 1, 1, 1, 1, 1, 1, 1, 1, 1, 1, 1, 1, 1, 1, 1, 
1, 1, 5.23, 6.002, 6.417, 6.941, 7.842, 9.923, 9.885, 9.708, 
10.694, 11.054, 11.327), .Dim = c(11L, 40L), .Dimnames = list(
    NULL, c("Sampling", "PSO.cost", "PSO.gamma", "PSO.data.balancing", 
    "PSO.feature.selection", "PSO.valid.acc", "PSO.test.acc", 
    "PSO.train.time", "PSO.n.support.vectors", "PSO.index", "PSO.n.solutions", 
    "PSO.generations", "PSO.n.evaluations", "PSO.cpu.time", "RS.cost", 
    "RS.gamma", "RS.data.balancing", "RS.feature.selection", 
    "RS.valid.acc", "RS.test.acc", "RS.train.time", "RS.n.support.vectors", 
    "RS.index", "RS.n.solutions", "RS.generations", "RS.n.evaluations", 
    "RS.cpu.time", "DF.cost", "DF.gamma", "DF.data.balancing", 
    "DF.feature.selection", "DF.valid.acc", "DF.test.acc", "DF.train.time", 
    "DF.n.support.vectors", "DF.index", "DF.n.solutions", "DF.generations", 
    "DF.n.evaluations", "DF.cpu.time")))
