full <-
structure(c(50, 55, 60, 65, 70, 75, 80, 85, 90, 95, 100, 1, 2.56134, 
1.55733, 1.307, 1.66292, 8.69845, 1.01875, 1.04323, 4.19072, 
5.26793, 4.81506, 0.01389, -4.80091, -4.35938, -4.14094, -3.35828, 
-3.01208, -5.16969, -4.07895, -7.11902, -3.04913, -8.27901, 0, 
0, 0, 0, 0, 0, 0, 0, 0, 0, 0, 0, 0, 0, 0, 0, 0, 0, 0, 0, 0, 0, 
0.97469, 0.97267, 0.9723, 0.97383, 0.9723, 0.97307, 0.97426, 
0.97344, 0.97316, 0.97081, 0.97152, 0.97469, 0.97124, 0.97164, 
0.96956, 0.96947, 0.97254, 0.97377, 0.97251, 0.97315, 0.96956, 
0.97112, 0.2443, 0.4062, 0.7482, 0.9392, 2.3566, 3.4858, 0.7421, 
1.8771, 0.7317, 7.5112, 0.8466, 123.5, 191.2, 373.4, 466.3, 871.6, 
1107.1, 244.9, 632.2, 180.6, 1355.5, 188.7, 1, 885, 1946, 1115, 
231, 58, 507, 928, 821, 64, 18, 1755, 201, 15, 35, 446, 320, 
148, 118, 136, 628, 101, 100, 100, 100, 100, 100, 100, 100, 100, 
100, 100, 100, 2500, 2500, 2500, 2500, 2500, 2500, 2500, 2500, 
2500, 2500, 2500, 23721.23, 30334.002, 43035.05, 42427.826, 66875.558, 
115739.764, 62705.487, 84582.954, 57427.025, 185627.311, 107080.309, 
1.14056, 2.03672, 1.54513, 1.37187, 0.68147, 14.971, 1.15986, 
1.11864, 3.53485, 7.10905, 6.06304, -10.55323, -5.08669, -4.42788, 
-4.4388, -3.56427, -3.05046, -5.35013, -3.90284, -6.70811, -9.50256, 
-9.10042, 0, 0, 0, 0, 0, 0, 0, 0, 0, 0, 0, 0, 0, 0, 0, 0, 0, 
0, 0, 0, 0, 0, 0.97469, 0.97195, 0.97165, 0.97321, 0.9723, 0.97307, 
0.97426, 0.97344, 0.97272, 0.97123, 0.97152, 0.97469, 0.97123, 
0.97098, 0.97017, 0.97173, 0.97254, 0.97377, 0.97111, 0.97271, 
0.96831, 0.97112, 0.2046, 0.4017, 0.7064, 0.7742, 1.8972, 3.6831, 
0.6791, 2.1244, 0.787, 0.8767, 0.9025, 89.7, 179.7, 352.9, 367.1, 
780.6, 1086, 222.4, 716.6, 186.6, 175, 180.9, 1, 2, 701, 616, 
602, 181, 2457, 485, 875, 1437, 14, 1438, 7, 3, 3, 5, 10, 1, 
2, 2, 1, 6, 100, 100, 100, 100, 100, 100, 100, 100, 100, 100, 
100, 2500, 2500, 2500, 2500, 2500, 2500, 2500, 2500, 2500, 2500, 
2500, 24301.544, 34599.617, 39537.999, 43928.5, 60815.804, 68872.97, 
62649.6899999999, 94866.27, 104882.741, 111935.24, 110751.483, 
1, 1, 1, 1, 1, 1, 1, 1, 1, 1, 1, 0.01389, 0.01389, 0.01389, 0.01389, 
0.01389, 0.01389, 0.01389, 0.01389, 0.01389, 0.01389, 0.01389, 
0, 0, 0, 0, 0, 0, 0, 0, 0, 0, 0, 0, 0, 0, 0, 0, 0, 0, 0, 0, 0, 
0, 0.97469, 0.97051, 0.97033, 0.97138, 0.97116, 0.97255, 0.97327, 
0.97158, 0.97139, 0.97039, 0.97112, 0.97469, 0.97051, 0.97033, 
0.97138, 0.97116, 0.97255, 0.97327, 0.97158, 0.97139, 0.97039, 
0.97112, 0.251, 0.3214, 0.3762, 0.3844, 0.6023, 0.5768, 0.5669, 
0.7701, 0.7625, 0.9025, 0.9376, 123.5, 132.3, 144.3, 154.1, 170.7, 
175.6, 181.5, 194.9, 197.6, 218.5, 222.9, 1, 1, 1, 1, 1, 1, 1, 
1, 1, 1, 1, 1, 1, 1, 1, 1, 1, 1, 1, 1, 1, 1, 1, 1, 1, 1, 1, 1, 
1, 1, 1, 1, 1, 1, 1, 1, 1, 1, 1, 1, 1, 1, 1, 1, 5.289, 6.272, 
6.813, 6.902, 10.454, 9.8, 9.791, 12.08, 11.949, 13.615, 14.162
), .Dim = c(11L, 40L), .Dimnames = list(NULL, c("Sampling", "PSO.cost", 
"PSO.gamma", "PSO.data.balancing", "PSO.feature.selection", "PSO.valid.acc", 
"PSO.test.acc", "PSO.train.time", "PSO.n.support.vectors", "PSO.index", 
"PSO.n.solutions", "PSO.generations", "PSO.n.evaluations", "PSO.cpu.time", 
"RS.cost", "RS.gamma", "RS.data.balancing", "RS.feature.selection", 
"RS.valid.acc", "RS.test.acc", "RS.train.time", "RS.n.support.vectors", 
"RS.index", "RS.n.solutions", "RS.generations", "RS.n.evaluations", 
"RS.cpu.time", "DF.cost", "DF.gamma", "DF.data.balancing", "DF.feature.selection", 
"DF.valid.acc", "DF.test.acc", "DF.train.time", "DF.n.support.vectors", 
"DF.index", "DF.n.solutions", "DF.generations", "DF.n.evaluations", 
"DF.cpu.time")))
