full <-
structure(c(50, 55, 60, 65, 70, 75, 80, 85, 90, 95, 100, 3.26798, 
3.99363, 0.92838, 3.3175, 3.20238, 1.47773, 7.53086, 3.73419, 
0.88427, 10.05597, 0.45223, -6.86213, -7.47902, -4.38266, -6.22261, 
-6.68084, -4.62947, -10.14624, -7.18425, -2.7304, -2.72838, -3.37755, 
0, 0, 0, 0, 0, 0, 0, 0, 0, 0, 0, 0, 0, 0, 0, 0, 0, 0, 0, 0, 0, 
0, 0.97154, 0.97125, 0.97297, 0.97138, 0.97286, 0.97203, 0.97129, 
0.97066, 0.97228, 0.97164, 0.97192, 0.96757, 0.97052, 0.97098, 
0.96711, 0.97002, 0.97097, 0.9698, 0.96972, 0.97139, 0.97081, 
0.96994, 0.2582, 0.2931, 0.7469, 0.4277, 0.437, 1.2418, 0.6672, 
0.6957, 7.9534, 6.9679, 5.1333, 124.2, 119.7, 403.3, 168, 155.8, 
389, 149.3, 177.8, 1503.2, 1581.3, 1179.1, 781, 190, 453, 390, 
370, 1493, 410, 2433, 1808, 239, 1101, 117, 367, 59, 46, 109, 
5, 108, 56, 2, 789, 310, 100, 100, 100, 100, 100, 100, 100, 100, 
100, 100, 100, 2500, 2500, 2500, 2500, 2500, 2500, 2500, 2500, 
2500, 2500, 2500, 17709.49, 20071.98, 26149.956, 33727.61, 38347.605, 
116555.324, 43352.822, 96445.5519999999, 175180.712, 179061.16, 
211499.655, 2.32443, 3.9858, 7.98639, 1.13475, 0.78711, 2.77066, 
7.08675, 4.3351, 0.70173, 12.70232, 0.36453, -6.11834, -7.43219, 
-10.62909, -4.94951, -3.91858, -5.09542, -9.77647, -7.64187, 
-2.94624, -2.71784, -3.4885, 0, 0, 0, 0, 0, 0, 0, 0, 0, 0, 0, 
0, 0, 0, 0, 0, 0, 0, 0, 0, 0, 0, 0.97074, 0.97125, 0.97297, 0.97077, 
0.97285, 0.97202, 0.97129, 0.97066, 0.97228, 0.97164, 0.97192, 
0.96836, 0.97125, 0.97362, 0.96833, 0.97172, 0.96885, 0.9698, 
0.97111, 0.97096, 0.97081, 0.97034, 0.2758, 0.2951, 0.3047, 0.6197, 
1.7619, 0.7409, 0.6423, 0.6904, 6.4168, 8.056, 4.8857, 141.8, 
120, 105.5, 289.3, 627.8, 242.6, 150.6, 171.4, 1364.5, 1588.2, 
1096.8, 857, 2002, 815, 378, 2265, 2293, 1203, 1691, 1664, 69, 
846, 1, 6, 1, 6, 1, 1, 1, 1, 1, 3, 18, 100, 100, 100, 100, 100, 
100, 100, 100, 100, 100, 100, 2500, 2500, 2500, 2500, 2500, 2500, 
2500, 2500, 2500, 2500, 2500, 25057.39, 29920.754, 32829.783, 
38249.446, 83969.456, 80626.5319999999, 86550.282, 91813.8590000001, 
95924.373, 113904.659, 112054.806, 1, 1, 1, 1, 1, 1, 1, 1, 1, 
1, 1, 0.01389, 0.01389, 0.01389, 0.01389, 0.01389, 0.01389, 0.01389, 
0.01389, 0.01389, 0.01389, 0.01389, 0, 0, 0, 0, 0, 0, 0, 0, 0, 
0, 0, 0, 0, 0, 0, 0, 0, 0, 0, 0, 0, 0, 0.96915, 0.96979, 0.97098, 
0.96955, 0.97116, 0.96991, 0.96931, 0.97018, 0.97052, 0.97081, 
0.97113, 0.96915, 0.96979, 0.97098, 0.96955, 0.97116, 0.96991, 
0.96931, 0.97018, 0.97052, 0.97081, 0.97113, 0.2678, 0.3076, 
0.3381, 0.4279, 0.5938, 0.6083, 0.6659, 0.712, 0.8103, 0.9306, 
0.8586, 139.4, 141.8, 151, 166.4, 165.5, 181.8, 185, 197.8, 208.8, 
218.1, 219.1, 1, 1, 1, 1, 1, 1, 1, 1, 1, 1, 1, 1, 1, 1, 1, 1, 
1, 1, 1, 1, 1, 1, 1, 1, 1, 1, 1, 1, 1, 1, 1, 1, 1, 1, 1, 1, 1, 
1, 1, 1, 1, 1, 1, 1, 5.493, 6.113, 6.401, 7.381, 10.442, 10.476, 
10.795, 11.82, 11.898, 14.306, 12.739), .Dim = c(11L, 40L), .Dimnames = list(
    NULL, c("Sampling", "PSO.cost", "PSO.gamma", "PSO.data.balancing", 
    "PSO.feature.selection", "PSO.valid.acc", "PSO.test.acc", 
    "PSO.train.time", "PSO.n.support.vectors", "PSO.index", "PSO.n.solutions", 
    "PSO.generations", "PSO.n.evaluations", "PSO.cpu.time", "RS.cost", 
    "RS.gamma", "RS.data.balancing", "RS.feature.selection", 
    "RS.valid.acc", "RS.test.acc", "RS.train.time", "RS.n.support.vectors", 
    "RS.index", "RS.n.solutions", "RS.generations", "RS.n.evaluations", 
    "RS.cpu.time", "DF.cost", "DF.gamma", "DF.data.balancing", 
    "DF.feature.selection", "DF.valid.acc", "DF.test.acc", "DF.train.time", 
    "DF.n.support.vectors", "DF.index", "DF.n.solutions", "DF.generations", 
    "DF.n.evaluations", "DF.cpu.time")))
