full <-
structure(c(50, 55, 60, 65, 70, 75, 80, 85, 90, 95, 100, 1, 9.26518, 
6.19742, 4.77661, 1.17073, 1.1219, 3.073, 9.72821, 1.62363, 2.06073, 
0.44624, 0.01389, -3.34888, -3.12686, -7.70447, -4.11215, -4.92536, 
-6.49343, -3.54193, -5.8781, -5.8832, -3.75042, 0, 0, 0, 0, 0, 
0, 0, 0, 0, 0, 0, 0, 0, 0, 0, 0, 0, 0, 0, 0, 0, 0, 0.97153, 0.9741, 
0.97296, 0.972, 0.97399, 0.97308, 0.97129, 0.97112, 0.97095, 
0.97164, 0.97192, 0.97153, 0.97194, 0.97362, 0.97139, 0.97173, 
0.97308, 0.96683, 0.96972, 0.97007, 0.97081, 0.97113, 0.2774, 
1.3176, 2.7498, 0.5588, 1.5087, 0.8481, 0.626, 3.0416, 0.8468, 
0.9002, 2.854, 151.6, 778.3, 925.5, 141.8, 541.1, 299.6, 184, 
913.7, 213.3, 230.4, 896.3, 1, 208, 58, 2279, 1312, 61, 668, 
42, 314, 329, 424, 2126, 1003, 887, 2026, 16, 82, 41, 385, 135, 
42, 221, 100, 100, 100, 100, 100, 100, 100, 100, 100, 100, 100, 
2500, 2500, 2500, 2500, 2500, 2500, 2500, 2500, 2500, 2500, 2500, 
31519.158, 41106.988, 78114.152, 90186.136, 91489.8630000001, 
68174.731, 54196.382, 101875.8, 106272.084, 109534.294, 97753.2729999998, 
2.35403, 12.61234, 4.6643, 4.43728, 1.56085, 2.36259, 12.62133, 
2.79842, 14.71956, 1.81289, 0.93519, -5.4816, -3.34962, -3.19313, 
-7.5251, -5.0892, -6.21682, -14.30963, -3.6397, -2.13699, -5.68998, 
-4.99745, 0, 0, 0, 0, 0, 0, 0, 0, 0, 0, 0, 0, 0, 0, 0, 0, 0, 
0, 0, 0, 0, 0, 0.97154, 0.9741, 0.97296, 0.972, 0.97398, 0.97308, 
0.97079, 0.97112, 0.97095, 0.97164, 0.97152, 0.96996, 0.97194, 
0.97296, 0.97139, 0.97229, 0.97202, 0.96931, 0.96925, 0.97051, 
0.97081, 0.97152, 0.3176, 1.3627, 2.4813, 0.5283, 0.7402, 0.5767, 
0.6778, 2.6369, 8.3858, 0.8816, 1.0988, 189.1, 778.3, 897.4, 
143.2, 251.7, 178.4, 136.2, 842.7, 1755.5, 238, 311.2, 631, 53, 
35, 1972, 1605, 923, 3, 866, 439, 453, 507, 2, 13, 37, 1522, 
3, 1, 14, 6, 22, 4, 7, 100, 100, 100, 100, 100, 100, 100, 100, 
100, 100, 100, 2500, 2500, 2500, 2500, 2500, 2500, 2500, 2500, 
2500, 2500, 2500, 25168.077, 41635.842, 56612.938, 68607.964, 
68004.4940000001, 67803.6320000001, 69084.5429999999, 94326.966, 
103878.275, 97021.7879999999, 104779.898, 1, 1, 1, 1, 1, 1, 1, 
1, 1, 1, 1, 0.01389, 0.01389, 0.01389, 0.01389, 0.01389, 0.01389, 
0.01389, 0.01389, 0.01389, 0.01389, 0.01389, 0, 0, 0, 0, 0, 0, 
0, 0, 0, 0, 0, 0, 0, 0, 0, 0, 0, 0, 0, 0, 0, 0, 0.97153, 0.97194, 
0.9723, 0.972, 0.97286, 0.97202, 0.9703, 0.97018, 0.97051, 0.97039, 
0.97113, 0.97153, 0.97194, 0.9723, 0.972, 0.97286, 0.97202, 0.9703, 
0.97018, 0.97051, 0.97039, 0.97113, 0.295, 0.3873, 0.4591, 0.5424, 
0.5457, 0.6002, 0.6378, 0.7579, 0.7999, 0.8434, 0.8639, 151.6, 
145.8, 155.5, 165.1, 174.8, 179, 190.6, 195.1, 204.2, 217.1, 
221.2, 1, 1, 1, 1, 1, 1, 1, 1, 1, 1, 1, 1, 1, 1, 1, 1, 1, 1, 
1, 1, 1, 1, 1, 1, 1, 1, 1, 1, 1, 1, 1, 1, 1, 1, 1, 1, 1, 1, 1, 
1, 1, 1, 1, 1, 6.033, 7.755, 8.764, 9.955, 8.576, 9.419, 9.87, 
11.334, 11.836, 11.955, 12.56), .Dim = c(11L, 40L), .Dimnames = list(
    NULL, c("Sampling", "PSO.cost", "PSO.gamma", "PSO.data.balancing", 
    "PSO.feature.selection", "PSO.valid.acc", "PSO.test.acc", 
    "PSO.train.time", "PSO.n.support.vectors", "PSO.index", "PSO.n.solutions", 
    "PSO.generations", "PSO.n.evaluations", "PSO.cpu.time", "RS.cost", 
    "RS.gamma", "RS.data.balancing", "RS.feature.selection", 
    "RS.valid.acc", "RS.test.acc", "RS.train.time", "RS.n.support.vectors", 
    "RS.index", "RS.n.solutions", "RS.generations", "RS.n.evaluations", 
    "RS.cpu.time", "DF.cost", "DF.gamma", "DF.data.balancing", 
    "DF.feature.selection", "DF.valid.acc", "DF.test.acc", "DF.train.time", 
    "DF.n.support.vectors", "DF.index", "DF.n.solutions", "DF.generations", 
    "DF.n.evaluations", "DF.cpu.time")))
