full <-
structure(c(50, 55, 60, 65, 70, 75, 80, 85, 90, 95, 100, 15, 
3.2246, 1, 4.73356, 5.40189, 4.77785, 3.08333, 5.0357, 0.56118, 
1, 9.32007, -2.26766, -6.40346, 0.01389, -8.33998, -8.54399, 
-2.56262, -2.18725, -7.23419, -3.44979, 0.01389, -2.09358, 0, 
0, 0, 0, 0, 0, 0, 0, 0, 0, 0, 0, 0, 0, 0, 0, 0, 0, 0, 0, 0, 0, 
0.9652, 0.96693, 0.96901, 0.97077, 0.97003, 0.96938, 0.97129, 
0.97296, 0.97316, 0.97081, 0.97152, 0.96283, 0.96332, 0.96901, 
0.96956, 0.96606, 0.96938, 0.97079, 0.9669, 0.97228, 0.97081, 
0.97113, 1.3192, 0.2966, 0.3285, 0.3318, 0.4322, 6.0714, 5.6923, 
0.706, 3.7198, 0.8094, 7.9706, 982.9, 127.6, 131.9, 116.3, 128.4, 
1359.6, 1556.2, 170.9, 1028.9, 214, 1950.3, 128, 1881, 1, 68, 
2494, 26, 26, 715, 830, 1, 71, 475, 15, 2016, 123, 261, 1834, 
508, 61, 31, 1799, 471, 100, 100, 100, 100, 100, 100, 100, 100, 
100, 100, 100, 2500, 2500, 2500, 2500, 2500, 2500, 2500, 2500, 
2500, 2500, 2500, 34546.13, 24645.604, 40853.748, 26654.878, 
63802.365, 152391.91, 126575.553, 130179.825, 131822.93, 85282.2520000001, 
181138.507, 9.30059, 3.47636, 0.70813, 9.92218, 11.96859, 0.14614, 
11.51126, 5.78759, 0.57077, 0.39222, 12.40632, -2.25648, -7.03508, 
-8.47961, -13.14491, -2.2458, -3.01526, -2.26829, -7.66402, -3.51962, 
-3.13515, -1.99347, 0, 0, 0, 0, 0, 0, 0, 0, 0, 0, 0, 0, 0, 0, 
0, 0, 0, 0, 0, 0, 0, 0, 0.9652, 0.96692, 0.96901, 0.97077, 0.97003, 
0.96991, 0.97129, 0.9725, 0.97316, 0.97122, 0.97152, 0.96283, 
0.96548, 0.96901, 0.97016, 0.96889, 0.96938, 0.97129, 0.96597, 
0.97228, 0.97039, 0.97073, 1.3281, 0.2823, 0.2926, 0.3442, 3.8663, 
4.8525, 6.0672, 0.7123, 3.3012, 5.0701, 8.3984, 984.4, 118.7, 
110.2, 106.3, 1358.8, 1137.7, 1539, 165.5, 978, 1294.3, 1968.6, 
342, 235, 2, 186, 137, 858, 16, 1798, 153, 1028, 65, 7, 1, 1431, 
14, 5, 1, 22, 1, 2, 1, 14, 100, 100, 100, 100, 100, 100, 100, 
100, 100, 100, 100, 2500, 2500, 2500, 2500, 2500, 2500, 2500, 
2500, 2500, 2500, 2500, 24282.506, 29371.293, 32736.8, 37684.074, 
73837.349, 74401.665, 82091.412, 93975.267, 89361.382, 92626.061, 
103759.703, 1, 1, 1, 1, 1, 1, 1, 1, 1, 1, 1, 0.01389, 0.01389, 
0.01389, 0.01389, 0.01389, 0.01389, 0.01389, 0.01389, 0.01389, 
0.01389, 0.01389, 0, 0, 0, 0, 0, 0, 0, 0, 0, 0, 0, 0, 0, 0, 0, 
0, 0, 0, 0, 0, 0, 0, 0.96441, 0.96619, 0.96901, 0.97016, 0.96946, 
0.96938, 0.97079, 0.97204, 0.97228, 0.97081, 0.97113, 0.96441, 
0.96619, 0.96901, 0.97016, 0.96946, 0.96938, 0.97079, 0.97204, 
0.97228, 0.97081, 0.97113, 0.2526, 0.2934, 0.3244, 0.3627, 0.5674, 
0.5979, 0.638, 0.7338, 0.7239, 0.8057, 0.8672, 128.7, 129.4, 
131.9, 139.7, 155.5, 169.7, 179.8, 191, 197.4, 214, 219.7, 1, 
1, 1, 1, 1, 1, 1, 1, 1, 1, 1, 1, 1, 1, 1, 1, 1, 1, 1, 1, 1, 1, 
1, 1, 1, 1, 1, 1, 1, 1, 1, 1, 1, 1, 1, 1, 1, 1, 1, 1, 1, 1, 1, 
1, 5.437, 5.878, 6.291, 6.675, 9.738, 10.076, 10.569, 10.782, 
10.683, 11.552, 12.215), .Dim = c(11L, 40L), .Dimnames = list(
    NULL, c("Sampling", "PSO.cost", "PSO.gamma", "PSO.data.balancing", 
    "PSO.feature.selection", "PSO.valid.acc", "PSO.test.acc", 
    "PSO.train.time", "PSO.n.support.vectors", "PSO.index", "PSO.n.solutions", 
    "PSO.generations", "PSO.n.evaluations", "PSO.cpu.time", "RS.cost", 
    "RS.gamma", "RS.data.balancing", "RS.feature.selection", 
    "RS.valid.acc", "RS.test.acc", "RS.train.time", "RS.n.support.vectors", 
    "RS.index", "RS.n.solutions", "RS.generations", "RS.n.evaluations", 
    "RS.cpu.time", "DF.cost", "DF.gamma", "DF.data.balancing", 
    "DF.feature.selection", "DF.valid.acc", "DF.test.acc", "DF.train.time", 
    "DF.n.support.vectors", "DF.index", "DF.n.solutions", "DF.generations", 
    "DF.n.evaluations", "DF.cpu.time")))
