full <-
structure(c(50, 55, 60, 65, 70, 75, 80, 85, 90, 95, 100, 4.73575, 
1.80194, 2.24269, 6.16085, 2.46737, 6.79007, 4.89138, 2.11504, 
7.15473, 1.13425, 0.68967, -8.28945, -3.75998, -6.02683, -8.85579, 
-5.93991, -8.85505, -7.90818, -5.22836, -9.01351, -5.0601, -3.10398, 
0, 0, 0, 0, 0, 0, 0, 0, 0, 0, 0, 0, 0, 0, 0, 0, 0, 0, 0, 0, 0, 
0, 0.97548, 0.97627, 0.97626, 0.97747, 0.97907, 0.97836, 0.97574, 
0.9767, 0.97668, 0.97248, 0.97152, 0.97469, 0.97483, 0.9756, 
0.97746, 0.97681, 0.97678, 0.97228, 0.97623, 0.97139, 0.97164, 
0.97074, 0.2408, 1.0449, 0.4108, 0.3745, 0.5631, 0.5029, 0.5594, 
0.9015, 0.7406, 1.0299, 5.7109, 101, 573.7, 160.9, 117.4, 168.7, 
130.2, 153.2, 257.3, 161, 288.3, 1377.8, 35, 368, 386, 40, 654, 
172, 923, 694, 1163, 198, 83, 295, 466, 127, 121, 170, 110, 72, 
76, 52, 68, 669, 100, 100, 100, 100, 100, 100, 100, 100, 100, 
100, 100, 2500, 2500, 2500, 2500, 2500, 2500, 2500, 2500, 2500, 
2500, 2500, 17923.829, 33837.204, 39404.441, 30188.918, 41971.141, 
25728.875, 69154.952, 91118.556, 42906.189, 74483.112, 135172.433, 
11.80821, 2.08003, 3.37361, 1.5041, 3.30073, 5.85032, 5.38427, 
1.3071, 7.07029, 1.6575, 2.54831, -13.67117, -3.78206, -7.19511, 
-4.2284, -6.58765, -8.24647, -8.17505, -4.82136, -8.88681, -5.93887, 
-2.83716, 0, 0, 0, 0, 0, 0, 0, 0, 0, 0, 0, 0, 0, 0, 0, 0, 0, 
0, 0, 0, 0, 0, 0.97629, 0.97627, 0.97626, 0.97747, 0.97907, 0.97836, 
0.97574, 0.97624, 0.97579, 0.97206, 0.97152, 0.97628, 0.97483, 
0.9756, 0.97686, 0.97681, 0.97678, 0.97228, 0.97577, 0.97139, 
0.97164, 0.97113, 0.2439, 0.9296, 0.3548, 0.9789, 0.4996, 0.5075, 
0.5556, 1.1342, 0.7425, 0.8042, 6.3986, 81.5, 559.7, 130, 458.7, 
147.1, 133.7, 150, 359.6, 162.4, 217.1, 1571.2, 1888, 1646, 92, 
1137, 953, 1271, 312, 311, 306, 11, 42, 1, 1, 5, 8, 4, 1, 3, 
4, 1, 26, 40, 100, 100, 100, 100, 100, 100, 100, 100, 100, 100, 
100, 2500, 2500, 2500, 2500, 2500, 2500, 2500, 2500, 2500, 2500, 
2500, 25098.633, 34511.623, 42497.64, 43935.493, 61937.794, 63673.486, 
66509.7120000001, 86952.1220000001, 94272.9110000001, 98501.9149999999, 
98629.3020000001, 1, 1, 1, 1, 1, 1, 1, 1, 1, 1, 1, 0.01389, 0.01389, 
0.01389, 0.01389, 0.01389, 0.01389, 0.01389, 0.01389, 0.01389, 
0.01389, 0.01389, 0, 0, 0, 0, 0, 0, 0, 0, 0, 0, 0, 0, 0, 0, 0, 
0, 0, 0, 0, 0, 0, 0, 0.97469, 0.97411, 0.97494, 0.97625, 0.97738, 
0.97678, 0.97475, 0.97577, 0.97403, 0.97165, 0.97113, 0.97469, 
0.97411, 0.97494, 0.97625, 0.97738, 0.97678, 0.97475, 0.97577, 
0.97403, 0.97165, 0.97113, 0.2629, 0.3152, 0.4191, 0.4384, 0.497, 
0.5649, 0.6242, 0.7102, 0.7681, 0.8071, 0.8793, 130.4, 137.3, 
154.6, 160.6, 158.4, 173.6, 187.2, 192.9, 203.3, 209.7, 225.7, 
1, 1, 1, 1, 1, 1, 1, 1, 1, 1, 1, 1, 1, 1, 1, 1, 1, 1, 1, 1, 1, 
1, 1, 1, 1, 1, 1, 1, 1, 1, 1, 1, 1, 1, 1, 1, 1, 1, 1, 1, 1, 1, 
1, 1, 5.788, 6.169, 7.542, 7.719, 8.233, 9.005, 9.987, 10.625, 
11.388, 11.77, 12.62), .Dim = c(11L, 40L), .Dimnames = list(NULL, 
    c("Sampling", "PSO.cost", "PSO.gamma", "PSO.data.balancing", 
    "PSO.feature.selection", "PSO.valid.acc", "PSO.test.acc", 
    "PSO.train.time", "PSO.n.support.vectors", "PSO.index", "PSO.n.solutions", 
    "PSO.generations", "PSO.n.evaluations", "PSO.cpu.time", "RS.cost", 
    "RS.gamma", "RS.data.balancing", "RS.feature.selection", 
    "RS.valid.acc", "RS.test.acc", "RS.train.time", "RS.n.support.vectors", 
    "RS.index", "RS.n.solutions", "RS.generations", "RS.n.evaluations", 
    "RS.cpu.time", "DF.cost", "DF.gamma", "DF.data.balancing", 
    "DF.feature.selection", "DF.valid.acc", "DF.test.acc", "DF.train.time", 
    "DF.n.support.vectors", "DF.index", "DF.n.solutions", "DF.generations", 
    "DF.n.evaluations", "DF.cpu.time")))
