full <-
structure(c(50, 55, 60, 65, 70, 75, 80, 85, 90, 95, 100, 1.88778, 
4.39683, 2.10123, 3.26976, 6.10252, 7.75131, 0.92863, 0.95477, 
0.57758, 5.65061, 6.65974, -6.01774, -7.83632, -6.2246, -6.31833, 
-8.95098, -9.75018, -3.92343, -4.14533, -3.11465, -3.22057, -2.55722, 
0, 0, 0, 0, 0, 0, 0, 0, 0, 0, 0, 0, 0, 0, 0, 0, 0, 0, 0, 0, 0, 
0, 0.97391, 0.97339, 0.9723, 0.97443, 0.97399, 0.97361, 0.97279, 
0.97344, 0.97227, 0.97248, 0.97192, 0.97312, 0.97267, 0.97098, 
0.97017, 0.97342, 0.97203, 0.9713, 0.97251, 0.97228, 0.97165, 
0.97192, 0.2589, 0.313, 0.4053, 0.4562, 0.4648, 0.5621, 1.7641, 
1.6065, 4.6682, 6.5966, 6.0912, 123.6, 117.5, 149.7, 149.5, 131.2, 
136.6, 704.1, 610.4, 1262.3, 1243.4, 1755.5, 414, 154, 218, 191, 
416, 2011, 2167, 1605, 608, 65, 925, 289, 269, 145, 173, 60, 
6, 3, 33, 62, 218, 290, 100, 100, 100, 100, 100, 100, 100, 100, 
100, 100, 100, 2500, 2500, 2500, 2500, 2500, 2500, 2500, 2500, 
2500, 2500, 2500, 21251.582, 24859.46, 31824.465, 34172.642, 
40864.36, 51883.288, 71020.411, 73739.135, 115545.637, 113693.345, 
159728.609, 2.47414, 5.28177, 4.02407, 3.64707, 7.37228, 1.41885, 
4.60082, 0.23339, 0.64385, 10.16404, 13.86501, -6.62494, -8.26019, 
-7.74956, -6.56055, -10.00128, -4.67432, -7.01265, -3.55647, 
-2.92273, -3.22007, -2.52864, 0, 0, 0, 0, 0, 0, 0, 0, 0, 0, 0, 
0, 0, 0, 0, 0, 0, 0, 0, 0, 0, 0, 0.97391, 0.97339, 0.9723, 0.97443, 
0.97342, 0.97361, 0.97229, 0.97298, 0.97227, 0.97248, 0.97152, 
0.97312, 0.97339, 0.97033, 0.97078, 0.97342, 0.9715, 0.96882, 
0.97298, 0.97228, 0.97165, 0.97113, 0.2503, 0.3192, 0.3772, 0.4487, 
0.4591, 0.938, 0.5841, 3.0526, 5.1348, 4.7248, 6.6459, 113, 114.8, 
128, 145.4, 123.4, 354.3, 171.4, 949.5, 1388.3, 1243.1, 1773.2, 
476, 1460, 198, 768, 23, 1358, 1793, 376, 836, 867, 8, 6, 3, 
11, 4, 24, 1, 1436, 7, 1, 4, 28, 100, 100, 100, 100, 100, 100, 
100, 100, 100, 100, 100, 2500, 2500, 2500, 2500, 2500, 2500, 
2500, 2500, 2500, 2500, 2500, 26436.326, 38037.772, 47891.26, 
51856.12, 59120.043, 69730.738, 69500.746, 80631.6719999999, 
87810.5110000001, 85079.1239999998, 90031.162, 1, 1, 1, 1, 1, 
1, 1, 1, 1, 1, 1, 0.01389, 0.01389, 0.01389, 0.01389, 0.01389, 
0.01389, 0.01389, 0.01389, 0.01389, 0.01389, 0.01389, 0, 0, 0, 
0, 0, 0, 0, 0, 0, 0, 0, 0, 0, 0, 0, 0, 0, 0, 0, 0, 0, 0, 0.97154, 
0.97195, 0.97164, 0.9726, 0.97286, 0.97255, 0.97229, 0.97251, 
0.97184, 0.97165, 0.97113, 0.97154, 0.97195, 0.97164, 0.9726, 
0.97286, 0.97255, 0.97229, 0.97251, 0.97184, 0.97165, 0.97113, 
0.2515, 0.3473, 0.3944, 0.4391, 0.4961, 0.589, 0.6217, 0.6784, 
0.7695, 0.7756, 0.8176, 119.6, 138.4, 151.4, 152.4, 162.6, 174.4, 
190.5, 193.2, 197.8, 210, 227.3, 1, 1, 1, 1, 1, 1, 1, 1, 1, 1, 
1, 1, 1, 1, 1, 1, 1, 1, 1, 1, 1, 1, 1, 1, 1, 1, 1, 1, 1, 1, 1, 
1, 1, 1, 1, 1, 1, 1, 1, 1, 1, 1, 1, 1, 5.722, 6.67, 7.444, 7.979, 
8.744, 10.179, 10.029, 10.601, 12.036, 11.412, 11.731), .Dim = c(11L, 
40L), .Dimnames = list(NULL, c("Sampling", "PSO.cost", "PSO.gamma", 
"PSO.data.balancing", "PSO.feature.selection", "PSO.valid.acc", 
"PSO.test.acc", "PSO.train.time", "PSO.n.support.vectors", "PSO.index", 
"PSO.n.solutions", "PSO.generations", "PSO.n.evaluations", "PSO.cpu.time", 
"RS.cost", "RS.gamma", "RS.data.balancing", "RS.feature.selection", 
"RS.valid.acc", "RS.test.acc", "RS.train.time", "RS.n.support.vectors", 
"RS.index", "RS.n.solutions", "RS.generations", "RS.n.evaluations", 
"RS.cpu.time", "DF.cost", "DF.gamma", "DF.data.balancing", "DF.feature.selection", 
"DF.valid.acc", "DF.test.acc", "DF.train.time", "DF.n.support.vectors", 
"DF.index", "DF.n.solutions", "DF.generations", "DF.n.evaluations", 
"DF.cpu.time")))
