full <-
structure(c(50, 55, 60, 65, 70, 75, 80, 85, 90, 95, 100, 8.85841, 
5.29085, 5.90585, 8.56585, 6.24009, 4.63765, 6.78263, 7.80898, 
6.20265, 3.46991, 0.82137, -10.4485, -8.02869, -9.57205, -11.19997, 
-9.93962, -8.63618, -9.27534, -9.81718, -8.91204, -7.36341, -3.67576, 
0, 0, 0, 0, 0, 0, 0, 0, 0, 0, 0, 0, 0, 0, 0, 0, 0, 0, 0, 0, 0, 
0, 0.97153, 0.97338, 0.96967, 0.97016, 0.9706, 0.97044, 0.97327, 
0.97344, 0.97184, 0.9704, 0.97231, 0.96677, 0.97266, 0.96702, 
0.96649, 0.97059, 0.96992, 0.96881, 0.96925, 0.9692, 0.9704, 
0.97073, 0.2739, 0.3899, 0.4079, 0.4994, 0.4551, 0.5336, 0.5191, 
0.7303, 0.7561, 0.8179, 3.2339, 93.1, 111.3, 112.9, 117.7, 123.2, 
136.4, 141.9, 150.8, 166.3, 189.5, 953.9, 2168, 2053, 459, 695, 
442, 2448, 796, 617, 521, 37, 965, 4, 41, 120, 62, 120, 1, 105, 
70, 127, 228, 34, 100, 100, 100, 100, 100, 100, 100, 100, 100, 
100, 100, 2500, 2500, 2500, 2500, 2500, 2500, 2500, 2500, 2500, 
2500, 2500, 17283.14, 22401.372, 35185.833, 28291.228, 46503.535, 
142035.695, 27197.0669999999, 64855.25, 87291.3670000001, 91798.889, 
102055.229, 9.04198, 6.58185, 5.70904, 8.70519, 6.56607, 6.24291, 
6.98988, 7.61895, 10.06423, 2.07689, 0.88932, -10.56918, -9.3096, 
-9.45223, -11.28503, -10.15079, -9.90018, -9.42681, -9.71199, 
-11.22365, -6.08465, -3.80409, 0, 0, 0, 0, 0, 0, 0, 0, 0, 0, 
0, 0, 0, 0, 0, 0, 0, 0, 0, 0, 0, 0, 0.97153, 0.97266, 0.969, 
0.97016, 0.9706, 0.97097, 0.97327, 0.97298, 0.97184, 0.9704, 
0.97231, 0.96677, 0.97338, 0.96768, 0.96588, 0.97059, 0.96992, 
0.96881, 0.96878, 0.96788, 0.96956, 0.97034, 0.2566, 0.3452, 
0.3475, 0.4668, 0.4149, 0.5801, 0.5978, 0.6765, 0.8351, 0.8902, 
3.1173, 92.2, 101.5, 113.3, 117.4, 121.6, 131.1, 140.9, 150.9, 
154.3, 216.2, 863.9, 2337, 139, 166, 1624, 656, 1541, 311, 1658, 
122, 15, 2135, 1, 1, 6, 1, 7, 1, 2, 6, 8, 22, 1, 100, 100, 100, 
100, 100, 100, 100, 100, 100, 100, 100, 2500, 2500, 2500, 2500, 
2500, 2500, 2500, 2500, 2500, 2500, 2500, 27981.005, 52367.147, 
46292.201, 68441.273, 53965.986, 82059.9839999999, 81171.611, 
89397.6309999999, 103956.085, 107851.87, 111824.956, 1, 1, 1, 
1, 1, 1, 1, 1, 1, 1, 1, 0.01389, 0.01389, 0.01389, 0.01389, 0.01389, 
0.01389, 0.01389, 0.01389, 0.01389, 0.01389, 0.01389, 0, 0, 0, 
0, 0, 0, 0, 0, 0, 0, 0, 0, 0, 0, 0, 0, 0, 0, 0, 0, 0, 0, 0.96915, 
0.97051, 0.96702, 0.96773, 0.97003, 0.96992, 0.97079, 0.97158, 
0.97096, 0.97039, 0.97113, 0.96915, 0.97051, 0.96702, 0.96773, 
0.97003, 0.96992, 0.97079, 0.97158, 0.97096, 0.97039, 0.97113, 
0.2724, 0.4402, 0.4494, 0.5334, 0.4929, 0.6489, 0.6248, 0.6776, 
0.7869, 0.8392, 0.9197, 128.5, 134.8, 153.1, 162.9, 165, 173.5, 
179.9, 190.1, 201.3, 212.5, 222, 1, 1, 1, 1, 1, 1, 1, 1, 1, 1, 
1, 1, 1, 1, 1, 1, 1, 1, 1, 1, 1, 1, 1, 1, 1, 1, 1, 1, 1, 1, 1, 
1, 1, 1, 1, 1, 1, 1, 1, 1, 1, 1, 1, 1, 6.765, 9.035, 9.115, 9.904, 
7.928, 11.106, 10.628, 11.326, 12.057, 12.94, 14.103), .Dim = c(11L, 
40L), .Dimnames = list(NULL, c("Sampling", "PSO.cost", "PSO.gamma", 
"PSO.data.balancing", "PSO.feature.selection", "PSO.valid.acc", 
"PSO.test.acc", "PSO.train.time", "PSO.n.support.vectors", "PSO.index", 
"PSO.n.solutions", "PSO.generations", "PSO.n.evaluations", "PSO.cpu.time", 
"RS.cost", "RS.gamma", "RS.data.balancing", "RS.feature.selection", 
"RS.valid.acc", "RS.test.acc", "RS.train.time", "RS.n.support.vectors", 
"RS.index", "RS.n.solutions", "RS.generations", "RS.n.evaluations", 
"RS.cpu.time", "DF.cost", "DF.gamma", "DF.data.balancing", "DF.feature.selection", 
"DF.valid.acc", "DF.test.acc", "DF.train.time", "DF.n.support.vectors", 
"DF.index", "DF.n.solutions", "DF.generations", "DF.n.evaluations", 
"DF.cpu.time")))
