full <-
structure(c(50, 55, 60, 65, 70, 75, 80, 85, 90, 95, 100, 2.31301, 
1.85236, 0.90327, 1.32116, 1.23903, 0.80089, 12.21469, 15, 0.67452, 
2.1504, 2.58936, -6.41172, -5.86614, -3.87426, -4.89731, -5.04766, 
-3.65189, -2.40854, -2.85118, -2.87921, -6.01379, -6.14515, 0, 
0, 0, 0, 0, 0, 0, 0, 0, 0, 0, 0, 0, 0, 0, 0, 0, 0, 0, 0, 0, 0, 
0.97548, 0.97698, 0.97559, 0.97383, 0.97228, 0.97466, 0.97129, 
0.97297, 0.9714, 0.97164, 0.97271, 0.9739, 0.97626, 0.97428, 
0.97078, 0.97059, 0.97255, 0.97129, 0.97204, 0.97052, 0.97081, 
0.97113, 0.2314, 0.2973, 1.0382, 0.6219, 0.6108, 1.9842, 6.0641, 
8.8075, 5.9818, 0.8395, 1.0742, 97.7, 111.2, 540, 269.5, 231, 
771.7, 1492.8, 1351.7, 1398.4, 220.2, 222.3, 263, 1867, 1280, 
1984, 978, 1644, 229, 70, 223, 633, 2188, 186, 2, 17, 7, 50, 
39, 412, 1257, 396, 132, 2, 100, 100, 100, 100, 100, 100, 100, 
100, 100, 100, 100, 2500, 2500, 2500, 2500, 2500, 2500, 2500, 
2500, 2500, 2500, 2500, 20250.255, 35778.117, 42193.442, 49766.957, 
78547.185, 85569.438, 84455.944, 207677.448, 107866.7, 74460.014, 
146331.775, 0.86574, 1.15554, 7.91561, 1.21711, 12.08805, 3.22019, 
0.8233, 6.27456, 0.487, 2.54359, 11.32078, -4.47487, -4.42208, 
-3.7195, -4.80089, -2.60353, -3.40705, -2.82957, -2.67559, -3.46339, 
-6.27265, -2.20698, 0, 0, 0, 0, 0, 0, 0, 0, 0, 0, 0, 0, 0, 0, 
0, 0, 0, 0, 0, 0, 0, 0, 0.97548, 0.97698, 0.97493, 0.97322, 0.97172, 
0.97413, 0.97178, 0.97297, 0.9714, 0.97164, 0.97153, 0.97469, 
0.97412, 0.97361, 0.97139, 0.97172, 0.97308, 0.97178, 0.97065, 
0.97139, 0.97081, 0.97113, 0.4541, 0.5613, 1.0321, 0.6411, 6.021, 
2.8478, 6.2164, 7.4224, 3.6052, 0.962, 12.2411, 275.2, 290.2, 
576.5, 292, 1253.5, 892.6, 1300.1, 1450.1, 1021.8, 213.5, 1918.9, 
19, 369, 102, 62, 1, 1241, 1134, 2, 286, 65, 42, 10, 1, 9, 3, 
1692, 4, 1, 43, 8, 5, 28, 100, 100, 100, 100, 100, 100, 100, 
100, 100, 100, 100, 2500, 2500, 2500, 2500, 2500, 2500, 2500, 
2500, 2500, 2500, 2500, 25838.404, 32922.681, 38192.301, 43245.625, 
60865.857, 82589.46, 90524.419, 89566.4580000001, 90014.9440000001, 
129729.592, 110914.043, 1, 1, 1, 1, 1, 1, 1, 1, 1, 1, 1, 0.01389, 
0.01389, 0.01389, 0.01389, 0.01389, 0.01389, 0.01389, 0.01389, 
0.01389, 0.01389, 0.01389, 0, 0, 0, 0, 0, 0, 0, 0, 0, 0, 0, 0, 
0, 0, 0, 0, 0, 0, 0, 0, 0, 0, 0.97469, 0.97627, 0.97361, 0.9726, 
0.97172, 0.9715, 0.97079, 0.97158, 0.97096, 0.97081, 0.97113, 
0.97469, 0.97627, 0.97361, 0.9726, 0.97172, 0.9715, 0.97079, 
0.97158, 0.97096, 0.97081, 0.97113, 0.2268, 0.2714, 0.3313, 0.3731, 
0.4841, 0.6364, 0.6939, 0.7027, 0.7364, 0.9218, 0.8563, 100, 
106, 125.5, 144.6, 160.5, 174.9, 179.4, 196.4, 202.4, 214, 219.8, 
1, 1, 1, 1, 1, 1, 1, 1, 1, 1, 1, 1, 1, 1, 1, 1, 1, 1, 1, 1, 1, 
1, 1, 1, 1, 1, 1, 1, 1, 1, 1, 1, 1, 1, 1, 1, 1, 1, 1, 1, 1, 1, 
1, 1, 5.319, 5.929, 6.476, 6.815, 7.883, 10.714, 11.7, 10.411, 
10.729, 14.224, 12.34), .Dim = c(11L, 40L), .Dimnames = list(
    NULL, c("Sampling", "PSO.cost", "PSO.gamma", "PSO.data.balancing", 
    "PSO.feature.selection", "PSO.valid.acc", "PSO.test.acc", 
    "PSO.train.time", "PSO.n.support.vectors", "PSO.index", "PSO.n.solutions", 
    "PSO.generations", "PSO.n.evaluations", "PSO.cpu.time", "RS.cost", 
    "RS.gamma", "RS.data.balancing", "RS.feature.selection", 
    "RS.valid.acc", "RS.test.acc", "RS.train.time", "RS.n.support.vectors", 
    "RS.index", "RS.n.solutions", "RS.generations", "RS.n.evaluations", 
    "RS.cpu.time", "DF.cost", "DF.gamma", "DF.data.balancing", 
    "DF.feature.selection", "DF.valid.acc", "DF.test.acc", "DF.train.time", 
    "DF.n.support.vectors", "DF.index", "DF.n.solutions", "DF.generations", 
    "DF.n.evaluations", "DF.cpu.time")))
