full <-
structure(c(50, 55, 60, 65, 70, 75, 80, 85, 90, 95, 100, 1.51974, 
4.32831, 0.57731, 1.48242, 0.62262, 0.77212, 0.32618, 4.05979, 
0.66771, 3.62323, 0.66512, -4.34593, -3.04386, -2.94164, -2.4727, 
-3.04416, -3.77179, -3.35291, -2.0946, -2.69058, -7.51652, -2.80182, 
0, 0, 0, 0, 0, 0, 0, 0, 0, 0, 0, 0, 0, 0, 0, 0, 0, 0, 0, 0, 0, 
0, 0.97627, 0.97338, 0.97427, 0.97321, 0.97398, 0.97519, 0.97327, 
0.97205, 0.97183, 0.97164, 0.97231, 0.97232, 0.97194, 0.9723, 
0.97199, 0.97398, 0.97361, 0.97179, 0.97158, 0.97139, 0.97081, 
0.97073, 0.3177, 1.5121, 1.9352, 2.6682, 2.3616, 1.5879, 3.3739, 
5.2864, 6.1141, 0.7791, 6.0744, 178.2, 842.5, 950.1, 1210.9, 
1034.1, 661, 961.6, 1666.5, 1517.5, 193.6, 1595.9, 982, 166, 
1223, 49, 804, 41, 2259, 316, 441, 89, 699, 36, 386, 115, 842, 
60, 508, 1, 757, 82, 77, 54, 100, 100, 100, 100, 100, 100, 100, 
100, 100, 100, 100, 2500, 2500, 2500, 2500, 2500, 2500, 2500, 
2500, 2500, 2500, 2500, 22552.305, 43383.676, 61628.849, 70668.012, 
89084.163, 85050.5590000001, 99518.75, 117350.681, 111933.064, 
108908.399, 115525.139, 1.28103, 3.27686, 0.7662, 12.48936, 4.10659, 
12.79455, 0.69195, 9.06806, 0.70105, 4.08827, 0.36529, -4.17068, 
-3.0395, -2.78352, -2.54762, -2.54564, -2.89702, -4.09317, -2.06235, 
-2.69746, -7.8556, -3.3085, 0, 0, 0, 0, 0, 0, 0, 0, 0, 0, 0, 
0, 0, 0, 0, 0, 0, 0, 0, 0, 0, 0, 0.97548, 0.97338, 0.97362, 0.97321, 
0.97342, 0.97519, 0.97278, 0.97205, 0.97183, 0.97164, 0.97192, 
0.9739, 0.97194, 0.9723, 0.97138, 0.97342, 0.97308, 0.97228, 
0.97158, 0.97183, 0.97081, 0.97113, 0.4013, 1.534, 1.9645, 4.1233, 
3.4213, 3.454, 1.2287, 5.7368, 6.4678, 0.7731, 4.9154, 246.6, 
844.2, 1022.5, 1188.7, 1273.2, 1167, 504.8, 1671, 1514, 192, 
1231.6, 1063, 407, 837, 143, 29, 174, 2135, 683, 607, 43, 100, 
15, 5, 1, 21, 25, 14, 26, 2, 2, 6, 4, 100, 100, 100, 100, 100, 
100, 100, 100, 100, 100, 100, 2500, 2500, 2500, 2500, 2500, 2500, 
2500, 2500, 2500, 2500, 2500, 25013.299, 33065.712, 37837.892, 
54974.781, 50613.566, 62789.3280000001, 70593.292, 74415.3910000001, 
88615.1199999999, 92599.4670000002, 116754.984, 1, 1, 1, 1, 1, 
1, 1, 1, 1, 1, 1, 0.01389, 0.01389, 0.01389, 0.01389, 0.01389, 
0.01389, 0.01389, 0.01389, 0.01389, 0.01389, 0.01389, 0, 0, 0, 
0, 0, 0, 0, 0, 0, 0, 0, 0, 0, 0, 0, 0, 0, 0, 0, 0, 0, 0, 0.97312, 
0.97122, 0.97164, 0.97199, 0.97229, 0.97308, 0.97228, 0.97158, 
0.97095, 0.97123, 0.97113, 0.97312, 0.97122, 0.97164, 0.97199, 
0.97229, 0.97308, 0.97228, 0.97158, 0.97095, 0.97123, 0.97113, 
0.2291, 0.2791, 0.322, 0.372, 0.4524, 0.5476, 0.5437, 0.6291, 
0.7607, 0.8104, 1.0914, 102.2, 117, 126.6, 141.1, 155.8, 157.8, 
178.4, 188.1, 211.7, 216.3, 224.4, 1, 1, 1, 1, 1, 1, 1, 1, 1, 
1, 1, 1, 1, 1, 1, 1, 1, 1, 1, 1, 1, 1, 1, 1, 1, 1, 1, 1, 1, 1, 
1, 1, 1, 1, 1, 1, 1, 1, 1, 1, 1, 1, 1, 1, 5.413, 5.846, 6.33, 
6.885, 7.75, 9.634, 8.946, 9.763, 11.213, 11.728, 16.758), .Dim = c(11L, 
40L), .Dimnames = list(NULL, c("Sampling", "PSO.cost", "PSO.gamma", 
"PSO.data.balancing", "PSO.feature.selection", "PSO.valid.acc", 
"PSO.test.acc", "PSO.train.time", "PSO.n.support.vectors", "PSO.index", 
"PSO.n.solutions", "PSO.generations", "PSO.n.evaluations", "PSO.cpu.time", 
"RS.cost", "RS.gamma", "RS.data.balancing", "RS.feature.selection", 
"RS.valid.acc", "RS.test.acc", "RS.train.time", "RS.n.support.vectors", 
"RS.index", "RS.n.solutions", "RS.generations", "RS.n.evaluations", 
"RS.cpu.time", "DF.cost", "DF.gamma", "DF.data.balancing", "DF.feature.selection", 
"DF.valid.acc", "DF.test.acc", "DF.train.time", "DF.n.support.vectors", 
"DF.index", "DF.n.solutions", "DF.generations", "DF.n.evaluations", 
"DF.cpu.time")))
