full <-
structure(c(50, 55, 60, 65, 70, 75, 80, 85, 90, 95, 100, 1.42184, 
1.92575, 4.17688, 3.01288, 7.28997, 7.54526, 7.94762, 4.58279, 
0.69702, 0.64181, 0.62818, -3.3269, -5.16933, -3.31496, -3.00067, 
-2.84691, -2.95068, -2.7454, -2.93436, -2.88969, -4.36098, -3.46438, 
0, 0, 0, 0, 0, 0, 0, 0, 0, 0, 0, 0, 0, 0, 0, 0, 0, 0, 0, 0, 0, 
0, 0.9731, 0.97553, 0.97559, 0.97442, 0.97398, 0.97202, 0.97228, 
0.97437, 0.97359, 0.97248, 0.97231, 0.97152, 0.97481, 0.97229, 
0.97443, 0.97398, 0.97097, 0.97129, 0.97344, 0.97271, 0.97248, 
0.97033, 1.0451, 0.3663, 1.6232, 2.5081, 4.0664, 4.0826, 4.2337, 
6.5375, 5.4362, 1.8128, 4.0761, 673.8, 167.5, 757.4, 987, 1132.8, 
1157.3, 1333.3, 1275.8, 1389.4, 539.8, 1114, 324, 766, 41, 121, 
39, 1236, 562, 43, 590, 674, 2498, 476, 56, 996, 1214, 933, 36, 
1674, 1080, 74, 89, 1, 100, 100, 100, 100, 100, 100, 100, 100, 
100, 100, 100, 2500, 2500, 2500, 2500, 2500, 2500, 2500, 2500, 
2500, 2500, 2500, 32479.65, 37486.178, 51540.44, 73375.585, 91920.958, 
70938.9390000001, 82630.0299999999, 146637.323, 93348.2070000001, 
94687.044, 99905.1739999999, 1.17546, 5.7255, 8.89356, 3.52671, 
4.68772, 5.30394, 13.21225, 5.43634, 0.6625, 0.76339, 0.4533, 
-3.29635, -8.61514, -3.31642, -2.89194, -2.86794, -8.23594, -2.74243, 
-2.95432, -2.92359, -4.50332, -3.43722, 0, 0, 0, 0, 0, 0, 0, 
0, 0, 0, 0, 0, 0, 0, 0, 0, 0, 0, 0, 0, 0, 0, 0.9731, 0.97411, 
0.97559, 0.97442, 0.97398, 0.97202, 0.97228, 0.97437, 0.97359, 
0.97248, 0.97191, 0.97073, 0.97338, 0.97229, 0.97504, 0.97398, 
0.9715, 0.97129, 0.97344, 0.97271, 0.97206, 0.97112, 1.0129, 
0.295, 1.597, 2.4868, 3.8094, 0.5339, 4.5985, 5.432, 6.5942, 
1.5942, 4.8306, 689.5, 98, 756.7, 1040.8, 1121.4, 155.6, 1334.9, 
1264.1, 1367.7, 480.3, 1132, 275, 1465, 34, 50, 13, 2276, 19, 
9, 2453, 146, 831, 4, 1, 25, 21, 37, 9, 1539, 61, 1, 4, 1, 100, 
100, 100, 100, 100, 100, 100, 100, 100, 100, 100, 2500, 2500, 
2500, 2500, 2500, 2500, 2500, 2500, 2500, 2500, 2500, 25162.892, 
31568.645, 41973.29, 49211.921, 62286.5060000001, 67479.0650000001, 
70874.3509999999, 85774.8960000001, 94042.8930000002, 98310.3320000002, 
102457.56, 1, 1, 1, 1, 1, 1, 1, 1, 1, 1, 1, 0.01389, 0.01389, 
0.01389, 0.01389, 0.01389, 0.01389, 0.01389, 0.01389, 0.01389, 
0.01389, 0.01389, 0, 0, 0, 0, 0, 0, 0, 0, 0, 0, 0, 0, 0, 0, 0, 
0, 0, 0, 0, 0, 0, 0, 0.97074, 0.97195, 0.97296, 0.97138, 0.97172, 
0.9715, 0.97228, 0.97298, 0.97271, 0.97165, 0.97112, 0.97074, 
0.97195, 0.97296, 0.97138, 0.97172, 0.9715, 0.97228, 0.97298, 
0.97271, 0.97165, 0.97112, 0.2304, 0.2835, 0.3531, 0.4448, 0.5065, 
0.5852, 0.6735, 0.7258, 0.7801, 0.8263, 0.8362, 107, 117.2, 131, 
152.7, 164, 187.3, 196.8, 197.5, 209.6, 220.2, 221.7, 1, 1, 1, 
1, 1, 1, 1, 1, 1, 1, 1, 1, 1, 1, 1, 1, 1, 1, 1, 1, 1, 1, 1, 1, 
1, 1, 1, 1, 1, 1, 1, 1, 1, 1, 1, 1, 1, 1, 1, 1, 1, 1, 1, 1, 5.234, 
5.897, 6.691, 7.78, 8.311, 9.243, 10.566, 10.645, 11.521, 11.91, 
12.099), .Dim = c(11L, 40L), .Dimnames = list(NULL, c("Sampling", 
"PSO.cost", "PSO.gamma", "PSO.data.balancing", "PSO.feature.selection", 
"PSO.valid.acc", "PSO.test.acc", "PSO.train.time", "PSO.n.support.vectors", 
"PSO.index", "PSO.n.solutions", "PSO.generations", "PSO.n.evaluations", 
"PSO.cpu.time", "RS.cost", "RS.gamma", "RS.data.balancing", "RS.feature.selection", 
"RS.valid.acc", "RS.test.acc", "RS.train.time", "RS.n.support.vectors", 
"RS.index", "RS.n.solutions", "RS.generations", "RS.n.evaluations", 
"RS.cpu.time", "DF.cost", "DF.gamma", "DF.data.balancing", "DF.feature.selection", 
"DF.valid.acc", "DF.test.acc", "DF.train.time", "DF.n.support.vectors", 
"DF.index", "DF.n.solutions", "DF.generations", "DF.n.evaluations", 
"DF.cpu.time")))
