full <-
structure(c(50, 55, 60, 65, 70, 75, 80, 85, 90, 95, 100, 1.24871, 
2.85823, 6.69092, 8.0606, 8.03653, 3.869, 6.97274, 0.24312, 0.61436, 
0.73899, 8.25295, -3.77008, -3.69852, -9.37028, -11.39537, -11.12387, 
-2.82134, -3.33044, -3.62552, -3.07085, -5.0438, -3.16101, 0, 
0, 0, 0, 0, 0, 0, 0, 0, 0, 0, 0, 0, 0, 0, 0, 0, 0, 0, 0, 0, 0, 
0.97232, 0.97122, 0.97165, 0.96834, 0.9689, 0.96885, 0.96981, 
0.97112, 0.97051, 0.97123, 0.97193, 0.96995, 0.97049, 0.96835, 
0.96712, 0.96777, 0.96938, 0.96931, 0.97111, 0.97052, 0.97123, 
0.97073, 0.7119, 1.002, 0.3594, 0.4247, 0.517, 7.0594, 5.1093, 
4.7938, 5.5832, 1.0675, 10.5469, 531.1, 587.2, 119.9, 123.3, 
132.3, 1236.1, 1010.3, 869.5, 1297.3, 310.3, 1332.8, 2089, 489, 
1005, 753, 82, 42, 2065, 697, 2486, 209, 123, 5, 277, 37, 21, 
66, 1003, 215, 85, 589, 129, 648, 100, 100, 100, 100, 100, 100, 
100, 100, 100, 100, 100, 2500, 2500, 2500, 2500, 2500, 2500, 
2500, 2500, 2500, 2500, 2500, 26683.46, 28176.801, 39906.81, 
41872.498, 58457.42, 153297.492, 101631.012, 160626.585, 146523.907, 
142891.184, 205246.013, 10.41557, 4.56791, 4.81133, 8.18087, 
9.23192, 13.20908, 9.32731, 0.27587, 13.59806, 0.86001, 6.81068, 
-3.57714, -3.71612, -7.84874, -11.52066, -12.21437, -14.65547, 
-2.90641, -3.38065, -2.96241, -4.9712, -3.17314, 0, 0, 0, 0, 
0, 0, 0, 0, 0, 0, 0, 0, 0, 0, 0, 0, 0, 0, 0, 0, 0, 0, 0.97153, 
0.97122, 0.97099, 0.96834, 0.9689, 0.96938, 0.96981, 0.97112, 
0.97051, 0.97123, 0.97193, 0.97074, 0.97049, 0.96836, 0.96712, 
0.96777, 0.96779, 0.96981, 0.97158, 0.97051, 0.97123, 0.97113, 
0.7982, 1.0346, 0.3748, 0.4068, 0.5358, 0.7301, 6.5964, 7.63, 
5.9784, 1.3499, 7.439, 587.5, 580, 131.9, 123.1, 129, 130.3, 
1255.7, 1033, 1358.3, 327.1, 1323.3, 411, 48, 612, 1153, 124, 
1088, 54, 520, 255, 63, 171, 22, 24, 6, 1, 5, 1, 46, 4, 22, 27, 
10, 100, 100, 100, 100, 100, 100, 100, 100, 100, 100, 100, 2500, 
2500, 2500, 2500, 2500, 2500, 2500, 2500, 2500, 2500, 2500, 24370.23, 
33249.358, 41369.554, 44617.82, 87806.941, 87077.2620000001, 
96022.483, 95473.7989999999, 88259.1529999999, 158953.218, 128090.935, 
1, 1, 1, 1, 1, 1, 1, 1, 1, 1, 1, 0.01389, 0.01389, 0.01389, 0.01389, 
0.01389, 0.01389, 0.01389, 0.01389, 0.01389, 0.01389, 0.01389, 
0, 0, 0, 0, 0, 0, 0, 0, 0, 0, 0, 0, 0, 0, 0, 0, 0, 0, 0, 0, 0, 
0, 0.96995, 0.96979, 0.96967, 0.96712, 0.96833, 0.96832, 0.96931, 
0.97065, 0.97007, 0.97081, 0.97113, 0.96995, 0.96979, 0.96967, 
0.96712, 0.96833, 0.96832, 0.96931, 0.97065, 0.97007, 0.97081, 
0.97113, 0.2651, 0.333, 0.3835, 0.446, 0.6776, 0.6831, 0.7822, 
0.6787, 0.7586, 1.0205, 0.9515, 134.9, 149.7, 154.4, 173.1, 177.9, 
187.3, 197.8, 196.7, 210, 219.4, 222.6, 1, 1, 1, 1, 1, 1, 1, 
1, 1, 1, 1, 1, 1, 1, 1, 1, 1, 1, 1, 1, 1, 1, 1, 1, 1, 1, 1, 1, 
1, 1, 1, 1, 1, 1, 1, 1, 1, 1, 1, 1, 1, 1, 1, 1, 5.576, 6.415, 
7.186, 7.745, 11.538, 11.228, 13.081, 10.425, 11.182, 15.631, 
14.191), .Dim = c(11L, 40L), .Dimnames = list(NULL, c("Sampling", 
"PSO.cost", "PSO.gamma", "PSO.data.balancing", "PSO.feature.selection", 
"PSO.valid.acc", "PSO.test.acc", "PSO.train.time", "PSO.n.support.vectors", 
"PSO.index", "PSO.n.solutions", "PSO.generations", "PSO.n.evaluations", 
"PSO.cpu.time", "RS.cost", "RS.gamma", "RS.data.balancing", "RS.feature.selection", 
"RS.valid.acc", "RS.test.acc", "RS.train.time", "RS.n.support.vectors", 
"RS.index", "RS.n.solutions", "RS.generations", "RS.n.evaluations", 
"RS.cpu.time", "DF.cost", "DF.gamma", "DF.data.balancing", "DF.feature.selection", 
"DF.valid.acc", "DF.test.acc", "DF.train.time", "DF.n.support.vectors", 
"DF.index", "DF.n.solutions", "DF.generations", "DF.n.evaluations", 
"DF.cpu.time")))
