full <-
structure(c(50, 55, 60, 65, 70, 75, 80, 85, 90, 95, 100, 14.03051, 
3.53712, 0.89382, 1.89771, 5.45915, 0.58732, 1.57564, 8.33882, 
1.12845, 4.38145, 1.42324, -2.55104, -2.77187, -3.91409, -2.94125, 
-2.44169, -3.79585, -2.34945, -10.05283, -5.58918, -7.85698, 
-4.72572, 0, 0, 0, 0, 0, 0, 0, 0, 0, 0, 0, 0, 0, 0, 0, 0, 0, 
0, 0, 0, 0, 0, 0.97627, 0.97483, 0.97494, 0.97504, 0.97172, 0.97202, 
0.97178, 0.97205, 0.97228, 0.9729, 0.97231, 0.97548, 0.97483, 
0.97362, 0.97504, 0.97172, 0.97097, 0.97129, 0.96925, 0.97184, 
0.9729, 0.97033, 1.5037, 2.1849, 0.9755, 3.2393, 4.4025, 1.483, 
4.3785, 0.736, 0.7356, 0.7079, 1.2738, 929.5, 941.1, 435.7, 1008.1, 
1312.1, 678.3, 1520.1, 158.3, 221.2, 180.8, 387.7, 13, 13, 897, 
178, 16, 1089, 28, 587, 7, 33, 2431, 1437, 833, 79, 963, 1289, 
57, 723, 103, 232, 178, 1, 100, 100, 100, 100, 100, 100, 100, 
100, 100, 100, 100, 2500, 2500, 2500, 2500, 2500, 2500, 2500, 
2500, 2500, 2500, 2500, 38172.725, 63017.544, 56307.164, 81197.835, 
114329.692, 71386.5769999999, 99387.496, 84847.4700000001, 45207.3530000001, 
42728.8200000001, 66274.0700000001, 14.61365, 5.40028, 0.91017, 
11.61284, 8.23622, 0.5254, 11.43819, 7.49524, 6.47241, 3.6564, 
2.36874, -2.54971, -2.79066, -2.62805, -2.95269, -2.47441, -3.5377, 
-2.17402, -9.57028, -9.48941, -7.37819, -6.11748, 0, 0, 0, 0, 
0, 0, 0, 0, 0, 0, 0, 0, 0, 0, 0, 0, 0, 0, 0, 0, 0, 0, 0.97627, 
0.97483, 0.97427, 0.97504, 0.97172, 0.97149, 0.97178, 0.97205, 
0.97228, 0.9729, 0.97191, 0.97548, 0.97483, 0.97427, 0.97504, 
0.97172, 0.97097, 0.97178, 0.96925, 0.97184, 0.9729, 0.97112, 
1.3292, 2.5568, 3.6126, 2.7549, 4.4406, 2.1263, 4.8925, 0.7012, 
0.656, 0.7179, 0.8335, 929.7, 932.9, 1078.9, 1001.5, 1302.1, 
828.7, 1559.8, 160.7, 165.2, 185.4, 225.2, 10, 225, 10, 191, 
5, 1647, 33, 1143, 32, 167, 8, 123, 7, 82, 18, 109, 2, 42, 42, 
129, 15, 6, 100, 100, 100, 100, 100, 100, 100, 100, 100, 100, 
100, 2500, 2500, 2500, 2500, 2500, 2500, 2500, 2500, 2500, 2500, 
2500, 25965.763, 43862.817, 49291.409, 54520.322, 57201.1800000001, 
62987.915, 68717.224, 84350.1110000001, 82582.0430000001, 82895.273, 
93508.794, 1, 1, 1, 1, 1, 1, 1, 1, 1, 1, 1, 0.01389, 0.01389, 
0.01389, 0.01389, 0.01389, 0.01389, 0.01389, 0.01389, 0.01389, 
0.01389, 0.01389, 0, 0, 0, 0, 0, 0, 0, 0, 0, 0, 0, 0, 0, 0, 0, 
0, 0, 0, 0, 0, 0, 0, 0.97548, 0.97339, 0.97361, 0.97321, 0.97116, 
0.97044, 0.97129, 0.97158, 0.97184, 0.97248, 0.97112, 0.97548, 
0.97339, 0.97361, 0.97321, 0.97116, 0.97044, 0.97129, 0.97158, 
0.97184, 0.97248, 0.97112, 0.2715, 0.3639, 0.4162, 0.4489, 0.4756, 
0.5499, 0.5848, 0.7015, 0.656, 0.7358, 0.7772, 127.2, 130.5, 
139, 155.5, 177.4, 187.6, 190.8, 199.8, 204.6, 209.2, 221.6, 
1, 1, 1, 1, 1, 1, 1, 1, 1, 1, 1, 1, 1, 1, 1, 1, 1, 1, 1, 1, 1, 
1, 1, 1, 1, 1, 1, 1, 1, 1, 1, 1, 1, 1, 1, 1, 1, 1, 1, 1, 1, 1, 
1, 1, 6.311, 7.695, 8.396, 8.401, 7.9, 9.097, 9.4, 10.702, 9.907, 
10.777, 11.316), .Dim = c(11L, 40L), .Dimnames = list(NULL, c("Sampling", 
"PSO.cost", "PSO.gamma", "PSO.data.balancing", "PSO.feature.selection", 
"PSO.valid.acc", "PSO.test.acc", "PSO.train.time", "PSO.n.support.vectors", 
"PSO.index", "PSO.n.solutions", "PSO.generations", "PSO.n.evaluations", 
"PSO.cpu.time", "RS.cost", "RS.gamma", "RS.data.balancing", "RS.feature.selection", 
"RS.valid.acc", "RS.test.acc", "RS.train.time", "RS.n.support.vectors", 
"RS.index", "RS.n.solutions", "RS.generations", "RS.n.evaluations", 
"RS.cpu.time", "DF.cost", "DF.gamma", "DF.data.balancing", "DF.feature.selection", 
"DF.valid.acc", "DF.test.acc", "DF.train.time", "DF.n.support.vectors", 
"DF.index", "DF.n.solutions", "DF.generations", "DF.n.evaluations", 
"DF.cpu.time")))
