full <-
structure(c(50, 55, 60, 65, 70, 75, 80, 85, 90, 95, 100, 3.2123, 
3.95245, 11.61773, 4.52159, 1, 9.0651, 4.03642, 3.3698, 5.15813, 
0.57467, 3.95686, -6.37427, -6.59951, -3.43139, -3.22134, 0.01389, 
-4.85353, -2.95198, -3.15334, -2.70903, -3.77545, -7.30166, 0, 
0, 0, 0, 0, 0, 0, 0, 0, 0, 0, 0, 0, 0, 0, 0, 0, 0, 0, 0, 0, 0, 
0.97311, 0.97484, 0.97296, 0.97504, 0.97455, 0.97518, 0.97476, 
0.97344, 0.97139, 0.97248, 0.97192, 0.97232, 0.96766, 0.9723, 
0.97321, 0.97455, 0.96991, 0.97426, 0.97344, 0.97051, 0.97039, 
0.97152, 0.264, 0.3108, 1.4689, 1.9154, 0.4976, 0.6467, 3.3387, 
4.5984, 6.2789, 2.5926, 0.8637, 128.8, 133, 763.6, 898.4, 166.9, 
206, 1224, 1173.7, 1516.4, 862.1, 199.4, 1717, 451, 42, 132, 
1, 128, 26, 61, 188, 906, 419, 19, 171, 1939, 778, 2038, 1355, 
1255, 629, 716, 48, 40, 100, 100, 100, 100, 100, 100, 100, 100, 
100, 100, 100, 2500, 2500, 2500, 2500, 2500, 2500, 2500, 2500, 
2500, 2500, 2500, 21696.288, 32061.465, 54489.507, 71942.198, 
106450.883, 35426.829, 93317.552, 112591.058, 236577.845, 124791.406, 
154316.022, 1.92777, 3.33283, 0.9705, 6.22076, 2.19622, 10.80488, 
12.94234, 3.90974, 11.6856, 0.33613, 6.57533, -4.89709, -6.55195, 
-4.00129, -3.18595, -5.95049, -4.832, -2.66392, -3.15093, -13.10635, 
-4.33769, -9.26882, 0, 0, 0, 0, 0, 0, 0, 0, 0, 0, 0, 0, 0, 0, 
0, 0, 0, 0, 0, 0, 0, 0, 0.97232, 0.97483, 0.97296, 0.97504, 0.97456, 
0.97518, 0.97476, 0.97344, 0.97139, 0.97123, 0.97152, 0.97153, 
0.96907, 0.97296, 0.97321, 0.97229, 0.97043, 0.97426, 0.97344, 
0.96919, 0.97081, 0.97112, 0.3984, 0.3269, 1.0126, 2.9718, 0.542, 
0.6232, 4.0311, 4.5767, 1.0672, 1.8249, 0.8879, 249.6, 130.6, 
538, 915.9, 176.4, 207.6, 1387.9, 1176.1, 146.4, 555.7, 180.7, 
77, 1589, 1894, 272, 488, 175, 58, 1981, 103, 383, 802, 6, 1, 
1584, 26, 2, 36, 85, 2, 19, 5, 17, 100, 100, 100, 100, 100, 100, 
100, 100, 100, 100, 100, 2500, 2500, 2500, 2500, 2500, 2500, 
2500, 2500, 2500, 2500, 2500, 25568.009, 33322.995, 38458.556, 
54597.558, 63595.669, 62169.583, 64710.8929999999, 84280.5279999999, 
140699.885, 112852.056, 123191.759, 1, 1, 1, 1, 1, 1, 1, 1, 1, 
1, 1, 0.01389, 0.01389, 0.01389, 0.01389, 0.01389, 0.01389, 0.01389, 
0.01389, 0.01389, 0.01389, 0.01389, 0, 0, 0, 0, 0, 0, 0, 0, 0, 
0, 0, 0, 0, 0, 0, 0, 0, 0, 0, 0, 0, 0, 0.97153, 0.97339, 0.97296, 
0.97382, 0.97455, 0.9736, 0.97377, 0.97251, 0.97051, 0.97081, 
0.97113, 0.97153, 0.97339, 0.97296, 0.97382, 0.97455, 0.9736, 
0.97377, 0.97251, 0.97051, 0.97081, 0.97113, 0.2563, 0.3142, 
0.3902, 0.4125, 0.5538, 0.5517, 0.5596, 0.7123, 0.9096, 1.0621, 
0.9403, 134.6, 139.3, 155.1, 158.3, 166.9, 171.1, 182.2, 196.9, 
203.1, 215.2, 223.7, 1, 1, 1, 1, 1, 1, 1, 1, 1, 1, 1, 1, 1, 1, 
1, 1, 1, 1, 1, 1, 1, 1, 1, 1, 1, 1, 1, 1, 1, 1, 1, 1, 1, 1, 1, 
1, 1, 1, 1, 1, 1, 1, 1, 1, 5.597, 6.362, 7.147, 7.399, 9.035, 
8.879, 8.96, 10.634, 14.299, 16.063, 14.085), .Dim = c(11L, 40L
), .Dimnames = list(NULL, c("Sampling", "PSO.cost", "PSO.gamma", 
"PSO.data.balancing", "PSO.feature.selection", "PSO.valid.acc", 
"PSO.test.acc", "PSO.train.time", "PSO.n.support.vectors", "PSO.index", 
"PSO.n.solutions", "PSO.generations", "PSO.n.evaluations", "PSO.cpu.time", 
"RS.cost", "RS.gamma", "RS.data.balancing", "RS.feature.selection", 
"RS.valid.acc", "RS.test.acc", "RS.train.time", "RS.n.support.vectors", 
"RS.index", "RS.n.solutions", "RS.generations", "RS.n.evaluations", 
"RS.cpu.time", "DF.cost", "DF.gamma", "DF.data.balancing", "DF.feature.selection", 
"DF.valid.acc", "DF.test.acc", "DF.train.time", "DF.n.support.vectors", 
"DF.index", "DF.n.solutions", "DF.generations", "DF.n.evaluations", 
"DF.cpu.time")))
