full <-
structure(c(50, 55, 60, 65, 70, 75, 80, 85, 90, 95, 100, 3.17627, 
8.3936, 1.6648, 2.85099, 2.10625, 3.04423, 11.75218, 7.06975, 
0.70906, 0.56492, 5.03882, -7.03271, -3.611, -5.15383, -6.60316, 
-5.15521, -6.02607, -13.85084, -9.94118, -3.62601, -3.00591, 
-8.2625, 0, 0, 0, 0, 0, 0, 0, 0, 0, 0, 0, 0, 0, 0, 0, 0, 0, 0, 
0, 0, 0, 0, 0.97153, 0.97196, 0.97033, 0.96894, 0.97116, 0.97096, 
0.9708, 0.97158, 0.97228, 0.97165, 0.97192, 0.96915, 0.97195, 
0.96835, 0.96833, 0.96889, 0.9678, 0.96882, 0.97018, 0.97007, 
0.9704, 0.96995, 0.2458, 1.1583, 0.4614, 0.4248, 0.6349, 0.5552, 
0.6063, 0.6624, 3.3153, 5.7015, 0.7916, 116.1, 625.9, 190.5, 
153, 226.8, 179.4, 134.9, 153.7, 925.2, 1388.1, 189.5, 38, 49, 
1551, 277, 1667, 1652, 11, 1156, 1177, 708, 682, 304, 1002, 25, 
77, 11, 8, 130, 4, 37, 78, 111, 100, 100, 100, 100, 100, 100, 
100, 100, 100, 100, 100, 2500, 2500, 2500, 2500, 2500, 2500, 
2500, 2500, 2500, 2500, 2500, 21038.6, 37943.643, 37568.008, 
34675.366, 38637.602, 50505.766, 47469.617, 78600.811, 100034.303, 
126879.301, 75205.294, 1.79524, 7.29767, 1.15964, 2.62053, 2.465, 
11.23633, 10.06711, 8.48559, 1.09299, 0.47889, 4.80627, -6.0518, 
-3.68258, -4.63738, -6.58206, -5.69835, -13.04405, -12.11742, 
-10.96376, -4.47705, -2.90497, -8.12555, 0, 0, 0, 0, 0, 0, 0, 
0, 0, 0, 0, 0, 0, 0, 0, 0, 0, 0, 0, 0, 0, 0, 0.97153, 0.97196, 
0.96967, 0.96833, 0.9706, 0.97044, 0.9708, 0.97158, 0.97228, 
0.97165, 0.97192, 0.97074, 0.97195, 0.96768, 0.96773, 0.96776, 
0.96885, 0.96882, 0.96924, 0.97095, 0.97039, 0.96955, 0.2699, 
1.0429, 0.6892, 0.4172, 0.5781, 0.5839, 0.5852, 0.6785, 1.5384, 
6.2158, 0.8227, 132.1, 591.8, 314.6, 152.7, 190.2, 128.9, 138.1, 
148.4, 475.5, 1451.6, 189.9, 246, 331, 2254, 19, 1277, 119, 90, 
1911, 1080, 285, 558, 20, 9, 51, 27, 2, 4, 8, 1, 1, 4, 2, 100, 
100, 100, 100, 100, 100, 100, 100, 100, 100, 100, 2500, 2500, 
2500, 2500, 2500, 2500, 2500, 2500, 2500, 2500, 2500, 25788.743, 
35732.389, 40671.493, 43639.994, 65945.773, 65631.027, 67184.225, 
91528.13, 91829.5310000001, 94611.8589999999, 98875.219, 1, 1, 
1, 1, 1, 1, 1, 1, 1, 1, 1, 0.01389, 0.01389, 0.01389, 0.01389, 
0.01389, 0.01389, 0.01389, 0.01389, 0.01389, 0.01389, 0.01389, 
0, 0, 0, 0, 0, 0, 0, 0, 0, 0, 0, 0, 0, 0, 0, 0, 0, 0, 0, 0, 0, 
0, 0.97074, 0.97051, 0.969, 0.96773, 0.9672, 0.96938, 0.9698, 
0.97111, 0.97096, 0.97123, 0.97113, 0.97074, 0.97051, 0.969, 
0.96773, 0.9672, 0.96938, 0.9698, 0.97111, 0.97096, 0.97123, 
0.97113, 0.2608, 0.3274, 0.3561, 0.4369, 0.5322, 0.5456, 0.6224, 
0.7221, 0.7574, 0.7991, 0.8492, 127.6, 134.4, 143.7, 160.4, 170.9, 
172.1, 189.4, 195.2, 208.1, 212, 222, 1, 1, 1, 1, 1, 1, 1, 1, 
1, 1, 1, 1, 1, 1, 1, 1, 1, 1, 1, 1, 1, 1, 1, 1, 1, 1, 1, 1, 1, 
1, 1, 1, 1, 1, 1, 1, 1, 1, 1, 1, 1, 1, 1, 1, 5.676, 6.335, 6.688, 
7.611, 8.665, 8.812, 9.824, 10.768, 11.103, 11.616, 12.353), .Dim = c(11L, 
40L), .Dimnames = list(NULL, c("Sampling", "PSO.cost", "PSO.gamma", 
"PSO.data.balancing", "PSO.feature.selection", "PSO.valid.acc", 
"PSO.test.acc", "PSO.train.time", "PSO.n.support.vectors", "PSO.index", 
"PSO.n.solutions", "PSO.generations", "PSO.n.evaluations", "PSO.cpu.time", 
"RS.cost", "RS.gamma", "RS.data.balancing", "RS.feature.selection", 
"RS.valid.acc", "RS.test.acc", "RS.train.time", "RS.n.support.vectors", 
"RS.index", "RS.n.solutions", "RS.generations", "RS.n.evaluations", 
"RS.cpu.time", "DF.cost", "DF.gamma", "DF.data.balancing", "DF.feature.selection", 
"DF.valid.acc", "DF.test.acc", "DF.train.time", "DF.n.support.vectors", 
"DF.index", "DF.n.solutions", "DF.generations", "DF.n.evaluations", 
"DF.cpu.time")))
