full <-
structure(c(50, 55, 60, 65, 70, 75, 80, 85, 90, 95, 100, 3.52967, 
10.60152, 8.83897, 2.37687, 0.93471, 0.69586, 7.16969, 3.6951, 
0.47986, 0.51318, 0.64705, -3.11017, -2.90579, -3.51584, -6.69684, 
-2.15791, -3.06168, -2.25635, -8.05952, -3.32027, -3.94977, -3.47801, 
0, 0, 0, 0, 0, 0, 0, 0, 0, 0, 0, 0, 0, 0, 0, 0, 0, 0, 0, 0, 0, 
0, 0.97312, 0.97051, 0.97164, 0.97139, 0.97059, 0.9715, 0.97079, 
0.97205, 0.97271, 0.9729, 0.97232, 0.97232, 0.96979, 0.969, 0.97077, 
0.97002, 0.97097, 0.9703, 0.97158, 0.97051, 0.97165, 0.97113, 
1.0819, 1.4095, 1.4822, 0.419, 4.6333, 4.2176, 4.8448, 0.6303, 
4.5312, 2.5531, 5.2492, 758.2, 896.8, 682.1, 137.5, 1375.9, 1106.9, 
1543.9, 153.5, 1127.5, 759, 1106, 183, 19, 36, 267, 53, 202, 
28, 256, 1213, 1230, 1563, 1144, 760, 1031, 343, 578, 51, 265, 
152, 63, 30, 39, 100, 100, 100, 100, 100, 100, 100, 100, 100, 
100, 100, 2500, 2500, 2500, 2500, 2500, 2500, 2500, 2500, 2500, 
2500, 2500, 33344.263, 45248.572, 50341.708, 48026.302, 94080.709, 
98992.863, 46954.897, 59710.6880000001, 160243.552, 168532.009, 
178778.23, 0.76414, 8.02317, 2.01768, 2.93919, 0.14416, 0.61941, 
7.77645, 3.13053, 0.77779, 0.5127, 3.24309, -3.90756, -11.25769, 
-3.51278, -7.13924, -2.88484, -3.19483, -11.8425, -7.67749, -2.79771, 
-3.57067, -2.80782, 0, 0, 0, 0, 0, 0, 0, 0, 0, 0, 0, 0, 0, 0, 
0, 0, 0, 0, 0, 0, 0, 0, 0.97312, 0.97052, 0.97164, 0.97139, 0.97059, 
0.9715, 0.97079, 0.97205, 0.97228, 0.97206, 0.97192, 0.97232, 
0.96906, 0.969, 0.97077, 0.97002, 0.97097, 0.9703, 0.97158, 0.9714, 
0.97206, 0.97192, 0.6453, 0.3088, 1.6345, 0.4052, 4.1542, 3.0729, 
0.5203, 0.6034, 6.9653, 4.6323, 7.0886, 446.8, 95.8, 689.4, 132.6, 
1127.7, 1040, 132.6, 158.8, 1460.9, 1003.3, 1593.2, 9, 2129, 
20, 154, 29, 602, 42, 29, 36, 1994, 230, 22, 1, 17, 6, 56, 3, 
76, 6, 2, 28, 17, 100, 100, 100, 100, 100, 100, 100, 100, 100, 
100, 100, 2500, 2500, 2500, 2500, 2500, 2500, 2500, 2500, 2500, 
2500, 2500, 24259.797, 33294.229, 50342.031, 48193.45, 65045.569, 
65217.012, 69534.779, 84516.796, 97712.8300000001, 105142.381, 
102784.772, 1, 1, 1, 1, 1, 1, 1, 1, 1, 1, 1, 0.01389, 0.01389, 
0.01389, 0.01389, 0.01389, 0.01389, 0.01389, 0.01389, 0.01389, 
0.01389, 0.01389, 0, 0, 0, 0, 0, 0, 0, 0, 0, 0, 0, 0, 0, 0, 0, 
0, 0, 0, 0, 0, 0, 0, 0.97153, 0.96979, 0.97033, 0.97077, 0.97002, 
0.97097, 0.9703, 0.97158, 0.97184, 0.97165, 0.97113, 0.97153, 
0.96979, 0.97033, 0.97077, 0.97002, 0.97097, 0.9703, 0.97158, 
0.97184, 0.97165, 0.97113, 0.2406, 0.3385, 0.3784, 0.4212, 0.5225, 
0.5209, 0.5981, 0.6782, 0.7388, 0.8463, 0.8617, 121.7, 126.2, 
132.9, 144.9, 156.7, 163.3, 176.6, 185.3, 190.3, 214.1, 223.7, 
1, 1, 1, 1, 1, 1, 1, 1, 1, 1, 1, 1, 1, 1, 1, 1, 1, 1, 1, 1, 1, 
1, 1, 1, 1, 1, 1, 1, 1, 1, 1, 1, 1, 1, 1, 1, 1, 1, 1, 1, 1, 1, 
1, 1, 5.283, 6.798, 7.163, 7.587, 8.661, 8.549, 9.611, 10.219, 
11.098, 12.356, 12.379), .Dim = c(11L, 40L), .Dimnames = list(
    NULL, c("Sampling", "PSO.cost", "PSO.gamma", "PSO.data.balancing", 
    "PSO.feature.selection", "PSO.valid.acc", "PSO.test.acc", 
    "PSO.train.time", "PSO.n.support.vectors", "PSO.index", "PSO.n.solutions", 
    "PSO.generations", "PSO.n.evaluations", "PSO.cpu.time", "RS.cost", 
    "RS.gamma", "RS.data.balancing", "RS.feature.selection", 
    "RS.valid.acc", "RS.test.acc", "RS.train.time", "RS.n.support.vectors", 
    "RS.index", "RS.n.solutions", "RS.generations", "RS.n.evaluations", 
    "RS.cpu.time", "DF.cost", "DF.gamma", "DF.data.balancing", 
    "DF.feature.selection", "DF.valid.acc", "DF.test.acc", "DF.train.time", 
    "DF.n.support.vectors", "DF.index", "DF.n.solutions", "DF.generations", 
    "DF.n.evaluations", "DF.cpu.time")))
