full <-
structure(c(50, 55, 60, 65, 70, 75, 80, 85, 90, 95, 100, 2.77285, 
8.71665, 1.49694, 1, 0.76107, 0.95219, 7.14607, 2.91939, 5.27295, 
4.8218, 0.53545, -4.86475, -3.88818, -4.76908, 0.01389, -3.88224, 
-4.68994, -8.7514, -2.14259, -7.26752, -2.13352, -2.84231, 0, 
0, 0, 0, 0, 0, 0, 0, 0, 0, 0, 0, 0, 0, 0, 0, 0, 0, 0, 0, 0, 0, 
0.97707, 0.97698, 0.97825, 0.97625, 0.97625, 0.97625, 0.97624, 
0.97578, 0.97579, 0.97248, 0.97152, 0.97154, 0.97049, 0.97825, 
0.97625, 0.97625, 0.9752, 0.97178, 0.97531, 0.97183, 0.97206, 
0.97073, 0.2698, 0.7983, 0.5183, 0.3523, 1.6314, 0.9502, 0.5958, 
6.3464, 0.7044, 7.5715, 7.0407, 148.9, 476.9, 243.2, 124.6, 588.8, 
313.7, 136.7, 1658.5, 167.5, 1846.4, 1564.5, 378, 341, 2285, 
1, 771, 38, 957, 13, 1045, 95, 1169, 877, 779, 1, 1937, 102, 
349, 49, 948, 15, 619, 234, 100, 100, 100, 100, 100, 100, 100, 
100, 100, 100, 100, 2500, 2500, 2500, 2500, 2500, 2500, 2500, 
2500, 2500, 2500, 2500, 17301.225, 30353.426, 31119.497, 47919.993, 
108215.063, 101342.607, 49067.2949999999, 162749.902, 67388.482, 
175179.037, 184737.877, 2.49923, 6.18701, 1.82984, 3.05162, 11.01739, 
0.49726, 4.61547, 0.13579, 5.7877, 11.57508, 0.50249, -5.0014, 
-3.90458, -5.18082, -7.63451, -3.28873, -3.68165, -6.95599, -2.89329, 
-7.53017, -2.28465, -2.92295, 0, 0, 0, 0, 0, 0, 0, 0, 0, 0, 0, 
0, 0, 0, 0, 0, 0, 0, 0, 0, 0, 0, 0.97707, 0.97698, 0.97825, 0.97686, 
0.97625, 0.97678, 0.97574, 0.97578, 0.97535, 0.97248, 0.97152, 
0.97311, 0.97049, 0.97759, 0.97564, 0.97569, 0.97466, 0.97524, 
0.97531, 0.97183, 0.97165, 0.97073, 0.2699, 0.7811, 0.4152, 0.3909, 
2.6783, 2.1821, 0.5155, 4.7185, 0.7214, 8.4071, 6.7987, 148.4, 
469.3, 180, 106.5, 902.4, 740.4, 154.1, 1317.3, 166.2, 1798.4, 
1505.7, 780, 156, 2497, 1381, 825, 1780, 423, 90, 1765, 61, 1407, 
5, 12, 1, 1, 3, 1, 4, 20, 1, 39, 13, 100, 100, 100, 100, 100, 
100, 100, 100, 100, 100, 100, 2500, 2500, 2500, 2500, 2500, 2500, 
2500, 2500, 2500, 2500, 2500, 23286.691, 32589.433, 38404.489, 
56929.474, 69857.697, 80106.4110000001, 61899.995, 84186.353, 
93845.5129999998, 104611.499, 107953.22, 1, 1, 1, 1, 1, 1, 1, 
1, 1, 1, 1, 0.01389, 0.01389, 0.01389, 0.01389, 0.01389, 0.01389, 
0.01389, 0.01389, 0.01389, 0.01389, 0.01389, 0, 0, 0, 0, 0, 0, 
0, 0, 0, 0, 0, 0, 0, 0, 0, 0, 0, 0, 0, 0, 0, 0, 0.97469, 0.97483, 
0.97626, 0.97625, 0.97512, 0.97519, 0.97475, 0.97531, 0.97403, 
0.97206, 0.97113, 0.97469, 0.97483, 0.97626, 0.97625, 0.97512, 
0.97519, 0.97475, 0.97531, 0.97403, 0.97206, 0.97113, 0.2285, 
0.2866, 0.3251, 0.3897, 0.4852, 0.5529, 0.5605, 0.6212, 0.6829, 
0.7547, 0.8773, 110, 117.4, 119, 124.6, 135.7, 147.2, 168.1, 
170.4, 180.8, 202.6, 222.7, 1, 1, 1, 1, 1, 1, 1, 1, 1, 1, 1, 
1, 1, 1, 1, 1, 1, 1, 1, 1, 1, 1, 1, 1, 1, 1, 1, 1, 1, 1, 1, 1, 
1, 1, 1, 1, 1, 1, 1, 1, 1, 1, 1, 1, 5.436, 5.877, 6.279, 8.103, 
9.156, 9.786, 9.037, 9.697, 10.245, 11.208, 12.62), .Dim = c(11L, 
40L), .Dimnames = list(NULL, c("Sampling", "PSO.cost", "PSO.gamma", 
"PSO.data.balancing", "PSO.feature.selection", "PSO.valid.acc", 
"PSO.test.acc", "PSO.train.time", "PSO.n.support.vectors", "PSO.index", 
"PSO.n.solutions", "PSO.generations", "PSO.n.evaluations", "PSO.cpu.time", 
"RS.cost", "RS.gamma", "RS.data.balancing", "RS.feature.selection", 
"RS.valid.acc", "RS.test.acc", "RS.train.time", "RS.n.support.vectors", 
"RS.index", "RS.n.solutions", "RS.generations", "RS.n.evaluations", 
"RS.cpu.time", "DF.cost", "DF.gamma", "DF.data.balancing", "DF.feature.selection", 
"DF.valid.acc", "DF.test.acc", "DF.train.time", "DF.n.support.vectors", 
"DF.index", "DF.n.solutions", "DF.generations", "DF.n.evaluations", 
"DF.cpu.time")))
