full <-
structure(c(50, 55, 60, 65, 70, 75, 80, 85, 90, 95, 100, 1.05222, 
5.44659, 1.31676, 0.61122, 1, 6.28809, 1, 4.54498, 0.95078, 12.37789, 
2.69585, -3.918, -7.59995, -4.14061, -4.22274, 0.01389, -3.80578, 
0.01389, -8.61709, -4.81181, -3.07889, -2.78937, 0, 0, 0, 0, 
0, 0, 0, 0, 0, 0, 0, 0, 0, 0, 0, 0, 0, 0, 0, 0, 0, 0, 0.9739, 
0.97338, 0.97296, 0.972, 0.97229, 0.97413, 0.97229, 0.97111, 
0.97139, 0.97289, 0.97152, 0.97074, 0.9662, 0.96967, 0.97078, 
0.97229, 0.97149, 0.97229, 0.97065, 0.97095, 0.97123, 0.97073, 
0.6807, 0.3086, 0.9675, 1.0773, 0.4793, 1.5523, 0.6207, 0.6099, 
1.085, 5.4803, 5.8297, 465.9, 109.4, 459.3, 459.7, 157.7, 622.3, 
189.1, 163.2, 361.2, 1337.3, 1605.6, 1158, 1132, 713, 11, 1, 
94, 1, 317, 635, 859, 149, 115, 72, 116, 374, 1946, 934, 1849, 
118, 212, 3, 940, 100, 100, 100, 100, 100, 100, 100, 100, 100, 
100, 100, 2500, 2500, 2500, 2500, 2500, 2500, 2500, 2500, 2500, 
2500, 2500, 27220.507, 39824.921, 40076.897, 43897.334, 87497.814, 
60443.187, 69916.373, 76622.473, 59775.0129999999, 131472.29, 
143525.999, 0.95604, 5.53891, 1.30024, 0.4942, 0.41184, 6.35253, 
-0.34345, 12.46018, 6.28175, 11.03345, 11.51369, -3.9746, -7.56184, 
-3.99061, -4.38608, -7.65988, -3.76382, -12.64757, -14.36807, 
-9.28896, -3.02179, -2.81952, 0, 0, 0, 0, 0, 0, 0, 0, 0, 0, 0, 
0, 0, 0, 0, 0, 0, 0, 0, 0, 0, 0, 0.97312, 0.97266, 0.97296, 0.972, 
0.97229, 0.97413, 0.97229, 0.97111, 0.97095, 0.97248, 0.97152, 
0.96995, 0.96692, 0.97033, 0.972, 0.97229, 0.97096, 0.97229, 
0.97111, 0.97095, 0.97165, 0.97034, 0.6365, 0.3129, 1.0172, 0.8594, 
0.4281, 1.6339, 0.4676, 0.7019, 0.6704, 5.0528, 5.7815, 447.9, 
110.2, 513.7, 400.7, 132, 648.8, 138.1, 142.5, 169.1, 1375.2, 
1583.3, 1085, 1410, 318, 110, 1, 661, 1, 22, 61, 17, 421, 2, 
3, 2, 11, 1536, 11, 1520, 29, 22, 10, 21, 100, 100, 100, 100, 
100, 100, 100, 100, 100, 100, 100, 2500, 2500, 2500, 2500, 2500, 
2500, 2500, 2500, 2500, 2500, 2500, 24727.25, 37905.532, 47252.079, 
51972.464, 62114.703, 66809.241, 68837.655, 76008.4469999999, 
83592.7830000001, 84782.7760000001, 85669.487, 1, 1, 1, 1, 1, 
1, 1, 1, 1, 1, 1, 0.01389, 0.01389, 0.01389, 0.01389, 0.01389, 
0.01389, 0.01389, 0.01389, 0.01389, 0.01389, 0.01389, 0, 0, 0, 
0, 0, 0, 0, 0, 0, 0, 0, 0, 0, 0, 0, 0, 0, 0, 0, 0, 0, 0, 0.97153, 
0.97195, 0.97098, 0.97139, 0.97229, 0.97307, 0.97229, 0.97065, 
0.97051, 0.97123, 0.97113, 0.97153, 0.97195, 0.97098, 0.97139, 
0.97229, 0.97307, 0.97229, 0.97065, 0.97051, 0.97123, 0.97113, 
0.251, 0.3172, 0.4068, 0.4243, 0.4871, 0.5494, 0.5943, 0.6479, 
0.7785, 0.7462, 0.7446, 121.1, 128.2, 150.1, 151.9, 157.7, 165.5, 
189.1, 199.9, 211.2, 215, 221.5, 1, 1, 1, 1, 1, 1, 1, 1, 1, 1, 
1, 1, 1, 1, 1, 1, 1, 1, 1, 1, 1, 1, 1, 1, 1, 1, 1, 1, 1, 1, 1, 
1, 1, 1, 1, 1, 1, 1, 1, 1, 1, 1, 1, 1, 5.612, 6.444, 7.891, 7.658, 
8.744, 9.537, 9.465, 9.906, 12.077, 10.857, 10.774), .Dim = c(11L, 
40L), .Dimnames = list(NULL, c("Sampling", "PSO.cost", "PSO.gamma", 
"PSO.data.balancing", "PSO.feature.selection", "PSO.valid.acc", 
"PSO.test.acc", "PSO.train.time", "PSO.n.support.vectors", "PSO.index", 
"PSO.n.solutions", "PSO.generations", "PSO.n.evaluations", "PSO.cpu.time", 
"RS.cost", "RS.gamma", "RS.data.balancing", "RS.feature.selection", 
"RS.valid.acc", "RS.test.acc", "RS.train.time", "RS.n.support.vectors", 
"RS.index", "RS.n.solutions", "RS.generations", "RS.n.evaluations", 
"RS.cpu.time", "DF.cost", "DF.gamma", "DF.data.balancing", "DF.feature.selection", 
"DF.valid.acc", "DF.test.acc", "DF.train.time", "DF.n.support.vectors", 
"DF.index", "DF.n.solutions", "DF.generations", "DF.n.evaluations", 
"DF.cpu.time")))
