full <-
structure(c(50, 55, 60, 65, 70, 75, 80, 85, 90, 95, 100, 9.18922, 
6.63159, 4.98452, 3.7486, 3.32594, 6.5099, 5.32899, 2.47409, 
12.15459, 1.23336, 7.23915, -11.43367, -9.2608, -8.02886, -7.17457, 
-6.94193, -9.36752, -7.96925, -6.36532, -2.86112, -4.85795, -3.4383, 
0, 0, 0, 0, 0, 0, 0, 0, 0, 0, 0, 0, 0, 0, 0, 0, 0, 0, 0, 0, 0, 
0, 0.97392, 0.97267, 0.97363, 0.9726, 0.97342, 0.97361, 0.97378, 
0.97251, 0.97183, 0.97206, 0.97191, 0.97312, 0.96978, 0.97231, 
0.97199, 0.97228, 0.97202, 0.97129, 0.97251, 0.97051, 0.97081, 
0.96835, 0.2426, 0.2796, 0.3235, 0.4788, 0.5479, 0.5891, 0.5829, 
0.7322, 7.1254, 1.251, 4.0655, 90.6, 101.1, 122, 140, 148.7, 
134.2, 157.7, 192.8, 1421.2, 333.6, 1104.3, 267, 817, 1060, 368, 
230, 513, 855, 739, 397, 780, 26, 51, 40, 37, 315, 92, 67, 52, 
54, 761, 118, 168, 100, 100, 100, 100, 100, 100, 100, 100, 100, 
100, 100, 2500, 2500, 2500, 2500, 2500, 2500, 2500, 2500, 2500, 
2500, 2500, 21986.607, 26495.857, 36233.731, 44655.108, 67869.914, 
65131.415, 31743.7559999999, 67142.226, 186849.841, 111036.272, 
142069.875, 7.37914, 5.56056, 4.42988, 2.66312, 4.01376, 5.3332, 
5.1002, 8.49973, 3.49264, 1.25186, 5.60887, -10.01458, -8.4861, 
-7.56513, -6.36154, -7.44389, -8.45574, -7.81154, -10.55969, 
-2.83926, -4.85703, -8.40807, 0, 0, 0, 0, 0, 0, 0, 0, 0, 0, 0, 
0, 0, 0, 0, 0, 0, 0, 0, 0, 0, 0, 0.97392, 0.97267, 0.97297, 0.9726, 
0.97342, 0.97308, 0.97378, 0.97251, 0.97183, 0.97164, 0.97191, 
0.97312, 0.9705, 0.97231, 0.97199, 0.97228, 0.9715, 0.97129, 
0.97204, 0.97095, 0.97081, 0.96994, 0.2425, 0.2697, 0.425, 0.4786, 
0.5484, 0.5546, 0.585, 0.7185, 7.9226, 1.1773, 0.7972, 96.5, 
105, 127.9, 150.7, 142.4, 143.5, 158.2, 144.7, 1433.3, 334, 187.8, 
445, 432, 194, 492, 752, 272, 892, 101, 265, 1378, 2128, 2, 2, 
3, 2, 3, 25, 1, 42, 11, 1, 5, 100, 100, 100, 100, 100, 100, 100, 
100, 100, 100, 100, 2500, 2500, 2500, 2500, 2500, 2500, 2500, 
2500, 2500, 2500, 2500, 23969.455, 29175.831, 54571.185, 63806.866, 
76756.133, 75311.764, 70386.23, 89211.934, 113081.684, 108810.38, 
99635.7709999999, 1, 1, 1, 1, 1, 1, 1, 1, 1, 1, 1, 0.01389, 0.01389, 
0.01389, 0.01389, 0.01389, 0.01389, 0.01389, 0.01389, 0.01389, 
0.01389, 0.01389, 0, 0, 0, 0, 0, 0, 0, 0, 0, 0, 0, 0, 0, 0, 0, 
0, 0, 0, 0, 0, 0, 0, 0.97233, 0.97195, 0.9723, 0.97139, 0.97229, 
0.9715, 0.97129, 0.97204, 0.97096, 0.97039, 0.97112, 0.97233, 
0.97195, 0.9723, 0.97139, 0.97229, 0.9715, 0.97129, 0.97204, 
0.97096, 0.97039, 0.97112, 0.2462, 0.2839, 0.437, 0.4717, 0.5704, 
0.5855, 0.617, 0.73, 0.8157, 0.8227, 0.8316, 120.4, 126.4, 146.7, 
152, 158.5, 172.3, 181.5, 198.3, 204.2, 211.9, 223.1, 1, 1, 1, 
1, 1, 1, 1, 1, 1, 1, 1, 1, 1, 1, 1, 1, 1, 1, 1, 1, 1, 1, 1, 1, 
1, 1, 1, 1, 1, 1, 1, 1, 1, 1, 1, 1, 1, 1, 1, 1, 1, 1, 1, 1, 5.199, 
5.736, 8.522, 8.77, 9.876, 9.97, 10.378, 11.421, 12.766, 11.781, 
12.001), .Dim = c(11L, 40L), .Dimnames = list(NULL, c("Sampling", 
"PSO.cost", "PSO.gamma", "PSO.data.balancing", "PSO.feature.selection", 
"PSO.valid.acc", "PSO.test.acc", "PSO.train.time", "PSO.n.support.vectors", 
"PSO.index", "PSO.n.solutions", "PSO.generations", "PSO.n.evaluations", 
"PSO.cpu.time", "RS.cost", "RS.gamma", "RS.data.balancing", "RS.feature.selection", 
"RS.valid.acc", "RS.test.acc", "RS.train.time", "RS.n.support.vectors", 
"RS.index", "RS.n.solutions", "RS.generations", "RS.n.evaluations", 
"RS.cpu.time", "DF.cost", "DF.gamma", "DF.data.balancing", "DF.feature.selection", 
"DF.valid.acc", "DF.test.acc", "DF.train.time", "DF.n.support.vectors", 
"DF.index", "DF.n.solutions", "DF.generations", "DF.n.evaluations", 
"DF.cpu.time")))
