full <-
structure(c(50, 55, 60, 65, 70, 75, 80, 85, 90, 95, 100, 3.35738, 
2.8267, 5.63651, 1.11403, 8.73918, 2.48739, 2.46085, 2.53898, 
1.97863, 7.33327, 3.59532, -6.6882, -4.68771, -3.272, -4.23697, 
-11.10238, -5.44337, -4.94148, -6.02228, -4.02504, -3.04517, 
-7.59116, 0, 0, 0, 0, 0, 0, 0, 0, 0, 0, 0, 0, 0, 0, 0, 0, 0, 
0, 0, 0, 0, 0, 0.96994, 0.96765, 0.96768, 0.97016, 0.97228, 0.9736, 
0.97277, 0.97064, 0.97096, 0.97081, 0.97152, 0.96676, 0.96186, 
0.96636, 0.96651, 0.96832, 0.96884, 0.96931, 0.97064, 0.97007, 
0.96914, 0.97152, 0.2723, 0.4018, 2.1066, 0.9763, 0.5208, 0.6171, 
0.7173, 0.6916, 1.8747, 5.8976, 0.852, 127.3, 201, 853.7, 454.7, 
127.8, 198.5, 244.4, 205, 649, 1362.8, 198.3, 1147, 692, 98, 
568, 1411, 657, 2454, 756, 2496, 40, 15, 76, 177, 619, 167, 62, 
49, 2, 19, 1, 860, 93, 100, 100, 100, 100, 100, 100, 100, 100, 
100, 100, 100, 2500, 2500, 2500, 2500, 2500, 2500, 2500, 2500, 
2500, 2500, 2500, 20363.112, 25998.675, 51976.749, 36070.865, 
28830.665, 36955.037, 107681.557, 73991.2, 70281.0160000001, 
150788.664, 75057.0649999999, 3.86907, 2.34972, 13.86414, 1.13277, 
2.71972, 2.07633, 2.06618, 2.19427, 2.02126, 6.131, 0.77404, 
-7.09702, -5.48024, -3.2384, -4.42327, -5.37621, -5.39513, -4.86641, 
-5.73693, -3.99806, -3.02559, -5.48169, 0, 0, 0, 0, 0, 0, 0, 
0, 0, 0, 0, 0, 0, 0, 0, 0, 0, 0, 0, 0, 0, 0, 0.96915, 0.96693, 
0.96768, 0.97016, 0.97171, 0.97255, 0.97228, 0.97018, 0.97096, 
0.97081, 0.97152, 0.96518, 0.96402, 0.96636, 0.96651, 0.96719, 
0.97202, 0.9703, 0.96924, 0.96964, 0.96914, 0.97152, 0.2612, 
0.3975, 2.129, 0.86, 0.5611, 0.652, 0.7627, 0.6743, 1.9811, 5.4708, 
0.8582, 121.2, 170.3, 867.7, 382.2, 193.7, 206.9, 269.6, 213.5, 
662.9, 1377.5, 250.9, 836, 2476, 841, 252, 947, 1243, 119, 2238, 
482, 239, 307, 2, 1, 10, 1, 2, 2, 3, 2, 1, 3, 20, 100, 100, 100, 
100, 100, 100, 100, 100, 100, 100, 100, 2500, 2500, 2500, 2500, 
2500, 2500, 2500, 2500, 2500, 2500, 2500, 26871.642, 37471.983, 
48866.849, 56382.433, 68034.814, 72336.496, 63896.1660000001, 
75743.7289999999, 85778.796, 87348.1699999999, 99814.0360000001, 
1, 1, 1, 1, 1, 1, 1, 1, 1, 1, 1, 0.01389, 0.01389, 0.01389, 0.01389, 
0.01389, 0.01389, 0.01389, 0.01389, 0.01389, 0.01389, 0.01389, 
0, 0, 0, 0, 0, 0, 0, 0, 0, 0, 0, 0, 0, 0, 0, 0, 0, 0, 0, 0, 0, 
0, 0.96441, 0.96548, 0.96571, 0.96712, 0.9672, 0.96885, 0.9698, 
0.96832, 0.96963, 0.96956, 0.97113, 0.96441, 0.96548, 0.96571, 
0.96712, 0.9672, 0.96885, 0.9698, 0.96832, 0.96963, 0.96956, 
0.97113, 0.2744, 0.3738, 0.4187, 0.4612, 0.5309, 0.5763, 0.569, 
0.6351, 0.7321, 0.7639, 0.7965, 135.6, 149.2, 154.7, 159.2, 169, 
171.9, 182.9, 197.7, 208.8, 220.1, 218.7, 1, 1, 1, 1, 1, 1, 1, 
1, 1, 1, 1, 1, 1, 1, 1, 1, 1, 1, 1, 1, 1, 1, 1, 1, 1, 1, 1, 1, 
1, 1, 1, 1, 1, 1, 1, 1, 1, 1, 1, 1, 1, 1, 1, 1, 5.949, 7.472, 
7.881, 8.637, 9.206, 10.044, 9.372, 10.085, 11.607, 11.417, 11.67
), .Dim = c(11L, 40L), .Dimnames = list(NULL, c("Sampling", "PSO.cost", 
"PSO.gamma", "PSO.data.balancing", "PSO.feature.selection", "PSO.valid.acc", 
"PSO.test.acc", "PSO.train.time", "PSO.n.support.vectors", "PSO.index", 
"PSO.n.solutions", "PSO.generations", "PSO.n.evaluations", "PSO.cpu.time", 
"RS.cost", "RS.gamma", "RS.data.balancing", "RS.feature.selection", 
"RS.valid.acc", "RS.test.acc", "RS.train.time", "RS.n.support.vectors", 
"RS.index", "RS.n.solutions", "RS.generations", "RS.n.evaluations", 
"RS.cpu.time", "DF.cost", "DF.gamma", "DF.data.balancing", "DF.feature.selection", 
"DF.valid.acc", "DF.test.acc", "DF.train.time", "DF.n.support.vectors", 
"DF.index", "DF.n.solutions", "DF.generations", "DF.n.evaluations", 
"DF.cpu.time")))
