full <-
structure(c(50, 55, 60, 65, 70, 75, 80, 85, 90, 95, 100, 11.35998, 
0.97923, 0.68887, 0.70373, 1.19901, 1.14507, 0.77706, 4.51257, 
7.27309, 0.14996, 12.84046, -2.66495, -3.00179, -2.94922, -2.74633, 
-4.11502, -3.28308, -2.95558, -3.23554, -2.52216, -2.94841, -13.99515, 
0, 0, 0, 0, 0, 0, 0, 0, 0, 0, 0, 0, 0, 0, 0, 0, 0, 0, 0, 0, 0, 
0, 0.97548, 0.9777, 0.97627, 0.97564, 0.97682, 0.97572, 0.97574, 
0.9767, 0.97404, 0.97248, 0.97152, 0.9747, 0.97626, 0.97495, 
0.97442, 0.97286, 0.97466, 0.97475, 0.97577, 0.97227, 0.97206, 
0.97113, 1.3392, 1.5923, 2.5421, 3.134, 1.0898, 3.7662, 4.0063, 
5.7804, 7.6107, 12.1759, 1.2502, 910.8, 845.1, 933.4, 1101.7, 
290.2, 921.7, 1195.3, 1050.4, 1590.4, 1398.5, 163.9, 155, 957, 
1010, 482, 602, 703, 831, 32, 10, 220, 6, 1629, 22, 34, 217, 
77, 391, 758, 954, 565, 118, 173, 100, 100, 100, 100, 100, 100, 
100, 100, 100, 100, 100, 2500, 2500, 2500, 2500, 2500, 2500, 
2500, 2500, 2500, 2500, 2500, 33558.657, 56402.233, 75232.797, 
61873.973, 121405.498, 108631.649, 88411.29, 127578.016, 162969.82, 
261938.675, 122714.13, 4.48162, 2.16168, 2.85339, 3.62259, 5.15927, 
1.19066, 8.01615, 2.43465, 6.69408, 0.13161, 2.7444, -2.63101, 
-2.44786, -2.82263, -2.57972, -2.89139, -3.24848, -3.03707, -3.31932, 
-2.53863, -3.05694, -7.12703, 0, 0, 0, 0, 0, 0, 0, 0, 0, 0, 0, 
0, 0, 0, 0, 0, 0, 0, 0, 0, 0, 0, 0.97548, 0.97698, 0.97561, 0.97564, 
0.97625, 0.97519, 0.97574, 0.9767, 0.97404, 0.97248, 0.97152, 
0.9747, 0.97698, 0.97561, 0.97442, 0.97512, 0.97466, 0.97525, 
0.97624, 0.97227, 0.97206, 0.97113, 1.3001, 2.2302, 3.2445, 3.1086, 
7.3656, 3.3984, 4.3851, 3.8779, 7.7092, 6.2659, 1.1419, 920, 
1050.6, 1002.1, 1181.2, 1081.8, 941.8, 1139.2, 988.9, 1581.4, 
1325.2, 202.7, 129, 33, 172, 224, 92, 1872, 28, 88, 433, 1243, 
79, 1523, 84, 69, 14, 66, 34, 30, 16, 8, 3, 40, 100, 100, 100, 
100, 100, 100, 100, 100, 100, 100, 100, 2500, 2500, 2500, 2500, 
2500, 2500, 2500, 2500, 2500, 2500, 2500, 26163.64, 40865.768, 
52163.523, 56817.697, 103855.605, 70267.009, 71960.887, 86569.6439999999, 
127023.053, 105166.757, 163190.283, 1, 1, 1, 1, 1, 1, 1, 1, 1, 
1, 1, 0.01389, 0.01389, 0.01389, 0.01389, 0.01389, 0.01389, 0.01389, 
0.01389, 0.01389, 0.01389, 0.01389, 0, 0, 0, 0, 0, 0, 0, 0, 0, 
0, 0, 0, 0, 0, 0, 0, 0, 0, 0, 0, 0, 0, 0.97548, 0.97626, 0.97494, 
0.97503, 0.97569, 0.97466, 0.97475, 0.97531, 0.97315, 0.97206, 
0.97113, 0.97548, 0.97626, 0.97494, 0.97503, 0.97569, 0.97466, 
0.97475, 0.97531, 0.97315, 0.97206, 0.97113, 0.2403, 0.3201, 
0.3892, 0.4197, 0.5572, 0.5656, 0.7181, 0.6486, 1.0099, 1.0153, 
1.1083, 113.4, 120.2, 126.8, 137.8, 144.2, 165, 177.7, 179, 195.6, 
201.2, 223.8, 1, 1, 1, 1, 1, 1, 1, 1, 1, 1, 1, 1, 1, 1, 1, 1, 
1, 1, 1, 1, 1, 1, 1, 1, 1, 1, 1, 1, 1, 1, 1, 1, 1, 1, 1, 1, 1, 
1, 1, 1, 1, 1, 1, 1, 5.749, 6.726, 7.583, 7.928, 9.978, 9.486, 
12.469, 10.347, 16.387, 16.246, 17.177), .Dim = c(11L, 40L), .Dimnames = list(
    NULL, c("Sampling", "PSO.cost", "PSO.gamma", "PSO.data.balancing", 
    "PSO.feature.selection", "PSO.valid.acc", "PSO.test.acc", 
    "PSO.train.time", "PSO.n.support.vectors", "PSO.index", "PSO.n.solutions", 
    "PSO.generations", "PSO.n.evaluations", "PSO.cpu.time", "RS.cost", 
    "RS.gamma", "RS.data.balancing", "RS.feature.selection", 
    "RS.valid.acc", "RS.test.acc", "RS.train.time", "RS.n.support.vectors", 
    "RS.index", "RS.n.solutions", "RS.generations", "RS.n.evaluations", 
    "RS.cpu.time", "DF.cost", "DF.gamma", "DF.data.balancing", 
    "DF.feature.selection", "DF.valid.acc", "DF.test.acc", "DF.train.time", 
    "DF.n.support.vectors", "DF.index", "DF.n.solutions", "DF.generations", 
    "DF.n.evaluations", "DF.cpu.time")))
