full <-
structure(c(50, 55, 60, 65, 70, 75, 80, 85, 90, 95, 100, 4.64346, 
1.60451, 3.05374, 1.19, 4.97305, 4.62605, 8.15504, 0.38488, 7.36456, 
2.97679, 0.13724, -3.1276, -3.10176, -2.82921, -3.25095, -2.6763, 
-7.54478, -2.96541, -4.3597, -3.03553, -6.13737, -3.41801, 0, 
0, 0, 0, 0, 0, 0, 0, 0, 0, 0, 0, 0, 0, 0, 0, 0, 0, 0, 0, 0, 0, 
0.96994, 0.97052, 0.97033, 0.97138, 0.97059, 0.9715, 0.97129, 
0.97065, 0.97184, 0.9729, 0.97192, 0.96994, 0.96765, 0.96901, 
0.96955, 0.97003, 0.96886, 0.97079, 0.97111, 0.97051, 0.97123, 
0.97152, 1.1005, 1.7505, 2.4891, 2.8739, 5.8362, 0.5725, 5.8002, 
1.7127, 7.0588, 0.997, 8.0178, 761.6, 838.2, 1014.4, 895.2, 1233.4, 
171.1, 1223.5, 508.4, 1288.2, 219, 1140, 45, 115, 284, 1680, 
146, 318, 9, 2198, 423, 641, 84, 796, 543, 504, 55, 861, 68, 
834, 4, 651, 308, 194, 100, 100, 100, 100, 100, 100, 100, 100, 
100, 100, 100, 2500, 2500, 2500, 2500, 2500, 2500, 2500, 2500, 
2500, 2500, 2500, 34385.239, 52781.06, 74311.805, 91856.822, 
120468.905, 62540.923, 132213.765, 49875.502, 165889.339, 117318.952, 
83110.8499999999, 4.00406, 12.6468, 2.68604, 1.01321, 9.05617, 
3.82428, 10.65093, 0.25877, 7.5535, 3.68059, 1.76076, -3.18467, 
-3.08663, -2.84643, -3.08123, -2.83135, -6.99548, -3.00407, -4.16707, 
-3.06555, -6.45439, -5.89645, 0, 0, 0, 0, 0, 0, 0, 0, 0, 0, 0, 
0, 0, 0, 0, 0, 0, 0, 0, 0, 0, 0, 0.96994, 0.97052, 0.97033, 0.97077, 
0.97059, 0.97097, 0.97129, 0.97065, 0.97184, 0.97248, 0.97192, 
0.96994, 0.96765, 0.96901, 0.97077, 0.97003, 0.96833, 0.97129, 
0.97065, 0.97051, 0.97039, 0.97113, 1.0846, 1.7776, 2.5658, 2.9397, 
4.2081, 0.6051, 5.6202, 1.9782, 7.4438, 0.9782, 1.0161, 739.9, 
842.3, 1008.4, 969.5, 1163.1, 178.9, 1203.9, 593.2, 1270, 210.9, 
230.2, 339, 2371, 20, 453, 61, 16, 4, 911, 2224, 88, 67, 9, 1, 
10, 29, 22, 5, 33, 1, 18, 9, 3, 100, 100, 100, 100, 100, 100, 
100, 100, 100, 100, 100, 2500, 2500, 2500, 2500, 2500, 2500, 
2500, 2500, 2500, 2500, 2500, 27233.123, 43744.62, 49519.497, 
63777.323, 62312.447, 81193.85, 85612.72, 108485.98, 116907.471, 
146340.388, 133372.64, 1, 1, 1, 1, 1, 1, 1, 1, 1, 1, 1, 0.01389, 
0.01389, 0.01389, 0.01389, 0.01389, 0.01389, 0.01389, 0.01389, 
0.01389, 0.01389, 0.01389, 0, 0, 0, 0, 0, 0, 0, 0, 0, 0, 0, 0, 
0, 0, 0, 0, 0, 0, 0, 0, 0, 0, 0.96835, 0.96836, 0.96967, 0.97016, 
0.97003, 0.97044, 0.97079, 0.96972, 0.97096, 0.97165, 0.97113, 
0.96835, 0.96836, 0.96967, 0.97016, 0.97003, 0.97044, 0.97079, 
0.96972, 0.97096, 0.97165, 0.97113, 0.274, 0.4102, 0.3997, 0.544, 
0.5274, 0.6728, 0.7086, 0.8386, 0.8618, 0.9583, 0.8826, 132.4, 
144.4, 145.3, 155.5, 177, 195.9, 194.1, 201.8, 204.3, 213.9, 
222, 1, 1, 1, 1, 1, 1, 1, 1, 1, 1, 1, 1, 1, 1, 1, 1, 1, 1, 1, 
1, 1, 1, 1, 1, 1, 1, 1, 1, 1, 1, 1, 1, 1, 1, 1, 1, 1, 1, 1, 1, 
1, 1, 1, 1, 5.885, 8.304, 7.997, 9.919, 8.487, 11.219, 11.655, 
13.162, 13.653, 14.898, 12.525), .Dim = c(11L, 40L), .Dimnames = list(
    NULL, c("Sampling", "PSO.cost", "PSO.gamma", "PSO.data.balancing", 
    "PSO.feature.selection", "PSO.valid.acc", "PSO.test.acc", 
    "PSO.train.time", "PSO.n.support.vectors", "PSO.index", "PSO.n.solutions", 
    "PSO.generations", "PSO.n.evaluations", "PSO.cpu.time", "RS.cost", 
    "RS.gamma", "RS.data.balancing", "RS.feature.selection", 
    "RS.valid.acc", "RS.test.acc", "RS.train.time", "RS.n.support.vectors", 
    "RS.index", "RS.n.solutions", "RS.generations", "RS.n.evaluations", 
    "RS.cpu.time", "DF.cost", "DF.gamma", "DF.data.balancing", 
    "DF.feature.selection", "DF.valid.acc", "DF.test.acc", "DF.train.time", 
    "DF.n.support.vectors", "DF.index", "DF.n.solutions", "DF.generations", 
    "DF.n.evaluations", "DF.cpu.time")))
