full <-
structure(c(50, 55, 60, 65, 70, 75, 80, 85, 90, 95, 100, 8.50588, 
10.45143, 12.2173, 1.82517, 4.04811, 0.69307, 14.15267, 13.70808, 
14.05004, 7.74077, 10.34914, -14.3047, -11.02643, -14.11556, 
-9.55712, -12.44009, -8.93137, -11.73426, -9.81791, -12.2025, 
-12.22307, -12.78775, 0, 0, 0, 0, 0, 0, 0, 0, 0, 0, 0, 0, 0, 
0, 0, 0, 0, 0, 0, 0, 0, 0, 1, 1, 1, 1, 1, 1, 1, 1, 1, 1, 1, 1, 
1, 1, 1, 1, 1, 1, 1, 1, 1, 1, 0.4117, 0.2147, 0.5688, 0.3693, 
0.5751, 0.4855, 0.3815, 0.2795, 0.4801, 0.5241, 0.7302, 174.9, 
104.3, 148.5, 293.8, 437.9, 395.2, 117, 108.9, 121.8, 124.3, 
136.7, 3, 12, 10, 2, 2, 2, 2, 5, 2, 2, 2, 1808, 1851, 1931, 1848, 
1999, 1823, 1776, 1998, 2166, 2188, 1885, 100, 100, 100, 100, 
100, 100, 100, 100, 100, 100, 100, 2500, 2500, 2500, 2500, 2500, 
2500, 2500, 2500, 2500, 2500, 2500, 12828.407, 15553.346, 16012.545, 
15876.111, 18521.991, 19769.05, 19900.61, 19916.8, 23343.227, 
23564.872, 27230.286, 9.97277, 13.0884, 11.01384, 6.99824, 8.90877, 
9.38751, 12.4117, 7.43059, 1.7745, 13.79278, 4.45724, -9.37719, 
-13.64926, -9.24623, -14.45278, -8.74229, -13.14776, -10.67262, 
-10.29306, -9.59651, -13.86485, -12.79795, 0, 0, 0, 0, 0, 0, 
0, 0, 0, 0, 0, 0, 0, 0, 0, 0, 0, 0, 0, 0, 0, 0, 1, 1, 1, 1, 1, 
1, 1, 1, 1, 1, 1, 1, 1, 1, 1, 1, 1, 1, 1, 1, 1, 1, 0.1459, 0.4531, 
0.1822, 0.6069, 0.1954, 0.5737, 0.3001, 0.3006, 0.5396, 0.9132, 
1.0696, 100.3, 136.9, 102.9, 343.2, 109.7, 135.7, 110, 109.2, 
315.5, 163.9, 460.6, 2, 6, 5, 2, 8, 1, 10, 6, 16, 5, 1, 702, 
658, 620, 676, 743, 672, 736, 726, 523, 720, 676, 100, 100, 100, 
100, 100, 100, 100, 100, 100, 100, 100, 2500, 2500, 2500, 2500, 
2500, 2500, 2500, 2500, 2500, 2500, 2500, 15317.745, 18025.073, 
19762.93, 20804.91, 22381.255, 24392.174, 26116.383, 28233.704, 
30203.156, 34160.157, 36771.937, 1, 1, 1, 1, 1, 1, 1, 1, 1, 1, 
1, 0.0303, 0.0303, 0.0303, 0.0303, 0.0303, 0.0303, 0.0303, 0.0303, 
0.0303, 0.0303, 0.0303, 0, 0, 0, 0, 0, 0, 0, 0, 0, 0, 0, 0, 0, 
0, 0, 0, 0, 0, 0, 0, 0, 0, 0.99483, 0.99624, 0.9957, 0.99524, 
0.99632, 0.99519, 0.99613, 0.99697, 0.99714, 0.99674, 0.99691, 
0.9938, 0.99624, 0.9957, 0.99524, 0.99632, 0.99519, 0.99549, 
0.99636, 0.996, 0.99728, 0.99639, 0.1889, 0.22, 0.2491, 0.2667, 
0.292, 0.3154, 0.3375, 0.3808, 0.4065, 0.462, 0.4702, 226.2, 
229.7, 233.6, 240.6, 248.3, 258.3, 263.2, 267.4, 270, 272.5, 
275.3, 1, 1, 1, 1, 1, 1, 1, 1, 1, 1, 1, 1, 1, 1, 1, 1, 1, 1, 
1, 1, 1, 1, 1, 1, 1, 1, 1, 1, 1, 1, 1, 1, 1, 1, 1, 1, 1, 1, 1, 
1, 1, 1, 1, 1, 4.754, 5.412, 5.914, 5.807, 6.014, 6.452, 6.432, 
6.88, 7.128, 7.837, 8.109), .Dim = c(11L, 40L), .Dimnames = list(
    NULL, c("Sampling", "PSO.cost", "PSO.gamma", "PSO.data.balancing", 
    "PSO.feature.selection", "PSO.valid.acc", "PSO.test.acc", 
    "PSO.train.time", "PSO.n.support.vectors", "PSO.index", "PSO.n.solutions", 
    "PSO.generations", "PSO.n.evaluations", "PSO.cpu.time", "RS.cost", 
    "RS.gamma", "RS.data.balancing", "RS.feature.selection", 
    "RS.valid.acc", "RS.test.acc", "RS.train.time", "RS.n.support.vectors", 
    "RS.index", "RS.n.solutions", "RS.generations", "RS.n.evaluations", 
    "RS.cpu.time", "DF.cost", "DF.gamma", "DF.data.balancing", 
    "DF.feature.selection", "DF.valid.acc", "DF.test.acc", "DF.train.time", 
    "DF.n.support.vectors", "DF.index", "DF.n.solutions", "DF.generations", 
    "DF.n.evaluations", "DF.cpu.time")))
