full <-
structure(c(50, 55, 60, 65, 70, 75, 80, 85, 90, 95, 100, 5.94144, 
13.49648, 11.97124, 13.03739, 10.84279, 7.23352, 6.29293, 3.00345, 
8.40793, 13.1632, 14.13585, -14.0302, -7.26307, -9.53928, -12.62928, 
-9.23792, -13.54729, -9.87577, -12.06577, -14.58324, -11.25932, 
-10.86115, 0, 0, 0, 0, 0, 0, 0, 0, 0, 0, 0, 0, 0, 0, 0, 0, 0, 
0, 0, 0, 0, 0, 1, 1, 1, 1, 1, 1, 1, 1, 1, 1, 1, 1, 1, 1, 1, 1, 
1, 1, 1, 1, 1, 1, 0.327, 0.1456, 0.1817, 0.3941, 0.2155, 0.6034, 
0.2662, 0.8071, 0.9589, 0.3984, 0.4117, 360.1, 118.3, 105.8, 
124.3, 110.2, 184.7, 111.1, 629.8, 222.8, 115.1, 117.1, 6, 16, 
9, 2, 3, 5, 7, 10, 4, 4, 2, 1842, 1962, 1889, 1737, 1976, 2007, 
2021, 1928, 1998, 1868, 1952, 100, 100, 100, 100, 100, 100, 100, 
100, 100, 100, 100, 2500, 2500, 2500, 2500, 2500, 2500, 2500, 
2500, 2500, 2500, 2500, 13579.568, 13655.546, 16588.711, 16554.394, 
18255.106, 21175.828, 16796.477, 20918.342, 20834.601, 20478.96, 
28488.585, 14.42106, 14.91739, 11.60745, 13.16191, 5.018, 9.34196, 
13.26338, 7.95342, 3.12436, 1.97343, 5.91944, -14.99526, -12.86561, 
-13.96258, -9.62539, -9.15474, -12.52517, -8.67354, -11.39914, 
-10.15803, -11.05502, -12.45021, 0, 0, 0, 0, 0, 0, 0, 0, 0, 0, 
0, 0, 0, 0, 0, 0, 0, 0, 0, 0, 0, 0, 1, 1, 1, 1, 1, 1, 1, 1, 1, 
1, 1, 1, 1, 1, 1, 1, 1, 1, 1, 1, 1, 1, 0.4877, 0.3577, 0.5017, 
0.2017, 0.2092, 0.4118, 0.2338, 0.3822, 0.4276, 0.9642, 0.625, 
166.9, 122.5, 152.3, 106.4, 110.9, 124.2, 114.3, 117.2, 208.4, 
645, 177.1, 7, 1, 5, 2, 2, 5, 2, 6, 6, 1, 2, 696, 778, 647, 658, 
686, 571, 674, 676, 647, 700, 706, 100, 100, 100, 100, 100, 100, 
100, 100, 100, 100, 100, 2500, 2500, 2500, 2500, 2500, 2500, 
2500, 2500, 2500, 2500, 2500, 15301.798, 17211.916, 18521.572, 
20552.451, 21729.561, 23566.418, 25873.035, 28292.523, 30974.451, 
32630.668, 34008.395, 1, 1, 1, 1, 1, 1, 1, 1, 1, 1, 1, 0.0303, 
0.0303, 0.0303, 0.0303, 0.0303, 0.0303, 0.0303, 0.0303, 0.0303, 
0.0303, 0.0303, 0, 0, 0, 0, 0, 0, 0, 0, 0, 0, 0, 0, 0, 0, 0, 
0, 0, 0, 0, 0, 0, 0, 0.9959, 0.9953, 0.99487, 0.99603, 0.99559, 
0.99587, 0.99614, 0.99575, 0.99714, 0.99729, 0.99691, 0.9959, 
0.99624, 0.99402, 0.99603, 0.99559, 0.9945, 0.99677, 0.99576, 
0.99714, 0.99675, 0.99691, 0.1793, 0.2067, 0.2351, 0.2654, 0.2947, 
0.3228, 0.3362, 0.3809, 0.3944, 0.4397, 0.4432, 210.9, 220.2, 
228.3, 238.6, 244.8, 254.1, 257.3, 264.3, 264.7, 271, 275.7, 
1, 1, 1, 1, 1, 1, 1, 1, 1, 1, 1, 1, 1, 1, 1, 1, 1, 1, 1, 1, 1, 
1, 1, 1, 1, 1, 1, 1, 1, 1, 1, 1, 1, 1, 1, 1, 1, 1, 1, 1, 1, 1, 
1, 1, 4.556, 5.041, 5.211, 5.658, 6.096, 6.338, 6.242, 7.001, 
7.049, 7.576, 7.473), .Dim = c(11L, 40L), .Dimnames = list(NULL, 
    c("Sampling", "PSO.cost", "PSO.gamma", "PSO.data.balancing", 
    "PSO.feature.selection", "PSO.valid.acc", "PSO.test.acc", 
    "PSO.train.time", "PSO.n.support.vectors", "PSO.index", "PSO.n.solutions", 
    "PSO.generations", "PSO.n.evaluations", "PSO.cpu.time", "RS.cost", 
    "RS.gamma", "RS.data.balancing", "RS.feature.selection", 
    "RS.valid.acc", "RS.test.acc", "RS.train.time", "RS.n.support.vectors", 
    "RS.index", "RS.n.solutions", "RS.generations", "RS.n.evaluations", 
    "RS.cpu.time", "DF.cost", "DF.gamma", "DF.data.balancing", 
    "DF.feature.selection", "DF.valid.acc", "DF.test.acc", "DF.train.time", 
    "DF.n.support.vectors", "DF.index", "DF.n.solutions", "DF.generations", 
    "DF.n.evaluations", "DF.cpu.time")))
