full <-
structure(c(50, 55, 60, 65, 70, 75, 80, 85, 90, 95, 100, 5.7513, 
3.64477, 12.32469, 3.51529, 4.9754, 10.96439, 4.64598, 6.76309, 
10.27332, 6.01579, 6.16753, -8.18834, -12.06064, -12.68062, -8.61316, 
-13.88299, -10.52896, -12.35942, -10.65388, -9.61647, -8.87589, 
-14.90321, 0, 0, 0, 0, 0, 0, 0, 0, 0, 0, 0, 0, 0, 0, 0, 0, 0, 
0, 0, 0, 0, 0, 1, 1, 1, 1, 1, 1, 1, 1, 1, 1, 1, 0.99897, 1, 1, 
0.99921, 1, 1, 1, 1, 1, 1, 1, 0.1297, 0.3466, 0.3687, 0.1886, 
0.5596, 0.2708, 0.6085, 0.324, 0.2787, 0.2877, 1.2938, 104.5, 
408.5, 117.6, 115.5, 563.1, 113.4, 312.6, 113.1, 114, 117.5, 
671.1, 2, 4, 2, 5, 3, 3, 7, 3, 2, 2, 5, 1767, 1965, 2161, 2004, 
1628, 1987, 2022, 1914, 1982, 1821, 1954, 100, 100, 100, 100, 
100, 100, 100, 100, 100, 100, 100, 2500, 2500, 2500, 2500, 2500, 
2500, 2500, 2500, 2500, 2500, 2500, 13900.305, 15963.453, 16088.645, 
16624.192, 16033.285, 17523.813, 20145.032, 20218.745, 19598.571, 
22683.381, 26948.35, 12.31364, 6.50084, 3.20574, 14.94501, 12.71288, 
12.0166, 3.67854, 10.14591, 7.95355, 11.46322, 13.2173, -9.18126, 
-13.38836, -8.17028, -10.8597, -8.45022, -13.67448, -12.89171, 
-8.82183, -11.63408, -9.99481, -9.75327, 0, 0, 0, 0, 0, 0, 0, 
0, 0, 0, 0, 0, 0, 0, 0, 0, 0, 0, 0, 0, 0, 0, 1, 1, 1, 1, 1, 1, 
1, 1, 1, 1, 1, 1, 1, 0.99915, 1, 1, 1, 1, 1, 1, 1, 1, 0.1412, 
0.4022, 0.1548, 0.2481, 0.1854, 0.6306, 0.698, 0.2608, 0.4317, 
0.3201, 0.3409, 101.6, 208.3, 111.8, 108.8, 109.6, 151.8, 670.7, 
116.2, 119.6, 114.1, 114.5, 3, 11, 2, 4, 10, 6, 14, 2, 4, 1, 
1, 709, 715, 690, 697, 708, 691, 696, 672, 643, 689, 710, 100, 
100, 100, 100, 100, 100, 100, 100, 100, 100, 100, 2500, 2500, 
2500, 2500, 2500, 2500, 2500, 2500, 2500, 2500, 2500, 15323.025, 
17261.423, 18433.556, 19180.35, 20964.75, 22292.25, 24838.459, 
27405.608, 29699.421, 33406.435, 36780.548, 1, 1, 1, 1, 1, 1, 
1, 1, 1, 1, 1, 0.0303, 0.0303, 0.0303, 0.0303, 0.0303, 0.0303, 
0.0303, 0.0303, 0.0303, 0.0303, 0.0303, 0, 0, 0, 0, 0, 0, 0, 
0, 0, 0, 0, 0, 0, 0, 0, 0, 0, 0, 0, 0, 0, 0, 0.99382, 0.99531, 
0.99485, 0.99526, 0.99631, 0.99795, 0.99677, 0.99576, 0.99656, 
0.99728, 0.99588, 0.99381, 0.99437, 0.99657, 0.99526, 0.99557, 
0.99726, 0.99677, 0.99697, 0.99656, 0.99674, 0.99589, 0.1718, 
0.1981, 0.2217, 0.2422, 0.2637, 0.2987, 0.3395, 0.3489, 0.4057, 
0.4097, 0.4499, 212.4, 222.3, 234.4, 238.4, 245.7, 252.1, 257.1, 
261.8, 267.9, 273, 277.3, 1, 1, 1, 1, 1, 1, 1, 1, 1, 1, 1, 1, 
1, 1, 1, 1, 1, 1, 1, 1, 1, 1, 1, 1, 1, 1, 1, 1, 1, 1, 1, 1, 1, 
1, 1, 1, 1, 1, 1, 1, 1, 1, 1, 1, 4.645, 4.973, 5.304, 5.308, 
5.682, 5.774, 6.493, 6.527, 7.086, 7.19, 7.653), .Dim = c(11L, 
40L), .Dimnames = list(NULL, c("Sampling", "PSO.cost", "PSO.gamma", 
"PSO.data.balancing", "PSO.feature.selection", "PSO.valid.acc", 
"PSO.test.acc", "PSO.train.time", "PSO.n.support.vectors", "PSO.index", 
"PSO.n.solutions", "PSO.generations", "PSO.n.evaluations", "PSO.cpu.time", 
"RS.cost", "RS.gamma", "RS.data.balancing", "RS.feature.selection", 
"RS.valid.acc", "RS.test.acc", "RS.train.time", "RS.n.support.vectors", 
"RS.index", "RS.n.solutions", "RS.generations", "RS.n.evaluations", 
"RS.cpu.time", "DF.cost", "DF.gamma", "DF.data.balancing", "DF.feature.selection", 
"DF.valid.acc", "DF.test.acc", "DF.train.time", "DF.n.support.vectors", 
"DF.index", "DF.n.solutions", "DF.generations", "DF.n.evaluations", 
"DF.cpu.time")))
