full <-
structure(c(50, 55, 60, 65, 70, 75, 80, 85, 90, 95, 100, 4.73974, 
7.58994, 7.29463, 10.98961, 5.80421, 9.93627, 14.4767, 11.36072, 
2.8447, 8.83313, 7.27045, -12.34638, -9.43056, -14.93007, -13.28364, 
-12.06949, -10.78134, -10.85011, -13.64166, -8.59582, -8.27917, 
-14.24516, 0, 0, 0, 0, 0, 0, 0, 0, 0, 0, 0, 0, 0, 0, 0, 0, 0, 
0, 0, 0, 0, 0, 1, 1, 1, 1, 1, 1, 1, 1, 1, 1, 1, 1, 1, 1, 1, 1, 
1, 1, 1, 1, 1, 1, 0.324, 0.1708, 0.5732, 0.5088, 0.4308, 0.2877, 
0.3203, 0.699, 0.289, 0.2829, 0.9837, 278.6, 110.5, 379.6, 138, 
156, 112.3, 114.2, 154.6, 133.4, 123.1, 277.8, 8, 6, 2, 3, 8, 
4, 4, 10, 3, 2, 2, 1690, 2170, 1949, 2167, 2012, 1948, 2003, 
1977, 1727, 2079, 2095, 100, 100, 100, 100, 100, 100, 100, 100, 
100, 100, 100, 2500, 2500, 2500, 2500, 2500, 2500, 2500, 2500, 
2500, 2500, 2500, 14086.84, 15475.096, 15115.35, 19032.388, 19105.211, 
18997.749, 20720.929, 24493.342, 20871.784, 23130.929, 26197.059, 
9.41971, 9.21809, 10.91817, 12.30862, 9.30675, 7.36726, 11.64993, 
5.67976, 9.71701, 8.79313, 4.92205, -13.67163, -14.43053, -9.53519, 
-13.30322, -10.5068, -12.77641, -13.3739, -9.58602, -10.02321, 
-13.54275, -13.2049, 0, 0, 0, 0, 0, 0, 0, 0, 0, 0, 0, 0, 0, 0, 
0, 0, 0, 0, 0, 0, 0, 0, 1, 1, 1, 1, 1, 1, 1, 1, 1, 1, 1, 1, 1, 
1, 1, 1, 1, 1, 1, 1, 1, 1, 0.4041, 0.5523, 0.1857, 0.5303, 0.2571, 
0.4752, 0.6612, 0.2717, 0.3016, 0.8155, 1.1245, 154.1, 187, 106.6, 
138, 111.2, 138.1, 148.8, 114.8, 113.2, 155.5, 463.5, 1, 1, 1, 
5, 3, 2, 4, 2, 2, 2, 4, 675, 692, 726, 694, 737, 736, 651, 672, 
698, 731, 729, 100, 100, 100, 100, 100, 100, 100, 100, 100, 100, 
100, 2500, 2500, 2500, 2500, 2500, 2500, 2500, 2500, 2500, 2500, 
2500, 15697.643, 17265.76, 19167.943, 22174.782, 22403.978, 24233.008, 
26201.459, 27767.405, 30159.735, 33837.2, 36666.136, 1, 1, 1, 
1, 1, 1, 1, 1, 1, 1, 1, 0.0303, 0.0303, 0.0303, 0.0303, 0.0303, 
0.0303, 0.0303, 0.0303, 0.0303, 0.0303, 0.0303, 0, 0, 0, 0, 0, 
0, 0, 0, 0, 0, 0, 0, 0, 0, 0, 0, 0, 0, 0, 0, 0, 0, 0.99587, 0.99531, 
0.99483, 0.99603, 0.99632, 0.99655, 0.99677, 0.99757, 0.99713, 
0.99675, 0.99588, 0.99587, 0.99624, 0.9957, 0.99524, 0.99632, 
0.99587, 0.99613, 0.99818, 0.99656, 0.99783, 0.99588, 0.1905, 
0.2088, 0.2406, 0.2801, 0.2853, 0.3049, 0.3388, 0.3748, 0.4081, 
0.4495, 0.4681, 220.3, 225.1, 232.2, 239.1, 244.5, 249.9, 256.2, 
263.6, 269.1, 274.1, 275.8, 1, 1, 1, 1, 1, 1, 1, 1, 1, 1, 1, 
1, 1, 1, 1, 1, 1, 1, 1, 1, 1, 1, 1, 1, 1, 1, 1, 1, 1, 1, 1, 1, 
1, 1, 1, 1, 1, 1, 1, 1, 1, 1, 1, 1, 4.877, 4.952, 5.477, 6.209, 
6.042, 6.167, 6.537, 6.84, 7.254, 7.698, 8.097), .Dim = c(11L, 
40L), .Dimnames = list(NULL, c("Sampling", "PSO.cost", "PSO.gamma", 
"PSO.data.balancing", "PSO.feature.selection", "PSO.valid.acc", 
"PSO.test.acc", "PSO.train.time", "PSO.n.support.vectors", "PSO.index", 
"PSO.n.solutions", "PSO.generations", "PSO.n.evaluations", "PSO.cpu.time", 
"RS.cost", "RS.gamma", "RS.data.balancing", "RS.feature.selection", 
"RS.valid.acc", "RS.test.acc", "RS.train.time", "RS.n.support.vectors", 
"RS.index", "RS.n.solutions", "RS.generations", "RS.n.evaluations", 
"RS.cpu.time", "DF.cost", "DF.gamma", "DF.data.balancing", "DF.feature.selection", 
"DF.valid.acc", "DF.test.acc", "DF.train.time", "DF.n.support.vectors", 
"DF.index", "DF.n.solutions", "DF.generations", "DF.n.evaluations", 
"DF.cpu.time")))
