full <-
structure(c(50, 55, 60, 65, 70, 75, 80, 85, 90, 95, 100, 7.39469, 
11.22988, 13.95345, 8.10626, 14.2407, 14.92571, 10.05148, 8.25232, 
12.03779, 7.0846, 9.39937, -12.3421, -8.62897, -10.16238, -10.01867, 
-10.10763, -9.39096, -9.0581, -14.26388, -12.86835, -12.40693, 
-9.95852, 0, 0, 0, 0, 0, 0, 0, 0, 0, 0, 0, 0, 0, 0, 0, 0, 0, 
0, 0, 0, 0, 0, 1, 1, 1, 1, 1, 1, 1, 1, 1, 1, 1, 1, 1, 1, 1, 1, 
1, 1, 1, 1, 1, 1, 0.2683, 0.1537, 0.204, 0.2103, 0.2446, 0.2307, 
0.2414, 0.7859, 0.5808, 0.5581, 0.3539, 114.4, 104.6, 107.2, 
104.5, 104, 108.4, 107.9, 187.1, 135.4, 133.6, 118.1, 9, 2, 4, 
5, 14, 4, 4, 4, 2, 8, 7, 1926, 1865, 2065, 1989, 2141, 1803, 
2007, 2088, 1885, 1960, 2036, 100, 100, 100, 100, 100, 100, 100, 
100, 100, 100, 100, 2500, 2500, 2500, 2500, 2500, 2500, 2500, 
2500, 2500, 2500, 2500, 13459.895, 15821, 14513.564, 15782.817, 
19595.39, 21458.507, 21787.884, 21793.093, 24348.402, 23200.693, 
24694.956, 13.83882, 10.08513, 13.50822, 10.07411, 11.21483, 
11.62787, 14.38507, 6.69912, 6.38658, 2.19347, 9.95234, -9.99507, 
-12.00314, -11.3609, -9.11197, -14.28103, -12.02835, -11.71675, 
-13.90026, -13.38091, -8.60091, -9.93043, 0, 0, 0, 0, 0, 0, 0, 
0, 0, 0, 0, 0, 0, 0, 0, 0, 0, 0, 0, 0, 0, 0, 1, 1, 1, 1, 1, 1, 
1, 1, 1, 1, 1, 1, 1, 1, 1, 1, 1, 1, 1, 1, 1, 1, 0.1632, 0.2714, 
0.2551, 0.189, 0.6867, 0.3924, 0.4011, 0.76, 0.7671, 0.3449, 
0.3582, 100.3, 105.9, 110.9, 106.6, 163.6, 116.1, 114.3, 281.6, 
245.1, 167.8, 117.4, 2, 1, 1, 5, 11, 1, 6, 3, 3, 2, 11, 612, 
639, 638, 666, 560, 636, 640, 579, 614, 617, 747, 100, 100, 100, 
100, 100, 100, 100, 100, 100, 100, 100, 2500, 2500, 2500, 2500, 
2500, 2500, 2500, 2500, 2500, 2500, 2500, 15556.206, 17209.527, 
19007.909, 20462.945, 24570.889, 26748.692, 28953.858, 27700.207, 
30050.113, 32580.547, 39144.414, 1, 1, 1, 1, 1, 1, 1, 1, 1, 1, 
1, 0.0303, 0.0303, 0.0303, 0.0303, 0.0303, 0.0303, 0.0303, 0.0303, 
0.0303, 0.0303, 0.0303, 0, 0, 0, 0, 0, 0, 0, 0, 0, 0, 0, 0, 0, 
0, 0, 0, 0, 0, 0, 0, 0, 0, 0.9969, 0.9972, 0.99657, 0.99763, 
0.99705, 0.99519, 0.99678, 0.99697, 0.99771, 0.99729, 0.99742, 
0.9969, 0.9972, 0.99571, 0.99683, 0.99779, 0.99657, 0.99677, 
0.99758, 0.99714, 0.99783, 0.99742, 0.1883, 0.2208, 0.2407, 0.2724, 
0.3041, 0.3378, 0.3636, 0.3903, 0.4151, 0.4351, 0.5173, 218.2, 
229.4, 233.4, 244.4, 252.3, 256.5, 264.4, 267.8, 270.8, 273.6, 
279.1, 1, 1, 1, 1, 1, 1, 1, 1, 1, 1, 1, 1, 1, 1, 1, 1, 1, 1, 
1, 1, 1, 1, 1, 1, 1, 1, 1, 1, 1, 1, 1, 1, 1, 1, 1, 1, 1, 1, 1, 
1, 1, 1, 1, 1, 4.696, 5.167, 5.298, 5.715, 6.755, 7.461, 7.713, 
7.004, 7.188, 7.307, 8.99), .Dim = c(11L, 40L), .Dimnames = list(
    NULL, c("Sampling", "PSO.cost", "PSO.gamma", "PSO.data.balancing", 
    "PSO.feature.selection", "PSO.valid.acc", "PSO.test.acc", 
    "PSO.train.time", "PSO.n.support.vectors", "PSO.index", "PSO.n.solutions", 
    "PSO.generations", "PSO.n.evaluations", "PSO.cpu.time", "RS.cost", 
    "RS.gamma", "RS.data.balancing", "RS.feature.selection", 
    "RS.valid.acc", "RS.test.acc", "RS.train.time", "RS.n.support.vectors", 
    "RS.index", "RS.n.solutions", "RS.generations", "RS.n.evaluations", 
    "RS.cpu.time", "DF.cost", "DF.gamma", "DF.data.balancing", 
    "DF.feature.selection", "DF.valid.acc", "DF.test.acc", "DF.train.time", 
    "DF.n.support.vectors", "DF.index", "DF.n.solutions", "DF.generations", 
    "DF.n.evaluations", "DF.cpu.time")))
