full <-
structure(c(50, 55, 60, 65, 70, 75, 80, 85, 90, 95, 100, 13.81305, 
3.87252, 12.29566, 9.94446, 12.18434, 12.97042, 5.00645, 10.36366, 
14.52312, 6.25866, 9.66926, -10.30961, -8.60751, -9.8027, -12.44443, 
-9.84986, -14.29541, -11.25256, -13.58077, -13.30285, -9.24886, 
-14.10692, 0, 0, 0, 0, 0, 0, 0, 0, 0, 0, 0, 0, 0, 0, 0, 0, 0, 
0, 0, 0, 0, 0, 1, 1, 1, 1, 1, 1, 1, 1, 1, 1, 1, 1, 0.99907, 1, 
1, 1, 1, 1, 1, 1, 1, 1, 0.1646, 0.1506, 0.1874, 0.351, 0.228, 
0.7097, 0.3761, 0.7358, 0.7236, 0.2955, 0.9422, 97.5, 103.8, 
103, 119, 100.2, 175.5, 147.2, 148.1, 142.3, 113.6, 175.6, 3, 
3, 2, 6, 3, 7, 2, 3, 4, 3, 4, 1929, 1922, 1919, 2056, 2046, 2135, 
1824, 2157, 2124, 2112, 1880, 100, 100, 100, 100, 100, 100, 100, 
100, 100, 100, 100, 2500, 2500, 2500, 2500, 2500, 2500, 2500, 
2500, 2500, 2500, 2500, 12295.345, 14246.121, 15895.139, 18652.754, 
18774.3, 22630.66, 21523.007, 24227.463, 26093.942, 25586.46, 
24547.155, 5.58472, 12.95534, 12.11847, 13.85119, 12.17067, 4.74787, 
2.92365, 2.92887, 4.01936, 5.05374, 2.34381, -11.84852, -8.88764, 
-10.7924, -9.77954, -12.11142, -10.63787, -9.17146, -9.95994, 
-11.61008, -8.85369, -10.34131, 0, 0, 0, 0, 0, 0, 0, 0, 0, 0, 
0, 0, 0, 0, 0, 0, 0, 0, 0, 0, 0, 0, 1, 1, 1, 1, 1, 1, 1, 1, 1, 
1, 1, 1, 1, 1, 1, 1, 1, 1, 1, 1, 1, 1, 0.2341, 0.1556, 0.2194, 
0.206, 0.3579, 0.2899, 0.2958, 0.3921, 0.6611, 0.3258, 0.6811, 
142.9, 98, 103.4, 102.4, 112.6, 125.8, 147.7, 204.4, 284.2, 115.1, 
345.5, 8, 9, 17, 2, 3, 12, 1, 4, 1, 1, 6, 631, 650, 542, 666, 
687, 575, 654, 700, 714, 679, 733, 100, 100, 100, 100, 100, 100, 
100, 100, 100, 100, 100, 2500, 2500, 2500, 2500, 2500, 2500, 
2500, 2500, 2500, 2500, 2500, 15148.649, 19088.387, 20550.951, 
22450.788, 24254.233, 25810.748, 28644.02, 30349.722, 34431.958, 
33300.13, 35219.082, 1, 1, 1, 1, 1, 1, 1, 1, 1, 1, 1, 0.0303, 
0.0303, 0.0303, 0.0303, 0.0303, 0.0303, 0.0303, 0.0303, 0.0303, 
0.0303, 0.0303, 0, 0, 0, 0, 0, 0, 0, 0, 0, 0, 0, 0, 0, 0, 0, 
0, 0, 0, 0, 0, 0, 0, 0.99588, 0.99626, 0.99484, 0.99681, 0.99631, 
0.99588, 0.99549, 0.99636, 0.99657, 0.99621, 0.9964, 0.9969, 
0.99532, 0.99484, 0.99681, 0.99705, 0.99657, 0.99613, 0.99636, 
0.99714, 0.99621, 0.99639, 0.1834, 0.2142, 0.2295, 0.2592, 0.2858, 
0.3117, 0.3531, 0.3813, 0.4069, 0.4233, 0.4708, 218, 223.4, 227.1, 
234, 237.9, 247.3, 251.3, 260.9, 266.7, 269.3, 274.1, 1, 1, 1, 
1, 1, 1, 1, 1, 1, 1, 1, 1, 1, 1, 1, 1, 1, 1, 1, 1, 1, 1, 1, 1, 
1, 1, 1, 1, 1, 1, 1, 1, 1, 1, 1, 1, 1, 1, 1, 1, 1, 1, 1, 1, 4.586, 
5.908, 6.041, 6.38, 6.62, 6.873, 7.398, 7.734, 8.028, 7.085, 
7.668), .Dim = c(11L, 40L), .Dimnames = list(NULL, c("Sampling", 
"PSO.cost", "PSO.gamma", "PSO.data.balancing", "PSO.feature.selection", 
"PSO.valid.acc", "PSO.test.acc", "PSO.train.time", "PSO.n.support.vectors", 
"PSO.index", "PSO.n.solutions", "PSO.generations", "PSO.n.evaluations", 
"PSO.cpu.time", "RS.cost", "RS.gamma", "RS.data.balancing", "RS.feature.selection", 
"RS.valid.acc", "RS.test.acc", "RS.train.time", "RS.n.support.vectors", 
"RS.index", "RS.n.solutions", "RS.generations", "RS.n.evaluations", 
"RS.cpu.time", "DF.cost", "DF.gamma", "DF.data.balancing", "DF.feature.selection", 
"DF.valid.acc", "DF.test.acc", "DF.train.time", "DF.n.support.vectors", 
"DF.index", "DF.n.solutions", "DF.generations", "DF.n.evaluations", 
"DF.cpu.time")))
