full <-
structure(c(50, 55, 60, 65, 70, 75, 80, 85, 90, 95, 100, 13.16678, 
14.93598, 7.0451, 8.92207, 9.18565, 7.53782, 13.9752, 7.06803, 
7.15309, 9.06668, 4.53196, -14.46828, -11.57464, -13.75978, -12.58689, 
-14.47305, -11.03479, -13.53448, -12.11186, -10.14723, -13.78907, 
-10.02715, 0, 0, 0, 0, 0, 0, 0, 0, 0, 0, 0, 0, 0, 0, 0, 0, 0, 
0, 0, 0, 0, 0, 1, 1, 1, 1, 1, 1, 1, 1, 1, 1, 1, 1, 1, 1, 1, 1, 
1, 1, 1, 1, 1, 1, 0.4648, 0.234, 0.485, 0.367, 0.6765, 0.2953, 
0.6462, 0.4829, 0.3361, 0.9231, 0.3965, 156.1, 105.2, 220.6, 
118.3, 188.3, 111.9, 154.1, 128.1, 110.5, 161.2, 124.8, 9, 3, 
6, 6, 3, 5, 2, 6, 32, 2, 3, 1880, 2190, 1810, 2157, 1861, 1899, 
1974, 2071, 1758, 2141, 1998, 100, 100, 100, 100, 100, 100, 100, 
100, 100, 100, 100, 2500, 2500, 2500, 2500, 2500, 2500, 2500, 
2500, 2500, 2500, 2500, 13776.06, 14709.558, 14854.749, 19557.654, 
16575.347, 18839.119, 19837.629, 25472.738, 25856.695, 26982.839, 
24074.638, 13.2661, 7.34449, 8.64068, 9.93159, 8.79142, 13.67311, 
14.28989, 9.69651, 11.83042, 10.1641, 12.91248, -11.29887, -10.3627, 
-14.1988, -12.94164, -14.9319, -12.02464, -11.91695, -8.8431, 
-9.12392, -14.86904, -12.80648, 0, 0, 0, 0, 0, 0, 0, 0, 0, 0, 
0, 0, 0, 0, 0, 0, 0, 0, 0, 0, 0, 0, 1, 1, 1, 1, 1, 1, 1, 1, 1, 
1, 1, 1, 1, 1, 1, 1, 1, 1, 1, 1, 1, 1, 0.1925, 0.1846, 0.5154, 
0.4278, 0.6808, 0.3898, 0.3911, 0.2712, 0.3087, 1.1679, 0.7775, 
99.9, 100.1, 171.5, 124, 233.2, 118, 120.3, 115.3, 111.7, 204.9, 
136, 5, 4, 2, 1, 3, 5, 5, 5, 11, 2, 5, 509, 581, 524, 675, 651, 
724, 706, 669, 663, 838, 737, 100, 100, 100, 100, 100, 100, 100, 
100, 100, 100, 100, 2500, 2500, 2500, 2500, 2500, 2500, 2500, 
2500, 2500, 2500, 2500, 15471.245, 17062.573, 18669.002, 20593.175, 
22179.698, 23408.096, 26143.336, 30817.572, 35039.024, 35768.769, 
39652.238, 1, 1, 1, 1, 1, 1, 1, 1, 1, 1, 1, 0.0303, 0.0303, 0.0303, 
0.0303, 0.0303, 0.0303, 0.0303, 0.0303, 0.0303, 0.0303, 0.0303, 
0, 0, 0, 0, 0, 0, 0, 0, 0, 0, 0, 0, 0, 0, 0, 0, 0, 0, 0, 0, 0, 
0, 0.99794, 0.99718, 0.99655, 0.99684, 0.99705, 0.99794, 0.99871, 
0.99819, 0.99771, 0.99674, 0.99691, 0.99691, 0.99718, 0.99741, 
0.99524, 0.99705, 0.99862, 0.99807, 0.99758, 0.99714, 0.99674, 
0.9964, 0.1942, 0.214, 0.252, 0.2646, 0.2862, 0.305, 0.3596, 
0.3935, 0.4517, 0.4601, 0.5205, 225.5, 231.9, 240.7, 246.9, 251, 
254.7, 260.9, 263.8, 268.1, 272.6, 277, 1, 1, 1, 1, 1, 1, 1, 
1, 1, 1, 1, 1, 1, 1, 1, 1, 1, 1, 1, 1, 1, 1, 1, 1, 1, 1, 1, 1, 
1, 1, 1, 1, 1, 1, 1, 1, 1, 1, 1, 1, 1, 1, 1, 1, 4.807, 5.046, 
5.791, 5.513, 5.642, 6.06, 7.487, 7.766, 8.425, 8.443, 9.326), .Dim = c(11L, 
40L), .Dimnames = list(NULL, c("Sampling", "PSO.cost", "PSO.gamma", 
"PSO.data.balancing", "PSO.feature.selection", "PSO.valid.acc", 
"PSO.test.acc", "PSO.train.time", "PSO.n.support.vectors", "PSO.index", 
"PSO.n.solutions", "PSO.generations", "PSO.n.evaluations", "PSO.cpu.time", 
"RS.cost", "RS.gamma", "RS.data.balancing", "RS.feature.selection", 
"RS.valid.acc", "RS.test.acc", "RS.train.time", "RS.n.support.vectors", 
"RS.index", "RS.n.solutions", "RS.generations", "RS.n.evaluations", 
"RS.cpu.time", "DF.cost", "DF.gamma", "DF.data.balancing", "DF.feature.selection", 
"DF.valid.acc", "DF.test.acc", "DF.train.time", "DF.n.support.vectors", 
"DF.index", "DF.n.solutions", "DF.generations", "DF.n.evaluations", 
"DF.cpu.time")))
