full <-
structure(c(50, 55, 60, 65, 70, 75, 80, 85, 90, 95, 100, 13.51233, 
10.55503, 6.04276, 9.50243, 10.33786, 10.53928, 7.68772, 13.5234, 
6.60095, 4.09301, 8.50028, -13.60196, -14.42973, -12.31018, -9.91319, 
-10.95568, -11.02791, -9.09584, -9.94862, -13.92633, -12.97223, 
-9.18254, 0, 0, 0, 0, 0, 0, 0, 0, 0, 0, 0, 0, 0, 0, 0, 0, 0, 
0, 0, 0, 0, 0, 1, 1, 1, 1, 1, 1, 1, 1, 1, 1, 1, 1, 1, 1, 1, 1, 
1, 1, 1, 1, 1, 1, 0.4093, 0.4955, 0.3414, 0.2059, 0.2661, 0.2945, 
0.2284, 0.2838, 0.8797, 1.0116, 0.3125, 132.7, 159.4, 152.8, 
102.3, 106.6, 110.4, 110.3, 110.1, 299, 596.6, 116, 4, 2, 2, 
4, 3, 5, 8, 4, 4, 4, 7, 1712, 2240, 1995, 2033, 1959, 1991, 1803, 
1876, 1944, 1877, 2059, 100, 100, 100, 100, 100, 100, 100, 100, 
100, 100, 100, 2500, 2500, 2500, 2500, 2500, 2500, 2500, 2500, 
2500, 2500, 2500, 13922.468, 15780.26, 15290.694, 16790.065, 
17278.232, 16942.945, 18276.642, 21008.753, 22291.577, 24173.269, 
22886.46, 7.94419, 11.1766, 14.38063, 11.33559, 5.9423, 9.97609, 
8.57399, 13.71437, 3.02132, 3.56999, 7.95836, -11.54367, -12.94568, 
-9.12699, -14.99147, -8.30333, -13.98604, -11.90147, -10.55357, 
-8.63415, -12.84709, -12.23528, 0, 0, 0, 0, 0, 0, 0, 0, 0, 0, 
0, 0, 0, 0, 0, 0, 0, 0, 0, 0, 0, 0, 1, 1, 1, 1, 1, 1, 1, 1, 1, 
1, 1, 1, 1, 1, 1, 1, 1, 1, 1, 1, 1, 1, 0.2196, 0.3498, 0.1711, 
0.7012, 0.1913, 0.6788, 0.3952, 0.3133, 0.2925, 1.0842, 0.5413, 
105.2, 119.1, 104.4, 188.1, 109.6, 152, 115.7, 111.6, 132.7, 
723.8, 127.8, 1, 1, 2, 3, 4, 1, 1, 2, 1, 3, 3, 796, 606, 615, 
735, 666, 695, 671, 662, 781, 648, 680, 100, 100, 100, 100, 100, 
100, 100, 100, 100, 100, 100, 2500, 2500, 2500, 2500, 2500, 2500, 
2500, 2500, 2500, 2500, 2500, 15509.241, 17088.811, 18572.928, 
20143.287, 22412.886, 23593.849, 25462.677, 27850.153, 29805.97, 
33323.258, 35184.58, 1, 1, 1, 1, 1, 1, 1, 1, 1, 1, 1, 0.0303, 
0.0303, 0.0303, 0.0303, 0.0303, 0.0303, 0.0303, 0.0303, 0.0303, 
0.0303, 0.0303, 0, 0, 0, 0, 0, 0, 0, 0, 0, 0, 0, 0, 0, 0, 0, 
0, 0, 0, 0, 0, 0, 0, 0.99381, 0.9925, 0.99483, 0.99365, 0.99485, 
0.99589, 0.99742, 0.99575, 0.99541, 0.99675, 0.99743, 0.99381, 
0.99251, 0.99483, 0.99444, 0.99485, 0.99589, 0.99548, 0.99575, 
0.99598, 0.99676, 0.99639, 0.1845, 0.2066, 0.2334, 0.268, 0.2809, 
0.3079, 0.337, 0.3566, 0.3978, 0.4399, 0.4478, 210.4, 218.3, 
228.5, 240.3, 243, 251.3, 252.7, 258.1, 267, 269.1, 277, 1, 1, 
1, 1, 1, 1, 1, 1, 1, 1, 1, 1, 1, 1, 1, 1, 1, 1, 1, 1, 1, 1, 1, 
1, 1, 1, 1, 1, 1, 1, 1, 1, 1, 1, 1, 1, 1, 1, 1, 1, 1, 1, 1, 1, 
4.774, 4.993, 5.269, 5.618, 5.867, 6.152, 6.33, 6.767, 7.159, 
7.635, 7.561), .Dim = c(11L, 40L), .Dimnames = list(NULL, c("Sampling", 
"PSO.cost", "PSO.gamma", "PSO.data.balancing", "PSO.feature.selection", 
"PSO.valid.acc", "PSO.test.acc", "PSO.train.time", "PSO.n.support.vectors", 
"PSO.index", "PSO.n.solutions", "PSO.generations", "PSO.n.evaluations", 
"PSO.cpu.time", "RS.cost", "RS.gamma", "RS.data.balancing", "RS.feature.selection", 
"RS.valid.acc", "RS.test.acc", "RS.train.time", "RS.n.support.vectors", 
"RS.index", "RS.n.solutions", "RS.generations", "RS.n.evaluations", 
"RS.cpu.time", "DF.cost", "DF.gamma", "DF.data.balancing", "DF.feature.selection", 
"DF.valid.acc", "DF.test.acc", "DF.train.time", "DF.n.support.vectors", 
"DF.index", "DF.n.solutions", "DF.generations", "DF.n.evaluations", 
"DF.cpu.time")))
