full <-
structure(c(50, 55, 60, 65, 70, 75, 80, 85, 90, 95, 100, 14.61865, 
10.65639, 8.81074, 5.38967, 4.64954, 12.65646, 13.13819, 8.34887, 
5.0264, 11.92544, 6.67528, -11.44091, -11.04281, -9.33612, -12.33693, 
-9.18096, -9.24229, -14.49806, -10.2649, -11.47452, -13.09136, 
-14.87131, 0, 0, 0, 0, 0, 0, 0, 0, 0, 0, 0, 0, 0, 0, 0, 0, 0, 
0, 0, 0, 0, 0, 1, 1, 1, 1, 1, 1, 1, 1, 1, 1, 1, 1, 1, 1, 1, 1, 
1, 1, 1, 1, 1, 1, 0.2131, 0.2147, 0.1706, 0.4154, 0.2144, 0.2406, 
0.8679, 0.2987, 0.4316, 0.7846, 1.3573, 101, 101.3, 99, 200.6, 
106.4, 108.1, 181.6, 110.8, 159.9, 139.2, 536.6, 5, 4, 3, 2, 
3, 4, 3, 2, 3, 2, 4, 2230, 2110, 1749, 2042, 1968, 1963, 1998, 
1883, 2149, 2213, 2229, 100, 100, 100, 100, 100, 100, 100, 100, 
100, 100, 100, 2500, 2500, 2500, 2500, 2500, 2500, 2500, 2500, 
2500, 2500, 2500, 15394.412, 17074.16, 16165.984, 18614.962, 
18758.04, 20635.345, 21492.191, 20417.329, 24940.076, 29343.161, 
31810.726, 11.84139, 7.49448, 11.64853, 13.84924, 3.04863, 13.19551, 
7.44454, 5.61457, 12.92986, 12.8241, 9.35565, -11.90967, -11.48518, 
-13.02305, -10.68291, -10.7633, -13.54551, -11.67785, -12.31349, 
-11.42754, -11.20296, -9.48748, 0, 0, 0, 0, 0, 0, 0, 0, 0, 0, 
0, 0, 0, 0, 0, 0, 0, 0, 0, 0, 0, 0, 1, 1, 1, 1, 1, 1, 1, 1, 1, 
1, 1, 1, 1, 1, 1, 1, 1, 1, 1, 1, 1, 1, 0.2303, 0.2279, 0.4172, 
0.2456, 0.4256, 0.6211, 0.3828, 0.5487, 0.3806, 0.4484, 0.3385, 
103.3, 103, 118.1, 99.2, 290, 144.8, 114.6, 188.1, 115.6, 115.5, 
115.8, 3, 5, 10, 8, 4, 2, 3, 8, 3, 7, 1, 553, 623, 577, 605, 
678, 618, 699, 728, 700, 731, 712, 100, 100, 100, 100, 100, 100, 
100, 100, 100, 100, 100, 2500, 2500, 2500, 2500, 2500, 2500, 
2500, 2500, 2500, 2500, 2500, 16673.775, 18211.802, 19900.654, 
21515.624, 23319.878, 25224.57, 26363.479, 28444.468, 31458.578, 
39633.06, 35436.738, 1, 1, 1, 1, 1, 1, 1, 1, 1, 1, 1, 0.0303, 
0.0303, 0.0303, 0.0303, 0.0303, 0.0303, 0.0303, 0.0303, 0.0303, 
0.0303, 0.0303, 0, 0, 0, 0, 0, 0, 0, 0, 0, 0, 0, 0, 0, 0, 0, 
0, 0, 0, 0, 0, 0, 0, 0.99278, 0.99437, 0.9957, 0.99603, 0.99558, 
0.99588, 0.99679, 0.99697, 0.99713, 0.99566, 0.99639, 0.99278, 
0.99531, 0.99485, 0.99523, 0.99484, 0.99656, 0.99679, 0.99758, 
0.99713, 0.99566, 0.99639, 0.1918, 0.2145, 0.2354, 0.2668, 0.2868, 
0.3156, 0.3458, 0.3516, 0.4463, 0.5203, 0.4882, 227.2, 230.1, 
228.5, 237.8, 242.6, 257.1, 259.4, 265, 269.7, 274.8, 276.4, 
1, 1, 1, 1, 1, 1, 1, 1, 1, 1, 1, 1, 1, 1, 1, 1, 1, 1, 1, 1, 1, 
1, 1, 1, 1, 1, 1, 1, 1, 1, 1, 1, 1, 1, 1, 1, 1, 1, 1, 1, 1, 1, 
1, 1, 5.367, 5.254, 5.775, 6.17, 6.282, 6.568, 6.853, 6.672, 
8.739, 9.922, 8.224), .Dim = c(11L, 40L), .Dimnames = list(NULL, 
    c("Sampling", "PSO.cost", "PSO.gamma", "PSO.data.balancing", 
    "PSO.feature.selection", "PSO.valid.acc", "PSO.test.acc", 
    "PSO.train.time", "PSO.n.support.vectors", "PSO.index", "PSO.n.solutions", 
    "PSO.generations", "PSO.n.evaluations", "PSO.cpu.time", "RS.cost", 
    "RS.gamma", "RS.data.balancing", "RS.feature.selection", 
    "RS.valid.acc", "RS.test.acc", "RS.train.time", "RS.n.support.vectors", 
    "RS.index", "RS.n.solutions", "RS.generations", "RS.n.evaluations", 
    "RS.cpu.time", "DF.cost", "DF.gamma", "DF.data.balancing", 
    "DF.feature.selection", "DF.valid.acc", "DF.test.acc", "DF.train.time", 
    "DF.n.support.vectors", "DF.index", "DF.n.solutions", "DF.generations", 
    "DF.n.evaluations", "DF.cpu.time")))
