full <-
structure(c(50, 55, 60, 65, 70, 75, 80, 85, 90, 95, 100, 13.96787, 
13.80323, 14.54049, 14.22066, 13.16094, 12.08612, 12.38167, 6.30856, 
11.54192, 5.11502, 11.36723, -9.25815, -13.87628, -11.63211, 
-14.55831, -9.13767, -14.67474, -12.16175, -13.55625, -13.83961, 
-9.38885, -13.74473, 0, 0, 0, 0, 0, 0, 0, 0, 0, 0, 0, 0, 0, 0, 
0, 0, 0, 0, 0, 0, 0, 0, 1, 1, 1, 1, 1, 1, 1, 1, 1, 1, 1, 1, 1, 
1, 1, 1, 1, 1, 1, 1, 1, 1, 0.1431, 0.438, 0.2724, 0.6648, 0.2038, 
0.8386, 0.4634, 0.7957, 0.8905, 0.342, 1.0244, 98, 141.5, 107.8, 
175.9, 106.9, 185.6, 119.7, 283.8, 157.2, 114, 166.8, 3, 9, 2, 
2, 8, 3, 3, 3, 2, 2, 3, 2042, 2110, 1996, 2233, 2084, 2049, 1948, 
2118, 2079, 1977, 1891, 100, 100, 100, 100, 100, 100, 100, 100, 
100, 100, 100, 2500, 2500, 2500, 2500, 2500, 2500, 2500, 2500, 
2500, 2500, 2500, 14313.656, 15289.401, 15758.88, 19352.316, 
21581.718, 21724.089, 21300.221, 24525.345, 23148.608, 25729.824, 
29345.031, 12.69771, 7.16437, 4.67529, 8.97481, 11.06984, 9.31637, 
5.40363, 7.56488, 5.64883, 12.09663, 4.1159, -9.5615, -12.22192, 
-10.88604, -14.35317, -13.51193, -13.63739, -14.43517, -8.44466, 
-9.1265, -8.26689, -11.15784, 0, 0, 0, 0, 0, 0, 0, 0, 0, 0, 0, 
0, 0, 0, 0, 0, 0, 0, 0, 0, 0, 0, 1, 1, 1, 1, 1, 1, 1, 1, 1, 1, 
1, 1, 1, 1, 1, 1, 1, 1, 1, 1, 1, 1, 0.1434, 0.2712, 0.2501, 0.6182, 
0.5981, 0.6706, 0.8846, 0.2632, 0.3007, 0.2993, 0.6099, 96.4, 
115.8, 141, 179.3, 141, 146.7, 640.7, 114.3, 111.2, 120.2, 213.8, 
12, 8, 1, 2, 1, 1, 2, 3, 2, 3, 1, 675, 616, 676, 593, 580, 612, 
679, 714, 613, 758, 719, 100, 100, 100, 100, 100, 100, 100, 100, 
100, 100, 100, 2500, 2500, 2500, 2500, 2500, 2500, 2500, 2500, 
2500, 2500, 2500, 15573.398, 17197.042, 19014.603, 20706.584, 
23449.689, 25841.506, 27918.953, 30281.497, 33885.897, 37107.173, 
42064.386, 1, 1, 1, 1, 1, 1, 1, 1, 1, 1, 1, 0.0303, 0.0303, 0.0303, 
0.0303, 0.0303, 0.0303, 0.0303, 0.0303, 0.0303, 0.0303, 0.0303, 
0, 0, 0, 0, 0, 0, 0, 0, 0, 0, 0, 0, 0, 0, 0, 0, 0, 0, 0, 0, 0, 
0, 0.99589, 0.99625, 0.99657, 0.99762, 0.99705, 0.99657, 0.99678, 
0.99697, 0.99656, 0.99728, 0.99691, 0.99486, 0.99719, 0.99742, 
0.99762, 0.99631, 0.99588, 0.99614, 0.99636, 0.99656, 0.99674, 
0.99639, 0.1788, 0.2117, 0.23, 0.2691, 0.3097, 0.3363, 0.3687, 
0.4065, 0.4501, 0.5057, 0.5631, 214.3, 222.7, 230.6, 237.9, 243.3, 
249, 256.6, 259.6, 263.6, 270.8, 276.5, 1, 1, 1, 1, 1, 1, 1, 
1, 1, 1, 1, 1, 1, 1, 1, 1, 1, 1, 1, 1, 1, 1, 1, 1, 1, 1, 1, 1, 
1, 1, 1, 1, 1, 1, 1, 1, 1, 1, 1, 1, 1, 1, 1, 1, 4.661, 5.106, 
5.493, 5.85, 6.623, 6.928, 6.961, 7.467, 7.833, 8.542, 9.246), .Dim = c(11L, 
40L), .Dimnames = list(NULL, c("Sampling", "PSO.cost", "PSO.gamma", 
"PSO.data.balancing", "PSO.feature.selection", "PSO.valid.acc", 
"PSO.test.acc", "PSO.train.time", "PSO.n.support.vectors", "PSO.index", 
"PSO.n.solutions", "PSO.generations", "PSO.n.evaluations", "PSO.cpu.time", 
"RS.cost", "RS.gamma", "RS.data.balancing", "RS.feature.selection", 
"RS.valid.acc", "RS.test.acc", "RS.train.time", "RS.n.support.vectors", 
"RS.index", "RS.n.solutions", "RS.generations", "RS.n.evaluations", 
"RS.cpu.time", "DF.cost", "DF.gamma", "DF.data.balancing", "DF.feature.selection", 
"DF.valid.acc", "DF.test.acc", "DF.train.time", "DF.n.support.vectors", 
"DF.index", "DF.n.solutions", "DF.generations", "DF.n.evaluations", 
"DF.cpu.time")))
