full <-
structure(c(50, 55, 60, 65, 70, 75, 80, 85, 90, 95, 100, 7.16424, 
2.75365, 14.94883, 14.47324, 13.81898, 11.08084, 11.98544, 14.49008, 
13.73797, 7.85511, 4.69803, -13.71656, -9.0356, -10.47001, -10.99886, 
-10.37054, -10.48787, -11.40961, -11.71469, -13.69683, -13.77453, 
-11.45976, 0, 0, 0, 0, 0, 0, 0, 0, 0, 0, 0, 0, 0, 0, 0, 0, 0, 
0, 0, 0, 0, 0, 1, 1, 1, 1, 1, 1, 1, 1, 1, 1, 1, 1, 1, 1, 1, 1, 
1, 1, 1, 1, 1, 1, 0.3874, 0.1973, 0.2262, 0.2703, 0.2566, 0.3322, 
0.3592, 0.4431, 0.8849, 1.0618, 0.7066, 207.1, 143.2, 103.5, 
110.4, 108.7, 110.6, 114.7, 118.1, 157.2, 180.8, 187.3, 8, 2, 
14, 3, 2, 8, 4, 2, 5, 15, 2, 1881, 1849, 2174, 2041, 1882, 2113, 
2072, 1869, 2108, 2028, 2037, 100, 100, 100, 100, 100, 100, 100, 
100, 100, 100, 100, 2500, 2500, 2500, 2500, 2500, 2500, 2500, 
2500, 2500, 2500, 2500, 14480.464, 15904.33, 16212.478, 18376.764, 
18893.324, 27609.296, 20521.469, 25289.072, 25940.737, 33939.823, 
33801.215, 5.08681, 6.79219, 12.90007, 5.18454, 3.6542, 13.53147, 
8.99443, 3.02847, 2.5412, 12.60111, 5.20859, -10.3394, -13.12489, 
-13.17392, -13.19652, -11.70996, -11.76756, -14.72843, -8.69466, 
-10.95589, -10.3926, -11.94267, 0, 0, 0, 0, 0, 0, 0, 0, 0, 0, 
0, 0, 0, 0, 0, 0, 0, 0, 0, 0, 0, 0, 1, 1, 1, 1, 1, 1, 1, 1, 1, 
1, 1, 1, 1, 1, 1, 1, 1, 1, 1, 1, 1, 1, 0.1708, 0.3699, 0.4496, 
0.5768, 0.5136, 0.4145, 0.8276, 0.2903, 0.7671, 0.457, 0.7997, 
106, 169.5, 132.4, 374.6, 358, 116.2, 212.5, 131.6, 437.2, 115.7, 
190.4, 1, 1, 3, 10, 4, 7, 1, 4, 2, 6, 1, 665, 617, 649, 580, 
587, 597, 610, 651, 598, 626, 749, 100, 100, 100, 100, 100, 100, 
100, 100, 100, 100, 100, 2500, 2500, 2500, 2500, 2500, 2500, 
2500, 2500, 2500, 2500, 2500, 16789.87, 18444.519, 20041.234, 
22015.031, 23331.205, 26363.75, 29168.133, 30989.096, 35808.753, 
41391.984, 46006.871, 1, 1, 1, 1, 1, 1, 1, 1, 1, 1, 1, 0.0303, 
0.0303, 0.0303, 0.0303, 0.0303, 0.0303, 0.0303, 0.0303, 0.0303, 
0.0303, 0.0303, 0, 0, 0, 0, 0, 0, 0, 0, 0, 0, 0, 0, 0, 0, 0, 
0, 0, 0, 0, 0, 0, 0, 0.99482, 0.99531, 0.9957, 0.99603, 0.99779, 
0.99657, 0.99614, 0.99758, 0.99657, 0.99566, 0.9969, 0.99482, 
0.99531, 0.9957, 0.99524, 0.99558, 0.99588, 0.99743, 0.99575, 
0.996, 0.99566, 0.99639, 0.183, 0.2107, 0.2464, 0.2597, 0.2996, 
0.3295, 0.3859, 0.3928, 0.4432, 0.5081, 0.6175, 216.3, 223.7, 
234, 237.9, 245.9, 253.6, 258.6, 263.8, 269.1, 269.6, 276.9, 
1, 1, 1, 1, 1, 1, 1, 1, 1, 1, 1, 1, 1, 1, 1, 1, 1, 1, 1, 1, 1, 
1, 1, 1, 1, 1, 1, 1, 1, 1, 1, 1, 1, 1, 1, 1, 1, 1, 1, 1, 1, 1, 
1, 1, 5.19, 5.607, 5.988, 5.983, 6.667, 7.166, 7.667, 7.458, 
9.63, 10.358, 11.738), .Dim = c(11L, 40L), .Dimnames = list(NULL, 
    c("Sampling", "PSO.cost", "PSO.gamma", "PSO.data.balancing", 
    "PSO.feature.selection", "PSO.valid.acc", "PSO.test.acc", 
    "PSO.train.time", "PSO.n.support.vectors", "PSO.index", "PSO.n.solutions", 
    "PSO.generations", "PSO.n.evaluations", "PSO.cpu.time", "RS.cost", 
    "RS.gamma", "RS.data.balancing", "RS.feature.selection", 
    "RS.valid.acc", "RS.test.acc", "RS.train.time", "RS.n.support.vectors", 
    "RS.index", "RS.n.solutions", "RS.generations", "RS.n.evaluations", 
    "RS.cpu.time", "DF.cost", "DF.gamma", "DF.data.balancing", 
    "DF.feature.selection", "DF.valid.acc", "DF.test.acc", "DF.train.time", 
    "DF.n.support.vectors", "DF.index", "DF.n.solutions", "DF.generations", 
    "DF.n.evaluations", "DF.cpu.time")))
