full <-
structure(c(50, 55, 60, 65, 70, 75, 80, 85, 90, 95, 100, 10.77704, 
13.95651, 13.66115, 10.83703, 10.66749, 4.74189, 7.44998, 14.65351, 
11.3882, 7.21561, 9.04687, -7.62619, -12.30797, -10.5268, -10.92187, 
-8.26221, -12.81169, -7.59124, -8.5517, -14.4144, -10.87278, 
-14.97123, 0, 0, 0, 0, 0, 0, 0, 0, 0, 0, 0, 0, 0, 0, 0, 0, 0, 
0, 0, 0, 0, 0, 1, 1, 1, 1, 1, 1, 1, 1, 1, 1, 1, 1, 1, 1, 1, 1, 
1, 1, 1, 1, 1, 1, 0.1256, 0.2787, 0.201, 0.2373, 0.186, 0.5998, 
0.2098, 0.2379, 0.9053, 0.3634, 1.0993, 109, 105.8, 104.5, 106, 
115.3, 382, 123.6, 117.9, 181.2, 114.4, 236.1, 15, 5, 3, 2, 2, 
5, 2, 2, 2, 2, 4, 1889, 2005, 2003, 2055, 2030, 1917, 1814, 1758, 
1954, 1882, 2126, 100, 100, 100, 100, 100, 100, 100, 100, 100, 
100, 100, 2500, 2500, 2500, 2500, 2500, 2500, 2500, 2500, 2500, 
2500, 2500, 12080.538, 13243.337, 14767.3, 14773.961, 13262.072, 
15269.206, 16277.54, 18373.776, 21314.485, 20925.067, 26351.522, 
14.05265, 13.56133, 4.81977, 4.76228, 5.1922, 13.22146, 11.87852, 
4.49243, 8.07919, 5.51071, 6.29691, -11.57054, -8.80903, -10.76562, 
-11.49937, -8.48455, -9.41292, -8.12424, -12.1325, -9.23982, 
-13.63945, -9.9617, 0, 0, 0, 0, 0, 0, 0, 0, 0, 0, 0, 0, 0, 0, 
0, 0, 0, 0, 0, 0, 0, 0, 1, 1, 1, 1, 1, 1, 1, 1, 1, 1, 1, 1, 1, 
1, 1, 1, 1, 1, 1, 1, 1, 1, 0.1992, 0.0892, 0.2189, 0.316, 0.1164, 
0.217, 0.2075, 0.5985, 0.2648, 0.8868, 0.3036, 100.8, 97.1, 128.3, 
183.7, 113.1, 110, 115.6, 295.4, 111.9, 440.9, 113.7, 4, 1, 6, 
3, 1, 11, 1, 1, 2, 2, 1, 799, 812, 554, 876, 833, 824, 823, 729, 
705, 699, 724, 100, 100, 100, 100, 100, 100, 100, 100, 100, 100, 
100, 2500, 2500, 2500, 2500, 2500, 2500, 2500, 2500, 2500, 2500, 
2500, 15175.359, 16186.527, 14914.374, 19652.204, 21228.211, 
23505.617, 24400.11, 26806.124, 28123.447, 31946.985, 33470.411, 
1, 1, 1, 1, 1, 1, 1, 1, 1, 1, 1, 0.0303, 0.0303, 0.0303, 0.0303, 
0.0303, 0.0303, 0.0303, 0.0303, 0.0303, 0.0303, 0.0303, 0, 0, 
0, 0, 0, 0, 0, 0, 0, 0, 0, 0, 0, 0, 0, 0, 0, 0, 0, 0, 0, 0, 0.99587, 
0.99624, 0.99569, 0.99683, 0.99632, 0.99657, 0.99741, 0.99636, 
0.99713, 0.99675, 0.99587, 0.99587, 0.9953, 0.99398, 0.99683, 
0.99705, 0.99656, 0.99742, 0.99697, 0.99713, 0.9962, 0.9969, 
0.1844, 0.2036, 0.1531, 0.2591, 0.2794, 0.3141, 0.3376, 0.3594, 
0.3856, 0.4191, 0.2698, 215.3, 221.5, 234.6, 240.4, 247.6, 253.6, 
257.9, 262.8, 266.7, 270.7, 275.3, 1, 1, 1, 1, 1, 1, 1, 1, 1, 
1, 1, 1, 1, 1, 1, 1, 1, 1, 1, 1, 1, 1, 1, 1, 1, 1, 1, 1, 1, 1, 
1, 1, 1, 1, 1, 1, 1, 1, 1, 1, 1, 1, 1, 1, 5.2, 4.834, 3.767, 
5.404, 5.608, 6.712, 6.959, 6.569, 7.472, 7.903, 5.511), .Dim = c(11L, 
40L), .Dimnames = list(NULL, c("Sampling", "PSO.cost", "PSO.gamma", 
"PSO.data.balancing", "PSO.feature.selection", "PSO.valid.acc", 
"PSO.test.acc", "PSO.train.time", "PSO.n.support.vectors", "PSO.index", 
"PSO.n.solutions", "PSO.generations", "PSO.n.evaluations", "PSO.cpu.time", 
"RS.cost", "RS.gamma", "RS.data.balancing", "RS.feature.selection", 
"RS.valid.acc", "RS.test.acc", "RS.train.time", "RS.n.support.vectors", 
"RS.index", "RS.n.solutions", "RS.generations", "RS.n.evaluations", 
"RS.cpu.time", "DF.cost", "DF.gamma", "DF.data.balancing", "DF.feature.selection", 
"DF.valid.acc", "DF.test.acc", "DF.train.time", "DF.n.support.vectors", 
"DF.index", "DF.n.solutions", "DF.generations", "DF.n.evaluations", 
"DF.cpu.time")))
