full <-
structure(c(50, 55, 60, 65, 70, 75, 80, 85, 90, 95, 100, 10.87517, 
12.14865, 6.3658, 3.75863, 14.05168, 4.22451, 14.27756, 9.30065, 
5.85658, 11.92281, 4.83851, -14.81893, -12.7235, -11.44437, -9.69952, 
-12.05244, -8.73637, -8.38549, -8.38536, -14.03799, -14.14424, 
-14.49354, 0, 0, 0, 0, 0, 0, 0, 0, 0, 0, 0, 0, 0, 0, 0, 0, 0, 
0, 0, 0, 0, 0, 1, 1, 1, 1, 1, 1, 1, 1, 1, 1, 1, 1, 1, 1, 1, 1, 
1, 0.99935, 0.99939, 1, 1, 1, 0.49, 0.3638, 0.2658, 0.2468, 0.3745, 
0.2365, 0.2469, 0.2754, 1.0447, 1.0801, 1.2003, 162, 117.6, 111.4, 
126.7, 115.8, 111.9, 114.9, 114.8, 456.6, 169.8, 874.2, 4, 3, 
7, 4, 4, 2, 4, 5, 6, 9, 2, 1922, 2213, 2000, 1869, 2156, 1758, 
1959, 2008, 2015, 2109, 1749, 100, 100, 100, 100, 100, 100, 100, 
100, 100, 100, 100, 2500, 2500, 2500, 2500, 2500, 2500, 2500, 
2500, 2500, 2500, 2500, 17514.593, 23734.498, 19942.656, 23374.36, 
26154.761, 25545.812, 28194.488, 26824.004, 27468.351, 32593.712, 
25871.791, 3.54108, 14.04591, 11.73053, 8.18187, 11.87998, 5.96594, 
2.63192, 3.89335, 3.66453, 3.73819, 6.20104, -9.48145, -11.87873, 
-13.42035, -9.53985, -13.41153, -13.14325, -9.84083, -9.701, 
-9.93665, -10.52669, -10.31183, 0, 0, 0, 0, 0, 0, 0, 0, 0, 0, 
0, 0, 0, 0, 0, 0, 0, 0, 0, 0, 0, 0, 1, 1, 1, 1, 1, 1, 1, 1, 1, 
1, 1, 1, 1, 1, 1, 1, 1, 1, 1, 1, 1, 1, 0.177, 0.2794, 0.4684, 
0.2024, 0.5558, 0.6147, 0.3967, 0.3446, 0.4001, 0.5016, 0.3813, 
124.2, 108.4, 135.4, 103, 135.5, 254.3, 224.9, 129.2, 147.8, 
183.6, 116.2, 5, 1, 1, 4, 1, 1, 6, 1, 1, 8, 14, 500, 713, 713, 
667, 705, 697, 702, 679, 728, 737, 733, 100, 100, 100, 100, 100, 
100, 100, 100, 100, 100, 100, 2500, 2500, 2500, 2500, 2500, 2500, 
2500, 2500, 2500, 2500, 2500, 22697.14, 23562.353, 24718.292, 
26278.384, 28652.556, 30807.685, 32144.132, 34813.253, 37268.341, 
36199.643, 38194.419, 1, 1, 1, 1, 1, 1, 1, 1, 1, 1, 1, 0.0303, 
0.0303, 0.0303, 0.0303, 0.0303, 0.0303, 0.0303, 0.0303, 0.0303, 
0.0303, 0.0303, 0, 0, 0, 0, 0, 0, 0, 0, 0, 0, 0, 0, 0, 0, 0, 
0, 0, 0, 0, 0, 0, 0, 0.99381, 0.99343, 0.99484, 0.99684, 0.99632, 
0.99656, 0.99677, 0.99697, 0.99656, 0.99729, 0.99691, 0.99278, 
0.9953, 0.9957, 0.99524, 0.99632, 0.99725, 0.99613, 0.99697, 
0.99656, 0.99729, 0.99588, 0.2011, 0.2207, 0.2414, 0.2773, 0.2906, 
0.3363, 0.3516, 0.4008, 0.4541, 0.4291, 0.5243, 216.8, 222, 229.8, 
239.8, 242.7, 254.4, 254, 259.8, 268.2, 270.9, 279.4, 1, 1, 1, 
1, 1, 1, 1, 1, 1, 1, 1, 1, 1, 1, 1, 1, 1, 1, 1, 1, 1, 1, 1, 1, 
1, 1, 1, 1, 1, 1, 1, 1, 1, 1, 1, 1, 1, 1, 1, 1, 1, 1, 1, 1, 7.636, 
7.828, 7.602, 7.358, 8.282, 8.267, 8.933, 9.317, 10.409, 7.563, 
8.796), .Dim = c(11L, 40L), .Dimnames = list(NULL, c("Sampling", 
"PSO.cost", "PSO.gamma", "PSO.data.balancing", "PSO.feature.selection", 
"PSO.valid.acc", "PSO.test.acc", "PSO.train.time", "PSO.n.support.vectors", 
"PSO.index", "PSO.n.solutions", "PSO.generations", "PSO.n.evaluations", 
"PSO.cpu.time", "RS.cost", "RS.gamma", "RS.data.balancing", "RS.feature.selection", 
"RS.valid.acc", "RS.test.acc", "RS.train.time", "RS.n.support.vectors", 
"RS.index", "RS.n.solutions", "RS.generations", "RS.n.evaluations", 
"RS.cpu.time", "DF.cost", "DF.gamma", "DF.data.balancing", "DF.feature.selection", 
"DF.valid.acc", "DF.test.acc", "DF.train.time", "DF.n.support.vectors", 
"DF.index", "DF.n.solutions", "DF.generations", "DF.n.evaluations", 
"DF.cpu.time")))
