full <-
structure(c(50, 55, 60, 65, 70, 75, 80, 85, 90, 95, 100, 6.44775, 
8.54844, 9.9986, 6.68846, 6.28583, 11.75127, 12.67654, 14.1386, 
14.90615, 2.74384, 6.75312, -14.99992, -12.42934, -11.41305, 
-9.05211, -10.84554, -9.17864, -10.08018, -12.93135, -14.86184, 
-10.51758, -14.75485, 0, 0, 0, 0, 0, 0, 0, 0, 0, 0, 0, 0, 0, 
0, 0, 0, 0, 0, 0, 0, 0, 0, 1, 1, 1, 1, 1, 1, 1, 1, 1, 1, 1, 1, 
1, 1, 1, 1, 1, 1, 1, 1, 1, 1, 0.3247, 0.2845, 0.2481, 0.1862, 
0.2656, 0.2097, 0.2472, 0.5577, 0.9352, 0.5664, 1.1173, 430.4, 
113, 107.1, 106.7, 110.6, 111.4, 108.5, 136.2, 200.9, 306.9, 
482.2, 2, 7, 3, 4, 3, 4, 3, 2, 3, 12, 2, 2042, 2133, 1895, 1885, 
2034, 1848, 1971, 2024, 1905, 1810, 2059, 100, 100, 100, 100, 
100, 100, 100, 100, 100, 100, 100, 2500, 2500, 2500, 2500, 2500, 
2500, 2500, 2500, 2500, 2500, 2500, 16499.732, 18160.989, 16067.036, 
16363.479, 20107.406, 17395.787, 19395.06, 18867.139, 20517.558, 
23424.809, 23579.628, 11.66122, 8.15945, 10.13757, 5.4633, 9.87653, 
11.04985, 10.55994, 0.88734, 3.44357, 4.23174, 5.46106, -9.05585, 
-9.09785, -13.84941, -12.14105, -11.61243, -11.36303, -11.84368, 
-9.97343, -8.80787, -9.57045, -9.16435, 0, 0, 0, 0, 0, 0, 0, 
0, 0, 0, 0, 0, 0, 0, 0, 0, 0, 0, 0, 0, 0, 0, 1, 1, 1, 1, 1, 1, 
1, 1, 1, 1, 1, 1, 1, 1, 1, 1, 1, 1, 1, 1, 1, 1, 0.1397, 0.1567, 
0.4655, 0.3586, 0.308, 0.3053, 0.3925, 0.7783, 0.1634, 0.3054, 
0.2923, 99.7, 103.7, 148.6, 181.9, 115.3, 113.5, 117.6, 633.8, 
124.8, 124.1, 116.4, 3, 1, 10, 10, 7, 4, 10, 1, 5, 3, 1, 640, 
604, 658, 692, 605, 679, 635, 728, 624, 689, 707, 100, 100, 100, 
100, 100, 100, 100, 100, 100, 100, 100, 2500, 2500, 2500, 2500, 
2500, 2500, 2500, 2500, 2500, 2500, 2500, 17804.301, 18952.725, 
18909.746, 20970.137, 22585.545, 22830.566, 27126.078, 28504.048, 
24091.374, 30760.067, 33591.252, 1, 1, 1, 1, 1, 1, 1, 1, 1, 1, 
1, 0.0303, 0.0303, 0.0303, 0.0303, 0.0303, 0.0303, 0.0303, 0.0303, 
0.0303, 0.0303, 0.0303, 0, 0, 0, 0, 0, 0, 0, 0, 0, 0, 0, 0, 0, 
0, 0, 0, 0, 0, 0, 0, 0, 0, 0.99589, 0.99625, 0.99657, 0.99683, 
0.99631, 0.9952, 0.9955, 0.99636, 0.99599, 0.99621, 0.99691, 
0.99691, 0.99625, 0.99657, 0.99683, 0.99705, 0.9952, 0.99615, 
0.99636, 0.99771, 0.99621, 0.99691, 0.1906, 0.2094, 0.2368, 0.2584, 
0.2831, 0.3105, 0.3279, 0.3534, 0.3854, 0.4109, 0.4301, 218.1, 
224.6, 230, 237.4, 247.7, 254.2, 259, 262.1, 269.9, 273.8, 277.1, 
1, 1, 1, 1, 1, 1, 1, 1, 1, 1, 1, 1, 1, 1, 1, 1, 1, 1, 1, 1, 1, 
1, 1, 1, 1, 1, 1, 1, 1, 1, 1, 1, 1, 1, 1, 1, 1, 1, 1, 1, 1, 1, 
1, 1, 5.69, 5.907, 6.103, 6.217, 5.762, 6.048, 6.279, 6.505, 
6.863, 7.117, 7.241), .Dim = c(11L, 40L), .Dimnames = list(NULL, 
    c("Sampling", "PSO.cost", "PSO.gamma", "PSO.data.balancing", 
    "PSO.feature.selection", "PSO.valid.acc", "PSO.test.acc", 
    "PSO.train.time", "PSO.n.support.vectors", "PSO.index", "PSO.n.solutions", 
    "PSO.generations", "PSO.n.evaluations", "PSO.cpu.time", "RS.cost", 
    "RS.gamma", "RS.data.balancing", "RS.feature.selection", 
    "RS.valid.acc", "RS.test.acc", "RS.train.time", "RS.n.support.vectors", 
    "RS.index", "RS.n.solutions", "RS.generations", "RS.n.evaluations", 
    "RS.cpu.time", "DF.cost", "DF.gamma", "DF.data.balancing", 
    "DF.feature.selection", "DF.valid.acc", "DF.test.acc", "DF.train.time", 
    "DF.n.support.vectors", "DF.index", "DF.n.solutions", "DF.generations", 
    "DF.n.evaluations", "DF.cpu.time")))
