full <-
structure(c(50, 55, 60, 65, 70, 75, 80, 85, 90, 95, 100, 12.99293, 
12.49417, 7.77533, 6.76195, 6.42581, 3.24228, 5.94917, 7.37884, 
12.65123, 13.2906, 6.62692, -14.14822, -14.04628, -13.52899, 
-11.72971, -12.31332, -10.06585, -12.9563, -13.00559, -9.95236, 
-10.59043, -10.81723, 0, 0, 0, 0, 0, 0, 0, 0, 0, 0, 0, 0, 0, 
0, 0, 0, 0, 0, 0, 0, 0, 0, 1, 1, 1, 1, 1, 1, 1, 1, 1, 1, 1, 1, 
1, 1, 1, 1, 1, 1, 1, 1, 1, 1, 0.4022, 0.4568, 0.4317, 0.2846, 
0.3584, 0.3088, 0.5739, 0.5497, 0.2815, 0.3309, 0.3839, 140.9, 
142.7, 152.1, 114.6, 135.4, 183.7, 229.8, 145, 114.4, 114.4, 
118.5, 5, 6, 4, 6, 2, 2, 4, 7, 3, 2, 3, 1900, 2130, 2031, 1971, 
2075, 1963, 1981, 2118, 1722, 1956, 2159, 100, 100, 100, 100, 
100, 100, 100, 100, 100, 100, 100, 2500, 2500, 2500, 2500, 2500, 
2500, 2500, 2500, 2500, 2500, 2500, 12951.066, 16093.18, 17481.474, 
16862.384, 21027.715, 19953.376, 18650.097, 23166.539, 21381.312, 
16921.635, 19652.003, 5.03653, 2.96903, 3.68868, 14.78538, 12.04386, 
7.2101, 11.39644, 1.35325, 14.0386, 5.99203, 7.18968, -10.52671, 
-8.78083, -9.49808, -10.83543, -9.12236, -13.04466, -12.18773, 
-9.38574, -11.39718, -11.56335, -8.57505, 0, 0, 0, 0, 0, 0, 0, 
0, 0, 0, 0, 0, 0, 0, 0, 0, 0, 0, 0, 0, 0, 0, 1, 1, 1, 1, 1, 1, 
1, 1, 1, 1, 1, 1, 1, 1, 1, 1, 1, 1, 1, 1, 1, 1, 0.1689, 0.1581, 
0.1867, 0.2261, 0.1956, 0.47, 0.3907, 0.4929, 0.3709, 0.4125, 
0.2761, 110, 123.1, 121.9, 104.2, 104.3, 149.4, 124.6, 348.8, 
119.5, 130.2, 121.6, 1, 11, 2, 2, 10, 12, 8, 2, 4, 2, 12, 617, 
678, 629, 646, 649, 740, 677, 700, 714, 658, 693, 100, 100, 100, 
100, 100, 100, 100, 100, 100, 100, 100, 2500, 2500, 2500, 2500, 
2500, 2500, 2500, 2500, 2500, 2500, 2500, 15218.876, 17523.606, 
19032.05, 20495.574, 23728.264, 25136.284, 26285.385, 26891.064, 
29220.157, 33450.952, 30934.538, 1, 1, 1, 1, 1, 1, 1, 1, 1, 1, 
1, 0.0303, 0.0303, 0.0303, 0.0303, 0.0303, 0.0303, 0.0303, 0.0303, 
0.0303, 0.0303, 0.0303, 0, 0, 0, 0, 0, 0, 0, 0, 0, 0, 0, 0, 0, 
0, 0, 0, 0, 0, 0, 0, 0, 0, 0.99589, 0.99626, 0.99483, 0.99841, 
0.99705, 0.99656, 0.99742, 0.99515, 0.99714, 0.9962, 0.9964, 
0.99589, 0.99532, 0.99483, 0.99683, 0.99557, 0.99519, 0.99548, 
0.99576, 0.99657, 0.99566, 0.9964, 0.1824, 0.2124, 0.2429, 0.2663, 
0.29, 0.3192, 0.3297, 0.3542, 0.3911, 0.4173, 0.4355, 217.1, 
228.7, 239, 244.9, 251.9, 255.2, 255.9, 258.8, 270.6, 273.1, 
277.4, 1, 1, 1, 1, 1, 1, 1, 1, 1, 1, 1, 1, 1, 1, 1, 1, 1, 1, 
1, 1, 1, 1, 1, 1, 1, 1, 1, 1, 1, 1, 1, 1, 1, 1, 1, 1, 1, 1, 1, 
1, 1, 1, 1, 1, 4.677, 5.96, 6.284, 6.616, 6.838, 7.068, 6.257, 
6.458, 6.79, 7.997, 7.253), .Dim = c(11L, 40L), .Dimnames = list(
    NULL, c("Sampling", "PSO.cost", "PSO.gamma", "PSO.data.balancing", 
    "PSO.feature.selection", "PSO.valid.acc", "PSO.test.acc", 
    "PSO.train.time", "PSO.n.support.vectors", "PSO.index", "PSO.n.solutions", 
    "PSO.generations", "PSO.n.evaluations", "PSO.cpu.time", "RS.cost", 
    "RS.gamma", "RS.data.balancing", "RS.feature.selection", 
    "RS.valid.acc", "RS.test.acc", "RS.train.time", "RS.n.support.vectors", 
    "RS.index", "RS.n.solutions", "RS.generations", "RS.n.evaluations", 
    "RS.cpu.time", "DF.cost", "DF.gamma", "DF.data.balancing", 
    "DF.feature.selection", "DF.valid.acc", "DF.test.acc", "DF.train.time", 
    "DF.n.support.vectors", "DF.index", "DF.n.solutions", "DF.generations", 
    "DF.n.evaluations", "DF.cpu.time")))
