full <-
structure(c(50, 55, 60, 65, 70, 75, 80, 85, 90, 95, 100, 12.91074, 
10.6293, 12.81468, 11.55854, 8.53962, 6.14767, -0.52961, 13.58545, 
6.91886, 8.19538, 11.37762, -13.75499, -12.679, -14.18827, -11.46778, 
-9.04611, -14.31789, -7.41981, -14.76863, -13.3924, -13.89747, 
-14.33894, 0, 0, 0, 0, 0, 0, 0, 0, 0, 0, 0, 0, 0, 0, 0, 0, 0, 
0, 0, 0, 0, 0, 1, 1, 1, 1, 1, 1, 1, 1, 1, 1, 1, 1, 1, 1, 1, 1, 
1, 1, 1, 1, 1, 1, 0.4124, 0.3257, 0.5373, 0.2752, 0.2105, 0.7087, 
0.4716, 0.9198, 0.7193, 0.8288, 1.0024, 134.6, 121.6, 168.5, 
110.1, 114.4, 447.9, 372, 213.3, 197.4, 177.7, 187.7, 3, 3, 3, 
3, 2, 2, 2, 2, 24, 6, 4, 1952, 1868, 1815, 2063, 2118, 1793, 
1881, 1867, 1715, 1956, 2070, 100, 100, 100, 100, 100, 100, 100, 
100, 100, 100, 100, 2500, 2500, 2500, 2500, 2500, 2500, 2500, 
2500, 2500, 2500, 2500, 13291.43, 14627.432, 15511.361, 16066.169, 
17835.803, 17737.143, 19999.838, 21155.414, 22419.25, 24989.81, 
26865.5, 7.9995, 7.72728, 7.86287, 12.01336, 11.30355, 8.81499, 
11.54938, 5.09196, 14.08544, 1.25891, 10.26342, -11.6488, -14.83338, 
-8.00415, -14.67647, -10.4228, -8.1561, -8.60527, -8.77492, -11.48724, 
-10.54395, -9.07003, 0, 0, 0, 0, 0, 0, 0, 0, 0, 0, 0, 0, 0, 0, 
0, 0, 0, 0, 0, 0, 0, 0, 1, 1, 1, 1, 1, 1, 1, 1, 1, 1, 1, 1, 1, 
1, 1, 1, 1, 1, 1, 1, 1, 1, 0.2129, 0.4377, 0.1677, 0.6563, 0.2541, 
0.221, 0.2324, 0.2532, 0.4077, 1.0016, 0.3143, 105, 287.9, 112.9, 
187.6, 114.4, 120, 118.2, 117.2, 120, 717.2, 115.3, 1, 2, 2, 
3, 1, 1, 3, 2, 1, 3, 2, 974, 1131, 1087, 1033, 1106, 867, 1148, 
1093, 703, 649, 775, 100, 100, 100, 100, 100, 100, 100, 100, 
100, 100, 100, 2500, 2500, 2500, 2500, 2500, 2500, 2500, 2500, 
2500, 2500, 2500, 15356.501, 17061.831, 18558.142, 20293.934, 
21970.725, 23725.055, 25363.897, 28425.271, 30259.055, 33338.216, 
34090.618, 1, 1, 1, 1, 1, 1, 1, 1, 1, 1, 1, 0.0303, 0.0303, 0.0303, 
0.0303, 0.0303, 0.0303, 0.0303, 0.0303, 0.0303, 0.0303, 0.0303, 
0, 0, 0, 0, 0, 0, 0, 0, 0, 0, 0, 0, 0, 0, 0, 0, 0, 0, 0, 0, 0, 
0, 0.99692, 0.99907, 0.99657, 0.99841, 0.99779, 0.99725, 0.99806, 
0.99819, 0.99714, 0.99783, 0.99692, 0.9959, 0.99812, 0.99658, 
0.99683, 0.99779, 0.99725, 0.99871, 0.99879, 0.99714, 0.99783, 
0.99692, 0.1889, 0.2097, 0.2329, 0.2677, 0.2871, 0.3158, 0.3436, 
0.3697, 0.3931, 0.4222, 0.4405, 220.4, 233.8, 234.3, 243.5, 250.4, 
255.3, 258.4, 264.6, 269.2, 270.8, 276.9, 1, 1, 1, 1, 1, 1, 1, 
1, 1, 1, 1, 1, 1, 1, 1, 1, 1, 1, 1, 1, 1, 1, 1, 1, 1, 1, 1, 1, 
1, 1, 1, 1, 1, 1, 1, 1, 1, 1, 1, 1, 1, 1, 1, 1, 4.753, 4.934, 
5.315, 5.687, 5.837, 6.167, 6.329, 6.782, 7.008, 7.316, 7.701
), .Dim = c(11L, 40L), .Dimnames = list(NULL, c("Sampling", "PSO.cost", 
"PSO.gamma", "PSO.data.balancing", "PSO.feature.selection", "PSO.valid.acc", 
"PSO.test.acc", "PSO.train.time", "PSO.n.support.vectors", "PSO.index", 
"PSO.n.solutions", "PSO.generations", "PSO.n.evaluations", "PSO.cpu.time", 
"RS.cost", "RS.gamma", "RS.data.balancing", "RS.feature.selection", 
"RS.valid.acc", "RS.test.acc", "RS.train.time", "RS.n.support.vectors", 
"RS.index", "RS.n.solutions", "RS.generations", "RS.n.evaluations", 
"RS.cpu.time", "DF.cost", "DF.gamma", "DF.data.balancing", "DF.feature.selection", 
"DF.valid.acc", "DF.test.acc", "DF.train.time", "DF.n.support.vectors", 
"DF.index", "DF.n.solutions", "DF.generations", "DF.n.evaluations", 
"DF.cpu.time")))
