full <-
structure(c(50, 55, 60, 65, 70, 75, 80, 85, 90, 95, 100, 12.91838, 
13.21291, 13.39483, 8.64601, 10.55048, 7.90801, 2.58589, 9.31998, 
10.56051, 10.94642, 6.58346, -10.97029, -12.56967, -13.29235, 
-8.17044, -12.0778, -14.3266, -8.36905, -11.98922, -11.65254, 
-14.25704, -12.47325, 0, 0, 0, 0, 0, 0, 0, 0, 0, 0, 0, 0, 0, 
0, 0, 0, 0, 0, 0, 0, 0, 0, 1, 1, 1, 1, 1, 1, 1, 1, 1, 1, 1, 1, 
1, 1, 1, 1, 1, 1, 1, 1, 1, 1, 0.1931, 0.3167, 0.4308, 0.182, 
0.3481, 0.7143, 0.2451, 0.4318, 0.4077, 0.9749, 0.6252, 104, 
113.8, 133.2, 111.3, 115.5, 225.2, 134.6, 124.3, 119.3, 183.5, 
150.8, 3, 5, 8, 3, 10, 3, 3, 2, 7, 2, 4, 2015, 1987, 2063, 1859, 
1906, 2110, 1894, 2044, 2150, 2104, 1863, 100, 100, 100, 100, 
100, 100, 100, 100, 100, 100, 100, 2500, 2500, 2500, 2500, 2500, 
2500, 2500, 2500, 2500, 2500, 2500, 13254.442, 15135.147, 14671.409, 
16723.401, 16964.403, 17900.289, 19952.64, 21205.077, 17752.736, 
24292.775, 24467.067, 3.35323, 10.8408, 6.48851, 5.7341, 9.18644, 
12.27708, 6.02208, 11.4352, 9.484, 14.9459, 0.98521, -10.65445, 
-11.86442, -11.92385, -10.82319, -10.64193, -12.93591, -14.87099, 
-14.99415, -9.53757, -9.02399, -9.47536, 0, 0, 0, 0, 0, 0, 0, 
0, 0, 0, 0, 0, 0, 0, 0, 0, 0, 0, 0, 0, 0, 0, 1, 1, 1, 1, 1, 1, 
1, 1, 1, 1, 1, 1, 1, 1, 1, 1, 1, 1, 1, 1, 1, 1, 0.242, 0.2437, 
0.2876, 0.239, 0.2566, 0.4816, 0.8305, 0.9694, 0.2833, 0.2862, 
0.8028, 232.5, 106.6, 121.6, 112.2, 104.7, 134, 627.6, 215.7, 
113, 116.5, 459.1, 7, 2, 8, 3, 1, 3, 1, 4, 3, 3, 9, 551, 821, 
755, 749, 770, 672, 780, 603, 640, 749, 720, 100, 100, 100, 100, 
100, 100, 100, 100, 100, 100, 100, 2500, 2500, 2500, 2500, 2500, 
2500, 2500, 2500, 2500, 2500, 2500, 15189.256, 16895.976, 18179.703, 
19970.365, 21740.538, 23317.096, 24656.553, 27446.176, 29737.781, 
32743.503, 35379.53, 1, 1, 1, 1, 1, 1, 1, 1, 1, 1, 1, 0.0303, 
0.0303, 0.0303, 0.0303, 0.0303, 0.0303, 0.0303, 0.0303, 0.0303, 
0.0303, 0.0303, 0, 0, 0, 0, 0, 0, 0, 0, 0, 0, 0, 0, 0, 0, 0, 
0, 0, 0, 0, 0, 0, 0, 0.99691, 0.99719, 0.99829, 0.99762, 0.99631, 
0.99656, 0.99677, 0.99697, 0.99713, 0.99675, 0.9969, 0.99794, 
0.99624, 0.99657, 0.99762, 0.99705, 0.99656, 0.99677, 0.99636, 
0.99713, 0.9962, 0.9969, 0.1822, 0.207, 0.2305, 0.2639, 0.2707, 
0.3056, 0.3286, 0.368, 0.3972, 0.4341, 0.4604, 219.2, 225.6, 
232.1, 237.1, 243.7, 251.5, 254.4, 260.3, 261, 272, 275.6, 1, 
1, 1, 1, 1, 1, 1, 1, 1, 1, 1, 1, 1, 1, 1, 1, 1, 1, 1, 1, 1, 1, 
1, 1, 1, 1, 1, 1, 1, 1, 1, 1, 1, 1, 1, 1, 1, 1, 1, 1, 1, 1, 1, 
1, 4.744, 5.055, 5.214, 5.65, 5.605, 6.02, 6.211, 6.744, 7.178, 
7.425, 7.721), .Dim = c(11L, 40L), .Dimnames = list(NULL, c("Sampling", 
"PSO.cost", "PSO.gamma", "PSO.data.balancing", "PSO.feature.selection", 
"PSO.valid.acc", "PSO.test.acc", "PSO.train.time", "PSO.n.support.vectors", 
"PSO.index", "PSO.n.solutions", "PSO.generations", "PSO.n.evaluations", 
"PSO.cpu.time", "RS.cost", "RS.gamma", "RS.data.balancing", "RS.feature.selection", 
"RS.valid.acc", "RS.test.acc", "RS.train.time", "RS.n.support.vectors", 
"RS.index", "RS.n.solutions", "RS.generations", "RS.n.evaluations", 
"RS.cpu.time", "DF.cost", "DF.gamma", "DF.data.balancing", "DF.feature.selection", 
"DF.valid.acc", "DF.test.acc", "DF.train.time", "DF.n.support.vectors", 
"DF.index", "DF.n.solutions", "DF.generations", "DF.n.evaluations", 
"DF.cpu.time")))
