full <-
structure(c(50, 55, 60, 65, 70, 75, 80, 85, 90, 95, 100, 3.01857, 
12.40784, 8.65649, 13.93088, 8.0479, 6.16633, 12.26805, 1.977, 
7.74473, 7.31355, 12.84892, -7.32003, -8.39902, -11.50366, -11.34093, 
-11.90678, -9.2642, -11.12423, -9.8262, -14.66807, -12.93543, 
-12.59152, 0, 0, 0, 0, 0, 0, 0, 0, 0, 0, 0, 0, 0, 0, 0, 0, 0, 
0, 0, 0, 0, 0, 1, 1, 1, 1, 1, 1, 1, 1, 1, 1, 1, 1, 1, 1, 1, 1, 
1, 1, 1, 1, 1, 1, 0.1316, 0.15, 0.246, 0.2536, 0.3222, 0.2166, 
0.301, 0.497, 0.9041, 0.6161, 0.6458, 112.5, 104.8, 108.3, 104.6, 
113.3, 107.4, 109.7, 322, 310.2, 152.2, 134, 7, 6, 13, 7, 2, 
5, 7, 17, 2, 4, 2, 1749, 1853, 1974, 1961, 1820, 2032, 1920, 
1829, 2102, 2036, 2000, 100, 100, 100, 100, 100, 100, 100, 100, 
100, 100, 100, 2500, 2500, 2500, 2500, 2500, 2500, 2500, 2500, 
2500, 2500, 2500, 14912.592, 15645.018, 16177.426, 13898.489, 
17194.938, 19738.636, 17779.427, 21929.322, 22414.364, 24973.638, 
25836.736, 9.41549, 5.75191, 8.7085, 14.10266, 10.25909, 4.72167, 
9.62231, 13.09993, 13.63743, 2.95262, 3.75603, -11.21659, -10.27864, 
-14.11301, -10.33263, -13.56785, -12.34293, -13.82246, -12.29865, 
-11.60445, -11.99845, -10.13177, 0, 0, 0, 0, 0, 0, 0, 0, 0, 0, 
0, 0, 0, 0, 0, 0, 0, 0, 0, 0, 0, 0, 1, 1, 1, 1, 1, 1, 1, 1, 1, 
1, 1, 1, 1, 1, 1, 1, 1, 1, 1, 1, 1, 1, 0.1889, 0.1785, 0.5133, 
0.1273, 0.5471, 0.5314, 0.6436, 0.4541, 0.3857, 0.9307, 0.3747, 
99.5, 101.3, 171.4, 101.7, 144, 301.4, 155, 125.2, 117.1, 639.2, 
156.6, 1, 3, 9, 10, 1, 1, 7, 1, 4, 5, 1, 833, 784, 577, 529, 
571, 642, 655, 645, 694, 597, 663, 100, 100, 100, 100, 100, 100, 
100, 100, 100, 100, 100, 2500, 2500, 2500, 2500, 2500, 2500, 
2500, 2500, 2500, 2500, 2500, 16656.797, 18445.883, 19994.283, 
19980.235, 21764.199, 23722.861, 25612.536, 28602.624, 28759.116, 
32396.468, 33605.384, 1, 1, 1, 1, 1, 1, 1, 1, 1, 1, 1, 0.0303, 
0.0303, 0.0303, 0.0303, 0.0303, 0.0303, 0.0303, 0.0303, 0.0303, 
0.0303, 0.0303, 0, 0, 0, 0, 0, 0, 0, 0, 0, 0, 0, 0, 0, 0, 0, 
0, 0, 0, 0, 0, 0, 0, 0.99691, 0.9972, 0.99828, 0.99683, 0.99778, 
0.99657, 0.99677, 0.99758, 0.99828, 0.99566, 0.99639, 0.99691, 
0.9972, 0.99828, 0.99683, 0.99778, 0.99657, 0.99742, 0.99636, 
0.99771, 0.99566, 0.99743, 0.184, 0.2105, 0.2444, 0.267, 0.2916, 
0.3019, 0.2038, 0.368, 0.3939, 0.4317, 0.4316, 221.4, 229.2, 
244.5, 245.4, 249, 249.1, 257.9, 265.6, 269.4, 276.7, 277.3, 
1, 1, 1, 1, 1, 1, 1, 1, 1, 1, 1, 1, 1, 1, 1, 1, 1, 1, 1, 1, 1, 
1, 1, 1, 1, 1, 1, 1, 1, 1, 1, 1, 1, 1, 1, 1, 1, 1, 1, 1, 1, 1, 
1, 1, 4.902, 5.638, 5.92, 5.789, 6.004, 6.042, 4.445, 7.162, 
7.134, 7.537, 7.403), .Dim = c(11L, 40L), .Dimnames = list(NULL, 
    c("Sampling", "PSO.cost", "PSO.gamma", "PSO.data.balancing", 
    "PSO.feature.selection", "PSO.valid.acc", "PSO.test.acc", 
    "PSO.train.time", "PSO.n.support.vectors", "PSO.index", "PSO.n.solutions", 
    "PSO.generations", "PSO.n.evaluations", "PSO.cpu.time", "RS.cost", 
    "RS.gamma", "RS.data.balancing", "RS.feature.selection", 
    "RS.valid.acc", "RS.test.acc", "RS.train.time", "RS.n.support.vectors", 
    "RS.index", "RS.n.solutions", "RS.generations", "RS.n.evaluations", 
    "RS.cpu.time", "DF.cost", "DF.gamma", "DF.data.balancing", 
    "DF.feature.selection", "DF.valid.acc", "DF.test.acc", "DF.train.time", 
    "DF.n.support.vectors", "DF.index", "DF.n.solutions", "DF.generations", 
    "DF.n.evaluations", "DF.cpu.time")))
