full <-
structure(c(50, 55, 60, 65, 70, 75, 80, 85, 90, 95, 100, 8.47909, 
4.00876, 8.07094, 13.51959, 7.09449, 10.09526, 8.93535, 6.69854, 
8.59455, 8.19007, 12.08325, -10.16945, -10.66847, -12.44987, 
-9.13082, -13.96562, -10.102, -14.12429, -11.16641, -9.97184, 
-13.95279, -8.98398, 0, 0, 0, 0, 0, 0, 0, 0, 0, 0, 0, 0, 0, 0, 
0, 0, 0, 0, 0, 0, 0, 0, 1, 1, 1, 1, 1, 1, 1, 1, 1, 1, 1, 1, 1, 
1, 1, 1, 1, 1, 1, 1, 1, 1, 0.1623, 0.231, 0.3293, 0.1853, 0.64, 
0.242, 0.6816, 0.3452, 0.2995, 0.8797, 0.2975, 94.9, 167.8, 116.1, 
103.9, 246.2, 103.5, 166.3, 112.6, 108.9, 179.8, 116.4, 3, 2, 
7, 6, 8, 12, 3, 4, 5, 5, 5, 1737, 2056, 2043, 1972, 2078, 1811, 
2137, 2026, 2117, 1959, 2163, 100, 100, 100, 100, 100, 100, 100, 
100, 100, 100, 100, 2500, 2500, 2500, 2500, 2500, 2500, 2500, 
2500, 2500, 2500, 2500, 12655.568, 15547.201, 17523.806, 18250.215, 
16943.534, 16926.953, 20744.306, 17225.598, 22239.73, 20579.479, 
23691.203, 8.22884, 7.69431, 6.99893, 14.72499, 13.24871, 14.01096, 
3.68747, 9.14652, 2.75361, 2.44902, 9.80221, -12.54129, -13.87364, 
-11.98525, -10.30568, -11.78857, -11.4234, -9.30661, -10.77134, 
-8.27467, -10.48882, -12.71237, 0, 0, 0, 0, 0, 0, 0, 0, 0, 0, 
0, 0, 0, 0, 0, 0, 0, 0, 0, 0, 0, 0, 1, 1, 1, 1, 1, 1, 1, 1, 1, 
1, 1, 1, 1, 1, 1, 1, 1, 1, 1, 1, 1, 1, 0.2862, 0.4292, 0.2916, 
0.2233, 0.3183, 0.3192, 0.269, 0.3217, 0.2785, 0.6605, 0.6271, 
113.2, 184.2, 114.4, 102.3, 111.3, 107.2, 124, 110.7, 130.4, 
356.8, 138.6, 9, 2, 3, 3, 3, 1, 4, 3, 5, 3, 2, 594, 576, 573, 
624, 590, 637, 678, 659, 720, 700, 686, 100, 100, 100, 100, 100, 
100, 100, 100, 100, 100, 100, 2500, 2500, 2500, 2500, 2500, 2500, 
2500, 2500, 2500, 2500, 2500, 15518.263, 19413.497, 20514.263, 
22168.458, 22392.159, 23551.306, 26180.826, 27958.709, 30453.811, 
31940.981, 33732.421, 1, 1, 1, 1, 1, 1, 1, 1, 1, 1, 1, 0.0303, 
0.0303, 0.0303, 0.0303, 0.0303, 0.0303, 0.0303, 0.0303, 0.0303, 
0.0303, 0.0303, 0, 0, 0, 0, 0, 0, 0, 0, 0, 0, 0, 0, 0, 0, 0, 
0, 0, 0, 0, 0, 0, 0, 0.99485, 0.99438, 0.99657, 0.99604, 0.99632, 
0.99587, 0.99613, 0.99697, 0.99713, 0.9962, 0.99691, 0.99381, 
0.99532, 0.99657, 0.99683, 0.99631, 0.99587, 0.99677, 0.99697, 
0.9977, 0.99674, 0.99639, 0.1896, 0.2122, 0.2341, 0.2628, 0.2886, 
0.3106, 0.3421, 0.3668, 0.4012, 0.4098, 0.4405, 223.9, 230.3, 
235.2, 246.7, 253.3, 249.6, 259.5, 263, 268.6, 271.8, 272.1, 
1, 1, 1, 1, 1, 1, 1, 1, 1, 1, 1, 1, 1, 1, 1, 1, 1, 1, 1, 1, 1, 
1, 1, 1, 1, 1, 1, 1, 1, 1, 1, 1, 1, 1, 1, 1, 1, 1, 1, 1, 1, 1, 
1, 1, 4.789, 5.916, 6.052, 6.383, 5.816, 6.138, 6.427, 6.734, 
7.05, 7.091, 7.524), .Dim = c(11L, 40L), .Dimnames = list(NULL, 
    c("Sampling", "PSO.cost", "PSO.gamma", "PSO.data.balancing", 
    "PSO.feature.selection", "PSO.valid.acc", "PSO.test.acc", 
    "PSO.train.time", "PSO.n.support.vectors", "PSO.index", "PSO.n.solutions", 
    "PSO.generations", "PSO.n.evaluations", "PSO.cpu.time", "RS.cost", 
    "RS.gamma", "RS.data.balancing", "RS.feature.selection", 
    "RS.valid.acc", "RS.test.acc", "RS.train.time", "RS.n.support.vectors", 
    "RS.index", "RS.n.solutions", "RS.generations", "RS.n.evaluations", 
    "RS.cpu.time", "DF.cost", "DF.gamma", "DF.data.balancing", 
    "DF.feature.selection", "DF.valid.acc", "DF.test.acc", "DF.train.time", 
    "DF.n.support.vectors", "DF.index", "DF.n.solutions", "DF.generations", 
    "DF.n.evaluations", "DF.cpu.time")))
