full <-
structure(c(50, 55, 60, 65, 70, 75, 80, 85, 90, 95, 100, 14.49785, 
7.47592, 13.65208, 12.81876, 5.235, 8.43168, 12.59718, 0.80116, 
14.58742, 6.47132, 10.67842, -7.78751, -6.26179, -10.09688, -13.56524, 
-6.34343, -9.77595, -9.57829, -9.67491, -8.01148, -11.07512, 
-12.97115, 0, 0, 0, 0, 0, 0, 0, 0, 0, 0, 0, 0, 0, 0, 0, 0, 0, 
0, 0, 0, 0, 0, 1, 1, 1, 1, 1, 1, 1, 1, 1, 1, 1, 1, 1, 1, 1, 1, 
1, 1, 1, 1, 1, 1, 0.1345, 0.1597, 0.1983, 0.4735, 0.201, 0.2243, 
0.23, 0.7136, 0.2626, 0.3932, 0.6996, 108.1, 138.5, 103.6, 140.2, 
148, 105.9, 106.6, 565.1, 120.9, 113.6, 141.6, 6, 3, 3, 3, 2, 
2, 7, 3, 2, 5, 2, 1980, 1931, 1982, 2024, 1906, 2039, 1956, 2077, 
2052, 1877, 1917, 100, 100, 100, 100, 100, 100, 100, 100, 100, 
100, 100, 2500, 2500, 2500, 2500, 2500, 2500, 2500, 2500, 2500, 
2500, 2500, 13021.009, 15150.966, 16337.584, 15255.977, 15152.002, 
18382.759, 17964.415, 20300.602, 21339.485, 23227.712, 22585.758, 
7.7755, 11.2606, 2.21849, 13.86789, 13.49755, 5.51868, 9.14258, 
11.68928, 0.43503, 10.05746, 6.73943, -14.91953, -13.4276, -6.58115, 
-9.91054, -12.90267, -9.46763, -9.5857, -14.58214, -6.23873, 
-9.73629, -14.3783, 0, 0, 0, 0, 0, 0, 0, 0, 0, 0, 0, 0, 0, 0, 
0, 0, 0, 0, 0, 0, 0, 0, 1, 1, 1, 1, 1, 1, 1, 1, 1, 1, 1, 1, 1, 
1, 1, 1, 1, 1, 1, 0.99943, 1, 1, 0.4284, 0.3897, 0.1694, 0.1989, 
0.4263, 0.2215, 0.2399, 0.862, 0.3271, 0.3013, 0.6517, 296.8, 
128.4, 137.3, 102.9, 126.2, 106.6, 107.1, 200.8, 206.1, 112, 
387.4, 8, 5, 13, 1, 2, 1, 1, 2, 2, 1, 3, 1029, 1069, 1013, 798, 
983, 1053, 1067, 1042, 1030, 741, 810, 100, 100, 100, 100, 100, 
100, 100, 100, 100, 100, 100, 2500, 2500, 2500, 2500, 2500, 2500, 
2500, 2500, 2500, 2500, 2500, 17395.893, 17136.777, 18412.91, 
20424.232, 19914.152, 23791.729, 25515.531, 26136.897, 31279.5049999999, 
32955.774, 31167.542, 1, 1, 1, 1, 1, 1, 1, 1, 1, 1, 1, 0.0303, 
0.0303, 0.0303, 0.0303, 0.0303, 0.0303, 0.0303, 0.0303, 0.0303, 
0.0303, 0.0303, 0, 0, 0, 0, 0, 0, 0, 0, 0, 0, 0, 0, 0, 0, 0, 
0, 0, 0, 0, 0, 0, 0, 0.99692, 0.99626, 0.99657, 0.99444, 0.99633, 
0.99588, 0.99613, 0.99697, 0.99657, 0.99566, 0.99743, 0.99589, 
0.99533, 0.9957, 0.99524, 0.99633, 0.99657, 0.99678, 0.99697, 
0.99599, 0.99621, 0.99691, 0.1919, 0.1345, 0.2335, 0.2554, 0.2782, 
0.3035, 0.344, 0.372, 0.4025, 0.4247, 0.4344, 216.4, 221.5, 229.1, 
239.5, 248, 254.9, 260.3, 261.3, 270.1, 275.9, 273.2, 1, 1, 1, 
1, 1, 1, 1, 1, 1, 1, 1, 1, 1, 1, 1, 1, 1, 1, 1, 1, 1, 1, 1, 1, 
1, 1, 1, 1, 1, 1, 1, 1, 1, 1, 1, 1, 1, 1, 1, 1, 1, 1, 1, 1, 5.727, 
4.258, 5.335, 5.538, 5.722, 6.014, 7.091, 7.439, 7.701, 8.076, 
8.003), .Dim = c(11L, 40L), .Dimnames = list(NULL, c("Sampling", 
"PSO.cost", "PSO.gamma", "PSO.data.balancing", "PSO.feature.selection", 
"PSO.valid.acc", "PSO.test.acc", "PSO.train.time", "PSO.n.support.vectors", 
"PSO.index", "PSO.n.solutions", "PSO.generations", "PSO.n.evaluations", 
"PSO.cpu.time", "RS.cost", "RS.gamma", "RS.data.balancing", "RS.feature.selection", 
"RS.valid.acc", "RS.test.acc", "RS.train.time", "RS.n.support.vectors", 
"RS.index", "RS.n.solutions", "RS.generations", "RS.n.evaluations", 
"RS.cpu.time", "DF.cost", "DF.gamma", "DF.data.balancing", "DF.feature.selection", 
"DF.valid.acc", "DF.test.acc", "DF.train.time", "DF.n.support.vectors", 
"DF.index", "DF.n.solutions", "DF.generations", "DF.n.evaluations", 
"DF.cpu.time")))
