full <-
structure(c(50, 55, 60, 65, 70, 75, 80, 85, 90, 95, 100, 5.41077, 
3.4239, 5.64581, 10.44601, 6.07125, 8.12228, 4.66841, 11.99445, 
6.77226, 12.65114, 3.89035, -11.45152, -10.67742, -8.39861, -12.67212, 
-9.50894, -9.14145, -9.88187, -13.70873, -14.56305, -12.18178, 
-9.87677, 0, 0, 0, 0, 0, 0, 0, 0, 0, 0, 0, 0, 0, 0, 0, 0, 0, 
0, 0, 0, 0, 0, 1, 1, 1, 1, 1, 1, 1, 1, 1, 1, 1, 1, 1, 1, 1, 1, 
1, 1, 1, 1, 1, 1, 0.2136, 0.2644, 0.1665, 0.3764, 0.2066, 0.2131, 
0.252, 0.7334, 0.9919, 0.5319, 0.3535, 132.4, 217, 106.9, 122.8, 
104.4, 106.2, 110.1, 146.1, 418.5, 121.7, 137.7, 2, 2, 11, 2, 
3, 2, 5, 2, 7, 3, 2, 2055, 1891, 2082, 2156, 2182, 1828, 1953, 
1999, 1934, 1848, 1977, 100, 100, 100, 100, 100, 100, 100, 100, 
100, 100, 100, 2500, 2500, 2500, 2500, 2500, 2500, 2500, 2500, 
2500, 2500, 2500, 12411.924, 14168.007, 14548.831, 17215.328, 
18755.166, 18144.712, 19094.241, 22282.452, 21461.363, 25335.005, 
24367.311, 11.68348, 4.70579, 14.89166, 8.26134, 14.88154, 13.1423, 
7.78956, 8.76417, 8.93585, 6.79184, 8.64001, -10.49074, -12.47809, 
-13.23069, -9.91878, -13.14174, -13.95809, -12.1834, -12.57536, 
-12.33279, -14.34945, -11.5241, 0, 0, 0, 0, 0, 0, 0, 0, 0, 0, 
0, 0, 0, 0, 0, 0, 0, 0, 0, 0, 0, 0, 1, 1, 1, 1, 1, 1, 1, 1, 1, 
1, 1, 1, 1, 1, 1, 1, 1, 1, 1, 1, 1, 1, 0.1725, 0.3638, 0.4218, 
0.2082, 0.4604, 0.6373, 0.4162, 0.5337, 0.4936, 1.0486, 0.4648, 
102, 298.3, 131.2, 105.1, 127.9, 148.2, 113.2, 121.1, 123.6, 
363.5, 121.2, 5, 6, 3, 4, 5, 1, 6, 1, 4, 2, 3, 634, 635, 655, 
623, 663, 678, 703, 687, 686, 667, 702, 100, 100, 100, 100, 100, 
100, 100, 100, 100, 100, 100, 2500, 2500, 2500, 2500, 2500, 2500, 
2500, 2500, 2500, 2500, 2500, 15614.213, 17016.919, 18877.278, 
20341.021, 22047.898, 23551.187, 25659.163, 28361.152, 30325.801, 
32379.171, 33988.828, 1, 1, 1, 1, 1, 1, 1, 1, 1, 1, 1, 0.0303, 
0.0303, 0.0303, 0.0303, 0.0303, 0.0303, 0.0303, 0.0303, 0.0303, 
0.0303, 0.0303, 0, 0, 0, 0, 0, 0, 0, 0, 0, 0, 0, 0, 0, 0, 0, 
0, 0, 0, 0, 0, 0, 0, 0.99588, 0.99436, 0.99571, 0.99682, 0.99705, 
0.99725, 0.99614, 0.99576, 0.99656, 0.99674, 0.99587, 0.99483, 
0.9953, 0.99657, 0.99682, 0.99705, 0.99656, 0.99549, 0.99576, 
0.99657, 0.99674, 0.99639, 0.1895, 0.2137, 0.2342, 0.2543, 0.2864, 
0.3078, 0.3378, 0.3734, 0.4022, 0.4346, 0.4433, 216.7, 228.1, 
234.4, 239, 245.2, 250.4, 247.3, 252.5, 261.3, 271.6, 278.1, 
1, 1, 1, 1, 1, 1, 1, 1, 1, 1, 1, 1, 1, 1, 1, 1, 1, 1, 1, 1, 1, 
1, 1, 1, 1, 1, 1, 1, 1, 1, 1, 1, 1, 1, 1, 1, 1, 1, 1, 1, 1, 1, 
1, 1, 4.871, 5.021, 5.318, 5.538, 5.933, 6.152, 6.379, 6.957, 
7.188, 7.412, 7.577), .Dim = c(11L, 40L), .Dimnames = list(NULL, 
    c("Sampling", "PSO.cost", "PSO.gamma", "PSO.data.balancing", 
    "PSO.feature.selection", "PSO.valid.acc", "PSO.test.acc", 
    "PSO.train.time", "PSO.n.support.vectors", "PSO.index", "PSO.n.solutions", 
    "PSO.generations", "PSO.n.evaluations", "PSO.cpu.time", "RS.cost", 
    "RS.gamma", "RS.data.balancing", "RS.feature.selection", 
    "RS.valid.acc", "RS.test.acc", "RS.train.time", "RS.n.support.vectors", 
    "RS.index", "RS.n.solutions", "RS.generations", "RS.n.evaluations", 
    "RS.cpu.time", "DF.cost", "DF.gamma", "DF.data.balancing", 
    "DF.feature.selection", "DF.valid.acc", "DF.test.acc", "DF.train.time", 
    "DF.n.support.vectors", "DF.index", "DF.n.solutions", "DF.generations", 
    "DF.n.evaluations", "DF.cpu.time")))
