full <-
structure(c(50, 55, 60, 65, 70, 75, 80, 85, 90, 95, 100, 14.26548, 
9.12133, 4.56347, 11.04151, 12.19457, 4.52094, 5.40785, 14.13317, 
7.2768, 2.83361, 12.34518, -13.83247, -10.39797, -12.6737, -10.4, 
-10.54627, -10.51095, -8.06098, -12.60761, -13.16026, -10.32163, 
-9.13221, 0, 0, 0, 0, 0, 0, 0, 0, 0, 0, 0, 0, 0, 0, 0, 0, 0, 
0, 0, 0, 0, 0, 1, 1, 1, 1, 1, 1, 1, 1, 1, 1, 1, 1, 1, 1, 1, 1, 
1, 0.99936, 1, 1, 1, 1, 0.3921, 0.1725, 0.4327, 0.2035, 0.2308, 
0.2696, 0.2295, 0.5695, 0.6721, 0.5094, 0.2947, 135.1, 99.4, 
370, 102.2, 100, 128.9, 118.4, 127.2, 158.7, 261.7, 121.1, 14, 
8, 6, 6, 3, 6, 2, 7, 4, 3, 7, 1974, 1905, 1824, 1876, 1950, 1827, 
1750, 1909, 1988, 1758, 2040, 100, 100, 100, 100, 100, 100, 100, 
100, 100, 100, 100, 2500, 2500, 2500, 2500, 2500, 2500, 2500, 
2500, 2500, 2500, 2500, 13023.42, 13751.013, 17070.554, 16293.751, 
15571.432, 19345.52, 20880.349, 23779.982, 26042.221, 23916.226, 
22056.671, 8.39047, 5.69335, 14.33536, 11.21653, 10.90933, 3.18506, 
12.69345, 6.08402, 14.146, 7.72403, 2.91413, -14.94464, -9.08364, 
-14.88417, -12.99059, -8.61536, -11.95902, -13.29905, -9.05609, 
-10.87288, -14.94971, -10.31673, 0, 0, 0, 0, 0, 0, 0, 0, 0, 0, 
0, 0, 0, 0, 0, 0, 0, 0, 0, 0, 0, 0, 1, 1, 1, 1, 1, 1, 1, 1, 1, 
1, 1, 1, 1, 1, 1, 1, 1, 1, 1, 1, 1, 1, 0.4334, 0.1477, 0.627, 
0.4016, 0.174, 0.6435, 0.6715, 0.2655, 0.3532, 0.9912, 0.5284, 
230.9, 101.9, 180.2, 123.6, 103.2, 525.5, 140.3, 111.9, 114.1, 
355.7, 249.6, 2, 7, 5, 8, 6, 4, 6, 13, 3, 3, 2, 580, 669, 557, 
564, 690, 670, 704, 680, 619, 733, 725, 100, 100, 100, 100, 100, 
100, 100, 100, 100, 100, 100, 2500, 2500, 2500, 2500, 2500, 2500, 
2500, 2500, 2500, 2500, 2500, 14416.447, 16225.013, 17928.558, 
19399.124, 20904.943, 25817.901, 28117.264, 29321.043, 31387.031, 
30829.385, 33692.343, 1, 1, 1, 1, 1, 1, 1, 1, 1, 1, 1, 0.0303, 
0.0303, 0.0303, 0.0303, 0.0303, 0.0303, 0.0303, 0.0303, 0.0303, 
0.0303, 0.0303, 0, 0, 0, 0, 0, 0, 0, 0, 0, 0, 0, 0, 0, 0, 0, 
0, 0, 0, 0, 0, 0, 0, 0.99692, 0.99437, 0.99569, 0.99683, 0.99706, 
0.99587, 0.99743, 0.99636, 0.99713, 0.99566, 0.99692, 0.99588, 
0.99531, 0.9957, 0.99841, 0.99632, 0.99725, 0.99678, 0.99818, 
0.99713, 0.99729, 0.99692, 0.1692, 0.201, 0.2293, 0.2496, 0.2651, 
0.3091, 0.3501, 0.365, 0.4005, 0.4157, 0.4491, 213.5, 218.8, 
227.3, 236.8, 239.8, 246.7, 257.9, 261.5, 271.3, 276.3, 277.3, 
1, 1, 1, 1, 1, 1, 1, 1, 1, 1, 1, 1, 1, 1, 1, 1, 1, 1, 1, 1, 1, 
1, 1, 1, 1, 1, 1, 1, 1, 1, 1, 1, 1, 1, 1, 1, 1, 1, 1, 1, 1, 1, 
1, 1, 4.382, 4.669, 4.993, 5.322, 5.535, 6.917, 7.324, 7.347, 
7.776, 6.979, 7.405), .Dim = c(11L, 40L), .Dimnames = list(NULL, 
    c("Sampling", "PSO.cost", "PSO.gamma", "PSO.data.balancing", 
    "PSO.feature.selection", "PSO.valid.acc", "PSO.test.acc", 
    "PSO.train.time", "PSO.n.support.vectors", "PSO.index", "PSO.n.solutions", 
    "PSO.generations", "PSO.n.evaluations", "PSO.cpu.time", "RS.cost", 
    "RS.gamma", "RS.data.balancing", "RS.feature.selection", 
    "RS.valid.acc", "RS.test.acc", "RS.train.time", "RS.n.support.vectors", 
    "RS.index", "RS.n.solutions", "RS.generations", "RS.n.evaluations", 
    "RS.cpu.time", "DF.cost", "DF.gamma", "DF.data.balancing", 
    "DF.feature.selection", "DF.valid.acc", "DF.test.acc", "DF.train.time", 
    "DF.n.support.vectors", "DF.index", "DF.n.solutions", "DF.generations", 
    "DF.n.evaluations", "DF.cpu.time")))
