full <-
structure(c(50, 55, 60, 65, 70, 75, 80, 85, 90, 95, 100, 1.63863, 
7.10952, 6.63792, 11.07636, 12.10941, 8.56044, 9.77321, 8.91295, 
10.29589, 8.56357, 6.51557, -9.58747, -10.9243, -12.30777, -10.8327, 
-10.43374, -11.81096, -14.85613, -14.73433, -12.99035, -9.7308, 
-14.76343, 0, 0, 0, 0, 0, 0, 0, 0, 0, 0, 0, 0, 0, 0, 0, 0, 0, 
0, 0, 0, 0, 0, 1, 1, 1, 1, 1, 1, 1, 1, 1, 1, 1, 1, 1, 1, 1, 1, 
1, 1, 1, 1, 1, 1, 0.2618, 0.1903, 0.3067, 0.2391, 0.2237, 0.3232, 
0.7679, 0.4999, 0.5988, 0.3038, 1.1855, 317.1, 98.4, 128.8, 100.6, 
101.3, 109.1, 191.2, 210.2, 140.6, 115.4, 545.2, 3, 2, 3, 2, 
6, 2, 2, 4, 2, 9, 2, 1681, 1958, 1928, 2008, 1952, 1909, 2095, 
2190, 1857, 1830, 1782, 100, 100, 100, 100, 100, 100, 100, 100, 
100, 100, 100, 2500, 2500, 2500, 2500, 2500, 2500, 2500, 2500, 
2500, 2500, 2500, 12944.988, 14306.766, 14615.599, 17416.573, 
15827.865, 18326.337, 19360.188, 18756.122, 22311.1, 20459.505, 
23028.221, 7.23882, 8.29432, 3.18926, 10.20567, 8.07121, 8.54155, 
14.28935, 2.18204, 8.21448, 13.72225, 6.35567, -11.38742, -8.12269, 
-12.07056, -11.216, -13.02619, -10.75025, -7.90792, -8.28157, 
-10.34574, -8.90807, -13.11191, 0, 0, 0, 0, 0, 0, 0, 0, 0, 0, 
0, 0, 0, 0, 0, 0, 0, 0, 0, 0, 0, 0, 1, 1, 1, 1, 1, 1, 1, 1, 1, 
1, 1, 1, 1, 1, 1, 1, 1, 1, 1, 1, 1, 1, 0.1952, 0.1383, 0.4545, 
0.2523, 0.4514, 0.2514, 0.2128, 0.2679, 0.3085, 0.2648, 0.7118, 
99.1, 103.6, 523.3, 102.2, 127, 103.6, 121.3, 152, 115.4, 118.4, 
211.9, 5, 3, 5, 1, 1, 2, 4, 4, 2, 10, 1, 800, 687, 640, 747, 
673, 738, 719, 724, 741, 737, 712, 100, 100, 100, 100, 100, 100, 
100, 100, 100, 100, 100, 2500, 2500, 2500, 2500, 2500, 2500, 
2500, 2500, 2500, 2500, 2500, 14909.128, 17511.439, 20505.48, 
18558.357, 21213.606, 22349.717, 24582.476, 27458.088, 29183.588, 
31696.553, 32711.834, 1, 1, 1, 1, 1, 1, 1, 1, 1, 1, 1, 0.0303, 
0.0303, 0.0303, 0.0303, 0.0303, 0.0303, 0.0303, 0.0303, 0.0303, 
0.0303, 0.0303, 0, 0, 0, 0, 0, 0, 0, 0, 0, 0, 0, 0, 0, 0, 0, 
0, 0, 0, 0, 0, 0, 0, 0.99487, 0.99531, 0.9957, 0.99524, 0.99631, 
0.99587, 0.99742, 0.99758, 0.99771, 0.99729, 0.99794, 0.99487, 
0.99437, 0.9957, 0.99524, 0.99631, 0.99587, 0.99742, 0.99758, 
0.99771, 0.99729, 0.99639, 0.1803, 0.1979, 0.234, 0.251, 0.2715, 
0.2971, 0.3257, 0.3588, 0.3967, 0.4233, 0.2696, 213.8, 220, 231.4, 
237, 240.3, 248, 259.5, 262, 271, 274.3, 275.6, 1, 1, 1, 1, 1, 
1, 1, 1, 1, 1, 1, 1, 1, 1, 1, 1, 1, 1, 1, 1, 1, 1, 1, 1, 1, 1, 
1, 1, 1, 1, 1, 1, 1, 1, 1, 1, 1, 1, 1, 1, 1, 1, 1, 1, 4.666, 
4.794, 6.119, 5.345, 5.518, 5.873, 6.179, 6.503, 6.891, 8.111, 
5.616), .Dim = c(11L, 40L), .Dimnames = list(NULL, c("Sampling", 
"PSO.cost", "PSO.gamma", "PSO.data.balancing", "PSO.feature.selection", 
"PSO.valid.acc", "PSO.test.acc", "PSO.train.time", "PSO.n.support.vectors", 
"PSO.index", "PSO.n.solutions", "PSO.generations", "PSO.n.evaluations", 
"PSO.cpu.time", "RS.cost", "RS.gamma", "RS.data.balancing", "RS.feature.selection", 
"RS.valid.acc", "RS.test.acc", "RS.train.time", "RS.n.support.vectors", 
"RS.index", "RS.n.solutions", "RS.generations", "RS.n.evaluations", 
"RS.cpu.time", "DF.cost", "DF.gamma", "DF.data.balancing", "DF.feature.selection", 
"DF.valid.acc", "DF.test.acc", "DF.train.time", "DF.n.support.vectors", 
"DF.index", "DF.n.solutions", "DF.generations", "DF.n.evaluations", 
"DF.cpu.time")))
