full <-
structure(c(50, 55, 60, 65, 70, 75, 80, 85, 90, 95, 100, 11.41614, 
12.41815, 12.03839, 7.33702, 14.3625, 9.4251, 9.4705, 6.28775, 
3.01259, 5.3632, 9.20786, -12.60173, -9.28006, -13.48946, -9.62283, 
-8.35911, -14.82709, -12.42078, -8.35353, -9.51627, -10.97646, 
-10.68596, 0, 0, 0, 0, 0, 0, 0, 0, 0, 0, 0, 0, 0, 0, 0, 0, 0, 
0, 0, 0, 0, 0, 1, 1, 1, 1, 1, 1, 1, 1, 1, 1, 1, 1, 1, 1, 1, 1, 
1, 1, 1, 1, 1, 1, 0.2623, 0.1508, 0.4454, 0.1969, 0.18, 0.7058, 
0.4249, 0.2203, 0.3191, 0.3561, 0.3618, 110, 103.4, 137.7, 108.9, 
109.5, 196.5, 122.4, 117.9, 165, 129, 116.4, 2, 5, 2, 5, 5, 3, 
3, 3, 2, 2, 14, 2072, 2047, 1996, 1917, 1821, 1844, 2045, 1889, 
2048, 2002, 1852, 100, 100, 100, 100, 100, 100, 100, 100, 100, 
100, 100, 2500, 2500, 2500, 2500, 2500, 2500, 2500, 2500, 2500, 
2500, 2500, 14236.433, 14163.557, 15774.184, 15418.807, 15538.329, 
15014.467, 18003.759, 19743.197, 18209.545, 20070.607, 22390.692, 
6.81775, 9.8755, 7.84311, 14.2737, 0.89811, 6.30382, 8.54532, 
1.81054, 4.9552, 10.29421, 7.7055, -11.32735, -12.67363, -13.35244, 
-12.55913, -8.91116, -14.33839, -14.4648, -9.66925, -8.63541, 
-11.83282, -8.88766, 0, 0, 0, 0, 0, 0, 0, 0, 0, 0, 0, 0, 0, 0, 
0, 0, 0, 0, 0, 0, 0, 0, 1, 1, 1, 1, 1, 1, 1, 1, 1, 1, 1, 1, 1, 
1, 1, 1, 1, 1, 1, 1, 1, 1, 0.1848, 0.2006, 0.4177, 0.3525, 0.3896, 
0.6902, 0.7302, 0.4925, 0.2444, 0.4319, 0.1736, 100.9, 115.7, 
146.4, 122.2, 343, 438.5, 206.2, 321.2, 117.2, 122.7, 117.8, 
2, 1, 4, 2, 3, 5, 6, 2, 2, 3, 7, 710, 677, 747, 675, 678, 740, 
735, 681, 689, 677, 716, 100, 100, 100, 100, 100, 100, 100, 100, 
100, 100, 100, 2500, 2500, 2500, 2500, 2500, 2500, 2500, 2500, 
2500, 2500, 2500, 15164.442, 15989.434, 20328.497, 16281.578, 
21144.869, 22689.076, 24471.338, 27117.94, 28993.21, 31110.537, 
32631.381, 1, 1, 1, 1, 1, 1, 1, 1, 1, 1, 1, 0.0303, 0.0303, 0.0303, 
0.0303, 0.0303, 0.0303, 0.0303, 0.0303, 0.0303, 0.0303, 0.0303, 
0, 0, 0, 0, 0, 0, 0, 0, 0, 0, 0, 0, 0, 0, 0, 0, 0, 0, 0, 0, 0, 
0, 0.99588, 0.99531, 0.99485, 0.99524, 0.99632, 0.99725, 0.99807, 
0.99758, 0.99714, 0.99674, 0.99742, 0.99588, 0.99343, 0.99399, 
0.99603, 0.99632, 0.99725, 0.99742, 0.99758, 0.99771, 0.9962, 
0.99587, 0.1857, 0.1298, 0.2438, 0.2606, 0.2809, 0.3045, 0.335, 
0.3597, 0.3934, 0.4324, 0.4444, 219.5, 229.5, 239.2, 245.3, 254.7, 
261.6, 266.6, 272.5, 279.8, 282.9, 274.7, 1, 1, 1, 1, 1, 1, 1, 
1, 1, 1, 1, 1, 1, 1, 1, 1, 1, 1, 1, 1, 1, 1, 1, 1, 1, 1, 1, 1, 
1, 1, 1, 1, 1, 1, 1, 1, 1, 1, 1, 1, 1, 1, 1, 1, 4.732, 3.51, 
6.298, 5.445, 5.644, 5.947, 6.189, 6.49, 6.923, 8.2, 8.492), .Dim = c(11L, 
40L), .Dimnames = list(NULL, c("Sampling", "PSO.cost", "PSO.gamma", 
"PSO.data.balancing", "PSO.feature.selection", "PSO.valid.acc", 
"PSO.test.acc", "PSO.train.time", "PSO.n.support.vectors", "PSO.index", 
"PSO.n.solutions", "PSO.generations", "PSO.n.evaluations", "PSO.cpu.time", 
"RS.cost", "RS.gamma", "RS.data.balancing", "RS.feature.selection", 
"RS.valid.acc", "RS.test.acc", "RS.train.time", "RS.n.support.vectors", 
"RS.index", "RS.n.solutions", "RS.generations", "RS.n.evaluations", 
"RS.cpu.time", "DF.cost", "DF.gamma", "DF.data.balancing", "DF.feature.selection", 
"DF.valid.acc", "DF.test.acc", "DF.train.time", "DF.n.support.vectors", 
"DF.index", "DF.n.solutions", "DF.generations", "DF.n.evaluations", 
"DF.cpu.time")))
