full <-
structure(c(50, 55, 60, 65, 70, 75, 80, 85, 90, 95, 100, 4.7407, 
14.98023, 14.04267, 5.75309, 4.97005, 8.10138, 4.76982, 2.30068, 
4.18743, 8.2751, 2.31523, -9.89279, -9.91785, -13.93459, -10.45422, 
-13.09633, -10.601, -11.39554, -10.4435, -8.87094, -8.94303, 
-9.1093, 0, 0, 0, 0, 0, 0, 0, 0, 0, 0, 0, 0, 0, 0, 0, 0, 0, 0, 
0, 0, 0, 0, 1, 1, 1, 1, 1, 1, 1, 1, 1, 1, 1, 1, 1, 1, 1, 1, 1, 
1, 1, 1, 1, 1, 0.1507, 0.1628, 0.4882, 0.2114, 0.5521, 0.266, 
0.3938, 0.5525, 0.2529, 0.2744, 0.387, 103.8, 96.8, 147.4, 102.2, 
389.9, 107.5, 175, 367.7, 113.3, 115.1, 192, 2, 2, 3, 12, 5, 
2, 2, 2, 2, 3, 3, 2021, 2090, 1822, 2149, 2024, 2184, 1914, 2053, 
1873, 2170, 1928, 100, 100, 100, 100, 100, 100, 100, 100, 100, 
100, 100, 2500, 2500, 2500, 2500, 2500, 2500, 2500, 2500, 2500, 
2500, 2500, 13735.466, 13274.386, 15102.922, 17215.218, 16643.423, 
19306.454, 21707.761, 21545.225, 19956.738, 24350.177, 25257.26, 
-0.33519, 6.74083, 10.86921, 3.74405, 3.48119, 6.34532, 5.67857, 
11.33857, 4.25253, 5.06723, 12.36686, -6.73509, -11.86271, -9.60135, 
-10.90367, -11.37319, -12.58629, -14.03061, -10.25282, -13.35176, 
-14.5838, -13.66124, 0, 0, 0, 0, 0, 0, 0, 0, 0, 0, 0, 0, 0, 0, 
0, 0, 0, 0, 0, 0, 0, 0, 1, 1, 1, 1, 1, 1, 1, 1, 1, 1, 1, 1, 1, 
1, 1, 1, 1, 1, 1, 1, 0.99946, 1, 0.2006, 0.2327, 0.1739, 0.3032, 
0.4404, 0.4331, 0.7995, 0.2855, 0.9045, 1.064, 0.8142, 239.9, 
110.6, 102, 213.3, 319.5, 163.8, 485.4, 108.4, 661.4, 804.3, 
163.3, 1, 4, 1, 1, 2, 3, 2, 3, 1, 2, 8, 971, 906, 678, 617, 655, 
595, 674, 644, 659, 700, 737, 100, 100, 100, 100, 100, 100, 100, 
100, 100, 100, 100, 2500, 2500, 2500, 2500, 2500, 2500, 2500, 
2500, 2500, 2500, 2500, 14400.378, 17186.004, 19782.53, 19828.522, 
23629.42, 22866.923, 26531.621, 29070.027, 30475.109, 32417.102, 
34458.08, 1, 1, 1, 1, 1, 1, 1, 1, 1, 1, 1, 0.0303, 0.0303, 0.0303, 
0.0303, 0.0303, 0.0303, 0.0303, 0.0303, 0.0303, 0.0303, 0.0303, 
0, 0, 0, 0, 0, 0, 0, 0, 0, 0, 0, 0, 0, 0, 0, 0, 0, 0, 0, 0, 0, 
0, 0.99692, 0.99626, 0.99657, 0.99762, 0.99558, 0.99725, 0.99743, 
0.99636, 0.99828, 0.99783, 0.99692, 0.99795, 0.99627, 0.99657, 
0.99762, 0.99632, 0.99657, 0.99743, 0.99757, 0.99771, 0.99729, 
0.9964, 0.1108, 0.2114, 0.2395, 0.2637, 0.2865, 0.3201, 0.3368, 
0.3543, 0.3938, 0.4129, 0.4337, 215.8, 227, 237, 242.4, 251.4, 
258.8, 260.9, 259.1, 263.4, 267.6, 277.2, 1, 1, 1, 1, 1, 1, 1, 
1, 1, 1, 1, 1, 1, 1, 1, 1, 1, 1, 1, 1, 1, 1, 1, 1, 1, 1, 1, 1, 
1, 1, 1, 1, 1, 1, 1, 1, 1, 1, 1, 1, 1, 1, 1, 1, 3.388, 5.081, 
5.362, 6.289, 6.457, 6.837, 6.292, 7.25, 7.685, 7.776, 7.882), .Dim = c(11L, 
40L), .Dimnames = list(NULL, c("Sampling", "PSO.cost", "PSO.gamma", 
"PSO.data.balancing", "PSO.feature.selection", "PSO.valid.acc", 
"PSO.test.acc", "PSO.train.time", "PSO.n.support.vectors", "PSO.index", 
"PSO.n.solutions", "PSO.generations", "PSO.n.evaluations", "PSO.cpu.time", 
"RS.cost", "RS.gamma", "RS.data.balancing", "RS.feature.selection", 
"RS.valid.acc", "RS.test.acc", "RS.train.time", "RS.n.support.vectors", 
"RS.index", "RS.n.solutions", "RS.generations", "RS.n.evaluations", 
"RS.cpu.time", "DF.cost", "DF.gamma", "DF.data.balancing", "DF.feature.selection", 
"DF.valid.acc", "DF.test.acc", "DF.train.time", "DF.n.support.vectors", 
"DF.index", "DF.n.solutions", "DF.generations", "DF.n.evaluations", 
"DF.cpu.time")))
