full <-
structure(c(50, 55, 60, 65, 70, 75, 80, 85, 90, 95, 100, 10.1384, 
6.01486, 14.30536, -1.20714, 7.52062, 3.11008, 3.22221, 3.50601, 
11.9695, 11.06768, 14.99179, -11.52526, -8.60979, -12.7639, -7.24612, 
-9.65773, -9.81841, -10.85012, -7.15931, -10.0464, -13.53305, 
-11.68456, 0, 0, 0, 0, 0, 0, 0, 0, 0, 0, 0, 0, 0, 0, 0, 0, 0, 
0, 0, 0, 0, 0, 1, 1, 1, 1, 1, 1, 1, 1, 1, 1, 1, 1, 1, 1, 0.99921, 
1, 1, 1, 0.99939, 1, 1, 1, 0.2072, 0.1511, 0.3605, 0.4056, 0.2204, 
0.3072, 0.4797, 0.2557, 0.3028, 0.7522, 0.501, 100, 105.3, 120.7, 
452.5, 110.1, 180.6, 275.4, 133.9, 116.3, 157.3, 122.8, 3, 4, 
2, 12, 2, 2, 2, 2, 9, 10, 10, 1877, 1952, 2054, 1852, 2177, 1787, 
1803, 1954, 1989, 1899, 1921, 100, 100, 100, 100, 100, 100, 100, 
100, 100, 100, 100, 2500, 2500, 2500, 2500, 2500, 2500, 2500, 
2500, 2500, 2500, 2500, 13439.796, 14204.721, 13559.854, 16670.273, 
15967.315, 15872.935, 20679.975, 18348.404, 20078.333, 22465.678, 
22266.509, 1.74048, 11.94825, 2.81283, 12.57896, 5.6456, 7.7525, 
4.36568, 11.3902, 7.05748, 2.54785, 14.34245, -7.76547, -11.71334, 
-6.31338, -8.98921, -8.53915, -7.73593, -9.70438, -13.62222, 
-14.31834, -9.27855, -9.87256, 0, 0, 0, 0, 0, 0, 0, 0, 0, 0, 
0, 0, 0, 0, 0, 0, 0, 0, 0, 0, 0, 0, 1, 1, 1, 1, 1, 1, 1, 1, 1, 
1, 1, 1, 1, 1, 1, 1, 1, 1, 1, 1, 1, 1, 0.1463, 0.2332, 0.1642, 
0.1836, 0.1833, 0.194, 0.2658, 0.7236, 0.8621, 0.3653, 0.3626, 
141, 105.1, 136.8, 107.6, 112.8, 117.2, 116.8, 160.2, 321.7, 
186.4, 115.1, 3, 4, 2, 2, 1, 5, 1, 4, 14, 6, 1, 1067, 1060, 1058, 
1021, 1056, 813, 807, 866, 850, 689, 709, 100, 100, 100, 100, 
100, 100, 100, 100, 100, 100, 100, 2500, 2500, 2500, 2500, 2500, 
2500, 2500, 2500, 2500, 2500, 2500, 15101.401, 16511.991, 17770.354, 
19655.515, 21188.294, 22179.648, 25361.711, 26801.708, 27490.047, 
31957.195, 35905.552, 1, 1, 1, 1, 1, 1, 1, 1, 1, 1, 1, 0.0303, 
0.0303, 0.0303, 0.0303, 0.0303, 0.0303, 0.0303, 0.0303, 0.0303, 
0.0303, 0.0303, 0, 0, 0, 0, 0, 0, 0, 0, 0, 0, 0, 0, 0, 0, 0, 
0, 0, 0, 0, 0, 0, 0, 0.99793, 0.99812, 0.99742, 0.99444, 0.99632, 
0.9952, 0.99613, 0.99636, 0.99543, 0.99728, 0.99794, 0.99793, 
0.99812, 0.99828, 0.99364, 0.99264, 0.99657, 0.99677, 0.99697, 
0.99543, 0.99674, 0.99691, 0.1735, 0.1963, 0.2183, 0.2508, 0.2728, 
0.2961, 0.3298, 0.3511, 0.3741, 0.4324, 0.4322, 214.7, 223.4, 
228.8, 235.3, 245.5, 250.6, 252.1, 259.2, 263.1, 267.9, 274.9, 
1, 1, 1, 1, 1, 1, 1, 1, 1, 1, 1, 1, 1, 1, 1, 1, 1, 1, 1, 1, 1, 
1, 1, 1, 1, 1, 1, 1, 1, 1, 1, 1, 1, 1, 1, 1, 1, 1, 1, 1, 1, 1, 
1, 1, 4.612, 4.816, 5.041, 5.768, 5.681, 5.776, 6.266, 6.515, 
6.836, 7.443, 7.547), .Dim = c(11L, 40L), .Dimnames = list(NULL, 
    c("Sampling", "PSO.cost", "PSO.gamma", "PSO.data.balancing", 
    "PSO.feature.selection", "PSO.valid.acc", "PSO.test.acc", 
    "PSO.train.time", "PSO.n.support.vectors", "PSO.index", "PSO.n.solutions", 
    "PSO.generations", "PSO.n.evaluations", "PSO.cpu.time", "RS.cost", 
    "RS.gamma", "RS.data.balancing", "RS.feature.selection", 
    "RS.valid.acc", "RS.test.acc", "RS.train.time", "RS.n.support.vectors", 
    "RS.index", "RS.n.solutions", "RS.generations", "RS.n.evaluations", 
    "RS.cpu.time", "DF.cost", "DF.gamma", "DF.data.balancing", 
    "DF.feature.selection", "DF.valid.acc", "DF.test.acc", "DF.train.time", 
    "DF.n.support.vectors", "DF.index", "DF.n.solutions", "DF.generations", 
    "DF.n.evaluations", "DF.cpu.time")))
