full <-
structure(c(50, 55, 60, 65, 70, 75, 80, 85, 90, 95, 100, 6.2212, 
10.12348, 12.18785, 5.93759, 8.68603, 13.34476, 8.79953, 4.58955, 
8.11656, 9.34791, 12.57296, -9.88835, -8.7271, -9.11921, -14.59094, 
-10.8764, -10.63445, -13.28484, -14.28863, -12.2371, -8.65984, 
-12.38159, 0, 0, 0, 0, 0, 0, 0, 0, 0, 0, 0, 0, 0, 0, 0, 0, 0, 
0, 0, 0, 0, 0, 1, 1, 1, 1, 1, 1, 1, 1, 1, 1, 1, 1, 1, 1, 1, 1, 
1, 1, 1, 1, 1, 1, 0.1436, 0.1534, 0.1743, 0.5318, 0.2603, 0.2665, 
0.5465, 0.8839, 0.4508, 0.2595, 0.5483, 95.6, 106, 103.8, 493.8, 
110.2, 107.4, 144.2, 804.4, 127.4, 118.1, 132, 10, 2, 20, 6, 
2, 3, 13, 2, 5, 3, 2, 1839, 1894, 2155, 1966, 2131, 2164, 1944, 
1994, 1731, 1975, 1975, 100, 100, 100, 100, 100, 100, 100, 100, 
100, 100, 100, 2500, 2500, 2500, 2500, 2500, 2500, 2500, 2500, 
2500, 2500, 2500, 14138.136, 13341.571, 15868.092, 18983.222, 
17933.251, 16492.034, 19002.617, 22380.219, 24292.275, 22299.654, 
23954.977, 11.94527, 4.07592, 10.68132, 10.45879, 11.11168, 12.78052, 
8.74064, 13.34751, 0.86546, 6.23197, 10.69869, -11.9174, -10.83687, 
-9.87145, -10.68573, -11.69641, -11.27027, -10.06068, -8.35974, 
-8.53698, -10.67856, -10.65028, 0, 0, 0, 0, 0, 0, 0, 0, 0, 0, 
0, 0, 0, 0, 0, 0, 0, 0, 0, 0, 0, 0, 1, 1, 1, 1, 1, 1, 1, 1, 1, 
1, 1, 1, 1, 1, 1, 1, 1, 1, 0.99939, 1, 1, 1, 0.1349, 0.2517, 
0.179, 0.2341, 0.3107, 0.1885, 0.25, 0.2296, 0.4775, 0.3561, 
0.3549, 102.3, 176.6, 103, 104.9, 115.3, 109.8, 111.3, 116.7, 
299.7, 113.9, 117.2, 1, 7, 1, 3, 1, 3, 5, 3, 7, 2, 2, 626, 628, 
666, 609, 729, 676, 666, 658, 674, 672, 703, 100, 100, 100, 100, 
100, 100, 100, 100, 100, 100, 100, 2500, 2500, 2500, 2500, 2500, 
2500, 2500, 2500, 2500, 2500, 2500, 16286.736, 18560.584, 17384.342, 
19326.585, 22058.764, 19926.263, 24798.419, 27567.891, 29400.799, 
31394.707, 31891.879, 1, 1, 1, 1, 1, 1, 1, 1, 1, 1, 1, 0.0303, 
0.0303, 0.0303, 0.0303, 0.0303, 0.0303, 0.0303, 0.0303, 0.0303, 
0.0303, 0.0303, 0, 0, 0, 0, 0, 0, 0, 0, 0, 0, 0, 0, 0, 0, 0, 
0, 0, 0, 0, 0, 0, 0, 0.99589, 0.99341, 0.99742, 0.99604, 0.99632, 
0.99519, 0.99549, 0.99697, 0.99714, 0.99674, 0.99845, 0.99382, 
0.99341, 0.99741, 0.99604, 0.99632, 0.99519, 0.99678, 0.99636, 
0.99714, 0.9962, 0.99742, 0.1837, 0.2206, 0.2403, 0.26, 0.3001, 
0.1913, 0.3431, 0.3616, 0.3818, 0.4087, 0.4237, 218.2, 228.6, 
238.4, 244.8, 254.1, 258.9, 266.9, 267.3, 268.2, 275.8, 274.1, 
1, 1, 1, 1, 1, 1, 1, 1, 1, 1, 1, 1, 1, 1, 1, 1, 1, 1, 1, 1, 1, 
1, 1, 1, 1, 1, 1, 1, 1, 1, 1, 1, 1, 1, 1, 1, 1, 1, 1, 1, 1, 1, 
1, 1, 4.776, 6.098, 6.227, 6.431, 6.763, 4.112, 6.288, 6.479, 
6.817, 6.944, 7.037), .Dim = c(11L, 40L), .Dimnames = list(NULL, 
    c("Sampling", "PSO.cost", "PSO.gamma", "PSO.data.balancing", 
    "PSO.feature.selection", "PSO.valid.acc", "PSO.test.acc", 
    "PSO.train.time", "PSO.n.support.vectors", "PSO.index", "PSO.n.solutions", 
    "PSO.generations", "PSO.n.evaluations", "PSO.cpu.time", "RS.cost", 
    "RS.gamma", "RS.data.balancing", "RS.feature.selection", 
    "RS.valid.acc", "RS.test.acc", "RS.train.time", "RS.n.support.vectors", 
    "RS.index", "RS.n.solutions", "RS.generations", "RS.n.evaluations", 
    "RS.cpu.time", "DF.cost", "DF.gamma", "DF.data.balancing", 
    "DF.feature.selection", "DF.valid.acc", "DF.test.acc", "DF.train.time", 
    "DF.n.support.vectors", "DF.index", "DF.n.solutions", "DF.generations", 
    "DF.n.evaluations", "DF.cpu.time")))
