full <-
structure(c(50, 55, 60, 65, 70, 75, 80, 85, 90, 95, 100, 5.38521, 
11.65901, 4.05699, 6.8696, 8.2969, 14.28139, 11.67722, 5.47858, 
5.40636, 3.87678, 0.76835, -12.43715, -10.44506, -12.22896, -7.95035, 
-8.30264, -11.12785, -12.92389, -13.52953, -10.07095, -10.50824, 
-9.05089, 0, 0, 0, 0, 0, 0, 0, 0, 0, 0, 0, 0, 0, 0, 0, 0, 0, 
0, 0, 0, 0, 0, 1, 1, 1, 1, 1, 1, 1, 1, 1, 1, 1, 1, 1, 1, 1, 1, 
1, 1, 1, 1, 1, 1, 0.3143, 0.1959, 0.3991, 0.1732, 0.1977, 0.313, 
0.5623, 0.8511, 0.2994, 0.4004, 0.7415, 214.8, 106.6, 374.5, 
119.5, 115.5, 115, 134.5, 414.8, 111.3, 173.6, 415.7, 2, 2, 3, 
4, 3, 5, 5, 3, 17, 5, 6, 1997, 2109, 1971, 1837, 1764, 2084, 
2055, 2008, 2023, 1968, 1919, 100, 100, 100, 100, 100, 100, 100, 
100, 100, 100, 100, 2500, 2500, 2500, 2500, 2500, 2500, 2500, 
2500, 2500, 2500, 2500, 13069.695, 14709.614, 15011.677, 14136.949, 
18978.166, 19781.557, 21396.498, 21333.131, 20844.949, 22794.432, 
31462.864, 6.99562, 2.52657, 11.80902, 10.49961, 2.66445, 7.9073, 
6.78958, 13.87096, 5.33276, 7.95459, 12.11091, -8.57216, -7.96027, 
-12.46852, -10.01767, -9.14646, -8.4486, -10.10584, -10.9098, 
-12.52625, -13.46553, -14.40793, 0, 0, 0, 0, 0, 0, 0, 0, 0, 0, 
0, 0, 0, 0, 0, 0, 0, 0, 0, 0, 0, 0, 1, 1, 1, 1, 1, 1, 1, 1, 1, 
1, 1, 1, 1, 1, 1, 1, 1, 1, 1, 1, 1, 1, 0.1334, 0.159, 0.3343, 
0.2072, 0.2515, 0.2223, 0.2791, 0.3299, 0.6378, 0.7579, 1.159, 
107.1, 128, 122.3, 109.7, 162.5, 114.5, 110.6, 113.8, 245.3, 
167.5, 186.1, 10, 1, 7, 1, 4, 5, 2, 1, 3, 2, 2, 907, 821, 802, 
867, 894, 944, 901, 883, 664, 680, 709, 100, 100, 100, 100, 100, 
100, 100, 100, 100, 100, 100, 2500, 2500, 2500, 2500, 2500, 2500, 
2500, 2500, 2500, 2500, 2500, 15113.422, 16739.581, 18243.272, 
19491.072, 23724.799, 25832.675, 28225.268, 27787.977, 28281.105, 
31374.452, 37769.998, 1, 1, 1, 1, 1, 1, 1, 1, 1, 1, 1, 0.0303, 
0.0303, 0.0303, 0.0303, 0.0303, 0.0303, 0.0303, 0.0303, 0.0303, 
0.0303, 0.0303, 0, 0, 0, 0, 0, 0, 0, 0, 0, 0, 0, 0, 0, 0, 0, 
0, 0, 0, 0, 0, 0, 0, 0.99379, 0.99532, 0.99656, 0.99524, 0.99632, 
0.99726, 0.99678, 0.99818, 0.99599, 0.99675, 0.99742, 0.99378, 
0.99532, 0.99656, 0.99603, 0.99632, 0.99589, 0.99742, 0.99758, 
0.99599, 0.99566, 0.99742, 0.1818, 0.2036, 0.2294, 0.2599, 0.2919, 
0.3045, 0.3589, 0.3773, 0.3707, 0.4179, 0.4656, 223.2, 230.3, 
239.1, 248.2, 252.2, 251.5, 252.5, 262.9, 266.3, 273.8, 277.6, 
1, 1, 1, 1, 1, 1, 1, 1, 1, 1, 1, 1, 1, 1, 1, 1, 1, 1, 1, 1, 1, 
1, 1, 1, 1, 1, 1, 1, 1, 1, 1, 1, 1, 1, 1, 1, 1, 1, 1, 1, 1, 1, 
1, 1, 4.596, 4.797, 5.19, 5.551, 6.527, 7.015, 7.593, 6.775, 
6.623, 7.152, 8.579), .Dim = c(11L, 40L), .Dimnames = list(NULL, 
    c("Sampling", "PSO.cost", "PSO.gamma", "PSO.data.balancing", 
    "PSO.feature.selection", "PSO.valid.acc", "PSO.test.acc", 
    "PSO.train.time", "PSO.n.support.vectors", "PSO.index", "PSO.n.solutions", 
    "PSO.generations", "PSO.n.evaluations", "PSO.cpu.time", "RS.cost", 
    "RS.gamma", "RS.data.balancing", "RS.feature.selection", 
    "RS.valid.acc", "RS.test.acc", "RS.train.time", "RS.n.support.vectors", 
    "RS.index", "RS.n.solutions", "RS.generations", "RS.n.evaluations", 
    "RS.cpu.time", "DF.cost", "DF.gamma", "DF.data.balancing", 
    "DF.feature.selection", "DF.valid.acc", "DF.test.acc", "DF.train.time", 
    "DF.n.support.vectors", "DF.index", "DF.n.solutions", "DF.generations", 
    "DF.n.evaluations", "DF.cpu.time")))
