full <-
structure(c(50, 55, 60, 65, 70, 75, 80, 85, 90, 95, 100, 3.37832, 
14.53034, 2.5559, 10.15966, 12.78366, 2.50672, 10.51217, 5.57476, 
10.53778, 7.45233, 5.30881, -9.03768, -13.82062, -9.16175, -11.58458, 
-14.3581, -8.69269, -13.94632, -8.3199, -9.3124, -10.90944, -10.02698, 
0, 0, 0, 0, 0, 0, 0, 0, 0, 0, 0, 0, 0, 0, 0, 0, 0, 0, 0, 0, 0, 
0, 1, 1, 1, 1, 1, 1, 1, 1, 1, 1, 1, 1, 1, 1, 1, 1, 1, 1, 1, 1, 
1, 1, 0.1555, 0.4581, 0.221, 0.2917, 0.7167, 0.2653, 0.7264, 
0.254, 0.2747, 0.3946, 0.3822, 118.8, 133.6, 168.1, 105.2, 170.2, 
148.6, 153.7, 115.8, 111.9, 115.2, 117, 5, 2, 2, 3, 6, 4, 2, 
3, 2, 4, 2, 1909, 2123, 1940, 1920, 2227, 1967, 1867, 1916, 2069, 
2284, 1958, 100, 100, 100, 100, 100, 100, 100, 100, 100, 100, 
100, 2500, 2500, 2500, 2500, 2500, 2500, 2500, 2500, 2500, 2500, 
2500, 14390.462, 15768.509, 15821.25, 17557.336, 20566.983, 18868.879, 
18894.643, 19472.586, 17872.103, 22743.985, 27162.026, 1.99609, 
3.0002, 4.11616, 5.74101, 4.91348, 8.64557, 12.21291, 14.1651, 
8.11037, 9.5448, 4.60405, -8.65984, -11.1445, -10.8426, -10.61059, 
-9.89694, -11.42237, -11.8059, -13.00382, -12.86191, -9.36556, 
-11.45836, 0, 0, 0, 0, 0, 0, 0, 0, 0, 0, 0, 0, 0, 0, 0, 0, 0, 
0, 0, 0, 0, 0, 1, 1, 1, 1, 1, 1, 1, 1, 1, 1, 1, 0.99897, 1, 1, 
1, 1, 1, 1, 1, 1, 1, 1, 0.1814, 0.33, 0.2747, 0.2302, 0.2242, 
0.326, 0.3657, 0.587, 0.5587, 0.3248, 0.5959, 176.1, 347.7, 173.8, 
102.5, 106.6, 108.4, 111.1, 129.7, 127.8, 113.7, 194, 1, 1, 6, 
3, 4, 1, 7, 1, 5, 1, 10, 579, 669, 739, 648, 694, 651, 696, 694, 
604, 718, 677, 100, 100, 100, 100, 100, 100, 100, 100, 100, 100, 
100, 2500, 2500, 2500, 2500, 2500, 2500, 2500, 2500, 2500, 2500, 
2500, 15640.711, 17398.63, 18970.209, 21068.409, 22166.441, 24570.959, 
25968.769, 27718.439, 30150.594, 34294.6690000001, 43107.776, 
1, 1, 1, 1, 1, 1, 1, 1, 1, 1, 1, 0.0303, 0.0303, 0.0303, 0.0303, 
0.0303, 0.0303, 0.0303, 0.0303, 0.0303, 0.0303, 0.0303, 0, 0, 
0, 0, 0, 0, 0, 0, 0, 0, 0, 0, 0, 0, 0, 0, 0, 0, 0, 0, 0, 0, 0.99382, 
0.99438, 0.99398, 0.99525, 0.99486, 0.99588, 0.99613, 0.99576, 
0.99599, 0.99621, 0.99691, 0.99279, 0.99438, 0.99312, 0.99525, 
0.99486, 0.99519, 0.99548, 0.99515, 0.99541, 0.99621, 0.99639, 
0.1887, 0.2093, 0.2372, 0.2631, 0.2855, 0.3167, 0.3365, 0.3626, 
0.4066, 0.4341, 0.4671, 213.3, 220.1, 227.8, 237, 244, 247.6, 
252.4, 260.7, 267.6, 270.5, 278.1, 1, 1, 1, 1, 1, 1, 1, 1, 1, 
1, 1, 1, 1, 1, 1, 1, 1, 1, 1, 1, 1, 1, 1, 1, 1, 1, 1, 1, 1, 1, 
1, 1, 1, 1, 1, 1, 1, 1, 1, 1, 1, 1, 1, 1, 4.824, 5.435, 5.517, 
5.887, 6.072, 6.251, 6.474, 6.611, 7.354, 7.522, 7.868), .Dim = c(11L, 
40L), .Dimnames = list(NULL, c("Sampling", "PSO.cost", "PSO.gamma", 
"PSO.data.balancing", "PSO.feature.selection", "PSO.valid.acc", 
"PSO.test.acc", "PSO.train.time", "PSO.n.support.vectors", "PSO.index", 
"PSO.n.solutions", "PSO.generations", "PSO.n.evaluations", "PSO.cpu.time", 
"RS.cost", "RS.gamma", "RS.data.balancing", "RS.feature.selection", 
"RS.valid.acc", "RS.test.acc", "RS.train.time", "RS.n.support.vectors", 
"RS.index", "RS.n.solutions", "RS.generations", "RS.n.evaluations", 
"RS.cpu.time", "DF.cost", "DF.gamma", "DF.data.balancing", "DF.feature.selection", 
"DF.valid.acc", "DF.test.acc", "DF.train.time", "DF.n.support.vectors", 
"DF.index", "DF.n.solutions", "DF.generations", "DF.n.evaluations", 
"DF.cpu.time")))
