full <-
structure(c(50, 55, 60, 65, 70, 75, 80, 85, 90, 95, 100, 12.50586, 
6.77023, 10.61774, 14.63341, 6.71442, 5.66206, 4.97881, 12.81496, 
7.16452, 4.43202, 9.67483, -14.57854, -12.15212, -13.09126, -11.93676, 
-14.04651, -12.93775, -13.30251, -11.15175, -9.04075, -13.79706, 
-12.03197, 0, 0, 0, 0, 0, 0, 0, 0, 0, 0, 0, 0, 0, 0, 0, 0, 0, 
0, 0, 0, 0, 0, 1, 1, 1, 1, 1, 1, 1, 1, 1, 1, 1, 1, 1, 1, 1, 1, 
1, 1, 1, 1, 1, 1, 0.4699, 0.2703, 0.432, 0.3161, 0.6306, 0.6245, 
0.8274, 0.3729, 0.3052, 1.0755, 0.5475, 161.8, 117.1, 125.8, 
101.4, 293, 261.9, 457, 111.9, 112, 759.6, 129.4, 2, 4, 3, 5, 
7, 4, 10, 5, 4, 3, 5, 1964, 2010, 1974, 1935, 2010, 1938, 1877, 
1697, 1919, 1802, 1894, 100, 100, 100, 100, 100, 100, 100, 100, 
100, 100, 100, 2500, 2500, 2500, 2500, 2500, 2500, 2500, 2500, 
2500, 2500, 2500, 14711.311, 14952.785, 16970.697, 16684.245, 
18386.179, 20556.511, 21398.895, 24357.512, 25356.042, 28862.657, 
25944.972, 8.7261, 9.41406, 14.9828, 12.56766, 3.58457, 8.90084, 
7.09725, 4.23284, 14.09441, 2.08451, 12.7168, -13.59276, -10.72415, 
-12.80733, -12.56741, -9.04704, -13.82026, -11.09613, -9.28367, 
-14.26332, -9.59246, -14.13585, 0, 0, 0, 0, 0, 0, 0, 0, 0, 0, 
0, 0, 0, 0, 0, 0, 0, 0, 0, 0, 0, 0, 1, 1, 1, 1, 1, 1, 1, 1, 1, 
1, 1, 1, 1, 1, 1, 1, 1, 1, 1, 1, 1, 1, 0.3696, 0.2031, 0.3991, 
0.3847, 0.227, 0.6424, 0.3453, 0.2992, 0.946, 0.5343, 1.0832, 
131.8, 99.7, 120.2, 107.5, 116.8, 150.8, 108.1, 116.2, 181.2, 
265.3, 179, 2, 7, 4, 1, 1, 1, 2, 4, 1, 1, 8, 516, 557, 576, 717, 
553, 696, 745, 690, 672, 741, 704, 100, 100, 100, 100, 100, 100, 
100, 100, 100, 100, 100, 2500, 2500, 2500, 2500, 2500, 2500, 
2500, 2500, 2500, 2500, 2500, 15502.771, 17705.407, 19433.925, 
21424.46, 23180.089, 25385.4, 27363.089, 30632.45, 33167.385, 
33512.366, 43561.441, 1, 1, 1, 1, 1, 1, 1, 1, 1, 1, 1, 0.0303, 
0.0303, 0.0303, 0.0303, 0.0303, 0.0303, 0.0303, 0.0303, 0.0303, 
0.0303, 0.0303, 0, 0, 0, 0, 0, 0, 0, 0, 0, 0, 0, 0, 0, 0, 0, 
0, 0, 0, 0, 0, 0, 0, 0.99589, 0.99532, 0.99656, 0.99605, 0.99706, 
0.99726, 0.99678, 0.99697, 0.99599, 0.99674, 0.99692, 0.99692, 
0.99532, 0.99655, 0.99684, 0.99706, 0.99588, 0.99613, 0.99636, 
0.99599, 0.9962, 0.99743, 0.183, 0.2146, 0.2337, 0.2638, 0.2961, 
0.3341, 0.3526, 0.4032, 0.4117, 0.4067, 0.5481, 216, 222.5, 231.6, 
238.3, 241.9, 247.7, 251.6, 261.2, 262.3, 269.6, 275.2, 1, 1, 
1, 1, 1, 1, 1, 1, 1, 1, 1, 1, 1, 1, 1, 1, 1, 1, 1, 1, 1, 1, 1, 
1, 1, 1, 1, 1, 1, 1, 1, 1, 1, 1, 1, 1, 1, 1, 1, 1, 1, 1, 1, 1, 
4.764, 5.209, 5.377, 5.895, 6.102, 7.217, 6.554, 7.375, 7.342, 
7.174, 9.177), .Dim = c(11L, 40L), .Dimnames = list(NULL, c("Sampling", 
"PSO.cost", "PSO.gamma", "PSO.data.balancing", "PSO.feature.selection", 
"PSO.valid.acc", "PSO.test.acc", "PSO.train.time", "PSO.n.support.vectors", 
"PSO.index", "PSO.n.solutions", "PSO.generations", "PSO.n.evaluations", 
"PSO.cpu.time", "RS.cost", "RS.gamma", "RS.data.balancing", "RS.feature.selection", 
"RS.valid.acc", "RS.test.acc", "RS.train.time", "RS.n.support.vectors", 
"RS.index", "RS.n.solutions", "RS.generations", "RS.n.evaluations", 
"RS.cpu.time", "DF.cost", "DF.gamma", "DF.data.balancing", "DF.feature.selection", 
"DF.valid.acc", "DF.test.acc", "DF.train.time", "DF.n.support.vectors", 
"DF.index", "DF.n.solutions", "DF.generations", "DF.n.evaluations", 
"DF.cpu.time")))
