full <-
structure(c(50, 55, 60, 65, 70, 75, 80, 85, 90, 95, 100, 14.19701, 
13.81422, 12.73357, 4.96636, 8.77097, 5.09032, 9.40954, 5.91311, 
1.72598, 0.60224, 11.94144, -10.01513, -4.81779, -9.25469, -1.66679, 
-5.62039, -1.55845, -4.37353, -3.05956, 0.14274, -1.71381, -5.38403, 
0, 0, 0, 0, 0, 0, 0, 0, 0, 0, 0, 0, 0, 0, 0, 0, 0, 0, 0, 0, 0, 
0, 0.91699, 0.9185, 0.91324, 0.91395, 0.90869, 0.90781, 0.91025, 
0.91167, 0.9085, 0.90989, 0.90831, 0.91174, 0.9101, 0.91104, 
0.90591, 0.90306, 0.89811, 0.90693, 0.90547, 0.90337, 0.90846, 
0.90764, 0.2066, 1.0254, 0.2454, 0.1063, 0.2293, 0.141, 0.4287, 
0.2285, 0.1759, 0.1764, 2.0438, 94.5, 131, 117.3, 162.4, 153.5, 
191.5, 181.3, 204.1, 297.6, 255.5, 228.9, 91, 656, 263, 1027, 
84, 856, 260, 427, 347, 1060, 130, 173, 171, 56, 80, 387, 33, 
255, 213, 109, 13, 117, 100, 100, 100, 100, 100, 100, 100, 100, 
100, 100, 100, 2500, 2500, 2500, 2500, 2500, 2500, 2500, 2500, 
2500, 2500, 2500, 10877.369, 26912.299, 14328.602, 10509.605, 
13030.742, 13321.228, 18500.815, 19172.776, 12399.165, 11672.564, 
53413.415, 11.6652, 12.73804, 14.4955, 4.6025, 2.95126, 14.26792, 
12.89854, 5.96856, 2.44026, -0.0757, 11.73302, -8.65975, -4.50264, 
-10.14755, -1.7146, -3.17669, -7.91239, -5.29534, -3.05071, -0.40829, 
-1.2387, -5.31146, 0, 0, 0, 0, 0, 0, 0, 0, 0, 0, 0, 0, 0, 0, 
0, 0, 0, 0, 0, 0, 0, 0, 0.91699, 0.9185, 0.91324, 0.91193, 0.9087, 
0.90782, 0.91025, 0.9109, 0.90849, 0.90919, 0.90831, 0.91174, 
0.90889, 0.91104, 0.90491, 0.90498, 0.90428, 0.90693, 0.90471, 
0.90483, 0.90776, 0.90764, 0.1673, 0.6124, 0.2888, 0.1029, 0.1126, 
1.1303, 1.591, 0.2237, 0.1746, 0.1774, 1.9016, 101.6, 131.6, 
116.3, 164.8, 170.1, 154, 178.9, 205.7, 265.4, 273.5, 228.8, 
38, 756, 1437, 780, 2197, 894, 483, 1835, 50, 2468, 529, 15, 
3, 3, 1, 2, 4, 8, 1, 2, 1, 1, 100, 100, 100, 100, 100, 100, 100, 
100, 100, 100, 100, 2500, 2500, 2500, 2500, 2500, 2500, 2500, 
2500, 2500, 2500, 2500, 9386.094, 9870.44, 10675.645, 11227.256, 
12567.145, 13221.482, 14666.856, 16744.95, 17939.632, 19038.736, 
22495.291, 1, 1, 1, 1, 1, 1, 1, 1, 1, 1, 1, 0.33333, 0.33333, 
0.33333, 0.33333, 0.33333, 0.33333, 0.33333, 0.33333, 0.33333, 
0.33333, 0.33333, 0, 0, 0, 0, 0, 0, 0, 0, 0, 0, 0, 0, 0, 0, 0, 
0, 0, 0, 0, 0, 0, 0, 0.91171, 0.9101, 0.90665, 0.90685, 0.90404, 
0.90164, 0.90201, 0.90394, 0.90556, 0.9078, 0.90499, 0.90911, 
0.9089, 0.90442, 0.90584, 0.90219, 0.90248, 0.90612, 0.90317, 
0.90555, 0.90707, 0.90433, 0.0541, 0.0637, 0.073, 0.0828, 0.0976, 
0.1074, 0.1225, 0.1402, 0.158, 0.1712, 0.1895, 136.2, 152.2, 
163.3, 175.1, 193.2, 203.2, 216.5, 232.9, 249.9, 259.7, 272.1, 
1, 1, 1, 1, 1, 1, 1, 1, 1, 1, 1, 1, 1, 1, 1, 1, 1, 1, 1, 1, 1, 
1, 1, 1, 1, 1, 1, 1, 1, 1, 1, 1, 1, 1, 1, 1, 1, 1, 1, 1, 1, 1, 
1, 1, 3.215, 3.18, 3.444, 3.505, 3.554, 3.658, 3.844, 4.046, 
4.132, 4.342, 5.245), .Dim = c(11L, 40L), .Dimnames = list(NULL, 
    c("Sampling", "PSO.cost", "PSO.gamma", "PSO.data.balancing", 
    "PSO.feature.selection", "PSO.valid.acc", "PSO.test.acc", 
    "PSO.train.time", "PSO.n.support.vectors", "PSO.index", "PSO.n.solutions", 
    "PSO.generations", "PSO.n.evaluations", "PSO.cpu.time", "RS.cost", 
    "RS.gamma", "RS.data.balancing", "RS.feature.selection", 
    "RS.valid.acc", "RS.test.acc", "RS.train.time", "RS.n.support.vectors", 
    "RS.index", "RS.n.solutions", "RS.generations", "RS.n.evaluations", 
    "RS.cpu.time", "DF.cost", "DF.gamma", "DF.data.balancing", 
    "DF.feature.selection", "DF.valid.acc", "DF.test.acc", "DF.train.time", 
    "DF.n.support.vectors", "DF.index", "DF.n.solutions", "DF.generations", 
    "DF.n.evaluations", "DF.cpu.time")))
