full <-
structure(c(50, 55, 60, 65, 70, 75, 80, 85, 90, 95, 100, 2.82354, 
0.41044, 7.68313, -0.00124, 2.38016, 13.95245, 5.52932, 15, 3.38746, 
-0.3299, 0.88749, -3.48094, -1.60966, -5.27702, -1.38232, -2.69031, 
-7.84706, -1.65071, -6.44383, -2.95627, -0.48693, -0.80137, 0, 
0, 0, 0, 0, 0, 0, 0, 0, 0, 0, 0, 0, 0, 0, 0, 0, 0, 0, 0, 0, 0, 
0.90523, 0.90895, 0.91325, 0.91086, 0.90686, 0.90516, 0.90531, 
0.91015, 0.91074, 0.91262, 0.90963, 0.9039, 0.903, 0.90551, 0.90569, 
0.89933, 0.90339, 0.89962, 0.90706, 0.90926, 0.90914, 0.90636, 
0.0548, 0.0636, 0.1261, 0.0851, 0.1046, 1.1795, 0.1673, 5.0602, 
0.1818, 0.1753, 0.2064, 128.6, 159.8, 138, 190.8, 182.2, 167, 
209.1, 193.1, 218.7, 302.3, 299.1, 707, 1254, 616, 1260, 733, 
240, 299, 660, 181, 441, 621, 35, 33, 78, 136, 226, 198, 104, 
205, 361, 235, 80, 100, 100, 100, 100, 100, 100, 100, 100, 100, 
100, 100, 2500, 2500, 2500, 2500, 2500, 2500, 2500, 2500, 2500, 
2500, 2500, 7453.519, 8190.897, 9373.3, 9405.07900000001, 8455.13900000001, 
37934.979, 10808.574, 76550.597, 10041.911, 10243.821, 30039.058, 
4.29569, 2.08594, 6.99255, 0.17275, 2.37144, 0.10815, 5.18438, 
11.62885, 2.91738, -0.23296, 0.77893, -4.22798, -2.25054, -4.92332, 
-1.61938, -2.55434, -0.5309, -1.32433, -5.64387, -2.77637, -0.31653, 
-0.73271, 0, 0, 0, 0, 0, 0, 0, 0, 0, 0, 0, 0, 0, 0, 0, 0, 0, 
0, 0, 0, 0, 0, 0.90395, 0.90779, 0.91216, 0.91086, 0.90404, 0.90514, 
0.90448, 0.90938, 0.91001, 0.91261, 0.90831, 0.9039, 0.903, 0.90442, 
0.90468, 0.89839, 0.9025, 0.89961, 0.90782, 0.90926, 0.90844, 
0.90636, 0.0593, 0.0669, 0.1134, 0.0801, 0.1038, 0.1157, 0.1614, 
1.1819, 0.1731, 0.172, 0.2003, 121.9, 154.1, 138.4, 184.2, 184.4, 
237.3, 212.9, 198, 220.4, 308.7, 302.1, 1334, 132, 83, 569, 724, 
401, 870, 233, 363, 17, 1690, 1, 1, 2, 3, 1, 1, 4, 2, 6, 3, 1, 
100, 100, 100, 100, 100, 100, 100, 100, 100, 100, 100, 2500, 
2500, 2500, 2500, 2500, 2500, 2500, 2500, 2500, 2500, 2500, 8582.428, 
9592.232, 10212.234, 10730.233, 11897.584, 13561.163, 14789.677, 
15722.036, 17721.629, 19113.952, 21090.366, 1, 1, 1, 1, 1, 1, 
1, 1, 1, 1, 1, 0.33333, 0.33333, 0.33333, 0.33333, 0.33333, 0.33333, 
0.33333, 0.33333, 0.33333, 0.33333, 0.33333, 0, 0, 0, 0, 0, 0, 
0, 0, 0, 0, 0, 0, 0, 0, 0, 0, 0, 0, 0, 0, 0, 0, 0.9013, 0.90535, 
0.90887, 0.90984, 0.9031, 0.90426, 0.90283, 0.90704, 0.91, 0.90844, 
0.905, 0.90392, 0.90061, 0.90777, 0.90569, 0.89651, 0.90514, 
0.90368, 0.90549, 0.90634, 0.90776, 0.90565, 0.0516, 0.0625, 
0.0692, 0.079, 0.0928, 0.108, 0.1151, 0.1286, 0.1449, 0.1619, 
0.1768, 149.6, 162.1, 171.8, 183.8, 204.1, 214.5, 224.9, 234.8, 
243.7, 262.4, 271.2, 1, 1, 1, 1, 1, 1, 1, 1, 1, 1, 1, 1, 1, 1, 
1, 1, 1, 1, 1, 1, 1, 1, 1, 1, 1, 1, 1, 1, 1, 1, 1, 1, 1, 1, 1, 
1, 1, 1, 1, 1, 1, 1, 1, 1, 2.565, 2.924, 2.906, 3.157, 3.308, 
3.643, 3.436, 3.46, 3.656, 3.975, 4.123), .Dim = c(11L, 40L), .Dimnames = list(
    NULL, c("Sampling", "PSO.cost", "PSO.gamma", "PSO.data.balancing", 
    "PSO.feature.selection", "PSO.valid.acc", "PSO.test.acc", 
    "PSO.train.time", "PSO.n.support.vectors", "PSO.index", "PSO.n.solutions", 
    "PSO.generations", "PSO.n.evaluations", "PSO.cpu.time", "RS.cost", 
    "RS.gamma", "RS.data.balancing", "RS.feature.selection", 
    "RS.valid.acc", "RS.test.acc", "RS.train.time", "RS.n.support.vectors", 
    "RS.index", "RS.n.solutions", "RS.generations", "RS.n.evaluations", 
    "RS.cpu.time", "DF.cost", "DF.gamma", "DF.data.balancing", 
    "DF.feature.selection", "DF.valid.acc", "DF.test.acc", "DF.train.time", 
    "DF.n.support.vectors", "DF.index", "DF.n.solutions", "DF.generations", 
    "DF.n.evaluations", "DF.cpu.time")))
