full <-
structure(c(50, 55, 60, 65, 70, 75, 80, 85, 90, 95, 100, -1.14302, 
12.08242, 7.07566, 6.47943, 5.66935, 2.05264, 6.48488, 12.68044, 
15, -0.05925, -0.44574, -1.89885, -8.16076, -5.72874, -4.89914, 
-3.89418, -1.54498, -2.81046, -5.47853, -5.47511, -0.90318, -0.50516, 
0, 0, 0, 0, 0, 0, 0, 0, 0, 0, 0, 0, 0, 0, 0, 0, 0, 0, 0, 0, 0, 
0, 0.90375, 0.89934, 0.9045, 0.90673, 0.90872, 0.90777, 0.90941, 
0.90781, 0.91439, 0.91056, 0.90893, 0.90375, 0.8945, 0.89899, 
0.90369, 0.90684, 0.90336, 0.90451, 0.90547, 0.90779, 0.90847, 
0.90827, 0.0572, 0.7611, 0.1798, 0.1484, 0.1596, 0.1431, 0.2521, 
2.6877, 7.0158, 0.192, 0.2108, 155.5, 144.3, 163.9, 158.1, 167.7, 
217.5, 204.9, 198.5, 202.6, 286, 318.1, 3, 15, 265, 634, 33, 
2210, 96, 304, 485, 501, 1632, 1940, 468, 83, 65, 340, 2, 79, 
46, 673, 200, 78, 100, 100, 100, 100, 100, 100, 100, 100, 100, 
100, 100, 2500, 2500, 2500, 2500, 2500, 2500, 2500, 2500, 2500, 
2500, 2500, 9637.79, 28727.918, 16846.183, 15093.06, 14545.521, 
12182.539, 13900.325, 61902.43, 163004.907, 15247.634, 46150.775, 
-0.01921, 12.64909, 7.36351, 3.05737, 1.99747, 0.05042, 14.2254, 
3.75071, 14.96374, -0.0479, -0.34828, -2.45968, -8.3191, -5.8637, 
-3.58959, 0.61049, -0.57473, -5.87316, -1.98172, -5.41545, -0.93217, 
0.34392, 0, 0, 0, 0, 0, 0, 0, 0, 0, 0, 0, 0, 0, 0, 0, 0, 0, 0, 
0, 0, 0, 0, 0.90376, 0.89934, 0.9045, 0.90573, 0.91057, 0.90602, 
0.90861, 0.90779, 0.91365, 0.91056, 0.90827, 0.90243, 0.8945, 
0.89899, 0.90269, 0.90588, 0.90512, 0.90448, 0.90311, 0.90779, 
0.90847, 0.90629, 0.0565, 0.8245, 0.1855, 0.1025, 0.1159, 0.1385, 
5.4163, 0.186, 7.6412, 0.1964, 0.2413, 147.6, 138.7, 164.4, 166.5, 
254.8, 256.5, 192.1, 221.2, 202.9, 285, 361.6, 781, 346, 1902, 
119, 173, 264, 211, 1055, 2129, 2219, 1809, 1, 6, 2, 21, 1, 6, 
1, 2, 3, 2, 1, 100, 100, 100, 100, 100, 100, 100, 100, 100, 100, 
100, 2500, 2500, 2500, 2500, 2500, 2500, 2500, 2500, 2500, 2500, 
2500, 10890.311, 11649.976, 12246.691, 13117.793, 13988.427, 
17592.908, 17997.992, 19255.027, 21000.146, 21792.5, 24368.192, 
1, 1, 1, 1, 1, 1, 1, 1, 1, 1, 1, 0.33333, 0.33333, 0.33333, 0.33333, 
0.33333, 0.33333, 0.33333, 0.33333, 0.33333, 0.33333, 0.33333, 
0, 0, 0, 0, 0, 0, 0, 0, 0, 0, 0, 0, 0, 0, 0, 0, 0, 0, 0, 0, 0, 
0, 0.8998, 0.89569, 0.90123, 0.90167, 0.90686, 0.90161, 0.90367, 
0.90391, 0.91072, 0.9071, 0.90564, 0.90112, 0.89455, 0.90012, 
0.90371, 0.90399, 0.90426, 0.90285, 0.90625, 0.90998, 0.9057, 
0.90959, 0.0586, 0.0729, 0.0823, 0.0925, 0.1022, 0.1284, 0.136, 
0.1522, 0.1604, 0.178, 0.1913, 158.7, 171.9, 183.1, 194.3, 197.8, 
233.1, 239.2, 242.6, 243.4, 261.5, 269.5, 1, 1, 1, 1, 1, 1, 1, 
1, 1, 1, 1, 1, 1, 1, 1, 1, 1, 1, 1, 1, 1, 1, 1, 1, 1, 1, 1, 1, 
1, 1, 1, 1, 1, 1, 1, 1, 1, 1, 1, 1, 1, 1, 1, 1, 3.087, 3.321, 
3.507, 3.519, 3.742, 3.864, 4.022, 5.235, 5.178, 5.458, 5.53), .Dim = c(11L, 
40L), .Dimnames = list(NULL, c("Sampling", "PSO.cost", "PSO.gamma", 
"PSO.data.balancing", "PSO.feature.selection", "PSO.valid.acc", 
"PSO.test.acc", "PSO.train.time", "PSO.n.support.vectors", "PSO.index", 
"PSO.n.solutions", "PSO.generations", "PSO.n.evaluations", "PSO.cpu.time", 
"RS.cost", "RS.gamma", "RS.data.balancing", "RS.feature.selection", 
"RS.valid.acc", "RS.test.acc", "RS.train.time", "RS.n.support.vectors", 
"RS.index", "RS.n.solutions", "RS.generations", "RS.n.evaluations", 
"RS.cpu.time", "DF.cost", "DF.gamma", "DF.data.balancing", "DF.feature.selection", 
"DF.valid.acc", "DF.test.acc", "DF.train.time", "DF.n.support.vectors", 
"DF.index", "DF.n.solutions", "DF.generations", "DF.n.evaluations", 
"DF.cpu.time")))
