full <-
structure(c(50, 55, 60, 65, 70, 75, 80, 85, 90, 95, 100, -0.74101, 
-0.24635, -0.98632, 1.00346, 14.73757, 9.61505, 11.17715, 6.30395, 
1.87398, -0.38477, -0.70697, -0.64667, 0.10904, -0.59174, -0.49479, 
-5.85858, -3.50618, -3.86476, -3.12402, -1.46011, -0.64929, -0.18272, 
0, 0, 0, 0, 0, 0, 0, 0, 0, 0, 0, 0, 0, 0, 0, 0, 0, 0, 0, 0, 0, 
0, 0.91561, 0.91261, 0.90888, 0.91075, 0.90967, 0.90952, 0.90695, 
0.91242, 0.91072, 0.91403, 0.91088, 0.91427, 0.91143, 0.90887, 
0.90972, 0.90592, 0.90425, 0.8987, 0.90312, 0.9049, 0.90848, 
0.90692, 0.0633, 0.0868, 0.0895, 0.1054, 3.5094, 0.4348, 0.895, 
0.2433, 0.1819, 0.1902, 0.2227, 174.5, 212.1, 204.8, 213.9, 165.5, 
184.1, 195.4, 201.8, 244.5, 288.6, 331.9, 35, 390, 375, 337, 
880, 895, 899, 1225, 922, 1479, 1697, 894, 356, 850, 115, 27, 
72, 198, 158, 84, 120, 102, 100, 100, 100, 100, 100, 100, 100, 
100, 100, 100, 100, 2500, 2500, 2500, 2500, 2500, 2500, 2500, 
2500, 2500, 2500, 2500, 8838.927, 15064.171, 12870.135, 12988.396, 
53821.423, 28010.563, 40003.81, 20552.783, 16935.941, 20517.093, 
17148.842, -0.63079, -0.50779, -0.96668, 14.90805, 8.2405, 10.03748, 
8.37508, 5.72514, 1.85134, -0.19136, 0.32179, -0.67282, -1.01825, 
-0.74641, -6.0108, -3.7068, -3.6477, -3.96016, -2.96932, -1.44263, 
-0.85011, -2.14347, 0, 0, 0, 0, 0, 0, 0, 0, 0, 0, 0, 0, 0, 0, 
0, 0, 0, 0, 0, 0, 0, 0, 0.91561, 0.91258, 0.90888, 0.91072, 0.90874, 
0.90952, 0.90533, 0.91164, 0.90999, 0.91195, 0.91023, 0.91427, 
0.91139, 0.90887, 0.91072, 0.90593, 0.90425, 0.90204, 0.90312, 
0.9049, 0.90919, 0.90692, 0.0616, 0.0752, 0.0889, 2.105, 0.2554, 
0.509, 0.3504, 0.2212, 0.1813, 0.1921, 0.1836, 173.3, 180.5, 
200.9, 146.4, 168.1, 184.3, 189.7, 202.8, 245.6, 281.7, 255.8, 
1450, 942, 495, 215, 1154, 1370, 2190, 71, 173, 1299, 1610, 4, 
5, 1, 2, 3, 1, 2, 2, 8, 1, 1, 100, 100, 100, 100, 100, 100, 100, 
100, 100, 100, 100, 2500, 2500, 2500, 2500, 2500, 2500, 2500, 
2500, 2500, 2500, 2500, 10449.803, 14738.396, 14810.451, 15658.121, 
16824.249, 18480.986, 19280.165, 20550.836, 20934.237, 22447.067, 
24283.805, 1, 1, 1, 1, 1, 1, 1, 1, 1, 1, 1, 0.33333, 0.33333, 
0.33333, 0.33333, 0.33333, 0.33333, 0.33333, 0.33333, 0.33333, 
0.33333, 0.33333, 0, 0, 0, 0, 0, 0, 0, 0, 0, 0, 0, 0, 0, 0, 0, 
0, 0, 0, 0, 0, 0, 0, 0.90906, 0.91258, 0.90449, 0.90672, 0.90501, 
0.90603, 0.90368, 0.90234, 0.90633, 0.90987, 0.90957, 0.91166, 
0.91139, 0.90668, 0.9067, 0.90501, 0.9052, 0.90368, 0.90388, 
0.91073, 0.90919, 0.9089, 0.0631, 0.0719, 0.0819, 0.092, 0.1089, 
0.1236, 0.1321, 0.1421, 0.1604, 0.1764, 0.1866, 146.3, 157.3, 
170.8, 180.3, 208.3, 221.9, 225.1, 240.9, 246.7, 254.8, 268.1, 
1, 1, 1, 1, 1, 1, 1, 1, 1, 1, 1, 1, 1, 1, 1, 1, 1, 1, 1, 1, 1, 
1, 1, 1, 1, 1, 1, 1, 1, 1, 1, 1, 1, 1, 1, 1, 1, 1, 1, 1, 1, 1, 
1, 1, 4.911, 4.882, 4.763, 4.876, 4.616, 5.033, 5.137, 4.576, 
5.124, 5.604, 5.442), .Dim = c(11L, 40L), .Dimnames = list(NULL, 
    c("Sampling", "PSO.cost", "PSO.gamma", "PSO.data.balancing", 
    "PSO.feature.selection", "PSO.valid.acc", "PSO.test.acc", 
    "PSO.train.time", "PSO.n.support.vectors", "PSO.index", "PSO.n.solutions", 
    "PSO.generations", "PSO.n.evaluations", "PSO.cpu.time", "RS.cost", 
    "RS.gamma", "RS.data.balancing", "RS.feature.selection", 
    "RS.valid.acc", "RS.test.acc", "RS.train.time", "RS.n.support.vectors", 
    "RS.index", "RS.n.solutions", "RS.generations", "RS.n.evaluations", 
    "RS.cpu.time", "DF.cost", "DF.gamma", "DF.data.balancing", 
    "DF.feature.selection", "DF.valid.acc", "DF.test.acc", "DF.train.time", 
    "DF.n.support.vectors", "DF.index", "DF.n.solutions", "DF.generations", 
    "DF.n.evaluations", "DF.cpu.time")))
