full <-
structure(c(50, 55, 60, 65, 70, 75, 80, 85, 90, 95, 100, 2.38613, 
3.69422, 2.78312, 15, 15, 11.94497, 6.72731, 15, 3.97205, 11.61606, 
12.15697, 0.26961, -1.13353, -1.2788, -6.40819, -5.8684, -4.18802, 
-2.84787, -5.78795, -1.17645, -4.45591, -4.58266, 0, 0, 0, 0, 
0, 0, 0, 0, 0, 0, 0, 0, 0, 0, 0, 0, 0, 0, 0, 0, 0, 0, 0.90783, 
0.90419, 0.90551, 0.90883, 0.90962, 0.90519, 0.90611, 0.91013, 
0.91364, 0.90987, 0.91024, 0.89734, 0.89578, 0.90114, 0.90376, 
0.90492, 0.89899, 0.902, 0.89771, 0.90926, 0.90917, 0.90431, 
0.0727, 0.0806, 0.0895, 3.5247, 4.7379, 1.2498, 0.2579, 6.0644, 
0.2058, 1.6795, 2.4653, 207.1, 161.4, 176.7, 157.7, 166.4, 184.1, 
203.5, 195.7, 246.9, 221.1, 227.8, 619, 1698, 1495, 1532, 180, 
342, 345, 752, 558, 179, 199, 48, 15, 43, 4, 24, 326, 98, 15, 
234, 155, 97, 100, 100, 100, 100, 100, 100, 100, 100, 100, 100, 
100, 2500, 2500, 2500, 2500, 2500, 2500, 2500, 2500, 2500, 2500, 
2500, 11827.322, 9420.738, 12755.242, 19079.517, 58231.96, 42440.619, 
17416.128, 63120.384, 15092.703, 85267.755, 93727.9730000001, 
9.52686, 3.4192, 3.25979, 3.122, 9.75147, 13.4831, 3.65022, 14.91335, 
3.34362, 13.62632, 14.44115, -2.45378, -1.18385, -1.5236, -1.33641, 
-4.13739, -4.72054, -1.50286, -5.67002, -1.01255, -4.99735, -4.94176, 
0, 0, 0, 0, 0, 0, 0, 0, 0, 0, 0, 0, 0, 0, 0, 0, 0, 0, 0, 0, 0, 
0, 0.90651, 0.90298, 0.90551, 0.90784, 0.90774, 0.90519, 0.90531, 
0.90858, 0.91219, 0.90918, 0.90959, 0.89732, 0.89338, 0.90224, 
0.9048, 0.90303, 0.89988, 0.902, 0.89771, 0.90852, 0.9071, 0.90429, 
0.1734, 0.0819, 0.091, 0.1069, 0.4743, 2.812, 0.1682, 6.5176, 
0.2036, 4.7758, 7.7994, 137.8, 163.2, 170.9, 188, 170.6, 182.1, 
220.2, 198.6, 252.1, 219.3, 229.2, 120, 848, 1478, 602, 1601, 
2274, 1749, 647, 1577, 2428, 541, 1, 5, 1, 1, 2, 2, 1, 1, 2, 
1, 1, 100, 100, 100, 100, 100, 100, 100, 100, 100, 100, 100, 
2500, 2500, 2500, 2500, 2500, 2500, 2500, 2500, 2500, 2500, 2500, 
10605.951, 11459.812, 12000.32, 13844.445, 16691.99, 18922.708, 
20507.949, 20667.409, 21926.725, 22706.33, 24902.865, 1, 1, 1, 
1, 1, 1, 1, 1, 1, 1, 1, 0.33333, 0.33333, 0.33333, 0.33333, 0.33333, 
0.33333, 0.33333, 0.33333, 0.33333, 0.33333, 0.33333, 0, 0, 0, 
0, 0, 0, 0, 0, 0, 0, 0, 0, 0, 0, 0, 0, 0, 0, 0, 0, 0, 0, 0.89327, 
0.89456, 0.89451, 0.89866, 0.90207, 0.89992, 0.90033, 0.9008, 
0.90558, 0.90639, 0.90693, 0.89721, 0.89336, 0.89675, 0.90168, 
0.90303, 0.89904, 0.90035, 0.90159, 0.90703, 0.90501, 0.90826, 
0.0605, 0.067, 0.0744, 0.0892, 0.1048, 0.1173, 0.1401, 0.1513, 
0.1637, 0.1767, 0.1882, 154.4, 166.8, 175, 194.2, 200.3, 217.2, 
230.1, 236.6, 248.7, 261.7, 273.3, 1, 1, 1, 1, 1, 1, 1, 1, 1, 
1, 1, 1, 1, 1, 1, 1, 1, 1, 1, 1, 1, 1, 1, 1, 1, 1, 1, 1, 1, 1, 
1, 1, 1, 1, 1, 1, 1, 1, 1, 1, 1, 1, 1, 1, 3.35, 3.212, 3.266, 
3.448, 4.526, 4.583, 5.11, 5.141, 5.204, 5.233, 5.335), .Dim = c(11L, 
40L), .Dimnames = list(NULL, c("Sampling", "PSO.cost", "PSO.gamma", 
"PSO.data.balancing", "PSO.feature.selection", "PSO.valid.acc", 
"PSO.test.acc", "PSO.train.time", "PSO.n.support.vectors", "PSO.index", 
"PSO.n.solutions", "PSO.generations", "PSO.n.evaluations", "PSO.cpu.time", 
"RS.cost", "RS.gamma", "RS.data.balancing", "RS.feature.selection", 
"RS.valid.acc", "RS.test.acc", "RS.train.time", "RS.n.support.vectors", 
"RS.index", "RS.n.solutions", "RS.generations", "RS.n.evaluations", 
"RS.cpu.time", "DF.cost", "DF.gamma", "DF.data.balancing", "DF.feature.selection", 
"DF.valid.acc", "DF.test.acc", "DF.train.time", "DF.n.support.vectors", 
"DF.index", "DF.n.solutions", "DF.generations", "DF.n.evaluations", 
"DF.cpu.time")))
