full <-
structure(c(50, 55, 60, 65, 70, 75, 80, 85, 90, 95, 100, 2.98032, 
1.5227, 0.78242, -0.17438, 1.41755, 1.30637, 12.79205, -0.51407, 
0.18234, 0.03808, 10.90144, -3.7142, -1.64504, -0.71651, -0.42292, 
-1.05923, -0.54323, -5.17245, -0.79942, -0.50542, -0.89424, -5.4355, 
0, 0, 0, 0, 0, 0, 0, 0, 0, 0, 0, 0, 0, 0, 0, 0, 0, 0, 0, 0, 0, 
0, 0.91706, 0.91849, 0.9121, 0.91487, 0.91251, 0.91485, 0.91601, 
0.91171, 0.91218, 0.91198, 0.91091, 0.91437, 0.91611, 0.90879, 
0.90978, 0.90682, 0.91045, 0.91106, 0.90863, 0.91362, 0.9092, 
0.90826, 0.0603, 0.0686, 0.0757, 0.0861, 0.1034, 0.1171, 2.074, 
0.1341, 0.1591, 0.1727, 1.4513, 127.2, 152.7, 183, 211.5, 202, 
231.1, 182.9, 259.5, 286.9, 282.9, 234.3, 850, 192, 743, 451, 
1055, 2236, 273, 284, 809, 1080, 490, 54, 174, 67, 363, 63, 1, 
219, 139, 384, 95, 25, 100, 100, 100, 100, 100, 100, 100, 100, 
100, 100, 100, 2500, 2500, 2500, 2500, 2500, 2500, 2500, 2500, 
2500, 2500, 2500, 9914.406, 9119.581, 9222.06, 8986.613, 14507.944, 
18068.599, 31114.258, 11599.474, 11761.115, 10118.323, 49580.447, 
0.13454, 1.27843, 0.40635, -0.10992, 1.09351, 1.47859, 8.55794, 
1.89386, 0.19081, 0.74411, 7.67091, -1.28236, -1.75237, -1.4142, 
-0.34499, -1.05087, -0.69673, -3.62184, -1.18112, -0.48749, 0.64026, 
-3.98095, 0, 0, 0, 0, 0, 0, 0, 0, 0, 0, 0, 0, 0, 0, 0, 0, 0, 
0, 0, 0, 0, 0, 0.91702, 0.9173, 0.91208, 0.91286, 0.91251, 0.91485, 
0.91601, 0.91171, 0.91218, 0.91127, 0.9109, 0.91436, 0.91492, 
0.90879, 0.90978, 0.90682, 0.91045, 0.90944, 0.90786, 0.91362, 
0.90851, 0.91024, 0.0514, 0.0677, 0.0713, 0.0895, 0.1013, 0.1182, 
0.3953, 0.1528, 0.1611, 0.1981, 0.4538, 147.2, 152.9, 168.5, 
215.3, 204.4, 226.3, 187.3, 239.4, 288.9, 356.3, 231.9, 443, 
187, 419, 578, 326, 354, 993, 754, 874, 1452, 918, 4, 9, 3, 3, 
4, 1, 4, 1, 1, 1, 5, 100, 100, 100, 100, 100, 100, 100, 100, 
100, 100, 100, 2500, 2500, 2500, 2500, 2500, 2500, 2500, 2500, 
2500, 2500, 2500, 9462.271, 10486.289, 10689.096, 11290.378, 
12099.97, 14272.658, 14302.319, 17285.403, 18942.681, 19448.609, 
20092.977, 1, 1, 1, 1, 1, 1, 1, 1, 1, 1, 1, 0.33333, 0.33333, 
0.33333, 0.33333, 0.33333, 0.33333, 0.33333, 0.33333, 0.33333, 
0.33333, 0.33333, 0, 0, 0, 0, 0, 0, 0, 0, 0, 0, 0, 0, 0, 0, 0, 
0, 0, 0, 0, 0, 0, 0, 0.91436, 0.91373, 0.90989, 0.91081, 0.90494, 
0.90956, 0.91192, 0.90935, 0.91214, 0.9099, 0.9063, 0.91306, 
0.91373, 0.9099, 0.90981, 0.90776, 0.90866, 0.91271, 0.90708, 
0.91215, 0.9085, 0.90695, 0.0534, 0.061, 0.0714, 0.0825, 0.0938, 
0.1067, 0.1133, 0.1269, 0.1427, 0.1562, 0.1643, 143.7, 156.7, 
167.1, 178.8, 196.6, 207.2, 215.8, 230.5, 251.3, 256.8, 270.5, 
1, 1, 1, 1, 1, 1, 1, 1, 1, 1, 1, 1, 1, 1, 1, 1, 1, 1, 1, 1, 1, 
1, 1, 1, 1, 1, 1, 1, 1, 1, 1, 1, 1, 1, 1, 1, 1, 1, 1, 1, 1, 1, 
1, 1, 2.891, 2.769, 3.026, 3.134, 3.208, 3.691, 3.223, 3.498, 
3.729, 3.749, 3.756), .Dim = c(11L, 40L), .Dimnames = list(NULL, 
    c("Sampling", "PSO.cost", "PSO.gamma", "PSO.data.balancing", 
    "PSO.feature.selection", "PSO.valid.acc", "PSO.test.acc", 
    "PSO.train.time", "PSO.n.support.vectors", "PSO.index", "PSO.n.solutions", 
    "PSO.generations", "PSO.n.evaluations", "PSO.cpu.time", "RS.cost", 
    "RS.gamma", "RS.data.balancing", "RS.feature.selection", 
    "RS.valid.acc", "RS.test.acc", "RS.train.time", "RS.n.support.vectors", 
    "RS.index", "RS.n.solutions", "RS.generations", "RS.n.evaluations", 
    "RS.cpu.time", "DF.cost", "DF.gamma", "DF.data.balancing", 
    "DF.feature.selection", "DF.valid.acc", "DF.test.acc", "DF.train.time", 
    "DF.n.support.vectors", "DF.index", "DF.n.solutions", "DF.generations", 
    "DF.n.evaluations", "DF.cpu.time")))
