full <-
structure(c(50, 55, 60, 65, 70, 75, 80, 85, 90, 95, 100, 11.75266, 
12.48611, 3.67794, 6.07219, 11.25847, 15, 8.2288, 15, 12.8443, 
9.02233, -0.11509, -6.30247, -7.93001, -2.57091, -3.40698, -3.70468, 
-5.45797, -3.67876, -5.11997, -7.33061, -4.2908, -0.03721, 0, 
0, 0, 0, 0, 0, 0, 0, 0, 0, 0, 0, 0, 0, 0, 0, 0, 0, 0, 0, 0, 0, 
0.91572, 0.91732, 0.91434, 0.91284, 0.90881, 0.90427, 0.90529, 
0.90626, 0.90557, 0.90638, 0.91156, 0.90913, 0.91014, 0.90882, 
0.90673, 0.90407, 0.90166, 0.89787, 0.90391, 0.90118, 0.90154, 
0.91024, 0.2994, 0.2288, 0.0928, 0.1439, 0.8288, 4.8551, 0.3413, 
6.499, 1.8513, 0.6708, 0.222, 109.9, 106.9, 155.5, 161.3, 179.8, 
178.9, 192.9, 200, 200.6, 221, 336.5, 188, 151, 679, 1416, 411, 
118, 328, 2206, 1067, 265, 2158, 208, 271, 386, 65, 27, 222, 
112, 1, 82, 164, 3, 100, 100, 100, 100, 100, 100, 100, 100, 100, 
100, 100, 2500, 2500, 2500, 2500, 2500, 2500, 2500, 2500, 2500, 
2500, 2500, 12976.334, 13207.608, 10232.538, 12505.046, 37256.112, 
79125.885, 18382.618, 108492.127, 42070.8, 29648.236, 43519.948, 
5.39514, 11.91506, 3.60602, 5.74035, 10.92897, 10.69916, 7.19288, 
1.27958, 12.60752, 0.42633, -0.03234, -4.86949, -7.84449, -2.46937, 
-3.14835, -3.54919, -4.16885, -3.42815, 0.95014, -7.27758, 1.50455, 
-0.10114, 0, 0, 0, 0, 0, 0, 0, 0, 0, 0, 0, 0, 0, 0, 0, 0, 0, 
0, 0, 0, 0, 0, 0.917, 0.91729, 0.91324, 0.91184, 0.90788, 0.90338, 
0.90447, 0.90704, 0.90557, 0.90639, 0.91156, 0.91309, 0.91014, 
0.90882, 0.90879, 0.90407, 0.90165, 0.89951, 0.90394, 0.90118, 
0.90221, 0.91091, 0.0706, 0.1666, 0.0929, 0.1385, 0.6977, 0.707, 
0.2629, 0.1972, 1.5483, 0.2962, 0.22, 110, 104.7, 155.7, 164.9, 
180.7, 182.4, 192.8, 364.7, 201, 485.4, 334.1, 719, 1492, 1474, 
1752, 417, 2138, 54, 780, 1075, 1366, 318, 1, 2, 1, 2, 1, 3, 
4, 1, 1, 1, 2, 100, 100, 100, 100, 100, 100, 100, 100, 100, 100, 
100, 2500, 2500, 2500, 2500, 2500, 2500, 2500, 2500, 2500, 2500, 
2500, 10037.863, 10803.921, 10874.444, 13149.241, 13320.565, 
14140.583, 15641.904, 15913.863, 20304.365, 20490.983, 20757.8520000001, 
1, 1, 1, 1, 1, 1, 1, 1, 1, 1, 1, 0.33333, 0.33333, 0.33333, 0.33333, 
0.33333, 0.33333, 0.33333, 0.33333, 0.33333, 0.33333, 0.33333, 
0, 0, 0, 0, 0, 0, 0, 0, 0, 0, 0, 0, 0, 0, 0, 0, 0, 0, 0, 0, 0, 
0, 0.91178, 0.91016, 0.90774, 0.90577, 0.90313, 0.89812, 0.90199, 
0.90006, 0.899, 0.90155, 0.90827, 0.91178, 0.91495, 0.90771, 
0.90674, 0.90403, 0.89636, 0.89705, 0.90162, 0.8997, 0.90361, 
0.90826, 0.0567, 0.0655, 0.075, 0.0889, 0.1025, 0.1115, 0.1215, 
0.1354, 0.1619, 0.1721, 0.1856, 141.3, 153.8, 165.4, 189.1, 197.4, 
212.1, 223.5, 234.1, 254.6, 261.5, 268.4, 1, 1, 1, 1, 1, 1, 1, 
1, 1, 1, 1, 1, 1, 1, 1, 1, 1, 1, 1, 1, 1, 1, 1, 1, 1, 1, 1, 1, 
1, 1, 1, 1, 1, 1, 1, 1, 1, 1, 1, 1, 1, 1, 1, 1, 3.398, 3.469, 
3.437, 3.531, 3.654, 3.76, 3.724, 3.829, 4.428, 4.459, 4.597), .Dim = c(11L, 
40L), .Dimnames = list(NULL, c("Sampling", "PSO.cost", "PSO.gamma", 
"PSO.data.balancing", "PSO.feature.selection", "PSO.valid.acc", 
"PSO.test.acc", "PSO.train.time", "PSO.n.support.vectors", "PSO.index", 
"PSO.n.solutions", "PSO.generations", "PSO.n.evaluations", "PSO.cpu.time", 
"RS.cost", "RS.gamma", "RS.data.balancing", "RS.feature.selection", 
"RS.valid.acc", "RS.test.acc", "RS.train.time", "RS.n.support.vectors", 
"RS.index", "RS.n.solutions", "RS.generations", "RS.n.evaluations", 
"RS.cpu.time", "DF.cost", "DF.gamma", "DF.data.balancing", "DF.feature.selection", 
"DF.valid.acc", "DF.test.acc", "DF.train.time", "DF.n.support.vectors", 
"DF.index", "DF.n.solutions", "DF.generations", "DF.n.evaluations", 
"DF.cpu.time")))
