full <-
structure(c(50, 55, 60, 65, 70, 75, 80, 85, 90, 95, 100, 0.99532, 
2.35917, 15, 1.26019, 0.93776, 12.519, 0.23229, 2.42436, 13.12974, 
-0.32779, 12.13743, -0.97448, -1.46376, -7.43792, -2.14552, -1.14676, 
-10.39839, -1.13884, 0.34967, -5.12338, -0.43746, -7.25503, 0, 
0, 0, 0, 0, 0, 0, 0, 0, 0, 0, 0, 0, 0, 0, 0, 0, 0, 0, 0, 0, 0, 
0.90913, 0.91137, 0.90667, 0.91079, 0.91341, 0.91128, 0.9128, 
0.91165, 0.90923, 0.91333, 0.90897, 0.9038, 0.91018, 0.90337, 
0.90571, 0.91246, 0.90866, 0.9095, 0.90546, 0.90702, 0.91262, 
0.90697, 0.0659, 0.0711, 1.2225, 0.0902, 0.1158, 0.7061, 0.1338, 
0.1519, 3.0346, 0.1951, 1.2259, 162.7, 155.2, 133.2, 179.8, 210.2, 
165.7, 237.5, 279.8, 209.2, 303.3, 208.3, 37, 1469, 340, 632, 
107, 3, 474, 1021, 1164, 1250, 397, 350, 66, 77, 111, 268, 750, 
126, 154, 31, 125, 223, 100, 100, 100, 100, 100, 100, 100, 100, 
100, 100, 100, 2500, 2500, 2500, 2500, 2500, 2500, 2500, 2500, 
2500, 2500, 2500, 8786.742, 8910.755, 25736.886, 9278.47199999999, 
11091.872, 21782.621, 9989.06100000002, 12795.899, 85551.255, 
15326.378, 40366.835, 1.51233, 2.48315, 1.86433, 2.34991, 1.48871, 
7.19559, -0.55903, 2.6044, 2.16474, 2.37682, 10.69069, -1.27648, 
-1.39388, -1.29267, -2.49967, -1.3345, -7.42492, -0.41669, -0.00132, 
0.00053, -2.39333, -6.6361, 0, 0, 0, 0, 0, 0, 0, 0, 0, 0, 0, 
0, 0, 0, 0, 0, 0, 0, 0, 0, 0, 0, 0.90913, 0.91019, 0.90664, 0.90876, 
0.91341, 0.91128, 0.91279, 0.91087, 0.9085, 0.91264, 0.90897, 
0.90382, 0.90898, 0.90225, 0.9047, 0.91057, 0.90866, 0.90868, 
0.91007, 0.90629, 0.90848, 0.90763, 0.0628, 0.0755, 0.0896, 0.0975, 
0.1129, 0.2856, 0.1332, 0.1519, 0.1719, 0.1793, 0.7729, 154.8, 
155, 175.7, 168.1, 202.8, 287.4, 264.2, 259.3, 273.8, 233, 213.8, 
962, 548, 2291, 1431, 1271, 17, 965, 790, 1907, 519, 686, 1, 
6, 1, 2, 1, 121, 1, 1, 2, 1, 2, 100, 100, 100, 100, 100, 100, 
100, 100, 100, 100, 100, 2500, 2500, 2500, 2500, 2500, 2500, 
2500, 2500, 2500, 2500, 2500, 9721.243, 10454.073, 11256.084, 
12399.018, 13222.661, 15350.717, 15661.022, 16678.308, 17850.063, 
20116.357, 21952.022, 1, 1, 1, 1, 1, 1, 1, 1, 1, 1, 1, 0.33333, 
0.33333, 0.33333, 0.33333, 0.33333, 0.33333, 0.33333, 0.33333, 
0.33333, 0.33333, 0.33333, 0, 0, 0, 0, 0, 0, 0, 0, 0, 0, 0, 0, 
0, 0, 0, 0, 0, 0, 0, 0, 0, 0, 0.90378, 0.9089, 0.90337, 0.90263, 
0.90966, 0.90692, 0.91031, 0.90779, 0.90484, 0.91193, 0.90763, 
0.90118, 0.91013, 0.90562, 0.90569, 0.91057, 0.90605, 0.90867, 
0.90856, 0.90775, 0.90778, 0.90829, 0.0601, 0.0706, 0.0829, 0.0929, 
0.0986, 0.1083, 0.1218, 0.1348, 0.1608, 0.1648, 0.1853, 151.9, 
163.4, 176.6, 190.5, 195.1, 206.8, 224, 231.9, 249.1, 256.6, 
270.5, 1, 1, 1, 1, 1, 1, 1, 1, 1, 1, 1, 1, 1, 1, 1, 1, 1, 1, 
1, 1, 1, 1, 1, 1, 1, 1, 1, 1, 1, 1, 1, 1, 1, 1, 1, 1, 1, 1, 1, 
1, 1, 1, 1, 1, 3.261, 3.291, 3.446, 3.633, 3.659, 3.562, 3.744, 
3.845, 4.27, 4.06, 4.42), .Dim = c(11L, 40L), .Dimnames = list(
    NULL, c("Sampling", "PSO.cost", "PSO.gamma", "PSO.data.balancing", 
    "PSO.feature.selection", "PSO.valid.acc", "PSO.test.acc", 
    "PSO.train.time", "PSO.n.support.vectors", "PSO.index", "PSO.n.solutions", 
    "PSO.generations", "PSO.n.evaluations", "PSO.cpu.time", "RS.cost", 
    "RS.gamma", "RS.data.balancing", "RS.feature.selection", 
    "RS.valid.acc", "RS.test.acc", "RS.train.time", "RS.n.support.vectors", 
    "RS.index", "RS.n.solutions", "RS.generations", "RS.n.evaluations", 
    "RS.cpu.time", "DF.cost", "DF.gamma", "DF.data.balancing", 
    "DF.feature.selection", "DF.valid.acc", "DF.test.acc", "DF.train.time", 
    "DF.n.support.vectors", "DF.index", "DF.n.solutions", "DF.generations", 
    "DF.n.evaluations", "DF.cpu.time")))
