full <-
structure(c(50, 55, 60, 65, 70, 75, 80, 85, 90, 95, 100, -0.05981, 
-0.58146, 11.96846, 13.10421, 0.75029, 15, 2.81655, 1.54814, 
0.51158, -0.47834, -0.01424, 0.06844, -1.11843, -10.89466, -4.48551, 
0.36023, -4.99414, -0.92632, -0.19281, -0.83018, -0.76085, -0.86939, 
0, 0, 0, 0, 0, 0, 0, 0, 0, 0, 0, 0, 0, 0, 0, 0, 0, 0, 0, 0, 0, 
0, 0.91829, 0.91385, 0.91326, 0.90876, 0.91438, 0.91043, 0.91266, 
0.91165, 0.91146, 0.9085, 0.90894, 0.91564, 0.90903, 0.90884, 
0.90168, 0.91059, 0.90601, 0.91429, 0.90541, 0.90857, 0.90297, 
0.90628, 0.0668, 0.0664, 0.2065, 1.114, 0.1295, 3.7051, 0.1262, 
0.1459, 0.1653, 0.1913, 0.2059, 184.6, 159.4, 128.8, 156, 265.8, 
170.3, 202.1, 256, 265.8, 292.2, 301.5, 1146, 1837, 44, 335, 
2462, 1084, 690, 826, 481, 2098, 309, 80, 5, 375, 196, 1, 11, 
225, 68, 760, 11, 79, 100, 100, 100, 100, 100, 100, 100, 100, 
100, 100, 100, 2500, 2500, 2500, 2500, 2500, 2500, 2500, 2500, 
2500, 2500, 2500, 8492.032, 9906.715, 11248.082, 38886.318, 15907.733, 
53923.509, 10544.693, 10256.393, 10727.104, 14419.624, 31356.046, 
-0.13892, -0.63577, 1.12374, -0.06259, 0.91062, 1.86839, -0.08922, 
1.40188, 0.44723, -0.35569, 0.33276, 0.29445, -0.96283, 1.11952, 
-0.21794, 0.12643, -0.88899, -0.63752, -0.33653, -0.53313, -1.25664, 
-1.82642, 0, 0, 0, 0, 0, 0, 0, 0, 0, 0, 0, 0, 0, 0, 0, 0, 0, 
0, 0, 0, 0, 0, 0.91695, 0.91385, 0.91428, 0.90876, 0.91342, 0.91039, 
0.91266, 0.91088, 0.91073, 0.9078, 0.90894, 0.91564, 0.90783, 
0.90772, 0.90472, 0.9087, 0.90602, 0.91103, 0.9062, 0.9093, 0.90435, 
0.90562, 0.0696, 0.0675, 0.1253, 0.0979, 0.1211, 0.126, 0.1224, 
0.1529, 0.1807, 0.1776, 0.1868, 199, 164.2, 297.4, 223.7, 248.3, 
210.7, 235.6, 252.2, 277, 272.9, 263.9, 1035, 236, 104, 1228, 
2382, 641, 129, 456, 546, 1744, 1430, 1, 2, 1, 2, 1, 1, 2, 3, 
1, 1, 1, 100, 100, 100, 100, 100, 100, 100, 100, 100, 100, 100, 
2500, 2500, 2500, 2500, 2500, 2500, 2500, 2500, 2500, 2500, 2500, 
9508.898, 10219.049, 10407.038, 11274.726, 11954.675, 12597.249, 
13409.754, 15183.577, 16864.348, 18280.977, 21533.452, 1, 1, 
1, 1, 1, 1, 1, 1, 1, 1, 1, 0.33333, 0.33333, 0.33333, 0.33333, 
0.33333, 0.33333, 0.33333, 0.33333, 0.33333, 0.33333, 0.33333, 
0, 0, 0, 0, 0, 0, 0, 0, 0, 0, 0, 0, 0, 0, 0, 0, 0, 0, 0, 0, 0, 
0, 0.91566, 0.91261, 0.91212, 0.90671, 0.90864, 0.90338, 0.90938, 
0.90623, 0.90707, 0.90433, 0.90761, 0.91564, 0.91018, 0.90884, 
0.90671, 0.90962, 0.90865, 0.91186, 0.90699, 0.90637, 0.90503, 
0.90562, 0.05, 0.0624, 0.0728, 0.0851, 0.094, 0.1017, 0.1145, 
0.1377, 0.1523, 0.1727, 0.1909, 131.5, 150.4, 157.6, 179.5, 188.3, 
195.3, 206.7, 227.3, 242.4, 262.5, 272.4, 1, 1, 1, 1, 1, 1, 1, 
1, 1, 1, 1, 1, 1, 1, 1, 1, 1, 1, 1, 1, 1, 1, 1, 1, 1, 1, 1, 1, 
1, 1, 1, 1, 1, 1, 1, 1, 1, 1, 1, 1, 1, 1, 1, 1, 2.96, 3.17, 3.356, 
3.456, 3.466, 3.412, 3.529, 3.968, 3.949, 4.18, 4.444), .Dim = c(11L, 
40L), .Dimnames = list(NULL, c("Sampling", "PSO.cost", "PSO.gamma", 
"PSO.data.balancing", "PSO.feature.selection", "PSO.valid.acc", 
"PSO.test.acc", "PSO.train.time", "PSO.n.support.vectors", "PSO.index", 
"PSO.n.solutions", "PSO.generations", "PSO.n.evaluations", "PSO.cpu.time", 
"RS.cost", "RS.gamma", "RS.data.balancing", "RS.feature.selection", 
"RS.valid.acc", "RS.test.acc", "RS.train.time", "RS.n.support.vectors", 
"RS.index", "RS.n.solutions", "RS.generations", "RS.n.evaluations", 
"RS.cpu.time", "DF.cost", "DF.gamma", "DF.data.balancing", "DF.feature.selection", 
"DF.valid.acc", "DF.test.acc", "DF.train.time", "DF.n.support.vectors", 
"DF.index", "DF.n.solutions", "DF.generations", "DF.n.evaluations", 
"DF.cpu.time")))
