full <-
structure(c(50, 55, 60, 65, 70, 75, 80, 85, 90, 95, 100, 9.63579, 
13.80376, 3.44777, 13.27765, 4.97314, 15, 4.63845, 11.03632, 
-0.20533, 1.08423, 12.71387, -6.9796, -9.84878, -5.6637, -7.30334, 
-2.62891, -7.93963, -3.99032, -8.42878, -2.03656, -0.63576, -4.84913, 
0, 0, 0, 0, 0, 0, 0, 0, 0, 0, 0, 0, 0, 0, 0, 0, 0, 0, 0, 0, 0, 
0, 0.8985, 0.89821, 0.90113, 0.8966, 0.89644, 0.89727, 0.90289, 
0.90081, 0.9078, 0.90989, 0.91088, 0.89454, 0.89101, 0.89564, 
0.8905, 0.89365, 0.89726, 0.89957, 0.90004, 0.90118, 0.90572, 
0.90429, 0.1505, 0.3512, 0.086, 0.8881, 0.1674, 2.5326, 0.208, 
0.8783, 0.1711, 0.2195, 3.3722, 116.2, 119.9, 154.4, 151.2, 192.1, 
168.6, 202.5, 208.5, 249.8, 294.8, 228.6, 1099, 540, 303, 271, 
1470, 640, 1426, 69, 798, 203, 745, 27, 23, 485, 357, 20, 35, 
42, 234, 134, 260, 153, 100, 100, 100, 100, 100, 100, 100, 100, 
100, 100, 100, 2500, 2500, 2500, 2500, 2500, 2500, 2500, 2500, 
2500, 2500, 2500, 12270.397, 16128.772, 9793.246, 28297.382, 
12684.193, 62562.517, 41627.505, 31429.087, 13711.735, 17470.26, 
78631.111, 14.14563, 14.9544, 2.44954, 0.11184, 4.92796, -0.39925, 
2.31743, 0.94277, 0.04441, -0.11278, 13.02192, -7.19943, -10.33963, 
-5.10298, -0.65473, -2.60656, 0.02547, -1.12459, 1.25507, -2.20331, 
-0.02325, -5.02809, 0, 0, 0, 0, 0, 0, 0, 0, 0, 0, 0, 0, 0, 0, 
0, 0, 0, 0, 0, 0, 0, 0, 0.89847, 0.89702, 0.90113, 0.89661, 0.89644, 
0.89812, 0.90293, 0.90391, 0.90634, 0.90919, 0.91088, 0.89189, 
0.8922, 0.89564, 0.89759, 0.89365, 0.8946, 0.89633, 0.90081, 
0.90118, 0.90642, 0.90495, 0.8359, 0.3822, 0.0824, 0.107, 0.1671, 
0.153, 0.1589, 0.2338, 0.1635, 0.215, 3.9385, 121.1, 118.3, 154, 
217.4, 192.2, 282.1, 223.2, 410.2, 248.2, 325.5, 229.1, 2036, 
154, 341, 2447, 987, 1941, 965, 1110, 1267, 152, 1514, 1, 2, 
3, 1, 1, 2, 1, 1, 2, 4, 1, 100, 100, 100, 100, 100, 100, 100, 
100, 100, 100, 100, 2500, 2500, 2500, 2500, 2500, 2500, 2500, 
2500, 2500, 2500, 2500, 10534.938, 11622.438, 12420.708, 12915.565, 
16996.588, 19099.983, 18824.349, 22137.443, 22258.123, 23611.275, 
25180.425, 1, 1, 1, 1, 1, 1, 1, 1, 1, 1, 1, 0.33333, 0.33333, 
0.33333, 0.33333, 0.33333, 0.33333, 0.33333, 0.33333, 0.33333, 
0.33333, 0.33333, 0, 0, 0, 0, 0, 0, 0, 0, 0, 0, 0, 0, 0, 0, 0, 
0, 0, 0, 0, 0, 0, 0, 0.8919, 0.89221, 0.89125, 0.89353, 0.89455, 
0.8955, 0.89709, 0.89693, 0.90487, 0.90919, 0.90826, 0.89189, 
0.891, 0.89124, 0.89352, 0.89547, 0.8946, 0.90038, 0.89928, 0.90266, 
0.90571, 0.90628, 0.0623, 0.0752, 0.0871, 0.0943, 0.1176, 0.137, 
0.1386, 0.1704, 0.1773, 0.1868, 0.1982, 152.3, 170.4, 182.4, 
193.6, 214.4, 221.6, 235.1, 247.8, 262.2, 263, 269.6, 1, 1, 1, 
1, 1, 1, 1, 1, 1, 1, 1, 1, 1, 1, 1, 1, 1, 1, 1, 1, 1, 1, 1, 1, 
1, 1, 1, 1, 1, 1, 1, 1, 1, 1, 1, 1, 1, 1, 1, 1, 1, 1, 1, 1, 3.549, 
3.609, 3.68, 3.641, 4.581, 4.96, 4.637, 5.482, 5.091, 5.089, 
5.229), .Dim = c(11L, 40L), .Dimnames = list(NULL, c("Sampling", 
"PSO.cost", "PSO.gamma", "PSO.data.balancing", "PSO.feature.selection", 
"PSO.valid.acc", "PSO.test.acc", "PSO.train.time", "PSO.n.support.vectors", 
"PSO.index", "PSO.n.solutions", "PSO.generations", "PSO.n.evaluations", 
"PSO.cpu.time", "RS.cost", "RS.gamma", "RS.data.balancing", "RS.feature.selection", 
"RS.valid.acc", "RS.test.acc", "RS.train.time", "RS.n.support.vectors", 
"RS.index", "RS.n.solutions", "RS.generations", "RS.n.evaluations", 
"RS.cpu.time", "DF.cost", "DF.gamma", "DF.data.balancing", "DF.feature.selection", 
"DF.valid.acc", "DF.test.acc", "DF.train.time", "DF.n.support.vectors", 
"DF.index", "DF.n.solutions", "DF.generations", "DF.n.evaluations", 
"DF.cpu.time")))
