full <-
structure(c(50, 55, 60, 65, 70, 75, 80, 85, 90, 95, 100, 15, 
0.32648, 11.82304, 15, 15, 5.10714, 11.69838, 7.00085, 10.46717, 
0.70151, 2.26197, -10.11222, -0.74753, -4.51863, -6.55212, -6.62606, 
-2.33954, -6.2593, -3.50107, -3.9419, -0.68416, 0.58247, 0, 0, 
0, 0, 0, 0, 0, 0, 0, 0, 0, 0, 0, 0, 0, 0, 0, 0, 0, 0, 0, 0, 0.91439, 
0.91498, 0.91762, 0.91484, 0.91057, 0.91213, 0.91354, 0.91323, 
0.91144, 0.91128, 0.90964, 0.90778, 0.9102, 0.91768, 0.91077, 
0.91151, 0.90602, 0.90781, 0.90702, 0.9063, 0.90987, 0.90698, 
0.1627, 0.0676, 0.5566, 2.583, 2.6286, 0.1472, 0.7042, 0.2605, 
0.8848, 0.1812, 0.1974, 95.7, 176.1, 145.9, 149.4, 153.9, 188.4, 
166.8, 204.8, 209.8, 289.4, 335.3, 175, 445, 1265, 299, 128, 
222, 320, 425, 476, 2182, 554, 211, 522, 35, 244, 83, 176, 276, 
226, 201, 2, 35, 100, 100, 100, 100, 100, 100, 100, 100, 100, 
100, 100, 2500, 2500, 2500, 2500, 2500, 2500, 2500, 2500, 2500, 
2500, 2500, 9318.849, 8462.587, 14476.026, 50816.282, 49558.069, 
13136.222, 26151.037, 20050.195, 35474.535, 38743.756, 19610.856, 
14.64343, -0.32178, 12.07206, 10.88272, 0.97117, 3.75826, 10.75681, 
7.87215, 10.5344, 0.68988, -0.29716, -10.07996, -0.78784, -4.59649, 
-5.12905, 1.01262, -1.92606, -5.84063, -3.87536, -3.96007, -0.60774, 
0.05463, 0, 0, 0, 0, 0, 0, 0, 0, 0, 0, 0, 0, 0, 0, 0, 0, 0, 0, 
0, 0, 0, 0, 0.91439, 0.91498, 0.91762, 0.91383, 0.91244, 0.91213, 
0.91273, 0.91323, 0.91144, 0.91128, 0.90828, 0.90913, 0.90781, 
0.91768, 0.90975, 0.91058, 0.90602, 0.90781, 0.90624, 0.9063, 
0.90987, 0.90695, 0.1402, 0.0646, 0.6308, 0.5191, 0.1396, 0.1279, 
0.548, 0.3408, 0.8875, 0.1793, 0.2069, 95.2, 174.9, 145.9, 152.7, 
319.6, 194.7, 168.7, 203.7, 209.2, 292.5, 342.5, 631, 2216, 2097, 
423, 152, 508, 61, 470, 1973, 685, 1740, 4, 1, 1, 3, 3, 1, 1, 
1, 1, 1, 1, 100, 100, 100, 100, 100, 100, 100, 100, 100, 100, 
100, 2500, 2500, 2500, 2500, 2500, 2500, 2500, 2500, 2500, 2500, 
2500, 8617.961, 9325.533, 10080.376, 11072.887, 12214.377, 12538.614, 
12649.615, 15573.968, 16209.491, 17904.766, 20310.789, 1, 1, 
1, 1, 1, 1, 1, 1, 1, 1, 1, 0.33333, 0.33333, 0.33333, 0.33333, 
0.33333, 0.33333, 0.33333, 0.33333, 0.33333, 0.33333, 0.33333, 
0, 0, 0, 0, 0, 0, 0, 0, 0, 0, 0, 0, 0, 0, 0, 0, 0, 0, 0, 0, 0, 
0, 0.90776, 0.91016, 0.91111, 0.90772, 0.90868, 0.90953, 0.90862, 
0.90703, 0.90778, 0.90573, 0.9076, 0.90648, 0.90776, 0.91327, 
0.91076, 0.91057, 0.90691, 0.90863, 0.90393, 0.90851, 0.90919, 
0.90761, 0.0531, 0.0605, 0.0716, 0.0799, 0.0925, 0.0961, 0.1141, 
0.1266, 0.1401, 0.1467, 0.1716, 144.4, 153.4, 167.9, 179.9, 191.5, 
205.7, 218.3, 231.1, 247.4, 253, 272.9, 1, 1, 1, 1, 1, 1, 1, 
1, 1, 1, 1, 1, 1, 1, 1, 1, 1, 1, 1, 1, 1, 1, 1, 1, 1, 1, 1, 1, 
1, 1, 1, 1, 1, 1, 1, 1, 1, 1, 1, 1, 1, 1, 1, 1, 2.987, 2.861, 
3.239, 3.217, 3.479, 3.079, 3.413, 3.565, 3.516, 3.649, 4.085
), .Dim = c(11L, 40L), .Dimnames = list(NULL, c("Sampling", "PSO.cost", 
"PSO.gamma", "PSO.data.balancing", "PSO.feature.selection", "PSO.valid.acc", 
"PSO.test.acc", "PSO.train.time", "PSO.n.support.vectors", "PSO.index", 
"PSO.n.solutions", "PSO.generations", "PSO.n.evaluations", "PSO.cpu.time", 
"RS.cost", "RS.gamma", "RS.data.balancing", "RS.feature.selection", 
"RS.valid.acc", "RS.test.acc", "RS.train.time", "RS.n.support.vectors", 
"RS.index", "RS.n.solutions", "RS.generations", "RS.n.evaluations", 
"RS.cpu.time", "DF.cost", "DF.gamma", "DF.data.balancing", "DF.feature.selection", 
"DF.valid.acc", "DF.test.acc", "DF.train.time", "DF.n.support.vectors", 
"DF.index", "DF.n.solutions", "DF.generations", "DF.n.evaluations", 
"DF.cpu.time")))
