full <-
structure(c(50, 55, 60, 65, 70, 75, 80, 85, 90, 95, 100, 6.44828, 
11.04516, 9.24681, 1.60947, 2.96311, 0.13436, 0.41358, 0.80216, 
-0.21694, 14.72669, 15, -3.48276, -7.23639, -4.65348, -1.23919, 
-1.53017, -1.3888, 1.52186, -0.73764, 0.43883, -5.23751, -6.79324, 
0, 0, 0, 0, 0, 0, 0, 0, 0, 0, 0, 0, 0, 0, 0, 0, 0, 0, 0, 0, 0, 
0, 0.91436, 0.91129, 0.90666, 0.91079, 0.9116, 0.913, 0.9094, 
0.90933, 0.91509, 0.9099, 0.90896, 0.91169, 0.90528, 0.89677, 
0.90981, 0.91156, 0.9121, 0.90696, 0.90778, 0.91071, 0.90711, 
0.90499, 0.0954, 0.1969, 0.2533, 0.1006, 0.1174, 0.1172, 0.2265, 
0.1574, 0.1941, 7.4791, 6.5049, 130.9, 118.3, 148.1, 190.9, 193.8, 
219.2, 429.9, 259.9, 336.8, 216.7, 213.7, 2038, 239, 537, 443, 
1708, 1031, 635, 516, 1416, 1279, 1526, 16, 358, 168, 264, 1, 
278, 36, 42, 164, 4, 1, 100, 100, 100, 100, 100, 100, 100, 100, 
100, 100, 100, 2500, 2500, 2500, 2500, 2500, 2500, 2500, 2500, 
2500, 2500, 2500, 14574.103, 11387.723, 15311.246, 9557.925, 
10142.847, 10824.016, 34213.178, 57411.115, 16569.675, 78118.246, 
108116.823, 5.47528, 1.96282, 5.24916, 1.75704, 2.19604, 0.90547, 
0.50186, 0.10404, -0.03871, 7.61583, 7.36625, -2.9422, -1.13641, 
-1.59797, -1.60585, -1.21818, -1.73958, -0.54026, 1.12514, 0.13727, 
-3.16415, -4.51782, 0, 0, 0, 0, 0, 0, 0, 0, 0, 0, 0, 0, 0, 0, 
0, 0, 0, 0, 0, 0, 0, 0, 0.91436, 0.91248, 0.90664, 0.91079, 0.91159, 
0.91212, 0.90938, 0.91017, 0.91288, 0.9092, 0.9083, 0.91169, 
0.90647, 0.90114, 0.90879, 0.91062, 0.91123, 0.90444, 0.91014, 
0.90996, 0.90433, 0.90629, 0.0817, 0.0741, 0.0993, 0.0986, 0.1085, 
0.1226, 0.139, 0.2117, 0.1947, 0.3983, 0.4429, 132.4, 164.9, 
158.7, 183.8, 201.5, 212.5, 250.5, 386.4, 311.4, 227, 231.3, 
2457, 1375, 1065, 1654, 1994, 1425, 432, 182, 799, 1664, 136, 
1, 1, 1, 1, 1, 3, 1, 2, 1, 1, 11, 100, 100, 100, 100, 100, 100, 
100, 100, 100, 100, 100, 2500, 2500, 2500, 2500, 2500, 2500, 
2500, 2500, 2500, 2500, 2500, 10045.533, 10291.379, 11827.478, 
11946.168, 12676.263, 13271.254, 14786.739, 18247.188, 19689.61, 
21264.097, 22951.751, 1, 1, 1, 1, 1, 1, 1, 1, 1, 1, 1, 0.33333, 
0.33333, 0.33333, 0.33333, 0.33333, 0.33333, 0.33333, 0.33333, 
0.33333, 0.33333, 0.33333, 0, 0, 0, 0, 0, 0, 0, 0, 0, 0, 0, 0, 
0, 0, 0, 0, 0, 0, 0, 0, 0, 0, 0.90641, 0.90529, 0.89458, 0.90063, 
0.90498, 0.91126, 0.90611, 0.90705, 0.90849, 0.90642, 0.90498, 
0.90382, 0.90528, 0.89786, 0.90068, 0.90498, 0.9121, 0.90448, 
0.90626, 0.91071, 0.90712, 0.90564, 0.0583, 0.0672, 0.0739, 0.0902, 
0.0957, 0.1098, 0.1229, 0.1409, 0.1487, 0.178, 0.1966, 149.6, 
156.1, 173, 186.6, 196.1, 212.9, 225.4, 237.5, 241, 259.2, 272.7, 
1, 1, 1, 1, 1, 1, 1, 1, 1, 1, 1, 1, 1, 1, 1, 1, 1, 1, 1, 1, 1, 
1, 1, 1, 1, 1, 1, 1, 1, 1, 1, 1, 1, 1, 1, 1, 1, 1, 1, 1, 1, 1, 
1, 1, 3.048, 3.359, 3.2, 3.565, 3.421, 3.504, 3.683, 4.573, 4.572, 
4.997, 5.343), .Dim = c(11L, 40L), .Dimnames = list(NULL, c("Sampling", 
"PSO.cost", "PSO.gamma", "PSO.data.balancing", "PSO.feature.selection", 
"PSO.valid.acc", "PSO.test.acc", "PSO.train.time", "PSO.n.support.vectors", 
"PSO.index", "PSO.n.solutions", "PSO.generations", "PSO.n.evaluations", 
"PSO.cpu.time", "RS.cost", "RS.gamma", "RS.data.balancing", "RS.feature.selection", 
"RS.valid.acc", "RS.test.acc", "RS.train.time", "RS.n.support.vectors", 
"RS.index", "RS.n.solutions", "RS.generations", "RS.n.evaluations", 
"RS.cpu.time", "DF.cost", "DF.gamma", "DF.data.balancing", "DF.feature.selection", 
"DF.valid.acc", "DF.test.acc", "DF.train.time", "DF.n.support.vectors", 
"DF.index", "DF.n.solutions", "DF.generations", "DF.n.evaluations", 
"DF.cpu.time")))
