full <-
structure(c(50, 55, 60, 65, 70, 75, 80, 85, 90, 95, 100, 13.87677, 
12.3997, 1.25147, 1.51853, 12.97574, -0.21309, -0.25326, 8.91388, 
11.64686, -0.47117, -0.21367, -8.7126, -5.36009, -2.31383, -2.65448, 
-7.75541, -0.76547, -1.29076, -6.85245, -8.40133, -0.60679, -0.80919, 
0, 0, 0, 0, 0, 0, 0, 0, 0, 0, 0, 0, 0, 0, 0, 0, 0, 0, 0, 0, 0, 
0, 0.90115, 0.90416, 0.90989, 0.9098, 0.90965, 0.91039, 0.91269, 
0.90777, 0.90775, 0.90984, 0.90891, 0.90106, 0.88978, 0.90438, 
0.90776, 0.90586, 0.90774, 0.9086, 0.90545, 0.90337, 0.91053, 
0.90628, 0.3251, 0.691, 0.0789, 0.1061, 1.6091, 0.1309, 0.1364, 
0.4276, 0.9774, 0.1943, 0.2205, 105.1, 135.5, 156.9, 175.1, 152.7, 
240.4, 237.2, 206, 197.5, 304.1, 299.5, 943, 567, 846, 165, 11, 
410, 744, 120, 2, 811, 2185, 36, 72, 83, 583, 131, 565, 132, 
261, 282, 23, 228, 100, 100, 100, 100, 100, 100, 100, 100, 100, 
100, 100, 2500, 2500, 2500, 2500, 2500, 2500, 2500, 2500, 2500, 
2500, 2500, 13882.591, 21294.672, 11969.424, 12142.596, 26259.548, 
12483.261, 26049.289, 25941.172, 31785.882, 14031.752, 20699.268, 
13.90126, 14.81077, 0.73901, 1.20419, 7.25164, -0.03523, -0.17607, 
-0.00694, 13.4709, 1.70137, 5.88627, -8.88556, -6.25853, -2.17506, 
-2.51817, -5.48426, -1.67408, -1.16072, -0.41655, -9.2055, 0.11916, 
-3.58641, 0, 0, 0, 0, 0, 0, 0, 0, 0, 0, 0, 0, 0, 0, 0, 0, 0, 
0, 0, 0, 0, 0, 0.90112, 0.90413, 0.90769, 0.9098, 0.90966, 0.91036, 
0.91269, 0.90854, 0.90775, 0.90913, 0.90825, 0.90638, 0.89099, 
0.90438, 0.90674, 0.90774, 0.90863, 0.9086, 0.90777, 0.9041, 
0.90429, 0.90496, 0.2816, 1.9631, 0.0842, 0.1021, 0.276, 0.1204, 
0.1413, 0.1636, 1.3092, 0.2051, 0.335, 105, 134.1, 161.4, 176.3, 
182.7, 218.4, 240.9, 274.6, 182.8, 309.2, 233.3, 306, 322, 1127, 
329, 184, 867, 1789, 615, 446, 1698, 2061, 12, 1, 4, 8, 1, 1, 
1, 2, 9, 1, 1, 100, 100, 100, 100, 100, 100, 100, 100, 100, 100, 
100, 2500, 2500, 2500, 2500, 2500, 2500, 2500, 2500, 2500, 2500, 
2500, 10170.614, 13625.689, 14286.77, 16404.978, 16547.613, 18972.657, 
19738.127, 19561.708, 22054.963, 22636.229, 24420.37, 1, 1, 1, 
1, 1, 1, 1, 1, 1, 1, 1, 0.33333, 0.33333, 0.33333, 0.33333, 0.33333, 
0.33333, 0.33333, 0.33333, 0.33333, 0.33333, 0.33333, 0, 0, 0, 
0, 0, 0, 0, 0, 0, 0, 0, 0, 0, 0, 0, 0, 0, 0, 0, 0, 0, 0, 0.89852, 
0.90291, 0.90328, 0.90571, 0.90589, 0.9095, 0.91104, 0.90623, 
0.90483, 0.90568, 0.90363, 0.90247, 0.89693, 0.90328, 0.90776, 
0.90775, 0.90863, 0.90859, 0.90623, 0.9019, 0.90707, 0.90694, 
0.0565, 0.0784, 0.0838, 0.1033, 0.1019, 0.1203, 0.1334, 0.145, 
0.1656, 0.1821, 0.1975, 143.8, 161.1, 173.5, 193.3, 198.3, 217, 
228.5, 235.1, 252.1, 264.9, 274.2, 1, 1, 1, 1, 1, 1, 1, 1, 1, 
1, 1, 1, 1, 1, 1, 1, 1, 1, 1, 1, 1, 1, 1, 1, 1, 1, 1, 1, 1, 1, 
1, 1, 1, 1, 1, 1, 1, 1, 1, 1, 1, 1, 1, 1, 3.384, 4.659, 4.376, 
4.622, 4.365, 4.554, 4.702, 4.78, 5.126, 5.115, 5.309), .Dim = c(11L, 
40L), .Dimnames = list(NULL, c("Sampling", "PSO.cost", "PSO.gamma", 
"PSO.data.balancing", "PSO.feature.selection", "PSO.valid.acc", 
"PSO.test.acc", "PSO.train.time", "PSO.n.support.vectors", "PSO.index", 
"PSO.n.solutions", "PSO.generations", "PSO.n.evaluations", "PSO.cpu.time", 
"RS.cost", "RS.gamma", "RS.data.balancing", "RS.feature.selection", 
"RS.valid.acc", "RS.test.acc", "RS.train.time", "RS.n.support.vectors", 
"RS.index", "RS.n.solutions", "RS.generations", "RS.n.evaluations", 
"RS.cpu.time", "DF.cost", "DF.gamma", "DF.data.balancing", "DF.feature.selection", 
"DF.valid.acc", "DF.test.acc", "DF.train.time", "DF.n.support.vectors", 
"DF.index", "DF.n.solutions", "DF.generations", "DF.n.evaluations", 
"DF.cpu.time")))
