full <-
structure(c(50, 55, 60, 65, 70, 75, 80, 85, 90, 95, 100, 0.73887, 
10.12151, 0.3054, 5.68369, 1.26899, 1.34059, 0.08037, 0.49457, 
0.0812, 0.25445, 1.53746, 0.2755, -7.15794, 0.96143, -2.91361, 
0.20368, 0.32446, -0.81946, -1.97213, -0.44184, -0.7491, -2.03587, 
0, 0, 0, 0, 0, 0, 0, 0, 0, 0, 0, 0, 0, 0, 0, 0, 0, 0, 0, 0, 0, 
0, 0.92348, 0.91496, 0.91325, 0.91279, 0.91248, 0.91131, 0.91277, 
0.9132, 0.91363, 0.91062, 0.91024, 0.9182, 0.90894, 0.91216, 
0.90672, 0.91056, 0.90784, 0.90868, 0.91009, 0.91291, 0.90784, 
0.90628, 0.0713, 0.3582, 0.1133, 0.1203, 0.12, 0.1394, 0.129, 
0.1421, 0.1692, 0.1914, 0.1964, 186.7, 165.4, 276.7, 157.3, 252.1, 
271.5, 233.5, 226.1, 280.3, 295.7, 256, 498, 345, 1553, 1479, 
508, 1097, 533, 1171, 704, 1773, 1383, 294, 73, 7, 15, 368, 98, 
243, 19, 465, 13, 121, 100, 100, 100, 100, 100, 100, 100, 100, 
100, 100, 100, 2500, 2500, 2500, 2500, 2500, 2500, 2500, 2500, 
2500, 2500, 2500, 8442.14, 15914.235, 9431.803, 12620.705, 9804.61900000001, 
9699.70699999999, 17017.347, 12265.677, 14360.941, 19099.239, 
13055.817, 0.88482, -0.00504, 0.23669, 1.94277, 1.30898, 1.17885, 
1.72668, -0.07287, 0.80615, 3.94302, -0.11488, 0.11881, -0.68906, 
0.98161, -1.63816, 0.11607, -0.04953, 0.17014, -1.70804, 1.32671, 
-2.95154, -0.46817, 0, 0, 0, 0, 0, 0, 0, 0, 0, 0, 0, 0, 0, 0, 
0, 0, 0, 0, 0, 0, 0, 0, 0.92219, 0.91614, 0.91104, 0.91179, 0.91153, 
0.90955, 0.9119, 0.91243, 0.91289, 0.90923, 0.90958, 0.9169, 
0.91138, 0.91216, 0.91079, 0.9096, 0.90867, 0.90861, 0.9101, 
0.91145, 0.90438, 0.90562, 0.0612, 0.0639, 0.1161, 0.0997, 0.1189, 
0.1269, 0.1385, 0.1372, 0.2659, 0.2188, 0.2057, 175.9, 173.7, 
279.7, 173.2, 245.7, 250.1, 273.4, 231.4, 432.5, 232.9, 318, 
1986, 2426, 1767, 1185, 1805, 916, 1230, 326, 2339, 546, 1182, 
1, 1, 1, 4, 2, 1, 1, 1, 3, 1, 1, 100, 100, 100, 100, 100, 100, 
100, 100, 100, 100, 100, 2500, 2500, 2500, 2500, 2500, 2500, 
2500, 2500, 2500, 2500, 2500, 9628.507, 11117.485, 12119.758, 
12208.592, 12755.783, 13338.931, 14716.902, 16569.642, 16983.014, 
19219.559, 21625.877, 1, 1, 1, 1, 1, 1, 1, 1, 1, 1, 1, 0.33333, 
0.33333, 0.33333, 0.33333, 0.33333, 0.33333, 0.33333, 0.33333, 
0.33333, 0.33333, 0.33333, 0, 0, 0, 0, 0, 0, 0, 0, 0, 0, 0, 0, 
0, 0, 0, 0, 0, 0, 0, 0, 0, 0, 0.91166, 0.90772, 0.90666, 0.90475, 
0.90495, 0.90426, 0.90703, 0.91242, 0.9041, 0.90645, 0.90693, 
0.91299, 0.91499, 0.90993, 0.90567, 0.90027, 0.90164, 0.9095, 
0.91009, 0.90852, 0.90577, 0.90431, 0.0519, 0.0671, 0.0737, 0.0832, 
0.0962, 0.1121, 0.1204, 0.1446, 0.1487, 0.1655, 0.1798, 134.4, 
159.1, 174.5, 183.2, 197.8, 205, 214, 233.2, 243.4, 261.7, 272.2, 
1, 1, 1, 1, 1, 1, 1, 1, 1, 1, 1, 1, 1, 1, 1, 1, 1, 1, 1, 1, 1, 
1, 1, 1, 1, 1, 1, 1, 1, 1, 1, 1, 1, 1, 1, 1, 1, 1, 1, 1, 1, 1, 
1, 1, 3.079, 3.313, 3.135, 3.278, 3.353, 3.719, 3.759, 4.032, 
3.928, 3.966, 4.12), .Dim = c(11L, 40L), .Dimnames = list(NULL, 
    c("Sampling", "PSO.cost", "PSO.gamma", "PSO.data.balancing", 
    "PSO.feature.selection", "PSO.valid.acc", "PSO.test.acc", 
    "PSO.train.time", "PSO.n.support.vectors", "PSO.index", "PSO.n.solutions", 
    "PSO.generations", "PSO.n.evaluations", "PSO.cpu.time", "RS.cost", 
    "RS.gamma", "RS.data.balancing", "RS.feature.selection", 
    "RS.valid.acc", "RS.test.acc", "RS.train.time", "RS.n.support.vectors", 
    "RS.index", "RS.n.solutions", "RS.generations", "RS.n.evaluations", 
    "RS.cpu.time", "DF.cost", "DF.gamma", "DF.data.balancing", 
    "DF.feature.selection", "DF.valid.acc", "DF.test.acc", "DF.train.time", 
    "DF.n.support.vectors", "DF.index", "DF.n.solutions", "DF.generations", 
    "DF.n.evaluations", "DF.cpu.time")))
