full <-
structure(c(50, 55, 60, 65, 70, 75, 80, 85, 90, 95, 100, 0.9723, 
2.04964, 7.5372, 7.59431, -0.16656, 0.29611, 15, 11.37826, 2.35138, 
-0.36243, 1.21644, -0.98847, -0.45446, -3.13114, -2.20251, 0.71971, 
-1.03247, -5.63661, -4.26328, 0.56344, -0.66467, -3.11783, 0, 
0, 0, 0, 0, 0, 0, 0, 0, 0, 0, 0, 0, 0, 0, 0, 0, 0, 0, 0, 0, 0, 
0.91175, 0.90901, 0.90443, 0.90773, 0.90208, 0.90431, 0.90783, 
0.9124, 0.90782, 0.90918, 0.90828, 0.90778, 0.89943, 0.90004, 
0.8996, 0.90209, 0.90254, 0.90122, 0.90775, 0.90415, 0.90708, 
0.9043, 0.0595, 0.0692, 0.1549, 0.1547, 0.1416, 0.1203, 5.6447, 
1.2487, 0.189, 0.1816, 0.1788, 144.4, 165.1, 152.8, 166.8, 300.2, 
229.2, 186, 204.7, 315.1, 303.1, 241.4, 449, 649, 432, 526, 1177, 
939, 181, 1586, 209, 1337, 729, 602, 404, 255, 91, 70, 59, 372, 
24, 399, 20, 209, 100, 100, 100, 100, 100, 100, 100, 100, 100, 
100, 100, 2500, 2500, 2500, 2500, 2500, 2500, 2500, 2500, 2500, 
2500, 2500, 8763.175, 9134.127, 10761.473, 10618.227, 10859.756, 
29981.117, 96699.888, 42945.713, 15615.607, 12107.418, 14542.613, 
0.65964, 2.00484, 7.69025, 4.95725, -0.14608, 2.75345, 12.3195, 
11.50284, 2.23555, -0.45295, 0.07862, 0.25137, -0.39071, -3.18789, 
-1.19961, 0.66107, -1.56972, -4.79248, -4.28594, 0.54011, -1.0697, 
-0.61424, 0, 0, 0, 0, 0, 0, 0, 0, 0, 0, 0, 0, 0, 0, 0, 0, 0, 
0, 0, 0, 0, 0, 0.91176, 0.90901, 0.90443, 0.90573, 0.90017, 0.90433, 
0.90701, 0.91163, 0.90782, 0.90709, 0.90827, 0.90648, 0.90065, 
0.89894, 0.89859, 0.90209, 0.90343, 0.90205, 0.90775, 0.90415, 
0.905, 0.90628, 0.071, 0.0693, 0.1576, 0.1083, 0.1375, 0.134, 
1.5563, 1.2826, 0.1887, 0.177, 0.2062, 194.7, 168.5, 153.1, 176.5, 
294.9, 203.6, 188.8, 204.8, 317.5, 288.3, 306.7, 1576, 897, 2022, 
207, 1741, 608, 525, 1181, 422, 1595, 1608, 1, 2, 11, 1, 1, 1, 
4, 2, 1, 1, 1, 100, 100, 100, 100, 100, 100, 100, 100, 100, 100, 
100, 2500, 2500, 2500, 2500, 2500, 2500, 2500, 2500, 2500, 2500, 
2500, 10479.73, 11484.415, 11559.525, 12359.115, 14032.18, 15340.377, 
15742.304, 19741.292, 19339.832, 21100.216, 20830.691, 1, 1, 
1, 1, 1, 1, 1, 1, 1, 1, 1, 0.33333, 0.33333, 0.33333, 0.33333, 
0.33333, 0.33333, 0.33333, 0.33333, 0.33333, 0.33333, 0.33333, 
0, 0, 0, 0, 0, 0, 0, 0, 0, 0, 0, 0, 0, 0, 0, 0, 0, 0, 0, 0, 0, 
0, 0.90515, 0.89943, 0.89893, 0.89759, 0.89733, 0.90167, 0.90364, 
0.90465, 0.90487, 0.90569, 0.90695, 0.90113, 0.89703, 0.89672, 
0.90164, 0.89639, 0.90165, 0.90365, 0.90544, 0.90192, 0.90569, 
0.9076, 0.0538, 0.0701, 0.0791, 0.0917, 0.1031, 0.1128, 0.1219, 
0.1477, 0.1651, 0.17, 0.189, 141.4, 162.1, 179.8, 190.3, 204.8, 
218.6, 225.4, 237.8, 256, 263.3, 272.4, 1, 1, 1, 1, 1, 1, 1, 
1, 1, 1, 1, 1, 1, 1, 1, 1, 1, 1, 1, 1, 1, 1, 1, 1, 1, 1, 1, 1, 
1, 1, 1, 1, 1, 1, 1, 1, 1, 1, 1, 1, 1, 1, 1, 1, 3.204, 3.485, 
3.457, 3.645, 3.722, 3.699, 3.597, 4.936, 4.278, 4.272, 4.518
), .Dim = c(11L, 40L), .Dimnames = list(NULL, c("Sampling", "PSO.cost", 
"PSO.gamma", "PSO.data.balancing", "PSO.feature.selection", "PSO.valid.acc", 
"PSO.test.acc", "PSO.train.time", "PSO.n.support.vectors", "PSO.index", 
"PSO.n.solutions", "PSO.generations", "PSO.n.evaluations", "PSO.cpu.time", 
"RS.cost", "RS.gamma", "RS.data.balancing", "RS.feature.selection", 
"RS.valid.acc", "RS.test.acc", "RS.train.time", "RS.n.support.vectors", 
"RS.index", "RS.n.solutions", "RS.generations", "RS.n.evaluations", 
"RS.cpu.time", "DF.cost", "DF.gamma", "DF.data.balancing", "DF.feature.selection", 
"DF.valid.acc", "DF.test.acc", "DF.train.time", "DF.n.support.vectors", 
"DF.index", "DF.n.solutions", "DF.generations", "DF.n.evaluations", 
"DF.cpu.time")))
