full <-
structure(c(50, 55, 60, 65, 70, 75, 80, 85, 90, 95, 100, 2.1095, 
1.27547, 2.47877, 8.47925, 12.80114, 8.6135, 6.28857, 4.51443, 
7.42273, -0.20285, -0.44683, -1.84022, -0.86607, -1.79142, -5.5189, 
-5.07502, -6.24508, -3.41831, -2.10764, -3.09942, 0.04062, -0.00973, 
0, 0, 0, 0, 0, 0, 0, 0, 0, 0, 0, 0, 0, 0, 0, 0, 0, 0, 0, 0, 0, 
0, 0.92092, 0.91611, 0.91651, 0.9199, 0.91531, 0.91392, 0.91687, 
0.91087, 0.90998, 0.9085, 0.90901, 0.91562, 0.91492, 0.91434, 
0.91586, 0.91154, 0.90952, 0.91193, 0.90697, 0.90338, 0.90503, 
0.90699, 0.0642, 0.0786, 0.0898, 0.196, 1.5045, 0.2051, 0.2178, 
0.1864, 0.3237, 0.2083, 0.2216, 142.1, 184.5, 167.8, 141.7, 162.6, 
157.3, 188.6, 215.6, 212.7, 326.5, 339.6, 2489, 1737, 409, 654, 
279, 292, 303, 874, 255, 98, 471, 1, 33, 312, 134, 151, 123, 
85, 174, 240, 67, 206, 100, 100, 100, 100, 100, 100, 100, 100, 
100, 100, 100, 2500, 2500, 2500, 2500, 2500, 2500, 2500, 2500, 
2500, 2500, 2500, 8681.854, 9066.517, 10176.754, 12366.13, 46464.01, 
16911.539, 19581.76, 13003.512, 18661.289, 48427.072, 12700.477, 
2.38623, 2.32904, 3.94881, 10.48472, 13.54661, 10.08764, 10.08996, 
5.04697, 6.45144, -0.11282, 1.92818, -2.01719, -2.02814, -2.72506, 
-6.64235, -5.18547, -6.937, -5.62956, -2.44841, -2.71793, -0.07154, 
-0.43992, 0, 0, 0, 0, 0, 0, 0, 0, 0, 0, 0, 0, 0, 0, 0, 0, 0, 
0, 0, 0, 0, 0, 0.9196, 0.91491, 0.91651, 0.91989, 0.91437, 0.91392, 
0.91686, 0.91009, 0.90924, 0.90781, 0.90836, 0.91431, 0.91134, 
0.91214, 0.91178, 0.91059, 0.91041, 0.91522, 0.9062, 0.90265, 
0.90502, 0.90704, 0.0623, 0.0768, 0.0989, 0.2637, 2.2156, 0.2428, 
0.5324, 0.191, 0.2645, 0.205, 0.2084, 138.2, 154.7, 156, 137.2, 
164.1, 151.6, 182.4, 209.6, 217.1, 321.2, 295.7, 1063, 1746, 
189, 1076, 165, 1174, 179, 1041, 73, 1139, 147, 1, 1, 9, 3, 3, 
1, 4, 1, 12, 1, 1, 100, 100, 100, 100, 100, 100, 100, 100, 100, 
100, 100, 2500, 2500, 2500, 2500, 2500, 2500, 2500, 2500, 2500, 
2500, 2500, 9636.823, 10739.541, 11450.62, 11873.646, 14526.069, 
14423.753, 14783.154, 16124.847, 17465.459, 20385.154, 21376.639, 
1, 1, 1, 1, 1, 1, 1, 1, 1, 1, 1, 0.33333, 0.33333, 0.33333, 0.33333, 
0.33333, 0.33333, 0.33333, 0.33333, 0.33333, 0.33333, 0.33333, 
0, 0, 0, 0, 0, 0, 0, 0, 0, 0, 0, 0, 0, 0, 0, 0, 0, 0, 0, 0, 0, 
0, 0.91173, 0.91012, 0.91215, 0.91584, 0.90778, 0.90951, 0.91276, 
0.90312, 0.90924, 0.90503, 0.90238, 0.91167, 0.91131, 0.91325, 
0.91483, 0.90965, 0.90777, 0.91359, 0.9062, 0.90704, 0.90369, 
0.907, 0.0579, 0.0699, 0.0782, 0.0897, 0.1017, 0.1114, 0.1206, 
0.1374, 0.1532, 0.1687, 0.1888, 143.5, 160.7, 175.6, 178.8, 194, 
205.1, 212.3, 230.7, 240.9, 258.8, 274.6, 1, 1, 1, 1, 1, 1, 1, 
1, 1, 1, 1, 1, 1, 1, 1, 1, 1, 1, 1, 1, 1, 1, 1, 1, 1, 1, 1, 1, 
1, 1, 1, 1, 1, 1, 1, 1, 1, 1, 1, 1, 1, 1, 1, 1, 3.309, 3.353, 
3.335, 3.649, 4.508, 3.79, 3.849, 4.042, 4.361, 4.227, 4.407), .Dim = c(11L, 
40L), .Dimnames = list(NULL, c("Sampling", "PSO.cost", "PSO.gamma", 
"PSO.data.balancing", "PSO.feature.selection", "PSO.valid.acc", 
"PSO.test.acc", "PSO.train.time", "PSO.n.support.vectors", "PSO.index", 
"PSO.n.solutions", "PSO.generations", "PSO.n.evaluations", "PSO.cpu.time", 
"RS.cost", "RS.gamma", "RS.data.balancing", "RS.feature.selection", 
"RS.valid.acc", "RS.test.acc", "RS.train.time", "RS.n.support.vectors", 
"RS.index", "RS.n.solutions", "RS.generations", "RS.n.evaluations", 
"RS.cpu.time", "DF.cost", "DF.gamma", "DF.data.balancing", "DF.feature.selection", 
"DF.valid.acc", "DF.test.acc", "DF.train.time", "DF.n.support.vectors", 
"DF.index", "DF.n.solutions", "DF.generations", "DF.n.evaluations", 
"DF.cpu.time")))
