full <-
structure(c(50, 55, 60, 65, 70, 75, 80, 85, 90, 95, 100, 7.97411, 
8.23261, 7.91426, 3.27377, 1.04845, 8.58948, 13.89538, 15, 1.07133, 
0.69716, 10.56044, -6.51871, -5.59465, -6.23543, -5.29055, -0.76534, 
-5.23472, -6.90307, -7.66863, -0.78777, 1.62612, -5.53079, 0, 
0, 0, 0, 0, 0, 0, 0, 0, 0, 0, 0, 0, 0, 0, 0, 0, 0, 0, 0, 0, 0, 
0.91431, 0.91622, 0.91214, 0.91279, 0.91809, 0.90775, 0.90949, 
0.91008, 0.91144, 0.91262, 0.90763, 0.91031, 0.91261, 0.90993, 
0.90876, 0.91527, 0.9043, 0.907, 0.90931, 0.90924, 0.90985, 0.90631, 
0.0706, 0.1276, 0.1463, 0.0884, 0.1242, 0.3069, 2.0122, 3.1845, 
0.1819, 0.329, 1.1323, 96.3, 116.6, 130.2, 165.7, 229, 173.3, 
173.8, 176.2, 269.6, 500, 228.4, 346, 100, 5, 45, 2039, 434, 
114, 734, 95, 1364, 242, 78, 303, 347, 66, 14, 67, 217, 51, 56, 
32, 92, 100, 100, 100, 100, 100, 100, 100, 100, 100, 100, 100, 
2500, 2500, 2500, 2500, 2500, 2500, 2500, 2500, 2500, 2500, 2500, 
12323.685, 11823.814, 18751.376, 16792.733, 9956.81299999999, 
24272.463, 45791.187, 83629.378, 25901.058, 21154.9840000001, 
60007.576, 7.69664, 7.30627, 0.51231, 2.42393, 0.92591, 8.67082, 
1.08081, 11.97463, 0.5442, 0.9911, 1.03524, -6.38717, -5.34759, 
1.60515, -4.64737, -0.89573, -3.50809, 1.60227, -6.64295, -0.57032, 
0.88663, -0.42742, 0, 0, 0, 0, 0, 0, 0, 0, 0, 0, 0, 0, 0, 0, 
0, 0, 0, 0, 0, 0, 0, 0, 0.91431, 0.91622, 0.91327, 0.91178, 0.91715, 
0.90692, 0.91025, 0.9093, 0.91143, 0.91055, 0.90893, 0.91031, 
0.91383, 0.90993, 0.90876, 0.91434, 0.90164, 0.90369, 0.90931, 
0.91, 0.90708, 0.90893, 0.0684, 0.1048, 0.1591, 0.0818, 0.1215, 
0.3502, 0.2448, 1.0476, 0.1801, 0.2305, 0.2218, 95.5, 115.7, 
378.6, 155.4, 228.4, 188.5, 439.9, 184.3, 282.8, 377, 312, 425, 
22, 198, 397, 711, 64, 256, 149, 1824, 8, 344, 1, 27, 1, 3, 1, 
3, 1, 14, 1, 1, 2, 100, 100, 100, 100, 100, 100, 100, 100, 100, 
100, 100, 2500, 2500, 2500, 2500, 2500, 2500, 2500, 2500, 2500, 
2500, 2500, 9924.371, 10447.455, 12098.13, 12094.117, 13096.261, 
14604.099, 15541.694, 16577.054, 17641.259, 21181.946, 20592.85, 
1, 1, 1, 1, 1, 1, 1, 1, 1, 1, 1, 0.33333, 0.33333, 0.33333, 0.33333, 
0.33333, 0.33333, 0.33333, 0.33333, 0.33333, 0.33333, 0.33333, 
0, 0, 0, 0, 0, 0, 0, 0, 0, 0, 0, 0, 0, 0, 0, 0, 0, 0, 0, 0, 0, 
0, 0.91034, 0.91506, 0.9099, 0.90977, 0.9115, 0.90338, 0.90287, 
0.90623, 0.90778, 0.90985, 0.90568, 0.91033, 0.91503, 0.90992, 
0.90776, 0.90964, 0.90428, 0.90701, 0.90854, 0.90707, 0.90846, 
0.90699, 0.0578, 0.072, 0.0846, 0.0897, 0.1043, 0.1152, 0.1302, 
0.1443, 0.1601, 0.1756, 0.1894, 148.5, 160.1, 181.3, 182.6, 204.2, 
218.9, 226.6, 240.1, 249.3, 263.9, 271.6, 1, 1, 1, 1, 1, 1, 1, 
1, 1, 1, 1, 1, 1, 1, 1, 1, 1, 1, 1, 1, 1, 1, 1, 1, 1, 1, 1, 1, 
1, 1, 1, 1, 1, 1, 1, 1, 1, 1, 1, 1, 1, 1, 1, 1, 3.262, 3.522, 
3.565, 3.546, 3.706, 3.694, 3.904, 4.152, 4.231, 4.502, 4.522
), .Dim = c(11L, 40L), .Dimnames = list(NULL, c("Sampling", "PSO.cost", 
"PSO.gamma", "PSO.data.balancing", "PSO.feature.selection", "PSO.valid.acc", 
"PSO.test.acc", "PSO.train.time", "PSO.n.support.vectors", "PSO.index", 
"PSO.n.solutions", "PSO.generations", "PSO.n.evaluations", "PSO.cpu.time", 
"RS.cost", "RS.gamma", "RS.data.balancing", "RS.feature.selection", 
"RS.valid.acc", "RS.test.acc", "RS.train.time", "RS.n.support.vectors", 
"RS.index", "RS.n.solutions", "RS.generations", "RS.n.evaluations", 
"RS.cpu.time", "DF.cost", "DF.gamma", "DF.data.balancing", "DF.feature.selection", 
"DF.valid.acc", "DF.test.acc", "DF.train.time", "DF.n.support.vectors", 
"DF.index", "DF.n.solutions", "DF.generations", "DF.n.evaluations", 
"DF.cpu.time")))
