full <-
structure(c(50, 55, 60, 65, 70, 75, 80, 85, 90, 95, 100, 1.74479, 
0.75365, 1.65092, 15, 13.09361, 1.19578, 5.75463, 1.19646, 3.0146, 
5.83927, 14.90707, -1.50913, -1.65437, -1.13947, -10.43194, -7.14575, 
0.8187, -2.73242, 0.6385, -0.2731, -3.58297, -7.8489, 0, 0, 0, 
0, 0, 0, 0, 0, 0, 0, 0, 0, 0, 0, 0, 0, 0, 0, 0, 0, 0, 0, 0.92349, 
0.91844, 0.91213, 0.90883, 0.91339, 0.91388, 0.91356, 0.91092, 
0.91289, 0.90982, 0.90957, 0.92612, 0.91484, 0.90994, 0.90378, 
0.90961, 0.90684, 0.90862, 0.907, 0.90558, 0.90223, 0.90494, 
0.0651, 0.0693, 0.0847, 0.6431, 0.8609, 0.1493, 0.1828, 0.1793, 
0.161, 0.272, 3.6385, 139.5, 153.2, 178.7, 132.7, 148.1, 310.5, 
195.4, 327.7, 253.1, 220.8, 207.8, 85, 979, 1060, 595, 438, 410, 
656, 292, 1025, 604, 2147, 498, 103, 30, 151, 200, 101, 100, 
136, 58, 114, 1, 100, 100, 100, 100, 100, 100, 100, 100, 100, 
100, 100, 2500, 2500, 2500, 2500, 2500, 2500, 2500, 2500, 2500, 
2500, 2500, 8981.163, 12413.504, 9992.191, 18010.424, 25047.738, 
24890.492, 11206.099, 14679.12, 36332.047, 17434.93, 48838.162, 
1.4924, -0.13852, 1.65634, 0.99783, 14.28588, 0.64033, 6.41199, 
1.25879, 12.97045, 14.88696, 13.62496, -1.52496, -1.09413, -1.07693, 
-0.48955, -7.68296, 1.52955, -2.94022, 0.56375, -5.46791, -5.33177, 
-7.4306, 0, 0, 0, 0, 0, 0, 0, 0, 0, 0, 0, 0, 0, 0, 0, 0, 0, 0, 
0, 0, 0, 0, 0.92349, 0.91846, 0.91213, 0.90887, 0.91339, 0.91302, 
0.91274, 0.91092, 0.91289, 0.90984, 0.90825, 0.92612, 0.91487, 
0.90994, 0.90277, 0.90961, 0.90773, 0.90862, 0.90856, 0.90702, 
0.905, 0.90429, 0.0645, 0.0711, 0.0861, 0.1001, 1.3128, 0.2055, 
0.2119, 0.176, 2.7048, 8.3294, 2.2666, 142.9, 170.3, 181.1, 212.7, 
144.6, 413.4, 194.5, 323, 202, 214.2, 208.4, 44, 830, 2150, 1594, 
2407, 2314, 1049, 1208, 1024, 558, 1385, 16, 1, 1, 1, 2, 1, 1, 
1, 1, 2, 2, 100, 100, 100, 100, 100, 100, 100, 100, 100, 100, 
100, 2500, 2500, 2500, 2500, 2500, 2500, 2500, 2500, 2500, 2500, 
2500, 10140.23, 10315.774, 11342.671, 12356.74, 13226.82, 13980.93, 
15112.064, 16447.811, 17903.941, 19104.306, 19444.953, 1, 1, 
1, 1, 1, 1, 1, 1, 1, 1, 1, 0.33333, 0.33333, 0.33333, 0.33333, 
0.33333, 0.33333, 0.33333, 0.33333, 0.33333, 0.33333, 0.33333, 
0, 0, 0, 0, 0, 0, 0, 0, 0, 0, 0, 0, 0, 0, 0, 0, 0, 0, 0, 0, 0, 
0, 0.91824, 0.91605, 0.90772, 0.90377, 0.90774, 0.90511, 0.90695, 
0.907, 0.90851, 0.90566, 0.90626, 0.91959, 0.91487, 0.90665, 
0.90378, 0.90961, 0.9095, 0.90777, 0.90624, 0.90557, 0.90499, 
0.90363, 0.0579, 0.0716, 0.0754, 0.0893, 0.0981, 0.1069, 0.1291, 
0.1355, 0.1522, 0.158, 0.1845, 145.3, 155.8, 173.7, 190.8, 197, 
207.8, 221.3, 240.1, 246.1, 255.6, 274.4, 1, 1, 1, 1, 1, 1, 1, 
1, 1, 1, 1, 1, 1, 1, 1, 1, 1, 1, 1, 1, 1, 1, 1, 1, 1, 1, 1, 1, 
1, 1, 1, 1, 1, 1, 1, 1, 1, 1, 1, 1, 1, 1, 1, 1, 3.304, 3.441, 
3.279, 3.357, 3.436, 3.451, 3.804, 3.694, 3.966, 3.904, 4.184
), .Dim = c(11L, 40L), .Dimnames = list(NULL, c("Sampling", "PSO.cost", 
"PSO.gamma", "PSO.data.balancing", "PSO.feature.selection", "PSO.valid.acc", 
"PSO.test.acc", "PSO.train.time", "PSO.n.support.vectors", "PSO.index", 
"PSO.n.solutions", "PSO.generations", "PSO.n.evaluations", "PSO.cpu.time", 
"RS.cost", "RS.gamma", "RS.data.balancing", "RS.feature.selection", 
"RS.valid.acc", "RS.test.acc", "RS.train.time", "RS.n.support.vectors", 
"RS.index", "RS.n.solutions", "RS.generations", "RS.n.evaluations", 
"RS.cpu.time", "DF.cost", "DF.gamma", "DF.data.balancing", "DF.feature.selection", 
"DF.valid.acc", "DF.test.acc", "DF.train.time", "DF.n.support.vectors", 
"DF.index", "DF.n.solutions", "DF.generations", "DF.n.evaluations", 
"DF.cpu.time")))
