full <-
structure(c(50, 55, 60, 65, 70, 75, 80, 85, 90, 95, 100, -0.04816, 
8.8699, -0.79276, -0.0475, 0.38128, 2.22878, 11.61012, 1.98958, 
-0.19386, -0.36019, 14.63081, -0.51054, -5.75746, 0.23808, -0.38869, 
-1.76866, -2.40661, -7.27741, -0.12983, -0.62572, -0.43794, -7.60999, 
0, 0, 0, 0, 0, 0, 0, 0, 0, 0, 0, 0, 0, 0, 0, 0, 0, 0, 0, 0, 0, 
0, 0.89464, 0.89447, 0.89676, 0.90065, 0.90208, 0.89899, 0.90447, 
0.9063, 0.90634, 0.90986, 0.90633, 0.89457, 0.89209, 0.89563, 
0.89254, 0.89738, 0.89374, 0.90034, 0.90086, 0.90337, 0.90917, 
0.90499, 0.0607, 0.1823, 0.0942, 0.1023, 0.0966, 0.1228, 0.7344, 
0.162, 0.1711, 0.1973, 3.9064, 179.1, 139.8, 233.7, 224, 196.8, 
198.7, 178.8, 279.6, 284.6, 307.1, 207.2, 1106, 451, 305, 303, 
775, 212, 171, 425, 810, 1867, 384, 42, 215, 358, 331, 122, 334, 
59, 635, 369, 4, 188, 100, 100, 100, 100, 100, 100, 100, 100, 
100, 100, 100, 2500, 2500, 2500, 2500, 2500, 2500, 2500, 2500, 
2500, 2500, 2500, 7971.771, 14911.887, 8328.353, 8556.95, 19460.556, 
11840.499, 25127.234, 12612.164, 15721.17, 25264.853, 67337.157, 
13.28994, 7.95443, -0.93496, 0.64153, 0.50744, -0.10972, 9.59665, 
13.18287, -0.01242, -0.18026, 0.38943, -6.3267, -5.38745, 0.52459, 
-0.18127, -1.8677, -1.21279, -6.46974, -4.42706, -0.85602, -0.50704, 
-0.6854, 0, 0, 0, 0, 0, 0, 0, 0, 0, 0, 0, 0, 0, 0, 0, 0, 0, 0, 
0, 0, 0, 0, 0.89596, 0.89447, 0.89566, 0.89764, 0.90208, 0.89986, 
0.90447, 0.90704, 0.90488, 0.90847, 0.90897, 0.88795, 0.8933, 
0.89455, 0.89359, 0.89831, 0.89461, 0.90199, 0.89928, 0.90337, 
0.90917, 0.90434, 0.7043, 0.1475, 0.1006, 0.0994, 0.0989, 0.1224, 
0.4006, 2.9069, 0.1752, 0.1891, 0.2182, 131.6, 139.4, 251.1, 
227.3, 196, 233.7, 185.8, 213.2, 285.3, 301.9, 310.1, 215, 551, 
914, 904, 467, 907, 117, 109, 1313, 266, 496, 4, 4, 2, 2, 2, 
1, 7, 1, 2, 2, 1, 100, 100, 100, 100, 100, 100, 100, 100, 100, 
100, 100, 2500, 2500, 2500, 2500, 2500, 2500, 2500, 2500, 2500, 
2500, 2500, 9413.143, 10508.29, 11165.956, 11650.677, 12069.633, 
13631.365, 16398.746, 16147.968, 16976.346, 19907.337, 20526.875, 
1, 1, 1, 1, 1, 1, 1, 1, 1, 1, 1, 0.33333, 0.33333, 0.33333, 0.33333, 
0.33333, 0.33333, 0.33333, 0.33333, 0.33333, 0.33333, 0.33333, 
0, 0, 0, 0, 0, 0, 0, 0, 0, 0, 0, 0, 0, 0, 0, 0, 0, 0, 0, 0, 0, 
0, 0.88939, 0.89091, 0.89127, 0.89559, 0.90021, 0.8981, 0.90117, 
0.89929, 0.90265, 0.90569, 0.90434, 0.8906, 0.88975, 0.89351, 
0.89051, 0.89738, 0.89549, 0.90116, 0.90083, 0.90337, 0.90709, 
0.90701, 0.0608, 0.0636, 0.0765, 0.0883, 0.0927, 0.1143, 0.1282, 
0.146, 0.1584, 0.1769, 0.1995, 155.6, 166.3, 176.1, 196, 202.4, 
220.1, 225.8, 241, 261.3, 266.5, 273.9, 1, 1, 1, 1, 1, 1, 1, 
1, 1, 1, 1, 1, 1, 1, 1, 1, 1, 1, 1, 1, 1, 1, 1, 1, 1, 1, 1, 1, 
1, 1, 1, 1, 1, 1, 1, 1, 1, 1, 1, 1, 1, 1, 1, 1, 3.035, 2.975, 
3.122, 3.206, 3.084, 3.497, 3.785, 3.947, 3.922, 4.237, 4.429
), .Dim = c(11L, 40L), .Dimnames = list(NULL, c("Sampling", "PSO.cost", 
"PSO.gamma", "PSO.data.balancing", "PSO.feature.selection", "PSO.valid.acc", 
"PSO.test.acc", "PSO.train.time", "PSO.n.support.vectors", "PSO.index", 
"PSO.n.solutions", "PSO.generations", "PSO.n.evaluations", "PSO.cpu.time", 
"RS.cost", "RS.gamma", "RS.data.balancing", "RS.feature.selection", 
"RS.valid.acc", "RS.test.acc", "RS.train.time", "RS.n.support.vectors", 
"RS.index", "RS.n.solutions", "RS.generations", "RS.n.evaluations", 
"RS.cpu.time", "DF.cost", "DF.gamma", "DF.data.balancing", "DF.feature.selection", 
"DF.valid.acc", "DF.test.acc", "DF.train.time", "DF.n.support.vectors", 
"DF.index", "DF.n.solutions", "DF.generations", "DF.n.evaluations", 
"DF.cpu.time")))
