full <-
structure(c(50, 55, 60, 65, 70, 75, 80, 85, 90, 95, 100, 4.62868, 
1.886, 3.46564, 2.48566, -0.21118, 2.29285, 2.07793, 4.09346, 
0.80734, -0.00399, -0.34493, -4.889, -3.86379, -3.35269, -2.81782, 
-0.84975, -3.51224, 0.60671, -4.18237, 0.90234, 0.69453, 0.30404, 
0, 0, 0, 0, 0, 0, 0, 0, 0, 0, 0, 0, 0, 0, 0, 0, 0, 0, 0, 0, 0, 
0, 0.92489, 0.92811, 0.92212, 0.92811, 0.92187, 0.91743, 0.91761, 
0.91012, 0.91878, 0.91542, 0.91089, 0.92094, 0.92212, 0.92101, 
0.92606, 0.91905, 0.91918, 0.91433, 0.90701, 0.91582, 0.90986, 
0.90826, 0.047, 0.0501, 0.0494, 0.0757, 0.105, 0.1061, 0.1486, 
0.185, 0.2178, 0.2337, 0.2238, 89.9, 99.3, 113, 125.3, 205.6, 
163.9, 293.5, 200.5, 364.5, 378.5, 356.1, 230, 797, 880, 189, 
1021, 620, 930, 492, 1195, 1165, 1269, 539, 49, 211, 384, 49, 
76, 119, 60, 22, 107, 98, 100, 100, 100, 100, 100, 100, 100, 
100, 100, 100, 100, 2500, 2500, 2500, 2500, 2500, 2500, 2500, 
2500, 2500, 2500, 2500, 7287.589, 9565.909, 9826.226, 10136.881, 
14926.425, 11680.154, 10553.437, 14777.931, 16053.651, 25060.363, 
19753.116, 4.74327, 2.27116, 2.86701, 2.48009, -0.1904, 2.18284, 
1.51246, 3.34854, 0.98939, -0.03709, -0.48624, -4.90914, -2.85916, 
-3.23891, -2.77237, -0.95463, -3.42617, 0.61129, -3.51508, 0.913, 
-0.02241, 0.59541, 0, 0, 0, 0, 0, 0, 0, 0, 0, 0, 0, 0, 0, 0, 
0, 0, 0, 0, 0, 0, 0, 0, 0.92489, 0.92692, 0.92211, 0.92811, 0.92187, 
0.91743, 0.91595, 0.9101, 0.9173, 0.91333, 0.90959, 0.92094, 
0.92332, 0.92101, 0.92606, 0.91905, 0.91918, 0.9135, 0.9078, 
0.91434, 0.91125, 0.90499, 0.0503, 0.0521, 0.065, 0.0465, 0.0996, 
0.1103, 0.1586, 0.1775, 0.211, 0.2035, 0.2414, 89.8, 104.1, 112.9, 
125.9, 206.4, 163.9, 301.2, 203.9, 365.5, 323.8, 378.6, 118, 
19, 1499, 383, 868, 1110, 1991, 2087, 2473, 641, 843, 4, 3, 1, 
2, 1, 1, 1, 1, 1, 3, 1, 100, 100, 100, 100, 100, 100, 100, 100, 
100, 100, 100, 2500, 2500, 2500, 2500, 2500, 2500, 2500, 2500, 
2500, 2500, 2500, 9944.201, 10440.095, 10363.417, 10745.785, 
12941.942, 14206.021, 13381.728, 19689.32, 19414.363, 19635.841, 
20137.301, 1, 1, 1, 1, 1, 1, 1, 1, 1, 1, 1, 0.33333, 0.33333, 
0.33333, 0.33333, 0.33333, 0.33333, 0.33333, 0.33333, 0.33333, 
0.33333, 0.33333, 0, 0, 0, 0, 0, 0, 0, 0, 0, 0, 0, 0, 0, 0, 0, 
0, 0, 0, 0, 0, 0, 0, 0.92089, 0.92574, 0.91772, 0.92709, 0.92, 
0.91392, 0.9094, 0.90703, 0.91216, 0.91055, 0.90695, 0.92482, 
0.92331, 0.91882, 0.92709, 0.91811, 0.91655, 0.9127, 0.90782, 
0.91069, 0.91055, 0.90563, 0.0477, 0.0554, 0.0636, 0.0718, 0.0922, 
0.1074, 0.1228, 0.1426, 0.1533, 0.175, 0.1833, 120.6, 127.2, 
143.4, 148.1, 184.8, 196, 220.4, 235.7, 244.3, 258.9, 271.5, 
1, 1, 1, 1, 1, 1, 1, 1, 1, 1, 1, 1, 1, 1, 1, 1, 1, 1, 1, 1, 1, 
1, 1, 1, 1, 1, 1, 1, 1, 1, 1, 1, 1, 1, 1, 1, 1, 1, 1, 1, 1, 1, 
1, 1, 3.784, 3.819, 3.878, 4.001, 4.029, 3.499, 3.705, 4.723, 
4.722, 4.139, 4.147), .Dim = c(11L, 40L), .Dimnames = list(NULL, 
    c("Sampling", "PSO.cost", "PSO.gamma", "PSO.data.balancing", 
    "PSO.feature.selection", "PSO.valid.acc", "PSO.test.acc", 
    "PSO.train.time", "PSO.n.support.vectors", "PSO.index", "PSO.n.solutions", 
    "PSO.generations", "PSO.n.evaluations", "PSO.cpu.time", "RS.cost", 
    "RS.gamma", "RS.data.balancing", "RS.feature.selection", 
    "RS.valid.acc", "RS.test.acc", "RS.train.time", "RS.n.support.vectors", 
    "RS.index", "RS.n.solutions", "RS.generations", "RS.n.evaluations", 
    "RS.cpu.time", "DF.cost", "DF.gamma", "DF.data.balancing", 
    "DF.feature.selection", "DF.valid.acc", "DF.test.acc", "DF.train.time", 
    "DF.n.support.vectors", "DF.index", "DF.n.solutions", "DF.generations", 
    "DF.n.evaluations", "DF.cpu.time")))
