full <-
structure(c(50, 55, 60, 65, 70, 75, 80, 85, 90, 95, 100, 8.91705, 
0.1093, 7.96323, 2.04939, 2.57701, 8.85791, 0.12628, 14.85808, 
6.41442, -0.02272, -0.16324, -6.16786, -1.53228, -5.03625, -1.68367, 
-2.47753, -3.78561, -0.8605, -5.75254, -3.90746, 1.15614, -1.10408, 
0, 0, 0, 0, 0, 0, 0, 0, 0, 0, 0, 0, 0, 0, 0, 0, 0, 0, 0, 0, 0, 
0, 0.9211, 0.9149, 0.91211, 0.9057, 0.90962, 0.90686, 0.90943, 
0.90545, 0.90997, 0.90985, 0.91028, 0.91447, 0.9149, 0.91212, 
0.90565, 0.90305, 0.90512, 0.90778, 0.90003, 0.90706, 0.90572, 
0.91027, 0.1069, 0.0705, 0.165, 0.104, 0.1226, 0.3714, 0.1429, 
6.4235, 0.3072, 0.2846, 0.2093, 99.4, 158.1, 138.7, 176.2, 176.8, 
182.3, 246.2, 204.5, 213.9, 434, 289.6, 371, 438, 66, 956, 718, 
47, 703, 881, 723, 1543, 983, 172, 361, 276, 240, 268, 151, 95, 
6, 95, 12, 160, 100, 100, 100, 100, 100, 100, 100, 100, 100, 
100, 100, 2500, 2500, 2500, 2500, 2500, 2500, 2500, 2500, 2500, 
2500, 2500, 10837.184, 11087.685, 13412.016, 12424.692, 11338.662, 
20228.436, 23084.104, 84529.915, 15265.567, 21671.823, 26087.949, 
9.95331, 0.05491, 11.26807, 1.7423, 1.55503, 6.76401, 0.04776, 
14.29956, 4.9387, 1.00596, 0.30817, -6.82203, -0.83418, -7.02397, 
-1.6086, -2.07797, -3.11336, -0.69642, -5.57691, -3.1732, 0.32288, 
-0.81617, 0, 0, 0, 0, 0, 0, 0, 0, 0, 0, 0, 0, 0, 0, 0, 0, 0, 
0, 0, 0, 0, 0, 0.91979, 0.91489, 0.91211, 0.90568, 0.90869, 0.90686, 
0.90943, 0.90468, 0.90923, 0.90914, 0.90963, 0.91582, 0.9149, 
0.90882, 0.90464, 0.90399, 0.90686, 0.90695, 0.9008, 0.90706, 
0.90708, 0.90764, 0.1295, 0.0708, 0.3011, 0.108, 0.1202, 0.2183, 
0.1496, 5.299, 0.2358, 0.2309, 0.2141, 97, 173.3, 126.6, 180.2, 
184, 182.6, 252.6, 203.5, 216.6, 340.8, 300.8, 254, 292, 122, 
73, 6, 337, 1384, 51, 1155, 1810, 842, 5, 3, 21, 1, 4, 5, 1, 
1, 2, 3, 1, 100, 100, 100, 100, 100, 100, 100, 100, 100, 100, 
100, 2500, 2500, 2500, 2500, 2500, 2500, 2500, 2500, 2500, 2500, 
2500, 9881.03, 10699.841, 12299.592, 14000.658, 16083.555, 17587.583, 
18586.3, 18825.55, 21120.676, 23297.905, 21425.041, 1, 1, 1, 
1, 1, 1, 1, 1, 1, 1, 1, 0.33333, 0.33333, 0.33333, 0.33333, 0.33333, 
0.33333, 0.33333, 0.33333, 0.33333, 0.33333, 0.33333, 0, 0, 0, 
0, 0, 0, 0, 0, 0, 0, 0, 0, 0, 0, 0, 0, 0, 0, 0, 0, 0, 0, 0.91842, 
0.91252, 0.90772, 0.90268, 0.90493, 0.90251, 0.90693, 0.90235, 
0.9063, 0.9057, 0.90831, 0.91577, 0.9137, 0.90992, 0.90163, 0.90307, 
0.90338, 0.90613, 0.90313, 0.90633, 0.90505, 0.91027, 0.0588, 
0.0665, 0.0831, 0.0965, 0.108, 0.1304, 0.1384, 0.1532, 0.17, 
0.1865, 0.1973, 143.9, 155.9, 169.7, 185.2, 197.6, 213.4, 228.6, 
246.2, 248.9, 267, 273.3, 1, 1, 1, 1, 1, 1, 1, 1, 1, 1, 1, 1, 
1, 1, 1, 1, 1, 1, 1, 1, 1, 1, 1, 1, 1, 1, 1, 1, 1, 1, 1, 1, 1, 
1, 1, 1, 1, 1, 1, 1, 1, 1, 1, 1, 3.343, 3.264, 4.179, 4.307, 
4.193, 4.504, 4.59, 4.561, 4.808, 4.961, 4.824), .Dim = c(11L, 
40L), .Dimnames = list(NULL, c("Sampling", "PSO.cost", "PSO.gamma", 
"PSO.data.balancing", "PSO.feature.selection", "PSO.valid.acc", 
"PSO.test.acc", "PSO.train.time", "PSO.n.support.vectors", "PSO.index", 
"PSO.n.solutions", "PSO.generations", "PSO.n.evaluations", "PSO.cpu.time", 
"RS.cost", "RS.gamma", "RS.data.balancing", "RS.feature.selection", 
"RS.valid.acc", "RS.test.acc", "RS.train.time", "RS.n.support.vectors", 
"RS.index", "RS.n.solutions", "RS.generations", "RS.n.evaluations", 
"RS.cpu.time", "DF.cost", "DF.gamma", "DF.data.balancing", "DF.feature.selection", 
"DF.valid.acc", "DF.test.acc", "DF.train.time", "DF.n.support.vectors", 
"DF.index", "DF.n.solutions", "DF.generations", "DF.n.evaluations", 
"DF.cpu.time")))
