full <-
structure(c(50, 55, 60, 65, 70, 75, 80, 85, 90, 95, 100, 9.74087, 
1.09825, 1.32612, 0.50452, 10.80309, 6.54638, 0.64382, 13.83681, 
1.41253, 12.84059, 1.65097, -4.75582, 0.11273, -1.18299, 0.14446, 
-3.64713, -4.79151, -0.68674, -7.46272, -1.51355, -5.15261, -1.07893, 
0, 0, 0, 0, 0, 0, 0, 0, 0, 0, 0, 0, 0, 0, 0, 0, 0, 0, 0, 0, 0, 
0, 0.91691, 0.91732, 0.91649, 0.91992, 0.9124, 0.90865, 0.91105, 
0.90775, 0.90924, 0.91054, 0.91158, 0.9077, 0.91012, 0.91323, 
0.91584, 0.90766, 0.90337, 0.90527, 0.90544, 0.90851, 0.90359, 
0.90565, 0.1379, 0.0807, 0.0825, 0.1104, 0.5314, 0.1855, 0.1502, 
2.0399, 0.172, 2.9718, 0.2156, 111.2, 212.7, 171.7, 241.5, 170.1, 
172.2, 259.7, 185.3, 248.4, 213.5, 284.8, 585, 1267, 2319, 703, 
2261, 154, 374, 812, 2278, 810, 778, 83, 11, 1, 229, 1, 330, 
443, 11, 41, 89, 201, 100, 100, 100, 100, 100, 100, 100, 100, 
100, 100, 100, 2500, 2500, 2500, 2500, 2500, 2500, 2500, 2500, 
2500, 2500, 2500, 9260.491, 11125.541, 8309.258, 8745.80300000001, 
22911.761, 16252.71, 12780.735, 36613.237, 13432.308, 80281.747, 
18227.819, 11.21713, 1.02104, 2.67883, 0.97751, 11.17942, 1.1411, 
6.05243, 0.26471, 1.24746, 9.72807, 1.53472, -5.15433, -0.09619, 
-2.01885, -0.20188, -6.43993, 0.24338, -3.61491, -0.68624, -1.39912, 
-4.47346, -0.01591, 0, 0, 0, 0, 0, 0, 0, 0, 0, 0, 0, 0, 0, 0, 
0, 0, 0, 0, 0, 0, 0, 0, 0.91692, 0.91494, 0.9154, 0.9189, 0.91149, 
0.90865, 0.90937, 0.90852, 0.90851, 0.91053, 0.91028, 0.90638, 
0.91254, 0.91322, 0.91789, 0.90677, 0.91127, 0.90362, 0.90931, 
0.90851, 0.90291, 0.90433, 0.2147, 0.0822, 0.0801, 0.0973, 0.3924, 
0.1482, 0.2381, 0.1537, 0.168, 0.8153, 0.2146, 111.3, 203.9, 
154.3, 219.4, 149.1, 281.9, 203.8, 266.2, 254.9, 215.2, 315.3, 
16, 711, 672, 1113, 87, 113, 1315, 1068, 9, 542, 1927, 1, 2, 
1, 2, 3, 5, 1, 1, 6, 5, 1, 100, 100, 100, 100, 100, 100, 100, 
100, 100, 100, 100, 2500, 2500, 2500, 2500, 2500, 2500, 2500, 
2500, 2500, 2500, 2500, 9965.7, 11166.973, 9931.375, 11768.432, 
13694.38, 15521.642, 16991.182, 18998.968, 19662.383, 20522.219, 
23774.397, 1, 1, 1, 1, 1, 1, 1, 1, 1, 1, 1, 0.33333, 0.33333, 
0.33333, 0.33333, 0.33333, 0.33333, 0.33333, 0.33333, 0.33333, 
0.33333, 0.33333, 0, 0, 0, 0, 0, 0, 0, 0, 0, 0, 0, 0, 0, 0, 0, 
0, 0, 0, 0, 0, 0, 0, 0.90763, 0.90775, 0.90992, 0.90976, 0.90869, 
0.90426, 0.90608, 0.90389, 0.90486, 0.90844, 0.90828, 0.90896, 
0.90415, 0.91213, 0.90974, 0.90959, 0.90247, 0.90281, 0.90852, 
0.90632, 0.90913, 0.90697, 0.0549, 0.0618, 0.0746, 0.0865, 0.0989, 
0.1149, 0.1301, 0.1421, 0.1583, 0.1667, 0.1872, 137, 152.4, 165.7, 
176.8, 190.6, 209.3, 229.2, 237, 248.8, 257, 269.6, 1, 1, 1, 
1, 1, 1, 1, 1, 1, 1, 1, 1, 1, 1, 1, 1, 1, 1, 1, 1, 1, 1, 1, 1, 
1, 1, 1, 1, 1, 1, 1, 1, 1, 1, 1, 1, 1, 1, 1, 1, 1, 1, 1, 1, 3.83, 
3.069, 3.171, 4.151, 4.273, 4.42, 4.587, 4.591, 4.762, 4.723, 
5.083), .Dim = c(11L, 40L), .Dimnames = list(NULL, c("Sampling", 
"PSO.cost", "PSO.gamma", "PSO.data.balancing", "PSO.feature.selection", 
"PSO.valid.acc", "PSO.test.acc", "PSO.train.time", "PSO.n.support.vectors", 
"PSO.index", "PSO.n.solutions", "PSO.generations", "PSO.n.evaluations", 
"PSO.cpu.time", "RS.cost", "RS.gamma", "RS.data.balancing", "RS.feature.selection", 
"RS.valid.acc", "RS.test.acc", "RS.train.time", "RS.n.support.vectors", 
"RS.index", "RS.n.solutions", "RS.generations", "RS.n.evaluations", 
"RS.cpu.time", "DF.cost", "DF.gamma", "DF.data.balancing", "DF.feature.selection", 
"DF.valid.acc", "DF.test.acc", "DF.train.time", "DF.n.support.vectors", 
"DF.index", "DF.n.solutions", "DF.generations", "DF.n.evaluations", 
"DF.cpu.time")))
