full <-
structure(c(50, 55, 60, 65, 70, 75, 80, 85, 90, 95, 100, 11.24651, 
4.35008, 15, 1.38819, 0.79757, -0.02176, 13.42914, 13.83157, 
1.03087, 0.137, 2.90916, -8.67978, -3.32568, -8.14354, -0.22777, 
-0.87314, -0.33619, -4.61349, -5.39514, 1.06245, -0.12433, -0.13402, 
0, 0, 0, 0, 0, 0, 0, 0, 0, 0, 0, 0, 0, 0, 0, 0, 0, 0, 0, 0, 0, 
0, 0.90376, 0.90534, 0.9078, 0.91086, 0.9097, 0.90689, 0.90942, 
0.91087, 0.91148, 0.9085, 0.91087, 0.89848, 0.89933, 0.90232, 
0.9017, 0.90879, 0.90778, 0.90611, 0.90702, 0.90487, 0.90711, 
0.90625, 0.2015, 0.0877, 0.7031, 0.1041, 0.1158, 0.1372, 2.9142, 
3.5316, 0.2236, 0.1953, 0.196, 123.1, 141.1, 122.1, 221.4, 219, 
259.1, 194.3, 200.8, 389.7, 319.5, 283.3, 125, 406, 184, 2006, 
1667, 538, 669, 1075, 1357, 1422, 1129, 223, 114, 861, 1, 33, 
799, 83, 61, 67, 28, 66, 100, 100, 100, 100, 100, 100, 100, 100, 
100, 100, 100, 2500, 2500, 2500, 2500, 2500, 2500, 2500, 2500, 
2500, 2500, 2500, 11648.515, 13132.526, 22003.27, 10870.872, 
11616.783, 11941.559, 46829.994, 69352.548, 13017.165, 28716.309, 
28696.643, 10.53206, 3.06646, 0.20834, 1.23813, 1.05539, 0.00378, 
2.81, 13.26846, 0.86128, 0.40783, 3.18691, -8.37209, -2.97125, 
0.01331, -0.12243, -1.32423, -0.45553, -3.17319, -5.28811, 1.22664, 
-2.24614, -0.21908, 0, 0, 0, 0, 0, 0, 0, 0, 0, 0, 0, 0, 0, 0, 
0, 0, 0, 0, 0, 0, 0, 0, 0.90376, 0.90534, 0.90894, 0.90984, 0.90783, 
0.90689, 0.90944, 0.9101, 0.91002, 0.90781, 0.90889, 0.89848, 
0.90055, 0.9067, 0.9017, 0.90782, 0.90866, 0.90448, 0.90779, 
0.90413, 0.90435, 0.90559, 0.1643, 0.0716, 0.0941, 0.1028, 0.1072, 
0.1283, 0.1502, 2.9502, 0.2407, 0.1666, 0.2003, 126.9, 145.6, 
220.4, 228.1, 201.7, 255.6, 197.4, 200.7, 416.9, 245.4, 277.6, 
92, 14, 1238, 700, 816, 187, 1419, 1934, 1017, 1162, 1771, 18, 
2, 1, 1, 1, 3, 1, 1, 1, 1, 1, 100, 100, 100, 100, 100, 100, 100, 
100, 100, 100, 100, 2500, 2500, 2500, 2500, 2500, 2500, 2500, 
2500, 2500, 2500, 2500, 9678.146, 10369.092, 10476.728, 11583.722, 
13163.925, 15254.197, 15404.249, 17363.386, 17945.579, 20364.834, 
22454.124, 1, 1, 1, 1, 1, 1, 1, 1, 1, 1, 1, 0.33333, 0.33333, 
0.33333, 0.33333, 0.33333, 0.33333, 0.33333, 0.33333, 0.33333, 
0.33333, 0.33333, 0, 0, 0, 0, 0, 0, 0, 0, 0, 0, 0, 0, 0, 0, 0, 
0, 0, 0, 0, 0, 0, 0, 0.90238, 0.90055, 0.9034, 0.90574, 0.90502, 
0.90339, 0.90697, 0.907, 0.90414, 0.90575, 0.90563, 0.89847, 
0.89933, 0.9056, 0.90572, 0.90591, 0.90426, 0.90533, 0.90469, 
0.90633, 0.90575, 0.90629, 0.0543, 0.065, 0.074, 0.0841, 0.1013, 
0.1117, 0.1292, 0.1424, 0.1484, 0.1716, 0.1876, 149.4, 162.2, 
173.6, 185.1, 198.8, 215.3, 226.1, 241.2, 248.5, 260.8, 274.1, 
1, 1, 1, 1, 1, 1, 1, 1, 1, 1, 1, 1, 1, 1, 1, 1, 1, 1, 1, 1, 1, 
1, 1, 1, 1, 1, 1, 1, 1, 1, 1, 1, 1, 1, 1, 1, 1, 1, 1, 1, 1, 1, 
1, 1, 3.133, 3.274, 3.294, 3.36, 3.637, 3.705, 3.978, 4.031, 
4.052, 4.375, 4.48), .Dim = c(11L, 40L), .Dimnames = list(NULL, 
    c("Sampling", "PSO.cost", "PSO.gamma", "PSO.data.balancing", 
    "PSO.feature.selection", "PSO.valid.acc", "PSO.test.acc", 
    "PSO.train.time", "PSO.n.support.vectors", "PSO.index", "PSO.n.solutions", 
    "PSO.generations", "PSO.n.evaluations", "PSO.cpu.time", "RS.cost", 
    "RS.gamma", "RS.data.balancing", "RS.feature.selection", 
    "RS.valid.acc", "RS.test.acc", "RS.train.time", "RS.n.support.vectors", 
    "RS.index", "RS.n.solutions", "RS.generations", "RS.n.evaluations", 
    "RS.cpu.time", "DF.cost", "DF.gamma", "DF.data.balancing", 
    "DF.feature.selection", "DF.valid.acc", "DF.test.acc", "DF.train.time", 
    "DF.n.support.vectors", "DF.index", "DF.n.solutions", "DF.generations", 
    "DF.n.evaluations", "DF.cpu.time")))
