full <-
structure(c(50, 55, 60, 65, 70, 75, 80, 85, 90, 95, 100, -1.42747, 
10.31342, 6.18716, 2.49334, 13.7392, -0.19747, 10.57432, -0.25634, 
-0.24171, -0.58105, -0.16485, -5.3982, -5.41383, -2.34849, -0.40025, 
-4.59747, -1.03406, -4.71346, -0.69298, -0.80499, 0.19028, -0.78305, 
0, 0, 0, 0, 0, 0, 0, 0, 0, 0, 0, 0, 0, 0, 0, 0, 0, 0, 0, 0, 0, 
0, 0.89982, 0.90652, 0.90229, 0.90889, 0.91059, 0.90871, 0.91032, 
0.9124, 0.90998, 0.91262, 0.90767, 0.89982, 0.90294, 0.90009, 
0.90185, 0.90589, 0.9078, 0.90453, 0.90774, 0.90997, 0.90915, 
0.90694, 0.0496, 0.2405, 0.1186, 0.0986, 2.1253, 0.124, 0.605, 
0.1585, 0.1734, 0.1917, 0.2066, 148.8, 135.3, 155.7, 192.1, 173.5, 
230, 180.4, 260.4, 273.6, 331.9, 310.6, 2, 188, 834, 794, 964, 
1160, 944, 437, 636, 1828, 715, 2114, 166, 140, 59, 19, 80, 45, 
205, 206, 2, 51, 100, 100, 100, 100, 100, 100, 100, 100, 100, 
100, 100, 2500, 2500, 2500, 2500, 2500, 2500, 2500, 2500, 2500, 
2500, 2500, 8593.727, 16607.941, 10645.431, 9479.82799999999, 
35205.341, 11260.566, 28844.761, 10729.746, 10777.895, 13342.37, 
21120.722, 11.74536, 13.4066, 6.16302, 2.48474, 11.58484, -0.24333, 
10.68544, -0.12793, -0.23406, -0.74913, 4.51051, -5.71806, -6.53721, 
-2.36803, -0.37697, -3.93122, -1.35675, -4.74209, -0.35484, -0.62828, 
-0.50862, -3.92826, 0, 0, 0, 0, 0, 0, 0, 0, 0, 0, 0, 0, 0, 0, 
0, 0, 0, 0, 0, 0, 0, 0, 0.89983, 0.90652, 0.90229, 0.90789, 0.90964, 
0.90783, 0.91032, 0.91163, 0.90852, 0.91192, 0.90699, 0.89459, 
0.90294, 0.90009, 0.90085, 0.90591, 0.90782, 0.90453, 0.90851, 
0.90997, 0.90846, 0.90697, 0.3371, 0.6804, 0.1218, 0.0972, 0.7942, 
0.1148, 0.637, 0.1641, 0.1769, 0.1794, 0.255, 121.1, 132.9, 156.8, 
193.2, 174.8, 218.7, 179.2, 277, 282.3, 299.7, 236.5, 385, 224, 
1742, 2139, 322, 1545, 1000, 732, 641, 967, 122, 7, 2, 1, 2, 
1, 1, 1, 2, 2, 1, 29, 100, 100, 100, 100, 100, 100, 100, 100, 
100, 100, 100, 2500, 2500, 2500, 2500, 2500, 2500, 2500, 2500, 
2500, 2500, 2500, 10363.977, 10646.466, 11899.69, 12075.201, 
12508.121, 13726.73, 14301.03, 15951.325, 17034.482, 18888.204, 
21991.759, 1, 1, 1, 1, 1, 1, 1, 1, 1, 1, 1, 0.33333, 0.33333, 
0.33333, 0.33333, 0.33333, 0.33333, 0.33333, 0.33333, 0.33333, 
0.33333, 0.33333, 0, 0, 0, 0, 0, 0, 0, 0, 0, 0, 0, 0, 0, 0, 0, 
0, 0, 0, 0, 0, 0, 0, 0.89585, 0.90294, 0.90115, 0.9058, 0.90586, 
0.90696, 0.90867, 0.9093, 0.90778, 0.90777, 0.90434, 0.8972, 
0.90054, 0.89787, 0.90178, 0.90207, 0.90782, 0.90534, 0.90929, 
0.90924, 0.90499, 0.90695, 0.0627, 0.0688, 0.0803, 0.0879, 0.1003, 
0.1088, 0.1233, 0.1374, 0.1447, 0.1732, 0.1944, 153.4, 173.2, 
176.6, 184.3, 202.4, 210.3, 214.2, 226.4, 235.4, 258, 273, 1, 
1, 1, 1, 1, 1, 1, 1, 1, 1, 1, 1, 1, 1, 1, 1, 1, 1, 1, 1, 1, 1, 
1, 1, 1, 1, 1, 1, 1, 1, 1, 1, 1, 1, 1, 1, 1, 1, 1, 1, 1, 1, 1, 
1, 3.285, 3.153, 3.392, 3.397, 3.532, 3.6, 3.831, 3.968, 3.837, 
4.303, 4.587), .Dim = c(11L, 40L), .Dimnames = list(NULL, c("Sampling", 
"PSO.cost", "PSO.gamma", "PSO.data.balancing", "PSO.feature.selection", 
"PSO.valid.acc", "PSO.test.acc", "PSO.train.time", "PSO.n.support.vectors", 
"PSO.index", "PSO.n.solutions", "PSO.generations", "PSO.n.evaluations", 
"PSO.cpu.time", "RS.cost", "RS.gamma", "RS.data.balancing", "RS.feature.selection", 
"RS.valid.acc", "RS.test.acc", "RS.train.time", "RS.n.support.vectors", 
"RS.index", "RS.n.solutions", "RS.generations", "RS.n.evaluations", 
"RS.cpu.time", "DF.cost", "DF.gamma", "DF.data.balancing", "DF.feature.selection", 
"DF.valid.acc", "DF.test.acc", "DF.train.time", "DF.n.support.vectors", 
"DF.index", "DF.n.solutions", "DF.generations", "DF.n.evaluations", 
"DF.cpu.time")))
