full <-
structure(c(50, 55, 60, 65, 70, 75, 80, 85, 90, 95, 100, 0.36109, 
1.51911, 8.92026, 10.95835, 4.00022, 0.14323, 0.36458, 0.90663, 
1.77103, 1.57676, 0.41649, -0.35798, -1.26289, -5.70873, -6.28869, 
-3.75536, -0.27565, 0.0642, -0.75798, -2.18948, 0.25037, -2.0203, 
0, 0, 0, 0, 0, 0, 0, 0, 0, 0, 0, 0, 0, 0, 0, 0, 0, 0, 0, 0, 0, 
0, 0.92488, 0.92458, 0.92098, 0.91691, 0.91437, 0.91834, 0.91682, 
0.91476, 0.91218, 0.9161, 0.91093, 0.92225, 0.92098, 0.91872, 
0.91386, 0.91245, 0.91224, 0.91353, 0.91398, 0.90853, 0.91055, 
0.90564, 0.0693, 0.0748, 0.195, 0.4671, 0.1261, 0.1312, 0.1494, 
0.1588, 0.1667, 0.1941, 0.1843, 179, 163.9, 126.7, 142.8, 165.7, 
260.1, 282.6, 257.3, 225.1, 314.6, 252.4, 485, 693, 42, 111, 
83, 616, 1596, 177, 2335, 1287, 481, 505, 190, 72, 233, 132, 
227, 42, 131, 1, 69, 36, 100, 100, 100, 100, 100, 100, 100, 100, 
100, 100, 100, 2500, 2500, 2500, 2500, 2500, 2500, 2500, 2500, 
2500, 2500, 2500, 9519.279, 11271.04, 14088.707, 15539.578, 9935.23700000001, 
12117.987, 11596.313, 13347.178, 15982.718, 15063.191, 16769.327, 
0.32896, 2.00405, 14.38541, 6.36574, 13.99813, 1.3246, 0.96771, 
5.20275, 4.40213, 1.42808, 0.01554, -0.28208, -1.76627, -7.68021, 
-4.61289, -7.90067, -1.27313, -0.12859, -2.32121, -2.38841, 0.32001, 
-1.78605, 0, 0, 0, 0, 0, 0, 0, 0, 0, 0, 0, 0, 0, 0, 0, 0, 0, 
0, 0, 0, 0, 0, 0.92488, 0.92458, 0.92098, 0.91691, 0.91437, 0.91834, 
0.91601, 0.91476, 0.91074, 0.91472, 0.91091, 0.92225, 0.92099, 
0.91872, 0.91588, 0.91058, 0.91397, 0.91601, 0.91242, 0.91218, 
0.91332, 0.90564, 0.0674, 0.0741, 1.0042, 0.1478, 1.1487, 0.1355, 
0.1439, 0.2071, 0.2199, 0.2116, 0.1874, 183.3, 151, 123.1, 148.5, 
145.7, 220.7, 268.6, 211, 224.2, 319.1, 262.3, 2277, 241, 168, 
85, 410, 616, 919, 503, 885, 216, 943, 1, 3, 3, 9, 1, 2, 1, 1, 
1, 1, 1, 100, 100, 100, 100, 100, 100, 100, 100, 100, 100, 100, 
2500, 2500, 2500, 2500, 2500, 2500, 2500, 2500, 2500, 2500, 2500, 
10455.495, 11580.761, 11363.991, 12579.654, 13566.131, 15120.124, 
15210.938, 15937.791, 17810.469, 19012.795, 22236.964, 1, 1, 
1, 1, 1, 1, 1, 1, 1, 1, 1, 0.33333, 0.33333, 0.33333, 0.33333, 
0.33333, 0.33333, 0.33333, 0.33333, 0.33333, 0.33333, 0.33333, 
0, 0, 0, 0, 0, 0, 0, 0, 0, 0, 0, 0, 0, 0, 0, 0, 0, 0, 0, 0, 0, 
0, 0.91565, 0.91614, 0.91656, 0.91285, 0.91058, 0.90961, 0.91269, 
0.91245, 0.90558, 0.91331, 0.9096, 0.91832, 0.91736, 0.91767, 
0.91388, 0.90962, 0.91044, 0.91189, 0.91009, 0.90998, 0.90916, 
0.90498, 0.0604, 0.0735, 0.0758, 0.091, 0.1006, 0.1166, 0.1281, 
0.139, 0.1557, 0.1657, 0.1936, 150.6, 155.4, 168.3, 183.5, 195.9, 
215.4, 225.1, 228.2, 242.7, 247.9, 268.8, 1, 1, 1, 1, 1, 1, 1, 
1, 1, 1, 1, 1, 1, 1, 1, 1, 1, 1, 1, 1, 1, 1, 1, 1, 1, 1, 1, 1, 
1, 1, 1, 1, 1, 1, 1, 1, 1, 1, 1, 1, 1, 1, 1, 1, 3.389, 3.962, 
3.312, 3.537, 3.648, 3.763, 3.838, 3.933, 4.274, 4.333, 4.751
), .Dim = c(11L, 40L), .Dimnames = list(NULL, c("Sampling", "PSO.cost", 
"PSO.gamma", "PSO.data.balancing", "PSO.feature.selection", "PSO.valid.acc", 
"PSO.test.acc", "PSO.train.time", "PSO.n.support.vectors", "PSO.index", 
"PSO.n.solutions", "PSO.generations", "PSO.n.evaluations", "PSO.cpu.time", 
"RS.cost", "RS.gamma", "RS.data.balancing", "RS.feature.selection", 
"RS.valid.acc", "RS.test.acc", "RS.train.time", "RS.n.support.vectors", 
"RS.index", "RS.n.solutions", "RS.generations", "RS.n.evaluations", 
"RS.cpu.time", "DF.cost", "DF.gamma", "DF.data.balancing", "DF.feature.selection", 
"DF.valid.acc", "DF.test.acc", "DF.train.time", "DF.n.support.vectors", 
"DF.index", "DF.n.solutions", "DF.generations", "DF.n.evaluations", 
"DF.cpu.time")))
