full <-
structure(c(50, 55, 60, 65, 70, 75, 80, 85, 90, 95, 100, -0.28304, 
2.75356, 0.64324, 0.069, 12.9413, 0.36247, 6.40942, 0.42853, 
14.7904, 0.70769, 1.37079, 0.14385, -1.44237, 0.63383, -0.65363, 
-5.48562, -0.62826, -3.03164, -0.94523, -4.15642, -1.42954, -1.74249, 
0, 0, 0, 0, 0, 0, 0, 0, 0, 0, 0, 0, 0, 0, 0, 0, 0, 0, 0, 0, 0, 
0, 0.91047, 0.9101, 0.90883, 0.9078, 0.90687, 0.90685, 0.91107, 
0.91086, 0.91068, 0.91125, 0.91092, 0.90912, 0.90534, 0.90664, 
0.90372, 0.90498, 0.90773, 0.90284, 0.91086, 0.90485, 0.90639, 
0.90958, 0.065, 0.0734, 0.103, 0.0978, 1.6266, 0.1305, 0.2128, 
0.1566, 7.619, 0.182, 0.2029, 189.8, 140.4, 250.6, 220.7, 168.7, 
239.3, 189.3, 252.3, 222.3, 267.6, 264.4, 1667, 1572, 1243, 95, 
883, 81, 982, 491, 472, 519, 876, 4, 15, 24, 688, 82, 118, 102, 
231, 58, 566, 333, 100, 100, 100, 100, 100, 100, 100, 100, 100, 
100, 100, 2500, 2500, 2500, 2500, 2500, 2500, 2500, 2500, 2500, 
2500, 2500, 7919.768, 8314.575, 8779.597, 8702.967, 31179.506, 
13888.06, 12487.487, 12029.328, 176529.609, 12754.364, 13499.786, 
4.96801, 14.1697, 0.47111, 0.22398, 11.37423, 0.0402, 6.85766, 
0.26859, 2.48823, 0.30532, 1.61556, -2.81056, -6.57765, 0.12836, 
-0.7331, -5.00487, -0.42128, -3.17275, -0.78957, 0.16918, -1.32056, 
-1.96682, 0, 0, 0, 0, 0, 0, 0, 0, 0, 0, 0, 0, 0, 0, 0, 0, 0, 
0, 0, 0, 0, 0, 0.90918, 0.90894, 0.90668, 0.9078, 0.90594, 0.90597, 
0.91025, 0.91009, 0.9085, 0.90985, 0.91026, 0.90514, 0.90415, 
0.90661, 0.90371, 0.90498, 0.90597, 0.90121, 0.91086, 0.90409, 
0.90708, 0.91025, 0.0691, 0.8559, 0.093, 0.0988, 0.8413, 0.1302, 
0.2307, 0.1561, 0.1652, 0.1851, 0.2037, 118.7, 119.5, 220.6, 
216.3, 170, 246.5, 188.9, 258.6, 273.3, 272.2, 255.9, 1104, 1252, 
2030, 2024, 91, 265, 1197, 652, 1004, 1839, 1726, 1, 1, 1, 1, 
11, 2, 3, 1, 2, 1, 3, 100, 100, 100, 100, 100, 100, 100, 100, 
100, 100, 100, 2500, 2500, 2500, 2500, 2500, 2500, 2500, 2500, 
2500, 2500, 2500, 9334.787, 9461.49, 10140.585, 11427.791, 13318.722, 
13561.638, 14440.35, 16148.52, 18636.846, 20531.211, 21020.476, 
1, 1, 1, 1, 1, 1, 1, 1, 1, 1, 1, 0.33333, 0.33333, 0.33333, 0.33333, 
0.33333, 0.33333, 0.33333, 0.33333, 0.33333, 0.33333, 0.33333, 
0, 0, 0, 0, 0, 0, 0, 0, 0, 0, 0, 0, 0, 0, 0, 0, 0, 0, 0, 0, 0, 
0, 0.90784, 0.90534, 0.90226, 0.90373, 0.90496, 0.90159, 0.90528, 
0.90776, 0.90557, 0.90639, 0.9096, 0.90912, 0.90651, 0.90116, 
0.89966, 0.90686, 0.89896, 0.90365, 0.90776, 0.90195, 0.90639, 
0.91025, 0.0547, 0.0623, 0.0727, 0.0855, 0.1051, 0.1148, 0.124, 
0.1428, 0.162, 0.173, 0.1802, 141.4, 153.9, 167.4, 187.7, 202.4, 
206.4, 214.4, 229.9, 250.5, 260.7, 271.7, 1, 1, 1, 1, 1, 1, 1, 
1, 1, 1, 1, 1, 1, 1, 1, 1, 1, 1, 1, 1, 1, 1, 1, 1, 1, 1, 1, 1, 
1, 1, 1, 1, 1, 1, 1, 1, 1, 1, 1, 1, 1, 1, 1, 1, 3.085, 2.97, 
3.085, 3.25, 3.55, 3.63, 3.622, 4.001, 4.085, 4.015, 3.989), .Dim = c(11L, 
40L), .Dimnames = list(NULL, c("Sampling", "PSO.cost", "PSO.gamma", 
"PSO.data.balancing", "PSO.feature.selection", "PSO.valid.acc", 
"PSO.test.acc", "PSO.train.time", "PSO.n.support.vectors", "PSO.index", 
"PSO.n.solutions", "PSO.generations", "PSO.n.evaluations", "PSO.cpu.time", 
"RS.cost", "RS.gamma", "RS.data.balancing", "RS.feature.selection", 
"RS.valid.acc", "RS.test.acc", "RS.train.time", "RS.n.support.vectors", 
"RS.index", "RS.n.solutions", "RS.generations", "RS.n.evaluations", 
"RS.cpu.time", "DF.cost", "DF.gamma", "DF.data.balancing", "DF.feature.selection", 
"DF.valid.acc", "DF.test.acc", "DF.train.time", "DF.n.support.vectors", 
"DF.index", "DF.n.solutions", "DF.generations", "DF.n.evaluations", 
"DF.cpu.time")))
