full <-
structure(c(50, 55, 60, 65, 70, 75, 80, 85, 90, 95, 100, 5.32771, 
14.98409, 15, 15, 0.00745, 0.56662, 1.18664, 1.10655, 2.09992, 
0.2515, 0.66219, -5.12281, -9.30322, -9.14594, -9.06889, -0.34309, 
-0.89685, -0.5666, 0.78802, -3.35222, -0.97512, -1.34439, 0, 
0, 0, 0, 0, 0, 0, 0, 0, 0, 0, 0, 0, 0, 0, 0, 0, 0, 0, 0, 0, 0, 
0.9196, 0.91151, 0.90779, 0.90882, 0.90401, 0.90686, 0.90951, 
0.9109, 0.9063, 0.91054, 0.91089, 0.9196, 0.90425, 0.90223, 0.90276, 
0.90303, 0.9051, 0.90621, 0.90622, 0.90192, 0.90504, 0.90693, 
0.0526, 0.315, 0.3647, 0.5106, 0.1209, 0.1264, 0.1427, 0.1981, 
0.1539, 0.1825, 0.1974, 102.1, 115.3, 123.6, 133.4, 240.2, 234.5, 
253.1, 350.2, 212.4, 286.4, 278.9, 68, 1439, 103, 496, 606, 459, 
246, 722, 598, 625, 494, 148, 2, 514, 14, 109, 212, 702, 32, 
98, 282, 465, 100, 100, 100, 100, 100, 100, 100, 100, 100, 100, 
100, 2500, 2500, 2500, 2500, 2500, 2500, 2500, 2500, 2500, 2500, 
2500, 9252.464, 14800.714, 17807.884, 18532.712, 13431.151, 15516.184, 
10861.511, 21871.082, 12129.311, 17689.258, 12768.502, 0.11757, 
14.79602, 14.07368, 14.81942, 8.74998, 3.39318, 1.3525, 14.24054, 
2.28426, -0.08233, 0.19583, -0.85905, -9.08894, -8.65853, -8.90566, 
-3.57142, -0.44675, -0.77355, -4.67159, -3.43586, -0.78121, -0.78327, 
0, 0, 0, 0, 0, 0, 0, 0, 0, 0, 0, 0, 0, 0, 0, 0, 0, 0, 0, 0, 0, 
0, 0.92088, 0.9103, 0.90779, 0.90782, 0.90402, 0.90687, 0.90951, 
0.91012, 0.9063, 0.90985, 0.91023, 0.91563, 0.90187, 0.90443, 
0.90478, 0.90114, 0.8998, 0.90703, 0.907, 0.90192, 0.90573, 0.90693, 
0.0594, 0.3467, 0.3495, 0.523, 0.2883, 0.1316, 0.1417, 3.7315, 
0.1535, 0.1813, 0.2073, 158.4, 115.3, 124.2, 134.2, 178.8, 223.4, 
242.6, 198.8, 209.9, 293.6, 301.4, 2044, 1257, 2037, 2315, 279, 
509, 357, 1100, 1416, 516, 2385, 1, 1, 1, 2, 1, 1, 2, 2, 5, 1, 
5, 100, 100, 100, 100, 100, 100, 100, 100, 100, 100, 100, 2500, 
2500, 2500, 2500, 2500, 2500, 2500, 2500, 2500, 2500, 2500, 9189.04, 
10377.375, 10717.291, 11640.838, 13220.396, 13710.022, 14886.714, 
16044.038, 16270.613, 19647.301, 21537.59, 1, 1, 1, 1, 1, 1, 
1, 1, 1, 1, 1, 0.33333, 0.33333, 0.33333, 0.33333, 0.33333, 0.33333, 
0.33333, 0.33333, 0.33333, 0.33333, 0.33333, 0, 0, 0, 0, 0, 0, 
0, 0, 0, 0, 0, 0, 0, 0, 0, 0, 0, 0, 0, 0, 0, 0, 0.91697, 0.90554, 
0.90449, 0.90272, 0.90209, 0.90159, 0.90373, 0.90391, 0.90557, 
0.9071, 0.90891, 0.91567, 0.90072, 0.90339, 0.90578, 0.90114, 
0.90249, 0.90289, 0.90468, 0.90483, 0.90364, 0.90826, 0.0554, 
0.0638, 0.0735, 0.0855, 0.0978, 0.1086, 0.1176, 0.1312, 0.1485, 
0.1634, 0.1746, 137.9, 156.6, 170.8, 184.9, 197.8, 213.1, 216.5, 
229.7, 240.3, 259.4, 273.6, 1, 1, 1, 1, 1, 1, 1, 1, 1, 1, 1, 
1, 1, 1, 1, 1, 1, 1, 1, 1, 1, 1, 1, 1, 1, 1, 1, 1, 1, 1, 1, 1, 
1, 1, 1, 1, 1, 1, 1, 1, 1, 1, 1, 1, 3.285, 3.287, 3.319, 3.485, 
3.557, 3.58, 3.637, 3.788, 4.045, 4.075, 4.156), .Dim = c(11L, 
40L), .Dimnames = list(NULL, c("Sampling", "PSO.cost", "PSO.gamma", 
"PSO.data.balancing", "PSO.feature.selection", "PSO.valid.acc", 
"PSO.test.acc", "PSO.train.time", "PSO.n.support.vectors", "PSO.index", 
"PSO.n.solutions", "PSO.generations", "PSO.n.evaluations", "PSO.cpu.time", 
"RS.cost", "RS.gamma", "RS.data.balancing", "RS.feature.selection", 
"RS.valid.acc", "RS.test.acc", "RS.train.time", "RS.n.support.vectors", 
"RS.index", "RS.n.solutions", "RS.generations", "RS.n.evaluations", 
"RS.cpu.time", "DF.cost", "DF.gamma", "DF.data.balancing", "DF.feature.selection", 
"DF.valid.acc", "DF.test.acc", "DF.train.time", "DF.n.support.vectors", 
"DF.index", "DF.n.solutions", "DF.generations", "DF.n.evaluations", 
"DF.cpu.time")))
