full <-
structure(c(50, 55, 60, 65, 70, 75, 80, 85, 90, 95, 100, -0.06757, 
0.07859, 0.36069, -0.03187, 1.0871, 7.43282, 13.86119, 12.4705, 
-0.25366, 0.52794, 2.61043, -0.03674, -0.22119, -0.62137, -0.29603, 
0.0554, -3.20962, -6.62094, -6.08552, -0.73867, -0.91403, -3.3667, 
0, 0, 0, 0, 0, 0, 0, 0, 0, 0, 0, 0, 0, 0, 0, 0, 0, 0, 0, 0, 0, 
0, 0.91437, 0.91728, 0.91428, 0.91287, 0.91536, 0.90687, 0.91106, 
0.91167, 0.91364, 0.91059, 0.91025, 0.91437, 0.91484, 0.90883, 
0.90882, 0.90875, 0.90246, 0.90858, 0.91167, 0.91144, 0.91127, 
0.90628, 0.0657, 0.0756, 0.0841, 0.1003, 0.1177, 0.2527, 2.4936, 
1.5436, 0.166, 0.1846, 0.2011, 189.9, 192.4, 194.1, 225, 245.8, 
185, 175.3, 189.4, 280.3, 287.3, 241.2, 644, 408, 363, 391, 836, 
291, 306, 624, 630, 923, 284, 124, 471, 537, 571, 200, 60, 92, 
45, 376, 84, 168, 100, 100, 100, 100, 100, 100, 100, 100, 100, 
100, 100, 2500, 2500, 2500, 2500, 2500, 2500, 2500, 2500, 2500, 
2500, 2500, 8387.42, 9046.672, 10316.127, 9923.92300000001, 11380.022, 
19367.467, 61551.411, 38801.744, 12171.752, 11327.887, 13126.644, 
0.33707, 0.10515, 0.59554, -0.02188, 1.29453, 7.45989, -0.25432, 
11.78874, -0.14722, 0.54976, 2.9361, -0.77195, -0.2581, -0.72529, 
-0.11331, -0.11702, -3.22534, 0.43331, -5.8407, -0.82467, -0.97587, 
-3.22672, 0, 0, 0, 0, 0, 0, 0, 0, 0, 0, 0, 0, 0, 0, 0, 0, 0, 
0, 0, 0, 0, 0, 0.91306, 0.91728, 0.91428, 0.91287, 0.91536, 0.90687, 
0.91026, 0.91167, 0.91291, 0.90991, 0.91023, 0.91439, 0.91484, 
0.90772, 0.90779, 0.90969, 0.90246, 0.91105, 0.91167, 0.91144, 
0.91127, 0.90496, 0.0606, 0.0738, 0.0863, 0.1028, 0.1157, 0.2582, 
0.1568, 1.1957, 0.1665, 0.1909, 0.2197, 166.9, 191.4, 192.1, 
230.3, 239.2, 184.1, 301.7, 191.7, 276.3, 284.9, 237.8, 512, 
170, 867, 728, 129, 582, 1311, 790, 449, 1887, 895, 2, 1, 3, 
1, 4, 3, 4, 1, 1, 2, 1, 100, 100, 100, 100, 100, 100, 100, 100, 
100, 100, 100, 2500, 2500, 2500, 2500, 2500, 2500, 2500, 2500, 
2500, 2500, 2500, 9921.576, 10011.204, 11187.42, 12405.784, 13376.583, 
14921.468, 15728.635, 15430.227, 16925.07, 18040.727, 23256.577, 
1, 1, 1, 1, 1, 1, 1, 1, 1, 1, 1, 0.33333, 0.33333, 0.33333, 0.33333, 
0.33333, 0.33333, 0.33333, 0.33333, 0.33333, 0.33333, 0.33333, 
0, 0, 0, 0, 0, 0, 0, 0, 0, 0, 0, 0, 0, 0, 0, 0, 0, 0, 0, 0, 0, 
0, 0.90909, 0.91249, 0.90553, 0.90578, 0.90688, 0.90336, 0.90615, 
0.90778, 0.90997, 0.90851, 0.90828, 0.90649, 0.91004, 0.90884, 
0.90882, 0.90686, 0.90161, 0.90776, 0.90702, 0.91071, 0.90922, 
0.90762, 0.0563, 0.0637, 0.0752, 0.0903, 0.1021, 0.1162, 0.1241, 
0.1352, 0.149, 0.1588, 0.1912, 151.6, 157.7, 170, 181.4, 197.8, 
214.9, 218.2, 231.3, 241.1, 249.6, 269.1, 1, 1, 1, 1, 1, 1, 1, 
1, 1, 1, 1, 1, 1, 1, 1, 1, 1, 1, 1, 1, 1, 1, 1, 1, 1, 1, 1, 1, 
1, 1, 1, 1, 1, 1, 1, 1, 1, 1, 1, 1, 1, 1, 1, 1, 3.075, 3.146, 
3.308, 3.613, 3.664, 3.643, 3.75, 3.783, 4.041, 4.13, 5.319), .Dim = c(11L, 
40L), .Dimnames = list(NULL, c("Sampling", "PSO.cost", "PSO.gamma", 
"PSO.data.balancing", "PSO.feature.selection", "PSO.valid.acc", 
"PSO.test.acc", "PSO.train.time", "PSO.n.support.vectors", "PSO.index", 
"PSO.n.solutions", "PSO.generations", "PSO.n.evaluations", "PSO.cpu.time", 
"RS.cost", "RS.gamma", "RS.data.balancing", "RS.feature.selection", 
"RS.valid.acc", "RS.test.acc", "RS.train.time", "RS.n.support.vectors", 
"RS.index", "RS.n.solutions", "RS.generations", "RS.n.evaluations", 
"RS.cpu.time", "DF.cost", "DF.gamma", "DF.data.balancing", "DF.feature.selection", 
"DF.valid.acc", "DF.test.acc", "DF.train.time", "DF.n.support.vectors", 
"DF.index", "DF.n.solutions", "DF.generations", "DF.n.evaluations", 
"DF.cpu.time")))
