full <-
structure(c(50, 55, 60, 65, 70, 75, 80, 85, 90, 95, 100, 0.92161, 
7.15325, 14.84447, -0.62222, 15, -0.3115, 1.36962, 5.04782, 3.75729, 
3.85808, -0.11652, 0.52053, -13.14376, -9.38616, -0.75971, -5.31951, 
-0.63497, -0.01867, -1.29964, -0.74938, -0.41536, -0.32228, 0, 
0, 0, 0, 0, 0, 0, 0, 0, 0, 0, 0, 0, 0, 0, 0, 0, 0, 0, 0, 0, 0, 
0.91169, 0.90782, 0.90891, 0.90582, 0.90305, 0.9078, 0.91436, 
0.90783, 0.90776, 0.90846, 0.91092, 0.90903, 0.90782, 0.90114, 
0.90478, 0.904, 0.90431, 0.91188, 0.90471, 0.90558, 0.89944, 
0.90364, 0.074, 0.0516, 0.8833, 0.0919, 5.2277, 0.122, 0.1468, 
0.1849, 0.1801, 0.1845, 0.2107, 218.8, 127.7, 125.5, 216.6, 180.9, 
247.2, 273.8, 225.2, 249.7, 258.8, 321.4, 2250, 6, 855, 1125, 
221, 582, 1108, 988, 2365, 2387, 1876, 4, 2305, 2, 193, 275, 
181, 43, 111, 2, 1, 18, 100, 100, 100, 100, 100, 100, 100, 100, 
100, 100, 100, 2500, 2500, 2500, 2500, 2500, 2500, 2500, 2500, 
2500, 2500, 2500, 8632.309, 7922.95, 26231.353, 10619.953, 98130.041, 
9821.546, 23810.925, 11046.731, 13927.429, 31088.118, 33841.724, 
0.71362, -1.06969, 1.80794, -0.72136, 10.33788, -0.33381, 1.27393, 
0.24347, -0.41038, 4.3854, -0.57494, 0.5161, -1.55187, -0.18334, 
-0.75438, -4.05797, -0.46781, -0.00537, 0.93063, 0.82275, -0.51801, 
-0.82324, 0, 0, 0, 0, 0, 0, 0, 0, 0, 0, 0, 0, 0, 0, 0, 0, 0, 
0, 0, 0, 0, 0, 0.91169, 0.90785, 0.91, 0.9058, 0.90305, 0.9078, 
0.91353, 0.90859, 0.90705, 0.90847, 0.90828, 0.90903, 0.90663, 
0.90339, 0.90377, 0.90119, 0.90606, 0.91352, 0.90471, 0.90338, 
0.90085, 0.90695, 0.0783, 0.0679, 0.087, 0.0981, 0.6219, 0.1341, 
0.1423, 0.2065, 0.2149, 0.1923, 0.1965, 219.7, 165.4, 200, 216.9, 
183.5, 254, 274.4, 367.2, 378.2, 255.3, 301.1, 1942, 430, 583, 
1145, 1421, 1484, 1142, 2459, 235, 384, 1027, 1, 2, 1, 2, 2, 
1, 1, 1, 1, 1, 2, 100, 100, 100, 100, 100, 100, 100, 100, 100, 
100, 100, 2500, 2500, 2500, 2500, 2500, 2500, 2500, 2500, 2500, 
2500, 2500, 9374.395, 10746.472, 11852.513, 13092.468, 15147.532, 
13873.21, 16291.663, 16689.254, 18203.45, 18712.958, 20040.259, 
1, 1, 1, 1, 1, 1, 1, 1, 1, 1, 1, 0.33333, 0.33333, 0.33333, 0.33333, 
0.33333, 0.33333, 0.33333, 0.33333, 0.33333, 0.33333, 0.33333, 
0, 0, 0, 0, 0, 0, 0, 0, 0, 0, 0, 0, 0, 0, 0, 0, 0, 0, 0, 0, 0, 
0, 0.90641, 0.90297, 0.9056, 0.90276, 0.89927, 0.90693, 0.90943, 
0.90471, 0.90338, 0.90292, 0.9063, 0.9051, 0.90175, 0.90228, 
0.90276, 0.89926, 0.90255, 0.90695, 0.9047, 0.90338, 0.90569, 
0.90563, 0.056, 0.07, 0.0767, 0.0925, 0.1132, 0.1146, 0.1317, 
0.1429, 0.1574, 0.1664, 0.1808, 146.3, 160, 179.4, 197.4, 221.1, 
219.2, 229.4, 241.5, 252.4, 262.3, 270, 1, 1, 1, 1, 1, 1, 1, 
1, 1, 1, 1, 1, 1, 1, 1, 1, 1, 1, 1, 1, 1, 1, 1, 1, 1, 1, 1, 1, 
1, 1, 1, 1, 1, 1, 1, 1, 1, 1, 1, 1, 1, 1, 1, 1, 2.974, 3.449, 
3.266, 3.398, 3.761, 3.552, 3.918, 3.853, 3.87, 3.916, 4.124), .Dim = c(11L, 
40L), .Dimnames = list(NULL, c("Sampling", "PSO.cost", "PSO.gamma", 
"PSO.data.balancing", "PSO.feature.selection", "PSO.valid.acc", 
"PSO.test.acc", "PSO.train.time", "PSO.n.support.vectors", "PSO.index", 
"PSO.n.solutions", "PSO.generations", "PSO.n.evaluations", "PSO.cpu.time", 
"RS.cost", "RS.gamma", "RS.data.balancing", "RS.feature.selection", 
"RS.valid.acc", "RS.test.acc", "RS.train.time", "RS.n.support.vectors", 
"RS.index", "RS.n.solutions", "RS.generations", "RS.n.evaluations", 
"RS.cpu.time", "DF.cost", "DF.gamma", "DF.data.balancing", "DF.feature.selection", 
"DF.valid.acc", "DF.test.acc", "DF.train.time", "DF.n.support.vectors", 
"DF.index", "DF.n.solutions", "DF.generations", "DF.n.evaluations", 
"DF.cpu.time")))
