full <-
structure(c(50, 55, 60, 65, 70, 75, 80, 85, 90, 95, 100, 5.3999, 
-0.08323, 6.58024, 3.21694, 4.25625, -0.08056, 13.63931, 1.49737, 
14.35538, 3.77873, 13.89024, -1.82469, -1.29442, -6.34437, -4.22004, 
-4.28154, 0.18811, -9.82669, -0.66042, -4.3769, -0.37743, -5.63613, 
0, 0, 0, 0, 0, 0, 0, 0, 0, 0, 0, 0, 0, 0, 0, 0, 0, 0, 0, 0, 0, 
0, 0.91041, 0.90663, 0.90989, 0.91079, 0.90782, 0.91301, 0.91106, 
0.91549, 0.90923, 0.90918, 0.90826, 0.8985, 0.90427, 0.90112, 
0.9057, 0.90683, 0.90951, 0.91023, 0.91089, 0.90338, 0.90294, 
0.90498, 0.0778, 0.0687, 0.088, 0.0859, 0.1069, 0.1351, 0.6802, 
0.1456, 6.1945, 0.1859, 5.1233, 136.2, 162.7, 124.6, 142, 154.2, 
271.8, 157.1, 243.4, 216.3, 266.3, 224.5, 1441, 419, 160, 504, 
323, 422, 450, 696, 751, 1207, 100, 12, 285, 154, 98, 96, 268, 
76, 394, 14, 81, 207, 100, 100, 100, 100, 100, 100, 100, 100, 
100, 100, 100, 2500, 2500, 2500, 2500, 2500, 2500, 2500, 2500, 
2500, 2500, 2500, 9042.866, 9004.217, 9348.845, 9191.495, 16447.944, 
9678.65400000001, 23930.617, 10656.74, 101881.612, 11805.306, 
76008.494, 4.5536, -0.07243, 8.12032, 0.03162, 0.17082, 0.00307, 
0.03662, -0.09286, 14.75695, 3.24704, 5.26843, -1.45395, -1.31214, 
-7.20587, 0.174, -0.07749, 0.26563, 0.4518, -0.56225, -4.39715, 
-0.25776, -3.15339, 0, 0, 0, 0, 0, 0, 0, 0, 0, 0, 0, 0, 0, 0, 
0, 0, 0, 0, 0, 0, 0, 0, 0.9104, 0.90663, 0.90989, 0.91079, 0.90969, 
0.91301, 0.91189, 0.91319, 0.9085, 0.90779, 0.90827, 0.89852, 
0.90307, 0.90332, 0.90976, 0.9087, 0.90863, 0.91189, 0.91088, 
0.90192, 0.90295, 0.90497, 0.0712, 0.0697, 0.1033, 0.1105, 0.109, 
0.1331, 0.1574, 0.148, 7.3248, 0.1859, 0.2827, 136.8, 161.6, 
131.5, 246.5, 248.6, 278.9, 302.2, 253.8, 217.7, 271.5, 234.7, 
798, 1476, 1255, 702, 1327, 1441, 1136, 1307, 61, 534, 1735, 
1, 2, 2, 2, 1, 1, 1, 2, 1, 1, 1, 100, 100, 100, 100, 100, 100, 
100, 100, 100, 100, 100, 2500, 2500, 2500, 2500, 2500, 2500, 
2500, 2500, 2500, 2500, 2500, 9538.723, 10366.469, 10606.612, 
11099.139, 11479.194, 12892.816, 15319.202, 15578.471, 17373.526, 
18904.943, 20745.757, 1, 1, 1, 1, 1, 1, 1, 1, 1, 1, 1, 0.33333, 
0.33333, 0.33333, 0.33333, 0.33333, 0.33333, 0.33333, 0.33333, 
0.33333, 0.33333, 0.33333, 0, 0, 0, 0, 0, 0, 0, 0, 0, 0, 0, 0, 
0, 0, 0, 0, 0, 0, 0, 0, 0, 0, 0.90245, 0.90543, 0.90331, 0.90775, 
0.90498, 0.9095, 0.91023, 0.91088, 0.90266, 0.90569, 0.90495, 
0.9051, 0.90428, 0.9022, 0.9057, 0.90587, 0.90949, 0.90859, 0.90857, 
0.90411, 0.90365, 0.9043, 0.0521, 0.066, 0.0751, 0.0859, 0.1002, 
0.111, 0.1169, 0.1394, 0.1516, 0.157, 0.1901, 142.7, 155.7, 166.5, 
178.9, 194.8, 203.2, 216.9, 226.4, 243.5, 254.5, 275.6, 1, 1, 
1, 1, 1, 1, 1, 1, 1, 1, 1, 1, 1, 1, 1, 1, 1, 1, 1, 1, 1, 1, 1, 
1, 1, 1, 1, 1, 1, 1, 1, 1, 1, 1, 1, 1, 1, 1, 1, 1, 1, 1, 1, 1, 
3, 3.394, 3.35, 3.422, 3.579, 3.595, 3.489, 4.083, 3.958, 3.771, 
4.368), .Dim = c(11L, 40L), .Dimnames = list(NULL, c("Sampling", 
"PSO.cost", "PSO.gamma", "PSO.data.balancing", "PSO.feature.selection", 
"PSO.valid.acc", "PSO.test.acc", "PSO.train.time", "PSO.n.support.vectors", 
"PSO.index", "PSO.n.solutions", "PSO.generations", "PSO.n.evaluations", 
"PSO.cpu.time", "RS.cost", "RS.gamma", "RS.data.balancing", "RS.feature.selection", 
"RS.valid.acc", "RS.test.acc", "RS.train.time", "RS.n.support.vectors", 
"RS.index", "RS.n.solutions", "RS.generations", "RS.n.evaluations", 
"RS.cpu.time", "DF.cost", "DF.gamma", "DF.data.balancing", "DF.feature.selection", 
"DF.valid.acc", "DF.test.acc", "DF.train.time", "DF.n.support.vectors", 
"DF.index", "DF.n.solutions", "DF.generations", "DF.n.evaluations", 
"DF.cpu.time")))
