full <-
structure(c(50, 55, 60, 65, 70, 75, 80, 85, 90, 95, 100, 9.06463, 
15, 8.46109, 12.60385, 3.09196, 9.07202, 8.86609, 6.19402, 12.66931, 
4.54243, 15, -9.03199, -10.78413, -7.27263, -14.28138, -6.40484, 
-11.96337, -6.294, -8.20268, -6.88346, -4.49626, -13.27777, 0, 
0, 0, 0, 0, 0, 0, 0, 0, 0, 0, 0, 0, 0, 0, 0, 0, 0, 0, 0, 0, 0, 
0.47048, 0.47524, 0.4481, 0.4621, 0.49119, 0.49813, 0.43437, 
0.38889, 0.46, 0.39798, 0.44101, 0.32119, 0.36857, 0.36286, 0.40099, 
0.46262, 0.40468, 0.4294, 0.29806, 0.39333, 0.3296, 0.41596, 
0.0099, 0.0159, 0.0129, 0.0124, 0.0122, 0.0126, 0.0158, 0.0136, 
0.0348, 0.013, 0.0196, 40, 43, 47.6, 52, 57.8, 59.4, 61.6, 66.7, 
68.6, 74.6, 80.9, 775, 146, 732, 11, 32, 639, 684, 1883, 520, 
1380, 423, 300, 734, 128, 305, 128, 96, 30, 11, 124, 66, 1257, 
100, 100, 100, 100, 100, 100, 100, 100, 100, 100, 100, 2500, 
2500, 2500, 2500, 2500, 2500, 2500, 2500, 2500, 2500, 2500, 6201.052, 
7434.579, 8334.07, 8320.22, 8316.448, 8326.863, 8486.144, 8763.99799999999, 
9123.06300000001, 8629.296, 8623.29199999999, 7.7251, 14.97943, 
8.58627, 11.07912, 8.9613, 9.04348, 9.88267, 2.02541, 9.61781, 
4.16668, 14.94879, -8.34526, -10.71485, -7.38691, -12.83968, 
-12.3245, -11.97913, -6.09336, -2.45003, -5.40199, -3.94364, 
-13.16554, 0, 0, 0, 0, 0, 0, 0, 0, 0, 0, 0, 0, 0, 0, 0, 0, 0, 
0, 0, 0, 0, 0, 0.45619, 0.47524, 0.4481, 0.4621, 0.49119, 0.49813, 
0.42758, 0.3825, 0.47, 0.39071, 0.44101, 0.32952, 0.36857, 0.36048, 
0.40099, 0.4769, 0.40468, 0.41052, 0.26306, 0.38222, 0.33869, 
0.41596, 0.0103, 0.0181, 0.0128, 0.0123, 0.0123, 0.0124, 0.0179, 
0.0136, 0.0199, 0.0146, 0.0195, 40, 43.3, 47.5, 52, 56.7, 59.5, 
61.3, 69.5, 68.9, 74.8, 80.9, 841, 1117, 4, 20, 6, 46, 34, 1810, 
606, 802, 29, 3, 1, 2, 27, 16, 1, 1, 1, 1, 1, 2, 100, 100, 100, 
100, 100, 100, 100, 100, 100, 100, 100, 2500, 2500, 2500, 2500, 
2500, 2500, 2500, 2500, 2500, 2500, 2500, 6259.39, 8337.577, 
8327.591, 8340.205, 8357.549, 8454.405, 8735.122, 8775.633, 8770.17199999999, 
8582.45700000002, 8686.62999999998, 1, 1, 1, 1, 1, 1, 1, 1, 1, 
1, 1, 0.16667, 0.16667, 0.16667, 0.16667, 0.16667, 0.16667, 0.16667, 
0.16667, 0.16667, 0.16667, 0.16667, 0, 0, 0, 0, 0, 0, 0, 0, 0, 
0, 0, 0, 0, 0, 0, 0, 0, 0, 0, 0, 0, 0, 0.33024, 0.3419, 0.32429, 
0.30437, 0.44774, 0.38802, 0.32857, 0.28806, 0.31556, 0.32758, 
0.30646, 0.35024, 0.32524, 0.33429, 0.29881, 0.42512, 0.34536, 
0.3719, 0.30389, 0.34889, 0.31071, 0.31833, 0.0096, 0.0115, 0.0116, 
0.0123, 0.0121, 0.0124, 0.0136, 0.0133, 0.0137, 0.0135, 0.0136, 
42.9, 46.9, 50.9, 55.2, 58.8, 62.7, 66.6, 70.8, 74.6, 78.7, 86.1, 
1, 1, 1, 1, 1, 1, 1, 1, 1, 1, 1, 1, 1, 1, 1, 1, 1, 1, 1, 1, 1, 
1, 1, 1, 1, 1, 1, 1, 1, 1, 1, 1, 1, 1, 1, 1, 1, 1, 1, 1, 1, 1, 
1, 1, 2.506, 3.307, 3.33, 3.338, 3.315, 3.339, 3.473, 3.458, 
3.522, 3.496, 3.226), .Dim = c(11L, 40L), .Dimnames = list(NULL, 
    c("Sampling", "PSO.cost", "PSO.gamma", "PSO.data.balancing", 
    "PSO.feature.selection", "PSO.valid.acc", "PSO.test.acc", 
    "PSO.train.time", "PSO.n.support.vectors", "PSO.index", "PSO.n.solutions", 
    "PSO.generations", "PSO.n.evaluations", "PSO.cpu.time", "RS.cost", 
    "RS.gamma", "RS.data.balancing", "RS.feature.selection", 
    "RS.valid.acc", "RS.test.acc", "RS.train.time", "RS.n.support.vectors", 
    "RS.index", "RS.n.solutions", "RS.generations", "RS.n.evaluations", 
    "RS.cpu.time", "DF.cost", "DF.gamma", "DF.data.balancing", 
    "DF.feature.selection", "DF.valid.acc", "DF.test.acc", "DF.train.time", 
    "DF.n.support.vectors", "DF.index", "DF.n.solutions", "DF.generations", 
    "DF.n.evaluations", "DF.cpu.time")))
