full <-
structure(c(50, 55, 60, 65, 70, 75, 80, 85, 90, 95, 100, 15, 
4.14916, 10.21189, 4.93784, 4.18051, 15, -0.47268, 5.82051, 14.01791, 
14.84967, 14.52815, -5.15977, 1.7534, -8.76348, -9.44054, -3.11375, 
-8.84735, -0.1887, -7.20806, -10.39192, -8.41387, -12.50826, 
0, 0, 0, 0, 0, 0, 0, 0, 0, 0, 0, 0, 0, 0, 0, 0, 0, 0, 0, 0, 0, 
0, 0.38619, 0.33833, 0.3569, 0.34512, 0.40536, 0.39544, 0.38611, 
0.4075, 0.40444, 0.40136, 0.46192, 0.28452, 0.29964, 0.22095, 
0.29774, 0.23929, 0.25139, 0.33889, 0.37417, 0.37333, 0.33247, 
0.3602, 0.0182, 0.0113, 0.0126, 0.0123, 0.0124, 0.0431, 0.0129, 
0.0132, 0.0242, 0.0624, 0.0194, 39, 47.2, 49.7, 54.9, 57.8, 58.3, 
67.1, 68.8, 70.5, 74.5, 81.6, 299, 57, 744, 1631, 485, 1191, 
838, 399, 152, 837, 330, 447, 898, 169, 13, 91, 30, 135, 236, 
356, 4, 153, 100, 100, 100, 100, 100, 100, 100, 100, 100, 100, 
100, 2500, 2500, 2500, 2500, 2500, 2500, 2500, 2500, 2500, 2500, 
2500, 7223.656, 6992.279, 8748.258, 8657.66800000001, 8718.298, 
8823.58199999999, 8693.454, 8857.356, 8945.07800000001, 8813.84099999999, 
6429.334, 0.44745, 6.60947, 10.95707, 6.32483, 4.07601, 14.01891, 
-0.52042, 6.07707, 9.74439, 14.91586, 14.56475, 1.63119, -7.70195, 
-9.35889, -10.73671, -3.13999, -10.67096, -0.37277, -7.37254, 
-5.09072, -8.39978, -12.40003, 0, 0, 0, 0, 0, 0, 0, 0, 0, 0, 
0, 0, 0, 0, 0, 0, 0, 0, 0, 0, 0, 0, 0.37286, 0.34643, 0.35274, 
0.33262, 0.39286, 0.38075, 0.38611, 0.39639, 0.41556, 0.39025, 
0.45359, 0.31714, 0.30726, 0.22095, 0.31774, 0.23929, 0.29107, 
0.35, 0.37417, 0.36222, 0.33247, 0.37929, 0.0103, 0.0106, 0.0126, 
0.0122, 0.0131, 0.0189, 0.0117, 0.0125, 0.0203, 0.0625, 0.0187, 
43.2, 46.4, 49.9, 54.9, 57.7, 60.4, 67.1, 68.7, 70.4, 74.4, 81.6, 
180, 157, 987, 774, 1629, 566, 553, 2296, 459, 1765, 713, 3, 
1, 2, 17, 1, 5, 1, 1, 4, 2, 3, 100, 100, 100, 100, 100, 100, 
100, 100, 100, 100, 100, 2500, 2500, 2500, 2500, 2500, 2500, 
2500, 2500, 2500, 2500, 2500, 7612.276, 8491.204, 8828.104, 8643.197, 
8680.605, 8643.52900000001, 8789.39600000001, 8718.13699999999, 
8653.00099999999, 6417.962, 6409.02799999999, 1, 1, 1, 1, 1, 
1, 1, 1, 1, 1, 1, 0.16667, 0.16667, 0.16667, 0.16667, 0.16667, 
0.16667, 0.16667, 0.16667, 0.16667, 0.16667, 0.16667, 0, 0, 0, 
0, 0, 0, 0, 0, 0, 0, 0, 0, 0, 0, 0, 0, 0, 0, 0, 0, 0, 0, 0.15167, 
0.27548, 0.2369, 0.23155, 0.25357, 0.31607, 0.31111, 0.31417, 
0.38306, 0.32227, 0.36596, 0.19357, 0.29869, 0.26107, 0.23571, 
0.24524, 0.32758, 0.34722, 0.29333, 0.34083, 0.24687, 0.37444, 
0.0102, 0.0115, 0.0122, 0.0111, 0.0118, 0.013, 0.0126, 0.0135, 
0.0127, 0.0123, 0.0126, 43.2, 47.1, 51.2, 55.2, 59.2, 63.1, 66.8, 
71, 75.2, 79.1, 86, 1, 1, 1, 1, 1, 1, 1, 1, 1, 1, 1, 1, 1, 1, 
1, 1, 1, 1, 1, 1, 1, 1, 1, 1, 1, 1, 1, 1, 1, 1, 1, 1, 1, 1, 1, 
1, 1, 1, 1, 1, 1, 1, 1, 1, 2.773, 3.47, 3.672, 3.322, 3.39, 3.72, 
3.377, 3.644, 3.275, 2.594, 2.477), .Dim = c(11L, 40L), .Dimnames = list(
    NULL, c("Sampling", "PSO.cost", "PSO.gamma", "PSO.data.balancing", 
    "PSO.feature.selection", "PSO.valid.acc", "PSO.test.acc", 
    "PSO.train.time", "PSO.n.support.vectors", "PSO.index", "PSO.n.solutions", 
    "PSO.generations", "PSO.n.evaluations", "PSO.cpu.time", "RS.cost", 
    "RS.gamma", "RS.data.balancing", "RS.feature.selection", 
    "RS.valid.acc", "RS.test.acc", "RS.train.time", "RS.n.support.vectors", 
    "RS.index", "RS.n.solutions", "RS.generations", "RS.n.evaluations", 
    "RS.cpu.time", "DF.cost", "DF.gamma", "DF.data.balancing", 
    "DF.feature.selection", "DF.valid.acc", "DF.test.acc", "DF.train.time", 
    "DF.n.support.vectors", "DF.index", "DF.n.solutions", "DF.generations", 
    "DF.n.evaluations", "DF.cpu.time")))
