full <-
structure(c(50, 55, 60, 65, 70, 75, 80, 85, 90, 95, 100, 13.59561, 
12.05097, 13.03957, 11.72547, 15, 15, 8.50786, 12.97113, 14.98585, 
13.70226, 4.61016, -5.91705, -9.37613, -11.75227, -7.53072, -14.50379, 
-13.24871, -6.46776, -11.44322, -11.1953, -12.65273, -8.68104, 
0, 0, 0, 0, 0, 0, 0, 0, 0, 0, 0, 0, 0, 0, 0, 0, 0, 0, 0, 0, 0, 
0, 0.48571, 0.56833, 0.44238, 0.48214, 0.41032, 0.41012, 0.39583, 
0.45111, 0.47566, 0.45556, 0.4001, 0.40119, 0.52988, 0.41619, 
0.37321, 0.36448, 0.39583, 0.36944, 0.39667, 0.38795, 0.3602, 
0.39177, 0.0168, 0.0133, 0.0129, 0.0163, 0.0127, 0.0141, 0.0131, 
0.0149, 0.0243, 0.0158, 0.0132, 36.2, 43.4, 48.2, 50.8, 55.9, 
60, 64, 66.7, 68.8, 74.1, 85.6, 1680, 469, 274, 351, 98, 309, 
696, 210, 1855, 247, 1272, 4, 46, 313, 193, 716, 252, 134, 681, 
1, 297, 46, 100, 100, 100, 100, 100, 100, 100, 100, 100, 100, 
100, 2500, 2500, 2500, 2500, 2500, 2500, 2500, 2500, 2500, 2500, 
2500, 6956.964, 6971.654, 6603.684, 6700.895, 6500.26, 6593.693, 
6483.481, 6387.704, 6786.897, 6659.424, 6646.62, 6.447, 11.48436, 
13.34923, 12.0258, 14.77058, 11.63293, 13.65149, 13.29349, 14.801, 
13.47229, 5.87864, -2.67113, -9.03037, -12.09115, -7.6534, -10.30447, 
-7.50378, -8.91017, -11.68448, -11.09146, -12.44145, -5.19718, 
0, 0, 0, 0, 0, 0, 0, 0, 0, 0, 0, 0, 0, 0, 0, 0, 0, 0, 0, 0, 0, 
0, 0.48381, 0.56833, 0.44238, 0.47976, 0.43631, 0.40357, 0.38472, 
0.45111, 0.45343, 0.45556, 0.39414, 0.43286, 0.48821, 0.41619, 
0.36071, 0.34008, 0.30298, 0.34583, 0.39667, 0.37684, 0.3602, 
0.3347, 0.0113, 0.0132, 0.0128, 0.0175, 0.0231, 0.0189, 0.026, 
0.0143, 0.025, 0.015, 0.0151, 41.1, 43.8, 48.2, 50.8, 55.5, 59.7, 
62.4, 66.7, 68.8, 74.1, 82.4, 1027, 957, 657, 1186, 1988, 322, 
427, 1444, 925, 1634, 29, 2, 1, 4, 1, 1, 2, 3, 3, 1, 1, 2, 100, 
100, 100, 100, 100, 100, 100, 100, 100, 100, 100, 2500, 2500, 
2500, 2500, 2500, 2500, 2500, 2500, 2500, 2500, 2500, 6893.691, 
6868.776, 6603.802, 6599.807, 6539.304, 6453.586, 6356.196, 6386.132, 
6690.48300000001, 6641.47900000001, 6557.867, 1, 1, 1, 1, 1, 
1, 1, 1, 1, 1, 1, 0.16667, 0.16667, 0.16667, 0.16667, 0.16667, 
0.16667, 0.16667, 0.16667, 0.16667, 0.16667, 0.16667, 0, 0, 0, 
0, 0, 0, 0, 0, 0, 0, 0, 0, 0, 0, 0, 0, 0, 0, 0, 0, 0, 0, 0.33119, 
0.32714, 0.34, 0.3256, 0.25913, 0.29643, 0.28611, 0.30694, 0.35338, 
0.31182, 0.34212, 0.35857, 0.36798, 0.31524, 0.29167, 0.29583, 
0.30337, 0.31111, 0.27944, 0.33894, 0.29071, 0.27934, 0.0104, 
0.0108, 0.011, 0.0115, 0.011, 0.0107, 0.012, 0.0118, 0.0124, 
0.0125, 0.014, 43, 47.1, 51.2, 54.9, 58.8, 62.9, 67.2, 71.1, 
74.9, 78.8, 86.3, 1, 1, 1, 1, 1, 1, 1, 1, 1, 1, 1, 1, 1, 1, 1, 
1, 1, 1, 1, 1, 1, 1, 1, 1, 1, 1, 1, 1, 1, 1, 1, 1, 1, 1, 1, 1, 
1, 1, 1, 1, 1, 1, 1, 1, 2.796, 2.746, 2.736, 2.727, 2.608, 2.507, 
2.645, 2.577, 2.606, 2.556, 2.633), .Dim = c(11L, 40L), .Dimnames = list(
    NULL, c("Sampling", "PSO.cost", "PSO.gamma", "PSO.data.balancing", 
    "PSO.feature.selection", "PSO.valid.acc", "PSO.test.acc", 
    "PSO.train.time", "PSO.n.support.vectors", "PSO.index", "PSO.n.solutions", 
    "PSO.generations", "PSO.n.evaluations", "PSO.cpu.time", "RS.cost", 
    "RS.gamma", "RS.data.balancing", "RS.feature.selection", 
    "RS.valid.acc", "RS.test.acc", "RS.train.time", "RS.n.support.vectors", 
    "RS.index", "RS.n.solutions", "RS.generations", "RS.n.evaluations", 
    "RS.cpu.time", "DF.cost", "DF.gamma", "DF.data.balancing", 
    "DF.feature.selection", "DF.valid.acc", "DF.test.acc", "DF.train.time", 
    "DF.n.support.vectors", "DF.index", "DF.n.solutions", "DF.generations", 
    "DF.n.evaluations", "DF.cpu.time")))
