full <-
structure(c(50, 55, 60, 65, 70, 75, 80, 85, 90, 95, 100, 5.20142, 
14.14226, 15, 8.15527, 1.37164, 11.21145, 2.94353, 12.90244, 
2.48241, 14.99873, 14.76331, 1.69607, -12.63118, -12.91835, -10.18308, 
0.54639, -4.54255, -5.71644, -4.7606, -2.75832, -13.47451, -11.99327, 
0, 0, 0, 0, 0, 0, 0, 0, 0, 0, 0, 0, 0, 0, 0, 0, 0, 0, 0, 0, 0, 
0, 0.41857, 0.40607, 0.41036, 0.3756, 0.38948, 0.42222, 0.43332, 
0.43722, 0.38247, 0.39899, 0.43121, 0.37952, 0.38607, 0.37012, 
0.34643, 0.35159, 0.40417, 0.36549, 0.37306, 0.33977, 0.35399, 
0.3246, 0.011, 0.0117, 0.0149, 0.01, 0.0114, 0.0198, 0.0117, 
0.0345, 0.0141, 0.0184, 0.0217, 42.9, 43.2, 48.5, 53.8, 59.1, 
56, 66.2, 64.6, 72.9, 75.7, 81.7, 20, 76, 505, 35, 235, 502, 
347, 719, 2479, 599, 788, 1581, 642, 26, 83, 162, 133, 84, 323, 
1, 40, 227, 100, 100, 100, 100, 100, 100, 100, 100, 100, 100, 
100, 2500, 2500, 2500, 2500, 2500, 2500, 2500, 2500, 2500, 2500, 
2500, 6473.714, 6249.649, 6524.544, 6369.40300000001, 6397.469, 
8568.236, 8520.18400000001, 8779.02, 8581.57699999999, 8697.44099999999, 
8816.97500000001, 12.08888, 13.51226, 11.94341, 0.53145, 10.68482, 
12.1945, 3.01049, 14.26313, 2.18143, 13.00642, 14.87948, 1.70741, 
-11.94087, -12.5662, 1.58158, -10.64789, -5.19701, -5.88872, 
-5.43302, -2.57351, -12.75568, -12.05899, 0, 0, 0, 0, 0, 0, 0, 
0, 0, 0, 0, 0, 0, 0, 0, 0, 0, 0, 0, 0, 0, 0, 0.41857, 0.40607, 
0.39131, 0.37917, 0.39246, 0.42222, 0.43332, 0.40389, 0.39247, 
0.38154, 0.42288, 0.39619, 0.38607, 0.32405, 0.33631, 0.3252, 
0.4375, 0.36411, 0.33694, 0.32866, 0.35586, 0.3246, 0.0103, 0.0116, 
0.0113, 0.0113, 0.0127, 0.0239, 0.0133, 0.06, 0.0127, 0.0156, 
0.0209, 42.8, 43.1, 49.1, 55.2, 56.2, 56.2, 66.1, 64.1, 72.9, 
75.3, 81.7, 178, 355, 566, 583, 2258, 757, 502, 913, 2354, 2200, 
1806, 27, 11, 2, 2, 1, 1, 2, 3, 1, 1, 1, 100, 100, 100, 100, 
100, 100, 100, 100, 100, 100, 100, 2500, 2500, 2500, 2500, 2500, 
2500, 2500, 2500, 2500, 2500, 2500, 6434.008, 6274.479, 6400.951, 
6422.474, 7519.631, 8367.905, 8349.40400000001, 8225.46500000001, 
8334.90099999998, 8779.321, 8806.587, 1, 1, 1, 1, 1, 1, 1, 1, 
1, 1, 1, 0.16667, 0.16667, 0.16667, 0.16667, 0.16667, 0.16667, 
0.16667, 0.16667, 0.16667, 0.16667, 0.16667, 0, 0, 0, 0, 0, 0, 
0, 0, 0, 0, 0, 0, 0, 0, 0, 0, 0, 0, 0, 0, 0, 0, 0.3319, 0.22595, 
0.22214, 0.23333, 0.2754, 0.35417, 0.3732, 0.28083, 0.29518, 
0.32439, 0.3099, 0.3519, 0.20262, 0.245, 0.26012, 0.27024, 0.34306, 
0.36549, 0.28611, 0.30033, 0.31379, 0.34813, 0.0096, 0.0105, 
0.0094, 0.0107, 0.0112, 0.0127, 0.0119, 0.0134, 0.0131, 0.0137, 
0.0143, 43.1, 47.2, 51.2, 55.2, 59.1, 63.1, 67, 71, 74.7, 78.6, 
85.7, 1, 1, 1, 1, 1, 1, 1, 1, 1, 1, 1, 1, 1, 1, 1, 1, 1, 1, 1, 
1, 1, 1, 1, 1, 1, 1, 1, 1, 1, 1, 1, 1, 1, 1, 1, 1, 1, 1, 1, 1, 
1, 1, 1, 1, 2.496, 2.532, 2.398, 2.554, 3.174, 3.472, 3.185, 
3.53, 3.332, 3.451, 3.485), .Dim = c(11L, 40L), .Dimnames = list(
    NULL, c("Sampling", "PSO.cost", "PSO.gamma", "PSO.data.balancing", 
    "PSO.feature.selection", "PSO.valid.acc", "PSO.test.acc", 
    "PSO.train.time", "PSO.n.support.vectors", "PSO.index", "PSO.n.solutions", 
    "PSO.generations", "PSO.n.evaluations", "PSO.cpu.time", "RS.cost", 
    "RS.gamma", "RS.data.balancing", "RS.feature.selection", 
    "RS.valid.acc", "RS.test.acc", "RS.train.time", "RS.n.support.vectors", 
    "RS.index", "RS.n.solutions", "RS.generations", "RS.n.evaluations", 
    "RS.cpu.time", "DF.cost", "DF.gamma", "DF.data.balancing", 
    "DF.feature.selection", "DF.valid.acc", "DF.test.acc", "DF.train.time", 
    "DF.n.support.vectors", "DF.index", "DF.n.solutions", "DF.generations", 
    "DF.n.evaluations", "DF.cpu.time")))
