full <-
structure(c(50, 55, 60, 65, 70, 75, 80, 85, 90, 95, 100, 15, 
5.84552, 5.95488, 4.65098, 12.09061, 11.66815, 12.59817, 11.26674, 
12.66729, 10.26872, 12.86053, -9.56209, -5.75442, -5.2658, -8.77131, 
-14.3154, -12.59192, -14.51969, -14.57069, -12.72521, -11.75232, 
-10.02167, 0, 0, 0, 0, 0, 0, 0, 0, 0, 0, 0, 0, 0, 0, 0, 0, 0, 
0, 0, 0, 0, 0, 0.44286, 0.43405, 0.43857, 0.45179, 0.38313, 0.41865, 
0.45119, 0.44056, 0.45, 0.45636, 0.41227, 0.37452, 0.37833, 0.34714, 
0.4131, 0.36429, 0.40655, 0.41619, 0.41896, 0.41139, 0.39101, 
0.38343, 0.0194, 0.0106, 0.0115, 0.0103, 0.0103, 0.0114, 0.0119, 
0.0117, 0.0121, 0.0131, 0.0234, 36.9, 45.1, 48.6, 54.5, 56.2, 
59.2, 63.2, 68.6, 70.3, 75.9, 81.7, 541, 600, 240, 111, 404, 
724, 144, 111, 289, 183, 1588, 581, 149, 734, 45, 58, 121, 300, 
82, 223, 126, 3, 100, 100, 100, 100, 100, 100, 100, 100, 100, 
100, 100, 2500, 2500, 2500, 2500, 2500, 2500, 2500, 2500, 2500, 
2500, 2500, 6114.235, 6022.376, 5944.728, 5987.701, 5963.683, 
5994.69500000001, 5965.20899999999, 6003.55200000001, 6195.575, 
6392.87299999999, 8769.64700000001, 14.4983, 6.36822, 6.3847, 
6.35486, 12.15874, 13.16687, 10.24257, 11.96793, 12.91039, 6.4193, 
9.56185, -9.82141, -6.29486, -5.79016, -10.44149, -14.36479, 
-14.05163, -12.19581, -13.07433, -12.83897, -9.47716, -8.46738, 
0, 0, 0, 0, 0, 0, 0, 0, 0, 0, 0, 0, 0, 0, 0, 0, 0, 0, 0, 0, 0, 
0, 0.42286, 0.41405, 0.43857, 0.43929, 0.38313, 0.41865, 0.45119, 
0.43306, 0.45, 0.45434, 0.40394, 0.39452, 0.36405, 0.36143, 0.39881, 
0.36429, 0.39405, 0.41619, 0.40396, 0.40139, 0.40081, 0.3997, 
0.0174, 0.0097, 0.0109, 0.0097, 0.01, 0.0108, 0.0105, 0.0119, 
0.0136, 0.0115, 0.0166, 37.9, 45.4, 48.4, 54.1, 56.2, 59.2, 63.2, 
66.6, 70.4, 77, 82.1, 863, 322, 462, 713, 511, 715, 59, 2016, 
444, 23, 501, 2, 2, 3, 5, 3, 1, 5, 1, 2, 5, 1, 100, 100, 100, 
100, 100, 100, 100, 100, 100, 100, 100, 2500, 2500, 2500, 2500, 
2500, 2500, 2500, 2500, 2500, 2500, 2500, 5940.428, 5828.931, 
5988.479, 6018.912, 6055.414, 6012.41800000001, 5951.686, 6149.01299999999, 
6472.40700000001, 8115.86500000001, 8499.62, 1, 1, 1, 1, 1, 1, 
1, 1, 1, 1, 1, 0.16667, 0.16667, 0.16667, 0.16667, 0.16667, 0.16667, 
0.16667, 0.16667, 0.16667, 0.16667, 0.16667, 0, 0, 0, 0, 0, 0, 
0, 0, 0, 0, 0, 0, 0, 0, 0, 0, 0, 0, 0, 0, 0, 0, 0.30524, 0.29476, 
0.27667, 0.3494, 0.30536, 0.34325, 0.3494, 0.32694, 0.32278, 
0.34242, 0.29313, 0.28357, 0.2831, 0.31857, 0.36786, 0.24167, 
0.35476, 0.33552, 0.35106, 0.34417, 0.33859, 0.30364, 0.0099, 
0.0099, 0.0103, 0.0105, 0.01, 0.0109, 0.0113, 0.0116, 0.0125, 
0.0142, 0.0141, 42.9, 46.9, 50.7, 54.9, 58.6, 62.3, 66.2, 70, 
74.5, 78.4, 86.2, 1, 1, 1, 1, 1, 1, 1, 1, 1, 1, 1, 1, 1, 1, 1, 
1, 1, 1, 1, 1, 1, 1, 1, 1, 1, 1, 1, 1, 1, 1, 1, 1, 1, 1, 1, 1, 
1, 1, 1, 1, 1, 1, 1, 1, 2.463, 2.333, 2.486, 2.448, 2.299, 2.421, 
2.44, 2.514, 2.573, 3.463, 3.17), .Dim = c(11L, 40L), .Dimnames = list(
    NULL, c("Sampling", "PSO.cost", "PSO.gamma", "PSO.data.balancing", 
    "PSO.feature.selection", "PSO.valid.acc", "PSO.test.acc", 
    "PSO.train.time", "PSO.n.support.vectors", "PSO.index", "PSO.n.solutions", 
    "PSO.generations", "PSO.n.evaluations", "PSO.cpu.time", "RS.cost", 
    "RS.gamma", "RS.data.balancing", "RS.feature.selection", 
    "RS.valid.acc", "RS.test.acc", "RS.train.time", "RS.n.support.vectors", 
    "RS.index", "RS.n.solutions", "RS.generations", "RS.n.evaluations", 
    "RS.cpu.time", "DF.cost", "DF.gamma", "DF.data.balancing", 
    "DF.feature.selection", "DF.valid.acc", "DF.test.acc", "DF.train.time", 
    "DF.n.support.vectors", "DF.index", "DF.n.solutions", "DF.generations", 
    "DF.n.evaluations", "DF.cpu.time")))
