full <-
structure(c(50, 55, 60, 65, 70, 75, 80, 85, 90, 95, 100, 9.94166, 
15, 2.11692, 10.22228, 15, 15, 10.49932, 11.84107, 11.09514, 
11.92051, 14.97201, -6.54821, -15, 0.02214, -5.77391, -11.70443, 
-0.63275, -1.04352, -8.63116, -3.1008, -9.15959, -13.1083, 0, 
0, 0, 0, 0, 0, 0, 0, 0, 0, 0, 0, 0, 0, 0, 0, 0, 0, 0, 0, 0, 0, 
0.48333, 0.4681, 0.49095, 0.48036, 0.4506, 0.4225, 0.43254, 0.37192, 
0.40222, 0.43144, 0.42672, 0.40667, 0.42405, 0.44512, 0.38155, 
0.41131, 0.39306, 0.37698, 0.30394, 0.36889, 0.37417, 0.38429, 
0.0116, 0.01, 0.0103, 0.0143, 0.0185, 0.0112, 0.0122, 0.0165, 
0.0162, 0.0172, 0.0166, 38.5, 44, 50.9, 50.5, 54.8, 60.9, 63.3, 
67.3, 65.6, 74.8, 79.8, 420, 51, 2202, 964, 236, 388, 55, 270, 
515, 1407, 848, 234, 1903, 1, 104, 26, 922, 1379, 126, 353, 49, 
1, 100, 100, 100, 100, 100, 100, 100, 100, 100, 100, 100, 2500, 
2500, 2500, 2500, 2500, 2500, 2500, 2500, 2500, 2500, 2500, 6083.915, 
6053.157, 6070.952, 6066.435, 6133.993, 5924.054, 6032.564, 6165.033, 
5975.497, 5979.44900000001, 5921.855, 10.02583, 10.24749, 4.66604, 
0.20607, -0.25739, -0.35439, 11.04263, 10.98662, 12.29528, 11.50771, 
13.48887, -6.67672, -10.28269, -2.1263, 2.07992, 2.40165, 2.70849, 
-1.03001, -3.93566, -3.10322, -9.02041, -12.46762, 0, 0, 0, 0, 
0, 0, 0, 0, 0, 0, 0, 0, 0, 0, 0, 0, 0, 0, 0, 0, 0, 0, 0.48333, 
0.48238, 0.49429, 0.48095, 0.45258, 0.44167, 0.43254, 0.37573, 
0.40222, 0.42235, 0.40116, 0.39, 0.35976, 0.39988, 0.42143, 0.49008, 
0.425, 0.3881, 0.34164, 0.35667, 0.36508, 0.36505, 0.0114, 0.0105, 
0.0101, 0.0106, 0.0109, 0.0108, 0.0127, 0.0189, 0.0172, 0.0174, 
0.0141, 38.6, 44, 48.5, 55.2, 59.2, 63.2, 63.4, 64, 65.2, 74.8, 
80.8, 472, 853, 390, 1279, 1658, 206, 210, 2303, 1999, 1977, 
432, 2, 3, 1, 3, 1, 1, 4, 1, 1, 1, 3, 100, 100, 100, 100, 100, 
100, 100, 100, 100, 100, 100, 2500, 2500, 2500, 2500, 2500, 2500, 
2500, 2500, 2500, 2500, 2500, 6052.121, 6065.827, 6059.582, 5925.45400000001, 
5932.62100000001, 6010.357, 5972.13500000001, 6015.552, 5866.512, 
5902.568, 5875.52499999999, 1, 1, 1, 1, 1, 1, 1, 1, 1, 1, 1, 
0.16667, 0.16667, 0.16667, 0.16667, 0.16667, 0.16667, 0.16667, 
0.16667, 0.16667, 0.16667, 0.16667, 0, 0, 0, 0, 0, 0, 0, 0, 0, 
0, 0, 0, 0, 0, 0, 0, 0, 0, 0, 0, 0, 0, 0.33, 0.3431, 0.29119, 
0.34643, 0.31746, 0.23694, 0.30774, 0.25561, 0.31167, 0.28854, 
0.31242, 0.35333, 0.33238, 0.24714, 0.25595, 0.29563, 0.23722, 
0.26052, 0.26672, 0.27944, 0.32944, 0.34298, 0.0097, 0.0097, 
0.01, 0.0105, 0.0098, 0.0111, 0.0115, 0.0115, 0.0112, 0.0109, 
0.0119, 42.6, 46.7, 51.1, 54.9, 58.7, 63, 66.6, 70.9, 75, 79.1, 
85.9, 1, 1, 1, 1, 1, 1, 1, 1, 1, 1, 1, 1, 1, 1, 1, 1, 1, 1, 1, 
1, 1, 1, 1, 1, 1, 1, 1, 1, 1, 1, 1, 1, 1, 1, 1, 1, 1, 1, 1, 1, 
1, 1, 1, 1, 2.392, 2.429, 2.396, 2.404, 2.256, 2.406, 2.471, 
2.482, 2.267, 2.24, 2.258), .Dim = c(11L, 40L), .Dimnames = list(
    NULL, c("Sampling", "PSO.cost", "PSO.gamma", "PSO.data.balancing", 
    "PSO.feature.selection", "PSO.valid.acc", "PSO.test.acc", 
    "PSO.train.time", "PSO.n.support.vectors", "PSO.index", "PSO.n.solutions", 
    "PSO.generations", "PSO.n.evaluations", "PSO.cpu.time", "RS.cost", 
    "RS.gamma", "RS.data.balancing", "RS.feature.selection", 
    "RS.valid.acc", "RS.test.acc", "RS.train.time", "RS.n.support.vectors", 
    "RS.index", "RS.n.solutions", "RS.generations", "RS.n.evaluations", 
    "RS.cpu.time", "DF.cost", "DF.gamma", "DF.data.balancing", 
    "DF.feature.selection", "DF.valid.acc", "DF.test.acc", "DF.train.time", 
    "DF.n.support.vectors", "DF.index", "DF.n.solutions", "DF.generations", 
    "DF.n.evaluations", "DF.cpu.time")))
