full <-
structure(c(50, 55, 60, 65, 70, 75, 80, 85, 90, 95, 100, 4.50645, 
13.08104, 14.04104, 11.88447, 8.59376, 15, 11.26161, 13.99893, 
15, 14.25256, 13.28119, -3.58513, -12.6683, -8.74806, -11.99381, 
-2.17962, -5.64078, -11.22191, -3.26574, -14.77249, -11.22814, 
-14.36883, 0, 0, 0, 0, 0, 0, 0, 0, 0, 0, 0, 0, 0, 0, 0, 0, 0, 
0, 0, 0, 0, 0, 0.43071, 0.415, 0.43786, 0.40238, 0.42917, 0.44266, 
0.37028, 0.39323, 0.4053, 0.40657, 0.3647, 0.35238, 0.3375, 0.32655, 
0.34464, 0.33869, 0.31548, 0.28667, 0.34033, 0.3524, 0.34823, 
0.28667, 0.0109, 0.0116, 0.0249, 0.0114, 0.0123, 0.0417, 0.0121, 
0.0191, 0.0136, 0.0211, 0.0136, 42, 44.5, 44.3, 52.9, 54.5, 54.4, 
64.5, 61.5, 71.8, 74.3, 82.8, 81, 456, 1819, 150, 591, 246, 148, 
607, 289, 597, 167, 253, 92, 6, 331, 643, 564, 152, 356, 576, 
25, 121, 100, 100, 100, 100, 100, 100, 100, 100, 100, 100, 100, 
2500, 2500, 2500, 2500, 2500, 2500, 2500, 2500, 2500, 2500, 2500, 
6300.066, 6307.748, 6401.077, 6512.548, 6299.187, 6607.41, 6135.647, 
6301.71000000001, 6181.033, 6643.355, 6418.47800000002, 3.94433, 
14.41342, 13.21014, 5.95219, 14.64199, 14.56383, 6.50796, 7.27844, 
12.61168, 12.43824, 1.13184, -3.05313, -14.97914, -8.26931, -3.53149, 
-1.97575, -5.48785, -2.24152, -3.07892, -12.38187, -3.86101, 
-4.34254, 0, 0, 0, 0, 0, 0, 0, 0, 0, 0, 0, 0, 0, 0, 0, 0, 0, 
0, 0, 0, 0, 0, 0.43071, 0.4025, 0.43786, 0.4125, 0.40417, 0.44266, 
0.38278, 0.39323, 0.4053, 0.3922, 0.37212, 0.38571, 0.32321, 
0.34083, 0.38333, 0.32202, 0.31548, 0.28806, 0.37962, 0.33129, 
0.24949, 0.34318, 0.0099, 0.0104, 0.0232, 0.0119, 0.0125, 0.0375, 
0.0137, 0.0149, 0.0139, 0.0292, 0.0131, 41.6, 45.4, 44.2, 51.2, 
54.9, 54.8, 63.1, 66.1, 71.8, 70.8, 85.5, 691, 133, 561, 339, 
553, 773, 1154, 831, 921, 1981, 321, 4, 9, 1, 3, 7, 2, 1, 1, 
1, 1, 1, 100, 100, 100, 100, 100, 100, 100, 100, 100, 100, 100, 
2500, 2500, 2500, 2500, 2500, 2500, 2500, 2500, 2500, 2500, 2500, 
6400.385, 6342.416, 6399.626, 6456.922, 6093.988, 6047.553, 6115.52800000001, 
6395.592, 6280.326, 6486.997, 6254.932, 1, 1, 1, 1, 1, 1, 1, 
1, 1, 1, 1, 0.16667, 0.16667, 0.16667, 0.16667, 0.16667, 0.16667, 
0.16667, 0.16667, 0.16667, 0.16667, 0.16667, 0, 0, 0, 0, 0, 0, 
0, 0, 0, 0, 0, 0, 0, 0, 0, 0, 0, 0, 0, 0, 0, 0, 0.32476, 0.24202, 
0.27988, 0.32798, 0.24643, 0.29365, 0.27417, 0.23783, 0.30513, 
0.28179, 0.28924, 0.26881, 0.28369, 0.29655, 0.31369, 0.25893, 
0.26825, 0.25083, 0.28826, 0.30331, 0.27437, 0.31591, 0.0098, 
0.0107, 0.0111, 0.0111, 0.0101, 0.0117, 0.0106, 0.0124, 0.0121, 
0.0125, 0.013, 42.8, 46.5, 50.8, 54.7, 59.1, 62.8, 66.8, 71.1, 
75, 79.2, 85.9, 1, 1, 1, 1, 1, 1, 1, 1, 1, 1, 1, 1, 1, 1, 1, 
1, 1, 1, 1, 1, 1, 1, 1, 1, 1, 1, 1, 1, 1, 1, 1, 1, 1, 1, 1, 1, 
1, 1, 1, 1, 1, 1, 1, 1, 2.504, 2.623, 2.598, 2.588, 2.327, 2.545, 
2.294, 2.526, 2.54, 2.55, 2.588), .Dim = c(11L, 40L), .Dimnames = list(
    NULL, c("Sampling", "PSO.cost", "PSO.gamma", "PSO.data.balancing", 
    "PSO.feature.selection", "PSO.valid.acc", "PSO.test.acc", 
    "PSO.train.time", "PSO.n.support.vectors", "PSO.index", "PSO.n.solutions", 
    "PSO.generations", "PSO.n.evaluations", "PSO.cpu.time", "RS.cost", 
    "RS.gamma", "RS.data.balancing", "RS.feature.selection", 
    "RS.valid.acc", "RS.test.acc", "RS.train.time", "RS.n.support.vectors", 
    "RS.index", "RS.n.solutions", "RS.generations", "RS.n.evaluations", 
    "RS.cpu.time", "DF.cost", "DF.gamma", "DF.data.balancing", 
    "DF.feature.selection", "DF.valid.acc", "DF.test.acc", "DF.train.time", 
    "DF.n.support.vectors", "DF.index", "DF.n.solutions", "DF.generations", 
    "DF.n.evaluations", "DF.cpu.time")))
