full <-
structure(c(50, 55, 60, 65, 70, 75, 80, 85, 90, 95, 100, 13.78038, 
14.99547, 15, 15, 15, 10.81317, 15, 8.32542, 6.32668, 15, 13.06851, 
-10.15816, -11.52432, -11.79155, -13.50198, -10.50095, -9.04678, 
-9.98812, -8.37656, -9.53056, -10.65133, -3.12767, 0, 0, 0, 0, 
0, 0, 0, 0, 0, 0, 0, 0, 0, 0, 0, 0, 0, 0, 0, 0, 0, 0, 0.44857, 
0.48238, 0.47798, 0.48274, 0.49821, 0.56857, 0.45143, 0.48833, 
0.43389, 0.45879, 0.43681, 0.40262, 0.36524, 0.42798, 0.45417, 
0.37024, 0.48782, 0.39071, 0.49056, 0.42194, 0.32414, 0.29436, 
0.0147, 0.0141, 0.0156, 0.0123, 0.0201, 0.0132, 0.0311, 0.0143, 
0.012, 0.0292, 0.0237, 37.7, 41.6, 46.5, 49.7, 51.7, 57.9, 57.6, 
66.4, 73.6, 73, 75.1, 114, 1342, 689, 164, 134, 649, 221, 864, 
227, 404, 653, 605, 29, 429, 261, 696, 238, 871, 45, 37, 62, 
84, 100, 100, 100, 100, 100, 100, 100, 100, 100, 100, 100, 2500, 
2500, 2500, 2500, 2500, 2500, 2500, 2500, 2500, 2500, 2500, 6383.513, 
6244.326, 6348.265, 6199.906, 6324.946, 6188.46000000001, 7324.178, 
8798.868, 6357.70600000001, 6567.63100000001, 6574.56599999999, 
14.57384, 14.73251, 14.36062, 13.6154, 13.92611, 10.70701, 14.98305, 
8.29283, 11.51841, 14.75887, 13.28504, -11.01448, -12.07767, 
-10.84764, -12.21834, -6.2542, -9.15128, -9.49916, -8.34515, 
-14.73865, -10.45836, -3.20182, 0, 0, 0, 0, 0, 0, 0, 0, 0, 0, 
0, 0, 0, 0, 0, 0, 0, 0, 0, 0, 0, 0, 0.44857, 0.4681, 0.47226, 
0.48274, 0.51429, 0.55746, 0.45143, 0.48833, 0.43389, 0.44879, 
0.42912, 0.40262, 0.33429, 0.41786, 0.4375, 0.35774, 0.47782, 
0.36071, 0.49056, 0.42194, 0.32414, 0.29436, 0.0126, 0.013, 0.0148, 
0.0125, 0.0231, 0.0125, 0.0319, 0.0125, 0.0118, 0.0277, 0.024, 
37.6, 42, 46.7, 49.7, 47.7, 57.8, 56.4, 66.3, 73.1, 72.9, 74.8, 
343, 346, 73, 296, 353, 2039, 216, 2203, 416, 575, 732, 3, 6, 
2, 2, 2, 2, 2, 1, 4, 8, 1, 100, 100, 100, 100, 100, 100, 100, 
100, 100, 100, 100, 2500, 2500, 2500, 2500, 2500, 2500, 2500, 
2500, 2500, 2500, 2500, 6284.478, 6185.514, 6140.756, 6085.354, 
6029.906, 6156.20999999999, 8801.49099999999, 6357.65300000001, 
6315.27900000001, 6265.03800000002, 6259.967, 1, 1, 1, 1, 1, 
1, 1, 1, 1, 1, 1, 0.16667, 0.16667, 0.16667, 0.16667, 0.16667, 
0.16667, 0.16667, 0.16667, 0.16667, 0.16667, 0.16667, 0, 0, 0, 
0, 0, 0, 0, 0, 0, 0, 0, 0, 0, 0, 0, 0, 0, 0, 0, 0, 0, 0, 0.24024, 
0.33429, 0.32643, 0.39881, 0.37262, 0.36599, 0.36393, 0.34972, 
0.32583, 0.36364, 0.27968, 0.26857, 0.32476, 0.2969, 0.36548, 
0.38333, 0.31563, 0.27214, 0.33222, 0.37194, 0.38364, 0.29575, 
0.0099, 0.0096, 0.0106, 0.0105, 0.01, 0.0106, 0.013, 0.0115, 
0.0122, 0.0118, 0.0126, 42.7, 46.7, 50.6, 54.8, 58.3, 62.1, 66.3, 
70.5, 74.2, 78.4, 85.8, 1, 1, 1, 1, 1, 1, 1, 1, 1, 1, 1, 1, 1, 
1, 1, 1, 1, 1, 1, 1, 1, 1, 1, 1, 1, 1, 1, 1, 1, 1, 1, 1, 1, 1, 
1, 1, 1, 1, 1, 1, 1, 1, 1, 1, 2.482, 2.432, 2.583, 2.567, 2.373, 
2.483, 3.505, 2.493, 2.514, 2.435, 2.429), .Dim = c(11L, 40L), .Dimnames = list(
    NULL, c("Sampling", "PSO.cost", "PSO.gamma", "PSO.data.balancing", 
    "PSO.feature.selection", "PSO.valid.acc", "PSO.test.acc", 
    "PSO.train.time", "PSO.n.support.vectors", "PSO.index", "PSO.n.solutions", 
    "PSO.generations", "PSO.n.evaluations", "PSO.cpu.time", "RS.cost", 
    "RS.gamma", "RS.data.balancing", "RS.feature.selection", 
    "RS.valid.acc", "RS.test.acc", "RS.train.time", "RS.n.support.vectors", 
    "RS.index", "RS.n.solutions", "RS.generations", "RS.n.evaluations", 
    "RS.cpu.time", "DF.cost", "DF.gamma", "DF.data.balancing", 
    "DF.feature.selection", "DF.valid.acc", "DF.test.acc", "DF.train.time", 
    "DF.n.support.vectors", "DF.index", "DF.n.solutions", "DF.generations", 
    "DF.n.evaluations", "DF.cpu.time")))
