full <-
structure(c(50, 55, 60, 65, 70, 75, 80, 85, 90, 95, 100, -0.22723, 
4.37537, 6.77219, 0.38336, 12.49313, 13.4887, 15, 7.02662, 10.32883, 
14.02884, 14.94746, -0.44145, 1.96667, 1.45001, 0.79679, -2.44027, 
0.42321, -1.88529, -2.75054, -2.77146, -10.02654, -12.05937, 
0, 0, 0, 0, 0, 0, 0, 0, 0, 0, 0, 0, 0, 0, 0, 0, 0, 0, 0, 0, 0, 
0, 0.39905, 0.45643, 0.44095, 0.42679, 0.46369, 0.4002, 0.4448, 
0.42716, 0.4474, 0.43485, 0.45895, 0.31714, 0.34714, 0.42667, 
0.33155, 0.36627, 0.34881, 0.42841, 0.38105, 0.35955, 0.36778, 
0.36823, 0.0095, 0.0102, 0.0097, 0.0102, 0.0129, 0.0112, 0.0129, 
0.0136, 0.0146, 0.0237, 0.0207, 43.2, 46.7, 50.8, 54.9, 55.1, 
62.1, 62.6, 66.5, 68.1, 72.9, 80.6, 1225, 74, 10, 1186, 588, 
123, 197, 824, 660, 337, 145, 30, 1288, 1702, 49, 565, 1168, 
1212, 201, 35, 162, 785, 100, 100, 100, 100, 100, 100, 100, 100, 
100, 100, 100, 2500, 2500, 2500, 2500, 2500, 2500, 2500, 2500, 
2500, 2500, 2500, 6100.117, 6104.223, 5961.559, 5929.957, 5829.04599999999, 
5932.177, 6103.546, 6139.753, 6401.27600000001, 6612.159, 6493.527, 
-0.06473, 4.39807, 3.69097, 13.26197, 9.55371, 3.76153, 12.62453, 
7.10679, 14.54619, 14.19946, 14.55912, 0.31221, 1.88295, 1.3845, 
-7.51552, -2.40414, 0.66021, -1.90299, -2.9328, -11.26836, -10.13453, 
-11.81659, 0, 0, 0, 0, 0, 0, 0, 0, 0, 0, 0, 0, 0, 0, 0, 0, 0, 
0, 0, 0, 0, 0, 0.39905, 0.45643, 0.44095, 0.41131, 0.44881, 0.40198, 
0.4448, 0.40355, 0.44475, 0.42485, 0.45895, 0.3231, 0.34714, 
0.42667, 0.37619, 0.35238, 0.34881, 0.42841, 0.38244, 0.39753, 
0.36778, 0.36823, 0.0094, 0.0102, 0.0106, 0.0229, 0.0127, 0.0117, 
0.013, 0.0137, 0.0191, 0.025, 0.0198, 43.2, 46.7, 50.8, 49.8, 
56.1, 62.9, 62.5, 66.1, 69.7, 73, 80.5, 435, 23, 60, 146, 370, 
184, 12, 1186, 53, 801, 1887, 3, 43, 38, 1, 2, 2, 10, 1, 1, 1, 
1, 100, 100, 100, 100, 100, 100, 100, 100, 100, 100, 100, 2500, 
2500, 2500, 2500, 2500, 2500, 2500, 2500, 2500, 2500, 2500, 6104.344, 
6023.255, 6051.468, 5927.609, 5901.444, 6058.55, 6172.58100000001, 
6041.258, 6272.36200000001, 6360.80900000001, 6407.333, 1, 1, 
1, 1, 1, 1, 1, 1, 1, 1, 1, 0.16667, 0.16667, 0.16667, 0.16667, 
0.16667, 0.16667, 0.16667, 0.16667, 0.16667, 0.16667, 0.16667, 
0, 0, 0, 0, 0, 0, 0, 0, 0, 0, 0, 0, 0, 0, 0, 0, 0, 0, 0, 0, 0, 
0, 0.26643, 0.28071, 0.3219, 0.29524, 0.28849, 0.26508, 0.24393, 
0.29931, 0.31558, 0.27717, 0.31604, 0.30214, 0.26667, 0.33143, 
0.25417, 0.2756, 0.25437, 0.285, 0.28907, 0.31942, 0.31535, 0.33604, 
0.0094, 0.0094, 0.0101, 0.0094, 0.0103, 0.0105, 0.0115, 0.0116, 
0.0119, 0.0124, 0.0133, 43.2, 47.2, 51.1, 54.8, 59.2, 63.2, 67.2, 
70.9, 75, 78.8, 85.5, 1, 1, 1, 1, 1, 1, 1, 1, 1, 1, 1, 1, 1, 
1, 1, 1, 1, 1, 1, 1, 1, 1, 1, 1, 1, 1, 1, 1, 1, 1, 1, 1, 1, 1, 
1, 1, 1, 1, 1, 1, 1, 1, 1, 1, 2.434, 2.274, 2.445, 2.184, 2.298, 
2.422, 2.457, 2.448, 2.512, 2.514, 2.531), .Dim = c(11L, 40L), .Dimnames = list(
    NULL, c("Sampling", "PSO.cost", "PSO.gamma", "PSO.data.balancing", 
    "PSO.feature.selection", "PSO.valid.acc", "PSO.test.acc", 
    "PSO.train.time", "PSO.n.support.vectors", "PSO.index", "PSO.n.solutions", 
    "PSO.generations", "PSO.n.evaluations", "PSO.cpu.time", "RS.cost", 
    "RS.gamma", "RS.data.balancing", "RS.feature.selection", 
    "RS.valid.acc", "RS.test.acc", "RS.train.time", "RS.n.support.vectors", 
    "RS.index", "RS.n.solutions", "RS.generations", "RS.n.evaluations", 
    "RS.cpu.time", "DF.cost", "DF.gamma", "DF.data.balancing", 
    "DF.feature.selection", "DF.valid.acc", "DF.test.acc", "DF.train.time", 
    "DF.n.support.vectors", "DF.index", "DF.n.solutions", "DF.generations", 
    "DF.n.evaluations", "DF.cpu.time")))
