full <-
structure(c(50, 55, 60, 65, 70, 75, 80, 85, 90, 95, 100, 10.5293, 
2.63214, 13.74057, 14.98273, 13.31589, 10.85664, 14.64939, 14.84135, 
12.95639, 13.55888, 3.80138, -7.10805, -3.69468, 2.93359, -3.1708, 
3, -11.23506, -4.14419, -11.69848, -9.49273, -13.30841, -2.92539, 
0, 0, 0, 0, 0, 0, 0, 0, 0, 0, 0, 0, 0, 0, 0, 0, 0, 0, 0, 0, 0, 
0, 0.43619, 0.4419, 0.37619, 0.40119, 0.40952, 0.44337, 0.40798, 
0.41341, 0.41083, 0.40081, 0.44106, 0.33524, 0.35619, 0.34762, 
0.27321, 0.33036, 0.35052, 0.26952, 0.3104, 0.32667, 0.34061, 
0.41015, 0.0119, 0.0097, 0.0104, 0.0133, 0.0115, 0.0114, 0.0238, 
0.0177, 0.0198, 0.0132, 0.0129, 40.9, 46.8, 51.2, 49.1, 59.2, 
58.2, 56.7, 65.6, 69.7, 74.2, 83.6, 148, 2450, 17, 256, 32, 380, 
299, 420, 1368, 321, 512, 396, 1, 1829, 327, 2291, 61, 466, 8, 
6, 196, 301, 100, 100, 100, 100, 100, 100, 100, 100, 100, 100, 
100, 2500, 2500, 2500, 2500, 2500, 2500, 2500, 2500, 2500, 2500, 
2500, 5990.555, 6065, 6097.509, 6242.112, 6092.765, 6125.158, 
6419.514, 6209.72500000001, 6107.99100000001, 5920.63900000001, 
5934.094, 9.25957, 2.22908, -1.04739, 13.6408, 11.89058, 4.32737, 
7.31653, 14.40072, 13.16002, 13.252, 12.77034, -6.53511, -3.38088, 
0.59841, -3.16361, 2.86802, -3.97222, -4.68996, -13.88905, -9.4275, 
-12.8654, -12.17008, 0, 0, 0, 0, 0, 0, 0, 0, 0, 0, 0, 0, 0, 0, 
0, 0, 0, 0, 0, 0, 0, 0, 0.42786, 0.4419, 0.39048, 0.40119, 0.41369, 
0.46802, 0.40159, 0.39913, 0.40083, 0.39172, 0.44091, 0.32357, 
0.33952, 0.3119, 0.27321, 0.3619, 0.37659, 0.31714, 0.32246, 
0.32667, 0.34061, 0.38182, 0.0112, 0.0098, 0.01, 0.0137, 0.0111, 
0.0106, 0.0129, 0.0128, 0.0206, 0.0134, 0.0144, 40.8, 46.8, 51.2, 
49, 59.2, 60.2, 61.1, 66.6, 69.6, 74.4, 82.5, 1399, 270, 1043, 
317, 1541, 2302, 2458, 532, 211, 403, 840, 1, 1, 1, 3, 1, 1, 
1, 3, 2, 4, 2, 100, 100, 100, 100, 100, 100, 100, 100, 100, 100, 
100, 2500, 2500, 2500, 2500, 2500, 2500, 2500, 2500, 2500, 2500, 
2500, 5912.668, 6100.051, 6032.945, 6071.736, 6144.514, 6119.734, 
6143.576, 6039.683, 5956.32000000001, 5969.11499999999, 6006.96300000002, 
1, 1, 1, 1, 1, 1, 1, 1, 1, 1, 1, 0.16667, 0.16667, 0.16667, 0.16667, 
0.16667, 0.16667, 0.16667, 0.16667, 0.16667, 0.16667, 0.16667, 
0, 0, 0, 0, 0, 0, 0, 0, 0, 0, 0, 0, 0, 0, 0, 0, 0, 0, 0, 0, 0, 
0, 0.23167, 0.27667, 0.3, 0.2494, 0.29266, 0.36508, 0.33496, 
0.29845, 0.25861, 0.27495, 0.37606, 0.21, 0.30524, 0.33095, 0.2881, 
0.32262, 0.36508, 0.29567, 0.27845, 0.28861, 0.31202, 0.37273, 
0.0087, 0.0099, 0.0102, 0.0101, 0.0099, 0.0114, 0.0114, 0.011, 
0.011, 0.0123, 0.0125, 43.2, 47, 51.2, 55.2, 58.9, 62.6, 66.8, 
70.8, 74.8, 79, 86.1, 1, 1, 1, 1, 1, 1, 1, 1, 1, 1, 1, 1, 1, 
1, 1, 1, 1, 1, 1, 1, 1, 1, 1, 1, 1, 1, 1, 1, 1, 1, 1, 1, 1, 1, 
1, 1, 1, 1, 1, 1, 1, 1, 1, 1, 2.255, 2.46, 2.492, 2.393, 2.296, 
2.517, 2.476, 2.42, 2.321, 2.463, 2.361), .Dim = c(11L, 40L), .Dimnames = list(
    NULL, c("Sampling", "PSO.cost", "PSO.gamma", "PSO.data.balancing", 
    "PSO.feature.selection", "PSO.valid.acc", "PSO.test.acc", 
    "PSO.train.time", "PSO.n.support.vectors", "PSO.index", "PSO.n.solutions", 
    "PSO.generations", "PSO.n.evaluations", "PSO.cpu.time", "RS.cost", 
    "RS.gamma", "RS.data.balancing", "RS.feature.selection", 
    "RS.valid.acc", "RS.test.acc", "RS.train.time", "RS.n.support.vectors", 
    "RS.index", "RS.n.solutions", "RS.generations", "RS.n.evaluations", 
    "RS.cpu.time", "DF.cost", "DF.gamma", "DF.data.balancing", 
    "DF.feature.selection", "DF.valid.acc", "DF.test.acc", "DF.train.time", 
    "DF.n.support.vectors", "DF.index", "DF.n.solutions", "DF.generations", 
    "DF.n.evaluations", "DF.cpu.time")))
