full <-
structure(c(50, 55, 60, 65, 70, 75, 80, 85, 90, 95, 100, 14.30795, 
9.01383, 14.98036, 8.85114, 10.48989, 13.77483, 3.18237, 9.83361, 
9.5543, 9.79115, 10.42312, -12.4358, -1.30501, -14.89362, -10.78106, 
-11.87965, -11.79301, 3, -10.04583, -8.57998, 2.28671, -10.57131, 
0, 0, 0, 0, 0, 0, 0, 0, 0, 0, 0, 0, 0, 0, 0, 0, 0, 0, 0, 0, 0, 
0, 0.50333, 0.46857, 0.51119, 0.50952, 0.49345, 0.42679, 0.40992, 
0.46111, 0.42354, 0.37889, 0.44737, 0.40667, 0.38619, 0.42508, 
0.45, 0.41429, 0.35893, 0.37242, 0.39306, 0.39929, 0.34131, 0.36429, 
0.0108, 0.0097, 0.0103, 0.0098, 0.011, 0.0155, 0.0119, 0.0119, 
0.0141, 0.0129, 0.0144, 38.6, 45.9, 46.9, 52.5, 56.4, 59.7, 67.1, 
68.2, 70.5, 78.9, 82.6, 88, 30, 1112, 271, 166, 105, 52, 452, 
690, 141, 2429, 556, 1226, 281, 84, 170, 373, 2117, 56, 56, 1146, 
1, 100, 100, 100, 100, 100, 100, 100, 100, 100, 100, 100, 2500, 
2500, 2500, 2500, 2500, 2500, 2500, 2500, 2500, 2500, 2500, 5854.998, 
5885.694, 5972.649, 6028.578, 6176.21, 6244.693, 6372.32799999999, 
6345.175, 6475.325, 6310.14899999999, 6514.58499999999, 14.71545, 
14.60026, 14.10538, 9.82564, 11.04534, 13.85252, 9.97941, 9.86018, 
9.70194, 14.62841, 7.96868, -13.41944, -1.4288, -13.8847, -11.62841, 
-12.44978, -11.75174, 2.98216, -10.06468, -8.82919, -1.58015, 
-8.8019, 0, 0, 0, 0, 0, 0, 0, 0, 0, 0, 0, 0, 0, 0, 0, 0, 0, 0, 
0, 0, 0, 0, 0.50333, 0.46857, 0.49452, 0.49702, 0.49345, 0.42679, 
0.40992, 0.46111, 0.41242, 0.37949, 0.43268, 0.42333, 0.38619, 
0.42508, 0.45, 0.41429, 0.35893, 0.3756, 0.39306, 0.4104, 0.29707, 
0.38359, 0.0105, 0.0106, 0.0103, 0.0094, 0.0115, 0.0146, 0.0123, 
0.0127, 0.0137, 0.0159, 0.0137, 39.1, 45.9, 46.6, 52.4, 56.4, 
59.7, 67.1, 68.3, 70.5, 74.1, 82.7, 245, 114, 150, 50, 276, 1065, 
568, 1076, 262, 1002, 1174, 6, 17, 12, 2, 4, 2, 6, 1, 6, 3, 2, 
100, 100, 100, 100, 100, 100, 100, 100, 100, 100, 100, 2500, 
2500, 2500, 2500, 2500, 2500, 2500, 2500, 2500, 2500, 2500, 5935.644, 
6055.628, 6079.469, 6204.769, 6223.717, 6334.761, 6348.137, 6419.09300000001, 
6483.902, 6397.95999999999, 6674.59199999999, 1, 1, 1, 1, 1, 
1, 1, 1, 1, 1, 1, 0.16667, 0.16667, 0.16667, 0.16667, 0.16667, 
0.16667, 0.16667, 0.16667, 0.16667, 0.16667, 0.16667, 0, 0, 0, 
0, 0, 0, 0, 0, 0, 0, 0, 0, 0, 0, 0, 0, 0, 0, 0, 0, 0, 0, 0.31, 
0.27571, 0.42147, 0.36369, 0.36071, 0.31171, 0.28591, 0.26944, 
0.35667, 0.28384, 0.33131, 0.27667, 0.32238, 0.37369, 0.38452, 
0.375, 0.30675, 0.33631, 0.3375, 0.37687, 0.29293, 0.33, 0.0091, 
0.0102, 0.0104, 0.0107, 0.0113, 0.0107, 0.0115, 0.0119, 0.0125, 
0.0128, 0.013, 43.2, 47.1, 51.1, 55, 58.7, 63.1, 67.1, 71, 75, 
79, 85.9, 1, 1, 1, 1, 1, 1, 1, 1, 1, 1, 1, 1, 1, 1, 1, 1, 1, 
1, 1, 1, 1, 1, 1, 1, 1, 1, 1, 1, 1, 1, 1, 1, 1, 1, 1, 1, 1, 1, 
1, 1, 1, 1, 1, 1, 2.244, 2.491, 2.485, 2.539, 2.555, 2.528, 2.565, 
2.606, 2.608, 2.537, 2.618), .Dim = c(11L, 40L), .Dimnames = list(
    NULL, c("Sampling", "PSO.cost", "PSO.gamma", "PSO.data.balancing", 
    "PSO.feature.selection", "PSO.valid.acc", "PSO.test.acc", 
    "PSO.train.time", "PSO.n.support.vectors", "PSO.index", "PSO.n.solutions", 
    "PSO.generations", "PSO.n.evaluations", "PSO.cpu.time", "RS.cost", 
    "RS.gamma", "RS.data.balancing", "RS.feature.selection", 
    "RS.valid.acc", "RS.test.acc", "RS.train.time", "RS.n.support.vectors", 
    "RS.index", "RS.n.solutions", "RS.generations", "RS.n.evaluations", 
    "RS.cpu.time", "DF.cost", "DF.gamma", "DF.data.balancing", 
    "DF.feature.selection", "DF.valid.acc", "DF.test.acc", "DF.train.time", 
    "DF.n.support.vectors", "DF.index", "DF.n.solutions", "DF.generations", 
    "DF.n.evaluations", "DF.cpu.time")))
