full <-
structure(c(50, 55, 60, 65, 70, 75, 80, 85, 90, 95, 100, 14.25036, 
1.55335, 6.58155, 3.93501, 12.80221, 13.14849, 13.75453, 15, 
10.24144, 14.96872, 15, 0.32212, -3.33981, -6.75063, -6.05922, 
-15, -2.6687, -15, -13.44316, -15, -14.57554, -14.5071, 0, 0, 
0, 0, 0, 0, 0, 0, 0, 0, 0, 0, 0, 0, 0, 0, 0, 0, 0, 0, 0, 0, 0.36667, 
0.39381, 0.39762, 0.42536, 0.42758, 0.43075, 0.40528, 0.385, 
0.36053, 0.44864, 0.43755, 0.30667, 0.26881, 0.3381, 0.33726, 
0.32619, 0.34385, 0.34417, 0.34778, 0.33033, 0.37253, 0.36259, 
0.0104, 0.0099, 0.0118, 0.0118, 0.0127, 0.013, 0.0112, 0.0151, 
0.0124, 0.0146, 0.0178, 42.9, 47, 49.3, 54.3, 57.6, 57.9, 64.7, 
66.6, 75, 74.8, 82.1, 272, 730, 2338, 113, 158, 2116, 143, 1083, 
235, 595, 836, 819, 82, 1, 102, 373, 1, 570, 39, 311, 239, 9, 
100, 100, 100, 100, 100, 100, 100, 100, 100, 100, 100, 2500, 
2500, 2500, 2500, 2500, 2500, 2500, 2500, 2500, 2500, 2500, 6625.188, 
6163.27, 8674.871, 8607.496, 8781.393, 6188.04400000001, 6102.68699999999, 
6233.909, 6234.45, 8695.19600000001, 8751.71799999999, 14.15145, 
1.60079, 6.50479, 2.40085, 10.80724, 14.17923, 10.30601, 14.73191, 
13.01856, 13.9562, 12.30654, 0.36973, -3.39202, -6.75519, -4.44474, 
-13.06102, -2.67563, -11.2768, -13.62072, -4.00699, -14.09097, 
-10.7786, 0, 0, 0, 0, 0, 0, 0, 0, 0, 0, 0, 0, 0, 0, 0, 0, 0, 
0, 0, 0, 0, 0, 0.36667, 0.39381, 0.38333, 0.42536, 0.41329, 0.41964, 
0.41778, 0.38361, 0.36227, 0.43864, 0.43664, 0.30667, 0.28548, 
0.35476, 0.36583, 0.34048, 0.34385, 0.34417, 0.35889, 0.3047, 
0.40253, 0.38664, 0.0105, 0.0102, 0.012, 0.0121, 0.012, 0.0133, 
0.0122, 0.0147, 0.0254, 0.0144, 0.0171, 42.9, 47, 49.4, 53.9, 
57.6, 57.9, 64.5, 66.4, 66, 75.5, 81.4, 214, 2115, 1082, 2102, 
1215, 477, 535, 1609, 395, 181, 691, 9, 1, 1, 1, 1, 2, 1, 1, 
1, 6, 2, 100, 100, 100, 100, 100, 100, 100, 100, 100, 100, 100, 
2500, 2500, 2500, 2500, 2500, 2500, 2500, 2500, 2500, 2500, 2500, 
6424.212, 6348.061, 8583.199, 8711.34, 8720.913, 6235.05500000001, 
6252.38499999999, 6281.996, 6288.798, 8781.826, 8820.87899999999, 
1, 1, 1, 1, 1, 1, 1, 1, 1, 1, 1, 0.16667, 0.16667, 0.16667, 0.16667, 
0.16667, 0.16667, 0.16667, 0.16667, 0.16667, 0.16667, 0.16667, 
0, 0, 0, 0, 0, 0, 0, 0, 0, 0, 0, 0, 0, 0, 0, 0, 0, 0, 0, 0, 0, 
0, 0.18167, 0.34643, 0.3181, 0.31667, 0.28829, 0.32163, 0.27333, 
0.27, 0.30533, 0.36566, 0.34161, 0.22, 0.31643, 0.27048, 0.32976, 
0.33869, 0.27738, 0.25333, 0.29361, 0.30672, 0.3351, 0.31671, 
0.009, 0.0114, 0.0121, 0.0119, 0.0099, 0.012, 0.0117, 0.0116, 
0.0121, 0.0131, 0.0143, 43.2, 47.2, 51.1, 54.7, 59, 63, 67.1, 
71, 75.1, 78.2, 86, 1, 1, 1, 1, 1, 1, 1, 1, 1, 1, 1, 1, 1, 1, 
1, 1, 1, 1, 1, 1, 1, 1, 1, 1, 1, 1, 1, 1, 1, 1, 1, 1, 1, 1, 1, 
1, 1, 1, 1, 1, 1, 1, 1, 1, 2.358, 3.418, 3.405, 3.512, 2.365, 
2.556, 2.513, 2.494, 2.579, 3.453, 3.463), .Dim = c(11L, 40L), .Dimnames = list(
    NULL, c("Sampling", "PSO.cost", "PSO.gamma", "PSO.data.balancing", 
    "PSO.feature.selection", "PSO.valid.acc", "PSO.test.acc", 
    "PSO.train.time", "PSO.n.support.vectors", "PSO.index", "PSO.n.solutions", 
    "PSO.generations", "PSO.n.evaluations", "PSO.cpu.time", "RS.cost", 
    "RS.gamma", "RS.data.balancing", "RS.feature.selection", 
    "RS.valid.acc", "RS.test.acc", "RS.train.time", "RS.n.support.vectors", 
    "RS.index", "RS.n.solutions", "RS.generations", "RS.n.evaluations", 
    "RS.cpu.time", "DF.cost", "DF.gamma", "DF.data.balancing", 
    "DF.feature.selection", "DF.valid.acc", "DF.test.acc", "DF.train.time", 
    "DF.n.support.vectors", "DF.index", "DF.n.solutions", "DF.generations", 
    "DF.n.evaluations", "DF.cpu.time")))
