full <-
structure(c(50, 55, 60, 65, 70, 75, 80, 85, 90, 95, 100, 15, 
0.91772, -0.12566, 11.72511, 13.06395, 1.78484, 5.64055, 9.02109, 
3.08062, 4.33002, 11.79286, -14.32685, 2.76265, 3, -10.76648, 
-15, 2.95462, -8.65322, -13.53902, -2.94961, -4.1676, -4.06448, 
0, 0, 0, 0, 0, 0, 0, 0, 0, 0, 0, 0, 0, 0, 0, 0, 0, 0, 0, 0, 0, 
0, 0.49381, 0.41952, 0.45524, 0.44274, 0.46587, 0.38016, 0.4748, 
0.47194, 0.42657, 0.42475, 0.4403, 0.4719, 0.41952, 0.44095, 
0.35056, 0.37877, 0.38016, 0.39901, 0.42722, 0.38414, 0.3303, 
0.36852, 0.0112, 0.0094, 0.0111, 0.0112, 0.0125, 0.0118, 0.0114, 
0.0116, 0.0115, 0.013, 0.0304, 38.4, 47.2, 51.2, 52.1, 57.3, 
63.2, 64.2, 70.3, 72.7, 76.2, 77.7, 144, 14, 279, 2255, 121, 
88, 493, 724, 591, 283, 348, 91, 2125, 108, 1, 536, 1383, 71, 
43, 106, 115, 129, 100, 100, 100, 100, 100, 100, 100, 100, 100, 
100, 100, 2500, 2500, 2500, 2500, 2500, 2500, 2500, 2500, 2500, 
2500, 2500, 6194.263, 6348.816, 6396.277, 6318.757, 6258.765, 
6330.869, 6330.15399999999, 6170.53599999999, 6132.087, 6241.98700000001, 
6653.171, 14.60864, 0.12772, 13.4392, 2.14057, 11.48342, 13.41289, 
8.59959, 8.92819, 2.90064, 4.1035, 13.59447, -13.78019, 2.00666, 
-13.09896, -4.65658, -13.5274, 2.91074, -10.47125, -13.45591, 
-2.84327, -4.05996, -4.29789, 0, 0, 0, 0, 0, 0, 0, 0, 0, 0, 0, 
0, 0, 0, 0, 0, 0, 0, 0, 0, 0, 0, 0.47381, 0.4219, 0.44595, 0.44667, 
0.46587, 0.38016, 0.47302, 0.47194, 0.41545, 0.42475, 0.4241, 
0.4719, 0.41952, 0.39952, 0.37417, 0.37877, 0.38016, 0.40833, 
0.42722, 0.39525, 0.33232, 0.38516, 0.0112, 0.0101, 0.0109, 0.0109, 
0.0114, 0.0119, 0.0107, 0.0117, 0.0117, 0.0132, 0.0421, 38.2, 
47.2, 48.5, 54.4, 57.6, 63.2, 63.1, 70.3, 72.6, 76.2, 76.3, 1675, 
680, 1479, 1246, 1294, 61, 546, 2107, 1142, 292, 2041, 2, 3, 
1, 2, 1, 11, 6, 1, 2, 2, 2, 100, 100, 100, 100, 100, 100, 100, 
100, 100, 100, 100, 2500, 2500, 2500, 2500, 2500, 2500, 2500, 
2500, 2500, 2500, 2500, 6188.98, 6297.497, 6288.51, 6247.304, 
6194.01, 6380.817, 6378.269, 6436.22200000001, 6110.787, 6259.36, 
6473.68400000001, 1, 1, 1, 1, 1, 1, 1, 1, 1, 1, 1, 0.16667, 0.16667, 
0.16667, 0.16667, 0.16667, 0.16667, 0.16667, 0.16667, 0.16667, 
0.16667, 0.16667, 0, 0, 0, 0, 0, 0, 0, 0, 0, 0, 0, 0, 0, 0, 0, 
0, 0, 0, 0, 0, 0, 0, 0.40286, 0.38476, 0.33083, 0.34139, 0.37778, 
0.3252, 0.37956, 0.41611, 0.38101, 0.39384, 0.31072, 0.35524, 
0.32571, 0.27655, 0.36623, 0.34405, 0.31786, 0.3875, 0.4025, 
0.3699, 0.40687, 0.3423, 0.0097, 0.0106, 0.0098, 0.0101, 0.0105, 
0.0109, 0.0108, 0.0122, 0.012, 0.0116, 0.0134, 42.8, 47.1, 50.8, 
54.6, 58.4, 62.5, 66.4, 70.7, 74.7, 79, 86, 1, 1, 1, 1, 1, 1, 
1, 1, 1, 1, 1, 1, 1, 1, 1, 1, 1, 1, 1, 1, 1, 1, 1, 1, 1, 1, 1, 
1, 1, 1, 1, 1, 1, 1, 1, 1, 1, 1, 1, 1, 1, 1, 1, 1, 2.454, 2.575, 
2.465, 2.58, 2.431, 2.411, 2.357, 2.573, 2.454, 2.354, 2.656), .Dim = c(11L, 
40L), .Dimnames = list(NULL, c("Sampling", "PSO.cost", "PSO.gamma", 
"PSO.data.balancing", "PSO.feature.selection", "PSO.valid.acc", 
"PSO.test.acc", "PSO.train.time", "PSO.n.support.vectors", "PSO.index", 
"PSO.n.solutions", "PSO.generations", "PSO.n.evaluations", "PSO.cpu.time", 
"RS.cost", "RS.gamma", "RS.data.balancing", "RS.feature.selection", 
"RS.valid.acc", "RS.test.acc", "RS.train.time", "RS.n.support.vectors", 
"RS.index", "RS.n.solutions", "RS.generations", "RS.n.evaluations", 
"RS.cpu.time", "DF.cost", "DF.gamma", "DF.data.balancing", "DF.feature.selection", 
"DF.valid.acc", "DF.test.acc", "DF.train.time", "DF.n.support.vectors", 
"DF.index", "DF.n.solutions", "DF.generations", "DF.n.evaluations", 
"DF.cpu.time")))
