full <-
structure(c(50, 55, 60, 65, 70, 75, 80, 85, 90, 95, 100, 6.9864, 
14.92185, 13.4557, 13.19656, 14.40253, 14.92774, 6.53501, 9.37363, 
11.03339, 10.77493, 6.26876, -5.20495, -14.88646, -9.99979, -11.23589, 
-10.66621, -11.79586, -4.36044, -8.76305, -7.72058, -9.27782, 
-9.51292, 0, 0, 0, 0, 0, 0, 0, 0, 0, 0, 0, 0, 0, 0, 0, 0, 0, 
0, 0, 0, 0, 0, 0.46714, 0.49381, 0.42619, 0.44167, 0.52679, 0.45972, 
0.46845, 0.54389, 0.46394, 0.43263, 0.38601, 0.37452, 0.39048, 
0.37143, 0.42262, 0.41964, 0.42837, 0.44163, 0.44083, 0.38763, 
0.37376, 0.31803, 0.0116, 0.0112, 0.0172, 0.0143, 0.0201, 0.018, 
0.0127, 0.0132, 0.0192, 0.0157, 0.0127, 40.8, 43.6, 46.9, 51.5, 
52.5, 58.7, 62, 68.7, 69.7, 75.9, 84.8, 55, 79, 299, 266, 929, 
118, 813, 424, 322, 898, 625, 599, 1229, 114, 418, 73, 1252, 
202, 241, 294, 30, 25, 100, 100, 100, 100, 100, 100, 100, 100, 
100, 100, 100, 2500, 2500, 2500, 2500, 2500, 2500, 2500, 2500, 
2500, 2500, 2500, 6499.795, 6288.975, 6555.746, 6581.983, 6612.554, 
6674.50699999999, 6188.52, 6327.81800000001, 6642.52099999999, 
6341.734, 6223.87999999999, 10.32643, 6.60194, 8.53757, 12.44834, 
14.62463, 14.50963, 6.23103, 9.26037, 10.49679, 12.98433, 14.057, 
-6.63719, -5.39184, -5.80931, -10.72934, -11.16275, -11.41749, 
-4.24128, -8.63067, -7.35017, -11.12711, -14.8369, 0, 0, 0, 0, 
0, 0, 0, 0, 0, 0, 0, 0, 0, 0, 0, 0, 0, 0, 0, 0, 0, 0, 0.44881, 
0.49476, 0.42857, 0.44167, 0.5, 0.45972, 0.46845, 0.54389, 0.46394, 
0.42444, 0.3854, 0.36024, 0.46238, 0.35952, 0.42262, 0.43214, 
0.40337, 0.44163, 0.42972, 0.37513, 0.37376, 0.32561, 0.0139, 
0.0115, 0.0124, 0.0131, 0.0184, 0.0183, 0.0126, 0.0135, 0.0176, 
0.0168, 0.014, 40.6, 44.6, 48.7, 51.8, 52.7, 58.8, 61.8, 68.6, 
70, 75.2, 82.9, 377, 828, 419, 1236, 751, 188, 212, 1560, 1594, 
38, 951, 2, 2, 2, 2, 2, 2, 5, 1, 2, 1, 4, 100, 100, 100, 100, 
100, 100, 100, 100, 100, 100, 100, 2500, 2500, 2500, 2500, 2500, 
2500, 2500, 2500, 2500, 2500, 2500, 6500.463, 6314.026, 6246.63, 
6284.763, 6431.395, 6477.534, 6142.36500000001, 6354.04700000001, 
6314.57399999999, 6140.651, 6377.53399999999, 1, 1, 1, 1, 1, 
1, 1, 1, 1, 1, 1, 0.16667, 0.16667, 0.16667, 0.16667, 0.16667, 
0.16667, 0.16667, 0.16667, 0.16667, 0.16667, 0.16667, 0, 0, 0, 
0, 0, 0, 0, 0, 0, 0, 0, 0, 0, 0, 0, 0, 0, 0, 0, 0, 0, 0, 0.24357, 
0.29524, 0.19524, 0.29048, 0.3125, 0.23254, 0.28694, 0.34806, 
0.30523, 0.29356, 0.31207, 0.19357, 0.25381, 0.1881, 0.27202, 
0.29821, 0.24325, 0.30151, 0.32917, 0.31106, 0.33697, 0.29616, 
0.0105, 0.0102, 0.011, 0.0108, 0.0109, 0.0125, 0.0114, 0.0122, 
0.0122, 0.0123, 0.0137, 42.6, 46.7, 50.8, 54.9, 59.1, 63, 66.8, 
71, 74.9, 78.9, 85.8, 1, 1, 1, 1, 1, 1, 1, 1, 1, 1, 1, 1, 1, 
1, 1, 1, 1, 1, 1, 1, 1, 1, 1, 1, 1, 1, 1, 1, 1, 1, 1, 1, 1, 1, 
1, 1, 1, 1, 1, 1, 1, 1, 1, 1, 2.612, 2.492, 2.624, 2.549, 2.571, 
2.638, 2.575, 2.577, 2.59, 2.478, 2.593), .Dim = c(11L, 40L), .Dimnames = list(
    NULL, c("Sampling", "PSO.cost", "PSO.gamma", "PSO.data.balancing", 
    "PSO.feature.selection", "PSO.valid.acc", "PSO.test.acc", 
    "PSO.train.time", "PSO.n.support.vectors", "PSO.index", "PSO.n.solutions", 
    "PSO.generations", "PSO.n.evaluations", "PSO.cpu.time", "RS.cost", 
    "RS.gamma", "RS.data.balancing", "RS.feature.selection", 
    "RS.valid.acc", "RS.test.acc", "RS.train.time", "RS.n.support.vectors", 
    "RS.index", "RS.n.solutions", "RS.generations", "RS.n.evaluations", 
    "RS.cpu.time", "DF.cost", "DF.gamma", "DF.data.balancing", 
    "DF.feature.selection", "DF.valid.acc", "DF.test.acc", "DF.train.time", 
    "DF.n.support.vectors", "DF.index", "DF.n.solutions", "DF.generations", 
    "DF.n.evaluations", "DF.cpu.time")))
