full <-
structure(c(50, 55, 60, 65, 70, 75, 80, 85, 90, 95, 100, 10.598, 
11.56407, 14.15339, 2.8085, 5.51126, 7.28682, 15, 9.27863, 13.22047, 
10.65209, 13.50131, -8.91858, -6.09703, -10.86346, -4.99837, 
-4.21222, -8.32948, -15, -6.81356, -12.0751, -11.74784, -12.37841, 
0, 0, 0, 0, 0, 0, 0, 0, 0, 0, 0, 0, 0, 0, 0, 0, 0, 0, 0, 0, 0, 
0, 0.49333, 0.50071, 0.51536, 0.45107, 0.48571, 0.4996, 0.46448, 
0.42611, 0.47788, 0.43561, 0.4247, 0.43, 0.33833, 0.45107, 0.42429, 
0.40298, 0.4381, 0.44266, 0.35278, 0.37588, 0.36283, 0.4047, 
0.0107, 0.0132, 0.0142, 0.0106, 0.011, 0.0105, 0.0113, 0.0152, 
0.0146, 0.0122, 0.0153, 38.2, 37.8, 44.4, 52.9, 53.4, 59.5, 63.9, 
64.9, 71, 76.7, 81, 1356, 306, 311, 611, 1976, 788, 77, 400, 
452, 83, 2423, 3, 170, 181, 123, 11, 257, 1207, 142, 206, 228, 
1, 100, 100, 100, 100, 100, 100, 100, 100, 100, 100, 100, 2500, 
2500, 2500, 2500, 2500, 2500, 2500, 2500, 2500, 2500, 2500, 5846.97, 
5886.058, 6010.083, 5945.497, 5946.26, 5955.397, 5897.446, 6107.26400000001, 
5930.95699999999, 5904.11200000001, 5981.299, 12.32735, 11.5884, 
13.28359, 2.69927, 8.38042, 12.06652, 2.52417, 9.61769, 13.32859, 
11.96884, 6.94955, -11.60657, -6.07519, -10.32991, -4.89622, 
-3.26132, -12.99749, -4.93453, -7.0415, -12.15057, -13.27664, 
-9.72595, 0, 0, 0, 0, 0, 0, 0, 0, 0, 0, 0, 0, 0, 0, 0, 0, 0, 
0, 0, 0, 0, 0, 0.49, 0.50071, 0.49869, 0.45107, 0.48036, 0.49028, 
0.4756, 0.42611, 0.47788, 0.43561, 0.41197, 0.41, 0.37262, 0.43679, 
0.42429, 0.32262, 0.42917, 0.39008, 0.34278, 0.37588, 0.36449, 
0.41379, 0.0107, 0.0139, 0.0138, 0.0106, 0.0117, 0.0111, 0.011, 
0.0151, 0.0146, 0.0128, 0.0133, 39.4, 37.9, 44.9, 53, 50.6, 58.9, 
65.5, 64.8, 71, 76.5, 84.7, 283, 2020, 763, 2046, 1077, 709, 
1781, 558, 206, 114, 185, 6, 3, 1, 1, 1, 3, 1, 1, 1, 4, 7, 100, 
100, 100, 100, 100, 100, 100, 100, 100, 100, 100, 2500, 2500, 
2500, 2500, 2500, 2500, 2500, 2500, 2500, 2500, 2500, 5800.115, 
5856.673, 5941.311, 5906.24299999999, 5933.939, 5997.50700000001, 
5896.61, 5941.92, 5997.15199999999, 6016.60900000001, 6112.474, 
1, 1, 1, 1, 1, 1, 1, 1, 1, 1, 1, 0.16667, 0.16667, 0.16667, 0.16667, 
0.16667, 0.16667, 0.16667, 0.16667, 0.16667, 0.16667, 0.16667, 
0, 0, 0, 0, 0, 0, 0, 0, 0, 0, 0, 0, 0, 0, 0, 0, 0, 0, 0, 0, 0, 
0, 0.24, 0.40381, 0.35905, 0.3775, 0.4244, 0.39881, 0.37758, 
0.35889, 0.29831, 0.32561, 0.31273, 0.31333, 0.35, 0.37905, 0.35071, 
0.38512, 0.4256, 0.39147, 0.33917, 0.26449, 0.31561, 0.33273, 
0.0094, 0.0093, 0.0094, 0.0103, 0.0097, 0.011, 0.0113, 0.0107, 
0.0119, 0.012, 0.0129, 42.8, 46.7, 50.8, 54.6, 58.4, 62.3, 67, 
70.1, 74.6, 79.2, 85.8, 1, 1, 1, 1, 1, 1, 1, 1, 1, 1, 1, 1, 1, 
1, 1, 1, 1, 1, 1, 1, 1, 1, 1, 1, 1, 1, 1, 1, 1, 1, 1, 1, 1, 1, 
1, 1, 1, 1, 1, 1, 1, 1, 1, 1, 2.384, 2.224, 2.285, 2.425, 2.256, 
2.456, 2.406, 2.251, 2.466, 2.423, 2.484), .Dim = c(11L, 40L), .Dimnames = list(
    NULL, c("Sampling", "PSO.cost", "PSO.gamma", "PSO.data.balancing", 
    "PSO.feature.selection", "PSO.valid.acc", "PSO.test.acc", 
    "PSO.train.time", "PSO.n.support.vectors", "PSO.index", "PSO.n.solutions", 
    "PSO.generations", "PSO.n.evaluations", "PSO.cpu.time", "RS.cost", 
    "RS.gamma", "RS.data.balancing", "RS.feature.selection", 
    "RS.valid.acc", "RS.test.acc", "RS.train.time", "RS.n.support.vectors", 
    "RS.index", "RS.n.solutions", "RS.generations", "RS.n.evaluations", 
    "RS.cpu.time", "DF.cost", "DF.gamma", "DF.data.balancing", 
    "DF.feature.selection", "DF.valid.acc", "DF.test.acc", "DF.train.time", 
    "DF.n.support.vectors", "DF.index", "DF.n.solutions", "DF.generations", 
    "DF.n.evaluations", "DF.cpu.time")))
