full <-
structure(c(50, 55, 60, 65, 70, 75, 80, 85, 90, 95, 100, 12.71167, 
13.90469, 0.76812, 7.48616, 3.29575, 15, 11.71121, 15, 12.34389, 
12.96856, 5.55545, -11.90307, -15, -2.38447, -9.15873, -5.58879, 
-15, -11.67768, -13.71626, -8.7596, -9.04204, -7.54201, 0, 0, 
0, 0, 0, 0, 0, 0, 0, 0, 0, 0, 0, 0, 0, 0, 0, 0, 0, 0, 0, 0, 0.57262, 
0.49286, 0.48571, 0.46845, 0.47321, 0.56925, 0.53889, 0.48556, 
0.4424, 0.40318, 0.41667, 0.4469, 0.44286, 0.3881, 0.43929, 0.36845, 
0.48175, 0.45278, 0.41583, 0.44717, 0.36909, 0.35424, 0.0108, 
0.0101, 0.0095, 0.0104, 0.0109, 0.0122, 0.0126, 0.0139, 0.0194, 
0.0237, 0.0128, 38.6, 42.7, 49.9, 52.9, 56.3, 59.5, 63.3, 65.6, 
69.4, 74.6, 84.4, 85, 706, 139, 527, 998, 89, 463, 170, 92, 1231, 
1850, 580, 152, 139, 256, 16, 1635, 57, 272, 303, 22, 9, 100, 
100, 100, 100, 100, 100, 100, 100, 100, 100, 100, 2500, 2500, 
2500, 2500, 2500, 2500, 2500, 2500, 2500, 2500, 2500, 6089.804, 
6223.781, 6171.14, 6495.159, 6463.131, 6473.28200000001, 6493.75599999999, 
6488.522, 6532.28599999999, 6823.97799999999, 6230.85000000001, 
12.91853, 12.41711, 0.71826, 7.50549, 3.42894, 14.80439, 11.20824, 
14.87354, 12.45112, 13.71455, 5.93267, -12.18406, -13.49433, 
-2.42212, -9.3692, -5.70032, -14.87311, -11.20114, -13.88864, 
-8.75185, -9.58719, -8.52341, 0, 0, 0, 0, 0, 0, 0, 0, 0, 0, 0, 
0, 0, 0, 0, 0, 0, 0, 0, 0, 0, 0, 0.57262, 0.49286, 0.48571, 0.46845, 
0.47321, 0.56925, 0.52639, 0.47306, 0.4424, 0.37318, 0.40258, 
0.43262, 0.44286, 0.3881, 0.47024, 0.39385, 0.48175, 0.44028, 
0.41583, 0.45717, 0.36909, 0.37091, 0.0108, 0.0109, 0.0102, 0.0108, 
0.0108, 0.0124, 0.012, 0.0137, 0.0195, 0.0262, 0.0125, 38.6, 
42.8, 49.9, 53.4, 56.3, 59.5, 63.1, 65.9, 69.4, 74, 84.4, 389, 
1639, 1754, 374, 417, 262, 971, 1103, 387, 304, 434, 3, 2, 1, 
3, 1, 4, 1, 2, 2, 3, 2, 100, 100, 100, 100, 100, 100, 100, 100, 
100, 100, 100, 2500, 2500, 2500, 2500, 2500, 2500, 2500, 2500, 
2500, 2500, 2500, 6104.295, 6173.33, 6212.998, 6454.129, 6471.378, 
6504.75200000001, 6442.113, 6263.54500000001, 6459.198, 6357.84199999999, 
6104.03200000001, 1, 1, 1, 1, 1, 1, 1, 1, 1, 1, 1, 0.16667, 0.16667, 
0.16667, 0.16667, 0.16667, 0.16667, 0.16667, 0.16667, 0.16667, 
0.16667, 0.16667, 0, 0, 0, 0, 0, 0, 0, 0, 0, 0, 0, 0, 0, 0, 0, 
0, 0, 0, 0, 0, 0, 0, 0.35, 0.36619, 0.45476, 0.36548, 0.45714, 
0.41925, 0.39444, 0.37583, 0.38768, 0.31136, 0.34591, 0.295, 
0.38952, 0.40714, 0.425, 0.39385, 0.42341, 0.38194, 0.32417, 
0.35518, 0.32227, 0.32773, 0.0099, 0.0102, 0.0096, 0.0111, 0.0111, 
0.0125, 0.0115, 0.0119, 0.0123, 0.0128, 0.0118, 42.8, 46.2, 50.1, 
54.4, 57.7, 62.1, 66.5, 70.5, 74.7, 78.8, 86, 1, 1, 1, 1, 1, 
1, 1, 1, 1, 1, 1, 1, 1, 1, 1, 1, 1, 1, 1, 1, 1, 1, 1, 1, 1, 1, 
1, 1, 1, 1, 1, 1, 1, 1, 1, 1, 1, 1, 1, 1, 1, 1, 1, 1, 2.484, 
2.558, 2.356, 2.581, 2.535, 2.588, 2.506, 2.625, 2.626, 2.528, 
2.292), .Dim = c(11L, 40L), .Dimnames = list(NULL, c("Sampling", 
"PSO.cost", "PSO.gamma", "PSO.data.balancing", "PSO.feature.selection", 
"PSO.valid.acc", "PSO.test.acc", "PSO.train.time", "PSO.n.support.vectors", 
"PSO.index", "PSO.n.solutions", "PSO.generations", "PSO.n.evaluations", 
"PSO.cpu.time", "RS.cost", "RS.gamma", "RS.data.balancing", "RS.feature.selection", 
"RS.valid.acc", "RS.test.acc", "RS.train.time", "RS.n.support.vectors", 
"RS.index", "RS.n.solutions", "RS.generations", "RS.n.evaluations", 
"RS.cpu.time", "DF.cost", "DF.gamma", "DF.data.balancing", "DF.feature.selection", 
"DF.valid.acc", "DF.test.acc", "DF.train.time", "DF.n.support.vectors", 
"DF.index", "DF.n.solutions", "DF.generations", "DF.n.evaluations", 
"DF.cpu.time")))
