full <-
structure(c(50, 55, 60, 65, 70, 75, 80, 85, 90, 95, 100, 1.63458, 
8.52148, 9.07372, -0.18027, 3.74951, 9.44375, 13.77728, 12.61155, 
15, 5.56308, 5.42745, 3, -5.42612, -0.51338, 2.29328, 0.78115, 
-5.3674, -5.19243, -4.96313, -13.36051, -4.66752, -4.50764, 0, 
0, 0, 0, 0, 0, 0, 0, 0, 0, 0, 0, 0, 0, 0, 0, 0, 0, 0, 0, 0, 0, 
0.38762, 0.40881, 0.35905, 0.43952, 0.46667, 0.45357, 0.43488, 
0.42694, 0.42889, 0.40525, 0.41909, 0.37595, 0.2719, 0.28048, 
0.39349, 0.4131, 0.41329, 0.31393, 0.34667, 0.31278, 0.33616, 
0.3748, 0.0094, 0.0128, 0.0116, 0.0106, 0.0114, 0.0161, 0.0348, 
0.0306, 0.0176, 0.0136, 0.0149, 43.2, 44.5, 50, 55.2, 58.7, 55.6, 
58.8, 64.4, 71.2, 73.5, 82.2, 118, 462, 181, 749, 910, 2048, 
1773, 433, 608, 372, 950, 1466, 72, 290, 74, 200, 1, 5, 468, 
522, 125, 60, 100, 100, 100, 100, 100, 100, 100, 100, 100, 100, 
100, 2500, 2500, 2500, 2500, 2500, 2500, 2500, 2500, 2500, 2500, 
2500, 6188.124, 6089.254, 6067.702, 6023.368, 6172.00700000001, 
6323.84600000001, 6463.716, 6580.92, 6416.258, 6381.122, 6646.96200000001, 
1.08979, 9.03012, 13.37021, -0.29546, 5.01525, 9.06593, 13.90504, 
10.88654, 14.83016, 5.69002, 13.09401, 2.84195, -5.79462, -0.45058, 
2.11805, 2.21415, -5.14444, -5.35036, -4.83162, -13.38153, -4.7872, 
-5.62806, 0, 0, 0, 0, 0, 0, 0, 0, 0, 0, 0, 0, 0, 0, 0, 0, 0, 
0, 0, 0, 0, 0, 0.4019, 0.39214, 0.35905, 0.42524, 0.46012, 0.44385, 
0.42377, 0.41583, 0.42889, 0.40525, 0.40742, 0.37595, 0.28857, 
0.29714, 0.39349, 0.40238, 0.42758, 0.31254, 0.38889, 0.32278, 
0.32616, 0.33293, 0.0099, 0.012, 0.0113, 0.0108, 0.0111, 0.0141, 
0.0362, 0.0232, 0.0171, 0.0134, 0.0576, 43.2, 44.4, 50, 55.2, 
59, 56.1, 58.6, 64, 71.4, 73.6, 77.4, 298, 1253, 1857, 960, 549, 
1294, 60, 1122, 477, 348, 1164, 1, 1, 2, 2, 2, 1, 2, 3, 1, 1, 
2, 100, 100, 100, 100, 100, 100, 100, 100, 100, 100, 100, 2500, 
2500, 2500, 2500, 2500, 2500, 2500, 2500, 2500, 2500, 2500, 6310.118, 
6054.29, 6029.29, 6130.362, 6317.468, 6058.15399999999, 6099.75600000001, 
6392.25999999999, 6469.41399999999, 6348.12699999999, 6490.65299999999, 
1, 1, 1, 1, 1, 1, 1, 1, 1, 1, 1, 0.16667, 0.16667, 0.16667, 0.16667, 
0.16667, 0.16667, 0.16667, 0.16667, 0.16667, 0.16667, 0.16667, 
0, 0, 0, 0, 0, 0, 0, 0, 0, 0, 0, 0, 0, 0, 0, 0, 0, 0, 0, 0, 0, 
0, 0.24524, 0.26774, 0.33095, 0.35056, 0.325, 0.31548, 0.29369, 
0.34889, 0.33444, 0.36212, 0.34626, 0.2869, 0.25702, 0.3, 0.32377, 
0.33988, 0.33433, 0.27968, 0.32306, 0.33167, 0.32212, 0.34702, 
0.0099, 0.0102, 0.0102, 0.0101, 0.0115, 0.0109, 0.0106, 0.0124, 
0.0123, 0.0125, 0.0133, 43.1, 47.1, 50.9, 54.5, 58.4, 62.5, 66.3, 
71, 75, 78.4, 86.2, 1, 1, 1, 1, 1, 1, 1, 1, 1, 1, 1, 1, 1, 1, 
1, 1, 1, 1, 1, 1, 1, 1, 1, 1, 1, 1, 1, 1, 1, 1, 1, 1, 1, 1, 1, 
1, 1, 1, 1, 1, 1, 1, 1, 1, 2.468, 2.39, 2.436, 2.345, 2.514, 
2.366, 2.324, 2.556, 2.561, 2.597, 2.466), .Dim = c(11L, 40L), .Dimnames = list(
    NULL, c("Sampling", "PSO.cost", "PSO.gamma", "PSO.data.balancing", 
    "PSO.feature.selection", "PSO.valid.acc", "PSO.test.acc", 
    "PSO.train.time", "PSO.n.support.vectors", "PSO.index", "PSO.n.solutions", 
    "PSO.generations", "PSO.n.evaluations", "PSO.cpu.time", "RS.cost", 
    "RS.gamma", "RS.data.balancing", "RS.feature.selection", 
    "RS.valid.acc", "RS.test.acc", "RS.train.time", "RS.n.support.vectors", 
    "RS.index", "RS.n.solutions", "RS.generations", "RS.n.evaluations", 
    "RS.cpu.time", "DF.cost", "DF.gamma", "DF.data.balancing", 
    "DF.feature.selection", "DF.valid.acc", "DF.test.acc", "DF.train.time", 
    "DF.n.support.vectors", "DF.index", "DF.n.solutions", "DF.generations", 
    "DF.n.evaluations", "DF.cpu.time")))
