full <-
structure(c(50, 55, 60, 65, 70, 75, 80, 85, 90, 95, 100, 4.63853, 
9.00494, 3.8517, 0.46185, 14.50061, 15, 15, 8.90388, 14.9478, 
14.98063, 5.45672, -6.84382, -7.62188, -6.92698, -4.33069, -12.72327, 
-10.06192, -13.66614, -2.89521, -14.84769, -13.9726, -8.02586, 
0, 0, 0, 0, 0, 0, 0, 0, 0, 0, 0, 0, 0, 0, 0, 0, 0, 0, 0, 0, 0, 
0, 0.5, 0.52714, 0.47321, 0.49155, 0.45714, 0.45655, 0.39861, 
0.39907, 0.41806, 0.41162, 0.42991, 0.38833, 0.47381, 0.42321, 
0.40048, 0.41369, 0.37976, 0.34861, 0.35189, 0.39111, 0.35364, 
0.36535, 0.0096, 0.0104, 0.0091, 0.0095, 0.0142, 0.0312, 0.0133, 
0.0147, 0.0138, 0.0153, 0.013, 40.4, 39.7, 49.1, 54.3, 53.2, 
56.9, 63.6, 65.3, 71.9, 73.8, 84, 1197, 225, 589, 1053, 571, 
529, 65, 771, 82, 167, 352, 23, 63, 95, 39, 52, 6, 109, 93, 842, 
65, 70, 100, 100, 100, 100, 100, 100, 100, 100, 100, 100, 100, 
2500, 2500, 2500, 2500, 2500, 2500, 2500, 2500, 2500, 2500, 2500, 
5734.19, 5759.879, 5673.957, 5629.568, 5862.378, 6092.682, 5960.072, 
6146.939, 6153.958, 6180.33900000001, 6195.11, 3.1963, 7.35889, 
10.32201, 4.22159, 13.25574, 12.34796, 14.40691, 10.98256, 8.27091, 
9.67729, 5.44393, -4.80488, -6.77166, -12.24072, -8.30599, -13.14251, 
-8.84702, -13.35707, -2.83065, -6.81954, -11.79499, -8.58611, 
0, 0, 0, 0, 0, 0, 0, 0, 0, 0, 0, 0, 0, 0, 0, 0, 0, 0, 0, 0, 0, 
0, 0.48333, 0.52143, 0.45893, 0.47726, 0.44881, 0.45833, 0.39861, 
0.38823, 0.42833, 0.40162, 0.42643, 0.41333, 0.45952, 0.37619, 
0.41893, 0.42024, 0.37659, 0.35, 0.31351, 0.40361, 0.32343, 0.3455, 
0.0087, 0.0094, 0.0106, 0.0093, 0.0112, 0.0182, 0.0141, 0.0146, 
0.0133, 0.0124, 0.0125, 40.8, 40.6, 48.1, 54, 54.5, 57.2, 63.7, 
63.8, 71, 76.1, 84.4, 239, 1050, 93, 166, 824, 1821, 1373, 1325, 
1418, 2032, 1385, 7, 4, 16, 9, 3, 1, 1, 1, 1, 2, 1, 100, 100, 
100, 100, 100, 100, 100, 100, 100, 100, 100, 2500, 2500, 2500, 
2500, 2500, 2500, 2500, 2500, 2500, 2500, 2500, 5717.641, 5635.461, 
5650.758, 5709.017, 5857.335, 5901.749, 5997.37300000001, 6144.307, 
6182.98599999999, 6214.905, 6265.42000000001, 1, 1, 1, 1, 1, 
1, 1, 1, 1, 1, 1, 0.16667, 0.16667, 0.16667, 0.16667, 0.16667, 
0.16667, 0.16667, 0.16667, 0.16667, 0.16667, 0.16667, 0, 0, 0, 
0, 0, 0, 0, 0, 0, 0, 0, 0, 0, 0, 0, 0, 0, 0, 0, 0, 0, 0, 0.32833, 
0.43619, 0.37976, 0.43143, 0.32738, 0.37262, 0.25, 0.28863, 0.33361, 
0.31899, 0.30606, 0.305, 0.4419, 0.40893, 0.4481, 0.35238, 0.38016, 
0.27639, 0.25434, 0.3625, 0.34434, 0.33717, 0.0088, 0.0096, 0.0095, 
0.0098, 0.0106, 0.0104, 0.0113, 0.0117, 0.0117, 0.0114, 0.0127, 
42.7, 46.8, 51, 54.8, 59, 63.1, 67.1, 71.2, 74.3, 78.2, 85.8, 
1, 1, 1, 1, 1, 1, 1, 1, 1, 1, 1, 1, 1, 1, 1, 1, 1, 1, 1, 1, 1, 
1, 1, 1, 1, 1, 1, 1, 1, 1, 1, 1, 1, 1, 1, 1, 1, 1, 1, 1, 1, 1, 
1, 1, 2.175, 2.324, 2.244, 2.315, 2.45, 2.328, 2.404, 2.519, 
2.535, 2.311, 2.54), .Dim = c(11L, 40L), .Dimnames = list(NULL, 
    c("Sampling", "PSO.cost", "PSO.gamma", "PSO.data.balancing", 
    "PSO.feature.selection", "PSO.valid.acc", "PSO.test.acc", 
    "PSO.train.time", "PSO.n.support.vectors", "PSO.index", "PSO.n.solutions", 
    "PSO.generations", "PSO.n.evaluations", "PSO.cpu.time", "RS.cost", 
    "RS.gamma", "RS.data.balancing", "RS.feature.selection", 
    "RS.valid.acc", "RS.test.acc", "RS.train.time", "RS.n.support.vectors", 
    "RS.index", "RS.n.solutions", "RS.generations", "RS.n.evaluations", 
    "RS.cpu.time", "DF.cost", "DF.gamma", "DF.data.balancing", 
    "DF.feature.selection", "DF.valid.acc", "DF.test.acc", "DF.train.time", 
    "DF.n.support.vectors", "DF.index", "DF.n.solutions", "DF.generations", 
    "DF.n.evaluations", "DF.cpu.time")))
