full <-
structure(c(50, 55, 60, 65, 70, 75, 80, 85, 90, 95, 100, 10.37247, 
1.97149, 15, 15, 14.66247, 8.92447, 9.24615, 8.83087, 4.65479, 
15, 15, -10.62344, 2.86197, -13.56532, -12.48012, -13.55565, 
-10.12344, -11.36442, -9.53944, -7.06742, -14.1306, -14.73056, 
0, 0, 0, 0, 0, 0, 0, 0, 0, 0, 0, 0, 0, 0, 0, 0, 0, 0, 0, 0, 0, 
0, 0.41619, 0.34714, 0.38607, 0.46131, 0.41468, 0.37599, 0.39282, 
0.43736, 0.40944, 0.4397, 0.43924, 0.30452, 0.27381, 0.34345, 
0.37524, 0.32659, 0.34444, 0.36921, 0.37795, 0.33205, 0.39242, 
0.38788, 0.0112, 0.0106, 0.0136, 0.0156, 0.0132, 0.0119, 0.0118, 
0.0125, 0.0123, 0.0155, 0.0149, 41.7, 47.2, 48.6, 52.8, 56.1, 
61.7, 65.5, 67.4, 73.1, 74.5, 82.3, 707, 11, 1974, 414, 145, 
265, 660, 131, 517, 174, 239, 57, 1743, 8, 102, 1217, 425, 20, 
88, 124, 465, 44, 100, 100, 100, 100, 100, 100, 100, 100, 100, 
100, 100, 2500, 2500, 2500, 2500, 2500, 2500, 2500, 2500, 2500, 
2500, 2500, 6518.242, 6543.105, 6535.28, 6631.332, 6522.69, 6466.62899999999, 
6458.16399999999, 6503.64599999999, 6358.357, 6375.46399999999, 
6395.19500000001, 7.84445, 5.06863, 14.88129, 14.97666, 14.36734, 
9.73919, 13.7968, 10.2822, 4.53649, 14.88107, 12.96965, -8.15805, 
2.95918, -13.81459, -11.06699, -13.12137, -10.78758, -14.51716, 
-10.53353, -7.00139, -13.89005, -11.87742, 0, 0, 0, 0, 0, 0, 
0, 0, 0, 0, 0, 0, 0, 0, 0, 0, 0, 0, 0, 0, 0, 0, 0.41286, 0.34714, 
0.37179, 0.43274, 0.41468, 0.37599, 0.3821, 0.44847, 0.39833, 
0.43061, 0.43182, 0.29619, 0.29048, 0.34345, 0.34845, 0.3123, 
0.37302, 0.35671, 0.36276, 0.33205, 0.39242, 0.37803, 0.0101, 
0.0107, 0.0126, 0.0177, 0.0133, 0.0116, 0.0122, 0.0131, 0.0119, 
0.0159, 0.0162, 42.1, 47.2, 48.7, 51.8, 55.9, 61.7, 64.1, 67.1, 
73, 74.4, 82.6, 623, 23, 258, 2277, 961, 1121, 257, 846, 1930, 
230, 279, 4, 13, 7, 2, 1, 2, 3, 2, 3, 1, 6, 100, 100, 100, 100, 
100, 100, 100, 100, 100, 100, 100, 2500, 2500, 2500, 2500, 2500, 
2500, 2500, 2500, 2500, 2500, 2500, 6574.48, 6520.05, 6544.085, 
6480.504, 6485.09, 6493.07799999999, 6486.359, 6461.694, 6342.811, 
6356.874, 6379.17300000001, 1, 1, 1, 1, 1, 1, 1, 1, 1, 1, 1, 
0.16667, 0.16667, 0.16667, 0.16667, 0.16667, 0.16667, 0.16667, 
0.16667, 0.16667, 0.16667, 0.16667, 0, 0, 0, 0, 0, 0, 0, 0, 0, 
0, 0, 0, 0, 0, 0, 0, 0, 0, 0, 0, 0, 0, 0.29524, 0.25048, 0.26071, 
0.33155, 0.26389, 0.25377, 0.24298, 0.3033, 0.34995, 0.30384, 
0.37394, 0.27595, 0.24619, 0.22143, 0.28476, 0.21766, 0.28016, 
0.30615, 0.29696, 0.33801, 0.28566, 0.31242, 0.0102, 0.01, 0.0106, 
0.0106, 0.0107, 0.0112, 0.0118, 0.0115, 0.012, 0.0123, 0.0129, 
43.2, 47.2, 51.2, 55.2, 59, 63.2, 67, 71, 74.7, 78.5, 85.8, 1, 
1, 1, 1, 1, 1, 1, 1, 1, 1, 1, 1, 1, 1, 1, 1, 1, 1, 1, 1, 1, 1, 
1, 1, 1, 1, 1, 1, 1, 1, 1, 1, 1, 1, 1, 1, 1, 1, 1, 1, 1, 1, 1, 
1, 2.634, 2.57, 2.596, 2.523, 2.591, 2.563, 2.571, 2.518, 2.49, 
2.487, 2.534), .Dim = c(11L, 40L), .Dimnames = list(NULL, c("Sampling", 
"PSO.cost", "PSO.gamma", "PSO.data.balancing", "PSO.feature.selection", 
"PSO.valid.acc", "PSO.test.acc", "PSO.train.time", "PSO.n.support.vectors", 
"PSO.index", "PSO.n.solutions", "PSO.generations", "PSO.n.evaluations", 
"PSO.cpu.time", "RS.cost", "RS.gamma", "RS.data.balancing", "RS.feature.selection", 
"RS.valid.acc", "RS.test.acc", "RS.train.time", "RS.n.support.vectors", 
"RS.index", "RS.n.solutions", "RS.generations", "RS.n.evaluations", 
"RS.cpu.time", "DF.cost", "DF.gamma", "DF.data.balancing", "DF.feature.selection", 
"DF.valid.acc", "DF.test.acc", "DF.train.time", "DF.n.support.vectors", 
"DF.index", "DF.n.solutions", "DF.generations", "DF.n.evaluations", 
"DF.cpu.time")))
