full <-
structure(c(50, 55, 60, 65, 70, 75, 80, 85, 90, 95, 100, 5.85646, 
6.99598, 8.01207, 10.68444, 14.03181, 4.5403, 13.0671, 15, 5.81006, 
3.3015, 9.34585, -7.64571, -8.54588, -10.24916, -14.16379, -13.80878, 
-7.55056, -4.22628, -14.69676, -8.79458, -6.82155, -12.47911, 
0, 0, 0, 0, 0, 0, 0, 0, 0, 0, 0, 0, 0, 0, 0, 0, 0, 0, 0, 0, 0, 
0, 0.44167, 0.47381, 0.4644, 0.46786, 0.42143, 0.42183, 0.4156, 
0.38972, 0.39768, 0.43929, 0.425, 0.44167, 0.37048, 0.43524, 
0.46786, 0.4131, 0.4296, 0.2881, 0.28944, 0.38727, 0.38202, 0.42606, 
0.0101, 0.0108, 0.0105, 0.011, 0.0127, 0.0103, 0.0265, 0.0134, 
0.0125, 0.0124, 0.0125, 41.9, 45, 48.7, 52.8, 54.7, 61.9, 60.3, 
65.1, 74, 77.9, 84.2, 80, 187, 97, 183, 194, 1357, 2054, 955, 
2, 1380, 256, 313, 488, 213, 61, 329, 31, 3, 1, 179, 30, 52, 
100, 100, 100, 100, 100, 100, 100, 100, 100, 100, 100, 2500, 
2500, 2500, 2500, 2500, 2500, 2500, 2500, 2500, 2500, 2500, 6227.621, 
6356.628, 6453.166, 6448.216, 6406.02, 6149.574, 6289.94100000001, 
6407.785, 6372.09300000001, 6070.72100000001, 6169.655, 12.55906, 
6.39629, 11.89745, 8.85299, 12.69294, 3.77847, 13.56675, 13.84069, 
11.02924, 4.66043, 12.893, -14.29954, -7.92254, -14.16072, -12.34903, 
-12.55437, -6.7291, -4.31999, -13.68918, -5.27686, -7.78761, 
-7.81339, 0, 0, 0, 0, 0, 0, 0, 0, 0, 0, 0, 0, 0, 0, 0, 0, 0, 
0, 0, 0, 0, 0, 0.44167, 0.47381, 0.4644, 0.46786, 0.42143, 0.41183, 
0.4156, 0.38972, 0.40013, 0.4302, 0.42742, 0.43833, 0.37048, 
0.43524, 0.46786, 0.39881, 0.3796, 0.27698, 0.27944, 0.35977, 
0.39091, 0.38924, 0.0097, 0.0097, 0.0107, 0.0107, 0.0122, 0.0115, 
0.0291, 0.0151, 0.024, 0.0125, 0.0412, 41.4, 45.1, 48.5, 53, 
54.7, 62, 60.2, 65.2, 68.7, 77.5, 79.9, 652, 395, 38, 2400, 724, 
1128, 1589, 145, 183, 613, 618, 6, 2, 27, 2, 3, 2, 2, 1, 1, 6, 
3, 100, 100, 100, 100, 100, 100, 100, 100, 100, 100, 100, 2500, 
2500, 2500, 2500, 2500, 2500, 2500, 2500, 2500, 2500, 2500, 6221.899, 
6208.524, 6489.486, 6345.145, 6225.888, 6465.183, 6247.037, 6358.558, 
6457.796, 6243.30799999999, 6272.19, 1, 1, 1, 1, 1, 1, 1, 1, 
1, 1, 1, 0.16667, 0.16667, 0.16667, 0.16667, 0.16667, 0.16667, 
0.16667, 0.16667, 0.16667, 0.16667, 0.16667, 0, 0, 0, 0, 0, 0, 
0, 0, 0, 0, 0, 0, 0, 0, 0, 0, 0, 0, 0, 0, 0, 0, 0.38833, 0.34952, 
0.35429, 0.39524, 0.36429, 0.3052, 0.35659, 0.29917, 0.28957, 
0.33869, 0.33212, 0.35167, 0.31952, 0.36083, 0.3506, 0.30952, 
0.3546, 0.36976, 0.34778, 0.30838, 0.3396, 0.33485, 0.0098, 0.0099, 
0.0103, 0.0108, 0.0106, 0.0115, 0.0117, 0.0121, 0.0137, 0.0121, 
0.012, 43.1, 46.9, 50.8, 55, 58.5, 62.7, 66.8, 70.2, 74.5, 78.7, 
86.2, 1, 1, 1, 1, 1, 1, 1, 1, 1, 1, 1, 1, 1, 1, 1, 1, 1, 1, 1, 
1, 1, 1, 1, 1, 1, 1, 1, 1, 1, 1, 1, 1, 1, 1, 1, 1, 1, 1, 1, 1, 
1, 1, 1, 1, 2.468, 2.436, 2.599, 2.561, 2.439, 2.589, 2.592, 
2.512, 2.596, 2.459, 2.336), .Dim = c(11L, 40L), .Dimnames = list(
    NULL, c("Sampling", "PSO.cost", "PSO.gamma", "PSO.data.balancing", 
    "PSO.feature.selection", "PSO.valid.acc", "PSO.test.acc", 
    "PSO.train.time", "PSO.n.support.vectors", "PSO.index", "PSO.n.solutions", 
    "PSO.generations", "PSO.n.evaluations", "PSO.cpu.time", "RS.cost", 
    "RS.gamma", "RS.data.balancing", "RS.feature.selection", 
    "RS.valid.acc", "RS.test.acc", "RS.train.time", "RS.n.support.vectors", 
    "RS.index", "RS.n.solutions", "RS.generations", "RS.n.evaluations", 
    "RS.cpu.time", "DF.cost", "DF.gamma", "DF.data.balancing", 
    "DF.feature.selection", "DF.valid.acc", "DF.test.acc", "DF.train.time", 
    "DF.n.support.vectors", "DF.index", "DF.n.solutions", "DF.generations", 
    "DF.n.evaluations", "DF.cpu.time")))
