full <-
structure(c(50, 55, 60, 65, 70, 75, 80, 85, 90, 95, 100, 12.52346, 
14.27757, 15, 1.12483, 5.60967, 12.1115, 9.38386, 8.71589, 10.96354, 
15, 14.38689, -9.75207, -14.34176, -12.99355, 2.88571, -2.88464, 
-11.81236, -12.10613, -11.09727, -13.18781, -13.99744, -8.95538, 
0, 0, 0, 0, 0, 0, 0, 0, 0, 0, 0, 0, 0, 0, 0, 0, 0, 0, 0, 0, 0, 
0, 0.46595, 0.40762, 0.45702, 0.40405, 0.48254, 0.47659, 0.42512, 
0.44278, 0.46889, 0.4603, 0.4189, 0.31262, 0.31905, 0.46119, 
0.35643, 0.2754, 0.40317, 0.42718, 0.42889, 0.43667, 0.41606, 
0.30458, 0.0113, 0.0106, 0.014, 0.0108, 0.0107, 0.012, 0.011, 
0.0114, 0.0128, 0.0147, 0.0462, 39.2, 45.9, 48.3, 55.2, 55, 59.3, 
64.6, 68.3, 71.2, 72.8, 80, 193, 321, 59, 17, 1216, 140, 53, 
120, 525, 463, 221, 61, 357, 1365, 2234, 30, 89, 319, 146, 73, 
111, 271, 100, 100, 100, 100, 100, 100, 100, 100, 100, 100, 100, 
2500, 2500, 2500, 2500, 2500, 2500, 2500, 2500, 2500, 2500, 2500, 
6016.578, 6068.075, 6367.763, 5884.698, 5864.564, 5891.02899999999, 
5925.519, 5933.23699999999, 6019.45, 6012.863, 6993.93000000001, 
12.62386, 12.23745, 5.60753, 2.22867, 6.38868, 12.91269, 11.19474, 
8.8328, 9.57431, 8.41607, 12.94941, -9.79072, -12.36734, -5.3036, 
2.87784, -8.44277, -11.76025, -13.88505, -12.06267, -11.402, 
-9.55436, -8.42917, 0, 0, 0, 0, 0, 0, 0, 0, 0, 0, 0, 0, 0, 0, 
0, 0, 0, 0, 0, 0, 0, 0, 0.46595, 0.40762, 0.46226, 0.40405, 0.47044, 
0.47421, 0.42512, 0.44139, 0.45778, 0.4403, 0.4189, 0.33262, 
0.30238, 0.4656, 0.33643, 0.40794, 0.4004, 0.42718, 0.42889, 
0.43667, 0.40384, 0.29549, 0.0127, 0.0101, 0.0099, 0.0101, 0.0107, 
0.0125, 0.0121, 0.012, 0.0122, 0.0124, 0.0294, 39.2, 46, 49.5, 
55.2, 57.5, 58.6, 64.4, 68.7, 71, 75.2, 80.2, 1841, 620, 171, 
41, 784, 11, 453, 975, 378, 203, 259, 1, 4, 1, 29, 1, 4, 6, 3, 
16, 3, 14, 100, 100, 100, 100, 100, 100, 100, 100, 100, 100, 
100, 2500, 2500, 2500, 2500, 2500, 2500, 2500, 2500, 2500, 2500, 
2500, 6141.098, 6024.885, 5921.332, 5864.28, 5898.088, 5932.868, 
5939.2, 6185.34199999999, 5988.946, 6467.211, 6556.87100000001, 
1, 1, 1, 1, 1, 1, 1, 1, 1, 1, 1, 0.16667, 0.16667, 0.16667, 0.16667, 
0.16667, 0.16667, 0.16667, 0.16667, 0.16667, 0.16667, 0.16667, 
0, 0, 0, 0, 0, 0, 0, 0, 0, 0, 0, 0, 0, 0, 0, 0, 0, 0, 0, 0, 0, 
0, 0.23357, 0.31143, 0.32083, 0.3481, 0.35794, 0.33155, 0.34528, 
0.3525, 0.34333, 0.36475, 0.34441, 0.21429, 0.28333, 0.33357, 
0.2706, 0.37937, 0.34206, 0.38385, 0.39667, 0.38444, 0.36273, 
0.3221, 0.0094, 0.0101, 0.0098, 0.0097, 0.01, 0.0108, 0.0114, 
0.012, 0.0124, 0.0131, 0.013, 43.2, 47, 51.2, 55.2, 59.1, 63.2, 
66.9, 70.4, 74.4, 78.4, 86, 1, 1, 1, 1, 1, 1, 1, 1, 1, 1, 1, 
1, 1, 1, 1, 1, 1, 1, 1, 1, 1, 1, 1, 1, 1, 1, 1, 1, 1, 1, 1, 1, 
1, 1, 1, 1, 1, 1, 1, 1, 1, 1, 1, 1, 2.312, 2.497, 2.358, 2.279, 
2.258, 2.326, 2.407, 2.444, 2.412, 2.631, 2.594), .Dim = c(11L, 
40L), .Dimnames = list(NULL, c("Sampling", "PSO.cost", "PSO.gamma", 
"PSO.data.balancing", "PSO.feature.selection", "PSO.valid.acc", 
"PSO.test.acc", "PSO.train.time", "PSO.n.support.vectors", "PSO.index", 
"PSO.n.solutions", "PSO.generations", "PSO.n.evaluations", "PSO.cpu.time", 
"RS.cost", "RS.gamma", "RS.data.balancing", "RS.feature.selection", 
"RS.valid.acc", "RS.test.acc", "RS.train.time", "RS.n.support.vectors", 
"RS.index", "RS.n.solutions", "RS.generations", "RS.n.evaluations", 
"RS.cpu.time", "DF.cost", "DF.gamma", "DF.data.balancing", "DF.feature.selection", 
"DF.valid.acc", "DF.test.acc", "DF.train.time", "DF.n.support.vectors", 
"DF.index", "DF.n.solutions", "DF.generations", "DF.n.evaluations", 
"DF.cpu.time")))
