full <-
structure(c(50, 55, 60, 65, 70, 75, 80, 85, 90, 95, 100, 12.97253, 
10.80963, 5.49704, 1.33293, 15, 8.50446, 11.93999, 10.2639, 13.36331, 
13.32726, 13.01201, -7.72817, -6.51551, -2.17197, -2.85833, -13.79647, 
-4.48867, -15, -6.93409, -4.52406, -15, -10.13164, 0, 0, 0, 0, 
0, 0, 0, 0, 0, 0, 0, 0, 0, 0, 0, 0, 0, 0, 0, 0, 0, 0, 0.50857, 
0.48214, 0.43524, 0.44762, 0.39861, 0.40595, 0.41282, 0.39054, 
0.42111, 0.42626, 0.43707, 0.4619, 0.39762, 0.27714, 0.37619, 
0.31329, 0.29266, 0.36103, 0.31637, 0.31111, 0.42717, 0.34131, 
0.0175, 0.0129, 0.0106, 0.0099, 0.0117, 0.015, 0.0104, 0.0157, 
0.0396, 0.0127, 0.0219, 38.2, 43.1, 49.5, 54.4, 57.1, 60.2, 65.6, 
67.2, 66.4, 76.2, 81, 292, 750, 1058, 333, 223, 311, 236, 1539, 
1469, 588, 118, 166, 230, 80, 358, 620, 211, 83, 69, 125, 19, 
188, 100, 100, 100, 100, 100, 100, 100, 100, 100, 100, 100, 2500, 
2500, 2500, 2500, 2500, 2500, 2500, 2500, 2500, 2500, 2500, 6026.437, 
6042.638, 6021.923, 6036.411, 6030.334, 6129.81200000001, 5984.764, 
6111.36199999999, 6834.23300000001, 6316.319, 6587.84299999999, 
11.89735, 10.20848, 5.21998, 1.38574, 7.37083, 8.17397, 11.45742, 
9.39651, 13.15825, 11.91915, 12.6537, -7.24587, -6.29797, -2.09997, 
-3.02607, -7.55902, -4.16081, -13.71855, -6.63211, -4.46461, 
-14.3517, -9.90834, 0, 0, 0, 0, 0, 0, 0, 0, 0, 0, 0, 0, 0, 0, 
0, 0, 0, 0, 0, 0, 0, 0, 0.48286, 0.47976, 0.42095, 0.44762, 0.40337, 
0.38413, 0.40754, 0.36625, 0.41, 0.41515, 0.43707, 0.42857, 0.4119, 
0.24619, 0.3619, 0.3119, 0.30694, 0.33921, 0.30045, 0.29, 0.42717, 
0.33298, 0.0153, 0.0121, 0.0105, 0.0106, 0.0114, 0.0135, 0.0113, 
0.0148, 0.0381, 0.0127, 0.0204, 39, 43.3, 49.7, 54.3, 57.6, 60.7, 
65.1, 67.4, 66.8, 76.4, 81.3, 1641, 501, 1000, 1531, 1976, 1453, 
7, 1120, 250, 442, 923, 1, 1, 1, 1, 1, 1, 2, 2, 4, 5, 3, 100, 
100, 100, 100, 100, 100, 100, 100, 100, 100, 100, 2500, 2500, 
2500, 2500, 2500, 2500, 2500, 2500, 2500, 2500, 2500, 6001.027, 
6001.463, 5933.527, 6032.43799999999, 6017.388, 5993.08899999999, 
6076.783, 6249.637, 6361.01000000001, 6377.772, 6385.702, 1, 
1, 1, 1, 1, 1, 1, 1, 1, 1, 1, 0.16667, 0.16667, 0.16667, 0.16667, 
0.16667, 0.16667, 0.16667, 0.16667, 0.16667, 0.16667, 0.16667, 
0, 0, 0, 0, 0, 0, 0, 0, 0, 0, 0, 0, 0, 0, 0, 0, 0, 0, 0, 0, 0, 
0, 0.3519, 0.34762, 0.32714, 0.40238, 0.31012, 0.26766, 0.28008, 
0.31561, 0.30889, 0.31071, 0.36005, 0.34119, 0.36667, 0.34714, 
0.39048, 0.29722, 0.31667, 0.32405, 0.27934, 0.29, 0.29475, 0.37283, 
0.0091, 0.0092, 0.0095, 0.0096, 0.0108, 0.0113, 0.0104, 0.012, 
0.012, 0.0121, 0.0127, 43.1, 46.9, 50.9, 55, 59, 62.8, 66.5, 
70.7, 74.7, 78.8, 86.1, 1, 1, 1, 1, 1, 1, 1, 1, 1, 1, 1, 1, 1, 
1, 1, 1, 1, 1, 1, 1, 1, 1, 1, 1, 1, 1, 1, 1, 1, 1, 1, 1, 1, 1, 
1, 1, 1, 1, 1, 1, 1, 1, 1, 1, 2.313, 2.308, 2.302, 2.331, 2.484, 
2.51, 2.316, 2.488, 2.512, 2.51, 2.524), .Dim = c(11L, 40L), .Dimnames = list(
    NULL, c("Sampling", "PSO.cost", "PSO.gamma", "PSO.data.balancing", 
    "PSO.feature.selection", "PSO.valid.acc", "PSO.test.acc", 
    "PSO.train.time", "PSO.n.support.vectors", "PSO.index", "PSO.n.solutions", 
    "PSO.generations", "PSO.n.evaluations", "PSO.cpu.time", "RS.cost", 
    "RS.gamma", "RS.data.balancing", "RS.feature.selection", 
    "RS.valid.acc", "RS.test.acc", "RS.train.time", "RS.n.support.vectors", 
    "RS.index", "RS.n.solutions", "RS.generations", "RS.n.evaluations", 
    "RS.cpu.time", "DF.cost", "DF.gamma", "DF.data.balancing", 
    "DF.feature.selection", "DF.valid.acc", "DF.test.acc", "DF.train.time", 
    "DF.n.support.vectors", "DF.index", "DF.n.solutions", "DF.generations", 
    "DF.n.evaluations", "DF.cpu.time")))
