full <-
structure(c(50, 55, 60, 65, 70, 75, 80, 85, 90, 95, 100, 14.81643, 
14.58683, 12.87452, 9.71234, 12.33029, 8.91493, 15, 9.93554, 
15, 10.5894, 15, -15, -3.36281, -9.08315, -3.62377, -3.53974, 
-5.94929, -13.31086, -10.38128, -13.16934, -9.69388, -10.35707, 
0, 0, 0, 0, 0, 0, 0, 0, 0, 0, 0, 0, 0, 0, 0, 0, 0, 0, 0, 0, 0, 
0, 0.44333, 0.44095, 0.43333, 0.4131, 0.45079, 0.42242, 0.43056, 
0.43556, 0.41768, 0.40939, 0.40818, 0.305, 0.48524, 0.39524, 
0.33274, 0.36528, 0.41448, 0.39583, 0.37, 0.36073, 0.32475, 0.34364, 
0.0102, 0.0124, 0.0152, 0.0136, 0.0156, 0.015, 0.0155, 0.0128, 
0.0185, 0.0161, 0.0392, 41.2, 42, 46.7, 51.2, 53.2, 59.4, 64.6, 
69.7, 72.6, 76.6, 79.6, 92, 431, 173, 263, 346, 1125, 233, 335, 
166, 1196, 246, 1379, 677, 118, 115, 782, 20, 572, 240, 148, 
121, 525, 100, 100, 100, 100, 100, 100, 100, 100, 100, 100, 100, 
2500, 2500, 2500, 2500, 2500, 2500, 2500, 2500, 2500, 2500, 2500, 
6493.676, 6673.401, 6597.792, 6318.367, 6559.327, 6725.683, 6565.213, 
7210.97899999999, 9061.451, 9040.24599999998, 9455.93799999999, 
14.26377, 13.60074, 14.24657, 9.82315, 12.58169, 9.95367, 14.03941, 
10.59056, 14.61258, 10.36587, 14.33999, -14.6361, -3.3606, -9.60566, 
-3.66976, -3.59127, -7.22864, -7.82734, -10.72196, -11.71241, 
-9.42818, -10.0032, 0, 0, 0, 0, 0, 0, 0, 0, 0, 0, 0, 0, 0, 0, 
0, 0, 0, 0, 0, 0, 0, 0, 0.44333, 0.44095, 0.43095, 0.4006, 0.43968, 
0.42063, 0.425, 0.43556, 0.40427, 0.39939, 0.40818, 0.305, 0.48524, 
0.36667, 0.34702, 0.36528, 0.3756, 0.40417, 0.38111, 0.34588, 
0.30455, 0.33455, 0.0107, 0.0127, 0.0207, 0.0135, 0.0157, 0.0158, 
0.0435, 0.0142, 0.023, 0.0162, 0.0327, 41.1, 42, 46.9, 51.2, 
52.6, 59.8, 63.2, 69.9, 72.1, 76.6, 79.5, 129, 821, 272, 1579, 
266, 203, 23, 1188, 566, 1828, 186, 11, 1, 5, 1, 7, 2, 1, 1, 
3, 1, 2, 100, 100, 100, 100, 100, 100, 100, 100, 100, 100, 100, 
2500, 2500, 2500, 2500, 2500, 2500, 2500, 2500, 2500, 2500, 2500, 
6512.732, 6510.192, 6432.329, 6387.453, 6532.087, 6457.16099999999, 
6525.97200000001, 8961.13799999999, 8974.693, 8946.644, 8990.96299999999, 
1, 1, 1, 1, 1, 1, 1, 1, 1, 1, 1, 0.16667, 0.16667, 0.16667, 0.16667, 
0.16667, 0.16667, 0.16667, 0.16667, 0.16667, 0.16667, 0.16667, 
0, 0, 0, 0, 0, 0, 0, 0, 0, 0, 0, 0, 0, 0, 0, 0, 0, 0, 0, 0, 0, 
0, 0.40167, 0.30143, 0.24762, 0.35714, 0.33373, 0.31726, 0.29722, 
0.26639, 0.21525, 0.29323, 0.30636, 0.385, 0.32476, 0.29762, 
0.35714, 0.31389, 0.30298, 0.26389, 0.27972, 0.26338, 0.31879, 
0.30727, 0.0105, 0.0108, 0.0099, 0.0098, 0.0108, 0.0117, 0.0117, 
0.0131, 0.0143, 0.0143, 0.0146, 43.1, 46.8, 51, 54.5, 58.9, 62.8, 
66.7, 71, 75.1, 79.1, 86.1, 1, 1, 1, 1, 1, 1, 1, 1, 1, 1, 1, 
1, 1, 1, 1, 1, 1, 1, 1, 1, 1, 1, 1, 1, 1, 1, 1, 1, 1, 1, 1, 1, 
1, 1, 1, 1, 1, 1, 1, 1, 1, 1, 1, 1, 2.644, 2.684, 2.437, 2.424, 
2.544, 2.656, 2.703, 3.542, 3.593, 3.605, 3.55), .Dim = c(11L, 
40L), .Dimnames = list(NULL, c("Sampling", "PSO.cost", "PSO.gamma", 
"PSO.data.balancing", "PSO.feature.selection", "PSO.valid.acc", 
"PSO.test.acc", "PSO.train.time", "PSO.n.support.vectors", "PSO.index", 
"PSO.n.solutions", "PSO.generations", "PSO.n.evaluations", "PSO.cpu.time", 
"RS.cost", "RS.gamma", "RS.data.balancing", "RS.feature.selection", 
"RS.valid.acc", "RS.test.acc", "RS.train.time", "RS.n.support.vectors", 
"RS.index", "RS.n.solutions", "RS.generations", "RS.n.evaluations", 
"RS.cpu.time", "DF.cost", "DF.gamma", "DF.data.balancing", "DF.feature.selection", 
"DF.valid.acc", "DF.test.acc", "DF.train.time", "DF.n.support.vectors", 
"DF.index", "DF.n.solutions", "DF.generations", "DF.n.evaluations", 
"DF.cpu.time")))
