full <-
structure(c(50, 55, 60, 65, 70, 75, 80, 85, 90, 95, 100, 12.88968, 
10.88304, 5.3342, 4.29155, 3.02697, 15, 15, 11.45758, 8.5505, 
2.31911, 7.54949, -13.45311, -7.42224, -8.27716, -6.84911, -6.72694, 
-12.77624, -13.52328, -15, -11.33175, -5.27769, -10.71046, 0, 
0, 0, 0, 0, 0, 0, 0, 0, 0, 0, 0, 0, 0, 0, 0, 0, 0, 0, 0, 0, 0, 
0.45786, 0.50762, 0.46667, 0.51369, 0.47103, 0.47881, 0.51421, 
0.47536, 0.445, 0.40212, 0.39861, 0.49381, 0.46357, 0.42143, 
0.45952, 0.40218, 0.37409, 0.44464, 0.45175, 0.3825, 0.34121, 
0.36043, 0.0092, 0.0132, 0.0101, 0.0115, 0.0105, 0.0164, 0.0149, 
0.0122, 0.0128, 0.0128, 0.013, 39.4, 38.6, 49, 52.8, 57.3, 55.8, 
59.6, 68.6, 72, 77.8, 84.3, 1656, 365, 1336, 610, 197, 173, 626, 
199, 134, 816, 435, 6, 96, 58, 154, 546, 688, 124, 67, 67, 83, 
62, 100, 100, 100, 100, 100, 100, 100, 100, 100, 100, 100, 2500, 
2500, 2500, 2500, 2500, 2500, 2500, 2500, 2500, 2500, 2500, 6468.169, 
6631.762, 6446.511, 6486.859, 6629.63200000001, 6778.711, 6714.685, 
6639.121, 6603.61500000001, 6583.90000000001, 6580.60500000001, 
12.62759, 10.37669, 4.93126, 5.24392, 2.73595, 5.07942, 14.69409, 
11.28424, 8.7557, 11.80815, 10.68126, -13.7785, -7.18231, -7.89946, 
-7.49689, -6.37589, -7.7386, -12.5064, -14.83789, -11.53166, 
-6.23645, -3.79947, 0, 0, 0, 0, 0, 0, 0, 0, 0, 0, 0, 0, 0, 0, 
0, 0, 0, 0, 0, 0, 0, 0, 0.44119, 0.50762, 0.46667, 0.50119, 0.47103, 
0.4777, 0.48778, 0.47536, 0.445, 0.39434, 0.39314, 0.48286, 0.4469, 
0.42143, 0.47619, 0.39901, 0.44853, 0.43103, 0.45175, 0.3725, 
0.30152, 0.3004, 0.0106, 0.0116, 0.0106, 0.0113, 0.0115, 0.0118, 
0.0161, 0.0115, 0.0116, 0.0296, 0.0242, 39.6, 39, 49, 52, 57.4, 
59.5, 59.5, 68.6, 71.9, 71, 76.4, 1104, 628, 460, 951, 1441, 
894, 2482, 171, 1025, 1211, 2078, 6, 2, 2, 3, 1, 1, 1, 7, 1, 
1, 1, 100, 100, 100, 100, 100, 100, 100, 100, 100, 100, 100, 
2500, 2500, 2500, 2500, 2500, 2500, 2500, 2500, 2500, 2500, 2500, 
6535.821, 6518.943, 6344.367, 6527.85, 6691.188, 6759.674, 6643.08100000001, 
6618.947, 6646.789, 6650.28200000001, 6477.73300000001, 1, 1, 
1, 1, 1, 1, 1, 1, 1, 1, 1, 0.16667, 0.16667, 0.16667, 0.16667, 
0.16667, 0.16667, 0.16667, 0.16667, 0.16667, 0.16667, 0.16667, 
0, 0, 0, 0, 0, 0, 0, 0, 0, 0, 0, 0, 0, 0, 0, 0, 0, 0, 0, 0, 0, 
0, 0.34286, 0.34738, 0.34286, 0.3875, 0.3754, 0.34897, 0.43254, 
0.43952, 0.36, 0.38212, 0.28718, 0.37952, 0.34976, 0.36429, 0.40357, 
0.38968, 0.38468, 0.39782, 0.43952, 0.3925, 0.33121, 0.30514, 
0.0104, 0.0106, 0.01, 0.0106, 0.0116, 0.0118, 0.0121, 0.0123, 
0.0117, 0.0125, 0.0125, 41.9, 45.7, 49.4, 53.7, 57.6, 61.8, 65.6, 
70.8, 74.6, 78.8, 86.1, 1, 1, 1, 1, 1, 1, 1, 1, 1, 1, 1, 1, 1, 
1, 1, 1, 1, 1, 1, 1, 1, 1, 1, 1, 1, 1, 1, 1, 1, 1, 1, 1, 1, 1, 
1, 1, 1, 1, 1, 1, 1, 1, 1, 1, 2.724, 2.697, 2.468, 2.5, 2.705, 
2.713, 2.689, 2.688, 2.483, 2.662, 2.486), .Dim = c(11L, 40L), .Dimnames = list(
    NULL, c("Sampling", "PSO.cost", "PSO.gamma", "PSO.data.balancing", 
    "PSO.feature.selection", "PSO.valid.acc", "PSO.test.acc", 
    "PSO.train.time", "PSO.n.support.vectors", "PSO.index", "PSO.n.solutions", 
    "PSO.generations", "PSO.n.evaluations", "PSO.cpu.time", "RS.cost", 
    "RS.gamma", "RS.data.balancing", "RS.feature.selection", 
    "RS.valid.acc", "RS.test.acc", "RS.train.time", "RS.n.support.vectors", 
    "RS.index", "RS.n.solutions", "RS.generations", "RS.n.evaluations", 
    "RS.cpu.time", "DF.cost", "DF.gamma", "DF.data.balancing", 
    "DF.feature.selection", "DF.valid.acc", "DF.test.acc", "DF.train.time", 
    "DF.n.support.vectors", "DF.index", "DF.n.solutions", "DF.generations", 
    "DF.n.evaluations", "DF.cpu.time")))
