full <-
structure(c(50, 55, 60, 65, 70, 75, 80, 85, 90, 95, 100, 9.05153, 
7.69644, 13.08753, 10.73449, 11.30542, 14.74136, 15, 8.8117, 
7.97792, 14.58908, 8.41717, -7.47476, -7.15701, -11.19808, -3.34498, 
-3.78199, -11.7788, -9.93469, -2.43757, -9.87711, -14.99475, 
3, 0, 0, 0, 0, 0, 0, 0, 0, 0, 0, 0, 0, 0, 0, 0, 0, 0, 0, 0, 0, 
0, 0, 0.36548, 0.36381, 0.42595, 0.32262, 0.42857, 0.38262, 0.37222, 
0.38667, 0.39056, 0.35838, 0.37379, 0.26119, 0.2319, 0.38583, 
0.26095, 0.3869, 0.26425, 0.37222, 0.25083, 0.36333, 0.38131, 
0.32076, 0.0109, 0.0125, 0.0156, 0.0162, 0.0185, 0.0182, 0.0309, 
0.0165, 0.0152, 0.0157, 0.0161, 41.5, 46.3, 49.5, 49.8, 53.2, 
61.2, 62.9, 65.1, 73.3, 75.8, 86.4, 360, 943, 475, 551, 464, 
588, 109, 1941, 1086, 393, 31, 57, 19, 316, 60, 162, 277, 254, 
10, 52, 383, 2344, 100, 100, 100, 100, 100, 100, 100, 100, 100, 
100, 100, 2500, 2500, 2500, 2500, 2500, 2500, 2500, 2500, 2500, 
2500, 2500, 6219.944, 8817.802, 8834.403, 8966.661, 8939.06, 
8996.018, 9118.91799999999, 9067.70400000001, 8839.61499999999, 
8913.06900000002, 8847.03099999999, 9.05244, 9.15326, 12.1837, 
10.70481, 11.15843, 14.65549, 13.24585, 9.62221, 6.76512, 13.50621, 
14.41942, -7.48194, -8.30161, -10.58006, -3.37774, -3.54473, 
-11.71076, -9.97243, -2.55135, -8.76429, -13.42404, -8.52583, 
0, 0, 0, 0, 0, 0, 0, 0, 0, 0, 0, 0, 0, 0, 0, 0, 0, 0, 0, 0, 0, 
0, 0.36548, 0.36143, 0.42595, 0.32262, 0.4125, 0.37012, 0.37083, 
0.37417, 0.38056, 0.34929, 0.37879, 0.26119, 0.21524, 0.35333, 
0.26095, 0.3744, 0.26425, 0.31111, 0.23833, 0.35333, 0.37333, 
0.27848, 0.0109, 0.0133, 0.0143, 0.0165, 0.0174, 0.0177, 0.0197, 
0.0168, 0.0143, 0.016, 0.0603, 41.5, 46.1, 49.9, 49.6, 52.9, 
61.2, 64.3, 64.1, 73.5, 75.6, 79.1, 693, 209, 212, 9, 1982, 1556, 
826, 926, 1870, 735, 1117, 1, 1, 2, 2, 1, 3, 1, 3, 1, 6, 1, 100, 
100, 100, 100, 100, 100, 100, 100, 100, 100, 100, 2500, 2500, 
2500, 2500, 2500, 2500, 2500, 2500, 2500, 2500, 2500, 6182.43, 
8765.557, 8830.328, 8860.986, 8917.151, 8904.31199999999, 8965.353, 
8914.761, 8866.42999999999, 8973.791, 8869.15399999998, 1, 1, 
1, 1, 1, 1, 1, 1, 1, 1, 1, 0.16667, 0.16667, 0.16667, 0.16667, 
0.16667, 0.16667, 0.16667, 0.16667, 0.16667, 0.16667, 0.16667, 
0, 0, 0, 0, 0, 0, 0, 0, 0, 0, 0, 0, 0, 0, 0, 0, 0, 0, 0, 0, 0, 
0, 0.12595, 0.14881, 0.20393, 0.17083, 0.25298, 0.29611, 0.32361, 
0.27194, 0.28694, 0.29162, 0.25652, 0.15857, 0.20833, 0.17548, 
0.20488, 0.29048, 0.31635, 0.32361, 0.26222, 0.27611, 0.28162, 
0.30394, 0.0097, 0.0119, 0.0125, 0.0121, 0.0129, 0.0131, 0.0144, 
0.0135, 0.0139, 0.0151, 0.0149, 43.2, 47.2, 51.2, 55.2, 59.2, 
63.2, 67, 71, 74.9, 79, 85.8, 1, 1, 1, 1, 1, 1, 1, 1, 1, 1, 1, 
1, 1, 1, 1, 1, 1, 1, 1, 1, 1, 1, 1, 1, 1, 1, 1, 1, 1, 1, 1, 1, 
1, 1, 1, 1, 1, 1, 1, 1, 1, 1, 1, 1, 2.493, 3.514, 3.538, 3.527, 
3.554, 3.508, 3.566, 3.552, 3.521, 3.565, 3.536), .Dim = c(11L, 
40L), .Dimnames = list(NULL, c("Sampling", "PSO.cost", "PSO.gamma", 
"PSO.data.balancing", "PSO.feature.selection", "PSO.valid.acc", 
"PSO.test.acc", "PSO.train.time", "PSO.n.support.vectors", "PSO.index", 
"PSO.n.solutions", "PSO.generations", "PSO.n.evaluations", "PSO.cpu.time", 
"RS.cost", "RS.gamma", "RS.data.balancing", "RS.feature.selection", 
"RS.valid.acc", "RS.test.acc", "RS.train.time", "RS.n.support.vectors", 
"RS.index", "RS.n.solutions", "RS.generations", "RS.n.evaluations", 
"RS.cpu.time", "DF.cost", "DF.gamma", "DF.data.balancing", "DF.feature.selection", 
"DF.valid.acc", "DF.test.acc", "DF.train.time", "DF.n.support.vectors", 
"DF.index", "DF.n.solutions", "DF.generations", "DF.n.evaluations", 
"DF.cpu.time")))
