full <-
structure(c(50, 55, 60, 65, 70, 75, 80, 85, 90, 95, 100, 0.53689, 
5.01989, 5.58582, 3.86371, 3.3638, 5.74754, 10.26969, 11.68339, 
14.87215, 14.83829, 4.75943, -3.07523, -0.8607, -4.60173, -8.74934, 
-4.5545, -8.99851, -10.95838, -7.83755, -14.33422, -14.68157, 
-7.92825, 0, 0, 0, 0, 0, 0, 0, 0, 0, 0, 0, 0, 0, 0, 0, 0, 0, 
0, 0, 0, 0, 0, 0.48452, 0.40488, 0.40619, 0.36667, 0.40833, 0.38591, 
0.36746, 0.44329, 0.42455, 0.425, 0.39848, 0.36024, 0.33726, 
0.31238, 0.32738, 0.27381, 0.3373, 0.31369, 0.3373, 0.39232, 
0.36667, 0.31606, 0.01, 0.0114, 0.0112, 0.0114, 0.0115, 0.0122, 
0.0116, 0.0202, 0.0152, 0.0146, 0.0123, 43.1, 46.1, 50.1, 54.9, 
58.7, 62.6, 64.4, 66.9, 71.8, 76.1, 84.9, 912, 1453, 836, 217, 
555, 418, 833, 75, 492, 878, 1285, 182, 54, 74, 140, 70, 40, 
33, 252, 35, 1, 18, 100, 100, 100, 100, 100, 100, 100, 100, 100, 
100, 100, 2500, 2500, 2500, 2500, 2500, 2500, 2500, 2500, 2500, 
2500, 2500, 6932.933, 6906.417, 6908.542, 6942.08, 6741.548, 
6902.58500000001, 6599.159, 6777.296, 6627.13499999999, 6497.86500000001, 
6465.32500000001, 0.70435, 4.87157, 14.29246, 2.12371, 3.09045, 
5.21819, 12.62193, 11.14144, 13.90369, 14.06197, 11.59113, -3.225, 
-1.00983, -7.99478, -6.97727, -4.31277, -8.39274, -11.10698, 
-7.52403, -13.43623, -14.39491, -8.47352, 0, 0, 0, 0, 0, 0, 0, 
0, 0, 0, 0, 0, 0, 0, 0, 0, 0, 0, 0, 0, 0, 0, 0.48452, 0.38488, 
0.39667, 0.36667, 0.40833, 0.38591, 0.36567, 0.44329, 0.41545, 
0.41611, 0.395, 0.34024, 0.31726, 0.28381, 0.34405, 0.3006, 0.35397, 
0.32302, 0.33619, 0.38323, 0.355, 0.35833, 0.0099, 0.0109, 0.0297, 
0.0115, 0.0118, 0.0113, 0.0148, 0.0196, 0.0143, 0.0133, 0.0208, 
43.1, 46, 47.3, 55, 58.8, 62.7, 62.8, 66.7, 72, 76.1, 80.4, 25, 
977, 1605, 163, 103, 424, 41, 2315, 675, 569, 1902, 1, 2, 1, 
14, 1, 1, 8, 1, 3, 4, 1, 100, 100, 100, 100, 100, 100, 100, 100, 
100, 100, 100, 2500, 2500, 2500, 2500, 2500, 2500, 2500, 2500, 
2500, 2500, 2500, 6987.738, 6788.907, 6815.065, 6996.503, 6719.417, 
6693.93700000001, 6528.173, 6591.796, 6571.731, 6551.48100000001, 
6480.785, 1, 1, 1, 1, 1, 1, 1, 1, 1, 1, 1, 0.16667, 0.16667, 
0.16667, 0.16667, 0.16667, 0.16667, 0.16667, 0.16667, 0.16667, 
0.16667, 0.16667, 0, 0, 0, 0, 0, 0, 0, 0, 0, 0, 0, 0, 0, 0, 0, 
0, 0, 0, 0, 0, 0, 0, 0.43119, 0.29298, 0.23048, 0.30417, 0.27698, 
0.24345, 0.23929, 0.29079, 0.33172, 0.32278, 0.30364, 0.36024, 
0.23964, 0.22476, 0.25, 0.25714, 0.28829, 0.28968, 0.29857, 0.31061, 
0.31611, 0.34182, 0.0109, 0.0109, 0.01, 0.0109, 0.0119, 0.0109, 
0.0111, 0.0124, 0.0124, 0.0115, 0.0132, 43.2, 47.2, 51.2, 55.2, 
59.2, 63, 67.1, 71.1, 75.1, 79.1, 86, 1, 1, 1, 1, 1, 1, 1, 1, 
1, 1, 1, 1, 1, 1, 1, 1, 1, 1, 1, 1, 1, 1, 1, 1, 1, 1, 1, 1, 1, 
1, 1, 1, 1, 1, 1, 1, 1, 1, 1, 1, 1, 1, 1, 1, 2.921, 2.684, 2.592, 
2.763, 2.832, 2.589, 2.547, 2.759, 2.663, 2.466, 2.678), .Dim = c(11L, 
40L), .Dimnames = list(NULL, c("Sampling", "PSO.cost", "PSO.gamma", 
"PSO.data.balancing", "PSO.feature.selection", "PSO.valid.acc", 
"PSO.test.acc", "PSO.train.time", "PSO.n.support.vectors", "PSO.index", 
"PSO.n.solutions", "PSO.generations", "PSO.n.evaluations", "PSO.cpu.time", 
"RS.cost", "RS.gamma", "RS.data.balancing", "RS.feature.selection", 
"RS.valid.acc", "RS.test.acc", "RS.train.time", "RS.n.support.vectors", 
"RS.index", "RS.n.solutions", "RS.generations", "RS.n.evaluations", 
"RS.cpu.time", "DF.cost", "DF.gamma", "DF.data.balancing", "DF.feature.selection", 
"DF.valid.acc", "DF.test.acc", "DF.train.time", "DF.n.support.vectors", 
"DF.index", "DF.n.solutions", "DF.generations", "DF.n.evaluations", 
"DF.cpu.time")))
