full <-
structure(c(50, 55, 60, 65, 70, 75, 80, 85, 90, 95, 100, 7.08115, 
6.9261, 5.13692, 14.20376, 14.9236, 10.03126, 14.40287, 13.97974, 
15, 12.28212, 9.79086, -5.97849, -9.35435, -6.97529, -11.35564, 
-13.93804, -10.37119, -10.49546, -11.52232, -11.54729, -11.54284, 
-6.11833, 0, 0, 0, 0, 0, 0, 0, 0, 0, 0, 0, 0, 0, 0, 0, 0, 0, 
0, 0, 0, 0, 0, 0.355, 0.40476, 0.45667, 0.35238, 0.41548, 0.37659, 
0.41944, 0.4472, 0.38307, 0.38586, 0.39955, 0.28238, 0.37905, 
0.29857, 0.29167, 0.36091, 0.33909, 0.33833, 0.41838, 0.36307, 
0.36879, 0.3803, 0.0111, 0.0105, 0.011, 0.0161, 0.0124, 0.012, 
0.0198, 0.0158, 0.0225, 0.0136, 0.0194, 42.2, 46.5, 49.3, 51.6, 
54.1, 61.1, 62.1, 67.3, 70.3, 75.8, 80.1, 594, 136, 1804, 965, 
1396, 9, 692, 206, 657, 316, 1570, 73, 201, 4, 216, 11, 489, 
143, 745, 25, 28, 69, 100, 100, 100, 100, 100, 100, 100, 100, 
100, 100, 100, 2500, 2500, 2500, 2500, 2500, 2500, 2500, 2500, 
2500, 2500, 2500, 6583.262, 6544.772, 6559.85, 6461.276, 6396.264, 
6456.897, 6506.29700000001, 6453.723, 6300.36500000001, 6280.929, 
6572.58800000002, -0.25271, 9.33982, 5.11038, 13.51394, 14.1774, 
13.90677, 13.83674, 13.17582, 4.49343, 8.02984, 9.92628, 1.55765, 
-6.20295, -6.76066, -10.67131, -12.82467, -10.99877, -10.08453, 
-10.69219, -4.60686, -5.53964, -6.18824, 0, 0, 0, 0, 0, 0, 0, 
0, 0, 0, 0, 0, 0, 0, 0, 0, 0, 0, 0, 0, 0, 0, 0.35143, 0.40571, 
0.44238, 0.35238, 0.41369, 0.37659, 0.40694, 0.4472, 0.37732, 
0.38606, 0.39955, 0.32048, 0.25619, 0.34619, 0.29167, 0.36091, 
0.30159, 0.32583, 0.41838, 0.3362, 0.35364, 0.3803, 0.0105, 0.0125, 
0.0104, 0.0158, 0.0131, 0.0154, 0.0195, 0.0164, 0.0122, 0.0154, 
0.0201, 43.2, 44.1, 49.3, 51.6, 54.2, 58.9, 62.4, 66.9, 72.6, 
74, 80, 396, 1064, 1170, 1455, 218, 62, 632, 997, 1673, 2449, 
117, 3, 2, 3, 1, 2, 4, 2, 1, 1, 1, 1, 100, 100, 100, 100, 100, 
100, 100, 100, 100, 100, 100, 2500, 2500, 2500, 2500, 2500, 2500, 
2500, 2500, 2500, 2500, 2500, 6570.979, 6558.891, 6504.33300000001, 
6391.324, 6361.181, 6368.618, 6361.17599999999, 6273.182, 6235.363, 
6237.21799999999, 6386.49800000002, 1, 1, 1, 1, 1, 1, 1, 1, 1, 
1, 1, 0.16667, 0.16667, 0.16667, 0.16667, 0.16667, 0.16667, 0.16667, 
0.16667, 0.16667, 0.16667, 0.16667, 0, 0, 0, 0, 0, 0, 0, 0, 0, 
0, 0, 0, 0, 0, 0, 0, 0, 0, 0, 0, 0, 0, 0.22214, 0.26714, 0.30762, 
0.27143, 0.32044, 0.27619, 0.28972, 0.33644, 0.30859, 0.26414, 
0.29333, 0.24714, 0.26476, 0.27667, 0.33095, 0.31667, 0.27976, 
0.28833, 0.31624, 0.31398, 0.30232, 0.31879, 0.0101, 0.0102, 
0.0098, 0.0105, 0.0104, 0.011, 0.0111, 0.0111, 0.0122, 0.0125, 
0.0133, 43, 46.8, 50.7, 55.2, 59.2, 62.9, 67.2, 71.2, 74.9, 79, 
86.2, 1, 1, 1, 1, 1, 1, 1, 1, 1, 1, 1, 1, 1, 1, 1, 1, 1, 1, 1, 
1, 1, 1, 1, 1, 1, 1, 1, 1, 1, 1, 1, 1, 1, 1, 1, 1, 1, 1, 1, 1, 
1, 1, 1, 1, 2.671, 2.612, 2.498, 2.615, 2.516, 2.594, 2.51, 2.381, 
2.561, 2.59, 2.604), .Dim = c(11L, 40L), .Dimnames = list(NULL, 
    c("Sampling", "PSO.cost", "PSO.gamma", "PSO.data.balancing", 
    "PSO.feature.selection", "PSO.valid.acc", "PSO.test.acc", 
    "PSO.train.time", "PSO.n.support.vectors", "PSO.index", "PSO.n.solutions", 
    "PSO.generations", "PSO.n.evaluations", "PSO.cpu.time", "RS.cost", 
    "RS.gamma", "RS.data.balancing", "RS.feature.selection", 
    "RS.valid.acc", "RS.test.acc", "RS.train.time", "RS.n.support.vectors", 
    "RS.index", "RS.n.solutions", "RS.generations", "RS.n.evaluations", 
    "RS.cpu.time", "DF.cost", "DF.gamma", "DF.data.balancing", 
    "DF.feature.selection", "DF.valid.acc", "DF.test.acc", "DF.train.time", 
    "DF.n.support.vectors", "DF.index", "DF.n.solutions", "DF.generations", 
    "DF.n.evaluations", "DF.cpu.time")))
