full <-
structure(c(50, 55, 60, 65, 70, 75, 80, 85, 90, 95, 100, 4.21604, 
3.29447, 4.07594, 3.3398, 2.8332, 8.2604, 10.07581, 3.98603, 
11.91954, 5.92495, 8.07651, -7.84086, -7.58396, -8.01055, -5.91805, 
-5.46435, -6.74431, -6.96879, -7.473, -6.73103, -7.03545, -8.17596, 
0, 0, 0, 0, 0, 0, 0, 0, 0, 0, 0, 0, 0, 0, 0, 0, 0, 0, 0, 0, 0, 
0, 0.79357, 0.801, 0.82007, 0.83081, 0.84002, 0.85479, 0.85454, 
0.85979, 0.86026, 0.86583, 0.86899, 0.78758, 0.80319, 0.82505, 
0.81623, 0.83423, 0.84811, 0.85484, 0.86351, 0.85733, 0.86787, 
0.86582, 2.1365, 2.5364, 2.6433, 3.5737, 3.317, 3.5699, 4.2113, 
4.8075, 6.4727, 5.7893, 8.9821, 620.8, 678.8, 736.9, 804.8, 865, 
920.6, 978.5, 1034, 1096.6, 1153.4, 1198.1, 912, 552, 1108, 493, 
1270, 313, 203, 634, 553, 1593, 163, 55, 64, 57, 510, 77, 395, 
969, 80, 424, 147, 668, 100, 100, 100, 100, 100, 100, 100, 100, 
100, 100, 100, 2500, 2500, 2500, 2500, 2500, 2500, 2500, 2500, 
2500, 2500, 2500, 65072, 77552.66, 74665.226, 97938.513, 103603.214, 
102392.088, 126706.532, 137490.898, 149916.279, 203151.277, 189942.256, 
5.06069, 3.18086, 3.58761, 3.39225, 6.46258, 8.3794, 9.45279, 
2.93751, 9.28753, 5.17419, 9.13112, -6.02064, -7.55432, -7.89313, 
-5.97394, -5.42579, -6.74896, -6.94803, -6.53717, -6.63564, -6.81951, 
-8.16778, 0, 0, 0, 0, 0, 0, 0, 0, 0, 0, 0, 0, 0, 0, 0, 0, 0, 
0, 0, 0, 0, 0, 0.79017, 0.79989, 0.81805, 0.83081, 0.83992, 0.85479, 
0.85454, 0.85903, 0.86023, 0.86524, 0.86838, 0.7816, 0.80433, 
0.82314, 0.81718, 0.83337, 0.84728, 0.85484, 0.86122, 0.85803, 
0.87052, 0.86582, 2.2812, 2.3233, 2.7589, 1.7466, 4.038, 4.6144, 
4.1629, 4.9807, 2.8828, 5.757, 5.1819, 624.4, 679.3, 737, 804.9, 
865.2, 920.6, 978.8, 1040.3, 1097.3, 1154.6, 1198.5, 1320, 1420, 
100, 1436, 74, 533, 172, 2238, 51, 664, 1005, 3, 1, 1, 1, 6, 
2, 5, 1, 6, 4, 1, 100, 100, 100, 100, 100, 100, 100, 100, 100, 
100, 100, 2500, 2500, 2500, 2500, 2500, 2500, 2500, 2500, 2500, 
2500, 2500, 66460.293, 76170.166, 71948.604, 88705.648, 115515.69, 
121934.922, 125478.059, 144335.323, 185206.664, 181848.545, 183312.244, 
1, 1, 1, 1, 1, 1, 1, 1, 1, 1, 1, 0.01562, 0.01562, 0.01562, 0.01562, 
0.01562, 0.01562, 0.01562, 0.01562, 0.01562, 0.01562, 0.01562, 
0, 0, 0, 0, 0, 0, 0, 0, 0, 0, 0, 0, 0, 0, 0, 0, 0, 0, 0, 0, 0, 
0, 0.71601, 0.74237, 0.75435, 0.77194, 0.76701, 0.7916, 0.78715, 
0.80216, 0.80656, 0.81427, 0.82017, 0.71247, 0.74026, 0.75134, 
0.76335, 0.77561, 0.78579, 0.80618, 0.80282, 0.8069, 0.81716, 
0.8238, 2.2376, 2.3665, 2.8783, 3.0207, 4.2891, 3.9859, 4.3958, 
5.0383, 5.3558, 4.0133, 5.2673, 631.7, 691.2, 752.9, 815, 875.9, 
936.6, 996.4, 1057.2, 1116.8, 1178.6, 1237.4, 1, 1, 1, 1, 1, 
1, 1, 1, 1, 1, 1, 1, 1, 1, 1, 1, 1, 1, 1, 1, 1, 1, 1, 1, 1, 1, 
1, 1, 1, 1, 1, 1, 1, 1, 1, 1, 1, 1, 1, 1, 1, 1, 1, 1, 27.997, 
27.86, 34.839, 35.245, 50.119, 45.448, 50.018, 56.92, 60.733, 
45.536, 59.161), .Dim = c(11L, 40L), .Dimnames = list(NULL, c("Sampling", 
"PSO.cost", "PSO.gamma", "PSO.data.balancing", "PSO.feature.selection", 
"PSO.valid.acc", "PSO.test.acc", "PSO.train.time", "PSO.n.support.vectors", 
"PSO.index", "PSO.n.solutions", "PSO.generations", "PSO.n.evaluations", 
"PSO.cpu.time", "RS.cost", "RS.gamma", "RS.data.balancing", "RS.feature.selection", 
"RS.valid.acc", "RS.test.acc", "RS.train.time", "RS.n.support.vectors", 
"RS.index", "RS.n.solutions", "RS.generations", "RS.n.evaluations", 
"RS.cpu.time", "DF.cost", "DF.gamma", "DF.data.balancing", "DF.feature.selection", 
"DF.valid.acc", "DF.test.acc", "DF.train.time", "DF.n.support.vectors", 
"DF.index", "DF.n.solutions", "DF.generations", "DF.n.evaluations", 
"DF.cpu.time")))
