full <-
structure(c(50, 55, 60, 65, 70, 75, 80, 85, 90, 95, 100, 3.32818, 
3.98763, 6.57227, 3.69858, 4.90707, 10.67993, 4.168, 8.14688, 
3.28945, 8.55008, 7.55181, -7.65018, -8.16748, -11.013, -6.74059, 
-7.87032, -7.61039, -7.84043, -7.29932, -6.20438, -5.77108, -7.03479, 
0, 0, 0, 0, 0, 0, 0, 0, 0, 0, 0, 0, 0, 0, 0, 0, 0, 0, 0, 0, 0, 
0, 0.80696, 0.81826, 0.83795, 0.84747, 0.85165, 0.83926, 0.8514, 
0.85254, 0.86222, 0.8663, 0.87243, 0.80027, 0.8073, 0.81181, 
0.84914, 0.84181, 0.84471, 0.84299, 0.84923, 0.85889, 0.86294, 
0.86632, 2.0877, 2.5795, 2.3917, 2.7101, 3.131, 3.6093, 3.9532, 
6.7118, 5.0912, 8.3694, 6.6108, 623.2, 683.2, 735.6, 806.8, 858.3, 
919.6, 976, 1037.4, 1102.9, 1157.4, 1206.7, 1283, 2339, 905, 
381, 980, 191, 1958, 979, 1324, 488, 635, 43, 1, 47, 124, 213, 
964, 19, 57, 99, 17, 834, 100, 100, 100, 100, 100, 100, 100, 
100, 100, 100, 100, 2500, 2500, 2500, 2500, 2500, 2500, 2500, 
2500, 2500, 2500, 2500, 63139.237, 74050.661, 77313.58, 79044.1679999999, 
98028.46, 112179.753, 122049.821, 158051.673, 154315.483, 182333.944, 
206391.089, 3.35512, 4.23202, 6.85848, 3.92677, 4.47263, 14.65822, 
4.01924, 6.7305, 3.48394, 5.47032, 7.17367, -7.31835, -8.49015, 
-9.07173, -6.85508, -7.62137, -7.62036, -7.70054, -7.14685, -6.33155, 
-5.76819, -7.0439, 0, 0, 0, 0, 0, 0, 0, 0, 0, 0, 0, 0, 0, 0, 
0, 0, 0, 0, 0, 0, 0, 0, 0.80415, 0.81717, 0.83684, 0.84658, 0.84911, 
0.83926, 0.84827, 0.8511, 0.86218, 0.8663, 0.87243, 0.79622, 
0.80861, 0.82614, 0.8483, 0.84367, 0.84471, 0.84379, 0.85286, 
0.85889, 0.8636, 0.86628, 1.3406, 2.3036, 2.6037, 2.9048, 2.7149, 
3.5151, 3.9226, 6.2982, 6.1816, 5.4661, 5.9058, 624.1, 681.1, 
738.3, 806.8, 860.6, 919.5, 978, 1039.1, 1103, 1157.1, 1206.8, 
13, 2090, 1402, 1058, 1626, 1177, 948, 1081, 232, 421, 290, 1, 
1, 1, 1, 1, 3, 1, 2, 1, 1, 2, 100, 100, 100, 100, 100, 100, 100, 
100, 100, 100, 100, 2500, 2500, 2500, 2500, 2500, 2500, 2500, 
2500, 2500, 2500, 2500, 60500.242, 71025.598, 83488.693, 86678.892, 
94433.544, 114060.122, 128436.056, 155545.874, 151241.233, 231821.088, 
191746.666, 1, 1, 1, 1, 1, 1, 1, 1, 1, 1, 1, 0.01562, 0.01562, 
0.01562, 0.01562, 0.01562, 0.01562, 0.01562, 0.01562, 0.01562, 
0.01562, 0.01562, 0, 0, 0, 0, 0, 0, 0, 0, 0, 0, 0, 0, 0, 0, 0, 
0, 0, 0, 0, 0, 0, 0, 0.71905, 0.75518, 0.75887, 0.77649, 0.7822, 
0.77672, 0.79357, 0.80061, 0.80166, 0.80816, 0.8223, 0.70807, 
0.75488, 0.75667, 0.769, 0.78764, 0.77916, 0.79375, 0.80364, 
0.80225, 0.80936, 0.82234, 1.4892, 2.3562, 2.6357, 3.9249, 1.9917, 
3.6863, 4.3914, 5.0123, 6.981, 8.4625, 5.0136, 632.3, 695, 757.2, 
818.1, 880.1, 940.4, 999.3, 1057.4, 1119.7, 1176.1, 1234.7, 1, 
1, 1, 1, 1, 1, 1, 1, 1, 1, 1, 1, 1, 1, 1, 1, 1, 1, 1, 1, 1, 1, 
1, 1, 1, 1, 1, 1, 1, 1, 1, 1, 1, 1, 1, 1, 1, 1, 1, 1, 1, 1, 1, 
1, 18.819, 27.747, 30.811, 45.908, 23.563, 42.687, 49.843, 56.824, 
78.792, 96.612, 56.489), .Dim = c(11L, 40L), .Dimnames = list(
    NULL, c("Sampling", "PSO.cost", "PSO.gamma", "PSO.data.balancing", 
    "PSO.feature.selection", "PSO.valid.acc", "PSO.test.acc", 
    "PSO.train.time", "PSO.n.support.vectors", "PSO.index", "PSO.n.solutions", 
    "PSO.generations", "PSO.n.evaluations", "PSO.cpu.time", "RS.cost", 
    "RS.gamma", "RS.data.balancing", "RS.feature.selection", 
    "RS.valid.acc", "RS.test.acc", "RS.train.time", "RS.n.support.vectors", 
    "RS.index", "RS.n.solutions", "RS.generations", "RS.n.evaluations", 
    "RS.cpu.time", "DF.cost", "DF.gamma", "DF.data.balancing", 
    "DF.feature.selection", "DF.valid.acc", "DF.test.acc", "DF.train.time", 
    "DF.n.support.vectors", "DF.index", "DF.n.solutions", "DF.generations", 
    "DF.n.evaluations", "DF.cpu.time")))
