full <-
structure(c(50, 55, 60, 65, 70, 75, 80, 85, 90, 95, 100, 5.4411, 
8.27744, 3.46172, 2.35154, 5.1984, 3.51016, 9.90815, 11.71041, 
7.4111, 8.49378, 9.5609, -8.72165, -10.79941, -7.63253, -7.04289, 
-8.57631, -6.58913, -6.19212, -7.77851, -8.23989, -5.51867, -6.66926, 
0, 0, 0, 0, 0, 0, 0, 0, 0, 0, 0, 0, 0, 0, 0, 0, 0, 0, 0, 0, 0, 
0, 0.80121, 0.82227, 0.83807, 0.8383, 0.84829, 0.85043, 0.84736, 
0.85688, 0.87351, 0.86244, 0.87272, 0.78721, 0.81314, 0.82258, 
0.82176, 0.83962, 0.84955, 0.84327, 0.85498, 0.86248, 0.85909, 
0.86454, 2.212, 2.3717, 2.7484, 1.9017, 3.0006, 4.7111, 4.7008, 
4.6765, 4.9216, 6.8403, 7.3322, 620.1, 675.6, 746.4, 810.5, 859.5, 
925.3, 984.8, 1037.7, 1089.6, 1157.8, 1212.3, 1430, 298, 2331, 
1805, 1064, 1477, 41, 269, 105, 48, 106, 33, 505, 1, 4, 131, 
9, 1137, 911, 1086, 916, 1287, 100, 100, 100, 100, 100, 100, 
100, 100, 100, 100, 100, 2500, 2500, 2500, 2500, 2500, 2500, 
2500, 2500, 2500, 2500, 2500, 65096.164, 70264.371, 63330.106, 
91214.598, 92157.757, 113518.844, 131759.399, 109043.538, 133770.552, 
173343.941, 203660.961, 4.26456, 8.48995, 3.07641, 13.77129, 
4.98915, 12.60045, 8.11086, 12.01538, 9.59651, 3.30399, 13.94423, 
-7.71394, -10.90071, -7.1785, -7.0668, -8.4902, -6.58875, -6.21511, 
-7.78287, -8.2794, -6.36062, -6.69077, 0, 0, 0, 0, 0, 0, 0, 0, 
0, 0, 0, 0, 0, 0, 0, 0, 0, 0, 0, 0, 0, 0, 0.79876, 0.82227, 0.83278, 
0.83602, 0.84742, 0.84958, 0.84736, 0.85688, 0.87351, 0.86307, 
0.87272, 0.79228, 0.81314, 0.82246, 0.82831, 0.83863, 0.8504, 
0.84327, 0.85498, 0.86252, 0.85835, 0.86454, 1.4524, 1.4981, 
2.7892, 2.8015, 3.6264, 4.2482, 4.1581, 5.6508, 2.6979, 3.4598, 
3.6222, 623.7, 675.5, 748, 808.7, 859.9, 924.9, 984.7, 1037.5, 
1089.4, 1156, 1211.6, 980, 141, 43, 73, 927, 1238, 753, 950, 
203, 1179, 3, 2, 3, 1, 1, 1, 3, 7, 2, 4, 1, 6, 100, 100, 100, 
100, 100, 100, 100, 100, 100, 100, 100, 2500, 2500, 2500, 2500, 
2500, 2500, 2500, 2500, 2500, 2500, 2500, 61581.282, 65602.57, 
77929.671, 73243.741, 102536.563, 125629.167, 124702.067, 143587.052, 
151272.687, 187470.223, 181721.861, 1, 1, 1, 1, 1, 1, 1, 1, 1, 
1, 1, 0.01562, 0.01562, 0.01562, 0.01562, 0.01562, 0.01562, 0.01562, 
0.01562, 0.01562, 0.01562, 0.01562, 0, 0, 0, 0, 0, 0, 0, 0, 0, 
0, 0, 0, 0, 0, 0, 0, 0, 0, 0, 0, 0, 0, 0.70651, 0.73702, 0.7567, 
0.77863, 0.77152, 0.78814, 0.79878, 0.81148, 0.8131, 0.81454, 
0.81264, 0.71, 0.74715, 0.7614, 0.77657, 0.77868, 0.79465, 0.8065, 
0.80782, 0.81369, 0.81385, 0.82289, 1.3405, 2.5255, 2.6665, 2.934, 
3.6285, 4.8505, 4.193, 5.1583, 6.3316, 7.0863, 5.9772, 633.6, 
696.2, 756.8, 820.4, 879.4, 937.9, 998.2, 1058.7, 1120.3, 1176.5, 
1236.9, 1, 1, 1, 1, 1, 1, 1, 1, 1, 1, 1, 1, 1, 1, 1, 1, 1, 1, 
1, 1, 1, 1, 1, 1, 1, 1, 1, 1, 1, 1, 1, 1, 1, 1, 1, 1, 1, 1, 1, 
1, 1, 1, 1, 1, 16.365, 29.604, 31.239, 34.339, 42.58, 56.535, 
48.913, 58.295, 72.415, 81.589, 67.225), .Dim = c(11L, 40L), .Dimnames = list(
    NULL, c("Sampling", "PSO.cost", "PSO.gamma", "PSO.data.balancing", 
    "PSO.feature.selection", "PSO.valid.acc", "PSO.test.acc", 
    "PSO.train.time", "PSO.n.support.vectors", "PSO.index", "PSO.n.solutions", 
    "PSO.generations", "PSO.n.evaluations", "PSO.cpu.time", "RS.cost", 
    "RS.gamma", "RS.data.balancing", "RS.feature.selection", 
    "RS.valid.acc", "RS.test.acc", "RS.train.time", "RS.n.support.vectors", 
    "RS.index", "RS.n.solutions", "RS.generations", "RS.n.evaluations", 
    "RS.cpu.time", "DF.cost", "DF.gamma", "DF.data.balancing", 
    "DF.feature.selection", "DF.valid.acc", "DF.test.acc", "DF.train.time", 
    "DF.n.support.vectors", "DF.index", "DF.n.solutions", "DF.generations", 
    "DF.n.evaluations", "DF.cpu.time")))
