full <-
structure(c(50, 55, 60, 65, 70, 75, 80, 85, 90, 95, 100, 2.77089, 
6.35922, 2.40538, 6.46478, 6.51062, 9.93791, 7.71358, 5.9379, 
3.0699, 4.67703, 10.62981, -7.05459, -7.28402, -7.02364, -8.15499, 
-7.78094, -7.65144, -6.87063, -7.03267, -6.74002, -6.16633, -7.11544, 
0, 0, 0, 0, 0, 0, 0, 0, 0, 0, 0, 0, 0, 0, 0, 0, 0, 0, 0, 0, 0, 
0, 0.80194, 0.81583, 0.83228, 0.83475, 0.83562, 0.85077, 0.84135, 
0.86243, 0.85601, 0.86549, 0.87525, 0.79386, 0.81487, 0.81463, 
0.82712, 0.81776, 0.84233, 0.83968, 0.85724, 0.85207, 0.86042, 
0.86849, 2.1043, 1.6119, 2.6218, 2.6803, 4.5086, 2.252, 2.5165, 
4.8242, 5.1588, 6.0166, 9.1403, 625.9, 687, 750.5, 802.5, 862.2, 
918.9, 985.2, 1039.2, 1100.9, 1160.1, 1205.6, 1357, 144, 808, 
618, 530, 547, 165, 1208, 1065, 669, 527, 8, 1171, 211, 125, 
487, 411, 1089, 77, 30, 512, 171, 100, 100, 100, 100, 100, 100, 
100, 100, 100, 100, 100, 2500, 2500, 2500, 2500, 2500, 2500, 
2500, 2500, 2500, 2500, 2500, 62520.925, 70558.766, 70633.685, 
83129.074, 106466.201, 103867.82, 104927.461, 171350.942, 139942.571, 
186570.113, 254602.909, 2.90934, 7.02084, 2.46124, 6.74112, 6.18368, 
8.64426, 5.65871, 5.16614, 3.25018, 5.64987, 8.37006, -7.18144, 
-7.25566, -7.06846, -7.91234, -7.80286, -7.6524, -6.99858, -7.02483, 
-6.85623, -6.15077, -7.09932, 0, 0, 0, 0, 0, 0, 0, 0, 0, 0, 0, 
0, 0, 0, 0, 0, 0, 0, 0, 0, 0, 0, 0.79933, 0.81583, 0.83228, 0.83473, 
0.83383, 0.85077, 0.84209, 0.86243, 0.85463, 0.86481, 0.87465, 
0.79634, 0.81487, 0.81565, 0.83003, 0.81862, 0.84233, 0.83892, 
0.85595, 0.8527, 0.85909, 0.86849, 2.0116, 2.5478, 2.8059, 2.8223, 
3.165, 5.0528, 4.5103, 2.5593, 3.2921, 3.949, 6.1972, 625.3, 
687.4, 750.4, 803, 862.1, 918.9, 984.4, 1039.5, 1098.9, 1160.6, 
1205.8, 755, 390, 2419, 2005, 133, 768, 1993, 28, 1642, 2414, 
2169, 1, 6, 1, 1, 9, 1, 1, 1, 1, 1, 1, 100, 100, 100, 100, 100, 
100, 100, 100, 100, 100, 100, 2500, 2500, 2500, 2500, 2500, 2500, 
2500, 2500, 2500, 2500, 2500, 62182.611, 71629.873, 75157.197, 
92564.031, 105953.334, 112438.805, 132551.042, 148647.972, 164645.43, 
164342.939, 197273.817, 1, 1, 1, 1, 1, 1, 1, 1, 1, 1, 1, 0.01562, 
0.01562, 0.01562, 0.01562, 0.01562, 0.01562, 0.01562, 0.01562, 
0.01562, 0.01562, 0.01562, 0, 0, 0, 0, 0, 0, 0, 0, 0, 0, 0, 0, 
0, 0, 0, 0, 0, 0, 0, 0, 0, 0, 0.73032, 0.74727, 0.76567, 0.78582, 
0.78538, 0.78898, 0.79366, 0.80315, 0.80075, 0.81784, 0.82605, 
0.73642, 0.76772, 0.76159, 0.78295, 0.78463, 0.78901, 0.79194, 
0.80539, 0.8031, 0.81899, 0.82932, 1.5044, 2.3459, 3.0145, 3.8553, 
4.317, 2.4249, 5.2013, 6.2394, 5.7325, 8.7212, 6.3763, 634.7, 
696.5, 759.4, 819.8, 879.6, 939.6, 998.8, 1059.9, 1121.8, 1179, 
1235.5, 1, 1, 1, 1, 1, 1, 1, 1, 1, 1, 1, 1, 1, 1, 1, 1, 1, 1, 
1, 1, 1, 1, 1, 1, 1, 1, 1, 1, 1, 1, 1, 1, 1, 1, 1, 1, 1, 1, 1, 
1, 1, 1, 1, 1, 18.951, 27.749, 36.196, 45.389, 50.567, 29.455, 
60.006, 72.038, 64.622, 99.279, 72.338), .Dim = c(11L, 40L), .Dimnames = list(
    NULL, c("Sampling", "PSO.cost", "PSO.gamma", "PSO.data.balancing", 
    "PSO.feature.selection", "PSO.valid.acc", "PSO.test.acc", 
    "PSO.train.time", "PSO.n.support.vectors", "PSO.index", "PSO.n.solutions", 
    "PSO.generations", "PSO.n.evaluations", "PSO.cpu.time", "RS.cost", 
    "RS.gamma", "RS.data.balancing", "RS.feature.selection", 
    "RS.valid.acc", "RS.test.acc", "RS.train.time", "RS.n.support.vectors", 
    "RS.index", "RS.n.solutions", "RS.generations", "RS.n.evaluations", 
    "RS.cpu.time", "DF.cost", "DF.gamma", "DF.data.balancing", 
    "DF.feature.selection", "DF.valid.acc", "DF.test.acc", "DF.train.time", 
    "DF.n.support.vectors", "DF.index", "DF.n.solutions", "DF.generations", 
    "DF.n.evaluations", "DF.cpu.time")))
