full <-
structure(c(50, 55, 60, 65, 70, 75, 80, 85, 90, 95, 100, 4.75572, 
2.23766, 6.18634, 3.46345, 8.57454, 11.67775, 5.01808, 10.48244, 
4.68262, 6.55536, 5.16872, -7.91127, -6.02443, -11.04298, -6.8575, 
-7.54074, -6.27064, -5.78995, -5.47408, -5.94939, -6.53366, -7.15952, 
0, 0, 0, 0, 0, 0, 0, 0, 0, 0, 0, 0, 0, 0, 0, 0, 0, 0, 0, 0, 0, 
0, 0.81252, 0.80801, 0.81513, 0.8265, 0.82984, 0.83501, 0.8453, 
0.85158, 0.85671, 0.86737, 0.87638, 0.79618, 0.8103, 0.80584, 
0.81878, 0.82728, 0.82897, 0.83818, 0.84448, 0.85744, 0.86445, 
0.86737, 2.2809, 2.5687, 2.5577, 2.7675, 3.2167, 3.6497, 2.3351, 
3.1404, 5.5173, 6.6533, 7.7159, 620, 687.3, 727.1, 800.4, 855.7, 
920.7, 982.2, 1043.6, 1098.5, 1154, 1206, 1227, 714, 369, 2493, 
283, 790, 1642, 198, 87, 475, 980, 23, 59, 98, 1, 656, 66, 62, 
951, 545, 525, 305, 100, 100, 100, 100, 100, 100, 100, 100, 100, 
100, 100, 2500, 2500, 2500, 2500, 2500, 2500, 2500, 2500, 2500, 
2500, 2500, 64555.67, 73958.217, 77392.927, 88174.131, 91135.603, 
116621.1, 103169.066, 146125.66, 149591.712, 198153.497, 204377.733, 
10.39624, 2.29041, 9.05497, 3.44526, 8.39032, 9.99974, 9.56153, 
9.84812, 5.05281, 6.45333, 5.77656, -7.8959, -6.04632, -13.88491, 
-6.85159, -7.53951, -6.16292, -5.78178, -5.50601, -6.13699, -6.51774, 
-7.17163, 0, 0, 0, 0, 0, 0, 0, 0, 0, 0, 0, 0, 0, 0, 0, 0, 0, 
0, 0, 0, 0, 0, 0.81235, 0.80686, 0.81306, 0.82549, 0.82984, 0.83422, 
0.84452, 0.85088, 0.85665, 0.86672, 0.87579, 0.79746, 0.8103, 
0.8028, 0.81878, 0.82645, 0.83152, 0.8382, 0.84373, 0.85964, 
0.86445, 0.86733, 2.2501, 2.4533, 2.4323, 2.6722, 1.8719, 3.6943, 
2.4225, 6.1872, 5.384, 7.1951, 7.3972, 620, 687.4, 725.8, 800.6, 
855.7, 920.8, 982.2, 1043.7, 1098.5, 1153.9, 1206.2, 27, 2178, 
1525, 2408, 84, 1497, 1354, 827, 40, 244, 1959, 3, 1, 1, 1, 1, 
1, 6, 2, 1, 1, 1, 100, 100, 100, 100, 100, 100, 100, 100, 100, 
100, 100, 2500, 2500, 2500, 2500, 2500, 2500, 2500, 2500, 2500, 
2500, 2500, 66204.121, 76376.625, 67934.251, 87019.536, 59799.338, 
106776.747, 112651.067, 153761.395, 152986.384, 201551.968, 203477.732, 
1, 1, 1, 1, 1, 1, 1, 1, 1, 1, 1, 0.01562, 0.01562, 0.01562, 0.01562, 
0.01562, 0.01562, 0.01562, 0.01562, 0.01562, 0.01562, 0.01562, 
0, 0, 0, 0, 0, 0, 0, 0, 0, 0, 0, 0, 0, 0, 0, 0, 0, 0, 0, 0, 0, 
0, 0.70636, 0.71737, 0.74171, 0.76082, 0.76695, 0.78974, 0.79813, 
0.8039, 0.80219, 0.82056, 0.81761, 0.70877, 0.71523, 0.73616, 
0.74872, 0.76179, 0.77567, 0.79595, 0.80529, 0.80475, 0.81728, 
0.81797, 2.1959, 2.5663, 2.7666, 3.326, 1.9905, 4.139, 4.257, 
5.0361, 5.4104, 6.1583, 7.677, 630.7, 692.4, 751.7, 813.5, 876, 
933.8, 996.6, 1058.7, 1118.3, 1177.7, 1237.2, 1, 1, 1, 1, 1, 
1, 1, 1, 1, 1, 1, 1, 1, 1, 1, 1, 1, 1, 1, 1, 1, 1, 1, 1, 1, 1, 
1, 1, 1, 1, 1, 1, 1, 1, 1, 1, 1, 1, 1, 1, 1, 1, 1, 1, 26.762, 
31.075, 33.344, 39.872, 23.652, 48.451, 48.705, 57.122, 61.554, 
69.392, 87.883), .Dim = c(11L, 40L), .Dimnames = list(NULL, c("Sampling", 
"PSO.cost", "PSO.gamma", "PSO.data.balancing", "PSO.feature.selection", 
"PSO.valid.acc", "PSO.test.acc", "PSO.train.time", "PSO.n.support.vectors", 
"PSO.index", "PSO.n.solutions", "PSO.generations", "PSO.n.evaluations", 
"PSO.cpu.time", "RS.cost", "RS.gamma", "RS.data.balancing", "RS.feature.selection", 
"RS.valid.acc", "RS.test.acc", "RS.train.time", "RS.n.support.vectors", 
"RS.index", "RS.n.solutions", "RS.generations", "RS.n.evaluations", 
"RS.cpu.time", "DF.cost", "DF.gamma", "DF.data.balancing", "DF.feature.selection", 
"DF.valid.acc", "DF.test.acc", "DF.train.time", "DF.n.support.vectors", 
"DF.index", "DF.n.solutions", "DF.generations", "DF.n.evaluations", 
"DF.cpu.time")))
