full <-
structure(c(50, 55, 60, 65, 70, 75, 80, 85, 90, 95, 100, 2.49175, 
3.53023, 2.22441, 3.66658, 8.80436, 3.11393, 7.10517, 7.68239, 
7.5355, 15, 11.52693, -6.6604, -7.35078, -6.35816, -7.48622, 
-8.79681, -5.80028, -6.76931, -7.35951, -8.42633, -6.3137, -7.03134, 
0, 0, 0, 0, 0, 0, 0, 0, 0, 0, 0, 0, 0, 0, 0, 0, 0, 0, 0, 0, 0, 
0, 0.81552, 0.82136, 0.82198, 0.83376, 0.83038, 0.83263, 0.85289, 
0.84645, 0.85444, 0.86135, 0.87402, 0.79154, 0.80915, 0.81874, 
0.8262, 0.82156, 0.82903, 0.84879, 0.84137, 0.85035, 0.86266, 
0.86697, 2.1046, 2.5567, 3.1596, 3.2644, 3.1808, 3.9893, 4.0164, 
4.6545, 4.7276, 5.6822, 5.9564, 626.9, 683.8, 748.7, 805, 857.3, 
928.9, 986.9, 1037.8, 1081.4, 1157.7, 1206.6, 1480, 822, 947, 
1404, 22, 881, 429, 159, 474, 155, 289, 40, 76, 170, 72, 1280, 
55, 499, 629, 855, 390, 826, 100, 100, 100, 100, 100, 100, 100, 
100, 100, 100, 100, 2500, 2500, 2500, 2500, 2500, 2500, 2500, 
2500, 2500, 2500, 2500, 63938.398, 74232.379, 93419.2, 95901.232, 
97212.8250000001, 106032.197, 114063.456, 147971.389, 134323.514, 
153309.383, 194211.59, 11.37647, 2.97518, 1.80393, 3.68527, 12.16967, 
11.39152, 12.06699, 11.10963, 7.45846, 12.80148, 7.93785, -6.67206, 
-6.99899, -5.94368, -7.43206, -8.82773, -5.79806, -6.77276, -7.34877, 
-8.39099, -6.231, -7.02254, 0, 0, 0, 0, 0, 0, 0, 0, 0, 0, 0, 
0, 0, 0, 0, 0, 0, 0, 0, 0, 0, 0, 0.81286, 0.81924, 0.81985, 0.83102, 
0.83038, 0.83093, 0.85289, 0.84645, 0.85376, 0.86135, 0.87402, 
0.79784, 0.80462, 0.81461, 0.82709, 0.82156, 0.82734, 0.84804, 
0.83985, 0.85035, 0.86336, 0.86697, 2.1619, 2.5742, 3.1382, 3.2223, 
3.389, 3.5511, 4.0849, 4.3439, 4.7787, 6.7756, 8.3759, 626.9, 
686.7, 749.3, 805.3, 857.2, 928.8, 986.6, 1038, 1082.2, 1158.2, 
1206.8, 938, 1270, 2093, 885, 21, 629, 2360, 2164, 1542, 442, 
2221, 2, 1, 1, 1, 7, 4, 1, 1, 1, 4, 1, 100, 100, 100, 100, 100, 
100, 100, 100, 100, 100, 100, 2500, 2500, 2500, 2500, 2500, 2500, 
2500, 2500, 2500, 2500, 2500, 64258.814, 75147.611, 94533.41, 
95347.554, 101655.072, 103496.47, 118589.469, 135483.223, 148919.573, 
189772.006, 253543.02, 1, 1, 1, 1, 1, 1, 1, 1, 1, 1, 1, 0.01562, 
0.01562, 0.01562, 0.01562, 0.01562, 0.01562, 0.01562, 0.01562, 
0.01562, 0.01562, 0.01562, 0, 0, 0, 0, 0, 0, 0, 0, 0, 0, 0, 0, 
0, 0, 0, 0, 0, 0, 0, 0, 0, 0, 0.71877, 0.74073, 0.76574, 0.76625, 
0.77553, 0.77842, 0.78117, 0.79061, 0.82036, 0.80529, 0.82143, 
0.71836, 0.723, 0.76225, 0.77454, 0.76734, 0.77752, 0.78646, 
0.79568, 0.81143, 0.81287, 0.81896, 2.1504, 2.9667, 3.3006, 3.2663, 
3.5942, 3.7427, 4.3338, 4.6796, 5.2333, 5.792, 8.1492, 631, 694.3, 
755.8, 817.6, 879.6, 940.8, 1001.8, 1062.1, 1120.5, 1179.2, 1235.6, 
1, 1, 1, 1, 1, 1, 1, 1, 1, 1, 1, 1, 1, 1, 1, 1, 1, 1, 1, 1, 1, 
1, 1, 1, 1, 1, 1, 1, 1, 1, 1, 1, 1, 1, 1, 1, 1, 1, 1, 1, 1, 1, 
1, 1, 25.555, 35.235, 39.064, 37.63, 41.339, 42.719, 49.171, 
52.776, 59.011, 65.078, 92.088), .Dim = c(11L, 40L), .Dimnames = list(
    NULL, c("Sampling", "PSO.cost", "PSO.gamma", "PSO.data.balancing", 
    "PSO.feature.selection", "PSO.valid.acc", "PSO.test.acc", 
    "PSO.train.time", "PSO.n.support.vectors", "PSO.index", "PSO.n.solutions", 
    "PSO.generations", "PSO.n.evaluations", "PSO.cpu.time", "RS.cost", 
    "RS.gamma", "RS.data.balancing", "RS.feature.selection", 
    "RS.valid.acc", "RS.test.acc", "RS.train.time", "RS.n.support.vectors", 
    "RS.index", "RS.n.solutions", "RS.generations", "RS.n.evaluations", 
    "RS.cpu.time", "DF.cost", "DF.gamma", "DF.data.balancing", 
    "DF.feature.selection", "DF.valid.acc", "DF.test.acc", "DF.train.time", 
    "DF.n.support.vectors", "DF.index", "DF.n.solutions", "DF.generations", 
    "DF.n.evaluations", "DF.cpu.time")))
