full <-
structure(c(50, 55, 60, 65, 70, 75, 80, 85, 90, 95, 100, 4.79002, 
3.25173, 13.25289, 3.17484, 11.00824, 8.62006, 4.86088, 4.18711, 
9.29807, 9.37631, 6.07982, -8.55416, -7.63647, -6.17456, -6.85534, 
-5.95198, -6.74029, -8.32055, -7.58557, -6.20053, -6.90973, -6.5269, 
0, 0, 0, 0, 0, 0, 0, 0, 0, 0, 0, 0, 0, 0, 0, 0, 0, 0, 0, 0, 0, 
0, 0.8049, 0.81565, 0.8153, 0.81386, 0.8286, 0.84516, 0.85661, 
0.85244, 0.85698, 0.85944, 0.86973, 0.79261, 0.79557, 0.80554, 
0.81227, 0.82325, 0.84359, 0.84398, 0.85487, 0.84762, 0.85127, 
0.86555, 2.2725, 2.288, 2.6694, 3.3994, 4.2463, 3.5335, 4.0848, 
4.9059, 7.6458, 5.724, 6.2946, 620, 683.7, 748.6, 806.1, 867.5, 
924.9, 973.6, 1033.2, 1100.7, 1151.1, 1211.7, 863, 1465, 133, 
1688, 963, 48, 525, 972, 46, 164, 1062, 462, 88, 1260, 4, 76, 
1042, 73, 156, 1037, 876, 47, 100, 100, 100, 100, 100, 100, 100, 
100, 100, 100, 100, 2500, 2500, 2500, 2500, 2500, 2500, 2500, 
2500, 2500, 2500, 2500, 63671.3, 68332.543, 79944.851, 91766.459, 
95252.221, 127207.06, 127082.67, 138489.81, 186566.662, 200045.189, 
179792.547, 4.63372, 3.07702, 9.75482, 3.26395, 9.0901, 5.25383, 
8.23215, 4.50651, 11.35737, 9.44104, 5.86734, -8.42093, -7.42354, 
-6.20548, -6.89174, -5.95495, -6.70413, -8.37028, -7.65607, -6.18485, 
-6.91805, -6.47629, 0, 0, 0, 0, 0, 0, 0, 0, 0, 0, 0, 0, 0, 0, 
0, 0, 0, 0, 0, 0, 0, 0, 0.80365, 0.81223, 0.8153, 0.81199, 0.8286, 
0.84434, 0.85505, 0.85025, 0.85698, 0.85944, 0.86969, 0.79266, 
0.79555, 0.80554, 0.81229, 0.82325, 0.84276, 0.84337, 0.85253, 
0.84694, 0.85127, 0.86673, 1.9778, 2.7105, 2.774, 2.9595, 3.2162, 
4.8307, 3.9798, 5.9993, 5.1617, 8.216, 5.6884, 620.5, 684.3, 
748.5, 806, 867.5, 925.1, 972.3, 1032.4, 1100.8, 1151, 1212.5, 
149, 947, 371, 1722, 2489, 363, 2126, 1777, 52, 209, 1613, 2, 
1, 7, 1, 1, 6, 1, 1, 15, 2, 1, 100, 100, 100, 100, 100, 100, 
100, 100, 100, 100, 100, 2500, 2500, 2500, 2500, 2500, 2500, 
2500, 2500, 2500, 2500, 2500, 61165.359, 72854.07, 81220.903, 
90537.339, 101880.334, 117000.496, 127869.813, 173849.462, 165565.375, 
193777.014, 163211.47, 1, 1, 1, 1, 1, 1, 1, 1, 1, 1, 1, 0.01562, 
0.01562, 0.01562, 0.01562, 0.01562, 0.01562, 0.01562, 0.01562, 
0.01562, 0.01562, 0.01562, 0, 0, 0, 0, 0, 0, 0, 0, 0, 0, 0, 0, 
0, 0, 0, 0, 0, 0, 0, 0, 0, 0, 0.73086, 0.75308, 0.74534, 0.75031, 
0.77496, 0.79563, 0.78827, 0.80425, 0.8092, 0.8109, 0.82169, 
0.72984, 0.73752, 0.75116, 0.76192, 0.77484, 0.79573, 0.79623, 
0.81239, 0.81594, 0.8089, 0.81142, 2.1165, 2.4058, 2.8762, 3.6687, 
3.3633, 5.0671, 4.6189, 6.9899, 5.6405, 6.3946, 5.209, 633.2, 
695.1, 757.5, 819, 880.5, 939.8, 999, 1055.9, 1118.3, 1177, 1236, 
1, 1, 1, 1, 1, 1, 1, 1, 1, 1, 1, 1, 1, 1, 1, 1, 1, 1, 1, 1, 1, 
1, 1, 1, 1, 1, 1, 1, 1, 1, 1, 1, 1, 1, 1, 1, 1, 1, 1, 1, 1, 1, 
1, 1, 25.138, 28.034, 34.46, 43.773, 38.844, 58.125, 52.459, 
79.73, 63.14, 72.137, 58.394), .Dim = c(11L, 40L), .Dimnames = list(
    NULL, c("Sampling", "PSO.cost", "PSO.gamma", "PSO.data.balancing", 
    "PSO.feature.selection", "PSO.valid.acc", "PSO.test.acc", 
    "PSO.train.time", "PSO.n.support.vectors", "PSO.index", "PSO.n.solutions", 
    "PSO.generations", "PSO.n.evaluations", "PSO.cpu.time", "RS.cost", 
    "RS.gamma", "RS.data.balancing", "RS.feature.selection", 
    "RS.valid.acc", "RS.test.acc", "RS.train.time", "RS.n.support.vectors", 
    "RS.index", "RS.n.solutions", "RS.generations", "RS.n.evaluations", 
    "RS.cpu.time", "DF.cost", "DF.gamma", "DF.data.balancing", 
    "DF.feature.selection", "DF.valid.acc", "DF.test.acc", "DF.train.time", 
    "DF.n.support.vectors", "DF.index", "DF.n.solutions", "DF.generations", 
    "DF.n.evaluations", "DF.cpu.time")))
