full <-
structure(c(50, 55, 60, 65, 70, 75, 80, 85, 90, 95, 100, 5.44645, 
4.31914, 3.18822, 4.2247, 5.29376, 4.14837, 3.92229, 6.9264, 
3.10885, 15, 9.50063, -9.27392, -8.03466, -6.03704, -8.18699, 
-6.79216, -7.11671, -6.49899, -7.16137, -5.74296, -6.68092, -5.91146, 
0, 0, 0, 0, 0, 0, 0, 0, 0, 0, 0, 0, 0, 0, 0, 0, 0, 0, 0, 0, 0, 
0, 0.80859, 0.80607, 0.82605, 0.83489, 0.85022, 0.86131, 0.8497, 
0.86319, 0.86522, 0.87731, 0.8769, 0.79315, 0.80695, 0.81776, 
0.81945, 0.83981, 0.84634, 0.85083, 0.8596, 0.8597, 0.864, 0.87747, 
2.1344, 2.4803, 2.7573, 2.6885, 3.6974, 3.8331, 4.0671, 4.8526, 
6.3199, 5.8746, 6.5577, 624.3, 689.4, 753.6, 806.2, 872.2, 928.6, 
987.4, 1039.1, 1105, 1154.6, 1214, 442, 800, 1520, 2001, 310, 
984, 71, 495, 518, 284, 46, 46, 164, 74, 1, 531, 335, 810, 439, 
77, 825, 211, 100, 100, 100, 100, 100, 100, 100, 100, 100, 100, 
100, 2500, 2500, 2500, 2500, 2500, 2500, 2500, 2500, 2500, 2500, 
2500, 65948.604, 73115.361, 79614.374, 89538.399, 100102.921, 
110402.431, 117160.36, 140405.728, 153316.48, 173947.159, 218122.494, 
6.09899, 6.06591, 12.17651, 6.38398, 6.88429, 3.91498, 8.02483, 
6.71215, 3.02426, 14.46101, 11.07218, -9.51569, -9.30009, -6.03555, 
-8.172, -6.79501, -7.0702, -6.50375, -7.19264, -5.72173, -6.74153, 
-5.91206, 0, 0, 0, 0, 0, 0, 0, 0, 0, 0, 0, 0, 0, 0, 0, 0, 0, 
0, 0, 0, 0, 0, 0.80623, 0.80486, 0.82396, 0.83395, 0.85022, 0.86125, 
0.8497, 0.86316, 0.86522, 0.87668, 0.8769, 0.79698, 0.80676, 
0.81668, 0.82339, 0.83981, 0.84303, 0.85083, 0.8596, 0.8597, 
0.86401, 0.87747, 2.1486, 2.2138, 2.6837, 2.749, 3.2274, 3.8524, 
4.2906, 5.2129, 3.0701, 7.1737, 7.9621, 623.4, 684.1, 753.6, 
806, 872.2, 928.9, 987.2, 1039.2, 1105, 1153.9, 1214, 2439, 224, 
1477, 128, 2296, 768, 226, 2311, 1811, 677, 1931, 1, 2, 1, 6, 
3, 2, 5, 1, 1, 5, 1, 100, 100, 100, 100, 100, 100, 100, 100, 
100, 100, 100, 2500, 2500, 2500, 2500, 2500, 2500, 2500, 2500, 
2500, 2500, 2500, 68815.881, 71800.147, 70713.176, 90863.5699999999, 
99525.252, 108341.749, 115628.365, 150554.628, 145640.504, 181316.58, 
176715.227, 1, 1, 1, 1, 1, 1, 1, 1, 1, 1, 1, 0.01562, 0.01562, 
0.01562, 0.01562, 0.01562, 0.01562, 0.01562, 0.01562, 0.01562, 
0.01562, 0.01562, 0, 0, 0, 0, 0, 0, 0, 0, 0, 0, 0, 0, 0, 0, 0, 
0, 0, 0, 0, 0, 0, 0, 0.71714, 0.72951, 0.75425, 0.76975, 0.78971, 
0.7883, 0.80002, 0.80367, 0.80912, 0.82652, 0.83004, 0.71559, 
0.73002, 0.75708, 0.77149, 0.78715, 0.78785, 0.79812, 0.79088, 
0.80988, 0.82407, 0.82755, 2.4277, 2.4042, 1.8519, 3.4135, 3.3145, 
3.8215, 4.3055, 5.8223, 5.6239, 6.0564, 5.6808, 635.6, 698.3, 
760.4, 821.1, 881.4, 941.3, 1002.3, 1060, 1121.4, 1179.2, 1236.2, 
1, 1, 1, 1, 1, 1, 1, 1, 1, 1, 1, 1, 1, 1, 1, 1, 1, 1, 1, 1, 1, 
1, 1, 1, 1, 1, 1, 1, 1, 1, 1, 1, 1, 1, 1, 1, 1, 1, 1, 1, 1, 1, 
1, 1, 29.818, 28.408, 23.021, 41.359, 38.295, 43.825, 49.106, 
67.199, 63.967, 68.173, 63.443), .Dim = c(11L, 40L), .Dimnames = list(
    NULL, c("Sampling", "PSO.cost", "PSO.gamma", "PSO.data.balancing", 
    "PSO.feature.selection", "PSO.valid.acc", "PSO.test.acc", 
    "PSO.train.time", "PSO.n.support.vectors", "PSO.index", "PSO.n.solutions", 
    "PSO.generations", "PSO.n.evaluations", "PSO.cpu.time", "RS.cost", 
    "RS.gamma", "RS.data.balancing", "RS.feature.selection", 
    "RS.valid.acc", "RS.test.acc", "RS.train.time", "RS.n.support.vectors", 
    "RS.index", "RS.n.solutions", "RS.generations", "RS.n.evaluations", 
    "RS.cpu.time", "DF.cost", "DF.gamma", "DF.data.balancing", 
    "DF.feature.selection", "DF.valid.acc", "DF.test.acc", "DF.train.time", 
    "DF.n.support.vectors", "DF.index", "DF.n.solutions", "DF.generations", 
    "DF.n.evaluations", "DF.cpu.time")))
