full <-
structure(c(50, 55, 60, 65, 70, 75, 80, 85, 90, 95, 100, 2.49157, 
2.68004, 8.41672, 8.77314, 8.782, 3.12856, 6.61713, 4.14961, 
11.23168, 5.08902, 6.18976, -6.5865, -6.66279, -11.93977, -7.78449, 
-9.32074, -6.05197, -7.88407, -7.33291, -6.65774, -5.81385, -7.95937, 
0, 0, 0, 0, 0, 0, 0, 0, 0, 0, 0, 0, 0, 0, 0, 0, 0, 0, 0, 0, 0, 
0, 0.79696, 0.80144, 0.83849, 0.82961, 0.83821, 0.84839, 0.84894, 
0.85388, 0.86987, 0.86935, 0.87198, 0.7822, 0.80521, 0.82329, 
0.8353, 0.83315, 0.84495, 0.83987, 0.84653, 0.86297, 0.87252, 
0.87245, 2.3544, 2.7919, 3.1121, 3.4047, 3.6386, 4.3636, 4.3168, 
6.0162, 6.5344, 5.9916, 6.1572, 627.5, 688.2, 736.1, 802.9, 853.1, 
928.2, 979.9, 1038.3, 1098.3, 1156.3, 1199.8, 1374, 2487, 480, 
1606, 441, 1674, 488, 1471, 185, 241, 8, 12, 1, 53, 1, 965, 11, 
674, 21, 1044, 94, 963, 100, 100, 100, 100, 100, 100, 100, 100, 
100, 100, 100, 2500, 2500, 2500, 2500, 2500, 2500, 2500, 2500, 
2500, 2500, 2500, 71858.768, 82996.322, 97855.928, 100344.285, 
104925.823, 142220.074, 120525.577, 173972.214, 160062.096, 170702.461, 
176734.068, 11.9378, 10.63149, 6.23555, 3.92217, 7.51247, 5.7754, 
8.52976, 14.42042, 8.67667, 5.50141, 7.1931, -8.33036, -7.02919, 
-9.57221, -7.90893, -9.31942, -6.15322, -7.888, -7.33428, -6.63006, 
-6.12787, -7.94525, 0, 0, 0, 0, 0, 0, 0, 0, 0, 0, 0, 0, 0, 0, 
0, 0, 0, 0, 0, 0, 0, 0, 0.79372, 0.79801, 0.83645, 0.82858, 0.83821, 
0.84596, 0.84737, 0.8532, 0.86987, 0.86865, 0.87198, 0.7833, 
0.79594, 0.82341, 0.82654, 0.83315, 0.84587, 0.83755, 0.84952, 
0.86229, 0.87061, 0.87246, 2.3174, 2.7331, 3.3482, 3.227, 3.5816, 
4.3531, 5.1412, 5.5703, 5.4708, 6.0745, 6.306, 625.9, 687.4, 
738.5, 802.5, 852.8, 928.2, 980.3, 1038.6, 1098.7, 1155.8, 1200.2, 
2465, 1812, 1640, 1712, 560, 171, 1527, 120, 256, 1286, 964, 
1, 1, 3, 1, 2, 2, 1, 2, 7, 2, 6, 100, 100, 100, 100, 100, 100, 
100, 100, 100, 100, 100, 2500, 2500, 2500, 2500, 2500, 2500, 
2500, 2500, 2500, 2500, 2500, 71683.551, 89494.014, 101005.214, 
99760.2270000001, 118777.917, 125559.337, 159474.251, 174017.964, 
162267.748, 174923.063, 191119.882, 1, 1, 1, 1, 1, 1, 1, 1, 1, 
1, 1, 0.01562, 0.01562, 0.01562, 0.01562, 0.01562, 0.01562, 0.01562, 
0.01562, 0.01562, 0.01562, 0.01562, 0, 0, 0, 0, 0, 0, 0, 0, 0, 
0, 0, 0, 0, 0, 0, 0, 0, 0, 0, 0, 0, 0, 0.7148, 0.72561, 0.76467, 
0.7687, 0.7856, 0.78653, 0.79622, 0.80986, 0.81399, 0.81632, 
0.82915, 0.72095, 0.7165, 0.76273, 0.76233, 0.78938, 0.78962, 
0.7925, 0.80098, 0.80837, 0.80715, 0.82717, 2.491, 3.3572, 3.4702, 
3.6471, 5.2714, 4.265, 5.708, 6.6216, 5.5018, 5.7853, 6.7347, 
633, 695.9, 757.9, 817.4, 879, 940.9, 997.5, 1057.3, 1116.7, 
1177.1, 1235.6, 1, 1, 1, 1, 1, 1, 1, 1, 1, 1, 1, 1, 1, 1, 1, 
1, 1, 1, 1, 1, 1, 1, 1, 1, 1, 1, 1, 1, 1, 1, 1, 1, 1, 1, 1, 1, 
1, 1, 1, 1, 1, 1, 1, 1, 29.637, 41.108, 42.049, 42.151, 61.733, 
48.817, 66.53, 76.967, 61.865, 64.942, 75.505), .Dim = c(11L, 
40L), .Dimnames = list(NULL, c("Sampling", "PSO.cost", "PSO.gamma", 
"PSO.data.balancing", "PSO.feature.selection", "PSO.valid.acc", 
"PSO.test.acc", "PSO.train.time", "PSO.n.support.vectors", "PSO.index", 
"PSO.n.solutions", "PSO.generations", "PSO.n.evaluations", "PSO.cpu.time", 
"RS.cost", "RS.gamma", "RS.data.balancing", "RS.feature.selection", 
"RS.valid.acc", "RS.test.acc", "RS.train.time", "RS.n.support.vectors", 
"RS.index", "RS.n.solutions", "RS.generations", "RS.n.evaluations", 
"RS.cpu.time", "DF.cost", "DF.gamma", "DF.data.balancing", "DF.feature.selection", 
"DF.valid.acc", "DF.test.acc", "DF.train.time", "DF.n.support.vectors", 
"DF.index", "DF.n.solutions", "DF.generations", "DF.n.evaluations", 
"DF.cpu.time")))
