full <-
structure(c(50, 55, 60, 65, 70, 75, 80, 85, 90, 95, 100, 4.87416, 
6.6696, 12.08054, 13.02906, 5.67886, 8.47972, 12.69611, 6.43225, 
3.97299, 6.49415, 9.44901, -7.20426, -7.79866, -11.72282, -8.09248, 
-8.10788, -8.20838, -6.15054, -8.22856, -7.63577, -7.85997, -8.33147, 
0, 0, 0, 0, 0, 0, 0, 0, 0, 0, 0, 0, 0, 0, 0, 0, 0, 0, 0, 0, 0, 
0, 0.81832, 0.81353, 0.81785, 0.84047, 0.84631, 0.84947, 0.8496, 
0.86198, 0.85956, 0.86423, 0.87024, 0.81732, 0.8167, 0.80632, 
0.83175, 0.84298, 0.83902, 0.84618, 0.85762, 0.85784, 0.85096, 
0.86958, 2.086, 2.3544, 2.6871, 3.3445, 3.0993, 3.4396, 4.0888, 
2.7116, 6.8233, 5.6077, 6.2908, 623.5, 683.4, 730.4, 800.1, 858.4, 
915.7, 984.5, 1028.1, 1089, 1143.9, 1195.8, 1718, 44, 47, 752, 
1640, 30, 26, 893, 1480, 560, 1432, 15, 594, 1301, 235, 55, 1137, 
1176, 121, 10, 38, 1, 100, 100, 100, 100, 100, 100, 100, 100, 
100, 100, 100, 2500, 2500, 2500, 2500, 2500, 2500, 2500, 2500, 
2500, 2500, 2500, 65685.931, 68710.235, 75490.795, 83756.025, 
88014.481, 98805.79, 122041.054, 146174.519, 178580.406, 164785.28, 
185885.964, 3.91943, 6.40782, 14.26501, 14.41809, 9.53606, 10.46212, 
11.76116, 9.57834, 4.19476, 13.84454, 9.28543, -7.22036, -7.78988, 
-11.53434, -8.09497, -8.10192, -8.18967, -6.15226, -7.56987, 
-7.82259, -7.86086, -8.34047, 0, 0, 0, 0, 0, 0, 0, 0, 0, 0, 0, 
0, 0, 0, 0, 0, 0, 0, 0, 0, 0, 0, 0.81695, 0.81353, 0.81785, 0.84047, 
0.84623, 0.84947, 0.8496, 0.8613, 0.85816, 0.86423, 0.87021, 
0.8186, 0.81787, 0.80632, 0.83175, 0.84375, 0.83899, 0.84618, 
0.8605, 0.8557, 0.85163, 0.86832, 1.3023, 2.4719, 2.4515, 3.3736, 
3.7438, 3.4444, 4.2008, 2.5908, 6.7393, 5.7988, 5.8026, 623.6, 
683.4, 730.3, 800.1, 857.8, 915.5, 984.6, 1034.5, 1087.1, 1144.1, 
1195.8, 1944, 254, 161, 2222, 505, 1509, 990, 628, 1862, 465, 
914, 1, 12, 10, 1, 2, 2, 2, 2, 1, 1, 1, 100, 100, 100, 100, 100, 
100, 100, 100, 100, 100, 100, 2500, 2500, 2500, 2500, 2500, 2500, 
2500, 2500, 2500, 2500, 2500, 57564.007, 73551.379, 76850.915, 
96417.195, 94510.78, 116424.451, 123117.392, 143022.378, 200481.275, 
167928.478, 197560.633, 1, 1, 1, 1, 1, 1, 1, 1, 1, 1, 1, 0.01562, 
0.01562, 0.01562, 0.01562, 0.01562, 0.01562, 0.01562, 0.01562, 
0.01562, 0.01562, 0.01562, 0, 0, 0, 0, 0, 0, 0, 0, 0, 0, 0, 0, 
0, 0, 0, 0, 0, 0, 0, 0, 0, 0, 0.73324, 0.73721, 0.75435, 0.7775, 
0.79116, 0.79379, 0.8042, 0.81522, 0.80859, 0.82751, 0.8195, 
0.75003, 0.74519, 0.74056, 0.77535, 0.79558, 0.78945, 0.80567, 
0.8158, 0.81994, 0.81528, 0.82444, 2.2029, 2.6454, 2.6186, 3.7845, 
3.4654, 3.7038, 4.2883, 4.1877, 5.1315, 9.2124, 5.8399, 632.3, 
693.2, 755.2, 818, 877.4, 938.9, 1000.9, 1058.7, 1117, 1175.7, 
1235.6, 1, 1, 1, 1, 1, 1, 1, 1, 1, 1, 1, 1, 1, 1, 1, 1, 1, 1, 
1, 1, 1, 1, 1, 1, 1, 1, 1, 1, 1, 1, 1, 1, 1, 1, 1, 1, 1, 1, 1, 
1, 1, 1, 1, 1, 26.33, 31.919, 30.573, 45.002, 39.838, 42.696, 
48.872, 48.069, 58.331, 105.352, 65.115), .Dim = c(11L, 40L), .Dimnames = list(
    NULL, c("Sampling", "PSO.cost", "PSO.gamma", "PSO.data.balancing", 
    "PSO.feature.selection", "PSO.valid.acc", "PSO.test.acc", 
    "PSO.train.time", "PSO.n.support.vectors", "PSO.index", "PSO.n.solutions", 
    "PSO.generations", "PSO.n.evaluations", "PSO.cpu.time", "RS.cost", 
    "RS.gamma", "RS.data.balancing", "RS.feature.selection", 
    "RS.valid.acc", "RS.test.acc", "RS.train.time", "RS.n.support.vectors", 
    "RS.index", "RS.n.solutions", "RS.generations", "RS.n.evaluations", 
    "RS.cpu.time", "DF.cost", "DF.gamma", "DF.data.balancing", 
    "DF.feature.selection", "DF.valid.acc", "DF.test.acc", "DF.train.time", 
    "DF.n.support.vectors", "DF.index", "DF.n.solutions", "DF.generations", 
    "DF.n.evaluations", "DF.cpu.time")))
