full <-
structure(c(50, 55, 60, 65, 70, 75, 80, 85, 90, 95, 100, 2.84663, 
3.32691, 2.83957, 9.88415, 6.52223, 14.87183, 9.13114, 9.53256, 
2.98797, 8.35267, 6.3894, -6.20613, -6.34435, -5.82716, -6.77496, 
-7.46564, -6.68074, -5.52513, -6.36839, -6.7781, -8.59545, -7.42221, 
0, 0, 0, 0, 0, 0, 0, 0, 0, 0, 0, 0, 0, 0, 0, 0, 0, 0, 0, 0, 0, 
0, 0.80916, 0.80472, 0.81471, 0.83455, 0.84848, 0.84481, 0.84921, 
0.85622, 0.86291, 0.86757, 0.87266, 0.80395, 0.80806, 0.81175, 
0.83098, 0.84238, 0.84136, 0.84748, 0.86239, 0.84906, 0.86042, 
0.87037, 2.2497, 2.5706, 3.2694, 3.6282, 3.9659, 3.8161, 4.1392, 
4.6435, 4.8557, 4.8818, 7.1887, 627.8, 687.1, 751.5, 809.2, 863.8, 
925.1, 986.4, 1042.5, 1099.9, 1138.3, 1205, 1675, 749, 1330, 
170, 479, 271, 168, 36, 1509, 1775, 1083, 67, 67, 113, 1012, 
463, 819, 689, 1099, 111, 41, 114, 100, 100, 100, 100, 100, 100, 
100, 100, 100, 100, 100, 2500, 2500, 2500, 2500, 2500, 2500, 
2500, 2500, 2500, 2500, 2500, 65191.117, 74518.366, 94447.39, 
106226.429, 102396.014, 104383.102, 114864.668, 129173.23, 140826.754, 
148996.401, 191971.989, 2.46236, 4.53255, 2.6261, 13.85154, 7.37856, 
13.38905, 13.19462, 9.17678, 2.83229, 8.90528, 7.16004, -6.25788, 
-6.36423, -5.79911, -6.78958, -7.4688, -6.68424, -5.51758, -6.3951, 
-6.57899, -8.61215, -7.43702, 0, 0, 0, 0, 0, 0, 0, 0, 0, 0, 0, 
0, 0, 0, 0, 0, 0, 0, 0, 0, 0, 0, 0.80551, 0.8036, 0.81471, 0.83455, 
0.84848, 0.84481, 0.84921, 0.85622, 0.86153, 0.86625, 0.87202, 
0.80014, 0.80908, 0.80966, 0.83191, 0.84238, 0.84136, 0.84748, 
0.86239, 0.84836, 0.86042, 0.87037, 2.1908, 2.3253, 3.1882, 3.7038, 
3.0712, 3.5439, 4.1237, 5.8178, 4.784, 4.9879, 6.9707, 627.9, 
686.6, 751.4, 809, 863.8, 925.1, 986.5, 1042.2, 1099.7, 1138.5, 
1204.8, 1428, 993, 2469, 753, 1067, 1164, 2053, 1796, 499, 130, 
811, 1, 1, 1, 2, 1, 1, 1, 1, 1, 3, 2, 100, 100, 100, 100, 100, 
100, 100, 100, 100, 100, 100, 2500, 2500, 2500, 2500, 2500, 2500, 
2500, 2500, 2500, 2500, 2500, 67067.859, 70337.665, 97525.098, 
109576.971, 95985.3790000001, 106591.853, 117698.358, 147951.045, 
154483.454, 176106.42, 206301.746, 1, 1, 1, 1, 1, 1, 1, 1, 1, 
1, 1, 0.01562, 0.01562, 0.01562, 0.01562, 0.01562, 0.01562, 0.01562, 
0.01562, 0.01562, 0.01562, 0.01562, 0, 0, 0, 0, 0, 0, 0, 0, 0, 
0, 0, 0, 0, 0, 0, 0, 0, 0, 0, 0, 0, 0, 0.7134, 0.72545, 0.74274, 
0.76898, 0.78659, 0.78331, 0.79523, 0.80657, 0.80723, 0.81609, 
0.81529, 0.71255, 0.73115, 0.73125, 0.7635, 0.7792, 0.78774, 
0.80208, 0.79998, 0.80671, 0.8227, 0.82374, 2.3329, 2.4776, 3.2403, 
3.8267, 3.5875, 3.963, 4.0832, 5.672, 5.9739, 6.6249, 6.7421, 
634.2, 694.4, 758.4, 818.6, 879, 938, 999.4, 1060.5, 1119.3, 
1177.7, 1239, 1, 1, 1, 1, 1, 1, 1, 1, 1, 1, 1, 1, 1, 1, 1, 1, 
1, 1, 1, 1, 1, 1, 1, 1, 1, 1, 1, 1, 1, 1, 1, 1, 1, 1, 1, 1, 1, 
1, 1, 1, 1, 1, 1, 1, 27.554, 29.003, 38.008, 44.707, 40.973, 
45.388, 46.268, 64.291, 67.571, 74.934, 75.816), .Dim = c(11L, 
40L), .Dimnames = list(NULL, c("Sampling", "PSO.cost", "PSO.gamma", 
"PSO.data.balancing", "PSO.feature.selection", "PSO.valid.acc", 
"PSO.test.acc", "PSO.train.time", "PSO.n.support.vectors", "PSO.index", 
"PSO.n.solutions", "PSO.generations", "PSO.n.evaluations", "PSO.cpu.time", 
"RS.cost", "RS.gamma", "RS.data.balancing", "RS.feature.selection", 
"RS.valid.acc", "RS.test.acc", "RS.train.time", "RS.n.support.vectors", 
"RS.index", "RS.n.solutions", "RS.generations", "RS.n.evaluations", 
"RS.cpu.time", "DF.cost", "DF.gamma", "DF.data.balancing", "DF.feature.selection", 
"DF.valid.acc", "DF.test.acc", "DF.train.time", "DF.n.support.vectors", 
"DF.index", "DF.n.solutions", "DF.generations", "DF.n.evaluations", 
"DF.cpu.time")))
