full <-
structure(c(50, 55, 60, 65, 70, 75, 80, 85, 90, 95, 100, 8.03323, 
5.10841, 7.73449, 8.44127, 13.48315, 11.09664, 7.81042, 7.05606, 
3.65423, 3.86949, 7.79723, -9.1399, -7.00653, -7.99064, -8.17885, 
-7.19953, -6.61468, -8.00938, -7.14541, -6.5586, -6.15949, -7.35383, 
0, 0, 0, 0, 0, 0, 0, 0, 0, 0, 0, 0, 0, 0, 0, 0, 0, 0, 0, 0, 0, 
0, 0.79942, 0.81341, 0.83425, 0.84071, 0.84355, 0.8464, 0.85907, 
0.85636, 0.86661, 0.8701, 0.87108, 0.79994, 0.81444, 0.83343, 
0.85111, 0.84971, 0.84605, 0.85899, 0.85835, 0.86048, 0.86362, 
0.86599, 2.3325, 2.5594, 2.5709, 3.0175, 3.5635, 4.2677, 4.1993, 
5.7054, 6.2208, 5.7777, 7.7645, 623.1, 687.9, 744.9, 802.1, 865.6, 
922.9, 973.8, 1033.1, 1094.5, 1156.2, 1206.4, 2434, 2266, 568, 
849, 82, 664, 805, 185, 1263, 424, 328, 1, 3, 707, 170, 216, 
152, 207, 525, 23, 743, 652, 100, 100, 100, 100, 100, 100, 100, 
100, 100, 100, 100, 2500, 2500, 2500, 2500, 2500, 2500, 2500, 
2500, 2500, 2500, 2500, 69089.642, 72390.888, 74044.826, 86160.28, 
108306.06, 108057.743, 119050.817, 134700.183, 152377.767, 164406.949, 
189566.92, 8.10411, 12.30614, 7.58441, 8.21817, 7.96917, 11.89083, 
7.87885, 7.54193, 3.77337, 4.31642, 7.4105, -9.11375, -6.97597, 
-7.86181, -8.18392, -7.20242, -6.61349, -7.92126, -7.1308, -6.58642, 
-6.16721, -7.34623, 0, 0, 0, 0, 0, 0, 0, 0, 0, 0, 0, 0, 0, 0, 
0, 0, 0, 0, 0, 0, 0, 0, 0.79942, 0.8134, 0.83322, 0.84071, 0.84355, 
0.8464, 0.85832, 0.85636, 0.86661, 0.8701, 0.87108, 0.79994, 
0.81684, 0.8355, 0.85111, 0.84971, 0.84692, 0.8582, 0.85835, 
0.86182, 0.86493, 0.86599, 1.276, 2.4521, 2.4493, 2.9182, 3.5784, 
3.5089, 4.1028, 4.9181, 5.393, 6.8239, 5.5298, 623.2, 688.3, 
745.2, 802.1, 865.5, 922.7, 974.4, 1033.5, 1093.6, 1156.3, 1206.1, 
415, 226, 538, 1498, 2254, 2190, 1625, 1481, 708, 110, 2102, 
1, 7, 4, 1, 1, 1, 2, 1, 1, 2, 1, 100, 100, 100, 100, 100, 100, 
100, 100, 100, 100, 100, 2500, 2500, 2500, 2500, 2500, 2500, 
2500, 2500, 2500, 2500, 2500, 58985.339, 74810.916, 76572.955, 
92029.223, 111053.257, 111229.068, 122942.653, 156015.544, 154211.393, 
168013.944, 196156.483, 1, 1, 1, 1, 1, 1, 1, 1, 1, 1, 1, 0.01562, 
0.01562, 0.01562, 0.01562, 0.01562, 0.01562, 0.01562, 0.01562, 
0.01562, 0.01562, 0.01562, 0, 0, 0, 0, 0, 0, 0, 0, 0, 0, 0, 0, 
0, 0, 0, 0, 0, 0, 0, 0, 0, 0, 0.73726, 0.76053, 0.77906, 0.78298, 
0.79096, 0.79222, 0.79543, 0.8007, 0.81587, 0.81893, 0.82204, 
0.74383, 0.76322, 0.79352, 0.79068, 0.78871, 0.79534, 0.80078, 
0.80798, 0.82181, 0.81465, 0.81612, 1.6253, 2.5138, 2.6302, 3.3269, 
3.6769, 2.1699, 4.1224, 6.0961, 5.5388, 6.225, 5.8002, 634.4, 
694.5, 756, 817.4, 878.6, 937.7, 999.2, 1058.1, 1117.3, 1177.7, 
1236.1, 1, 1, 1, 1, 1, 1, 1, 1, 1, 1, 1, 1, 1, 1, 1, 1, 1, 1, 
1, 1, 1, 1, 1, 1, 1, 1, 1, 1, 1, 1, 1, 1, 1, 1, 1, 1, 1, 1, 1, 
1, 1, 1, 1, 1, 20.458, 30.913, 30.814, 39.67, 43.663, 25.666, 
48.316, 70.016, 62.267, 72.919, 64.95), .Dim = c(11L, 40L), .Dimnames = list(
    NULL, c("Sampling", "PSO.cost", "PSO.gamma", "PSO.data.balancing", 
    "PSO.feature.selection", "PSO.valid.acc", "PSO.test.acc", 
    "PSO.train.time", "PSO.n.support.vectors", "PSO.index", "PSO.n.solutions", 
    "PSO.generations", "PSO.n.evaluations", "PSO.cpu.time", "RS.cost", 
    "RS.gamma", "RS.data.balancing", "RS.feature.selection", 
    "RS.valid.acc", "RS.test.acc", "RS.train.time", "RS.n.support.vectors", 
    "RS.index", "RS.n.solutions", "RS.generations", "RS.n.evaluations", 
    "RS.cpu.time", "DF.cost", "DF.gamma", "DF.data.balancing", 
    "DF.feature.selection", "DF.valid.acc", "DF.test.acc", "DF.train.time", 
    "DF.n.support.vectors", "DF.index", "DF.n.solutions", "DF.generations", 
    "DF.n.evaluations", "DF.cpu.time")))
