full <-
structure(c(50, 55, 60, 65, 70, 75, 80, 85, 90, 95, 100, 3.35575, 
13.61125, 7.76231, 10.85594, 5.71323, 11.09077, 5.01976, 5.90714, 
14.21369, 7.28524, 8.29733, -8.10407, -7.48216, -6.23368, -6.77012, 
-6.68042, -6.06081, -5.90745, -6.44874, -6.83484, -7.33042, -5.92587, 
0, 0, 0, 0, 0, 0, 0, 0, 0, 0, 0, 0, 0, 0, 0, 0, 0, 0, 0, 0, 0, 
0, 0.7998, 0.79209, 0.81355, 0.8247, 0.83462, 0.84553, 0.84901, 
0.85133, 0.86322, 0.86483, 0.86749, 0.78935, 0.7959, 0.80961, 
0.81422, 0.82733, 0.84804, 0.84479, 0.85387, 0.86057, 0.864, 
0.86309, 2.0363, 2.4332, 2.8125, 3.3413, 3.3212, 3.7821, 3.9972, 
4.3416, 5.0944, 5.9348, 6.1097, 625.7, 688.3, 750.1, 811.4, 871.8, 
935.2, 992.4, 1049.7, 1103.4, 1148.3, 1213, 953, 150, 115, 79, 
2426, 57, 503, 1273, 335, 333, 445, 43, 1137, 755, 1160, 1, 793, 
569, 125, 774, 370, 676, 100, 100, 100, 100, 100, 100, 100, 100, 
100, 100, 100, 2500, 2500, 2500, 2500, 2500, 2500, 2500, 2500, 
2500, 2500, 2500, 59708.999, 70944.825, 78423.839, 94861.948, 
96988.794, 104787.863, 111774.296, 123116.745, 151327.929, 169966.78, 
174137.713, 4.0001, 14.41007, 10.57805, 12.03603, 11.76332, 12.39542, 
4.71281, 9.62147, 8.21219, 10.35338, 4.05814, -8.71394, -7.45384, 
-6.23758, -6.80344, -6.67463, -6.06702, -7.92791, -6.44944, -6.84062, 
-7.31268, -5.91342, 0, 0, 0, 0, 0, 0, 0, 0, 0, 0, 0, 0, 0, 0, 
0, 0, 0, 0, 0, 0, 0, 0, 0.79844, 0.79209, 0.81355, 0.8247, 0.83364, 
0.84553, 0.84907, 0.85061, 0.86322, 0.86418, 0.86686, 0.78814, 
0.79706, 0.80961, 0.81516, 0.8264, 0.84804, 0.84065, 0.85314, 
0.86129, 0.864, 0.86246, 1.9641, 2.5091, 2.8637, 2.8377, 3.2773, 
3.6592, 3.551, 5.3171, 5.539, 5.0109, 6.1799, 623.2, 688.4, 750.2, 
810.9, 871.9, 935.3, 983.8, 1049.9, 1103.5, 1147.9, 1213, 886, 
327, 1776, 8, 2009, 257, 2324, 1210, 1626, 1294, 599, 1, 9, 1, 
10, 1, 5, 1, 3, 1, 2, 8, 100, 100, 100, 100, 100, 100, 100, 100, 
100, 100, 100, 2500, 2500, 2500, 2500, 2500, 2500, 2500, 2500, 
2500, 2500, 2500, 61054.374, 74719.375, 88366.4, 84963.2239999999, 
98995.3199999999, 104438.387, 112385.916, 153511.935, 164062.388, 
162513.523, 172660.158, 1, 1, 1, 1, 1, 1, 1, 1, 1, 1, 1, 0.01562, 
0.01562, 0.01562, 0.01562, 0.01562, 0.01562, 0.01562, 0.01562, 
0.01562, 0.01562, 0.01562, 0, 0, 0, 0, 0, 0, 0, 0, 0, 0, 0, 0, 
0, 0, 0, 0, 0, 0, 0, 0, 0, 0, 0.71306, 0.71825, 0.75387, 0.76514, 
0.77585, 0.79116, 0.80039, 0.80431, 0.80716, 0.8134, 0.81664, 
0.70687, 0.71685, 0.76304, 0.76902, 0.7765, 0.78459, 0.79637, 
0.798, 0.81071, 0.81801, 0.8139, 2.1152, 2.4932, 3.1175, 3.1271, 
3.4334, 3.7111, 3.83, 5.3355, 5.8802, 5.577, 5.9435, 634.6, 698.4, 
758.1, 820.7, 880.6, 945, 1003.4, 1063.9, 1121.9, 1177.3, 1234.8, 
1, 1, 1, 1, 1, 1, 1, 1, 1, 1, 1, 1, 1, 1, 1, 1, 1, 1, 1, 1, 1, 
1, 1, 1, 1, 1, 1, 1, 1, 1, 1, 1, 1, 1, 1, 1, 1, 1, 1, 1, 1, 1, 
1, 1, 25.141, 29.133, 36.772, 36.197, 39.499, 42.175, 43.462, 
60.111, 66.675, 62.178, 65.96), .Dim = c(11L, 40L), .Dimnames = list(
    NULL, c("Sampling", "PSO.cost", "PSO.gamma", "PSO.data.balancing", 
    "PSO.feature.selection", "PSO.valid.acc", "PSO.test.acc", 
    "PSO.train.time", "PSO.n.support.vectors", "PSO.index", "PSO.n.solutions", 
    "PSO.generations", "PSO.n.evaluations", "PSO.cpu.time", "RS.cost", 
    "RS.gamma", "RS.data.balancing", "RS.feature.selection", 
    "RS.valid.acc", "RS.test.acc", "RS.train.time", "RS.n.support.vectors", 
    "RS.index", "RS.n.solutions", "RS.generations", "RS.n.evaluations", 
    "RS.cpu.time", "DF.cost", "DF.gamma", "DF.data.balancing", 
    "DF.feature.selection", "DF.valid.acc", "DF.test.acc", "DF.train.time", 
    "DF.n.support.vectors", "DF.index", "DF.n.solutions", "DF.generations", 
    "DF.n.evaluations", "DF.cpu.time")))
