full <-
structure(c(50, 55, 60, 65, 70, 75, 80, 85, 90, 95, 100, 9.16976, 
2.46014, 4.68234, 5.02882, 4.82205, 5.54591, 6.95787, 6.79587, 
4.92839, 2.57166, 6.53761, -6.14481, -5.97425, -6.01624, -5.84858, 
-6.01613, -6.9274, -7.79906, -6.93765, -8.54898, -5.51569, -6.64011, 
0, 0, 0, 0, 0, 0, 0, 0, 0, 0, 0, 0, 0, 0, 0, 0, 0, 0, 0, 0, 0, 
0, 0.80674, 0.82844, 0.82505, 0.81996, 0.84363, 0.84302, 0.84934, 
0.85236, 0.86223, 0.85589, 0.86844, 0.8, 0.81605, 0.81874, 0.81617, 
0.82916, 0.83175, 0.83974, 0.84697, 0.84622, 0.85917, 0.86804, 
1.9701, 2.4576, 2.4373, 3.1298, 3.2567, 3.2148, 3.3847, 3.9475, 
4.5633, 5.0542, 5.361, 632.6, 694.7, 752.8, 811.3, 871.7, 925, 
975.5, 1039, 1083, 1156.1, 1212.1, 116, 714, 352, 1047, 765, 
1491, 218, 297, 1060, 2075, 809, 325, 259, 733, 114, 302, 94, 
714, 777, 65, 12, 295, 100, 100, 100, 100, 100, 100, 100, 100, 
100, 100, 100, 2500, 2500, 2500, 2500, 2500, 2500, 2500, 2500, 
2500, 2500, 2500, 67539.675, 74762.494, 76861.782, 88238.223, 
92553.3689999999, 94568.21, 98561.226, 117868.855, 130583.849, 
143651.54, 153464.191, 10.13369, 2.52113, 4.23955, 5.25505, 4.06291, 
13.38137, 7.57848, 7.18545, 4.80113, 13.56495, 4.79605, -6.14917, 
-6.0419, -5.97777, -5.91496, -5.8956, -6.94117, -7.71257, -6.91098, 
-8.45454, -5.50109, -6.25575, 0, 0, 0, 0, 0, 0, 0, 0, 0, 0, 0, 
0, 0, 0, 0, 0, 0, 0, 0, 0, 0, 0, 0.80674, 0.82731, 0.82399, 0.81994, 
0.84111, 0.84214, 0.84773, 0.85163, 0.8615, 0.85527, 0.86722, 
0.8, 0.81613, 0.81768, 0.81431, 0.831, 0.8334, 0.84046, 0.84478, 
0.84693, 0.8612, 0.86868, 2.0006, 2.2638, 2.7612, 2.7785, 3.1175, 
3.1572, 3.6287, 4.1337, 4.4741, 5.0232, 5.9747, 632.7, 694.8, 
753.1, 810.8, 872.6, 924.3, 976.5, 1039.4, 1083.6, 1156.5, 1213.7, 
2469, 240, 2130, 462, 43, 392, 1303, 1448, 576, 242, 566, 1, 
1, 1, 2, 1, 1, 1, 1, 1, 3, 2, 100, 100, 100, 100, 100, 100, 100, 
100, 100, 100, 100, 2500, 2500, 2500, 2500, 2500, 2500, 2500, 
2500, 2500, 2500, 2500, 65558.081, 69489.037, 74887.352, 83063.986, 
91066.889, 96871.077, 107458.297, 126824.141, 135195.357, 143445.686, 
158873.23, 1, 1, 1, 1, 1, 1, 1, 1, 1, 1, 1, 0.01562, 0.01562, 
0.01562, 0.01562, 0.01562, 0.01562, 0.01562, 0.01562, 0.01562, 
0.01562, 0.01562, 0, 0, 0, 0, 0, 0, 0, 0, 0, 0, 0, 0, 0, 0, 0, 
0, 0, 0, 0, 0, 0, 0, 0.71321, 0.73797, 0.7512, 0.76882, 0.78406, 
0.77782, 0.78895, 0.80158, 0.80524, 0.80931, 0.82728, 0.71679, 
0.73795, 0.75828, 0.77538, 0.77498, 0.78908, 0.78789, 0.7994, 
0.80591, 0.82061, 0.82858, 2.1359, 2.3819, 2.6004, 3.0957, 3.2182, 
3.2218, 3.6377, 4.6869, 4.8173, 5.0621, 5.4311, 635.9, 699.2, 
760.5, 820.5, 882.2, 942.4, 1002.4, 1061.6, 1120.1, 1179.5, 1235.2, 
1, 1, 1, 1, 1, 1, 1, 1, 1, 1, 1, 1, 1, 1, 1, 1, 1, 1, 1, 1, 1, 
1, 1, 1, 1, 1, 1, 1, 1, 1, 1, 1, 1, 1, 1, 1, 1, 1, 1, 1, 1, 1, 
1, 1, 25.39, 28.26, 30.645, 35.898, 36.969, 36.75, 41.456, 53.034, 
54.462, 57.305, 61.435), .Dim = c(11L, 40L), .Dimnames = list(
    NULL, c("Sampling", "PSO.cost", "PSO.gamma", "PSO.data.balancing", 
    "PSO.feature.selection", "PSO.valid.acc", "PSO.test.acc", 
    "PSO.train.time", "PSO.n.support.vectors", "PSO.index", "PSO.n.solutions", 
    "PSO.generations", "PSO.n.evaluations", "PSO.cpu.time", "RS.cost", 
    "RS.gamma", "RS.data.balancing", "RS.feature.selection", 
    "RS.valid.acc", "RS.test.acc", "RS.train.time", "RS.n.support.vectors", 
    "RS.index", "RS.n.solutions", "RS.generations", "RS.n.evaluations", 
    "RS.cpu.time", "DF.cost", "DF.gamma", "DF.data.balancing", 
    "DF.feature.selection", "DF.valid.acc", "DF.test.acc", "DF.train.time", 
    "DF.n.support.vectors", "DF.index", "DF.n.solutions", "DF.generations", 
    "DF.n.evaluations", "DF.cpu.time")))
