full <-
structure(c(50, 55, 60, 65, 70, 75, 80, 85, 90, 95, 100, 2.93238, 
7.10234, 14.93813, 4.00605, 14.35659, 2.8369, 7.15971, 6.13047, 
6.44592, 15, 9.33132, -6.72963, -7.16168, -7.40746, -5.8107, 
-6.47717, -6.32086, -7.36049, -6.96715, -7.24473, -6.66892, -6.34977, 
0, 0, 0, 0, 0, 0, 0, 0, 0, 0, 0, 0, 0, 0, 0, 0, 0, 0, 0, 0, 0, 
0, 0.81834, 0.81858, 0.82847, 0.8396, 0.85363, 0.85398, 0.85452, 
0.8612, 0.86946, 0.86604, 0.87647, 0.82327, 0.80619, 0.82169, 
0.83908, 0.85194, 0.84194, 0.85012, 0.84708, 0.86135, 0.87788, 
0.87787, 2.2625, 2.3397, 2.4998, 1.9062, 3.1593, 4.8348, 4.7611, 
6.7949, 4.9764, 5.6172, 6.1771, 622.9, 679.4, 739.9, 806.2, 866.3, 
926.5, 977.3, 1041.3, 1092.7, 1156.7, 1213.1, 799, 695, 461, 
467, 106, 2476, 394, 1603, 422, 96, 261, 365, 138, 197, 543, 
1034, 1, 589, 1, 328, 790, 386, 100, 100, 100, 100, 100, 100, 
100, 100, 100, 100, 100, 2500, 2500, 2500, 2500, 2500, 2500, 
2500, 2500, 2500, 2500, 2500, 63182.15, 67128.16, 74409.163, 
88442.458, 90245.772, 117208.648, 134008.08, 151966.277, 138147.265, 
170238.178, 211819.914, 3.24725, 5.52889, 13.72197, 4.46814, 
9.16546, 2.93079, 5.69925, 6.13778, 5.65864, 14.09117, 6.17689, 
-6.35394, -7.15813, -6.80192, -5.82212, -6.48322, -6.31864, -7.35494, 
-7.0082, -7.2559, -6.69723, -6.01984, 0, 0, 0, 0, 0, 0, 0, 0, 
0, 0, 0, 0, 0, 0, 0, 0, 0, 0, 0, 0, 0, 0, 0.81583, 0.81858, 0.82832, 
0.83859, 0.85363, 0.85146, 0.85372, 0.86042, 0.86879, 0.86604, 
0.87637, 0.81811, 0.80499, 0.82077, 0.83905, 0.85194, 0.84352, 
0.84934, 0.84708, 0.86068, 0.87723, 0.87294, 2.178, 2.249, 2.5826, 
3.0252, 4.0608, 3.7148, 3.986, 4.855, 4.813, 5.9452, 4.0694, 
624.3, 679, 742.1, 806.2, 866.2, 926.4, 977.1, 1041, 1092.7, 
1156.3, 1213.7, 1138, 1554, 85, 245, 9, 2083, 755, 2123, 546, 
1127, 2472, 1, 1, 7, 1, 5, 1, 1, 1, 1, 4, 1, 100, 100, 100, 100, 
100, 100, 100, 100, 100, 100, 100, 2500, 2500, 2500, 2500, 2500, 
2500, 2500, 2500, 2500, 2500, 2500, 66387.648, 69119.877, 79034.024, 
91738.568, 119438.628, 115159.144, 111283.819, 152909.479, 148026.94, 
170402.949, 187215.67, 1, 1, 1, 1, 1, 1, 1, 1, 1, 1, 1, 0.01562, 
0.01562, 0.01562, 0.01562, 0.01562, 0.01562, 0.01562, 0.01562, 
0.01562, 0.01562, 0.01562, 0, 0, 0, 0, 0, 0, 0, 0, 0, 0, 0, 0, 
0, 0, 0, 0, 0, 0, 0, 0, 0, 0, 0.742, 0.74078, 0.76121, 0.76511, 
0.77631, 0.79217, 0.79767, 0.80424, 0.82241, 0.81078, 0.82375, 
0.74629, 0.74804, 0.7621, 0.76108, 0.77621, 0.79449, 0.80719, 
0.80536, 0.8196, 0.82017, 0.82014, 2.144, 2.4457, 2.7759, 2.9455, 
4.4484, 4.998, 2.3873, 5.0932, 5.6356, 6.0425, 8.2181, 633.5, 
693.3, 755, 816.6, 878.6, 938.7, 998.4, 1062.3, 1121.1, 1183.9, 
1235.9, 1, 1, 1, 1, 1, 1, 1, 1, 1, 1, 1, 1, 1, 1, 1, 1, 1, 1, 
1, 1, 1, 1, 1, 1, 1, 1, 1, 1, 1, 1, 1, 1, 1, 1, 1, 1, 1, 1, 1, 
1, 1, 1, 1, 1, 25.47, 28.745, 33.361, 34.363, 52.136, 57.611, 
27.893, 57.516, 63.725, 67.619, 92.713), .Dim = c(11L, 40L), .Dimnames = list(
    NULL, c("Sampling", "PSO.cost", "PSO.gamma", "PSO.data.balancing", 
    "PSO.feature.selection", "PSO.valid.acc", "PSO.test.acc", 
    "PSO.train.time", "PSO.n.support.vectors", "PSO.index", "PSO.n.solutions", 
    "PSO.generations", "PSO.n.evaluations", "PSO.cpu.time", "RS.cost", 
    "RS.gamma", "RS.data.balancing", "RS.feature.selection", 
    "RS.valid.acc", "RS.test.acc", "RS.train.time", "RS.n.support.vectors", 
    "RS.index", "RS.n.solutions", "RS.generations", "RS.n.evaluations", 
    "RS.cpu.time", "DF.cost", "DF.gamma", "DF.data.balancing", 
    "DF.feature.selection", "DF.valid.acc", "DF.test.acc", "DF.train.time", 
    "DF.n.support.vectors", "DF.index", "DF.n.solutions", "DF.generations", 
    "DF.n.evaluations", "DF.cpu.time")))
