full <-
structure(c(50, 55, 60, 65, 70, 75, 80, 85, 90, 95, 100, 5.2043, 
2.43685, 6.0753, 2.36753, 4.67629, 3.9298, 11.6073, 8.84522, 
5.22531, 9.17142, 6.33127, -8.88478, -6.08824, -6.33413, -5.30407, 
-6.26977, -5.88348, -8.03941, -6.58267, -6.26897, -6.27409, -7.85195, 
0, 0, 0, 0, 0, 0, 0, 0, 0, 0, 0, 0, 0, 0, 0, 0, 0, 0, 0, 0, 0, 
0, 0.79281, 0.80798, 0.81972, 0.82412, 0.83264, 0.84326, 0.84784, 
0.86305, 0.86258, 0.86141, 0.87328, 0.77755, 0.80643, 0.82171, 
0.80685, 0.82569, 0.83704, 0.84914, 0.86027, 0.86124, 0.86272, 
0.86925, 2.0779, 2.8588, 3.1862, 4.21, 3.8351, 4.3275, 4.2765, 
5.2575, 5.418, 5.679, 6.1692, 631.6, 696.2, 758.3, 817.9, 875.7, 
934.4, 978, 1046.5, 1100.9, 1156.5, 1200, 797, 1373, 48, 1222, 
613, 404, 714, 208, 1373, 196, 1223, 104, 22, 1006, 32, 165, 
639, 158, 224, 273, 966, 128, 100, 100, 100, 100, 100, 100, 100, 
100, 100, 100, 100, 2500, 2500, 2500, 2500, 2500, 2500, 2500, 
2500, 2500, 2500, 2500, 65416.287, 84304.192, 102363.157, 124221.694, 
113455.943, 119784.911, 127316.442, 146458.855, 151530.423, 172367.671, 
179462.891, 5.00807, 3.60056, 5.94618, 3.47899, 5.49645, 4.56136, 
10.45974, 12.22859, 5.87606, 13.01915, 6.14836, -8.89464, -6.47492, 
-6.30883, -6.82296, -6.95346, -5.89146, -7.9623, -6.59567, -6.45322, 
-6.24908, -7.83206, 0, 0, 0, 0, 0, 0, 0, 0, 0, 0, 0, 0, 0, 0, 
0, 0, 0, 0, 0, 0, 0, 0, 0.79032, 0.80574, 0.81972, 0.8222, 0.8308, 
0.84326, 0.84707, 0.86305, 0.86188, 0.86141, 0.8727, 0.775, 0.80764, 
0.82278, 0.82023, 0.82101, 0.83865, 0.84837, 0.86027, 0.85846, 
0.86211, 0.86866, 2.2556, 3.0525, 3.5012, 3.3331, 3.3422, 4.3902, 
4.4905, 4.9716, 5.561, 6.1881, 5.955, 631.6, 696.2, 758.4, 818.4, 
874, 934.6, 978.5, 1046.5, 1100.5, 1156.6, 1200.1, 1992, 710, 
1608, 794, 732, 1072, 465, 1259, 891, 427, 1272, 1, 1, 1, 1, 
2, 1, 4, 2, 1, 4, 1, 100, 100, 100, 100, 100, 100, 100, 100, 
100, 100, 100, 2500, 2500, 2500, 2500, 2500, 2500, 2500, 2500, 
2500, 2500, 2500, 72405.321, 89879.251, 102967.621, 106101.776, 
113290.491, 129832.127, 140181.618, 147392.402, 159849.357, 183969.104, 
182684.062, 1, 1, 1, 1, 1, 1, 1, 1, 1, 1, 1, 0.01562, 0.01562, 
0.01562, 0.01562, 0.01562, 0.01562, 0.01562, 0.01562, 0.01562, 
0.01562, 0.01562, 0, 0, 0, 0, 0, 0, 0, 0, 0, 0, 0, 0, 0, 0, 0, 
0, 0, 0, 0, 0, 0, 0, 0.71026, 0.75164, 0.75585, 0.76348, 0.76695, 
0.80231, 0.80802, 0.8162, 0.81555, 0.80883, 0.82181, 0.70912, 
0.73668, 0.76568, 0.76542, 0.78281, 0.79517, 0.7973, 0.81322, 
0.80904, 0.81146, 0.82467, 2.3792, 3.1257, 3.5288, 3.517, 3.9833, 
4.506, 4.7543, 4.9788, 5.5546, 6.3361, 6.3043, 636.2, 698.7, 
761.5, 823.8, 886, 945.7, 1006.1, 1063.4, 1119.8, 1180.6, 1238.1, 
1, 1, 1, 1, 1, 1, 1, 1, 1, 1, 1, 1, 1, 1, 1, 1, 1, 1, 1, 1, 1, 
1, 1, 1, 1, 1, 1, 1, 1, 1, 1, 1, 1, 1, 1, 1, 1, 1, 1, 1, 1, 1, 
1, 1, 28.896, 37.684, 42.147, 40.625, 46.247, 52.399, 54.527, 
56.036, 62.113, 71.758, 70.13), .Dim = c(11L, 40L), .Dimnames = list(
    NULL, c("Sampling", "PSO.cost", "PSO.gamma", "PSO.data.balancing", 
    "PSO.feature.selection", "PSO.valid.acc", "PSO.test.acc", 
    "PSO.train.time", "PSO.n.support.vectors", "PSO.index", "PSO.n.solutions", 
    "PSO.generations", "PSO.n.evaluations", "PSO.cpu.time", "RS.cost", 
    "RS.gamma", "RS.data.balancing", "RS.feature.selection", 
    "RS.valid.acc", "RS.test.acc", "RS.train.time", "RS.n.support.vectors", 
    "RS.index", "RS.n.solutions", "RS.generations", "RS.n.evaluations", 
    "RS.cpu.time", "DF.cost", "DF.gamma", "DF.data.balancing", 
    "DF.feature.selection", "DF.valid.acc", "DF.test.acc", "DF.train.time", 
    "DF.n.support.vectors", "DF.index", "DF.n.solutions", "DF.generations", 
    "DF.n.evaluations", "DF.cpu.time")))
