full <-
structure(c(50, 55, 60, 65, 70, 75, 80, 85, 90, 95, 100, 15, 
5.68367, 10.9328, 10.12759, 5.52841, 6.17337, 5.71009, 7.36321, 
4.78537, 6.53178, 5.23459, -9.80077, -9.25484, -8.98363, -8.89936, 
-7.98498, -7.7022, -7.22756, -7.68326, -7.46971, -7.07303, -6.16138, 
0, 0, 0, 0, 0, 0, 0, 0, 0, 0, 0, 0, 0, 0, 0, 0, 0, 0, 0, 0, 0, 
0, 0.79439, 0.81088, 0.81968, 0.82777, 0.8402, 0.84743, 0.86029, 
0.85797, 0.8673, 0.87068, 0.86565, 0.7954, 0.79596, 0.80488, 
0.82418, 0.84023, 0.84678, 0.85093, 0.85364, 0.86313, 0.86064, 
0.86529, 2.2367, 2.2572, 2.5671, 2.7716, 3.1559, 3.6341, 3.727, 
2.6689, 6.7445, 8.0423, 9.287, 619.8, 683.1, 741.8, 799.8, 858, 
919.3, 983.4, 1037.4, 1092.8, 1152.4, 1213.5, 58, 391, 163, 42, 
1053, 1307, 48, 482, 1056, 1226, 684, 1375, 141, 785, 1133, 195, 
38, 691, 549, 304, 38, 564, 100, 100, 100, 100, 100, 100, 100, 
100, 100, 100, 100, 2500, 2500, 2500, 2500, 2500, 2500, 2500, 
2500, 2500, 2500, 2500, 57583.824, 61956.625, 77678.577, 76248.894, 
114224.524, 101082.067, 117124.001, 150396.612, 163661.599, 196871.591, 
221629.081, 14.58206, 9.51083, 14.5237, 13.00593, 5.85382, 5.58377, 
6.64701, 7.06853, 12.34579, 6.47253, 12.68271, -9.68725, -9.19299, 
-8.98255, -8.85697, -8.00567, -7.78935, -7.19432, -7.69836, -7.38773, 
-7.12029, -6.1531, 0, 0, 0, 0, 0, 0, 0, 0, 0, 0, 0, 0, 0, 0, 
0, 0, 0, 0, 0, 0, 0, 0, 0.79439, 0.81069, 0.81968, 0.82777, 0.84017, 
0.84659, 0.86029, 0.85797, 0.86519, 0.87003, 0.86501, 0.79418, 
0.80064, 0.80488, 0.82418, 0.84113, 0.84514, 0.85096, 0.85436, 
0.86387, 0.86064, 0.86464, 1.4493, 1.9942, 2.3994, 3.0794, 3.1694, 
4.7204, 4.1364, 6.2612, 7.3072, 8.5096, 3.664, 620, 682.7, 741.8, 
800, 857.8, 918.7, 983.9, 1037.2, 1092.7, 1152, 1213.9, 97, 54, 
1388, 223, 1659, 1612, 551, 2055, 501, 1751, 601, 14, 16, 1, 
9, 1, 1, 2, 1, 1, 1, 3, 100, 100, 100, 100, 100, 100, 100, 100, 
100, 100, 100, 2500, 2500, 2500, 2500, 2500, 2500, 2500, 2500, 
2500, 2500, 2500, 60813.638, 73961.77, 81510.256, 93379.6680000001, 
102792.452, 111265.975, 126272.839, 170025.848, 172286.154, 171600.795, 
172795.819, 1, 1, 1, 1, 1, 1, 1, 1, 1, 1, 1, 0.01562, 0.01562, 
0.01562, 0.01562, 0.01562, 0.01562, 0.01562, 0.01562, 0.01562, 
0.01562, 0.01562, 0, 0, 0, 0, 0, 0, 0, 0, 0, 0, 0, 0, 0, 0, 0, 
0, 0, 0, 0, 0, 0, 0, 0.70904, 0.73706, 0.74476, 0.77558, 0.78324, 
0.79055, 0.80018, 0.80834, 0.81555, 0.81721, 0.81117, 0.70182, 
0.74141, 0.75363, 0.77741, 0.79024, 0.78941, 0.8065, 0.80694, 
0.81548, 0.81269, 0.81289, 1.3303, 2.7822, 2.9716, 3.591, 3.4224, 
3.8309, 4.9621, 5.1215, 5.6612, 6.1062, 5.4575, 632.8, 693.8, 
755.9, 817.8, 873.5, 935.9, 997.6, 1059.7, 1118.5, 1178.4, 1236.5, 
1, 1, 1, 1, 1, 1, 1, 1, 1, 1, 1, 1, 1, 1, 1, 1, 1, 1, 1, 1, 1, 
1, 1, 1, 1, 1, 1, 1, 1, 1, 1, 1, 1, 1, 1, 1, 1, 1, 1, 1, 1, 1, 
1, 1, 16.26, 33.305, 35.539, 42.458, 39.221, 43.92, 57.33, 57.532, 
63.615, 69.198, 61.348), .Dim = c(11L, 40L), .Dimnames = list(
    NULL, c("Sampling", "PSO.cost", "PSO.gamma", "PSO.data.balancing", 
    "PSO.feature.selection", "PSO.valid.acc", "PSO.test.acc", 
    "PSO.train.time", "PSO.n.support.vectors", "PSO.index", "PSO.n.solutions", 
    "PSO.generations", "PSO.n.evaluations", "PSO.cpu.time", "RS.cost", 
    "RS.gamma", "RS.data.balancing", "RS.feature.selection", 
    "RS.valid.acc", "RS.test.acc", "RS.train.time", "RS.n.support.vectors", 
    "RS.index", "RS.n.solutions", "RS.generations", "RS.n.evaluations", 
    "RS.cpu.time", "DF.cost", "DF.gamma", "DF.data.balancing", 
    "DF.feature.selection", "DF.valid.acc", "DF.test.acc", "DF.train.time", 
    "DF.n.support.vectors", "DF.index", "DF.n.solutions", "DF.generations", 
    "DF.n.evaluations", "DF.cpu.time")))
