full <-
structure(c(50, 55, 60, 65, 70, 75, 80, 85, 90, 95, 100, 5.3253, 
5.31306, 7.76295, 8.07776, 6.0657, 5.8076, 8.85956, 6.66439, 
10.10657, 5.74051, 8.82113, -6.66937, -6.28299, -5.84502, -7.36902, 
-6.33239, -6.04318, -7.22194, -6.71725, -7.44361, -7.03798, -7.29988, 
0, 0, 0, 0, 0, 0, 0, 0, 0, 0, 0, 0, 0, 0, 0, 0, 0, 0, 0, 0, 0, 
0, 0.78333, 0.80285, 0.81313, 0.82455, 0.83111, 0.84539, 0.84696, 
0.85716, 0.86484, 0.87212, 0.86921, 0.7794, 0.80125, 0.80484, 
0.82046, 0.82503, 0.82599, 0.84075, 0.84943, 0.86223, 0.86178, 
0.87097, 1.9415, 2.2532, 2.6058, 2.8886, 3.2952, 3.6484, 3.4032, 
4.0702, 4.5811, 4.7622, 5.0201, 631.2, 691.1, 755.3, 806.9, 873.6, 
928.6, 982.5, 1038.3, 1095.4, 1155.5, 1207.2, 778, 885, 81, 71, 
682, 547, 1491, 235, 713, 1261, 332, 48, 263, 978, 1001, 106, 
605, 26, 1041, 750, 128, 157, 100, 100, 100, 100, 100, 100, 100, 
100, 100, 100, 100, 2500, 2500, 2500, 2500, 2500, 2500, 2500, 
2500, 2500, 2500, 2500, 58571.699, 70520.079, 77027.873, 81276.602, 
88706.8670000001, 100089.736, 101686.843, 115604.016, 127713.833, 
139138.859, 147245.49, 4.98849, 5.38969, 6.28945, 14.16719, 4.76338, 
5.2718, 14.36931, 10.37325, 14.83953, 6.66801, 10.76944, -6.67084, 
-6.41456, -5.87496, -7.37588, -6.42438, -6.02303, -7.20321, -6.69687, 
-7.46027, -7.05973, -7.30749, 0, 0, 0, 0, 0, 0, 0, 0, 0, 0, 0, 
0, 0, 0, 0, 0, 0, 0, 0, 0, 0, 0, 0.78333, 0.80285, 0.81313, 0.82455, 
0.82941, 0.84455, 0.84696, 0.85637, 0.86484, 0.87084, 0.86921, 
0.77819, 0.80225, 0.80484, 0.82046, 0.81968, 0.82684, 0.84158, 
0.84943, 0.86291, 0.86244, 0.87097, 2.3924, 2.2096, 2.4048, 2.4883, 
3.0178, 3.5588, 3.4794, 3.9522, 4.1549, 4.7823, 5.3549, 631.2, 
691.3, 754.8, 806.9, 873.4, 928.6, 982.7, 1038.5, 1095.2, 1155.3, 
1207.4, 928, 1464, 773, 844, 155, 171, 2357, 1711, 26, 662, 60, 
1, 1, 5, 1, 1, 1, 1, 3, 1, 5, 1, 100, 100, 100, 100, 100, 100, 
100, 100, 100, 100, 100, 2500, 2500, 2500, 2500, 2500, 2500, 
2500, 2500, 2500, 2500, 2500, 65335.642, 69137.671, 73337.93, 
80259.195, 90450.503, 99603.157, 107206.65, 126174.499, 134328.974, 
141173.704, 158453.605, 1, 1, 1, 1, 1, 1, 1, 1, 1, 1, 1, 0.01562, 
0.01562, 0.01562, 0.01562, 0.01562, 0.01562, 0.01562, 0.01562, 
0.01562, 0.01562, 0.01562, 0, 0, 0, 0, 0, 0, 0, 0, 0, 0, 0, 0, 
0, 0, 0, 0, 0, 0, 0, 0, 0, 0, 0.70358, 0.73397, 0.73811, 0.76976, 
0.77389, 0.77462, 0.7916, 0.80044, 0.80433, 0.81499, 0.82288, 
0.71083, 0.72233, 0.74944, 0.76904, 0.78204, 0.78617, 0.79625, 
0.80641, 0.8121, 0.82023, 0.81858, 1.9674, 2.4593, 2.6291, 2.8827, 
3.0638, 3.3452, 3.7445, 4.384, 4.8778, 5.0977, 5.2576, 635.8, 
697.1, 761.3, 821.6, 884.7, 942, 1001.2, 1058.5, 1117.6, 1176.9, 
1238.1, 1, 1, 1, 1, 1, 1, 1, 1, 1, 1, 1, 1, 1, 1, 1, 1, 1, 1, 
1, 1, 1, 1, 1, 1, 1, 1, 1, 1, 1, 1, 1, 1, 1, 1, 1, 1, 1, 1, 1, 
1, 1, 1, 1, 1, 23.592, 29.237, 30.743, 33.501, 35.399, 38.459, 
42.695, 49.954, 55.162, 57.768, 59.453), .Dim = c(11L, 40L), .Dimnames = list(
    NULL, c("Sampling", "PSO.cost", "PSO.gamma", "PSO.data.balancing", 
    "PSO.feature.selection", "PSO.valid.acc", "PSO.test.acc", 
    "PSO.train.time", "PSO.n.support.vectors", "PSO.index", "PSO.n.solutions", 
    "PSO.generations", "PSO.n.evaluations", "PSO.cpu.time", "RS.cost", 
    "RS.gamma", "RS.data.balancing", "RS.feature.selection", 
    "RS.valid.acc", "RS.test.acc", "RS.train.time", "RS.n.support.vectors", 
    "RS.index", "RS.n.solutions", "RS.generations", "RS.n.evaluations", 
    "RS.cpu.time", "DF.cost", "DF.gamma", "DF.data.balancing", 
    "DF.feature.selection", "DF.valid.acc", "DF.test.acc", "DF.train.time", 
    "DF.n.support.vectors", "DF.index", "DF.n.solutions", "DF.generations", 
    "DF.n.evaluations", "DF.cpu.time")))
