full <-
structure(c(50, 55, 60, 65, 70, 75, 80, 85, 90, 95, 100, 15, 
4.53218, 3.66727, 3.46733, 4.16257, 3.2361, 12.94984, 4.34884, 
4.92924, 3.33626, 6.08173, -6.4005, -7.91413, -7.50858, -7.18577, 
-7.73296, -6.25278, -6.76873, -7.48629, -6.99231, -6.78134, -6.01094, 
0, 0, 0, 0, 0, 0, 0, 0, 0, 0, 0, 0, 0, 0, 0, 0, 0, 0, 0, 0, 0, 
0, 0.78689, 0.80444, 0.82101, 0.83555, 0.84086, 0.84542, 0.84394, 
0.86051, 0.85358, 0.87036, 0.88073, 0.77697, 0.801, 0.81101, 
0.83089, 0.82998, 0.83731, 0.84549, 0.85967, 0.85497, 0.87019, 
0.87351, 2.2662, 2.2904, 2.8407, 3.3577, 3.1554, 3.6082, 4.4932, 
5.6101, 4.8841, 7.3061, 6.5009, 631.3, 686.6, 748.1, 809.9, 868.7, 
935.2, 990.2, 1040, 1100, 1155.6, 1214.1, 139, 1419, 202, 720, 
740, 995, 765, 894, 1641, 1066, 507, 491, 92, 101, 138, 42, 72, 
106, 144, 5, 164, 589, 100, 100, 100, 100, 100, 100, 100, 100, 
100, 100, 100, 2500, 2500, 2500, 2500, 2500, 2500, 2500, 2500, 
2500, 2500, 2500, 69938.2, 67902.015, 75855.716, 96658.454, 93047.811, 
105387.988, 129352.731, 154220.681, 151371.121, 165260.496, 210128.137, 
9.81375, 3.39317, 3.72753, 2.58913, 3.64044, 3.09679, 10.73201, 
4.09953, 4.28831, 3.19216, 11.18044, -6.3722, -7.03531, -7.55817, 
-6.18571, -7.05628, -6.15519, -6.81067, -7.49709, -6.95686, -6.59906, 
-6.0266, 0, 0, 0, 0, 0, 0, 0, 0, 0, 0, 0, 0, 0, 0, 0, 0, 0, 0, 
0, 0, 0, 0, 0.78568, 0.80316, 0.81994, 0.83278, 0.83982, 0.84369, 
0.84316, 0.85903, 0.85352, 0.86901, 0.88014, 0.77819, 0.80299, 
0.81199, 0.82997, 0.83152, 0.83645, 0.84463, 0.85898, 0.85706, 
0.86954, 0.87292, 2.3005, 2.2838, 2.5802, 2.8533, 3.1721, 3.7204, 
4.1015, 5.6746, 6.2583, 6.082, 8.5652, 631.5, 690, 748, 814.3, 
872.9, 935.7, 990.2, 1040.1, 1100, 1158, 1214.4, 118, 222, 94, 
567, 964, 267, 2167, 1307, 35, 2233, 112, 4, 1, 1, 1, 2, 1, 1, 
1, 1, 1, 5, 100, 100, 100, 100, 100, 100, 100, 100, 100, 100, 
100, 2500, 2500, 2500, 2500, 2500, 2500, 2500, 2500, 2500, 2500, 
2500, 67028.396, 71189.168, 83645.307, 85372.284, 96456.934, 
98154.0090000001, 124196.136, 169652.108, 165422.057, 194521.598, 
196757.157, 1, 1, 1, 1, 1, 1, 1, 1, 1, 1, 1, 0.01562, 0.01562, 
0.01562, 0.01562, 0.01562, 0.01562, 0.01562, 0.01562, 0.01562, 
0.01562, 0.01562, 0, 0, 0, 0, 0, 0, 0, 0, 0, 0, 0, 0, 0, 0, 0, 
0, 0, 0, 0, 0, 0, 0, 0.69735, 0.71695, 0.74411, 0.77338, 0.77083, 
0.77597, 0.793, 0.80251, 0.8076, 0.81885, 0.82527, 0.70498, 0.72474, 
0.74074, 0.7664, 0.76855, 0.78078, 0.78594, 0.80823, 0.80875, 
0.81435, 0.83101, 2.2362, 2.628, 2.963, 2.9664, 3.4861, 4.895, 
4.3124, 6.3466, 6.6779, 6.2204, 5.9751, 635.3, 697.8, 759.2, 
820.5, 884.3, 945, 1003.6, 1064.6, 1124.2, 1179.2, 1237.3, 1, 
1, 1, 1, 1, 1, 1, 1, 1, 1, 1, 1, 1, 1, 1, 1, 1, 1, 1, 1, 1, 1, 
1, 1, 1, 1, 1, 1, 1, 1, 1, 1, 1, 1, 1, 1, 1, 1, 1, 1, 1, 1, 1, 
1, 27.375, 31.834, 35.626, 34.558, 40.331, 57.286, 49.219, 71.793, 
76.543, 70.254, 67.802), .Dim = c(11L, 40L), .Dimnames = list(
    NULL, c("Sampling", "PSO.cost", "PSO.gamma", "PSO.data.balancing", 
    "PSO.feature.selection", "PSO.valid.acc", "PSO.test.acc", 
    "PSO.train.time", "PSO.n.support.vectors", "PSO.index", "PSO.n.solutions", 
    "PSO.generations", "PSO.n.evaluations", "PSO.cpu.time", "RS.cost", 
    "RS.gamma", "RS.data.balancing", "RS.feature.selection", 
    "RS.valid.acc", "RS.test.acc", "RS.train.time", "RS.n.support.vectors", 
    "RS.index", "RS.n.solutions", "RS.generations", "RS.n.evaluations", 
    "RS.cpu.time", "DF.cost", "DF.gamma", "DF.data.balancing", 
    "DF.feature.selection", "DF.valid.acc", "DF.test.acc", "DF.train.time", 
    "DF.n.support.vectors", "DF.index", "DF.n.solutions", "DF.generations", 
    "DF.n.evaluations", "DF.cpu.time")))
