full <-
structure(c(50, 55, 60, 65, 70, 75, 80, 85, 90, 95, 100, 10.51367, 
9.06103, 10.82532, 7.72747, 7.49984, 7.87232, 7.50965, 15, 6.25935, 
8.77508, 3.69671, -8.74197, -10.47103, -7.94049, -7.58727, -9.0737, 
-7.44563, -8.37625, -7.88556, -6.50336, -6.22786, -6.52306, 0, 
0, 0, 0, 0, 0, 0, 0, 0, 0, 0, 0, 0, 0, 0, 0, 0, 0, 0, 0, 0, 0, 
0.80957, 0.81408, 0.83073, 0.83572, 0.83656, 0.85794, 0.86017, 
0.87072, 0.8615, 0.86745, 0.86746, 0.81247, 0.8057, 0.82048, 
0.83188, 0.83124, 0.84896, 0.86488, 0.85979, 0.85739, 0.86213, 
0.8636, 2.2557, 2.1901, 2.6519, 3.0526, 3.0241, 4.7685, 4.9161, 
4.8156, 6.7137, 8.0027, 9.4425, 625.3, 683.5, 743.9, 806.1, 858.9, 
923.5, 972.7, 1030.8, 1100.2, 1155.3, 1212.2, 897, 32, 156, 32, 
685, 101, 621, 514, 214, 220, 775, 31, 236, 710, 983, 141, 1229, 
295, 25, 455, 729, 172, 100, 100, 100, 100, 100, 100, 100, 100, 
100, 100, 100, 2500, 2500, 2500, 2500, 2500, 2500, 2500, 2500, 
2500, 2500, 2500, 64433.189, 69192.564, 82223.1, 82384.974, 98028.894, 
120020.025, 126201.021, 138989.502, 201918.558, 210516.082, 233179.983, 
14.00651, 11.92639, 8.68197, 8.57693, 7.42053, 12.84798, 12.4423, 
8.71302, 3.34486, 6.93347, 3.61011, -8.69427, -10.42159, -6.79991, 
-7.59582, -9.08602, -7.44831, -8.38458, -7.36275, -6.29814, -6.21477, 
-6.37245, 0, 0, 0, 0, 0, 0, 0, 0, 0, 0, 0, 0, 0, 0, 0, 0, 0, 
0, 0, 0, 0, 0, 0.80829, 0.81298, 0.83074, 0.83572, 0.83568, 0.85794, 
0.85941, 0.87066, 0.86137, 0.86745, 0.86684, 0.81371, 0.80335, 
0.82242, 0.83188, 0.83124, 0.84896, 0.86411, 0.85978, 0.8588, 
0.86213, 0.86297, 2.0353, 2.1714, 2.5706, 3.1575, 3.9245, 4.2303, 
5.0643, 4.7082, 2.9767, 8.5221, 6.3965, 625.3, 683.7, 749.5, 
806.2, 859, 923.5, 972.8, 1035.2, 1102.6, 1155.3, 1212.9, 122, 
199, 1907, 204, 1919, 65, 931, 581, 221, 1155, 784, 5, 20, 1, 
2, 2, 8, 2, 3, 1, 2, 1, 100, 100, 100, 100, 100, 100, 100, 100, 
100, 100, 100, 2500, 2500, 2500, 2500, 2500, 2500, 2500, 2500, 
2500, 2500, 2500, 58676.251, 66386.001, 74897.52, 83432.144, 
105574.946, 125062.758, 147153.1, 136885.893, 168966.215, 189185.484, 
164020.134, 1, 1, 1, 1, 1, 1, 1, 1, 1, 1, 1, 0.01562, 0.01562, 
0.01562, 0.01562, 0.01562, 0.01562, 0.01562, 0.01562, 0.01562, 
0.01562, 0.01562, 0, 0, 0, 0, 0, 0, 0, 0, 0, 0, 0, 0, 0, 0, 0, 
0, 0, 0, 0, 0, 0, 0, 0.72349, 0.73402, 0.76019, 0.76766, 0.77316, 
0.79068, 0.7991, 0.81308, 0.80806, 0.81887, 0.82126, 0.73066, 
0.73913, 0.73811, 0.77045, 0.78578, 0.79084, 0.80897, 0.80408, 
0.80809, 0.8202, 0.8188, 2.1642, 1.6283, 2.929, 2.9848, 4.1656, 
5.1485, 4.5817, 4.8578, 8.2553, 8.8369, 5.0275, 637.1, 699.7, 
759.9, 821.1, 880.3, 939.5, 999.5, 1061.2, 1120.1, 1177.7, 1236.4, 
1, 1, 1, 1, 1, 1, 1, 1, 1, 1, 1, 1, 1, 1, 1, 1, 1, 1, 1, 1, 1, 
1, 1, 1, 1, 1, 1, 1, 1, 1, 1, 1, 1, 1, 1, 1, 1, 1, 1, 1, 1, 1, 
1, 1, 25.506, 20.315, 35.025, 34.573, 48.782, 60.074, 51.962, 
54.689, 92.842, 100.029, 56.593), .Dim = c(11L, 40L), .Dimnames = list(
    NULL, c("Sampling", "PSO.cost", "PSO.gamma", "PSO.data.balancing", 
    "PSO.feature.selection", "PSO.valid.acc", "PSO.test.acc", 
    "PSO.train.time", "PSO.n.support.vectors", "PSO.index", "PSO.n.solutions", 
    "PSO.generations", "PSO.n.evaluations", "PSO.cpu.time", "RS.cost", 
    "RS.gamma", "RS.data.balancing", "RS.feature.selection", 
    "RS.valid.acc", "RS.test.acc", "RS.train.time", "RS.n.support.vectors", 
    "RS.index", "RS.n.solutions", "RS.generations", "RS.n.evaluations", 
    "RS.cpu.time", "DF.cost", "DF.gamma", "DF.data.balancing", 
    "DF.feature.selection", "DF.valid.acc", "DF.test.acc", "DF.train.time", 
    "DF.n.support.vectors", "DF.index", "DF.n.solutions", "DF.generations", 
    "DF.n.evaluations", "DF.cpu.time")))
