full <-
structure(c(50, 55, 60, 65, 70, 75, 80, 85, 90, 95, 100, 10.0118, 
12.50418, 7.53894, 4.49692, 8.96973, 13.901, 5.18232, 7.1126, 
3.39581, 7.24952, 4.47668, -6.97697, -7.36974, -9.19902, -7.71469, 
-7.82421, -6.90742, -6.72333, -6.95417, -6.57517, -5.87744, -6.0431, 
0, 0, 0, 0, 0, 0, 0, 0, 0, 0, 0, 0, 0, 0, 0, 0, 0, 0, 0, 0, 0, 
0, 0.81377, 0.81318, 0.83683, 0.84396, 0.84609, 0.85626, 0.85711, 
0.85067, 0.86896, 0.86776, 0.87321, 0.8024, 0.80689, 0.82002, 
0.83729, 0.84484, 0.85284, 0.85, 0.85373, 0.85783, 0.86188, 0.86349, 
2.4595, 2.8044, 3.0801, 5.0417, 5.2025, 4.0115, 3.9494, 4.8256, 
8.2117, 6.0141, 6.5773, 628.5, 687.4, 738.5, 804.4, 861.6, 922.7, 
984.9, 1041.1, 1101.4, 1159, 1214.9, 200, 145, 110, 2433, 153, 
405, 536, 953, 810, 916, 1002, 628, 1215, 507, 1, 1142, 83, 530, 
67, 109, 36, 598, 100, 100, 100, 100, 100, 100, 100, 100, 100, 
100, 100, 2500, 2500, 2500, 2500, 2500, 2500, 2500, 2500, 2500, 
2500, 2500, 70966.101, 82106.698, 106443.075, 150795.912, 152509.217, 
111195.095, 121375.891, 139039.006, 229536.969, 198492.357, 181554.009, 
6.57358, 7.23342, 8.22805, 8.77297, 10.49902, 10.9463, 7.98829, 
11.657, 12.64027, 11.47248, 4.26585, -6.97247, -7.45113, -8.98268, 
-7.72253, -7.85155, -6.90919, -6.73241, -6.77541, -6.66087, -5.89465, 
-6.0305, 0, 0, 0, 0, 0, 0, 0, 0, 0, 0, 0, 0, 0, 0, 0, 0, 0, 0, 
0, 0, 0, 0, 0.81377, 0.81318, 0.83683, 0.8419, 0.84609, 0.85626, 
0.85636, 0.84919, 0.8682, 0.86711, 0.87321, 0.8024, 0.80689, 
0.82002, 0.83614, 0.84484, 0.85284, 0.85062, 0.85666, 0.85869, 
0.86189, 0.86287, 2.3933, 2.6746, 4.1507, 4.9902, 5.0973, 3.8058, 
4.2766, 4.9832, 5.332, 5.85, 6.4113, 628.7, 686.4, 739.7, 803.9, 
861.4, 922.7, 984.6, 1044.2, 1099.5, 1159.2, 1215.1, 2142, 228, 
1166, 750, 430, 95, 986, 1403, 992, 391, 372, 1, 10, 3, 2, 7, 
1, 1, 5, 6, 6, 1, 100, 100, 100, 100, 100, 100, 100, 100, 100, 
100, 100, 2500, 2500, 2500, 2500, 2500, 2500, 2500, 2500, 2500, 
2500, 2500, 72054.451, 83898.596, 127910.252, 145634.127, 117404.62, 
109731.526, 126527.356, 154401.408, 163398.903, 171845.982, 187408.112, 
1, 1, 1, 1, 1, 1, 1, 1, 1, 1, 1, 0.01562, 0.01562, 0.01562, 0.01562, 
0.01562, 0.01562, 0.01562, 0.01562, 0.01562, 0.01562, 0.01562, 
0, 0, 0, 0, 0, 0, 0, 0, 0, 0, 0, 0, 0, 0, 0, 0, 0, 0, 0, 0, 0, 
0, 0.69952, 0.72585, 0.75675, 0.77027, 0.78842, 0.79705, 0.79312, 
0.79782, 0.80868, 0.81571, 0.82858, 0.70975, 0.73101, 0.75382, 
0.78675, 0.79023, 0.79187, 0.79208, 0.80155, 0.81359, 0.81443, 
0.8257, 2.427, 3.0299, 4.5451, 4.7678, 3.7888, 3.9604, 4.433, 
7.5357, 5.6505, 6.0283, 6.5341, 635.1, 697, 757.7, 818.8, 879.1, 
939.3, 1001.6, 1061.9, 1119.4, 1180, 1236.4, 1, 1, 1, 1, 1, 1, 
1, 1, 1, 1, 1, 1, 1, 1, 1, 1, 1, 1, 1, 1, 1, 1, 1, 1, 1, 1, 1, 
1, 1, 1, 1, 1, 1, 1, 1, 1, 1, 1, 1, 1, 1, 1, 1, 1, 28.934, 35.566, 
54.412, 55.469, 43.486, 45.372, 50.346, 86.121, 63.753, 67.933, 
73.499), .Dim = c(11L, 40L), .Dimnames = list(NULL, c("Sampling", 
"PSO.cost", "PSO.gamma", "PSO.data.balancing", "PSO.feature.selection", 
"PSO.valid.acc", "PSO.test.acc", "PSO.train.time", "PSO.n.support.vectors", 
"PSO.index", "PSO.n.solutions", "PSO.generations", "PSO.n.evaluations", 
"PSO.cpu.time", "RS.cost", "RS.gamma", "RS.data.balancing", "RS.feature.selection", 
"RS.valid.acc", "RS.test.acc", "RS.train.time", "RS.n.support.vectors", 
"RS.index", "RS.n.solutions", "RS.generations", "RS.n.evaluations", 
"RS.cpu.time", "DF.cost", "DF.gamma", "DF.data.balancing", "DF.feature.selection", 
"DF.valid.acc", "DF.test.acc", "DF.train.time", "DF.n.support.vectors", 
"DF.index", "DF.n.solutions", "DF.generations", "DF.n.evaluations", 
"DF.cpu.time")))
