full <-
structure(c(50, 55, 60, 65, 70, 75, 80, 85, 90, 95, 100, 5.68541, 
5.54692, 10.92345, 11.81248, 6.85087, 5.73804, 3.40502, 10.10808, 
9.56693, 15, 5.36199, -9.04799, -8.49391, -6.60145, -6.6492, 
-9.93675, -6.89954, -6.22843, -7.85406, -6.52341, -7.17602, -6.10205, 
0, 0, 0, 0, 0, 0, 0, 0, 0, 0, 0, 0, 0, 0, 0, 0, 0, 0, 0, 0, 0, 
0, 0.79258, 0.8029, 0.80593, 0.82382, 0.82771, 0.84925, 0.8416, 
0.84874, 0.85803, 0.86225, 0.86727, 0.78492, 0.79799, 0.8068, 
0.81447, 0.82231, 0.83096, 0.84196, 0.84657, 0.85522, 0.86436, 
0.86936, 1.9844, 2.2735, 2.5761, 2.877, 3.4986, 4.9872, 4.2667, 
4.8488, 5.4743, 8.6197, 8.2481, 627.5, 690.6, 752.1, 811.4, 859.5, 
927.5, 985.3, 1038.5, 1103.3, 1152.4, 1212.5, 713, 1188, 144, 
144, 2135, 1289, 1881, 397, 370, 280, 1484, 473, 39, 1175, 1224, 
4, 63, 90, 100, 763, 990, 13, 100, 100, 100, 100, 100, 100, 100, 
100, 100, 100, 100, 2500, 2500, 2500, 2500, 2500, 2500, 2500, 
2500, 2500, 2500, 2500, 61121.905, 68028.449, 68509.306, 84412.787, 
104751.281, 134754.552, 123905.533, 172500.911, 161676.559, 208358.437, 
220535.252, 6.14758, 5.34355, 4.32489, 7.6313, 4.24747, 7.80084, 
11.37583, 14.81113, 6.38011, 11.79023, 5.27088, -9.74576, -8.25076, 
-6.91091, -6.69263, -7.14284, -6.89888, -6.2302, -7.8522, -6.52747, 
-7.03303, -6.14092, 0, 0, 0, 0, 0, 0, 0, 0, 0, 0, 0, 0, 0, 0, 
0, 0, 0, 0, 0, 0, 0, 0, 0.79132, 0.80282, 0.80596, 0.82382, 0.82679, 
0.84923, 0.84083, 0.84874, 0.85803, 0.86225, 0.86666, 0.78491, 
0.79922, 0.80887, 0.81251, 0.82577, 0.83094, 0.84354, 0.84657, 
0.85522, 0.86304, 0.87118, 2.0333, 2.6126, 2.5117, 3.3439, 3.6787, 
3.6304, 4.7939, 4.7292, 7.1442, 8.4474, 5.82, 626.8, 690.9, 752.7, 
811, 870.6, 927.4, 985.1, 1038.5, 1103.2, 1153.8, 1212.6, 454, 
1248, 778, 506, 1661, 651, 674, 1030, 232, 150, 347, 1, 1, 1, 
6, 1, 1, 1, 5, 1, 12, 1, 100, 100, 100, 100, 100, 100, 100, 100, 
100, 100, 100, 2500, 2500, 2500, 2500, 2500, 2500, 2500, 2500, 
2500, 2500, 2500, 62469.525, 74215.686, 81074.736, 95414.858, 
105085.087, 115769.861, 140398.246, 184464.982, 139760.776, 257928.652, 
163219.325, 1, 1, 1, 1, 1, 1, 1, 1, 1, 1, 1, 0.01562, 0.01562, 
0.01562, 0.01562, 0.01562, 0.01562, 0.01562, 0.01562, 0.01562, 
0.01562, 0.01562, 0, 0, 0, 0, 0, 0, 0, 0, 0, 0, 0, 0, 0, 0, 0, 
0, 0, 0, 0, 0, 0, 0, 0.69607, 0.72065, 0.74447, 0.75556, 0.77016, 
0.7935, 0.7916, 0.80931, 0.80513, 0.81167, 0.82828, 0.70503, 
0.7329, 0.7383, 0.75387, 0.77468, 0.78345, 0.7846, 0.80613, 0.80946, 
0.81183, 0.81747, 2.1716, 2.3992, 2.8793, 3.041, 3.3317, 4.0522, 
5.4693, 6.506, 5.5935, 9.0355, 5.2537, 634.7, 698.4, 758.8, 820.3, 
880.1, 939, 999.9, 1060.8, 1119.8, 1179.5, 1235.9, 1, 1, 1, 1, 
1, 1, 1, 1, 1, 1, 1, 1, 1, 1, 1, 1, 1, 1, 1, 1, 1, 1, 1, 1, 1, 
1, 1, 1, 1, 1, 1, 1, 1, 1, 1, 1, 1, 1, 1, 1, 1, 1, 1, 1, 25.896, 
28.161, 34.636, 35.402, 38.299, 46.307, 62.97, 74.185, 62.821, 
103.135, 59.937), .Dim = c(11L, 40L), .Dimnames = list(NULL, 
    c("Sampling", "PSO.cost", "PSO.gamma", "PSO.data.balancing", 
    "PSO.feature.selection", "PSO.valid.acc", "PSO.test.acc", 
    "PSO.train.time", "PSO.n.support.vectors", "PSO.index", "PSO.n.solutions", 
    "PSO.generations", "PSO.n.evaluations", "PSO.cpu.time", "RS.cost", 
    "RS.gamma", "RS.data.balancing", "RS.feature.selection", 
    "RS.valid.acc", "RS.test.acc", "RS.train.time", "RS.n.support.vectors", 
    "RS.index", "RS.n.solutions", "RS.generations", "RS.n.evaluations", 
    "RS.cpu.time", "DF.cost", "DF.gamma", "DF.data.balancing", 
    "DF.feature.selection", "DF.valid.acc", "DF.test.acc", "DF.train.time", 
    "DF.n.support.vectors", "DF.index", "DF.n.solutions", "DF.generations", 
    "DF.n.evaluations", "DF.cpu.time")))
