full <-
structure(c(50, 55, 60, 65, 70, 75, 80, 85, 90, 95, 100, 6.70921, 
7.8826, 8.77172, 3.92933, 3.80034, 5.32889, 3.82272, 5.36475, 
8.63286, 6.66394, 5.90874, -7.11946, -7.29923, -5.91764, -7.99911, 
-5.5804, -6.97676, -7.41698, -8.31279, -5.86863, -6.74923, -8.24959, 
0, 0, 0, 0, 0, 0, 0, 0, 0, 0, 0, 0, 0, 0, 0, 0, 0, 0, 0, 0, 0, 
0, 0.80364, 0.80135, 0.8239, 0.83751, 0.83145, 0.83469, 0.8533, 
0.86562, 0.85957, 0.86654, 0.86844, 0.7971, 0.79345, 0.82645, 
0.82382, 0.83005, 0.83473, 0.8425, 0.84475, 0.85473, 0.85679, 
0.8641, 2.2271, 2.4658, 2.7008, 2.8135, 3.4904, 4.3806, 3.8259, 
4.6575, 5.0858, 6.4012, 6.8864, 622.2, 683.7, 745.7, 803.5, 866.2, 
924.4, 982.2, 1034.4, 1104.8, 1154.7, 1197.9, 178, 118, 113, 
906, 71, 1963, 904, 1105, 247, 1077, 2357, 517, 627, 1105, 215, 
103, 3, 184, 23, 864, 196, 1, 100, 100, 100, 100, 100, 100, 100, 
100, 100, 100, 100, 2500, 2500, 2500, 2500, 2500, 2500, 2500, 
2500, 2500, 2500, 2500, 64705.514, 74849.491, 77501.953, 82596.852, 
96581.1340000001, 109299.351, 118497.087, 130040.249, 143418.189, 
172851.229, 189901.457, 8.26281, 11.45792, 7.01288, 4.67819, 
8.78466, 4.63063, 3.87369, 6.11835, 6.20821, 6.75223, 6.09537, 
-7.08536, -7.31552, -5.91139, -8.74836, -5.58574, -6.96782, -7.27957, 
-8.83737, -5.8816, -6.84762, -8.26876, 0, 0, 0, 0, 0, 0, 0, 0, 
0, 0, 0, 0, 0, 0, 0, 0, 0, 0, 0, 0, 0, 0, 0.80364, 0.80135, 0.8239, 
0.83467, 0.83145, 0.8339, 0.85097, 0.86343, 0.85957, 0.86591, 
0.8672, 0.79842, 0.79345, 0.82645, 0.8219, 0.83101, 0.83309, 
0.83851, 0.84554, 0.85473, 0.85745, 0.86345, 2.2192, 2.5519, 
2.6457, 2.6777, 3.5077, 4.321, 3.9542, 4.3622, 5.2657, 6.1523, 
6.3862, 622.3, 683.8, 745.9, 799.4, 866.2, 924.4, 983.3, 1030.6, 
1104.6, 1153.8, 1197.8, 1606, 104, 576, 1597, 857, 1945, 525, 
1115, 161, 326, 1237, 2, 2, 5, 1, 2, 1, 1, 1, 6, 1, 1, 100, 100, 
100, 100, 100, 100, 100, 100, 100, 100, 100, 2500, 2500, 2500, 
2500, 2500, 2500, 2500, 2500, 2500, 2500, 2500, 67634.106, 71963.153, 
77900.54, 84612.585, 98352.6360000001, 130334.394, 119660.381, 
139550.765, 157776.481, 184699.137, 189352.806, 1, 1, 1, 1, 1, 
1, 1, 1, 1, 1, 1, 0.01562, 0.01562, 0.01562, 0.01562, 0.01562, 
0.01562, 0.01562, 0.01562, 0.01562, 0.01562, 0.01562, 0, 0, 0, 
0, 0, 0, 0, 0, 0, 0, 0, 0, 0, 0, 0, 0, 0, 0, 0, 0, 0, 0, 0.6835, 
0.71834, 0.74567, 0.76371, 0.77336, 0.77715, 0.79568, 0.80535, 
0.80975, 0.81153, 0.81944, 0.69832, 0.7215, 0.74489, 0.76386, 
0.77803, 0.78529, 0.79641, 0.80611, 0.80477, 0.80671, 0.82081, 
2.3823, 2.3506, 2.7288, 3.0124, 3.3973, 4.6664, 4.194, 4.4555, 
5.9774, 6.4963, 6.5538, 630.6, 693, 755.1, 818.6, 877.2, 938.9, 
999.9, 1058.1, 1119.6, 1176.5, 1236.3, 1, 1, 1, 1, 1, 1, 1, 1, 
1, 1, 1, 1, 1, 1, 1, 1, 1, 1, 1, 1, 1, 1, 1, 1, 1, 1, 1, 1, 1, 
1, 1, 1, 1, 1, 1, 1, 1, 1, 1, 1, 1, 1, 1, 1, 28.023, 27.617, 
31.759, 34.757, 38.993, 53.712, 47.466, 50.236, 67.463, 73.123, 
73.835), .Dim = c(11L, 40L), .Dimnames = list(NULL, c("Sampling", 
"PSO.cost", "PSO.gamma", "PSO.data.balancing", "PSO.feature.selection", 
"PSO.valid.acc", "PSO.test.acc", "PSO.train.time", "PSO.n.support.vectors", 
"PSO.index", "PSO.n.solutions", "PSO.generations", "PSO.n.evaluations", 
"PSO.cpu.time", "RS.cost", "RS.gamma", "RS.data.balancing", "RS.feature.selection", 
"RS.valid.acc", "RS.test.acc", "RS.train.time", "RS.n.support.vectors", 
"RS.index", "RS.n.solutions", "RS.generations", "RS.n.evaluations", 
"RS.cpu.time", "DF.cost", "DF.gamma", "DF.data.balancing", "DF.feature.selection", 
"DF.valid.acc", "DF.test.acc", "DF.train.time", "DF.n.support.vectors", 
"DF.index", "DF.n.solutions", "DF.generations", "DF.n.evaluations", 
"DF.cpu.time")))
