full <-
structure(c(50, 55, 60, 65, 70, 75, 80, 85, 90, 95, 100, 12.82878, 
4.80086, 3.86643, 10.41897, 3.90946, 5.35503, 9.65162, 7.27399, 
8.17589, 4.09632, 7.54468, -15, -8.65828, -6.67041, -5.26977, 
-7.60965, -8.79319, -6.34526, -7.03665, -6.49871, -6.39202, -7.12722, 
0, 0, 0, 0, 0, 0, 0, 0, 0, 0, 0, 0, 0, 0, 0, 0, 0, 0, 0, 0, 0, 
0, 0.80617, 0.82274, 0.82234, 0.82298, 0.83847, 0.84254, 0.8522, 
0.85053, 0.86391, 0.86411, 0.86723, 0.79476, 0.80794, 0.81348, 
0.82507, 0.83226, 0.8242, 0.84428, 0.84487, 0.86739, 0.85883, 
0.86691, 2.3201, 1.5295, 2.5563, 3.1743, 3.1221, 3.4231, 4.126, 
2.8287, 5.4089, 5.7791, 6.5204, 618.5, 684.3, 748.7, 815.5, 865.6, 
920.2, 985.2, 1036, 1099.2, 1156.9, 1206.3, 257, 595, 358, 359, 
1400, 488, 793, 772, 454, 1535, 2228, 758, 37, 182, 564, 53, 
117, 65, 135, 1075, 41, 3, 100, 100, 100, 100, 100, 100, 100, 
100, 100, 100, 100, 2500, 2500, 2500, 2500, 2500, 2500, 2500, 
2500, 2500, 2500, 2500, 67224.716, 62221.418, 71356.477, 80129.562, 
93623.8539999999, 106543.623, 122610.307, 123585.007, 146919.129, 
165507.325, 204606.94, 6.48384, 3.60681, 4.02343, 6.55703, 4.13444, 
4.31117, 12.90367, 13.69492, 10.8553, 5.44334, 6.01102, -8.55384, 
-8.12027, -7.54841, -5.33334, -6.30788, -7.71285, -6.36049, -7.02765, 
-6.49405, -6.2498, -7.027, 0, 0, 0, 0, 0, 0, 0, 0, 0, 0, 0, 0, 
0, 0, 0, 0, 0, 0, 0, 0, 0, 0, 0.80589, 0.82161, 0.82026, 0.82291, 
0.83667, 0.84088, 0.85141, 0.84979, 0.86391, 0.86408, 0.86599, 
0.8001, 0.80572, 0.81563, 0.82701, 0.83691, 0.82589, 0.84507, 
0.84487, 0.86739, 0.85822, 0.87005, 2.0051, 2.2272, 2.4581, 2.8873, 
3.2318, 3.5316, 4.2022, 2.7022, 6.4369, 3.4944, 5.9279, 624.3, 
686.9, 744.8, 815.1, 871.6, 926.4, 985, 1036.1, 1099.3, 1158.4, 
1207.2, 355, 1302, 1274, 1815, 1616, 159, 985, 426, 2058, 1322, 
1948, 2, 1, 1, 2, 1, 1, 1, 3, 2, 1, 1, 100, 100, 100, 100, 100, 
100, 100, 100, 100, 100, 100, 2500, 2500, 2500, 2500, 2500, 2500, 
2500, 2500, 2500, 2500, 2500, 67040.155, 66281.821, 74775.502, 
84747.189, 105617.489, 109716.709, 126970.46, 133547.861, 186069.497, 
181989.13, 186076.709, 1, 1, 1, 1, 1, 1, 1, 1, 1, 1, 1, 0.01562, 
0.01562, 0.01562, 0.01562, 0.01562, 0.01562, 0.01562, 0.01562, 
0.01562, 0.01562, 0.01562, 0, 0, 0, 0, 0, 0, 0, 0, 0, 0, 0, 0, 
0, 0, 0, 0, 0, 0, 0, 0, 0, 0, 0.70802, 0.73677, 0.7563, 0.77567, 
0.79471, 0.79184, 0.79262, 0.79387, 0.80782, 0.8181, 0.82009, 
0.71232, 0.74496, 0.75933, 0.77595, 0.7846, 0.77933, 0.79599, 
0.79124, 0.81679, 0.82075, 0.82957, 2.1098, 2.4161, 2.8134, 2.8946, 
4.6452, 4.4651, 5.0577, 5.1147, 6.8234, 8.2709, 8.5144, 634.7, 
697, 758.6, 821.6, 882.2, 943.6, 1000.8, 1059.5, 1120.1, 1177.8, 
1235.6, 1, 1, 1, 1, 1, 1, 1, 1, 1, 1, 1, 1, 1, 1, 1, 1, 1, 1, 
1, 1, 1, 1, 1, 1, 1, 1, 1, 1, 1, 1, 1, 1, 1, 1, 1, 1, 1, 1, 1, 
1, 1, 1, 1, 1, 25.066, 28.437, 32.95, 33.869, 53.18, 52.353, 
58.269, 57.895, 78.567, 94.509, 96.617), .Dim = c(11L, 40L), .Dimnames = list(
    NULL, c("Sampling", "PSO.cost", "PSO.gamma", "PSO.data.balancing", 
    "PSO.feature.selection", "PSO.valid.acc", "PSO.test.acc", 
    "PSO.train.time", "PSO.n.support.vectors", "PSO.index", "PSO.n.solutions", 
    "PSO.generations", "PSO.n.evaluations", "PSO.cpu.time", "RS.cost", 
    "RS.gamma", "RS.data.balancing", "RS.feature.selection", 
    "RS.valid.acc", "RS.test.acc", "RS.train.time", "RS.n.support.vectors", 
    "RS.index", "RS.n.solutions", "RS.generations", "RS.n.evaluations", 
    "RS.cpu.time", "DF.cost", "DF.gamma", "DF.data.balancing", 
    "DF.feature.selection", "DF.valid.acc", "DF.test.acc", "DF.train.time", 
    "DF.n.support.vectors", "DF.index", "DF.n.solutions", "DF.generations", 
    "DF.n.evaluations", "DF.cpu.time")))
