full <-
structure(c(50, 55, 60, 65, 70, 75, 80, 85, 90, 95, 100, 11.01925, 
14.57983, 11.53006, 11.6014, 11.57375, 12.75312, 7.12674, 7.71684, 
6.08864, 9.24789, 7.59349, -6.0731, -5.14703, -8.62445, -7.21102, 
-6.29447, -6.69174, -6.92957, -7.31365, -6.94063, -6.65743, -7.60142, 
0, 0, 0, 0, 0, 0, 0, 0, 0, 0, 0, 0, 0, 0, 0, 0, 0, 0, 0, 0, 0, 
0, 0.79163, 0.79222, 0.81651, 0.82659, 0.83762, 0.84516, 0.84044, 
0.86156, 0.86579, 0.86123, 0.87267, 0.77702, 0.77503, 0.80446, 
0.83218, 0.83586, 0.84431, 0.82763, 0.84706, 0.85822, 0.8605, 
0.86361, 2.0471, 2.3192, 2.5908, 2.6423, 3.1446, 3.3946, 3.4767, 
3.9711, 4.7466, 4.7342, 5.6088, 627.6, 690.2, 736, 799.8, 864.6, 
920.1, 978.3, 1035.2, 1094, 1153.1, 1205.3, 133, 103, 68, 121, 
91, 523, 222, 49, 296, 748, 920, 945, 66, 969, 62, 688, 497, 
67, 1248, 602, 68, 411, 100, 100, 100, 100, 100, 100, 100, 100, 
100, 100, 100, 2500, 2500, 2500, 2500, 2500, 2500, 2500, 2500, 
2500, 2500, 2500, 62336.078, 70351.413, 73622.724, 86637.527, 
89801.2389999999, 95348.648, 100374.251, 112039.667, 131602.524, 
137114.481, 149642.672, 6.89199, 3.93745, 9.89237, 14.25612, 
13.56634, 13.66534, 6.82992, 13.39668, 5.17519, 14.19425, 7.42648, 
-6.08247, -5.14486, -8.64912, -6.28274, -6.29328, -6.95055, -6.91996, 
-7.30668, -6.93819, -6.65485, -7.78862, 0, 0, 0, 0, 0, 0, 0, 
0, 0, 0, 0, 0, 0, 0, 0, 0, 0, 0, 0, 0, 0, 0, 0.79163, 0.79337, 
0.81651, 0.82643, 0.83762, 0.84503, 0.8397, 0.86156, 0.86435, 
0.86123, 0.87267, 0.77702, 0.77503, 0.80446, 0.82821, 0.83586, 
0.8435, 0.82763, 0.8478, 0.85607, 0.8605, 0.8618, 2.2119, 2.3624, 
2.5348, 2.9497, 3.0266, 3.0951, 3.54, 3.9207, 4.52, 4.9509, 4.9746, 
627.6, 690.3, 735.9, 804.3, 864.7, 919, 978.1, 1035.3, 1094.1, 
1153.2, 1202.9, 225, 1012, 276, 787, 172, 1062, 313, 490, 1135, 
2293, 1831, 1, 1, 7, 9, 2, 7, 1, 23, 1, 1, 1, 100, 100, 100, 
100, 100, 100, 100, 100, 100, 100, 100, 2500, 2500, 2500, 2500, 
2500, 2500, 2500, 2500, 2500, 2500, 2500, 65170.848, 71099.141, 
74428.955, 85890.376, 90847.0109999999, 96142.4820000001, 108537.119, 
128397.422, 138572.759, 143843.934, 160789.92, 1, 1, 1, 1, 1, 
1, 1, 1, 1, 1, 1, 0.01562, 0.01562, 0.01562, 0.01562, 0.01562, 
0.01562, 0.01562, 0.01562, 0.01562, 0.01562, 0.01562, 0, 0, 0, 
0, 0, 0, 0, 0, 0, 0, 0, 0, 0, 0, 0, 0, 0, 0, 0, 0, 0, 0, 0.6984, 
0.73167, 0.74819, 0.76972, 0.78513, 0.78612, 0.79644, 0.81145, 
0.81457, 0.81087, 0.82218, 0.69685, 0.71906, 0.75558, 0.77713, 
0.79211, 0.79847, 0.80073, 0.81218, 0.80944, 0.81467, 0.8178, 
1.9703, 2.4849, 2.5386, 2.7995, 3.1814, 3.3883, 3.8162, 4.2503, 
4.9743, 5.2022, 5.7687, 631.7, 694.7, 754.1, 814.6, 874.9, 932.4, 
994.8, 1055.2, 1117.7, 1176.5, 1237.2, 1, 1, 1, 1, 1, 1, 1, 1, 
1, 1, 1, 1, 1, 1, 1, 1, 1, 1, 1, 1, 1, 1, 1, 1, 1, 1, 1, 1, 1, 
1, 1, 1, 1, 1, 1, 1, 1, 1, 1, 1, 1, 1, 1, 1, 23.554, 29.222, 
29.877, 32.498, 36.785, 38.866, 43.209, 48.504, 56.22, 59.003, 
64.79), .Dim = c(11L, 40L), .Dimnames = list(NULL, c("Sampling", 
"PSO.cost", "PSO.gamma", "PSO.data.balancing", "PSO.feature.selection", 
"PSO.valid.acc", "PSO.test.acc", "PSO.train.time", "PSO.n.support.vectors", 
"PSO.index", "PSO.n.solutions", "PSO.generations", "PSO.n.evaluations", 
"PSO.cpu.time", "RS.cost", "RS.gamma", "RS.data.balancing", "RS.feature.selection", 
"RS.valid.acc", "RS.test.acc", "RS.train.time", "RS.n.support.vectors", 
"RS.index", "RS.n.solutions", "RS.generations", "RS.n.evaluations", 
"RS.cpu.time", "DF.cost", "DF.gamma", "DF.data.balancing", "DF.feature.selection", 
"DF.valid.acc", "DF.test.acc", "DF.train.time", "DF.n.support.vectors", 
"DF.index", "DF.n.solutions", "DF.generations", "DF.n.evaluations", 
"DF.cpu.time")))
