full <-
structure(c(50, 55, 60, 65, 70, 75, 80, 85, 90, 95, 100, 6.0363, 
6.45873, 8.17696, 6.79344, 3.41391, 5.59901, 8.58555, 6.60958, 
6.93892, 9.15913, 7.17202, -9.56236, -8.10864, -11.75772, -7.51293, 
-6.80807, -8.98427, -8.84211, -7.40106, -7.392, -6.37955, -7.95838, 
0, 0, 0, 0, 0, 0, 0, 0, 0, 0, 0, 0, 0, 0, 0, 0, 0, 0, 0, 0, 0, 
0, 0.79105, 0.80208, 0.83048, 0.82553, 0.84143, 0.84141, 0.85698, 
0.8609, 0.88133, 0.86953, 0.87098, 0.77306, 0.78936, 0.82097, 
0.83241, 0.8393, 0.83594, 0.85535, 0.86229, 0.86745, 0.87007, 
0.86476, 1.979, 2.314, 1.5029, 3.1244, 3.5078, 4.7469, 3.8002, 
4.5987, 3.5169, 5.843, 6.4098, 618.7, 683.4, 735.9, 805.2, 868.2, 
913.9, 971.2, 1037.8, 1094.9, 1159.5, 1201.6, 2294, 1270, 196, 
96, 889, 1239, 116, 446, 914, 104, 1114, 5, 29, 187, 1008, 357, 
21, 393, 810, 367, 1025, 227, 100, 100, 100, 100, 100, 100, 100, 
100, 100, 100, 100, 2500, 2500, 2500, 2500, 2500, 2500, 2500, 
2500, 2500, 2500, 2500, 62455.764, 63730.879, 60779.288, 92765.089, 
100629.077, 116147.821, 134884.045, 134763.347, 168944.262, 192071.497, 
191708.782, 5.9631, 5.71742, 7.36123, 6.93486, 3.21757, 14.27808, 
8.41921, 6.35481, 5.20115, 7.50106, 6.08016, -8.47425, -8.29242, 
-10.9347, -7.57115, -6.53195, -6.86738, -8.8518, -7.23138, -7.41018, 
-6.40687, -8.41334, 0, 0, 0, 0, 0, 0, 0, 0, 0, 0, 0, 0, 0, 0, 
0, 0, 0, 0, 0, 0, 0, 0, 0.78872, 0.80207, 0.83048, 0.82553, 0.83963, 
0.84123, 0.8562, 0.8603, 0.87999, 0.86953, 0.87034, 0.7769, 0.78824, 
0.82183, 0.83344, 0.83578, 0.83903, 0.85535, 0.86523, 0.86679, 
0.86878, 0.86105, 2.0609, 2.2711, 2.4985, 3.2228, 3.274, 3.7667, 
4.6289, 6.3388, 5.0531, 5.9239, 6.6582, 621.5, 682.5, 736.6, 
804.8, 869, 926.9, 971.2, 1039.3, 1094.7, 1158.9, 1196.8, 250, 
372, 1441, 519, 771, 658, 1308, 495, 135, 683, 2353, 14, 2, 5, 
7, 1, 5, 1, 2, 1, 7, 1, 100, 100, 100, 100, 100, 100, 100, 100, 
100, 100, 100, 2500, 2500, 2500, 2500, 2500, 2500, 2500, 2500, 
2500, 2500, 2500, 51936.101, 63678.739, 76416.658, 87407.83, 
103078.663, 102337.992, 126967.103, 169026.617, 165923.91, 185570.29, 
210755.917, 1, 1, 1, 1, 1, 1, 1, 1, 1, 1, 1, 0.01562, 0.01562, 
0.01562, 0.01562, 0.01562, 0.01562, 0.01562, 0.01562, 0.01562, 
0.01562, 0.01562, 0, 0, 0, 0, 0, 0, 0, 0, 0, 0, 0, 0, 0, 0, 0, 
0, 0, 0, 0, 0, 0, 0, 0.68512, 0.71675, 0.75174, 0.76886, 0.76174, 
0.78454, 0.79486, 0.79694, 0.8095, 0.82112, 0.81661, 0.69191, 
0.70619, 0.74704, 0.78237, 0.75724, 0.78654, 0.79902, 0.81238, 
0.81489, 0.81581, 0.82352, 2.144, 1.491, 2.9499, 3.6098, 1.9902, 
3.7562, 4.3397, 6.622, 7.4008, 6.1808, 7.0369, 633.6, 696.4, 
754.7, 818.3, 880.6, 942.2, 1001, 1061.2, 1121.3, 1182, 1236.3, 
1, 1, 1, 1, 1, 1, 1, 1, 1, 1, 1, 1, 1, 1, 1, 1, 1, 1, 1, 1, 1, 
1, 1, 1, 1, 1, 1, 1, 1, 1, 1, 1, 1, 1, 1, 1, 1, 1, 1, 1, 1, 1, 
1, 1, 25.815, 18.011, 35.386, 43.164, 23.552, 43.153, 49.295, 
75.491, 83.552, 69.939, 78.679), .Dim = c(11L, 40L), .Dimnames = list(
    NULL, c("Sampling", "PSO.cost", "PSO.gamma", "PSO.data.balancing", 
    "PSO.feature.selection", "PSO.valid.acc", "PSO.test.acc", 
    "PSO.train.time", "PSO.n.support.vectors", "PSO.index", "PSO.n.solutions", 
    "PSO.generations", "PSO.n.evaluations", "PSO.cpu.time", "RS.cost", 
    "RS.gamma", "RS.data.balancing", "RS.feature.selection", 
    "RS.valid.acc", "RS.test.acc", "RS.train.time", "RS.n.support.vectors", 
    "RS.index", "RS.n.solutions", "RS.generations", "RS.n.evaluations", 
    "RS.cpu.time", "DF.cost", "DF.gamma", "DF.data.balancing", 
    "DF.feature.selection", "DF.valid.acc", "DF.test.acc", "DF.train.time", 
    "DF.n.support.vectors", "DF.index", "DF.n.solutions", "DF.generations", 
    "DF.n.evaluations", "DF.cpu.time")))
