full <-
structure(c(50, 55, 60, 65, 70, 75, 80, 85, 90, 95, 100, 15, 
8.52682, 6.52919, 4.79288, 6.28102, 6.0447, 6.18402, 7.96397, 
7.37645, 12.0623, 5.12584, -6.44982, -6.05956, -6.74998, -6.63623, 
-6.52776, -6.36698, -6.52833, -8.49524, -6.4308, -8.32607, -6.09976, 
0, 0, 0, 0, 0, 0, 0, 0, 0, 0, 0, 0, 0, 0, 0, 0, 0, 0, 0, 0, 0, 
0, 0.81281, 0.83098, 0.83914, 0.85061, 0.85307, 0.86074, 0.86448, 
0.85494, 0.86383, 0.86139, 0.87425, 0.82798, 0.83634, 0.82465, 
0.83574, 0.85074, 0.85212, 0.8565, 0.85776, 0.8568, 0.85006, 
0.86354, 2.2254, 2.5917, 2.8586, 4.3504, 4.7122, 4.909, 4.932, 
5.4605, 6.8208, 7.0572, 6.9093, 631.2, 694.3, 754, 812.1, 873.5, 
931.4, 988.8, 1031.1, 1099.5, 1139.7, 1214, 406, 254, 435, 475, 
1360, 668, 434, 237, 128, 833, 1066, 748, 77, 653, 597, 46, 263, 
718, 145, 660, 9, 80, 100, 100, 100, 100, 100, 100, 100, 100, 
100, 100, 100, 2500, 2500, 2500, 2500, 2500, 2500, 2500, 2500, 
2500, 2500, 2500, 63057.592, 74851.374, 81357.156, 129889.303, 
135529.547, 130200.729, 147261.452, 163464.398, 187478.27, 191101.769, 
195964.209, 9.9367, 12.88786, 7.43558, 5.00679, 5.1956, 6.25716, 
9.69228, 7.41496, 14.31821, 8.67172, 5.16844, -6.44966, -6.0587, 
-6.76707, -6.62707, -5.77145, -6.30492, -6.51803, -8.55111, -6.44393, 
-8.27558, -6.10789, 0, 0, 0, 0, 0, 0, 0, 0, 0, 0, 0, 0, 0, 0, 
0, 0, 0, 0, 0, 0, 0, 0, 0.81281, 0.83098, 0.83814, 0.85061, 0.85223, 
0.8599, 0.86371, 0.85423, 0.86383, 0.86075, 0.87363, 0.82798, 
0.83518, 0.8257, 0.83574, 0.85176, 0.85212, 0.85494, 0.85698, 
0.85614, 0.85275, 0.86354, 2.0212, 2.6071, 2.6735, 4.8614, 3.7342, 
4.6903, 5.4703, 5.6218, 6.275, 6.0037, 7.339, 631.2, 694.3, 754, 
811.9, 873, 931.8, 988.8, 1031, 1099.6, 1140.3, 1214.2, 1073, 
759, 697, 481, 331, 36, 35, 343, 737, 327, 797, 7, 1, 2, 1, 2, 
4, 5, 1, 7, 1, 1, 100, 100, 100, 100, 100, 100, 100, 100, 100, 
100, 100, 2500, 2500, 2500, 2500, 2500, 2500, 2500, 2500, 2500, 
2500, 2500, 61365.575, 77097.498, 89781.878, 140644.928, 104774.02, 
138694.16, 157629.403, 177547.459, 185256.022, 185655.847, 210148.133, 
1, 1, 1, 1, 1, 1, 1, 1, 1, 1, 1, 0.01562, 0.01562, 0.01562, 0.01562, 
0.01562, 0.01562, 0.01562, 0.01562, 0.01562, 0.01562, 0.01562, 
0, 0, 0, 0, 0, 0, 0, 0, 0, 0, 0, 0, 0, 0, 0, 0, 0, 0, 0, 0, 0, 
0, 0.70702, 0.74931, 0.7645, 0.76228, 0.79214, 0.80065, 0.81837, 
0.81358, 0.81799, 0.80988, 0.81945, 0.71946, 0.75073, 0.75024, 
0.75857, 0.79438, 0.80076, 0.81314, 0.80914, 0.82261, 0.8111, 
0.81872, 2.1071, 2.6565, 3.6706, 4.6691, 3.5192, 4.6764, 5.5187, 
6.5744, 6.3839, 6.7069, 7.6647, 633.7, 697.5, 759.7, 819.9, 882.1, 
942.1, 1001.9, 1063.7, 1120.8, 1176.7, 1238.1, 1, 1, 1, 1, 1, 
1, 1, 1, 1, 1, 1, 1, 1, 1, 1, 1, 1, 1, 1, 1, 1, 1, 1, 1, 1, 1, 
1, 1, 1, 1, 1, 1, 1, 1, 1, 1, 1, 1, 1, 1, 1, 1, 1, 1, 25.162, 
31.17, 43.564, 54.916, 40.384, 53.943, 63.361, 74.645, 72.748, 
76.02, 86.903), .Dim = c(11L, 40L), .Dimnames = list(NULL, c("Sampling", 
"PSO.cost", "PSO.gamma", "PSO.data.balancing", "PSO.feature.selection", 
"PSO.valid.acc", "PSO.test.acc", "PSO.train.time", "PSO.n.support.vectors", 
"PSO.index", "PSO.n.solutions", "PSO.generations", "PSO.n.evaluations", 
"PSO.cpu.time", "RS.cost", "RS.gamma", "RS.data.balancing", "RS.feature.selection", 
"RS.valid.acc", "RS.test.acc", "RS.train.time", "RS.n.support.vectors", 
"RS.index", "RS.n.solutions", "RS.generations", "RS.n.evaluations", 
"RS.cpu.time", "DF.cost", "DF.gamma", "DF.data.balancing", "DF.feature.selection", 
"DF.valid.acc", "DF.test.acc", "DF.train.time", "DF.n.support.vectors", 
"DF.index", "DF.n.solutions", "DF.generations", "DF.n.evaluations", 
"DF.cpu.time")))
