full <-
structure(c(50, 55, 60, 65, 70, 75, 80, 85, 90, 95, 100, 13.74311, 
5.12462, 9.3746, 8.91931, 7.78222, 6.62598, 6.9662, 4.33628, 
6.89893, 10.5801, 8.71831, -6.10483, -5.8438, -9.91019, -9.20639, 
-8.71949, -5.54386, -7.49923, -6.06513, -7.15198, -6.45058, -6.32077, 
0, 0, 0, 0, 0, 0, 0, 0, 0, 0, 0, 0, 0, 0, 0, 0, 0, 0, 0, 0, 0, 
0, 0.80884, 0.81547, 0.81633, 0.82314, 0.82632, 0.84333, 0.85192, 
0.86163, 0.86358, 0.87339, 0.8766, 0.80282, 0.80933, 0.80032, 
0.81495, 0.81779, 0.83579, 0.83942, 0.85552, 0.8637, 0.86632, 
0.87024, 2.1923, 2.4023, 2.6232, 2.8314, 3.0489, 2.3772, 2.5971, 
5.5481, 5.2065, 5.8636, 6.479, 629.1, 690.8, 739.5, 798, 858.8, 
930.8, 979.4, 1048.7, 1098, 1160.1, 1212, 123, 1342, 176, 838, 
99, 32, 795, 87, 982, 80, 534, 331, 65, 1047, 611, 973, 845, 
500, 183, 181, 967, 741, 100, 100, 100, 100, 100, 100, 100, 100, 
100, 100, 100, 2500, 2500, 2500, 2500, 2500, 2500, 2500, 2500, 
2500, 2500, 2500, 71808.807, 71928.313, 79002.597, 76384.399, 
95709.1749999999, 101810.07, 107745.838, 145167.857, 156551.976, 
183537.891, 182347.385, 8.80609, 4.8891, 8.27895, 8.01657, 3.07731, 
8.89541, 12.13377, 10.77981, 7.09895, 14.64979, 6.64397, -6.10375, 
-5.86134, -10.0259, -9.18385, -5.93826, -5.53341, -7.50341, -6.79144, 
-7.14993, -6.41963, -6.31788, 0, 0, 0, 0, 0, 0, 0, 0, 0, 0, 0, 
0, 0, 0, 0, 0, 0, 0, 0, 0, 0, 0, 0.80884, 0.81547, 0.81633, 0.82217, 
0.82559, 0.84333, 0.85109, 0.861, 0.86358, 0.87339, 0.8766, 0.80282, 
0.80812, 0.79926, 0.81495, 0.82273, 0.83579, 0.8386, 0.86066, 
0.86307, 0.86632, 0.87024, 2.2802, 2.4944, 2.5715, 2.7239, 3.6637, 
3.6073, 4.2668, 4.9918, 6.0307, 6.9029, 6.0165, 629.1, 690.7, 
739, 797.9, 869.9, 930.9, 979.8, 1043, 1098.2, 1160.3, 1212.1, 
1223, 2230, 250, 557, 692, 955, 1722, 328, 1559, 1054, 1304, 
2, 1, 4, 1, 1, 2, 1, 4, 2, 3, 1, 100, 100, 100, 100, 100, 100, 
100, 100, 100, 100, 100, 2500, 2500, 2500, 2500, 2500, 2500, 
2500, 2500, 2500, 2500, 2500, 69046.18, 76187.315, 77862.021, 
86986.069, 100670.644, 116268.878, 123838.508, 143419.896, 176368.566, 
208247.901, 177267.87, 1, 1, 1, 1, 1, 1, 1, 1, 1, 1, 1, 0.01562, 
0.01562, 0.01562, 0.01562, 0.01562, 0.01562, 0.01562, 0.01562, 
0.01562, 0.01562, 0.01562, 0, 0, 0, 0, 0, 0, 0, 0, 0, 0, 0, 0, 
0, 0, 0, 0, 0, 0, 0, 0, 0, 0, 0.70944, 0.72973, 0.74949, 0.75057, 
0.77179, 0.77254, 0.79895, 0.80357, 0.81208, 0.81333, 0.8251, 
0.712, 0.72514, 0.74505, 0.76112, 0.76833, 0.78092, 0.78276, 
0.80206, 0.8102, 0.81737, 0.82508, 2.1079, 2.5417, 2.7832, 3.0542, 
3.1264, 4.5757, 2.5448, 2.6853, 5.5183, 3.9585, 3.3945, 635.4, 
697, 758.4, 819.9, 878.7, 941.2, 999.1, 1061.6, 1119.1, 1181, 
1236.6, 1, 1, 1, 1, 1, 1, 1, 1, 1, 1, 1, 1, 1, 1, 1, 1, 1, 1, 
1, 1, 1, 1, 1, 1, 1, 1, 1, 1, 1, 1, 1, 1, 1, 1, 1, 1, 1, 1, 1, 
1, 1, 1, 1, 1, 25.203, 30.776, 33.688, 35.547, 36.154, 54.145, 
30.515, 31.143, 62.152, 45.072, 39.99), .Dim = c(11L, 40L), .Dimnames = list(
    NULL, c("Sampling", "PSO.cost", "PSO.gamma", "PSO.data.balancing", 
    "PSO.feature.selection", "PSO.valid.acc", "PSO.test.acc", 
    "PSO.train.time", "PSO.n.support.vectors", "PSO.index", "PSO.n.solutions", 
    "PSO.generations", "PSO.n.evaluations", "PSO.cpu.time", "RS.cost", 
    "RS.gamma", "RS.data.balancing", "RS.feature.selection", 
    "RS.valid.acc", "RS.test.acc", "RS.train.time", "RS.n.support.vectors", 
    "RS.index", "RS.n.solutions", "RS.generations", "RS.n.evaluations", 
    "RS.cpu.time", "DF.cost", "DF.gamma", "DF.data.balancing", 
    "DF.feature.selection", "DF.valid.acc", "DF.test.acc", "DF.train.time", 
    "DF.n.support.vectors", "DF.index", "DF.n.solutions", "DF.generations", 
    "DF.n.evaluations", "DF.cpu.time")))
