full <-
structure(c(50, 55, 60, 65, 70, 75, 80, 85, 90, 95, 100, 12.78821, 
7.22733, 3.83256, 7.25997, 12.90641, 14.0086, 5.13659, 5.39871, 
4.36092, 8.9837, 8.12448, -8.063, -8.09373, -6.06023, -5.99477, 
-6.13699, -6.01845, -6.02551, -6.73259, -5.73111, -9.04998, -6.91113, 
0, 0, 0, 0, 0, 0, 0, 0, 0, 0, 0, 0, 0, 0, 0, 0, 0, 0, 0, 0, 0, 
0, 0.80887, 0.79978, 0.81912, 0.82418, 0.83266, 0.84326, 0.85874, 
0.84692, 0.86304, 0.86563, 0.87272, 0.79578, 0.79183, 0.819, 
0.81941, 0.82815, 0.83828, 0.84628, 0.85108, 0.85719, 0.85275, 
0.86516, 2.2907, 2.8601, 3.1968, 3.4802, 4.1092, 4.2788, 4.4839, 
4.3848, 5.1076, 4.97, 5.377, 625.5, 682.9, 750.9, 809.6, 869.4, 
930.5, 986.6, 1039.2, 1101.3, 1135.8, 1210.1, 112, 445, 851, 
99, 561, 19, 416, 584, 953, 928, 245, 1199, 720, 513, 344, 18, 
1239, 716, 706, 84, 19, 608, 100, 100, 100, 100, 100, 100, 100, 
100, 100, 100, 100, 2500, 2500, 2500, 2500, 2500, 2500, 2500, 
2500, 2500, 2500, 2500, 67857.992, 84167.475, 93823.878, 102516.971, 
116777.944, 121505.207, 126367.906, 124711.463, 140671.839, 145594.501, 
149851.058, 14.55032, 7.6056, 4.47148, 13.39841, 7.68311, 5.69824, 
4.96668, 5.07154, 3.49248, 10.08143, 7.70348, -8.10326, -8.1744, 
-6.02795, -6.08425, -6.20874, -6.03799, -6.05567, -6.64711, -5.74149, 
-6.61763, -6.90931, 0, 0, 0, 0, 0, 0, 0, 0, 0, 0, 0, 0, 0, 0, 
0, 0, 0, 0, 0, 0, 0, 0, 0.80887, 0.79978, 0.81912, 0.82415, 0.83258, 
0.84326, 0.85721, 0.8462, 0.86233, 0.86498, 0.87272, 0.79828, 
0.79067, 0.81906, 0.82036, 0.82907, 0.83907, 0.84711, 0.84889, 
0.85581, 0.85386, 0.86516, 2.368, 2.746, 3.3066, 3.6095, 4.0318, 
4.1434, 4.434, 4.6382, 4.9323, 5.327, 5.2335, 625.4, 681.7, 750.8, 
810.1, 869.7, 930.4, 986.3, 1040.6, 1101.2, 1154.6, 1210.2, 968, 
831, 1353, 127, 390, 1016, 1447, 1590, 583, 704, 2160, 8, 3, 
1, 4, 2, 5, 1, 1, 1, 2, 1, 100, 100, 100, 100, 100, 100, 100, 
100, 100, 100, 100, 2500, 2500, 2500, 2500, 2500, 2500, 2500, 
2500, 2500, 2500, 2500, 72802.226, 85967.061, 94254.353, 104506.275, 
115219.684, 120303.347, 129837.12, 131282.865, 144794.59, 153940.023, 
158661.442, 1, 1, 1, 1, 1, 1, 1, 1, 1, 1, 1, 0.01562, 0.01562, 
0.01562, 0.01562, 0.01562, 0.01562, 0.01562, 0.01562, 0.01562, 
0.01562, 0.01562, 0, 0, 0, 0, 0, 0, 0, 0, 0, 0, 0, 0, 0, 0, 0, 
0, 0, 0, 0, 0, 0, 0, 0.71374, 0.73605, 0.76047, 0.77219, 0.7835, 
0.78845, 0.80179, 0.79776, 0.80786, 0.81186, 0.82262, 0.70778, 
0.73049, 0.76144, 0.77449, 0.77728, 0.78659, 0.79923, 0.80098, 
0.80763, 0.80461, 0.82641, 2.5988, 2.9946, 3.0589, 3.7947, 4.0096, 
4.1885, 4.5695, 4.6937, 5.2485, 5.1097, 5.6928, 633.9, 695.1, 
756.8, 818.2, 879.4, 942, 1001, 1062.1, 1121.5, 1179.7, 1235.5, 
1, 1, 1, 1, 1, 1, 1, 1, 1, 1, 1, 1, 1, 1, 1, 1, 1, 1, 1, 1, 1, 
1, 1, 1, 1, 1, 1, 1, 1, 1, 1, 1, 1, 1, 1, 1, 1, 1, 1, 1, 1, 1, 
1, 1, 31.003, 35.268, 35.763, 44.195, 46.184, 48.153, 52.195, 
52.66, 58.692, 57.278, 63.609), .Dim = c(11L, 40L), .Dimnames = list(
    NULL, c("Sampling", "PSO.cost", "PSO.gamma", "PSO.data.balancing", 
    "PSO.feature.selection", "PSO.valid.acc", "PSO.test.acc", 
    "PSO.train.time", "PSO.n.support.vectors", "PSO.index", "PSO.n.solutions", 
    "PSO.generations", "PSO.n.evaluations", "PSO.cpu.time", "RS.cost", 
    "RS.gamma", "RS.data.balancing", "RS.feature.selection", 
    "RS.valid.acc", "RS.test.acc", "RS.train.time", "RS.n.support.vectors", 
    "RS.index", "RS.n.solutions", "RS.generations", "RS.n.evaluations", 
    "RS.cpu.time", "DF.cost", "DF.gamma", "DF.data.balancing", 
    "DF.feature.selection", "DF.valid.acc", "DF.test.acc", "DF.train.time", 
    "DF.n.support.vectors", "DF.index", "DF.n.solutions", "DF.generations", 
    "DF.n.evaluations", "DF.cpu.time")))
