full <-
structure(c(50, 55, 60, 65, 70, 75, 80, 85, 90, 95, 100, 15, 
8.64106, 6.72643, 5.09091, 2.12717, 9.43138, 11.59254, 9.48281, 
5.73829, 4.98125, 8.42875, -7.33569, -6.67767, -9.33748, -6.4965, 
-5.41331, -7.64354, -7.09212, -7.26207, -6.95573, -7.85561, -7.6237, 
0, 0, 0, 0, 0, 0, 0, 0, 0, 0, 0, 0, 0, 0, 0, 0, 0, 0, 0, 0, 0, 
0, 0.79564, 0.81447, 0.83078, 0.83527, 0.84246, 0.86298, 0.85423, 
0.8623, 0.86048, 0.87043, 0.87451, 0.785, 0.81014, 0.82883, 0.83334, 
0.83504, 0.85546, 0.84715, 0.85432, 0.85895, 0.85007, 0.86813, 
2.0456, 2.5033, 2.4858, 2.8726, 3.4558, 4.5354, 4.8731, 5.7866, 
5.2413, 5.515, 6.4352, 628.5, 688, 740.1, 810.6, 873.3, 916.5, 
980.5, 1035.8, 1100.3, 1150.1, 1204.8, 63, 155, 55, 40, 1403, 
133, 259, 207, 328, 1428, 2122, 1118, 716, 1017, 135, 2, 1131, 
183, 726, 32, 63, 3, 100, 100, 100, 100, 100, 100, 100, 100, 
100, 100, 100, 2500, 2500, 2500, 2500, 2500, 2500, 2500, 2500, 
2500, 2500, 2500, 63266.673, 71310.708, 69953.033, 81838.504, 
90702.202, 97839.323, 110172.339, 136318.189, 134650.813, 159454.747, 
179254.983, 5.04746, 7.37748, 7.43018, 10.31139, 6.3352, 12.56851, 
9.05422, 10.72167, 7.01138, 8.72073, 8.02282, -7.32316, -6.70812, 
-9.61105, -6.4943, -5.41746, -7.64388, -7.10141, -7.27228, -7.40674, 
-6.99167, -7.18889, 0, 0, 0, 0, 0, 0, 0, 0, 0, 0, 0, 0, 0, 0, 
0, 0, 0, 0, 0, 0, 0, 0, 0.79689, 0.81447, 0.83078, 0.83527, 0.84241, 
0.86298, 0.85423, 0.8623, 0.85981, 0.86908, 0.87385, 0.785, 0.81014, 
0.82671, 0.83334, 0.83761, 0.85546, 0.84715, 0.85432, 0.86027, 
0.85742, 0.86983, 2.0262, 2.3446, 2.4813, 2.7771, 4.0276, 2.2519, 
4.7862, 4.7822, 7.576, 5.845, 3.9111, 628.6, 688.2, 739.4, 810.5, 
872.4, 916.5, 980.3, 1035.9, 1096.4, 1154.8, 1208.6, 173, 577, 
1251, 609, 423, 466, 1189, 82, 133, 843, 1063, 1, 4, 3, 2, 3, 
6, 2, 3, 1, 2, 2, 100, 100, 100, 100, 100, 100, 100, 100, 100, 
100, 100, 2500, 2500, 2500, 2500, 2500, 2500, 2500, 2500, 2500, 
2500, 2500, 66174.614, 69976.224, 76559.141, 88229.231, 113176.111, 
118829.004, 118573.797, 149133.276, 164199.372, 168607.614, 187991.44, 
1, 1, 1, 1, 1, 1, 1, 1, 1, 1, 1, 0.01562, 0.01562, 0.01562, 0.01562, 
0.01562, 0.01562, 0.01562, 0.01562, 0.01562, 0.01562, 0.01562, 
0, 0, 0, 0, 0, 0, 0, 0, 0, 0, 0, 0, 0, 0, 0, 0, 0, 0, 0, 0, 0, 
0, 0.7071, 0.73904, 0.74342, 0.77573, 0.78627, 0.80075, 0.80669, 
0.80517, 0.81594, 0.81382, 0.82286, 0.70829, 0.74006, 0.75692, 
0.76752, 0.78249, 0.80284, 0.80907, 0.80564, 0.82504, 0.81464, 
0.816, 2.3258, 2.3634, 2.7198, 2.9364, 4.0297, 4.544, 4.938, 
4.9802, 5.5559, 5.9389, 8.1695, 635.4, 697.2, 758.9, 821.7, 881.4, 
938.8, 1000.7, 1060.2, 1121, 1182.5, 1235.4, 1, 1, 1, 1, 1, 1, 
1, 1, 1, 1, 1, 1, 1, 1, 1, 1, 1, 1, 1, 1, 1, 1, 1, 1, 1, 1, 1, 
1, 1, 1, 1, 1, 1, 1, 1, 1, 1, 1, 1, 1, 1, 1, 1, 1, 28.825, 27.979, 
31.913, 34.236, 47.304, 53.645, 57.232, 56.024, 62.509, 66.84, 
92.778), .Dim = c(11L, 40L), .Dimnames = list(NULL, c("Sampling", 
"PSO.cost", "PSO.gamma", "PSO.data.balancing", "PSO.feature.selection", 
"PSO.valid.acc", "PSO.test.acc", "PSO.train.time", "PSO.n.support.vectors", 
"PSO.index", "PSO.n.solutions", "PSO.generations", "PSO.n.evaluations", 
"PSO.cpu.time", "RS.cost", "RS.gamma", "RS.data.balancing", "RS.feature.selection", 
"RS.valid.acc", "RS.test.acc", "RS.train.time", "RS.n.support.vectors", 
"RS.index", "RS.n.solutions", "RS.generations", "RS.n.evaluations", 
"RS.cpu.time", "DF.cost", "DF.gamma", "DF.data.balancing", "DF.feature.selection", 
"DF.valid.acc", "DF.test.acc", "DF.train.time", "DF.n.support.vectors", 
"DF.index", "DF.n.solutions", "DF.generations", "DF.n.evaluations", 
"DF.cpu.time")))
