full <-
structure(c(50, 55, 60, 65, 70, 75, 80, 85, 90, 95, 100, 11.47698, 
15, 14.45088, 5.20445, 13.80226, 9.07677, 10.24699, 13.74513, 
11.71319, 14.83547, 13.17031, -8.34556, -9.43702, -9.62249, -5.70973, 
-9.03841, -6.73469, -7.49252, -11.39338, -8.9861, -11.162, -14.16472, 
0, 0, 0, 0, 0, 0, 0, 0, 0, 0, 0, 0, 0, 0, 0, 0, 0, 0, 0, 0, 0, 
0, 0.63902, 0.67211, 0.67322, 0.68947, 0.71782, 0.73801, 0.75554, 
0.7549, 0.7769, 0.77055, 0.75787, 0.61933, 0.6997, 0.67116, 0.65733, 
0.72281, 0.72519, 0.75628, 0.74484, 0.76948, 0.71442, 0.72798, 
0.0547, 0.0575, 0.0601, 0.0637, 0.0693, 0.0756, 0.0746, 0.081, 
0.0847, 0.0912, 0.0872, 128.5, 140.1, 152.7, 168.6, 177, 191, 
199.1, 206.5, 217.1, 226.9, 242, 343, 88, 68, 1313, 124, 446, 
782, 255, 319, 275, 2445, 424, 1470, 1619, 90, 1287, 444, 180, 
98, 750, 950, 1, 100, 100, 100, 100, 100, 100, 100, 100, 100, 
100, 100, 2500, 2500, 2500, 2500, 2500, 2500, 2500, 2500, 2500, 
2500, 2500, 7766.979, 7713.103, 7923.468, 8483.94, 8760.08200000001, 
9257.496, 9343.37699999999, 9065.019, 8987.72500000001, 8959.75099999999, 
9174.603, 13.0256, 9.95989, 14.01414, 5.01687, 12.01913, 8.23587, 
10.99269, 14.96091, 11.54426, 14.97501, 9.08059, -10.63911, -10.12064, 
-9.39319, -5.37506, -8.99495, -6.37885, -8.06573, -12.53983, 
-9.09965, -11.39319, -9.87362, 0, 0, 0, 0, 0, 0, 0, 0, 0, 0, 
0, 0, 0, 0, 0, 0, 0, 0, 0, 0, 0, 0, 0.63417, 0.67352, 0.67322, 
0.68562, 0.71782, 0.73387, 0.75184, 0.7549, 0.7769, 0.76752, 
0.75485, 0.59059, 0.63893, 0.67116, 0.67543, 0.72736, 0.72923, 
0.75998, 0.74484, 0.76635, 0.71754, 0.73422, 0.0524, 0.054, 0.0593, 
0.0651, 0.0685, 0.0751, 0.0771, 0.0778, 0.083, 0.0913, 0.0897, 
128.6, 140.3, 152.7, 169, 177.1, 192.9, 198.6, 206.4, 217.3, 
226.7, 241.7, 2145, 1235, 191, 2370, 289, 2162, 2389, 168, 380, 
1743, 186, 1, 3, 10, 1, 7, 1, 1, 3, 1, 1, 1, 100, 100, 100, 100, 
100, 100, 100, 100, 100, 100, 100, 2500, 2500, 2500, 2500, 2500, 
2500, 2500, 2500, 2500, 2500, 2500, 7500.956, 7794.707, 8014.348, 
8839.916, 9157.94899999999, 9289.606, 9315.38399999999, 9270.80200000001, 
9078.63700000002, 9133.79799999998, 9491.984, 1, 1, 1, 1, 1, 
1, 1, 1, 1, 1, 1, 0.06667, 0.06667, 0.06667, 0.06667, 0.06667, 
0.06667, 0.06667, 0.06667, 0.06667, 0.06667, 0.06667, 0, 0, 0, 
0, 0, 0, 0, 0, 0, 0, 0, 0, 0, 0, 0, 0, 0, 0, 0, 0, 0, 0, 0.44869, 
0.47716, 0.49531, 0.50561, 0.53956, 0.54902, 0.55154, 0.54627, 
0.60129, 0.5959, 0.6129, 0.43864, 0.45125, 0.50149, 0.50902, 
0.54085, 0.55906, 0.56754, 0.56071, 0.62599, 0.5802, 0.61009, 
0.0542, 0.055, 0.0597, 0.0694, 0.0714, 0.0746, 0.0802, 0.0856, 
0.0902, 0.0939, 0.104, 133.1, 145.9, 159.9, 173.1, 187.4, 200.1, 
212.8, 225.8, 239.8, 253.4, 265.1, 1, 1, 1, 1, 1, 1, 1, 1, 1, 
1, 1, 1, 1, 1, 1, 1, 1, 1, 1, 1, 1, 1, 1, 1, 1, 1, 1, 1, 1, 1, 
1, 1, 1, 1, 1, 1, 1, 1, 1, 1, 1, 1, 1, 1, 3.08, 3.11, 3.195, 
3.534, 3.639, 3.692, 3.631, 3.643, 3.623, 3.654, 3.851), .Dim = c(11L, 
40L), .Dimnames = list(NULL, c("Sampling", "PSO.cost", "PSO.gamma", 
"PSO.data.balancing", "PSO.feature.selection", "PSO.valid.acc", 
"PSO.test.acc", "PSO.train.time", "PSO.n.support.vectors", "PSO.index", 
"PSO.n.solutions", "PSO.generations", "PSO.n.evaluations", "PSO.cpu.time", 
"RS.cost", "RS.gamma", "RS.data.balancing", "RS.feature.selection", 
"RS.valid.acc", "RS.test.acc", "RS.train.time", "RS.n.support.vectors", 
"RS.index", "RS.n.solutions", "RS.generations", "RS.n.evaluations", 
"RS.cpu.time", "DF.cost", "DF.gamma", "DF.data.balancing", "DF.feature.selection", 
"DF.valid.acc", "DF.test.acc", "DF.train.time", "DF.n.support.vectors", 
"DF.index", "DF.n.solutions", "DF.generations", "DF.n.evaluations", 
"DF.cpu.time")))
