full <-
structure(c(50, 55, 60, 65, 70, 75, 80, 85, 90, 95, 100, 10.95959, 
8.58165, 12.19713, 14.83949, 15, 13.16659, 13.5487, 15, 10.85945, 
14.97126, 14.74074, -9.58029, -7.01023, -10.46986, -11.75395, 
-14.35212, -7.04124, -10.6891, -11.62767, -7.87688, -15, -12.02414, 
0, 0, 0, 0, 0, 0, 0, 0, 0, 0, 0, 0, 0, 0, 0, 0, 0, 0, 0, 0, 0, 
0, 0.65684, 0.69364, 0.7437, 0.74008, 0.75242, 0.73534, 0.74006, 
0.73576, 0.75381, 0.75818, 0.78787, 0.65443, 0.68366, 0.69504, 
0.71232, 0.72257, 0.6967, 0.70983, 0.72662, 0.72707, 0.72929, 
0.78172, 0.0576, 0.062, 0.0646, 0.0669, 0.0661, 0.078, 0.0808, 
0.0822, 0.0878, 0.0892, 0.0936, 128, 140.9, 151.6, 162.6, 174.4, 
187.8, 195.4, 204.8, 218.1, 228.5, 235.9, 1331, 80, 78, 110, 
324, 296, 1402, 174, 928, 773, 727, 17, 891, 58, 306, 220, 1157, 
12, 604, 145, 68, 104, 100, 100, 100, 100, 100, 100, 100, 100, 
100, 100, 100, 2500, 2500, 2500, 2500, 2500, 2500, 2500, 2500, 
2500, 2500, 2500, 7975.373, 8258.342, 8642.073, 8766.502, 8663.78899999999, 
8889.497, 8737.12299999999, 8794.872, 9053.53699999998, 9094.41399999999, 
9225.29000000001, 5.28601, 8.99686, 11.86056, 14.87671, 13.63198, 
7.75052, 14.42589, 8.63327, 10.94854, 11.68522, 13.93434, -5.36978, 
-7.48571, -10.10637, -11.0595, -12.98528, -5.15166, -11.33563, 
-9.77738, -7.93456, -13.02907, -10.51615, 0, 0, 0, 0, 0, 0, 0, 
0, 0, 0, 0, 0, 0, 0, 0, 0, 0, 0, 0, 0, 0, 0, 0.65131, 0.69364, 
0.7437, 0.74008, 0.75242, 0.73839, 0.73635, 0.73726, 0.75381, 
0.7553, 0.78785, 0.65375, 0.68866, 0.69403, 0.70361, 0.72257, 
0.6998, 0.70983, 0.71527, 0.72707, 0.73887, 0.76759, 0.0575, 
0.0598, 0.064, 0.0671, 0.0706, 0.0775, 0.0819, 0.0819, 0.0904, 
0.0897, 0.0962, 130.6, 140.7, 151.5, 162, 174.5, 192.9, 195.1, 
208.9, 218, 234.4, 235.9, 280, 292, 1953, 676, 446, 538, 904, 
1266, 1281, 1550, 946, 5, 4, 2, 2, 1, 2, 2, 1, 2, 1, 1, 100, 
100, 100, 100, 100, 100, 100, 100, 100, 100, 100, 2500, 2500, 
2500, 2500, 2500, 2500, 2500, 2500, 2500, 2500, 2500, 8052.092, 
8247.478, 8849.555, 8694.566, 8739.878, 8816.38499999999, 8829.45899999999, 
8968.86200000001, 9064.272, 9356.416, 9355.35399999999, 1, 1, 
1, 1, 1, 1, 1, 1, 1, 1, 1, 0.06667, 0.06667, 0.06667, 0.06667, 
0.06667, 0.06667, 0.06667, 0.06667, 0.06667, 0.06667, 0.06667, 
0, 0, 0, 0, 0, 0, 0, 0, 0, 0, 0, 0, 0, 0, 0, 0, 0, 0, 0, 0, 0, 
0, 0.49436, 0.52135, 0.58131, 0.58965, 0.60448, 0.58792, 0.61484, 
0.59483, 0.60141, 0.60337, 0.60044, 0.52399, 0.5114, 0.58152, 
0.58424, 0.59084, 0.59159, 0.59786, 0.58872, 0.60239, 0.62143, 
0.61882, 0.0604, 0.0633, 0.0661, 0.07, 0.0753, 0.0796, 0.0818, 
0.0897, 0.0922, 0.1023, 0.1037, 134.5, 147.7, 161.1, 174.9, 188.1, 
200.1, 213.2, 225.3, 239.6, 251.8, 265.4, 1, 1, 1, 1, 1, 1, 1, 
1, 1, 1, 1, 1, 1, 1, 1, 1, 1, 1, 1, 1, 1, 1, 1, 1, 1, 1, 1, 1, 
1, 1, 1, 1, 1, 1, 1, 1, 1, 1, 1, 1, 1, 1, 1, 1, 3.379, 3.514, 
3.594, 3.513, 3.537, 3.447, 3.44, 3.593, 3.478, 3.77, 3.728), .Dim = c(11L, 
40L), .Dimnames = list(NULL, c("Sampling", "PSO.cost", "PSO.gamma", 
"PSO.data.balancing", "PSO.feature.selection", "PSO.valid.acc", 
"PSO.test.acc", "PSO.train.time", "PSO.n.support.vectors", "PSO.index", 
"PSO.n.solutions", "PSO.generations", "PSO.n.evaluations", "PSO.cpu.time", 
"RS.cost", "RS.gamma", "RS.data.balancing", "RS.feature.selection", 
"RS.valid.acc", "RS.test.acc", "RS.train.time", "RS.n.support.vectors", 
"RS.index", "RS.n.solutions", "RS.generations", "RS.n.evaluations", 
"RS.cpu.time", "DF.cost", "DF.gamma", "DF.data.balancing", "DF.feature.selection", 
"DF.valid.acc", "DF.test.acc", "DF.train.time", "DF.n.support.vectors", 
"DF.index", "DF.n.solutions", "DF.generations", "DF.n.evaluations", 
"DF.cpu.time")))
