full <-
structure(c(50, 55, 60, 65, 70, 75, 80, 85, 90, 95, 100, 5.28824, 
13.7072, 13.93097, 7.73535, 10.17456, 10.61428, 13.94712, 13.46869, 
9.70418, 14.35923, 13.20713, -6.04445, -12.90145, -13.31802, 
-7.4652, -7.34256, -8.41322, -9.25968, -9.88358, -6.04121, -11.89804, 
-9.01988, 0, 0, 0, 0, 0, 0, 0, 0, 0, 0, 0, 0, 0, 0, 0, 0, 0, 
0, 0, 0, 0, 0, 0.72642, 0.74665, 0.74691, 0.75117, 0.75733, 0.74756, 
0.75898, 0.76449, 0.76951, 0.75182, 0.7559, 0.69721, 0.72158, 
0.74412, 0.72863, 0.72258, 0.72745, 0.71947, 0.75004, 0.73368, 
0.76122, 0.76161, 0.0561, 0.0554, 0.0585, 0.0634, 0.066, 0.0711, 
0.0799, 0.0757, 0.0845, 0.089, 0.0971, 131.9, 140, 149.5, 164.7, 
175.3, 185.2, 196.7, 206.3, 223, 227.7, 236.1, 106, 334, 458, 
1098, 819, 882, 13, 87, 329, 354, 105, 118, 142, 28, 30, 45, 
44, 1479, 565, 407, 281, 424, 100, 100, 100, 100, 100, 100, 100, 
100, 100, 100, 100, 2500, 2500, 2500, 2500, 2500, 2500, 2500, 
2500, 2500, 2500, 2500, 8347.492, 8243.88, 8120.192, 8580.935, 
8789.43400000001, 9144.182, 9310.417, 9100.08099999999, 9001.76499999998, 
8962.37900000002, 9248.617, 5.15641, 12.48359, 14.57856, 7.35679, 
10.6583, 10.54266, 14.82045, 13.32434, 9.09876, 14.88431, 13.15672, 
-5.96526, -11.63069, -13.9694, -7.16046, -7.72558, -8.25736, 
-9.16123, -10.15141, -5.83159, -12.44475, -8.86501, 0, 0, 0, 
0, 0, 0, 0, 0, 0, 0, 0, 0, 0, 0, 0, 0, 0, 0, 0, 0, 0, 0, 0.72642, 
0.74665, 0.74691, 0.75117, 0.75363, 0.74372, 0.75898, 0.76425, 
0.76305, 0.75182, 0.7559, 0.7031, 0.72624, 0.74412, 0.72863, 
0.71866, 0.72745, 0.72382, 0.74714, 0.73057, 0.75828, 0.76455, 
0.0512, 0.0556, 0.0581, 0.064, 0.0684, 0.0716, 0.0737, 0.0822, 
0.0882, 0.0847, 0.0951, 132, 140.1, 149.5, 164.9, 174.9, 185.2, 
196.7, 206.3, 223.2, 227.7, 236.1, 693, 642, 2493, 1142, 2357, 
665, 47, 236, 502, 1706, 2030, 5, 3, 1, 2, 1, 1, 11, 1, 1, 1, 
2, 100, 100, 100, 100, 100, 100, 100, 100, 100, 100, 100, 2500, 
2500, 2500, 2500, 2500, 2500, 2500, 2500, 2500, 2500, 2500, 8259.866, 
8128.198, 8430.95699999999, 8839.647, 9188.65399999999, 9294.743, 
9166.515, 9209.198, 9057.671, 9140.856, 9479.448, 1, 1, 1, 1, 
1, 1, 1, 1, 1, 1, 1, 0.06667, 0.06667, 0.06667, 0.06667, 0.06667, 
0.06667, 0.06667, 0.06667, 0.06667, 0.06667, 0.06667, 0, 0, 0, 
0, 0, 0, 0, 0, 0, 0, 0, 0, 0, 0, 0, 0, 0, 0, 0, 0, 0, 0, 0.48876, 
0.49436, 0.51543, 0.56565, 0.53778, 0.56331, 0.54323, 0.59113, 
0.59863, 0.58882, 0.61443, 0.49704, 0.51537, 0.49475, 0.55872, 
0.57192, 0.57136, 0.55594, 0.57231, 0.57939, 0.59192, 0.62868, 
0.0542, 0.0569, 0.059, 0.0667, 0.0746, 0.075, 0.0797, 0.0846, 
0.0871, 0.0902, 0.1028, 135, 148, 160.8, 174.4, 188.2, 200.7, 
213.8, 226.7, 239.3, 252.8, 265, 1, 1, 1, 1, 1, 1, 1, 1, 1, 1, 
1, 1, 1, 1, 1, 1, 1, 1, 1, 1, 1, 1, 1, 1, 1, 1, 1, 1, 1, 1, 1, 
1, 1, 1, 1, 1, 1, 1, 1, 1, 1, 1, 1, 1, 3.245, 3.181, 3.404, 3.498, 
3.679, 3.698, 3.665, 3.637, 3.534, 3.623, 3.761), .Dim = c(11L, 
40L), .Dimnames = list(NULL, c("Sampling", "PSO.cost", "PSO.gamma", 
"PSO.data.balancing", "PSO.feature.selection", "PSO.valid.acc", 
"PSO.test.acc", "PSO.train.time", "PSO.n.support.vectors", "PSO.index", 
"PSO.n.solutions", "PSO.generations", "PSO.n.evaluations", "PSO.cpu.time", 
"RS.cost", "RS.gamma", "RS.data.balancing", "RS.feature.selection", 
"RS.valid.acc", "RS.test.acc", "RS.train.time", "RS.n.support.vectors", 
"RS.index", "RS.n.solutions", "RS.generations", "RS.n.evaluations", 
"RS.cpu.time", "DF.cost", "DF.gamma", "DF.data.balancing", "DF.feature.selection", 
"DF.valid.acc", "DF.test.acc", "DF.train.time", "DF.n.support.vectors", 
"DF.index", "DF.n.solutions", "DF.generations", "DF.n.evaluations", 
"DF.cpu.time")))
