full <-
structure(c(50, 55, 60, 65, 70, 75, 80, 85, 90, 95, 100, 14.2562, 
14.83096, 14.64526, 14.78208, 14.82759, 10.6589, 15, 12.64126, 
9.28116, 14.53754, 12.29761, -7.28101, -13.56197, -13.79181, 
-12.50596, -9.15727, -7.62044, -14.46512, -8.56915, -6.78943, 
-11.52012, -10.42711, 0, 0, 0, 0, 0, 0, 0, 0, 0, 0, 0, 0, 0, 
0, 0, 0, 0, 0, 0, 0, 0, 0, 0.6489, 0.65918, 0.70954, 0.73011, 
0.73536, 0.77584, 0.76519, 0.80289, 0.76551, 0.78155, 0.76538, 
0.631, 0.67072, 0.69459, 0.68779, 0.71174, 0.73307, 0.74971, 
0.77491, 0.75181, 0.74216, 0.74614, 0.0568, 0.058, 0.0595, 0.0631, 
0.0673, 0.0768, 0.0731, 0.0779, 0.0818, 0.0873, 0.0986, 129.3, 
138.5, 149.9, 162.7, 173.4, 182.4, 192.8, 204.2, 216.8, 224.8, 
237.8, 61, 79, 198, 268, 286, 84, 496, 614, 673, 63, 523, 1248, 
214, 754, 23, 856, 450, 135, 591, 95, 161, 57, 100, 100, 100, 
100, 100, 100, 100, 100, 100, 100, 100, 2500, 2500, 2500, 2500, 
2500, 2500, 2500, 2500, 2500, 2500, 2500, 7319.102, 7324.35, 
7219.207, 7413.576, 7526.981, 7739.985, 7717.06700000001, 7864.79300000001, 
8046.254, 8066.174, 8285.87699999998, 11.08084, 10.9942, 13.64661, 
14.36903, 14.50728, 10.52279, 13.03746, 13.12707, 8.63061, 14.1804, 
13.77288, -10.81013, -9.74227, -12.75573, -11.97158, -9.19175, 
-7.4849, -12.5216, -8.56348, -6.42747, -11.19161, -11.43552, 
0, 0, 0, 0, 0, 0, 0, 0, 0, 0, 0, 0, 0, 0, 0, 0, 0, 0, 0, 0, 0, 
0, 0.65971, 0.65918, 0.70954, 0.72576, 0.73536, 0.77584, 0.76519, 
0.79967, 0.76238, 0.78155, 0.75923, 0.62151, 0.67072, 0.69459, 
0.68394, 0.71174, 0.73677, 0.74614, 0.77491, 0.7489, 0.73913, 
0.74521, 0.0567, 0.0551, 0.0597, 0.0627, 0.0717, 0.0761, 0.0796, 
0.0858, 0.0845, 0.0929, 0.0909, 128, 139.1, 149.9, 162.9, 173.3, 
182.9, 192.9, 204.2, 218.1, 224.8, 236.9, 673, 129, 5, 104, 225, 
150, 290, 638, 2431, 200, 731, 1, 9, 6, 5, 1, 1, 2, 4, 1, 2, 
3, 100, 100, 100, 100, 100, 100, 100, 100, 100, 100, 100, 2500, 
2500, 2500, 2500, 2500, 2500, 2500, 2500, 2500, 2500, 2500, 7291.853, 
7324.043, 7316.319, 7444.556, 7591.371, 7743.89600000001, 7864.63, 
8036.40399999999, 8191.45300000001, 8429.198, 8371.89500000002, 
1, 1, 1, 1, 1, 1, 1, 1, 1, 1, 1, 0.06667, 0.06667, 0.06667, 0.06667, 
0.06667, 0.06667, 0.06667, 0.06667, 0.06667, 0.06667, 0.06667, 
0, 0, 0, 0, 0, 0, 0, 0, 0, 0, 0, 0, 0, 0, 0, 0, 0, 0, 0, 0, 0, 
0, 0.40384, 0.37883, 0.47313, 0.54621, 0.52799, 0.51758, 0.59749, 
0.5889, 0.62438, 0.61374, 0.62532, 0.40463, 0.38852, 0.44768, 
0.54165, 0.52768, 0.53949, 0.62742, 0.58646, 0.59817, 0.58855, 
0.60632, 0.0593, 0.0568, 0.0612, 0.0662, 0.0754, 0.0768, 0.0777, 
0.0851, 0.0888, 0.0994, 0.1027, 134, 147.2, 160.7, 173.5, 186.9, 
199.9, 213.9, 226.5, 239.1, 251.8, 265.3, 1, 1, 1, 1, 1, 1, 1, 
1, 1, 1, 1, 1, 1, 1, 1, 1, 1, 1, 1, 1, 1, 1, 1, 1, 1, 1, 1, 1, 
1, 1, 1, 1, 1, 1, 1, 1, 1, 1, 1, 1, 1, 1, 1, 1, 3.042, 2.843, 
2.868, 2.936, 3.156, 3.117, 3.012, 3.134, 3.181, 3.422, 3.375
), .Dim = c(11L, 40L), .Dimnames = list(NULL, c("Sampling", "PSO.cost", 
"PSO.gamma", "PSO.data.balancing", "PSO.feature.selection", "PSO.valid.acc", 
"PSO.test.acc", "PSO.train.time", "PSO.n.support.vectors", "PSO.index", 
"PSO.n.solutions", "PSO.generations", "PSO.n.evaluations", "PSO.cpu.time", 
"RS.cost", "RS.gamma", "RS.data.balancing", "RS.feature.selection", 
"RS.valid.acc", "RS.test.acc", "RS.train.time", "RS.n.support.vectors", 
"RS.index", "RS.n.solutions", "RS.generations", "RS.n.evaluations", 
"RS.cpu.time", "DF.cost", "DF.gamma", "DF.data.balancing", "DF.feature.selection", 
"DF.valid.acc", "DF.test.acc", "DF.train.time", "DF.n.support.vectors", 
"DF.index", "DF.n.solutions", "DF.generations", "DF.n.evaluations", 
"DF.cpu.time")))
