full <-
structure(c(50, 55, 60, 65, 70, 75, 80, 85, 90, 95, 100, 10.85025, 
9.89606, 13.7105, 12.55188, 13.04232, 15, 10.89284, 5.81108, 
14.75957, 12.39607, 13.68794, -3.40269, -10.09816, -11.91594, 
-5.65144, -12.81944, -14.58557, -7.26685, -7.27586, -10.36439, 
-8.37719, -10.00764, 0, 0, 0, 0, 0, 0, 0, 0, 0, 0, 0, 0, 0, 0, 
0, 0, 0, 0, 0, 0, 0, 0, 0.6771, 0.69997, 0.7372, 0.72088, 0.72511, 
0.72525, 0.7722, 0.77446, 0.78949, 0.78974, 0.77967, 0.63264, 
0.69722, 0.69208, 0.73962, 0.72214, 0.73619, 0.73525, 0.7441, 
0.76392, 0.7769, 0.7284, 0.0571, 0.0608, 0.062, 0.0705, 0.0664, 
0.0698, 0.0814, 0.0805, 0.0883, 0.0927, 0.1025, 133.7, 139.8, 
152, 168.1, 174.5, 185.6, 195.8, 210.9, 213.4, 226, 236.3, 290, 
32, 307, 52, 170, 83, 160, 2023, 688, 342, 628, 290, 41, 16, 
1310, 500, 495, 435, 5, 257, 100, 310, 100, 100, 100, 100, 100, 
100, 100, 100, 100, 100, 100, 2500, 2500, 2500, 2500, 2500, 2500, 
2500, 2500, 2500, 2500, 2500, 7806.933, 7870.292, 7941.159, 8193.25, 
8335.96200000001, 8439.117, 8575.69100000001, 8629.31600000001, 
10500.153, 10614.251, 11244.982, 6.73538, 11.35997, 13.62584, 
13.50759, 13.68248, 9.44924, 11.71896, 5.94462, 14.64966, 14.20399, 
14.22929, -3.41288, -11.58212, -11.85823, -5.61051, -13.49242, 
-9.122, -7.11248, -7.32703, -10.32914, -11.43656, -10.76284, 
0, 0, 0, 0, 0, 0, 0, 0, 0, 0, 0, 0, 0, 0, 0, 0, 0, 0, 0, 0, 0, 
0, 0.6771, 0.69997, 0.7372, 0.72088, 0.72511, 0.7254, 0.7722, 
0.76863, 0.78949, 0.78974, 0.77664, 0.63264, 0.6961, 0.69208, 
0.73962, 0.7176, 0.73222, 0.73883, 0.74087, 0.76725, 0.76701, 
0.73353, 0.0586, 0.0592, 0.0625, 0.0682, 0.0666, 0.0707, 0.0782, 
0.0825, 0.0922, 0.0996, 0.1018, 133.5, 139.1, 152.1, 168.2, 174.4, 
187.3, 196.1, 210.7, 213.4, 224.8, 235.7, 13, 355, 1996, 619, 
2039, 1516, 984, 2226, 2452, 61, 60, 1, 4, 1, 8, 2, 1, 3, 1, 
1, 3, 3, 100, 100, 100, 100, 100, 100, 100, 100, 100, 100, 100, 
2500, 2500, 2500, 2500, 2500, 2500, 2500, 2500, 2500, 2500, 2500, 
7809.561, 7913.686, 8124.406, 8272.915, 8435.00099999999, 8590.68400000001, 
8616.76599999999, 9035.057, 10634.724, 10915.085, 11263.017, 
1, 1, 1, 1, 1, 1, 1, 1, 1, 1, 1, 0.06667, 0.06667, 0.06667, 0.06667, 
0.06667, 0.06667, 0.06667, 0.06667, 0.06667, 0.06667, 0.06667, 
0, 0, 0, 0, 0, 0, 0, 0, 0, 0, 0, 0, 0, 0, 0, 0, 0, 0, 0, 0, 0, 
0, 0.44569, 0.45069, 0.48664, 0.49766, 0.54677, 0.55789, 0.57812, 
0.60616, 0.59223, 0.61256, 0.62249, 0.47909, 0.47523, 0.47523, 
0.52285, 0.51885, 0.57385, 0.58864, 0.57978, 0.58433, 0.60903, 
0.59966, 0.0576, 0.0611, 0.0633, 0.0712, 0.0732, 0.0819, 0.0835, 
0.0971, 0.0967, 0.1038, 0.1047, 134.5, 148.2, 161.8, 174.9, 186.9, 
199.7, 213.7, 226.5, 239.2, 252.8, 265.5, 1, 1, 1, 1, 1, 1, 1, 
1, 1, 1, 1, 1, 1, 1, 1, 1, 1, 1, 1, 1, 1, 1, 1, 1, 1, 1, 1, 1, 
1, 1, 1, 1, 1, 1, 1, 1, 1, 1, 1, 1, 1, 1, 1, 1, 3.142, 3.141, 
3.284, 3.372, 3.372, 3.453, 3.499, 4.458, 4.313, 4.531, 4.26), .Dim = c(11L, 
40L), .Dimnames = list(NULL, c("Sampling", "PSO.cost", "PSO.gamma", 
"PSO.data.balancing", "PSO.feature.selection", "PSO.valid.acc", 
"PSO.test.acc", "PSO.train.time", "PSO.n.support.vectors", "PSO.index", 
"PSO.n.solutions", "PSO.generations", "PSO.n.evaluations", "PSO.cpu.time", 
"RS.cost", "RS.gamma", "RS.data.balancing", "RS.feature.selection", 
"RS.valid.acc", "RS.test.acc", "RS.train.time", "RS.n.support.vectors", 
"RS.index", "RS.n.solutions", "RS.generations", "RS.n.evaluations", 
"RS.cpu.time", "DF.cost", "DF.gamma", "DF.data.balancing", "DF.feature.selection", 
"DF.valid.acc", "DF.test.acc", "DF.train.time", "DF.n.support.vectors", 
"DF.index", "DF.n.solutions", "DF.generations", "DF.n.evaluations", 
"DF.cpu.time")))
