full <-
structure(c(50, 55, 60, 65, 70, 75, 80, 85, 90, 95, 100, 12.03303, 
5.93777, 8.19221, 7.68846, 13.03221, 9.59174, 11.96995, 10.22, 
11.44693, 14.09824, 14.76371, -9.34567, -6.38334, -7.2905, -5.24745, 
-10.22428, -7.14274, -14.12784, -6.89079, -11.4399, -12.08208, 
-13.14723, 0, 0, 0, 0, 0, 0, 0, 0, 0, 0, 0, 0, 0, 0, 0, 0, 0, 
0, 0, 0, 0, 0, 0.63517, 0.67714, 0.72176, 0.70078, 0.69769, 0.72481, 
0.70168, 0.73026, 0.74385, 0.76765, 0.7613, 0.61292, 0.65497, 
0.71002, 0.67638, 0.6817, 0.68776, 0.67086, 0.71671, 0.76096, 
0.74143, 0.73949, 0.0563, 0.0567, 0.0592, 0.0643, 0.0733, 0.0712, 
0.0788, 0.0894, 0.0933, 0.0945, 0.1007, 128.3, 140.8, 148.5, 
163.8, 169.1, 185.1, 201.7, 209.3, 218.3, 225, 237.1, 321, 1871, 
738, 531, 58, 723, 46, 209, 9, 470, 260, 370, 20, 72, 528, 241, 
42, 68, 263, 2076, 85, 172, 100, 100, 100, 100, 100, 100, 100, 
100, 100, 100, 100, 2500, 2500, 2500, 2500, 2500, 2500, 2500, 
2500, 2500, 2500, 2500, 7687.961, 7863.422, 7938.983, 8195.069, 
8335.955, 8419.898, 8578.151, 10760.76, 10795.182, 10885.187, 
11041.679, 5.11391, 6.11634, 8.04064, 11.98816, 14.84274, 9.68684, 
7.34418, 10.21269, 11.01479, 14.88859, 13.67333, -6.12335, -6.59648, 
-7.14461, -5.22447, -11.97954, -7.17022, -9.36745, -6.82206, 
-8.29091, -12.81864, -10.9018, 0, 0, 0, 0, 0, 0, 0, 0, 0, 0, 
0, 0, 0, 0, 0, 0, 0, 0, 0, 0, 0, 0, 0.63559, 0.67613, 0.72176, 
0.69908, 0.69769, 0.71662, 0.70199, 0.73026, 0.74659, 0.76471, 
0.75909, 0.6106, 0.64759, 0.71002, 0.68138, 0.68116, 0.68776, 
0.68178, 0.71671, 0.74067, 0.73849, 0.76395, 0.0546, 0.056, 0.0611, 
0.0666, 0.0701, 0.0743, 0.0754, 0.0891, 0.0919, 0.0974, 0.1024, 
131.9, 140.7, 148.6, 163.9, 168.8, 185, 202, 209.6, 217.7, 224.8, 
235.2, 1630, 139, 2202, 1564, 570, 2029, 273, 1897, 635, 1415, 
2250, 1, 1, 1, 2, 5, 1, 1, 2, 2, 1, 1, 100, 100, 100, 100, 100, 
100, 100, 100, 100, 100, 100, 2500, 2500, 2500, 2500, 2500, 2500, 
2500, 2500, 2500, 2500, 2500, 7788.211, 7886.568, 8010.82, 8228.556, 
8404.69499999999, 8557.54700000001, 10505.774, 10859.145, 10936.446, 
11088.749, 11368.08, 1, 1, 1, 1, 1, 1, 1, 1, 1, 1, 1, 0.06667, 
0.06667, 0.06667, 0.06667, 0.06667, 0.06667, 0.06667, 0.06667, 
0.06667, 0.06667, 0.06667, 0, 0, 0, 0, 0, 0, 0, 0, 0, 0, 0, 0, 
0, 0, 0, 0, 0, 0, 0, 0, 0, 0, 0.47767, 0.48639, 0.52425, 0.5186, 
0.53286, 0.5523, 0.56331, 0.57032, 0.59148, 0.57725, 0.61645, 
0.46348, 0.49143, 0.53684, 0.52162, 0.53324, 0.5805, 0.57452, 
0.56666, 0.5853, 0.58927, 0.61953, 0.0571, 0.0611, 0.0671, 0.0716, 
0.0709, 0.081, 0.0893, 0.0949, 0.0974, 0.1049, 0.1105, 134.9, 
147.3, 160.1, 173.9, 186.5, 200.9, 214.2, 227.4, 238.7, 252.3, 
265.4, 1, 1, 1, 1, 1, 1, 1, 1, 1, 1, 1, 1, 1, 1, 1, 1, 1, 1, 
1, 1, 1, 1, 1, 1, 1, 1, 1, 1, 1, 1, 1, 1, 1, 1, 1, 1, 1, 1, 1, 
1, 1, 1, 1, 1, 3.112, 3.163, 3.268, 3.337, 3.364, 3.482, 4.289, 
4.345, 4.361, 4.455, 4.428), .Dim = c(11L, 40L), .Dimnames = list(
    NULL, c("Sampling", "PSO.cost", "PSO.gamma", "PSO.data.balancing", 
    "PSO.feature.selection", "PSO.valid.acc", "PSO.test.acc", 
    "PSO.train.time", "PSO.n.support.vectors", "PSO.index", "PSO.n.solutions", 
    "PSO.generations", "PSO.n.evaluations", "PSO.cpu.time", "RS.cost", 
    "RS.gamma", "RS.data.balancing", "RS.feature.selection", 
    "RS.valid.acc", "RS.test.acc", "RS.train.time", "RS.n.support.vectors", 
    "RS.index", "RS.n.solutions", "RS.generations", "RS.n.evaluations", 
    "RS.cpu.time", "DF.cost", "DF.gamma", "DF.data.balancing", 
    "DF.feature.selection", "DF.valid.acc", "DF.test.acc", "DF.train.time", 
    "DF.n.support.vectors", "DF.index", "DF.n.solutions", "DF.generations", 
    "DF.n.evaluations", "DF.cpu.time")))
