full <-
structure(c(50, 55, 60, 65, 70, 75, 80, 85, 90, 95, 100, 14.00684, 
15, 14.10344, 8.88936, 14.53778, 15, 10.49256, 13.85933, 15, 
8.56304, 13.91089, -14.35678, -14.61442, -12.5646, -8.60534, 
-12.84744, -10.04867, -6.36669, -9.69841, -12.16971, -9.51071, 
-13.0582, 0, 0, 0, 0, 0, 0, 0, 0, 0, 0, 0, 0, 0, 0, 0, 0, 0, 
0, 0, 0, 0, 0, 0.68304, 0.65089, 0.68475, 0.73339, 0.74763, 0.72143, 
0.72581, 0.76997, 0.74768, 0.74674, 0.75128, 0.64868, 0.64254, 
0.69456, 0.68985, 0.71189, 0.69415, 0.72437, 0.72887, 0.71541, 
0.73357, 0.7473, 0.0562, 0.0614, 0.0648, 0.0683, 0.0707, 0.0768, 
0.085, 0.0912, 0.0895, 0.0967, 0.1001, 128, 140.3, 151.4, 164.6, 
174.5, 185.2, 199.9, 206.7, 216.1, 232.2, 238.1, 136, 110, 105, 
450, 361, 108, 684, 218, 147, 469, 661, 213, 774, 232, 206, 117, 
900, 96, 647, 365, 143, 39, 100, 100, 100, 100, 100, 100, 100, 
100, 100, 100, 100, 2500, 2500, 2500, 2500, 2500, 2500, 2500, 
2500, 2500, 2500, 2500, 8201.926, 8290.31, 8289.168, 8432.833, 
9442.102, 10366.815, 10412.368, 10505.031, 10511.473, 10792.849, 
10693.905, 14.50708, 14.82391, 12.25419, 8.21956, 14.3103, 14.63862, 
10.11254, 13.88701, 14.72467, 5.21249, 13.86793, -14.80511, -14.45812, 
-10.74624, -7.91401, -12.32126, -9.93551, -6.07123, -9.79983, 
-10.19735, -6.29756, -13.00681, 0, 0, 0, 0, 0, 0, 0, 0, 0, 0, 
0, 0, 0, 0, 0, 0, 0, 0, 0, 0, 0, 0, 0.67716, 0.65089, 0.68475, 
0.72954, 0.73828, 0.72143, 0.72581, 0.76997, 0.74729, 0.74662, 
0.75128, 0.64868, 0.64254, 0.69456, 0.691, 0.71189, 0.69415, 
0.71319, 0.72887, 0.71201, 0.72434, 0.7473, 0.0564, 0.0605, 0.0646, 
0.0684, 0.0708, 0.0794, 0.0798, 0.0896, 0.0915, 0.0921, 0.1016, 
127.9, 140.3, 151.3, 165.1, 174.2, 185.1, 201.1, 206.6, 216.5, 
237.2, 238.1, 1367, 1204, 35, 2148, 1367, 351, 1382, 1665, 1099, 
2199, 1466, 2, 1, 4, 1, 3, 5, 1, 1, 1, 1, 1, 100, 100, 100, 100, 
100, 100, 100, 100, 100, 100, 100, 2500, 2500, 2500, 2500, 2500, 
2500, 2500, 2500, 2500, 2500, 2500, 8222.793, 8261.99, 8343.292, 
8486.57999999999, 10302.362, 10257.829, 10531.951, 10626.791, 
10527.903, 10806.284, 11055.492, 1, 1, 1, 1, 1, 1, 1, 1, 1, 1, 
1, 0.06667, 0.06667, 0.06667, 0.06667, 0.06667, 0.06667, 0.06667, 
0.06667, 0.06667, 0.06667, 0.06667, 0, 0, 0, 0, 0, 0, 0, 0, 0, 
0, 0, 0, 0, 0, 0, 0, 0, 0, 0, 0, 0, 0, 0.41894, 0.47683, 0.44836, 
0.48897, 0.5069, 0.53291, 0.55254, 0.5666, 0.58542, 0.58977, 
0.61476, 0.39746, 0.46348, 0.44308, 0.49541, 0.52912, 0.53109, 
0.56333, 0.54232, 0.57999, 0.60589, 0.63528, 0.0593, 0.0624, 
0.0672, 0.0715, 0.0754, 0.0785, 0.0873, 0.0973, 0.1005, 0.098, 
0.1144, 134, 147.1, 160.2, 172.7, 186.5, 200.3, 213.4, 224.7, 
238.2, 251.5, 265.4, 1, 1, 1, 1, 1, 1, 1, 1, 1, 1, 1, 1, 1, 1, 
1, 1, 1, 1, 1, 1, 1, 1, 1, 1, 1, 1, 1, 1, 1, 1, 1, 1, 1, 1, 1, 
1, 1, 1, 1, 1, 1, 1, 1, 1, 3.312, 3.339, 3.37, 3.337, 4.018, 
3.979, 4.316, 4.509, 4.457, 4.148, 4.65), .Dim = c(11L, 40L), .Dimnames = list(
    NULL, c("Sampling", "PSO.cost", "PSO.gamma", "PSO.data.balancing", 
    "PSO.feature.selection", "PSO.valid.acc", "PSO.test.acc", 
    "PSO.train.time", "PSO.n.support.vectors", "PSO.index", "PSO.n.solutions", 
    "PSO.generations", "PSO.n.evaluations", "PSO.cpu.time", "RS.cost", 
    "RS.gamma", "RS.data.balancing", "RS.feature.selection", 
    "RS.valid.acc", "RS.test.acc", "RS.train.time", "RS.n.support.vectors", 
    "RS.index", "RS.n.solutions", "RS.generations", "RS.n.evaluations", 
    "RS.cpu.time", "DF.cost", "DF.gamma", "DF.data.balancing", 
    "DF.feature.selection", "DF.valid.acc", "DF.test.acc", "DF.train.time", 
    "DF.n.support.vectors", "DF.index", "DF.n.solutions", "DF.generations", 
    "DF.n.evaluations", "DF.cpu.time")))
