full <-
structure(c(50, 55, 60, 65, 70, 75, 80, 85, 90, 95, 100, 8.7706, 
11.19117, 11.51764, 7.07968, 7.3346, 14.54356, 13.10324, 15, 
11.54019, 13.19222, 13.68705, -10.26577, -9.54934, -10.70511, 
-6.09396, -6.46995, -12.09308, -14.39261, -13.22418, -8.61191, 
-10.41954, -14.55032, 0, 0, 0, 0, 0, 0, 0, 0, 0, 0, 0, 0, 0, 
0, 0, 0, 0, 0, 0, 0, 0, 0, 0.68185, 0.72231, 0.74754, 0.75633, 
0.74925, 0.7887, 0.77682, 0.78259, 0.76613, 0.80926, 0.77315, 
0.64072, 0.70884, 0.7221, 0.75796, 0.69778, 0.76035, 0.75083, 
0.77544, 0.75951, 0.78753, 0.74535, 0.0515, 0.0532, 0.0607, 0.0658, 
0.0678, 0.0725, 0.0743, 0.0794, 0.0834, 0.0896, 0.0907, 132.5, 
141.7, 154.3, 168.1, 178.9, 187.2, 203.9, 209.5, 222.1, 229.6, 
242.2, 453, 188, 1222, 404, 331, 152, 1112, 243, 318, 315, 489, 
9, 409, 15, 54, 557, 774, 7, 382, 163, 225, 215, 100, 100, 100, 
100, 100, 100, 100, 100, 100, 100, 100, 2500, 2500, 2500, 2500, 
2500, 2500, 2500, 2500, 2500, 2500, 2500, 8054.116, 8301.771, 
8076.476, 8352.519, 8627.632, 8428.40700000001, 8540.033, 9188.89, 
9185.30600000001, 9019.791, 9062.31699999998, 10.82497, 9.88777, 
11.99157, 8.33269, 7.50825, 13.61401, 9.57314, 14.75808, 13.36589, 
13.95868, 11.64065, -9.59103, -8.53794, -11.04235, -8.64004, 
-6.55836, -11.0884, -10.84835, -12.98126, -13.137, -10.81392, 
-12.50418, 0, 0, 0, 0, 0, 0, 0, 0, 0, 0, 0, 0, 0, 0, 0, 0, 0, 
0, 0, 0, 0, 0, 0.67969, 0.72231, 0.74319, 0.75554, 0.7454, 0.7847, 
0.77337, 0.78259, 0.76492, 0.80633, 0.77315, 0.68166, 0.69182, 
0.7224, 0.73972, 0.69778, 0.75651, 0.75083, 0.77544, 0.74065, 
0.78735, 0.74535, 0.0498, 0.0539, 0.058, 0.0593, 0.0668, 0.0669, 
0.0746, 0.0828, 0.0862, 0.0918, 0.0941, 131.4, 141.8, 154.3, 
167.3, 178.8, 187.2, 203.9, 209.7, 223, 229, 242.2, 456, 130, 
307, 128, 1494, 1108, 2024, 959, 466, 1418, 851, 2, 2, 5, 1, 
1, 4, 1, 1, 3, 3, 1, 100, 100, 100, 100, 100, 100, 100, 100, 
100, 100, 100, 2500, 2500, 2500, 2500, 2500, 2500, 2500, 2500, 
2500, 2500, 2500, 8302.486, 8233.182, 8073.888, 8428.431, 8539.064, 
8537.042, 8947.31, 9239.25099999999, 9099.26500000001, 9146.11600000001, 
9442.84599999999, 1, 1, 1, 1, 1, 1, 1, 1, 1, 1, 1, 0.06667, 0.06667, 
0.06667, 0.06667, 0.06667, 0.06667, 0.06667, 0.06667, 0.06667, 
0.06667, 0.06667, 0, 0, 0, 0, 0, 0, 0, 0, 0, 0, 0, 0, 0, 0, 0, 
0, 0, 0, 0, 0, 0, 0, 0.4177, 0.44297, 0.50432, 0.52152, 0.51368, 
0.56945, 0.56116, 0.60646, 0.61096, 0.60634, 0.6094, 0.43484, 
0.481, 0.51532, 0.50427, 0.54667, 0.58547, 0.5868, 0.58598, 0.62165, 
0.59663, 0.62197, 0.0536, 0.058, 0.0615, 0.0664, 0.0723, 0.0765, 
0.0809, 0.085, 0.0892, 0.0894, 0.098, 135.9, 148.7, 162.1, 175.7, 
189.2, 201.7, 215.1, 229, 241.9, 252.7, 265, 1, 1, 1, 1, 1, 1, 
1, 1, 1, 1, 1, 1, 1, 1, 1, 1, 1, 1, 1, 1, 1, 1, 1, 1, 1, 1, 1, 
1, 1, 1, 1, 1, 1, 1, 1, 1, 1, 1, 1, 1, 1, 1, 1, 1, 3.318, 3.159, 
3.187, 3.399, 3.396, 3.363, 3.781, 3.769, 3.656, 3.617, 3.796
), .Dim = c(11L, 40L), .Dimnames = list(NULL, c("Sampling", "PSO.cost", 
"PSO.gamma", "PSO.data.balancing", "PSO.feature.selection", "PSO.valid.acc", 
"PSO.test.acc", "PSO.train.time", "PSO.n.support.vectors", "PSO.index", 
"PSO.n.solutions", "PSO.generations", "PSO.n.evaluations", "PSO.cpu.time", 
"RS.cost", "RS.gamma", "RS.data.balancing", "RS.feature.selection", 
"RS.valid.acc", "RS.test.acc", "RS.train.time", "RS.n.support.vectors", 
"RS.index", "RS.n.solutions", "RS.generations", "RS.n.evaluations", 
"RS.cpu.time", "DF.cost", "DF.gamma", "DF.data.balancing", "DF.feature.selection", 
"DF.valid.acc", "DF.test.acc", "DF.train.time", "DF.n.support.vectors", 
"DF.index", "DF.n.solutions", "DF.generations", "DF.n.evaluations", 
"DF.cpu.time")))
