full <-
structure(c(50, 55, 60, 65, 70, 75, 80, 85, 90, 95, 100, 4.09222, 
10.24798, 13.11575, 5.27804, 7.99392, 4.06114, 11.2304, 8.86778, 
9.91193, 12.222, 7.64985, -4.98395, -9.20628, -12.05565, -5.35919, 
-6.86192, -5.77715, -8.87546, -10.7249, -7.31989, -7.87743, -8.89274, 
0, 0, 0, 0, 0, 0, 0, 0, 0, 0, 0, 0, 0, 0, 0, 0, 0, 0, 0, 0, 0, 
0, 0.67446, 0.68243, 0.71198, 0.70232, 0.74367, 0.73508, 0.74797, 
0.75244, 0.75933, 0.78788, 0.76645, 0.64145, 0.68845, 0.68775, 
0.68305, 0.73007, 0.70642, 0.72191, 0.73999, 0.74236, 0.77678, 
0.73863, 0.0547, 0.0569, 0.0606, 0.0616, 0.0724, 0.0769, 0.0779, 
0.0817, 0.0854, 0.0883, 0.0973, 131.4, 139, 150.6, 168.1, 173.4, 
191.8, 196.8, 214, 218.8, 227.9, 245.3, 1739, 344, 76, 2341, 
529, 569, 644, 142, 2000, 248, 569, 7, 392, 59, 1, 361, 67, 237, 
112, 6, 875, 96, 100, 100, 100, 100, 100, 100, 100, 100, 100, 
100, 100, 2500, 2500, 2500, 2500, 2500, 2500, 2500, 2500, 2500, 
2500, 2500, 7749.592, 7605.282, 7653.572, 7802.442, 8217.17799999999, 
8151.32000000001, 8478.82500000001, 8432.44500000001, 8523.69600000001, 
8876.28599999999, 8948.42499999999, 3.67411, 10.07114, 14.30928, 
7.63719, 6.74836, 8.1789, 10.59661, 6.6145, 11.38624, 12.08426, 
7.54095, -3.37687, -9.0275, -13.23511, -8.94212, -5.9971, -10.28669, 
-8.23077, -8.48416, -8.62608, -7.69973, -8.95568, 0, 0, 0, 0, 
0, 0, 0, 0, 0, 0, 0, 0, 0, 0, 0, 0, 0, 0, 0, 0, 0, 0, 0.67946, 
0.68243, 0.71198, 0.70114, 0.73513, 0.73156, 0.74426, 0.75244, 
0.75307, 0.78788, 0.7636, 0.6154, 0.68845, 0.69251, 0.68218, 
0.7212, 0.71811, 0.72576, 0.74319, 0.75549, 0.77981, 0.72729, 
0.0582, 0.0561, 0.0594, 0.064, 0.0688, 0.0745, 0.0793, 0.0825, 
0.0891, 0.0946, 0.0955, 131.1, 139, 150.4, 164.5, 175.3, 189.9, 
197.2, 214.6, 217, 228.4, 246.2, 773, 683, 392, 647, 1569, 227, 
2411, 580, 42, 1526, 1537, 1, 5, 2, 1, 1, 2, 1, 3, 5, 1, 1, 100, 
100, 100, 100, 100, 100, 100, 100, 100, 100, 100, 2500, 2500, 
2500, 2500, 2500, 2500, 2500, 2500, 2500, 2500, 2500, 7690.229, 
7677.861, 7528.398, 7860.106, 8110.193, 8412.185, 8525.82100000001, 
8592.435, 8804.307, 8911.693, 9123.02900000001, 1, 1, 1, 1, 1, 
1, 1, 1, 1, 1, 1, 0.06667, 0.06667, 0.06667, 0.06667, 0.06667, 
0.06667, 0.06667, 0.06667, 0.06667, 0.06667, 0.06667, 0, 0, 0, 
0, 0, 0, 0, 0, 0, 0, 0, 0, 0, 0, 0, 0, 0, 0, 0, 0, 0, 0, 0.48465, 
0.4779, 0.53361, 0.54016, 0.55665, 0.60435, 0.59263, 0.60552, 
0.6027, 0.60808, 0.63041, 0.47495, 0.49244, 0.54451, 0.58613, 
0.57444, 0.6098, 0.59606, 0.60529, 0.59224, 0.60727, 0.61746, 
0.0555, 0.0605, 0.0633, 0.0726, 0.076, 0.0793, 0.0856, 0.0848, 
0.0924, 0.1011, 0.1038, 133.8, 147.1, 160.1, 172.9, 186.7, 201, 
212.7, 225.4, 239.6, 252.8, 264.9, 1, 1, 1, 1, 1, 1, 1, 1, 1, 
1, 1, 1, 1, 1, 1, 1, 1, 1, 1, 1, 1, 1, 1, 1, 1, 1, 1, 1, 1, 1, 
1, 1, 1, 1, 1, 1, 1, 1, 1, 1, 1, 1, 1, 1, 3.049, 3.067, 3.037, 
3.266, 3.3, 3.385, 3.439, 3.287, 3.449, 3.669, 3.752), .Dim = c(11L, 
40L), .Dimnames = list(NULL, c("Sampling", "PSO.cost", "PSO.gamma", 
"PSO.data.balancing", "PSO.feature.selection", "PSO.valid.acc", 
"PSO.test.acc", "PSO.train.time", "PSO.n.support.vectors", "PSO.index", 
"PSO.n.solutions", "PSO.generations", "PSO.n.evaluations", "PSO.cpu.time", 
"RS.cost", "RS.gamma", "RS.data.balancing", "RS.feature.selection", 
"RS.valid.acc", "RS.test.acc", "RS.train.time", "RS.n.support.vectors", 
"RS.index", "RS.n.solutions", "RS.generations", "RS.n.evaluations", 
"RS.cpu.time", "DF.cost", "DF.gamma", "DF.data.balancing", "DF.feature.selection", 
"DF.valid.acc", "DF.test.acc", "DF.train.time", "DF.n.support.vectors", 
"DF.index", "DF.n.solutions", "DF.generations", "DF.n.evaluations", 
"DF.cpu.time")))
