full <-
structure(c(50, 55, 60, 65, 70, 75, 80, 85, 90, 95, 100, 6.86642, 
10.68815, 15, 15, 14.46399, 14.99862, 10.61587, 10.9849, 15, 
15, 15, -8.62564, -5.28732, -6.95944, -14.31158, -12.72012, -7.75486, 
-8.27827, -7.96224, -14.07189, -14.58605, -13.39855, 0, 0, 0, 
0, 0, 0, 0, 0, 0, 0, 0, 0, 0, 0, 0, 0, 0, 0, 0, 0, 0, 0, 0.63629, 
0.66109, 0.68857, 0.70583, 0.70387, 0.74638, 0.75855, 0.74298, 
0.74027, 0.77855, 0.76251, 0.59697, 0.62182, 0.64459, 0.66641, 
0.70179, 0.70803, 0.73103, 0.72714, 0.72346, 0.75229, 0.74894, 
0.0538, 0.0604, 0.0628, 0.0662, 0.0669, 0.0739, 0.0784, 0.0827, 
0.0879, 0.0896, 0.0946, 131.5, 145.4, 154, 163.8, 172, 184.1, 
194.2, 204.8, 213.7, 229.8, 236.7, 860, 106, 45, 380, 1640, 97, 
940, 317, 106, 517, 193, 59, 777, 1486, 10, 1, 1500, 82, 97, 
196, 75, 252, 100, 100, 100, 100, 100, 100, 100, 100, 100, 100, 
100, 2500, 2500, 2500, 2500, 2500, 2500, 2500, 2500, 2500, 2500, 
2500, 7473.481, 7633.561, 7711.225, 7785.644, 7936.32699999999, 
8145.69100000001, 8259.836, 8376.38500000001, 8451.811, 8550.56, 
8775.698, 6.80328, 11.15937, 12.19957, 14.83134, 13.74491, 14.64826, 
10.54741, 10.87699, 12.41405, 14.80705, 14.08645, -8.52327, -5.30509, 
-6.61678, -13.35958, -11.08456, -7.79267, -8.33513, -7.88461, 
-11.91982, -14.38132, -11.89304, 0, 0, 0, 0, 0, 0, 0, 0, 0, 0, 
0, 0, 0, 0, 0, 0, 0, 0, 0, 0, 0, 0, 0.63629, 0.66109, 0.68857, 
0.6969, 0.7, 0.74638, 0.75485, 0.74298, 0.7403, 0.77522, 0.76241, 
0.5917, 0.62182, 0.64066, 0.66707, 0.71021, 0.70803, 0.73197, 
0.72714, 0.73015, 0.75229, 0.76936, 0.0549, 0.0594, 0.0636, 0.0659, 
0.0647, 0.0748, 0.0779, 0.085, 0.0818, 0.0886, 0.0961, 131.5, 
145.4, 154.5, 163.1, 172.2, 184.1, 193.9, 205.3, 214.4, 229.8, 
235, 718, 47, 56, 49, 618, 70, 1197, 857, 323, 2476, 898, 1, 
7, 25, 4, 1, 30, 1, 2, 1, 1, 2, 100, 100, 100, 100, 100, 100, 
100, 100, 100, 100, 100, 2500, 2500, 2500, 2500, 2500, 2500, 
2500, 2500, 2500, 2500, 2500, 7534.029, 7633.134, 7726.413, 7856.374, 
8038.075, 8208.436, 8361.94, 8496.45, 8612.82800000001, 8820.20600000001, 
9033.60400000002, 1, 1, 1, 1, 1, 1, 1, 1, 1, 1, 1, 0.06667, 0.06667, 
0.06667, 0.06667, 0.06667, 0.06667, 0.06667, 0.06667, 0.06667, 
0.06667, 0.06667, 0, 0, 0, 0, 0, 0, 0, 0, 0, 0, 0, 0, 0, 0, 0, 
0, 0, 0, 0, 0, 0, 0, 0.4763, 0.46768, 0.52242, 0.55536, 0.56449, 
0.54762, 0.56106, 0.56958, 0.61835, 0.58516, 0.61029, 0.43763, 
0.51606, 0.51748, 0.56593, 0.56489, 0.55376, 0.57549, 0.57768, 
0.57937, 0.5866, 0.60796, 0.0574, 0.0608, 0.0649, 0.07, 0.0756, 
0.0738, 0.0826, 0.085, 0.0927, 0.098, 0.1023, 135.8, 149.5, 161.7, 
174.4, 187.7, 201.3, 214.1, 227.5, 239.8, 252.9, 265.5, 1, 1, 
1, 1, 1, 1, 1, 1, 1, 1, 1, 1, 1, 1, 1, 1, 1, 1, 1, 1, 1, 1, 1, 
1, 1, 1, 1, 1, 1, 1, 1, 1, 1, 1, 1, 1, 1, 1, 1, 1, 1, 1, 1, 1, 
3.01, 3.05, 3.086, 3.18, 3.255, 3.304, 3.359, 3.398, 3.45, 3.53, 
3.57), .Dim = c(11L, 40L), .Dimnames = list(NULL, c("Sampling", 
"PSO.cost", "PSO.gamma", "PSO.data.balancing", "PSO.feature.selection", 
"PSO.valid.acc", "PSO.test.acc", "PSO.train.time", "PSO.n.support.vectors", 
"PSO.index", "PSO.n.solutions", "PSO.generations", "PSO.n.evaluations", 
"PSO.cpu.time", "RS.cost", "RS.gamma", "RS.data.balancing", "RS.feature.selection", 
"RS.valid.acc", "RS.test.acc", "RS.train.time", "RS.n.support.vectors", 
"RS.index", "RS.n.solutions", "RS.generations", "RS.n.evaluations", 
"RS.cpu.time", "DF.cost", "DF.gamma", "DF.data.balancing", "DF.feature.selection", 
"DF.valid.acc", "DF.test.acc", "DF.train.time", "DF.n.support.vectors", 
"DF.index", "DF.n.solutions", "DF.generations", "DF.n.evaluations", 
"DF.cpu.time")))
