full <-
structure(c(50, 55, 60, 65, 70, 75, 80, 85, 90, 95, 100, 13.73059, 
11.05205, 6.436, 5.25132, 9.72552, 10.75639, 15, 12.27619, 15, 
9.18525, 14.7546, -14.08566, -8.93295, -5.57027, -5.65501, -7.22704, 
-8.29594, -10.57511, -9.34159, -14.41888, -8.37668, -11.31901, 
0, 0, 0, 0, 0, 0, 0, 0, 0, 0, 0, 0, 0, 0, 0, 0, 0, 0, 0, 0, 0, 
0, 0.68632, 0.72013, 0.73566, 0.73505, 0.74461, 0.74523, 0.7592, 
0.78179, 0.78898, 0.77296, 0.77308, 0.67156, 0.69025, 0.71568, 
0.70497, 0.75205, 0.73781, 0.75345, 0.78768, 0.7634, 0.73864, 
0.7607, 0.0542, 0.0574, 0.0633, 0.0654, 0.0664, 0.0738, 0.0786, 
0.0815, 0.0877, 0.0918, 0.1045, 128.9, 139.4, 156.3, 168.9, 178.9, 
188.7, 197.7, 206.8, 217.8, 230.4, 236.1, 94, 408, 192, 1061, 
450, 1645, 52, 1066, 130, 1926, 227, 142, 108, 207, 104, 497, 
2, 1682, 38, 222, 3, 375, 100, 100, 100, 100, 100, 100, 100, 
100, 100, 100, 100, 2500, 2500, 2500, 2500, 2500, 2500, 2500, 
2500, 2500, 2500, 2500, 7518.274, 7652.977, 7715.715, 7865.328, 
7771.608, 8059.22500000001, 8253.09, 8351.124, 10762.918, 10826.888, 
11002.714, 11.29786, 10.71653, 10.83963, 4.48089, 12.58922, 12.77739, 
14.76726, 12.65774, 13.19778, 10.26071, 14.3304, -11.72197, -8.70127, 
-11.51952, -4.81889, -7.57382, -10.88666, -10.91107, -9.7067, 
-12.58875, -10.09567, -11.51574, 0, 0, 0, 0, 0, 0, 0, 0, 0, 0, 
0, 0, 0, 0, 0, 0, 0, 0, 0, 0, 0, 0, 0.68632, 0.72013, 0.73101, 
0.72774, 0.73658, 0.74158, 0.7592, 0.77846, 0.78898, 0.77064, 
0.77042, 0.6747, 0.7093, 0.68397, 0.7002, 0.73986, 0.7264, 0.75345, 
0.78768, 0.7634, 0.74521, 0.75497, 0.0531, 0.0567, 0.0603, 0.0635, 
0.0698, 0.0724, 0.0786, 0.084, 0.0868, 0.0961, 0.1039, 129, 139.4, 
153.8, 171, 178.5, 186.7, 197.5, 207, 218, 229.3, 236.2, 385, 
1229, 139, 2482, 255, 661, 823, 1628, 335, 369, 1769, 4, 2, 15, 
2, 1, 1, 4, 1, 4, 1, 2, 100, 100, 100, 100, 100, 100, 100, 100, 
100, 100, 100, 2500, 2500, 2500, 2500, 2500, 2500, 2500, 2500, 
2500, 2500, 2500, 7572.517, 7628.767, 7712.432, 7640.901, 7989.891, 
8108.43799999999, 8326.336, 9979.311, 10963.131, 10938.005, 11278.113, 
1, 1, 1, 1, 1, 1, 1, 1, 1, 1, 1, 0.06667, 0.06667, 0.06667, 0.06667, 
0.06667, 0.06667, 0.06667, 0.06667, 0.06667, 0.06667, 0.06667, 
0, 0, 0, 0, 0, 0, 0, 0, 0, 0, 0, 0, 0, 0, 0, 0, 0, 0, 0, 0, 0, 
0, 0.45376, 0.45549, 0.5226, 0.56886, 0.55213, 0.56034, 0.57805, 
0.58507, 0.6013, 0.61201, 0.60587, 0.43781, 0.49066, 0.50692, 
0.54872, 0.55697, 0.58594, 0.58879, 0.57239, 0.60234, 0.61319, 
0.60287, 0.055, 0.0588, 0.0627, 0.0639, 0.0716, 0.0767, 0.0819, 
0.0954, 0.0957, 0.0989, 0.1105, 135.2, 147, 161.2, 174.7, 188.4, 
202.2, 216, 226.7, 238.9, 253.3, 265.7, 1, 1, 1, 1, 1, 1, 1, 
1, 1, 1, 1, 1, 1, 1, 1, 1, 1, 1, 1, 1, 1, 1, 1, 1, 1, 1, 1, 1, 
1, 1, 1, 1, 1, 1, 1, 1, 1, 1, 1, 1, 1, 1, 1, 1, 3.047, 3.031, 
3.092, 2.957, 3.2, 3.246, 3.356, 4.394, 4.303, 4.151, 4.59), .Dim = c(11L, 
40L), .Dimnames = list(NULL, c("Sampling", "PSO.cost", "PSO.gamma", 
"PSO.data.balancing", "PSO.feature.selection", "PSO.valid.acc", 
"PSO.test.acc", "PSO.train.time", "PSO.n.support.vectors", "PSO.index", 
"PSO.n.solutions", "PSO.generations", "PSO.n.evaluations", "PSO.cpu.time", 
"RS.cost", "RS.gamma", "RS.data.balancing", "RS.feature.selection", 
"RS.valid.acc", "RS.test.acc", "RS.train.time", "RS.n.support.vectors", 
"RS.index", "RS.n.solutions", "RS.generations", "RS.n.evaluations", 
"RS.cpu.time", "DF.cost", "DF.gamma", "DF.data.balancing", "DF.feature.selection", 
"DF.valid.acc", "DF.test.acc", "DF.train.time", "DF.n.support.vectors", 
"DF.index", "DF.n.solutions", "DF.generations", "DF.n.evaluations", 
"DF.cpu.time")))
