full <-
structure(c(50, 55, 60, 65, 70, 75, 80, 85, 90, 95, 100, 7.87713, 
6.02387, 8.63918, 7.43663, 14.49479, 6.82899, 12.89023, 4.8537, 
15, 13.70124, 15, -8.63598, -5.74245, -7.61156, -7.17796, -12.36061, 
-6.8314, -7.2454, -4.99369, -10.7097, -14.80459, -8.87576, 0, 
0, 0, 0, 0, 0, 0, 0, 0, 0, 0, 0, 0, 0, 0, 0, 0, 0, 0, 0, 0, 0, 
0.66903, 0.66557, 0.66841, 0.70771, 0.70337, 0.73536, 0.74657, 
0.7574, 0.7597, 0.75188, 0.7661, 0.63119, 0.63923, 0.64978, 0.68524, 
0.71119, 0.70871, 0.74441, 0.73374, 0.74356, 0.74564, 0.74188, 
0.0531, 0.0587, 0.0623, 0.0652, 0.0675, 0.0707, 0.0756, 0.0822, 
0.0877, 0.0873, 0.097, 131.2, 142.2, 155.3, 165.2, 172.5, 189, 
197, 216.2, 213, 229.4, 233.8, 2137, 218, 2459, 1965, 99, 1508, 
508, 92, 88, 276, 108, 3, 105, 1, 9, 245, 31, 210, 96, 1651, 
340, 1718, 100, 100, 100, 100, 100, 100, 100, 100, 100, 100, 
100, 2500, 2500, 2500, 2500, 2500, 2500, 2500, 2500, 2500, 2500, 
2500, 7319.846, 7460.332, 7605.759, 7710.45699999999, 7783.853, 
7903.19900000001, 8035.12400000001, 8273.518, 8379.24199999998, 
8423.84900000002, 8589.337, 7.25623, 7.67361, 6.51233, 3.66021, 
14.1573, 7.6929, 13.16654, 4.2335, 14.86996, 12.0315, 13.10616, 
-8.06065, -7.11003, -5.57756, -3.69158, -12.00027, -7.52364, 
-7.24425, -4.32465, -10.29306, -13.23154, -8.69559, 0, 0, 0, 
0, 0, 0, 0, 0, 0, 0, 0, 0, 0, 0, 0, 0, 0, 0, 0, 0, 0, 0, 0.66903, 
0.6633, 0.66887, 0.70257, 0.70337, 0.73151, 0.74657, 0.75703, 
0.7597, 0.75188, 0.7661, 0.63119, 0.65802, 0.66343, 0.67191, 
0.71574, 0.71303, 0.74441, 0.74043, 0.74379, 0.74261, 0.7391, 
0.0531, 0.0574, 0.063, 0.0657, 0.068, 0.0726, 0.0755, 0.0844, 
0.0873, 0.0892, 0.0946, 131.4, 142.1, 156.6, 169.4, 172.6, 186.8, 
196.8, 217.6, 213, 229.3, 233.8, 970, 170, 2450, 448, 1265, 321, 
2465, 1028, 567, 1209, 109, 1, 2, 1, 1, 4, 2, 1, 1, 3, 1, 6, 
100, 100, 100, 100, 100, 100, 100, 100, 100, 100, 100, 2500, 
2500, 2500, 2500, 2500, 2500, 2500, 2500, 2500, 2500, 2500, 7433.116, 
7524.8, 7639.756, 7762.195, 7860.70600000001, 7991.81599999999, 
8177.041, 8346.485, 8527.48300000001, 8663.69099999999, 8774.49600000001, 
1, 1, 1, 1, 1, 1, 1, 1, 1, 1, 1, 0.06667, 0.06667, 0.06667, 0.06667, 
0.06667, 0.06667, 0.06667, 0.06667, 0.06667, 0.06667, 0.06667, 
0, 0, 0, 0, 0, 0, 0, 0, 0, 0, 0, 0, 0, 0, 0, 0, 0, 0, 0, 0, 0, 
0, 0.42487, 0.44663, 0.52088, 0.50089, 0.52884, 0.5588, 0.55205, 
0.57276, 0.59199, 0.60242, 0.61169, 0.46027, 0.46143, 0.48373, 
0.50934, 0.53594, 0.549, 0.55231, 0.55354, 0.59657, 0.60213, 
0.61938, 0.0532, 0.058, 0.0634, 0.0671, 0.0725, 0.0753, 0.081, 
0.0829, 0.0905, 0.0974, 0.1027, 135, 148.4, 161.5, 174.2, 187.8, 
201.3, 214.1, 226.5, 239.8, 252.2, 264.8, 1, 1, 1, 1, 1, 1, 1, 
1, 1, 1, 1, 1, 1, 1, 1, 1, 1, 1, 1, 1, 1, 1, 1, 1, 1, 1, 1, 1, 
1, 1, 1, 1, 1, 1, 1, 1, 1, 1, 1, 1, 1, 1, 1, 1, 2.887, 3.012, 
3.037, 3.118, 3.177, 3.087, 3.318, 3.207, 3.421, 3.396, 3.512
), .Dim = c(11L, 40L), .Dimnames = list(NULL, c("Sampling", "PSO.cost", 
"PSO.gamma", "PSO.data.balancing", "PSO.feature.selection", "PSO.valid.acc", 
"PSO.test.acc", "PSO.train.time", "PSO.n.support.vectors", "PSO.index", 
"PSO.n.solutions", "PSO.generations", "PSO.n.evaluations", "PSO.cpu.time", 
"RS.cost", "RS.gamma", "RS.data.balancing", "RS.feature.selection", 
"RS.valid.acc", "RS.test.acc", "RS.train.time", "RS.n.support.vectors", 
"RS.index", "RS.n.solutions", "RS.generations", "RS.n.evaluations", 
"RS.cpu.time", "DF.cost", "DF.gamma", "DF.data.balancing", "DF.feature.selection", 
"DF.valid.acc", "DF.test.acc", "DF.train.time", "DF.n.support.vectors", 
"DF.index", "DF.n.solutions", "DF.generations", "DF.n.evaluations", 
"DF.cpu.time")))
