full <-
structure(c(50, 55, 60, 65, 70, 75, 80, 85, 90, 95, 100, 14.8099, 
10.77803, 11.67926, 6.92184, 7.68574, 13.97549, 8.95432, 9.0437, 
8.51818, 11.46413, 15, -15, -8.39652, -9.93308, -4.54239, -5.9061, 
-14.88936, -9.74074, -6.61128, -10.28933, -8.64282, -11.07643, 
0, 0, 0, 0, 0, 0, 0, 0, 0, 0, 0, 0, 0, 0, 0, 0, 0, 0, 0, 0, 0, 
0, 0.61363, 0.66014, 0.67335, 0.68387, 0.72626, 0.72633, 0.75036, 
0.7393, 0.76423, 0.77853, 0.77053, 0.6113, 0.61725, 0.64114, 
0.66466, 0.6629, 0.69802, 0.72335, 0.70017, 0.71452, 0.75678, 
0.78115, 0.0536, 0.0567, 0.0637, 0.0657, 0.0677, 0.0759, 0.073, 
0.0865, 0.0846, 0.096, 0.0986, 130.1, 140.5, 152.5, 168.9, 178.1, 
188.6, 199.5, 209.6, 222.2, 228.1, 235.3, 83, 938, 404, 225, 
368, 294, 447, 329, 1400, 43, 60, 279, 39, 132, 82, 893, 119, 
103, 724, 19, 466, 1432, 100, 100, 100, 100, 100, 100, 100, 100, 
100, 100, 100, 2500, 2500, 2500, 2500, 2500, 2500, 2500, 2500, 
2500, 2500, 2500, 7255.926, 7480.258, 7620.015, 7912.372, 7818.203, 
8000.383, 8032.558, 8295.20699999999, 8346.38400000001, 8451.78699999998, 
8616.63, 14.13433, 13.80979, 12.24241, 6.96395, 7.71167, 8.45323, 
8.74199, 9.22201, 8.56842, 11.92505, 14.31218, -14.29401, -6.18616, 
-10.47564, -4.43005, -5.84047, -9.40457, -9.51644, -6.71678, 
-10.33787, -8.88562, -10.66814, 0, 0, 0, 0, 0, 0, 0, 0, 0, 0, 
0, 0, 0, 0, 0, 0, 0, 0, 0, 0, 0, 0, 0.60837, 0.65532, 0.67335, 
0.68387, 0.72626, 0.72276, 0.74679, 0.7393, 0.76423, 0.77853, 
0.77053, 0.61845, 0.60078, 0.64568, 0.65892, 0.66706, 0.69047, 
0.73062, 0.6966, 0.71452, 0.75678, 0.78687, 0.0531, 0.0556, 0.0647, 
0.0703, 0.0676, 0.069, 0.0778, 0.0823, 0.0852, 0.092, 0.099, 
130.1, 143.5, 152.2, 169.2, 178.7, 188.7, 199.4, 209.8, 222.2, 
227.8, 235.8, 1475, 341, 133, 1058, 297, 556, 1679, 2355, 1439, 
2139, 589, 1, 14, 2, 2, 1, 1, 1, 1, 1, 1, 4, 100, 100, 100, 100, 
100, 100, 100, 100, 100, 100, 100, 2500, 2500, 2500, 2500, 2500, 
2500, 2500, 2500, 2500, 2500, 2500, 7297.465, 7559.636, 7793.594, 
7688.905, 7962.387, 8047.933, 8362.643, 8404.486, 8518.91800000001, 
8639.82399999999, 8810.43100000001, 1, 1, 1, 1, 1, 1, 1, 1, 1, 
1, 1, 0.06667, 0.06667, 0.06667, 0.06667, 0.06667, 0.06667, 0.06667, 
0.06667, 0.06667, 0.06667, 0.06667, 0, 0, 0, 0, 0, 0, 0, 0, 0, 
0, 0, 0, 0, 0, 0, 0, 0, 0, 0, 0, 0, 0, 0.38145, 0.4356, 0.4797, 
0.53135, 0.53848, 0.55396, 0.57423, 0.59755, 0.62042, 0.62665, 
0.61987, 0.41455, 0.39898, 0.49987, 0.49402, 0.5218, 0.5407, 
0.54513, 0.62087, 0.60361, 0.61476, 0.57851, 0.0554, 0.0618, 
0.0619, 0.0714, 0.0759, 0.0736, 0.08, 0.0892, 0.0962, 0.0986, 
0.0985, 135.6, 149, 161.4, 175.7, 189.7, 202.6, 215.4, 227, 239.9, 
253.5, 265, 1, 1, 1, 1, 1, 1, 1, 1, 1, 1, 1, 1, 1, 1, 1, 1, 1, 
1, 1, 1, 1, 1, 1, 1, 1, 1, 1, 1, 1, 1, 1, 1, 1, 1, 1, 1, 1, 1, 
1, 1, 1, 1, 1, 1, 2.92, 3.16, 3.066, 3.274, 3.345, 3.13, 3.217, 
3.387, 3.567, 3.477, 3.358), .Dim = c(11L, 40L), .Dimnames = list(
    NULL, c("Sampling", "PSO.cost", "PSO.gamma", "PSO.data.balancing", 
    "PSO.feature.selection", "PSO.valid.acc", "PSO.test.acc", 
    "PSO.train.time", "PSO.n.support.vectors", "PSO.index", "PSO.n.solutions", 
    "PSO.generations", "PSO.n.evaluations", "PSO.cpu.time", "RS.cost", 
    "RS.gamma", "RS.data.balancing", "RS.feature.selection", 
    "RS.valid.acc", "RS.test.acc", "RS.train.time", "RS.n.support.vectors", 
    "RS.index", "RS.n.solutions", "RS.generations", "RS.n.evaluations", 
    "RS.cpu.time", "DF.cost", "DF.gamma", "DF.data.balancing", 
    "DF.feature.selection", "DF.valid.acc", "DF.test.acc", "DF.train.time", 
    "DF.n.support.vectors", "DF.index", "DF.n.solutions", "DF.generations", 
    "DF.n.evaluations", "DF.cpu.time")))
