full <-
structure(c(50, 55, 60, 65, 70, 75, 80, 85, 90, 95, 100, 15, 
5.20594, 5.58577, 14.6049, 9.54144, 13.85592, 11.77376, 12.19353, 
15, 12.41856, 15, -13.14925, -7.17395, -6.50422, -12.73643, -7.73499, 
-14.92895, -10.04145, -13.73207, -14.2068, -8.35038, -14.65397, 
0, 0, 0, 0, 0, 0, 0, 0, 0, 0, 0, 0, 0, 0, 0, 0, 0, 0, 0, 0, 0, 
0, 0.63031, 0.62948, 0.66349, 0.70122, 0.74217, 0.72964, 0.72336, 
0.73399, 0.75958, 0.77926, 0.77307, 0.5853, 0.59408, 0.61451, 
0.6965, 0.71559, 0.70679, 0.69335, 0.70911, 0.74232, 0.76125, 
0.74454, 0.056, 0.0575, 0.0622, 0.061, 0.0689, 0.0712, 0.0763, 
0.0799, 0.0829, 0.0901, 0.0916, 129.3, 143.9, 156.6, 162.9, 176.4, 
187.3, 194.1, 211.7, 216.3, 226.7, 238.5, 32, 1761, 282, 4, 262, 
346, 519, 2304, 196, 82, 128, 289, 3, 99, 714, 127, 59, 93, 1, 
36, 881, 564, 100, 100, 100, 100, 100, 100, 100, 100, 100, 100, 
100, 2500, 2500, 2500, 2500, 2500, 2500, 2500, 2500, 2500, 2500, 
2500, 7896.36, 8086.862, 8438.193, 8277.768, 8340.84800000001, 
8563.31199999999, 8746.18399999999, 8933.995, 8848.56200000001, 
9194.25499999998, 9051.00099999999, 12.26042, 5.16482, 10.17103, 
14.11198, 10.18404, 7.89561, 12.2027, 8.64832, 11.2205, 11.89734, 
12.01253, -10.21962, -7.13635, -11.25429, -12.37459, -8.29513, 
-8.93834, -10.27433, -10.33516, -7.13359, -7.98106, -11.66079, 
0, 0, 0, 0, 0, 0, 0, 0, 0, 0, 0, 0, 0, 0, 0, 0, 0, 0, 0, 0, 0, 
0, 0.63172, 0.62948, 0.65985, 0.70122, 0.73783, 0.72564, 0.71979, 
0.73029, 0.75932, 0.77926, 0.77315, 0.5853, 0.59408, 0.62151, 
0.69195, 0.72429, 0.70664, 0.69323, 0.71946, 0.74245, 0.75831, 
0.7501, 0.053, 0.0561, 0.0589, 0.065, 0.0666, 0.0703, 0.0773, 
0.0789, 0.0859, 0.09, 0.0912, 129.7, 143.9, 153.7, 163, 176, 
188.4, 194, 212.4, 219.7, 227, 238.5, 531, 1658, 203, 724, 426, 
36, 748, 160, 1349, 1170, 1195, 1, 1, 9, 5, 1, 10, 6, 3, 1, 2, 
1, 100, 100, 100, 100, 100, 100, 100, 100, 100, 100, 100, 2500, 
2500, 2500, 2500, 2500, 2500, 2500, 2500, 2500, 2500, 2500, 7863.792, 
8211.456, 8283.854, 8289.413, 8411.91899999999, 8796.606, 9038.762, 
8857.927, 9131.88200000001, 9461.908, 9510.13200000001, 1, 1, 
1, 1, 1, 1, 1, 1, 1, 1, 1, 0.06667, 0.06667, 0.06667, 0.06667, 
0.06667, 0.06667, 0.06667, 0.06667, 0.06667, 0.06667, 0.06667, 
0, 0, 0, 0, 0, 0, 0, 0, 0, 0, 0, 0, 0, 0, 0, 0, 0, 0, 0, 0, 0, 
0, 0.41134, 0.45018, 0.53097, 0.503, 0.57793, 0.55663, 0.56266, 
0.56706, 0.60859, 0.61169, 0.60235, 0.39755, 0.4542, 0.51644, 
0.52201, 0.56936, 0.54629, 0.58059, 0.59478, 0.59489, 0.60875, 
0.60477, 0.0546, 0.0596, 0.0642, 0.0675, 0.0702, 0.0742, 0.0827, 
0.0854, 0.0914, 0.096, 0.1014, 136, 149.3, 162.4, 176.1, 188.5, 
201.9, 214.1, 227.9, 240.7, 251.5, 265, 1, 1, 1, 1, 1, 1, 1, 
1, 1, 1, 1, 1, 1, 1, 1, 1, 1, 1, 1, 1, 1, 1, 1, 1, 1, 1, 1, 1, 
1, 1, 1, 1, 1, 1, 1, 1, 1, 1, 1, 1, 1, 1, 1, 1, 3.13, 3.365, 
3.24, 3.327, 3.379, 3.463, 3.591, 3.518, 3.65, 3.817, 3.823), .Dim = c(11L, 
40L), .Dimnames = list(NULL, c("Sampling", "PSO.cost", "PSO.gamma", 
"PSO.data.balancing", "PSO.feature.selection", "PSO.valid.acc", 
"PSO.test.acc", "PSO.train.time", "PSO.n.support.vectors", "PSO.index", 
"PSO.n.solutions", "PSO.generations", "PSO.n.evaluations", "PSO.cpu.time", 
"RS.cost", "RS.gamma", "RS.data.balancing", "RS.feature.selection", 
"RS.valid.acc", "RS.test.acc", "RS.train.time", "RS.n.support.vectors", 
"RS.index", "RS.n.solutions", "RS.generations", "RS.n.evaluations", 
"RS.cpu.time", "DF.cost", "DF.gamma", "DF.data.balancing", "DF.feature.selection", 
"DF.valid.acc", "DF.test.acc", "DF.train.time", "DF.n.support.vectors", 
"DF.index", "DF.n.solutions", "DF.generations", "DF.n.evaluations", 
"DF.cpu.time")))
