full <-
structure(c(50, 55, 60, 65, 70, 75, 80, 85, 90, 95, 100, 14.78509, 
12.28652, 15, 14.85895, 11.51845, 8.43965, 7.42437, 10.00935, 
13.70808, 14.99409, 14.94631, -14.9883, -7.24682, -8.07759, -11.68108, 
-11.02378, -5.53252, -5.81688, -11.51155, -11.39417, -10.62994, 
-9.11621, 0, 0, 0, 0, 0, 0, 0, 0, 0, 0, 0, 0, 0, 0, 0, 0, 0, 
0, 0, 0, 0, 0, 0.69306, 0.69139, 0.72484, 0.72251, 0.75139, 0.73634, 
0.75876, 0.73743, 0.754, 0.75397, 0.78198, 0.64171, 0.68774, 
0.69521, 0.68626, 0.74382, 0.72234, 0.70003, 0.73312, 0.74462, 
0.75994, 0.76625, 0.0524, 0.0575, 0.0612, 0.0653, 0.0682, 0.0733, 
0.0756, 0.0789, 0.0795, 0.0903, 0.0955, 128.5, 140.4, 151.9, 
159.8, 173.3, 189.4, 201.8, 213.1, 215.6, 226.2, 237.4, 214, 
165, 52, 191, 115, 967, 586, 583, 219, 412, 63, 319, 1169, 816, 
560, 72, 183, 319, 57, 116, 303, 1268, 100, 100, 100, 100, 100, 
100, 100, 100, 100, 100, 100, 2500, 2500, 2500, 2500, 2500, 2500, 
2500, 2500, 2500, 2500, 2500, 8190.006, 8024.544, 8470.032, 8654.803, 
9087.04699999999, 9292.84, 8940.40100000001, 8903.77699999999, 
9208.36800000002, 9322.25400000002, 9260.41500000001, 12.32027, 
14.63677, 13.28239, 14.42609, 10.76015, 8.49246, 8.47181, 8.94242, 
12.50034, 14.92287, 13.09084, -12.54677, -7.2426, -8.07378, -10.50334, 
-10.29955, -5.54042, -6.85218, -7.95501, -10.28157, -10.4299, 
-9.20711, 0, 0, 0, 0, 0, 0, 0, 0, 0, 0, 0, 0, 0, 0, 0, 0, 0, 
0, 0, 0, 0, 0, 0.68806, 0.69139, 0.72484, 0.72209, 0.75139, 0.73263, 
0.75082, 0.73693, 0.754, 0.75094, 0.78181, 0.64171, 0.68774, 
0.69521, 0.67793, 0.7359, 0.72234, 0.70377, 0.71977, 0.74765, 
0.76288, 0.7691, 0.0528, 0.0549, 0.0594, 0.0659, 0.0672, 0.074, 
0.0773, 0.0793, 0.0874, 0.0886, 0.0962, 128.5, 140.4, 151.9, 
160.1, 173.3, 189.4, 200, 208.4, 215.6, 226.1, 237.3, 627, 27, 
11, 163, 1346, 1137, 1490, 1066, 1288, 1142, 1644, 3, 6, 6, 15, 
1, 1, 1, 1, 1, 4, 1, 100, 100, 100, 100, 100, 100, 100, 100, 
100, 100, 100, 2500, 2500, 2500, 2500, 2500, 2500, 2500, 2500, 
2500, 2500, 2500, 8077.255, 8180.082, 8721.447, 8991.889, 9168.78599999999, 
9190.31600000001, 8982.58099999999, 9228.325, 9372.658, 9289.76300000001, 
9523.34299999999, 1, 1, 1, 1, 1, 1, 1, 1, 1, 1, 1, 0.06667, 0.06667, 
0.06667, 0.06667, 0.06667, 0.06667, 0.06667, 0.06667, 0.06667, 
0.06667, 0.06667, 0, 0, 0, 0, 0, 0, 0, 0, 0, 0, 0, 0, 0, 0, 0, 
0, 0, 0, 0, 0, 0, 0, 0.48112, 0.48573, 0.52259, 0.52371, 0.55753, 
0.56717, 0.59096, 0.58484, 0.61514, 0.60614, 0.63546, 0.47835, 
0.48904, 0.512, 0.5436, 0.54086, 0.57371, 0.61045, 0.58858, 0.60834, 
0.60309, 0.60502, 0.0553, 0.0587, 0.0595, 0.068, 0.0717, 0.0738, 
0.0793, 0.0847, 0.0896, 0.0943, 0.1008, 133.7, 147.3, 161, 173.5, 
186.2, 199.9, 213, 226.8, 240.2, 254, 265.2, 1, 1, 1, 1, 1, 1, 
1, 1, 1, 1, 1, 1, 1, 1, 1, 1, 1, 1, 1, 1, 1, 1, 1, 1, 1, 1, 1, 
1, 1, 1, 1, 1, 1, 1, 1, 1, 1, 1, 1, 1, 1, 1, 1, 1, 3.182, 3.328, 
3.48, 3.673, 3.653, 3.618, 3.501, 3.752, 3.725, 3.706, 3.948), .Dim = c(11L, 
40L), .Dimnames = list(NULL, c("Sampling", "PSO.cost", "PSO.gamma", 
"PSO.data.balancing", "PSO.feature.selection", "PSO.valid.acc", 
"PSO.test.acc", "PSO.train.time", "PSO.n.support.vectors", "PSO.index", 
"PSO.n.solutions", "PSO.generations", "PSO.n.evaluations", "PSO.cpu.time", 
"RS.cost", "RS.gamma", "RS.data.balancing", "RS.feature.selection", 
"RS.valid.acc", "RS.test.acc", "RS.train.time", "RS.n.support.vectors", 
"RS.index", "RS.n.solutions", "RS.generations", "RS.n.evaluations", 
"RS.cpu.time", "DF.cost", "DF.gamma", "DF.data.balancing", "DF.feature.selection", 
"DF.valid.acc", "DF.test.acc", "DF.train.time", "DF.n.support.vectors", 
"DF.index", "DF.n.solutions", "DF.generations", "DF.n.evaluations", 
"DF.cpu.time")))
