full <-
structure(c(50, 55, 60, 65, 70, 75, 80, 85, 90, 95, 100, 12.12389, 
12.15692, 14.65585, 14.96611, 14.16935, 10.3711, 13.89979, 9.33076, 
9.85589, 10.18015, 10.52631, -8.49229, -9.63258, -11.9737, -14.68754, 
-7.13367, -8.02598, -10.22175, -7.52251, -8.65654, -9.88372, 
-12.22009, 0, 0, 0, 0, 0, 0, 0, 0, 0, 0, 0, 0, 0, 0, 0, 0, 0, 
0, 0, 0, 0, 0, 0.66429, 0.67848, 0.6928, 0.71321, 0.75924, 0.75552, 
0.76911, 0.76795, 0.7863, 0.78421, 0.75537, 0.64131, 0.64544, 
0.69732, 0.69527, 0.73461, 0.73924, 0.73956, 0.74862, 0.74085, 
0.77751, 0.7318, 0.055, 0.057, 0.0638, 0.0647, 0.0707, 0.0752, 
0.0811, 0.0902, 0.0902, 0.0945, 0.0956, 125, 135.5, 147.8, 160.6, 
172.5, 184.9, 195, 207.1, 216.6, 226.6, 244.3, 37, 516, 44, 1069, 
156, 1584, 227, 996, 788, 46, 926, 750, 47, 846, 142, 541, 30, 
884, 49, 312, 98, 5, 100, 100, 100, 100, 100, 100, 100, 100, 
100, 100, 100, 2500, 2500, 2500, 2500, 2500, 2500, 2500, 2500, 
2500, 2500, 2500, 7650.338, 7740.418, 7886.145, 7968.441, 8083.457, 
8208.058, 9347.95699999999, 10475.406, 11072.841, 11152.782, 
11151.342, 7.57945, 11.50119, 14.68602, 12.04945, 14.33937, 10.43156, 
11.4931, 9.63636, 10.50206, 10.23631, 12.92098, -6.70486, -9.13514, 
-12.07513, -8.98147, -7.16388, -8.14068, -10.53426, -7.7602, 
-9.28093, -9.88486, -14.64192, 0, 0, 0, 0, 0, 0, 0, 0, 0, 0, 
0, 0, 0, 0, 0, 0, 0, 0, 0, 0, 0, 0, 0.66493, 0.67848, 0.6928, 
0.71549, 0.75924, 0.75552, 0.76913, 0.7675, 0.7835, 0.78421, 
0.75243, 0.63572, 0.64544, 0.69732, 0.71129, 0.73461, 0.74664, 
0.71658, 0.74862, 0.75399, 0.7741, 0.73474, 0.0569, 0.0591, 0.063, 
0.0668, 0.0693, 0.0743, 0.0839, 0.086, 0.0936, 0.0935, 0.0954, 
125.9, 135.4, 147.7, 161, 172.5, 184.7, 194.1, 207.1, 216.4, 
226.3, 244.3, 1063, 471, 232, 1319, 278, 645, 676, 644, 1974, 
516, 731, 1, 1, 7, 1, 3, 1, 1, 1, 1, 2, 3, 100, 100, 100, 100, 
100, 100, 100, 100, 100, 100, 100, 2500, 2500, 2500, 2500, 2500, 
2500, 2500, 2500, 2500, 2500, 2500, 7690.23, 7778.726, 7936.21799999999, 
8026.124, 8169.622, 8289.70099999999, 10423.174, 11077.505, 11238.343, 
11348.454, 11126.947, 1, 1, 1, 1, 1, 1, 1, 1, 1, 1, 1, 0.06667, 
0.06667, 0.06667, 0.06667, 0.06667, 0.06667, 0.06667, 0.06667, 
0.06667, 0.06667, 0.06667, 0, 0, 0, 0, 0, 0, 0, 0, 0, 0, 0, 0, 
0, 0, 0, 0, 0, 0, 0, 0, 0, 0, 0.46847, 0.50558, 0.52202, 0.55129, 
0.56204, 0.61781, 0.58349, 0.59281, 0.60388, 0.62868, 0.61671, 
0.46126, 0.50754, 0.52219, 0.52963, 0.59496, 0.60647, 0.61124, 
0.58748, 0.63974, 0.61682, 0.59338, 0.0565, 0.0618, 0.0653, 0.0697, 
0.0743, 0.0793, 0.0888, 0.0927, 0.0988, 0.1011, 0.1112, 133.4, 
145.9, 158.2, 171.4, 184.2, 199.3, 212.6, 225.2, 238.5, 251.8, 
265.7, 1, 1, 1, 1, 1, 1, 1, 1, 1, 1, 1, 1, 1, 1, 1, 1, 1, 1, 
1, 1, 1, 1, 1, 1, 1, 1, 1, 1, 1, 1, 1, 1, 1, 1, 1, 1, 1, 1, 1, 
1, 1, 1, 1, 1, 3.039, 3.138, 3.15, 3.197, 3.292, 3.311, 4.271, 
4.434, 4.525, 4.476, 4.557), .Dim = c(11L, 40L), .Dimnames = list(
    NULL, c("Sampling", "PSO.cost", "PSO.gamma", "PSO.data.balancing", 
    "PSO.feature.selection", "PSO.valid.acc", "PSO.test.acc", 
    "PSO.train.time", "PSO.n.support.vectors", "PSO.index", "PSO.n.solutions", 
    "PSO.generations", "PSO.n.evaluations", "PSO.cpu.time", "RS.cost", 
    "RS.gamma", "RS.data.balancing", "RS.feature.selection", 
    "RS.valid.acc", "RS.test.acc", "RS.train.time", "RS.n.support.vectors", 
    "RS.index", "RS.n.solutions", "RS.generations", "RS.n.evaluations", 
    "RS.cpu.time", "DF.cost", "DF.gamma", "DF.data.balancing", 
    "DF.feature.selection", "DF.valid.acc", "DF.test.acc", "DF.train.time", 
    "DF.n.support.vectors", "DF.index", "DF.n.solutions", "DF.generations", 
    "DF.n.evaluations", "DF.cpu.time")))
