full <-
structure(c(50, 55, 60, 65, 70, 75, 80, 85, 90, 95, 100, 13.64182, 
14.78717, 10.46784, 8.0069, 15, 9.87294, 6.74072, 14.89237, 15, 
15, 13.9906, -10.55071, -13.18605, -9.60042, -8.49568, -14.36277, 
-10.00105, -7.17068, -14.99638, -11.73042, -14.52574, -15, 0, 
0, 0, 0, 0, 0, 0, 0, 0, 0, 0, 0, 0, 0, 0, 0, 0, 0, 0, 0, 0, 0, 
0.71911, 0.70764, 0.77146, 0.7163, 0.74703, 0.76614, 0.76557, 
0.7681, 0.76315, 0.76174, 0.78014, 0.72466, 0.68181, 0.74086, 
0.7089, 0.71442, 0.75047, 0.72621, 0.74419, 0.75424, 0.75322, 
0.75608, 0.0515, 0.0571, 0.0593, 0.0654, 0.0649, 0.0691, 0.0746, 
0.0792, 0.0807, 0.0867, 0.0904, 125.7, 139.7, 150.4, 161.6, 169.1, 
183.4, 197.9, 203.7, 214.7, 224.4, 242.6, 104, 261, 255, 330, 
56, 1347, 847, 235, 102, 399, 930, 1747, 89, 220, 64, 235, 7, 
106, 500, 926, 49, 179, 100, 100, 100, 100, 100, 100, 100, 100, 
100, 100, 100, 2500, 2500, 2500, 2500, 2500, 2500, 2500, 2500, 
2500, 2500, 2500, 7999.781, 8542.797, 8745.675, 8808.2, 8327.76699999999, 
8606.675, 8854.549, 9128.42600000001, 9100.54999999999, 9052.71100000001, 
9150.174, 13.56623, 12.65798, 10.87623, 9.5128, 14.69473, 9.08217, 
6.41228, 12.51527, 12.1096, 13.26256, 5.45389, -10.17994, -11.04827, 
-9.96102, -9.96653, -14.06973, -8.91985, -6.65423, -12.6, -8.90762, 
-12.80053, -6.90096, 0, 0, 0, 0, 0, 0, 0, 0, 0, 0, 0, 0, 0, 0, 
0, 0, 0, 0, 0, 0, 0, 0, 0.71911, 0.70764, 0.7662, 0.7163, 0.74703, 
0.76269, 0.76543, 0.7681, 0.76336, 0.76174, 0.77786, 0.72466, 
0.68181, 0.74086, 0.70756, 0.71442, 0.76622, 0.7358, 0.74419, 
0.76074, 0.75028, 0.72596, 0.052, 0.0567, 0.0619, 0.0629, 0.065, 
0.0675, 0.0767, 0.0784, 0.0847, 0.09, 0.0916, 126, 139.8, 150.5, 
161.2, 169.1, 183.5, 198.6, 203.8, 216.3, 224.4, 247.4, 19, 22, 
1658, 708, 1216, 666, 1740, 1106, 757, 2278, 1544, 42, 2, 1, 
2, 1, 6, 1, 2, 3, 1, 1, 100, 100, 100, 100, 100, 100, 100, 100, 
100, 100, 100, 2500, 2500, 2500, 2500, 2500, 2500, 2500, 2500, 
2500, 2500, 2500, 8282.678, 8556.859, 8976.836, 8161.359, 8531.87999999999, 
8844.414, 9090.52500000001, 9238.042, 9167.111, 9620.82399999999, 
9298.29699999999, 1, 1, 1, 1, 1, 1, 1, 1, 1, 1, 1, 0.06667, 0.06667, 
0.06667, 0.06667, 0.06667, 0.06667, 0.06667, 0.06667, 0.06667, 
0.06667, 0.06667, 0, 0, 0, 0, 0, 0, 0, 0, 0, 0, 0, 0, 0, 0, 0, 
0, 0, 0, 0, 0, 0, 0, 0.47068, 0.41875, 0.46499, 0.4679, 0.50843, 
0.53047, 0.54647, 0.57133, 0.58496, 0.60452, 0.61846, 0.50751, 
0.42958, 0.46132, 0.5038, 0.51817, 0.52951, 0.54588, 0.57485, 
0.59098, 0.61606, 0.60379, 0.0537, 0.0581, 0.0635, 0.0674, 0.0726, 
0.0766, 0.0803, 0.0826, 0.0901, 0.1001, 0.0993, 132.4, 146.7, 
160.1, 173.1, 185, 198.6, 210.3, 223.9, 237.1, 251, 265.6, 1, 
1, 1, 1, 1, 1, 1, 1, 1, 1, 1, 1, 1, 1, 1, 1, 1, 1, 1, 1, 1, 1, 
1, 1, 1, 1, 1, 1, 1, 1, 1, 1, 1, 1, 1, 1, 1, 1, 1, 1, 1, 1, 1, 
1, 3.296, 3.412, 3.585, 3.284, 3.444, 3.472, 3.658, 3.721, 3.739, 
3.783, 3.667), .Dim = c(11L, 40L), .Dimnames = list(NULL, c("Sampling", 
"PSO.cost", "PSO.gamma", "PSO.data.balancing", "PSO.feature.selection", 
"PSO.valid.acc", "PSO.test.acc", "PSO.train.time", "PSO.n.support.vectors", 
"PSO.index", "PSO.n.solutions", "PSO.generations", "PSO.n.evaluations", 
"PSO.cpu.time", "RS.cost", "RS.gamma", "RS.data.balancing", "RS.feature.selection", 
"RS.valid.acc", "RS.test.acc", "RS.train.time", "RS.n.support.vectors", 
"RS.index", "RS.n.solutions", "RS.generations", "RS.n.evaluations", 
"RS.cpu.time", "DF.cost", "DF.gamma", "DF.data.balancing", "DF.feature.selection", 
"DF.valid.acc", "DF.test.acc", "DF.train.time", "DF.n.support.vectors", 
"DF.index", "DF.n.solutions", "DF.generations", "DF.n.evaluations", 
"DF.cpu.time")))
