full <-
structure(c(50, 55, 60, 65, 70, 75, 80, 85, 90, 95, 100, 7.72625, 
14.28268, 5.89608, 14.09672, 13.27418, 9.64824, 11.72277, 8.14367, 
13.29636, 10.29763, 10.37905, -9.3621, -11.82003, -6.42189, -13.56294, 
-10.47441, -6.71061, -9.21158, -8.07006, -9.12166, -7.98012, 
-7.19193, 0, 0, 0, 0, 0, 0, 0, 0, 0, 0, 0, 0, 0, 0, 0, 0, 0, 
0, 0, 0, 0, 0, 0.65457, 0.65426, 0.66985, 0.73514, 0.69997, 0.73741, 
0.7495, 0.7428, 0.75591, 0.77106, 0.7692, 0.62478, 0.62848, 0.65969, 
0.66568, 0.7046, 0.71666, 0.73054, 0.733, 0.75701, 0.7463, 0.73631, 
0.053, 0.0583, 0.0636, 0.067, 0.0727, 0.0769, 0.0757, 0.0823, 
0.0908, 0.0943, 0.096, 130.9, 138.1, 153.2, 161.7, 172.7, 187, 
194.7, 209.5, 217.5, 229.5, 238.8, 612, 1441, 89, 435, 27, 379, 
534, 2347, 442, 412, 556, 42, 34, 74, 9, 625, 618, 109, 1, 100, 
679, 273, 100, 100, 100, 100, 100, 100, 100, 100, 100, 100, 100, 
2500, 2500, 2500, 2500, 2500, 2500, 2500, 2500, 2500, 2500, 2500, 
8151.518, 8166.704, 8440.766, 8688.353, 8892.005, 9093.78899999999, 
9138.947, 9309.836, 9511.10100000002, 9449.29300000001, 9442.454, 
7.77305, 14.39377, 5.89332, 14.67569, 13.04368, 9.53036, 12.23022, 
9.52482, 12.1587, 10.56455, 10.26955, -9.4328, -11.83047, -6.34489, 
-14.11476, -10.09801, -6.59593, -9.72325, -8.1144, -9.1686, -8.1549, 
-7.36984, 0, 0, 0, 0, 0, 0, 0, 0, 0, 0, 0, 0, 0, 0, 0, 0, 0, 
0, 0, 0, 0, 0, 0.65457, 0.65426, 0.66458, 0.72588, 0.69997, 0.73741, 
0.74567, 0.74267, 0.75256, 0.76803, 0.7665, 0.62478, 0.63348, 
0.6659, 0.66568, 0.6959, 0.71666, 0.73054, 0.74303, 0.75065, 
0.74023, 0.73631, 0.0516, 0.06, 0.0628, 0.0641, 0.0726, 0.0759, 
0.0789, 0.0827, 0.0887, 0.0901, 0.0996, 130.9, 138.1, 153.5, 
161.7, 172.8, 187.3, 194.5, 207.6, 218.2, 229.1, 239.2, 1278, 
813, 1376, 200, 443, 2154, 2289, 2163, 633, 846, 2118, 1, 1, 
1, 3, 4, 1, 1, 1, 1, 5, 1, 100, 100, 100, 100, 100, 100, 100, 
100, 100, 100, 100, 2500, 2500, 2500, 2500, 2500, 2500, 2500, 
2500, 2500, 2500, 2500, 8034.12, 8429.042, 8346.149, 8860.637, 
9111.291, 8951.539, 9158.503, 9433.92200000001, 9555.826, 9328.13199999998, 
9460.16699999999, 1, 1, 1, 1, 1, 1, 1, 1, 1, 1, 1, 0.06667, 0.06667, 
0.06667, 0.06667, 0.06667, 0.06667, 0.06667, 0.06667, 0.06667, 
0.06667, 0.06667, 0, 0, 0, 0, 0, 0, 0, 0, 0, 0, 0, 0, 0, 0, 0, 
0, 0, 0, 0, 0, 0, 0, 0.46001, 0.51637, 0.47476, 0.52557, 0.50094, 
0.52524, 0.52795, 0.55694, 0.57314, 0.60379, 0.60996, 0.43011, 
0.47559, 0.48182, 0.49137, 0.48881, 0.51936, 0.53461, 0.57025, 
0.55393, 0.60725, 0.60375, 0.0543, 0.0634, 0.0643, 0.072, 0.0747, 
0.0784, 0.0829, 0.0905, 0.0909, 0.0947, 0.1079, 133.4, 147.2, 
160.4, 173.8, 187.9, 200.6, 213.1, 226.4, 239.4, 252.6, 264.8, 
1, 1, 1, 1, 1, 1, 1, 1, 1, 1, 1, 1, 1, 1, 1, 1, 1, 1, 1, 1, 1, 
1, 1, 1, 1, 1, 1, 1, 1, 1, 1, 1, 1, 1, 1, 1, 1, 1, 1, 1, 1, 1, 
1, 1, 3.158, 3.359, 3.417, 3.62, 3.668, 3.607, 3.63, 3.815, 3.594, 
3.577, 3.641), .Dim = c(11L, 40L), .Dimnames = list(NULL, c("Sampling", 
"PSO.cost", "PSO.gamma", "PSO.data.balancing", "PSO.feature.selection", 
"PSO.valid.acc", "PSO.test.acc", "PSO.train.time", "PSO.n.support.vectors", 
"PSO.index", "PSO.n.solutions", "PSO.generations", "PSO.n.evaluations", 
"PSO.cpu.time", "RS.cost", "RS.gamma", "RS.data.balancing", "RS.feature.selection", 
"RS.valid.acc", "RS.test.acc", "RS.train.time", "RS.n.support.vectors", 
"RS.index", "RS.n.solutions", "RS.generations", "RS.n.evaluations", 
"RS.cpu.time", "DF.cost", "DF.gamma", "DF.data.balancing", "DF.feature.selection", 
"DF.valid.acc", "DF.test.acc", "DF.train.time", "DF.n.support.vectors", 
"DF.index", "DF.n.solutions", "DF.generations", "DF.n.evaluations", 
"DF.cpu.time")))
