full <-
structure(c(50, 55, 60, 65, 70, 75, 80, 85, 90, 95, 100, 15, 
10.77978, 13.24617, 13.93684, 14.62367, 14.98226, 13.92993, 9.82418, 
13.43444, 9.29205, 14.81191, -10.75337, -11.13847, -12.8694, 
-8.86924, -12.04163, -11.26231, -5.62629, -7.67558, -14.15433, 
-9.18147, -15, 0, 0, 0, 0, 0, 0, 0, 0, 0, 0, 0, 0, 0, 0, 0, 0, 
0, 0, 0, 0, 0, 0, 0.67941, 0.70604, 0.69709, 0.70855, 0.73424, 
0.73319, 0.73856, 0.747, 0.76838, 0.78339, 0.76125, 0.67277, 
0.66169, 0.66419, 0.71829, 0.71838, 0.73315, 0.71171, 0.72825, 
0.71881, 0.75822, 0.72661, 0.0544, 0.0568, 0.0593, 0.0665, 0.0692, 
0.0729, 0.0757, 0.0818, 0.0811, 0.0832, 0.093, 129.8, 140.7, 
151.1, 161.9, 172.6, 182.8, 199.7, 206.1, 218, 227, 238.9, 66, 
351, 155, 82, 382, 1138, 141, 865, 95, 66, 458, 1838, 73, 57, 
1390, 213, 50, 1174, 312, 138, 346, 475, 100, 100, 100, 100, 
100, 100, 100, 100, 100, 100, 100, 2500, 2500, 2500, 2500, 2500, 
2500, 2500, 2500, 2500, 2500, 2500, 7914.035, 8165.484, 8518.65, 
8273.809, 8328.814, 8997.361, 8795.20199999999, 8860.58899999999, 
8930.31899999999, 9124.97900000002, 9001.73000000001, 13.34028, 
13.95608, 14.24152, 14.35322, 12.49777, 7.62205, 10.10766, 9.85894, 
13.96518, 14.03812, 14.88895, -10.30785, -14.40652, -13.8482, 
-8.8215, -9.99973, -6.10114, -5.58629, -7.77981, -14.70369, -13.9604, 
-9.09262, 0, 0, 0, 0, 0, 0, 0, 0, 0, 0, 0, 0, 0, 0, 0, 0, 0, 
0, 0, 0, 0, 0, 0.67941, 0.70604, 0.69709, 0.70855, 0.73424, 0.7323, 
0.73856, 0.747, 0.76838, 0.78339, 0.75902, 0.66652, 0.66604, 
0.66419, 0.72417, 0.71454, 0.70129, 0.70754, 0.72468, 0.71881, 
0.76134, 0.74947, 0.0535, 0.0551, 0.061, 0.066, 0.0673, 0.076, 
0.0766, 0.0801, 0.0822, 0.0876, 0.0937, 129.9, 140.7, 151, 161.9, 
172.8, 185, 199.8, 206.2, 218, 225.9, 236.4, 4, 2093, 1301, 121, 
302, 386, 424, 1652, 542, 265, 1073, 41, 2, 2, 7, 2, 2, 8, 1, 
2, 2, 1, 100, 100, 100, 100, 100, 100, 100, 100, 100, 100, 100, 
2500, 2500, 2500, 2500, 2500, 2500, 2500, 2500, 2500, 2500, 2500, 
7817.431, 8252.589, 8228.22399999999, 8275.822, 8869.55500000001, 
8863.942, 9059.48800000001, 8880.63799999999, 9233.67999999999, 
9279.02099999998, 9595.63399999999, 1, 1, 1, 1, 1, 1, 1, 1, 1, 
1, 1, 0.06667, 0.06667, 0.06667, 0.06667, 0.06667, 0.06667, 0.06667, 
0.06667, 0.06667, 0.06667, 0.06667, 0, 0, 0, 0, 0, 0, 0, 0, 0, 
0, 0, 0, 0, 0, 0, 0, 0, 0, 0, 0, 0, 0, 0.50773, 0.46558, 0.50946, 
0.52341, 0.53724, 0.58236, 0.60983, 0.62346, 0.58774, 0.61324, 
0.61162, 0.49632, 0.52027, 0.50616, 0.52472, 0.55509, 0.56025, 
0.61356, 0.61432, 0.59573, 0.59431, 0.60028, 0.0552, 0.0571, 
0.0637, 0.0671, 0.07, 0.0748, 0.0785, 0.0868, 0.0923, 0.0929, 
0.1013, 134.7, 145.5, 157.8, 171.3, 184.9, 198.7, 212.6, 225.6, 
238.8, 250.4, 265.6, 1, 1, 1, 1, 1, 1, 1, 1, 1, 1, 1, 1, 1, 1, 
1, 1, 1, 1, 1, 1, 1, 1, 1, 1, 1, 1, 1, 1, 1, 1, 1, 1, 1, 1, 1, 
1, 1, 1, 1, 1, 1, 1, 1, 1, 3.159, 3.314, 3.291, 3.263, 3.621, 
3.562, 3.637, 3.556, 3.638, 3.739, 3.895), .Dim = c(11L, 40L), .Dimnames = list(
    NULL, c("Sampling", "PSO.cost", "PSO.gamma", "PSO.data.balancing", 
    "PSO.feature.selection", "PSO.valid.acc", "PSO.test.acc", 
    "PSO.train.time", "PSO.n.support.vectors", "PSO.index", "PSO.n.solutions", 
    "PSO.generations", "PSO.n.evaluations", "PSO.cpu.time", "RS.cost", 
    "RS.gamma", "RS.data.balancing", "RS.feature.selection", 
    "RS.valid.acc", "RS.test.acc", "RS.train.time", "RS.n.support.vectors", 
    "RS.index", "RS.n.solutions", "RS.generations", "RS.n.evaluations", 
    "RS.cpu.time", "DF.cost", "DF.gamma", "DF.data.balancing", 
    "DF.feature.selection", "DF.valid.acc", "DF.test.acc", "DF.train.time", 
    "DF.n.support.vectors", "DF.index", "DF.n.solutions", "DF.generations", 
    "DF.n.evaluations", "DF.cpu.time")))
