full <-
structure(c(50, 55, 60, 65, 70, 75, 80, 85, 90, 95, 100, 13.123, 
9.66082, 4.60712, 9.06088, 5.69514, 15, 12.82654, 15, 11.45545, 
12.98682, 10.39103, -7.53514, -8.89588, -4.57074, -7.67391, -4.64736, 
-14.05382, -11.2749, -14.48396, -12.48815, -14.44542, -11.86001, 
0, 0, 0, 0, 0, 0, 0, 0, 0, 0, 0, 0, 0, 0, 0, 0, 0, 0, 0, 0, 0, 
0, 0.6727, 0.68875, 0.6966, 0.69172, 0.72741, 0.72388, 0.71893, 
0.76508, 0.7565, 0.7525, 0.78036, 0.6162, 0.68636, 0.69714, 0.6933, 
0.65447, 0.69236, 0.71602, 0.74889, 0.72545, 0.74006, 0.76736, 
0.0534, 0.0583, 0.0617, 0.0646, 0.0708, 0.0676, 0.0718, 0.0788, 
0.0849, 0.0862, 0.0932, 129.9, 138.9, 153.5, 159.7, 179.1, 183.1, 
192.9, 202.1, 218.9, 233.2, 243.9, 231, 1096, 1602, 1097, 1356, 
299, 899, 257, 31, 2, 466, 1271, 38, 15, 71, 24, 96, 81, 28, 
172, 292, 86, 100, 100, 100, 100, 100, 100, 100, 100, 100, 100, 
100, 2500, 2500, 2500, 2500, 2500, 2500, 2500, 2500, 2500, 2500, 
2500, 8259.245, 7979.35, 8497.684, 8688.442, 8931.599, 9275.61600000001, 
8962.035, 8934.23299999999, 9016.72399999999, 8967.69, 9245.02900000001, 
12.68382, 14.43548, 4.68306, 9.27535, 5.27962, 9.2059, 12.40329, 
11.44307, 11.7779, 12.76514, 12.60012, -7.50967, -14.30094, -4.55847, 
-7.86428, -4.22797, -8.93159, -10.81919, -11.80287, -12.89657, 
-14.20721, -14.07464, 0, 0, 0, 0, 0, 0, 0, 0, 0, 0, 0, 0, 0, 
0, 0, 0, 0, 0, 0, 0, 0, 0, 0.6727, 0.6794, 0.68684, 0.68737, 
0.71841, 0.72849, 0.71893, 0.76484, 0.75347, 0.7525, 0.78036, 
0.62175, 0.68552, 0.69188, 0.6893, 0.66781, 0.70308, 0.71602, 
0.75175, 0.72251, 0.74329, 0.76424, 0.0518, 0.0578, 0.0608, 0.0629, 
0.0707, 0.0724, 0.0744, 0.0807, 0.0804, 0.086, 0.0906, 129.9, 
138.6, 153.4, 159.8, 180.5, 184.7, 193, 205.1, 219.1, 233.1, 
243.8, 185, 97, 450, 852, 38, 1621, 966, 1027, 1458, 21, 2005, 
5, 2, 1, 2, 2, 1, 1, 1, 1, 5, 2, 100, 100, 100, 100, 100, 100, 
100, 100, 100, 100, 100, 2500, 2500, 2500, 2500, 2500, 2500, 
2500, 2500, 2500, 2500, 2500, 8112.049, 8177.428, 8698.221, 8967.389, 
9164.88499999999, 9241.54699999999, 9182.28600000001, 9010.78699999998, 
9013.15399999998, 9364.05600000001, 9715.57499999998, 1, 1, 1, 
1, 1, 1, 1, 1, 1, 1, 1, 0.06667, 0.06667, 0.06667, 0.06667, 0.06667, 
0.06667, 0.06667, 0.06667, 0.06667, 0.06667, 0.06667, 0, 0, 0, 
0, 0, 0, 0, 0, 0, 0, 0, 0, 0, 0, 0, 0, 0, 0, 0, 0, 0, 0, 0.42444, 
0.44348, 0.48592, 0.494, 0.49318, 0.51175, 0.53508, 0.55028, 
0.55652, 0.60448, 0.63038, 0.44598, 0.46695, 0.47631, 0.51782, 
0.50714, 0.51202, 0.55401, 0.56003, 0.56405, 0.60475, 0.61689, 
0.0514, 0.06, 0.0631, 0.0669, 0.0718, 0.0718, 0.0803, 0.0842, 
0.0859, 0.0963, 0.1033, 135, 148.1, 160.2, 173.6, 186.4, 200.5, 
213.5, 226.6, 240.4, 253.5, 265.1, 1, 1, 1, 1, 1, 1, 1, 1, 1, 
1, 1, 1, 1, 1, 1, 1, 1, 1, 1, 1, 1, 1, 1, 1, 1, 1, 1, 1, 1, 1, 
1, 1, 1, 1, 1, 1, 1, 1, 1, 1, 1, 1, 1, 1, 3.199, 3.393, 3.507, 
3.669, 3.662, 3.608, 3.64, 3.686, 3.59, 3.714, 3.905), .Dim = c(11L, 
40L), .Dimnames = list(NULL, c("Sampling", "PSO.cost", "PSO.gamma", 
"PSO.data.balancing", "PSO.feature.selection", "PSO.valid.acc", 
"PSO.test.acc", "PSO.train.time", "PSO.n.support.vectors", "PSO.index", 
"PSO.n.solutions", "PSO.generations", "PSO.n.evaluations", "PSO.cpu.time", 
"RS.cost", "RS.gamma", "RS.data.balancing", "RS.feature.selection", 
"RS.valid.acc", "RS.test.acc", "RS.train.time", "RS.n.support.vectors", 
"RS.index", "RS.n.solutions", "RS.generations", "RS.n.evaluations", 
"RS.cpu.time", "DF.cost", "DF.gamma", "DF.data.balancing", "DF.feature.selection", 
"DF.valid.acc", "DF.test.acc", "DF.train.time", "DF.n.support.vectors", 
"DF.index", "DF.n.solutions", "DF.generations", "DF.n.evaluations", 
"DF.cpu.time")))
