full <-
structure(c(50, 55, 60, 65, 70, 75, 80, 85, 90, 95, 100, 15, 
11.97778, 13.21021, 9.99787, 15, 14.3093, 7.84092, 9.12811, 12.76362, 
10.17398, 10.76114, -11.97571, -8.48589, -10.77308, -6.65332, 
-6.98594, -10.03507, -5.49397, -7.37577, -9.86552, -9.29824, 
-11.99508, 0, 0, 0, 0, 0, 0, 0, 0, 0, 0, 0, 0, 0, 0, 0, 0, 0, 
0, 0, 0, 0, 0, 0.68843, 0.6947, 0.73018, 0.74731, 0.73592, 0.725, 
0.75265, 0.74787, 0.77428, 0.76721, 0.78506, 0.67854, 0.71001, 
0.7358, 0.71575, 0.7437, 0.73073, 0.73465, 0.73696, 0.73353, 
0.73479, 0.76207, 0.0564, 0.057, 0.0631, 0.068, 0.0726, 0.0755, 
0.0803, 0.087, 0.087, 0.0872, 0.0951, 128.6, 140.8, 149.2, 163.7, 
174.2, 185.4, 202.7, 205.3, 214.4, 228.9, 243.2, 255, 26, 92, 
325, 86, 160, 504, 420, 1682, 1318, 544, 713, 699, 1112, 679, 
1209, 1328, 413, 461, 10, 4, 18, 100, 100, 100, 100, 100, 100, 
100, 100, 100, 100, 100, 2500, 2500, 2500, 2500, 2500, 2500, 
2500, 2500, 2500, 2500, 2500, 8043.467, 8119.196, 8581.972, 8692.93799999999, 
8551.129, 8793.51699999999, 8715.43400000001, 8873.239, 9034.12700000001, 
9121.39999999999, 9263.57700000002, 14.44865, 5.45497, 14.07733, 
10.10268, 14.81601, 14.71863, 7.98802, 8.56935, 12.93715, 10.12734, 
13.57652, -10.80569, -6.73907, -10.47394, -6.74682, -7.66082, 
-10.37822, -5.60494, -6.88081, -10.02434, -9.30102, -14.7643, 
0, 0, 0, 0, 0, 0, 0, 0, 0, 0, 0, 0, 0, 0, 0, 0, 0, 0, 0, 0, 0, 
0, 0.68177, 0.69867, 0.73018, 0.74731, 0.7397, 0.725, 0.75265, 
0.74387, 0.77106, 0.76398, 0.78253, 0.67854, 0.6982, 0.7358, 
0.71575, 0.73518, 0.73073, 0.7312, 0.73718, 0.73353, 0.73156, 
0.76207, 0.054, 0.0575, 0.0635, 0.0671, 0.073, 0.0765, 0.0819, 
0.0788, 0.0893, 0.0901, 0.0957, 128.6, 143.1, 149.3, 163.5, 173, 
185.3, 201.9, 207.1, 214.2, 229.4, 242.8, 48, 273, 5, 535, 1888, 
1698, 2268, 2306, 2, 2314, 1163, 8, 1, 23, 2, 1, 3, 1, 1, 2, 
1, 1, 100, 100, 100, 100, 100, 100, 100, 100, 100, 100, 100, 
2500, 2500, 2500, 2500, 2500, 2500, 2500, 2500, 2500, 2500, 2500, 
7941.009, 8446.105, 8732.163, 8671.496, 8806.254, 8747.015, 8756.995, 
9011.24399999999, 9054.29699999999, 9336.334, 9620.43600000002, 
1, 1, 1, 1, 1, 1, 1, 1, 1, 1, 1, 0.06667, 0.06667, 0.06667, 0.06667, 
0.06667, 0.06667, 0.06667, 0.06667, 0.06667, 0.06667, 0.06667, 
0, 0, 0, 0, 0, 0, 0, 0, 0, 0, 0, 0, 0, 0, 0, 0, 0, 0, 0, 0, 0, 
0, 0.48733, 0.54731, 0.48906, 0.53911, 0.51934, 0.53955, 0.55861, 
0.55465, 0.58022, 0.59699, 0.63842, 0.50728, 0.47997, 0.52786, 
0.50968, 0.5232, 0.53879, 0.56171, 0.56077, 0.57738, 0.57356, 
0.61738, 0.0541, 0.0616, 0.0676, 0.069, 0.0736, 0.0787, 0.0836, 
0.0901, 0.0932, 0.1004, 0.1064, 134.2, 148.3, 161.5, 175.2, 187.9, 
201.7, 213.5, 225.7, 239.6, 252.8, 265.5, 1, 1, 1, 1, 1, 1, 1, 
1, 1, 1, 1, 1, 1, 1, 1, 1, 1, 1, 1, 1, 1, 1, 1, 1, 1, 1, 1, 1, 
1, 1, 1, 1, 1, 1, 1, 1, 1, 1, 1, 1, 1, 1, 1, 1, 3.067, 3.338, 
3.514, 3.508, 3.515, 3.519, 3.603, 3.673, 3.689, 3.726, 3.885
), .Dim = c(11L, 40L), .Dimnames = list(NULL, c("Sampling", "PSO.cost", 
"PSO.gamma", "PSO.data.balancing", "PSO.feature.selection", "PSO.valid.acc", 
"PSO.test.acc", "PSO.train.time", "PSO.n.support.vectors", "PSO.index", 
"PSO.n.solutions", "PSO.generations", "PSO.n.evaluations", "PSO.cpu.time", 
"RS.cost", "RS.gamma", "RS.data.balancing", "RS.feature.selection", 
"RS.valid.acc", "RS.test.acc", "RS.train.time", "RS.n.support.vectors", 
"RS.index", "RS.n.solutions", "RS.generations", "RS.n.evaluations", 
"RS.cpu.time", "DF.cost", "DF.gamma", "DF.data.balancing", "DF.feature.selection", 
"DF.valid.acc", "DF.test.acc", "DF.train.time", "DF.n.support.vectors", 
"DF.index", "DF.n.solutions", "DF.generations", "DF.n.evaluations", 
"DF.cpu.time")))
