full <-
structure(c(50, 55, 60, 65, 70, 75, 80, 85, 90, 95, 100, 15, 
11.01058, 6.42016, 11.8862, 11.79482, 12.96556, 15, 11.37113, 
8.00088, 13.73791, 13.82059, -15, -11.62214, -5.58704, -8.84477, 
-8.36417, -9.82676, -11.73886, -8.63757, -6.48614, -14.46633, 
-15, 0, 0, 0, 0, 0, 0, 0, 0, 0, 0, 0, 0, 0, 0, 0, 0, 0, 0, 0, 
0, 0, 0, 0.64793, 0.68398, 0.68127, 0.71962, 0.69941, 0.71885, 
0.71796, 0.73911, 0.76887, 0.75996, 0.75284, 0.62315, 0.62721, 
0.66926, 0.69556, 0.67673, 0.7018, 0.70419, 0.73656, 0.73365, 
0.7451, 0.7471, 0.0564, 0.0581, 0.0601, 0.0682, 0.0723, 0.0756, 
0.0843, 0.0833, 0.0911, 0.0896, 0.0949, 128.8, 137.3, 151.2, 
163.2, 174.4, 183, 193.9, 205.5, 219.8, 227.8, 242.2, 62, 156, 
177, 975, 540, 117, 209, 368, 568, 345, 246, 2059, 47, 57, 129, 
382, 582, 62, 300, 395, 142, 322, 100, 100, 100, 100, 100, 100, 
100, 100, 100, 100, 100, 2500, 2500, 2500, 2500, 2500, 2500, 
2500, 2500, 2500, 2500, 2500, 8238.348, 8117.862, 8443.139, 8773.685, 
9003.147, 9134.81599999999, 9167.48299999999, 9120.63699999999, 
9371.486, 9063.679, 9391.429, 14.21644, 11.33305, 6.28403, 11.83319, 
10.9499, 14.03817, 12.25863, 10.95899, 8.15878, 12.79982, 12.62535, 
-14.18045, -11.95523, -5.52005, -11.28659, -7.84714, -10.86904, 
-7.89959, -8.42267, -6.47562, -13.50938, -13.79817, 0, 0, 0, 
0, 0, 0, 0, 0, 0, 0, 0, 0, 0, 0, 0, 0, 0, 0, 0, 0, 0, 0, 0.64793, 
0.67871, 0.67627, 0.71932, 0.69643, 0.71885, 0.71749, 0.73911, 
0.76564, 0.75996, 0.75284, 0.62315, 0.62221, 0.66926, 0.69185, 
0.67673, 0.70896, 0.70887, 0.73656, 0.73334, 0.7451, 0.74424, 
0.0566, 0.0573, 0.0664, 0.0671, 0.0719, 0.0774, 0.0802, 0.0806, 
0.0883, 0.0866, 0.0959, 128.9, 137.3, 151.1, 162.5, 174.5, 183, 
196.7, 205.8, 219.5, 227.7, 242.2, 315, 1162, 932, 1575, 1846, 
79, 5, 1134, 105, 29, 554, 2, 1, 2, 2, 1, 4, 8, 1, 2, 2, 1, 100, 
100, 100, 100, 100, 100, 100, 100, 100, 100, 100, 2500, 2500, 
2500, 2500, 2500, 2500, 2500, 2500, 2500, 2500, 2500, 8229.787, 
8124.833, 8636.67, 8765.057, 9094.777, 9025.372, 9310.344, 9297.91900000002, 
9371.929, 9425.88099999999, 9784.679, 1, 1, 1, 1, 1, 1, 1, 1, 
1, 1, 1, 0.06667, 0.06667, 0.06667, 0.06667, 0.06667, 0.06667, 
0.06667, 0.06667, 0.06667, 0.06667, 0.06667, 0, 0, 0, 0, 0, 0, 
0, 0, 0, 0, 0, 0, 0, 0, 0, 0, 0, 0, 0, 0, 0, 0, 0.41696, 0.45049, 
0.52293, 0.52004, 0.51817, 0.54274, 0.54937, 0.54606, 0.59354, 
0.59794, 0.58908, 0.39319, 0.49093, 0.54034, 0.52085, 0.4976, 
0.526, 0.56542, 0.56035, 0.60534, 0.58207, 0.61264, 0.0568, 0.0576, 
0.0657, 0.0702, 0.0746, 0.0788, 0.0843, 0.0887, 0.0901, 0.1004, 
0.1051, 133, 146, 159.8, 172.6, 186.3, 200.2, 214.3, 227.2, 238.9, 
251.2, 265, 1, 1, 1, 1, 1, 1, 1, 1, 1, 1, 1, 1, 1, 1, 1, 1, 1, 
1, 1, 1, 1, 1, 1, 1, 1, 1, 1, 1, 1, 1, 1, 1, 1, 1, 1, 1, 1, 1, 
1, 1, 1, 1, 1, 1, 3.329, 3.16, 3.556, 3.573, 3.638, 3.6, 3.683, 
3.787, 3.507, 3.847, 3.843), .Dim = c(11L, 40L), .Dimnames = list(
    NULL, c("Sampling", "PSO.cost", "PSO.gamma", "PSO.data.balancing", 
    "PSO.feature.selection", "PSO.valid.acc", "PSO.test.acc", 
    "PSO.train.time", "PSO.n.support.vectors", "PSO.index", "PSO.n.solutions", 
    "PSO.generations", "PSO.n.evaluations", "PSO.cpu.time", "RS.cost", 
    "RS.gamma", "RS.data.balancing", "RS.feature.selection", 
    "RS.valid.acc", "RS.test.acc", "RS.train.time", "RS.n.support.vectors", 
    "RS.index", "RS.n.solutions", "RS.generations", "RS.n.evaluations", 
    "RS.cpu.time", "DF.cost", "DF.gamma", "DF.data.balancing", 
    "DF.feature.selection", "DF.valid.acc", "DF.test.acc", "DF.train.time", 
    "DF.n.support.vectors", "DF.index", "DF.n.solutions", "DF.generations", 
    "DF.n.evaluations", "DF.cpu.time")))
