full <-
structure(c(50, 55, 60, 65, 70, 75, 80, 85, 90, 95, 100, 13.61791, 
14.50373, 10.62807, 12.12187, 9.41077, 12.86096, 12.10602, 14.08784, 
7.34239, 11.01689, 14.06476, -10.67357, -11.74007, -9.35981, 
-10.13406, -8.88461, -8.73579, -8.17387, -14.1152, -4.30591, 
-7.82053, -14.99444, 0, 0, 0, 0, 0, 0, 0, 0, 0, 0, 0, 0, 0, 0, 
0, 0, 0, 0, 0, 0, 0, 0, 0.69452, 0.67653, 0.73712, 0.71688, 0.72456, 
0.74356, 0.7402, 0.7574, 0.76951, 0.76126, 0.77374, 0.6948, 0.69946, 
0.73389, 0.69104, 0.69114, 0.69482, 0.75142, 0.73216, 0.76517, 
0.75708, 0.75628, 0.053, 0.0557, 0.056, 0.0643, 0.0628, 0.0703, 
0.072, 0.0798, 0.0901, 0.0872, 0.0881, 126.4, 139.6, 152.1, 164.5, 
174.6, 183.7, 194.3, 203.1, 225.8, 225.5, 241.6, 372, 200, 197, 
2020, 160, 227, 20, 500, 1275, 178, 299, 454, 503, 488, 15, 82, 
1066, 1292, 233, 55, 557, 219, 100, 100, 100, 100, 100, 100, 
100, 100, 100, 100, 100, 2500, 2500, 2500, 2500, 2500, 2500, 
2500, 2500, 2500, 2500, 2500, 8183.367, 8229.268, 8088.897, 8618.858, 
8754.629, 9207.04400000001, 9321.345, 9059.887, 9068.38100000002, 
8959.94099999999, 9190.46299999999, 12.87717, 14.21964, 10.91325, 
12.36243, 9.5917, 12.04794, 12.469, 13.71611, 7.65772, 10.5453, 
13.95967, -10.20323, -11.47595, -9.65351, -10.43459, -9.06119, 
-8.89033, -8.2715, -13.58657, -4.26884, -7.48906, -14.90991, 
0, 0, 0, 0, 0, 0, 0, 0, 0, 0, 0, 0, 0, 0, 0, 0, 0, 0, 0, 0, 0, 
0, 0.69452, 0.67653, 0.73712, 0.71318, 0.72456, 0.73971, 0.7402, 
0.7574, 0.76607, 0.7584, 0.77374, 0.6998, 0.69946, 0.73389, 0.68704, 
0.69114, 0.69482, 0.74175, 0.73906, 0.76517, 0.75708, 0.75628, 
0.051, 0.0564, 0.0606, 0.0635, 0.0687, 0.0701, 0.0766, 0.0774, 
0.0861, 0.089, 0.0929, 126.5, 139.7, 152.1, 164.5, 174.6, 183.6, 
194.2, 202.8, 225.9, 226.2, 241.6, 164, 174, 6, 280, 1291, 437, 
6, 311, 856, 200, 928, 6, 10, 5, 1, 1, 2, 7, 5, 1, 1, 2, 100, 
100, 100, 100, 100, 100, 100, 100, 100, 100, 100, 2500, 2500, 
2500, 2500, 2500, 2500, 2500, 2500, 2500, 2500, 2500, 8251.721, 
8059.34, 8401.687, 8829.694, 9183.75199999999, 9265.897, 9211.287, 
9236.284, 9052.12400000001, 9135.647, 9471.55300000001, 1, 1, 
1, 1, 1, 1, 1, 1, 1, 1, 1, 0.06667, 0.06667, 0.06667, 0.06667, 
0.06667, 0.06667, 0.06667, 0.06667, 0.06667, 0.06667, 0.06667, 
0, 0, 0, 0, 0, 0, 0, 0, 0, 0, 0, 0, 0, 0, 0, 0, 0, 0, 0, 0, 0, 
0, 0.43551, 0.4386, 0.44435, 0.47277, 0.47641, 0.51199, 0.5541, 
0.55868, 0.60148, 0.60841, 0.62657, 0.45516, 0.43859, 0.46602, 
0.4608, 0.48114, 0.51889, 0.55498, 0.59206, 0.57837, 0.57305, 
0.61642, 0.0524, 0.0589, 0.0636, 0.0689, 0.0694, 0.0787, 0.0808, 
0.083, 0.0935, 0.0904, 0.1006, 133.9, 147.5, 160.7, 173.5, 186.3, 
199.6, 212.9, 224.5, 238.6, 251.7, 265.6, 1, 1, 1, 1, 1, 1, 1, 
1, 1, 1, 1, 1, 1, 1, 1, 1, 1, 1, 1, 1, 1, 1, 1, 1, 1, 1, 1, 1, 
1, 1, 1, 1, 1, 1, 1, 1, 1, 1, 1, 1, 1, 1, 1, 1, 3.339, 3.155, 
3.434, 3.456, 3.646, 3.69, 3.651, 3.618, 3.604, 3.666, 3.76), .Dim = c(11L, 
40L), .Dimnames = list(NULL, c("Sampling", "PSO.cost", "PSO.gamma", 
"PSO.data.balancing", "PSO.feature.selection", "PSO.valid.acc", 
"PSO.test.acc", "PSO.train.time", "PSO.n.support.vectors", "PSO.index", 
"PSO.n.solutions", "PSO.generations", "PSO.n.evaluations", "PSO.cpu.time", 
"RS.cost", "RS.gamma", "RS.data.balancing", "RS.feature.selection", 
"RS.valid.acc", "RS.test.acc", "RS.train.time", "RS.n.support.vectors", 
"RS.index", "RS.n.solutions", "RS.generations", "RS.n.evaluations", 
"RS.cpu.time", "DF.cost", "DF.gamma", "DF.data.balancing", "DF.feature.selection", 
"DF.valid.acc", "DF.test.acc", "DF.train.time", "DF.n.support.vectors", 
"DF.index", "DF.n.solutions", "DF.generations", "DF.n.evaluations", 
"DF.cpu.time")))
