full <-
structure(c(50, 55, 60, 65, 70, 75, 80, 85, 90, 95, 100, 6.82175, 
6.01619, 14.38377, 14.56637, 15, 13.42083, 11.41323, 14.76274, 
14.48532, 15, 14.33844, -6.84611, -4.98578, -12.48958, -12.64421, 
-12.1521, -10.91213, -8.25103, -13.18188, -11.99665, -11.84096, 
-11.23857, 0, 0, 0, 0, 0, 0, 0, 0, 0, 0, 0, 0, 0, 0, 0, 0, 0, 
0, 0, 0, 0, 0, 0.69539, 0.71694, 0.71177, 0.70592, 0.74386, 0.75659, 
0.74949, 0.75758, 0.76858, 0.78217, 0.77589, 0.68164, 0.65492, 
0.69426, 0.73048, 0.74013, 0.74892, 0.72308, 0.73617, 0.72895, 
0.76424, 0.76088, 0.0591, 0.0634, 0.0594, 0.0631, 0.0731, 0.0712, 
0.0754, 0.0783, 0.0832, 0.0949, 0.0936, 130.3, 142.1, 152.9, 
163.1, 173.9, 184.3, 195.4, 203.4, 213.5, 222.8, 234.3, 1968, 
1395, 838, 158, 188, 183, 2154, 318, 317, 49, 1581, 11, 110, 
34, 656, 469, 222, 1, 306, 288, 1035, 19, 100, 100, 100, 100, 
100, 100, 100, 100, 100, 100, 100, 2500, 2500, 2500, 2500, 2500, 
2500, 2500, 2500, 2500, 2500, 2500, 7782.236, 7946.31, 7758.846, 
7832.356, 7837.033, 7780.371, 7951.224, 8075.101, 8189.40500000001, 
8340.13900000002, 8441.40300000002, 6.96509, 6.3414, 13.30295, 
14.6013, 11.68014, 14.12655, 14.54833, 14.1524, 14.4617, 14.77977, 
11.12284, -7.04386, -5.07644, -11.68633, -12.6694, -12.97979, 
-11.6055, -11.69571, -12.52366, -10.11405, -11.64116, -8.0312, 
0, 0, 0, 0, 0, 0, 0, 0, 0, 0, 0, 0, 0, 0, 0, 0, 0, 0, 0, 0, 0, 
0, 0.68914, 0.71218, 0.7116, 0.70592, 0.73974, 0.75659, 0.7465, 
0.75758, 0.76255, 0.78217, 0.77304, 0.68164, 0.65992, 0.69367, 
0.73048, 0.74012, 0.74892, 0.73971, 0.73617, 0.73562, 0.76424, 
0.76141, 0.0594, 0.0563, 0.0603, 0.0624, 0.0678, 0.0706, 0.0745, 
0.0783, 0.0848, 0.0869, 0.0987, 130.2, 141.9, 153.3, 163.1, 176.5, 
184.4, 192.9, 203.5, 214.1, 222.8, 237.3, 2227, 2017, 5, 660, 
1959, 395, 1566, 658, 913, 132, 1259, 1, 1, 6, 1, 1, 1, 1, 2, 
2, 1, 1, 100, 100, 100, 100, 100, 100, 100, 100, 100, 100, 100, 
2500, 2500, 2500, 2500, 2500, 2500, 2500, 2500, 2500, 2500, 2500, 
7749.24, 7629.475, 7858.467, 7791.979, 7754.342, 7969.592, 8066.361, 
8225.36500000001, 8363.837, 8474.61800000002, 8743.20200000002, 
1, 1, 1, 1, 1, 1, 1, 1, 1, 1, 1, 0.06667, 0.06667, 0.06667, 0.06667, 
0.06667, 0.06667, 0.06667, 0.06667, 0.06667, 0.06667, 0.06667, 
0, 0, 0, 0, 0, 0, 0, 0, 0, 0, 0, 0, 0, 0, 0, 0, 0, 0, 0, 0, 0, 
0, 0.40468, 0.47408, 0.48579, 0.54571, 0.58774, 0.57432, 0.5739, 
0.59519, 0.61139, 0.62654, 0.64045, 0.42025, 0.45148, 0.48928, 
0.54666, 0.56085, 0.57207, 0.5934, 0.60952, 0.59935, 0.60563, 
0.61141, 0.0595, 0.0582, 0.0616, 0.0657, 0.0702, 0.0765, 0.0784, 
0.0845, 0.0886, 0.1006, 0.1021, 135.2, 148.9, 162.2, 173.8, 186.1, 
198.9, 211.4, 225.5, 238.9, 252.1, 265.6, 1, 1, 1, 1, 1, 1, 1, 
1, 1, 1, 1, 1, 1, 1, 1, 1, 1, 1, 1, 1, 1, 1, 1, 1, 1, 1, 1, 1, 
1, 1, 1, 1, 1, 1, 1, 1, 1, 1, 1, 1, 1, 1, 1, 1, 3.201, 3.071, 
3.07, 3.138, 3.077, 3.223, 3.143, 3.256, 3.259, 3.564, 3.507), .Dim = c(11L, 
40L), .Dimnames = list(NULL, c("Sampling", "PSO.cost", "PSO.gamma", 
"PSO.data.balancing", "PSO.feature.selection", "PSO.valid.acc", 
"PSO.test.acc", "PSO.train.time", "PSO.n.support.vectors", "PSO.index", 
"PSO.n.solutions", "PSO.generations", "PSO.n.evaluations", "PSO.cpu.time", 
"RS.cost", "RS.gamma", "RS.data.balancing", "RS.feature.selection", 
"RS.valid.acc", "RS.test.acc", "RS.train.time", "RS.n.support.vectors", 
"RS.index", "RS.n.solutions", "RS.generations", "RS.n.evaluations", 
"RS.cpu.time", "DF.cost", "DF.gamma", "DF.data.balancing", "DF.feature.selection", 
"DF.valid.acc", "DF.test.acc", "DF.train.time", "DF.n.support.vectors", 
"DF.index", "DF.n.solutions", "DF.generations", "DF.n.evaluations", 
"DF.cpu.time")))
