full <-
structure(c(50, 55, 60, 65, 70, 75, 80, 85, 90, 95, 100, 9.02089, 
7.77752, 5.64901, 9.18774, 8.26124, 14.19432, 13.76449, 12.48997, 
9.67108, 8.69702, 15, -7.58775, -5.12704, -6.65722, -10.07629, 
-9.51857, -11.33186, -14.92597, -13.04361, -11.56207, -8.34528, 
-11.98664, 0, 0, 0, 0, 0, 0, 0, 0, 0, 0, 0, 0, 0, 0, 0, 0, 0, 
0, 0, 0, 0, 0, 0.67931, 0.68241, 0.67472, 0.73803, 0.74001, 0.71955, 
0.77909, 0.77249, 0.74973, 0.77163, 0.77911, 0.66207, 0.65195, 
0.66428, 0.69098, 0.73673, 0.73044, 0.76033, 0.76513, 0.74635, 
0.74752, 0.76818, 0.0571, 0.0597, 0.0625, 0.0633, 0.0671, 0.074, 
0.0781, 0.081, 0.0832, 0.0887, 0.0994, 127.2, 141.8, 152.8, 165, 
176.7, 184.7, 199.5, 209, 223.6, 230.2, 235.3, 1308, 287, 294, 
302, 312, 2267, 402, 371, 130, 644, 77, 13, 99, 113, 94, 155, 
1, 17, 75, 184, 61, 479, 100, 100, 100, 100, 100, 100, 100, 100, 
100, 100, 100, 2500, 2500, 2500, 2500, 2500, 2500, 2500, 2500, 
2500, 2500, 2500, 7476.276, 7423.185, 7655.557, 7680.901, 8044.42099999999, 
8217.59, 8466.82000000001, 8435.102, 8419.98999999999, 8733.80000000002, 
8708.72899999999, 11.32047, 7.59077, 5.65525, 7.9406, 7.79937, 
7.176, 11.91624, 9.13531, 9.6521, 9.30651, 14.60402, -10.02383, 
-7.42955, -6.70398, -8.94441, -9.03466, -7.77008, -13.08153, 
-10.05611, -11.55431, -9.02107, -11.66537, 0, 0, 0, 0, 0, 0, 
0, 0, 0, 0, 0, 0, 0, 0, 0, 0, 0, 0, 0, 0, 0, 0, 0.67777, 0.68327, 
0.67472, 0.73403, 0.74001, 0.71684, 0.77564, 0.76936, 0.74973, 
0.76877, 0.77911, 0.65374, 0.67594, 0.66428, 0.69098, 0.74057, 
0.73197, 0.76033, 0.75409, 0.74332, 0.75001, 0.76555, 0.0549, 
0.0598, 0.065, 0.0604, 0.0709, 0.0738, 0.0758, 0.0798, 0.0824, 
0.0924, 0.0931, 126.3, 140, 152.8, 165.5, 176.4, 187.5, 199.5, 
210.3, 223.7, 229.7, 235.4, 96, 1498, 1686, 368, 817, 1598, 2084, 
1187, 359, 428, 2113, 8, 2, 1, 3, 4, 1, 1, 2, 6, 3, 1, 100, 100, 
100, 100, 100, 100, 100, 100, 100, 100, 100, 2500, 2500, 2500, 
2500, 2500, 2500, 2500, 2500, 2500, 2500, 2500, 7637.055, 7658.093, 
7759.83, 8033.297, 8230.42200000001, 8485.83799999999, 8478.523, 
8578.515, 8956.35600000003, 9027.041, 8920.77399999998, 1, 1, 
1, 1, 1, 1, 1, 1, 1, 1, 1, 0.06667, 0.06667, 0.06667, 0.06667, 
0.06667, 0.06667, 0.06667, 0.06667, 0.06667, 0.06667, 0.06667, 
0, 0, 0, 0, 0, 0, 0, 0, 0, 0, 0, 0, 0, 0, 0, 0, 0, 0, 0, 0, 0, 
0, 0.46187, 0.54088, 0.5285, 0.54013, 0.51242, 0.52467, 0.54884, 
0.56741, 0.57478, 0.621, 0.62534, 0.49168, 0.52305, 0.52906, 
0.53554, 0.51595, 0.54011, 0.56081, 0.56499, 0.61235, 0.57329, 
0.63659, 0.0567, 0.0608, 0.0611, 0.0713, 0.0769, 0.0783, 0.0822, 
0.0918, 0.0948, 0.0992, 0.1029, 133.6, 147.2, 160.7, 174, 186.6, 
199.8, 213.7, 224.7, 239, 252.4, 265.6, 1, 1, 1, 1, 1, 1, 1, 
1, 1, 1, 1, 1, 1, 1, 1, 1, 1, 1, 1, 1, 1, 1, 1, 1, 1, 1, 1, 1, 
1, 1, 1, 1, 1, 1, 1, 1, 1, 1, 1, 1, 1, 1, 1, 1, 2.979, 3.065, 
3.005, 3.272, 3.396, 3.369, 3.367, 3.575, 3.59, 3.581, 3.544), .Dim = c(11L, 
40L), .Dimnames = list(NULL, c("Sampling", "PSO.cost", "PSO.gamma", 
"PSO.data.balancing", "PSO.feature.selection", "PSO.valid.acc", 
"PSO.test.acc", "PSO.train.time", "PSO.n.support.vectors", "PSO.index", 
"PSO.n.solutions", "PSO.generations", "PSO.n.evaluations", "PSO.cpu.time", 
"RS.cost", "RS.gamma", "RS.data.balancing", "RS.feature.selection", 
"RS.valid.acc", "RS.test.acc", "RS.train.time", "RS.n.support.vectors", 
"RS.index", "RS.n.solutions", "RS.generations", "RS.n.evaluations", 
"RS.cpu.time", "DF.cost", "DF.gamma", "DF.data.balancing", "DF.feature.selection", 
"DF.valid.acc", "DF.test.acc", "DF.train.time", "DF.n.support.vectors", 
"DF.index", "DF.n.solutions", "DF.generations", "DF.n.evaluations", 
"DF.cpu.time")))
