full <-
structure(c(50, 55, 60, 65, 70, 75, 80, 85, 90, 95, 100, 12.41845, 
14.71816, 10.43725, 12.55283, 10.5971, 14.13403, 12.74982, 12.272, 
8.58004, 8.54461, 6.64764, -12.38704, -12.44651, -5.79135, -12.37208, 
-9.71092, -13.6703, -9.53322, -10.60584, -8.0084, -6.38128, -6.24699, 
0, 0, 0, 0, 0, 0, 0, 0, 0, 0, 0, 0, 0, 0, 0, 0, 0, 0, 0, 0, 0, 
0, 0.64747, 0.67819, 0.72336, 0.74533, 0.74002, 0.75498, 0.76603, 
0.7645, 0.76176, 0.74619, 0.76435, 0.65787, 0.65595, 0.69482, 
0.69931, 0.71772, 0.73988, 0.71642, 0.73768, 0.735, 0.73015, 
0.73653, 0.0554, 0.0582, 0.0575, 0.0641, 0.0659, 0.0699, 0.0743, 
0.0801, 0.083, 0.0889, 0.0945, 128.3, 141.4, 154.4, 163.5, 176.1, 
184.6, 192.8, 204.3, 217.6, 232.1, 244.9, 20, 86, 196, 2268, 
206, 70, 468, 361, 128, 1433, 461, 1646, 457, 617, 2, 96, 109, 
265, 250, 40, 33, 62, 100, 100, 100, 100, 100, 100, 100, 100, 
100, 100, 100, 2500, 2500, 2500, 2500, 2500, 2500, 2500, 2500, 
2500, 2500, 2500, 8310.911, 8088.027, 8254.594, 8739.085, 8944.91699999999, 
9161.811, 9144.148, 8763.802, 9178.75200000001, 9406.34600000002, 
9219.592, 14.71737, 14.54254, 14.1696, 10.83539, 11.95668, 13.09927, 
13.03352, 12.50327, 8.40948, 8.45208, 10.94762, -14.34973, -12.31602, 
-5.78586, -10.61525, -11.06976, -12.6382, -9.6409, -10.81005, 
-7.8375, -6.33975, -10.57014, 0, 0, 0, 0, 0, 0, 0, 0, 0, 0, 0, 
0, 0, 0, 0, 0, 0, 0, 0, 0, 0, 0, 0.64747, 0.67819, 0.72336, 0.74033, 
0.74002, 0.75498, 0.7627, 0.7645, 0.75842, 0.74619, 0.76383, 
0.66342, 0.65595, 0.69482, 0.69931, 0.72172, 0.73988, 0.71642, 
0.73411, 0.735, 0.72417, 0.74811, 0.0534, 0.0555, 0.061, 0.0643, 
0.0668, 0.0704, 0.0755, 0.0813, 0.0826, 0.088, 0.0938, 128.4, 
141.4, 154.4, 163.8, 175.9, 184.7, 192.7, 204.1, 217.8, 232.3, 
239.4, 132, 122, 1857, 1488, 1736, 380, 359, 161, 925, 2283, 
290, 14, 13, 2, 1, 1, 2, 12, 1, 1, 1, 2, 100, 100, 100, 100, 
100, 100, 100, 100, 100, 100, 100, 2500, 2500, 2500, 2500, 2500, 
2500, 2500, 2500, 2500, 2500, 2500, 8238.69, 8012.249, 8508.041, 
8732.68, 9174.24699999999, 9338.204, 8967.88399999999, 9003.92499999999, 
9433.155, 9474.62699999998, 9510.58100000001, 1, 1, 1, 1, 1, 
1, 1, 1, 1, 1, 1, 0.06667, 0.06667, 0.06667, 0.06667, 0.06667, 
0.06667, 0.06667, 0.06667, 0.06667, 0.06667, 0.06667, 0, 0, 0, 
0, 0, 0, 0, 0, 0, 0, 0, 0, 0, 0, 0, 0, 0, 0, 0, 0, 0, 0, 0.51142, 
0.49965, 0.51508, 0.50949, 0.53918, 0.56244, 0.56644, 0.5891, 
0.62971, 0.60486, 0.59605, 0.53581, 0.51068, 0.51973, 0.52548, 
0.53079, 0.54918, 0.58573, 0.62455, 0.64017, 0.62704, 0.64403, 
0.0551, 0.057, 0.0624, 0.0663, 0.0724, 0.0752, 0.0821, 0.0827, 
0.0901, 0.0937, 0.0989, 134.6, 147.9, 161.4, 174.6, 188.4, 200.4, 
213, 225.8, 239.2, 252.5, 265.3, 1, 1, 1, 1, 1, 1, 1, 1, 1, 1, 
1, 1, 1, 1, 1, 1, 1, 1, 1, 1, 1, 1, 1, 1, 1, 1, 1, 1, 1, 1, 1, 
1, 1, 1, 1, 1, 1, 1, 1, 1, 1, 1, 1, 1, 3.281, 3.262, 3.518, 3.501, 
3.62, 3.782, 3.502, 3.677, 3.785, 3.725, 3.844), .Dim = c(11L, 
40L), .Dimnames = list(NULL, c("Sampling", "PSO.cost", "PSO.gamma", 
"PSO.data.balancing", "PSO.feature.selection", "PSO.valid.acc", 
"PSO.test.acc", "PSO.train.time", "PSO.n.support.vectors", "PSO.index", 
"PSO.n.solutions", "PSO.generations", "PSO.n.evaluations", "PSO.cpu.time", 
"RS.cost", "RS.gamma", "RS.data.balancing", "RS.feature.selection", 
"RS.valid.acc", "RS.test.acc", "RS.train.time", "RS.n.support.vectors", 
"RS.index", "RS.n.solutions", "RS.generations", "RS.n.evaluations", 
"RS.cpu.time", "DF.cost", "DF.gamma", "DF.data.balancing", "DF.feature.selection", 
"DF.valid.acc", "DF.test.acc", "DF.train.time", "DF.n.support.vectors", 
"DF.index", "DF.n.solutions", "DF.generations", "DF.n.evaluations", 
"DF.cpu.time")))
