full <-
structure(c(50, 55, 60, 65, 70, 75, 80, 85, 90, 95, 100, 14.27421, 
12.48801, 8.88519, 13.95089, 11.25249, 14.56018, 8.80548, 11.86672, 
8.26639, 14.17589, 14.51183, -13.12536, -9.65293, -9.11847, -11.04075, 
-10.92971, -12.24604, -9.10395, -9.1006, -8.38282, -15, -10.28579, 
0, 0, 0, 0, 0, 0, 0, 0, 0, 0, 0, 0, 0, 0, 0, 0, 0, 0, 0, 0, 0, 
0, 0.68446, 0.71007, 0.67957, 0.72702, 0.74299, 0.73443, 0.74329, 
0.74791, 0.74478, 0.77296, 0.75951, 0.62489, 0.68963, 0.66236, 
0.7087, 0.73051, 0.69204, 0.72099, 0.7486, 0.71893, 0.76015, 
0.76241, 0.0545, 0.0568, 0.0555, 0.0652, 0.0669, 0.0716, 0.0783, 
0.0811, 0.0853, 0.0862, 0.0963, 128.2, 139.8, 152.7, 162.8, 175.3, 
185.2, 199.3, 206.9, 221, 231.6, 235.2, 300, 236, 118, 187, 789, 
1257, 368, 110, 87, 189, 803, 60, 152, 217, 231, 60, 9, 62, 291, 
96, 114, 17, 100, 100, 100, 100, 100, 100, 100, 100, 100, 100, 
100, 2500, 2500, 2500, 2500, 2500, 2500, 2500, 2500, 2500, 2500, 
2500, 7640.439, 7780.96, 8172.683, 8489.403, 8832.415, 9257.788, 
8977.84999999999, 9028.29800000001, 8864.69200000001, 8999.742, 
9327.26300000001, 12.85361, 13.13657, 10.1393, 14.86518, 10.38525, 
9.14701, 13.97222, 11.41189, 3.37669, 13.04138, 14.4356, -11.69906, 
-10.29564, -10.32663, -11.67175, -9.91637, -7.39453, -14.24841, 
-8.60947, -5.3712, -13.8783, -10.29189, 0, 0, 0, 0, 0, 0, 0, 
0, 0, 0, 0, 0, 0, 0, 0, 0, 0, 0, 0, 0, 0, 0, 0.68446, 0.71007, 
0.67957, 0.72702, 0.73929, 0.73342, 0.73945, 0.74458, 0.74392, 
0.77296, 0.75657, 0.62489, 0.68963, 0.66236, 0.71786, 0.73051, 
0.68759, 0.72021, 0.74214, 0.73174, 0.76033, 0.76554, 0.0539, 
0.058, 0.0622, 0.0653, 0.0696, 0.0721, 0.0732, 0.0819, 0.0861, 
0.0851, 0.0936, 128.2, 139.7, 152.4, 162.8, 175.4, 188, 198.1, 
207.5, 232.4, 231.8, 235.2, 2372, 2032, 1806, 965, 2311, 1070, 
159, 528, 816, 1261, 574, 1, 1, 1, 1, 1, 2, 1, 1, 1, 2, 1, 100, 
100, 100, 100, 100, 100, 100, 100, 100, 100, 100, 2500, 2500, 
2500, 2500, 2500, 2500, 2500, 2500, 2500, 2500, 2500, 7674.996, 
7934.812, 8306.636, 8358.702, 8780.56000000001, 9248.94500000001, 
9183.303, 8979.005, 8990.258, 9353.56200000001, 9708.07699999999, 
1, 1, 1, 1, 1, 1, 1, 1, 1, 1, 1, 0.06667, 0.06667, 0.06667, 0.06667, 
0.06667, 0.06667, 0.06667, 0.06667, 0.06667, 0.06667, 0.06667, 
0, 0, 0, 0, 0, 0, 0, 0, 0, 0, 0, 0, 0, 0, 0, 0, 0, 0, 0, 0, 0, 
0, 0.48771, 0.53468, 0.579, 0.5853, 0.56859, 0.56493, 0.58098, 
0.60169, 0.60695, 0.60108, 0.58927, 0.49116, 0.57362, 0.54348, 
0.5539, 0.57484, 0.55182, 0.59879, 0.60516, 0.59028, 0.58357, 
0.59493, 0.0545, 0.0555, 0.064, 0.0673, 0.0739, 0.0772, 0.0835, 
0.0826, 0.0877, 0.0953, 0.0997, 134.7, 148.2, 161.6, 175.2, 188.5, 
201.6, 214.6, 227.8, 240.4, 253.5, 265.8, 1, 1, 1, 1, 1, 1, 1, 
1, 1, 1, 1, 1, 1, 1, 1, 1, 1, 1, 1, 1, 1, 1, 1, 1, 1, 1, 1, 1, 
1, 1, 1, 1, 1, 1, 1, 1, 1, 1, 1, 1, 1, 1, 1, 1, 3.069, 3.196, 
3.313, 3.285, 3.682, 3.736, 3.717, 3.567, 3.593, 3.712, 3.969
), .Dim = c(11L, 40L), .Dimnames = list(NULL, c("Sampling", "PSO.cost", 
"PSO.gamma", "PSO.data.balancing", "PSO.feature.selection", "PSO.valid.acc", 
"PSO.test.acc", "PSO.train.time", "PSO.n.support.vectors", "PSO.index", 
"PSO.n.solutions", "PSO.generations", "PSO.n.evaluations", "PSO.cpu.time", 
"RS.cost", "RS.gamma", "RS.data.balancing", "RS.feature.selection", 
"RS.valid.acc", "RS.test.acc", "RS.train.time", "RS.n.support.vectors", 
"RS.index", "RS.n.solutions", "RS.generations", "RS.n.evaluations", 
"RS.cpu.time", "DF.cost", "DF.gamma", "DF.data.balancing", "DF.feature.selection", 
"DF.valid.acc", "DF.test.acc", "DF.train.time", "DF.n.support.vectors", 
"DF.index", "DF.n.solutions", "DF.generations", "DF.n.evaluations", 
"DF.cpu.time")))
