full <-
structure(c(50, 55, 60, 65, 70, 75, 80, 85, 90, 95, 100, 11.44636, 
12.71433, 2.89871, 4.66542, 3.6759, 9.36462, 3.96594, 5.78637, 
13.3197, 0.55453, 4.88246, -10.02369, -10.22135, -6.78356, -6.90329, 
-7.02548, -9.16485, -8.21219, -8.22931, -9.42521, -5.56677, -6.81288, 
0, 0, 0, 0, 0, 0, 0, 0, 0, 0, 0, 0, 0, 0, 0, 0, 0, 0, 0, 0, 0, 
0, 0.75354, 0.74385, 0.75369, 0.75, 0.7643, 0.72873, 0.72924, 
0.75526, 0.7551, 0.75093, 0.7358, 0.72744, 0.73185, 0.73913, 
0.74333, 0.75218, 0.7114, 0.71024, 0.71949, 0.73546, 0.73254, 
0.7229, 0.0329, 0.0465, 0.0265, 0.0297, 0.0315, 0.0429, 0.0385, 
0.0414, 0.2542, 0.0485, 0.0519, 109.9, 117.3, 141.3, 148.6, 159.4, 
169.1, 188.4, 187.8, 185.8, 225.5, 220.6, 138, 1465, 1231, 325, 
767, 16, 536, 124, 2061, 1547, 117, 157, 5, 15, 146, 51, 26, 
41, 123, 1, 17, 34, 100, 100, 100, 100, 100, 100, 100, 100, 100, 
100, 100, 2500, 2500, 2500, 2500, 2500, 2500, 2500, 2500, 2500, 
2500, 2500, 8196.251, 8486.82, 8330.246, 7993.025, 7756.39600000001, 
8605.45700000001, 8037.825, 8322.719, 13547.762, 9408.83900000001, 
9238.58300000001, 13.75873, 6.1638, 4.26114, 7.1777, 4.54189, 
10.06749, 4.80395, 5.35745, 12.30465, 1.33003, 0.91128, -11.18437, 
-3.72339, -7.38066, -8.23188, -7.60164, -9.5295, -8.74974, -8.20198, 
-9.21528, -6.03856, -5.02253, 0, 0, 0, 0, 0, 0, 0, 0, 0, 0, 0, 
0, 0, 0, 0, 0, 0, 0, 0, 0, 0, 0, 0.75354, 0.74338, 0.75368, 0.75, 
0.76127, 0.72873, 0.72916, 0.75269, 0.74784, 0.74649, 0.73585, 
0.72744, 0.70077, 0.73529, 0.75311, 0.7429, 0.7114, 0.70191, 
0.71705, 0.73314, 0.74158, 0.72724, 0.04, 0.0332, 0.0264, 0.0314, 
0.0319, 0.0456, 0.0394, 0.0415, 0.1384, 0.0465, 0.0521, 109.5, 
117, 138.1, 145.5, 158.3, 168.9, 186.6, 189.3, 188.5, 222, 233.2, 
192, 838, 264, 946, 2309, 398, 1403, 403, 520, 1132, 117, 5, 
2, 1, 2, 1, 2, 1, 3, 2, 1, 1, 100, 100, 100, 100, 100, 100, 100, 
100, 100, 100, 100, 2500, 2500, 2500, 2500, 2500, 2500, 2500, 
2500, 2500, 2500, 2500, 7553.996, 8520.378, 8584.18900000001, 
8177.012, 8254.003, 8411.375, 9003.352, 9178.55000000002, 9779.40299999999, 
10310.375, 10743.92, 1, 1, 1, 1, 1, 1, 1, 1, 1, 1, 1, 0.11111, 
0.11111, 0.11111, 0.11111, 0.11111, 0.11111, 0.11111, 0.11111, 
0.11111, 0.11111, 0.11111, 0, 0, 0, 0, 0, 0, 0, 0, 0, 0, 0, 0, 
0, 0, 0, 0, 0, 0, 0, 0, 0, 0, 0.68941, 0.716, 0.7034, 0.71288, 
0.73977, 0.69989, 0.69103, 0.70686, 0.70862, 0.73249, 0.72063, 
0.68526, 0.72415, 0.72534, 0.70964, 0.74318, 0.67971, 0.69665, 
0.71699, 0.71106, 0.71611, 0.70125, 0.0225, 0.0265, 0.0273, 0.0292, 
0.0335, 0.0362, 0.0396, 0.0429, 0.0475, 0.0495, 0.0541, 133.5, 
142.5, 153.8, 168.2, 175.9, 195.3, 203.8, 214.8, 227.3, 237.5, 
250.3, 1, 1, 1, 1, 1, 1, 1, 1, 1, 1, 1, 1, 1, 1, 1, 1, 1, 1, 
1, 1, 1, 1, 1, 1, 1, 1, 1, 1, 1, 1, 1, 1, 1, 1, 1, 1, 1, 1, 1, 
1, 1, 1, 1, 1, 2.708, 3.209, 3.154, 2.817, 3.006, 3.033, 3.224, 
3.391, 3.471, 3.324, 3.394), .Dim = c(11L, 40L), .Dimnames = list(
    NULL, c("Sampling", "PSO.cost", "PSO.gamma", "PSO.data.balancing", 
    "PSO.feature.selection", "PSO.valid.acc", "PSO.test.acc", 
    "PSO.train.time", "PSO.n.support.vectors", "PSO.index", "PSO.n.solutions", 
    "PSO.generations", "PSO.n.evaluations", "PSO.cpu.time", "RS.cost", 
    "RS.gamma", "RS.data.balancing", "RS.feature.selection", 
    "RS.valid.acc", "RS.test.acc", "RS.train.time", "RS.n.support.vectors", 
    "RS.index", "RS.n.solutions", "RS.generations", "RS.n.evaluations", 
    "RS.cpu.time", "DF.cost", "DF.gamma", "DF.data.balancing", 
    "DF.feature.selection", "DF.valid.acc", "DF.test.acc", "DF.train.time", 
    "DF.n.support.vectors", "DF.index", "DF.n.solutions", "DF.generations", 
    "DF.n.evaluations", "DF.cpu.time")))
