full <-
structure(c(50, 55, 60, 65, 70, 75, 80, 85, 90, 95, 100, 14.98602, 
2.54953, 11.7878, 3.88594, 8.54687, 0.62202, 3.28996, 0.0263, 
-0.55564, 7.08766, 8.15705, -8.9326, -4.84385, -10.54927, -4.97001, 
-12.68211, -6.50168, -7.61452, -5.57787, -4.09869, -8.51833, 
-8.58534, 0, 0, 0, 0, 0, 0, 0, 0, 0, 0, 0, 0, 0, 0, 0, 0, 0, 
0, 0, 0, 0, 0, 0.74116, 0.72532, 0.72675, 0.7401, 0.71809, 0.72538, 
0.73979, 0.75, 0.73258, 0.73534, 0.74653, 0.67591, 0.70981, 0.72304, 
0.69688, 0.69612, 0.71084, 0.7235, 0.73731, 0.73026, 0.73074, 
0.73793, 0.294, 0.0245, 0.0362, 0.0327, 0.0299, 0.0338, 0.0363, 
0.0401, 0.0447, 0.0545, 0.06, 108.2, 135.7, 134.9, 153.8, 164.7, 
186.1, 186.8, 211.5, 224, 215.2, 218.8, 2223, 2379, 84, 694, 
2, 569, 264, 517, 780, 328, 241, 2, 2, 140, 292, 259, 98, 146, 
259, 52, 98, 143, 100, 100, 100, 100, 100, 100, 100, 100, 100, 
100, 100, 2500, 2500, 2500, 2500, 2500, 2500, 2500, 2500, 2500, 
2500, 2500, 11584.566, 7424.229, 7952.513, 7367.254, 7428.985, 
7699.117, 7977.65699999999, 7992.598, 8755.768, 9253.78300000002, 
9831.52100000001, 12.04607, 4.44877, 13.15015, 3.65285, 7.65828, 
0.54922, 3.26427, -0.69171, 1.01144, 6.72787, 6.74397, -7.77199, 
-6.03542, -11.24473, -4.76978, -7.42154, -6.38391, -7.74192, 
-4.44117, -6.56339, -8.34764, -7.88893, 0, 0, 0, 0, 0, 0, 0, 
0, 0, 0, 0, 0, 0, 0, 0, 0, 0, 0, 0, 0, 0, 0, 0.73226, 0.71764, 
0.72675, 0.73666, 0.71809, 0.72538, 0.73979, 0.74737, 0.73026, 
0.73534, 0.74653, 0.69312, 0.70564, 0.72674, 0.69688, 0.68731, 
0.71084, 0.7262, 0.73474, 0.72782, 0.73074, 0.73575, 0.1065, 
0.0265, 0.0434, 0.0332, 0.0404, 0.0358, 0.0384, 0.0449, 0.0459, 
0.0518, 0.056, 110.6, 131.2, 135.1, 154.1, 156.5, 186, 187.1, 
214.9, 219, 215.1, 220.5, 1149, 1647, 2427, 704, 243, 1711, 1223, 
2176, 2354, 1897, 324, 1, 1, 1, 2, 26, 1, 2, 1, 1, 4, 4, 100, 
100, 100, 100, 100, 100, 100, 100, 100, 100, 100, 2500, 2500, 
2500, 2500, 2500, 2500, 2500, 2500, 2500, 2500, 2500, 7312.236, 
7487.167, 7737.019, 7856.181, 8090.90199999999, 8330.602, 8594.202, 
9066.97700000001, 9289.87700000001, 9654.64999999999, 10109.95, 
1, 1, 1, 1, 1, 1, 1, 1, 1, 1, 1, 0.11111, 0.11111, 0.11111, 0.11111, 
0.11111, 0.11111, 0.11111, 0.11111, 0.11111, 0.11111, 0.11111, 
0, 0, 0, 0, 0, 0, 0, 0, 0, 0, 0, 0, 0, 0, 0, 0, 0, 0, 0, 0, 0, 
0, 0.67131, 0.70209, 0.70096, 0.71654, 0.70862, 0.69899, 0.72635, 
0.71686, 0.7108, 0.71229, 0.70749, 0.6891, 0.69826, 0.69011, 
0.70342, 0.68712, 0.69891, 0.72635, 0.71673, 0.70859, 0.71234, 
0.69898, 0.0224, 0.0246, 0.0276, 0.0309, 0.0344, 0.0363, 0.0407, 
0.042, 0.0464, 0.0528, 0.0565, 139.7, 151.6, 160, 172.9, 186.7, 
195.6, 206.4, 218.1, 230, 242.4, 252.1, 1, 1, 1, 1, 1, 1, 1, 
1, 1, 1, 1, 1, 1, 1, 1, 1, 1, 1, 1, 1, 1, 1, 1, 1, 1, 1, 1, 1, 
1, 1, 1, 1, 1, 1, 1, 1, 1, 1, 1, 1, 1, 1, 1, 1, 2.84, 2.793, 
2.942, 2.806, 2.983, 3.039, 3.212, 3.228, 3.249, 3.492, 3.45), .Dim = c(11L, 
40L), .Dimnames = list(NULL, c("Sampling", "PSO.cost", "PSO.gamma", 
"PSO.data.balancing", "PSO.feature.selection", "PSO.valid.acc", 
"PSO.test.acc", "PSO.train.time", "PSO.n.support.vectors", "PSO.index", 
"PSO.n.solutions", "PSO.generations", "PSO.n.evaluations", "PSO.cpu.time", 
"RS.cost", "RS.gamma", "RS.data.balancing", "RS.feature.selection", 
"RS.valid.acc", "RS.test.acc", "RS.train.time", "RS.n.support.vectors", 
"RS.index", "RS.n.solutions", "RS.generations", "RS.n.evaluations", 
"RS.cpu.time", "DF.cost", "DF.gamma", "DF.data.balancing", "DF.feature.selection", 
"DF.valid.acc", "DF.test.acc", "DF.train.time", "DF.n.support.vectors", 
"DF.index", "DF.n.solutions", "DF.generations", "DF.n.evaluations", 
"DF.cpu.time")))
