full <-
structure(c(50, 55, 60, 65, 70, 75, 80, 85, 90, 95, 100, 1.64128, 
7.33186, 3.58101, 1.08068, 7.23956, 9.37414, 14.69684, 6.29029, 
2.48676, 5.0763, 8.24876, -5.99178, -7.39522, -5.73099, -5.73001, 
-5.70343, -7.54889, -11.35234, -7.15186, -6.43983, -8.1583, -8.48527, 
0, 0, 0, 0, 0, 0, 0, 0, 0, 0, 0, 0, 0, 0, 0, 0, 0, 0, 0, 0, 0, 
0, 0.73882, 0.72046, 0.72566, 0.73737, 0.74934, 0.74857, 0.76383, 
0.7424, 0.7374, 0.75119, 0.74672, 0.69967, 0.72815, 0.69987, 
0.70413, 0.70625, 0.72538, 0.74513, 0.72964, 0.72997, 0.73972, 
0.72956, 0.0227, 0.032, 0.0268, 0.0302, 0.0514, 0.0642, 0.117, 
0.0451, 0.0442, 0.047, 0.0589, 125.6, 125, 142.4, 163.1, 152.5, 
158.1, 173.3, 186.2, 207.5, 212.8, 218.4, 868, 69, 222, 1799, 
1602, 1235, 2304, 617, 317, 1305, 111, 93, 131, 55, 4, 14, 45, 
1, 84, 417, 7, 220, 100, 100, 100, 100, 100, 100, 100, 100, 100, 
100, 100, 2500, 2500, 2500, 2500, 2500, 2500, 2500, 2500, 2500, 
2500, 2500, 7960.877, 7713.914, 8158.007, 8529.702, 9597.507, 
9450.81200000001, 10151.703, 8931.674, 8635.791, 8538.861, 9975.69500000001, 
2.31645, 8.8964, 8.83773, 1.49303, 7.64209, 8.58351, 14.56814, 
14.10139, 2.57174, 5.90055, 6.21873, -6.02045, -8.10022, -8.17205, 
-5.89468, -5.88291, -7.47285, -11.32102, -11.86254, -6.49025, 
-9.18772, -7.42398, 0, 0, 0, 0, 0, 0, 0, 0, 0, 0, 0, 0, 0, 0, 
0, 0, 0, 0, 0, 0, 0, 0, 0.73882, 0.72046, 0.72553, 0.73404, 0.74328, 
0.74849, 0.76106, 0.73971, 0.73496, 0.74654, 0.74672, 0.69135, 
0.73615, 0.70357, 0.71069, 0.7125, 0.72269, 0.73702, 0.70407, 
0.72997, 0.73972, 0.72521, 0.0223, 0.0325, 0.0354, 0.03, 0.0514, 
0.0553, 0.1187, 0.0774, 0.043, 0.0474, 0.0559, 123, 124.7, 136.8, 
161.6, 151.4, 160.3, 172.9, 187.2, 207.1, 213.4, 220, 1573, 51, 
88, 193, 1261, 2319, 1848, 17, 2076, 535, 864, 1, 2, 17, 2, 1, 
1, 1, 2, 1, 7, 4, 100, 100, 100, 100, 100, 100, 100, 100, 100, 
100, 100, 2500, 2500, 2500, 2500, 2500, 2500, 2500, 2500, 2500, 
2500, 2500, 7498.788, 7737.505, 8013.034, 8748.64799999999, 9470.68799999999, 
9442.484, 9282.117, 9697.38999999998, 10052.721, 9852.74899999998, 
10522.429, 1, 1, 1, 1, 1, 1, 1, 1, 1, 1, 1, 0.11111, 0.11111, 
0.11111, 0.11111, 0.11111, 0.11111, 0.11111, 0.11111, 0.11111, 
0.11111, 0.11111, 0, 0, 0, 0, 0, 0, 0, 0, 0, 0, 0, 0, 0, 0, 0, 
0, 0, 0, 0, 0, 0, 0, 0.67395, 0.67738, 0.69286, 0.70402, 0.69347, 
0.69647, 0.69616, 0.72451, 0.7083, 0.71212, 0.72946, 0.69117, 
0.68108, 0.71812, 0.70713, 0.71525, 0.70521, 0.71261, 0.71926, 
0.70372, 0.72597, 0.71443, 0.0233, 0.0255, 0.029, 0.0318, 0.0366, 
0.0369, 0.0415, 0.0421, 0.0476, 0.0517, 0.0553, 135, 149.3, 161.4, 
174.2, 183, 192.7, 204.2, 214.5, 228.9, 238.1, 250.8, 1, 1, 1, 
1, 1, 1, 1, 1, 1, 1, 1, 1, 1, 1, 1, 1, 1, 1, 1, 1, 1, 1, 1, 1, 
1, 1, 1, 1, 1, 1, 1, 1, 1, 1, 1, 1, 1, 1, 1, 1, 1, 1, 1, 1, 2.854, 
3.055, 3.025, 3.455, 3.579, 3.29, 3.545, 3.311, 3.629, 3.644, 
3.648), .Dim = c(11L, 40L), .Dimnames = list(NULL, c("Sampling", 
"PSO.cost", "PSO.gamma", "PSO.data.balancing", "PSO.feature.selection", 
"PSO.valid.acc", "PSO.test.acc", "PSO.train.time", "PSO.n.support.vectors", 
"PSO.index", "PSO.n.solutions", "PSO.generations", "PSO.n.evaluations", 
"PSO.cpu.time", "RS.cost", "RS.gamma", "RS.data.balancing", "RS.feature.selection", 
"RS.valid.acc", "RS.test.acc", "RS.train.time", "RS.n.support.vectors", 
"RS.index", "RS.n.solutions", "RS.generations", "RS.n.evaluations", 
"RS.cpu.time", "DF.cost", "DF.gamma", "DF.data.balancing", "DF.feature.selection", 
"DF.valid.acc", "DF.test.acc", "DF.train.time", "DF.n.support.vectors", 
"DF.index", "DF.n.solutions", "DF.generations", "DF.n.evaluations", 
"DF.cpu.time")))
