full <-
structure(c(50, 55, 60, 65, 70, 75, 80, 85, 90, 95, 100, 7.22228, 
5.39224, 13.64124, 5.3352, 10.69306, 4.7946, 14.11801, 14.96992, 
1.13138, 0.2756, 13.78598, -8.66328, -11.35985, -15, -9.88484, 
-15, -8.30343, -12.22566, -12.77541, -5.9785, -6.19806, -14.79053, 
0, 0, 0, 0, 0, 0, 0, 0, 0, 0, 0, 0, 0, 0, 0, 0, 0, 0, 0, 0, 0, 
0, 0.72319, 0.70062, 0.70362, 0.73973, 0.73164, 0.73706, 0.7342, 
0.73994, 0.74463, 0.75346, 0.73599, 0.71866, 0.69262, 0.70402, 
0.71295, 0.71913, 0.71664, 0.70424, 0.71179, 0.72314, 0.7421, 
0.71859, 0.0244, 0.0255, 0.0294, 0.0297, 0.031, 0.038, 0.066, 
0.0734, 0.0493, 0.0516, 0.0612, 111.7, 138.8, 131.3, 145.9, 153.5, 
165.2, 172.2, 181.9, 211.1, 233, 221.8, 65, 368, 93, 1869, 80, 
954, 1865, 342, 633, 775, 540, 150, 55, 1259, 5, 45, 266, 1, 
39, 233, 134, 9, 100, 100, 100, 100, 100, 100, 100, 100, 100, 
100, 100, 2500, 2500, 2500, 2500, 2500, 2500, 2500, 2500, 2500, 
2500, 2500, 7790.392, 7595.094, 7664.702, 7742.441, 9428.344, 
10333.831, 11262.855, 11203.203, 10606.114, 10839.447, 11123.6, 
7.03391, 3.64798, 0.71457, 4.73482, 8.04871, 4.88593, 7.48152, 
14.54835, 0.77831, 0.53412, 13.09678, -8.59352, -9.55154, -3.06228, 
-9.2461, -11.94129, -8.4606, -8.90325, -12.8724, -5.57547, -6.42855, 
-14.81892, 0, 0, 0, 0, 0, 0, 0, 0, 0, 0, 0, 0, 0, 0, 0, 0, 0, 
0, 0, 0, 0, 0, 0.72319, 0.70462, 0.70363, 0.73973, 0.73155, 0.73412, 
0.73413, 0.73737, 0.73975, 0.74897, 0.73386, 0.71866, 0.69262, 
0.67132, 0.70962, 0.73144, 0.7137, 0.69891, 0.72205, 0.72082, 
0.73977, 0.72077, 0.0241, 0.0256, 0.0297, 0.0289, 0.0355, 0.038, 
0.0426, 0.0648, 0.0479, 0.0528, 0.0583, 111.7, 138.5, 157, 146.1, 
152.1, 164.7, 173.7, 181.6, 211, 232, 222.4, 303, 612, 572, 938, 
28, 1460, 2243, 21, 195, 2276, 1731, 3, 2, 1, 1, 4, 1, 1, 4, 
3, 1, 3, 100, 100, 100, 100, 100, 100, 100, 100, 100, 100, 100, 
2500, 2500, 2500, 2500, 2500, 2500, 2500, 2500, 2500, 2500, 2500, 
7817.707, 7946.136, 8055.17400000001, 8185.032, 10941.04, 11024.909, 
11298.597, 11650.651, 12143.428, 12360.972, 12922.385, 1, 1, 
1, 1, 1, 1, 1, 1, 1, 1, 1, 0.11111, 0.11111, 0.11111, 0.11111, 
0.11111, 0.11111, 0.11111, 0.11111, 0.11111, 0.11111, 0.11111, 
0, 0, 0, 0, 0, 0, 0, 0, 0, 0, 0, 0, 0, 0, 0, 0, 0, 0, 0, 0, 0, 
0, 0.68442, 0.65308, 0.68948, 0.70327, 0.68748, 0.69076, 0.7071, 
0.70942, 0.72796, 0.71033, 0.71221, 0.67101, 0.65262, 0.69264, 
0.70671, 0.69647, 0.70513, 0.70198, 0.7041, 0.70862, 0.71461, 
0.70791, 0.0239, 0.0263, 0.0284, 0.0318, 0.0368, 0.0397, 0.0432, 
0.0465, 0.0494, 0.0573, 0.0586, 135.1, 148.9, 157, 165.7, 173.7, 
186.9, 202.7, 214.5, 225.5, 239.7, 249.5, 1, 1, 1, 1, 1, 1, 1, 
1, 1, 1, 1, 1, 1, 1, 1, 1, 1, 1, 1, 1, 1, 1, 1, 1, 1, 1, 1, 1, 
1, 1, 1, 1, 1, 1, 1, 1, 1, 1, 1, 1, 1, 1, 1, 1, 2.944, 3.048, 
3.154, 3.09, 4.145, 4.089, 4.232, 4.375, 4.135, 4.513, 4.466), .Dim = c(11L, 
40L), .Dimnames = list(NULL, c("Sampling", "PSO.cost", "PSO.gamma", 
"PSO.data.balancing", "PSO.feature.selection", "PSO.valid.acc", 
"PSO.test.acc", "PSO.train.time", "PSO.n.support.vectors", "PSO.index", 
"PSO.n.solutions", "PSO.generations", "PSO.n.evaluations", "PSO.cpu.time", 
"RS.cost", "RS.gamma", "RS.data.balancing", "RS.feature.selection", 
"RS.valid.acc", "RS.test.acc", "RS.train.time", "RS.n.support.vectors", 
"RS.index", "RS.n.solutions", "RS.generations", "RS.n.evaluations", 
"RS.cpu.time", "DF.cost", "DF.gamma", "DF.data.balancing", "DF.feature.selection", 
"DF.valid.acc", "DF.test.acc", "DF.train.time", "DF.n.support.vectors", 
"DF.index", "DF.n.solutions", "DF.generations", "DF.n.evaluations", 
"DF.cpu.time")))
