full <-
structure(c(50, 55, 60, 65, 70, 75, 80, 85, 90, 95, 100, 3.85406, 
11.31029, 14.7094, 10.00816, 6.33529, 0.64875, 4.09595, 0.39087, 
15, 7.96987, 14.59212, -6.90063, -7.52694, -10.51443, -9.9523, 
-7.24563, -4.66018, -5.58033, -4.76727, -11.39916, -7.55646, 
-9.87064, 0, 0, 0, 0, 0, 0, 0, 0, 0, 0, 0, 0, 0, 0, 0, 0, 0, 
0, 0, 0, 0, 0, 0.74153, 0.73615, 0.74034, 0.76, 0.77116, 0.74, 
0.74535, 0.7499, 0.75229, 0.73943, 0.74255, 0.7194, 0.68077, 
0.72593, 0.72954, 0.75221, 0.73723, 0.73219, 0.73964, 0.73777, 
0.71876, 0.73599, 0.023, 0.079, 0.123, 0.035, 0.035, 0.0363, 
0.0406, 0.0423, 0.17, 0.0673, 0.4713, 120, 109.7, 126.1, 143.5, 
152.3, 178.1, 178.6, 202.7, 191.4, 201, 207.1, 1479, 948, 655, 
681, 39, 268, 961, 809, 175, 1160, 1820, 27, 26, 18, 26, 108, 
71, 38, 250, 5, 21, 8, 100, 100, 100, 100, 100, 100, 100, 100, 
100, 100, 100, 2500, 2500, 2500, 2500, 2500, 2500, 2500, 2500, 
2500, 2500, 2500, 7592.226, 8472.194, 9669.222, 8459.586, 8607.83099999999, 
8596.599, 8569.51700000001, 8556.751, 12131.095, 10085.651, 12847.58, 
0.84762, 11.57139, 14.56635, 10.49257, 13.32898, 7.99437, 3.21332, 
0.15764, -0.19368, 8.2278, 14.11162, -5.09078, -7.60073, -10.42433, 
-10.18129, -10.76462, -12.74216, -4.2242, -4.78368, -4.49797, 
-8.09002, -9.65617, 0, 0, 0, 0, 0, 0, 0, 0, 0, 0, 0, 0, 0, 0, 
0, 0, 0, 0, 0, 0, 0, 0, 0.7457, 0.73215, 0.73677, 0.76, 0.77116, 
0.73697, 0.74299, 0.74733, 0.75001, 0.73716, 0.74255, 0.72337, 
0.67292, 0.72593, 0.72954, 0.75534, 0.72261, 0.71333, 0.73964, 
0.72562, 0.72563, 0.73599, 0.0235, 0.0893, 0.1208, 0.0363, 0.0679, 
0.036, 0.0421, 0.0427, 0.047, 0.0624, 0.3985, 126.2, 110.1, 126.1, 
143.5, 150.2, 173.8, 185.8, 204.7, 217.7, 203.5, 207.5, 2389, 
1970, 1881, 2258, 87, 56, 2013, 1464, 2117, 1295, 107, 1, 1, 
2, 1, 4, 16, 1, 1, 1, 11, 1, 100, 100, 100, 100, 100, 100, 100, 
100, 100, 100, 100, 2500, 2500, 2500, 2500, 2500, 2500, 2500, 
2500, 2500, 2500, 2500, 7834.435, 8089.769, 8269.49299999999, 
8594.75600000001, 9007.644, 9192.568, 9480.571, 10026.249, 10042.214, 
10167.183, 10603.283, 1, 1, 1, 1, 1, 1, 1, 1, 1, 1, 1, 0.11111, 
0.11111, 0.11111, 0.11111, 0.11111, 0.11111, 0.11111, 0.11111, 
0.11111, 0.11111, 0.11111, 0, 0, 0, 0, 0, 0, 0, 0, 0, 0, 0, 0, 
0, 0, 0, 0, 0, 0, 0, 0, 0, 0, 0.6806, 0.70877, 0.72553, 0.73999, 
0.73686, 0.69672, 0.71837, 0.71649, 0.72336, 0.70973, 0.71873, 
0.70672, 0.68908, 0.71852, 0.73298, 0.74302, 0.70538, 0.72378, 
0.70893, 0.72563, 0.71892, 0.72951, 0.0238, 0.0248, 0.0286, 0.0324, 
0.0352, 0.038, 0.0421, 0.046, 0.0499, 0.0552, 0.0584, 134.2, 
143.4, 153.4, 164.2, 178.4, 191.4, 205.5, 214.3, 226.6, 237.7, 
251.9, 1, 1, 1, 1, 1, 1, 1, 1, 1, 1, 1, 1, 1, 1, 1, 1, 1, 1, 
1, 1, 1, 1, 1, 1, 1, 1, 1, 1, 1, 1, 1, 1, 1, 1, 1, 1, 1, 1, 1, 
1, 1, 1, 1, 1, 2.963, 2.815, 3.093, 3.295, 3.375, 3.374, 3.408, 
3.548, 3.577, 3.612, 3.658), .Dim = c(11L, 40L), .Dimnames = list(
    NULL, c("Sampling", "PSO.cost", "PSO.gamma", "PSO.data.balancing", 
    "PSO.feature.selection", "PSO.valid.acc", "PSO.test.acc", 
    "PSO.train.time", "PSO.n.support.vectors", "PSO.index", "PSO.n.solutions", 
    "PSO.generations", "PSO.n.evaluations", "PSO.cpu.time", "RS.cost", 
    "RS.gamma", "RS.data.balancing", "RS.feature.selection", 
    "RS.valid.acc", "RS.test.acc", "RS.train.time", "RS.n.support.vectors", 
    "RS.index", "RS.n.solutions", "RS.generations", "RS.n.evaluations", 
    "RS.cpu.time", "DF.cost", "DF.gamma", "DF.data.balancing", 
    "DF.feature.selection", "DF.valid.acc", "DF.test.acc", "DF.train.time", 
    "DF.n.support.vectors", "DF.index", "DF.n.solutions", "DF.generations", 
    "DF.n.evaluations", "DF.cpu.time")))
