full <-
structure(c(50, 55, 60, 65, 70, 75, 80, 85, 90, 95, 100, 3.8544, 
11.07522, 14.6196, 12.9918, 3.23501, 6.1652, 6.87039, 13.52115, 
0.66587, 15, 11.12738, -6.77183, -12.1671, -11.47315, -11.39442, 
-9.43897, -8.27559, -10.10293, -12.88676, -6.59416, -13.00323, 
-10.09283, 0, 0, 0, 0, 0, 0, 0, 0, 0, 0, 0, 0, 0, 0, 0, 0, 0, 
0, 0, 0, 0, 0, 0.76649, 0.76354, 0.74735, 0.75413, 0.75871, 0.76328, 
0.75883, 0.75237, 0.764, 0.7509, 0.73802, 0.74475, 0.74385, 0.71151, 
0.73723, 0.74347, 0.73387, 0.74794, 0.73712, 0.75424, 0.73488, 
0.72502, 0.0224, 0.0264, 0.0727, 0.0443, 0.0315, 0.0349, 0.0379, 
0.0527, 0.0448, 0.0825, 0.08, 116.3, 118.9, 132.4, 144.5, 173, 
162.5, 176.6, 182.6, 215.1, 206.5, 218.3, 881, 102, 1727, 940, 
1536, 183, 97, 364, 381, 947, 491, 262, 396, 3, 51, 8, 248, 211, 
3, 128, 8, 43, 100, 100, 100, 100, 100, 100, 100, 100, 100, 100, 
100, 2500, 2500, 2500, 2500, 2500, 2500, 2500, 2500, 2500, 2500, 
2500, 7114.792, 7291.207, 7870.357, 7777.729, 7746.92599999999, 
7888.046, 8008.936, 8331.321, 8270.526, 9582.402, 10558.118, 
4.5956, 8.01239, 3.55766, 12.49698, 4.09559, 6.52223, 6.67443, 
5.96292, 1.41239, 4.55277, 12.58539, -9.31289, -10.66742, -8.88971, 
-11.16247, -10.24779, -8.4894, -10.0781, -9.56964, -7.43659, 
-7.37865, -10.82657, 0, 0, 0, 0, 0, 0, 0, 0, 0, 0, 0, 0, 0, 0, 
0, 0, 0, 0, 0, 0, 0, 0, 0.76232, 0.76354, 0.74722, 0.75413, 0.75568, 
0.76328, 0.75612, 0.75487, 0.76156, 0.74646, 0.73802, 0.74076, 
0.75169, 0.73267, 0.73723, 0.7464, 0.73682, 0.74516, 0.73199, 
0.74948, 0.73483, 0.72502, 0.0219, 0.0255, 0.027, 0.0427, 0.0319, 
0.0351, 0.0374, 0.0407, 0.0467, 0.0505, 0.0968, 120.5, 121.5, 
149, 144.5, 172.2, 162.2, 177, 188.6, 215.1, 209.8, 217.9, 1491, 
582, 607, 1280, 39, 98, 579, 216, 642, 2406, 1422, 3, 6, 2, 1, 
4, 10, 2, 1, 1, 1, 1, 100, 100, 100, 100, 100, 100, 100, 100, 
100, 100, 100, 2500, 2500, 2500, 2500, 2500, 2500, 2500, 2500, 
2500, 2500, 2500, 7419.308, 7653.249, 7832.232, 8142.095, 8475.417, 
8579.42300000001, 8800.18100000001, 9194.211, 9295.54699999999, 
9938.20499999999, 10562.549, 1, 1, 1, 1, 1, 1, 1, 1, 1, 1, 1, 
0.11111, 0.11111, 0.11111, 0.11111, 0.11111, 0.11111, 0.11111, 
0.11111, 0.11111, 0.11111, 0.11111, 0, 0, 0, 0, 0, 0, 0, 0, 0, 
0, 0, 0, 0, 0, 0, 0, 0, 0, 0, 0, 0, 0, 0.72736, 0.72015, 0.72566, 
0.69699, 0.71212, 0.72538, 0.72916, 0.73462, 0.71603, 0.71908, 
0.70985, 0.70996, 0.71631, 0.72566, 0.71077, 0.70919, 0.71084, 
0.73202, 0.73224, 0.71806, 0.72595, 0.71855, 0.0244, 0.026, 0.0308, 
0.0313, 0.0326, 0.0375, 0.0401, 0.0453, 0.0473, 0.0538, 0.0612, 
131.9, 142.3, 157.5, 170, 175.7, 185.1, 198.2, 211.4, 218.7, 
233.5, 251.4, 1, 1, 1, 1, 1, 1, 1, 1, 1, 1, 1, 1, 1, 1, 1, 1, 
1, 1, 1, 1, 1, 1, 1, 1, 1, 1, 1, 1, 1, 1, 1, 1, 1, 1, 1, 1, 1, 
1, 1, 1, 1, 1, 1, 1, 2.973, 2.941, 3.046, 3.057, 3.046, 3.144, 
3.092, 3.259, 3.254, 3.307, 3.632), .Dim = c(11L, 40L), .Dimnames = list(
    NULL, c("Sampling", "PSO.cost", "PSO.gamma", "PSO.data.balancing", 
    "PSO.feature.selection", "PSO.valid.acc", "PSO.test.acc", 
    "PSO.train.time", "PSO.n.support.vectors", "PSO.index", "PSO.n.solutions", 
    "PSO.generations", "PSO.n.evaluations", "PSO.cpu.time", "RS.cost", 
    "RS.gamma", "RS.data.balancing", "RS.feature.selection", 
    "RS.valid.acc", "RS.test.acc", "RS.train.time", "RS.n.support.vectors", 
    "RS.index", "RS.n.solutions", "RS.generations", "RS.n.evaluations", 
    "RS.cpu.time", "DF.cost", "DF.gamma", "DF.data.balancing", 
    "DF.feature.selection", "DF.valid.acc", "DF.test.acc", "DF.train.time", 
    "DF.n.support.vectors", "DF.index", "DF.n.solutions", "DF.generations", 
    "DF.n.evaluations", "DF.cpu.time")))
