full <-
structure(c(50, 55, 60, 65, 70, 75, 80, 85, 90, 95, 100, 9.19476, 
9.23606, 6.32609, 11.38027, 3.13632, 13.66711, 15, 6.37872, 5.44392, 
9.26006, 3.638, -10.06345, -8.52143, -7.70715, -15, -6.34532, 
-12.84971, -10.68314, -8.3436, -9.41514, -15, -6.75207, 0, 0, 
0, 0, 0, 0, 0, 0, 0, 0, 0, 0, 0, 0, 0, 0, 0, 0, 0, 0, 0, 0, 0.73992, 
0.77546, 0.77323, 0.76333, 0.75006, 0.7487, 0.74797, 0.75526, 
0.73008, 0.73293, 0.75333, 0.73541, 0.74422, 0.75881, 0.75, 0.73443, 
0.71937, 0.72365, 0.74256, 0.70825, 0.71924, 0.73377, 0.0236, 
0.0311, 0.0287, 0.0282, 0.0305, 0.0483, 0.2191, 0.0421, 0.0457, 
0.0511, 0.0517, 106, 112.1, 126.1, 135.3, 151.6, 163.4, 160.7, 
190, 209.8, 230.3, 227.1, 510, 830, 446, 299, 2485, 466, 1684, 
1337, 690, 295, 614, 25, 53, 122, 117, 1, 10, 1, 43, 154, 55, 
61, 100, 100, 100, 100, 100, 100, 100, 100, 100, 100, 100, 2500, 
2500, 2500, 2500, 2500, 2500, 2500, 2500, 2500, 2500, 2500, 7635.618, 
7669.148, 7774.24, 7372.457, 7585.10400000001, 8002.22, 9231.03099999999, 
8712.133, 7998.41099999999, 8339.416, 8831.64199999999, 8.94555, 
1.2524, 5.35185, 2.49632, 3.00209, 11.32632, 4.34035, 11.80759, 
4.9155, 3.90697, 4.73468, -9.95638, -2.80178, -7.37957, -7.25609, 
-6.30196, -11.68837, -8.37934, -11.00545, -9.15577, -9.69965, 
-7.33631, 0, 0, 0, 0, 0, 0, 0, 0, 0, 0, 0, 0, 0, 0, 0, 0, 0, 
0, 0, 0, 0, 0, 0.73992, 0.77978, 0.77336, 0.76, 0.74703, 0.74585, 
0.74257, 0.75019, 0.73002, 0.73288, 0.75333, 0.73976, 0.76009, 
0.75881, 0.75667, 0.73423, 0.71937, 0.73979, 0.7425, 0.70825, 
0.71919, 0.73377, 0.0246, 0.0263, 0.0263, 0.0277, 0.0308, 0.0395, 
0.0375, 0.0529, 0.0471, 0.0482, 0.0542, 106.2, 135.6, 126.9, 
140.4, 151.8, 163.5, 178.6, 188.2, 210.6, 230.5, 224.7, 606, 
2057, 663, 1317, 432, 206, 19, 198, 86, 255, 1585, 1, 1, 1, 2, 
1, 5, 2, 8, 2, 1, 1, 100, 100, 100, 100, 100, 100, 100, 100, 
100, 100, 100, 2500, 2500, 2500, 2500, 2500, 2500, 2500, 2500, 
2500, 2500, 2500, 7568.952, 7540.302, 7551.802, 7723.46999999999, 
8108.92099999999, 8532.29700000001, 8674.303, 8740.79699999999, 
9052.75400000002, 9594.73699999999, 10120.342, 1, 1, 1, 1, 1, 
1, 1, 1, 1, 1, 1, 0.11111, 0.11111, 0.11111, 0.11111, 0.11111, 
0.11111, 0.11111, 0.11111, 0.11111, 0.11111, 0.11111, 0, 0, 0, 
0, 0, 0, 0, 0, 0, 0, 0, 0, 0, 0, 0, 0, 0, 0, 0, 0, 0, 0, 0.71798, 
0.74037, 0.74068, 0.72333, 0.71889, 0.69945, 0.70991, 0.72429, 
0.69175, 0.70307, 0.72525, 0.71817, 0.75208, 0.74466, 0.75667, 
0.70336, 0.71408, 0.71802, 0.71679, 0.6989, 0.69625, 0.72512, 
0.023, 0.0255, 0.0271, 0.0301, 0.0331, 0.0383, 0.0406, 0.0433, 
0.0462, 0.0527, 0.0564, 124.4, 134.6, 146.5, 153.2, 170.8, 184.2, 
196.1, 213.7, 229.9, 243.6, 252, 1, 1, 1, 1, 1, 1, 1, 1, 1, 1, 
1, 1, 1, 1, 1, 1, 1, 1, 1, 1, 1, 1, 1, 1, 1, 1, 1, 1, 1, 1, 1, 
1, 1, 1, 1, 1, 1, 1, 1, 1, 1, 1, 1, 1, 2.949, 2.987, 2.861, 2.916, 
2.929, 3.174, 3.133, 3.079, 3.011, 3.199, 3.266), .Dim = c(11L, 
40L), .Dimnames = list(NULL, c("Sampling", "PSO.cost", "PSO.gamma", 
"PSO.data.balancing", "PSO.feature.selection", "PSO.valid.acc", 
"PSO.test.acc", "PSO.train.time", "PSO.n.support.vectors", "PSO.index", 
"PSO.n.solutions", "PSO.generations", "PSO.n.evaluations", "PSO.cpu.time", 
"RS.cost", "RS.gamma", "RS.data.balancing", "RS.feature.selection", 
"RS.valid.acc", "RS.test.acc", "RS.train.time", "RS.n.support.vectors", 
"RS.index", "RS.n.solutions", "RS.generations", "RS.n.evaluations", 
"RS.cpu.time", "DF.cost", "DF.gamma", "DF.data.balancing", "DF.feature.selection", 
"DF.valid.acc", "DF.test.acc", "DF.train.time", "DF.n.support.vectors", 
"DF.index", "DF.n.solutions", "DF.generations", "DF.n.evaluations", 
"DF.cpu.time")))
