full <-
structure(c(50, 55, 60, 65, 70, 75, 80, 85, 90, 95, 100, 11.67134, 
6.83344, 3.35845, -0.63985, 14.81331, 0.44391, 12.49161, 14.43048, 
6.56788, 8.07826, 4.88415, -9.85185, -8.24691, -7.1993, -5.14372, 
-11.46564, -3.68253, -10.53048, -12.6356, -8.27152, -9.88647, 
-10.36694, 0, 0, 0, 0, 0, 0, 0, 0, 0, 0, 0, 0, 0, 0, 0, 0, 0, 
0, 0, 0, 0, 0, 0.75726, 0.74785, 0.76556, 0.75336, 0.74044, 0.74849, 
0.75338, 0.7472, 0.74448, 0.74214, 0.74907, 0.74402, 0.72785, 
0.74028, 0.73669, 0.72197, 0.73672, 0.74527, 0.7345, 0.72758, 
0.72607, 0.73825, 0.039, 0.0256, 0.0267, 0.0306, 0.1071, 0.0361, 
0.0747, 0.0701, 0.0485, 0.051, 0.0529, 107.1, 121.9, 139.9, 164.3, 
157, 185.8, 176, 191.4, 200.4, 211.1, 237, 166, 144, 542, 899, 
2412, 261, 301, 638, 1460, 26, 122, 71, 121, 236, 103, 1, 406, 
62, 52, 14, 44, 204, 100, 100, 100, 100, 100, 100, 100, 100, 
100, 100, 100, 2500, 2500, 2500, 2500, 2500, 2500, 2500, 2500, 
2500, 2500, 2500, 8774.226, 8372.278, 8505.41, 8109.149, 9664.63099999999, 
8406.943, 10490.099, 9678.838, 9797.785, 10268.387, 8881.14600000001, 
9.83295, 11.49728, 3.80666, -1.43884, 8.96207, 0.28109, 11.13998, 
10.75055, 13.51174, 14.07047, 4.20135, -8.91804, -10.66888, -7.34374, 
-3.95197, -8.50687, -3.42081, -9.92793, -10.73311, -11.53634, 
-12.28477, -9.55517, 0, 0, 0, 0, 0, 0, 0, 0, 0, 0, 0, 0, 0, 0, 
0, 0, 0, 0, 0, 0, 0, 0, 0.75726, 0.74785, 0.76171, 0.74669, 0.73419, 
0.74563, 0.75068, 0.74464, 0.74454, 0.73987, 0.7512, 0.74402, 
0.73569, 0.73314, 0.73657, 0.71894, 0.73092, 0.75068, 0.737, 
0.7324, 0.73305, 0.74043, 0.0305, 0.0329, 0.0275, 0.0311, 0.0435, 
0.0372, 0.0586, 0.0499, 0.0824, 0.0803, 0.0532, 107.5, 121.3, 
138.6, 170.8, 157.9, 189.6, 176.9, 191.3, 198.6, 209.5, 237.1, 
1836, 271, 1604, 493, 26, 2142, 67, 181, 240, 423, 2263, 1, 7, 
2, 5, 11, 1, 27, 6, 1, 5, 1, 100, 100, 100, 100, 100, 100, 100, 
100, 100, 100, 100, 2500, 2500, 2500, 2500, 2500, 2500, 2500, 
2500, 2500, 2500, 2500, 8392.679, 8612.563, 8531.281, 8653.70299999999, 
9006.41499999999, 9064.535, 9695.257, 9794.59399999998, 9891.23699999999, 
10305.217, 10543.778, 1, 1, 1, 1, 1, 1, 1, 1, 1, 1, 1, 0.11111, 
0.11111, 0.11111, 0.11111, 0.11111, 0.11111, 0.11111, 0.11111, 
0.11111, 0.11111, 0.11111, 0, 0, 0, 0, 0, 0, 0, 0, 0, 0, 0, 0, 
0, 0, 0, 0, 0, 0, 0, 0, 0, 0, 0.71357, 0.71677, 0.74743, 0.71345, 
0.70634, 0.73992, 0.71824, 0.71675, 0.69379, 0.71017, 0.71864, 
0.72701, 0.71631, 0.71872, 0.72357, 0.69384, 0.73084, 0.72913, 
0.71688, 0.69623, 0.70768, 0.71434, 0.0229, 0.0259, 0.0286, 0.0307, 
0.035, 0.0375, 0.0395, 0.0443, 0.0474, 0.0532, 0.0554, 128.5, 
142.1, 156.6, 169.7, 186.5, 193.9, 206.6, 216.7, 227.5, 238.1, 
251, 1, 1, 1, 1, 1, 1, 1, 1, 1, 1, 1, 1, 1, 1, 1, 1, 1, 1, 1, 
1, 1, 1, 1, 1, 1, 1, 1, 1, 1, 1, 1, 1, 1, 1, 1, 1, 1, 1, 1, 1, 
1, 1, 1, 1, 3.096, 3.328, 3.254, 3.209, 3.397, 3.389, 3.234, 
3.464, 3.486, 3.451, 3.401), .Dim = c(11L, 40L), .Dimnames = list(
    NULL, c("Sampling", "PSO.cost", "PSO.gamma", "PSO.data.balancing", 
    "PSO.feature.selection", "PSO.valid.acc", "PSO.test.acc", 
    "PSO.train.time", "PSO.n.support.vectors", "PSO.index", "PSO.n.solutions", 
    "PSO.generations", "PSO.n.evaluations", "PSO.cpu.time", "RS.cost", 
    "RS.gamma", "RS.data.balancing", "RS.feature.selection", 
    "RS.valid.acc", "RS.test.acc", "RS.train.time", "RS.n.support.vectors", 
    "RS.index", "RS.n.solutions", "RS.generations", "RS.n.evaluations", 
    "RS.cpu.time", "DF.cost", "DF.gamma", "DF.data.balancing", 
    "DF.feature.selection", "DF.valid.acc", "DF.test.acc", "DF.train.time", 
    "DF.n.support.vectors", "DF.index", "DF.n.solutions", "DF.generations", 
    "DF.n.evaluations", "DF.cpu.time")))
