full <-
structure(c(50, 55, 60, 65, 70, 75, 80, 85, 90, 95, 100, 10.37295, 
15, 4.82122, 13.84242, 3.28812, 14.81484, 5.10013, 6.23663, 9.17687, 
13.88966, 5.79385, -9.43938, -10.95765, -9.1561, -12.48868, -8.3919, 
-12.00336, -7.51999, -8.1815, -15, -10.77431, -6.19816, 0, 0, 
0, 0, 0, 0, 0, 0, 0, 0, 0, 0, 0, 0, 0, 0, 0, 0, 0, 0, 0, 0, 0.76973, 
0.75623, 0.74762, 0.7569, 0.76092, 0.76874, 0.76139, 0.76303, 
0.75386, 0.75555, 0.73978, 0.7389, 0.71621, 0.70053, 0.73334, 
0.73365, 0.74588, 0.74517, 0.73507, 0.73505, 0.75106, 0.72271, 
0.0303, 0.1165, 0.0275, 0.0416, 0.0336, 0.0801, 0.0439, 0.0462, 
0.0437, 0.0898, 0.0394, 106.8, 116.3, 140, 143.5, 165.3, 162.4, 
173.6, 185.5, 216, 202.2, 216.6, 5, 160, 472, 1629, 1663, 1003, 
1160, 520, 598, 2029, 1351, 111, 47, 56, 6, 3, 3, 23, 87, 148, 
1, 14, 100, 100, 100, 100, 100, 100, 100, 100, 100, 100, 100, 
2500, 2500, 2500, 2500, 2500, 2500, 2500, 2500, 2500, 2500, 2500, 
8858.27, 9908.071, 9117.828, 9509.581, 8978.508, 10347.925, 14027.322, 
13950.038, 10175.775, 8599.37100000001, 8365.223, 14.97374, 13.8121, 
4.27794, 13.62861, 3.17974, 1.14769, 3.88411, 6.62645, 9.01118, 
14.61318, 6.5893, -11.72918, -11.13427, -8.78492, -12.37272, 
-8.21956, -4.87801, -7.07482, -8.39637, -14.88476, -11.14477, 
-6.52521, 0, 0, 0, 0, 0, 0, 0, 0, 0, 0, 0, 0, 0, 0, 0, 0, 0, 
0, 0, 0, 0, 0, 0.76973, 0.75608, 0.74762, 0.7569, 0.7577, 0.76597, 
0.75876, 0.76303, 0.75386, 0.75333, 0.7376, 0.7389, 0.73591, 
0.70397, 0.73679, 0.73375, 0.75168, 0.74525, 0.73507, 0.73255, 
0.75106, 0.71841, 0.0591, 0.0551, 0.0279, 0.0418, 0.0324, 0.0392, 
0.0433, 0.0469, 0.0461, 0.1027, 0.0632, 106.9, 121.3, 140.7, 
143.8, 164.7, 174.5, 176.6, 184.9, 216.7, 201.9, 214.8, 39, 1987, 
1857, 2130, 333, 2306, 185, 215, 533, 84, 328, 6, 1, 1, 1, 1, 
1, 2, 1, 2, 2, 2, 100, 100, 100, 100, 100, 100, 100, 100, 100, 
100, 100, 2500, 2500, 2500, 2500, 2500, 2500, 2500, 2500, 2500, 
2500, 2500, 8765.802, 9214.841, 9195.286, 9341.622, 9203.314, 
14005.559, 14435.947, 14068.716, 10360.658, 8032.94500000001, 
11910.373, 1, 1, 1, 1, 1, 1, 1, 1, 1, 1, 1, 0.11111, 0.11111, 
0.11111, 0.11111, 0.11111, 0.11111, 0.11111, 0.11111, 0.11111, 
0.11111, 0.11111, 0, 0, 0, 0, 0, 0, 0, 0, 0, 0, 0, 0, 0, 0, 0, 
0, 0, 0, 0, 0, 0, 0, 0.73076, 0.72758, 0.68981, 0.72732, 0.72721, 
0.7458, 0.73757, 0.74494, 0.73975, 0.70761, 0.69889, 0.72566, 
0.73958, 0.68995, 0.72043, 0.73327, 0.72857, 0.74005, 0.75507, 
0.73255, 0.73256, 0.68811, 0.0237, 0.0262, 0.0282, 0.0311, 0.0342, 
0.0411, 0.0452, 0.0494, 0.0482, 0.0344, 0.0617, 128.4, 139.5, 
152, 164.5, 173, 189.1, 198, 210.9, 223.3, 237.4, 251.3, 1, 1, 
1, 1, 1, 1, 1, 1, 1, 1, 1, 1, 1, 1, 1, 1, 1, 1, 1, 1, 1, 1, 1, 
1, 1, 1, 1, 1, 1, 1, 1, 1, 1, 1, 1, 1, 1, 1, 1, 1, 1, 1, 1, 1, 
3.33, 3.461, 3.454, 3.461, 3.515, 5.28, 5.429, 5.506, 3.632, 
2.963, 5.632), .Dim = c(11L, 40L), .Dimnames = list(NULL, c("Sampling", 
"PSO.cost", "PSO.gamma", "PSO.data.balancing", "PSO.feature.selection", 
"PSO.valid.acc", "PSO.test.acc", "PSO.train.time", "PSO.n.support.vectors", 
"PSO.index", "PSO.n.solutions", "PSO.generations", "PSO.n.evaluations", 
"PSO.cpu.time", "RS.cost", "RS.gamma", "RS.data.balancing", "RS.feature.selection", 
"RS.valid.acc", "RS.test.acc", "RS.train.time", "RS.n.support.vectors", 
"RS.index", "RS.n.solutions", "RS.generations", "RS.n.evaluations", 
"RS.cpu.time", "DF.cost", "DF.gamma", "DF.data.balancing", "DF.feature.selection", 
"DF.valid.acc", "DF.test.acc", "DF.train.time", "DF.n.support.vectors", 
"DF.index", "DF.n.solutions", "DF.generations", "DF.n.evaluations", 
"DF.cpu.time")))
