full <-
structure(c(50, 55, 60, 65, 70, 75, 80, 85, 90, 95, 100, 1.29973, 
2.90914, 11.36565, 4.35802, 13.55656, 0.82626, 2.62356, 5.46639, 
7.56989, 1.18716, 8.0972, -7.04198, -6.98998, -10.13571, -9.21388, 
-10.94065, -6.19899, -8.06785, -9.41269, -7.42308, -7.4254, -9.35535, 
0, 0, 0, 0, 0, 0, 0, 0, 0, 0, 0, 0, 0, 0, 0, 0, 0, 0, 0, 0, 0, 
0, 0.71207, 0.72883, 0.72526, 0.71984, 0.73956, 0.72239, 0.73737, 
0.74713, 0.7545, 0.74891, 0.73802, 0.6899, 0.71313, 0.71455, 
0.68316, 0.721, 0.69896, 0.72904, 0.72694, 0.74236, 0.73295, 
0.72058, 0.0227, 0.0235, 0.0382, 0.0295, 0.0731, 0.0382, 0.0415, 
0.0457, 0.0636, 0.0534, 0.0621, 131.4, 133.1, 136.6, 157.6, 152.9, 
185.5, 197.5, 193.8, 191, 234.8, 223, 152, 506, 374, 820, 1074, 
175, 1000, 953, 582, 1948, 370, 59, 85, 82, 7, 9, 92, 50, 49, 
125, 2, 99, 100, 100, 100, 100, 100, 100, 100, 100, 100, 100, 
100, 2500, 2500, 2500, 2500, 2500, 2500, 2500, 2500, 2500, 2500, 
2500, 7371.866, 7414.956, 8085.455, 8161.498, 11296.401, 10258.959, 
10477.738, 12783.639, 12301.662, 11573.783, 11454.039, -0.17923, 
2.64888, 12.31124, -1.10606, 9.83333, 5.77049, 9.46138, -0.8244, 
7.18141, 2.48398, 8.65763, -5.14363, -6.88193, -10.60661, -4.01711, 
-9.0476, -11.93706, -14.70978, -5.06442, -7.22145, -8.92194, 
-9.62135, 0, 0, 0, 0, 0, 0, 0, 0, 0, 0, 0, 0, 0, 0, 0, 0, 0, 
0, 0, 0, 0, 0, 0.70733, 0.72513, 0.72526, 0.71661, 0.73634, 0.71659, 
0.73737, 0.74746, 0.75212, 0.74204, 0.73802, 0.68081, 0.71683, 
0.71455, 0.68615, 0.72403, 0.71063, 0.72341, 0.72214, 0.74004, 
0.73052, 0.72276, 0.0234, 0.0254, 0.0419, 0.034, 0.0458, 0.0392, 
0.0414, 0.0475, 0.0588, 0.0543, 0.0618, 133.1, 134.5, 136.5, 
172.2, 153, 188.8, 195.1, 213.9, 191.6, 236.2, 222.5, 389, 1951, 
467, 752, 16, 417, 484, 1110, 1507, 2095, 942, 4, 2, 2, 1, 18, 
7, 1, 3, 2, 1, 1, 100, 100, 100, 100, 100, 100, 100, 100, 100, 
100, 100, 2500, 2500, 2500, 2500, 2500, 2500, 2500, 2500, 2500, 
2500, 2500, 7611.966, 7782.808, 7967.421, 10735.481, 10874.939, 
10984.14, 11635.927, 12227.17, 12587.613, 12738.943, 12743.06, 
1, 1, 1, 1, 1, 1, 1, 1, 1, 1, 1, 0.11111, 0.11111, 0.11111, 0.11111, 
0.11111, 0.11111, 0.11111, 0.11111, 0.11111, 0.11111, 0.11111, 
0, 0, 0, 0, 0, 0, 0, 0, 0, 0, 0, 0, 0, 0, 0, 0, 0, 0, 0, 0, 0, 
0, 0.67703, 0.68084, 0.67831, 0.6696, 0.69, 0.67626, 0.71552, 
0.72187, 0.72076, 0.72587, 0.71415, 0.64959, 0.6693, 0.68188, 
0.67293, 0.67087, 0.68189, 0.70762, 0.70932, 0.72064, 0.7097, 
0.71193, 0.0227, 0.026, 0.029, 0.0327, 0.0383, 0.0401, 0.0446, 
0.0485, 0.0528, 0.0561, 0.0602, 136.3, 147, 158.3, 169.3, 182.4, 
194.5, 207.7, 214, 225.6, 240.4, 251, 1, 1, 1, 1, 1, 1, 1, 1, 
1, 1, 1, 1, 1, 1, 1, 1, 1, 1, 1, 1, 1, 1, 1, 1, 1, 1, 1, 1, 1, 
1, 1, 1, 1, 1, 1, 1, 1, 1, 1, 1, 1, 1, 1, 1, 2.864, 3.006, 2.93, 
4.045, 4.215, 4.07, 4.156, 4.365, 4.362, 4.292, 4.355), .Dim = c(11L, 
40L), .Dimnames = list(NULL, c("Sampling", "PSO.cost", "PSO.gamma", 
"PSO.data.balancing", "PSO.feature.selection", "PSO.valid.acc", 
"PSO.test.acc", "PSO.train.time", "PSO.n.support.vectors", "PSO.index", 
"PSO.n.solutions", "PSO.generations", "PSO.n.evaluations", "PSO.cpu.time", 
"RS.cost", "RS.gamma", "RS.data.balancing", "RS.feature.selection", 
"RS.valid.acc", "RS.test.acc", "RS.train.time", "RS.n.support.vectors", 
"RS.index", "RS.n.solutions", "RS.generations", "RS.n.evaluations", 
"RS.cpu.time", "DF.cost", "DF.gamma", "DF.data.balancing", "DF.feature.selection", 
"DF.valid.acc", "DF.test.acc", "DF.train.time", "DF.n.support.vectors", 
"DF.index", "DF.n.solutions", "DF.generations", "DF.n.evaluations", 
"DF.cpu.time")))
