full <-
structure(c(50, 55, 60, 65, 70, 75, 80, 85, 90, 95, 100, 2.93453, 
0.46664, 8.90825, 2.1962, 8.54077, 3.9955, 5.72404, 0.81269, 
12.07419, 9.70982, 1.18953, -8.38896, -5.58052, -15, -6.58175, 
-15, -6.80731, -10.19248, -5.69254, -10.35941, -9.98268, -6.37454, 
0, 0, 0, 0, 0, 0, 0, 0, 0, 0, 0, 0, 0, 0, 0, 0, 0, 0, 0, 0, 0, 
0, 0.75901, 0.75226, 0.76248, 0.76054, 0.7491, 0.7465, 0.74538, 
0.73712, 0.74704, 0.74424, 0.74898, 0.72857, 0.7444, 0.74397, 
0.72697, 0.72467, 0.755, 0.73457, 0.73212, 0.73508, 0.71908, 
0.73589, 0.0207, 0.0234, 0.0251, 0.0275, 0.0311, 0.0343, 0.0361, 
0.0401, 0.0722, 0.0533, 0.0529, 120.9, 134.7, 145.6, 149.8, 176.9, 
166.6, 184, 202.3, 198.2, 212.5, 238.1, 141, 1487, 81, 547, 134, 
495, 708, 1911, 1184, 531, 1013, 123, 3, 49, 155, 80, 81, 13, 
19, 15, 92, 60, 100, 100, 100, 100, 100, 100, 100, 100, 100, 
100, 100, 2500, 2500, 2500, 2500, 2500, 2500, 2500, 2500, 2500, 
2500, 2500, 6967.14, 6970.747, 7437.253, 7578.537, 7305.68900000001, 
8307.867, 7584.94900000001, 8536.11599999999, 9492.64599999999, 
8399.45699999999, 8367.75599999999, 3.97553, 7.68476, 6.10838, 
1.75009, 5.06703, 2.03427, -0.73405, 0.90135, 14.70263, 14.01625, 
1.2272, -9.14265, -13.52807, -12.16702, -6.40397, -11.53939, 
-5.96828, -4.89005, -5.73603, -11.62986, -12.04, -6.21001, 0, 
0, 0, 0, 0, 0, 0, 0, 0, 0, 0, 0, 0, 0, 0, 0, 0, 0, 0, 0, 0, 0, 
0.75883, 0.74888, 0.76248, 0.75721, 0.75214, 0.74079, 0.74297, 
0.73455, 0.74466, 0.74424, 0.74463, 0.73727, 0.72838, 0.75112, 
0.72709, 0.72155, 0.7492, 0.73771, 0.73212, 0.73269, 0.72363, 
0.74024, 0.0211, 0.0231, 0.026, 0.0283, 0.0313, 0.0347, 0.0387, 
0.0396, 0.1126, 0.0832, 0.0544, 118.7, 135.7, 145.4, 151.3, 176.8, 
173, 201.6, 201.6, 196.9, 210.6, 236.4, 967, 741, 1068, 2500, 
949, 523, 1122, 194, 555, 171, 176, 1, 5, 3, 1, 1, 1, 1, 1, 2, 
4, 4, 100, 100, 100, 100, 100, 100, 100, 100, 100, 100, 100, 
2500, 2500, 2500, 2500, 2500, 2500, 2500, 2500, 2500, 2500, 2500, 
7135.277, 7397.537, 7543.051, 7770.615, 8069.33500000001, 8210.079, 
8508.194, 8674.614, 8832.22099999999, 9353.364, 9957.79799999998, 
1, 1, 1, 1, 1, 1, 1, 1, 1, 1, 1, 0.11111, 0.11111, 0.11111, 0.11111, 
0.11111, 0.11111, 0.11111, 0.11111, 0.11111, 0.11111, 0.11111, 
0, 0, 0, 0, 0, 0, 0, 0, 0, 0, 0, 0, 0, 0, 0, 0, 0, 0, 0, 0, 0, 
0, 0.72421, 0.72392, 0.71895, 0.73686, 0.7151, 0.70297, 0.71579, 
0.70147, 0.70377, 0.70544, 0.71859, 0.71135, 0.7244, 0.71194, 
0.72697, 0.72136, 0.71162, 0.71338, 0.70154, 0.70616, 0.7121, 
0.72956, 0.022, 0.0245, 0.0272, 0.0295, 0.0315, 0.0352, 0.0387, 
0.0428, 0.0452, 0.0522, 0.0573, 127.8, 142.8, 151.4, 162.6, 177.2, 
190.8, 202.7, 213.3, 229.4, 241.4, 249.9, 1, 1, 1, 1, 1, 1, 1, 
1, 1, 1, 1, 1, 1, 1, 1, 1, 1, 1, 1, 1, 1, 1, 1, 1, 1, 1, 1, 1, 
1, 1, 1, 1, 1, 1, 1, 1, 1, 1, 1, 1, 1, 1, 1, 1, 2.769, 2.807, 
2.933, 2.891, 2.845, 2.957, 3.075, 3.071, 2.971, 3.118, 3.333
), .Dim = c(11L, 40L), .Dimnames = list(NULL, c("Sampling", "PSO.cost", 
"PSO.gamma", "PSO.data.balancing", "PSO.feature.selection", "PSO.valid.acc", 
"PSO.test.acc", "PSO.train.time", "PSO.n.support.vectors", "PSO.index", 
"PSO.n.solutions", "PSO.generations", "PSO.n.evaluations", "PSO.cpu.time", 
"RS.cost", "RS.gamma", "RS.data.balancing", "RS.feature.selection", 
"RS.valid.acc", "RS.test.acc", "RS.train.time", "RS.n.support.vectors", 
"RS.index", "RS.n.solutions", "RS.generations", "RS.n.evaluations", 
"RS.cpu.time", "DF.cost", "DF.gamma", "DF.data.balancing", "DF.feature.selection", 
"DF.valid.acc", "DF.test.acc", "DF.train.time", "DF.n.support.vectors", 
"DF.index", "DF.n.solutions", "DF.generations", "DF.n.evaluations", 
"DF.cpu.time")))
