full <-
structure(c(50, 55, 60, 65, 70, 75, 80, 85, 90, 95, 100, 7.72931, 
4.2496, 2.97143, 0.09109, 1.4976, 5.10029, 8.71271, 8.89798, 
15, 8.33933, 0.40714, -13.38963, -7.91101, -6.47144, -2.84923, 
-3.51482, -7.29333, -9.08792, -8.26121, -12.51841, -9.23106, 
-5.48081, 0, 0, 0, 0, 0, 0, 0, 0, 0, 0, 0, 0, 0, 0, 0, 0, 0, 
0, 0, 0, 0, 0, 0.71882, 0.72831, 0.73307, 0.74372, 0.73324, 0.74948, 
0.74238, 0.74724, 0.75002, 0.73953, 0.75333, 0.67681, 0.72, 0.70397, 
0.73627, 0.70852, 0.74627, 0.72894, 0.73192, 0.72603, 0.72378, 
0.7469, 0.0227, 0.0258, 0.0267, 0.03, 0.0323, 0.0353, 0.0417, 
0.0548, 0.094, 0.0518, 0.0503, 128.1, 134, 138.9, 170.8, 170.6, 
171.8, 175.5, 182.8, 201.3, 209.5, 239.9, 2134, 227, 173, 63, 
1387, 446, 286, 262, 2015, 726, 542, 1, 196, 32, 214, 83, 49, 
68, 119, 2, 93, 196, 100, 100, 100, 100, 100, 100, 100, 100, 
100, 100, 100, 2500, 2500, 2500, 2500, 2500, 2500, 2500, 2500, 
2500, 2500, 2500, 7252.993, 7249.181, 7573.298, 8131.806, 8125.42099999999, 
9506.106, 9676.21299999999, 9575.63100000001, 9823.23000000001, 
9032.29199999999, 9877.092, 7.96296, 0.94578, 0.43482, 0.02256, 
1.33967, 5.03215, 10.11517, 13.74557, 10.59498, 8.45778, 0.87827, 
-13.60372, -4.699, -4.99156, -2.72814, -3.70477, -7.30122, -9.76096, 
-10.5822, -10.28902, -9.29674, -5.84673, 0, 0, 0, 0, 0, 0, 0, 
0, 0, 0, 0, 0, 0, 0, 0, 0, 0, 0, 0, 0, 0, 0, 0.71882, 0.73215, 
0.73294, 0.74372, 0.72689, 0.74645, 0.74238, 0.74724, 0.7452, 
0.73726, 0.74903, 0.68116, 0.696, 0.71138, 0.73961, 0.71165, 
0.74333, 0.73434, 0.72417, 0.7308, 0.72378, 0.74473, 0.0225, 
0.0254, 0.0263, 0.0312, 0.033, 0.0366, 0.0462, 0.1321, 0.0551, 
0.0505, 0.0519, 128.1, 139, 146.8, 172.7, 170.6, 171.9, 174.9, 
181, 200.8, 209.5, 237, 771, 169, 896, 1697, 2206, 359, 1392, 
120, 1747, 75, 1336, 1, 1, 2, 1, 1, 2, 2, 11, 1, 8, 1, 100, 100, 
100, 100, 100, 100, 100, 100, 100, 100, 100, 2500, 2500, 2500, 
2500, 2500, 2500, 2500, 2500, 2500, 2500, 2500, 7429.632, 7588.498, 
7946.554, 8622.615, 9024.397, 9400.99099999999, 9339.976, 9214.505, 
9501.516, 9853.63799999998, 10773.099, 1, 1, 1, 1, 1, 1, 1, 1, 
1, 1, 1, 0.11111, 0.11111, 0.11111, 0.11111, 0.11111, 0.11111, 
0.11111, 0.11111, 0.11111, 0.11111, 0.11111, 0, 0, 0, 0, 0, 0, 
0, 0, 0, 0, 0, 0, 0, 0, 0, 0, 0, 0, 0, 0, 0, 0, 0.67172, 0.68462, 
0.72593, 0.74038, 0.71771, 0.72316, 0.71563, 0.71667, 0.72336, 
0.71221, 0.72086, 0.65147, 0.69215, 0.71865, 0.73982, 0.70549, 
0.71728, 0.72126, 0.73449, 0.71616, 0.72595, 0.72308, 0.0229, 
0.0262, 0.0275, 0.03, 0.0345, 0.0371, 0.0392, 0.0434, 0.0473, 
0.0495, 0.055, 134.2, 150, 155.9, 166.8, 181.5, 191.3, 199.9, 
212.4, 227.2, 234.9, 250.5, 1, 1, 1, 1, 1, 1, 1, 1, 1, 1, 1, 
1, 1, 1, 1, 1, 1, 1, 1, 1, 1, 1, 1, 1, 1, 1, 1, 1, 1, 1, 1, 1, 
1, 1, 1, 1, 1, 1, 1, 1, 1, 1, 1, 1, 2.83, 2.898, 2.915, 3.174, 
3.42, 3.406, 3.613, 3.334, 3.377, 3.282, 3.542), .Dim = c(11L, 
40L), .Dimnames = list(NULL, c("Sampling", "PSO.cost", "PSO.gamma", 
"PSO.data.balancing", "PSO.feature.selection", "PSO.valid.acc", 
"PSO.test.acc", "PSO.train.time", "PSO.n.support.vectors", "PSO.index", 
"PSO.n.solutions", "PSO.generations", "PSO.n.evaluations", "PSO.cpu.time", 
"RS.cost", "RS.gamma", "RS.data.balancing", "RS.feature.selection", 
"RS.valid.acc", "RS.test.acc", "RS.train.time", "RS.n.support.vectors", 
"RS.index", "RS.n.solutions", "RS.generations", "RS.n.evaluations", 
"RS.cpu.time", "DF.cost", "DF.gamma", "DF.data.balancing", "DF.feature.selection", 
"DF.valid.acc", "DF.test.acc", "DF.train.time", "DF.n.support.vectors", 
"DF.index", "DF.n.solutions", "DF.generations", "DF.n.evaluations", 
"DF.cpu.time")))
