full <-
structure(c(50, 55, 60, 65, 70, 75, 80, 85, 90, 95, 100, 3.68478, 
2.32029, 14.92785, 4.6348, 0.65014, 6.33654, 10.12525, 0.91865, 
1.32908, 15, 6.53913, -10.70512, -7.87275, -14.95749, -8.09372, 
-5.06056, -12.67384, -11.12971, -5.31069, -5.83327, -11.233, 
-8.22443, 0, 0, 0, 0, 0, 0, 0, 0, 0, 0, 0, 0, 0, 0, 0, 0, 0, 
0, 0, 0, 0, 0, 0.71466, 0.73962, 0.72275, 0.7334, 0.7206, 0.71924, 
0.74017, 0.73185, 0.74216, 0.74218, 0.74653, 0.68893, 0.71979, 
0.69034, 0.71995, 0.70575, 0.70486, 0.71584, 0.71895, 0.73955, 
0.71718, 0.73784, 0.0242, 0.0258, 0.0317, 0.0294, 0.0321, 0.0346, 
0.0407, 0.04, 0.0438, 0.2013, 0.0536, 136.6, 138.9, 127.8, 150.4, 
172.8, 191.2, 178.3, 199.7, 211.1, 201.1, 221.2, 135, 30, 988, 
302, 750, 258, 987, 1103, 511, 1735, 559, 136, 214, 5, 276, 215, 
101, 34, 42, 79, 1, 62, 100, 100, 100, 100, 100, 100, 100, 100, 
100, 100, 100, 2500, 2500, 2500, 2500, 2500, 2500, 2500, 2500, 
2500, 2500, 2500, 7859.391, 8207.169, 8697.79, 8374.998, 8388.28899999999, 
8139.08499999999, 8838.20300000001, 8494.709, 8680.91700000002, 
10746.174, 9459.90600000002, 3.33742, 8.23786, 4.61277, 5.22666, 
0.51436, 6.69398, 11.2518, 0.85785, 2.34868, 11.22657, 14.94761, 
-10.37852, -6.42147, -4.9806, -8.53878, -4.52812, -12.96189, 
-11.68835, -5.36159, -6.98638, -9.02619, -12.46013, 0, 0, 0, 
0, 0, 0, 0, 0, 0, 0, 0, 0, 0, 0, 0, 0, 0, 0, 0, 0, 0, 0, 0.71466, 
0.73593, 0.72235, 0.73006, 0.72021, 0.71924, 0.74017, 0.72928, 
0.74216, 0.73996, 0.74218, 0.68893, 0.72009, 0.69722, 0.71995, 
0.71209, 0.70764, 0.71584, 0.71902, 0.72997, 0.71718, 0.74001, 
0.0231, 0.0404, 0.0312, 0.0292, 0.033, 0.0356, 0.0423, 0.0403, 
0.0435, 0.1065, 0.1064, 136.9, 116.5, 133.1, 149.6, 174.2, 190.3, 
177.7, 200.6, 210.8, 200.5, 219.7, 120, 142, 251, 85, 1120, 421, 
207, 34, 1151, 1884, 2205, 14, 1, 1, 2, 1, 3, 1, 3, 1, 1, 1, 
100, 100, 100, 100, 100, 100, 100, 100, 100, 100, 100, 2500, 
2500, 2500, 2500, 2500, 2500, 2500, 2500, 2500, 2500, 2500, 8310.285, 
8583.978, 8583.225, 8513.567, 8719.315, 8863.215, 9220.109, 9295.023, 
9687.85000000001, 10125.206, 10473.051, 1, 1, 1, 1, 1, 1, 1, 
1, 1, 1, 1, 0.11111, 0.11111, 0.11111, 0.11111, 0.11111, 0.11111, 
0.11111, 0.11111, 0.11111, 0.11111, 0.11111, 0, 0, 0, 0, 0, 0, 
0, 0, 0, 0, 0, 0, 0, 0, 0, 0, 0, 0, 0, 0, 0, 0, 0.6893, 0.67624, 
0.69339, 0.71339, 0.69304, 0.68118, 0.7045, 0.71389, 0.72044, 
0.70116, 0.70555, 0.68437, 0.70378, 0.7295, 0.70005, 0.6902, 
0.68452, 0.71014, 0.71146, 0.71074, 0.6898, 0.71198, 0.0241, 
0.026, 0.029, 0.0306, 0.0329, 0.038, 0.0399, 0.0429, 0.0466, 
0.0515, 0.0562, 134.2, 147.7, 153.8, 170.7, 182.6, 197, 205.8, 
213.5, 227.4, 238.9, 251.1, 1, 1, 1, 1, 1, 1, 1, 1, 1, 1, 1, 
1, 1, 1, 1, 1, 1, 1, 1, 1, 1, 1, 1, 1, 1, 1, 1, 1, 1, 1, 1, 1, 
1, 1, 1, 1, 1, 1, 1, 1, 1, 1, 1, 1, 3.141, 3.13, 3.324, 3.144, 
3.177, 3.412, 3.306, 3.408, 3.381, 3.417, 3.494), .Dim = c(11L, 
40L), .Dimnames = list(NULL, c("Sampling", "PSO.cost", "PSO.gamma", 
"PSO.data.balancing", "PSO.feature.selection", "PSO.valid.acc", 
"PSO.test.acc", "PSO.train.time", "PSO.n.support.vectors", "PSO.index", 
"PSO.n.solutions", "PSO.generations", "PSO.n.evaluations", "PSO.cpu.time", 
"RS.cost", "RS.gamma", "RS.data.balancing", "RS.feature.selection", 
"RS.valid.acc", "RS.test.acc", "RS.train.time", "RS.n.support.vectors", 
"RS.index", "RS.n.solutions", "RS.generations", "RS.n.evaluations", 
"RS.cpu.time", "DF.cost", "DF.gamma", "DF.data.balancing", "DF.feature.selection", 
"DF.valid.acc", "DF.test.acc", "DF.train.time", "DF.n.support.vectors", 
"DF.index", "DF.n.solutions", "DF.generations", "DF.n.evaluations", 
"DF.cpu.time")))
