full <-
structure(c(50, 55, 60, 65, 70, 75, 80, 85, 90, 95, 100, -0.41557, 
6.26091, 4.64057, 7.50659, 9.91204, 0.89973, 13.13207, 2.9697, 
0.37078, 4.04827, 4.66255, -4.78238, -12.09266, -5.23786, -9.016, 
-9.60233, -6.74738, -11.83902, -7.92058, -6.58754, -9.96358, 
-7.73953, 0, 0, 0, 0, 0, 0, 0, 0, 0, 0, 0, 0, 0, 0, 0, 0, 0, 
0, 0, 0, 0, 0, 0.7754, 0.76822, 0.76874, 0.74729, 0.7526, 0.75202, 
0.72888, 0.73767, 0.73475, 0.73742, 0.73372, 0.76234, 0.75622, 
0.73352, 0.73062, 0.731, 0.73471, 0.72063, 0.71228, 0.72029, 
0.72146, 0.73599, 0.0211, 0.0234, 0.0277, 0.0296, 0.038, 0.0342, 
0.0513, 0.0396, 0.0441, 0.0476, 0.0506, 118.6, 127.6, 124.8, 
136.8, 146.3, 180.9, 168.4, 198.1, 223.4, 229, 226.4, 717, 54, 
1133, 1190, 2026, 1639, 157, 338, 1020, 682, 1268, 99, 83, 215, 
11, 2, 30, 57, 226, 52, 23, 91, 100, 100, 100, 100, 100, 100, 
100, 100, 100, 100, 100, 2500, 2500, 2500, 2500, 2500, 2500, 
2500, 2500, 2500, 2500, 2500, 7249.892, 7477.371, 7604.612, 7655.792, 
8264.56, 7848.549, 8690.599, 8043.89199999999, 8330.292, 8167.04399999999, 
8332.59399999998, -0.16033, 2.8024, 5.24398, 9.72559, 8.60663, 
0.96757, 8.04942, 2.47792, 0.90095, 6.55924, 4.99357, -4.87063, 
-8.49753, -5.17999, -10.22737, -8.97238, -7.11434, -9.52074, 
-7.61592, -7.15778, -12.47733, -7.87629, 0, 0, 0, 0, 0, 0, 0, 
0, 0, 0, 0, 0, 0, 0, 0, 0, 0, 0, 0, 0, 0, 0, 0.77105, 0.76822, 
0.75802, 0.74396, 0.74957, 0.74605, 0.72617, 0.73504, 0.72993, 
0.73515, 0.73372, 0.77085, 0.74451, 0.73352, 0.73718, 0.731, 
0.74034, 0.71785, 0.71728, 0.72523, 0.72373, 0.73599, 0.0213, 
0.0232, 0.0289, 0.0307, 0.0345, 0.034, 0.0377, 0.0398, 0.0443, 
0.0477, 0.0507, 116.7, 127.4, 124, 135.1, 147.1, 182.2, 170.2, 
199.5, 221.9, 228.5, 226.5, 690, 282, 2488, 226, 1123, 1086, 
166, 1021, 161, 1188, 1931, 2, 4, 1, 8, 4, 1, 13, 1, 3, 2, 1, 
100, 100, 100, 100, 100, 100, 100, 100, 100, 100, 100, 2500, 
2500, 2500, 2500, 2500, 2500, 2500, 2500, 2500, 2500, 2500, 7575.878, 
7788.359, 7902.209, 8018.602, 8292.704, 8580.208, 8825.11600000001, 
9031.34199999999, 9188.90800000002, 9559.01799999998, 9997.989, 
1, 1, 1, 1, 1, 1, 1, 1, 1, 1, 1, 0.11111, 0.11111, 0.11111, 0.11111, 
0.11111, 0.11111, 0.11111, 0.11111, 0.11111, 0.11111, 0.11111, 
0, 0, 0, 0, 0, 0, 0, 0, 0, 0, 0, 0, 0, 0, 0, 0, 0, 0, 0, 0, 0, 
0, 0.72355, 0.73637, 0.74768, 0.71039, 0.70609, 0.70563, 0.70469, 
0.72222, 0.70589, 0.70074, 0.72303, 0.74058, 0.75251, 0.73671, 
0.73384, 0.72172, 0.71739, 0.71536, 0.70433, 0.70118, 0.70761, 
0.71212, 0.0225, 0.0242, 0.0269, 0.0306, 0.0318, 0.0368, 0.0384, 
0.0431, 0.0457, 0.0496, 0.0554, 124.2, 137.1, 150.5, 163.7, 174, 
189.3, 200.2, 216.7, 229.2, 238.8, 251.4, 1, 1, 1, 1, 1, 1, 1, 
1, 1, 1, 1, 1, 1, 1, 1, 1, 1, 1, 1, 1, 1, 1, 1, 1, 1, 1, 1, 1, 
1, 1, 1, 1, 1, 1, 1, 1, 1, 1, 1, 1, 1, 1, 1, 1, 2.969, 2.985, 
2.987, 3.027, 3.115, 3.103, 3.054, 3.276, 3.251, 3.171, 3.372
), .Dim = c(11L, 40L), .Dimnames = list(NULL, c("Sampling", "PSO.cost", 
"PSO.gamma", "PSO.data.balancing", "PSO.feature.selection", "PSO.valid.acc", 
"PSO.test.acc", "PSO.train.time", "PSO.n.support.vectors", "PSO.index", 
"PSO.n.solutions", "PSO.generations", "PSO.n.evaluations", "PSO.cpu.time", 
"RS.cost", "RS.gamma", "RS.data.balancing", "RS.feature.selection", 
"RS.valid.acc", "RS.test.acc", "RS.train.time", "RS.n.support.vectors", 
"RS.index", "RS.n.solutions", "RS.generations", "RS.n.evaluations", 
"RS.cpu.time", "DF.cost", "DF.gamma", "DF.data.balancing", "DF.feature.selection", 
"DF.valid.acc", "DF.test.acc", "DF.train.time", "DF.n.support.vectors", 
"DF.index", "DF.n.solutions", "DF.generations", "DF.n.evaluations", 
"DF.cpu.time")))
