full <-
structure(c(50, 55, 60, 65, 70, 75, 80, 85, 90, 95, 100, 3.92327, 
14.97471, 0.69637, 3.51475, 1.85833, 10.4981, 0.60532, 7.79657, 
5.29741, 4.93177, 8.14704, -5.32264, -11.40432, -4.958, -6.98346, 
-5.20541, -15, -5.16969, -7.99323, -7.61876, -8.55834, -13.29264, 
0, 0, 0, 0, 0, 0, 0, 0, 0, 0, 0, 0, 0, 0, 0, 0, 0, 0, 0, 0, 0, 
0, 0.78776, 0.76104, 0.75833, 0.74324, 0.76972, 0.74775, 0.75046, 
0.75776, 0.7421, 0.75116, 0.75102, 0.7751, 0.74503, 0.73294, 
0.72711, 0.7451, 0.73027, 0.73723, 0.74237, 0.72044, 0.73737, 
0.71619, 0.024, 0.0821, 0.0295, 0.0324, 0.0336, 0.0344, 0.0382, 
0.0482, 0.0438, 0.0485, 0.0523, 107.4, 116.3, 146.3, 146.5, 155.9, 
170.7, 191.7, 182.7, 202.7, 214.9, 235.2, 187, 2147, 211, 172, 
868, 443, 1275, 367, 322, 1013, 1028, 239, 1, 304, 243, 231, 
103, 34, 44, 161, 71, 8, 100, 100, 100, 100, 100, 100, 100, 100, 
100, 100, 100, 2500, 2500, 2500, 2500, 2500, 2500, 2500, 2500, 
2500, 2500, 2500, 7170.132, 11348.882, 10422.467, 10606.984, 
8111.14999999999, 7676.201, 7859.091, 9333.44699999999, 8208.81200000001, 
8166.85999999999, 9656.96400000001, 4.22212, 2.27983, 0.09287, 
3.36457, 1.70504, 9.41016, 1.77882, 10.01781, 7.34137, 5.61869, 
1.88415, -5.45352, -3.8099, -3.65492, -6.90584, -5.20501, -13.9289, 
-4.95535, -9.17415, -8.68933, -9.10483, -6.7613, 0, 0, 0, 0, 
0, 0, 0, 0, 0, 0, 0, 0, 0, 0, 0, 0, 0, 0, 0, 0, 0, 0, 0.78776, 
0.76056, 0.75833, 0.74324, 0.76357, 0.74775, 0.7479, 0.75519, 
0.73966, 0.74662, 0.75537, 0.78361, 0.73687, 0.73307, 0.72711, 
0.7451, 0.72741, 0.73685, 0.74494, 0.71556, 0.7351, 0.7401, 0.0228, 
0.0284, 0.0306, 0.0321, 0.0318, 0.0351, 0.0398, 0.0567, 0.0485, 
0.0488, 0.051, 107.1, 128.8, 152.1, 147.1, 156.9, 170.6, 186.7, 
182.9, 201, 213.8, 234.4, 680, 1936, 835, 1596, 2023, 464, 57, 
59, 663, 1016, 1893, 1, 1, 2, 2, 1, 2, 1, 15, 1, 1, 2, 100, 100, 
100, 100, 100, 100, 100, 100, 100, 100, 100, 2500, 2500, 2500, 
2500, 2500, 2500, 2500, 2500, 2500, 2500, 2500, 9305.241, 10964.051, 
11051.879, 8589.412, 8196.37299999999, 8480.925, 8663.52800000001, 
8903.99799999999, 9194.111, 9350.397, 10057.496, 1, 1, 1, 1, 
1, 1, 1, 1, 1, 1, 1, 0.11111, 0.11111, 0.11111, 0.11111, 0.11111, 
0.11111, 0.11111, 0.11111, 0.11111, 0.11111, 0.11111, 0, 0, 0, 
0, 0, 0, 0, 0, 0, 0, 0, 0, 0, 0, 0, 0, 0, 0, 0, 0, 0, 0, 0.76187, 
0.73335, 0.74021, 0.71377, 0.74511, 0.7101, 0.73423, 0.74244, 
0.7252, 0.71226, 0.72072, 0.75753, 0.72533, 0.73307, 0.71689, 
0.73905, 0.71893, 0.73145, 0.74756, 0.72515, 0.71448, 0.73367, 
0.0274, 0.0287, 0.0326, 0.0337, 0.0312, 0.037, 0.0408, 0.0433, 
0.0474, 0.0525, 0.055, 130.8, 140.6, 157.2, 165.6, 173.8, 186.9, 
203.8, 210.9, 225.9, 236.2, 251.5, 1, 1, 1, 1, 1, 1, 1, 1, 1, 
1, 1, 1, 1, 1, 1, 1, 1, 1, 1, 1, 1, 1, 1, 1, 1, 1, 1, 1, 1, 1, 
1, 1, 1, 1, 1, 1, 1, 1, 1, 1, 1, 1, 1, 1, 4.35, 4.243, 4.389, 
3.232, 2.771, 3.056, 3.068, 3.16, 3.154, 3.263, 3.248), .Dim = c(11L, 
40L), .Dimnames = list(NULL, c("Sampling", "PSO.cost", "PSO.gamma", 
"PSO.data.balancing", "PSO.feature.selection", "PSO.valid.acc", 
"PSO.test.acc", "PSO.train.time", "PSO.n.support.vectors", "PSO.index", 
"PSO.n.solutions", "PSO.generations", "PSO.n.evaluations", "PSO.cpu.time", 
"RS.cost", "RS.gamma", "RS.data.balancing", "RS.feature.selection", 
"RS.valid.acc", "RS.test.acc", "RS.train.time", "RS.n.support.vectors", 
"RS.index", "RS.n.solutions", "RS.generations", "RS.n.evaluations", 
"RS.cpu.time", "DF.cost", "DF.gamma", "DF.data.balancing", "DF.feature.selection", 
"DF.valid.acc", "DF.test.acc", "DF.train.time", "DF.n.support.vectors", 
"DF.index", "DF.n.solutions", "DF.generations", "DF.n.evaluations", 
"DF.cpu.time")))
