full <-
structure(c(50, 55, 60, 65, 70, 75, 80, 85, 90, 95, 100, 8.29751, 
9.97738, 6.74988, 11.61069, 12.24941, 11.811, 10.76555, 13.64975, 
0.3264, 15, 3.77078, -12.89694, -9.84084, -12.31169, -9.9173, 
-10.89657, -11.67229, -13.1769, -11.67906, -7.07598, -10.84293, 
-7.77835, 0, 0, 0, 0, 0, 0, 0, 0, 0, 0, 0, 0, 0, 0, 0, 0, 0, 
0, 0, 0, 0, 0, 0.73188, 0.75615, 0.74411, 0.74643, 0.76165, 0.74286, 
0.75578, 0.74456, 0.73475, 0.75315, 0.74246, 0.72772, 0.74446, 
0.71552, 0.73666, 0.75824, 0.72857, 0.73964, 0.7393, 0.72273, 
0.72334, 0.73159, 0.0228, 0.0306, 0.0268, 0.0467, 0.047, 0.0412, 
0.0395, 0.0695, 0.0478, 0.2693, 0.0541, 109.7, 125.4, 145.2, 
142.8, 147.9, 158.6, 174.6, 182.6, 230.6, 198.6, 228.8, 1632, 
801, 384, 285, 1443, 219, 546, 1740, 1362, 252, 755, 9, 86, 70, 
37, 8, 106, 120, 7, 2, 42, 49, 100, 100, 100, 100, 100, 100, 
100, 100, 100, 100, 100, 2500, 2500, 2500, 2500, 2500, 2500, 
2500, 2500, 2500, 2500, 2500, 7825.432, 8001.361, 7912.181, 9161.149, 
8666.481, 8471.557, 8636.696, 10059.147, 8814.78600000002, 13377.788, 
9027.443, 0.01472, 13.07776, 9.26885, 14.65409, 6.45423, 12.38242, 
3.53197, 13.94026, 0.37067, 11.84831, -0.01899, -5.22871, -11.38987, 
-14.83792, -11.46186, -7.85534, -11.90782, -7.94779, -11.84281, 
-7.0739, -9.34148, -4.90657, 0, 0, 0, 0, 0, 0, 0, 0, 0, 0, 0, 
0, 0, 0, 0, 0, 0, 0, 0, 0, 0, 0, 0.7404, 0.75231, 0.74411, 0.74966, 
0.75852, 0.73992, 0.75315, 0.74456, 0.72993, 0.75087, 0.74237, 
0.73188, 0.74846, 0.71195, 0.74333, 0.75833, 0.72857, 0.73971, 
0.7393, 0.71785, 0.72334, 0.74228, 0.0223, 0.0405, 0.028, 0.0777, 
0.034, 0.0438, 0.0382, 0.0749, 0.0472, 0.1187, 0.0555, 116.6, 
125.3, 145.1, 142.3, 149.6, 158.3, 182.3, 182.7, 230.3, 199.5, 
241.8, 819, 1285, 355, 2033, 310, 1746, 2362, 1370, 1439, 331, 
501, 1, 1, 3, 1, 4, 1, 1, 2, 1, 5, 1, 100, 100, 100, 100, 100, 
100, 100, 100, 100, 100, 100, 2500, 2500, 2500, 2500, 2500, 2500, 
2500, 2500, 2500, 2500, 2500, 8087.448, 8181.088, 8409.656, 8636.07400000001, 
8709.652, 8930.34400000001, 9297.076, 9589.874, 10087.776, 10301.541, 
10708.604, 1, 1, 1, 1, 1, 1, 1, 1, 1, 1, 1, 0.11111, 0.11111, 
0.11111, 0.11111, 0.11111, 0.11111, 0.11111, 0.11111, 0.11111, 
0.11111, 0.11111, 0, 0, 0, 0, 0, 0, 0, 0, 0, 0, 0, 0, 0, 0, 0, 
0, 0, 0, 0, 0, 0, 0, 0.70163, 0.71292, 0.69332, 0.72008, 0.71525, 
0.71395, 0.71824, 0.7295, 0.6765, 0.71662, 0.71189, 0.70598, 
0.73646, 0.71184, 0.70019, 0.71525, 0.71395, 0.71824, 0.71912, 
0.68917, 0.7301, 0.72068, 0.0238, 0.0267, 0.0295, 0.0324, 0.0341, 
0.0376, 0.0401, 0.0438, 0.0503, 0.0536, 0.0591, 126.9, 146.5, 
159.8, 170.4, 176.8, 188.1, 198.8, 210.5, 231.4, 237.4, 251.1, 
1, 1, 1, 1, 1, 1, 1, 1, 1, 1, 1, 1, 1, 1, 1, 1, 1, 1, 1, 1, 1, 
1, 1, 1, 1, 1, 1, 1, 1, 1, 1, 1, 1, 1, 1, 1, 1, 1, 1, 1, 1, 1, 
1, 1, 3.167, 3.126, 3.305, 3.253, 3.306, 3.349, 3.269, 3.47, 
3.611, 3.659, 3.691), .Dim = c(11L, 40L), .Dimnames = list(NULL, 
    c("Sampling", "PSO.cost", "PSO.gamma", "PSO.data.balancing", 
    "PSO.feature.selection", "PSO.valid.acc", "PSO.test.acc", 
    "PSO.train.time", "PSO.n.support.vectors", "PSO.index", "PSO.n.solutions", 
    "PSO.generations", "PSO.n.evaluations", "PSO.cpu.time", "RS.cost", 
    "RS.gamma", "RS.data.balancing", "RS.feature.selection", 
    "RS.valid.acc", "RS.test.acc", "RS.train.time", "RS.n.support.vectors", 
    "RS.index", "RS.n.solutions", "RS.generations", "RS.n.evaluations", 
    "RS.cpu.time", "DF.cost", "DF.gamma", "DF.data.balancing", 
    "DF.feature.selection", "DF.valid.acc", "DF.test.acc", "DF.train.time", 
    "DF.n.support.vectors", "DF.index", "DF.n.solutions", "DF.generations", 
    "DF.n.evaluations", "DF.cpu.time")))
