full <-
structure(c(50, 55, 60, 65, 70, 75, 80, 85, 90, 95, 100, 15, 
3.57453, 2.67111, 2.1904, 5.2583, 4.13119, 3.61027, 6.21723, 
6.98606, 2.34224, 14.9398, -11.30992, -6.93064, -7.55106, -7.18307, 
-8.16366, -8.14929, -7.5933, -9.35998, -6.97088, -7.6976, -11.08737, 
0, 0, 0, 0, 0, 0, 0, 0, 0, 0, 0, 0, 0, 0, 0, 0, 0, 0, 0, 0, 0, 
0, 0.78333, 0.76354, 0.76138, 0.75712, 0.77064, 0.77479, 0.75368, 
0.75484, 0.75483, 0.76274, 0.73617, 0.74891, 0.74385, 0.73624, 
0.7301, 0.76733, 0.73714, 0.73716, 0.73952, 0.74972, 0.7399, 
0.71883, 0.0699, 0.0243, 0.0259, 0.0287, 0.0306, 0.0329, 0.0373, 
0.0397, 0.0518, 0.046, 0.2476, 100.6, 123.9, 141, 149.5, 153, 
164.9, 179.2, 187.5, 186.6, 224.8, 212.1, 155, 44, 238, 410, 
161, 759, 880, 148, 900, 105, 1372, 82, 96, 461, 56, 309, 48, 
42, 97, 61, 187, 19, 100, 100, 100, 100, 100, 100, 100, 100, 
100, 100, 100, 2500, 2500, 2500, 2500, 2500, 2500, 2500, 2500, 
2500, 2500, 2500, 8330.298, 7757.986, 7259.028, 7427.201, 7584.019, 
7816.20700000001, 7981.773, 9109.28000000001, 8893.54400000001, 
9143.62299999999, 11105.678, 8.15613, 3.97713, 2.71876, 6.87333, 
4.8273, 4.09707, 2.55815, 9.99458, 3.79235, 3.95154, 14.96184, 
-9.8647, -7.04223, -7.50245, -12.11883, -7.86102, -8.01818, -7.32645, 
-9.29915, -7.41321, -9.64654, -11.13653, 0, 0, 0, 0, 0, 0, 0, 
0, 0, 0, 0, 0, 0, 0, 0, 0, 0, 0, 0, 0, 0, 0, 0.78732, 0.76354, 
0.7578, 0.75367, 0.77064, 0.77193, 0.7509, 0.75215, 0.75222, 
0.76052, 0.734, 0.74855, 0.73585, 0.74352, 0.72666, 0.77045, 
0.73429, 0.72913, 0.74478, 0.74246, 0.74218, 0.721, 0.0218, 0.0235, 
0.0265, 0.0294, 0.0313, 0.0328, 0.0371, 0.0531, 0.0417, 0.0461, 
0.2487, 106.3, 122.5, 140.7, 149.1, 152.5, 164.7, 183.5, 179.4, 
199.2, 226.5, 211.8, 1084, 2207, 2477, 373, 157, 1403, 1911, 
396, 663, 813, 1020, 2, 1, 1, 3, 2, 2, 1, 3, 3, 2, 2, 100, 100, 
100, 100, 100, 100, 100, 100, 100, 100, 100, 2500, 2500, 2500, 
2500, 2500, 2500, 2500, 2500, 2500, 2500, 2500, 7379.7, 7644.41, 
7812.569, 8121.093, 8332.17999999999, 8529.77800000001, 8777.519, 
9116.485, 9748.64600000001, 10048.69, 10427.925, 1, 1, 1, 1, 
1, 1, 1, 1, 1, 1, 1, 0.11111, 0.11111, 0.11111, 0.11111, 0.11111, 
0.11111, 0.11111, 0.11111, 0.11111, 0.11111, 0.11111, 0, 0, 0, 
0, 0, 0, 0, 0, 0, 0, 0, 0, 0, 0, 0, 0, 0, 0, 0, 0, 0, 0, 0.72717, 
0.728, 0.7328, 0.72022, 0.72718, 0.72269, 0.7292, 0.73189, 0.73281, 
0.724, 0.71226, 0.71413, 0.72015, 0.72222, 0.73021, 0.7428, 0.72546, 
0.73191, 0.73965, 0.72549, 0.71496, 0.72313, 0.023, 0.0251, 0.0271, 
0.0299, 0.0324, 0.0356, 0.039, 0.0408, 0.0443, 0.0514, 0.0534, 
124.9, 139.3, 152.6, 161.3, 172.9, 185.9, 201.6, 211.2, 221.7, 
237.7, 251.6, 1, 1, 1, 1, 1, 1, 1, 1, 1, 1, 1, 1, 1, 1, 1, 1, 
1, 1, 1, 1, 1, 1, 1, 1, 1, 1, 1, 1, 1, 1, 1, 1, 1, 1, 1, 1, 1, 
1, 1, 1, 1, 1, 1, 1, 3.072, 3.001, 2.831, 2.93, 3.008, 3.129, 
3.097, 3.292, 3.402, 3.277, 3.351), .Dim = c(11L, 40L), .Dimnames = list(
    NULL, c("Sampling", "PSO.cost", "PSO.gamma", "PSO.data.balancing", 
    "PSO.feature.selection", "PSO.valid.acc", "PSO.test.acc", 
    "PSO.train.time", "PSO.n.support.vectors", "PSO.index", "PSO.n.solutions", 
    "PSO.generations", "PSO.n.evaluations", "PSO.cpu.time", "RS.cost", 
    "RS.gamma", "RS.data.balancing", "RS.feature.selection", 
    "RS.valid.acc", "RS.test.acc", "RS.train.time", "RS.n.support.vectors", 
    "RS.index", "RS.n.solutions", "RS.generations", "RS.n.evaluations", 
    "RS.cpu.time", "DF.cost", "DF.gamma", "DF.data.balancing", 
    "DF.feature.selection", "DF.valid.acc", "DF.test.acc", "DF.train.time", 
    "DF.n.support.vectors", "DF.index", "DF.n.solutions", "DF.generations", 
    "DF.n.evaluations", "DF.cpu.time")))
