full <-
structure(c(50, 55, 60, 65, 70, 75, 80, 85, 90, 95, 100, 5.06284, 
4.76431, 15, 0.18659, 0.0031, 5.79991, 4.9826, 15, 12.82031, 
11.56436, 7.32765, -7.89211, -7.83574, -11.66736, -3.29496, -3.52216, 
-6.96082, -8.73081, -14.90389, -12.43232, -14.38661, -13.29614, 
0, 0, 0, 0, 0, 0, 0, 0, 0, 0, 0, 0, 0, 0, 0, 0, 0, 0, 0, 0, 0, 
0, 0.73152, 0.748, 0.72116, 0.72673, 0.73726, 0.73714, 0.73741, 
0.7301, 0.73966, 0.73488, 0.74445, 0.71014, 0.74415, 0.71429, 
0.69338, 0.70599, 0.71412, 0.70723, 0.71188, 0.72276, 0.72574, 
0.72488, 0.0232, 0.0267, 0.0811, 0.0339, 0.0346, 0.0392, 0.0392, 
0.0531, 0.0566, 0.0522, 0.0538, 117.5, 130.2, 134.2, 169.1, 181.1, 
169.3, 183.4, 187.6, 198.2, 211.4, 241.5, 33, 867, 1891, 1995, 
462, 489, 1135, 1599, 214, 235, 158, 359, 45, 1, 9, 521, 88, 
154, 2, 100, 74, 52, 100, 100, 100, 100, 100, 100, 100, 100, 
100, 100, 100, 2500, 2500, 2500, 2500, 2500, 2500, 2500, 2500, 
2500, 2500, 2500, 7864.594, 9125.633, 9577.137, 9099.326, 8364.84600000001, 
9388.639, 8480.001, 9361.53099999999, 9968.842, 9385.43599999999, 
9816.03200000001, 4.97806, 2.763, 3.65012, 0.50223, 0.00525, 
5.60353, 2.04494, 8.37841, 8.0848, 4.14013, 5.27543, -7.90542, 
-5.92675, -6.18886, -3.53455, -3.45741, -6.95198, -6.66491, -14.33296, 
-10.05949, -10.43793, -11.25182, 0, 0, 0, 0, 0, 0, 0, 0, 0, 0, 
0, 0, 0, 0, 0, 0, 0, 0, 0, 0, 0, 0, 0.73152, 0.748, 0.71772, 
0.72328, 0.73423, 0.73714, 0.74282, 0.7276, 0.73966, 0.73494, 
0.74445, 0.70145, 0.73231, 0.6996, 0.68671, 0.70287, 0.71697, 
0.72082, 0.72754, 0.71545, 0.72801, 0.72488, 0.0228, 0.0273, 
0.0308, 0.033, 0.0355, 0.0384, 0.042, 0.0438, 0.0491, 0.0519, 
0.0547, 117.6, 131, 140.3, 164.2, 181.6, 169.8, 189.1, 209.1, 
200, 233.2, 241.8, 89, 1816, 878, 233, 1073, 347, 2492, 165, 
130, 2341, 2138, 1, 1, 2, 1, 1, 3, 1, 2, 3, 1, 1, 100, 100, 100, 
100, 100, 100, 100, 100, 100, 100, 100, 2500, 2500, 2500, 2500, 
2500, 2500, 2500, 2500, 2500, 2500, 2500, 8359.058, 9214.246, 
9286.756, 9202.60000000001, 8870.986, 8968.285, 9611.56, 10118.678, 
10558.777, 10680.598, 11175.829, 1, 1, 1, 1, 1, 1, 1, 1, 1, 1, 
1, 0.11111, 0.11111, 0.11111, 0.11111, 0.11111, 0.11111, 0.11111, 
0.11111, 0.11111, 0.11111, 0.11111, 0, 0, 0, 0, 0, 0, 0, 0, 0, 
0, 0, 0, 0, 0, 0, 0, 0, 0, 0, 0, 0, 0, 0.69239, 0.70415, 0.68148, 
0.7134, 0.71548, 0.69941, 0.70753, 0.70419, 0.69634, 0.70998, 
0.72266, 0.70525, 0.71231, 0.68915, 0.69338, 0.69994, 0.71412, 
0.72105, 0.70682, 0.6939, 0.70084, 0.72266, 0.0248, 0.029, 0.0309, 
0.0324, 0.0365, 0.038, 0.0423, 0.0469, 0.0517, 0.0528, 0.0574, 
136.3, 148.9, 162.8, 171, 184.8, 197.9, 207.6, 220.9, 229, 239.7, 
250.9, 1, 1, 1, 1, 1, 1, 1, 1, 1, 1, 1, 1, 1, 1, 1, 1, 1, 1, 
1, 1, 1, 1, 1, 1, 1, 1, 1, 1, 1, 1, 1, 1, 1, 1, 1, 1, 1, 1, 1, 
1, 1, 1, 1, 1, 3.317, 3.673, 3.457, 3.289, 3.38, 3.151, 3.532, 
3.61, 3.789, 3.598, 3.658), .Dim = c(11L, 40L), .Dimnames = list(
    NULL, c("Sampling", "PSO.cost", "PSO.gamma", "PSO.data.balancing", 
    "PSO.feature.selection", "PSO.valid.acc", "PSO.test.acc", 
    "PSO.train.time", "PSO.n.support.vectors", "PSO.index", "PSO.n.solutions", 
    "PSO.generations", "PSO.n.evaluations", "PSO.cpu.time", "RS.cost", 
    "RS.gamma", "RS.data.balancing", "RS.feature.selection", 
    "RS.valid.acc", "RS.test.acc", "RS.train.time", "RS.n.support.vectors", 
    "RS.index", "RS.n.solutions", "RS.generations", "RS.n.evaluations", 
    "RS.cpu.time", "DF.cost", "DF.gamma", "DF.data.balancing", 
    "DF.feature.selection", "DF.valid.acc", "DF.test.acc", "DF.train.time", 
    "DF.n.support.vectors", "DF.index", "DF.n.solutions", "DF.generations", 
    "DF.n.evaluations", "DF.cpu.time")))
