full <-
structure(c(50, 55, 60, 65, 70, 75, 80, 85, 90, 95, 100, 8.60295, 
2.60221, 5.70907, 4.43291, 8.06126, 8.25918, 3.13256, 13.18527, 
8.93959, 1.38745, 10.38419, -8.91887, -5.11426, -7.66081, -6.59427, 
-10.6281, -9.10935, -5.59949, -11.64261, -9.61505, -5.29053, 
-12.87112, 0, 0, 0, 0, 0, 0, 0, 0, 0, 0, 0, 0, 0, 0, 0, 0, 0, 
0, 0, 0, 0, 0, 0.74918, 0.7681, 0.77288, 0.76746, 0.77377, 0.75412, 
0.75597, 0.76513, 0.74983, 0.74422, 0.73788, 0.73612, 0.74806, 
0.75463, 0.75089, 0.7554, 0.73387, 0.74231, 0.75981, 0.74024, 
0.73502, 0.72266, 0.0254, 0.0249, 0.0278, 0.0299, 0.0308, 0.0391, 
0.038, 0.0652, 0.0525, 0.0521, 0.0558, 112.6, 124.4, 133.5, 140, 
152.7, 165.5, 178.4, 189.1, 199.5, 223.6, 223.9, 458, 860, 80, 
1440, 245, 461, 1148, 466, 605, 458, 358, 70, 38, 220, 30, 104, 
8, 58, 88, 45, 159, 186, 100, 100, 100, 100, 100, 100, 100, 100, 
100, 100, 100, 2500, 2500, 2500, 2500, 2500, 2500, 2500, 2500, 
2500, 2500, 2500, 7619.126, 7637.112, 8558.124, 8244.50700000001, 
8163.842, 8509.57399999999, 9001.323, 9075.503, 10721.363, 11886.861, 
11590.049, 5.95019, 2.93923, 9.37838, 4.77473, 2.17087, 9.58613, 
7.48879, 11.8689, 9.53324, 2.77354, 9.97997, -7.53403, -6.31206, 
-9.69885, -7.05766, -6.42329, -9.75298, -8.12661, -11.04294, 
-9.91038, -6.1511, -12.6391, 0, 0, 0, 0, 0, 0, 0, 0, 0, 0, 0, 
0, 0, 0, 0, 0, 0, 0, 0, 0, 0, 0, 0.75334, 0.76426, 0.77288, 0.7609, 
0.77093, 0.75126, 0.75312, 0.76256, 0.74983, 0.74422, 0.73788, 
0.72742, 0.74777, 0.75833, 0.74745, 0.77093, 0.73092, 0.75305, 
0.75981, 0.7378, 0.73042, 0.72697, 0.0225, 0.0252, 0.0307, 0.0294, 
0.0316, 0.0405, 0.0425, 0.0569, 0.0533, 0.0531, 0.0561, 113.9, 
128.3, 132.2, 140.8, 160.7, 164.7, 174.5, 189, 199.2, 219.6, 
224.3, 272, 343, 277, 102, 401, 704, 2104, 22, 325, 1337, 1246, 
1, 4, 12, 3, 4, 5, 1, 4, 2, 1, 2, 100, 100, 100, 100, 100, 100, 
100, 100, 100, 100, 100, 2500, 2500, 2500, 2500, 2500, 2500, 
2500, 2500, 2500, 2500, 2500, 7726.839, 8095.633, 8163.559, 8219.42, 
8617.356, 8696.424, 8940.833, 9399.556, 12783.051, 13043.29, 
12973.459, 1, 1, 1, 1, 1, 1, 1, 1, 1, 1, 1, 0.11111, 0.11111, 
0.11111, 0.11111, 0.11111, 0.11111, 0.11111, 0.11111, 0.11111, 
0.11111, 0.11111, 0, 0, 0, 0, 0, 0, 0, 0, 0, 0, 0, 0, 0, 0, 0, 
0, 0, 0, 0, 0, 0, 0, 0.73613, 0.73272, 0.75847, 0.74411, 0.7554, 
0.73664, 0.73398, 0.7266, 0.71359, 0.72386, 0.70971, 0.7055, 
0.74023, 0.75794, 0.74089, 0.75218, 0.7079, 0.73405, 0.73167, 
0.72561, 0.72587, 0.70772, 0.0235, 0.0253, 0.0279, 0.0305, 0.0347, 
0.0368, 0.04, 0.046, 0.0543, 0.0584, 0.0606, 134.3, 143.4, 155.2, 
165.4, 177.5, 192.4, 203.7, 217.5, 227.3, 244.5, 250.4, 1, 1, 
1, 1, 1, 1, 1, 1, 1, 1, 1, 1, 1, 1, 1, 1, 1, 1, 1, 1, 1, 1, 1, 
1, 1, 1, 1, 1, 1, 1, 1, 1, 1, 1, 1, 1, 1, 1, 1, 1, 1, 1, 1, 1, 
2.965, 3.124, 3.049, 3.032, 3.405, 3.189, 3.245, 3.54, 4.517, 
4.663, 4.624), .Dim = c(11L, 40L), .Dimnames = list(NULL, c("Sampling", 
"PSO.cost", "PSO.gamma", "PSO.data.balancing", "PSO.feature.selection", 
"PSO.valid.acc", "PSO.test.acc", "PSO.train.time", "PSO.n.support.vectors", 
"PSO.index", "PSO.n.solutions", "PSO.generations", "PSO.n.evaluations", 
"PSO.cpu.time", "RS.cost", "RS.gamma", "RS.data.balancing", "RS.feature.selection", 
"RS.valid.acc", "RS.test.acc", "RS.train.time", "RS.n.support.vectors", 
"RS.index", "RS.n.solutions", "RS.generations", "RS.n.evaluations", 
"RS.cpu.time", "DF.cost", "DF.gamma", "DF.data.balancing", "DF.feature.selection", 
"DF.valid.acc", "DF.test.acc", "DF.train.time", "DF.n.support.vectors", 
"DF.index", "DF.n.solutions", "DF.generations", "DF.n.evaluations", 
"DF.cpu.time")))
