full <-
structure(c(50, 55, 60, 65, 70, 75, 80, 85, 90, 95, 100, 9.088, 
2.59645, 1.71113, 2.217, 4.582, 7.50852, 1.42984, 7.83445, 4.19058, 
6.57382, 8.00647, -11.9126, -7.46831, -5.71282, -6.18623, -10.04658, 
-13.32521, -5.13413, -8.42156, -7.49319, -6.58823, -8.12448, 
0, 0, 0, 0, 0, 0, 0, 0, 0, 0, 0, 0, 0, 0, 0, 0, 0, 0, 0, 0, 0, 
0, 0.74779, 0.75417, 0.74067, 0.76974, 0.76477, 0.75445, 0.75068, 
0.73983, 0.7512, 0.74598, 0.74232, 0.73076, 0.7391, 0.73683, 
0.74995, 0.75218, 0.74571, 0.74512, 0.72464, 0.73197, 0.72321, 
0.73575, 0.0217, 0.0239, 0.0257, 0.0289, 0.0329, 0.0337, 0.0372, 
0.0301, 0.0448, 0.0597, 0.0618, 108.1, 129.4, 139.3, 147.8, 161.1, 
174.3, 179.7, 184.8, 203.2, 203.3, 215.8, 926, 775, 632, 660, 
274, 248, 509, 694, 901, 1162, 1305, 8, 37, 83, 166, 49, 20, 
472, 34, 96, 56, 13, 100, 100, 100, 100, 100, 100, 100, 100, 
100, 100, 100, 2500, 2500, 2500, 2500, 2500, 2500, 2500, 2500, 
2500, 2500, 2500, 8456.867, 8329.473, 9218.26100000001, 8935.499, 
8936.982, 9010.70600000001, 9167.14599999999, 8979.56999999999, 
9536.77299999999, 10032.454, 10790.887, 8.30246, 2.75052, 2.4997, 
4.09228, 6.09982, 7.97542, 1.50054, 3.53911, 7.70254, 6.67783, 
3.93212, -11.03208, -7.64052, -5.70657, -7.77387, -11.48329, 
-13.79505, -5.15102, -5.99488, -9.20556, -6.52683, -5.43251, 
0, 0, 0, 0, 0, 0, 0, 0, 0, 0, 0, 0, 0, 0, 0, 0, 0, 0, 0, 0, 0, 
0, 0.74363, 0.75417, 0.74054, 0.76319, 0.76165, 0.75445, 0.75068, 
0.73733, 0.74887, 0.74371, 0.74015, 0.73076, 0.74295, 0.74054, 
0.73984, 0.74612, 0.74571, 0.7452, 0.72471, 0.72965, 0.71856, 
0.72493, 0.0214, 0.0234, 0.0276, 0.0299, 0.0297, 0.0339, 0.0371, 
0.0419, 0.0467, 0.0599, 0.0565, 108.2, 129.4, 136.8, 145.3, 160.1, 
174.3, 179.3, 188.8, 199.4, 204.2, 220.8, 1006, 555, 2410, 693, 
1652, 2314, 1734, 69, 1647, 1944, 1683, 4, 1, 1, 2, 1, 1, 1, 
12, 1, 1, 2, 100, 100, 100, 100, 100, 100, 100, 100, 100, 100, 
100, 2500, 2500, 2500, 2500, 2500, 2500, 2500, 2500, 2500, 2500, 
2500, 8730.285, 8973.039, 9394.58, 9434.549, 9680.333, 9825.133, 
9971.80899999999, 9034.13800000001, 10499.954, 10871.583, 11296.146, 
1, 1, 1, 1, 1, 1, 1, 1, 1, 1, 1, 0.11111, 0.11111, 0.11111, 0.11111, 
0.11111, 0.11111, 0.11111, 0.11111, 0.11111, 0.11111, 0.11111, 
0, 0, 0, 0, 0, 0, 0, 0, 0, 0, 0, 0, 0, 0, 0, 0, 0, 0, 0, 0, 0, 
0, 0.70048, 0.70032, 0.72599, 0.73606, 0.73636, 0.7142, 0.7238, 
0.72458, 0.71275, 0.71886, 0.72932, 0.7003, 0.72404, 0.72228, 
0.72627, 0.72434, 0.71992, 0.71554, 0.70926, 0.70798, 0.70496, 
0.72058, 0.0222, 0.0249, 0.0301, 0.0323, 0.0314, 0.0368, 0.0391, 
0.0415, 0.0472, 0.0518, 0.0561, 132.1, 146.4, 158.2, 167.6, 174, 
186, 200, 212.9, 227.9, 237.7, 252.2, 1, 1, 1, 1, 1, 1, 1, 1, 
1, 1, 1, 1, 1, 1, 1, 1, 1, 1, 1, 1, 1, 1, 1, 1, 1, 1, 1, 1, 1, 
1, 1, 1, 1, 1, 1, 1, 1, 1, 1, 1, 1, 1, 1, 1, 3.443, 3.509, 3.601, 
3.552, 3.664, 3.786, 3.576, 3.251, 3.63, 3.748, 3.807), .Dim = c(11L, 
40L), .Dimnames = list(NULL, c("Sampling", "PSO.cost", "PSO.gamma", 
"PSO.data.balancing", "PSO.feature.selection", "PSO.valid.acc", 
"PSO.test.acc", "PSO.train.time", "PSO.n.support.vectors", "PSO.index", 
"PSO.n.solutions", "PSO.generations", "PSO.n.evaluations", "PSO.cpu.time", 
"RS.cost", "RS.gamma", "RS.data.balancing", "RS.feature.selection", 
"RS.valid.acc", "RS.test.acc", "RS.train.time", "RS.n.support.vectors", 
"RS.index", "RS.n.solutions", "RS.generations", "RS.n.evaluations", 
"RS.cpu.time", "DF.cost", "DF.gamma", "DF.data.balancing", "DF.feature.selection", 
"DF.valid.acc", "DF.test.acc", "DF.train.time", "DF.n.support.vectors", 
"DF.index", "DF.n.solutions", "DF.generations", "DF.n.evaluations", 
"DF.cpu.time")))
