full <-
structure(c(50, 55, 60, 65, 70, 75, 80, 85, 90, 95, 100, 7.86725, 
9.61688, 9.45839, 1.76395, 3.78488, 15, 1.928, 6.10409, 14.82509, 
4.12148, 4.54229, -10.86249, -8.8397, -8.38037, -7.9186, -6.787, 
-12.78838, -6.95072, -8.13274, -14.93228, -7.42232, -8.01371, 
0, 0, 0, 0, 0, 0, 0, 0, 0, 0, 0, 0, 0, 0, 0, 0, 0, 0, 0, 0, 0, 
0, 0.74005, 0.732, 0.74378, 0.74667, 0.76184, 0.75971, 0.7559, 
0.7628, 0.75422, 0.75127, 0.73608, 0.70636, 0.70077, 0.71799, 
0.72333, 0.7464, 0.71962, 0.73158, 0.75029, 0.71785, 0.72838, 
0.73594, 0.0218, 0.0324, 0.0406, 0.0295, 0.0329, 0.0611, 0.0371, 
0.0423, 0.0527, 0.0477, 0.0522, 117, 124.5, 132.6, 161.3, 159.3, 
164.5, 189.1, 187.5, 196.8, 217, 227.4, 83, 1474, 229, 813, 196, 
413, 779, 1432, 500, 400, 182, 70, 26, 125, 77, 240, 13, 160, 
29, 6, 247, 67, 100, 100, 100, 100, 100, 100, 100, 100, 100, 
100, 100, 2500, 2500, 2500, 2500, 2500, 2500, 2500, 2500, 2500, 
2500, 2500, 7450.594, 8042.762, 8688.892, 7707.147, 8014.786, 
8975.887, 8170.088, 8216.005, 8460.87999999998, 8777.81200000001, 
10219.839, 7.66092, 9.2168, 13.52868, 2.54078, 2.47987, 14.98942, 
1.8519, 2.52329, 11.63716, 4.09662, 2.61088, -11.1511, -8.65002, 
-10.39342, -8.82289, -6.29266, -12.8042, -6.96812, -7.00531, 
-12.88052, -7.46743, -6.48865, 0, 0, 0, 0, 0, 0, 0, 0, 0, 0, 
0, 0, 0, 0, 0, 0, 0, 0, 0, 0, 0, 0, 0.73626, 0.72815, 0.74378, 
0.74333, 0.76174, 0.75685, 0.7532, 0.75773, 0.74934, 0.75127, 
0.73381, 0.7107, 0.70077, 0.71812, 0.72, 0.74006, 0.71962, 0.73428, 
0.74503, 0.71785, 0.72838, 0.74676, 0.0223, 0.0318, 0.0774, 0.0291, 
0.0327, 0.0606, 0.0376, 0.0411, 0.0468, 0.048, 0.0518, 117.8, 
124.5, 131, 161.9, 162.3, 164.7, 189.4, 197.1, 197.1, 217.1, 
228.9, 904, 1328, 78, 96, 1707, 413, 964, 706, 333, 925, 1092, 
1, 2, 5, 1, 1, 2, 1, 2, 2, 2, 3, 100, 100, 100, 100, 100, 100, 
100, 100, 100, 100, 100, 2500, 2500, 2500, 2500, 2500, 2500, 
2500, 2500, 2500, 2500, 2500, 7726.362, 7881.015, 7965.121, 8138.161, 
8459.416, 8644.851, 9036.348, 9118.85800000001, 9759.46099999998, 
9683.99400000001, 9905.29199999999, 1, 1, 1, 1, 1, 1, 1, 1, 1, 
1, 1, 0.11111, 0.11111, 0.11111, 0.11111, 0.11111, 0.11111, 0.11111, 
0.11111, 0.11111, 0.11111, 0.11111, 0, 0, 0, 0, 0, 0, 0, 0, 0, 
0, 0, 0, 0, 0, 0, 0, 0, 0, 0, 0, 0, 0, 0.65754, 0.69231, 0.68929, 
0.71, 0.7215, 0.72558, 0.72361, 0.72426, 0.71053, 0.73293, 0.71207, 
0.68801, 0.66462, 0.68571, 0.73, 0.72794, 0.70516, 0.73946, 0.73734, 
0.70583, 0.71691, 0.7228, 0.024, 0.0265, 0.029, 0.0324, 0.0339, 
0.0373, 0.0412, 0.0436, 0.0493, 0.0511, 0.0538, 136.6, 150.2, 
161, 170.8, 183.1, 194, 203, 217.3, 229.3, 239.8, 251.1, 1, 1, 
1, 1, 1, 1, 1, 1, 1, 1, 1, 1, 1, 1, 1, 1, 1, 1, 1, 1, 1, 1, 1, 
1, 1, 1, 1, 1, 1, 1, 1, 1, 1, 1, 1, 1, 1, 1, 1, 1, 1, 1, 1, 1, 
2.964, 2.937, 3.107, 3.216, 3.18, 3.104, 3.341, 3.245, 3.358, 
3.264, 3.231), .Dim = c(11L, 40L), .Dimnames = list(NULL, c("Sampling", 
"PSO.cost", "PSO.gamma", "PSO.data.balancing", "PSO.feature.selection", 
"PSO.valid.acc", "PSO.test.acc", "PSO.train.time", "PSO.n.support.vectors", 
"PSO.index", "PSO.n.solutions", "PSO.generations", "PSO.n.evaluations", 
"PSO.cpu.time", "RS.cost", "RS.gamma", "RS.data.balancing", "RS.feature.selection", 
"RS.valid.acc", "RS.test.acc", "RS.train.time", "RS.n.support.vectors", 
"RS.index", "RS.n.solutions", "RS.generations", "RS.n.evaluations", 
"RS.cpu.time", "DF.cost", "DF.gamma", "DF.data.balancing", "DF.feature.selection", 
"DF.valid.acc", "DF.test.acc", "DF.train.time", "DF.n.support.vectors", 
"DF.index", "DF.n.solutions", "DF.generations", "DF.n.evaluations", 
"DF.cpu.time")))
