full <-
structure(c(50, 55, 60, 65, 70, 75, 80, 85, 90, 95, 100, 8.88339, 
1.59416, 11.17022, 2.07037, 5.96989, 9.09608, 3.54717, 13.75256, 
-0.21258, 4.26127, 0.15742, -9.48449, -7.60954, -8.41472, -6.02433, 
-11.49226, -15, -8.36093, -10.90668, -5.01511, -9.82998, -4.70889, 
0, 0, 0, 0, 0, 0, 0, 0, 0, 0, 0, 0, 0, 0, 0, 0, 0, 0, 0, 0, 0, 
0, 0.77576, 0.75532, 0.75066, 0.76343, 0.74974, 0.74303, 0.7403, 
0.72981, 0.74472, 0.72138, 0.74473, 0.74984, 0.75162, 0.72143, 
0.75366, 0.74359, 0.70513, 0.72116, 0.71962, 0.72311, 0.73042, 
0.72091, 0.0229, 0.0252, 0.0635, 0.0297, 0.0323, 0.0347, 0.0382, 
0.0992, 0.045, 0.0474, 0.0512, 105.6, 139.8, 125.3, 151.4, 171.2, 
186.5, 193.4, 186.1, 226.2, 232.4, 239.3, 2389, 27, 315, 1103, 
44, 31, 392, 479, 2321, 925, 2033, 1, 94, 80, 147, 235, 34, 72, 
43, 1, 24, 4, 100, 100, 100, 100, 100, 100, 100, 100, 100, 100, 
100, 2500, 2500, 2500, 2500, 2500, 2500, 2500, 2500, 2500, 2500, 
2500, 7714.169, 7626.574, 8947.214, 7790.363, 7937.699, 8101.174, 
8269.952, 9794.463, 8349.261, 8552.81700000001, 10966.989, 14.08711, 
5.38225, 10.56473, 2.38813, 7.40675, 2.80587, 7.96533, 10.51055, 
-0.11586, -0.64901, 3.89179, -11.8999, -11.41113, -8.03386, -6.35729, 
-12.90335, -8.63574, -13.30985, -9.15592, -4.95916, -4.92493, 
-6.07337, 0, 0, 0, 0, 0, 0, 0, 0, 0, 0, 0, 0, 0, 0, 0, 0, 0, 
0, 0, 0, 0, 0, 0.77576, 0.75532, 0.74696, 0.75687, 0.74974, 0.74294, 
0.73767, 0.72718, 0.74228, 0.72381, 0.74047, 0.75835, 0.75162, 
0.72143, 0.75033, 0.74359, 0.71092, 0.72926, 0.71705, 0.72317, 
0.71683, 0.71443, 0.0351, 0.0246, 0.0573, 0.0288, 0.0309, 0.0349, 
0.0375, 0.0626, 0.0446, 0.0488, 0.0526, 104.6, 139.3, 125.1, 
151.3, 170.8, 186.8, 196.9, 186.1, 224.1, 240.9, 222.1, 1753, 
1819, 1783, 1670, 284, 793, 2188, 434, 242, 873, 195, 1, 1, 2, 
1, 7, 1, 1, 2, 1, 2, 1, 100, 100, 100, 100, 100, 100, 100, 100, 
100, 100, 100, 2500, 2500, 2500, 2500, 2500, 2500, 2500, 2500, 
2500, 2500, 2500, 7833.328, 7976.231, 8085.894, 8394.114, 8669.10400000001, 
8844.367, 8979.556, 9315.18399999999, 9407.405, 9891.64200000002, 
10072.414, 1, 1, 1, 1, 1, 1, 1, 1, 1, 1, 1, 0.11111, 0.11111, 
0.11111, 0.11111, 0.11111, 0.11111, 0.11111, 0.11111, 0.11111, 
0.11111, 0.11111, 0, 0, 0, 0, 0, 0, 0, 0, 0, 0, 0, 0, 0, 0, 0, 
0, 0, 0, 0, 0, 0, 0, 0.73584, 0.71607, 0.69987, 0.71397, 0.70049, 
0.70824, 0.69689, 0.70192, 0.70842, 0.70758, 0.72317, 0.72317, 
0.70823, 0.70013, 0.72398, 0.6911, 0.69908, 0.705, 0.71974, 0.71103, 
0.70061, 0.7167, 0.0229, 0.0263, 0.0276, 0.0301, 0.0333, 0.0359, 
0.041, 0.0432, 0.0484, 0.0529, 0.0567, 131.3, 145.8, 157.8, 167.6, 
183.8, 194.8, 203.8, 218.8, 231.2, 243.7, 251.7, 1, 1, 1, 1, 
1, 1, 1, 1, 1, 1, 1, 1, 1, 1, 1, 1, 1, 1, 1, 1, 1, 1, 1, 1, 1, 
1, 1, 1, 1, 1, 1, 1, 1, 1, 1, 1, 1, 1, 1, 1, 1, 1, 1, 1, 2.991, 
3.047, 2.912, 3.046, 3.183, 3.181, 3.27, 3.205, 3.324, 3.463, 
3.429), .Dim = c(11L, 40L), .Dimnames = list(NULL, c("Sampling", 
"PSO.cost", "PSO.gamma", "PSO.data.balancing", "PSO.feature.selection", 
"PSO.valid.acc", "PSO.test.acc", "PSO.train.time", "PSO.n.support.vectors", 
"PSO.index", "PSO.n.solutions", "PSO.generations", "PSO.n.evaluations", 
"PSO.cpu.time", "RS.cost", "RS.gamma", "RS.data.balancing", "RS.feature.selection", 
"RS.valid.acc", "RS.test.acc", "RS.train.time", "RS.n.support.vectors", 
"RS.index", "RS.n.solutions", "RS.generations", "RS.n.evaluations", 
"RS.cpu.time", "DF.cost", "DF.gamma", "DF.data.balancing", "DF.feature.selection", 
"DF.valid.acc", "DF.test.acc", "DF.train.time", "DF.n.support.vectors", 
"DF.index", "DF.n.solutions", "DF.generations", "DF.n.evaluations", 
"DF.cpu.time")))
