full <-
structure(c(50, 55, 60, 65, 70, 75, 80, 85, 90, 95, 100, 15, 
0.86488, 2.68384, 6.21775, 12.46722, 11.99436, 6.53312, 6.18055, 
12.85324, 3.96556, 9.11992, -12.0706, -5.72339, -4.15564, -6.94516, 
-10.21834, -9.57285, -9.09663, -11.6043, -8.81773, -6.24439, 
-8.94841, 0, 0, 0, 0, 0, 0, 0, 0, 0, 0, 0, 0, 0, 0, 0, 0, 0, 
0, 0, 0, 0, 0, 0.74595, 0.73338, 0.73664, 0.73959, 0.75502, 0.75155, 
0.75571, 0.75799, 0.76173, 0.74899, 0.73821, 0.73253, 0.70954, 
0.70053, 0.73282, 0.72737, 0.73669, 0.73145, 0.73753, 0.73258, 
0.71954, 0.70786, 0.0454, 0.0261, 0.0281, 0.0343, 0.063, 0.0778, 
0.0448, 0.0458, 0.2428, 0.0514, 0.0713, 109.9, 136, 142.7, 141.9, 
146.9, 154.1, 174.1, 195.1, 178.8, 208.9, 219.1, 697, 478, 1392, 
1403, 654, 125, 306, 992, 2365, 936, 892, 5, 216, 16, 56, 83, 
63, 72, 12, 1, 25, 6, 100, 100, 100, 100, 100, 100, 100, 100, 
100, 100, 100, 2500, 2500, 2500, 2500, 2500, 2500, 2500, 2500, 
2500, 2500, 2500, 7958.408, 8043.728, 7977.14, 8606.73, 9524.993, 
10315.013, 13921.165, 14117.984, 17019.949, 8883.59100000001, 
10999.685, 11.27877, 0.63828, 12.8922, 14.82946, 14.65371, 9.6513, 
7.26457, 13.25514, 12.08775, 6.1257, 6.11791, -10.03088, -5.5601, 
-9.3378, -12.01906, -11.31559, -8.36013, -9.17762, -11.24957, 
-8.48045, -7.75894, -7.32926, 0, 0, 0, 0, 0, 0, 0, 0, 0, 0, 0, 
0, 0, 0, 0, 0, 0, 0, 0, 0, 0, 0, 0.74178, 0.73338, 0.73307, 0.73637, 
0.75502, 0.7487, 0.75571, 0.75793, 0.76167, 0.74889, 0.73816, 
0.73233, 0.70554, 0.70437, 0.71614, 0.72737, 0.73391, 0.73956, 
0.75036, 0.7302, 0.71711, 0.71008, 0.0303, 0.0247, 0.0946, 0.0656, 
0.0903, 0.0612, 0.0439, 0.0764, 0.183, 0.05, 0.0568, 110.1, 136.7, 
126.9, 140.1, 147, 154.9, 173.1, 179.7, 179.8, 207.9, 219.3, 
1727, 2258, 748, 1831, 1486, 171, 2004, 821, 802, 49, 750, 1, 
1, 3, 1, 1, 6, 1, 1, 1, 1, 1, 100, 100, 100, 100, 100, 100, 100, 
100, 100, 100, 100, 2500, 2500, 2500, 2500, 2500, 2500, 2500, 
2500, 2500, 2500, 2500, 7772.585, 7976.886, 8376.119, 8869.27699999999, 
9198.45599999999, 13916.747, 13977.643, 14595.87, 12923.895, 
10160.719, 10540.702, 1, 1, 1, 1, 1, 1, 1, 1, 1, 1, 1, 0.11111, 
0.11111, 0.11111, 0.11111, 0.11111, 0.11111, 0.11111, 0.11111, 
0.11111, 0.11111, 0.11111, 0, 0, 0, 0, 0, 0, 0, 0, 0, 0, 0, 0, 
0, 0, 0, 0, 0, 0, 0, 0, 0, 0, 0.68486, 0.67831, 0.69709, 0.70348, 
0.70237, 0.71382, 0.71004, 0.72221, 0.72764, 0.71045, 0.71647, 
0.69356, 0.68185, 0.71865, 0.69336, 0.69612, 0.72828, 0.70493, 
0.71221, 0.71324, 0.69903, 0.69926, 0.0244, 0.0261, 0.0288, 0.0323, 
0.0351, 0.042, 0.0462, 0.0486, 0.0477, 0.0518, 0.056, 131.8, 
145.3, 155.9, 167.9, 177.4, 187.4, 198.7, 210.1, 220, 236.2, 
252.5, 1, 1, 1, 1, 1, 1, 1, 1, 1, 1, 1, 1, 1, 1, 1, 1, 1, 1, 
1, 1, 1, 1, 1, 1, 1, 1, 1, 1, 1, 1, 1, 1, 1, 1, 1, 1, 1, 1, 1, 
1, 1, 1, 1, 1, 3.032, 2.954, 3.354, 3.356, 3.386, 5.235, 5.323, 
5.124, 3.488, 3.509, 3.556), .Dim = c(11L, 40L), .Dimnames = list(
    NULL, c("Sampling", "PSO.cost", "PSO.gamma", "PSO.data.balancing", 
    "PSO.feature.selection", "PSO.valid.acc", "PSO.test.acc", 
    "PSO.train.time", "PSO.n.support.vectors", "PSO.index", "PSO.n.solutions", 
    "PSO.generations", "PSO.n.evaluations", "PSO.cpu.time", "RS.cost", 
    "RS.gamma", "RS.data.balancing", "RS.feature.selection", 
    "RS.valid.acc", "RS.test.acc", "RS.train.time", "RS.n.support.vectors", 
    "RS.index", "RS.n.solutions", "RS.generations", "RS.n.evaluations", 
    "RS.cpu.time", "DF.cost", "DF.gamma", "DF.data.balancing", 
    "DF.feature.selection", "DF.valid.acc", "DF.test.acc", "DF.train.time", 
    "DF.n.support.vectors", "DF.index", "DF.n.solutions", "DF.generations", 
    "DF.n.evaluations", "DF.cpu.time")))
