full <-
structure(c(50, 55, 60, 65, 70, 75, 80, 85, 90, 95, 100, 1.19839, 
4.86854, 5.36758, 15, 4.29265, 9.92424, 5.9745, 2.67846, 7.10113, 
8.15206, 1.34204, -2.41479, -8.48955, -7.3205, -14.56445, -7.4, 
-11.70635, -11.43779, -6.53304, -7.89943, -13.42481, -6.21985, 
0, 0, 0, 0, 0, 0, 0, 0, 0, 0, 0, 0, 0, 0, 0, 0, 0, 0, 0, 0, 0, 
0, 0.70532, 0.69277, 0.715, 0.72389, 0.72495, 0.73717, 0.75308, 
0.74974, 0.75157, 0.73774, 0.75537, 0.67125, 0.68462, 0.67121, 
0.71076, 0.71567, 0.70843, 0.72055, 0.73167, 0.74692, 0.72606, 
0.7445, 0.0262, 0.0252, 0.0286, 0.0384, 0.0329, 0.0371, 0.0379, 
0.0412, 0.0488, 0.0477, 0.0541, 147.9, 131.5, 140.9, 150.8, 165.8, 
167.5, 189.5, 194.3, 195.2, 221.1, 236.4, 495, 604, 1840, 1598, 
753, 262, 174, 775, 1546, 1248, 551, 27, 105, 7, 1, 47, 76, 104, 
62, 19, 13, 286, 100, 100, 100, 100, 100, 100, 100, 100, 100, 
100, 100, 2500, 2500, 2500, 2500, 2500, 2500, 2500, 2500, 2500, 
2500, 2500, 7473.212, 7900.235, 7780.871, 7958.457, 8214.516, 
8205.63400000001, 8027.223, 8561.484, 9977.179, 8844.69400000002, 
8376.44, 3.36269, 5.94837, 3.28242, 12.27358, 2.17462, 10.7311, 
9.16818, 2.49007, 7.26274, 9.22249, 1.30124, -3.83413, -9.41974, 
-6.06378, -13.21065, -5.79127, -11.60305, -14.60493, -6.5293, 
-7.97916, -14.4253, -6.09556, 0, 0, 0, 0, 0, 0, 0, 0, 0, 0, 0, 
0, 0, 0, 0, 0, 0, 0, 0, 0, 0, 0, 0.70173, 0.69262, 0.71143, 0.72056, 
0.72467, 0.73717, 0.75308, 0.74974, 0.75395, 0.73541, 0.75319, 
0.70153, 0.68446, 0.67875, 0.70743, 0.72182, 0.70255, 0.71785, 
0.73167, 0.74692, 0.72611, 0.74884, 0.0255, 0.0253, 0.0294, 0.0329, 
0.0336, 0.0389, 0.0385, 0.0418, 0.0498, 0.0478, 0.0527, 128.4, 
131, 142.5, 151.4, 168.7, 168.4, 189, 193.9, 195, 220.2, 235.8, 
300, 29, 2096, 168, 2398, 689, 2093, 1459, 468, 398, 685, 1, 
1, 1, 6, 1, 3, 1, 1, 1, 3, 1, 100, 100, 100, 100, 100, 100, 100, 
100, 100, 100, 100, 2500, 2500, 2500, 2500, 2500, 2500, 2500, 
2500, 2500, 2500, 2500, 7833.336, 8034.444, 8223.781, 8488.971, 
8628.393, 8721.16100000001, 8875.186, 9187.20900000002, 9273.677, 
9682.83199999999, 10016.375, 1, 1, 1, 1, 1, 1, 1, 1, 1, 1, 1, 
0.11111, 0.11111, 0.11111, 0.11111, 0.11111, 0.11111, 0.11111, 
0.11111, 0.11111, 0.11111, 0.11111, 0, 0, 0, 0, 0, 0, 0, 0, 0, 
0, 0, 0, 0, 0, 0, 0, 0, 0, 0, 0, 0, 0, 0.68793, 0.65769, 0.67148, 
0.66374, 0.68753, 0.68785, 0.72042, 0.71391, 0.71765, 0.71501, 
0.72063, 0.68791, 0.67754, 0.66815, 0.66341, 0.67853, 0.7081, 
0.72034, 0.69096, 0.71074, 0.71723, 0.7055, 0.025, 0.0269, 0.0294, 
0.0323, 0.0348, 0.0374, 0.0408, 0.0454, 0.0472, 0.0511, 0.0566, 
139.3, 151, 161.7, 175.1, 186.6, 195.1, 202.6, 215.5, 226.7, 
237.6, 251.5, 1, 1, 1, 1, 1, 1, 1, 1, 1, 1, 1, 1, 1, 1, 1, 1, 
1, 1, 1, 1, 1, 1, 1, 1, 1, 1, 1, 1, 1, 1, 1, 1, 1, 1, 1, 1, 1, 
1, 1, 1, 1, 1, 1, 1, 3.05, 3.004, 3.114, 3.204, 3.085, 3.136, 
3.189, 3.091, 3.304, 3.174, 3.327), .Dim = c(11L, 40L), .Dimnames = list(
    NULL, c("Sampling", "PSO.cost", "PSO.gamma", "PSO.data.balancing", 
    "PSO.feature.selection", "PSO.valid.acc", "PSO.test.acc", 
    "PSO.train.time", "PSO.n.support.vectors", "PSO.index", "PSO.n.solutions", 
    "PSO.generations", "PSO.n.evaluations", "PSO.cpu.time", "RS.cost", 
    "RS.gamma", "RS.data.balancing", "RS.feature.selection", 
    "RS.valid.acc", "RS.test.acc", "RS.train.time", "RS.n.support.vectors", 
    "RS.index", "RS.n.solutions", "RS.generations", "RS.n.evaluations", 
    "RS.cpu.time", "DF.cost", "DF.gamma", "DF.data.balancing", 
    "DF.feature.selection", "DF.valid.acc", "DF.test.acc", "DF.train.time", 
    "DF.n.support.vectors", "DF.index", "DF.n.solutions", "DF.generations", 
    "DF.n.evaluations", "DF.cpu.time")))
