full <-
structure(c(50, 55, 60, 65, 70, 75, 80, 85, 90, 95, 100, 2.80128, 
1.6967, 14.37864, 13.60623, 8.4061, 2.25554, 0.34726, 3.47866, 
-0.41448, 3.37341, 8.46848, -6.09214, -4.85946, -12.13307, -11.0212, 
-8.60293, -5.95486, -6.43221, -10.73473, -5.36224, -6.36253, 
-9.07926, 0, 0, 0, 0, 0, 0, 0, 0, 0, 0, 0, 0, 0, 0, 0, 0, 0, 
0, 0, 0, 0, 0, 0.77554, 0.76481, 0.76897, 0.77662, 0.75579, 0.74862, 
0.7449, 0.73212, 0.73504, 0.74248, 0.76207, 0.7625, 0.75679, 
0.77599, 0.77017, 0.73156, 0.73979, 0.72035, 0.71929, 0.73481, 
0.72176, 0.74038, 0.0207, 0.0242, 0.0495, 0.0655, 0.0387, 0.0357, 
0.0419, 0.0448, 0.049, 0.0516, 0.062, 108, 123.6, 128.1, 136, 
156.4, 178.1, 203.7, 224.8, 227.1, 214.3, 221.3, 174, 101, 1247, 
819, 2268, 885, 607, 977, 778, 727, 242, 474, 154, 8, 25, 1, 
39, 311, 58, 18, 136, 70, 100, 100, 100, 100, 100, 100, 100, 
100, 100, 100, 100, 2500, 2500, 2500, 2500, 2500, 2500, 2500, 
2500, 2500, 2500, 2500, 6967.738, 7197.537, 8107.91, 8556.513, 
9363.69700000001, 7645.512, 8257.31299999999, 8309.792, 8550.488, 
8955.666, 10907.659, 3.093, 2.78023, 9.20383, 11.0721, 7.66821, 
3.71647, 3.8932, -0.75507, -1.20985, 2.65716, 8.89622, -6.20551, 
-6.78134, -9.55769, -9.70074, -8.2085, -6.69553, -8.45227, -6.21173, 
-4.10578, -5.79092, -9.29968, 0, 0, 0, 0, 0, 0, 0, 0, 0, 0, 0, 
0, 0, 0, 0, 0, 0, 0, 0, 0, 0, 0, 0.7712, 0.76464, 0.76884, 0.77662, 
0.75579, 0.74282, 0.73964, 0.73212, 0.73493, 0.74026, 0.76207, 
0.76685, 0.73678, 0.77599, 0.76351, 0.73156, 0.73694, 0.72334, 
0.7066, 0.72267, 0.71727, 0.74038, 0.0215, 0.0232, 0.0303, 0.045, 
0.0366, 0.0355, 0.0393, 0.0465, 0.0477, 0.0485, 0.0627, 107.7, 
122.4, 128.6, 135.8, 156.3, 174.6, 190.4, 225.5, 231.3, 215, 
221, 314, 46, 2241, 903, 1090, 1922, 1437, 518, 1422, 258, 246, 
1, 4, 1, 3, 1, 1, 3, 2, 1, 2, 2, 100, 100, 100, 100, 100, 100, 
100, 100, 100, 100, 100, 2500, 2500, 2500, 2500, 2500, 2500, 
2500, 2500, 2500, 2500, 2500, 7268.125, 7609.343, 8010.986, 7930.602, 
8154.118, 8434.173, 9045.476, 9230.387, 9583.21799999999, 9760.33300000001, 
10276.267, 1, 1, 1, 1, 1, 1, 1, 1, 1, 1, 1, 0.11111, 0.11111, 
0.11111, 0.11111, 0.11111, 0.11111, 0.11111, 0.11111, 0.11111, 
0.11111, 0.11111, 0, 0, 0, 0, 0, 0, 0, 0, 0, 0, 0, 0, 0, 0, 0, 
0, 0, 0, 0, 0, 0, 0, 0.75399, 0.73228, 0.72557, 0.74336, 0.7377, 
0.70231, 0.73657, 0.71167, 0.70351, 0.70141, 0.71869, 0.7712, 
0.72827, 0.72213, 0.75349, 0.72549, 0.71407, 0.72845, 0.71679, 
0.71547, 0.69903, 0.71869, 0.0218, 0.0248, 0.028, 0.0307, 0.0332, 
0.0376, 0.0428, 0.0465, 0.0497, 0.0511, 0.0586, 122.1, 137.2, 
151.9, 162.4, 181.2, 194.8, 207.5, 217.9, 229.2, 240.1, 251.3, 
1, 1, 1, 1, 1, 1, 1, 1, 1, 1, 1, 1, 1, 1, 1, 1, 1, 1, 1, 1, 1, 
1, 1, 1, 1, 1, 1, 1, 1, 1, 1, 1, 1, 1, 1, 1, 1, 1, 1, 1, 1, 1, 
1, 1, 2.744, 2.992, 3.01, 2.975, 3.018, 3.113, 3.166, 3.346, 
3.251, 3.11, 3.535), .Dim = c(11L, 40L), .Dimnames = list(NULL, 
    c("Sampling", "PSO.cost", "PSO.gamma", "PSO.data.balancing", 
    "PSO.feature.selection", "PSO.valid.acc", "PSO.test.acc", 
    "PSO.train.time", "PSO.n.support.vectors", "PSO.index", "PSO.n.solutions", 
    "PSO.generations", "PSO.n.evaluations", "PSO.cpu.time", "RS.cost", 
    "RS.gamma", "RS.data.balancing", "RS.feature.selection", 
    "RS.valid.acc", "RS.test.acc", "RS.train.time", "RS.n.support.vectors", 
    "RS.index", "RS.n.solutions", "RS.generations", "RS.n.evaluations", 
    "RS.cpu.time", "DF.cost", "DF.gamma", "DF.data.balancing", 
    "DF.feature.selection", "DF.valid.acc", "DF.test.acc", "DF.train.time", 
    "DF.n.support.vectors", "DF.index", "DF.n.solutions", "DF.generations", 
    "DF.n.evaluations", "DF.cpu.time")))
