full <-
structure(c(50, 55, 60, 65, 70, 75, 80, 85, 90, 95, 100, 1.57148, 
1.8182, 2.69602, 3.60395, 3.22561, 1.87417, 1.66119, 2.17113, 
1.16962, 0.93075, 1.41426, 2.22368, 2.19113, 1.58822, 1.36162, 
2.34307, 2.24261, 1.73962, 2.04479, 2.20966, 2.40543, 2.67841, 
0, 0, 0, 0, 0, 0, 0, 0, 0, 0, 0, 0, 0, 0, 0, 0, 0, 0, 0, 0, 0, 
0, 0.88731, 0.88342, 0.88666, 0.89111, 0.89015, 0.89822, 0.89904, 
0.90084, 0.90263, 0.90016, 0.90472, 0.88286, 0.88005, 0.87986, 
0.88711, 0.892, 0.89032, 0.8988, 0.89757, 0.89564, 0.90152, 0.90027, 
1.3371, 1.4658, 1.4132, 1.4408, 1.6337, 2.4336, 2.2618, 2.8167, 
3.3497, 3.9151, 4.7311, 1266.1, 1332.3, 1132.5, 1075.5, 1540.3, 
1645.3, 1513.2, 1653.4, 1896.4, 2105.3, 2282.5, 1168, 699, 935, 
583, 1022, 1121, 1000, 1935, 764, 1468, 562, 84, 273, 335, 275, 
235, 48, 48, 15, 245, 86, 554, 100, 100, 100, 100, 100, 100, 
100, 100, 100, 100, 100, 2500, 2500, 2500, 2500, 2500, 2500, 
2500, 2500, 2500, 2500, 2500, 48039.181, 52213.737, 48405.355, 
47930.499, 69347.688, 76377.679, 72653.7829999999, 86732.706, 
100611.947, 116864.997, 131970.136, 1.56002, 1.71013, 3.05459, 
3.57453, 1.63305, 2.03227, 1.69376, 2.15191, 1.69218, 1.28968, 
2.63832, 1.75714, 2.04954, 1.22071, 1.39304, 2.15581, 2.07626, 
1.84864, 2.05687, 2.11208, 2.22795, 2.49267, 0, 0, 0, 0, 0, 0, 
0, 0, 0, 0, 0, 0, 0, 0, 0, 0, 0, 0, 0, 0, 0, 0, 0.88399, 0.88241, 
0.88449, 0.89025, 0.88988, 0.8955, 0.89765, 0.90062, 0.9014, 
0.89938, 0.90379, 0.88398, 0.88242, 0.87986, 0.88653, 0.88671, 
0.8918, 0.90019, 0.89735, 0.89461, 0.90094, 0.90157, 1.0731, 
1.4995, 1.1914, 1.4083, 2.0917, 2.2112, 2.3647, 2.8245, 3.0862, 
3.5771, 4.3606, 1110.7, 1283.4, 1018.4, 1085.1, 1564, 1556.8, 
1552.5, 1662.6, 1794.5, 1967.1, 2042.5, 181, 71, 1792, 1024, 
1055, 2324, 2431, 125, 854, 2465, 2251, 2, 1, 2, 1, 1, 1, 1, 
1, 1, 1, 1, 100, 100, 100, 100, 100, 100, 100, 100, 100, 100, 
100, 2500, 2500, 2500, 2500, 2500, 2500, 2500, 2500, 2500, 2500, 
2500, 61876.013, 67343.196, 78680.682, 85283.956, 101173.816, 
116937.927, 131836.387, 146867.567, 168337.184, 172577.332, 181819.571, 
1, 1, 1, 1, 1, 1, 1, 1, 1, 1, 1, 0.2, 0.2, 0.2, 0.2, 0.2, 0.2, 
0.2, 0.2, 0.2, 0.2, 0.2, 0, 0, 0, 0, 0, 0, 0, 0, 0, 0, 0, 0, 
0, 0, 0, 0, 0, 0, 0, 0, 0, 0, 0.84211, 0.83693, 0.84126, 0.84235, 
0.84145, 0.84264, 0.84367, 0.84394, 0.84315, 0.84283, 0.84485, 
0.84433, 0.83726, 0.83909, 0.84719, 0.84039, 0.84313, 0.84042, 
0.84176, 0.84253, 0.84185, 0.84541, 0.754, 0.9616, 1.0952, 1.2554, 
1.4452, 1.6079, 1.8671, 2.0584, 2.262, 2.5182, 2.7998, 927.3, 
1018.3, 1109, 1195.3, 1280.5, 1347.5, 1422.9, 1507.5, 1594.4, 
1683.4, 1757.8, 1, 1, 1, 1, 1, 1, 1, 1, 1, 1, 1, 1, 1, 1, 1, 
1, 1, 1, 1, 1, 1, 1, 1, 1, 1, 1, 1, 1, 1, 1, 1, 1, 1, 1, 1, 1, 
1, 1, 1, 1, 1, 1, 1, 1, 11.738, 13.697, 14.863, 16.467, 18.394, 
20.158, 22.97, 26.883, 29.048, 30.054, 35.493), .Dim = c(11L, 
40L), .Dimnames = list(NULL, c("Sampling", "PSO.cost", "PSO.gamma", 
"PSO.data.balancing", "PSO.feature.selection", "PSO.valid.acc", 
"PSO.test.acc", "PSO.train.time", "PSO.n.support.vectors", "PSO.index", 
"PSO.n.solutions", "PSO.generations", "PSO.n.evaluations", "PSO.cpu.time", 
"RS.cost", "RS.gamma", "RS.data.balancing", "RS.feature.selection", 
"RS.valid.acc", "RS.test.acc", "RS.train.time", "RS.n.support.vectors", 
"RS.index", "RS.n.solutions", "RS.generations", "RS.n.evaluations", 
"RS.cpu.time", "DF.cost", "DF.gamma", "DF.data.balancing", "DF.feature.selection", 
"DF.valid.acc", "DF.test.acc", "DF.train.time", "DF.n.support.vectors", 
"DF.index", "DF.n.solutions", "DF.generations", "DF.n.evaluations", 
"DF.cpu.time")))
