full <-
structure(c(50, 55, 60, 65, 70, 75, 80, 85, 90, 95, 100, 3.88145, 
2.35569, 2.46128, 1.27959, 2.97464, 2.94867, 2.31809, 0.37264, 
0.89028, 1.67708, 2.18112, 1.36816, 1.3038, 1.33267, 2.08123, 
1.62861, 2.21148, 2.21248, 2.8002, 2.9229, 2.34708, 2.29814, 
0, 0, 0, 0, 0, 0, 0, 0, 0, 0, 0, 0, 0, 0, 0, 0, 0, 0, 0, 0, 0, 
0, 0.87695, 0.88276, 0.88357, 0.88085, 0.88091, 0.88882, 0.8893, 
0.89146, 0.89645, 0.89723, 0.90343, 0.87584, 0.87805, 0.87955, 
0.87771, 0.87931, 0.88982, 0.88652, 0.89168, 0.8911, 0.89469, 
0.90158, 1.4672, 1.5617, 1.628, 1.7426, 1.8865, 2.5378, 2.3142, 
2.968, 3.9374, 3.6037, 4.2984, 883.8, 989.3, 1060.7, 1475.7, 
1257.3, 1556.3, 1660.3, 2223.5, 2321.3, 1984.8, 1976.7, 1144, 
1804, 2286, 1578, 1962, 2461, 1096, 1059, 1494, 741, 511, 51, 
1, 2, 36, 4, 23, 5, 30, 34, 331, 335, 100, 100, 100, 100, 100, 
100, 100, 100, 100, 100, 100, 2500, 2500, 2500, 2500, 2500, 2500, 
2500, 2500, 2500, 2500, 2500, 60738.021, 66365.805, 66997.964, 
61711.882, 57464.3409999999, 70466.823, 85745.78, 92611.8969999999, 
126149.618, 111465.477, 115608.732, 3.57109, 1.70147, 1.98575, 
2.63948, 3.07779, 2.57917, 1.8738, 0.46176, 0.80953, 1.63059, 
2.4725, 1.18019, 1.03345, 1.50238, 2.05648, 1.59514, 1.82912, 
1.80533, 2.43938, 2.96627, 2.10964, 2.47623, 0, 0, 0, 0, 0, 0, 
0, 0, 0, 0, 0, 0, 0, 0, 0, 0, 0, 0, 0, 0, 0, 0, 0.87547, 0.88142, 
0.88264, 0.87942, 0.88065, 0.88832, 0.8879, 0.89058, 0.89563, 
0.89625, 0.90213, 0.87323, 0.87772, 0.87986, 0.88171, 0.87931, 
0.88957, 0.8849, 0.8919, 0.89275, 0.8943, 0.8988, 1.3164, 1.4595, 
0.9645, 1.7199, 1.8013, 1.7891, 2.2798, 2.9342, 4.5677, 2.7404, 
4.3783, 848.6, 981.9, 1134.8, 1356.3, 1237.4, 1415.2, 1525.2, 
2026.9, 2355.2, 1862.5, 2052.9, 1584, 2109, 2042, 938, 52, 2066, 
445, 1928, 1197, 215, 57, 3, 1, 1, 1, 1, 1, 1, 1, 2, 1, 1, 100, 
100, 100, 100, 100, 100, 100, 100, 100, 100, 100, 2500, 2500, 
2500, 2500, 2500, 2500, 2500, 2500, 2500, 2500, 2500, 107073.12, 
121687.73, 101462.051, 111271.846, 124877.971, 133511.946, 153769.459, 
181321.86, 206582.722, 217457.494, 211412.721, 1, 1, 1, 1, 1, 
1, 1, 1, 1, 1, 1, 0.2, 0.2, 0.2, 0.2, 0.2, 0.2, 0.2, 0.2, 0.2, 
0.2, 0.2, 0, 0, 0, 0, 0, 0, 0, 0, 0, 0, 0, 0, 0, 0, 0, 0, 0, 
0, 0, 0, 0, 0, 0.83728, 0.84401, 0.8425, 0.84151, 0.83827, 0.84486, 
0.84482, 0.84286, 0.8452, 0.84126, 0.8443, 0.84433, 0.84368, 
0.84651, 0.84436, 0.83643, 0.84289, 0.84227, 0.84416, 0.84396, 
0.84263, 0.8443, 1.1004, 1.3038, 1.0662, 0.9149, 1.1036, 1.5087, 
1.5548, 1.9473, 2.2562, 2.9141, 2.0243, 913.5, 985, 1070.2, 1165.6, 
1265.9, 1353.3, 1429.4, 1525.1, 1603.1, 1680.6, 1756.8, 1, 1, 
1, 1, 1, 1, 1, 1, 1, 1, 1, 1, 1, 1, 1, 1, 1, 1, 1, 1, 1, 1, 1, 
1, 1, 1, 1, 1, 1, 1, 1, 1, 1, 1, 1, 1, 1, 1, 1, 1, 1, 1, 1, 1, 
19.833, 21.192, 15.724, 12.708, 15.325, 19.794, 20.504, 25.469, 
27.82, 35.994, 24.578), .Dim = c(11L, 40L), .Dimnames = list(
    NULL, c("Sampling", "PSO.cost", "PSO.gamma", "PSO.data.balancing", 
    "PSO.feature.selection", "PSO.valid.acc", "PSO.test.acc", 
    "PSO.train.time", "PSO.n.support.vectors", "PSO.index", "PSO.n.solutions", 
    "PSO.generations", "PSO.n.evaluations", "PSO.cpu.time", "RS.cost", 
    "RS.gamma", "RS.data.balancing", "RS.feature.selection", 
    "RS.valid.acc", "RS.test.acc", "RS.train.time", "RS.n.support.vectors", 
    "RS.index", "RS.n.solutions", "RS.generations", "RS.n.evaluations", 
    "RS.cpu.time", "DF.cost", "DF.gamma", "DF.data.balancing", 
    "DF.feature.selection", "DF.valid.acc", "DF.test.acc", "DF.train.time", 
    "DF.n.support.vectors", "DF.index", "DF.n.solutions", "DF.generations", 
    "DF.n.evaluations", "DF.cpu.time")))
