full <-
structure(c(50, 55, 60, 65, 70, 75, 80, 85, 90, 95, 100, 1.94666, 
1.54574, 1.39807, 1.96879, 2.18072, 2.92539, 1.25581, 4.3493, 
1.84156, 1.22935, 2.51295, 1.69024, 2.15637, 1.89905, 1.07377, 
1.82801, 1.98065, 2.40834, 1.55277, 2.61596, 2.57686, 1.7631, 
0, 0, 0, 0, 0, 0, 0, 0, 0, 0, 0, 0, 0, 0, 0, 0, 0, 0, 0, 0, 0, 
0, 0.88436, 0.88545, 0.89159, 0.89226, 0.89016, 0.8913, 0.88791, 
0.89364, 0.89707, 0.8984, 0.90251, 0.88438, 0.87972, 0.89066, 
0.88827, 0.8846, 0.8871, 0.88559, 0.89036, 0.8911, 0.89762, 0.89695, 
1.5471, 2.0999, 1.4901, 1.3323, 2.0937, 2.1922, 2.7458, 2.0861, 
3.9508, 3.8608, 2.9905, 1081.6, 1310.4, 1301, 1100.9, 1364.7, 
1433.6, 1833, 1314.2, 2045.9, 2156.8, 1687.1, 443, 1325, 1778, 
1780, 700, 1035, 1757, 1029, 655, 1448, 1762, 142, 150, 40, 19, 
33, 336, 37, 145, 329, 31, 4, 100, 100, 100, 100, 100, 100, 100, 
100, 100, 100, 100, 2500, 2500, 2500, 2500, 2500, 2500, 2500, 
2500, 2500, 2500, 2500, 70677.896, 80151.198, 71371.561, 50862.443, 
64150.2289999999, 67366.633, 80148.8010000002, 79618.023, 103148.612, 
108968.812, 100713.368, 1.97953, 3.54828, 1.43958, 2.65267, 1.36013, 
2.96786, 1.25914, 5.0778, 1.89693, 1.03327, 2.78625, 1.28041, 
2.22399, 1.86976, 0.85384, 1.45877, 1.72517, 2.31854, 1.49636, 
2.66619, 2.2947, 1.6519, 0, 0, 0, 0, 0, 0, 0, 0, 0, 0, 0, 0, 
0, 0, 0, 0, 0, 0, 0, 0, 0, 0, 0.88251, 0.88241, 0.89066, 0.88998, 
0.88884, 0.88908, 0.88675, 0.89255, 0.89605, 0.89743, 0.90102, 
0.88141, 0.87871, 0.89097, 0.88542, 0.88169, 0.8871, 0.88559, 
0.88753, 0.89049, 0.89723, 0.89843, 1.3852, 2.1188, 1.1184, 1.1355, 
1.4641, 1.7492, 2.5281, 2.3749, 3.8902, 3.0245, 3.5264, 968.1, 
1246.8, 1286.7, 1017.5, 1307.9, 1342.9, 1791.2, 1258.3, 2068.4, 
2031, 1620.4, 1929, 788, 2460, 358, 1814, 2440, 2215, 1681, 259, 
1516, 714, 2, 3, 1, 1, 2, 1, 1, 2, 1, 1, 1, 100, 100, 100, 100, 
100, 100, 100, 100, 100, 100, 100, 2500, 2500, 2500, 2500, 2500, 
2500, 2500, 2500, 2500, 2500, 2500, 111526.245, 127991.555, 103852.678, 
113740.16, 122763.486, 148140.038, 159260.276, 200292.849, 197893.615, 
206177.656, 197627.458, 1, 1, 1, 1, 1, 1, 1, 1, 1, 1, 1, 0.2, 
0.2, 0.2, 0.2, 0.2, 0.2, 0.2, 0.2, 0.2, 0.2, 0.2, 0, 0, 0, 0, 
0, 0, 0, 0, 0, 0, 0, 0, 0, 0, 0, 0, 0, 0, 0, 0, 0, 0, 0.82582, 
0.83019, 0.83602, 0.83437, 0.83642, 0.83819, 0.8409, 0.84155, 
0.84211, 0.84673, 0.843, 0.82766, 0.82985, 0.8348, 0.83579, 0.83696, 
0.83696, 0.84043, 0.84154, 0.8417, 0.84302, 0.84541, 1.1575, 
1.3162, 1.126, 1.2429, 1.6576, 1.6391, 1.5751, 1.6807, 1.8978, 
2.4144, 2.0459, 942.4, 1021.9, 1100.2, 1187.3, 1278.7, 1365.4, 
1444.6, 1533.9, 1609, 1682.1, 1756.7, 1, 1, 1, 1, 1, 1, 1, 1, 
1, 1, 1, 1, 1, 1, 1, 1, 1, 1, 1, 1, 1, 1, 1, 1, 1, 1, 1, 1, 1, 
1, 1, 1, 1, 1, 1, 1, 1, 1, 1, 1, 1, 1, 1, 1, 20.708, 20.798, 
15.81, 17.383, 22.522, 22.156, 20.617, 20.652, 24.246, 28.957, 
24.805), .Dim = c(11L, 40L), .Dimnames = list(NULL, c("Sampling", 
"PSO.cost", "PSO.gamma", "PSO.data.balancing", "PSO.feature.selection", 
"PSO.valid.acc", "PSO.test.acc", "PSO.train.time", "PSO.n.support.vectors", 
"PSO.index", "PSO.n.solutions", "PSO.generations", "PSO.n.evaluations", 
"PSO.cpu.time", "RS.cost", "RS.gamma", "RS.data.balancing", "RS.feature.selection", 
"RS.valid.acc", "RS.test.acc", "RS.train.time", "RS.n.support.vectors", 
"RS.index", "RS.n.solutions", "RS.generations", "RS.n.evaluations", 
"RS.cpu.time", "DF.cost", "DF.gamma", "DF.data.balancing", "DF.feature.selection", 
"DF.valid.acc", "DF.test.acc", "DF.train.time", "DF.n.support.vectors", 
"DF.index", "DF.n.solutions", "DF.generations", "DF.n.evaluations", 
"DF.cpu.time")))
