full <-
structure(c(50, 55, 60, 65, 70, 75, 80, 85, 90, 95, 100, 3.11812, 
3.04852, 1.88639, 2.30744, 2.92733, 2.74168, 1.34738, 4.17086, 
3.69814, 1.22368, 2.81718, 1.28907, 1.68125, 1.70558, 1.94367, 
1.52874, 1.93199, 2.19048, 1.44879, 2.14026, 2.21796, 1.3171, 
0, 0, 0, 0, 0, 0, 0, 0, 0, 0, 0, 0, 0, 0, 0, 0, 0, 0, 0, 0, 0, 
0, 0.87695, 0.88208, 0.88725, 0.89311, 0.88883, 0.89328, 0.89278, 
0.89691, 0.90284, 0.90425, 0.90047, 0.87509, 0.87601, 0.8851, 
0.89053, 0.88327, 0.89105, 0.88815, 0.89058, 0.90017, 0.90016, 
0.89545, 1.3811, 1.7494, 1.7155, 1.6697, 2.0078, 1.7014, 2.3809, 
2.4983, 3.0426, 3.2794, 2.7872, 911, 1073.3, 1232.7, 1354.7, 
1234.1, 1449.7, 1738.7, 1272.5, 1642.8, 1986.6, 1505.5, 1406, 
744, 1892, 785, 1091, 1734, 944, 1981, 668, 1567, 988, 19, 356, 
6, 129, 103, 3, 29, 8, 124, 1, 52, 100, 100, 100, 100, 100, 100, 
100, 100, 100, 100, 100, 2500, 2500, 2500, 2500, 2500, 2500, 
2500, 2500, 2500, 2500, 2500, 56365.749, 68012.861, 73357.504, 
63328.953, 56286.238, 68099.1710000001, 81065.6809999999, 79791.9270000001, 
94065.1240000001, 99577.0279999999, 101996.665, 3.01117, 3.13264, 
2.28017, 2.07905, 3.77247, 2.70435, 2.90987, 4.74358, 3.87096, 
1.15553, 2.52178, 1.28238, 0.76859, 1.35018, 2.13141, 1.14667, 
1.91281, 1.62417, 1.28777, 1.59731, 2.30513, 1.64306, 0, 0, 0, 
0, 0, 0, 0, 0, 0, 0, 0, 0, 0, 0, 0, 0, 0, 0, 0, 0, 0, 0, 0.87547, 
0.88072, 0.88478, 0.89196, 0.88645, 0.89254, 0.89255, 0.8956, 
0.9014, 0.90308, 0.89954, 0.87546, 0.87397, 0.88324, 0.88996, 
0.88221, 0.89229, 0.88885, 0.88993, 0.89811, 0.89918, 0.8999, 
1.3404, 1.4788, 1.0141, 1.7833, 1.7118, 2.1888, 2.0801, 2.4749, 
1.9305, 4.1836, 2.92, 915.4, 875.7, 1093.8, 1440.6, 1080.6, 1442.2, 
1363, 1196.2, 1378.5, 2035.5, 1637.2, 2263, 2490, 322, 472, 634, 
476, 2121, 352, 1513, 1279, 478, 1, 1, 1, 1, 1, 1, 1, 1, 1, 1, 
1, 100, 100, 100, 100, 100, 100, 100, 100, 100, 100, 100, 2500, 
2500, 2500, 2500, 2500, 2500, 2500, 2500, 2500, 2500, 2500, 102436.008, 
135925.018, 106354.36, 113538.001, 118988.821, 134363.354, 166460.056, 
179624.124, 201203.624, 211079.042, 235519.352, 1, 1, 1, 1, 1, 
1, 1, 1, 1, 1, 1, 0.2, 0.2, 0.2, 0.2, 0.2, 0.2, 0.2, 0.2, 0.2, 
0.2, 0.2, 0, 0, 0, 0, 0, 0, 0, 0, 0, 0, 0, 0, 0, 0, 0, 0, 0, 
0, 0, 0, 0, 0, 0.83617, 0.83927, 0.84186, 0.83923, 0.83642, 0.83991, 
0.84091, 0.8409, 0.84356, 0.84419, 0.84357, 0.8332, 0.83859, 
0.84339, 0.8358, 0.83722, 0.83991, 0.84392, 0.84177, 0.845, 0.84283, 
0.84301, 1.1105, 1.3337, 1.1899, 0.8907, 1.2532, 1.5396, 2.1215, 
1.9648, 2.5422, 2.0094, 2.334, 915.6, 997.2, 1078.1, 1163.8, 
1252.9, 1329.4, 1414.7, 1507.2, 1581.8, 1674, 1756.6, 1, 1, 1, 
1, 1, 1, 1, 1, 1, 1, 1, 1, 1, 1, 1, 1, 1, 1, 1, 1, 1, 1, 1, 1, 
1, 1, 1, 1, 1, 1, 1, 1, 1, 1, 1, 1, 1, 1, 1, 1, 1, 1, 1, 1, 18.512, 
22.217, 17.618, 12.513, 17.65, 20.256, 28.158, 24.799, 31.074, 
24.247, 28.521), .Dim = c(11L, 40L), .Dimnames = list(NULL, c("Sampling", 
"PSO.cost", "PSO.gamma", "PSO.data.balancing", "PSO.feature.selection", 
"PSO.valid.acc", "PSO.test.acc", "PSO.train.time", "PSO.n.support.vectors", 
"PSO.index", "PSO.n.solutions", "PSO.generations", "PSO.n.evaluations", 
"PSO.cpu.time", "RS.cost", "RS.gamma", "RS.data.balancing", "RS.feature.selection", 
"RS.valid.acc", "RS.test.acc", "RS.train.time", "RS.n.support.vectors", 
"RS.index", "RS.n.solutions", "RS.generations", "RS.n.evaluations", 
"RS.cpu.time", "DF.cost", "DF.gamma", "DF.data.balancing", "DF.feature.selection", 
"DF.valid.acc", "DF.test.acc", "DF.train.time", "DF.n.support.vectors", 
"DF.index", "DF.n.solutions", "DF.generations", "DF.n.evaluations", 
"DF.cpu.time")))
