full <-
structure(c(50, 55, 60, 65, 70, 75, 80, 85, 90, 95, 100, 1.81111, 
4.25538, 2.78366, 3.53427, 4.00243, 2.16624, 4.06654, 2.6621, 
3.8692, 1.0176, 1.91767, 0.95133, -0.00082, 1.38281, 0.51141, 
0.11315, 1.46547, 0.81253, 1.37714, 1.48896, 2.31447, 2.46634, 
0, 0, 0, 0, 0, 0, 0, 0, 0, 0, 0, 0, 0, 0, 0, 0, 0, 0, 0, 0, 0, 
0, 0.88026, 0.88612, 0.88542, 0.89281, 0.89121, 0.89354, 0.89903, 
0.90192, 0.89687, 0.89899, 0.90381, 0.87434, 0.87906, 0.878, 
0.88825, 0.88592, 0.88662, 0.89486, 0.89625, 0.88904, 0.89704, 
0.89806, 1.2621, 1.4181, 1.9366, 1.143, 1.5181, 1.8181, 1.95, 
2.2134, 2.2079, 3.5706, 4.0979, 910.9, 750.9, 1064.9, 930.2, 
925.1, 1316.5, 1099.2, 1359.6, 1365.7, 2058.5, 2097.3, 967, 1296, 
1062, 1338, 1417, 856, 1132, 2055, 1506, 808, 1723, 199, 1, 46, 
58, 42, 108, 32, 109, 15, 332, 12, 100, 100, 100, 100, 100, 100, 
100, 100, 100, 100, 100, 2500, 2500, 2500, 2500, 2500, 2500, 
2500, 2500, 2500, 2500, 2500, 57473.968, 69078.19, 62509.591, 
49060.306, 53027.606, 67925.384, 62922.787, 74168.933, 79616.878, 
110955.421, 123182.62, 0.80105, 2.87754, 2.92639, 4.30956, 3.64166, 
1.83321, 4.39581, 2.21376, 2.01661, 1.31637, 1.76184, 1.39745, 
0.59304, 1.23593, 0.16391, 0.25986, 1.8444, 0.66758, 1.61535, 
1.67646, 2.43758, 2.48537, 0, 0, 0, 0, 0, 0, 0, 0, 0, 0, 0, 0, 
0, 0, 0, 0, 0, 0, 0, 0, 0, 0, 0.87877, 0.88511, 0.88326, 0.88968, 
0.88936, 0.89255, 0.89834, 0.90061, 0.89625, 0.89782, 0.90158, 
0.87433, 0.88074, 0.87924, 0.88597, 0.88565, 0.88686, 0.89486, 
0.89581, 0.88863, 0.89646, 0.89843, 1.4208, 1.3713, 1.1958, 1.3073, 
1.3767, 2.1304, 2.0695, 2.0145, 2.7218, 3.7198, 4.3421, 1069.6, 
857.5, 1022.8, 865.3, 949.2, 1476.2, 1064.9, 1476.3, 1581.7, 
2087.7, 2126.9, 414, 1932, 2030, 2135, 1257, 2455, 1326, 689, 
2456, 1479, 746, 1, 1, 1, 1, 1, 1, 1, 1, 1, 1, 1, 100, 100, 100, 
100, 100, 100, 100, 100, 100, 100, 100, 2500, 2500, 2500, 2500, 
2500, 2500, 2500, 2500, 2500, 2500, 2500, 120956.361, 124516.802, 
105392.349, 104780.593, 120268.608, 137839.536, 171935.832, 172555.433, 
198014.592, 203194.232, 224489.145, 1, 1, 1, 1, 1, 1, 1, 1, 1, 
1, 1, 0.2, 0.2, 0.2, 0.2, 0.2, 0.2, 0.2, 0.2, 0.2, 0.2, 0.2, 
0, 0, 0, 0, 0, 0, 0, 0, 0, 0, 0, 0, 0, 0, 0, 0, 0, 0, 0, 0, 0, 
0, 0.83393, 0.84032, 0.83972, 0.8415, 0.83775, 0.83475, 0.84437, 
0.84831, 0.84253, 0.84438, 0.84171, 0.83615, 0.83627, 0.84002, 
0.84007, 0.83907, 0.83895, 0.84437, 0.84788, 0.84376, 0.8432, 
0.84245, 1.0982, 1.2989, 1.189, 0.9593, 1.1932, 1.5446, 1.7027, 
1.7857, 1.9194, 2.2156, 2.8984, 919.6, 987.7, 1077, 1154.3, 1244.4, 
1331.4, 1415.2, 1487, 1572.3, 1673.1, 1754.6, 1, 1, 1, 1, 1, 
1, 1, 1, 1, 1, 1, 1, 1, 1, 1, 1, 1, 1, 1, 1, 1, 1, 1, 1, 1, 1, 
1, 1, 1, 1, 1, 1, 1, 1, 1, 1, 1, 1, 1, 1, 1, 1, 1, 1, 18.33, 
20.537, 17.083, 13.891, 16.497, 20.068, 22.305, 22.948, 24.162, 
28.382, 34.669), .Dim = c(11L, 40L), .Dimnames = list(NULL, c("Sampling", 
"PSO.cost", "PSO.gamma", "PSO.data.balancing", "PSO.feature.selection", 
"PSO.valid.acc", "PSO.test.acc", "PSO.train.time", "PSO.n.support.vectors", 
"PSO.index", "PSO.n.solutions", "PSO.generations", "PSO.n.evaluations", 
"PSO.cpu.time", "RS.cost", "RS.gamma", "RS.data.balancing", "RS.feature.selection", 
"RS.valid.acc", "RS.test.acc", "RS.train.time", "RS.n.support.vectors", 
"RS.index", "RS.n.solutions", "RS.generations", "RS.n.evaluations", 
"RS.cpu.time", "DF.cost", "DF.gamma", "DF.data.balancing", "DF.feature.selection", 
"DF.valid.acc", "DF.test.acc", "DF.train.time", "DF.n.support.vectors", 
"DF.index", "DF.n.solutions", "DF.generations", "DF.n.evaluations", 
"DF.cpu.time")))
