full <-
structure(c(50, 55, 60, 65, 70, 75, 80, 85, 90, 95, 100, 1.17793, 
2.58263, 1.59919, 1.41908, 2.60719, 3.39469, 2.25479, 2.71113, 
1.79046, 1.27874, 0.94222, 1.7751, 1.74793, 1.53991, 2.03362, 
0.96048, 1.59396, 1.64393, 2.37584, 2.29977, 2.38148, 2.41145, 
0, 0, 0, 0, 0, 0, 0, 0, 0, 0, 0, 0, 0, 0, 0, 0, 0, 0, 0, 0, 0, 
0, 0.88806, 0.88242, 0.88665, 0.8877, 0.88565, 0.89081, 0.89787, 
0.89472, 0.89975, 0.8984, 0.89805, 0.88066, 0.87535, 0.8814, 
0.88342, 0.88486, 0.8871, 0.89092, 0.89516, 0.89667, 0.89723, 
0.89768, 1.5755, 1.7968, 1.6172, 1.7569, 1.5721, 1.8241, 1.9124, 
3.3415, 3.6497, 3.3067, 4.2928, 1136.4, 1121.3, 1178, 1438.5, 
1083.9, 1271.2, 1425, 1765.9, 1885.4, 2067.4, 2184.6, 715, 1471, 
1034, 1952, 629, 1165, 1472, 891, 648, 1039, 1665, 240, 193, 
22, 3, 174, 32, 54, 340, 226, 182, 71, 100, 100, 100, 100, 100, 
100, 100, 100, 100, 100, 100, 2500, 2500, 2500, 2500, 2500, 2500, 
2500, 2500, 2500, 2500, 2500, 61480.548, 70826.273, 68338.206, 
58666.341, 51761.027, 70653.531, 75654.432, 88203.0079999999, 
96499.1899999999, 109608.355, 120227.171, 1.53101, 2.39993, 1.48307, 
1.75549, 2.478, 3.34362, 3.62967, 2.48258, 1.92468, 2.77542, 
2.42385, 1.6407, 1.89592, 1.79091, 2.42787, 0.99849, 1.60275, 
1.50634, 2.40692, 2.23243, 1.76554, 1.47026, 0, 0, 0, 0, 0, 0, 
0, 0, 0, 0, 0, 0, 0, 0, 0, 0, 0, 0, 0, 0, 0, 0, 0.88732, 0.88074, 
0.88603, 0.88513, 0.88486, 0.89032, 0.89648, 0.89298, 0.89893, 
0.89723, 0.89731, 0.88177, 0.87569, 0.88202, 0.88398, 0.88539, 
0.88661, 0.89323, 0.89516, 0.89708, 0.8947, 0.89972, 1.4776, 
1.8588, 1.61, 1.7176, 1.4666, 1.6376, 1.8806, 2.7788, 3.2742, 
3.0391, 2.9447, 1071.7, 1176.3, 1262.5, 1580.6, 1098.4, 1278.1, 
1280.9, 1798.8, 1837.5, 1612.8, 1592.4, 562, 256, 1856, 1412, 
755, 792, 1196, 1324, 2418, 1107, 289, 1, 1, 1, 1, 1, 1, 1, 1, 
2, 1, 1, 100, 100, 100, 100, 100, 100, 100, 100, 100, 100, 100, 
2500, 2500, 2500, 2500, 2500, 2500, 2500, 2500, 2500, 2500, 2500, 
113552.282, 120710.621, 105809.834, 114325.528, 120065.74, 142436.148, 
150137.168, 184535.134, 189853.475, 223254.398, 229176.618, 1, 
1, 1, 1, 1, 1, 1, 1, 1, 1, 1, 0.2, 0.2, 0.2, 0.2, 0.2, 0.2, 0.2, 
0.2, 0.2, 0.2, 0.2, 0, 0, 0, 0, 0, 0, 0, 0, 0, 0, 0, 0, 0, 0, 
0, 0, 0, 0, 0, 0, 0, 0, 0.83139, 0.82717, 0.83136, 0.83751, 0.84065, 
0.84016, 0.84321, 0.84263, 0.84417, 0.84028, 0.84522, 0.83102, 
0.83054, 0.83352, 0.83808, 0.8425, 0.84091, 0.83951, 0.84241, 
0.84272, 0.84067, 0.84318, 1.138, 1.3654, 0.9449, 1.2778, 1.0415, 
1.4486, 1.5479, 2.0493, 2.2584, 2.9545, 2.0291, 939.3, 1038.3, 
1110.3, 1182, 1261.7, 1346.9, 1427.4, 1514, 1612.2, 1692.1, 1757.5, 
1, 1, 1, 1, 1, 1, 1, 1, 1, 1, 1, 1, 1, 1, 1, 1, 1, 1, 1, 1, 1, 
1, 1, 1, 1, 1, 1, 1, 1, 1, 1, 1, 1, 1, 1, 1, 1, 1, 1, 1, 1, 1, 
1, 1, 19.376, 21.642, 14.849, 17.248, 14.403, 20.223, 20.241, 
26.462, 28.071, 36.808, 24.752), .Dim = c(11L, 40L), .Dimnames = list(
    NULL, c("Sampling", "PSO.cost", "PSO.gamma", "PSO.data.balancing", 
    "PSO.feature.selection", "PSO.valid.acc", "PSO.test.acc", 
    "PSO.train.time", "PSO.n.support.vectors", "PSO.index", "PSO.n.solutions", 
    "PSO.generations", "PSO.n.evaluations", "PSO.cpu.time", "RS.cost", 
    "RS.gamma", "RS.data.balancing", "RS.feature.selection", 
    "RS.valid.acc", "RS.test.acc", "RS.train.time", "RS.n.support.vectors", 
    "RS.index", "RS.n.solutions", "RS.generations", "RS.n.evaluations", 
    "RS.cpu.time", "DF.cost", "DF.gamma", "DF.data.balancing", 
    "DF.feature.selection", "DF.valid.acc", "DF.test.acc", "DF.train.time", 
    "DF.n.support.vectors", "DF.index", "DF.n.solutions", "DF.generations", 
    "DF.n.evaluations", "DF.cpu.time")))
