full <-
structure(c(50, 55, 60, 65, 70, 75, 80, 85, 90, 95, 100, 2.72717, 
2.40073, 2.64346, 2.51823, 2.08113, 3.02123, 2.48321, 1.50513, 
1.75318, 1.21461, 3.85505, 0.42901, 1.53992, 0.42852, 1.59668, 
1.79722, 1.30369, 1.56939, 2.29958, 2.8346, 2.88652, 1.37744, 
0, 0, 0, 0, 0, 0, 0, 0, 0, 0, 0, 0, 0, 0, 0, 0, 0, 0, 0, 0, 0, 
0, 0.87472, 0.87635, 0.88171, 0.88199, 0.88803, 0.89057, 0.89091, 
0.8956, 0.90098, 0.89977, 0.90121, 0.87027, 0.86826, 0.87924, 
0.87516, 0.88697, 0.88563, 0.88628, 0.88972, 0.89604, 0.89314, 
0.9014, 1.1805, 1.6901, 1.3427, 1.1611, 1.8344, 1.7084, 1.7168, 
3.1277, 4.225, 4.4268, 3.2466, 797.4, 1067.5, 914.4, 1222.9, 
1369.9, 1208.8, 1386.9, 1834.4, 2176.7, 2351.8, 1430.8, 968, 
1673, 1015, 887, 2080, 1181, 965, 1536, 773, 1709, 1048, 175, 
22, 153, 61, 4, 39, 108, 62, 267, 11, 90, 100, 100, 100, 100, 
100, 100, 100, 100, 100, 100, 100, 2500, 2500, 2500, 2500, 2500, 
2500, 2500, 2500, 2500, 2500, 2500, 56532.001, 67650.553, 58441.438, 
54055.093, 63451.0260000001, 65074.077, 68972.7280000001, 87488.3559999999, 
121048.976, 123840.357, 94634.1359999999, 2.82894, 2.41956, 2.04798, 
2.47988, 3.37892, 3.08239, 2.34039, 1.66816, 1.71451, 1.7185, 
4.37525, 0.33205, 1.43764, 0.53897, 1.58369, 1.35277, 1.25365, 
1.44611, 2.00216, 2.92285, 2.13487, 1.10948, 0, 0, 0, 0, 0, 0, 
0, 0, 0, 0, 0, 0, 0, 0, 0, 0, 0, 0, 0, 0, 0, 0, 0.87287, 0.87466, 
0.87955, 0.88142, 0.88645, 0.88983, 0.88975, 0.89451, 0.89954, 
0.89801, 0.89992, 0.86916, 0.86657, 0.87832, 0.87545, 0.88645, 
0.8844, 0.88674, 0.88994, 0.89481, 0.89353, 0.8988, 1.138, 1.6186, 
1.2866, 1.703, 1.814, 1.751, 2.0775, 2.4548, 4.7028, 3.5572, 
2.1889, 785, 1037, 963.8, 1220.7, 1146.4, 1193.7, 1358, 1681.9, 
2236.7, 1878.7, 1330, 2303, 198, 1908, 155, 1886, 865, 1236, 
425, 1266, 1399, 1400, 2, 2, 1, 1, 1, 1, 1, 1, 1, 1, 1, 100, 
100, 100, 100, 100, 100, 100, 100, 100, 100, 100, 2500, 2500, 
2500, 2500, 2500, 2500, 2500, 2500, 2500, 2500, 2500, 124216.52, 
130765.339, 112126.533, 117926.577, 127970.434, 149819.628, 157086.036, 
181820.527, 191270.655, 220114.843, 218915.505, 1, 1, 1, 1, 1, 
1, 1, 1, 1, 1, 1, 0.2, 0.2, 0.2, 0.2, 0.2, 0.2, 0.2, 0.2, 0.2, 
0.2, 0.2, 0, 0, 0, 0, 0, 0, 0, 0, 0, 0, 0, 0, 0, 0, 0, 0, 0, 
0, 0, 0, 0, 0, 0.83025, 0.83456, 0.8357, 0.83411, 0.83959, 0.84117, 
0.84229, 0.8385, 0.84294, 0.84574, 0.84392, 0.82691, 0.83591, 
0.83632, 0.84038, 0.8351, 0.84116, 0.83974, 0.83763, 0.84335, 
0.84516, 0.84615, 1.1236, 1.3753, 1.1532, 1.3873, 1.6442, 1.587, 
2.1204, 1.914, 2.2415, 2.3912, 2.0371, 945.3, 1031.2, 1113.2, 
1198.3, 1289.4, 1360.6, 1445.4, 1532.2, 1602.8, 1683.4, 1758.9, 
1, 1, 1, 1, 1, 1, 1, 1, 1, 1, 1, 1, 1, 1, 1, 1, 1, 1, 1, 1, 1, 
1, 1, 1, 1, 1, 1, 1, 1, 1, 1, 1, 1, 1, 1, 1, 1, 1, 1, 1, 1, 1, 
1, 1, 18.663, 23.659, 16.825, 20.095, 23.258, 22.179, 26.857, 
24.809, 28.311, 28.883, 24.043), .Dim = c(11L, 40L), .Dimnames = list(
    NULL, c("Sampling", "PSO.cost", "PSO.gamma", "PSO.data.balancing", 
    "PSO.feature.selection", "PSO.valid.acc", "PSO.test.acc", 
    "PSO.train.time", "PSO.n.support.vectors", "PSO.index", "PSO.n.solutions", 
    "PSO.generations", "PSO.n.evaluations", "PSO.cpu.time", "RS.cost", 
    "RS.gamma", "RS.data.balancing", "RS.feature.selection", 
    "RS.valid.acc", "RS.test.acc", "RS.train.time", "RS.n.support.vectors", 
    "RS.index", "RS.n.solutions", "RS.generations", "RS.n.evaluations", 
    "RS.cpu.time", "DF.cost", "DF.gamma", "DF.data.balancing", 
    "DF.feature.selection", "DF.valid.acc", "DF.test.acc", "DF.train.time", 
    "DF.n.support.vectors", "DF.index", "DF.n.solutions", "DF.generations", 
    "DF.n.evaluations", "DF.cpu.time")))
