full <-
structure(c(50, 55, 60, 65, 70, 75, 80, 85, 90, 95, 100, 2.40519, 
2.09341, 1.42604, 2.49452, 5.01247, 2.44317, 3.72233, 2.70008, 
4.95989, 3.92732, 1.24837, 0.68446, 1.44669, 1.03287, 0.78602, 
0.66498, 1.78537, 1.78607, 2.02911, 0.79683, 1.28349, 2.98935, 
0, 0, 0, 0, 0, 0, 0, 0, 0, 0, 0, 0, 0, 0, 0, 0, 0, 0, 0, 0, 0, 
0, 0.8836, 0.88648, 0.88512, 0.88569, 0.89042, 0.895, 0.89486, 
0.89887, 0.89686, 0.9027, 0.90121, 0.8721, 0.88141, 0.87618, 
0.8797, 0.88117, 0.89179, 0.88999, 0.89495, 0.89006, 0.90074, 
0.8975, 1.1832, 1.6429, 1.5973, 1.4479, 1.4513, 1.769, 2.0403, 
2.2169, 2.5198, 2.9184, 5.22, 829.7, 1055.9, 1074, 1022.6, 939.3, 
1395.6, 1360, 1590.5, 1154.2, 1351, 2504, 860, 981, 664, 794, 
1079, 1485, 1870, 1144, 2159, 1300, 1128, 92, 267, 192, 320, 
48, 60, 159, 46, 4, 36, 174, 100, 100, 100, 100, 100, 100, 100, 
100, 100, 100, 100, 2500, 2500, 2500, 2500, 2500, 2500, 2500, 
2500, 2500, 2500, 2500, 55754.554, 65915.249, 62925.324, 49041.613, 
58982.541, 67000.018, 72717.888, 87541.5589999999, 89605.3570000001, 
87453.8740000001, 151633.691, 2.13521, 1.62074, 1.70049, 2.64561, 
6.44097, 2.24103, 2.61641, 2.27285, 4.59795, 3.22637, 1.63699, 
0.79995, 1.64606, 0.87067, 0.69605, 0.21727, 1.72627, 1.84006, 
2.0884, 0.95587, 1.33437, 2.07717, 0, 0, 0, 0, 0, 0, 0, 0, 0, 
0, 0, 0, 0, 0, 0, 0, 0, 0, 0, 0, 0, 0, 0.88212, 0.88311, 0.8842, 
0.88455, 0.88883, 0.89352, 0.89324, 0.89669, 0.8946, 0.90152, 
0.90009, 0.87247, 0.88344, 0.87432, 0.88027, 0.88169, 0.89006, 
0.89162, 0.89582, 0.8913, 0.90074, 0.89676, 1.2022, 1.7601, 1.0161, 
1.1427, 1.634, 1.5529, 2.0788, 2.6705, 2.8698, 2.3506, 2.6336, 
862, 1142.4, 1029.8, 999.8, 842.9, 1389.8, 1460.9, 1653.5, 1195.7, 
1421.4, 1925.6, 781, 1313, 913, 637, 2189, 870, 719, 72, 2014, 
1690, 1804, 1, 1, 1, 2, 1, 1, 1, 1, 1, 1, 2, 100, 100, 100, 100, 
100, 100, 100, 100, 100, 100, 100, 2500, 2500, 2500, 2500, 2500, 
2500, 2500, 2500, 2500, 2500, 2500, 113074.776, 133334.865, 109271.556, 
115028.914, 127129.617, 155955.599, 164639.24, 187830.383, 201794.99, 
224528.322, 221448.739, 1, 1, 1, 1, 1, 1, 1, 1, 1, 1, 1, 0.2, 
0.2, 0.2, 0.2, 0.2, 0.2, 0.2, 0.2, 0.2, 0.2, 0.2, 0, 0, 0, 0, 
0, 0, 0, 0, 0, 0, 0, 0, 0, 0, 0, 0, 0, 0, 0, 0, 0, 0, 0.84247, 
0.83863, 0.83818, 0.83668, 0.83458, 0.8409, 0.8365, 0.84024, 
0.84272, 0.84283, 0.84228, 0.84025, 0.84335, 0.84034, 0.8361, 
0.8375, 0.83992, 0.83882, 0.84155, 0.84025, 0.84322, 0.84357, 
1.1109, 1.3107, 0.8857, 1.385, 1.4275, 1.6079, 1.5304, 1.9274, 
2.3774, 2.7084, 2.0727, 936.5, 1015.5, 1105.4, 1189.1, 1272.1, 
1342.5, 1424.1, 1513.5, 1598.6, 1678.1, 1755.9, 1, 1, 1, 1, 1, 
1, 1, 1, 1, 1, 1, 1, 1, 1, 1, 1, 1, 1, 1, 1, 1, 1, 1, 1, 1, 1, 
1, 1, 1, 1, 1, 1, 1, 1, 1, 1, 1, 1, 1, 1, 1, 1, 1, 1, 18.194, 
20.046, 12.911, 19.353, 19.255, 21.359, 19.187, 24.728, 28.708, 
34.082, 25.925), .Dim = c(11L, 40L), .Dimnames = list(NULL, c("Sampling", 
"PSO.cost", "PSO.gamma", "PSO.data.balancing", "PSO.feature.selection", 
"PSO.valid.acc", "PSO.test.acc", "PSO.train.time", "PSO.n.support.vectors", 
"PSO.index", "PSO.n.solutions", "PSO.generations", "PSO.n.evaluations", 
"PSO.cpu.time", "RS.cost", "RS.gamma", "RS.data.balancing", "RS.feature.selection", 
"RS.valid.acc", "RS.test.acc", "RS.train.time", "RS.n.support.vectors", 
"RS.index", "RS.n.solutions", "RS.generations", "RS.n.evaluations", 
"RS.cpu.time", "DF.cost", "DF.gamma", "DF.data.balancing", "DF.feature.selection", 
"DF.valid.acc", "DF.test.acc", "DF.train.time", "DF.n.support.vectors", 
"DF.index", "DF.n.solutions", "DF.generations", "DF.n.evaluations", 
"DF.cpu.time")))
