full <-
structure(c(50, 55, 60, 65, 70, 75, 80, 85, 90, 95, 100, 5.71178, 
2.53126, 2.23434, 2.16599, 1.66843, 1.76465, 2.08743, 1.66897, 
1.56888, 2.16428, 1.41646, -0.81576, 0.87677, 0.87176, 1.81011, 
2.083, 2.43333, 1.43929, 2.59621, 2.45426, 2.00678, 2.29239, 
0, 0, 0, 0, 0, 0, 0, 0, 0, 0, 0, 0, 0, 0, 0, 0, 0, 0, 0, 0, 0, 
0, 0.88066, 0.88949, 0.88359, 0.88681, 0.88776, 0.89107, 0.89441, 
0.89646, 0.8979, 0.90328, 0.90306, 0.87361, 0.88747, 0.87895, 
0.88253, 0.88644, 0.8839, 0.89186, 0.89254, 0.89543, 0.9064, 
0.89972, 0.9204, 1.0283, 1.2459, 1.6805, 2.0615, 2.6732, 2.0514, 
3.3885, 3.8064, 3.4305, 2.9232, 647, 918.3, 1003.5, 1312.1, 1530.4, 
1743.3, 1380.7, 1988.5, 2022.8, 1776.4, 2068, 2003, 2314, 1116, 
1264, 1859, 974, 1039, 569, 1181, 1773, 1706, 51, 1, 31, 120, 
40, 104, 202, 526, 113, 9, 18, 100, 100, 100, 100, 100, 100, 
100, 100, 100, 100, 100, 2500, 2500, 2500, 2500, 2500, 2500, 
2500, 2500, 2500, 2500, 2500, 44458.818, 40640.648, 55866.167, 
55250.978, 74903.0869999999, 80324.456, 71600.75, 102557.26, 
115597.319, 104655.548, 120110.641, 4.82221, 2.49968, 4.892, 
1.97494, 1.3781, 2.65262, 0.89057, 2.1142, 2.5764, 1.59495, 1.24962, 
-0.53289, 0.86447, -0.09321, 1.72499, 2.31151, 2.50725, 2.34625, 
2.22397, 2.53401, 2.58261, 2.29797, 0, 0, 0, 0, 0, 0, 0, 0, 0, 
0, 0, 0, 0, 0, 0, 0, 0, 0, 0, 0, 0, 0, 0.8777, 0.88915, 0.88204, 
0.8851, 0.88617, 0.89032, 0.89302, 0.89472, 0.89708, 0.90172, 
0.90176, 0.87287, 0.8878, 0.87771, 0.87968, 0.88697, 0.88069, 
0.8951, 0.89319, 0.89214, 0.90523, 0.90028, 0.901, 1.0879, 1.1681, 
1.6066, 2.2252, 2.7287, 2.8629, 3.0703, 3.9098, 3.0459, 4.1793, 
673.1, 917.4, 789.8, 1299, 1647.9, 1711.9, 1859.9, 1746.8, 1975.1, 
2141.3, 2092.2, 2489, 2162, 205, 314, 589, 1627, 2319, 1537, 
2415, 577, 691, 1, 1, 1, 1, 1, 1, 1, 1, 1, 1, 1, 100, 100, 100, 
100, 100, 100, 100, 100, 100, 100, 100, 2500, 2500, 2500, 2500, 
2500, 2500, 2500, 2500, 2500, 2500, 2500, 67608.094, 74768.981, 
84652.193, 94075.16, 110708.758, 121130.39, 131458.549, 154193.329, 
165194.474, 162979.032, 208706.026, 1, 1, 1, 1, 1, 1, 1, 1, 1, 
1, 1, 0.2, 0.2, 0.2, 0.2, 0.2, 0.2, 0.2, 0.2, 0.2, 0.2, 0.2, 
0, 0, 0, 0, 0, 0, 0, 0, 0, 0, 0, 0, 0, 0, 0, 0, 0, 0, 0, 0, 0, 
0, 0.83395, 0.83861, 0.84188, 0.83608, 0.838, 0.84685, 0.84392, 
0.84503, 0.84501, 0.84613, 0.84393, 0.83581, 0.83827, 0.84126, 
0.83664, 0.83905, 0.8424, 0.84182, 0.84655, 0.84233, 0.84574, 
0.8456, 0.8908, 1.0727, 1.1137, 1.2428, 1.4492, 1.6238, 1.8279, 
2.0659, 2.301, 1.8617, 2.906, 922.2, 996, 1091.4, 1178.7, 1260.1, 
1340.4, 1412.3, 1492.1, 1584.2, 1673.2, 1757, 1, 1, 1, 1, 1, 
1, 1, 1, 1, 1, 1, 1, 1, 1, 1, 1, 1, 1, 1, 1, 1, 1, 1, 1, 1, 1, 
1, 1, 1, 1, 1, 1, 1, 1, 1, 1, 1, 1, 1, 1, 1, 1, 1, 1, 15.735, 
17.294, 16.136, 16.262, 19.652, 20.407, 22.588, 26.647, 28.146, 
24.182, 36.664), .Dim = c(11L, 40L), .Dimnames = list(NULL, c("Sampling", 
"PSO.cost", "PSO.gamma", "PSO.data.balancing", "PSO.feature.selection", 
"PSO.valid.acc", "PSO.test.acc", "PSO.train.time", "PSO.n.support.vectors", 
"PSO.index", "PSO.n.solutions", "PSO.generations", "PSO.n.evaluations", 
"PSO.cpu.time", "RS.cost", "RS.gamma", "RS.data.balancing", "RS.feature.selection", 
"RS.valid.acc", "RS.test.acc", "RS.train.time", "RS.n.support.vectors", 
"RS.index", "RS.n.solutions", "RS.generations", "RS.n.evaluations", 
"RS.cpu.time", "DF.cost", "DF.gamma", "DF.data.balancing", "DF.feature.selection", 
"DF.valid.acc", "DF.test.acc", "DF.train.time", "DF.n.support.vectors", 
"DF.index", "DF.n.solutions", "DF.generations", "DF.n.evaluations", 
"DF.cpu.time")))
