full <-
structure(c(50, 55, 60, 65, 70, 75, 80, 85, 90, 95, 100, 4.56925, 
6.54398, 2.34684, 5.92152, 3.85046, 2.54405, 2.38608, 2.32611, 
3.32624, 2.03821, 0.97659, 0.322, -0.14183, 1.50135, 0.49388, 
1.58789, 2.04978, 2.19183, 2.0653, 1.6327, 2.34637, 2.81252, 
0, 0, 0, 0, 0, 0, 0, 0, 0, 0, 0, 0, 0, 0, 0, 0, 0, 0, 0, 0, 0, 
0, 0.8692, 0.87736, 0.8845, 0.88541, 0.8875, 0.89823, 0.89647, 
0.8956, 0.89892, 0.90074, 0.90602, 0.86253, 0.86995, 0.88202, 
0.87572, 0.88353, 0.896, 0.89137, 0.89167, 0.89811, 0.89762, 
0.89935, 0.8041, 1.047, 1.1937, 1.3782, 1.6893, 2.2784, 2.6605, 
2.8557, 2.6297, 3.8566, 5.0795, 718.4, 675.1, 1119.1, 824.6, 
1177, 1506.6, 1648.7, 1658.6, 1453.5, 1948.3, 2424.6, 1557, 1036, 
1318, 1800, 742, 1384, 539, 1116, 929, 1411, 916, 28, 25, 61, 
9, 427, 88, 172, 154, 142, 31, 114, 100, 100, 100, 100, 100, 
100, 100, 100, 100, 100, 100, 2500, 2500, 2500, 2500, 2500, 2500, 
2500, 2500, 2500, 2500, 2500, 29104.242, 34133.586, 42160.553, 
54105.059, 57126.079, 68958.3269999999, 82747.081, 83247.6959999999, 
80455.091, 109304.537, 149739.296, 5.36022, 2.86453, 2.31764, 
6.09503, 3.55251, 2.01148, 1.71186, 2.33812, 3.93433, 2.55916, 
0.93572, 0.26391, 0.94073, 1.58231, 0.45948, 1.79343, 1.82361, 
2.19993, 1.81997, 1.55538, 2.01021, 2.88827, 0, 0, 0, 0, 0, 0, 
0, 0, 0, 0, 0, 0, 0, 0, 0, 0, 0, 0, 0, 0, 0, 0, 0.86771, 0.87668, 
0.88358, 0.88399, 0.88618, 0.89749, 0.89462, 0.89321, 0.89769, 
0.89977, 0.9051, 0.86364, 0.87062, 0.8811, 0.87686, 0.88327, 
0.89403, 0.89345, 0.89255, 0.90016, 0.89606, 0.89768, 0.8343, 
0.919, 1.2286, 1.4179, 1.8086, 2.0805, 2.7285, 2.5529, 2.6022, 
3.3402, 5.4054, 687.9, 910.9, 1142.5, 816.6, 1266.3, 1454.5, 
1706.4, 1545.8, 1383.2, 1727.8, 2478.8, 172, 2175, 737, 724, 
1736, 217, 1513, 2396, 1886, 161, 1677, 1, 1, 1, 1, 1, 1, 1, 
1, 1, 1, 1, 100, 100, 100, 100, 100, 100, 100, 100, 100, 100, 
100, 2500, 2500, 2500, 2500, 2500, 2500, 2500, 2500, 2500, 2500, 
2500, 59827.918, 66094.176, 80865.237, 97680.217, 105972.497, 
104972.76, 138184.465, 147657.586, 168855.975, 180445.416, 211844.942, 
1, 1, 1, 1, 1, 1, 1, 1, 1, 1, 1, 0.2, 0.2, 0.2, 0.2, 0.2, 0.2, 
0.2, 0.2, 0.2, 0.2, 0.2, 0, 0, 0, 0, 0, 0, 0, 0, 0, 0, 0, 0, 
0, 0, 0, 0, 0, 0, 0, 0, 0, 0, 0.82581, 0.83053, 0.83323, 0.83323, 
0.83457, 0.83523, 0.83996, 0.83894, 0.84397, 0.84322, 0.84671, 
0.82285, 0.82716, 0.83014, 0.82981, 0.83431, 0.83967, 0.83718, 
0.84112, 0.84129, 0.844, 0.84208, 0.7585, 0.8959, 1.0642, 1.2893, 
1.4579, 1.6602, 1.8523, 2.0832, 2.3067, 2.791, 3.1291, 954.3, 
1037.4, 1112.4, 1204, 1279.9, 1364.2, 1440.9, 1518.1, 1590, 1676.5, 
1756.5, 1, 1, 1, 1, 1, 1, 1, 1, 1, 1, 1, 1, 1, 1, 1, 1, 1, 1, 
1, 1, 1, 1, 1, 1, 1, 1, 1, 1, 1, 1, 1, 1, 1, 1, 1, 1, 1, 1, 1, 
1, 1, 1, 1, 1, 10.567, 12.231, 13.993, 16.517, 18.401, 20.632, 
22.665, 24.974, 27.372, 33.551, 37.06), .Dim = c(11L, 40L), .Dimnames = list(
    NULL, c("Sampling", "PSO.cost", "PSO.gamma", "PSO.data.balancing", 
    "PSO.feature.selection", "PSO.valid.acc", "PSO.test.acc", 
    "PSO.train.time", "PSO.n.support.vectors", "PSO.index", "PSO.n.solutions", 
    "PSO.generations", "PSO.n.evaluations", "PSO.cpu.time", "RS.cost", 
    "RS.gamma", "RS.data.balancing", "RS.feature.selection", 
    "RS.valid.acc", "RS.test.acc", "RS.train.time", "RS.n.support.vectors", 
    "RS.index", "RS.n.solutions", "RS.generations", "RS.n.evaluations", 
    "RS.cpu.time", "DF.cost", "DF.gamma", "DF.data.balancing", 
    "DF.feature.selection", "DF.valid.acc", "DF.test.acc", "DF.train.time", 
    "DF.n.support.vectors", "DF.index", "DF.n.solutions", "DF.generations", 
    "DF.n.evaluations", "DF.cpu.time")))
