full <-
structure(c(50, 55, 60, 65, 70, 75, 80, 85, 90, 95, 100, 2.02533, 
3.11318, 3.01129, 2.23847, 5.55849, 2.69672, 2.33194, 1.9466, 
2.25169, 4.14286, 0.61535, 1.55647, 1.3308, 1.2454, 1.70438, 
0.39896, 1.69599, 1.46405, 1.88088, 1.60046, 1.43178, 2.9319, 
0, 0, 0, 0, 0, 0, 0, 0, 0, 0, 0, 0, 0, 0, 0, 0, 0, 0, 0, 0, 0, 
0, 0.88103, 0.88072, 0.89191, 0.89053, 0.89995, 0.89328, 0.89533, 
0.89605, 0.89936, 0.89723, 0.90306, 0.87843, 0.87836, 0.88481, 
0.88882, 0.88989, 0.89057, 0.8944, 0.89518, 0.89935, 0.8949, 
0.89898, 1.4371, 1.6194, 1.6718, 1.6157, 1.6221, 2.0606, 1.6709, 
2.4851, 2.2341, 2.6657, 4.7779, 999.9, 959.2, 991.3, 1226.5, 
859.6, 1324, 1341.1, 1593.1, 1525.2, 1379.4, 2543.7, 1438, 1003, 
1336, 2017, 1348, 776, 1353, 1362, 1584, 1543, 574, 84, 92, 39, 
24, 35, 106, 22, 43, 24, 14, 400, 100, 100, 100, 100, 100, 100, 
100, 100, 100, 100, 100, 2500, 2500, 2500, 2500, 2500, 2500, 
2500, 2500, 2500, 2500, 2500, 61521.476, 65024.763, 66322.395, 
55029.517, 58780.659, 62307.6950000001, 69925.9000000001, 78738.673, 
86450.8929999999, 89266.764, 136482.122, 2.3736, 2.89261, 3.26139, 
2.09472, 5.5836, 2.15828, 2.78007, 2.75899, 2.18254, 4.23265, 
0.91484, 1.53443, 1.32847, 1.13862, 1.83818, 0.35008, 1.76556, 
1.33613, 1.5586, 1.61437, 1.18219, 2.78885, 0, 0, 0, 0, 0, 0, 
0, 0, 0, 0, 0, 0, 0, 0, 0, 0, 0, 0, 0, 0, 0, 0, 0.87844, 0.88038, 
0.89006, 0.88911, 0.89836, 0.89278, 0.89463, 0.89496, 0.89791, 
0.89704, 0.9025, 0.8777, 0.87668, 0.88419, 0.88854, 0.89095, 
0.89008, 0.89301, 0.89409, 0.89977, 0.8949, 0.89935, 1.4127, 
1.6136, 1.246, 1.5116, 1.8818, 1.9028, 2.2821, 2.1257, 2.5981, 
2.961, 4.5173, 977.5, 969, 955.5, 1285.6, 852.9, 1386.4, 1269.9, 
1410.5, 1534.8, 1303, 2414.9, 547, 387, 1468, 2496, 658, 161, 
1129, 1368, 1072, 243, 1245, 1, 1, 1, 1, 1, 1, 1, 1, 1, 1, 1, 
100, 100, 100, 100, 100, 100, 100, 100, 100, 100, 100, 2500, 
2500, 2500, 2500, 2500, 2500, 2500, 2500, 2500, 2500, 2500, 102815.756, 
132786.8, 101300.814, 99818.981, 120097.337, 146407.109, 149634.898, 
166338.363, 189740.413, 203392.163, 232680.125, 1, 1, 1, 1, 1, 
1, 1, 1, 1, 1, 1, 0.2, 0.2, 0.2, 0.2, 0.2, 0.2, 0.2, 0.2, 0.2, 
0.2, 0.2, 0, 0, 0, 0, 0, 0, 0, 0, 0, 0, 0, 0, 0, 0, 0, 0, 0, 
0, 0, 0, 0, 0, 0.84395, 0.84501, 0.8462, 0.8495, 0.84754, 0.84485, 
0.84137, 0.8468, 0.84562, 0.84457, 0.84467, 0.84543, 0.84703, 
0.84682, 0.84636, 0.84913, 0.84387, 0.84438, 0.84506, 0.84397, 
0.84418, 0.8443, 1.0788, 1.312, 1.3077, 1.1223, 1.5085, 1.5688, 
1.643, 1.9824, 2.3139, 2.6271, 2.4997, 895.1, 986.6, 1063.5, 
1142.8, 1220.1, 1303.2, 1405.1, 1488.2, 1571.8, 1666.4, 1757.1, 
1, 1, 1, 1, 1, 1, 1, 1, 1, 1, 1, 1, 1, 1, 1, 1, 1, 1, 1, 1, 1, 
1, 1, 1, 1, 1, 1, 1, 1, 1, 1, 1, 1, 1, 1, 1, 1, 1, 1, 1, 1, 1, 
1, 1, 19.388, 22.006, 19.985, 15.761, 21.067, 20.931, 21.36, 
24.193, 28.761, 32.568, 30.468), .Dim = c(11L, 40L), .Dimnames = list(
    NULL, c("Sampling", "PSO.cost", "PSO.gamma", "PSO.data.balancing", 
    "PSO.feature.selection", "PSO.valid.acc", "PSO.test.acc", 
    "PSO.train.time", "PSO.n.support.vectors", "PSO.index", "PSO.n.solutions", 
    "PSO.generations", "PSO.n.evaluations", "PSO.cpu.time", "RS.cost", 
    "RS.gamma", "RS.data.balancing", "RS.feature.selection", 
    "RS.valid.acc", "RS.test.acc", "RS.train.time", "RS.n.support.vectors", 
    "RS.index", "RS.n.solutions", "RS.generations", "RS.n.evaluations", 
    "RS.cpu.time", "DF.cost", "DF.gamma", "DF.data.balancing", 
    "DF.feature.selection", "DF.valid.acc", "DF.test.acc", "DF.train.time", 
    "DF.n.support.vectors", "DF.index", "DF.n.solutions", "DF.generations", 
    "DF.n.evaluations", "DF.cpu.time")))
