full <-
structure(c(50, 55, 60, 65, 70, 75, 80, 85, 90, 95, 100, 5.07699, 
4.79394, 2.19284, 1.54551, 3.63122, 3.38887, 2.47327, 3.18961, 
2.42139, 3.037, 1.66569, 0.35762, 1.16599, 1.83384, 2.21505, 
0.86106, 1.3586, 1.79494, 1.48896, 1.6857, 2.18598, 2.28625, 
0, 0, 0, 0, 0, 0, 0, 0, 0, 0, 0, 0, 0, 0, 0, 0, 0, 0, 0, 0, 0, 
0, 0.87697, 0.87195, 0.88203, 0.88969, 0.88883, 0.89526, 0.89671, 
0.89909, 0.90223, 0.90386, 0.89917, 0.87584, 0.86589, 0.87368, 
0.88798, 0.88644, 0.89279, 0.89555, 0.89778, 0.89976, 0.90074, 
0.89583, 0.9507, 1.0817, 1.5644, 1.9617, 1.465, 1.6294, 2.2742, 
2.223, 2.6427, 3.5488, 4.0437, 692.1, 872.4, 1241, 1499.5, 1007.6, 
1182.9, 1462.7, 1354, 1547.2, 1776.3, 2032.6, 960, 2045, 795, 
1865, 2171, 679, 765, 1845, 1509, 2290, 862, 258, 2, 133, 22, 
28, 205, 99, 24, 117, 21, 7, 100, 100, 100, 100, 100, 100, 100, 
100, 100, 100, 100, 2500, 2500, 2500, 2500, 2500, 2500, 2500, 
2500, 2500, 2500, 2500, 37659.69, 40447.783, 58514.812, 62110.493, 
56174.941, 56129.672, 72589.193, 88147.778, 82225.2139999999, 
98940.406, 116926.54, 4.55226, 4.77639, 2.14289, 1.40525, 3.71806, 
4.41281, 3.08467, 2.29391, 2.37321, 2.04322, 1.8471, 0.58948, 
0.80899, 1.83636, 2.23778, 0.83906, 1.16274, 2.08482, 1.96122, 
1.65205, 2.08543, 2.22957, 0, 0, 0, 0, 0, 0, 0, 0, 0, 0, 0, 0, 
0, 0, 0, 0, 0, 0, 0, 0, 0, 0, 0.87438, 0.87094, 0.88079, 0.88883, 
0.88777, 0.89427, 0.89532, 0.89843, 0.90182, 0.90269, 0.89713, 
0.87584, 0.87128, 0.87307, 0.88655, 0.88591, 0.89056, 0.89046, 
0.89734, 0.89873, 0.90133, 0.89564, 0.8472, 1.0963, 1.4708, 1.9185, 
1.4486, 1.6744, 1.9205, 2.6747, 2.6209, 3.1699, 3.953, 732.6, 
806.4, 1247.2, 1520.3, 999, 1081.4, 1546.8, 1599.7, 1535.8, 1818.7, 
1978.1, 2245, 2208, 1365, 27, 2250, 1549, 1780, 125, 1992, 163, 
1892, 1, 1, 1, 1, 1, 1, 1, 1, 1, 1, 1, 100, 100, 100, 100, 100, 
100, 100, 100, 100, 100, 100, 2500, 2500, 2500, 2500, 2500, 2500, 
2500, 2500, 2500, 2500, 2500, 65533.022, 74274.572, 84854.12, 
92410.659, 94941.1899999999, 100990.795, 115069.02, 146266.795, 
156438.578, 194276.202, 187624.364, 1, 1, 1, 1, 1, 1, 1, 1, 1, 
1, 1, 0.2, 0.2, 0.2, 0.2, 0.2, 0.2, 0.2, 0.2, 0.2, 0.2, 0.2, 
0, 0, 0, 0, 0, 0, 0, 0, 0, 0, 0, 0, 0, 0, 0, 0, 0, 0, 0, 0, 0, 
0, 0.8447, 0.84096, 0.8459, 0.84407, 0.84015, 0.84215, 0.84205, 
0.84263, 0.84521, 0.84224, 0.84208, 0.84284, 0.84332, 0.84775, 
0.84322, 0.8391, 0.84511, 0.84206, 0.84241, 0.84624, 0.84458, 
0.84319, 0.802, 1.0043, 1.0886, 1.2772, 1.4201, 1.1634, 1.8249, 
2.0105, 1.6309, 2.5219, 2.7944, 924.3, 1007.8, 1088.2, 1177.3, 
1257.6, 1338.8, 1429.8, 1510.7, 1592.5, 1674.1, 1757.1, 1, 1, 
1, 1, 1, 1, 1, 1, 1, 1, 1, 1, 1, 1, 1, 1, 1, 1, 1, 1, 1, 1, 1, 
1, 1, 1, 1, 1, 1, 1, 1, 1, 1, 1, 1, 1, 1, 1, 1, 1, 1, 1, 1, 1, 
12.435, 16.37, 15.882, 16.58, 19.44, 14.798, 22.578, 24.43, 21.185, 
32.422, 35.44), .Dim = c(11L, 40L), .Dimnames = list(NULL, c("Sampling", 
"PSO.cost", "PSO.gamma", "PSO.data.balancing", "PSO.feature.selection", 
"PSO.valid.acc", "PSO.test.acc", "PSO.train.time", "PSO.n.support.vectors", 
"PSO.index", "PSO.n.solutions", "PSO.generations", "PSO.n.evaluations", 
"PSO.cpu.time", "RS.cost", "RS.gamma", "RS.data.balancing", "RS.feature.selection", 
"RS.valid.acc", "RS.test.acc", "RS.train.time", "RS.n.support.vectors", 
"RS.index", "RS.n.solutions", "RS.generations", "RS.n.evaluations", 
"RS.cpu.time", "DF.cost", "DF.gamma", "DF.data.balancing", "DF.feature.selection", 
"DF.valid.acc", "DF.test.acc", "DF.train.time", "DF.n.support.vectors", 
"DF.index", "DF.n.solutions", "DF.generations", "DF.n.evaluations", 
"DF.cpu.time")))
