full <-
structure(c(50, 55, 60, 65, 70, 75, 80, 85, 90, 95, 100, 1.19259, 
1.5545, 1.49612, 1.95628, 1.25213, 2.23959, 1.72124, 0.99882, 
2.37805, 1.90676, 1.52749, 1.37118, 1.35303, 1.68834, 0.69743, 
1.66923, 1.9942, 2.32726, 2.58114, 1.65437, 1.73341, 2.64682, 
0, 0, 0, 0, 0, 0, 0, 0, 0, 0, 0, 0, 0, 0, 0, 0, 0, 0, 0, 0, 0, 
0, 0.87325, 0.88072, 0.88481, 0.88454, 0.89175, 0.89402, 0.89579, 
0.89451, 0.89337, 0.90309, 0.90473, 0.86806, 0.87871, 0.88017, 
0.88198, 0.88725, 0.88685, 0.89347, 0.89364, 0.8909, 0.89724, 
0.90381, 1.4616, 1.714, 1.8316, 0.9539, 1.8003, 1.8273, 2.5978, 
2.8262, 2.4239, 2.703, 4.4787, 1051.1, 1095.6, 1257.7, 1070.6, 
1406.7, 1489.6, 1759.9, 2029.9, 1542.2, 1682.2, 2252.9, 1629, 
1184, 1029, 870, 608, 1350, 1394, 1401, 921, 1054, 824, 65, 69, 
163, 32, 96, 50, 14, 93, 240, 145, 37, 100, 100, 100, 100, 100, 
100, 100, 100, 100, 100, 100, 2500, 2500, 2500, 2500, 2500, 2500, 
2500, 2500, 2500, 2500, 2500, 69886.626, 70739.397, 66074.825, 
52503.753, 60193.7729999999, 70373.625, 82108.889, 100816.697, 
83378.831, 93492.4740000002, 125704.805, 1.61215, 1.37304, 1.43441, 
1.42321, 2.37687, 2.17144, 1.27309, 0.87519, 2.09613, 1.85715, 
1.43695, 1.08367, 1.33312, 1.69862, 1.3766, 1.45007, 2.16586, 
2.37846, 2.27977, 1.50665, 1.72979, 2.7345, 0, 0, 0, 0, 0, 0, 
0, 0, 0, 0, 0, 0, 0, 0, 0, 0, 0, 0, 0, 0, 0, 0, 0.87288, 0.87903, 
0.88357, 0.88368, 0.89043, 0.89303, 0.89347, 0.89167, 0.89111, 
0.90192, 0.90417, 0.86473, 0.87837, 0.88079, 0.8834, 0.88751, 
0.88834, 0.89324, 0.8884, 0.88987, 0.89646, 0.90269, 1.346, 1.6601, 
1.6229, 1.1237, 1.7336, 2.3011, 3.0016, 2.8035, 2.3491, 3.0049, 
3.2821, 967.8, 1102.5, 1265.5, 1242.4, 1245.3, 1569.3, 1819.4, 
1896.5, 1523.7, 1684.1, 2321.1, 2451, 2309, 1262, 2169, 1466, 
1918, 1725, 221, 2268, 2201, 1639, 1, 1, 1, 1, 1, 2, 1, 1, 1, 
2, 1, 100, 100, 100, 100, 100, 100, 100, 100, 100, 100, 100, 
2500, 2500, 2500, 2500, 2500, 2500, 2500, 2500, 2500, 2500, 2500, 
115178.581, 127290.961, 115453.839, 126466.741, 137951.901, 148593.298, 
165991.404, 194894.164, 178821.234, 222429.308, 217382.414, 1, 
1, 1, 1, 1, 1, 1, 1, 1, 1, 1, 0.2, 0.2, 0.2, 0.2, 0.2, 0.2, 0.2, 
0.2, 0.2, 0.2, 0.2, 0, 0, 0, 0, 0, 0, 0, 0, 0, 0, 0, 0, 0, 0, 
0, 0, 0, 0, 0, 0, 0, 0, 0.82617, 0.83053, 0.83076, 0.8398, 0.8367, 
0.8409, 0.8395, 0.84307, 0.84521, 0.84322, 0.84375, 0.82172, 
0.83154, 0.82891, 0.8378, 0.84067, 0.84412, 0.8395, 0.84481, 
0.84294, 0.8438, 0.84263, 1.1566, 1.0488, 0.9393, 0.9707, 1.4653, 
1.2865, 2.1215, 1.8905, 1.9865, 2.3036, 2.0696, 948.3, 1036.1, 
1119.4, 1198.4, 1270.6, 1350.7, 1433.8, 1515.7, 1592.5, 1673.5, 
1757.3, 1, 1, 1, 1, 1, 1, 1, 1, 1, 1, 1, 1, 1, 1, 1, 1, 1, 1, 
1, 1, 1, 1, 1, 1, 1, 1, 1, 1, 1, 1, 1, 1, 1, 1, 1, 1, 1, 1, 1, 
1, 1, 1, 1, 1, 20.663, 17.4, 14.069, 13.648, 20.502, 18.315, 
27.068, 23.02, 25.11, 28.647, 25.77), .Dim = c(11L, 40L), .Dimnames = list(
    NULL, c("Sampling", "PSO.cost", "PSO.gamma", "PSO.data.balancing", 
    "PSO.feature.selection", "PSO.valid.acc", "PSO.test.acc", 
    "PSO.train.time", "PSO.n.support.vectors", "PSO.index", "PSO.n.solutions", 
    "PSO.generations", "PSO.n.evaluations", "PSO.cpu.time", "RS.cost", 
    "RS.gamma", "RS.data.balancing", "RS.feature.selection", 
    "RS.valid.acc", "RS.test.acc", "RS.train.time", "RS.n.support.vectors", 
    "RS.index", "RS.n.solutions", "RS.generations", "RS.n.evaluations", 
    "RS.cpu.time", "DF.cost", "DF.gamma", "DF.data.balancing", 
    "DF.feature.selection", "DF.valid.acc", "DF.test.acc", "DF.train.time", 
    "DF.n.support.vectors", "DF.index", "DF.n.solutions", "DF.generations", 
    "DF.n.evaluations", "DF.cpu.time")))
