full <-
structure(c(50, 55, 60, 65, 70, 75, 80, 85, 90, 95, 100, 1.20891, 
1.14387, 2.40611, 1.24701, 1.82689, 2.30651, 4.32608, 2.32712, 
2.40733, 2.46268, 2.86112, 2.37871, 2.31002, 1.92519, 2.18278, 
2.01777, 1.75907, 1.5893, 1.62662, 1.53885, 2.66727, 1.47328, 
0, 0, 0, 0, 0, 0, 0, 0, 0, 0, 0, 0, 0, 0, 0, 0, 0, 0, 0, 0, 0, 
0, 0.8747, 0.87871, 0.89161, 0.89167, 0.89491, 0.89377, 0.89324, 
0.89865, 0.89563, 0.89977, 0.9038, 0.8773, 0.87634, 0.88697, 
0.89138, 0.88909, 0.8913, 0.88861, 0.89167, 0.89172, 0.89314, 
0.89824, 2.1388, 2.1748, 1.733, 1.9649, 2.0506, 1.8481, 2.4482, 
1.9712, 2.87, 3.6964, 3.3333, 1332.1, 1401, 1256.5, 1518.5, 1481.9, 
1412.8, 1270.6, 1496.1, 1516.6, 2096.4, 1549.2, 1108, 2381, 1093, 
1714, 888, 1149, 891, 1166, 1617, 1298, 1526, 169, 215, 168, 
134, 291, 35, 95, 107, 27, 153, 80, 100, 100, 100, 100, 100, 
100, 100, 100, 100, 100, 100, 2500, 2500, 2500, 2500, 2500, 2500, 
2500, 2500, 2500, 2500, 2500, 74742.662, 80118.076, 62596.466, 
61981.1090000001, 67010.1800000001, 69898.773, 70302.4679999999, 
76348.102, 89775.175, 122032.971, 93295.2660000003, 1.387, 1.35811, 
2.67645, 1.39359, 1.58252, 2.33693, 4.24199, 2.47901, 2.96506, 
2.30502, 2.61744, 2.22582, 2.1931, 1.69096, 2.3067, 1.89268, 
1.58745, 1.67315, 1.53444, 1.61726, 2.78514, 1.47719, 0, 0, 0, 
0, 0, 0, 0, 0, 0, 0, 0, 0, 0, 0, 0, 0, 0, 0, 0, 0, 0, 0, 0.87433, 
0.87804, 0.89007, 0.89024, 0.89305, 0.89253, 0.89162, 0.89734, 
0.89461, 0.89743, 0.90194, 0.87915, 0.87803, 0.88758, 0.89224, 
0.89068, 0.89105, 0.88907, 0.89232, 0.89131, 0.89392, 0.89824, 
1.836, 2.0658, 1.2507, 1.8716, 1.9386, 2.0571, 2.4633, 2.0636, 
2.4006, 4.4056, 2.4214, 1274, 1347.8, 1162, 1557.5, 1450.4, 1349.9, 
1304.8, 1447.5, 1498, 2188.3, 1569.6, 2008, 1941, 158, 1862, 
919, 1598, 1326, 638, 748, 897, 2126, 1, 1, 1, 3, 1, 1, 1, 1, 
1, 1, 1, 100, 100, 100, 100, 100, 100, 100, 100, 100, 100, 100, 
2500, 2500, 2500, 2500, 2500, 2500, 2500, 2500, 2500, 2500, 2500, 
110554.505, 130142.89, 97012.0760000001, 106423.111, 136227.362, 
132769.148, 147992.705, 189737.025, 212170.752, 215928.219, 218829.924, 
1, 1, 1, 1, 1, 1, 1, 1, 1, 1, 1, 0.2, 0.2, 0.2, 0.2, 0.2, 0.2, 
0.2, 0.2, 0.2, 0.2, 0.2, 0, 0, 0, 0, 0, 0, 0, 0, 0, 0, 0, 0, 
0, 0, 0, 0, 0, 0, 0, 0, 0, 0, 0.82135, 0.82314, 0.83539, 0.83951, 
0.83747, 0.83942, 0.84206, 0.83893, 0.84006, 0.84204, 0.84244, 
0.82618, 0.82651, 0.83818, 0.83894, 0.83668, 0.83917, 0.84252, 
0.84154, 0.84067, 0.84263, 0.84522, 1.1258, 1.3227, 1.0658, 1.3399, 
1.312, 1.5093, 1.5298, 2.0744, 2.3262, 2.1908, 2.0344, 929.4, 
1000.3, 1088.3, 1167.2, 1256, 1344.3, 1432.7, 1513.2, 1600.7, 
1675.9, 1755.1, 1, 1, 1, 1, 1, 1, 1, 1, 1, 1, 1, 1, 1, 1, 1, 
1, 1, 1, 1, 1, 1, 1, 1, 1, 1, 1, 1, 1, 1, 1, 1, 1, 1, 1, 1, 1, 
1, 1, 1, 1, 1, 1, 1, 1, 20.812, 23.29, 16.708, 18.999, 18.369, 
19.707, 20.867, 27.081, 29.044, 26.677, 24.141), .Dim = c(11L, 
40L), .Dimnames = list(NULL, c("Sampling", "PSO.cost", "PSO.gamma", 
"PSO.data.balancing", "PSO.feature.selection", "PSO.valid.acc", 
"PSO.test.acc", "PSO.train.time", "PSO.n.support.vectors", "PSO.index", 
"PSO.n.solutions", "PSO.generations", "PSO.n.evaluations", "PSO.cpu.time", 
"RS.cost", "RS.gamma", "RS.data.balancing", "RS.feature.selection", 
"RS.valid.acc", "RS.test.acc", "RS.train.time", "RS.n.support.vectors", 
"RS.index", "RS.n.solutions", "RS.generations", "RS.n.evaluations", 
"RS.cpu.time", "DF.cost", "DF.gamma", "DF.data.balancing", "DF.feature.selection", 
"DF.valid.acc", "DF.test.acc", "DF.train.time", "DF.n.support.vectors", 
"DF.index", "DF.n.solutions", "DF.generations", "DF.n.evaluations", 
"DF.cpu.time")))
