full <-
structure(c(50, 55, 60, 65, 70, 75, 80, 85, 90, 95, 100, 2.89755, 
1.58181, 4.53711, 5.91408, 3.25381, 2.28577, 2.61809, 2.52278, 
1.41775, 3.54196, 1.23304, 0.27351, 0.86607, -0.58839, -0.05224, 
1.92324, 2.26371, 1.26996, 1.86096, 1.60277, 1.65455, 2.2003, 
0, 0, 0, 0, 0, 0, 0, 0, 0, 0, 0, 0, 0, 0, 0, 0, 0, 0, 0, 0, 0, 
0, 0.87399, 0.87297, 0.88234, 0.88398, 0.88882, 0.89205, 0.89162, 
0.89385, 0.89461, 0.8982, 0.90157, 0.86842, 0.8669, 0.88018, 
0.87628, 0.8838, 0.8881, 0.88885, 0.89015, 0.89089, 0.8984, 0.90064, 
1.1884, 1.5137, 1.5174, 1.6705, 1.7886, 2.5748, 1.8496, 2.5225, 
2.1037, 3.2866, 3.5628, 791.1, 1001.1, 817.3, 809.4, 1334.4, 
1610.8, 1301.7, 1544.7, 1627.7, 1512.9, 2037.5, 1376, 1240, 711, 
1900, 487, 1518, 852, 895, 658, 779, 651, 39, 310, 51, 4, 32, 
87, 89, 95, 448, 53, 40, 100, 100, 100, 100, 100, 100, 100, 100, 
100, 100, 100, 2500, 2500, 2500, 2500, 2500, 2500, 2500, 2500, 
2500, 2500, 2500, 64652.217, 63025.178, 63552.412, 56282.302, 
63569.291, 71506.5619999999, 75839.7210000001, 77153.4809999999, 
88512.628, 109339.799, 126801.077, 3.31231, 1.55099, 4.92009, 
5.7383, 3.04158, 2.57754, 1.43188, 2.74603, 1.43259, 3.55415, 
0.91276, -0.04995, 0.91716, -0.72085, -0.09521, 2.06343, 2.1423, 
2.03267, 1.85787, 1.61613, 1.67683, 2.5546, 0, 0, 0, 0, 0, 0, 
0, 0, 0, 0, 0, 0, 0, 0, 0, 0, 0, 0, 0, 0, 0, 0, 0.87065, 0.87128, 
0.88049, 0.88256, 0.88803, 0.89007, 0.88954, 0.89298, 0.89419, 
0.89723, 0.9012, 0.86621, 0.8669, 0.87863, 0.87827, 0.88486, 
0.88612, 0.89093, 0.89037, 0.89131, 0.89879, 0.8999, 1.1465, 
1.5243, 1.2295, 1.6139, 1.9033, 2.1436, 2.6553, 2.3052, 2.4229, 
2.1787, 3.7104, 754.1, 1011.5, 806.8, 815.9, 1403.1, 1540.9, 
1664.5, 1525.2, 1628.2, 1520.2, 2269.1, 1577, 1703, 1357, 1755, 
815, 875, 214, 817, 2178, 1109, 292, 1, 1, 1, 1, 2, 1, 1, 1, 
1, 1, 1, 100, 100, 100, 100, 100, 100, 100, 100, 100, 100, 100, 
2500, 2500, 2500, 2500, 2500, 2500, 2500, 2500, 2500, 2500, 2500, 
115393.161, 130725.613, 116326.112, 115767.332, 126866.084, 140533.141, 
159422.815, 182059.42, 185594.915, 213040.662, 225958.055, 1, 
1, 1, 1, 1, 1, 1, 1, 1, 1, 1, 0.2, 0.2, 0.2, 0.2, 0.2, 0.2, 0.2, 
0.2, 0.2, 0.2, 0.2, 0, 0, 0, 0, 0, 0, 0, 0, 0, 0, 0, 0, 0, 0, 
0, 0, 0, 0, 0, 0, 0, 0, 0.83174, 0.83019, 0.83633, 0.8381, 0.83589, 
0.83622, 0.84044, 0.84132, 0.84273, 0.84536, 0.84448, 0.83656, 
0.82918, 0.83293, 0.83782, 0.84065, 0.83622, 0.84043, 0.83653, 
0.84232, 0.84439, 0.84504, 1.1305, 1.3743, 1.2272, 1.1396, 1.1446, 
1.7036, 1.5125, 2.0753, 2.4642, 2.6409, 2.0445, 933, 1020.8, 
1109.9, 1183.8, 1266, 1348.9, 1435.1, 1511.8, 1588.2, 1675.3, 
1760.3, 1, 1, 1, 1, 1, 1, 1, 1, 1, 1, 1, 1, 1, 1, 1, 1, 1, 1, 
1, 1, 1, 1, 1, 1, 1, 1, 1, 1, 1, 1, 1, 1, 1, 1, 1, 1, 1, 1, 1, 
1, 1, 1, 1, 1, 20.103, 22.51, 18.336, 16.995, 15.979, 22.985, 
20.126, 26.136, 30.677, 32.281, 24.635), .Dim = c(11L, 40L), .Dimnames = list(
    NULL, c("Sampling", "PSO.cost", "PSO.gamma", "PSO.data.balancing", 
    "PSO.feature.selection", "PSO.valid.acc", "PSO.test.acc", 
    "PSO.train.time", "PSO.n.support.vectors", "PSO.index", "PSO.n.solutions", 
    "PSO.generations", "PSO.n.evaluations", "PSO.cpu.time", "RS.cost", 
    "RS.gamma", "RS.data.balancing", "RS.feature.selection", 
    "RS.valid.acc", "RS.test.acc", "RS.train.time", "RS.n.support.vectors", 
    "RS.index", "RS.n.solutions", "RS.generations", "RS.n.evaluations", 
    "RS.cpu.time", "DF.cost", "DF.gamma", "DF.data.balancing", 
    "DF.feature.selection", "DF.valid.acc", "DF.test.acc", "DF.train.time", 
    "DF.n.support.vectors", "DF.index", "DF.n.solutions", "DF.generations", 
    "DF.n.evaluations", "DF.cpu.time")))
