full <-
structure(c(50, 55, 60, 65, 70, 75, 80, 85, 90, 95, 100, 4.84884, 
4.30212, 4.25999, 3.42205, 1.77609, 2.49057, 2.66397, 1.53829, 
2.55316, 1.92032, 2.14807, 0.0454, 0.43869, 0.74205, 1.4748, 
1.97868, 2.1856, 2.19518, 2.39285, 1.87173, 2.58999, 1.99565, 
0, 0, 0, 0, 0, 0, 0, 0, 0, 0, 0, 0, 0, 0, 0, 0, 0, 0, 0, 0, 0, 
0, 0.87695, 0.87971, 0.88203, 0.88653, 0.89254, 0.89304, 0.8981, 
0.90017, 0.90326, 0.89782, 0.90008, 0.87028, 0.87129, 0.87956, 
0.88454, 0.89041, 0.88834, 0.89324, 0.89341, 0.90223, 0.89762, 
0.89675, 1.3132, 1.4386, 1.6761, 1.6701, 2.1058, 2.0574, 2.1948, 
2.9232, 2.5176, 4.0442, 3.6521, 699.9, 794.2, 898.5, 1121.5, 
1464.3, 1571.3, 1621.5, 1862.5, 1599.2, 2098.2, 1818.4, 1014, 
1057, 1998, 593, 2224, 2060, 2007, 1823, 1070, 1225, 1063, 8, 
58, 11, 288, 5, 7, 1, 69, 88, 148, 242, 100, 100, 100, 100, 100, 
100, 100, 100, 100, 100, 100, 2500, 2500, 2500, 2500, 2500, 2500, 
2500, 2500, 2500, 2500, 2500, 47950.363, 57596.203, 69294.714, 
59084.291, 62839.899, 68230.4249999999, 75672.048, 85269.7389999998, 
84853.692, 116754.419, 115602.375, 4.39852, 2.87969, 3.0448, 
0.83071, 2.07502, 2.60623, 2.20221, 1.90121, 3.18511, 1.59554, 
2.20719, -0.61002, 0.92869, 1.20184, 2.27218, 1.75937, 1.7664, 
2.17805, 2.13229, 1.8903, 2.49881, 2.00481, 0, 0, 0, 0, 0, 0, 
0, 0, 0, 0, 0, 0, 0, 0, 0, 0, 0, 0, 0, 0, 0, 0, 0.87619, 0.87735, 
0.88017, 0.88482, 0.89042, 0.89081, 0.89672, 0.89908, 0.90223, 
0.89606, 0.89916, 0.87064, 0.87164, 0.87893, 0.88226, 0.89094, 
0.88735, 0.89347, 0.89472, 0.90182, 0.89645, 0.89638, 1.1741, 
1.4435, 1.1992, 1.8708, 1.6979, 1.8357, 2.6393, 2.3631, 3.0954, 
3.865, 2.6386, 706.5, 911.9, 1027.9, 1581.8, 1355.9, 1382.4, 
1645.8, 1698.7, 1556.5, 2076, 1816.2, 412, 463, 930, 1325, 413, 
357, 1991, 113, 2402, 425, 1835, 2, 1, 3, 3, 2, 1, 1, 1, 2, 1, 
1, 100, 100, 100, 100, 100, 100, 100, 100, 100, 100, 100, 2500, 
2500, 2500, 2500, 2500, 2500, 2500, 2500, 2500, 2500, 2500, 113362.219, 
127182.542, 105539.216, 113464.871, 117351.84, 150897.635, 169211.686, 
171916.993, 224740.364, 229500.624, 219276.155, 1, 1, 1, 1, 1, 
1, 1, 1, 1, 1, 1, 0.2, 0.2, 0.2, 0.2, 0.2, 0.2, 0.2, 0.2, 0.2, 
0.2, 0.2, 0, 0, 0, 0, 0, 0, 0, 0, 0, 0, 0, 0, 0, 0, 0, 0, 0, 
0, 0, 0, 0, 0, 0.83024, 0.83052, 0.83262, 0.83493, 0.83986, 0.8372, 
0.84344, 0.84306, 0.84357, 0.84282, 0.84504, 0.82542, 0.82782, 
0.83231, 0.83321, 0.83906, 0.83497, 0.84135, 0.84372, 0.84542, 
0.84321, 0.84523, 1.1235, 1.3786, 1.351, 1.2237, 1.5612, 1.2646, 
1.8513, 2.0476, 1.9424, 2.2791, 2.0526, 957.1, 1039.2, 1119.9, 
1204.3, 1273.2, 1353.4, 1430.2, 1505.9, 1592.2, 1682.5, 1759.1, 
1, 1, 1, 1, 1, 1, 1, 1, 1, 1, 1, 1, 1, 1, 1, 1, 1, 1, 1, 1, 1, 
1, 1, 1, 1, 1, 1, 1, 1, 1, 1, 1, 1, 1, 1, 1, 1, 1, 1, 1, 1, 1, 
1, 1, 17.219, 19.857, 20.243, 16.926, 20.794, 16.456, 23.911, 
26.467, 23.668, 27.968, 25.023), .Dim = c(11L, 40L), .Dimnames = list(
    NULL, c("Sampling", "PSO.cost", "PSO.gamma", "PSO.data.balancing", 
    "PSO.feature.selection", "PSO.valid.acc", "PSO.test.acc", 
    "PSO.train.time", "PSO.n.support.vectors", "PSO.index", "PSO.n.solutions", 
    "PSO.generations", "PSO.n.evaluations", "PSO.cpu.time", "RS.cost", 
    "RS.gamma", "RS.data.balancing", "RS.feature.selection", 
    "RS.valid.acc", "RS.test.acc", "RS.train.time", "RS.n.support.vectors", 
    "RS.index", "RS.n.solutions", "RS.generations", "RS.n.evaluations", 
    "RS.cpu.time", "DF.cost", "DF.gamma", "DF.data.balancing", 
    "DF.feature.selection", "DF.valid.acc", "DF.test.acc", "DF.train.time", 
    "DF.n.support.vectors", "DF.index", "DF.n.solutions", "DF.generations", 
    "DF.n.evaluations", "DF.cpu.time")))
