full <-
structure(c(50, 55, 60, 65, 70, 75, 80, 85, 90, 95, 100, 1.84737, 
3.26429, 1.24544, 0.68821, 0.8872, 3.15289, 1.44415, 2.77233, 
2.05968, 2.12994, 1.71702, 1.55031, 2.35523, 1.60858, 2.27168, 
2.51851, 1.76924, 2.19891, 1.84536, 2.28666, 2.23056, 3, 0, 0, 
0, 0, 0, 0, 0, 0, 0, 0, 0, 0, 0, 0, 0, 0, 0, 0, 0, 0, 0, 0, 0.87805, 
0.88476, 0.88821, 0.89025, 0.89306, 0.89377, 0.89602, 0.89735, 
0.89913, 0.90093, 0.90305, 0.87619, 0.88039, 0.88049, 0.88512, 
0.88618, 0.88933, 0.89324, 0.89321, 0.89357, 0.8984, 0.89712, 
1.4721, 2.5392, 1.8635, 1.5941, 2.0227, 1.793, 2.2896, 2.4337, 
3.3506, 3.2499, 5.9022, 1044.3, 1307, 1259.4, 1601.6, 1770.1, 
1359.9, 1752.7, 1542.3, 1865.8, 1886.6, 2462.1, 1308, 329, 1011, 
1275, 475, 381, 2117, 1884, 992, 1240, 335, 38, 91, 172, 138, 
131, 31, 6, 140, 182, 117, 456, 100, 100, 100, 100, 100, 100, 
100, 100, 100, 100, 100, 2500, 2500, 2500, 2500, 2500, 2500, 
2500, 2500, 2500, 2500, 2500, 63630.593, 79654.317, 66409.02, 
64205.79, 67287.562, 72259.027, 80854.4369999999, 81921.5730000001, 
96596.3770000001, 107916.937, 153403.268, 2.20995, 2.96768, 1.31863, 
2.11333, 2.4233, 3.08166, 1.36578, 2.22879, 1.34166, 2.07127, 
1.07721, 1.3314, 1.97491, 1.56389, 1.61794, 1.72734, 1.76677, 
2.66787, 2.05742, 2.30489, 2.25281, 2.44753, 0, 0, 0, 0, 0, 0, 
0, 0, 0, 0, 0, 0, 0, 0, 0, 0, 0, 0, 0, 0, 0, 0, 0.87582, 0.88308, 
0.88697, 0.88854, 0.89174, 0.89328, 0.89509, 0.89539, 0.89831, 
0.90035, 0.90213, 0.87694, 0.88275, 0.8808, 0.88767, 0.88856, 
0.88884, 0.89184, 0.89452, 0.89377, 0.89879, 0.90101, 1.3519, 
1.9236, 1.536, 1.5031, 1.5779, 2.0908, 2.776, 3.0833, 2.5315, 
3.5366, 3.5161, 966.7, 1179, 1239.9, 1267.3, 1329.2, 1365.7, 
1975.5, 1684.1, 1957.9, 1906.6, 2197.2, 1077, 19, 1923, 173, 
622, 819, 1751, 1606, 1782, 187, 1228, 1, 1, 1, 1, 1, 1, 1, 2, 
1, 1, 1, 100, 100, 100, 100, 100, 100, 100, 100, 100, 100, 100, 
2500, 2500, 2500, 2500, 2500, 2500, 2500, 2500, 2500, 2500, 2500, 
112106.783, 124756.175, 99964.394, 117092.373, 118865.452, 141045.199, 
163649.849, 189853.641, 210031.981, 215859.111, 197587.127, 1, 
1, 1, 1, 1, 1, 1, 1, 1, 1, 1, 0.2, 0.2, 0.2, 0.2, 0.2, 0.2, 0.2, 
0.2, 0.2, 0.2, 0.2, 0, 0, 0, 0, 0, 0, 0, 0, 0, 0, 0, 0, 0, 0, 
0, 0, 0, 0, 0, 0, 0, 0, 0.84284, 0.84369, 0.83939, 0.84322, 0.84331, 
0.84313, 0.83928, 0.83872, 0.84438, 0.84243, 0.84449, 0.84507, 
0.84133, 0.84032, 0.84578, 0.84383, 0.84215, 0.83997, 0.84046, 
0.84376, 0.84204, 0.84356, 1.0861, 1.307, 0.981, 1.0413, 1.3644, 
1.5102, 1.775, 1.6385, 2.0985, 2.2233, 2.0556, 889.9, 972.4, 
1062.2, 1148.7, 1217.1, 1320.1, 1414.6, 1512.8, 1586.5, 1683.5, 
1757.7, 1, 1, 1, 1, 1, 1, 1, 1, 1, 1, 1, 1, 1, 1, 1, 1, 1, 1, 
1, 1, 1, 1, 1, 1, 1, 1, 1, 1, 1, 1, 1, 1, 1, 1, 1, 1, 1, 1, 1, 
1, 1, 1, 1, 1, 19.944, 21.488, 14.27, 14.295, 17.933, 20.538, 
22.869, 20.499, 26.08, 27.736, 24.869), .Dim = c(11L, 40L), .Dimnames = list(
    NULL, c("Sampling", "PSO.cost", "PSO.gamma", "PSO.data.balancing", 
    "PSO.feature.selection", "PSO.valid.acc", "PSO.test.acc", 
    "PSO.train.time", "PSO.n.support.vectors", "PSO.index", "PSO.n.solutions", 
    "PSO.generations", "PSO.n.evaluations", "PSO.cpu.time", "RS.cost", 
    "RS.gamma", "RS.data.balancing", "RS.feature.selection", 
    "RS.valid.acc", "RS.test.acc", "RS.train.time", "RS.n.support.vectors", 
    "RS.index", "RS.n.solutions", "RS.generations", "RS.n.evaluations", 
    "RS.cpu.time", "DF.cost", "DF.gamma", "DF.data.balancing", 
    "DF.feature.selection", "DF.valid.acc", "DF.test.acc", "DF.train.time", 
    "DF.n.support.vectors", "DF.index", "DF.n.solutions", "DF.generations", 
    "DF.n.evaluations", "DF.cpu.time")))
