full <-
structure(c(50, 55, 60, 65, 70, 75, 80, 85, 90, 95, 100, 4.09847, 
2.03669, 2.00449, 2.63874, 2.90119, 3.4145, 0.47687, 1.5294, 
1.70952, 2.08079, 0.97027, -0.40417, 1.91251, 1.88067, 2.29247, 
1.83661, 1.00385, 2.54597, 1.64407, 2.44286, 1.97729, 2.53522, 
0, 0, 0, 0, 0, 0, 0, 0, 0, 0, 0, 0, 0, 0, 0, 0, 0, 0, 0, 0, 0, 
0, 0.87657, 0.88208, 0.8808, 0.8837, 0.88565, 0.89354, 0.89485, 
0.89625, 0.89954, 0.89938, 0.90213, 0.86507, 0.87971, 0.87245, 
0.88, 0.88486, 0.88983, 0.89023, 0.89037, 0.89502, 0.89607, 0.89991, 
1.1648, 1.9284, 2.0818, 1.7831, 1.6753, 1.8334, 2.6921, 2.1493, 
3.2373, 3.2091, 4.3152, 692.5, 1188, 1250.6, 1433.7, 1304.4, 
1128.3, 1983.6, 1558.9, 1971.1, 1762, 2246.5, 1129, 2022, 1238, 
1224, 1035, 2242, 865, 1796, 1083, 1032, 739, 15, 7, 90, 78, 
56, 3, 48, 45, 113, 31, 199, 100, 100, 100, 100, 100, 100, 100, 
100, 100, 100, 100, 2500, 2500, 2500, 2500, 2500, 2500, 2500, 
2500, 2500, 2500, 2500, 53889.507, 69145.14, 74589.394, 59936.7139999999, 
62058.211, 68057.29, 85841.004, 77143.0859999999, 101295.7, 100680.361, 
119752.73, 4.44951, 1.90459, 2.10237, 2.6207, 2.35157, 3.24089, 
0.65222, 1.3414, 1.04896, 2.46782, 1.05926, -0.61814, 1.70477, 
1.99932, 2.23261, 2.08373, 2.56721, 2.43471, 1.54752, 2.52288, 
2.09827, 2.52791, 0, 0, 0, 0, 0, 0, 0, 0, 0, 0, 0, 0, 0, 0, 0, 
0, 0, 0, 0, 0, 0, 0, 0.87472, 0.87939, 0.87833, 0.88342, 0.88486, 
0.89156, 0.89346, 0.89538, 0.8981, 0.89782, 0.90176, 0.86618, 
0.88106, 0.86998, 0.88085, 0.88459, 0.88538, 0.89092, 0.88971, 
0.8979, 0.89607, 0.89972, 1.1573, 1.786, 1.6452, 1.665, 2.2237, 
2.7367, 2.5898, 2.3662, 3.6243, 3.2801, 3.1685, 677.9, 1129.5, 
1283.1, 1406.9, 1437.8, 1699.4, 1911.5, 1549.3, 2089.2, 1783.4, 
2232.8, 2431, 889, 229, 13, 514, 2266, 1164, 920, 2024, 1541, 
1908, 1, 1, 1, 2, 1, 2, 1, 1, 1, 1, 1, 100, 100, 100, 100, 100, 
100, 100, 100, 100, 100, 100, 2500, 2500, 2500, 2500, 2500, 2500, 
2500, 2500, 2500, 2500, 2500, 104579.13, 128009.121, 100521.547, 
110268.845, 121435.317, 151459.55, 165031.274, 186820.915, 204528.72, 
218895.814, 226691.921, 1, 1, 1, 1, 1, 1, 1, 1, 1, 1, 1, 0.2, 
0.2, 0.2, 0.2, 0.2, 0.2, 0.2, 0.2, 0.2, 0.2, 0.2, 0, 0, 0, 0, 
0, 0, 0, 0, 0, 0, 0, 0, 0, 0, 0, 0, 0, 0, 0, 0, 0, 0, 0.83505, 
0.83963, 0.83941, 0.84095, 0.83987, 0.83869, 0.83859, 0.84504, 
0.84294, 0.84224, 0.8406, 0.83987, 0.83761, 0.8388, 0.8418, 0.84093, 
0.83746, 0.84113, 0.84286, 0.84315, 0.84107, 0.84301, 1.113, 
1.3232, 1.0487, 1.1578, 1.3788, 1.4421, 1.8603, 1.8268, 2.1883, 
2.6323, 2.0945, 903.4, 985.1, 1080, 1167.5, 1254.1, 1352.6, 1435.2, 
1524.1, 1602.6, 1683.6, 1757.6, 1, 1, 1, 1, 1, 1, 1, 1, 1, 1, 
1, 1, 1, 1, 1, 1, 1, 1, 1, 1, 1, 1, 1, 1, 1, 1, 1, 1, 1, 1, 1, 
1, 1, 1, 1, 1, 1, 1, 1, 1, 1, 1, 1, 1, 18.543, 21.999, 15.388, 
15.395, 18.677, 19.463, 25.228, 23.24, 27.345, 33.071, 25.482
), .Dim = c(11L, 40L), .Dimnames = list(NULL, c("Sampling", "PSO.cost", 
"PSO.gamma", "PSO.data.balancing", "PSO.feature.selection", "PSO.valid.acc", 
"PSO.test.acc", "PSO.train.time", "PSO.n.support.vectors", "PSO.index", 
"PSO.n.solutions", "PSO.generations", "PSO.n.evaluations", "PSO.cpu.time", 
"RS.cost", "RS.gamma", "RS.data.balancing", "RS.feature.selection", 
"RS.valid.acc", "RS.test.acc", "RS.train.time", "RS.n.support.vectors", 
"RS.index", "RS.n.solutions", "RS.generations", "RS.n.evaluations", 
"RS.cpu.time", "DF.cost", "DF.gamma", "DF.data.balancing", "DF.feature.selection", 
"DF.valid.acc", "DF.test.acc", "DF.train.time", "DF.n.support.vectors", 
"DF.index", "DF.n.solutions", "DF.generations", "DF.n.evaluations", 
"DF.cpu.time")))
