full <-
structure(c(50, 55, 60, 65, 70, 75, 80, 85, 90, 95, 100, 2.53163, 
1.53428, 2.35554, 1.59224, 1.63394, 3.14778, 0.85684, 0.94377, 
2.97452, 2.87651, 1.33772, 0.36719, 1.78061, 1.49877, 2.23435, 
2.08559, 1.48697, 2.14374, 2.47951, 1.1965, 1.49581, 2.35854, 
0, 0, 0, 0, 0, 0, 0, 0, 0, 0, 0, 0, 0, 0, 0, 0, 0, 0, 0, 0, 0, 
0, 0.87807, 0.87836, 0.88172, 0.88283, 0.88936, 0.88883, 0.89023, 
0.89405, 0.89996, 0.90054, 0.9025, 0.87065, 0.87398, 0.87771, 
0.87514, 0.88618, 0.88217, 0.88814, 0.89514, 0.89542, 0.89821, 
0.90046, 0.6489, 1.1145, 1.1125, 1.7156, 1.8917, 1.6335, 2.4215, 
3.0092, 2.0718, 2.4506, 3.9601, 773.9, 1203.3, 1127.5, 1514.5, 
1525.8, 1278, 1774.9, 1996, 1368.4, 1509.6, 2107.5, 1466, 2491, 
340, 551, 1401, 1022, 678, 1233, 629, 1890, 2202, 39, 1, 356, 
576, 54, 169, 681, 93, 2, 6, 1, 100, 100, 100, 100, 100, 100, 
100, 100, 100, 100, 100, 2500, 2500, 2500, 2500, 2500, 2500, 
2500, 2500, 2500, 2500, 2500, 28065.924, 40942.527, 42109.419, 
55287.583, 60932.961, 54940.3590000001, 71134.674, 91361.9119999999, 
69423.486, 78512.3869999999, 117049.409, 4.21942, 1.4302, 2.2968, 
2.20247, 1.79072, 4.96753, 0.78294, 0.87231, 3.23928, 2.63446, 
2.01273, -0.50131, 1.67333, 1.54069, 1.89396, 2.13175, 0.81008, 
2.21947, 2.5551, 1.23584, 1.969, 2.58711, 0, 0, 0, 0, 0, 0, 0, 
0, 0, 0, 0, 0, 0, 0, 0, 0, 0, 0, 0, 0, 0, 0, 0.87659, 0.87634, 
0.8811, 0.87998, 0.88857, 0.88686, 0.88815, 0.8934, 0.89851, 
0.89781, 0.90082, 0.87399, 0.87297, 0.87802, 0.87514, 0.8883, 
0.88117, 0.88791, 0.89602, 0.8946, 0.8986, 0.89971, 0.6324, 1.0652, 
1.1584, 1.4153, 1.8873, 1.6793, 2.4506, 3.0427, 2.1627, 2.9176, 
4.376, 671.5, 1172.9, 1141.6, 1336.6, 1533.1, 1017.2, 1813, 2040.6, 
1352.2, 1710.5, 2168.6, 1690, 837, 2250, 764, 1135, 1142, 349, 
1466, 1894, 1499, 413, 1, 1, 1, 1, 1, 3, 1, 1, 1, 1, 1, 100, 
100, 100, 100, 100, 100, 100, 100, 100, 100, 100, 2500, 2500, 
2500, 2500, 2500, 2500, 2500, 2500, 2500, 2500, 2500, 53122.846, 
64939.282, 79432.116, 86861.5440000001, 104124.191, 110073.491, 
131189.366, 134197.973, 154241.048, 170233.972, 208960.473, 1, 
1, 1, 1, 1, 1, 1, 1, 1, 1, 1, 0.2, 0.2, 0.2, 0.2, 0.2, 0.2, 0.2, 
0.2, 0.2, 0.2, 0.2, 0, 0, 0, 0, 0, 0, 0, 0, 0, 0, 0, 0, 0, 0, 
0, 0, 0, 0, 0, 0, 0, 0, 0.83767, 0.84063, 0.84373, 0.84149, 0.84304, 
0.84289, 0.84506, 0.84503, 0.84314, 0.84556, 0.84578, 0.84064, 
0.83457, 0.83972, 0.83978, 0.84383, 0.8419, 0.84645, 0.84503, 
0.84438, 0.84556, 0.84504, 0.6664, 0.7884, 0.9436, 1.1618, 1.1978, 
1.498, 1.5647, 1.7936, 1.9902, 2.4132, 2.682, 909.6, 1007, 1086.9, 
1167.2, 1245.4, 1336.2, 1415.1, 1501, 1591.5, 1667.7, 1756.5, 
1, 1, 1, 1, 1, 1, 1, 1, 1, 1, 1, 1, 1, 1, 1, 1, 1, 1, 1, 1, 1, 
1, 1, 1, 1, 1, 1, 1, 1, 1, 1, 1, 1, 1, 1, 1, 1, 1, 1, 1, 1, 1, 
1, 1, 10.272, 11.504, 13.335, 15.452, 15.888, 19.028, 19.509, 
21.845, 23.915, 28.52, 31.555), .Dim = c(11L, 40L), .Dimnames = list(
    NULL, c("Sampling", "PSO.cost", "PSO.gamma", "PSO.data.balancing", 
    "PSO.feature.selection", "PSO.valid.acc", "PSO.test.acc", 
    "PSO.train.time", "PSO.n.support.vectors", "PSO.index", "PSO.n.solutions", 
    "PSO.generations", "PSO.n.evaluations", "PSO.cpu.time", "RS.cost", 
    "RS.gamma", "RS.data.balancing", "RS.feature.selection", 
    "RS.valid.acc", "RS.test.acc", "RS.train.time", "RS.n.support.vectors", 
    "RS.index", "RS.n.solutions", "RS.generations", "RS.n.evaluations", 
    "RS.cpu.time", "DF.cost", "DF.gamma", "DF.data.balancing", 
    "DF.feature.selection", "DF.valid.acc", "DF.test.acc", "DF.train.time", 
    "DF.n.support.vectors", "DF.index", "DF.n.solutions", "DF.generations", 
    "DF.n.evaluations", "DF.cpu.time")))
