full <-
structure(c(50, 55, 60, 65, 70, 75, 80, 85, 90, 95, 100, 2.68931, 
2.24977, 1.12155, 3.41256, 2.15418, 2.28332, 4.12351, 3.88708, 
2.27873, 2.71102, 2.44401, 1.04028, 1.22125, 2.46765, 1.58063, 
2.20397, 1.78192, 1.53526, 1.84279, 1.75794, 1.85183, 2.45343, 
0, 0, 0, 0, 0, 0, 0, 0, 0, 0, 0, 0, 0, 0, 0, 0, 0, 0, 0, 0, 0, 
0, 0.87954, 0.88511, 0.88945, 0.8931, 0.89149, 0.89722, 0.89927, 
0.89931, 0.90099, 0.90074, 0.89991, 0.87102, 0.87567, 0.88667, 
0.88939, 0.88513, 0.89129, 0.89486, 0.89473, 0.89913, 0.89996, 
0.90231, 1.2862, 1.6173, 2.1083, 1.3865, 2.4087, 1.9572, 2.1573, 
2.628, 2.5988, 2.746, 3.8295, 880.2, 1004.8, 1535.9, 1149.1, 
1532.5, 1411.2, 1257.3, 1436.2, 1593, 1653.8, 2034, 1850, 522, 
1785, 772, 784, 2348, 928, 1414, 2244, 2048, 737, 11, 514, 26, 
222, 287, 1, 110, 63, 7, 25, 389, 100, 100, 100, 100, 100, 100, 
100, 100, 100, 100, 100, 2500, 2500, 2500, 2500, 2500, 2500, 
2500, 2500, 2500, 2500, 2500, 70594.671, 73184.847, 74632.508, 
53738.406, 66535.051, 66500.998, 69934.6240000001, 79293.2679999999, 
88145.669, 97975.2180000001, 125619.226, 2.83515, 2.03476, 1.4699, 
2.7768, 2.08874, 2.09576, 4.37227, 3.72889, 2.13714, 3.15632, 
2.40461, 0.99496, 1.30622, 2.46555, 1.85826, 2.26601, 1.84691, 
1.37051, 1.91833, 1.81363, 2.16866, 2.39563, 0, 0, 0, 0, 0, 0, 
0, 0, 0, 0, 0, 0, 0, 0, 0, 0, 0, 0, 0, 0, 0, 0, 0.87806, 0.88376, 
0.88852, 0.88996, 0.89016, 0.89623, 0.89834, 0.898, 0.90017, 
0.89918, 0.89861, 0.87139, 0.87635, 0.88666, 0.89082, 0.8846, 
0.89253, 0.89347, 0.89451, 0.89893, 0.8984, 0.90157, 1.2659, 
1.6045, 1.7334, 1.5394, 2.2305, 1.7337, 1.8114, 2.7908, 2.4033, 
3.3748, 3.4617, 862.1, 1037.8, 1511.6, 1277.7, 1563.8, 1453.1, 
1191.4, 1479.1, 1631.8, 1768.9, 2000.5, 1218, 496, 104, 306, 
1937, 935, 1678, 2078, 1487, 70, 362, 2, 2, 1, 1, 2, 1, 1, 1, 
1, 2, 1, 100, 100, 100, 100, 100, 100, 100, 100, 100, 100, 100, 
2500, 2500, 2500, 2500, 2500, 2500, 2500, 2500, 2500, 2500, 2500, 
105939.154, 121415.391, 99149.412, 103244.947, 123842.357, 135343.33, 
159969.404, 190726.951, 195321.389, 222552.921, 233554.254, 1, 
1, 1, 1, 1, 1, 1, 1, 1, 1, 1, 0.2, 0.2, 0.2, 0.2, 0.2, 0.2, 0.2, 
0.2, 0.2, 0.2, 0.2, 0, 0, 0, 0, 0, 0, 0, 0, 0, 0, 0, 0, 0, 0, 
0, 0, 0, 0, 0, 0, 0, 0, 0.83507, 0.83221, 0.8354, 0.8398, 0.83961, 
0.83843, 0.83906, 0.84024, 0.84047, 0.84225, 0.84579, 0.83658, 
0.83119, 0.83417, 0.83781, 0.84146, 0.83942, 0.84137, 0.83696, 
0.8415, 0.84108, 0.84393, 1.127, 1.3308, 1.2259, 0.9077, 1.2097, 
1.6792, 1.869, 1.9597, 2.0932, 2.3396, 2.0504, 927.2, 1005.7, 
1090.9, 1176.1, 1260.5, 1349.4, 1442.8, 1524.6, 1598, 1685.4, 
1757.8, 1, 1, 1, 1, 1, 1, 1, 1, 1, 1, 1, 1, 1, 1, 1, 1, 1, 1, 
1, 1, 1, 1, 1, 1, 1, 1, 1, 1, 1, 1, 1, 1, 1, 1, 1, 1, 1, 1, 1, 
1, 1, 1, 1, 1, 18.834, 20.73, 18.012, 13.184, 15.724, 21.994, 
23.274, 24.561, 26.58, 29.094, 25.121), .Dim = c(11L, 40L), .Dimnames = list(
    NULL, c("Sampling", "PSO.cost", "PSO.gamma", "PSO.data.balancing", 
    "PSO.feature.selection", "PSO.valid.acc", "PSO.test.acc", 
    "PSO.train.time", "PSO.n.support.vectors", "PSO.index", "PSO.n.solutions", 
    "PSO.generations", "PSO.n.evaluations", "PSO.cpu.time", "RS.cost", 
    "RS.gamma", "RS.data.balancing", "RS.feature.selection", 
    "RS.valid.acc", "RS.test.acc", "RS.train.time", "RS.n.support.vectors", 
    "RS.index", "RS.n.solutions", "RS.generations", "RS.n.evaluations", 
    "RS.cpu.time", "DF.cost", "DF.gamma", "DF.data.balancing", 
    "DF.feature.selection", "DF.valid.acc", "DF.test.acc", "DF.train.time", 
    "DF.n.support.vectors", "DF.index", "DF.n.solutions", "DF.generations", 
    "DF.n.evaluations", "DF.cpu.time")))
