full <-
structure(c(50, 55, 60, 65, 70, 75, 80, 85, 90, 95, 100, 1.65237, 
2.51018, 2.68702, 2.44827, 2.04123, 2.23023, 0.75562, 1.69703, 
2.12132, 1.09157, 2.16997, 1.04871, 0.87212, 1.07827, 1.42594, 
1.93686, 1.64946, 2.14429, 1.97602, 2.04257, 2.0787, 2.22701, 
0, 0, 0, 0, 0, 0, 0, 0, 0, 0, 0, 0, 0, 0, 0, 0, 0, 0, 0, 0, 0, 
0, 0.87917, 0.88004, 0.88387, 0.88513, 0.89095, 0.89426, 0.89602, 
0.9017, 0.89832, 0.89645, 0.9027, 0.87658, 0.87196, 0.8743, 0.88115, 
0.88804, 0.89327, 0.89231, 0.89952, 0.89688, 0.89255, 0.9001, 
1.2476, 1.4909, 1.6976, 1.4963, 2.0059, 1.5768, 2.8502, 2.5809, 
2.6324, 3.4485, 3.6648, 931.9, 925.9, 1013, 1166, 1435.9, 1379.5, 
1774.3, 1673.6, 1720.9, 1930.3, 1936, 1151, 1168, 1018, 1069, 
2245, 729, 940, 796, 672, 2083, 1401, 102, 86, 105, 100, 3, 259, 
60, 278, 217, 1, 6, 100, 100, 100, 100, 100, 100, 100, 100, 100, 
100, 100, 2500, 2500, 2500, 2500, 2500, 2500, 2500, 2500, 2500, 
2500, 2500, 56091.383, 62400.788, 67308.016, 50172.833, 58761.519, 
61814.686, 80958.7619999999, 80978.79, 89862.6170000001, 118239.982, 
117470.286, 4.59697, 3.03634, 2.67694, 2.29289, 5.06593, 3.14577, 
1.41032, 1.66966, 1.63109, 0.98762, 2.09241, 0.25094, 0.77015, 
0.8906, 1.80905, 0.31449, 1.55865, 2.27346, 2.06651, 2.2018, 
2.20046, 2.40344, 0, 0, 0, 0, 0, 0, 0, 0, 0, 0, 0, 0, 0, 0, 0, 
0, 0, 0, 0, 0, 0, 0, 0.87694, 0.87802, 0.88202, 0.88342, 0.89068, 
0.89229, 0.89533, 0.90039, 0.89729, 0.89489, 0.90121, 0.87027, 
0.87196, 0.87677, 0.88086, 0.89253, 0.89031, 0.8893, 0.89843, 
0.89667, 0.89236, 0.89862, 1.2319, 1.4621, 1.4265, 1.2535, 1.2924, 
1.8163, 2.8515, 2.8208, 2.7908, 3.7833, 3.2773, 702.2, 880.9, 
978.1, 1295.8, 899.7, 1279.7, 1775.3, 1721.2, 1847.4, 2006.8, 
2035.9, 98, 2216, 2280, 1514, 2201, 1397, 1792, 1617, 2408, 2374, 
2326, 1, 1, 2, 1, 1, 2, 1, 2, 1, 1, 1, 100, 100, 100, 100, 100, 
100, 100, 100, 100, 100, 100, 2500, 2500, 2500, 2500, 2500, 2500, 
2500, 2500, 2500, 2500, 2500, 109914.84, 135237.53, 119213.931, 
100278.151, 126687.19, 146963.457, 163143.549, 175378.2, 202523.109, 
201570.809, 223158.629, 1, 1, 1, 1, 1, 1, 1, 1, 1, 1, 1, 0.2, 
0.2, 0.2, 0.2, 0.2, 0.2, 0.2, 0.2, 0.2, 0.2, 0.2, 0, 0, 0, 0, 
0, 0, 0, 0, 0, 0, 0, 0, 0, 0, 0, 0, 0, 0, 0, 0, 0, 0, 0.83173, 
0.83051, 0.83415, 0.83496, 0.83721, 0.84116, 0.84183, 0.84525, 
0.84253, 0.84048, 0.84449, 0.82764, 0.83321, 0.83508, 0.84009, 
0.83933, 0.84141, 0.84252, 0.84482, 0.84315, 0.83931, 0.84263, 
1.1373, 1.3678, 1.3661, 1.1599, 1.1607, 1.5444, 1.8615, 1.8164, 
2.4273, 2.276, 2.0391, 944.3, 1036.2, 1114.2, 1195.2, 1281.6, 
1361.1, 1427.4, 1504.7, 1594.9, 1686.3, 1758.2, 1, 1, 1, 1, 1, 
1, 1, 1, 1, 1, 1, 1, 1, 1, 1, 1, 1, 1, 1, 1, 1, 1, 1, 1, 1, 1, 
1, 1, 1, 1, 1, 1, 1, 1, 1, 1, 1, 1, 1, 1, 1, 1, 1, 1, 19.483, 
21.962, 19.645, 16.572, 15.931, 20.262, 23.258, 23.686, 30.943, 
27.755, 24.664), .Dim = c(11L, 40L), .Dimnames = list(NULL, c("Sampling", 
"PSO.cost", "PSO.gamma", "PSO.data.balancing", "PSO.feature.selection", 
"PSO.valid.acc", "PSO.test.acc", "PSO.train.time", "PSO.n.support.vectors", 
"PSO.index", "PSO.n.solutions", "PSO.generations", "PSO.n.evaluations", 
"PSO.cpu.time", "RS.cost", "RS.gamma", "RS.data.balancing", "RS.feature.selection", 
"RS.valid.acc", "RS.test.acc", "RS.train.time", "RS.n.support.vectors", 
"RS.index", "RS.n.solutions", "RS.generations", "RS.n.evaluations", 
"RS.cpu.time", "DF.cost", "DF.gamma", "DF.data.balancing", "DF.feature.selection", 
"DF.valid.acc", "DF.test.acc", "DF.train.time", "DF.n.support.vectors", 
"DF.index", "DF.n.solutions", "DF.generations", "DF.n.evaluations", 
"DF.cpu.time")))
