full <-
structure(c(50, 55, 60, 65, 70, 75, 80, 85, 90, 95, 100, 6.03975, 
4.81799, 2.54732, 3.94913, 3.93204, 1.09919, 1.20417, 4.16269, 
2.85015, 1.54229, 1.60552, -0.85911, -0.92886, 2.37136, 1.05928, 
1.29656, 2.53288, 2.42145, 1.43988, 2.25541, 2.58982, 2.97187, 
0, 0, 0, 0, 0, 0, 0, 0, 0, 0, 0, 0, 0, 0, 0, 0, 0, 0, 0, 0, 0, 
0, 0.87472, 0.88511, 0.88635, 0.88771, 0.88777, 0.8866, 0.89834, 
0.89778, 0.89851, 0.90113, 0.90121, 0.87176, 0.87837, 0.87678, 
0.88399, 0.88591, 0.88388, 0.89324, 0.8932, 0.89336, 0.89762, 
0.90102, 1.552, 1.4843, 2.4464, 1.3158, 1.2598, 2.5263, 2.9924, 
2.0429, 3.3684, 4.3779, 6.2119, 645.4, 734.8, 1432, 1000, 1105.7, 
1857.8, 1869.6, 1287.2, 1775, 2138.1, 2454.4, 1032, 1131, 638, 
875, 1608, 1032, 1119, 2246, 984, 2103, 1260, 80, 119, 329, 387, 
19, 138, 60, 19, 265, 7, 114, 100, 100, 100, 100, 100, 100, 100, 
100, 100, 100, 100, 2500, 2500, 2500, 2500, 2500, 2500, 2500, 
2500, 2500, 2500, 2500, 74016.7, 67073.082, 78103.467, 60285.1359999999, 
62765.499, 78237.26, 83315.003, 76670.8800000001, 101050.928, 
118576.339, 153756.883, 6.27752, 5.55014, 2.72005, 3.80604, 3.04711, 
2.94485, 2.12329, 4.36675, 1.67107, 1.03861, 2.69395, -0.82846, 
-1.15477, 2.28992, 1.10847, 1.40262, 1.61982, 1.91253, 1.40133, 
2.28625, 2.5741, 2.34923, 0, 0, 0, 0, 0, 0, 0, 0, 0, 0, 0, 0, 
0, 0, 0, 0, 0, 0, 0, 0, 0, 0, 0.87324, 0.88309, 0.88481, 0.88657, 
0.88671, 0.88414, 0.89718, 0.89669, 0.89727, 0.90054, 0.90009, 
0.87176, 0.875, 0.87771, 0.88257, 0.88618, 0.88241, 0.89209, 
0.89146, 0.89316, 0.89801, 0.89861, 1.5911, 1.6246, 1.3116, 1.4192, 
1.4401, 1.6434, 1.9441, 2.5921, 3.3131, 4.1444, 2.8426, 636.2, 
718.6, 1390.4, 1018.6, 1184, 1329.1, 1563.2, 1261.8, 1897, 2179, 
1954.3, 1696, 2409, 251, 1585, 2267, 227, 641, 939, 1476, 2199, 
1865, 1, 1, 1, 1, 2, 1, 1, 1, 1, 1, 1, 100, 100, 100, 100, 100, 
100, 100, 100, 100, 100, 100, 2500, 2500, 2500, 2500, 2500, 2500, 
2500, 2500, 2500, 2500, 2500, 115097.878, 126809.874, 111863.776, 
106746.51, 122594.203, 139938.455, 160608.725, 180414.627, 201979.848, 
209323.738, 201871.389, 1, 1, 1, 1, 1, 1, 1, 1, 1, 1, 1, 0.2, 
0.2, 0.2, 0.2, 0.2, 0.2, 0.2, 0.2, 0.2, 0.2, 0.2, 0, 0, 0, 0, 
0, 0, 0, 0, 0, 0, 0, 0, 0, 0, 0, 0, 0, 0, 0, 0, 0, 0, 0.82541, 
0.83692, 0.83818, 0.84323, 0.83696, 0.83967, 0.84091, 0.83871, 
0.84066, 0.84536, 0.843, 0.82578, 0.83793, 0.83818, 0.84038, 
0.83722, 0.83794, 0.84114, 0.83696, 0.84292, 0.84399, 0.84226, 
1.146, 1.255, 1.095, 0.9505, 1.3209, 1.5741, 1.7294, 2.2113, 
2.0046, 2.6786, 2.0937, 938.9, 1021.5, 1115, 1187.4, 1265.2, 
1359.4, 1433.3, 1515, 1586.4, 1662.9, 1755.5, 1, 1, 1, 1, 1, 
1, 1, 1, 1, 1, 1, 1, 1, 1, 1, 1, 1, 1, 1, 1, 1, 1, 1, 1, 1, 1, 
1, 1, 1, 1, 1, 1, 1, 1, 1, 1, 1, 1, 1, 1, 1, 1, 1, 1, 19.066, 
19.498, 16.589, 14.759, 17.938, 21.18, 22.332, 29.708, 24.858, 
33.151, 25.04), .Dim = c(11L, 40L), .Dimnames = list(NULL, c("Sampling", 
"PSO.cost", "PSO.gamma", "PSO.data.balancing", "PSO.feature.selection", 
"PSO.valid.acc", "PSO.test.acc", "PSO.train.time", "PSO.n.support.vectors", 
"PSO.index", "PSO.n.solutions", "PSO.generations", "PSO.n.evaluations", 
"PSO.cpu.time", "RS.cost", "RS.gamma", "RS.data.balancing", "RS.feature.selection", 
"RS.valid.acc", "RS.test.acc", "RS.train.time", "RS.n.support.vectors", 
"RS.index", "RS.n.solutions", "RS.generations", "RS.n.evaluations", 
"RS.cpu.time", "DF.cost", "DF.gamma", "DF.data.balancing", "DF.feature.selection", 
"DF.valid.acc", "DF.test.acc", "DF.train.time", "DF.n.support.vectors", 
"DF.index", "DF.n.solutions", "DF.generations", "DF.n.evaluations", 
"DF.cpu.time")))
