full <-
structure(c(50, 55, 60, 65, 70, 75, 80, 85, 90, 95, 100, 4.31284, 
1.88468, 1.96237, 3.78306, 2.28286, 1.51314, 2.74328, 2.91089, 
2.95126, 1.28463, 1.86961, -0.5404, 2.14627, 1.61322, 0.15112, 
1.98557, 2.10104, 1.83062, 2.27024, 2.37189, 2.64284, 2.17465, 
0, 0, 0, 0, 0, 0, 0, 0, 0, 0, 0, 0, 0, 0, 0, 0, 0, 0, 0, 0, 0, 
0, 0.88176, 0.88479, 0.88297, 0.89223, 0.89121, 0.89847, 0.89417, 
0.89843, 0.90099, 0.90074, 0.90195, 0.87842, 0.88141, 0.88204, 
0.88597, 0.88697, 0.89452, 0.89208, 0.89277, 0.8979, 0.89587, 
0.89917, 0.7708, 1.3577, 1.3984, 1.2386, 2.0246, 2.5452, 2.405, 
3.2982, 3.6357, 4.339, 3.9981, 679, 1284.8, 1176.9, 883.9, 1424.4, 
1605.1, 1465.1, 1707.6, 1817.4, 2199.7, 1942.6, 2235, 1161, 806, 
2047, 1334, 1431, 415, 2343, 957, 2335, 1181, 1, 62, 127, 10, 
225, 179, 180, 1, 259, 1, 32, 100, 100, 100, 100, 100, 100, 100, 
100, 100, 100, 100, 2500, 2500, 2500, 2500, 2500, 2500, 2500, 
2500, 2500, 2500, 2500, 36354.838, 44494.553, 50278.138, 52919.518, 
70003.134, 81218.806, 80482.602, 97317.703, 109806.988, 125273.96, 
113562.415, 3.52598, 1.63806, 1.90448, 3.59532, 1.92582, 2.71061, 
3.25678, 3.34626, 2.98817, 1.18375, 1.28583, 1.25391, 2.27801, 
1.63072, 0.21026, 2.10392, 2.04745, 1.48365, 2.11493, 2.34757, 
2.58719, 2.35653, 0, 0, 0, 0, 0, 0, 0, 0, 0, 0, 0, 0, 0, 0, 0, 
0, 0, 0, 0, 0, 0, 0, 0.88137, 0.88277, 0.88204, 0.89024, 0.88936, 
0.89724, 0.89371, 0.89669, 0.90078, 0.89957, 0.90028, 0.87914, 
0.88208, 0.88142, 0.88654, 0.88803, 0.89329, 0.89417, 0.89081, 
0.89769, 0.89567, 0.89824, 0.9063, 1.5156, 1.3678, 1.2137, 2.0909, 
2.2896, 2.2269, 3.0618, 3.4593, 4.218, 4.2375, 864.4, 1352.6, 
1186, 897.6, 1497.5, 1480.6, 1306.3, 1603, 1799.3, 2179.1, 2115.7, 
140, 1141, 1726, 52, 1800, 845, 931, 1857, 1820, 1433, 993, 1, 
1, 1, 1, 1, 1, 1, 1, 1, 1, 1, 100, 100, 100, 100, 100, 100, 100, 
100, 100, 100, 100, 2500, 2500, 2500, 2500, 2500, 2500, 2500, 
2500, 2500, 2500, 2500, 64905.591, 69588.458, 81226.157, 99015.568, 
117895.133, 132549.211, 151552.964, 161836.481, 175634.117, 183692.964, 
193512.347, 1, 1, 1, 1, 1, 1, 1, 1, 1, 1, 1, 0.2, 0.2, 0.2, 0.2, 
0.2, 0.2, 0.2, 0.2, 0.2, 0.2, 0.2, 0, 0, 0, 0, 0, 0, 0, 0, 0, 
0, 0, 0, 0, 0, 0, 0, 0, 0, 0, 0, 0, 0, 0.83617, 0.83391, 0.83477, 
0.83611, 0.83799, 0.83868, 0.84159, 0.84132, 0.83964, 0.84204, 
0.84653, 0.83468, 0.83155, 0.83384, 0.83867, 0.83879, 0.84164, 
0.84067, 0.84198, 0.84211, 0.84165, 0.84356, 0.8262, 0.9668, 
1.106, 1.2502, 1.5038, 1.8466, 1.9508, 2.2035, 2.3474, 2.6288, 
2.8744, 934.8, 1016.4, 1114.6, 1193.3, 1279.5, 1358.8, 1446.2, 
1532.4, 1604.5, 1682.9, 1757, 1, 1, 1, 1, 1, 1, 1, 1, 1, 1, 1, 
1, 1, 1, 1, 1, 1, 1, 1, 1, 1, 1, 1, 1, 1, 1, 1, 1, 1, 1, 1, 1, 
1, 1, 1, 1, 1, 1, 1, 1, 1, 1, 1, 1, 11.536, 14.315, 15.908, 17.01, 
19.818, 23.818, 24.813, 27.128, 27.702, 30.672, 33.35), .Dim = c(11L, 
40L), .Dimnames = list(NULL, c("Sampling", "PSO.cost", "PSO.gamma", 
"PSO.data.balancing", "PSO.feature.selection", "PSO.valid.acc", 
"PSO.test.acc", "PSO.train.time", "PSO.n.support.vectors", "PSO.index", 
"PSO.n.solutions", "PSO.generations", "PSO.n.evaluations", "PSO.cpu.time", 
"RS.cost", "RS.gamma", "RS.data.balancing", "RS.feature.selection", 
"RS.valid.acc", "RS.test.acc", "RS.train.time", "RS.n.support.vectors", 
"RS.index", "RS.n.solutions", "RS.generations", "RS.n.evaluations", 
"RS.cpu.time", "DF.cost", "DF.gamma", "DF.data.balancing", "DF.feature.selection", 
"DF.valid.acc", "DF.test.acc", "DF.train.time", "DF.n.support.vectors", 
"DF.index", "DF.n.solutions", "DF.generations", "DF.n.evaluations", 
"DF.cpu.time")))
