full <-
structure(c(50, 55, 60, 65, 70, 75, 80, 85, 90, 95, 100, 5.3488, 
1.4108, 2.02804, 1.66566, 0.76505, 2.13242, 4.56039, 2.05605, 
3.47032, 3.05603, 2.25955, 0.33076, 1.82081, 1.37506, 1.9963, 
2.07028, 1.47754, 0.40339, 1.76092, 1.7437, 1.5316, 2.41719, 
0, 0, 0, 0, 0, 0, 0, 0, 0, 0, 0, 0, 0, 0, 0, 0, 0, 0, 0, 0, 0, 
0, 0.88287, 0.88513, 0.89129, 0.89567, 0.89413, 0.89328, 0.8988, 
0.89756, 0.89728, 0.8986, 0.90195, 0.87991, 0.88074, 0.89006, 
0.88713, 0.88857, 0.88933, 0.89695, 0.89472, 0.89419, 0.89586, 
0.89972, 1.2701, 1.814, 1.7842, 1.7852, 2.2449, 2.0014, 1.8733, 
2.2596, 2.8545, 2.5454, 4.3008, 667.8, 1190.9, 1074.6, 1378.1, 
1561.5, 1296.3, 1005.2, 1530.7, 1467.6, 1483.6, 2031.4, 842, 
1803, 744, 687, 720, 341, 1653, 735, 1280, 1395, 913, 279, 14, 
135, 234, 63, 343, 84, 304, 242, 10, 17, 100, 100, 100, 100, 
100, 100, 100, 100, 100, 100, 100, 2500, 2500, 2500, 2500, 2500, 
2500, 2500, 2500, 2500, 2500, 2500, 55203.676, 68975.266, 64797.1690000001, 
56099.1459999999, 57383.046, 60164.365, 61100.2209999999, 75895.838, 
85377.26, 97830.3999999999, 115500.86, 5.35253, 1.17794, 2.10114, 
2.56483, 1.41324, 2.16372, 4.64161, 2.2633, 1.97556, 2.45645, 
1.13522, 0.27718, 2.06824, 1.65715, 1.42242, 1.73701, 1.41325, 
0.53176, 1.58748, 2.02104, 1.69749, 2.16274, 0, 0, 0, 0, 0, 0, 
0, 0, 0, 0, 0, 0, 0, 0, 0, 0, 0, 0, 0, 0, 0, 0, 0.88213, 0.8831, 
0.88944, 0.89339, 0.89334, 0.89131, 0.89741, 0.8956, 0.89749, 
0.89742, 0.90102, 0.87842, 0.87939, 0.88882, 0.89027, 0.89069, 
0.88933, 0.89556, 0.89429, 0.89378, 0.89859, 0.90047, 1.2467, 
1.918, 1.6366, 1.4753, 2.1044, 2.1777, 2.336, 2.2824, 2.4607, 
2.8574, 3.3445, 664.2, 1281.5, 1146.6, 1107.5, 1375, 1274.5, 
1014, 1447.3, 1721.7, 1592.8, 2031.8, 2021, 612, 1184, 1519, 
804, 1312, 513, 1889, 2038, 1067, 1980, 1, 1, 1, 3, 1, 1, 1, 
2, 1, 1, 1, 100, 100, 100, 100, 100, 100, 100, 100, 100, 100, 
100, 2500, 2500, 2500, 2500, 2500, 2500, 2500, 2500, 2500, 2500, 
2500, 102330.806, 131599.494, 104288.305, 102308.388, 116905.72, 
138086.395, 157485.91, 171582.454, 188972.163, 226827.905, 248579.617, 
1, 1, 1, 1, 1, 1, 1, 1, 1, 1, 1, 0.2, 0.2, 0.2, 0.2, 0.2, 0.2, 
0.2, 0.2, 0.2, 0.2, 0.2, 0, 0, 0, 0, 0, 0, 0, 0, 0, 0, 0, 0, 
0, 0, 0, 0, 0, 0, 0, 0, 0, 0, 0.83282, 0.83253, 0.83663, 0.84038, 
0.83961, 0.84438, 0.84436, 0.84438, 0.84315, 0.84399, 0.84448, 
0.83134, 0.83489, 0.83972, 0.83953, 0.83935, 0.84314, 0.8446, 
0.84634, 0.84335, 0.84106, 0.84318, 1.1194, 1.3318, 1.0001, 1.2121, 
1.211, 1.4004, 1.6049, 1.7179, 1.9342, 2.4601, 3.2666, 954.9, 
1036, 1118.2, 1192.1, 1271.3, 1347.3, 1421.6, 1491, 1580.7, 1673.3, 
1757.7, 1, 1, 1, 1, 1, 1, 1, 1, 1, 1, 1, 1, 1, 1, 1, 1, 1, 1, 
1, 1, 1, 1, 1, 1, 1, 1, 1, 1, 1, 1, 1, 1, 1, 1, 1, 1, 1, 1, 1, 
1, 1, 1, 1, 1, 17.926, 20.44, 15.187, 17.237, 16.904, 18.3, 21.564, 
22.957, 23.838, 30.237, 39.787), .Dim = c(11L, 40L), .Dimnames = list(
    NULL, c("Sampling", "PSO.cost", "PSO.gamma", "PSO.data.balancing", 
    "PSO.feature.selection", "PSO.valid.acc", "PSO.test.acc", 
    "PSO.train.time", "PSO.n.support.vectors", "PSO.index", "PSO.n.solutions", 
    "PSO.generations", "PSO.n.evaluations", "PSO.cpu.time", "RS.cost", 
    "RS.gamma", "RS.data.balancing", "RS.feature.selection", 
    "RS.valid.acc", "RS.test.acc", "RS.train.time", "RS.n.support.vectors", 
    "RS.index", "RS.n.solutions", "RS.generations", "RS.n.evaluations", 
    "RS.cpu.time", "DF.cost", "DF.gamma", "DF.data.balancing", 
    "DF.feature.selection", "DF.valid.acc", "DF.test.acc", "DF.train.time", 
    "DF.n.support.vectors", "DF.index", "DF.n.solutions", "DF.generations", 
    "DF.n.evaluations", "DF.cpu.time")))
