full <-
structure(c(50, 55, 60, 65, 70, 75, 80, 85, 90, 95, 100, 2.48533, 
2.63419, 1.68225, 1.49232, 3.33209, 3.03621, 2.04194, 1.85593, 
1.71211, 2.76021, 1.97768, 2.03415, 1.36051, 1.56067, 1.96355, 
1.88158, 1.20516, 2.22481, 2.12546, 2.10595, 1.11941, 2.84148, 
0, 0, 0, 0, 0, 0, 0, 0, 0, 0, 0, 0, 0, 0, 0, 0, 0, 0, 0, 0, 0, 
0, 0.88141, 0.88711, 0.88173, 0.88768, 0.89069, 0.89155, 0.89323, 
0.89581, 0.89379, 0.89723, 0.90472, 0.8762, 0.88377, 0.88081, 
0.88539, 0.88567, 0.88736, 0.89231, 0.89407, 0.8944, 0.89099, 
0.90121, 1.6867, 1.6513, 1.5478, 1.4974, 1.8518, 1.625, 2.4391, 
2.2551, 2.7773, 2.6486, 4.2652, 1136.3, 1022.8, 1208.5, 1413.3, 
1320.6, 1211.6, 1700, 1758.8, 1817.8, 1420.7, 2328.3, 1034, 1148, 
1930, 2061, 867, 1177, 1287, 1884, 1135, 2430, 1281, 292, 32, 
42, 13, 205, 255, 136, 19, 56, 40, 173, 100, 100, 100, 100, 100, 
100, 100, 100, 100, 100, 100, 2500, 2500, 2500, 2500, 2500, 2500, 
2500, 2500, 2500, 2500, 2500, 64444.237, 65729.802, 66922.97, 
55803.2610000001, 61439.4720000001, 65763.741, 85552.4170000001, 
85287.379, 94428.4080000001, 95938.0289999999, 131908.419, 2.5728, 
2.4252, 1.38352, 2.07213, 3.38901, 3.05678, 1.96978, 2.91329, 
1.78097, 2.86512, 2.05305, 2.03043, 1.35698, 1.64543, 1.17118, 
1.84604, 1.16779, 2.26935, 2.11903, 2.17557, 1.0339, 2.88997, 
0, 0, 0, 0, 0, 0, 0, 0, 0, 0, 0, 0, 0, 0, 0, 0, 0, 0, 0, 0, 0, 
0, 0.88067, 0.88509, 0.87956, 0.88597, 0.89016, 0.88983, 0.89231, 
0.89472, 0.89297, 0.89703, 0.90361, 0.87583, 0.88276, 0.88019, 
0.8834, 0.88619, 0.8881, 0.89138, 0.89363, 0.89523, 0.89177, 
0.90139, 1.6465, 1.6362, 1.249, 1.3872, 1.7756, 1.5769, 2.4737, 
3.0211, 2.6081, 2.5701, 4.2982, 1131, 1035, 1256.4, 1147.6, 1303.6, 
1200.4, 1725.5, 1655.9, 1843, 1393.6, 2355.6, 321, 2064, 1383, 
1285, 944, 659, 532, 1729, 1718, 1175, 1580, 1, 1, 3, 1, 1, 1, 
1, 1, 1, 1, 1, 100, 100, 100, 100, 100, 100, 100, 100, 100, 100, 
100, 2500, 2500, 2500, 2500, 2500, 2500, 2500, 2500, 2500, 2500, 
2500, 116432.518, 131776.951, 103391.842, 106847.498, 130300.509, 
138078.678, 155223.778, 179107.705, 210182.447, 225221.819, 218159.629, 
1, 1, 1, 1, 1, 1, 1, 1, 1, 1, 1, 0.2, 0.2, 0.2, 0.2, 0.2, 0.2, 
0.2, 0.2, 0.2, 0.2, 0.2, 0, 0, 0, 0, 0, 0, 0, 0, 0, 0, 0, 0, 
0, 0, 0, 0, 0, 0, 0, 0, 0, 0, 0.83728, 0.83589, 0.83292, 0.83752, 
0.8367, 0.83894, 0.83929, 0.83869, 0.83821, 0.84399, 0.84504, 
0.83542, 0.83318, 0.83756, 0.83896, 0.8367, 0.8382, 0.83928, 
0.83673, 0.83739, 0.84243, 0.84263, 1.155, 1.3637, 0.9491, 1.1082, 
1.3122, 1.4425, 1.5722, 2.0648, 2.1078, 2.4777, 2.0286, 957.2, 
1034.8, 1122.6, 1200.9, 1278.2, 1359, 1440.7, 1533.6, 1622.7, 
1676.4, 1757.8, 1, 1, 1, 1, 1, 1, 1, 1, 1, 1, 1, 1, 1, 1, 1, 
1, 1, 1, 1, 1, 1, 1, 1, 1, 1, 1, 1, 1, 1, 1, 1, 1, 1, 1, 1, 1, 
1, 1, 1, 1, 1, 1, 1, 1, 19.27, 22.303, 14.751, 15.729, 18.138, 
20.511, 20.965, 25.881, 26.853, 31.243, 23.983), .Dim = c(11L, 
40L), .Dimnames = list(NULL, c("Sampling", "PSO.cost", "PSO.gamma", 
"PSO.data.balancing", "PSO.feature.selection", "PSO.valid.acc", 
"PSO.test.acc", "PSO.train.time", "PSO.n.support.vectors", "PSO.index", 
"PSO.n.solutions", "PSO.generations", "PSO.n.evaluations", "PSO.cpu.time", 
"RS.cost", "RS.gamma", "RS.data.balancing", "RS.feature.selection", 
"RS.valid.acc", "RS.test.acc", "RS.train.time", "RS.n.support.vectors", 
"RS.index", "RS.n.solutions", "RS.generations", "RS.n.evaluations", 
"RS.cpu.time", "DF.cost", "DF.gamma", "DF.data.balancing", "DF.feature.selection", 
"DF.valid.acc", "DF.test.acc", "DF.train.time", "DF.n.support.vectors", 
"DF.index", "DF.n.solutions", "DF.generations", "DF.n.evaluations", 
"DF.cpu.time")))
