full <-
structure(c(50, 55, 60, 65, 70, 75, 80, 85, 90, 95, 100, 1.95049, 
2.48914, 4.59512, 5.61988, 2.99828, 1.27363, 1.5818, 3.09506, 
3.01063, 2.56576, 3.30399, 1.98015, 2.32816, -0.06592, 0.49569, 
1.51604, 2.10475, 1.97403, 2.16695, 1.41707, 1.64006, 1.19087, 
0, 0, 0, 0, 0, 0, 0, 0, 0, 0, 0, 0, 0, 0, 0, 0, 0, 0, 0, 0, 0, 
0, 0.88066, 0.88949, 0.89038, 0.89281, 0.89147, 0.89674, 0.89741, 
0.89647, 0.89851, 0.89938, 0.90491, 0.87584, 0.88509, 0.88667, 
0.88397, 0.88803, 0.89699, 0.89464, 0.89364, 0.89439, 0.89722, 
0.9038, 1.6663, 2.4377, 1.6167, 1.1968, 1.7793, 2.2004, 2.3899, 
2.4397, 2.3314, 2.5653, 2.6282, 1137.4, 1322.4, 815, 856.9, 1212.7, 
1631.9, 1614.9, 1645.6, 1416.4, 1579.6, 1429.8, 1444, 2032, 708, 
1668, 994, 826, 1589, 1012, 1282, 1575, 949, 74, 34, 50, 74, 
90, 214, 59, 111, 104, 67, 31, 100, 100, 100, 100, 100, 100, 
100, 100, 100, 100, 100, 2500, 2500, 2500, 2500, 2500, 2500, 
2500, 2500, 2500, 2500, 2500, 59991.781, 80852.503, 65637.579, 
61500.8640000001, 57993.72, 80142.5129999999, 72440.0699999998, 
84159.943, 81862.835, 115891.939, 98028.3300000001, 1.93945, 
2.37389, 3.777, 5.28631, 5.56187, 1.22833, 1.40327, 2.97787, 
1.4206, 2.1167, 3.66753, 2.01169, 2.32923, 0.28317, 0.56902, 
-0.21044, 2.17956, 1.80606, 2.13527, 2.48761, 1.80292, 1.19303, 
0, 0, 0, 0, 0, 0, 0, 0, 0, 0, 0, 0, 0, 0, 0, 0, 0, 0, 0, 0, 0, 
0, 0.87992, 0.88848, 0.88946, 0.89167, 0.89121, 0.89378, 0.89695, 
0.8956, 0.89604, 0.8984, 0.9038, 0.87584, 0.88509, 0.88297, 0.8834, 
0.88221, 0.896, 0.89556, 0.89386, 0.8946, 0.89703, 0.90213, 1.6339, 
2.3585, 0.9643, 1.367, 1.6111, 2.0243, 1.8339, 2.345, 3.1966, 
3.0623, 2.586, 1149.8, 1327.4, 865.6, 874.3, 873.9, 1668, 1564.3, 
1637.3, 2020.4, 1681.9, 1397.8, 119, 1185, 1720, 1102, 1082, 
848, 2157, 1023, 1927, 106, 92, 1, 1, 1, 1, 1, 1, 1, 1, 2, 1, 
3, 100, 100, 100, 100, 100, 100, 100, 100, 100, 100, 100, 2500, 
2500, 2500, 2500, 2500, 2500, 2500, 2500, 2500, 2500, 2500, 104782.401, 
132772.395, 112260.998, 120813.796, 149481.547, 146599.163, 162802.924, 
178831.029, 187549.238, 222800.604, 215284.534, 1, 1, 1, 1, 1, 
1, 1, 1, 1, 1, 1, 0.2, 0.2, 0.2, 0.2, 0.2, 0.2, 0.2, 0.2, 0.2, 
0.2, 0.2, 0, 0, 0, 0, 0, 0, 0, 0, 0, 0, 0, 0, 0, 0, 0, 0, 0, 
0, 0, 0, 0, 0, 0.83987, 0.84029, 0.84126, 0.83866, 0.83747, 0.84189, 
0.84113, 0.84503, 0.83985, 0.84262, 0.8443, 0.83987, 0.83625, 
0.84032, 0.83866, 0.83879, 0.84189, 0.84252, 0.84307, 0.8382, 
0.84028, 0.84449, 1.1057, 1.3749, 1.1317, 0.9756, 1.4068, 1.4219, 
1.5774, 2.1591, 2.6009, 2.8273, 2.0529, 922.8, 1008.2, 1109.2, 
1185.3, 1271.5, 1350.1, 1431.2, 1515.5, 1616.5, 1686.6, 1756.4, 
1, 1, 1, 1, 1, 1, 1, 1, 1, 1, 1, 1, 1, 1, 1, 1, 1, 1, 1, 1, 1, 
1, 1, 1, 1, 1, 1, 1, 1, 1, 1, 1, 1, 1, 1, 1, 1, 1, 1, 1, 1, 1, 
1, 1, 18.182, 22.912, 16.561, 14.871, 19.188, 18.842, 20.364, 
27.216, 31.445, 33.993, 25.224), .Dim = c(11L, 40L), .Dimnames = list(
    NULL, c("Sampling", "PSO.cost", "PSO.gamma", "PSO.data.balancing", 
    "PSO.feature.selection", "PSO.valid.acc", "PSO.test.acc", 
    "PSO.train.time", "PSO.n.support.vectors", "PSO.index", "PSO.n.solutions", 
    "PSO.generations", "PSO.n.evaluations", "PSO.cpu.time", "RS.cost", 
    "RS.gamma", "RS.data.balancing", "RS.feature.selection", 
    "RS.valid.acc", "RS.test.acc", "RS.train.time", "RS.n.support.vectors", 
    "RS.index", "RS.n.solutions", "RS.generations", "RS.n.evaluations", 
    "RS.cpu.time", "DF.cost", "DF.gamma", "DF.data.balancing", 
    "DF.feature.selection", "DF.valid.acc", "DF.test.acc", "DF.train.time", 
    "DF.n.support.vectors", "DF.index", "DF.n.solutions", "DF.generations", 
    "DF.n.evaluations", "DF.cpu.time")))
