full <-
structure(c(50, 55, 60, 65, 70, 75, 80, 85, 90, 95, 100, 4.31122, 
2.29831, 3.1597, 1.95428, 3.17651, 2.71646, 2.35989, 1.2015, 
1.0098, 3.1731, 4.12641, 1.10168, 1.60926, -0.0792, 1.76243, 
1.78876, 2.00044, 2.40474, 2.29761, 2.53994, 1.88887, 1.79225, 
0, 0, 0, 0, 0, 0, 0, 0, 0, 0, 0, 0, 0, 0, 0, 0, 0, 0, 0, 0, 0, 
0, 0.87805, 0.87567, 0.88111, 0.8897, 0.89783, 0.89575, 0.90319, 
0.90235, 0.90119, 0.89859, 0.90324, 0.87138, 0.87365, 0.87864, 
0.88713, 0.89545, 0.89427, 0.89879, 0.89995, 0.89687, 0.89723, 
0.89805, 0.7545, 0.9502, 0.8893, 1.4705, 1.7199, 1.9673, 2.6693, 
2.8946, 3.3248, 2.9101, 3.1385, 812.1, 1088.5, 854.5, 1289.4, 
1276.6, 1447.5, 1741.7, 1865.4, 2087.3, 1616.2, 1565.8, 1762, 
889, 407, 988, 1669, 1108, 840, 2144, 2100, 1178, 1457, 9, 75, 
60, 11, 19, 155, 268, 33, 34, 110, 37, 100, 100, 100, 100, 100, 
100, 100, 100, 100, 100, 100, 2500, 2500, 2500, 2500, 2500, 2500, 
2500, 2500, 2500, 2500, 2500, 31165.538, 34893.698, 36789.657, 
45667.454, 55784.52, 61526.825, 76264.488, 81521.17, 99236.5020000001, 
90754.838, 103421.699, 4.8281, 2.24722, 2.98604, 2.33535, 2.99785, 
2.42478, 2.16791, 1.87901, 2.05846, 4.13297, 3.67269, 0.90079, 
1.59661, -0.06015, 1.54201, 1.83671, 1.87173, 2.38703, 2.36107, 
1.76754, 1.50624, 1.98363, 0, 0, 0, 0, 0, 0, 0, 0, 0, 0, 0, 0, 
0, 0, 0, 0, 0, 0, 0, 0, 0, 0, 0.87657, 0.875, 0.88049, 0.88827, 
0.89624, 0.89378, 0.90203, 0.90104, 0.90016, 0.89781, 0.90176, 
0.87138, 0.87467, 0.87709, 0.88485, 0.89544, 0.89452, 0.8981, 
0.89973, 0.89666, 0.89665, 0.89861, 0.7477, 1.0273, 0.9017, 1.3861, 
1.6134, 1.942, 2.5741, 2.8797, 2.3832, 2.5727, 3.351, 761.5, 
1088.5, 864.1, 1191.2, 1311.2, 1415, 1747.9, 1831.4, 1602.8, 
1403.4, 1685.5, 545, 1188, 2434, 2234, 99, 2357, 169, 1689, 513, 
455, 1710, 1, 1, 1, 1, 1, 2, 1, 1, 1, 1, 1, 100, 100, 100, 100, 
100, 100, 100, 100, 100, 100, 100, 2500, 2500, 2500, 2500, 2500, 
2500, 2500, 2500, 2500, 2500, 2500, 54485.346, 66925.226, 74136.5, 
86452.779, 103358.65, 111623.568, 131743.907, 134095.151, 164122.573, 
158008.028, 193326.784, 1, 1, 1, 1, 1, 1, 1, 1, 1, 1, 1, 0.2, 
0.2, 0.2, 0.2, 0.2, 0.2, 0.2, 0.2, 0.2, 0.2, 0.2, 0, 0, 0, 0, 
0, 0, 0, 0, 0, 0, 0, 0, 0, 0, 0, 0, 0, 0, 0, 0, 0, 0, 0.83244, 
0.83625, 0.83109, 0.83099, 0.83697, 0.83843, 0.84669, 0.84372, 
0.84665, 0.84653, 0.84375, 0.8354, 0.83624, 0.83356, 0.8307, 
0.83512, 0.83843, 0.84461, 0.84503, 0.84788, 0.84399, 0.84578, 
0.6667, 0.7948, 0.9318, 1.1198, 1.2579, 1.4573, 1.5522, 1.7154, 
2.0871, 2.3458, 2.6839, 910, 993.6, 1077.6, 1168, 1251.5, 1335.1, 
1424.4, 1503.6, 1585.8, 1673.1, 1756.1, 1, 1, 1, 1, 1, 1, 1, 
1, 1, 1, 1, 1, 1, 1, 1, 1, 1, 1, 1, 1, 1, 1, 1, 1, 1, 1, 1, 1, 
1, 1, 1, 1, 1, 1, 1, 1, 1, 1, 1, 1, 1, 1, 1, 1, 10.181, 11.555, 
12.886, 15.205, 16.702, 18.714, 19.416, 20.927, 25.029, 27.8, 
31.553), .Dim = c(11L, 40L), .Dimnames = list(NULL, c("Sampling", 
"PSO.cost", "PSO.gamma", "PSO.data.balancing", "PSO.feature.selection", 
"PSO.valid.acc", "PSO.test.acc", "PSO.train.time", "PSO.n.support.vectors", 
"PSO.index", "PSO.n.solutions", "PSO.generations", "PSO.n.evaluations", 
"PSO.cpu.time", "RS.cost", "RS.gamma", "RS.data.balancing", "RS.feature.selection", 
"RS.valid.acc", "RS.test.acc", "RS.train.time", "RS.n.support.vectors", 
"RS.index", "RS.n.solutions", "RS.generations", "RS.n.evaluations", 
"RS.cpu.time", "DF.cost", "DF.gamma", "DF.data.balancing", "DF.feature.selection", 
"DF.valid.acc", "DF.test.acc", "DF.train.time", "DF.n.support.vectors", 
"DF.index", "DF.n.solutions", "DF.generations", "DF.n.evaluations", 
"DF.cpu.time")))
