full <-
structure(c(50, 55, 60, 65, 70, 75, 80, 85, 90, 95, 100, 1.24233, 
0.94795, 3.05937, 1.39738, 2.2816, 3.37002, 2.90182, 1.49501, 
1.24629, 2.25115, 1.59731, 1.04871, 1.97346, 1.98, 1.812, 2.13416, 
2.04562, 1.32531, 2.48503, 2.32102, 1.68143, 2.78186, 0, 0, 0, 
0, 0, 0, 0, 0, 0, 0, 0, 0, 0, 0, 0, 0, 0, 0, 0, 0, 0, 0, 0.87916, 
0.8841, 0.88202, 0.88484, 0.88831, 0.89131, 0.89463, 0.898, 0.9014, 
0.90094, 0.90343, 0.8762, 0.87906, 0.87182, 0.878, 0.88592, 0.88686, 
0.89115, 0.89909, 0.90037, 0.89878, 0.89916, 1.2835, 1.916, 2.0079, 
1.5435, 2.1017, 2.3196, 1.8974, 2.7825, 3.1838, 2.689, 4.12, 
957, 1284.7, 1250.4, 1377.3, 1499.4, 1447.1, 1302.1, 1933.7, 
1956.6, 1633.9, 2335.7, 871, 908, 1350, 1061, 1113, 955, 872, 
1038, 510, 1259, 1600, 373, 109, 46, 7, 51, 91, 226, 210, 65, 
117, 66, 100, 100, 100, 100, 100, 100, 100, 100, 100, 100, 100, 
2500, 2500, 2500, 2500, 2500, 2500, 2500, 2500, 2500, 2500, 2500, 
56176.748, 74846.197, 66672.947, 56088.696, 63873.914, 73631.618, 
65455.4849999999, 91768.6459999999, 104645.203, 92984.054, 135615.696, 
0.90842, 1.40305, 3.04974, 1.75412, 2.5066, 3.33465, 2.73387, 
1.70253, 1.36322, 2.55375, 2.4748, 1.88143, 1.7133, 1.9102, 1.34708, 
2.12645, 2.43673, 1.66128, 2.35741, 2.46162, 1.56625, 2.41751, 
0, 0, 0, 0, 0, 0, 0, 0, 0, 0, 0, 0, 0, 0, 0, 0, 0, 0, 0, 0, 0, 
0, 0.87768, 0.88241, 0.8814, 0.88256, 0.88646, 0.89007, 0.8937, 
0.89712, 0.90037, 0.89938, 0.90158, 0.87398, 0.88173, 0.87275, 
0.87743, 0.88645, 0.88537, 0.88814, 0.89887, 0.89955, 0.89976, 
0.89935, 1.5793, 1.7699, 1.6333, 1.5848, 1.7419, 2.1637, 2.1601, 
2.6554, 3.1013, 2.7358, 2.9152, 1183.6, 1177.7, 1227.5, 1215, 
1482.2, 1640.5, 1404.7, 1850.9, 2013.6, 1564.1, 2014.9, 2286, 
1027, 2052, 2464, 583, 1153, 602, 2043, 617, 640, 2354, 1, 1, 
1, 1, 1, 1, 1, 1, 4, 1, 2, 100, 100, 100, 100, 100, 100, 100, 
100, 100, 100, 100, 2500, 2500, 2500, 2500, 2500, 2500, 2500, 
2500, 2500, 2500, 2500, 107605.862, 140306.892, 103724.501, 108380.649, 
125086.109, 147242.804, 156756.478, 163975.897, 200188.808, 216372.401, 
213221.838, 1, 1, 1, 1, 1, 1, 1, 1, 1, 1, 1, 0.2, 0.2, 0.2, 0.2, 
0.2, 0.2, 0.2, 0.2, 0.2, 0.2, 0.2, 0, 0, 0, 0, 0, 0, 0, 0, 0, 
0, 0, 0, 0, 0, 0, 0, 0, 0, 0, 0, 0, 0, 0.84247, 0.84062, 0.84095, 
0.83552, 0.84013, 0.83746, 0.8416, 0.83523, 0.84088, 0.84283, 
0.84671, 0.83949, 0.84198, 0.83445, 0.83952, 0.83987, 0.83794, 
0.84276, 0.83828, 0.83821, 0.84321, 0.84281, 1.1135, 1.3316, 
1.1325, 1.2218, 1.3756, 1.4869, 1.5494, 2.0144, 2.2947, 2.1763, 
2.0418, 926.4, 1011.7, 1102.2, 1188.5, 1261.7, 1348.8, 1434.3, 
1523.4, 1602.4, 1678.6, 1758.2, 1, 1, 1, 1, 1, 1, 1, 1, 1, 1, 
1, 1, 1, 1, 1, 1, 1, 1, 1, 1, 1, 1, 1, 1, 1, 1, 1, 1, 1, 1, 1, 
1, 1, 1, 1, 1, 1, 1, 1, 1, 1, 1, 1, 1, 19.841, 22.18, 16.604, 
17.097, 19.522, 20.002, 19.949, 24.786, 27.826, 26.356, 25.038
), .Dim = c(11L, 40L), .Dimnames = list(NULL, c("Sampling", "PSO.cost", 
"PSO.gamma", "PSO.data.balancing", "PSO.feature.selection", "PSO.valid.acc", 
"PSO.test.acc", "PSO.train.time", "PSO.n.support.vectors", "PSO.index", 
"PSO.n.solutions", "PSO.generations", "PSO.n.evaluations", "PSO.cpu.time", 
"RS.cost", "RS.gamma", "RS.data.balancing", "RS.feature.selection", 
"RS.valid.acc", "RS.test.acc", "RS.train.time", "RS.n.support.vectors", 
"RS.index", "RS.n.solutions", "RS.generations", "RS.n.evaluations", 
"RS.cpu.time", "DF.cost", "DF.gamma", "DF.data.balancing", "DF.feature.selection", 
"DF.valid.acc", "DF.test.acc", "DF.train.time", "DF.n.support.vectors", 
"DF.index", "DF.n.solutions", "DF.generations", "DF.n.evaluations", 
"DF.cpu.time")))
