full <-
structure(c(50, 55, 60, 65, 70, 75, 80, 85, 90, 95, 100, 0.62928, 
0.22953, 0.66658, 9.27051, 6.31645, 7.43508, -1.04577, -0.7066, 
3.86197, 8.9707, -0.27405, 0.36763, 1.08127, -2.006, -13.73661, 
-2.59044, -8.2753, -1.16181, 0.16221, -1.06378, -5.59305, -1.12843, 
0, 0, 0, 0, 0, 0, 0, 0, 0, 0, 0, 0, 0, 0, 0, 0, 0, 0, 0, 0, 0, 
0, 0.73692, 0.73439, 0.74449, 0.73099, 0.74073, 0.72957, 0.72428, 
0.74001, 0.74969, 0.73675, 0.74076, 0.7374, 0.74022, 0.73962, 
0.73099, 0.7052, 0.71548, 0.71935, 0.72349, 0.69877, 0.72975, 
0.72685, 0.0135, 0.0125, 0.0125, 0.0182, 0.0219, 0.0213, 0.017, 
0.0173, 0.0214, 0.0333, 0.019, 80.4, 96.4, 85.8, 96, 92.9, 103.3, 
117.9, 129.8, 118.1, 122.8, 135.7, 102, 1130, 1066, 4, 158, 27, 
2423, 226, 523, 1115, 544, 57, 61, 50, 2128, 90, 394, 3, 339, 
186, 29, 72, 100, 100, 100, 100, 100, 100, 100, 100, 100, 100, 
100, 2500, 2500, 2500, 2500, 2500, 2500, 2500, 2500, 2500, 2500, 
2500, 7921.42, 7856.921, 8847.683, 8108.667, 9945.56299999999, 
8520.762, 7988.18799999999, 7817.59300000001, 11249.543, 9657.886, 
8035.28, 0.3175, 3.41849, -0.01767, -0.84869, 14.55538, -0.97896, 
-1.17498, -1.10606, 3.0178, 10.09188, 0.79751, 1.12115, -1.12279, 
-2.28593, 0.18383, -5.68769, -1.62274, -1.12077, -0.58155, -0.90596, 
-5.94901, -3.31667, 0, 0, 0, 0, 0, 0, 0, 0, 0, 0, 0, 0, 0, 0, 
0, 0, 0, 0, 0, 0, 0, 0, 0.74256, 0.73397, 0.73893, 0.73099, 0.74023, 
0.73411, 0.71973, 0.73167, 0.74585, 0.73318, 0.74076, 0.74359, 
0.70892, 0.73305, 0.72544, 0.7147, 0.72911, 0.71935, 0.71099, 
0.69877, 0.73346, 0.71983, 0.0115, 0.0131, 0.0141, 0.0147, 0.4882, 
0.0162, 0.0156, 0.0181, 0.019, 0.0446, 0.0185, 86.2, 82.3, 85.8, 
101, 89.9, 106.9, 118.3, 124.6, 119.5, 122.3, 130, 331, 91, 73, 
2, 779, 14, 465, 823, 2206, 1460, 8, 2, 2, 6, 1018, 5, 9, 2, 
1, 1, 1, 1, 100, 100, 100, 100, 100, 100, 100, 100, 100, 100, 
100, 2500, 2500, 2500, 2500, 2500, 2500, 2500, 2500, 2500, 2500, 
2500, 8758.769, 8772.82, 8974.088, 9362.16899999999, 9080.56200000001, 
9555.62000000001, 9359.306, 9435.796, 9918.59700000001, 9695.61499999999, 
10238.024, 1, 1, 1, 1, 1, 1, 1, 1, 1, 1, 1, 0.33333, 0.33333, 
0.33333, 0.33333, 0.33333, 0.33333, 0.33333, 0.33333, 0.33333, 
0.33333, 0.33333, 0, 0, 0, 0, 0, 0, 0, 0, 0, 0, 0, 0, 0, 0, 0, 
0, 0, 0, 0, 0, 0, 0, 0.73645, 0.72184, 0.73893, 0.70936, 0.72573, 
0.7105, 0.68472, 0.71514, 0.71092, 0.71823, 0.7303, 0.73645, 
0.72184, 0.74518, 0.71988, 0.72073, 0.70595, 0.69722, 0.73164, 
0.71862, 0.72962, 0.72685, 0.0121, 0.0133, 0.0131, 0.0143, 0.0149, 
0.016, 0.016, 0.0162, 0.0187, 0.0199, 0.0193, 75.7, 84.9, 88.1, 
93.4, 99.4, 106.8, 114.8, 116, 122.4, 130.9, 133.6, 1, 1, 1, 
1, 1, 1, 1, 1, 1, 1, 1, 1, 1, 1, 1, 1, 1, 1, 1, 1, 1, 1, 1, 1, 
1, 1, 1, 1, 1, 1, 1, 1, 1, 1, 1, 1, 1, 1, 1, 1, 1, 1, 1, 1, 3.153, 
3.161, 3.151, 3.141, 3.268, 3.325, 3.194, 2.972, 3.239, 3.166, 
3.273), .Dim = c(11L, 40L), .Dimnames = list(NULL, c("Sampling", 
"PSO.cost", "PSO.gamma", "PSO.data.balancing", "PSO.feature.selection", 
"PSO.valid.acc", "PSO.test.acc", "PSO.train.time", "PSO.n.support.vectors", 
"PSO.index", "PSO.n.solutions", "PSO.generations", "PSO.n.evaluations", 
"PSO.cpu.time", "RS.cost", "RS.gamma", "RS.data.balancing", "RS.feature.selection", 
"RS.valid.acc", "RS.test.acc", "RS.train.time", "RS.n.support.vectors", 
"RS.index", "RS.n.solutions", "RS.generations", "RS.n.evaluations", 
"RS.cpu.time", "DF.cost", "DF.gamma", "DF.data.balancing", "DF.feature.selection", 
"DF.valid.acc", "DF.test.acc", "DF.train.time", "DF.n.support.vectors", 
"DF.index", "DF.n.solutions", "DF.generations", "DF.n.evaluations", 
"DF.cpu.time")))
