full <-
structure(c(50, 55, 60, 65, 70, 75, 80, 85, 90, 95, 100, 13.17116, 
1.06753, 9.76109, 3.70016, 13.18218, 8.1789, -0.90105, -0.35072, 
-1.06365, 10.14816, 8.54701, -5.41784, -10.86559, -4.33674, -11.91758, 
-5.78334, -5.23106, -0.366, -0.23175, -12.99025, -5.98383, -5.88383, 
0, 0, 0, 0, 0, 0, 0, 0, 0, 0, 0, 0, 0, 0, 0, 0, 0, 0, 0, 0, 0, 
0, 0.76564, 0.73451, 0.7219, 0.72047, 0.75352, 0.73853, 0.71889, 
0.72783, 0.71499, 0.745, 0.75135, 0.73128, 0.73451, 0.68105, 
0.72047, 0.71895, 0.71991, 0.69751, 0.71933, 0.71499, 0.7376, 
0.73744, 0.0801, 0.0116, 0.0284, 0.0137, 0.1266, 0.0234, 0.0165, 
0.0182, 0.0157, 0.0459, 0.0327, 61.6, 70.4, 78.9, 91.4, 86.9, 
98.3, 121.5, 127.6, 116.8, 118.6, 127.8, 304, 3, 1350, 7, 416, 
908, 1730, 678, 12, 149, 473, 305, 2155, 21, 2071, 205, 60, 6, 
261, 2021, 134, 93, 100, 100, 100, 100, 100, 100, 100, 100, 100, 
100, 100, 2500, 2500, 2500, 2500, 2500, 2500, 2500, 2500, 2500, 
2500, 2500, 9802.464, 8020.623, 8404.745, 7904.85, 9467.413, 
9138.94900000001, 7915.708, 8127.833, 7955.89499999999, 10205.078, 
9276.89600000001, 10.934, -0.26724, 6.79588, 13.40216, 11.15582, 
11.51099, -0.93672, -0.41838, 13.2746, 11.34452, 12.39257, -4.70924, 
0.44554, -3.34752, -8.89681, -5.19664, -6.42968, -0.40465, -0.21272, 
-6.48364, -6.35942, -7.18974, 0, 0, 0, 0, 0, 0, 0, 0, 0, 0, 0, 
0, 0, 0, 0, 0, 0, 0, 0, 0, 0, 0, 0.76564, 0.74076, 0.72157, 0.72105, 
0.75352, 0.73853, 0.71472, 0.72367, 0.71866, 0.745, 0.75135, 
0.72462, 0.72863, 0.67516, 0.70468, 0.72847, 0.71991, 0.68882, 
0.71933, 0.69852, 0.7376, 0.73744, 0.0354, 0.013, 0.0163, 0.0732, 
0.0559, 0.0386, 0.0171, 0.017, 0.179, 0.0645, 0.095, 62.3, 87, 
80.9, 86.8, 87.6, 98.2, 121.6, 128, 114.1, 118.2, 127.6, 128, 
603, 34, 103, 496, 1775, 2374, 17, 145, 75, 1029, 9, 1, 4, 28, 
2, 1, 1, 1, 3, 4, 1, 100, 100, 100, 100, 100, 100, 100, 100, 
100, 100, 100, 2500, 2500, 2500, 2500, 2500, 2500, 2500, 2500, 
2500, 2500, 2500, 8354.257, 8517.912, 8597.52, 8970.638, 8809.68599999999, 
9005.605, 8804.89099999999, 8970.016, 9531.48200000002, 9534.15699999998, 
10313.219, 1, 1, 1, 1, 1, 1, 1, 1, 1, 1, 1, 0.33333, 0.33333, 
0.33333, 0.33333, 0.33333, 0.33333, 0.33333, 0.33333, 0.33333, 
0.33333, 0.33333, 0, 0, 0, 0, 0, 0, 0, 0, 0, 0, 0, 0, 0, 0, 0, 
0, 0, 0, 0, 0, 0, 0, 0.71597, 0.72826, 0.69216, 0.70497, 0.72019, 
0.70996, 0.69279, 0.707, 0.68712, 0.73017, 0.72672, 0.70161, 
0.72238, 0.69216, 0.70936, 0.70516, 0.71039, 0.68467, 0.70283, 
0.69852, 0.73388, 0.73017, 0.0117, 0.0133, 0.0123, 0.0131, 0.0149, 
0.0161, 0.0167, 0.0162, 0.0184, 0.0185, 0.0189, 71.2, 76.5, 86.6, 
92.6, 95.8, 104.8, 113.6, 119.3, 124.6, 126.5, 133.3, 1, 1, 1, 
1, 1, 1, 1, 1, 1, 1, 1, 1, 1, 1, 1, 1, 1, 1, 1, 1, 1, 1, 1, 1, 
1, 1, 1, 1, 1, 1, 1, 1, 1, 1, 1, 1, 1, 1, 1, 1, 1, 1, 1, 1, 3.239, 
3.277, 3.22, 3.269, 3.254, 3.239, 3.292, 3.004, 3.134, 3.08, 
3.229), .Dim = c(11L, 40L), .Dimnames = list(NULL, c("Sampling", 
"PSO.cost", "PSO.gamma", "PSO.data.balancing", "PSO.feature.selection", 
"PSO.valid.acc", "PSO.test.acc", "PSO.train.time", "PSO.n.support.vectors", 
"PSO.index", "PSO.n.solutions", "PSO.generations", "PSO.n.evaluations", 
"PSO.cpu.time", "RS.cost", "RS.gamma", "RS.data.balancing", "RS.feature.selection", 
"RS.valid.acc", "RS.test.acc", "RS.train.time", "RS.n.support.vectors", 
"RS.index", "RS.n.solutions", "RS.generations", "RS.n.evaluations", 
"RS.cpu.time", "DF.cost", "DF.gamma", "DF.data.balancing", "DF.feature.selection", 
"DF.valid.acc", "DF.test.acc", "DF.train.time", "DF.n.support.vectors", 
"DF.index", "DF.n.solutions", "DF.generations", "DF.n.evaluations", 
"DF.cpu.time")))
