full <-
structure(c(50, 55, 60, 65, 70, 75, 80, 85, 90, 95, 100, 7.19812, 
4.44654, 13.93756, 8.91936, -0.9027, 5.29596, 12.3242, 2.15118, 
15, -0.24826, 14.74097, -5.2018, -9.62033, -9.5282, -7.19779, 
-13.39561, -5.42457, -9.25476, -13.32694, -6.90364, -1.42765, 
-9.32225, 0, 0, 0, 0, 0, 0, 0, 0, 0, 0, 0, 0, 0, 0, 0, 0, 0, 
0, 0, 0, 0, 0, 0.72857, 0.71559, 0.73337, 0.73158, 0.73523, 0.73853, 
0.7321, 0.72749, 0.73831, 0.73662, 0.74741, 0.7219, 0.71559, 
0.73337, 0.70468, 0.73523, 0.729, 0.71471, 0.72749, 0.72262, 
0.72565, 0.74397, 0.0147, 0.0129, 0.0336, 0.0161, 0.0135, 0.0173, 
0.0369, 0.0141, 0.5443, 0.0166, 0.0868, 70.1, 82.8, 78.4, 85.5, 
85.1, 96.8, 102.8, 108.3, 112.5, 127.1, 127.3, 179, 7, 155, 146, 
5, 1378, 159, 7, 2449, 2258, 1194, 423, 1846, 309, 67, 2172, 
28, 85, 2126, 1, 3, 6, 100, 100, 100, 100, 100, 100, 100, 100, 
100, 100, 100, 2500, 2500, 2500, 2500, 2500, 2500, 2500, 2500, 
2500, 2500, 2500, 7031.942, 6716.213, 7142.796, 7397.818, 6797.263, 
6746.192, 7313.746, 6529.255, 9891.965, 6541.209, 9748.59100000001, 
10.66794, 13.89358, 13.81394, 14.10627, 10.7418, 2.8076, 13.60592, 
14.43044, 11.50065, -0.12143, 14.40223, -6.59519, -10.22151, 
-9.64802, -10.00417, -11.40596, -4.65231, -9.88214, -6.8645, 
-6.12189, -1.42494, -9.01985, 0, 0, 0, 0, 0, 0, 0, 0, 0, 0, 0, 
0, 0, 0, 0, 0, 0, 0, 0, 0, 0, 0, 0.72857, 0.716, 0.73337, 0.73129, 
0.73523, 0.74307, 0.7321, 0.73528, 0.73815, 0.73635, 0.74397, 
0.7219, 0.69684, 0.72124, 0.70994, 0.73023, 0.729, 0.71471, 0.72662, 
0.71877, 0.72565, 0.74052, 0.0235, 0.035, 0.0299, 0.0315, 0.0216, 
0.0148, 0.052, 0.315, 0.1015, 0.0175, 0.0954, 69, 74.9, 78.4, 
85.2, 93.7, 97.9, 103.1, 107.6, 113.6, 126.6, 127, 136, 121, 
122, 310, 2, 1225, 33, 2220, 1069, 22, 194, 42, 3, 15, 4, 932, 
1, 9, 1, 2, 1, 4, 100, 100, 100, 100, 100, 100, 100, 100, 100, 
100, 100, 2500, 2500, 2500, 2500, 2500, 2500, 2500, 2500, 2500, 
2500, 2500, 7103.4, 7092.668, 7155.971, 7148.248, 7385.44, 7568.21400000001, 
7717.542, 7533.85699999999, 8025.53000000001, 8428.81099999999, 
9123.12599999999, 1, 1, 1, 1, 1, 1, 1, 1, 1, 1, 1, 0.33333, 0.33333, 
0.33333, 0.33333, 0.33333, 0.33333, 0.33333, 0.33333, 0.33333, 
0.33333, 0.33333, 0, 0, 0, 0, 0, 0, 0, 0, 0, 0, 0, 0, 0, 0, 0, 
0, 0, 0, 0, 0, 0, 0, 0.70762, 0.69762, 0.70421, 0.70994, 0.69991, 
0.72444, 0.69692, 0.71462, 0.71092, 0.72907, 0.7197, 0.71524, 
0.67137, 0.68615, 0.69942, 0.70994, 0.71037, 0.68822, 0.71896, 
0.72292, 0.72565, 0.7266, 0.0106, 0.0113, 0.0127, 0.0121, 0.0149, 
0.0167, 0.0156, 0.015, 0.0181, 0.0171, 0.02, 74.3, 79.4, 84.1, 
92.2, 94.6, 102.7, 109.4, 114, 121.3, 126.5, 133, 1, 1, 1, 1, 
1, 1, 1, 1, 1, 1, 1, 1, 1, 1, 1, 1, 1, 1, 1, 1, 1, 1, 1, 1, 1, 
1, 1, 1, 1, 1, 1, 1, 1, 1, 1, 1, 1, 1, 1, 1, 1, 1, 1, 1, 2.69, 
2.697, 2.701, 2.643, 2.634, 2.688, 2.7, 2.472, 2.594, 2.524, 
2.796), .Dim = c(11L, 40L), .Dimnames = list(NULL, c("Sampling", 
"PSO.cost", "PSO.gamma", "PSO.data.balancing", "PSO.feature.selection", 
"PSO.valid.acc", "PSO.test.acc", "PSO.train.time", "PSO.n.support.vectors", 
"PSO.index", "PSO.n.solutions", "PSO.generations", "PSO.n.evaluations", 
"PSO.cpu.time", "RS.cost", "RS.gamma", "RS.data.balancing", "RS.feature.selection", 
"RS.valid.acc", "RS.test.acc", "RS.train.time", "RS.n.support.vectors", 
"RS.index", "RS.n.solutions", "RS.generations", "RS.n.evaluations", 
"RS.cpu.time", "DF.cost", "DF.gamma", "DF.data.balancing", "DF.feature.selection", 
"DF.valid.acc", "DF.test.acc", "DF.train.time", "DF.n.support.vectors", 
"DF.index", "DF.n.solutions", "DF.generations", "DF.n.evaluations", 
"DF.cpu.time")))
