full <-
structure(c(50, 55, 60, 65, 70, 75, 80, 85, 90, 95, 100, 13.63898, 
-0.59126, -1.23381, 10.3729, 6.17335, 15, 9.9474, 14.39528, 11.06927, 
7.88782, 14.74063, -7.05702, -1.99503, -1.41471, -7.82813, -7.89044, 
-8.9671, -4.81304, -6.77766, -5.4761, -4.8935, -10.24377, 0, 
0, 0, 0, 0, 0, 0, 0, 0, 0, 0, 0, 0, 0, 0, 0, 0, 0, 0, 0, 0, 0, 
0.76956, 0.76042, 0.76213, 0.76213, 0.76518, 0.75747, 0.7585, 
0.7605, 0.75415, 0.75185, 0.75776, 0.71949, 0.75375, 0.73856, 
0.74576, 0.74462, 0.76723, 0.74111, 0.744, 0.72379, 0.74046, 
0.72328, 0.0659, 0.0114, 0.0113, 0.0175, 0.0132, 0.0702, 0.0542, 
0.2581, 0.0961, 0.028, 0.059, 61.7, 74.9, 81.1, 79.3, 87.5, 89, 
96, 102.1, 112.2, 117.7, 127.4, 1701, 344, 1026, 127, 138, 159, 
84, 435, 510, 247, 980, 3, 314, 44, 161, 108, 548, 50, 3, 86, 
265, 2, 100, 100, 100, 100, 100, 100, 100, 100, 100, 100, 100, 
2500, 2500, 2500, 2500, 2500, 2500, 2500, 2500, 2500, 2500, 2500, 
6514.739, 6811.641, 6396.131, 6743.883, 6687.02099999999, 7666.78, 
12635.291, 11048.338, 12638.036, 7464.842, 7801.633, -0.08841, 
-0.41472, -0.93393, 11.93621, -1.13017, -1.38961, 0.00578, 13.32416, 
14.43324, 8.15926, 13.67196, -1.83799, -2.60213, -0.7599, -8.31437, 
-1.9527, -0.20677, -0.60103, -6.47442, -6.28865, -4.91944, -9.69162, 
0, 0, 0, 0, 0, 0, 0, 0, 0, 0, 0, 0, 0, 0, 0, 0, 0, 0, 0, 0, 0, 
0, 0.76392, 0.76042, 0.7569, 0.76132, 0.76994, 0.75749, 0.7587, 
0.7565, 0.75044, 0.75185, 0.75086, 0.75018, 0.74083, 0.73889, 
0.74576, 0.76467, 0.75273, 0.7413, 0.744, 0.7275, 0.73675, 0.72328, 
0.0102, 0.0105, 0.0116, 0.0216, 0.0127, 0.0139, 0.0156, 0.1353, 
0.5233, 0.032, 0.0555, 68.2, 73.5, 83.6, 78.9, 94.3, 110, 112.3, 
102.4, 110.9, 117.5, 127.2, 43, 438, 634, 267, 65, 220, 1307, 
405, 1907, 2330, 2148, 4, 2, 2, 11, 1, 1, 2, 7, 1, 1, 1, 100, 
100, 100, 100, 100, 100, 100, 100, 100, 100, 100, 2500, 2500, 
2500, 2500, 2500, 2500, 2500, 2500, 2500, 2500, 2500, 6669.213, 
6849.718, 6764.682, 6999.388, 7186.539, 7238.583, 7522.66500000001, 
7909.47, 8282.644, 8447.345, 9202.848, 1, 1, 1, 1, 1, 1, 1, 1, 
1, 1, 1, 0.33333, 0.33333, 0.33333, 0.33333, 0.33333, 0.33333, 
0.33333, 0.33333, 0.33333, 0.33333, 0.33333, 0, 0, 0, 0, 0, 0, 
0, 0, 0, 0, 0, 0, 0, 0, 0, 0, 0, 0, 0, 0, 0, 0, 0.75623, 0.74125, 
0.75029, 0.72497, 0.76018, 0.7434, 0.74111, 0.73983, 0.7423, 
0.74047, 0.7197, 0.73535, 0.74708, 0.75723, 0.74547, 0.75515, 
0.74794, 0.74545, 0.748, 0.74289, 0.73704, 0.71983, 0.0103, 0.0113, 
0.0125, 0.0124, 0.0129, 0.0138, 0.0148, 0.0156, 0.0165, 0.0175, 
0.0197, 68.7, 75.3, 78.9, 86, 91.8, 98.1, 107, 112.1, 122.2, 
125.5, 134.6, 1, 1, 1, 1, 1, 1, 1, 1, 1, 1, 1, 1, 1, 1, 1, 1, 
1, 1, 1, 1, 1, 1, 1, 1, 1, 1, 1, 1, 1, 1, 1, 1, 1, 1, 1, 1, 1, 
1, 1, 1, 1, 1, 1, 1, 2.442, 2.671, 2.67, 2.686, 2.494, 2.459, 
2.568, 2.671, 2.447, 2.577, 2.845), .Dim = c(11L, 40L), .Dimnames = list(
    NULL, c("Sampling", "PSO.cost", "PSO.gamma", "PSO.data.balancing", 
    "PSO.feature.selection", "PSO.valid.acc", "PSO.test.acc", 
    "PSO.train.time", "PSO.n.support.vectors", "PSO.index", "PSO.n.solutions", 
    "PSO.generations", "PSO.n.evaluations", "PSO.cpu.time", "RS.cost", 
    "RS.gamma", "RS.data.balancing", "RS.feature.selection", 
    "RS.valid.acc", "RS.test.acc", "RS.train.time", "RS.n.support.vectors", 
    "RS.index", "RS.n.solutions", "RS.generations", "RS.n.evaluations", 
    "RS.cpu.time", "DF.cost", "DF.gamma", "DF.data.balancing", 
    "DF.feature.selection", "DF.valid.acc", "DF.test.acc", "DF.train.time", 
    "DF.n.support.vectors", "DF.index", "DF.n.solutions", "DF.generations", 
    "DF.n.evaluations", "DF.cpu.time")))
