full <-
structure(c(50, 55, 60, 65, 70, 75, 80, 85, 90, 95, 100, 1.72251, 
2.99335, -1.78294, 14.12258, 5.19932, 14.64247, -0.51774, 2.62581, 
13.93393, -0.89331, 15, -1.98078, -2.71604, -5.94512, -6.75133, 
-9.59979, -11.37357, 0.09079, -14.81902, -6.76804, -1.17411, 
-9.96234, 0, 0, 0, 0, 0, 0, 0, 0, 0, 0, 0, 0, 0, 0, 0, 0, 0, 
0, 0, 0, 0, 0, 0.75846, 0.74174, 0.74461, 0.74905, 0.73523, 0.73831, 
0.73724, 0.73583, 0.74262, 0.74457, 0.74052, 0.73744, 0.72252, 
0.74461, 0.728, 0.73523, 0.73377, 0.73269, 0.73583, 0.73477, 
0.71877, 0.72672, 0.0109, 0.0118, 0.0115, 0.2013, 0.015, 0.0534, 
0.016, 0.0143, 0.2768, 0.0179, 0.0739, 65.7, 72.9, 79.4, 81.9, 
92.9, 96.3, 119.7, 103.7, 110.4, 127.4, 126.8, 443, 648, 2, 271, 
2, 22, 1634, 3, 194, 2143, 776, 110, 9, 2070, 95, 2233, 282, 
22, 2092, 71, 1, 64, 100, 100, 100, 100, 100, 100, 100, 100, 
100, 100, 100, 2500, 2500, 2500, 2500, 2500, 2500, 2500, 2500, 
2500, 2500, 2500, 6009.224, 6234.734, 6044.027, 8742.034, 6638.11199999999, 
7430.527, 6687.60399999999, 6462.613, 8816.054, 9082.072, 8508.26699999999, 
5.17583, 0.28178, -1.59997, -0.16704, 5.53873, 10.90896, -0.51529, 
11.14246, 13.32039, -0.70378, 13.75093, -3.41317, 0.44506, -2.67202, 
-0.84894, -12.0895, -9.04959, 0.56718, -9.71563, -6.53845, -1.16621, 
-9.48007, 0, 0, 0, 0, 0, 0, 0, 0, 0, 0, 0, 0, 0, 0, 0, 0, 0, 
0, 0, 0, 0, 0, 0.75744, 0.74841, 0.74461, 0.75341, 0.73523, 0.73831, 
0.73724, 0.73599, 0.74262, 0.74086, 0.73707, 0.7441, 0.74252, 
0.74461, 0.73173, 0.73523, 0.73377, 0.72834, 0.72766, 0.73077, 
0.72618, 0.72672, 0.0111, 0.0109, 0.0117, 0.0129, 0.0129, 0.0356, 
0.0159, 0.0337, 0.2153, 0.018, 0.052, 63.6, 86.6, 78.8, 92.2, 
92.7, 97.2, 123.9, 109, 111.2, 127.5, 127.3, 454, 1364, 1, 1738, 
3, 45, 582, 192, 599, 787, 1703, 4, 1, 1045, 1, 1131, 45, 1, 
3, 1, 2, 1, 100, 100, 100, 100, 100, 100, 100, 100, 100, 100, 
100, 2500, 2500, 2500, 2500, 2500, 2500, 2500, 2500, 2500, 2500, 
2500, 6237.276, 6650.141, 6841.915, 7262.947, 7719.676, 7692.65800000001, 
8002.45699999999, 8204.917, 8218.662, 8292.495, 8825.139, 1, 
1, 1, 1, 1, 1, 1, 1, 1, 1, 1, 0.33333, 0.33333, 0.33333, 0.33333, 
0.33333, 0.33333, 0.33333, 0.33333, 0.33333, 0.33333, 0.33333, 
0, 0, 0, 0, 0, 0, 0, 0, 0, 0, 0, 0, 0, 0, 0, 0, 0, 0, 0, 0, 0, 
0, 0.73179, 0.71706, 0.70997, 0.737, 0.6997, 0.71472, 0.7151, 
0.72766, 0.72277, 0.71521, 0.70961, 0.75179, 0.72252, 0.72141, 
0.73173, 0.70496, 0.71039, 0.71965, 0.71951, 0.72677, 0.71918, 
0.70948, 0.0105, 0.0111, 0.0121, 0.0129, 0.014, 0.0146, 0.0155, 
0.0161, 0.018, 0.0173, 0.0189, 67, 76.4, 81.6, 88.9, 98, 102.2, 
108.4, 114.7, 119.3, 125, 133.9, 1, 1, 1, 1, 1, 1, 1, 1, 1, 1, 
1, 1, 1, 1, 1, 1, 1, 1, 1, 1, 1, 1, 1, 1, 1, 1, 1, 1, 1, 1, 1, 
1, 1, 1, 1, 1, 1, 1, 1, 1, 1, 1, 1, 1, 2.385, 2.359, 2.49, 2.603, 
2.572, 2.607, 2.564, 2.571, 2.761, 2.44, 2.514), .Dim = c(11L, 
40L), .Dimnames = list(NULL, c("Sampling", "PSO.cost", "PSO.gamma", 
"PSO.data.balancing", "PSO.feature.selection", "PSO.valid.acc", 
"PSO.test.acc", "PSO.train.time", "PSO.n.support.vectors", "PSO.index", 
"PSO.n.solutions", "PSO.generations", "PSO.n.evaluations", "PSO.cpu.time", 
"RS.cost", "RS.gamma", "RS.data.balancing", "RS.feature.selection", 
"RS.valid.acc", "RS.test.acc", "RS.train.time", "RS.n.support.vectors", 
"RS.index", "RS.n.solutions", "RS.generations", "RS.n.evaluations", 
"RS.cpu.time", "DF.cost", "DF.gamma", "DF.data.balancing", "DF.feature.selection", 
"DF.valid.acc", "DF.test.acc", "DF.train.time", "DF.n.support.vectors", 
"DF.index", "DF.n.solutions", "DF.generations", "DF.n.evaluations", 
"DF.cpu.time")))
