full <-
structure(c(50, 55, 60, 65, 70, 75, 80, 85, 90, 95, 100, 4.82903, 
-0.22383, 14.82752, -0.25128, 11.71403, 1.26278, 10.50562, 13.34392, 
4.3286, 7.38213, 3.69955, -14.75151, -1.55859, -6.11509, 0.55502, 
-7.27089, 0.27179, -5.9273, -5.79438, -4.90639, -12.46896, -4.46844, 
0, 0, 0, 0, 0, 0, 0, 0, 0, 0, 0, 0, 0, 0, 0, 0, 0, 0, 0, 0, 0, 
0, 0.7219, 0.7225, 0.72647, 0.71608, 0.73446, 0.74697, 0.72815, 
0.7355, 0.7199, 0.72625, 0.74409, 0.7219, 0.70333, 0.71503, 0.7, 
0.72422, 0.72814, 0.70165, 0.719, 0.68819, 0.71129, 0.73707, 
0.0117, 0.0125, 0.4013, 0.0149, 0.0431, 0.0161, 0.0343, 0.1518, 
0.0198, 0.0206, 0.0223, 66.5, 83.7, 83.1, 106.7, 92.6, 108.8, 
102.5, 108.6, 121.6, 134.7, 127.7, 2, 730, 1488, 1169, 208, 1394, 
13, 242, 115, 792, 427, 2092, 113, 69, 35, 119, 26, 68, 368, 
436, 12, 193, 100, 100, 100, 100, 100, 100, 100, 100, 100, 100, 
100, 2500, 2500, 2500, 2500, 2500, 2500, 2500, 2500, 2500, 2500, 
2500, 8083.653, 8129.649, 10677.297, 8107.97700000001, 9405.31999999999, 
8624.41800000001, 9154.09, 12650.056, 8304.39299999998, 8118.95499999999, 
9845.875, -1.31322, -0.18618, 14.73357, -1.1443, 13.14932, 0.23197, 
-0.1995, 12.48738, 3.78155, -1.01785, 3.72994, -11.88742, -2.0489, 
-6.564, -0.1365, -7.8363, 0.13162, 1.45362, -5.55015, -4.71027, 
1.06616, -4.5338, 0, 0, 0, 0, 0, 0, 0, 0, 0, 0, 0, 0, 0, 0, 0, 
0, 0, 0, 0, 0, 0, 0, 0.7219, 0.71625, 0.72647, 0.7155, 0.73446, 
0.74264, 0.74198, 0.7355, 0.7199, 0.72611, 0.74064, 0.7219, 0.71, 
0.72092, 0.71053, 0.71896, 0.74675, 0.73269, 0.719, 0.68819, 
0.71087, 0.73362, 0.011, 0.0135, 0.3856, 0.0153, 0.0629, 0.0152, 
0.0168, 0.1078, 0.019, 0.0193, 0.0201, 64.4, 84, 83.1, 103.9, 
92.2, 111.9, 135.3, 108.8, 121.4, 151, 127.9, 2, 435, 1013, 1527, 
636, 1889, 597, 131, 294, 1267, 1123, 531, 2, 2, 4, 3, 1, 1, 
4, 2, 1, 4, 100, 100, 100, 100, 100, 100, 100, 100, 100, 100, 
100, 2500, 2500, 2500, 2500, 2500, 2500, 2500, 2500, 2500, 2500, 
2500, 8496.965, 8684.645, 8789.301, 8466.719, 8842.84400000001, 
8865.008, 8902.78600000001, 9196.56700000001, 9877.95899999997, 
9803.58900000001, 10112.523, 1, 1, 1, 1, 1, 1, 1, 1, 1, 1, 1, 
0.33333, 0.33333, 0.33333, 0.33333, 0.33333, 0.33333, 0.33333, 
0.33333, 0.33333, 0.33333, 0.33333, 0, 0, 0, 0, 0, 0, 0, 0, 0, 
0, 0, 0, 0, 0, 0, 0, 0, 0, 0, 0, 0, 0, 0.69476, 0.69708, 0.70359, 
0.67251, 0.70467, 0.71472, 0.71016, 0.70267, 0.69234, 0.69548, 
0.73707, 0.70143, 0.69083, 0.70359, 0.70497, 0.72393, 0.72381, 
0.71036, 0.715, 0.69634, 0.69576, 0.73362, 0.0111, 0.013, 0.0138, 
0.0139, 0.015, 0.0147, 0.0169, 0.0168, 0.0176, 0.0178, 0.0192, 
73.3, 83.4, 90.9, 95.1, 98.3, 104.3, 109.1, 119.3, 127.4, 127, 
134.5, 1, 1, 1, 1, 1, 1, 1, 1, 1, 1, 1, 1, 1, 1, 1, 1, 1, 1, 
1, 1, 1, 1, 1, 1, 1, 1, 1, 1, 1, 1, 1, 1, 1, 1, 1, 1, 1, 1, 1, 
1, 1, 1, 1, 1, 3.251, 3.243, 3.249, 3.191, 3.269, 3.007, 3.216, 
3.203, 3.28, 3.148, 3.185), .Dim = c(11L, 40L), .Dimnames = list(
    NULL, c("Sampling", "PSO.cost", "PSO.gamma", "PSO.data.balancing", 
    "PSO.feature.selection", "PSO.valid.acc", "PSO.test.acc", 
    "PSO.train.time", "PSO.n.support.vectors", "PSO.index", "PSO.n.solutions", 
    "PSO.generations", "PSO.n.evaluations", "PSO.cpu.time", "RS.cost", 
    "RS.gamma", "RS.data.balancing", "RS.feature.selection", 
    "RS.valid.acc", "RS.test.acc", "RS.train.time", "RS.n.support.vectors", 
    "RS.index", "RS.n.solutions", "RS.generations", "RS.n.evaluations", 
    "RS.cpu.time", "DF.cost", "DF.gamma", "DF.data.balancing", 
    "DF.feature.selection", "DF.valid.acc", "DF.test.acc", "DF.train.time", 
    "DF.n.support.vectors", "DF.index", "DF.n.solutions", "DF.generations", 
    "DF.n.evaluations", "DF.cpu.time")))
