full <-
structure(c(50, 55, 60, 65, 70, 75, 80, 85, 90, 95, 100, 4.63632, 
7.72392, 10.11222, 12.57268, 12.50512, 15, 13.98286, 13.61218, 
-0.08659, 4.5825, -0.72175, -8.12427, -12.14462, -15, -15, -15, 
-8.4458, -13.08041, -8.17282, -2.87946, -5.40579, -0.84722, 0, 
0, 0, 0, 0, 0, 0, 0, 0, 0, 0, 0, 0, 0, 0, 0, 0, 0, 0, 0, 0, 0, 
0.75238, 0.74625, 0.74984, 0.76374, 0.75078, 0.74859, 0.76324, 
0.74455, 0.75815, 0.72981, 0.7436, 0.74524, 0.74, 0.7384, 0.74795, 
0.74551, 0.74361, 0.7415, 0.7277, 0.73846, 0.7187, 0.74372, 0.0119, 
0.0112, 0.0122, 0.012, 0.0138, 0.1053, 0.0175, 0.0651, 0.0153, 
0.017, 0.0195, 66, 75.3, 84.5, 84.3, 92.7, 95.7, 103.2, 106.6, 
113.5, 121.3, 139, 16, 35, 44, 40, 33, 498, 292, 32, 502, 108, 
601, 651, 179, 135, 272, 1251, 59, 228, 537, 313, 135, 558, 100, 
100, 100, 100, 100, 100, 100, 100, 100, 100, 100, 2500, 2500, 
2500, 2500, 2500, 2500, 2500, 2500, 2500, 2500, 2500, 6666.564, 
6856.905, 6739.326, 6713.593, 6737.901, 7666.265, 6809.60799999999, 
7930.622, 6462.542, 6587.01299999999, 6412.628, 6.48297, 8.04755, 
6.66729, 11.0124, 11.18461, -0.35608, 13.56299, 12.97468, -0.23304, 
11.18729, -0.5238, -9.50019, -12.54807, -11.51724, -13.43723, 
-13.68132, -3.50578, -12.93517, -7.88965, -2.84178, -11.23624, 
-1.04998, 0, 0, 0, 0, 0, 0, 0, 0, 0, 0, 0, 0, 0, 0, 0, 0, 0, 
0, 0, 0, 0, 0, 0.75238, 0.74625, 0.74984, 0.76374, 0.75078, 0.74859, 
0.76324, 0.74455, 0.75815, 0.72981, 0.74015, 0.74524, 0.74, 0.7384, 
0.74795, 0.74551, 0.72067, 0.7415, 0.7237, 0.73846, 0.71856, 
0.74372, 0.011, 0.0111, 0.0124, 0.0123, 0.0131, 0.0169, 0.0168, 
0.0591, 0.0161, 0.0233, 0.0199, 65.2, 75.7, 84.6, 83.8, 92.8, 
103.9, 103.2, 106.5, 113.8, 122.1, 137.3, 21, 39, 378, 845, 11, 
1246, 148, 232, 1218, 35, 340, 161, 9, 8, 3, 52, 5, 9, 14, 2, 
38, 3, 100, 100, 100, 100, 100, 100, 100, 100, 100, 100, 100, 
2500, 2500, 2500, 2500, 2500, 2500, 2500, 2500, 2500, 2500, 2500, 
6953.814, 7118.887, 7239.291, 7131.77, 7327.582, 7488.639, 7558.859, 
7712.38900000001, 7904.067, 8666, 8956.245, 1, 1, 1, 1, 1, 1, 
1, 1, 1, 1, 1, 0.33333, 0.33333, 0.33333, 0.33333, 0.33333, 0.33333, 
0.33333, 0.33333, 0.33333, 0.33333, 0.33333, 0, 0, 0, 0, 0, 0, 
0, 0, 0, 0, 0, 0, 0, 0, 0, 0, 0, 0, 0, 0, 0, 0, 0.70333, 0.7275, 
0.72042, 0.72632, 0.71096, 0.72519, 0.7413, 0.71101, 0.73846, 
0.71059, 0.7298, 0.71667, 0.72708, 0.72075, 0.72573, 0.71123, 
0.72065, 0.73696, 0.72387, 0.74215, 0.71088, 0.73337, 0.0112, 
0.0112, 0.0127, 0.0139, 0.013, 0.0137, 0.0157, 0.0164, 0.0157, 
0.0181, 0.0192, 70.9, 78.2, 86.2, 90.5, 98.9, 102.7, 107.9, 114.9, 
116.4, 128, 133.7, 1, 1, 1, 1, 1, 1, 1, 1, 1, 1, 1, 1, 1, 1, 
1, 1, 1, 1, 1, 1, 1, 1, 1, 1, 1, 1, 1, 1, 1, 1, 1, 1, 1, 1, 1, 
1, 1, 1, 1, 1, 1, 1, 1, 1, 2.696, 2.703, 2.684, 2.667, 2.503, 
2.673, 2.717, 2.678, 2.529, 2.657, 2.695), .Dim = c(11L, 40L), .Dimnames = list(
    NULL, c("Sampling", "PSO.cost", "PSO.gamma", "PSO.data.balancing", 
    "PSO.feature.selection", "PSO.valid.acc", "PSO.test.acc", 
    "PSO.train.time", "PSO.n.support.vectors", "PSO.index", "PSO.n.solutions", 
    "PSO.generations", "PSO.n.evaluations", "PSO.cpu.time", "RS.cost", 
    "RS.gamma", "RS.data.balancing", "RS.feature.selection", 
    "RS.valid.acc", "RS.test.acc", "RS.train.time", "RS.n.support.vectors", 
    "RS.index", "RS.n.solutions", "RS.generations", "RS.n.evaluations", 
    "RS.cpu.time", "DF.cost", "DF.gamma", "DF.data.balancing", 
    "DF.feature.selection", "DF.valid.acc", "DF.test.acc", "DF.train.time", 
    "DF.n.support.vectors", "DF.index", "DF.n.solutions", "DF.generations", 
    "DF.n.evaluations", "DF.cpu.time")))
