full <-
structure(c(50, 55, 60, 65, 70, 75, 80, 85, 90, 95, 100, 9.73441, 
7.35437, -0.20302, 0.12817, -0.68652, -1.03249, -0.34224, 15, 
7.76986, 14.0972, 4.01717, -8.83342, -5.78376, -2.06942, -1.40659, 
0.47987, 0.12522, 1.73543, -6.4277, -6.17779, -10.64293, -3.35085, 
0, 0, 0, 0, 0, 0, 0, 0, 0, 0, 0, 0, 0, 0, 0, 0, 0, 0, 0, 0, 0, 
0, 0.7719, 0.77792, 0.7732, 0.77515, 0.75091, 0.74318, 0.74139, 
0.75249, 0.75031, 0.73738, 0.73017, 0.75095, 0.74667, 0.77283, 
0.74327, 0.73513, 0.71981, 0.73686, 0.73583, 0.72677, 0.7264, 
0.70973, 0.0134, 0.0139, 0.0126, 0.0132, 0.0143, 0.0162, 0.0179, 
0.6241, 0.0213, 0.0552, 0.0207, 58.4, 62.9, 75.7, 83.9, 106.8, 
112.4, 134.8, 101.3, 110.9, 120, 126.5, 166, 152, 981, 155, 920, 
2205, 2226, 734, 300, 257, 21, 100, 217, 41, 321, 253, 3, 5, 
4, 116, 69, 94, 100, 100, 100, 100, 100, 100, 100, 100, 100, 
100, 100, 2500, 2500, 2500, 2500, 2500, 2500, 2500, 2500, 2500, 
2500, 2500, 8243.966, 8475.367, 8634.394, 8380.775, 8344.092, 
8068.20600000001, 7956.63499999999, 16735.625, 10779.961, 9441.70500000002, 
8361.58900000001, 12.2655, -0.47819, 1.14375, -0.21919, -0.6908, 
-0.91886, -1.23511, 14.75092, 10.38705, 12.43096, -1.29132, -10.13246, 
-2.21483, -3.89271, -0.73628, 0.40259, 0.33433, 1.01099, -6.20161, 
-7.01807, -10.07059, 0.61266, 0, 0, 0, 0, 0, 0, 0, 0, 0, 0, 0, 
0, 0, 0, 0, 0, 0, 0, 0, 0, 0, 0, 0.7719, 0.77792, 0.77353, 0.76959, 
0.75091, 0.73409, 0.73684, 0.74833, 0.75031, 0.73738, 0.73017, 
0.75095, 0.74, 0.76728, 0.75351, 0.74013, 0.71981, 0.73249, 0.73166, 
0.72677, 0.71871, 0.72328, 0.0159, 0.0123, 0.0134, 0.0139, 0.015, 
0.0153, 0.0175, 0.6041, 0.0297, 0.0437, 0.0244, 58.5, 68.9, 72.5, 
86.5, 106.3, 113.6, 125.5, 102, 110.4, 121.5, 154.7, 99, 74, 
543, 899, 1036, 1875, 384, 17, 1011, 391, 1057, 7, 22, 1, 2, 
1, 1, 4, 2, 4, 4, 3, 100, 100, 100, 100, 100, 100, 100, 100, 
100, 100, 100, 2500, 2500, 2500, 2500, 2500, 2500, 2500, 2500, 
2500, 2500, 2500, 8299.22, 8487.879, 8581.644, 8599.562, 8740.12300000001, 
8750.40300000001, 8915.91099999999, 9178.948, 9748.285, 9982.21400000001, 
10817.961, 1, 1, 1, 1, 1, 1, 1, 1, 1, 1, 1, 0.33333, 0.33333, 
0.33333, 0.33333, 0.33333, 0.33333, 0.33333, 0.33333, 0.33333, 
0.33333, 0.33333, 0, 0, 0, 0, 0, 0, 0, 0, 0, 0, 0, 0, 0, 0, 0, 
0, 0, 0, 0, 0, 0, 0, 0.72952, 0.77167, 0.75449, 0.75877, 0.71536, 
0.71526, 0.70619, 0.71948, 0.74231, 0.72612, 0.71638, 0.72238, 
0.74, 0.74926, 0.74327, 0.73063, 0.70528, 0.72737, 0.72766, 0.738, 
0.72612, 0.71663, 0.0126, 0.0119, 0.0126, 0.0124, 0.0139, 0.0157, 
0.0151, 0.0167, 0.0177, 0.0187, 0.0204, 64.3, 71.4, 77, 82.7, 
96.2, 99.6, 103.4, 111.5, 118.3, 126.5, 134, 1, 1, 1, 1, 1, 1, 
1, 1, 1, 1, 1, 1, 1, 1, 1, 1, 1, 1, 1, 1, 1, 1, 1, 1, 1, 1, 1, 
1, 1, 1, 1, 1, 1, 1, 1, 1, 1, 1, 1, 1, 1, 1, 1, 1, 3.207, 3.289, 
3.324, 3.255, 3.189, 3.287, 3.253, 3.166, 3.179, 3.287, 3.392
), .Dim = c(11L, 40L), .Dimnames = list(NULL, c("Sampling", "PSO.cost", 
"PSO.gamma", "PSO.data.balancing", "PSO.feature.selection", "PSO.valid.acc", 
"PSO.test.acc", "PSO.train.time", "PSO.n.support.vectors", "PSO.index", 
"PSO.n.solutions", "PSO.generations", "PSO.n.evaluations", "PSO.cpu.time", 
"RS.cost", "RS.gamma", "RS.data.balancing", "RS.feature.selection", 
"RS.valid.acc", "RS.test.acc", "RS.train.time", "RS.n.support.vectors", 
"RS.index", "RS.n.solutions", "RS.generations", "RS.n.evaluations", 
"RS.cpu.time", "DF.cost", "DF.gamma", "DF.data.balancing", "DF.feature.selection", 
"DF.valid.acc", "DF.test.acc", "DF.train.time", "DF.n.support.vectors", 
"DF.index", "DF.n.solutions", "DF.generations", "DF.n.evaluations", 
"DF.cpu.time")))
