full <-
structure(c(50, 55, 60, 65, 70, 75, 80, 85, 90, 95, 100, 0.02681, 
9.93177, 5.51839, 0.20103, -0.2453, 7.0833, -0.65478, 0.93381, 
-0.77427, 5.26851, 14.48761, -1.09794, -12.98129, -14.97319, 
3, -0.2321, -4.14224, -1.06788, -2.10357, -0.58262, -4.0301, 
-7.40271, 0, 0, 0, 0, 0, 0, 0, 0, 0, 0, 0, 0, 0, 0, 0, 0, 0, 
0, 0, 0, 0, 0, 0.757, 0.73434, 0.75033, 0.75322, 0.76977, 0.77078, 
0.77194, 0.7485, 0.73877, 0.74807, 0.75074, 0.72121, 0.72809, 
0.75033, 0.73743, 0.75454, 0.74242, 0.75889, 0.74433, 0.72277, 
0.72584, 0.74039, 0.0125, 0.0155, 0.0124, 0.0162, 0.0155, 0.0245, 
0.0158, 0.0174, 0.0177, 0.0213, 0.3367, 71.4, 76.1, 72.5, 130.4, 
97.2, 86.7, 106.2, 110.9, 129.5, 119.7, 126.4, 343, 2, 2, 2350, 
1223, 635, 1358, 649, 747, 2339, 510, 396, 2054, 1976, 2090, 
78, 138, 24, 95, 259, 2, 1, 100, 100, 100, 100, 100, 100, 100, 
100, 100, 100, 100, 2500, 2500, 2500, 2500, 2500, 2500, 2500, 
2500, 2500, 2500, 2500, 8166.565, 7984.404, 7729.447, 8015.65, 
8418.914, 8240.15699999999, 8045.83099999999, 8858.94, 7843.33199999999, 
9258.45800000001, 13737.182, -0.4507, -0.40152, -0.58665, 0.70048, 
-0.41688, 5.96192, -0.52807, 0.25648, 13.91987, 3.65631, 14.92565, 
-0.88913, -0.60264, 1.13005, -1.5712, -0.3391, -3.89091, -0.2044, 
-1.87303, -5.2817, -3.56347, -7.43195, 0, 0, 0, 0, 0, 0, 0, 0, 
0, 0, 0, 0, 0, 0, 0, 0, 0, 0, 0, 0, 0, 0, 0.75081, 0.74017, 0.75621, 
0.75848, 0.76977, 0.77078, 0.77174, 0.7485, 0.74277, 0.74436, 
0.74729, 0.72835, 0.70142, 0.74477, 0.74737, 0.75454, 0.74242, 
0.76739, 0.74033, 0.73877, 0.72955, 0.74039, 0.0121, 0.0121, 
0.0126, 0.0142, 0.0142, 0.0185, 0.0159, 0.0161, 0.8184, 0.0205, 
0.3945, 72.8, 80.6, 97.2, 84.7, 96.6, 86.7, 112.5, 111.6, 110.3, 
121.5, 126.2, 266, 376, 1161, 964, 180, 133, 495, 1914, 272, 
657, 556, 1, 1, 1, 1, 3, 4, 1, 1, 3, 5, 1, 100, 100, 100, 100, 
100, 100, 100, 100, 100, 100, 100, 2500, 2500, 2500, 2500, 2500, 
2500, 2500, 2500, 2500, 2500, 2500, 8458.218, 8317.452, 8544.339, 
8870.079, 8730.65399999999, 9107.28600000001, 9664.34, 9365.814, 
9512.32199999999, 9968.609, 10132.374, 1, 1, 1, 1, 1, 1, 1, 1, 
1, 1, 1, 0.33333, 0.33333, 0.33333, 0.33333, 0.33333, 0.33333, 
0.33333, 0.33333, 0.33333, 0.33333, 0.33333, 0, 0, 0, 0, 0, 0, 
0, 0, 0, 0, 0, 0, 0, 0, 0, 0, 0, 0, 0, 0, 0, 0, 0.74319, 0.70767, 
0.71503, 0.73655, 0.74925, 0.75671, 0.74565, 0.7405, 0.71938, 
0.71487, 0.73337, 0.71454, 0.71392, 0.73268, 0.74766, 0.74951, 
0.7474, 0.74565, 0.74033, 0.72323, 0.72968, 0.7266, 0.0119, 0.0121, 
0.0127, 0.0139, 0.0143, 0.0147, 0.0167, 0.0181, 0.0173, 0.0185, 
0.0197, 70.1, 77.3, 79.6, 85.4, 89.1, 93.1, 102.6, 112.3, 120.4, 
127.2, 135.2, 1, 1, 1, 1, 1, 1, 1, 1, 1, 1, 1, 1, 1, 1, 1, 1, 
1, 1, 1, 1, 1, 1, 1, 1, 1, 1, 1, 1, 1, 1, 1, 1, 1, 1, 1, 1, 1, 
1, 1, 1, 1, 1, 1, 1, 3.214, 3.103, 3.211, 3.132, 3.176, 3.26, 
3.199, 3.211, 2.995, 3.342, 3.305), .Dim = c(11L, 40L), .Dimnames = list(
    NULL, c("Sampling", "PSO.cost", "PSO.gamma", "PSO.data.balancing", 
    "PSO.feature.selection", "PSO.valid.acc", "PSO.test.acc", 
    "PSO.train.time", "PSO.n.support.vectors", "PSO.index", "PSO.n.solutions", 
    "PSO.generations", "PSO.n.evaluations", "PSO.cpu.time", "RS.cost", 
    "RS.gamma", "RS.data.balancing", "RS.feature.selection", 
    "RS.valid.acc", "RS.test.acc", "RS.train.time", "RS.n.support.vectors", 
    "RS.index", "RS.n.solutions", "RS.generations", "RS.n.evaluations", 
    "RS.cpu.time", "DF.cost", "DF.gamma", "DF.data.balancing", 
    "DF.feature.selection", "DF.valid.acc", "DF.test.acc", "DF.train.time", 
    "DF.n.support.vectors", "DF.index", "DF.n.solutions", "DF.generations", 
    "DF.n.evaluations", "DF.cpu.time")))
