full <-
structure(c(50, 55, 60, 65, 70, 75, 80, 85, 90, 95, 100, 5.03506, 
11.08384, 11.95073, 5.73864, 13.10011, 11.61829, 15, 3.43917, 
2.86712, 3.40503, 5.34383, -7.25034, -5.77352, -5.56096, -3.82922, 
-5.80338, -6.07739, -7.06086, -4.44696, -1.82267, -4.36515, -5.15402, 
0, 0, 0, 0, 0, 0, 0, 0, 0, 0, 0, 0, 0, 0, 0, 0, 0, 0, 0, 0, 0, 
0, 0.75835, 0.77711, 0.77974, 0.79006, 0.77496, 0.76658, 0.76296, 
0.7565, 0.77, 0.75556, 0.73682, 0.7589, 0.75086, 0.7451, 0.7848, 
0.75472, 0.75703, 0.74952, 0.75217, 0.74615, 0.74444, 0.70924, 
0.0113, 0.0277, 0.0566, 0.0145, 0.1062, 0.0612, 0.3119, 0.0162, 
0.0178, 0.0176, 0.0204, 60.6, 66.1, 70.2, 75.3, 80.4, 89.4, 95.9, 
103.1, 109, 115.8, 127.7, 297, 2, 233, 2351, 209, 120, 2231, 
146, 700, 64, 229, 188, 97, 47, 1, 191, 74, 4, 297, 137, 237, 
302, 100, 100, 100, 100, 100, 100, 100, 100, 100, 100, 100, 2500, 
2500, 2500, 2500, 2500, 2500, 2500, 2500, 2500, 2500, 2500, 6052.903, 
7598.338, 9764.834, 7748.404, 9373.42099999999, 8310.70899999999, 
8271.272, 6665.98999999999, 7598.508, 6562.609, 7670.27499999999, 
4.53421, 13.54548, 13.10374, 11.83002, 14.69305, 13.43585, 14.98827, 
0.08261, 3.42098, 3.10096, 6.3649, -7.04376, -6.58928, -5.74458, 
-5.23303, -6.42218, -6.71699, -7.00945, -0.29541, -2.0319, -4.06416, 
-5.63259, 0, 0, 0, 0, 0, 0, 0, 0, 0, 0, 0, 0, 0, 0, 0, 0, 0, 
0, 0, 0, 0, 0, 0.75835, 0.77711, 0.77386, 0.7848, 0.77496, 0.76658, 
0.76296, 0.76017, 0.77, 0.75556, 0.73682, 0.7589, 0.75674, 0.75065, 
0.77982, 0.75023, 0.75703, 0.74952, 0.73533, 0.75015, 0.74444, 
0.70924, 0.0115, 0.0657, 0.0983, 0.0613, 0.2961, 0.1313, 0.2895, 
0.0166, 0.0188, 0.0172, 0.0216, 60.4, 66.3, 69.5, 72.6, 80.5, 
89.2, 95, 116.9, 108, 115.4, 127.5, 495, 7, 383, 850, 389, 819, 
1618, 797, 1323, 668, 610, 7, 3, 8, 3, 2, 1, 1, 1, 3, 1, 6, 100, 
100, 100, 100, 100, 100, 100, 100, 100, 100, 100, 2500, 2500, 
2500, 2500, 2500, 2500, 2500, 2500, 2500, 2500, 2500, 6504.479, 
6617.689, 6813.72100000001, 6850.813, 7211.98400000001, 7249.21799999999, 
7597.678, 8006.22099999999, 7920.932, 8444.04300000001, 9016.641, 
1, 1, 1, 1, 1, 1, 1, 1, 1, 1, 1, 0.33333, 0.33333, 0.33333, 0.33333, 
0.33333, 0.33333, 0.33333, 0.33333, 0.33333, 0.33333, 0.33333, 
0, 0, 0, 0, 0, 0, 0, 0, 0, 0, 0, 0, 0, 0, 0, 0, 0, 0, 0, 0, 0, 
0, 0.72407, 0.71326, 0.72712, 0.73626, 0.75568, 0.74299, 0.7323, 
0.744, 0.75446, 0.72963, 0.73005, 0.72359, 0.70701, 0.7219, 0.76287, 
0.74018, 0.73799, 0.71868, 0.74783, 0.75031, 0.73333, 0.72672, 
0.0098, 0.0122, 0.0117, 0.013, 0.013, 0.0146, 0.0153, 0.016, 
0.0161, 0.019, 0.0232, 65.8, 74.4, 78.9, 82.4, 91, 97.9, 104, 
107.9, 112.3, 120.3, 134, 1, 1, 1, 1, 1, 1, 1, 1, 1, 1, 1, 1, 
1, 1, 1, 1, 1, 1, 1, 1, 1, 1, 1, 1, 1, 1, 1, 1, 1, 1, 1, 1, 1, 
1, 1, 1, 1, 1, 1, 1, 1, 1, 1, 1, 2.3, 2.621, 2.428, 2.641, 2.606, 
2.58, 2.547, 2.626, 2.571, 2.689, 2.643), .Dim = c(11L, 40L), .Dimnames = list(
    NULL, c("Sampling", "PSO.cost", "PSO.gamma", "PSO.data.balancing", 
    "PSO.feature.selection", "PSO.valid.acc", "PSO.test.acc", 
    "PSO.train.time", "PSO.n.support.vectors", "PSO.index", "PSO.n.solutions", 
    "PSO.generations", "PSO.n.evaluations", "PSO.cpu.time", "RS.cost", 
    "RS.gamma", "RS.data.balancing", "RS.feature.selection", 
    "RS.valid.acc", "RS.test.acc", "RS.train.time", "RS.n.support.vectors", 
    "RS.index", "RS.n.solutions", "RS.generations", "RS.n.evaluations", 
    "RS.cpu.time", "DF.cost", "DF.gamma", "DF.data.balancing", 
    "DF.feature.selection", "DF.valid.acc", "DF.test.acc", "DF.train.time", 
    "DF.n.support.vectors", "DF.index", "DF.n.solutions", "DF.generations", 
    "DF.n.evaluations", "DF.cpu.time")))
