full <-
structure(c(50, 55, 60, 65, 70, 75, 80, 85, 90, 95, 100, 6.09042, 
9.91496, 7.26684, 15, 15, 9.98404, 14.52141, 15, -0.36042, 3.44539, 
11.43035, -4.91356, -6.33247, -4.87002, -5.65992, -6.08781, -3.93005, 
-5.9507, -6.52037, -2.14097, -3.16662, -7.27682, 0, 0, 0, 0, 
0, 0, 0, 0, 0, 0, 0, 0, 0, 0, 0, 0, 0, 0, 0, 0, 0, 0, 0.73275, 
0.74792, 0.72782, 0.73108, 0.74559, 0.75329, 0.74605, 0.7644, 
0.75015, 0.75556, 0.74741, 0.73282, 0.69667, 0.71467, 0.72055, 
0.73035, 0.73398, 0.7413, 0.73991, 0.74231, 0.74074, 0.71293, 
0.012, 0.0166, 0.015, 0.3541, 0.2959, 0.0468, 0.249, 0.316, 0.0174, 
0.0187, 0.0495, 69.8, 73.9, 79.5, 81.3, 88.7, 94.7, 97.5, 102, 
117, 115.2, 126.4, 484, 272, 84, 783, 1021, 443, 2068, 350, 1923, 
56, 778, 66, 49, 115, 365, 3, 76, 2, 63, 31, 317, 42, 100, 100, 
100, 100, 100, 100, 100, 100, 100, 100, 100, 2500, 2500, 2500, 
2500, 2500, 2500, 2500, 2500, 2500, 2500, 2500, 6898.263, 7104.825, 
8074.811, 11647.366, 9801.42000000001, 7529.058, 10585.351, 13509.523, 
7427.10200000001, 7698.61799999999, 9520.42300000001, 6.25765, 
13.06595, 5.57592, 13.5091, 14.45094, 9.94977, -1.35141, 14.81389, 
-0.61482, 3.32451, 9.69074, -4.95486, -8.43088, -4.31626, -5.22997, 
-6.01242, -3.93043, -2.36153, -6.27694, -1.56724, -3.12549, -5.46679, 
0, 0, 0, 0, 0, 0, 0, 0, 0, 0, 0, 0, 0, 0, 0, 0, 0, 0, 0, 0, 0, 
0, 0.73275, 0.74167, 0.72782, 0.73108, 0.73559, 0.75329, 0.73735, 
0.76023, 0.74631, 0.75556, 0.74433, 0.73996, 0.67667, 0.7143, 
0.72055, 0.72535, 0.73398, 0.71502, 0.71905, 0.74231, 0.74074, 
0.73042, 0.012, 0.0317, 0.0132, 0.1869, 0.1754, 0.0507, 0.0151, 
0.3162, 0.0175, 0.0189, 0.0502, 69.8, 73.7, 80.5, 82, 89.4, 95.1, 
113.5, 102.3, 120, 115.3, 125.9, 1246, 168, 390, 88, 349, 9, 
170, 1370, 262, 141, 49, 1, 24, 3, 3, 2, 1, 1, 1, 1, 7, 1, 100, 
100, 100, 100, 100, 100, 100, 100, 100, 100, 100, 2500, 2500, 
2500, 2500, 2500, 2500, 2500, 2500, 2500, 2500, 2500, 6947.845, 
6994.644, 7032.278, 7131.097, 7065.319, 7306.879, 7672.995, 8053.42, 
8240.68299999999, 8703.80900000001, 9036.891, 1, 1, 1, 1, 1, 
1, 1, 1, 1, 1, 1, 0.33333, 0.33333, 0.33333, 0.33333, 0.33333, 
0.33333, 0.33333, 0.33333, 0.33333, 0.33333, 0.33333, 0, 0, 0, 
0, 0, 0, 0, 0, 0, 0, 0, 0, 0, 0, 0, 0, 0, 0, 0, 0, 0, 0, 0.6852, 
0.70375, 0.70425, 0.69336, 0.67506, 0.72011, 0.72411, 0.73573, 
0.73062, 0.74444, 0.73732, 0.69806, 0.71583, 0.70319, 0.70418, 
0.69006, 0.71035, 0.72411, 0.7314, 0.73446, 0.74444, 0.72352, 
0.0111, 0.0117, 0.0129, 0.013, 0.013, 0.0138, 0.0149, 0.0168, 
0.0164, 0.0185, 0.02, 78, 83.2, 88.2, 96.5, 100.6, 107.5, 111.3, 
113.6, 117.7, 123.1, 134.9, 1, 1, 1, 1, 1, 1, 1, 1, 1, 1, 1, 
1, 1, 1, 1, 1, 1, 1, 1, 1, 1, 1, 1, 1, 1, 1, 1, 1, 1, 1, 1, 1, 
1, 1, 1, 1, 1, 1, 1, 1, 1, 1, 1, 1, 2.593, 2.679, 2.619, 2.61, 
2.423, 2.47, 2.54, 2.646, 2.546, 2.792, 2.779), .Dim = c(11L, 
40L), .Dimnames = list(NULL, c("Sampling", "PSO.cost", "PSO.gamma", 
"PSO.data.balancing", "PSO.feature.selection", "PSO.valid.acc", 
"PSO.test.acc", "PSO.train.time", "PSO.n.support.vectors", "PSO.index", 
"PSO.n.solutions", "PSO.generations", "PSO.n.evaluations", "PSO.cpu.time", 
"RS.cost", "RS.gamma", "RS.data.balancing", "RS.feature.selection", 
"RS.valid.acc", "RS.test.acc", "RS.train.time", "RS.n.support.vectors", 
"RS.index", "RS.n.solutions", "RS.generations", "RS.n.evaluations", 
"RS.cpu.time", "DF.cost", "DF.gamma", "DF.data.balancing", "DF.feature.selection", 
"DF.valid.acc", "DF.test.acc", "DF.train.time", "DF.n.support.vectors", 
"DF.index", "DF.n.solutions", "DF.generations", "DF.n.evaluations", 
"DF.cpu.time")))
