full <-
structure(c(50, 55, 60, 65, 70, 75, 80, 85, 90, 95, 100, -1.35969, 
10.86198, 12.73664, 3.32605, 0.79612, -0.79789, 5.13042, 15, 
-0.04219, 0.4548, 3.58806, -1.25319, -8.18168, -4.8169, 0.20167, 
1.32611, 0.80709, -2.51228, -6.05168, -2.21929, 0.45787, -4.95414, 
0, 0, 0, 0, 0, 0, 0, 0, 0, 0, 0, 0, 0, 0, 0, 0, 0, 0, 0, 0, 0, 
0, 0.72238, 0.73417, 0.74444, 0.74795, 0.76128, 0.74307, 0.74585, 
0.76375, 0.75385, 0.74148, 0.74741, 0.7081, 0.7025, 0.7268, 0.70409, 
0.75604, 0.73831, 0.71047, 0.74341, 0.73031, 0.71898, 0.71638, 
0.0107, 0.0215, 0.114, 0.0138, 0.014, 0.0144, 0.0184, 0.5096, 
0.0157, 0.0186, 0.0191, 75.7, 72.6, 73.6, 88.5, 115.1, 119.9, 
100.9, 103.8, 118.6, 140.6, 129.1, 2244, 105, 276, 1825, 312, 
758, 293, 886, 1262, 1605, 1391, 2, 170, 251, 8, 205, 167, 44, 
9, 24, 4, 32, 100, 100, 100, 100, 100, 100, 100, 100, 100, 100, 
100, 2500, 2500, 2500, 2500, 2500, 2500, 2500, 2500, 2500, 2500, 
2500, 6137.2, 6404.045, 8262.062, 6256.684, 6406.955, 6559.54500000001, 
6404.811, 13784.79, 6578.443, 6529.125, 7456.39499999999, 5.63936, 
-0.60903, 0.8255, 1.14408, 0.97084, 12.82247, -0.15756, 12.0631, 
-0.07556, 11.67884, 3.13831, -14.51144, 1.79811, 1.96421, 1.99237, 
0.89546, -5.57834, 1.47231, -4.83672, -2.27362, -4.09094, -4.53121, 
0, 0, 0, 0, 0, 0, 0, 0, 0, 0, 0, 0, 0, 0, 0, 0, 0, 0, 0, 0, 0, 
0, 0.71524, 0.73458, 0.75, 0.76345, 0.75678, 0.74372, 0.74526, 
0.75141, 0.74985, 0.74136, 0.74397, 0.71524, 0.72792, 0.73235, 
0.75292, 0.73125, 0.7197, 0.73656, 0.73926, 0.71877, 0.73737, 
0.70603, 0.0096, 0.0118, 0.013, 0.0135, 0.0138, 0.1245, 0.0154, 
0.1268, 0.0161, 0.3549, 0.0188, 68.7, 99.1, 106.5, 111.4, 111.3, 
97.4, 132.5, 103.5, 119.5, 116.7, 129.4, 6, 161, 1344, 483, 2347, 
2325, 267, 167, 1338, 799, 249, 673, 3, 2, 1, 1, 1, 4, 14, 1, 
1, 6, 100, 100, 100, 100, 100, 100, 100, 100, 100, 100, 100, 
2500, 2500, 2500, 2500, 2500, 2500, 2500, 2500, 2500, 2500, 2500, 
6589.706, 6622.969, 6818.312, 6900.022, 7047.964, 7328.345, 7487.177, 
7477.606, 7664.45699999999, 8405.35800000001, 8316.27799999999, 
1, 1, 1, 1, 1, 1, 1, 1, 1, 1, 1, 0.33333, 0.33333, 0.33333, 0.33333, 
0.33333, 0.33333, 0.33333, 0.33333, 0.33333, 0.33333, 0.33333, 
0, 0, 0, 0, 0, 0, 0, 0, 0, 0, 0, 0, 0, 0, 0, 0, 0, 0, 0, 0, 0, 
0, 0.70095, 0.68958, 0.72712, 0.73187, 0.74499, 0.7013, 0.72806, 
0.71873, 0.73046, 0.72997, 0.7266, 0.69429, 0.70875, 0.72124, 
0.73187, 0.73496, 0.7197, 0.69723, 0.72708, 0.73031, 0.71488, 
0.72315, 0.0104, 0.0106, 0.0114, 0.0122, 0.0123, 0.0139, 0.0145, 
0.015, 0.0159, 0.0174, 0.0183, 74.2, 76.5, 81.9, 85.4, 93.1, 
104.7, 106.4, 111.7, 119, 125.6, 135, 1, 1, 1, 1, 1, 1, 1, 1, 
1, 1, 1, 1, 1, 1, 1, 1, 1, 1, 1, 1, 1, 1, 1, 1, 1, 1, 1, 1, 1, 
1, 1, 1, 1, 1, 1, 1, 1, 1, 1, 1, 1, 1, 1, 1, 2.474, 2.505, 2.493, 
2.49, 2.492, 2.512, 2.445, 2.478, 2.486, 2.54, 2.512), .Dim = c(11L, 
40L), .Dimnames = list(NULL, c("Sampling", "PSO.cost", "PSO.gamma", 
"PSO.data.balancing", "PSO.feature.selection", "PSO.valid.acc", 
"PSO.test.acc", "PSO.train.time", "PSO.n.support.vectors", "PSO.index", 
"PSO.n.solutions", "PSO.generations", "PSO.n.evaluations", "PSO.cpu.time", 
"RS.cost", "RS.gamma", "RS.data.balancing", "RS.feature.selection", 
"RS.valid.acc", "RS.test.acc", "RS.train.time", "RS.n.support.vectors", 
"RS.index", "RS.n.solutions", "RS.generations", "RS.n.evaluations", 
"RS.cpu.time", "DF.cost", "DF.gamma", "DF.data.balancing", "DF.feature.selection", 
"DF.valid.acc", "DF.test.acc", "DF.train.time", "DF.n.support.vectors", 
"DF.index", "DF.n.solutions", "DF.generations", "DF.n.evaluations", 
"DF.cpu.time")))
