full <-
structure(c(50, 55, 60, 65, 70, 75, 80, 85, 90, 95, 100, 5.13585, 
1.87534, 7.75598, 1.20568, 0.32127, 11.35041, 0.03095, 15, 13.07484, 
6.98714, 4.63584, -5.23344, -3.43757, -4.0578, -2.5016, -2.68845, 
-5.96738, -2.11952, -7.60333, -6.29337, -5.7909, -4.55361, 0, 
0, 0, 0, 0, 0, 0, 0, 0, 0, 0, 0, 0, 0, 0, 0, 0, 0, 0, 0, 0, 0, 
0.7774, 0.7975, 0.78529, 0.76316, 0.76551, 0.76255, 0.78946, 
0.8055, 0.78515, 0.76296, 0.74741, 0.75597, 0.78458, 0.75098, 
0.76316, 0.75549, 0.74372, 0.77205, 0.78883, 0.76561, 0.74815, 
0.74052, 0.0099, 0.0107, 0.0233, 0.0121, 0.0121, 0.0555, 0.0145, 
0.1918, 0.1569, 0.0193, 0.022, 58.2, 64.7, 70.4, 80.4, 89.2, 
85.2, 97.1, 90.8, 96.6, 108.8, 127.5, 76, 521, 1770, 140, 475, 
735, 768, 954, 270, 101, 1782, 486, 211, 3, 754, 111, 74, 162, 
12, 23, 247, 1, 100, 100, 100, 100, 100, 100, 100, 100, 100, 
100, 100, 2500, 2500, 2500, 2500, 2500, 2500, 2500, 2500, 2500, 
2500, 2500, 5994.736, 5925.843, 6752.696, 5820.177, 5957.15, 
8020.53, 6535.87, 9689.202, 10057.165, 7053.948, 11694.535, 5.28634, 
1.69021, 10.10654, 12.03991, 4.57164, 3.45959, 1.62048, 11.27491, 
11.76725, 8.48424, -1.21962, -5.09202, -3.46079, -5.70403, -6.72449, 
-4.63187, -4.29838, -2.39912, -6.08478, -8.21803, -6.24794, -1.4796, 
0, 0, 0, 0, 0, 0, 0, 0, 0, 0, 0, 0, 0, 0, 0, 0, 0, 0, 0, 0, 0, 
0, 0.7774, 0.7975, 0.77974, 0.76345, 0.76551, 0.76212, 0.78549, 
0.8015, 0.78471, 0.76296, 0.74741, 0.76978, 0.78458, 0.76275, 
0.77368, 0.75549, 0.75303, 0.76314, 0.78067, 0.77702, 0.74815, 
0.71638, 0.0102, 0.0102, 0.0293, 0.0589, 0.0131, 0.0135, 0.0144, 
0.0488, 0.0275, 0.0227, 0.0207, 57.8, 64.2, 67.9, 75.1, 84.7, 
87.8, 94.6, 91.1, 97.6, 107.8, 136.8, 1287, 1375, 8, 724, 1551, 
1149, 1747, 285, 247, 20, 314, 2, 1, 68, 6, 2, 3, 2, 10, 10, 
10, 1, 100, 100, 100, 100, 100, 100, 100, 100, 100, 100, 100, 
2500, 2500, 2500, 2500, 2500, 2500, 2500, 2500, 2500, 2500, 2500, 
6326.599, 6359.418, 6574.776, 6642.577, 6933.508, 7190.569, 7235.98, 
8195.93100000001, 8286.53, 7955.09299999999, 9734.149, 1, 1, 
1, 1, 1, 1, 1, 1, 1, 1, 1, 0.33333, 0.33333, 0.33333, 0.33333, 
0.33333, 0.33333, 0.33333, 0.33333, 0.33333, 0.33333, 0.33333, 
0, 0, 0, 0, 0, 0, 0, 0, 0, 0, 0, 0, 0, 0, 0, 0, 0, 0, 0, 0, 0, 
0, 0.75026, 0.77875, 0.77353, 0.74737, 0.76028, 0.7526, 0.78095, 
0.76833, 0.76161, 0.74074, 0.7266, 0.73597, 0.77208, 0.77418, 
0.75234, 0.75025, 0.73874, 0.76751, 0.78067, 0.7733, 0.74815, 
0.7335, 0.0102, 0.0106, 0.0115, 0.012, 0.0131, 0.014, 0.015, 
0.016, 0.0175, 0.0171, 0.021, 65.6, 70.8, 78.9, 84.4, 94.2, 97.1, 
98.6, 103.6, 108, 117.9, 133.3, 1, 1, 1, 1, 1, 1, 1, 1, 1, 1, 
1, 1, 1, 1, 1, 1, 1, 1, 1, 1, 1, 1, 1, 1, 1, 1, 1, 1, 1, 1, 1, 
1, 1, 1, 1, 1, 1, 1, 1, 1, 1, 1, 1, 1, 2.326, 2.328, 2.356, 2.339, 
2.391, 2.483, 2.477, 2.764, 2.865, 2.735, 2.882), .Dim = c(11L, 
40L), .Dimnames = list(NULL, c("Sampling", "PSO.cost", "PSO.gamma", 
"PSO.data.balancing", "PSO.feature.selection", "PSO.valid.acc", 
"PSO.test.acc", "PSO.train.time", "PSO.n.support.vectors", "PSO.index", 
"PSO.n.solutions", "PSO.generations", "PSO.n.evaluations", "PSO.cpu.time", 
"RS.cost", "RS.gamma", "RS.data.balancing", "RS.feature.selection", 
"RS.valid.acc", "RS.test.acc", "RS.train.time", "RS.n.support.vectors", 
"RS.index", "RS.n.solutions", "RS.generations", "RS.n.evaluations", 
"RS.cpu.time", "DF.cost", "DF.gamma", "DF.data.balancing", "DF.feature.selection", 
"DF.valid.acc", "DF.test.acc", "DF.train.time", "DF.n.support.vectors", 
"DF.index", "DF.n.solutions", "DF.generations", "DF.n.evaluations", 
"DF.cpu.time")))
