full <-
structure(c(50, 55, 60, 65, 70, 75, 80, 85, 90, 95, 100, 0.98752, 
-0.66115, 6.55827, 9.37099, 15, 15, 12.90304, 11.70265, 8.24354, 
0.70089, 14.73048, 1.53188, 0.01368, -5.48046, -6.92566, -6.75862, 
-7.56162, -8.27108, -7.27963, -6.18405, -2.87231, -6.97471, 0, 
0, 0, 0, 0, 0, 0, 0, 0, 0, 0, 0, 0, 0, 0, 0, 0, 0, 0, 0, 0, 0, 
0.74286, 0.72892, 0.73375, 0.73684, 0.73064, 0.75779, 0.75494, 
0.74383, 0.76116, 0.74088, 0.74052, 0.7081, 0.72225, 0.71734, 
0.70497, 0.71564, 0.73896, 0.7417, 0.73117, 0.73777, 0.7295, 
0.73362, 0.011, 0.0114, 0.0138, 0.0192, 0.2749, 0.192, 0.0409, 
0.0362, 0.0227, 0.0177, 0.3521, 85.5, 86.2, 81.3, 88.6, 94, 97.2, 
103.7, 105.6, 112.6, 122, 124.1, 1354, 1158, 102, 112, 404, 693, 
74, 240, 180, 750, 1486, 41, 39, 213, 240, 14, 77, 558, 45, 324, 
223, 23, 100, 100, 100, 100, 100, 100, 100, 100, 100, 100, 100, 
2500, 2500, 2500, 2500, 2500, 2500, 2500, 2500, 2500, 2500, 2500, 
6559.444, 6723.62, 6736.024, 6970.738, 11805.226, 9382.508, 7525.14199999999, 
7830.88399999999, 7946.603, 8502.18600000002, 11701.977, 0.97508, 
2.79676, 7.14339, 9.73094, 11.54484, 14.05965, 12.13414, 1.89412, 
12.06769, 0.68371, 13.60891, 1.56186, -0.79441, -5.49426, -7.17486, 
-5.04232, -7.14857, -8.0942, -3.36974, -7.64713, -2.83426, -6.60296, 
0, 0, 0, 0, 0, 0, 0, 0, 0, 0, 0, 0, 0, 0, 0, 0, 0, 0, 0, 0, 0, 
0, 0.74286, 0.72892, 0.72786, 0.73684, 0.72561, 0.75303, 0.75494, 
0.73967, 0.76116, 0.73718, 0.73707, 0.7081, 0.71012, 0.71146, 
0.70497, 0.71588, 0.7342, 0.73281, 0.7355, 0.74917, 0.7295, 0.73005, 
0.0118, 0.0118, 0.0138, 0.0193, 0.0767, 0.1264, 0.0335, 0.0162, 
0.0419, 0.0187, 0.2376, 86.2, 76, 80.7, 88.5, 93.8, 97.2, 103.4, 
108.7, 112.6, 122.6, 124.4, 2423, 21, 176, 388, 540, 469, 35, 
9, 206, 210, 2043, 1, 1, 6, 3, 4, 2, 14, 33, 11, 1, 1, 100, 100, 
100, 100, 100, 100, 100, 100, 100, 100, 100, 2500, 2500, 2500, 
2500, 2500, 2500, 2500, 2500, 2500, 2500, 2500, 6845.859, 6927.621, 
6803.43399999999, 7103.412, 7092.939, 7312.961, 7459.792, 7558.72499999999, 
8263.21900000001, 9003.084, 8916.29800000001, 1, 1, 1, 1, 1, 
1, 1, 1, 1, 1, 1, 0.33333, 0.33333, 0.33333, 0.33333, 0.33333, 
0.33333, 0.33333, 0.33333, 0.33333, 0.33333, 0.33333, 0, 0, 0, 
0, 0, 0, 0, 0, 0, 0, 0, 0, 0, 0, 0, 0, 0, 0, 0, 0, 0, 0, 0.71571, 
0.69762, 0.7161, 0.69912, 0.70011, 0.72056, 0.72846, 0.719, 0.73364, 
0.72195, 0.72303, 0.73571, 0.69762, 0.69907, 0.70439, 0.69011, 
0.72035, 0.72846, 0.719, 0.74162, 0.72167, 0.71613, 0.0108, 0.0115, 
0.012, 0.0127, 0.0138, 0.0149, 0.0158, 0.0162, 0.0165, 0.0191, 
0.0196, 71.1, 79.7, 87.9, 95, 102.6, 105.6, 112, 114.5, 121.6, 
125.1, 133.7, 1, 1, 1, 1, 1, 1, 1, 1, 1, 1, 1, 1, 1, 1, 1, 1, 
1, 1, 1, 1, 1, 1, 1, 1, 1, 1, 1, 1, 1, 1, 1, 1, 1, 1, 1, 1, 1, 
1, 1, 1, 1, 1, 1, 1, 2.553, 2.63, 2.573, 2.532, 2.577, 2.656, 
2.678, 2.633, 2.603, 2.607, 2.634), .Dim = c(11L, 40L), .Dimnames = list(
    NULL, c("Sampling", "PSO.cost", "PSO.gamma", "PSO.data.balancing", 
    "PSO.feature.selection", "PSO.valid.acc", "PSO.test.acc", 
    "PSO.train.time", "PSO.n.support.vectors", "PSO.index", "PSO.n.solutions", 
    "PSO.generations", "PSO.n.evaluations", "PSO.cpu.time", "RS.cost", 
    "RS.gamma", "RS.data.balancing", "RS.feature.selection", 
    "RS.valid.acc", "RS.test.acc", "RS.train.time", "RS.n.support.vectors", 
    "RS.index", "RS.n.solutions", "RS.generations", "RS.n.evaluations", 
    "RS.cpu.time", "DF.cost", "DF.gamma", "DF.data.balancing", 
    "DF.feature.selection", "DF.valid.acc", "DF.test.acc", "DF.train.time", 
    "DF.n.support.vectors", "DF.index", "DF.n.solutions", "DF.generations", 
    "DF.n.evaluations", "DF.cpu.time")))
