full <-
structure(c(50, 55, 60, 65, 70, 75, 80, 85, 90, 95, 100, 2.64339, 
2.6316, 7.62204, 7.01478, -0.72009, 5.80047, 12.52835, 14.50127, 
1.89624, 3.34535, 12.5296, -2.4796, -2.45232, -3.2117, -2.46519, 
-0.16447, -3.18257, -5.70853, -7.1706, -1.35317, -4.28167, -6.93864, 
0, 0, 0, 0, 0, 0, 0, 0, 0, 0, 0, 0, 0, 0, 0, 0, 0, 0, 0, 0, 0, 
0, 0.74333, 0.73534, 0.72614, 0.72105, 0.74023, 0.75714, 0.74043, 
0.76007, 0.72728, 0.73711, 0.74421, 0.72905, 0.70831, 0.7085, 
0.7152, 0.7397, 0.71468, 0.71868, 0.73505, 0.69944, 0.72215, 
0.7234, 0.011, 0.0116, 0.0248, 0.0251, 0.0135, 0.0194, 0.105, 
0.2176, 0.019, 0.0185, 0.1152, 71.3, 77, 84.4, 85.6, 103.4, 94.1, 
97.1, 107.2, 119.7, 121, 127, 91, 999, 920, 2195, 1118, 331, 
178, 2000, 527, 350, 258, 720, 131, 73, 9, 131, 202, 345, 2, 
84, 125, 134, 100, 100, 100, 100, 100, 100, 100, 100, 100, 100, 
100, 2500, 2500, 2500, 2500, 2500, 2500, 2500, 2500, 2500, 2500, 
2500, 6332.596, 6928.848, 6732.725, 6824.182, 6813.907, 8243.364, 
9640.701, 11416.135, 7222.14, 7340.38800000001, 10954.032, 2.53535, 
2.56451, 10.49428, -0.17316, -0.60708, 5.95371, -0.31269, 10.40224, 
1.66776, 3.61747, 14.94894, -2.30616, -2.42581, -4.88859, 0.00286, 
-0.01017, -3.30046, -0.86242, -5.8216, -1.27783, -4.3695, -7.75031, 
0, 0, 0, 0, 0, 0, 0, 0, 0, 0, 0, 0, 0, 0, 0, 0, 0, 0, 0, 0, 0, 
0, 0.74333, 0.73534, 0.72092, 0.73129, 0.73996, 0.75714, 0.7406, 
0.75572, 0.72728, 0.73711, 0.74421, 0.72238, 0.70831, 0.70327, 
0.72602, 0.7397, 0.71944, 0.73174, 0.74357, 0.69944, 0.72585, 
0.72685, 0.0109, 0.0121, 0.0401, 0.0138, 0.0142, 0.0196, 0.0155, 
0.0429, 0.0182, 0.0187, 0.3112, 70.7, 77, 82.6, 99.6, 104.8, 
94.3, 110.6, 107.1, 120.8, 120.7, 126.7, 63, 799, 841, 261, 49, 
2395, 1790, 116, 2103, 1885, 2379, 5, 2, 8, 1, 1, 1, 1, 3, 1, 
1, 1, 100, 100, 100, 100, 100, 100, 100, 100, 100, 100, 100, 
2500, 2500, 2500, 2500, 2500, 2500, 2500, 2500, 2500, 2500, 2500, 
6968.421, 6825.694, 7252.833, 7546.883, 7791.213, 7587.192, 7995.156, 
8526.586, 8731.46599999999, 9258.82199999999, 9874.636, 1, 1, 
1, 1, 1, 1, 1, 1, 1, 1, 1, 0.33333, 0.33333, 0.33333, 0.33333, 
0.33333, 0.33333, 0.33333, 0.33333, 0.33333, 0.33333, 0.33333, 
0, 0, 0, 0, 0, 0, 0, 0, 0, 0, 0, 0, 0, 0, 0, 0, 0, 0, 0, 0, 0, 
0, 0.7219, 0.70363, 0.69739, 0.72018, 0.70472, 0.73351, 0.71886, 
0.72722, 0.71883, 0.71502, 0.72007, 0.69381, 0.68993, 0.69118, 
0.7152, 0.72946, 0.74284, 0.72739, 0.73088, 0.71869, 0.71502, 
0.70616, 0.0106, 0.0107, 0.0124, 0.013, 0.0135, 0.0145, 0.015, 
0.0162, 0.017, 0.0185, 0.0191, 74.3, 81.7, 89.3, 92.3, 97.1, 
100.7, 105.1, 113.7, 122.1, 127.1, 133.9, 1, 1, 1, 1, 1, 1, 1, 
1, 1, 1, 1, 1, 1, 1, 1, 1, 1, 1, 1, 1, 1, 1, 1, 1, 1, 1, 1, 1, 
1, 1, 1, 1, 1, 1, 1, 1, 1, 1, 1, 1, 1, 1, 1, 1, 2.587, 2.434, 
2.633, 2.712, 2.726, 2.677, 2.705, 2.825, 2.775, 2.91, 2.924), .Dim = c(11L, 
40L), .Dimnames = list(NULL, c("Sampling", "PSO.cost", "PSO.gamma", 
"PSO.data.balancing", "PSO.feature.selection", "PSO.valid.acc", 
"PSO.test.acc", "PSO.train.time", "PSO.n.support.vectors", "PSO.index", 
"PSO.n.solutions", "PSO.generations", "PSO.n.evaluations", "PSO.cpu.time", 
"RS.cost", "RS.gamma", "RS.data.balancing", "RS.feature.selection", 
"RS.valid.acc", "RS.test.acc", "RS.train.time", "RS.n.support.vectors", 
"RS.index", "RS.n.solutions", "RS.generations", "RS.n.evaluations", 
"RS.cpu.time", "DF.cost", "DF.gamma", "DF.data.balancing", "DF.feature.selection", 
"DF.valid.acc", "DF.test.acc", "DF.train.time", "DF.n.support.vectors", 
"DF.index", "DF.n.solutions", "DF.generations", "DF.n.evaluations", 
"DF.cpu.time")))
