full <-
structure(c(50, 55, 60, 65, 70, 75, 80, 85, 90, 95, 100, -0.05763, 
1.4765, 0.92327, 4.36456, -0.03042, 0.65409, 1.25814, -0.32758, 
15, 0.48346, 13.85465, -0.51156, -1.44541, -1.17167, -3.59702, 
-0.97268, 2.02811, 2.19808, 0.58333, -6.36044, -2.81255, -9.8882, 
0, 0, 0, 0, 0, 0, 0, 0, 0, 0, 0, 0, 0, 0, 0, 0, 0, 0, 0, 0, 0, 
0, 0.80619, 0.79225, 0.78562, 0.78596, 0.76538, 0.76223, 0.76845, 
0.76483, 0.75805, 0.75926, 0.74741, 0.79238, 0.78522, 0.75033, 
0.76462, 0.74038, 0.74318, 0.74633, 0.76883, 0.7234, 0.74074, 
0.75086, 0.0105, 0.0105, 0.0115, 0.0133, 0.0135, 0.0168, 0.0183, 
0.0174, 0.4697, 0.0172, 0.0483, 69.1, 66.3, 75.2, 76.6, 94.9, 
130.8, 134.2, 126.3, 97.3, 117.2, 127.4, 145, 683, 108, 422, 
604, 2085, 681, 270, 286, 1181, 216, 590, 378, 771, 266, 243, 
1, 277, 71, 179, 9, 246, 100, 100, 100, 100, 100, 100, 100, 100, 
100, 100, 100, 2500, 2500, 2500, 2500, 2500, 2500, 2500, 2500, 
2500, 2500, 2500, 6596.105, 6323.037, 6359.345, 6437.84499999999, 
6733.32, 6643.05899999999, 7062.91499999999, 9806.622, 11401.702, 
7055.318, 8410.52799999999, 0.67788, 1.94714, 0.75502, 4.84992, 
1.20252, 1.12422, 1.5108, 1.30037, 0.09177, 0.39024, 14.39406, 
-0.69161, -1.9434, -0.93726, -3.87226, -1.09278, 2.14084, 2.05588, 
1.68763, 1.055, -2.77087, -10.19112, 0, 0, 0, 0, 0, 0, 0, 0, 
0, 0, 0, 0, 0, 0, 0, 0, 0, 0, 0, 0, 0, 0, 0.80619, 0.79225, 0.78562, 
0.78596, 0.76514, 0.76158, 0.7641, 0.76883, 0.76235, 0.75926, 
0.74741, 0.79952, 0.77975, 0.75621, 0.76491, 0.7554, 0.73907, 
0.73743, 0.748, 0.75422, 0.73704, 0.75776, 0.01, 0.011, 0.0118, 
0.0125, 0.0139, 0.0173, 0.0176, 0.0183, 0.0183, 0.0168, 0.0487, 
66.4, 63.2, 76.8, 76.6, 93.5, 129.3, 130.2, 134.5, 136.1, 117.1, 
127.2, 555, 2331, 1023, 864, 1013, 1665, 176, 1087, 2026, 1837, 
1743, 2, 1, 3, 5, 1, 1, 2, 3, 1, 1, 1, 100, 100, 100, 100, 100, 
100, 100, 100, 100, 100, 100, 2500, 2500, 2500, 2500, 2500, 2500, 
2500, 2500, 2500, 2500, 2500, 6521.391, 6656.066, 6851.635, 7093.667, 
7603.21, 7638.603, 8062.44900000001, 8280.216, 8517.63299999999, 
8748.424, 9480.91899999999, 1, 1, 1, 1, 1, 1, 1, 1, 1, 1, 1, 
0.33333, 0.33333, 0.33333, 0.33333, 0.33333, 0.33333, 0.33333, 
0.33333, 0.33333, 0.33333, 0.33333, 0, 0, 0, 0, 0, 0, 0, 0, 0, 
0, 0, 0, 0, 0, 0, 0, 0, 0, 0, 0, 0, 0, 0.78476, 0.76137, 0.75033, 
0.76404, 0.75011, 0.73364, 0.74158, 0.74017, 0.73866, 0.74444, 
0.70936, 0.7919, 0.7535, 0.75654, 0.74298, 0.73538, 0.72866, 
0.74139, 0.75683, 0.73511, 0.74074, 0.7266, 0.0101, 0.0106, 0.0113, 
0.012, 0.0133, 0.0151, 0.0152, 0.0161, 0.0168, 0.0178, 0.0199, 
63.7, 67.7, 75, 83.2, 92.8, 96.4, 100.3, 107.5, 109.7, 119.8, 
134.3, 1, 1, 1, 1, 1, 1, 1, 1, 1, 1, 1, 1, 1, 1, 1, 1, 1, 1, 
1, 1, 1, 1, 1, 1, 1, 1, 1, 1, 1, 1, 1, 1, 1, 1, 1, 1, 1, 1, 1, 
1, 1, 1, 1, 1, 2.505, 2.573, 2.562, 2.536, 2.578, 2.921, 2.814, 
2.824, 2.788, 2.775, 2.9), .Dim = c(11L, 40L), .Dimnames = list(
    NULL, c("Sampling", "PSO.cost", "PSO.gamma", "PSO.data.balancing", 
    "PSO.feature.selection", "PSO.valid.acc", "PSO.test.acc", 
    "PSO.train.time", "PSO.n.support.vectors", "PSO.index", "PSO.n.solutions", 
    "PSO.generations", "PSO.n.evaluations", "PSO.cpu.time", "RS.cost", 
    "RS.gamma", "RS.data.balancing", "RS.feature.selection", 
    "RS.valid.acc", "RS.test.acc", "RS.train.time", "RS.n.support.vectors", 
    "RS.index", "RS.n.solutions", "RS.generations", "RS.n.evaluations", 
    "RS.cpu.time", "DF.cost", "DF.gamma", "DF.data.balancing", 
    "DF.feature.selection", "DF.valid.acc", "DF.test.acc", "DF.train.time", 
    "DF.n.support.vectors", "DF.index", "DF.n.solutions", "DF.generations", 
    "DF.n.evaluations", "DF.cpu.time")))
