full <-
structure(c(50, 55, 60, 65, 70, 75, 80, 85, 90, 95, 100, 4.39174, 
12.87311, 12.49918, 15, 15, 2.19232, 15, 8.76455, -0.37293, 15, 
4.9728, -3.34564, -6.43531, -6.45852, -6.61611, -7.53976, -2.75771, 
-6.96453, -4.07156, 0.05316, -9.08312, -3.75755, 0, 0, 0, 0, 
0, 0, 0, 0, 0, 0, 0, 0, 0, 0, 0, 0, 0, 0, 0, 0, 0, 0, 0.8219, 
0.82375, 0.77864, 0.75351, 0.75377, 0.74775, 0.75012, 0.73941, 
0.74238, 0.74437, 0.75086, 0.80095, 0.79167, 0.73672, 0.73684, 
0.75377, 0.71957, 0.70662, 0.71891, 0.72268, 0.7257, 0.71638, 
0.0094, 0.0391, 0.0377, 0.1311, 0.1421, 0.0159, 0.2629, 0.038, 
0.0161, 0.114, 0.0226, 53.9, 59.6, 70.4, 78.4, 86, 97, 100.8, 
105.6, 131.7, 119.4, 125.7, 120, 319, 338, 777, 900, 1354, 957, 
1380, 2024, 68, 135, 204, 83, 131, 211, 46, 30, 21, 40, 9, 5, 
558, 100, 100, 100, 100, 100, 100, 100, 100, 100, 100, 100, 2500, 
2500, 2500, 2500, 2500, 2500, 2500, 2500, 2500, 2500, 2500, 5906.785, 
7888.028, 8703.542, 10378.261, 9062.226, 8422.852, 12287.1, 9315.58, 
9957.33600000001, 12574.682, 6658.84399999998, 3.12057, 10.95709, 
10.51857, 14.14468, 14.2596, 4.22097, 13.1921, 9.07388, -0.15961, 
-1.05458, 5.14717, -2.50471, -5.80747, -5.72148, -6.23924, -7.22434, 
-3.52536, -6.43064, -4.16334, 0.00644, -0.07087, -3.97949, 0, 
0, 0, 0, 0, 0, 0, 0, 0, 0, 0, 0, 0, 0, 0, 0, 0, 0, 0, 0, 0, 0, 
0.8219, 0.82375, 0.77275, 0.74825, 0.75377, 0.7432, 0.74577, 
0.73941, 0.74652, 0.74465, 0.75086, 0.78667, 0.79167, 0.74853, 
0.7424, 0.75377, 0.72478, 0.71948, 0.71891, 0.73852, 0.73367, 
0.71638, 0.0093, 0.023, 0.0226, 0.1102, 0.1116, 0.0155, 0.1314, 
0.0406, 0.0169, 0.0174, 0.0229, 54.1, 59.6, 70.4, 78.9, 85.5, 
95.9, 101.5, 105.8, 130.1, 139, 126.5, 513, 1213, 527, 205, 151, 
1078, 36, 2103, 1402, 2375, 8, 4, 1, 5, 6, 13, 2, 4, 1, 1, 1, 
6, 100, 100, 100, 100, 100, 100, 100, 100, 100, 100, 100, 2500, 
2500, 2500, 2500, 2500, 2500, 2500, 2500, 2500, 2500, 2500, 6045.067, 
8092.281, 8196.512, 8357.796, 8716.47900000001, 9057.66099999999, 
9363.072, 9699.52000000002, 7534.11500000002, 8093.807, 8782.40800000002, 
1, 1, 1, 1, 1, 1, 1, 1, 1, 1, 1, 0.33333, 0.33333, 0.33333, 0.33333, 
0.33333, 0.33333, 0.33333, 0.33333, 0.33333, 0.33333, 0.33333, 
0, 0, 0, 0, 0, 0, 0, 0, 0, 0, 0, 0, 0, 0, 0, 0, 0, 0, 0, 0, 0, 
0, 0.76571, 0.76625, 0.72112, 0.72602, 0.73425, 0.72413, 0.71077, 
0.70657, 0.72697, 0.71842, 0.74397, 0.77905, 0.76, 0.72667, 0.72076, 
0.73972, 0.71435, 0.70206, 0.70655, 0.72713, 0.72186, 0.71983, 
0.0097, 0.0113, 0.0127, 0.0138, 0.0151, 0.0153, 0.0166, 0.0175, 
0.0164, 0.0182, 0.0182, 62.5, 69.4, 81.7, 88.9, 93.5, 100, 109.7, 
115.7, 120.6, 127.4, 134.3, 1, 1, 1, 1, 1, 1, 1, 1, 1, 1, 1, 
1, 1, 1, 1, 1, 1, 1, 1, 1, 1, 1, 1, 1, 1, 1, 1, 1, 1, 1, 1, 1, 
1, 1, 1, 1, 1, 1, 1, 1, 1, 1, 1, 1, 2.347, 3.075, 3.306, 3.235, 
3.461, 3.306, 3.481, 3.444, 2.446, 2.59, 2.462), .Dim = c(11L, 
40L), .Dimnames = list(NULL, c("Sampling", "PSO.cost", "PSO.gamma", 
"PSO.data.balancing", "PSO.feature.selection", "PSO.valid.acc", 
"PSO.test.acc", "PSO.train.time", "PSO.n.support.vectors", "PSO.index", 
"PSO.n.solutions", "PSO.generations", "PSO.n.evaluations", "PSO.cpu.time", 
"RS.cost", "RS.gamma", "RS.data.balancing", "RS.feature.selection", 
"RS.valid.acc", "RS.test.acc", "RS.train.time", "RS.n.support.vectors", 
"RS.index", "RS.n.solutions", "RS.generations", "RS.n.evaluations", 
"RS.cpu.time", "DF.cost", "DF.gamma", "DF.data.balancing", "DF.feature.selection", 
"DF.valid.acc", "DF.test.acc", "DF.train.time", "DF.n.support.vectors", 
"DF.index", "DF.n.solutions", "DF.generations", "DF.n.evaluations", 
"DF.cpu.time")))
