full <-
structure(c(50, 55, 60, 65, 70, 75, 80, 85, 90, 95, 100, 0.9695, 
12.14299, 7.23308, 0.00582, 13.94172, 11.7383, 15, 15, -0.17908, 
-0.52266, 7.93727, -1.93053, -6.28342, -10.00053, 0.768, -5.97516, 
-3.95568, -6.57684, -5.46511, -1.57595, 0.21907, -5.27202, 0, 
0, 0, 0, 0, 0, 0, 0, 0, 0, 0, 0, 0, 0, 0, 0, 0, 0, 0, 0, 0, 0, 
0.75842, 0.77958, 0.76192, 0.76889, 0.76, 0.77134, 0.7585, 0.7645, 
0.75007, 0.75556, 0.73374, 0.76454, 0.76042, 0.75604, 0.76333, 
0.73, 0.72935, 0.73202, 0.72717, 0.74609, 0.73333, 0.73374, 0.0123, 
0.0699, 0.015, 0.0143, 0.2783, 0.1648, 0.4315, 0.8734, 0.0161, 
0.0196, 0.0322, 65.9, 63.7, 73.1, 100.7, 83.7, 87.3, 95.3, 99.5, 
112.9, 137.9, 126.9, 336, 227, 2, 2490, 774, 934, 387, 463, 2014, 
429, 47, 29, 508, 2083, 1, 33, 16, 80, 111, 2, 94, 116, 100, 
100, 100, 100, 100, 100, 100, 100, 100, 100, 100, 2500, 2500, 
2500, 2500, 2500, 2500, 2500, 2500, 2500, 2500, 2500, 8142.172, 
11255.51, 8233.98, 8290.986, 9955.823, 11726.779, 14738.173, 
18984.32, 8123.177, 11553.303, 11269.431, -0.14709, 9.90414, 
11.35544, 0.19912, 13.14114, 10.68051, 13.26631, 12.68515, 12.7837, 
-0.40328, 12.59055, -0.70023, -5.31213, -11.3166, 1.15507, -5.62938, 
-3.69213, -5.98771, -4.88301, -4.93475, 0.33286, -6.99667, 0, 
0, 0, 0, 0, 0, 0, 0, 0, 0, 0, 0, 0, 0, 0, 0, 0, 0, 0, 0, 0, 0, 
0.76509, 0.77958, 0.76192, 0.77415, 0.76, 0.76203, 0.7585, 0.7605, 
0.7501, 0.75556, 0.73374, 0.76454, 0.76042, 0.7678, 0.76304, 
0.73, 0.73411, 0.73202, 0.723, 0.7541, 0.72963, 0.73719, 0.0119, 
0.0344, 0.0185, 0.0137, 0.202, 0.1053, 0.1883, 0.232, 0.3479, 
0.0195, 0.1158, 71.3, 63.7, 70.2, 103.7, 83.1, 87.3, 95.9, 100.1, 
103.9, 138.3, 126.4, 52, 192, 1, 874, 262, 66, 2338, 1169, 773, 
684, 212, 5, 27, 1087, 3, 10, 13, 1, 2, 5, 1, 20, 100, 100, 100, 
100, 100, 100, 100, 100, 100, 100, 100, 2500, 2500, 2500, 2500, 
2500, 2500, 2500, 2500, 2500, 2500, 2500, 8479.239, 8838.671, 
8815.696, 8877.765, 8998.45999999999, 9171.26999999999, 8873.79399999999, 
9599.177, 9891.86300000001, 9918.57900000003, 10893.85, 1, 1, 
1, 1, 1, 1, 1, 1, 1, 1, 1, 0.33333, 0.33333, 0.33333, 0.33333, 
0.33333, 0.33333, 0.33333, 0.33333, 0.33333, 0.33333, 0.33333, 
0, 0, 0, 0, 0, 0, 0, 0, 0, 0, 0, 0, 0, 0, 0, 0, 0, 0, 0, 0, 0, 
0, 0.75073, 0.76625, 0.74427, 0.74696, 0.715, 0.71162, 0.72787, 
0.71483, 0.74223, 0.72963, 0.72328, 0.75788, 0.76625, 0.74489, 
0.74725, 0.715, 0.72069, 0.72767, 0.73117, 0.74239, 0.74444, 
0.73374, 0.0125, 0.0123, 0.0139, 0.0134, 0.014, 0.0156, 0.0159, 
0.0157, 0.0169, 0.0178, 0.0211, 65.8, 70.5, 76.3, 83.1, 92.5, 
96.4, 103.6, 107.9, 112.4, 122.2, 134.7, 1, 1, 1, 1, 1, 1, 1, 
1, 1, 1, 1, 1, 1, 1, 1, 1, 1, 1, 1, 1, 1, 1, 1, 1, 1, 1, 1, 1, 
1, 1, 1, 1, 1, 1, 1, 1, 1, 1, 1, 1, 1, 1, 1, 1, 3.227, 3.29, 
3.275, 3.275, 3.255, 3.169, 3.238, 3.236, 3.2, 3.033, 3.407), .Dim = c(11L, 
40L), .Dimnames = list(NULL, c("Sampling", "PSO.cost", "PSO.gamma", 
"PSO.data.balancing", "PSO.feature.selection", "PSO.valid.acc", 
"PSO.test.acc", "PSO.train.time", "PSO.n.support.vectors", "PSO.index", 
"PSO.n.solutions", "PSO.generations", "PSO.n.evaluations", "PSO.cpu.time", 
"RS.cost", "RS.gamma", "RS.data.balancing", "RS.feature.selection", 
"RS.valid.acc", "RS.test.acc", "RS.train.time", "RS.n.support.vectors", 
"RS.index", "RS.n.solutions", "RS.generations", "RS.n.evaluations", 
"RS.cpu.time", "DF.cost", "DF.gamma", "DF.data.balancing", "DF.feature.selection", 
"DF.valid.acc", "DF.test.acc", "DF.train.time", "DF.n.support.vectors", 
"DF.index", "DF.n.solutions", "DF.generations", "DF.n.evaluations", 
"DF.cpu.time")))
