full <-
structure(c(50, 55, 60, 65, 70, 75, 80, 85, 90, 95, 100, 3.40167, 
15, 14.81663, 14.87387, 15, 8.70674, 14.73168, 7.75109, 0.41688, 
14.73732, 15, -1.16472, -3.79751, -4.29848, -4.53176, -9.52865, 
-5.44876, -7.29667, -5.36096, -2.53874, -7.40246, -6.1631, 0, 
0, 0, 0, 0, 0, 0, 0, 0, 0, 0, 0, 0, 0, 0, 0, 0, 0, 0, 0, 0, 0, 
0.74619, 0.77208, 0.76242, 0.77456, 0.7499, 0.7658, 0.73686, 
0.7355, 0.72757, 0.74453, 0.73732, 0.73905, 0.75333, 0.72778, 
0.76374, 0.73464, 0.75628, 0.71, 0.7105, 0.72387, 0.71501, 0.72007, 
0.0109, 0.5252, 0.7703, 0.7326, 0.0597, 0.0213, 0.2637, 0.0211, 
0.017, 0.2559, 1.0185, 69.1, 60.8, 68, 73.6, 89.1, 93.1, 101.4, 
109.9, 119.3, 117.6, 124, 301, 1708, 702, 1658, 1426, 302, 1642, 
484, 1026, 1374, 333, 428, 26, 67, 10, 1, 69, 8, 51, 99, 18, 
320, 100, 100, 100, 100, 100, 100, 100, 100, 100, 100, 100, 2500, 
2500, 2500, 2500, 2500, 2500, 2500, 2500, 2500, 2500, 2500, 5905.273, 
8944.909, 13317.79, 11800.848, 7000.449, 7453.712, 10016.569, 
6946.65300000001, 6940.17300000001, 9873.26300000001, 20893.339, 
3.71898, 14.80425, 11.01019, 13.71394, 13.19801, 12.88794, 14.24276, 
7.2188, 0.18238, 12.96781, 14.54242, -1.28648, -3.69987, -4.16508, 
-4.26833, -8.82141, -6.92118, -7.18314, -5.16233, -2.35442, -6.80513, 
-6.09567, 0, 0, 0, 0, 0, 0, 0, 0, 0, 0, 0, 0, 0, 0, 0, 0, 0, 
0, 0, 0, 0, 0, 0.74619, 0.76583, 0.75654, 0.76374, 0.7449, 0.7658, 
0.73251, 0.73133, 0.72757, 0.74453, 0.73732, 0.73905, 0.74708, 
0.72745, 0.76374, 0.73464, 0.7658, 0.71, 0.70633, 0.72387, 0.71501, 
0.72352, 0.011, 0.4688, 0.0635, 0.3725, 0.0331, 0.063, 0.1493, 
0.0199, 0.0166, 0.1247, 0.6326, 67.6, 60.9, 73.2, 74.2, 89.5, 
93.4, 101.7, 110, 119.7, 118.3, 123.7, 764, 1665, 476, 1998, 
227, 200, 780, 151, 15, 548, 32, 1, 1, 4, 2, 11, 6, 4, 4, 1, 
3, 3, 100, 100, 100, 100, 100, 100, 100, 100, 100, 100, 100, 
2500, 2500, 2500, 2500, 2500, 2500, 2500, 2500, 2500, 2500, 2500, 
6184.348, 6178.612, 6311.905, 6584.077, 6787.754, 6833.66100000001, 
7402.46800000001, 7681.777, 8136.50599999999, 8648.53099999999, 
8880.95999999999, 1, 1, 1, 1, 1, 1, 1, 1, 1, 1, 1, 0.33333, 0.33333, 
0.33333, 0.33333, 0.33333, 0.33333, 0.33333, 0.33333, 0.33333, 
0.33333, 0.33333, 0, 0, 0, 0, 0, 0, 0, 0, 0, 0, 0, 0, 0, 0, 0, 
0, 0, 0, 0, 0, 0, 0, 0.71714, 0.7275, 0.72092, 0.73743, 0.72937, 
0.7474, 0.71925, 0.71867, 0.71187, 0.72612, 0.71995, 0.71048, 
0.72125, 0.73268, 0.73655, 0.73937, 0.75671, 0.71433, 0.727, 
0.71587, 0.73313, 0.72352, 0.0099, 0.0102, 0.0112, 0.0118, 0.0126, 
0.0134, 0.0142, 0.0153, 0.017, 0.0167, 0.0192, 74.3, 80.2, 84.6, 
88.9, 95.3, 100.5, 110.4, 116.9, 123.1, 127.3, 134.2, 1, 1, 1, 
1, 1, 1, 1, 1, 1, 1, 1, 1, 1, 1, 1, 1, 1, 1, 1, 1, 1, 1, 1, 1, 
1, 1, 1, 1, 1, 1, 1, 1, 1, 1, 1, 1, 1, 1, 1, 1, 1, 1, 1, 1, 2.336, 
2.283, 2.387, 2.381, 2.372, 2.388, 2.363, 2.394, 2.591, 2.434, 
2.618), .Dim = c(11L, 40L), .Dimnames = list(NULL, c("Sampling", 
"PSO.cost", "PSO.gamma", "PSO.data.balancing", "PSO.feature.selection", 
"PSO.valid.acc", "PSO.test.acc", "PSO.train.time", "PSO.n.support.vectors", 
"PSO.index", "PSO.n.solutions", "PSO.generations", "PSO.n.evaluations", 
"PSO.cpu.time", "RS.cost", "RS.gamma", "RS.data.balancing", "RS.feature.selection", 
"RS.valid.acc", "RS.test.acc", "RS.train.time", "RS.n.support.vectors", 
"RS.index", "RS.n.solutions", "RS.generations", "RS.n.evaluations", 
"RS.cpu.time", "DF.cost", "DF.gamma", "DF.data.balancing", "DF.feature.selection", 
"DF.valid.acc", "DF.test.acc", "DF.train.time", "DF.n.support.vectors", 
"DF.index", "DF.n.solutions", "DF.generations", "DF.n.evaluations", 
"DF.cpu.time")))
