full <-
structure(c(50, 55, 60, 65, 70, 75, 80, 85, 90, 95, 100, 0.57723, 
1.69733, -0.4761, 13.0688, 1.30183, 0.96781, 1.3882, 15, 0.09802, 
14.84942, 15, 0.17048, -1.79418, -0.40922, -9.86144, -0.75591, 
-2.62252, -2.2377, -6.26362, -0.26308, -7.04064, -6.1918, 0, 
0, 0, 0, 0, 0, 0, 0, 0, 0, 0, 0, 0, 0, 0, 0, 0, 0, 0, 0, 0, 0, 
0.79238, 0.77917, 0.77974, 0.79123, 0.77607, 0.79069, 0.77174, 
0.77233, 0.76662, 0.76296, 0.74052, 0.7919, 0.75292, 0.77908, 
0.7807, 0.7713, 0.77165, 0.75415, 0.76383, 0.74692, 0.74444, 
0.7266, 0.0106, 0.0109, 0.011, 0.0214, 0.0136, 0.0142, 0.0154, 
0.6009, 0.0177, 0.3578, 0.7432, 69.3, 69.2, 82.3, 72.4, 89.1, 
89.7, 98.2, 96, 121.5, 111.8, 123.9, 1456, 542, 953, 193, 403, 
1002, 2026, 404, 1227, 460, 1393, 51, 407, 16, 114, 313, 64, 
16, 133, 248, 153, 25, 100, 100, 100, 100, 100, 100, 100, 100, 
100, 100, 100, 2500, 2500, 2500, 2500, 2500, 2500, 2500, 2500, 
2500, 2500, 2500, 6388.157, 6178.782, 6288.62, 6686.88400000001, 
6764.08300000001, 6909.53600000001, 7091.68800000001, 12325.243, 
6936.03, 12145.332, 12158.714, 1.06818, 1.15942, -0.19813, 14.18529, 
1.18406, 0.1177, 0.63278, 14.98427, 0.13656, 14.98366, 14.29146, 
-0.18636, -1.46509, -1.47269, -10.45229, -0.76903, -1.50763, 
-1.77154, -6.27343, -0.16847, -7.21476, -6.00708, 0, 0, 0, 0, 
0, 0, 0, 0, 0, 0, 0, 0, 0, 0, 0, 0, 0, 0, 0, 0, 0, 0, 0.78619, 
0.77917, 0.77941, 0.79123, 0.7713, 0.79026, 0.76719, 0.77233, 
0.76662, 0.76296, 0.73707, 0.78524, 0.75292, 0.78464, 0.7807, 
0.7713, 0.78117, 0.76285, 0.76383, 0.74677, 0.74444, 0.72303, 
0.0099, 0.0106, 0.0112, 0.0255, 0.0134, 0.0139, 0.0151, 0.4892, 
0.0175, 0.3599, 0.554, 65.7, 70.7, 75, 72.5, 89.2, 93.9, 100.1, 
96.2, 121.3, 111.5, 124.1, 1452, 269, 1639, 303, 1021, 181, 423, 
49, 570, 263, 1805, 2, 1, 1, 1, 1, 3, 5, 6, 1, 1, 1, 100, 100, 
100, 100, 100, 100, 100, 100, 100, 100, 100, 2500, 2500, 2500, 
2500, 2500, 2500, 2500, 2500, 2500, 2500, 2500, 6531.888, 6629.115, 
6716.846, 6964.852, 7397.66, 8000.734, 7980.198, 8284.48300000001, 
8478.08500000002, 8646.071, 9181.21599999999, 1, 1, 1, 1, 1, 
1, 1, 1, 1, 1, 1, 0.33333, 0.33333, 0.33333, 0.33333, 0.33333, 
0.33333, 0.33333, 0.33333, 0.33333, 0.33333, 0.33333, 0, 0, 0, 
0, 0, 0, 0, 0, 0, 0, 0, 0, 0, 0, 0, 0, 0, 0, 0, 0, 0, 0, 0.76524, 
0.75917, 0.77941, 0.77485, 0.76604, 0.78571, 0.76285, 0.76, 0.75446, 
0.75185, 0.7197, 0.7719, 0.75917, 0.78464, 0.77018, 0.76654, 
0.77641, 0.7585, 0.76017, 0.75846, 0.74444, 0.72315, 0.0107, 
0.0104, 0.0112, 0.0117, 0.013, 0.014, 0.0151, 0.0149, 0.0166, 
0.0174, 0.0192, 61.4, 70.7, 74.8, 79.2, 86.5, 94.1, 102.1, 105.7, 
111.9, 118.9, 133.8, 1, 1, 1, 1, 1, 1, 1, 1, 1, 1, 1, 1, 1, 1, 
1, 1, 1, 1, 1, 1, 1, 1, 1, 1, 1, 1, 1, 1, 1, 1, 1, 1, 1, 1, 1, 
1, 1, 1, 1, 1, 1, 1, 1, 1, 2.542, 2.413, 2.451, 2.547, 2.662, 
2.711, 2.699, 2.679, 2.711, 2.823, 2.909), .Dim = c(11L, 40L), .Dimnames = list(
    NULL, c("Sampling", "PSO.cost", "PSO.gamma", "PSO.data.balancing", 
    "PSO.feature.selection", "PSO.valid.acc", "PSO.test.acc", 
    "PSO.train.time", "PSO.n.support.vectors", "PSO.index", "PSO.n.solutions", 
    "PSO.generations", "PSO.n.evaluations", "PSO.cpu.time", "RS.cost", 
    "RS.gamma", "RS.data.balancing", "RS.feature.selection", 
    "RS.valid.acc", "RS.test.acc", "RS.train.time", "RS.n.support.vectors", 
    "RS.index", "RS.n.solutions", "RS.generations", "RS.n.evaluations", 
    "RS.cpu.time", "DF.cost", "DF.gamma", "DF.data.balancing", 
    "DF.feature.selection", "DF.valid.acc", "DF.test.acc", "DF.train.time", 
    "DF.n.support.vectors", "DF.index", "DF.n.solutions", "DF.generations", 
    "DF.n.evaluations", "DF.cpu.time")))
