full <-
structure(c(50, 55, 60, 65, 70, 75, 80, 85, 90, 95, 100, 0.73716, 
2.2451, 7.48697, 1.29257, 4.17095, 12.34699, 3.12437, 7.08732, 
13.17238, 15, 10.9627, -5.22111, 0.62234, -5.25532, -3.88009, 
-6.87656, -12.2989, -2.93123, -11.78895, -6.81072, -8.45048, 
-5.39804, 0, 0, 0, 0, 0, 0, 0, 0, 0, 0, 0, 0, 0, 0, 0, 0, 0, 
0, 0, 0, 0, 0, 0.7219, 0.74125, 0.73235, 0.7264, 0.73464, 0.74342, 
0.75415, 0.7565, 0.77763, 0.75961, 0.75431, 0.71524, 0.71, 0.68137, 
0.69424, 0.70935, 0.72957, 0.73241, 0.74383, 0.76994, 0.73724, 
0.74027, 0.012, 0.0131, 0.0164, 0.0133, 0.0141, 0.0175, 0.0169, 
0.0163, 0.1211, 0.1421, 0.112, 69.2, 81, 81.7, 89.4, 93.3, 93.9, 
96.5, 99.9, 106.7, 113.3, 125.2, 125, 759, 341, 3, 26, 132, 416, 
118, 929, 1283, 860, 568, 102, 380, 189, 304, 715, 57, 87, 40, 
14, 35, 100, 100, 100, 100, 100, 100, 100, 100, 100, 100, 100, 
2500, 2500, 2500, 2500, 2500, 2500, 2500, 2500, 2500, 2500, 2500, 
8024.894, 8375.337, 8100.828, 8429.53, 8073.182, 8240.749, 8143.51800000001, 
8021.755, 11730.559, 9401.14000000001, 13396.264, 1.45044, 1.44555, 
7.5555, 8.22032, 3.56128, 14.67678, 1.0002, 5.30249, 12.84341, 
7.61245, 10.95146, -5.49238, 0.58049, -5.37414, -9.16211, -6.62145, 
-13.47418, -3.21709, -10.02934, -6.693, -5.82644, -5.45394, 0, 
0, 0, 0, 0, 0, 0, 0, 0, 0, 0, 0, 0, 0, 0, 0, 0, 0, 0, 0, 0, 0, 
0.7219, 0.73458, 0.73235, 0.7264, 0.72987, 0.74342, 0.75, 0.7565, 
0.77378, 0.7522, 0.75086, 0.71524, 0.72208, 0.69248, 0.69924, 
0.70409, 0.72957, 0.73261, 0.74383, 0.76994, 0.74081, 0.73337, 
0.0121, 0.0121, 0.0171, 0.0153, 0.0146, 0.0217, 0.0153, 0.016, 
0.101, 0.0226, 0.1, 68.8, 83.5, 82, 89.3, 93.3, 94, 97.6, 99.8, 
106.4, 113.9, 125.2, 54, 2432, 778, 132, 1861, 4, 147, 797, 970, 
50, 60, 65, 1, 3, 10, 1, 64, 6, 5, 2, 8, 8, 100, 100, 100, 100, 
100, 100, 100, 100, 100, 100, 100, 2500, 2500, 2500, 2500, 2500, 
2500, 2500, 2500, 2500, 2500, 2500, 8225.494, 8043.899, 8389.039, 
8613.09800000001, 8968.41, 8919.93299999999, 8818.59300000001, 
8767.58199999999, 9470.12700000001, 9670.49799999999, 10383.407, 
1, 1, 1, 1, 1, 1, 1, 1, 1, 1, 1, 0.33333, 0.33333, 0.33333, 0.33333, 
0.33333, 0.33333, 0.33333, 0.33333, 0.33333, 0.33333, 0.33333, 
0, 0, 0, 0, 0, 0, 0, 0, 0, 0, 0, 0, 0, 0, 0, 0, 0, 0, 0, 0, 0, 
0, 0.69429, 0.69083, 0.6866, 0.6998, 0.6708, 0.71052, 0.74111, 
0.73533, 0.74223, 0.74451, 0.72648, 0.70095, 0.69042, 0.67516, 
0.69424, 0.6798, 0.72416, 0.72391, 0.73967, 0.74223, 0.74067, 
0.73682, 0.0122, 0.0117, 0.0135, 0.0133, 0.0148, 0.0152, 0.0163, 
0.0162, 0.0182, 0.0175, 0.0195, 72.5, 80.4, 88.2, 93.8, 99.9, 
102.3, 103.2, 106.4, 114.6, 120, 133.7, 1, 1, 1, 1, 1, 1, 1, 
1, 1, 1, 1, 1, 1, 1, 1, 1, 1, 1, 1, 1, 1, 1, 1, 1, 1, 1, 1, 1, 
1, 1, 1, 1, 1, 1, 1, 1, 1, 1, 1, 1, 1, 1, 1, 1, 3.221, 2.999, 
3.23, 3.216, 3.191, 3.293, 3.286, 3.166, 3.328, 3.27, 3.357), .Dim = c(11L, 
40L), .Dimnames = list(NULL, c("Sampling", "PSO.cost", "PSO.gamma", 
"PSO.data.balancing", "PSO.feature.selection", "PSO.valid.acc", 
"PSO.test.acc", "PSO.train.time", "PSO.n.support.vectors", "PSO.index", 
"PSO.n.solutions", "PSO.generations", "PSO.n.evaluations", "PSO.cpu.time", 
"RS.cost", "RS.gamma", "RS.data.balancing", "RS.feature.selection", 
"RS.valid.acc", "RS.test.acc", "RS.train.time", "RS.n.support.vectors", 
"RS.index", "RS.n.solutions", "RS.generations", "RS.n.evaluations", 
"RS.cpu.time", "DF.cost", "DF.gamma", "DF.data.balancing", "DF.feature.selection", 
"DF.valid.acc", "DF.test.acc", "DF.train.time", "DF.n.support.vectors", 
"DF.index", "DF.n.solutions", "DF.generations", "DF.n.evaluations", 
"DF.cpu.time")))
