full <-
structure(c(50, 55, 60, 65, 70, 75, 80, 85, 90, 95, 100, 0.95388, 
15, 10.03941, 4.33829, 11.06552, 7.89168, 8.93818, 3.00216, 15, 
5.66699, 1.52621, -2.95471, -13.21511, -11.38928, -8.7621, -12.93147, 
-10.92588, -6.9663, -5.61913, -6.30112, -3.27009, -2.81363, 0, 
0, 0, 0, 0, 0, 0, 0, 0, 0, 0, 0, 0, 0, 0, 0, 0, 0, 0, 0, 0, 0, 
0.76381, 0.76669, 0.76716, 0.75292, 0.76004, 0.77554, 0.78538, 
0.7725, 0.76238, 0.75534, 0.75468, 0.75714, 0.76002, 0.76716, 
0.74211, 0.76004, 0.77121, 0.76798, 0.756, 0.75423, 0.73352, 
0.73042, 0.0112, 0.0159, 0.0124, 0.012, 0.0137, 0.0132, 0.0214, 
0.0154, 0.3481, 0.0203, 0.0197, 65.9, 65.7, 73.8, 84.3, 86.4, 
88.7, 89.3, 99, 103.7, 111, 129.8, 527, 152, 22, 13, 17, 30, 
603, 1208, 1720, 1109, 614, 137, 62, 1660, 1230, 1519, 525, 51, 
17, 1, 68, 44, 100, 100, 100, 100, 100, 100, 100, 100, 100, 100, 
100, 2500, 2500, 2500, 2500, 2500, 2500, 2500, 2500, 2500, 2500, 
2500, 6820.22, 6765.116, 6839.591, 6896.896, 6855.335, 6755.21799999999, 
7491.734, 7623.398, 10822.347, 9743.995, 13672.729, -0.423, 5.18085, 
13.14634, 10.45712, 12.84509, 9.79805, 8.99645, 3.25213, 14.7419, 
12.86201, 14.08467, -1.89157, -1.10299, -14.46523, -11.88752, 
-14.16811, -13.07457, -7.00598, -5.78702, -6.63656, -7.05434, 
-5.56783, 0, 0, 0, 0, 0, 0, 0, 0, 0, 0, 0, 0, 0, 0, 0, 0, 0, 
0, 0, 0, 0, 0, 0.75714, 0.76696, 0.76716, 0.75292, 0.76004, 0.77554, 
0.78538, 0.7685, 0.75454, 0.75164, 0.75135, 0.71524, 0.75757, 
0.76716, 0.75819, 0.76004, 0.76645, 0.76798, 0.756, 0.73115, 
0.75164, 0.72722, 0.0112, 0.0156, 0.0117, 0.013, 0.0138, 0.0137, 
0.0196, 0.0145, 0.2909, 0.0701, 0.5575, 70.7, 67.5, 73.7, 81.9, 
85.7, 89.2, 89.5, 98.6, 103.7, 112.7, 123.5, 139, 1093, 11, 3, 
3, 209, 306, 1098, 106, 1207, 2093, 2, 1, 69, 180, 83, 50, 1, 
2, 4, 2, 1, 100, 100, 100, 100, 100, 100, 100, 100, 100, 100, 
100, 2500, 2500, 2500, 2500, 2500, 2500, 2500, 2500, 2500, 2500, 
2500, 7057.54, 7193.576, 7148.937, 7273.802, 7317.557, 7842.542, 
7641.109, 7886.681, 8170.43199999999, 8406.02100000001, 8810.014, 
1, 1, 1, 1, 1, 1, 1, 1, 1, 1, 1, 0.33333, 0.33333, 0.33333, 0.33333, 
0.33333, 0.33333, 0.33333, 0.33333, 0.33333, 0.33333, 0.33333, 
0, 0, 0, 0, 0, 0, 0, 0, 0, 0, 0, 0, 0, 0, 0, 0, 0, 0, 0, 0, 0, 
0, 0.72857, 0.73414, 0.7315, 0.73099, 0.73501, 0.76147, 0.74605, 
0.7395, 0.74254, 0.73682, 0.73042, 0.70857, 0.74669, 0.7315, 
0.73655, 0.73977, 0.77078, 0.75474, 0.73567, 0.73085, 0.74079, 
0.73744, 0.0112, 0.0117, 0.0117, 0.0128, 0.013, 0.0139, 0.014, 
0.0151, 0.0161, 0.0179, 0.0185, 70.1, 74.1, 82.9, 90.9, 94.5, 
96.6, 99.4, 105.6, 114.9, 120.8, 133, 1, 1, 1, 1, 1, 1, 1, 1, 
1, 1, 1, 1, 1, 1, 1, 1, 1, 1, 1, 1, 1, 1, 1, 1, 1, 1, 1, 1, 1, 
1, 1, 1, 1, 1, 1, 1, 1, 1, 1, 1, 1, 1, 1, 1, 2.706, 2.715, 2.634, 
2.703, 2.536, 2.662, 2.567, 2.618, 2.655, 2.687, 2.598), .Dim = c(11L, 
40L), .Dimnames = list(NULL, c("Sampling", "PSO.cost", "PSO.gamma", 
"PSO.data.balancing", "PSO.feature.selection", "PSO.valid.acc", 
"PSO.test.acc", "PSO.train.time", "PSO.n.support.vectors", "PSO.index", 
"PSO.n.solutions", "PSO.generations", "PSO.n.evaluations", "PSO.cpu.time", 
"RS.cost", "RS.gamma", "RS.data.balancing", "RS.feature.selection", 
"RS.valid.acc", "RS.test.acc", "RS.train.time", "RS.n.support.vectors", 
"RS.index", "RS.n.solutions", "RS.generations", "RS.n.evaluations", 
"RS.cpu.time", "DF.cost", "DF.gamma", "DF.data.balancing", "DF.feature.selection", 
"DF.valid.acc", "DF.test.acc", "DF.train.time", "DF.n.support.vectors", 
"DF.index", "DF.n.solutions", "DF.generations", "DF.n.evaluations", 
"DF.cpu.time")))
