full <-
structure(c(50, 55, 60, 65, 70, 75, 80, 85, 90, 95, 100, 3.65424, 
4.21028, 10.00428, 2.19469, 4.08238, 10.66544, 15, 15, -0.80899, 
6.58249, 9.76863, -3.60999, -4.36113, -5.95178, -12.22875, -3.3588, 
-3.70729, -12.49832, -7.92711, -2.17, -3.98926, -5.51409, 0, 
0, 0, 0, 0, 0, 0, 0, 0, 0, 0, 0, 0, 0, 0, 0, 0, 0, 0, 0, 0, 0, 
0.74311, 0.75975, 0.76156, 0.73655, 0.75023, 0.7484, 0.73249, 
0.75234, 0.75415, 0.76318, 0.74409, 0.70835, 0.73434, 0.73738, 
0.73655, 0.72096, 0.70595, 0.7238, 0.73166, 0.73431, 0.74094, 
0.74052, 0.0131, 0.0127, 0.0327, 0.0124, 0.0153, 0.0921, 0.0328, 
0.1739, 0.0171, 0.0252, 0.0507, 64.1, 69.9, 73.1, 81, 88.8, 92.5, 
102.5, 105.3, 116.1, 114.4, 126, 329, 175, 44, 7, 1742, 551, 
520, 2143, 866, 672, 405, 124, 37, 342, 1975, 20, 322, 41, 3, 
75, 345, 213, 100, 100, 100, 100, 100, 100, 100, 100, 100, 100, 
100, 2500, 2500, 2500, 2500, 2500, 2500, 2500, 2500, 2500, 2500, 
2500, 8436.578, 8033.689, 9535.184, 8164.753, 8778.993, 10108.018, 
8310.53599999999, 8495.71399999999, 8126.356, 9589.67600000001, 
9508.56400000001, 3.81327, 6.52939, 12.82606, 9.75522, 6.62183, 
10.64178, 12.35324, 13.12815, -0.87103, 6.53657, 7.68792, -3.7099, 
-5.32612, -6.80631, -6.3775, -4.38903, -3.71573, -11.14493, -7.29527, 
-2.33529, -3.94109, -5.09359, 0, 0, 0, 0, 0, 0, 0, 0, 0, 0, 0, 
0, 0, 0, 0, 0, 0, 0, 0, 0, 0, 0, 0.74311, 0.7535, 0.76156, 0.74211, 
0.74523, 0.7484, 0.73249, 0.75234, 0.75031, 0.76318, 0.74409, 
0.70835, 0.741, 0.74326, 0.72105, 0.73073, 0.70595, 0.7238, 0.73166, 
0.73062, 0.74094, 0.73707, 0.0117, 0.015, 0.0947, 0.0244, 0.0186, 
0.0888, 0.0256, 0.0919, 0.0164, 0.0249, 0.0307, 64.1, 69.2, 72.6, 
81.8, 88.1, 92.2, 103.3, 106, 116.8, 114.7, 126.9, 559, 1449, 
41, 374, 48, 962, 324, 1210, 1114, 88, 23, 4, 2, 27, 7, 5, 2, 
3, 3, 1, 4, 3, 100, 100, 100, 100, 100, 100, 100, 100, 100, 100, 
100, 2500, 2500, 2500, 2500, 2500, 2500, 2500, 2500, 2500, 2500, 
2500, 8209.18, 8380.786, 8560.103, 8944.308, 9102.42499999999, 
9171.99800000001, 9320.774, 9107.948, 9641.28099999999, 10417.546, 
10581.857, 1, 1, 1, 1, 1, 1, 1, 1, 1, 1, 1, 0.33333, 0.33333, 
0.33333, 0.33333, 0.33333, 0.33333, 0.33333, 0.33333, 0.33333, 
0.33333, 0.33333, 0, 0, 0, 0, 0, 0, 0, 0, 0, 0, 0, 0, 0, 0, 0, 
0, 0, 0, 0, 0, 0, 0, 0.72216, 0.74684, 0.73248, 0.70994, 0.7307, 
0.7116, 0.70583, 0.73584, 0.73815, 0.75603, 0.73005, 0.70835, 
0.74059, 0.73182, 0.7155, 0.7257, 0.71095, 0.7153, 0.72296, 0.74215, 
0.75207, 0.73362, 0.0118, 0.0119, 0.0131, 0.0146, 0.0146, 0.0146, 
0.0164, 0.0159, 0.0181, 0.018, 0.021, 70.1, 76.4, 80.7, 88.2, 
95.2, 102.8, 108.7, 112.4, 117.5, 123.1, 133.6, 1, 1, 1, 1, 1, 
1, 1, 1, 1, 1, 1, 1, 1, 1, 1, 1, 1, 1, 1, 1, 1, 1, 1, 1, 1, 1, 
1, 1, 1, 1, 1, 1, 1, 1, 1, 1, 1, 1, 1, 1, 1, 1, 1, 1, 3.147, 
3.212, 3.128, 3.337, 3.189, 3.168, 3.255, 3.128, 3.264, 3.143, 
3.337), .Dim = c(11L, 40L), .Dimnames = list(NULL, c("Sampling", 
"PSO.cost", "PSO.gamma", "PSO.data.balancing", "PSO.feature.selection", 
"PSO.valid.acc", "PSO.test.acc", "PSO.train.time", "PSO.n.support.vectors", 
"PSO.index", "PSO.n.solutions", "PSO.generations", "PSO.n.evaluations", 
"PSO.cpu.time", "RS.cost", "RS.gamma", "RS.data.balancing", "RS.feature.selection", 
"RS.valid.acc", "RS.test.acc", "RS.train.time", "RS.n.support.vectors", 
"RS.index", "RS.n.solutions", "RS.generations", "RS.n.evaluations", 
"RS.cpu.time", "DF.cost", "DF.gamma", "DF.data.balancing", "DF.feature.selection", 
"DF.valid.acc", "DF.test.acc", "DF.train.time", "DF.n.support.vectors", 
"DF.index", "DF.n.solutions", "DF.generations", "DF.n.evaluations", 
"DF.cpu.time")))
