full <-
structure(c(50, 55, 60, 65, 70, 75, 80, 85, 90, 95, 100, 6.54561, 
-0.57018, -0.04308, 13.73864, 11.33999, 13.8904, 6.54974, 12.51041, 
15, 15, 15, -3.08438, -0.27882, 0.11112, -6.37084, -8.72738, 
-6.16726, -4.36648, -6.36117, -6.48133, -7.91212, -8.71407, 0, 
0, 0, 0, 0, 0, 0, 0, 0, 0, 0, 0, 0, 0, 0, 0, 0, 0, 0, 0, 0, 0, 
0.74845, 0.73944, 0.76074, 0.72661, 0.73487, 0.72998, 0.73696, 
0.73623, 0.758, 0.75611, 0.73374, 0.71458, 0.70184, 0.74342, 
0.69444, 0.71987, 0.71545, 0.71067, 0.7319, 0.74646, 0.75939, 
0.72315, 0.0143, 0.0111, 0.0119, 0.1273, 0.019, 0.2306, 0.0211, 
0.1322, 0.6667, 0.2541, 0.1972, 67.6, 84.4, 91.2, 87.3, 98.6, 
100.5, 108.6, 108.8, 111.2, 117.3, 126.5, 923, 975, 1029, 997, 
4, 470, 607, 707, 554, 740, 45, 142, 54, 56, 26, 596, 82, 113, 
35, 2, 95, 337, 100, 100, 100, 100, 100, 100, 100, 100, 100, 
100, 100, 2500, 2500, 2500, 2500, 2500, 2500, 2500, 2500, 2500, 
2500, 2500, 6504.84, 6259.734, 7509.134, 11019.86, 7055.27899999999, 
10479.359, 6869.799, 12714.319, 17968.584, 14032.891, 9999.861, 
6.5029, -0.42378, 14.97309, 13.41727, 13.77499, 10.35311, 7.50016, 
11.68869, 14.17774, 13.02036, 12.0803, -3.111, -0.19914, -6.63648, 
-6.11534, -9.75264, -5.12537, -4.7039, -6.0613, -5.93609, -6.89258, 
-7.57332, 0, 0, 0, 0, 0, 0, 0, 0, 0, 0, 0, 0, 0, 0, 0, 0, 0, 
0, 0, 0, 0, 0, 0.74845, 0.73944, 0.75069, 0.71608, 0.73487, 0.72976, 
0.73696, 0.73623, 0.75415, 0.75583, 0.73374, 0.71458, 0.70184, 
0.73301, 0.68333, 0.71987, 0.71567, 0.70632, 0.7319, 0.74646, 
0.76324, 0.7197, 0.0158, 0.0115, 0.3009, 0.1189, 0.0279, 0.0455, 
0.0225, 0.1126, 0.4822, 0.1534, 0.0564, 67.6, 84.2, 73.5, 87.7, 
98.5, 100.4, 108.1, 108.7, 110.8, 116.3, 126.9, 1465, 6, 348, 
95, 54, 311, 1684, 1426, 85, 2251, 240, 1, 1, 2, 12, 31, 7, 1, 
1, 9, 1, 15, 100, 100, 100, 100, 100, 100, 100, 100, 100, 100, 
100, 2500, 2500, 2500, 2500, 2500, 2500, 2500, 2500, 2500, 2500, 
2500, 6677.491, 6746.472, 7107.524, 7150.756, 7572.27900000001, 
7723.99799999999, 8174.322, 8533.647, 8411.79000000001, 9327.52600000001, 
9322.16700000002, 1, 1, 1, 1, 1, 1, 1, 1, 1, 1, 1, 0.33333, 0.33333, 
0.33333, 0.33333, 0.33333, 0.33333, 0.33333, 0.33333, 0.33333, 
0.33333, 0.33333, 0, 0, 0, 0, 0, 0, 0, 0, 0, 0, 0, 0, 0, 0, 0, 
0, 0, 0, 0, 0, 0, 0, 0.68738, 0.70814, 0.73819, 0.70439, 0.69511, 
0.71613, 0.71067, 0.71557, 0.72692, 0.74114, 0.7335, 0.68738, 
0.70855, 0.73856, 0.70468, 0.69035, 0.7118, 0.71047, 0.71123, 
0.73092, 0.74471, 0.73707, 0.0111, 0.0112, 0.0116, 0.0123, 0.0133, 
0.015, 0.0159, 0.0154, 0.0173, 0.0185, 0.0198, 74.6, 78.5, 82.9, 
97.4, 105.4, 109.9, 114.7, 117.8, 122.6, 123.6, 133.3, 1, 1, 
1, 1, 1, 1, 1, 1, 1, 1, 1, 1, 1, 1, 1, 1, 1, 1, 1, 1, 1, 1, 1, 
1, 1, 1, 1, 1, 1, 1, 1, 1, 1, 1, 1, 1, 1, 1, 1, 1, 1, 1, 1, 1, 
2.566, 2.53, 2.457, 2.475, 2.423, 2.625, 2.693, 2.509, 2.738, 
2.853, 2.861), .Dim = c(11L, 40L), .Dimnames = list(NULL, c("Sampling", 
"PSO.cost", "PSO.gamma", "PSO.data.balancing", "PSO.feature.selection", 
"PSO.valid.acc", "PSO.test.acc", "PSO.train.time", "PSO.n.support.vectors", 
"PSO.index", "PSO.n.solutions", "PSO.generations", "PSO.n.evaluations", 
"PSO.cpu.time", "RS.cost", "RS.gamma", "RS.data.balancing", "RS.feature.selection", 
"RS.valid.acc", "RS.test.acc", "RS.train.time", "RS.n.support.vectors", 
"RS.index", "RS.n.solutions", "RS.generations", "RS.n.evaluations", 
"RS.cpu.time", "DF.cost", "DF.gamma", "DF.data.balancing", "DF.feature.selection", 
"DF.valid.acc", "DF.test.acc", "DF.train.time", "DF.n.support.vectors", 
"DF.index", "DF.n.solutions", "DF.generations", "DF.n.evaluations", 
"DF.cpu.time")))
