full <-
structure(c(50, 55, 60, 65, 70, 75, 80, 85, 90, 95, 100, 0.06221, 
0.44136, 0.50135, 0.44425, 0.48399, 0.16917, 0.7758, -0.42148, 
0.05979, -0.4916, 0.06431, 0.75783, -0.37163, 1.1442, 0.51956, 
0.07403, 0.33345, -0.14419, 0.32268, 0.40953, 1.01121, 0.90499, 
0, 0, 0, 0, 0, 0, 0, 0, 0, 0, 0, 0, 0, 0, 0, 0, 0, 0, 0, 0, 0, 
0, 0.92175, 0.9218, 0.91796, 0.92177, 0.92286, 0.92284, 0.91783, 
0.91899, 0.92348, 0.92259, 0.92087, 0.91693, 0.91892, 0.91793, 
0.91936, 0.92173, 0.92284, 0.91979, 0.91807, 0.92175, 0.92012, 
0.91929, 0.0587, 0.0509, 0.089, 0.0837, 0.0798, 0.0919, 0.0964, 
0.1264, 0.1413, 0.1782, 0.1796, 218.1, 158.9, 279.7, 235, 223.9, 
244.1, 234.5, 283.2, 296.1, 371.2, 364.6, 751, 447, 737, 1008, 
198, 1232, 454, 273, 1604, 864, 181, 173, 543, 153, 76, 726, 
65, 368, 522, 16, 508, 175, 100, 100, 100, 100, 100, 100, 100, 
100, 100, 100, 100, 2500, 2500, 2500, 2500, 2500, 2500, 2500, 
2500, 2500, 2500, 2500, 7426.335, 7624.407, 11453.97, 9627.38200000001, 
12134.152, 20643.926, 10706.465, 13561.306, 12281.315, 17825.19, 
14355.6, 0.14349, 0.51866, 0.12156, 0.47753, 1.14533, 0.09449, 
0.14778, -0.4984, -0.35978, -0.283, -0.06899, 1.66601, -0.41043, 
1.04136, 0.54262, -0.01793, 0.42758, 0.5197, 0.70198, -0.23806, 
1.00159, 0.96996, 0, 0, 0, 0, 0, 0, 0, 0, 0, 0, 0, 0, 0, 0, 0, 
0, 0, 0, 0, 0, 0, 0, 0.92013, 0.9218, 0.91793, 0.92056, 0.92286, 
0.92284, 0.91783, 0.91899, 0.92261, 0.92259, 0.92008, 0.91852, 
0.91892, 0.91661, 0.91936, 0.92061, 0.92284, 0.91783, 0.91899, 
0.92088, 0.92177, 0.91929, 0.0958, 0.0485, 0.0844, 0.0777, 0.0824, 
0.0911, 0.1215, 0.1369, 0.1256, 0.1813, 0.182, 309.2, 158.3, 
269.4, 237, 214.3, 249.5, 280.3, 309.1, 257.4, 372.9, 372.4, 
234, 1096, 737, 2272, 480, 1900, 110, 299, 1596, 487, 54, 7, 
2, 3, 1, 10, 1, 4, 4, 2, 5, 1, 100, 100, 100, 100, 100, 100, 
100, 100, 100, 100, 100, 2500, 2500, 2500, 2500, 2500, 2500, 
2500, 2500, 2500, 2500, 2500, 9068.908, 10157.978, 11815.956, 
12690.833, 14366.767, 15164.031, 17564.194, 17811.652, 20697.648, 
22723.151, 29608.126, 1, 1, 1, 1, 1, 1, 1, 1, 1, 1, 1, 0.33333, 
0.33333, 0.33333, 0.33333, 0.33333, 0.33333, 0.33333, 0.33333, 
0.33333, 0.33333, 0.33333, 0, 0, 0, 0, 0, 0, 0, 0, 0, 0, 0, 0, 
0, 0, 0, 0, 0, 0, 0, 0, 0, 0, 0.9154, 0.91611, 0.91273, 0.91574, 
0.91618, 0.91761, 0.9139, 0.9144, 0.91653, 0.91683, 0.91616, 
0.91696, 0.91611, 0.91143, 0.91574, 0.91618, 0.91761, 0.9139, 
0.9144, 0.91653, 0.91683, 0.91694, 0.04, 0.0506, 0.0601, 0.0687, 
0.0755, 0.0834, 0.1052, 0.1152, 0.1241, 0.1412, 0.15, 122.7, 
136.2, 161, 169.7, 181, 188.2, 206.4, 216.5, 224.8, 246.6, 261.3, 
1, 1, 1, 1, 1, 1, 1, 1, 1, 1, 1, 1, 1, 1, 1, 1, 1, 1, 1, 1, 1, 
1, 1, 1, 1, 1, 1, 1, 1, 1, 1, 1, 1, 1, 1, 1, 1, 1, 1, 1, 1, 1, 
1, 1, 2.644, 2.951, 2.846, 3.017, 3.03, 3.036, 3.733, 3.898, 
3.952, 4.072, 3.978), .Dim = c(11L, 40L), .Dimnames = list(NULL, 
    c("Sampling", "PSO.cost", "PSO.gamma", "PSO.data.balancing", 
    "PSO.feature.selection", "PSO.valid.acc", "PSO.test.acc", 
    "PSO.train.time", "PSO.n.support.vectors", "PSO.index", "PSO.n.solutions", 
    "PSO.generations", "PSO.n.evaluations", "PSO.cpu.time", "RS.cost", 
    "RS.gamma", "RS.data.balancing", "RS.feature.selection", 
    "RS.valid.acc", "RS.test.acc", "RS.train.time", "RS.n.support.vectors", 
    "RS.index", "RS.n.solutions", "RS.generations", "RS.n.evaluations", 
    "RS.cpu.time", "DF.cost", "DF.gamma", "DF.data.balancing", 
    "DF.feature.selection", "DF.valid.acc", "DF.test.acc", "DF.train.time", 
    "DF.n.support.vectors", "DF.index", "DF.n.solutions", "DF.generations", 
    "DF.n.evaluations", "DF.cpu.time")))
