full <-
structure(c(50, 55, 60, 65, 70, 75, 80, 85, 90, 95, 100, 0.15049, 
0.27252, 0.34826, -0.30722, -0.51267, 0.24787, 0.79624, 1.12149, 
-0.12011, 0.8695, 1.43027, 0.88487, 1.77231, 1.88577, 1.44959, 
1.28033, 0.69147, 0.70012, 0.79933, 0.60207, 1.08665, -1.36367, 
0, 0, 0, 0, 0, 0, 0, 0, 0, 0, 0, 0, 0, 0, 0, 0, 0, 0, 0, 0, 0, 
0, 0.9327, 0.93034, 0.9258, 0.92057, 0.91731, 0.91969, 0.92374, 
0.92364, 0.9244, 0.92178, 0.92165, 0.93268, 0.92601, 0.92185, 
0.91937, 0.91731, 0.91863, 0.92176, 0.91815, 0.92178, 0.91931, 
0.9193, 0.0545, 0.0972, 0.1262, 0.1057, 0.104, 0.0988, 0.1108, 
0.1191, 0.1198, 0.1561, 0.1545, 216.9, 329.4, 373.7, 336.5, 320.4, 
276.5, 288.8, 297.4, 298.1, 364.6, 241.2, 1000, 1804, 1574, 519, 
1190, 691, 2176, 2084, 936, 2019, 1531, 79, 7, 28, 122, 86, 154, 
4, 7, 174, 12, 16, 100, 100, 100, 100, 100, 100, 100, 100, 100, 
100, 100, 2500, 2500, 2500, 2500, 2500, 2500, 2500, 2500, 2500, 
2500, 2500, 7167.49, 7871.766, 8900.033, 8765.75, 12523.072, 
11379.418, 9865.44499999999, 9886.139, 10823.192, 17121.259, 
13139.571, -0.05121, 0.12265, 0.42931, -0.45103, -0.57403, 0.07925, 
0.87597, 0.75941, 0.43499, -0.09096, 0.64728, 1.51905, 1.71411, 
1.53387, 1.23512, 1.28788, 0.72518, 0.40655, 0.91895, 1.5918, 
0.20966, -0.47422, 0, 0, 0, 0, 0, 0, 0, 0, 0, 0, 0, 0, 0, 0, 
0, 0, 0, 0, 0, 0, 0, 0, 0.9327, 0.92889, 0.92455, 0.92057, 0.91731, 
0.91866, 0.92179, 0.92273, 0.92267, 0.92176, 0.92164, 0.92956, 
0.92601, 0.9219, 0.91815, 0.91731, 0.91758, 0.92275, 0.92091, 
0.92092, 0.92013, 0.92008, 0.0734, 0.0922, 0.1063, 0.0987, 0.1051, 
0.0993, 0.1009, 0.1242, 0.1761, 0.1281, 0.1406, 279.6, 320.4, 
327.9, 304.4, 320.6, 281.5, 262, 313.6, 436.4, 282.3, 267.6, 
5, 10, 1767, 354, 801, 1757, 164, 273, 2304, 1007, 350, 6, 26, 
1, 3, 1, 1, 5, 1, 1, 1, 3, 100, 100, 100, 100, 100, 100, 100, 
100, 100, 100, 100, 2500, 2500, 2500, 2500, 2500, 2500, 2500, 
2500, 2500, 2500, 2500, 9405.744, 9781.374, 10512.631, 11723.17, 
13094.842, 16111.697, 17424.844, 19288.531, 22163.716, 25188.644, 
26583.541, 1, 1, 1, 1, 1, 1, 1, 1, 1, 1, 1, 0.33333, 0.33333, 
0.33333, 0.33333, 0.33333, 0.33333, 0.33333, 0.33333, 0.33333, 
0.33333, 0.33333, 0, 0, 0, 0, 0, 0, 0, 0, 0, 0, 0, 0, 0, 0, 0, 
0, 0, 0, 0, 0, 0, 0, 0.92799, 0.92744, 0.92054, 0.91694, 0.91509, 
0.91552, 0.91784, 0.91905, 0.92004, 0.91683, 0.91696, 0.92799, 
0.92744, 0.92054, 0.91694, 0.91509, 0.91552, 0.91784, 0.91997, 
0.92091, 0.91765, 0.91696, 0.036, 0.0415, 0.0491, 0.0554, 0.0641, 
0.079, 0.0913, 0.1012, 0.1123, 0.1349, 0.149, 108.3, 117.7, 134.3, 
146.1, 162, 177.3, 192.1, 206.4, 221.5, 242.4, 263.5, 1, 1, 1, 
1, 1, 1, 1, 1, 1, 1, 1, 1, 1, 1, 1, 1, 1, 1, 1, 1, 1, 1, 1, 1, 
1, 1, 1, 1, 1, 1, 1, 1, 1, 1, 1, 1, 1, 1, 1, 1, 1, 1, 1, 1, 2.693, 
2.697, 2.79, 2.757, 2.737, 3.018, 3.281, 3.646, 3.341, 3.82, 
3.944), .Dim = c(11L, 40L), .Dimnames = list(NULL, c("Sampling", 
"PSO.cost", "PSO.gamma", "PSO.data.balancing", "PSO.feature.selection", 
"PSO.valid.acc", "PSO.test.acc", "PSO.train.time", "PSO.n.support.vectors", 
"PSO.index", "PSO.n.solutions", "PSO.generations", "PSO.n.evaluations", 
"PSO.cpu.time", "RS.cost", "RS.gamma", "RS.data.balancing", "RS.feature.selection", 
"RS.valid.acc", "RS.test.acc", "RS.train.time", "RS.n.support.vectors", 
"RS.index", "RS.n.solutions", "RS.generations", "RS.n.evaluations", 
"RS.cpu.time", "DF.cost", "DF.gamma", "DF.data.balancing", "DF.feature.selection", 
"DF.valid.acc", "DF.test.acc", "DF.train.time", "DF.n.support.vectors", 
"DF.index", "DF.n.solutions", "DF.generations", "DF.n.evaluations", 
"DF.cpu.time")))
