full <-
structure(c(50, 55, 60, 65, 70, 75, 80, 85, 90, 95, 100, 7.82063, 
12.27706, 0.40073, 1, 6.76335, 1.72971, 13.34126, 1.9808, 0.98216, 
-0.11725, 0.09444, -6.26107, -6.20253, -1.03882, 0.33333, -5.30191, 
0.52845, -7.17924, -2.41843, -1.24179, 0.54488, -0.0737, 0, 0, 
0, 0, 0, 0, 0, 0, 0, 0, 0, 0, 0, 0, 0, 0, 0, 0, 0, 0, 0, 0, 0.91381, 
0.91603, 0.92049, 0.92425, 0.92402, 0.92487, 0.92276, 0.92088, 
0.92091, 0.92094, 0.92246, 0.91222, 0.91176, 0.92049, 0.92425, 
0.92291, 0.9207, 0.92276, 0.91903, 0.91829, 0.91848, 0.92168, 
0.117, 0.5119, 0.0637, 0.067, 0.2591, 0.098, 2.9004, 0.1219, 
0.1249, 0.1437, 0.1475, 121.2, 115.3, 170.7, 162.6, 196.9, 249.5, 
154.2, 198.2, 229.8, 321.3, 284.7, 234, 124, 41, 1, 40, 832, 
9, 95, 638, 264, 777, 311, 115, 79, 196, 581, 148, 595, 374, 
102, 1028, 261, 100, 100, 100, 100, 100, 100, 100, 100, 100, 
100, 100, 2500, 2500, 2500, 2500, 2500, 2500, 2500, 2500, 2500, 
2500, 2500, 11018.985, 19617.631, 17290.57, 17586.897, 14257.852, 
16349.976, 31614.847, 13938.998, 18859.075, 10410.693, 13281.335, 
7.76156, 6.28414, 0.61074, -0.31779, 11.60347, 1.99814, 8.86068, 
3.45276, 1.01852, 0.66503, -0.22303, -5.98932, -3.87226, -0.76786, 
1.0659, -7.09837, 0.34845, -5.67119, -3.28741, -1.24901, -0.37971, 
0.6898, 0, 0, 0, 0, 0, 0, 0, 0, 0, 0, 0, 0, 0, 0, 0, 0, 0, 0, 
0, 0, 0, 0, 0.91381, 0.91603, 0.92049, 0.92425, 0.92402, 0.92487, 
0.92276, 0.92088, 0.92091, 0.9193, 0.92168, 0.91222, 0.91317, 
0.92049, 0.92425, 0.92291, 0.9207, 0.92276, 0.91903, 0.91829, 
0.91847, 0.92168, 0.1111, 0.0832, 0.066, 0.1024, 1.3772, 0.0908, 
0.5986, 0.153, 0.1245, 0.1353, 0.1708, 118.2, 119.1, 176, 289.6, 
163.8, 227.7, 200.5, 194, 229, 256.7, 344.4, 60, 932, 817, 6, 
35, 1127, 28, 22, 2072, 2333, 203, 11, 4, 4, 86, 53, 4, 61, 16, 
1, 6, 4, 100, 100, 100, 100, 100, 100, 100, 100, 100, 100, 100, 
2500, 2500, 2500, 2500, 2500, 2500, 2500, 2500, 2500, 2500, 2500, 
9837.719, 10330.893, 11409.681, 12008.891, 14253.532, 14930.797, 
16058.72, 17568.662, 20842.659, 24177.691, 26528.201, 1, 1, 1, 
1, 1, 1, 1, 1, 1, 1, 1, 0.33333, 0.33333, 0.33333, 0.33333, 0.33333, 
0.33333, 0.33333, 0.33333, 0.33333, 0.33333, 0.33333, 0, 0, 0, 
0, 0, 0, 0, 0, 0, 0, 0, 0, 0, 0, 0, 0, 0, 0, 0, 0, 0, 0, 0.91225, 
0.9146, 0.91918, 0.92425, 0.92178, 0.92278, 0.91984, 0.91903, 
0.9183, 0.91682, 0.9162, 0.91225, 0.9146, 0.91918, 0.92425, 0.92179, 
0.92279, 0.92179, 0.91903, 0.92005, 0.91764, 0.9162, 0.0478, 
0.0549, 0.0639, 0.0671, 0.0781, 0.09, 0.0983, 0.1073, 0.128, 
0.1383, 0.1545, 139.9, 152.1, 163.7, 162.6, 179.6, 197.5, 209.3, 
222.3, 233.9, 245.5, 259.6, 1, 1, 1, 1, 1, 1, 1, 1, 1, 1, 1, 
1, 1, 1, 1, 1, 1, 1, 1, 1, 1, 1, 1, 1, 1, 1, 1, 1, 1, 1, 1, 1, 
1, 1, 1, 1, 1, 1, 1, 1, 1, 1, 1, 1, 3.195, 3.237, 3.232, 3.282, 
3.425, 3.436, 3.397, 3.57, 3.857, 3.821, 4.18), .Dim = c(11L, 
40L), .Dimnames = list(NULL, c("Sampling", "PSO.cost", "PSO.gamma", 
"PSO.data.balancing", "PSO.feature.selection", "PSO.valid.acc", 
"PSO.test.acc", "PSO.train.time", "PSO.n.support.vectors", "PSO.index", 
"PSO.n.solutions", "PSO.generations", "PSO.n.evaluations", "PSO.cpu.time", 
"RS.cost", "RS.gamma", "RS.data.balancing", "RS.feature.selection", 
"RS.valid.acc", "RS.test.acc", "RS.train.time", "RS.n.support.vectors", 
"RS.index", "RS.n.solutions", "RS.generations", "RS.n.evaluations", 
"RS.cpu.time", "DF.cost", "DF.gamma", "DF.data.balancing", "DF.feature.selection", 
"DF.valid.acc", "DF.test.acc", "DF.train.time", "DF.n.support.vectors", 
"DF.index", "DF.n.solutions", "DF.generations", "DF.n.evaluations", 
"DF.cpu.time")))
