full <-
structure(c(50, 55, 60, 65, 70, 75, 80, 85, 90, 95, 100, 8.0919, 
0.80925, 0.43784, 0.68321, 0.37239, 0.49326, 0.55649, 0.09902, 
0.09154, 0.09045, 0.50057, -4.79353, 0.64916, 1.51385, 0.80911, 
-0.05014, -0.1882, -0.37215, 1.13985, 1.11972, 0.25216, -0.03721, 
0, 0, 0, 0, 0, 0, 0, 0, 0, 0, 0, 0, 0, 0, 0, 0, 0, 0, 0, 0, 0, 
0, 0.91856, 0.92319, 0.92575, 0.9266, 0.92172, 0.91864, 0.91786, 
0.91808, 0.91914, 0.92178, 0.92087, 0.91544, 0.9217, 0.92186, 
0.92303, 0.9195, 0.91967, 0.91688, 0.91901, 0.91742, 0.92096, 
0.9193, 0.157, 0.0448, 0.0749, 0.0575, 0.0484, 0.056, 0.0645, 
0.0991, 0.1102, 0.097, 0.1029, 114.9, 225.5, 336.3, 256.4, 187.1, 
202.6, 214.6, 344.7, 365.4, 296.3, 286.7, 561, 972, 484, 990, 
654, 104, 917, 968, 126, 147, 1293, 77, 94, 461, 36, 325, 130, 
24, 42, 95, 849, 52, 100, 100, 100, 100, 100, 100, 100, 100, 
100, 100, 100, 2500, 2500, 2500, 2500, 2500, 2500, 2500, 2500, 
2500, 2500, 2500, 13694.052, 7993.843, 8836.201, 8343.752, 8182.19099999999, 
10983.687, 9114.59899999999, 14371.062, 11986.916, 9058.432, 
13334.07, -0.06236, 1.37356, 0.16669, 0.56361, 0.3293, 0.08159, 
0.21253, 0.7598, 0.54949, 0.26482, 0.67549, -0.24045, 0.20463, 
1.19863, 0.70368, 0.05012, 1.62344, 0.00056, -0.88218, -0.07957, 
0.14007, 0.24629, 0, 0, 0, 0, 0, 0, 0, 0, 0, 0, 0, 0, 0, 0, 0, 
0, 0, 0, 0, 0, 0, 0, 0.91861, 0.92176, 0.92445, 0.92658, 0.92172, 
0.91867, 0.91786, 0.91719, 0.91827, 0.92178, 0.92008, 0.91861, 
0.92172, 0.92445, 0.9242, 0.92064, 0.91344, 0.91688, 0.91901, 
0.91916, 0.91932, 0.92008, 0.0311, 0.0372, 0.063, 0.0552, 0.0492, 
0.1057, 0.0677, 0.0719, 0.0825, 0.0963, 0.1078, 162.3, 185.2, 
291.5, 247.2, 193.1, 403.3, 235.5, 211.3, 253.7, 287.5, 304.5, 
1324, 2173, 2454, 1852, 919, 1126, 1583, 603, 1913, 843, 1341, 
1, 1, 1, 1, 3, 1, 1, 1, 1, 6, 4, 100, 100, 100, 100, 100, 100, 
100, 100, 100, 100, 100, 2500, 2500, 2500, 2500, 2500, 2500, 
2500, 2500, 2500, 2500, 2500, 8769.391, 10030.55, 11085.86, 12820.586, 
13634.32, 15641.341, 16439.724, 18947.002, 19185.274, 22409.589, 
23835.445, 1, 1, 1, 1, 1, 1, 1, 1, 1, 1, 1, 0.33333, 0.33333, 
0.33333, 0.33333, 0.33333, 0.33333, 0.33333, 0.33333, 0.33333, 
0.33333, 0.33333, 0, 0, 0, 0, 0, 0, 0, 0, 0, 0, 0, 0, 0, 0, 0, 
0, 0, 0, 0, 0, 0, 0, 0.91385, 0.91605, 0.92181, 0.92297, 0.91839, 
0.91658, 0.9159, 0.91716, 0.91656, 0.91683, 0.91617, 0.91385, 
0.91605, 0.92181, 0.92297, 0.91839, 0.91658, 0.9159, 0.91716, 
0.91656, 0.91685, 0.91617, 0.0285, 0.0328, 0.0374, 0.0454, 0.0519, 
0.0593, 0.0685, 0.0764, 0.0879, 0.0974, 0.1043, 126.7, 136, 145.8, 
161.1, 175.4, 193.6, 208.9, 220.5, 239.8, 250.9, 257.4, 1, 1, 
1, 1, 1, 1, 1, 1, 1, 1, 1, 1, 1, 1, 1, 1, 1, 1, 1, 1, 1, 1, 1, 
1, 1, 1, 1, 1, 1, 1, 1, 1, 1, 1, 1, 1, 1, 1, 1, 1, 1, 1, 1, 1, 
2.56, 2.597, 2.635, 2.798, 2.827, 2.863, 2.911, 3.134, 3.261, 
3.321, 3.434), .Dim = c(11L, 40L), .Dimnames = list(NULL, c("Sampling", 
"PSO.cost", "PSO.gamma", "PSO.data.balancing", "PSO.feature.selection", 
"PSO.valid.acc", "PSO.test.acc", "PSO.train.time", "PSO.n.support.vectors", 
"PSO.index", "PSO.n.solutions", "PSO.generations", "PSO.n.evaluations", 
"PSO.cpu.time", "RS.cost", "RS.gamma", "RS.data.balancing", "RS.feature.selection", 
"RS.valid.acc", "RS.test.acc", "RS.train.time", "RS.n.support.vectors", 
"RS.index", "RS.n.solutions", "RS.generations", "RS.n.evaluations", 
"RS.cpu.time", "DF.cost", "DF.gamma", "DF.data.balancing", "DF.feature.selection", 
"DF.valid.acc", "DF.test.acc", "DF.train.time", "DF.n.support.vectors", 
"DF.index", "DF.n.solutions", "DF.generations", "DF.n.evaluations", 
"DF.cpu.time")))
