full <-
structure(c(50, 55, 60, 65, 70, 75, 80, 85, 90, 95, 100, 1, 0.79396, 
0.64821, 2.24768, 3.37577, -0.12683, -0.03226, -0.23937, -0.26503, 
0.04143, 0.45818, 0.33333, 0.50072, 1.13903, -0.64247, -0.93226, 
0.70926, 0.35275, 0.38601, 1.09605, 1.51415, -0.2553, 0, 0, 0, 
0, 0, 0, 0, 0, 0, 0, 0, 0, 0, 0, 0, 0, 0, 0, 0, 0, 0, 0, 0.91705, 
0.91474, 0.91524, 0.91689, 0.9095, 0.91448, 0.91592, 0.91897, 
0.92008, 0.92176, 0.92243, 0.91705, 0.9119, 0.90868, 0.91331, 
0.90604, 0.91549, 0.91492, 0.91804, 0.92008, 0.92011, 0.92165, 
0.0406, 0.0626, 0.0954, 0.0684, 0.0852, 0.1045, 0.1137, 0.13, 
0.163, 0.2257, 0.1577, 121, 207.3, 289.4, 175.2, 184.1, 283.1, 
273.8, 284.1, 363.8, 445, 271.8, 1, 142, 1257, 620, 1140, 690, 
535, 1248, 343, 354, 1617, 1956, 74, 71, 47, 34, 107, 685, 159, 
695, 514, 24, 100, 100, 100, 100, 100, 100, 100, 100, 100, 100, 
100, 2500, 2500, 2500, 2500, 2500, 2500, 2500, 2500, 2500, 2500, 
2500, 9418.166, 11921.135, 9265.298, 11492.24, 14517.281, 11785.365, 
14673.001, 14456.11, 22149.268, 15218.827, 13744.491, 6.61479, 
0.69906, 0.76005, 0.98736, 2.6688, -0.23927, 0.09951, -0.4676, 
-0.14554, -0.26756, -0.11553, -12.51599, 0.43802, 0.67771, 1.76869, 
-0.68911, 0.95107, 0.3321, 0.8387, 1.03768, 1.29901, 1.42294, 
0, 0, 0, 0, 0, 0, 0, 0, 0, 0, 0, 0, 0, 0, 0, 0, 0, 0, 0, 0, 0, 
0, 0.91705, 0.91474, 0.91392, 0.91695, 0.90946, 0.91446, 0.91592, 
0.91805, 0.92008, 0.92176, 0.92165, 0.91705, 0.91188, 0.90352, 
0.91332, 0.90716, 0.91445, 0.91492, 0.91805, 0.91921, 0.92176, 
0.92008, 0.056, 0.0635, 0.0812, 0.1394, 0.0857, 0.1185, 0.1133, 
0.1419, 0.17, 0.1939, 0.2353, 152.7, 201.5, 243.6, 387, 187.7, 
304.6, 271.7, 325.6, 357.9, 404.4, 437.9, 3, 1747, 2390, 884, 
1482, 1308, 278, 181, 82, 556, 644, 1439, 1, 1, 1, 1, 2, 3, 2, 
1, 4, 6, 100, 100, 100, 100, 100, 100, 100, 100, 100, 100, 100, 
2500, 2500, 2500, 2500, 2500, 2500, 2500, 2500, 2500, 2500, 2500, 
10903.702, 12277.882, 13547.826, 15458.67, 17760.677, 18986.168, 
21124.735, 23580.689, 25623.552, 26943.556, 29563.934, 1, 1, 
1, 1, 1, 1, 1, 1, 1, 1, 1, 0.33333, 0.33333, 0.33333, 0.33333, 
0.33333, 0.33333, 0.33333, 0.33333, 0.33333, 0.33333, 0.33333, 
0, 0, 0, 0, 0, 0, 0, 0, 0, 0, 0, 0, 0, 0, 0, 0, 0, 0, 0, 0, 0, 
0, 0.91705, 0.91466, 0.91391, 0.91332, 0.9062, 0.90822, 0.911, 
0.91346, 0.91484, 0.91683, 0.91616, 0.91705, 0.91466, 0.91391, 
0.91332, 0.90733, 0.90716, 0.911, 0.91346, 0.91484, 0.91601, 
0.91616, 0.0384, 0.046, 0.0626, 0.0695, 0.087, 0.1002, 0.108, 
0.1193, 0.1345, 0.147, 0.1666, 121, 137.5, 160.9, 174.6, 200.6, 
207, 217.1, 231.2, 234.8, 244.1, 260.7, 1, 1, 1, 1, 1, 1, 1, 
1, 1, 1, 1, 1, 1, 1, 1, 1, 1, 1, 1, 1, 1, 1, 1, 1, 1, 1, 1, 1, 
1, 1, 1, 1, 1, 1, 1, 1, 1, 1, 1, 1, 1, 1, 1, 1, 2.772, 2.895, 
3.423, 3.379, 3.594, 4.027, 3.91, 4.053, 4.387, 4.584, 4.659), .Dim = c(11L, 
40L), .Dimnames = list(NULL, c("Sampling", "PSO.cost", "PSO.gamma", 
"PSO.data.balancing", "PSO.feature.selection", "PSO.valid.acc", 
"PSO.test.acc", "PSO.train.time", "PSO.n.support.vectors", "PSO.index", 
"PSO.n.solutions", "PSO.generations", "PSO.n.evaluations", "PSO.cpu.time", 
"RS.cost", "RS.gamma", "RS.data.balancing", "RS.feature.selection", 
"RS.valid.acc", "RS.test.acc", "RS.train.time", "RS.n.support.vectors", 
"RS.index", "RS.n.solutions", "RS.generations", "RS.n.evaluations", 
"RS.cpu.time", "DF.cost", "DF.gamma", "DF.data.balancing", "DF.feature.selection", 
"DF.valid.acc", "DF.test.acc", "DF.train.time", "DF.n.support.vectors", 
"DF.index", "DF.n.solutions", "DF.generations", "DF.n.evaluations", 
"DF.cpu.time")))
