full <-
structure(c(50, 55, 60, 65, 70, 75, 80, 85, 90, 95, 100, 0.33886, 
-0.06635, 1.05276, 0.39489, 4.11463, -0.1421, 0.43186, -0.03944, 
0.62993, -0.03083, 0.75657, -0.25634, 1.7647, 1.00276, 0.33549, 
-13.27371, 1.69643, 1.70358, 1.09834, -0.3987, -0.28829, -0.26688, 
0, 0, 0, 0, 0, 0, 0, 0, 0, 0, 0, 0, 0, 0, 0, 0, 0, 0, 0, 0, 0, 
0, 0.92333, 0.92738, 0.93089, 0.92414, 0.91855, 0.92491, 0.92571, 
0.92544, 0.92521, 0.92504, 0.9201, 0.91544, 0.92452, 0.92308, 
0.92173, 0.91855, 0.92387, 0.92667, 0.92544, 0.92347, 0.92422, 
0.91932, 0.0417, 0.114, 0.077, 0.0712, 0.038, 0.1643, 0.2, 0.1455, 
0.1149, 0.1243, 0.1468, 146.7, 347.4, 258.7, 209, 94.3, 412.3, 
438.9, 344.1, 234.3, 248, 267.6, 766, 1107, 220, 513, 2, 908, 
2350, 98, 511, 899, 236, 143, 125, 208, 641, 1965, 138, 1, 1008, 
521, 392, 686, 100, 100, 100, 100, 100, 100, 100, 100, 100, 100, 
100, 2500, 2500, 2500, 2500, 2500, 2500, 2500, 2500, 2500, 2500, 
2500, 8363.194, 9250.772, 10572.871, 8676.624, 16170.742, 13921.376, 
11223.465, 11316.615, 13247.208, 19974.372, 12296.943, 1.02588, 
-0.33286, 1.23569, 0.11456, 1.18, -0.20792, 0.51897, 0.08284, 
0.50875, -0.36417, 0.59371, -0.8781, 1.01129, 0.52185, -0.25539, 
-0.08543, 1.23517, 1.60277, 1.22191, -0.23832, 0.62534, -0.42097, 
0, 0, 0, 0, 0, 0, 0, 0, 0, 0, 0, 0, 0, 0, 0, 0, 0, 0, 0, 0, 0, 
0, 0.92333, 0.92597, 0.9283, 0.92414, 0.9186, 0.92491, 0.92472, 
0.92544, 0.92521, 0.92504, 0.9201, 0.91705, 0.92593, 0.92179, 
0.92414, 0.91637, 0.92387, 0.92766, 0.92544, 0.92347, 0.92504, 
0.92089, 0.0422, 0.0753, 0.0646, 0.0628, 0.0757, 0.1309, 0.185, 
0.1554, 0.1147, 0.1481, 0.1515, 132.9, 254.1, 204.9, 177.6, 198, 
338.7, 422, 361.9, 240.2, 312.8, 262.4, 720, 1172, 1166, 47, 
223, 88, 303, 438, 1066, 2433, 1673, 6, 2, 1, 12, 2, 2, 1, 3, 
1, 1, 1, 100, 100, 100, 100, 100, 100, 100, 100, 100, 100, 100, 
2500, 2500, 2500, 2500, 2500, 2500, 2500, 2500, 2500, 2500, 2500, 
9575.256, 10702.323, 12247.797, 13194.228, 15144.987, 15862.762, 
18226.815, 19089.852, 22610.1, 25964.551, 27072.508, 1, 1, 1, 
1, 1, 1, 1, 1, 1, 1, 1, 0.33333, 0.33333, 0.33333, 0.33333, 0.33333, 
0.33333, 0.33333, 0.33333, 0.33333, 0.33333, 0.33333, 0, 0, 0, 
0, 0, 0, 0, 0, 0, 0, 0, 0, 0, 0, 0, 0, 0, 0, 0, 0, 0, 0, 0.92015, 
0.92312, 0.92433, 0.92052, 0.9174, 0.91971, 0.91884, 0.92083, 
0.91829, 0.91928, 0.91695, 0.92015, 0.92312, 0.92433, 0.92052, 
0.91853, 0.91971, 0.91786, 0.92083, 0.91829, 0.9201, 0.91696, 
0.0405, 0.0479, 0.0497, 0.0637, 0.0747, 0.0869, 0.0998, 0.1066, 
0.1245, 0.1344, 0.1561, 125.6, 132.8, 139.5, 154.2, 175.5, 186.1, 
200.5, 207.1, 228, 236.7, 255.7, 1, 1, 1, 1, 1, 1, 1, 1, 1, 1, 
1, 1, 1, 1, 1, 1, 1, 1, 1, 1, 1, 1, 1, 1, 1, 1, 1, 1, 1, 1, 1, 
1, 1, 1, 1, 1, 1, 1, 1, 1, 1, 1, 1, 1, 2.836, 2.958, 2.755, 3.073, 
3.194, 3.405, 3.472, 3.577, 3.721, 3.881, 4.187), .Dim = c(11L, 
40L), .Dimnames = list(NULL, c("Sampling", "PSO.cost", "PSO.gamma", 
"PSO.data.balancing", "PSO.feature.selection", "PSO.valid.acc", 
"PSO.test.acc", "PSO.train.time", "PSO.n.support.vectors", "PSO.index", 
"PSO.n.solutions", "PSO.generations", "PSO.n.evaluations", "PSO.cpu.time", 
"RS.cost", "RS.gamma", "RS.data.balancing", "RS.feature.selection", 
"RS.valid.acc", "RS.test.acc", "RS.train.time", "RS.n.support.vectors", 
"RS.index", "RS.n.solutions", "RS.generations", "RS.n.evaluations", 
"RS.cpu.time", "DF.cost", "DF.gamma", "DF.data.balancing", "DF.feature.selection", 
"DF.valid.acc", "DF.test.acc", "DF.train.time", "DF.n.support.vectors", 
"DF.index", "DF.n.solutions", "DF.generations", "DF.n.evaluations", 
"DF.cpu.time")))
