full <-
structure(c(50, 55, 60, 65, 70, 75, 80, 85, 90, 95, 100, 1, 1, 
0.08248, 1, 0.57875, 0.20211, 1, 0.50581, 0.25948, -0.33249, 
-0.30962, 0.33333, 0.33333, 0.40546, 0.33333, 1.07254, 2.5874, 
0.33333, 2.15106, 0.12939, -0.013, 0.78186, 0, 0, 0, 0, 0, 0, 
0, 0, 0, 0, 0, 0, 0, 0, 0, 0, 0, 0, 0, 0, 0, 0, 0.92018, 0.92171, 
0.92311, 0.9194, 0.92735, 0.92388, 0.91985, 0.9274, 0.9271, 0.92175, 
0.92087, 0.92018, 0.92171, 0.92051, 0.9194, 0.9229, 0.9218, 0.91985, 
0.92552, 0.92624, 0.92093, 0.92087, 0.047, 0.0477, 0.058, 0.0698, 
0.0976, 0.2466, 0.1032, 0.248, 0.1157, 0.1358, 0.1635, 131.4, 
136.1, 200.5, 162.3, 301.6, 562.1, 206, 513.7, 259.4, 272.3, 
354.4, 1, 1, 257, 1, 675, 2116, 1, 470, 1594, 315, 351, 2075, 
2010, 86, 1884, 36, 3, 1898, 442, 60, 625, 578, 100, 100, 100, 
100, 100, 100, 100, 100, 100, 100, 100, 2500, 2500, 2500, 2500, 
2500, 2500, 2500, 2500, 2500, 2500, 2500, 9759.173, 11039.986, 
10459.902, 18407.337, 13367.681, 14834.61, 14587.461, 15366.732, 
11482.964, 11908.111, 17402.916, -1.27924, 0.35216, 2.87491, 
13.64434, 0.53394, 0.34, 0.17697, 0.49621, 0.19313, -0.44376, 
-0.31014, -7.37632, -6.61028, -6.64957, -8.08426, 1.05672, 2.06854, 
1.61264, 1.78756, 0.8859, 1.36471, 0.66056, 0, 0, 0, 0, 0, 0, 
0, 0, 0, 0, 0, 0, 0, 0, 0, 0, 0, 0, 0, 0, 0, 0, 0.92018, 0.92171, 
0.92181, 0.9194, 0.92624, 0.92181, 0.92179, 0.9274, 0.92623, 
0.92175, 0.92087, 0.92018, 0.92171, 0.92181, 0.9194, 0.92401, 
0.92076, 0.9208, 0.92273, 0.92451, 0.92011, 0.92087, 0.0344, 
0.0496, 0.0811, 2.4819, 0.096, 0.1847, 0.1504, 0.1804, 0.1373, 
0.1842, 0.1581, 133.2, 172.4, 240.8, 134.5, 299.9, 473.2, 397.8, 
435.8, 333.8, 406, 343.7, 3, 1, 1, 1, 2368, 27, 2134, 2497, 1874, 
761, 860, 1524, 1603, 1579, 1493, 1, 7, 1, 1, 1, 6, 3, 100, 100, 
100, 100, 100, 100, 100, 100, 100, 100, 100, 2500, 2500, 2500, 
2500, 2500, 2500, 2500, 2500, 2500, 2500, 2500, 11456.113, 12492.757, 
13248.859, 15078.984, 16231.684, 17673.324, 18962.302, 20399.926, 
20299.096, 23498.465, 27041.633, 1, 1, 1, 1, 1, 1, 1, 1, 1, 1, 
1, 0.33333, 0.33333, 0.33333, 0.33333, 0.33333, 0.33333, 0.33333, 
0.33333, 0.33333, 0.33333, 0.33333, 0, 0, 0, 0, 0, 0, 0, 0, 0, 
0, 0, 0, 0, 0, 0, 0, 0, 0, 0, 0, 0, 0, 0.92018, 0.92171, 0.92181, 
0.9194, 0.92399, 0.9218, 0.91985, 0.92365, 0.92272, 0.91927, 
0.91695, 0.92018, 0.92171, 0.92181, 0.9194, 0.92399, 0.9218, 
0.91985, 0.92365, 0.92358, 0.91845, 0.91695, 0.0432, 0.0465, 
0.0595, 0.0666, 0.0711, 0.0881, 0.0992, 0.1039, 0.1173, 0.1342, 
0.1509, 131.4, 136.1, 147.7, 162.3, 174, 190.1, 206, 209.2, 216.3, 
237, 256.3, 1, 1, 1, 1, 1, 1, 1, 1, 1, 1, 1, 1, 1, 1, 1, 1, 1, 
1, 1, 1, 1, 1, 1, 1, 1, 1, 1, 1, 1, 1, 1, 1, 1, 1, 1, 1, 1, 1, 
1, 1, 1, 1, 1, 1, 2.796, 2.633, 3.021, 3.089, 2.92, 3.258, 3.343, 
3.246, 3.474, 3.714, 4.147), .Dim = c(11L, 40L), .Dimnames = list(
    NULL, c("Sampling", "PSO.cost", "PSO.gamma", "PSO.data.balancing", 
    "PSO.feature.selection", "PSO.valid.acc", "PSO.test.acc", 
    "PSO.train.time", "PSO.n.support.vectors", "PSO.index", "PSO.n.solutions", 
    "PSO.generations", "PSO.n.evaluations", "PSO.cpu.time", "RS.cost", 
    "RS.gamma", "RS.data.balancing", "RS.feature.selection", 
    "RS.valid.acc", "RS.test.acc", "RS.train.time", "RS.n.support.vectors", 
    "RS.index", "RS.n.solutions", "RS.generations", "RS.n.evaluations", 
    "RS.cpu.time", "DF.cost", "DF.gamma", "DF.data.balancing", 
    "DF.feature.selection", "DF.valid.acc", "DF.test.acc", "DF.train.time", 
    "DF.n.support.vectors", "DF.index", "DF.n.solutions", "DF.generations", 
    "DF.n.evaluations", "DF.cpu.time")))
