full <-
structure(c(50, 55, 60, 65, 70, 75, 80, 85, 90, 95, 100, 2.6247, 
13.16883, 0.62155, 9.14267, -0.0752, 0.13383, 4.48518, 0.82092, 
-0.36161, 0.08639, 0.20186, -2.95629, -4.63735, 1.88221, -4.35821, 
0.71021, 0.32653, -4.4534, 0.79351, 0.2685, 1.52876, 2.05358, 
0, 0, 0, 0, 0, 0, 0, 0, 0, 0, 0, 0, 0, 0, 0, 0, 0, 0, 0, 0, 0, 
0, 0.91254, 0.90905, 0.914, 0.91451, 0.91506, 0.91547, 0.91398, 
0.91809, 0.91829, 0.91847, 0.92011, 0.91093, 0.90333, 0.90749, 
0.9109, 0.91504, 0.91129, 0.91299, 0.91625, 0.91742, 0.91682, 
0.91933, 0.0586, 1.1892, 0.1274, 0.3985, 0.0994, 0.1083, 0.2162, 
0.1331, 0.1311, 0.2028, 0.3289, 137.7, 142.8, 392.1, 158.8, 295.5, 
270.1, 246.6, 333.6, 301.6, 453.2, 573.1, 211, 12, 1258, 41, 
339, 1256, 28, 1246, 198, 121, 493, 366, 359, 61, 233, 420, 80, 
359, 118, 1153, 836, 576, 100, 100, 100, 100, 100, 100, 100, 
100, 100, 100, 100, 2500, 2500, 2500, 2500, 2500, 2500, 2500, 
2500, 2500, 2500, 2500, 8087.715, 16521.775, 9519.544, 29037.115, 
12492.45, 21702.631, 13801.058, 10399.57, 14320.935, 12494.406, 
15648.207, 2.33568, 13.71414, 0.28179, 11.08103, -0.07356, 0.10818, 
2.3247, 0.84814, -0.28054, -0.04194, 0.30147, -2.97189, -4.82575, 
0.00672, -5.45667, 0.92498, -0.09364, -3.33616, 0.50672, 1.00683, 
1.29869, 1.74889, 0, 0, 0, 0, 0, 0, 0, 0, 0, 0, 0, 0, 0, 0, 0, 
0, 0, 0, 0, 0, 0, 0, 0.91254, 0.90905, 0.91144, 0.91451, 0.91506, 
0.91443, 0.91398, 0.91717, 0.91829, 0.91764, 0.91933, 0.91096, 
0.90333, 0.91149, 0.91207, 0.91504, 0.91129, 0.91299, 0.91625, 
0.91742, 0.91682, 0.91777, 0.0587, 1.4822, 0.0685, 1.1028, 0.1139, 
0.0936, 0.1543, 0.1294, 0.1514, 0.1915, 0.2536, 138.8, 141.6, 
220, 158.5, 315.3, 244, 239.7, 304.8, 367.2, 415.3, 506.6, 381, 
215, 94, 282, 238, 1102, 719, 189, 128, 169, 541, 2, 7, 3, 8, 
1, 1, 7, 9, 6, 8, 2, 100, 100, 100, 100, 100, 100, 100, 100, 
100, 100, 100, 2500, 2500, 2500, 2500, 2500, 2500, 2500, 2500, 
2500, 2500, 2500, 10601.79, 11765.411, 13019.507, 13970.962, 
15592.577, 18351.114, 18287.807, 20394.546, 23205.774, 27675.589, 
27707.898, 1, 1, 1, 1, 1, 1, 1, 1, 1, 1, 1, 0.33333, 0.33333, 
0.33333, 0.33333, 0.33333, 0.33333, 0.33333, 0.33333, 0.33333, 
0.33333, 0.33333, 0, 0, 0, 0, 0, 0, 0, 0, 0, 0, 0, 0, 0, 0, 0, 
0, 0, 0, 0, 0, 0, 0, 0.91096, 0.90901, 0.90885, 0.91209, 0.91284, 
0.91232, 0.91201, 0.91347, 0.91395, 0.91354, 0.91618, 0.91096, 
0.90901, 0.91017, 0.91209, 0.91394, 0.91025, 0.91398, 0.91347, 
0.91395, 0.91271, 0.91618, 0.0512, 0.056, 0.0675, 0.0721, 0.0889, 
0.0945, 0.1028, 0.1137, 0.1293, 0.1422, 0.1512, 153.5, 170.4, 
187.9, 192.2, 199, 216.2, 220.2, 234.6, 251.3, 254, 260.7, 1, 
1, 1, 1, 1, 1, 1, 1, 1, 1, 1, 1, 1, 1, 1, 1, 1, 1, 1, 1, 1, 1, 
1, 1, 1, 1, 1, 1, 1, 1, 1, 1, 1, 1, 1, 1, 1, 1, 1, 1, 1, 1, 1, 
1, 2.97, 2.859, 3.001, 2.988, 3.555, 3.358, 3.393, 3.439, 3.619, 
3.825, 3.989), .Dim = c(11L, 40L), .Dimnames = list(NULL, c("Sampling", 
"PSO.cost", "PSO.gamma", "PSO.data.balancing", "PSO.feature.selection", 
"PSO.valid.acc", "PSO.test.acc", "PSO.train.time", "PSO.n.support.vectors", 
"PSO.index", "PSO.n.solutions", "PSO.generations", "PSO.n.evaluations", 
"PSO.cpu.time", "RS.cost", "RS.gamma", "RS.data.balancing", "RS.feature.selection", 
"RS.valid.acc", "RS.test.acc", "RS.train.time", "RS.n.support.vectors", 
"RS.index", "RS.n.solutions", "RS.generations", "RS.n.evaluations", 
"RS.cpu.time", "DF.cost", "DF.gamma", "DF.data.balancing", "DF.feature.selection", 
"DF.valid.acc", "DF.test.acc", "DF.train.time", "DF.n.support.vectors", 
"DF.index", "DF.n.solutions", "DF.generations", "DF.n.evaluations", 
"DF.cpu.time")))
