full <-
structure(c(50, 55, 60, 65, 70, 75, 80, 85, 90, 95, 100, -0.06219, 
0.61424, -0.26071, -0.10064, 7.50367, -0.6717, -0.06238, -0.04388, 
-0.28498, -0.19898, -0.25673, 0.1689, -0.05596, 1.29326, 1.48664, 
-4.3231, 0.45775, 0.99745, 0.99599, 0.98367, 1.13651, 1.43827, 
0, 0, 0, 0, 0, 0, 0, 0, 0, 0, 0, 0, 0, 0, 0, 0, 0, 0, 0, 0, 0, 
0, 0.92482, 0.92031, 0.92175, 0.91934, 0.92294, 0.92179, 0.92472, 
0.92268, 0.92092, 0.9251, 0.92244, 0.9217, 0.91609, 0.92175, 
0.91693, 0.91957, 0.92075, 0.92472, 0.92085, 0.92005, 0.9251, 
0.92088, 0.0475, 0.0518, 0.091, 0.1181, 0.2827, 0.0931, 0.1284, 
0.1369, 0.1476, 0.1732, 0.2174, 179.1, 169.8, 301.3, 333.7, 152.8, 
245.5, 310.7, 325.7, 342.2, 374.2, 437.1, 600, 1918, 179, 205, 
629, 302, 893, 738, 181, 681, 126, 277, 7, 291, 304, 128, 482, 
455, 193, 656, 366, 801, 100, 100, 100, 100, 100, 100, 100, 100, 
100, 100, 100, 2500, 2500, 2500, 2500, 2500, 2500, 2500, 2500, 
2500, 2500, 2500, 8574.445, 10074.114, 11519.496, 10303.462, 
26596.101, 12886.311, 16209.857, 19244.917, 15554.933, 18401.669, 
18579.751, -0.0761, 1.08773, -0.31507, -0.13448, 7.70757, -0.03878, 
-0.07403, -0.49531, -0.82348, 0.14386, 0.0314, 0.45355, 2.01136, 
1.13941, 1.36911, -4.53103, 1.35007, 1.3264, 1.39523, 1.41834, 
-0.41612, 0.42064, 0, 0, 0, 0, 0, 0, 0, 0, 0, 0, 0, 0, 0, 0, 
0, 0, 0, 0, 0, 0, 0, 0, 0.92482, 0.91896, 0.92175, 0.91934, 0.92294, 
0.92179, 0.92472, 0.92085, 0.92092, 0.92427, 0.92244, 0.92328, 
0.91754, 0.92175, 0.91693, 0.91957, 0.92179, 0.92277, 0.91993, 
0.91918, 0.92344, 0.92087, 0.053, 0.116, 0.0832, 0.1017, 0.3177, 
0.1255, 0.1426, 0.1592, 0.1767, 0.1387, 0.1607, 196.3, 376.4, 
283.1, 319.4, 158.7, 345.3, 357.1, 378.7, 396.3, 249.6, 314.2, 
186, 1004, 1397, 815, 587, 1109, 527, 388, 16, 262, 649, 1, 1, 
1, 4, 5, 4, 2, 1, 14, 9, 6, 100, 100, 100, 100, 100, 100, 100, 
100, 100, 100, 100, 2500, 2500, 2500, 2500, 2500, 2500, 2500, 
2500, 2500, 2500, 2500, 10878.885, 12390.149, 14242.463, 15344.296, 
15332.414, 17513.83, 22504.002, 25446.261, 30029.0440000001, 
29761.964, 30555.5919999999, 1, 1, 1, 1, 1, 1, 1, 1, 1, 1, 1, 
0.33333, 0.33333, 0.33333, 0.33333, 0.33333, 0.33333, 0.33333, 
0.33333, 0.33333, 0.33333, 0.33333, 0, 0, 0, 0, 0, 0, 0, 0, 0, 
0, 0, 0, 0, 0, 0, 0, 0, 0, 0, 0, 0, 0, 0.91696, 0.91748, 0.91913, 
0.91574, 0.9207, 0.91868, 0.92181, 0.91902, 0.91918, 0.92012, 
0.91618, 0.92013, 0.91748, 0.91785, 0.91574, 0.9207, 0.91971, 
0.92084, 0.91902, 0.91918, 0.91931, 0.91618, 0.0462, 0.0496, 
0.0601, 0.0687, 0.0773, 0.0889, 0.1026, 0.1152, 0.1275, 0.144, 
0.1585, 125.9, 146.7, 162.6, 170.8, 180.3, 195.5, 196.4, 210.1, 
227.6, 239.2, 265.1, 1, 1, 1, 1, 1, 1, 1, 1, 1, 1, 1, 1, 1, 1, 
1, 1, 1, 1, 1, 1, 1, 1, 1, 1, 1, 1, 1, 1, 1, 1, 1, 1, 1, 1, 1, 
1, 1, 1, 1, 1, 1, 1, 1, 1, 3.204, 2.933, 3.08, 3.262, 3.401, 
3.539, 4.817, 5.325, 4.78, 5.368, 5.212), .Dim = c(11L, 40L), .Dimnames = list(
    NULL, c("Sampling", "PSO.cost", "PSO.gamma", "PSO.data.balancing", 
    "PSO.feature.selection", "PSO.valid.acc", "PSO.test.acc", 
    "PSO.train.time", "PSO.n.support.vectors", "PSO.index", "PSO.n.solutions", 
    "PSO.generations", "PSO.n.evaluations", "PSO.cpu.time", "RS.cost", 
    "RS.gamma", "RS.data.balancing", "RS.feature.selection", 
    "RS.valid.acc", "RS.test.acc", "RS.train.time", "RS.n.support.vectors", 
    "RS.index", "RS.n.solutions", "RS.generations", "RS.n.evaluations", 
    "RS.cpu.time", "DF.cost", "DF.gamma", "DF.data.balancing", 
    "DF.feature.selection", "DF.valid.acc", "DF.test.acc", "DF.train.time", 
    "DF.n.support.vectors", "DF.index", "DF.n.solutions", "DF.generations", 
    "DF.n.evaluations", "DF.cpu.time")))
