full <-
structure(c(50, 55, 60, 65, 70, 75, 80, 85, 90, 95, 100, 1, 1, 
0.46052, 1, 0.10202, 1, 1, 0.03923, -0.31611, -0.27231, -0.26073, 
0.33333, 0.33333, 1.72365, 0.33333, 1.29544, 0.33333, 0.33333, 
1.18379, 0.96004, 0.99526, 1.15868, 0, 0, 0, 0, 0, 0, 0, 0, 0, 
0, 0, 0, 0, 0, 0, 0, 0, 0, 0, 0, 0, 0, 0.92018, 0.92319, 0.92966, 
0.92779, 0.92739, 0.91868, 0.91689, 0.9181, 0.92089, 0.92011, 
0.92008, 0.92018, 0.92319, 0.92576, 0.92779, 0.92625, 0.91868, 
0.91689, 0.9172, 0.91916, 0.91928, 0.9193, 0.0465, 0.0515, 0.1173, 
0.0668, 0.1096, 0.0954, 0.1054, 0.1619, 0.1549, 0.1627, 0.2164, 
125, 127.6, 349.9, 150.4, 311.9, 184.8, 203.2, 359.3, 340, 358.4, 
401.6, 1, 1, 320, 1, 2490, 1, 1, 298, 765, 192, 479, 2037, 1931, 
39, 1934, 1, 2026, 1888, 269, 519, 409, 201, 100, 100, 100, 100, 
100, 100, 100, 100, 100, 100, 100, 2500, 2500, 2500, 2500, 2500, 
2500, 2500, 2500, 2500, 2500, 2500, 9845.903, 14777.708, 12723.992, 
10642.935, 12835.418, 15339.708, 13566.535, 20174.397, 14193.515, 
15345.939, 21907.737, 10.56484, 0.16408, 14.64933, 14.41037, 
0.12726, -1.37435, 9.58867, -0.229, 0.29912, -0.35017, -0.16846, 
-7.61605, -7.25957, -10.28298, -6.39563, 1.24542, -1.70846, -5.78798, 
1.0233, -0.13489, 1.13385, 1.34272, 0, 0, 0, 0, 0, 0, 0, 0, 0, 
0, 0, 0, 0, 0, 0, 0, 0, 0, 0, 0, 0, 0, 0.92018, 0.92319, 0.92834, 
0.92781, 0.92627, 0.91868, 0.91689, 0.9181, 0.92089, 0.92011, 
0.92008, 0.92018, 0.92319, 0.92834, 0.92537, 0.92625, 0.91868, 
0.91689, 0.9172, 0.92002, 0.91928, 0.92008, 0.5012, 0.0498, 1.2584, 
3.4926, 0.1117, 0.0913, 1.2854, 0.1472, 0.1284, 0.1809, 0.2265, 
182.4, 156.7, 106, 126.4, 308.3, 195.9, 225.1, 335.5, 247.8, 
376.4, 426, 1, 3, 4, 2087, 1590, 2, 1, 714, 1583, 788, 553, 1469, 
1404, 1514, 1, 1, 1534, 1562, 4, 1, 1, 1, 100, 100, 100, 100, 
100, 100, 100, 100, 100, 100, 100, 2500, 2500, 2500, 2500, 2500, 
2500, 2500, 2500, 2500, 2500, 2500, 11851.186, 12601.742, 13283.747, 
14942.545, 16476.034, 18692.863, 20765.056, 24672.16, 26038.686, 
29667.065, 28582.331, 1, 1, 1, 1, 1, 1, 1, 1, 1, 1, 1, 0.33333, 
0.33333, 0.33333, 0.33333, 0.33333, 0.33333, 0.33333, 0.33333, 
0.33333, 0.33333, 0.33333, 0, 0, 0, 0, 0, 0, 0, 0, 0, 0, 0, 0, 
0, 0, 0, 0, 0, 0, 0, 0, 0, 0, 0.92018, 0.92319, 0.92834, 0.92779, 
0.92625, 0.91868, 0.91689, 0.91536, 0.91741, 0.91764, 0.91695, 
0.92018, 0.92319, 0.92834, 0.92779, 0.92625, 0.91868, 0.91689, 
0.91536, 0.91741, 0.91764, 0.91695, 0.0459, 0.0485, 0.0541, 0.0679, 
0.0795, 0.0912, 0.1082, 0.1205, 0.1337, 0.1465, 0.1618, 125, 
127.6, 131.1, 150.4, 162.8, 184.8, 203.2, 223.6, 229.1, 248.9, 
254.2, 1, 1, 1, 1, 1, 1, 1, 1, 1, 1, 1, 1, 1, 1, 1, 1, 1, 1, 
1, 1, 1, 1, 1, 1, 1, 1, 1, 1, 1, 1, 1, 1, 1, 1, 1, 1, 1, 1, 1, 
1, 1, 1, 1, 1, 3.364, 3.518, 3.309, 3.612, 4.051, 3.613, 4.157, 
4.145, 4.507, 4.557, 4.914), .Dim = c(11L, 40L), .Dimnames = list(
    NULL, c("Sampling", "PSO.cost", "PSO.gamma", "PSO.data.balancing", 
    "PSO.feature.selection", "PSO.valid.acc", "PSO.test.acc", 
    "PSO.train.time", "PSO.n.support.vectors", "PSO.index", "PSO.n.solutions", 
    "PSO.generations", "PSO.n.evaluations", "PSO.cpu.time", "RS.cost", 
    "RS.gamma", "RS.data.balancing", "RS.feature.selection", 
    "RS.valid.acc", "RS.test.acc", "RS.train.time", "RS.n.support.vectors", 
    "RS.index", "RS.n.solutions", "RS.generations", "RS.n.evaluations", 
    "RS.cpu.time", "DF.cost", "DF.gamma", "DF.data.balancing", 
    "DF.feature.selection", "DF.valid.acc", "DF.test.acc", "DF.train.time", 
    "DF.n.support.vectors", "DF.index", "DF.n.solutions", "DF.generations", 
    "DF.n.evaluations", "DF.cpu.time")))
