full <-
structure(c(50, 55, 60, 65, 70, 75, 80, 85, 90, 95, 100, 0.86842, 
1, 1, 1, 3.43684, -0.22405, -0.09787, -0.28893, -0.12919, 0.69659, 
0.62039, 0.69186, 0.33333, 0.33333, 0.33333, -8.99377, 0.41303, 
0.20469, 1.27226, 0.53603, -0.22046, -0.28428, 0, 0, 0, 0, 0, 
0, 0, 0, 0, 0, 0, 0, 0, 0, 0, 0, 0, 0, 0, 0, 0, 0, 0.93128, 0.9233, 
0.92574, 0.92419, 0.92403, 0.92493, 0.92378, 0.92083, 0.92263, 
0.92098, 0.92166, 0.92969, 0.9233, 0.92574, 0.92419, 0.92403, 
0.92388, 0.92179, 0.92083, 0.92263, 0.9226, 0.92087, 0.0508, 
0.049, 0.0618, 0.0733, 0.092, 0.0971, 0.1159, 0.1579, 0.1421, 
0.1463, 0.1546, 193.5, 131.2, 145.3, 175.1, 242.6, 250.6, 255.7, 
371.8, 301.5, 259, 270, 339, 1, 1, 1, 4, 172, 1601, 688, 457, 
479, 766, 213, 1930, 1904, 2019, 2115, 581, 23, 326, 367, 232, 
312, 100, 100, 100, 100, 100, 100, 100, 100, 100, 100, 100, 2500, 
2500, 2500, 2500, 2500, 2500, 2500, 2500, 2500, 2500, 2500, 8863.343, 
9021.039, 10810.628, 13593.406, 12242.98, 11942.693, 16683.319, 
15059.738, 15883.372, 16112.369, 17427.921, 1.07809, 2.26315, 
1.76466, 4.03627, 3.94186, -0.21494, -0.21297, -0.2949, 0.06793, 
0.74312, 0.75355, 1.05255, -13.50684, -4.6364, -4.6383, -6.82968, 
0.35952, 0.39373, 1.37766, 0.07104, -0.20702, -0.53203, 0, 0, 
0, 0, 0, 0, 0, 0, 0, 0, 0, 0, 0, 0, 0, 0, 0, 0, 0, 0, 0, 0, 0.92972, 
0.9233, 0.92574, 0.92419, 0.92403, 0.92493, 0.92378, 0.92083, 
0.92263, 0.92098, 0.92088, 0.92813, 0.9233, 0.92574, 0.92419, 
0.92403, 0.92388, 0.92179, 0.92083, 0.92089, 0.9226, 0.92087, 
0.0615, 0.027, 0.0828, 0.1499, 0.1483, 0.1038, 0.1075, 0.1678, 
0.1269, 0.1404, 0.1532, 226.6, 71.2, 211.2, 222.4, 314.8, 249, 
266.5, 388, 267.6, 259.1, 260.6, 22, 3, 1, 1, 2, 502, 866, 165, 
20, 1250, 23, 16, 1441, 1454, 1406, 1486, 4, 1, 1, 1, 1, 4, 100, 
100, 100, 100, 100, 100, 100, 100, 100, 100, 100, 2500, 2500, 
2500, 2500, 2500, 2500, 2500, 2500, 2500, 2500, 2500, 10121.458, 
11354.391, 13372.556, 15372.017, 17177.363, 20621.919, 20613.973, 
22975.005, 24546.024, 29689.743, 31729.335, 1, 1, 1, 1, 1, 1, 
1, 1, 1, 1, 1, 0.33333, 0.33333, 0.33333, 0.33333, 0.33333, 0.33333, 
0.33333, 0.33333, 0.33333, 0.33333, 0.33333, 0, 0, 0, 0, 0, 0, 
0, 0, 0, 0, 0, 0, 0, 0, 0, 0, 0, 0, 0, 0, 0, 0, 0.92657, 0.9233, 
0.92574, 0.92419, 0.92291, 0.92285, 0.91985, 0.91714, 0.92002, 
0.91849, 0.91618, 0.92657, 0.9233, 0.92574, 0.92419, 0.92291, 
0.92285, 0.91985, 0.91714, 0.91915, 0.91932, 0.91618, 0.0411, 
0.0513, 0.0593, 0.0736, 0.0835, 0.0966, 0.1054, 0.1229, 0.1295, 
0.1462, 0.1557, 115.5, 131.2, 145.3, 175.1, 180.8, 191.3, 201.2, 
224.8, 229.7, 245, 269.7, 1, 1, 1, 1, 1, 1, 1, 1, 1, 1, 1, 1, 
1, 1, 1, 1, 1, 1, 1, 1, 1, 1, 1, 1, 1, 1, 1, 1, 1, 1, 1, 1, 1, 
1, 1, 1, 1, 1, 1, 1, 1, 1, 1, 1, 2.766, 3.028, 3.12, 3.201, 3.383, 
4.397, 4.366, 4.671, 4.536, 4.866, 4.72), .Dim = c(11L, 40L), .Dimnames = list(
    NULL, c("Sampling", "PSO.cost", "PSO.gamma", "PSO.data.balancing", 
    "PSO.feature.selection", "PSO.valid.acc", "PSO.test.acc", 
    "PSO.train.time", "PSO.n.support.vectors", "PSO.index", "PSO.n.solutions", 
    "PSO.generations", "PSO.n.evaluations", "PSO.cpu.time", "RS.cost", 
    "RS.gamma", "RS.data.balancing", "RS.feature.selection", 
    "RS.valid.acc", "RS.test.acc", "RS.train.time", "RS.n.support.vectors", 
    "RS.index", "RS.n.solutions", "RS.generations", "RS.n.evaluations", 
    "RS.cpu.time", "DF.cost", "DF.gamma", "DF.data.balancing", 
    "DF.feature.selection", "DF.valid.acc", "DF.test.acc", "DF.train.time", 
    "DF.n.support.vectors", "DF.index", "DF.n.solutions", "DF.generations", 
    "DF.n.evaluations", "DF.cpu.time")))
