full <-
structure(c(50, 55, 60, 65, 70, 75, 80, 85, 90, 95, 100, 1, 13.36241, 
1.19279, 15, 0.07405, 0.02174, 0.12241, 6.20723, -0.05801, -0.04594, 
0.83314, 0.33333, -6.85154, -1.46684, -7.24419, 1.11599, -0.1143, 
1.10251, -3.98273, 1.52123, 1.53523, 1.31949, 0, 0, 0, 0, 0, 
0, 0, 0, 0, 0, 0, 0, 0, 0, 0, 0, 0, 0, 0, 0, 0, 0, 0.90913, 0.91317, 
0.9178, 0.91696, 0.91616, 0.91658, 0.91595, 0.91349, 0.91828, 
0.9201, 0.92085, 0.90913, 0.91172, 0.9165, 0.91574, 0.91394, 
0.91658, 0.91299, 0.91258, 0.91828, 0.92012, 0.91615, 0.0451, 
2.3139, 0.0623, 5.6607, 0.1032, 0.0848, 0.1473, 0.3825, 0.1954, 
0.2018, 0.2048, 134, 125.9, 152.1, 133.3, 314, 223.5, 348.5, 
219.9, 442.8, 448, 417.2, 1, 31, 194, 285, 351, 59, 1004, 34, 
404, 196, 1213, 2041, 228, 91, 119, 514, 839, 152, 233, 226, 
678, 80, 100, 100, 100, 100, 100, 100, 100, 100, 100, 100, 100, 
2500, 2500, 2500, 2500, 2500, 2500, 2500, 2500, 2500, 2500, 2500, 
9356.012, 34586.009, 12160.216, 34575.508, 10323.773, 9001.91999999998, 
14251.697, 21611.49, 19102.47, 11279.31, 18016.706, 4.94731, 
9.91501, 5.30891, 1.59038, -0.07277, -0.22355, -0.19224, -0.23398, 
-0.12588, -0.12499, 0.70129, -11.95388, -5.693, -3.80583, -1.62482, 
1.578, 0.66484, 1.61124, -0.18612, 1.2533, 1.44425, 1.19141, 
0, 0, 0, 0, 0, 0, 0, 0, 0, 0, 0, 0, 0, 0, 0, 0, 0, 0, 0, 0, 0, 
0, 0.90913, 0.91317, 0.9178, 0.91696, 0.91616, 0.91658, 0.91499, 
0.91532, 0.91828, 0.9201, 0.92007, 0.90913, 0.91317, 0.91519, 
0.91574, 0.91283, 0.91658, 0.91299, 0.91532, 0.91828, 0.92012, 
0.91537, 0.039, 0.6564, 0.1248, 0.0723, 0.1421, 0.0968, 0.1792, 
0.1167, 0.1693, 0.2057, 0.2017, 135.1, 147.8, 141.1, 159.7, 381, 
279.6, 428.5, 263.3, 400.5, 428.6, 398.7, 3, 26, 234, 2, 949, 
42, 499, 157, 334, 242, 173, 1608, 12, 11, 18, 1, 5, 2, 3, 5, 
1, 7, 100, 100, 100, 100, 100, 100, 100, 100, 100, 100, 100, 
2500, 2500, 2500, 2500, 2500, 2500, 2500, 2500, 2500, 2500, 2500, 
10401.239, 11995.903, 12679.35, 14426.71, 16213.976, 17392.836, 
18999.743, 23318.571, 24592.034, 24970.937, 28090.136, 1, 1, 
1, 1, 1, 1, 1, 1, 1, 1, 1, 0.33333, 0.33333, 0.33333, 0.33333, 
0.33333, 0.33333, 0.33333, 0.33333, 0.33333, 0.33333, 0.33333, 
0, 0, 0, 0, 0, 0, 0, 0, 0, 0, 0, 0, 0, 0, 0, 0, 0, 0, 0, 0, 0, 
0, 0.90913, 0.91034, 0.91519, 0.91574, 0.9128, 0.91242, 0.91304, 
0.91256, 0.9148, 0.91601, 0.91616, 0.90913, 0.91034, 0.91519, 
0.91694, 0.9128, 0.91242, 0.91108, 0.91257, 0.91393, 0.91601, 
0.91616, 0.045, 0.0493, 0.0614, 0.0684, 0.0777, 0.0891, 0.1011, 
0.1153, 0.1237, 0.1371, 0.1484, 134, 144.6, 154.8, 164.5, 188.5, 
194.9, 220.3, 237.1, 244.6, 253.1, 262.9, 1, 1, 1, 1, 1, 1, 1, 
1, 1, 1, 1, 1, 1, 1, 1, 1, 1, 1, 1, 1, 1, 1, 1, 1, 1, 1, 1, 1, 
1, 1, 1, 1, 1, 1, 1, 1, 1, 1, 1, 1, 1, 1, 1, 1, 2.91, 2.74, 3.135, 
2.977, 2.972, 3.232, 3.136, 3.355, 3.431, 3.658, 3.83), .Dim = c(11L, 
40L), .Dimnames = list(NULL, c("Sampling", "PSO.cost", "PSO.gamma", 
"PSO.data.balancing", "PSO.feature.selection", "PSO.valid.acc", 
"PSO.test.acc", "PSO.train.time", "PSO.n.support.vectors", "PSO.index", 
"PSO.n.solutions", "PSO.generations", "PSO.n.evaluations", "PSO.cpu.time", 
"RS.cost", "RS.gamma", "RS.data.balancing", "RS.feature.selection", 
"RS.valid.acc", "RS.test.acc", "RS.train.time", "RS.n.support.vectors", 
"RS.index", "RS.n.solutions", "RS.generations", "RS.n.evaluations", 
"RS.cpu.time", "DF.cost", "DF.gamma", "DF.data.balancing", "DF.feature.selection", 
"DF.valid.acc", "DF.test.acc", "DF.train.time", "DF.n.support.vectors", 
"DF.index", "DF.n.solutions", "DF.generations", "DF.n.evaluations", 
"DF.cpu.time")))
