full <-
structure(c(50, 55, 60, 65, 70, 75, 80, 85, 90, 95, 100, 1, 1, 
1, 1, 0.88691, 0.13508, 1.22004, 0.465, 0.61937, -0.1033, 0.72382, 
0.33333, 0.33333, 0.33333, 0.33333, 1.13191, 1.00211, -0.49794, 
0.43931, 0.27797, 1.42291, 0.63417, 0, 0, 0, 0, 0, 0, 0, 0, 0, 
0, 0, 0, 0, 0, 0, 0, 0, 0, 0, 0, 0, 0, 0.91546, 0.91883, 0.91525, 
0.9181, 0.91845, 0.91862, 0.9189, 0.91989, 0.91829, 0.92097, 
0.92089, 0.91546, 0.91883, 0.91525, 0.9181, 0.91618, 0.91652, 
0.91597, 0.91805, 0.91482, 0.92097, 0.91698, 0.044, 0.0521, 0.062, 
0.0712, 0.0928, 0.1059, 0.1, 0.1147, 0.1284, 0.1861, 0.1696, 
136.2, 151.4, 156.6, 170.4, 274.9, 307.1, 211.7, 272.6, 279.9, 
423.9, 337.2, 1, 1, 1, 1, 1748, 1682, 659, 742, 908, 442, 634, 
1818, 1931, 1995, 1819, 24, 6, 178, 68, 361, 580, 273, 100, 100, 
100, 100, 100, 100, 100, 100, 100, 100, 100, 2500, 2500, 2500, 
2500, 2500, 2500, 2500, 2500, 2500, 2500, 2500, 8187.338, 11248.844, 
12238.447, 12760.09, 11824.74, 11333.207, 18540.469, 10269.586, 
14348.985, 14960.971, 16977.16, 11.52885, -0.78026, 4.16891, 
-1.36081, 0.38853, 3.07429, 1.01966, 0.43617, 1.12844, -0.08829, 
-0.40344, -13.0397, -13.76615, -7.09565, -3.7749, 2.63393, -4.61522, 
-0.48532, 0.45856, 0.74691, 1.04769, 0.62105, 0, 0, 0, 0, 0, 
0, 0, 0, 0, 0, 0, 0, 0, 0, 0, 0, 0, 0, 0, 0, 0, 0, 0.91546, 0.91883, 
0.91525, 0.9181, 0.91733, 0.91757, 0.9189, 0.91989, 0.91831, 
0.92097, 0.92009, 0.91546, 0.91883, 0.91525, 0.9181, 0.91845, 
0.91757, 0.91694, 0.91805, 0.91569, 0.92015, 0.91932, 0.1499, 
0.0242, 0.1043, 0.0613, 0.2511, 0.1532, 0.0939, 0.1114, 0.14, 
0.1538, 0.1654, 139.4, 74.8, 263.6, 194.7, 532.2, 280.7, 211.7, 
272.4, 313.9, 366.8, 339.1, 2, 1, 1, 1, 285, 1, 769, 1480, 1958, 
478, 649, 1473, 1592, 1503, 1479, 1, 1607, 1, 1, 1, 3, 1, 100, 
100, 100, 100, 100, 100, 100, 100, 100, 100, 100, 2500, 2500, 
2500, 2500, 2500, 2500, 2500, 2500, 2500, 2500, 2500, 10089.838, 
10937.267, 13336.992, 13781.207, 16447.926, 18907.432, 18853.552, 
21658.312, 23529.478, 23821.881, 26744.063, 1, 1, 1, 1, 1, 1, 
1, 1, 1, 1, 1, 0.33333, 0.33333, 0.33333, 0.33333, 0.33333, 0.33333, 
0.33333, 0.33333, 0.33333, 0.33333, 0.33333, 0, 0, 0, 0, 0, 0, 
0, 0, 0, 0, 0, 0, 0, 0, 0, 0, 0, 0, 0, 0, 0, 0, 0.91546, 0.91883, 
0.91525, 0.9181, 0.9173, 0.91757, 0.91596, 0.91716, 0.91395, 
0.91604, 0.91618, 0.91546, 0.91883, 0.91525, 0.9181, 0.9173, 
0.91757, 0.91596, 0.91716, 0.91482, 0.91684, 0.91696, 0.0444, 
0.0545, 0.0614, 0.069, 0.0801, 0.0918, 0.1011, 0.1061, 0.1216, 
0.1409, 0.1541, 136.2, 151.4, 156.6, 170.4, 187.3, 203.8, 211.6, 
224.6, 237.2, 248.9, 268.3, 1, 1, 1, 1, 1, 1, 1, 1, 1, 1, 1, 
1, 1, 1, 1, 1, 1, 1, 1, 1, 1, 1, 1, 1, 1, 1, 1, 1, 1, 1, 1, 1, 
1, 1, 1, 1, 1, 1, 1, 1, 1, 1, 1, 1, 2.879, 2.96, 3.049, 3.043, 
3.119, 3.142, 3.331, 3.223, 3.425, 3.828, 3.949), .Dim = c(11L, 
40L), .Dimnames = list(NULL, c("Sampling", "PSO.cost", "PSO.gamma", 
"PSO.data.balancing", "PSO.feature.selection", "PSO.valid.acc", 
"PSO.test.acc", "PSO.train.time", "PSO.n.support.vectors", "PSO.index", 
"PSO.n.solutions", "PSO.generations", "PSO.n.evaluations", "PSO.cpu.time", 
"RS.cost", "RS.gamma", "RS.data.balancing", "RS.feature.selection", 
"RS.valid.acc", "RS.test.acc", "RS.train.time", "RS.n.support.vectors", 
"RS.index", "RS.n.solutions", "RS.generations", "RS.n.evaluations", 
"RS.cpu.time", "DF.cost", "DF.gamma", "DF.data.balancing", "DF.feature.selection", 
"DF.valid.acc", "DF.test.acc", "DF.train.time", "DF.n.support.vectors", 
"DF.index", "DF.n.solutions", "DF.generations", "DF.n.evaluations", 
"DF.cpu.time")))
