full <-
structure(c(50, 55, 60, 65, 70, 75, 80, 85, 90, 95, 100, 0.34263, 
0.16605, 5.07588, 9.99084, 0.19949, 0.16477, 0.91035, 0.1858, 
0.08322, 0.25449, 0.05204, 3, 1.83767, -3.45709, -4.76137, 0.59635, 
0.87976, -1.02139, 1.57038, 0.77409, -0.1278, 1.31595, 0, 0, 
0, 0, 0, 0, 0, 0, 0, 0, 0, 0, 0, 0, 0, 0, 0, 0, 0, 0, 0, 0, 0.91237, 
0.9147, 0.90861, 0.90966, 0.91281, 0.91861, 0.91883, 0.91995, 
0.92267, 0.92262, 0.92167, 0.91237, 0.9147, 0.906, 0.90364, 0.91168, 
0.91858, 0.91489, 0.91534, 0.92004, 0.92016, 0.92167, 0.167, 
0.1143, 0.1243, 0.6654, 0.0946, 0.1014, 0.1049, 0.1785, 0.133, 
0.1357, 0.1938, 435.1, 350.4, 159.7, 161, 258.1, 289.3, 212.4, 
407.6, 313.4, 265.7, 419.8, 1833, 5, 141, 370, 283, 501, 822, 
493, 153, 94, 530, 18, 425, 136, 98, 520, 554, 137, 315, 177, 
889, 337, 100, 100, 100, 100, 100, 100, 100, 100, 100, 100, 100, 
2500, 2500, 2500, 2500, 2500, 2500, 2500, 2500, 2500, 2500, 2500, 
10384.85, 11763.4, 12195.72, 25421.752, 9859.33199999999, 11077.503, 
12869.231, 16541.245, 10852.966, 12422.069, 23613.044, 0.44556, 
0.21681, 2.68933, 12.95413, 0.15146, 0.31438, 0.11778, 0.21163, 
0.24226, 0.18434, -0.11206, -0.84711, 2.19028, -2.34662, -5.88646, 
2.06758, 1.10557, 0.34543, 1.35706, 0.03472, -0.22527, 1.47698, 
0, 0, 0, 0, 0, 0, 0, 0, 0, 0, 0, 0, 0, 0, 0, 0, 0, 0, 0, 0, 0, 
0, 0.9108, 0.9147, 0.90861, 0.90966, 0.91281, 0.91653, 0.91881, 
0.91903, 0.92093, 0.92262, 0.92167, 0.90922, 0.9147, 0.90731, 
0.90364, 0.91279, 0.9186, 0.91881, 0.91811, 0.91917, 0.92016, 
0.92167, 0.0454, 0.1193, 0.0838, 2.6493, 0.1839, 0.1224, 0.1065, 
0.1594, 0.1175, 0.1374, 0.2204, 154.1, 389.2, 165.3, 152.5, 448, 
315.3, 257.2, 374.3, 254.2, 261.8, 445.7, 326, 1710, 2245, 1805, 
4, 228, 1038, 654, 2317, 267, 887, 5, 2, 2, 3, 3, 1, 2, 1, 2, 
5, 3, 100, 100, 100, 100, 100, 100, 100, 100, 100, 100, 100, 
2500, 2500, 2500, 2500, 2500, 2500, 2500, 2500, 2500, 2500, 2500, 
12015.295, 12390.489, 13934.687, 14629.197, 15838.332, 18339.726, 
19522.791, 22663.049, 22802.727, 26893.276, 28633.155, 1, 1, 
1, 1, 1, 1, 1, 1, 1, 1, 1, 0.33333, 0.33333, 0.33333, 0.33333, 
0.33333, 0.33333, 0.33333, 0.33333, 0.33333, 0.33333, 0.33333, 
0, 0, 0, 0, 0, 0, 0, 0, 0, 0, 0, 0, 0, 0, 0, 0, 0, 0, 0, 0, 0, 
0, 0.90922, 0.909, 0.90472, 0.90483, 0.90944, 0.91236, 0.91394, 
0.91626, 0.91829, 0.91849, 0.91696, 0.90922, 0.909, 0.90472, 
0.90605, 0.90831, 0.91236, 0.91394, 0.91626, 0.91742, 0.91766, 
0.91696, 0.0522, 0.0587, 0.0691, 0.0748, 0.086, 0.0988, 0.1086, 
0.1109, 0.128, 0.1428, 0.1574, 151.3, 166.7, 182.2, 190.3, 196.6, 
208, 219.1, 216.5, 231.8, 252.8, 261.2, 1, 1, 1, 1, 1, 1, 1, 
1, 1, 1, 1, 1, 1, 1, 1, 1, 1, 1, 1, 1, 1, 1, 1, 1, 1, 1, 1, 1, 
1, 1, 1, 1, 1, 1, 1, 1, 1, 1, 1, 1, 1, 1, 1, 1, 3.24, 3.034, 
3.274, 3.185, 3.352, 3.517, 3.809, 3.674, 3.904, 3.939, 4.175
), .Dim = c(11L, 40L), .Dimnames = list(NULL, c("Sampling", "PSO.cost", 
"PSO.gamma", "PSO.data.balancing", "PSO.feature.selection", "PSO.valid.acc", 
"PSO.test.acc", "PSO.train.time", "PSO.n.support.vectors", "PSO.index", 
"PSO.n.solutions", "PSO.generations", "PSO.n.evaluations", "PSO.cpu.time", 
"RS.cost", "RS.gamma", "RS.data.balancing", "RS.feature.selection", 
"RS.valid.acc", "RS.test.acc", "RS.train.time", "RS.n.support.vectors", 
"RS.index", "RS.n.solutions", "RS.generations", "RS.n.evaluations", 
"RS.cpu.time", "DF.cost", "DF.gamma", "DF.data.balancing", "DF.feature.selection", 
"DF.valid.acc", "DF.test.acc", "DF.train.time", "DF.n.support.vectors", 
"DF.index", "DF.n.solutions", "DF.generations", "DF.n.evaluations", 
"DF.cpu.time")))
