full <-
structure(c(50, 55, 60, 65, 70, 75, 80, 85, 90, 95, 100, 9.45673, 
10.4278, 3.87637, 1.53323, 1.77526, 1.72282, 1.1044, 15, 4.65597, 
-0.22741, -0.12484, -4.66345, -7.2847, -1.71591, -1.79054, -1.64237, 
-0.16167, -1.69849, -6.91253, -2.71057, 0.88453, 0.29402, 0, 
0, 0, 0, 0, 0, 0, 0, 0, 0, 0, 0, 0, 0, 0, 0, 0, 0, 0, 0, 0, 0, 
0.91061, 0.90914, 0.9113, 0.9134, 0.91398, 0.91554, 0.91985, 
0.91809, 0.91742, 0.9193, 0.92245, 0.90595, 0.9106, 0.90739, 
0.90853, 0.90951, 0.91346, 0.9169, 0.91625, 0.91397, 0.91848, 
0.92166, 0.1748, 0.2423, 0.0872, 0.091, 0.1035, 0.1086, 0.1207, 
3.8368, 0.207, 0.1776, 0.1666, 112.5, 114.1, 165, 183.5, 195.2, 
238.5, 211.4, 158.3, 206.6, 357.9, 307.3, 2261, 107, 608, 1069, 
107, 37, 1105, 458, 74, 1366, 178, 3, 337, 163, 26, 105, 126, 
45, 112, 284, 30, 1104, 100, 100, 100, 100, 100, 100, 100, 100, 
100, 100, 100, 2500, 2500, 2500, 2500, 2500, 2500, 2500, 2500, 
2500, 2500, 2500, 16762.697, 22951.541, 21776.76, 13018.182, 
26689.609, 21972.991, 13569.972, 33944.714, 15116.767, 17766.857, 
14917.293, 1.06338, 13.59402, 5.12834, 3.16749, 3.50452, 1.58488, 
3.35944, 14.02992, 4.31972, -0.11556, -0.16271, -1.27559, -8.96417, 
-1.98995, -1.89033, -2.607, -0.06958, -2.89477, -6.58472, -2.60073, 
0.48987, -0.25591, 0, 0, 0, 0, 0, 0, 0, 0, 0, 0, 0, 0, 0, 0, 
0, 0, 0, 0, 0, 0, 0, 0, 0.91066, 0.90914, 0.91002, 0.91223, 0.91398, 
0.9145, 0.9179, 0.91809, 0.91742, 0.91848, 0.92245, 0.90751, 
0.9106, 0.90616, 0.91343, 0.91062, 0.91346, 0.91593, 0.91625, 
0.91397, 0.91766, 0.92087, 0.0576, 0.5573, 0.0975, 0.0963, 0.1125, 
0.1112, 0.1309, 2.8131, 0.1915, 0.1642, 0.1549, 154.1, 109.5, 
162.1, 178, 168.5, 242.7, 179.9, 158.8, 205.1, 323.8, 275.4, 
689, 716, 2170, 202, 270, 400, 2117, 1674, 988, 275, 266, 2, 
10, 4, 1, 6, 5, 1, 1, 1, 5, 5, 100, 100, 100, 100, 100, 100, 
100, 100, 100, 100, 100, 2500, 2500, 2500, 2500, 2500, 2500, 
2500, 2500, 2500, 2500, 2500, 12501.83, 13535.711, 14751.557, 
15318.375, 16329.967, 17660.213, 18078.835, 20388.974, 23989.72, 
28340.182, 30196.087, 1, 1, 1, 1, 1, 1, 1, 1, 1, 1, 1, 0.33333, 
0.33333, 0.33333, 0.33333, 0.33333, 0.33333, 0.33333, 0.33333, 
0.33333, 0.33333, 0.33333, 0, 0, 0, 0, 0, 0, 0, 0, 0, 0, 0, 0, 
0, 0, 0, 0, 0, 0, 0, 0, 0, 0, 0.90439, 0.90347, 0.90616, 0.90249, 
0.90833, 0.90925, 0.91396, 0.91349, 0.91222, 0.91355, 0.91695, 
0.90285, 0.90347, 0.90486, 0.90372, 0.90722, 0.90821, 0.91396, 
0.91349, 0.91397, 0.91436, 0.91695, 0.0536, 0.0613, 0.074, 0.086, 
0.0943, 0.103, 0.1156, 0.1283, 0.1406, 0.1451, 0.1679, 147.5, 
159.2, 175.9, 191.4, 199.9, 205.7, 221.8, 232, 244.1, 247.4, 
265.2, 1, 1, 1, 1, 1, 1, 1, 1, 1, 1, 1, 1, 1, 1, 1, 1, 1, 1, 
1, 1, 1, 1, 1, 1, 1, 1, 1, 1, 1, 1, 1, 1, 1, 1, 1, 1, 1, 1, 1, 
1, 1, 1, 1, 1, 4.166, 4.176, 4.395, 4.665, 4.73, 4.789, 4.808, 
5.025, 5.038, 5.091, 5.295), .Dim = c(11L, 40L), .Dimnames = list(
    NULL, c("Sampling", "PSO.cost", "PSO.gamma", "PSO.data.balancing", 
    "PSO.feature.selection", "PSO.valid.acc", "PSO.test.acc", 
    "PSO.train.time", "PSO.n.support.vectors", "PSO.index", "PSO.n.solutions", 
    "PSO.generations", "PSO.n.evaluations", "PSO.cpu.time", "RS.cost", 
    "RS.gamma", "RS.data.balancing", "RS.feature.selection", 
    "RS.valid.acc", "RS.test.acc", "RS.train.time", "RS.n.support.vectors", 
    "RS.index", "RS.n.solutions", "RS.generations", "RS.n.evaluations", 
    "RS.cpu.time", "DF.cost", "DF.gamma", "DF.data.balancing", 
    "DF.feature.selection", "DF.valid.acc", "DF.test.acc", "DF.train.time", 
    "DF.n.support.vectors", "DF.index", "DF.n.solutions", "DF.generations", 
    "DF.n.evaluations", "DF.cpu.time")))
