full <-
structure(c(50, 55, 60, 65, 70, 75, 80, 85, 90, 95, 100, 0.39772, 
0.72705, 0.31834, 0.22645, 0.11178, -0.22194, -0.11665, 0.0436, 
0.84358, 0.27467, 0.02462, 2.12265, -0.0915, -0.18738, 1.56138, 
-0.23941, 0.48917, -0.2145, 0.03295, 1.06487, -0.27305, 1.41785, 
0, 0, 0, 0, 0, 0, 0, 0, 0, 0, 0, 0, 0, 0, 0, 0, 0, 0, 0, 0, 0, 
0, 0.92489, 0.92311, 0.92307, 0.92294, 0.92509, 0.92278, 0.92666, 
0.92637, 0.92441, 0.92588, 0.92245, 0.92174, 0.92168, 0.92177, 
0.91933, 0.92397, 0.92278, 0.92666, 0.92269, 0.92616, 0.92424, 
0.9201, 0.103, 0.0559, 0.0642, 0.1189, 0.0761, 0.1012, 0.1049, 
0.1184, 0.1658, 0.1302, 0.2128, 356.7, 179, 181.1, 342.6, 210.6, 
272.9, 236.4, 262.9, 356.3, 264.1, 440.4, 1183, 527, 213, 387, 
337, 256, 249, 317, 663, 1627, 619, 128, 191, 747, 520, 588, 
555, 388, 411, 185, 8, 344, 100, 100, 100, 100, 100, 100, 100, 
100, 100, 100, 100, 2500, 2500, 2500, 2500, 2500, 2500, 2500, 
2500, 2500, 2500, 2500, 8504.529, 9135.024, 8999.838, 9850.925, 
9170.79399999999, 10340.601, 9971.62, 10641.026, 12370.984, 11673.214, 
18866.689, 0.2689, 0.74719, 1.64275, 0.5743, -0.1853, -0.25909, 
-0.22102, 0.11687, 0.15613, 0.09586, -0.12363, 2.05143, 0.09442, 
-1.27883, 1.8378, 0.08396, 0.86909, -0.07487, 1.68903, 1.60247, 
0.51044, 0.82704, 0, 0, 0, 0, 0, 0, 0, 0, 0, 0, 0, 0, 0, 0, 0, 
0, 0, 0, 0, 0, 0, 0, 0.92333, 0.92311, 0.92307, 0.92174, 0.92509, 
0.92278, 0.92666, 0.92545, 0.92351, 0.92505, 0.92167, 0.92333, 
0.92168, 0.92044, 0.91692, 0.92509, 0.92278, 0.92666, 0.92175, 
0.92352, 0.92258, 0.92167, 0.0925, 0.0547, 0.0677, 0.1326, 0.0797, 
0.1128, 0.103, 0.1999, 0.1872, 0.1432, 0.175, 347.6, 186.8, 159.2, 
383, 226.1, 298.8, 239.6, 440.5, 442.5, 317.3, 359.2, 453, 220, 
1064, 426, 153, 637, 191, 315, 196, 1138, 1200, 1, 3, 9, 3, 1, 
4, 4, 3, 13, 1, 1, 100, 100, 100, 100, 100, 100, 100, 100, 100, 
100, 100, 2500, 2500, 2500, 2500, 2500, 2500, 2500, 2500, 2500, 
2500, 2500, 10995.954, 12088.866, 13280.955, 13911.786, 17767.844, 
20434.855, 20876.307, 20385.618, 23203.822, 24959.168, 27332.064, 
1, 1, 1, 1, 1, 1, 1, 1, 1, 1, 1, 0.33333, 0.33333, 0.33333, 0.33333, 
0.33333, 0.33333, 0.33333, 0.33333, 0.33333, 0.33333, 0.33333, 
0, 0, 0, 0, 0, 0, 0, 0, 0, 0, 0, 0, 0, 0, 0, 0, 0, 0, 0, 0, 0, 
0, 0.91864, 0.91887, 0.91919, 0.91934, 0.91951, 0.91862, 0.92178, 
0.91808, 0.91831, 0.91847, 0.9162, 0.91864, 0.91887, 0.91919, 
0.91934, 0.91951, 0.91862, 0.92178, 0.91808, 0.91831, 0.91847, 
0.91698, 0.047, 0.0528, 0.0628, 0.0732, 0.0783, 0.099, 0.1045, 
0.1184, 0.1226, 0.1409, 0.1556, 138.6, 153.2, 167, 173.6, 192.8, 
210.2, 212.7, 223.1, 233.6, 240.7, 260.9, 1, 1, 1, 1, 1, 1, 1, 
1, 1, 1, 1, 1, 1, 1, 1, 1, 1, 1, 1, 1, 1, 1, 1, 1, 1, 1, 1, 1, 
1, 1, 1, 1, 1, 1, 1, 1, 1, 1, 1, 1, 1, 1, 1, 1, 3.077, 3.028, 
3.07, 3.256, 3.177, 3.599, 3.667, 3.835, 3.738, 4.146, 4.121), .Dim = c(11L, 
40L), .Dimnames = list(NULL, c("Sampling", "PSO.cost", "PSO.gamma", 
"PSO.data.balancing", "PSO.feature.selection", "PSO.valid.acc", 
"PSO.test.acc", "PSO.train.time", "PSO.n.support.vectors", "PSO.index", 
"PSO.n.solutions", "PSO.generations", "PSO.n.evaluations", "PSO.cpu.time", 
"RS.cost", "RS.gamma", "RS.data.balancing", "RS.feature.selection", 
"RS.valid.acc", "RS.test.acc", "RS.train.time", "RS.n.support.vectors", 
"RS.index", "RS.n.solutions", "RS.generations", "RS.n.evaluations", 
"RS.cpu.time", "DF.cost", "DF.gamma", "DF.data.balancing", "DF.feature.selection", 
"DF.valid.acc", "DF.test.acc", "DF.train.time", "DF.n.support.vectors", 
"DF.index", "DF.n.solutions", "DF.generations", "DF.n.evaluations", 
"DF.cpu.time")))
