full <-
structure(c(50, 55, 60, 65, 70, 75, 80, 85, 90, 95, 100, 1, 1, 
1, 12.08256, 5.31481, -0.20402, -0.91776, 0.63488, -0.22972, 
1.18849, 0.17296, 0.33333, 0.33333, 0.33333, -5.56506, -3.61208, 
-0.30939, -7.55485, 1.10042, 0.49335, 0.96492, -0.30975, 0, 0, 
0, 0, 0, 0, 0, 0, 0, 0, 0, 0, 0, 0, 0, 0, 0, 0, 0, 0, 0, 0, 0.91547, 
0.91901, 0.9165, 0.91932, 0.9217, 0.92178, 0.91787, 0.92552, 
0.92437, 0.92257, 0.92165, 0.91547, 0.91901, 0.9165, 0.9145, 
0.91834, 0.92178, 0.91787, 0.92182, 0.92351, 0.91763, 0.91773, 
0.0457, 0.0525, 0.0633, 1.3886, 0.1435, 0.0891, 0.0708, 0.1524, 
0.1342, 0.1682, 0.1475, 136.3, 147.7, 163.2, 139.2, 157.4, 216.9, 
182.2, 346.5, 297.6, 348.8, 273.6, 1, 1, 1, 352, 60, 168, 2, 
1415, 133, 620, 880, 1867, 2017, 2085, 100, 196, 441, 2210, 100, 
605, 84, 52, 100, 100, 100, 100, 100, 100, 100, 100, 100, 100, 
100, 2500, 2500, 2500, 2500, 2500, 2500, 2500, 2500, 2500, 2500, 
2500, 9904.919, 9032.731, 11698.274, 12228.658, 10636.741, 14977.641, 
15969.358, 10483.124, 11202.982, 38841.68, 17198.227, -1.66755, 
7.25453, 2.64365, 6.91342, 6.68225, -0.38496, -0.55077, -0.04506, 
0.00571, 1.2665, 0.16033, -11.11952, -10.76994, -13.25035, -3.92878, 
-4.31548, 1.12707, 0.45901, 0.83362, 1.18091, 0.96215, 0.08352, 
0, 0, 0, 0, 0, 0, 0, 0, 0, 0, 0, 0, 0, 0, 0, 0, 0, 0, 0, 0, 0, 
0, 0.91547, 0.91901, 0.9165, 0.91932, 0.9217, 0.92178, 0.91984, 
0.92454, 0.92437, 0.92257, 0.92087, 0.91547, 0.91901, 0.9165, 
0.91932, 0.91723, 0.92178, 0.91981, 0.92454, 0.92351, 0.91681, 
0.9193, 0.0245, 0.0896, 0.0317, 0.1744, 0.2101, 0.1252, 0.1101, 
0.1378, 0.1736, 0.1642, 0.1513, 72.5, 224.9, 87.8, 143.8, 156.6, 
324, 274, 317.5, 376.2, 349, 296.3, 1, 3, 3, 115, 2236, 48, 87, 
324, 298, 415, 572, 1409, 1519, 1545, 7, 2, 7, 7, 2, 3, 2, 2, 
100, 100, 100, 100, 100, 100, 100, 100, 100, 100, 100, 2500, 
2500, 2500, 2500, 2500, 2500, 2500, 2500, 2500, 2500, 2500, 10154.072, 
10603.225, 12080.009, 13880.744, 14439.713, 16375.083, 17485.185, 
19617.297, 20506.899, 24775.2290000001, 29318.693, 1, 1, 1, 1, 
1, 1, 1, 1, 1, 1, 1, 0.33333, 0.33333, 0.33333, 0.33333, 0.33333, 
0.33333, 0.33333, 0.33333, 0.33333, 0.33333, 0.33333, 0, 0, 0, 
0, 0, 0, 0, 0, 0, 0, 0, 0, 0, 0, 0, 0, 0, 0, 0, 0, 0, 0, 0.91547, 
0.91901, 0.9165, 0.9193, 0.91948, 0.91866, 0.9169, 0.91901, 0.91916, 
0.91765, 0.91618, 0.91547, 0.91901, 0.9165, 0.9193, 0.91948, 
0.91969, 0.9169, 0.91901, 0.91916, 0.91847, 0.91618, 0.0467, 
0.0528, 0.0649, 0.0746, 0.0845, 0.0918, 0.1017, 0.1072, 0.1218, 
0.1433, 0.1572, 136.3, 147.7, 163.2, 175.4, 190.9, 196.9, 201.6, 
206.7, 220.3, 249.9, 262.9, 1, 1, 1, 1, 1, 1, 1, 1, 1, 1, 1, 
1, 1, 1, 1, 1, 1, 1, 1, 1, 1, 1, 1, 1, 1, 1, 1, 1, 1, 1, 1, 1, 
1, 1, 1, 1, 1, 1, 1, 1, 1, 1, 1, 1, 2.836, 2.887, 3.06, 3.115, 
3.236, 3.286, 3.406, 3.493, 3.611, 3.9, 4.099), .Dim = c(11L, 
40L), .Dimnames = list(NULL, c("Sampling", "PSO.cost", "PSO.gamma", 
"PSO.data.balancing", "PSO.feature.selection", "PSO.valid.acc", 
"PSO.test.acc", "PSO.train.time", "PSO.n.support.vectors", "PSO.index", 
"PSO.n.solutions", "PSO.generations", "PSO.n.evaluations", "PSO.cpu.time", 
"RS.cost", "RS.gamma", "RS.data.balancing", "RS.feature.selection", 
"RS.valid.acc", "RS.test.acc", "RS.train.time", "RS.n.support.vectors", 
"RS.index", "RS.n.solutions", "RS.generations", "RS.n.evaluations", 
"RS.cpu.time", "DF.cost", "DF.gamma", "DF.data.balancing", "DF.feature.selection", 
"DF.valid.acc", "DF.test.acc", "DF.train.time", "DF.n.support.vectors", 
"DF.index", "DF.n.solutions", "DF.generations", "DF.n.evaluations", 
"DF.cpu.time")))
