full <-
structure(c(50, 55, 60, 65, 70, 75, 80, 85, 90, 95, 100, 14.69316, 
6.97475, 1.91236, 11.31445, 0.38441, 0.95692, 0.10663, 0.43082, 
0.78103, 0.04966, 0.23627, -8.97975, -4.86747, -2.01134, -6.24524, 
0.29086, 0.84023, 1.84268, 0.05794, 0.38099, 1.26778, 0.31448, 
0, 0, 0, 0, 0, 0, 0, 0, 0, 0, 0, 0, 0, 0, 0, 0, 0, 0, 0, 0, 0, 
0, 0.92972, 0.92606, 0.92433, 0.92536, 0.92515, 0.92913, 0.92662, 
0.9264, 0.92177, 0.92178, 0.92248, 0.92967, 0.92468, 0.92042, 
0.92295, 0.92291, 0.92494, 0.92662, 0.92456, 0.9174, 0.92015, 
0.92248, 0.7068, 0.114, 0.0622, 1.2289, 0.0873, 0.1071, 0.2044, 
0.1195, 0.1374, 0.176, 0.1495, 86.3, 112.4, 141.8, 155.1, 237.7, 
282, 448.5, 264.2, 292.1, 400.4, 308.8, 331, 28, 93, 57, 404, 
359, 839, 379, 791, 399, 269, 536, 750, 82, 512, 120, 292, 296, 
298, 133, 715, 434, 100, 100, 100, 100, 100, 100, 100, 100, 100, 
100, 100, 2500, 2500, 2500, 2500, 2500, 2500, 2500, 2500, 2500, 
2500, 2500, 18504.863, 21329.833, 8417.53600000001, 29390.176, 
15471.81, 9877.07800000001, 10792.852, 10165.506, 12925.458, 
13038.811, 13159.13, 14.90577, 0.38063, 0.4126, 10.67225, 0.42447, 
0.57683, 0.04565, 0.06641, 0.68127, 0.11589, 0.09655, -8.656, 
-0.64905, 0.10353, -5.99698, 0.51849, 0.4019, 1.43075, 0.1532, 
-0.16163, 1.00397, 1.37171, 0, 0, 0, 0, 0, 0, 0, 0, 0, 0, 0, 
0, 0, 0, 0, 0, 0, 0, 0, 0, 0, 0, 0.92972, 0.92749, 0.92432, 0.92536, 
0.92515, 0.92806, 0.92662, 0.92547, 0.92175, 0.92178, 0.92169, 
0.92813, 0.92609, 0.92042, 0.92295, 0.9218, 0.926, 0.92565, 0.9227, 
0.91915, 0.92179, 0.92169, 0.8402, 0.0515, 0.0703, 0.9754, 0.0905, 
0.0922, 0.153, 0.1207, 0.1297, 0.1687, 0.1982, 85, 152.8, 203.7, 
160.8, 251.8, 247.6, 375.6, 272.9, 258.8, 365.4, 428.7, 1041, 
865, 363, 1006, 1057, 1978, 1545, 147, 1869, 2369, 76, 3, 1, 
2, 2, 2, 1, 4, 1, 1, 1, 10, 100, 100, 100, 100, 100, 100, 100, 
100, 100, 100, 100, 2500, 2500, 2500, 2500, 2500, 2500, 2500, 
2500, 2500, 2500, 2500, 9255.258, 9887.158, 11740.435, 13138.409, 
14715.624, 15985.025, 17831.731, 19909.776, 24949.671, 26243.726, 
28142.302, 1, 1, 1, 1, 1, 1, 1, 1, 1, 1, 1, 0.33333, 0.33333, 
0.33333, 0.33333, 0.33333, 0.33333, 0.33333, 0.33333, 0.33333, 
0.33333, 0.33333, 0, 0, 0, 0, 0, 0, 0, 0, 0, 0, 0, 0, 0, 0, 0, 
0, 0, 0, 0, 0, 0, 0, 0.92967, 0.92604, 0.9204, 0.92295, 0.9218, 
0.92176, 0.92173, 0.92085, 0.91566, 0.91765, 0.91698, 0.92967, 
0.92468, 0.92042, 0.92295, 0.92182, 0.9228, 0.92076, 0.92085, 
0.91566, 0.91683, 0.91697, 0.042, 0.0499, 0.0553, 0.0706, 0.0813, 
0.0849, 0.0995, 0.1133, 0.132, 0.1406, 0.1582, 125.9, 132.9, 
152.5, 177, 193.2, 189.1, 201.9, 220.8, 244.7, 252.4, 258.5, 
1, 1, 1, 1, 1, 1, 1, 1, 1, 1, 1, 1, 1, 1, 1, 1, 1, 1, 1, 1, 1, 
1, 1, 1, 1, 1, 1, 1, 1, 1, 1, 1, 1, 1, 1, 1, 1, 1, 1, 1, 1, 1, 
1, 1, 2.844, 3.055, 2.925, 3.082, 3.125, 3.148, 3.498, 3.526, 
3.776, 3.797, 4.15), .Dim = c(11L, 40L), .Dimnames = list(NULL, 
    c("Sampling", "PSO.cost", "PSO.gamma", "PSO.data.balancing", 
    "PSO.feature.selection", "PSO.valid.acc", "PSO.test.acc", 
    "PSO.train.time", "PSO.n.support.vectors", "PSO.index", "PSO.n.solutions", 
    "PSO.generations", "PSO.n.evaluations", "PSO.cpu.time", "RS.cost", 
    "RS.gamma", "RS.data.balancing", "RS.feature.selection", 
    "RS.valid.acc", "RS.test.acc", "RS.train.time", "RS.n.support.vectors", 
    "RS.index", "RS.n.solutions", "RS.generations", "RS.n.evaluations", 
    "RS.cpu.time", "DF.cost", "DF.gamma", "DF.data.balancing", 
    "DF.feature.selection", "DF.valid.acc", "DF.test.acc", "DF.train.time", 
    "DF.n.support.vectors", "DF.index", "DF.n.solutions", "DF.generations", 
    "DF.n.evaluations", "DF.cpu.time")))
