full <-
structure(c(50, 55, 60, 65, 70, 75, 80, 85, 90, 95, 100, 0.25218, 
1.09855, 0.22613, 0.19728, 0.39568, -0.3984, 7.68881, 0.59883, 
0.55512, -0.12722, -0.1947, 0.01892, 0.52325, 0.0064, 0.23481, 
-0.38166, 0.9405, -4.00071, -0.19007, -1.29949, 0.20303, 0.65955, 
0, 0, 0, 0, 0, 0, 0, 0, 0, 0, 0, 0, 0, 0, 0, 0, 0, 0, 0, 0, 0, 
0, 0.92032, 0.92457, 0.9167, 0.91817, 0.91282, 0.91447, 0.9208, 
0.91902, 0.91567, 0.91685, 0.9225, 0.91876, 0.92316, 0.91798, 
0.91576, 0.91053, 0.91338, 0.91686, 0.91811, 0.91393, 0.91601, 
0.92171, 0.0543, 0.0674, 0.0683, 0.0771, 0.0799, 0.1168, 0.2968, 
0.1162, 0.1287, 0.1336, 0.1595, 175.9, 211, 206.6, 224.6, 210.1, 
307, 168.3, 243.9, 235.5, 293, 339.5, 2357, 926, 245, 2340, 183, 
141, 696, 535, 16, 107, 250, 2, 110, 841, 1, 348, 396, 119, 411, 
232, 494, 988, 100, 100, 100, 100, 100, 100, 100, 100, 100, 100, 
100, 2500, 2500, 2500, 2500, 2500, 2500, 2500, 2500, 2500, 2500, 
2500, 7847.684, 8226.082, 7749.85, 11092.717, 9586.943, 10032.984, 
13502.368, 10156.234, 13212.217, 13567.356, 12178.394, 4.04174, 
1.01038, 0.21061, 0.21031, 0.22786, -0.45059, 6.31437, 0.95543, 
-0.61381, -0.4031, -0.37046, -2.04018, 0.59753, -0.20832, -0.39858, 
-0.08354, 1.22922, -3.52573, -1.62879, 0.74479, 0.95521, 0.3412, 
0, 0, 0, 0, 0, 0, 0, 0, 0, 0, 0, 0, 0, 0, 0, 0, 0, 0, 0, 0, 0, 
0, 0.92029, 0.92457, 0.9167, 0.91581, 0.91282, 0.91447, 0.91983, 
0.919, 0.91567, 0.91684, 0.9225, 0.91563, 0.92316, 0.9167, 0.91575, 
0.91279, 0.91443, 0.91687, 0.91625, 0.9148, 0.91601, 0.92171, 
0.0476, 0.0646, 0.0675, 0.0729, 0.0809, 0.1273, 0.2079, 0.1125, 
0.1458, 0.162, 0.1638, 107.7, 216.4, 194.6, 197.3, 222.5, 341.6, 
165.6, 207.5, 330.4, 362.8, 315.8, 447, 535, 397, 546, 9, 94, 
964, 768, 2162, 451, 641, 4, 1, 2, 1, 7, 16, 1, 2, 1, 2, 4, 100, 
100, 100, 100, 100, 100, 100, 100, 100, 100, 100, 2500, 2500, 
2500, 2500, 2500, 2500, 2500, 2500, 2500, 2500, 2500, 8473.481, 
9735.289, 11008.613, 12819.451, 15014.488, 16130.899, 16082.529, 
18579.17, 22590.787, 25947.149, 28855.544, 1, 1, 1, 1, 1, 1, 
1, 1, 1, 1, 1, 0.33333, 0.33333, 0.33333, 0.33333, 0.33333, 0.33333, 
0.33333, 0.33333, 0.33333, 0.33333, 0.33333, 0, 0, 0, 0, 0, 0, 
0, 0, 0, 0, 0, 0, 0, 0, 0, 0, 0, 0, 0, 0, 0, 0, 0.9171, 0.91898, 
0.9102, 0.91098, 0.90943, 0.91238, 0.9159, 0.91531, 0.91306, 
0.91436, 0.91621, 0.91551, 0.91898, 0.91152, 0.91222, 0.90943, 
0.91236, 0.91491, 0.9144, 0.91306, 0.91436, 0.91621, 0.039, 0.047, 
0.0631, 0.0656, 0.0814, 0.0893, 0.0922, 0.1062, 0.1286, 0.1472, 
0.1558, 121.9, 124.9, 157.9, 172.3, 183.5, 197.2, 199.7, 215.8, 
239.1, 254.4, 265, 1, 1, 1, 1, 1, 1, 1, 1, 1, 1, 1, 1, 1, 1, 
1, 1, 1, 1, 1, 1, 1, 1, 1, 1, 1, 1, 1, 1, 1, 1, 1, 1, 1, 1, 1, 
1, 1, 1, 1, 1, 1, 1, 1, 1, 2.57, 2.859, 3.028, 2.848, 3.154, 
3.206, 3.156, 3.293, 3.616, 3.912, 3.958), .Dim = c(11L, 40L), .Dimnames = list(
    NULL, c("Sampling", "PSO.cost", "PSO.gamma", "PSO.data.balancing", 
    "PSO.feature.selection", "PSO.valid.acc", "PSO.test.acc", 
    "PSO.train.time", "PSO.n.support.vectors", "PSO.index", "PSO.n.solutions", 
    "PSO.generations", "PSO.n.evaluations", "PSO.cpu.time", "RS.cost", 
    "RS.gamma", "RS.data.balancing", "RS.feature.selection", 
    "RS.valid.acc", "RS.test.acc", "RS.train.time", "RS.n.support.vectors", 
    "RS.index", "RS.n.solutions", "RS.generations", "RS.n.evaluations", 
    "RS.cpu.time", "DF.cost", "DF.gamma", "DF.data.balancing", 
    "DF.feature.selection", "DF.valid.acc", "DF.test.acc", "DF.train.time", 
    "DF.n.support.vectors", "DF.index", "DF.n.solutions", "DF.generations", 
    "DF.n.evaluations", "DF.cpu.time")))
