full <-
structure(c(50, 55, 60, 65, 70, 75, 80, 85, 90, 95, 100, 4.0178, 
1.41669, 2.11893, 0.72587, 14.4858, 0.65812, 1.23695, 0.51632, 
11.9383, 4.06307, 0.8253, -4.07227, -0.38553, -0.81611, -0.10001, 
-4.84205, 0.35228, -0.30616, -0.0428, -4.49817, -13.25995, 1.15215, 
0, 0, 0, 0, 0, 0, 0, 0, 0, 0, 0, 0, 0, 0, 0, 0, 0, 0, 0, 0, 0, 
0, 0.92013, 0.91896, 0.91787, 0.91692, 0.91843, 0.92071, 0.92078, 
0.92178, 0.9235, 0.91932, 0.91934, 0.92013, 0.91609, 0.91789, 
0.91572, 0.91395, 0.91967, 0.91686, 0.92087, 0.91654, 0.91932, 
0.92091, 0.065, 0.0528, 0.0384, 0.0752, 4.8048, 0.0996, 0.0948, 
0.1181, 1.4171, 0.0563, 0.1957, 115.8, 168.5, 155.8, 209.3, 155.5, 
251, 219.7, 251.4, 181.2, 127.2, 394.5, 49, 589, 239, 643, 696, 
957, 1476, 1221, 258, 2, 1811, 274, 178, 527, 234, 470, 66, 93, 
42, 133, 2363, 32, 100, 100, 100, 100, 100, 100, 100, 100, 100, 
100, 100, 2500, 2500, 2500, 2500, 2500, 2500, 2500, 2500, 2500, 
2500, 2500, 9011.88, 9241.044, 7914.496, 12414.8, 61882.409, 
9007.87, 13277.606, 16143.976, 40999.209, 13656.726, 31095.454, 
5.27167, 1.16442, 2.07818, 1.30977, 14.99512, -0.30462, 1.04557, 
0.74801, 11.16529, 0.41198, -0.25266, -4.71134, -0.62186, -0.87302, 
-0.85615, -4.98479, 1.03026, -0.04122, 0.05491, -4.25134, 2.14341, 
1.82961, 0, 0, 0, 0, 0, 0, 0, 0, 0, 0, 0, 0, 0, 0, 0, 0, 0, 0, 
0, 0, 0, 0, 0.92013, 0.91896, 0.91787, 0.91692, 0.91843, 0.9197, 
0.92078, 0.92087, 0.92264, 0.92259, 0.91854, 0.92013, 0.91319, 
0.91659, 0.9157, 0.91395, 0.9197, 0.91786, 0.91901, 0.91654, 
0.91933, 0.91776, 0.0853, 0.0532, 0.0374, 0.0691, 5.6692, 0.112, 
0.1071, 0.1216, 1.0651, 0.3123, 0.2722, 120.3, 159.9, 153.6, 
177.3, 154.5, 314.3, 233.7, 256.5, 182.9, 567.4, 519.9, 151, 
172, 363, 1153, 5, 367, 1357, 629, 2189, 2497, 270, 19, 2, 9, 
3, 8, 6, 2, 3, 1, 1, 10, 100, 100, 100, 100, 100, 100, 100, 100, 
100, 100, 100, 2500, 2500, 2500, 2500, 2500, 2500, 2500, 2500, 
2500, 2500, 2500, 9358.758, 11550.533, 10452.963, 14497.914, 
16317.88, 16766.748, 18494.496, 20206.644, 18750.118, 22295.718, 
27395.487, 1, 1, 1, 1, 1, 1, 1, 1, 1, 1, 1, 0.33333, 0.33333, 
0.33333, 0.33333, 0.33333, 0.33333, 0.33333, 0.33333, 0.33333, 
0.33333, 0.33333, 0, 0, 0, 0, 0, 0, 0, 0, 0, 0, 0, 0, 0, 0, 0, 
0, 0, 0, 0, 0, 0, 0, 0.91696, 0.91462, 0.91522, 0.91331, 0.91509, 
0.91762, 0.91686, 0.91718, 0.91741, 0.91849, 0.91619, 0.91696, 
0.91605, 0.91522, 0.91451, 0.9162, 0.91762, 0.91686, 0.91718, 
0.91741, 0.91931, 0.91541, 0.0404, 0.0317, 0.037, 0.069, 0.075, 
0.0836, 0.103, 0.1105, 0.1122, 0.1286, 0.1523, 129.7, 140.3, 
149.4, 175.9, 184.2, 190.3, 204.4, 212.3, 220.7, 230.2, 261.1, 
1, 1, 1, 1, 1, 1, 1, 1, 1, 1, 1, 1, 1, 1, 1, 1, 1, 1, 1, 1, 1, 
1, 1, 1, 1, 1, 1, 1, 1, 1, 1, 1, 1, 1, 1, 1, 1, 1, 1, 1, 1, 1, 
1, 1, 2.515, 2.77, 2.904, 3.614, 3.126, 3.073, 4.256, 4.292, 
3.24, 3.593, 4.614), .Dim = c(11L, 40L), .Dimnames = list(NULL, 
    c("Sampling", "PSO.cost", "PSO.gamma", "PSO.data.balancing", 
    "PSO.feature.selection", "PSO.valid.acc", "PSO.test.acc", 
    "PSO.train.time", "PSO.n.support.vectors", "PSO.index", "PSO.n.solutions", 
    "PSO.generations", "PSO.n.evaluations", "PSO.cpu.time", "RS.cost", 
    "RS.gamma", "RS.data.balancing", "RS.feature.selection", 
    "RS.valid.acc", "RS.test.acc", "RS.train.time", "RS.n.support.vectors", 
    "RS.index", "RS.n.solutions", "RS.generations", "RS.n.evaluations", 
    "RS.cpu.time", "DF.cost", "DF.gamma", "DF.data.balancing", 
    "DF.feature.selection", "DF.valid.acc", "DF.test.acc", "DF.train.time", 
    "DF.n.support.vectors", "DF.index", "DF.n.solutions", "DF.generations", 
    "DF.n.evaluations", "DF.cpu.time")))
