full <-
structure(c(50, 55, 60, 65, 70, 75, 80, 85, 90, 95, 100, 0.6671, 
0.74691, 1.15909, 0.95784, 0.86911, 0.69645, 0.50583, 0.19641, 
0.36805, -0.00823, -0.03044, 0.7764, 0.8159, 0.43013, -0.1746, 
1.44933, 0.43412, 0.01907, 0.29131, -0.25391, 0.99405, 1.07099, 
0, 0, 0, 0, 0, 0, 0, 0, 0, 0, 0, 0, 0, 0, 0, 0, 0, 0, 0, 0, 0, 
0, 0.92821, 0.93035, 0.9335, 0.92424, 0.92521, 0.92389, 0.92176, 
0.92178, 0.91915, 0.92176, 0.92085, 0.92662, 0.93029, 0.92695, 
0.92184, 0.92189, 0.9218, 0.92078, 0.91994, 0.91743, 0.92176, 
0.92085, 0.06, 0.0692, 0.0679, 0.0694, 0.1254, 0.108, 0.1103, 
0.1208, 0.121, 0.1702, 0.1773, 228.2, 241.7, 214.1, 192.4, 356.6, 
263.2, 247.1, 277.3, 247.3, 370.2, 379.2, 475, 705, 552, 409, 
394, 499, 449, 373, 304, 157, 316, 314, 256, 70, 712, 636, 627, 
328, 567, 58, 466, 990, 100, 100, 100, 100, 100, 100, 100, 100, 
100, 100, 100, 2500, 2500, 2500, 2500, 2500, 2500, 2500, 2500, 
2500, 2500, 2500, 8363.6, 8258.077, 8047.136, 8820.41300000001, 
10180.697, 9774.462, 11959.025, 12444.64, 13486.486, 11073.305, 
14599.733, 0.60671, 1.021, 1.5797, 0.82965, 0.93771, 0.49477, 
0.53331, 0.1232, 0.23112, -0.01779, -0.02517, 1.27441, 0.43454, 
0.22878, 0.24947, 1.23239, 0.46837, -0.10292, 0.31626, 0.26833, 
0.92292, 0.95008, 0, 0, 0, 0, 0, 0, 0, 0, 0, 0, 0, 0, 0, 0, 0, 
0, 0, 0, 0, 0, 0, 0, 0.9267, 0.92894, 0.93216, 0.92424, 0.92521, 
0.92389, 0.92176, 0.92178, 0.91828, 0.92176, 0.92085, 0.92355, 
0.92888, 0.92432, 0.9218, 0.92414, 0.9218, 0.92078, 0.91994, 
0.91829, 0.92176, 0.92007, 0.0731, 0.06, 0.0583, 0.0739, 0.1142, 
0.1089, 0.1035, 0.1236, 0.1264, 0.1725, 0.1796, 274.6, 212.2, 
184.3, 216.5, 326.5, 266.3, 237.6, 280.3, 288.1, 362.9, 366.2, 
1052, 85, 127, 1911, 714, 968, 876, 1071, 2096, 1769, 1269, 1, 
3, 3, 3, 1, 1, 1, 2, 1, 1, 4, 100, 100, 100, 100, 100, 100, 100, 
100, 100, 100, 100, 2500, 2500, 2500, 2500, 2500, 2500, 2500, 
2500, 2500, 2500, 2500, 9499.348, 11585.414, 12140.066, 12993.423, 
15037.942, 15832.423, 20920.352, 21741.879, 24633.733, 24300.414, 
28552.16, 1, 1, 1, 1, 1, 1, 1, 1, 1, 1, 1, 0.33333, 0.33333, 
0.33333, 0.33333, 0.33333, 0.33333, 0.33333, 0.33333, 0.33333, 
0.33333, 0.33333, 0, 0, 0, 0, 0, 0, 0, 0, 0, 0, 0, 0, 0, 0, 0, 
0, 0, 0, 0, 0, 0, 0, 0.9204, 0.92039, 0.92444, 0.91827, 0.91846, 
0.91866, 0.91587, 0.91534, 0.91393, 0.916, 0.91616, 0.9204, 0.91896, 
0.92312, 0.91706, 0.91846, 0.91866, 0.91587, 0.91534, 0.91393, 
0.916, 0.91694, 0.0437, 0.0519, 0.0609, 0.0658, 0.0732, 0.0846, 
0.0968, 0.1081, 0.1195, 0.1375, 0.1618, 130.4, 146.6, 148.2, 
164, 172.1, 187.8, 202.6, 216.3, 231.6, 250.2, 260.9, 1, 1, 1, 
1, 1, 1, 1, 1, 1, 1, 1, 1, 1, 1, 1, 1, 1, 1, 1, 1, 1, 1, 1, 1, 
1, 1, 1, 1, 1, 1, 1, 1, 1, 1, 1, 1, 1, 1, 1, 1, 1, 1, 1, 1, 2.917, 
2.951, 3.213, 3.012, 3.064, 3.263, 4.022, 4.119, 3.613, 3.768, 
4.278), .Dim = c(11L, 40L), .Dimnames = list(NULL, c("Sampling", 
"PSO.cost", "PSO.gamma", "PSO.data.balancing", "PSO.feature.selection", 
"PSO.valid.acc", "PSO.test.acc", "PSO.train.time", "PSO.n.support.vectors", 
"PSO.index", "PSO.n.solutions", "PSO.generations", "PSO.n.evaluations", 
"PSO.cpu.time", "RS.cost", "RS.gamma", "RS.data.balancing", "RS.feature.selection", 
"RS.valid.acc", "RS.test.acc", "RS.train.time", "RS.n.support.vectors", 
"RS.index", "RS.n.solutions", "RS.generations", "RS.n.evaluations", 
"RS.cpu.time", "DF.cost", "DF.gamma", "DF.data.balancing", "DF.feature.selection", 
"DF.valid.acc", "DF.test.acc", "DF.train.time", "DF.n.support.vectors", 
"DF.index", "DF.n.solutions", "DF.generations", "DF.n.evaluations", 
"DF.cpu.time")))
