full <-
structure(c(50, 55, 60, 65, 70, 75, 80, 85, 90, 95, 100, 0.03672, 
0.64392, 1, 0.84517, 0.27258, 0.26617, 0.32938, 0.35522, 0.14777, 
0.31766, -0.44423, 2.74173, 0.41777, 0.33333, 1.53317, -0.70583, 
0.57861, 1.49585, 1.92754, 1.23522, -0.17646, 1.08563, 0, 0, 
0, 0, 0, 0, 0, 0, 0, 0, 0, 0, 0, 0, 0, 0, 0, 0, 0, 0, 0, 0, 0.91548, 
0.91617, 0.9178, 0.9182, 0.9173, 0.91441, 0.91784, 0.92175, 0.92088, 
0.91766, 0.92088, 0.91548, 0.91617, 0.9178, 0.91217, 0.91618, 
0.91337, 0.91298, 0.91899, 0.92088, 0.91765, 0.92088, 0.1426, 
0.0579, 0.0669, 0.1277, 0.0882, 0.1017, 0.1722, 0.2326, 0.1788, 
0.1436, 0.1819, 425.9, 204.8, 160.3, 347.2, 194.5, 267, 403, 
485.4, 384.7, 270.9, 391.1, 942, 98, 1, 313, 55, 2101, 558, 1309, 
451, 435, 142, 51, 184, 1903, 94, 121, 1908, 61, 96, 767, 472, 
447, 100, 100, 100, 100, 100, 100, 100, 100, 100, 100, 100, 2500, 
2500, 2500, 2500, 2500, 2500, 2500, 2500, 2500, 2500, 2500, 10650.196, 
16800.849, 14904.762, 12832.185, 11446.534, 16206.796, 18520.448, 
18663.067, 14554.713, 14744.527, 18006.611, 0.03593, 0.1558, 
2.95101, 1.10279, -0.31392, 1.2649, 0.17369, 0.17138, 0.07457, 
0.10946, 0.64565, 2.34985, 1.30588, -7.23795, 1.98692, 0.36973, 
-11.3265, 1.36853, 1.2038, 1.10843, 0.5121, -0.31613, 0, 0, 0, 
0, 0, 0, 0, 0, 0, 0, 0, 0, 0, 0, 0, 0, 0, 0, 0, 0, 0, 0, 0.91548, 
0.91625, 0.9178, 0.91581, 0.9173, 0.91441, 0.91784, 0.92083, 
0.92001, 0.91766, 0.92011, 0.91548, 0.91625, 0.9178, 0.91335, 
0.91618, 0.91441, 0.91686, 0.91898, 0.92001, 0.91682, 0.91933, 
0.1226, 0.0832, 0.0751, 0.1454, 0.086, 0.0509, 0.1628, 0.1581, 
0.1692, 0.1584, 0.1577, 389.8, 283.5, 229.9, 409.6, 233.5, 125.2, 
381.6, 357.2, 367.4, 314.2, 270.1, 758, 1121, 1, 880, 764, 4, 
2211, 1164, 709, 35, 883, 1, 1, 1567, 1, 3, 1442, 1, 4, 2, 2, 
1, 100, 100, 100, 100, 100, 100, 100, 100, 100, 100, 100, 2500, 
2500, 2500, 2500, 2500, 2500, 2500, 2500, 2500, 2500, 2500, 14579.001, 
16897.856, 18461.091, 19416.813, 21435.535, 24000.595, 24862.412, 
25404.414, 26688.232, 30054.202, 29965.841, 1, 1, 1, 1, 1, 1, 
1, 1, 1, 1, 1, 0.33333, 0.33333, 0.33333, 0.33333, 0.33333, 0.33333, 
0.33333, 0.33333, 0.33333, 0.33333, 0.33333, 0, 0, 0, 0, 0, 0, 
0, 0, 0, 0, 0, 0, 0, 0, 0, 0, 0, 0, 0, 0, 0, 0, 0.91397, 0.91488, 
0.9178, 0.91574, 0.91618, 0.91441, 0.91588, 0.91716, 0.91566, 
0.91435, 0.91696, 0.91397, 0.91488, 0.9178, 0.91574, 0.91618, 
0.91441, 0.91588, 0.91716, 0.91566, 0.91435, 0.91696, 0.0523, 
0.0585, 0.0648, 0.0808, 0.0928, 0.0992, 0.1133, 0.123, 0.1339, 
0.1458, 0.1639, 141.9, 151.7, 160.3, 180, 190.2, 209.1, 218.4, 
228, 238.9, 247.7, 260.7, 1, 1, 1, 1, 1, 1, 1, 1, 1, 1, 1, 1, 
1, 1, 1, 1, 1, 1, 1, 1, 1, 1, 1, 1, 1, 1, 1, 1, 1, 1, 1, 1, 1, 
1, 1, 1, 1, 1, 1, 1, 1, 1, 1, 1, 3.856, 3.795, 3.753, 4.173, 
4.382, 4.223, 4.468, 4.6, 4.767, 4.768, 5.082), .Dim = c(11L, 
40L), .Dimnames = list(NULL, c("Sampling", "PSO.cost", "PSO.gamma", 
"PSO.data.balancing", "PSO.feature.selection", "PSO.valid.acc", 
"PSO.test.acc", "PSO.train.time", "PSO.n.support.vectors", "PSO.index", 
"PSO.n.solutions", "PSO.generations", "PSO.n.evaluations", "PSO.cpu.time", 
"RS.cost", "RS.gamma", "RS.data.balancing", "RS.feature.selection", 
"RS.valid.acc", "RS.test.acc", "RS.train.time", "RS.n.support.vectors", 
"RS.index", "RS.n.solutions", "RS.generations", "RS.n.evaluations", 
"RS.cpu.time", "DF.cost", "DF.gamma", "DF.data.balancing", "DF.feature.selection", 
"DF.valid.acc", "DF.test.acc", "DF.train.time", "DF.n.support.vectors", 
"DF.index", "DF.n.solutions", "DF.generations", "DF.n.evaluations", 
"DF.cpu.time")))
