full <-
structure(c(50, 55, 60, 65, 70, 75, 80, 85, 90, 95, 100, 3.8635, 
3.7416, 4.02586, 3.18066, 2.8541, 3.68391, 1.80757, 8.48516, 
2.85484, 2.17365, 4.01231, -7.78889, -7.54355, -7.95344, -8.55479, 
-8.54285, -7.64954, -7.41605, -6.76858, -7.33572, -7.07149, -7.20475, 
0, 0, 0, 0, 0, 0, 0, 0, 0, 0, 0, 0, 0, 0, 0, 0, 0, 0, 0, 0, 0, 
0, 0.98505, 0.98576, 0.98635, 0.98715, 0.98754, 0.98885, 0.98799, 
0.99058, 0.98794, 0.98933, 0.98861, 0.98399, 0.98415, 0.98458, 
0.98441, 0.98602, 0.98838, 0.98665, 0.9887, 0.98695, 0.98877, 
0.98843, 1.7156, 2.138, 2.355, 2.5148, 3.1613, 3.2958, 3.928, 
4.642, 4.8023, 5.1957, 6.584, 695.6, 749.6, 757.9, 800.1, 863.2, 
858.8, 1012.8, 1059.2, 1012.6, 1095.3, 1059.5, 816, 632, 1285, 
734, 962, 1863, 726, 399, 763, 552, 1413, 10, 183, 57, 561, 213, 
69, 485, 850, 272, 452, 35, 100, 100, 100, 100, 100, 100, 100, 
100, 100, 100, 100, 2500, 2500, 2500, 2500, 2500, 2500, 2500, 
2500, 2500, 2500, 2500, 56587.392, 72711.166, 83499.802, 84898.6309999999, 
117725.796, 122291.665, 141852.134, 158315.281, 169680.913, 185498.968, 
222630.718, 11.02097, 8.28076, 10.8659, 2.95303, 4.42261, 6.48807, 
1.76486, 12.06084, 3.54354, 2.55017, 2.44615, -7.72107, -7.59549, 
-7.91327, -8.38314, -9.26322, -7.00952, -7.4143, -6.76311, -6.79696, 
-7.08277, -6.43957, 0, 0, 0, 0, 0, 0, 0, 0, 0, 0, 0, 0, 0, 0, 
0, 0, 0, 0, 0, 0, 0, 0, 0.9847, 0.98544, 0.98576, 0.98633, 0.98754, 
0.98861, 0.98799, 0.99058, 0.98774, 0.98914, 0.98826, 0.98399, 
0.98414, 0.98488, 0.98468, 0.98652, 0.98838, 0.98643, 0.9887, 
0.98834, 0.98876, 0.98861, 1.7388, 2.0824, 2.1896, 2.6717, 2.7848, 
3.3318, 3.9092, 5.1469, 4.748, 7.1147, 7.6702, 701.5, 746.7, 
750.2, 814.1, 758.4, 939.8, 1017.7, 1061, 1092.6, 1078, 1225.6, 
354, 345, 754, 758, 1026, 833, 2192, 1821, 2497, 1019, 956, 3, 
10, 7, 6, 1, 8, 1, 1, 1, 1, 1, 100, 100, 100, 100, 100, 100, 
100, 100, 100, 100, 100, 2500, 2500, 2500, 2500, 2500, 2500, 
2500, 2500, 2500, 2500, 2500, 140721.546, 193612.373, 210411.727, 
262426.595, 315661.483, 313569.823, 364257.187, 408428.997, 451001.174, 
524107.166, 584785.023, 1, 1, 1, 1, 1, 1, 1, 1, 1, 1, 1, 0.01613, 
0.01613, 0.01613, 0.01613, 0.01613, 0.01613, 0.01613, 0.01613, 
0.01613, 0.01613, 0.01613, 0, 0, 0, 0, 0, 0, 0, 0, 0, 0, 0, 0, 
0, 0, 0, 0, 0, 0, 0, 0, 0, 0, 0.97934, 0.97994, 0.98102, 0.97946, 
0.98144, 0.9834, 0.98331, 0.98598, 0.98438, 0.98558, 0.98487, 
0.98076, 0.97993, 0.98281, 0.98111, 0.98297, 0.98363, 0.98442, 
0.98577, 0.98458, 0.9852, 0.98505, 2.5842, 3.8163, 3.2628, 4.9729, 
7.3641, 5.3057, 5.4582, 7.7539, 6.5665, 10.4709, 10.3738, 963.3, 
1011.1, 1077.7, 1128.9, 1186.3, 1227.9, 1278.9, 1320.6, 1379.1, 
1410.5, 1451, 1, 1, 1, 1, 1, 1, 1, 1, 1, 1, 1, 1, 1, 1, 1, 1, 
1, 1, 1, 1, 1, 1, 1, 1, 1, 1, 1, 1, 1, 1, 1, 1, 1, 1, 1, 1, 1, 
1, 1, 1, 1, 1, 1, 1, 31.659, 44.555, 38.212, 57.728, 83.08, 62.063, 
62.134, 87.969, 74.488, 118.419, 117.668), .Dim = c(11L, 40L), .Dimnames = list(
    NULL, c("Sampling", "PSO.cost", "PSO.gamma", "PSO.data.balancing", 
    "PSO.feature.selection", "PSO.valid.acc", "PSO.test.acc", 
    "PSO.train.time", "PSO.n.support.vectors", "PSO.index", "PSO.n.solutions", 
    "PSO.generations", "PSO.n.evaluations", "PSO.cpu.time", "RS.cost", 
    "RS.gamma", "RS.data.balancing", "RS.feature.selection", 
    "RS.valid.acc", "RS.test.acc", "RS.train.time", "RS.n.support.vectors", 
    "RS.index", "RS.n.solutions", "RS.generations", "RS.n.evaluations", 
    "RS.cpu.time", "DF.cost", "DF.gamma", "DF.data.balancing", 
    "DF.feature.selection", "DF.valid.acc", "DF.test.acc", "DF.train.time", 
    "DF.n.support.vectors", "DF.index", "DF.n.solutions", "DF.generations", 
    "DF.n.evaluations", "DF.cpu.time")))
