full <-
structure(c(50, 55, 60, 65, 70, 75, 80, 85, 90, 95, 100, 4.22955, 
2.02624, 1.74947, 3.9541, 6.38392, 2.53559, 3.04057, 2.23204, 
3.81939, 2.45004, 3.94893, -8.62174, -6.72484, -6.34672, -8.23189, 
-6.21662, -6.46344, -5.95473, -7.11097, -7.33176, -6.63235, -7.24441, 
0, 0, 0, 0, 0, 0, 0, 0, 0, 0, 0, 0, 0, 0, 0, 0, 0, 0, 0, 0, 0, 
0, 0.98403, 0.98383, 0.98634, 0.9874, 0.9883, 0.98932, 0.98777, 
0.98828, 0.98952, 0.99064, 0.99003, 0.98152, 0.98284, 0.98516, 
0.98767, 0.98678, 0.98837, 0.98688, 0.98807, 0.98913, 0.98839, 
0.98719, 1.6597, 2.3586, 4.3016, 2.3828, 3.896, 3.9167, 5.4664, 
4.7487, 4.5816, 5.9395, 5.5983, 645.9, 852.3, 947.1, 739.8, 1041.7, 
1027.4, 1189.6, 1016.4, 966.1, 1147, 1044.3, 701, 250, 2146, 
1248, 291, 897, 898, 868, 599, 1050, 648, 126, 656, 222, 123, 
435, 562, 80, 70, 103, 157, 501, 100, 100, 100, 100, 100, 100, 
100, 100, 100, 100, 100, 2500, 2500, 2500, 2500, 2500, 2500, 
2500, 2500, 2500, 2500, 2500, 58180.286, 81612.623, 105178.564, 
88678.683, 125074.947, 126202.72, 169161.385, 156447.539, 168250.765, 
190092.308, 185309.731000001, 1.85993, 1.97704, 2.29966, 3.88541, 
6.82128, 2.28957, 3.00411, 2.3096, 3.62231, 2.59917, 3.64976, 
-7.19992, -6.77361, -6.20595, -8.1075, -6.22857, -6.36548, -5.95921, 
-7.10485, -7.208, -6.76851, -7.24638, 0, 0, 0, 0, 0, 0, 0, 0, 
0, 0, 0, 0, 0, 0, 0, 0, 0, 0, 0, 0, 0, 0, 0.98366, 0.98383, 0.98575, 
0.98712, 0.98805, 0.98909, 0.98777, 0.98807, 0.98932, 0.99026, 
0.98968, 0.98294, 0.98219, 0.98516, 0.98739, 0.98703, 0.98837, 
0.98688, 0.98786, 0.98952, 0.98895, 0.98772, 1.9472, 2.556, 3.0214, 
2.4064, 3.86, 4.0459, 5.6328, 4.5467, 4.3126, 6.2457, 5.6873, 
783.8, 851.5, 962.1, 749, 1038.1, 1049.1, 1188.3, 1012.2, 988.9, 
1120.5, 1047.4, 807, 144, 1550, 354, 446, 955, 1507, 1712, 1485, 
1207, 2356, 1, 1, 3, 1, 5, 1, 1, 1, 1, 1, 1, 100, 100, 100, 100, 
100, 100, 100, 100, 100, 100, 100, 2500, 2500, 2500, 2500, 2500, 
2500, 2500, 2500, 2500, 2500, 2500, 139482.196, 210110.932, 229970.271, 
247758.188, 267288.816, 309769.646, 339017.78, 377464.838, 442484.498, 
507351.622, 551430.393, 1, 1, 1, 1, 1, 1, 1, 1, 1, 1, 1, 0.01613, 
0.01613, 0.01613, 0.01613, 0.01613, 0.01613, 0.01613, 0.01613, 
0.01613, 0.01613, 0.01613, 0, 0, 0, 0, 0, 0, 0, 0, 0, 0, 0, 0, 
0, 0, 0, 0, 0, 0, 0, 0, 0, 0, 0.97868, 0.9809, 0.98367, 0.98136, 
0.98576, 0.98506, 0.98465, 0.98556, 0.98616, 0.98539, 0.98523, 
0.97868, 0.98025, 0.98308, 0.98219, 0.985, 0.98434, 0.98576, 
0.98493, 0.98577, 0.98464, 0.98488, 2.498, 4.656, 3.7803, 3.8995, 
4.3987, 5.155, 5.825, 6.4998, 7.0263, 9.7569, 8.2671, 965.1, 
1024, 1080.7, 1122, 1175.4, 1225.8, 1277.1, 1316.8, 1371.8, 1413.6, 
1446.1, 1, 1, 1, 1, 1, 1, 1, 1, 1, 1, 1, 1, 1, 1, 1, 1, 1, 1, 
1, 1, 1, 1, 1, 1, 1, 1, 1, 1, 1, 1, 1, 1, 1, 1, 1, 1, 1, 1, 1, 
1, 1, 1, 1, 1, 30.084, 53.746, 43.842, 45.235, 50.755, 59.156, 
66.222, 73.882, 80.195, 110.887, 93.909), .Dim = c(11L, 40L), .Dimnames = list(
    NULL, c("Sampling", "PSO.cost", "PSO.gamma", "PSO.data.balancing", 
    "PSO.feature.selection", "PSO.valid.acc", "PSO.test.acc", 
    "PSO.train.time", "PSO.n.support.vectors", "PSO.index", "PSO.n.solutions", 
    "PSO.generations", "PSO.n.evaluations", "PSO.cpu.time", "RS.cost", 
    "RS.gamma", "RS.data.balancing", "RS.feature.selection", 
    "RS.valid.acc", "RS.test.acc", "RS.train.time", "RS.n.support.vectors", 
    "RS.index", "RS.n.solutions", "RS.generations", "RS.n.evaluations", 
    "RS.cpu.time", "DF.cost", "DF.gamma", "DF.data.balancing", 
    "DF.feature.selection", "DF.valid.acc", "DF.test.acc", "DF.train.time", 
    "DF.n.support.vectors", "DF.index", "DF.n.solutions", "DF.generations", 
    "DF.n.evaluations", "DF.cpu.time")))
