full <-
structure(c(50, 55, 60, 65, 70, 75, 80, 85, 90, 95, 100, 1.48117, 
2.6546, 1.567, 2.48393, 4.07723, 3.08185, 8.75403, 2.40353, 2.41368, 
3.41421, 4.38364, -6.06652, -6.51201, -6.09269, -6.23669, -7.84772, 
-7.32483, -6.45404, -7.18057, -7.00263, -6.9299, -7.46048, 0, 
0, 0, 0, 0, 0, 0, 0, 0, 0, 0, 0, 0, 0, 0, 0, 0, 0, 0, 0, 0, 0, 
0.98506, 0.98707, 0.98755, 0.9885, 0.98983, 0.98909, 0.9891, 
0.98974, 0.99011, 0.98914, 0.98968, 0.98506, 0.9861, 0.98696, 
0.98905, 0.98831, 0.9898, 0.98687, 0.9887, 0.98932, 0.98895, 
0.9895, 2.3199, 2.4279, 3.2377, 3.4462, 2.7338, 3.4305, 6.1358, 
5.0496, 4.6653, 5.9327, 5.2116, 904.6, 867.9, 998.5, 1006.9, 
796.1, 903.5, 1080.5, 1002.2, 1047.7, 1079.7, 1001.5, 760, 483, 
1561, 631, 1204, 881, 109, 1113, 852, 537, 2450, 548, 703, 26, 
542, 137, 77, 1304, 496, 379, 291, 1, 100, 100, 100, 100, 100, 
100, 100, 100, 100, 100, 100, 2500, 2500, 2500, 2500, 2500, 2500, 
2500, 2500, 2500, 2500, 2500, 73972.017, 79668.576, 99049.061, 
109720.118, 110658.701, 118411.085, 193523.978, 167352.04, 158010.448, 
186756.945, 162444.385000001, 1.16312, 2.41683, 2.71351, 2.61866, 
4.22222, 3.71991, 14.85103, 3.15962, 3.29666, 3.2938, 4.22208, 
-6.20147, -6.44124, -6.08583, -6.28003, -7.95898, -7.19999, -6.44827, 
-7.69875, -7.11044, -7.13028, -7.40975, 0, 0, 0, 0, 0, 0, 0, 
0, 0, 0, 0, 0, 0, 0, 0, 0, 0, 0, 0, 0, 0, 0, 0.9847, 0.98707, 
0.98666, 0.98823, 0.98958, 0.98885, 0.9891, 0.98932, 0.98932, 
0.98914, 0.98932, 0.98577, 0.98643, 0.98755, 0.98878, 0.98831, 
0.98838, 0.98687, 0.98849, 0.98833, 0.98989, 0.98914, 2.2262, 
2.4641, 3.1758, 3.4689, 2.7565, 3.182, 5.5589, 4.4974, 4.7971, 
5.2707, 4.8632, 891.6, 878, 991.7, 998.4, 783.8, 906.2, 1081.5, 
917.8, 1008.9, 1044.4, 1008.1, 201, 1722, 1762, 586, 1383, 305, 
76, 1119, 313, 2294, 688, 2, 1, 1, 1, 2, 1, 6, 2, 4, 1, 1, 100, 
100, 100, 100, 100, 100, 100, 100, 100, 100, 100, 2500, 2500, 
2500, 2500, 2500, 2500, 2500, 2500, 2500, 2500, 2500, 131006.883, 
170406.158, 203774.596, 242981.533, 303405.717, 302636.813, 404865.53, 
438689.079, 432186.866, 506049.287, 531051.251999999, 1, 1, 1, 
1, 1, 1, 1, 1, 1, 1, 1, 0.01613, 0.01613, 0.01613, 0.01613, 0.01613, 
0.01613, 0.01613, 0.01613, 0.01613, 0.01613, 0.01613, 0, 0, 0, 
0, 0, 0, 0, 0, 0, 0, 0, 0, 0, 0, 0, 0, 0, 0, 0, 0, 0, 0, 0.98257, 
0.98351, 0.98368, 0.98412, 0.98399, 0.98434, 0.98599, 0.98493, 
0.98576, 0.98596, 0.98648, 0.98257, 0.98157, 0.98398, 0.98413, 
0.98526, 0.98435, 0.98554, 0.98619, 0.98577, 0.98539, 0.98648, 
2.4922, 2.9665, 3.4626, 4.2501, 6.5808, 6.9852, 7.0562, 9.6378, 
9.0592, 7.9712, 8.2308, 966.7, 1021.5, 1079.1, 1132, 1181.1, 
1230, 1278.6, 1332.4, 1362.2, 1409.4, 1452.2, 1, 1, 1, 1, 1, 
1, 1, 1, 1, 1, 1, 1, 1, 1, 1, 1, 1, 1, 1, 1, 1, 1, 1, 1, 1, 1, 
1, 1, 1, 1, 1, 1, 1, 1, 1, 1, 1, 1, 1, 1, 1, 1, 1, 1, 29.732, 
34.894, 40.291, 49.152, 74.718, 80.432, 81.613, 108.761, 102.796, 
89.714, 92.749), .Dim = c(11L, 40L), .Dimnames = list(NULL, c("Sampling", 
"PSO.cost", "PSO.gamma", "PSO.data.balancing", "PSO.feature.selection", 
"PSO.valid.acc", "PSO.test.acc", "PSO.train.time", "PSO.n.support.vectors", 
"PSO.index", "PSO.n.solutions", "PSO.generations", "PSO.n.evaluations", 
"PSO.cpu.time", "RS.cost", "RS.gamma", "RS.data.balancing", "RS.feature.selection", 
"RS.valid.acc", "RS.test.acc", "RS.train.time", "RS.n.support.vectors", 
"RS.index", "RS.n.solutions", "RS.generations", "RS.n.evaluations", 
"RS.cpu.time", "DF.cost", "DF.gamma", "DF.data.balancing", "DF.feature.selection", 
"DF.valid.acc", "DF.test.acc", "DF.train.time", "DF.n.support.vectors", 
"DF.index", "DF.n.solutions", "DF.generations", "DF.n.evaluations", 
"DF.cpu.time")))
