full <-
structure(c(50, 55, 60, 65, 70, 75, 80, 85, 90, 95, 100, 3.11222, 
2.07397, 2.86303, 3.51977, 5.23035, 3.11145, 2.88235, 2.05235, 
1.54472, 2.25901, 2.94291, -7.14522, -7.3654, -7.35236, -7.96462, 
-7.91027, -6.67583, -6.90041, -6.83547, -6.48567, -6.57436, -7.22699, 
0, 0, 0, 0, 0, 0, 0, 0, 0, 0, 0, 0, 0, 0, 0, 0, 0, 0, 0, 0, 0, 
0, 0.98539, 0.98448, 0.98518, 0.98632, 0.98831, 0.98837, 0.98888, 
0.98932, 0.98912, 0.98988, 0.98879, 0.98469, 0.98383, 0.98458, 
0.98331, 0.98729, 0.98671, 0.98777, 0.98974, 0.98893, 0.98857, 
0.98736, 1.9487, 2.2021, 2.4466, 2.5907, 2.82, 3.8745, 4.0107, 
4.9216, 6.0941, 9.5864, 6.244, 749.7, 809, 814.6, 786.9, 797.7, 
1003.5, 997.4, 1069.3, 1172.5, 1159.8, 1063.1, 1484, 1355, 2489, 
1533, 988, 1931, 822, 1463, 798, 2182, 887, 133, 130, 1, 81, 
310, 12, 524, 7, 271, 11, 262, 100, 100, 100, 100, 100, 100, 
100, 100, 100, 100, 100, 2500, 2500, 2500, 2500, 2500, 2500, 
2500, 2500, 2500, 2500, 2500, 64621.681, 74934.374, 87644.368, 
99994.691, 102993.122, 130460.414, 125442.627, 169181.262, 184669.131, 
275269.374, 225146.364, 2.79574, 1.7059, 9.5019, 3.25934, 4.2786, 
9.4617, 2.86656, 6.84579, 2.62856, 2.24469, 2.18653, -7.09838, 
-7.06109, -7.3587, -6.76729, -7.68802, -6.49644, -6.85881, -6.84231, 
-6.52054, -6.63308, -6.86039, 0, 0, 0, 0, 0, 0, 0, 0, 0, 0, 0, 
0, 0, 0, 0, 0, 0, 0, 0, 0, 0, 0, 0.98468, 0.98319, 0.98458, 0.98577, 
0.98755, 0.98766, 0.98866, 0.98912, 0.98873, 0.98951, 0.98861, 
0.98469, 0.98447, 0.98488, 0.98331, 0.98653, 0.98624, 0.98799, 
0.98933, 0.98893, 0.9882, 0.98754, 1.9599, 2.309, 2.2824, 3.0496, 
2.9497, 4.154, 4.8309, 4.5086, 6.4448, 11.4153, 8.5433, 758.3, 
845.4, 793, 924.3, 829.2, 1037.4, 1005.9, 1040, 1137.8, 1150.3, 
1145.6, 1754, 1218, 1485, 2200, 1775, 123, 2118, 1355, 201, 581, 
794, 2, 2, 4, 1, 1, 11, 1, 3, 2, 1, 3, 100, 100, 100, 100, 100, 
100, 100, 100, 100, 100, 100, 2500, 2500, 2500, 2500, 2500, 2500, 
2500, 2500, 2500, 2500, 2500, 143190.963, 168482.007, 210027.592, 
252406.412, 299172.035, 323779.105, 382431.276, 408477.327, 489780.592, 
566170.742000001, 600553.532, 1, 1, 1, 1, 1, 1, 1, 1, 1, 1, 1, 
0.01613, 0.01613, 0.01613, 0.01613, 0.01613, 0.01613, 0.01613, 
0.01613, 0.01613, 0.01613, 0.01613, 0, 0, 0, 0, 0, 0, 0, 0, 0, 
0, 0, 0, 0, 0, 0, 0, 0, 0, 0, 0, 0, 0, 0.97863, 0.97931, 0.97984, 
0.98139, 0.9817, 0.98339, 0.98532, 0.98702, 0.98635, 0.98652, 
0.98434, 0.9797, 0.97931, 0.97925, 0.98084, 0.98272, 0.98387, 
0.98399, 0.98598, 0.98576, 0.98614, 0.98559, 2.5842, 3.0382, 
3.3626, 4.4025, 4.68, 4.69, 7.4928, 6.5524, 7.7398, 11.1636, 
9.0485, 967.7, 1028.9, 1082.8, 1134.5, 1177.9, 1236.5, 1284.8, 
1326.8, 1369.1, 1408.8, 1450.7, 1, 1, 1, 1, 1, 1, 1, 1, 1, 1, 
1, 1, 1, 1, 1, 1, 1, 1, 1, 1, 1, 1, 1, 1, 1, 1, 1, 1, 1, 1, 1, 
1, 1, 1, 1, 1, 1, 1, 1, 1, 1, 1, 1, 1, 30.864, 36.736, 40.293, 
51.593, 54.708, 53.984, 85.381, 74.694, 88.721, 127.599, 102.231
), .Dim = c(11L, 40L), .Dimnames = list(NULL, c("Sampling", "PSO.cost", 
"PSO.gamma", "PSO.data.balancing", "PSO.feature.selection", "PSO.valid.acc", 
"PSO.test.acc", "PSO.train.time", "PSO.n.support.vectors", "PSO.index", 
"PSO.n.solutions", "PSO.generations", "PSO.n.evaluations", "PSO.cpu.time", 
"RS.cost", "RS.gamma", "RS.data.balancing", "RS.feature.selection", 
"RS.valid.acc", "RS.test.acc", "RS.train.time", "RS.n.support.vectors", 
"RS.index", "RS.n.solutions", "RS.generations", "RS.n.evaluations", 
"RS.cpu.time", "DF.cost", "DF.gamma", "DF.data.balancing", "DF.feature.selection", 
"DF.valid.acc", "DF.test.acc", "DF.train.time", "DF.n.support.vectors", 
"DF.index", "DF.n.solutions", "DF.generations", "DF.n.evaluations", 
"DF.cpu.time")))
