full <-
structure(c(50, 55, 60, 65, 70, 75, 80, 85, 90, 95, 100, 4.11545, 
2.55817, 3.09442, 3.76553, 2.6333, 3.19322, 2.25356, 5.56004, 
2.40446, 3.27095, 3.11367, -7.79548, -6.9062, -7.6801, -8.1301, 
-7.0563, -7.61724, -7.13163, -5.8689, -7.26648, -7.51162, -7.77757, 
0, 0, 0, 0, 0, 0, 0, 0, 0, 0, 0, 0, 0, 0, 0, 0, 0, 0, 0, 0, 0, 
0, 0.98364, 0.98609, 0.98607, 0.98631, 0.98652, 0.98814, 0.98822, 
0.98765, 0.98735, 0.98895, 0.98915, 0.98114, 0.98479, 0.98429, 
0.98302, 0.98576, 0.98719, 0.98689, 0.98702, 0.98735, 0.98745, 
0.98844, 1.7441, 2.3922, 2.4435, 2.6818, 3.2083, 3.3718, 4.1886, 
8.477, 5.8737, 5.7502, 5.0609, 689.7, 822.8, 779.3, 761.1, 913.9, 
873.4, 986.1, 1275.5, 1024, 977.8, 997.7, 2050, 2383, 1250, 890, 
443, 415, 1152, 34, 1478, 488, 939, 30, 11, 40, 33, 830, 318, 
484, 271, 12, 255, 158, 100, 100, 100, 100, 100, 100, 100, 100, 
100, 100, 100, 2500, 2500, 2500, 2500, 2500, 2500, 2500, 2500, 
2500, 2500, 2500, 59316.557, 87999.884, 85262.008, 104970.125, 
108450.22, 112498.378, 147116.044, 232317.794, 191483.253, 184829.293, 
172287.566, 4.17976, 3.24296, 2.96372, 4.22323, 3.21789, 3.15498, 
2.11269, 13.79753, 1.72393, 2.08067, 3.08305, -7.81949, -6.83419, 
-7.13492, -8.19049, -7.51235, -7.48952, -7.00591, -5.86676, -6.51538, 
-7.58351, -7.78376, 0, 0, 0, 0, 0, 0, 0, 0, 0, 0, 0, 0, 0, 0, 
0, 0, 0, 0, 0, 0, 0, 0, 0.98364, 0.98544, 0.98489, 0.98577, 0.98601, 
0.9879, 0.98778, 0.98765, 0.98676, 0.98877, 0.98897, 0.98114, 
0.98544, 0.98429, 0.98439, 0.98424, 0.98695, 0.98733, 0.98702, 
0.98715, 0.98633, 0.98844, 1.7628, 2.4395, 2.4715, 2.56, 3.0771, 
3.4175, 4.7168, 9.2, 6.3791, 5.2843, 5.6039, 687.1, 823.7, 825.2, 
743.4, 854.2, 887.2, 1005.6, 1275.6, 1156.2, 1059.7, 999.6, 1729, 
1628, 2348, 1858, 519, 1128, 2387, 2032, 2245, 1654, 1390, 1, 
2, 1, 1, 2, 2, 4, 1, 3, 1, 1, 100, 100, 100, 100, 100, 100, 100, 
100, 100, 100, 100, 2500, 2500, 2500, 2500, 2500, 2500, 2500, 
2500, 2500, 2500, 2500, 149667.018, 192520.295, 209730.861, 260991.25, 
275812.775, 324888.465, 348595.018, 419798.505, 454307.197, 487153.617, 
559568.575, 1, 1, 1, 1, 1, 1, 1, 1, 1, 1, 1, 0.01613, 0.01613, 
0.01613, 0.01613, 0.01613, 0.01613, 0.01613, 0.01613, 0.01613, 
0.01613, 0.01613, 0, 0, 0, 0, 0, 0, 0, 0, 0, 0, 0, 0, 0, 0, 0, 
0, 0, 0, 0, 0, 0, 0, 0.9758, 0.97993, 0.97837, 0.98166, 0.98119, 
0.98245, 0.98377, 0.98388, 0.98399, 0.98614, 0.98506, 0.97758, 
0.98057, 0.97985, 0.98167, 0.9817, 0.98245, 0.98466, 0.98326, 
0.98399, 0.98464, 0.9847, 2.5534, 4.4324, 3.7753, 4.4834, 5.4809, 
5.8025, 7.1168, 8.3734, 8.7286, 9.9186, 10.0064, 958.3, 1019.3, 
1076.4, 1128.6, 1182.6, 1234.3, 1284, 1330.2, 1377.6, 1408, 1457.3, 
1, 1, 1, 1, 1, 1, 1, 1, 1, 1, 1, 1, 1, 1, 1, 1, 1, 1, 1, 1, 1, 
1, 1, 1, 1, 1, 1, 1, 1, 1, 1, 1, 1, 1, 1, 1, 1, 1, 1, 1, 1, 1, 
1, 1, 30.864, 51.179, 44.097, 51.612, 63.127, 66.142, 80.938, 
94.463, 99.466, 111.506, 112.576), .Dim = c(11L, 40L), .Dimnames = list(
    NULL, c("Sampling", "PSO.cost", "PSO.gamma", "PSO.data.balancing", 
    "PSO.feature.selection", "PSO.valid.acc", "PSO.test.acc", 
    "PSO.train.time", "PSO.n.support.vectors", "PSO.index", "PSO.n.solutions", 
    "PSO.generations", "PSO.n.evaluations", "PSO.cpu.time", "RS.cost", 
    "RS.gamma", "RS.data.balancing", "RS.feature.selection", 
    "RS.valid.acc", "RS.test.acc", "RS.train.time", "RS.n.support.vectors", 
    "RS.index", "RS.n.solutions", "RS.generations", "RS.n.evaluations", 
    "RS.cpu.time", "DF.cost", "DF.gamma", "DF.data.balancing", 
    "DF.feature.selection", "DF.valid.acc", "DF.test.acc", "DF.train.time", 
    "DF.n.support.vectors", "DF.index", "DF.n.solutions", "DF.generations", 
    "DF.n.evaluations", "DF.cpu.time")))
