full <-
structure(c(50, 55, 60, 65, 70, 75, 80, 85, 90, 95, 100, 2.11436, 
5.62818, 2.60826, 3.68844, 2.96846, 1.85581, 2.83632, 1.42944, 
2.77369, 3.82614, 2.63057, -6.48545, -7.72491, -7.64733, -7.94809, 
-7.69835, -6.98547, -6.15465, -6.77864, -6.69202, -6.62163, -7.51263, 
0, 0, 0, 0, 0, 0, 0, 0, 0, 0, 0, 0, 0, 0, 0, 0, 0, 0, 0, 0, 0, 
0, 0.98398, 0.98479, 0.98547, 0.9852, 0.98626, 0.98601, 0.98777, 
0.98932, 0.98754, 0.98933, 0.98915, 0.98362, 0.98253, 0.98279, 
0.98219, 0.98423, 0.98459, 0.9871, 0.98743, 0.98794, 0.98877, 
0.98772, 2.0734, 1.9548, 2.5516, 2.4435, 2.8091, 6.8591, 6.1442, 
4.8372, 5.721, 6.7897, 6.596, 831.6, 719.1, 788.6, 774.5, 839, 
981.2, 1148.5, 1105.2, 1093.4, 1143.1, 1049.1, 649, 585, 2044, 
106, 750, 1746, 455, 403, 892, 1560, 835, 499, 91, 535, 464, 
384, 36, 359, 437, 176, 34, 518, 100, 100, 100, 100, 100, 100, 
100, 100, 100, 100, 100, 2500, 2500, 2500, 2500, 2500, 2500, 
2500, 2500, 2500, 2500, 2500, 67958.461, 83960.008, 88115.215, 
96968.653, 105048.655, 184959.514, 215500.365, 164221.346, 192377.732, 
221849.784, 220000.145, 2.18484, 11.25454, 2.67119, 3.55826, 
3.01687, 3.76663, 2.51934, 1.43429, 5.52773, 10.28446, 2.53106, 
-6.32975, -6.21593, -7.31341, -7.84831, -7.77134, -8.47791, -6.10082, 
-6.69069, -8.06437, -6.68871, -7.40261, 0, 0, 0, 0, 0, 0, 0, 
0, 0, 0, 0, 0, 0, 0, 0, 0, 0, 0, 0, 0, 0, 0, 0.98362, 0.98446, 
0.98517, 0.98465, 0.98626, 0.98577, 0.98732, 0.98932, 0.98696, 
0.98877, 0.98897, 0.98362, 0.98253, 0.98279, 0.98246, 0.98423, 
0.98388, 0.9871, 0.98764, 0.98656, 0.98802, 0.98772, 2.1508, 
2.7076, 2.5996, 2.6303, 2.9356, 3.1114, 8.5079, 4.9864, 4.6606, 
6.7548, 5.3665, 851.8, 919.5, 804.9, 783.1, 832, 808.4, 1160.3, 
1113.8, 879.9, 1125.1, 1067, 133, 167, 73, 309, 1035, 373, 912, 
870, 2012, 1757, 1644, 3, 9, 2, 3, 1, 2, 13, 2, 1, 8, 1, 100, 
100, 100, 100, 100, 100, 100, 100, 100, 100, 100, 2500, 2500, 
2500, 2500, 2500, 2500, 2500, 2500, 2500, 2500, 2500, 148076.903, 
210911.614, 245728.283, 252195.163, 356093.725, 379676.374, 388545.188, 
411358.66, 486537.051, 535734.755, 553847.215, 1, 1, 1, 1, 1, 
1, 1, 1, 1, 1, 1, 0.01613, 0.01613, 0.01613, 0.01613, 0.01613, 
0.01613, 0.01613, 0.01613, 0.01613, 0.01613, 0.01613, 0, 0, 0, 
0, 0, 0, 0, 0, 0, 0, 0, 0, 0, 0, 0, 0, 0, 0, 0, 0, 0, 0, 0.97936, 
0.98025, 0.98073, 0.98082, 0.98092, 0.98174, 0.98443, 0.98492, 
0.9828, 0.98371, 0.98594, 0.97971, 0.97864, 0.98043, 0.97999, 
0.98016, 0.98174, 0.98599, 0.98513, 0.98359, 0.98502, 0.98683, 
2.4042, 4.3168, 4.1569, 4.0427, 6.359, 6.9714, 6.281, 7.6913, 
10.6667, 10.5497, 8.8754, 965.6, 1017.6, 1079.6, 1151.1, 1197.2, 
1240.3, 1281, 1327.8, 1366.7, 1417.1, 1449.4, 1, 1, 1, 1, 1, 
1, 1, 1, 1, 1, 1, 1, 1, 1, 1, 1, 1, 1, 1, 1, 1, 1, 1, 1, 1, 1, 
1, 1, 1, 1, 1, 1, 1, 1, 1, 1, 1, 1, 1, 1, 1, 1, 1, 1, 29.944, 
50.817, 48.514, 46.764, 73.353, 80.943, 71.16, 86.851, 121.551, 
120.541, 100.71), .Dim = c(11L, 40L), .Dimnames = list(NULL, 
    c("Sampling", "PSO.cost", "PSO.gamma", "PSO.data.balancing", 
    "PSO.feature.selection", "PSO.valid.acc", "PSO.test.acc", 
    "PSO.train.time", "PSO.n.support.vectors", "PSO.index", "PSO.n.solutions", 
    "PSO.generations", "PSO.n.evaluations", "PSO.cpu.time", "RS.cost", 
    "RS.gamma", "RS.data.balancing", "RS.feature.selection", 
    "RS.valid.acc", "RS.test.acc", "RS.train.time", "RS.n.support.vectors", 
    "RS.index", "RS.n.solutions", "RS.generations", "RS.n.evaluations", 
    "RS.cpu.time", "DF.cost", "DF.gamma", "DF.data.balancing", 
    "DF.feature.selection", "DF.valid.acc", "DF.test.acc", "DF.train.time", 
    "DF.n.support.vectors", "DF.index", "DF.n.solutions", "DF.generations", 
    "DF.n.evaluations", "DF.cpu.time")))
