full <-
structure(c(50, 55, 60, 65, 70, 75, 80, 85, 90, 95, 100, 3.15602, 
4.33048, 2.07105, 3.14973, 2.09396, 2.54238, 4.19795, 2.84498, 
2.5057, 2.66068, 2.86952, -7.55434, -8.21781, -5.90698, -7.07631, 
-6.7004, -6.63443, -6.80158, -6.5637, -6.35736, -6.35815, -6.13561, 
0, 0, 0, 0, 0, 0, 0, 0, 0, 0, 0, 0, 0, 0, 0, 0, 0, 0, 0, 0, 0, 
0, 0.98649, 0.98802, 0.98873, 0.98741, 0.98856, 0.98908, 0.98955, 
0.98974, 0.98834, 0.9897, 0.9895, 0.98187, 0.98284, 0.98696, 
0.98741, 0.98728, 0.98576, 0.9871, 0.98932, 0.98695, 0.98876, 
0.98808, 1.7926, 2.0028, 4.2278, 2.8084, 3.9125, 3.9886, 5.7772, 
5.186, 7.0409, 8.8009, 8.4574, 722.3, 691.3, 1038.4, 876.6, 967.6, 
1008.6, 1007.1, 1094.4, 1180.3, 1200.6, 1300.4, 1833, 1311, 1867, 
959, 1059, 273, 489, 1364, 254, 1067, 1311, 29, 417, 44, 378, 
119, 920, 669, 134, 871, 126, 16, 100, 100, 100, 100, 100, 100, 
100, 100, 100, 100, 100, 2500, 2500, 2500, 2500, 2500, 2500, 
2500, 2500, 2500, 2500, 2500, 66081.767, 67236.515, 116349.576, 
97110.076, 128949.954, 136323.128, 165451.099, 175952.411, 231660.633, 
264473.6, 244283.109, 2.95197, 5.09528, 8.47222, 2.80615, 1.84647, 
2.603, 4.78552, 3.59558, 1.58175, 5.00749, 2.4938, -7.44081, 
-8.19283, -5.84575, -7.88127, -6.56576, -6.66121, -6.78447, -6.50307, 
-6.15969, -6.33356, -6.13996, 0, 0, 0, 0, 0, 0, 0, 0, 0, 0, 0, 
0, 0, 0, 0, 0, 0, 0, 0, 0, 0, 0, 0.98578, 0.9877, 0.98814, 0.98686, 
0.98779, 0.98908, 0.98932, 0.98953, 0.98833, 0.98951, 0.98915, 
0.98258, 0.98479, 0.98695, 0.98604, 0.98754, 0.986, 0.9871, 0.9889, 
0.98734, 0.9882, 0.98808, 1.8035, 1.9197, 3.932, 2.6968, 3.6606, 
4.5395, 7.4597, 5.6661, 8.4781, 8.8292, 9.1526, 735.3, 687.9, 
1046.9, 814.1, 992.5, 1003.9, 1008.9, 1107.3, 1242.6, 1203.2, 
1298.1, 1418, 382, 92, 1926, 572, 1225, 2158, 2193, 183, 298, 
2260, 2, 1, 9, 2, 1, 1, 1, 2, 1, 7, 1, 100, 100, 100, 100, 100, 
100, 100, 100, 100, 100, 100, 2500, 2500, 2500, 2500, 2500, 2500, 
2500, 2500, 2500, 2500, 2500, 155898.552, 192351.814, 219584.404, 
254567.977, 273392.953, 343252.135, 383186.554, 403972.344, 467131.595, 
508652.764, 549233.929, 1, 1, 1, 1, 1, 1, 1, 1, 1, 1, 1, 0.01613, 
0.01613, 0.01613, 0.01613, 0.01613, 0.01613, 0.01613, 0.01613, 
0.01613, 0.01613, 0.01613, 0, 0, 0, 0, 0, 0, 0, 0, 0, 0, 0, 0, 
0, 0, 0, 0, 0, 0, 0, 0, 0, 0, 0.97971, 0.98058, 0.98369, 0.98248, 
0.98372, 0.98362, 0.98577, 0.98409, 0.98537, 0.98502, 0.98416, 
0.98043, 0.97864, 0.98547, 0.98138, 0.98525, 0.98149, 0.98421, 
0.98514, 0.98557, 0.98464, 0.98594, 2.9494, 3.1732, 3.8087, 5.3166, 
5.6796, 7.795, 7.9486, 7.4928, 9.5654, 10.5563, 8.9545, 971.2, 
1028.6, 1083.6, 1130.4, 1172.2, 1219.3, 1261.6, 1321.6, 1366.5, 
1408, 1453.8, 1, 1, 1, 1, 1, 1, 1, 1, 1, 1, 1, 1, 1, 1, 1, 1, 
1, 1, 1, 1, 1, 1, 1, 1, 1, 1, 1, 1, 1, 1, 1, 1, 1, 1, 1, 1, 1, 
1, 1, 1, 1, 1, 1, 1, 35.186, 37.562, 44.294, 61.43, 64.826, 89.54, 
89.993, 85.051, 109.204, 119.072, 101.099), .Dim = c(11L, 40L
), .Dimnames = list(NULL, c("Sampling", "PSO.cost", "PSO.gamma", 
"PSO.data.balancing", "PSO.feature.selection", "PSO.valid.acc", 
"PSO.test.acc", "PSO.train.time", "PSO.n.support.vectors", "PSO.index", 
"PSO.n.solutions", "PSO.generations", "PSO.n.evaluations", "PSO.cpu.time", 
"RS.cost", "RS.gamma", "RS.data.balancing", "RS.feature.selection", 
"RS.valid.acc", "RS.test.acc", "RS.train.time", "RS.n.support.vectors", 
"RS.index", "RS.n.solutions", "RS.generations", "RS.n.evaluations", 
"RS.cpu.time", "DF.cost", "DF.gamma", "DF.data.balancing", "DF.feature.selection", 
"DF.valid.acc", "DF.test.acc", "DF.train.time", "DF.n.support.vectors", 
"DF.index", "DF.n.solutions", "DF.generations", "DF.n.evaluations", 
"DF.cpu.time")))
