full <-
structure(c(50, 55, 60, 65, 70, 75, 80, 85, 90, 95, 100, 1.56656, 
3.06181, 2.93725, 2.87415, 2.74082, 2.79389, 3.52401, 2.93096, 
2.34183, 3.11878, 3.82508, -7.01164, -7.93453, -8.1392, -7.6018, 
-8.11585, -7.20236, -7.70388, -7.06756, -6.04983, -6.32135, -8.20067, 
0, 0, 0, 0, 0, 0, 0, 0, 0, 0, 0, 0, 0, 0, 0, 0, 0, 0, 0, 0, 0, 
0, 0.98327, 0.98124, 0.98577, 0.98578, 0.9878, 0.98672, 0.98755, 
0.98828, 0.98834, 0.98914, 0.98968, 0.98149, 0.98286, 0.9828, 
0.9825, 0.98627, 0.98695, 0.98666, 0.98681, 0.98754, 0.98783, 
0.98719, 1.9431, 2.0391, 2.3125, 2.8739, 3.0355, 3.4223, 3.5596, 
4.3353, 6.5008, 9.287, 4.7275, 784.1, 712.2, 757.9, 812.5, 846.1, 
928.1, 881, 1012.8, 1254.7, 1215.7, 942.3, 23, 423, 495, 423, 
815, 543, 826, 1006, 2381, 1221, 2213, 32, 265, 331, 273, 273, 
419, 384, 409, 2, 26, 1, 100, 100, 100, 100, 100, 100, 100, 100, 
100, 100, 100, 2500, 2500, 2500, 2500, 2500, 2500, 2500, 2500, 
2500, 2500, 2500, 66015.262, 71876.058, 80833.412, 106428.165, 
106526.27, 120984.216, 136866.158, 147707.763, 202679.363, 253373.925, 
184413.776, 2.12968, 3.34502, 3.27912, 2.45265, 2.78406, 3.52989, 
3.69836, 1.12538, 1.94362, 3.6829, 3.32453, -7.29961, -8.39119, 
-8.15158, -7.54769, -8.13054, -7.48901, -7.88652, -5.73318, -6.61655, 
-6.38309, -8.20387, 0, 0, 0, 0, 0, 0, 0, 0, 0, 0, 0, 0, 0, 0, 
0, 0, 0, 0, 0, 0, 0, 0, 0.98326, 0.98091, 0.98518, 0.98441, 0.98755, 
0.98648, 0.98688, 0.98807, 0.98814, 0.98895, 0.98933, 0.98398, 
0.98221, 0.98221, 0.98277, 0.98627, 0.98671, 0.98644, 0.98702, 
0.98794, 0.98802, 0.98755, 1.8287, 1.9648, 2.278, 2.6903, 3.0449, 
3.3277, 3.7319, 6.6612, 7.0183, 7.5021, 5.4264, 744, 691.3, 740.3, 
836, 842.5, 876.1, 860.3, 1307, 1133.2, 1202.7, 971.8, 2245, 
1496, 1967, 508, 1896, 512, 2228, 974, 1434, 52, 780, 1, 1, 1, 
6, 2, 1, 1, 1, 2, 2, 1, 100, 100, 100, 100, 100, 100, 100, 100, 
100, 100, 100, 2500, 2500, 2500, 2500, 2500, 2500, 2500, 2500, 
2500, 2500, 2500, 147221.555, 194650.26, 209169.716, 245849.478, 
287753.095, 317673.678, 363314.757, 393841.583, 461712.284, 517061.138, 
536985.768999999, 1, 1, 1, 1, 1, 1, 1, 1, 1, 1, 1, 0.01613, 0.01613, 
0.01613, 0.01613, 0.01613, 0.01613, 0.01613, 0.01613, 0.01613, 
0.01613, 0.01613, 0, 0, 0, 0, 0, 0, 0, 0, 0, 0, 0, 0, 0, 0, 0, 
0, 0, 0, 0, 0, 0, 0, 0.97899, 0.97638, 0.97805, 0.98058, 0.98093, 
0.98172, 0.98266, 0.98451, 0.98458, 0.98503, 0.9863, 0.97792, 
0.97573, 0.97716, 0.98004, 0.98068, 0.9822, 0.984, 0.98514, 0.98339, 
0.98503, 0.98559, 2.5429, 3.3432, 4.0742, 4.4062, 5.6219, 5.3981, 
6.9387, 8.4179, 9.6747, 10.2054, 8.4929, 952.9, 1010.8, 1069.1, 
1123.4, 1183.4, 1232, 1284.3, 1327.8, 1376.7, 1416.8, 1455.4, 
1, 1, 1, 1, 1, 1, 1, 1, 1, 1, 1, 1, 1, 1, 1, 1, 1, 1, 1, 1, 1, 
1, 1, 1, 1, 1, 1, 1, 1, 1, 1, 1, 1, 1, 1, 1, 1, 1, 1, 1, 1, 1, 
1, 1, 30.317, 39.183, 47.139, 50.625, 63.541, 61.887, 78.753, 
95.187, 109.013, 114.967, 96.247), .Dim = c(11L, 40L), .Dimnames = list(
    NULL, c("Sampling", "PSO.cost", "PSO.gamma", "PSO.data.balancing", 
    "PSO.feature.selection", "PSO.valid.acc", "PSO.test.acc", 
    "PSO.train.time", "PSO.n.support.vectors", "PSO.index", "PSO.n.solutions", 
    "PSO.generations", "PSO.n.evaluations", "PSO.cpu.time", "RS.cost", 
    "RS.gamma", "RS.data.balancing", "RS.feature.selection", 
    "RS.valid.acc", "RS.test.acc", "RS.train.time", "RS.n.support.vectors", 
    "RS.index", "RS.n.solutions", "RS.generations", "RS.n.evaluations", 
    "RS.cpu.time", "DF.cost", "DF.gamma", "DF.data.balancing", 
    "DF.feature.selection", "DF.valid.acc", "DF.test.acc", "DF.train.time", 
    "DF.n.support.vectors", "DF.index", "DF.n.solutions", "DF.generations", 
    "DF.n.evaluations", "DF.cpu.time")))
