full <-
structure(c(50, 55, 60, 65, 70, 75, 80, 85, 90, 95, 100, 8.51472, 
9.18257, 3.19224, 2.93929, 3.17858, 3.01415, 3.16488, 3.5068, 
12.98685, 2.63487, 3.07416, -6.20683, -7.46749, -7.09496, -7.49761, 
-7.21837, -6.86982, -7.90243, -7.84929, -7.10608, -6.7246, -6.63955, 
0, 0, 0, 0, 0, 0, 0, 0, 0, 0, 0, 0, 0, 0, 0, 0, 0, 0, 0, 0, 0, 
0, 0.98506, 0.98544, 0.98725, 0.98686, 0.98576, 0.98695, 0.98843, 
0.99016, 0.98853, 0.98858, 0.98986, 0.98221, 0.98512, 0.98636, 
0.98521, 0.98321, 0.98599, 0.98732, 0.9889, 0.98616, 0.98839, 
0.98826, 2.268, 2.1249, 2.5676, 2.8206, 3.253, 3.7799, 3.6393, 
3.944, 4.8171, 8.8091, 7.3209, 902.1, 778, 860.5, 855.8, 911.8, 
979.7, 893.1, 900.1, 1024.8, 1127, 1169.8, 92, 203, 675, 693, 
616, 493, 1862, 2223, 354, 586, 735, 1415, 958, 399, 619, 256, 
160, 41, 2, 883, 679, 616, 100, 100, 100, 100, 100, 100, 100, 
100, 100, 100, 100, 2500, 2500, 2500, 2500, 2500, 2500, 2500, 
2500, 2500, 2500, 2500, 71824.68, 71052.338, 86521.0919999999, 
92783.754, 118095.751, 135503.391, 131556.841, 151833.489, 188484.272, 
232666.402, 227739.509, 12.45636, 6.78682, 3.52235, 2.92581, 
3.23662, 2.51315, 3.15268, 3.37293, 11.24678, 2.51104, 2.83382, 
-6.33892, -7.34827, -7.09229, -7.49633, -7.31708, -6.46307, -7.87616, 
-7.67251, -7.1001, -6.5864, -6.59723, 0, 0, 0, 0, 0, 0, 0, 0, 
0, 0, 0, 0, 0, 0, 0, 0, 0, 0, 0, 0, 0, 0, 0.98506, 0.98512, 0.98666, 
0.98686, 0.98551, 0.98695, 0.98777, 0.98932, 0.98853, 0.98802, 
0.98933, 0.98257, 0.98576, 0.98636, 0.98521, 0.98321, 0.98671, 
0.98732, 0.98869, 0.98616, 0.9882, 0.98826, 2.1709, 2.1908, 2.6305, 
2.8673, 3.2568, 4.0135, 3.617, 3.9335, 5.3125, 7.6573, 6.3497, 
883.9, 792.7, 859.8, 856.4, 898.7, 1057.4, 894.9, 918.7, 1026.1, 
1155.9, 1179.9, 403, 196, 467, 2402, 1420, 747, 1684, 522, 1293, 
1143, 189, 20, 14, 1, 1, 1, 1, 1, 3, 2, 1, 1, 100, 100, 100, 
100, 100, 100, 100, 100, 100, 100, 100, 2500, 2500, 2500, 2500, 
2500, 2500, 2500, 2500, 2500, 2500, 2500, 137460.635, 180326.618, 
233030.332, 249030.929, 290911.204, 323415.877, 354604.566, 415110.191, 
468023.805, 523692.504, 538632.279, 1, 1, 1, 1, 1, 1, 1, 1, 1, 
1, 1, 0.01613, 0.01613, 0.01613, 0.01613, 0.01613, 0.01613, 0.01613, 
0.01613, 0.01613, 0.01613, 0.01613, 0, 0, 0, 0, 0, 0, 0, 0, 0, 
0, 0, 0, 0, 0, 0, 0, 0, 0, 0, 0, 0, 0, 0.97937, 0.97799, 0.98073, 
0.98302, 0.9822, 0.98268, 0.9842, 0.98367, 0.98438, 0.98446, 
0.98577, 0.97829, 0.97994, 0.98043, 0.98111, 0.98118, 0.98362, 
0.98354, 0.98451, 0.98576, 0.98633, 0.9847, 2.556, 3.1167, 3.6909, 
5.1367, 4.9339, 5.8665, 7.2049, 8.2498, 9.5457, 9.9509, 10.7726, 
982.9, 1048.6, 1102.6, 1151.6, 1196.6, 1243.8, 1282.6, 1331.1, 
1378.5, 1410.4, 1457.1, 1, 1, 1, 1, 1, 1, 1, 1, 1, 1, 1, 1, 1, 
1, 1, 1, 1, 1, 1, 1, 1, 1, 1, 1, 1, 1, 1, 1, 1, 1, 1, 1, 1, 1, 
1, 1, 1, 1, 1, 1, 1, 1, 1, 1, 30.518, 36.477, 42.952, 58.655, 
56.47, 67.693, 81.865, 93.755, 108.797, 112.768, 122.024), .Dim = c(11L, 
40L), .Dimnames = list(NULL, c("Sampling", "PSO.cost", "PSO.gamma", 
"PSO.data.balancing", "PSO.feature.selection", "PSO.valid.acc", 
"PSO.test.acc", "PSO.train.time", "PSO.n.support.vectors", "PSO.index", 
"PSO.n.solutions", "PSO.generations", "PSO.n.evaluations", "PSO.cpu.time", 
"RS.cost", "RS.gamma", "RS.data.balancing", "RS.feature.selection", 
"RS.valid.acc", "RS.test.acc", "RS.train.time", "RS.n.support.vectors", 
"RS.index", "RS.n.solutions", "RS.generations", "RS.n.evaluations", 
"RS.cpu.time", "DF.cost", "DF.gamma", "DF.data.balancing", "DF.feature.selection", 
"DF.valid.acc", "DF.test.acc", "DF.train.time", "DF.n.support.vectors", 
"DF.index", "DF.n.solutions", "DF.generations", "DF.n.evaluations", 
"DF.cpu.time")))
