full <-
structure(c(50, 55, 60, 65, 70, 75, 80, 85, 90, 95, 100, 2.96022, 
4.14766, 4.311, 1.61521, 4.4405, 2.51546, 3.11834, 2.84766, 2.46688, 
14.31352, 2.46624, -7.79563, -7.04945, -8.32583, -6.14694, -7.17964, 
-8.05485, -7.93392, -6.62819, -6.98559, -6.47645, -6.93188, 0, 
0, 0, 0, 0, 0, 0, 0, 0, 0, 0, 0, 0, 0, 0, 0, 0, 0, 0, 0, 0, 0, 
0.9847, 0.98384, 0.98606, 0.98604, 0.98704, 0.98648, 0.98732, 
0.98869, 0.98952, 0.98914, 0.98986, 0.98114, 0.98221, 0.98369, 
0.98521, 0.98602, 0.98672, 0.98621, 0.98702, 0.98932, 0.98895, 
0.99021, 1.8331, 2.2382, 2.2189, 3.5576, 3.2742, 3.4162, 3.8259, 
5.1596, 5.5027, 8.0006, 9.4481, 709.3, 800.7, 722.2, 1027.2, 
887.7, 895.4, 894, 1080.9, 1061.9, 1164.8, 1121.5, 1297, 272, 
535, 1852, 260, 1809, 956, 608, 498, 1235, 975, 8, 356, 721, 
20, 338, 43, 300, 435, 750, 1, 596, 100, 100, 100, 100, 100, 
100, 100, 100, 100, 100, 100, 2500, 2500, 2500, 2500, 2500, 2500, 
2500, 2500, 2500, 2500, 2500, 67608.377, 79485.139, 79749.61, 
121862.822, 117473.239, 117816.687, 150624.66, 205321.137, 194309.573, 
226200.52, 266618.776, 3.11404, 4.03483, 4.4833, 1.724, 9.86948, 
2.56709, 3.59823, 2.95189, 2.44015, 8.86245, 3.98765, -8.02558, 
-7.0384, -8.50564, -6.18029, -6.98617, -7.93443, -7.64103, -6.79809, 
-6.85081, -6.40151, -7.0094, 0, 0, 0, 0, 0, 0, 0, 0, 0, 0, 0, 
0, 0, 0, 0, 0, 0, 0, 0, 0, 0, 0, 0.98434, 0.98384, 0.98547, 0.98576, 
0.98653, 0.98625, 0.9871, 0.98848, 0.98932, 0.98895, 0.98933, 
0.98221, 0.98221, 0.9837, 0.98576, 0.98552, 0.98696, 0.98577, 
0.98765, 0.98913, 0.98914, 0.98933, 1.7966, 2.3223, 2.2094, 3.8601, 
3.3923, 3.3833, 4.438, 4.9917, 6.4602, 8.0314, 7.1343, 697.3, 
801.4, 708.4, 1020.8, 914.7, 890.3, 901.9, 1050.6, 1081.1, 1181.4, 
1084.9, 138, 1677, 557, 920, 170, 1144, 2056, 1009, 1075, 190, 
1070, 2, 2, 1, 5, 6, 1, 4, 1, 1, 11, 1, 100, 100, 100, 100, 100, 
100, 100, 100, 100, 100, 100, 2500, 2500, 2500, 2500, 2500, 2500, 
2500, 2500, 2500, 2500, 2500, 153861.318, 186152.608, 216283.485, 
258004.015, 276929.485, 326880.43, 378325.202, 422844.695, 449794.667, 
493286.805, 592205.339, 1, 1, 1, 1, 1, 1, 1, 1, 1, 1, 1, 0.01613, 
0.01613, 0.01613, 0.01613, 0.01613, 0.01613, 0.01613, 0.01613, 
0.01613, 0.01613, 0.01613, 0, 0, 0, 0, 0, 0, 0, 0, 0, 0, 0, 0, 
0, 0, 0, 0, 0, 0, 0, 0, 0, 0, 0.97829, 0.98028, 0.9825, 0.9833, 
0.9845, 0.98268, 0.98376, 0.98555, 0.98517, 0.98577, 0.98506, 
0.97829, 0.98125, 0.9822, 0.98357, 0.98298, 0.98363, 0.98332, 
0.98472, 0.98498, 0.98577, 0.98523, 2.9439, 3.3483, 3.8577, 4.82, 
5.6288, 6.5381, 7.6633, 8.4084, 8.5259, 8.3578, 10.8958, 973, 
1025.8, 1073.1, 1115.3, 1178.7, 1221.6, 1267.4, 1317.9, 1368.4, 
1396.2, 1456.1, 1, 1, 1, 1, 1, 1, 1, 1, 1, 1, 1, 1, 1, 1, 1, 
1, 1, 1, 1, 1, 1, 1, 1, 1, 1, 1, 1, 1, 1, 1, 1, 1, 1, 1, 1, 1, 
1, 1, 1, 1, 1, 1, 1, 1, 35.399, 39.51, 44.482, 55.277, 64.487, 
75.389, 87.752, 94.808, 96.681, 94.631, 123.349), .Dim = c(11L, 
40L), .Dimnames = list(NULL, c("Sampling", "PSO.cost", "PSO.gamma", 
"PSO.data.balancing", "PSO.feature.selection", "PSO.valid.acc", 
"PSO.test.acc", "PSO.train.time", "PSO.n.support.vectors", "PSO.index", 
"PSO.n.solutions", "PSO.generations", "PSO.n.evaluations", "PSO.cpu.time", 
"RS.cost", "RS.gamma", "RS.data.balancing", "RS.feature.selection", 
"RS.valid.acc", "RS.test.acc", "RS.train.time", "RS.n.support.vectors", 
"RS.index", "RS.n.solutions", "RS.generations", "RS.n.evaluations", 
"RS.cpu.time", "DF.cost", "DF.gamma", "DF.data.balancing", "DF.feature.selection", 
"DF.valid.acc", "DF.test.acc", "DF.train.time", "DF.n.support.vectors", 
"DF.index", "DF.n.solutions", "DF.generations", "DF.n.evaluations", 
"DF.cpu.time")))
