full <-
structure(c(50, 55, 60, 65, 70, 75, 80, 85, 90, 95, 100, 2.67833, 
2.23846, 2.41037, 2.43958, 2.31907, 3.55551, 4.43877, 3.08733, 
3.06998, 2.74858, 2.95023, -7.24896, -6.23232, -6.04407, -6.79333, 
-6.99121, -6.32713, -7.07636, -7.07663, -7.13019, -7.31755, -6.45235, 
0, 0, 0, 0, 0, 0, 0, 0, 0, 0, 0, 0, 0, 0, 0, 0, 0, 0, 0, 0, 0, 
0, 0.98577, 0.98673, 0.98754, 0.98685, 0.98729, 0.98838, 0.98689, 
0.98849, 0.98952, 0.98877, 0.99057, 0.98398, 0.98543, 0.98605, 
0.98603, 0.9878, 0.98696, 0.9851, 0.98723, 0.98833, 0.98895, 
0.98932, 1.8694, 2.7906, 5.1726, 3.6859, 3.7118, 6.9398, 3.8153, 
4.7211, 5.2707, 4.9541, 6.7925, 734.7, 898.6, 978.2, 889.3, 917.2, 
1042.1, 947.3, 986.9, 1011.2, 1035.4, 1208.9, 845, 1574, 1170, 
1319, 774, 728, 793, 1411, 799, 1180, 1903, 108, 510, 86, 111, 
715, 186, 92, 58, 124, 77, 1, 100, 100, 100, 100, 100, 100, 100, 
100, 100, 100, 100, 2500, 2500, 2500, 2500, 2500, 2500, 2500, 
2500, 2500, 2500, 2500, 66040.849, 94731.409, 131751.181, 132909.755, 
127062.292, 231764.534, 127909.558, 174499.93, 234981.799, 190334.728, 
220823.762, 2.95755, 1.71503, 7.0791, 3.44375, 1.80588, 3.33059, 
1.49099, 2.88261, 3.10097, 2.96134, 2.15574, -7.22908, -6.50774, 
-6.04327, -6.68969, -6.84295, -6.27373, -7.19872, -6.73257, -7.17104, 
-6.98211, -6.33204, 0, 0, 0, 0, 0, 0, 0, 0, 0, 0, 0, 0, 0, 0, 
0, 0, 0, 0, 0, 0, 0, 0, 0.98576, 0.98673, 0.98724, 0.98631, 0.98704, 
0.98838, 0.98689, 0.98828, 0.98952, 0.98876, 0.99039, 0.98398, 
0.98381, 0.98605, 0.98494, 0.98729, 0.98696, 0.98443, 0.98765, 
0.98794, 0.98876, 0.98914, 1.85, 2.5048, 3.6165, 4.2576, 4.3769, 
4.5168, 4.4175, 9.1291, 4.8948, 5.8027, 7.478, 731.3, 867.6, 
978.7, 899.2, 950, 1053.3, 1027.1, 1044.8, 1004.4, 1065.6, 1245.9, 
1872, 1361, 739, 1764, 683, 1196, 1421, 1079, 1633, 1604, 1553, 
1, 2, 16, 3, 1, 1, 1, 1, 1, 1, 1, 100, 100, 100, 100, 100, 100, 
100, 100, 100, 100, 100, 2500, 2500, 2500, 2500, 2500, 2500, 
2500, 2500, 2500, 2500, 2500, 177669.195, 240851.098, 267886.809, 
290536.528, 330098.578, 327665.744, 366290.354, 514399.2, 483316.817, 
575304.487, 566583.723, 1, 1, 1, 1, 1, 1, 1, 1, 1, 1, 1, 0.01613, 
0.01613, 0.01613, 0.01613, 0.01613, 0.01613, 0.01613, 0.01613, 
0.01613, 0.01613, 0.01613, 0, 0, 0, 0, 0, 0, 0, 0, 0, 0, 0, 0, 
0, 0, 0, 0, 0, 0, 0, 0, 0, 0, 0.979, 0.98251, 0.98161, 0.98055, 
0.98297, 0.98293, 0.98444, 0.98514, 0.98576, 0.98539, 0.98648, 
0.98042, 0.98187, 0.98132, 0.98247, 0.98272, 0.98198, 0.98466, 
0.98514, 0.98457, 0.98577, 0.98647, 3.273, 5.163, 5.0266, 7.1591, 
6.3246, 5.3304, 6.5692, 12.6116, 8.1033, 9.9624, 9.7169, 950.3, 
996.8, 1053.2, 1108.3, 1163.1, 1207.2, 1261.3, 1309.8, 1352.7, 
1412.6, 1449.5, 1, 1, 1, 1, 1, 1, 1, 1, 1, 1, 1, 1, 1, 1, 1, 
1, 1, 1, 1, 1, 1, 1, 1, 1, 1, 1, 1, 1, 1, 1, 1, 1, 1, 1, 1, 1, 
1, 1, 1, 1, 1, 1, 1, 1, 40.157, 62.465, 58.987, 80.756, 73.956, 
60.962, 75.424, 143.266, 93.414, 113.398, 111.138), .Dim = c(11L, 
40L), .Dimnames = list(NULL, c("Sampling", "PSO.cost", "PSO.gamma", 
"PSO.data.balancing", "PSO.feature.selection", "PSO.valid.acc", 
"PSO.test.acc", "PSO.train.time", "PSO.n.support.vectors", "PSO.index", 
"PSO.n.solutions", "PSO.generations", "PSO.n.evaluations", "PSO.cpu.time", 
"RS.cost", "RS.gamma", "RS.data.balancing", "RS.feature.selection", 
"RS.valid.acc", "RS.test.acc", "RS.train.time", "RS.n.support.vectors", 
"RS.index", "RS.n.solutions", "RS.generations", "RS.n.evaluations", 
"RS.cpu.time", "DF.cost", "DF.gamma", "DF.data.balancing", "DF.feature.selection", 
"DF.valid.acc", "DF.test.acc", "DF.train.time", "DF.n.support.vectors", 
"DF.index", "DF.n.solutions", "DF.generations", "DF.n.evaluations", 
"DF.cpu.time")))
