full <-
structure(c(50, 55, 60, 65, 70, 75, 80, 85, 90, 95, 100, 4.45117, 
3.51604, 2.01784, 2.76425, 1.70734, 3.86066, 2.50511, 4.01729, 
2.47882, 2.47117, 2.59606, -7.55701, -6.52328, -6.23502, -6.68518, 
-5.62382, -6.65113, -5.82994, -6.67795, -7.40582, -7.35472, -6.81126, 
0, 0, 0, 0, 0, 0, 0, 0, 0, 0, 0, 0, 0, 0, 0, 0, 0, 0, 0, 0, 0, 
0, 0.98365, 0.98544, 0.98547, 0.9863, 0.98601, 0.98766, 0.988, 
0.98807, 0.98893, 0.98989, 0.98986, 0.98186, 0.9835, 0.98488, 
0.98603, 0.98474, 0.98599, 0.98643, 0.98723, 0.98814, 0.98839, 
0.9895, 1.7521, 2.7294, 3.118, 3.1139, 4.1844, 4.1799, 5.9985, 
4.5033, 4.3277, 4.6768, 8.9543, 708.2, 878.7, 963, 933, 1192.3, 
1016.4, 1231.2, 1078.2, 1015.6, 1038.2, 1141.5, 1753, 714, 1209, 
470, 615, 277, 646, 1722, 513, 1852, 1334, 14, 624, 592, 816, 
649, 241, 40, 13, 198, 18, 761, 100, 100, 100, 100, 100, 100, 
100, 100, 100, 100, 100, 2500, 2500, 2500, 2500, 2500, 2500, 
2500, 2500, 2500, 2500, 2500, 63284.463, 88159.322, 104146.365, 
105954.731, 137408.39, 141287.016, 170352.758, 141784.304, 148893.364, 
163777.924, 237689.243, 13.57436, 3.94242, 3.64507, 3.52267, 
2.29098, 1.42646, 11.3423, 3.97667, 2.63223, 2.23554, 2.71573, 
-7.53564, -6.55973, -6.88574, -6.68584, -5.74161, -6.13615, -5.90969, 
-6.77939, -7.45278, -6.90708, -7.00192, 0, 0, 0, 0, 0, 0, 0, 
0, 0, 0, 0, 0, 0, 0, 0, 0, 0, 0, 0, 0, 0, 0, 0.9833, 0.9848, 
0.98547, 0.98603, 0.98551, 0.98718, 0.98778, 0.98786, 0.98873, 
0.9897, 0.9895, 0.98186, 0.98382, 0.98488, 0.98576, 0.98398, 
0.98552, 0.98644, 0.98744, 0.98814, 0.9882, 0.98914, 1.8266, 
2.6956, 2.4737, 3.1167, 6.0851, 4.3161, 5.6168, 4.4749, 4.2528, 
5.2874, 8.1033, 709.7, 874.7, 864.5, 934.1, 1163.9, 1127.5, 1212, 
1056.6, 1002, 1109.2, 1108.2, 329, 1976, 1190, 868, 640, 1868, 
418, 2021, 435, 210, 212, 7, 1, 1, 3, 8, 5, 5, 1, 1, 1, 1, 100, 
100, 100, 100, 100, 100, 100, 100, 100, 100, 100, 2500, 2500, 
2500, 2500, 2500, 2500, 2500, 2500, 2500, 2500, 2500, 161076.245, 
192464.648, 204621.384, 247778.936, 311576.681, 311183.55, 353312.104, 
375704.251, 421194.545, 477304.584, 600781.156, 1, 1, 1, 1, 1, 
1, 1, 1, 1, 1, 1, 0.01613, 0.01613, 0.01613, 0.01613, 0.01613, 
0.01613, 0.01613, 0.01613, 0.01613, 0.01613, 0.01613, 0, 0, 0, 
0, 0, 0, 0, 0, 0, 0, 0, 0, 0, 0, 0, 0, 0, 0, 0, 0, 0, 0, 0.98008, 
0.97929, 0.98103, 0.98165, 0.98144, 0.98314, 0.98354, 0.98347, 
0.98458, 0.98558, 0.98505, 0.98008, 0.97994, 0.98013, 0.98138, 
0.98144, 0.9822, 0.98465, 0.98389, 0.98518, 0.98521, 0.98541, 
2.9351, 3.5356, 3.4533, 3.6925, 5.2284, 5.0057, 6.0942, 6.8004, 
6.9541, 10.7193, 11.0924, 964.2, 1022.9, 1077.1, 1125.8, 1180.7, 
1240.5, 1277.5, 1328.3, 1373.7, 1406.8, 1450.5, 1, 1, 1, 1, 1, 
1, 1, 1, 1, 1, 1, 1, 1, 1, 1, 1, 1, 1, 1, 1, 1, 1, 1, 1, 1, 1, 
1, 1, 1, 1, 1, 1, 1, 1, 1, 1, 1, 1, 1, 1, 1, 1, 1, 1, 35.539, 
41.244, 40.468, 42.897, 61.559, 57.345, 69.783, 77.413, 79.33, 
122.05, 126.182), .Dim = c(11L, 40L), .Dimnames = list(NULL, 
    c("Sampling", "PSO.cost", "PSO.gamma", "PSO.data.balancing", 
    "PSO.feature.selection", "PSO.valid.acc", "PSO.test.acc", 
    "PSO.train.time", "PSO.n.support.vectors", "PSO.index", "PSO.n.solutions", 
    "PSO.generations", "PSO.n.evaluations", "PSO.cpu.time", "RS.cost", 
    "RS.gamma", "RS.data.balancing", "RS.feature.selection", 
    "RS.valid.acc", "RS.test.acc", "RS.train.time", "RS.n.support.vectors", 
    "RS.index", "RS.n.solutions", "RS.generations", "RS.n.evaluations", 
    "RS.cpu.time", "DF.cost", "DF.gamma", "DF.data.balancing", 
    "DF.feature.selection", "DF.valid.acc", "DF.test.acc", "DF.train.time", 
    "DF.n.support.vectors", "DF.index", "DF.n.solutions", "DF.generations", 
    "DF.n.evaluations", "DF.cpu.time")))
