full <-
structure(c(50, 55, 60, 65, 70, 75, 80, 85, 90, 95, 100, 2.11962, 
2.27484, 3.28548, 1.3623, 2.66898, 3.13774, 2.95991, 2.61086, 
3.03986, 1.98462, 1.51868, -6.71103, -6.42436, -6.82462, -6.30564, 
-6.78155, -7.08257, -7.26584, -7.26629, -7.13291, -6.6846, -6.88696, 
0, 0, 0, 0, 0, 0, 0, 0, 0, 0, 0, 0, 0, 0, 0, 0, 0, 0, 0, 0, 0, 
0, 0.98506, 0.98576, 0.98636, 0.98576, 0.98805, 0.98742, 0.98932, 
0.98974, 0.98952, 0.98988, 0.99039, 0.98363, 0.98513, 0.98458, 
0.98467, 0.98576, 0.98695, 0.98687, 0.98869, 0.98774, 0.98876, 
0.98861, 2.012, 2.5428, 2.4752, 3.8299, 3.3995, 3.4748, 3.6979, 
4.0206, 5.1443, 5.3342, 7.7665, 797.8, 876.3, 858.2, 1000.2, 
945.1, 929.1, 950.1, 989.6, 1011.4, 1152.5, 1191.9, 1901, 356, 
368, 700, 430, 669, 625, 676, 741, 658, 682, 16, 766, 502, 185, 
495, 1033, 674, 509, 406, 489, 408, 100, 100, 100, 100, 100, 
100, 100, 100, 100, 100, 100, 2500, 2500, 2500, 2500, 2500, 2500, 
2500, 2500, 2500, 2500, 2500, 70221.658, 84255.27, 88114.362, 
106151.537, 119201.694, 116056.527, 127133.9, 144810.036, 165931.045, 
199767.851, 246474.244, 3.99546, 1.31716, 3.48888, 3.28773, 2.61681, 
7.48167, 3.03802, 2.6624, 2.86884, 2.72537, 2.56492, -8.92013, 
-6.27957, -6.66671, -6.6067, -7.05938, -7.04396, -7.37533, -7.36403, 
-7.09553, -6.93424, -7.4717, 0, 0, 0, 0, 0, 0, 0, 0, 0, 0, 0, 
0, 0, 0, 0, 0, 0, 0, 0, 0, 0, 0, 0.98506, 0.98544, 0.98607, 0.98576, 
0.98779, 0.98742, 0.98909, 0.98953, 0.98932, 0.98932, 0.99003, 
0.98151, 0.98448, 0.98488, 0.98495, 0.98703, 0.986, 0.98709, 
0.9889, 0.98715, 0.98876, 0.9879, 1.653, 2.6436, 2.7941, 3.3395, 
3.3276, 3.5866, 3.7867, 4.1186, 4.673, 7.1154, 6.3882, 647.1, 
908.5, 880.5, 930, 909.5, 930.2, 934, 977.9, 1022.7, 1084.5, 
1051.7, 906, 778, 51, 1236, 754, 4, 497, 17, 935, 381, 661, 1, 
1, 18, 6, 14, 19, 1, 1, 2, 1, 2, 100, 100, 100, 100, 100, 100, 
100, 100, 100, 100, 100, 2500, 2500, 2500, 2500, 2500, 2500, 
2500, 2500, 2500, 2500, 2500, 149225.41, 190478.067, 218062.449, 
279024.981, 302531.523, 305369.161, 364669.043, 398486.487, 459568.492, 
532288.033, 566376.179, 1, 1, 1, 1, 1, 1, 1, 1, 1, 1, 1, 0.01613, 
0.01613, 0.01613, 0.01613, 0.01613, 0.01613, 0.01613, 0.01613, 
0.01613, 0.01613, 0.01613, 0, 0, 0, 0, 0, 0, 0, 0, 0, 0, 0, 0, 
0, 0, 0, 0, 0, 0, 0, 0, 0, 0, 0.97865, 0.98091, 0.98162, 0.98195, 
0.985, 0.98315, 0.98464, 0.98513, 0.98576, 0.98501, 0.98558, 
0.98007, 0.98026, 0.98072, 0.98304, 0.98372, 0.98315, 0.98376, 
0.98451, 0.98537, 0.98501, 0.98594, 2.5505, 3.5568, 3.5487, 4.5344, 
6.9639, 4.9945, 5.8915, 7.0864, 8.4549, 8.7403, 9.0525, 964.9, 
1012.8, 1071.9, 1122.4, 1178.2, 1222.2, 1278.5, 1329.2, 1362.9, 
1411.1, 1450.1, 1, 1, 1, 1, 1, 1, 1, 1, 1, 1, 1, 1, 1, 1, 1, 
1, 1, 1, 1, 1, 1, 1, 1, 1, 1, 1, 1, 1, 1, 1, 1, 1, 1, 1, 1, 1, 
1, 1, 1, 1, 1, 1, 1, 1, 30.661, 42.003, 41.212, 52.002, 78.957, 
57.018, 66.831, 81.357, 96.064, 99.326, 102.827), .Dim = c(11L, 
40L), .Dimnames = list(NULL, c("Sampling", "PSO.cost", "PSO.gamma", 
"PSO.data.balancing", "PSO.feature.selection", "PSO.valid.acc", 
"PSO.test.acc", "PSO.train.time", "PSO.n.support.vectors", "PSO.index", 
"PSO.n.solutions", "PSO.generations", "PSO.n.evaluations", "PSO.cpu.time", 
"RS.cost", "RS.gamma", "RS.data.balancing", "RS.feature.selection", 
"RS.valid.acc", "RS.test.acc", "RS.train.time", "RS.n.support.vectors", 
"RS.index", "RS.n.solutions", "RS.generations", "RS.n.evaluations", 
"RS.cpu.time", "DF.cost", "DF.gamma", "DF.data.balancing", "DF.feature.selection", 
"DF.valid.acc", "DF.test.acc", "DF.train.time", "DF.n.support.vectors", 
"DF.index", "DF.n.solutions", "DF.generations", "DF.n.evaluations", 
"DF.cpu.time")))
