full <-
structure(c(50, 55, 60, 65, 70, 75, 80, 85, 90, 95, 100, 3.53185, 
2.29073, 12.06749, 3.93125, 1.55374, 2.98677, 9.82525, 3.68291, 
2.12878, 3.69291, 2.66268, -7.59052, -7.04921, -7.71068, -9.10057, 
-7.13979, -6.73719, -5.68012, -6.65237, -7.18382, -6.94584, -6.71604, 
0, 0, 0, 0, 0, 0, 0, 0, 0, 0, 0, 0, 0, 0, 0, 0, 0, 0, 0, 0, 0, 
0, 0.98541, 0.98319, 0.98606, 0.98302, 0.98679, 0.98624, 0.98621, 
0.9889, 0.98814, 0.98914, 0.98968, 0.98221, 0.98417, 0.9834, 
0.98111, 0.98502, 0.98458, 0.98599, 0.98743, 0.98834, 0.98895, 
0.98915, 1.8949, 2.4041, 2.391, 2.5002, 4.1064, 4.2727, 6.8763, 
9.0441, 13.2757, 5.2628, 6.3664, 742, 836.4, 776.9, 773.1, 986.1, 
999.5, 1289.3, 1083, 1062.1, 1077.4, 1158.6, 341, 784, 82, 2302, 
570, 1882, 464, 684, 1028, 1741, 1660, 257, 253, 1134, 80, 909, 
276, 595, 546, 64, 495, 87, 100, 100, 100, 100, 100, 100, 100, 
100, 100, 100, 100, 2500, 2500, 2500, 2500, 2500, 2500, 2500, 
2500, 2500, 2500, 2500, 65624.588, 78224.076, 91791.137, 100151.748, 
141614.205, 143836.25, 204218.014, 283395.83, 338579.196, 190281.602000001, 
229233.381, 10.83343, 2.09429, 13.80492, 3.92913, 1.22798, 1.17473, 
10.62373, 3.80725, 1.44649, 3.91635, 1.93405, -7.6927, -6.93252, 
-7.66716, -9.19241, -6.9017, -6.71677, -5.67899, -6.68989, -6.8791, 
-7.02322, -6.77936, 0, 0, 0, 0, 0, 0, 0, 0, 0, 0, 0, 0, 0, 0, 
0, 0, 0, 0, 0, 0, 0, 0, 0.98505, 0.98255, 0.98606, 0.98275, 0.98628, 
0.986, 0.98621, 0.98848, 0.98795, 0.98914, 0.98897, 0.98185, 
0.98449, 0.9831, 0.98138, 0.98451, 0.98387, 0.98599, 0.98764, 
0.98814, 0.98858, 0.98879, 1.8167, 2.3485, 2.4565, 2.5331, 4.6101, 
4.0181, 6.6773, 12.4091, 9.0788, 5.3049, 5.814, 728.1, 853, 781.8, 
778.3, 1023.7, 1067.5, 1289.3, 1073.3, 1139.9, 1063.1, 1174.5, 
17, 28, 43, 1306, 539, 887, 21, 204, 432, 2441, 2440, 15, 2, 
15, 1, 1, 1, 2, 1, 1, 3, 1, 100, 100, 100, 100, 100, 100, 100, 
100, 100, 100, 100, 2500, 2500, 2500, 2500, 2500, 2500, 2500, 
2500, 2500, 2500, 2500, 151459.045, 186938.649, 246919.11, 278134.539, 
365554.483, 319518.751, 383392.221, 601016.441, 584225.179, 545857.889, 
543557.987, 1, 1, 1, 1, 1, 1, 1, 1, 1, 1, 1, 0.01613, 0.01613, 
0.01613, 0.01613, 0.01613, 0.01613, 0.01613, 0.01613, 0.01613, 
0.01613, 0.01613, 0, 0, 0, 0, 0, 0, 0, 0, 0, 0, 0, 0, 0, 0, 0, 
0, 0, 0, 0, 0, 0, 0, 0.97759, 0.97639, 0.98072, 0.97809, 0.98222, 
0.98221, 0.98332, 0.98346, 0.98538, 0.98464, 0.98559, 0.97582, 
0.97866, 0.97983, 0.98055, 0.98019, 0.98126, 0.98377, 0.98367, 
0.98458, 0.98577, 0.98577, 2.7255, 3.3773, 4.1901, 5.6971, 7.2239, 
6.3351, 11.9357, 8.8973, 11.2895, 7.956, 7.7476, 995.3, 1046.6, 
1101.2, 1164.2, 1212.4, 1251.9, 1290.4, 1330.5, 1376.1, 1423.5, 
1449.7, 1, 1, 1, 1, 1, 1, 1, 1, 1, 1, 1, 1, 1, 1, 1, 1, 1, 1, 
1, 1, 1, 1, 1, 1, 1, 1, 1, 1, 1, 1, 1, 1, 1, 1, 1, 1, 1, 1, 1, 
1, 1, 1, 1, 1, 32.692, 39.951, 48.604, 64.673, 81.545, 72.598, 
137.223, 99.775, 127.982, 90.084, 87.296), .Dim = c(11L, 40L), .Dimnames = list(
    NULL, c("Sampling", "PSO.cost", "PSO.gamma", "PSO.data.balancing", 
    "PSO.feature.selection", "PSO.valid.acc", "PSO.test.acc", 
    "PSO.train.time", "PSO.n.support.vectors", "PSO.index", "PSO.n.solutions", 
    "PSO.generations", "PSO.n.evaluations", "PSO.cpu.time", "RS.cost", 
    "RS.gamma", "RS.data.balancing", "RS.feature.selection", 
    "RS.valid.acc", "RS.test.acc", "RS.train.time", "RS.n.support.vectors", 
    "RS.index", "RS.n.solutions", "RS.generations", "RS.n.evaluations", 
    "RS.cpu.time", "DF.cost", "DF.gamma", "DF.data.balancing", 
    "DF.feature.selection", "DF.valid.acc", "DF.test.acc", "DF.train.time", 
    "DF.n.support.vectors", "DF.index", "DF.n.solutions", "DF.generations", 
    "DF.n.evaluations", "DF.cpu.time")))
