full <-
structure(c(50, 55, 60, 65, 70, 75, 80, 85, 90, 95, 100, 1.65525, 
2.46692, 3.80069, 11.10393, 9.14165, 2.76491, 2.19057, 3.75836, 
11.13675, 3.00606, 3.46986, -7.18523, -8.42745, -7.33279, -7.82394, 
-6.20175, -6.72658, -7.23905, -7.78642, -7.12091, -6.98498, -6.87219, 
0, 0, 0, 0, 0, 0, 0, 0, 0, 0, 0, 0, 0, 0, 0, 0, 0, 0, 0, 0, 0, 
0, 0.98435, 0.98514, 0.98577, 0.9885, 0.98703, 0.98695, 0.98866, 
0.98702, 0.98814, 0.98932, 0.98914, 0.98008, 0.98352, 0.98547, 
0.98604, 0.98474, 0.986, 0.98599, 0.98681, 0.98616, 0.98801, 
0.9879, 2.007, 2.1945, 2.4821, 2.6394, 4.3673, 3.8303, 4.8815, 
3.753, 4.7332, 5.0966, 5.5281, 793.3, 780.3, 809, 776.6, 1053.1, 
998, 970.8, 900.4, 1009.6, 1075.3, 1117.2, 483, 679, 1170, 218, 
76, 1066, 1484, 597, 52, 923, 663, 447, 158, 95, 978, 1070, 75, 
15, 42, 618, 497, 519, 100, 100, 100, 100, 100, 100, 100, 100, 
100, 100, 100, 2500, 2500, 2500, 2500, 2500, 2500, 2500, 2500, 
2500, 2500, 2500, 71462.201, 76480.567, 89747.434, 89342.0839999999, 
139270.323, 124004.95, 176016.272, 154386.28, 160379.743, 168087.86, 
181111.907, 1.49607, 2.68868, 4.76785, 7.41542, 3.14657, 2.8229, 
2.7404, 2.79455, 6.37176, 2.79488, 2.85332, -6.96261, -8.49453, 
-7.29433, -7.81924, -6.20621, -6.77647, -6.12479, -6.97285, -7.08025, 
-6.93807, -6.42206, 0, 0, 0, 0, 0, 0, 0, 0, 0, 0, 0, 0, 0, 0, 
0, 0, 0, 0, 0, 0, 0, 0, 0.98364, 0.98482, 0.98547, 0.9885, 0.98703, 
0.98671, 0.98822, 0.9866, 0.98774, 0.98914, 0.98861, 0.98079, 
0.98384, 0.98487, 0.98604, 0.985, 0.986, 0.98577, 0.98722, 0.98656, 
0.98801, 0.98843, 2.063, 2.2002, 2.3712, 2.5148, 4.8576, 4.0366, 
5.1217, 4.6778, 4.6144, 5.4922, 6.4053, 812.4, 764.2, 809.9, 
776.8, 1051.8, 988.5, 1144.7, 1022.2, 1017.7, 1087.6, 1221.6, 
1734, 1353, 1204, 771, 641, 1318, 1026, 1996, 1111, 1041, 876, 
2, 1, 2, 11, 14, 1, 2, 1, 18, 1, 7, 100, 100, 100, 100, 100, 
100, 100, 100, 100, 100, 100, 2500, 2500, 2500, 2500, 2500, 2500, 
2500, 2500, 2500, 2500, 2500, 143393.882, 193976.926, 225613.159, 
313467.167, 297062.442, 383268.333, 364972.369, 397958.342, 427556.692, 
471830.481, 524517.296, 1, 1, 1, 1, 1, 1, 1, 1, 1, 1, 1, 0.01613, 
0.01613, 0.01613, 0.01613, 0.01613, 0.01613, 0.01613, 0.01613, 
0.01613, 0.01613, 0.01613, 0, 0, 0, 0, 0, 0, 0, 0, 0, 0, 0, 0, 
0, 0, 0, 0, 0, 0, 0, 0, 0, 0, 0.97724, 0.98093, 0.98221, 0.98331, 
0.98297, 0.98315, 0.98532, 0.98409, 0.98478, 0.9852, 0.98559, 
0.97795, 0.97865, 0.98043, 0.98303, 0.98348, 0.98268, 0.98444, 
0.98409, 0.98379, 0.9852, 0.98452, 2.6087, 4.604, 4.1669, 6.6838, 
4.4424, 6.344, 7.2282, 6.9955, 7.1466, 7.7358, 9.574, 975.5, 
1025.8, 1082.3, 1120.5, 1168.3, 1217.6, 1259.3, 1310.5, 1359.6, 
1404.3, 1456.6, 1, 1, 1, 1, 1, 1, 1, 1, 1, 1, 1, 1, 1, 1, 1, 
1, 1, 1, 1, 1, 1, 1, 1, 1, 1, 1, 1, 1, 1, 1, 1, 1, 1, 1, 1, 1, 
1, 1, 1, 1, 1, 1, 1, 1, 31.132, 53.277, 48.842, 75.528, 51.307, 
74.001, 82.68, 80.159, 81.382, 87.733, 108.268), .Dim = c(11L, 
40L), .Dimnames = list(NULL, c("Sampling", "PSO.cost", "PSO.gamma", 
"PSO.data.balancing", "PSO.feature.selection", "PSO.valid.acc", 
"PSO.test.acc", "PSO.train.time", "PSO.n.support.vectors", "PSO.index", 
"PSO.n.solutions", "PSO.generations", "PSO.n.evaluations", "PSO.cpu.time", 
"RS.cost", "RS.gamma", "RS.data.balancing", "RS.feature.selection", 
"RS.valid.acc", "RS.test.acc", "RS.train.time", "RS.n.support.vectors", 
"RS.index", "RS.n.solutions", "RS.generations", "RS.n.evaluations", 
"RS.cpu.time", "DF.cost", "DF.gamma", "DF.data.balancing", "DF.feature.selection", 
"DF.valid.acc", "DF.test.acc", "DF.train.time", "DF.n.support.vectors", 
"DF.index", "DF.n.solutions", "DF.generations", "DF.n.evaluations", 
"DF.cpu.time")))
