full <-
structure(c(50, 55, 60, 65, 70, 75, 80, 85, 90, 95, 100, 2.50444, 
2.50023, 2.25594, 2.46686, 2.74392, 5.89516, 4.71021, 2.22779, 
2.88947, 3.39787, 2.33382, -5.70614, -6.51432, -7.21137, -7.26021, 
-6.51615, -6.80761, -7.04011, -7.20032, -6.24828, -7.12138, -6.6534, 
0, 0, 0, 0, 0, 0, 0, 0, 0, 0, 0, 0, 0, 0, 0, 0, 0, 0, 0, 0, 0, 
0, 0.9822, 0.98449, 0.98518, 0.98686, 0.98653, 0.98624, 0.98732, 
0.98765, 0.98814, 0.98876, 0.99075, 0.98007, 0.98255, 0.98488, 
0.98303, 0.98653, 0.98458, 0.98554, 0.98492, 0.98695, 0.98801, 
0.98861, 2.57, 2.5826, 4.6818, 2.9824, 4.5955, 3.8469, 6.7189, 
5.5311, 11.7754, 7.2329, 6.484, 965.6, 875.4, 846.1, 876, 999.3, 
982.7, 975.5, 1031, 1211.4, 1052.4, 1176.6, 473, 1884, 1574, 
359, 1162, 190, 942, 1302, 434, 1594, 893, 721, 6, 219, 677, 
171, 938, 388, 106, 521, 36, 350, 100, 100, 100, 100, 100, 100, 
100, 100, 100, 100, 100, 2500, 2500, 2500, 2500, 2500, 2500, 
2500, 2500, 2500, 2500, 2500, 86358.823, 115203.925, 111305.3, 
106589.334, 147564.699, 154288.619, 197479.681, 217341.008, 293413.527, 
220023.131, 203972.885000001, 3.09124, 1.52841, 2.02358, 2.40127, 
2.56341, 1.64337, 4.71188, 2.87334, 3.11963, 3.22756, 2.63132, 
-5.7726, -6.5302, -7.27845, -7.2425, -7.10308, -6.29184, -6.90174, 
-7.25439, -6.27274, -6.9749, -6.6047, 0, 0, 0, 0, 0, 0, 0, 0, 
0, 0, 0, 0, 0, 0, 0, 0, 0, 0, 0, 0, 0, 0, 0.98184, 0.98384, 0.98488, 
0.98659, 0.98603, 0.98624, 0.98666, 0.98744, 0.98814, 0.9882, 
0.99021, 0.97936, 0.98255, 0.98458, 0.98303, 0.98501, 0.98506, 
0.98532, 0.98472, 0.98676, 0.98839, 0.98897, 3.5063, 2.779, 4.1284, 
3.1077, 4.6261, 7.949, 4.3673, 4.8819, 8.0017, 7.0114, 6.5226, 
957.2, 888.9, 856.7, 879.1, 920.5, 1094, 998.3, 989.3, 1206.6, 
1080.6, 1182.6, 1575, 1047, 866, 148, 999, 1082, 909, 2140, 1781, 
1324, 282, 2, 1, 2, 1, 1, 3, 1, 1, 1, 3, 2, 100, 100, 100, 100, 
100, 100, 100, 100, 100, 100, 100, 2500, 2500, 2500, 2500, 2500, 
2500, 2500, 2500, 2500, 2500, 2500, 174437.639, 214677.174, 297041.487, 
292450.923, 380143.18, 399456.361, 379922.874, 414450.331, 454418.797, 
500085.877, 508132.126999999, 1, 1, 1, 1, 1, 1, 1, 1, 1, 1, 1, 
0.01613, 0.01613, 0.01613, 0.01613, 0.01613, 0.01613, 0.01613, 
0.01613, 0.01613, 0.01613, 0.01613, 0, 0, 0, 0, 0, 0, 0, 0, 0, 
0, 0, 0, 0, 0, 0, 0, 0, 0, 0, 0, 0, 0, 0.97757, 0.97738, 0.97925, 
0.98275, 0.98298, 0.9834, 0.98265, 0.98325, 0.98438, 0.98614, 
0.98701, 0.9758, 0.97673, 0.98013, 0.98057, 0.98374, 0.9815, 
0.98154, 0.98199, 0.98458, 0.98333, 0.98523, 2.921, 3.7735, 5.2506, 
5.6491, 9.3207, 9.0822, 7.2145, 7.5871, 8.475, 9.3386, 7.7198, 
979.1, 1030.9, 1083.6, 1133.4, 1188.4, 1236.3, 1292.1, 1342.2, 
1387.1, 1424.7, 1453.9, 1, 1, 1, 1, 1, 1, 1, 1, 1, 1, 1, 1, 1, 
1, 1, 1, 1, 1, 1, 1, 1, 1, 1, 1, 1, 1, 1, 1, 1, 1, 1, 1, 1, 1, 
1, 1, 1, 1, 1, 1, 1, 1, 1, 1, 37.111, 44.116, 61.686, 65.692, 
107.102, 105.136, 82.238, 86.492, 96.032, 105.766, 87.732), .Dim = c(11L, 
40L), .Dimnames = list(NULL, c("Sampling", "PSO.cost", "PSO.gamma", 
"PSO.data.balancing", "PSO.feature.selection", "PSO.valid.acc", 
"PSO.test.acc", "PSO.train.time", "PSO.n.support.vectors", "PSO.index", 
"PSO.n.solutions", "PSO.generations", "PSO.n.evaluations", "PSO.cpu.time", 
"RS.cost", "RS.gamma", "RS.data.balancing", "RS.feature.selection", 
"RS.valid.acc", "RS.test.acc", "RS.train.time", "RS.n.support.vectors", 
"RS.index", "RS.n.solutions", "RS.generations", "RS.n.evaluations", 
"RS.cpu.time", "DF.cost", "DF.gamma", "DF.data.balancing", "DF.feature.selection", 
"DF.valid.acc", "DF.test.acc", "DF.train.time", "DF.n.support.vectors", 
"DF.index", "DF.n.solutions", "DF.generations", "DF.n.evaluations", 
"DF.cpu.time")))
