full <-
structure(c(50, 55, 60, 65, 70, 75, 80, 85, 90, 95, 100, 2.56704, 
3.21671, 4.07016, 2.98772, 4.05145, 1.81116, 3.30288, 3.19611, 
10.05959, 3.84774, 2.8078, -6.8234, -7.66259, -7.11468, -7.30533, 
-6.99214, -6.41784, -7.03033, -6.91253, -7.36261, -6.85982, -7.14014, 
0, 0, 0, 0, 0, 0, 0, 0, 0, 0, 0, 0, 0, 0, 0, 0, 0, 0, 0, 0, 0, 
0, 0.98755, 0.98641, 0.98903, 0.98906, 0.98858, 0.98884, 0.98865, 
0.98953, 0.98853, 0.98989, 0.98879, 0.9872, 0.98545, 0.98665, 
0.98604, 0.98831, 0.98695, 0.98776, 0.98995, 0.98735, 0.98858, 
0.98897, 1.8985, 1.9696, 2.406, 2.8103, 3.1719, 3.928, 3.7217, 
4.2512, 4.0992, 4.9911, 5.4956, 782.9, 726, 820.9, 844.5, 911.3, 
1062.1, 978.9, 1022.9, 973.7, 1092.5, 1082.9, 1176, 766, 473, 
1345, 574, 1737, 365, 478, 8, 1121, 1327, 87, 309, 213, 201, 
590, 5, 266, 773, 1341, 581, 79, 100, 100, 100, 100, 100, 100, 
100, 100, 100, 100, 100, 2500, 2500, 2500, 2500, 2500, 2500, 
2500, 2500, 2500, 2500, 2500, 65480.229, 70718.738, 84026.689, 
95358.336, 104641.318, 129994.9, 124825.153, 142925.454, 138507.626, 
165967.849, 184123.582, 2.63823, 3.38955, 5.03507, 2.5399, 3.9647, 
1.82586, 2.32148, 3.09888, 3.15363, 2.36322, 3.54229, -6.72263, 
-7.4653, -7.92516, -7.04813, -7.04961, -6.38817, -6.82486, -6.86353, 
-8.26486, -6.78851, -6.4726, 0, 0, 0, 0, 0, 0, 0, 0, 0, 0, 0, 
0, 0, 0, 0, 0, 0, 0, 0, 0, 0, 0, 0.9872, 0.98544, 0.98873, 0.98878, 
0.98832, 0.9886, 0.98799, 0.98953, 0.98892, 0.9897, 0.98861, 
0.9872, 0.98609, 0.98576, 0.98713, 0.98755, 0.98695, 0.9871, 
0.98953, 0.98813, 0.98802, 0.98897, 1.9444, 1.9952, 2.1371, 2.7634, 
3.1824, 3.9647, 4.2644, 4.4962, 3.8407, 5.4782, 6.9614, 795.1, 
736.4, 727.3, 885.5, 902.4, 1065.3, 1026.7, 1031.7, 930.5, 1121.1, 
1206.5, 337, 1694, 2255, 1257, 1271, 1531, 2225, 1861, 548, 292, 
443, 1, 2, 5, 1, 21, 1, 3, 1, 1, 1, 2, 100, 100, 100, 100, 100, 
100, 100, 100, 100, 100, 100, 2500, 2500, 2500, 2500, 2500, 2500, 
2500, 2500, 2500, 2500, 2500, 140815.701, 189048.578, 209784.911, 
231123.89, 277389.929, 289246.732, 323711.049, 366993.644, 403043.941, 
447556.487, 488237.03, 1, 1, 1, 1, 1, 1, 1, 1, 1, 1, 1, 0.01613, 
0.01613, 0.01613, 0.01613, 0.01613, 0.01613, 0.01613, 0.01613, 
0.01613, 0.01613, 0.01613, 0, 0, 0, 0, 0, 0, 0, 0, 0, 0, 0, 0, 
0, 0, 0, 0, 0, 0, 0, 0, 0, 0, 0.98187, 0.9835, 0.98249, 0.98276, 
0.98246, 0.98481, 0.98376, 0.98346, 0.98438, 0.9852, 0.98559, 
0.98151, 0.98091, 0.98279, 0.98276, 0.98246, 0.98291, 0.98399, 
0.98451, 0.98517, 0.98464, 0.98595, 2.6017, 4.1155, 4.8066, 4.5422, 
4.8123, 4.7478, 5.6483, 7.2964, 7.0729, 7.4647, 7.5945, 962.4, 
1018.8, 1077.4, 1134.5, 1181.8, 1230, 1279.4, 1322, 1369.7, 1417.8, 
1453.8, 1, 1, 1, 1, 1, 1, 1, 1, 1, 1, 1, 1, 1, 1, 1, 1, 1, 1, 
1, 1, 1, 1, 1, 1, 1, 1, 1, 1, 1, 1, 1, 1, 1, 1, 1, 1, 1, 1, 1, 
1, 1, 1, 1, 1, 31.232, 48.262, 55.518, 53.044, 55.29, 54.693, 
64.483, 82.621, 80.53, 84.394, 85.609), .Dim = c(11L, 40L), .Dimnames = list(
    NULL, c("Sampling", "PSO.cost", "PSO.gamma", "PSO.data.balancing", 
    "PSO.feature.selection", "PSO.valid.acc", "PSO.test.acc", 
    "PSO.train.time", "PSO.n.support.vectors", "PSO.index", "PSO.n.solutions", 
    "PSO.generations", "PSO.n.evaluations", "PSO.cpu.time", "RS.cost", 
    "RS.gamma", "RS.data.balancing", "RS.feature.selection", 
    "RS.valid.acc", "RS.test.acc", "RS.train.time", "RS.n.support.vectors", 
    "RS.index", "RS.n.solutions", "RS.generations", "RS.n.evaluations", 
    "RS.cpu.time", "DF.cost", "DF.gamma", "DF.data.balancing", 
    "DF.feature.selection", "DF.valid.acc", "DF.test.acc", "DF.train.time", 
    "DF.n.support.vectors", "DF.index", "DF.n.solutions", "DF.generations", 
    "DF.n.evaluations", "DF.cpu.time")))
