full <-
structure(c(50, 55, 60, 65, 70, 75, 80, 85, 90, 95, 100, 2.18184, 
2.10359, 3.8791, 2.08542, 2.80461, 3.58773, 3.31395, 2.02322, 
1.74924, 4.71809, 2.8605, -6.31665, -6.3335, -7.32012, -7.01948, 
-6.76132, -7.1466, -7.58769, -6.96322, -6.54293, -6.53314, -7.52863, 
0, 0, 0, 0, 0, 0, 0, 0, 0, 0, 0, 0, 0, 0, 0, 0, 0, 0, 0, 0, 0, 
0, 0.98505, 0.98706, 0.98696, 0.98905, 0.98729, 0.9879, 0.98799, 
0.98911, 0.98814, 0.98896, 0.98897, 0.98434, 0.98544, 0.98458, 
0.98604, 0.98601, 0.986, 0.98531, 0.98722, 0.98676, 0.98765, 
0.98808, 2.2112, 2.7936, 2.4782, 3.1532, 3.4173, 3.4073, 3.8436, 
4.7831, 6.2237, 5.9448, 5.6724, 864.6, 891.8, 795, 885.7, 940.2, 
918.2, 898, 1043.3, 1151.5, 1159.1, 1031.7, 852, 1149, 797, 782, 
564, 405, 2378, 855, 1112, 623, 285, 356, 225, 92, 382, 65, 370, 
1, 405, 27, 388, 137, 100, 100, 100, 100, 100, 100, 100, 100, 
100, 100, 100, 2500, 2500, 2500, 2500, 2500, 2500, 2500, 2500, 
2500, 2500, 2500, 74005.339, 89588.906, 79645.634, 106008.883, 
129048.073, 113130.178, 162558.189, 160289.319, 197883.331, 198534.33, 
192879.729, 12.01117, 3.27771, 4.2582, 1.97126, 2.84579, 3.52909, 
3.38791, 2.13279, 1.71517, 10.45913, 3.35029, -6.3243, -6.19891, 
-7.15316, -7.02175, -6.60886, -7.08584, -7.58181, -7.01897, -6.52144, 
-6.26144, -6.56509, 0, 0, 0, 0, 0, 0, 0, 0, 0, 0, 0, 0, 0, 0, 
0, 0, 0, 0, 0, 0, 0, 0, 0.9847, 0.98609, 0.98666, 0.98877, 0.98704, 
0.98742, 0.98798, 0.98869, 0.98794, 0.98896, 0.98861, 0.98434, 
0.98576, 0.98488, 0.98631, 0.98576, 0.98624, 0.9851, 0.98701, 
0.98676, 0.9869, 0.98736, 2.2506, 2.6363, 2.4524, 3.0281, 3.4579, 
3.6636, 3.4584, 5.0568, 5.8713, 6.9838, 8.9057, 861.6, 913.5, 
816.4, 890.6, 965.1, 927.6, 896.9, 1032.4, 1156.5, 1226.6, 1185.2, 
128, 540, 264, 497, 1230, 610, 104, 1140, 303, 48, 1328, 5, 4, 
1, 1, 1, 1, 1, 2, 2, 5, 2, 100, 100, 100, 100, 100, 100, 100, 
100, 100, 100, 100, 2500, 2500, 2500, 2500, 2500, 2500, 2500, 
2500, 2500, 2500, 2500, 151581.245, 184291.697, 212277.444, 276024.602, 
277107.283, 330820.685, 370717.672, 416771.815, 423846.226, 509314.395, 
568472.965, 1, 1, 1, 1, 1, 1, 1, 1, 1, 1, 1, 0.01613, 0.01613, 
0.01613, 0.01613, 0.01613, 0.01613, 0.01613, 0.01613, 0.01613, 
0.01613, 0.01613, 0, 0, 0, 0, 0, 0, 0, 0, 0, 0, 0, 0, 0, 0, 0, 
0, 0, 0, 0, 0, 0, 0, 0.98115, 0.98155, 0.98134, 0.98412, 0.98423, 
0.98387, 0.98376, 0.9843, 0.98419, 0.98559, 0.98487, 0.98114, 
0.98123, 0.98134, 0.98357, 0.98499, 0.98316, 0.98243, 0.98493, 
0.98438, 0.98503, 0.98594, 2.7377, 3.088, 3.4858, 4.3815, 4.7699, 
5.8977, 7.2973, 7.5415, 6.6679, 8.2822, 11.1168, 975.9, 1015.1, 
1079.9, 1118.5, 1182, 1239.2, 1267.2, 1316.9, 1368.1, 1409.5, 
1455.9, 1, 1, 1, 1, 1, 1, 1, 1, 1, 1, 1, 1, 1, 1, 1, 1, 1, 1, 
1, 1, 1, 1, 1, 1, 1, 1, 1, 1, 1, 1, 1, 1, 1, 1, 1, 1, 1, 1, 1, 
1, 1, 1, 1, 1, 33.459, 37.067, 40.535, 50.539, 54.567, 68.328, 
83.35, 87.133, 75.531, 93.453, 125.823), .Dim = c(11L, 40L), .Dimnames = list(
    NULL, c("Sampling", "PSO.cost", "PSO.gamma", "PSO.data.balancing", 
    "PSO.feature.selection", "PSO.valid.acc", "PSO.test.acc", 
    "PSO.train.time", "PSO.n.support.vectors", "PSO.index", "PSO.n.solutions", 
    "PSO.generations", "PSO.n.evaluations", "PSO.cpu.time", "RS.cost", 
    "RS.gamma", "RS.data.balancing", "RS.feature.selection", 
    "RS.valid.acc", "RS.test.acc", "RS.train.time", "RS.n.support.vectors", 
    "RS.index", "RS.n.solutions", "RS.generations", "RS.n.evaluations", 
    "RS.cpu.time", "DF.cost", "DF.gamma", "DF.data.balancing", 
    "DF.feature.selection", "DF.valid.acc", "DF.test.acc", "DF.train.time", 
    "DF.n.support.vectors", "DF.index", "DF.n.solutions", "DF.generations", 
    "DF.n.evaluations", "DF.cpu.time")))
