full <-
structure(c(50, 55, 60, 65, 70, 75, 80, 85, 90, 95, 100, 3.92441, 
4.51445, 7.40613, 1.44909, 13.29053, 11.15591, 2.30357, 3.98013, 
1.84553, 2.61294, 2.91151, -7.73804, -7.21287, -7.16356, -6.16689, 
-5.81002, -6.45835, -6.31765, -6.79291, -6.27094, -6.5263, -6.89739, 
0, 0, 0, 0, 0, 0, 0, 0, 0, 0, 0, 0, 0, 0, 0, 0, 0, 0, 0, 0, 0, 
0, 0.98684, 0.98544, 0.98755, 0.98769, 0.98805, 0.98766, 0.98799, 
0.98702, 0.98815, 0.98951, 0.98915, 0.98399, 0.98252, 0.98517, 
0.98823, 0.98678, 0.98718, 0.98755, 0.98639, 0.98814, 0.98876, 
0.98826, 1.7894, 2.2271, 2.6677, 3.9894, 4.6708, 4.0806, 6.1722, 
7.6018, 8.0023, 7.5096, 10.31, 700.6, 792.9, 837.9, 1036.4, 1158, 
1043.7, 1119, 1045.4, 1200.7, 1175.2, 1116.5, 344, 152, 180, 
799, 363, 211, 538, 1949, 1006, 347, 781, 243, 549, 888, 250, 
1225, 1078, 283, 1099, 216, 480, 158, 100, 100, 100, 100, 100, 
100, 100, 100, 100, 100, 100, 2500, 2500, 2500, 2500, 2500, 2500, 
2500, 2500, 2500, 2500, 2500, 61106.215, 73636.347, 90406.483, 
117114.253, 156270.289, 143390.359, 179573.458, 203573.722, 222002.083, 
239497.203, 283902.136, 3.08173, 11.10044, 7.66168, 2.30991, 
12.57973, 6.94735, 4.11347, 13.75197, 1.94796, 2.40989, 2.03269, 
-7.52955, -7.29989, -7.17625, -6.18964, -5.8021, -6.42362, -7.95653, 
-6.86773, -6.26589, -6.91978, -6.37594, 0, 0, 0, 0, 0, 0, 0, 
0, 0, 0, 0, 0, 0, 0, 0, 0, 0, 0, 0, 0, 0, 0, 0.98648, 0.98512, 
0.98725, 0.98687, 0.98805, 0.98766, 0.98754, 0.98702, 0.98795, 
0.98951, 0.98897, 0.98293, 0.98252, 0.98517, 0.98713, 0.98678, 
0.98671, 0.98644, 0.98681, 0.98834, 0.98932, 0.98844, 1.8513, 
2.1931, 2.518, 3.5262, 4.8678, 5.5605, 3.5152, 5.467, 8.1865, 
5.5936, 11.7686, 731.3, 779.8, 836.9, 1029.7, 1160, 1052, 853.6, 
1031.3, 1198.5, 1112.8, 1243.8, 1477, 27, 183, 23, 790, 1059, 
201, 6, 224, 1913, 687, 2, 26, 8, 2, 15, 2, 1, 48, 1, 1, 2, 100, 
100, 100, 100, 100, 100, 100, 100, 100, 100, 100, 2500, 2500, 
2500, 2500, 2500, 2500, 2500, 2500, 2500, 2500, 2500, 151945.264, 
178093.326, 215503.976, 248318.501, 278343.094, 349007.199, 378578.243, 
434637.609, 469291.196, 507030.07, 619744.816, 1, 1, 1, 1, 1, 
1, 1, 1, 1, 1, 1, 0.01613, 0.01613, 0.01613, 0.01613, 0.01613, 
0.01613, 0.01613, 0.01613, 0.01613, 0.01613, 0.01613, 0, 0, 0, 
0, 0, 0, 0, 0, 0, 0, 0, 0, 0, 0, 0, 0, 0, 0, 0, 0, 0, 0, 0.98114, 
0.98124, 0.98429, 0.9833, 0.98423, 0.9841, 0.98443, 0.9843, 0.98379, 
0.98576, 0.98523, 0.98007, 0.98124, 0.9831, 0.98303, 0.98297, 
0.98362, 0.98555, 0.98388, 0.98517, 0.98557, 0.98577, 2.5098, 
3.365, 3.8319, 4.7944, 4.8609, 7.7071, 8.7498, 8.8812, 8.7738, 
9.4448, 9.3334, 957.3, 1017.8, 1080.8, 1139.6, 1189.8, 1240, 
1286.5, 1323.7, 1365.4, 1417.2, 1458.3, 1, 1, 1, 1, 1, 1, 1, 
1, 1, 1, 1, 1, 1, 1, 1, 1, 1, 1, 1, 1, 1, 1, 1, 1, 1, 1, 1, 1, 
1, 1, 1, 1, 1, 1, 1, 1, 1, 1, 1, 1, 1, 1, 1, 1, 30.259, 39.626, 
44.609, 55.482, 55.776, 88.667, 99.584, 99.621, 99.605, 107.166, 
105.178), .Dim = c(11L, 40L), .Dimnames = list(NULL, c("Sampling", 
"PSO.cost", "PSO.gamma", "PSO.data.balancing", "PSO.feature.selection", 
"PSO.valid.acc", "PSO.test.acc", "PSO.train.time", "PSO.n.support.vectors", 
"PSO.index", "PSO.n.solutions", "PSO.generations", "PSO.n.evaluations", 
"PSO.cpu.time", "RS.cost", "RS.gamma", "RS.data.balancing", "RS.feature.selection", 
"RS.valid.acc", "RS.test.acc", "RS.train.time", "RS.n.support.vectors", 
"RS.index", "RS.n.solutions", "RS.generations", "RS.n.evaluations", 
"RS.cpu.time", "DF.cost", "DF.gamma", "DF.data.balancing", "DF.feature.selection", 
"DF.valid.acc", "DF.test.acc", "DF.train.time", "DF.n.support.vectors", 
"DF.index", "DF.n.solutions", "DF.generations", "DF.n.evaluations", 
"DF.cpu.time")))
