full <-
structure(c(50, 55, 60, 65, 70, 75, 80, 85, 90, 95, 100, 4.47389, 
1.07736, 3.59215, 3.66042, 3.25627, 5.04044, 3.24537, 7.03012, 
5.10143, 1.09594, 1.59865, -6.8737, -5.7896, -7.36313, -7.32883, 
-6.40897, -6.01703, -6.22758, -6.32728, -5.46406, -5.93833, -6.18685, 
0, 0, 0, 0, 0, 0, 0, 0, 0, 0, 0, 0, 0, 0, 0, 0, 0, 0, 0, 0, 0, 
0, 0.98472, 0.9848, 0.98815, 0.98713, 0.98933, 0.98909, 0.9891, 
0.98891, 0.98854, 0.98821, 0.98879, 0.98221, 0.98448, 0.98667, 
0.98713, 0.98628, 0.98885, 0.98755, 0.98723, 0.98597, 0.9869, 
0.98844, 1.9358, 3.5397, 2.5109, 2.7168, 4.1201, 6.7134, 5.0165, 
5.1922, 11.2484, 8.7721, 6.3048, 783.5, 997.3, 793.6, 823.6, 
1021.1, 1144.2, 1128.4, 1153.2, 1432.5, 1337.7, 1293.8, 625, 
2480, 896, 782, 1509, 72, 747, 106, 180, 1497, 1082, 44, 1, 98, 
41, 58, 981, 139, 1276, 844, 122, 358, 100, 100, 100, 100, 100, 
100, 100, 100, 100, 100, 100, 2500, 2500, 2500, 2500, 2500, 2500, 
2500, 2500, 2500, 2500, 2500, 67680.894, 99008.068, 104036.388, 
116721.59, 138077.116, 157700.121, 156773.612, 198830.769, 316156.156, 
308396.683, 219473.293000001, 5.39253, 2.85913, 7.95563, 4.07846, 
2.85137, 12.1718, 2.53772, 9.96477, 7.70091, 1.46308, 2.60407, 
-6.86108, -6.97093, -6.21803, -7.39342, -6.42695, -6.0063, -6.22565, 
-6.3447, -5.47658, -5.65315, -7.17824, 0, 0, 0, 0, 0, 0, 0, 0, 
0, 0, 0, 0, 0, 0, 0, 0, 0, 0, 0, 0, 0, 0, 0.984, 0.98512, 0.98726, 
0.98686, 0.98908, 0.98909, 0.98888, 0.98891, 0.98854, 0.98821, 
0.98825, 0.98186, 0.98383, 0.98786, 0.98659, 0.98628, 0.98885, 
0.98755, 0.98723, 0.98597, 0.98783, 0.98861, 1.9253, 2.2346, 
3.5302, 2.592, 3.7987, 4.6229, 4.8905, 5.299, 12.177, 11.4347, 
5.6277, 785.6, 810.7, 971.8, 814.3, 1016.5, 1147.5, 1129, 1149.1, 
1428.9, 1411.1, 1089.7, 330, 402, 236, 2217, 1116, 2078, 468, 
524, 6, 2475, 2200, 6, 1, 13, 4, 1, 1, 1, 10, 4, 1, 1, 100, 100, 
100, 100, 100, 100, 100, 100, 100, 100, 100, 2500, 2500, 2500, 
2500, 2500, 2500, 2500, 2500, 2500, 2500, 2500, 137748.036, 191484.01, 
231234.663, 249000.827, 324911.28, 322245.693, 345950.335, 422747.074, 
547516.527, 544098.301, 507392.43, 1, 1, 1, 1, 1, 1, 1, 1, 1, 
1, 1, 0.01613, 0.01613, 0.01613, 0.01613, 0.01613, 0.01613, 0.01613, 
0.01613, 0.01613, 0.01613, 0.01613, 0, 0, 0, 0, 0, 0, 0, 0, 0, 
0, 0, 0, 0, 0, 0, 0, 0, 0, 0, 0, 0, 0, 0.97901, 0.98028, 0.98281, 
0.98385, 0.9845, 0.98458, 0.98421, 0.98535, 0.98478, 0.98577, 
0.98505, 0.97794, 0.98124, 0.98133, 0.98303, 0.98247, 0.986, 
0.98465, 0.98388, 0.98438, 0.98409, 0.98523, 2.4469, 4.0543, 
3.8305, 3.9426, 7.281, 5.1561, 5.7744, 9.5258, 9.2813, 11.124, 
8.8107, 969.3, 1021.2, 1076.8, 1125.6, 1177.7, 1233.4, 1273.7, 
1334.9, 1373.3, 1411.4, 1453.7, 1, 1, 1, 1, 1, 1, 1, 1, 1, 1, 
1, 1, 1, 1, 1, 1, 1, 1, 1, 1, 1, 1, 1, 1, 1, 1, 1, 1, 1, 1, 1, 
1, 1, 1, 1, 1, 1, 1, 1, 1, 1, 1, 1, 1, 30.047, 46.818, 44.471, 
45.853, 83.369, 59.068, 65.707, 107.788, 107.169, 126.181, 99.346
), .Dim = c(11L, 40L), .Dimnames = list(NULL, c("Sampling", "PSO.cost", 
"PSO.gamma", "PSO.data.balancing", "PSO.feature.selection", "PSO.valid.acc", 
"PSO.test.acc", "PSO.train.time", "PSO.n.support.vectors", "PSO.index", 
"PSO.n.solutions", "PSO.generations", "PSO.n.evaluations", "PSO.cpu.time", 
"RS.cost", "RS.gamma", "RS.data.balancing", "RS.feature.selection", 
"RS.valid.acc", "RS.test.acc", "RS.train.time", "RS.n.support.vectors", 
"RS.index", "RS.n.solutions", "RS.generations", "RS.n.evaluations", 
"RS.cpu.time", "DF.cost", "DF.gamma", "DF.data.balancing", "DF.feature.selection", 
"DF.valid.acc", "DF.test.acc", "DF.train.time", "DF.n.support.vectors", 
"DF.index", "DF.n.solutions", "DF.generations", "DF.n.evaluations", 
"DF.cpu.time")))
