full <-
structure(c(50, 55, 60, 65, 70, 75, 80, 85, 90, 95, 100, 1.65035, 
3.77556, 4.10386, 2.79293, 3.18198, 3.73542, 2.58471, 3.39214, 
12.74019, 4.57323, 1.73306, -6.76318, -7.26607, -7.13813, -7.02125, 
-7.05723, -7.46835, -6.03745, -6.51222, -5.49064, -7.20813, -6.77401, 
0, 0, 0, 0, 0, 0, 0, 0, 0, 0, 0, 0, 0, 0, 0, 0, 0, 0, 0, 0, 0, 
0, 0.98434, 0.9861, 0.98754, 0.98687, 0.98882, 0.98719, 0.9891, 
0.98932, 0.98932, 0.99045, 0.99022, 0.98327, 0.98352, 0.98665, 
0.98659, 0.9873, 0.98553, 0.98843, 0.98786, 0.98774, 0.98876, 
0.98808, 2.042, 2.1806, 2.4782, 2.9299, 3.3364, 3.0861, 7.3088, 
5.5204, 8.2432, 5.0455, 9.3556, 815.4, 773.9, 821.1, 868.6, 902.6, 
872.3, 1169.2, 1097.1, 1422.2, 1030.4, 1184.8, 963, 287, 353, 
1595, 392, 897, 1545, 667, 263, 551, 1644, 57, 361, 807, 88, 
385, 289, 10, 156, 1102, 590, 117, 100, 100, 100, 100, 100, 100, 
100, 100, 100, 100, 100, 2500, 2500, 2500, 2500, 2500, 2500, 
2500, 2500, 2500, 2500, 2500, 73636.808, 74574.588, 82524.938, 
114451.717, 121147.025, 113497.9, 217654.545, 192034.542, 253164.953, 
172816.986, 278746.737, 1.79642, 3.64965, 4.1858, 1.73999, 3.47747, 
3.03719, 2.44447, 3.41361, 13.38275, 4.88532, 1.662, -6.99128, 
-7.21203, -7.26951, -5.78904, -6.93092, -7.03459, -5.98274, -6.58492, 
-5.49749, -7.1444, -6.78437, 0, 0, 0, 0, 0, 0, 0, 0, 0, 0, 0, 
0, 0, 0, 0, 0, 0, 0, 0, 0, 0, 0, 0.98363, 0.98577, 0.98725, 0.98632, 
0.98856, 0.98672, 0.98887, 0.98911, 0.98932, 0.99026, 0.98986, 
0.98398, 0.98416, 0.98636, 0.98632, 0.9878, 0.98529, 0.98821, 
0.98765, 0.98794, 0.98914, 0.98808, 2.0053, 2.1481, 2.4498, 4.0187, 
3.231, 3.6966, 9.325, 5.2296, 8.0252, 5.3038, 5.7394, 790.8, 
781.7, 803.2, 1082.2, 918.9, 939.7, 1183, 1082, 1419, 1042.1, 
1187.8, 1247, 2247, 934, 1265, 1000, 513, 902, 2417, 648, 659, 
1235, 1, 1, 1, 1, 1, 1, 2, 1, 5, 1, 1, 100, 100, 100, 100, 100, 
100, 100, 100, 100, 100, 100, 2500, 2500, 2500, 2500, 2500, 2500, 
2500, 2500, 2500, 2500, 2500, 137801.629, 187980.735, 199650.051, 
266713.615, 280351.194, 321057.532, 409507.301, 396088.51, 434189.45, 
516882.079, 537262.026, 1, 1, 1, 1, 1, 1, 1, 1, 1, 1, 1, 0.01613, 
0.01613, 0.01613, 0.01613, 0.01613, 0.01613, 0.01613, 0.01613, 
0.01613, 0.01613, 0.01613, 0, 0, 0, 0, 0, 0, 0, 0, 0, 0, 0, 0, 
0, 0, 0, 0, 0, 0, 0, 0, 0, 0, 0.97687, 0.97964, 0.98102, 0.98222, 
0.98399, 0.98197, 0.98576, 0.98597, 0.98557, 0.98708, 0.9863, 
0.97793, 0.97964, 0.98309, 0.98249, 0.98374, 0.9841, 0.98576, 
0.98492, 0.98537, 0.98632, 0.98541, 2.5263, 3.0082, 4.17, 4.1969, 
4.199, 5.1866, 8.6038, 7.1695, 7.1486, 9.1214, 12.3798, 964.9, 
1021.7, 1069.3, 1117.1, 1175.5, 1232, 1270.1, 1316.5, 1361.6, 
1403.9, 1458.6, 1, 1, 1, 1, 1, 1, 1, 1, 1, 1, 1, 1, 1, 1, 1, 
1, 1, 1, 1, 1, 1, 1, 1, 1, 1, 1, 1, 1, 1, 1, 1, 1, 1, 1, 1, 1, 
1, 1, 1, 1, 1, 1, 1, 1, 30.228, 35.371, 48.82, 49.028, 48.368, 
59.376, 98.28, 81.293, 81.269, 103.778, 139.578), .Dim = c(11L, 
40L), .Dimnames = list(NULL, c("Sampling", "PSO.cost", "PSO.gamma", 
"PSO.data.balancing", "PSO.feature.selection", "PSO.valid.acc", 
"PSO.test.acc", "PSO.train.time", "PSO.n.support.vectors", "PSO.index", 
"PSO.n.solutions", "PSO.generations", "PSO.n.evaluations", "PSO.cpu.time", 
"RS.cost", "RS.gamma", "RS.data.balancing", "RS.feature.selection", 
"RS.valid.acc", "RS.test.acc", "RS.train.time", "RS.n.support.vectors", 
"RS.index", "RS.n.solutions", "RS.generations", "RS.n.evaluations", 
"RS.cpu.time", "DF.cost", "DF.gamma", "DF.data.balancing", "DF.feature.selection", 
"DF.valid.acc", "DF.test.acc", "DF.train.time", "DF.n.support.vectors", 
"DF.index", "DF.n.solutions", "DF.generations", "DF.n.evaluations", 
"DF.cpu.time")))
