full <-
structure(c(50, 55, 60, 65, 70, 75, 80, 85, 90, 95, 100, 2.83004, 
5.28221, 12.8979, 2.55915, 2.38627, 1.69171, 2.3522, 2.44319, 
1.34603, 3.25636, 1.62686, -6.0927, -7.28875, -6.46501, -7.3923, 
-6.98231, -6.73436, -7.02971, -6.40051, -5.44946, -7.03305, -6.27801, 
0, 0, 0, 0, 0, 0, 0, 0, 0, 0, 0, 0, 0, 0, 0, 0, 0, 0, 0, 0, 0, 
0, 0.98471, 0.9851, 0.98814, 0.98686, 0.98856, 0.9879, 0.98932, 
0.98953, 0.98874, 0.98951, 0.98985, 0.98222, 0.98576, 0.98607, 
0.98659, 0.98754, 0.98742, 0.98799, 0.98786, 0.98715, 0.98895, 
0.98843, 2.3796, 2.1602, 2.9317, 2.845, 3.3476, 4.9293, 4.1591, 
5.6416, 8.4682, 5.4962, 7.3758, 891.2, 768.7, 928, 856.1, 939.9, 
1030, 1004.7, 1130.8, 1434.5, 1075.1, 1272.3, 677, 641, 427, 
1861, 2272, 1080, 774, 1146, 1810, 2431, 1614, 459, 424, 514, 
121, 2, 128, 180, 212, 1, 2, 44, 100, 100, 100, 100, 100, 100, 
100, 100, 100, 100, 100, 2500, 2500, 2500, 2500, 2500, 2500, 
2500, 2500, 2500, 2500, 2500, 75018.806, 77499.993, 96232.916, 
97350.2880000001, 120677.044, 148926.435, 132741.636, 186242.995, 
267185.846, 173858.285, 231319.643, 2.8569, 5.36822, 10.24048, 
2.68907, 2.25826, 2.75869, 2.33748, 2.44588, 3.36246, 2.33165, 
8.66591, -6.15461, -7.44382, -6.46823, -7.28255, -7.07039, -6.79785, 
-6.9582, -6.38642, -8.00474, -7.12888, -6.49339, 0, 0, 0, 0, 
0, 0, 0, 0, 0, 0, 0, 0, 0, 0, 0, 0, 0, 0, 0, 0, 0, 0, 0.98471, 
0.98478, 0.98814, 0.98632, 0.98805, 0.98742, 0.9891, 0.98932, 
0.98854, 0.98914, 0.98968, 0.98257, 0.98511, 0.98607, 0.98659, 
0.98729, 0.98742, 0.98799, 0.98765, 0.98755, 0.98933, 0.98896, 
2.2764, 2.0674, 3.1794, 2.821, 3.9438, 4.5935, 4.2648, 5.9512, 
4.2846, 5.5831, 6.8305, 880.1, 750.9, 927.2, 863.9, 936, 989.3, 
1014.1, 1133.9, 936.1, 1089.1, 1202.9, 979, 369, 2176, 1621, 
1019, 417, 888, 348, 139, 1130, 1891, 1, 14, 1, 2, 1, 1, 2, 1, 
12, 4, 5, 100, 100, 100, 100, 100, 100, 100, 100, 100, 100, 100, 
2500, 2500, 2500, 2500, 2500, 2500, 2500, 2500, 2500, 2500, 2500, 
143098.28, 170312.909, 216266.229, 249990.608, 307886.73, 333816.464, 
362825.208, 417879.955, 431271.451, 498110.524, 532195.179, 1, 
1, 1, 1, 1, 1, 1, 1, 1, 1, 1, 0.01613, 0.01613, 0.01613, 0.01613, 
0.01613, 0.01613, 0.01613, 0.01613, 0.01613, 0.01613, 0.01613, 
0, 0, 0, 0, 0, 0, 0, 0, 0, 0, 0, 0, 0, 0, 0, 0, 0, 0, 0, 0, 0, 
0, 0.98044, 0.98123, 0.98339, 0.98112, 0.9822, 0.98339, 0.98399, 
0.98326, 0.98676, 0.9854, 0.9863, 0.97972, 0.98091, 0.98369, 
0.98331, 0.98347, 0.9841, 0.98443, 0.98514, 0.98696, 0.98652, 
0.98683, 2.5901, 3.1379, 4.0455, 4.4692, 7.1073, 5.3374, 7.3862, 
8.5324, 7.2341, 9.9693, 9.6128, 964.7, 1025.7, 1083.8, 1133.8, 
1186.8, 1228.5, 1278.1, 1319.6, 1367.7, 1408.5, 1454.9, 1, 1, 
1, 1, 1, 1, 1, 1, 1, 1, 1, 1, 1, 1, 1, 1, 1, 1, 1, 1, 1, 1, 1, 
1, 1, 1, 1, 1, 1, 1, 1, 1, 1, 1, 1, 1, 1, 1, 1, 1, 1, 1, 1, 1, 
30.962, 36.929, 46.757, 51.586, 80.298, 61.096, 84.101, 96.082, 
81.798, 112.757, 108.48), .Dim = c(11L, 40L), .Dimnames = list(
    NULL, c("Sampling", "PSO.cost", "PSO.gamma", "PSO.data.balancing", 
    "PSO.feature.selection", "PSO.valid.acc", "PSO.test.acc", 
    "PSO.train.time", "PSO.n.support.vectors", "PSO.index", "PSO.n.solutions", 
    "PSO.generations", "PSO.n.evaluations", "PSO.cpu.time", "RS.cost", 
    "RS.gamma", "RS.data.balancing", "RS.feature.selection", 
    "RS.valid.acc", "RS.test.acc", "RS.train.time", "RS.n.support.vectors", 
    "RS.index", "RS.n.solutions", "RS.generations", "RS.n.evaluations", 
    "RS.cpu.time", "DF.cost", "DF.gamma", "DF.data.balancing", 
    "DF.feature.selection", "DF.valid.acc", "DF.test.acc", "DF.train.time", 
    "DF.n.support.vectors", "DF.index", "DF.n.solutions", "DF.generations", 
    "DF.n.evaluations", "DF.cpu.time")))
