full <-
structure(c(50, 55, 60, 65, 70, 75, 80, 85, 90, 95, 100, 2.22081, 
1.20582, 3.35718, 1.55501, 3.32822, 2.88047, 2.47464, 4.96312, 
3.30068, 2.28838, 2.01879, -7.53551, -5.42999, -7.06213, -7.04579, 
-7.18378, -6.70071, -6.70577, -8.50584, -6.70815, -6.69093, -6.97796, 
0, 0, 0, 0, 0, 0, 0, 0, 0, 0, 0, 0, 0, 0, 0, 0, 0, 0, 0, 0, 0, 
0, 0.98079, 0.98416, 0.98577, 0.98604, 0.98526, 0.98742, 0.98733, 
0.98848, 0.98933, 0.98933, 0.98933, 0.98044, 0.9806, 0.9834, 
0.98385, 0.98399, 0.986, 0.98532, 0.98744, 0.98775, 0.98858, 
0.98879, 1.814, 3.3354, 2.5042, 3.4894, 3.894, 3.9324, 4.2457, 
3.3225, 5.0169, 5.9074, 6.6139, 754.4, 1097.1, 843.2, 942.4, 
894.9, 1012.5, 1041.8, 811.7, 1103.4, 1133.3, 1143.3, 365, 569, 
582, 732, 1294, 694, 2172, 891, 725, 646, 1399, 64, 228, 485, 
502, 37, 345, 65, 59, 413, 198, 39, 100, 100, 100, 100, 100, 
100, 100, 100, 100, 100, 100, 2500, 2500, 2500, 2500, 2500, 2500, 
2500, 2500, 2500, 2500, 2500, 65520.607, 107665.946, 88430.051, 
115517.906, 138146.348, 126983.789, 134228.96, 119270.112, 168492.101, 
178406.536, 204452.109, 2.19549, 1.87607, 3.14117, 1.07476, 11.06187, 
2.91098, 13.8005, 4.96347, 3.80362, 2.05018, 2.8096, -7.57468, 
-5.42422, -7.07062, -6.68722, -6.18803, -6.73928, -6.70255, -8.54001, 
-6.71806, -7.01028, -7.23946, 0, 0, 0, 0, 0, 0, 0, 0, 0, 0, 0, 
0, 0, 0, 0, 0, 0, 0, 0, 0, 0, 0, 0.98079, 0.98319, 0.98517, 0.98549, 
0.98475, 0.98719, 0.9871, 0.98827, 0.98893, 0.98932, 0.98879, 
0.98079, 0.98092, 0.9831, 0.98385, 0.98323, 0.98553, 0.98577, 
0.98744, 0.98834, 0.9882, 0.98844, 1.7984, 3.981, 2.698, 3.4868, 
4.1497, 3.5164, 4.0866, 3.2369, 4.961, 5.1305, 5.5768, 753.5, 
1094.5, 844.1, 994.1, 1068.2, 1005, 1034.6, 811.4, 1103.7, 1100.9, 
1071.4, 197, 731, 868, 894, 1239, 356, 1268, 1782, 706, 998, 
266, 1, 2, 14, 2, 10, 2, 3, 1, 2, 1, 2, 100, 100, 100, 100, 100, 
100, 100, 100, 100, 100, 100, 2500, 2500, 2500, 2500, 2500, 2500, 
2500, 2500, 2500, 2500, 2500, 140669.664, 184318.353, 219185.696, 
238029.187, 271726.414, 294750.558, 318959.953, 373963.578, 406549.37, 
438340.658, 488651.686, 1, 1, 1, 1, 1, 1, 1, 1, 1, 1, 1, 0.01613, 
0.01613, 0.01613, 0.01613, 0.01613, 0.01613, 0.01613, 0.01613, 
0.01613, 0.01613, 0.01613, 0, 0, 0, 0, 0, 0, 0, 0, 0, 0, 0, 0, 
0, 0, 0, 0, 0, 0, 0, 0, 0, 0, 0.97617, 0.98028, 0.97983, 0.98192, 
0.97916, 0.98411, 0.98487, 0.98346, 0.9836, 0.98689, 0.9847, 
0.97938, 0.9793, 0.98072, 0.9822, 0.98068, 0.98411, 0.98399, 
0.98221, 0.9834, 0.98502, 0.98541, 2.7461, 3.7408, 4.8561, 4.7723, 
4.7717, 4.9677, 6.0357, 6.7312, 6.9965, 7.4325, 8.768, 984.8, 
1047.4, 1089, 1145.9, 1196.7, 1245.4, 1291.6, 1347.2, 1379.2, 
1405, 1450.7, 1, 1, 1, 1, 1, 1, 1, 1, 1, 1, 1, 1, 1, 1, 1, 1, 
1, 1, 1, 1, 1, 1, 1, 1, 1, 1, 1, 1, 1, 1, 1, 1, 1, 1, 1, 1, 1, 
1, 1, 1, 1, 1, 1, 1, 32.864, 43.609, 56.404, 55.293, 54.801, 
57.186, 69.155, 76.59, 79.386, 83.979, 98.84), .Dim = c(11L, 
40L), .Dimnames = list(NULL, c("Sampling", "PSO.cost", "PSO.gamma", 
"PSO.data.balancing", "PSO.feature.selection", "PSO.valid.acc", 
"PSO.test.acc", "PSO.train.time", "PSO.n.support.vectors", "PSO.index", 
"PSO.n.solutions", "PSO.generations", "PSO.n.evaluations", "PSO.cpu.time", 
"RS.cost", "RS.gamma", "RS.data.balancing", "RS.feature.selection", 
"RS.valid.acc", "RS.test.acc", "RS.train.time", "RS.n.support.vectors", 
"RS.index", "RS.n.solutions", "RS.generations", "RS.n.evaluations", 
"RS.cpu.time", "DF.cost", "DF.gamma", "DF.data.balancing", "DF.feature.selection", 
"DF.valid.acc", "DF.test.acc", "DF.train.time", "DF.n.support.vectors", 
"DF.index", "DF.n.solutions", "DF.generations", "DF.n.evaluations", 
"DF.cpu.time")))
