full <-
structure(c(50, 55, 60, 65, 70, 75, 80, 85, 90, 95, 100, 1.71788, 
3.73137, 3.39962, 2.74761, 2.79878, 2.94636, 2.44888, 2.14131, 
3.02401, 3.21884, 1.80288, -7.28309, -7.63267, -7.7844, -7.50884, 
-6.01258, -6.41965, -6.51218, -6.39452, -6.20028, -6.66973, -6.72321, 
0, 0, 0, 0, 0, 0, 0, 0, 0, 0, 0, 0, 0, 0, 0, 0, 0, 0, 0, 0, 0, 
0, 0.98399, 0.98576, 0.98458, 0.98631, 0.98577, 0.9872, 0.9871, 
0.98807, 0.98834, 0.99007, 0.98844, 0.98112, 0.98254, 0.98458, 
0.98576, 0.98349, 0.98554, 0.98576, 0.98807, 0.98774, 0.98858, 
0.98755, 2.0088, 2.0585, 2.3514, 2.7808, 4.9211, 4.4595, 4.4829, 
5.3967, 7.206, 5.5017, 6.803, 792.3, 743.5, 778.1, 847.9, 1111.4, 
1050.3, 1078.6, 1140.9, 1210.3, 1133.2, 1190, 2109, 653, 1014, 
1095, 1027, 1632, 463, 2054, 456, 526, 1325, 1, 523, 62, 121, 
300, 32, 298, 74, 83, 812, 267, 100, 100, 100, 100, 100, 100, 
100, 100, 100, 100, 100, 2500, 2500, 2500, 2500, 2500, 2500, 
2500, 2500, 2500, 2500, 2500, 64792.758, 70918.234, 80843.839, 
96515.745, 146159.875, 146609.422, 156251.901, 174266.673, 215297.174, 
187639.273, 239791.841999999, 1.56694, 3.76953, 3.37925, 2.9495, 
2.91687, 4.80908, 2.64897, 2.60873, 3.41583, 3.91546, 2.09233, 
-7.30756, -7.78742, -7.07638, -7.75231, -5.98016, -6.17802, -6.55833, 
-6.47014, -6.78955, -6.71745, -7.18864, 0, 0, 0, 0, 0, 0, 0, 
0, 0, 0, 0, 0, 0, 0, 0, 0, 0, 0, 0, 0, 0, 0, 0.98328, 0.98543, 
0.98399, 0.98521, 0.98577, 0.98696, 0.98688, 0.98786, 0.98833, 
0.98989, 0.98826, 0.98005, 0.98286, 0.9834, 0.98521, 0.98374, 
0.98483, 0.98576, 0.98807, 0.98675, 0.98914, 0.98773, 2.0206, 
2.0942, 2.6518, 2.737, 4.7382, 5.4239, 4.8851, 5.1675, 5.2111, 
7.5322, 6.7121, 804.7, 730.6, 841.7, 824, 1117.6, 1096.3, 1068, 
1118.7, 1070.8, 1122.5, 1114.8, 379, 1459, 1206, 1490, 1384, 
81, 693, 1066, 991, 591, 1560, 1, 1, 2, 3, 1, 28, 1, 2, 1, 1, 
1, 100, 100, 100, 100, 100, 100, 100, 100, 100, 100, 100, 2500, 
2500, 2500, 2500, 2500, 2500, 2500, 2500, 2500, 2500, 2500, 139495.748, 
178769.997, 208728.73, 245396.172, 287682.353, 329134.384, 353632.326, 
403630.787, 437666.613, 513410.199, 543847.838, 1, 1, 1, 1, 1, 
1, 1, 1, 1, 1, 1, 0.01613, 0.01613, 0.01613, 0.01613, 0.01613, 
0.01613, 0.01613, 0.01613, 0.01613, 0.01613, 0.01613, 0, 0, 0, 
0, 0, 0, 0, 0, 0, 0, 0, 0, 0, 0, 0, 0, 0, 0, 0, 0, 0, 0, 0.97935, 
0.97994, 0.97984, 0.98001, 0.98298, 0.98222, 0.98332, 0.98472, 
0.98339, 0.98614, 0.98488, 0.97686, 0.97834, 0.98043, 0.98165, 
0.98349, 0.98317, 0.98287, 0.98451, 0.98419, 0.98614, 0.98452, 
2.5575, 3.0526, 3.8746, 4.7878, 6.1457, 6.4411, 7.1537, 7.9959, 
7.1502, 10.1537, 9.1021, 980.1, 1036.4, 1093.6, 1143, 1199.1, 
1234.6, 1290.9, 1333.9, 1370.2, 1409.1, 1451.8, 1, 1, 1, 1, 1, 
1, 1, 1, 1, 1, 1, 1, 1, 1, 1, 1, 1, 1, 1, 1, 1, 1, 1, 1, 1, 1, 
1, 1, 1, 1, 1, 1, 1, 1, 1, 1, 1, 1, 1, 1, 1, 1, 1, 1, 30.436, 
35.912, 44.973, 54.764, 69.344, 74.142, 81.272, 90.615, 81.466, 
114.228, 102.867), .Dim = c(11L, 40L), .Dimnames = list(NULL, 
    c("Sampling", "PSO.cost", "PSO.gamma", "PSO.data.balancing", 
    "PSO.feature.selection", "PSO.valid.acc", "PSO.test.acc", 
    "PSO.train.time", "PSO.n.support.vectors", "PSO.index", "PSO.n.solutions", 
    "PSO.generations", "PSO.n.evaluations", "PSO.cpu.time", "RS.cost", 
    "RS.gamma", "RS.data.balancing", "RS.feature.selection", 
    "RS.valid.acc", "RS.test.acc", "RS.train.time", "RS.n.support.vectors", 
    "RS.index", "RS.n.solutions", "RS.generations", "RS.n.evaluations", 
    "RS.cpu.time", "DF.cost", "DF.gamma", "DF.data.balancing", 
    "DF.feature.selection", "DF.valid.acc", "DF.test.acc", "DF.train.time", 
    "DF.n.support.vectors", "DF.index", "DF.n.solutions", "DF.generations", 
    "DF.n.evaluations", "DF.cpu.time")))
