full <-
structure(c(50, 55, 60, 65, 70, 75, 80, 85, 90, 95, 100, 2.73501, 
1.25655, 3.58128, 2.5023, 1.45299, 1.37542, 3.5279, 2.04475, 
3.27715, 4.61162, 1.30499, -7.15321, -5.66485, -7.24196, -5.61335, 
-5.91102, -5.84644, -6.64515, -6.2331, -6.64117, -7.28191, -5.83424, 
0, 0, 0, 0, 0, 0, 0, 0, 0, 0, 0, 0, 0, 0, 0, 0, 0, 0, 0, 0, 0, 
0, 0.98648, 0.98609, 0.98784, 0.98713, 0.98779, 0.98933, 0.98843, 
0.98891, 0.98893, 0.98876, 0.98933, 0.98434, 0.98479, 0.98695, 
0.98631, 0.98703, 0.98696, 0.98755, 0.98703, 0.98833, 0.98726, 
0.98737, 1.8531, 2.9267, 2.5832, 4.0491, 3.955, 4.657, 4.1721, 
5.1466, 4.7948, 5.2715, 9.739, 776.5, 1029.1, 822.5, 1157.8, 
1135.2, 1194.1, 1046.3, 1181.5, 1113, 1011.3, 1391.6, 1095, 2381, 
927, 870, 640, 887, 1106, 1136, 926, 359, 921, 234, 183, 197, 
45, 113, 570, 418, 133, 260, 287, 58, 100, 100, 100, 100, 100, 
100, 100, 100, 100, 100, 100, 2500, 2500, 2500, 2500, 2500, 2500, 
2500, 2500, 2500, 2500, 2500, 60905.454, 90405.077, 95794.249, 
133500.287, 128886.529, 146118.577, 134402.641, 166410.498, 159189.001, 
182307.061, 288307.297999999, 4.60176, 1.4651, 2.94233, 6.66775, 
1.72699, 1.28305, 11.97422, 1.66518, 2.59517, 3.35343, 0.87174, 
-8.37973, -5.69947, -6.48904, -5.53804, -5.89942, -5.85563, -6.63214, 
-6.38101, -6.53596, -7.10724, -5.92543, 0, 0, 0, 0, 0, 0, 0, 
0, 0, 0, 0, 0, 0, 0, 0, 0, 0, 0, 0, 0, 0, 0, 0.98648, 0.98544, 
0.98724, 0.98686, 0.98754, 0.9891, 0.98821, 0.98849, 0.98853, 
0.98876, 0.98897, 0.98149, 0.98512, 0.98635, 0.98604, 0.98677, 
0.98696, 0.98799, 0.98682, 0.98853, 0.98763, 0.98773, 1.5738, 
2.8768, 3.0712, 4.149, 4.2166, 4.7586, 4.4113, 5.1252, 5.1449, 
6.7875, 9.2207, 671.2, 1022, 931.9, 1177, 1136.1, 1191.7, 1046.9, 
1160.2, 1140.8, 1045.8, 1382, 888, 2104, 1261, 193, 633, 1953, 
639, 154, 1246, 1045, 713, 2, 2, 1, 23, 1, 1, 3, 3, 1, 1, 3, 
100, 100, 100, 100, 100, 100, 100, 100, 100, 100, 100, 2500, 
2500, 2500, 2500, 2500, 2500, 2500, 2500, 2500, 2500, 2500, 131229.523, 
171779.472, 247466.886, 230225.278, 266790.196, 315796.754, 322137.204, 
384108.123, 419567.87, 544203.032, 583059.966, 1, 1, 1, 1, 1, 
1, 1, 1, 1, 1, 1, 0.01613, 0.01613, 0.01613, 0.01613, 0.01613, 
0.01613, 0.01613, 0.01613, 0.01613, 0.01613, 0.01613, 0, 0, 0, 
0, 0, 0, 0, 0, 0, 0, 0, 0, 0, 0, 0, 0, 0, 0, 0, 0, 0, 0, 0.9822, 
0.98253, 0.98191, 0.98302, 0.98397, 0.98506, 0.98421, 0.98514, 
0.98537, 0.9837, 0.9863, 0.98007, 0.98253, 0.9819, 0.98385, 0.98473, 
0.98506, 0.98488, 0.98431, 0.98596, 0.98426, 0.98559, 2.4576, 
2.8514, 5.2343, 3.6893, 4.3501, 5.0807, 5.5431, 6.3489, 7.2948, 
10.7634, 10.4485, 979, 1031.6, 1092.3, 1146.4, 1193.5, 1245.1, 
1284, 1334.3, 1377.7, 1415.2, 1450.6, 1, 1, 1, 1, 1, 1, 1, 1, 
1, 1, 1, 1, 1, 1, 1, 1, 1, 1, 1, 1, 1, 1, 1, 1, 1, 1, 1, 1, 1, 
1, 1, 1, 1, 1, 1, 1, 1, 1, 1, 1, 1, 1, 1, 1, 29.414, 33.619, 
59.866, 42.833, 50.076, 58.08, 63.012, 71.744, 82.284, 122.296, 
118.344), .Dim = c(11L, 40L), .Dimnames = list(NULL, c("Sampling", 
"PSO.cost", "PSO.gamma", "PSO.data.balancing", "PSO.feature.selection", 
"PSO.valid.acc", "PSO.test.acc", "PSO.train.time", "PSO.n.support.vectors", 
"PSO.index", "PSO.n.solutions", "PSO.generations", "PSO.n.evaluations", 
"PSO.cpu.time", "RS.cost", "RS.gamma", "RS.data.balancing", "RS.feature.selection", 
"RS.valid.acc", "RS.test.acc", "RS.train.time", "RS.n.support.vectors", 
"RS.index", "RS.n.solutions", "RS.generations", "RS.n.evaluations", 
"RS.cpu.time", "DF.cost", "DF.gamma", "DF.data.balancing", "DF.feature.selection", 
"DF.valid.acc", "DF.test.acc", "DF.train.time", "DF.n.support.vectors", 
"DF.index", "DF.n.solutions", "DF.generations", "DF.n.evaluations", 
"DF.cpu.time")))
