full <-
structure(c(50, 55, 60, 65, 70, 75, 80, 85, 90, 95, 100, 5.70949, 
2.94136, 3.45885, 2.74885, 2.03349, 2.57086, 2.4088, 3.40401, 
3.11882, 3.16668, 5.61936, -6.82699, -6.7468, -6.66621, -7.29081, 
-6.71721, -6.62754, -7.18353, -7.18914, -7.3732, -7.895, -6.89551, 
0, 0, 0, 0, 0, 0, 0, 0, 0, 0, 0, 0, 0, 0, 0, 0, 0, 0, 0, 0, 0, 
0, 0.9854, 0.98414, 0.98756, 0.98879, 0.98882, 0.9872, 0.9871, 
0.98807, 0.98774, 0.98932, 0.98915, 0.98399, 0.98349, 0.98489, 
0.98688, 0.98755, 0.98649, 0.98644, 0.98744, 0.98755, 0.9867, 
0.98754, 1.9708, 2.3901, 3.7143, 3.1283, 3.7608, 3.5803, 3.6029, 
4.0538, 4.1869, 4.5625, 5.9667, 794.6, 842.5, 896.8, 871.5, 985.9, 
1016.2, 983.6, 973.9, 983.9, 965.5, 1112.5, 94, 1320, 567, 330, 
677, 852, 1157, 1100, 1359, 580, 745, 1562, 15, 672, 319, 453, 
326, 279, 115, 116, 266, 486, 100, 100, 100, 100, 100, 100, 100, 
100, 100, 100, 100, 2500, 2500, 2500, 2500, 2500, 2500, 2500, 
2500, 2500, 2500, 2500, 65845.321, 79422.945, 109947.004, 101131.733, 
141276.463, 125108.768, 122424.821, 139206.441, 152140.52, 151186.777, 
187519.339, 11.73253, 2.77551, 3.92401, 2.41297, 1.9822, 2.59603, 
2.41914, 3.0565, 3.1478, 3.69743, 5.52873, -6.76891, -7.09292, 
-6.67452, -6.66106, -6.77358, -6.37879, -7.37818, -7.239, -7.42413, 
-7.74077, -6.93513, 0, 0, 0, 0, 0, 0, 0, 0, 0, 0, 0, 0, 0, 0, 
0, 0, 0, 0, 0, 0, 0, 0, 0.9854, 0.98382, 0.98727, 0.98852, 0.98831, 
0.98649, 0.98688, 0.98765, 0.98774, 0.98894, 0.98915, 0.98435, 
0.98479, 0.98489, 0.98824, 0.98729, 0.98601, 0.98599, 0.98702, 
0.98715, 0.98633, 0.98754, 2.0331, 2.2849, 3.0699, 3.2348, 4.0416, 
4.2952, 3.7611, 4.2083, 4.3767, 4.3106, 6.0877, 803.3, 805.2, 
894.9, 943.9, 980.5, 1064.8, 960, 970.2, 976.5, 947.1, 1104.9, 
87, 227, 582, 14, 452, 284, 2308, 316, 2359, 220, 146, 30, 1, 
3, 1, 2, 2, 2, 2, 1, 3, 1, 100, 100, 100, 100, 100, 100, 100, 
100, 100, 100, 100, 2500, 2500, 2500, 2500, 2500, 2500, 2500, 
2500, 2500, 2500, 2500, 141113.93, 179907.404, 222990.87, 241260.539, 
266879.31, 289256.87, 318764.902, 372292.365, 399131.928, 435184.044, 
492534.344, 1, 1, 1, 1, 1, 1, 1, 1, 1, 1, 1, 0.01613, 0.01613, 
0.01613, 0.01613, 0.01613, 0.01613, 0.01613, 0.01613, 0.01613, 
0.01613, 0.01613, 0, 0, 0, 0, 0, 0, 0, 0, 0, 0, 0, 0, 0, 0, 0, 
0, 0, 0, 0, 0, 0, 0, 0.97829, 0.98027, 0.98162, 0.98332, 0.98248, 
0.98388, 0.98287, 0.98367, 0.98518, 0.98557, 0.98452, 0.979, 
0.97866, 0.97895, 0.98332, 0.9835, 0.98317, 0.98221, 0.98451, 
0.98478, 0.9852, 0.98648, 2.8029, 4.409, 5.0407, 5.0849, 4.9174, 
5.3474, 5.593, 7.3666, 6.7723, 7.7181, 9.1516, 989.5, 1039.3, 
1090.2, 1140.2, 1191, 1238.3, 1274.8, 1319.3, 1362.2, 1407.6, 
1452.4, 1, 1, 1, 1, 1, 1, 1, 1, 1, 1, 1, 1, 1, 1, 1, 1, 1, 1, 
1, 1, 1, 1, 1, 1, 1, 1, 1, 1, 1, 1, 1, 1, 1, 1, 1, 1, 1, 1, 1, 
1, 1, 1, 1, 1, 33.532, 51.334, 58.377, 58.792, 56.348, 61.055, 
63.912, 83.513, 77.15, 87.384, 103.286), .Dim = c(11L, 40L), .Dimnames = list(
    NULL, c("Sampling", "PSO.cost", "PSO.gamma", "PSO.data.balancing", 
    "PSO.feature.selection", "PSO.valid.acc", "PSO.test.acc", 
    "PSO.train.time", "PSO.n.support.vectors", "PSO.index", "PSO.n.solutions", 
    "PSO.generations", "PSO.n.evaluations", "PSO.cpu.time", "RS.cost", 
    "RS.gamma", "RS.data.balancing", "RS.feature.selection", 
    "RS.valid.acc", "RS.test.acc", "RS.train.time", "RS.n.support.vectors", 
    "RS.index", "RS.n.solutions", "RS.generations", "RS.n.evaluations", 
    "RS.cpu.time", "DF.cost", "DF.gamma", "DF.data.balancing", 
    "DF.feature.selection", "DF.valid.acc", "DF.test.acc", "DF.train.time", 
    "DF.n.support.vectors", "DF.index", "DF.n.solutions", "DF.generations", 
    "DF.n.evaluations", "DF.cpu.time")))
