full <-
structure(c(50, 55, 60, 65, 70, 75, 80, 85, 90, 95, 100, 3.01796, 
2.72592, 3.3141, 4.48469, 1.8082, 12.54357, 2.59008, 4.04749, 
8.15941, 4.66129, 3.30306, -6.99079, -7.59325, -6.67556, -7.36149, 
-6.57197, -5.21576, -6.92432, -6.70431, -6.13599, -7.18976, -6.58732, 
0, 0, 0, 0, 0, 0, 0, 0, 0, 0, 0, 0, 0, 0, 0, 0, 0, 0, 0, 0, 0, 
0, 0.98505, 0.98706, 0.98902, 0.98905, 0.98881, 0.98719, 0.98844, 
0.98932, 0.98834, 0.99007, 0.98968, 0.98398, 0.98577, 0.98577, 
0.98741, 0.98779, 0.98695, 0.98643, 0.98849, 0.98715, 0.98782, 
0.98825, 2.0089, 2.1158, 2.7233, 2.6466, 3.6895, 7.2603, 4.2702, 
5.8412, 6.3497, 5.8448, 6.9786, 764.1, 763.7, 889.9, 833.6, 1005.1, 
1379.8, 1010.5, 1066.7, 1236.9, 1028.4, 1179.9, 1431, 733, 1539, 
344, 1084, 413, 1308, 429, 145, 730, 1189, 67, 496, 107, 90, 
203, 469, 45, 97, 1053, 765, 60, 100, 100, 100, 100, 100, 100, 
100, 100, 100, 100, 100, 2500, 2500, 2500, 2500, 2500, 2500, 
2500, 2500, 2500, 2500, 2500, 65946.105, 72184.725, 94919.017, 
99058.5110000001, 120128.397, 209287.653, 138143.271, 187820.512, 
199455.455, 214427.274, 215808.229, 7.84651, 2.69746, 10.23023, 
4.62651, 1.74786, 2.43637, 2.87848, 3.12313, 8.92911, 4.72837, 
3.29769, -7.09283, -7.673, -6.67175, -7.34351, -6.43577, -6.94928, 
-7.65672, -6.78166, -6.18164, -7.16743, -6.55943, 0, 0, 0, 0, 
0, 0, 0, 0, 0, 0, 0, 0, 0, 0, 0, 0, 0, 0, 0, 0, 0, 0, 0.98468, 
0.98674, 0.98843, 0.98905, 0.9883, 0.98719, 0.98777, 0.98891, 
0.98834, 0.99007, 0.98932, 0.98469, 0.98577, 0.98606, 0.98713, 
0.98729, 0.98743, 0.98665, 0.98807, 0.98715, 0.98801, 0.98825, 
1.9136, 2.0792, 2.5431, 2.5647, 3.5256, 3.848, 3.6716, 4.965, 
7.7444, 7.1227, 6.4301, 750.3, 762.3, 890.5, 835.6, 1026.9, 977.4, 
919.5, 1053.5, 1224.4, 1031.9, 1186.1, 552, 2400, 602, 2215, 
1940, 2071, 1526, 125, 934, 1293, 152, 12, 1, 2, 1, 1, 1, 1, 
1, 10, 3, 1, 100, 100, 100, 100, 100, 100, 100, 100, 100, 100, 
100, 2500, 2500, 2500, 2500, 2500, 2500, 2500, 2500, 2500, 2500, 
2500, 141868.015, 177914.346, 210167.892, 230152.471, 261300.637, 
338205.358, 366155.251, 431859.089, 444408.481, 555416.682, 530499.436, 
1, 1, 1, 1, 1, 1, 1, 1, 1, 1, 1, 0.01613, 0.01613, 0.01613, 0.01613, 
0.01613, 0.01613, 0.01613, 0.01613, 0.01613, 0.01613, 0.01613, 
0, 0, 0, 0, 0, 0, 0, 0, 0, 0, 0, 0, 0, 0, 0, 0, 0, 0, 0, 0, 0, 
0, 0.9815, 0.9835, 0.98576, 0.98357, 0.985, 0.98363, 0.98421, 
0.98493, 0.98537, 0.98501, 0.9863, 0.98292, 0.98253, 0.98428, 
0.98385, 0.98398, 0.98386, 0.98355, 0.98618, 0.98517, 0.98482, 
0.98612, 2.697, 2.9269, 3.3325, 3.6828, 4.0533, 5.8996, 6.8725, 
8.0575, 7.8666, 10.8882, 8.1507, 971.6, 1032, 1081.7, 1128.4, 
1182.7, 1231.3, 1289.1, 1335.6, 1377, 1416.1, 1452.6, 1, 1, 1, 
1, 1, 1, 1, 1, 1, 1, 1, 1, 1, 1, 1, 1, 1, 1, 1, 1, 1, 1, 1, 1, 
1, 1, 1, 1, 1, 1, 1, 1, 1, 1, 1, 1, 1, 1, 1, 1, 1, 1, 1, 1, 32.137, 
35.285, 39.928, 42.771, 46.815, 68.7, 79.189, 90.754, 89.394, 
124.987, 91.764), .Dim = c(11L, 40L), .Dimnames = list(NULL, 
    c("Sampling", "PSO.cost", "PSO.gamma", "PSO.data.balancing", 
    "PSO.feature.selection", "PSO.valid.acc", "PSO.test.acc", 
    "PSO.train.time", "PSO.n.support.vectors", "PSO.index", "PSO.n.solutions", 
    "PSO.generations", "PSO.n.evaluations", "PSO.cpu.time", "RS.cost", 
    "RS.gamma", "RS.data.balancing", "RS.feature.selection", 
    "RS.valid.acc", "RS.test.acc", "RS.train.time", "RS.n.support.vectors", 
    "RS.index", "RS.n.solutions", "RS.generations", "RS.n.evaluations", 
    "RS.cpu.time", "DF.cost", "DF.gamma", "DF.data.balancing", 
    "DF.feature.selection", "DF.valid.acc", "DF.test.acc", "DF.train.time", 
    "DF.n.support.vectors", "DF.index", "DF.n.solutions", "DF.generations", 
    "DF.n.evaluations", "DF.cpu.time")))
