full <-
structure(c(50, 55, 60, 65, 70, 75, 80, 85, 90, 95, 100, 3.23324, 
3.12544, 3.14346, 5.60187, 1.5945, 2.00346, 1.60936, 3.17681, 
2.13846, 1.82328, 1.66605, -7.35776, -7.84611, -6.48143, -6.05849, 
-7.03811, -7.07911, -6.59169, -6.78624, -5.95646, -5.92858, -6.32846, 
0, 0, 0, 0, 0, 0, 0, 0, 0, 0, 0, 0, 0, 0, 0, 0, 0, 0, 0, 0, 0, 
0, 0.9847, 0.98479, 0.98397, 0.98522, 0.98577, 0.98648, 0.98688, 
0.98744, 0.98853, 0.98989, 0.98897, 0.98256, 0.98285, 0.98249, 
0.98467, 0.98501, 0.98457, 0.98466, 0.9866, 0.98813, 0.9882, 
0.98648, 1.9155, 2.0981, 3.4146, 4.952, 3.4303, 3.7135, 4.6766, 
5.0484, 8.6571, 11.3685, 6.7148, 746.5, 759.9, 935.7, 1045.7, 
978.1, 985.7, 1084.9, 1054.6, 1291.8, 1318.8, 1264.6, 1355, 950, 
1090, 277, 787, 848, 656, 1068, 407, 539, 1641, 12, 141, 191, 
468, 397, 226, 148, 233, 79, 327, 43, 100, 100, 100, 100, 100, 
100, 100, 100, 100, 100, 100, 2500, 2500, 2500, 2500, 2500, 2500, 
2500, 2500, 2500, 2500, 2500, 62649.177, 80280.768, 103843.674, 
138547.593, 115266.621, 128176.192, 160867.206, 162536.619, 222200.938, 
281252.498, 256286.876999999, 3.30108, 2.80219, 3.45247, 7.34634, 
1.17313, 1.69876, 2.92512, 3.53944, 2.87742, 2.02097, 1.51294, 
-7.59737, -7.40464, -6.49656, -7.82079, -6.6681, -6.81632, -6.57259, 
-7.04443, -5.9594, -5.82806, -6.38377, 0, 0, 0, 0, 0, 0, 0, 0, 
0, 0, 0, 0, 0, 0, 0, 0, 0, 0, 0, 0, 0, 0, 0.98434, 0.98447, 0.98397, 
0.98523, 0.98551, 0.98624, 0.98644, 0.98723, 0.98814, 0.9897, 
0.98843, 0.98256, 0.9835, 0.98249, 0.98303, 0.98399, 0.98529, 
0.98488, 0.98702, 0.98754, 0.9882, 0.98665, 1.7944, 2.1977, 3.115, 
2.7133, 3.5042, 3.7945, 4.838, 4.7508, 6.5931, 7.0699, 6.344, 
730.4, 791.7, 932.5, 779.7, 1033.6, 1025.5, 1054.6, 1005.3, 1291, 
1346, 1261.2, 474, 681, 184, 730, 612, 207, 1361, 63, 1732, 1524, 
1427, 3, 1, 2, 2, 1, 2, 5, 3, 1, 3, 1, 100, 100, 100, 100, 100, 
100, 100, 100, 100, 100, 100, 2500, 2500, 2500, 2500, 2500, 2500, 
2500, 2500, 2500, 2500, 2500, 145499.894, 179565.418, 226239.694, 
334693.266, 266154.401, 345388.815, 387019.926, 444988.418, 526939.577, 
533910.967999999, 563197.24, 1, 1, 1, 1, 1, 1, 1, 1, 1, 1, 1, 
0.01613, 0.01613, 0.01613, 0.01613, 0.01613, 0.01613, 0.01613, 
0.01613, 0.01613, 0.01613, 0.01613, 0, 0, 0, 0, 0, 0, 0, 0, 0, 
0, 0, 0, 0, 0, 0, 0, 0, 0, 0, 0, 0, 0, 0.97616, 0.97703, 0.97775, 
0.98056, 0.98272, 0.98292, 0.98288, 0.98367, 0.98477, 0.98539, 
0.98523, 0.97758, 0.97897, 0.97894, 0.9792, 0.98246, 0.98126, 
0.98421, 0.98242, 0.98497, 0.98558, 0.98505, 2.6348, 3.634, 3.5902, 
6.543, 4.6239, 5.9128, 8.5041, 7.0487, 9.0675, 9.4065, 7.8933, 
985.6, 1042.6, 1100, 1141.6, 1197.9, 1251, 1292.2, 1329.2, 1381, 
1410.8, 1452.4, 1, 1, 1, 1, 1, 1, 1, 1, 1, 1, 1, 1, 1, 1, 1, 
1, 1, 1, 1, 1, 1, 1, 1, 1, 1, 1, 1, 1, 1, 1, 1, 1, 1, 1, 1, 1, 
1, 1, 1, 1, 1, 1, 1, 1, 31.558, 42.226, 42.017, 75.58, 53.298, 
68.134, 97.143, 79.471, 104.042, 107.706, 90.027), .Dim = c(11L, 
40L), .Dimnames = list(NULL, c("Sampling", "PSO.cost", "PSO.gamma", 
"PSO.data.balancing", "PSO.feature.selection", "PSO.valid.acc", 
"PSO.test.acc", "PSO.train.time", "PSO.n.support.vectors", "PSO.index", 
"PSO.n.solutions", "PSO.generations", "PSO.n.evaluations", "PSO.cpu.time", 
"RS.cost", "RS.gamma", "RS.data.balancing", "RS.feature.selection", 
"RS.valid.acc", "RS.test.acc", "RS.train.time", "RS.n.support.vectors", 
"RS.index", "RS.n.solutions", "RS.generations", "RS.n.evaluations", 
"RS.cpu.time", "DF.cost", "DF.gamma", "DF.data.balancing", "DF.feature.selection", 
"DF.valid.acc", "DF.test.acc", "DF.train.time", "DF.n.support.vectors", 
"DF.index", "DF.n.solutions", "DF.generations", "DF.n.evaluations", 
"DF.cpu.time")))
