full <-
structure(c(50, 55, 60, 65, 70, 75, 80, 85, 90, 95, 100, 2.52049, 
3.56601, 2.56241, 4.0397, 2.63113, 2.36405, 3.39069, 2.31044, 
15, 2.41022, 2.69151, -6.84887, -6.16248, -6.24193, -7.36577, 
-6.27021, -6.61578, -6.69749, -6.15767, -6.77298, -6.12575, -7.37365, 
0, 0, 0, 0, 0, 0, 0, 0, 0, 0, 0, 0, 0, 0, 0, 0, 0, 0, 0, 0, 0, 
0, 0.98612, 0.98736, 0.98724, 0.98713, 0.98932, 0.98838, 0.98821, 
0.98848, 0.98893, 0.98914, 0.98986, 0.98434, 0.98607, 0.98636, 
0.98549, 0.98881, 0.98766, 0.98665, 0.98681, 0.98834, 0.98765, 
0.98844, 1.9962, 2.6015, 2.9966, 2.5557, 3.5168, 3.6744, 3.9854, 
5.891, 4.3804, 6.1918, 5.9271, 781.9, 918.6, 946.5, 817.8, 1029.9, 
996.6, 1016.7, 1168.5, 1056.2, 1251.2, 1056.8, 517, 1507, 1118, 
502, 675, 911, 1428, 1056, 564, 620, 866, 583, 157, 125, 336, 
591, 561, 187, 70, 667, 64, 418, 100, 100, 100, 100, 100, 100, 
100, 100, 100, 100, 100, 2500, 2500, 2500, 2500, 2500, 2500, 
2500, 2500, 2500, 2500, 2500, 65753.31, 81922.174, 92270.328, 
90765, 115824.516, 121573.863, 151652.005, 185511.49, 151033.722, 
206606.606, 200387.354, 2.5494, 3.99551, 2.10555, 4.12451, 2.68684, 
14.0596, 3.40069, 3.60327, 13.1903, 2.20327, 2.26011, -6.72399, 
-6.1628, -5.94686, -7.38082, -6.33995, -6.58876, -6.67195, -6.16082, 
-6.79724, -5.98664, -7.41696, 0, 0, 0, 0, 0, 0, 0, 0, 0, 0, 0, 
0, 0, 0, 0, 0, 0, 0, 0, 0, 0, 0, 0.98576, 0.98704, 0.98694, 0.98713, 
0.98932, 0.98767, 0.98776, 0.98828, 0.98873, 0.98895, 0.9895, 
0.98434, 0.98607, 0.98576, 0.98549, 0.98907, 0.98695, 0.98665, 
0.98723, 0.98814, 0.98765, 0.9879, 2.0077, 2.6063, 3.2069, 2.603, 
3.503, 3.6479, 3.9472, 5.5502, 4.5629, 8.2895, 5.286, 791.2, 
918.4, 1006.2, 816.4, 1013.4, 996.7, 1022.3, 1169.2, 1051.3, 
1288.9, 1083.5, 1213, 68, 76, 1706, 618, 875, 783, 1548, 109, 
242, 202, 1, 16, 1, 2, 1, 2, 9, 13, 8, 12, 1, 100, 100, 100, 
100, 100, 100, 100, 100, 100, 100, 100, 2500, 2500, 2500, 2500, 
2500, 2500, 2500, 2500, 2500, 2500, 2500, 136645.743, 169137.029, 
201273.13, 242974.141, 269957.966, 315827.561, 368731.064, 394527.545, 
410108.756, 473343.836, 525602.464000001, 1, 1, 1, 1, 1, 1, 1, 
1, 1, 1, 1, 0.01613, 0.01613, 0.01613, 0.01613, 0.01613, 0.01613, 
0.01613, 0.01613, 0.01613, 0.01613, 0.01613, 0, 0, 0, 0, 0, 0, 
0, 0, 0, 0, 0, 0, 0, 0, 0, 0, 0, 0, 0, 0, 0, 0, 0.98255, 0.98187, 
0.98338, 0.98385, 0.98474, 0.98411, 0.98487, 0.98576, 0.98537, 
0.98633, 0.98647, 0.98184, 0.98381, 0.98279, 0.9822, 0.98321, 
0.9841, 0.98532, 0.98514, 0.98497, 0.98577, 0.98541, 2.5148, 
3.0156, 3.1615, 4.0854, 4.5116, 6.5608, 6.3876, 6.2019, 7.3074, 
10.0083, 10.9143, 966.5, 1021.1, 1074.5, 1133.4, 1190.1, 1228.5, 
1285.3, 1312.3, 1357, 1398.8, 1450.5, 1, 1, 1, 1, 1, 1, 1, 1, 
1, 1, 1, 1, 1, 1, 1, 1, 1, 1, 1, 1, 1, 1, 1, 1, 1, 1, 1, 1, 1, 
1, 1, 1, 1, 1, 1, 1, 1, 1, 1, 1, 1, 1, 1, 1, 29.898, 35.281, 
37.089, 47.397, 52.065, 75.254, 73.56, 70.304, 83.785, 114.367, 
123.833), .Dim = c(11L, 40L), .Dimnames = list(NULL, c("Sampling", 
"PSO.cost", "PSO.gamma", "PSO.data.balancing", "PSO.feature.selection", 
"PSO.valid.acc", "PSO.test.acc", "PSO.train.time", "PSO.n.support.vectors", 
"PSO.index", "PSO.n.solutions", "PSO.generations", "PSO.n.evaluations", 
"PSO.cpu.time", "RS.cost", "RS.gamma", "RS.data.balancing", "RS.feature.selection", 
"RS.valid.acc", "RS.test.acc", "RS.train.time", "RS.n.support.vectors", 
"RS.index", "RS.n.solutions", "RS.generations", "RS.n.evaluations", 
"RS.cpu.time", "DF.cost", "DF.gamma", "DF.data.balancing", "DF.feature.selection", 
"DF.valid.acc", "DF.test.acc", "DF.train.time", "DF.n.support.vectors", 
"DF.index", "DF.n.solutions", "DF.generations", "DF.n.evaluations", 
"DF.cpu.time")))
