full <-
structure(c(50, 55, 60, 65, 70, 75, 80, 85, 90, 95, 100, 2.22213, 
2.40601, 3.91271, 11.84596, 2.02723, 3.85542, 2.13433, 3.53777, 
1.24588, 1.36764, 3.02821, -6.87743, -7.24838, -8.0762, -7.78987, 
-7.54982, -7.52499, -6.68319, -8.22261, -5.82072, -5.72296, -6.52236, 
0, 0, 0, 0, 0, 0, 0, 0, 0, 0, 0, 0, 0, 0, 0, 0, 0, 0, 0, 0, 0, 
0, 0.98719, 0.9877, 0.98815, 0.9896, 0.98881, 0.98861, 0.98976, 
0.98765, 0.98853, 0.98933, 0.9895, 0.98684, 0.98641, 0.98666, 
0.98741, 0.98881, 0.98766, 0.9871, 0.98806, 0.98596, 0.98783, 
0.98825, 1.9977, 2.2004, 2.1934, 2.6114, 3.2725, 3.1121, 4.4797, 
3.6677, 6.1566, 9.2913, 6.3672, 797.4, 796.6, 735.2, 769.9, 925.1, 
866.3, 1051.6, 876.7, 1323.8, 1385.9, 1196.7, 1046, 525, 591, 
266, 656, 265, 918, 1447, 822, 1341, 1462, 339, 187, 59, 804, 
40, 365, 407, 65, 525, 741, 55, 100, 100, 100, 100, 100, 100, 
100, 100, 100, 100, 100, 2500, 2500, 2500, 2500, 2500, 2500, 
2500, 2500, 2500, 2500, 2500, 66027.717, 71867.864, 84429.085, 
89249.8520000001, 105484.985, 116854.5, 145541.291, 188434.836, 
190095.725, 253765.677, 220823.875, 2.11489, 2.34122, 4.63936, 
13.66633, 5.49053, 2.95175, 2.22793, 3.55527, 2.17961, 2.96309, 
3.78818, -6.6643, -7.15539, -8.11161, -7.78784, -7.6111, -6.81207, 
-6.70236, -8.24376, -5.83893, -5.77763, -6.51367, 0, 0, 0, 0, 
0, 0, 0, 0, 0, 0, 0, 0, 0, 0, 0, 0, 0, 0, 0, 0, 0, 0, 0.98684, 
0.98705, 0.98755, 0.9896, 0.98831, 0.98837, 0.98932, 0.98765, 
0.98813, 0.98933, 0.98914, 0.98684, 0.98576, 0.98666, 0.98741, 
0.98856, 0.98742, 0.98665, 0.98764, 0.98596, 0.98726, 0.9879, 
2.1251, 2.3823, 2.3825, 2.4278, 2.8313, 3.8499, 4.4382, 3.6994, 
8.7033, 7.5789, 6.4208, 821.3, 805.8, 721.3, 769.9, 828.6, 983.7, 
1047.1, 875.4, 1311.9, 1370.8, 1198.7, 664, 1266, 266, 1512, 
1540, 170, 1119, 292, 2153, 1234, 453, 1, 2, 3, 1, 1, 1, 1, 1, 
1, 1, 2, 100, 100, 100, 100, 100, 100, 100, 100, 100, 100, 100, 
2500, 2500, 2500, 2500, 2500, 2500, 2500, 2500, 2500, 2500, 2500, 
137851.298, 209132.229, 250699.018, 241177.422, 298231.229, 330902.188, 
348953.456, 392256.088, 432320.122, 468922.94, 486355.721, 1, 
1, 1, 1, 1, 1, 1, 1, 1, 1, 1, 0.01613, 0.01613, 0.01613, 0.01613, 
0.01613, 0.01613, 0.01613, 0.01613, 0.01613, 0.01613, 0.01613, 
0, 0, 0, 0, 0, 0, 0, 0, 0, 0, 0, 0, 0, 0, 0, 0, 0, 0, 0, 0, 0, 
0, 0.98079, 0.98188, 0.98131, 0.98167, 0.98424, 0.98457, 0.98376, 
0.98367, 0.98556, 0.98558, 0.98505, 0.98222, 0.98187, 0.9819, 
0.98221, 0.98601, 0.9841, 0.98442, 0.98472, 0.98516, 0.98614, 
0.98665, 2.5204, 4.6546, 4.2386, 3.7979, 5.3331, 5.3039, 5.4875, 
7.867, 8.0377, 7.5085, 8.1371, 967.2, 1023.9, 1075.6, 1126.6, 
1179.5, 1236.6, 1288.5, 1326.2, 1369, 1411.2, 1456.7, 1, 1, 1, 
1, 1, 1, 1, 1, 1, 1, 1, 1, 1, 1, 1, 1, 1, 1, 1, 1, 1, 1, 1, 1, 
1, 1, 1, 1, 1, 1, 1, 1, 1, 1, 1, 1, 1, 1, 1, 1, 1, 1, 1, 1, 30.057, 
54.111, 50.191, 44.336, 61.204, 61.006, 62.684, 89.551, 91.351, 
85.025, 91.959), .Dim = c(11L, 40L), .Dimnames = list(NULL, c("Sampling", 
"PSO.cost", "PSO.gamma", "PSO.data.balancing", "PSO.feature.selection", 
"PSO.valid.acc", "PSO.test.acc", "PSO.train.time", "PSO.n.support.vectors", 
"PSO.index", "PSO.n.solutions", "PSO.generations", "PSO.n.evaluations", 
"PSO.cpu.time", "RS.cost", "RS.gamma", "RS.data.balancing", "RS.feature.selection", 
"RS.valid.acc", "RS.test.acc", "RS.train.time", "RS.n.support.vectors", 
"RS.index", "RS.n.solutions", "RS.generations", "RS.n.evaluations", 
"RS.cpu.time", "DF.cost", "DF.gamma", "DF.data.balancing", "DF.feature.selection", 
"DF.valid.acc", "DF.test.acc", "DF.train.time", "DF.n.support.vectors", 
"DF.index", "DF.n.solutions", "DF.generations", "DF.n.evaluations", 
"DF.cpu.time")))
