full <-
structure(c(50, 55, 60, 65, 70, 75, 80, 85, 90, 95, 100, 9.09338, 
2.6832, 8.28581, 4.04538, 10.6185, 11.5709, 4.23716, 4.12378, 
10.9375, 8.45631, 8.14245, -3.06901, -2.71193, -4.48028, -4.17293, 
-7.76823, -5.36597, -2.13072, -2.17318, -5.56163, -6.24235, -5.21715, 
0, 0, 0, 0, 0, 0, 0, 0, 0, 0, 0, 0, 0, 0, 0, 0, 0, 0, 0, 0, 0, 
0, 0.725, 0.72627, 0.75719, 0.70993, 0.72042, 0.73505, 0.75841, 
0.76558, 0.7412, 0.74133, 0.73723, 0.64848, 0.65232, 0.72438, 
0.6367, 0.70042, 0.75191, 0.75224, 0.72662, 0.68953, 0.72635, 
0.71273, 0.0161, 0.0163, 0.018, 0.0172, 0.0203, 0.0256, 0.0221, 
0.0217, 0.0266, 0.0237, 0.0249, 66, 82.2, 76.8, 91.7, 87.4, 80.6, 
106.3, 112.3, 93.6, 111.5, 114.8, 1743, 625, 614, 1324, 352, 
947, 450, 1147, 441, 171, 1116, 77, 235, 327, 23, 365, 54, 171, 
222, 225, 170, 101, 100, 100, 100, 100, 100, 100, 100, 100, 100, 
100, 100, 2500, 2500, 2500, 2500, 2500, 2500, 2500, 2500, 2500, 
2500, 2500, 8184.481, 7992.691, 8131.252, 8369.935, 8509.892, 
8509.37699999999, 8342.281, 8291.516, 8314.88699999999, 8042.318, 
8372.00599999999, 9.20553, 2.24608, 7.80372, 5.08849, 10.84899, 
11.73693, 4.70858, 4.6273, 10.44685, 6.72029, 8.12089, -3.00153, 
-2.53424, -4.08568, -3.81612, -7.99864, -5.36499, -2.31177, -2.16948, 
-5.35854, -5.16631, -5.07801, 0, 0, 0, 0, 0, 0, 0, 0, 0, 0, 0, 
0, 0, 0, 0, 0, 0, 0, 0, 0, 0, 0, 0.72083, 0.7096, 0.74171, 0.70388, 
0.72042, 0.72838, 0.75253, 0.75476, 0.74096, 0.73559, 0.72834, 
0.64848, 0.65974, 0.7101, 0.60758, 0.70708, 0.739, 0.75224, 0.72099, 
0.6948, 0.72633, 0.70814, 0.0175, 0.016, 0.0182, 0.0191, 0.0209, 
0.0265, 0.0211, 0.0205, 0.0263, 0.0221, 0.0242, 66.2, 83.4, 78, 
90.3, 87.4, 80.7, 104, 109.6, 94.8, 111.9, 114.8, 1057, 205, 
1621, 2104, 753, 1482, 369, 1976, 1260, 349, 616, 1, 4, 1, 1, 
2, 1, 1, 1, 2, 2, 2, 100, 100, 100, 100, 100, 100, 100, 100, 
100, 100, 100, 2500, 2500, 2500, 2500, 2500, 2500, 2500, 2500, 
2500, 2500, 2500, 8027.103, 7985.837, 8326.374, 8338.732, 8371.16800000001, 
8352.591, 8320.829, 8050.55499999999, 8190.78900000002, 8084.77900000001, 
8371.177, 1, 1, 1, 1, 1, 1, 1, 1, 1, 1, 1, 0.11111, 0.11111, 
0.11111, 0.11111, 0.11111, 0.11111, 0.11111, 0.11111, 0.11111, 
0.11111, 0.11111, 0, 0, 0, 0, 0, 0, 0, 0, 0, 0, 0, 0, 0, 0, 0, 
0, 0, 0, 0, 0, 0, 0, 0.64912, 0.63478, 0.68516, 0.68176, 0.6722, 
0.67912, 0.70597, 0.71241, 0.70173, 0.68721, 0.68524, 0.67361, 
0.6235, 0.67851, 0.65264, 0.66601, 0.69167, 0.68828, 0.70557, 
0.7064, 0.69726, 0.68663, 0.0147, 0.0166, 0.0174, 0.0189, 0.0191, 
0.0199, 0.0202, 0.022, 0.0242, 0.0225, 0.0232, 80.9, 89, 97.3, 
105.1, 110.9, 117.7, 121.1, 127.7, 131.6, 138.7, 145.6, 1, 1, 
1, 1, 1, 1, 1, 1, 1, 1, 1, 1, 1, 1, 1, 1, 1, 1, 1, 1, 1, 1, 1, 
1, 1, 1, 1, 1, 1, 1, 1, 1, 1, 1, 1, 1, 1, 1, 1, 1, 1, 1, 1, 1, 
3.178, 3.142, 3.385, 3.487, 3.411, 3.346, 3.332, 3.335, 3.313, 
3.291, 3.26), .Dim = c(11L, 40L), .Dimnames = list(NULL, c("Sampling", 
"PSO.cost", "PSO.gamma", "PSO.data.balancing", "PSO.feature.selection", 
"PSO.valid.acc", "PSO.test.acc", "PSO.train.time", "PSO.n.support.vectors", 
"PSO.index", "PSO.n.solutions", "PSO.generations", "PSO.n.evaluations", 
"PSO.cpu.time", "RS.cost", "RS.gamma", "RS.data.balancing", "RS.feature.selection", 
"RS.valid.acc", "RS.test.acc", "RS.train.time", "RS.n.support.vectors", 
"RS.index", "RS.n.solutions", "RS.generations", "RS.n.evaluations", 
"RS.cpu.time", "DF.cost", "DF.gamma", "DF.data.balancing", "DF.feature.selection", 
"DF.valid.acc", "DF.test.acc", "DF.train.time", "DF.n.support.vectors", 
"DF.index", "DF.n.solutions", "DF.generations", "DF.n.evaluations", 
"DF.cpu.time")))
