full <-
structure(c(50, 55, 60, 65, 70, 75, 80, 85, 90, 95, 100, 14.47726, 
6.93658, 15, 4.35328, 3.68403, 14.2105, 15, 14.98896, 11.50517, 
12.23171, 8.98548, -7.11772, -7.57692, -8.42819, -0.74062, -2.11768, 
-7.63429, -8.12864, -9.90685, -6.26481, -6.95797, -4.93751, 0, 
0, 0, 0, 0, 0, 0, 0, 0, 0, 0, 0, 0, 0, 0, 0, 0, 0, 0, 0, 0, 0, 
0.70427, 0.66522, 0.68984, 0.67092, 0.69663, 0.69604, 0.7345, 
0.68966, 0.74143, 0.73791, 0.76448, 0.62295, 0.63037, 0.64945, 
0.63809, 0.67128, 0.68282, 0.67643, 0.66388, 0.67015, 0.69862, 
0.73386, 0.0235, 0.0162, 0.0365, 0.019, 0.0186, 0.039, 0.0621, 
0.0373, 0.0308, 0.0345, 0.0261, 58.1, 75.4, 71.2, 96.5, 101.8, 
86, 92.1, 103.8, 104.5, 107.5, 111.6, 1569, 159, 116, 117, 691, 
861, 446, 394, 520, 2479, 440, 24, 96, 575, 178, 259, 457, 153, 
80, 140, 1, 176, 100, 100, 100, 100, 100, 100, 100, 100, 100, 
100, 100, 2500, 2500, 2500, 2500, 2500, 2500, 2500, 2500, 2500, 
2500, 2500, 6885.509, 6843.407, 7195.111, 6837.456, 6700.263, 
7117.302, 7347.442, 6791.14600000001, 7078.09699999999, 7187.55900000001, 
6887.91800000001, 12.1634, 6.73148, 14.2528, 1.14261, 3.67274, 
14.46176, 14.72826, 14.93646, 11.51113, 9.7514, 9.69362, -14.03636, 
-7.45127, -8.02752, -3.83432, -2.0937, -7.58611, -7.96712, -9.68453, 
-6.26386, -6.89338, -4.55988, 0, 0, 0, 0, 0, 0, 0, 0, 0, 0, 0, 
0, 0, 0, 0, 0, 0, 0, 0, 0, 0, 0, 0.69688, 0.66522, 0.68214, 0.66371, 
0.69663, 0.68979, 0.72862, 0.6844, 0.73643, 0.73291, 0.75567, 
0.64037, 0.63037, 0.64176, 0.6159, 0.68468, 0.68282, 0.67643, 
0.66449, 0.67015, 0.71791, 0.70616, 0.0148, 0.0156, 0.0338, 0.0171, 
0.0182, 0.0412, 0.0535, 0.0392, 0.0319, 0.0258, 0.028, 67.4, 
75.4, 72.4, 98.8, 102.1, 85.3, 92.2, 104.3, 104.5, 112.5, 107.5, 
164, 1566, 566, 1925, 1400, 2369, 900, 13, 1257, 2020, 221, 2, 
3, 3, 2, 1, 1, 1, 3, 1, 1, 2, 100, 100, 100, 100, 100, 100, 100, 
100, 100, 100, 100, 2500, 2500, 2500, 2500, 2500, 2500, 2500, 
2500, 2500, 2500, 2500, 6808.24, 6807.99, 6807.128, 6697.111, 
6724.21000000001, 6759.01000000001, 6776.788, 6855.424, 6883.37699999999, 
6786.22899999999, 6944.394, 1, 1, 1, 1, 1, 1, 1, 1, 1, 1, 1, 
0.11111, 0.11111, 0.11111, 0.11111, 0.11111, 0.11111, 0.11111, 
0.11111, 0.11111, 0.11111, 0.11111, 0, 0, 0, 0, 0, 0, 0, 0, 0, 
0, 0, 0, 0, 0, 0, 0, 0, 0, 0, 0, 0, 0, 0.63931, 0.61408, 0.60375, 
0.62154, 0.6513, 0.64039, 0.68273, 0.65165, 0.66509, 0.67743, 
0.6962, 0.62419, 0.57256, 0.62518, 0.63733, 0.64433, 0.6395, 
0.67648, 0.64165, 0.68114, 0.66783, 0.70572, 0.0152, 0.016, 0.0168, 
0.0171, 0.0187, 0.0186, 0.0198, 0.0213, 0.0208, 0.0226, 0.0238, 
74.2, 81.9, 92.5, 100.9, 108.3, 114.4, 122.1, 129.6, 135.4, 139.7, 
144.1, 1, 1, 1, 1, 1, 1, 1, 1, 1, 1, 1, 1, 1, 1, 1, 1, 1, 1, 
1, 1, 1, 1, 1, 1, 1, 1, 1, 1, 1, 1, 1, 1, 1, 1, 1, 1, 1, 1, 1, 
1, 1, 1, 1, 1, 2.706, 2.744, 2.719, 2.689, 2.68, 2.708, 2.695, 
2.675, 2.573, 2.647, 2.787), .Dim = c(11L, 40L), .Dimnames = list(
    NULL, c("Sampling", "PSO.cost", "PSO.gamma", "PSO.data.balancing", 
    "PSO.feature.selection", "PSO.valid.acc", "PSO.test.acc", 
    "PSO.train.time", "PSO.n.support.vectors", "PSO.index", "PSO.n.solutions", 
    "PSO.generations", "PSO.n.evaluations", "PSO.cpu.time", "RS.cost", 
    "RS.gamma", "RS.data.balancing", "RS.feature.selection", 
    "RS.valid.acc", "RS.test.acc", "RS.train.time", "RS.n.support.vectors", 
    "RS.index", "RS.n.solutions", "RS.generations", "RS.n.evaluations", 
    "RS.cpu.time", "DF.cost", "DF.gamma", "DF.data.balancing", 
    "DF.feature.selection", "DF.valid.acc", "DF.test.acc", "DF.train.time", 
    "DF.n.support.vectors", "DF.index", "DF.n.solutions", "DF.generations", 
    "DF.n.evaluations", "DF.cpu.time")))
