full <-
structure(c(50, 55, 60, 65, 70, 75, 80, 85, 90, 95, 100, 7.08208, 
13.73128, 4.05274, 7.19098, 8.23299, 8.71467, 13.14295, 8.54265, 
13.86673, 14.5198, 10.48893, -3.4595, -8.42704, -2.94631, -5.39946, 
-6.67712, -5.56203, -2.95152, -4.67594, -7.37897, -6.87696, -5.90163, 
0, 0, 0, 0, 0, 0, 0, 0, 0, 0, 0, 0, 0, 0, 0, 0, 0, 0, 0, 0, 0, 
0, 0.72071, 0.75259, 0.73594, 0.75535, 0.76266, 0.77495, 0.74089, 
0.7543, 0.71676, 0.74172, 0.76205, 0.66212, 0.63684, 0.71389, 
0.69797, 0.74963, 0.70714, 0.69269, 0.70635, 0.71412, 0.68357, 
0.75519, 0.0155, 0.0241, 0.0171, 0.0183, 0.0176, 0.0205, 0.0243, 
0.0258, 0.0477, 0.0604, 0.0285, 71.2, 67, 83.6, 81.2, 82.7, 90.6, 
94.7, 100.9, 97.5, 97.9, 111.3, 1184, 670, 302, 2434, 1144, 541, 
85, 1674, 1810, 957, 935, 51, 143, 365, 1, 213, 236, 1306, 24, 
29, 83, 184, 100, 100, 100, 100, 100, 100, 100, 100, 100, 100, 
100, 2500, 2500, 2500, 2500, 2500, 2500, 2500, 2500, 2500, 2500, 
2500, 7987.825, 8365.15, 8015.974, 8313.328, 8404.65000000001, 
8386.375, 8399.859, 8424.86500000001, 8513.67300000001, 8951.40100000001, 
8542.03599999999, 8.8253, 13.25425, 5.39192, 6.6657, 8.83357, 
9.10254, 11.48831, 8.01958, 13.1837, 14.14964, 12.48026, -5.14349, 
-8.20277, -3.67255, -5.11016, -6.89301, -5.85559, -2.80368, -4.30722, 
-7.08216, -7.11374, -5.83562, 0, 0, 0, 0, 0, 0, 0, 0, 0, 0, 0, 
0, 0, 0, 0, 0, 0, 0, 0, 0, 0, 0, 0.71869, 0.75259, 0.72545, 0.75535, 
0.75599, 0.77495, 0.74089, 0.74842, 0.712, 0.73195, 0.74854, 
0.59667, 0.62775, 0.67968, 0.68368, 0.74344, 0.70588, 0.67631, 
0.72893, 0.71888, 0.70738, 0.78066, 0.0169, 0.0214, 0.0165, 0.0168, 
0.0199, 0.0223, 0.0244, 0.0226, 0.0391, 0.0562, 0.0403, 67.3, 
67.3, 80.5, 82.2, 81.7, 89.7, 95.9, 101.6, 98.2, 101.3, 101, 
2387, 850, 1257, 1205, 746, 1226, 207, 278, 1442, 1971, 62, 1, 
1, 1, 1, 4, 1, 9, 1, 1, 1, 1, 100, 100, 100, 100, 100, 100, 100, 
100, 100, 100, 100, 2500, 2500, 2500, 2500, 2500, 2500, 2500, 
2500, 2500, 2500, 2500, 7999, 8161.551, 8338.833, 8406.262, 8360.02100000001, 
8344.71299999999, 8313.296, 8259.31700000001, 8067.359, 8294.55899999998, 
8451.10700000002, 1, 1, 1, 1, 1, 1, 1, 1, 1, 1, 1, 0.11111, 0.11111, 
0.11111, 0.11111, 0.11111, 0.11111, 0.11111, 0.11111, 0.11111, 
0.11111, 0.11111, 0, 0, 0, 0, 0, 0, 0, 0, 0, 0, 0, 0, 0, 0, 0, 
0, 0, 0, 0, 0, 0, 0, 0.63, 0.66077, 0.68227, 0.69899, 0.71005, 
0.70856, 0.68063, 0.72097, 0.66159, 0.67792, 0.70466, 0.61798, 
0.67755, 0.68163, 0.70678, 0.72519, 0.70179, 0.68618, 0.70915, 
0.68818, 0.68293, 0.70877, 0.0162, 0.0156, 0.0173, 0.019, 0.018, 
0.0188, 0.0209, 0.0212, 0.0218, 0.0234, 0.0241, 81.2, 86.9, 92.9, 
97.2, 103.7, 110.7, 118.7, 125.8, 134.6, 140.5, 145.8, 1, 1, 
1, 1, 1, 1, 1, 1, 1, 1, 1, 1, 1, 1, 1, 1, 1, 1, 1, 1, 1, 1, 1, 
1, 1, 1, 1, 1, 1, 1, 1, 1, 1, 1, 1, 1, 1, 1, 1, 1, 1, 1, 1, 1, 
3.151, 3.133, 3.282, 3.325, 3.392, 3.324, 3.371, 3.174, 3.334, 
3.374, 3.262), .Dim = c(11L, 40L), .Dimnames = list(NULL, c("Sampling", 
"PSO.cost", "PSO.gamma", "PSO.data.balancing", "PSO.feature.selection", 
"PSO.valid.acc", "PSO.test.acc", "PSO.train.time", "PSO.n.support.vectors", 
"PSO.index", "PSO.n.solutions", "PSO.generations", "PSO.n.evaluations", 
"PSO.cpu.time", "RS.cost", "RS.gamma", "RS.data.balancing", "RS.feature.selection", 
"RS.valid.acc", "RS.test.acc", "RS.train.time", "RS.n.support.vectors", 
"RS.index", "RS.n.solutions", "RS.generations", "RS.n.evaluations", 
"RS.cpu.time", "DF.cost", "DF.gamma", "DF.data.balancing", "DF.feature.selection", 
"DF.valid.acc", "DF.test.acc", "DF.train.time", "DF.n.support.vectors", 
"DF.index", "DF.n.solutions", "DF.generations", "DF.n.evaluations", 
"DF.cpu.time")))
