full <-
structure(c(50, 55, 60, 65, 70, 75, 80, 85, 90, 95, 100, 5.40096, 
5.48973, 3.40816, 5.24897, 7.04566, 2.22488, 7.65524, 12.21234, 
11.06656, 9.76793, 14.99616, -3.60453, -3.55054, -4.53558, -4.22403, 
-4.81711, -0.83168, -7.197, -8.47529, -8.05324, -8.01261, -7.808, 
0, 0, 0, 0, 0, 0, 0, 0, 0, 0, 0, 0, 0, 0, 0, 0, 0, 0, 0, 0, 0, 
0, 0.70641, 0.75957, 0.7515, 0.74306, 0.75796, 0.72026, 0.74357, 
0.747, 0.74372, 0.73327, 0.75156, 0.68066, 0.74214, 0.71729, 
0.68808, 0.66987, 0.70617, 0.73703, 0.71513, 0.71386, 0.73303, 
0.70885, 0.0151, 0.0165, 0.0171, 0.0181, 0.019, 0.0218, 0.0213, 
0.0277, 0.0258, 0.0249, 0.0652, 71.1, 77.8, 83.1, 88.7, 90.6, 
112.9, 100.7, 98, 106.8, 113, 105.2, 192, 624, 1060, 874, 1917, 
170, 1717, 351, 469, 555, 816, 333, 199, 33, 39, 48, 341, 13, 
70, 286, 79, 33, 100, 100, 100, 100, 100, 100, 100, 100, 100, 
100, 100, 2500, 2500, 2500, 2500, 2500, 2500, 2500, 2500, 2500, 
2500, 2500, 7830.496, 7946.594, 8020.103, 8317.2, 8422.257, 8373.47399999999, 
8340.224, 8400.64599999999, 8232.21799999999, 8321.35399999999, 
8725.75599999999, 5.26097, 5.75292, 4.83776, 5.2022, 6.71754, 
2.59131, 5.0403, 1.06016, 11.19261, 13.04395, 14.26467, -3.55297, 
-3.60256, -5.04057, -4.18536, -4.81083, -1.12012, -2.98193, -3.49826, 
-8.0957, -10.88566, -7.85635, 0, 0, 0, 0, 0, 0, 0, 0, 0, 0, 0, 
0, 0, 0, 0, 0, 0, 0, 0, 0, 0, 0, 0.70641, 0.75881, 0.74955, 0.74306, 
0.75129, 0.71326, 0.73864, 0.75304, 0.74372, 0.72734, 0.74617, 
0.68899, 0.75048, 0.6867, 0.68808, 0.67654, 0.69325, 0.70947, 
0.73049, 0.71386, 0.7042, 0.70927, 0.0157, 0.0177, 0.0161, 0.0185, 
0.0207, 0.0224, 0.0196, 0.0204, 0.0272, 0.0252, 0.0487, 71.4, 
77.5, 78.9, 88.7, 91.3, 112.2, 106.2, 120.6, 107, 114.5, 107.7, 
2144, 30, 994, 1787, 957, 737, 150, 739, 1281, 1514, 214, 1, 
3, 1, 1, 1, 1, 1, 1, 1, 1, 1, 100, 100, 100, 100, 100, 100, 100, 
100, 100, 100, 100, 2500, 2500, 2500, 2500, 2500, 2500, 2500, 
2500, 2500, 2500, 2500, 7860.416, 8173.08, 7989.117, 8354.313, 
8472.071, 8393.655, 8335.99000000001, 8223.15900000001, 8199.041, 
7846.03200000001, 8385.56200000001, 1, 1, 1, 1, 1, 1, 1, 1, 1, 
1, 1, 0.11111, 0.11111, 0.11111, 0.11111, 0.11111, 0.11111, 0.11111, 
0.11111, 0.11111, 0.11111, 0.11111, 0, 0, 0, 0, 0, 0, 0, 0, 0, 
0, 0, 0, 0, 0, 0, 0, 0, 0, 0, 0, 0, 0, 0.61545, 0.65562, 0.66273, 
0.60095, 0.68249, 0.67287, 0.68627, 0.73138, 0.73035, 0.69483, 
0.71879, 0.60066, 0.62399, 0.64523, 0.61756, 0.67083, 0.68626, 
0.69902, 0.70974, 0.73012, 0.67894, 0.70535, 0.0153, 0.0151, 
0.0172, 0.019, 0.0195, 0.0191, 0.0202, 0.0206, 0.0221, 0.0229, 
0.0244, 78.1, 85.3, 92.6, 101, 109, 116.9, 122.5, 126.5, 134.6, 
141.3, 145.5, 1, 1, 1, 1, 1, 1, 1, 1, 1, 1, 1, 1, 1, 1, 1, 1, 
1, 1, 1, 1, 1, 1, 1, 1, 1, 1, 1, 1, 1, 1, 1, 1, 1, 1, 1, 1, 1, 
1, 1, 1, 1, 1, 1, 1, 3.152, 3.272, 3.184, 3.274, 3.277, 3.333, 
3.322, 3.221, 3.327, 3.17, 3.394), .Dim = c(11L, 40L), .Dimnames = list(
    NULL, c("Sampling", "PSO.cost", "PSO.gamma", "PSO.data.balancing", 
    "PSO.feature.selection", "PSO.valid.acc", "PSO.test.acc", 
    "PSO.train.time", "PSO.n.support.vectors", "PSO.index", "PSO.n.solutions", 
    "PSO.generations", "PSO.n.evaluations", "PSO.cpu.time", "RS.cost", 
    "RS.gamma", "RS.data.balancing", "RS.feature.selection", 
    "RS.valid.acc", "RS.test.acc", "RS.train.time", "RS.n.support.vectors", 
    "RS.index", "RS.n.solutions", "RS.generations", "RS.n.evaluations", 
    "RS.cpu.time", "DF.cost", "DF.gamma", "DF.data.balancing", 
    "DF.feature.selection", "DF.valid.acc", "DF.test.acc", "DF.train.time", 
    "DF.n.support.vectors", "DF.index", "DF.n.solutions", "DF.generations", 
    "DF.n.evaluations", "DF.cpu.time")))
