full <-
structure(c(50, 55, 60, 65, 70, 75, 80, 85, 90, 95, 100, 14.80766, 
9.30574, 12.09061, 4.51183, 8.64449, 3.31638, 13.36057, 5.86505, 
8.31559, 10.42261, 11.30465, -7.06355, -5.31301, -4.85763, -2.8836, 
-4.34595, -5.1798, -9.09204, -6.93222, -6.84697, -5.46481, -5.79768, 
0, 0, 0, 0, 0, 0, 0, 0, 0, 0, 0, 0, 0, 0, 0, 0, 0, 0, 0, 0, 0, 
0, 0.74242, 0.76014, 0.71524, 0.74145, 0.76696, 0.7289, 0.73979, 
0.71521, 0.75137, 0.73202, 0.74288, 0.72682, 0.65775, 0.68827, 
0.66875, 0.73173, 0.70848, 0.72275, 0.67343, 0.71576, 0.72778, 
0.72314, 0.0286, 0.0173, 0.0225, 0.0177, 0.0194, 0.0175, 0.0279, 
0.0213, 0.023, 0.0285, 0.0332, 58.8, 68.9, 70.2, 90.7, 82.3, 
100.5, 92.4, 111.7, 108.9, 104, 106.2, 301, 421, 134, 1799, 948, 
302, 851, 1006, 1973, 243, 533, 669, 685, 831, 9, 113, 409, 41, 
68, 1, 197, 70, 100, 100, 100, 100, 100, 100, 100, 100, 100, 
100, 100, 2500, 2500, 2500, 2500, 2500, 2500, 2500, 2500, 2500, 
2500, 2500, 8301.534, 7955.032, 8035.907, 7950.18399999999, 8138.472, 
8266.03499999999, 8466.61, 8369.07400000001, 8188.727, 8276.636, 
8428.565, 9.74031, 8.97964, 4.39627, 8.84159, 8.86865, 2.67257, 
14.97436, 3.88324, 12.32039, 11.27504, 11.60598, -5.10287, -5.30168, 
-1.09393, -4.61431, -4.72507, -4.67215, -10.03003, -5.29493, 
-8.62332, -5.87998, -5.95729, 0, 0, 0, 0, 0, 0, 0, 0, 0, 0, 0, 
0, 0, 0, 0, 0, 0, 0, 0, 0, 0, 0, 0.73348, 0.75245, 0.72165, 0.72771, 
0.7594, 0.72848, 0.73423, 0.70522, 0.74579, 0.72676, 0.73833, 
0.69773, 0.65839, 0.71515, 0.71828, 0.71208, 0.72098, 0.73419, 
0.69551, 0.7105, 0.72805, 0.72292, 0.0172, 0.0172, 0.0173, 0.0183, 
0.0193, 0.0205, 0.0317, 0.0228, 0.0289, 0.0307, 0.0343, 64.9, 
69.1, 87.1, 80.2, 82.3, 102.7, 92.6, 112.9, 104.9, 103.3, 106, 
2235, 641, 424, 355, 2186, 1156, 2008, 99, 926, 455, 1235, 1, 
1, 2, 2, 1, 1, 1, 1, 3, 2, 2, 100, 100, 100, 100, 100, 100, 100, 
100, 100, 100, 100, 2500, 2500, 2500, 2500, 2500, 2500, 2500, 
2500, 2500, 2500, 2500, 8028.292, 7984.992, 7891.646, 8022.09, 
8205.25899999999, 8322.179, 8346.402, 8308.34499999999, 8415.93999999997, 
8129.429, 8394.35199999998, 1, 1, 1, 1, 1, 1, 1, 1, 1, 1, 1, 
0.11111, 0.11111, 0.11111, 0.11111, 0.11111, 0.11111, 0.11111, 
0.11111, 0.11111, 0.11111, 0.11111, 0, 0, 0, 0, 0, 0, 0, 0, 0, 
0, 0, 0, 0, 0, 0, 0, 0, 0, 0, 0, 0, 0, 0.59439, 0.64336, 0.62999, 
0.63502, 0.69964, 0.7101, 0.66949, 0.68222, 0.70523, 0.69273, 
0.70606, 0.57712, 0.62442, 0.60691, 0.62875, 0.67196, 0.68426, 
0.68194, 0.67158, 0.70473, 0.71187, 0.71558, 0.015, 0.0166, 0.017, 
0.0185, 0.018, 0.0192, 0.0219, 0.0225, 0.0227, 0.0231, 0.0244, 
78.2, 84.8, 91.6, 100.1, 106.9, 112.3, 120.4, 128.1, 133.2, 139.8, 
144.9, 1, 1, 1, 1, 1, 1, 1, 1, 1, 1, 1, 1, 1, 1, 1, 1, 1, 1, 
1, 1, 1, 1, 1, 1, 1, 1, 1, 1, 1, 1, 1, 1, 1, 1, 1, 1, 1, 1, 1, 
1, 1, 1, 1, 1, 3.185, 3.157, 3.189, 3.097, 3.287, 3.33, 3.423, 
3.195, 3.318, 3.285, 3.419), .Dim = c(11L, 40L), .Dimnames = list(
    NULL, c("Sampling", "PSO.cost", "PSO.gamma", "PSO.data.balancing", 
    "PSO.feature.selection", "PSO.valid.acc", "PSO.test.acc", 
    "PSO.train.time", "PSO.n.support.vectors", "PSO.index", "PSO.n.solutions", 
    "PSO.generations", "PSO.n.evaluations", "PSO.cpu.time", "RS.cost", 
    "RS.gamma", "RS.data.balancing", "RS.feature.selection", 
    "RS.valid.acc", "RS.test.acc", "RS.train.time", "RS.n.support.vectors", 
    "RS.index", "RS.n.solutions", "RS.generations", "RS.n.evaluations", 
    "RS.cpu.time", "DF.cost", "DF.gamma", "DF.data.balancing", 
    "DF.feature.selection", "DF.valid.acc", "DF.test.acc", "DF.train.time", 
    "DF.n.support.vectors", "DF.index", "DF.n.solutions", "DF.generations", 
    "DF.n.evaluations", "DF.cpu.time")))
