full <-
structure(c(50, 55, 60, 65, 70, 75, 80, 85, 90, 95, 100, 1.97973, 
3.52738, 15, 3.08579, 5.86188, 15, 3.41958, 15, 14.80422, 15, 
8.36353, -3.80504, -1.61912, -6.26138, -1.15425, -1.49133, -6.18694, 
-0.53215, -7.49525, -5.39322, -7.73253, -7.75119, 0, 0, 0, 0, 
0, 0, 0, 0, 0, 0, 0, 0, 0, 0, 0, 0, 0, 0, 0, 0, 0, 0, 0.69535, 
0.75635, 0.70168, 0.71483, 0.72694, 0.71276, 0.72181, 0.76491, 
0.74889, 0.72435, 0.73053, 0.65702, 0.71521, 0.63209, 0.7094, 
0.72563, 0.6711, 0.72218, 0.74795, 0.69251, 0.72574, 0.69801, 
0.0142, 0.0169, 0.0333, 0.0176, 0.0182, 0.0507, 0.0211, 0.0537, 
0.0509, 0.0644, 0.0259, 72.8, 82, 65.7, 96.2, 99.2, 78.6, 117.6, 
89.2, 88.4, 100, 120.3, 675, 290, 231, 147, 251, 287, 794, 200, 
732, 401, 564, 388, 542, 655, 1081, 79, 979, 151, 1243, 328, 
63, 71, 100, 100, 100, 100, 100, 100, 100, 100, 100, 100, 100, 
2500, 2500, 2500, 2500, 2500, 2500, 2500, 2500, 2500, 2500, 2500, 
6112.207, 6242.6, 6306.248, 6067.032, 6334.532, 6798.607, 6202.152, 
9474.855, 9331.27600000001, 9556.32500000001, 9030.133, 0.54007, 
3.8794, 13.73236, 2.74703, 14.64693, 14.93387, 3.41393, 14.10218, 
5.43232, 14.81633, 8.69674, -2.3679, -1.76073, -5.53935, -0.99848, 
-7.20114, -6.36623, -0.54997, -6.92485, -5.05743, -7.63273, -7.96469, 
0, 0, 0, 0, 0, 0, 0, 0, 0, 0, 0, 0, 0, 0, 0, 0, 0, 0, 0, 0, 0, 
0, 0.6952, 0.74802, 0.68797, 0.71483, 0.72105, 0.70609, 0.72181, 
0.75436, 0.74225, 0.71935, 0.72527, 0.65535, 0.70624, 0.62328, 
0.70987, 0.73824, 0.67735, 0.71663, 0.74206, 0.69117, 0.73074, 
0.69842, 0.015, 0.0164, 0.0245, 0.0184, 0.0464, 0.0484, 0.022, 
0.0443, 0.023, 0.0638, 0.025, 77.8, 80.8, 67.1, 97, 76.3, 77.8, 
117.5, 88.4, 112.9, 100.2, 120.7, 1861, 33, 2134, 12, 1749, 370, 
93, 1320, 1559, 2405, 2150, 1, 6, 1, 4, 1, 2, 1, 1, 1, 1, 1, 
100, 100, 100, 100, 100, 100, 100, 100, 100, 100, 100, 2500, 
2500, 2500, 2500, 2500, 2500, 2500, 2500, 2500, 2500, 2500, 6236.216, 
6158.352, 6055.682, 6072.794, 6072.65300000001, 6138.216, 6178.56000000001, 
8866.88499999999, 8951.36500000001, 9069.14499999999, 9144.177, 
1, 1, 1, 1, 1, 1, 1, 1, 1, 1, 1, 0.11111, 0.11111, 0.11111, 0.11111, 
0.11111, 0.11111, 0.11111, 0.11111, 0.11111, 0.11111, 0.11111, 
0, 0, 0, 0, 0, 0, 0, 0, 0, 0, 0, 0, 0, 0, 0, 0, 0, 0, 0, 0, 0, 
0, 0.63682, 0.61544, 0.6276, 0.63325, 0.65031, 0.65648, 0.68623, 
0.6768, 0.68456, 0.6922, 0.70307, 0.65702, 0.64056, 0.61037, 
0.63619, 0.65388, 0.66184, 0.68591, 0.70356, 0.69535, 0.68631, 
0.6885, 0.0149, 0.0142, 0.0155, 0.0162, 0.0169, 0.0194, 0.0188, 
0.0227, 0.0243, 0.025, 0.0253, 78.6, 84.6, 91.1, 97, 106.1, 114.4, 
120.1, 125.1, 131.8, 139.2, 144.6, 1, 1, 1, 1, 1, 1, 1, 1, 1, 
1, 1, 1, 1, 1, 1, 1, 1, 1, 1, 1, 1, 1, 1, 1, 1, 1, 1, 1, 1, 1, 
1, 1, 1, 1, 1, 1, 1, 1, 1, 1, 1, 1, 1, 1, 2.53, 2.315, 2.419, 
2.463, 2.399, 2.625, 2.465, 3.5, 3.557, 3.603, 3.566), .Dim = c(11L, 
40L), .Dimnames = list(NULL, c("Sampling", "PSO.cost", "PSO.gamma", 
"PSO.data.balancing", "PSO.feature.selection", "PSO.valid.acc", 
"PSO.test.acc", "PSO.train.time", "PSO.n.support.vectors", "PSO.index", 
"PSO.n.solutions", "PSO.generations", "PSO.n.evaluations", "PSO.cpu.time", 
"RS.cost", "RS.gamma", "RS.data.balancing", "RS.feature.selection", 
"RS.valid.acc", "RS.test.acc", "RS.train.time", "RS.n.support.vectors", 
"RS.index", "RS.n.solutions", "RS.generations", "RS.n.evaluations", 
"RS.cpu.time", "DF.cost", "DF.gamma", "DF.data.balancing", "DF.feature.selection", 
"DF.valid.acc", "DF.test.acc", "DF.train.time", "DF.n.support.vectors", 
"DF.index", "DF.n.solutions", "DF.generations", "DF.n.evaluations", 
"DF.cpu.time")))
