full <-
structure(c(50, 55, 60, 65, 70, 75, 80, 85, 90, 95, 100, 3.97045, 
11.02078, 8.94108, 8.09493, 3.30589, 15, 6.82673, 7.67282, 9.44307, 
8.33869, 7.60781, -5.99026, -5.79785, -7.26762, -6.87426, -5.68126, 
-7.6232, -7.08121, -5.00869, -4.69429, -6.29568, -4.98123, 0, 
0, 0, 0, 0, 0, 0, 0, 0, 0, 0, 0, 0, 0, 0, 0, 0, 0, 0, 0, 0, 0, 
0.7646, 0.79055, 0.75027, 0.74062, 0.73625, 0.72618, 0.71837, 
0.7386, 0.74949, 0.76545, 0.71872, 0.70197, 0.73058, 0.68956, 
0.72729, 0.6927, 0.6828, 0.70307, 0.69444, 0.71793, 0.73207, 
0.6719, 0.0139, 0.0173, 0.0159, 0.0164, 0.0175, 0.0482, 0.0174, 
0.0211, 0.0231, 0.0238, 0.0229, 66.8, 58.8, 69, 76.4, 96.7, 79.8, 
100.8, 101.8, 98.6, 112.8, 117.1, 639, 313, 735, 254, 1575, 86, 
1134, 402, 287, 1144, 1458, 121, 142, 167, 325, 22, 743, 139, 
38, 257, 5, 18, 100, 100, 100, 100, 100, 100, 100, 100, 100, 
100, 100, 2500, 2500, 2500, 2500, 2500, 2500, 2500, 2500, 2500, 
2500, 2500, 6027.846, 6127.716, 6129.842, 6206.374, 6403.8, 6848.618, 
6412.247, 6535.194, 6449.44100000001, 6470.19900000001, 6473.45400000001, 
3.66769, 8.92633, 11.40108, 14.77917, 3.71384, 11.67262, 6.1696, 
7.16705, 9.25191, 11.64599, 6.87916, -5.52706, -4.91141, -3.83293, 
-10.18868, -5.81454, -7.88358, -6.67624, -4.6991, -4.59173, -7.94478, 
-6.26029, 0, 0, 0, 0, 0, 0, 0, 0, 0, 0, 0, 0, 0, 0, 0, 0, 0, 
0, 0, 0, 0, 0, 0.75626, 0.78146, 0.74267, 0.7411, 0.72863, 0.71943, 
0.7131, 0.73304, 0.74898, 0.75114, 0.71758, 0.72015, 0.73956, 
0.68498, 0.73238, 0.69992, 0.68873, 0.6913, 0.69971, 0.71793, 
0.72283, 0.68965, 0.0134, 0.0148, 0.0163, 0.0256, 0.0162, 0.0211, 
0.0178, 0.0206, 0.024, 0.0288, 0.0232, 66.6, 61.5, 68.1, 74.2, 
94.4, 86.3, 101.1, 102.5, 99.6, 109.3, 120.3, 75, 291, 958, 756, 
1793, 1770, 1084, 666, 1665, 220, 1240, 5, 3, 1, 1, 1, 1, 1, 
1, 2, 3, 1, 100, 100, 100, 100, 100, 100, 100, 100, 100, 100, 
100, 2500, 2500, 2500, 2500, 2500, 2500, 2500, 2500, 2500, 2500, 
2500, 6092.649, 6084.793, 6149.147, 6276.24, 6330.898, 6350.76300000001, 
6314.386, 6401.505, 6421.17499999999, 6512.89, 6469.93900000001, 
1, 1, 1, 1, 1, 1, 1, 1, 1, 1, 1, 0.11111, 0.11111, 0.11111, 0.11111, 
0.11111, 0.11111, 0.11111, 0.11111, 0.11111, 0.11111, 0.11111, 
0, 0, 0, 0, 0, 0, 0, 0, 0, 0, 0, 0, 0, 0, 0, 0, 0, 0, 0, 0, 0, 
0, 0.70293, 0.69418, 0.68727, 0.68374, 0.66881, 0.64114, 0.67945, 
0.68977, 0.70796, 0.71604, 0.68491, 0.71015, 0.69279, 0.68068, 
0.69974, 0.6822, 0.64405, 0.67291, 0.71667, 0.67738, 0.72078, 
0.6847, 0.0129, 0.0148, 0.0145, 0.0159, 0.0166, 0.0192, 0.019, 
0.0192, 0.0208, 0.0237, 0.024, 74.7, 82.4, 90.2, 99.5, 105.8, 
113.7, 120.5, 126.7, 134, 140.9, 145.1, 1, 1, 1, 1, 1, 1, 1, 
1, 1, 1, 1, 1, 1, 1, 1, 1, 1, 1, 1, 1, 1, 1, 1, 1, 1, 1, 1, 1, 
1, 1, 1, 1, 1, 1, 1, 1, 1, 1, 1, 1, 1, 1, 1, 1, 2.322, 2.389, 
2.338, 2.379, 2.382, 2.612, 2.523, 2.454, 2.458, 2.705, 2.699
), .Dim = c(11L, 40L), .Dimnames = list(NULL, c("Sampling", "PSO.cost", 
"PSO.gamma", "PSO.data.balancing", "PSO.feature.selection", "PSO.valid.acc", 
"PSO.test.acc", "PSO.train.time", "PSO.n.support.vectors", "PSO.index", 
"PSO.n.solutions", "PSO.generations", "PSO.n.evaluations", "PSO.cpu.time", 
"RS.cost", "RS.gamma", "RS.data.balancing", "RS.feature.selection", 
"RS.valid.acc", "RS.test.acc", "RS.train.time", "RS.n.support.vectors", 
"RS.index", "RS.n.solutions", "RS.generations", "RS.n.evaluations", 
"RS.cpu.time", "DF.cost", "DF.gamma", "DF.data.balancing", "DF.feature.selection", 
"DF.valid.acc", "DF.test.acc", "DF.train.time", "DF.n.support.vectors", 
"DF.index", "DF.n.solutions", "DF.generations", "DF.n.evaluations", 
"DF.cpu.time")))
