full <-
structure(c(50, 55, 60, 65, 70, 75, 80, 85, 90, 95, 100, 8.40757, 
7.951, 9.55909, 11.78995, 1.29547, 4.52658, 11.44651, 2.68078, 
10.05964, 8.22763, 15, -6.50462, -5.62866, -4.21343, -9.67294, 
-4.06387, -2.02953, -4.75934, -3.87183, -4.409, -5.52962, -7.06886, 
0, 0, 0, 0, 0, 0, 0, 0, 0, 0, 0, 0, 0, 0, 0, 0, 0, 0, 0, 0, 0, 
0, 0.73485, 0.76777, 0.73834, 0.72216, 0.72667, 0.73898, 0.77376, 
0.7434, 0.77156, 0.75963, 0.74943, 0.68894, 0.71755, 0.72308, 
0.68471, 0.69274, 0.68157, 0.71197, 0.72735, 0.71456, 0.72455, 
0.73645, 0.0156, 0.0166, 0.0189, 0.0206, 0.0179, 0.0193, 0.026, 
0.0201, 0.0256, 0.0263, 0.0703, 65.4, 71.3, 71.8, 79.1, 99.3, 
101.2, 84.3, 109.4, 95.7, 114.5, 100.8, 1249, 96, 149, 578, 466, 
883, 305, 175, 491, 80, 366, 52, 151, 150, 146, 249, 84, 461, 
206, 307, 406, 315, 100, 100, 100, 100, 100, 100, 100, 100, 100, 
100, 100, 2500, 2500, 2500, 2500, 2500, 2500, 2500, 2500, 2500, 
2500, 2500, 6571.033, 6596.764, 8671.892, 8574.766, 8487.052, 
8412.76400000001, 8760.592, 8430.25999999999, 8701.02200000001, 
8722.39000000001, 9646.52100000001, 8.1478, 10.17142, 9.56005, 
14.87802, 1.58072, 4.09917, 11.08615, 2.65442, 13.3059, 8.67676, 
14.75024, -6.33119, -7.0022, -4.22407, -6.44781, -4.29535, -1.58498, 
-4.68206, -3.80162, -5.78424, -5.51224, -6.99744, 0, 0, 0, 0, 
0, 0, 0, 0, 0, 0, 0, 0, 0, 0, 0, 0, 0, 0, 0, 0, 0, 0, 0.72652, 
0.76127, 0.73834, 0.71502, 0.71952, 0.73195, 0.77376, 0.7434, 
0.76206, 0.75487, 0.74488, 0.68894, 0.71895, 0.73077, 0.69288, 
0.70655, 0.68846, 0.71822, 0.72179, 0.72614, 0.72527, 0.74099, 
0.0151, 0.0166, 0.0204, 0.0318, 0.0194, 0.0206, 0.0251, 0.0209, 
0.046, 0.0255, 0.064, 66.1, 68.7, 71.7, 70.1, 97.9, 104.1, 85.7, 
109.8, 91, 113.2, 101.5, 632, 784, 479, 432, 569, 20, 1816, 2036, 
719, 1316, 1365, 2, 2, 1, 1, 1, 1, 1, 1, 2, 2, 1, 100, 100, 100, 
100, 100, 100, 100, 100, 100, 100, 100, 2500, 2500, 2500, 2500, 
2500, 2500, 2500, 2500, 2500, 2500, 2500, 6552.722, 7041.204, 
8697.71000000001, 8360.147, 8541.035, 8603.02100000001, 8634.24699999999, 
8781.277, 8612.93799999999, 8735.38699999999, 9189.48999999999, 
1, 1, 1, 1, 1, 1, 1, 1, 1, 1, 1, 0.11111, 0.11111, 0.11111, 0.11111, 
0.11111, 0.11111, 0.11111, 0.11111, 0.11111, 0.11111, 0.11111, 
0, 0, 0, 0, 0, 0, 0, 0, 0, 0, 0, 0, 0, 0, 0, 0, 0, 0, 0, 0, 0, 
0, 0.60167, 0.62859, 0.63569, 0.65764, 0.68655, 0.69861, 0.72173, 
0.73784, 0.71075, 0.71303, 0.69892, 0.63727, 0.64446, 0.60593, 
0.66478, 0.66649, 0.67971, 0.74584, 0.73755, 0.71046, 0.73265, 
0.70366, 0.0153, 0.0172, 0.018, 0.0188, 0.0185, 0.0193, 0.022, 
0.021, 0.0226, 0.0237, 0.0258, 80.5, 85.8, 89.1, 96.1, 104.6, 
110.3, 118.3, 124.8, 131.3, 141.4, 144.7, 1, 1, 1, 1, 1, 1, 1, 
1, 1, 1, 1, 1, 1, 1, 1, 1, 1, 1, 1, 1, 1, 1, 1, 1, 1, 1, 1, 1, 
1, 1, 1, 1, 1, 1, 1, 1, 1, 1, 1, 1, 1, 1, 1, 1, 2.623, 3.459, 
3.452, 3.467, 3.264, 3.289, 3.6, 3.284, 3.326, 3.416, 3.645), .Dim = c(11L, 
40L), .Dimnames = list(NULL, c("Sampling", "PSO.cost", "PSO.gamma", 
"PSO.data.balancing", "PSO.feature.selection", "PSO.valid.acc", 
"PSO.test.acc", "PSO.train.time", "PSO.n.support.vectors", "PSO.index", 
"PSO.n.solutions", "PSO.generations", "PSO.n.evaluations", "PSO.cpu.time", 
"RS.cost", "RS.gamma", "RS.data.balancing", "RS.feature.selection", 
"RS.valid.acc", "RS.test.acc", "RS.train.time", "RS.n.support.vectors", 
"RS.index", "RS.n.solutions", "RS.generations", "RS.n.evaluations", 
"RS.cpu.time", "DF.cost", "DF.gamma", "DF.data.balancing", "DF.feature.selection", 
"DF.valid.acc", "DF.test.acc", "DF.train.time", "DF.n.support.vectors", 
"DF.index", "DF.n.solutions", "DF.generations", "DF.n.evaluations", 
"DF.cpu.time")))
