full <-
structure(c(50, 55, 60, 65, 70, 75, 80, 85, 90, 95, 100, 5.75858, 
5.47002, 10.46289, 2.71526, 10.71888, 5.58114, 8.77008, 0.94816, 
2.24375, 8.85601, 2.8353, -4.10352, -5.65555, -8.5006, -1.25341, 
-9.35236, -4.64144, -6.31781, -2.21419, -2.23324, -6.10355, -1.09052, 
0, 0, 0, 0, 0, 0, 0, 0, 0, 0, 0, 0, 0, 0, 0, 0, 0, 0, 0, 0, 0, 
0, 0.73832, 0.73444, 0.75331, 0.73217, 0.76271, 0.76132, 0.75954, 
0.74981, 0.73342, 0.75544, 0.74233, 0.70938, 0.69254, 0.71082, 
0.69606, 0.74709, 0.72811, 0.71734, 0.72821, 0.68673, 0.67774, 
0.70636, 0.0147, 0.0148, 0.0171, 0.0182, 0.0184, 0.0187, 0.0199, 
0.0212, 0.0225, 0.0239, 0.0254, 63.3, 71.5, 77.4, 93.9, 90.7, 
95.3, 97.8, 122, 124.6, 114.7, 138, 643, 221, 397, 492, 996, 
2323, 574, 464, 307, 2490, 1030, 47, 594, 106, 494, 32, 2, 105, 
388, 612, 1, 121, 100, 100, 100, 100, 100, 100, 100, 100, 100, 
100, 100, 2500, 2500, 2500, 2500, 2500, 2500, 2500, 2500, 2500, 
2500, 2500, 6742.432, 6769.396, 6864.84700000001, 6974.143, 6285.19100000001, 
6370.912, 6221.954, 6176.231, 6309.41600000001, 6243.091, 6393.512, 
9.12968, 5.35563, 10.95461, 9.10556, 12.19176, 6.27737, 9.93757, 
1.11098, 1.96533, 9.03764, 2.76297, -5.7398, -5.55302, -8.63934, 
-7.523, -9.59668, -5.38104, -6.24864, -2.16574, -2.12176, -6.19974, 
-1.05121, 0, 0, 0, 0, 0, 0, 0, 0, 0, 0, 0, 0, 0, 0, 0, 0, 0, 
0, 0, 0, 0, 0, 0.73249, 0.73444, 0.74497, 0.71894, 0.76198, 0.75606, 
0.75337, 0.74425, 0.72287, 0.75068, 0.73298, 0.67995, 0.69254, 
0.71146, 0.68943, 0.73603, 0.72088, 0.72947, 0.72262, 0.69673, 
0.67774, 0.7066, 0.0154, 0.0152, 0.0208, 0.0181, 0.0199, 0.0178, 
0.0216, 0.0212, 0.0216, 0.0248, 0.0276, 59.5, 71.6, 77.3, 82.7, 
87.5, 93.8, 95.2, 121.4, 125.4, 115.4, 138.6, 343, 515, 968, 
834, 1784, 1517, 1442, 443, 173, 1692, 86, 1, 3, 1, 1, 1, 1, 
1, 1, 1, 1, 1, 100, 100, 100, 100, 100, 100, 100, 100, 100, 100, 
100, 2500, 2500, 2500, 2500, 2500, 2500, 2500, 2500, 2500, 2500, 
2500, 6784.164, 6784.015, 6964.194, 6844.347, 6276.368, 6259.25799999999, 
6250.694, 6405.488, 6108.13499999999, 6303.398, 6439.79200000002, 
1, 1, 1, 1, 1, 1, 1, 1, 1, 1, 1, 0.11111, 0.11111, 0.11111, 0.11111, 
0.11111, 0.11111, 0.11111, 0.11111, 0.11111, 0.11111, 0.11111, 
0, 0, 0, 0, 0, 0, 0, 0, 0, 0, 0, 0, 0, 0, 0, 0, 0, 0, 0, 0, 0, 
0, 0.66142, 0.67844, 0.69179, 0.68855, 0.72352, 0.70641, 0.70996, 
0.68942, 0.67752, 0.68803, 0.70909, 0.68392, 0.68537, 0.67441, 
0.67226, 0.70834, 0.7012, 0.7211, 0.70566, 0.68728, 0.68327, 
0.71909, 0.015, 0.0152, 0.017, 0.0168, 0.0178, 0.0191, 0.0186, 
0.0209, 0.0196, 0.0239, 0.0231, 77.5, 85.2, 93.4, 100.2, 107.4, 
113.9, 119.3, 127.6, 134.5, 141.3, 146.4, 1, 1, 1, 1, 1, 1, 1, 
1, 1, 1, 1, 1, 1, 1, 1, 1, 1, 1, 1, 1, 1, 1, 1, 1, 1, 1, 1, 1, 
1, 1, 1, 1, 1, 1, 1, 1, 1, 1, 1, 1, 1, 1, 1, 1, 2.741, 2.716, 
2.707, 2.481, 2.481, 2.567, 2.462, 2.587, 2.353, 2.59, 2.554), .Dim = c(11L, 
40L), .Dimnames = list(NULL, c("Sampling", "PSO.cost", "PSO.gamma", 
"PSO.data.balancing", "PSO.feature.selection", "PSO.valid.acc", 
"PSO.test.acc", "PSO.train.time", "PSO.n.support.vectors", "PSO.index", 
"PSO.n.solutions", "PSO.generations", "PSO.n.evaluations", "PSO.cpu.time", 
"RS.cost", "RS.gamma", "RS.data.balancing", "RS.feature.selection", 
"RS.valid.acc", "RS.test.acc", "RS.train.time", "RS.n.support.vectors", 
"RS.index", "RS.n.solutions", "RS.generations", "RS.n.evaluations", 
"RS.cpu.time", "DF.cost", "DF.gamma", "DF.data.balancing", "DF.feature.selection", 
"DF.valid.acc", "DF.test.acc", "DF.train.time", "DF.n.support.vectors", 
"DF.index", "DF.n.solutions", "DF.generations", "DF.n.evaluations", 
"DF.cpu.time")))
