full <-
structure(c(50, 55, 60, 65, 70, 75, 80, 85, 90, 95, 100, 2.89365, 
13.84909, 11.68049, 14.70369, 4.04091, 12.70914, 11.95028, 8.32054, 
13.05127, 14.5894, 10.57364, -1.91542, -8.22096, -6.16983, -6.79093, 
-1.54547, -6.42086, -9.0077, -7.45878, -8.59216, -9.95036, -6.34785, 
0, 0, 0, 0, 0, 0, 0, 0, 0, 0, 0, 0, 0, 0, 0, 0, 0, 0, 0, 0, 0, 
0, 0.70201, 0.75346, 0.73407, 0.77884, 0.73887, 0.75071, 0.7224, 
0.71432, 0.72859, 0.74379, 0.75316, 0.65393, 0.72965, 0.70266, 
0.69854, 0.72685, 0.75696, 0.7106, 0.70356, 0.68161, 0.73353, 
0.70674, 0.0169, 0.0254, 0.0224, 0.0349, 0.0196, 0.0356, 0.0253, 
0.0219, 0.0331, 0.0397, 0.0285, 74.4, 66.4, 68.3, 70, 97.4, 83.2, 
100, 107.5, 107.6, 110.5, 112.9, 1439, 252, 489, 706, 635, 92, 
1439, 1248, 1029, 136, 1449, 4, 521, 198, 188, 349, 308, 71, 
140, 107, 240, 118, 100, 100, 100, 100, 100, 100, 100, 100, 100, 
100, 100, 2500, 2500, 2500, 2500, 2500, 2500, 2500, 2500, 2500, 
2500, 2500, 8015.178, 8107.702, 8379.942, 8517.933, 8309.704, 
8212.28499999999, 8288.20199999999, 8346.015, 8235.63700000002, 
8271.163, 8533.78, 1.2481, 13.74325, 10.75479, 13.16772, 6.99028, 
12.18839, 9.28416, 8.41049, 13.09401, 14.5465, 10.85713, -2.07339, 
-8.02312, -5.86232, -6.37708, -1.62317, -6.17497, -4.54745, -7.60601, 
-8.63183, -10.02954, -6.39623, 0, 0, 0, 0, 0, 0, 0, 0, 0, 0, 
0, 0, 0, 0, 0, 0, 0, 0, 0, 0, 0, 0, 0.69523, 0.75346, 0.73342, 
0.77025, 0.73173, 0.75071, 0.71778, 0.70906, 0.72332, 0.73879, 
0.7484, 0.64734, 0.72965, 0.70266, 0.71957, 0.70548, 0.75696, 
0.70751, 0.70306, 0.68161, 0.72898, 0.71107, 0.0158, 0.0237, 
0.0199, 0.033, 0.0208, 0.0312, 0.0249, 0.0208, 0.0311, 0.0405, 
0.0291, 76.7, 65.3, 70.1, 72.1, 94.8, 83.7, 95.2, 107.6, 107.6, 
110.4, 112.5, 1105, 965, 325, 1513, 312, 2422, 955, 1345, 1861, 
1225, 812, 1, 1, 1, 1, 2, 1, 1, 2, 1, 1, 1, 100, 100, 100, 100, 
100, 100, 100, 100, 100, 100, 100, 2500, 2500, 2500, 2500, 2500, 
2500, 2500, 2500, 2500, 2500, 2500, 7949.187, 8154.189, 8231.47, 
8267.264, 8043.086, 8185.601, 8202.58199999999, 8237.681, 8121.02100000001, 
8090.196, 8263.33099999998, 1, 1, 1, 1, 1, 1, 1, 1, 1, 1, 1, 
0.11111, 0.11111, 0.11111, 0.11111, 0.11111, 0.11111, 0.11111, 
0.11111, 0.11111, 0.11111, 0.11111, 0, 0, 0, 0, 0, 0, 0, 0, 0, 
0, 0, 0, 0, 0, 0, 0, 0, 0, 0, 0, 0, 0, 0.59781, 0.63048, 0.64918, 
0.65651, 0.65946, 0.67745, 0.66507, 0.67001, 0.71825, 0.70424, 
0.70492, 0.60984, 0.64242, 0.65742, 0.65609, 0.64554, 0.66532, 
0.67096, 0.67891, 0.70264, 0.71872, 0.70059, 0.0155, 0.0152, 
0.0164, 0.0164, 0.0178, 0.0183, 0.0211, 0.0202, 0.0213, 0.0244, 
0.025, 79.2, 86.5, 92.6, 99.3, 106.8, 113, 122.5, 128.7, 134.4, 
141.5, 145.2, 1, 1, 1, 1, 1, 1, 1, 1, 1, 1, 1, 1, 1, 1, 1, 1, 
1, 1, 1, 1, 1, 1, 1, 1, 1, 1, 1, 1, 1, 1, 1, 1, 1, 1, 1, 1, 1, 
1, 1, 1, 1, 1, 1, 1, 3.207, 3.293, 3.207, 3.034, 3.024, 3.294, 
3.327, 3.152, 3.268, 3.322, 3.237), .Dim = c(11L, 40L), .Dimnames = list(
    NULL, c("Sampling", "PSO.cost", "PSO.gamma", "PSO.data.balancing", 
    "PSO.feature.selection", "PSO.valid.acc", "PSO.test.acc", 
    "PSO.train.time", "PSO.n.support.vectors", "PSO.index", "PSO.n.solutions", 
    "PSO.generations", "PSO.n.evaluations", "PSO.cpu.time", "RS.cost", 
    "RS.gamma", "RS.data.balancing", "RS.feature.selection", 
    "RS.valid.acc", "RS.test.acc", "RS.train.time", "RS.n.support.vectors", 
    "RS.index", "RS.n.solutions", "RS.generations", "RS.n.evaluations", 
    "RS.cpu.time", "DF.cost", "DF.gamma", "DF.data.balancing", 
    "DF.feature.selection", "DF.valid.acc", "DF.test.acc", "DF.train.time", 
    "DF.n.support.vectors", "DF.index", "DF.n.solutions", "DF.generations", 
    "DF.n.evaluations", "DF.cpu.time")))
