full <-
structure(c(50, 55, 60, 65, 70, 75, 80, 85, 90, 95, 100, 9.14259, 
4.11632, 1.62271, 4.20761, 9.39046, -0.38179, 2.96822, 5.95807, 
8.05823, 15, 8.87185, -5.96778, -3.17763, -3.26452, -6.51955, 
-8.33041, -3.78299, -4.83548, -3.54679, -4.78975, -7.22895, -6.62996, 
0, 0, 0, 0, 0, 0, 0, 0, 0, 0, 0, 0, 0, 0, 0, 0, 0, 0, 0, 0, 0, 
0, 0.75121, 0.77716, 0.77154, 0.73995, 0.74631, 0.73929, 0.70652, 
0.7561, 0.74414, 0.76404, 0.74306, 0.73288, 0.7514, 0.70562, 
0.73947, 0.71148, 0.67701, 0.69336, 0.71766, 0.68713, 0.74875, 
0.71883, 0.0157, 0.0154, 0.0158, 0.017, 0.0187, 0.0179, 0.0197, 
0.0206, 0.0235, 0.0639, 0.0248, 64.5, 79.4, 89.9, 94.3, 89.1, 
118, 109.4, 109, 104.8, 99.9, 116.2, 542, 796, 189, 800, 532, 
361, 93, 839, 957, 2382, 1918, 63, 78, 644, 113, 288, 90, 429, 
116, 110, 1, 21, 100, 100, 100, 100, 100, 100, 100, 100, 100, 
100, 100, 2500, 2500, 2500, 2500, 2500, 2500, 2500, 2500, 2500, 
2500, 2500, 6033.132, 6053.715, 6063.141, 6242.183, 6275.615, 
6297.692, 6367.69499999999, 6420.421, 6673.36500000001, 7394.693, 
6712.205, 2.8682, 3.90072, 1.21391, 2.56926, 8.68127, 0.55059, 
4.07198, 7.7125, 8.13072, 14.91864, 7.7821, -4.07484, -3.3543, 
-3.28774, -2.53452, -7.77957, -4.01888, -5.54361, -3.57218, -4.79047, 
-7.35287, -5.60771, 0, 0, 0, 0, 0, 0, 0, 0, 0, 0, 0, 0, 0, 0, 
0, 0, 0, 0, 0, 0, 0, 0, 0.74697, 0.75973, 0.75552, 0.73321, 0.73917, 
0.72637, 0.70652, 0.75182, 0.74414, 0.75954, 0.73288, 0.69288, 
0.74307, 0.69912, 0.72559, 0.71292, 0.69623, 0.71154, 0.71795, 
0.68713, 0.7442, 0.71922, 0.0143, 0.0148, 0.0162, 0.0177, 0.0181, 
0.0195, 0.0183, 0.0213, 0.0232, 0.0579, 0.0239, 74.2, 79.5, 91.3, 
93.6, 89.4, 113.6, 107.4, 103, 104.7, 100.6, 116.6, 437, 2239, 
469, 1190, 184, 242, 1034, 92, 2132, 988, 578, 5, 2, 2, 1, 3, 
4, 6, 1, 1, 3, 1, 100, 100, 100, 100, 100, 100, 100, 100, 100, 
100, 100, 2500, 2500, 2500, 2500, 2500, 2500, 2500, 2500, 2500, 
2500, 2500, 6011.379, 6006.092, 6202.04, 6229.34800000001, 6159.483, 
6332.34000000001, 6444.88900000001, 6507.16500000001, 6727.81299999999, 
6712.26299999999, 6751.34299999999, 1, 1, 1, 1, 1, 1, 1, 1, 1, 
1, 1, 0.11111, 0.11111, 0.11111, 0.11111, 0.11111, 0.11111, 0.11111, 
0.11111, 0.11111, 0.11111, 0.11111, 0, 0, 0, 0, 0, 0, 0, 0, 0, 
0, 0, 0, 0, 0, 0, 0, 0, 0, 0, 0, 0, 0, 0.65, 0.65734, 0.72122, 
0.69947, 0.68553, 0.70096, 0.66559, 0.70618, 0.71777, 0.69982, 
0.70491, 0.66576, 0.70052, 0.72705, 0.73328, 0.69315, 0.72674, 
0.68303, 0.69934, 0.70825, 0.6948, 0.71446, 0.014, 0.0155, 0.0163, 
0.0171, 0.0174, 0.0192, 0.0207, 0.0215, 0.0219, 0.0233, 0.0242, 
81, 87.7, 95, 102.1, 107.2, 114.4, 120.8, 128.2, 134.5, 142.6, 
147.1, 1, 1, 1, 1, 1, 1, 1, 1, 1, 1, 1, 1, 1, 1, 1, 1, 1, 1, 
1, 1, 1, 1, 1, 1, 1, 1, 1, 1, 1, 1, 1, 1, 1, 1, 1, 1, 1, 1, 1, 
1, 1, 1, 1, 1, 2.385, 2.37, 2.532, 2.549, 2.438, 2.608, 2.577, 
2.666, 2.652, 2.634, 2.671), .Dim = c(11L, 40L), .Dimnames = list(
    NULL, c("Sampling", "PSO.cost", "PSO.gamma", "PSO.data.balancing", 
    "PSO.feature.selection", "PSO.valid.acc", "PSO.test.acc", 
    "PSO.train.time", "PSO.n.support.vectors", "PSO.index", "PSO.n.solutions", 
    "PSO.generations", "PSO.n.evaluations", "PSO.cpu.time", "RS.cost", 
    "RS.gamma", "RS.data.balancing", "RS.feature.selection", 
    "RS.valid.acc", "RS.test.acc", "RS.train.time", "RS.n.support.vectors", 
    "RS.index", "RS.n.solutions", "RS.generations", "RS.n.evaluations", 
    "RS.cpu.time", "DF.cost", "DF.gamma", "DF.data.balancing", 
    "DF.feature.selection", "DF.valid.acc", "DF.test.acc", "DF.train.time", 
    "DF.n.support.vectors", "DF.index", "DF.n.solutions", "DF.generations", 
    "DF.n.evaluations", "DF.cpu.time")))
