full <-
structure(c(50, 55, 60, 65, 70, 75, 80, 85, 90, 95, 100, 11.45259, 
9.00852, 3.67771, 0.44752, 11.35438, 8.32499, 15, 1, 10.49476, 
14.42133, 1.04568, -6.2555, -6.77072, -2.13029, -2.1618, -10.0441, 
-6.54449, -7.06852, 0.11111, -6.79358, -7.88073, -3.83281, 0, 
0, 0, 0, 0, 0, 0, 0, 0, 0, 0, 0, 0, 0, 0, 0, 0, 0, 0, 0, 0, 0, 
0.74682, 0.73487, 0.73751, 0.74736, 0.74595, 0.74777, 0.76483, 
0.73301, 0.76469, 0.74468, 0.7225, 0.68136, 0.68336, 0.6972, 
0.72428, 0.72012, 0.74814, 0.7299, 0.70996, 0.72252, 0.70786, 
0.69819, 0.0184, 0.016, 0.0177, 0.0172, 0.0217, 0.0209, 0.0554, 
0.0247, 0.0257, 0.0567, 0.0224, 62, 67, 83.6, 99, 86.1, 93.5, 
86.2, 125.3, 103.1, 105.2, 139.3, 115, 486, 2391, 90, 571, 569, 
117, 1, 1784, 436, 780, 361, 406, 1, 353, 362, 180, 552, 1, 1, 
170, 295, 100, 100, 100, 100, 100, 100, 100, 100, 100, 100, 100, 
2500, 2500, 2500, 2500, 2500, 2500, 2500, 2500, 2500, 2500, 2500, 
7946.868, 8086.784, 8007.212, 7985.498, 8122.371, 8378.93700000001, 
8737.77499999999, 8317.72600000001, 8428.92499999999, 8784.11599999998, 
7884.02499999999, 11.55666, 9.04523, 0.45335, 0.99143, 8.99456, 
7.83342, 14.62088, 14.44999, 8.70887, 14.50918, 1.06234, -6.3232, 
-6.76078, -1.95611, -2.54656, -8.48806, -6.27412, -6.87991, -6.87269, 
-5.57351, -7.96121, -3.82984, 0, 0, 0, 0, 0, 0, 0, 0, 0, 0, 0, 
0, 0, 0, 0, 0, 0, 0, 0, 0, 0, 0, 0.74682, 0.73487, 0.73687, 0.73967, 
0.73923, 0.74152, 0.76483, 0.72693, 0.76019, 0.74014, 0.7225, 
0.67136, 0.68336, 0.72918, 0.71047, 0.7531, 0.7485, 0.73615, 
0.70391, 0.708, 0.7026, 0.70295, 0.0184, 0.0173, 0.0165, 0.0171, 
0.0191, 0.0188, 0.0477, 0.0504, 0.0238, 0.0528, 0.0247, 62, 67.2, 
91.5, 97.8, 87.5, 93.8, 86.2, 88.6, 104.9, 105.1, 139.2, 1036, 
151, 78, 69, 82, 695, 969, 1093, 1310, 71, 2100, 1, 3, 15, 3, 
2, 3, 2, 1, 1, 1, 1, 100, 100, 100, 100, 100, 100, 100, 100, 
100, 100, 100, 2500, 2500, 2500, 2500, 2500, 2500, 2500, 2500, 
2500, 2500, 2500, 7793.565, 8135.331, 7995.381, 7971.93, 8238.23699999999, 
8152.795, 8214.474, 8314.24099999999, 8265.79199999999, 8092.09, 
8205.38100000002, 1, 1, 1, 1, 1, 1, 1, 1, 1, 1, 1, 0.11111, 0.11111, 
0.11111, 0.11111, 0.11111, 0.11111, 0.11111, 0.11111, 0.11111, 
0.11111, 0.11111, 0, 0, 0, 0, 0, 0, 0, 0, 0, 0, 0, 0, 0, 0, 0, 
0, 0, 0, 0, 0, 0, 0, 0.66045, 0.67396, 0.70425, 0.69605, 0.70232, 
0.71505, 0.7182, 0.73301, 0.72168, 0.67995, 0.69861, 0.64409, 
0.69681, 0.68996, 0.7089, 0.70232, 0.71631, 0.70589, 0.70996, 
0.71216, 0.66179, 0.70274, 0.0154, 0.0173, 0.0163, 0.0177, 0.0191, 
0.0188, 0.0196, 0.0222, 0.0228, 0.0241, 0.0233, 79.1, 86.1, 93.3, 
99.6, 105.7, 114.3, 119.7, 125.3, 132.2, 139.6, 145.6, 1, 1, 
1, 1, 1, 1, 1, 1, 1, 1, 1, 1, 1, 1, 1, 1, 1, 1, 1, 1, 1, 1, 1, 
1, 1, 1, 1, 1, 1, 1, 1, 1, 1, 1, 1, 1, 1, 1, 1, 1, 1, 1, 1, 1, 
3.119, 3.189, 3.15, 3.271, 3.306, 3.238, 3.294, 3.243, 3.171, 
3.079, 3.292), .Dim = c(11L, 40L), .Dimnames = list(NULL, c("Sampling", 
"PSO.cost", "PSO.gamma", "PSO.data.balancing", "PSO.feature.selection", 
"PSO.valid.acc", "PSO.test.acc", "PSO.train.time", "PSO.n.support.vectors", 
"PSO.index", "PSO.n.solutions", "PSO.generations", "PSO.n.evaluations", 
"PSO.cpu.time", "RS.cost", "RS.gamma", "RS.data.balancing", "RS.feature.selection", 
"RS.valid.acc", "RS.test.acc", "RS.train.time", "RS.n.support.vectors", 
"RS.index", "RS.n.solutions", "RS.generations", "RS.n.evaluations", 
"RS.cpu.time", "DF.cost", "DF.gamma", "DF.data.balancing", "DF.feature.selection", 
"DF.valid.acc", "DF.test.acc", "DF.train.time", "DF.n.support.vectors", 
"DF.index", "DF.n.solutions", "DF.generations", "DF.n.evaluations", 
"DF.cpu.time")))
