full <-
structure(c(50, 55, 60, 65, 70, 75, 80, 85, 90, 95, 100, 5.66717, 
3.32029, 3.46305, 3.59392, 6.85856, 15, 8.37468, 10.87589, 6.56942, 
15, 14.86544, -5.61102, -4.68993, -4.69784, -3.24809, -3.00833, 
-7.53168, -3.30361, -4.70203, -4.7756, -7.35746, -7.974, 0, 0, 
0, 0, 0, 0, 0, 0, 0, 0, 0, 0, 0, 0, 0, 0, 0, 0, 0, 0, 0, 0, 0.79122, 
0.77035, 0.75874, 0.75151, 0.74016, 0.78931, 0.78078, 0.80042, 
0.76467, 0.74676, 0.75845, 0.76519, 0.74599, 0.71955, 0.70513, 
0.72389, 0.69662, 0.76654, 0.74223, 0.72539, 0.72843, 0.7247, 
0.0155, 0.0143, 0.0148, 0.016, 0.0188, 0.0505, 0.0206, 0.0267, 
0.0214, 0.0637, 0.0627, 66.4, 72.9, 81.9, 88.8, 85, 80.5, 91.7, 
91, 108.1, 99.4, 105.8, 146, 2127, 297, 2033, 2118, 65, 1344, 
1179, 1646, 229, 971, 519, 1, 522, 1, 5, 605, 18, 15, 23, 475, 
3, 100, 100, 100, 100, 100, 100, 100, 100, 100, 100, 100, 2500, 
2500, 2500, 2500, 2500, 2500, 2500, 2500, 2500, 2500, 2500, 6583.051, 
6001.725, 5940.277, 6165.08100000001, 6356.041, 6885.821, 6332.246, 
6441.42, 6321.23700000001, 7304.951, 7501.45699999999, 5.45308, 
1.81834, 3.07954, 2.31443, 6.73784, 14.72079, 8.11415, 10.93282, 
5.71767, 8.95355, 13.47249, -5.31588, -4.29797, -4.7087, -3.42198, 
-3.05493, -7.37514, -3.07821, -4.72919, -4.35708, -6.72246, -7.4375, 
0, 0, 0, 0, 0, 0, 0, 0, 0, 0, 0, 0, 0, 0, 0, 0, 0, 0, 0, 0, 0, 
0, 0.79122, 0.76266, 0.75105, 0.74279, 0.73927, 0.78306, 0.77453, 
0.80042, 0.76041, 0.73822, 0.75369, 0.77519, 0.75368, 0.71955, 
0.71582, 0.71675, 0.70287, 0.75404, 0.74223, 0.71621, 0.73319, 
0.73359, 0.0138, 0.0148, 0.0143, 0.0169, 0.0186, 0.0482, 0.0208, 
0.0262, 0.021, 0.0245, 0.0464, 66.7, 78.2, 82.6, 91.2, 85.3, 
80.5, 93.4, 91, 109.4, 113.8, 108.5, 326, 111, 1429, 109, 851, 
370, 914, 532, 2149, 733, 2393, 2, 8, 1, 1, 1, 1, 1, 1, 1, 1, 
1, 100, 100, 100, 100, 100, 100, 100, 100, 100, 100, 100, 2500, 
2500, 2500, 2500, 2500, 2500, 2500, 2500, 2500, 2500, 2500, 6060.829, 
6059.356, 5976.888, 6296.132, 6328.413, 6360.64199999999, 6308.004, 
6403.88400000001, 6472.296, 6810.086, 6976.44199999998, 1, 1, 
1, 1, 1, 1, 1, 1, 1, 1, 1, 0.11111, 0.11111, 0.11111, 0.11111, 
0.11111, 0.11111, 0.11111, 0.11111, 0.11111, 0.11111, 0.11111, 
0, 0, 0, 0, 0, 0, 0, 0, 0, 0, 0, 0, 0, 0, 0, 0, 0, 0, 0, 0, 0, 
0, 0.7461, 0.71307, 0.71222, 0.70267, 0.70245, 0.72598, 0.73122, 
0.75458, 0.7014, 0.69788, 0.72433, 0.73546, 0.71242, 0.69867, 
0.69498, 0.66811, 0.7201, 0.71934, 0.72239, 0.7056, 0.69303, 
0.71956, 0.014, 0.0143, 0.0157, 0.0174, 0.0166, 0.018, 0.0204, 
0.0205, 0.0223, 0.0235, 0.0241, 76.7, 82.3, 91, 98.3, 105.5, 
112.2, 117.9, 125.6, 132.2, 141, 144.8, 1, 1, 1, 1, 1, 1, 1, 
1, 1, 1, 1, 1, 1, 1, 1, 1, 1, 1, 1, 1, 1, 1, 1, 1, 1, 1, 1, 1, 
1, 1, 1, 1, 1, 1, 1, 1, 1, 1, 1, 1, 1, 1, 1, 1, 2.373, 2.379, 
2.365, 2.585, 2.388, 2.449, 2.579, 2.53, 2.643, 2.727, 2.78), .Dim = c(11L, 
40L), .Dimnames = list(NULL, c("Sampling", "PSO.cost", "PSO.gamma", 
"PSO.data.balancing", "PSO.feature.selection", "PSO.valid.acc", 
"PSO.test.acc", "PSO.train.time", "PSO.n.support.vectors", "PSO.index", 
"PSO.n.solutions", "PSO.generations", "PSO.n.evaluations", "PSO.cpu.time", 
"RS.cost", "RS.gamma", "RS.data.balancing", "RS.feature.selection", 
"RS.valid.acc", "RS.test.acc", "RS.train.time", "RS.n.support.vectors", 
"RS.index", "RS.n.solutions", "RS.generations", "RS.n.evaluations", 
"RS.cpu.time", "DF.cost", "DF.gamma", "DF.data.balancing", "DF.feature.selection", 
"DF.valid.acc", "DF.test.acc", "DF.train.time", "DF.n.support.vectors", 
"DF.index", "DF.n.solutions", "DF.generations", "DF.n.evaluations", 
"DF.cpu.time")))
