full <-
structure(c(50, 55, 60, 65, 70, 75, 80, 85, 90, 95, 100, 5.43509, 
3.1233, 5.58763, 2.47999, 1.3466, 3.96629, 14.82496, 14.11209, 
13.09098, 10.01231, 3.75057, -6.40799, -3.58529, -5.38872, -3.8855, 
-3.41567, -5.92207, -8.94435, -6.92239, -6.96917, -7.60039, -1.57789, 
0, 0, 0, 0, 0, 0, 0, 0, 0, 0, 0, 0, 0, 0, 0, 0, 0, 0, 0, 0, 0, 
0, 0.70455, 0.71176, 0.70949, 0.70714, 0.70131, 0.71623, 0.72262, 
0.7338, 0.72008, 0.74643, 0.74796, 0.66, 0.67728, 0.64577, 0.66407, 
0.69321, 0.68548, 0.69843, 0.69913, 0.6882, 0.72571, 0.70589, 
0.0131, 0.0151, 0.0159, 0.0165, 0.0166, 0.0176, 0.0392, 0.0444, 
0.0397, 0.0256, 0.0277, 73.1, 79.7, 82.2, 94.3, 102.9, 106.8, 
93.6, 93.7, 99.4, 112.2, 131.7, 244, 790, 136, 981, 508, 343, 
1019, 1076, 1253, 346, 1528, 238, 73, 632, 92, 174, 597, 11, 
66, 51, 168, 41, 100, 100, 100, 100, 100, 100, 100, 100, 100, 
100, 100, 2500, 2500, 2500, 2500, 2500, 2500, 2500, 2500, 2500, 
2500, 2500, 5748.389, 5892.394, 6074.653, 6086.044, 6218.192, 
6253.633, 6718.978, 7195.774, 6966.822, 6772.978, 9176.33699999998, 
4.99051, 3.02303, 5.77011, 1.12559, 1.02282, 5.31725, 14.8458, 
14.78112, 13.64524, 10.3014, 3.67337, -6.13612, -3.54528, -5.49588, 
-3.77225, -3.56618, -6.37898, -8.9527, -6.73969, -6.83619, -7.7721, 
-1.47111, 0, 0, 0, 0, 0, 0, 0, 0, 0, 0, 0, 0, 0, 0, 0, 0, 0, 
0, 0, 0, 0, 0, 0.70455, 0.71176, 0.70949, 0.69326, 0.69464, 0.71511, 
0.72262, 0.72818, 0.70949, 0.74167, 0.75251, 0.67, 0.67728, 0.64577, 
0.68659, 0.67982, 0.69215, 0.69843, 0.67654, 0.70341, 0.72571, 
0.715, 0.0133, 0.0146, 0.0144, 0.0166, 0.0177, 0.0182, 0.0401, 
0.0573, 0.047, 0.0279, 0.0276, 73.1, 80, 82.1, 98.7, 105, 103.8, 
93.5, 91.1, 97.7, 112.2, 132.5, 1656, 167, 347, 737, 2318, 1264, 
1949, 1455, 2330, 856, 1922, 1, 1, 3, 1, 1, 1, 1, 1, 1, 1, 1, 
100, 100, 100, 100, 100, 100, 100, 100, 100, 100, 100, 2500, 
2500, 2500, 2500, 2500, 2500, 2500, 2500, 2500, 2500, 2500, 5872.614, 
5924.69, 5935.763, 6033.924, 6258.784, 6307.393, 6586.88799999999, 
6637.511, 6681.014, 8956.45600000001, 9144.78599999999, 1, 1, 
1, 1, 1, 1, 1, 1, 1, 1, 1, 0.11111, 0.11111, 0.11111, 0.11111, 
0.11111, 0.11111, 0.11111, 0.11111, 0.11111, 0.11111, 0.11111, 
0, 0, 0, 0, 0, 0, 0, 0, 0, 0, 0, 0, 0, 0, 0, 0, 0, 0, 0, 0, 0, 
0, 0.57273, 0.67819, 0.63077, 0.67835, 0.66298, 0.64089, 0.68684, 
0.65501, 0.68984, 0.69667, 0.71517, 0.57182, 0.65448, 0.62462, 
0.67121, 0.66018, 0.65344, 0.68841, 0.66237, 0.68902, 0.73524, 
0.71642, 0.0138, 0.0159, 0.0163, 0.0169, 0.0181, 0.0189, 0.0204, 
0.0215, 0.0224, 0.0259, 0.0268, 78.5, 86.4, 92.6, 102.5, 108.6, 
115.2, 122.2, 128.8, 132, 138.2, 145.3, 1, 1, 1, 1, 1, 1, 1, 
1, 1, 1, 1, 1, 1, 1, 1, 1, 1, 1, 1, 1, 1, 1, 1, 1, 1, 1, 1, 1, 
1, 1, 1, 1, 1, 1, 1, 1, 1, 1, 1, 1, 1, 1, 1, 1, 2.403, 2.498, 
2.532, 2.529, 2.533, 2.569, 2.63, 2.656, 2.681, 3.62, 3.648), .Dim = c(11L, 
40L), .Dimnames = list(NULL, c("Sampling", "PSO.cost", "PSO.gamma", 
"PSO.data.balancing", "PSO.feature.selection", "PSO.valid.acc", 
"PSO.test.acc", "PSO.train.time", "PSO.n.support.vectors", "PSO.index", 
"PSO.n.solutions", "PSO.generations", "PSO.n.evaluations", "PSO.cpu.time", 
"RS.cost", "RS.gamma", "RS.data.balancing", "RS.feature.selection", 
"RS.valid.acc", "RS.test.acc", "RS.train.time", "RS.n.support.vectors", 
"RS.index", "RS.n.solutions", "RS.generations", "RS.n.evaluations", 
"RS.cpu.time", "DF.cost", "DF.gamma", "DF.data.balancing", "DF.feature.selection", 
"DF.valid.acc", "DF.test.acc", "DF.train.time", "DF.n.support.vectors", 
"DF.index", "DF.n.solutions", "DF.generations", "DF.n.evaluations", 
"DF.cpu.time")))
