full <-
structure(c(50, 55, 60, 65, 70, 75, 80, 85, 90, 95, 100, 5.07216, 
0.35787, 12.25927, 8.0721, 3.05194, 0.14108, 6.47477, 10.38337, 
12.26589, 10.77871, 10.80362, -3.26767, -1.19232, -9.3939, -5.95394, 
-1.27994, -1.09912, -6.38536, -6.92328, -8.84507, -7.47095, -5.59669, 
0, 0, 0, 0, 0, 0, 0, 0, 0, 0, 0, 0, 0, 0, 0, 0, 0, 0, 0, 0, 0, 
0, 0.74237, 0.72846, 0.71616, 0.71168, 0.72557, 0.69021, 0.72795, 
0.72262, 0.7267, 0.75556, 0.73225, 0.69376, 0.68334, 0.71122, 
0.64821, 0.69207, 0.68438, 0.67317, 0.68275, 0.72117, 0.73645, 
0.71885, 0.0143, 0.0155, 0.0185, 0.0171, 0.019, 0.02, 0.0191, 
0.024, 0.0275, 0.027, 0.0308, 67.6, 81.7, 74.2, 83.7, 101.8, 
115.4, 104.7, 103.6, 108.9, 112.6, 108.1, 1084, 1486, 425, 412, 
700, 453, 179, 851, 1215, 1297, 1176, 250, 36, 79, 556, 179, 
483, 256, 65, 33, 58, 62, 100, 100, 100, 100, 100, 100, 100, 
100, 100, 100, 100, 2500, 2500, 2500, 2500, 2500, 2500, 2500, 
2500, 2500, 2500, 2500, 6208.131, 6259.064, 6390.213, 6433.035, 
6491.09899999999, 6418.59699999999, 6340.932, 6706.27899999999, 
6943.386, 7052.37699999999, 6869.21699999999, 5.53126, -0.33407, 
10.91105, 8.45875, 2.24798, 0.92336, 6.53286, 5.6291, 12.21033, 
11.8285, 10.64539, -3.44602, -1.6127, -8.81197, -6.14803, -1.00762, 
-0.79032, -6.38455, -4.53911, -8.85088, -7.98676, -5.56067, 0, 
0, 0, 0, 0, 0, 0, 0, 0, 0, 0, 0, 0, 0, 0, 0, 0, 0, 0, 0, 0, 0, 
0.7296, 0.71179, 0.70902, 0.71168, 0.72431, 0.68202, 0.72795, 
0.7118, 0.7217, 0.7458, 0.72725, 0.68376, 0.6841, 0.72789, 0.65535, 
0.65867, 0.67618, 0.67317, 0.66204, 0.72117, 0.74599, 0.71885, 
0.0144, 0.0152, 0.0171, 0.0179, 0.0193, 0.0206, 0.0192, 0.0206, 
0.0271, 0.0295, 0.0298, 66.3, 84.8, 75.4, 83.4, 103.2, 114.7, 
104.7, 111.2, 109.1, 111.6, 108.3, 834, 1606, 544, 1717, 334, 
1981, 1716, 1170, 2149, 2253, 1805, 3, 2, 1, 7, 2, 1, 2, 1, 1, 
2, 1, 100, 100, 100, 100, 100, 100, 100, 100, 100, 100, 100, 
2500, 2500, 2500, 2500, 2500, 2500, 2500, 2500, 2500, 2500, 2500, 
6188.088, 6292.819, 6347.043, 6465.04300000001, 6477.802, 6284.461, 
6582.56899999999, 6696.59800000001, 6857.935, 6842.496, 6847.76699999999, 
1, 1, 1, 1, 1, 1, 1, 1, 1, 1, 1, 0.11111, 0.11111, 0.11111, 0.11111, 
0.11111, 0.11111, 0.11111, 0.11111, 0.11111, 0.11111, 0.11111, 
0, 0, 0, 0, 0, 0, 0, 0, 0, 0, 0, 0, 0, 0, 0, 0, 0, 0, 0, 0, 0, 
0, 0.66023, 0.67464, 0.67027, 0.64828, 0.66576, 0.65665, 0.69322, 
0.64579, 0.70623, 0.68551, 0.68522, 0.67765, 0.68297, 0.69013, 
0.64821, 0.67915, 0.6767, 0.69286, 0.68846, 0.69564, 0.69078, 
0.72225, 0.0149, 0.015, 0.0156, 0.0173, 0.0173, 0.0182, 0.0204, 
0.0208, 0.0221, 0.0219, 0.0243, 76.8, 84.4, 92.9, 99.5, 106.3, 
114.1, 121.3, 128.1, 133.6, 140.6, 144.3, 1, 1, 1, 1, 1, 1, 1, 
1, 1, 1, 1, 1, 1, 1, 1, 1, 1, 1, 1, 1, 1, 1, 1, 1, 1, 1, 1, 1, 
1, 1, 1, 1, 1, 1, 1, 1, 1, 1, 1, 1, 1, 1, 1, 1, 2.49, 2.526, 
2.52, 2.586, 2.585, 2.506, 2.634, 2.661, 2.711, 2.703, 2.71), .Dim = c(11L, 
40L), .Dimnames = list(NULL, c("Sampling", "PSO.cost", "PSO.gamma", 
"PSO.data.balancing", "PSO.feature.selection", "PSO.valid.acc", 
"PSO.test.acc", "PSO.train.time", "PSO.n.support.vectors", "PSO.index", 
"PSO.n.solutions", "PSO.generations", "PSO.n.evaluations", "PSO.cpu.time", 
"RS.cost", "RS.gamma", "RS.data.balancing", "RS.feature.selection", 
"RS.valid.acc", "RS.test.acc", "RS.train.time", "RS.n.support.vectors", 
"RS.index", "RS.n.solutions", "RS.generations", "RS.n.evaluations", 
"RS.cpu.time", "DF.cost", "DF.gamma", "DF.data.balancing", "DF.feature.selection", 
"DF.valid.acc", "DF.test.acc", "DF.train.time", "DF.n.support.vectors", 
"DF.index", "DF.n.solutions", "DF.generations", "DF.n.evaluations", 
"DF.cpu.time")))
