full <-
structure(c(50, 55, 60, 65, 70, 75, 80, 85, 90, 95, 100, 6.26675, 
9.90606, 4.72104, 15, 7.37704, 3.04677, 0.84374, 14.87284, 12.23847, 
9.78857, 11.41413, -3.18276, -5.31772, -2.52554, -7.79398, -4.95999, 
-1.47282, -3.24355, -6.43427, -8.67062, -8.25939, -7.86297, 0, 
0, 0, 0, 0, 0, 0, 0, 0, 0, 0, 0, 0, 0, 0, 0, 0, 0, 0, 0, 0, 0, 
0.69955, 0.78676, 0.77715, 0.7507, 0.73974, 0.73507, 0.71078, 
0.74928, 0.74212, 0.73379, 0.74277, 0.68121, 0.75718, 0.75343, 
0.68729, 0.69022, 0.70134, 0.67807, 0.71624, 0.71046, 0.70036, 
0.73838, 0.0165, 0.0176, 0.0158, 0.0377, 0.0186, 0.0208, 0.022, 
0.0579, 0.0288, 0.0238, 0.029, 72, 64.3, 84.2, 66.9, 88.3, 109.6, 
115.8, 90, 106.7, 118, 114.4, 448, 2429, 330, 361, 531, 1103, 
238, 200, 989, 1469, 313, 109, 1, 230, 476, 525, 166, 166, 565, 
144, 11, 211, 100, 100, 100, 100, 100, 100, 100, 100, 100, 100, 
100, 2500, 2500, 2500, 2500, 2500, 2500, 2500, 2500, 2500, 2500, 
2500, 8089.904, 7908.32, 7934.608, 8370.857, 7957.636, 8236.762, 
8374.124, 9105.129, 8422.54300000001, 8230.13500000001, 8222.06399999998, 
14.05963, 10.01229, 4.19128, 14.97174, 7.32335, 6.66421, 0.74999, 
14.10754, 12.60484, 9.88901, 12.24945, -9.44161, -5.31619, -2.02269, 
-7.72409, -4.92458, -3.22919, -3.14568, -6.66023, -8.91431, -6.82792, 
-7.82625, 0, 0, 0, 0, 0, 0, 0, 0, 0, 0, 0, 0, 0, 0, 0, 0, 0, 
0, 0, 0, 0, 0, 0.69621, 0.77843, 0.76946, 0.7507, 0.73974, 0.71972, 
0.71045, 0.74869, 0.73686, 0.72998, 0.73798, 0.6347, 0.75718, 
0.76946, 0.68729, 0.70458, 0.67505, 0.67807, 0.7048, 0.70546, 
0.72065, 0.72797, 0.0237, 0.0183, 0.0188, 0.0368, 0.0182, 0.0195, 
0.0222, 0.0494, 0.0278, 0.0265, 0.0337, 63.5, 64.2, 86.7, 66.9, 
88.3, 96.9, 116.3, 93.3, 107, 113.6, 114.2, 2135, 2245, 268, 
1432, 1115, 1017, 1251, 149, 1927, 2289, 1018, 1, 1, 3, 1, 1, 
3, 1, 2, 1, 1, 1, 100, 100, 100, 100, 100, 100, 100, 100, 100, 
100, 100, 2500, 2500, 2500, 2500, 2500, 2500, 2500, 2500, 2500, 
2500, 2500, 7943.956, 7944.169, 7970.127, 7975.942, 8110.38, 
8321.34, 8417, 8351.95999999999, 8160.44899999999, 8317.57399999999, 
7983.23299999998, 1, 1, 1, 1, 1, 1, 1, 1, 1, 1, 1, 0.11111, 0.11111, 
0.11111, 0.11111, 0.11111, 0.11111, 0.11111, 0.11111, 0.11111, 
0.11111, 0.11111, 0, 0, 0, 0, 0, 0, 0, 0, 0, 0, 0, 0, 0, 0, 0, 
0, 0, 0, 0, 0, 0, 0, 0.58394, 0.67987, 0.65155, 0.6563, 0.6627, 
0.64229, 0.67091, 0.67264, 0.67996, 0.6999, 0.70948, 0.62561, 
0.67836, 0.63756, 0.64359, 0.67002, 0.65018, 0.68366, 0.67819, 
0.69549, 0.70397, 0.71324, 0.015, 0.0154, 0.0156, 0.0172, 0.0178, 
0.0189, 0.0205, 0.0218, 0.0221, 0.0234, 0.0242, 79.2, 85.2, 90.6, 
94, 103.4, 112.6, 120.2, 125.9, 133.2, 140.5, 145.7, 1, 1, 1, 
1, 1, 1, 1, 1, 1, 1, 1, 1, 1, 1, 1, 1, 1, 1, 1, 1, 1, 1, 1, 1, 
1, 1, 1, 1, 1, 1, 1, 1, 1, 1, 1, 1, 1, 1, 1, 1, 1, 1, 1, 1, 3.112, 
3.184, 3.104, 3.19, 3.161, 3.364, 3.25, 3.304, 3.012, 3.264, 
3.226), .Dim = c(11L, 40L), .Dimnames = list(NULL, c("Sampling", 
"PSO.cost", "PSO.gamma", "PSO.data.balancing", "PSO.feature.selection", 
"PSO.valid.acc", "PSO.test.acc", "PSO.train.time", "PSO.n.support.vectors", 
"PSO.index", "PSO.n.solutions", "PSO.generations", "PSO.n.evaluations", 
"PSO.cpu.time", "RS.cost", "RS.gamma", "RS.data.balancing", "RS.feature.selection", 
"RS.valid.acc", "RS.test.acc", "RS.train.time", "RS.n.support.vectors", 
"RS.index", "RS.n.solutions", "RS.generations", "RS.n.evaluations", 
"RS.cpu.time", "DF.cost", "DF.gamma", "DF.data.balancing", "DF.feature.selection", 
"DF.valid.acc", "DF.test.acc", "DF.train.time", "DF.n.support.vectors", 
"DF.index", "DF.n.solutions", "DF.generations", "DF.n.evaluations", 
"DF.cpu.time")))
