full <-
structure(c(50, 55, 60, 65, 70, 75, 80, 85, 90, 95, 100, 6.06927, 
10.89316, 8.36962, 11.1117, 6.66524, 6.11873, 9.04145, 11.363, 
9.89244, 6.93177, 10.9191, -3.99164, -6.26359, -5.17607, -6.32618, 
-3.38662, -4.28804, -4.88855, -6.26161, -4.71563, -5.09978, -8.42152, 
0, 0, 0, 0, 0, 0, 0, 0, 0, 0, 0, 0, 0, 0, 0, 0, 0, 0, 0, 0, 0, 
0, 0.69202, 0.67837, 0.71914, 0.74877, 0.71825, 0.72666, 0.71503, 
0.70787, 0.77454, 0.74366, 0.75199, 0.65848, 0.65298, 0.6794, 
0.69196, 0.67303, 0.67665, 0.6904, 0.68672, 0.74902, 0.7038, 
0.73286, 0.0141, 0.0174, 0.0164, 0.022, 0.0182, 0.0191, 0.0225, 
0.0287, 0.0261, 0.0218, 0.0271, 68.8, 69.5, 73.9, 77.7, 89, 98.5, 
97.6, 99.6, 100.8, 117.3, 118.3, 495, 256, 1218, 676, 610, 310, 
467, 908, 427, 1167, 170, 351, 185, 44, 52, 529, 608, 407, 208, 
262, 32, 410, 100, 100, 100, 100, 100, 100, 100, 100, 100, 100, 
100, 2500, 2500, 2500, 2500, 2500, 2500, 2500, 2500, 2500, 2500, 
2500, 6376.5, 6431.47, 6455.748, 6535.058, 6510.992, 6564.147, 
6636.05099999999, 6853.898, 6804.91100000001, 7202.54700000001, 
6911.10800000001, 5.55597, 0.2739, 6.25712, 11.53035, 8.14193, 
7.19152, 6.11187, 12.63803, 9.35752, 7.33994, 10.02793, -3.90585, 
-0.94554, -3.77184, -6.49179, -3.59817, -4.51078, -2.81016, -6.80566, 
-4.75863, -5.32569, -8.263, 0, 0, 0, 0, 0, 0, 0, 0, 0, 0, 0, 
0, 0, 0, 0, 0, 0, 0, 0, 0, 0, 0, 0.69111, 0.68348, 0.71145, 0.74877, 
0.7015, 0.72114, 0.70984, 0.7026, 0.76928, 0.74344, 0.75199, 
0.65758, 0.67515, 0.68837, 0.6991, 0.66878, 0.67624, 0.66855, 
0.67561, 0.75454, 0.71406, 0.71946, 0.0139, 0.0152, 0.0164, 0.0223, 
0.0189, 0.0189, 0.0196, 0.0345, 0.0253, 0.022, 0.0243, 69.8, 
83, 76.7, 77.6, 86.6, 96.1, 101.8, 97.5, 103.1, 117, 119.2, 15, 
1376, 716, 1958, 235, 2414, 3, 155, 2304, 796, 49, 2, 1, 2, 1, 
2, 1, 1, 1, 1, 1, 7, 100, 100, 100, 100, 100, 100, 100, 100, 
100, 100, 100, 2500, 2500, 2500, 2500, 2500, 2500, 2500, 2500, 
2500, 2500, 2500, 6388.303, 6432.285, 6476.881, 6499.581, 6548.257, 
6608.96100000001, 6676.231, 6723.55499999999, 6729.007, 6877.29400000001, 
6888.59400000001, 1, 1, 1, 1, 1, 1, 1, 1, 1, 1, 1, 0.11111, 0.11111, 
0.11111, 0.11111, 0.11111, 0.11111, 0.11111, 0.11111, 0.11111, 
0.11111, 0.11111, 0, 0, 0, 0, 0, 0, 0, 0, 0, 0, 0, 0, 0, 0, 0, 
0, 0, 0, 0, 0, 0, 0, 0.60051, 0.622, 0.65678, 0.66388, 0.66427, 
0.6774, 0.6672, 0.65221, 0.68656, 0.70447, 0.70045, 0.59788, 
0.65773, 0.65623, 0.65007, 0.64332, 0.67292, 0.65507, 0.6482, 
0.68732, 0.6904, 0.69997, 0.0139, 0.0153, 0.016, 0.0164, 0.0178, 
0.018, 0.0194, 0.0208, 0.0205, 0.0235, 0.0236, 80.6, 86.8, 92.1, 
101, 110.1, 115.7, 122.2, 129.4, 134.7, 140.1, 145.8, 1, 1, 1, 
1, 1, 1, 1, 1, 1, 1, 1, 1, 1, 1, 1, 1, 1, 1, 1, 1, 1, 1, 1, 1, 
1, 1, 1, 1, 1, 1, 1, 1, 1, 1, 1, 1, 1, 1, 1, 1, 1, 1, 1, 1, 2.58, 
2.565, 2.574, 2.596, 2.616, 2.594, 2.646, 2.69, 2.55, 2.714, 
2.766), .Dim = c(11L, 40L), .Dimnames = list(NULL, c("Sampling", 
"PSO.cost", "PSO.gamma", "PSO.data.balancing", "PSO.feature.selection", 
"PSO.valid.acc", "PSO.test.acc", "PSO.train.time", "PSO.n.support.vectors", 
"PSO.index", "PSO.n.solutions", "PSO.generations", "PSO.n.evaluations", 
"PSO.cpu.time", "RS.cost", "RS.gamma", "RS.data.balancing", "RS.feature.selection", 
"RS.valid.acc", "RS.test.acc", "RS.train.time", "RS.n.support.vectors", 
"RS.index", "RS.n.solutions", "RS.generations", "RS.n.evaluations", 
"RS.cpu.time", "DF.cost", "DF.gamma", "DF.data.balancing", "DF.feature.selection", 
"DF.valid.acc", "DF.test.acc", "DF.train.time", "DF.n.support.vectors", 
"DF.index", "DF.n.solutions", "DF.generations", "DF.n.evaluations", 
"DF.cpu.time")))
