full <-
structure(c(50, 55, 60, 65, 70, 75, 80, 85, 90, 95, 100, 2.82651, 
13.33326, 9.82051, 6.38283, 9.72341, 12.01483, 11.00838, 11.8583, 
10.76971, 12.39156, 11.30174, -2.11845, -9.32676, -7.53657, -5.89101, 
-7.45375, -8.33187, -7.77752, -8.69825, -5.29938, -6.71761, -6.10526, 
0, 0, 0, 0, 0, 0, 0, 0, 0, 0, 0, 0, 0, 0, 0, 0, 0, 0, 0, 0, 0, 
0, 0.69359, 0.75373, 0.77216, 0.76344, 0.76258, 0.73964, 0.72571, 
0.75893, 0.75274, 0.75181, 0.74906, 0.64152, 0.73001, 0.73718, 
0.76392, 0.74065, 0.71489, 0.71778, 0.73782, 0.68515, 0.74707, 
0.71539, 0.016, 0.0195, 0.017, 0.0184, 0.0205, 0.0242, 0.0236, 
0.0291, 0.0278, 0.037, 0.0331, 74.8, 68.7, 75.6, 84.4, 89.5, 
89.2, 95.9, 100.5, 96.7, 104.8, 107.8, 315, 419, 104, 769, 1143, 
377, 465, 264, 490, 1827, 586, 310, 454, 467, 99, 80, 130, 582, 
506, 82, 4, 223, 100, 100, 100, 100, 100, 100, 100, 100, 100, 
100, 100, 2500, 2500, 2500, 2500, 2500, 2500, 2500, 2500, 2500, 
2500, 2500, 8100.324, 8016.183, 8280.628, 8258.452, 8372.859, 
8337.454, 8340.549, 8199.072, 8423.693, 8539.17999999999, 8559.77600000001, 
2.56726, 13.54344, 9.79412, 6.15073, 7.72626, 3.67193, 10.89929, 
10.98792, 12.65981, 12.60781, 14.23476, -2.0194, -9.51017, -7.64968, 
-5.71409, -6.22595, -1.70061, -7.74187, -8.32878, -6.18843, -6.759, 
-7.91345, 0, 0, 0, 0, 0, 0, 0, 0, 0, 0, 0, 0, 0, 0, 0, 0, 0, 
0, 0, 0, 0, 0, 0.68526, 0.75373, 0.77216, 0.75678, 0.76417, 0.73964, 
0.72571, 0.75893, 0.74295, 0.74171, 0.74451, 0.65228, 0.72092, 
0.73718, 0.75678, 0.73462, 0.68943, 0.71778, 0.75452, 0.69097, 
0.74763, 0.70522, 0.016, 0.0193, 0.0181, 0.0178, 0.0209, 0.0212, 
0.0238, 0.0255, 0.0362, 0.0372, 0.0534, 74.8, 68.8, 75.6, 84.4, 
91.1, 103.3, 96.3, 101.6, 94.1, 104.9, 108.2, 1353, 1856, 1566, 
13, 2432, 1054, 639, 587, 1926, 1386, 1840, 3, 1, 2, 2, 1, 2, 
1, 2, 1, 1, 2, 100, 100, 100, 100, 100, 100, 100, 100, 100, 100, 
100, 2500, 2500, 2500, 2500, 2500, 2500, 2500, 2500, 2500, 2500, 
2500, 8205.4, 8197.71, 8359.42, 8447.98, 8412.496, 8314.266, 
8303.10800000001, 8166.348, 8022.79300000001, 8327.87100000001, 
8366.25199999998, 1, 1, 1, 1, 1, 1, 1, 1, 1, 1, 1, 0.11111, 0.11111, 
0.11111, 0.11111, 0.11111, 0.11111, 0.11111, 0.11111, 0.11111, 
0.11111, 0.11111, 0, 0, 0, 0, 0, 0, 0, 0, 0, 0, 0, 0, 0, 0, 0, 
0, 0, 0, 0, 0, 0, 0, 0.62916, 0.64277, 0.60989, 0.6567, 0.66827, 
0.70198, 0.68255, 0.6819, 0.69068, 0.6825, 0.70452, 0.64167, 
0.64417, 0.61822, 0.66385, 0.66869, 0.67693, 0.66768, 0.6819, 
0.68074, 0.67399, 0.72335, 0.0152, 0.0175, 0.0171, 0.0188, 0.0179, 
0.0194, 0.02, 0.0205, 0.0233, 0.0238, 0.0245, 75, 82.4, 92.3, 
99.2, 107.8, 113.8, 121.5, 129.2, 136.9, 141.8, 144.8, 1, 1, 
1, 1, 1, 1, 1, 1, 1, 1, 1, 1, 1, 1, 1, 1, 1, 1, 1, 1, 1, 1, 1, 
1, 1, 1, 1, 1, 1, 1, 1, 1, 1, 1, 1, 1, 1, 1, 1, 1, 1, 1, 1, 1, 
3.215, 3.323, 3.36, 3.427, 3.376, 3.243, 3.312, 3.307, 3.224, 
3.327, 3.233), .Dim = c(11L, 40L), .Dimnames = list(NULL, c("Sampling", 
"PSO.cost", "PSO.gamma", "PSO.data.balancing", "PSO.feature.selection", 
"PSO.valid.acc", "PSO.test.acc", "PSO.train.time", "PSO.n.support.vectors", 
"PSO.index", "PSO.n.solutions", "PSO.generations", "PSO.n.evaluations", 
"PSO.cpu.time", "RS.cost", "RS.gamma", "RS.data.balancing", "RS.feature.selection", 
"RS.valid.acc", "RS.test.acc", "RS.train.time", "RS.n.support.vectors", 
"RS.index", "RS.n.solutions", "RS.generations", "RS.n.evaluations", 
"RS.cpu.time", "DF.cost", "DF.gamma", "DF.data.balancing", "DF.feature.selection", 
"DF.valid.acc", "DF.test.acc", "DF.train.time", "DF.n.support.vectors", 
"DF.index", "DF.n.solutions", "DF.generations", "DF.n.evaluations", 
"DF.cpu.time")))
