full <-
structure(c(50, 55, 60, 65, 70, 75, 80, 85, 90, 95, 100, 13.99765, 
15, 15, 15, 14.57522, 6.96, 9.53924, 13.94324, 13.53829, 5.52153, 
3.87206, -7.77494, -7.84904, -7.40822, -10.52665, -7.89864, -5.73179, 
-5.02508, -7.01348, -5.17319, -2.9063, -1.25435, 0, 0, 0, 0, 
0, 0, 0, 0, 0, 0, 0, 0, 0, 0, 0, 0, 0, 0, 0, 0, 0, 0, 0.79121, 
0.73753, 0.71961, 0.74429, 0.71303, 0.74571, 0.77443, 0.74909, 
0.75699, 0.73944, 0.73349, 0.71712, 0.72162, 0.70295, 0.7089, 
0.69045, 0.69576, 0.73738, 0.73806, 0.70038, 0.71154, 0.71033, 
0.0217, 0.0315, 0.0333, 0.0264, 0.0352, 0.0184, 0.0227, 0.0401, 
0.0397, 0.0241, 0.0259, 56.5, 64.1, 66.1, 81.3, 76.2, 94, 92.5, 
89.4, 93.6, 119.3, 133.6, 356, 256, 714, 1229, 216, 644, 685, 
653, 1483, 2168, 199, 430, 870, 153, 125, 397, 196, 388, 104, 
47, 8, 157, 100, 100, 100, 100, 100, 100, 100, 100, 100, 100, 
100, 2500, 2500, 2500, 2500, 2500, 2500, 2500, 2500, 2500, 2500, 
2500, 6544.122, 6847.106, 6953.629, 6878.618, 6940.286, 6589.712, 
6485.27900000001, 7128.87, 7222.524, 6554.74100000001, 6796.807, 
14.18657, 14.66486, 11.36069, 3.91999, 14.77455, 7.68296, 9.34038, 
14.44886, 13.46351, 6.02936, 3.64102, -7.89435, -7.4775, -6.08097, 
-1.24224, -7.9829, -6.13561, -5.02384, -7.22737, -5.27577, -3.33442, 
-1.11307, 0, 0, 0, 0, 0, 0, 0, 0, 0, 0, 0, 0, 0, 0, 0, 0, 0, 
0, 0, 0, 0, 0, 0.79121, 0.73601, 0.71137, 0.74172, 0.71303, 0.74534, 
0.76855, 0.74382, 0.75199, 0.73511, 0.73328, 0.71712, 0.7292, 
0.71723, 0.70319, 0.69045, 0.70201, 0.73738, 0.7325, 0.68982, 
0.7113, 0.71033, 0.0224, 0.0294, 0.0213, 0.0189, 0.0361, 0.0185, 
0.0235, 0.0436, 0.038, 0.024, 0.0264, 56.2, 64.1, 71.1, 94.6, 
75.3, 93.3, 93.3, 89.1, 93, 117.2, 135.6, 733, 2031, 793, 1790, 
599, 1738, 243, 284, 1549, 1320, 497, 2, 1, 1, 2, 1, 1, 1, 1, 
2, 1, 1, 100, 100, 100, 100, 100, 100, 100, 100, 100, 100, 100, 
2500, 2500, 2500, 2500, 2500, 2500, 2500, 2500, 2500, 2500, 2500, 
6474.886, 6573.81, 6668.42200000001, 6855.639, 6444.626, 6656.474, 
6724.117, 6594.37299999999, 6628.299, 6701.89000000001, 6509.74400000001, 
1, 1, 1, 1, 1, 1, 1, 1, 1, 1, 1, 0.11111, 0.11111, 0.11111, 0.11111, 
0.11111, 0.11111, 0.11111, 0.11111, 0.11111, 0.11111, 0.11111, 
0, 0, 0, 0, 0, 0, 0, 0, 0, 0, 0, 0, 0, 0, 0, 0, 0, 0, 0, 0, 0, 
0, 0.62227, 0.65309, 0.64177, 0.65938, 0.6529, 0.66993, 0.67047, 
0.67822, 0.69482, 0.70828, 0.70535, 0.62894, 0.61911, 0.63506, 
0.65168, 0.63352, 0.67076, 0.66352, 0.67627, 0.67901, 0.72289, 
0.70088, 0.0149, 0.0151, 0.0177, 0.017, 0.0174, 0.0181, 0.0207, 
0.0204, 0.0222, 0.0224, 0.0228, 79.9, 88.6, 96.2, 101.9, 108.3, 
115.8, 124, 131.3, 137.5, 142.5, 145.3, 1, 1, 1, 1, 1, 1, 1, 
1, 1, 1, 1, 1, 1, 1, 1, 1, 1, 1, 1, 1, 1, 1, 1, 1, 1, 1, 1, 1, 
1, 1, 1, 1, 1, 1, 1, 1, 1, 1, 1, 1, 1, 1, 1, 1, 2.571, 2.555, 
2.649, 2.8, 2.618, 2.501, 2.723, 2.606, 2.599, 2.589, 2.521), .Dim = c(11L, 
40L), .Dimnames = list(NULL, c("Sampling", "PSO.cost", "PSO.gamma", 
"PSO.data.balancing", "PSO.feature.selection", "PSO.valid.acc", 
"PSO.test.acc", "PSO.train.time", "PSO.n.support.vectors", "PSO.index", 
"PSO.n.solutions", "PSO.generations", "PSO.n.evaluations", "PSO.cpu.time", 
"RS.cost", "RS.gamma", "RS.data.balancing", "RS.feature.selection", 
"RS.valid.acc", "RS.test.acc", "RS.train.time", "RS.n.support.vectors", 
"RS.index", "RS.n.solutions", "RS.generations", "RS.n.evaluations", 
"RS.cpu.time", "DF.cost", "DF.gamma", "DF.data.balancing", "DF.feature.selection", 
"DF.valid.acc", "DF.test.acc", "DF.train.time", "DF.n.support.vectors", 
"DF.index", "DF.n.solutions", "DF.generations", "DF.n.evaluations", 
"DF.cpu.time")))
