full <-
structure(c(50, 55, 60, 65, 70, 75, 80, 85, 90, 95, 100, 4.16429, 
8.79055, 3.68692, 12.21189, 8.21989, 6.11626, 10.23429, 13.94708, 
3.48506, 4.54767, 8.96807, -3.49688, -6.10614, -2.97411, -8.39752, 
-6.9511, -3.59813, -5.55491, -9.44985, -0.92393, -6.04666, -4.7818, 
0, 0, 0, 0, 0, 0, 0, 0, 0, 0, 0, 0, 0, 0, 0, 0, 0, 0, 0, 0, 0, 
0, 0.76066, 0.75112, 0.71612, 0.74989, 0.73935, 0.7227, 0.73227, 
0.7057, 0.72966, 0.73115, 0.73957, 0.72621, 0.73191, 0.64011, 
0.6937, 0.72417, 0.69401, 0.7018, 0.6616, 0.69035, 0.69332, 0.71843, 
0.0151, 0.0165, 0.0169, 0.0228, 0.0185, 0.0196, 0.0256, 0.0354, 
0.024, 0.023, 0.027, 72.7, 75.1, 88.1, 83.2, 87.9, 101.3, 99.1, 
103.5, 126.1, 124.6, 111, 210, 151, 994, 216, 315, 290, 732, 
162, 975, 146, 1261, 489, 145, 405, 148, 44, 85, 478, 498, 60, 
512, 30, 100, 100, 100, 100, 100, 100, 100, 100, 100, 100, 100, 
2500, 2500, 2500, 2500, 2500, 2500, 2500, 2500, 2500, 2500, 2500, 
6944.762, 6927.314, 6954.13, 6963.158, 7006.972, 7023.01700000001, 
6999.19499999999, 7315.215, 7135.98000000001, 7183.36800000002, 
7030.72799999997, 4.32515, 3.83537, 4.61168, 10.28169, 8.92364, 
7.21413, 7.0895, 13.94548, 3.80503, 4.49748, 8.7133, -3.62842, 
-4.25595, -3.26803, -8.3823, -7.37028, -3.60967, -3.54328, -9.49097, 
-1.45557, -5.99877, -4.60203, 0, 0, 0, 0, 0, 0, 0, 0, 0, 0, 0, 
0, 0, 0, 0, 0, 0, 0, 0, 0, 0, 0, 0.76066, 0.74558, 0.70064, 0.74886, 
0.73268, 0.71089, 0.72745, 0.7057, 0.72857, 0.73115, 0.73026, 
0.73621, 0.71804, 0.61575, 0.68443, 0.72417, 0.67712, 0.70351, 
0.6616, 0.69517, 0.69832, 0.71343, 0.0153, 0.0154, 0.0176, 0.0185, 
0.0188, 0.0203, 0.0209, 0.0341, 0.0242, 0.0228, 0.026, 72.9, 
79.3, 87.1, 85.1, 88.7, 98.2, 103.7, 103.6, 123.2, 124.5, 111.3, 
459, 1063, 45, 870, 677, 887, 840, 614, 1906, 1158, 674, 1, 1, 
2, 1, 6, 3, 1, 1, 1, 1, 2, 100, 100, 100, 100, 100, 100, 100, 
100, 100, 100, 100, 2500, 2500, 2500, 2500, 2500, 2500, 2500, 
2500, 2500, 2500, 2500, 6824.188, 6793.482, 6919.386, 6874.274, 
6939.46, 6889.02799999999, 7068.87999999999, 7198.09, 7153.333, 
6950.86900000001, 6871.08800000002, 1, 1, 1, 1, 1, 1, 1, 1, 1, 
1, 1, 0.11111, 0.11111, 0.11111, 0.11111, 0.11111, 0.11111, 0.11111, 
0.11111, 0.11111, 0.11111, 0.11111, 0, 0, 0, 0, 0, 0, 0, 0, 0, 
0, 0, 0, 0, 0, 0, 0, 0, 0, 0, 0, 0, 0, 0.69652, 0.70138, 0.6467, 
0.68546, 0.71845, 0.67107, 0.67998, 0.66852, 0.69443, 0.69744, 
0.69269, 0.70394, 0.68319, 0.6544, 0.65579, 0.72512, 0.67038, 
0.6924, 0.66333, 0.69969, 0.69739, 0.70178, 0.0155, 0.0161, 0.0169, 
0.0168, 0.0188, 0.0177, 0.0197, 0.0218, 0.022, 0.0224, 0.0234, 
80.7, 87, 96.9, 102.6, 109.2, 115.6, 122.9, 128.3, 133.6, 141.6, 
145.4, 1, 1, 1, 1, 1, 1, 1, 1, 1, 1, 1, 1, 1, 1, 1, 1, 1, 1, 
1, 1, 1, 1, 1, 1, 1, 1, 1, 1, 1, 1, 1, 1, 1, 1, 1, 1, 1, 1, 1, 
1, 1, 1, 1, 1, 2.774, 2.718, 2.76, 2.64, 2.791, 2.526, 2.847, 
2.872, 2.879, 2.632, 2.705), .Dim = c(11L, 40L), .Dimnames = list(
    NULL, c("Sampling", "PSO.cost", "PSO.gamma", "PSO.data.balancing", 
    "PSO.feature.selection", "PSO.valid.acc", "PSO.test.acc", 
    "PSO.train.time", "PSO.n.support.vectors", "PSO.index", "PSO.n.solutions", 
    "PSO.generations", "PSO.n.evaluations", "PSO.cpu.time", "RS.cost", 
    "RS.gamma", "RS.data.balancing", "RS.feature.selection", 
    "RS.valid.acc", "RS.test.acc", "RS.train.time", "RS.n.support.vectors", 
    "RS.index", "RS.n.solutions", "RS.generations", "RS.n.evaluations", 
    "RS.cpu.time", "DF.cost", "DF.gamma", "DF.data.balancing", 
    "DF.feature.selection", "DF.valid.acc", "DF.test.acc", "DF.train.time", 
    "DF.n.support.vectors", "DF.index", "DF.n.solutions", "DF.generations", 
    "DF.n.evaluations", "DF.cpu.time")))
