full <-
structure(c(50, 55, 60, 65, 70, 75, 80, 85, 90, 95, 100, 6.37103, 
12.09567, 6.28784, 10.53823, 12.70535, 6.58375, 14.61184, 7.94653, 
3.56771, 11.83169, 11.79489, -3.46791, -9.75513, -3.82413, -8.22884, 
-8.70149, -4.04141, -10.7156, -6.34618, -3.35208, -9.43323, -5.52732, 
0, 0, 0, 0, 0, 0, 0, 0, 0, 0, 0, 0, 0, 0, 0, 0, 0, 0, 0, 0, 0, 
0, 0.74747, 0.73656, 0.72954, 0.70891, 0.75967, 0.77809, 0.77132, 
0.76991, 0.73033, 0.7343, 0.72714, 0.66167, 0.68709, 0.68176, 
0.6567, 0.73213, 0.71586, 0.74257, 0.70902, 0.70073, 0.71076, 
0.72752, 0.0157, 0.0178, 0.0168, 0.0198, 0.0229, 0.0211, 0.0296, 
0.0224, 0.0236, 0.0268, 0.0368, 65.4, 71.8, 78, 81.6, 81.6, 94.2, 
96.8, 101.9, 117, 116.2, 102.2, 413, 788, 1138, 1139, 310, 1497, 
773, 700, 1636, 266, 2213, 258, 195, 70, 81, 336, 5, 155, 37, 
4, 386, 1, 100, 100, 100, 100, 100, 100, 100, 100, 100, 100, 
100, 2500, 2500, 2500, 2500, 2500, 2500, 2500, 2500, 2500, 2500, 
2500, 8052.711, 8243.096, 8206.498, 8423.619, 8523.70299999999, 
8075.76800000001, 8497.96500000001, 8404.84899999999, 8155.40800000002, 
8208.90800000002, 8594.484, 7.51506, 12.1952, 7.46255, 12.05192, 
12.25504, 6.65856, 14.6545, 10.41518, 2.65847, 11.58715, 9.60439, 
-3.58706, -9.70379, -5.77534, -9.29993, -8.27778, -4.27074, -10.78916, 
-7.60742, -2.69387, -9.3261, -4.53457, 0, 0, 0, 0, 0, 0, 0, 0, 
0, 0, 0, 0, 0, 0, 0, 0, 0, 0, 0, 0, 0, 0, 0.73838, 0.72823, 0.72233, 
0.701, 0.75967, 0.77739, 0.76466, 0.76465, 0.72507, 0.72954, 
0.72327, 0.67187, 0.69618, 0.72288, 0.6632, 0.73213, 0.73466, 
0.74257, 0.70932, 0.72128, 0.71076, 0.70525, 0.0163, 0.0179, 
0.0171, 0.0214, 0.0226, 0.0194, 0.03, 0.0235, 0.0242, 0.026, 
0.029, 64.3, 70.9, 78.2, 81, 82, 94.3, 97.1, 100.6, 120.3, 116.8, 
105.7, 1209, 1311, 1870, 2384, 2109, 149, 2012, 1104, 1680, 1527, 
2028, 1, 1, 1, 1, 1, 1, 1, 1, 1, 1, 1, 100, 100, 100, 100, 100, 
100, 100, 100, 100, 100, 100, 2500, 2500, 2500, 2500, 2500, 2500, 
2500, 2500, 2500, 2500, 2500, 8123.516, 8243.208, 8336.362, 8328.47399999999, 
8249.11199999999, 8195.66899999999, 8324.947, 8069.32099999998, 
8238.34599999999, 8256.96300000002, 8363.79399999999, 1, 1, 1, 
1, 1, 1, 1, 1, 1, 1, 1, 0.11111, 0.11111, 0.11111, 0.11111, 0.11111, 
0.11111, 0.11111, 0.11111, 0.11111, 0.11111, 0.11111, 0, 0, 0, 
0, 0, 0, 0, 0, 0, 0, 0, 0, 0, 0, 0, 0, 0, 0, 0, 0, 0, 0, 0.66429, 
0.66811, 0.68359, 0.66409, 0.66697, 0.65386, 0.69816, 0.70663, 
0.69708, 0.6819, 0.68612, 0.64061, 0.6685, 0.66026, 0.66153, 
0.71588, 0.67234, 0.6989, 0.72343, 0.67574, 0.67982, 0.66675, 
0.0191, 0.0156, 0.0186, 0.0186, 0.0185, 0.0206, 0.0199, 0.0223, 
0.0217, 0.023, 0.025, 77.3, 84.6, 91.2, 99.4, 106.3, 112.6, 119.2, 
124.9, 131.3, 140.1, 145.9, 1, 1, 1, 1, 1, 1, 1, 1, 1, 1, 1, 
1, 1, 1, 1, 1, 1, 1, 1, 1, 1, 1, 1, 1, 1, 1, 1, 1, 1, 1, 1, 1, 
1, 1, 1, 1, 1, 1, 1, 1, 1, 1, 1, 1, 3.292, 3.288, 3.322, 3.363, 
3.301, 3.225, 3.25, 3.269, 3.138, 3.128, 3.349), .Dim = c(11L, 
40L), .Dimnames = list(NULL, c("Sampling", "PSO.cost", "PSO.gamma", 
"PSO.data.balancing", "PSO.feature.selection", "PSO.valid.acc", 
"PSO.test.acc", "PSO.train.time", "PSO.n.support.vectors", "PSO.index", 
"PSO.n.solutions", "PSO.generations", "PSO.n.evaluations", "PSO.cpu.time", 
"RS.cost", "RS.gamma", "RS.data.balancing", "RS.feature.selection", 
"RS.valid.acc", "RS.test.acc", "RS.train.time", "RS.n.support.vectors", 
"RS.index", "RS.n.solutions", "RS.generations", "RS.n.evaluations", 
"RS.cpu.time", "DF.cost", "DF.gamma", "DF.data.balancing", "DF.feature.selection", 
"DF.valid.acc", "DF.test.acc", "DF.train.time", "DF.n.support.vectors", 
"DF.index", "DF.n.solutions", "DF.generations", "DF.n.evaluations", 
"DF.cpu.time")))
