full <-
structure(c(50, 55, 60, 65, 70, 75, 80, 85, 90, 95, 100, -0.21166, 
15, 5.42743, 10.4297, 4.07841, 5.10917, 0.22753, 8.01007, 14.11391, 
8.92728, 12.50622, -2.5706, -7.40292, -4.39811, -4.18808, -5.39969, 
-5.88124, -3.19468, -3.85841, -7.03106, -7.06442, -5.95885, 0, 
0, 0, 0, 0, 0, 0, 0, 0, 0, 0, 0, 0, 0, 0, 0, 0, 0, 0, 0, 0, 0, 
0.71894, 0.68776, 0.70305, 0.68919, 0.7194, 0.71432, 0.72515, 
0.73742, 0.73222, 0.7335, 0.77473, 0.65207, 0.65175, 0.6461, 
0.64374, 0.68685, 0.68927, 0.69713, 0.71097, 0.72146, 0.68423, 
0.73764, 0.016, 0.0333, 0.0163, 0.0227, 0.0172, 0.0201, 0.0226, 
0.023, 0.0575, 0.0256, 0.0357, 81.1, 61.9, 79.1, 77.7, 93, 98.5, 
117.6, 102.2, 98.2, 115.8, 103.9, 634, 228, 874, 870, 685, 2438, 
699, 406, 771, 720, 722, 480, 1055, 188, 232, 134, 1, 48, 411, 
66, 200, 231, 100, 100, 100, 100, 100, 100, 100, 100, 100, 100, 
100, 2500, 2500, 2500, 2500, 2500, 2500, 2500, 2500, 2500, 2500, 
2500, 7959.786, 8319.6, 8196.407, 8298.273, 8379.548, 8434.162, 
8369.541, 8420.451, 8850.81699999998, 8150.04300000001, 8508.27000000002, 
0.01769, 0.84274, 5.94781, 8.07558, 4.02738, 14.7622, 2.5443, 
8.87161, 12.85959, 8.18959, 13.01113, -2.54541, -2.24206, -4.86552, 
-3.73281, -5.33528, -6.46064, -2.73321, -3.83454, -6.43996, -7.0648, 
-6.06592, 0, 0, 0, 0, 0, 0, 0, 0, 0, 0, 0, 0, 0, 0, 0, 0, 0, 
0, 0, 0, 0, 0, 0.68783, 0.69216, 0.6959, 0.68817, 0.7194, 0.70784, 
0.7227, 0.72689, 0.73193, 0.72917, 0.76538, 0.6604, 0.64882, 
0.64805, 0.67952, 0.68685, 0.63908, 0.69538, 0.71129, 0.73119, 
0.70478, 0.73218, 0.0156, 0.016, 0.0162, 0.0184, 0.019, 0.0478, 
0.0203, 0.027, 0.0395, 0.023, 0.0416, 80.3, 83.1, 79.1, 82.8, 
93.1, 82.8, 111.4, 101.1, 99.7, 117.2, 102.4, 2330, 2299, 877, 
1886, 1992, 1238, 2366, 259, 678, 1019, 1075, 1, 1, 2, 2, 1, 
1, 1, 1, 3, 1, 1, 100, 100, 100, 100, 100, 100, 100, 100, 100, 
100, 100, 2500, 2500, 2500, 2500, 2500, 2500, 2500, 2500, 2500, 
2500, 2500, 7993.649, 8104.849, 8252.989, 8310.89799999999, 8398.537, 
8504.24000000001, 8423.57000000001, 8399.55900000001, 8236.226, 
8399.08600000001, 8248.45000000001, 1, 1, 1, 1, 1, 1, 1, 1, 1, 
1, 1, 0.11111, 0.11111, 0.11111, 0.11111, 0.11111, 0.11111, 0.11111, 
0.11111, 0.11111, 0.11111, 0.11111, 0, 0, 0, 0, 0, 0, 0, 0, 0, 
0, 0, 0, 0, 0, 0, 0, 0, 0, 0, 0, 0, 0, 0.62409, 0.64075, 0.64446, 
0.61648, 0.66631, 0.68923, 0.71364, 0.67834, 0.66006, 0.70308, 
0.70011, 0.62126, 0.63818, 0.62413, 0.64106, 0.70065, 0.7077, 
0.69157, 0.70474, 0.66659, 0.71263, 0.69061, 0.015, 0.0152, 0.0172, 
0.0192, 0.0191, 0.0194, 0.0194, 0.0209, 0.0224, 0.0234, 0.0258, 
80.1, 86.4, 93.6, 100.2, 104.3, 111.6, 118.2, 127.4, 134.6, 142.4, 
145.8, 1, 1, 1, 1, 1, 1, 1, 1, 1, 1, 1, 1, 1, 1, 1, 1, 1, 1, 
1, 1, 1, 1, 1, 1, 1, 1, 1, 1, 1, 1, 1, 1, 1, 1, 1, 1, 1, 1, 1, 
1, 1, 1, 1, 1, 3.197, 3.246, 3.304, 3.317, 3.255, 3.258, 3.043, 
3.3, 3.243, 3.278, 3.303), .Dim = c(11L, 40L), .Dimnames = list(
    NULL, c("Sampling", "PSO.cost", "PSO.gamma", "PSO.data.balancing", 
    "PSO.feature.selection", "PSO.valid.acc", "PSO.test.acc", 
    "PSO.train.time", "PSO.n.support.vectors", "PSO.index", "PSO.n.solutions", 
    "PSO.generations", "PSO.n.evaluations", "PSO.cpu.time", "RS.cost", 
    "RS.gamma", "RS.data.balancing", "RS.feature.selection", 
    "RS.valid.acc", "RS.test.acc", "RS.train.time", "RS.n.support.vectors", 
    "RS.index", "RS.n.solutions", "RS.generations", "RS.n.evaluations", 
    "RS.cpu.time", "DF.cost", "DF.gamma", "DF.data.balancing", 
    "DF.feature.selection", "DF.valid.acc", "DF.test.acc", "DF.train.time", 
    "DF.n.support.vectors", "DF.index", "DF.n.solutions", "DF.generations", 
    "DF.n.evaluations", "DF.cpu.time")))
