full <-
structure(c(50, 55, 60, 65, 70, 75, 80, 85, 90, 95, 100, 4.86241, 
6.8782, 1.63258, 3.76033, 0.32695, 11.57672, 0.04132, 4.97424, 
15, 13.16554, 15, -3.42184, -4.34618, -3.81709, -4.58065, -3.05277, 
-6.78605, -3.16337, -4.02387, -7.55617, -6.74921, -6.9697, 0, 
0, 0, 0, 0, 0, 0, 0, 0, 0, 0, 0, 0, 0, 0, 0, 0, 0, 0, 0, 0, 0, 
0.74017, 0.75211, 0.73149, 0.73363, 0.71646, 0.73832, 0.74096, 
0.75318, 0.72, 0.74316, 0.73294, 0.72867, 0.70817, 0.72347, 0.72058, 
0.68978, 0.67892, 0.73971, 0.72366, 0.7179, 0.70554, 0.69182, 
0.0162, 0.0169, 0.0158, 0.017, 0.0197, 0.0264, 0.0206, 0.0233, 
0.0655, 0.0459, 0.0775, 66.6, 72.5, 89.9, 90.3, 107.2, 87.2, 
121.2, 110.7, 97.3, 103.1, 100.9, 442, 183, 552, 302, 1139, 2340, 
1033, 1085, 396, 1201, 752, 252, 660, 258, 301, 49, 1, 49, 75, 
674, 99, 41, 100, 100, 100, 100, 100, 100, 100, 100, 100, 100, 
100, 2500, 2500, 2500, 2500, 2500, 2500, 2500, 2500, 2500, 2500, 
2500, 8147.32, 8219.377, 7867.43, 8049.857, 8349.659, 8163.848, 
8204.05, 8355.97200000001, 8635.93800000001, 8616.36300000001, 
9087.016, 5.77288, 6.76922, 0.76942, 0.74969, 0.5027, 10.54554, 
7.52376, 5.55382, 10.85098, 14.39222, 10.50235, -3.79754, -4.41522, 
-3.01505, -3.23942, -3.74322, -7.85256, -6.05154, -4.22611, -7.68543, 
-7.14078, -6.37297, 0, 0, 0, 0, 0, 0, 0, 0, 0, 0, 0, 0, 0, 0, 
0, 0, 0, 0, 0, 0, 0, 0, 0.73787, 0.74378, 0.7303, 0.73253, 0.70727, 
0.73669, 0.7367, 0.73859, 0.71896, 0.73816, 0.73251, 0.71756, 
0.70817, 0.68887, 0.71289, 0.68841, 0.7229, 0.74897, 0.71284, 
0.70966, 0.70073, 0.6881, 0.015, 0.016, 0.0168, 0.0175, 0.0194, 
0.022, 0.02, 0.0214, 0.0254, 0.0555, 0.0313, 65.3, 73, 92.3, 
99.5, 107.1, 93.1, 100.7, 110, 106.9, 100.9, 112.7, 299, 1194, 
155, 1823, 883, 2023, 896, 1231, 1299, 684, 639, 1, 3, 2, 2, 
1, 1, 3, 1, 2, 1, 1, 100, 100, 100, 100, 100, 100, 100, 100, 
100, 100, 100, 2500, 2500, 2500, 2500, 2500, 2500, 2500, 2500, 
2500, 2500, 2500, 8196.109, 8086.382, 7966.804, 8219.067, 8227.838, 
8155.939, 8232.74699999999, 8236.69, 7892.932, 8381.57199999999, 
8394.41800000001, 1, 1, 1, 1, 1, 1, 1, 1, 1, 1, 1, 0.11111, 0.11111, 
0.11111, 0.11111, 0.11111, 0.11111, 0.11111, 0.11111, 0.11111, 
0.11111, 0.11111, 0, 0, 0, 0, 0, 0, 0, 0, 0, 0, 0, 0, 0, 0, 0, 
0, 0, 0, 0, 0, 0, 0, 0.68874, 0.64821, 0.67849, 0.71055, 0.68181, 
0.69377, 0.73471, 0.71795, 0.71293, 0.68694, 0.7016, 0.67362, 
0.69343, 0.67285, 0.6918, 0.68312, 0.69975, 0.73971, 0.71802, 
0.72, 0.68665, 0.715, 0.0169, 0.016, 0.0173, 0.0208, 0.0185, 
0.0203, 0.0207, 0.0215, 0.0226, 0.0242, 0.0257, 78, 85.9, 94, 
101.6, 109.7, 116.5, 121.7, 128.2, 135, 141, 146, 1, 1, 1, 1, 
1, 1, 1, 1, 1, 1, 1, 1, 1, 1, 1, 1, 1, 1, 1, 1, 1, 1, 1, 1, 1, 
1, 1, 1, 1, 1, 1, 1, 1, 1, 1, 1, 1, 1, 1, 1, 1, 1, 1, 1, 3.28, 
3.129, 3.237, 3.384, 3.162, 3.247, 3.226, 3.251, 3.031, 3.371, 
3.302), .Dim = c(11L, 40L), .Dimnames = list(NULL, c("Sampling", 
"PSO.cost", "PSO.gamma", "PSO.data.balancing", "PSO.feature.selection", 
"PSO.valid.acc", "PSO.test.acc", "PSO.train.time", "PSO.n.support.vectors", 
"PSO.index", "PSO.n.solutions", "PSO.generations", "PSO.n.evaluations", 
"PSO.cpu.time", "RS.cost", "RS.gamma", "RS.data.balancing", "RS.feature.selection", 
"RS.valid.acc", "RS.test.acc", "RS.train.time", "RS.n.support.vectors", 
"RS.index", "RS.n.solutions", "RS.generations", "RS.n.evaluations", 
"RS.cpu.time", "DF.cost", "DF.gamma", "DF.data.balancing", "DF.feature.selection", 
"DF.valid.acc", "DF.test.acc", "DF.train.time", "DF.n.support.vectors", 
"DF.index", "DF.n.solutions", "DF.generations", "DF.n.evaluations", 
"DF.cpu.time")))
