full <-
structure(c(50, 55, 60, 65, 70, 75, 80, 85, 90, 95, 100, 5.75008, 
8.82452, 2.59346, 10.32347, 10.02412, 14.10466, 11.78419, 8.93, 
7.50292, 9.17097, 11.88785, -5.49867, -6.71565, -3.39225, -5.83247, 
-6.57595, -10.95124, -6.53687, -5.20399, -6.36214, -5.69043, 
-8.79776, 0, 0, 0, 0, 0, 0, 0, 0, 0, 0, 0, 0, 0, 0, 0, 0, 0, 
0, 0, 0, 0, 0, 0.73788, 0.73922, 0.72976, 0.74266, 0.7143, 0.71088, 
0.75711, 0.76989, 0.73277, 0.73741, 0.73198, 0.71061, 0.69649, 
0.6869, 0.72877, 0.71148, 0.66855, 0.73252, 0.71658, 0.70749, 
0.70306, 0.69927, 0.0151, 0.0174, 0.017, 0.0211, 0.0229, 0.0256, 
0.0298, 0.0248, 0.0232, 0.0273, 0.0288, 62, 66, 82.1, 75.2, 83.4, 
93, 93, 99.2, 110, 110.4, 116.8, 640, 345, 158, 587, 683, 425, 
216, 217, 1059, 640, 1026, 171, 442, 243, 126, 205, 274, 118, 
618, 44, 68, 178, 100, 100, 100, 100, 100, 100, 100, 100, 100, 
100, 100, 2500, 2500, 2500, 2500, 2500, 2500, 2500, 2500, 2500, 
2500, 2500, 8029.194, 8170.838, 8217.495, 8419.54399999999, 8350.25, 
8427.538, 8431.595, 8319.33199999999, 8330.80900000001, 8219.48199999999, 
8225.52000000002, 5.53347, 9.14426, 3.28554, 11.52815, 10.0652, 
14.0233, 11.78612, 9.44053, 7.83965, 7.84024, 11.99282, -5.4543, 
-6.84737, -4.06108, -6.42485, -6.61219, -10.8841, -6.53305, -5.32124, 
-6.43318, -5.64334, -8.84507, 0, 0, 0, 0, 0, 0, 0, 0, 0, 0, 0, 
0, 0, 0, 0, 0, 0, 0, 0, 0, 0, 0, 0.73788, 0.73922, 0.72976, 0.72766, 
0.7143, 0.71088, 0.75711, 0.76989, 0.72666, 0.73165, 0.72721, 
0.71061, 0.6874, 0.70357, 0.72108, 0.70523, 0.6748, 0.73807, 
0.7207, 0.70722, 0.71306, 0.69927, 0.0151, 0.0172, 0.0164, 0.0221, 
0.0212, 0.0267, 0.0314, 0.0234, 0.0215, 0.0235, 0.0299, 62.6, 
65.5, 79.1, 73.6, 83.4, 93.2, 92.9, 97.2, 109.6, 115.4, 116.4, 
603, 2017, 623, 1066, 61, 2094, 57, 2398, 1262, 600, 1610, 1, 
2, 2, 1, 1, 1, 1, 1, 1, 2, 1, 100, 100, 100, 100, 100, 100, 100, 
100, 100, 100, 100, 2500, 2500, 2500, 2500, 2500, 2500, 2500, 
2500, 2500, 2500, 2500, 8049.28, 8215.201, 8237.405, 8378.91899999999, 
8291.341, 8079.61300000001, 8228.166, 8308.363, 8255.995, 8050.432, 
8274.53499999997, 1, 1, 1, 1, 1, 1, 1, 1, 1, 1, 1, 0.11111, 0.11111, 
0.11111, 0.11111, 0.11111, 0.11111, 0.11111, 0.11111, 0.11111, 
0.11111, 0.11111, 0, 0, 0, 0, 0, 0, 0, 0, 0, 0, 0, 0, 0, 0, 0, 
0, 0, 0, 0, 0, 0, 0, 0.66465, 0.6727, 0.70476, 0.6733, 0.66681, 
0.65804, 0.669, 0.6954, 0.66129, 0.6847, 0.71368, 0.6654, 0.6904, 
0.68095, 0.70092, 0.64584, 0.65799, 0.6808, 0.69625, 0.68005, 
0.69592, 0.70522, 0.0145, 0.0158, 0.0174, 0.0192, 0.0184, 0.0197, 
0.0222, 0.0216, 0.0221, 0.0244, 0.0253, 76.4, 83, 90.5, 98.6, 
105.6, 111.7, 119.3, 125.7, 132.8, 139.6, 144.5, 1, 1, 1, 1, 
1, 1, 1, 1, 1, 1, 1, 1, 1, 1, 1, 1, 1, 1, 1, 1, 1, 1, 1, 1, 1, 
1, 1, 1, 1, 1, 1, 1, 1, 1, 1, 1, 1, 1, 1, 1, 1, 1, 1, 1, 3.209, 
3.155, 3.259, 3.311, 3.234, 3.152, 3.289, 3.369, 3.269, 3.167, 
3.33), .Dim = c(11L, 40L), .Dimnames = list(NULL, c("Sampling", 
"PSO.cost", "PSO.gamma", "PSO.data.balancing", "PSO.feature.selection", 
"PSO.valid.acc", "PSO.test.acc", "PSO.train.time", "PSO.n.support.vectors", 
"PSO.index", "PSO.n.solutions", "PSO.generations", "PSO.n.evaluations", 
"PSO.cpu.time", "RS.cost", "RS.gamma", "RS.data.balancing", "RS.feature.selection", 
"RS.valid.acc", "RS.test.acc", "RS.train.time", "RS.n.support.vectors", 
"RS.index", "RS.n.solutions", "RS.generations", "RS.n.evaluations", 
"RS.cpu.time", "DF.cost", "DF.gamma", "DF.data.balancing", "DF.feature.selection", 
"DF.valid.acc", "DF.test.acc", "DF.train.time", "DF.n.support.vectors", 
"DF.index", "DF.n.solutions", "DF.generations", "DF.n.evaluations", 
"DF.cpu.time")))
