full <-
structure(c(50, 55, 60, 65, 70, 75, 80, 85, 90, 95, 100, 14.63773, 
4.55349, 7.95161, 11.67014, 5.37375, 14.14187, 9.4756, 15, 13.45318, 
13.69434, 15, -7.82572, -2.97307, -6.67159, -8.84874, -4.327, 
-8.10022, -8.32259, -8.17251, -8.59817, -9.11181, -10.23936, 
0, 0, 0, 0, 0, 0, 0, 0, 0, 0, 0, 0, 0, 0, 0, 0, 0, 0, 0, 0, 0, 
0, 0.77505, 0.75688, 0.77463, 0.75359, 0.70597, 0.72588, 0.7442, 
0.74332, 0.74223, 0.75228, 0.73561, 0.75707, 0.72885, 0.71908, 
0.68802, 0.64002, 0.7087, 0.73214, 0.71456, 0.70089, 0.69857, 
0.69788, 0.0195, 0.0142, 0.0146, 0.016, 0.0168, 0.031, 0.0184, 
0.051, 0.0315, 0.0374, 0.0378, 56, 75.7, 77.8, 81.7, 93.9, 85.4, 
103.1, 93.2, 103.8, 111.7, 114.4, 1041, 2331, 265, 380, 541, 
449, 1881, 347, 965, 1051, 1478, 41, 1, 81, 386, 143, 325, 17, 
641, 199, 56, 5, 100, 100, 100, 100, 100, 100, 100, 100, 100, 
100, 100, 2500, 2500, 2500, 2500, 2500, 2500, 2500, 2500, 2500, 
2500, 2500, 5825.692, 5810.777, 5899.21, 5853.558, 5871.273, 
6217.603, 6106.59, 7142.49100000001, 6788.91500000001, 6664.145, 
6760.00300000001, 1.46623, 4.33438, 8.35458, 11.68099, 10.46692, 
8.58286, 8.09977, 14.63326, 13.64716, 11.35692, 13.70253, -1.32258, 
-3.20043, -5.81356, -8.84463, -7.30305, -5.50899, -7.0806, -8.04375, 
-8.67453, -7.97355, -9.45434, 0, 0, 0, 0, 0, 0, 0, 0, 0, 0, 0, 
0, 0, 0, 0, 0, 0, 0, 0, 0, 0, 0, 0.76818, 0.741, 0.77183, 0.75359, 
0.71072, 0.7274, 0.73338, 0.74332, 0.74223, 0.75205, 0.72652, 
0.72889, 0.72127, 0.72622, 0.69571, 0.65864, 0.67735, 0.72034, 
0.71456, 0.70589, 0.7081, 0.68833, 0.0144, 0.0138, 0.0153, 0.0173, 
0.0189, 0.0185, 0.0183, 0.0491, 0.032, 0.0286, 0.0342, 72.6, 
76.6, 77.6, 81.7, 87.1, 93.3, 103.7, 94, 103.8, 114.5, 114.5, 
976, 370, 1005, 482, 54, 1928, 303, 1645, 447, 408, 353, 1, 1, 
1, 1, 2, 1, 1, 1, 1, 1, 2, 100, 100, 100, 100, 100, 100, 100, 
100, 100, 100, 100, 2500, 2500, 2500, 2500, 2500, 2500, 2500, 
2500, 2500, 2500, 2500, 5777.788, 5825.779, 5819.036, 5918.901, 
5888.957, 6065.131, 6318.53599999999, 6529.26700000001, 6457.583, 
6509.228, 6535.03000000001, 1, 1, 1, 1, 1, 1, 1, 1, 1, 1, 1, 
0.11111, 0.11111, 0.11111, 0.11111, 0.11111, 0.11111, 0.11111, 
0.11111, 0.11111, 0.11111, 0.11111, 0, 0, 0, 0, 0, 0, 0, 0, 0, 
0, 0, 0, 0, 0, 0, 0, 0, 0, 0, 0, 0, 0, 0.66141, 0.59397, 0.63277, 
0.65149, 0.64752, 0.66532, 0.66539, 0.6821, 0.69023, 0.67858, 
0.70383, 0.65939, 0.63382, 0.62702, 0.64707, 0.63502, 0.64694, 
0.66625, 0.68207, 0.67515, 0.68358, 0.71266, 0.0129, 0.0138, 
0.0141, 0.0154, 0.0169, 0.0189, 0.0194, 0.0202, 0.0208, 0.0223, 
0.023, 75.4, 83.5, 91.3, 98.4, 107, 114.7, 123.3, 129.9, 137.9, 
142.7, 145.2, 1, 1, 1, 1, 1, 1, 1, 1, 1, 1, 1, 1, 1, 1, 1, 1, 
1, 1, 1, 1, 1, 1, 1, 1, 1, 1, 1, 1, 1, 1, 1, 1, 1, 1, 1, 1, 1, 
1, 1, 1, 1, 1, 1, 1, 2.239, 2.27, 2.242, 2.36, 2.437, 2.525, 
2.561, 2.577, 2.526, 2.554, 2.571), .Dim = c(11L, 40L), .Dimnames = list(
    NULL, c("Sampling", "PSO.cost", "PSO.gamma", "PSO.data.balancing", 
    "PSO.feature.selection", "PSO.valid.acc", "PSO.test.acc", 
    "PSO.train.time", "PSO.n.support.vectors", "PSO.index", "PSO.n.solutions", 
    "PSO.generations", "PSO.n.evaluations", "PSO.cpu.time", "RS.cost", 
    "RS.gamma", "RS.data.balancing", "RS.feature.selection", 
    "RS.valid.acc", "RS.test.acc", "RS.train.time", "RS.n.support.vectors", 
    "RS.index", "RS.n.solutions", "RS.generations", "RS.n.evaluations", 
    "RS.cpu.time", "DF.cost", "DF.gamma", "DF.data.balancing", 
    "DF.feature.selection", "DF.valid.acc", "DF.test.acc", "DF.train.time", 
    "DF.n.support.vectors", "DF.index", "DF.n.solutions", "DF.generations", 
    "DF.n.evaluations", "DF.cpu.time")))
