full <-
structure(c(50, 55, 60, 65, 70, 75, 80, 85, 90, 95, 100, 2.8853, 
3.98804, 3.10476, 13.37835, 14.5763, 4.79669, 7.1473, 12.86714, 
11.79973, 14.94493, 3.12344, -3.3739, -5.47135, -5.12555, -5.56018, 
-5.67256, -3.06303, -3.3451, -3.76038, -5.96204, -7.73683, -1.29579, 
0, 0, 0, 0, 0, 0, 0, 0, 0, 0, 0, 0, 0, 0, 0, 0, 0, 0, 0, 0, 0, 
0, 0.74939, 0.74263, 0.70022, 0.73016, 0.74345, 0.74549, 0.75676, 
0.73926, 0.74363, 0.7498, 0.71973, 0.73098, 0.70907, 0.70672, 
0.70422, 0.67173, 0.70127, 0.73809, 0.6916, 0.72284, 0.71492, 
0.70011, 0.0144, 0.0151, 0.0159, 0.0255, 0.0321, 0.0197, 0.0201, 
0.0266, 0.0298, 0.0636, 0.0257, 67.9, 73.2, 82.3, 70.3, 73.9, 
98.6, 95.7, 93, 95.3, 99.5, 134.9, 96, 1156, 494, 539, 486, 115, 
1136, 120, 2103, 510, 1332, 917, 49, 68, 20, 251, 183, 72, 723, 
1, 375, 3, 100, 100, 100, 100, 100, 100, 100, 100, 100, 100, 
100, 2500, 2500, 2500, 2500, 2500, 2500, 2500, 2500, 2500, 2500, 
2500, 6720.457, 6742.407, 6731.242, 7078.662, 7213.036, 6930.20300000001, 
6963.77399999999, 6960.54800000001, 6980.148, 7520.94, 7035.486, 
3.10369, 9.10697, 0.43754, 11.60943, 3.05065, 5.04287, 12.62776, 
13.90418, 9.93444, 14.907, 3.38257, -3.59623, -7.68907, -1.38704, 
-5.38236, -1.3921, -3.39578, -5.00836, -3.75307, -4.87847, -7.23297, 
-1.61564, 0, 0, 0, 0, 0, 0, 0, 0, 0, 0, 0, 0, 0, 0, 0, 0, 0, 
0, 0, 0, 0, 0, 0.74939, 0.73354, 0.69523, 0.72913, 0.73268, 0.73887, 
0.74953, 0.73926, 0.73834, 0.74371, 0.71497, 0.71189, 0.68945, 
0.67909, 0.71144, 0.69262, 0.71382, 0.73257, 0.6916, 0.71252, 
0.72524, 0.696, 0.0148, 0.0158, 0.017, 0.0226, 0.0189, 0.0197, 
0.0307, 0.0249, 0.0248, 0.0622, 0.0248, 67.5, 66.9, 90.3, 72, 
95.8, 97.4, 84.4, 93, 97.6, 95.8, 132.3, 769, 1120, 973, 2024, 
2017, 223, 216, 439, 508, 1364, 1379, 5, 1, 2, 1, 1, 2, 2, 6, 
1, 2, 2, 100, 100, 100, 100, 100, 100, 100, 100, 100, 100, 100, 
2500, 2500, 2500, 2500, 2500, 2500, 2500, 2500, 2500, 2500, 2500, 
6732.902, 6735.506, 6734.257, 6927.523, 6927.863, 6952.71699999999, 
6946.52099999999, 6923.598, 6960.679, 6896.75, 7070.97, 1, 1, 
1, 1, 1, 1, 1, 1, 1, 1, 1, 0.11111, 0.11111, 0.11111, 0.11111, 
0.11111, 0.11111, 0.11111, 0.11111, 0.11111, 0.11111, 0.11111, 
0, 0, 0, 0, 0, 0, 0, 0, 0, 0, 0, 0, 0, 0, 0, 0, 0, 0, 0, 0, 0, 
0, 0.70356, 0.67675, 0.64857, 0.66349, 0.63387, 0.67738, 0.68199, 
0.66953, 0.69494, 0.70468, 0.68791, 0.68705, 0.68535, 0.66425, 
0.66106, 0.65798, 0.69576, 0.69343, 0.69277, 0.69044, 0.69059, 
0.69909, 0.0144, 0.0158, 0.0164, 0.0174, 0.0192, 0.0193, 0.0199, 
0.0228, 0.0227, 0.0236, 0.0236, 73.5, 82.6, 90.8, 97.9, 104.6, 
113.5, 121.6, 129.5, 132.4, 137.4, 145.1, 1, 1, 1, 1, 1, 1, 1, 
1, 1, 1, 1, 1, 1, 1, 1, 1, 1, 1, 1, 1, 1, 1, 1, 1, 1, 1, 1, 1, 
1, 1, 1, 1, 1, 1, 1, 1, 1, 1, 1, 1, 1, 1, 1, 1, 2.661, 2.71, 
2.701, 2.746, 2.809, 2.758, 2.7, 2.715, 2.76, 2.81, 2.783), .Dim = c(11L, 
40L), .Dimnames = list(NULL, c("Sampling", "PSO.cost", "PSO.gamma", 
"PSO.data.balancing", "PSO.feature.selection", "PSO.valid.acc", 
"PSO.test.acc", "PSO.train.time", "PSO.n.support.vectors", "PSO.index", 
"PSO.n.solutions", "PSO.generations", "PSO.n.evaluations", "PSO.cpu.time", 
"RS.cost", "RS.gamma", "RS.data.balancing", "RS.feature.selection", 
"RS.valid.acc", "RS.test.acc", "RS.train.time", "RS.n.support.vectors", 
"RS.index", "RS.n.solutions", "RS.generations", "RS.n.evaluations", 
"RS.cpu.time", "DF.cost", "DF.gamma", "DF.data.balancing", "DF.feature.selection", 
"DF.valid.acc", "DF.test.acc", "DF.train.time", "DF.n.support.vectors", 
"DF.index", "DF.n.solutions", "DF.generations", "DF.n.evaluations", 
"DF.cpu.time")))
