full <-
structure(c(50, 55, 60, 65, 70, 75, 80, 85, 90, 95, 100, 12.28901, 
12.27137, 8.78168, 10.817, 15, 6.75951, 6.05652, 12.92397, 4.83097, 
5.64198, 14.58985, -4.91309, -5.84293, -4.15013, -6.95434, -5.79039, 
-3.37494, -6.69293, -4.85422, -6.3708, -7.52678, -7.94436, 0, 
0, 0, 0, 0, 0, 0, 0, 0, 0, 0, 0, 0, 0, 0, 0, 0, 0, 0, 0, 0, 0, 
0.70389, 0.8026, 0.76668, 0.73198, 0.70389, 0.7265, 0.72794, 
0.71014, 0.73846, 0.72232, 0.74559, 0.65101, 0.73876, 0.7272, 
0.70002, 0.70792, 0.66186, 0.68566, 0.68039, 0.69805, 0.68318, 
0.72657, 0.0163, 0.02, 0.0165, 0.0193, 0.0325, 0.0189, 0.0195, 
0.0322, 0.021, 0.025, 0.0586, 62.3, 64, 73.5, 79.3, 76, 96.5, 
104, 88.4, 120.6, 129, 107.9, 6, 294, 457, 514, 32, 209, 80, 
2282, 307, 1299, 1020, 767, 404, 412, 119, 1005, 285, 368, 1, 
158, 24, 15, 100, 100, 100, 100, 100, 100, 100, 100, 100, 100, 
100, 2500, 2500, 2500, 2500, 2500, 2500, 2500, 2500, 2500, 2500, 
2500, 6143.065, 6293.436, 6371.276, 6390.74099999999, 6533.774, 
6384.29199999999, 6564.14600000001, 6758.68399999999, 6707.111, 
9220.11900000001, 9634.00399999999, 11.15315, 14.0584, 8.51508, 
2.67054, 14.94901, 6.76194, 5.78804, 0.25651, 10.7374, 11.26282, 
10.52949, -5.40022, -6.11095, -4.04223, -1.87519, -5.55224, -3.29211, 
-6.65681, -3.97244, -6.2549, -8.54661, -5.4104, 0, 0, 0, 0, 0, 
0, 0, 0, 0, 0, 0, 0, 0, 0, 0, 0, 0, 0, 0, 0, 0, 0, 0.70389, 0.7926, 
0.75759, 0.72612, 0.70389, 0.7265, 0.72794, 0.70917, 0.73695, 
0.72227, 0.74245, 0.6501, 0.7221, 0.7199, 0.68924, 0.70126, 0.66853, 
0.67941, 0.67224, 0.70522, 0.70849, 0.72333, 0.0173, 0.0226, 
0.016, 0.016, 0.0296, 0.0202, 0.0187, 0.0209, 0.0311, 0.0279, 
0.0319, 62.6, 63.2, 74.4, 92.6, 76.7, 96.3, 104.7, 128.9, 103.2, 
110.6, 107.3, 48, 131, 882, 1792, 523, 2020, 937, 1864, 1903, 
389, 113, 16, 16, 1, 1, 3, 1, 1, 1, 1, 1, 1, 100, 100, 100, 100, 
100, 100, 100, 100, 100, 100, 100, 2500, 2500, 2500, 2500, 2500, 
2500, 2500, 2500, 2500, 2500, 2500, 6155.855, 6200.944, 6284.249, 
6252.562, 6353.729, 6611.66, 6692.693, 6734.63400000001, 7741.99399999999, 
9205.82000000001, 9231.087, 1, 1, 1, 1, 1, 1, 1, 1, 1, 1, 1, 
0.11111, 0.11111, 0.11111, 0.11111, 0.11111, 0.11111, 0.11111, 
0.11111, 0.11111, 0.11111, 0.11111, 0, 0, 0, 0, 0, 0, 0, 0, 0, 
0, 0, 0, 0, 0, 0, 0, 0, 0, 0, 0, 0, 0, 0.61495, 0.66456, 0.64836, 
0.67742, 0.66053, 0.66583, 0.67557, 0.68194, 0.70676, 0.6932, 
0.69391, 0.61773, 0.66622, 0.69209, 0.66806, 0.66528, 0.66431, 
0.66761, 0.72054, 0.72793, 0.69227, 0.70942, 0.0144, 0.0157, 
0.0153, 0.0162, 0.0179, 0.0188, 0.0199, 0.0212, 0.0252, 0.0258, 
0.026, 76.7, 85.8, 93.9, 100.6, 107.2, 114.3, 120.7, 129.8, 134.7, 
140.8, 145, 1, 1, 1, 1, 1, 1, 1, 1, 1, 1, 1, 1, 1, 1, 1, 1, 1, 
1, 1, 1, 1, 1, 1, 1, 1, 1, 1, 1, 1, 1, 1, 1, 1, 1, 1, 1, 1, 1, 
1, 1, 1, 1, 1, 1, 2.527, 2.552, 2.427, 2.393, 2.593, 2.58, 2.634, 
2.705, 3.663, 3.662, 3.642), .Dim = c(11L, 40L), .Dimnames = list(
    NULL, c("Sampling", "PSO.cost", "PSO.gamma", "PSO.data.balancing", 
    "PSO.feature.selection", "PSO.valid.acc", "PSO.test.acc", 
    "PSO.train.time", "PSO.n.support.vectors", "PSO.index", "PSO.n.solutions", 
    "PSO.generations", "PSO.n.evaluations", "PSO.cpu.time", "RS.cost", 
    "RS.gamma", "RS.data.balancing", "RS.feature.selection", 
    "RS.valid.acc", "RS.test.acc", "RS.train.time", "RS.n.support.vectors", 
    "RS.index", "RS.n.solutions", "RS.generations", "RS.n.evaluations", 
    "RS.cpu.time", "DF.cost", "DF.gamma", "DF.data.balancing", 
    "DF.feature.selection", "DF.valid.acc", "DF.test.acc", "DF.train.time", 
    "DF.n.support.vectors", "DF.index", "DF.n.solutions", "DF.generations", 
    "DF.n.evaluations", "DF.cpu.time")))
