full <-
structure(c(50, 55, 60, 65, 70, 75, 80, 85, 90, 95, 100, 0.11357, 
5.85151, 14.16162, 3.17728, 5.33183, 0.63351, 2.92184, 11.49212, 
14.81172, 15, 11.84565, -2.4573, -2.6542, -7.09747, -2.88909, 
-2.42423, -3.38392, -1.22121, -6.81839, -8.05319, -7.16723, -5.52835, 
0, 0, 0, 0, 0, 0, 0, 0, 0, 0, 0, 0, 0, 0, 0, 0, 0, 0, 0, 0, 0, 
0, 0.74433, 0.77763, 0.75284, 0.76234, 0.74962, 0.74111, 0.74318, 
0.74581, 0.74252, 0.74138, 0.75206, 0.72108, 0.71843, 0.67308, 
0.69689, 0.74578, 0.68986, 0.71965, 0.75816, 0.7162, 0.71666, 
0.71096, 0.0138, 0.015, 0.0305, 0.0171, 0.0187, 0.0176, 0.0198, 
0.0272, 0.0645, 0.0788, 0.0386, 75.9, 74, 67.1, 89.2, 87.9, 109.3, 
110, 97.3, 98.2, 97, 104.4, 685, 374, 397, 475, 747, 757, 1306, 
1151, 266, 131, 171, 156, 327, 282, 132, 230, 87, 138, 148, 363, 
417, 658, 100, 100, 100, 100, 100, 100, 100, 100, 100, 100, 100, 
2500, 2500, 2500, 2500, 2500, 2500, 2500, 2500, 2500, 2500, 2500, 
6061.474, 6191.156, 6628.431, 6391.321, 6354.254, 6345.194, 6456.001, 
6667.13499999999, 7270.783, 7466.36500000001, 6786.83, 0.42685, 
5.59212, 13.10805, 2.35944, 6.83424, 9.82196, 2.89826, 11.36116, 
14.55536, 14.5859, 11.84001, -2.39946, -2.43152, -6.637, -2.59219, 
-2.22501, -7.8862, -1.226, -6.77398, -7.96055, -6.59778, -5.55417, 
0, 0, 0, 0, 0, 0, 0, 0, 0, 0, 0, 0, 0, 0, 0, 0, 0, 0, 0, 0, 0, 
0, 0.72831, 0.76929, 0.7457, 0.7552, 0.74914, 0.73233, 0.74318, 
0.74055, 0.74252, 0.73279, 0.75206, 0.72108, 0.71843, 0.66474, 
0.69696, 0.71868, 0.70928, 0.71965, 0.74635, 0.7162, 0.73214, 
0.71096, 0.0144, 0.0161, 0.0263, 0.0169, 0.0169, 0.0205, 0.0212, 
0.0264, 0.0578, 0.0638, 0.0363, 75.3, 75, 66.8, 91.3, 87.8, 92.7, 
109.9, 97.4, 98.3, 96.9, 104.7, 34, 1863, 144, 1382, 1690, 1485, 
442, 578, 1686, 246, 212, 6, 1, 1, 5, 1, 1, 1, 1, 1, 4, 2, 100, 
100, 100, 100, 100, 100, 100, 100, 100, 100, 100, 2500, 2500, 
2500, 2500, 2500, 2500, 2500, 2500, 2500, 2500, 2500, 6102.305, 
6303.476, 6306.468, 6309.077, 6411.037, 6528.49099999999, 6623.666, 
6497.02, 6526.31899999999, 6555.223, 6587.61000000002, 1, 1, 
1, 1, 1, 1, 1, 1, 1, 1, 1, 0.11111, 0.11111, 0.11111, 0.11111, 
0.11111, 0.11111, 0.11111, 0.11111, 0.11111, 0.11111, 0.11111, 
0, 0, 0, 0, 0, 0, 0, 0, 0, 0, 0, 0, 0, 0, 0, 0, 0, 0, 0, 0, 0, 
0, 0.70997, 0.67596, 0.67253, 0.68465, 0.68337, 0.71096, 0.70343, 
0.69379, 0.67094, 0.69288, 0.6966, 0.72199, 0.67672, 0.66538, 
0.67084, 0.69167, 0.69201, 0.70899, 0.69376, 0.66013, 0.68903, 
0.69221, 0.0135, 0.0158, 0.0164, 0.0155, 0.018, 0.0191, 0.0198, 
0.0196, 0.0216, 0.0209, 0.0223, 77.3, 84.2, 88.7, 97, 104.3, 
112.6, 117.6, 126.2, 132.5, 139.5, 145.7, 1, 1, 1, 1, 1, 1, 1, 
1, 1, 1, 1, 1, 1, 1, 1, 1, 1, 1, 1, 1, 1, 1, 1, 1, 1, 1, 1, 1, 
1, 1, 1, 1, 1, 1, 1, 1, 1, 1, 1, 1, 1, 1, 1, 1, 2.402, 2.657, 
2.613, 2.423, 2.612, 2.657, 2.645, 2.526, 2.626, 2.452, 2.48), .Dim = c(11L, 
40L), .Dimnames = list(NULL, c("Sampling", "PSO.cost", "PSO.gamma", 
"PSO.data.balancing", "PSO.feature.selection", "PSO.valid.acc", 
"PSO.test.acc", "PSO.train.time", "PSO.n.support.vectors", "PSO.index", 
"PSO.n.solutions", "PSO.generations", "PSO.n.evaluations", "PSO.cpu.time", 
"RS.cost", "RS.gamma", "RS.data.balancing", "RS.feature.selection", 
"RS.valid.acc", "RS.test.acc", "RS.train.time", "RS.n.support.vectors", 
"RS.index", "RS.n.solutions", "RS.generations", "RS.n.evaluations", 
"RS.cpu.time", "DF.cost", "DF.gamma", "DF.data.balancing", "DF.feature.selection", 
"DF.valid.acc", "DF.test.acc", "DF.train.time", "DF.n.support.vectors", 
"DF.index", "DF.n.solutions", "DF.generations", "DF.n.evaluations", 
"DF.cpu.time")))
