full <-
structure(c(50, 55, 60, 65, 70, 75, 80, 85, 90, 95, 100, 12.00473, 
12.76794, 5.97307, 13.47778, 10.52564, 8.8428, 7.35259, 8.39748, 
9.18778, 9.07526, 9.88711, -7.76432, -8.42474, -5.90334, -9.50494, 
-7.41065, -6.49382, -6.32723, -6.99274, -4.49756, -6.29369, -5.52777, 
0, 0, 0, 0, 0, 0, 0, 0, 0, 0, 0, 0, 0, 0, 0, 0, 0, 0, 0, 0, 0, 
0, 0.74646, 0.71073, 0.71145, 0.74669, 0.75274, 0.71885, 0.74436, 
0.74197, 0.76249, 0.72095, 0.74199, 0.67434, 0.70009, 0.69066, 
0.69765, 0.71488, 0.69615, 0.73234, 0.72552, 0.73673, 0.71167, 
0.72386, 0.0168, 0.0184, 0.0172, 0.0234, 0.0213, 0.0203, 0.0212, 
0.0219, 0.0259, 0.0244, 0.028, 58.7, 65.5, 77.6, 76.8, 84.1, 
88.6, 95.1, 102.9, 97.4, 111.4, 111.5, 271, 926, 327, 230, 198, 
604, 685, 618, 1904, 153, 926, 191, 37, 453, 522, 1197, 19, 244, 
328, 4, 233, 296, 100, 100, 100, 100, 100, 100, 100, 100, 100, 
100, 100, 2500, 2500, 2500, 2500, 2500, 2500, 2500, 2500, 2500, 
2500, 2500, 7906.253, 8045.181, 8198.946, 8489.65500000001, 8553.527, 
8409.952, 8172.803, 8198.18999999999, 8355.356, 8088.41699999999, 
7987.96099999998, 12.0735, 12.44011, 6.18041, 13.37764, 10.75777, 
3.30503, 7.73444, 10.37204, 11.42906, 11.79328, 9.73446, -7.84687, 
-8.23524, -6.32919, -9.52534, -7.20375, -5.10218, -5.87781, -7.41101, 
-5.53687, -8.88558, -5.48069, 0, 0, 0, 0, 0, 0, 0, 0, 0, 0, 0, 
0, 0, 0, 0, 0, 0, 0, 0, 0, 0, 0, 0.74646, 0.7024, 0.70311, 0.74044, 
0.75274, 0.71569, 0.73848, 0.73177, 0.75749, 0.72119, 0.73764, 
0.67434, 0.70009, 0.68883, 0.69051, 0.70774, 0.691, 0.70314, 
0.73667, 0.7162, 0.7019, 0.71931, 0.0167, 0.0189, 0.0159, 0.0228, 
0.0214, 0.0179, 0.0218, 0.022, 0.0326, 0.0274, 0.0272, 58.8, 
65.6, 77.6, 77.2, 83.1, 99.8, 94.4, 99.1, 93.8, 112.7, 112, 825, 
1306, 1870, 332, 1015, 779, 1060, 2179, 223, 1075, 1558, 1, 1, 
1, 2, 4, 1, 1, 1, 2, 2, 1, 100, 100, 100, 100, 100, 100, 100, 
100, 100, 100, 100, 2500, 2500, 2500, 2500, 2500, 2500, 2500, 
2500, 2500, 2500, 2500, 7907.697, 8066.639, 8276.494, 8309.77899999999, 
8345.659, 7995.393, 8168.891, 8324.993, 8091.842, 7993.55299999999, 
8390.81400000001, 1, 1, 1, 1, 1, 1, 1, 1, 1, 1, 1, 0.11111, 0.11111, 
0.11111, 0.11111, 0.11111, 0.11111, 0.11111, 0.11111, 0.11111, 
0.11111, 0.11111, 0, 0, 0, 0, 0, 0, 0, 0, 0, 0, 0, 0, 0, 0, 0, 
0, 0, 0, 0, 0, 0, 0, 0.62712, 0.65282, 0.64963, 0.66963, 0.66262, 
0.691, 0.65862, 0.68258, 0.7112, 0.68238, 0.7042, 0.64545, 0.64513, 
0.62527, 0.65335, 0.655, 0.69174, 0.64166, 0.69427, 0.69512, 
0.68762, 0.71431, 0.0173, 0.016, 0.0169, 0.0189, 0.0187, 0.0195, 
0.0212, 0.0215, 0.0238, 0.0228, 0.0251, 78.7, 87.5, 94.4, 99.4, 
105.4, 110.4, 121.1, 127.3, 133.3, 139.1, 146.4, 1, 1, 1, 1, 
1, 1, 1, 1, 1, 1, 1, 1, 1, 1, 1, 1, 1, 1, 1, 1, 1, 1, 1, 1, 1, 
1, 1, 1, 1, 1, 1, 1, 1, 1, 1, 1, 1, 1, 1, 1, 1, 1, 1, 1, 3.166, 
3.284, 3.348, 3.387, 3.391, 3.267, 3.244, 3.127, 3.266, 3.008, 
3.345), .Dim = c(11L, 40L), .Dimnames = list(NULL, c("Sampling", 
"PSO.cost", "PSO.gamma", "PSO.data.balancing", "PSO.feature.selection", 
"PSO.valid.acc", "PSO.test.acc", "PSO.train.time", "PSO.n.support.vectors", 
"PSO.index", "PSO.n.solutions", "PSO.generations", "PSO.n.evaluations", 
"PSO.cpu.time", "RS.cost", "RS.gamma", "RS.data.balancing", "RS.feature.selection", 
"RS.valid.acc", "RS.test.acc", "RS.train.time", "RS.n.support.vectors", 
"RS.index", "RS.n.solutions", "RS.generations", "RS.n.evaluations", 
"RS.cpu.time", "DF.cost", "DF.gamma", "DF.data.balancing", "DF.feature.selection", 
"DF.valid.acc", "DF.test.acc", "DF.train.time", "DF.n.support.vectors", 
"DF.index", "DF.n.solutions", "DF.generations", "DF.n.evaluations", 
"DF.cpu.time")))
