full <-
structure(c(50, 55, 60, 65, 70, 75, 80, 85, 90, 95, 100, 1.09719, 
-1.20834, 1.98402, 0.22881, -0.28404, -2, -2, -1.60815, 2.0112, 
0.17774, 0.92704, -12.97905, -10.95143, -14.16898, -12.50673, 
-12.35967, -6.17981, -10.77554, -4.98175, -15, -13.07255, -4.34736, 
0, 0, 0, 0, 0, 0, 0, 0, 0, 0, 0, 0, 0, 0, 0, 0, 0, 0, 0, 0, 0, 
0, 0.97409, 0.97246, 0.9746, 0.96319, 0.96932, 0.9572, 0.96471, 
0.9541, 0.96161, 0.96368, 0.9568, 0.96993, 0.97246, 0.9746, 0.95974, 
0.96932, 0.95426, 0.95661, 0.9541, 0.95685, 0.96368, 0.94815, 
0.012, 0.0282, 0.0353, 0.0335, 0.0386, 0.0241, 0.0489, 0.0338, 
0.0538, 0.0586, 0.0306, 180.8, 200, 214.7, 233.7, 257.7, 101.6, 
292.9, 75.8, 329.7, 344, 59.4, 92, 661, 657, 482, 695, 910, 356, 
241, 595, 812, 102, 53, 35, 50, 47, 22, 114, 113, 726, 35, 21, 
663, 100, 100, 100, 100, 100, 100, 100, 100, 100, 100, 100, 2500, 
2500, 2500, 2500, 2500, 2500, 2500, 2500, 2500, 2500, 2500, 8439.498, 
8972.741, 9086.993, 9079.866, 9081.19, 9053.35799999999, 9386.14999999999, 
8951.54300000001, 9131.394, 9207.611, 8680.47, -0.71712, 0.08469, 
0.97284, 2.43907, -0.58184, -0.19692, -1.56664, 2.48971, -0.2133, 
-0.74494, 0.55645, -11.20717, -12.25891, -13.15177, -14.76655, 
-12.02056, -6.80083, -11.20905, -10.27876, -12.76462, -12.19266, 
-3.7161, 0, 0, 0, 0, 0, 0, 0, 0, 0, 0, 0, 0, 0, 0, 0, 0, 0, 0, 
0, 0, 0, 0, 0.97409, 0.97246, 0.9746, 0.96319, 0.96326, 0.95712, 
0.96194, 0.95417, 0.96161, 0.95918, 0.9568, 0.97409, 0.97246, 
0.9746, 0.95974, 0.96629, 0.95426, 0.95383, 0.9516, 0.95685, 
0.95469, 0.9525, 0.0251, 0.0294, 0.0304, 0.0381, 0.0387, 0.0219, 
0.0471, 0.0257, 0.0543, 0.0593, 0.0366, 180.8, 200, 214.7, 233.6, 
257.7, 72, 292.9, 91.7, 329.7, 344, 68.2, 832, 1583, 1045, 1312, 
1009, 62, 43, 286, 2391, 1695, 177, 6, 1, 1, 2, 1, 2, 1, 5, 1, 
1, 3, 100, 100, 100, 100, 100, 100, 100, 100, 100, 100, 100, 
2500, 2500, 2500, 2500, 2500, 2500, 2500, 2500, 2500, 2500, 2500, 
8881.871, 8919.627, 9083.811, 9000.018, 9052.882, 9073.545, 9232.455, 
9232.65299999999, 9153.89199999999, 9056.20800000001, 8134.91899999999, 
1, 1, 1, 1, 1, 1, 1, 1, 1, 1, 1, 0.11111, 0.11111, 0.11111, 0.11111, 
0.11111, 0.11111, 0.11111, 0.11111, 0.11111, 0.11111, 0.11111, 
0, 0, 0, 0, 0, 0, 0, 0, 0, 0, 0, 0, 0, 0, 0, 0, 0, 0, 0, 0, 0, 
0, 0.96993, 0.96846, 0.9672, 0.95651, 0.9571, 0.94846, 0.94294, 
0.94391, 0.94954, 0.95448, 0.95245, 0.96993, 0.96846, 0.9672, 
0.95651, 0.95407, 0.94846, 0.94835, 0.94647, 0.94959, 0.95226, 
0.95028, 0.018, 0.0185, 0.0187, 0.0182, 0.0196, 0.0225, 0.0293, 
0.0245, 0.0251, 0.0273, 0.0262, 44.1, 47.3, 47.4, 53.8, 58.7, 
64.2, 67.2, 67.9, 72.6, 76.3, 80.4, 1, 1, 1, 1, 1, 1, 1, 1, 1, 
1, 1, 1, 1, 1, 1, 1, 1, 1, 1, 1, 1, 1, 1, 1, 1, 1, 1, 1, 1, 1, 
1, 1, 1, 1, 1, 1, 1, 1, 1, 1, 1, 1, 1, 1, 3.442, 3.451, 3.44, 
3.463, 3.446, 3.474, 4.088, 3.398, 3.627, 3.402, 3.057), .Dim = c(11L, 
40L), .Dimnames = list(NULL, c("Sampling", "PSO.cost", "PSO.gamma", 
"PSO.data.balancing", "PSO.feature.selection", "PSO.valid.acc", 
"PSO.test.acc", "PSO.train.time", "PSO.n.support.vectors", "PSO.index", 
"PSO.n.solutions", "PSO.generations", "PSO.n.evaluations", "PSO.cpu.time", 
"RS.cost", "RS.gamma", "RS.data.balancing", "RS.feature.selection", 
"RS.valid.acc", "RS.test.acc", "RS.train.time", "RS.n.support.vectors", 
"RS.index", "RS.n.solutions", "RS.generations", "RS.n.evaluations", 
"RS.cpu.time", "DF.cost", "DF.gamma", "DF.data.balancing", "DF.feature.selection", 
"DF.valid.acc", "DF.test.acc", "DF.train.time", "DF.n.support.vectors", 
"DF.index", "DF.n.solutions", "DF.generations", "DF.n.evaluations", 
"DF.cpu.time")))
