full <-
structure(c(50, 55, 60, 65, 70, 75, 80, 85, 90, 95, 100, 0.2749, 
1.16926, 4.07456, 0.71028, 6.46234, 3.25042, 1.53946, -2, 9.68735, 
3.26205, -1.81095, -5.51549, -5.87225, -5.43542, -5.12709, -11.24422, 
-8.6445, -10.47565, -4.5154, -10.09989, -6.64906, -11.07869, 
0, 0, 0, 0, 0, 0, 0, 0, 0, 0, 0, 0, 0, 0, 0, 0, 0, 0, 0, 0, 0, 
0, 0.96157, 0.96108, 0.96083, 0.96021, 0.96316, 0.96554, 0.96215, 
0.95949, 0.96405, 0.95918, 0.95684, 0.95722, 0.95708, 0.95355, 
0.95687, 0.96316, 0.96554, 0.95674, 0.95949, 0.95685, 0.95469, 
0.96115, 0.0152, 0.0136, 0.018, 0.0198, 0.0182, 0.0183, 0.0274, 
0.0213, 0.0199, 0.0202, 0.0686, 42.8, 41, 34, 44.7, 44.3, 49.8, 
129.4, 81, 37.9, 48.3, 360.2, 7, 83, 5, 8, 7, 116, 657, 266, 
10, 23, 2202, 435, 298, 1244, 1503, 1245, 157, 11, 760, 367, 
587, 2, 100, 100, 100, 100, 100, 100, 100, 100, 100, 100, 100, 
2500, 2500, 2500, 2500, 2500, 2500, 2500, 2500, 2500, 2500, 2500, 
6145.442, 7804.433, 8752.505, 8770.701, 8494.08400000001, 6205.175, 
6337.58899999999, 6347.96400000001, 6230.504, 6474.569, 9267.44899999999, 
6.95565, 4.66338, 7.01719, 4.68317, 3.6725, 9.19532, 1.95441, 
-1.61176, 10.2575, 5.94767, 1.11793, -12.3113, -10.40683, -7.90853, 
-7.51411, -7.25808, -14.51201, -10.91577, -4.46255, -14.92311, 
-8.19348, -14.03026, 0, 0, 0, 0, 0, 0, 0, 0, 0, 0, 0, 0, 0, 0, 
0, 0, 0, 0, 0, 0, 0, 0, 0.96157, 0.96108, 0.96083, 0.96021, 0.96316, 
0.96554, 0.96215, 0.95949, 0.96405, 0.95918, 0.95684, 0.95722, 
0.95308, 0.95712, 0.96021, 0.96316, 0.96554, 0.95674, 0.95949, 
0.96161, 0.95469, 0.96115, 0.0128, 0.0175, 0.0179, 0.0188, 0.0189, 
0.0175, 0.0259, 0.0219, 0.0189, 0.0217, 0.0677, 40.4, 46.4, 28.7, 
34.9, 37.7, 48.7, 130.3, 73.1, 50.4, 44.2, 360.2, 5, 12, 2, 7, 
1, 28, 1931, 113, 3, 11, 687, 94, 54, 414, 324, 253, 20, 2, 3, 
26, 168, 1, 100, 100, 100, 100, 100, 100, 100, 100, 100, 100, 
100, 2500, 2500, 2500, 2500, 2500, 2500, 2500, 2500, 2500, 2500, 
2500, 6149.751, 8846.569, 8939.808, 8842.175, 6459.393, 6432.01300000001, 
6371.47900000001, 6486.05500000001, 6630.649, 8640.448, 9565.397, 
1, 1, 1, 1, 1, 1, 1, 1, 1, 1, 1, 0.11111, 0.11111, 0.11111, 0.11111, 
0.11111, 0.11111, 0.11111, 0.11111, 0.11111, 0.11111, 0.11111, 
0, 0, 0, 0, 0, 0, 0, 0, 0, 0, 0, 0, 0, 0, 0, 0, 0, 0, 0, 0, 0, 
0, 0.94417, 0.94138, 0.94296, 0.95021, 0.95398, 0.95403, 0.94871, 
0.94686, 0.96167, 0.95464, 0.95245, 0.93983, 0.94523, 0.94296, 
0.94365, 0.95398, 0.95109, 0.9487, 0.94686, 0.95691, 0.95696, 
0.9481, 0.0154, 0.0191, 0.0193, 0.0202, 0.0181, 0.0186, 0.0214, 
0.0221, 0.0217, 0.028, 0.0279, 52.2, 55.2, 60.1, 63.5, 64.6, 
63.7, 68.2, 69.7, 72, 75.4, 80.5, 1, 1, 1, 1, 1, 1, 1, 1, 1, 
1, 1, 1, 1, 1, 1, 1, 1, 1, 1, 1, 1, 1, 1, 1, 1, 1, 1, 1, 1, 1, 
1, 1, 1, 1, 1, 1, 1, 1, 1, 1, 1, 1, 1, 1, 2.487, 3.501, 3.436, 
3.546, 2.388, 2.415, 2.658, 2.52, 2.462, 3.665, 3.646), .Dim = c(11L, 
40L), .Dimnames = list(NULL, c("Sampling", "PSO.cost", "PSO.gamma", 
"PSO.data.balancing", "PSO.feature.selection", "PSO.valid.acc", 
"PSO.test.acc", "PSO.train.time", "PSO.n.support.vectors", "PSO.index", 
"PSO.n.solutions", "PSO.generations", "PSO.n.evaluations", "PSO.cpu.time", 
"RS.cost", "RS.gamma", "RS.data.balancing", "RS.feature.selection", 
"RS.valid.acc", "RS.test.acc", "RS.train.time", "RS.n.support.vectors", 
"RS.index", "RS.n.solutions", "RS.generations", "RS.n.evaluations", 
"RS.cpu.time", "DF.cost", "DF.gamma", "DF.data.balancing", "DF.feature.selection", 
"DF.valid.acc", "DF.test.acc", "DF.train.time", "DF.n.support.vectors", 
"DF.index", "DF.n.solutions", "DF.generations", "DF.n.evaluations", 
"DF.cpu.time")))
