full <-
structure(c(50, 55, 60, 65, 70, 75, 80, 85, 90, 95, 100, -2, 
2.3512, 1.33909, 0.71733, 5.16652, -1.82304, -2, 7.48822, -1.36831, 
-2, -2, -5.70474, -3.26037, -4.08142, -4.63924, -6.27317, -4.61376, 
-4.15812, -13.64062, -4.53694, -3.98838, -10.85222, 0, 0, 0, 
0, 0, 0, 0, 0, 0, 0, 0, 0, 0, 0, 0, 0, 0, 0, 0, 0, 0, 0, 0.95234, 
0.96477, 0.96056, 0.95366, 0.95682, 0.95966, 0.95411, 0.95436, 
0.95685, 0.95433, 0.95883, 0.95234, 0.94908, 0.94614, 0.94354, 
0.94441, 0.94815, 0.95133, 0.95179, 0.95447, 0.95206, 0.95449, 
0.0186, 0.0162, 0.0155, 0.0175, 0.0169, 0.0202, 0.0213, 0.0215, 
0.0226, 0.0243, 0.0656, 74.9, 46.7, 44.1, 46, 38, 73.1, 77.3, 
64, 73.8, 83.7, 360, 78, 507, 274, 55, 80, 337, 235, 83, 221, 
236, 623, 949, 591, 455, 1006, 201, 446, 875, 72, 879, 651, 21, 
100, 100, 100, 100, 100, 100, 100, 100, 100, 100, 100, 2500, 
2500, 2500, 2500, 2500, 2500, 2500, 2500, 2500, 2500, 2500, 6734.947, 
6613.224, 6451.263, 6454.167, 6280.227, 6679.493, 6613.97500000001, 
6685.59700000001, 6687.17599999999, 6862.333, 7725.71599999999, 
2.46845, 1.85286, 2.5047, 0.8398, 1.89348, -1.91236, 0.24521, 
-0.23929, -1.3937, 6.99357, 0.88207, -4.28199, -2.85474, -3.94509, 
-4.65954, -4.30802, -4.70417, -3.45575, -6.62407, -4.39361, -14.37124, 
-13.75812, 0, 0, 0, 0, 0, 0, 0, 0, 0, 0, 0, 0, 0, 0, 0, 0, 0, 
0, 0, 0, 0, 0, 0.9527, 0.96477, 0.95699, 0.95366, 0.95682, 0.95966, 
0.95411, 0.95436, 0.95685, 0.95206, 0.95883, 0.94835, 0.95292, 
0.9427, 0.94354, 0.94441, 0.94815, 0.9487, 0.95179, 0.95203, 
0.95206, 0.95231, 0.0136, 0.0162, 0.0161, 0.016, 0.0174, 0.0207, 
0.0211, 0.0216, 0.0236, 0.026, 0.0608, 33.7, 53.8, 44.2, 45.2, 
46.1, 75.7, 66.7, 77.6, 73.4, 92.1, 360.4, 6, 1117, 87, 52, 574, 
717, 14, 50, 308, 33, 2270, 7, 1, 16, 7, 5, 1, 13, 8, 9, 38, 
2, 100, 100, 100, 100, 100, 100, 100, 100, 100, 100, 100, 2500, 
2500, 2500, 2500, 2500, 2500, 2500, 2500, 2500, 2500, 2500, 6721.573, 
6654.89, 6589.561, 6462.484, 6641.85999999999, 6621.75799999999, 
6908.145, 6805.818, 6865.62700000001, 7120.683, 7473.96799999999, 
1, 1, 1, 1, 1, 1, 1, 1, 1, 1, 1, 0.11111, 0.11111, 0.11111, 0.11111, 
0.11111, 0.11111, 0.11111, 0.11111, 0.11111, 0.11111, 0.11111, 
0, 0, 0, 0, 0, 0, 0, 0, 0, 0, 0, 0, 0, 0, 0, 0, 0, 0, 0, 0, 0, 
0, 0.95232, 0.94892, 0.94958, 0.95021, 0.94754, 0.94815, 0.95133, 
0.94147, 0.95197, 0.94297, 0.95023, 0.94816, 0.95662, 0.94231, 
0.94343, 0.94754, 0.94521, 0.94315, 0.9466, 0.94239, 0.94752, 
0.95241, 0.0155, 0.0169, 0.0212, 0.018, 0.0195, 0.0205, 0.0226, 
0.0213, 0.0252, 0.025, 0.0264, 49.3, 53.3, 59, 64, 66.3, 66.3, 
72.4, 74.6, 76.6, 79.3, 79.4, 1, 1, 1, 1, 1, 1, 1, 1, 1, 1, 1, 
1, 1, 1, 1, 1, 1, 1, 1, 1, 1, 1, 1, 1, 1, 1, 1, 1, 1, 1, 1, 1, 
1, 1, 1, 1, 1, 1, 1, 1, 1, 1, 1, 1, 2.704, 2.703, 2.685, 2.49, 
2.753, 2.672, 2.677, 2.478, 2.729, 2.802, 2.779), .Dim = c(11L, 
40L), .Dimnames = list(NULL, c("Sampling", "PSO.cost", "PSO.gamma", 
"PSO.data.balancing", "PSO.feature.selection", "PSO.valid.acc", 
"PSO.test.acc", "PSO.train.time", "PSO.n.support.vectors", "PSO.index", 
"PSO.n.solutions", "PSO.generations", "PSO.n.evaluations", "PSO.cpu.time", 
"RS.cost", "RS.gamma", "RS.data.balancing", "RS.feature.selection", 
"RS.valid.acc", "RS.test.acc", "RS.train.time", "RS.n.support.vectors", 
"RS.index", "RS.n.solutions", "RS.generations", "RS.n.evaluations", 
"RS.cpu.time", "DF.cost", "DF.gamma", "DF.data.balancing", "DF.feature.selection", 
"DF.valid.acc", "DF.test.acc", "DF.train.time", "DF.n.support.vectors", 
"DF.index", "DF.n.solutions", "DF.generations", "DF.n.evaluations", 
"DF.cpu.time")))
