full <-
structure(c(50, 55, 60, 65, 70, 75, 80, 85, 90, 95, 100, 3.20364, 
1.77026, -2, 1.0558, -2, 2.25762, 5.93372, -2, -1.99504, 1.91069, 
1.65345, -15, -13.89799, -10.33282, -13.5828, -10.53805, -15, 
-11.39562, -10.55177, -10.84057, -4.32231, -4.09828, 0, 0, 0, 
0, 0, 0, 0, 0, 0, 0, 0, 0, 0, 0, 0, 0, 0, 0, 0, 0, 0, 0, 0.96955, 
0.97262, 0.97116, 0.96676, 0.96004, 0.96261, 0.95923, 0.9591, 
0.96144, 0.95893, 0.96119, 0.96538, 0.96862, 0.97474, 0.96343, 
0.95066, 0.96832, 0.95923, 0.95917, 0.95656, 0.95893, 0.95472, 
0.0249, 0.029, 0.0304, 0.0352, 0.0453, 0.0441, 0.0199, 0.0493, 
0.0626, 0.0249, 0.0274, 180.8, 200, 219.2, 238.5, 256.1, 275.3, 
51.2, 304.2, 326.4, 55.5, 61.5, 471, 398, 2022, 1742, 53, 2470, 
127, 476, 1545, 57, 1130, 31, 57, 3, 2, 58, 1, 186, 59, 16, 238, 
31, 100, 100, 100, 100, 100, 100, 100, 100, 100, 100, 100, 2500, 
2500, 2500, 2500, 2500, 2500, 2500, 2500, 2500, 2500, 2500, 8901.359, 
8806.836, 8813.443, 8828.758, 8997.87000000001, 8907.842, 8845.064, 
9082.477, 9254.92800000001, 8897.09899999999, 9099.47500000001, 
2.09675, -0.07094, 1.21299, 0.05205, 2.23436, -0.38914, 5.78406, 
0.62828, 3.40282, 1.21104, 1.20148, -13.87858, -12.01973, -13.57455, 
-1.61471, -14.7946, -12.33636, -11.45498, -13.23656, -12.31644, 
-6.53873, -4.26961, 0, 0, 0, 0, 0, 0, 0, 0, 0, 0, 0, 0, 0, 0, 
0, 0, 0, 0, 0, 0, 0, 0, 0.96955, 0.97262, 0.97116, 0.96353, 0.96004, 
0.96261, 0.95923, 0.9591, 0.95906, 0.95893, 0.96119, 0.96538, 
0.96862, 0.97474, 0.9602, 0.95379, 0.96832, 0.95923, 0.96167, 
0.9518, 0.95666, 0.95476, 0.0243, 0.0298, 0.031, 0.0263, 0.04, 
0.0442, 0.0273, 0.0538, 0.0326, 0.0231, 0.0272, 180.8, 200, 219.2, 
109.9, 256, 275.3, 53.1, 304.2, 133.9, 61.1, 59.6, 1279, 184, 
781, 587, 1116, 509, 13, 611, 144, 42, 1658, 2, 5, 1, 3, 1, 2, 
33, 3, 35, 9, 2, 100, 100, 100, 100, 100, 100, 100, 100, 100, 
100, 100, 2500, 2500, 2500, 2500, 2500, 2500, 2500, 2500, 2500, 
2500, 2500, 8587.797, 8844.57, 8629.524, 8910.514, 8957.16099999999, 
9039.56, 9032.045, 9116.36700000003, 8958.81999999998, 9397.429, 
8037.068, 1, 1, 1, 1, 1, 1, 1, 1, 1, 1, 1, 0.11111, 0.11111, 
0.11111, 0.11111, 0.11111, 0.11111, 0.11111, 0.11111, 0.11111, 
0.11111, 0.11111, 0, 0, 0, 0, 0, 0, 0, 0, 0, 0, 0, 0, 0, 0, 0, 
0, 0, 0, 0, 0, 0, 0, 0.95669, 0.95692, 0.96402, 0.95708, 0.9446, 
0.95387, 0.95375, 0.95147, 0.95424, 0.9566, 0.95467, 0.95669, 
0.95677, 0.96402, 0.95697, 0.9446, 0.95387, 0.95646, 0.95147, 
0.95424, 0.95666, 0.94829, 0.018, 0.02, 0.0198, 0.0213, 0.0191, 
0.0216, 0.0218, 0.0266, 0.0261, 0.0259, 0.0292, 48.4, 52.4, 51.8, 
55.4, 62.4, 60, 63.8, 70.3, 69.8, 77, 79.8, 1, 1, 1, 1, 1, 1, 
1, 1, 1, 1, 1, 1, 1, 1, 1, 1, 1, 1, 1, 1, 1, 1, 1, 1, 1, 1, 1, 
1, 1, 1, 1, 1, 1, 1, 1, 1, 1, 1, 1, 1, 1, 1, 1, 1, 3.455, 3.411, 
3.427, 3.417, 3.378, 3.763, 3.598, 4.255, 3.4, 3.598, 3.14), .Dim = c(11L, 
40L), .Dimnames = list(NULL, c("Sampling", "PSO.cost", "PSO.gamma", 
"PSO.data.balancing", "PSO.feature.selection", "PSO.valid.acc", 
"PSO.test.acc", "PSO.train.time", "PSO.n.support.vectors", "PSO.index", 
"PSO.n.solutions", "PSO.generations", "PSO.n.evaluations", "PSO.cpu.time", 
"RS.cost", "RS.gamma", "RS.data.balancing", "RS.feature.selection", 
"RS.valid.acc", "RS.test.acc", "RS.train.time", "RS.n.support.vectors", 
"RS.index", "RS.n.solutions", "RS.generations", "RS.n.evaluations", 
"RS.cpu.time", "DF.cost", "DF.gamma", "DF.data.balancing", "DF.feature.selection", 
"DF.valid.acc", "DF.test.acc", "DF.train.time", "DF.n.support.vectors", 
"DF.index", "DF.n.solutions", "DF.generations", "DF.n.evaluations", 
"DF.cpu.time")))
