full <-
structure(c(50, 55, 60, 65, 70, 75, 80, 85, 90, 95, 100, 1.39001, 
5.95059, 8.23528, 0.33978, -0.45562, 0.9086, 7.72122, -0.20954, 
0.71281, 0.75539, 2.40455, -7.20085, -12.12494, -15, -6.75896, 
-5.70263, -6.15118, -14.08812, -4.14511, -4.20549, -3.68817, 
-5.29829, 0, 0, 0, 0, 0, 0, 0, 0, 0, 0, 0, 0, 0, 0, 0, 0, 0, 
0, 0, 0, 0, 0, 0.95326, 0.95308, 0.96045, 0.95708, 0.96004, 0.9599, 
0.9593, 0.96179, 0.96144, 0.96131, 0.95707, 0.94853, 0.94908, 
0.95317, 0.95375, 0.95691, 0.9541, 0.95119, 0.95916, 0.95906, 
0.95904, 0.95272, 0.0158, 0.0162, 0.0165, 0.0181, 0.0192, 0.0189, 
0.0206, 0.0216, 0.0213, 0.0233, 0.0232, 46, 49.8, 59.1, 58.2, 
58.6, 51.9, 62.8, 57.9, 54.5, 63.6, 53.4, 3, 42, 108, 2079, 120, 
361, 114, 215, 223, 856, 52, 291, 700, 235, 2, 282, 101, 260, 
322, 961, 179, 976, 100, 100, 100, 100, 100, 100, 100, 100, 100, 
100, 100, 2500, 2500, 2500, 2500, 2500, 2500, 2500, 2500, 2500, 
2500, 2500, 6813.013, 6908.263, 6888.846, 6841.802, 6979.317, 
6904.887, 6856.049, 6787.246, 6723.33, 7103.63200000001, 7005.74299999999, 
5.13649, 3.81212, 5.20297, -0.06962, 2.81171, 2.81805, 3.84192, 
2.56363, 1.11119, 0.78037, 1.94002, -11.67734, -10.26332, -11.91563, 
-6.41129, -9.41564, -8.49126, -9.76524, -4.28973, -4.74491, -3.66296, 
-14.83881, 0, 0, 0, 0, 0, 0, 0, 0, 0, 0, 0, 0, 0, 0, 0, 0, 0, 
0, 0, 0, 0, 0, 0.95326, 0.95308, 0.96045, 0.95708, 0.96004, 0.9599, 
0.9593, 0.96179, 0.96144, 0.96131, 0.95712, 0.94437, 0.94908, 
0.95317, 0.95375, 0.95691, 0.95704, 0.95389, 0.9566, 0.95906, 
0.95904, 0.95929, 0.0158, 0.0165, 0.0171, 0.0185, 0.0192, 0.018, 
0.0199, 0.0202, 0.021, 0.024, 0.0644, 52.9, 53, 58.2, 59.8, 60.5, 
53.6, 57.9, 49.3, 51.4, 64, 360, 166, 5, 104, 1484, 41, 2221, 
81, 1289, 441, 1479, 906, 41, 101, 17, 1, 49, 1, 47, 1, 12, 1, 
3, 100, 100, 100, 100, 100, 100, 100, 100, 100, 100, 100, 2500, 
2500, 2500, 2500, 2500, 2500, 2500, 2500, 2500, 2500, 2500, 6926.191, 
6878.457, 6921.067, 6940.077, 7049.24099999999, 7067.54700000001, 
6964.026, 6926.89499999999, 7227.91499999999, 7353.041, 7408, 
1, 1, 1, 1, 1, 1, 1, 1, 1, 1, 1, 0.11111, 0.11111, 0.11111, 0.11111, 
0.11111, 0.11111, 0.11111, 0.11111, 0.11111, 0.11111, 0.11111, 
0, 0, 0, 0, 0, 0, 0, 0, 0, 0, 0, 0, 0, 0, 0, 0, 0, 0, 0, 0, 0, 
0, 0.94872, 0.94123, 0.95317, 0.94385, 0.95388, 0.95124, 0.95133, 
0.95423, 0.95656, 0.95904, 0.95282, 0.94437, 0.94908, 0.96045, 
0.94062, 0.95388, 0.9541, 0.95133, 0.94903, 0.959, 0.95222, 0.9549, 
0.0167, 0.017, 0.0171, 0.0189, 0.0188, 0.0206, 0.0214, 0.0229, 
0.0244, 0.0259, 0.0278, 52.5, 53.2, 57.5, 58.7, 58.1, 61.7, 64.4, 
69.6, 71.2, 77.9, 82.3, 1, 1, 1, 1, 1, 1, 1, 1, 1, 1, 1, 1, 1, 
1, 1, 1, 1, 1, 1, 1, 1, 1, 1, 1, 1, 1, 1, 1, 1, 1, 1, 1, 1, 1, 
1, 1, 1, 1, 1, 1, 1, 1, 1, 1, 2.762, 2.763, 2.62, 2.79, 2.742, 
2.769, 2.738, 2.715, 2.843, 2.883, 2.827), .Dim = c(11L, 40L), .Dimnames = list(
    NULL, c("Sampling", "PSO.cost", "PSO.gamma", "PSO.data.balancing", 
    "PSO.feature.selection", "PSO.valid.acc", "PSO.test.acc", 
    "PSO.train.time", "PSO.n.support.vectors", "PSO.index", "PSO.n.solutions", 
    "PSO.generations", "PSO.n.evaluations", "PSO.cpu.time", "RS.cost", 
    "RS.gamma", "RS.data.balancing", "RS.feature.selection", 
    "RS.valid.acc", "RS.test.acc", "RS.train.time", "RS.n.support.vectors", 
    "RS.index", "RS.n.solutions", "RS.generations", "RS.n.evaluations", 
    "RS.cpu.time", "DF.cost", "DF.gamma", "DF.data.balancing", 
    "DF.feature.selection", "DF.valid.acc", "DF.test.acc", "DF.train.time", 
    "DF.n.support.vectors", "DF.index", "DF.n.solutions", "DF.generations", 
    "DF.n.evaluations", "DF.cpu.time")))
