full <-
structure(c(50, 55, 60, 65, 70, 75, 80, 85, 90, 95, 100, -1.55605, 
-1.61969, -0.31703, 1.54842, 5.96739, 3.39156, 3.29515, 5.89596, 
3.82701, 1.03842, 9.31781, -10.14562, -10.23501, -6.60038, -5.29206, 
-14.68134, -8.43121, -7.83517, -6.51194, -5.54945, -3.51317, 
-8.64758, 0, 0, 0, 0, 0, 0, 0, 0, 0, 0, 0, 0, 0, 0, 0, 0, 0, 
0, 0, 0, 0, 0, 0.96123, 0.96476, 0.96388, 0.95664, 0.9571, 0.96259, 
0.96201, 0.96712, 0.97114, 0.96135, 0.95892, 0.96123, 0.96091, 
0.95674, 0.95342, 0.95407, 0.95973, 0.95661, 0.96205, 0.96156, 
0.95216, 0.95032, 0.0228, 0.0268, 0.0169, 0.0181, 0.0222, 0.0176, 
0.0186, 0.0203, 0.0209, 0.0236, 0.0246, 179.3, 197.3, 62.7, 38.2, 
110.4, 46.2, 46.5, 39.1, 41.8, 64.6, 47.2, 128, 321, 953, 42, 
9, 13, 44, 567, 41, 214, 177, 72, 124, 27, 891, 403, 260, 192, 
177, 378, 231, 130, 100, 100, 100, 100, 100, 100, 100, 100, 100, 
100, 100, 2500, 2500, 2500, 2500, 2500, 2500, 2500, 2500, 2500, 
2500, 2500, 6760.34, 6964.924, 6644.385, 6878.301, 7005.517, 
6905.152, 6864.92, 6779.7, 6780.77299999999, 7047.784, 7068.60700000002, 
-0.25594, -0.64545, 1.11482, 3.91537, 1.15086, 0.5201, 0.26683, 
5.25334, 5.42057, 1.08954, 12.01953, -11.46193, -11.15587, -8.33413, 
-7.19689, -9.49746, -4.00494, -4.92711, -6.16437, -6.3057, -13.54133, 
-10.0502, 0, 0, 0, 0, 0, 0, 0, 0, 0, 0, 0, 0, 0, 0, 0, 0, 0, 
0, 0, 0, 0, 0, 0.96123, 0.96476, 0.96388, 0.95664, 0.9571, 0.96259, 
0.96201, 0.96712, 0.97114, 0.9614, 0.95892, 0.96123, 0.96076, 
0.96031, 0.95331, 0.9571, 0.95981, 0.95661, 0.96205, 0.96156, 
0.95226, 0.94819, 0.0242, 0.0263, 0.0178, 0.0168, 0.0228, 0.0189, 
0.0179, 0.0214, 0.0202, 0.0604, 0.0278, 179.4, 197.1, 66.7, 34.9, 
99.4, 47.5, 51, 40.3, 40.6, 339.2, 46.1, 1929, 728, 557, 5, 39, 
46, 18, 92, 1565, 1985, 181, 1, 2, 1, 46, 51, 54, 29, 4, 1, 1, 
7, 100, 100, 100, 100, 100, 100, 100, 100, 100, 100, 100, 2500, 
2500, 2500, 2500, 2500, 2500, 2500, 2500, 2500, 2500, 2500, 6748.492, 
6856.984, 6861.167, 7004.998, 7043.51700000001, 7050.74500000001, 
7009.62300000001, 7039.352, 7091.52099999999, 7328.55100000001, 
7141.62699999998, 1, 1, 1, 1, 1, 1, 1, 1, 1, 1, 1, 0.11111, 0.11111, 
0.11111, 0.11111, 0.11111, 0.11111, 0.11111, 0.11111, 0.11111, 
0.11111, 0.11111, 0, 0, 0, 0, 0, 0, 0, 0, 0, 0, 0, 0, 0, 0, 0, 
0, 0, 0, 0, 0, 0, 0, 0.94837, 0.95276, 0.94946, 0.95342, 0.95076, 
0.95703, 0.95661, 0.95942, 0.96388, 0.95908, 0.94606, 0.94402, 
0.94876, 0.94946, 0.95009, 0.94773, 0.95687, 0.9539, 0.95942, 
0.9615, 0.95681, 0.95259, 0.0157, 0.017, 0.018, 0.0177, 0.0202, 
0.0205, 0.0228, 0.0219, 0.0218, 0.0254, 0.0261, 49.2, 51.6, 54.4, 
57.6, 60.9, 61.9, 65.7, 67.5, 69.9, 75.2, 79, 1, 1, 1, 1, 1, 
1, 1, 1, 1, 1, 1, 1, 1, 1, 1, 1, 1, 1, 1, 1, 1, 1, 1, 1, 1, 1, 
1, 1, 1, 1, 1, 1, 1, 1, 1, 1, 1, 1, 1, 1, 1, 1, 1, 1, 2.695, 
2.744, 2.742, 2.748, 2.774, 2.747, 2.754, 2.764, 2.713, 2.843, 
2.715), .Dim = c(11L, 40L), .Dimnames = list(NULL, c("Sampling", 
"PSO.cost", "PSO.gamma", "PSO.data.balancing", "PSO.feature.selection", 
"PSO.valid.acc", "PSO.test.acc", "PSO.train.time", "PSO.n.support.vectors", 
"PSO.index", "PSO.n.solutions", "PSO.generations", "PSO.n.evaluations", 
"PSO.cpu.time", "RS.cost", "RS.gamma", "RS.data.balancing", "RS.feature.selection", 
"RS.valid.acc", "RS.test.acc", "RS.train.time", "RS.n.support.vectors", 
"RS.index", "RS.n.solutions", "RS.generations", "RS.n.evaluations", 
"RS.cpu.time", "DF.cost", "DF.gamma", "DF.data.balancing", "DF.feature.selection", 
"DF.valid.acc", "DF.test.acc", "DF.train.time", "DF.n.support.vectors", 
"DF.index", "DF.n.solutions", "DF.generations", "DF.n.evaluations", 
"DF.cpu.time")))
