full <-
structure(c(50, 55, 60, 65, 70, 75, 80, 85, 90, 95, 100, -2, 
-1.1409, -0.11263, -0.48106, -1.78558, 1.79373, 2.04868, 6.22893, 
9.97744, 2.55224, 5.61026, -3.54111, -3.14684, -3.58634, -5.05801, 
-10.08209, -14.00976, -14.32282, -11.59783, -11.1234, -15, -6.54155, 
0, 0, 0, 0, 0, 0, 0, 0, 0, 0, 0, 0, 0, 0, 0, 0, 0, 0, 0, 0, 0, 
0, 0.96156, 0.96026, 0.96056, 0.96011, 0.95057, 0.95092, 0.95696, 
0.95436, 0.95436, 0.9566, 0.95893, 0.95739, 0.95209, 0.95699, 
0.95677, 0.9536, 0.94797, 0.94907, 0.94923, 0.94715, 0.95655, 
0.95245, 0.0158, 0.0174, 0.016, 0.0176, 0.0359, 0.0405, 0.0428, 
0.0205, 0.0223, 0.0581, 0.0237, 59.2, 59.8, 48, 53.3, 238.6, 
262.7, 278.7, 57.4, 42.1, 329.7, 49.2, 425, 505, 80, 271, 1261, 
675, 1919, 39, 305, 985, 476, 79, 107, 267, 468, 28, 20, 2, 92, 
267, 38, 236, 100, 100, 100, 100, 100, 100, 100, 100, 100, 100, 
100, 2500, 2500, 2500, 2500, 2500, 2500, 2500, 2500, 2500, 2500, 
2500, 6435.008, 6500.583, 6594.658, 6564.242, 6739.124, 6737.149, 
6572.04399999999, 6611.88499999999, 6423.774, 6925.697, 6711.111, 
-1.57088, 0.93632, 2.91124, -0.47091, 2.49522, -1.37952, 2.65429, 
5.86357, 9.95038, -1.57271, 6.0297, -9.42422, -7.77752, -10.54229, 
-4.3628, -14.33751, -10.81373, -14.92882, -11.23424, -10.99899, 
-10.86695, -6.71592, 0, 0, 0, 0, 0, 0, 0, 0, 0, 0, 0, 0, 0, 0, 
0, 0, 0, 0, 0, 0, 0, 0, 0.96156, 0.9601, 0.96056, 0.96011, 0.95047, 
0.95092, 0.95696, 0.95436, 0.95436, 0.9566, 0.95893, 0.96156, 
0.95594, 0.96056, 0.95344, 0.95057, 0.94797, 0.94907, 0.94923, 
0.94715, 0.95655, 0.95245, 0.023, 0.016, 0.018, 0.0174, 0.0352, 
0.0389, 0.0438, 0.0207, 0.0217, 0.0595, 0.0226, 167, 58.6, 73, 
51, 238.6, 262.9, 278.7, 57.4, 42.2, 329.7, 48.6, 1566, 9, 123, 
428, 810, 803, 2319, 296, 1020, 221, 1622, 1, 39, 33, 7, 4, 1, 
1, 9, 4, 1, 1, 100, 100, 100, 100, 100, 100, 100, 100, 100, 100, 
100, 2500, 2500, 2500, 2500, 2500, 2500, 2500, 2500, 2500, 2500, 
2500, 6444.071, 6601.475, 6631.302, 6690.592, 6758.47700000001, 
6731.712, 6779.421, 6670.959, 6886.167, 6991.92600000001, 7084.79300000001, 
1, 1, 1, 1, 1, 1, 1, 1, 1, 1, 1, 0.11111, 0.11111, 0.11111, 0.11111, 
0.11111, 0.11111, 0.11111, 0.11111, 0.11111, 0.11111, 0.11111, 
0, 0, 0, 0, 0, 0, 0, 0, 0, 0, 0, 0, 0, 0, 0, 0, 0, 0, 0, 0, 0, 
0, 0.94888, 0.94087, 0.95316, 0.94677, 0.93797, 0.94225, 0.94878, 
0.94929, 0.94466, 0.94978, 0.95028, 0.95323, 0.95241, 0.95342, 
0.95011, 0.94403, 0.94225, 0.946, 0.94673, 0.9471, 0.94978, 0.95245, 
0.0152, 0.0162, 0.0163, 0.0175, 0.0197, 0.0205, 0.0221, 0.023, 
0.0226, 0.0253, 0.0245, 47.2, 52.5, 52.2, 56.5, 67.1, 70.8, 72.2, 
74.7, 77.3, 79.7, 81.2, 1, 1, 1, 1, 1, 1, 1, 1, 1, 1, 1, 1, 1, 
1, 1, 1, 1, 1, 1, 1, 1, 1, 1, 1, 1, 1, 1, 1, 1, 1, 1, 1, 1, 1, 
1, 1, 1, 1, 1, 1, 1, 1, 1, 1, 2.556, 2.539, 2.633, 2.619, 2.649, 
2.599, 2.663, 2.607, 2.679, 2.67, 2.702), .Dim = c(11L, 40L), .Dimnames = list(
    NULL, c("Sampling", "PSO.cost", "PSO.gamma", "PSO.data.balancing", 
    "PSO.feature.selection", "PSO.valid.acc", "PSO.test.acc", 
    "PSO.train.time", "PSO.n.support.vectors", "PSO.index", "PSO.n.solutions", 
    "PSO.generations", "PSO.n.evaluations", "PSO.cpu.time", "RS.cost", 
    "RS.gamma", "RS.data.balancing", "RS.feature.selection", 
    "RS.valid.acc", "RS.test.acc", "RS.train.time", "RS.n.support.vectors", 
    "RS.index", "RS.n.solutions", "RS.generations", "RS.n.evaluations", 
    "RS.cpu.time", "DF.cost", "DF.gamma", "DF.data.balancing", 
    "DF.feature.selection", "DF.valid.acc", "DF.test.acc", "DF.train.time", 
    "DF.n.support.vectors", "DF.index", "DF.n.solutions", "DF.generations", 
    "DF.n.evaluations", "DF.cpu.time")))
