full <-
structure(c(50, 55, 60, 65, 70, 75, 80, 85, 90, 95, 100, -1.60622, 
-0.16874, -0.40783, 0.02707, 0.46066, 2.77624, -2, 0.1114, -2, 
1, 0.54988, -8.02294, -3.88194, -3.05096, -3.86489, -13.11268, 
-3.81427, -10.48911, -2.73232, -10.53499, 0.11111, -2.71502, 
0, 0, 0, 0, 0, 0, 0, 0, 0, 0, 0, 0, 0, 0, 0, 0, 0, 0, 0, 0, 0, 
0, 0.95308, 0.95708, 0.95675, 0.95687, 0.95379, 0.94536, 0.95135, 
0.95429, 0.95679, 0.95211, 0.95698, 0.94437, 0.95708, 0.95317, 
0.95021, 0.94773, 0.93662, 0.94595, 0.94667, 0.95918, 0.95216, 
0.95698, 0.0193, 0.0161, 0.0167, 0.0184, 0.0386, 0.0198, 0.0442, 
0.0247, 0.0533, 0.0257, 0.0284, 122.8, 46.5, 61.5, 51.4, 257.7, 
52.3, 288, 87.3, 320, 79.9, 92.3, 170, 186, 263, 995, 142, 30, 
343, 1656, 319, 1, 155, 461, 751, 655, 204, 80, 122, 87, 32, 
38, 261, 385, 100, 100, 100, 100, 100, 100, 100, 100, 100, 100, 
100, 2500, 2500, 2500, 2500, 2500, 2500, 2500, 2500, 2500, 2500, 
2500, 6731.322, 6726.566, 6675.356, 6829.885, 7078.933, 6805.048, 
6773.485, 6642.929, 7093.391, 6994.341, 7061.266, 0.40415, -0.03405, 
-0.13563, 0.21769, 0.56338, 1.12209, -0.40594, 0.07517, -0.07607, 
-0.48427, 0.09504, -4.9702, -4.21018, -4.33766, -4.58015, -13.18763, 
-13.71518, -4.30697, -2.75778, -12.4803, -12.17603, -2.45744, 
0, 0, 0, 0, 0, 0, 0, 0, 0, 0, 0, 0, 0, 0, 0, 0, 0, 0, 0, 0, 0, 
0, 0.94873, 0.95708, 0.96032, 0.95365, 0.95379, 0.94822, 0.95405, 
0.95429, 0.95679, 0.95433, 0.95698, 0.94855, 0.95708, 0.94947, 
0.95032, 0.95379, 0.94814, 0.94595, 0.94667, 0.95918, 0.95433, 
0.9506, 0.0147, 0.0164, 0.0166, 0.0169, 0.0379, 0.0406, 0.0197, 
0.023, 0.0511, 0.0592, 0.0306, 40.1, 43.4, 46.7, 47, 257.7, 273.7, 
60.6, 86.7, 320, 342.6, 106.4, 38, 54, 61, 492, 78, 1649, 862, 
1413, 1219, 2178, 167, 25, 11, 1, 5, 8, 2, 2, 1, 1, 1, 12, 100, 
100, 100, 100, 100, 100, 100, 100, 100, 100, 100, 2500, 2500, 
2500, 2500, 2500, 2500, 2500, 2500, 2500, 2500, 2500, 6853.125, 
6564.688, 6911.572, 6746.055, 6951.3, 6865.93000000001, 6841.20499999999, 
6867.17600000001, 7053.969, 7224.357, 7416.95999999999, 1, 1, 
1, 1, 1, 1, 1, 1, 1, 1, 1, 0.11111, 0.11111, 0.11111, 0.11111, 
0.11111, 0.11111, 0.11111, 0.11111, 0.11111, 0.11111, 0.11111, 
0, 0, 0, 0, 0, 0, 0, 0, 0, 0, 0, 0, 0, 0, 0, 0, 0, 0, 0, 0, 0, 
0, 0.93587, 0.95308, 0.9459, 0.94698, 0.94138, 0.94528, 0.94324, 
0.95173, 0.95197, 0.95211, 0.95258, 0.94438, 0.94523, 0.94947, 
0.94687, 0.93826, 0.94814, 0.94865, 0.95429, 0.94954, 0.95216, 
0.95485, 0.0157, 0.0158, 0.0182, 0.0188, 0.0198, 0.0204, 0.0216, 
0.023, 0.0246, 0.0254, 0.0276, 52.9, 55, 57.4, 60.9, 66.2, 69.7, 
73.2, 75.5, 79, 79.9, 80.2, 1, 1, 1, 1, 1, 1, 1, 1, 1, 1, 1, 
1, 1, 1, 1, 1, 1, 1, 1, 1, 1, 1, 1, 1, 1, 1, 1, 1, 1, 1, 1, 1, 
1, 1, 1, 1, 1, 1, 1, 1, 1, 1, 1, 1, 2.713, 2.542, 2.73, 2.765, 
2.715, 2.665, 2.661, 2.689, 2.77, 2.762, 2.929), .Dim = c(11L, 
40L), .Dimnames = list(NULL, c("Sampling", "PSO.cost", "PSO.gamma", 
"PSO.data.balancing", "PSO.feature.selection", "PSO.valid.acc", 
"PSO.test.acc", "PSO.train.time", "PSO.n.support.vectors", "PSO.index", 
"PSO.n.solutions", "PSO.generations", "PSO.n.evaluations", "PSO.cpu.time", 
"RS.cost", "RS.gamma", "RS.data.balancing", "RS.feature.selection", 
"RS.valid.acc", "RS.test.acc", "RS.train.time", "RS.n.support.vectors", 
"RS.index", "RS.n.solutions", "RS.generations", "RS.n.evaluations", 
"RS.cpu.time", "DF.cost", "DF.gamma", "DF.data.balancing", "DF.feature.selection", 
"DF.valid.acc", "DF.test.acc", "DF.train.time", "DF.n.support.vectors", 
"DF.index", "DF.n.solutions", "DF.generations", "DF.n.evaluations", 
"DF.cpu.time")))
