full <-
structure(c(50, 55, 60, 65, 70, 75, 80, 85, 90, 95, 100, 2.97791, 
12.47821, 11.66837, 7.25471, 11.45214, -2, 2.7935, 9.5943, 0.86562, 
-1.30358, 1.35806, -0.34652, -9.66013, -9.07406, -5.04023, -11.61846, 
-10.35756, -4.66175, -8.88284, -3.3872, -11.43787, -3.99337, 
0, 0, 0, 0, 0, 0, 0, 0, 0, 0, 0, 0, 0, 0, 0, 0, 0, 0, 0, 0, 0, 
0, 0.95725, 0.96445, 0.96032, 0.96343, 0.96013, 0.96563, 0.95938, 
0.95949, 0.9615, 0.95696, 0.95684, 0.96141, 0.94073, 0.95675, 
0.9401, 0.95701, 0.96277, 0.95938, 0.94929, 0.9543, 0.95463, 
0.95249, 0.0205, 0.0196, 0.0198, 0.02, 0.0188, 0.0401, 0.0191, 
0.0232, 0.0231, 0.0603, 0.0245, 116.5, 25.2, 28.9, 37, 30.3, 
268.9, 46.4, 40, 70.8, 340.8, 61.8, 55, 14, 21, 322, 25, 1798, 
177, 236, 100, 1090, 290, 632, 758, 502, 134, 547, 2, 286, 180, 
88, 31, 420, 100, 100, 100, 100, 100, 100, 100, 100, 100, 100, 
100, 2500, 2500, 2500, 2500, 2500, 2500, 2500, 2500, 2500, 2500, 
2500, 6605.182, 9213.424, 9208.563, 9139.535, 8827.76599999999, 
8805.25799999999, 8787.609, 9074.75699999998, 8986.11599999998, 
9327.14999999999, 9045.497, 0.60279, 2.13601, 13.56733, 8.90392, 
12.21506, 0.33922, 1.26024, 5.94561, 0.6066, 0.29357, 1.48614, 
-0.48338, -14.29831, -9.99858, -5.87389, -12.3018, -12.71807, 
-13.73415, -6.95171, -3.2462, -13.05403, -4.12784, 0, 0, 0, 0, 
0, 0, 0, 0, 0, 0, 0, 0, 0, 0, 0, 0, 0, 0, 0, 0, 0, 0, 0.95725, 
0.96877, 0.96032, 0.96343, 0.96013, 0.96563, 0.96478, 0.95949, 
0.9615, 0.95696, 0.95684, 0.95725, 0.96108, 0.95675, 0.93999, 
0.95701, 0.96277, 0.95938, 0.94929, 0.9543, 0.95463, 0.95249, 
0.0201, 0.0287, 0.0223, 0.0213, 0.0177, 0.043, 0.0431, 0.0225, 
0.0253, 0.0609, 0.0255, 114.3, 201.7, 28.8, 35.6, 30.4, 268.9, 
286.5, 40.7, 75.5, 341, 60.1, 34, 2036, 93, 1129, 578, 301, 1118, 
74, 601, 418, 1402, 32, 1, 39, 2, 12, 1, 1, 12, 7, 3, 1, 100, 
100, 100, 100, 100, 100, 100, 100, 100, 100, 100, 2500, 2500, 
2500, 2500, 2500, 2500, 2500, 2500, 2500, 2500, 2500, 7434.228, 
9219.407, 9254.089, 9232.55, 8799.37100000001, 8977.02799999999, 
9081.61199999999, 9245.88400000002, 9169.38999999998, 9483.495, 
9387.492, 1, 1, 1, 1, 1, 1, 1, 1, 1, 1, 1, 0.11111, 0.11111, 
0.11111, 0.11111, 0.11111, 0.11111, 0.11111, 0.11111, 0.11111, 
0.11111, 0.11111, 0, 0, 0, 0, 0, 0, 0, 0, 0, 0, 0, 0, 0, 0, 0, 
0, 0, 0, 0, 0, 0, 0, 0.94438, 0.94874, 0.95304, 0.95988, 0.95076, 
0.95403, 0.95667, 0.95179, 0.95668, 0.95246, 0.94828, 0.94438, 
0.94874, 0.94947, 0.95665, 0.95701, 0.95412, 0.95667, 0.95686, 
0.95424, 0.95019, 0.95258, 0.017, 0.0178, 0.0188, 0.02, 0.021, 
0.0223, 0.0241, 0.0243, 0.0256, 0.0276, 0.0275, 49.5, 50.9, 55.2, 
58.2, 64.4, 66.9, 69.7, 76.6, 77.9, 79.3, 81.4, 1, 1, 1, 1, 1, 
1, 1, 1, 1, 1, 1, 1, 1, 1, 1, 1, 1, 1, 1, 1, 1, 1, 1, 1, 1, 1, 
1, 1, 1, 1, 1, 1, 1, 1, 1, 1, 1, 1, 1, 1, 1, 1, 1, 1, 3.588, 
3.661, 3.64, 3.634, 3.664, 3.577, 3.721, 3.695, 3.584, 3.777, 
3.588), .Dim = c(11L, 40L), .Dimnames = list(NULL, c("Sampling", 
"PSO.cost", "PSO.gamma", "PSO.data.balancing", "PSO.feature.selection", 
"PSO.valid.acc", "PSO.test.acc", "PSO.train.time", "PSO.n.support.vectors", 
"PSO.index", "PSO.n.solutions", "PSO.generations", "PSO.n.evaluations", 
"PSO.cpu.time", "RS.cost", "RS.gamma", "RS.data.balancing", "RS.feature.selection", 
"RS.valid.acc", "RS.test.acc", "RS.train.time", "RS.n.support.vectors", 
"RS.index", "RS.n.solutions", "RS.generations", "RS.n.evaluations", 
"RS.cpu.time", "DF.cost", "DF.gamma", "DF.data.balancing", "DF.feature.selection", 
"DF.valid.acc", "DF.test.acc", "DF.train.time", "DF.n.support.vectors", 
"DF.index", "DF.n.solutions", "DF.generations", "DF.n.evaluations", 
"DF.cpu.time")))
