full <-
structure(c(50, 55, 60, 65, 70, 75, 80, 85, 90, 95, 100, -0.56346, 
0.035, 0.06279, -0.73504, 1.24609, -1.10798, 1.57733, 9.59881, 
2.26688, 2.14554, -1.59635, -5.20779, -2.5376, -2.54309, -5.67338, 
-2.64417, -4.7655, -4.1068, -9.11632, -14.99971, -15, -3.72911, 
0, 0, 0, 0, 0, 0, 0, 0, 0, 0, 0, 0, 0, 0, 0, 0, 0, 0, 0, 0, 0, 
0, 0.96576, 0.96077, 0.96019, 0.96309, 0.96297, 0.95369, 0.95945, 
0.96198, 0.95911, 0.95221, 0.95495, 0.96141, 0.96077, 0.94934, 
0.95664, 0.95681, 0.94201, 0.95397, 0.95179, 0.95673, 0.9567, 
0.95282, 0.014, 0.016, 0.0174, 0.017, 0.0189, 0.018, 0.0199, 
0.0213, 0.0504, 0.056, 0.025, 43.8, 65.3, 73.5, 58.5, 71.1, 62.7, 
49.6, 39.6, 324.8, 342.6, 81.1, 87, 549, 521, 85, 1243, 213, 
190, 38, 1116, 1527, 108, 486, 358, 756, 884, 73, 569, 1017, 
367, 44, 24, 1179, 100, 100, 100, 100, 100, 100, 100, 100, 100, 
100, 100, 2500, 2500, 2500, 2500, 2500, 2500, 2500, 2500, 2500, 
2500, 2500, 5937.941, 5962.036, 5943.589, 5888.247, 5983.572, 
6493.393, 6359.98999999999, 6479.92599999999, 6582.91800000001, 
6693.118, 6582.072, 0.25331, 0.10348, -0.07948, -1.03973, 0.36161, 
-1.5658, 0.72467, 7.77971, -1.39452, 0.88423, -0.23021, -2.6774, 
-2.51281, -2.4686, -5.00413, -1.97353, -4.54852, -4.20007, -8.30363, 
-11.32951, -3.26693, -12.50033, 0, 0, 0, 0, 0, 0, 0, 0, 0, 0, 
0, 0, 0, 0, 0, 0, 0, 0, 0, 0, 0, 0, 0.96594, 0.96077, 0.96019, 
0.96309, 0.95994, 0.95369, 0.95945, 0.96198, 0.95911, 0.95443, 
0.95707, 0.95725, 0.95292, 0.94934, 0.95986, 0.95066, 0.94789, 
0.95667, 0.95179, 0.95673, 0.94528, 0.95495, 0.0155, 0.0158, 
0.0179, 0.0158, 0.0235, 0.0196, 0.0182, 0.0195, 0.0512, 0.0238, 
0.0622, 56.4, 65.6, 75.4, 57.3, 100.6, 68.3, 50.6, 39.9, 324.9, 
76.2, 360.1, 260, 259, 1433, 185, 676, 1376, 135, 14, 1939, 1303, 
46, 1, 1, 2, 5, 6, 2, 13, 45, 1, 1, 2, 100, 100, 100, 100, 100, 
100, 100, 100, 100, 100, 100, 2500, 2500, 2500, 2500, 2500, 2500, 
2500, 2500, 2500, 2500, 2500, 5988.191, 6023.987, 6053.821, 6008.732, 
6510.254, 6604.49099999999, 6731.326, 6508.499, 6626.48699999999, 
6656.32400000001, 7047.997, 1, 1, 1, 1, 1, 1, 1, 1, 1, 1, 1, 
0.11111, 0.11111, 0.11111, 0.11111, 0.11111, 0.11111, 0.11111, 
0.11111, 0.11111, 0.11111, 0.11111, 0, 0, 0, 0, 0, 0, 0, 0, 0, 
0, 0, 0, 0, 0, 0, 0, 0, 0, 0, 0, 0, 0, 0.95725, 0.95292, 0.95291, 
0.95641, 0.95672, 0.94781, 0.95682, 0.95948, 0.95179, 0.9475, 
0.94852, 0.95725, 0.96077, 0.94563, 0.95664, 0.95672, 0.95075, 
0.95412, 0.94929, 0.95185, 0.9475, 0.95282, 0.0144, 0.0147, 0.0165, 
0.0177, 0.0191, 0.0189, 0.0217, 0.0207, 0.0233, 0.0241, 0.0263, 
49.6, 53.3, 58.9, 61.2, 65.2, 64.4, 69.7, 72.4, 76.5, 79.8, 80.7, 
1, 1, 1, 1, 1, 1, 1, 1, 1, 1, 1, 1, 1, 1, 1, 1, 1, 1, 1, 1, 1, 
1, 1, 1, 1, 1, 1, 1, 1, 1, 1, 1, 1, 1, 1, 1, 1, 1, 1, 1, 1, 1, 
1, 1, 2.31, 2.245, 2.359, 2.388, 2.555, 2.428, 2.695, 2.424, 
2.538, 2.546, 2.675), .Dim = c(11L, 40L), .Dimnames = list(NULL, 
    c("Sampling", "PSO.cost", "PSO.gamma", "PSO.data.balancing", 
    "PSO.feature.selection", "PSO.valid.acc", "PSO.test.acc", 
    "PSO.train.time", "PSO.n.support.vectors", "PSO.index", "PSO.n.solutions", 
    "PSO.generations", "PSO.n.evaluations", "PSO.cpu.time", "RS.cost", 
    "RS.gamma", "RS.data.balancing", "RS.feature.selection", 
    "RS.valid.acc", "RS.test.acc", "RS.train.time", "RS.n.support.vectors", 
    "RS.index", "RS.n.solutions", "RS.generations", "RS.n.evaluations", 
    "RS.cpu.time", "DF.cost", "DF.gamma", "DF.data.balancing", 
    "DF.feature.selection", "DF.valid.acc", "DF.test.acc", "DF.train.time", 
    "DF.n.support.vectors", "DF.index", "DF.n.solutions", "DF.generations", 
    "DF.n.evaluations", "DF.cpu.time")))
