full <-
structure(c(50, 55, 60, 65, 70, 75, 80, 85, 90, 95, 100, 0.38578, 
-1.21604, -1.58992, -0.62876, 10.70824, -2, -0.41623, 1.42707, 
0.81992, 0.13621, 1, -6.80939, -4.58365, -10.25992, -11.36892, 
-9.46059, -4.39497, -12.41373, -14.10283, -13.76793, -2.83312, 
0.11111, 0, 0, 0, 0, 0, 0, 0, 0, 0, 0, 0, 0, 0, 0, 0, 0, 0, 0, 
0, 0, 0, 0, 0.96975, 0.97262, 0.96429, 0.96688, 0.96922, 0.95689, 
0.95959, 0.96192, 0.96172, 0.95671, 0.95897, 0.96975, 0.96862, 
0.95714, 0.96688, 0.96316, 0.95395, 0.95974, 0.95942, 0.96172, 
0.95439, 0.95467, 0.015, 0.0145, 0.0287, 0.0328, 0.0173, 0.0215, 
0.0455, 0.0499, 0.0546, 0.0282, 0.0257, 47.1, 48.3, 208.3, 227.2, 
26.7, 73.8, 292.9, 308.8, 328.2, 91.4, 80, 59, 987, 1285, 727, 
241, 59, 1311, 536, 1191, 5, 1, 586, 151, 36, 61, 179, 788, 4, 
32, 10, 470, 149, 100, 100, 100, 100, 100, 100, 100, 100, 100, 
100, 100, 2500, 2500, 2500, 2500, 2500, 2500, 2500, 2500, 2500, 
2500, 2500, 6446.565, 6403.05, 6672.466, 6692.275, 6444.599, 
6573.85999999999, 6953.75200000001, 7510.985, 7326.67199999999, 
7293.69499999999, 7378.481, -0.93557, 1.94594, 2.35879, 0.99195, 
9.59895, -0.62851, 1.65211, 0.80199, 1.69649, 0.5147, 0.62662, 
-4.63157, -13.89151, -14.10908, -13.00429, -8.93785, -5.20517, 
-14.46212, -13.45913, -14.63858, -2.9817, -13.50755, 0, 0, 0, 
0, 0, 0, 0, 0, 0, 0, 0, 0, 0, 0, 0, 0, 0, 0, 0, 0, 0, 0, 0.96975, 
0.97246, 0.96071, 0.96688, 0.96922, 0.95689, 0.95952, 0.95942, 
0.96172, 0.95671, 0.95907, 0.96975, 0.96077, 0.96071, 0.96688, 
0.96004, 0.95395, 0.95974, 0.95686, 0.96172, 0.95671, 0.95907, 
0.015, 0.0257, 0.0288, 0.0315, 0.0164, 0.0188, 0.0455, 0.0502, 
0.0552, 0.0267, 0.0655, 44.6, 198.4, 208.3, 227.2, 26.7, 58.9, 
292.8, 308.8, 328.2, 84.2, 360, 62, 459, 783, 992, 138, 632, 
1049, 588, 1052, 145, 1724, 53, 3, 14, 2, 3, 4, 1, 2, 1, 20, 
1, 100, 100, 100, 100, 100, 100, 100, 100, 100, 100, 100, 2500, 
2500, 2500, 2500, 2500, 2500, 2500, 2500, 2500, 2500, 2500, 6486.233, 
6461.711, 6542.85, 6601.781, 6578.11700000001, 6770.28200000001, 
6937.842, 7276.454, 7429.45000000001, 7451.26199999999, 7429.03400000001, 
1, 1, 1, 1, 1, 1, 1, 1, 1, 1, 1, 0.11111, 0.11111, 0.11111, 0.11111, 
0.11111, 0.11111, 0.11111, 0.11111, 0.11111, 0.11111, 0.11111, 
0, 0, 0, 0, 0, 0, 0, 0, 0, 0, 0, 0, 0, 0, 0, 0, 0, 0, 0, 0, 0, 
0, 0.95216, 0.96108, 0.94987, 0.95021, 0.96004, 0.94824, 0.94834, 
0.95436, 0.95452, 0.95444, 0.95897, 0.9567, 0.95308, 0.94246, 
0.95365, 0.96004, 0.95101, 0.94834, 0.94923, 0.94987, 0.95671, 
0.95467, 0.0153, 0.0155, 0.0165, 0.0169, 0.0177, 0.0205, 0.0207, 
0.0231, 0.0239, 0.0258, 0.0275, 44.4, 46.8, 50.4, 53.1, 53.8, 
62.6, 67, 69.7, 77.6, 80.2, 80, 1, 1, 1, 1, 1, 1, 1, 1, 1, 1, 
1, 1, 1, 1, 1, 1, 1, 1, 1, 1, 1, 1, 1, 1, 1, 1, 1, 1, 1, 1, 1, 
1, 1, 1, 1, 1, 1, 1, 1, 1, 1, 1, 1, 1, 2.554, 2.5, 2.594, 2.595, 
2.584, 2.659, 2.847, 2.818, 2.901, 2.869, 2.852), .Dim = c(11L, 
40L), .Dimnames = list(NULL, c("Sampling", "PSO.cost", "PSO.gamma", 
"PSO.data.balancing", "PSO.feature.selection", "PSO.valid.acc", 
"PSO.test.acc", "PSO.train.time", "PSO.n.support.vectors", "PSO.index", 
"PSO.n.solutions", "PSO.generations", "PSO.n.evaluations", "PSO.cpu.time", 
"RS.cost", "RS.gamma", "RS.data.balancing", "RS.feature.selection", 
"RS.valid.acc", "RS.test.acc", "RS.train.time", "RS.n.support.vectors", 
"RS.index", "RS.n.solutions", "RS.generations", "RS.n.evaluations", 
"RS.cpu.time", "DF.cost", "DF.gamma", "DF.data.balancing", "DF.feature.selection", 
"DF.valid.acc", "DF.test.acc", "DF.train.time", "DF.n.support.vectors", 
"DF.index", "DF.n.solutions", "DF.generations", "DF.n.evaluations", 
"DF.cpu.time")))
