full <-
structure(c(50, 55, 60, 65, 70, 75, 80, 85, 90, 95, 100, -2, 
2.04244, 1.72245, 1.92564, 2.93406, 2.26183, 0.17038, 1.13083, 
-0.99882, 1, -0.42101, -9.37899, -2.79553, -5.34567, -2.58051, 
-2.88495, -14.49336, -3.95358, -3.40649, -11.83674, 0.11111, 
-3.26471, 0, 0, 0, 0, 0, 0, 0, 0, 0, 0, 0, 0, 0, 0, 0, 0, 0, 
0, 0, 0, 0, 0, 0.96993, 0.96477, 0.96757, 0.97009, 0.97509, 0.95941, 
0.95945, 0.95929, 0.95645, 0.95676, 0.95689, 0.96993, 0.96477, 
0.95723, 0.96343, 0.96259, 0.95084, 0.95675, 0.95417, 0.94686, 
0.94983, 0.95254, 0.0217, 0.015, 0.0143, 0.0174, 0.0203, 0.038, 
0.0215, 0.0232, 0.0551, 0.0269, 0.0285, 171.6, 49.8, 35.2, 58.8, 
53.8, 262.7, 56.4, 60.3, 329.6, 74.2, 80.1, 459, 190, 146, 1930, 
949, 398, 516, 1382, 370, 1, 272, 65, 700, 789, 25, 288, 80, 
326, 30, 37, 29, 80, 100, 100, 100, 100, 100, 100, 100, 100, 
100, 100, 100, 2500, 2500, 2500, 2500, 2500, 2500, 2500, 2500, 
2500, 2500, 2500, 6069.398, 6062.028, 6025.534, 6145.33, 8306.384, 
8807.54300000001, 8492.44, 8649.943, 9163.79999999999, 9363.36799999999, 
9212.603, 2.91735, 1.44466, 0.2124, 2.02106, 3.06094, 0.5163, 
1.09605, 1.21131, 1.1019, 1.23218, 0.02042, -14.35693, -3.05682, 
-2.93271, -2.67971, -3.45756, -12.76736, -5.17559, -3.52121, 
-14.0051, -14.33066, -12.87556, 0, 0, 0, 0, 0, 0, 0, 0, 0, 0, 
0, 0, 0, 0, 0, 0, 0, 0, 0, 0, 0, 0, 0.96993, 0.96477, 0.96413, 
0.96687, 0.96903, 0.9537, 0.95945, 0.95929, 0.95401, 0.95903, 
0.95906, 0.96993, 0.96477, 0.96068, 0.96343, 0.96269, 0.94513, 
0.95412, 0.95417, 0.94681, 0.95216, 0.95263, 0.0219, 0.0152, 
0.0161, 0.0171, 0.0203, 0.0406, 0.0209, 0.0229, 0.0556, 0.061, 
0.0658, 171.5, 47.3, 56.6, 54.2, 45.3, 262.7, 49.5, 58.3, 329.6, 
348.8, 360.2, 124, 439, 84, 1198, 348, 93, 549, 252, 1281, 1725, 
1395, 3, 4, 23, 1, 1, 1, 5, 8, 1, 1, 1, 100, 100, 100, 100, 100, 
100, 100, 100, 100, 100, 100, 2500, 2500, 2500, 2500, 2500, 2500, 
2500, 2500, 2500, 2500, 2500, 6078.587, 6107.228, 6218.758, 6281.769, 
8605.719, 8685.962, 8678.295, 8890.151, 9302.22399999999, 9453.41900000002, 
9524.79799999998, 1, 1, 1, 1, 1, 1, 1, 1, 1, 1, 1, 0.11111, 0.11111, 
0.11111, 0.11111, 0.11111, 0.11111, 0.11111, 0.11111, 0.11111, 
0.11111, 0.11111, 0, 0, 0, 0, 0, 0, 0, 0, 0, 0, 0, 0, 0, 0, 0, 
0, 0, 0, 0, 0, 0, 0, 0.96141, 0.95323, 0.95685, 0.96021, 0.95966, 
0.93345, 0.95675, 0.9491, 0.94925, 0.95676, 0.95259, 0.96141, 
0.95323, 0.96068, 0.95698, 0.95341, 0.94496, 0.95675, 0.95417, 
0.94686, 0.94983, 0.95254, 0.0142, 0.0152, 0.0161, 0.0169, 0.0204, 
0.0216, 0.0227, 0.0234, 0.0262, 0.0271, 0.0293, 44.9, 48.6, 52.4, 
55.1, 60.2, 66.3, 66.8, 67.2, 72.5, 74.2, 82.6, 1, 1, 1, 1, 1, 
1, 1, 1, 1, 1, 1, 1, 1, 1, 1, 1, 1, 1, 1, 1, 1, 1, 1, 1, 1, 1, 
1, 1, 1, 1, 1, 1, 1, 1, 1, 1, 1, 1, 1, 1, 1, 1, 1, 1, 2.4, 2.484, 
2.419, 2.468, 3.357, 3.358, 3.421, 3.457, 3.645, 3.623, 3.674
), .Dim = c(11L, 40L), .Dimnames = list(NULL, c("Sampling", "PSO.cost", 
"PSO.gamma", "PSO.data.balancing", "PSO.feature.selection", "PSO.valid.acc", 
"PSO.test.acc", "PSO.train.time", "PSO.n.support.vectors", "PSO.index", 
"PSO.n.solutions", "PSO.generations", "PSO.n.evaluations", "PSO.cpu.time", 
"RS.cost", "RS.gamma", "RS.data.balancing", "RS.feature.selection", 
"RS.valid.acc", "RS.test.acc", "RS.train.time", "RS.n.support.vectors", 
"RS.index", "RS.n.solutions", "RS.generations", "RS.n.evaluations", 
"RS.cpu.time", "DF.cost", "DF.gamma", "DF.data.balancing", "DF.feature.selection", 
"DF.valid.acc", "DF.test.acc", "DF.train.time", "DF.n.support.vectors", 
"DF.index", "DF.n.solutions", "DF.generations", "DF.n.evaluations", 
"DF.cpu.time")))
