full <-
structure(c(50, 55, 60, 65, 70, 75, 80, 85, 90, 95, 100, -1.59209, 
3.48356, 0.92574, 5.52665, 2.90789, 0.42613, -0.94107, 6.82831, 
4.92695, -1.21538, -0.33197, -9.79499, -15, -2.87508, -0.86448, 
-14.91648, -2.69612, -11.04816, -6.42164, -5.89622, -11.34284, 
-12.52036, 0, 0, 0, 0, 0, 0, 0, 0, 0, 0, 0, 0, 0, 0, 0, 0, 0, 
0, 0, 0, 0, 0, 0.95707, 0.95706, 0.95701, 0.95687, 0.96278, 0.95387, 
0.96486, 0.96436, 0.9662, 0.9612, 0.95897, 0.95272, 0.94922, 
0.9496, 0.95032, 0.95653, 0.9595, 0.96215, 0.95423, 0.95163, 
0.95427, 0.95254, 0.0227, 0.0247, 0.0177, 0.026, 0.0327, 0.0202, 
0.0419, 0.0192, 0.0197, 0.0583, 0.0641, 173, 187.5, 68.9, 142.2, 
243.5, 82.6, 270.8, 43, 44.4, 331.2, 360, 568, 373, 627, 377, 
639, 376, 313, 199, 118, 638, 1034, 45, 68, 306, 904, 55, 205, 
48, 115, 313, 72, 15, 100, 100, 100, 100, 100, 100, 100, 100, 
100, 100, 100, 2500, 2500, 2500, 2500, 2500, 2500, 2500, 2500, 
2500, 2500, 2500, 6346.389, 6238.789, 6090.689, 6230.232, 6377.473, 
6048.343, 6306.868, 6159.511, 6052.75999999999, 6938.5, 6817.325, 
3.45788, 2.96485, 1.06982, 2.90345, 1.65929, -0.16876, 0.72706, 
9.34503, 4.62481, -1.64376, 1.7616, -14.97207, -14.49576, -2.99966, 
-14.58212, -13.6537, -11.94926, -2.32705, -7.73939, -5.77652, 
-10.90093, -14.5875, 0, 0, 0, 0, 0, 0, 0, 0, 0, 0, 0, 0, 0, 0, 
0, 0, 0, 0, 0, 0, 0, 0, 0.9529, 0.95306, 0.95701, 0.95698, 0.96278, 
0.95647, 0.9623, 0.96436, 0.9662, 0.9612, 0.9568, 0.94873, 0.94522, 
0.9496, 0.95698, 0.95653, 0.95941, 0.9569, 0.95423, 0.95401, 
0.95427, 0.95254, 0.0224, 0.0254, 0.0168, 0.0296, 0.0348, 0.0369, 
0.0228, 0.0207, 0.0194, 0.0588, 0.0609, 173, 187.5, 66.8, 221, 
243.5, 259.3, 97.1, 41, 44.2, 331.2, 360, 306, 60, 2431, 7, 67, 
107, 1472, 423, 545, 451, 700, 3, 5, 1, 4, 1, 1, 1, 14, 7, 3, 
1, 100, 100, 100, 100, 100, 100, 100, 100, 100, 100, 100, 2500, 
2500, 2500, 2500, 2500, 2500, 2500, 2500, 2500, 2500, 2500, 6150.233, 
6172.896, 6141.083, 6251.612, 6260.926, 6264.07900000001, 6279.393, 
6322.98, 6286.89200000001, 6716.671, 6581.13400000002, 1, 1, 
1, 1, 1, 1, 1, 1, 1, 1, 1, 0.11111, 0.11111, 0.11111, 0.11111, 
0.11111, 0.11111, 0.11111, 0.11111, 0.11111, 0.11111, 0.11111, 
0, 0, 0, 0, 0, 0, 0, 0, 0, 0, 0, 0, 0, 0, 0, 0, 0, 0, 0, 0, 0, 
0, 0.93533, 0.94568, 0.94233, 0.94699, 0.93807, 0.95084, 0.95412, 
0.95667, 0.95894, 0.94967, 0.94801, 0.93116, 0.94168, 0.93862, 
0.94354, 0.94422, 0.95084, 0.95419, 0.95673, 0.95889, 0.94968, 
0.94588, 0.014, 0.0165, 0.0163, 0.0179, 0.0182, 0.02, 0.0196, 
0.0206, 0.0234, 0.0249, 0.0278, 55.1, 59.6, 64.9, 63.1, 65.5, 
69, 71.3, 68.7, 72.1, 77.1, 82.9, 1, 1, 1, 1, 1, 1, 1, 1, 1, 
1, 1, 1, 1, 1, 1, 1, 1, 1, 1, 1, 1, 1, 1, 1, 1, 1, 1, 1, 1, 1, 
1, 1, 1, 1, 1, 1, 1, 1, 1, 1, 1, 1, 1, 1, 2.303, 2.492, 2.34, 
2.517, 2.377, 2.483, 2.334, 2.342, 2.561, 2.575, 2.661), .Dim = c(11L, 
40L), .Dimnames = list(NULL, c("Sampling", "PSO.cost", "PSO.gamma", 
"PSO.data.balancing", "PSO.feature.selection", "PSO.valid.acc", 
"PSO.test.acc", "PSO.train.time", "PSO.n.support.vectors", "PSO.index", 
"PSO.n.solutions", "PSO.generations", "PSO.n.evaluations", "PSO.cpu.time", 
"RS.cost", "RS.gamma", "RS.data.balancing", "RS.feature.selection", 
"RS.valid.acc", "RS.test.acc", "RS.train.time", "RS.n.support.vectors", 
"RS.index", "RS.n.solutions", "RS.generations", "RS.n.evaluations", 
"RS.cpu.time", "DF.cost", "DF.gamma", "DF.data.balancing", "DF.feature.selection", 
"DF.valid.acc", "DF.test.acc", "DF.train.time", "DF.n.support.vectors", 
"DF.index", "DF.n.solutions", "DF.generations", "DF.n.evaluations", 
"DF.cpu.time")))
