full <-
structure(c(50, 55, 60, 65, 70, 75, 80, 85, 90, 95, 100, 7.99105, 
3.97224, 0.00671, -2, -0.79282, -0.0482, -2, 4.58625, 1.78548, 
4.15259, 0.25378, -13.06668, -10.62996, -5.84371, -9.84133, -11.25976, 
-12.07611, -10.27303, -8.64653, -14.51106, -5.54675, -3.80854, 
0, 0, 0, 0, 0, 0, 0, 0, 0, 0, 0, 0, 0, 0, 0, 0, 0, 0, 0, 0, 0, 
0, 0.96957, 0.96491, 0.96402, 0.96677, 0.9661, 0.96251, 0.96493, 
0.95667, 0.95918, 0.95427, 0.95907, 0.96957, 0.96491, 0.96402, 
0.96011, 0.9661, 0.96251, 0.96215, 0.95917, 0.95679, 0.95194, 
0.95472, 0.0161, 0.0168, 0.0161, 0.0321, 0.0361, 0.0369, 0.0448, 
0.0206, 0.0545, 0.0242, 0.026, 35.5, 57, 50.4, 225.9, 243.3, 
261, 280, 49.7, 323.4, 50.6, 67.8, 2, 38, 344, 78, 91, 209, 1015, 
26, 380, 113, 245, 1403, 367, 136, 66, 43, 46, 30, 566, 64, 433, 
295, 100, 100, 100, 100, 100, 100, 100, 100, 100, 100, 100, 2500, 
2500, 2500, 2500, 2500, 2500, 2500, 2500, 2500, 2500, 2500, 6872.194, 
6936.778, 6839.195, 6800.947, 6818.38, 6987.845, 6913.7, 6770.887, 
7304.588, 7208.06199999999, 7283.22199999998, 4.05073, 7.91005, 
-0.16734, -0.42985, 0.10251, 0.65017, -1.00548, 10.02763, -1.15784, 
3.60961, -0.93445, -8.2942, -14.60188, -5.55123, -11.46089, -12.19021, 
-12.78955, -11.23924, -14.13923, -11.56259, -5.34965, -11.94791, 
0, 0, 0, 0, 0, 0, 0, 0, 0, 0, 0, 0, 0, 0, 0, 0, 0, 0, 0, 0, 0, 
0, 0.96957, 0.96491, 0.96402, 0.96677, 0.9661, 0.96251, 0.95952, 
0.95667, 0.95918, 0.95427, 0.95907, 0.96957, 0.96491, 0.96402, 
0.96011, 0.9661, 0.96251, 0.95674, 0.95667, 0.95679, 0.95194, 
0.95694, 0.0143, 0.017, 0.0168, 0.0303, 0.0353, 0.0397, 0.0404, 
0.0202, 0.0554, 0.0228, 0.0661, 30.8, 57.4, 50.1, 225.7, 243.3, 
261, 280.1, 49.7, 323.5, 51.5, 360, 2, 36, 511, 674, 546, 89, 
12, 70, 2440, 166, 747, 407, 41, 3, 2, 4, 1, 2, 81, 1, 3, 3, 
100, 100, 100, 100, 100, 100, 100, 100, 100, 100, 100, 2500, 
2500, 2500, 2500, 2500, 2500, 2500, 2500, 2500, 2500, 2500, 6848.014, 
6954.111, 6891.773, 6777.55100000001, 6792.645, 6947.53999999999, 
6942.357, 7265.85800000001, 7432.697, 7495.12600000002, 7627.337, 
1, 1, 1, 1, 1, 1, 1, 1, 1, 1, 1, 0.11111, 0.11111, 0.11111, 0.11111, 
0.11111, 0.11111, 0.11111, 0.11111, 0.11111, 0.11111, 0.11111, 
0, 0, 0, 0, 0, 0, 0, 0, 0, 0, 0, 0, 0, 0, 0, 0, 0, 0, 0, 0, 0, 
0, 0.96522, 0.95241, 0.94974, 0.95344, 0.96297, 0.95082, 0.95126, 
0.94647, 0.94715, 0.94962, 0.95264, 0.96522, 0.95241, 0.95331, 
0.95011, 0.95379, 0.95082, 0.95134, 0.94135, 0.94959, 0.94957, 
0.94824, 0.0147, 0.0171, 0.0173, 0.0176, 0.0188, 0.0206, 0.0215, 
0.0239, 0.0247, 0.0253, 0.0276, 42.7, 51.8, 53.2, 56.8, 57.2, 
65.7, 69, 76.8, 76.9, 78.8, 80.3, 1, 1, 1, 1, 1, 1, 1, 1, 1, 
1, 1, 1, 1, 1, 1, 1, 1, 1, 1, 1, 1, 1, 1, 1, 1, 1, 1, 1, 1, 1, 
1, 1, 1, 1, 1, 1, 1, 1, 1, 1, 1, 1, 1, 1, 2.717, 2.792, 2.747, 
2.613, 2.769, 2.778, 2.596, 2.879, 2.889, 2.905, 2.894), .Dim = c(11L, 
40L), .Dimnames = list(NULL, c("Sampling", "PSO.cost", "PSO.gamma", 
"PSO.data.balancing", "PSO.feature.selection", "PSO.valid.acc", 
"PSO.test.acc", "PSO.train.time", "PSO.n.support.vectors", "PSO.index", 
"PSO.n.solutions", "PSO.generations", "PSO.n.evaluations", "PSO.cpu.time", 
"RS.cost", "RS.gamma", "RS.data.balancing", "RS.feature.selection", 
"RS.valid.acc", "RS.test.acc", "RS.train.time", "RS.n.support.vectors", 
"RS.index", "RS.n.solutions", "RS.generations", "RS.n.evaluations", 
"RS.cpu.time", "DF.cost", "DF.gamma", "DF.data.balancing", "DF.feature.selection", 
"DF.valid.acc", "DF.test.acc", "DF.train.time", "DF.n.support.vectors", 
"DF.index", "DF.n.solutions", "DF.generations", "DF.n.evaluations", 
"DF.cpu.time")))
