full <-
structure(c(50, 55, 60, 65, 70, 75, 80, 85, 90, 95, 100, 1.47143, 
-0.7667, 0.39004, -0.58283, 1.76212, -2, 2.90003, 3.0713, -1.71427, 
-1.49851, 0.44873, -2.95881, -11.36816, -12.69989, -11.85044, 
-4.61373, -10.48403, -4.51221, -8.52283, -10.84068, -4.61456, 
-13.31204, 0, 0, 0, 0, 0, 0, 0, 0, 0, 0, 0, 0, 0, 0, 0, 0, 0, 
0, 0, 0, 0, 0, 0.97446, 0.97228, 0.97116, 0.96699, 0.9661, 0.96521, 
0.95426, 0.9516, 0.95679, 0.95666, 0.95902, 0.97011, 0.96827, 
0.97116, 0.96366, 0.95682, 0.95647, 0.94885, 0.94147, 0.95441, 
0.95211, 0.95467, 0.0156, 0.0263, 0.0277, 0.0309, 0.0157, 0.0375, 
0.0186, 0.0191, 0.0543, 0.0249, 0.0657, 44.3, 201.6, 219.2, 238.4, 
38, 270.4, 48.5, 58.7, 318.5, 77.7, 360.1, 50, 83, 387, 636, 
313, 1301, 506, 32, 279, 1635, 231, 700, 43, 31, 37, 198, 25, 
312, 418, 56, 67, 85, 100, 100, 100, 100, 100, 100, 100, 100, 
100, 100, 100, 2500, 2500, 2500, 2500, 2500, 2500, 2500, 2500, 
2500, 2500, 2500, 6240.83, 6337.132, 6036.194, 6000.012, 6003.514, 
6130.397, 6154.151, 6509.455, 6930.129, 6809.63100000001, 7442.40999999999, 
1.7372, -1.44277, -1.48491, -0.81548, 1.47583, -1.51015, 1.11876, 
9.61351, 1.7258, -1.12937, -1.81455, -2.74627, -10.72783, -10.84802, 
-4.39331, -4.391, -10.98752, -13.86228, -13.39699, -14.30717, 
-11.59005, -11.08688, 0, 0, 0, 0, 0, 0, 0, 0, 0, 0, 0, 0, 0, 
0, 0, 0, 0, 0, 0, 0, 0, 0, 0.97446, 0.97228, 0.96759, 0.96677, 
0.9661, 0.96521, 0.95163, 0.95166, 0.95679, 0.95666, 0.95902, 
0.97011, 0.96827, 0.96058, 0.96344, 0.95682, 0.95647, 0.949, 
0.94403, 0.95441, 0.94979, 0.95032, 0.0157, 0.0262, 0.0278, 0.0159, 
0.0153, 0.0385, 0.041, 0.0196, 0.054, 0.0595, 0.0663, 47.7, 201.6, 
219.2, 49.2, 39, 270.4, 292.9, 47.9, 318.5, 337.7, 360, 677, 
562, 977, 9, 333, 564, 1517, 500, 1506, 797, 437, 4, 3, 3, 34, 
2, 1, 1, 5, 2, 1, 3, 100, 100, 100, 100, 100, 100, 100, 100, 
100, 100, 100, 2500, 2500, 2500, 2500, 2500, 2500, 2500, 2500, 
2500, 2500, 2500, 6309.017, 6264.853, 6034.306, 6079.497, 6171.221, 
6223.477, 6352.01000000001, 6800.064, 6951.444, 7050.36200000001, 
7094.03599999999, 1, 1, 1, 1, 1, 1, 1, 1, 1, 1, 1, 0.11111, 0.11111, 
0.11111, 0.11111, 0.11111, 0.11111, 0.11111, 0.11111, 0.11111, 
0.11111, 0.11111, 0, 0, 0, 0, 0, 0, 0, 0, 0, 0, 0, 0, 0, 0, 0, 
0, 0, 0, 0, 0, 0, 0, 0.97011, 0.96859, 0.9672, 0.95688, 0.95994, 
0.95361, 0.95148, 0.9466, 0.94953, 0.95211, 0.95036, 0.96159, 
0.96042, 0.9672, 0.96011, 0.95985, 0.9537, 0.95148, 0.94666, 
0.94953, 0.95439, 0.95684, 0.0145, 0.0153, 0.0154, 0.0165, 0.0172, 
0.0194, 0.0196, 0.0226, 0.0238, 0.0249, 0.0267, 44.2, 46.2, 49.1, 
53.5, 58.9, 65.7, 70.8, 71.9, 72.4, 75.6, 80.3, 1, 1, 1, 1, 1, 
1, 1, 1, 1, 1, 1, 1, 1, 1, 1, 1, 1, 1, 1, 1, 1, 1, 1, 1, 1, 1, 
1, 1, 1, 1, 1, 1, 1, 1, 1, 1, 1, 1, 1, 1, 1, 1, 1, 1, 2.468, 
2.47, 2.365, 2.408, 2.334, 2.549, 2.423, 2.691, 2.714, 2.699, 
2.701), .Dim = c(11L, 40L), .Dimnames = list(NULL, c("Sampling", 
"PSO.cost", "PSO.gamma", "PSO.data.balancing", "PSO.feature.selection", 
"PSO.valid.acc", "PSO.test.acc", "PSO.train.time", "PSO.n.support.vectors", 
"PSO.index", "PSO.n.solutions", "PSO.generations", "PSO.n.evaluations", 
"PSO.cpu.time", "RS.cost", "RS.gamma", "RS.data.balancing", "RS.feature.selection", 
"RS.valid.acc", "RS.test.acc", "RS.train.time", "RS.n.support.vectors", 
"RS.index", "RS.n.solutions", "RS.generations", "RS.n.evaluations", 
"RS.cpu.time", "DF.cost", "DF.gamma", "DF.data.balancing", "DF.feature.selection", 
"DF.valid.acc", "DF.test.acc", "DF.train.time", "DF.n.support.vectors", 
"DF.index", "DF.n.solutions", "DF.generations", "DF.n.evaluations", 
"DF.cpu.time")))
