full <-
structure(c(50, 55, 60, 65, 70, 75, 80, 85, 90, 95, 100, 3.57413, 
2.03508, 5.25756, 0.19647, 1, 5.71233, 1.5661, -0.68894, -0.05209, 
2.94611, -2, -7.53003, -8.60612, -10.78786, -5.1367, 0.11111, 
-10.085, -6.73722, -3.99643, -3.69198, -8.3684, -10.8785, 0, 
0, 0, 0, 0, 0, 0, 0, 0, 0, 0, 0, 0, 0, 0, 0, 0, 0, 0, 0, 0, 0, 
0.9614, 0.96492, 0.96451, 0.95676, 0.96023, 0.95689, 0.95938, 
0.96179, 0.95918, 0.95215, 0.95907, 0.9614, 0.96108, 0.96081, 
0.95331, 0.96023, 0.95689, 0.95668, 0.95923, 0.95918, 0.94982, 
0.95902, 0.0131, 0.0159, 0.0144, 0.0171, 0.0191, 0.0182, 0.0202, 
0.0197, 0.0214, 0.0233, 0.0652, 33.4, 54.5, 47.4, 49.3, 63.9, 
44.5, 52.4, 60.7, 61.7, 63.4, 360, 31, 4, 154, 862, 1, 42, 20, 
1633, 178, 37, 722, 475, 153, 121, 34, 868, 451, 601, 51, 1064, 
270, 45, 100, 100, 100, 100, 100, 100, 100, 100, 100, 100, 100, 
2500, 2500, 2500, 2500, 2500, 2500, 2500, 2500, 2500, 2500, 2500, 
6210.239, 6015.422, 5924.24, 6126.958, 6384.6, 6511.388, 6697.03200000001, 
6665.906, 6656.215, 6746.06300000001, 7414.00599999999, 5.65383, 
2.99862, 6.94654, 6.80768, -0.77732, 0.14848, 1.54763, -1.04144, 
-0.07909, -0.10289, -0.49443, -9.30164, -9.51745, -12.54787, 
-12.42811, -4.42081, -4.56589, -5.86962, -4.14026, -4.18311, 
-12.73097, -12.39984, 0, 0, 0, 0, 0, 0, 0, 0, 0, 0, 0, 0, 0, 
0, 0, 0, 0, 0, 0, 0, 0, 0, 0.9614, 0.96492, 0.96451, 0.95664, 
0.96023, 0.95975, 0.95938, 0.95929, 0.95918, 0.95675, 0.95907, 
0.95288, 0.96108, 0.96081, 0.95342, 0.9571, 0.95975, 0.95668, 
0.95667, 0.95679, 0.9521, 0.95902, 0.0142, 0.0148, 0.0152, 0.0158, 
0.0179, 0.019, 0.0196, 0.0217, 0.0219, 0.0598, 0.0682, 31.6, 
53.5, 48, 49.8, 55.8, 50.3, 48.2, 63.6, 58.8, 344.5, 360, 25, 
53, 204, 2, 173, 120, 18, 260, 13, 1503, 2258, 131, 19, 7, 19, 
55, 3, 146, 11, 17, 1, 1, 100, 100, 100, 100, 100, 100, 100, 
100, 100, 100, 100, 2500, 2500, 2500, 2500, 2500, 2500, 2500, 
2500, 2500, 2500, 2500, 6109.505, 6004.755, 6062.536, 6293.143, 
6603.649, 6758.893, 6815.299, 6855.973, 6960.02500000001, 7045.47099999999, 
7433.24799999999, 1, 1, 1, 1, 1, 1, 1, 1, 1, 1, 1, 0.11111, 0.11111, 
0.11111, 0.11111, 0.11111, 0.11111, 0.11111, 0.11111, 0.11111, 
0.11111, 0.11111, 0, 0, 0, 0, 0, 0, 0, 0, 0, 0, 0, 0, 0, 0, 0, 
0, 0, 0, 0, 0, 0, 0, 0.94852, 0.95323, 0.95367, 0.94676, 0.96023, 
0.95118, 0.95668, 0.95667, 0.95674, 0.94972, 0.95037, 0.95685, 
0.96108, 0.95367, 0.95343, 0.96023, 0.95118, 0.96209, 0.96179, 
0.95679, 0.95432, 0.95037, 0.0147, 0.0152, 0.0164, 0.0179, 0.0196, 
0.0204, 0.0206, 0.0224, 0.0241, 0.0261, 0.0263, 48.7, 51.6, 56.3, 
61.1, 63.9, 65.4, 68.8, 70.6, 73.8, 79.5, 79.9, 1, 1, 1, 1, 1, 
1, 1, 1, 1, 1, 1, 1, 1, 1, 1, 1, 1, 1, 1, 1, 1, 1, 1, 1, 1, 1, 
1, 1, 1, 1, 1, 1, 1, 1, 1, 1, 1, 1, 1, 1, 1, 1, 1, 1, 2.407, 
2.332, 2.378, 2.524, 2.658, 2.729, 2.491, 2.693, 2.686, 2.823, 
2.662), .Dim = c(11L, 40L), .Dimnames = list(NULL, c("Sampling", 
"PSO.cost", "PSO.gamma", "PSO.data.balancing", "PSO.feature.selection", 
"PSO.valid.acc", "PSO.test.acc", "PSO.train.time", "PSO.n.support.vectors", 
"PSO.index", "PSO.n.solutions", "PSO.generations", "PSO.n.evaluations", 
"PSO.cpu.time", "RS.cost", "RS.gamma", "RS.data.balancing", "RS.feature.selection", 
"RS.valid.acc", "RS.test.acc", "RS.train.time", "RS.n.support.vectors", 
"RS.index", "RS.n.solutions", "RS.generations", "RS.n.evaluations", 
"RS.cpu.time", "DF.cost", "DF.gamma", "DF.data.balancing", "DF.feature.selection", 
"DF.valid.acc", "DF.test.acc", "DF.train.time", "DF.n.support.vectors", 
"DF.index", "DF.n.solutions", "DF.generations", "DF.n.evaluations", 
"DF.cpu.time")))
