full <-
structure(c(50, 55, 60, 65, 70, 75, 80, 85, 90, 95, 100, 9.49514, 
-2, 0.49096, -2, -0.05342, 0.25174, 0.63664, -2, 0.73627, 15, 
1.2531, -12.74196, -3.99842, -4.3308, -4.91458, -6.81754, -4.96275, 
-4.04046, -10.69027, -4.93924, -12.35282, -6.68408, 0, 0, 0, 
0, 0, 0, 0, 0, 0, 0, 0, 0, 0, 0, 0, 0, 0, 0, 0, 0, 0, 0, 0.95272, 
0.94862, 0.95302, 0.95032, 0.95369, 0.95672, 0.95674, 0.95942, 
0.96144, 0.95898, 0.95698, 0.93986, 0.94462, 0.94575, 0.95032, 
0.94432, 0.95101, 0.95397, 0.95942, 0.95668, 0.95216, 0.95698, 
0.0197, 0.0193, 0.018, 0.0199, 0.0198, 0.0194, 0.0217, 0.0505, 
0.0249, 0.0359, 0.024, 31.5, 65.6, 46.5, 78, 71.9, 51.4, 54.5, 
308.8, 55.5, 42, 65.5, 1497, 591, 288, 177, 21, 527, 37, 769, 
801, 52, 37, 1, 72, 632, 965, 771, 157, 488, 50, 143, 1023, 350, 
100, 100, 100, 100, 100, 100, 100, 100, 100, 100, 100, 2500, 
2500, 2500, 2500, 2500, 2500, 2500, 2500, 2500, 2500, 2500, 8599.827, 
8814.229, 8780.3, 8858.29, 8686.458, 8933.72100000001, 8876.838, 
9153.213, 9062.25700000001, 9123.59100000001, 9091.10799999998, 
-1.67582, -1.98201, 0.27286, -1.38088, -1.49946, 0.2055, 2.05482, 
-1.18015, 0.65381, 14.72954, 0.57465, -4.5984, -4.01138, -4.0451, 
-5.20545, -5.23298, -12.78279, -4.37419, -4.16043, -4.89888, 
-12.12704, -13.44532, 0, 0, 0, 0, 0, 0, 0, 0, 0, 0, 0, 0, 0, 
0, 0, 0, 0, 0, 0, 0, 0, 0, 0.94855, 0.94862, 0.95302, 0.95032, 
0.95369, 0.95966, 0.95674, 0.95686, 0.959, 0.95898, 0.95906, 
0.94855, 0.94462, 0.94218, 0.94709, 0.95369, 0.95395, 0.95397, 
0.95429, 0.95668, 0.94994, 0.95684, 0.0172, 0.0179, 0.0199, 0.0194, 
0.0207, 0.043, 0.0217, 0.0258, 0.0243, 0.0326, 0.0605, 59.7, 
65.4, 50, 68.8, 74, 272, 49.5, 68.7, 55.8, 42.2, 360, 1315, 1940, 
1816, 336, 141, 682, 158, 380, 877, 198, 1396, 5, 1, 1, 3, 13, 
1, 25, 4, 1, 25, 2, 100, 100, 100, 100, 100, 100, 100, 100, 100, 
100, 100, 2500, 2500, 2500, 2500, 2500, 2500, 2500, 2500, 2500, 
2500, 2500, 8766.237, 8837.235, 9020.059, 8793.09700000001, 8877.838, 
8944.227, 9151.523, 9307.348, 9075.546, 9388.962, 7999.37699999998, 
1, 1, 1, 1, 1, 1, 1, 1, 1, 1, 1, 0.11111, 0.11111, 0.11111, 0.11111, 
0.11111, 0.11111, 0.11111, 0.11111, 0.11111, 0.11111, 0.11111, 
0, 0, 0, 0, 0, 0, 0, 0, 0, 0, 0, 0, 0, 0, 0, 0, 0, 0, 0, 0, 0, 
0, 0.9442, 0.94077, 0.94218, 0.93698, 0.94129, 0.94815, 0.95126, 
0.9491, 0.95186, 0.95222, 0.95476, 0.93551, 0.93677, 0.93847, 
0.9402, 0.95057, 0.95378, 0.95126, 0.95429, 0.95668, 0.95227, 
0.95476, 0.017, 0.0212, 0.0205, 0.0199, 0.0208, 0.0215, 0.0275, 
0.0315, 0.0251, 0.0272, 0.0268, 55.9, 62.5, 64.5, 68.2, 69.7, 
72.1, 75.1, 75.5, 77.1, 78.2, 83.6, 1, 1, 1, 1, 1, 1, 1, 1, 1, 
1, 1, 1, 1, 1, 1, 1, 1, 1, 1, 1, 1, 1, 1, 1, 1, 1, 1, 1, 1, 1, 
1, 1, 1, 1, 1, 1, 1, 1, 1, 1, 1, 1, 1, 1, 3.528, 3.412, 3.421, 
3.346, 3.536, 3.362, 3.788, 3.867, 3.506, 3.35, 3.041), .Dim = c(11L, 
40L), .Dimnames = list(NULL, c("Sampling", "PSO.cost", "PSO.gamma", 
"PSO.data.balancing", "PSO.feature.selection", "PSO.valid.acc", 
"PSO.test.acc", "PSO.train.time", "PSO.n.support.vectors", "PSO.index", 
"PSO.n.solutions", "PSO.generations", "PSO.n.evaluations", "PSO.cpu.time", 
"RS.cost", "RS.gamma", "RS.data.balancing", "RS.feature.selection", 
"RS.valid.acc", "RS.test.acc", "RS.train.time", "RS.n.support.vectors", 
"RS.index", "RS.n.solutions", "RS.generations", "RS.n.evaluations", 
"RS.cpu.time", "DF.cost", "DF.gamma", "DF.data.balancing", "DF.feature.selection", 
"DF.valid.acc", "DF.test.acc", "DF.train.time", "DF.n.support.vectors", 
"DF.index", "DF.n.solutions", "DF.generations", "DF.n.evaluations", 
"DF.cpu.time")))
