full <-
structure(c(50, 55, 60, 65, 70, 75, 80, 85, 90, 95, 100, 5.74905, 
9.22525, 5.46369, 5.66531, -2, 2.77696, -1.3317, 1.71493, 7.85616, 
2.16586, 0.51452, -15, -8.68705, -14.04959, -15, -10.07566, -15, 
-11.17963, -14.11766, -10.56061, -14.93409, -4.61175, 0, 0, 0, 
0, 0, 0, 0, 0, 0, 0, 0, 0, 0, 0, 0, 0, 0, 0, 0, 0, 0, 0, 0.9652, 
0.97215, 0.97141, 0.96677, 0.96297, 0.96242, 0.9623, 0.95428, 
0.95679, 0.95655, 0.9568, 0.96066, 0.95662, 0.97141, 0.96011, 
0.95369, 0.95964, 0.9569, 0.94922, 0.95192, 0.95655, 0.95028, 
0.0174, 0.0151, 0.0187, 0.0219, 0.035, 0.0368, 0.0431, 0.0475, 
0.0193, 0.0553, 0.0229, 100.7, 21.2, 89.5, 122.9, 243.3, 262.6, 
284.8, 302.4, 44.7, 339.2, 60.7, 96, 1328, 51, 67, 663, 195, 
926, 450, 2, 2389, 189, 231, 29, 249, 181, 23, 61, 30, 26, 763, 
2, 904, 100, 100, 100, 100, 100, 100, 100, 100, 100, 100, 100, 
2500, 2500, 2500, 2500, 2500, 2500, 2500, 2500, 2500, 2500, 2500, 
6498.776, 6265.243, 6335.629, 6463.819, 6450.157, 6562.083, 6440.447, 
6316.795, 6091.20600000001, 6203.943, 6640.611, 1.40824, 8.85366, 
4.08639, -1.44265, -1.44943, 0.09945, 1.70471, -1.81033, -1.98048, 
-1.40265, 1.26917, -10.73019, -8.51086, -12.89917, -7.68597, 
-10.64711, -12.3133, -14.21408, -10.56385, -10.49578, -11.2812, 
-14.14847, 0, 0, 0, 0, 0, 0, 0, 0, 0, 0, 0, 0, 0, 0, 0, 0, 0, 
0, 0, 0, 0, 0, 0.9652, 0.97215, 0.97141, 0.96677, 0.96297, 0.96242, 
0.9623, 0.95428, 0.95685, 0.9565, 0.95902, 0.96066, 0.95662, 
0.96784, 0.96344, 0.95369, 0.95964, 0.95697, 0.94922, 0.95441, 
0.95196, 0.95685, 0.0191, 0.0151, 0.0203, 0.0219, 0.0351, 0.0385, 
0.0445, 0.0455, 0.0518, 0.0578, 0.0654, 103.2, 21.3, 96, 117.8, 
243.3, 262.4, 285, 302.4, 320.3, 339.2, 360.2, 16, 510, 68, 26, 
324, 1752, 1064, 2384, 1106, 1455, 560, 26, 3, 28, 17, 4, 3, 
3, 1, 1, 1, 1, 100, 100, 100, 100, 100, 100, 100, 100, 100, 100, 
100, 2500, 2500, 2500, 2500, 2500, 2500, 2500, 2500, 2500, 2500, 
2500, 6602.339, 6388.937, 6450.326, 6546.827, 6396.118, 6552.886, 
6480.04300000001, 6319.322, 6336.16800000001, 6653.97899999999, 
7094.78900000002, 1, 1, 1, 1, 1, 1, 1, 1, 1, 1, 1, 0.11111, 0.11111, 
0.11111, 0.11111, 0.11111, 0.11111, 0.11111, 0.11111, 0.11111, 
0.11111, 0.11111, 0, 0, 0, 0, 0, 0, 0, 0, 0, 0, 0, 0, 0, 0, 0, 
0, 0, 0, 0, 0, 0, 0, 0.94343, 0.95246, 0.96056, 0.95677, 0.94744, 
0.94845, 0.9463, 0.94409, 0.94959, 0.94968, 0.95032, 0.94778, 
0.94846, 0.95699, 0.95344, 0.95057, 0.94845, 0.94893, 0.94653, 
0.94727, 0.94974, 0.94815, 0.0151, 0.0161, 0.0153, 0.0175, 0.0175, 
0.0195, 0.0212, 0.0214, 0.0224, 0.0246, 0.0268, 44.7, 44.7, 46.8, 
51.9, 58.4, 67.1, 70.4, 72.3, 73.5, 76.9, 81.8, 1, 1, 1, 1, 1, 
1, 1, 1, 1, 1, 1, 1, 1, 1, 1, 1, 1, 1, 1, 1, 1, 1, 1, 1, 1, 1, 
1, 1, 1, 1, 1, 1, 1, 1, 1, 1, 1, 1, 1, 1, 1, 1, 1, 1, 2.6, 2.498, 
2.358, 2.571, 2.327, 2.546, 2.423, 2.33, 2.403, 2.644, 2.664), .Dim = c(11L, 
40L), .Dimnames = list(NULL, c("Sampling", "PSO.cost", "PSO.gamma", 
"PSO.data.balancing", "PSO.feature.selection", "PSO.valid.acc", 
"PSO.test.acc", "PSO.train.time", "PSO.n.support.vectors", "PSO.index", 
"PSO.n.solutions", "PSO.generations", "PSO.n.evaluations", "PSO.cpu.time", 
"RS.cost", "RS.gamma", "RS.data.balancing", "RS.feature.selection", 
"RS.valid.acc", "RS.test.acc", "RS.train.time", "RS.n.support.vectors", 
"RS.index", "RS.n.solutions", "RS.generations", "RS.n.evaluations", 
"RS.cpu.time", "DF.cost", "DF.gamma", "DF.data.balancing", "DF.feature.selection", 
"DF.valid.acc", "DF.test.acc", "DF.train.time", "DF.n.support.vectors", 
"DF.index", "DF.n.solutions", "DF.generations", "DF.n.evaluations", 
"DF.cpu.time")))
