full <-
structure(c(50, 55, 60, 65, 70, 75, 80, 85, 90, 95, 100, -0.99229, 
-2, 3.11828, -2, 2.55092, 1.65756, 2.77708, -2, -1.73421, 2.05728, 
2.10761, -10.49646, -9.70292, -15, -9.79643, -14.60421, -4.07531, 
-5.4416, -10.53173, -10.90392, -14.97411, -15, 0, 0, 0, 0, 0, 
0, 0, 0, 0, 0, 0, 0, 0, 0, 0, 0, 0, 0, 0, 0, 0, 0, 0.96975, 0.96862, 
0.9709, 0.96665, 0.96297, 0.96537, 0.96514, 0.95923, 0.96416, 
0.96342, 0.95902, 0.97409, 0.96477, 0.96031, 0.95687, 0.9661, 
0.9626, 0.95958, 0.95417, 0.96416, 0.94962, 0.95467, 0.0222, 
0.024, 0.0271, 0.0291, 0.0325, 0.0169, 0.0182, 0.0461, 0.0483, 
0.0528, 0.0587, 172.9, 192, 209.6, 220.9, 241.6, 44.2, 41.7, 
302.4, 321.7, 344, 360.1, 12, 943, 769, 101, 88, 271, 67, 1556, 
242, 908, 1521, 297, 22, 58, 48, 87, 762, 293, 3, 178, 40, 26, 
100, 100, 100, 100, 100, 100, 100, 100, 100, 100, 100, 2500, 
2500, 2500, 2500, 2500, 2500, 2500, 2500, 2500, 2500, 2500, 5846.691, 
5956.486, 5992.009, 6208.14, 6164.888, 5962.287, 5972.255, 6221.319, 
6482.693, 6172.838, 6794.01100000001, 1.15464, -1.71874, -1.44127, 
-1.03374, 2.52001, -0.36765, 1.1676, 1.67433, 0.85752, 1.7914, 
1.71165, -12.67731, -9.92075, -10.4364, -10.75918, -14.57825, 
-11.71337, -13.57431, -10.39965, -13.53295, -14.70765, -4.28973, 
0, 0, 0, 0, 0, 0, 0, 0, 0, 0, 0, 0, 0, 0, 0, 0, 0, 0, 0, 0, 0, 
0, 0.96993, 0.96862, 0.96733, 0.96665, 0.96297, 0.97403, 0.96528, 
0.95679, 0.96416, 0.96342, 0.95693, 0.97409, 0.96462, 0.96388, 
0.9602, 0.96297, 0.96815, 0.9571, 0.9491, 0.96178, 0.94962, 0.95684, 
0.023, 0.0245, 0.027, 0.0297, 0.033, 0.0358, 0.0426, 0.0251, 
0.0516, 0.0579, 0.023, 172.9, 192, 209.7, 220.8, 241.6, 258.2, 
281.7, 123.1, 321.6, 344, 59.7, 30, 5, 1092, 129, 352, 1078, 
1462, 630, 637, 1346, 243, 1, 7, 2, 2, 4, 1, 1, 7, 1, 1, 23, 
100, 100, 100, 100, 100, 100, 100, 100, 100, 100, 100, 2500, 
2500, 2500, 2500, 2500, 2500, 2500, 2500, 2500, 2500, 2500, 5971.19, 
6024.83, 6064.654, 6113.44100000001, 6159.615, 6214.458, 6189.12400000001, 
6299.15700000001, 6157.20699999999, 6684.016, 6796.88900000001, 
1, 1, 1, 1, 1, 1, 1, 1, 1, 1, 1, 0.11111, 0.11111, 0.11111, 0.11111, 
0.11111, 0.11111, 0.11111, 0.11111, 0.11111, 0.11111, 0.11111, 
0, 0, 0, 0, 0, 0, 0, 0, 0, 0, 0, 0, 0, 0, 0, 0, 0, 0, 0, 0, 0, 
0, 0.95707, 0.95308, 0.95278, 0.95321, 0.95691, 0.95671, 0.95695, 
0.94397, 0.94721, 0.95427, 0.95693, 0.9654, 0.95308, 0.95278, 
0.95321, 0.95691, 0.95377, 0.95695, 0.94654, 0.9497, 0.95655, 
0.95259, 0.0141, 0.0142, 0.015, 0.0161, 0.0174, 0.0182, 0.0186, 
0.0197, 0.0222, 0.0238, 0.0274, 45.5, 48.7, 51.8, 56.9, 57.1, 
59.6, 65.1, 69.3, 74.3, 73.3, 82.9, 1, 1, 1, 1, 1, 1, 1, 1, 1, 
1, 1, 1, 1, 1, 1, 1, 1, 1, 1, 1, 1, 1, 1, 1, 1, 1, 1, 1, 1, 1, 
1, 1, 1, 1, 1, 1, 1, 1, 1, 1, 1, 1, 1, 1, 2.305, 2.276, 2.311, 
2.323, 2.39, 2.355, 2.306, 2.321, 2.399, 2.556, 2.602), .Dim = c(11L, 
40L), .Dimnames = list(NULL, c("Sampling", "PSO.cost", "PSO.gamma", 
"PSO.data.balancing", "PSO.feature.selection", "PSO.valid.acc", 
"PSO.test.acc", "PSO.train.time", "PSO.n.support.vectors", "PSO.index", 
"PSO.n.solutions", "PSO.generations", "PSO.n.evaluations", "PSO.cpu.time", 
"RS.cost", "RS.gamma", "RS.data.balancing", "RS.feature.selection", 
"RS.valid.acc", "RS.test.acc", "RS.train.time", "RS.n.support.vectors", 
"RS.index", "RS.n.solutions", "RS.generations", "RS.n.evaluations", 
"RS.cpu.time", "DF.cost", "DF.gamma", "DF.data.balancing", "DF.feature.selection", 
"DF.valid.acc", "DF.test.acc", "DF.train.time", "DF.n.support.vectors", 
"DF.index", "DF.n.solutions", "DF.generations", "DF.n.evaluations", 
"DF.cpu.time")))
