full <-
structure(c(50, 55, 60, 65, 70, 75, 80, 85, 90, 95, 100, 0.29893, 
-2, -1.04592, -0.64168, 1, 5.87609, -2, -0.08697, -1.63242, 5.54567, 
-0.3104, -6.30874, -6.02891, -4.98167, -3.91135, 0.11111, -6.22764, 
-5.37867, -12.29728, -6.84111, -6.71656, -3.09831, 0, 0, 0, 0, 
0, 0, 0, 0, 0, 0, 0, 0, 0, 0, 0, 0, 0, 0, 0, 0, 0, 0, 0.9654, 
0.96908, 0.96402, 0.96675, 0.96629, 0.96555, 0.96216, 0.96185, 
0.95929, 0.9568, 0.95883, 0.96105, 0.96108, 0.96402, 0.96675, 
0.96629, 0.96252, 0.95946, 0.95935, 0.95923, 0.94988, 0.95236, 
0.0151, 0.0185, 0.0168, 0.0191, 0.0203, 0.0187, 0.0238, 0.0461, 
0.0292, 0.0226, 0.0266, 45.4, 82.9, 53.5, 47, 55, 35.3, 88.4, 
299.4, 120, 46.2, 84.7, 203, 123, 6, 12, 1, 690, 33, 434, 677, 
457, 273, 217, 562, 847, 1351, 375, 60, 1755, 74, 135, 94, 383, 
100, 100, 100, 100, 100, 100, 100, 100, 100, 100, 100, 2500, 
2500, 2500, 2500, 2500, 2500, 2500, 2500, 2500, 2500, 2500, 6506.443, 
6767.955, 7148.064, 9042.632, 9022.21300000001, 8897.341, 8746.682, 
8704.02899999999, 8655.022, 8776.06699999998, 8764.245, 4.32194, 
-1.74719, -1.22218, -0.6745, -1.33511, 9.70465, -1.63104, -1.33096, 
2.30818, 0.09838, -0.24545, -11.06796, -6.40284, -4.69044, -3.96908, 
-3.31728, -12.4099, -10.92493, -11.0934, -10.80478, -12.93228, 
-12.49179, 0, 0, 0, 0, 0, 0, 0, 0, 0, 0, 0, 0, 0, 0, 0, 0, 0, 
0, 0, 0, 0, 0, 0.9654, 0.96508, 0.96402, 0.96675, 0.96629, 0.96546, 
0.96486, 0.96185, 0.95929, 0.95903, 0.95883, 0.9567, 0.95723, 
0.96402, 0.96675, 0.96316, 0.95681, 0.96216, 0.96435, 0.95929, 
0.9613, 0.95444, 0.015, 0.0184, 0.0167, 0.019, 0.0191, 0.0175, 
0.0443, 0.0486, 0.0284, 0.0555, 0.0596, 51.9, 84.7, 53.3, 47.6, 
60.3, 34.3, 288, 299.4, 117.4, 342.4, 360, 116, 50, 77, 127, 
248, 8, 1955, 706, 847, 1633, 263, 13, 6, 35, 17, 9, 51, 1, 2, 
1, 2, 2, 100, 100, 100, 100, 100, 100, 100, 100, 100, 100, 100, 
2500, 2500, 2500, 2500, 2500, 2500, 2500, 2500, 2500, 2500, 2500, 
6628.791, 6952.782, 9078.739, 9107.686, 9063.90400000001, 9030.674, 
8613.55899999999, 8626.644, 8819.28599999999, 8936.81699999998, 
9059.97099999999, 1, 1, 1, 1, 1, 1, 1, 1, 1, 1, 1, 0.11111, 0.11111, 
0.11111, 0.11111, 0.11111, 0.11111, 0.11111, 0.11111, 0.11111, 
0.11111, 0.11111, 0, 0, 0, 0, 0, 0, 0, 0, 0, 0, 0, 0, 0, 0, 0, 
0, 0, 0, 0, 0, 0, 0, 0.9567, 0.95708, 0.96045, 0.96342, 0.96629, 
0.96252, 0.95946, 0.95935, 0.95447, 0.95216, 0.95014, 0.95236, 
0.96092, 0.96402, 0.96675, 0.96629, 0.96252, 0.95405, 0.95691, 
0.95447, 0.95221, 0.95888, 0.0144, 0.0161, 0.0179, 0.0193, 0.0184, 
0.0209, 0.0232, 0.0228, 0.0237, 0.026, 0.0272, 48.5, 48.2, 50.8, 
52.1, 55, 57.4, 61.9, 66.9, 73.3, 78.1, 81.2, 1, 1, 1, 1, 1, 
1, 1, 1, 1, 1, 1, 1, 1, 1, 1, 1, 1, 1, 1, 1, 1, 1, 1, 1, 1, 1, 
1, 1, 1, 1, 1, 1, 1, 1, 1, 1, 1, 1, 1, 1, 1, 1, 1, 1, 2.467, 
2.672, 3.531, 3.687, 3.308, 3.631, 3.645, 3.461, 3.352, 3.586, 
3.574), .Dim = c(11L, 40L), .Dimnames = list(NULL, c("Sampling", 
"PSO.cost", "PSO.gamma", "PSO.data.balancing", "PSO.feature.selection", 
"PSO.valid.acc", "PSO.test.acc", "PSO.train.time", "PSO.n.support.vectors", 
"PSO.index", "PSO.n.solutions", "PSO.generations", "PSO.n.evaluations", 
"PSO.cpu.time", "RS.cost", "RS.gamma", "RS.data.balancing", "RS.feature.selection", 
"RS.valid.acc", "RS.test.acc", "RS.train.time", "RS.n.support.vectors", 
"RS.index", "RS.n.solutions", "RS.generations", "RS.n.evaluations", 
"RS.cpu.time", "DF.cost", "DF.gamma", "DF.data.balancing", "DF.feature.selection", 
"DF.valid.acc", "DF.test.acc", "DF.train.time", "DF.n.support.vectors", 
"DF.index", "DF.n.solutions", "DF.generations", "DF.n.evaluations", 
"DF.cpu.time")))
