full <-
structure(c(50, 55, 60, 65, 70, 75, 80, 85, 90, 95, 100, 5.39002, 
15, 2.64265, 0.26782, 0.93167, 8.23432, 8.0737, 6.42342, -0.32293, 
-0.29876, 13.61059, -11.27288, -4.23284, -4.31858, -5.43801, 
-6.91132, -4.82636, -5.24159, -13.22467, -4.27031, -5.68137, 
-7.52757, 0, 0, 0, 0, 0, 0, 0, 0, 0, 0, 0, 0, 0, 0, 0, 0, 0, 
0, 0, 0, 0, 0, 0.90167, 0.87333, 0.87619, 0.88571, 0.87857, 0.90893, 
0.9375, 0.91806, 0.89389, 0.92778, 0.9253, 0.85667, 0.84, 0.82857, 
0.88571, 0.83512, 0.88393, 0.91389, 0.86083, 0.8925, 0.90778, 
0.90545, 0.0517, 0.0511, 0.0533, 0.0548, 0.0555, 0.0576, 0.061, 
0.0596, 0.0636, 0.065, 0.065, 39.2, 46.4, 50.4, 54.3, 56.2, 62.3, 
66.1, 63.4, 74.4, 77, 68.9, 14, 90, 24, 197, 694, 38, 50, 177, 
250, 407, 22, 465, 1228, 1107, 216, 35, 1596, 1563, 66, 164, 
53, 1078, 100, 100, 100, 100, 100, 100, 100, 100, 100, 100, 100, 
2500, 2500, 2500, 2500, 2500, 2500, 2500, 2500, 2500, 2500, 2500, 
8777.816, 8823.436, 8811.367, 9105.674, 9263.106, 9296.09700000001, 
9499.781, 9512.44200000001, 9472.837, 9533.666, 9469.67199999999, 
3.61071, 7.38612, 10.41075, 3.45031, 1.77577, 3.70558, 11.15563, 
7.54595, -0.48455, 6.75358, 5.28559, -9.33565, -4.32666, -4.36786, 
-10.22736, -8.17198, -4.80814, -5.09108, -14.33535, -4.42509, 
-4.7668, -7.51767, 0, 0, 0, 0, 0, 0, 0, 0, 0, 0, 0, 0, 0, 0, 
0, 0, 0, 0, 0, 0, 0, 0, 0.90167, 0.87333, 0.87619, 0.88571, 0.87857, 
0.90893, 0.9375, 0.91806, 0.88139, 0.91778, 0.9253, 0.85667, 
0.84, 0.82857, 0.87143, 0.83512, 0.88393, 0.91389, 0.86083, 0.88139, 
0.88778, 0.90545, 0.0507, 0.0519, 0.0524, 0.0547, 0.055, 0.0574, 
0.0591, 0.0594, 0.0644, 0.0641, 0.0654, 39.1, 46.4, 50.4, 51.4, 
55.3, 62.4, 66.2, 63.2, 74.4, 78.4, 68.9, 15, 34, 32, 115, 927, 
13, 38, 887, 19, 51, 166, 65, 33, 58, 6, 1, 73, 64, 2, 7, 122, 
23, 100, 100, 100, 100, 100, 100, 100, 100, 100, 100, 100, 2500, 
2500, 2500, 2500, 2500, 2500, 2500, 2500, 2500, 2500, 2500, 8707.706, 
8792.14, 9007.343, 9210.36699999999, 9259.66800000001, 9390.795, 
9370.639, 9506.07500000001, 9404.52399999998, 9563.95999999999, 
9541.53100000002, 1, 1, 1, 1, 1, 1, 1, 1, 1, 1, 1, 0.01754, 0.01754, 
0.01754, 0.01754, 0.01754, 0.01754, 0.01754, 0.01754, 0.01754, 
0.01754, 0.01754, 0, 0, 0, 0, 0, 0, 0, 0, 0, 0, 0, 0, 0, 0, 0, 
0, 0, 0, 0, 0, 0, 0, 0.84, 0.84, 0.85952, 0.84048, 0.87679, 0.88393, 
0.925, 0.88194, 0.84778, 0.89778, 0.9153, 0.89333, 0.87333, 0.82857, 
0.88571, 0.84762, 0.92143, 0.91389, 0.89306, 0.9, 0.87667, 0.92439, 
0.0499, 0.0525, 0.0534, 0.0552, 0.0552, 0.0586, 0.0585, 0.0598, 
0.0605, 0.0645, 0.0672, 42.3, 46.3, 50.1, 54, 57.8, 62.1, 65.4, 
69.2, 72.6, 76.5, 82.5, 1, 1, 1, 1, 1, 1, 1, 1, 1, 1, 1, 1, 1, 
1, 1, 1, 1, 1, 1, 1, 1, 1, 1, 1, 1, 1, 1, 1, 1, 1, 1, 1, 1, 1, 
1, 1, 1, 1, 1, 1, 1, 1, 1, 1, 3.442, 3.559, 3.584, 3.682, 3.657, 
3.897, 3.695, 3.664, 3.787, 3.822, 3.835), .Dim = c(11L, 40L), .Dimnames = list(
    NULL, c("Sampling", "PSO.cost", "PSO.gamma", "PSO.data.balancing", 
    "PSO.feature.selection", "PSO.valid.acc", "PSO.test.acc", 
    "PSO.train.time", "PSO.n.support.vectors", "PSO.index", "PSO.n.solutions", 
    "PSO.generations", "PSO.n.evaluations", "PSO.cpu.time", "RS.cost", 
    "RS.gamma", "RS.data.balancing", "RS.feature.selection", 
    "RS.valid.acc", "RS.test.acc", "RS.train.time", "RS.n.support.vectors", 
    "RS.index", "RS.n.solutions", "RS.generations", "RS.n.evaluations", 
    "RS.cpu.time", "DF.cost", "DF.gamma", "DF.data.balancing", 
    "DF.feature.selection", "DF.valid.acc", "DF.test.acc", "DF.train.time", 
    "DF.n.support.vectors", "DF.index", "DF.n.solutions", "DF.generations", 
    "DF.n.evaluations", "DF.cpu.time")))
