full <-
structure(c(50, 55, 60, 65, 70, 75, 80, 85, 90, 95, 100, 11.85228, 
1.1592, 1.61608, 13.94937, 1.96621, 11.33143, 8.03312, 2.92617, 
13.89588, 4.39007, 4.68, -12.74246, -7.18625, -3.60173, -14.89658, 
-7.73916, -14.55448, -14.92672, -9.03606, -11.93405, -6.62044, 
-10.01959, 0, 0, 0, 0, 0, 0, 0, 0, 0, 0, 0, 0, 0, 0, 0, 0, 0, 
0, 0, 0, 0, 0, 0.92667, 0.93333, 0.90714, 0.9119, 0.8881, 0.95, 
0.91806, 0.91056, 0.91556, 0.92, 0.9353, 0.96667, 0.89667, 0.84048, 
0.90952, 0.87798, 0.89821, 0.89306, 0.87694, 0.90194, 0.91889, 
0.91455, 0.0501, 0.0462, 0.0517, 0.0532, 0.0496, 0.0505, 0.0529, 
0.0537, 0.054, 0.0617, 0.0627, 37.3, 44.6, 50.4, 45.1, 52.3, 
49.1, 61.3, 60.9, 56, 69.1, 65.5, 6, 32, 7, 3, 69, 11, 301, 60, 
3, 49, 110, 2157, 244, 558, 1870, 61, 1978, 102, 472, 1750, 1069, 
109, 100, 100, 100, 100, 100, 100, 100, 100, 100, 100, 100, 2500, 
2500, 2500, 2500, 2500, 2500, 2500, 2500, 2500, 2500, 2500, 8405.671, 
8213.373, 8185.303, 8274.357, 8278.124, 8354.678, 8470.82299999999, 
8432.22100000001, 8314.08799999999, 8369.85900000003, 8370.05499999999, 
14.45547, 0.87075, 11.36963, 14.03733, 1.86453, 11.31441, 5.35759, 
5.90842, 14.13662, 10.75232, 7.88625, -12.95658, -6.66418, -3.66652, 
-10.22421, -7.71412, -13.13651, -12.29104, -12.08544, -10.79883, 
-6.79018, -13.05584, 0, 0, 0, 0, 0, 0, 0, 0, 0, 0, 0, 0, 0, 0, 
0, 0, 0, 0, 0, 0, 0, 0, 0.92667, 0.93333, 0.90714, 0.9119, 0.8881, 
0.95, 0.91806, 0.91056, 0.91556, 0.92, 0.9353, 0.96667, 0.89667, 
0.84048, 0.89524, 0.87798, 0.89821, 0.89306, 0.87694, 0.90194, 
0.91889, 0.90621, 0.0499, 0.0521, 0.052, 0.0472, 0.0547, 0.0556, 
0.0534, 0.0538, 0.0589, 0.0619, 0.0579, 37.3, 45, 50.4, 46.2, 
52.7, 49.2, 61.6, 60, 56.4, 67.2, 63.9, 1, 10, 429, 5, 347, 3, 
214, 49, 10, 19, 63, 300, 35, 15, 687, 6, 276, 8, 43, 517, 28, 
17, 100, 100, 100, 100, 100, 100, 100, 100, 100, 100, 100, 2500, 
2500, 2500, 2500, 2500, 2500, 2500, 2500, 2500, 2500, 2500, 8220.254, 
8229.917, 8032.54, 8202.065, 8249.215, 8326.57399999999, 8425.008, 
8562.09000000001, 8423.83000000002, 8293.34999999998, 8380.022, 
1, 1, 1, 1, 1, 1, 1, 1, 1, 1, 1, 0.01754, 0.01754, 0.01754, 0.01754, 
0.01754, 0.01754, 0.01754, 0.01754, 0.01754, 0.01754, 0.01754, 
0, 0, 0, 0, 0, 0, 0, 0, 0, 0, 0, 0, 0, 0, 0, 0, 0, 0, 0, 0, 0, 
0, 0.905, 0.86333, 0.89048, 0.86905, 0.83631, 0.85893, 0.89444, 
0.89806, 0.87111, 0.90889, 0.87894, 0.90833, 0.91333, 0.91905, 
0.89524, 0.89464, 0.88571, 0.89444, 0.87694, 0.92556, 0.89778, 
0.89818, 0.0461, 0.051, 0.0536, 0.0485, 0.0497, 0.0569, 0.0585, 
0.0553, 0.061, 0.0606, 0.0602, 42.4, 46.3, 50.3, 54.3, 58, 61.8, 
65.5, 68.9, 72.5, 75.9, 82, 1, 1, 1, 1, 1, 1, 1, 1, 1, 1, 1, 
1, 1, 1, 1, 1, 1, 1, 1, 1, 1, 1, 1, 1, 1, 1, 1, 1, 1, 1, 1, 1, 
1, 1, 1, 1, 1, 1, 1, 1, 1, 1, 1, 1, 3.15, 3.367, 3.439, 3.166, 
3.137, 3.488, 3.451, 3.267, 3.478, 3.374, 3.251), .Dim = c(11L, 
40L), .Dimnames = list(NULL, c("Sampling", "PSO.cost", "PSO.gamma", 
"PSO.data.balancing", "PSO.feature.selection", "PSO.valid.acc", 
"PSO.test.acc", "PSO.train.time", "PSO.n.support.vectors", "PSO.index", 
"PSO.n.solutions", "PSO.generations", "PSO.n.evaluations", "PSO.cpu.time", 
"RS.cost", "RS.gamma", "RS.data.balancing", "RS.feature.selection", 
"RS.valid.acc", "RS.test.acc", "RS.train.time", "RS.n.support.vectors", 
"RS.index", "RS.n.solutions", "RS.generations", "RS.n.evaluations", 
"RS.cpu.time", "DF.cost", "DF.gamma", "DF.data.balancing", "DF.feature.selection", 
"DF.valid.acc", "DF.test.acc", "DF.train.time", "DF.n.support.vectors", 
"DF.index", "DF.n.solutions", "DF.generations", "DF.n.evaluations", 
"DF.cpu.time")))
