full <-
structure(c(50, 55, 60, 65, 70, 75, 80, 85, 90, 95, 100, 5.47776, 
10.86307, 5.74813, 1.62223, 7.8338, 11.55156, 8.70073, 6.20461, 
7.93124, 11.48941, 5.64937, -4.10258, -5.06976, -4.63287, -5.19425, 
-6.08009, -6.58647, -6.09912, -5.61951, -15, -5.46625, -10.83492, 
0, 0, 0, 0, 0, 0, 0, 0, 0, 0, 0, 0, 0, 0, 0, 0, 0, 0, 0, 0, 0, 
0, 0.885, 0.85667, 0.78095, 0.88095, 0.84821, 0.89821, 0.90377, 
0.90972, 0.93556, 0.8898, 0.92273, 0.81833, 0.87333, 0.7619, 
0.82381, 0.89286, 0.8875, 0.88948, 0.85417, 0.90444, 0.9, 0.86439, 
0.052, 0.0527, 0.0539, 0.053, 0.0562, 0.0557, 0.0604, 0.0665, 
0.0619, 0.0641, 0.0584, 42.4, 46.4, 50.4, 54.3, 56.2, 58.3, 62.7, 
68.7, 68.4, 76.3, 64.6, 112, 12, 127, 20, 45, 31, 232, 27, 71, 
9, 10, 1350, 1721, 611, 1270, 1234, 1322, 769, 1020, 72, 1429, 
189, 100, 100, 100, 100, 100, 100, 100, 100, 100, 100, 100, 2500, 
2500, 2500, 2500, 2500, 2500, 2500, 2500, 2500, 2500, 2500, 8696.029, 
8716.926, 8944.256, 9132.777, 8943.7, 9426.75199999999, 9176.107, 
8914.40500000001, 9022.37399999998, 9039.95199999999, 9042.60800000001, 
1.23659, 4.32372, 5.50032, 9.33011, 5.24838, 14.27763, 4.40047, 
9.11146, 4.83265, 2.32171, 6.70726, -4.14152, -4.72092, -4.62382, 
-5.51239, -6.05008, -6.51512, -5.80863, -5.74373, -11.88243, 
-5.5622, -12.15843, 0, 0, 0, 0, 0, 0, 0, 0, 0, 0, 0, 0, 0, 0, 
0, 0, 0, 0, 0, 0, 0, 0, 0.885, 0.85667, 0.78095, 0.88095, 0.84821, 
0.89821, 0.90377, 0.90972, 0.93556, 0.8898, 0.92273, 0.81833, 
0.85667, 0.74524, 0.82381, 0.89286, 0.8875, 0.88948, 0.85417, 
0.90444, 0.9, 0.87439, 0.0562, 0.0496, 0.0512, 0.0557, 0.0517, 
0.0604, 0.0581, 0.056, 0.0613, 0.0612, 0.0704, 42.4, 46.4, 50.4, 
53.6, 56.3, 58.5, 64, 67.5, 68.4, 76, 65.5, 581, 20, 113, 8, 
71, 78, 2, 21, 274, 8, 47, 9, 205, 7, 60, 49, 19, 76, 41, 3, 
55, 11, 100, 100, 100, 100, 100, 100, 100, 100, 100, 100, 100, 
2500, 2500, 2500, 2500, 2500, 2500, 2500, 2500, 2500, 2500, 2500, 
8499.692, 8874.488, 8951.61799999999, 8954.50999999999, 9226.19099999999, 
9120.20400000001, 9128.963, 8539.041, 8883.29000000001, 8882.53900000002, 
9102.37099999998, 1, 1, 1, 1, 1, 1, 1, 1, 1, 1, 1, 0.01754, 0.01754, 
0.01754, 0.01754, 0.01754, 0.01754, 0.01754, 0.01754, 0.01754, 
0.01754, 0.01754, 0, 0, 0, 0, 0, 0, 0, 0, 0, 0, 0, 0, 0, 0, 0, 
0, 0, 0, 0, 0, 0, 0, 0.845, 0.78667, 0.73095, 0.78095, 0.77143, 
0.85893, 0.83115, 0.83194, 0.89333, 0.84758, 0.8853, 0.76833, 
0.79, 0.72857, 0.83571, 0.76786, 0.79286, 0.85516, 0.86528, 0.87111, 
0.88889, 0.8853, 0.0516, 0.0524, 0.0523, 0.0498, 0.0569, 0.0575, 
0.056, 0.0614, 0.0627, 0.0592, 0.0626, 42.4, 46.3, 49.9, 53.8, 
57.5, 61, 64.5, 68, 72, 75.5, 81.6, 1, 1, 1, 1, 1, 1, 1, 1, 1, 
1, 1, 1, 1, 1, 1, 1, 1, 1, 1, 1, 1, 1, 1, 1, 1, 1, 1, 1, 1, 1, 
1, 1, 1, 1, 1, 1, 1, 1, 1, 1, 1, 1, 1, 1, 3.548, 3.645, 3.572, 
3.393, 3.824, 3.651, 3.749, 3.681, 3.674, 3.359, 3.525), .Dim = c(11L, 
40L), .Dimnames = list(NULL, c("Sampling", "PSO.cost", "PSO.gamma", 
"PSO.data.balancing", "PSO.feature.selection", "PSO.valid.acc", 
"PSO.test.acc", "PSO.train.time", "PSO.n.support.vectors", "PSO.index", 
"PSO.n.solutions", "PSO.generations", "PSO.n.evaluations", "PSO.cpu.time", 
"RS.cost", "RS.gamma", "RS.data.balancing", "RS.feature.selection", 
"RS.valid.acc", "RS.test.acc", "RS.train.time", "RS.n.support.vectors", 
"RS.index", "RS.n.solutions", "RS.generations", "RS.n.evaluations", 
"RS.cpu.time", "DF.cost", "DF.gamma", "DF.data.balancing", "DF.feature.selection", 
"DF.valid.acc", "DF.test.acc", "DF.train.time", "DF.n.support.vectors", 
"DF.index", "DF.n.solutions", "DF.generations", "DF.n.evaluations", 
"DF.cpu.time")))
