full <-
structure(c(50, 55, 60, 65, 70, 75, 80, 85, 90, 95, 100, 1.55901, 
9.72359, 1, 7.42287, 1, 10.02159, -0.07344, 11.75072, 0.52586, 
7.80687, 10.11407, -5.2639, -8.91572, 0.01754, -12.19548, 0.01754, 
-4.44578, -4.72208, -14.34106, -6.44713, -13.26337, -14.89165, 
0, 0, 0, 0, 0, 0, 0, 0, 0, 0, 0, 0, 0, 0, 0, 0, 0, 0, 0, 0, 0, 
0, 0.865, 0.84905, 0.86905, 0.90357, 0.89107, 0.87857, 0.89127, 
0.89806, 0.90444, 0.89556, 0.91515, 0.82333, 0.7981, 0.83333, 
0.89524, 0.89286, 0.85179, 0.85655, 0.87444, 0.90333, 0.86667, 
0.91439, 0.0487, 0.051, 0.0518, 0.0526, 0.0549, 0.057, 0.0574, 
0.0555, 0.0571, 0.0748, 0.0719, 42.3, 41, 50.1, 44.9, 57.3, 62.4, 
66.4, 51.5, 69.9, 60.2, 61.1, 7, 29, 1, 2, 1, 12, 1281, 13, 46, 
16, 73, 1347, 1482, 557, 1687, 948, 807, 195, 1609, 211, 303, 
246, 100, 100, 100, 100, 100, 100, 100, 100, 100, 100, 100, 2500, 
2500, 2500, 2500, 2500, 2500, 2500, 2500, 2500, 2500, 2500, 8727.628, 
8845.317, 8892.365, 8996.386, 9102.713, 9241.58499999999, 9143.21500000001, 
9040.43100000001, 8868.851, 12408.483, 12743.565, 1.73249, 10.81923, 
-0.06896, 6.98304, 1.03162, 8.32445, -0.07043, 9.98186, 5.70882, 
6.71699, 8.13569, -5.14029, -11.702, -5.96, -8.91391, -7.24617, 
-4.37481, -4.22539, -11.88534, -13.18839, -12.24704, -13.00069, 
0, 0, 0, 0, 0, 0, 0, 0, 0, 0, 0, 0, 0, 0, 0, 0, 0, 0, 0, 0, 0, 
0, 0.865, 0.84905, 0.86905, 0.90357, 0.89107, 0.87857, 0.86766, 
0.89806, 0.90444, 0.89556, 0.91515, 0.82333, 0.7981, 0.83333, 
0.88095, 0.90536, 0.85179, 0.88155, 0.87444, 0.89222, 0.86667, 
0.91439, 0.0497, 0.0499, 0.0507, 0.0521, 0.0536, 0.0566, 0.0582, 
0.055, 0.0601, 0.0646, 0.0742, 42.4, 39.6, 50.1, 45.5, 54.2, 
62.4, 66.4, 51.7, 71, 60.5, 61.6, 6, 8, 34, 1, 30, 144, 417, 
2, 5, 37, 631, 72, 392, 124, 425, 341, 72, 6, 258, 70, 14, 10, 
100, 100, 100, 100, 100, 100, 100, 100, 100, 100, 100, 2500, 
2500, 2500, 2500, 2500, 2500, 2500, 2500, 2500, 2500, 2500, 8741.45, 
8845.861, 8893.426, 9181.73, 9177.224, 9133.861, 9175.148, 8924.82399999999, 
12789.298, 12471.96, 12570.102, 1, 1, 1, 1, 1, 1, 1, 1, 1, 1, 
1, 0.01754, 0.01754, 0.01754, 0.01754, 0.01754, 0.01754, 0.01754, 
0.01754, 0.01754, 0.01754, 0.01754, 0, 0, 0, 0, 0, 0, 0, 0, 0, 
0, 0, 0, 0, 0, 0, 0, 0, 0, 0, 0, 0, 0, 0.82833, 0.7281, 0.86905, 
0.8869, 0.89107, 0.86429, 0.84405, 0.87583, 0.89444, 0.86444, 
0.89515, 0.82333, 0.77571, 0.83333, 0.8375, 0.89286, 0.85179, 
0.85655, 0.87583, 0.90333, 0.89667, 0.89515, 0.049, 0.0502, 0.0515, 
0.0526, 0.0548, 0.0556, 0.0562, 0.0565, 0.0714, 0.0687, 0.0715, 
42.1, 45.3, 50.1, 53.3, 57.3, 61.5, 65.1, 69.3, 72.8, 76, 81.3, 
1, 1, 1, 1, 1, 1, 1, 1, 1, 1, 1, 1, 1, 1, 1, 1, 1, 1, 1, 1, 1, 
1, 1, 1, 1, 1, 1, 1, 1, 1, 1, 1, 1, 1, 1, 1, 1, 1, 1, 1, 1, 1, 
1, 1, 3.505, 3.474, 3.539, 3.695, 3.735, 3.673, 3.612, 3.564, 
5.127, 4.773, 5.183), .Dim = c(11L, 40L), .Dimnames = list(NULL, 
    c("Sampling", "PSO.cost", "PSO.gamma", "PSO.data.balancing", 
    "PSO.feature.selection", "PSO.valid.acc", "PSO.test.acc", 
    "PSO.train.time", "PSO.n.support.vectors", "PSO.index", "PSO.n.solutions", 
    "PSO.generations", "PSO.n.evaluations", "PSO.cpu.time", "RS.cost", 
    "RS.gamma", "RS.data.balancing", "RS.feature.selection", 
    "RS.valid.acc", "RS.test.acc", "RS.train.time", "RS.n.support.vectors", 
    "RS.index", "RS.n.solutions", "RS.generations", "RS.n.evaluations", 
    "RS.cpu.time", "DF.cost", "DF.gamma", "DF.data.balancing", 
    "DF.feature.selection", "DF.valid.acc", "DF.test.acc", "DF.train.time", 
    "DF.n.support.vectors", "DF.index", "DF.n.solutions", "DF.generations", 
    "DF.n.evaluations", "DF.cpu.time")))
