full <-
structure(c(50, 55, 60, 65, 70, 75, 80, 85, 90, 95, 100, 0.3423, 
7.99815, 7.36576, 1.44534, 14.17232, 1.81415, 13.39466, 8.37785, 
4.80696, 2.28171, 4.2546, -5.08139, -13.58526, -12.52692, -6.79175, 
-13.52135, -7.60282, -6.1126, -13.16215, -10.95566, -7.72906, 
-12.1814, 0, 0, 0, 0, 0, 0, 0, 0, 0, 0, 0, 0, 0, 0, 0, 0, 0, 
0, 0, 0, 0, 0, 0.89833, 0.90667, 0.87524, 0.85238, 0.91964, 0.9131, 
0.90556, 0.93194, 0.91222, 0.90889, 0.88773, 0.86667, 0.91238, 
0.86095, 0.85238, 0.87857, 0.89921, 0.89306, 0.90972, 0.93333, 
0.89889, 0.85773, 0.0489, 0.0564, 0.057, 0.0591, 0.06, 0.0625, 
0.0644, 0.0632, 0.0577, 0.06, 0.0647, 42.4, 41.2, 41.5, 50.8, 
47.8, 57.2, 62.7, 56, 63.6, 67.1, 83.6, 1359, 162, 84, 1056, 
5, 47, 22, 496, 318, 48, 380, 33, 155, 366, 70, 2273, 538, 1526, 
55, 74, 104, 72, 100, 100, 100, 100, 100, 100, 100, 100, 100, 
100, 100, 2500, 2500, 2500, 2500, 2500, 2500, 2500, 2500, 2500, 
2500, 2500, 8546.104, 8685.618, 8611.53, 8683.263, 8686.461, 
8675.054, 8819.084, 8778.42200000001, 8808.158, 8777.076, 8833.35199999998, 
0.20572, 8.74131, 8.16667, 1.71605, 12.74237, 9.04315, 12.55384, 
0.44944, 5.57207, 2.56856, 1.53278, -5.33176, -14.42449, -12.88362, 
-7.46892, -12.20842, -14.70376, -6.56869, -5.27315, -11.31773, 
-8.07454, -9.23903, 0, 0, 0, 0, 0, 0, 0, 0, 0, 0, 0, 0, 0, 0, 
0, 0, 0, 0, 0, 0, 0, 0, 0.89833, 0.90667, 0.87524, 0.85238, 0.91964, 
0.9131, 0.90556, 0.93194, 0.91222, 0.90889, 0.88773, 0.86667, 
0.91238, 0.83238, 0.86905, 0.87857, 0.91171, 0.89306, 0.88861, 
0.94444, 0.89889, 0.85773, 0.0478, 0.0574, 0.0584, 0.0599, 0.0596, 
0.0614, 0.0537, 0.0585, 0.0575, 0.0631, 0.066, 42.4, 41.4, 40.9, 
50.4, 47.9, 52.9, 61.4, 69.7, 61.8, 66.3, 82.7, 896, 760, 369, 
242, 4, 22, 24, 1641, 78, 47, 29, 1, 7, 22, 6, 448, 87, 65, 1, 
7, 9, 16, 100, 100, 100, 100, 100, 100, 100, 100, 100, 100, 100, 
2500, 2500, 2500, 2500, 2500, 2500, 2500, 2500, 2500, 2500, 2500, 
8539.047, 8667.139, 8623.437, 8735.982, 8704.74299999999, 8818.80799999999, 
8787.68000000001, 8810.89700000001, 8824.598, 8807.88999999998, 
8884.79200000002, 1, 1, 1, 1, 1, 1, 1, 1, 1, 1, 1, 0.01754, 0.01754, 
0.01754, 0.01754, 0.01754, 0.01754, 0.01754, 0.01754, 0.01754, 
0.01754, 0.01754, 0, 0, 0, 0, 0, 0, 0, 0, 0, 0, 0, 0, 0, 0, 0, 
0, 0, 0, 0, 0, 0, 0, 0.87833, 0.72905, 0.83333, 0.77619, 0.87857, 
0.87381, 0.88333, 0.88833, 0.90111, 0.86889, 0.87682, 0.84167, 
0.7481, 0.80714, 0.86429, 0.85357, 0.89742, 0.89306, 0.88861, 
0.90111, 0.89889, 0.88591, 0.0558, 0.0503, 0.0505, 0.0507, 0.0517, 
0.0538, 0.0565, 0.0561, 0.0603, 0.0602, 0.0656, 42.3, 46.1, 49.9, 
53.7, 57.5, 61.2, 65, 68.8, 72.6, 76.4, 82.4, 1, 1, 1, 1, 1, 
1, 1, 1, 1, 1, 1, 1, 1, 1, 1, 1, 1, 1, 1, 1, 1, 1, 1, 1, 1, 1, 
1, 1, 1, 1, 1, 1, 1, 1, 1, 1, 1, 1, 1, 1, 1, 1, 1, 1, 3.465, 
3.422, 3.468, 3.449, 3.392, 3.493, 3.5, 3.414, 3.534, 3.509, 
3.516), .Dim = c(11L, 40L), .Dimnames = list(NULL, c("Sampling", 
"PSO.cost", "PSO.gamma", "PSO.data.balancing", "PSO.feature.selection", 
"PSO.valid.acc", "PSO.test.acc", "PSO.train.time", "PSO.n.support.vectors", 
"PSO.index", "PSO.n.solutions", "PSO.generations", "PSO.n.evaluations", 
"PSO.cpu.time", "RS.cost", "RS.gamma", "RS.data.balancing", "RS.feature.selection", 
"RS.valid.acc", "RS.test.acc", "RS.train.time", "RS.n.support.vectors", 
"RS.index", "RS.n.solutions", "RS.generations", "RS.n.evaluations", 
"RS.cpu.time", "DF.cost", "DF.gamma", "DF.data.balancing", "DF.feature.selection", 
"DF.valid.acc", "DF.test.acc", "DF.train.time", "DF.n.support.vectors", 
"DF.index", "DF.n.solutions", "DF.generations", "DF.n.evaluations", 
"DF.cpu.time")))
