full <-
structure(c(50, 55, 60, 65, 70, 75, 80, 85, 90, 95, 100, 2.02016, 
0.00039, 6.24174, 11.54809, 1, 2.31932, 4.25496, 7.05148, 6.36865, 
7.74436, 1.18954, -9.00055, -3.9608, -11.769, -5.12705, 0.01754, 
-3.9661, -4.56159, -5.10822, -5.15605, -6.27289, -5.86079, 0, 
0, 0, 0, 0, 0, 0, 0, 0, 0, 0, 0, 0, 0, 0, 0, 0, 0, 0, 0, 0, 0, 
0.85, 0.83, 0.85238, 0.89464, 0.91607, 0.89821, 0.90556, 0.87444, 
0.88944, 0.92889, 0.92182, 0.77667, 0.77667, 0.8381, 0.85536, 
0.92857, 0.83214, 0.88194, 0.87444, 0.83361, 0.89778, 0.92258, 
0.0492, 0.049, 0.0485, 0.0552, 0.0541, 0.0549, 0.0583, 0.0596, 
0.0676, 0.0637, 0.0665, 42.4, 46.4, 44.7, 54.4, 57.8, 62.4, 66.4, 
70.4, 74, 71.5, 79.5, 165, 905, 92, 16, 1, 5, 154, 21, 17, 45, 
26, 42, 30, 100, 488, 316, 1293, 1040, 1586, 133, 1240, 206, 
100, 100, 100, 100, 100, 100, 100, 100, 100, 100, 100, 2500, 
2500, 2500, 2500, 2500, 2500, 2500, 2500, 2500, 2500, 2500, 8650.16, 
8740.103, 8365.40199999999, 8415.611, 8836.43699999999, 8954.89599999999, 
9072.827, 9016.60799999999, 10929.551, 11194.378, 11148.3, 6.27736, 
4.56419, 7.05615, 8.05921, 14.11494, 3.37843, 13.16831, 7.77688, 
4.56975, 11.36469, 2.83172, -13.44195, -4.40392, -12.62929, -13.89936, 
-5.20984, -3.90637, -4.59714, -4.87727, -5.03202, -6.40644, -8.50473, 
0, 0, 0, 0, 0, 0, 0, 0, 0, 0, 0, 0, 0, 0, 0, 0, 0, 0, 0, 0, 0, 
0, 0.85, 0.81333, 0.85238, 0.89464, 0.91607, 0.89821, 0.90556, 
0.87444, 0.88944, 0.92889, 0.92182, 0.78, 0.79667, 0.8381, 0.86964, 
0.91607, 0.83214, 0.88194, 0.86194, 0.85583, 0.89778, 0.90258, 
0.05, 0.0519, 0.0494, 0.0492, 0.0549, 0.0555, 0.0593, 0.0612, 
0.0695, 0.0701, 0.0704, 42.4, 46.4, 44.7, 47.5, 58.2, 62.4, 66.4, 
70.4, 74.3, 70.5, 69.9, 569, 13, 351, 4, 18, 48, 410, 27, 111, 
3, 167, 4, 65, 8, 71, 196, 42, 5, 54, 31, 61, 35, 100, 100, 100, 
100, 100, 100, 100, 100, 100, 100, 100, 2500, 2500, 2500, 2500, 
2500, 2500, 2500, 2500, 2500, 2500, 2500, 8488.247, 8771.785, 
8378.695, 8549.35600000001, 8805.166, 9004.04700000001, 9033.70599999999, 
10987.579, 11285.365, 11216.671, 11334.558, 1, 1, 1, 1, 1, 1, 
1, 1, 1, 1, 1, 0.01754, 0.01754, 0.01754, 0.01754, 0.01754, 0.01754, 
0.01754, 0.01754, 0.01754, 0.01754, 0.01754, 0, 0, 0, 0, 0, 0, 
0, 0, 0, 0, 0, 0, 0, 0, 0, 0, 0, 0, 0, 0, 0, 0, 0.81333, 0.79667, 
0.76905, 0.88036, 0.91607, 0.87143, 0.88333, 0.85194, 0.85583, 
0.88778, 0.90515, 0.77667, 0.77667, 0.75714, 0.85536, 0.92857, 
0.83214, 0.88194, 0.86333, 0.86583, 0.89778, 0.91424, 0.0492, 
0.0495, 0.0492, 0.053, 0.0535, 0.0567, 0.0599, 0.0653, 0.0616, 
0.0643, 0.0726, 42.4, 46.1, 49.3, 53.6, 57.8, 61.1, 64.7, 69.2, 
72.7, 76, 82, 1, 1, 1, 1, 1, 1, 1, 1, 1, 1, 1, 1, 1, 1, 1, 1, 
1, 1, 1, 1, 1, 1, 1, 1, 1, 1, 1, 1, 1, 1, 1, 1, 1, 1, 1, 1, 1, 
1, 1, 1, 1, 1, 1, 1, 3.547, 3.511, 3.361, 3.532, 3.531, 3.661, 
3.606, 4.45, 4.239, 4.215, 4.652), .Dim = c(11L, 40L), .Dimnames = list(
    NULL, c("Sampling", "PSO.cost", "PSO.gamma", "PSO.data.balancing", 
    "PSO.feature.selection", "PSO.valid.acc", "PSO.test.acc", 
    "PSO.train.time", "PSO.n.support.vectors", "PSO.index", "PSO.n.solutions", 
    "PSO.generations", "PSO.n.evaluations", "PSO.cpu.time", "RS.cost", 
    "RS.gamma", "RS.data.balancing", "RS.feature.selection", 
    "RS.valid.acc", "RS.test.acc", "RS.train.time", "RS.n.support.vectors", 
    "RS.index", "RS.n.solutions", "RS.generations", "RS.n.evaluations", 
    "RS.cpu.time", "DF.cost", "DF.gamma", "DF.data.balancing", 
    "DF.feature.selection", "DF.valid.acc", "DF.test.acc", "DF.train.time", 
    "DF.n.support.vectors", "DF.index", "DF.n.solutions", "DF.generations", 
    "DF.n.evaluations", "DF.cpu.time")))
