full <-
structure(c(50, 55, 60, 65, 70, 75, 80, 85, 90, 95, 100, 7.29717, 
1, 4.96215, 11.24335, 14.96358, 0.40242, 11.65678, 5.90341, 0.14592, 
6.94614, 9.66316, -4.86138, 0.01754, -6.73639, -5.17993, -4.91629, 
-5.87571, -5.48405, -11.79581, -5.3682, -12.87424, -15, 0, 0, 
0, 0, 0, 0, 0, 0, 0, 0, 0, 0, 0, 0, 0, 0, 0, 0, 0, 0, 0, 0, 0.84, 
0.78905, 0.87619, 0.88631, 0.8869, 0.90853, 0.88492, 0.90833, 
0.89222, 0.9196, 0.92682, 0.80667, 0.73238, 0.85476, 0.85714, 
0.8869, 0.88452, 0.87242, 0.8625, 0.88111, 0.8796, 0.89864, 0.0492, 
0.0517, 0.0533, 0.0562, 0.0564, 0.0571, 0.058, 0.0587, 0.0613, 
0.0621, 0.0644, 42.4, 45.6, 47.5, 53.8, 58.4, 61, 65.4, 56.4, 
73.1, 62.9, 63.7, 104, 1, 67, 167, 14, 146, 27, 176, 78, 162, 
282, 1078, 189, 1283, 898, 1492, 401, 1585, 57, 601, 83, 182, 
100, 100, 100, 100, 100, 100, 100, 100, 100, 100, 100, 2500, 
2500, 2500, 2500, 2500, 2500, 2500, 2500, 2500, 2500, 2500, 8888.714, 
9023.519, 9047.475, 9213.164, 9234.78499999999, 9344.895, 9253.67200000001, 
9370.285, 9356.12999999998, 9477.897, 9495.09699999998, 7.32669, 
-0.09576, 1.71137, 13.33182, 14.06612, 2.6042, 8.83937, 1.73437, 
0.35868, 5.6027, 9.48788, -4.8465, -5.28195, -6.41384, -5.21017, 
-4.77171, -8.99012, -5.00544, -7.38798, -5.00654, -11.52211, 
-14.80383, 0, 0, 0, 0, 0, 0, 0, 0, 0, 0, 0, 0, 0, 0, 0, 0, 0, 
0, 0, 0, 0, 0, 0.84, 0.78905, 0.87619, 0.88631, 0.8869, 0.90853, 
0.88492, 0.90972, 0.89222, 0.9196, 0.92682, 0.80667, 0.73571, 
0.8381, 0.85714, 0.8869, 0.88313, 0.85813, 0.87361, 0.85889, 
0.8796, 0.89864, 0.0502, 0.052, 0.0535, 0.0542, 0.0586, 0.0568, 
0.059, 0.0582, 0.0611, 0.061, 0.0637, 42.4, 46.1, 48.1, 53.8, 
58.4, 55.4, 65.8, 59.5, 73.7, 63.2, 63.5, 90, 3, 57, 131, 31, 
293, 20, 1679, 118, 1223, 53, 10, 40, 41, 14, 73, 28, 77, 1, 
4, 1, 3, 100, 100, 100, 100, 100, 100, 100, 100, 100, 100, 100, 
2500, 2500, 2500, 2500, 2500, 2500, 2500, 2500, 2500, 2500, 2500, 
8908.017, 9005.905, 9030.247, 9305.168, 9360.76299999999, 9278.226, 
9298.702, 9289.96100000001, 9353.19499999998, 9470.60400000002, 
9622.894, 1, 1, 1, 1, 1, 1, 1, 1, 1, 1, 1, 0.01754, 0.01754, 
0.01754, 0.01754, 0.01754, 0.01754, 0.01754, 0.01754, 0.01754, 
0.01754, 0.01754, 0, 0, 0, 0, 0, 0, 0, 0, 0, 0, 0, 0, 0, 0, 0, 
0, 0, 0, 0, 0, 0, 0, 0.80667, 0.78905, 0.85476, 0.88393, 0.8744, 
0.89425, 0.87242, 0.82917, 0.88111, 0.90869, 0.89439, 0.80667, 
0.73238, 0.85476, 0.86131, 0.8869, 0.89563, 0.84524, 0.87361, 
0.88111, 0.87869, 0.89439, 0.0508, 0.0533, 0.0525, 0.0537, 0.0577, 
0.0575, 0.0589, 0.0606, 0.0617, 0.0633, 0.0648, 42, 45.6, 49.6, 
53.6, 57.4, 61.4, 65.5, 68.3, 71.9, 75.9, 81.6, 1, 1, 1, 1, 1, 
1, 1, 1, 1, 1, 1, 1, 1, 1, 1, 1, 1, 1, 1, 1, 1, 1, 1, 1, 1, 1, 
1, 1, 1, 1, 1, 1, 1, 1, 1, 1, 1, 1, 1, 1, 1, 1, 1, 1, 3.537, 
3.594, 3.656, 3.665, 3.85, 3.739, 3.668, 3.694, 3.769, 3.751, 
3.785), .Dim = c(11L, 40L), .Dimnames = list(NULL, c("Sampling", 
"PSO.cost", "PSO.gamma", "PSO.data.balancing", "PSO.feature.selection", 
"PSO.valid.acc", "PSO.test.acc", "PSO.train.time", "PSO.n.support.vectors", 
"PSO.index", "PSO.n.solutions", "PSO.generations", "PSO.n.evaluations", 
"PSO.cpu.time", "RS.cost", "RS.gamma", "RS.data.balancing", "RS.feature.selection", 
"RS.valid.acc", "RS.test.acc", "RS.train.time", "RS.n.support.vectors", 
"RS.index", "RS.n.solutions", "RS.generations", "RS.n.evaluations", 
"RS.cpu.time", "DF.cost", "DF.gamma", "DF.data.balancing", "DF.feature.selection", 
"DF.valid.acc", "DF.test.acc", "DF.train.time", "DF.n.support.vectors", 
"DF.index", "DF.n.solutions", "DF.generations", "DF.n.evaluations", 
"DF.cpu.time")))
