full <-
structure(c(50, 55, 60, 65, 70, 75, 80, 85, 90, 95, 100, 6.9546, 
7.98086, 8.89939, 10.02827, 0.56868, 11.63117, 6.63948, 8.69278, 
3.38296, 9.10924, 2.36721, -12.51123, -4.48645, -4.34848, -15, 
-5.82127, -5.06547, -11.82679, -15, -8.3459, -4.76483, -8.30341, 
0, 0, 0, 0, 0, 0, 0, 0, 0, 0, 0, 0, 0, 0, 0, 0, 0, 0, 0, 0, 0, 
0, 0.96, 0.96333, 0.91905, 0.94048, 0.89405, 0.89782, 0.9246, 
0.91806, 0.9225, 0.90667, 0.9253, 0.94, 0.93, 0.88333, 0.9, 0.87738, 
0.88532, 0.87738, 0.87083, 0.87889, 0.89667, 0.89364, 0.051, 
0.0522, 0.0484, 0.0542, 0.0525, 0.0513, 0.0557, 0.0523, 0.0559, 
0.0597, 0.057, 37.4, 46.4, 50.4, 45.1, 57.3, 62.1, 53.8, 60.3, 
61.6, 78.4, 71.1, 30, 37, 450, 177, 749, 123, 846, 96, 124, 228, 
1857, 588, 902, 129, 74, 278, 480, 83, 320, 479, 864, 6, 100, 
100, 100, 100, 100, 100, 100, 100, 100, 100, 100, 2500, 2500, 
2500, 2500, 2500, 2500, 2500, 2500, 2500, 2500, 2500, 8269.594, 
8489.289, 8417.514, 8336.79, 8705.98, 8140.92000000001, 8659.45, 
7985.23000000001, 8184.39600000001, 8742.628, 8151.41, 4.4467, 
3.05874, 0.62798, 6.74275, 1.20623, 1.34678, 8.83692, 9.27701, 
9.47918, 1.8612, 2.31406, -9.99187, -4.49351, -4.36212, -11.70759, 
-6.74505, -6.8249, -14.13742, -14.42371, -14.97746, -4.8382, 
-8.1663, 0, 0, 0, 0, 0, 0, 0, 0, 0, 0, 0, 0, 0, 0, 0, 0, 0, 0, 
0, 0, 0, 0, 0.96, 0.96333, 0.91905, 0.94048, 0.89405, 0.89782, 
0.9246, 0.91806, 0.9225, 0.90667, 0.9253, 0.94, 0.93, 0.88333, 
0.9, 0.87738, 0.89782, 0.87738, 0.86083, 0.86889, 0.89667, 0.89364, 
0.0513, 0.0521, 0.0483, 0.0527, 0.0537, 0.0517, 0.0527, 0.0526, 
0.0534, 0.0591, 0.0579, 37.8, 46.4, 50.4, 45.5, 54.7, 58.3, 53.8, 
54.9, 59.9, 78.3, 70.8, 17, 17, 280, 231, 212, 40, 481, 184, 
311, 173, 2084, 73, 17, 7, 3, 10, 42, 5, 40, 11, 17, 1, 100, 
100, 100, 100, 100, 100, 100, 100, 100, 100, 100, 2500, 2500, 
2500, 2500, 2500, 2500, 2500, 2500, 2500, 2500, 2500, 8231.085, 
8469.821, 8306.08199999999, 8806.317, 8312.308, 8456.018, 8179.183, 
8214.48699999999, 8218.71100000001, 8142.109, 8127.83200000002, 
1, 1, 1, 1, 1, 1, 1, 1, 1, 1, 1, 0.01754, 0.01754, 0.01754, 0.01754, 
0.01754, 0.01754, 0.01754, 0.01754, 0.01754, 0.01754, 0.01754, 
0, 0, 0, 0, 0, 0, 0, 0, 0, 0, 0, 0, 0, 0, 0, 0, 0, 0, 0, 0, 0, 
0, 0.94, 0.93, 0.88571, 0.90952, 0.8506, 0.87103, 0.86667, 0.88194, 
0.85778, 0.89667, 0.9153, 0.94, 0.93, 0.91667, 0.92143, 0.86488, 
0.84742, 0.85694, 0.88333, 0.88778, 0.88667, 0.90273, 0.052, 
0.0491, 0.0481, 0.0542, 0.0508, 0.0566, 0.0522, 0.0554, 0.06, 
0.0596, 0.0612, 42.3, 46.4, 50, 54.1, 57.6, 61.9, 65.3, 69.3, 
72.5, 76.2, 81.6, 1, 1, 1, 1, 1, 1, 1, 1, 1, 1, 1, 1, 1, 1, 1, 
1, 1, 1, 1, 1, 1, 1, 1, 1, 1, 1, 1, 1, 1, 1, 1, 1, 1, 1, 1, 1, 
1, 1, 1, 1, 1, 1, 1, 1, 3.502, 3.307, 3.191, 3.723, 3.229, 3.612, 
3.114, 3.295, 3.647, 3.332, 3.37), .Dim = c(11L, 40L), .Dimnames = list(
    NULL, c("Sampling", "PSO.cost", "PSO.gamma", "PSO.data.balancing", 
    "PSO.feature.selection", "PSO.valid.acc", "PSO.test.acc", 
    "PSO.train.time", "PSO.n.support.vectors", "PSO.index", "PSO.n.solutions", 
    "PSO.generations", "PSO.n.evaluations", "PSO.cpu.time", "RS.cost", 
    "RS.gamma", "RS.data.balancing", "RS.feature.selection", 
    "RS.valid.acc", "RS.test.acc", "RS.train.time", "RS.n.support.vectors", 
    "RS.index", "RS.n.solutions", "RS.generations", "RS.n.evaluations", 
    "RS.cpu.time", "DF.cost", "DF.gamma", "DF.data.balancing", 
    "DF.feature.selection", "DF.valid.acc", "DF.test.acc", "DF.train.time", 
    "DF.n.support.vectors", "DF.index", "DF.n.solutions", "DF.generations", 
    "DF.n.evaluations", "DF.cpu.time")))
