full <-
structure(c(50, 55, 60, 65, 70, 75, 80, 85, 90, 95, 100, 1.95088, 
6.58296, 3.29258, 8.52922, 0.9904, 4.80809, 1, 11.25521, 11.90546, 
5.51567, 0.90987, -5.77404, -6.84351, -6.20789, -3.64703, -6.70253, 
-10.05233, 0.01754, -4.19284, -3.77815, -7.17545, -6.63592, 0, 
0, 0, 0, 0, 0, 0, 0, 0, 0, 0, 0, 0, 0, 0, 0, 0, 0, 0, 0, 0, 0, 
0.88, 0.92667, 0.93571, 0.92798, 0.94643, 0.9625, 0.91528, 0.92167, 
0.93639, 0.95, 0.89818, 0.84, 0.91, 0.93571, 0.87262, 0.91964, 
0.92321, 0.91528, 0.90917, 0.91417, 0.9175, 0.90545, 0.0522, 
0.0509, 0.0491, 0.0548, 0.0574, 0.0591, 0.0604, 0.0617, 0.0568, 
0.0648, 0.064, 42.4, 45, 49.6, 54.4, 56.1, 53.8, 65.5, 70.4, 
74.4, 66, 76.3, 4, 44, 56, 421, 1875, 93, 1, 66, 131, 2, 802, 
1603, 1130, 1103, 280, 15, 738, 1498, 1286, 147, 1794, 45, 100, 
100, 100, 100, 100, 100, 100, 100, 100, 100, 100, 2500, 2500, 
2500, 2500, 2500, 2500, 2500, 2500, 2500, 2500, 2500, 8418.003, 
8681.509, 8871.95800000001, 9081.214, 8997.893, 9098.609, 8983.389, 
9093.18900000001, 8635.66999999998, 9077.571, 9079.28099999999, 
13.44882, 12.40503, 0.78431, 7.99526, 1.41007, 7.04522, 5.95562, 
10.69052, 11.62607, 9.58169, 7.38709, -8.19078, -7.00433, -6.21757, 
-3.65364, -7.44216, -12.25748, -9.09891, -3.95737, -3.79085, 
-9.44725, -5.21075, 0, 0, 0, 0, 0, 0, 0, 0, 0, 0, 0, 0, 0, 0, 
0, 0, 0, 0, 0, 0, 0, 0, 0.88, 0.92667, 0.93571, 0.92798, 0.94643, 
0.9625, 0.91528, 0.92167, 0.93639, 0.95, 0.89727, 0.88, 0.91, 
0.92143, 0.8869, 0.91964, 0.92321, 0.91528, 0.91028, 0.91417, 
0.895, 0.88636, 0.0496, 0.0516, 0.0547, 0.0551, 0.0574, 0.055, 
0.0571, 0.0564, 0.0575, 0.0599, 0.0645, 38.8, 44.9, 49.7, 54.4, 
54.8, 53.3, 55.3, 70.4, 74.4, 59.6, 84.1, 3, 128, 60, 273, 1166, 
37, 1, 68, 69, 1, 54, 343, 25, 56, 2, 1, 38, 1035, 48, 7, 621, 
42, 100, 100, 100, 100, 100, 100, 100, 100, 100, 100, 100, 2500, 
2500, 2500, 2500, 2500, 2500, 2500, 2500, 2500, 2500, 2500, 8517.951, 
8872.3, 9129.485, 8970.823, 9286.69, 8687.996, 9151.74800000001, 
8747.65100000001, 8903.76599999997, 9219.005, 9001.00700000001, 
1, 1, 1, 1, 1, 1, 1, 1, 1, 1, 1, 0.01754, 0.01754, 0.01754, 0.01754, 
0.01754, 0.01754, 0.01754, 0.01754, 0.01754, 0.01754, 0.01754, 
0, 0, 0, 0, 0, 0, 0, 0, 0, 0, 0, 0, 0, 0, 0, 0, 0, 0, 0, 0, 0, 
0, 0.74333, 0.89333, 0.90714, 0.88452, 0.92143, 0.93571, 0.91528, 
0.88917, 0.91417, 0.93, 0.87985, 0.78667, 0.91, 0.90714, 0.8869, 
0.90714, 0.89643, 0.91528, 0.91167, 0.91417, 0.92, 0.90636, 0.0492, 
0.0518, 0.0571, 0.0536, 0.0586, 0.0563, 0.0594, 0.0603, 0.0615, 
0.066, 0.0622, 42.4, 46.4, 50.4, 54.4, 58.4, 62.2, 65.5, 69.1, 
73.1, 75.5, 81.8, 1, 1, 1, 1, 1, 1, 1, 1, 1, 1, 1, 1, 1, 1, 1, 
1, 1, 1, 1, 1, 1, 1, 1, 1, 1, 1, 1, 1, 1, 1, 1, 1, 1, 1, 1, 1, 
1, 1, 1, 1, 1, 1, 1, 1, 3.387, 3.644, 3.684, 3.588, 3.729, 3.61, 
3.578, 3.714, 3.851, 3.823, 3.54), .Dim = c(11L, 40L), .Dimnames = list(
    NULL, c("Sampling", "PSO.cost", "PSO.gamma", "PSO.data.balancing", 
    "PSO.feature.selection", "PSO.valid.acc", "PSO.test.acc", 
    "PSO.train.time", "PSO.n.support.vectors", "PSO.index", "PSO.n.solutions", 
    "PSO.generations", "PSO.n.evaluations", "PSO.cpu.time", "RS.cost", 
    "RS.gamma", "RS.data.balancing", "RS.feature.selection", 
    "RS.valid.acc", "RS.test.acc", "RS.train.time", "RS.n.support.vectors", 
    "RS.index", "RS.n.solutions", "RS.generations", "RS.n.evaluations", 
    "RS.cpu.time", "DF.cost", "DF.gamma", "DF.data.balancing", 
    "DF.feature.selection", "DF.valid.acc", "DF.test.acc", "DF.train.time", 
    "DF.n.support.vectors", "DF.index", "DF.n.solutions", "DF.generations", 
    "DF.n.evaluations", "DF.cpu.time")))
