full <-
structure(c(50, 55, 60, 65, 70, 75, 80, 85, 90, 95, 100, 5.02124, 
1, 8.84456, 5.99162, 2.34032, 6.51866, 12.0766, 3.89388, 3.49656, 
5.39455, 4.1521, -5.63444, 0.01754, -9.24742, -12.11389, -6.21231, 
-5.90087, -10.63097, -10.29428, -8.66585, -10.5342, -9.52072, 
0, 0, 0, 0, 0, 0, 0, 0, 0, 0, 0, 0, 0, 0, 0, 0, 0, 0, 0, 0, 0, 
0, 0.88667, 0.87048, 0.87381, 0.87143, 0.93036, 0.9746, 0.89583, 
0.95556, 0.91778, 0.93889, 0.93258, 0.85, 0.83048, 0.87143, 0.86905, 
0.93036, 0.92877, 0.87083, 0.92222, 0.91667, 0.92869, 0.88621, 
0.0516, 0.0525, 0.0502, 0.0486, 0.0513, 0.0539, 0.0596, 0.0539, 
0.0608, 0.0623, 0.062, 42.4, 46.1, 42.7, 48.6, 55.1, 60.5, 55.2, 
61.8, 59.9, 60.5, 66.4, 31, 1, 13, 16, 6, 57, 13, 57, 41, 137, 
28, 1534, 141, 870, 183, 1220, 1150, 1701, 77, 174, 497, 265, 
100, 100, 100, 100, 100, 100, 100, 100, 100, 100, 100, 2500, 
2500, 2500, 2500, 2500, 2500, 2500, 2500, 2500, 2500, 2500, 8289.517, 
8137.68, 8443.689, 8486.163, 8647.236, 8727.10399999999, 8861.30200000001, 
8716.238, 9059.71899999998, 8870.97500000001, 9019.42200000002, 
2.35913, 5.21767, 3.72139, 8.09127, 12.79412, 5.07382, 0.69043, 
3.77788, 3.0807, 5.96317, 3.33496, -6.03053, -11.89655, -8.61583, 
-14.29789, -6.35765, -5.89141, -6.31038, -10.07843, -8.15429, 
-11.76226, -8.51694, 0, 0, 0, 0, 0, 0, 0, 0, 0, 0, 0, 0, 0, 0, 
0, 0, 0, 0, 0, 0, 0, 0, 0.88667, 0.87048, 0.87381, 0.87143, 0.93036, 
0.9746, 0.90556, 0.95556, 0.91778, 0.93889, 0.93258, 0.86667, 
0.88143, 0.87143, 0.86905, 0.93036, 0.92877, 0.89583, 0.93333, 
0.91667, 0.90869, 0.88712, 0.0476, 0.0528, 0.0486, 0.0517, 0.0569, 
0.0536, 0.058, 0.06, 0.0606, 0.0598, 0.0623, 42.2, 43.4, 43.3, 
48.7, 54.7, 60.5, 62.4, 61.1, 60.7, 63, 67.3, 28, 94, 31, 37, 
19, 79, 643, 24, 452, 14, 69, 91, 47, 287, 20, 86, 30, 4, 3, 
1, 61, 22, 100, 100, 100, 100, 100, 100, 100, 100, 100, 100, 
100, 2500, 2500, 2500, 2500, 2500, 2500, 2500, 2500, 2500, 2500, 
2500, 7970.62, 8374.299, 8274.06200000001, 8649.63200000001, 
8415.39899999999, 8827.738, 8578.29299999999, 9028.292, 9027.15600000002, 
8940.03399999999, 9143.595, 1, 1, 1, 1, 1, 1, 1, 1, 1, 1, 1, 
0.01754, 0.01754, 0.01754, 0.01754, 0.01754, 0.01754, 0.01754, 
0.01754, 0.01754, 0.01754, 0.01754, 0, 0, 0, 0, 0, 0, 0, 0, 0, 
0, 0, 0, 0, 0, 0, 0, 0, 0, 0, 0, 0, 0, 0.81667, 0.87048, 0.84048, 
0.86905, 0.8625, 0.91448, 0.88056, 0.92222, 0.88667, 0.90869, 
0.88697, 0.79667, 0.83048, 0.85714, 0.86905, 0.90714, 0.86409, 
0.86766, 0.9, 0.91528, 0.9096, 0.8597, 0.0475, 0.0497, 0.0488, 
0.0528, 0.0542, 0.0552, 0.0539, 0.0603, 0.0619, 0.063, 0.0639, 
42.4, 46.1, 50.2, 53.7, 57.5, 61.6, 65.1, 69.1, 72.5, 76.3, 81.4, 
1, 1, 1, 1, 1, 1, 1, 1, 1, 1, 1, 1, 1, 1, 1, 1, 1, 1, 1, 1, 1, 
1, 1, 1, 1, 1, 1, 1, 1, 1, 1, 1, 1, 1, 1, 1, 1, 1, 1, 1, 1, 1, 
1, 1, 3.213, 3.355, 3.207, 3.375, 3.404, 3.326, 3.229, 3.681, 
3.612, 3.604, 3.686), .Dim = c(11L, 40L), .Dimnames = list(NULL, 
    c("Sampling", "PSO.cost", "PSO.gamma", "PSO.data.balancing", 
    "PSO.feature.selection", "PSO.valid.acc", "PSO.test.acc", 
    "PSO.train.time", "PSO.n.support.vectors", "PSO.index", "PSO.n.solutions", 
    "PSO.generations", "PSO.n.evaluations", "PSO.cpu.time", "RS.cost", 
    "RS.gamma", "RS.data.balancing", "RS.feature.selection", 
    "RS.valid.acc", "RS.test.acc", "RS.train.time", "RS.n.support.vectors", 
    "RS.index", "RS.n.solutions", "RS.generations", "RS.n.evaluations", 
    "RS.cpu.time", "DF.cost", "DF.gamma", "DF.data.balancing", 
    "DF.feature.selection", "DF.valid.acc", "DF.test.acc", "DF.train.time", 
    "DF.n.support.vectors", "DF.index", "DF.n.solutions", "DF.generations", 
    "DF.n.evaluations", "DF.cpu.time")))
