full <-
structure(c(50, 55, 60, 65, 70, 75, 80, 85, 90, 95, 100, 5.89047, 
9.06339, 9.80429, 5.11748, 7.74493, 5.08722, 1.44379, 11.62793, 
11.77928, 7.78401, 2.59651, -4.19879, -14.83785, -12.45725, -11.0676, 
-4.81443, -11.37549, -4.66151, -6.31371, -3.88458, -3.83245, 
-7.93026, 0, 0, 0, 0, 0, 0, 0, 0, 0, 0, 0, 0, 0, 0, 0, 0, 0, 
0, 0, 0, 0, 0, 0.92667, 0.89667, 0.92143, 0.90952, 0.92798, 0.95, 
0.93889, 0.94444, 0.94528, 0.95, 0.94364, 0.85667, 0.84667, 0.93571, 
0.87857, 0.92798, 0.925, 0.92778, 0.91083, 0.90194, 0.91889, 
0.92364, 0.0476, 0.0478, 0.0599, 0.0592, 0.0569, 0.057, 0.0637, 
0.0623, 0.0678, 0.0725, 0.0702, 42.4, 43.3, 45.1, 49.4, 58.4, 
55.6, 66.4, 65, 74.4, 78.4, 69.6, 3, 454, 3, 6, 27, 60, 59, 8, 
23, 63, 3, 1248, 67, 2085, 191, 1400, 121, 1261, 1217, 330, 1212, 
426, 100, 100, 100, 100, 100, 100, 100, 100, 100, 100, 100, 2500, 
2500, 2500, 2500, 2500, 2500, 2500, 2500, 2500, 2500, 2500, 8335.304, 
10168.903, 11272.389, 10511.095, 10289.768, 10806.91, 11105.849, 
11551.609, 11989.707, 12009.371, 11940.27, 14.33846, 4.78885, 
11.32952, 8.07987, 0.85789, 3.63615, 10.61536, 1.12501, 0.93081, 
0.12529, 7.90564, -4.20503, -10.43805, -14.15248, -14.03733, 
-7.30036, -9.89185, -4.89328, -6.13749, -3.8818, -3.90026, -13.38891, 
0, 0, 0, 0, 0, 0, 0, 0, 0, 0, 0, 0, 0, 0, 0, 0, 0, 0, 0, 0, 0, 
0, 0.92667, 0.89667, 0.92143, 0.90952, 0.92976, 0.95, 0.93889, 
0.94444, 0.94528, 0.95, 0.94364, 0.85667, 0.86333, 0.93571, 0.87857, 
0.92381, 0.925, 0.92778, 0.91083, 0.90194, 0.92889, 0.92364, 
0.0474, 0.0579, 0.0587, 0.0579, 0.0554, 0.0652, 0.0607, 0.0673, 
0.0676, 0.0708, 0.0708, 42.4, 43.4, 44.9, 49.2, 56.4, 56, 66.4, 
65.6, 74.4, 78.4, 65, 2, 1859, 10, 64, 8, 205, 16, 77, 66, 90, 
35, 59, 3, 340, 32, 19, 6, 91, 70, 7, 37, 153, 100, 100, 100, 
100, 100, 100, 100, 100, 100, 100, 100, 2500, 2500, 2500, 2500, 
2500, 2500, 2500, 2500, 2500, 2500, 2500, 8312.084, 11257.655, 
11232.902, 10280.827, 10308.554, 11059.075, 11286.069, 11754.553, 
11921.545, 12019.411, 11981.071, 1, 1, 1, 1, 1, 1, 1, 1, 1, 1, 
1, 0.01754, 0.01754, 0.01754, 0.01754, 0.01754, 0.01754, 0.01754, 
0.01754, 0.01754, 0.01754, 0.01754, 0, 0, 0, 0, 0, 0, 0, 0, 0, 
0, 0, 0, 0, 0, 0, 0, 0, 0, 0, 0, 0, 0, 0.85333, 0.84333, 0.82619, 
0.90714, 0.91548, 0.92321, 0.92639, 0.93333, 0.93389, 0.94, 0.91636, 
0.83667, 0.81333, 0.85476, 0.86429, 0.92381, 0.925, 0.91667, 
0.93194, 0.90167, 0.93, 0.92545, 0.0503, 0.0578, 0.0608, 0.0549, 
0.0558, 0.065, 0.0607, 0.0662, 0.0666, 0.0698, 0.0724, 42.4, 
46.4, 50.1, 54.1, 57.9, 61.4, 65.3, 68.2, 72.5, 75.8, 81.9, 1, 
1, 1, 1, 1, 1, 1, 1, 1, 1, 1, 1, 1, 1, 1, 1, 1, 1, 1, 1, 1, 1, 
1, 1, 1, 1, 1, 1, 1, 1, 1, 1, 1, 1, 1, 1, 1, 1, 1, 1, 1, 1, 1, 
1, 3.324, 4.529, 4.524, 4.034, 4.139, 4.615, 4.284, 4.738, 4.694, 
4.686, 4.852), .Dim = c(11L, 40L), .Dimnames = list(NULL, c("Sampling", 
"PSO.cost", "PSO.gamma", "PSO.data.balancing", "PSO.feature.selection", 
"PSO.valid.acc", "PSO.test.acc", "PSO.train.time", "PSO.n.support.vectors", 
"PSO.index", "PSO.n.solutions", "PSO.generations", "PSO.n.evaluations", 
"PSO.cpu.time", "RS.cost", "RS.gamma", "RS.data.balancing", "RS.feature.selection", 
"RS.valid.acc", "RS.test.acc", "RS.train.time", "RS.n.support.vectors", 
"RS.index", "RS.n.solutions", "RS.generations", "RS.n.evaluations", 
"RS.cpu.time", "DF.cost", "DF.gamma", "DF.data.balancing", "DF.feature.selection", 
"DF.valid.acc", "DF.test.acc", "DF.train.time", "DF.n.support.vectors", 
"DF.index", "DF.n.solutions", "DF.generations", "DF.n.evaluations", 
"DF.cpu.time")))
