full <-
structure(c(50, 55, 60, 65, 70, 75, 80, 85, 90, 95, 100, 11.30143, 
5.4896, 8.05017, 13.36946, 2.46289, 14.17852, 4.51108, 7.68572, 
4.64987, 7.92871, 9.01696, -5.50332, -10.42704, -13.88446, -5.86224, 
-9.07625, -5.4647, -11.15192, -11.54834, -9.48576, -6.17206, 
-15, 0, 0, 0, 0, 0, 0, 0, 0, 0, 0, 0, 0, 0, 0, 0, 0, 0, 0, 0, 
0, 0, 0, 0.89, 0.87667, 0.93333, 0.94226, 0.92143, 0.9375, 0.91806, 
0.93306, 0.92556, 0.92646, 0.93439, 0.92333, 0.93, 0.90238, 0.92798, 
0.87857, 0.90893, 0.89444, 0.90083, 0.835, 0.91939, 0.90788, 
0.0507, 0.0479, 0.0521, 0.0509, 0.0564, 0.0527, 0.0552, 0.0552, 
0.057, 0.0661, 0.065, 42.4, 39.1, 43.6, 53.3, 54.5, 62.1, 60.6, 
54.5, 59.4, 72, 67.8, 14, 2, 76, 13, 104, 12, 825, 18, 44, 49, 
274, 938, 1867, 180, 1372, 241, 586, 92, 1576, 304, 1381, 100, 
100, 100, 100, 100, 100, 100, 100, 100, 100, 100, 100, 2500, 
2500, 2500, 2500, 2500, 2500, 2500, 2500, 2500, 2500, 2500, 8647.956, 
8635.642, 8616.838, 8522.749, 8900.808, 8499.65700000001, 8728.156, 
8723.269, 8683.524, 9573.83100000001, 9563.51999999999, 0.88381, 
5.9172, 7.28704, 2.37583, 2.28576, 2.75071, 4.45385, 4.54786, 
9.49643, 13.69286, 6.51994, -5.65214, -9.57915, -13.02934, -5.90258, 
-8.83727, -9.78258, -11.1033, -8.4936, -14.04767, -6.06782, -12.47102, 
0, 0, 0, 0, 0, 0, 0, 0, 0, 0, 0, 0, 0, 0, 0, 0, 0, 0, 0, 0, 0, 
0, 0.89, 0.87667, 0.93333, 0.94226, 0.92143, 0.9375, 0.91806, 
0.93306, 0.92556, 0.92646, 0.93439, 0.90667, 0.93, 0.90238, 0.92798, 
0.87857, 0.89643, 0.89444, 0.92194, 0.86861, 0.91939, 0.90788, 
0.0529, 0.0497, 0.0525, 0.0545, 0.0511, 0.0592, 0.0577, 0.0554, 
0.0571, 0.0657, 0.0652, 42.2, 39.3, 43.5, 53.1, 54.4, 59.3, 60.6, 
57.1, 56, 72.7, 67.9, 424, 10, 1108, 57, 12, 6, 39, 6, 137, 98, 
26, 13, 822, 8, 216, 30, 224, 4, 567, 28, 35, 2, 100, 100, 100, 
100, 100, 100, 100, 100, 100, 100, 100, 2500, 2500, 2500, 2500, 
2500, 2500, 2500, 2500, 2500, 2500, 2500, 8771.423, 8584.918, 
8661.463, 8635.121, 8467.77499999999, 8787.463, 8669.087, 8701.44900000001, 
9103.93700000001, 9466.75499999998, 9431.58499999999, 1, 1, 1, 
1, 1, 1, 1, 1, 1, 1, 1, 0.01754, 0.01754, 0.01754, 0.01754, 0.01754, 
0.01754, 0.01754, 0.01754, 0.01754, 0.01754, 0.01754, 0, 0, 0, 
0, 0, 0, 0, 0, 0, 0, 0, 0, 0, 0, 0, 0, 0, 0, 0, 0, 0, 0, 0.71667, 
0.7981, 0.86905, 0.92798, 0.89286, 0.925, 0.88194, 0.87333, 0.89222, 
0.88646, 0.90455, 0.73667, 0.78143, 0.88571, 0.91548, 0.90536, 
0.89643, 0.85833, 0.88694, 0.88222, 0.91848, 0.87879, 0.0494, 
0.0518, 0.0493, 0.055, 0.0524, 0.0529, 0.0581, 0.0562, 0.0625, 
0.0629, 0.0675, 41.9, 45.3, 50.2, 54.1, 57.9, 62, 65.6, 68.6, 
72.6, 76.1, 81.4, 1, 1, 1, 1, 1, 1, 1, 1, 1, 1, 1, 1, 1, 1, 1, 
1, 1, 1, 1, 1, 1, 1, 1, 1, 1, 1, 1, 1, 1, 1, 1, 1, 1, 1, 1, 1, 
1, 1, 1, 1, 1, 1, 1, 1, 3.318, 3.561, 3.269, 3.624, 3.31, 3.282, 
3.539, 3.355, 3.853, 3.843, 3.835), .Dim = c(11L, 40L), .Dimnames = list(
    NULL, c("Sampling", "PSO.cost", "PSO.gamma", "PSO.data.balancing", 
    "PSO.feature.selection", "PSO.valid.acc", "PSO.test.acc", 
    "PSO.train.time", "PSO.n.support.vectors", "PSO.index", "PSO.n.solutions", 
    "PSO.generations", "PSO.n.evaluations", "PSO.cpu.time", "RS.cost", 
    "RS.gamma", "RS.data.balancing", "RS.feature.selection", 
    "RS.valid.acc", "RS.test.acc", "RS.train.time", "RS.n.support.vectors", 
    "RS.index", "RS.n.solutions", "RS.generations", "RS.n.evaluations", 
    "RS.cpu.time", "DF.cost", "DF.gamma", "DF.data.balancing", 
    "DF.feature.selection", "DF.valid.acc", "DF.test.acc", "DF.train.time", 
    "DF.n.support.vectors", "DF.index", "DF.n.solutions", "DF.generations", 
    "DF.n.evaluations", "DF.cpu.time")))
