full <-
structure(c(50, 55, 60, 65, 70, 75, 80, 85, 90, 95, 100, 6.094, 
3.28238, 0.86616, 10.29021, 13.63371, 0.12475, 10.55067, 5.46812, 
0.43524, 1.14698, 6.68839, -4.52962, -4.79116, -6.12949, -3.76735, 
-7.69902, -5.43524, -4.40535, -12.17126, -6.57119, -6.761, -13.34851, 
0, 0, 0, 0, 0, 0, 0, 0, 0, 0, 0, 0, 0, 0, 0, 0, 0, 0, 0, 0, 0, 
0, 0.83333, 0.86, 0.91667, 0.88333, 0.87976, 0.90833, 0.92778, 
0.92417, 0.91778, 0.94778, 0.92515, 0.81667, 0.89667, 0.86667, 
0.77857, 0.84702, 0.87083, 0.88056, 0.89056, 0.90528, 0.90667, 
0.87682, 0.0466, 0.0456, 0.0468, 0.0518, 0.0533, 0.054, 0.0561, 
0.0581, 0.0597, 0.0602, 0.0606, 42.4, 46.4, 49.5, 54.4, 53.2, 
62.4, 66.4, 64.6, 70.7, 71.4, 72.3, 2, 24, 73, 62, 25, 402, 58, 
669, 98, 487, 16, 1222, 1422, 163, 1116, 1681, 237, 1419, 10, 
259, 84, 74, 100, 100, 100, 100, 100, 100, 100, 100, 100, 100, 
100, 2500, 2500, 2500, 2500, 2500, 2500, 2500, 2500, 2500, 2500, 
2500, 8069.426, 8270.991, 7648.925, 8226.753, 8249.234, 8269.776, 
8340.924, 8246.39600000001, 8323.111, 8401.66500000001, 8264.916, 
6.98041, 6.70624, 0.43779, 6.52337, 10.06453, 0.12454, 0.84533, 
6.53537, 0.57589, 1.6734, 2.05211, -5.60778, -3.91507, -5.60611, 
-3.78997, -7.55861, -4.99124, -4.35435, -13.25959, -6.95679, 
-7.20246, -8.48167, 0, 0, 0, 0, 0, 0, 0, 0, 0, 0, 0, 0, 0, 0, 
0, 0, 0, 0, 0, 0, 0, 0, 0.83333, 0.86, 0.91667, 0.88333, 0.87976, 
0.89583, 0.92778, 0.92417, 0.91778, 0.93778, 0.92515, 0.85, 0.82667, 
0.85, 0.77857, 0.84702, 0.85833, 0.88056, 0.89056, 0.89417, 0.90667, 
0.87682, 0.0483, 0.0499, 0.0507, 0.0533, 0.054, 0.0557, 0.0551, 
0.0558, 0.0593, 0.0562, 0.0578, 42.4, 46.4, 50.3, 54.4, 53.3, 
62.4, 66.4, 64.6, 70.5, 68.7, 73, 18, 26, 1468, 282, 32, 344, 
6, 1593, 311, 23, 91, 124, 141, 1, 17, 94, 2, 37, 2, 8, 30, 4, 
100, 100, 100, 100, 100, 100, 100, 100, 100, 100, 100, 2500, 
2500, 2500, 2500, 2500, 2500, 2500, 2500, 2500, 2500, 2500, 7856.007, 
7940.759, 8118.514, 8231.22, 8202.227, 8184.715, 8409.66899999999, 
8455.34999999999, 8524.38, 8324.03100000002, 8358.916, 1, 1, 
1, 1, 1, 1, 1, 1, 1, 1, 1, 0.01754, 0.01754, 0.01754, 0.01754, 
0.01754, 0.01754, 0.01754, 0.01754, 0.01754, 0.01754, 0.01754, 
0, 0, 0, 0, 0, 0, 0, 0, 0, 0, 0, 0, 0, 0, 0, 0, 0, 0, 0, 0, 0, 
0, 0.81333, 0.84333, 0.85, 0.8381, 0.8506, 0.89583, 0.90278, 
0.92306, 0.90778, 0.93778, 0.90773, 0.83333, 0.84333, 0.85, 0.86429, 
0.85714, 0.88333, 0.91667, 0.89056, 0.90528, 0.90778, 0.88606, 
0.0434, 0.0441, 0.0512, 0.0531, 0.0521, 0.0527, 0.057, 0.0575, 
0.0547, 0.0611, 0.0601, 42.4, 46.3, 50.3, 54.4, 58.2, 62.2, 65.9, 
69.4, 72.7, 75.7, 81.1, 1, 1, 1, 1, 1, 1, 1, 1, 1, 1, 1, 1, 1, 
1, 1, 1, 1, 1, 1, 1, 1, 1, 1, 1, 1, 1, 1, 1, 1, 1, 1, 1, 1, 1, 
1, 1, 1, 1, 1, 1, 1, 1, 1, 1, 2.971, 2.875, 3.268, 3.277, 3.262, 
3.268, 3.359, 3.25, 3.13, 3.398, 3.423), .Dim = c(11L, 40L), .Dimnames = list(
    NULL, c("Sampling", "PSO.cost", "PSO.gamma", "PSO.data.balancing", 
    "PSO.feature.selection", "PSO.valid.acc", "PSO.test.acc", 
    "PSO.train.time", "PSO.n.support.vectors", "PSO.index", "PSO.n.solutions", 
    "PSO.generations", "PSO.n.evaluations", "PSO.cpu.time", "RS.cost", 
    "RS.gamma", "RS.data.balancing", "RS.feature.selection", 
    "RS.valid.acc", "RS.test.acc", "RS.train.time", "RS.n.support.vectors", 
    "RS.index", "RS.n.solutions", "RS.generations", "RS.n.evaluations", 
    "RS.cpu.time", "DF.cost", "DF.gamma", "DF.data.balancing", 
    "DF.feature.selection", "DF.valid.acc", "DF.test.acc", "DF.train.time", 
    "DF.n.support.vectors", "DF.index", "DF.n.solutions", "DF.generations", 
    "DF.n.evaluations", "DF.cpu.time")))
