full <-
structure(c(50, 55, 60, 65, 70, 75, 80, 85, 90, 95, 100, 4.30775, 
11.79788, 4.94572, 7.15068, 10.50018, 5.05699, 1, 7.74461, 12.9076, 
-0.28399, 0.75869, -10.62741, -9.27447, -5.808, -12.26414, -10.1763, 
-4.5855, 0.01754, -13.56004, -10.32293, -5.29456, -5.66462, 0, 
0, 0, 0, 0, 0, 0, 0, 0, 0, 0, 0, 0, 0, 0, 0, 0, 0, 0, 0, 0, 0, 
0.87167, 0.91, 0.8881, 0.90952, 0.90496, 0.89643, 0.85833, 0.89556, 
0.90833, 0.88848, 0.92758, 0.82167, 0.84333, 0.88571, 0.86845, 
0.84603, 0.90893, 0.84722, 0.85333, 0.93194, 0.84626, 0.89924, 
0.0506, 0.0515, 0.0544, 0.0541, 0.0544, 0.0563, 0.0595, 0.0571, 
0.0593, 0.0641, 0.0687, 41.4, 42.9, 50.2, 48, 50.5, 62.4, 65.7, 
58.3, 57, 78.2, 81, 264, 7, 223, 44, 3, 112, 1, 706, 3, 470, 
711, 44, 2008, 1121, 164, 1838, 357, 645, 60, 1895, 66, 57, 100, 
100, 100, 100, 100, 100, 100, 100, 100, 100, 100, 2500, 2500, 
2500, 2500, 2500, 2500, 2500, 2500, 2500, 2500, 2500, 8422.456, 
8597.17, 9006.934, 8991.374, 8932.27100000001, 9205.879, 9456.24099999999, 
9222.81600000001, 8865.97999999998, 9190.34399999998, 9128.492, 
8.57622, 7.4541, 2.78862, 7.04691, 14.82985, 0.04556, 0.94715, 
6.603, 12.6836, 0.48779, 0.70415, -14.94981, -11.68025, -5.77395, 
-12.14842, -8.65806, -4.92731, -5.1421, -12.43093, -10.39364, 
-4.94327, -5.5437, 0, 0, 0, 0, 0, 0, 0, 0, 0, 0, 0, 0, 0, 0, 
0, 0, 0, 0, 0, 0, 0, 0, 0.87167, 0.91, 0.8881, 0.90952, 0.90496, 
0.89643, 0.85833, 0.89556, 0.90833, 0.88535, 0.92758, 0.82167, 
0.84333, 0.88571, 0.86845, 0.8746, 0.89643, 0.84722, 0.85333, 
0.93194, 0.85626, 0.89924, 0.051, 0.0523, 0.0509, 0.0499, 0.0563, 
0.0572, 0.057, 0.0569, 0.0547, 0.0621, 0.0609, 41.3, 42.2, 50.2, 
48, 51.6, 62.4, 66.4, 58.8, 57, 78.3, 81.9, 136, 5, 45, 308, 
4, 30, 5, 1745, 13, 6, 616, 8, 438, 407, 7, 670, 12, 204, 1, 
416, 47, 1, 100, 100, 100, 100, 100, 100, 100, 100, 100, 100, 
100, 2500, 2500, 2500, 2500, 2500, 2500, 2500, 2500, 2500, 2500, 
2500, 8878.637, 8820.293, 8779.95299999999, 8783.226, 8973.152, 
9340.303, 9093.81300000001, 9187.42199999999, 8858.90099999998, 
8794.20999999999, 8878.179, 1, 1, 1, 1, 1, 1, 1, 1, 1, 1, 1, 
0.01754, 0.01754, 0.01754, 0.01754, 0.01754, 0.01754, 0.01754, 
0.01754, 0.01754, 0.01754, 0.01754, 0, 0, 0, 0, 0, 0, 0, 0, 0, 
0, 0, 0, 0, 0, 0, 0, 0, 0, 0, 0, 0, 0, 0.82167, 0.85667, 0.80714, 
0.84762, 0.82103, 0.86964, 0.85833, 0.88194, 0.87833, 0.86424, 
0.90848, 0.84667, 0.86, 0.82619, 0.8619, 0.81925, 0.89643, 0.84722, 
0.86333, 0.88833, 0.85626, 0.89924, 0.0517, 0.0523, 0.0532, 0.0539, 
0.0586, 0.0577, 0.0544, 0.0649, 0.06, 0.0649, 0.067, 42.4, 46.3, 
50.2, 54.3, 57.9, 61.3, 65.7, 69.5, 72.7, 76.2, 81.4, 1, 1, 1, 
1, 1, 1, 1, 1, 1, 1, 1, 1, 1, 1, 1, 1, 1, 1, 1, 1, 1, 1, 1, 1, 
1, 1, 1, 1, 1, 1, 1, 1, 1, 1, 1, 1, 1, 1, 1, 1, 1, 1, 1, 1, 3.503, 
3.6, 3.609, 3.585, 3.716, 3.842, 3.438, 3.838, 3.736, 3.693, 
3.662), .Dim = c(11L, 40L), .Dimnames = list(NULL, c("Sampling", 
"PSO.cost", "PSO.gamma", "PSO.data.balancing", "PSO.feature.selection", 
"PSO.valid.acc", "PSO.test.acc", "PSO.train.time", "PSO.n.support.vectors", 
"PSO.index", "PSO.n.solutions", "PSO.generations", "PSO.n.evaluations", 
"PSO.cpu.time", "RS.cost", "RS.gamma", "RS.data.balancing", "RS.feature.selection", 
"RS.valid.acc", "RS.test.acc", "RS.train.time", "RS.n.support.vectors", 
"RS.index", "RS.n.solutions", "RS.generations", "RS.n.evaluations", 
"RS.cpu.time", "DF.cost", "DF.gamma", "DF.data.balancing", "DF.feature.selection", 
"DF.valid.acc", "DF.test.acc", "DF.train.time", "DF.n.support.vectors", 
"DF.index", "DF.n.solutions", "DF.generations", "DF.n.evaluations", 
"DF.cpu.time")))
