full <-
structure(c(50, 55, 60, 65, 70, 75, 80, 85, 90, 95, 100, 3.87335, 
13.7005, 2.94204, 14.8556, 0.2295, -0.07573, 3.59879, 2.3624, 
11.36467, 2.61826, 10.35703, -5.85502, -6.26894, -7.97441, -6.73994, 
-5.17281, -6.01106, -10.49094, -9.30535, -4.30753, -9.01172, 
-6.26362, 0, 0, 0, 0, 0, 0, 0, 0, 0, 0, 0, 0, 0, 0, 0, 0, 0, 
0, 0, 0, 0, 0, 0.81, 0.7981, 0.88571, 0.9119, 0.9, 0.91071, 0.90694, 
0.89944, 0.91639, 0.92889, 0.92182, 0.85, 0.81143, 0.82143, 0.85238, 
0.87679, 0.91071, 0.90833, 0.88556, 0.90167, 0.89778, 0.90273, 
0.0514, 0.0528, 0.0534, 0.0552, 0.0615, 0.0569, 0.0535, 0.056, 
0.0577, 0.0593, 0.0642, 42.4, 45, 45.7, 51, 58.4, 61, 62.6, 65.9, 
74.4, 68.6, 76, 36, 7, 31, 19, 2028, 447, 16, 368, 63, 136, 14, 
1296, 1084, 110, 1429, 12, 46, 1222, 46, 1212, 104, 1421, 100, 
100, 100, 100, 100, 100, 100, 100, 100, 100, 100, 2500, 2500, 
2500, 2500, 2500, 2500, 2500, 2500, 2500, 2500, 2500, 8921.907, 
8894.743, 9013.66899999999, 9447.223, 9130.712, 9011.91100000001, 
8818.27, 9016.50200000001, 8770.005, 9174.54100000003, 9161.51500000001, 
8.8551, 14.30755, 13.11441, 11.01979, 0.69662, -0.10097, 3.18047, 
4.19778, 2.32548, 0.97064, 6.90413, -5.64343, -7.10361, -9.71088, 
-7.26623, -4.84446, -5.71116, -6.2922, -11.21614, -4.33291, -6.72308, 
-4.64621, 0, 0, 0, 0, 0, 0, 0, 0, 0, 0, 0, 0, 0, 0, 0, 0, 0, 
0, 0, 0, 0, 0, 0.81, 0.7981, 0.86905, 0.9119, 0.88571, 0.91071, 
0.90694, 0.89944, 0.91639, 0.92889, 0.92182, 0.85, 0.81143, 0.82143, 
0.85238, 0.8625, 0.91071, 0.90833, 0.88556, 0.90167, 0.89778, 
0.91273, 0.0449, 0.0578, 0.0535, 0.0524, 0.0514, 0.0546, 0.0603, 
0.0609, 0.058, 0.0603, 0.0673, 42.4, 43.6, 44.4, 49.5, 58.4, 
61.4, 62.3, 65.6, 74.4, 71.5, 84.8, 39, 26, 61, 6, 160, 1964, 
4, 210, 161, 355, 1, 72, 186, 102, 142, 48, 1, 193, 9, 23, 7, 
403, 100, 100, 100, 100, 100, 100, 100, 100, 100, 100, 100, 2500, 
2500, 2500, 2500, 2500, 2500, 2500, 2500, 2500, 2500, 2500, 8614.995, 
9127.31, 9183.66, 8955.955, 8954.682, 8646.45, 8776.019, 8629.095, 
9103.53700000001, 9161.041, 9156.59600000002, 1, 1, 1, 1, 1, 
1, 1, 1, 1, 1, 1, 0.01754, 0.01754, 0.01754, 0.01754, 0.01754, 
0.01754, 0.01754, 0.01754, 0.01754, 0.01754, 0.01754, 0, 0, 0, 
0, 0, 0, 0, 0, 0, 0, 0, 0, 0, 0, 0, 0, 0, 0, 0, 0, 0, 0, 0.73667, 
0.74143, 0.77619, 0.85, 0.87143, 0.89821, 0.88472, 0.86194, 0.88167, 
0.89889, 0.89455, 0.77333, 0.72476, 0.82143, 0.80714, 0.85, 0.92321, 
0.89583, 0.86306, 0.88167, 0.87667, 0.91273, 0.0527, 0.0527, 
0.0535, 0.0498, 0.0516, 0.0517, 0.0585, 0.0592, 0.0588, 0.0674, 
0.0622, 42.4, 46, 49.8, 54, 57.6, 61.1, 65, 69.4, 73.1, 76.2, 
81.9, 1, 1, 1, 1, 1, 1, 1, 1, 1, 1, 1, 1, 1, 1, 1, 1, 1, 1, 1, 
1, 1, 1, 1, 1, 1, 1, 1, 1, 1, 1, 1, 1, 1, 1, 1, 1, 1, 1, 1, 1, 
1, 1, 1, 1, 3.626, 3.587, 3.674, 3.362, 3.384, 3.252, 3.573, 
3.513, 3.521, 3.843, 3.451), .Dim = c(11L, 40L), .Dimnames = list(
    NULL, c("Sampling", "PSO.cost", "PSO.gamma", "PSO.data.balancing", 
    "PSO.feature.selection", "PSO.valid.acc", "PSO.test.acc", 
    "PSO.train.time", "PSO.n.support.vectors", "PSO.index", "PSO.n.solutions", 
    "PSO.generations", "PSO.n.evaluations", "PSO.cpu.time", "RS.cost", 
    "RS.gamma", "RS.data.balancing", "RS.feature.selection", 
    "RS.valid.acc", "RS.test.acc", "RS.train.time", "RS.n.support.vectors", 
    "RS.index", "RS.n.solutions", "RS.generations", "RS.n.evaluations", 
    "RS.cpu.time", "DF.cost", "DF.gamma", "DF.data.balancing", 
    "DF.feature.selection", "DF.valid.acc", "DF.test.acc", "DF.train.time", 
    "DF.n.support.vectors", "DF.index", "DF.n.solutions", "DF.generations", 
    "DF.n.evaluations", "DF.cpu.time")))
