full <-
structure(c(50, 55, 60, 65, 70, 75, 80, 85, 90, 95, 100, -0.05827, 
14.14178, 1, 12.38259, 4.99193, 2.11084, 3.68931, 14.76726, -0.00903, 
2.23672, 4.9004, -4.40236, -12.29628, 0.01754, -12.42381, -11.41338, 
-3.96015, -3.87269, -4.74981, -3.93603, -7.57447, -10.36435, 
0, 0, 0, 0, 0, 0, 0, 0, 0, 0, 0, 0, 0, 0, 0, 0, 0, 0, 0, 0, 0, 
0, 0.86667, 0.90048, 0.90952, 0.88571, 0.89107, 0.88571, 0.89167, 
0.88583, 0.92667, 0.92889, 0.93424, 0.83333, 0.90048, 0.84762, 
0.82619, 0.83393, 0.89821, 0.85556, 0.89583, 0.89333, 0.88778, 
0.93424, 0.0513, 0.0526, 0.053, 0.0542, 0.0544, 0.0561, 0.0572, 
0.0631, 0.0684, 0.065, 0.0668, 42.4, 41.8, 50.1, 47.5, 53, 62.4, 
66.4, 70.4, 74.4, 64.9, 65, 847, 6, 1, 25, 11, 46, 44, 87, 395, 
973, 46, 38, 2007, 350, 1970, 545, 988, 1175, 1216, 353, 38, 
39, 100, 100, 100, 100, 100, 100, 100, 100, 100, 100, 100, 2500, 
2500, 2500, 2500, 2500, 2500, 2500, 2500, 2500, 2500, 2500, 8442.013, 
8523.644, 8552.383, 8567.066, 8623.51699999999, 8659.25, 9799.17999999999, 
10573.838, 10526.521, 11038.22, 11044.322, -0.10173, 7.29266, 
0.71372, 13.09623, 4.14163, 4.7469, 12.80479, 0.74525, 0.39339, 
8.95789, 8.8096, -4.68599, -9.41034, -7.08392, -13.62385, -10.19898, 
-3.97426, -3.93265, -4.67595, -5.62231, -14.58182, -14.34842, 
0, 0, 0, 0, 0, 0, 0, 0, 0, 0, 0, 0, 0, 0, 0, 0, 0, 0, 0, 0, 0, 
0, 0.85, 0.90048, 0.90952, 0.88571, 0.89107, 0.88571, 0.89167, 
0.88583, 0.91667, 0.92889, 0.93424, 0.81667, 0.90048, 0.84762, 
0.82619, 0.83393, 0.89821, 0.85556, 0.88472, 0.89333, 0.87778, 
0.92424, 0.0508, 0.051, 0.0535, 0.054, 0.0547, 0.0585, 0.0626, 
0.0601, 0.0682, 0.0665, 0.0698, 42.4, 42.9, 49.1, 47.4, 52.2, 
62.4, 66.4, 70.4, 73, 61.6, 64.1, 466, 16, 8, 17, 41, 62, 112, 
61, 689, 9, 1726, 1, 384, 109, 145, 94, 24, 17, 48, 11, 3, 2, 
100, 100, 100, 100, 100, 100, 100, 100, 100, 100, 100, 2500, 
2500, 2500, 2500, 2500, 2500, 2500, 2500, 2500, 2500, 2500, 8449.678, 
8525.181, 8558.055, 8566.56, 8627.14999999999, 8617.808, 10728.352, 
10401.523, 11022.875, 11061.869, 11117.959, 1, 1, 1, 1, 1, 1, 
1, 1, 1, 1, 1, 0.01754, 0.01754, 0.01754, 0.01754, 0.01754, 0.01754, 
0.01754, 0.01754, 0.01754, 0.01754, 0.01754, 0, 0, 0, 0, 0, 0, 
0, 0, 0, 0, 0, 0, 0, 0, 0, 0, 0, 0, 0, 0, 0, 0, 0.81333, 0.84714, 
0.90952, 0.82381, 0.85, 0.85893, 0.85556, 0.84, 0.90556, 0.89778, 
0.87773, 0.81667, 0.88381, 0.84762, 0.84048, 0.82143, 0.88393, 
0.84306, 0.88472, 0.89333, 0.89778, 0.88515, 0.0507, 0.0524, 
0.0529, 0.0548, 0.0557, 0.0575, 0.0583, 0.0595, 0.0654, 0.069, 
0.0713, 42.4, 46, 50.1, 54.2, 58.3, 61.5, 65.5, 69.3, 73.1, 75.8, 
81.5, 1, 1, 1, 1, 1, 1, 1, 1, 1, 1, 1, 1, 1, 1, 1, 1, 1, 1, 1, 
1, 1, 1, 1, 1, 1, 1, 1, 1, 1, 1, 1, 1, 1, 1, 1, 1, 1, 1, 1, 1, 
1, 1, 1, 1, 3.397, 3.403, 3.435, 3.436, 3.464, 3.434, 4.098, 
4.03, 4.374, 4.448, 4.487), .Dim = c(11L, 40L), .Dimnames = list(
    NULL, c("Sampling", "PSO.cost", "PSO.gamma", "PSO.data.balancing", 
    "PSO.feature.selection", "PSO.valid.acc", "PSO.test.acc", 
    "PSO.train.time", "PSO.n.support.vectors", "PSO.index", "PSO.n.solutions", 
    "PSO.generations", "PSO.n.evaluations", "PSO.cpu.time", "RS.cost", 
    "RS.gamma", "RS.data.balancing", "RS.feature.selection", 
    "RS.valid.acc", "RS.test.acc", "RS.train.time", "RS.n.support.vectors", 
    "RS.index", "RS.n.solutions", "RS.generations", "RS.n.evaluations", 
    "RS.cpu.time", "DF.cost", "DF.gamma", "DF.data.balancing", 
    "DF.feature.selection", "DF.valid.acc", "DF.test.acc", "DF.train.time", 
    "DF.n.support.vectors", "DF.index", "DF.n.solutions", "DF.generations", 
    "DF.n.evaluations", "DF.cpu.time")))
