full <-
structure(c(50, 55, 60, 65, 70, 75, 80, 85, 90, 95, 100, 1.34619, 
0.85345, 5.70606, -0.34726, -0.03503, 8.66396, 0.79072, 6.46386, 
3.96137, 4.86102, 7.10716, -6.45517, -5.39586, -4.833, -5.36558, 
-3.60537, -14.20998, -6.34811, -11.93096, -9.68657, -9.6279, 
-10.38156, 0, 0, 0, 0, 0, 0, 0, 0, 0, 0, 0, 0, 0, 0, 0, 0, 0, 
0, 0, 0, 0, 0, 0.79333, 0.85, 0.825, 0.84821, 0.87083, 0.88214, 
0.85278, 0.92056, 0.91556, 0.92, 0.91606, 0.68, 0.83333, 0.76071, 
0.79167, 0.81488, 0.84464, 0.81667, 0.89972, 0.89556, 0.90889, 
0.88439, 0.0458, 0.0518, 0.0523, 0.054, 0.0577, 0.058, 0.0592, 
0.0598, 0.059, 0.0584, 0.0628, 41.1, 46.3, 50.4, 54.4, 58.4, 
52.4, 63.6, 56.6, 62.7, 61.8, 62.1, 333, 733, 31, 1358, 1153, 
11, 826, 98, 130, 106, 4, 228, 55, 963, 48, 15, 261, 21, 419, 
117, 351, 1642, 100, 100, 100, 100, 100, 100, 100, 100, 100, 
100, 100, 2500, 2500, 2500, 2500, 2500, 2500, 2500, 2500, 2500, 
2500, 2500, 8080.456, 8501.238, 8554.788, 8554.056, 9064.63, 
8780.289, 9018.876, 8748.022, 8753.25700000001, 8630.889, 9025.67799999999, 
5.24493, 0.34557, 7.73477, -0.29635, 4.92234, 5.20788, 7.13449, 
5.96108, 4.54388, 5.87288, 9.30416, -6.15427, -5.00944, -4.66268, 
-5.92307, -3.64008, -10.90029, -5.76859, -11.1319, -10.31499, 
-10.37225, -14.67547, 0, 0, 0, 0, 0, 0, 0, 0, 0, 0, 0, 0, 0, 
0, 0, 0, 0, 0, 0, 0, 0, 0, 0.77333, 0.85, 0.825, 0.84821, 0.85417, 
0.88214, 0.84306, 0.92056, 0.91556, 0.92, 0.91606, 0.68, 0.83333, 
0.775, 0.80417, 0.8375, 0.80714, 0.81806, 0.91083, 0.89556, 0.91889, 
0.90348, 0.0463, 0.0525, 0.0488, 0.055, 0.0576, 0.0564, 0.0595, 
0.0589, 0.0583, 0.0606, 0.0644, 41.3, 46.4, 50.4, 54.3, 58.4, 
53.4, 65, 55.9, 62.7, 60.7, 65.2, 35, 14, 222, 1507, 40, 13, 
2, 24, 17, 56, 2, 78, 1, 22, 1, 7, 19, 113, 40, 8, 14, 594, 100, 
100, 100, 100, 100, 100, 100, 100, 100, 100, 100, 2500, 2500, 
2500, 2500, 2500, 2500, 2500, 2500, 2500, 2500, 2500, 8317.039, 
8419.194, 8465.224, 8864.238, 8781.162, 8763.716, 8788.019, 8860.60999999999, 
8551.40599999999, 8936.67200000002, 9063.986, 1, 1, 1, 1, 1, 
1, 1, 1, 1, 1, 1, 0.01754, 0.01754, 0.01754, 0.01754, 0.01754, 
0.01754, 0.01754, 0.01754, 0.01754, 0.01754, 0.01754, 0, 0, 0, 
0, 0, 0, 0, 0, 0, 0, 0, 0, 0, 0, 0, 0, 0, 0, 0, 0, 0, 0, 0.60667, 
0.76667, 0.775, 0.80238, 0.80833, 0.83036, 0.81667, 0.84139, 
0.86556, 0.90889, 0.89515, 0.64333, 0.8, 0.725, 0.80417, 0.80417, 
0.81786, 0.81806, 0.88583, 0.90667, 0.87778, 0.88348, 0.0517, 
0.0514, 0.0545, 0.0565, 0.0581, 0.0589, 0.06, 0.0615, 0.0593, 
0.0627, 0.0653, 42, 46.3, 50.4, 54.3, 58.1, 61.7, 65.6, 69.3, 
73.4, 77.1, 81.3, 1, 1, 1, 1, 1, 1, 1, 1, 1, 1, 1, 1, 1, 1, 1, 
1, 1, 1, 1, 1, 1, 1, 1, 1, 1, 1, 1, 1, 1, 1, 1, 1, 1, 1, 1, 1, 
1, 1, 1, 1, 1, 1, 1, 1, 3.398, 3.431, 3.535, 3.55, 3.577, 3.645, 
3.472, 3.634, 3.425, 3.498, 3.528), .Dim = c(11L, 40L), .Dimnames = list(
    NULL, c("Sampling", "PSO.cost", "PSO.gamma", "PSO.data.balancing", 
    "PSO.feature.selection", "PSO.valid.acc", "PSO.test.acc", 
    "PSO.train.time", "PSO.n.support.vectors", "PSO.index", "PSO.n.solutions", 
    "PSO.generations", "PSO.n.evaluations", "PSO.cpu.time", "RS.cost", 
    "RS.gamma", "RS.data.balancing", "RS.feature.selection", 
    "RS.valid.acc", "RS.test.acc", "RS.train.time", "RS.n.support.vectors", 
    "RS.index", "RS.n.solutions", "RS.generations", "RS.n.evaluations", 
    "RS.cpu.time", "DF.cost", "DF.gamma", "DF.data.balancing", 
    "DF.feature.selection", "DF.valid.acc", "DF.test.acc", "DF.train.time", 
    "DF.n.support.vectors", "DF.index", "DF.n.solutions", "DF.generations", 
    "DF.n.evaluations", "DF.cpu.time")))
