full <-
structure(c(50, 55, 60, 65, 70, 75, 80, 85, 90, 95, 100, 8.32154, 
0.84847, 4.81879, 6.55088, 8.5965, 9.27825, 8.70383, 3.06695, 
2.45445, 2.27848, 2.68231, -5.56335, -5.92489, -7.56495, -8.88467, 
-13.71537, -13.212, -15, -5.85925, -8.3733, -9.10497, -5.60197, 
0, 0, 0, 0, 0, 0, 0, 0, 0, 0, 0, 0, 0, 0, 0, 0, 0, 0, 0, 0, 0, 
0, 0.83667, 0.9, 0.87381, 0.90952, 0.93571, 0.89782, 0.91627, 
0.91944, 0.91444, 0.91667, 0.91636, 0.85333, 0.86667, 0.8381, 
0.90952, 0.86786, 0.9121, 0.89087, 0.89722, 0.90333, 0.90667, 
0.90727, 0.0495, 0.0487, 0.0516, 0.0538, 0.0496, 0.0562, 0.057, 
0.0588, 0.0619, 0.0614, 0.0654, 42.3, 46.2, 46.5, 48.4, 50.3, 
52, 58.7, 68, 64.4, 70.9, 82, 46, 263, 31, 2, 72, 6, 231, 2, 
2, 115, 26, 1101, 70, 952, 1817, 313, 2029, 142, 1047, 353, 134, 
864, 100, 100, 100, 100, 100, 100, 100, 100, 100, 100, 100, 2500, 
2500, 2500, 2500, 2500, 2500, 2500, 2500, 2500, 2500, 2500, 8864.568, 
8859.165, 8627.324, 8838.605, 8655.46400000001, 8451.647, 8829.91799999999, 
8973.58799999999, 8997.024, 9198.49099999998, 9110.391, 9.90036, 
0.88773, 6.54631, 14.5824, 4.96125, 12.19328, 3.81709, 4.67631, 
7.62702, 4.32168, 3.48155, -5.20146, -5.98596, -7.63506, -12.34025, 
-5.09824, -6.81745, -10.09456, -10.65596, -13.86955, -11.39427, 
-9.77406, 0, 0, 0, 0, 0, 0, 0, 0, 0, 0, 0, 0, 0, 0, 0, 0, 0, 
0, 0, 0, 0, 0, 0.83667, 0.9, 0.87381, 0.90952, 0.93571, 0.89782, 
0.91627, 0.91944, 0.91444, 0.91667, 0.91636, 0.85333, 0.88333, 
0.8381, 0.90952, 0.86964, 0.9371, 0.89087, 0.89722, 0.90333, 
0.90667, 0.89909, 0.0512, 0.0528, 0.0532, 0.0504, 0.0523, 0.0571, 
0.061, 0.0575, 0.0582, 0.0606, 0.0621, 42.4, 46.1, 46.4, 47.4, 
58.4, 57.5, 59.3, 61.1, 64, 70.9, 71.2, 94, 20, 33, 5, 4, 3, 
60, 134, 8, 141, 59, 41, 1, 59, 542, 63, 905, 8, 15, 122, 22, 
53, 100, 100, 100, 100, 100, 100, 100, 100, 100, 100, 100, 2500, 
2500, 2500, 2500, 2500, 2500, 2500, 2500, 2500, 2500, 2500, 8892.475, 
8944.787, 8772.641, 8683.52, 8507.936, 8777.048, 8877.019, 9064.64499999999, 
9087.60000000001, 9082.092, 9041.30600000001, 1, 1, 1, 1, 1, 
1, 1, 1, 1, 1, 1, 0.01754, 0.01754, 0.01754, 0.01754, 0.01754, 
0.01754, 0.01754, 0.01754, 0.01754, 0.01754, 0.01754, 0, 0, 0, 
0, 0, 0, 0, 0, 0, 0, 0, 0, 0, 0, 0, 0, 0, 0, 0, 0, 0, 0, 0.7, 
0.77333, 0.78095, 0.82143, 0.86607, 0.80992, 0.85655, 0.87361, 
0.90333, 0.90667, 0.89727, 0.66333, 0.81333, 0.7919, 0.86667, 
0.82679, 0.84921, 0.81726, 0.87361, 0.88111, 0.89667, 0.87909, 
0.0518, 0.0518, 0.0523, 0.0502, 0.0542, 0.0526, 0.0592, 0.0585, 
0.0607, 0.0612, 0.066, 42.3, 46.4, 50.2, 54.3, 57.6, 61.6, 64.5, 
68.9, 73.3, 76.4, 82.4, 1, 1, 1, 1, 1, 1, 1, 1, 1, 1, 1, 1, 1, 
1, 1, 1, 1, 1, 1, 1, 1, 1, 1, 1, 1, 1, 1, 1, 1, 1, 1, 1, 1, 1, 
1, 1, 1, 1, 1, 1, 1, 1, 1, 1, 3.679, 3.553, 3.551, 3.362, 3.479, 
3.379, 3.548, 3.57, 3.638, 3.641, 3.744), .Dim = c(11L, 40L), .Dimnames = list(
    NULL, c("Sampling", "PSO.cost", "PSO.gamma", "PSO.data.balancing", 
    "PSO.feature.selection", "PSO.valid.acc", "PSO.test.acc", 
    "PSO.train.time", "PSO.n.support.vectors", "PSO.index", "PSO.n.solutions", 
    "PSO.generations", "PSO.n.evaluations", "PSO.cpu.time", "RS.cost", 
    "RS.gamma", "RS.data.balancing", "RS.feature.selection", 
    "RS.valid.acc", "RS.test.acc", "RS.train.time", "RS.n.support.vectors", 
    "RS.index", "RS.n.solutions", "RS.generations", "RS.n.evaluations", 
    "RS.cpu.time", "DF.cost", "DF.gamma", "DF.data.balancing", 
    "DF.feature.selection", "DF.valid.acc", "DF.test.acc", "DF.train.time", 
    "DF.n.support.vectors", "DF.index", "DF.n.solutions", "DF.generations", 
    "DF.n.evaluations", "DF.cpu.time")))
