full <-
structure(c(50, 55, 60, 65, 70, 75, 80, 85, 90, 95, 100, 9.31501, 
1, 9.06951, 1, 12.34137, 1, 1.00421, 11.69124, 1.9593, 11.31338, 
4.03734, -15, 0.01754, -4.0951, 0.01754, -6.53852, 0.01754, -5.83284, 
-5.67281, -9.71554, -4.8678, -10.11217, 0, 0, 0, 0, 0, 0, 0, 
0, 0, 0, 0, 0, 0, 0, 0, 0, 0, 0, 0, 0, 0, 0, 0.96333, 0.91333, 
0.94048, 0.89048, 0.88631, 0.90099, 0.89028, 0.90972, 0.92889, 
0.91889, 0.92439, 0.89333, 0.87667, 0.95476, 0.8619, 0.89881, 
0.88849, 0.82917, 0.90833, 0.89278, 0.88778, 0.91621, 0.0519, 
0.0475, 0.0479, 0.0497, 0.0508, 0.0571, 0.0568, 0.0594, 0.0632, 
0.0598, 0.0597, 38.4, 46.2, 50.4, 53.7, 55.6, 61.1, 64.5, 68.6, 
73.1, 78.3, 69.1, 52, 1, 89, 1, 4, 1, 74, 79, 1960, 120, 6, 388, 
276, 963, 673, 997, 240, 476, 821, 2, 862, 113, 100, 100, 100, 
100, 100, 100, 100, 100, 100, 100, 100, 2500, 2500, 2500, 2500, 
2500, 2500, 2500, 2500, 2500, 2500, 2500, 8326.337, 8233.615, 
8381.627, 8356.854, 8433.79700000001, 8412.776, 8360.849, 8385.841, 
8699.073, 8750.65299999999, 8873.973, 4.84774, 4.78345, 2.71665, 
10.41381, 10.57742, 5.70658, 12.12379, 2.40217, -0.29233, 14.6881, 
7.3258, -10.60916, -4.81792, -4.09632, -5.41821, -6.49602, -12.65823, 
-5.91702, -5.66155, -7.01552, -4.99049, -13.5016, 0, 0, 0, 0, 
0, 0, 0, 0, 0, 0, 0, 0, 0, 0, 0, 0, 0, 0, 0, 0, 0, 0, 0.96333, 
0.91333, 0.94048, 0.89048, 0.88631, 0.90099, 0.89028, 0.90972, 
0.92889, 0.91889, 0.92439, 0.89333, 0.87667, 0.95476, 0.8619, 
0.89881, 0.88849, 0.82917, 0.90833, 0.89278, 0.88778, 0.91621, 
0.0458, 0.0476, 0.0479, 0.0556, 0.0558, 0.0562, 0.0575, 0.0568, 
0.0571, 0.0663, 0.0594, 38.7, 46.4, 50.4, 54.1, 55.8, 58.3, 63.9, 
68.6, 73.6, 77.8, 69.1, 32, 15, 252, 5, 7, 5, 160, 311, 1153, 
308, 1765, 65, 180, 15, 375, 217, 67, 7, 9, 5, 13, 2, 100, 100, 
100, 100, 100, 100, 100, 100, 100, 100, 100, 2500, 2500, 2500, 
2500, 2500, 2500, 2500, 2500, 2500, 2500, 2500, 8134.411, 8236.725, 
8507.363, 8436.442, 8325.74000000001, 8375.871, 8514.501, 8636.531, 
8635.255, 8875.696, 8849.07200000001, 1, 1, 1, 1, 1, 1, 1, 1, 
1, 1, 1, 0.01754, 0.01754, 0.01754, 0.01754, 0.01754, 0.01754, 
0.01754, 0.01754, 0.01754, 0.01754, 0.01754, 0, 0, 0, 0, 0, 0, 
0, 0, 0, 0, 0, 0, 0, 0, 0, 0, 0, 0, 0, 0, 0, 0, 0.94667, 0.91333, 
0.90952, 0.89048, 0.86964, 0.90099, 0.85278, 0.8775, 0.89639, 
0.90778, 0.91364, 0.93333, 0.87667, 0.92381, 0.8619, 0.88631, 
0.88849, 0.84306, 0.89722, 0.89389, 0.86778, 0.89712, 0.0473, 
0.0473, 0.048, 0.0535, 0.0551, 0.0556, 0.0534, 0.0577, 0.0619, 
0.0588, 0.062, 42.2, 46.2, 50.1, 53.7, 57.2, 61.1, 65.2, 68.8, 
72.6, 75.3, 81.3, 1, 1, 1, 1, 1, 1, 1, 1, 1, 1, 1, 1, 1, 1, 1, 
1, 1, 1, 1, 1, 1, 1, 1, 1, 1, 1, 1, 1, 1, 1, 1, 1, 1, 1, 1, 1, 
1, 1, 1, 1, 1, 1, 1, 1, 3.171, 3.171, 3.173, 3.398, 3.436, 3.366, 
3.183, 3.336, 3.546, 3.383, 3.435), .Dim = c(11L, 40L), .Dimnames = list(
    NULL, c("Sampling", "PSO.cost", "PSO.gamma", "PSO.data.balancing", 
    "PSO.feature.selection", "PSO.valid.acc", "PSO.test.acc", 
    "PSO.train.time", "PSO.n.support.vectors", "PSO.index", "PSO.n.solutions", 
    "PSO.generations", "PSO.n.evaluations", "PSO.cpu.time", "RS.cost", 
    "RS.gamma", "RS.data.balancing", "RS.feature.selection", 
    "RS.valid.acc", "RS.test.acc", "RS.train.time", "RS.n.support.vectors", 
    "RS.index", "RS.n.solutions", "RS.generations", "RS.n.evaluations", 
    "RS.cpu.time", "DF.cost", "DF.gamma", "DF.data.balancing", 
    "DF.feature.selection", "DF.valid.acc", "DF.test.acc", "DF.train.time", 
    "DF.n.support.vectors", "DF.index", "DF.n.solutions", "DF.generations", 
    "DF.n.evaluations", "DF.cpu.time")))
