full <-
structure(c(50, 55, 60, 65, 70, 75, 80, 85, 90, 95, 100, 7.92991, 
3.60232, 11.39697, 11.12759, 1.84406, 5.91346, 6.04918, 2.5357, 
1.42271, 4.00225, 4.59725, -14.71637, -10.25791, -4.62338, -4.69244, 
-5.06252, -5.39245, -11.8515, -5.11956, -5.96578, -9.80381, -9.9144, 
0, 0, 0, 0, 0, 0, 0, 0, 0, 0, 0, 0, 0, 0, 0, 0, 0, 0, 0, 0, 0, 
0, 0.79333, 0.9, 0.90238, 0.88155, 0.90893, 0.91032, 0.91627, 
0.92778, 0.90556, 0.90778, 0.92455, 0.77, 0.81667, 0.84286, 0.85238, 
0.89643, 0.88671, 0.89266, 0.87056, 0.87944, 0.90778, 0.92545, 
0.0505, 0.0515, 0.053, 0.0551, 0.0552, 0.0564, 0.0616, 0.0604, 
0.0601, 0.061, 0.0633, 40.4, 44.9, 50.4, 54.4, 58.4, 62.4, 55.3, 
70.2, 70.3, 64.7, 65.7, 554, 60, 3, 56, 24, 3, 119, 160, 441, 
334, 65, 70, 213, 1191, 849, 1226, 1153, 96, 572, 81, 119, 101, 
100, 100, 100, 100, 100, 100, 100, 100, 100, 100, 100, 2500, 
2500, 2500, 2500, 2500, 2500, 2500, 2500, 2500, 2500, 2500, 8734.673, 
8823.691, 8886.083, 8334.658, 8655.815, 9784.2, 10858.404, 10963.296, 
10705.276, 11129.179, 10883.269, 7.58785, 3.35475, 10.60723, 
-0.08363, 7.57309, 1.62622, 5.03164, 11.01719, 1.58104, -0.24706, 
6.66625, -14.39353, -10.06533, -4.66218, -5.89567, -5.26007, 
-5.37379, -10.82498, -5.13379, -6.13669, -4.95159, -11.99687, 
0, 0, 0, 0, 0, 0, 0, 0, 0, 0, 0, 0, 0, 0, 0, 0, 0, 0, 0, 0, 0, 
0, 0.79333, 0.9, 0.90238, 0.88155, 0.90893, 0.91032, 0.91627, 
0.92778, 0.90556, 0.90889, 0.92455, 0.75, 0.81667, 0.84286, 0.85238, 
0.88214, 0.88671, 0.89266, 0.87056, 0.87944, 0.87778, 0.92545, 
0.0514, 0.0523, 0.0529, 0.0482, 0.0494, 0.0586, 0.0565, 0.064, 
0.061, 0.0677, 0.0633, 40.4, 45.1, 50.4, 54.2, 58.4, 62.4, 55.4, 
70.1, 69.3, 78.3, 65, 692, 61, 16, 102, 14, 999, 792, 80, 2019, 
1178, 468, 5, 26, 62, 5, 100, 11, 3, 7, 1, 1, 3, 100, 100, 100, 
100, 100, 100, 100, 100, 100, 100, 100, 2500, 2500, 2500, 2500, 
2500, 2500, 2500, 2500, 2500, 2500, 2500, 8782.226, 8818.03, 
8797.671, 8408.402, 8229.81200000001, 10990.371, 10867.762, 10840.01, 
10759.041, 10936.883, 11069.471, 1, 1, 1, 1, 1, 1, 1, 1, 1, 1, 
1, 0.01754, 0.01754, 0.01754, 0.01754, 0.01754, 0.01754, 0.01754, 
0.01754, 0.01754, 0.01754, 0.01754, 0, 0, 0, 0, 0, 0, 0, 0, 0, 
0, 0, 0, 0, 0, 0, 0, 0, 0, 0, 0, 0, 0, 0.68, 0.83333, 0.87381, 
0.86726, 0.89464, 0.82996, 0.86905, 0.91667, 0.87333, 0.87778, 
0.88727, 0.68, 0.83333, 0.84286, 0.85238, 0.90893, 0.83313, 0.90556, 
0.86083, 0.89333, 0.88778, 0.90545, 0.051, 0.0528, 0.0535, 0.052, 
0.0527, 0.062, 0.0598, 0.0595, 0.0612, 0.0642, 0.0705, 42.1, 
46.3, 50.4, 54.2, 58.4, 62.3, 65.9, 69.4, 72.6, 76.5, 81.6, 1, 
1, 1, 1, 1, 1, 1, 1, 1, 1, 1, 1, 1, 1, 1, 1, 1, 1, 1, 1, 1, 1, 
1, 1, 1, 1, 1, 1, 1, 1, 1, 1, 1, 1, 1, 1, 1, 1, 1, 1, 1, 1, 1, 
1, 3.456, 3.533, 3.503, 3.519, 3.458, 4.574, 4.412, 4.196, 4.326, 
4.388, 4.811), .Dim = c(11L, 40L), .Dimnames = list(NULL, c("Sampling", 
"PSO.cost", "PSO.gamma", "PSO.data.balancing", "PSO.feature.selection", 
"PSO.valid.acc", "PSO.test.acc", "PSO.train.time", "PSO.n.support.vectors", 
"PSO.index", "PSO.n.solutions", "PSO.generations", "PSO.n.evaluations", 
"PSO.cpu.time", "RS.cost", "RS.gamma", "RS.data.balancing", "RS.feature.selection", 
"RS.valid.acc", "RS.test.acc", "RS.train.time", "RS.n.support.vectors", 
"RS.index", "RS.n.solutions", "RS.generations", "RS.n.evaluations", 
"RS.cpu.time", "DF.cost", "DF.gamma", "DF.data.balancing", "DF.feature.selection", 
"DF.valid.acc", "DF.test.acc", "DF.train.time", "DF.n.support.vectors", 
"DF.index", "DF.n.solutions", "DF.generations", "DF.n.evaluations", 
"DF.cpu.time")))
