full <-
structure(c(50, 55, 60, 65, 70, 75, 80, 85, 90, 95, 100, 7.632, 
1.77544, 6.03272, 10.49191, 6.94055, 14.79861, 3.38578, 6.79293, 
7.57735, 9.88744, 4.66794, -14.0686, -5.73977, -8.77921, -6.75634, 
-5.96915, -9.46709, -9.87677, -11.56354, -10.29549, -4.2551, 
-10.06105, 0, 0, 0, 0, 0, 0, 0, 0, 0, 0, 0, 0, 0, 0, 0, 0, 0, 
0, 0, 0, 0, 0, 0.86, 0.9181, 0.89048, 0.83036, 0.90357, 0.9131, 
0.90238, 0.93306, 0.92778, 0.92889, 0.92015, 0.84333, 0.87571, 
0.85714, 0.8119, 0.91786, 0.9006, 0.89127, 0.89444, 0.86667, 
0.90778, 0.89182, 0.0496, 0.0531, 0.0542, 0.0552, 0.0551, 0.0521, 
0.0602, 0.0607, 0.0599, 0.0661, 0.0666, 40.6, 46.2, 45.3, 51.5, 
56.5, 50, 59.2, 54.7, 57.2, 78.4, 66, 33, 8, 30, 2, 22, 12, 118, 
166, 4, 60, 38, 89, 1058, 1418, 1344, 1454, 2203, 287, 130, 1812, 
1090, 378, 100, 100, 100, 100, 100, 100, 100, 100, 100, 100, 
100, 2500, 2500, 2500, 2500, 2500, 2500, 2500, 2500, 2500, 2500, 
2500, 8572.913, 8718.129, 8683.729, 8821.54599999999, 8589.015, 
8806.636, 8877.856, 8977.00400000002, 8822.565, 8942.70500000002, 
8835.027, 4.68715, 4.63039, 12.25537, 12.98335, 10.92309, 10.3485, 
1.87927, 7.32573, 8.18727, 10.23805, 3.56323, -11.1172, -6.27588, 
-8.57629, -4.75413, -5.93802, -14.19296, -7.79808, -12.09905, 
-12.17079, -4.22797, -8.96704, 0, 0, 0, 0, 0, 0, 0, 0, 0, 0, 
0, 0, 0, 0, 0, 0, 0, 0, 0, 0, 0, 0, 0.86, 0.9181, 0.89048, 0.84464, 
0.90357, 0.9131, 0.90238, 0.93306, 0.92778, 0.92889, 0.92015, 
0.84333, 0.89238, 0.85714, 0.82619, 0.91786, 0.9006, 0.89127, 
0.89444, 0.86667, 0.90778, 0.89182, 0.0513, 0.0534, 0.0542, 0.0552, 
0.0579, 0.0564, 0.0557, 0.0546, 0.057, 0.0603, 0.0595, 40.6, 
45.4, 45.4, 54.4, 56.6, 48.5, 58.7, 54.6, 56.4, 78.4, 67.1, 11, 
1, 44, 532, 4, 1, 65, 124, 12, 68, 167, 9, 165, 87, 3, 152, 574, 
41, 11, 326, 38, 14, 100, 100, 100, 100, 100, 100, 100, 100, 
100, 100, 100, 2500, 2500, 2500, 2500, 2500, 2500, 2500, 2500, 
2500, 2500, 2500, 8645.7, 8641.858, 8962.271, 8534.711, 8816.799, 
9075.68799999999, 8793.406, 8764.48200000002, 8444.783, 8826.75099999999, 
8722.899, 1, 1, 1, 1, 1, 1, 1, 1, 1, 1, 1, 0.01754, 0.01754, 
0.01754, 0.01754, 0.01754, 0.01754, 0.01754, 0.01754, 0.01754, 
0.01754, 0.01754, 0, 0, 0, 0, 0, 0, 0, 0, 0, 0, 0, 0, 0, 0, 0, 
0, 0, 0, 0, 0, 0, 0, 0.80333, 0.85381, 0.82857, 0.7994, 0.87679, 
0.88492, 0.89444, 0.90944, 0.89528, 0.89889, 0.88348, 0.80667, 
0.84571, 0.78095, 0.8119, 0.90536, 0.89742, 0.89444, 0.87472, 
0.88528, 0.90889, 0.89182, 0.0528, 0.0526, 0.0558, 0.0545, 0.0562, 
0.0581, 0.058, 0.0608, 0.0601, 0.065, 0.0617, 42.4, 46.3, 50.1, 
54.3, 57.5, 61.2, 65.6, 69.3, 72.2, 76.2, 81.9, 1, 1, 1, 1, 1, 
1, 1, 1, 1, 1, 1, 1, 1, 1, 1, 1, 1, 1, 1, 1, 1, 1, 1, 1, 1, 1, 
1, 1, 1, 1, 1, 1, 1, 1, 1, 1, 1, 1, 1, 1, 1, 1, 1, 1, 3.537, 
3.526, 3.584, 3.507, 3.607, 3.708, 3.537, 3.559, 3.461, 3.762, 
3.435), .Dim = c(11L, 40L), .Dimnames = list(NULL, c("Sampling", 
"PSO.cost", "PSO.gamma", "PSO.data.balancing", "PSO.feature.selection", 
"PSO.valid.acc", "PSO.test.acc", "PSO.train.time", "PSO.n.support.vectors", 
"PSO.index", "PSO.n.solutions", "PSO.generations", "PSO.n.evaluations", 
"PSO.cpu.time", "RS.cost", "RS.gamma", "RS.data.balancing", "RS.feature.selection", 
"RS.valid.acc", "RS.test.acc", "RS.train.time", "RS.n.support.vectors", 
"RS.index", "RS.n.solutions", "RS.generations", "RS.n.evaluations", 
"RS.cpu.time", "DF.cost", "DF.gamma", "DF.data.balancing", "DF.feature.selection", 
"DF.valid.acc", "DF.test.acc", "DF.train.time", "DF.n.support.vectors", 
"DF.index", "DF.n.solutions", "DF.generations", "DF.n.evaluations", 
"DF.cpu.time")))
