full <-
structure(c(50, 55, 60, 65, 70, 75, 80, 85, 90, 95, 100, 3.29804, 
11.40711, 6.08563, 5.32211, 7.66935, 6.84992, 6.52113, 7.90379, 
2.83867, 4.25766, 2.28589, -10.27655, -7.08625, -6.46395, -9.02662, 
-13.05312, -5.89554, -11.44808, -4.11097, -8.65738, -6.51202, 
-7.69225, 0, 0, 0, 0, 0, 0, 0, 0, 0, 0, 0, 0, 0, 0, 0, 0, 0, 
0, 0, 0, 0, 0, 0.84833, 0.84667, 0.87619, 0.91131, 0.91786, 0.89821, 
0.91389, 0.8875, 0.91333, 0.89889, 0.94455, 0.77167, 0.81, 0.85714, 
0.8994, 0.875, 0.84821, 0.84167, 0.85278, 0.87972, 0.85778, 0.90818, 
0.0508, 0.0469, 0.0476, 0.0508, 0.0497, 0.0506, 0.0582, 0.056, 
0.0542, 0.0568, 0.0622, 42.2, 44.1, 49.2, 47, 49.9, 60.9, 54.2, 
70.4, 64.4, 69.9, 70.3, 136, 22, 22, 54, 341, 532, 219, 103, 
108, 5, 44, 150, 1397, 1336, 1218, 39, 172, 98, 1165, 152, 551, 
334, 100, 100, 100, 100, 100, 100, 100, 100, 100, 100, 100, 2500, 
2500, 2500, 2500, 2500, 2500, 2500, 2500, 2500, 2500, 2500, 8364.545, 
8196.886, 8192.659, 8228.586, 8255.24800000001, 8164.126, 8285.159, 
8400.78700000001, 8224.44, 8524.33300000001, 8707.046, 5.98075, 
10.7357, 5.80794, 10.17618, 2.55705, 9.68568, 3.4186, 8.41613, 
8.03058, 6.313, 4.15075, -12.70419, -8.03857, -6.12914, -9.29565, 
-7.66966, -5.91199, -8.41095, -4.22688, -13.9607, -6.39715, -9.72708, 
0, 0, 0, 0, 0, 0, 0, 0, 0, 0, 0, 0, 0, 0, 0, 0, 0, 0, 0, 0, 0, 
0, 0.84833, 0.84667, 0.87619, 0.91131, 0.91607, 0.89821, 0.91389, 
0.8875, 0.91333, 0.89889, 0.93545, 0.89, 0.79333, 0.85714, 0.8994, 
0.88929, 0.84821, 0.84167, 0.85278, 0.87972, 0.85778, 0.89909, 
0.045, 0.049, 0.0475, 0.0492, 0.0537, 0.0546, 0.0547, 0.0607, 
0.0543, 0.0567, 0.0617, 41.9, 43.4, 49.9, 46.8, 52.7, 60.7, 57.5, 
70.4, 62.7, 70.9, 66.6, 201, 7, 3, 35, 220, 648, 592, 268, 117, 
11, 50, 28, 137, 224, 90, 22, 3, 6, 25, 13, 85, 80, 100, 100, 
100, 100, 100, 100, 100, 100, 100, 100, 100, 2500, 2500, 2500, 
2500, 2500, 2500, 2500, 2500, 2500, 2500, 2500, 8183.114, 8153.151, 
8227.435, 8252.923, 8301.36, 8225.308, 8350.06200000001, 8145.79199999999, 
8354.46100000001, 8493.41099999999, 8820.56099999999, 1, 1, 1, 
1, 1, 1, 1, 1, 1, 1, 1, 0.01754, 0.01754, 0.01754, 0.01754, 0.01754, 
0.01754, 0.01754, 0.01754, 0.01754, 0.01754, 0.01754, 0, 0, 0, 
0, 0, 0, 0, 0, 0, 0, 0, 0, 0, 0, 0, 0, 0, 0, 0, 0, 0, 0, 0.79167, 
0.81, 0.84048, 0.86845, 0.87857, 0.84821, 0.87917, 0.86389, 0.90083, 
0.86889, 0.90636, 0.77167, 0.82667, 0.84048, 0.83988, 0.89286, 
0.84643, 0.85556, 0.82778, 0.88083, 0.86889, 0.89727, 0.045, 
0.0478, 0.0478, 0.051, 0.0502, 0.0506, 0.0534, 0.054, 0.0566, 
0.0583, 0.064, 42.4, 46.3, 50.4, 54.3, 58.1, 62.1, 65.8, 69.3, 
73.2, 76.1, 81.8, 1, 1, 1, 1, 1, 1, 1, 1, 1, 1, 1, 1, 1, 1, 1, 
1, 1, 1, 1, 1, 1, 1, 1, 1, 1, 1, 1, 1, 1, 1, 1, 1, 1, 1, 1, 1, 
1, 1, 1, 1, 1, 1, 1, 1, 3.147, 3.257, 3.189, 3.299, 3.262, 3.21, 
3.305, 3.203, 3.344, 3.27, 3.501), .Dim = c(11L, 40L), .Dimnames = list(
    NULL, c("Sampling", "PSO.cost", "PSO.gamma", "PSO.data.balancing", 
    "PSO.feature.selection", "PSO.valid.acc", "PSO.test.acc", 
    "PSO.train.time", "PSO.n.support.vectors", "PSO.index", "PSO.n.solutions", 
    "PSO.generations", "PSO.n.evaluations", "PSO.cpu.time", "RS.cost", 
    "RS.gamma", "RS.data.balancing", "RS.feature.selection", 
    "RS.valid.acc", "RS.test.acc", "RS.train.time", "RS.n.support.vectors", 
    "RS.index", "RS.n.solutions", "RS.generations", "RS.n.evaluations", 
    "RS.cpu.time", "DF.cost", "DF.gamma", "DF.data.balancing", 
    "DF.feature.selection", "DF.valid.acc", "DF.test.acc", "DF.train.time", 
    "DF.n.support.vectors", "DF.index", "DF.n.solutions", "DF.generations", 
    "DF.n.evaluations", "DF.cpu.time")))
