full <-
structure(c(50, 55, 60, 65, 70, 75, 80, 85, 90, 95, 100, 11.45018, 
3.84503, 2.9356, 1, 9.60446, 0.53446, 5.29894, 2.42451, 3.31762, 
3.03244, 7.88328, -5.1294, -10.16186, -8.49266, 0.01754, -5.49301, 
-5.77732, -10.75845, -4.50152, -8.71984, -8.29233, -12.97508, 
0, 0, 0, 0, 0, 0, 0, 0, 0, 0, 0, 0, 0, 0, 0, 0, 0, 0, 0, 0, 0, 
0, 0.86667, 0.91667, 0.90714, 0.9131, 0.90655, 0.90893, 0.90694, 
0.90083, 0.93667, 0.93667, 0.93364, 0.83333, 0.86333, 0.89048, 
0.9256, 0.89226, 0.89643, 0.90694, 0.88972, 0.91556, 0.91646, 
0.91545, 0.0489, 0.0519, 0.0522, 0.0509, 0.056, 0.0578, 0.0559, 
0.0594, 0.0595, 0.0602, 0.0605, 42.4, 43.5, 46, 54.4, 58.3, 61.6, 
54.7, 70.4, 61.8, 64.8, 62.6, 4, 34, 21, 1, 40, 106, 52, 17, 
75, 50, 122, 300, 389, 649, 139, 1148, 607, 408, 1629, 141, 230, 
73, 100, 100, 100, 100, 100, 100, 100, 100, 100, 100, 100, 2500, 
2500, 2500, 2500, 2500, 2500, 2500, 2500, 2500, 2500, 2500, 8393.042, 
8497.622, 8646.785, 8686.23899999999, 8655.28599999999, 8677.678, 
8684.075, 8678.826, 8858.12600000002, 8842.84599999999, 8890.21100000001, 
6.28769, 7.73722, 5.30728, 0.15306, 0.3419, 0.84867, 6.90096, 
9.2537, 2.53963, 9.24826, 8.38421, -12.91048, -4.58676, -10.52429, 
-6.33701, -6.74057, -6.38298, -12.05606, -4.47085, -8.00435, 
-14.63394, -13.46749, 0, 0, 0, 0, 0, 0, 0, 0, 0, 0, 0, 0, 0, 
0, 0, 0, 0, 0, 0, 0, 0, 0, 0.86667, 0.91667, 0.90714, 0.9131, 
0.90655, 0.90893, 0.90694, 0.90083, 0.93667, 0.93667, 0.93364, 
0.83333, 0.83333, 0.89048, 0.9256, 0.87738, 0.89643, 0.90694, 
0.88972, 0.93667, 0.91646, 0.91545, 0.0494, 0.0506, 0.0508, 0.0555, 
0.0543, 0.0574, 0.057, 0.0604, 0.061, 0.0628, 0.0654, 40.4, 46.4, 
43.9, 53.7, 57.7, 59.5, 53.3, 70.4, 63.3, 61.9, 62.5, 41, 34, 
15, 97, 44, 27, 9, 12, 95, 37, 375, 131, 56, 77, 9, 45, 14, 75, 
120, 12, 35, 6, 100, 100, 100, 100, 100, 100, 100, 100, 100, 
100, 100, 2500, 2500, 2500, 2500, 2500, 2500, 2500, 2500, 2500, 
2500, 2500, 8403.96, 8497.859, 8661.941, 8673.63600000001, 8631.996, 
8741.716, 8706.905, 8814.27299999999, 8853.42799999999, 8882.549, 
8928.223, 1, 1, 1, 1, 1, 1, 1, 1, 1, 1, 1, 0.01754, 0.01754, 
0.01754, 0.01754, 0.01754, 0.01754, 0.01754, 0.01754, 0.01754, 
0.01754, 0.01754, 0, 0, 0, 0, 0, 0, 0, 0, 0, 0, 0, 0, 0, 0, 0, 
0, 0, 0, 0, 0, 0, 0, 0.84667, 0.86667, 0.85714, 0.9131, 0.89405, 
0.87143, 0.89444, 0.85361, 0.92556, 0.89626, 0.90364, 0.85333, 
0.83333, 0.87381, 0.9256, 0.89405, 0.88393, 0.87222, 0.91083, 
0.90556, 0.90626, 0.92273, 0.0501, 0.0519, 0.0548, 0.058, 0.0579, 
0.0613, 0.0622, 0.0641, 0.062, 0.0667, 0.0657, 42.4, 46.4, 50.4, 
54.4, 58.2, 62.1, 66.1, 69.7, 74, 76.6, 81.6, 1, 1, 1, 1, 1, 
1, 1, 1, 1, 1, 1, 1, 1, 1, 1, 1, 1, 1, 1, 1, 1, 1, 1, 1, 1, 1, 
1, 1, 1, 1, 1, 1, 1, 1, 1, 1, 1, 1, 1, 1, 1, 1, 1, 1, 3.386, 
3.429, 3.543, 3.527, 3.388, 3.534, 3.462, 3.589, 3.53, 3.631, 
3.611), .Dim = c(11L, 40L), .Dimnames = list(NULL, c("Sampling", 
"PSO.cost", "PSO.gamma", "PSO.data.balancing", "PSO.feature.selection", 
"PSO.valid.acc", "PSO.test.acc", "PSO.train.time", "PSO.n.support.vectors", 
"PSO.index", "PSO.n.solutions", "PSO.generations", "PSO.n.evaluations", 
"PSO.cpu.time", "RS.cost", "RS.gamma", "RS.data.balancing", "RS.feature.selection", 
"RS.valid.acc", "RS.test.acc", "RS.train.time", "RS.n.support.vectors", 
"RS.index", "RS.n.solutions", "RS.generations", "RS.n.evaluations", 
"RS.cpu.time", "DF.cost", "DF.gamma", "DF.data.balancing", "DF.feature.selection", 
"DF.valid.acc", "DF.test.acc", "DF.train.time", "DF.n.support.vectors", 
"DF.index", "DF.n.solutions", "DF.generations", "DF.n.evaluations", 
"DF.cpu.time")))
