full <-
structure(c(50, 55, 60, 65, 70, 75, 80, 85, 90, 95, 100, 1, 0.75589, 
7.55468, 4.50367, 11.45323, 1.64436, 1.7636, 0.45153, 14.30541, 
5.6106, 5.96031, 0.01754, -4.1419, -3.7415, -10.45602, -4.09046, 
-9.2719, -7.99759, -6.97507, -9.78592, -11.65231, -11.21381, 
0, 0, 0, 0, 0, 0, 0, 0, 0, 0, 0, 0, 0, 0, 0, 0, 0, 0, 0, 0, 0, 
0, 0.91667, 0.93333, 0.95476, 0.9256, 0.94405, 0.94643, 0.92639, 
0.92167, 0.935, 0.92778, 0.92455, 0.87167, 0.93333, 0.90714, 
0.87738, 0.93155, 0.88393, 0.91389, 0.92306, 0.90167, 0.90667, 
0.92455, 0.0514, 0.0528, 0.0526, 0.0537, 0.0546, 0.0564, 0.0577, 
0.0593, 0.0594, 0.0605, 0.063, 42.4, 46.4, 50.4, 47, 58.4, 61.8, 
60.4, 66.8, 57.5, 62.5, 62.7, 1, 139, 24, 83, 6, 941, 18, 415, 
2, 21, 11, 154, 903, 620, 318, 1439, 33, 321, 135, 1932, 333, 
357, 100, 100, 100, 100, 100, 100, 100, 100, 100, 100, 100, 2500, 
2500, 2500, 2500, 2500, 2500, 2500, 2500, 2500, 2500, 2500, 8881.581, 
8891.366, 8750.006, 8750.071, 8720.073, 8853.962, 8974.75999999999, 
8862.15800000001, 8978.78099999999, 9099.83099999998, 9080.02900000001, 
2.3224, 14.99878, 0.5119, 9.07782, 7.5048, 2.85174, 13.43283, 
0.3376, 10.65308, 4.99, 4.62927, -4.84801, -4.14298, -3.82521, 
-14.62494, -4.02836, -10.54371, -3.93057, -6.62812, -13.95959, 
-11.12094, -10.59372, 0, 0, 0, 0, 0, 0, 0, 0, 0, 0, 0, 0, 0, 
0, 0, 0, 0, 0, 0, 0, 0, 0, 0.91667, 0.93333, 0.95476, 0.9256, 
0.94405, 0.94643, 0.92639, 0.92167, 0.935, 0.92778, 0.92455, 
0.88833, 0.93333, 0.90714, 0.87738, 0.91905, 0.88393, 0.93889, 
0.91194, 0.90167, 0.90667, 0.90455, 0.052, 0.0532, 0.054, 0.0535, 
0.0554, 0.0572, 0.0589, 0.0595, 0.0656, 0.0605, 0.0631, 42.4, 
46.4, 50.4, 46.6, 58.4, 61.7, 66.4, 66.6, 56, 62.9, 68.2, 319, 
1, 14, 15, 143, 410, 12, 907, 8, 17, 66, 20, 11, 45, 40, 25, 
1, 94, 1, 504, 38, 34, 100, 100, 100, 100, 100, 100, 100, 100, 
100, 100, 100, 2500, 2500, 2500, 2500, 2500, 2500, 2500, 2500, 
2500, 2500, 2500, 8793.813, 8904.708, 8694.022, 8727.446, 8685.97900000001, 
8903.68799999999, 8893.53300000001, 8878.285, 9470.97700000001, 
8999.81699999998, 9043.97899999999, 1, 1, 1, 1, 1, 1, 1, 1, 1, 
1, 1, 0.01754, 0.01754, 0.01754, 0.01754, 0.01754, 0.01754, 0.01754, 
0.01754, 0.01754, 0.01754, 0.01754, 0, 0, 0, 0, 0, 0, 0, 0, 0, 
0, 0, 0, 0, 0, 0, 0, 0, 0, 0, 0, 0, 0, 0.91667, 0.88, 0.92381, 
0.89643, 0.9006, 0.90536, 0.90139, 0.88694, 0.89167, 0.88667, 
0.89636, 0.87167, 0.91667, 0.92381, 0.925, 0.93155, 0.91964, 
0.90139, 0.91194, 0.89389, 0.90667, 0.89636, 0.0516, 0.0517, 
0.0534, 0.054, 0.0549, 0.0563, 0.0581, 0.0593, 0.0597, 0.0614, 
0.0666, 42.4, 46.3, 50.4, 54, 57.8, 61.6, 65.3, 68, 72.5, 75.7, 
81.1, 1, 1, 1, 1, 1, 1, 1, 1, 1, 1, 1, 1, 1, 1, 1, 1, 1, 1, 1, 
1, 1, 1, 1, 1, 1, 1, 1, 1, 1, 1, 1, 1, 1, 1, 1, 1, 1, 1, 1, 1, 
1, 1, 1, 1, 3.48, 3.429, 3.532, 3.466, 3.414, 3.531, 3.454, 3.569, 
3.537, 3.572, 3.652), .Dim = c(11L, 40L), .Dimnames = list(NULL, 
    c("Sampling", "PSO.cost", "PSO.gamma", "PSO.data.balancing", 
    "PSO.feature.selection", "PSO.valid.acc", "PSO.test.acc", 
    "PSO.train.time", "PSO.n.support.vectors", "PSO.index", "PSO.n.solutions", 
    "PSO.generations", "PSO.n.evaluations", "PSO.cpu.time", "RS.cost", 
    "RS.gamma", "RS.data.balancing", "RS.feature.selection", 
    "RS.valid.acc", "RS.test.acc", "RS.train.time", "RS.n.support.vectors", 
    "RS.index", "RS.n.solutions", "RS.generations", "RS.n.evaluations", 
    "RS.cpu.time", "DF.cost", "DF.gamma", "DF.data.balancing", 
    "DF.feature.selection", "DF.valid.acc", "DF.test.acc", "DF.train.time", 
    "DF.n.support.vectors", "DF.index", "DF.n.solutions", "DF.generations", 
    "DF.n.evaluations", "DF.cpu.time")))
