full <-
structure(c(50, 55, 60, 65, 70, 75, 80, 85, 90, 95, 100, 3.24764, 
5.21114, 0.49668, 2.87865, 11.46319, 7.24693, 5.65453, 1, 12.57373, 
-0.28975, 8.52069, -4.464, -11.29596, -6.40264, -9.16621, -4.68111, 
-11.43725, -4.74595, 0.01754, -6.25794, -5.15907, -13.42168, 
0, 0, 0, 0, 0, 0, 0, 0, 0, 0, 0, 0, 0, 0, 0, 0, 0, 0, 0, 0, 0, 
0, 0.88667, 0.87571, 0.85238, 0.8881, 0.89286, 0.94821, 0.90556, 
0.92222, 0.93417, 0.93, 0.91545, 0.81333, 0.82571, 0.85238, 0.83036, 
0.86786, 0.92321, 0.89167, 0.89861, 0.90306, 0.87778, 0.87727, 
0.0513, 0.0519, 0.0525, 0.0557, 0.0571, 0.0524, 0.0555, 0.0584, 
0.0624, 0.0671, 0.0692, 42.4, 43.1, 48.8, 50.4, 58.4, 51.8, 66.4, 
68.6, 69.6, 77.8, 61.4, 85, 334, 335, 722, 30, 2, 38, 1, 21, 
1940, 228, 53, 144, 237, 51, 1070, 1864, 577, 118, 1468, 6, 127, 
100, 100, 100, 100, 100, 100, 100, 100, 100, 100, 100, 2500, 
2500, 2500, 2500, 2500, 2500, 2500, 2500, 2500, 2500, 2500, 8866.982, 
8861.805, 8865.88, 8908.98, 8558.22, 8623.932, 8864.186, 8955.61900000001, 
9161.06299999999, 9035.353, 9861.92199999999, 4.26375, 1.63317, 
5.65813, 2.06511, 3.1662, 7.89578, 14.1479, 0.32007, 9.50863, 
2.27932, 8.11833, -5.84254, -7.52152, -11.72924, -8.2224, -4.73431, 
-11.87813, -4.72587, -5.63915, -6.75546, -4.3645, -13.06827, 
0, 0, 0, 0, 0, 0, 0, 0, 0, 0, 0, 0, 0, 0, 0, 0, 0, 0, 0, 0, 0, 
0, 0.87, 0.87571, 0.85238, 0.8881, 0.89286, 0.94821, 0.90556, 
0.92222, 0.93417, 0.92, 0.91545, 0.81333, 0.8281, 0.82381, 0.83036, 
0.86786, 0.92321, 0.89167, 0.89861, 0.90417, 0.87778, 0.87727, 
0.0461, 0.0521, 0.0527, 0.0556, 0.0543, 0.0527, 0.0543, 0.0627, 
0.0645, 0.0609, 0.0662, 42, 44.3, 46.3, 50.8, 58.4, 51.7, 66.4, 
68.7, 66.6, 78.4, 61.6, 145, 9, 1210, 647, 2, 9, 436, 23, 92, 
95, 500, 45, 27, 5, 4, 94, 409, 13, 91, 52, 24, 1, 100, 100, 
100, 100, 100, 100, 100, 100, 100, 100, 100, 2500, 2500, 2500, 
2500, 2500, 2500, 2500, 2500, 2500, 2500, 2500, 8552.635, 8819.879, 
8900.319, 8619.056, 8792.056, 8762.80099999999, 8833.001, 8747.77900000001, 
9206.48700000002, 9203.79500000001, 9731.348, 1, 1, 1, 1, 1, 
1, 1, 1, 1, 1, 1, 0.01754, 0.01754, 0.01754, 0.01754, 0.01754, 
0.01754, 0.01754, 0.01754, 0.01754, 0.01754, 0.01754, 0, 0, 0, 
0, 0, 0, 0, 0, 0, 0, 0, 0, 0, 0, 0, 0, 0, 0, 0, 0, 0, 0, 0.79333, 
0.75476, 0.81905, 0.84048, 0.85357, 0.88571, 0.89306, 0.92222, 
0.88972, 0.91, 0.89455, 0.75333, 0.7581, 0.83571, 0.82857, 0.86607, 
0.88571, 0.90417, 0.89861, 0.89083, 0.88778, 0.87545, 0.0506, 
0.0531, 0.0522, 0.0554, 0.0516, 0.053, 0.0603, 0.0544, 0.0602, 
0.0602, 0.0725, 42.3, 46.4, 50.2, 53.5, 58.1, 61.8, 65.7, 68.6, 
72.7, 76.1, 81.7, 1, 1, 1, 1, 1, 1, 1, 1, 1, 1, 1, 1, 1, 1, 1, 
1, 1, 1, 1, 1, 1, 1, 1, 1, 1, 1, 1, 1, 1, 1, 1, 1, 1, 1, 1, 1, 
1, 1, 1, 1, 1, 1, 1, 1, 3.484, 3.532, 3.551, 3.539, 3.33, 3.28, 
3.64, 3.332, 3.634, 3.865, 3.86), .Dim = c(11L, 40L), .Dimnames = list(
    NULL, c("Sampling", "PSO.cost", "PSO.gamma", "PSO.data.balancing", 
    "PSO.feature.selection", "PSO.valid.acc", "PSO.test.acc", 
    "PSO.train.time", "PSO.n.support.vectors", "PSO.index", "PSO.n.solutions", 
    "PSO.generations", "PSO.n.evaluations", "PSO.cpu.time", "RS.cost", 
    "RS.gamma", "RS.data.balancing", "RS.feature.selection", 
    "RS.valid.acc", "RS.test.acc", "RS.train.time", "RS.n.support.vectors", 
    "RS.index", "RS.n.solutions", "RS.generations", "RS.n.evaluations", 
    "RS.cpu.time", "DF.cost", "DF.gamma", "DF.data.balancing", 
    "DF.feature.selection", "DF.valid.acc", "DF.test.acc", "DF.train.time", 
    "DF.n.support.vectors", "DF.index", "DF.n.solutions", "DF.generations", 
    "DF.n.evaluations", "DF.cpu.time")))
