full <-
structure(c(50, 55, 60, 65, 70, 75, 80, 85, 90, 95, 100, 3.44323, 
4.62856, 0.58117, 1.193, -0.14166, 8.9599, 1.21678, 4.88266, 
5.10864, 3.08816, 7.54392, -6.99257, -10.39895, -5.86712, -6.67277, 
-4.96745, -15, -6.60465, -10.38921, -12.70031, -7.93434, -13.86148, 
0, 0, 0, 0, 0, 0, 0, 0, 0, 0, 0, 0, 0, 0, 0, 0, 0, 0, 0, 0, 0, 
0, 0.80667, 0.88238, 0.84286, 0.90536, 0.84643, 0.9121, 0.89444, 
0.89889, 0.92306, 0.94, 0.91439, 0.73, 0.87571, 0.7619, 0.8744, 
0.81548, 0.87421, 0.86667, 0.87278, 0.86722, 0.88778, 0.9053, 
0.0474, 0.0527, 0.0513, 0.0529, 0.0518, 0.0543, 0.0546, 0.0575, 
0.0635, 0.0608, 0.0624, 41, 43.1, 50.1, 52.8, 58.4, 54.2, 61.3, 
55.7, 71.3, 64.6, 69.4, 28, 173, 433, 371, 408, 28, 2195, 918, 
477, 40, 84, 687, 339, 133, 502, 64, 137, 5, 49, 44, 188, 173, 
100, 100, 100, 100, 100, 100, 100, 100, 100, 100, 100, 2500, 
2500, 2500, 2500, 2500, 2500, 2500, 2500, 2500, 2500, 2500, 8363.637, 
8485.564, 8747.655, 8762.287, 8547.73300000001, 8569.249, 8319.677, 
8910.57800000001, 9264.79500000001, 8792.84100000001, 8938.25400000002, 
5.61152, 4.35456, 12.20144, 1.20988, -0.21324, 3.60766, 0.57904, 
5.14949, 5.26276, 3.2736, 1.6543, -7.62583, -9.81777, -5.79313, 
-6.19344, -4.76625, -9.51855, -6.16297, -10.37244, -12.80575, 
-8.14911, -7.21553, 0, 0, 0, 0, 0, 0, 0, 0, 0, 0, 0, 0, 0, 0, 
0, 0, 0, 0, 0, 0, 0, 0, 0.80667, 0.88238, 0.84048, 0.90119, 0.84643, 
0.9121, 0.90556, 0.89889, 0.92306, 0.94, 0.91439, 0.73, 0.85571, 
0.77857, 0.88869, 0.81548, 0.87421, 0.86806, 0.86028, 0.86722, 
0.88778, 0.9153, 0.0472, 0.0516, 0.0517, 0.0509, 0.0518, 0.054, 
0.0624, 0.0609, 0.0612, 0.0647, 0.0626, 40.2, 42.9, 49.7, 53.2, 
58.4, 54.4, 63, 54.6, 70.7, 64.2, 72.4, 3, 3, 88, 664, 1063, 
962, 1025, 121, 460, 67, 1, 265, 21, 75, 6, 1, 11, 2, 6, 4, 9, 
25, 100, 100, 100, 100, 100, 100, 100, 100, 100, 100, 100, 2500, 
2500, 2500, 2500, 2500, 2500, 2500, 2500, 2500, 2500, 2500, 8273.479, 
8696.381, 8668.269, 8618.84100000001, 8756.829, 8333.272, 8887.89200000001, 
9208.542, 8962.141, 8847.32800000001, 9033.65199999997, 1, 1, 
1, 1, 1, 1, 1, 1, 1, 1, 1, 0.01754, 0.01754, 0.01754, 0.01754, 
0.01754, 0.01754, 0.01754, 0.01754, 0.01754, 0.01754, 0.01754, 
0, 0, 0, 0, 0, 0, 0, 0, 0, 0, 0, 0, 0, 0, 0, 0, 0, 0, 0, 0, 0, 
0, 0.60667, 0.69238, 0.78095, 0.87857, 0.81964, 0.85853, 0.86806, 
0.87417, 0.85833, 0.89778, 0.8953, 0.62667, 0.70905, 0.71667, 
0.8619, 0.80119, 0.85853, 0.85694, 0.88556, 0.88944, 0.88667, 
0.9053, 0.0508, 0.0495, 0.0542, 0.057, 0.056, 0.0516, 0.0603, 
0.063, 0.0611, 0.0588, 0.064, 42.1, 46.2, 50.4, 54.2, 58.2, 61.5, 
65.3, 68.6, 72.1, 75.3, 81.3, 1, 1, 1, 1, 1, 1, 1, 1, 1, 1, 1, 
1, 1, 1, 1, 1, 1, 1, 1, 1, 1, 1, 1, 1, 1, 1, 1, 1, 1, 1, 1, 1, 
1, 1, 1, 1, 1, 1, 1, 1, 1, 1, 1, 1, 3.373, 3.384, 3.553, 3.615, 
3.625, 3.258, 3.613, 3.758, 3.592, 3.342, 3.561), .Dim = c(11L, 
40L), .Dimnames = list(NULL, c("Sampling", "PSO.cost", "PSO.gamma", 
"PSO.data.balancing", "PSO.feature.selection", "PSO.valid.acc", 
"PSO.test.acc", "PSO.train.time", "PSO.n.support.vectors", "PSO.index", 
"PSO.n.solutions", "PSO.generations", "PSO.n.evaluations", "PSO.cpu.time", 
"RS.cost", "RS.gamma", "RS.data.balancing", "RS.feature.selection", 
"RS.valid.acc", "RS.test.acc", "RS.train.time", "RS.n.support.vectors", 
"RS.index", "RS.n.solutions", "RS.generations", "RS.n.evaluations", 
"RS.cpu.time", "DF.cost", "DF.gamma", "DF.data.balancing", "DF.feature.selection", 
"DF.valid.acc", "DF.test.acc", "DF.train.time", "DF.n.support.vectors", 
"DF.index", "DF.n.solutions", "DF.generations", "DF.n.evaluations", 
"DF.cpu.time")))
