full <-
structure(c(50, 55, 60, 65, 70, 75, 80, 85, 90, 95, 100, 7.69438, 
8.95625, 6.50609, 1, 3.31477, 14.56882, 1.82379, 10.68319, 4.23569, 
3.07496, 1.47073, -15, -15, -12.51556, 0.01754, -9.90215, -14.83728, 
-6.40726, -5.39733, -11.14885, -9.41771, -8.61648, 0, 0, 0, 0, 
0, 0, 0, 0, 0, 0, 0, 0, 0, 0, 0, 0, 0, 0, 0, 0, 0, 0, 0.86667, 
0.89667, 0.93571, 0.92857, 0.92143, 0.94821, 0.96389, 0.96389, 
0.92639, 0.91778, 0.91788, 0.85, 0.83, 0.87143, 0.85714, 0.90714, 
0.93571, 0.93889, 0.93417, 0.89417, 0.89889, 0.8697, 0.0514, 
0.0473, 0.0552, 0.0577, 0.0566, 0.0516, 0.0577, 0.0617, 0.0561, 
0.0625, 0.0636, 41.1, 41.9, 45.2, 53.2, 54, 50.6, 62, 69.2, 68.3, 
68.9, 79.2, 59, 490, 4, 1, 4, 19, 72, 140, 234, 8, 29, 160, 40, 
99, 56, 1703, 1128, 644, 1049, 92, 1163, 437, 100, 100, 100, 
100, 100, 100, 100, 100, 100, 100, 100, 2500, 2500, 2500, 2500, 
2500, 2500, 2500, 2500, 2500, 2500, 2500, 8717.706, 8805.369, 
8901.275, 8945.651, 9023.901, 9284.238, 9341.84599999999, 9108.46300000002, 
9079.03600000002, 9217.75899999999, 9795.77900000001, 6.87739, 
8.73095, 3.88949, 1.14661, 6.65125, 14.06443, 5.53433, 10.29231, 
6.30523, 8.61255, 2.29284, -14.04973, -14.82248, -9.81851, -7.06169, 
-9.90176, -8.62986, -6.47324, -5.43095, -13.22931, -14.03207, 
-8.14369, 0, 0, 0, 0, 0, 0, 0, 0, 0, 0, 0, 0, 0, 0, 0, 0, 0, 
0, 0, 0, 0, 0, 0.86667, 0.89667, 0.93571, 0.92857, 0.92143, 0.94821, 
0.96389, 0.96389, 0.92639, 0.91778, 0.91788, 0.83, 0.83, 0.87143, 
0.9, 0.89286, 0.93571, 0.93889, 0.94417, 0.89417, 0.90889, 0.8897, 
0.0461, 0.0509, 0.0527, 0.0558, 0.0531, 0.0562, 0.0542, 0.0591, 
0.061, 0.0594, 0.0657, 41, 42, 45.9, 51.2, 48, 52.7, 61.7, 69, 
68.1, 62.9, 71.1, 21, 526, 808, 110, 4, 24, 199, 116, 363, 13, 
46, 25, 8, 12, 36, 782, 276, 10, 10, 9, 497, 68, 100, 100, 100, 
100, 100, 100, 100, 100, 100, 100, 100, 2500, 2500, 2500, 2500, 
2500, 2500, 2500, 2500, 2500, 2500, 2500, 8588.277, 8825.344, 
8995.94, 9116.11800000001, 9137.087, 9318.624, 9103.039, 8974.50399999999, 
9518.51000000001, 9244.56, 9789.821, 1, 1, 1, 1, 1, 1, 1, 1, 
1, 1, 1, 0.01754, 0.01754, 0.01754, 0.01754, 0.01754, 0.01754, 
0.01754, 0.01754, 0.01754, 0.01754, 0.01754, 0, 0, 0, 0, 0, 0, 
0, 0, 0, 0, 0, 0, 0, 0, 0, 0, 0, 0, 0, 0, 0, 0, 0.84667, 0.84333, 
0.87143, 0.92857, 0.91071, 0.90893, 0.93889, 0.93167, 0.91528, 
0.90667, 0.89879, 0.83, 0.81333, 0.8881, 0.85714, 0.92143, 0.93571, 
0.90139, 0.93306, 0.90417, 0.91889, 0.8797, 0.0503, 0.0519, 0.053, 
0.0567, 0.0528, 0.0562, 0.0564, 0.056, 0.0623, 0.0639, 0.0671, 
41.7, 45.7, 49.6, 53.2, 57.6, 61.2, 65.7, 68.8, 72.9, 76.5, 81.8, 
1, 1, 1, 1, 1, 1, 1, 1, 1, 1, 1, 1, 1, 1, 1, 1, 1, 1, 1, 1, 1, 
1, 1, 1, 1, 1, 1, 1, 1, 1, 1, 1, 1, 1, 1, 1, 1, 1, 1, 1, 1, 1, 
1, 1, 3.46, 3.659, 3.609, 3.668, 3.486, 3.74, 3.737, 3.403, 3.962, 
3.878, 3.839), .Dim = c(11L, 40L), .Dimnames = list(NULL, c("Sampling", 
"PSO.cost", "PSO.gamma", "PSO.data.balancing", "PSO.feature.selection", 
"PSO.valid.acc", "PSO.test.acc", "PSO.train.time", "PSO.n.support.vectors", 
"PSO.index", "PSO.n.solutions", "PSO.generations", "PSO.n.evaluations", 
"PSO.cpu.time", "RS.cost", "RS.gamma", "RS.data.balancing", "RS.feature.selection", 
"RS.valid.acc", "RS.test.acc", "RS.train.time", "RS.n.support.vectors", 
"RS.index", "RS.n.solutions", "RS.generations", "RS.n.evaluations", 
"RS.cpu.time", "DF.cost", "DF.gamma", "DF.data.balancing", "DF.feature.selection", 
"DF.valid.acc", "DF.test.acc", "DF.train.time", "DF.n.support.vectors", 
"DF.index", "DF.n.solutions", "DF.generations", "DF.n.evaluations", 
"DF.cpu.time")))
