full <-
structure(c(50, 55, 60, 65, 70, 75, 80, 85, 90, 95, 100, 9.45533, 
7.93764, -0.12288, 9.59202, 13.51567, 0.1704, 8.86396, 12.55334, 
4.62002, 1.46407, 7.62367, -11.6309, -4.12015, -4.96321, -9.67038, 
-12.61085, -5.28565, -15, -6.72618, -11.22767, -7.92172, -13.98786, 
0, 0, 0, 0, 0, 0, 0, 0, 0, 0, 0, 0, 0, 0, 0, 0, 0, 0, 0, 0, 0, 
0, 0.835, 0.86667, 0.85655, 0.94048, 0.90536, 0.9, 0.91806, 0.90194, 
0.91556, 0.93, 0.93667, 0.80167, 0.79667, 0.8375, 0.88274, 0.85179, 
0.87321, 0.88333, 0.88944, 0.88222, 0.90889, 0.91258, 0.0484, 
0.0499, 0.0509, 0.0517, 0.0554, 0.0544, 0.0543, 0.0566, 0.0615, 
0.0629, 0.0639, 37.6, 46.4, 50.4, 46.1, 48.1, 62.3, 56.4, 63.6, 
65.5, 71.4, 70.2, 12, 50, 1529, 3, 5, 120, 93, 14, 60, 112, 106, 
2037, 1340, 23, 1389, 1750, 914, 155, 1330, 189, 229, 96, 100, 
100, 100, 100, 100, 100, 100, 100, 100, 100, 100, 2500, 2500, 
2500, 2500, 2500, 2500, 2500, 2500, 2500, 2500, 2500, 8266.833, 
8367.44, 8316.847, 8349.521, 8348.45, 8367.966, 8235.37, 8293.35800000001, 
8665.59900000002, 8650.42499999999, 8722.27800000002, 12.2375, 
11.41733, 10.80191, 9.26024, 9.04911, 0.29083, 7.40617, 12.11497, 
7.38241, 0.97238, 0.97409, -13.52978, -4.06082, -4.07674, -12.71313, 
-11.87905, -5.55269, -13.66855, -7.56968, -13.96114, -7.17944, 
-6.44791, 0, 0, 0, 0, 0, 0, 0, 0, 0, 0, 0, 0, 0, 0, 0, 0, 0, 
0, 0, 0, 0, 0, 0.835, 0.86667, 0.83988, 0.94048, 0.90536, 0.9, 
0.91806, 0.90194, 0.91556, 0.93, 0.92833, 0.80167, 0.76333, 0.85417, 
0.88274, 0.85179, 0.87321, 0.88194, 0.87833, 0.88222, 0.91889, 
0.90258, 0.0489, 0.0499, 0.0523, 0.0504, 0.0515, 0.0546, 0.0547, 
0.0565, 0.061, 0.0638, 0.0661, 37.6, 46.4, 50.4, 45.6, 48.1, 
62, 57.1, 61.3, 65.1, 71.7, 76.1, 3, 15, 98, 3, 8, 82, 305, 7, 
84, 208, 49, 383, 23, 42, 230, 130, 14, 14, 244, 18, 5, 52, 100, 
100, 100, 100, 100, 100, 100, 100, 100, 100, 100, 2500, 2500, 
2500, 2500, 2500, 2500, 2500, 2500, 2500, 2500, 2500, 8237.005, 
8314.287, 8312.64, 8354.81099999999, 8367.95999999999, 8208.80200000001, 
8236.08600000001, 8422.817, 8620.856, 8672.21600000001, 9703.94400000002, 
1, 1, 1, 1, 1, 1, 1, 1, 1, 1, 1, 0.01754, 0.01754, 0.01754, 0.01754, 
0.01754, 0.01754, 0.01754, 0.01754, 0.01754, 0.01754, 0.01754, 
0, 0, 0, 0, 0, 0, 0, 0, 0, 0, 0, 0, 0, 0, 0, 0, 0, 0, 0, 0, 0, 
0, 0.79833, 0.81333, 0.81071, 0.85179, 0.89107, 0.87321, 0.86944, 
0.85222, 0.88222, 0.90889, 0.91924, 0.74, 0.84667, 0.85655, 0.89286, 
0.85, 0.87321, 0.87222, 0.87583, 0.85222, 0.88778, 0.91091, 0.0483, 
0.0499, 0.0522, 0.0536, 0.0569, 0.0544, 0.0555, 0.0606, 0.0622, 
0.0636, 0.0734, 42.3, 46.2, 50.3, 54.4, 58.2, 61.9, 65.7, 68.9, 
72.2, 76, 81.3, 1, 1, 1, 1, 1, 1, 1, 1, 1, 1, 1, 1, 1, 1, 1, 
1, 1, 1, 1, 1, 1, 1, 1, 1, 1, 1, 1, 1, 1, 1, 1, 1, 1, 1, 1, 1, 
1, 1, 1, 1, 1, 1, 1, 1, 3.287, 3.341, 3.288, 3.363, 3.43, 3.273, 
3.272, 3.453, 3.44, 3.471, 4.458), .Dim = c(11L, 40L), .Dimnames = list(
    NULL, c("Sampling", "PSO.cost", "PSO.gamma", "PSO.data.balancing", 
    "PSO.feature.selection", "PSO.valid.acc", "PSO.test.acc", 
    "PSO.train.time", "PSO.n.support.vectors", "PSO.index", "PSO.n.solutions", 
    "PSO.generations", "PSO.n.evaluations", "PSO.cpu.time", "RS.cost", 
    "RS.gamma", "RS.data.balancing", "RS.feature.selection", 
    "RS.valid.acc", "RS.test.acc", "RS.train.time", "RS.n.support.vectors", 
    "RS.index", "RS.n.solutions", "RS.generations", "RS.n.evaluations", 
    "RS.cpu.time", "DF.cost", "DF.gamma", "DF.data.balancing", 
    "DF.feature.selection", "DF.valid.acc", "DF.test.acc", "DF.train.time", 
    "DF.n.support.vectors", "DF.index", "DF.n.solutions", "DF.generations", 
    "DF.n.evaluations", "DF.cpu.time")))
