full <-
structure(c(50, 55, 60, 65, 70, 75, 80, 85, 90, 95, 100, 10.86602, 
6.84225, 4.82098, 2.85021, 1.50852, 4.1391, 7.02619, 5.61573, 
8.1011, 9.27094, 3.41568, -14.39978, -5.34775, -4.72151, -9.17023, 
-7.65367, -6.36538, -4.85436, -6.64059, -5.26402, -5.55273, -8.49135, 
0, 0, 0, 0, 0, 0, 0, 0, 0, 0, 0, 0, 0, 0, 0, 0, 0, 0, 0, 0, 0, 
0, 0.88667, 0.89667, 0.92381, 0.90119, 0.91964, 0.9246, 0.90833, 
0.90972, 0.92556, 0.91556, 0.91045, 0.83333, 0.87667, 0.90714, 
0.86012, 0.86607, 0.8996, 0.90417, 0.88722, 0.89222, 0.89444, 
0.9097, 0.0517, 0.0548, 0.054, 0.0564, 0.0551, 0.0524, 0.0594, 
0.0576, 0.0607, 0.0615, 0.0674, 37.7, 46.4, 50.4, 50.5, 54.7, 
59.9, 66.4, 63.8, 74.2, 77.2, 67.1, 3, 31, 45, 5, 165, 3, 144, 
72, 7, 9, 86, 2047, 1586, 1270, 441, 136, 1432, 710, 933, 793, 
1008, 175, 100, 100, 100, 100, 100, 100, 100, 100, 100, 100, 
100, 2500, 2500, 2500, 2500, 2500, 2500, 2500, 2500, 2500, 2500, 
2500, 8654.429, 8660.384, 8806.424, 8789.919, 8659.52, 8671.08100000001, 
8682.622, 8986.30200000001, 8940.084, 8939.101, 8769.99799999999, 
9.81501, 9.46352, 12.48524, 2.7769, 7.40577, 12.23504, 13.50244, 
4.86001, 2.20489, 11.88769, 9.016, -11.31516, -5.67298, -4.87354, 
-8.86985, -13.80123, -5.59975, -4.92088, -6.66794, -5.1648, -4.56218, 
-14.24568, 0, 0, 0, 0, 0, 0, 0, 0, 0, 0, 0, 0, 0, 0, 0, 0, 0, 
0, 0, 0, 0, 0, 0.88667, 0.89667, 0.92381, 0.90119, 0.91964, 0.9246, 
0.90833, 0.90972, 0.92556, 0.91556, 0.91045, 0.83333, 0.87667, 
0.89048, 0.86012, 0.86607, 0.8996, 0.90417, 0.88722, 0.89222, 
0.90556, 0.91879, 0.0463, 0.0527, 0.0512, 0.0558, 0.0549, 0.0533, 
0.0554, 0.0611, 0.0632, 0.0594, 0.0588, 37.8, 46.3, 50.4, 50.2, 
53.1, 61.8, 66.4, 63.7, 74.2, 78.4, 64, 2, 82, 40, 23, 573, 13, 
189, 79, 140, 139, 62, 511, 77, 53, 51, 7, 102, 16, 14, 34, 74, 
16, 100, 100, 100, 100, 100, 100, 100, 100, 100, 100, 100, 2500, 
2500, 2500, 2500, 2500, 2500, 2500, 2500, 2500, 2500, 2500, 8513.492, 
8479.822, 8721.131, 8832.745, 8624.796, 8600.827, 8722.07400000001, 
8948.79300000001, 9099.94699999999, 9011.177, 8737.93000000002, 
1, 1, 1, 1, 1, 1, 1, 1, 1, 1, 1, 0.01754, 0.01754, 0.01754, 0.01754, 
0.01754, 0.01754, 0.01754, 0.01754, 0.01754, 0.01754, 0.01754, 
0, 0, 0, 0, 0, 0, 0, 0, 0, 0, 0, 0, 0, 0, 0, 0, 0, 0, 0, 0, 0, 
0, 0.79, 0.81, 0.89286, 0.85655, 0.88869, 0.8996, 0.89722, 0.88611, 
0.91444, 0.90556, 0.88136, 0.81333, 0.88, 0.84524, 0.84583, 0.87798, 
0.8871, 0.89306, 0.87611, 0.89222, 0.89444, 0.87227, 0.0516, 
0.0534, 0.052, 0.0552, 0.0514, 0.0529, 0.054, 0.0595, 0.0599, 
0.0624, 0.0637, 42.4, 46.4, 50.4, 54.3, 58, 61.8, 66, 69.7, 73.1, 
76.6, 81.1, 1, 1, 1, 1, 1, 1, 1, 1, 1, 1, 1, 1, 1, 1, 1, 1, 1, 
1, 1, 1, 1, 1, 1, 1, 1, 1, 1, 1, 1, 1, 1, 1, 1, 1, 1, 1, 1, 1, 
1, 1, 1, 1, 1, 1, 3.409, 3.466, 3.477, 3.597, 3.233, 3.292, 3.261, 
3.634, 3.688, 3.68, 3.607), .Dim = c(11L, 40L), .Dimnames = list(
    NULL, c("Sampling", "PSO.cost", "PSO.gamma", "PSO.data.balancing", 
    "PSO.feature.selection", "PSO.valid.acc", "PSO.test.acc", 
    "PSO.train.time", "PSO.n.support.vectors", "PSO.index", "PSO.n.solutions", 
    "PSO.generations", "PSO.n.evaluations", "PSO.cpu.time", "RS.cost", 
    "RS.gamma", "RS.data.balancing", "RS.feature.selection", 
    "RS.valid.acc", "RS.test.acc", "RS.train.time", "RS.n.support.vectors", 
    "RS.index", "RS.n.solutions", "RS.generations", "RS.n.evaluations", 
    "RS.cpu.time", "DF.cost", "DF.gamma", "DF.data.balancing", 
    "DF.feature.selection", "DF.valid.acc", "DF.test.acc", "DF.train.time", 
    "DF.n.support.vectors", "DF.index", "DF.n.solutions", "DF.generations", 
    "DF.n.evaluations", "DF.cpu.time")))
