full <-
structure(c(50, 55, 60, 65, 70, 75, 80, 85, 90, 95, 100, 3.25203, 
8.51079, 8.44632, 7.31451, 1.92019, 7.68003, 10.39146, 9.62694, 
-0.47405, 6.21748, 2.46228, -5.30234, -6.21, -13.45814, -12.66841, 
-4.41142, -4.36237, -14.03827, -14.51698, -4.97697, -9.01732, 
-8.48633, 0, 0, 0, 0, 0, 0, 0, 0, 0, 0, 0, 0, 0, 0, 0, 0, 0, 
0, 0, 0, 0, 0, 0.86, 0.88333, 0.93333, 0.85476, 0.89048, 0.88571, 
0.93056, 0.94278, 0.90222, 0.89778, 0.91455, 0.9, 0.82667, 0.90714, 
0.80893, 0.83452, 0.86964, 0.90694, 0.93417, 0.89222, 0.90889, 
0.91364, 0.0494, 0.0507, 0.0552, 0.056, 0.0574, 0.0581, 0.057, 
0.0565, 0.0617, 0.0611, 0.0625, 42.4, 45.9, 45.3, 47.3, 58.4, 
62.4, 50.9, 54.2, 74.4, 61, 70.7, 27, 2, 77, 1953, 27, 66, 13, 
11, 83, 3, 450, 451, 1325, 157, 1, 145, 247, 2145, 1738, 112, 
1475, 115, 100, 100, 100, 100, 100, 100, 100, 100, 100, 100, 
100, 2500, 2500, 2500, 2500, 2500, 2500, 2500, 2500, 2500, 2500, 
2500, 8510.12, 8708.271, 8790.301, 8819.615, 8894.93199999999, 
9010.867, 8906.39899999999, 8963.7, 9073.96000000002, 8927.28, 
9093.39199999999, 4.14265, 9.11012, 7.76809, 7.29951, 1.13571, 
5.32627, 6.50215, 7.39021, -0.19442, 7.88063, 2.36905, -5.9169, 
-5.86869, -12.80952, -12.61625, -4.40546, -4.2492, -11.37455, 
-9.47895, -4.56468, -14.14289, -8.46132, 0, 0, 0, 0, 0, 0, 0, 
0, 0, 0, 0, 0, 0, 0, 0, 0, 0, 0, 0, 0, 0, 0, 0.86, 0.88333, 0.93333, 
0.85476, 0.89048, 0.88571, 0.93056, 0.94278, 0.90222, 0.89778, 
0.91455, 0.86333, 0.82667, 0.90714, 0.80893, 0.83452, 0.86964, 
0.90694, 0.92306, 0.89222, 0.90778, 0.91364, 0.0524, 0.0518, 
0.0525, 0.053, 0.0583, 0.0595, 0.0576, 0.0578, 0.0619, 0.0619, 
0.065, 42.4, 46.2, 45.3, 47.3, 58.4, 62.4, 51.3, 55.8, 74.4, 
66.5, 71, 47, 34, 426, 1493, 928, 47, 11, 4, 1716, 6, 1338, 45, 
73, 4, 2, 2, 55, 154, 502, 1, 223, 3, 100, 100, 100, 100, 100, 
100, 100, 100, 100, 100, 100, 2500, 2500, 2500, 2500, 2500, 2500, 
2500, 2500, 2500, 2500, 2500, 8532.645, 8761.645, 8795.807, 8826.958, 
9033.788, 8997.774, 8992.05799999999, 8954.497, 8905.454, 8978.986, 
9058.44500000001, 1, 1, 1, 1, 1, 1, 1, 1, 1, 1, 1, 0.01754, 0.01754, 
0.01754, 0.01754, 0.01754, 0.01754, 0.01754, 0.01754, 0.01754, 
0.01754, 0.01754, 0, 0, 0, 0, 0, 0, 0, 0, 0, 0, 0, 0, 0, 0, 0, 
0, 0, 0, 0, 0, 0, 0, 0.78667, 0.86667, 0.89048, 0.79643, 0.82202, 
0.85893, 0.89444, 0.89806, 0.88, 0.87778, 0.89455, 0.82333, 0.86333, 
0.87381, 0.79643, 0.80952, 0.85714, 0.88333, 0.92167, 0.88111, 
0.86778, 0.90455, 0.0478, 0.0547, 0.0531, 0.0557, 0.0576, 0.0576, 
0.0585, 0.059, 0.0615, 0.0631, 0.0646, 42.4, 46.4, 50.3, 54.4, 
58.2, 61.8, 64.9, 68.8, 72.5, 76.4, 81.6, 1, 1, 1, 1, 1, 1, 1, 
1, 1, 1, 1, 1, 1, 1, 1, 1, 1, 1, 1, 1, 1, 1, 1, 1, 1, 1, 1, 1, 
1, 1, 1, 1, 1, 1, 1, 1, 1, 1, 1, 1, 1, 1, 1, 1, 3.256, 3.564, 
3.49, 3.555, 3.612, 3.555, 3.594, 3.616, 3.583, 3.538, 3.633), .Dim = c(11L, 
40L), .Dimnames = list(NULL, c("Sampling", "PSO.cost", "PSO.gamma", 
"PSO.data.balancing", "PSO.feature.selection", "PSO.valid.acc", 
"PSO.test.acc", "PSO.train.time", "PSO.n.support.vectors", "PSO.index", 
"PSO.n.solutions", "PSO.generations", "PSO.n.evaluations", "PSO.cpu.time", 
"RS.cost", "RS.gamma", "RS.data.balancing", "RS.feature.selection", 
"RS.valid.acc", "RS.test.acc", "RS.train.time", "RS.n.support.vectors", 
"RS.index", "RS.n.solutions", "RS.generations", "RS.n.evaluations", 
"RS.cpu.time", "DF.cost", "DF.gamma", "DF.data.balancing", "DF.feature.selection", 
"DF.valid.acc", "DF.test.acc", "DF.train.time", "DF.n.support.vectors", 
"DF.index", "DF.n.solutions", "DF.generations", "DF.n.evaluations", 
"DF.cpu.time")))
