full <-
structure(c(50, 55, 60, 65, 70, 75, 80, 85, 90, 95, 100, 11.09989, 
9.3861, 7.58135, 13.90361, 8.17871, 12.13967, 5.47552, 10.63398, 
9.25033, 12.74192, 8.47165, 1.58617, -8.17645, -6.393, 1.73589, 
-6.80388, -7.91634, -4.50479, -6.24829, -6.72538, -5.89528, -7.91738, 
0, 0, 0, 0, 0, 0, 0, 0, 0, 0, 0, 0, 0, 0, 0, 0, 0, 0, 0, 0, 0, 
0, 0.84571, 0.90714, 0.88512, 0.84226, 0.89266, 0.88667, 0.88444, 
0.87051, 0.87889, 0.84636, 0.8711, 0.84571, 0.85381, 0.84167, 
0.82976, 0.89127, 0.86127, 0.88306, 0.85141, 0.84071, 0.85727, 
0.81317, 0.0496, 0.0493, 0.049, 0.0508, 0.0509, 0.053, 0.0551, 
0.0594, 0.0595, 0.0617, 0.0624, 45.6, 36.9, 39.7, 59.8, 45.3, 
43.4, 56.3, 50.4, 52.1, 57.4, 61.4, 12, 565, 110, 33, 84, 129, 
1271, 53, 131, 70, 1817, 1752, 172, 274, 1878, 91, 1727, 68, 
1222, 324, 695, 1, 100, 100, 100, 100, 100, 100, 100, 100, 100, 
100, 100, 2500, 2500, 2500, 2500, 2500, 2500, 2500, 2500, 2500, 
2500, 2500, 8305.409, 8301.658, 8306.726, 8235.201, 8167.981, 
8165.466, 8313.863, 11099.722, 11208.025, 11184.133, 11056.967, 
4.14392, 9.45647, 10.60182, 6.07136, 8.47748, 11.65718, 5.16547, 
14.542, 8.70093, 14.47468, 9.36085, -6.88891, -8.46414, -5.34912, 
-0.31312, -7.20425, -8.17952, -4.4994, -6.07626, -7.01216, -7.80136, 
-8.40522, 0, 0, 0, 0, 0, 0, 0, 0, 0, 0, 0, 0, 0, 0, 0, 0, 0, 
0, 0, 0, 0, 0, 0.86381, 0.90714, 0.88274, 0.84226, 0.89266, 0.88667, 
0.86444, 0.87051, 0.87889, 0.84636, 0.87034, 0.79857, 0.83952, 
0.87262, 0.84226, 0.89127, 0.86127, 0.86083, 0.85141, 0.8598, 
0.85636, 0.79575, 0.0488, 0.0479, 0.048, 0.0498, 0.0491, 0.0498, 
0.0528, 0.0602, 0.0612, 0.0641, 0.0635, 43, 37, 41.6, 57, 45.2, 
43, 57.3, 50.3, 53.8, 54.2, 58, 1749, 1412, 572, 15, 78, 65, 
773, 86, 72, 33, 413, 1, 1, 4, 339, 2, 33, 4, 20, 4, 60, 3, 100, 
100, 100, 100, 100, 100, 100, 100, 100, 100, 100, 2500, 2500, 
2500, 2500, 2500, 2500, 2500, 2500, 2500, 2500, 2500, 8286.328, 
8320.67, 8176.661, 8151.88200000001, 8190.63499999999, 8232.694, 
9897.33200000001, 11097.481, 11248.07, 11163.789, 11086.868, 
1, 1, 1, 1, 1, 1, 1, 1, 1, 1, 1, 0.01111, 0.01111, 0.01111, 0.01111, 
0.01111, 0.01111, 0.01111, 0.01111, 0.01111, 0.01111, 0.01111, 
0, 0, 0, 0, 0, 0, 0, 0, 0, 0, 0, 0, 0, 0, 0, 0, 0, 0, 0, 0, 0, 
0, 0.65619, 0.68857, 0.71964, 0.71845, 0.74683, 0.71964, 0.73639, 
0.7401, 0.75303, 0.75045, 0.74283, 0.65952, 0.66857, 0.70298, 
0.71845, 0.74683, 0.73964, 0.73639, 0.7401, 0.72485, 0.73303, 
0.75117, 0.0468, 0.0495, 0.0488, 0.0508, 0.0502, 0.0507, 0.0583, 
0.0597, 0.0637, 0.0629, 0.0634, 43, 48.3, 50.7, 52.6, 54.5, 58.4, 
62.3, 66, 69.9, 75.4, 75.5, 1, 1, 1, 1, 1, 1, 1, 1, 1, 1, 1, 
1, 1, 1, 1, 1, 1, 1, 1, 1, 1, 1, 1, 1, 1, 1, 1, 1, 1, 1, 1, 1, 
1, 1, 1, 1, 1, 1, 1, 1, 1, 1, 1, 1, 3.233, 3.365, 3.311, 3.287, 
3.255, 3.326, 4.458, 4.459, 4.579, 4.489, 4.459), .Dim = c(11L, 
40L), .Dimnames = list(NULL, c("Sampling", "PSO.cost", "PSO.gamma", 
"PSO.data.balancing", "PSO.feature.selection", "PSO.valid.acc", 
"PSO.test.acc", "PSO.train.time", "PSO.n.support.vectors", "PSO.index", 
"PSO.n.solutions", "PSO.generations", "PSO.n.evaluations", "PSO.cpu.time", 
"RS.cost", "RS.gamma", "RS.data.balancing", "RS.feature.selection", 
"RS.valid.acc", "RS.test.acc", "RS.train.time", "RS.n.support.vectors", 
"RS.index", "RS.n.solutions", "RS.generations", "RS.n.evaluations", 
"RS.cpu.time", "DF.cost", "DF.gamma", "DF.data.balancing", "DF.feature.selection", 
"DF.valid.acc", "DF.test.acc", "DF.train.time", "DF.n.support.vectors", 
"DF.index", "DF.n.solutions", "DF.generations", "DF.n.evaluations", 
"DF.cpu.time")))
