full <-
structure(c(50, 55, 60, 65, 70, 75, 80, 85, 90, 95, 100, 2.56087, 
1.85811, 1.60964, 2.58118, 6.06349, 9.47982, 8.11433, 13.46721, 
13.34467, 6.07704, 10.86606, -0.62212, 1.0939, -0.05746, 0.30199, 
-7.24302, -7.21038, -5.75725, -5.65735, -5.746, -5.7257, -5.65529, 
0, 0, 0, 0, 0, 0, 0, 0, 0, 0, 0, 0, 0, 0, 0, 0, 0, 0, 0, 0, 0, 
0, 0.86238, 0.88036, 0.88452, 0.88393, 0.82877, 0.82167, 0.86, 
0.83848, 0.84621, 0.85606, 0.88019, 0.86238, 0.86607, 0.88452, 
0.88393, 0.84266, 0.79806, 0.86111, 0.82737, 0.82788, 0.84697, 
0.87185, 0.0505, 0.0514, 0.0539, 0.0536, 0.0546, 0.0543, 0.0548, 
0.0553, 0.0577, 0.0589, 0.0582, 43, 50, 53.1, 56.6, 54, 47.9, 
51.6, 55, 55.4, 63.3, 59.4, 5, 2, 2, 3, 13, 52, 129, 75, 123, 
657, 30, 1785, 1532, 1891, 1743, 78, 279, 900, 594, 972, 242, 
1109, 100, 100, 100, 100, 100, 100, 100, 100, 100, 100, 100, 
2500, 2500, 2500, 2500, 2500, 2500, 2500, 2500, 2500, 2500, 2500, 
8603.331, 8615.717, 8793.018, 8913.712, 8929.943, 8797.806, 8795.666, 
8794.76699999999, 8899.79500000001, 8968.66, 8921.389, 14.94059, 
9.70233, 2.98752, 4.5622, 5.1051, 12.97641, 8.37728, 4.44365, 
14.87066, 6.13454, 13.84635, -0.29884, 0.76227, -2.17437, 0.44042, 
-6.55056, -7.25983, -5.71942, -6.38593, -5.31829, -5.83682, -5.63114, 
0, 0, 0, 0, 0, 0, 0, 0, 0, 0, 0, 0, 0, 0, 0, 0, 0, 0, 0, 0, 0, 
0, 0.86238, 0.88036, 0.88452, 0.88393, 0.83016, 0.82167, 0.86, 
0.83939, 0.83788, 0.85606, 0.88019, 0.86238, 0.88036, 0.88452, 
0.88393, 0.83016, 0.79806, 0.86111, 0.80848, 0.84788, 0.83788, 
0.87185, 0.0515, 0.0512, 0.0504, 0.0544, 0.0555, 0.0538, 0.0554, 
0.0586, 0.0576, 0.0592, 0.0593, 43.7, 49.9, 50.8, 57.1, 55.3, 
47.1, 51.6, 69.1, 56.6, 62.8, 59.5, 13, 2, 5, 1, 2380, 198, 835, 
904, 37, 1895, 16, 247, 565, 438, 241, 1, 22, 3, 1, 25, 1, 10, 
100, 100, 100, 100, 100, 100, 100, 100, 100, 100, 100, 2500, 
2500, 2500, 2500, 2500, 2500, 2500, 2500, 2500, 2500, 2500, 8599.092, 
8607.915, 8836.167, 8877.704, 8888.94600000001, 8787.12299999999, 
8804.15299999999, 8861.75, 8980.16, 8963.924, 8866.48200000002, 
1, 1, 1, 1, 1, 1, 1, 1, 1, 1, 1, 0.01111, 0.01111, 0.01111, 0.01111, 
0.01111, 0.01111, 0.01111, 0.01111, 0.01111, 0.01111, 0.01111, 
0, 0, 0, 0, 0, 0, 0, 0, 0, 0, 0, 0, 0, 0, 0, 0, 0, 0, 0, 0, 0, 
0, 0.62381, 0.63107, 0.65833, 0.6494, 0.70853, 0.75194, 0.74333, 
0.72879, 0.73591, 0.74091, 0.73223, 0.60714, 0.63107, 0.65833, 
0.6494, 0.69603, 0.72944, 0.74333, 0.71768, 0.73591, 0.74091, 
0.74132, 0.0491, 0.0508, 0.052, 0.0533, 0.0545, 0.0553, 0.0553, 
0.0564, 0.0587, 0.0597, 0.059, 44, 48.3, 50.7, 56.2, 57.8, 60.1, 
64.5, 68.5, 69.8, 73.8, 76.4, 1, 1, 1, 1, 1, 1, 1, 1, 1, 1, 1, 
1, 1, 1, 1, 1, 1, 1, 1, 1, 1, 1, 1, 1, 1, 1, 1, 1, 1, 1, 1, 1, 
1, 1, 1, 1, 1, 1, 1, 1, 1, 1, 1, 1, 3.361, 3.418, 3.51, 3.55, 
3.474, 3.55, 3.474, 3.577, 3.573, 3.598, 3.448), .Dim = c(11L, 
40L), .Dimnames = list(NULL, c("Sampling", "PSO.cost", "PSO.gamma", 
"PSO.data.balancing", "PSO.feature.selection", "PSO.valid.acc", 
"PSO.test.acc", "PSO.train.time", "PSO.n.support.vectors", "PSO.index", 
"PSO.n.solutions", "PSO.generations", "PSO.n.evaluations", "PSO.cpu.time", 
"RS.cost", "RS.gamma", "RS.data.balancing", "RS.feature.selection", 
"RS.valid.acc", "RS.test.acc", "RS.train.time", "RS.n.support.vectors", 
"RS.index", "RS.n.solutions", "RS.generations", "RS.n.evaluations", 
"RS.cpu.time", "DF.cost", "DF.gamma", "DF.data.balancing", "DF.feature.selection", 
"DF.valid.acc", "DF.test.acc", "DF.train.time", "DF.n.support.vectors", 
"DF.index", "DF.n.solutions", "DF.generations", "DF.n.evaluations", 
"DF.cpu.time")))
