full <-
structure(c(50, 55, 60, 65, 70, 75, 80, 85, 90, 95, 100, 10.84693, 
6.27987, 6.83492, 5.11495, 7.04227, 14.27613, 6.62283, 13.72055, 
10.96933, 15, 14.93153, -6.21618, 2.66991, -6.07016, -5.01761, 
-5.55115, -5.80743, -5.9933, -5.64876, -6.93078, -6.36387, -5.90576, 
0, 0, 0, 0, 0, 0, 0, 0, 0, 0, 0, 0, 0, 0, 0, 0, 0, 0, 0, 0, 0, 
0, 0.85333, 0.8, 0.85893, 0.87817, 0.85337, 0.87778, 0.87896, 
0.88626, 0.89909, 0.88485, 0.87121, 0.83905, 0.8, 0.83036, 0.8246, 
0.83631, 0.84306, 0.83765, 0.87646, 0.81434, 0.86894, 0.84545, 
0.0484, 0.0517, 0.0524, 0.0557, 0.0535, 0.055, 0.0584, 0.0598, 
0.0579, 0.0611, 0.061, 34.5, 50, 42.9, 48.9, 46.7, 47.8, 52.7, 
52.6, 54, 53.9, 58.5, 28, 13, 255, 99, 450, 17, 1418, 13, 2, 
85, 100, 1407, 2316, 241, 527, 279, 1423, 40, 1307, 1609, 1268, 
1420, 100, 100, 100, 100, 100, 100, 100, 100, 100, 100, 100, 
2500, 2500, 2500, 2500, 2500, 2500, 2500, 2500, 2500, 2500, 2500, 
8682.818, 9470.905, 9454.442, 9483.679, 9469.243, 9858.66399999999, 
9908.701, 9918.04199999999, 10084.565, 9788.842, 9648.54000000001, 
10.33365, 3.32069, 9.83772, 6.81933, 6.94313, 14.52731, 7.44665, 
12.6635, 11.69217, 13.63509, 4.1524, -5.97922, -6.30709, -6.2702, 
-5.04343, -5.3893, -5.84558, -6.3678, -5.79185, -6.10049, -6.20712, 
-6.41251, 0, 0, 0, 0, 0, 0, 0, 0, 0, 0, 0, 0, 0, 0, 0, 0, 0, 
0, 0, 0, 0, 0, 0.85333, 0.87917, 0.84782, 0.87817, 0.85337, 0.87778, 
0.86785, 0.88626, 0.89909, 0.88485, 0.88864, 0.83905, 0.80417, 
0.82242, 0.83889, 0.83631, 0.84306, 0.84765, 0.87646, 0.87182, 
0.88636, 0.86212, 0.0519, 0.0522, 0.0525, 0.0533, 0.0542, 0.0573, 
0.0546, 0.0593, 0.0588, 0.0589, 0.0598, 35.1, 47.5, 41.1, 45.4, 
47.2, 47.7, 51.1, 52.4, 54.7, 54.4, 77.3, 32, 490, 26, 265, 180, 
51, 158, 99, 47, 107, 182, 47, 2, 43, 1, 4, 58, 3, 13, 78, 29, 
1, 100, 100, 100, 100, 100, 100, 100, 100, 100, 100, 100, 2500, 
2500, 2500, 2500, 2500, 2500, 2500, 2500, 2500, 2500, 2500, 9383.974, 
9416.139, 9451.633, 9636.656, 9654.69899999999, 9902.071, 9943.25999999999, 
10246.692, 9967.052, 9767.01400000002, 9516.06100000002, 1, 1, 
1, 1, 1, 1, 1, 1, 1, 1, 1, 0.01111, 0.01111, 0.01111, 0.01111, 
0.01111, 0.01111, 0.01111, 0.01111, 0.01111, 0.01111, 0.01111, 
0, 0, 0, 0, 0, 0, 0, 0, 0, 0, 0, 0, 0, 0, 0, 0, 0, 0, 0, 0, 0, 
0, 0.71952, 0.73333, 0.74444, 0.75238, 0.73036, 0.73889, 0.74245, 
0.74131, 0.74596, 0.74242, 0.75076, 0.71952, 0.73333, 0.74444, 
0.75238, 0.73036, 0.72778, 0.73134, 0.7404, 0.73687, 0.75152, 
0.75076, 0.0502, 0.0511, 0.0519, 0.0531, 0.0557, 0.0559, 0.0599, 
0.0612, 0.0615, 0.0604, 0.0594, 44.3, 47.6, 50.5, 54.4, 59.5, 
62, 63.8, 67.8, 69.8, 73.6, 76, 1, 1, 1, 1, 1, 1, 1, 1, 1, 1, 
1, 1, 1, 1, 1, 1, 1, 1, 1, 1, 1, 1, 1, 1, 1, 1, 1, 1, 1, 1, 1, 
1, 1, 1, 1, 1, 1, 1, 1, 1, 1, 1, 1, 1, 3.769, 3.659, 3.914, 3.829, 
3.936, 3.966, 4.025, 3.984, 4.012, 3.896, 3.739), .Dim = c(11L, 
40L), .Dimnames = list(NULL, c("Sampling", "PSO.cost", "PSO.gamma", 
"PSO.data.balancing", "PSO.feature.selection", "PSO.valid.acc", 
"PSO.test.acc", "PSO.train.time", "PSO.n.support.vectors", "PSO.index", 
"PSO.n.solutions", "PSO.generations", "PSO.n.evaluations", "PSO.cpu.time", 
"RS.cost", "RS.gamma", "RS.data.balancing", "RS.feature.selection", 
"RS.valid.acc", "RS.test.acc", "RS.train.time", "RS.n.support.vectors", 
"RS.index", "RS.n.solutions", "RS.generations", "RS.n.evaluations", 
"RS.cpu.time", "DF.cost", "DF.gamma", "DF.data.balancing", "DF.feature.selection", 
"DF.valid.acc", "DF.test.acc", "DF.train.time", "DF.n.support.vectors", 
"DF.index", "DF.n.solutions", "DF.generations", "DF.n.evaluations", 
"DF.cpu.time")))
