full <-
structure(c(50, 55, 60, 65, 70, 75, 80, 85, 90, 95, 100, 11.35076, 
14.62731, 7.07258, 10.96057, 9.66871, 10.32498, 5.90511, 8.12178, 
6.71179, 8.67453, 7.55843, 2.16316, -6.24862, -6.41558, -5.78622, 
-7.31358, -5.7271, -6.79747, -5.98, -5.91366, -5.6093, -5.67951, 
0, 0, 0, 0, 0, 0, 0, 0, 0, 0, 0, 0, 0, 0, 0, 0, 0, 0, 0, 0, 0, 
0, 0.77952, 0.83274, 0.85119, 0.85556, 0.8506, 0.84111, 0.82889, 
0.86232, 0.87636, 0.88545, 0.87238, 0.75952, 0.81274, 0.80119, 
0.84127, 0.76825, 0.81056, 0.78556, 0.8601, 0.83727, 0.85803, 
0.88147, 0.0511, 0.0505, 0.052, 0.052, 0.0516, 0.0517, 0.0569, 
0.0576, 0.0561, 0.0554, 0.0581, 45.6, 39.7, 43, 45, 48, 50.4, 
61.9, 55.1, 58.7, 57.3, 60.2, 15, 430, 113, 102, 1082, 31, 397, 
136, 108, 101, 52, 1911, 765, 376, 1213, 66, 987, 140, 1263, 
504, 999, 1142, 100, 100, 100, 100, 100, 100, 100, 100, 100, 
100, 100, 2500, 2500, 2500, 2500, 2500, 2500, 2500, 2500, 2500, 
2500, 2500, 8676.514, 8914.134, 9296.323, 9397.105, 9497.583, 
9153.814, 9349.77600000001, 9541.47500000001, 9339.14999999999, 
9134.424, 9159.53900000002, 0.48603, 13.31225, 6.49659, 12.44377, 
7.21267, 14.59202, 6.16552, 10.29611, 12.07396, 8.02233, 7.64004, 
-0.52327, -6.65263, -5.9164, -5.98136, -7.32897, -6.42431, -3.65571, 
-6.14522, -5.90608, -5.66518, -5.49397, 0, 0, 0, 0, 0, 0, 0, 
0, 0, 0, 0, 0, 0, 0, 0, 0, 0, 0, 0, 0, 0, 0, 0.77952, 0.81607, 
0.83452, 0.85556, 0.83948, 0.84111, 0.83778, 0.86232, 0.86727, 
0.88545, 0.87238, 0.77952, 0.8294, 0.78869, 0.84127, 0.78075, 
0.77306, 0.82778, 0.8601, 0.83818, 0.85803, 0.87238, 0.0473, 
0.0493, 0.0516, 0.0522, 0.0519, 0.0506, 0.0558, 0.0568, 0.0582, 
0.0565, 0.0598, 43.8, 39.2, 43.3, 45.1, 52.4, 49.9, 58.6, 53.9, 
54.8, 57.8, 59.8, 5, 1, 1072, 108, 69, 2, 358, 187, 109, 20, 
546, 582, 40, 2, 40, 2, 46, 1, 14, 14, 13, 5, 100, 100, 100, 
100, 100, 100, 100, 100, 100, 100, 100, 2500, 2500, 2500, 2500, 
2500, 2500, 2500, 2500, 2500, 2500, 2500, 8760.604, 9128.244, 
9223.361, 9436.40500000001, 9331.26700000001, 8682.747, 9473.34400000001, 
9330.81299999999, 9352.147, 9413.05299999999, 8929.152, 1, 1, 
1, 1, 1, 1, 1, 1, 1, 1, 1, 0.01111, 0.01111, 0.01111, 0.01111, 
0.01111, 0.01111, 0.01111, 0.01111, 0.01111, 0.01111, 0.01111, 
0, 0, 0, 0, 0, 0, 0, 0, 0, 0, 0, 0, 0, 0, 0, 0, 0, 0, 0, 0, 0, 
0, 0.74286, 0.7469, 0.73333, 0.6994, 0.76171, 0.76056, 0.76556, 
0.72242, 0.74636, 0.74333, 0.74347, 0.70619, 0.71774, 0.75, 0.71369, 
0.77282, 0.76306, 0.75444, 0.72131, 0.72818, 0.74333, 0.74347, 
0.0503, 0.052, 0.0534, 0.0541, 0.0521, 0.0547, 0.0577, 0.0551, 
0.0568, 0.0594, 0.0583, 41.9, 46, 48.4, 53.2, 54.9, 59.7, 63.6, 
70.8, 72.3, 75.1, 75.8, 1, 1, 1, 1, 1, 1, 1, 1, 1, 1, 1, 1, 1, 
1, 1, 1, 1, 1, 1, 1, 1, 1, 1, 1, 1, 1, 1, 1, 1, 1, 1, 1, 1, 1, 
1, 1, 1, 1, 1, 1, 1, 1, 1, 1, 3.922, 4.005, 3.92, 3.775, 3.51, 
3.536, 3.734, 3.696, 3.645, 3.764, 3.546), .Dim = c(11L, 40L), .Dimnames = list(
    NULL, c("Sampling", "PSO.cost", "PSO.gamma", "PSO.data.balancing", 
    "PSO.feature.selection", "PSO.valid.acc", "PSO.test.acc", 
    "PSO.train.time", "PSO.n.support.vectors", "PSO.index", "PSO.n.solutions", 
    "PSO.generations", "PSO.n.evaluations", "PSO.cpu.time", "RS.cost", 
    "RS.gamma", "RS.data.balancing", "RS.feature.selection", 
    "RS.valid.acc", "RS.test.acc", "RS.train.time", "RS.n.support.vectors", 
    "RS.index", "RS.n.solutions", "RS.generations", "RS.n.evaluations", 
    "RS.cpu.time", "DF.cost", "DF.gamma", "DF.data.balancing", 
    "DF.feature.selection", "DF.valid.acc", "DF.test.acc", "DF.train.time", 
    "DF.n.support.vectors", "DF.index", "DF.n.solutions", "DF.generations", 
    "DF.n.evaluations", "DF.cpu.time")))
