full <-
structure(c(50, 55, 60, 65, 70, 75, 80, 85, 90, 95, 100, 15, 
10.74502, 9.83154, 10.49834, 13.26632, 12.72327, 5.77875, 4.63726, 
4.7846, 9.67813, 8.81274, -3.93722, -6.67118, -6.42889, -4.04128, 
-4.89739, -6.03428, -4.54217, -6.71044, -4.66603, -6.35845, -4.58101, 
0, 0, 0, 0, 0, 0, 0, 0, 0, 0, 0, 0, 0, 0, 0, 0, 0, 0, 0, 0, 0, 
0, 0.81476, 0.80667, 0.83571, 0.83849, 0.80833, 0.83861, 0.86111, 
0.87889, 0.83727, 0.86667, 0.8447, 0.81238, 0.76167, 0.83333, 
0.82421, 0.80516, 0.7975, 0.82778, 0.7998, 0.81727, 0.86667, 
0.83561, 0.0504, 0.0473, 0.052, 0.0505, 0.0491, 0.0544, 0.0555, 
0.0577, 0.059, 0.0551, 0.0587, 39.4, 41.6, 44, 49.6, 48.8, 49.8, 
55.9, 67, 65.5, 56.7, 62.8, 71, 247, 97, 12, 6, 76, 773, 1831, 
101, 31, 84, 1330, 1133, 179, 1172, 302, 1288, 266, 4, 523, 1411, 
1025, 100, 100, 100, 100, 100, 100, 100, 100, 100, 100, 100, 
2500, 2500, 2500, 2500, 2500, 2500, 2500, 2500, 2500, 2500, 2500, 
9064.088, 9172.996, 9174.184, 8400.51, 9033.814, 9334.628, 9387.36900000001, 
9357.42900000002, 9069.75, 8884.82399999999, 9258.024, 13.587, 
8.89114, 12.28665, 11.4276, 11.30012, 9.81056, 5.76913, 5.6995, 
4.55225, 14.61145, 10.10597, -3.92966, -6.65725, -6.45278, -4.0679, 
-4.97049, -5.77178, -4.53639, -7.67708, -4.58372, -6.39144, -4.60864, 
0, 0, 0, 0, 0, 0, 0, 0, 0, 0, 0, 0, 0, 0, 0, 0, 0, 0, 0, 0, 0, 
0, 0.81476, 0.80667, 0.83571, 0.83849, 0.80833, 0.83861, 0.86111, 
0.8598, 0.83727, 0.86667, 0.8447, 0.81238, 0.76167, 0.83333, 
0.82421, 0.80516, 0.7975, 0.82778, 0.8098, 0.81727, 0.86667, 
0.83561, 0.0484, 0.0512, 0.0568, 0.0532, 0.0543, 0.056, 0.0526, 
0.0556, 0.0576, 0.0577, 0.0573, 39.5, 41.7, 44, 49.5, 48.8, 50.4, 
55.9, 65.3, 66.4, 56.6, 62.7, 58, 659, 80, 136, 5, 17, 1227, 
1797, 1900, 52, 12, 11, 7, 5, 14, 10, 49, 2, 2, 2, 54, 40, 100, 
100, 100, 100, 100, 100, 100, 100, 100, 100, 100, 2500, 2500, 
2500, 2500, 2500, 2500, 2500, 2500, 2500, 2500, 2500, 9250.065, 
9198.477, 8624.66800000001, 8719.334, 9557.326, 9373.90399999999, 
9270.719, 9148.448, 8814.391, 9165.36799999999, 9073.90900000001, 
1, 1, 1, 1, 1, 1, 1, 1, 1, 1, 1, 0.01111, 0.01111, 0.01111, 0.01111, 
0.01111, 0.01111, 0.01111, 0.01111, 0.01111, 0.01111, 0.01111, 
0, 0, 0, 0, 0, 0, 0, 0, 0, 0, 0, 0, 0, 0, 0, 0, 0, 0, 0, 0, 0, 
0, 0.7081, 0.71643, 0.74881, 0.72302, 0.72976, 0.72627, 0.72111, 
0.74051, 0.735, 0.74212, 0.75076, 0.72476, 0.71643, 0.74881, 
0.72302, 0.72976, 0.73738, 0.72111, 0.70939, 0.745, 0.75121, 
0.74242, 0.0467, 0.0506, 0.049, 0.0484, 0.0536, 0.0539, 0.0564, 
0.0565, 0.0558, 0.0616, 0.059, 42.3, 47.5, 49.9, 54, 57.8, 60.6, 
63.5, 68.4, 71.7, 73.9, 75.5, 1, 1, 1, 1, 1, 1, 1, 1, 1, 1, 1, 
1, 1, 1, 1, 1, 1, 1, 1, 1, 1, 1, 1, 1, 1, 1, 1, 1, 1, 1, 1, 1, 
1, 1, 1, 1, 1, 1, 1, 1, 1, 1, 1, 1, 3.449, 3.619, 3.245, 3.381, 
3.807, 3.735, 3.75, 3.458, 3.368, 3.829, 3.507), .Dim = c(11L, 
40L), .Dimnames = list(NULL, c("Sampling", "PSO.cost", "PSO.gamma", 
"PSO.data.balancing", "PSO.feature.selection", "PSO.valid.acc", 
"PSO.test.acc", "PSO.train.time", "PSO.n.support.vectors", "PSO.index", 
"PSO.n.solutions", "PSO.generations", "PSO.n.evaluations", "PSO.cpu.time", 
"RS.cost", "RS.gamma", "RS.data.balancing", "RS.feature.selection", 
"RS.valid.acc", "RS.test.acc", "RS.train.time", "RS.n.support.vectors", 
"RS.index", "RS.n.solutions", "RS.generations", "RS.n.evaluations", 
"RS.cpu.time", "DF.cost", "DF.gamma", "DF.data.balancing", "DF.feature.selection", 
"DF.valid.acc", "DF.test.acc", "DF.train.time", "DF.n.support.vectors", 
"DF.index", "DF.n.solutions", "DF.generations", "DF.n.evaluations", 
"DF.cpu.time")))
