full <-
structure(c(50, 55, 60, 65, 70, 75, 80, 85, 90, 95, 100, 6.49155, 
8.54354, 7.05649, 8.48545, 7.94654, 7.50856, 1.31043, 13.27938, 
12.62065, 12.47415, 8.44921, -7.17971, -9.41132, -6.96315, -7.33595, 
-6.55127, -6.23928, 1.79806, -4.61434, -6.23593, -7.28869, -6.47182, 
0, 0, 0, 0, 0, 0, 0, 0, 0, 0, 0, 0, 0, 0, 0, 0, 0, 0, 0, 0, 0, 
0, 0.86381, 0.87976, 0.91726, 0.90496, 0.9002, 0.88833, 0.80833, 
0.85864, 0.88091, 0.85803, 0.86742, 0.8181, 0.82798, 0.90298, 
0.84921, 0.85298, 0.86611, 0.80833, 0.83864, 0.86182, 0.85045, 
0.83322, 0.0486, 0.0479, 0.051, 0.0476, 0.0491, 0.0561, 0.0581, 
0.0569, 0.0535, 0.0575, 0.0587, 39.7, 38.2, 42.5, 42.2, 43.6, 
48.4, 72.5, 54.5, 52.9, 53.8, 57.8, 75, 435, 174, 191, 112, 257, 
23, 27, 34, 64, 354, 924, 168, 752, 697, 789, 202, 2180, 1158, 
1097, 1538, 775, 100, 100, 100, 100, 100, 100, 100, 100, 100, 
100, 100, 2500, 2500, 2500, 2500, 2500, 2500, 2500, 2500, 2500, 
2500, 2500, 8471.545, 9179.099, 8611.249, 8469.63099999999, 8450.558, 
9428.539, 9126.761, 9344.989, 9375.253, 9241.26200000002, 9081.31000000003, 
6.87474, 9.26308, 7.33273, 7.89612, 7.2188, 8.28883, 3.62018, 
6.23889, 11.97285, 5.98015, 8.1217, -7.50515, -10.05604, -7.26628, 
-7.08613, -6.50716, -7.96687, -5.32127, -8.54141, -6.24593, -4.12245, 
-6.35871, 0, 0, 0, 0, 0, 0, 0, 0, 0, 0, 0, 0, 0, 0, 0, 0, 0, 
0, 0, 0, 0, 0, 0.86381, 0.87976, 0.91726, 0.90496, 0.9002, 0.88583, 
0.81917, 0.86455, 0.88091, 0.8647, 0.86742, 0.8181, 0.83036, 
0.88869, 0.85099, 0.85298, 0.86611, 0.80694, 0.85182, 0.86182, 
0.86545, 0.83322, 0.0491, 0.0505, 0.0492, 0.0491, 0.0497, 0.052, 
0.0563, 0.0536, 0.0568, 0.0589, 0.0579, 39.4, 38.6, 42.5, 43.1, 
45.6, 51.5, 61.3, 63.5, 52.8, 63.6, 58.6, 948, 726, 1355, 409, 
279, 1587, 256, 163, 48, 104, 343, 3, 4, 3, 2, 24, 1, 2, 1, 13, 
1, 4, 100, 100, 100, 100, 100, 100, 100, 100, 100, 100, 100, 
2500, 2500, 2500, 2500, 2500, 2500, 2500, 2500, 2500, 2500, 2500, 
8770.886, 9098.816, 8673.996, 8392.95800000001, 8742.924, 9101.01000000001, 
9404.595, 9197.85800000001, 9006.647, 9260.193, 8672.97200000001, 
1, 1, 1, 1, 1, 1, 1, 1, 1, 1, 1, 0.01111, 0.01111, 0.01111, 0.01111, 
0.01111, 0.01111, 0.01111, 0.01111, 0.01111, 0.01111, 0.01111, 
0, 0, 0, 0, 0, 0, 0, 0, 0, 0, 0, 0, 0, 0, 0, 0, 0, 0, 0, 0, 0, 
0, 0.79286, 0.8131, 0.81667, 0.80278, 0.79425, 0.74917, 0.725, 
0.72068, 0.74636, 0.74939, 0.74965, 0.79286, 0.79881, 0.83095, 
0.80278, 0.76885, 0.73806, 0.735, 0.72068, 0.73727, 0.75939, 
0.74056, 0.0474, 0.0485, 0.0472, 0.05, 0.0508, 0.0534, 0.0572, 
0.06, 0.0582, 0.06, 0.0597, 40, 42, 43.2, 48.7, 51.1, 58.7, 61.8, 
68.1, 70.2, 74, 75.8, 1, 1, 1, 1, 1, 1, 1, 1, 1, 1, 1, 1, 1, 
1, 1, 1, 1, 1, 1, 1, 1, 1, 1, 1, 1, 1, 1, 1, 1, 1, 1, 1, 1, 1, 
1, 1, 1, 1, 1, 1, 1, 1, 1, 1, 3.552, 3.329, 3.218, 3.237, 3.55, 
3.501, 3.906, 3.85, 3.885, 3.865, 3.447), .Dim = c(11L, 40L), .Dimnames = list(
    NULL, c("Sampling", "PSO.cost", "PSO.gamma", "PSO.data.balancing", 
    "PSO.feature.selection", "PSO.valid.acc", "PSO.test.acc", 
    "PSO.train.time", "PSO.n.support.vectors", "PSO.index", "PSO.n.solutions", 
    "PSO.generations", "PSO.n.evaluations", "PSO.cpu.time", "RS.cost", 
    "RS.gamma", "RS.data.balancing", "RS.feature.selection", 
    "RS.valid.acc", "RS.test.acc", "RS.train.time", "RS.n.support.vectors", 
    "RS.index", "RS.n.solutions", "RS.generations", "RS.n.evaluations", 
    "RS.cpu.time", "DF.cost", "DF.gamma", "DF.data.balancing", 
    "DF.feature.selection", "DF.valid.acc", "DF.test.acc", "DF.train.time", 
    "DF.n.support.vectors", "DF.index", "DF.n.solutions", "DF.generations", 
    "DF.n.evaluations", "DF.cpu.time")))
