full <-
structure(c(50, 55, 60, 65, 70, 75, 80, 85, 90, 95, 100, 7.09908, 
5.08974, 12.28572, 6.73425, 8.45765, 8.95571, 7.29183, 9.63039, 
9.57285, 9.32208, 7.05873, -6.03871, -5.73745, -7.5964, -6.88009, 
-7.15741, -6.25879, -4.58059, -6.39814, -5.53355, -4.2982, -5.14723, 
0, 0, 0, 0, 0, 0, 0, 0, 0, 0, 0, 0, 0, 0, 0, 0, 0, 0, 0, 0, 0, 
0, 0.875, 0.88988, 0.85774, 0.86885, 0.87671, 0.86183, 0.86972, 
0.85192, 0.84, 0.875, 0.87302, 0.83333, 0.84643, 0.85536, 0.84206, 
0.83337, 0.84933, 0.87222, 0.80465, 0.85909, 0.83864, 0.83677, 
0.0578, 0.0301, 0.0597, 0.0589, 0.0493, 0.0549, 0.0573, 0.0637, 
0.0586, 0.0619, 0.0633, 36.7, 42.8, 41, 47.7, 45.7, 47.9, 54, 
53.6, 56.7, 62.4, 61.4, 29, 966, 31, 106, 36, 945, 11, 40, 27, 
150, 366, 1503, 37, 1214, 626, 713, 95, 1303, 1386, 1327, 767, 
250, 100, 100, 100, 100, 100, 100, 100, 100, 100, 100, 100, 2500, 
2500, 2500, 2500, 2500, 2500, 2500, 2500, 2500, 2500, 2500, 9016.233, 
7895.27, 7720.77, 9204.353, 8322.336, 9188.726, 9585.039, 9560.887, 
10128.693, 10051.201, 10238.247, 9.84326, 4.99609, 14.15891, 
7.26276, 9.65264, 8.67468, 8.61898, 11.11049, 9.73306, 8.53233, 
7.03849, -5.91014, -5.65513, -6.68404, -7.15117, -8.00279, -6.22639, 
-4.73864, -6.53062, -5.6777, -4.31378, -5.70472, 0, 0, 0, 0, 
0, 0, 0, 0, 0, 0, 0, 0, 0, 0, 0, 0, 0, 0, 0, 0, 0, 0, 0.875, 
0.88988, 0.85774, 0.86885, 0.87671, 0.86183, 0.86972, 0.85192, 
0.84, 0.875, 0.87302, 0.81667, 0.84643, 0.85298, 0.85456, 0.79548, 
0.84933, 0.87222, 0.80465, 0.85909, 0.83864, 0.83601, 0.0575, 
0.0573, 0.0341, 0.055, 0.0355, 0.0554, 0.0563, 0.0577, 0.0594, 
0.0644, 0.0611, 35.6, 43.2, 41.8, 47.6, 45.3, 48.1, 53.7, 53.3, 
56.4, 62.4, 60.4, 84, 1305, 145, 101, 931, 1517, 52, 178, 2, 
72, 185, 62, 2, 94, 4, 5, 1, 31, 13, 29, 15, 2, 100, 100, 100, 
100, 100, 100, 100, 100, 100, 100, 100, 2500, 2500, 2500, 2500, 
2500, 2500, 2500, 2500, 2500, 2500, 2500, 8646.618, 9344.57, 
8241.222, 9531.778, 7908.35399999999, 9659.38200000001, 9543.07800000001, 
10216.449, 10230.136, 9881.948, 10216.603, 1, 1, 1, 1, 1, 1, 
1, 1, 1, 1, 1, 0.01111, 0.01111, 0.01111, 0.01111, 0.01111, 0.01111, 
0.01111, 0.01111, 0.01111, 0.01111, 0.01111, 0, 0, 0, 0, 0, 0, 
0, 0, 0, 0, 0, 0, 0, 0, 0, 0, 0, 0, 0, 0, 0, 0, 0.83333, 0.79702, 
0.76905, 0.78849, 0.79659, 0.7871, 0.7675, 0.78081, 0.75545, 
0.75076, 0.75321, 0.81667, 0.79702, 0.76905, 0.78849, 0.79659, 
0.7771, 0.7675, 0.7797, 0.75455, 0.75985, 0.73578, 0.0296, 0.0569, 
0.0591, 0.0475, 0.0603, 0.0551, 0.0624, 0.0591, 0.0602, 0.0577, 
0.061, 36.1, 41.6, 46.2, 47.1, 50.8, 56.5, 60.3, 63.2, 70, 72.8, 
76.9, 1, 1, 1, 1, 1, 1, 1, 1, 1, 1, 1, 1, 1, 1, 1, 1, 1, 1, 1, 
1, 1, 1, 1, 1, 1, 1, 1, 1, 1, 1, 1, 1, 1, 1, 1, 1, 1, 1, 1, 1, 
1, 1, 1, 1, 2.907, 3.7, 3.779, 3.595, 3.743, 3.984, 3.797, 4.085, 
4.121, 3.765, 4.044), .Dim = c(11L, 40L), .Dimnames = list(NULL, 
    c("Sampling", "PSO.cost", "PSO.gamma", "PSO.data.balancing", 
    "PSO.feature.selection", "PSO.valid.acc", "PSO.test.acc", 
    "PSO.train.time", "PSO.n.support.vectors", "PSO.index", "PSO.n.solutions", 
    "PSO.generations", "PSO.n.evaluations", "PSO.cpu.time", "RS.cost", 
    "RS.gamma", "RS.data.balancing", "RS.feature.selection", 
    "RS.valid.acc", "RS.test.acc", "RS.train.time", "RS.n.support.vectors", 
    "RS.index", "RS.n.solutions", "RS.generations", "RS.n.evaluations", 
    "RS.cpu.time", "DF.cost", "DF.gamma", "DF.data.balancing", 
    "DF.feature.selection", "DF.valid.acc", "DF.test.acc", "DF.train.time", 
    "DF.n.support.vectors", "DF.index", "DF.n.solutions", "DF.generations", 
    "DF.n.evaluations", "DF.cpu.time")))
