full <-
structure(c(50, 55, 60, 65, 70, 75, 80, 85, 90, 95, 100, 9.32467, 
5.91718, 13.81961, 5.15983, 3.09725, 11.40092, 8.05867, 7.31724, 
15, 9.99159, 7.62446, -4.8003, -6.06693, -4.29989, -4.69562, 
-5.31229, -4.61524, -6.75515, -6.18113, -5.55521, -5.8839, -6.32709, 
0, 0, 0, 0, 0, 0, 0, 0, 0, 0, 0, 0, 0, 0, 0, 0, 0, 0, 0, 0, 0, 
0, 0.8181, 0.89286, 0.84167, 0.86925, 0.8627, 0.85, 0.87333, 
0.88182, 0.87045, 0.87545, 0.88344, 0.77905, 0.83095, 0.81548, 
0.85675, 0.82937, 0.83889, 0.80861, 0.84071, 0.86955, 0.86636, 
0.85693, 0.0507, 0.0525, 0.0498, 0.0523, 0.0573, 0.0613, 0.0573, 
0.0588, 0.0583, 0.0631, 0.0613, 35, 41.8, 42.6, 48.4, 59.2, 51.1, 
52.8, 55.3, 57.2, 56.9, 59.1, 12, 76, 153, 71, 1116, 254, 948, 
2165, 76, 40, 1595, 1532, 1077, 1111, 1043, 49, 183, 105, 2, 
1387, 1304, 29, 100, 100, 100, 100, 100, 100, 100, 100, 100, 
100, 100, 2500, 2500, 2500, 2500, 2500, 2500, 2500, 2500, 2500, 
2500, 2500, 9812.228, 9891.361, 9863.33, 9933.879, 10176.118, 
10397.482, 10179.083, 10456.552, 10470.855, 10426.128, 10445.889, 
3.66456, 4.63207, 12.54295, 4.88964, 2.83143, 7.08931, 9.0895, 
7.55239, 12.63936, 12.9746, 7.72939, -3.84051, -5.42403, -4.26677, 
-4.50147, -5.05273, -4.60954, -6.55955, -6.54728, -5.56854, -5.1196, 
-6.35414, 0, 0, 0, 0, 0, 0, 0, 0, 0, 0, 0, 0, 0, 0, 0, 0, 0, 
0, 0, 0, 0, 0, 0.83238, 0.89286, 0.84167, 0.86925, 0.8502, 0.85, 
0.87222, 0.87273, 0.87045, 0.87545, 0.88344, 0.82667, 0.79762, 
0.81548, 0.85675, 0.84187, 0.83889, 0.80861, 0.82071, 0.86955, 
0.86636, 0.85693, 0.0516, 0.052, 0.0523, 0.0555, 0.0595, 0.0563, 
0.0572, 0.06, 0.0617, 0.0631, 0.0632, 39.3, 42.8, 42.7, 49.6, 
59.7, 51.2, 50.1, 55.5, 57.2, 58.6, 58.7, 2173, 468, 1123, 242, 
2151, 20, 194, 1937, 126, 18, 1999, 1, 6, 10, 9, 1, 2, 2, 1, 
23, 60, 1, 100, 100, 100, 100, 100, 100, 100, 100, 100, 100, 
100, 2500, 2500, 2500, 2500, 2500, 2500, 2500, 2500, 2500, 2500, 
2500, 9747.497, 9846.425, 9871.63400000001, 10214.97, 10234.214, 
10096.845, 10501.676, 10517.374, 10361.789, 10229.047, 10382.404, 
1, 1, 1, 1, 1, 1, 1, 1, 1, 1, 1, 0.01111, 0.01111, 0.01111, 0.01111, 
0.01111, 0.01111, 0.01111, 0.01111, 0.01111, 0.01111, 0.01111, 
0, 0, 0, 0, 0, 0, 0, 0, 0, 0, 0, 0, 0, 0, 0, 0, 0, 0, 0, 0, 0, 
0, 0.75571, 0.75476, 0.71369, 0.7256, 0.7125, 0.7375, 0.74861, 
0.77141, 0.77409, 0.76697, 0.7434, 0.75571, 0.75476, 0.6994, 
0.75238, 0.74107, 0.72639, 0.75861, 0.76141, 0.77409, 0.76697, 
0.7434, 0.0517, 0.0512, 0.0564, 0.0548, 0.0554, 0.0564, 0.0606, 
0.0599, 0.0627, 0.0622, 0.0657, 40.3, 46.2, 52.4, 55, 59.2, 63, 
64.9, 66.7, 68.5, 72.4, 76.9, 1, 1, 1, 1, 1, 1, 1, 1, 1, 1, 1, 
1, 1, 1, 1, 1, 1, 1, 1, 1, 1, 1, 1, 1, 1, 1, 1, 1, 1, 1, 1, 1, 
1, 1, 1, 1, 1, 1, 1, 1, 1, 1, 1, 1, 3.958, 3.765, 4.277, 4.153, 
4.207, 3.95, 4.199, 4.157, 4.196, 4.145, 4.168), .Dim = c(11L, 
40L), .Dimnames = list(NULL, c("Sampling", "PSO.cost", "PSO.gamma", 
"PSO.data.balancing", "PSO.feature.selection", "PSO.valid.acc", 
"PSO.test.acc", "PSO.train.time", "PSO.n.support.vectors", "PSO.index", 
"PSO.n.solutions", "PSO.generations", "PSO.n.evaluations", "PSO.cpu.time", 
"RS.cost", "RS.gamma", "RS.data.balancing", "RS.feature.selection", 
"RS.valid.acc", "RS.test.acc", "RS.train.time", "RS.n.support.vectors", 
"RS.index", "RS.n.solutions", "RS.generations", "RS.n.evaluations", 
"RS.cpu.time", "DF.cost", "DF.gamma", "DF.data.balancing", "DF.feature.selection", 
"DF.valid.acc", "DF.test.acc", "DF.train.time", "DF.n.support.vectors", 
"DF.index", "DF.n.solutions", "DF.generations", "DF.n.evaluations", 
"DF.cpu.time")))
