full <-
structure(c(50, 55, 60, 65, 70, 75, 80, 85, 90, 95, 100, 2.18396, 
6.63417, 3.01575, 4.05228, 11.1013, 2.43562, 6.6488, 4.99311, 
5.38981, 4.22885, 12.04769, -4.69358, -6.81984, -5.49881, -5.88555, 
-5.58371, -4.55568, -4.90091, -5.35688, -7.5119, -6.49076, -4.84399, 
0, 0, 0, 0, 0, 0, 0, 0, 0, 0, 0, 0, 0, 0, 0, 0, 0, 0, 0, 0, 0, 
0, 0.86571, 0.89905, 0.9131, 0.90496, 0.89028, 0.87722, 0.87444, 
0.86758, 0.85, 0.89379, 0.8697, 0.84571, 0.83476, 0.88452, 0.90813, 
0.86528, 0.86472, 0.85194, 0.84848, 0.83, 0.83924, 0.87803, 0.0492, 
0.0482, 0.0498, 0.0572, 0.0548, 0.0562, 0.0523, 0.0545, 0.0553, 
0.0661, 0.0565, 44.1, 40.9, 50.9, 51.2, 43.4, 60.6, 51.4, 59.6, 
66.8, 74.7, 61.3, 539, 292, 552, 1220, 27, 698, 6, 1647, 807, 
1146, 21, 104, 355, 299, 28, 1531, 69, 1391, 16, 135, 26, 1016, 
100, 100, 100, 100, 100, 100, 100, 100, 100, 100, 100, 2500, 
2500, 2500, 2500, 2500, 2500, 2500, 2500, 2500, 2500, 2500, 8862.604, 
9063.629, 9198.756, 9310.036, 9429.36, 9430.644, 9116.935, 9195.56199999999, 
9235.98199999999, 9291.345, 9283.30900000001, 2.39554, 12.54836, 
2.45291, 4.65314, 8.57841, 2.23937, 5.62654, 4.46624, 5.71245, 
4.74261, 7.93864, -4.83588, -7.07533, -5.09867, -6.3124, -5.40666, 
-4.45052, -5.45775, -5.07391, -7.67899, -6.81576, -4.83478, 0, 
0, 0, 0, 0, 0, 0, 0, 0, 0, 0, 0, 0, 0, 0, 0, 0, 0, 0, 0, 0, 0, 
0.86571, 0.89905, 0.9131, 0.89385, 0.89028, 0.87722, 0.87444, 
0.86758, 0.84909, 0.87636, 0.8697, 0.84571, 0.84905, 0.87024, 
0.90813, 0.86528, 0.85361, 0.84194, 0.83848, 0.84, 0.83924, 0.87803, 
0.0489, 0.05, 0.0526, 0.0522, 0.053, 0.0559, 0.0548, 0.0533, 
0.0544, 0.0636, 0.0608, 43.9, 36.9, 51.5, 50.4, 43.9, 61.5, 54.8, 
60.7, 66.4, 73.8, 61.4, 386, 229, 309, 1105, 38, 593, 6, 1156, 
1072, 562, 88, 3, 5, 3, 4, 57, 2, 99, 1, 1, 3, 28, 100, 100, 
100, 100, 100, 100, 100, 100, 100, 100, 100, 2500, 2500, 2500, 
2500, 2500, 2500, 2500, 2500, 2500, 2500, 2500, 8979.682, 9207.252, 
9208.995, 9348.25699999999, 9345.624, 9419.83200000001, 9187.149, 
9222.467, 9291.18400000001, 9313.83199999999, 9290.78700000001, 
1, 1, 1, 1, 1, 1, 1, 1, 1, 1, 1, 0.01111, 0.01111, 0.01111, 0.01111, 
0.01111, 0.01111, 0.01111, 0.01111, 0.01111, 0.01111, 0.01111, 
0, 0, 0, 0, 0, 0, 0, 0, 0, 0, 0, 0, 0, 0, 0, 0, 0, 0, 0, 0, 0, 
0, 0.70571, 0.73833, 0.73452, 0.7502, 0.76944, 0.75444, 0.74389, 
0.73192, 0.73545, 0.74288, 0.73234, 0.71143, 0.72167, 0.73452, 
0.7502, 0.76944, 0.75444, 0.73389, 0.74101, 0.73545, 0.74288, 
0.75962, 0.0549, 0.0544, 0.0513, 0.054, 0.0546, 0.0535, 0.0533, 
0.0542, 0.0558, 0.0596, 0.0665, 43.5, 47.1, 50.8, 53.5, 55.8, 
58, 62.8, 67.5, 70.4, 75.2, 76.6, 1, 1, 1, 1, 1, 1, 1, 1, 1, 
1, 1, 1, 1, 1, 1, 1, 1, 1, 1, 1, 1, 1, 1, 1, 1, 1, 1, 1, 1, 1, 
1, 1, 1, 1, 1, 1, 1, 1, 1, 1, 1, 1, 1, 1, 3.599, 3.693, 3.692, 
3.801, 3.685, 3.644, 3.658, 3.689, 3.777, 3.761, 3.753), .Dim = c(11L, 
40L), .Dimnames = list(NULL, c("Sampling", "PSO.cost", "PSO.gamma", 
"PSO.data.balancing", "PSO.feature.selection", "PSO.valid.acc", 
"PSO.test.acc", "PSO.train.time", "PSO.n.support.vectors", "PSO.index", 
"PSO.n.solutions", "PSO.generations", "PSO.n.evaluations", "PSO.cpu.time", 
"RS.cost", "RS.gamma", "RS.data.balancing", "RS.feature.selection", 
"RS.valid.acc", "RS.test.acc", "RS.train.time", "RS.n.support.vectors", 
"RS.index", "RS.n.solutions", "RS.generations", "RS.n.evaluations", 
"RS.cpu.time", "DF.cost", "DF.gamma", "DF.data.balancing", "DF.feature.selection", 
"DF.valid.acc", "DF.test.acc", "DF.train.time", "DF.n.support.vectors", 
"DF.index", "DF.n.solutions", "DF.generations", "DF.n.evaluations", 
"DF.cpu.time")))
