full <-
structure(c(50, 55, 60, 65, 70, 75, 80, 85, 90, 95, 100, 4.93065, 
9.24244, 2.03574, 13.73578, 13.15519, 9.8496, 6.91665, 5.10998, 
4.23698, 4.07618, 8.51164, -6.48442, 2.52366, 1.06598, -4.91855, 
-7.06683, -6.3969, -6.63024, -0.12634, -6.25794, 1.04562, -5.85248, 
0, 0, 0, 0, 0, 0, 0, 0, 0, 0, 0, 0, 0, 0, 0, 0, 0, 0, 0, 0, 0, 
0, 0.88238, 0.82881, 0.81607, 0.82857, 0.85139, 0.85361, 0.88063, 
0.83141, 0.85919, 0.83091, 0.90659, 0.77571, 0.82881, 0.81607, 
0.81429, 0.85278, 0.8175, 0.81801, 0.83141, 0.80081, 0.83091, 
0.85431, 0.0507, 0.0521, 0.0516, 0.0521, 0.0531, 0.0646, 0.0643, 
0.058, 0.0593, 0.0641, 0.061, 40, 51.1, 52.4, 45, 45.1, 46.4, 
54, 71.1, 70.6, 81.7, 58.3, 838, 6, 2, 342, 89, 123, 1676, 3, 
2284, 3, 29, 149, 1856, 2168, 899, 716, 697, 5, 2042, 3, 1950, 
971, 100, 100, 100, 100, 100, 100, 100, 100, 100, 100, 100, 2500, 
2500, 2500, 2500, 2500, 2500, 2500, 2500, 2500, 2500, 2500, 9099.418, 
9022.004, 9211.682, 9359.07999999999, 9388.837, 12925.995, 11998.454, 
9465.82400000002, 9499.85800000001, 9623.70999999999, 9569.45999999999, 
4.73359, 11.27117, 1.48434, 9.26638, 13.06407, 10.53197, 6.10519, 
8.21621, 2.55134, 9.42672, 12.61954, -6.34174, -7.55749, -3.81661, 
-4.96917, -7.10716, -6.44325, -5.80702, -7.3538, -4.98675, -9.47873, 
-5.90732, 0, 0, 0, 0, 0, 0, 0, 0, 0, 0, 0, 0, 0, 0, 0, 0, 0, 
0, 0, 0, 0, 0, 0.86571, 0.8294, 0.86012, 0.82857, 0.85139, 0.85361, 
0.86245, 0.84253, 0.85843, 0.83424, 0.90659, 0.79238, 0.78179, 
0.75833, 0.81429, 0.85278, 0.8175, 0.82912, 0.81121, 0.8501, 
0.79955, 0.85431, 0.0499, 0.0504, 0.0511, 0.0612, 0.0541, 0.0619, 
0.0407, 0.057, 0.0608, 0.06, 0.0367, 39.8, 37.3, 53.6, 45.1, 
45, 46.4, 55, 56.9, 73.3, 60.4, 58.1, 1219, 18, 1720, 7, 83, 
1072, 431, 1777, 539, 1360, 879, 3, 52, 1, 6, 16, 4, 2, 1, 2, 
2, 3, 100, 100, 100, 100, 100, 100, 100, 100, 100, 100, 100, 
2500, 2500, 2500, 2500, 2500, 2500, 2500, 2500, 2500, 2500, 2500, 
9081.629, 10412.252, 9328.505, 11055.428, 9574.516, 13025.005, 
10202.339, 9412.10500000001, 9529.35399999999, 9565.52799999999, 
7810.68700000001, 1, 1, 1, 1, 1, 1, 1, 1, 1, 1, 1, 0.01111, 0.01111, 
0.01111, 0.01111, 0.01111, 0.01111, 0.01111, 0.01111, 0.01111, 
0.01111, 0.01111, 0, 0, 0, 0, 0, 0, 0, 0, 0, 0, 0, 0, 0, 0, 0, 
0, 0, 0, 0, 0, 0, 0, 0.7581, 0.71833, 0.72976, 0.75, 0.69583, 
0.7025, 0.73753, 0.73081, 0.74672, 0.74212, 0.75117, 0.7381, 
0.71262, 0.71726, 0.73571, 0.70556, 0.7025, 0.72843, 0.7299, 
0.74763, 0.75121, 0.75117, 0.0509, 0.051, 0.0522, 0.0536, 0.0625, 
0.0388, 0.0565, 0.0589, 0.059, 0.0591, 0.037, 40.3, 44.8, 50.3, 
53.9, 58.5, 62.1, 64.8, 67.7, 70.3, 72.3, 76.5, 1, 1, 1, 1, 1, 
1, 1, 1, 1, 1, 1, 1, 1, 1, 1, 1, 1, 1, 1, 1, 1, 1, 1, 1, 1, 1, 
1, 1, 1, 1, 1, 1, 1, 1, 1, 1, 1, 1, 1, 1, 1, 1, 1, 1, 3.664, 
3.596, 3.727, 3.727, 5.316, 3.937, 3.669, 3.824, 3.81, 3.726, 
2.919), .Dim = c(11L, 40L), .Dimnames = list(NULL, c("Sampling", 
"PSO.cost", "PSO.gamma", "PSO.data.balancing", "PSO.feature.selection", 
"PSO.valid.acc", "PSO.test.acc", "PSO.train.time", "PSO.n.support.vectors", 
"PSO.index", "PSO.n.solutions", "PSO.generations", "PSO.n.evaluations", 
"PSO.cpu.time", "RS.cost", "RS.gamma", "RS.data.balancing", "RS.feature.selection", 
"RS.valid.acc", "RS.test.acc", "RS.train.time", "RS.n.support.vectors", 
"RS.index", "RS.n.solutions", "RS.generations", "RS.n.evaluations", 
"RS.cpu.time", "DF.cost", "DF.gamma", "DF.data.balancing", "DF.feature.selection", 
"DF.valid.acc", "DF.test.acc", "DF.train.time", "DF.n.support.vectors", 
"DF.index", "DF.n.solutions", "DF.generations", "DF.n.evaluations", 
"DF.cpu.time")))
