full <-
structure(c(50, 55, 60, 65, 70, 75, 80, 85, 90, 95, 100, 3.37322, 
1.44751, 2.15005, 6.47312, 3.46618, 14.75826, 8.56236, 6.31774, 
7.33261, 6.19932, 9.20212, -4.4272, -3.75342, -4.13708, -5.85985, 
-3.9443, -6.0251, -7.49665, -4.21226, -6.84594, -5.52192, -8.16152, 
0, 0, 0, 0, 0, 0, 0, 0, 0, 0, 0, 0, 0, 0, 0, 0, 0, 0, 0, 0, 0, 
0, 0.84083, 0.82667, 0.82917, 0.81766, 0.81508, 0.84083, 0.85444, 
0.87626, 0.88273, 0.87431, 0.8697, 0.78833, 0.8181, 0.79821, 
0.80198, 0.78968, 0.8025, 0.85194, 0.84717, 0.81007, 0.85768, 
0.82652, 0.0494, 0.0533, 0.0498, 0.0523, 0.0563, 0.0545, 0.0558, 
0.0562, 0.0538, 0.0563, 0.0581, 42.7, 49.8, 53.3, 46.6, 55.9, 
49, 54.7, 56.3, 61.6, 62, 59.1, 748, 418, 1428, 91, 38, 244, 
217, 576, 261, 1078, 151, 164, 165, 11, 155, 412, 594, 491, 383, 
483, 150, 242, 100, 100, 100, 100, 100, 100, 100, 100, 100, 100, 
100, 2500, 2500, 2500, 2500, 2500, 2500, 2500, 2500, 2500, 2500, 
2500, 8518.819, 8577.068, 8451.267, 8565.023, 8754.762, 8593.78700000001, 
8655.61900000001, 8732.32400000001, 8788.179, 8790.25899999999, 
8745.823, 4.22312, 1.85087, 2.11801, 6.41559, 11.19926, 10.49229, 
10.87972, 4.20138, 7.29726, 7.0655, 5.25702, -5.22316, -4.1647, 
-4.11665, -5.83172, -4.19724, -6.02788, -9.73576, -3.52686, -6.88981, 
-6.6269, -5.72955, 0, 0, 0, 0, 0, 0, 0, 0, 0, 0, 0, 0, 0, 0, 
0, 0, 0, 0, 0, 0, 0, 0, 0.81167, 0.82667, 0.82917, 0.81766, 0.81508, 
0.84083, 0.86306, 0.87535, 0.88273, 0.8714, 0.8697, 0.78833, 
0.81476, 0.79821, 0.80198, 0.82619, 0.8025, 0.8175, 0.84717, 
0.81007, 0.85628, 0.84394, 0.0505, 0.0488, 0.0488, 0.0469, 0.0537, 
0.0545, 0.0566, 0.0549, 0.0532, 0.059, 0.0598, 42.5, 48.8, 53.3, 
46.8, 50.2, 49, 49.2, 62.1, 61.7, 62.3, 69, 1138, 1062, 956, 
659, 60, 1737, 1805, 1390, 1800, 555, 350, 6, 1, 1, 1, 14, 1, 
1, 2, 1, 3, 4, 100, 100, 100, 100, 100, 100, 100, 100, 100, 100, 
100, 2500, 2500, 2500, 2500, 2500, 2500, 2500, 2500, 2500, 2500, 
2500, 8672.074, 8490.897, 8261.527, 8226.181, 8714.891, 8625.428, 
8781.083, 8830.59400000001, 8695.389, 8948.72, 8841.28, 1, 1, 
1, 1, 1, 1, 1, 1, 1, 1, 1, 0.01111, 0.01111, 0.01111, 0.01111, 
0.01111, 0.01111, 0.01111, 0.01111, 0.01111, 0.01111, 0.01111, 
0, 0, 0, 0, 0, 0, 0, 0, 0, 0, 0, 0, 0, 0, 0, 0, 0, 0, 0, 0, 0, 
0, 0.685, 0.7231, 0.73631, 0.7369, 0.73214, 0.74944, 0.745, 0.71879, 
0.73692, 0.73241, 0.74242, 0.685, 0.7231, 0.7506, 0.72262, 0.73214, 
0.74944, 0.745, 0.71879, 0.73692, 0.73241, 0.73409, 0.0476, 0.0513, 
0.0481, 0.0522, 0.0525, 0.0548, 0.0571, 0.0601, 0.0542, 0.0604, 
0.0612, 44, 47.4, 50.2, 54.4, 58.4, 61.7, 64.5, 69.6, 72.2, 75.2, 
75.4, 1, 1, 1, 1, 1, 1, 1, 1, 1, 1, 1, 1, 1, 1, 1, 1, 1, 1, 1, 
1, 1, 1, 1, 1, 1, 1, 1, 1, 1, 1, 1, 1, 1, 1, 1, 1, 1, 1, 1, 1, 
1, 1, 1, 1, 3.384, 3.506, 3.283, 3.515, 3.56, 3.449, 3.602, 3.625, 
3.341, 3.683, 3.562), .Dim = c(11L, 40L), .Dimnames = list(NULL, 
    c("Sampling", "PSO.cost", "PSO.gamma", "PSO.data.balancing", 
    "PSO.feature.selection", "PSO.valid.acc", "PSO.test.acc", 
    "PSO.train.time", "PSO.n.support.vectors", "PSO.index", "PSO.n.solutions", 
    "PSO.generations", "PSO.n.evaluations", "PSO.cpu.time", "RS.cost", 
    "RS.gamma", "RS.data.balancing", "RS.feature.selection", 
    "RS.valid.acc", "RS.test.acc", "RS.train.time", "RS.n.support.vectors", 
    "RS.index", "RS.n.solutions", "RS.generations", "RS.n.evaluations", 
    "RS.cpu.time", "DF.cost", "DF.gamma", "DF.data.balancing", 
    "DF.feature.selection", "DF.valid.acc", "DF.test.acc", "DF.train.time", 
    "DF.n.support.vectors", "DF.index", "DF.n.solutions", "DF.generations", 
    "DF.n.evaluations", "DF.cpu.time")))
