full <-
structure(c(50, 55, 60, 65, 70, 75, 80, 85, 90, 95, 100, 7.56013, 
4.02313, 12.05756, 10.32953, 6.4892, 6.62513, 9.96466, 6.91108, 
8.51933, 8.02349, 11.90879, -8.06915, -5.70294, 0.75452, -4.99832, 
-6.00324, -8.31643, -8.93704, -6.448, -6.1965, -3.89299, -5.9025, 
0, 0, 0, 0, 0, 0, 0, 0, 0, 0, 0, 0, 0, 0, 0, 0, 0, 0, 0, 0, 0, 
0, 0.87381, 0.84905, 0.84286, 0.88175, 0.90139, 0.88583, 0.88333, 
0.88, 0.87545, 0.89242, 0.87045, 0.84048, 0.77286, 0.84286, 0.87996, 
0.84881, 0.83972, 0.87222, 0.8398, 0.84545, 0.88318, 0.85152, 
0.0498, 0.0491, 0.0497, 0.0502, 0.0509, 0.0557, 0.0553, 0.0575, 
0.0566, 0.0591, 0.0599, 33.2, 39.4, 54.8, 41.5, 44.3, 53.1, 46.6, 
55.6, 54, 63.4, 59, 110, 1184, 6, 326, 81, 67, 673, 208, 149, 
236, 77, 294, 81, 1701, 39, 687, 985, 63, 511, 200, 107, 1177, 
100, 100, 100, 100, 100, 100, 100, 100, 100, 100, 100, 2500, 
2500, 2500, 2500, 2500, 2500, 2500, 2500, 2500, 2500, 2500, 9102.632, 
9245.344, 9270.537, 9392.645, 9375.462, 9219.53, 9197.84299999999, 
9221.28, 9271.02499999999, 9289.33499999999, 9147.361, 8.42632, 
4.9965, 6.55775, 10.75434, 6.1592, 14.42001, 10.89301, 6.52488, 
6.4187, 8.19682, 14.13527, -8.92665, -6.3666, 1.69177, -4.81067, 
-6.06776, -5.34442, -9.18135, -6.40324, -6.40192, -5.84338, -5.95649, 
0, 0, 0, 0, 0, 0, 0, 0, 0, 0, 0, 0, 0, 0, 0, 0, 0, 0, 0, 0, 0, 
0, 0.85714, 0.84905, 0.84286, 0.87857, 0.90139, 0.89556, 0.88333, 
0.88, 0.86712, 0.88409, 0.87045, 0.80381, 0.77286, 0.82857, 0.86746, 
0.8252, 0.85111, 0.84972, 0.8498, 0.82894, 0.88318, 0.85152, 
0.0474, 0.0487, 0.0546, 0.0497, 0.0539, 0.0533, 0.0554, 0.0572, 
0.0572, 0.0592, 0.0561, 30.9, 38.1, 55.7, 42.3, 45.6, 47, 44.4, 
57.6, 61.7, 55.8, 58.9, 318, 861, 8, 262, 104, 467, 1253, 689, 
1153, 771, 29, 4, 2, 310, 4, 5, 1, 2, 3, 1, 69, 15, 100, 100, 
100, 100, 100, 100, 100, 100, 100, 100, 100, 2500, 2500, 2500, 
2500, 2500, 2500, 2500, 2500, 2500, 2500, 2500, 9103.915, 9193.911, 
9335.795, 9401.19100000001, 9455.902, 9145.69900000001, 9193.681, 
9251.45000000001, 9291.57700000002, 9272.236, 9102.40099999998, 
1, 1, 1, 1, 1, 1, 1, 1, 1, 1, 1, 0.01111, 0.01111, 0.01111, 0.01111, 
0.01111, 0.01111, 0.01111, 0.01111, 0.01111, 0.01111, 0.01111, 
0, 0, 0, 0, 0, 0, 0, 0, 0, 0, 0, 0, 0, 0, 0, 0, 0, 0, 0, 0, 0, 
0, 0.78714, 0.79429, 0.75774, 0.72421, 0.75754, 0.71444, 0.72389, 
0.76051, 0.74591, 0.75121, 0.74091, 0.78714, 0.79429, 0.77024, 
0.75278, 0.74325, 0.71444, 0.72389, 0.7596, 0.755, 0.7603, 0.74924, 
0.048, 0.0496, 0.0547, 0.0531, 0.0559, 0.0544, 0.0529, 0.0575, 
0.0549, 0.0607, 0.06, 36.7, 39.1, 43, 49.4, 54.2, 59.8, 63.1, 
65.5, 70.4, 73.4, 77, 1, 1, 1, 1, 1, 1, 1, 1, 1, 1, 1, 1, 1, 
1, 1, 1, 1, 1, 1, 1, 1, 1, 1, 1, 1, 1, 1, 1, 1, 1, 1, 1, 1, 1, 
1, 1, 1, 1, 1, 1, 1, 1, 1, 1, 3.629, 3.683, 3.726, 3.761, 3.794, 
3.646, 3.641, 3.704, 3.682, 3.757, 3.689), .Dim = c(11L, 40L), .Dimnames = list(
    NULL, c("Sampling", "PSO.cost", "PSO.gamma", "PSO.data.balancing", 
    "PSO.feature.selection", "PSO.valid.acc", "PSO.test.acc", 
    "PSO.train.time", "PSO.n.support.vectors", "PSO.index", "PSO.n.solutions", 
    "PSO.generations", "PSO.n.evaluations", "PSO.cpu.time", "RS.cost", 
    "RS.gamma", "RS.data.balancing", "RS.feature.selection", 
    "RS.valid.acc", "RS.test.acc", "RS.train.time", "RS.n.support.vectors", 
    "RS.index", "RS.n.solutions", "RS.generations", "RS.n.evaluations", 
    "RS.cpu.time", "DF.cost", "DF.gamma", "DF.data.balancing", 
    "DF.feature.selection", "DF.valid.acc", "DF.test.acc", "DF.train.time", 
    "DF.n.support.vectors", "DF.index", "DF.n.solutions", "DF.generations", 
    "DF.n.evaluations", "DF.cpu.time")))
