full <-
structure(c(50, 55, 60, 65, 70, 75, 80, 85, 90, 95, 100, 4.78691, 
7.96827, 5.3808, 13.65229, -0.32943, 5.1939, 12.52399, 6.14328, 
14.17776, 3.87374, 8.31821, 0.15267, -0.71068, -0.44194, -0.37824, 
-0.98894, 1.78512, -6.70429, -5.06483, 2.10186, -6.2084, -4.48711, 
0, 0, 0, 0, 0, 0, 0, 0, 0, 0, 0, 0, 0, 0, 0, 0, 0, 0, 0, 0, 0, 
0, 0.86476, 0.87619, 0.85595, 0.86786, 0.85476, 0.82944, 0.84333, 
0.87869, 0.8397, 0.87333, 0.8421, 0.86476, 0.87619, 0.85595, 
0.86786, 0.84226, 0.82944, 0.81333, 0.84758, 0.8397, 0.85667, 
0.83377, 0.0527, 0.0582, 0.0523, 0.0655, 0.0523, 0.0593, 0.0563, 
0.0586, 0.0645, 0.0621, 0.0639, 44.4, 48.4, 53.1, 56.4, 59.7, 
66.7, 47.1, 57.1, 80.8, 73.6, 62.8, 8, 6, 10, 3, 3, 6, 18, 1032, 
3, 1321, 539, 1969, 1726, 1959, 1906, 1807, 2045, 691, 85, 2238, 
53, 736, 100, 100, 100, 100, 100, 100, 100, 100, 100, 100, 100, 
2500, 2500, 2500, 2500, 2500, 2500, 2500, 2500, 2500, 2500, 2500, 
9531.409, 13240.167, 11978.372, 14285.87, 9302.81300000001, 9673.848, 
9843.56300000001, 9894.05899999998, 10031.085, 9894.88199999998, 
9952.12399999998, 4.8255, 0.11274, 5.70514, 4.13137, 5.06062, 
4.99767, 9.76878, 10.0943, 9.37838, 4.74114, 13.48964, 1.7966, 
-0.85729, 1.35517, -0.68243, -7.39715, -7.04106, -6.35104, -5.17626, 
-5.61775, -7.0184, -4.5597, 0, 0, 0, 0, 0, 0, 0, 0, 0, 0, 0, 
0, 0, 0, 0, 0, 0, 0, 0, 0, 0, 0, 0.86476, 0.87619, 0.85595, 0.86786, 
0.86587, 0.85194, 0.84333, 0.8596, 0.86636, 0.865, 0.8421, 0.84476, 
0.87619, 0.85595, 0.86786, 0.80298, 0.81583, 0.82333, 0.85869, 
0.81167, 0.83015, 0.83377, 0.0545, 0.0504, 0.0632, 0.0536, 0.0543, 
0.058, 0.0574, 0.0591, 0.0606, 0.0623, 0.0644, 46.1, 48.7, 55.3, 
56.4, 55.5, 59.4, 47.1, 54.9, 54, 72.5, 62.4, 2, 1, 1, 6, 1547, 
2312, 379, 37, 196, 1764, 297, 478, 307, 469, 411, 1, 1, 25, 
9, 2, 1, 13, 100, 100, 100, 100, 100, 100, 100, 100, 100, 100, 
100, 2500, 2500, 2500, 2500, 2500, 2500, 2500, 2500, 2500, 2500, 
2500, 10843.454, 9092.261, 11487.959, 9043.982, 9538.72499999999, 
9769.882, 9842.07499999998, 9928.83600000001, 9976.24900000001, 
9903.32799999998, 9994.359, 1, 1, 1, 1, 1, 1, 1, 1, 1, 1, 1, 
0.01111, 0.01111, 0.01111, 0.01111, 0.01111, 0.01111, 0.01111, 
0.01111, 0.01111, 0.01111, 0.01111, 0, 0, 0, 0, 0, 0, 0, 0, 0, 
0, 0, 0, 0, 0, 0, 0, 0, 0, 0, 0, 0, 0, 0.69524, 0.72524, 0.73214, 
0.7, 0.72421, 0.7375, 0.72611, 0.7299, 0.72667, 0.74955, 0.73312, 
0.69762, 0.73714, 0.71964, 0.7, 0.72103, 0.7375, 0.73611, 0.74101, 
0.72667, 0.74045, 0.74221, 0.0607, 0.0502, 0.0597, 0.0502, 0.0535, 
0.0582, 0.0568, 0.0612, 0.0609, 0.0641, 0.0605, 41.5, 43.8, 47.7, 
53.3, 57, 60.6, 63.9, 68.6, 71.5, 72.8, 75.7, 1, 1, 1, 1, 1, 
1, 1, 1, 1, 1, 1, 1, 1, 1, 1, 1, 1, 1, 1, 1, 1, 1, 1, 1, 1, 1, 
1, 1, 1, 1, 1, 1, 1, 1, 1, 1, 1, 1, 1, 1, 1, 1, 1, 1, 5.716, 
3.663, 5.893, 3.606, 3.779, 3.963, 3.931, 3.976, 4.055, 4.002, 
3.914), .Dim = c(11L, 40L), .Dimnames = list(NULL, c("Sampling", 
"PSO.cost", "PSO.gamma", "PSO.data.balancing", "PSO.feature.selection", 
"PSO.valid.acc", "PSO.test.acc", "PSO.train.time", "PSO.n.support.vectors", 
"PSO.index", "PSO.n.solutions", "PSO.generations", "PSO.n.evaluations", 
"PSO.cpu.time", "RS.cost", "RS.gamma", "RS.data.balancing", "RS.feature.selection", 
"RS.valid.acc", "RS.test.acc", "RS.train.time", "RS.n.support.vectors", 
"RS.index", "RS.n.solutions", "RS.generations", "RS.n.evaluations", 
"RS.cpu.time", "DF.cost", "DF.gamma", "DF.data.balancing", "DF.feature.selection", 
"DF.valid.acc", "DF.test.acc", "DF.train.time", "DF.n.support.vectors", 
"DF.index", "DF.n.solutions", "DF.generations", "DF.n.evaluations", 
"DF.cpu.time")))
