full <-
structure(c(50, 55, 60, 65, 70, 75, 80, 85, 90, 95, 100, -1.82584, 
5.53313, 9.52317, 8.82284, 5.97822, 4.64268, 11.29343, 7.00616, 
7.68548, 13.71612, 8.69746, -0.70752, 0.32708, -0.36793, -6.36564, 
-5.31176, -7.17789, -6.31092, -3.93976, -6.91696, -4.00447, -6.27032, 
0, 0, 0, 0, 0, 0, 0, 0, 0, 0, 0, 0, 0, 0, 0, 0, 0, 0, 0, 0, 0, 
0, 0.82571, 0.84286, 0.84345, 0.86429, 0.87619, 0.86472, 0.85639, 
0.87646, 0.88455, 0.82424, 0.86061, 0.80905, 0.84286, 0.84345, 
0.8375, 0.85079, 0.86333, 0.87528, 0.83626, 0.82909, 0.82167, 
0.86061, 0.0501, 0.0558, 0.0531, 0.0567, 0.0551, 0.0563, 0.0592, 
0.0571, 0.0568, 0.0599, 0.0602, 46.4, 48.4, 52.5, 42.3, 48.5, 
59.4, 48.6, 57.9, 59.6, 64.5, 57.2, 42, 4, 19, 161, 1235, 1794, 
155, 1258, 729, 26, 300, 1275, 1679, 1750, 769, 84, 3, 1153, 
4, 127, 539, 540, 100, 100, 100, 100, 100, 100, 100, 100, 100, 
100, 100, 2500, 2500, 2500, 2500, 2500, 2500, 2500, 2500, 2500, 
2500, 2500, 8963.135, 10040.553, 9811.259, 9958.23499999999, 
9686.08199999999, 9768.90399999999, 9929.97200000001, 9759.21300000002, 
10076.44, 9782.821, 9645.59699999998, -0.61422, 8.41843, 13.49155, 
9.45912, 5.88316, 3.57201, 8.59185, 13.02893, 7.45461, 9.35563, 
8.54985, 0.07266, 0.65287, 1.18085, -6.33916, -5.29861, -6.17649, 
-6.19348, -3.94097, -6.84523, -5.98515, -6.26207, 0, 0, 0, 0, 
0, 0, 0, 0, 0, 0, 0, 0, 0, 0, 0, 0, 0, 0, 0, 0, 0, 0, 0.82571, 
0.84286, 0.84345, 0.86429, 0.86508, 0.86333, 0.85639, 0.86646, 
0.87545, 0.82424, 0.86061, 0.80905, 0.82857, 0.84345, 0.8375, 
0.85079, 0.84111, 0.86528, 0.83626, 0.82909, 0.81591, 0.86061, 
0.0492, 0.0512, 0.0549, 0.0585, 0.0573, 0.0573, 0.0579, 0.057, 
0.0605, 0.0607, 0.0588, 44.6, 49, 54.2, 42.2, 48.5, 62.5, 48.9, 
57.8, 60, 57.5, 57.3, 9, 69, 1, 194, 1199, 84, 63, 291, 184, 
39, 120, 15, 211, 273, 7, 2, 1, 22, 9, 6, 30, 2, 100, 100, 100, 
100, 100, 100, 100, 100, 100, 100, 100, 2500, 2500, 2500, 2500, 
2500, 2500, 2500, 2500, 2500, 2500, 2500, 8970.827, 9891.785, 
9919.692, 9788.106, 9635.31200000001, 9883.56999999999, 9886.899, 
9931.53400000001, 9959.64499999999, 9740.49899999998, 9540.65700000001, 
1, 1, 1, 1, 1, 1, 1, 1, 1, 1, 1, 0.01111, 0.01111, 0.01111, 0.01111, 
0.01111, 0.01111, 0.01111, 0.01111, 0.01111, 0.01111, 0.01111, 
0, 0, 0, 0, 0, 0, 0, 0, 0, 0, 0, 0, 0, 0, 0, 0, 0, 0, 0, 0, 0, 
0, 0.6881, 0.70476, 0.74464, 0.74821, 0.73413, 0.71444, 0.74611, 
0.7299, 0.74545, 0.75273, 0.75758, 0.67143, 0.70476, 0.74464, 
0.74821, 0.71984, 0.71444, 0.735, 0.7299, 0.73545, 0.76182, 0.74091, 
0.0489, 0.0539, 0.0532, 0.0546, 0.054, 0.0576, 0.0541, 0.0574, 
0.0592, 0.0623, 0.0612, 43.4, 44, 46, 49.3, 55.6, 61.2, 62.7, 
68.9, 70.8, 73.2, 75.9, 1, 1, 1, 1, 1, 1, 1, 1, 1, 1, 1, 1, 1, 
1, 1, 1, 1, 1, 1, 1, 1, 1, 1, 1, 1, 1, 1, 1, 1, 1, 1, 1, 1, 1, 
1, 1, 1, 1, 1, 1, 1, 1, 1, 1, 3.611, 4.021, 4.03, 4.07, 3.873, 
3.962, 3.718, 4.062, 3.992, 3.801, 3.708), .Dim = c(11L, 40L), .Dimnames = list(
    NULL, c("Sampling", "PSO.cost", "PSO.gamma", "PSO.data.balancing", 
    "PSO.feature.selection", "PSO.valid.acc", "PSO.test.acc", 
    "PSO.train.time", "PSO.n.support.vectors", "PSO.index", "PSO.n.solutions", 
    "PSO.generations", "PSO.n.evaluations", "PSO.cpu.time", "RS.cost", 
    "RS.gamma", "RS.data.balancing", "RS.feature.selection", 
    "RS.valid.acc", "RS.test.acc", "RS.train.time", "RS.n.support.vectors", 
    "RS.index", "RS.n.solutions", "RS.generations", "RS.n.evaluations", 
    "RS.cpu.time", "DF.cost", "DF.gamma", "DF.data.balancing", 
    "DF.feature.selection", "DF.valid.acc", "DF.test.acc", "DF.train.time", 
    "DF.n.support.vectors", "DF.index", "DF.n.solutions", "DF.generations", 
    "DF.n.evaluations", "DF.cpu.time")))
