full <-
structure(c(50, 55, 60, 65, 70, 75, 80, 85, 90, 95, 100, 1.17596, 
4.98892, 10.78948, 6.3445, 9.42284, 6.0599, 9.12229, 13.63114, 
8.35113, 6.64778, 7.31265, -1.34974, -0.37658, -9.75052, -8.29998, 
-7.12762, -7.78773, -6.88974, -5.97479, -5.43448, -6.26445, -5.36775, 
0, 0, 0, 0, 0, 0, 0, 0, 0, 0, 0, 0, 0, 0, 0, 0, 0, 0, 0, 0, 0, 
0, 0.90381, 0.86131, 0.88571, 0.8746, 0.86389, 0.83194, 0.86222, 
0.88162, 0.86212, 0.8847, 0.88689, 0.90381, 0.86131, 0.8131, 
0.77897, 0.80853, 0.82917, 0.84, 0.86253, 0.85303, 0.85652, 0.85064, 
0.0479, 0.0509, 0.0546, 0.0567, 0.0588, 0.0594, 0.0603, 0.0616, 
0.0625, 0.0639, 0.0634, 42.8, 47, 38.9, 51.5, 46.7, 58.9, 52.9, 
52.5, 55.6, 62.1, 60.3, 5, 14, 926, 663, 22, 1538, 763, 109, 
5, 163, 56, 1758, 1737, 325, 209, 200, 33, 377, 717, 1260, 66, 
1327, 100, 100, 100, 100, 100, 100, 100, 100, 100, 100, 100, 
2500, 2500, 2500, 2500, 2500, 2500, 2500, 2500, 2500, 2500, 2500, 
8647.771, 11980.905, 11512.752, 11763.992, 11779.104, 11800.726, 
11658.84, 11914.682, 11995.303, 11976.04, 11798.848, 2.05246, 
10.06742, 10.44909, 6.48306, 10.13473, 6.50346, 10.86419, 11.0607, 
12.19129, 6.52482, 11.76691, -1.64642, 0.75115, -9.34955, -8.27284, 
-6.74231, -8.2916, -3.94677, -5.95986, -5.51947, -6.14414, -5.35301, 
0, 0, 0, 0, 0, 0, 0, 0, 0, 0, 0, 0, 0, 0, 0, 0, 0, 0, 0, 0, 0, 
0, 0.90381, 0.86131, 0.87143, 0.8621, 0.86071, 0.82083, 0.86222, 
0.88162, 0.86212, 0.88545, 0.88689, 0.90381, 0.86131, 0.78214, 
0.77897, 0.80853, 0.83056, 0.86111, 0.86253, 0.85303, 0.86561, 
0.85064, 0.0507, 0.0584, 0.0558, 0.0581, 0.0576, 0.0588, 0.0616, 
0.0621, 0.0621, 0.0631, 0.0624, 42.7, 48, 38.9, 50.7, 46.7, 55.9, 
59.1, 52.5, 55.3, 61.9, 59.6, 1, 3, 2034, 23, 10, 70, 862, 320, 
6, 657, 529, 447, 454, 1, 1, 55, 1, 1, 2, 22, 1, 5, 100, 100, 
100, 100, 100, 100, 100, 100, 100, 100, 100, 2500, 2500, 2500, 
2500, 2500, 2500, 2500, 2500, 2500, 2500, 2500, 8661.283, 11828.746, 
11533.636, 11826.628, 11745.914, 11794.112, 11684.261, 11982.665, 
12043.447, 11705.224, 11990.137, 1, 1, 1, 1, 1, 1, 1, 1, 1, 1, 
1, 0.01111, 0.01111, 0.01111, 0.01111, 0.01111, 0.01111, 0.01111, 
0.01111, 0.01111, 0.01111, 0.01111, 0, 0, 0, 0, 0, 0, 0, 0, 0, 
0, 0, 0, 0, 0, 0, 0, 0, 0, 0, 0, 0, 0, 0.66643, 0.69488, 0.70357, 
0.72599, 0.70913, 0.70139, 0.70222, 0.73101, 0.72091, 0.7353, 
0.74312, 0.66643, 0.65976, 0.72024, 0.72917, 0.70913, 0.70139, 
0.70222, 0.72192, 0.72924, 0.7353, 0.75146, 0.0495, 0.058, 0.0564, 
0.0555, 0.0594, 0.0596, 0.062, 0.0648, 0.0653, 0.0652, 0.0679, 
42.9, 45.3, 49.9, 53.9, 57.9, 63.4, 67.3, 68.9, 73, 74.7, 76.3, 
1, 1, 1, 1, 1, 1, 1, 1, 1, 1, 1, 1, 1, 1, 1, 1, 1, 1, 1, 1, 1, 
1, 1, 1, 1, 1, 1, 1, 1, 1, 1, 1, 1, 1, 1, 1, 1, 1, 1, 1, 1, 1, 
1, 1, 3.467, 4.509, 4.585, 4.528, 4.727, 4.616, 4.768, 4.676, 
4.807, 4.581, 4.698), .Dim = c(11L, 40L), .Dimnames = list(NULL, 
    c("Sampling", "PSO.cost", "PSO.gamma", "PSO.data.balancing", 
    "PSO.feature.selection", "PSO.valid.acc", "PSO.test.acc", 
    "PSO.train.time", "PSO.n.support.vectors", "PSO.index", "PSO.n.solutions", 
    "PSO.generations", "PSO.n.evaluations", "PSO.cpu.time", "RS.cost", 
    "RS.gamma", "RS.data.balancing", "RS.feature.selection", 
    "RS.valid.acc", "RS.test.acc", "RS.train.time", "RS.n.support.vectors", 
    "RS.index", "RS.n.solutions", "RS.generations", "RS.n.evaluations", 
    "RS.cpu.time", "DF.cost", "DF.gamma", "DF.data.balancing", 
    "DF.feature.selection", "DF.valid.acc", "DF.test.acc", "DF.train.time", 
    "DF.n.support.vectors", "DF.index", "DF.n.solutions", "DF.generations", 
    "DF.n.evaluations", "DF.cpu.time")))
