full <-
structure(c(50, 55, 60, 65, 70, 75, 80, 85, 90, 95, 100, 5.22345, 
2.62491, 13.52805, 4.9622, 5.89474, 5.01138, 5.4893, 8.90738, 
11.49668, 8.26727, 5.64342, -7.72397, 0.90893, 2.77534, -6.33092, 
-7.77219, -6.81166, -7.78426, -6.35559, -4.31039, -6.50288, -4.24379, 
0, 0, 0, 0, 0, 0, 0, 0, 0, 0, 0, 0, 0, 0, 0, 0, 0, 0, 0, 0, 0, 
0, 0.86333, 0.82762, 0.83135, 0.85615, 0.88909, 0.90056, 0.85083, 
0.89, 0.8697, 0.89394, 0.88135, 0.76143, 0.82762, 0.83135, 0.81687, 
0.81548, 0.87556, 0.79861, 0.84, 0.84061, 0.84833, 0.84586, 0.05, 
0.0494, 0.0568, 0.0506, 0.0581, 0.0571, 0.0538, 0.0578, 0.0635, 
0.0619, 0.0641, 38.2, 48.5, 55.3, 48.6, 51.8, 55.9, 59.8, 50.9, 
59.4, 58.4, 66, 363, 3, 14, 653, 1919, 469, 536, 85, 8, 417, 
87, 87, 1889, 1951, 72, 3, 179, 80, 240, 1478, 187, 443, 100, 
100, 100, 100, 100, 100, 100, 100, 100, 100, 100, 2500, 2500, 
2500, 2500, 2500, 2500, 2500, 2500, 2500, 2500, 2500, 9796.685, 
10098.203, 10098.832, 9848.384, 10351.402, 9978.799, 10067.436, 
10121.438, 10171.215, 10411.504, 10277.177, 7.09127, 5.33399, 
4.02155, 5.6997, 6.01163, 4.56066, 5.48452, 8.96572, 8.9405, 
8.11816, 5.84709, -7.5603, -7.43092, -6.22062, -6.26049, -7.7745, 
-6.45381, -7.75108, -5.62214, -4.35219, -7.08453, -4.18817, 0, 
0, 0, 0, 0, 0, 0, 0, 0, 0, 0, 0, 0, 0, 0, 0, 0, 0, 0, 0, 0, 0, 
0.84667, 0.83714, 0.83889, 0.84187, 0.87798, 0.90056, 0.85083, 
0.89, 0.8697, 0.87727, 0.88135, 0.77571, 0.83714, 0.84306, 0.82937, 
0.81548, 0.87556, 0.80861, 0.84, 0.84061, 0.83924, 0.8542, 0.0511, 
0.0509, 0.0508, 0.0537, 0.0571, 0.0564, 0.0565, 0.0579, 0.0627, 
0.0633, 0.0636, 33.7, 43.6, 49.4, 45.6, 51.4, 56.7, 59.8, 52.6, 
58.9, 60.7, 65.9, 458, 228, 732, 289, 1211, 765, 1906, 152, 37, 
275, 205, 4, 11, 2, 5, 1, 3, 2, 5, 24, 3, 5, 100, 100, 100, 100, 
100, 100, 100, 100, 100, 100, 100, 2500, 2500, 2500, 2500, 2500, 
2500, 2500, 2500, 2500, 2500, 2500, 9883.522, 10029.546, 10186.395, 
10198.205, 10088.842, 10011.117, 10347.627, 10250.616, 10292.761, 
10594.244, 10303.455, 1, 1, 1, 1, 1, 1, 1, 1, 1, 1, 1, 0.01111, 
0.01111, 0.01111, 0.01111, 0.01111, 0.01111, 0.01111, 0.01111, 
0.01111, 0.01111, 0.01111, 0, 0, 0, 0, 0, 0, 0, 0, 0, 0, 0, 0, 
0, 0, 0, 0, 0, 0, 0, 0, 0, 0, 0.72476, 0.68048, 0.70119, 0.68929, 
0.70992, 0.76111, 0.735, 0.74, 0.75758, 0.75121, 0.74132, 0.72476, 
0.68048, 0.71786, 0.71607, 0.73492, 0.76111, 0.735, 0.75, 0.75758, 
0.75121, 0.74965, 0.0538, 0.055, 0.0535, 0.0564, 0.053, 0.0538, 
0.0561, 0.0632, 0.0648, 0.0655, 0.0655, 41.1, 47.1, 50.9, 54.6, 
54.6, 57.6, 63.2, 66.4, 69.1, 72.8, 75.9, 1, 1, 1, 1, 1, 1, 1, 
1, 1, 1, 1, 1, 1, 1, 1, 1, 1, 1, 1, 1, 1, 1, 1, 1, 1, 1, 1, 1, 
1, 1, 1, 1, 1, 1, 1, 1, 1, 1, 1, 1, 1, 1, 1, 1, 4.04, 4.178, 
4.017, 4.104, 3.838, 3.832, 3.925, 4.158, 4.316, 4.162, 4.278
), .Dim = c(11L, 40L), .Dimnames = list(NULL, c("Sampling", "PSO.cost", 
"PSO.gamma", "PSO.data.balancing", "PSO.feature.selection", "PSO.valid.acc", 
"PSO.test.acc", "PSO.train.time", "PSO.n.support.vectors", "PSO.index", 
"PSO.n.solutions", "PSO.generations", "PSO.n.evaluations", "PSO.cpu.time", 
"RS.cost", "RS.gamma", "RS.data.balancing", "RS.feature.selection", 
"RS.valid.acc", "RS.test.acc", "RS.train.time", "RS.n.support.vectors", 
"RS.index", "RS.n.solutions", "RS.generations", "RS.n.evaluations", 
"RS.cpu.time", "DF.cost", "DF.gamma", "DF.data.balancing", "DF.feature.selection", 
"DF.valid.acc", "DF.test.acc", "DF.train.time", "DF.n.support.vectors", 
"DF.index", "DF.n.solutions", "DF.generations", "DF.n.evaluations", 
"DF.cpu.time")))
