full <-
structure(c(50, 55, 60, 65, 70, 75, 80, 85, 90, 95, 100, 3.75856, 
6.9343, 4.4829, 5.8771, 8.40655, 5.91003, 1.35834, 5.83216, 4.42653, 
8.53742, 12.66988, -5.51129, -11.73876, -5.80897, -6.79159, -6.99279, 
-6.79721, -4.12419, -7.87104, -6.73533, -7.38049, -6.66398, 0, 
0, 0, 0, 0, 0, 0, 0, 0, 0, 0, 0, 0, 0, 0, 0, 0, 0, 0, 0, 0, 0, 
0.87667, 0.82083, 0.87202, 0.87361, 0.88194, 0.83806, 0.84167, 
0.86869, 0.84818, 0.83909, 0.85985, 0.76, 0.77083, 0.82679, 0.81865, 
0.86806, 0.80056, 0.79083, 0.8496, 0.81273, 0.82909, 0.84242, 
0.0478, 0.0486, 0.0477, 0.0512, 0.0503, 0.0542, 0.0516, 0.0579, 
0.058, 0.0539, 0.0555, 42.3, 41.4, 49.4, 52.2, 48, 57.7, 69.1, 
65.9, 73.1, 58, 56, 1224, 62, 1973, 662, 230, 747, 1071, 1756, 
212, 275, 34, 46, 1275, 2, 60, 272, 135, 29, 2, 124, 309, 1384, 
100, 100, 100, 100, 100, 100, 100, 100, 100, 100, 100, 2500, 
2500, 2500, 2500, 2500, 2500, 2500, 2500, 2500, 2500, 2500, 8841.027, 
8643.018, 8944.12, 9158.805, 9358.808, 9463.181, 8694.599, 8923.79900000001, 
8866.68100000001, 8575.80399999997, 8963.764, 4.03958, 7.57038, 
3.94794, 5.95761, 8.19595, 5.56107, 3.8399, 6.83649, 4.07642, 
3.54618, 14.415, -5.71341, -11.23094, -4.37566, -6.87366, -6.37732, 
-6.56081, -5.87319, -8.76153, -6.50771, -6.14403, -6.66742, 0, 
0, 0, 0, 0, 0, 0, 0, 0, 0, 0, 0, 0, 0, 0, 0, 0, 0, 0, 0, 0, 0, 
0.87667, 0.82083, 0.85655, 0.87361, 0.86766, 0.82806, 0.84389, 
0.84869, 0.84818, 0.83985, 0.85985, 0.76, 0.77083, 0.81131, 0.81865, 
0.85516, 0.80056, 0.78972, 0.84162, 0.81273, 0.79591, 0.84242, 
0.0476, 0.048, 0.0482, 0.0497, 0.0541, 0.0538, 0.0518, 0.0551, 
0.0576, 0.0582, 0.0531, 42.2, 39.9, 49.7, 52.3, 46.7, 57.9, 63.5, 
63, 73.5, 77.2, 56, 1610, 21, 675, 1059, 41, 1868, 2363, 971, 
960, 1315, 104, 1, 37, 4, 1, 4, 1, 1, 3, 1, 1, 48, 100, 100, 
100, 100, 100, 100, 100, 100, 100, 100, 100, 2500, 2500, 2500, 
2500, 2500, 2500, 2500, 2500, 2500, 2500, 2500, 8607.799, 8510.002, 
9298.04, 9261.92000000001, 9408.791, 9292.36, 8691.473, 9001.44200000001, 
8762.88500000001, 8896.446, 9078.03, 1, 1, 1, 1, 1, 1, 1, 1, 
1, 1, 1, 0.01111, 0.01111, 0.01111, 0.01111, 0.01111, 0.01111, 
0.01111, 0.01111, 0.01111, 0.01111, 0.01111, 0, 0, 0, 0, 0, 0, 
0, 0, 0, 0, 0, 0, 0, 0, 0, 0, 0, 0, 0, 0, 0, 0, 0.79333, 0.79583, 
0.78631, 0.79425, 0.74603, 0.75861, 0.75722, 0.7303, 0.72818, 
0.73303, 0.75076, 0.76, 0.79583, 0.78631, 0.78175, 0.77282, 0.75722, 
0.75611, 0.7303, 0.71909, 0.74212, 0.75909, 0.048, 0.0467, 0.0531, 
0.0545, 0.0533, 0.0541, 0.0558, 0.0549, 0.0547, 0.0564, 0.0571, 
39.3, 42.6, 45.8, 51.3, 54.7, 58.6, 61.9, 68.1, 73, 74.8, 76.1, 
1, 1, 1, 1, 1, 1, 1, 1, 1, 1, 1, 1, 1, 1, 1, 1, 1, 1, 1, 1, 1, 
1, 1, 1, 1, 1, 1, 1, 1, 1, 1, 1, 1, 1, 1, 1, 1, 1, 1, 1, 1, 1, 
1, 1, 3.423, 3.356, 3.723, 3.736, 3.886, 3.493, 3.666, 3.425, 
3.504, 3.585, 3.41), .Dim = c(11L, 40L), .Dimnames = list(NULL, 
    c("Sampling", "PSO.cost", "PSO.gamma", "PSO.data.balancing", 
    "PSO.feature.selection", "PSO.valid.acc", "PSO.test.acc", 
    "PSO.train.time", "PSO.n.support.vectors", "PSO.index", "PSO.n.solutions", 
    "PSO.generations", "PSO.n.evaluations", "PSO.cpu.time", "RS.cost", 
    "RS.gamma", "RS.data.balancing", "RS.feature.selection", 
    "RS.valid.acc", "RS.test.acc", "RS.train.time", "RS.n.support.vectors", 
    "RS.index", "RS.n.solutions", "RS.generations", "RS.n.evaluations", 
    "RS.cpu.time", "DF.cost", "DF.gamma", "DF.data.balancing", 
    "DF.feature.selection", "DF.valid.acc", "DF.test.acc", "DF.train.time", 
    "DF.n.support.vectors", "DF.index", "DF.n.solutions", "DF.generations", 
    "DF.n.evaluations", "DF.cpu.time")))
