full <-
structure(c(50, 55, 60, 65, 70, 75, 80, 85, 90, 95, 100, 4.09902, 
13.68245, 3.88439, 4.28533, 5.20397, 14.8586, 6.80287, 8.99657, 
4.76545, 14.30638, 8.66156, -5.6962, -5.02454, -5.08141, -6.19247, 
-7.14214, -5.8261, -4.65132, -4.30827, -6.64455, -6.09557, -6.4325, 
0, 0, 0, 0, 0, 0, 0, 0, 0, 0, 0, 0, 0, 0, 0, 0, 0, 0, 0, 0, 0, 
0, 0.87, 0.86952, 0.8994, 0.89603, 0.84127, 0.8675, 0.8425, 0.8598, 
0.84909, 0.84413, 0.8803, 0.80143, 0.83619, 0.84762, 0.85258, 
0.80238, 0.82306, 0.8325, 0.8398, 0.82273, 0.8367, 0.86439, 0.0521, 
0.0491, 0.0528, 0.0547, 0.055, 0.0565, 0.056, 0.058, 0.0586, 
0.0571, 0.0631, 42.1, 41.4, 49.1, 54, 54.9, 48.3, 55.8, 59.8, 
69.6, 56.1, 57, 468, 151, 1199, 946, 2190, 86, 1895, 157, 1135, 
91, 166, 401, 1162, 43, 57, 2, 1318, 3, 119, 30, 462, 114, 100, 
100, 100, 100, 100, 100, 100, 100, 100, 100, 100, 2500, 2500, 
2500, 2500, 2500, 2500, 2500, 2500, 2500, 2500, 2500, 9647.211, 
9102.124, 9369.796, 9412.897, 9607.45000000001, 9803.58499999999, 
9769.607, 9680.14799999999, 9609.14799999999, 9670.16999999998, 
9849.35699999999, 4.47796, 6.0749, 6.27005, 4.3809, 5.4798, 8.52944, 
13.88062, 14.845, 4.82905, 14.2911, 8.29046, -6.14926, -4.93895, 
-5.16955, -6.48384, -7.47187, -6.06377, -4.83035, -4.32409, -6.69756, 
-5.81357, -6.32484, 0, 0, 0, 0, 0, 0, 0, 0, 0, 0, 0, 0, 0, 0, 
0, 0, 0, 0, 0, 0, 0, 0, 0.85571, 0.86952, 0.8869, 0.88492, 0.85238, 
0.8675, 0.83889, 0.8598, 0.84909, 0.84413, 0.8803, 0.80143, 0.83619, 
0.8494, 0.84325, 0.81488, 0.83417, 0.82, 0.8398, 0.82273, 0.8367, 
0.86439, 0.0508, 0.0543, 0.053, 0.0525, 0.0545, 0.0553, 0.0572, 
0.0573, 0.059, 0.0591, 0.0617, 42.3, 41.7, 44.6, 53.6, 54.7, 
47.9, 54.3, 59.6, 69.5, 57.3, 57.7, 876, 899, 813, 86, 1449, 
167, 679, 607, 2476, 649, 28, 4, 8, 2, 3, 1, 22, 3, 4, 1, 5, 
3, 100, 100, 100, 100, 100, 100, 100, 100, 100, 100, 100, 2500, 
2500, 2500, 2500, 2500, 2500, 2500, 2500, 2500, 2500, 2500, 9083.16, 
9308.625, 9341.783, 9436.21999999999, 9740.204, 9808.827, 9841.643, 
9574.55499999999, 9597.467, 9865.10800000001, 9894.68099999998, 
1, 1, 1, 1, 1, 1, 1, 1, 1, 1, 1, 0.01111, 0.01111, 0.01111, 0.01111, 
0.01111, 0.01111, 0.01111, 0.01111, 0.01111, 0.01111, 0.01111, 
0, 0, 0, 0, 0, 0, 0, 0, 0, 0, 0, 0, 0, 0, 0, 0, 0, 0, 0, 0, 0, 
0, 0.7219, 0.76833, 0.76131, 0.78135, 0.75655, 0.78516, 0.73444, 
0.74939, 0.76545, 0.73241, 0.75152, 0.72429, 0.76833, 0.76131, 
0.78135, 0.75655, 0.77405, 0.73556, 0.75848, 0.75636, 0.72332, 
0.74318, 0.0489, 0.0538, 0.0523, 0.0538, 0.0544, 0.0563, 0.0561, 
0.0582, 0.0578, 0.0618, 0.0627, 42.6, 46, 49.7, 53.1, 55, 58, 
62.6, 66.5, 68.6, 74.9, 75.6, 1, 1, 1, 1, 1, 1, 1, 1, 1, 1, 1, 
1, 1, 1, 1, 1, 1, 1, 1, 1, 1, 1, 1, 1, 1, 1, 1, 1, 1, 1, 1, 1, 
1, 1, 1, 1, 1, 1, 1, 1, 1, 1, 1, 1, 3.642, 3.674, 3.761, 3.898, 
3.907, 3.793, 3.773, 3.804, 3.879, 3.939, 3.961), .Dim = c(11L, 
40L), .Dimnames = list(NULL, c("Sampling", "PSO.cost", "PSO.gamma", 
"PSO.data.balancing", "PSO.feature.selection", "PSO.valid.acc", 
"PSO.test.acc", "PSO.train.time", "PSO.n.support.vectors", "PSO.index", 
"PSO.n.solutions", "PSO.generations", "PSO.n.evaluations", "PSO.cpu.time", 
"RS.cost", "RS.gamma", "RS.data.balancing", "RS.feature.selection", 
"RS.valid.acc", "RS.test.acc", "RS.train.time", "RS.n.support.vectors", 
"RS.index", "RS.n.solutions", "RS.generations", "RS.n.evaluations", 
"RS.cpu.time", "DF.cost", "DF.gamma", "DF.data.balancing", "DF.feature.selection", 
"DF.valid.acc", "DF.test.acc", "DF.train.time", "DF.n.support.vectors", 
"DF.index", "DF.n.solutions", "DF.generations", "DF.n.evaluations", 
"DF.cpu.time")))
