full <-
structure(c(50, 55, 60, 65, 70, 75, 80, 85, 90, 95, 100, 3.68679, 
3.9993, 3.68258, 6.8642, 9.09122, 2.56423, 4.01807, 7.70261, 
8.7063, 8.04414, 4.69624, -10.32924, -5.80214, 2.09661, -8.47427, 
-6.25571, -4.74013, -6.3593, -7.8477, -5.21673, -6.08788, -5.11602, 
0, 0, 0, 0, 0, 0, 0, 0, 0, 0, 0, 0, 0, 0, 0, 0, 0, 0, 0, 0, 0, 
0, 0.83714, 0.86131, 0.81607, 0.83929, 0.83849, 0.87917, 0.86306, 
0.8898, 0.85, 0.88083, 0.87197, 0.80619, 0.8381, 0.80357, 0.825, 
0.80238, 0.86667, 0.82083, 0.85071, 0.84909, 0.87083, 0.86136, 
0.0526, 0.0501, 0.0563, 0.0551, 0.055, 0.0588, 0.0552, 0.0563, 
0.0583, 0.0577, 0.0606, 37.2, 44.3, 55.7, 46.8, 44.8, 64.7, 63.6, 
58, 56.8, 58.9, 70.1, 31, 1482, 6, 29, 227, 1003, 647, 1948, 
80, 1848, 419, 1177, 9, 1775, 303, 831, 178, 47, 1, 976, 53, 
232, 100, 100, 100, 100, 100, 100, 100, 100, 100, 100, 100, 2500, 
2500, 2500, 2500, 2500, 2500, 2500, 2500, 2500, 2500, 2500, 9740.112, 
9684.822, 9816.241, 9934.791, 9565.723, 9706.257, 9544.79999999999, 
9617.728, 9713.04300000001, 9699.78199999998, 9738.36800000002, 
7.67309, 5.02432, 12.05033, 6.59668, 7.96605, 2.57029, 7.20465, 
7.67947, 11.24892, 8.05165, 4.20012, -7.3179, -6.46895, 0.72232, 
-8.23078, -6.27077, -4.71478, -8.84193, -7.82226, -5.26747, -5.7041, 
-4.76123, 0, 0, 0, 0, 0, 0, 0, 0, 0, 0, 0, 0, 0, 0, 0, 0, 0, 
0, 0, 0, 0, 0, 0.84548, 0.84464, 0.81607, 0.83929, 0.83849, 0.87917, 
0.85306, 0.8898, 0.85, 0.87249, 0.87197, 0.84548, 0.85476, 0.81607, 
0.825, 0.80238, 0.86667, 0.78972, 0.85071, 0.84909, 0.86249, 
0.86136, 0.0494, 0.0513, 0.053, 0.0525, 0.0546, 0.0546, 0.0562, 
0.0565, 0.0611, 0.0575, 0.0591, 37.9, 42.2, 53.4, 47.2, 45.4, 
64.8, 56.8, 58.2, 56.9, 58.2, 71.6, 598, 1400, 3, 240, 757, 2274, 
1243, 1050, 417, 261, 604, 1, 3, 295, 1, 7, 1, 1, 1, 7, 2, 4, 
100, 100, 100, 100, 100, 100, 100, 100, 100, 100, 100, 2500, 
2500, 2500, 2500, 2500, 2500, 2500, 2500, 2500, 2500, 2500, 9700.613, 
9712.177, 9756.50399999999, 9830.53700000001, 9609.13499999999, 
9516.85800000001, 9558.46299999999, 9625.31300000002, 9884.32800000001, 
9608.45000000001, 9695.96799999999, 1, 1, 1, 1, 1, 1, 1, 1, 1, 
1, 1, 0.01111, 0.01111, 0.01111, 0.01111, 0.01111, 0.01111, 0.01111, 
0.01111, 0.01111, 0.01111, 0.01111, 0, 0, 0, 0, 0, 0, 0, 0, 0, 
0, 0, 0, 0, 0, 0, 0, 0, 0, 0, 0, 0, 0, 0.80048, 0.76131, 0.7256, 
0.76071, 0.74226, 0.735, 0.745, 0.74051, 0.73636, 0.75783, 0.74167, 
0.78381, 0.76131, 0.75417, 0.74821, 0.71865, 0.7475, 0.745, 0.74051, 
0.73636, 0.74041, 0.74167, 0.0517, 0.0534, 0.0548, 0.0525, 0.0541, 
0.0552, 0.0556, 0.0586, 0.0581, 0.0603, 0.0611, 40.1, 43.2, 48.6, 
51.3, 56.2, 59.5, 62.7, 65.4, 70.7, 72.7, 76.2, 1, 1, 1, 1, 1, 
1, 1, 1, 1, 1, 1, 1, 1, 1, 1, 1, 1, 1, 1, 1, 1, 1, 1, 1, 1, 1, 
1, 1, 1, 1, 1, 1, 1, 1, 1, 1, 1, 1, 1, 1, 1, 1, 1, 1, 3.899, 
3.993, 3.991, 4.07, 4.143, 3.863, 3.91, 3.955, 3.917, 3.867, 
3.951), .Dim = c(11L, 40L), .Dimnames = list(NULL, c("Sampling", 
"PSO.cost", "PSO.gamma", "PSO.data.balancing", "PSO.feature.selection", 
"PSO.valid.acc", "PSO.test.acc", "PSO.train.time", "PSO.n.support.vectors", 
"PSO.index", "PSO.n.solutions", "PSO.generations", "PSO.n.evaluations", 
"PSO.cpu.time", "RS.cost", "RS.gamma", "RS.data.balancing", "RS.feature.selection", 
"RS.valid.acc", "RS.test.acc", "RS.train.time", "RS.n.support.vectors", 
"RS.index", "RS.n.solutions", "RS.generations", "RS.n.evaluations", 
"RS.cpu.time", "DF.cost", "DF.gamma", "DF.data.balancing", "DF.feature.selection", 
"DF.valid.acc", "DF.test.acc", "DF.train.time", "DF.n.support.vectors", 
"DF.index", "DF.n.solutions", "DF.generations", "DF.n.evaluations", 
"DF.cpu.time")))
