full <-
structure(c(50, 55, 60, 65, 70, 75, 80, 85, 90, 95, 100, 6.27194, 
5.5571, 5.61729, 6.45515, 15, 7.33344, 8.86562, 8.22575, 4.71846, 
8.41168, 6.6575, -5.25692, -5.11491, 2.44664, -5.44748, -5.06363, 
-5.72568, -6.04034, -6.28736, -6.67116, -6.44025, -5.93646, 0, 
0, 0, 0, 0, 0, 0, 0, 0, 0, 0, 0, 0, 0, 0, 0, 0, 0, 0, 0, 0, 0, 
0.8275, 0.84667, 0.78929, 0.85119, 0.88948, 0.87667, 0.89028, 
0.88, 0.86091, 0.85606, 0.87197, 0.77417, 0.8181, 0.77679, 0.83452, 
0.8627, 0.87528, 0.87028, 0.83, 0.82, 0.81364, 0.87121, 0.0501, 
0.0507, 0.0538, 0.06, 0.0561, 0.0617, 0.0627, 0.0578, 0.0612, 
0.0646, 0.0616, 37.8, 42.3, 55, 45.2, 47.5, 48.8, 46.9, 52.5, 
69.4, 56.1, 62.8, 773, 11, 15, 484, 72, 438, 41, 41, 1823, 15, 
318, 241, 434, 1916, 384, 1433, 118, 1492, 398, 12, 987, 731, 
100, 100, 100, 100, 100, 100, 100, 100, 100, 100, 100, 2500, 
2500, 2500, 2500, 2500, 2500, 2500, 2500, 2500, 2500, 2500, 8586.523, 
8649.308, 10632.821, 11702.489, 11611.77, 11843.332, 11776.664, 
11750.735, 11758.872, 11976.625, 12014.13, 6.66747, 12.66554, 
5.33546, 7.09895, 6.83216, 7.67881, 13.93212, 8.28849, 6.07136, 
8.44437, 8.11076, -5.76104, -6.58463, -7.79507, -5.41486, -4.95159, 
-5.86348, -5.9652, -6.30135, -7.83184, -6.5203, -6.27058, 0, 
0, 0, 0, 0, 0, 0, 0, 0, 0, 0, 0, 0, 0, 0, 0, 0, 0, 0, 0, 0, 0, 
0.815, 0.84667, 0.8119, 0.8369, 0.88948, 0.87667, 0.89028, 0.88, 
0.86, 0.85606, 0.87197, 0.8275, 0.79905, 0.76905, 0.84563, 0.8502, 
0.87528, 0.87028, 0.83, 0.80091, 0.81364, 0.8803, 0.0479, 0.0509, 
0.0591, 0.0556, 0.0567, 0.0586, 0.0572, 0.0595, 0.0604, 0.0604, 
0.0607, 37.2, 38, 48.8, 44.7, 48.6, 48.3, 47, 52.4, 67.3, 56.3, 
57.9, 1585, 55, 1676, 836, 301, 850, 15, 991, 1950, 91, 24, 1, 
14, 1, 2, 38, 1, 32, 1, 1, 25, 11, 100, 100, 100, 100, 100, 100, 
100, 100, 100, 100, 100, 2500, 2500, 2500, 2500, 2500, 2500, 
2500, 2500, 2500, 2500, 2500, 8632.943, 8787.389, 12022.915, 
11485.951, 11778.98, 11757.018, 11799.075, 11669.405, 11939.529, 
12069.48, 11987.206, 1, 1, 1, 1, 1, 1, 1, 1, 1, 1, 1, 0.01111, 
0.01111, 0.01111, 0.01111, 0.01111, 0.01111, 0.01111, 0.01111, 
0.01111, 0.01111, 0.01111, 0, 0, 0, 0, 0, 0, 0, 0, 0, 0, 0, 0, 
0, 0, 0, 0, 0, 0, 0, 0, 0, 0, 0.705, 0.70048, 0.67619, 0.70337, 
0.71825, 0.73889, 0.75583, 0.75, 0.75636, 0.74288, 0.75076, 0.705, 
0.71714, 0.70476, 0.70337, 0.71825, 0.73889, 0.75583, 0.75, 0.74636, 
0.75121, 0.75076, 0.0462, 0.0524, 0.0646, 0.0561, 0.0577, 0.0576, 
0.0598, 0.0594, 0.0633, 0.0637, 0.0636, 43.5, 47.8, 52.1, 55, 
57.1, 59.4, 62, 66.3, 69.3, 72.6, 76.1, 1, 1, 1, 1, 1, 1, 1, 
1, 1, 1, 1, 1, 1, 1, 1, 1, 1, 1, 1, 1, 1, 1, 1, 1, 1, 1, 1, 1, 
1, 1, 1, 1, 1, 1, 1, 1, 1, 1, 1, 1, 1, 1, 1, 1, 3.406, 3.584, 
4.873, 4.726, 4.689, 4.668, 4.708, 4.556, 4.917, 4.7, 4.759), .Dim = c(11L, 
40L), .Dimnames = list(NULL, c("Sampling", "PSO.cost", "PSO.gamma", 
"PSO.data.balancing", "PSO.feature.selection", "PSO.valid.acc", 
"PSO.test.acc", "PSO.train.time", "PSO.n.support.vectors", "PSO.index", 
"PSO.n.solutions", "PSO.generations", "PSO.n.evaluations", "PSO.cpu.time", 
"RS.cost", "RS.gamma", "RS.data.balancing", "RS.feature.selection", 
"RS.valid.acc", "RS.test.acc", "RS.train.time", "RS.n.support.vectors", 
"RS.index", "RS.n.solutions", "RS.generations", "RS.n.evaluations", 
"RS.cpu.time", "DF.cost", "DF.gamma", "DF.data.balancing", "DF.feature.selection", 
"DF.valid.acc", "DF.test.acc", "DF.train.time", "DF.n.support.vectors", 
"DF.index", "DF.n.solutions", "DF.generations", "DF.n.evaluations", 
"DF.cpu.time")))
