full <-
structure(c(50, 55, 60, 65, 70, 75, 80, 85, 90, 95, 100, 7.83339, 
5.86901, 10.39207, 6.17049, 7.38571, 2.36433, 9.98577, 3.82613, 
11.22869, 11.11143, 6.19142, -5.20983, -7.20725, -5.4464, -7.41965, 
-6.43986, -6.59194, -5.90989, -6.49628, -6.67611, -4.66212, -4.00301, 
0, 0, 0, 0, 0, 0, 0, 0, 0, 0, 0, 0, 0, 0, 0, 0, 0, 0, 0, 0, 0, 
0, 0.8381, 0.84048, 0.88929, 0.86786, 0.86627, 0.86333, 0.88278, 
0.8801, 0.89621, 0.87333, 0.86136, 0.80143, 0.80476, 0.89107, 
0.82619, 0.86627, 0.83111, 0.84917, 0.88121, 0.87045, 0.86333, 
0.86136, 0.0446, 0.0448, 0.0453, 0.0471, 0.0529, 0.0511, 0.0495, 
0.0545, 0.0512, 0.0551, 0.059, 36.3, 39.2, 40.4, 45.3, 44.4, 
66.1, 48.4, 70.1, 50.2, 59.9, 65.7, 424, 1202, 21, 101, 1996, 
2493, 58, 180, 53, 7, 145, 724, 198, 1076, 1012, 1, 1, 894, 173, 
1466, 929, 828, 100, 100, 100, 100, 100, 100, 100, 100, 100, 
100, 100, 2500, 2500, 2500, 2500, 2500, 2500, 2500, 2500, 2500, 
2500, 2500, 8440.354, 8062.138, 8109.883, 8301.468, 8273.11099999999, 
8285.834, 8293.99000000001, 8324.675, 8316.27299999999, 8462.967, 
8493.628, 12.82338, 5.61786, 13.86316, 5.42515, 10.42693, 7.31447, 
13.76016, 4.53863, 14.44634, 9.69632, 4.17446, -5.1974, -7.32316, 
-5.52421, -6.97847, -6.4665, -5.19942, -5.85899, -7.12103, -6.33094, 
-4.90997, -6.53778, 0, 0, 0, 0, 0, 0, 0, 0, 0, 0, 0, 0, 0, 0, 
0, 0, 0, 0, 0, 0, 0, 0, 0.8381, 0.84048, 0.88929, 0.86786, 0.85377, 
0.85083, 0.88278, 0.8801, 0.89621, 0.87333, 0.86136, 0.80143, 
0.80476, 0.87679, 0.84048, 0.86627, 0.8175, 0.84917, 0.8701, 
0.87045, 0.86333, 0.8447, 0.0456, 0.045, 0.0458, 0.0515, 0.0478, 
0.0491, 0.0502, 0.0523, 0.0515, 0.0541, 0.0562, 36.2, 39.9, 40.1, 
46.8, 44.1, 49, 48.4, 68.2, 50.9, 59, 77, 150, 1890, 341, 190, 
54, 199, 125, 250, 95, 136, 151, 2, 1, 13, 11, 26, 9, 28, 2, 
34, 21, 9, 100, 100, 100, 100, 100, 100, 100, 100, 100, 100, 
100, 2500, 2500, 2500, 2500, 2500, 2500, 2500, 2500, 2500, 2500, 
2500, 8101.987, 8080.475, 8257.71000000001, 8282.423, 8267.05499999999, 
8271.77500000001, 8309.208, 8332.44899999999, 8399.66800000001, 
8507.389, 8487.30799999999, 1, 1, 1, 1, 1, 1, 1, 1, 1, 1, 1, 
0.01111, 0.01111, 0.01111, 0.01111, 0.01111, 0.01111, 0.01111, 
0.01111, 0.01111, 0.01111, 0.01111, 0, 0, 0, 0, 0, 0, 0, 0, 0, 
0, 0, 0, 0, 0, 0, 0, 0, 0, 0, 0, 0, 0, 0.65095, 0.63333, 0.6506, 
0.66349, 0.64702, 0.68472, 0.71056, 0.72111, 0.72848, 0.74121, 
0.74924, 0.65095, 0.63333, 0.66488, 0.66528, 0.65635, 0.65, 0.72306, 
0.72111, 0.73758, 0.73121, 0.74924, 0.0445, 0.0457, 0.0478, 0.0493, 
0.0496, 0.051, 0.0551, 0.0551, 0.054, 0.0543, 0.0559, 45.1, 49.8, 
53.7, 56.5, 61.2, 65, 66.2, 69.5, 70.6, 73.5, 76, 1, 1, 1, 1, 
1, 1, 1, 1, 1, 1, 1, 1, 1, 1, 1, 1, 1, 1, 1, 1, 1, 1, 1, 1, 1, 
1, 1, 1, 1, 1, 1, 1, 1, 1, 1, 1, 1, 1, 1, 1, 1, 1, 1, 1, 3.102, 
3.118, 3.335, 3.29, 3.319, 3.286, 3.609, 3.484, 3.338, 3.24, 
3.32), .Dim = c(11L, 40L), .Dimnames = list(NULL, c("Sampling", 
"PSO.cost", "PSO.gamma", "PSO.data.balancing", "PSO.feature.selection", 
"PSO.valid.acc", "PSO.test.acc", "PSO.train.time", "PSO.n.support.vectors", 
"PSO.index", "PSO.n.solutions", "PSO.generations", "PSO.n.evaluations", 
"PSO.cpu.time", "RS.cost", "RS.gamma", "RS.data.balancing", "RS.feature.selection", 
"RS.valid.acc", "RS.test.acc", "RS.train.time", "RS.n.support.vectors", 
"RS.index", "RS.n.solutions", "RS.generations", "RS.n.evaluations", 
"RS.cpu.time", "DF.cost", "DF.gamma", "DF.data.balancing", "DF.feature.selection", 
"DF.valid.acc", "DF.test.acc", "DF.train.time", "DF.n.support.vectors", 
"DF.index", "DF.n.solutions", "DF.generations", "DF.n.evaluations", 
"DF.cpu.time")))
