full <-
structure(c(50, 55, 60, 65, 70, 75, 80, 85, 90, 95, 100, 7.14028, 
5.49167, 14.79296, 13.55662, 6.69955, 4.90179, 7.57104, 11.08089, 
8.64862, 10.77406, 5.19748, -4.7366, -7.38895, -6.38395, -8.08385, 
-5.94336, -6.34337, -5.32761, -6.20912, -7.31861, -5.36712, -7.27546, 
0, 0, 0, 0, 0, 0, 0, 0, 0, 0, 0, 0, 0, 0, 0, 0, 0, 0, 0, 0, 0, 
0, 0.8281, 0.8631, 0.8756, 0.85496, 0.8756, 0.87333, 0.86376, 
0.88071, 0.8803, 0.88394, 0.88537, 0.81143, 0.8556, 0.88988, 
0.84246, 0.87381, 0.8025, 0.85154, 0.86071, 0.84955, 0.84667, 
0.85117, 0.0528, 0.051, 0.0539, 0.0521, 0.0541, 0.0549, 0.063, 
0.0637, 0.0672, 0.0673, 0.0704, 36.4, 42.3, 41.9, 40.6, 50.4, 
58.5, 53.9, 52.5, 57.3, 58.3, 75.1, 26, 37, 166, 24, 694, 546, 
901, 158, 162, 50, 1085, 1621, 711, 1165, 1418, 133, 146, 47, 
360, 788, 1185, 66, 100, 100, 100, 100, 100, 100, 100, 100, 100, 
100, 100, 2500, 2500, 2500, 2500, 2500, 2500, 2500, 2500, 2500, 
2500, 2500, 9515.994, 9224.672, 9300.441, 9273.438, 9241.77499999999, 
9270.08300000001, 12028.329, 12774.325, 12825.784, 12815.151, 
13254.283, 10.47717, 5.51663, 11.50933, 12.12258, 9.76507, 4.81981, 
8.77915, 13.50468, 8.33778, 9.4052, 5.12733, -4.6683, -7.31341, 
-6.42078, -8.0501, -8.39653, -6.26756, -6.80023, -6.19092, -7.30011, 
-3.75252, -7.23921, 0, 0, 0, 0, 0, 0, 0, 0, 0, 0, 0, 0, 0, 0, 
0, 0, 0, 0, 0, 0, 0, 0, 0.8281, 0.8631, 0.8756, 0.85496, 0.86766, 
0.87333, 0.85376, 0.88071, 0.8803, 0.88545, 0.88537, 0.81143, 
0.8556, 0.88988, 0.84246, 0.86448, 0.81361, 0.86376, 0.86071, 
0.84955, 0.84152, 0.84283, 0.0508, 0.0511, 0.0525, 0.0541, 0.0555, 
0.0547, 0.0614, 0.0631, 0.0659, 0.0683, 0.069, 36.8, 42.2, 41.9, 
40.8, 44.3, 58.6, 52.4, 52.5, 58.5, 65.8, 75.4, 61, 106, 24, 
121, 380, 2348, 62, 484, 2223, 1313, 73, 139, 9, 9, 50, 1, 1, 
15, 1, 1, 1, 2, 100, 100, 100, 100, 100, 100, 100, 100, 100, 
100, 100, 2500, 2500, 2500, 2500, 2500, 2500, 2500, 2500, 2500, 
2500, 2500, 9388.503, 9234.256, 9259.05, 9279.79900000001, 9249.868, 
9291.436, 12817.894, 12789.202, 12835.142, 12948.566, 13352.239, 
1, 1, 1, 1, 1, 1, 1, 1, 1, 1, 1, 0.01111, 0.01111, 0.01111, 0.01111, 
0.01111, 0.01111, 0.01111, 0.01111, 0.01111, 0.01111, 0.01111, 
0, 0, 0, 0, 0, 0, 0, 0, 0, 0, 0, 0, 0, 0, 0, 0, 0, 0, 0, 0, 0, 
0, 0.72714, 0.74012, 0.73036, 0.73849, 0.74603, 0.75083, 0.74487, 
0.76162, 0.74909, 0.74121, 0.74097, 0.72714, 0.75262, 0.71369, 
0.75099, 0.74603, 0.76333, 0.75598, 0.75162, 0.75742, 0.7503, 
0.74097, 0.0493, 0.0513, 0.0529, 0.0536, 0.0543, 0.0568, 0.0659, 
0.0672, 0.0664, 0.0671, 0.0681, 42.3, 45.4, 51, 53.7, 55.8, 58.5, 
63.7, 66.1, 69.7, 73.3, 75.6, 1, 1, 1, 1, 1, 1, 1, 1, 1, 1, 1, 
1, 1, 1, 1, 1, 1, 1, 1, 1, 1, 1, 1, 1, 1, 1, 1, 1, 1, 1, 1, 1, 
1, 1, 1, 1, 1, 1, 1, 1, 1, 1, 1, 1, 3.56, 3.603, 3.643, 3.826, 
3.608, 3.76, 5.271, 5.411, 5.025, 5.076, 5.115), .Dim = c(11L, 
40L), .Dimnames = list(NULL, c("Sampling", "PSO.cost", "PSO.gamma", 
"PSO.data.balancing", "PSO.feature.selection", "PSO.valid.acc", 
"PSO.test.acc", "PSO.train.time", "PSO.n.support.vectors", "PSO.index", 
"PSO.n.solutions", "PSO.generations", "PSO.n.evaluations", "PSO.cpu.time", 
"RS.cost", "RS.gamma", "RS.data.balancing", "RS.feature.selection", 
"RS.valid.acc", "RS.test.acc", "RS.train.time", "RS.n.support.vectors", 
"RS.index", "RS.n.solutions", "RS.generations", "RS.n.evaluations", 
"RS.cpu.time", "DF.cost", "DF.gamma", "DF.data.balancing", "DF.feature.selection", 
"DF.valid.acc", "DF.test.acc", "DF.train.time", "DF.n.support.vectors", 
"DF.index", "DF.n.solutions", "DF.generations", "DF.n.evaluations", 
"DF.cpu.time")))
