full <-
structure(c(50, 55, 60, 65, 70, 75, 80, 85, 90, 95, 100, 0.80018, 
2.37352, 4.50597, 7.17033, 9.76638, 6.75042, 10.74264, 5.95561, 
12.73216, 10.2195, 4.37161, -3.51037, -5.00211, -4.17693, -6.98441, 
-4.45164, -8.20043, -3.7533, -6.00807, -6.56142, -6.12225, -6.57358, 
0, 0, 0, 0, 0, 0, 0, 0, 0, 0, 0, 0, 0, 0, 0, 0, 0, 0, 0, 0, 0, 
0, 0.82762, 0.87619, 0.85833, 0.87103, 0.86627, 0.86556, 0.84111, 
0.8798, 0.85803, 0.87394, 0.86101, 0.81333, 0.8, 0.81548, 0.80496, 
0.84087, 0.81972, 0.82111, 0.84091, 0.83167, 0.81106, 0.80297, 
0.0485, 0.0507, 0.0494, 0.0515, 0.0521, 0.0521, 0.0548, 0.0559, 
0.0572, 0.0581, 0.0604, 44.9, 47.9, 46.2, 46.8, 48.7, 54.5, 55.9, 
60.5, 55, 55.7, 75.8, 784, 480, 837, 1799, 108, 2057, 52, 2457, 
4, 252, 1867, 238, 85, 63, 3, 1393, 1, 982, 1, 1361, 1040, 5, 
100, 100, 100, 100, 100, 100, 100, 100, 100, 100, 100, 2500, 
2500, 2500, 2500, 2500, 2500, 2500, 2500, 2500, 2500, 2500, 8471.987, 
8566.975, 8806.705, 8936.787, 8952.179, 8940.17, 8964.29000000001, 
8958.641, 9022.49799999999, 9224.38499999998, 9200.223, 0.48187, 
4.34538, 5.12476, 6.75699, 14.66874, 7.98028, 7.61636, 6.43993, 
12.60542, 14.06397, 4.40344, -3.46486, -6.60798, -4.32635, -6.79544, 
-4.75817, -6.73837, -3.76259, -5.88457, -6.93437, -6.13739, -6.56074, 
0, 0, 0, 0, 0, 0, 0, 0, 0, 0, 0, 0, 0, 0, 0, 0, 0, 0, 0, 0, 0, 
0, 0.8219, 0.8619, 0.84405, 0.87103, 0.86627, 0.85972, 0.84111, 
0.87071, 0.85803, 0.87394, 0.86026, 0.76476, 0.76905, 0.82976, 
0.81746, 0.84087, 0.82472, 0.82111, 0.83091, 0.83167, 0.81106, 
0.81976, 0.0488, 0.0496, 0.0509, 0.0523, 0.0527, 0.0519, 0.0537, 
0.0545, 0.058, 0.0566, 0.0599, 45.1, 46.3, 45.2, 47.9, 48.1, 
48.9, 55.8, 58.1, 54.9, 55.7, 75.7, 1380, 1430, 20, 2099, 49, 
59, 322, 1673, 27, 194, 771, 1, 1, 46, 1, 48, 6, 7, 1, 56, 3, 
1, 100, 100, 100, 100, 100, 100, 100, 100, 100, 100, 100, 2500, 
2500, 2500, 2500, 2500, 2500, 2500, 2500, 2500, 2500, 2500, 8574.142, 
8793.161, 8885.331, 8962.56400000001, 9003.27899999999, 8903.15800000001, 
8992.011, 9042.75900000002, 9105.641, 9296.26400000002, 9198.878, 
1, 1, 1, 1, 1, 1, 1, 1, 1, 1, 1, 0.01111, 0.01111, 0.01111, 0.01111, 
0.01111, 0.01111, 0.01111, 0.01111, 0.01111, 0.01111, 0.01111, 
0, 0, 0, 0, 0, 0, 0, 0, 0, 0, 0, 0, 0, 0, 0, 0, 0, 0, 0, 0, 0, 
0, 0.69333, 0.7381, 0.74286, 0.72718, 0.72857, 0.74889, 0.75444, 
0.75051, 0.74606, 0.75045, 0.74161, 0.7219, 0.7381, 0.75952, 
0.73968, 0.74425, 0.7475, 0.75444, 0.75051, 0.73697, 0.74136, 
0.73392, 0.0482, 0.0496, 0.0497, 0.0517, 0.0525, 0.0527, 0.0554, 
0.057, 0.0576, 0.0591, 0.0595, 43.2, 47.6, 50.9, 54.1, 58.3, 
59.6, 64.3, 67, 69.9, 72.7, 75.2, 1, 1, 1, 1, 1, 1, 1, 1, 1, 
1, 1, 1, 1, 1, 1, 1, 1, 1, 1, 1, 1, 1, 1, 1, 1, 1, 1, 1, 1, 1, 
1, 1, 1, 1, 1, 1, 1, 1, 1, 1, 1, 1, 1, 1, 3.408, 3.563, 3.479, 
3.587, 3.562, 3.478, 3.581, 3.649, 3.67, 3.637, 3.606), .Dim = c(11L, 
40L), .Dimnames = list(NULL, c("Sampling", "PSO.cost", "PSO.gamma", 
"PSO.data.balancing", "PSO.feature.selection", "PSO.valid.acc", 
"PSO.test.acc", "PSO.train.time", "PSO.n.support.vectors", "PSO.index", 
"PSO.n.solutions", "PSO.generations", "PSO.n.evaluations", "PSO.cpu.time", 
"RS.cost", "RS.gamma", "RS.data.balancing", "RS.feature.selection", 
"RS.valid.acc", "RS.test.acc", "RS.train.time", "RS.n.support.vectors", 
"RS.index", "RS.n.solutions", "RS.generations", "RS.n.evaluations", 
"RS.cpu.time", "DF.cost", "DF.gamma", "DF.data.balancing", "DF.feature.selection", 
"DF.valid.acc", "DF.test.acc", "DF.train.time", "DF.n.support.vectors", 
"DF.index", "DF.n.solutions", "DF.generations", "DF.n.evaluations", 
"DF.cpu.time")))
