full <-
structure(c(50, 55, 60, 65, 70, 75, 80, 85, 90, 95, 100, 7.61239, 
8.63122, 6.92965, 8.52666, 3.0526, 6.54884, 5.10424, 5.14201, 
4.70421, 3.78783, 6.32365, -5.16763, -5.81639, -6.43284, -7.07068, 
-4.86775, -8.10053, -3.31149, -3.87505, -7.01681, -4.35883, -6.07064, 
0, 0, 0, 0, 0, 0, 0, 0, 0, 0, 0, 0, 0, 0, 0, 0, 0, 0, 0, 0, 0, 
0, 0.83667, 0.85952, 0.82917, 0.80794, 0.84464, 0.82976, 0.86444, 
0.85091, 0.86864, 0.86591, 0.85128, 0.79143, 0.85952, 0.82321, 
0.7881, 0.81171, 0.8375, 0.85222, 0.84071, 0.82197, 0.84773, 
0.82541, 0.0477, 0.0493, 0.0471, 0.0508, 0.0511, 0.0511, 0.0554, 
0.057, 0.0579, 0.0557, 0.0587, 37.7, 39.6, 44, 44.4, 56.6, 55.2, 
58.7, 61.1, 71, 70.5, 65.4, 97, 119, 28, 394, 1716, 1067, 4, 
2178, 1301, 1748, 260, 361, 876, 1093, 141, 7, 120, 368, 1, 10, 
32, 57, 100, 100, 100, 100, 100, 100, 100, 100, 100, 100, 100, 
2500, 2500, 2500, 2500, 2500, 2500, 2500, 2500, 2500, 2500, 2500, 
8827.214, 8702.072, 8671.02600000001, 8913.295, 9231.54300000001, 
9386.886, 9459.00199999999, 8652.39199999999, 8920.88200000001, 
8731.12000000002, 8852.326, 12.93908, 7.79005, 6.19957, 7.28934, 
8.0515, 7.84493, 4.00112, 7.41326, 2.24408, 3.94867, 6.46508, 
-3.9837, -5.84988, -6.32327, -5.73601, -6.03021, -7.8076, -6.09334, 
-3.9249, -4.97306, -4.57521, -6.1096, 0, 0, 0, 0, 0, 0, 0, 0, 
0, 0, 0, 0, 0, 0, 0, 0, 0, 0, 0, 0, 0, 0, 0.83667, 0.85952, 0.82917, 
0.80476, 0.84008, 0.82905, 0.87333, 0.8498, 0.85879, 0.84848, 
0.85128, 0.7881, 0.84524, 0.82321, 0.80337, 0.81329, 0.78325, 
0.81889, 0.85071, 0.82212, 0.83864, 0.82541, 0.0483, 0.0506, 
0.0477, 0.0498, 0.0492, 0.0546, 0.055, 0.0558, 0.0577, 0.0587, 
0.0595, 39.2, 40.4, 45.6, 45.5, 45.6, 51.1, 64.6, 59.2, 75.5, 
70.7, 64.4, 25, 67, 46, 856, 745, 630, 713, 68, 134, 1606, 1622, 
8, 4, 9, 3, 1, 1, 2, 23, 1, 1, 1, 100, 100, 100, 100, 100, 100, 
100, 100, 100, 100, 100, 2500, 2500, 2500, 2500, 2500, 2500, 
2500, 2500, 2500, 2500, 2500, 8617.807, 8598.807, 8716.047, 9190.368, 
9101.68400000001, 9492.321, 9279.54300000001, 8966.394, 8819.829, 
9132.71599999999, 9206.62699999998, 1, 1, 1, 1, 1, 1, 1, 1, 1, 
1, 1, 0.01111, 0.01111, 0.01111, 0.01111, 0.01111, 0.01111, 0.01111, 
0.01111, 0.01111, 0.01111, 0.01111, 0, 0, 0, 0, 0, 0, 0, 0, 0, 
0, 0, 0, 0, 0, 0, 0, 0, 0, 0, 0, 0, 0, 0.70476, 0.73333, 0.74524, 
0.73452, 0.76091, 0.7571, 0.73333, 0.74051, 0.745, 0.73258, 0.74272, 
0.72143, 0.75, 0.75952, 0.72202, 0.76091, 0.74488, 0.72333, 0.74051, 
0.745, 0.74091, 0.75938, 0.0505, 0.0466, 0.0482, 0.0494, 0.057, 
0.0599, 0.052, 0.0564, 0.0555, 0.0574, 0.061, 42.3, 45.9, 50, 
53, 54.1, 59.8, 64.6, 67.1, 69.5, 73.6, 76.2, 1, 1, 1, 1, 1, 
1, 1, 1, 1, 1, 1, 1, 1, 1, 1, 1, 1, 1, 1, 1, 1, 1, 1, 1, 1, 1, 
1, 1, 1, 1, 1, 1, 1, 1, 1, 1, 1, 1, 1, 1, 1, 1, 1, 1, 3.515, 
3.304, 3.298, 3.76, 3.573, 3.863, 3.357, 3.353, 3.423, 3.507, 
3.799), .Dim = c(11L, 40L), .Dimnames = list(NULL, c("Sampling", 
"PSO.cost", "PSO.gamma", "PSO.data.balancing", "PSO.feature.selection", 
"PSO.valid.acc", "PSO.test.acc", "PSO.train.time", "PSO.n.support.vectors", 
"PSO.index", "PSO.n.solutions", "PSO.generations", "PSO.n.evaluations", 
"PSO.cpu.time", "RS.cost", "RS.gamma", "RS.data.balancing", "RS.feature.selection", 
"RS.valid.acc", "RS.test.acc", "RS.train.time", "RS.n.support.vectors", 
"RS.index", "RS.n.solutions", "RS.generations", "RS.n.evaluations", 
"RS.cpu.time", "DF.cost", "DF.gamma", "DF.data.balancing", "DF.feature.selection", 
"DF.valid.acc", "DF.test.acc", "DF.train.time", "DF.n.support.vectors", 
"DF.index", "DF.n.solutions", "DF.generations", "DF.n.evaluations", 
"DF.cpu.time")))
