full <-
structure(c(50, 55, 60, 65, 70, 75, 80, 85, 90, 95, 100, 8.62359, 
11.31592, 2.23121, 5.24558, 9.63669, 5.1882, 3.76282, 3.82307, 
5.07531, 9.20286, 12.43219, -7.27453, -6.88628, -5.31596, -7.4989, 
-6.32182, -7.42001, -6.61078, -6.64154, -7.13246, -6.0632, -6.14837, 
0, 0, 0, 0, 0, 0, 0, 0, 0, 0, 0, 0, 0, 0, 0, 0, 0, 0, 0, 0, 0, 
0, 0.90619, 0.8681, 0.90298, 0.86607, 0.88988, 0.88583, 0.90444, 
0.88912, 0.8697, 0.86549, 0.88019, 0.83357, 0.83321, 0.84762, 
0.87163, 0.84087, 0.86361, 0.87306, 0.88093, 0.86803, 0.84731, 
0.87249, 0.0506, 0.0484, 0.052, 0.053, 0.0528, 0.0553, 0.0637, 
0.059, 0.0578, 0.06, 0.0619, 31.6, 34.4, 52, 52.5, 40.2, 58.9, 
65.3, 69, 69.6, 57.6, 58.2, 327, 2, 1561, 69, 56, 416, 2105, 
932, 227, 26, 57, 311, 1005, 22, 356, 1301, 192, 16, 152, 277, 
1338, 1295, 100, 100, 100, 100, 100, 100, 100, 100, 100, 100, 
100, 2500, 2500, 2500, 2500, 2500, 2500, 2500, 2500, 2500, 2500, 
2500, 9227.409, 9381.578, 9302.694, 9261.27299999999, 9352.675, 
9786.38, 9874.243, 9995.65600000002, 9950.59100000001, 9897.95999999999, 
10046.117, 14.00225, 11.16163, 4.20155, 5.21203, 13.17606, 3.00064, 
3.60065, 4.08904, 5.10791, 9.48212, 12.69536, -6.58093, -6.82736, 
-7.12362, -7.30126, -6.28078, -5.44382, -6.44654, -6.90614, -7.24377, 
-6.39533, -6.13383, 0, 0, 0, 0, 0, 0, 0, 0, 0, 0, 0, 0, 0, 0, 
0, 0, 0, 0, 0, 0, 0, 0, 0.90381, 0.8681, 0.89107, 0.86607, 0.88988, 
0.88333, 0.89444, 0.88093, 0.8697, 0.86549, 0.88019, 0.85024, 
0.83321, 0.87679, 0.88274, 0.84087, 0.86111, 0.87306, 0.88093, 
0.87803, 0.84731, 0.87249, 0.0491, 0.0499, 0.0525, 0.0522, 0.0515, 
0.0584, 0.0575, 0.0607, 0.0581, 0.0603, 0.06, 31, 34.5, 50.7, 
52, 40.3, 62.7, 65.9, 68.6, 69.5, 57, 58.3, 13, 6, 589, 120, 
71, 266, 146, 462, 1159, 112, 115, 24, 15, 1, 2, 22, 1, 1, 1, 
3, 22, 13, 100, 100, 100, 100, 100, 100, 100, 100, 100, 100, 
100, 2500, 2500, 2500, 2500, 2500, 2500, 2500, 2500, 2500, 2500, 
2500, 9237.327, 9327.987, 9234.702, 9310.187, 9574.774, 9862.674, 
9890.70199999999, 9953.82700000002, 9940.20599999998, 9973.32800000001, 
9997.375, 1, 1, 1, 1, 1, 1, 1, 1, 1, 1, 1, 0.01111, 0.01111, 
0.01111, 0.01111, 0.01111, 0.01111, 0.01111, 0.01111, 0.01111, 
0.01111, 0.01111, 0, 0, 0, 0, 0, 0, 0, 0, 0, 0, 0, 0, 0, 0, 0, 
0, 0, 0, 0, 0, 0, 0, 0.68024, 0.71619, 0.71786, 0.68075, 0.70813, 
0.71444, 0.72278, 0.72278, 0.74848, 0.73453, 0.74411, 0.68024, 
0.71619, 0.71786, 0.71171, 0.69702, 0.71444, 0.72278, 0.73278, 
0.73939, 0.73453, 0.75181, 0.0501, 0.0493, 0.0523, 0.0509, 0.0543, 
0.0552, 0.0557, 0.0573, 0.0587, 0.0637, 0.0631, 42.2, 47, 51.6, 
55.8, 60.9, 63.3, 67, 68.8, 71.7, 75.2, 75.5, 1, 1, 1, 1, 1, 
1, 1, 1, 1, 1, 1, 1, 1, 1, 1, 1, 1, 1, 1, 1, 1, 1, 1, 1, 1, 1, 
1, 1, 1, 1, 1, 1, 1, 1, 1, 1, 1, 1, 1, 1, 1, 1, 1, 1, 3.721, 
3.728, 3.726, 3.682, 3.794, 3.845, 3.773, 3.95, 3.902, 4.055, 
3.949), .Dim = c(11L, 40L), .Dimnames = list(NULL, c("Sampling", 
"PSO.cost", "PSO.gamma", "PSO.data.balancing", "PSO.feature.selection", 
"PSO.valid.acc", "PSO.test.acc", "PSO.train.time", "PSO.n.support.vectors", 
"PSO.index", "PSO.n.solutions", "PSO.generations", "PSO.n.evaluations", 
"PSO.cpu.time", "RS.cost", "RS.gamma", "RS.data.balancing", "RS.feature.selection", 
"RS.valid.acc", "RS.test.acc", "RS.train.time", "RS.n.support.vectors", 
"RS.index", "RS.n.solutions", "RS.generations", "RS.n.evaluations", 
"RS.cpu.time", "DF.cost", "DF.gamma", "DF.data.balancing", "DF.feature.selection", 
"DF.valid.acc", "DF.test.acc", "DF.train.time", "DF.n.support.vectors", 
"DF.index", "DF.n.solutions", "DF.generations", "DF.n.evaluations", 
"DF.cpu.time")))
