full <-
structure(c(50, 55, 60, 65, 70, 75, 80, 85, 90, 95, 100, 5.37605, 
4.94525, 6.92402, 5.88331, 4.85198, 7.08463, 5.7955, 13.25523, 
6.22584, 13.74225, 9.2517, -7.49288, -7.04134, 0.91354, -8.33243, 
-7.32242, -6.74993, -6.27791, -6.39817, -5.92076, -4.27542, -6.91803, 
0, 0, 0, 0, 0, 0, 0, 0, 0, 0, 0, 0, 0, 0, 0, 0, 0, 0, 0, 0, 0, 
0, 0.87238, 0.88571, 0.85655, 0.87778, 0.88849, 0.89051, 0.8575, 
0.87939, 0.88106, 0.88507, 0.87867, 0.84238, 0.85476, 0.85655, 
0.86349, 0.90099, 0.86939, 0.8425, 0.84808, 0.87273, 0.8578, 
0.87943, 0.0488, 0.0476, 0.052, 0.0535, 0.0529, 0.0515, 0.0565, 
0.0556, 0.0595, 0.0584, 0.059, 43.1, 46.4, 48.8, 53.3, 57.9, 
49.7, 55.7, 50.2, 59.2, 62.3, 56.8, 853, 413, 8, 47, 15, 102, 
28, 20, 110, 69, 470, 61, 66, 2126, 513, 126, 311, 55, 1407, 
631, 1521, 300, 100, 100, 100, 100, 100, 100, 100, 100, 100, 
100, 100, 2500, 2500, 2500, 2500, 2500, 2500, 2500, 2500, 2500, 
2500, 2500, 8662.463, 8629.552, 9136.655, 9232.68900000001, 9387.48, 
9289.011, 9420.46000000001, 9395.806, 9507.57000000001, 9420.47300000003, 
9184.13200000001, 6.07469, 4.85936, 2.88016, 5.07476, 4.13265, 
12.77697, 8.5856, 11.6628, 6.36896, 13.86821, 13.74407, -7.9425, 
-6.97043, -6.54553, -7.9795, -6.4953, -6.58704, -7.9574, -6.21651, 
-6.10581, -4.48766, -6.8284, 0, 0, 0, 0, 0, 0, 0, 0, 0, 0, 0, 
0, 0, 0, 0, 0, 0, 0, 0, 0, 0, 0, 0.87238, 0.88571, 0.88512, 0.87778, 
0.88849, 0.88051, 0.8575, 0.87939, 0.88106, 0.88507, 0.87098, 
0.85571, 0.85476, 0.85833, 0.86528, 0.90099, 0.86939, 0.835, 
0.84808, 0.87273, 0.8578, 0.87943, 0.0487, 0.047, 0.0494, 0.0536, 
0.0502, 0.0492, 0.0543, 0.0584, 0.0551, 0.0589, 0.0593, 42.6, 
46.3, 54.1, 55, 57.4, 46.4, 51.3, 50.1, 58.7, 61.9, 55.8, 75, 
255, 403, 248, 414, 96, 1275, 125, 351, 140, 37, 9, 3, 11, 7, 
6, 22, 1, 20, 3, 28, 17, 100, 100, 100, 100, 100, 100, 100, 100, 
100, 100, 100, 2500, 2500, 2500, 2500, 2500, 2500, 2500, 2500, 
2500, 2500, 2500, 8604.05, 8777.565, 8858.959, 9135.753, 9398.571, 
9465.72, 9434.15299999999, 9493.394, 9518.59899999999, 9495.49300000002, 
9388.11599999998, 1, 1, 1, 1, 1, 1, 1, 1, 1, 1, 1, 0.01111, 0.01111, 
0.01111, 0.01111, 0.01111, 0.01111, 0.01111, 0.01111, 0.01111, 
0.01111, 0.01111, 0, 0, 0, 0, 0, 0, 0, 0, 0, 0, 0, 0, 0, 0, 0, 
0, 0, 0, 0, 0, 0, 0, 0.69476, 0.68571, 0.65536, 0.68651, 0.70575, 
0.71066, 0.7225, 0.71838, 0.74879, 0.74347, 0.74207, 0.69476, 
0.68571, 0.66964, 0.6754, 0.70575, 0.72177, 0.7225, 0.72838, 
0.74879, 0.74347, 0.75117, 0.0503, 0.0513, 0.0504, 0.05, 0.055, 
0.0549, 0.0568, 0.0532, 0.0588, 0.0622, 0.0573, 45.2, 48.9, 53.9, 
57.2, 59.4, 63.5, 65.1, 67.8, 71, 73.5, 75.6, 1, 1, 1, 1, 1, 
1, 1, 1, 1, 1, 1, 1, 1, 1, 1, 1, 1, 1, 1, 1, 1, 1, 1, 1, 1, 1, 
1, 1, 1, 1, 1, 1, 1, 1, 1, 1, 1, 1, 1, 1, 1, 1, 1, 1, 3.493, 
3.709, 3.525, 3.536, 3.981, 3.871, 3.898, 3.739, 3.859, 4.154, 
3.586), .Dim = c(11L, 40L), .Dimnames = list(NULL, c("Sampling", 
"PSO.cost", "PSO.gamma", "PSO.data.balancing", "PSO.feature.selection", 
"PSO.valid.acc", "PSO.test.acc", "PSO.train.time", "PSO.n.support.vectors", 
"PSO.index", "PSO.n.solutions", "PSO.generations", "PSO.n.evaluations", 
"PSO.cpu.time", "RS.cost", "RS.gamma", "RS.data.balancing", "RS.feature.selection", 
"RS.valid.acc", "RS.test.acc", "RS.train.time", "RS.n.support.vectors", 
"RS.index", "RS.n.solutions", "RS.generations", "RS.n.evaluations", 
"RS.cpu.time", "DF.cost", "DF.gamma", "DF.data.balancing", "DF.feature.selection", 
"DF.valid.acc", "DF.test.acc", "DF.train.time", "DF.n.support.vectors", 
"DF.index", "DF.n.solutions", "DF.generations", "DF.n.evaluations", 
"DF.cpu.time")))
