full <-
structure(c(50, 55, 60, 65, 70, 75, 80, 85, 90, 95, 100, 0.75601, 
1.07989, 1.36715, 5.36963, 1.51378, 0.47217, 1.03165, 0.53542, 
4.94201, 5.86034, 2.03241, -3.75647, -3.37546, -3.36357, -2.43567, 
-2.95676, -2.62222, -2.49701, -2.63993, -2.30224, -3.59674, -2.23989, 
0, 0, 0, 0, 0, 0, 0, 0, 0, 0, 0, 0, 0, 0, 0, 0, 0, 0, 0, 0, 0, 
0, 0.53864, 0.53712, 0.54611, 0.54857, 0.54892, 0.54612, 0.54812, 
0.55009, 0.56327, 0.55359, 0.5582, 0.53652, 0.52711, 0.54139, 
0.54803, 0.537, 0.54164, 0.54501, 0.54799, 0.55222, 0.54798, 
0.55749, 4.9331, 6.6568, 7.5334, 10.7333, 16.8268, 18.3612, 17.003, 
24.5038, 21.1919, 20.1475, 28.8539, 1898.5, 2076, 2245.5, 2443, 
2601, 2793.7, 2978.2, 3156.8, 3335.2, 3400.2, 3702.2, 1146, 2348, 
1446, 1635, 1157, 2186, 961, 1226, 1102, 1563, 2301, 56, 1, 90, 
7, 215, 7, 171, 47, 76, 24, 58, 100, 100, 100, 100, 100, 100, 
100, 100, 100, 100, 100, 2500, 2500, 2500, 2500, 2500, 2500, 
2500, 2500, 2500, 2500, 2500, 141917.084, 185120.569, 209010.125, 
287866.665, 404430.678, 508820.011, 466306.891, 617166.219, 629217.822, 
583817.141, 680808.187000001, 2.86666, 0.88709, 1.37301, 5.11244, 
1.08091, 0.58566, 1.30745, 0.77485, 4.87765, 7.22631, 2.17303, 
-4.92121, -3.19108, -3.57864, -2.49079, -3.03937, -2.7962, -2.879, 
-2.91595, -2.50043, -3.11866, -2.43305, 0, 0, 0, 0, 0, 0, 0, 
0, 0, 0, 0, 0, 0, 0, 0, 0, 0, 0, 0, 0, 0, 0, 0.5358, 0.53518, 
0.54375, 0.54556, 0.54537, 0.54541, 0.5459, 0.54883, 0.56169, 
0.55302, 0.5566, 0.53226, 0.52937, 0.54405, 0.54831, 0.53929, 
0.5414, 0.54412, 0.54861, 0.55045, 0.54986, 0.55802, 4.8225, 
6.2481, 8.9871, 9.4947, 12.4574, 14.6612, 19.9766, 18.7323, 20.5469, 
20.5261, 22.7701, 1852.1, 2080.9, 2243.8, 2442.9, 2597.7, 2788.2, 
2963.7, 3149.8, 3322, 3409.3, 3692.4, 4, 1317, 2082, 2382, 1713, 
1645, 2276, 367, 1179, 805, 877, 1, 1, 2, 1, 2, 2, 1, 1, 1, 1, 
1, 100, 100, 100, 100, 100, 100, 100, 100, 100, 100, 100, 2500, 
2500, 2500, 2500, 2500, 2500, 2500, 2500, 2500, 2500, 2500, 175945.558, 
210873.368, 264358.478, 319493.738, 442899.682, 523509.564, 644527.948, 
623706.694999999, 653006.124000001, 675471.867, 788411.425999999, 
1, 1, 1, 1, 1, 1, 1, 1, 1, 1, 1, 0.01961, 0.01961, 0.01961, 0.01961, 
0.01961, 0.01961, 0.01961, 0.01961, 0.01961, 0.01961, 0.01961, 
0, 0, 0, 0, 0, 0, 0, 0, 0, 0, 0, 0, 0, 0, 0, 0, 0, 0, 0, 0, 0, 
0, 0.5028, 0.50872, 0.50767, 0.50817, 0.50682, 0.51181, 0.5122, 
0.5146, 0.51498, 0.51812, 0.5197, 0.50211, 0.50648, 0.5053, 0.509, 
0.50987, 0.51253, 0.5102, 0.51877, 0.51754, 0.5198, 0.51917, 
5.2236, 5.9454, 8.059, 9.0074, 11.497, 15.416, 20.4102, 23.0888, 
19.2134, 17.6034, 22.564, 1914.7, 2098.5, 2266.8, 2440, 2605.3, 
2786.1, 2973.1, 3154.8, 3332.3, 3502.7, 3685.8, 1, 1, 1, 1, 1, 
1, 1, 1, 1, 1, 1, 1, 1, 1, 1, 1, 1, 1, 1, 1, 1, 1, 1, 1, 1, 1, 
1, 1, 1, 1, 1, 1, 1, 1, 1, 1, 1, 1, 1, 1, 1, 1, 1, 1, 58.461, 
66.411, 90.099, 99.345, 126.167, 168.305, 222.25, 250.223, 208.358, 
191.649, 244.671), .Dim = c(11L, 40L), .Dimnames = list(NULL, 
    c("Sampling", "PSO.cost", "PSO.gamma", "PSO.data.balancing", 
    "PSO.feature.selection", "PSO.valid.acc", "PSO.test.acc", 
    "PSO.train.time", "PSO.n.support.vectors", "PSO.index", "PSO.n.solutions", 
    "PSO.generations", "PSO.n.evaluations", "PSO.cpu.time", "RS.cost", 
    "RS.gamma", "RS.data.balancing", "RS.feature.selection", 
    "RS.valid.acc", "RS.test.acc", "RS.train.time", "RS.n.support.vectors", 
    "RS.index", "RS.n.solutions", "RS.generations", "RS.n.evaluations", 
    "RS.cpu.time", "DF.cost", "DF.gamma", "DF.data.balancing", 
    "DF.feature.selection", "DF.valid.acc", "DF.test.acc", "DF.train.time", 
    "DF.n.support.vectors", "DF.index", "DF.n.solutions", "DF.generations", 
    "DF.n.evaluations", "DF.cpu.time")))
