full <-
structure(c(50, 55, 60, 65, 70, 75, 80, 85, 90, 95, 100, 1.75366, 
2.95648, 1.46706, 1.90873, 1.68757, 1.64526, 1.41464, 2.8681, 
4.86267, 0.89362, 0.39421, -4.53119, -3.43271, -2.72343, -4.31199, 
-2.29472, -2.69705, -2.81338, -2.81959, -2.25467, -2.59169, -2.36009, 
0, 0, 0, 0, 0, 0, 0, 0, 0, 0, 0, 0, 0, 0, 0, 0, 0, 0, 0, 0, 0, 
0, 0.52805, 0.53449, 0.53815, 0.54533, 0.54968, 0.55394, 0.55655, 
0.55487, 0.55656, 0.5588, 0.55962, 0.52344, 0.52031, 0.52751, 
0.54042, 0.54917, 0.54871, 0.55411, 0.5484, 0.55538, 0.55452, 
0.55697, 4.8828, 6.5442, 8.2338, 10.7065, 12.8922, 15.4145, 16.9744, 
20.6164, 26.3503, 21.1271, 22.7368, 1875.9, 2086, 2273.7, 2406.8, 
2648.5, 2803.6, 2967.2, 3141.8, 3329.4, 3500.4, 3691, 775, 2085, 
1289, 2240, 805, 1186, 1324, 1135, 1190, 2253, 1508, 158, 8, 
22, 9, 223, 25, 182, 22, 32, 2, 45, 100, 100, 100, 100, 100, 
100, 100, 100, 100, 100, 100, 2500, 2500, 2500, 2500, 2500, 2500, 
2500, 2500, 2500, 2500, 2500, 141580.431, 176635.234, 235475.035, 
265960.453, 376722.762, 502490.806, 530323.529, 564925.890000001, 
639143.126, 571201.64, 626041.950000001, 1.90287, 3.46888, 1.03964, 
1.8923, 2.03712, 1.94852, 1.75864, 2.86062, 4.76989, 0.61416, 
0.76518, -4.70057, -3.77006, -2.80973, -4.26669, -2.44122, -3.13772, 
-3.51227, -2.82935, -2.23796, -2.46605, -2.75026, 0, 0, 0, 0, 
0, 0, 0, 0, 0, 0, 0, 0, 0, 0, 0, 0, 0, 0, 0, 0, 0, 0, 0.52628, 
0.53191, 0.53579, 0.54369, 0.54816, 0.55276, 0.55477, 0.55445, 
0.55617, 0.55675, 0.5582, 0.52238, 0.51837, 0.5278, 0.54069, 
0.5479, 0.54706, 0.55078, 0.54819, 0.55381, 0.55657, 0.55927, 
4.95, 6.2464, 8.2639, 9.3918, 14.0003, 16.0176, 22.1018, 20.4111, 
21.0588, 20.337, 25.7557, 1871.6, 2073.6, 2270.5, 2407.4, 2642.6, 
2784, 2946.5, 3141.3, 3333, 3506.9, 3674.5, 725, 830, 1770, 625, 
1623, 2293, 772, 2487, 2188, 417, 1580, 1, 1, 1, 1, 1, 1, 1, 
1, 1, 2, 1, 100, 100, 100, 100, 100, 100, 100, 100, 100, 100, 
100, 2500, 2500, 2500, 2500, 2500, 2500, 2500, 2500, 2500, 2500, 
2500, 176066.789, 214231.131, 275677.765, 342687.687, 458308.822, 
525468.426, 599046.98, 671336.207, 682775.853, 679504.079999999, 
852981.57, 1, 1, 1, 1, 1, 1, 1, 1, 1, 1, 1, 0.01961, 0.01961, 
0.01961, 0.01961, 0.01961, 0.01961, 0.01961, 0.01961, 0.01961, 
0.01961, 0.01961, 0, 0, 0, 0, 0, 0, 0, 0, 0, 0, 0, 0, 0, 0, 0, 
0, 0, 0, 0, 0, 0, 0, 0.48938, 0.49482, 0.49348, 0.50275, 0.5033, 
0.50805, 0.51152, 0.51064, 0.51438, 0.5168, 0.51649, 0.49469, 
0.49643, 0.49822, 0.50274, 0.50761, 0.50497, 0.50953, 0.51126, 
0.51477, 0.51587, 0.51773, 4.8907, 5.9935, 8.1412, 11.0725, 18.3158, 
16.3513, 16.727, 20.3438, 19.2286, 22.0518, 29.3463, 1891.6, 
2080.4, 2265.3, 2434.6, 2613.8, 2794.1, 2967, 3145.5, 3321.2, 
3502.9, 3690.9, 1, 1, 1, 1, 1, 1, 1, 1, 1, 1, 1, 1, 1, 1, 1, 
1, 1, 1, 1, 1, 1, 1, 1, 1, 1, 1, 1, 1, 1, 1, 1, 1, 1, 1, 1, 1, 
1, 1, 1, 1, 1, 1, 1, 1, 54.865, 67.094, 90.411, 121.641, 199.267, 
177.951, 182.032, 219.952, 209.12, 240.691, 317.45), .Dim = c(11L, 
40L), .Dimnames = list(NULL, c("Sampling", "PSO.cost", "PSO.gamma", 
"PSO.data.balancing", "PSO.feature.selection", "PSO.valid.acc", 
"PSO.test.acc", "PSO.train.time", "PSO.n.support.vectors", "PSO.index", 
"PSO.n.solutions", "PSO.generations", "PSO.n.evaluations", "PSO.cpu.time", 
"RS.cost", "RS.gamma", "RS.data.balancing", "RS.feature.selection", 
"RS.valid.acc", "RS.test.acc", "RS.train.time", "RS.n.support.vectors", 
"RS.index", "RS.n.solutions", "RS.generations", "RS.n.evaluations", 
"RS.cpu.time", "DF.cost", "DF.gamma", "DF.data.balancing", "DF.feature.selection", 
"DF.valid.acc", "DF.test.acc", "DF.train.time", "DF.n.support.vectors", 
"DF.index", "DF.n.solutions", "DF.generations", "DF.n.evaluations", 
"DF.cpu.time")))
