full <-
structure(c(50, 55, 60, 65, 70, 75, 80, 85, 90, 95, 100, 0.26776, 
0.15819, 4.42567, 6.39722, 3.04818, 4.25252, 5.92389, 4.62026, 
0.69138, 6.85138, 7.22531, -3.92304, -3.9167, -6.17199, -2.95983, 
-2.9547, -2.16843, -2.36325, -1.90269, -2.36783, -2.44485, -2.3485, 
0, 0, 0, 0, 0, 0, 0, 0, 0, 0, 0, 0, 0, 0, 0, 0, 0, 0, 0, 0, 0, 
0, 0.52586, 0.53449, 0.53402, 0.53957, 0.53723, 0.54114, 0.54943, 
0.55508, 0.55737, 0.55529, 0.56034, 0.52162, 0.53192, 0.52307, 
0.52728, 0.53191, 0.53829, 0.54721, 0.55008, 0.55007, 0.55343, 
0.5559, 5.0454, 6.2845, 9.7273, 10.4289, 11.7535, 16.7178, 19.6, 
23.4024, 25.2775, 22.0074, 23.513, 1899.6, 2083.6, 2180.7, 2431, 
2627, 2828.9, 2973.5, 3189.8, 3341.3, 3473.8, 3642.7, 1218, 1373, 
1388, 1830, 1060, 2089, 783, 1458, 1637, 1402, 1737, 45, 113, 
32, 1, 18, 232, 165, 120, 386, 33, 10, 100, 100, 100, 100, 100, 
100, 100, 100, 100, 100, 100, 2500, 2500, 2500, 2500, 2500, 2500, 
2500, 2500, 2500, 2500, 2500, 143089.743, 178809.381, 255820.665, 
295255.939, 353948.464, 458613.023, 513099.084, 615029.808, 663055.702000001, 
637047.387, 629098.733000001, -0.19276, 0.16106, 4.47979, 6.36, 
5.65004, 4.47503, 6.52883, 6.54695, 0.71016, 7.23457, 7.57452, 
-3.55468, -3.89104, -6.17901, -2.93426, -2.98921, -2.46958, -2.6985, 
-2.28904, -2.4524, -2.40035, -2.35078, 0, 0, 0, 0, 0, 0, 0, 0, 
0, 0, 0, 0, 0, 0, 0, 0, 0, 0, 0, 0, 0, 0, 0.52195, 0.53353, 0.53314, 
0.53875, 0.53622, 0.53972, 0.54699, 0.55342, 0.55559, 0.55379, 
0.5584, 0.51842, 0.53224, 0.52337, 0.52783, 0.5342, 0.53782, 
0.54654, 0.55509, 0.55007, 0.551, 0.55608, 5.1836, 6.5121, 8.2671, 
12.0752, 14.4084, 17.6629, 18.9206, 22.129, 21.6136, 20.6698, 
27.2022, 1909.6, 2083.8, 2181.2, 2432.8, 2603.2, 2814.5, 2947.8, 
3142.7, 3339.5, 3463.5, 3633.5, 821, 1566, 2173, 1478, 866, 780, 
1152, 211, 2230, 1821, 2459, 1, 1, 1, 1, 2, 2, 1, 2, 1, 1, 1, 
100, 100, 100, 100, 100, 100, 100, 100, 100, 100, 100, 2500, 
2500, 2500, 2500, 2500, 2500, 2500, 2500, 2500, 2500, 2500, 176516.18, 
222568.557, 302597.909, 352487.212, 454308.151, 518048.449, 571589.223, 
666499.429, 748544.456999999, 690101.003, 783292.747, 1, 1, 1, 
1, 1, 1, 1, 1, 1, 1, 1, 0.01961, 0.01961, 0.01961, 0.01961, 0.01961, 
0.01961, 0.01961, 0.01961, 0.01961, 0.01961, 0.01961, 0, 0, 0, 
0, 0, 0, 0, 0, 0, 0, 0, 0, 0, 0, 0, 0, 0, 0, 0, 0, 0, 0, 0.49824, 
0.50223, 0.50563, 0.50573, 0.50733, 0.51584, 0.51418, 0.51125, 
0.51891, 0.52111, 0.51917, 0.49539, 0.50416, 0.50681, 0.50492, 
0.5086, 0.51466, 0.50842, 0.51209, 0.51695, 0.52167, 0.51882, 
5.3702, 6.3008, 8.5555, 10.5221, 13.6765, 15.2321, 17.7447, 20.1789, 
23.8836, 19.7405, 24.8791, 1896.5, 2088.6, 2260.9, 2430.1, 2600.6, 
2767.5, 2947.1, 3133.7, 3321.9, 3501.8, 3690.7, 1, 1, 1, 1, 1, 
1, 1, 1, 1, 1, 1, 1, 1, 1, 1, 1, 1, 1, 1, 1, 1, 1, 1, 1, 1, 1, 
1, 1, 1, 1, 1, 1, 1, 1, 1, 1, 1, 1, 1, 1, 1, 1, 1, 1, 60.305, 
70.362, 94.526, 115.751, 149.605, 166.255, 193.109, 218.588, 
258.714, 214.824, 269.532), .Dim = c(11L, 40L), .Dimnames = list(
    NULL, c("Sampling", "PSO.cost", "PSO.gamma", "PSO.data.balancing", 
    "PSO.feature.selection", "PSO.valid.acc", "PSO.test.acc", 
    "PSO.train.time", "PSO.n.support.vectors", "PSO.index", "PSO.n.solutions", 
    "PSO.generations", "PSO.n.evaluations", "PSO.cpu.time", "RS.cost", 
    "RS.gamma", "RS.data.balancing", "RS.feature.selection", 
    "RS.valid.acc", "RS.test.acc", "RS.train.time", "RS.n.support.vectors", 
    "RS.index", "RS.n.solutions", "RS.generations", "RS.n.evaluations", 
    "RS.cpu.time", "DF.cost", "DF.gamma", "DF.data.balancing", 
    "DF.feature.selection", "DF.valid.acc", "DF.test.acc", "DF.train.time", 
    "DF.n.support.vectors", "DF.index", "DF.n.solutions", "DF.generations", 
    "DF.n.evaluations", "DF.cpu.time")))
