full <-
structure(c(50, 55, 60, 65, 70, 75, 80, 85, 90, 95, 100, 4.63612, 
3.58981, 2.30242, 2.39401, 1.10486, 1.62152, 5.14435, 6.8878, 
5.49005, 6.75662, 1.42967, -2.93936, -2.5169, -2.88071, -2.47047, 
-2.60693, -2.77847, -2.47098, -2.69875, -3.54521, -1.971, -2.66251, 
0, 0, 0, 0, 0, 0, 0, 0, 0, 0, 0, 0, 0, 0, 0, 0, 0, 0, 0, 0, 0, 
0, 0.52949, 0.53129, 0.53668, 0.53954, 0.54208, 0.54375, 0.54856, 
0.54947, 0.54848, 0.55322, 0.55996, 0.52243, 0.52225, 0.52869, 
0.53436, 0.53625, 0.53997, 0.53746, 0.54321, 0.54612, 0.55078, 
0.5557, 5.3844, 6.8872, 9.1613, 10.451, 14.0717, 15.3749, 17.5688, 
20.9373, 24.7521, 23.8792, 21.1403, 1907.9, 2116.7, 2285.5, 2474.5, 
2635.2, 2807.8, 2980, 3121.7, 3242, 3508.6, 3677.6, 1503, 1146, 
1734, 1338, 2353, 2391, 2127, 1442, 1001, 1183, 1777, 21, 160, 
15, 38, 51, 3, 13, 1, 58, 53, 4, 100, 100, 100, 100, 100, 100, 
100, 100, 100, 100, 100, 2500, 2500, 2500, 2500, 2500, 2500, 
2500, 2500, 2500, 2500, 2500, 149748.475, 188530.2, 265823.243, 
285970.627, 349166.315, 451794.065, 504769.581, 591028.501, 643011.672, 
661167.711, 602998.425999999, 4.91993, 3.61802, 1.90311, 2.34796, 
3.03163, 1.24049, 5.17463, 7.05978, 3.07154, 6.67565, 1.90097, 
-3.01281, -2.31387, -3.49411, -2.61305, -3.67573, -2.37854, -2.5566, 
-2.70158, -2.94289, -1.99415, -2.3597, 0, 0, 0, 0, 0, 0, 0, 0, 
0, 0, 0, 0, 0, 0, 0, 0, 0, 0, 0, 0, 0, 0, 0.52736, 0.52806, 0.53491, 
0.536, 0.53904, 0.54115, 0.54634, 0.54821, 0.5467, 0.55116, 0.55677, 
0.52349, 0.52128, 0.53076, 0.53381, 0.5355, 0.54045, 0.5368, 
0.54383, 0.54493, 0.5491, 0.5518, 5.3312, 7.0506, 8.4545, 11.2682, 
12.7816, 16.9923, 17.2854, 21.7234, 21.3224, 21.3198, 23.7825, 
1903.9, 2124.8, 2270.4, 2466.9, 2593.8, 2822.1, 2972.6, 3117.6, 
3314.4, 3509.5, 3693.3, 112, 1056, 1917, 1573, 597, 1314, 1999, 
737, 1599, 2155, 350, 1, 2, 1, 1, 2, 1, 1, 1, 1, 1, 1, 100, 100, 
100, 100, 100, 100, 100, 100, 100, 100, 100, 2500, 2500, 2500, 
2500, 2500, 2500, 2500, 2500, 2500, 2500, 2500, 178787.482, 222496.997, 
290793.892, 344888.715, 442559.401, 513242.028, 565313.289, 674555.069, 
745317.999, 711778.928, 779636.620999999, 1, 1, 1, 1, 1, 1, 1, 
1, 1, 1, 1, 0.01961, 0.01961, 0.01961, 0.01961, 0.01961, 0.01961, 
0.01961, 0.01961, 0.01961, 0.01961, 0.01961, 0, 0, 0, 0, 0, 0, 
0, 0, 0, 0, 0, 0, 0, 0, 0, 0, 0, 0, 0, 0, 0, 0, 0.49254, 0.4897, 
0.49528, 0.49232, 0.50609, 0.49927, 0.50598, 0.50418, 0.50947, 
0.51794, 0.51544, 0.489, 0.48777, 0.4932, 0.49478, 0.50406, 0.4988, 
0.50663, 0.5023, 0.51282, 0.51849, 0.51615, 5.262, 6.7303, 7.9385, 
9.7552, 13.7484, 16.3318, 18.7263, 21.2527, 23.2086, 20.4499, 
25.1377, 1910.7, 2109.3, 2281.9, 2458.1, 2625.7, 2805.3, 2980.8, 
3162.7, 3335.4, 3500.9, 3688.9, 1, 1, 1, 1, 1, 1, 1, 1, 1, 1, 
1, 1, 1, 1, 1, 1, 1, 1, 1, 1, 1, 1, 1, 1, 1, 1, 1, 1, 1, 1, 1, 
1, 1, 1, 1, 1, 1, 1, 1, 1, 1, 1, 1, 1, 59.092, 75.289, 87.862, 
107.26, 150.194, 178.082, 203.748, 229.883, 251.145, 222.608, 
271.825), .Dim = c(11L, 40L), .Dimnames = list(NULL, c("Sampling", 
"PSO.cost", "PSO.gamma", "PSO.data.balancing", "PSO.feature.selection", 
"PSO.valid.acc", "PSO.test.acc", "PSO.train.time", "PSO.n.support.vectors", 
"PSO.index", "PSO.n.solutions", "PSO.generations", "PSO.n.evaluations", 
"PSO.cpu.time", "RS.cost", "RS.gamma", "RS.data.balancing", "RS.feature.selection", 
"RS.valid.acc", "RS.test.acc", "RS.train.time", "RS.n.support.vectors", 
"RS.index", "RS.n.solutions", "RS.generations", "RS.n.evaluations", 
"RS.cpu.time", "DF.cost", "DF.gamma", "DF.data.balancing", "DF.feature.selection", 
"DF.valid.acc", "DF.test.acc", "DF.train.time", "DF.n.support.vectors", 
"DF.index", "DF.n.solutions", "DF.generations", "DF.n.evaluations", 
"DF.cpu.time")))
