full <-
structure(c(50, 55, 60, 65, 70, 75, 80, 85, 90, 95, 100, 9.39371, 
6.91856, 5.5347, 1.85693, 6.05886, 7.02572, 5.96743, 6.1915, 
4.59757, 4.86288, 1.12254, -3.5458, -3.62717, -1.89082, -2.73332, 
-2.61919, -2.92276, -3.1832, -3.19533, -1.19938, -2.3044, -2.64285, 
0, 0, 0, 0, 0, 0, 0, 0, 0, 0, 0, 0, 0, 0, 0, 0, 0, 0, 0, 0, 0, 
0, 0.53052, 0.53258, 0.53577, 0.53988, 0.54207, 0.54092, 0.55189, 
0.55987, 0.55401, 0.55639, 0.55641, 0.52309, 0.52453, 0.5266, 
0.53522, 0.53624, 0.53431, 0.54723, 0.55321, 0.5485, 0.55136, 
0.55552, 5.225, 6.8176, 9.0281, 11.1712, 13.5348, 16.2343, 17.7206, 
20.5644, 22.4671, 24.2981, 23.1572, 1820.3, 2031.7, 2288.1, 2455.2, 
2607.1, 2751.9, 2918.1, 3092.1, 3424.9, 3513.7, 3675.2, 972, 
2240, 1385, 1816, 928, 1332, 1223, 1251, 1548, 890, 1767, 254, 
2, 83, 8, 59, 25, 40, 78, 34, 62, 33, 100, 100, 100, 100, 100, 
100, 100, 100, 100, 100, 100, 2500, 2500, 2500, 2500, 2500, 2500, 
2500, 2500, 2500, 2500, 2500, 150622.12, 183063.85, 274469.402, 
294566.493, 388201.828, 464252.756, 494108.586, 579719.59, 672697.999, 
640299.687000001, 656812.818, 9.21868, 7.46029, 5.75593, 2.05303, 
4.69838, 7.12983, 6.1624, 5.88675, 4.57098, 5.43976, 1.70978, 
-3.44787, -3.25965, -1.47086, -2.91442, -1.27755, -2.69709, -3.34542, 
-3.23396, -1.14454, -2.48157, -1.8723, 0, 0, 0, 0, 0, 0, 0, 0, 
0, 0, 0, 0, 0, 0, 0, 0, 0, 0, 0, 0, 0, 0, 0.5284, 0.52967, 0.53401, 
0.53878, 0.53928, 0.53879, 0.55078, 0.55799, 0.55303, 0.55489, 
0.55535, 0.52379, 0.53452, 0.52129, 0.53577, 0.54054, 0.53218, 
0.54745, 0.55341, 0.5481, 0.5521, 0.55038, 5.3087, 6.8691, 10.9218, 
11.4851, 15.2556, 16.2742, 17.7255, 21.1308, 27.4012, 20.1921, 
26.9299, 1826.4, 2030.3, 2311.3, 2452.6, 2701.1, 2760.4, 2905.8, 
3095.5, 3428.7, 3497.9, 3729.5, 2388, 1901, 139, 286, 717, 608, 
311, 686, 418, 1300, 1450, 1, 1, 1, 1, 1, 2, 1, 1, 1, 2, 1, 100, 
100, 100, 100, 100, 100, 100, 100, 100, 100, 100, 2500, 2500, 
2500, 2500, 2500, 2500, 2500, 2500, 2500, 2500, 2500, 172135.477, 
227526.692, 294389.222, 359197.268, 432482.85, 516604.479, 571714.108, 
674841.62, 724155.749, 703894.982000001, 787004.882999999, 1, 
1, 1, 1, 1, 1, 1, 1, 1, 1, 1, 0.01961, 0.01961, 0.01961, 0.01961, 
0.01961, 0.01961, 0.01961, 0.01961, 0.01961, 0.01961, 0.01961, 
0, 0, 0, 0, 0, 0, 0, 0, 0, 0, 0, 0, 0, 0, 0, 0, 0, 0, 0, 0, 0, 
0, 0.49292, 0.48484, 0.49764, 0.49126, 0.50051, 0.50047, 0.5071, 
0.51023, 0.51204, 0.51084, 0.52075, 0.49116, 0.48548, 0.4926, 
0.49563, 0.50052, 0.49929, 0.50732, 0.51128, 0.5081, 0.51065, 
0.52022, 4.8992, 7.1825, 7.8901, 11.2376, 12.6418, 16.9066, 18.9172, 
21.3034, 23.3157, 20.5369, 22.5794, 1907.3, 2095.3, 2266, 2449.2, 
2633.9, 2817.1, 3003, 3167.7, 3350.3, 3515.8, 3688.4, 1, 1, 1, 
1, 1, 1, 1, 1, 1, 1, 1, 1, 1, 1, 1, 1, 1, 1, 1, 1, 1, 1, 1, 1, 
1, 1, 1, 1, 1, 1, 1, 1, 1, 1, 1, 1, 1, 1, 1, 1, 1, 1, 1, 1, 54.884, 
79.979, 87.105, 123.392, 138.176, 183.953, 205.259, 230.751, 
251.737, 223.745, 244.587), .Dim = c(11L, 40L), .Dimnames = list(
    NULL, c("Sampling", "PSO.cost", "PSO.gamma", "PSO.data.balancing", 
    "PSO.feature.selection", "PSO.valid.acc", "PSO.test.acc", 
    "PSO.train.time", "PSO.n.support.vectors", "PSO.index", "PSO.n.solutions", 
    "PSO.generations", "PSO.n.evaluations", "PSO.cpu.time", "RS.cost", 
    "RS.gamma", "RS.data.balancing", "RS.feature.selection", 
    "RS.valid.acc", "RS.test.acc", "RS.train.time", "RS.n.support.vectors", 
    "RS.index", "RS.n.solutions", "RS.generations", "RS.n.evaluations", 
    "RS.cpu.time", "DF.cost", "DF.gamma", "DF.data.balancing", 
    "DF.feature.selection", "DF.valid.acc", "DF.test.acc", "DF.train.time", 
    "DF.n.support.vectors", "DF.index", "DF.n.solutions", "DF.generations", 
    "DF.n.evaluations", "DF.cpu.time")))
