full <-
structure(c(50, 55, 60, 65, 70, 75, 80, 85, 90, 95, 100, 7.30252, 
7.35952, 8.33232, 5.9264, 6.03381, 10.17255, 8.51692, 8.76747, 
7.38342, 6.78424, 9.8056, -6.8776, -6.03507, -6.87383, -5.7493, 
-6.08652, -8.59631, -6.68698, -7.40857, -6.47564, -5.87535, -4.89029, 
0, 0, 0, 0, 0, 0, 0, 0, 0, 0, 0, 0, 0, 0, 0, 0, 0, 0, 0, 0, 0, 
0, 0.97221, 0.97033, 0.97042, 0.97121, 0.96777, 0.97121, 0.96697, 
0.96836, 0.97124, 0.96967, 0.96694, 0.97029, 0.96682, 0.96398, 
0.9653, 0.9664, 0.96481, 0.96279, 0.96273, 0.96966, 0.96613, 
0.96406, 0.0788, 0.1484, 0.1637, 0.1945, 0.2111, 0.2148, 0.2349, 
0.2497, 0.2985, 0.3151, 0.3597, 199.3, 213.6, 209.8, 253.7, 266.4, 
227.9, 246.3, 258.3, 282.2, 299.7, 293.4, 278, 1261, 429, 493, 
922, 1505, 1462, 1993, 1632, 288, 1387, 656, 57, 488, 660, 89, 
11, 12, 2, 15, 662, 47, 100, 100, 100, 100, 100, 100, 100, 100, 
100, 100, 100, 2500, 2500, 2500, 2500, 2500, 2500, 2500, 2500, 
2500, 2500, 2500, 8268.377, 15306.65, 13532.845, 12422.512, 12668.577, 
13282.247, 13596.048, 13924.17, 15625.904, 14768.471, 16620.625, 
7.3533, 9.07542, 8.53671, 5.70906, 5.37224, 7.89879, 7.11506, 
9.10576, 8.26759, 5.17664, 11.28493, -6.88458, -6.94642, -7.17938, 
-5.37881, -5.78182, -7.26326, -5.7826, -7.61832, -6.23087, -5.62731, 
-9.33638, 0, 0, 0, 0, 0, 0, 0, 0, 0, 0, 0, 0, 0, 0, 0, 0, 0, 
0, 0, 0, 0, 0, 0.97221, 0.96859, 0.9696, 0.97121, 0.9664, 0.96994, 
0.96579, 0.96835, 0.97015, 0.96865, 0.96595, 0.96934, 0.96071, 
0.96558, 0.96384, 0.96298, 0.96672, 0.96156, 0.96216, 0.9675, 
0.96613, 0.9626, 0.1363, 0.1388, 0.1706, 0.1893, 0.2175, 0.2204, 
0.2463, 0.2547, 0.2737, 0.3389, 0.3314, 199.1, 191.3, 210.2, 
256.7, 276.1, 251.4, 266.6, 254.3, 264.1, 336.2, 271.3, 1232, 
98, 524, 802, 730, 208, 148, 852, 1204, 2180, 125, 3, 3, 1, 1, 
1, 1, 1, 1, 1, 1, 2, 100, 100, 100, 100, 100, 100, 100, 100, 
100, 100, 100, 2500, 2500, 2500, 2500, 2500, 2500, 2500, 2500, 
2500, 2500, 2500, 18051.967, 19079.058, 20290.222, 17870.852, 
18607.891, 21114.752, 20822.231, 25727.467, 26491.546, 23475.205, 
32292.025, 1, 1, 1, 1, 1, 1, 1, 1, 1, 1, 1, 0.05556, 0.05556, 
0.05556, 0.05556, 0.05556, 0.05556, 0.05556, 0.05556, 0.05556, 
0.05556, 0.05556, 0, 0, 0, 0, 0, 0, 0, 0, 0, 0, 0, 0, 0, 0, 0, 
0, 0, 0, 0, 0, 0, 0, 0.92622, 0.93022, 0.92972, 0.93137, 0.93149, 
0.93534, 0.93401, 0.93507, 0.93499, 0.93936, 0.9348, 0.92238, 
0.92234, 0.9297, 0.93508, 0.93078, 0.93534, 0.93701, 0.9362, 
0.93553, 0.93885, 0.93576, 0.2056, 0.2449, 0.2732, 0.2987, 0.2157, 
0.3679, 0.4072, 0.4551, 0.4794, 0.517, 0.5844, 372.5, 406.8, 
425.8, 448.5, 471.9, 492.3, 510.6, 535.1, 549.6, 567.9, 596.6, 
1, 1, 1, 1, 1, 1, 1, 1, 1, 1, 1, 1, 1, 1, 1, 1, 1, 1, 1, 1, 1, 
1, 1, 1, 1, 1, 1, 1, 1, 1, 1, 1, 1, 1, 1, 1, 1, 1, 1, 1, 1, 1, 
1, 1, 7.137, 6.723, 7.059, 5.934, 5.397, 6.662, 7.188, 8.515, 
7.807, 8.198, 9.982), .Dim = c(11L, 40L), .Dimnames = list(NULL, 
    c("Sampling", "PSO.cost", "PSO.gamma", "PSO.data.balancing", 
    "PSO.feature.selection", "PSO.valid.acc", "PSO.test.acc", 
    "PSO.train.time", "PSO.n.support.vectors", "PSO.index", "PSO.n.solutions", 
    "PSO.generations", "PSO.n.evaluations", "PSO.cpu.time", "RS.cost", 
    "RS.gamma", "RS.data.balancing", "RS.feature.selection", 
    "RS.valid.acc", "RS.test.acc", "RS.train.time", "RS.n.support.vectors", 
    "RS.index", "RS.n.solutions", "RS.generations", "RS.n.evaluations", 
    "RS.cpu.time", "DF.cost", "DF.gamma", "DF.data.balancing", 
    "DF.feature.selection", "DF.valid.acc", "DF.test.acc", "DF.train.time", 
    "DF.n.support.vectors", "DF.index", "DF.n.solutions", "DF.generations", 
    "DF.n.evaluations", "DF.cpu.time")))
