full <-
structure(c(50, 55, 60, 65, 70, 75, 80, 85, 90, 95, 100, 9.30034, 
13.58622, 8.52299, 9.31038, 8.0918, 12.2943, 5.91813, 14.46761, 
13.18467, 5.63585, 9.19857, -3.24074, -7.60219, -8.78937, -8.78957, 
-6.86276, -1.71114, -3.75548, -7.27967, -6.54103, -4.14442, -4.40934, 
0, 0, 0, 0, 0, 0, 0, 0, 0, 0, 0, 0, 0, 0, 0, 0, 0, 0, 0, 0, 0, 
0, 0.96353, 0.96253, 0.96256, 0.96606, 0.95963, 0.96541, 0.96521, 
0.96446, 0.97065, 0.97017, 0.96835, 0.9549, 0.95636, 0.96011, 
0.96015, 0.95618, 0.9603, 0.961, 0.96219, 0.96322, 0.9636, 0.96213, 
0.1657, 0.1419, 0.1577, 0.1722, 0.1938, 0.4247, 0.3071, 0.365, 
0.3387, 0.3724, 0.3792, 246.1, 155.1, 229.3, 228.8, 236.9, 433.3, 
326.3, 214.8, 227.3, 349, 312.5, 1518, 2203, 296, 755, 1440, 
63, 499, 884, 601, 1591, 314, 40, 2, 48, 469, 135, 1159, 562, 
149, 76, 15, 255, 100, 100, 100, 100, 100, 100, 100, 100, 100, 
100, 100, 2500, 2500, 2500, 2500, 2500, 2500, 2500, 2500, 2500, 
2500, 2500, 11643.738, 11500.49, 11956.596, 12438.001, 13091.15, 
23838.9, 16156.115, 16516.092, 17035.856, 18230.118, 18375.189, 
8.77354, 9.73428, 9.34382, 9.53419, 7.65539, 11.28066, 6.15795, 
5.58594, 12.83453, 5.49877, 10.99163, -2.98639, -3.57956, -8.92603, 
-8.94623, -7.1553, -1.77752, -4.0815, -3.9648, -6.47019, -4.07235, 
-4.91067, 0, 0, 0, 0, 0, 0, 0, 0, 0, 0, 0, 0, 0, 0, 0, 0, 0, 
0, 0, 0, 0, 0, 0.96257, 0.96252, 0.96255, 0.96606, 0.95894, 0.96541, 
0.96342, 0.96446, 0.96906, 0.96916, 0.96644, 0.95394, 0.96077, 
0.9609, 0.96015, 0.95687, 0.95902, 0.9628, 0.96219, 0.96161, 
0.96259, 0.96405, 0.1702, 0.1733, 0.1617, 0.1808, 0.2102, 0.403, 
0.2942, 0.3345, 0.3236, 0.3762, 0.36, 260.2, 241.5, 213.7, 227.3, 
246.3, 426.3, 312.7, 337.5, 228.3, 352.3, 285.3, 61, 963, 2054, 
1790, 406, 1391, 787, 1059, 1038, 1915, 1534, 4, 1, 1, 2, 1, 
2, 1, 1, 1, 1, 1, 100, 100, 100, 100, 100, 100, 100, 100, 100, 
100, 100, 2500, 2500, 2500, 2500, 2500, 2500, 2500, 2500, 2500, 
2500, 2500, 14722.821, 16055.694, 17132.067, 19368.156, 25255.795, 
22535.549, 23587.578, 25606.522, 27093.304, 28983.984, 29620.753, 
1, 1, 1, 1, 1, 1, 1, 1, 1, 1, 1, 0.05556, 0.05556, 0.05556, 0.05556, 
0.05556, 0.05556, 0.05556, 0.05556, 0.05556, 0.05556, 0.05556, 
0, 0, 0, 0, 0, 0, 0, 0, 0, 0, 0, 0, 0, 0, 0, 0, 0, 0, 0, 0, 0, 
0, 0.93191, 0.93195, 0.93132, 0.93209, 0.93015, 0.93082, 0.92975, 
0.9334, 0.9371, 0.9353, 0.93624, 0.92808, 0.93192, 0.93529, 0.93136, 
0.92874, 0.93209, 0.92916, 0.93282, 0.93389, 0.93481, 0.93817, 
0.1973, 0.239, 0.26, 0.3149, 0.3522, 0.3869, 0.4184, 0.463, 0.4949, 
0.5362, 0.5497, 381.6, 408.6, 433.8, 458.2, 479.3, 499, 522, 
541.5, 553.2, 577.6, 596.6, 1, 1, 1, 1, 1, 1, 1, 1, 1, 1, 1, 
1, 1, 1, 1, 1, 1, 1, 1, 1, 1, 1, 1, 1, 1, 1, 1, 1, 1, 1, 1, 1, 
1, 1, 1, 1, 1, 1, 1, 1, 1, 1, 1, 1, 5.061, 5.547, 5.71, 6.46, 
8.578, 7.177, 7.423, 7.921, 8.369, 8.72, 8.918), .Dim = c(11L, 
40L), .Dimnames = list(NULL, c("Sampling", "PSO.cost", "PSO.gamma", 
"PSO.data.balancing", "PSO.feature.selection", "PSO.valid.acc", 
"PSO.test.acc", "PSO.train.time", "PSO.n.support.vectors", "PSO.index", 
"PSO.n.solutions", "PSO.generations", "PSO.n.evaluations", "PSO.cpu.time", 
"RS.cost", "RS.gamma", "RS.data.balancing", "RS.feature.selection", 
"RS.valid.acc", "RS.test.acc", "RS.train.time", "RS.n.support.vectors", 
"RS.index", "RS.n.solutions", "RS.generations", "RS.n.evaluations", 
"RS.cpu.time", "DF.cost", "DF.gamma", "DF.data.balancing", "DF.feature.selection", 
"DF.valid.acc", "DF.test.acc", "DF.train.time", "DF.n.support.vectors", 
"DF.index", "DF.n.solutions", "DF.generations", "DF.n.evaluations", 
"DF.cpu.time")))
