full <-
structure(c(50, 55, 60, 65, 70, 75, 80, 85, 90, 95, 100, 14.53234, 
11.2071, 11.43703, 13.34162, 9.47649, 14.85835, 10.41134, 14.74438, 
15, 9.77617, 10.07458, -10.10048, -7.92258, -7.51817, -7.5051, 
-8.19853, -8.74016, -7.15883, -8.53579, -8.36737, -8.10481, -7.43816, 
0, 0, 0, 0, 0, 0, 0, 0, 0, 0, 0, 0, 0, 0, 0, 0, 0, 0, 0, 0, 0, 
0, 0.96557, 0.96258, 0.96636, 0.96021, 0.963, 0.96735, 0.96699, 
0.96615, 0.9701, 0.96612, 0.96791, 0.96262, 0.95732, 0.96081, 
0.958, 0.95679, 0.96351, 0.96283, 0.96388, 0.95675, 0.9636, 0.96407, 
0.1481, 0.1518, 0.1744, 0.2188, 0.2001, 0.2826, 0.2357, 0.3339, 
0.3799, 0.3044, 0.3214, 166.1, 187.2, 192.7, 193.6, 237.1, 198.9, 
234.4, 211.8, 212.1, 269.6, 263, 2361, 555, 1893, 339, 780, 288, 
223, 1073, 1233, 778, 905, 1, 97, 1, 660, 43, 49, 208, 21, 13, 
50, 111, 100, 100, 100, 100, 100, 100, 100, 100, 100, 100, 100, 
2500, 2500, 2500, 2500, 2500, 2500, 2500, 2500, 2500, 2500, 2500, 
10708.993, 11096.975, 11446.244, 12618.007, 12595.886, 14448.505, 
13655.605, 15277.195, 16695.068, 15430.264, 16388.223, 14.84203, 
14.11448, 12.1454, 13.47775, 11.2235, 14.86955, 7.612, 9.53031, 
13.68334, 10.00406, 10.0525, -10.36817, -9.27787, -7.80305, -7.58247, 
-7.71238, -8.86367, -5.62443, -6.49319, -7.688, -8.15052, -7.45396, 
0, 0, 0, 0, 0, 0, 0, 0, 0, 0, 0, 0, 0, 0, 0, 0, 0, 0, 0, 0, 0, 
0, 0.96462, 0.96085, 0.96556, 0.95947, 0.96232, 0.96607, 0.9646, 
0.9656, 0.96851, 0.96512, 0.96791, 0.96355, 0.95818, 0.96161, 
0.95799, 0.95818, 0.96351, 0.9616, 0.9605, 0.95246, 0.96359, 
0.96407, 0.1484, 0.1639, 0.1741, 0.2163, 0.2053, 0.2839, 0.2489, 
0.2606, 0.3342, 0.303, 0.3198, 166.2, 173.9, 186.9, 193.4, 211.8, 
200.2, 271.9, 252.2, 220.9, 266.4, 263.5, 744, 2030, 971, 54, 
2174, 1481, 1783, 2044, 199, 631, 1361, 1, 2, 1, 1, 1, 1, 1, 
1, 1, 4, 1, 100, 100, 100, 100, 100, 100, 100, 100, 100, 100, 
100, 2500, 2500, 2500, 2500, 2500, 2500, 2500, 2500, 2500, 2500, 
2500, 14117.233, 15398.266, 16882.76, 18055.243, 19368.307, 21070.13, 
22782.108, 24190.469, 26102.412, 27628.715, 29920.599, 1, 1, 
1, 1, 1, 1, 1, 1, 1, 1, 1, 0.05556, 0.05556, 0.05556, 0.05556, 
0.05556, 0.05556, 0.05556, 0.05556, 0.05556, 0.05556, 0.05556, 
0, 0, 0, 0, 0, 0, 0, 0, 0, 0, 0, 0, 0, 0, 0, 0, 0, 0, 0, 0, 0, 
0, 0.91104, 0.91813, 0.92164, 0.92329, 0.92806, 0.92769, 0.9304, 
0.93108, 0.93117, 0.93124, 0.93771, 0.9139, 0.92073, 0.91848, 
0.92546, 0.92805, 0.92897, 0.9322, 0.92994, 0.92851, 0.93479, 
0.93434, 0.2109, 0.2412, 0.2653, 0.3007, 0.3366, 0.3845, 0.4082, 
0.4539, 0.4937, 0.5252, 0.568, 396.4, 421, 442.7, 456.6, 481, 
509.2, 520.7, 543.6, 564.5, 573.8, 595.7, 1, 1, 1, 1, 1, 1, 1, 
1, 1, 1, 1, 1, 1, 1, 1, 1, 1, 1, 1, 1, 1, 1, 1, 1, 1, 1, 1, 1, 
1, 1, 1, 1, 1, 1, 1, 1, 1, 1, 1, 1, 1, 1, 1, 1, 5.002, 5.343, 
5.593, 5.927, 6.424, 6.91, 7.119, 7.588, 8.182, 8.396, 9.1), .Dim = c(11L, 
40L), .Dimnames = list(NULL, c("Sampling", "PSO.cost", "PSO.gamma", 
"PSO.data.balancing", "PSO.feature.selection", "PSO.valid.acc", 
"PSO.test.acc", "PSO.train.time", "PSO.n.support.vectors", "PSO.index", 
"PSO.n.solutions", "PSO.generations", "PSO.n.evaluations", "PSO.cpu.time", 
"RS.cost", "RS.gamma", "RS.data.balancing", "RS.feature.selection", 
"RS.valid.acc", "RS.test.acc", "RS.train.time", "RS.n.support.vectors", 
"RS.index", "RS.n.solutions", "RS.generations", "RS.n.evaluations", 
"RS.cpu.time", "DF.cost", "DF.gamma", "DF.data.balancing", "DF.feature.selection", 
"DF.valid.acc", "DF.test.acc", "DF.train.time", "DF.n.support.vectors", 
"DF.index", "DF.n.solutions", "DF.generations", "DF.n.evaluations", 
"DF.cpu.time")))
