full <-
structure(c(50, 55, 60, 65, 70, 75, 80, 85, 90, 95, 100, 13.78509, 
14.75055, 11.99818, 13.05048, 14.98155, 14.16511, 5.46605, 9.0044, 
11.39504, 6.84538, 13.81322, -12.84678, -7.54597, -7.71792, -8.21173, 
-8.60902, -8.56704, -4.40574, -6.48676, -6.75176, -5.00091, -8.05641, 
0, 0, 0, 0, 0, 0, 0, 0, 0, 0, 0, 0, 0, 0, 0, 0, 0, 0, 0, 0, 0, 
0, 0.957, 0.95821, 0.95924, 0.96381, 0.96436, 0.96612, 0.96349, 
0.96837, 0.97011, 0.96768, 0.96931, 0.93883, 0.95209, 0.95763, 
0.95939, 0.95752, 0.96103, 0.95987, 0.96443, 0.96211, 0.96563, 
0.9626, 0.1239, 0.1782, 0.1638, 0.1893, 0.2592, 0.25, 0.2875, 
0.2539, 0.2959, 0.3346, 0.3903, 192.2, 167.3, 181.6, 181.5, 183.9, 
189.5, 308.6, 253, 238.4, 307.6, 233.2, 1166, 228, 408, 456, 
829, 287, 532, 523, 1753, 229, 1811, 46, 246, 391, 289, 381, 
130, 539, 50, 5, 50, 3, 100, 100, 100, 100, 100, 100, 100, 100, 
100, 100, 100, 2500, 2500, 2500, 2500, 2500, 2500, 2500, 2500, 
2500, 2500, 2500, 9714.956, 13247.95, 12753.219, 13675.826, 12439.672, 
12750.939, 16417.67, 14043.883, 15454.111, 16373.134, 18188.435, 
13.32042, 14.28918, 13.41975, 14.38144, 14.76711, 8.4243, 5.45988, 
8.80984, 10.89342, 7.48265, 13.21603, -12.44161, -7.24561, -8.89973, 
-8.21419, -9.71118, -7.10893, -4.38305, -6.44223, -6.73484, -5.8632, 
-7.59527, 0, 0, 0, 0, 0, 0, 0, 0, 0, 0, 0, 0, 0, 0, 0, 0, 0, 
0, 0, 0, 0, 0, 0.95605, 0.95733, 0.95922, 0.96306, 0.963, 0.96544, 
0.96349, 0.96724, 0.96959, 0.96715, 0.96788, 0.93788, 0.95209, 
0.95204, 0.95866, 0.95682, 0.96417, 0.95987, 0.96499, 0.96105, 
0.96359, 0.96453, 0.1271, 0.1693, 0.1716, 0.2135, 0.2275, 0.2165, 
0.2821, 0.2615, 0.289, 0.3126, 0.3722, 193, 171.2, 174.3, 174.2, 
191.4, 242.3, 309.7, 256, 241.6, 288, 238.6, 1394, 43, 1065, 
365, 1948, 223, 741, 976, 993, 224, 1135, 1, 2, 1, 1, 1, 1, 1, 
4, 1, 1, 2, 100, 100, 100, 100, 100, 100, 100, 100, 100, 100, 
100, 2500, 2500, 2500, 2500, 2500, 2500, 2500, 2500, 2500, 2500, 
2500, 13472.956, 17186.731, 18172.055, 19551.391, 17586.011, 
21129.474, 23048.756, 25192.279, 26163.53, 27022.529, 30601.211, 
1, 1, 1, 1, 1, 1, 1, 1, 1, 1, 1, 0.05556, 0.05556, 0.05556, 0.05556, 
0.05556, 0.05556, 0.05556, 0.05556, 0.05556, 0.05556, 0.05556, 
0, 0, 0, 0, 0, 0, 0, 0, 0, 0, 0, 0, 0, 0, 0, 0, 0, 0, 0, 0, 0, 
0, 0.91492, 0.92154, 0.92397, 0.92699, 0.93003, 0.9303, 0.92868, 
0.9328, 0.92854, 0.93072, 0.9353, 0.91392, 0.92505, 0.91601, 
0.92628, 0.92525, 0.92776, 0.92746, 0.93224, 0.92802, 0.93174, 
0.93289, 0.205, 0.2444, 0.2672, 0.3065, 0.3382, 0.3753, 0.3996, 
0.4571, 0.4867, 0.5309, 0.5703, 378.6, 406.7, 428.5, 450.7, 474.3, 
492.3, 509.7, 535.9, 552.2, 573.7, 592.4, 1, 1, 1, 1, 1, 1, 1, 
1, 1, 1, 1, 1, 1, 1, 1, 1, 1, 1, 1, 1, 1, 1, 1, 1, 1, 1, 1, 1, 
1, 1, 1, 1, 1, 1, 1, 1, 1, 1, 1, 1, 1, 1, 1, 1, 5.642, 5.975, 
6.27, 6.746, 6.117, 7.408, 6.773, 8.253, 8.552, 9.091, 8.697), .Dim = c(11L, 
40L), .Dimnames = list(NULL, c("Sampling", "PSO.cost", "PSO.gamma", 
"PSO.data.balancing", "PSO.feature.selection", "PSO.valid.acc", 
"PSO.test.acc", "PSO.train.time", "PSO.n.support.vectors", "PSO.index", 
"PSO.n.solutions", "PSO.generations", "PSO.n.evaluations", "PSO.cpu.time", 
"RS.cost", "RS.gamma", "RS.data.balancing", "RS.feature.selection", 
"RS.valid.acc", "RS.test.acc", "RS.train.time", "RS.n.support.vectors", 
"RS.index", "RS.n.solutions", "RS.generations", "RS.n.evaluations", 
"RS.cpu.time", "DF.cost", "DF.gamma", "DF.data.balancing", "DF.feature.selection", 
"DF.valid.acc", "DF.test.acc", "DF.train.time", "DF.n.support.vectors", 
"DF.index", "DF.n.solutions", "DF.generations", "DF.n.evaluations", 
"DF.cpu.time")))
