full <-
structure(c(50, 55, 60, 65, 70, 75, 80, 85, 90, 95, 100, 12.54117, 
6.71494, 5.62723, 7.48383, 15, 7.25447, 9.5965, 8.11048, 11.97753, 
5.71543, 13.01761, -9.74754, -5.82174, -5.42051, -6.5357, -10.07361, 
-4.44428, -7.74947, -8.50109, -7.5744, -5.34589, -10.15922, 0, 
0, 0, 0, 0, 0, 0, 0, 0, 0, 0, 0, 0, 0, 0, 0, 0, 0, 0, 0, 0, 0, 
0.95972, 0.96086, 0.96403, 0.96456, 0.96436, 0.96608, 0.96578, 
0.9661, 0.96585, 0.96665, 0.9679, 0.95306, 0.95648, 0.95839, 
0.96011, 0.95957, 0.96158, 0.96516, 0.96329, 0.96049, 0.9636, 
0.96406, 0.1277, 0.1499, 0.1783, 0.2069, 0.2513, 0.279, 0.2503, 
0.291, 0.3204, 0.3599, 0.3658, 169.9, 219, 250.5, 231.5, 186.1, 
283.4, 237.6, 296.3, 234.2, 327.5, 257.1, 1244, 344, 1109, 1118, 
821, 371, 632, 1481, 331, 900, 1116, 19, 618, 92, 75, 99, 86, 
93, 10, 38, 45, 46, 100, 100, 100, 100, 100, 100, 100, 100, 100, 
100, 100, 2500, 2500, 2500, 2500, 2500, 2500, 2500, 2500, 2500, 
2500, 2500, 11516.773, 12228.128, 13291.497, 19122.774, 20109.734, 
21689.307, 20972.85, 20871.7, 22203.337, 23586.515, 23465.958, 
12.2827, 6.8437, 5.87078, 7.61309, 11.77052, 8.10548, 6.72327, 
8.93344, 12.43953, 5.79649, 12.94815, -9.43901, -5.70961, -5.49295, 
-6.63748, -9.0246, -6.75348, -6.53459, -8.32147, -8.81996, -5.39418, 
-10.1013, 0, 0, 0, 0, 0, 0, 0, 0, 0, 0, 0, 0, 0, 0, 0, 0, 0, 
0, 0, 0, 0, 0, 0.95872, 0.95999, 0.96402, 0.96455, 0.96299, 0.96415, 
0.96518, 0.96555, 0.96426, 0.96665, 0.96742, 0.95212, 0.95562, 
0.95839, 0.96086, 0.95957, 0.96286, 0.96579, 0.96216, 0.95838, 
0.9631, 0.96454, 0.1275, 0.1514, 0.177, 0.2085, 0.2098, 0.2363, 
0.28, 0.2753, 0.3078, 0.3573, 0.3628, 168.6, 218.5, 245.9, 230.2, 
205.7, 243.1, 280.3, 268.7, 233.7, 325.8, 257.2, 197, 1117, 1630, 
1085, 1132, 1020, 1451, 308, 1485, 492, 99, 2, 2, 1, 1, 1, 1, 
1, 1, 1, 1, 3, 100, 100, 100, 100, 100, 100, 100, 100, 100, 100, 
100, 2500, 2500, 2500, 2500, 2500, 2500, 2500, 2500, 2500, 2500, 
2500, 15297.213, 16678.709, 17878.949, 25957.328, 26329.534, 
28859.024, 29331.187, 31100.368, 33258.45, 35371.215, 37300.614, 
1, 1, 1, 1, 1, 1, 1, 1, 1, 1, 1, 0.05556, 0.05556, 0.05556, 0.05556, 
0.05556, 0.05556, 0.05556, 0.05556, 0.05556, 0.05556, 0.05556, 
0, 0, 0, 0, 0, 0, 0, 0, 0, 0, 0, 0, 0, 0, 0, 0, 0, 0, 0, 0, 0, 
0, 0.92406, 0.92255, 0.92565, 0.92543, 0.93146, 0.93409, 0.93278, 
0.93618, 0.93588, 0.93731, 0.93579, 0.92034, 0.91986, 0.92801, 
0.9306, 0.92871, 0.93091, 0.93338, 0.93732, 0.93535, 0.93681, 
0.93339, 0.199, 0.2327, 0.2641, 0.3182, 0.3364, 0.3915, 0.4199, 
0.4723, 0.4935, 0.556, 0.6098, 361.4, 390.4, 411.7, 432.3, 460.4, 
483.9, 515, 534.8, 557.4, 576.2, 594.7, 1, 1, 1, 1, 1, 1, 1, 
1, 1, 1, 1, 1, 1, 1, 1, 1, 1, 1, 1, 1, 1, 1, 1, 1, 1, 1, 1, 1, 
1, 1, 1, 1, 1, 1, 1, 1, 1, 1, 1, 1, 1, 1, 1, 1, 5.314, 5.711, 
6.256, 8.527, 8.934, 10.276, 9.213, 10.775, 10.65, 11.433, 12.225
), .Dim = c(11L, 40L), .Dimnames = list(NULL, c("Sampling", "PSO.cost", 
"PSO.gamma", "PSO.data.balancing", "PSO.feature.selection", "PSO.valid.acc", 
"PSO.test.acc", "PSO.train.time", "PSO.n.support.vectors", "PSO.index", 
"PSO.n.solutions", "PSO.generations", "PSO.n.evaluations", "PSO.cpu.time", 
"RS.cost", "RS.gamma", "RS.data.balancing", "RS.feature.selection", 
"RS.valid.acc", "RS.test.acc", "RS.train.time", "RS.n.support.vectors", 
"RS.index", "RS.n.solutions", "RS.generations", "RS.n.evaluations", 
"RS.cpu.time", "DF.cost", "DF.gamma", "DF.data.balancing", "DF.feature.selection", 
"DF.valid.acc", "DF.test.acc", "DF.train.time", "DF.n.support.vectors", 
"DF.index", "DF.n.solutions", "DF.generations", "DF.n.evaluations", 
"DF.cpu.time")))
