full <-
structure(c(50, 55, 60, 65, 70, 75, 80, 85, 90, 95, 100, 10.73446, 
8.05832, 7.06149, 13.13475, 10.33488, 12.87292, 8.153, 7.1282, 
8.09118, 6.48421, 14.67597, -8.51344, -5.90626, -5.06707, -7.211, 
-7.88136, -7.79513, -6.36553, -4.95024, -6.98463, -6.41312, -7.14883, 
0, 0, 0, 0, 0, 0, 0, 0, 0, 0, 0, 0, 0, 0, 0, 0, 0, 0, 0, 0, 0, 
0, 0.96546, 0.96515, 0.96484, 0.9683, 0.96845, 0.97309, 0.96585, 
0.97285, 0.96802, 0.96666, 0.97124, 0.95207, 0.9573, 0.96247, 
0.9661, 0.96576, 0.97376, 0.964, 0.96496, 0.96589, 0.96564, 0.96789, 
0.1249, 0.1499, 0.1742, 0.1839, 0.1907, 0.2227, 0.2375, 0.2777, 
0.2953, 0.3251, 0.4459, 176.4, 212.3, 239.6, 185.9, 205.4, 195.6, 
254.7, 293.3, 279.4, 317.4, 227.8, 1761, 683, 533, 2249, 732, 
1307, 352, 2468, 606, 1405, 628, 25, 89, 120, 481, 234, 12, 127, 
1, 86, 29, 84, 100, 100, 100, 100, 100, 100, 100, 100, 100, 100, 
100, 2500, 2500, 2500, 2500, 2500, 2500, 2500, 2500, 2500, 2500, 
2500, 11479.27, 11540.3, 12193.943, 12283.347, 12729.634, 12839.872, 
14840.417, 15917.085, 17852.593, 18313.006, 19908.657, 8.6569, 
7.94993, 6.41683, 6.68334, 7.27684, 12.33316, 7.93111, 7.08813, 
8.14694, 7.72186, 13.82094, -6.27414, -5.85895, -5.67274, -4.95347, 
-5.82335, -7.42598, -6.25785, -4.79319, -7.0123, -6.78825, -7.03052, 
0, 0, 0, 0, 0, 0, 0, 0, 0, 0, 0, 0, 0, 0, 0, 0, 0, 0, 0, 0, 0, 
0, 0.96354, 0.96515, 0.9641, 0.96753, 0.96847, 0.97181, 0.96525, 
0.97172, 0.96802, 0.96566, 0.96981, 0.95204, 0.9573, 0.96409, 
0.9631, 0.9637, 0.97313, 0.9634, 0.96666, 0.96536, 0.96565, 0.96549, 
0.1285, 0.1477, 0.1678, 0.1959, 0.2109, 0.2173, 0.1528, 0.2863, 
0.2967, 0.3247, 0.4147, 198.7, 212.8, 236.7, 255.2, 244.5, 199.5, 
257.6, 295.7, 278.3, 294.3, 230.8, 2415, 647, 1403, 2096, 1809, 
2375, 250, 771, 433, 903, 1327, 1, 2, 1, 1, 1, 1, 2, 1, 1, 2, 
1, 100, 100, 100, 100, 100, 100, 100, 100, 100, 100, 100, 2500, 
2500, 2500, 2500, 2500, 2500, 2500, 2500, 2500, 2500, 2500, 14942.928, 
15830.52, 16791.164, 18288.154, 20611.918, 20075.284, 21936.268, 
26309.085, 28080.441, 28355.651, 32343.064, 1, 1, 1, 1, 1, 1, 
1, 1, 1, 1, 1, 0.05556, 0.05556, 0.05556, 0.05556, 0.05556, 0.05556, 
0.05556, 0.05556, 0.05556, 0.05556, 0.05556, 0, 0, 0, 0, 0, 0, 
0, 0, 0, 0, 0, 0, 0, 0, 0, 0, 0, 0, 0, 0, 0, 0, 0.92997, 0.93467, 
0.93207, 0.9314, 0.93352, 0.93083, 0.93107, 0.9356, 0.93391, 
0.93631, 0.93434, 0.92419, 0.9338, 0.93127, 0.93137, 0.93356, 
0.93211, 0.93105, 0.93162, 0.93604, 0.9363, 0.93675, 0.1936, 
0.2344, 0.2624, 0.2986, 0.2115, 0.3697, 0.4088, 0.4524, 0.5053, 
0.5218, 0.5677, 365.8, 392.3, 426.8, 454.5, 473.8, 495.5, 522.3, 
540.3, 561.2, 580.7, 595, 1, 1, 1, 1, 1, 1, 1, 1, 1, 1, 1, 1, 
1, 1, 1, 1, 1, 1, 1, 1, 1, 1, 1, 1, 1, 1, 1, 1, 1, 1, 1, 1, 1, 
1, 1, 1, 1, 1, 1, 1, 1, 1, 1, 1, 5.038, 5.501, 5.645, 5.928, 
5.311, 6.711, 8.062, 8.683, 8.981, 8.253, 8.862), .Dim = c(11L, 
40L), .Dimnames = list(NULL, c("Sampling", "PSO.cost", "PSO.gamma", 
"PSO.data.balancing", "PSO.feature.selection", "PSO.valid.acc", 
"PSO.test.acc", "PSO.train.time", "PSO.n.support.vectors", "PSO.index", 
"PSO.n.solutions", "PSO.generations", "PSO.n.evaluations", "PSO.cpu.time", 
"RS.cost", "RS.gamma", "RS.data.balancing", "RS.feature.selection", 
"RS.valid.acc", "RS.test.acc", "RS.train.time", "RS.n.support.vectors", 
"RS.index", "RS.n.solutions", "RS.generations", "RS.n.evaluations", 
"RS.cpu.time", "DF.cost", "DF.gamma", "DF.data.balancing", "DF.feature.selection", 
"DF.valid.acc", "DF.test.acc", "DF.train.time", "DF.n.support.vectors", 
"DF.index", "DF.n.solutions", "DF.generations", "DF.n.evaluations", 
"DF.cpu.time")))
