full <-
structure(c(50, 55, 60, 65, 70, 75, 80, 85, 90, 95, 100, 5.62215, 
6.76681, 8.31129, 4.57591, 4.65382, 5.89756, 14.1707, 6.97951, 
14.55077, 14.27016, 7.44924, -6.03884, -5.80321, -6.37667, -5.4928, 
-5.52995, -5.90046, -11.01475, -5.16483, -9.45487, -7.63636, 
-4.53737, 0, 0, 0, 0, 0, 0, 0, 0, 0, 0, 0, 0, 0, 0, 0, 0, 0, 
0, 0, 0, 0, 0, 0.96449, 0.96344, 0.96964, 0.96533, 0.96848, 0.96803, 
0.96821, 0.96896, 0.96959, 0.96713, 0.97026, 0.95683, 0.96345, 
0.96244, 0.96089, 0.96161, 0.96486, 0.9628, 0.96159, 0.96319, 
0.96153, 0.96546, 0.1347, 0.1438, 0.1566, 0.1992, 0.2355, 0.2496, 
0.2556, 0.286, 0.3284, 0.3789, 0.3731, 222.6, 216.7, 208.9, 279.3, 
290.5, 274, 212.9, 284.5, 213.8, 221.1, 325.7, 1707, 698, 1800, 
257, 447, 791, 345, 776, 1635, 1736, 1101, 217, 376, 25, 51, 
258, 136, 131, 43, 2, 4, 140, 100, 100, 100, 100, 100, 100, 100, 
100, 100, 100, 100, 2500, 2500, 2500, 2500, 2500, 2500, 2500, 
2500, 2500, 2500, 2500, 10228.914, 10748.9, 11158.686, 11913.815, 
15215.274, 15446.845, 15838.911, 17258.632, 17855.362, 18968.738, 
19302.8, 5.42302, 6.14786, 6.38722, 5.48816, 5.39941, 7.32311, 
13.80373, 6.92447, 14.68131, 13.09422, 8.99228, -6.15907, -5.48344, 
-5.17935, -5.22504, -5.36452, -6.91875, -10.79906, -5.14116, 
-9.46012, -7.73668, -4.45906, 0, 0, 0, 0, 0, 0, 0, 0, 0, 0, 0, 
0, 0, 0, 0, 0, 0, 0, 0, 0, 0, 0, 0.96449, 0.96171, 0.96725, 0.96602, 
0.96645, 0.96675, 0.96702, 0.96896, 0.96852, 0.96661, 0.96882, 
0.95969, 0.96258, 0.96007, 0.96606, 0.9616, 0.96164, 0.9634, 
0.96159, 0.96373, 0.96104, 0.96498, 0.1353, 0.1481, 0.1665, 0.2038, 
0.2293, 0.2213, 0.2524, 0.2822, 0.3271, 0.3296, 0.3792, 227.2, 
225.4, 237.3, 259.2, 270.8, 253.7, 213.8, 285.3, 213.6, 228.6, 
313.7, 1631, 1551, 694, 2432, 2462, 259, 772, 908, 729, 821, 
1342, 1, 3, 1, 1, 1, 1, 1, 1, 1, 1, 1, 100, 100, 100, 100, 100, 
100, 100, 100, 100, 100, 100, 2500, 2500, 2500, 2500, 2500, 2500, 
2500, 2500, 2500, 2500, 2500, 13668.239, 14715.162, 16166.801, 
18175.675, 21862.811, 23067.285, 24886.074, 26340.302, 27657.212, 
29742.491, 31979.041, 1, 1, 1, 1, 1, 1, 1, 1, 1, 1, 1, 0.05556, 
0.05556, 0.05556, 0.05556, 0.05556, 0.05556, 0.05556, 0.05556, 
0.05556, 0.05556, 0.05556, 0, 0, 0, 0, 0, 0, 0, 0, 0, 0, 0, 0, 
0, 0, 0, 0, 0, 0, 0, 0, 0, 0, 0.93376, 0.93111, 0.93209, 0.93584, 
0.9383, 0.93857, 0.93887, 0.93734, 0.93547, 0.93682, 0.93764, 
0.92898, 0.93459, 0.9321, 0.93436, 0.9369, 0.93792, 0.94067, 
0.93735, 0.93653, 0.93884, 0.9391, 0.2006, 0.232, 0.2598, 0.3037, 
0.3344, 0.3853, 0.4059, 0.4571, 0.4811, 0.5257, 0.5669, 383.3, 
408.5, 430.5, 450.4, 471.7, 490, 507.4, 534.3, 553.6, 575.2, 
596.1, 1, 1, 1, 1, 1, 1, 1, 1, 1, 1, 1, 1, 1, 1, 1, 1, 1, 1, 
1, 1, 1, 1, 1, 1, 1, 1, 1, 1, 1, 1, 1, 1, 1, 1, 1, 1, 1, 1, 1, 
1, 1, 1, 1, 1, 4.753, 5.067, 5.44, 6.754, 7.154, 7.725, 7.875, 
8.365, 8.742, 9.089, 9.776), .Dim = c(11L, 40L), .Dimnames = list(
    NULL, c("Sampling", "PSO.cost", "PSO.gamma", "PSO.data.balancing", 
    "PSO.feature.selection", "PSO.valid.acc", "PSO.test.acc", 
    "PSO.train.time", "PSO.n.support.vectors", "PSO.index", "PSO.n.solutions", 
    "PSO.generations", "PSO.n.evaluations", "PSO.cpu.time", "RS.cost", 
    "RS.gamma", "RS.data.balancing", "RS.feature.selection", 
    "RS.valid.acc", "RS.test.acc", "RS.train.time", "RS.n.support.vectors", 
    "RS.index", "RS.n.solutions", "RS.generations", "RS.n.evaluations", 
    "RS.cpu.time", "DF.cost", "DF.gamma", "DF.data.balancing", 
    "DF.feature.selection", "DF.valid.acc", "DF.test.acc", "DF.train.time", 
    "DF.n.support.vectors", "DF.index", "DF.n.solutions", "DF.generations", 
    "DF.n.evaluations", "DF.cpu.time")))
