full <-
structure(c(50, 55, 60, 65, 70, 75, 80, 85, 90, 95, 100, 14.26177, 
9.31127, 9.87899, 10.78461, 13.16767, 11.66734, 14.22049, 8.08023, 
14.36749, 4.31141, 11.5954, -8.69448, -8.02572, -5.85577, -5.93524, 
-7.51998, -7.10616, -7.95607, -7.40698, -8.03877, -3.33812, -7.04322, 
0, 0, 0, 0, 0, 0, 0, 0, 0, 0, 0, 0, 0, 0, 0, 0, 0, 0, 0, 0, 0, 
0, 0.95586, 0.95818, 0.96242, 0.96381, 0.96575, 0.9674, 0.96284, 
0.96611, 0.9685, 0.96514, 0.96981, 0.95782, 0.95118, 0.95525, 
0.95719, 0.96233, 0.95839, 0.96164, 0.95993, 0.96158, 0.95908, 
0.96504, 0.1654, 0.153, 0.1755, 0.1919, 0.2251, 0.2258, 0.3016, 
0.2706, 0.3601, 0.4413, 0.3394, 165.9, 207.8, 207.3, 207.8, 193.6, 
206.7, 207.1, 275.3, 217.7, 410.5, 249.6, 570, 478, 653, 567, 
635, 573, 357, 417, 1261, 1824, 519, 59, 64, 62, 209, 233, 261, 
639, 333, 16, 19, 52, 100, 100, 100, 100, 100, 100, 100, 100, 
100, 100, 100, 2500, 2500, 2500, 2500, 2500, 2500, 2500, 2500, 
2500, 2500, 2500, 12750.304, 12858.676, 12774.083, 12844.978, 
13529.038, 14105.039, 16143.929, 15591.393, 18224.539, 20149.101, 
18895.688, 13.79389, 13.6949, 8.84625, 10.69902, 13.72206, 11.78308, 
14.15763, 7.39816, 13.7821, 5.4898, 12.26884, -7.79178, -10.58578, 
-5.4317, -5.88076, -7.81682, -7.16766, -7.89157, -6.9101, -8.36715, 
-3.46105, -7.44134, 0, 0, 0, 0, 0, 0, 0, 0, 0, 0, 0, 0, 0, 0, 
0, 0, 0, 0, 0, 0, 0, 0, 0.95494, 0.9573, 0.96164, 0.96308, 0.96506, 
0.9674, 0.96284, 0.965, 0.96743, 0.96361, 0.96933, 0.95493, 0.95207, 
0.95365, 0.95793, 0.96233, 0.95839, 0.96224, 0.95991, 0.96265, 
0.9606, 0.96456, 0.1617, 0.1538, 0.1759, 0.1873, 0.2417, 0.2279, 
0.3081, 0.2753, 0.3249, 0.4235, 0.3512, 170.7, 186.9, 218, 208.2, 
189.9, 205.6, 208, 285.4, 219.7, 384.8, 243.5, 1007, 419, 2313, 
390, 381, 1129, 550, 1439, 1330, 1400, 1534, 1, 4, 1, 1, 2, 1, 
2, 1, 1, 1, 2, 100, 100, 100, 100, 100, 100, 100, 100, 100, 100, 
100, 2500, 2500, 2500, 2500, 2500, 2500, 2500, 2500, 2500, 2500, 
2500, 15943.324, 16886.085, 17639.869, 18504.316, 20369.368, 
22607.199, 23631.304, 25575.598, 27729.552, 30079.277, 31215.53, 
1, 1, 1, 1, 1, 1, 1, 1, 1, 1, 1, 0.05556, 0.05556, 0.05556, 0.05556, 
0.05556, 0.05556, 0.05556, 0.05556, 0.05556, 0.05556, 0.05556, 
0, 0, 0, 0, 0, 0, 0, 0, 0, 0, 0, 0, 0, 0, 0, 0, 0, 0, 0, 0, 0, 
0, 0.91466, 0.91365, 0.91923, 0.9203, 0.92871, 0.92963, 0.93099, 
0.93119, 0.93169, 0.93432, 0.93624, 0.9204, 0.91192, 0.91918, 
0.92023, 0.92666, 0.93858, 0.93219, 0.93007, 0.93115, 0.93483, 
0.93816, 0.2066, 0.2369, 0.2672, 0.3037, 0.3356, 0.3748, 0.408, 
0.4563, 0.493, 0.5264, 0.5839, 388.8, 410.4, 430.4, 453, 470.9, 
496.4, 518.5, 543.4, 567.1, 579.8, 596, 1, 1, 1, 1, 1, 1, 1, 
1, 1, 1, 1, 1, 1, 1, 1, 1, 1, 1, 1, 1, 1, 1, 1, 1, 1, 1, 1, 1, 
1, 1, 1, 1, 1, 1, 1, 1, 1, 1, 1, 1, 1, 1, 1, 1, 5.549, 5.62, 
5.823, 6.299, 6.795, 7.18, 7.549, 8.273, 8.72, 9.105, 9.801), .Dim = c(11L, 
40L), .Dimnames = list(NULL, c("Sampling", "PSO.cost", "PSO.gamma", 
"PSO.data.balancing", "PSO.feature.selection", "PSO.valid.acc", 
"PSO.test.acc", "PSO.train.time", "PSO.n.support.vectors", "PSO.index", 
"PSO.n.solutions", "PSO.generations", "PSO.n.evaluations", "PSO.cpu.time", 
"RS.cost", "RS.gamma", "RS.data.balancing", "RS.feature.selection", 
"RS.valid.acc", "RS.test.acc", "RS.train.time", "RS.n.support.vectors", 
"RS.index", "RS.n.solutions", "RS.generations", "RS.n.evaluations", 
"RS.cpu.time", "DF.cost", "DF.gamma", "DF.data.balancing", "DF.feature.selection", 
"DF.valid.acc", "DF.test.acc", "DF.train.time", "DF.n.support.vectors", 
"DF.index", "DF.n.solutions", "DF.generations", "DF.n.evaluations", 
"DF.cpu.time")))
