full <-
structure(c(50, 55, 60, 65, 70, 75, 80, 85, 90, 95, 100, 10.03674, 
11.82363, 11.86297, 11.32729, 9.99578, 4.2489, 5.22905, 12.09707, 
9.37416, 15, 11.19316, -8.20302, -6.41418, -6.39708, -7.21045, 
-6.45205, -3.21892, -5.32427, -6.76617, -6.28964, -7.80852, -8.06437, 
0, 0, 0, 0, 0, 0, 0, 0, 0, 0, 0, 0, 0, 0, 0, 0, 0, 0, 0, 0, 0, 
0, 0.96449, 0.96517, 0.96642, 0.96532, 0.96917, 0.96731, 0.96881, 
0.9673, 0.96854, 0.96969, 0.97026, 0.95406, 0.96164, 0.96882, 
0.96382, 0.95892, 0.96031, 0.96461, 0.95992, 0.96159, 0.96462, 
0.96835, 0.1271, 0.1503, 0.1787, 0.183, 0.2066, 0.32, 0.2725, 
0.2835, 0.2893, 0.4438, 0.325, 183.9, 180.6, 190.2, 196, 219, 
361, 310.4, 226.8, 255, 222.3, 255.2, 254, 134, 1391, 297, 1282, 
2123, 1220, 404, 979, 1194, 1845, 409, 307, 77, 80, 50, 2, 47, 
38, 149, 3, 10, 100, 100, 100, 100, 100, 100, 100, 100, 100, 
100, 100, 2500, 2500, 2500, 2500, 2500, 2500, 2500, 2500, 2500, 
2500, 2500, 12702.837, 13169.29, 12729.795, 13041.227, 13574.186, 
15505.494, 15719.383, 15146.697, 15132.238, 18759.053, 17235.917, 
9.98089, 12.0309, 11.67968, 8.37793, 10.09949, 5.78282, 5.24585, 
11.40353, 9.40419, 14.67903, 11.25487, -8.1404, -6.5063, -6.28052, 
-6.78735, -6.52145, -5.31951, -5.29692, -6.42552, -6.21691, -7.71699, 
-8.11158, 0, 0, 0, 0, 0, 0, 0, 0, 0, 0, 0, 0, 0, 0, 0, 0, 0, 
0, 0, 0, 0, 0, 0.96449, 0.96342, 0.9648, 0.96529, 0.9678, 0.96666, 
0.96761, 0.96672, 0.968, 0.96868, 0.96979, 0.95309, 0.96164, 
0.96722, 0.95866, 0.95961, 0.96091, 0.96401, 0.96048, 0.96212, 
0.9641, 0.96835, 0.1252, 0.1519, 0.1675, 0.18, 0.2048, 0.2433, 
0.277, 0.2796, 0.2784, 0.4233, 0.3232, 183.5, 179.2, 192.3, 222.4, 
218.3, 286.2, 309.9, 231.3, 254.8, 225.3, 254.9, 2402, 482, 789, 
115, 582, 902, 1501, 440, 1671, 1354, 2267, 1, 1, 1, 1, 1, 1, 
2, 1, 1, 1, 1, 100, 100, 100, 100, 100, 100, 100, 100, 100, 100, 
100, 2500, 2500, 2500, 2500, 2500, 2500, 2500, 2500, 2500, 2500, 
2500, 16611.296, 17062.812, 18113.65, 19151.105, 20615.887, 21547.017, 
23729.757, 24636.134, 26634.329, 28294.778, 29556.908, 1, 1, 
1, 1, 1, 1, 1, 1, 1, 1, 1, 0.05556, 0.05556, 0.05556, 0.05556, 
0.05556, 0.05556, 0.05556, 0.05556, 0.05556, 0.05556, 0.05556, 
0, 0, 0, 0, 0, 0, 0, 0, 0, 0, 0, 0, 0, 0, 0, 0, 0, 0, 0, 0, 0, 
0, 0.91363, 0.91727, 0.92645, 0.92993, 0.92661, 0.92959, 0.93102, 
0.93338, 0.93438, 0.93731, 0.93765, 0.91553, 0.91553, 0.93129, 
0.92769, 0.92387, 0.93024, 0.92742, 0.93394, 0.93704, 0.9353, 
0.93909, 0.2064, 0.2415, 0.2778, 0.3071, 0.3428, 0.3747, 0.4108, 
0.4419, 0.4887, 0.5187, 0.5639, 388.1, 418, 441.1, 459.2, 482, 
504.1, 524.5, 537.2, 553.1, 574.5, 595.8, 1, 1, 1, 1, 1, 1, 1, 
1, 1, 1, 1, 1, 1, 1, 1, 1, 1, 1, 1, 1, 1, 1, 1, 1, 1, 1, 1, 1, 
1, 1, 1, 1, 1, 1, 1, 1, 1, 1, 1, 1, 1, 1, 1, 1, 5.437, 5.792, 
6.183, 6.422, 6.812, 7.077, 7.468, 7.855, 8.282, 8.485, 9.044
), .Dim = c(11L, 40L), .Dimnames = list(NULL, c("Sampling", "PSO.cost", 
"PSO.gamma", "PSO.data.balancing", "PSO.feature.selection", "PSO.valid.acc", 
"PSO.test.acc", "PSO.train.time", "PSO.n.support.vectors", "PSO.index", 
"PSO.n.solutions", "PSO.generations", "PSO.n.evaluations", "PSO.cpu.time", 
"RS.cost", "RS.gamma", "RS.data.balancing", "RS.feature.selection", 
"RS.valid.acc", "RS.test.acc", "RS.train.time", "RS.n.support.vectors", 
"RS.index", "RS.n.solutions", "RS.generations", "RS.n.evaluations", 
"RS.cpu.time", "DF.cost", "DF.gamma", "DF.data.balancing", "DF.feature.selection", 
"DF.valid.acc", "DF.test.acc", "DF.train.time", "DF.n.support.vectors", 
"DF.index", "DF.n.solutions", "DF.generations", "DF.n.evaluations", 
"DF.cpu.time")))
