full <-
structure(c(50, 55, 60, 65, 70, 75, 80, 85, 90, 95, 100, 13.5421, 
4.70315, 6.40404, 9.88009, 5.60041, 7.26015, 10.26518, 6.96128, 
9.47648, 11.21388, 7.58021, -7.86503, -5.43149, -5.84175, -9.23566, 
-6.46303, -7.12531, -7.06685, -3.59757, -6.1648, -5.53023, -3.77519, 
0, 0, 0, 0, 0, 0, 0, 0, 0, 0, 0, 0, 0, 0, 0, 0, 0, 0, 0, 0, 0, 
0, 0.96357, 0.96605, 0.96727, 0.96385, 0.96509, 0.96997, 0.96639, 
0.97179, 0.97061, 0.96764, 0.96932, 0.96166, 0.96253, 0.96492, 
0.95868, 0.96235, 0.96163, 0.96396, 0.9639, 0.96478, 0.96259, 
0.96786, 0.1416, 0.1612, 0.1677, 0.1786, 0.2147, 0.2248, 0.2292, 
0.3272, 0.2784, 0.3362, 0.403, 157.2, 258.1, 239.6, 228.2, 281.2, 
267.2, 227.1, 337.2, 259.9, 264.6, 350.6, 2477, 565, 343, 1607, 
1447, 1303, 38, 362, 881, 996, 1124, 1, 282, 465, 70, 68, 1, 
89, 673, 227, 53, 30, 100, 100, 100, 100, 100, 100, 100, 100, 
100, 100, 100, 2500, 2500, 2500, 2500, 2500, 2500, 2500, 2500, 
2500, 2500, 2500, 10986.035, 11442.316, 11776.369, 12114.789, 
12679.352, 13002.831, 13900.147, 15910.113, 15209.235, 16803.942, 
17380.801, 14.73097, 4.89826, 5.55997, 10.28106, 6.25591, 7.71179, 
11.61544, 7.56311, 8.9202, 14.62594, 6.64648, -8.38872, -5.44179, 
-5.29132, -9.59345, -6.73923, -7.41913, -7.78582, -3.67624, -4.31546, 
-7.36551, -3.26838, 0, 0, 0, 0, 0, 0, 0, 0, 0, 0, 0, 0, 0, 0, 
0, 0, 0, 0, 0, 0, 0, 0, 0.96162, 0.96519, 0.96569, 0.96385, 0.9644, 
0.96933, 0.96579, 0.96953, 0.96958, 0.96565, 0.96836, 0.95973, 
0.96339, 0.96253, 0.95869, 0.96167, 0.96226, 0.96398, 0.96278, 
0.9653, 0.96462, 0.96834, 0.1497, 0.1589, 0.1745, 0.1749, 0.2094, 
0.2195, 0.2271, 0.3285, 0.3247, 0.4065, 0.4453, 151.6, 254.2, 
252.9, 227.6, 270, 260.4, 215.5, 328.7, 300.7, 225.7, 390.3, 
675, 1208, 470, 2283, 2038, 315, 421, 1177, 335, 484, 1983, 1, 
2, 1, 1, 1, 1, 1, 1, 1, 2, 1, 100, 100, 100, 100, 100, 100, 100, 
100, 100, 100, 100, 2500, 2500, 2500, 2500, 2500, 2500, 2500, 
2500, 2500, 2500, 2500, 14134.115, 15398.686, 16558.203, 17723.576, 
19201.004, 20443.327, 22093.589, 24312.551, 25938.804, 27744.176, 
29207.633, 1, 1, 1, 1, 1, 1, 1, 1, 1, 1, 1, 0.05556, 0.05556, 
0.05556, 0.05556, 0.05556, 0.05556, 0.05556, 0.05556, 0.05556, 
0.05556, 0.05556, 0, 0, 0, 0, 0, 0, 0, 0, 0, 0, 0, 0, 0, 0, 0, 
0, 0, 0, 0, 0, 0, 0, 0.92914, 0.93117, 0.9289, 0.93366, 0.93493, 
0.93607, 0.93701, 0.93851, 0.93759, 0.9333, 0.93815, 0.9281, 
0.9355, 0.92729, 0.93219, 0.93559, 0.93734, 0.937, 0.93906, 0.93491, 
0.93229, 0.93815, 0.1984, 0.2345, 0.2648, 0.2957, 0.3252, 0.3657, 
0.4035, 0.4382, 0.4726, 0.5242, 0.5643, 378.7, 409.1, 427.3, 
450.7, 472, 493.3, 513.1, 536.6, 555.2, 581.5, 597.8, 1, 1, 1, 
1, 1, 1, 1, 1, 1, 1, 1, 1, 1, 1, 1, 1, 1, 1, 1, 1, 1, 1, 1, 1, 
1, 1, 1, 1, 1, 1, 1, 1, 1, 1, 1, 1, 1, 1, 1, 1, 1, 1, 1, 1, 4.931, 
5.387, 5.629, 5.976, 6.187, 6.646, 6.958, 7.513, 7.936, 8.439, 
8.816), .Dim = c(11L, 40L), .Dimnames = list(NULL, c("Sampling", 
"PSO.cost", "PSO.gamma", "PSO.data.balancing", "PSO.feature.selection", 
"PSO.valid.acc", "PSO.test.acc", "PSO.train.time", "PSO.n.support.vectors", 
"PSO.index", "PSO.n.solutions", "PSO.generations", "PSO.n.evaluations", 
"PSO.cpu.time", "RS.cost", "RS.gamma", "RS.data.balancing", "RS.feature.selection", 
"RS.valid.acc", "RS.test.acc", "RS.train.time", "RS.n.support.vectors", 
"RS.index", "RS.n.solutions", "RS.generations", "RS.n.evaluations", 
"RS.cpu.time", "DF.cost", "DF.gamma", "DF.data.balancing", "DF.feature.selection", 
"DF.valid.acc", "DF.test.acc", "DF.train.time", "DF.n.support.vectors", 
"DF.index", "DF.n.solutions", "DF.generations", "DF.n.evaluations", 
"DF.cpu.time")))
