full <-
structure(c(50, 55, 60, 65, 70, 75, 80, 85, 90, 95, 100, 6.885, 
7.83493, 10.73403, 11.75398, 6.80524, 8.29818, 10.15408, 8.40883, 
4.88359, 4.17073, 14.34522, -5.5825, -6.29066, -8.49016, -9.94556, 
-5.89954, -6.24103, -6.60464, -6.5553, -5.30548, -4.02278, -8.41525, 
0, 0, 0, 0, 0, 0, 0, 0, 0, 0, 0, 0, 0, 0, 0, 0, 0, 0, 0, 0, 0, 
0, 0.96256, 0.97041, 0.9696, 0.97128, 0.97055, 0.97186, 0.967, 
0.97177, 0.96907, 0.96921, 0.9698, 0.96351, 0.96431, 0.96482, 
0.96687, 0.96437, 0.9642, 0.95982, 0.96327, 0.9664, 0.96667, 
0.96645, 0.1344, 0.1465, 0.1555, 0.1748, 0.1942, 0.205, 0.2188, 
0.2396, 0.3089, 0.3989, 0.3722, 207.8, 205.2, 191.5, 207.4, 255.2, 
237.8, 225.5, 250.7, 330.9, 379.6, 228.3, 618, 679, 792, 278, 
1984, 337, 603, 586, 382, 1417, 906, 47, 109, 73, 503, 39, 36, 
221, 301, 55, 66, 53, 100, 100, 100, 100, 100, 100, 100, 100, 
100, 100, 100, 2500, 2500, 2500, 2500, 2500, 2500, 2500, 2500, 
2500, 2500, 2500, 10762.96, 10564.256, 11080.455, 11359.786, 
12075.097, 12235.655, 12880.942, 13206.144, 14587.81, 19145.19, 
15827.948, 5.96577, 7.48074, 13.99298, 11.72931, 8.83855, 7.36506, 
5.0298, 7.84084, 7.60074, 4.47483, 14.57589, -5.26711, -5.97016, 
-9.15764, -9.88283, -7.76024, -6.50344, -5.03749, -6.14391, -6.44717, 
-4.40164, -8.4588, 0, 0, 0, 0, 0, 0, 0, 0, 0, 0, 0, 0, 0, 0, 
0, 0, 0, 0, 0, 0, 0, 0, 0.9616, 0.96866, 0.96802, 0.97128, 0.96984, 
0.97185, 0.96522, 0.97061, 0.96801, 0.9687, 0.96885, 0.96161, 
0.96342, 0.96084, 0.96687, 0.96916, 0.96866, 0.96643, 0.96441, 
0.96374, 0.96567, 0.96597, 0.1317, 0.1458, 0.1691, 0.1757, 0.1847, 
0.2093, 0.2489, 0.244, 0.267, 0.3829, 0.3865, 219.3, 210.6, 167.6, 
206.3, 231.3, 255.5, 301.9, 261.4, 275.7, 363.1, 227.3, 708, 
831, 634, 2167, 229, 324, 333, 1436, 2454, 1466, 32, 4, 1, 3, 
1, 1, 1, 1, 1, 1, 2, 1, 100, 100, 100, 100, 100, 100, 100, 100, 
100, 100, 100, 2500, 2500, 2500, 2500, 2500, 2500, 2500, 2500, 
2500, 2500, 2500, 13767.257, 15268.77, 16282.414, 17323.387, 
18323.329, 19913.831, 21093.738, 22987.344, 24581.342, 30275.329, 
28024.318, 1, 1, 1, 1, 1, 1, 1, 1, 1, 1, 1, 0.05556, 0.05556, 
0.05556, 0.05556, 0.05556, 0.05556, 0.05556, 0.05556, 0.05556, 
0.05556, 0.05556, 0, 0, 0, 0, 0, 0, 0, 0, 0, 0, 0, 0, 0, 0, 0, 
0, 0, 0, 0, 0, 0, 0, 0.92415, 0.92854, 0.92399, 0.93661, 0.93075, 
0.93149, 0.93523, 0.93841, 0.93866, 0.93744, 0.93576, 0.92698, 
0.93026, 0.92558, 0.92774, 0.93211, 0.93212, 0.93642, 0.93783, 
0.93759, 0.93794, 0.93625, 0.2036, 0.2397, 0.2653, 0.2881, 0.3182, 
0.353, 0.3813, 0.4131, 0.4677, 0.5384, 0.5526, 379.2, 402.4, 
427, 452.3, 472.8, 493.3, 510.7, 526.8, 548.9, 572.3, 592.5, 
1, 1, 1, 1, 1, 1, 1, 1, 1, 1, 1, 1, 1, 1, 1, 1, 1, 1, 1, 1, 1, 
1, 1, 1, 1, 1, 1, 1, 1, 1, 1, 1, 1, 1, 1, 1, 1, 1, 1, 1, 1, 1, 
1, 1, 4.758, 5.203, 5.437, 5.675, 6.056, 6.423, 6.715, 7.016, 
7.445, 9.248, 8.501), .Dim = c(11L, 40L), .Dimnames = list(NULL, 
    c("Sampling", "PSO.cost", "PSO.gamma", "PSO.data.balancing", 
    "PSO.feature.selection", "PSO.valid.acc", "PSO.test.acc", 
    "PSO.train.time", "PSO.n.support.vectors", "PSO.index", "PSO.n.solutions", 
    "PSO.generations", "PSO.n.evaluations", "PSO.cpu.time", "RS.cost", 
    "RS.gamma", "RS.data.balancing", "RS.feature.selection", 
    "RS.valid.acc", "RS.test.acc", "RS.train.time", "RS.n.support.vectors", 
    "RS.index", "RS.n.solutions", "RS.generations", "RS.n.evaluations", 
    "RS.cpu.time", "DF.cost", "DF.gamma", "DF.data.balancing", 
    "DF.feature.selection", "DF.valid.acc", "DF.test.acc", "DF.train.time", 
    "DF.n.support.vectors", "DF.index", "DF.n.solutions", "DF.generations", 
    "DF.n.evaluations", "DF.cpu.time")))
