full <-
structure(c(50, 55, 60, 65, 70, 75, 80, 85, 90, 95, 100, 4.63006, 
7.60084, 6.21645, 8.80287, 7.53332, 6.00919, 8.93571, 7.01237, 
10.14528, 11.06509, 6.6495, -3.75077, -6.0622, -5.28026, -3.75913, 
-3.66256, -5.17777, -4.9312, -5.08857, -6.43207, -5.265, -5.93302, 
0, 0, 0, 0, 0, 0, 0, 0, 0, 0, 0, 0, 0, 0, 0, 0, 0, 0, 0, 0, 0, 
0, 0.96074, 0.95907, 0.96325, 0.96383, 0.96708, 0.96545, 0.96762, 
0.96896, 0.96802, 0.97021, 0.97029, 0.9539, 0.95469, 0.96087, 
0.96165, 0.96572, 0.96034, 0.96283, 0.95994, 0.96374, 0.96058, 
0.97174, 0.1611, 0.1512, 0.1818, 0.2182, 0.2467, 0.2298, 0.2534, 
0.2854, 0.2911, 0.3422, 0.3311, 265.4, 218.8, 243.5, 281.8, 298.6, 
281.2, 264.9, 291.8, 249.6, 272.9, 319.8, 617, 550, 1359, 2199, 
725, 263, 1387, 1391, 1773, 1064, 1588, 219, 157, 111, 1, 38, 
47, 13, 93, 38, 315, 9, 100, 100, 100, 100, 100, 100, 100, 100, 
100, 100, 100, 2500, 2500, 2500, 2500, 2500, 2500, 2500, 2500, 
2500, 2500, 2500, 11142.79, 11127.14, 14999.338, 14628.049, 13403.195, 
13770.771, 14243.039, 14824.828, 15305.972, 16265.417, 16385.125, 
4.66861, 7.96513, 6.59871, 8.70394, 7.48488, 10.0331, 13.90349, 
6.98829, 10.33258, 11.2315, 6.16376, -3.92411, -6.31232, -5.52111, 
-3.77631, -3.69493, -3.67111, -8.22913, -5.11799, -6.60863, -5.54192, 
-5.40562, 0, 0, 0, 0, 0, 0, 0, 0, 0, 0, 0, 0, 0, 0, 0, 0, 0, 
0, 0, 0, 0, 0, 0.95977, 0.95734, 0.96245, 0.96383, 0.96571, 0.96355, 
0.967, 0.96839, 0.96642, 0.96819, 0.96981, 0.95297, 0.9547, 0.96165, 
0.96165, 0.96503, 0.96611, 0.95559, 0.9588, 0.96269, 0.96159, 
0.96982, 0.1619, 0.1471, 0.1763, 0.2163, 0.2427, 0.2721, 0.2828, 
0.2841, 0.2851, 0.3435, 0.3446, 262, 214.5, 236, 281.2, 297.3, 
297.3, 203, 289.6, 245.4, 265.1, 328.7, 772, 2123, 1658, 2343, 
1185, 365, 132, 2014, 221, 521, 1347, 2, 1, 1, 1, 2, 2, 2, 1, 
1, 1, 1, 100, 100, 100, 100, 100, 100, 100, 100, 100, 100, 100, 
2500, 2500, 2500, 2500, 2500, 2500, 2500, 2500, 2500, 2500, 2500, 
13988.602, 15364.491, 19441.881, 17841.788, 18859.749, 20658.978, 
22614.868, 24227.934, 25484.866, 27338.137, 28768.651, 1, 1, 
1, 1, 1, 1, 1, 1, 1, 1, 1, 0.05556, 0.05556, 0.05556, 0.05556, 
0.05556, 0.05556, 0.05556, 0.05556, 0.05556, 0.05556, 0.05556, 
0, 0, 0, 0, 0, 0, 0, 0, 0, 0, 0, 0, 0, 0, 0, 0, 0, 0, 0, 0, 0, 
0, 0.92616, 0.91883, 0.92405, 0.92841, 0.93143, 0.92836, 0.93224, 
0.93281, 0.9377, 0.9358, 0.93625, 0.92323, 0.92585, 0.92803, 
0.92769, 0.93212, 0.93222, 0.93223, 0.93454, 0.93556, 0.93479, 
0.93769, 0.2062, 0.2381, 0.2705, 0.2929, 0.3283, 0.3661, 0.4027, 
0.4387, 0.4782, 0.5064, 0.5526, 374.4, 403.2, 419.4, 445.3, 467.3, 
486.4, 505.9, 528.5, 548.7, 576.8, 593.3, 1, 1, 1, 1, 1, 1, 1, 
1, 1, 1, 1, 1, 1, 1, 1, 1, 1, 1, 1, 1, 1, 1, 1, 1, 1, 1, 1, 1, 
1, 1, 1, 1, 1, 1, 1, 1, 1, 1, 1, 1, 1, 1, 1, 1, 4.926, 5.237, 
6.419, 5.952, 6.203, 6.838, 6.998, 7.468, 7.854, 8.178, 8.578
), .Dim = c(11L, 40L), .Dimnames = list(NULL, c("Sampling", "PSO.cost", 
"PSO.gamma", "PSO.data.balancing", "PSO.feature.selection", "PSO.valid.acc", 
"PSO.test.acc", "PSO.train.time", "PSO.n.support.vectors", "PSO.index", 
"PSO.n.solutions", "PSO.generations", "PSO.n.evaluations", "PSO.cpu.time", 
"RS.cost", "RS.gamma", "RS.data.balancing", "RS.feature.selection", 
"RS.valid.acc", "RS.test.acc", "RS.train.time", "RS.n.support.vectors", 
"RS.index", "RS.n.solutions", "RS.generations", "RS.n.evaluations", 
"RS.cpu.time", "DF.cost", "DF.gamma", "DF.data.balancing", "DF.feature.selection", 
"DF.valid.acc", "DF.test.acc", "DF.train.time", "DF.n.support.vectors", 
"DF.index", "DF.n.solutions", "DF.generations", "DF.n.evaluations", 
"DF.cpu.time")))
