full <-
structure(c(50, 55, 60, 65, 70, 75, 80, 85, 90, 95, 100, 9.30435, 
8.56484, 9.26001, 8.08032, 11.86815, 7.80603, 7.95487, 6.83111, 
11.86771, 12.4719, 12.26774, -7.27813, -7.40154, -7.96518, -7.15055, 
-7.53733, -6.54298, -7.08571, -6.57222, -7.80896, -6.54711, -5.47231, 
0, 0, 0, 0, 0, 0, 0, 0, 0, 0, 0, 0, 0, 0, 0, 0, 0, 0, 0, 0, 0, 
0, 0.96169, 0.96605, 0.96732, 0.96826, 0.96908, 0.96928, 0.97059, 
0.97006, 0.97014, 0.9671, 0.9693, 0.95218, 0.95819, 0.96567, 
0.96161, 0.96636, 0.96158, 0.9682, 0.96442, 0.96319, 0.96357, 
0.96306, 0.1283, 0.1439, 0.1647, 0.1842, 0.2001, 0.2231, 0.2469, 
0.2827, 0.2877, 0.349, 0.3758, 186.4, 207.4, 215.3, 236.1, 202.9, 
251.2, 264.3, 297.8, 231.1, 240.5, 264.9, 605, 75, 607, 728, 
1749, 564, 586, 520, 2086, 463, 1753, 114, 72, 70, 178, 2, 79, 
79, 65, 1, 75, 54, 100, 100, 100, 100, 100, 100, 100, 100, 100, 
100, 100, 2500, 2500, 2500, 2500, 2500, 2500, 2500, 2500, 2500, 
2500, 2500, 10524.165, 10821.151, 11661.522, 12196.748, 12557.559, 
12977.313, 13733.318, 14625.83, 15363.805, 16128.823, 17105.355, 
9.30619, 8.72296, 14.60114, 8.1186, 11.87515, 6.28669, 7.75067, 
7.18965, 8.06163, 10.50961, 10.30468, -7.25983, -7.64126, -9.87564, 
-7.13599, -7.56896, -4.9372, -6.93208, -6.78087, -6.57267, -7.35413, 
-4.9061, 0, 0, 0, 0, 0, 0, 0, 0, 0, 0, 0, 0, 0, 0, 0, 0, 0, 0, 
0, 0, 0, 0, 0.96074, 0.96604, 0.96645, 0.96679, 0.9684, 0.96864, 
0.96999, 0.96892, 0.96958, 0.96562, 0.96834, 0.95217, 0.95906, 
0.96408, 0.96161, 0.96636, 0.96226, 0.96881, 0.96442, 0.96319, 
0.96511, 0.9669, 0.1273, 0.1415, 0.1783, 0.1817, 0.1981, 0.2422, 
0.2384, 0.2784, 0.2883, 0.3069, 0.363, 186.7, 205.8, 182, 235.3, 
203.1, 280.2, 267, 290.2, 279, 255, 290, 22, 357, 2229, 1546, 
1470, 601, 1950, 470, 10, 599, 2210, 1, 2, 1, 1, 1, 1, 1, 2, 
2, 1, 3, 100, 100, 100, 100, 100, 100, 100, 100, 100, 100, 100, 
2500, 2500, 2500, 2500, 2500, 2500, 2500, 2500, 2500, 2500, 2500, 
14193.405, 15584.536, 16769.158, 18301.264, 19520.514, 21098.907, 
22342.523, 24300.151, 26362.793, 28145.346, 29686.517, 1, 1, 
1, 1, 1, 1, 1, 1, 1, 1, 1, 0.05556, 0.05556, 0.05556, 0.05556, 
0.05556, 0.05556, 0.05556, 0.05556, 0.05556, 0.05556, 0.05556, 
0, 0, 0, 0, 0, 0, 0, 0, 0, 0, 0, 0, 0, 0, 0, 0, 0, 0, 0, 0, 0, 
0, 0.92337, 0.92595, 0.93451, 0.9358, 0.93282, 0.93283, 0.93514, 
0.9328, 0.93545, 0.93279, 0.93578, 0.92147, 0.92421, 0.93369, 
0.93434, 0.92939, 0.93665, 0.93635, 0.93618, 0.93866, 0.93278, 
0.93672, 0.1961, 0.2385, 0.2711, 0.295, 0.3303, 0.3709, 0.3913, 
0.4387, 0.4859, 0.5373, 0.5573, 371.8, 397.6, 418, 441.8, 469, 
484.1, 510.2, 532.9, 557.8, 581.9, 595, 1, 1, 1, 1, 1, 1, 1, 
1, 1, 1, 1, 1, 1, 1, 1, 1, 1, 1, 1, 1, 1, 1, 1, 1, 1, 1, 1, 1, 
1, 1, 1, 1, 1, 1, 1, 1, 1, 1, 1, 1, 1, 1, 1, 1, 4.736, 5.301, 
5.575, 5.995, 6.254, 6.711, 6.997, 7.508, 7.935, 8.663, 9.176
), .Dim = c(11L, 40L), .Dimnames = list(NULL, c("Sampling", "PSO.cost", 
"PSO.gamma", "PSO.data.balancing", "PSO.feature.selection", "PSO.valid.acc", 
"PSO.test.acc", "PSO.train.time", "PSO.n.support.vectors", "PSO.index", 
"PSO.n.solutions", "PSO.generations", "PSO.n.evaluations", "PSO.cpu.time", 
"RS.cost", "RS.gamma", "RS.data.balancing", "RS.feature.selection", 
"RS.valid.acc", "RS.test.acc", "RS.train.time", "RS.n.support.vectors", 
"RS.index", "RS.n.solutions", "RS.generations", "RS.n.evaluations", 
"RS.cpu.time", "DF.cost", "DF.gamma", "DF.data.balancing", "DF.feature.selection", 
"DF.valid.acc", "DF.test.acc", "DF.train.time", "DF.n.support.vectors", 
"DF.index", "DF.n.solutions", "DF.generations", "DF.n.evaluations", 
"DF.cpu.time")))
