full <-
structure(c(50, 55, 60, 65, 70, 75, 80, 85, 90, 95, 100, 7.49946, 
7.31357, 6.22962, 6.20416, 6.34188, 9.97693, 9.33178, 6.34498, 
14.89879, 10.88909, 8.02383, -4.46397, -6.06607, -5.56994, -4.92147, 
-5.49644, -4.32564, -6.6167, -5.28524, -8.06055, -8.28717, -7.41045, 
0, 0, 0, 0, 0, 0, 0, 0, 0, 0, 0, 0, 0, 0, 0, 0, 0, 0, 0, 0, 0, 
0, 0.96261, 0.96425, 0.96726, 0.96608, 0.96709, 0.96932, 0.96703, 
0.96726, 0.96747, 0.96665, 0.96691, 0.95392, 0.95812, 0.96083, 
0.96163, 0.96023, 0.96355, 0.96403, 0.9599, 0.96214, 0.95957, 
0.96354, 0.0991, 0.1029, 0.1208, 0.1406, 0.1503, 0.1802, 0.1671, 
0.1966, 0.2808, 0.2057, 0.2331, 220.9, 214.6, 244.7, 265.1, 268.8, 
273.7, 243.4, 296.1, 209.3, 249.3, 306, 785, 391, 159, 1012, 
1869, 1883, 1570, 200, 314, 457, 930, 170, 309, 593, 397, 17, 
8, 45, 131, 196, 81, 27, 100, 100, 100, 100, 100, 100, 100, 100, 
100, 100, 100, 2500, 2500, 2500, 2500, 2500, 2500, 2500, 2500, 
2500, 2500, 2500, 8609.177, 9276.718, 9530.494, 10087.144, 10780.523, 
13682.899, 13426.403, 14490.463, 15973.285, 15127.266, 16706.926, 
8.27161, 7.51176, 5.76439, 5.98097, 6.47732, 10.84888, 9.36559, 
8.4732, 14.72174, 10.27516, 7.79077, -4.65436, -6.22665, -5.46375, 
-4.98147, -5.55176, -4.45892, -6.64167, -7.29463, -7.78452, -8.04739, 
-7.8099, 0, 0, 0, 0, 0, 0, 0, 0, 0, 0, 0, 0, 0, 0, 0, 0, 0, 0, 
0, 0, 0, 0, 0.96066, 0.96338, 0.96645, 0.96534, 0.96641, 0.96804, 
0.96703, 0.96671, 0.96693, 0.96614, 0.96595, 0.95106, 0.95814, 
0.96082, 0.96239, 0.96229, 0.96226, 0.96343, 0.96331, 0.96215, 
0.95906, 0.96354, 0.0954, 0.1017, 0.1228, 0.1392, 0.1492, 0.1813, 
0.1686, 0.1808, 0.2851, 0.2039, 0.2391, 210.1, 212.9, 252.7, 
265.8, 267.4, 268, 243.2, 265.8, 211.4, 254.3, 322.4, 770, 1762, 
1631, 1126, 729, 1176, 1759, 2371, 1757, 2460, 1778, 1, 1, 2, 
1, 1, 2, 1, 1, 1, 3, 1, 100, 100, 100, 100, 100, 100, 100, 100, 
100, 100, 100, 2500, 2500, 2500, 2500, 2500, 2500, 2500, 2500, 
2500, 2500, 2500, 11095.018, 12177.052, 13076.527, 14241.929, 
15199.439, 18511.76, 20334.754, 21185.634, 22709.115, 23838.035, 
25731.065, 1, 1, 1, 1, 1, 1, 1, 1, 1, 1, 1, 0.05556, 0.05556, 
0.05556, 0.05556, 0.05556, 0.05556, 0.05556, 0.05556, 0.05556, 
0.05556, 0.05556, 0, 0, 0, 0, 0, 0, 0, 0, 0, 0, 0, 0, 0, 0, 0, 
0, 0, 0, 0, 0, 0, 0, 0.91653, 0.92326, 0.93203, 0.92839, 0.92665, 
0.93029, 0.93702, 0.93623, 0.93388, 0.93633, 0.93671, 0.91552, 
0.92589, 0.92886, 0.9284, 0.92596, 0.93093, 0.93461, 0.93508, 
0.93603, 0.93735, 0.93672, 0.1422, 0.163, 0.1864, 0.2083, 0.2353, 
0.2577, 0.2848, 0.31, 0.3366, 0.3614, 0.3976, 388.7, 409.5, 434.2, 
456.7, 485.2, 502.4, 517.9, 537.2, 555, 569.1, 598, 1, 1, 1, 
1, 1, 1, 1, 1, 1, 1, 1, 1, 1, 1, 1, 1, 1, 1, 1, 1, 1, 1, 1, 1, 
1, 1, 1, 1, 1, 1, 1, 1, 1, 1, 1, 1, 1, 1, 1, 1, 1, 1, 1, 1, 4.041, 
4.226, 4.495, 4.803, 5.065, 6.101, 6.673, 6.933, 7.13, 7.452, 
7.789), .Dim = c(11L, 40L), .Dimnames = list(NULL, c("Sampling", 
"PSO.cost", "PSO.gamma", "PSO.data.balancing", "PSO.feature.selection", 
"PSO.valid.acc", "PSO.test.acc", "PSO.train.time", "PSO.n.support.vectors", 
"PSO.index", "PSO.n.solutions", "PSO.generations", "PSO.n.evaluations", 
"PSO.cpu.time", "RS.cost", "RS.gamma", "RS.data.balancing", "RS.feature.selection", 
"RS.valid.acc", "RS.test.acc", "RS.train.time", "RS.n.support.vectors", 
"RS.index", "RS.n.solutions", "RS.generations", "RS.n.evaluations", 
"RS.cpu.time", "DF.cost", "DF.gamma", "DF.data.balancing", "DF.feature.selection", 
"DF.valid.acc", "DF.test.acc", "DF.train.time", "DF.n.support.vectors", 
"DF.index", "DF.n.solutions", "DF.generations", "DF.n.evaluations", 
"DF.cpu.time")))
