full <-
structure(c(50, 55, 60, 65, 70, 75, 80, 85, 90, 95, 100, 14.59137, 
12.42625, 7.51115, 12.107, 15, 7.18601, 7.70278, 4.9039, 14.96931, 
6.49818, 4.81765, -11.15941, -8.42794, -7.249, -7.04364, -10.63129, 
-6.95814, -7.31562, -4.7938, -6.60473, -7.04102, -5.5174, 0, 
0, 0, 0, 0, 0, 0, 0, 0, 0, 0, 0, 0, 0, 0, 0, 0, 0, 0, 0, 0, 0, 
0.96746, 0.96955, 0.96416, 0.96457, 0.9671, 0.96097, 0.96762, 
0.96612, 0.96692, 0.96815, 0.96789, 0.96553, 0.95913, 0.95694, 
0.9572, 0.95958, 0.96035, 0.9646, 0.96043, 0.96052, 0.96158, 
0.96311, 0.1343, 0.1421, 0.1647, 0.1956, 0.2281, 0.2284, 0.2444, 
0.3114, 0.414, 0.3376, 0.3773, 155, 161.5, 226.3, 196.4, 190.7, 
259.1, 263.5, 333.8, 226.2, 331.4, 362.3, 696, 466, 773, 433, 
806, 518, 642, 524, 147, 687, 836, 155, 226, 65, 289, 73, 46, 
110, 191, 831, 51, 128, 100, 100, 100, 100, 100, 100, 100, 100, 
100, 100, 100, 2500, 2500, 2500, 2500, 2500, 2500, 2500, 2500, 
2500, 2500, 2500, 11653.978, 12580.817, 12579.588, 13213.033, 
14358.696, 15673.372, 15510.346, 17057.692, 19075.396, 18710.825, 
19484.493, 14.44891, 12.94357, 7.73724, 9.75406, 14.24906, 10.95114, 
7.30573, 6.69296, 5.99635, 13.08004, 4.84387, -11.11272, -9.09674, 
-7.32177, -8.69268, -10.1513, -10.2546, -7.23469, -6.72398, -5.26034, 
-7.69598, -5.44926, 0, 0, 0, 0, 0, 0, 0, 0, 0, 0, 0, 0, 0, 0, 
0, 0, 0, 0, 0, 0, 0, 0, 0.96746, 0.96781, 0.96336, 0.96242, 0.96505, 
0.96096, 0.96523, 0.96556, 0.96481, 0.96663, 0.96741, 0.96457, 
0.96174, 0.95774, 0.96171, 0.96027, 0.9552, 0.96341, 0.96046, 
0.96107, 0.96259, 0.9631, 0.1327, 0.1431, 0.1644, 0.1817, 0.2162, 
0.2243, 0.2503, 0.2925, 0.3191, 0.3429, 0.3967, 156.1, 161.4, 
223.8, 221.2, 192, 243, 272.5, 296.1, 312.3, 229.1, 360.5, 2342, 
487, 1103, 1485, 124, 1089, 2085, 1562, 589, 2459, 990, 1, 2, 
1, 1, 3, 1, 1, 2, 1, 3, 1, 100, 100, 100, 100, 100, 100, 100, 
100, 100, 100, 100, 2500, 2500, 2500, 2500, 2500, 2500, 2500, 
2500, 2500, 2500, 2500, 15760.832, 16796.782, 17913.063, 18905.371, 
21586.138, 22852.618, 23993.532, 25796.045, 27761.991, 30054.535, 
31686.668, 1, 1, 1, 1, 1, 1, 1, 1, 1, 1, 1, 0.05556, 0.05556, 
0.05556, 0.05556, 0.05556, 0.05556, 0.05556, 0.05556, 0.05556, 
0.05556, 0.05556, 0, 0, 0, 0, 0, 0, 0, 0, 0, 0, 0, 0, 0, 0, 0, 
0, 0, 0, 0, 0, 0, 0, 0.92238, 0.92166, 0.9329, 0.93362, 0.93151, 
0.93143, 0.93342, 0.93224, 0.93493, 0.93882, 0.93674, 0.92528, 
0.9286, 0.93289, 0.93362, 0.93631, 0.93463, 0.937, 0.93222, 0.9376, 
0.93629, 0.93674, 0.2047, 0.2313, 0.2627, 0.2912, 0.3308, 0.373, 
0.4011, 0.4592, 0.4899, 0.5214, 0.5915, 371.1, 393.2, 417.5, 
437, 458.5, 484.3, 506.6, 534.5, 550, 573.6, 596.7, 1, 1, 1, 
1, 1, 1, 1, 1, 1, 1, 1, 1, 1, 1, 1, 1, 1, 1, 1, 1, 1, 1, 1, 1, 
1, 1, 1, 1, 1, 1, 1, 1, 1, 1, 1, 1, 1, 1, 1, 1, 1, 1, 1, 1, 5.504, 
5.815, 5.995, 6.197, 7.236, 7.382, 7.662, 8.233, 8.698, 8.983, 
9.808), .Dim = c(11L, 40L), .Dimnames = list(NULL, c("Sampling", 
"PSO.cost", "PSO.gamma", "PSO.data.balancing", "PSO.feature.selection", 
"PSO.valid.acc", "PSO.test.acc", "PSO.train.time", "PSO.n.support.vectors", 
"PSO.index", "PSO.n.solutions", "PSO.generations", "PSO.n.evaluations", 
"PSO.cpu.time", "RS.cost", "RS.gamma", "RS.data.balancing", "RS.feature.selection", 
"RS.valid.acc", "RS.test.acc", "RS.train.time", "RS.n.support.vectors", 
"RS.index", "RS.n.solutions", "RS.generations", "RS.n.evaluations", 
"RS.cpu.time", "DF.cost", "DF.gamma", "DF.data.balancing", "DF.feature.selection", 
"DF.valid.acc", "DF.test.acc", "DF.train.time", "DF.n.support.vectors", 
"DF.index", "DF.n.solutions", "DF.generations", "DF.n.evaluations", 
"DF.cpu.time")))
