full <-
structure(c(50, 55, 60, 65, 70, 75, 80, 85, 90, 95, 100, 7.19692, 
12.56305, 10.9398, 7.71984, 6.86375, 6.9906, 6.63692, 12.25249, 
7.72007, 7.12903, 6.92722, -6.25532, -8.63617, -7.94477, -5.40044, 
-5.28508, -6.20427, -5.90126, -7.35748, -7.02357, -4.51556, -6.19227, 
0, 0, 0, 0, 0, 0, 0, 0, 0, 0, 0, 0, 0, 0, 0, 0, 0, 0, 0, 0, 0, 
0, 0.95883, 0.96335, 0.96726, 0.96457, 0.96641, 0.96868, 0.96885, 
0.96665, 0.96745, 0.97021, 0.96886, 0.95208, 0.95899, 0.96243, 
0.9601, 0.95887, 0.96547, 0.96403, 0.96046, 0.9637, 0.96313, 
0.96646, 0.1288, 0.1442, 0.1559, 0.1827, 0.2195, 0.2302, 0.2542, 
0.2734, 0.2944, 0.3525, 0.3522, 223.1, 183.6, 202.2, 245.7, 262.7, 
267.6, 284.1, 224.9, 288.7, 321.9, 314.7, 345, 1059, 591, 683, 
2157, 547, 411, 1292, 98, 1552, 1736, 145, 141, 21, 110, 5, 345, 
534, 66, 391, 8, 14, 100, 100, 100, 100, 100, 100, 100, 100, 
100, 100, 100, 2500, 2500, 2500, 2500, 2500, 2500, 2500, 2500, 
2500, 2500, 2500, 10330.164, 10890.189, 11102.57, 11854.695, 
15435.38, 15258.689, 14529.535, 14062.12, 15353.956, 16515.882, 
16856.095, 7.95232, 12.36165, 10.55626, 7.29866, 6.24189, 9.27185, 
6.49354, 11.84717, 7.46931, 7.21352, 7.35626, -6.87634, -8.46104, 
-7.72062, -5.39589, -4.66229, -7.14167, -5.73654, -7.29358, -7.04287, 
-4.56871, -6.57904, 0, 0, 0, 0, 0, 0, 0, 0, 0, 0, 0, 0, 0, 0, 
0, 0, 0, 0, 0, 0, 0, 0, 0.95694, 0.9616, 0.96646, 0.96381, 0.96571, 
0.96803, 0.96765, 0.96495, 0.96692, 0.97021, 0.96742, 0.95211, 
0.95813, 0.96082, 0.95864, 0.95956, 0.96931, 0.96284, 0.96216, 
0.9637, 0.96313, 0.96741, 0.1254, 0.1467, 0.1567, 0.1949, 0.2298, 
0.2212, 0.2464, 0.2782, 0.3023, 0.3492, 0.3362, 213.8, 184, 206.1, 
248.6, 280.9, 238.4, 287.4, 226.9, 295.7, 320, 307.3, 1026, 540, 
85, 2238, 1377, 2206, 262, 2089, 1377, 1905, 1805, 1, 1, 2, 1, 
1, 1, 1, 1, 1, 1, 1, 100, 100, 100, 100, 100, 100, 100, 100, 
100, 100, 100, 2500, 2500, 2500, 2500, 2500, 2500, 2500, 2500, 
2500, 2500, 2500, 14020.037, 15041.396, 16133.715, 19932.86, 
21343.245, 22666.612, 21586.968, 24180.584, 26246.829, 28226.19, 
30530.727, 1, 1, 1, 1, 1, 1, 1, 1, 1, 1, 1, 0.05556, 0.05556, 
0.05556, 0.05556, 0.05556, 0.05556, 0.05556, 0.05556, 0.05556, 
0.05556, 0.05556, 0, 0, 0, 0, 0, 0, 0, 0, 0, 0, 0, 0, 0, 0, 0, 
0, 0, 0, 0, 0, 0, 0, 0.91453, 0.92494, 0.92265, 0.92242, 0.92736, 
0.92968, 0.92807, 0.93003, 0.93115, 0.93532, 0.93674, 0.91547, 
0.92148, 0.92105, 0.9254, 0.92806, 0.92775, 0.92746, 0.92999, 
0.93646, 0.93684, 0.93818, 0.2015, 0.2346, 0.2611, 0.2987, 0.3321, 
0.3707, 0.3927, 0.4569, 0.4998, 0.5299, 0.561, 397.5, 415.8, 
438.4, 451.5, 470.4, 496.3, 518.1, 539, 561.5, 575.5, 596.2, 
1, 1, 1, 1, 1, 1, 1, 1, 1, 1, 1, 1, 1, 1, 1, 1, 1, 1, 1, 1, 1, 
1, 1, 1, 1, 1, 1, 1, 1, 1, 1, 1, 1, 1, 1, 1, 1, 1, 1, 1, 1, 1, 
1, 1, 4.839, 5.267, 5.536, 6.754, 7.112, 7.611, 6.862, 7.675, 
8.196, 8.425, 8.722), .Dim = c(11L, 40L), .Dimnames = list(NULL, 
    c("Sampling", "PSO.cost", "PSO.gamma", "PSO.data.balancing", 
    "PSO.feature.selection", "PSO.valid.acc", "PSO.test.acc", 
    "PSO.train.time", "PSO.n.support.vectors", "PSO.index", "PSO.n.solutions", 
    "PSO.generations", "PSO.n.evaluations", "PSO.cpu.time", "RS.cost", 
    "RS.gamma", "RS.data.balancing", "RS.feature.selection", 
    "RS.valid.acc", "RS.test.acc", "RS.train.time", "RS.n.support.vectors", 
    "RS.index", "RS.n.solutions", "RS.generations", "RS.n.evaluations", 
    "RS.cpu.time", "DF.cost", "DF.gamma", "DF.data.balancing", 
    "DF.feature.selection", "DF.valid.acc", "DF.test.acc", "DF.train.time", 
    "DF.n.support.vectors", "DF.index", "DF.n.solutions", "DF.generations", 
    "DF.n.evaluations", "DF.cpu.time")))
