full <-
structure(c(50, 55, 60, 65, 70, 75, 80, 85, 90, 95, 100, 13.33551, 
6.39362, 9.6881, 7.26051, 8.27686, 12.20521, 7.22296, 9.33752, 
12.38043, 6.2642, 14.74938, -10.16875, -4.84085, -6.999, -5.22093, 
-5.32649, -7.84397, -6.41482, -4.68001, -7.8977, -3.98318, -8.51649, 
0, 0, 0, 0, 0, 0, 0, 0, 0, 0, 0, 0, 0, 0, 0, 0, 0, 0, 0, 0, 0, 
0, 0.96741, 0.96866, 0.96877, 0.97118, 0.97123, 0.97316, 0.96523, 
0.96612, 0.96958, 0.96715, 0.96933, 0.96162, 0.96258, 0.96405, 
0.9653, 0.95811, 0.97251, 0.95922, 0.96556, 0.96691, 0.95955, 
0.96357, 0.1129, 0.158, 0.0964, 0.1957, 0.1989, 0.2172, 0.2415, 
0.2939, 0.287, 0.381, 0.4, 154.5, 233.4, 191.6, 242.5, 236.1, 
199.9, 267, 281.5, 225.6, 353.6, 226.9, 1463, 2017, 399, 421, 
437, 285, 2123, 1395, 190, 2195, 518, 31, 61, 298, 276, 472, 
537, 2, 77, 200, 10, 69, 100, 100, 100, 100, 100, 100, 100, 100, 
100, 100, 100, 2500, 2500, 2500, 2500, 2500, 2500, 2500, 2500, 
2500, 2500, 2500, 11159.619, 12892.636, 10592.313, 13850.907, 
13050.171, 14116.236, 14519.43, 15750.979, 14662.823, 18817.188, 
17181.843, 13.55019, 5.70395, 8.7227, 7.27161, 7.93353, 11.70853, 
7.85452, 5.12191, 13.71671, 6.29862, 11.92509, -10.38458, -4.71193, 
-7.22324, -5.23337, -5.18465, -7.89449, -7.27365, -5.23925, -8.7797, 
-3.91379, -6.92681, 0, 0, 0, 0, 0, 0, 0, 0, 0, 0, 0, 0, 0, 0, 
0, 0, 0, 0, 0, 0, 0, 0, 0.96644, 0.96863, 0.96798, 0.97118, 0.96985, 
0.9719, 0.96463, 0.96558, 0.96905, 0.96614, 0.96787, 0.96068, 
0.96691, 0.96642, 0.9653, 0.96019, 0.96994, 0.95982, 0.96217, 
0.9669, 0.96156, 0.96356, 0.1185, 0.1549, 0.1603, 0.1902, 0.2062, 
0.2081, 0.2404, 0.2907, 0.1888, 0.384, 0.3398, 153.8, 241.8, 
206.1, 241.8, 243.3, 201.2, 264.2, 317.4, 219.4, 354.7, 249.1, 
2424, 2336, 406, 431, 1274, 1025, 1748, 1007, 2372, 1809, 366, 
1, 1, 1, 1, 1, 1, 1, 1, 1, 1, 1, 100, 100, 100, 100, 100, 100, 
100, 100, 100, 100, 100, 2500, 2500, 2500, 2500, 2500, 2500, 
2500, 2500, 2500, 2500, 2500, 14506.163, 15077.892, 18212.882, 
16910.794, 20809.847, 21283.451, 21977.937, 24208.167, 25875.657, 
28556.206, 29196.762, 1, 1, 1, 1, 1, 1, 1, 1, 1, 1, 1, 0.05556, 
0.05556, 0.05556, 0.05556, 0.05556, 0.05556, 0.05556, 0.05556, 
0.05556, 0.05556, 0.05556, 0, 0, 0, 0, 0, 0, 0, 0, 0, 0, 0, 0, 
0, 0, 0, 0, 0, 0, 0, 0, 0, 0, 0.9252, 0.92504, 0.92714, 0.93367, 
0.93211, 0.93473, 0.93051, 0.93227, 0.93434, 0.93886, 0.93577, 
0.92712, 0.92854, 0.92636, 0.93292, 0.92936, 0.93597, 0.93109, 
0.9351, 0.93595, 0.93581, 0.93673, 0.2013, 0.2256, 0.2741, 0.3001, 
0.3264, 0.367, 0.4046, 0.4394, 0.3026, 0.5269, 0.5756, 374.2, 
399.8, 420.4, 447.9, 464.9, 487.7, 511, 529.6, 554.4, 577.7, 
597.2, 1, 1, 1, 1, 1, 1, 1, 1, 1, 1, 1, 1, 1, 1, 1, 1, 1, 1, 
1, 1, 1, 1, 1, 1, 1, 1, 1, 1, 1, 1, 1, 1, 1, 1, 1, 1, 1, 1, 1, 
1, 1, 1, 1, 1, 5.148, 5.414, 6.304, 6.045, 6.784, 6.66, 7.572, 
7.448, 5.816, 8.395, 8.923), .Dim = c(11L, 40L), .Dimnames = list(
    NULL, c("Sampling", "PSO.cost", "PSO.gamma", "PSO.data.balancing", 
    "PSO.feature.selection", "PSO.valid.acc", "PSO.test.acc", 
    "PSO.train.time", "PSO.n.support.vectors", "PSO.index", "PSO.n.solutions", 
    "PSO.generations", "PSO.n.evaluations", "PSO.cpu.time", "RS.cost", 
    "RS.gamma", "RS.data.balancing", "RS.feature.selection", 
    "RS.valid.acc", "RS.test.acc", "RS.train.time", "RS.n.support.vectors", 
    "RS.index", "RS.n.solutions", "RS.generations", "RS.n.evaluations", 
    "RS.cpu.time", "DF.cost", "DF.gamma", "DF.data.balancing", 
    "DF.feature.selection", "DF.valid.acc", "DF.test.acc", "DF.train.time", 
    "DF.n.support.vectors", "DF.index", "DF.n.solutions", "DF.generations", 
    "DF.n.evaluations", "DF.cpu.time")))
