full <-
structure(c(50, 55, 60, 65, 70, 75, 80, 85, 90, 95, 100, 15, 
13.4625, 12.47642, 15, 14.83714, 6.43133, 14.22497, 5.90783, 
9.93703, 9.60677, 14.87145, -8.07787, -8.88984, -8.20786, -11.34368, 
-9.76998, -6.69896, -8.54398, -4.93267, -4.64215, -5.77914, -7.218, 
0, 0, 0, 0, 0, 0, 0, 0, 0, 0, 0, 0, 0, 0, 0, 0, 0, 0, 0, 0, 0, 
0, 0.96347, 0.95993, 0.97125, 0.96605, 0.96989, 0.96737, 0.9688, 
0.96668, 0.96692, 0.96917, 0.96932, 0.96067, 0.95464, 0.96324, 
0.96231, 0.96233, 0.96415, 0.96279, 0.96445, 0.95892, 0.96309, 
0.96357, 0.1835, 0.1548, 0.168, 0.1949, 0.222, 0.2379, 0.2797, 
0.2862, 0.3262, 0.3115, 0.4599, 158.5, 170.1, 187.2, 188, 181.7, 
274.8, 198.4, 303.7, 289.6, 271.2, 227.5, 1487, 1256, 1095, 132, 
1203, 288, 1630, 1534, 1284, 737, 1439, 36, 14, 120, 483, 22, 
381, 26, 25, 216, 203, 4, 100, 100, 100, 100, 100, 100, 100, 
100, 100, 100, 100, 2500, 2500, 2500, 2500, 2500, 2500, 2500, 
2500, 2500, 2500, 2500, 11293.993, 12496.733, 11852.984, 12658.851, 
13410.597, 13844.336, 17288.96, 16072.905, 16727.265, 15698.913, 
19243.4829999999, 12.24234, 13.20486, 12.19064, 14.96368, 13.71527, 
6.37046, 14.5956, 4.68474, 9.00851, 9.67962, 14.34351, -8.84502, 
-8.30297, -7.98762, -11.14313, -9.05713, -6.44377, -8.93513, 
-4.66826, -4.61448, -5.80349, -6.95257, 0, 0, 0, 0, 0, 0, 0, 
0, 0, 0, 0, 0, 0, 0, 0, 0, 0, 0, 0, 0, 0, 0, 0.96254, 0.95904, 
0.97045, 0.96385, 0.96921, 0.96673, 0.96819, 0.96557, 0.96533, 
0.96917, 0.96788, 0.95395, 0.95031, 0.96404, 0.9601, 0.96165, 
0.96479, 0.9634, 0.96443, 0.95997, 0.9636, 0.96358, 0.1284, 0.1591, 
0.1703, 0.1902, 0.216, 0.2321, 0.28, 0.3018, 0.3313, 0.3103, 
0.4421, 167.7, 171, 188.5, 186.9, 187, 273.5, 196.3, 331.1, 295.6, 
269.6, 234.1, 1294, 508, 1669, 1086, 146, 268, 1660, 2013, 602, 
185, 1783, 1, 2, 1, 1, 1, 3, 1, 1, 1, 1, 3, 100, 100, 100, 100, 
100, 100, 100, 100, 100, 100, 100, 2500, 2500, 2500, 2500, 2500, 
2500, 2500, 2500, 2500, 2500, 2500, 14795.689, 16148.498, 17212.953, 
18759.295, 20142.624, 23973.497, 25472.484, 24789.313, 26311.547, 
27572.113, 30090.869, 1, 1, 1, 1, 1, 1, 1, 1, 1, 1, 1, 0.05556, 
0.05556, 0.05556, 0.05556, 0.05556, 0.05556, 0.05556, 0.05556, 
0.05556, 0.05556, 0.05556, 0, 0, 0, 0, 0, 0, 0, 0, 0, 0, 0, 0, 
0, 0, 0, 0, 0, 0, 0, 0, 0, 0, 0.91382, 0.91289, 0.92246, 0.92475, 
0.92876, 0.93344, 0.9316, 0.93226, 0.93652, 0.93584, 0.93576, 
0.9166, 0.91804, 0.92488, 0.92327, 0.93082, 0.93153, 0.934, 0.92998, 
0.93706, 0.93584, 0.93575, 0.2073, 0.2407, 0.2693, 0.3058, 0.3312, 
0.3741, 0.3993, 0.4472, 0.4718, 0.5369, 0.5619, 382, 406.7, 426.8, 
449.7, 468.1, 492.3, 515.8, 538.7, 556.6, 576.7, 597.1, 1, 1, 
1, 1, 1, 1, 1, 1, 1, 1, 1, 1, 1, 1, 1, 1, 1, 1, 1, 1, 1, 1, 1, 
1, 1, 1, 1, 1, 1, 1, 1, 1, 1, 1, 1, 1, 1, 1, 1, 1, 1, 1, 1, 1, 
5.181, 5.439, 5.835, 6.269, 6.313, 8.061, 7.46, 7.802, 7.873, 
8.691, 9.106), .Dim = c(11L, 40L), .Dimnames = list(NULL, c("Sampling", 
"PSO.cost", "PSO.gamma", "PSO.data.balancing", "PSO.feature.selection", 
"PSO.valid.acc", "PSO.test.acc", "PSO.train.time", "PSO.n.support.vectors", 
"PSO.index", "PSO.n.solutions", "PSO.generations", "PSO.n.evaluations", 
"PSO.cpu.time", "RS.cost", "RS.gamma", "RS.data.balancing", "RS.feature.selection", 
"RS.valid.acc", "RS.test.acc", "RS.train.time", "RS.n.support.vectors", 
"RS.index", "RS.n.solutions", "RS.generations", "RS.n.evaluations", 
"RS.cpu.time", "DF.cost", "DF.gamma", "DF.data.balancing", "DF.feature.selection", 
"DF.valid.acc", "DF.test.acc", "DF.train.time", "DF.n.support.vectors", 
"DF.index", "DF.n.solutions", "DF.generations", "DF.n.evaluations", 
"DF.cpu.time")))
