full <-
structure(c(50, 55, 60, 65, 70, 75, 80, 85, 90, 95, 100, 8.32879, 
14.46852, 10.28647, 13.94335, 8.18436, 13.83753, 6.82905, 7.67029, 
8.61243, 6.42654, 9.15302, -7.86647, -10.14487, -8.78015, -8.62425, 
-7.30353, -9.86358, -4.93061, -7.36914, -7.24974, -6.25593, -7.02426, 
0, 0, 0, 0, 0, 0, 0, 0, 0, 0, 0, 0, 0, 0, 0, 0, 0, 0, 0, 0, 0, 
0, 0.96731, 0.97035, 0.96884, 0.97415, 0.97252, 0.97378, 0.97245, 
0.9712, 0.97281, 0.9697, 0.96837, 0.9615, 0.9616, 0.96168, 0.96754, 
0.96702, 0.9661, 0.96884, 0.97005, 0.96746, 0.96765, 0.96212, 
0.142, 0.1521, 0.1562, 0.1966, 0.1887, 0.2038, 0.2531, 0.2652, 
0.268, 0.3172, 0.3223, 202.1, 166.1, 201, 174.9, 227.7, 184.7, 
271.9, 271.8, 261, 313.9, 274.7, 951, 378, 606, 734, 653, 378, 
776, 719, 603, 1518, 672, 48, 264, 239, 202, 76, 104, 218, 147, 
290, 27, 73, 100, 100, 100, 100, 100, 100, 100, 100, 100, 100, 
100, 2500, 2500, 2500, 2500, 2500, 2500, 2500, 2500, 2500, 2500, 
2500, 17194.376, 12406.736, 11923.501, 12740.326, 12916.776, 
12847.75, 14085.086, 14703.626, 14818.172, 16761.221, 16153.801, 
8.22341, 13.49248, 10.43003, 13.26235, 8.28147, 13.85887, 6.90208, 
9.02443, 8.48381, 6.31916, 9.50726, -7.91074, -9.19775, -8.89279, 
-8.68041, -4.28593, -9.95738, -4.89104, -8.28028, -7.16152, -6.19206, 
-6.89933, 0, 0, 0, 0, 0, 0, 0, 0, 0, 0, 0, 0, 0, 0, 0, 0, 0, 
0, 0, 0, 0, 0, 0.96634, 0.96947, 0.96804, 0.97341, 0.97186, 0.97315, 
0.97125, 0.97063, 0.97175, 0.96919, 0.9674, 0.95963, 0.96335, 
0.96009, 0.96827, 0.96228, 0.96611, 0.97065, 0.96837, 0.96746, 
0.96765, 0.96405, 0.1409, 0.1485, 0.154, 0.1829, 0.2255, 0.2007, 
0.252, 0.254, 0.2768, 0.3176, 0.3187, 204.7, 168.4, 200.6, 177.9, 
265, 185.3, 272.6, 258.2, 263, 317.1, 267.9, 512, 1455, 732, 
122, 139, 1912, 71, 434, 2091, 1713, 1176, 2, 2, 2, 1, 1, 1, 
2, 1, 1, 1, 1, 100, 100, 100, 100, 100, 100, 100, 100, 100, 100, 
100, 2500, 2500, 2500, 2500, 2500, 2500, 2500, 2500, 2500, 2500, 
2500, 20634.526, 16140.035, 17418.496, 18637.968, 19341.066, 
21341.089, 22476.724, 24142.209, 26500.5440000001, 28312.811, 
29609.989, 1, 1, 1, 1, 1, 1, 1, 1, 1, 1, 1, 0.05556, 0.05556, 
0.05556, 0.05556, 0.05556, 0.05556, 0.05556, 0.05556, 0.05556, 
0.05556, 0.05556, 0, 0, 0, 0, 0, 0, 0, 0, 0, 0, 0, 0, 0, 0, 0, 
0, 0, 0, 0, 0, 0, 0, 0.92307, 0.92335, 0.92643, 0.93651, 0.93538, 
0.93478, 0.93645, 0.93674, 0.93706, 0.93584, 0.9372, 0.91928, 
0.92341, 0.92325, 0.9306, 0.93537, 0.93349, 0.94304, 0.93955, 
0.93918, 0.93533, 0.93721, 0.2147, 0.2355, 0.2578, 0.3007, 0.3251, 
0.3616, 0.4025, 0.4337, 0.4802, 0.5165, 0.5582, 386.9, 413.1, 
430.7, 447.9, 470.8, 495.4, 508.1, 530, 550.6, 571.7, 597.3, 
1, 1, 1, 1, 1, 1, 1, 1, 1, 1, 1, 1, 1, 1, 1, 1, 1, 1, 1, 1, 1, 
1, 1, 1, 1, 1, 1, 1, 1, 1, 1, 1, 1, 1, 1, 1, 1, 1, 1, 1, 1, 1, 
1, 1, 7.404, 5.44, 5.852, 6.358, 6.332, 6.827, 7.158, 7.477, 
8.012, 8.427, 8.918), .Dim = c(11L, 40L), .Dimnames = list(NULL, 
    c("Sampling", "PSO.cost", "PSO.gamma", "PSO.data.balancing", 
    "PSO.feature.selection", "PSO.valid.acc", "PSO.test.acc", 
    "PSO.train.time", "PSO.n.support.vectors", "PSO.index", "PSO.n.solutions", 
    "PSO.generations", "PSO.n.evaluations", "PSO.cpu.time", "RS.cost", 
    "RS.gamma", "RS.data.balancing", "RS.feature.selection", 
    "RS.valid.acc", "RS.test.acc", "RS.train.time", "RS.n.support.vectors", 
    "RS.index", "RS.n.solutions", "RS.generations", "RS.n.evaluations", 
    "RS.cpu.time", "DF.cost", "DF.gamma", "DF.data.balancing", 
    "DF.feature.selection", "DF.valid.acc", "DF.test.acc", "DF.train.time", 
    "DF.n.support.vectors", "DF.index", "DF.n.solutions", "DF.generations", 
    "DF.n.evaluations", "DF.cpu.time")))
