full <-
structure(c(50, 55, 60, 65, 70, 75, 80, 85, 90, 95, 100, 6.64834, 
9.08137, 8.60003, 9.12053, 9.98469, 14.05304, 10.30656, 14.20293, 
15, 6.11505, 11.87518, -5.68503, -7.38567, -6.79237, -5.61212, 
-7.21551, -10.8514, -7.40759, -8.96292, -7.48381, -6.04877, -5.68016, 
0, 0, 0, 0, 0, 0, 0, 0, 0, 0, 0, 0, 0, 0, 0, 0, 0, 0, 0, 0, 0, 
0, 0.9647, 0.96413, 0.96483, 0.96531, 0.96573, 0.96611, 0.96581, 
0.96725, 0.97067, 0.96918, 0.96787, 0.96174, 0.96151, 0.95922, 
0.95495, 0.95821, 0.95905, 0.96397, 0.9616, 0.96693, 0.96615, 
0.96549, 0.1378, 0.1403, 0.1603, 0.1972, 0.1964, 0.1454, 0.1444, 
0.2966, 0.3974, 0.3381, 0.375, 214.8, 197.3, 210.4, 228.1, 219.8, 
212.7, 226.1, 209.3, 211.8, 325.9, 260.9, 686, 1080, 1140, 741, 
1124, 2140, 1858, 808, 879, 928, 759, 245, 17, 62, 213, 41, 5, 
2, 123, 130, 62, 339, 100, 100, 100, 100, 100, 100, 100, 100, 
100, 100, 100, 2500, 2500, 2500, 2500, 2500, 2500, 2500, 2500, 
2500, 2500, 2500, 12296.414, 11984.935, 11917.809, 12898.684, 
13135.432, 10248.5, 13088.781, 15258.35, 16593.234, 17453.873, 
17875.291, 6.95676, 8.61494, 10.11898, 8.78178, 10.4164, 14.1376, 
10.16572, 14.00458, 14.21209, 8.65686, 5.59504, -6.10113, -7.31484, 
-7.13113, -5.42422, -7.52859, -11.16936, -7.31536, -8.80874, 
-8.04255, -7.67389, -4.13733, 0, 0, 0, 0, 0, 0, 0, 0, 0, 0, 0, 
0, 0, 0, 0, 0, 0, 0, 0, 0, 0, 0, 0.96373, 0.96326, 0.9633, 0.96383, 
0.96437, 0.96544, 0.9646, 0.96556, 0.96907, 0.96766, 0.96644, 
0.96174, 0.96152, 0.95601, 0.95495, 0.95684, 0.9597, 0.96397, 
0.9616, 0.9664, 0.96312, 0.96308, 0.1267, 0.1439, 0.157, 0.1984, 
0.2028, 0.1426, 0.2281, 0.2969, 0.3498, 0.3088, 0.4001, 207.2, 
203, 197.3, 233.7, 217.2, 217.9, 227.6, 210.9, 215.4, 287, 363.6, 
1991, 1679, 2283, 675, 511, 1370, 602, 803, 224, 98, 1148, 1, 
1, 1, 1, 1, 1, 5, 1, 4, 1, 1, 100, 100, 100, 100, 100, 100, 100, 
100, 100, 100, 100, 2500, 2500, 2500, 2500, 2500, 2500, 2500, 
2500, 2500, 2500, 2500, 15851.758, 16407.025, 17613.765, 18363.899, 
20596.884, 19693.628, 23287.911, 22981.217, 26634.705, 26646.94, 
31119.414, 1, 1, 1, 1, 1, 1, 1, 1, 1, 1, 1, 0.05556, 0.05556, 
0.05556, 0.05556, 0.05556, 0.05556, 0.05556, 0.05556, 0.05556, 
0.05556, 0.05556, 0, 0, 0, 0, 0, 0, 0, 0, 0, 0, 0, 0, 0, 0, 0, 
0, 0, 0, 0, 0, 0, 0, 0.92341, 0.92755, 0.92903, 0.92542, 0.92526, 
0.92508, 0.92738, 0.93563, 0.93333, 0.93124, 0.93432, 0.9253, 
0.92842, 0.92663, 0.9247, 0.92185, 0.92379, 0.92979, 0.93563, 
0.93281, 0.93581, 0.93624, 0.1945, 0.2347, 0.2573, 0.297, 0.3436, 
0.3807, 0.4018, 0.2779, 0.5015, 0.5267, 0.5778, 377.5, 399.1, 
414.7, 446.1, 477, 496.4, 515.6, 540.9, 558.9, 580.8, 598.3, 
1, 1, 1, 1, 1, 1, 1, 1, 1, 1, 1, 1, 1, 1, 1, 1, 1, 1, 1, 1, 1, 
1, 1, 1, 1, 1, 1, 1, 1, 1, 1, 1, 1, 1, 1, 1, 1, 1, 1, 1, 1, 1, 
1, 1, 5.223, 5.486, 5.804, 6.177, 6.806, 7.151, 7.325, 5.295, 
8.331, 8.578, 9.467), .Dim = c(11L, 40L), .Dimnames = list(NULL, 
    c("Sampling", "PSO.cost", "PSO.gamma", "PSO.data.balancing", 
    "PSO.feature.selection", "PSO.valid.acc", "PSO.test.acc", 
    "PSO.train.time", "PSO.n.support.vectors", "PSO.index", "PSO.n.solutions", 
    "PSO.generations", "PSO.n.evaluations", "PSO.cpu.time", "RS.cost", 
    "RS.gamma", "RS.data.balancing", "RS.feature.selection", 
    "RS.valid.acc", "RS.test.acc", "RS.train.time", "RS.n.support.vectors", 
    "RS.index", "RS.n.solutions", "RS.generations", "RS.n.evaluations", 
    "RS.cpu.time", "DF.cost", "DF.gamma", "DF.data.balancing", 
    "DF.feature.selection", "DF.valid.acc", "DF.test.acc", "DF.train.time", 
    "DF.n.support.vectors", "DF.index", "DF.n.solutions", "DF.generations", 
    "DF.n.evaluations", "DF.cpu.time")))
