full <-
structure(c(50, 55, 60, 65, 70, 75, 80, 85, 90, 95, 100, 15, 
15, 11.90148, 10.04283, 6.82347, 8.3679, 10.02455, 10.21078, 
11.66204, 14.95055, 13.37424, -8.70841, -5.11224, -4.26023, -7.21796, 
-5.10162, -5.99726, -7.08432, -6.7206, -5.67739, -7.38558, -6.66576, 
0, 0, 0, 0, 0, 0, 0, 0, 0, 0, 0, 0, 0, 0, 0, 0, 0, 0, 0, 0, 0, 
0, 0.95972, 0.9608, 0.96564, 0.96754, 0.96778, 0.96224, 0.96761, 
0.96785, 0.968, 0.96771, 0.96742, 0.95588, 0.95644, 0.95687, 
0.95867, 0.96368, 0.96222, 0.9646, 0.96499, 0.96372, 0.96417, 
0.96646, 0.1397, 0.1923, 0.1913, 0.177, 0.2196, 0.2141, 0.2267, 
0.2487, 0.2939, 0.4261, 0.3768, 146, 200.8, 242.1, 212.6, 262.2, 
239.3, 224.9, 233.7, 239.6, 222, 239, 138, 291, 411, 244, 1980, 
526, 738, 355, 952, 1407, 1186, 997, 583, 48, 30, 5, 90, 126, 
78, 140, 36, 7, 100, 100, 100, 100, 100, 100, 100, 100, 100, 
100, 100, 2500, 2500, 2500, 2500, 2500, 2500, 2500, 2500, 2500, 
2500, 2500, 10877.281, 12083.716, 12117.697, 12299.415, 13216.061, 
13287.677, 13542.994, 14950.541, 15716.033, 18194.662, 17767.547, 
5.68223, 14.49485, 9.97712, 9.76244, 6.01342, 13.28345, 13.0707, 
9.23388, 4.96224, 14.94668, 12.37944, -3.70157, -5.17536, -4.43122, 
-6.94966, -5.07877, -8.12371, -7.13771, -6.35219, -3.8639, -7.34663, 
-6.22278, 0, 0, 0, 0, 0, 0, 0, 0, 0, 0, 0, 0, 0, 0, 0, 0, 0, 
0, 0, 0, 0, 0, 0.95968, 0.95906, 0.96405, 0.96753, 0.96641, 0.96289, 
0.96756, 0.96614, 0.96748, 0.9667, 0.96693, 0.95482, 0.95644, 
0.95765, 0.96014, 0.96231, 0.96224, 0.96341, 0.96556, 0.96375, 
0.96468, 0.96503, 0.1581, 0.1775, 0.189, 0.1809, 0.2195, 0.2301, 
0.2546, 0.2551, 0.3499, 0.4163, 0.3541, 256.2, 199.9, 242.7, 
215.6, 272.7, 200.3, 209, 244.7, 355.5, 221.6, 247.8, 379, 2258, 
324, 2348, 1616, 470, 2016, 566, 669, 1565, 1302, 1, 1, 2, 1, 
1, 1, 1, 4, 2, 1, 1, 100, 100, 100, 100, 100, 100, 100, 100, 
100, 100, 100, 2500, 2500, 2500, 2500, 2500, 2500, 2500, 2500, 
2500, 2500, 2500, 14323.76, 15689.445, 17002.044, 18122.64, 19456.727, 
21170.889, 22651.303, 24640.368, 26251.332, 28050.062, 29899.452, 
1, 1, 1, 1, 1, 1, 1, 1, 1, 1, 1, 0.05556, 0.05556, 0.05556, 0.05556, 
0.05556, 0.05556, 0.05556, 0.05556, 0.05556, 0.05556, 0.05556, 
0, 0, 0, 0, 0, 0, 0, 0, 0, 0, 0, 0, 0, 0, 0, 0, 0, 0, 0, 0, 0, 
0, 0.92033, 0.92414, 0.92482, 0.92549, 0.92866, 0.93212, 0.93881, 
0.93618, 0.93493, 0.93231, 0.93672, 0.92897, 0.92412, 0.92402, 
0.92842, 0.92868, 0.92893, 0.93464, 0.93673, 0.93281, 0.93231, 
0.93625, 0.1963, 0.2322, 0.266, 0.2948, 0.3327, 0.3595, 0.3907, 
0.4325, 0.4726, 0.5302, 0.5504, 371.4, 400.6, 428.5, 450.2, 468, 
485.9, 505.2, 528.9, 552.5, 579.7, 594.7, 1, 1, 1, 1, 1, 1, 1, 
1, 1, 1, 1, 1, 1, 1, 1, 1, 1, 1, 1, 1, 1, 1, 1, 1, 1, 1, 1, 1, 
1, 1, 1, 1, 1, 1, 1, 1, 1, 1, 1, 1, 1, 1, 1, 1, 4.994, 5.357, 
5.798, 5.977, 6.499, 6.821, 7.235, 7.622, 8.064, 8.665, 8.784
), .Dim = c(11L, 40L), .Dimnames = list(NULL, c("Sampling", "PSO.cost", 
"PSO.gamma", "PSO.data.balancing", "PSO.feature.selection", "PSO.valid.acc", 
"PSO.test.acc", "PSO.train.time", "PSO.n.support.vectors", "PSO.index", 
"PSO.n.solutions", "PSO.generations", "PSO.n.evaluations", "PSO.cpu.time", 
"RS.cost", "RS.gamma", "RS.data.balancing", "RS.feature.selection", 
"RS.valid.acc", "RS.test.acc", "RS.train.time", "RS.n.support.vectors", 
"RS.index", "RS.n.solutions", "RS.generations", "RS.n.evaluations", 
"RS.cpu.time", "DF.cost", "DF.gamma", "DF.data.balancing", "DF.feature.selection", 
"DF.valid.acc", "DF.test.acc", "DF.train.time", "DF.n.support.vectors", 
"DF.index", "DF.n.solutions", "DF.generations", "DF.n.evaluations", 
"DF.cpu.time")))
