full <-
structure(c(50, 55, 60, 65, 70, 75, 80, 85, 90, 95, 100, 12.52268, 
7.31226, 10.25319, 10.19883, 7.93202, 10.59136, 9.18571, 10.58604, 
12.25773, 5.60784, 15, -8.98485, -6.88325, -7.55622, -7.89271, 
-6.68243, -8.72708, -8.48092, -9.15502, -6.01738, -4.99656, -8.56948, 
0, 0, 0, 0, 0, 0, 0, 0, 0, 0, 0, 0, 0, 0, 0, 0, 0, 0, 0, 0, 0, 
0, 0.96542, 0.96513, 0.96323, 0.97128, 0.96641, 0.96421, 0.9652, 
0.9656, 0.96535, 0.96769, 0.96788, 0.96447, 0.95467, 0.95521, 
0.96463, 0.95886, 0.96099, 0.9634, 0.9577, 0.95357, 0.96364, 
0.96451, 0.0907, 0.1047, 0.1135, 0.1266, 0.143, 0.1492, 0.1697, 
0.1811, 0.2414, 0.2363, 0.3203, 162.6, 222.6, 199.3, 206.9, 239.8, 
221.7, 255.3, 247.7, 242.9, 329.8, 223.6, 204, 2310, 1254, 335, 
2089, 2421, 1469, 1428, 2138, 805, 717, 547, 2, 10, 79, 19, 90, 
9, 7, 7, 426, 44, 100, 100, 100, 100, 100, 100, 100, 100, 100, 
100, 100, 2500, 2500, 2500, 2500, 2500, 2500, 2500, 2500, 2500, 
2500, 2500, 8545.852, 8953.95, 9374.745, 12000.868, 12772.086, 
12951.011, 14086.983, 14265.548, 15494.242, 13150.223, 17100.473, 
11.71216, 7.17609, 13.79483, 10.6622, 7.90009, 8.56079, 9.24751, 
13.1706, 13.01225, 5.64892, 13.62581, -8.74082, -6.96832, -9.5057, 
-8.17733, -6.70034, -8.25276, -8.49306, -10.99098, -6.34791, 
-5.05604, -7.71908, 0, 0, 0, 0, 0, 0, 0, 0, 0, 0, 0, 0, 0, 0, 
0, 0, 0, 0, 0, 0, 0, 0, 0.96542, 0.96423, 0.96243, 0.97127, 0.96572, 
0.96358, 0.96459, 0.96447, 0.96375, 0.96718, 0.96739, 0.96446, 
0.95464, 0.95679, 0.96683, 0.96023, 0.95844, 0.9634, 0.96052, 
0.95464, 0.96312, 0.96498, 0.0869, 0.1048, 0.1249, 0.1276, 0.1421, 
0.158, 0.1702, 0.1891, 0.257, 0.2367, 0.2801, 166.5, 223.7, 180, 
204, 239.2, 253.7, 254.8, 238.5, 235.4, 327.9, 231.8, 1035, 630, 
1059, 2015, 1403, 2441, 2379, 1051, 1192, 1395, 2477, 2, 1, 2, 
1, 1, 1, 1, 9, 3, 2, 1, 100, 100, 100, 100, 100, 100, 100, 100, 
100, 100, 100, 2500, 2500, 2500, 2500, 2500, 2500, 2500, 2500, 
2500, 2500, 2500, 11226.518, 12138.841, 13019.5, 16520.252, 17488.957, 
19059.724, 20438.654, 21456.555, 20827.546, 21555.535, 25373.871, 
1, 1, 1, 1, 1, 1, 1, 1, 1, 1, 1, 0.05556, 0.05556, 0.05556, 0.05556, 
0.05556, 0.05556, 0.05556, 0.05556, 0.05556, 0.05556, 0.05556, 
0, 0, 0, 0, 0, 0, 0, 0, 0, 0, 0, 0, 0, 0, 0, 0, 0, 0, 0, 0, 0, 
0, 0.91554, 0.91358, 0.91928, 0.92335, 0.92593, 0.9271, 0.9298, 
0.93344, 0.93385, 0.93179, 0.93671, 0.91746, 0.91536, 0.92489, 
0.92557, 0.92799, 0.92966, 0.93219, 0.92891, 0.93066, 0.93533, 
0.93813, 0.14, 0.1624, 0.184, 0.2113, 0.2316, 0.2573, 0.2842, 
0.3087, 0.337, 0.368, 0.3924, 379.4, 402.3, 427.3, 449.9, 466.1, 
486.6, 512.8, 533.1, 559.1, 578.3, 595.4, 1, 1, 1, 1, 1, 1, 1, 
1, 1, 1, 1, 1, 1, 1, 1, 1, 1, 1, 1, 1, 1, 1, 1, 1, 1, 1, 1, 1, 
1, 1, 1, 1, 1, 1, 1, 1, 1, 1, 1, 1, 1, 1, 1, 1, 3.905, 4.122, 
4.312, 5.625, 5.9, 6.342, 6.58, 6.773, 6.29, 6.432, 7.629), .Dim = c(11L, 
40L), .Dimnames = list(NULL, c("Sampling", "PSO.cost", "PSO.gamma", 
"PSO.data.balancing", "PSO.feature.selection", "PSO.valid.acc", 
"PSO.test.acc", "PSO.train.time", "PSO.n.support.vectors", "PSO.index", 
"PSO.n.solutions", "PSO.generations", "PSO.n.evaluations", "PSO.cpu.time", 
"RS.cost", "RS.gamma", "RS.data.balancing", "RS.feature.selection", 
"RS.valid.acc", "RS.test.acc", "RS.train.time", "RS.n.support.vectors", 
"RS.index", "RS.n.solutions", "RS.generations", "RS.n.evaluations", 
"RS.cpu.time", "DF.cost", "DF.gamma", "DF.data.balancing", "DF.feature.selection", 
"DF.valid.acc", "DF.test.acc", "DF.train.time", "DF.n.support.vectors", 
"DF.index", "DF.n.solutions", "DF.generations", "DF.n.evaluations", 
"DF.cpu.time")))
