full <-
structure(c(50, 55, 60, 65, 70, 75, 80, 85, 90, 95, 100, 15, 
10.81818, 9.09469, 8.2426, 11.14428, 9.45077, 9.99984, 7.2576, 
8.29944, 7.21836, 14.97075, -8.16629, -6.00518, -7.82919, -7.56747, 
-7.66905, -7.10463, -7.6413, -6.94805, -6.68158, -5.35108, -8.49754, 
0, 0, 0, 0, 0, 0, 0, 0, 0, 0, 0, 0, 0, 0, 0, 0, 0, 0, 0, 0, 0, 
0, 0.96456, 0.96517, 0.96644, 0.96241, 0.96167, 0.9661, 0.96824, 
0.96841, 0.96801, 0.97122, 0.97172, 0.95977, 0.95818, 0.96242, 
0.95868, 0.9548, 0.9648, 0.96222, 0.96783, 0.96426, 0.96717, 
0.96453, 0.1194, 0.1026, 0.1131, 0.1244, 0.1449, 0.1539, 0.1648, 
0.1897, 0.1991, 0.223, 0.3271, 153.8, 182.5, 212.1, 234.7, 210.2, 
232, 235.9, 290.1, 272.9, 301.1, 225, 284, 599, 637, 1252, 1102, 
937, 1122, 961, 588, 1132, 1470, 287, 315, 107, 148, 175, 21, 
35, 190, 75, 263, 205, 100, 100, 100, 100, 100, 100, 100, 100, 
100, 100, 100, 2500, 2500, 2500, 2500, 2500, 2500, 2500, 2500, 
2500, 2500, 2500, 11955.991, 11838.486, 12678.5, 12679.116, 13388.953, 
13871.274, 11909.917, 11892.533, 12416.349, 13207.556, 15523.594, 
11.18059, 10.66528, 9.04067, 7.9215, 11.16946, 8.70736, 10.78194, 
10.44584, 5.5537, 7.23167, 14.9957, -7.23884, -5.99959, -7.81838, 
-7.40039, -7.77824, -8.02512, -8.03215, -8.23639, -5.05808, -5.41447, 
-8.53317, 0, 0, 0, 0, 0, 0, 0, 0, 0, 0, 0, 0, 0, 0, 0, 0, 0, 
0, 0, 0, 0, 0, 0.96366, 0.96516, 0.96564, 0.96093, 0.96097, 0.96482, 
0.96704, 0.96784, 0.96695, 0.97021, 0.97076, 0.95982, 0.95905, 
0.96322, 0.95942, 0.95617, 0.96159, 0.961, 0.96222, 0.96692, 
0.96818, 0.96405, 0.0917, 0.1037, 0.113, 0.1296, 0.1445, 0.1547, 
0.1668, 0.1816, 0.2202, 0.223, 0.3222, 171.1, 184.9, 212.2, 239.3, 
209.5, 252.2, 229.2, 247.4, 325.3, 299.2, 224.3, 1496, 302, 1666, 
459, 1341, 2446, 477, 1293, 2229, 741, 1443, 1, 1, 2, 4, 2, 2, 
1, 1, 1, 1, 1, 100, 100, 100, 100, 100, 100, 100, 100, 100, 100, 
100, 2500, 2500, 2500, 2500, 2500, 2500, 2500, 2500, 2500, 2500, 
2500, 13958.525, 14878.63, 16602.254, 17205.281, 18674.744, 19242.475, 
17871.253, 19134.206, 20724.156, 22017.351, 23067.209, 1, 1, 
1, 1, 1, 1, 1, 1, 1, 1, 1, 0.05556, 0.05556, 0.05556, 0.05556, 
0.05556, 0.05556, 0.05556, 0.05556, 0.05556, 0.05556, 0.05556, 
0, 0, 0, 0, 0, 0, 0, 0, 0, 0, 0, 0, 0, 0, 0, 0, 0, 0, 0, 0, 0, 
0, 0.91464, 0.91789, 0.92327, 0.92622, 0.9247, 0.93412, 0.93162, 
0.93391, 0.93604, 0.93484, 0.9334, 0.91847, 0.92394, 0.92966, 
0.92842, 0.92607, 0.93027, 0.93224, 0.93165, 0.9339, 0.93686, 
0.93675, 0.1422, 0.1604, 0.1833, 0.2069, 0.2303, 0.2566, 0.2786, 
0.3067, 0.3329, 0.3599, 0.3891, 387.3, 406.5, 429.4, 457.9, 476.2, 
497.5, 519.9, 540.8, 563.2, 576.7, 594.4, 1, 1, 1, 1, 1, 1, 1, 
1, 1, 1, 1, 1, 1, 1, 1, 1, 1, 1, 1, 1, 1, 1, 1, 1, 1, 1, 1, 1, 
1, 1, 1, 1, 1, 1, 1, 1, 1, 1, 1, 1, 1, 1, 1, 1, 5.034, 5.248, 
5.872, 6.03, 6.112, 6.429, 5.641, 6.015, 6.241, 6.527, 6.764), .Dim = c(11L, 
40L), .Dimnames = list(NULL, c("Sampling", "PSO.cost", "PSO.gamma", 
"PSO.data.balancing", "PSO.feature.selection", "PSO.valid.acc", 
"PSO.test.acc", "PSO.train.time", "PSO.n.support.vectors", "PSO.index", 
"PSO.n.solutions", "PSO.generations", "PSO.n.evaluations", "PSO.cpu.time", 
"RS.cost", "RS.gamma", "RS.data.balancing", "RS.feature.selection", 
"RS.valid.acc", "RS.test.acc", "RS.train.time", "RS.n.support.vectors", 
"RS.index", "RS.n.solutions", "RS.generations", "RS.n.evaluations", 
"RS.cpu.time", "DF.cost", "DF.gamma", "DF.data.balancing", "DF.feature.selection", 
"DF.valid.acc", "DF.test.acc", "DF.train.time", "DF.n.support.vectors", 
"DF.index", "DF.n.solutions", "DF.generations", "DF.n.evaluations", 
"DF.cpu.time")))
