full <-
structure(c(50, 55, 60, 65, 70, 75, 80, 85, 90, 95, 100, 8.93197, 
8.77665, 9.74589, 11.34724, 11.95393, 7.0811, 9.47543, 15, 4.39576, 
5.33159, 7.53977, -7.98706, -7.76046, -3.95853, -7.40393, -7.75576, 
-3.24447, -8.10806, -7.44332, -4.62578, -4.92814, -6.43732, 0, 
0, 0, 0, 0, 0, 0, 0, 0, 0, 0, 0, 0, 0, 0, 0, 0, 0, 0, 0, 0, 0, 
0.96077, 0.96782, 0.96489, 0.96608, 0.96777, 0.96615, 0.96697, 
0.96729, 0.96961, 0.96662, 0.96931, 0.95787, 0.96522, 0.95123, 
0.96241, 0.96023, 0.95845, 0.96515, 0.96276, 0.96213, 0.96305, 
0.96644, 0.0911, 0.102, 0.1396, 0.1292, 0.139, 0.2048, 0.1667, 
0.2697, 0.2395, 0.24, 0.2373, 201.6, 211.7, 260.5, 196.6, 199.1, 
324, 247.9, 204.8, 358, 337.3, 302.6, 786, 768, 622, 2174, 545, 
934, 1914, 606, 1160, 951, 537, 28, 115, 120, 6, 18, 203, 8, 
303, 137, 98, 333, 100, 100, 100, 100, 100, 100, 100, 100, 100, 
100, 100, 2500, 2500, 2500, 2500, 2500, 2500, 2500, 2500, 2500, 
2500, 2500, 9554.253, 9408.022, 11571.815, 13219.371, 12840.211, 
14939.769, 13858.935, 16182.061, 15907.458, 16466.819, 16763.174, 
8.00859, 8.32627, 9.84104, 11.03635, 12.25517, 7.13607, 5.23839, 
14.89854, 5.05789, 6.35308, 8.93629, -7.22205, -7.44073, -4.02522, 
-7.24042, -7.96012, -3.53895, -5.12339, -7.47176, -4.90413, -4.60872, 
-4.97503, 0, 0, 0, 0, 0, 0, 0, 0, 0, 0, 0, 0, 0, 0, 0, 0, 0, 
0, 0, 0, 0, 0, 0.9598, 0.9661, 0.96489, 0.96607, 0.9664, 0.96487, 
0.96637, 0.96673, 0.96909, 0.96508, 0.96881, 0.95979, 0.96432, 
0.95125, 0.96313, 0.96093, 0.9578, 0.96275, 0.96332, 0.96268, 
0.96201, 0.96593, 0.092, 0.1022, 0.1424, 0.1258, 0.1407, 0.1962, 
0.1887, 0.2651, 0.2303, 0.248, 0.254, 210.1, 215.5, 258, 197, 
198.1, 312.6, 307.4, 204.8, 340.1, 326, 299.3, 2460, 806, 1273, 
1971, 2159, 2086, 608, 787, 1587, 50, 2359, 2, 1, 1, 1, 2, 1, 
1, 3, 1, 1, 1, 100, 100, 100, 100, 100, 100, 100, 100, 100, 100, 
100, 2500, 2500, 2500, 2500, 2500, 2500, 2500, 2500, 2500, 2500, 
2500, 11840.993, 12546.34, 16691.654, 16696.968, 18445.66, 19465.773, 
20447.686, 22145.855, 23154.389, 25314.589, 26887.648, 1, 1, 
1, 1, 1, 1, 1, 1, 1, 1, 1, 0.05556, 0.05556, 0.05556, 0.05556, 
0.05556, 0.05556, 0.05556, 0.05556, 0.05556, 0.05556, 0.05556, 
0, 0, 0, 0, 0, 0, 0, 0, 0, 0, 0, 0, 0, 0, 0, 0, 0, 0, 0, 0, 0, 
0, 0.91757, 0.92076, 0.92477, 0.9285, 0.93011, 0.9348, 0.93816, 
0.93904, 0.93552, 0.93277, 0.93433, 0.92141, 0.92073, 0.92799, 
0.93292, 0.93148, 0.9367, 0.93998, 0.93395, 0.93761, 0.93122, 
0.93433, 0.1441, 0.1617, 0.1873, 0.205, 0.2328, 0.2579, 0.2825, 
0.3089, 0.3391, 0.3723, 0.3979, 390.3, 408.7, 428.4, 449.2, 474.1, 
493.8, 515.3, 534.8, 565, 579.2, 594.1, 1, 1, 1, 1, 1, 1, 1, 
1, 1, 1, 1, 1, 1, 1, 1, 1, 1, 1, 1, 1, 1, 1, 1, 1, 1, 1, 1, 1, 
1, 1, 1, 1, 1, 1, 1, 1, 1, 1, 1, 1, 1, 1, 1, 1, 4.222, 4.433, 
5.756, 5.691, 6.198, 6.499, 6.801, 7.059, 7.264, 7.807, 7.957
), .Dim = c(11L, 40L), .Dimnames = list(NULL, c("Sampling", "PSO.cost", 
"PSO.gamma", "PSO.data.balancing", "PSO.feature.selection", "PSO.valid.acc", 
"PSO.test.acc", "PSO.train.time", "PSO.n.support.vectors", "PSO.index", 
"PSO.n.solutions", "PSO.generations", "PSO.n.evaluations", "PSO.cpu.time", 
"RS.cost", "RS.gamma", "RS.data.balancing", "RS.feature.selection", 
"RS.valid.acc", "RS.test.acc", "RS.train.time", "RS.n.support.vectors", 
"RS.index", "RS.n.solutions", "RS.generations", "RS.n.evaluations", 
"RS.cpu.time", "DF.cost", "DF.gamma", "DF.data.balancing", "DF.feature.selection", 
"DF.valid.acc", "DF.test.acc", "DF.train.time", "DF.n.support.vectors", 
"DF.index", "DF.n.solutions", "DF.generations", "DF.n.evaluations", 
"DF.cpu.time")))
