full <-
structure(c(50, 55, 60, 65, 70, 75, 80, 85, 90, 95, 100, 8.57173, 
11.74253, 6.81788, 9.46138, 7.23942, 6.84187, 6.15467, 7.96127, 
10.10687, 5.62272, 15, -7.95868, -9.29267, -4.56117, -8.33833, 
-6.24912, -6.26641, -4.72336, -4.74068, -5.12048, -5.43999, -8.38861, 
0, 0, 0, 0, 0, 0, 0, 0, 0, 0, 0, 0, 0, 0, 0, 0, 0, 0, 0, 0, 0, 
0, 0.96267, 0.96425, 0.96406, 0.96093, 0.96231, 0.96609, 0.96767, 
0.96836, 0.96698, 0.96769, 0.96888, 0.95696, 0.95383, 0.95606, 
0.95944, 0.9616, 0.9597, 0.96406, 0.96775, 0.96327, 0.96516, 
0.96168, 0.133, 0.1577, 0.1923, 0.1826, 0.217, 0.2251, 0.2759, 
0.175, 0.3088, 0.3418, 0.4391, 195.7, 189.2, 261.3, 222.4, 251.4, 
265.4, 301.5, 286.6, 273, 333.9, 227, 356, 774, 808, 538, 834, 
890, 174, 1874, 199, 985, 1489, 536, 97, 233, 206, 158, 314, 
299, 15, 123, 85, 5, 100, 100, 100, 100, 100, 100, 100, 100, 
100, 100, 100, 2500, 2500, 2500, 2500, 2500, 2500, 2500, 2500, 
2500, 2500, 2500, 15746.592, 16168.585, 14534.438, 12559.861, 
15374.527, 13543.12, 14450.575, 12850.187, 15317.077, 18674.225, 
17880.273, 10.09602, 5.31706, 6.81136, 9.49347, 8.04336, 7.216, 
6.29303, 9.64292, 7.73285, 5.13791, 14.91094, -8.87423, -4.32648, 
-4.57489, -8.26486, -6.67476, -6.35179, -4.71865, -4.90906, -4.54265, 
-5.39383, -8.34331, 0, 0, 0, 0, 0, 0, 0, 0, 0, 0, 0, 0, 0, 0, 
0, 0, 0, 0, 0, 0, 0, 0, 0.96171, 0.96342, 0.96406, 0.96019, 0.96094, 
0.96545, 0.96647, 0.96669, 0.96592, 0.96568, 0.96792, 0.956, 
0.95647, 0.95606, 0.96019, 0.95956, 0.96163, 0.96285, 0.96437, 
0.96325, 0.96263, 0.9612, 0.1339, 0.1863, 0.1179, 0.1757, 0.2099, 
0.2251, 0.2773, 0.2869, 0.3214, 0.215, 0.4273, 186.2, 267.4, 
260.5, 220, 241.7, 260.7, 299.7, 272.5, 306.2, 347.9, 227.6, 
1005, 174, 971, 1056, 776, 1168, 509, 692, 872, 64, 1856, 2, 
1, 1, 1, 3, 2, 1, 1, 3, 1, 1, 100, 100, 100, 100, 100, 100, 100, 
100, 100, 100, 100, 2500, 2500, 2500, 2500, 2500, 2500, 2500, 
2500, 2500, 2500, 2500, 19655.337, 20336.304, 13740.296, 18701.746, 
18185.812, 21203.24, 21618.85, 23701.189, 27683.755, 27710.321, 
30106.773, 1, 1, 1, 1, 1, 1, 1, 1, 1, 1, 1, 0.05556, 0.05556, 
0.05556, 0.05556, 0.05556, 0.05556, 0.05556, 0.05556, 0.05556, 
0.05556, 0.05556, 0, 0, 0, 0, 0, 0, 0, 0, 0, 0, 0, 0, 0, 0, 0, 
0, 0, 0, 0, 0, 0, 0, 0.92433, 0.92417, 0.92962, 0.924, 0.92736, 
0.92832, 0.92748, 0.93619, 0.93606, 0.93685, 0.9377, 0.92629, 
0.92503, 0.92881, 0.92476, 0.92874, 0.92705, 0.92568, 0.93561, 
0.93338, 0.93534, 0.93578, 0.2174, 0.2402, 0.1654, 0.3095, 0.3422, 
0.3745, 0.2468, 0.4458, 0.4912, 0.5209, 0.5675, 381.2, 407, 430.6, 
452.1, 480.8, 494.9, 514.3, 540.2, 558.3, 576, 596.5, 1, 1, 1, 
1, 1, 1, 1, 1, 1, 1, 1, 1, 1, 1, 1, 1, 1, 1, 1, 1, 1, 1, 1, 1, 
1, 1, 1, 1, 1, 1, 1, 1, 1, 1, 1, 1, 1, 1, 1, 1, 1, 1, 1, 1, 7.1, 
6.876, 4.061, 7.166, 6.463, 6.781, 4.87, 7.535, 8.788, 9.055, 
8.88), .Dim = c(11L, 40L), .Dimnames = list(NULL, c("Sampling", 
"PSO.cost", "PSO.gamma", "PSO.data.balancing", "PSO.feature.selection", 
"PSO.valid.acc", "PSO.test.acc", "PSO.train.time", "PSO.n.support.vectors", 
"PSO.index", "PSO.n.solutions", "PSO.generations", "PSO.n.evaluations", 
"PSO.cpu.time", "RS.cost", "RS.gamma", "RS.data.balancing", "RS.feature.selection", 
"RS.valid.acc", "RS.test.acc", "RS.train.time", "RS.n.support.vectors", 
"RS.index", "RS.n.solutions", "RS.generations", "RS.n.evaluations", 
"RS.cpu.time", "DF.cost", "DF.gamma", "DF.data.balancing", "DF.feature.selection", 
"DF.valid.acc", "DF.test.acc", "DF.train.time", "DF.n.support.vectors", 
"DF.index", "DF.n.solutions", "DF.generations", "DF.n.evaluations", 
"DF.cpu.time")))
