full <-
structure(c(50, 55, 60, 65, 70, 75, 80, 85, 90, 95, 100, 7.86517, 
9.82329, 9.60189, 6.50453, 15, 7.17307, 13.08387, 14.39536, 6.8018, 
15, 6.18313, -4.34886, -8.72427, -6.62306, -4.82858, -7.85133, 
-7.01158, -8.89716, -7.80416, -3.69072, -7.67414, -4.71408, 0, 
0, 0, 0, 0, 0, 0, 0, 0, 0, 0, 0, 0, 0, 0, 0, 0, 0, 0, 0, 0, 0, 
0.95874, 0.95812, 0.96242, 0.96676, 0.9609, 0.96548, 0.96586, 
0.96782, 0.96851, 0.97018, 0.96835, 0.95396, 0.95375, 0.95447, 
0.9616, 0.95884, 0.96162, 0.96043, 0.96217, 0.96265, 0.96565, 
0.96451, 0.1549, 0.1444, 0.1725, 0.1979, 0.2704, 0.2232, 0.1506, 
0.328, 0.3445, 0.4348, 0.3802, 223.5, 196.1, 203.7, 257, 185.9, 
259.4, 204.1, 206.1, 337, 217.4, 337.8, 360, 1565, 1132, 1911, 
187, 1061, 1016, 1369, 529, 748, 858, 141, 71, 158, 13, 18, 19, 
34, 14, 415, 13, 212, 100, 100, 100, 100, 100, 100, 100, 100, 
100, 100, 100, 2500, 2500, 2500, 2500, 2500, 2500, 2500, 2500, 
2500, 2500, 2500, 14416.862, 12382.031, 13562.717, 13180.48, 
14545.433, 14125.023, 12521.608, 15921.078, 17733.1459999999, 
18122.651, 18094.287, 7.53974, 14.23239, 9.62829, 6.85371, 10.53881, 
7.1434, 13.0359, 7.79965, 6.64928, 7.5961, 5.93412, -4.34702, 
-10.32639, -6.75459, -5.19155, -8.83929, -7.12915, -8.8406, -4.61754, 
-3.53524, -4.75699, -4.56388, 0, 0, 0, 0, 0, 0, 0, 0, 0, 0, 0, 
0, 0, 0, 0, 0, 0, 0, 0, 0, 0, 0, 0.95873, 0.95722, 0.95923, 0.96526, 
0.96027, 0.96484, 0.96467, 0.96668, 0.96691, 0.96817, 0.96739, 
0.95683, 0.94764, 0.95367, 0.96013, 0.95272, 0.96099, 0.95983, 
0.96104, 0.96319, 0.96516, 0.96403, 0.1476, 0.1549, 0.158, 0.1936, 
0.1929, 0.2279, 0.24, 0.2919, 0.3577, 0.3373, 0.3868, 225.2, 
167.5, 202.5, 244.5, 216.6, 263.6, 203.8, 286.8, 345.7, 303.3, 
346.7, 1034, 1889, 2013, 461, 306, 503, 2270, 1428, 1544, 1206, 
1851, 1, 2, 1, 2, 1, 2, 1, 1, 1, 1, 1, 100, 100, 100, 100, 100, 
100, 100, 100, 100, 100, 100, 2500, 2500, 2500, 2500, 2500, 2500, 
2500, 2500, 2500, 2500, 2500, 17511.206, 17544.447, 18947.557, 
19075.675, 20072.437, 21334.751, 23439.723, 24238.492, 22796.913, 
27632.53, 29999.252, 1, 1, 1, 1, 1, 1, 1, 1, 1, 1, 1, 0.05556, 
0.05556, 0.05556, 0.05556, 0.05556, 0.05556, 0.05556, 0.05556, 
0.05556, 0.05556, 0.05556, 0, 0, 0, 0, 0, 0, 0, 0, 0, 0, 0, 0, 
0, 0, 0, 0, 0, 0, 0, 0, 0, 0, 0.92024, 0.92503, 0.92001, 0.92993, 
0.92323, 0.92703, 0.93104, 0.93393, 0.93226, 0.93535, 0.93479, 
0.91835, 0.91897, 0.92482, 0.92915, 0.92529, 0.92961, 0.93166, 
0.92942, 0.93545, 0.93635, 0.93864, 0.2033, 0.2403, 0.2634, 0.3101, 
0.3412, 0.2325, 0.4061, 0.4497, 0.4746, 0.5346, 0.5729, 373.8, 
402.2, 425, 452.4, 474.8, 492.3, 512.5, 535.8, 555.2, 580.1, 
594.1, 1, 1, 1, 1, 1, 1, 1, 1, 1, 1, 1, 1, 1, 1, 1, 1, 1, 1, 
1, 1, 1, 1, 1, 1, 1, 1, 1, 1, 1, 1, 1, 1, 1, 1, 1, 1, 1, 1, 1, 
1, 1, 1, 1, 1, 6.108, 6.521, 5.763, 6.454, 6.721, 5.157, 7.303, 
8.073, 7.986, 8.736, 9.091), .Dim = c(11L, 40L), .Dimnames = list(
    NULL, c("Sampling", "PSO.cost", "PSO.gamma", "PSO.data.balancing", 
    "PSO.feature.selection", "PSO.valid.acc", "PSO.test.acc", 
    "PSO.train.time", "PSO.n.support.vectors", "PSO.index", "PSO.n.solutions", 
    "PSO.generations", "PSO.n.evaluations", "PSO.cpu.time", "RS.cost", 
    "RS.gamma", "RS.data.balancing", "RS.feature.selection", 
    "RS.valid.acc", "RS.test.acc", "RS.train.time", "RS.n.support.vectors", 
    "RS.index", "RS.n.solutions", "RS.generations", "RS.n.evaluations", 
    "RS.cpu.time", "DF.cost", "DF.gamma", "DF.data.balancing", 
    "DF.feature.selection", "DF.valid.acc", "DF.test.acc", "DF.train.time", 
    "DF.n.support.vectors", "DF.index", "DF.n.solutions", "DF.generations", 
    "DF.n.evaluations", "DF.cpu.time")))
