full <-
structure(c(50, 55, 60, 65, 70, 75, 80, 85, 90, 95, 100, 7.85956, 
15, 13.39995, 8.60166, 9.70217, 8.03904, 9.01946, 13.15387, 9.19602, 
6.73476, 13.16596, -7.0441, -11.60347, -8.28122, -8.17412, -8.41835, 
-7.87302, -6.42716, -10.21723, -8.51939, -6.00165, -7.9328, 0, 
0, 0, 0, 0, 0, 0, 0, 0, 0, 0, 0, 0, 0, 0, 0, 0, 0, 0, 0, 0, 0, 
0.96832, 0.96255, 0.96326, 0.96461, 0.9664, 0.96803, 0.96945, 
0.96727, 0.9691, 0.96919, 0.9679, 0.96255, 0.95471, 0.95766, 
0.96311, 0.96094, 0.96099, 0.96526, 0.96274, 0.96643, 0.96463, 
0.96599, 0.131, 0.1494, 0.1703, 0.1924, 0.1991, 0.1371, 0.1413, 
0.2558, 0.2927, 0.194, 0.3674, 210.7, 181.2, 172.1, 235.5, 226, 
260.4, 237.5, 226.8, 275.9, 303.4, 236.2, 305, 608, 814, 605, 
1598, 1585, 1504, 1259, 1425, 1727, 312, 135, 21, 153, 129, 8, 
57, 199, 52, 90, 22, 93, 100, 100, 100, 100, 100, 100, 100, 100, 
100, 100, 100, 2500, 2500, 2500, 2500, 2500, 2500, 2500, 2500, 
2500, 2500, 2500, 12831.235, 11366.569, 14903.27, 15390.284, 
14490.555, 13546.518, 12779.113, 14735.167, 17329.351, 17148.667, 
16186.209, 8.53648, 14.63869, 12.46297, 5.83741, 9.49062, 8.90248, 
9.10143, 14.29177, 8.7428, 9.50446, 11.47462, -7.77985, -11.22189, 
-7.57615, -5.73617, -8.33822, -8.29723, -6.82023, -11.10382, 
-8.1519, -7.06639, -6.61961, 0, 0, 0, 0, 0, 0, 0, 0, 0, 0, 0, 
0, 0, 0, 0, 0, 0, 0, 0, 0, 0, 0, 0.96737, 0.96081, 0.96165, 0.96385, 
0.96502, 0.96738, 0.96886, 0.96559, 0.96857, 0.96764, 0.96741, 
0.96061, 0.9547, 0.95686, 0.9594, 0.96163, 0.96162, 0.96345, 
0.96161, 0.96483, 0.96663, 0.96647, 0.13, 0.146, 0.1737, 0.2075, 
0.2026, 0.2177, 0.1419, 0.2683, 0.278, 0.2905, 0.2157, 209.7, 
180, 178.7, 260.2, 228.3, 247.4, 241, 223.5, 278.8, 258.1, 251.6, 
2452, 1039, 833, 271, 66, 1972, 1645, 2053, 1501, 267, 1387, 
1, 1, 1, 4, 1, 4, 1, 1, 1, 1, 1, 100, 100, 100, 100, 100, 100, 
100, 100, 100, 100, 100, 2500, 2500, 2500, 2500, 2500, 2500, 
2500, 2500, 2500, 2500, 2500, 16378.284, 16012.476, 20742.644, 
19172.486, 21751.933, 19373.358, 23174.65, 26967.707, 26888.534, 
28180.954, 22738.295, 1, 1, 1, 1, 1, 1, 1, 1, 1, 1, 1, 0.05556, 
0.05556, 0.05556, 0.05556, 0.05556, 0.05556, 0.05556, 0.05556, 
0.05556, 0.05556, 0.05556, 0, 0, 0, 0, 0, 0, 0, 0, 0, 0, 0, 0, 
0, 0, 0, 0, 0, 0, 0, 0, 0, 0, 0.92057, 0.91885, 0.91688, 0.9217, 
0.928, 0.93025, 0.934, 0.93227, 0.9366, 0.93687, 0.93817, 0.92239, 
0.91975, 0.91768, 0.92468, 0.9287, 0.93155, 0.9364, 0.93452, 
0.93396, 0.93381, 0.93769, 0.2038, 0.2368, 0.286, 0.1837, 0.3489, 
0.365, 0.4101, 0.4406, 0.4843, 0.5353, 0.3622, 383.8, 408.2, 
429.9, 454.5, 479.3, 493.5, 518.5, 535.2, 559.4, 577.6, 597.8, 
1, 1, 1, 1, 1, 1, 1, 1, 1, 1, 1, 1, 1, 1, 1, 1, 1, 1, 1, 1, 1, 
1, 1, 1, 1, 1, 1, 1, 1, 1, 1, 1, 1, 1, 1, 1, 1, 1, 1, 1, 1, 1, 
1, 1, 5.216, 5.541, 7.216, 4.218, 7.538, 6.623, 8.159, 8.348, 
7.82, 9.395, 6.822), .Dim = c(11L, 40L), .Dimnames = list(NULL, 
    c("Sampling", "PSO.cost", "PSO.gamma", "PSO.data.balancing", 
    "PSO.feature.selection", "PSO.valid.acc", "PSO.test.acc", 
    "PSO.train.time", "PSO.n.support.vectors", "PSO.index", "PSO.n.solutions", 
    "PSO.generations", "PSO.n.evaluations", "PSO.cpu.time", "RS.cost", 
    "RS.gamma", "RS.data.balancing", "RS.feature.selection", 
    "RS.valid.acc", "RS.test.acc", "RS.train.time", "RS.n.support.vectors", 
    "RS.index", "RS.n.solutions", "RS.generations", "RS.n.evaluations", 
    "RS.cpu.time", "DF.cost", "DF.gamma", "DF.data.balancing", 
    "DF.feature.selection", "DF.valid.acc", "DF.test.acc", "DF.train.time", 
    "DF.n.support.vectors", "DF.index", "DF.n.solutions", "DF.generations", 
    "DF.n.evaluations", "DF.cpu.time")))
