full <-
structure(c(50, 55, 60, 65, 70, 75, 80, 85, 90, 95, 100, 9.45729, 
9.1887, 10.93353, 14.42601, 13.52914, 8.81003, 9.2718, 7.12471, 
9.23713, 6.99316, 7.48327, -6.2854, -7.61942, -5.89468, -6.9662, 
-6.96925, -7.98501, -5.32415, -6.89841, -6.68455, -7.0811, -4.68944, 
0, 0, 0, 0, 0, 0, 0, 0, 0, 0, 0, 0, 0, 0, 0, 0, 0, 0, 0, 0, 0, 
0, 0.95972, 0.95991, 0.96644, 0.96528, 0.96569, 0.96863, 0.96938, 
0.96894, 0.97227, 0.96766, 0.96839, 0.95015, 0.95205, 0.95921, 
0.95718, 0.9547, 0.96414, 0.96639, 0.96329, 0.96588, 0.96563, 
0.96552, 0.1284, 0.133, 0.1637, 0.21, 0.2209, 0.2075, 0.2436, 
0.2558, 0.2728, 0.3115, 0.3574, 191.6, 199.1, 197.1, 185.9, 193.7, 
240.6, 248.6, 277.9, 252.2, 317.6, 319.6, 1672, 576, 2282, 781, 
478, 1319, 1491, 80, 317, 1423, 1203, 17, 69, 8, 85, 538, 119, 
51, 500, 247, 10, 15, 100, 100, 100, 100, 100, 100, 100, 100, 
100, 100, 100, 2500, 2500, 2500, 2500, 2500, 2500, 2500, 2500, 
2500, 2500, 2500, 10095.446, 10459.07, 11660.485, 12048.019, 
12610.699, 12600.072, 13444.746, 13583.82, 14087.628, 15680.928, 
17546.741, 12.22901, 13.85187, 10.03714, 9.29988, 10.72996, 8.84275, 
11.14324, 7.37919, 9.23496, 9.71957, 7.61507, -8.01286, -8.91272, 
-5.43315, -4.65306, -6.80722, -8.03516, -6.23269, -7.03279, -6.65162, 
-8.20555, -4.78362, 0, 0, 0, 0, 0, 0, 0, 0, 0, 0, 0, 0, 0, 0, 
0, 0, 0, 0, 0, 0, 0, 0, 0.95781, 0.95905, 0.96483, 0.96308, 0.96502, 
0.96799, 0.96699, 0.96894, 0.97174, 0.96665, 0.96791, 0.95015, 
0.94943, 0.95762, 0.95717, 0.95608, 0.96414, 0.96037, 0.96442, 
0.96588, 0.96563, 0.96456, 0.1284, 0.1572, 0.1651, 0.1986, 0.1963, 
0.2069, 0.2432, 0.2485, 0.2665, 0.2974, 0.355, 172.4, 167.4, 
207.7, 248.4, 207.7, 240, 224.1, 273.8, 252.2, 269.2, 316.2, 
1889, 641, 1657, 2318, 2133, 2213, 2077, 260, 1457, 1498, 1616, 
1, 1, 1, 1, 1, 1, 2, 1, 2, 2, 2, 100, 100, 100, 100, 100, 100, 
100, 100, 100, 100, 100, 2500, 2500, 2500, 2500, 2500, 2500, 
2500, 2500, 2500, 2500, 2500, 13609.478, 14772.141, 16007.537, 
17427.991, 18814.841, 20139.259, 21546.511, 22879.155, 25508.298, 
27136.743, 29824.123, 1, 1, 1, 1, 1, 1, 1, 1, 1, 1, 1, 0.05556, 
0.05556, 0.05556, 0.05556, 0.05556, 0.05556, 0.05556, 0.05556, 
0.05556, 0.05556, 0.05556, 0, 0, 0, 0, 0, 0, 0, 0, 0, 0, 0, 0, 
0, 0, 0, 0, 0, 0, 0, 0, 0, 0, 0.91068, 0.92415, 0.92244, 0.92981, 
0.9239, 0.92897, 0.9358, 0.93733, 0.93814, 0.93277, 0.93723, 
0.91261, 0.92063, 0.91922, 0.92982, 0.92456, 0.92897, 0.93699, 
0.9328, 0.9376, 0.9343, 0.93482, 0.1971, 0.2271, 0.2564, 0.2893, 
0.3264, 0.3588, 0.3926, 0.4177, 0.4645, 0.514, 0.5626, 385.5, 
398.1, 420.7, 444.3, 474.1, 493.6, 510.5, 529.2, 549.7, 573.4, 
597.6, 1, 1, 1, 1, 1, 1, 1, 1, 1, 1, 1, 1, 1, 1, 1, 1, 1, 1, 
1, 1, 1, 1, 1, 1, 1, 1, 1, 1, 1, 1, 1, 1, 1, 1, 1, 1, 1, 1, 1, 
1, 1, 1, 1, 1, 4.73, 5.118, 5.479, 5.783, 6.153, 6.478, 6.89, 
7.151, 7.633, 8.195, 8.733), .Dim = c(11L, 40L), .Dimnames = list(
    NULL, c("Sampling", "PSO.cost", "PSO.gamma", "PSO.data.balancing", 
    "PSO.feature.selection", "PSO.valid.acc", "PSO.test.acc", 
    "PSO.train.time", "PSO.n.support.vectors", "PSO.index", "PSO.n.solutions", 
    "PSO.generations", "PSO.n.evaluations", "PSO.cpu.time", "RS.cost", 
    "RS.gamma", "RS.data.balancing", "RS.feature.selection", 
    "RS.valid.acc", "RS.test.acc", "RS.train.time", "RS.n.support.vectors", 
    "RS.index", "RS.n.solutions", "RS.generations", "RS.n.evaluations", 
    "RS.cpu.time", "DF.cost", "DF.gamma", "DF.data.balancing", 
    "DF.feature.selection", "DF.valid.acc", "DF.test.acc", "DF.train.time", 
    "DF.n.support.vectors", "DF.index", "DF.n.solutions", "DF.generations", 
    "DF.n.evaluations", "DF.cpu.time")))
