full <-
structure(c(50, 55, 60, 65, 70, 75, 80, 85, 90, 95, 100, 9.45834, 
11.60865, 12.40816, 6.99298, 7.96783, 5.79458, 13.05703, 7.01008, 
13.20685, 7.03848, 12.99769, -8.42231, -9.64639, -8.42042, -6.95786, 
-6.41907, -4.54733, -7.95856, -6.84352, -8.46032, -6.0567, -7.97748, 
0, 0, 0, 0, 0, 0, 0, 0, 0, 0, 0, 0, 0, 0, 0, 0, 0, 0, 0, 0, 0, 
0, 0.95697, 0.95814, 0.96325, 0.96538, 0.96506, 0.96481, 0.96701, 
0.96835, 0.96963, 0.96919, 0.96598, 0.94737, 0.9529, 0.95845, 
0.95944, 0.96163, 0.9584, 0.96577, 0.96496, 0.96375, 0.96364, 
0.96165, 0.1245, 0.1417, 0.1581, 0.1983, 0.2009, 0.2503, 0.2695, 
0.27, 0.3079, 0.3161, 0.3933, 195.5, 187.7, 184.7, 246.9, 236.8, 
287.1, 209.5, 283, 222, 296.6, 237.4, 2491, 902, 434, 952, 2155, 
2256, 1007, 1655, 682, 988, 825, 1, 84, 31, 69, 1, 10, 21, 1, 
190, 343, 6, 100, 100, 100, 100, 100, 100, 100, 100, 100, 100, 
100, 2500, 2500, 2500, 2500, 2500, 2500, 2500, 2500, 2500, 2500, 
2500, 11213.968, 11582.913, 14705.033, 17704.734, 15934.716, 
16855.738, 17262.507, 18381.361, 19199.579, 20367.873, 22863.987, 
13.66529, 11.23901, 13.05779, 8.60034, 7.82973, 7.68829, 12.24112, 
7.98055, 13.48389, 7.12256, 11.61888, -10.71997, -9.46807, -6.61182, 
-7.72261, -6.2586, -7.42314, -7.3382, -7.49278, -8.53311, -6.09997, 
-5.85728, 0, 0, 0, 0, 0, 0, 0, 0, 0, 0, 0, 0, 0, 0, 0, 0, 0, 
0, 0, 0, 0, 0, 0.956, 0.95813, 0.96248, 0.96464, 0.96369, 0.96422, 
0.96402, 0.96666, 0.9675, 0.96818, 0.96597, 0.94831, 0.95201, 
0.9553, 0.95797, 0.96231, 0.95779, 0.96339, 0.96665, 0.96429, 
0.96465, 0.96645, 0.1348, 0.1391, 0.2086, 0.1879, 0.2064, 0.2261, 
0.2559, 0.2678, 0.3182, 0.3308, 0.3773, 173.2, 190.4, 195.3, 
225, 237.7, 255.9, 213.9, 270.9, 219.9, 294.9, 260.9, 2196, 924, 
2471, 235, 1701, 259, 2450, 773, 1791, 436, 560, 1, 2, 1, 2, 
1, 1, 2, 1, 2, 1, 1, 100, 100, 100, 100, 100, 100, 100, 100, 
100, 100, 100, 2500, 2500, 2500, 2500, 2500, 2500, 2500, 2500, 
2500, 2500, 2500, 14811.854, 15969.368, 22704.534, 22642.455, 
22389.03, 24175.009, 26077.193, 28049.263, 30094.2340000001, 
33142.8799999999, 35168.198, 1, 1, 1, 1, 1, 1, 1, 1, 1, 1, 1, 
0.05556, 0.05556, 0.05556, 0.05556, 0.05556, 0.05556, 0.05556, 
0.05556, 0.05556, 0.05556, 0.05556, 0, 0, 0, 0, 0, 0, 0, 0, 0, 
0, 0, 0, 0, 0, 0, 0, 0, 0, 0, 0, 0, 0, 0.92239, 0.9198, 0.92162, 
0.92846, 0.92802, 0.92767, 0.93097, 0.93389, 0.93439, 0.93432, 
0.93676, 0.9224, 0.92062, 0.92485, 0.92622, 0.93079, 0.92575, 
0.93276, 0.93389, 0.93279, 0.9323, 0.9358, 0.2075, 0.2298, 0.2795, 
0.309, 0.3347, 0.3729, 0.4177, 0.4468, 0.4813, 0.5471, 0.597, 
390.3, 406.6, 428.2, 454.3, 469.2, 491.1, 512.6, 532.1, 556, 
572.4, 597, 1, 1, 1, 1, 1, 1, 1, 1, 1, 1, 1, 1, 1, 1, 1, 1, 1, 
1, 1, 1, 1, 1, 1, 1, 1, 1, 1, 1, 1, 1, 1, 1, 1, 1, 1, 1, 1, 1, 
1, 1, 1, 1, 1, 1, 5.141, 5.404, 7.906, 7.622, 7.57, 8.152, 8.726, 
8.918, 9.511, 10.41, 11.043), .Dim = c(11L, 40L), .Dimnames = list(
    NULL, c("Sampling", "PSO.cost", "PSO.gamma", "PSO.data.balancing", 
    "PSO.feature.selection", "PSO.valid.acc", "PSO.test.acc", 
    "PSO.train.time", "PSO.n.support.vectors", "PSO.index", "PSO.n.solutions", 
    "PSO.generations", "PSO.n.evaluations", "PSO.cpu.time", "RS.cost", 
    "RS.gamma", "RS.data.balancing", "RS.feature.selection", 
    "RS.valid.acc", "RS.test.acc", "RS.train.time", "RS.n.support.vectors", 
    "RS.index", "RS.n.solutions", "RS.generations", "RS.n.evaluations", 
    "RS.cpu.time", "DF.cost", "DF.gamma", "DF.data.balancing", 
    "DF.feature.selection", "DF.valid.acc", "DF.test.acc", "DF.train.time", 
    "DF.n.support.vectors", "DF.index", "DF.n.solutions", "DF.generations", 
    "DF.n.evaluations", "DF.cpu.time")))
