full <-
structure(c(50, 55, 60, 65, 70, 75, 80, 85, 90, 95, 100, 10.87924, 
6.87802, 5.58237, 14.23472, 7.62, 7.21977, 8.25973, 5.68302, 
5.80094, 6.56879, 6.72924, -4.81077, -6.19909, -4.89584, -9.71735, 
-6.75047, -7.67139, -8.67508, -6.12855, -5.89782, -7.12624, -6.42409, 
0, 0, 0, 0, 0, 0, 0, 0, 0, 0, 0, 0, 0, 0, 0, 0, 0, 0, 0, 0, 0, 
0, 0.96552, 0.96339, 0.96329, 0.96535, 0.96643, 0.96669, 0.96517, 
0.96615, 0.97017, 0.96565, 0.9631, 0.95881, 0.96076, 0.9601, 
0.95799, 0.9623, 0.96605, 0.96217, 0.96162, 0.9643, 0.96463, 
0.96261, 0.1372, 0.1511, 0.1887, 0.1949, 0.1983, 0.2368, 0.2572, 
0.2882, 0.307, 0.3335, 0.3532, 196, 217.4, 258.9, 179.3, 243.3, 
278.6, 287.5, 311.5, 322.3, 331.2, 320.4, 679, 930, 1787, 2203, 
1842, 2002, 777, 666, 2266, 1877, 372, 393, 139, 1, 15, 16, 5, 
74, 42, 2, 2, 128, 100, 100, 100, 100, 100, 100, 100, 100, 100, 
100, 100, 2500, 2500, 2500, 2500, 2500, 2500, 2500, 2500, 2500, 
2500, 2500, 11194.256, 11646.629, 11487.502, 14193.825, 15282.081, 
16385.89, 16700.88, 17329.052, 17915.133, 15099.378, 18828.851, 
10.97672, 6.86425, 7.50994, 11.47776, 6.80256, 6.83676, 8.29007, 
12.02061, 5.90305, 6.38264, 7.9846, -4.82194, -6.27311, -5.92184, 
-8.22242, -6.25547, -3.13386, -8.60294, -8.86164, -5.90056, -7.01332, 
-7.01305, 0, 0, 0, 0, 0, 0, 0, 0, 0, 0, 0, 0, 0, 0, 0, 0, 0, 
0, 0, 0, 0, 0, 0.96455, 0.96252, 0.96247, 0.96461, 0.96505, 0.96546, 
0.96457, 0.96614, 0.96804, 0.96515, 0.96262, 0.95785, 0.95814, 
0.95769, 0.95504, 0.96299, 0.96099, 0.96337, 0.96555, 0.96322, 
0.96362, 0.96117, 0.1377, 0.1487, 0.1047, 0.1826, 0.2206, 0.306, 
0.2596, 0.2468, 0.3075, 0.2012, 0.3387, 195.9, 218.6, 225.9, 
192.1, 255, 337.7, 284.8, 226.3, 320.6, 333.6, 298.9, 2499, 723, 
109, 977, 2369, 1949, 2285, 393, 835, 272, 700, 1, 1, 3, 4, 1, 
1, 1, 2, 2, 1, 4, 100, 100, 100, 100, 100, 100, 100, 100, 100, 
100, 100, 2500, 2500, 2500, 2500, 2500, 2500, 2500, 2500, 2500, 
2500, 2500, 15004.03, 15895.192, 13981.712, 20590.076, 20417.11, 
24175.615, 24863.641, 21970.53, 25822.687, 26691.144, 28859.694, 
1, 1, 1, 1, 1, 1, 1, 1, 1, 1, 1, 0.05556, 0.05556, 0.05556, 0.05556, 
0.05556, 0.05556, 0.05556, 0.05556, 0.05556, 0.05556, 0.05556, 
0, 0, 0, 0, 0, 0, 0, 0, 0, 0, 0, 0, 0, 0, 0, 0, 0, 0, 0, 0, 0, 
0, 0.9176, 0.92679, 0.92171, 0.92625, 0.92797, 0.93473, 0.93399, 
0.93226, 0.93499, 0.93737, 0.93529, 0.9185, 0.92069, 0.92252, 
0.92401, 0.92869, 0.936, 0.9352, 0.93677, 0.93606, 0.93687, 0.93432, 
0.2059, 0.2397, 0.2652, 0.302, 0.3456, 0.3763, 0.4082, 0.2781, 
0.4934, 0.5337, 0.5635, 386, 405.4, 429.8, 449.4, 471, 494.7, 
515.6, 537.1, 561.7, 576, 593.1, 1, 1, 1, 1, 1, 1, 1, 1, 1, 1, 
1, 1, 1, 1, 1, 1, 1, 1, 1, 1, 1, 1, 1, 1, 1, 1, 1, 1, 1, 1, 1, 
1, 1, 1, 1, 1, 1, 1, 1, 1, 1, 1, 1, 1, 5.248, 5.56, 5.663, 7.48, 
7.751, 7.864, 8.072, 5.993, 7.924, 9.317, 8.735), .Dim = c(11L, 
40L), .Dimnames = list(NULL, c("Sampling", "PSO.cost", "PSO.gamma", 
"PSO.data.balancing", "PSO.feature.selection", "PSO.valid.acc", 
"PSO.test.acc", "PSO.train.time", "PSO.n.support.vectors", "PSO.index", 
"PSO.n.solutions", "PSO.generations", "PSO.n.evaluations", "PSO.cpu.time", 
"RS.cost", "RS.gamma", "RS.data.balancing", "RS.feature.selection", 
"RS.valid.acc", "RS.test.acc", "RS.train.time", "RS.n.support.vectors", 
"RS.index", "RS.n.solutions", "RS.generations", "RS.n.evaluations", 
"RS.cpu.time", "DF.cost", "DF.gamma", "DF.data.balancing", "DF.feature.selection", 
"DF.valid.acc", "DF.test.acc", "DF.train.time", "DF.n.support.vectors", 
"DF.index", "DF.n.solutions", "DF.generations", "DF.n.evaluations", 
"DF.cpu.time")))
