full <-
structure(c(50, 55, 60, 65, 70, 75, 80, 85, 90, 95, 100, 15, 
15, 15, 14.24959, 13.49056, 10.52502, 15, 12.6991, 13.53318, 
11.19007, 13.64935, -6.73859, -6.48861, -6.34074, -6.25919, -5.6044, 
-4.69799, -5.51375, -5.32377, -6.29865, -5.08947, -6.26113, 0, 
0, 0, 0, 0, 0, 0, 0, 0, 0, 0, 0, 0, 0, 0, 0, 0, 0, 0, 0, 0, 0, 
1, 1, 1, 1, 1, 1, 1, 1, 1, 1, 1, 1, 1, 1, 1, 1, 1, 1, 1, 1, 1, 
1, 0.9668, 1.609, 1.8635, 1.9368, 1.1955, 0.453, 2.8688, 2.7131, 
9.1882, 3.6871, 20.8834, 101.8, 113.7, 119.4, 128.3, 130.9, 154.2, 
158.9, 173.1, 189.2, 211.9, 204.6, 212, 231, 54, 94, 74, 50, 
64, 11, 8, 15, 21, 1042, 1256, 1667, 1455, 1575, 1265, 1520, 
1995, 1505, 1720, 1575, 100, 100, 100, 100, 100, 100, 100, 100, 
100, 100, 100, 2500, 2500, 2500, 2500, 2500, 2500, 2500, 2500, 
2500, 2500, 2500, 25637.268, 37354.996, 36316.901, 40177.252, 
34107.659, 37757.1, 87885.078, 90708.966, 68002.32, 70140.674, 
88036.324, 14.4901, 14.65246, 14.28255, 13.89943, 14.07203, 11.19694, 
14.81729, 14.28609, 14.67806, 14.04078, 9.52292, -6.40492, -6.20374, 
-5.64071, -5.99801, -5.59725, -4.94712, -6.59995, -4.26679, -4.91308, 
-3.96999, -2.62707, 0, 0, 0, 0, 0, 0, 0, 0, 0, 0, 0, 0, 0, 0, 
0, 0, 0, 0, 0, 0, 0, 0, 0.99524, 0.99583, 1, 1, 1, 1, 1, 1, 1, 
1, 1, 0.98571, 1, 1, 1, 1, 1, 1, 1, 1, 1, 1, 0.7461, 1.2934, 
0.824, 1.5503, 1.2756, 0.7053, 7.3674, 0.7936, 2.2014, 1.1545, 
0.2972, 102.2, 113.3, 121.2, 129, 131.5, 151.4, 156.7, 179.9, 
190.2, 216.5, 243.2, 469, 583, 40, 718, 71, 41, 15, 1, 49, 23, 
33, 2, 1, 7, 7, 27, 60, 26, 86, 117, 129, 191, 100, 100, 100, 
100, 100, 100, 100, 100, 100, 100, 100, 2500, 2500, 2500, 2500, 
2500, 2500, 2500, 2500, 2500, 2500, 2500, 6941.185, 7028.96399999999, 
7376.99800000001, 7843.60700000002, 7672.21599999999, 8622.38999999998, 
9407.022, 10272.064, 12961.399, 15596.715, 17755.61, 1, 1, 1, 
1, 1, 1, 1, 1, 1, 1, 1, 0.16667, 0.16667, 0.16667, 0.16667, 0.16667, 
0.16667, 0.16667, 0.16667, 0.16667, 0.16667, 0.16667, 0, 0, 0, 
0, 0, 0, 0, 0, 0, 0, 0, 0, 0, 0, 0, 0, 0, 0, 0, 0, 0, 0, 0.66673, 
0.67246, 0.67703, 0.6915, 0.69742, 0.69318, 0.68975, 0.68651, 
0.68885, 0.67642, 0.67135, 0.66673, 0.67246, 0.67703, 0.6915, 
0.69742, 0.69318, 0.68975, 0.68651, 0.68885, 0.67642, 0.67135, 
0.0206, 0.0236, 0.0247, 0.0257, 0.0291, 0.0325, 0.0366, 0.0417, 
0.0454, 0.0509, 0.0547, 132.9, 145.9, 155.4, 164.6, 172.8, 187.9, 
203.7, 215.5, 226.4, 246.5, 259.3, 1, 1, 1, 1, 1, 1, 1, 1, 1, 
1, 1, 1, 1, 1, 1, 1, 1, 1, 1, 1, 1, 1, 1, 1, 1, 1, 1, 1, 1, 1, 
1, 1, 1, 1, 1, 1, 1, 1, 1, 1, 1, 1, 1, 1, 2.559, 2.615, 2.54, 
2.679, 2.554, 2.572, 2.852, 2.867, 3.254, 3.36, 3.587), .Dim = c(11L, 
40L), .Dimnames = list(NULL, c("Sampling", "PSO.cost", "PSO.gamma", 
"PSO.data.balancing", "PSO.feature.selection", "PSO.valid.acc", 
"PSO.test.acc", "PSO.train.time", "PSO.n.support.vectors", "PSO.index", 
"PSO.n.solutions", "PSO.generations", "PSO.n.evaluations", "PSO.cpu.time", 
"RS.cost", "RS.gamma", "RS.data.balancing", "RS.feature.selection", 
"RS.valid.acc", "RS.test.acc", "RS.train.time", "RS.n.support.vectors", 
"RS.index", "RS.n.solutions", "RS.generations", "RS.n.evaluations", 
"RS.cpu.time", "DF.cost", "DF.gamma", "DF.data.balancing", "DF.feature.selection", 
"DF.valid.acc", "DF.test.acc", "DF.train.time", "DF.n.support.vectors", 
"DF.index", "DF.n.solutions", "DF.generations", "DF.n.evaluations", 
"DF.cpu.time")))
