full <-
structure(c(50, 55, 60, 65, 70, 75, 80, 85, 90, 95, 100, 15, 
14.35676, 15, 14.37333, 12.65451, 12.72979, 10.5783, 14.95582, 
10.21757, 11.41626, 11.88002, -6.35891, -6.10154, -6.87949, -5.89513, 
-4.8009, -5.01483, -4.87865, -5.39504, -4.5279, -4.5451, -3.97803, 
0, 0, 0, 0, 0, 0, 0, 0, 0, 0, 0, 0, 0, 0, 0, 0, 0, 0, 0, 0, 0, 
0, 0.99091, 1, 1, 1, 1, 1, 1, 1, 1, 1, 1, 0.97662, 1, 1, 1, 1, 
1, 1, 1, 1, 1, 1, 0.7225, 0.8864, 1.8854, 1.5552, 0.645, 1.1921, 
0.9153, 3.5274, 1.5684, 2.2257, 1.5159, 95.6, 110.1, 122.7, 128.7, 
143.5, 152.9, 175.6, 175.6, 200.7, 214.3, 233.4, 722, 76, 89, 
46, 76, 3, 104, 4, 15, 19, 5, 145, 1438, 1526, 1529, 1539, 1545, 
1551, 1631, 1335, 1705, 1551, 100, 100, 100, 100, 100, 100, 100, 
100, 100, 100, 100, 2500, 2500, 2500, 2500, 2500, 2500, 2500, 
2500, 2500, 2500, 2500, 20308.919, 25601.219, 36729.3, 27098.31, 
33769.909, 47238.318, 39206.524, 65757.123, 45821.171, 84255.625, 
81903.442, 14.92716, 14.82198, 14.45182, 13.70709, 11.92321, 
13.22408, 10.4033, 11.59953, 12.04404, 13.71238, 12.74562, -6.20995, 
-6.03936, -5.79863, -5.17509, -5.04923, -5.49171, -4.11833, -4.24988, 
-4.76658, -3.28131, -5.23509, 0, 0, 0, 0, 0, 0, 0, 0, 0, 0, 0, 
0, 0, 0, 0, 0, 0, 0, 0, 0, 0, 0, 0.98139, 1, 1, 1, 1, 1, 1, 1, 
1, 1, 1, 0.97662, 1, 1, 1, 1, 1, 0.99714, 1, 1, 0.99756, 1, 0.5906, 
0.7969, 0.8802, 0.6785, 0.7925, 2.0698, 0.5896, 0.8815, 2.1344, 
0.4939, 6.4755, 96.1, 109.6, 118.3, 130, 143, 150.6, 171.8, 183.2, 
196.7, 223.1, 227.4, 431, 451, 43, 15, 138, 11, 13, 47, 21, 5, 
44, 2, 6, 8, 42, 76, 61, 106, 128, 164, 144, 190, 100, 100, 100, 
100, 100, 100, 100, 100, 100, 100, 100, 2500, 2500, 2500, 2500, 
2500, 2500, 2500, 2500, 2500, 2500, 2500, 7158.779, 7299.987, 
7509.44899999999, 7997.59999999998, 8349.30000000002, 9141.524, 
9989.989, 10421.567, 12437.812, 16701.163, 20383.8420000001, 
1, 1, 1, 1, 1, 1, 1, 1, 1, 1, 1, 0.16667, 0.16667, 0.16667, 0.16667, 
0.16667, 0.16667, 0.16667, 0.16667, 0.16667, 0.16667, 0.16667, 
0, 0, 0, 0, 0, 0, 0, 0, 0, 0, 0, 0, 0, 0, 0, 0, 0, 0, 0, 0, 0, 
0, 0.66219, 0.66377, 0.66164, 0.65973, 0.65143, 0.65038, 0.65807, 
0.66223, 0.66833, 0.66913, 0.67135, 0.66219, 0.66377, 0.66164, 
0.65973, 0.65143, 0.65038, 0.65807, 0.66223, 0.66833, 0.66913, 
0.67135, 0.021, 0.0227, 0.0264, 0.0286, 0.0311, 0.0356, 0.037, 
0.0413, 0.0463, 0.0574, 0.058, 135.9, 148.1, 162.5, 176.2, 192, 
205.2, 215.4, 225.5, 237.9, 249.3, 259.4, 1, 1, 1, 1, 1, 1, 1, 
1, 1, 1, 1, 1, 1, 1, 1, 1, 1, 1, 1, 1, 1, 1, 1, 1, 1, 1, 1, 1, 
1, 1, 1, 1, 1, 1, 1, 1, 1, 1, 1, 1, 1, 1, 1, 1, 2.729, 2.69, 
2.728, 2.87, 2.588, 2.759, 2.662, 2.727, 2.846, 4.036, 3.756), .Dim = c(11L, 
40L), .Dimnames = list(NULL, c("Sampling", "PSO.cost", "PSO.gamma", 
"PSO.data.balancing", "PSO.feature.selection", "PSO.valid.acc", 
"PSO.test.acc", "PSO.train.time", "PSO.n.support.vectors", "PSO.index", 
"PSO.n.solutions", "PSO.generations", "PSO.n.evaluations", "PSO.cpu.time", 
"RS.cost", "RS.gamma", "RS.data.balancing", "RS.feature.selection", 
"RS.valid.acc", "RS.test.acc", "RS.train.time", "RS.n.support.vectors", 
"RS.index", "RS.n.solutions", "RS.generations", "RS.n.evaluations", 
"RS.cpu.time", "DF.cost", "DF.gamma", "DF.data.balancing", "DF.feature.selection", 
"DF.valid.acc", "DF.test.acc", "DF.train.time", "DF.n.support.vectors", 
"DF.index", "DF.n.solutions", "DF.generations", "DF.n.evaluations", 
"DF.cpu.time")))
