full <-
structure(c(50, 55, 60, 65, 70, 75, 80, 85, 90, 95, 100, 15, 
15, 14.62052, 14.16502, 13.72299, 14.23493, 14.71966, 10.41805, 
13.96293, 15, 11.08781, -6.37063, -6.05678, -6.22307, -5.243, 
-5.99658, -5.9754, -4.50247, -3.86943, -5.57875, -5.73905, -3.5895, 
0, 0, 0, 0, 0, 0, 0, 0, 0, 0, 0, 0, 0, 0, 0, 0, 0, 0, 0, 0, 0, 
0, 0.95887, 0.98696, 0.99615, 1, 1, 1, 1, 1, 1, 1, 1, 0.93139, 
0.9875, 0.98846, 1, 1, 1, 1, 1, 1, 1, 1, 0.5237, 0.7063, 0.9637, 
0.6694, 1.8289, 2.6893, 0.7322, 0.5467, 5.4053, 9.4964, 0.8708, 
89.6, 102.6, 108.2, 123.5, 130.8, 142.1, 162.5, 186.7, 191.6, 
214.9, 234, 412, 266, 61, 110, 6, 75, 6, 33, 8, 35, 2, 171, 889, 
1177, 1246, 1410, 1516, 1766, 1350, 1539, 1459, 1663, 100, 100, 
100, 100, 100, 100, 100, 100, 100, 100, 100, 2500, 2500, 2500, 
2500, 2500, 2500, 2500, 2500, 2500, 2500, 2500, 16946.83, 21037.809, 
31199.512, 27530.827, 45260.86, 53749.383, 47472.039, 65153.305, 
61968.572, 102203.662, 156912.07, 14.93472, 14.99631, 14.82946, 
13.29999, 14.81881, 14.63874, 9.89801, 10.14582, 11.53961, 12.93894, 
13.92107, -6.37966, -6.45066, -6.28649, -5.85989, -6.27557, -5.355, 
-4.28255, -3.38173, -4.86599, -4.50794, -3.4492, 0, 0, 0, 0, 
0, 0, 0, 0, 0, 0, 0, 0, 0, 0, 0, 0, 0, 0, 0, 0, 0, 0, 0.94026, 
0.98297, 0.99615, 1, 1, 1, 1, 1, 1, 1, 1, 0.93139, 0.98732, 0.99231, 
1, 1, 1, 0.99722, 0.99722, 1, 1, 1, 0.502, 0.9591, 1.0866, 1.1098, 
2.6515, 1.347, 0.4827, 0.3029, 2.4757, 2.5409, 0.7587, 89.5, 
102.1, 107.9, 124.3, 127.8, 143.2, 166.9, 190.7, 196.4, 219.6, 
234.9, 846, 9, 2127, 45, 175, 156, 55, 24, 30, 33, 8, 1, 2, 1, 
32, 7, 21, 64, 123, 125, 162, 181, 100, 100, 100, 100, 100, 100, 
100, 100, 100, 100, 100, 2500, 2500, 2500, 2500, 2500, 2500, 
2500, 2500, 2500, 2500, 2500, 7153.732, 7038.326, 7114.147, 7702.67200000001, 
8129.26699999999, 8657.171, 9957.40999999997, 12094.635, 13779.4, 
18051.657, 19988.053, 1, 1, 1, 1, 1, 1, 1, 1, 1, 1, 1, 0.16667, 
0.16667, 0.16667, 0.16667, 0.16667, 0.16667, 0.16667, 0.16667, 
0.16667, 0.16667, 0.16667, 0, 0, 0, 0, 0, 0, 0, 0, 0, 0, 0, 0, 
0, 0, 0, 0, 0, 0, 0, 0, 0, 0, 0.72695, 0.7017, 0.70006, 0.69155, 
0.68768, 0.68106, 0.66961, 0.66764, 0.66833, 0.66913, 0.67135, 
0.72695, 0.7017, 0.70006, 0.69155, 0.68768, 0.68106, 0.66961, 
0.66764, 0.66833, 0.66913, 0.67135, 0.0221, 0.0234, 0.0248, 0.0277, 
0.0312, 0.034, 0.0388, 0.0426, 0.0486, 0.0543, 0.0574, 121.9, 
138.3, 148.9, 164.6, 176.4, 191.2, 211.5, 225.1, 236.8, 250, 
259.8, 1, 1, 1, 1, 1, 1, 1, 1, 1, 1, 1, 1, 1, 1, 1, 1, 1, 1, 
1, 1, 1, 1, 1, 1, 1, 1, 1, 1, 1, 1, 1, 1, 1, 1, 1, 1, 1, 1, 1, 
1, 1, 1, 1, 1, 2.708, 2.747, 2.59, 2.614, 2.844, 2.835, 2.963, 
3.049, 4, 3.968, 3.975), .Dim = c(11L, 40L), .Dimnames = list(
    NULL, c("Sampling", "PSO.cost", "PSO.gamma", "PSO.data.balancing", 
    "PSO.feature.selection", "PSO.valid.acc", "PSO.test.acc", 
    "PSO.train.time", "PSO.n.support.vectors", "PSO.index", "PSO.n.solutions", 
    "PSO.generations", "PSO.n.evaluations", "PSO.cpu.time", "RS.cost", 
    "RS.gamma", "RS.data.balancing", "RS.feature.selection", 
    "RS.valid.acc", "RS.test.acc", "RS.train.time", "RS.n.support.vectors", 
    "RS.index", "RS.n.solutions", "RS.generations", "RS.n.evaluations", 
    "RS.cpu.time", "DF.cost", "DF.gamma", "DF.data.balancing", 
    "DF.feature.selection", "DF.valid.acc", "DF.test.acc", "DF.train.time", 
    "DF.n.support.vectors", "DF.index", "DF.n.solutions", "DF.generations", 
    "DF.n.evaluations", "DF.cpu.time")))
