full <-
structure(c(50, 55, 60, 65, 70, 75, 80, 85, 90, 95, 100, 14.76929, 
15, 15, 13.96148, 13.24372, 12.7845, 13.09355, 15, 10.19567, 
10.56723, 14.69837, -6.46953, -6.44829, -6.594, -6.28101, -4.59489, 
-6.15572, -4.08906, -6.08421, -4.43195, -3.78161, -5.97508, 0, 
0, 0, 0, 0, 0, 0, 0, 0, 0, 0, 0, 0, 0, 0, 0, 0, 0, 0, 0, 0, 0, 
0.96364, 0.98732, 1, 1, 1, 1, 1, 1, 1, 1, 1, 0.96818, 0.99149, 
1, 1, 1, 1, 0.99714, 1, 1, 1, 1, 0.7196, 1.3549, 2.2469, 1.9743, 
0.5816, 1.2664, 0.6037, 7.5606, 1.5944, 0.9342, 12.1244, 96.6, 
108.5, 121.3, 132, 148, 164.7, 172.7, 173.1, 204.8, 221.8, 231.8, 
130, 36, 58, 56, 33, 10, 2, 33, 17, 8, 10, 789, 1305, 1453, 1306, 
1523, 1727, 1560, 1776, 1643, 1653, 1618, 100, 100, 100, 100, 
100, 100, 100, 100, 100, 100, 100, 2500, 2500, 2500, 2500, 2500, 
2500, 2500, 2500, 2500, 2500, 2500, 21760.828, 29741.08, 33700.498, 
46000.623, 34361.333, 47690.224, 46913.54, 97726.33, 99321.413, 
50561.151, 74231.1680000001, 14.77155, 14.12425, 14.85738, 13.76983, 
14.41305, 12.44696, 9.3364, 14.23802, 12.60099, 14.72445, 8.69866, 
-6.66633, -6.06579, -5.75783, -6.23096, -5.20366, -5.43187, -4.00508, 
-5.03753, -4.5322, -7.08181, -3.0476, 0, 0, 0, 0, 0, 0, 0, 0, 
0, 0, 0, 0, 0, 0, 0, 0, 0, 0, 0, 0, 0, 0, 0.93636, 0.97899, 1, 
1, 1, 1, 1, 1, 1, 1, 1, 0.93636, 0.99149, 0.99615, 1, 1, 1, 0.9942, 
1, 1, 1, 1, 0.7062, 0.7894, 1.042, 1.6404, 1.1683, 2.0619, 0.4455, 
2.4582, 1.9808, 25.1006, 0.428, 95.4, 109.6, 120.8, 132.5, 145.6, 
154.7, 175.4, 180, 202.5, 195.8, 236.1, 2363, 1104, 58, 781, 
24, 41, 25, 24, 66, 8, 15, 1, 1, 14, 14, 73, 69, 101, 107, 131, 
194, 168, 100, 100, 100, 100, 100, 100, 100, 100, 100, 100, 100, 
2500, 2500, 2500, 2500, 2500, 2500, 2500, 2500, 2500, 2500, 2500, 
6722.471, 6829.679, 7069.69, 7535.76500000001, 8785.85700000002, 
8812.389, 9901.35699999996, 11100.302, 14808.138, 16031.3030000001, 
17148.177, 1, 1, 1, 1, 1, 1, 1, 1, 1, 1, 1, 0.16667, 0.16667, 
0.16667, 0.16667, 0.16667, 0.16667, 0.16667, 0.16667, 0.16667, 
0.16667, 0.16667, 0, 0, 0, 0, 0, 0, 0, 0, 0, 0, 0, 0, 0, 0, 0, 
0, 0, 0, 0, 0, 0, 0, 0.63903, 0.65549, 0.65, 0.65965, 0.66129, 
0.66562, 0.66387, 0.66761, 0.66833, 0.67154, 0.67135, 0.62948, 
0.65549, 0.65, 0.65965, 0.66129, 0.66562, 0.66387, 0.66761, 0.66833, 
0.67154, 0.67135, 0.0211, 0.0233, 0.0267, 0.0272, 0.0314, 0.0342, 
0.0387, 0.0439, 0.0486, 0.0513, 0.0594, 139.7, 148.8, 162.8, 
174.2, 187.5, 197, 211.8, 224, 237.6, 251.4, 259.9, 1, 1, 1, 
1, 1, 1, 1, 1, 1, 1, 1, 1, 1, 1, 1, 1, 1, 1, 1, 1, 1, 1, 1, 1, 
1, 1, 1, 1, 1, 1, 1, 1, 1, 1, 1, 1, 1, 1, 1, 1, 1, 1, 1, 1, 2.52, 
2.557, 2.683, 2.443, 2.69, 2.648, 2.916, 3.012, 3.374, 3.142, 
3.321), .Dim = c(11L, 40L), .Dimnames = list(NULL, c("Sampling", 
"PSO.cost", "PSO.gamma", "PSO.data.balancing", "PSO.feature.selection", 
"PSO.valid.acc", "PSO.test.acc", "PSO.train.time", "PSO.n.support.vectors", 
"PSO.index", "PSO.n.solutions", "PSO.generations", "PSO.n.evaluations", 
"PSO.cpu.time", "RS.cost", "RS.gamma", "RS.data.balancing", "RS.feature.selection", 
"RS.valid.acc", "RS.test.acc", "RS.train.time", "RS.n.support.vectors", 
"RS.index", "RS.n.solutions", "RS.generations", "RS.n.evaluations", 
"RS.cpu.time", "DF.cost", "DF.gamma", "DF.data.balancing", "DF.feature.selection", 
"DF.valid.acc", "DF.test.acc", "DF.train.time", "DF.n.support.vectors", 
"DF.index", "DF.n.solutions", "DF.generations", "DF.n.evaluations", 
"DF.cpu.time")))
