full <-
structure(c(50, 55, 60, 65, 70, 75, 80, 85, 90, 95, 100, 15, 
15, 15, 12.70746, 14.37353, 10.23498, 9.08108, 13.21963, 10.49368, 
11.92184, 12.88029, -6.5145, -6.32402, -5.89712, -5.07836, -6.58364, 
-4.57105, -4.00337, -6.25626, -4.38877, -5.14596, -6.39613, 0, 
0, 0, 0, 0, 0, 0, 0, 0, 0, 0, 0, 0, 0, 0, 0, 0, 0, 0, 0, 0, 0, 
0.99069, 1, 0.99231, 1, 1, 1, 1, 1, 1, 1, 1, 0.97684, 0.99583, 
0.9886, 1, 1, 1, 0.99714, 1, 1, 1, 1, 0.8256, 0.991, 1.0386, 
0.6988, 3.4517, 0.4789, 0.3827, 7.3362, 1.4006, 4.8143, 7.0785, 
97.2, 104.4, 117.9, 135.2, 143.6, 159.5, 179.6, 184.6, 200.4, 
213.7, 229.6, 310, 31, 233, 66, 2, 7, 27, 25, 3, 27, 9, 1040, 
1511, 1123, 1323, 1367, 1560, 1388, 1505, 1615, 1694, 1312, 100, 
100, 100, 100, 100, 100, 100, 100, 100, 100, 100, 2500, 2500, 
2500, 2500, 2500, 2500, 2500, 2500, 2500, 2500, 2500, 23235.108, 
25628.895, 29425.381, 33075.637, 31573.786, 36073.316, 46812.966, 
56648.325, 79173.54, 90365.027, 71713.8370000001, 14.37551, 14.9596, 
14.70684, 12.12051, 12.85378, 14.26558, 14.86952, 11.32037, 14.02977, 
14.28579, 14.94976, -6.38382, -6.48281, -6.39726, -5.17256, -4.60115, 
-5.03973, -7.18241, -4.81851, -6.0479, -5.86842, -3.45809, 0, 
0, 0, 0, 0, 0, 0, 0, 0, 0, 0, 0, 0, 0, 0, 0, 0, 0, 0, 0, 0, 0, 
0.97229, 1, 0.98846, 1, 1, 1, 1, 1, 1, 1, 1, 0.95823, 0.98783, 
0.9849, 1, 1, 1, 1, 1, 1, 1, 1, 0.5953, 1.0604, 1.6133, 0.719, 
0.5077, 1.1992, 7.5117, 1.8721, 9.5749, 9.9893, 0.8161, 98, 102.9, 
119.1, 134.2, 143.8, 153.5, 171.9, 187.6, 192.7, 217.2, 235.5, 
266, 1869, 1091, 173, 17, 69, 69, 4, 11, 20, 4, 4, 2, 2, 26, 
64, 60, 102, 138, 110, 190, 192, 100, 100, 100, 100, 100, 100, 
100, 100, 100, 100, 100, 2500, 2500, 2500, 2500, 2500, 2500, 
2500, 2500, 2500, 2500, 2500, 7363.992, 7163.089, 7628.35800000001, 
7899.60000000001, 8346.747, 8729.37299999999, 9881.88700000005, 
12057.885, 12223.584, 14970.637, 16500.3, 1, 1, 1, 1, 1, 1, 1, 
1, 1, 1, 1, 0.16667, 0.16667, 0.16667, 0.16667, 0.16667, 0.16667, 
0.16667, 0.16667, 0.16667, 0.16667, 0.16667, 0, 0, 0, 0, 0, 0, 
0, 0, 0, 0, 0, 0, 0, 0, 0, 0, 0, 0, 0, 0, 0, 0, 0.65303, 0.65549, 
0.66164, 0.66683, 0.67763, 0.68106, 0.67818, 0.67568, 0.67092, 
0.67398, 0.67135, 0.65303, 0.65549, 0.66164, 0.66683, 0.67763, 
0.68106, 0.67818, 0.67568, 0.67092, 0.67398, 0.67135, 0.0222, 
0.0237, 0.0261, 0.0291, 0.0318, 0.0339, 0.0366, 0.0436, 0.049, 
0.0523, 0.0537, 138.4, 151.2, 160.9, 172.4, 182.8, 193.5, 206.8, 
223.7, 237, 248.7, 260.6, 1, 1, 1, 1, 1, 1, 1, 1, 1, 1, 1, 1, 
1, 1, 1, 1, 1, 1, 1, 1, 1, 1, 1, 1, 1, 1, 1, 1, 1, 1, 1, 1, 1, 
1, 1, 1, 1, 1, 1, 1, 1, 1, 1, 1, 2.756, 2.783, 2.675, 2.771, 
2.815, 2.692, 2.636, 2.881, 3.157, 3.089, 2.932), .Dim = c(11L, 
40L), .Dimnames = list(NULL, c("Sampling", "PSO.cost", "PSO.gamma", 
"PSO.data.balancing", "PSO.feature.selection", "PSO.valid.acc", 
"PSO.test.acc", "PSO.train.time", "PSO.n.support.vectors", "PSO.index", 
"PSO.n.solutions", "PSO.generations", "PSO.n.evaluations", "PSO.cpu.time", 
"RS.cost", "RS.gamma", "RS.data.balancing", "RS.feature.selection", 
"RS.valid.acc", "RS.test.acc", "RS.train.time", "RS.n.support.vectors", 
"RS.index", "RS.n.solutions", "RS.generations", "RS.n.evaluations", 
"RS.cpu.time", "DF.cost", "DF.gamma", "DF.data.balancing", "DF.feature.selection", 
"DF.valid.acc", "DF.test.acc", "DF.train.time", "DF.n.support.vectors", 
"DF.index", "DF.n.solutions", "DF.generations", "DF.n.evaluations", 
"DF.cpu.time")))
