full <-
structure(c(50, 55, 60, 65, 70, 75, 80, 85, 90, 95, 100, 15, 
15, 15, 13.66068, 11.74333, 13.92182, 14.05185, 10.77887, 14.50013, 
11.93961, 13.35132, -6.51313, -6.47273, -6.58745, -5.66601, -5.06986, 
-5.41361, -6.6637, -4.43351, -4.06464, -5.01409, -6.16822, 0, 
0, 0, 0, 0, 0, 0, 0, 0, 0, 0, 0, 0, 0, 0, 0, 0, 0, 0, 0, 0, 0, 
0.99091, 1, 1, 1, 1, 1, 1, 1, 1, 1, 1, 0.98095, 0.99583, 1, 0.99655, 
1, 1, 1, 1, 1, 1, 1, 0.9693, 1.4201, 2.1829, 1.3277, 0.8949, 
2.0437, 6.5146, 1.1533, 0.9982, 4.1288, 11.3439, 102.1, 110.9, 
122, 134.1, 148.9, 156.3, 169, 184.3, 199.5, 211.3, 236.8, 74, 
104, 58, 98, 28, 5, 13, 24, 5, 15, 2, 1410, 1391, 1601, 1735, 
1396, 1800, 1548, 1697, 1575, 1487, 1407, 100, 100, 100, 100, 
100, 100, 100, 100, 100, 100, 100, 2500, 2500, 2500, 2500, 2500, 
2500, 2500, 2500, 2500, 2500, 2500, 24202.939, 32720.987, 33776.938, 
43649.416, 26371.481, 46943.806, 50621.4, 52011.768, 47815.137, 
49444.789, 86597.0769999999, 14.70339, 14.51524, 14.36103, 13.54215, 
14.83191, 14.87865, 11.80393, 10.29857, 11.53043, 11.35588, 14.01861, 
-6.09933, -6.26528, -6.19987, -6.00806, -5.76471, -6.00213, -4.0686, 
-4.62913, -3.38216, -4.53466, -5.42294, 0, 0, 0, 0, 0, 0, 0, 
0, 0, 0, 0, 0, 0, 0, 0, 0, 0, 0, 0, 0, 0, 0, 0.99091, 1, 1, 1, 
1, 1, 1, 1, 1, 1, 1, 0.97641, 0.98279, 1, 1, 1, 1, 1, 1, 1, 1, 
1, 0.6904, 1.1288, 1.6142, 1.6081, 2.2326, 4.1014, 0.5644, 1.1897, 
0.4144, 2.0776, 6.9251, 102.1, 111.9, 122.5, 134.1, 145, 156.5, 
175, 187.6, 203.8, 213.9, 227.2, 426, 1107, 161, 273, 1, 171, 
29, 20, 30, 24, 2, 3, 1, 19, 19, 54, 76, 101, 115, 130, 162, 
190, 100, 100, 100, 100, 100, 100, 100, 100, 100, 100, 100, 2500, 
2500, 2500, 2500, 2500, 2500, 2500, 2500, 2500, 2500, 2500, 7039.143, 
7209.813, 7443.87299999999, 7874.769, 8515.522, 9671.38800000001, 
10453.071, 12654.788, 15137.7819999999, 13905.514, 15765.814, 
1, 1, 1, 1, 1, 1, 1, 1, 1, 1, 1, 0.16667, 0.16667, 0.16667, 0.16667, 
0.16667, 0.16667, 0.16667, 0.16667, 0.16667, 0.16667, 0.16667, 
0, 0, 0, 0, 0, 0, 0, 0, 0, 0, 0, 0, 0, 0, 0, 0, 0, 0, 0, 0, 0, 
0, 0.64848, 0.65965, 0.66164, 0.66322, 0.65473, 0.6595, 0.65807, 
0.66761, 0.67864, 0.67398, 0.67135, 0.64848, 0.65965, 0.66164, 
0.66322, 0.65473, 0.6595, 0.65807, 0.66761, 0.67864, 0.67398, 
0.67135, 0.0211, 0.0232, 0.0257, 0.0287, 0.0311, 0.0367, 0.0389, 
0.0421, 0.0472, 0.0508, 0.0554, 140, 150, 163.1, 175.8, 191.4, 
202.9, 217, 226.1, 234.7, 250.3, 258.9, 1, 1, 1, 1, 1, 1, 1, 
1, 1, 1, 1, 1, 1, 1, 1, 1, 1, 1, 1, 1, 1, 1, 1, 1, 1, 1, 1, 1, 
1, 1, 1, 1, 1, 1, 1, 1, 1, 1, 1, 1, 1, 1, 1, 1, 2.614, 2.648, 
2.699, 2.791, 2.691, 2.91, 2.901, 3.459, 3.561, 3.051, 3.115), .Dim = c(11L, 
40L), .Dimnames = list(NULL, c("Sampling", "PSO.cost", "PSO.gamma", 
"PSO.data.balancing", "PSO.feature.selection", "PSO.valid.acc", 
"PSO.test.acc", "PSO.train.time", "PSO.n.support.vectors", "PSO.index", 
"PSO.n.solutions", "PSO.generations", "PSO.n.evaluations", "PSO.cpu.time", 
"RS.cost", "RS.gamma", "RS.data.balancing", "RS.feature.selection", 
"RS.valid.acc", "RS.test.acc", "RS.train.time", "RS.n.support.vectors", 
"RS.index", "RS.n.solutions", "RS.generations", "RS.n.evaluations", 
"RS.cpu.time", "DF.cost", "DF.gamma", "DF.data.balancing", "DF.feature.selection", 
"DF.valid.acc", "DF.test.acc", "DF.train.time", "DF.n.support.vectors", 
"DF.index", "DF.n.solutions", "DF.generations", "DF.n.evaluations", 
"DF.cpu.time")))
