full <-
structure(c(50, 55, 60, 65, 70, 75, 80, 85, 90, 95, 100, 15, 
15, 15, 15, 15, 11.57021, 12.64942, 9.96952, 10.01704, 9.58866, 
8.18459, -6.34748, -6.62584, -6.4842, -5.79962, -6.90443, -5.05437, 
-4.05112, -4.13681, -3.34183, -4.05324, -3.57036, 0, 0, 0, 0, 
0, 0, 0, 0, 0, 0, 0, 0, 0, 0, 0, 0, 0, 0, 0, 0, 0, 0, 0.98139, 
0.99565, 1, 1, 1, 1, 1, 1, 1, 1, 1, 0.97684, 0.97862, 0.9963, 
1, 1, 1, 1, 1, 0.99744, 1, 1, 0.6138, 1.2397, 1.8538, 1.2226, 
3.6844, 0.9907, 0.5092, 0.6739, 0.3839, 1.1529, 0.7291, 92.9, 
107.4, 117.2, 127.6, 137.7, 151.4, 170.1, 180.9, 205.7, 214.5, 
234.3, 182, 582, 78, 161, 59, 12, 21, 9, 3, 23, 15, 1087, 4, 
1460, 1441, 1359, 1487, 1436, 1282, 1261, 1687, 1536, 100, 100, 
100, 100, 100, 100, 100, 100, 100, 100, 100, 2500, 2500, 2500, 
2500, 2500, 2500, 2500, 2500, 2500, 2500, 2500, 17622.265, 28511.905, 
43707.512, 32713.175, 44121.337, 39255.292, 52689.063, 55705.651, 
48540.465, 117958.558, 72044.4230000001, 14.75681, 14.90544, 
14.988, 13.19115, 14.74387, 12.1157, 13.75231, 13.3049, 9.70797, 
10.6263, 10.45859, -6.28186, -6.53715, -6.58025, -5.7764, -6.71693, 
-5.34029, -6.22995, -4.11055, -4.28041, -4.45248, -3.64289, 0, 
0, 0, 0, 0, 0, 0, 0, 0, 0, 0, 0, 0, 0, 0, 0, 0, 0, 0, 0, 0, 0, 
0.98139, 0.9913, 1, 1, 1, 1, 1, 1, 1, 1, 1, 0.97684, 0.97862, 
0.9963, 0.99643, 1, 1, 1, 1, 1, 1, 1, 0.5411, 1.1898, 1.9784, 
0.966, 4.1649, 1.3234, 5.7085, 0.6766, 1.0299, 2.0736, 0.8674, 
93.5, 107.6, 118.2, 128, 138.2, 150, 162.6, 180.5, 199.8, 210.1, 
232.4, 2086, 1689, 2010, 40, 318, 6, 3, 70, 1, 14, 12, 1, 1, 
1, 24, 24, 50, 104, 93, 148, 133, 203, 100, 100, 100, 100, 100, 
100, 100, 100, 100, 100, 100, 2500, 2500, 2500, 2500, 2500, 2500, 
2500, 2500, 2500, 2500, 2500, 7376.501, 7526.733, 7493.06800000001, 
7931.454, 8109.44099999999, 10796.021, 12428.95, 12301.975, 14307.929, 
16115.6340000001, 20633.2409999999, 1, 1, 1, 1, 1, 1, 1, 1, 1, 
1, 1, 0.16667, 0.16667, 0.16667, 0.16667, 0.16667, 0.16667, 0.16667, 
0.16667, 0.16667, 0.16667, 0.16667, 0, 0, 0, 0, 0, 0, 0, 0, 0, 
0, 0, 0, 0, 0, 0, 0, 0, 0, 0, 0, 0, 0, 0.68052, 0.67663, 0.68092, 
0.66679, 0.68434, 0.67188, 0.67535, 0.673, 0.66333, 0.66667, 
0.67135, 0.68052, 0.67663, 0.68092, 0.66679, 0.68434, 0.67188, 
0.67535, 0.673, 0.66333, 0.66667, 0.67135, 0.0219, 0.0242, 0.0257, 
0.0293, 0.0303, 0.0355, 0.0404, 0.0445, 0.0504, 0.0524, 0.0567, 
130.2, 145.8, 155.6, 171.6, 178, 193.7, 206.8, 219, 239.1, 250.7, 
260.3, 1, 1, 1, 1, 1, 1, 1, 1, 1, 1, 1, 1, 1, 1, 1, 1, 1, 1, 
1, 1, 1, 1, 1, 1, 1, 1, 1, 1, 1, 1, 1, 1, 1, 1, 1, 1, 1, 1, 1, 
1, 1, 1, 1, 1, 2.896, 2.864, 2.823, 2.754, 2.743, 3.499, 3.676, 
3.795, 3.967, 3.81, 4.245), .Dim = c(11L, 40L), .Dimnames = list(
    NULL, c("Sampling", "PSO.cost", "PSO.gamma", "PSO.data.balancing", 
    "PSO.feature.selection", "PSO.valid.acc", "PSO.test.acc", 
    "PSO.train.time", "PSO.n.support.vectors", "PSO.index", "PSO.n.solutions", 
    "PSO.generations", "PSO.n.evaluations", "PSO.cpu.time", "RS.cost", 
    "RS.gamma", "RS.data.balancing", "RS.feature.selection", 
    "RS.valid.acc", "RS.test.acc", "RS.train.time", "RS.n.support.vectors", 
    "RS.index", "RS.n.solutions", "RS.generations", "RS.n.evaluations", 
    "RS.cpu.time", "DF.cost", "DF.gamma", "DF.data.balancing", 
    "DF.feature.selection", "DF.valid.acc", "DF.test.acc", "DF.train.time", 
    "DF.n.support.vectors", "DF.index", "DF.n.solutions", "DF.generations", 
    "DF.n.evaluations", "DF.cpu.time")))
