full <-
structure(c(50, 55, 60, 65, 70, 75, 80, 85, 90, 95, 100, 14.80985, 
15, 14.97578, 14.75918, 13.69452, 12.99923, 12.32053, 10.34906, 
10.49991, 10.50328, 13.3526, -6.5992, -6.16696, -6.92484, -6.80311, 
-6.16369, -5.75209, -5.33594, -4.16074, -4.19862, -4.44235, -5.10029, 
0, 0, 0, 0, 0, 0, 0, 0, 0, 0, 0, 0, 0, 0, 0, 0, 0, 0, 0, 0, 0, 
0, 1, 1, 1, 1, 1, 1, 1, 1, 1, 1, 1, 1, 1, 0.99245, 1, 1, 1, 1, 
1, 1, 1, 1, 1.1166, 1.2762, 2.0367, 2.6839, 2.7819, 1.921, 1.8863, 
0.6597, 1.0019, 1.6864, 5.3389, 110.9, 113.7, 123.5, 133.5, 141.3, 
147.7, 158.9, 180.7, 195, 210.7, 226.7, 130, 245, 388, 97, 25, 
77, 39, 5, 27, 6, 13, 1334, 1405, 473, 1583, 1474, 1416, 1474, 
1479, 1606, 1467, 1398, 100, 100, 100, 100, 100, 100, 100, 100, 
100, 100, 100, 2500, 2500, 2500, 2500, 2500, 2500, 2500, 2500, 
2500, 2500, 2500, 24947.495, 31260.749, 43650.265, 29907.854, 
31337.54, 61127.165, 48324.247, 35702.034, 85396.754, 92016.545, 
106364.126, 14.55775, 14.66705, 14.93215, 14.88096, 11.0742, 
14.40446, 13.76741, 11.0947, 11.57744, 14.21543, 13.26583, -6.23945, 
-5.87522, -6.4637, -5.3726, -4.84186, -6.80789, -6.67642, -4.49491, 
-4.39231, -4.24849, -5.57661, 0, 0, 0, 0, 0, 0, 0, 0, 0, 0, 0, 
0, 0, 0, 0, 0, 0, 0, 0, 0, 0, 0, 1, 1, 0.99615, 1, 1, 1, 1, 1, 
1, 1, 1, 1, 1, 0.9963, 0.99655, 1, 1, 1, 1, 1, 1, 1, 0.9009, 
0.8946, 2.155, 0.9181, 0.5175, 3.217, 2.5947, 0.98, 1.2559, 1.3541, 
8.8481, 107, 114, 122.6, 131.2, 143.8, 151.7, 172.6, 179.1, 193.5, 
210.8, 229.3, 182, 863, 944, 25, 71, 138, 44, 69, 41, 11, 4, 
8, 3, 4, 60, 54, 13, 72, 126, 124, 143, 172, 100, 100, 100, 100, 
100, 100, 100, 100, 100, 100, 100, 2500, 2500, 2500, 2500, 2500, 
2500, 2500, 2500, 2500, 2500, 2500, 7546.859, 7612.048, 7913.52099999999, 
7993.93099999998, 8280.82399999999, 8466.986, 9517.79199999996, 
10477.721, 12801.825, 15198.432, 16257.7540000001, 1, 1, 1, 1, 
1, 1, 1, 1, 1, 1, 1, 0.16667, 0.16667, 0.16667, 0.16667, 0.16667, 
0.16667, 0.16667, 0.16667, 0.16667, 0.16667, 0.16667, 0, 0, 0, 
0, 0, 0, 0, 0, 0, 0, 0, 0, 0, 0, 0, 0, 0, 0, 0, 0, 0, 0, 0.65764, 
0.65965, 0.65004, 0.66326, 0.67097, 0.675, 0.67244, 0.67568, 
0.67346, 0.6788, 0.67135, 0.65764, 0.65965, 0.65004, 0.66326, 
0.67097, 0.675, 0.67244, 0.67568, 0.67346, 0.6788, 0.67135, 0.0223, 
0.0249, 0.0275, 0.0287, 0.0324, 0.0347, 0.0384, 0.0413, 0.0449, 
0.0513, 0.0529, 138, 149.9, 164.5, 174.4, 185.2, 196, 209.2, 
220.4, 234.3, 245.4, 260.2, 1, 1, 1, 1, 1, 1, 1, 1, 1, 1, 1, 
1, 1, 1, 1, 1, 1, 1, 1, 1, 1, 1, 1, 1, 1, 1, 1, 1, 1, 1, 1, 1, 
1, 1, 1, 1, 1, 1, 1, 1, 1, 1, 1, 1, 2.818, 2.808, 2.841, 2.687, 
2.888, 2.791, 2.939, 2.935, 2.945, 3.077, 2.955), .Dim = c(11L, 
40L), .Dimnames = list(NULL, c("Sampling", "PSO.cost", "PSO.gamma", 
"PSO.data.balancing", "PSO.feature.selection", "PSO.valid.acc", 
"PSO.test.acc", "PSO.train.time", "PSO.n.support.vectors", "PSO.index", 
"PSO.n.solutions", "PSO.generations", "PSO.n.evaluations", "PSO.cpu.time", 
"RS.cost", "RS.gamma", "RS.data.balancing", "RS.feature.selection", 
"RS.valid.acc", "RS.test.acc", "RS.train.time", "RS.n.support.vectors", 
"RS.index", "RS.n.solutions", "RS.generations", "RS.n.evaluations", 
"RS.cpu.time", "DF.cost", "DF.gamma", "DF.data.balancing", "DF.feature.selection", 
"DF.valid.acc", "DF.test.acc", "DF.train.time", "DF.n.support.vectors", 
"DF.index", "DF.n.solutions", "DF.generations", "DF.n.evaluations", 
"DF.cpu.time")))
