full <-
structure(c(50, 55, 60, 65, 70, 75, 80, 85, 90, 95, 100, 15, 
14.41088, 15, 13.29547, 12.30077, 11.62391, 14.31143, 10.79545, 
14.95416, 12.20888, 10.10064, -6.49607, -5.83412, -6.64897, -6.20395, 
-5.17584, -5.28338, -3.95031, -3.83344, -4.87323, -3.34748, -4.94781, 
0, 0, 0, 0, 0, 0, 0, 0, 0, 0, 0, 0, 0, 0, 0, 0, 0, 0, 0, 0, 0, 
0, 0.94913, 1, 1, 1, 1, 1, 1, 1, 1, 1, 1, 0.94437, 1, 1, 1, 1, 
1, 1, 1, 1, 1, 1, 0.5564, 0.7671, 2.0705, 1.2472, 1.2491, 1.2917, 
0.4709, 0.5166, 2.3462, 0.5171, 1.6213, 87.8, 112.1, 116.8, 139.6, 
146.3, 161.4, 175.4, 187.6, 193.6, 220.5, 232.3, 379, 140, 100, 
22, 99, 14, 7, 14, 5, 14, 2, 312, 1575, 1424, 1263, 1678, 1479, 
1610, 1525, 1757, 1399, 1723, 100, 100, 100, 100, 100, 100, 100, 
100, 100, 100, 100, 2500, 2500, 2500, 2500, 2500, 2500, 2500, 
2500, 2500, 2500, 2500, 18164.696, 26492.776, 44195.23, 27717.964, 
65679.656, 34880.455, 52180.461, 45362.986, 72593.817, 80281.399, 
107377.058, 14.9466, 14.58507, 14.91131, 13.73443, 14.15571, 
14.64317, 12.41273, 12.93819, 12.1461, 11.55619, 9.73522, -6.40852, 
-6.54308, -6.50934, -5.89774, -5.68111, -5.85144, -6.07183, -5.74654, 
-4.74723, -5.37121, -4.01563, 0, 0, 0, 0, 0, 0, 0, 0, 0, 0, 0, 
0, 0, 0, 0, 0, 0, 0, 0, 0, 0, 0, 0.93983, 1, 1, 1, 1, 1, 1, 1, 
1, 1, 1, 0.94892, 1, 1, 1, 1, 1, 0.99429, 1, 1, 1, 1, 0.5416, 
1.2251, 1.8099, 1.7955, 2.2763, 3.3967, 1.2587, 4.7609, 2.0155, 
4.5672, 1.5042, 88.3, 111.1, 117.6, 134.6, 145.3, 152.6, 179.3, 
176.6, 195.8, 211.3, 230.4, 569, 40, 516, 6, 161, 22, 8, 20, 
20, 2, 9, 1, 7, 2, 40, 39, 82, 100, 111, 145, 158, 166, 100, 
100, 100, 100, 100, 100, 100, 100, 100, 100, 100, 2500, 2500, 
2500, 2500, 2500, 2500, 2500, 2500, 2500, 2500, 2500, 7017.745, 
7190.056, 7390.663, 8040.71599999999, 8529.122, 9473.916, 10682.606, 
11251.986, 15785.527, 17704.4840000001, 19026.444, 1, 1, 1, 1, 
1, 1, 1, 1, 1, 1, 1, 0.16667, 0.16667, 0.16667, 0.16667, 0.16667, 
0.16667, 0.16667, 0.16667, 0.16667, 0.16667, 0.16667, 0, 0, 0, 
0, 0, 0, 0, 0, 0, 0, 0, 0, 0, 0, 0, 0, 0, 0, 0, 0, 0, 0, 0.67121, 
0.6596, 0.66164, 0.6525, 0.6514, 0.6565, 0.66101, 0.65951, 0.66583, 
0.66913, 0.67135, 0.67121, 0.6596, 0.66164, 0.6525, 0.6514, 0.6565, 
0.66101, 0.65951, 0.66583, 0.66913, 0.67135, 0.0212, 0.0242, 
0.025, 0.0278, 0.0322, 0.0368, 0.04, 0.0452, 0.0478, 0.0506, 
0.0574, 130.9, 150.7, 160.7, 176.3, 192.1, 202.3, 216.1, 226.9, 
240.1, 249.2, 260.4, 1, 1, 1, 1, 1, 1, 1, 1, 1, 1, 1, 1, 1, 1, 
1, 1, 1, 1, 1, 1, 1, 1, 1, 1, 1, 1, 1, 1, 1, 1, 1, 1, 1, 1, 1, 
1, 1, 1, 1, 1, 1, 1, 1, 1, 2.729, 2.719, 2.559, 2.557, 2.672, 
2.919, 2.896, 3.188, 3.929, 3.989, 4.542), .Dim = c(11L, 40L), .Dimnames = list(
    NULL, c("Sampling", "PSO.cost", "PSO.gamma", "PSO.data.balancing", 
    "PSO.feature.selection", "PSO.valid.acc", "PSO.test.acc", 
    "PSO.train.time", "PSO.n.support.vectors", "PSO.index", "PSO.n.solutions", 
    "PSO.generations", "PSO.n.evaluations", "PSO.cpu.time", "RS.cost", 
    "RS.gamma", "RS.data.balancing", "RS.feature.selection", 
    "RS.valid.acc", "RS.test.acc", "RS.train.time", "RS.n.support.vectors", 
    "RS.index", "RS.n.solutions", "RS.generations", "RS.n.evaluations", 
    "RS.cpu.time", "DF.cost", "DF.gamma", "DF.data.balancing", 
    "DF.feature.selection", "DF.valid.acc", "DF.test.acc", "DF.train.time", 
    "DF.n.support.vectors", "DF.index", "DF.n.solutions", "DF.generations", 
    "DF.n.evaluations", "DF.cpu.time")))
