full <-
structure(c(50, 55, 60, 65, 70, 75, 80, 85, 90, 95, 100, 15, 
14.92417, 15, 11.70611, 14.76047, 12.80054, 15, 13.75607, 9.42779, 
12.48055, 13.06891, -6.28156, -6.13238, -6.24014, -4.46706, -7.20014, 
-4.53474, -5.27875, -4.4069, -3.76768, -3.01729, -3.58269, 0, 
0, 0, 0, 0, 0, 0, 0, 0, 0, 0, 0, 0, 0, 0, 0, 0, 0, 0, 0, 0, 0, 
0.97182, 1, 1, 1, 1, 1, 1, 1, 1, 1, 1, 0.97682, 1, 1, 0.99655, 
1, 0.99697, 1, 1, 1, 1, 1, 0.7595, 1.0498, 1.7389, 0.3588, 2.4954, 
0.7657, 2.9813, 1.2456, 0.7769, 0.3859, 0.8545, 96.7, 110.6, 
119.2, 136.4, 158.3, 161.8, 168.4, 189.4, 207.5, 225.4, 228.5, 
63, 99, 36, 8, 9, 21, 104, 14, 21, 21, 21, 933, 1224, 1466, 1661, 
1467, 1457, 1542, 1644, 1778, 1693, 1653, 100, 100, 100, 100, 
100, 100, 100, 100, 100, 100, 100, 2500, 2500, 2500, 2500, 2500, 
2500, 2500, 2500, 2500, 2500, 2500, 20929.063, 31138.893, 41933.907, 
26972.176, 55092.939, 41149.281, 61128.095, 104210.818, 58249.114, 
115817.152, 94950.863, 14.60761, 14.53748, 14.98604, 13.10057, 
13.03879, 14.76813, 10.10506, 14.92175, 13.0003, 9.91195, 12.67015, 
-6.13739, -6.14375, -6.34065, -4.57823, -5.75904, -6.856, -3.80021, 
-4.72193, -5.26148, -3.54749, -3.01264, 0, 0, 0, 0, 0, 0, 0, 
0, 0, 0, 0, 0, 0, 0, 0, 0, 0, 0, 0, 0, 0, 0, 0.96273, 1, 1, 1, 
1, 1, 1, 1, 1, 1, 1, 0.96751, 1, 1, 0.99655, 1, 1, 1, 1, 1, 1, 
0.99535, 0.6093, 1.0743, 2.0355, 0.4039, 2.1191, 7.3443, 0.4293, 
1.835, 4.6825, 0.7014, 0.4023, 96.7, 111, 119.1, 136.1, 144.3, 
157.7, 177.3, 187.8, 199.4, 220.7, 234.7, 1307, 925, 14, 6, 45, 
22, 19, 68, 11, 2, 1, 1, 5, 5, 56, 42, 86, 107, 77, 140, 215, 
193, 100, 100, 100, 100, 100, 100, 100, 100, 100, 100, 100, 2500, 
2500, 2500, 2500, 2500, 2500, 2500, 2500, 2500, 2500, 2500, 8745.523, 
9052.78600000001, 9449.103, 9420.24400000001, 10298.302, 10394.204, 
11079.229, 12176.17, 15351.285, 17882.863, 17778.281, 1, 1, 1, 
1, 1, 1, 1, 1, 1, 1, 1, 0.16667, 0.16667, 0.16667, 0.16667, 0.16667, 
0.16667, 0.16667, 0.16667, 0.16667, 0.16667, 0.16667, 0, 0, 0, 
0, 0, 0, 0, 0, 0, 0, 0, 0, 0, 0, 0, 0, 0, 0, 0, 0, 0, 0, 0.64379, 
0.64704, 0.65, 0.6525, 0.6514, 0.65947, 0.65513, 0.65138, 0.66333, 
0.66911, 0.67135, 0.64379, 0.63869, 0.65385, 0.6525, 0.6514, 
0.65947, 0.65513, 0.65138, 0.66333, 0.66911, 0.67135, 0.0218, 
0.0247, 0.0275, 0.0296, 0.0346, 0.0356, 0.0418, 0.045, 0.0477, 
0.0544, 0.0594, 135.8, 151, 161.6, 177.6, 190.9, 202.3, 217.3, 
230.3, 238.5, 251.6, 259.8, 1, 1, 1, 1, 1, 1, 1, 1, 1, 1, 1, 
1, 1, 1, 1, 1, 1, 1, 1, 1, 1, 1, 1, 1, 1, 1, 1, 1, 1, 1, 1, 1, 
1, 1, 1, 1, 1, 1, 1, 1, 1, 1, 1, 1, 3.388, 3.387, 3.586, 3.246, 
3.561, 2.964, 3.337, 3.409, 3.17, 3.528, 3.749), .Dim = c(11L, 
40L), .Dimnames = list(NULL, c("Sampling", "PSO.cost", "PSO.gamma", 
"PSO.data.balancing", "PSO.feature.selection", "PSO.valid.acc", 
"PSO.test.acc", "PSO.train.time", "PSO.n.support.vectors", "PSO.index", 
"PSO.n.solutions", "PSO.generations", "PSO.n.evaluations", "PSO.cpu.time", 
"RS.cost", "RS.gamma", "RS.data.balancing", "RS.feature.selection", 
"RS.valid.acc", "RS.test.acc", "RS.train.time", "RS.n.support.vectors", 
"RS.index", "RS.n.solutions", "RS.generations", "RS.n.evaluations", 
"RS.cpu.time", "DF.cost", "DF.gamma", "DF.data.balancing", "DF.feature.selection", 
"DF.valid.acc", "DF.test.acc", "DF.train.time", "DF.n.support.vectors", 
"DF.index", "DF.n.solutions", "DF.generations", "DF.n.evaluations", 
"DF.cpu.time")))
