full <-
structure(c(50, 55, 60, 65, 70, 75, 80, 85, 90, 95, 100, 15, 
15, 12.73217, 15, 15, 14.92429, 13.5578, 10.6895, 11.15309, 13.19774, 
13.41921, -6.39095, -5.81438, -5.46756, -6.40448, -5.34177, -3.84817, 
-3.96278, -4.75894, -3.57893, -4.76133, -3.36105, 0, 0, 0, 0, 
0, 0, 0, 0, 0, 0, 0, 0, 0, 0, 0, 0, 0, 0, 0, 0, 0, 0, 0.9632, 
1, 1, 1, 1, 1, 1, 1, 1, 1, 1, 0.94026, 0.99583, 1, 0.99655, 1, 
1, 1, 1, 1, 1, 1, 0.8262, 0.9946, 0.7225, 2.7415, 1.5767, 0.3594, 
0.5076, 1.5045, 0.5799, 2.8653, 0.6702, 97, 116, 125.8, 127.4, 
146.7, 167.7, 177.7, 185.6, 208.7, 214.8, 236.1, 353, 65, 151, 
70, 72, 18, 22, 19, 10, 8, 6, 589, 1347, 1237, 1449, 1567, 1337, 
1553, 1419, 1808, 1457, 1892, 100, 100, 100, 100, 100, 100, 100, 
100, 100, 100, 100, 2500, 2500, 2500, 2500, 2500, 2500, 2500, 
2500, 2500, 2500, 2500, 21757.846, 28991.272, 28611.256, 51287.766, 
55400.337, 43860.42, 53402.087, 55064.153, 44640.242, 63117.404, 
109456.483, 14.93285, 14.50851, 14.73367, 14.60951, 14.41088, 
10.43812, 14.95695, 10.80275, 10.49067, 13.03089, 13.0696, -6.50815, 
-5.67599, -6.56807, -6.20979, -5.69355, -4.23738, -4.55381, -4.48624, 
-4.54059, -6.33144, -4.62061, 0, 0, 0, 0, 0, 0, 0, 0, 0, 0, 0, 
0, 0, 0, 0, 0, 0, 0, 0, 0, 0, 0, 0.9539, 1, 1, 1, 1, 1, 1, 1, 
1, 1, 1, 0.94481, 0.99583, 1, 0.99655, 1, 1, 1, 1, 1, 1, 1, 0.8412, 
0.8133, 2.2522, 2.3177, 2.4642, 0.544, 1.1173, 1.2299, 1.7683, 
8.9649, 2.8265, 97.7, 116.1, 125.1, 127.3, 145.2, 165.4, 173.1, 
186.5, 203.8, 215.4, 228.2, 150, 1444, 18, 615, 135, 10, 6, 2, 
2, 40, 26, 2, 3, 22, 5, 17, 96, 103, 116, 121, 179, 187, 100, 
100, 100, 100, 100, 100, 100, 100, 100, 100, 100, 2500, 2500, 
2500, 2500, 2500, 2500, 2500, 2500, 2500, 2500, 2500, 7299.376, 
7117.467, 7785.155, 8194.27900000001, 8798.55600000001, 9466.39600000001, 
10298.741, 11375.576, 12045.829, 15104.5719999999, 16381.238, 
1, 1, 1, 1, 1, 1, 1, 1, 1, 1, 1, 0.16667, 0.16667, 0.16667, 0.16667, 
0.16667, 0.16667, 0.16667, 0.16667, 0.16667, 0.16667, 0.16667, 
0, 0, 0, 0, 0, 0, 0, 0, 0, 0, 0, 0, 0, 0, 0, 0, 0, 0, 0, 0, 0, 
0, 0.65758, 0.65549, 0.65385, 0.65616, 0.65806, 0.65344, 0.65807, 
0.65138, 0.65821, 0.65941, 0.67135, 0.65758, 0.65549, 0.65, 0.65616, 
0.65806, 0.65344, 0.65807, 0.65138, 0.65821, 0.65941, 0.67135, 
0.0225, 0.023, 0.0273, 0.0302, 0.0328, 0.0358, 0.0382, 0.0428, 
0.0471, 0.0553, 0.0543, 135.5, 151.5, 164.4, 175.8, 190, 205, 
217.2, 231.5, 241.8, 253.9, 260.2, 1, 1, 1, 1, 1, 1, 1, 1, 1, 
1, 1, 1, 1, 1, 1, 1, 1, 1, 1, 1, 1, 1, 1, 1, 1, 1, 1, 1, 1, 1, 
1, 1, 1, 1, 1, 1, 1, 1, 1, 1, 1, 1, 1, 1, 2.835, 2.536, 2.747, 
2.836, 2.758, 2.753, 2.689, 3.048, 3.04, 3.398, 3.283), .Dim = c(11L, 
40L), .Dimnames = list(NULL, c("Sampling", "PSO.cost", "PSO.gamma", 
"PSO.data.balancing", "PSO.feature.selection", "PSO.valid.acc", 
"PSO.test.acc", "PSO.train.time", "PSO.n.support.vectors", "PSO.index", 
"PSO.n.solutions", "PSO.generations", "PSO.n.evaluations", "PSO.cpu.time", 
"RS.cost", "RS.gamma", "RS.data.balancing", "RS.feature.selection", 
"RS.valid.acc", "RS.test.acc", "RS.train.time", "RS.n.support.vectors", 
"RS.index", "RS.n.solutions", "RS.generations", "RS.n.evaluations", 
"RS.cpu.time", "DF.cost", "DF.gamma", "DF.data.balancing", "DF.feature.selection", 
"DF.valid.acc", "DF.test.acc", "DF.train.time", "DF.n.support.vectors", 
"DF.index", "DF.n.solutions", "DF.generations", "DF.n.evaluations", 
"DF.cpu.time")))
