full <-
structure(c(50, 55, 60, 65, 70, 75, 80, 85, 90, 95, 100, 15, 
15, 13.64906, 15, 15, 15, 11.00952, 14.92265, 9.22366, 12.14445, 
13.67295, -6.38297, -6.71237, -5.80498, -5.70097, -6.34476, -7.04467, 
-4.43413, -5.56774, -4.1974, -5.26784, -2.52257, 0, 0, 0, 0, 
0, 0, 0, 0, 0, 0, 0, 0, 0, 0, 0, 0, 0, 0, 0, 0, 0, 0, 0.94004, 
1, 1, 1, 1, 1, 1, 1, 1, 1, 1, 0.93548, 1, 1, 0.99655, 1, 1, 1, 
1, 1, 1, 0.99767, 0.5613, 1.1466, 0.8215, 1.2632, 3.0098, 6.0088, 
0.9282, 4.7129, 0.8398, 5.181, 0.2743, 88.1, 104.5, 115.7, 127.5, 
133.7, 151.1, 176.4, 180.7, 208.9, 212.9, 246.2, 325, 37, 29, 
207, 67, 91, 39, 6, 15, 39, 20, 985, 1558, 1531, 1258, 1665, 
1459, 1378, 1523, 1663, 1804, 1610, 100, 100, 100, 100, 100, 
100, 100, 100, 100, 100, 100, 2500, 2500, 2500, 2500, 2500, 2500, 
2500, 2500, 2500, 2500, 2500, 16556.112, 29098.088, 27495.91, 
38017.91, 50335.641, 46049.655, 49625.717, 74678.074, 28281.915, 
86569.806, 72714.237, 14.99504, 14.35314, 14.89768, 13.91749, 
13.94745, 11.75364, 9.33709, 11.75081, 7.88862, 11.74408, 7.72896, 
-6.26616, -6.32145, -6.06005, -5.63627, -6.02718, -4.63001, -3.93128, 
-4.1223, -3.70586, -3.77038, -2.81624, 0, 0, 0, 0, 0, 0, 0, 0, 
0, 0, 0, 0, 0, 0, 0, 0, 0, 0, 0, 0, 0, 0, 0.93528, 0.99583, 1, 
1, 1, 1, 1, 1, 1, 1, 1, 0.91643, 0.99565, 1, 0.99655, 1, 1, 1, 
1, 1, 1, 1, 0.5194, 0.8241, 1.1429, 1.1783, 2.1804, 0.6973, 0.5049, 
0.8199, 0.2757, 0.9672, 0.3708, 88.2, 103.6, 116.1, 127.5, 135.8, 
154.8, 181.2, 188.9, 215.4, 219.6, 242.6, 812, 307, 621, 75, 
11, 147, 4, 29, 12, 9, 3, 1, 1, 16, 16, 24, 68, 98, 99, 194, 
155, 195, 100, 100, 100, 100, 100, 100, 100, 100, 100, 100, 100, 
2500, 2500, 2500, 2500, 2500, 2500, 2500, 2500, 2500, 2500, 2500, 
7191.765, 6877.53, 7139.56099999999, 7716.55600000001, 8134.64199999999, 
9160.59600000002, 10501.759, 10956.083, 13521.939, 15463.1279999999, 
16177.1279999999, 1, 1, 1, 1, 1, 1, 1, 1, 1, 1, 1, 0.16667, 0.16667, 
0.16667, 0.16667, 0.16667, 0.16667, 0.16667, 0.16667, 0.16667, 
0.16667, 0.16667, 0, 0, 0, 0, 0, 0, 0, 0, 0, 0, 0, 0, 0, 0, 0, 
0, 0, 0, 0, 0, 0, 0, 0.69944, 0.69343, 0.70013, 0.69512, 0.69746, 
0.68106, 0.67535, 0.67841, 0.66583, 0.67398, 0.67135, 0.69944, 
0.69343, 0.70013, 0.69512, 0.69746, 0.68106, 0.67535, 0.67841, 
0.66583, 0.67398, 0.67135, 0.0199, 0.0221, 0.025, 0.0265, 0.031, 
0.034, 0.0399, 0.0442, 0.0495, 0.0515, 0.0553, 123.7, 137.8, 
148.9, 163.7, 176.2, 193.7, 209.5, 222, 237.7, 248.3, 261.2, 
1, 1, 1, 1, 1, 1, 1, 1, 1, 1, 1, 1, 1, 1, 1, 1, 1, 1, 1, 1, 1, 
1, 1, 1, 1, 1, 1, 1, 1, 1, 1, 1, 1, 1, 1, 1, 1, 1, 1, 1, 1, 1, 
1, 1, 2.651, 2.584, 2.529, 2.416, 2.632, 2.871, 2.985, 3.137, 
3.072, 2.991, 3.222), .Dim = c(11L, 40L), .Dimnames = list(NULL, 
    c("Sampling", "PSO.cost", "PSO.gamma", "PSO.data.balancing", 
    "PSO.feature.selection", "PSO.valid.acc", "PSO.test.acc", 
    "PSO.train.time", "PSO.n.support.vectors", "PSO.index", "PSO.n.solutions", 
    "PSO.generations", "PSO.n.evaluations", "PSO.cpu.time", "RS.cost", 
    "RS.gamma", "RS.data.balancing", "RS.feature.selection", 
    "RS.valid.acc", "RS.test.acc", "RS.train.time", "RS.n.support.vectors", 
    "RS.index", "RS.n.solutions", "RS.generations", "RS.n.evaluations", 
    "RS.cpu.time", "DF.cost", "DF.gamma", "DF.data.balancing", 
    "DF.feature.selection", "DF.valid.acc", "DF.test.acc", "DF.train.time", 
    "DF.n.support.vectors", "DF.index", "DF.n.solutions", "DF.generations", 
    "DF.n.evaluations", "DF.cpu.time")))
