full <-
structure(c(50, 55, 60, 65, 70, 75, 80, 85, 90, 95, 100, 15, 
15, 15, 13.72787, 12.09623, 14.8295, 9.77187, 11.40321, 10.9724, 
10.07716, 13.58863, -6.44569, -6.54627, -6.3717, -5.94531, -5.2226, 
-5.90602, -4.56821, -5.28934, -4.61487, -3.84416, -5.65049, 0, 
0, 0, 0, 0, 0, 0, 0, 0, 0, 0, 0, 0, 0, 0, 0, 0, 0, 0, 0, 0, 0, 
0.95823, 0.99149, 1, 1, 1, 1, 1, 1, 1, 1, 1, 0.93874, 0.98732, 
1, 1, 1, 1, 1, 1, 1, 1, 1, 0.6039, 0.8962, 1.4183, 1.3246, 0.9138, 
3.4232, 0.5473, 2.4126, 1.7933, 1.0522, 9.0024, 90.9, 99.2, 112.8, 
126, 138.9, 152.1, 181.6, 186.5, 199.9, 224.5, 227.4, 719, 785, 
117, 151, 61, 2, 63, 113, 28, 10, 4, 19, 220, 1307, 1494, 1428, 
1387, 1537, 1656, 1585, 1664, 1861, 100, 100, 100, 100, 100, 
100, 100, 100, 100, 100, 100, 2500, 2500, 2500, 2500, 2500, 2500, 
2500, 2500, 2500, 2500, 2500, 18724.526, 22361.211, 35139.053, 
43297.201, 39968.907, 49753.956, 33169.543, 105002.724, 69159.378, 
58905.531, 104530.14, 14.87299, 14.76633, 13.86878, 14.43642, 
14.06212, 14.84571, 13.84738, 14.14658, 14.94508, 12.7163, 14.45745, 
-6.59989, -6.05055, -5.9253, -6.16433, -4.98491, -6.40877, -4.8149, 
-6.515, -7.02848, -3.75156, -6.50215, 0, 0, 0, 0, 0, 0, 0, 0, 
0, 0, 0, 0, 0, 0, 0, 0, 0, 0, 0, 0, 0, 0, 0.94416, 0.98315, 0.99615, 
1, 1, 1, 1, 1, 1, 1, 1, 0.93874, 0.97482, 0.99615, 1, 1, 1, 1, 
1, 1, 1, 1, 0.5727, 0.5591, 0.855, 1.7086, 0.8093, 6.5086, 1.548, 
12.1559, 22.462, 0.9648, 28.321, 91.6, 98.6, 114, 123.4, 138.9, 
152.5, 172.7, 175.7, 177.9, 225, 195.6, 840, 461, 31, 215, 7, 
153, 1, 60, 46, 6, 5, 1, 2, 8, 10, 47, 76, 110, 148, 84, 199, 
166, 100, 100, 100, 100, 100, 100, 100, 100, 100, 100, 100, 2500, 
2500, 2500, 2500, 2500, 2500, 2500, 2500, 2500, 2500, 2500, 7006.833, 
7159.531, 7337.038, 7624.736, 8326.27300000002, 9210.95000000001, 
10213.888, 13799.819, 15112.674, 16363.2420000001, 16602.684, 
1, 1, 1, 1, 1, 1, 1, 1, 1, 1, 1, 0.16667, 0.16667, 0.16667, 0.16667, 
0.16667, 0.16667, 0.16667, 0.16667, 0.16667, 0.16667, 0.16667, 
0, 0, 0, 0, 0, 0, 0, 0, 0, 0, 0, 0, 0, 0, 0, 0, 0, 0, 0, 0, 0, 
0, 0.6526, 0.66812, 0.68467, 0.66687, 0.66774, 0.66562, 0.65229, 
0.65953, 0.66333, 0.66179, 0.67135, 0.65736, 0.66812, 0.68467, 
0.67032, 0.66774, 0.66562, 0.65229, 0.65953, 0.66333, 0.66179, 
0.67135, 0.0214, 0.0225, 0.0262, 0.0276, 0.0327, 0.0348, 0.0409, 
0.0468, 0.0496, 0.0511, 0.0546, 133.3, 145.3, 154.2, 169.9, 185.2, 
199.1, 218.2, 229.3, 239.2, 253, 260.8, 1, 1, 1, 1, 1, 1, 1, 
1, 1, 1, 1, 1, 1, 1, 1, 1, 1, 1, 1, 1, 1, 1, 1, 1, 1, 1, 1, 1, 
1, 1, 1, 1, 1, 1, 1, 1, 1, 1, 1, 1, 1, 1, 1, 1, 2.759, 2.615, 
2.781, 2.605, 2.828, 2.75, 2.933, 3.868, 3.827, 2.962, 3.011), .Dim = c(11L, 
40L), .Dimnames = list(NULL, c("Sampling", "PSO.cost", "PSO.gamma", 
"PSO.data.balancing", "PSO.feature.selection", "PSO.valid.acc", 
"PSO.test.acc", "PSO.train.time", "PSO.n.support.vectors", "PSO.index", 
"PSO.n.solutions", "PSO.generations", "PSO.n.evaluations", "PSO.cpu.time", 
"RS.cost", "RS.gamma", "RS.data.balancing", "RS.feature.selection", 
"RS.valid.acc", "RS.test.acc", "RS.train.time", "RS.n.support.vectors", 
"RS.index", "RS.n.solutions", "RS.generations", "RS.n.evaluations", 
"RS.cpu.time", "DF.cost", "DF.gamma", "DF.data.balancing", "DF.feature.selection", 
"DF.valid.acc", "DF.test.acc", "DF.train.time", "DF.n.support.vectors", 
"DF.index", "DF.n.solutions", "DF.generations", "DF.n.evaluations", 
"DF.cpu.time")))
