full <-
structure(c(50, 55, 60, 65, 70, 75, 80, 85, 90, 95, 100, 15, 
15, 13.70955, 13.42993, 12.23809, 13.94374, 12.25366, 13.60328, 
14.1639, 7.87952, 11.20523, -6.48752, -6.32538, -6.24997, -5.39147, 
-4.95186, -4.72964, -4.58933, -4.31833, -5.21039, -3.23137, -4.14634, 
0, 0, 0, 0, 0, 0, 0, 0, 0, 0, 0, 0, 0, 0, 0, 0, 0, 0, 0, 0, 0, 
0, 0.98182, 1, 1, 1, 1, 1, 1, 1, 1, 1, 1, 0.99545, 1, 1, 1, 0.99355, 
1, 1, 1, 1, 1, 1, 0.9741, 1.3239, 1.0178, 1.08, 0.8808, 0.9076, 
1.0126, 1.0556, 3.7069, 0.441, 1.6582, 101.5, 114.6, 125, 134.7, 
146.3, 159.4, 173, 188.9, 192.3, 224, 227.5, 102, 60, 39, 62, 
19, 63, 80, 2, 13, 3, 6, 1468, 1404, 1420, 1164, 1618, 1673, 
1532, 1711, 1629, 1409, 1696, 100, 100, 100, 100, 100, 100, 100, 
100, 100, 100, 100, 2500, 2500, 2500, 2500, 2500, 2500, 2500, 
2500, 2500, 2500, 2500, 23217.552, 35872.88, 35185.739, 37097.286, 
48673.143, 50739.804, 74462.14, 92399.056, 102379.977, 86057.91, 
93806.791, 14.79229, 14.67028, 14.09098, 14.1536, 14.28103, 13.21641, 
14.36992, 14.17815, 14.52897, 12.40083, 14.22598, -6.4538, -6.39447, 
-5.44896, -5.54026, -4.55197, -6.25501, -5.62908, -5.17299, -5.83336, 
-3.50643, -3.07814, 0, 0, 0, 0, 0, 0, 0, 0, 0, 0, 0, 0, 0, 0, 
0, 0, 0, 0, 0, 0, 0, 0, 0.98182, 1, 1, 1, 1, 1, 1, 1, 1, 1, 1, 
0.99545, 1, 1, 1, 0.99032, 1, 1, 1, 1, 1, 1, 0.8564, 1.3139, 
0.7608, 1.3673, 0.5234, 2.5682, 3.8653, 2.9019, 7.9333, 0.6401, 
0.4392, 102, 115.6, 124.1, 133.8, 148.3, 163.8, 168.9, 184.4, 
188.6, 220.7, 235.8, 1795, 1365, 43, 184, 3, 67, 48, 82, 57, 
14, 15, 2, 2, 21, 17, 40, 70, 113, 155, 107, 171, 159, 100, 100, 
100, 100, 100, 100, 100, 100, 100, 100, 100, 2500, 2500, 2500, 
2500, 2500, 2500, 2500, 2500, 2500, 2500, 2500, 7264.349, 7126.47200000001, 
7189.198, 7524.64199999999, 8405.209, 9146.60000000003, 11075.722, 
11827.376, 13606.002, 14785.773, 17085.5360000001, 1, 1, 1, 1, 
1, 1, 1, 1, 1, 1, 1, 0.16667, 0.16667, 0.16667, 0.16667, 0.16667, 
0.16667, 0.16667, 0.16667, 0.16667, 0.16667, 0.16667, 0, 0, 0, 
0, 0, 0, 0, 0, 0, 0, 0, 0, 0, 0, 0, 0, 0, 0, 0, 0, 0, 0, 0.64848, 
0.65127, 0.65774, 0.67036, 0.66452, 0.6595, 0.66101, 0.66759, 
0.67351, 0.66911, 0.67135, 0.64848, 0.65127, 0.65774, 0.67036, 
0.66452, 0.6595, 0.66101, 0.66759, 0.67351, 0.66911, 0.67135, 
0.0227, 0.0239, 0.0251, 0.0279, 0.0318, 0.0356, 0.0413, 0.0443, 
0.0487, 0.053, 0.0553, 140.5, 151.5, 161.8, 173.1, 188.3, 201.7, 
212.1, 222.5, 236.4, 250.7, 260.2, 1, 1, 1, 1, 1, 1, 1, 1, 1, 
1, 1, 1, 1, 1, 1, 1, 1, 1, 1, 1, 1, 1, 1, 1, 1, 1, 1, 1, 1, 1, 
1, 1, 1, 1, 1, 1, 1, 1, 1, 1, 1, 1, 1, 1, 2.828, 2.602, 2.581, 
2.501, 2.752, 2.87, 2.967, 3.06, 3.167, 3.293, 3.254), .Dim = c(11L, 
40L), .Dimnames = list(NULL, c("Sampling", "PSO.cost", "PSO.gamma", 
"PSO.data.balancing", "PSO.feature.selection", "PSO.valid.acc", 
"PSO.test.acc", "PSO.train.time", "PSO.n.support.vectors", "PSO.index", 
"PSO.n.solutions", "PSO.generations", "PSO.n.evaluations", "PSO.cpu.time", 
"RS.cost", "RS.gamma", "RS.data.balancing", "RS.feature.selection", 
"RS.valid.acc", "RS.test.acc", "RS.train.time", "RS.n.support.vectors", 
"RS.index", "RS.n.solutions", "RS.generations", "RS.n.evaluations", 
"RS.cpu.time", "DF.cost", "DF.gamma", "DF.data.balancing", "DF.feature.selection", 
"DF.valid.acc", "DF.test.acc", "DF.train.time", "DF.n.support.vectors", 
"DF.index", "DF.n.solutions", "DF.generations", "DF.n.evaluations", 
"DF.cpu.time")))
