full <-
structure(c(50, 55, 60, 65, 70, 75, 80, 85, 90, 95, 100, 15, 
15, 15, 15, 12.30257, 15, 13.00194, 11.57631, 14.24288, 9.97737, 
13.93032, -6.44454, -6.05059, -6.4806, -6.81412, -4.69298, -7.03244, 
-5.0193, -4.07677, -3.27166, -3.05644, -6.18808, 0, 0, 0, 0, 
0, 0, 0, 0, 0, 0, 0, 0, 0, 0, 0, 0, 0, 0, 0, 0, 0, 0, 0.98615, 
1, 1, 0.99643, 1, 1, 1, 1, 1, 1, 1, 0.98139, 0.9875, 1, 0.97857, 
1, 1, 1, 1, 1, 0.99762, 1, 0.7086, 0.8771, 1.7089, 2.5258, 0.5636, 
6.9354, 1.7716, 0.8198, 0.4118, 0.4073, 24.8305, 96.8, 108.7, 
116.6, 126.6, 142.9, 154.3, 168.5, 189.7, 211.8, 227.5, 225.7, 
443, 56, 80, 189, 63, 44, 4, 18, 8, 38, 9, 694, 1403, 1182, 885, 
1597, 1352, 1544, 1368, 1650, 1786, 1541, 100, 100, 100, 100, 
100, 100, 100, 100, 100, 100, 100, 2500, 2500, 2500, 2500, 2500, 
2500, 2500, 2500, 2500, 2500, 2500, 20823.76, 28322.754, 31468.062, 
56256.655, 40730.101, 40675.243, 68663.771, 49859.5440000001, 
52610.46, 75587.7980000001, 95075.822, 14.99464, 14.74187, 14.2653, 
14.72376, 12.18175, 14.8621, 14.57706, 14.48217, 11.91953, 13.65141, 
8.47838, -6.46733, -6.20726, -5.98743, -6.01118, -5.22942, -4.76642, 
-5.003, -3.84767, -4.34139, -5.95282, -2.74944, 0, 0, 0, 0, 0, 
0, 0, 0, 0, 0, 0, 0, 0, 0, 0, 0, 0, 0, 0, 0, 0, 0, 0.98615, 1, 
1, 0.99286, 1, 1, 1, 1, 1, 1, 1, 0.98139, 0.99167, 0.9963, 0.97857, 
1, 1, 1, 1, 1, 1, 1, 0.6978, 1.0168, 1.0876, 1.6133, 0.9528, 
0.8937, 1.771, 0.5721, 1.5308, 11.1912, 0.3478, 97.3, 109.5, 
117, 123.9, 139.9, 154.3, 168.5, 191.4, 203.9, 216.2, 243.5, 
393, 1044, 1217, 1079, 25, 11, 10, 8, 4, 42, 5, 1, 6, 4, 4, 37, 
68, 89, 133, 166, 141, 203, 100, 100, 100, 100, 100, 100, 100, 
100, 100, 100, 100, 2500, 2500, 2500, 2500, 2500, 2500, 2500, 
2500, 2500, 2500, 2500, 7131.911, 7268.918, 7755.38800000001, 
7779.641, 8223.63400000002, 8995.37799999997, 10069.482, 12109.513, 
13837.387, 14351.7289999999, 19242.004, 1, 1, 1, 1, 1, 1, 1, 
1, 1, 1, 1, 0.16667, 0.16667, 0.16667, 0.16667, 0.16667, 0.16667, 
0.16667, 0.16667, 0.16667, 0.16667, 0.16667, 0, 0, 0, 0, 0, 0, 
0, 0, 0, 0, 0, 0, 0, 0, 0, 0, 0, 0, 0, 0, 0, 0, 0.66673, 0.66812, 
0.65774, 0.65969, 0.65806, 0.65647, 0.65513, 0.65408, 0.65566, 
0.66179, 0.67135, 0.66673, 0.66812, 0.65774, 0.65969, 0.65806, 
0.65647, 0.65513, 0.65408, 0.65566, 0.66179, 0.67135, 0.0218, 
0.024, 0.0268, 0.0292, 0.0319, 0.0356, 0.0388, 0.045, 0.0452, 
0.0539, 0.059, 139.2, 149.4, 165.9, 176.8, 190.7, 205.1, 217.9, 
229.3, 243.4, 253.5, 259.6, 1, 1, 1, 1, 1, 1, 1, 1, 1, 1, 1, 
1, 1, 1, 1, 1, 1, 1, 1, 1, 1, 1, 1, 1, 1, 1, 1, 1, 1, 1, 1, 1, 
1, 1, 1, 1, 1, 1, 1, 1, 1, 1, 1, 1, 2.705, 2.795, 2.774, 2.816, 
2.715, 2.837, 2.755, 2.99, 2.75, 3.066, 3.438), .Dim = c(11L, 
40L), .Dimnames = list(NULL, c("Sampling", "PSO.cost", "PSO.gamma", 
"PSO.data.balancing", "PSO.feature.selection", "PSO.valid.acc", 
"PSO.test.acc", "PSO.train.time", "PSO.n.support.vectors", "PSO.index", 
"PSO.n.solutions", "PSO.generations", "PSO.n.evaluations", "PSO.cpu.time", 
"RS.cost", "RS.gamma", "RS.data.balancing", "RS.feature.selection", 
"RS.valid.acc", "RS.test.acc", "RS.train.time", "RS.n.support.vectors", 
"RS.index", "RS.n.solutions", "RS.generations", "RS.n.evaluations", 
"RS.cpu.time", "DF.cost", "DF.gamma", "DF.data.balancing", "DF.feature.selection", 
"DF.valid.acc", "DF.test.acc", "DF.train.time", "DF.n.support.vectors", 
"DF.index", "DF.n.solutions", "DF.generations", "DF.n.evaluations", 
"DF.cpu.time")))
