full <-
structure(c(50, 55, 60, 65, 70, 75, 80, 85, 90, 95, 100, 15, 
15, 14.11118, 15, 13.4369, 12.40127, 14.32414, 14.58493, 12.81545, 
13.68386, 10.52211, -6.2508, -6.54162, -6.47573, -7.09779, -5.21997, 
-5.29289, -4.78112, -5.33688, -5.0976, -5.81368, -3.54394, 0, 
0, 0, 0, 0, 0, 0, 0, 0, 0, 0, 0, 0, 0, 0, 0, 0, 0, 0, 0, 0, 0, 
0.97186, 0.984, 1, 1, 1, 1, 1, 1, 1, 1, 1, 0.95303, 0.97826, 
1, 0.99643, 1, 1, 1, 1, 1, 1, 1, 0.6326, 1.2381, 0.9819, 1.794, 
0.9501, 1.2657, 1.0152, 3.338, 3.0209, 9.4406, 0.7977, 94.4, 
107.3, 120.8, 134.6, 137.6, 148.3, 160.6, 176.8, 193.2, 202.6, 
232.8, 310, 100, 103, 91, 77, 44, 2, 25, 32, 12, 6, 919, 1465, 
1448, 1698, 1464, 1480, 1696, 1521, 1546, 1871, 1733, 100, 100, 
100, 100, 100, 100, 100, 100, 100, 100, 100, 2500, 2500, 2500, 
2500, 2500, 2500, 2500, 2500, 2500, 2500, 2500, 19073.909, 32665.027, 
29116.631, 52225.277, 32952.247, 39495.85, 49156.086, 46438.069, 
86806.932, 99710.597, 71242.061, 14.6102, 14.66948, 14.50252, 
14.69288, 14.85621, 13.96281, 13.97739, 14.18124, 8.5219, 14.8736, 
8.4578, -6.58999, -6.43099, -6.47116, -6.52585, -5.89296, -5.11337, 
-4.59236, -3.81305, -3.60056, -5.70039, -3.01795, 0, 0, 0, 0, 
0, 0, 0, 0, 0, 0, 0, 0, 0, 0, 0, 0, 0, 0, 0, 0, 0, 0, 0.94372, 
0.984, 1, 1, 1, 1, 1, 1, 1, 1, 1, 0.92468, 0.97826, 1, 1, 1, 
1, 1, 1, 1, 1, 1, 0.615, 1.1031, 1.4724, 2.4729, 1.978, 1.1349, 
0.8385, 0.5264, 0.4832, 7.9718, 0.4126, 98, 107.4, 118.4, 127.5, 
136.5, 148.8, 161.5, 187, 202.9, 205.1, 236.7, 2091, 1961, 351, 
98, 31, 8, 17, 7, 44, 12, 3, 1, 1, 19, 17, 47, 61, 91, 144, 139, 
141, 159, 100, 100, 100, 100, 100, 100, 100, 100, 100, 100, 100, 
2500, 2500, 2500, 2500, 2500, 2500, 2500, 2500, 2500, 2500, 2500, 
7143.721, 9750.571, 9821.58600000001, 10292.14, 10589.089, 11077.914, 
9498.587, 11285.178, 12459.72, 14529.1090000001, 17077.074, 1, 
1, 1, 1, 1, 1, 1, 1, 1, 1, 1, 0.16667, 0.16667, 0.16667, 0.16667, 
0.16667, 0.16667, 0.16667, 0.16667, 0.16667, 0.16667, 0.16667, 
0, 0, 0, 0, 0, 0, 0, 0, 0, 0, 0, 0, 0, 0, 0, 0, 0, 0, 0, 0, 0, 
0, 0.70844, 0.68926, 0.68851, 0.69155, 0.70387, 0.69635, 0.68681, 
0.67032, 0.67092, 0.66913, 0.67135, 0.70844, 0.68926, 0.68851, 
0.69155, 0.70387, 0.69635, 0.68681, 0.67032, 0.67092, 0.66913, 
0.67135, 0.0209, 0.0255, 0.0282, 0.0304, 0.0321, 0.0336, 0.0369, 
0.0447, 0.0492, 0.0544, 0.055, 124.7, 141.5, 154.3, 164.6, 171.9, 
187.4, 203.3, 223.9, 234.6, 248, 261, 1, 1, 1, 1, 1, 1, 1, 1, 
1, 1, 1, 1, 1, 1, 1, 1, 1, 1, 1, 1, 1, 1, 1, 1, 1, 1, 1, 1, 1, 
1, 1, 1, 1, 1, 1, 1, 1, 1, 1, 1, 1, 1, 1, 1, 2.69, 3.687, 3.628, 
3.691, 3.724, 2.959, 2.944, 3.1, 3.126, 4.093, 3.227), .Dim = c(11L, 
40L), .Dimnames = list(NULL, c("Sampling", "PSO.cost", "PSO.gamma", 
"PSO.data.balancing", "PSO.feature.selection", "PSO.valid.acc", 
"PSO.test.acc", "PSO.train.time", "PSO.n.support.vectors", "PSO.index", 
"PSO.n.solutions", "PSO.generations", "PSO.n.evaluations", "PSO.cpu.time", 
"RS.cost", "RS.gamma", "RS.data.balancing", "RS.feature.selection", 
"RS.valid.acc", "RS.test.acc", "RS.train.time", "RS.n.support.vectors", 
"RS.index", "RS.n.solutions", "RS.generations", "RS.n.evaluations", 
"RS.cpu.time", "DF.cost", "DF.gamma", "DF.data.balancing", "DF.feature.selection", 
"DF.valid.acc", "DF.test.acc", "DF.train.time", "DF.n.support.vectors", 
"DF.index", "DF.n.solutions", "DF.generations", "DF.n.evaluations", 
"DF.cpu.time")))
