full <-
structure(c(50, 55, 60, 65, 70, 75, 80, 85, 90, 95, 100, 15, 
15, 14.3481, 12.87018, 15, 14.97147, 11.82656, 11.71966, 10.98069, 
12.75034, 8.4809, -6.64478, -6.25625, -5.92663, -4.95994, -5.43135, 
-5.24702, -4.54318, -3.5729, -4.17355, -3.73663, -3.15355, 0, 
0, 0, 0, 0, 0, 0, 0, 0, 0, 0, 0, 0, 0, 0, 0, 0, 0, 0, 0, 0, 0, 
0.99545, 1, 1, 1, 1, 1, 1, 1, 1, 1, 1, 0.97619, 1, 0.98846, 1, 
1, 1, 1, 1, 1, 1, 1, 1.067, 1.265, 1.3925, 0.6617, 1.8555, 1.7511, 
1.0363, 0.4375, 1.1428, 0.8702, 0.5383, 102.2, 110.7, 120.7, 
137, 148.5, 156.3, 176.1, 194.1, 200.5, 221, 238.2, 131, 61, 
55, 86, 29, 11, 32, 21, 10, 13, 13, 848, 1560, 1491, 1323, 1576, 
1567, 1710, 1611, 1117, 1580, 1508, 100, 100, 100, 100, 100, 
100, 100, 100, 100, 100, 100, 2500, 2500, 2500, 2500, 2500, 2500, 
2500, 2500, 2500, 2500, 2500, 26795.245, 32549.787, 41076.727, 
30887.172, 63144.765, 40226.86, 54630.259, 56914.156, 54810.053, 
68206.3790000001, 45282.897, 14.92411, 14.49408, 14.53558, 14.7745, 
14.06803, 10.59182, 13.07948, 8.39531, 14.88648, 8.43647, 13.64752, 
-6.47832, -6.30484, -5.99328, -6.67596, -6.10165, -4.82369, -5.69909, 
-3.49726, -5.01626, -3.22076, -5.32763, 0, 0, 0, 0, 0, 0, 0, 
0, 0, 0, 0, 0, 0, 0, 0, 0, 0, 0, 0, 0, 0, 0, 0.99069, 1, 1, 1, 
1, 1, 1, 1, 1, 1, 1, 0.97165, 1, 0.99231, 1, 1, 1, 1, 1, 1, 1, 
1, 0.8703, 1.1602, 1.501, 3.9019, 3.9713, 0.7227, 4.2468, 0.3781, 
3.1982, 0.4796, 7.4226, 101.2, 112.9, 121, 137.9, 145.4, 165.9, 
169.1, 195.7, 197, 225.9, 226.8, 372, 204, 278, 113, 32, 20, 
84, 9, 30, 43, 28, 3, 6, 10, 50, 29, 91, 88, 117, 116, 189, 165, 
100, 100, 100, 100, 100, 100, 100, 100, 100, 100, 100, 2500, 
2500, 2500, 2500, 2500, 2500, 2500, 2500, 2500, 2500, 2500, 7175.54, 
7542.243, 8038.349, 8452.87100000001, 8359.62599999999, 8845.48199999996, 
10311.0440000001, 11086.457, 13358.518, 16699.787, 17166.6140000001, 
1, 1, 1, 1, 1, 1, 1, 1, 1, 1, 1, 0.16667, 0.16667, 0.16667, 0.16667, 
0.16667, 0.16667, 0.16667, 0.16667, 0.16667, 0.16667, 0.16667, 
0, 0, 0, 0, 0, 0, 0, 0, 0, 0, 0, 0, 0, 0, 0, 0, 0, 0, 0, 0, 0, 
0, 0.66212, 0.65132, 0.64623, 0.64893, 0.6481, 0.65344, 0.66101, 
0.66491, 0.67603, 0.67157, 0.67135, 0.66212, 0.65132, 0.64253, 
0.64893, 0.6481, 0.65344, 0.66101, 0.66491, 0.67603, 0.67157, 
0.67135, 0.0216, 0.0245, 0.0288, 0.0293, 0.0339, 0.0356, 0.0409, 
0.0416, 0.0478, 0.053, 0.055, 137.7, 152, 168.2, 178.3, 193.1, 
205, 216.1, 226.2, 235.9, 249.4, 260.9, 1, 1, 1, 1, 1, 1, 1, 
1, 1, 1, 1, 1, 1, 1, 1, 1, 1, 1, 1, 1, 1, 1, 1, 1, 1, 1, 1, 1, 
1, 1, 1, 1, 1, 1, 1, 1, 1, 1, 1, 1, 1, 1, 1, 1, 2.65, 2.712, 
2.968, 2.848, 2.728, 2.752, 2.92, 2.779, 3.083, 3.262, 3.08), .Dim = c(11L, 
40L), .Dimnames = list(NULL, c("Sampling", "PSO.cost", "PSO.gamma", 
"PSO.data.balancing", "PSO.feature.selection", "PSO.valid.acc", 
"PSO.test.acc", "PSO.train.time", "PSO.n.support.vectors", "PSO.index", 
"PSO.n.solutions", "PSO.generations", "PSO.n.evaluations", "PSO.cpu.time", 
"RS.cost", "RS.gamma", "RS.data.balancing", "RS.feature.selection", 
"RS.valid.acc", "RS.test.acc", "RS.train.time", "RS.n.support.vectors", 
"RS.index", "RS.n.solutions", "RS.generations", "RS.n.evaluations", 
"RS.cpu.time", "DF.cost", "DF.gamma", "DF.data.balancing", "DF.feature.selection", 
"DF.valid.acc", "DF.test.acc", "DF.train.time", "DF.n.support.vectors", 
"DF.index", "DF.n.solutions", "DF.generations", "DF.n.evaluations", 
"DF.cpu.time")))
