full <-
structure(c(50, 55, 60, 65, 70, 75, 80, 85, 90, 95, 100, 15, 
15, 14.43296, 14.48477, 13.93309, 15, 15, 14.80563, 13.56404, 
14.87557, 12.56755, -5.97246, -5.80007, -6.36425, -5.88949, -6.57451, 
-6.2922, -6.74119, -6.70027, -5.46438, -3.65041, -4.85922, 0, 
0, 0, 0, 0, 0, 0, 0, 0, 0, 0, 0, 0, 0, 0, 0, 0, 0, 0, 0, 0, 0, 
0.98139, 1, 1, 1, 1, 1, 1, 1, 1, 1, 1, 0.9816, 0.99167, 0.99615, 
1, 1, 1, 1, 1, 1, 1, 1, 0.5117, 0.7359, 1.6695, 1.8825, 2.6094, 
5.3564, 9.7337, 14.1591, 5.5349, 0.743, 3.5656, 95.4, 108, 121.1, 
130.8, 148.6, 149, 154.2, 165.1, 192.1, 221.1, 224, 84, 308, 
144, 75, 41, 51, 83, 17, 4, 6, 3, 643, 1324, 1338, 1463, 1744, 
1924, 1461, 1523, 1736, 1383, 1724, 100, 100, 100, 100, 100, 
100, 100, 100, 100, 100, 100, 2500, 2500, 2500, 2500, 2500, 2500, 
2500, 2500, 2500, 2500, 2500, 18027.382, 22256.057, 37613.923, 
38639.903, 37085.823, 88084.133, 81682.504, 61084.943, 63000.368, 
97623.875, 131502.625, 14.44273, 14.61416, 14.90807, 13.27986, 
14.65525, 13.31277, 11.30995, 12.78473, 12.18254, 13.54998, 11.70341, 
-5.84913, -5.87671, -6.77491, -6.12207, -6.95059, -6.32897, -5.27316, 
-3.79262, -5.17699, -5.85081, -3.23397, 0, 0, 0, 0, 0, 0, 0, 
0, 0, 0, 0, 0, 0, 0, 0, 0, 0, 0, 0, 0, 0, 0, 0.97186, 1, 1, 1, 
1, 1, 1, 1, 1, 1, 1, 0.96255, 0.99167, 1, 1, 1, 0.99697, 1, 1, 
1, 1, 1, 0.44, 0.7036, 2.0365, 1.5983, 3.2975, 2.0565, 1.1097, 
0.5138, 3.7274, 9.4604, 0.562, 95.8, 107.9, 121.7, 139.2, 146.6, 
158.7, 168.2, 185.3, 194.2, 207.6, 233.4, 2392, 1433, 167, 21, 
29, 3, 16, 19, 42, 19, 52, 1, 3, 7, 33, 67, 39, 44, 119, 154, 
167, 168, 100, 100, 100, 100, 100, 100, 100, 100, 100, 100, 100, 
2500, 2500, 2500, 2500, 2500, 2500, 2500, 2500, 2500, 2500, 2500, 
6900.643, 7131.88, 7325.939, 7832.30900000001, 8193.774, 8757.28599999996, 
11627.86, 12920.979, 15774.469, 19005.537, 18932.343, 1, 1, 1, 
1, 1, 1, 1, 1, 1, 1, 1, 0.16667, 0.16667, 0.16667, 0.16667, 0.16667, 
0.16667, 0.16667, 0.16667, 0.16667, 0.16667, 0.16667, 0, 0, 0, 
0, 0, 0, 0, 0, 0, 0, 0, 0, 0, 0, 0, 0, 0, 0, 0, 0, 0, 0, 0.66219, 
0.6472, 0.64623, 0.64532, 0.65154, 0.65644, 0.66101, 0.67032, 
0.66079, 0.66423, 0.67135, 0.66219, 0.64286, 0.64623, 0.64532, 
0.65476, 0.65644, 0.66101, 0.67032, 0.66079, 0.66423, 0.67135, 
0.0205, 0.0231, 0.0268, 0.0288, 0.0305, 0.0356, 0.039, 0.0414, 
0.0519, 0.0519, 0.0609, 135.5, 151.5, 165.2, 180.6, 188.6, 202.8, 
215.1, 222.7, 239.4, 251.3, 259.4, 1, 1, 1, 1, 1, 1, 1, 1, 1, 
1, 1, 1, 1, 1, 1, 1, 1, 1, 1, 1, 1, 1, 1, 1, 1, 1, 1, 1, 1, 1, 
1, 1, 1, 1, 1, 1, 1, 1, 1, 1, 1, 1, 1, 1, 2.495, 2.562, 2.761, 
2.683, 2.524, 2.851, 3.502, 3.541, 4.117, 3.972, 4.37), .Dim = c(11L, 
40L), .Dimnames = list(NULL, c("Sampling", "PSO.cost", "PSO.gamma", 
"PSO.data.balancing", "PSO.feature.selection", "PSO.valid.acc", 
"PSO.test.acc", "PSO.train.time", "PSO.n.support.vectors", "PSO.index", 
"PSO.n.solutions", "PSO.generations", "PSO.n.evaluations", "PSO.cpu.time", 
"RS.cost", "RS.gamma", "RS.data.balancing", "RS.feature.selection", 
"RS.valid.acc", "RS.test.acc", "RS.train.time", "RS.n.support.vectors", 
"RS.index", "RS.n.solutions", "RS.generations", "RS.n.evaluations", 
"RS.cpu.time", "DF.cost", "DF.gamma", "DF.data.balancing", "DF.feature.selection", 
"DF.valid.acc", "DF.test.acc", "DF.train.time", "DF.n.support.vectors", 
"DF.index", "DF.n.solutions", "DF.generations", "DF.n.evaluations", 
"DF.cpu.time")))
