full <-
structure(c(50, 55, 60, 65, 70, 75, 80, 85, 90, 95, 100, 15, 
15, 14.91468, 14.70646, 13.14564, 10.93002, 11.61052, 14.67762, 
13.39513, 10.82324, 10.42382, -6.3796, -5.84125, -6.14471, -6.28561, 
-5.57333, -5.03463, -4.27985, -4.08839, -5.69881, -2.98866, -3.86543, 
0, 0, 0, 0, 0, 0, 0, 0, 0, 0, 0, 0, 0, 0, 0, 0, 0, 0, 0, 0, 0, 
0, 0.90779, 0.94493, 0.97336, 0.99286, 1, 1, 1, 1, 1, 1, 1, 0.90281, 
0.95379, 0.97336, 0.99286, 1, 0.99697, 1, 1, 1, 1, 1, 0.462, 
0.4473, 0.8579, 2.0068, 1.4036, 0.655, 0.6506, 0.6791, 5.9865, 
0.3713, 1.2297, 83.7, 95.8, 103, 121.3, 137.7, 159.2, 169.5, 
183.3, 190.3, 226.7, 231.5, 1313, 86, 76, 98, 18, 46, 39, 6, 
41, 11, 12, 17, 1584, 1290, 1331, 1370, 1326, 1660, 1740, 1768, 
1519, 1541, 100, 100, 100, 100, 100, 100, 100, 100, 100, 100, 
100, 2500, 2500, 2500, 2500, 2500, 2500, 2500, 2500, 2500, 2500, 
2500, 15741.503, 19108.71, 24544.617, 45686.362, 33643.441, 27857.467, 
46644.683, 76607.747, 152390.75, 78224.342, 35938.09, 14.24921, 
14.91157, 14.79524, 14.68372, 14.21664, 13.99593, 11.06614, 10.55319, 
12.76465, 11.99785, 12.33866, -5.61147, -6.00511, -6.06566, -6.04026, 
-4.90622, -4.55696, -4.33483, -4.96056, -3.72996, -5.1102, -5.54073, 
0, 0, 0, 0, 0, 0, 0, 0, 0, 0, 0, 0, 0, 0, 0, 0, 0, 0, 0, 0, 0, 
0, 0.89372, 0.94493, 0.97336, 0.99286, 1, 1, 1, 1, 1, 1, 1, 0.87554, 
0.95814, 0.97336, 0.99286, 1, 1, 1, 1, 1, 1, 1, 0.2359, 0.5496, 
0.7468, 1.717, 0.671, 0.6457, 0.6998, 0.9284, 0.5983, 4.7992, 
8.5609, 85.9, 95.8, 103.3, 122.2, 139.1, 153.9, 168.4, 183.2, 
199.5, 213.8, 223.9, 751, 579, 18, 109, 5, 35, 4, 29, 8, 6, 2, 
2, 5, 3, 10, 58, 65, 60, 118, 102, 163, 194, 100, 100, 100, 100, 
100, 100, 100, 100, 100, 100, 100, 2500, 2500, 2500, 2500, 2500, 
2500, 2500, 2500, 2500, 2500, 2500, 6929.32, 7164.179, 7244.31, 
7618.394, 7960.77600000001, 8765.22500000001, 9792.35699999999, 
12064.998, 12264.435, 15588.225, 21245.857, 1, 1, 1, 1, 1, 1, 
1, 1, 1, 1, 1, 0.16667, 0.16667, 0.16667, 0.16667, 0.16667, 0.16667, 
0.16667, 0.16667, 0.16667, 0.16667, 0.16667, 0, 0, 0, 0, 0, 0, 
0, 0, 0, 0, 0, 0, 0, 0, 0, 0, 0, 0, 0, 0, 0, 0, 0.68528, 0.68109, 
0.69622, 0.69517, 0.68101, 0.675, 0.67821, 0.67838, 0.67607, 
0.67157, 0.67135, 0.68052, 0.68509, 0.69622, 0.69517, 0.68101, 
0.675, 0.67821, 0.67838, 0.67607, 0.67157, 0.67135, 0.0211, 0.0221, 
0.026, 0.0277, 0.0307, 0.0354, 0.0387, 0.0438, 0.0461, 0.0523, 
0.0572, 125.8, 138.8, 150.5, 163.5, 180.5, 195.1, 204.6, 219, 
233.1, 248.3, 260.4, 1, 1, 1, 1, 1, 1, 1, 1, 1, 1, 1, 1, 1, 1, 
1, 1, 1, 1, 1, 1, 1, 1, 1, 1, 1, 1, 1, 1, 1, 1, 1, 1, 1, 1, 1, 
1, 1, 1, 1, 1, 1, 1, 1, 1, 2.749, 2.533, 2.654, 2.722, 2.62, 
2.804, 2.846, 3.03, 2.952, 3.142, 3.995), .Dim = c(11L, 40L), .Dimnames = list(
    NULL, c("Sampling", "PSO.cost", "PSO.gamma", "PSO.data.balancing", 
    "PSO.feature.selection", "PSO.valid.acc", "PSO.test.acc", 
    "PSO.train.time", "PSO.n.support.vectors", "PSO.index", "PSO.n.solutions", 
    "PSO.generations", "PSO.n.evaluations", "PSO.cpu.time", "RS.cost", 
    "RS.gamma", "RS.data.balancing", "RS.feature.selection", 
    "RS.valid.acc", "RS.test.acc", "RS.train.time", "RS.n.support.vectors", 
    "RS.index", "RS.n.solutions", "RS.generations", "RS.n.evaluations", 
    "RS.cpu.time", "DF.cost", "DF.gamma", "DF.data.balancing", 
    "DF.feature.selection", "DF.valid.acc", "DF.test.acc", "DF.train.time", 
    "DF.n.support.vectors", "DF.index", "DF.n.solutions", "DF.generations", 
    "DF.n.evaluations", "DF.cpu.time")))
