full <-
structure(c(50, 55, 60, 65, 70, 75, 80, 85, 90, 95, 100, 15, 
14.84974, 14.66553, 13.60509, 15, 12.1526, 13.19334, 14.77342, 
10.75495, 15, 8.78058, -6.52455, -6.63878, -6.57902, -6.04044, 
-5.366, -5.55886, -3.74944, -6.14105, -4.57694, -6.8816, -3.24656, 
0, 0, 0, 0, 0, 0, 0, 0, 0, 0, 0, 0, 0, 0, 0, 0, 0, 0, 0, 0, 0, 
0, 1, 1, 0.99231, 1, 1, 1, 1, 1, 1, 1, 1, 1, 0.99165, 0.98846, 
1, 1, 1, 0.9942, 1, 1, 1, 1, 1.0084, 1.1676, 1.6034, 1.5272, 
1.2488, 1.2379, 0.3663, 8.5837, 1.5572, 38.2619, 0.5569, 101.3, 
110.2, 118.6, 131.6, 141.2, 154.3, 171.3, 172.5, 195.5, 185.9, 
234.7, 179, 216, 15, 108, 39, 13, 22, 3, 4, 57, 48, 1317, 824, 
1533, 1446, 1505, 1680, 1765, 1810, 1489, 1557, 1464, 100, 100, 
100, 100, 100, 100, 100, 100, 100, 100, 100, 2500, 2500, 2500, 
2500, 2500, 2500, 2500, 2500, 2500, 2500, 2500, 25053.3, 32328.357, 
28005.449, 30484.408, 31127.93, 45591.471, 52288.837, 58133.838, 
81090.976, 121490.142, 95692.9280000001, 14.83172, 14.70151, 
13.53394, 13.2007, 11.18805, 12.29342, 14.14375, 12.32902, 13.29234, 
10.52214, 12.77824, -6.37507, -6.68059, -5.67014, -5.52947, -5.16437, 
-5.42768, -5.42364, -3.9377, -6.61491, -3.27494, -4.14288, 0, 
0, 0, 0, 0, 0, 0, 0, 0, 0, 0, 0, 0, 0, 0, 0, 0, 0, 0, 0, 0, 0, 
0.99524, 0.99183, 0.99231, 1, 1, 1, 1, 1, 1, 1, 1, 0.99545, 0.99165, 
0.98846, 0.99655, 0.99677, 1, 1, 1, 0.99737, 1, 1, 0.8819, 1.1073, 
0.6942, 1.0295, 0.4934, 1.5012, 2.3037, 0.5913, 3.4437, 0.5095, 
1.689, 101, 112.3, 117.1, 131.1, 149.4, 150.6, 159.7, 186.2, 
204.2, 225.9, 227.6, 1235, 53, 240, 47, 79, 1, 36, 3, 89, 15, 
51, 1, 1, 21, 35, 63, 71, 91, 127, 99, 161, 153, 100, 100, 100, 
100, 100, 100, 100, 100, 100, 100, 100, 2500, 2500, 2500, 2500, 
2500, 2500, 2500, 2500, 2500, 2500, 2500, 6679.215, 6629.179, 
7208.25999999999, 7740.698, 7831.31000000003, 8207.22700000001, 
9129.12200000003, 10884.435, 12931.317, 16296.759, 18417.2169999999, 
1, 1, 1, 1, 1, 1, 1, 1, 1, 1, 1, 0.16667, 0.16667, 0.16667, 0.16667, 
0.16667, 0.16667, 0.16667, 0.16667, 0.16667, 0.16667, 0.16667, 
0, 0, 0, 0, 0, 0, 0, 0, 0, 0, 0, 0, 0, 0, 0, 0, 0, 0, 0, 0, 0, 
0, 0.65764, 0.65137, 0.65385, 0.65965, 0.66129, 0.66875, 0.67246, 
0.67838, 0.67605, 0.6788, 0.67135, 0.65764, 0.65137, 0.65385, 
0.65965, 0.66129, 0.66875, 0.67246, 0.67838, 0.67605, 0.6788, 
0.67135, 0.0205, 0.0231, 0.0253, 0.0285, 0.0313, 0.0329, 0.037, 
0.0403, 0.045, 0.0511, 0.0533, 139.1, 152.2, 165.6, 176.2, 188.9, 
196.6, 208.7, 220.7, 233.9, 248.3, 259.2, 1, 1, 1, 1, 1, 1, 1, 
1, 1, 1, 1, 1, 1, 1, 1, 1, 1, 1, 1, 1, 1, 1, 1, 1, 1, 1, 1, 1, 
1, 1, 1, 1, 1, 1, 1, 1, 1, 1, 1, 1, 1, 1, 1, 1, 2.533, 2.436, 
2.492, 2.695, 2.668, 2.677, 2.812, 2.812, 2.983, 3.387, 3.292
), .Dim = c(11L, 40L), .Dimnames = list(NULL, c("Sampling", "PSO.cost", 
"PSO.gamma", "PSO.data.balancing", "PSO.feature.selection", "PSO.valid.acc", 
"PSO.test.acc", "PSO.train.time", "PSO.n.support.vectors", "PSO.index", 
"PSO.n.solutions", "PSO.generations", "PSO.n.evaluations", "PSO.cpu.time", 
"RS.cost", "RS.gamma", "RS.data.balancing", "RS.feature.selection", 
"RS.valid.acc", "RS.test.acc", "RS.train.time", "RS.n.support.vectors", 
"RS.index", "RS.n.solutions", "RS.generations", "RS.n.evaluations", 
"RS.cpu.time", "DF.cost", "DF.gamma", "DF.data.balancing", "DF.feature.selection", 
"DF.valid.acc", "DF.test.acc", "DF.train.time", "DF.n.support.vectors", 
"DF.index", "DF.n.solutions", "DF.generations", "DF.n.evaluations", 
"DF.cpu.time")))
