full <-
structure(c(50, 55, 60, 65, 70, 75, 80, 85, 90, 95, 100, 15, 
15, 15, 12.44212, 13.69263, 13.41717, 13.22505, 13.10578, 10.77767, 
12.98161, 14.39154, -6.20256, -6.67241, -6.59269, -5.39517, -5.47454, 
-4.95064, -5.98363, -3.64205, -3.86739, -3.32385, -6.00151, 0, 
0, 0, 0, 0, 0, 0, 0, 0, 0, 0, 0, 0, 0, 0, 0, 0, 0, 0, 0, 0, 0, 
0.98615, 0.99167, 1, 1, 1, 1, 1, 1, 1, 1, 1, 0.9816, 0.98696, 
1, 1, 1, 1, 1, 0.9973, 1, 1, 1, 0.7632, 1.5588, 2.4096, 0.9219, 
1.3624, 1.1719, 4.6098, 0.4616, 0.7253, 0.488, 12.1975, 101.3, 
112, 121.5, 132.4, 141.9, 158.2, 166.2, 193.8, 203.7, 223.2, 
224, 244, 170, 77, 22, 30, 26, 2, 8, 56, 3, 17, 988, 1284, 1607, 
1382, 1789, 1814, 1366, 1602, 1424, 1597, 1597, 100, 100, 100, 
100, 100, 100, 100, 100, 100, 100, 100, 2500, 2500, 2500, 2500, 
2500, 2500, 2500, 2500, 2500, 2500, 2500, 19116.264, 35386.171, 
40600.262, 30923.791, 42083.106, 66232.311, 42961.164, 40729.178, 
62998.998, 86444.8909999999, 123083.04, 14.9513, 14.30801, 13.76049, 
13.97629, 14.40793, 14.9031, 14.53963, 14.77069, 12.10915, 14.19447, 
10.63186, -6.15531, -6.23998, -5.76781, -5.5757, -6.91952, -5.32396, 
-4.42141, -4.36659, -5.59004, -4.32924, -3.83633, 0, 0, 0, 0, 
0, 0, 0, 0, 0, 0, 0, 0, 0, 0, 0, 0, 0, 0, 0, 0, 0, 0, 0.98615, 
0.99167, 1, 1, 1, 1, 1, 1, 1, 1, 1, 0.9816, 0.9913, 1, 1, 0.99667, 
1, 1, 1, 1, 1, 1, 0.7345, 1.0875, 0.9927, 1.2931, 2.1379, 2.0897, 
0.8639, 1.1835, 4.8532, 1.7313, 1.1139, 101.3, 112.4, 122.1, 
131.9, 149.8, 156.8, 173.9, 189.1, 199.1, 216.4, 229.3, 1232, 
6, 126, 144, 23, 9, 50, 5, 30, 26, 1, 2, 5, 26, 38, 53, 47, 98, 
102, 93, 194, 178, 100, 100, 100, 100, 100, 100, 100, 100, 100, 
100, 100, 2500, 2500, 2500, 2500, 2500, 2500, 2500, 2500, 2500, 
2500, 2500, 7260.7, 7449.27299999999, 7692.583, 7777.39600000001, 
8661.09700000001, 8859.63800000004, 10293.16, 11557.556, 12944.298, 
13854.149, 16448.0869999999, 1, 1, 1, 1, 1, 1, 1, 1, 1, 1, 1, 
0.16667, 0.16667, 0.16667, 0.16667, 0.16667, 0.16667, 0.16667, 
0.16667, 0.16667, 0.16667, 0.16667, 0, 0, 0, 0, 0, 0, 0, 0, 0, 
0, 0, 0, 0, 0, 0, 0, 0, 0, 0, 0, 0, 0, 0.69004, 0.6933, 0.69231, 
0.67734, 0.67434, 0.675, 0.67535, 0.67029, 0.67349, 0.67398, 
0.67135, 0.69004, 0.6933, 0.69231, 0.67734, 0.67434, 0.675, 0.67535, 
0.67029, 0.67349, 0.67398, 0.67135, 0.0218, 0.025, 0.026, 0.0286, 
0.0316, 0.035, 0.0389, 0.0431, 0.0496, 0.0513, 0.053, 130.1, 
143.1, 152.6, 171.8, 184.3, 197.3, 208.7, 224.3, 236.3, 248.8, 
260.6, 1, 1, 1, 1, 1, 1, 1, 1, 1, 1, 1, 1, 1, 1, 1, 1, 1, 1, 
1, 1, 1, 1, 1, 1, 1, 1, 1, 1, 1, 1, 1, 1, 1, 1, 1, 1, 1, 1, 1, 
1, 1, 1, 1, 1, 2.806, 2.79, 2.624, 2.645, 2.802, 2.712, 2.846, 
2.989, 3.138, 3.03, 2.873), .Dim = c(11L, 40L), .Dimnames = list(
    NULL, c("Sampling", "PSO.cost", "PSO.gamma", "PSO.data.balancing", 
    "PSO.feature.selection", "PSO.valid.acc", "PSO.test.acc", 
    "PSO.train.time", "PSO.n.support.vectors", "PSO.index", "PSO.n.solutions", 
    "PSO.generations", "PSO.n.evaluations", "PSO.cpu.time", "RS.cost", 
    "RS.gamma", "RS.data.balancing", "RS.feature.selection", 
    "RS.valid.acc", "RS.test.acc", "RS.train.time", "RS.n.support.vectors", 
    "RS.index", "RS.n.solutions", "RS.generations", "RS.n.evaluations", 
    "RS.cpu.time", "DF.cost", "DF.gamma", "DF.data.balancing", 
    "DF.feature.selection", "DF.valid.acc", "DF.test.acc", "DF.train.time", 
    "DF.n.support.vectors", "DF.index", "DF.n.solutions", "DF.generations", 
    "DF.n.evaluations", "DF.cpu.time")))
