full <-
structure(c(50, 55, 60, 65, 70, 75, 80, 85, 90, 95, 100, 15, 
15, 14.30709, 15, 12.13243, 14.28551, 15, 14.53813, 9.13279, 
11.93762, 12.21362, -6.33968, -6.63369, -5.74694, -6.24111, -4.60736, 
-5.10793, -5.50323, -6.59582, -3.07646, -4.18162, -4.39896, 0, 
0, 0, 0, 0, 0, 0, 0, 0, 0, 0, 0, 0, 0, 0, 0, 0, 0, 0, 0, 0, 0, 
0.99545, 0.99583, 0.996, 0.99298, 1, 1, 1, 1, 1, 1, 1, 0.99545, 
0.99583, 0.992, 0.98929, 0.99333, 1, 1, 1, 1, 1, 1, 0.6965, 1.4704, 
0.7945, 1.8264, 0.4571, 1.0697, 2.2803, 10.1547, 0.301, 1.4345, 
2.2679, 95.8, 109.1, 114.1, 123.5, 139.2, 145, 157.8, 168, 208.5, 
217.6, 230.3, 128, 138, 98, 204, 34, 7, 60, 5, 36, 3, 8, 1458, 
1288, 1460, 758, 1552, 1656, 1634, 1653, 1486, 1372, 1650, 100, 
100, 100, 100, 100, 100, 100, 100, 100, 100, 100, 2500, 2500, 
2500, 2500, 2500, 2500, 2500, 2500, 2500, 2500, 2500, 22474.65, 
33849.837, 31345.035, 50274.978, 31990.002, 47828.94, 42813.403, 
56857.74, 48180.399, 63875.171, 174940.428, 14.69839, 14.86746, 
14.06948, 14.86569, 14.0863, 14.14994, 12.5576, 13.2579, 10.91065, 
11.51162, 6.89664, -6.09346, -6.38233, -6.0765, -5.86641, -4.76401, 
-5.56435, -4.32528, -5.89765, -5.04578, -5.34686, -2.75038, 0, 
0, 0, 0, 0, 0, 0, 0, 0, 0, 0, 0, 0, 0, 0, 0, 0, 0, 0, 0, 0, 0, 
0.99091, 0.9875, 0.996, 0.98953, 1, 1, 1, 1, 1, 1, 1, 0.99545, 
0.99583, 0.992, 0.98929, 0.99667, 1, 1, 1, 1, 1, 1, 0.5935, 1.2082, 
0.9699, 1.2981, 0.5426, 1.6261, 0.5813, 5.0874, 2.2738, 4.372, 
0.3145, 96.7, 109.6, 114.6, 124.3, 138.6, 143.3, 161.4, 170.1, 
198.2, 215, 241.6, 1650, 781, 486, 98, 12, 22, 27, 17, 12, 4, 
16, 1, 4, 3, 8, 60, 62, 65, 125, 130, 155, 190, 100, 100, 100, 
100, 100, 100, 100, 100, 100, 100, 100, 2500, 2500, 2500, 2500, 
2500, 2500, 2500, 2500, 2500, 2500, 2500, 7375.618, 7564.274, 
7744.87700000001, 8142.334, 9004.02299999999, 9699.19500000001, 
11052.972, 11407.197, 13354.096, 14876.922, 23842.559, 1, 1, 
1, 1, 1, 1, 1, 1, 1, 1, 1, 0.16667, 0.16667, 0.16667, 0.16667, 
0.16667, 0.16667, 0.16667, 0.16667, 0.16667, 0.16667, 0.16667, 
0, 0, 0, 0, 0, 0, 0, 0, 0, 0, 0, 0, 0, 0, 0, 0, 0, 0, 0, 0, 0, 
0, 0.68052, 0.67246, 0.68472, 0.67389, 0.67097, 0.67803, 0.66961, 
0.66761, 0.66833, 0.67157, 0.67135, 0.68052, 0.67246, 0.68472, 
0.67389, 0.67097, 0.67803, 0.66961, 0.66761, 0.66833, 0.67157, 
0.67135, 0.0212, 0.0232, 0.026, 0.0285, 0.0313, 0.0365, 0.0408, 
0.0439, 0.0475, 0.0567, 0.0625, 130.9, 145.5, 154.7, 170.1, 182.1, 
193.7, 209.2, 223.7, 237.3, 249.7, 260, 1, 1, 1, 1, 1, 1, 1, 
1, 1, 1, 1, 1, 1, 1, 1, 1, 1, 1, 1, 1, 1, 1, 1, 1, 1, 1, 1, 1, 
1, 1, 1, 1, 1, 1, 1, 1, 1, 1, 1, 1, 1, 1, 1, 1, 2.777, 2.777, 
2.863, 2.79, 3.095, 3.327, 3.374, 3.556, 3.57, 3.696, 5.59), .Dim = c(11L, 
40L), .Dimnames = list(NULL, c("Sampling", "PSO.cost", "PSO.gamma", 
"PSO.data.balancing", "PSO.feature.selection", "PSO.valid.acc", 
"PSO.test.acc", "PSO.train.time", "PSO.n.support.vectors", "PSO.index", 
"PSO.n.solutions", "PSO.generations", "PSO.n.evaluations", "PSO.cpu.time", 
"RS.cost", "RS.gamma", "RS.data.balancing", "RS.feature.selection", 
"RS.valid.acc", "RS.test.acc", "RS.train.time", "RS.n.support.vectors", 
"RS.index", "RS.n.solutions", "RS.generations", "RS.n.evaluations", 
"RS.cpu.time", "DF.cost", "DF.gamma", "DF.data.balancing", "DF.feature.selection", 
"DF.valid.acc", "DF.test.acc", "DF.train.time", "DF.n.support.vectors", 
"DF.index", "DF.n.solutions", "DF.generations", "DF.n.evaluations", 
"DF.cpu.time")))
