full <-
structure(c(50, 55, 60, 65, 70, 75, 80, 85, 90, 95, 100, 15, 
15, 15, 15, 15, 14.90414, 10.79754, 14.9502, 14.33739, 11.95891, 
12.65183, -6.31838, -6.52812, -6.07199, -5.59774, -5.59833, -4.81916, 
-4.46901, -7.17379, -5.23356, -5.45311, -5.52721, 0, 0, 0, 0, 
0, 0, 0, 0, 0, 0, 0, 0, 0, 0, 0, 0, 0, 0, 0, 0, 0, 0, 0.96277, 
1, 1, 1, 1, 1, 1, 1, 1, 1, 1, 0.95779, 1, 0.99231, 1, 1, 1, 1, 
1, 1, 1, 1, 0.6093, 1.1907, 1.1558, 1.0817, 1.985, 0.9495, 0.7403, 
16.8221, 3.9441, 5.88, 8.6577, 90.4, 105.7, 115.2, 127.8, 142.2, 
154.2, 165.7, 173.9, 193.2, 212.9, 223.9, 767, 116, 114, 67, 
40, 12, 44, 3, 23, 24, 14, 1, 1184, 1557, 1616, 1383, 1453, 1681, 
1615, 1624, 1346, 1624, 100, 100, 100, 100, 100, 100, 100, 100, 
100, 100, 100, 2500, 2500, 2500, 2500, 2500, 2500, 2500, 2500, 
2500, 2500, 2500, 18291.908, 27402.674, 38625.243, 37812.471, 
36914.039, 49051.258, 48383.202, 80462.139, 82150.722, 46918.813, 
72020.346, 14.89947, 14.63664, 14.75112, 14.46252, 13.3029, 12.71034, 
12.60269, 14.38864, 13.56394, 10.48238, 11.1823, -6.2652, -6.42525, 
-6.14828, -6.69835, -4.53438, -5.9646, -4.09484, -6.35141, -4.38642, 
-3.36039, -4.68305, 0, 0, 0, 0, 0, 0, 0, 0, 0, 0, 0, 0, 0, 0, 
0, 0, 0, 0, 0, 0, 0, 0, 0.95346, 0.99583, 1, 1, 1, 1, 1, 1, 1, 
1, 1, 0.9487, 1, 0.99231, 1, 1, 1, 0.99714, 1, 1, 1, 1, 0.5793, 
0.9668, 1.202, 2.1789, 0.5373, 1.579, 0.5305, 9.3546, 1.4184, 
0.5171, 3.288, 89.7, 105.8, 114.7, 132.2, 146, 158.5, 168.2, 
167.2, 197.7, 221, 226, 1612, 689, 192, 84, 3, 29, 55, 16, 19, 
2, 7, 1, 1, 1, 28, 57, 67, 90, 121, 117, 146, 178, 100, 100, 
100, 100, 100, 100, 100, 100, 100, 100, 100, 2500, 2500, 2500, 
2500, 2500, 2500, 2500, 2500, 2500, 2500, 2500, 7324.122, 7716.153, 
8026.943, 8875.41700000002, 9380.83199999999, 9943.986, 10782.202, 
12905.508, 13584.631, 14822.022, 18043.177, 1, 1, 1, 1, 1, 1, 
1, 1, 1, 1, 1, 0.16667, 0.16667, 0.16667, 0.16667, 0.16667, 0.16667, 
0.16667, 0.16667, 0.16667, 0.16667, 0.16667, 0, 0, 0, 0, 0, 0, 
0, 0, 0, 0, 0, 0, 0, 0, 0, 0, 0, 0, 0, 0, 0, 0, 0.66667, 0.67246, 
0.67323, 0.67032, 0.67097, 0.67806, 0.68387, 0.673, 0.66833, 
0.674, 0.67135, 0.66667, 0.67246, 0.67323, 0.67032, 0.67097, 
0.67806, 0.68387, 0.673, 0.66833, 0.674, 0.67135, 0.0211, 0.0248, 
0.0278, 0.0304, 0.0332, 0.0366, 0.0409, 0.0444, 0.0478, 0.0525, 
0.0556, 136.1, 145.4, 158.2, 173, 185.6, 196.9, 206.4, 225.3, 
237, 248, 260.4, 1, 1, 1, 1, 1, 1, 1, 1, 1, 1, 1, 1, 1, 1, 1, 
1, 1, 1, 1, 1, 1, 1, 1, 1, 1, 1, 1, 1, 1, 1, 1, 1, 1, 1, 1, 1, 
1, 1, 1, 1, 1, 1, 1, 1, 2.814, 2.926, 3.011, 3.141, 3.116, 3.214, 
3.46, 3.47, 3.324, 3.576, 3.583), .Dim = c(11L, 40L), .Dimnames = list(
    NULL, c("Sampling", "PSO.cost", "PSO.gamma", "PSO.data.balancing", 
    "PSO.feature.selection", "PSO.valid.acc", "PSO.test.acc", 
    "PSO.train.time", "PSO.n.support.vectors", "PSO.index", "PSO.n.solutions", 
    "PSO.generations", "PSO.n.evaluations", "PSO.cpu.time", "RS.cost", 
    "RS.gamma", "RS.data.balancing", "RS.feature.selection", 
    "RS.valid.acc", "RS.test.acc", "RS.train.time", "RS.n.support.vectors", 
    "RS.index", "RS.n.solutions", "RS.generations", "RS.n.evaluations", 
    "RS.cpu.time", "DF.cost", "DF.gamma", "DF.data.balancing", 
    "DF.feature.selection", "DF.valid.acc", "DF.test.acc", "DF.train.time", 
    "DF.n.support.vectors", "DF.index", "DF.n.solutions", "DF.generations", 
    "DF.n.evaluations", "DF.cpu.time")))
