full <-
structure(c(50, 55, 60, 65, 70, 75, 80, 85, 90, 95, 100, 15, 
15, 15, 14.66114, 15, 11.23994, 13.12353, 9.79685, 13.40968, 
10.61758, 14.09925, -6.25801, -6.4646, -5.76007, -6.64707, -6.11221, 
-4.76205, -5.68115, -4.43865, -5.89043, -4.68196, -7.01879, 0, 
0, 0, 0, 0, 0, 0, 0, 0, 0, 0, 0, 0, 0, 0, 0, 0, 0, 0, 0, 0, 0, 
0.96732, 1, 0.98889, 1, 1, 1, 1, 1, 1, 1, 1, 0.95801, 0.99149, 
0.98846, 1, 1, 0.99697, 1, 1, 1, 1, 1, 0.5693, 1.0091, 0.7266, 
1.8432, 2.4767, 0.7305, 3.368, 0.6938, 7.8244, 2.4192, 12.9924, 
91.1, 101.8, 110, 125, 133, 150.2, 162.4, 185.1, 193.5, 212.3, 
221.8, 231, 180, 110, 107, 69, 21, 8, 8, 31, 38, 10, 688, 301, 
1504, 1279, 1473, 1658, 1517, 1614, 1128, 1516, 1799, 100, 100, 
100, 100, 100, 100, 100, 100, 100, 100, 100, 2500, 2500, 2500, 
2500, 2500, 2500, 2500, 2500, 2500, 2500, 2500, 18081.031, 25052.079, 
27333.497, 33887.276, 34741.659, 50304.013, 60776.337, 57054.375, 
83951.626, 49042.702, 97743.2910000001, 14.94375, 14.75161, 14.68419, 
14.59651, 14.73436, 14.71915, 11.30065, 14.1729, 12.59913, 14.42844, 
10.49425, -6.0495, -6.44683, -5.80502, -6.50485, -5.50631, -6.50565, 
-4.73435, -5.6339, -4.25594, -5.5109, -3.93969, 0, 0, 0, 0, 0, 
0, 0, 0, 0, 0, 0, 0, 0, 0, 0, 0, 0, 0, 0, 0, 0, 0, 0.96255, 0.99583, 
0.98889, 1, 1, 1, 1, 1, 1, 1, 1, 0.95346, 0.99149, 0.98846, 1, 
1, 1, 1, 1, 1, 1, 1, 0.4823, 0.981, 0.7721, 1.8023, 1.2237, 4.8745, 
1.1459, 4.4832, 1.1504, 6.255, 1.2188, 90.6, 103.8, 110.1, 122.1, 
133.1, 145.4, 166, 176.1, 199.5, 207.5, 230, 655, 35, 210, 85, 
202, 17, 38, 85, 3, 29, 25, 1, 1, 11, 15, 43, 71, 52, 87, 110, 
182, 165, 100, 100, 100, 100, 100, 100, 100, 100, 100, 100, 100, 
2500, 2500, 2500, 2500, 2500, 2500, 2500, 2500, 2500, 2500, 2500, 
6830.516, 7003.47700000001, 7219.519, 7592.18700000001, 7999.41500000001, 
8751.43599999999, 9278.32699999999, 10710.329, 12483.926, 14334.5, 
16067.469, 1, 1, 1, 1, 1, 1, 1, 1, 1, 1, 1, 0.16667, 0.16667, 
0.16667, 0.16667, 0.16667, 0.16667, 0.16667, 0.16667, 0.16667, 
0.16667, 0.16667, 0, 0, 0, 0, 0, 0, 0, 0, 0, 0, 0, 0, 0, 0, 0, 
0, 0, 0, 0, 0, 0, 0, 0.68528, 0.69343, 0.70013, 0.69522, 0.70065, 
0.69943, 0.68101, 0.67841, 0.67346, 0.6788, 0.67135, 0.68528, 
0.69343, 0.70013, 0.69522, 0.70065, 0.69943, 0.68101, 0.67841, 
0.67346, 0.6788, 0.67135, 0.0204, 0.0238, 0.0248, 0.0263, 0.0302, 
0.0338, 0.0378, 0.041, 0.046, 0.0502, 0.0574, 129.8, 138.5, 149.6, 
160.9, 172.7, 186.5, 205.4, 218.8, 233.8, 243.9, 259.7, 1, 1, 
1, 1, 1, 1, 1, 1, 1, 1, 1, 1, 1, 1, 1, 1, 1, 1, 1, 1, 1, 1, 1, 
1, 1, 1, 1, 1, 1, 1, 1, 1, 1, 1, 1, 1, 1, 1, 1, 1, 1, 1, 1, 1, 
2.533, 2.842, 2.621, 2.546, 2.68, 2.833, 2.884, 2.837, 2.979, 
3.125, 3.317), .Dim = c(11L, 40L), .Dimnames = list(NULL, c("Sampling", 
"PSO.cost", "PSO.gamma", "PSO.data.balancing", "PSO.feature.selection", 
"PSO.valid.acc", "PSO.test.acc", "PSO.train.time", "PSO.n.support.vectors", 
"PSO.index", "PSO.n.solutions", "PSO.generations", "PSO.n.evaluations", 
"PSO.cpu.time", "RS.cost", "RS.gamma", "RS.data.balancing", "RS.feature.selection", 
"RS.valid.acc", "RS.test.acc", "RS.train.time", "RS.n.support.vectors", 
"RS.index", "RS.n.solutions", "RS.generations", "RS.n.evaluations", 
"RS.cpu.time", "DF.cost", "DF.gamma", "DF.data.balancing", "DF.feature.selection", 
"DF.valid.acc", "DF.test.acc", "DF.train.time", "DF.n.support.vectors", 
"DF.index", "DF.n.solutions", "DF.generations", "DF.n.evaluations", 
"DF.cpu.time")))
