full <-
structure(c(50, 55, 60, 65, 70, 75, 80, 85, 90, 95, 100, 15, 
15, 15, 13.68583, 15, 14.58238, 10.89132, 15, 13.81835, 8.97895, 
12.91634, -6.83102, -6.39087, -6.481, -5.82911, -6.02639, -6.07203, 
-4.11382, -6.5625, -3.5933, -4.1033, -4.06402, 0, 0, 0, 0, 0, 
0, 0, 0, 0, 0, 0, 0, 0, 0, 0, 0, 0, 0, 0, 0, 0, 0, 0.93074, 0.99167, 
1, 1, 0.99677, 1, 1, 1, 1, 1, 1, 0.9039, 1, 1, 0.99643, 0.99667, 
1, 1, 1, 1, 1, 1, 0.6279, 1.0285, 2.04, 1.2339, 2.4394, 3.4215, 
0.5011, 11.5591, 0.4961, 1.08, 1.67, 91.3, 103.6, 118.5, 126.1, 
135.1, 143.8, 167.8, 169.3, 200.2, 222.2, 230.2, 179, 971, 78, 
39, 159, 25, 128, 55, 27, 2, 18, 159, 1, 1667, 1507, 947, 1499, 
1360, 1368, 1786, 1287, 1597, 100, 100, 100, 100, 100, 100, 100, 
100, 100, 100, 100, 2500, 2500, 2500, 2500, 2500, 2500, 2500, 
2500, 2500, 2500, 2500, 18965.094, 27327.449, 42119.977, 42963.095, 
54469.845, 77925.71, 40551.541, 54446.58, 76523.735, 49620.091, 
104729.675, 14.78952, 14.65517, 14.55157, 14.35671, 13.15205, 
14.78808, 11.52422, 13.75084, 12.64707, 12.12796, 7.52561, -6.23779, 
-6.37052, -6.11696, -6.30387, -5.78372, -6.76574, -4.79199, -5.12718, 
-4.30957, -2.81741, -3.06639, 0, 0, 0, 0, 0, 0, 0, 0, 0, 0, 0, 
0, 0, 0, 0, 0, 0, 0, 0, 0, 0, 0, 0.91732, 0.9875, 1, 1, 0.99355, 
1, 1, 1, 1, 1, 1, 0.91797, 0.99167, 0.99615, 0.99643, 0.98667, 
1, 1, 1, 1, 1, 1, 0.5708, 0.9364, 1.3793, 2.1532, 1.6435, 5.3504, 
1.1238, 2.293, 1.1895, 0.3, 0.4687, 90.3, 103.7, 118.9, 125.6, 
136.9, 148.1, 163.6, 174.3, 195.4, 227.7, 238.6, 1053, 1162, 
964, 332, 38, 20, 100, 8, 4, 16, 11, 2, 1, 2, 10, 30, 19, 60, 
79, 105, 186, 164, 100, 100, 100, 100, 100, 100, 100, 100, 100, 
100, 100, 2500, 2500, 2500, 2500, 2500, 2500, 2500, 2500, 2500, 
2500, 2500, 7481.092, 7525.987, 7592.701, 8017.723, 8348.58900000001, 
9062.54000000004, 10044.394, 11046.012, 14474.945, 16590.226, 
20646.179, 1, 1, 1, 1, 1, 1, 1, 1, 1, 1, 1, 0.16667, 0.16667, 
0.16667, 0.16667, 0.16667, 0.16667, 0.16667, 0.16667, 0.16667, 
0.16667, 0.16667, 0, 0, 0, 0, 0, 0, 0, 0, 0, 0, 0, 0, 0, 0, 0, 
0, 0, 0, 0, 0, 0, 0, 0.67576, 0.67663, 0.68472, 0.67032, 0.66774, 
0.67803, 0.66678, 0.67029, 0.67866, 0.67154, 0.67135, 0.67576, 
0.67663, 0.68472, 0.67032, 0.66774, 0.67803, 0.66678, 0.67029, 
0.67866, 0.67154, 0.67135, 0.0211, 0.0226, 0.0259, 0.0289, 0.0316, 
0.0343, 0.0396, 0.0428, 0.0457, 0.0514, 0.0593, 128.5, 141.8, 
154, 170.4, 183.3, 193, 210.6, 222, 231.7, 249.1, 261.7, 1, 1, 
1, 1, 1, 1, 1, 1, 1, 1, 1, 1, 1, 1, 1, 1, 1, 1, 1, 1, 1, 1, 1, 
1, 1, 1, 1, 1, 1, 1, 1, 1, 1, 1, 1, 1, 1, 1, 1, 1, 1, 1, 1, 1, 
2.812, 2.777, 2.744, 2.78, 2.744, 2.81, 3.037, 3.003, 3.657, 
3.884, 4.198), .Dim = c(11L, 40L), .Dimnames = list(NULL, c("Sampling", 
"PSO.cost", "PSO.gamma", "PSO.data.balancing", "PSO.feature.selection", 
"PSO.valid.acc", "PSO.test.acc", "PSO.train.time", "PSO.n.support.vectors", 
"PSO.index", "PSO.n.solutions", "PSO.generations", "PSO.n.evaluations", 
"PSO.cpu.time", "RS.cost", "RS.gamma", "RS.data.balancing", "RS.feature.selection", 
"RS.valid.acc", "RS.test.acc", "RS.train.time", "RS.n.support.vectors", 
"RS.index", "RS.n.solutions", "RS.generations", "RS.n.evaluations", 
"RS.cpu.time", "DF.cost", "DF.gamma", "DF.data.balancing", "DF.feature.selection", 
"DF.valid.acc", "DF.test.acc", "DF.train.time", "DF.n.support.vectors", 
"DF.index", "DF.n.solutions", "DF.generations", "DF.n.evaluations", 
"DF.cpu.time")))
