full <-
structure(c(50, 55, 60, 65, 70, 75, 80, 85, 90, 95, 100, 15, 
15, 15, 14.99909, 13.88796, 12.56781, 10.14484, 12.21678, 9.12881, 
13.89294, 13.34042, -6.34795, -6.43036, -6.60071, -6.51797, -5.23322, 
-5.8992, -4.16454, -4.78249, -3.46921, -5.08413, -3.48016, 0, 
0, 0, 0, 0, 0, 0, 0, 0, 0, 0, 0, 0, 0, 0, 0, 0, 0, 0, 0, 0, 0, 
0.96275, 0.99565, 1, 1, 1, 1, 1, 1, 1, 1, 1, 0.95344, 0.99149, 
0.99615, 1, 1, 1, 1, 1, 1, 1, 1, 0.8062, 1.1612, 1.804, 2.9151, 
1.0834, 1.5505, 0.5683, 1.4724, 0.4497, 4.3839, 0.724, 97, 106.7, 
113.3, 126.4, 141.6, 160.2, 171.7, 177.7, 206.3, 209.1, 232.3, 
187, 227, 148, 180, 6, 107, 35, 10, 6, 14, 2, 1107, 638, 527, 
1272, 1641, 1381, 1383, 1970, 1524, 1680, 1752, 100, 100, 100, 
100, 100, 100, 100, 100, 100, 100, 100, 2500, 2500, 2500, 2500, 
2500, 2500, 2500, 2500, 2500, 2500, 2500, 22136.666, 30598.638, 
36437.616, 56653.844, 48228.502, 79441.585, 36910.283, 51844.02, 
85278.406, 72261.358, 100327.74, 14.42116, 14.83072, 14.25083, 
14.5441, 14.31437, 13.17391, 11.96756, 10.35992, 12.83955, 11.7235, 
10.03807, -5.92868, -6.06769, -6.0402, -6.24511, -6.43878, -6.44219, 
-4.06684, -3.33065, -5.02942, -3.47261, -3.18069, 0, 0, 0, 0, 
0, 0, 0, 0, 0, 0, 0, 0, 0, 0, 0, 0, 0, 0, 0, 0, 0, 0, 0.95344, 
0.98332, 0.99615, 1, 1, 1, 1, 1, 1, 1, 1, 0.9344, 0.98332, 0.99615, 
1, 1, 0.99384, 1, 0.99459, 1, 1, 1, 0.4589, 0.7873, 1.0045, 2.0574, 
3.1053, 1.1531, 0.538, 0.2788, 3.1432, 0.605, 0.5289, 97.5, 105.2, 
113.7, 125.6, 141.1, 164.3, 172, 188.3, 193.7, 221.9, 235.4, 
371, 384, 112, 324, 25, 14, 1, 13, 26, 1, 3, 2, 2, 5, 2, 38, 
32, 109, 119, 140, 178, 198, 100, 100, 100, 100, 100, 100, 100, 
100, 100, 100, 100, 2500, 2500, 2500, 2500, 2500, 2500, 2500, 
2500, 2500, 2500, 2500, 7114.714, 7211.892, 7343.70700000001, 
7579.64600000001, 8139.28599999999, 8983.53200000001, 10083.399, 
10349.544, 12851.563, 15077.3100000001, 18193.382, 1, 1, 1, 1, 
1, 1, 1, 1, 1, 1, 1, 0.16667, 0.16667, 0.16667, 0.16667, 0.16667, 
0.16667, 0.16667, 0.16667, 0.16667, 0.16667, 0.16667, 0, 0, 0, 
0, 0, 0, 0, 0, 0, 0, 0, 0, 0, 0, 0, 0, 0, 0, 0, 0, 0, 0, 0.66219, 
0.65554, 0.66554, 0.66679, 0.66455, 0.65947, 0.66101, 0.65951, 
0.66333, 0.66667, 0.67135, 0.66219, 0.65554, 0.66554, 0.66679, 
0.66455, 0.65947, 0.66101, 0.65951, 0.66333, 0.66667, 0.67135, 
0.0221, 0.0232, 0.0266, 0.0274, 0.0319, 0.035, 0.0401, 0.0428, 
0.0485, 0.0508, 0.0577, 137.1, 149.9, 161.4, 172.4, 186.1, 199.5, 
214, 225.8, 240.1, 251.1, 261.8, 1, 1, 1, 1, 1, 1, 1, 1, 1, 1, 
1, 1, 1, 1, 1, 1, 1, 1, 1, 1, 1, 1, 1, 1, 1, 1, 1, 1, 1, 1, 1, 
1, 1, 1, 1, 1, 1, 1, 1, 1, 1, 1, 1, 1, 2.727, 2.563, 2.705, 2.523, 
2.645, 2.682, 2.972, 3, 2.953, 2.945, 3.255), .Dim = c(11L, 40L
), .Dimnames = list(NULL, c("Sampling", "PSO.cost", "PSO.gamma", 
"PSO.data.balancing", "PSO.feature.selection", "PSO.valid.acc", 
"PSO.test.acc", "PSO.train.time", "PSO.n.support.vectors", "PSO.index", 
"PSO.n.solutions", "PSO.generations", "PSO.n.evaluations", "PSO.cpu.time", 
"RS.cost", "RS.gamma", "RS.data.balancing", "RS.feature.selection", 
"RS.valid.acc", "RS.test.acc", "RS.train.time", "RS.n.support.vectors", 
"RS.index", "RS.n.solutions", "RS.generations", "RS.n.evaluations", 
"RS.cpu.time", "DF.cost", "DF.gamma", "DF.data.balancing", "DF.feature.selection", 
"DF.valid.acc", "DF.test.acc", "DF.train.time", "DF.n.support.vectors", 
"DF.index", "DF.n.solutions", "DF.generations", "DF.n.evaluations", 
"DF.cpu.time")))
