full <-
structure(c(50, 55, 60, 65, 70, 75, 80, 85, 90, 95, 100, 15, 
15, 15, 12.33159, 11.02803, 11.92754, 10.3956, 9.87874, 8.04282, 
14.46939, 9.74551, -6.33833, -6.77472, -6.80253, -5.34701, -4.16936, 
-5.32905, -4.41846, -4.733, -3.30308, -4.7796, -4.26508, 0, 0, 
0, 0, 0, 0, 0, 0, 0, 0, 0, 0, 0, 0, 0, 0, 0, 0, 0, 0, 0, 0, 0.98636, 
1, 1, 1, 1, 1, 1, 1, 1, 1, 1, 0.98615, 1, 1, 0.99643, 0.99355, 
1, 1, 1, 1, 1, 1, 0.8018, 1.4092, 2.2121, 0.9188, 0.4216, 1.6768, 
0.884, 0.6988, 0.362, 2.9376, 1.8721, 97.4, 112.3, 119.4, 136.6, 
153.5, 158.6, 176.5, 197.1, 208.3, 209.6, 233.1, 26, 43, 138, 
91, 15, 71, 17, 9, 2, 7, 10, 1264, 1228, 1484, 1414, 1307, 1452, 
1479, 1436, 1330, 1683, 1498, 100, 100, 100, 100, 100, 100, 100, 
100, 100, 100, 100, 2500, 2500, 2500, 2500, 2500, 2500, 2500, 
2500, 2500, 2500, 2500, 21569.118, 29779.202, 46906.837, 34558.104, 
30101.535, 55982.608, 74925.079, 39146.975, 67820.8920000001, 
138124.255, 122430.516, 14.34523, 14.90361, 14.98096, 14.18242, 
10.81203, 10.41214, 11.20967, 11.9411, 10.95215, 13.67177, 13.23919, 
-5.88204, -6.24862, -6.61749, -5.70237, -4.52688, -4.69783, -3.8426, 
-4.0735, -4.30245, -4.61283, -3.47407, 0, 0, 0, 0, 0, 0, 0, 0, 
0, 0, 0, 0, 0, 0, 0, 0, 0, 0, 0, 0, 0, 0, 0.97706, 1, 1, 1, 1, 
1, 1, 1, 1, 1, 1, 0.97273, 1, 1, 1, 1, 1, 1, 1, 1, 1, 1, 0.5371, 
1.1715, 2.0933, 1.5367, 0.5893, 0.5913, 0.4742, 0.8931, 1.287, 
2.3259, 0.7672, 98.9, 109.6, 120.3, 135.3, 152.9, 163.7, 179.5, 
191.5, 200.4, 212, 237.6, 964, 1067, 592, 44, 35, 25, 6, 2, 20, 
23, 9, 1, 2, 1, 55, 90, 63, 103, 114, 173, 172, 197, 100, 100, 
100, 100, 100, 100, 100, 100, 100, 100, 100, 2500, 2500, 2500, 
2500, 2500, 2500, 2500, 2500, 2500, 2500, 2500, 6914.908, 7489.745, 
9806.52399999999, 9610.908, 10410.046, 11022.48, 12709.802, 13992.552, 
16508.397, 17489.6290000001, 19702.4790000001, 1, 1, 1, 1, 1, 
1, 1, 1, 1, 1, 1, 0.16667, 0.16667, 0.16667, 0.16667, 0.16667, 
0.16667, 0.16667, 0.16667, 0.16667, 0.16667, 0.16667, 0, 0, 0, 
0, 0, 0, 0, 0, 0, 0, 0, 0, 0, 0, 0, 0, 0, 0, 0, 0, 0, 0, 0.69481, 
0.68503, 0.67697, 0.66322, 0.66452, 0.67188, 0.67818, 0.68111, 
0.67866, 0.67157, 0.67135, 0.69481, 0.68503, 0.67697, 0.66322, 
0.66452, 0.67188, 0.67818, 0.68111, 0.67866, 0.67157, 0.67135, 
0.0202, 0.0222, 0.027, 0.0293, 0.0325, 0.0361, 0.0419, 0.0436, 
0.05, 0.0524, 0.0573, 130.1, 142.5, 158.6, 174.6, 188.1, 197.7, 
209.2, 219.6, 233.6, 248, 261.2, 1, 1, 1, 1, 1, 1, 1, 1, 1, 1, 
1, 1, 1, 1, 1, 1, 1, 1, 1, 1, 1, 1, 1, 1, 1, 1, 1, 1, 1, 1, 1, 
1, 1, 1, 1, 1, 1, 1, 1, 1, 1, 1, 1, 1, 2.616, 2.75, 3.369, 3.346, 
3.533, 3.521, 3.723, 3.914, 3.915, 4.358, 4.325), .Dim = c(11L, 
40L), .Dimnames = list(NULL, c("Sampling", "PSO.cost", "PSO.gamma", 
"PSO.data.balancing", "PSO.feature.selection", "PSO.valid.acc", 
"PSO.test.acc", "PSO.train.time", "PSO.n.support.vectors", "PSO.index", 
"PSO.n.solutions", "PSO.generations", "PSO.n.evaluations", "PSO.cpu.time", 
"RS.cost", "RS.gamma", "RS.data.balancing", "RS.feature.selection", 
"RS.valid.acc", "RS.test.acc", "RS.train.time", "RS.n.support.vectors", 
"RS.index", "RS.n.solutions", "RS.generations", "RS.n.evaluations", 
"RS.cpu.time", "DF.cost", "DF.gamma", "DF.data.balancing", "DF.feature.selection", 
"DF.valid.acc", "DF.test.acc", "DF.train.time", "DF.n.support.vectors", 
"DF.index", "DF.n.solutions", "DF.generations", "DF.n.evaluations", 
"DF.cpu.time")))
