full <-
structure(c(50, 55, 60, 65, 70, 75, 80, 85, 90, 95, 100, 15, 
14.99088, 15, 12.2996, 12.27154, 15, 14.64056, 10.17007, 13.58815, 
10.37875, 12.25766, -6.38245, -6.43403, -6.53772, -5.02315, -5.69326, 
-5.88845, -5.13537, -3.51566, -5.8445, -4.79958, -5.48928, 0, 
0, 0, 0, 0, 0, 0, 0, 0, 0, 0, 0, 0, 0, 0, 0, 0, 0, 0, 0, 0, 0, 
0.97684, 1, 1, 1, 1, 1, 1, 1, 1, 1, 1, 0.98593, 1, 1, 1, 1, 1, 
1, 1, 1, 1, 1, 0.8063, 1.1562, 1.7098, 0.4961, 1.0489, 4.0762, 
2.3985, 0.4009, 7.8933, 2.4368, 7.2105, 98.7, 105.8, 116.9, 128.3, 
149.7, 155.9, 174.8, 194.4, 207.2, 220.4, 223.5, 1490, 116, 283, 
116, 41, 41, 4, 3, 25, 22, 4, 15, 1542, 1015, 1382, 1419, 1880, 
1542, 1420, 1647, 1750, 1683, 100, 100, 100, 100, 100, 100, 100, 
100, 100, 100, 100, 2500, 2500, 2500, 2500, 2500, 2500, 2500, 
2500, 2500, 2500, 2500, 22301.791, 30662.465, 40552.305, 29368.062, 
26359.202, 97594.719, 69391.795, 27425.622, 55894.021, 113310.793, 
84110.534, 14.97824, 14.91289, 14.70393, 12.99044, 12.74174, 
14.86713, 12.41212, 10.53442, 11.86604, 8.87715, 12.80357, -6.37653, 
-6.28895, -6.44446, -5.07603, -4.72388, -6.81138, -5.18792, -4.27098, 
-5.12814, -3.57192, -3.83837, 0, 0, 0, 0, 0, 0, 0, 0, 0, 0, 0, 
0, 0, 0, 0, 0, 0, 0, 0, 0, 0, 0, 0.96753, 0.99583, 0.99615, 1, 
1, 1, 1, 1, 1, 1, 1, 0.97684, 0.99583, 0.9963, 1, 1, 1, 1, 1, 
1, 1, 1, 0.7848, 1.0328, 1.5851, 0.5925, 0.6839, 9.0484, 2.5861, 
1.0145, 3.5894, 0.7078, 1.1304, 98.3, 105.6, 116.4, 129.5, 146.3, 
155.6, 174.7, 188, 200.1, 221.9, 229.7, 989, 1320, 2336, 23, 
6, 56, 38, 3, 14, 12, 2, 1, 1, 2, 39, 57, 36, 115, 158, 158, 
155, 210, 100, 100, 100, 100, 100, 100, 100, 100, 100, 100, 100, 
2500, 2500, 2500, 2500, 2500, 2500, 2500, 2500, 2500, 2500, 2500, 
6828.541, 6953.87, 7059.765, 7048.78, 7910.655, 8926.848, 10326.618, 
12509.553, 12529.542, 16470.273, 17520.0889999999, 1, 1, 1, 1, 
1, 1, 1, 1, 1, 1, 1, 0.16667, 0.16667, 0.16667, 0.16667, 0.16667, 
0.16667, 0.16667, 0.16667, 0.16667, 0.16667, 0.16667, 0, 0, 0, 
0, 0, 0, 0, 0, 0, 0, 0, 0, 0, 0, 0, 0, 0, 0, 0, 0, 0, 0, 0.65758, 
0.65965, 0.66164, 0.66322, 0.66455, 0.65947, 0.66389, 0.66489, 
0.66333, 0.67154, 0.67135, 0.65303, 0.65965, 0.66164, 0.66322, 
0.66455, 0.65947, 0.66389, 0.66489, 0.66333, 0.67154, 0.67135, 
0.0209, 0.0219, 0.0247, 0.0272, 0.0302, 0.0337, 0.0386, 0.0423, 
0.0467, 0.0511, 0.0534, 136.4, 147.6, 161.7, 174, 188, 204.2, 
215.8, 227.8, 239.6, 250.8, 259.6, 1, 1, 1, 1, 1, 1, 1, 1, 1, 
1, 1, 1, 1, 1, 1, 1, 1, 1, 1, 1, 1, 1, 1, 1, 1, 1, 1, 1, 1, 1, 
1, 1, 1, 1, 1, 1, 1, 1, 1, 1, 1, 1, 1, 1, 2.622, 2.713, 2.66, 
2.426, 2.518, 2.674, 2.833, 3.261, 2.981, 3.213, 3.426), .Dim = c(11L, 
40L), .Dimnames = list(NULL, c("Sampling", "PSO.cost", "PSO.gamma", 
"PSO.data.balancing", "PSO.feature.selection", "PSO.valid.acc", 
"PSO.test.acc", "PSO.train.time", "PSO.n.support.vectors", "PSO.index", 
"PSO.n.solutions", "PSO.generations", "PSO.n.evaluations", "PSO.cpu.time", 
"RS.cost", "RS.gamma", "RS.data.balancing", "RS.feature.selection", 
"RS.valid.acc", "RS.test.acc", "RS.train.time", "RS.n.support.vectors", 
"RS.index", "RS.n.solutions", "RS.generations", "RS.n.evaluations", 
"RS.cpu.time", "DF.cost", "DF.gamma", "DF.data.balancing", "DF.feature.selection", 
"DF.valid.acc", "DF.test.acc", "DF.train.time", "DF.n.support.vectors", 
"DF.index", "DF.n.solutions", "DF.generations", "DF.n.evaluations", 
"DF.cpu.time")))
