full <-
structure(c(50, 55, 60, 65, 70, 75, 80, 85, 90, 95, 100, 15, 
15, 15, 15, 14.13412, 13.9275, 12.14439, 13.68284, 8.2947, 14.79097, 
8.93869, -6.45263, -6.35609, -5.55991, -6.10441, -5.6419, -5.72059, 
-4.48668, -4.63569, -3.37854, -6.68015, -3.83735, 0, 0, 0, 0, 
0, 0, 0, 0, 0, 0, 0, 0, 0, 0, 0, 0, 0, 0, 0, 0, 0, 0, 0.97229, 
1, 1, 1, 1, 1, 1, 1, 1, 1, 1, 0.98571, 1, 0.99615, 1, 1, 1, 1, 
1, 1, 1, 1, 1.0216, 1.3767, 0.8157, 2.1504, 1.6568, 3.0371, 0.9564, 
1.6164, 0.4317, 24.8647, 1.1398, 102.5, 113.6, 121.7, 131.3, 
138.8, 152.8, 172.7, 186.8, 208.4, 189.2, 235.9, 289, 241, 38, 
40, 63, 58, 19, 14, 5, 10, 18, 183, 1419, 1235, 1566, 1568, 1532, 
1804, 1618, 1465, 1463, 1651, 100, 100, 100, 100, 100, 100, 100, 
100, 100, 100, 100, 2500, 2500, 2500, 2500, 2500, 2500, 2500, 
2500, 2500, 2500, 2500, 28901.821, 26039.869, 29848.794, 46527.819, 
57939.246, 54461.494, 75362.462, 66303.776, 62390.114, 79689.9330000001, 
55733.607, 14.92361, 14.93004, 13.00001, 14.26911, 14.67046, 
13.01253, 14.47646, 10.99123, 12.89977, 12.58073, 13.07976, -6.32138, 
-6.89929, -5.72985, -5.16837, -5.28935, -5.55321, -4.24533, -4.53793, 
-4.39859, -6.02282, -3.75018, 0, 0, 0, 0, 0, 0, 0, 0, 0, 0, 0, 
0, 0, 0, 0, 0, 0, 0, 0, 0, 0, 0, 0.96753, 1, 1, 1, 1, 1, 1, 1, 
1, 1, 1, 0.98571, 1, 0.99615, 1, 1, 1, 1, 1, 1, 1, 1, 0.9803, 
1.2627, 0.7026, 0.7916, 1.1277, 2.3286, 0.7428, 1.4456, 1.4551, 
8.1137, 1.0753, 102.4, 114.4, 124.4, 132.7, 140.3, 154.3, 175.2, 
187.8, 197.5, 211.8, 234.8, 2321, 12, 119, 190, 87, 21, 22, 11, 
18, 28, 1, 1, 16, 20, 30, 26, 45, 64, 109, 172, 145, 180, 100, 
100, 100, 100, 100, 100, 100, 100, 100, 100, 100, 2500, 2500, 
2500, 2500, 2500, 2500, 2500, 2500, 2500, 2500, 2500, 9199.831, 
9265.236, 10121.766, 9799.52299999999, 9919.06499999997, 11036.33, 
12186.78, 14181.825, 15566.9449999999, 17976.36, 21453.398, 1, 
1, 1, 1, 1, 1, 1, 1, 1, 1, 1, 0.16667, 0.16667, 0.16667, 0.16667, 
0.16667, 0.16667, 0.16667, 0.16667, 0.16667, 0.16667, 0.16667, 
0, 0, 0, 0, 0, 0, 0, 0, 0, 0, 0, 0, 0, 0, 0, 0, 0, 0, 0, 0, 0, 
0, 0.6158, 0.61341, 0.61542, 0.63842, 0.63796, 0.63807, 0.64658, 
0.65138, 0.66333, 0.66667, 0.67135, 0.62035, 0.60091, 0.61542, 
0.63842, 0.63473, 0.63807, 0.64658, 0.65138, 0.66333, 0.66667, 
0.67135, 0.0228, 0.0262, 0.0298, 0.0298, 0.0327, 0.0397, 0.0433, 
0.0443, 0.0484, 0.0568, 0.0581, 146, 157.7, 171.7, 181.5, 193.8, 
208.2, 220.5, 232.2, 239.7, 251.9, 260.5, 1, 1, 1, 1, 1, 1, 1, 
1, 1, 1, 1, 1, 1, 1, 1, 1, 1, 1, 1, 1, 1, 1, 1, 1, 1, 1, 1, 1, 
1, 1, 1, 1, 1, 1, 1, 1, 1, 1, 1, 1, 1, 1, 1, 1, 3.463, 3.666, 
3.78, 3.431, 3.377, 3.904, 3.935, 3.78, 3.883, 4.459, 4.667), .Dim = c(11L, 
40L), .Dimnames = list(NULL, c("Sampling", "PSO.cost", "PSO.gamma", 
"PSO.data.balancing", "PSO.feature.selection", "PSO.valid.acc", 
"PSO.test.acc", "PSO.train.time", "PSO.n.support.vectors", "PSO.index", 
"PSO.n.solutions", "PSO.generations", "PSO.n.evaluations", "PSO.cpu.time", 
"RS.cost", "RS.gamma", "RS.data.balancing", "RS.feature.selection", 
"RS.valid.acc", "RS.test.acc", "RS.train.time", "RS.n.support.vectors", 
"RS.index", "RS.n.solutions", "RS.generations", "RS.n.evaluations", 
"RS.cpu.time", "DF.cost", "DF.gamma", "DF.data.balancing", "DF.feature.selection", 
"DF.valid.acc", "DF.test.acc", "DF.train.time", "DF.n.support.vectors", 
"DF.index", "DF.n.solutions", "DF.generations", "DF.n.evaluations", 
"DF.cpu.time")))
