full <-
structure(c(50, 55, 60, 65, 70, 75, 80, 85, 90, 95, 100, 14.99539, 
14.62738, 15, 12.90387, 15, 14.75178, 11.56305, 12.12346, 11.15081, 
12.16745, 14.87988, -6.45447, -6.17089, -6.27865, -5.66828, -7.11443, 
-5.76108, -4.13951, -3.87542, -4.8247, -5.5651, -3.52804, 0, 
0, 0, 0, 0, 0, 0, 0, 0, 0, 0, 0, 0, 0, 0, 0, 0, 0, 0, 0, 0, 0, 
0.93983, 0.97917, 1, 1, 1, 1, 1, 1, 1, 1, 1, 0.92619, 0.98333, 
0.9963, 1, 1, 1, 0.99714, 1, 1, 1, 1, 0.6156, 0.8273, 1.4011, 
1.0325, 3.5504, 2.605, 0.5591, 0.6221, 2.1504, 6.218, 0.8138, 
88.8, 103.7, 113.8, 132.4, 144.9, 150, 169.2, 189.6, 195.5, 209.7, 
233.6, 1140, 64, 147, 7, 151, 7, 33, 6, 18, 16, 15, 1, 1519, 
1415, 1697, 1314, 1605, 1860, 1468, 1751, 1617, 1548, 100, 100, 
100, 100, 100, 100, 100, 100, 100, 100, 100, 2500, 2500, 2500, 
2500, 2500, 2500, 2500, 2500, 2500, 2500, 2500, 17070.647, 26255.321, 
38407.253, 37838.833, 53959.302, 39222.65, 67018.902, 66097.172, 
42449.815, 56960.324, 67909.769, 14.65568, 14.85534, 14.40056, 
13.92495, 12.90045, 14.01464, 13.14823, 9.02018, 12.00941, 12.9773, 
8.84443, -5.99405, -6.67247, -6.54589, -6.53294, -5.71706, -5.22157, 
-6.15546, -3.75395, -3.72595, -4.61064, -2.93269, 0, 0, 0, 0, 
0, 0, 0, 0, 0, 0, 0, 0, 0, 0, 0, 0, 0, 0, 0, 0, 0, 0, 0.92597, 
0.97917, 1, 1, 1, 1, 1, 1, 1, 1, 1, 0.91234, 0.98333, 0.99245, 
1, 0.99355, 1, 1, 1, 1, 1, 1, 0.3939, 1.1226, 1.4571, 1.5261, 
1.6581, 1.4373, 3.3988, 0.4764, 0.6209, 2.3399, 0.382, 89.9, 
105.5, 117, 138.1, 140.9, 151.4, 167.6, 189.8, 203, 211, 237.8, 
463, 75, 158, 24, 23, 47, 8, 19, 42, 4, 2, 2, 4, 3, 37, 19, 77, 
104, 129, 148, 173, 165, 100, 100, 100, 100, 100, 100, 100, 100, 
100, 100, 100, 2500, 2500, 2500, 2500, 2500, 2500, 2500, 2500, 
2500, 2500, 2500, 6896.489, 6924.908, 7265.751, 7528.973, 7384.826, 
8497.79000000001, 9712.63199999998, 11163.5809999999, 13911.069, 
14297.186, 16751.005, 1, 1, 1, 1, 1, 1, 1, 1, 1, 1, 1, 0.16667, 
0.16667, 0.16667, 0.16667, 0.16667, 0.16667, 0.16667, 0.16667, 
0.16667, 0.16667, 0.16667, 0, 0, 0, 0, 0, 0, 0, 0, 0, 0, 0, 0, 
0, 0, 0, 0, 0, 0, 0, 0, 0, 0, 0.67121, 0.67246, 0.68851, 0.68079, 
0.65806, 0.66875, 0.66961, 0.67568, 0.66833, 0.67157, 0.67135, 
0.67121, 0.67246, 0.68851, 0.68079, 0.65806, 0.66875, 0.66961, 
0.67568, 0.66833, 0.67157, 0.67135, 0.0203, 0.0232, 0.025, 0.0279, 
0.0307, 0.035, 0.0378, 0.0412, 0.0457, 0.0521, 0.0538, 130.6, 
144.3, 152.8, 169.1, 188.4, 197.1, 209.9, 220.5, 235, 249.1, 
261.5, 1, 1, 1, 1, 1, 1, 1, 1, 1, 1, 1, 1, 1, 1, 1, 1, 1, 1, 
1, 1, 1, 1, 1, 1, 1, 1, 1, 1, 1, 1, 1, 1, 1, 1, 1, 1, 1, 1, 1, 
1, 1, 1, 1, 1, 2.634, 2.697, 2.695, 2.618, 2.609, 2.849, 2.939, 
3.007, 3.182, 3.214, 3.391), .Dim = c(11L, 40L), .Dimnames = list(
    NULL, c("Sampling", "PSO.cost", "PSO.gamma", "PSO.data.balancing", 
    "PSO.feature.selection", "PSO.valid.acc", "PSO.test.acc", 
    "PSO.train.time", "PSO.n.support.vectors", "PSO.index", "PSO.n.solutions", 
    "PSO.generations", "PSO.n.evaluations", "PSO.cpu.time", "RS.cost", 
    "RS.gamma", "RS.data.balancing", "RS.feature.selection", 
    "RS.valid.acc", "RS.test.acc", "RS.train.time", "RS.n.support.vectors", 
    "RS.index", "RS.n.solutions", "RS.generations", "RS.n.evaluations", 
    "RS.cpu.time", "DF.cost", "DF.gamma", "DF.data.balancing", 
    "DF.feature.selection", "DF.valid.acc", "DF.test.acc", "DF.train.time", 
    "DF.n.support.vectors", "DF.index", "DF.n.solutions", "DF.generations", 
    "DF.n.evaluations", "DF.cpu.time")))
