full <-
structure(c(50, 55, 60, 65, 70, 75, 80, 85, 90, 95, 100, 8.09191, 
1.45792, 12.0731, 1.32745, 2.92336, 13.4201, -0.41806, 1.43331, 
-0.45248, -0.70897, -1.11555, -8.90885, -3.17957, -8.0517, -3.02785, 
-3.8138, -14.27813, -0.9704, -5.57411, -1.29818, -2.06371, -2.4545, 
0, 0, 0, 0, 0, 0, 0, 0, 0, 0, 0, 0, 0, 0, 0, 0, 0, 0, 0, 0, 0, 
0, 0.87587, 0.85011, 0.87147, 0.87244, 0.86546, 0.86628, 0.8764, 
0.87818, 0.88586, 0.89081, 0.87826, 0.8514, 0.85511, 0.85113, 
0.84495, 0.8566, 0.83404, 0.8577, 0.8709, 0.88265, 0.88759, 0.86049, 
0.0155, 0.017, 0.0185, 0.0185, 0.0196, 0.0199, 0.026, 0.026, 
0.0278, 0.0295, 0.0319, 63.7, 80.5, 68.1, 90.2, 89.9, 88.7, 133.4, 
128.5, 136.3, 137.5, 151.9, 32, 902, 80, 649, 158, 185, 490, 
604, 147, 997, 2095, 178, 35, 316, 70, 37, 187, 801, 36, 59, 
28, 6, 100, 100, 100, 100, 100, 100, 100, 100, 100, 100, 100, 
2500, 2500, 2500, 2500, 2500, 2500, 2500, 2500, 2500, 2500, 2500, 
6207.719, 6224.195, 6317.26, 6276.513, 6323.198, 6325.048, 6560.128, 
6762.527, 6829.571, 8416.42300000001, 9177.46899999998, 12.5263, 
1.15715, 12.80779, 1.25491, 2.1621, 12.9143, -0.58239, 1.51367, 
-0.51794, -1.13846, -0.11732, -13.46381, -2.91879, -8.4863, -2.89803, 
-3.47878, -13.80025, -1.01993, -6.03626, -1.31436, -2.0305, -0.62892, 
0, 0, 0, 0, 0, 0, 0, 0, 0, 0, 0, 0, 0, 0, 0, 0, 0, 0, 0, 0, 0, 
0, 0.87587, 0.85136, 0.87147, 0.87244, 0.86528, 0.86628, 0.87267, 
0.87439, 0.88586, 0.89081, 0.87549, 0.86254, 0.86011, 0.85568, 
0.8404, 0.8526, 0.83404, 0.8577, 0.85672, 0.88265, 0.88144, 0.87246, 
0.0149, 0.017, 0.0192, 0.0183, 0.0192, 0.0203, 0.0274, 0.0249, 
0.0306, 0.0312, 0.0393, 63.8, 82.1, 67.7, 89.5, 92.2, 89.7, 132.9, 
134.1, 136.5, 144.5, 162.6, 204, 1009, 377, 73, 964, 730, 109, 
2246, 987, 401, 1001, 29, 1, 6, 4, 2, 6, 1, 1, 1, 3, 1, 100, 
100, 100, 100, 100, 100, 100, 100, 100, 100, 100, 2500, 2500, 
2500, 2500, 2500, 2500, 2500, 2500, 2500, 2500, 2500, 6252.583, 
6300.721, 6367.373, 6354.139, 6394.06600000001, 6476.976, 6783.79399999999, 
6919.587, 6956.522, 9255.10899999998, 9346.139, 1, 1, 1, 1, 1, 
1, 1, 1, 1, 1, 1, 0.14286, 0.14286, 0.14286, 0.14286, 0.14286, 
0.14286, 0.14286, 0.14286, 0.14286, 0.14286, 0.14286, 0, 0, 0, 
0, 0, 0, 0, 0, 0, 0, 0, 0, 0, 0, 0, 0, 0, 0, 0, 0, 0, 0, 0.85086, 
0.81048, 0.86094, 0.85902, 0.85222, 0.8475, 0.84888, 0.86017, 
0.86248, 0.88426, 0.86613, 0.83676, 0.80703, 0.8552, 0.83564, 
0.86946, 0.85487, 0.86057, 0.86362, 0.86898, 0.88396, 0.86629, 
0.0158, 0.0169, 0.0181, 0.019, 0.0203, 0.0213, 0.0214, 0.0256, 
0.024, 0.0284, 0.0304, 82.3, 88.9, 93.9, 97.6, 102.9, 110.2, 
114.5, 118.6, 123, 127.9, 134.1, 1, 1, 1, 1, 1, 1, 1, 1, 1, 1, 
1, 1, 1, 1, 1, 1, 1, 1, 1, 1, 1, 1, 1, 1, 1, 1, 1, 1, 1, 1, 1, 
1, 1, 1, 1, 1, 1, 1, 1, 1, 1, 1, 1, 1, 2.479, 2.495, 2.513, 2.516, 
2.576, 2.563, 2.661, 2.701, 2.7, 3.646, 3.632), .Dim = c(11L, 
40L), .Dimnames = list(NULL, c("Sampling", "PSO.cost", "PSO.gamma", 
"PSO.data.balancing", "PSO.feature.selection", "PSO.valid.acc", 
"PSO.test.acc", "PSO.train.time", "PSO.n.support.vectors", "PSO.index", 
"PSO.n.solutions", "PSO.generations", "PSO.n.evaluations", "PSO.cpu.time", 
"RS.cost", "RS.gamma", "RS.data.balancing", "RS.feature.selection", 
"RS.valid.acc", "RS.test.acc", "RS.train.time", "RS.n.support.vectors", 
"RS.index", "RS.n.solutions", "RS.generations", "RS.n.evaluations", 
"RS.cpu.time", "DF.cost", "DF.gamma", "DF.data.balancing", "DF.feature.selection", 
"DF.valid.acc", "DF.test.acc", "DF.train.time", "DF.n.support.vectors", 
"DF.index", "DF.n.solutions", "DF.generations", "DF.n.evaluations", 
"DF.cpu.time")))
