full <-
structure(c(50, 55, 60, 65, 70, 75, 80, 85, 90, 95, 100, 1.46257, 
2.1826, 1.69943, 0.47056, 0.16919, 1.84855, -0.10096, 10.95064, 
0.11616, -0.5457, 1.79568, -2.44276, -1.85365, -1.41694, -3.64859, 
-1.70541, -0.78997, -1.66215, -13.67763, -0.91339, -1.31633, 
-3.07894, 0, 0, 0, 0, 0, 0, 0, 0, 0, 0, 0, 0, 0, 0, 0, 0, 0, 
0, 0, 0, 0, 0, 0.8973, 0.88671, 0.9106, 0.89172, 0.89873, 0.89039, 
0.89263, 0.88478, 0.88823, 0.89094, 0.88775, 0.87406, 0.85769, 
0.89557, 0.87372, 0.89891, 0.86294, 0.88523, 0.87763, 0.87209, 
0.89052, 0.87304, 0.0145, 0.0163, 0.0185, 0.0172, 0.0218, 0.0267, 
0.0252, 0.0208, 0.0315, 0.0299, 0.0282, 68.8, 78.2, 89.8, 94, 
103.5, 125.1, 121.2, 105.1, 143.8, 145.8, 121.1, 432, 487, 81, 
406, 1480, 420, 514, 60, 690, 196, 273, 578, 106, 283, 142, 30, 
328, 201, 305, 86, 417, 64, 100, 100, 100, 100, 100, 100, 100, 
100, 100, 100, 100, 2500, 2500, 2500, 2500, 2500, 2500, 2500, 
2500, 2500, 2500, 2500, 5778.432, 5830.298, 5864.975, 6004.859, 
6104.286, 6237.29000000001, 6199.99000000001, 6329.761, 6677.10799999999, 
8747.35500000001, 9130.42700000001, 1.38176, 1.59252, 1.69818, 
6.51874, 0.44812, 1.91904, -0.4606, 11.9575, -0.58268, 5.78879, 
2.86982, -2.47324, -1.56748, -1.47414, -5.88821, -0.67597, -0.7016, 
-1.73716, -14.48641, -1.32669, -3.38385, -3.74627, 0, 0, 0, 0, 
0, 0, 0, 0, 0, 0, 0, 0, 0, 0, 0, 0, 0, 0, 0, 0, 0, 0, 0.89175, 
0.88645, 0.90583, 0.89125, 0.89855, 0.89039, 0.88906, 0.88478, 
0.88511, 0.89323, 0.88481, 0.86818, 0.85831, 0.89557, 0.8915, 
0.88569, 0.85924, 0.88523, 0.88145, 0.87532, 0.87802, 0.86707, 
0.0157, 0.0166, 0.0185, 0.0162, 0.0247, 0.0262, 0.0232, 0.0227, 
0.0298, 0.0276, 0.0271, 68.3, 82.6, 88.8, 69.8, 115.7, 127.5, 
124.2, 103.5, 141.6, 112.7, 117.8, 2155, 2267, 1538, 1106, 590, 
496, 1432, 57, 2459, 156, 1049, 1, 1, 1, 2, 1, 1, 2, 9, 1, 1, 
4, 100, 100, 100, 100, 100, 100, 100, 100, 100, 100, 100, 2500, 
2500, 2500, 2500, 2500, 2500, 2500, 2500, 2500, 2500, 2500, 5855.795, 
5884.394, 5890.872, 6095.485, 6091.278, 6210.33500000001, 6338.83100000001, 
6573.118, 7853.864, 9083.016, 8977.655, 1, 1, 1, 1, 1, 1, 1, 
1, 1, 1, 1, 0.14286, 0.14286, 0.14286, 0.14286, 0.14286, 0.14286, 
0.14286, 0.14286, 0.14286, 0.14286, 0.14286, 0, 0, 0, 0, 0, 0, 
0, 0, 0, 0, 0, 0, 0, 0, 0, 0, 0, 0, 0, 0, 0, 0, 0.87443, 0.8756, 
0.88598, 0.86917, 0.87754, 0.85587, 0.88508, 0.88108, 0.87798, 
0.87486, 0.8699, 0.86332, 0.85414, 0.88552, 0.86895, 0.88605, 
0.86391, 0.8741, 0.86396, 0.88132, 0.87141, 0.86982, 0.0147, 
0.0158, 0.0165, 0.0177, 0.0187, 0.02, 0.0218, 0.0234, 0.025, 
0.0286, 0.0274, 74.2, 80.7, 84.8, 92.2, 99.5, 103.4, 112.9, 118.9, 
125.8, 129.3, 135.3, 1, 1, 1, 1, 1, 1, 1, 1, 1, 1, 1, 1, 1, 1, 
1, 1, 1, 1, 1, 1, 1, 1, 1, 1, 1, 1, 1, 1, 1, 1, 1, 1, 1, 1, 1, 
1, 1, 1, 1, 1, 1, 1, 1, 1, 2.27, 2.3, 2.256, 2.329, 2.269, 2.329, 
2.429, 2.525, 3.259, 3.592, 3.214), .Dim = c(11L, 40L), .Dimnames = list(
    NULL, c("Sampling", "PSO.cost", "PSO.gamma", "PSO.data.balancing", 
    "PSO.feature.selection", "PSO.valid.acc", "PSO.test.acc", 
    "PSO.train.time", "PSO.n.support.vectors", "PSO.index", "PSO.n.solutions", 
    "PSO.generations", "PSO.n.evaluations", "PSO.cpu.time", "RS.cost", 
    "RS.gamma", "RS.data.balancing", "RS.feature.selection", 
    "RS.valid.acc", "RS.test.acc", "RS.train.time", "RS.n.support.vectors", 
    "RS.index", "RS.n.solutions", "RS.generations", "RS.n.evaluations", 
    "RS.cpu.time", "DF.cost", "DF.gamma", "DF.data.balancing", 
    "DF.feature.selection", "DF.valid.acc", "DF.test.acc", "DF.train.time", 
    "DF.n.support.vectors", "DF.index", "DF.n.solutions", "DF.generations", 
    "DF.n.evaluations", "DF.cpu.time")))
