full <-
structure(c(50, 55, 60, 65, 70, 75, 80, 85, 90, 95, 100, -1.23461, 
-0.0885, -0.84382, -0.84487, 7.55863, 8.33318, -0.45027, 4.10794, 
11.46853, 14.93173, 6.39453, -1.4132, -0.62643, -0.91356, -2.04228, 
-10.41051, -9.23112, -1.38646, -6.34793, -15, -8.19561, -10.01869, 
0, 0, 0, 0, 0, 0, 0, 0, 0, 0, 0, 0, 0, 0, 0, 0, 0, 0, 0, 0, 0, 
0, 0.88211, 0.88521, 0.87781, 0.8762, 0.86417, 0.8609, 0.88207, 
0.8785, 0.8818, 0.89216, 0.87629, 0.85821, 0.86328, 0.86183, 
0.86613, 0.86017, 0.84165, 0.87411, 0.87493, 0.87781, 0.85383, 
0.86721, 0.0159, 0.0203, 0.0207, 0.0187, 0.0178, 0.0199, 0.025, 
0.0211, 0.0233, 0.0527, 0.0266, 95.6, 105.7, 111.4, 106.4, 92.5, 
86.9, 126.8, 106.1, 119.8, 95.2, 132.2, 627, 396, 413, 495, 301, 
696, 2228, 1986, 1065, 1761, 203, 439, 218, 448, 137, 71, 71, 
2, 3, 37, 1, 93, 100, 100, 100, 100, 100, 100, 100, 100, 100, 
100, 100, 2500, 2500, 2500, 2500, 2500, 2500, 2500, 2500, 2500, 
2500, 2500, 6241.222, 6382.878, 6375.218, 6378.128, 6216.97900000001, 
6309.27700000001, 6519.799, 6572.398, 6657.789, 6925.595, 6772.26300000001, 
-0.59403, -0.28146, -0.55402, -0.28829, 11.81435, 8.34517, -0.45638, 
4.25879, 5.97255, 14.2521, 13.65599, -0.90352, -2.01605, -0.40815, 
-1.56574, -14.65398, -9.21887, -1.53467, -6.47236, -9.61653, 
-8.07175, -13.95638, 0, 0, 0, 0, 0, 0, 0, 0, 0, 0, 0, 0, 0, 0, 
0, 0, 0, 0, 0, 0, 0, 0, 0.87544, 0.87966, 0.86872, 0.87167, 0.86417, 
0.8609, 0.88207, 0.8785, 0.88159, 0.89196, 0.87891, 0.85821, 
0.86855, 0.86279, 0.87107, 0.86017, 0.84165, 0.8704, 0.87493, 
0.87803, 0.8727, 0.86433, 0.0173, 0.0177, 0.0221, 0.0201, 0.0178, 
0.0202, 0.0247, 0.0222, 0.0241, 0.0421, 0.0245, 94.6, 91.3, 117.4, 
108, 92.7, 87.3, 124.6, 105.6, 124.9, 94.7, 102.5, 1566, 137, 
185, 1173, 1241, 1729, 2213, 293, 1846, 74, 1647, 1, 2, 1, 1, 
4, 1, 1, 1, 3, 6, 1, 100, 100, 100, 100, 100, 100, 100, 100, 
100, 100, 100, 2500, 2500, 2500, 2500, 2500, 2500, 2500, 2500, 
2500, 2500, 2500, 6315.513, 6373.055, 6352.437, 6385.659, 6349.182, 
6418.66499999999, 6577.792, 6719.75600000001, 6773.584, 6869.98699999999, 
6938.595, 1, 1, 1, 1, 1, 1, 1, 1, 1, 1, 1, 0.14286, 0.14286, 
0.14286, 0.14286, 0.14286, 0.14286, 0.14286, 0.14286, 0.14286, 
0.14286, 0.14286, 0, 0, 0, 0, 0, 0, 0, 0, 0, 0, 0, 0, 0, 0, 0, 
0, 0, 0, 0, 0, 0, 0, 0.85775, 0.86296, 0.85774, 0.85838, 0.83906, 
0.84148, 0.87068, 0.85412, 0.86523, 0.87895, 0.87318, 0.86409, 
0.87348, 0.86279, 0.858, 0.84817, 0.84933, 0.86632, 0.8647, 0.86512, 
0.86986, 0.8614, 0.0154, 0.0163, 0.0168, 0.0186, 0.0198, 0.0213, 
0.0223, 0.0238, 0.0251, 0.026, 0.0279, 81.9, 88.3, 94.5, 99.5, 
106.4, 112.6, 115.6, 120.2, 125.2, 128.8, 134.1, 1, 1, 1, 1, 
1, 1, 1, 1, 1, 1, 1, 1, 1, 1, 1, 1, 1, 1, 1, 1, 1, 1, 1, 1, 1, 
1, 1, 1, 1, 1, 1, 1, 1, 1, 1, 1, 1, 1, 1, 1, 1, 1, 1, 1, 2.589, 
2.437, 2.409, 2.484, 2.502, 2.544, 2.59, 2.598, 2.629, 2.678, 
2.69), .Dim = c(11L, 40L), .Dimnames = list(NULL, c("Sampling", 
"PSO.cost", "PSO.gamma", "PSO.data.balancing", "PSO.feature.selection", 
"PSO.valid.acc", "PSO.test.acc", "PSO.train.time", "PSO.n.support.vectors", 
"PSO.index", "PSO.n.solutions", "PSO.generations", "PSO.n.evaluations", 
"PSO.cpu.time", "RS.cost", "RS.gamma", "RS.data.balancing", "RS.feature.selection", 
"RS.valid.acc", "RS.test.acc", "RS.train.time", "RS.n.support.vectors", 
"RS.index", "RS.n.solutions", "RS.generations", "RS.n.evaluations", 
"RS.cpu.time", "DF.cost", "DF.gamma", "DF.data.balancing", "DF.feature.selection", 
"DF.valid.acc", "DF.test.acc", "DF.train.time", "DF.n.support.vectors", 
"DF.index", "DF.n.solutions", "DF.generations", "DF.n.evaluations", 
"DF.cpu.time")))
