full <-
structure(c(50, 55, 60, 65, 70, 75, 80, 85, 90, 95, 100, 9.19244, 
9.94264, -0.42596, -0.84589, 1.3225, 8.84388, 1.56632, 5.24467, 
8.10167, 6.41477, 5.24299, -9.67666, -11.96609, -1.01377, -1.81613, 
-2.90181, -11.91501, -3.66453, -3.30477, -9.94856, -7.08224, 
-5.44125, 0, 0, 0, 0, 0, 0, 0, 0, 0, 0, 0, 0, 0, 0, 0, 0, 0, 
0, 0, 0, 0, 0, 0.89285, 0.88662, 0.91081, 0.90481, 0.90607, 0.90861, 
0.89318, 0.89679, 0.8692, 0.88519, 0.88742, 0.88108, 0.88635, 
0.90629, 0.89094, 0.89772, 0.88965, 0.88577, 0.87223, 0.84267, 
0.87267, 0.86957, 0.0136, 0.0148, 0.0188, 0.0205, 0.0208, 0.0193, 
0.023, 0.0243, 0.0246, 0.0248, 0.0258, 51.6, 60.1, 95, 97.7, 
83.5, 90, 99.1, 102.1, 103.8, 101.2, 104, 26, 30, 1047, 426, 
265, 45, 173, 154, 350, 1979, 700, 496, 417, 79, 572, 951, 120, 
513, 342, 178, 2, 136, 100, 100, 100, 100, 100, 100, 100, 100, 
100, 100, 100, 2500, 2500, 2500, 2500, 2500, 2500, 2500, 2500, 
2500, 2500, 2500, 7607.863, 8477.164, 8562.55, 8739.599, 8579.357, 
8959.944, 8736.35800000001, 8498.197, 8489.41999999998, 8521.31199999998, 
8426.93400000001, 7.57443, 1.02744, -0.52343, -0.64261, 1.11207, 
10.32372, 1.41323, 6.24276, 12.17444, 5.69192, 5.16316, -7.60806, 
-0.64974, -0.25341, -1.28472, -3.0651, -13.43606, -3.42295, -3.85939, 
-14.01104, -5.80231, -5.05806, 0, 0, 0, 0, 0, 0, 0, 0, 0, 0, 
0, 0, 0, 0, 0, 0, 0, 0, 0, 0, 0, 0, 0.89285, 0.89871, 0.90605, 
0.90481, 0.90607, 0.90861, 0.89318, 0.89335, 0.8693, 0.88225, 
0.88464, 0.88108, 0.88691, 0.89626, 0.89115, 0.89772, 0.88549, 
0.88207, 0.87201, 0.84267, 0.88214, 0.87848, 0.0153, 0.0192, 
0.0232, 0.0223, 0.0188, 0.0202, 0.0224, 0.0247, 0.0244, 0.0253, 
0.026, 51, 93, 109.8, 100.4, 85.1, 90.5, 99.2, 99.4, 103.1, 100.1, 
105.3, 17, 1250, 1707, 594, 424, 80, 259, 541, 310, 144, 647, 
52, 2, 1, 3, 1, 10, 6, 1, 3, 15, 4, 100, 100, 100, 100, 100, 
100, 100, 100, 100, 100, 100, 2500, 2500, 2500, 2500, 2500, 2500, 
2500, 2500, 2500, 2500, 2500, 8490.421, 8533.884, 8589.591, 8699.36, 
8791.719, 9162.62, 8632.077, 8675.84499999999, 8709.64299999998, 
8679.42300000001, 8770.50399999999, 1, 1, 1, 1, 1, 1, 1, 1, 1, 
1, 1, 0.14286, 0.14286, 0.14286, 0.14286, 0.14286, 0.14286, 0.14286, 
0.14286, 0.14286, 0.14286, 0.14286, 0, 0, 0, 0, 0, 0, 0, 0, 0, 
0, 0, 0, 0, 0, 0, 0, 0, 0, 0, 0, 0, 0, 0.86369, 0.87109, 0.8915, 
0.89094, 0.88972, 0.88889, 0.87863, 0.87895, 0.85865, 0.87249, 
0.86654, 0.8627, 0.85873, 0.8965, 0.88639, 0.89407, 0.8932, 0.88207, 
0.87896, 0.86176, 0.86633, 0.88161, 0.0151, 0.0172, 0.0174, 0.0196, 
0.0207, 0.0238, 0.0233, 0.0248, 0.0257, 0.0273, 0.0287, 73.2, 
78.3, 83.5, 90.4, 93.1, 100, 108.4, 112.9, 120.9, 128.4, 134.7, 
1, 1, 1, 1, 1, 1, 1, 1, 1, 1, 1, 1, 1, 1, 1, 1, 1, 1, 1, 1, 1, 
1, 1, 1, 1, 1, 1, 1, 1, 1, 1, 1, 1, 1, 1, 1, 1, 1, 1, 1, 1, 1, 
1, 1, 3.178, 3.486, 3.241, 3.442, 3.658, 3.669, 3.432, 3.463, 
3.414, 3.346, 3.415), .Dim = c(11L, 40L), .Dimnames = list(NULL, 
    c("Sampling", "PSO.cost", "PSO.gamma", "PSO.data.balancing", 
    "PSO.feature.selection", "PSO.valid.acc", "PSO.test.acc", 
    "PSO.train.time", "PSO.n.support.vectors", "PSO.index", "PSO.n.solutions", 
    "PSO.generations", "PSO.n.evaluations", "PSO.cpu.time", "RS.cost", 
    "RS.gamma", "RS.data.balancing", "RS.feature.selection", 
    "RS.valid.acc", "RS.test.acc", "RS.train.time", "RS.n.support.vectors", 
    "RS.index", "RS.n.solutions", "RS.generations", "RS.n.evaluations", 
    "RS.cpu.time", "DF.cost", "DF.gamma", "DF.data.balancing", 
    "DF.feature.selection", "DF.valid.acc", "DF.test.acc", "DF.train.time", 
    "DF.n.support.vectors", "DF.index", "DF.n.solutions", "DF.generations", 
    "DF.n.evaluations", "DF.cpu.time")))
