full <-
structure(c(50, 55, 60, 65, 70, 75, 80, 85, 90, 95, 100, 6.69101, 
2.93219, 1.82362, 2.58421, 0.21916, 1.58158, 0.24189, 7.51628, 
4.60852, -0.92377, 6.42011, -10.35771, -3.16138, -3.23441, -2.40705, 
-4.67689, -3.81341, -2.62318, -11.15634, -8.51289, -1.69813, 
-8.11302, 0, 0, 0, 0, 0, 0, 0, 0, 0, 0, 0, 0, 0, 0, 0, 0, 0, 
0, 0, 0, 0, 0, 0.87182, 0.89341, 0.86144, 0.85902, 0.87389, 0.86081, 
0.86826, 0.86759, 0.87279, 0.87558, 0.87549, 0.86594, 0.86151, 
0.8667, 0.84949, 0.84065, 0.83325, 0.8536, 0.86783, 0.85933, 
0.86334, 0.87246, 0.0152, 0.0157, 0.0169, 0.0191, 0.0201, 0.0205, 
0.0234, 0.025, 0.0269, 0.0316, 0.0273, 77.1, 70.4, 82, 88.9, 
116.2, 104.4, 114, 118, 129.1, 148.1, 111.7, 27, 508, 56, 732, 
365, 558, 245, 184, 8, 1839, 113, 74, 135, 440, 425, 98, 436, 
917, 83, 195, 18, 129, 100, 100, 100, 100, 100, 100, 100, 100, 
100, 100, 100, 2500, 2500, 2500, 2500, 2500, 2500, 2500, 2500, 
2500, 2500, 2500, 6053.686, 6036.151, 6018.181, 6065.268, 6135.981, 
6133.376, 8397.80099999999, 9041.526, 8645.939, 8738.19499999999, 
8604.50400000002, -0.0958, 2.94032, 2.44263, 2.95719, 0.34976, 
1.3998, 0.47233, 7.30171, 8.52508, -0.87543, 6.80321, -2.7059, 
-3.1856, -3.68402, -2.59224, -4.8814, -3.62677, -2.94702, -10.93381, 
-12.26156, -1.72128, -8.41246, 0, 0, 0, 0, 0, 0, 0, 0, 0, 0, 
0, 0, 0, 0, 0, 0, 0, 0, 0, 0, 0, 0, 0.87294, 0.89341, 0.86144, 
0.85902, 0.87004, 0.86081, 0.86826, 0.86759, 0.87279, 0.87558, 
0.87549, 0.85381, 0.85595, 0.8667, 0.84473, 0.84935, 0.83709, 
0.8536, 0.86783, 0.86266, 0.86637, 0.86631, 0.0159, 0.0161, 0.0167, 
0.0186, 0.0201, 0.0203, 0.0256, 0.0254, 0.0247, 0.0324, 0.025, 
78.9, 70.3, 79.3, 87.2, 117.3, 104.7, 112.8, 118.4, 125.1, 146.9, 
110.1, 48, 697, 952, 1606, 2058, 535, 181, 156, 732, 251, 987, 
1, 2, 1, 2, 1, 2, 3, 5, 10, 1, 4, 100, 100, 100, 100, 100, 100, 
100, 100, 100, 100, 100, 2500, 2500, 2500, 2500, 2500, 2500, 
2500, 2500, 2500, 2500, 2500, 6059.454, 6080.145, 6085.048, 6164.754, 
6207.406, 6236.93799999999, 8861.545, 9299.19, 8752.745, 8904.402, 
9062.49400000001, 1, 1, 1, 1, 1, 1, 1, 1, 1, 1, 1, 0.14286, 0.14286, 
0.14286, 0.14286, 0.14286, 0.14286, 0.14286, 0.14286, 0.14286, 
0.14286, 0.14286, 0, 0, 0, 0, 0, 0, 0, 0, 0, 0, 0, 0, 0, 0, 0, 
0, 0, 0, 0, 0, 0, 0, 0.86738, 0.87733, 0.84591, 0.84475, 0.84898, 
0.85311, 0.86097, 0.85698, 0.85922, 0.86288, 0.8606, 0.85381, 
0.86677, 0.85136, 0.85384, 0.86537, 0.84894, 0.85731, 0.85317, 
0.85277, 0.85376, 0.86666, 0.0157, 0.0167, 0.0177, 0.0189, 0.0198, 
0.0214, 0.0257, 0.027, 0.0257, 0.0269, 0.0289, 78.9, 81.2, 89.8, 
97.1, 104.2, 112.2, 117.5, 124.1, 127.9, 131.8, 134.5, 1, 1, 
1, 1, 1, 1, 1, 1, 1, 1, 1, 1, 1, 1, 1, 1, 1, 1, 1, 1, 1, 1, 1, 
1, 1, 1, 1, 1, 1, 1, 1, 1, 1, 1, 1, 1, 1, 1, 1, 1, 1, 1, 1, 1, 
2.391, 2.436, 2.386, 2.417, 2.438, 2.442, 3.631, 3.629, 3.252, 
3.274, 3.487), .Dim = c(11L, 40L), .Dimnames = list(NULL, c("Sampling", 
"PSO.cost", "PSO.gamma", "PSO.data.balancing", "PSO.feature.selection", 
"PSO.valid.acc", "PSO.test.acc", "PSO.train.time", "PSO.n.support.vectors", 
"PSO.index", "PSO.n.solutions", "PSO.generations", "PSO.n.evaluations", 
"PSO.cpu.time", "RS.cost", "RS.gamma", "RS.data.balancing", "RS.feature.selection", 
"RS.valid.acc", "RS.test.acc", "RS.train.time", "RS.n.support.vectors", 
"RS.index", "RS.n.solutions", "RS.generations", "RS.n.evaluations", 
"RS.cpu.time", "DF.cost", "DF.gamma", "DF.data.balancing", "DF.feature.selection", 
"DF.valid.acc", "DF.test.acc", "DF.train.time", "DF.n.support.vectors", 
"DF.index", "DF.n.solutions", "DF.generations", "DF.n.evaluations", 
"DF.cpu.time")))
