full <-
structure(c(50, 55, 60, 65, 70, 75, 80, 85, 90, 95, 100, 4.03299, 
-0.14155, 1.10019, 5.86606, 6.44679, 7.15104, 4.96605, -0.03091, 
3.41285, 0.59356, 1.54462, -6.96479, -2.563, -2.69402, -9.84559, 
-6.80845, -7.75293, -4.09029, -1.76282, -6.11789, -5.28259, -2.48707, 
0, 0, 0, 0, 0, 0, 0, 0, 0, 0, 0, 0, 0, 0, 0, 0, 0, 0, 0, 0, 0, 
0, 0.8842, 0.86377, 0.874, 0.86755, 0.88208, 0.88464, 0.86649, 
0.8711, 0.88129, 0.87469, 0.87884, 0.86582, 0.85789, 0.86135, 
0.87231, 0.85631, 0.86871, 0.84435, 0.85742, 0.87108, 0.86938, 
0.86383, 0.0147, 0.0172, 0.0175, 0.0179, 0.0189, 0.019, 0.0214, 
0.0252, 0.0232, 0.0273, 0.0267, 73, 86.3, 86.3, 96.3, 81, 86.1, 
99.4, 126, 114.7, 150.1, 126.6, 43, 1033, 667, 56, 94, 832, 363, 
101, 157, 200, 914, 240, 9, 304, 222, 538, 54, 484, 355, 104, 
69, 254, 100, 100, 100, 100, 100, 100, 100, 100, 100, 100, 100, 
2500, 2500, 2500, 2500, 2500, 2500, 2500, 2500, 2500, 2500, 2500, 
6111.533, 6275.979, 6283.043, 6492.123, 6671.907, 6304.301, 6398.96799999999, 
6607.485, 6729.01299999999, 6783.31299999999, 6779.902, 8.61497, 
0.20876, 0.93888, 11.24864, 6.92715, 6.68312, 4.53016, 0.79287, 
0.07271, 3.81861, 1.79249, -12.12355, -2.98197, -2.63362, -14.17356, 
-7.3414, -7.43175, -3.75225, -1.85857, -2.34946, -8.63439, -2.62752, 
0, 0, 0, 0, 0, 0, 0, 0, 0, 0, 0, 0, 0, 0, 0, 0, 0, 0, 0, 0, 0, 
0, 0.8842, 0.85822, 0.874, 0.86755, 0.88208, 0.88464, 0.86649, 
0.87087, 0.87826, 0.87469, 0.87581, 0.8717, 0.86345, 0.86135, 
0.85884, 0.85631, 0.87228, 0.84435, 0.85349, 0.86138, 0.86303, 
0.864, 0.014, 0.0167, 0.018, 0.0182, 0.0197, 0.0195, 0.0231, 
0.0256, 0.0272, 0.027, 0.028, 76.3, 85.3, 87.2, 87.6, 80.2, 86.8, 
101.9, 123.7, 125.7, 148.3, 124.7, 147, 58, 1713, 83, 745, 615, 
1370, 56, 500, 151, 1336, 27, 3, 3, 49, 6, 3, 5, 1, 1, 3, 2, 
100, 100, 100, 100, 100, 100, 100, 100, 100, 100, 100, 2500, 
2500, 2500, 2500, 2500, 2500, 2500, 2500, 2500, 2500, 2500, 6107.4, 
6201.927, 6540.305, 6676.277, 6625.319, 6511.79399999999, 6622.106, 
6854.35500000001, 6913.12700000001, 6925.948, 7161.82399999999, 
1, 1, 1, 1, 1, 1, 1, 1, 1, 1, 1, 0.14286, 0.14286, 0.14286, 0.14286, 
0.14286, 0.14286, 0.14286, 0.14286, 0.14286, 0.14286, 0.14286, 
0, 0, 0, 0, 0, 0, 0, 0, 0, 0, 0, 0, 0, 0, 0, 0, 0, 0, 0, 0, 0, 
0, 0.85952, 0.85822, 0.86945, 0.84973, 0.86431, 0.86935, 0.85854, 
0.86417, 0.87148, 0.86901, 0.86964, 0.85952, 0.86345, 0.86546, 
0.86338, 0.86448, 0.87255, 0.8625, 0.85739, 0.85816, 0.86579, 
0.86964, 0.0164, 0.0166, 0.0177, 0.0195, 0.0195, 0.0212, 0.0229, 
0.0242, 0.025, 0.0265, 0.028, 79.7, 86.3, 89.5, 97.3, 103, 108.8, 
116.3, 121, 124.1, 132.5, 135.4, 1, 1, 1, 1, 1, 1, 1, 1, 1, 1, 
1, 1, 1, 1, 1, 1, 1, 1, 1, 1, 1, 1, 1, 1, 1, 1, 1, 1, 1, 1, 1, 
1, 1, 1, 1, 1, 1, 1, 1, 1, 1, 1, 1, 1, 2.585, 2.424, 2.575, 2.642, 
2.46, 2.561, 2.61, 2.714, 2.621, 2.63, 2.769), .Dim = c(11L, 
40L), .Dimnames = list(NULL, c("Sampling", "PSO.cost", "PSO.gamma", 
"PSO.data.balancing", "PSO.feature.selection", "PSO.valid.acc", 
"PSO.test.acc", "PSO.train.time", "PSO.n.support.vectors", "PSO.index", 
"PSO.n.solutions", "PSO.generations", "PSO.n.evaluations", "PSO.cpu.time", 
"RS.cost", "RS.gamma", "RS.data.balancing", "RS.feature.selection", 
"RS.valid.acc", "RS.test.acc", "RS.train.time", "RS.n.support.vectors", 
"RS.index", "RS.n.solutions", "RS.generations", "RS.n.evaluations", 
"RS.cpu.time", "DF.cost", "DF.gamma", "DF.data.balancing", "DF.feature.selection", 
"DF.valid.acc", "DF.test.acc", "DF.train.time", "DF.n.support.vectors", 
"DF.index", "DF.n.solutions", "DF.generations", "DF.n.evaluations", 
"DF.cpu.time")))
