full <-
structure(c(50, 55, 60, 65, 70, 75, 80, 85, 90, 95, 100, -0.36588, 
1.47591, 1.5877, 4.42179, 14.39176, 9.53097, 4.22107, -0.24337, 
1.583, 14.25151, 1.13774, -3.31257, -3.75017, -2.67371, -6.03445, 
-10.17634, -11.98437, -5.70237, -3.19522, -2.9326, -14.99846, 
-3.77162, 0, 0, 0, 0, 0, 0, 0, 0, 0, 0, 0, 0, 0, 0, 0, 0, 0, 
0, 0, 0, 0, 0, 0.86001, 0.87198, 0.87045, 0.85088, 0.86911, 0.87397, 
0.8809, 0.87553, 0.87772, 0.88004, 0.87905, 0.83533, 0.86055, 
0.85542, 0.83764, 0.86043, 0.87414, 0.8769, 0.8678, 0.86772, 
0.87389, 0.87299, 0.0151, 0.0158, 0.0165, 0.0172, 0.0242, 0.0185, 
0.0215, 0.0242, 0.0244, 0.0241, 0.026, 82.2, 77.1, 87.5, 82.2, 
75.2, 99.5, 97.7, 126.3, 112.9, 99.6, 129.9, 2105, 81, 267, 81, 
577, 202, 180, 1289, 1520, 234, 483, 3, 423, 140, 68, 29, 18, 
563, 39, 27, 170, 89, 100, 100, 100, 100, 100, 100, 100, 100, 
100, 100, 100, 2500, 2500, 2500, 2500, 2500, 2500, 2500, 2500, 
2500, 2500, 2500, 6304.563, 6363.583, 6362.08, 6461.069, 6665.672, 
6359.578, 6366.40599999999, 6673.66799999999, 6809.712, 6537.46399999999, 
6707.38399999999, -0.4969, 3.03624, 2.67827, 3.32607, 14.48449, 
7.91442, 5.34548, 0.17666, 3.92762, -0.67136, -0.27059, -1.77555, 
-2.65435, -3.51932, -5.80506, -10.18349, -9.14111, -6.56199, 
-2.28192, -4.26966, -3.29415, -3.07171, 0, 0, 0, 0, 0, 0, 0, 
0, 0, 0, 0, 0, 0, 0, 0, 0, 0, 0, 0, 0, 0, 0, 0.85968, 0.87198, 
0.86995, 0.85043, 0.86511, 0.86997, 0.8809, 0.87508, 0.87461, 
0.8826, 0.87905, 0.8531, 0.86087, 0.85088, 0.83699, 0.86043, 
0.87414, 0.8732, 0.86793, 0.87106, 0.87036, 0.87299, 0.0166, 
0.0165, 0.0169, 0.0177, 0.0237, 0.0196, 0.0199, 0.025, 0.0236, 
0.0283, 0.0283, 82, 78.8, 80.6, 88, 75.2, 89.6, 95.9, 120.3, 
100.8, 143.8, 140.9, 1600, 1155, 2137, 1871, 1433, 24, 992, 204, 
1777, 2082, 339, 1, 2, 1, 2, 2, 47, 1, 6, 1, 1, 13, 100, 100, 
100, 100, 100, 100, 100, 100, 100, 100, 100, 2500, 2500, 2500, 
2500, 2500, 2500, 2500, 2500, 2500, 2500, 2500, 6323.701, 6350.779, 
6422.398, 6658.142, 6534.189, 6471.00799999999, 6553.84700000001, 
6902.70699999999, 6755.087, 6874.132, 6928.44500000001, 1, 1, 
1, 1, 1, 1, 1, 1, 1, 1, 1, 0.14286, 0.14286, 0.14286, 0.14286, 
0.14286, 0.14286, 0.14286, 0.14286, 0.14286, 0.14286, 0.14286, 
0, 0, 0, 0, 0, 0, 0, 0, 0, 0, 0, 0, 0, 0, 0, 0, 0, 0, 0, 0, 0, 
0, 0.83578, 0.84417, 0.84542, 0.81998, 0.8517, 0.85442, 0.86167, 
0.86468, 0.85813, 0.87369, 0.87299, 0.85274, 0.84946, 0.84016, 
0.81543, 0.8519, 0.86259, 0.86222, 0.8641, 0.86438, 0.87936, 
0.86996, 0.0147, 0.0154, 0.0177, 0.0189, 0.0188, 0.0198, 0.0233, 
0.0243, 0.0255, 0.0271, 0.0296, 79.7, 85.2, 94.8, 100.3, 107.2, 
113.4, 116.8, 122.3, 124.6, 130.6, 135.7, 1, 1, 1, 1, 1, 1, 1, 
1, 1, 1, 1, 1, 1, 1, 1, 1, 1, 1, 1, 1, 1, 1, 1, 1, 1, 1, 1, 1, 
1, 1, 1, 1, 1, 1, 1, 1, 1, 1, 1, 1, 1, 1, 1, 1, 2.444, 2.412, 
2.617, 2.674, 2.457, 2.455, 2.678, 2.706, 2.698, 2.698, 2.794
), .Dim = c(11L, 40L), .Dimnames = list(NULL, c("Sampling", "PSO.cost", 
"PSO.gamma", "PSO.data.balancing", "PSO.feature.selection", "PSO.valid.acc", 
"PSO.test.acc", "PSO.train.time", "PSO.n.support.vectors", "PSO.index", 
"PSO.n.solutions", "PSO.generations", "PSO.n.evaluations", "PSO.cpu.time", 
"RS.cost", "RS.gamma", "RS.data.balancing", "RS.feature.selection", 
"RS.valid.acc", "RS.test.acc", "RS.train.time", "RS.n.support.vectors", 
"RS.index", "RS.n.solutions", "RS.generations", "RS.n.evaluations", 
"RS.cpu.time", "DF.cost", "DF.gamma", "DF.data.balancing", "DF.feature.selection", 
"DF.valid.acc", "DF.test.acc", "DF.train.time", "DF.n.support.vectors", 
"DF.index", "DF.n.solutions", "DF.generations", "DF.n.evaluations", 
"DF.cpu.time")))
