full <-
structure(c(50, 55, 60, 65, 70, 75, 80, 85, 90, 95, 100, 10.88924, 
0.94447, 6.94156, 0.86175, 0.67894, 0.82583, -0.02776, -0.0928, 
7.82945, 2.07452, 1.10214, -13.16788, -1.87743, -9.96797, -2.14302, 
-3.66733, -2.15601, -1.58896, -2.99914, -10.92133, -6.08606, 
-5.10108, 0, 0, 0, 0, 0, 0, 0, 0, 0, 0, 0, 0, 0, 0, 0, 0, 0, 
0, 0, 0, 0, 0, 0.89437, 0.87591, 0.88799, 0.87308, 0.8816, 0.87909, 
0.88609, 0.87471, 0.86937, 0.87831, 0.87833, 0.87478, 0.85398, 
0.88142, 0.84992, 0.85528, 0.86677, 0.87851, 0.87819, 0.86956, 
0.86941, 0.8663, 0.0145, 0.0166, 0.0154, 0.0181, 0.0187, 0.0206, 
0.0245, 0.0236, 0.0237, 0.0258, 0.0283, 66.8, 84.1, 82.6, 93, 
102.8, 107.7, 122.2, 123.2, 118.3, 137, 142.9, 7, 130, 2055, 
401, 756, 557, 1804, 1186, 287, 2142, 2197, 384, 735, 1, 121, 
149, 494, 10, 41, 90, 3, 1, 100, 100, 100, 100, 100, 100, 100, 
100, 100, 100, 100, 2500, 2500, 2500, 2500, 2500, 2500, 2500, 
2500, 2500, 2500, 2500, 6093.597, 6069.29, 5972.65, 5989.839, 
6052.25700000001, 6126.69, 6409.594, 6439.417, 6443.098, 6489.825, 
6451.516, 9.37569, 1.16438, 1.02589, 0.12888, -0.13639, 1.05174, 
0.33715, 3.69508, 11.34604, 1.3387, -0.28506, -11.50484, -2.03626, 
-3.03149, -1.57435, -2.96189, -2.14509, -2.45051, -3.55158, -14.44987, 
-5.44606, -0.66679, 0, 0, 0, 0, 0, 0, 0, 0, 0, 0, 0, 0, 0, 0, 
0, 0, 0, 0, 0, 0, 0, 0, 0.89437, 0.87591, 0.88364, 0.86874, 0.87358, 
0.87909, 0.88266, 0.87184, 0.86937, 0.87831, 0.87531, 0.87478, 
0.85427, 0.86318, 0.84558, 0.8551, 0.87878, 0.87151, 0.86355, 
0.86611, 0.87254, 0.86033, 0.0137, 0.015, 0.0157, 0.0194, 0.0195, 
0.0215, 0.0224, 0.0217, 0.0233, 0.0257, 0.0363, 67.7, 81.6, 84.2, 
101.4, 107.4, 107.1, 111, 99.8, 117.9, 139.5, 162.2, 23, 92, 
2383, 1981, 788, 1488, 1412, 1242, 464, 104, 441, 49, 6, 1, 1, 
1, 1, 1, 1, 4, 5, 1, 100, 100, 100, 100, 100, 100, 100, 100, 
100, 100, 100, 2500, 2500, 2500, 2500, 2500, 2500, 2500, 2500, 
2500, 2500, 2500, 6174.127, 5959.155, 5992.721, 6083.719, 6144.664, 
6284.985, 6500.067, 6552.61200000001, 6645.454, 6694.10400000001, 
6824.614, 1, 1, 1, 1, 1, 1, 1, 1, 1, 1, 1, 0.14286, 0.14286, 
0.14286, 0.14286, 0.14286, 0.14286, 0.14286, 0.14286, 0.14286, 
0.14286, 0.14286, 0, 0, 0, 0, 0, 0, 0, 0, 0, 0, 0, 0, 0, 0, 0, 
0, 0, 0, 0, 0, 0, 0, 0.87038, 0.8648, 0.84687, 0.85925, 0.86487, 
0.86291, 0.87537, 0.87126, 0.8629, 0.86608, 0.86924, 0.85927, 
0.87035, 0.85586, 0.84538, 0.85093, 0.85797, 0.86794, 0.87819, 
0.84977, 0.86961, 0.86638, 0.0153, 0.0147, 0.0156, 0.0177, 0.0201, 
0.0213, 0.0224, 0.0235, 0.0251, 0.0252, 0.0278, 79.6, 85, 90.3, 
96.6, 104.9, 110.7, 115.2, 121.3, 128.4, 132.1, 135.4, 1, 1, 
1, 1, 1, 1, 1, 1, 1, 1, 1, 1, 1, 1, 1, 1, 1, 1, 1, 1, 1, 1, 1, 
1, 1, 1, 1, 1, 1, 1, 1, 1, 1, 1, 1, 1, 1, 1, 1, 1, 1, 1, 1, 1, 
2.53, 2.316, 2.334, 2.335, 2.479, 2.543, 2.525, 2.575, 2.552, 
2.453, 2.594), .Dim = c(11L, 40L), .Dimnames = list(NULL, c("Sampling", 
"PSO.cost", "PSO.gamma", "PSO.data.balancing", "PSO.feature.selection", 
"PSO.valid.acc", "PSO.test.acc", "PSO.train.time", "PSO.n.support.vectors", 
"PSO.index", "PSO.n.solutions", "PSO.generations", "PSO.n.evaluations", 
"PSO.cpu.time", "RS.cost", "RS.gamma", "RS.data.balancing", "RS.feature.selection", 
"RS.valid.acc", "RS.test.acc", "RS.train.time", "RS.n.support.vectors", 
"RS.index", "RS.n.solutions", "RS.generations", "RS.n.evaluations", 
"RS.cpu.time", "DF.cost", "DF.gamma", "DF.data.balancing", "DF.feature.selection", 
"DF.valid.acc", "DF.test.acc", "DF.train.time", "DF.n.support.vectors", 
"DF.index", "DF.n.solutions", "DF.generations", "DF.n.evaluations", 
"DF.cpu.time")))
