full <-
structure(c(50, 55, 60, 65, 70, 75, 80, 85, 90, 95, 100, 9.90949, 
1, 0.14892, 0.58361, 0.0472, 0.89427, 7.36278, 9.43675, 0.02149, 
12.52943, -0.3194, -12.47909, 0.14286, -2.85184, -4.3391, -4.44834, 
-3.9299, -7.99242, -12.98482, -3.69227, -14.6528, -1.30975, 0, 
0, 0, 0, 0, 0, 0, 0, 0, 0, 0, 0, 0, 0, 0, 0, 0, 0, 0, 0, 0, 0, 
0.89239, 0.90206, 0.88404, 0.87285, 0.88418, 0.88519, 0.87821, 
0.88174, 0.8857, 0.88045, 0.88859, 0.88618, 0.88072, 0.87493, 
0.86751, 0.88034, 0.87318, 0.87051, 0.87433, 0.86912, 0.8741, 
0.87923, 0.0139, 0.0145, 0.0172, 0.0181, 0.0197, 0.021, 0.0217, 
0.0226, 0.0251, 0.0233, 0.0331, 66.9, 83.3, 93.5, 104.1, 118.3, 
108.3, 89.8, 113.8, 130.9, 109.7, 149.9, 1995, 1, 482, 210, 419, 
320, 243, 37, 1278, 185, 642, 9, 254, 185, 39, 72, 41, 94, 146, 
68, 108, 264, 100, 100, 100, 100, 100, 100, 100, 100, 100, 100, 
100, 2500, 2500, 2500, 2500, 2500, 2500, 2500, 2500, 2500, 2500, 
2500, 5973.486, 6191.081, 6127.01, 6330.891, 6342.649, 6376.27099999999, 
6445.973, 6509.898, 6544.026, 6617.71000000001, 7035.459, 10.7211, 
0.38178, 6.90337, 7.42824, 1.44203, 6.52426, 6.27423, 6.98721, 
1.08333, 9.72769, 10.80882, -13.26291, -3.00126, -9.41214, -11.40039, 
-5.66467, -8.21027, -8.7646, -10.36471, -5.01319, -11.76156, 
-12.65778, 0, 0, 0, 0, 0, 0, 0, 0, 0, 0, 0, 0, 0, 0, 0, 0, 0, 
0, 0, 0, 0, 0, 0.88651, 0.90206, 0.87904, 0.87265, 0.87984, 0.88135, 
0.87796, 0.88174, 0.88248, 0.88045, 0.88589, 0.88618, 0.88072, 
0.86443, 0.87265, 0.87634, 0.86518, 0.87081, 0.87076, 0.86912, 
0.8737, 0.86787, 0.0144, 0.0159, 0.0156, 0.0189, 0.0202, 0.0201, 
0.0216, 0.0232, 0.0242, 0.0255, 0.0262, 66.6, 81.3, 80.9, 100.1, 
115, 87.4, 100.6, 111.8, 128.3, 110.4, 113.9, 9, 2174, 773, 819, 
104, 479, 33, 21, 317, 400, 144, 7, 1, 4, 1, 7, 2, 42, 14, 2, 
3, 3, 100, 100, 100, 100, 100, 100, 100, 100, 100, 100, 100, 
2500, 2500, 2500, 2500, 2500, 2500, 2500, 2500, 2500, 2500, 2500, 
6250.075, 6148.323, 6292.187, 6405.087, 6455.313, 6565.38800000001, 
6647.61, 6603.474, 6724.39999999999, 7095.82699999999, 7003.29000000001, 
1, 1, 1, 1, 1, 1, 1, 1, 1, 1, 1, 0.14286, 0.14286, 0.14286, 0.14286, 
0.14286, 0.14286, 0.14286, 0.14286, 0.14286, 0.14286, 0.14286, 
0, 0, 0, 0, 0, 0, 0, 0, 0, 0, 0, 0, 0, 0, 0, 0, 0, 0, 0, 0, 0, 
0, 0.86837, 0.90206, 0.87878, 0.86316, 0.87509, 0.87719, 0.87025, 
0.87124, 0.87557, 0.87349, 0.87696, 0.86882, 0.88072, 0.87493, 
0.86296, 0.88399, 0.87333, 0.87068, 0.87804, 0.87592, 0.86704, 
0.87687, 0.0144, 0.0148, 0.0176, 0.02, 0.0205, 0.0222, 0.0241, 
0.0247, 0.0241, 0.027, 0.0285, 77.7, 83.3, 94.1, 100.5, 106.4, 
109.3, 116.8, 119.8, 124.7, 131.6, 134.6, 1, 1, 1, 1, 1, 1, 1, 
1, 1, 1, 1, 1, 1, 1, 1, 1, 1, 1, 1, 1, 1, 1, 1, 1, 1, 1, 1, 1, 
1, 1, 1, 1, 1, 1, 1, 1, 1, 1, 1, 1, 1, 1, 1, 1, 2.375, 2.336, 
2.505, 2.595, 2.537, 2.648, 2.701, 2.641, 2.517, 2.743, 2.717
), .Dim = c(11L, 40L), .Dimnames = list(NULL, c("Sampling", "PSO.cost", 
"PSO.gamma", "PSO.data.balancing", "PSO.feature.selection", "PSO.valid.acc", 
"PSO.test.acc", "PSO.train.time", "PSO.n.support.vectors", "PSO.index", 
"PSO.n.solutions", "PSO.generations", "PSO.n.evaluations", "PSO.cpu.time", 
"RS.cost", "RS.gamma", "RS.data.balancing", "RS.feature.selection", 
"RS.valid.acc", "RS.test.acc", "RS.train.time", "RS.n.support.vectors", 
"RS.index", "RS.n.solutions", "RS.generations", "RS.n.evaluations", 
"RS.cpu.time", "DF.cost", "DF.gamma", "DF.data.balancing", "DF.feature.selection", 
"DF.valid.acc", "DF.test.acc", "DF.train.time", "DF.n.support.vectors", 
"DF.index", "DF.n.solutions", "DF.generations", "DF.n.evaluations", 
"DF.cpu.time")))
