full <-
structure(c(50, 55, 60, 65, 70, 75, 80, 85, 90, 95, 100, 1.68536, 
2.60921, 8.76078, 1.18957, 2.16919, 3.48781, -0.53489, 1.54179, 
1.56713, 1.1091, 13.17595, -2.75641, -2.64157, -9.63971, -3.25152, 
-2.88127, -6.3978, -2.62274, -4.52801, -2.81739, -2.81482, -15, 
0, 0, 0, 0, 0, 0, 0, 0, 0, 0, 0, 0, 0, 0, 0, 0, 0, 0, 0, 0, 0, 
0, 0.89499, 0.90394, 0.90175, 0.9055, 0.89675, 0.89352, 0.87783, 
0.88499, 0.87171, 0.87297, 0.8755, 0.88772, 0.88198, 0.88697, 
0.88688, 0.89188, 0.87303, 0.86732, 0.87772, 0.86149, 0.86662, 
0.87265, 0.0149, 0.0151, 0.0163, 0.0185, 0.0192, 0.0197, 0.0242, 
0.0218, 0.0242, 0.0248, 0.0242, 71.8, 73.3, 64.8, 85.5, 87.6, 
98.9, 121.8, 116, 115.3, 124.3, 109.7, 2102, 384, 460, 988, 233, 
96, 1121, 417, 167, 933, 51, 2, 140, 42, 137, 191, 83, 59, 93, 
628, 173, 486, 100, 100, 100, 100, 100, 100, 100, 100, 100, 100, 
100, 2500, 2500, 2500, 2500, 2500, 2500, 2500, 2500, 2500, 2500, 
2500, 6344.147, 6283.236, 6331.324, 6423.81, 6259.924, 6597.70600000001, 
6439.50199999999, 6379.645, 6642.867, 6344.961, 6281.556, 0.9907, 
2.63787, 13.95461, 0.74294, 1.88826, 4.74019, -0.51836, -0.57471, 
1.55018, 2.2068, 12.15028, -2.99992, -2.65089, -14.76841, -2.19391, 
-2.54471, -7.34673, -2.28442, -2.68715, -2.58617, -3.9268, -13.89797, 
0, 0, 0, 0, 0, 0, 0, 0, 0, 0, 0, 0, 0, 0, 0, 0, 0, 0, 0, 0, 0, 
0, 0.89467, 0.90394, 0.90175, 0.90054, 0.89675, 0.88982, 0.87783, 
0.88499, 0.87171, 0.86984, 0.8755, 0.88217, 0.88198, 0.88697, 
0.90016, 0.89188, 0.87688, 0.87117, 0.87772, 0.85816, 0.86974, 
0.86962, 0.0137, 0.0146, 0.016, 0.0206, 0.0206, 0.0203, 0.0244, 
0.0238, 0.024, 0.0244, 0.0247, 73.3, 73.1, 62.4, 91.3, 90, 94.4, 
121, 126.4, 117.7, 117.8, 111.1, 1124, 222, 1, 1409, 946, 234, 
345, 18, 284, 691, 1663, 2, 2, 4, 3, 3, 5, 2, 7, 3, 1, 4, 100, 
100, 100, 100, 100, 100, 100, 100, 100, 100, 100, 2500, 2500, 
2500, 2500, 2500, 2500, 2500, 2500, 2500, 2500, 2500, 6337.568, 
6375.981, 6356.1, 6518.573, 6307.048, 6526.03600000001, 6450.08600000001, 
6525.91499999999, 6716.325, 6583.54300000001, 6695.54999999999, 
1, 1, 1, 1, 1, 1, 1, 1, 1, 1, 1, 0.14286, 0.14286, 0.14286, 0.14286, 
0.14286, 0.14286, 0.14286, 0.14286, 0.14286, 0.14286, 0.14286, 
0, 0, 0, 0, 0, 0, 0, 0, 0, 0, 0, 0, 0, 0, 0, 0, 0, 0, 0, 0, 0, 
0, 0.8586, 0.88198, 0.88197, 0.88181, 0.87952, 0.88968, 0.87399, 
0.87784, 0.86515, 0.86036, 0.86666, 0.87073, 0.88865, 0.88747, 
0.90054, 0.88771, 0.88968, 0.87066, 0.87772, 0.85838, 0.85401, 
0.86961, 0.0145, 0.0156, 0.0168, 0.018, 0.02, 0.0209, 0.0227, 
0.0244, 0.0242, 0.0262, 0.0279, 78.9, 82.4, 86.8, 92.6, 99.7, 
105.9, 115.5, 118.8, 125.3, 132.5, 135.2, 1, 1, 1, 1, 1, 1, 1, 
1, 1, 1, 1, 1, 1, 1, 1, 1, 1, 1, 1, 1, 1, 1, 1, 1, 1, 1, 1, 1, 
1, 1, 1, 1, 1, 1, 1, 1, 1, 1, 1, 1, 1, 1, 1, 1, 2.466, 2.491, 
2.374, 2.39, 2.549, 2.542, 2.506, 2.649, 2.45, 2.438, 2.551), .Dim = c(11L, 
40L), .Dimnames = list(NULL, c("Sampling", "PSO.cost", "PSO.gamma", 
"PSO.data.balancing", "PSO.feature.selection", "PSO.valid.acc", 
"PSO.test.acc", "PSO.train.time", "PSO.n.support.vectors", "PSO.index", 
"PSO.n.solutions", "PSO.generations", "PSO.n.evaluations", "PSO.cpu.time", 
"RS.cost", "RS.gamma", "RS.data.balancing", "RS.feature.selection", 
"RS.valid.acc", "RS.test.acc", "RS.train.time", "RS.n.support.vectors", 
"RS.index", "RS.n.solutions", "RS.generations", "RS.n.evaluations", 
"RS.cpu.time", "DF.cost", "DF.gamma", "DF.data.balancing", "DF.feature.selection", 
"DF.valid.acc", "DF.test.acc", "DF.train.time", "DF.n.support.vectors", 
"DF.index", "DF.n.solutions", "DF.generations", "DF.n.evaluations", 
"DF.cpu.time")))
