full <-
structure(c(50, 55, 60, 65, 70, 75, 80, 85, 90, 95, 100, 3.82468, 
1.04975, 13.85958, 4.75715, -0.50196, 8.41638, 8.91665, 0.00847, 
10.82621, -0.22527, 7.72411, -6.14237, -3.29768, -10.77107, -7.90792, 
-2.45864, -8.60736, -5.49211, -4.40287, -11.51377, -1.34317, 
-11.963, 0, 0, 0, 0, 0, 0, 0, 0, 0, 0, 0, 0, 0, 0, 0, 0, 0, 0, 
0, 0, 0, 0, 0.8765, 0.85913, 0.84864, 0.85056, 0.8842, 0.87092, 
0.86795, 0.86354, 0.87453, 0.88254, 0.88173, 0.85071, 0.83299, 
0.82698, 0.85018, 0.86369, 0.85492, 0.86784, 0.84259, 0.86797, 
0.87648, 0.87281, 0.0158, 0.0163, 0.0193, 0.0187, 0.0222, 0.021, 
0.0235, 0.0242, 0.0258, 0.0301, 0.0283, 67, 80.9, 64.5, 90.8, 
109.1, 83.7, 87.3, 137.9, 104.3, 142.8, 141.8, 1403, 417, 1114, 
49, 48, 131, 2088, 531, 1352, 356, 112, 19, 300, 31, 175, 73, 
50, 2, 67, 29, 167, 168, 100, 100, 100, 100, 100, 100, 100, 100, 
100, 100, 100, 2500, 2500, 2500, 2500, 2500, 2500, 2500, 2500, 
2500, 2500, 2500, 6654.509, 6718.658, 6583.482, 6918.949, 7144.073, 
7065.86900000001, 7144.10399999999, 6861.28, 7056.15300000001, 
7083.93999999999, 7127.454, 4.18251, 0.3461, 13.7193, 9.01141, 
-0.75075, 11.15961, 8.06072, 3.45145, 10.76889, 1.61713, 8.22403, 
-7.21182, -3.58674, -10.7459, -11.54968, -2.26054, -13.34696, 
-5.577, -7.63629, -11.45529, -5.27124, -12.44171, 0, 0, 0, 0, 
0, 0, 0, 0, 0, 0, 0, 0, 0, 0, 0, 0, 0, 0, 0, 0, 0, 0, 0.87159, 
0.85437, 0.84864, 0.85397, 0.8842, 0.87076, 0.86742, 0.86344, 
0.87453, 0.87941, 0.88173, 0.8465, 0.84887, 0.82698, 0.8458, 
0.8722, 0.86262, 0.85619, 0.85322, 0.86797, 0.87638, 0.87281, 
0.0157, 0.0176, 0.0196, 0.0195, 0.0218, 0.021, 0.0229, 0.0256, 
0.0236, 0.0267, 0.0279, 71.1, 86.3, 64.4, 85.3, 113, 95.8, 87.1, 
131.1, 104.1, 136.4, 141.2, 331, 642, 139, 1145, 2211, 370, 1345, 
1713, 1882, 1006, 564, 10, 2, 1, 3, 1, 3, 2, 1, 1, 3, 12, 100, 
100, 100, 100, 100, 100, 100, 100, 100, 100, 100, 2500, 2500, 
2500, 2500, 2500, 2500, 2500, 2500, 2500, 2500, 2500, 6711.913, 
6795.052, 6873.563, 7146.111, 7170.015, 7182.463, 7218.72200000001, 
7164.86399999999, 7110.065, 7269.31400000001, 7233.84700000001, 
1, 1, 1, 1, 1, 1, 1, 1, 1, 1, 1, 0.14286, 0.14286, 0.14286, 0.14286, 
0.14286, 0.14286, 0.14286, 0.14286, 0.14286, 0.14286, 0.14286, 
0, 0, 0, 0, 0, 0, 0, 0, 0, 0, 0, 0, 0, 0, 0, 0, 0, 0, 0, 0, 0, 
0, 0.84641, 0.84802, 0.81775, 0.82264, 0.8722, 0.84683, 0.8453, 
0.84581, 0.8614, 0.87335, 0.86986, 0.84715, 0.83299, 0.82445, 
0.83654, 0.86314, 0.855, 0.86373, 0.85259, 0.8614, 0.87032, 0.87014, 
0.0154, 0.0168, 0.0193, 0.0202, 0.021, 0.0228, 0.0226, 0.0239, 
0.0267, 0.0266, 0.0284, 74.1, 85.3, 90.7, 96.5, 105.2, 109.4, 
115, 122.4, 128.2, 132.3, 135.5, 1, 1, 1, 1, 1, 1, 1, 1, 1, 1, 
1, 1, 1, 1, 1, 1, 1, 1, 1, 1, 1, 1, 1, 1, 1, 1, 1, 1, 1, 1, 1, 
1, 1, 1, 1, 1, 1, 1, 1, 1, 1, 1, 1, 1, 2.529, 2.55, 2.856, 2.84, 
2.774, 2.838, 2.663, 2.699, 2.847, 2.713, 2.796), .Dim = c(11L, 
40L), .Dimnames = list(NULL, c("Sampling", "PSO.cost", "PSO.gamma", 
"PSO.data.balancing", "PSO.feature.selection", "PSO.valid.acc", 
"PSO.test.acc", "PSO.train.time", "PSO.n.support.vectors", "PSO.index", 
"PSO.n.solutions", "PSO.generations", "PSO.n.evaluations", "PSO.cpu.time", 
"RS.cost", "RS.gamma", "RS.data.balancing", "RS.feature.selection", 
"RS.valid.acc", "RS.test.acc", "RS.train.time", "RS.n.support.vectors", 
"RS.index", "RS.n.solutions", "RS.generations", "RS.n.evaluations", 
"RS.cpu.time", "DF.cost", "DF.gamma", "DF.data.balancing", "DF.feature.selection", 
"DF.valid.acc", "DF.test.acc", "DF.train.time", "DF.n.support.vectors", 
"DF.index", "DF.n.solutions", "DF.generations", "DF.n.evaluations", 
"DF.cpu.time")))
