full <-
structure(c(50, 55, 60, 65, 70, 75, 80, 85, 90, 95, 100, 5.9567, 
-0.01693, 11.37434, 10.76909, 7.1128, 0.2459, 1.12954, 5.93564, 
-0.24448, 8.40367, 10.14769, -7.04482, -1.47044, -13.9741, -14.58834, 
-7.74729, -1.73054, -2.06005, -7.84881, -2.12454, -11.23423, 
-11.25239, 0, 0, 0, 0, 0, 0, 0, 0, 0, 0, 0, 0, 0, 0, 0, 0, 0, 
0, 0, 0, 0, 0, 0.88067, 0.88171, 0.86679, 0.87813, 0.8824, 0.89399, 
0.88345, 0.88617, 0.88079, 0.88551, 0.88104, 0.86886, 0.8538, 
0.83741, 0.86902, 0.86081, 0.88262, 0.86463, 0.86178, 0.87062, 
0.87299, 0.86901, 0.0166, 0.018, 0.0162, 0.0177, 0.0188, 0.0233, 
0.0236, 0.0223, 0.0271, 0.0243, 0.0243, 66.7, 92.2, 81.9, 98.4, 
78.5, 114.1, 115.9, 102.9, 131.8, 118.7, 106.1, 91, 2345, 410, 
328, 28, 379, 718, 23, 1252, 1427, 149, 163, 1, 81, 213, 62, 
841, 52, 530, 90, 7, 309, 100, 100, 100, 100, 100, 100, 100, 
100, 100, 100, 100, 2500, 2500, 2500, 2500, 2500, 2500, 2500, 
2500, 2500, 2500, 2500, 6300.299, 6377.637, 6342.399, 6378.512, 
6415.902, 6504.83899999999, 6670.101, 6551.13499999999, 6737.815, 
6541.16099999999, 6609.03600000001, 3.18453, 1.26331, 10.92691, 
7.39899, 12.31774, -0.14349, 0.57644, 5.27678, -0.07117, -0.5616, 
7.8211, -5.09058, -2.08119, -13.60182, -11.24302, -13.04939, 
-1.19921, -1.34593, -7.38962, -1.69372, -1.39037, -9.36763, 0, 
0, 0, 0, 0, 0, 0, 0, 0, 0, 0, 0, 0, 0, 0, 0, 0, 0, 0, 0, 0, 0, 
0.88067, 0.87639, 0.86679, 0.87813, 0.8824, 0.88644, 0.88331, 
0.88617, 0.87746, 0.88864, 0.88104, 0.87442, 0.85377, 0.83241, 
0.86902, 0.86081, 0.88245, 0.87233, 0.86165, 0.88646, 0.87046, 
0.87204, 0.0152, 0.0174, 0.0169, 0.0181, 0.0184, 0.0242, 0.0267, 
0.0221, 0.0281, 0.0305, 0.0256, 71.8, 86.4, 82.2, 99.6, 78.5, 
123.1, 125, 104.6, 134.2, 143.5, 108, 153, 939, 1405, 23, 191, 
1460, 470, 128, 1023, 1298, 12, 3, 1, 4, 6, 5, 2, 1, 14, 1, 1, 
28, 100, 100, 100, 100, 100, 100, 100, 100, 100, 100, 100, 2500, 
2500, 2500, 2500, 2500, 2500, 2500, 2500, 2500, 2500, 2500, 6382.535, 
6407.321, 6410.265, 6504.553, 6526.155, 6704.789, 6714.62000000001, 
6772.038, 6847.49200000001, 6632.334, 8568.31400000001, 1, 1, 
1, 1, 1, 1, 1, 1, 1, 1, 1, 0.14286, 0.14286, 0.14286, 0.14286, 
0.14286, 0.14286, 0.14286, 0.14286, 0.14286, 0.14286, 0.14286, 
0, 0, 0, 0, 0, 0, 0, 0, 0, 0, 0, 0, 0, 0, 0, 0, 0, 0, 0, 0, 0, 
0, 0.8446, 0.86001, 0.82765, 0.85517, 0.86081, 0.87025, 0.87149, 
0.88189, 0.86062, 0.87339, 0.86632, 0.86331, 0.84387, 0.83341, 
0.86406, 0.86081, 0.86303, 0.87218, 0.87179, 0.86358, 0.87027, 
0.86926, 0.0161, 0.017, 0.0178, 0.019, 0.0207, 0.0214, 0.0223, 
0.0244, 0.0255, 0.0253, 0.0295, 81.8, 86.4, 93.6, 100.9, 106, 
111.6, 117.3, 124.2, 128, 130.7, 135.1, 1, 1, 1, 1, 1, 1, 1, 
1, 1, 1, 1, 1, 1, 1, 1, 1, 1, 1, 1, 1, 1, 1, 1, 1, 1, 1, 1, 1, 
1, 1, 1, 1, 1, 1, 1, 1, 1, 1, 1, 1, 1, 1, 1, 1, 2.562, 2.543, 
2.504, 2.524, 2.611, 2.629, 2.603, 2.635, 2.67, 2.507, 3.326), .Dim = c(11L, 
40L), .Dimnames = list(NULL, c("Sampling", "PSO.cost", "PSO.gamma", 
"PSO.data.balancing", "PSO.feature.selection", "PSO.valid.acc", 
"PSO.test.acc", "PSO.train.time", "PSO.n.support.vectors", "PSO.index", 
"PSO.n.solutions", "PSO.generations", "PSO.n.evaluations", "PSO.cpu.time", 
"RS.cost", "RS.gamma", "RS.data.balancing", "RS.feature.selection", 
"RS.valid.acc", "RS.test.acc", "RS.train.time", "RS.n.support.vectors", 
"RS.index", "RS.n.solutions", "RS.generations", "RS.n.evaluations", 
"RS.cpu.time", "DF.cost", "DF.gamma", "DF.data.balancing", "DF.feature.selection", 
"DF.valid.acc", "DF.test.acc", "DF.train.time", "DF.n.support.vectors", 
"DF.index", "DF.n.solutions", "DF.generations", "DF.n.evaluations", 
"DF.cpu.time")))
