full <-
structure(c(50, 55, 60, 65, 70, 75, 80, 85, 90, 95, 100, 8.34567, 
0.49339, 7.01233, 4.2891, 2.58135, 1.61964, 1.88893, 7.71813, 
0.1848, 7.51764, 11.10883, -6.18078, -1.6375, -8.12877, -4.82195, 
-5.14747, -2.93161, -3.4219, -6.10421, -4.70209, -10.06551, -10.27615, 
0, 0, 0, 0, 0, 0, 0, 0, 0, 0, 0, 0, 0, 0, 0, 0, 0, 0, 0, 0, 0, 
0, 0.85139, 0.84841, 0.86712, 0.87791, 0.87823, 0.88543, 0.8753, 
0.87926, 0.88113, 0.87448, 0.878, 0.82175, 0.82181, 0.85236, 
0.87293, 0.86989, 0.86583, 0.83758, 0.85764, 0.85197, 0.86518, 
0.85079, 0.0162, 0.017, 0.0156, 0.0166, 0.0181, 0.0194, 0.0204, 
0.0215, 0.0246, 0.0235, 0.0241, 63.8, 92.6, 75, 78.5, 92.5, 96.6, 
104.1, 93.2, 142.5, 117.1, 98.7, 30, 358, 176, 247, 123, 715, 
1212, 22, 685, 584, 174, 248, 44, 414, 173, 227, 61, 14, 182, 
20, 15, 623, 100, 100, 100, 100, 100, 100, 100, 100, 100, 100, 
100, 2500, 2500, 2500, 2500, 2500, 2500, 2500, 2500, 2500, 2500, 
2500, 5738.402, 5813.04, 5877.177, 5953.277, 5931.93, 5921.924, 
5915.637, 5997.738, 6126.14600000001, 6154.429, 6120.285, 8.16225, 
11.67693, 7.83272, 4.67013, 3.36059, 0.03338, 1.50313, 8.1922, 
5.99598, 1.28623, 9.05472, -6.07042, -14.34579, -8.96137, -5.20713, 
-6.05927, -1.15081, -3.08535, -6.80207, -6.73624, -3.70959, -10.56083, 
0, 0, 0, 0, 0, 0, 0, 0, 0, 0, 0, 0, 0, 0, 0, 0, 0, 0, 0, 0, 0, 
0, 0.85139, 0.84757, 0.86712, 0.87791, 0.87823, 0.88189, 0.8716, 
0.87569, 0.88102, 0.87155, 0.87791, 0.8146, 0.83675, 0.85236, 
0.87769, 0.86118, 0.85027, 0.84115, 0.86087, 0.87099, 0.86196, 
0.86274, 0.0149, 0.0151, 0.0158, 0.0179, 0.0174, 0.0236, 0.02, 
0.0214, 0.0214, 0.0242, 0.0234, 63.9, 75.7, 74.8, 78.8, 92.7, 
118.9, 105.1, 92, 98.3, 124.2, 109, 306, 2004, 343, 811, 35, 
1325, 182, 200, 656, 537, 488, 2, 1, 8, 2, 10, 1, 1, 11, 1, 1, 
3, 100, 100, 100, 100, 100, 100, 100, 100, 100, 100, 100, 2500, 
2500, 2500, 2500, 2500, 2500, 2500, 2500, 2500, 2500, 2500, 5789.363, 
5903.258, 6018.243, 6055.726, 5981.659, 6023.64400000001, 6067.43299999999, 
6222.47100000001, 6267.883, 6356.451, 6410.603, 1, 1, 1, 1, 1, 
1, 1, 1, 1, 1, 1, 0.14286, 0.14286, 0.14286, 0.14286, 0.14286, 
0.14286, 0.14286, 0.14286, 0.14286, 0.14286, 0.14286, 0, 0, 0, 
0, 0, 0, 0, 0, 0, 0, 0, 0, 0, 0, 0, 0, 0, 0, 0, 0, 0, 0, 0.82502, 
0.8423, 0.84685, 0.8632, 0.87006, 0.86154, 0.85618, 0.85822, 
0.87468, 0.86224, 0.86596, 0.83841, 0.82151, 0.84259, 0.858, 
0.87802, 0.8415, 0.84832, 0.86121, 0.86433, 0.85873, 0.86284, 
0.015, 0.0161, 0.018, 0.0182, 0.019, 0.0201, 0.0213, 0.0227, 
0.024, 0.0257, 0.0265, 82.4, 86.5, 91, 98.2, 102.8, 106.5, 114.9, 
120.3, 124.6, 131.1, 135.4, 1, 1, 1, 1, 1, 1, 1, 1, 1, 1, 1, 
1, 1, 1, 1, 1, 1, 1, 1, 1, 1, 1, 1, 1, 1, 1, 1, 1, 1, 1, 1, 1, 
1, 1, 1, 1, 1, 1, 1, 1, 1, 1, 1, 1, 2.293, 2.319, 2.492, 2.364, 
2.349, 2.357, 2.367, 2.415, 2.434, 2.452, 2.429), .Dim = c(11L, 
40L), .Dimnames = list(NULL, c("Sampling", "PSO.cost", "PSO.gamma", 
"PSO.data.balancing", "PSO.feature.selection", "PSO.valid.acc", 
"PSO.test.acc", "PSO.train.time", "PSO.n.support.vectors", "PSO.index", 
"PSO.n.solutions", "PSO.generations", "PSO.n.evaluations", "PSO.cpu.time", 
"RS.cost", "RS.gamma", "RS.data.balancing", "RS.feature.selection", 
"RS.valid.acc", "RS.test.acc", "RS.train.time", "RS.n.support.vectors", 
"RS.index", "RS.n.solutions", "RS.generations", "RS.n.evaluations", 
"RS.cpu.time", "DF.cost", "DF.gamma", "DF.data.balancing", "DF.feature.selection", 
"DF.valid.acc", "DF.test.acc", "DF.train.time", "DF.n.support.vectors", 
"DF.index", "DF.n.solutions", "DF.generations", "DF.n.evaluations", 
"DF.cpu.time")))
