full <-
structure(c(50, 55, 60, 65, 70, 75, 80, 85, 90, 95, 100, 1.63007, 
12.31603, 1.71678, 9.11733, 6.87925, 14.11015, 4.28786, 0.70831, 
0.35303, 6.53157, 1.45171, -3.02437, -9.34076, -2.4832, -8.2746, 
-9.67057, -15, -6.8751, -3.51991, -3.18762, -7.71724, -3.21282, 
0, 0, 0, 0, 0, 0, 0, 0, 0, 0, 0, 0, 0, 0, 0, 0, 0, 0, 0, 0, 0, 
0, 0.87726, 0.8596, 0.88628, 0.895, 0.88925, 0.889, 0.89269, 
0.88764, 0.89063, 0.87845, 0.88653, 0.87194, 0.84205, 0.8599, 
0.8898, 0.88525, 0.87732, 0.88171, 0.87342, 0.88103, 0.85037, 
0.88359, 0.0146, 0.018, 0.0161, 0.0167, 0.0183, 0.0192, 0.0205, 
0.023, 0.0256, 0.0228, 0.0254, 77.2, 62.7, 90.9, 74.3, 96.1, 
84.5, 106, 117.2, 121.8, 105, 123.8, 279, 292, 735, 572, 1744, 
151, 1154, 330, 246, 335, 179, 274, 335, 147, 90, 2, 623, 27, 
229, 327, 88, 85, 100, 100, 100, 100, 100, 100, 100, 100, 100, 
100, 100, 2500, 2500, 2500, 2500, 2500, 2500, 2500, 2500, 2500, 
2500, 2500, 6078.572, 6148.687, 6151.773, 6127.305, 6143.133, 
6148.275, 6320.16900000001, 6398.342, 6395.643, 6308.19500000001, 
6443.01300000001, 1.77443, 12.2467, 0.07005, 4.5942, 7.02937, 
8.80188, 4.37321, 0.74395, 0.73664, 9.08738, 1.67078, -2.4395, 
-9.53609, -2.05054, -4.82316, -9.82507, -9.70174, -6.97114, -3.51283, 
-3.64078, -10.22915, -3.44693, 0, 0, 0, 0, 0, 0, 0, 0, 0, 0, 
0, 0, 0, 0, 0, 0, 0, 0, 0, 0, 0, 0, 0.87726, 0.8596, 0.88582, 
0.89091, 0.88925, 0.889, 0.89269, 0.8843, 0.89063, 0.8757, 0.88368, 
0.86017, 0.85872, 0.86562, 0.87694, 0.88525, 0.87732, 0.878, 
0.87342, 0.88074, 0.8532, 0.88359, 0.0145, 0.018, 0.0179, 0.016, 
0.0172, 0.0187, 0.0203, 0.0236, 0.0231, 0.0236, 0.0261, 77.5, 
63.1, 98, 80.9, 95.7, 84.2, 105.9, 116.8, 121.8, 106.2, 123, 
740, 629, 504, 982, 569, 165, 287, 187, 53, 1696, 613, 3, 4, 
1, 1, 1, 11, 1, 2, 9, 3, 1, 100, 100, 100, 100, 100, 100, 100, 
100, 100, 100, 100, 2500, 2500, 2500, 2500, 2500, 2500, 2500, 
2500, 2500, 2500, 2500, 6054.734, 6110.743, 6151.11400000001, 
6179.444, 6305.899, 6358.507, 6506.05899999999, 6464.734, 6474.185, 
6626.342, 6679.70699999999, 1, 1, 1, 1, 1, 1, 1, 1, 1, 1, 1, 
0.14286, 0.14286, 0.14286, 0.14286, 0.14286, 0.14286, 0.14286, 
0.14286, 0.14286, 0.14286, 0.14286, 0, 0, 0, 0, 0, 0, 0, 0, 0, 
0, 0, 0, 0, 0, 0, 0, 0, 0, 0, 0, 0, 0, 0.85902, 0.85293, 0.87072, 
0.87752, 0.87325, 0.88099, 0.88171, 0.87666, 0.8873, 0.86877, 
0.87146, 0.84925, 0.85352, 0.86538, 0.86011, 0.87725, 0.86127, 
0.874, 0.86985, 0.87769, 0.86866, 0.87146, 0.0141, 0.0168, 0.0172, 
0.0172, 0.0191, 0.0193, 0.0218, 0.0222, 0.024, 0.0257, 0.0264, 
82, 90.1, 96.6, 98.6, 104.9, 106.7, 114.5, 118.4, 122.1, 129.9, 
135.3, 1, 1, 1, 1, 1, 1, 1, 1, 1, 1, 1, 1, 1, 1, 1, 1, 1, 1, 
1, 1, 1, 1, 1, 1, 1, 1, 1, 1, 1, 1, 1, 1, 1, 1, 1, 1, 1, 1, 1, 
1, 1, 1, 1, 1, 2.332, 2.477, 2.528, 2.344, 2.497, 2.398, 2.431, 
2.422, 2.568, 2.529, 2.518), .Dim = c(11L, 40L), .Dimnames = list(
    NULL, c("Sampling", "PSO.cost", "PSO.gamma", "PSO.data.balancing", 
    "PSO.feature.selection", "PSO.valid.acc", "PSO.test.acc", 
    "PSO.train.time", "PSO.n.support.vectors", "PSO.index", "PSO.n.solutions", 
    "PSO.generations", "PSO.n.evaluations", "PSO.cpu.time", "RS.cost", 
    "RS.gamma", "RS.data.balancing", "RS.feature.selection", 
    "RS.valid.acc", "RS.test.acc", "RS.train.time", "RS.n.support.vectors", 
    "RS.index", "RS.n.solutions", "RS.generations", "RS.n.evaluations", 
    "RS.cpu.time", "DF.cost", "DF.gamma", "DF.data.balancing", 
    "DF.feature.selection", "DF.valid.acc", "DF.test.acc", "DF.train.time", 
    "DF.n.support.vectors", "DF.index", "DF.n.solutions", "DF.generations", 
    "DF.n.evaluations", "DF.cpu.time")))
