full <-
structure(c(50, 55, 60, 65, 70, 75, 80, 85, 90, 95, 100, 5.22609, 
12.63372, 9.61089, 6.8836, 4.78757, 3.16289, 5.17293, 6.39612, 
-0.37028, 3.33085, 6.9852, -9.33151, -15, -12.45433, -10.69678, 
-5.58448, -6.84599, -7.99276, -8.47313, -1.92723, -7.08049, -9.87455, 
0, 0, 0, 0, 0, 0, 0, 0, 0, 0, 0, 0, 0, 0, 0, 0, 0, 0, 0, 0, 0, 
0, 0.84961, 0.86568, 0.85257, 0.86743, 0.8719, 0.87755, 0.88319, 
0.88199, 0.88912, 0.89223, 0.88143, 0.80766, 0.81769, 0.84733, 
0.84903, 0.86752, 0.86206, 0.85978, 0.8672, 0.8666, 0.88889, 
0.87261, 0.0158, 0.0163, 0.016, 0.0175, 0.0173, 0.0196, 0.0203, 
0.0218, 0.0248, 0.0247, 0.0243, 87.4, 77.4, 89.4, 102.7, 83.4, 
114.9, 111.4, 102.5, 131.1, 133.9, 122.9, 339, 124, 159, 140, 
2154, 1079, 1983, 18, 1060, 1070, 25, 60, 12, 136, 276, 2, 10, 
2, 559, 85, 74, 197, 100, 100, 100, 100, 100, 100, 100, 100, 
100, 100, 100, 2500, 2500, 2500, 2500, 2500, 2500, 2500, 2500, 
2500, 2500, 2500, 5754.003, 6163.31, 5948.003, 5763.825, 5795.014, 
5837.75, 5867.62800000001, 5838.86700000001, 6096.446, 6124.23700000001, 
6152.235, 7.80791, 3.88994, 10.02905, 5.49219, 4.93467, 2.49887, 
4.98756, 4.97873, 0.15416, 3.23141, 7.07354, -11.86132, -6.52126, 
-12.84952, -7.39834, -5.66103, -4.45974, -7.80879, -7.09317, 
-1.81272, -6.96793, -10.00183, 0, 0, 0, 0, 0, 0, 0, 0, 0, 0, 
0, 0, 0, 0, 0, 0, 0, 0, 0, 0, 0, 0, 0.84961, 0.86071, 0.85257, 
0.86792, 0.8719, 0.87751, 0.88319, 0.88199, 0.88589, 0.89223, 
0.88143, 0.81391, 0.82237, 0.84233, 0.85907, 0.86752, 0.86578, 
0.86005, 0.8603, 0.87619, 0.89223, 0.87261, 0.0159, 0.0165, 0.0165, 
0.0175, 0.0173, 0.0189, 0.0202, 0.0209, 0.0247, 0.0242, 0.0245, 
84.5, 80.6, 88, 85.1, 82.9, 99.8, 111.4, 102.9, 126.8, 134, 123.5, 
1196, 1500, 99, 2484, 2249, 1556, 1807, 488, 528, 791, 980, 3, 
4, 15, 1, 1, 1, 1, 2, 6, 3, 7, 100, 100, 100, 100, 100, 100, 
100, 100, 100, 100, 100, 2500, 2500, 2500, 2500, 2500, 2500, 
2500, 2500, 2500, 2500, 2500, 5959.818, 5978.581, 5922.416, 5837.142, 
5904.933, 5964.96899999999, 5954.446, 6166.141, 6199.567, 6275.97100000001, 
6339.04600000002, 1, 1, 1, 1, 1, 1, 1, 1, 1, 1, 1, 0.14286, 0.14286, 
0.14286, 0.14286, 0.14286, 0.14286, 0.14286, 0.14286, 0.14286, 
0.14286, 0.14286, 0, 0, 0, 0, 0, 0, 0, 0, 0, 0, 0, 0, 0, 0, 0, 
0, 0, 0, 0, 0, 0, 0, 0.82597, 0.83907, 0.82757, 0.84468, 0.85809, 
0.86164, 0.86391, 0.86448, 0.8765, 0.87961, 0.87261, 0.83748, 
0.82878, 0.83733, 0.85877, 0.85826, 0.86564, 0.86006, 0.86782, 
0.87316, 0.8798, 0.86967, 0.0164, 0.017, 0.0171, 0.0192, 0.0191, 
0.0206, 0.0211, 0.0229, 0.0235, 0.0249, 0.0279, 83, 90, 98.3, 
101.7, 103.8, 112.5, 120, 121.3, 124.5, 129.3, 135.1, 1, 1, 1, 
1, 1, 1, 1, 1, 1, 1, 1, 1, 1, 1, 1, 1, 1, 1, 1, 1, 1, 1, 1, 1, 
1, 1, 1, 1, 1, 1, 1, 1, 1, 1, 1, 1, 1, 1, 1, 1, 1, 1, 1, 1, 2.5, 
2.461, 2.275, 2.454, 2.312, 2.329, 2.298, 2.381, 2.385, 2.415, 
2.576), .Dim = c(11L, 40L), .Dimnames = list(NULL, c("Sampling", 
"PSO.cost", "PSO.gamma", "PSO.data.balancing", "PSO.feature.selection", 
"PSO.valid.acc", "PSO.test.acc", "PSO.train.time", "PSO.n.support.vectors", 
"PSO.index", "PSO.n.solutions", "PSO.generations", "PSO.n.evaluations", 
"PSO.cpu.time", "RS.cost", "RS.gamma", "RS.data.balancing", "RS.feature.selection", 
"RS.valid.acc", "RS.test.acc", "RS.train.time", "RS.n.support.vectors", 
"RS.index", "RS.n.solutions", "RS.generations", "RS.n.evaluations", 
"RS.cpu.time", "DF.cost", "DF.gamma", "DF.data.balancing", "DF.feature.selection", 
"DF.valid.acc", "DF.test.acc", "DF.train.time", "DF.n.support.vectors", 
"DF.index", "DF.n.solutions", "DF.generations", "DF.n.evaluations", 
"DF.cpu.time")))
