full <-
structure(c(50, 55, 60, 65, 70, 75, 80, 85, 90, 95, 100, 0.96697, 
0.02108, 5.33173, 4.47423, 0.37472, 0.991, 1.40216, -0.06717, 
1.60351, 2.16435, -0.3791, -3.12975, -3.53592, -8.72986, -5.87404, 
-2.60783, -3.78715, -4.48858, -3.00582, -2.5861, -3.68737, -1.67692, 
0, 0, 0, 0, 0, 0, 0, 0, 0, 0, 0, 0, 0, 0, 0, 0, 0, 0, 0, 0, 0, 
0, 0.88595, 0.88812, 0.89172, 0.90082, 0.89404, 0.89412, 0.89308, 
0.88776, 0.89502, 0.89134, 0.87613, 0.86238, 0.88206, 0.86688, 
0.89193, 0.89389, 0.88653, 0.87826, 0.88062, 0.89201, 0.88499, 
0.88177, 0.0156, 0.017, 0.0163, 0.0188, 0.0188, 0.0205, 0.0211, 
0.0225, 0.0245, 0.0238, 0.0319, 81.2, 92.1, 91.6, 78.2, 100.3, 
103, 107.2, 120.7, 115.7, 112.9, 144.6, 93, 1052, 22, 352, 1291, 
1828, 969, 1653, 398, 511, 2151, 407, 13, 341, 211, 69, 17, 57, 
6, 378, 51, 13, 100, 100, 100, 100, 100, 100, 100, 100, 100, 
100, 100, 2500, 2500, 2500, 2500, 2500, 2500, 2500, 2500, 2500, 
2500, 2500, 5975.271, 6070.364, 6338.266, 6329.867, 6402.63, 
6387.528, 6504.71900000001, 6322.121, 6517.09400000001, 6417.31199999999, 
6582.08699999998, 1.34334, 0.71724, 7.12266, 2.66523, 0.26321, 
-0.33081, -0.75978, -0.06315, 1.40034, 2.04409, 0.42967, -3.60489, 
-3.59124, -10.37574, -3.06933, -2.50594, -1.97359, -3.32731, 
-2.99534, -2.4324, -3.60734, -4.49984, 0, 0, 0, 0, 0, 0, 0, 0, 
0, 0, 0, 0, 0, 0, 0, 0, 0, 0, 0, 0, 0, 0, 0.88595, 0.88783, 0.89172, 
0.90082, 0.89404, 0.89041, 0.89308, 0.88431, 0.89502, 0.88831, 
0.87571, 0.86238, 0.88733, 0.86609, 0.89647, 0.88989, 0.88322, 
0.88183, 0.88062, 0.88868, 0.88499, 0.86956, 0.0148, 0.0156, 
0.0172, 0.0194, 0.0194, 0.0229, 0.0221, 0.0224, 0.0263, 0.0236, 
0.0264, 78.1, 87.1, 91.5, 86, 100.8, 113.7, 121.7, 120.5, 116.9, 
113.5, 145, 714, 886, 29, 40, 5, 1527, 1291, 874, 1092, 1281, 
740, 2, 3, 86, 12, 2, 2, 1, 1, 2, 1, 4, 100, 100, 100, 100, 100, 
100, 100, 100, 100, 100, 100, 2500, 2500, 2500, 2500, 2500, 2500, 
2500, 2500, 2500, 2500, 2500, 6016.043, 6309.74, 6384.25, 6412.56299999999, 
6501.647, 6526.943, 6367.988, 6510.92400000001, 6638.772, 6575.66800000001, 
6705.11000000002, 1, 1, 1, 1, 1, 1, 1, 1, 1, 1, 1, 0.14286, 0.14286, 
0.14286, 0.14286, 0.14286, 0.14286, 0.14286, 0.14286, 0.14286, 
0.14286, 0.14286, 0, 0, 0, 0, 0, 0, 0, 0, 0, 0, 0, 0, 0, 0, 0, 
0, 0, 0, 0, 0, 0, 0, 0.86205, 0.88783, 0.8867, 0.8863, 0.88966, 
0.88241, 0.87811, 0.88074, 0.88856, 0.88215, 0.86722, 0.86863, 
0.88733, 0.8817, 0.88671, 0.88553, 0.89037, 0.88566, 0.88062, 
0.88222, 0.88215, 0.87285, 0.0159, 0.0172, 0.0182, 0.0186, 0.0192, 
0.022, 0.0237, 0.0242, 0.0252, 0.0256, 0.0266, 85.3, 92.3, 95, 
97.7, 102.8, 107.6, 112.3, 119.5, 123.9, 128.2, 133.9, 1, 1, 
1, 1, 1, 1, 1, 1, 1, 1, 1, 1, 1, 1, 1, 1, 1, 1, 1, 1, 1, 1, 1, 
1, 1, 1, 1, 1, 1, 1, 1, 1, 1, 1, 1, 1, 1, 1, 1, 1, 1, 1, 1, 1, 
2.407, 2.533, 2.613, 2.413, 2.412, 2.671, 2.658, 2.593, 2.628, 
2.497, 2.51), .Dim = c(11L, 40L), .Dimnames = list(NULL, c("Sampling", 
"PSO.cost", "PSO.gamma", "PSO.data.balancing", "PSO.feature.selection", 
"PSO.valid.acc", "PSO.test.acc", "PSO.train.time", "PSO.n.support.vectors", 
"PSO.index", "PSO.n.solutions", "PSO.generations", "PSO.n.evaluations", 
"PSO.cpu.time", "RS.cost", "RS.gamma", "RS.data.balancing", "RS.feature.selection", 
"RS.valid.acc", "RS.test.acc", "RS.train.time", "RS.n.support.vectors", 
"RS.index", "RS.n.solutions", "RS.generations", "RS.n.evaluations", 
"RS.cpu.time", "DF.cost", "DF.gamma", "DF.data.balancing", "DF.feature.selection", 
"DF.valid.acc", "DF.test.acc", "DF.train.time", "DF.n.support.vectors", 
"DF.index", "DF.n.solutions", "DF.generations", "DF.n.evaluations", 
"DF.cpu.time")))
