full <-
structure(c(50, 55, 60, 65, 70, 75, 80, 85, 90, 95, 100, 4.06732, 
12.19635, 8.51432, 3.28648, 3.57926, 3.09937, 5.42954, 10.84695, 
5.31683, 1.21832, 4.74462, -4.03234, -13.59276, -9.89307, -6.04449, 
-5.21279, -4.66336, -6.54181, -13.81026, -7.97301, -2.44516, 
-9.14002, 0, 0, 0, 0, 0, 0, 0, 0, 0, 0, 0, 0, 0, 0, 0, 0, 0, 
0, 0, 0, 0, 0, 0.86764, 0.87166, 0.84633, 0.85804, 0.85781, 0.85028, 
0.85875, 0.87812, 0.87863, 0.8659, 0.8811, 0.83736, 0.85002, 
0.8258, 0.81749, 0.85235, 0.84258, 0.8475, 0.86348, 0.87511, 
0.85641, 0.87806, 0.0141, 0.0147, 0.0152, 0.0187, 0.0184, 0.019, 
0.0218, 0.0227, 0.0232, 0.0271, 0.0272, 69.4, 70.3, 73.1, 92.1, 
87.7, 96.2, 93.4, 108.8, 109.8, 125.6, 143.3, 156, 1081, 1589, 
1222, 625, 396, 97, 320, 226, 226, 591, 101, 22, 4, 41, 43, 188, 
149, 38, 132, 412, 74, 100, 100, 100, 100, 100, 100, 100, 100, 
100, 100, 100, 2500, 2500, 2500, 2500, 2500, 2500, 2500, 2500, 
2500, 2500, 2500, 6137.479, 6172.557, 6129.224, 6215.274, 6268.624, 
6457.732, 6427.163, 6392.92599999999, 6653.482, 6503.83899999999, 
6439.61900000001, 4.48297, 9.24809, 12.7314, 1.97904, 0.94883, 
3.04879, 3.18606, 7.11332, 5.35908, 1.17373, 5.69954, -4.57413, 
-10.08859, -13.54621, -4.84627, -4.36725, -4.73336, -5.42088, 
-9.42221, -8.00738, -2.35813, -10.07545, 0, 0, 0, 0, 0, 0, 0, 
0, 0, 0, 0, 0, 0, 0, 0, 0, 0, 0, 0, 0, 0, 0, 0.86764, 0.86639, 
0.84611, 0.85369, 0.85589, 0.84657, 0.85875, 0.88123, 0.87863, 
0.8659, 0.8811, 0.86069, 0.83949, 0.82604, 0.81749, 0.83904, 
0.84258, 0.85876, 0.86719, 0.87511, 0.85329, 0.87806, 0.0141, 
0.0151, 0.0159, 0.0175, 0.0196, 0.0211, 0.0214, 0.0225, 0.0233, 
0.0273, 0.0258, 67, 68.3, 71.1, 95, 104.3, 97.1, 102, 102.8, 
109.7, 125.9, 143.2, 378, 179, 134, 748, 1513, 22, 46, 1371, 
406, 1993, 773, 2, 7, 24, 2, 1, 3, 8, 1, 1, 1, 3, 100, 100, 100, 
100, 100, 100, 100, 100, 100, 100, 100, 2500, 2500, 2500, 2500, 
2500, 2500, 2500, 2500, 2500, 2500, 2500, 6171.369, 6196.436, 
6214.916, 6300.59, 6535.308, 6522.299, 6538.73800000001, 6732.322, 
6860.121, 6629.924, 6661.02799999999, 1, 1, 1, 1, 1, 1, 1, 1, 
1, 1, 1, 0.14286, 0.14286, 0.14286, 0.14286, 0.14286, 0.14286, 
0.14286, 0.14286, 0.14286, 0.14286, 0.14286, 0, 0, 0, 0, 0, 0, 
0, 0, 0, 0, 0, 0, 0, 0, 0, 0, 0, 0, 0, 0, 0, 0, 0.82042, 0.82894, 
0.83609, 0.83134, 0.83469, 0.82665, 0.8435, 0.86037, 0.86903, 
0.85623, 0.86317, 0.82708, 0.82309, 0.82654, 0.83114, 0.83053, 
0.82669, 0.84433, 0.85683, 0.8753, 0.85944, 0.86915, 0.0143, 
0.0162, 0.016, 0.0191, 0.0193, 0.0218, 0.0235, 0.0248, 0.0234, 
0.0272, 0.0254, 81, 86.8, 96.1, 101.1, 106.3, 114.3, 119.1, 121.7, 
125.8, 130.3, 134.6, 1, 1, 1, 1, 1, 1, 1, 1, 1, 1, 1, 1, 1, 1, 
1, 1, 1, 1, 1, 1, 1, 1, 1, 1, 1, 1, 1, 1, 1, 1, 1, 1, 1, 1, 1, 
1, 1, 1, 1, 1, 1, 1, 1, 1, 2.349, 2.534, 2.319, 2.545, 2.43, 
2.542, 2.597, 2.653, 2.408, 2.69, 2.4), .Dim = c(11L, 40L), .Dimnames = list(
    NULL, c("Sampling", "PSO.cost", "PSO.gamma", "PSO.data.balancing", 
    "PSO.feature.selection", "PSO.valid.acc", "PSO.test.acc", 
    "PSO.train.time", "PSO.n.support.vectors", "PSO.index", "PSO.n.solutions", 
    "PSO.generations", "PSO.n.evaluations", "PSO.cpu.time", "RS.cost", 
    "RS.gamma", "RS.data.balancing", "RS.feature.selection", 
    "RS.valid.acc", "RS.test.acc", "RS.train.time", "RS.n.support.vectors", 
    "RS.index", "RS.n.solutions", "RS.generations", "RS.n.evaluations", 
    "RS.cpu.time", "DF.cost", "DF.gamma", "DF.data.balancing", 
    "DF.feature.selection", "DF.valid.acc", "DF.test.acc", "DF.train.time", 
    "DF.n.support.vectors", "DF.index", "DF.n.solutions", "DF.generations", 
    "DF.n.evaluations", "DF.cpu.time")))
