full <-
structure(c(50, 55, 60, 65, 70, 75, 80, 85, 90, 95, 100, -0.192, 
0.63612, -0.22985, 0.35312, 0.09338, 2.00964, 1.63299, 0.69342, 
2.03281, 2.43014, 5.32164, -2.98726, -4.00246, -1.65816, -1.89213, 
-3.74116, -6.29395, -1.8862, -0.82209, -2.72252, -4.06374, -4.01948, 
0, 0, 0, 0, 0, 0, 0, 0, 0, 0, 0, 0, 0, 0, 0, 0, 0, 0, 0, 0, 0, 
0, 0.88401, 0.89391, 0.86646, 0.86135, 0.86906, 0.8738, 0.87047, 
0.87488, 0.8774, 0.89106, 0.87861, 0.88228, 0.89391, 0.84584, 
0.8479, 0.85163, 0.86623, 0.83696, 0.86774, 0.87427, 0.87552, 
0.85853, 0.0168, 0.0172, 0.0215, 0.0199, 0.023, 0.0203, 0.0239, 
0.0286, 0.0233, 0.0246, 0.0255, 90.8, 91.2, 103.3, 105.8, 112.8, 
119.7, 120.6, 141.1, 116.4, 115.5, 110.1, 363, 412, 192, 699, 
562, 246, 908, 420, 401, 70, 872, 105, 341, 121, 73, 311, 115, 
135, 119, 382, 741, 190, 100, 100, 100, 100, 100, 100, 100, 100, 
100, 100, 100, 2500, 2500, 2500, 2500, 2500, 2500, 2500, 2500, 
2500, 2500, 2500, 6357.006, 6548.997, 6623.742, 6349.838, 6634.21, 
6194.661, 6287.04399999999, 6330.443, 6279.25999999999, 6294.32400000001, 
6342.387, 0.76631, -0.17445, -0.44475, 0.43757, 0.207, 2.11979, 
1.63725, 0.03244, 2.05532, 2.76549, 6.43473, -4.00277, -2.06009, 
-1.52494, -1.89214, -1.58075, -6.30781, -1.89502, -1.43943, -2.41959, 
-4.28068, -4.66002, 0, 0, 0, 0, 0, 0, 0, 0, 0, 0, 0, 0, 0, 0, 
0, 0, 0, 0, 0, 0, 0, 0, 0.88332, 0.88894, 0.86646, 0.85718, 0.86527, 
0.8738, 0.87047, 0.87501, 0.8774, 0.89106, 0.87816, 0.87603, 
0.88836, 0.85695, 0.84335, 0.8571, 0.8704, 0.83696, 0.86048, 
0.87103, 0.87239, 0.8614, 0.0166, 0.0185, 0.0205, 0.0195, 0.0228, 
0.022, 0.0238, 0.0258, 0.0248, 0.0235, 0.0256, 88.2, 93.2, 105.1, 
105.8, 112.3, 119.1, 120.2, 132.1, 120.6, 112.9, 105, 2194, 2230, 
1738, 997, 472, 536, 1043, 1422, 890, 179, 1025, 1, 2, 2, 1, 
3, 2, 1, 1, 2, 2, 3, 100, 100, 100, 100, 100, 100, 100, 100, 
100, 100, 100, 2500, 2500, 2500, 2500, 2500, 2500, 2500, 2500, 
2500, 2500, 2500, 6542.258, 6608.273, 6657.622, 6370.68, 6379.6, 
6266.96500000001, 6336.894, 6416.35299999999, 6501.527, 6461.56599999999, 
6590.144, 1, 1, 1, 1, 1, 1, 1, 1, 1, 1, 1, 0.14286, 0.14286, 
0.14286, 0.14286, 0.14286, 0.14286, 0.14286, 0.14286, 0.14286, 
0.14286, 0.14286, 0, 0, 0, 0, 0, 0, 0, 0, 0, 0, 0, 0, 0, 0, 0, 
0, 0, 0, 0, 0, 0, 0, 0.86558, 0.87809, 0.85538, 0.85137, 0.85179, 
0.85855, 0.85548, 0.86048, 0.86114, 0.87219, 0.86687, 0.8764, 
0.88774, 0.85538, 0.85172, 0.85656, 0.85894, 0.85933, 0.86369, 
0.87439, 0.88471, 0.87201, 0.0174, 0.019, 0.0195, 0.0201, 0.0194, 
0.0211, 0.0225, 0.0253, 0.0248, 0.025, 0.0279, 89.8, 91.5, 99.4, 
106.3, 110.2, 112.8, 118.3, 123.5, 126.6, 131.5, 134.3, 1, 1, 
1, 1, 1, 1, 1, 1, 1, 1, 1, 1, 1, 1, 1, 1, 1, 1, 1, 1, 1, 1, 1, 
1, 1, 1, 1, 1, 1, 1, 1, 1, 1, 1, 1, 1, 1, 1, 1, 1, 1, 1, 1, 1, 
2.642, 2.628, 2.607, 2.604, 2.398, 2.377, 2.507, 2.632, 2.472, 
2.425, 2.52), .Dim = c(11L, 40L), .Dimnames = list(NULL, c("Sampling", 
"PSO.cost", "PSO.gamma", "PSO.data.balancing", "PSO.feature.selection", 
"PSO.valid.acc", "PSO.test.acc", "PSO.train.time", "PSO.n.support.vectors", 
"PSO.index", "PSO.n.solutions", "PSO.generations", "PSO.n.evaluations", 
"PSO.cpu.time", "RS.cost", "RS.gamma", "RS.data.balancing", "RS.feature.selection", 
"RS.valid.acc", "RS.test.acc", "RS.train.time", "RS.n.support.vectors", 
"RS.index", "RS.n.solutions", "RS.generations", "RS.n.evaluations", 
"RS.cpu.time", "DF.cost", "DF.gamma", "DF.data.balancing", "DF.feature.selection", 
"DF.valid.acc", "DF.test.acc", "DF.train.time", "DF.n.support.vectors", 
"DF.index", "DF.n.solutions", "DF.generations", "DF.n.evaluations", 
"DF.cpu.time")))
