full <-
structure(c(50, 55, 60, 65, 70, 75, 80, 85, 90, 95, 100, 6.65197, 
8.51307, 12.00511, 6.32817, 4.3124, -0.15521, 0.32145, 2.64378, 
3.03027, 0.01055, 3.54237, -6.93404, -12.58616, -15, -8.49025, 
-7.56009, -1.6186, -0.83875, -4.3841, -6.35387, -3.15444, -7.59592, 
0, 0, 0, 0, 0, 0, 0, 0, 0, 0, 0, 0, 0, 0, 0, 0, 0, 0, 0, 0, 0, 
0, 0.84304, 0.87006, 0.87078, 0.87427, 0.86031, 0.87423, 0.87726, 
0.86427, 0.86464, 0.87465, 0.88397, 0.81358, 0.83872, 0.85951, 
0.86109, 0.83911, 0.86207, 0.85131, 0.84999, 0.86464, 0.86536, 
0.86917, 0.0143, 0.0153, 0.0152, 0.0164, 0.0178, 0.0199, 0.0267, 
0.0206, 0.0249, 0.0254, 0.0282, 64.9, 91.3, 86.2, 85.1, 102.3, 
117.9, 133.5, 108.2, 124.7, 134.1, 141.1, 495, 221, 88, 373, 
1824, 497, 884, 632, 34, 79, 110, 48, 85, 196, 66, 42, 410, 414, 
58, 193, 455, 102, 100, 100, 100, 100, 100, 100, 100, 100, 100, 
100, 100, 2500, 2500, 2500, 2500, 2500, 2500, 2500, 2500, 2500, 
2500, 2500, 6250.133, 6253.962, 6114.716, 6155.93, 6207.681, 
6212.593, 6382.02, 6353.664, 6369.61499999999, 6408.997, 6604.27800000001, 
7.35499, 4.49134, 8.08412, 6.45873, 1.04995, -0.45832, 0.45056, 
1.36666, 4.51658, 0.50116, -0.17492, -7.49609, -8.54137, -10.99139, 
-8.52456, -2.76409, -1.61093, -0.78558, -2.89996, -7.63161, -3.25341, 
-1.44025, 0, 0, 0, 0, 0, 0, 0, 0, 0, 0, 0, 0, 0, 0, 0, 0, 0, 
0, 0, 0, 0, 0, 0.84304, 0.87006, 0.87078, 0.87427, 0.85981, 0.87023, 
0.87726, 0.8639, 0.86475, 0.87162, 0.88416, 0.81358, 0.84372, 
0.85951, 0.86109, 0.84813, 0.85082, 0.85131, 0.85356, 0.86454, 
0.86536, 0.87497, 0.014, 0.0156, 0.0168, 0.0159, 0.0183, 0.0203, 
0.0266, 0.0218, 0.0245, 0.0248, 0.0304, 63.5, 91, 85.4, 84.4, 
103.2, 120.6, 134.3, 113.7, 121.2, 128.8, 145.7, 230, 143, 165, 
329, 601, 648, 642, 18, 2019, 481, 1321, 2, 14, 8, 2, 1, 1, 1, 
2, 1, 1, 1, 100, 100, 100, 100, 100, 100, 100, 100, 100, 100, 
100, 2500, 2500, 2500, 2500, 2500, 2500, 2500, 2500, 2500, 2500, 
2500, 6276.88, 6240.06, 6231.458, 6257.66299999999, 6299.931, 
6287.14300000001, 6464.33100000001, 6516.357, 6497.761, 6592.50999999999, 
6579.54399999999, 1, 1, 1, 1, 1, 1, 1, 1, 1, 1, 1, 0.14286, 0.14286, 
0.14286, 0.14286, 0.14286, 0.14286, 0.14286, 0.14286, 0.14286, 
0.14286, 0.14286, 0, 0, 0, 0, 0, 0, 0, 0, 0, 0, 0, 0, 0, 0, 0, 
0, 0, 0, 0, 0, 0, 0, 0.83091, 0.85424, 0.85475, 0.86118, 0.85582, 
0.85451, 0.85447, 0.84998, 0.85797, 0.87162, 0.86605, 0.83711, 
0.83251, 0.85951, 0.8444, 0.84763, 0.85421, 0.85846, 0.86034, 
0.86776, 0.86214, 0.86329, 0.0152, 0.0155, 0.0168, 0.0169, 0.0184, 
0.02, 0.023, 0.0244, 0.0264, 0.0254, 0.0281, 86.8, 91, 95, 100.1, 
109.3, 112.6, 117.6, 124, 130.8, 132.8, 134.7, 1, 1, 1, 1, 1, 
1, 1, 1, 1, 1, 1, 1, 1, 1, 1, 1, 1, 1, 1, 1, 1, 1, 1, 1, 1, 1, 
1, 1, 1, 1, 1, 1, 1, 1, 1, 1, 1, 1, 1, 1, 1, 1, 1, 1, 2.505, 
2.454, 2.462, 2.448, 2.499, 2.527, 2.618, 2.621, 2.597, 2.519, 
2.679), .Dim = c(11L, 40L), .Dimnames = list(NULL, c("Sampling", 
"PSO.cost", "PSO.gamma", "PSO.data.balancing", "PSO.feature.selection", 
"PSO.valid.acc", "PSO.test.acc", "PSO.train.time", "PSO.n.support.vectors", 
"PSO.index", "PSO.n.solutions", "PSO.generations", "PSO.n.evaluations", 
"PSO.cpu.time", "RS.cost", "RS.gamma", "RS.data.balancing", "RS.feature.selection", 
"RS.valid.acc", "RS.test.acc", "RS.train.time", "RS.n.support.vectors", 
"RS.index", "RS.n.solutions", "RS.generations", "RS.n.evaluations", 
"RS.cpu.time", "DF.cost", "DF.gamma", "DF.data.balancing", "DF.feature.selection", 
"DF.valid.acc", "DF.test.acc", "DF.train.time", "DF.n.support.vectors", 
"DF.index", "DF.n.solutions", "DF.generations", "DF.n.evaluations", 
"DF.cpu.time")))
