full <-
structure(c(50, 55, 60, 65, 70, 75, 80, 85, 90, 95, 100, 2.3704, 
3.06574, 2.52334, 12.0253, 2.14303, 0.50111, -0.23399, 3.87938, 
9.74581, 3.29036, 5.41072, -3.70235, -4.0035, -5.24201, -13.59125, 
-3.98968, -2.93685, -3.29498, -5.43679, -12.47342, -6.68345, 
-8.4825, 0, 0, 0, 0, 0, 0, 0, 0, 0, 0, 0, 0, 0, 0, 0, 0, 0, 0, 
0, 0, 0, 0, 0.85768, 0.86628, 0.88289, 0.86386, 0.86931, 0.8775, 
0.87123, 0.8699, 0.87325, 0.87589, 0.87806, 0.84696, 0.84813, 
0.86723, 0.85352, 0.85357, 0.86117, 0.86067, 0.86297, 0.86003, 
0.8667, 0.8661, 0.017, 0.0155, 0.0188, 0.0187, 0.0193, 0.0218, 
0.0235, 0.0229, 0.0224, 0.0247, 0.0252, 71.6, 74.9, 86.4, 80.6, 
94.3, 107.9, 120.5, 102.8, 112.6, 129.6, 124.4, 252, 1526, 661, 
53, 533, 76, 1938, 47, 979, 1998, 109, 204, 10, 75, 122, 516, 
270, 6, 108, 27, 1, 100, 100, 100, 100, 100, 100, 100, 100, 100, 
100, 100, 100, 2500, 2500, 2500, 2500, 2500, 2500, 2500, 2500, 
2500, 2500, 2500, 6361.273, 6458.979, 6298.501, 6574.338, 6316.65, 
6341.07799999999, 6524.802, 6377.389, 6393.287, 6299.10299999999, 
6297.47200000001, 1.8256, 3.06211, 5.85688, 11.02437, 2.02566, 
-0.04644, 0.02175, 3.61491, 8.96645, 3.39317, -0.41231, -2.72291, 
-4.06022, -8.39451, -12.62657, -3.82228, -2.2184, -4.14403, -5.0175, 
-11.68247, -6.7795, -2.43905, 0, 0, 0, 0, 0, 0, 0, 0, 0, 0, 0, 
0, 0, 0, 0, 0, 0, 0, 0, 0, 0, 0, 0.85768, 0.86628, 0.87855, 0.86386, 
0.86931, 0.8735, 0.87137, 0.8699, 0.87325, 0.87589, 0.88118, 
0.83473, 0.84813, 0.87278, 0.85352, 0.85357, 0.86533, 0.85667, 
0.86619, 0.86003, 0.8667, 0.8693, 0.0164, 0.0165, 0.0174, 0.0176, 
0.0184, 0.0221, 0.0228, 0.0219, 0.025, 0.0248, 0.0285, 72, 74.9, 
83.3, 81.2, 94.6, 114.2, 125.7, 102.3, 112.1, 129.4, 141.3, 1010, 
1746, 379, 1, 1128, 67, 1859, 289, 429, 944, 1742, 3, 1, 15, 
13, 2, 13, 1, 2, 2, 1, 1, 100, 100, 100, 100, 100, 100, 100, 
100, 100, 100, 100, 2500, 2500, 2500, 2500, 2500, 2500, 2500, 
2500, 2500, 2500, 2500, 6350.674, 6425.519, 6409.55, 6510.974, 
6483.473, 6512.68299999999, 6649.379, 6498.053, 6664.31, 6478.126, 
6691.041, 1, 1, 1, 1, 1, 1, 1, 1, 1, 1, 1, 0.14286, 0.14286, 
0.14286, 0.14286, 0.14286, 0.14286, 0.14286, 0.14286, 0.14286, 
0.14286, 0.14286, 0, 0, 0, 0, 0, 0, 0, 0, 0, 0, 0, 0, 0, 0, 0, 
0, 0, 0, 0, 0, 0, 0, 0.8351, 0.83446, 0.8623, 0.85355, 0.8606, 
0.86532, 0.86011, 0.85189, 0.85648, 0.8577, 0.86593, 0.81771, 
0.8242, 0.86087, 0.85522, 0.85273, 0.86517, 0.86397, 0.86249, 
0.85658, 0.87335, 0.87233, 0.0156, 0.0173, 0.0184, 0.0197, 0.0201, 
0.0217, 0.0237, 0.0247, 0.0246, 0.0273, 0.0269, 77.4, 84.6, 90.9, 
99.1, 105.4, 110.7, 117.8, 121.5, 126, 132.8, 134.6, 1, 1, 1, 
1, 1, 1, 1, 1, 1, 1, 1, 1, 1, 1, 1, 1, 1, 1, 1, 1, 1, 1, 1, 1, 
1, 1, 1, 1, 1, 1, 1, 1, 1, 1, 1, 1, 1, 1, 1, 1, 1, 1, 1, 1, 2.46, 
2.605, 2.6, 2.593, 2.596, 2.628, 2.668, 2.576, 2.449, 2.584, 
2.584), .Dim = c(11L, 40L), .Dimnames = list(NULL, c("Sampling", 
"PSO.cost", "PSO.gamma", "PSO.data.balancing", "PSO.feature.selection", 
"PSO.valid.acc", "PSO.test.acc", "PSO.train.time", "PSO.n.support.vectors", 
"PSO.index", "PSO.n.solutions", "PSO.generations", "PSO.n.evaluations", 
"PSO.cpu.time", "RS.cost", "RS.gamma", "RS.data.balancing", "RS.feature.selection", 
"RS.valid.acc", "RS.test.acc", "RS.train.time", "RS.n.support.vectors", 
"RS.index", "RS.n.solutions", "RS.generations", "RS.n.evaluations", 
"RS.cpu.time", "DF.cost", "DF.gamma", "DF.data.balancing", "DF.feature.selection", 
"DF.valid.acc", "DF.test.acc", "DF.train.time", "DF.n.support.vectors", 
"DF.index", "DF.n.solutions", "DF.generations", "DF.n.evaluations", 
"DF.cpu.time")))
