full <-
structure(c(50, 55, 60, 65, 70, 75, 80, 85, 90, 95, 100, 5.8198, 
5.85357, 11.14552, 9.3286, 15, 11.81379, 14.15113, 8.45256, 8.52094, 
3.42312, 7.84234, -3.21075, -4.87665, -10.82481, -11.55279, -13.96436, 
-13.94951, -15, -9.68486, -13.36468, -7.12006, -10.52401, 0, 
0, 0, 0, 0, 0, 0, 0, 0, 0, 0, 0, 0, 0, 0, 0, 0, 0, 0, 0, 0, 0, 
0.91683, 0.90581, 0.89584, 0.89454, 0.88376, 0.8933, 0.89377, 
0.88951, 0.89129, 0.88983, 0.8809, 0.89877, 0.88417, 0.88003, 
0.87565, 0.87492, 0.89254, 0.88327, 0.86126, 0.87484, 0.87762, 
0.86601, 0.0152, 0.0154, 0.0167, 0.0165, 0.0183, 0.0181, 0.0192, 
0.0204, 0.0278, 0.0248, 0.0269, 67.1, 63.3, 58, 76.4, 68.4, 82.9, 
79, 90.5, 141.8, 129.1, 120.8, 809, 343, 228, 213, 73, 277, 98, 
318, 30, 341, 33, 247, 48, 102, 169, 139, 83, 213, 124, 90, 368, 
508, 100, 100, 100, 100, 100, 100, 100, 100, 100, 100, 100, 2500, 
2500, 2500, 2500, 2500, 2500, 2500, 2500, 2500, 2500, 2500, 5917.326, 
6221.278, 6273.86, 6261.473, 6433.598, 6309.91500000001, 6473.136, 
6477.40399999999, 6776.44, 6761.678, 6889.86199999999, 5.9003, 
3.02741, 2.30744, 10.49651, 7.5778, 10.26704, 10.85457, 8.3765, 
5.23268, -0.33911, 0.10672, -3.25917, -3.71052, -3.17018, -12.6821, 
-7.52122, -12.39099, -11.80071, -9.59725, -10.08657, -0.97455, 
-4.95572, 0, 0, 0, 0, 0, 0, 0, 0, 0, 0, 0, 0, 0, 0, 0, 0, 0, 
0, 0, 0, 0, 0, 0.91095, 0.90501, 0.90077, 0.89454, 0.88728, 0.8933, 
0.89377, 0.88951, 0.89129, 0.89279, 0.88385, 0.89877, 0.88943, 
0.89024, 0.88019, 0.87108, 0.89254, 0.89084, 0.86449, 0.87484, 
0.87388, 0.86923, 0.0152, 0.0164, 0.0172, 0.0176, 0.0183, 0.0192, 
0.0202, 0.0218, 0.0269, 0.0306, 0.0283, 66.9, 68.6, 76.5, 75.9, 
74.4, 83.3, 78.9, 90.4, 143.4, 148.4, 157.6, 436, 162, 520, 132, 
202, 1381, 246, 358, 2319, 998, 2467, 3, 13, 3, 10, 1, 2, 8, 
4, 1, 2, 1, 100, 100, 100, 100, 100, 100, 100, 100, 100, 100, 
100, 2500, 2500, 2500, 2500, 2500, 2500, 2500, 2500, 2500, 2500, 
2500, 6062.184, 6312.721, 6397.75, 6451.825, 6409.605, 6492.181, 
6657.823, 6583.829, 7055.64600000001, 7008.35500000001, 7146.03300000002, 
1, 1, 1, 1, 1, 1, 1, 1, 1, 1, 1, 0.14286, 0.14286, 0.14286, 0.14286, 
0.14286, 0.14286, 0.14286, 0.14286, 0.14286, 0.14286, 0.14286, 
0, 0, 0, 0, 0, 0, 0, 0, 0, 0, 0, 0, 0, 0, 0, 0, 0, 0, 0, 0, 0, 
0, 0.88043, 0.88446, 0.88979, 0.87154, 0.85726, 0.87756, 0.88608, 
0.87581, 0.88161, 0.87016, 0.87493, 0.89293, 0.88367, 0.88397, 
0.86672, 0.86167, 0.88483, 0.89005, 0.86833, 0.87495, 0.8674, 
0.86914, 0.0156, 0.0173, 0.0176, 0.02, 0.0194, 0.0222, 0.0225, 
0.0257, 0.0267, 0.0272, 0.0292, 73.9, 79.4, 85.3, 94, 99.1, 102.5, 
108.4, 118.6, 123.3, 128, 135, 1, 1, 1, 1, 1, 1, 1, 1, 1, 1, 
1, 1, 1, 1, 1, 1, 1, 1, 1, 1, 1, 1, 1, 1, 1, 1, 1, 1, 1, 1, 1, 
1, 1, 1, 1, 1, 1, 1, 1, 1, 1, 1, 1, 1, 2.457, 2.529, 2.485, 2.605, 
2.378, 2.542, 2.595, 2.676, 2.758, 2.688, 2.81), .Dim = c(11L, 
40L), .Dimnames = list(NULL, c("Sampling", "PSO.cost", "PSO.gamma", 
"PSO.data.balancing", "PSO.feature.selection", "PSO.valid.acc", 
"PSO.test.acc", "PSO.train.time", "PSO.n.support.vectors", "PSO.index", 
"PSO.n.solutions", "PSO.generations", "PSO.n.evaluations", "PSO.cpu.time", 
"RS.cost", "RS.gamma", "RS.data.balancing", "RS.feature.selection", 
"RS.valid.acc", "RS.test.acc", "RS.train.time", "RS.n.support.vectors", 
"RS.index", "RS.n.solutions", "RS.generations", "RS.n.evaluations", 
"RS.cpu.time", "DF.cost", "DF.gamma", "DF.data.balancing", "DF.feature.selection", 
"DF.valid.acc", "DF.test.acc", "DF.train.time", "DF.n.support.vectors", 
"DF.index", "DF.n.solutions", "DF.generations", "DF.n.evaluations", 
"DF.cpu.time")))
