full <-
structure(c(50, 55, 60, 65, 70, 75, 80, 85, 90, 95, 100, 13.17219, 
10.90546, 9.18895, 0.74331, 2.77354, 8.40133, 0.37966, 7.92037, 
5.08932, 8.92513, 6.97795, -15, -12.80232, -9.26589, -2.3871, 
-2.81942, -9.29487, -0.55055, -11.29539, -8.08086, -12.53574, 
-10.94702, 0, 0, 0, 0, 0, 0, 0, 0, 0, 0, 0, 0, 0, 0, 0, 0, 0, 
0, 0, 0, 0, 0, 0.91654, 0.89113, 0.89265, 0.90034, 0.89184, 0.88265, 
0.87829, 0.87896, 0.88524, 0.87179, 0.88688, 0.89301, 0.88126, 
0.87803, 0.86787, 0.87463, 0.87534, 0.86004, 0.86118, 0.86534, 
0.86231, 0.87492, 0.0141, 0.015, 0.0171, 0.0193, 0.0198, 0.0202, 
0.0308, 0.0236, 0.0231, 0.0261, 0.0276, 65.3, 71.4, 67.1, 94.5, 
91.5, 84.1, 142.3, 115.3, 118, 127.6, 136.4, 95, 6, 75, 41, 989, 
142, 1908, 324, 1102, 291, 137, 258, 150, 294, 131, 72, 126, 
22, 29, 42, 61, 111, 100, 100, 100, 100, 100, 100, 100, 100, 
100, 100, 100, 2500, 2500, 2500, 2500, 2500, 2500, 2500, 2500, 
2500, 2500, 2500, 6193.294, 6199.298, 6290.301, 6468.852, 6446.113, 
6556.851, 6649.685, 6444.788, 6382.22200000001, 6858.084, 6722.62699999999, 
12.29922, 7.50397, 8.71105, 0.01628, 0.02047, 7.6489, 0.26141, 
4.23455, 5.45397, 8.67605, 10.76029, -14.11848, -10.63395, -9.46071, 
-1.2318, -0.60542, -8.65885, -0.77206, -7.33015, -8.46084, -12.25777, 
-14.82666, 0, 0, 0, 0, 0, 0, 0, 0, 0, 0, 0, 0, 0, 0, 0, 0, 0, 
0, 0, 0, 0, 0, 0.91654, 0.88613, 0.89265, 0.90012, 0.89569, 0.87908, 
0.87472, 0.87896, 0.88524, 0.87179, 0.88688, 0.89301, 0.88682, 
0.8733, 0.88172, 0.87866, 0.87134, 0.87091, 0.86142, 0.86534, 
0.86231, 0.88117, 0.0142, 0.0162, 0.0165, 0.0214, 0.0251, 0.0214, 
0.0283, 0.0223, 0.0234, 0.0266, 0.0265, 65.1, 80.4, 69.9, 104.5, 
122.6, 85.2, 137.2, 112.9, 118.1, 126.4, 137.6, 31, 10, 104, 
214, 665, 65, 921, 742, 2309, 895, 593, 14, 45, 4, 5, 4, 14, 
1, 2, 1, 5, 8, 100, 100, 100, 100, 100, 100, 100, 100, 100, 100, 
100, 2500, 2500, 2500, 2500, 2500, 2500, 2500, 2500, 2500, 2500, 
2500, 6363.459, 6232.267, 6465.896, 6508.431, 6516.267, 6624.008, 
6782.572, 6482.322, 6585.774, 6983.526, 6907.28199999998, 1, 
1, 1, 1, 1, 1, 1, 1, 1, 1, 1, 0.14286, 0.14286, 0.14286, 0.14286, 
0.14286, 0.14286, 0.14286, 0.14286, 0.14286, 0.14286, 0.14286, 
0, 0, 0, 0, 0, 0, 0, 0, 0, 0, 0, 0, 0, 0, 0, 0, 0, 0, 0, 0, 0, 
0, 0.87537, 0.87034, 0.86375, 0.87242, 0.86973, 0.86722, 0.85936, 
0.87145, 0.86212, 0.87169, 0.87769, 0.86949, 0.87005, 0.85894, 
0.86311, 0.87428, 0.86749, 0.86705, 0.86846, 0.87201, 0.86856, 
0.8692, 0.016, 0.0177, 0.0178, 0.019, 0.0217, 0.0217, 0.0229, 
0.0231, 0.0251, 0.0265, 0.0267, 80.5, 87.7, 91.4, 98.4, 103.5, 
108.6, 117.1, 119.4, 124.9, 130.1, 134.4, 1, 1, 1, 1, 1, 1, 1, 
1, 1, 1, 1, 1, 1, 1, 1, 1, 1, 1, 1, 1, 1, 1, 1, 1, 1, 1, 1, 1, 
1, 1, 1, 1, 1, 1, 1, 1, 1, 1, 1, 1, 1, 1, 1, 1, 2.461, 2.506, 
2.52, 2.526, 2.541, 2.583, 2.617, 2.574, 2.67, 2.623, 2.49), .Dim = c(11L, 
40L), .Dimnames = list(NULL, c("Sampling", "PSO.cost", "PSO.gamma", 
"PSO.data.balancing", "PSO.feature.selection", "PSO.valid.acc", 
"PSO.test.acc", "PSO.train.time", "PSO.n.support.vectors", "PSO.index", 
"PSO.n.solutions", "PSO.generations", "PSO.n.evaluations", "PSO.cpu.time", 
"RS.cost", "RS.gamma", "RS.data.balancing", "RS.feature.selection", 
"RS.valid.acc", "RS.test.acc", "RS.train.time", "RS.n.support.vectors", 
"RS.index", "RS.n.solutions", "RS.generations", "RS.n.evaluations", 
"RS.cpu.time", "DF.cost", "DF.gamma", "DF.data.balancing", "DF.feature.selection", 
"DF.valid.acc", "DF.test.acc", "DF.train.time", "DF.n.support.vectors", 
"DF.index", "DF.n.solutions", "DF.generations", "DF.n.evaluations", 
"DF.cpu.time")))
