full <-
structure(c(50, 55, 60, 65, 70, 75, 80, 85, 90, 95, 100, 11.90817, 
6.95026, 1.91809, 5.34453, 2.4002, 0.77084, 1.08884, 9.16989, 
6.54315, 2.22048, 2.27232, -9.47046, -4.89083, -3.66457, -3.06413, 
-4.18026, -2.19776, -4.12161, -10.69036, -7.96883, -5.93084, 
-3.45658, 0, 0, 0, 0, 0, 0, 0, 0, 0, 0, 0, 0, 0, 0, 0, 0, 0, 
0, 0, 0, 0, 0, 0.88986, 0.88685, 0.89154, 0.87722, 0.89487, 0.89911, 
0.86258, 0.87191, 0.87503, 0.87578, 0.87849, 0.85851, 0.84387, 
0.86726, 0.84493, 0.89052, 0.86747, 0.86956, 0.86095, 0.87212, 
0.87265, 0.87546, 0.0155, 0.0143, 0.0167, 0.0191, 0.0178, 0.0212, 
0.0207, 0.0208, 0.0224, 0.0263, 0.0243, 55.9, 64.7, 83.5, 91.2, 
93, 109.9, 114.1, 99.2, 106.4, 134.4, 118.2, 10, 535, 1559, 940, 
1389, 422, 487, 59, 734, 206, 92, 586, 101, 17, 32, 39, 209, 
67, 330, 12, 139, 658, 100, 100, 100, 100, 100, 100, 100, 100, 
100, 100, 100, 2500, 2500, 2500, 2500, 2500, 2500, 2500, 2500, 
2500, 2500, 2500, 5950.778, 5937.49, 5995.237, 6118.819, 5972.322, 
6132.406, 6338.61599999999, 6383.228, 6216.58900000001, 6250.51700000001, 
6384.60799999999, 7.68566, 7.20046, 4.53774, 1.57017, 2.26726, 
4.32632, 1.01477, 9.31476, 4.88655, -0.43358, 2.30717, -10.12212, 
-5.03857, -4.02298, -2.5984, -4.10193, -4.46375, -2.62123, -10.92458, 
-6.3282, -2.25527, -3.53195, 0, 0, 0, 0, 0, 0, 0, 0, 0, 0, 0, 
0, 0, 0, 0, 0, 0, 0, 0, 0, 0, 0, 0.89471, 0.88685, 0.88702, 0.877, 
0.89052, 0.89124, 0.86258, 0.87191, 0.87503, 0.87587, 0.87849, 
0.88117, 0.84387, 0.87273, 0.84947, 0.89034, 0.87132, 0.87351, 
0.85738, 0.86858, 0.87284, 0.87546, 0.0149, 0.0149, 0.0171, 0.0176, 
0.0176, 0.0178, 0.0216, 0.022, 0.0232, 0.0284, 0.0265, 71.7, 
64.3, 76.4, 92.9, 93.5, 90.3, 112, 99.8, 107.3, 141.2, 118.4, 
278, 1477, 8, 1073, 191, 2160, 299, 927, 49, 168, 674, 3, 2, 
4, 1, 1, 2, 5, 3, 4, 1, 5, 100, 100, 100, 100, 100, 100, 100, 
100, 100, 100, 100, 2500, 2500, 2500, 2500, 2500, 2500, 2500, 
2500, 2500, 2500, 2500, 5950.01, 5943.172, 6168.406, 6100.577, 
6124.106, 6235.393, 6503.11, 6366.052, 6421.99000000001, 6440.038, 
6827.36599999999, 1, 1, 1, 1, 1, 1, 1, 1, 1, 1, 1, 0.14286, 0.14286, 
0.14286, 0.14286, 0.14286, 0.14286, 0.14286, 0.14286, 0.14286, 
0.14286, 0.14286, 0, 0, 0, 0, 0, 0, 0, 0, 0, 0, 0, 0, 0, 0, 0, 
0, 0, 0, 0, 0, 0, 0, 0.88882, 0.8765, 0.87128, 0.86766, 0.86913, 
0.88675, 0.85901, 0.86428, 0.8589, 0.86659, 0.86958, 0.87549, 
0.85983, 0.87199, 0.87224, 0.87291, 0.87053, 0.86216, 0.87142, 
0.85556, 0.86972, 0.86949, 0.0153, 0.0156, 0.017, 0.0168, 0.019, 
0.0191, 0.0214, 0.0235, 0.0254, 0.025, 0.0275, 79.6, 86.1, 93.1, 
99.8, 106.4, 112.5, 120.4, 124, 129.5, 134.3, 136.2, 1, 1, 1, 
1, 1, 1, 1, 1, 1, 1, 1, 1, 1, 1, 1, 1, 1, 1, 1, 1, 1, 1, 1, 1, 
1, 1, 1, 1, 1, 1, 1, 1, 1, 1, 1, 1, 1, 1, 1, 1, 1, 1, 1, 1, 2.448, 
2.284, 2.453, 2.216, 2.507, 2.354, 2.567, 2.583, 2.561, 2.319, 
2.613), .Dim = c(11L, 40L), .Dimnames = list(NULL, c("Sampling", 
"PSO.cost", "PSO.gamma", "PSO.data.balancing", "PSO.feature.selection", 
"PSO.valid.acc", "PSO.test.acc", "PSO.train.time", "PSO.n.support.vectors", 
"PSO.index", "PSO.n.solutions", "PSO.generations", "PSO.n.evaluations", 
"PSO.cpu.time", "RS.cost", "RS.gamma", "RS.data.balancing", "RS.feature.selection", 
"RS.valid.acc", "RS.test.acc", "RS.train.time", "RS.n.support.vectors", 
"RS.index", "RS.n.solutions", "RS.generations", "RS.n.evaluations", 
"RS.cpu.time", "DF.cost", "DF.gamma", "DF.data.balancing", "DF.feature.selection", 
"DF.valid.acc", "DF.test.acc", "DF.train.time", "DF.n.support.vectors", 
"DF.index", "DF.n.solutions", "DF.generations", "DF.n.evaluations", 
"DF.cpu.time")))
