full <-
structure(c(50, 55, 60, 65, 70, 75, 80, 85, 90, 95, 100, 4.42712, 
14.78975, 11.93144, 4.10455, 13.22143, 12.58955, 9.86221, 4.34054, 
3.39941, 1, 4.31947, -4.11892, -12.27086, -15, -8.33384, -9.16162, 
-7.86882, -12.78423, -8.49773, -4.75053, 0.25, -6.21251, 0, 0, 
0, 0, 0, 0, 0, 0, 0, 0, 0, 0, 0, 0, 0, 0, 0, 0, 0, 0, 0, 0, 0.97143, 
0.97639, 0.96667, 0.95778, 0.97091, 0.98091, 0.95758, 0.96731, 
0.97683, 0.97033, 0.97333, 0.94782, 0.9371, 0.94444, 0.95778, 
0.94273, 0.97258, 0.94924, 0.95897, 0.97628, 0.95549, 0.95286, 
0.0093, 0.0088, 0.0093, 0.0093, 0.0087, 0.0094, 0.01, 0.0096, 
0.0097, 0.0101, 0.0096, 18.9, 13.5, 31.3, 42.2, 12.7, 12.2, 36.3, 
49.4, 29, 44.1, 31.5, 82, 420, 137, 38, 84, 11, 41, 33, 2024, 
1, 44, 575, 285, 70, 296, 1220, 1219, 175, 164, 1, 63, 210, 100, 
100, 100, 100, 100, 100, 100, 100, 100, 100, 100, 2500, 2500, 
2500, 2500, 2500, 2500, 2500, 2500, 2500, 2500, 2500, 7033.201, 
6933.723, 6921.986, 7000.976, 6924.48499999999, 6645.33900000001, 
6692.382, 6992.51300000001, 6891.405, 6874.77800000001, 6205.29699999999, 
3.78642, 14.26844, 4.42518, 2.72375, 13.4333, 11.67351, 1.13766, 
2.58272, 7.88033, -0.18753, 1.62436, -3.61863, -11.7697, -7.43003, 
-7.02365, -8.62439, -7.03381, -3.17345, -6.73126, -5.82054, -1.81995, 
-4.12749, 0, 0, 0, 0, 0, 0, 0, 0, 0, 0, 0, 0, 0, 0, 0, 0, 0, 
0, 0, 0, 0, 0, 0.97143, 0.97639, 0.96667, 0.95778, 0.97091, 0.98091, 
0.95758, 0.96731, 0.97628, 0.97033, 0.97333, 0.94782, 0.9371, 
0.93333, 0.95778, 0.94273, 0.97258, 0.94924, 0.95897, 0.9609, 
0.95549, 0.94571, 0.0104, 0.0096, 0.0097, 0.0091, 0.0091, 0.009, 
0.0096, 0.0113, 0.0089, 0.0103, 0.0105, 21.3, 13.5, 31, 43.2, 
12.1, 12.3, 34.1, 49.3, 17, 46.1, 40.4, 441, 2318, 216, 95, 106, 
57, 75, 55, 26, 564, 101, 3, 2, 7, 40, 58, 31, 45, 20, 1, 3, 
43, 100, 100, 100, 100, 100, 100, 100, 100, 100, 100, 100, 2500, 
2500, 2500, 2500, 2500, 2500, 2500, 2500, 2500, 2500, 2500, 7046.618, 
6953.649, 7108.21999999999, 6829.878, 6880.527, 6804.95899999999, 
6783.774, 6726.463, 6748.77099999999, 6342.97900000001, 6085.16799999998, 
1, 1, 1, 1, 1, 1, 1, 1, 1, 1, 1, 0.25, 0.25, 0.25, 0.25, 0.25, 
0.25, 0.25, 0.25, 0.25, 0.25, 0.25, 0, 0, 0, 0, 0, 0, 0, 0, 0, 
0, 0, 0, 0, 0, 0, 0, 0, 0, 0, 0, 0, 0, 0.91349, 0.90377, 0.92222, 
0.92444, 0.95273, 0.95273, 0.94091, 0.94988, 0.9543, 0.97033, 
0.95286, 0.93849, 0.91667, 0.92222, 0.92444, 0.94273, 0.94439, 
0.94924, 0.95128, 0.9543, 0.95549, 0.95286, 0.0089, 0.0099, 0.0095, 
0.0089, 0.0094, 0.0099, 0.0104, 0.0101, 0.0098, 0.0106, 0.0103, 
29.1, 31.8, 33.9, 35.7, 36.8, 39.6, 39.9, 41.1, 43.3, 44.1, 45.7, 
1, 1, 1, 1, 1, 1, 1, 1, 1, 1, 1, 1, 1, 1, 1, 1, 1, 1, 1, 1, 1, 
1, 1, 1, 1, 1, 1, 1, 1, 1, 1, 1, 1, 1, 1, 1, 1, 1, 1, 1, 1, 1, 
1, 1, 2.731, 2.869, 2.767, 2.6, 2.638, 2.687, 2.77, 2.815, 2.588, 
2.488, 2.423), .Dim = c(11L, 40L), .Dimnames = list(NULL, c("Sampling", 
"PSO.cost", "PSO.gamma", "PSO.data.balancing", "PSO.feature.selection", 
"PSO.valid.acc", "PSO.test.acc", "PSO.train.time", "PSO.n.support.vectors", 
"PSO.index", "PSO.n.solutions", "PSO.generations", "PSO.n.evaluations", 
"PSO.cpu.time", "RS.cost", "RS.gamma", "RS.data.balancing", "RS.feature.selection", 
"RS.valid.acc", "RS.test.acc", "RS.train.time", "RS.n.support.vectors", 
"RS.index", "RS.n.solutions", "RS.generations", "RS.n.evaluations", 
"RS.cpu.time", "DF.cost", "DF.gamma", "DF.data.balancing", "DF.feature.selection", 
"DF.valid.acc", "DF.test.acc", "DF.train.time", "DF.n.support.vectors", 
"DF.index", "DF.n.solutions", "DF.generations", "DF.n.evaluations", 
"DF.cpu.time")))
