full <-
structure(c(50, 55, 60, 65, 70, 75, 80, 85, 90, 95, 100, 6.17109, 
3.45766, 8.90545, 7.96315, 8.17749, 10.43254, 2.84453, 11.77912, 
7.61974, 3.2051, 15, -6.53858, -3.66836, -11.51897, -8.65085, 
-11.0551, -10.23184, -3.68261, -10.34318, -8.09397, -4.36327, 
-9.54467, 0, 0, 0, 0, 0, 0, 0, 0, 0, 0, 0, 0, 0, 0, 0, 0, 0, 
0, 0, 0, 0, 0, 0.96071, 0.98571, 1, 0.97889, 0.96182, 0.95515, 
0.98258, 0.96969, 0.99286, 0.98516, 0.97333, 0.94643, 0.9621, 
0.96667, 0.95639, 0.96182, 0.93697, 0.98258, 0.9606, 0.97683, 
0.98516, 0.96667, 0.0081, 0.0086, 0.0085, 0.0086, 0.0087, 0.0083, 
0.009, 0.0089, 0.009, 0.0094, 0.0095, 17.5, 21.6, 28.3, 19.2, 
33.8, 18.6, 26.9, 15.1, 20.4, 29.9, 12.7, 10, 454, 723, 47, 360, 
70, 41, 8, 166, 187, 60, 612, 164, 11, 179, 21, 173, 353, 854, 
178, 393, 430, 100, 100, 100, 100, 100, 100, 100, 100, 100, 100, 
100, 2500, 2500, 2500, 2500, 2500, 2500, 2500, 2500, 2500, 2500, 
2500, 6299.066, 6449.964, 6432.965, 6383.84899999999, 6312.065, 
6290.05899999999, 6287.68400000001, 6322.943, 6320.424, 6327.41699999999, 
6362.81299999999, 11.18999, 1.96587, 11.24404, 2.98091, 10.21544, 
6.63432, 6.29394, 9.58333, 11.27651, 2.09135, 3.85653, -11.93011, 
-2.30048, -13.84526, -4.29495, -13.09474, -6.75042, -6.80036, 
-7.62054, -11.72829, -3.51797, -5.31805, 0, 0, 0, 0, 0, 0, 0, 
0, 0, 0, 0, 0, 0, 0, 0, 0, 0, 0, 0, 0, 0, 0, 0.96071, 0.98571, 
1, 0.97889, 0.96182, 0.95515, 0.98258, 0.96969, 0.99286, 0.98516, 
0.98, 0.94643, 0.9496, 0.96667, 0.96889, 0.96182, 0.93697, 0.97424, 
0.9606, 0.97683, 0.98516, 0.96667, 0.0081, 0.0088, 0.0089, 0.0089, 
0.009, 0.0089, 0.0088, 0.009, 0.009, 0.0098, 0.0095, 17.8, 27, 
28.2, 25.2, 33.8, 19.9, 21, 15.2, 20, 33.4, 29.5, 26, 246, 1542, 
109, 287, 69, 247, 3, 637, 61, 754, 183, 7, 1, 41, 2, 12, 33, 
239, 11, 13, 2, 100, 100, 100, 100, 100, 100, 100, 100, 100, 
100, 100, 2500, 2500, 2500, 2500, 2500, 2500, 2500, 2500, 2500, 
2500, 2500, 6361.627, 6450.091, 6423.11, 6374.955, 6331.567, 
6326.602, 6292.103, 6356.33100000001, 6328.613, 6380.94899999999, 
6375.22900000002, 1, 1, 1, 1, 1, 1, 1, 1, 1, 1, 1, 0.25, 0.25, 
0.25, 0.25, 0.25, 0.25, 0.25, 0.25, 0.25, 0.25, 0.25, 0, 0, 0, 
0, 0, 0, 0, 0, 0, 0, 0, 0, 0, 0, 0, 0, 0, 0, 0, 0, 0, 0, 0.93214, 
0.9621, 0.95667, 0.95889, 0.94273, 0.93606, 0.94773, 0.93548, 
0.9554, 0.9635, 0.96667, 0.91786, 0.97639, 0.95667, 0.95889, 
0.95182, 0.93606, 0.95682, 0.95032, 0.9554, 0.97016, 0.96, 0.0087, 
0.0089, 0.0092, 0.0088, 0.0092, 0.0091, 0.0095, 0.0097, 0.0095, 
0.0101, 0.0102, 33.7, 33.1, 35.3, 35.9, 38.9, 39.7, 40.6, 41.9, 
41.5, 44.4, 45.8, 1, 1, 1, 1, 1, 1, 1, 1, 1, 1, 1, 1, 1, 1, 1, 
1, 1, 1, 1, 1, 1, 1, 1, 1, 1, 1, 1, 1, 1, 1, 1, 1, 1, 1, 1, 1, 
1, 1, 1, 1, 1, 1, 1, 1, 2.602, 2.608, 2.563, 2.52, 2.567, 2.523, 
2.513, 2.481, 2.474, 2.527, 2.498), .Dim = c(11L, 40L), .Dimnames = list(
    NULL, c("Sampling", "PSO.cost", "PSO.gamma", "PSO.data.balancing", 
    "PSO.feature.selection", "PSO.valid.acc", "PSO.test.acc", 
    "PSO.train.time", "PSO.n.support.vectors", "PSO.index", "PSO.n.solutions", 
    "PSO.generations", "PSO.n.evaluations", "PSO.cpu.time", "RS.cost", 
    "RS.gamma", "RS.data.balancing", "RS.feature.selection", 
    "RS.valid.acc", "RS.test.acc", "RS.train.time", "RS.n.support.vectors", 
    "RS.index", "RS.n.solutions", "RS.generations", "RS.n.evaluations", 
    "RS.cpu.time", "DF.cost", "DF.gamma", "DF.data.balancing", 
    "DF.feature.selection", "DF.valid.acc", "DF.test.acc", "DF.train.time", 
    "DF.n.support.vectors", "DF.index", "DF.n.solutions", "DF.generations", 
    "DF.n.evaluations", "DF.cpu.time")))
