full <-
structure(c(50, 55, 60, 65, 70, 75, 80, 85, 90, 95, 100, 5.54214, 
11.68657, 1, 5.0874, -0.04062, 13.18736, 4.43792, 3.08313, 10.99511, 
2.96707, 15, -6.79309, -14.76024, 0.25, -4.01782, -3.30784, -14.50217, 
-6.64855, -4.65402, -9.63187, -4.5045, -9.53393, 0, 0, 0, 0, 
0, 0, 0, 0, 0, 0, 0, 0, 0, 0, 0, 0, 0, 0, 0, 0, 0, 0, 0.98889, 
0.97639, 0.97778, 0.97889, 0.98056, 0.97333, 0.975, 0.97564, 
0.97747, 0.98516, 0.98, 0.97222, 0.96389, 0.97778, 0.96639, 0.95056, 
0.965, 0.975, 0.95833, 0.9543, 0.95549, 0.97333, 0.0089, 0.0087, 
0.0089, 0.0088, 0.0093, 0.0087, 0.009, 0.0088, 0.0088, 0.0091, 
0.0092, 17.8, 29.5, 34, 17.3, 41.1, 22.9, 30.4, 28.3, 16.5, 30.6, 
13, 45, 27, 1, 27, 22, 353, 13, 38, 12, 706, 109, 668, 364, 439, 
313, 120, 63, 512, 422, 504, 83, 1265, 100, 100, 100, 100, 100, 
100, 100, 100, 100, 100, 100, 2500, 2500, 2500, 2500, 2500, 2500, 
2500, 2500, 2500, 2500, 2500, 6869.521, 6585.583, 6518.938, 6346.52, 
6357.576, 6203.63, 6202.34, 6228.31599999999, 6267.556, 6230.17200000001, 
6207.25, 9.41103, 0.84493, -0.49972, 4.98465, 9.92681, 2.88997, 
4.27901, 3.88837, 11.90661, 2.80451, 14.87446, -11.32358, -1.97505, 
-1.37627, -3.90475, -13.07041, -5.00449, -6.52196, -5.24112, 
-12.50792, -4.04864, -8.84968, 0, 0, 0, 0, 0, 0, 0, 0, 0, 0, 
0, 0, 0, 0, 0, 0, 0, 0, 0, 0, 0, 0, 0.98889, 0.97639, 0.97778, 
0.97889, 0.98056, 0.97333, 0.98333, 0.97564, 0.97747, 0.98516, 
0.98, 0.98889, 0.96389, 0.97778, 0.96639, 0.95056, 0.94758, 0.975, 
0.96667, 0.97033, 0.96264, 0.95333, 0.0085, 0.0087, 0.0096, 0.0085, 
0.0087, 0.0083, 0.0096, 0.0091, 0.0097, 0.0095, 0.0094, 21, 28.4, 
37.3, 17.4, 33.6, 29.3, 30.5, 26.4, 21.9, 29.9, 12.9, 4, 1, 3, 
289, 98, 321, 780, 62, 13, 1855, 344, 149, 147, 225, 3, 19, 8, 
1, 19, 74, 1, 8, 100, 100, 100, 100, 100, 100, 100, 100, 100, 
100, 100, 2500, 2500, 2500, 2500, 2500, 2500, 2500, 2500, 2500, 
2500, 2500, 6580.258, 6597.719, 6416.118, 6347.868, 6320.092, 
6223.72, 6218.173, 6281.80100000001, 6277.91899999999, 6249.14000000001, 
6242.829, 1, 1, 1, 1, 1, 1, 1, 1, 1, 1, 1, 0.25, 0.25, 0.25, 
0.25, 0.25, 0.25, 0.25, 0.25, 0.25, 0.25, 0.25, 0, 0, 0, 0, 0, 
0, 0, 0, 0, 0, 0, 0, 0, 0, 0, 0, 0, 0, 0, 0, 0, 0, 0.97222, 0.96639, 
0.97778, 0.9775, 0.96056, 0.965, 0.94924, 0.95064, 0.962, 0.95549, 
0.96619, 0.97222, 0.97639, 0.97778, 0.96639, 0.94944, 0.965, 
0.94924, 0.95064, 0.9543, 0.95604, 0.95952, 0.0084, 0.0088, 0.0087, 
0.009, 0.0087, 0.0091, 0.0091, 0.0095, 0.0098, 0.0101, 0.0099, 
31, 33.6, 34, 36.2, 36.6, 39.4, 41.7, 42, 42.7, 43.6, 46.2, 1, 
1, 1, 1, 1, 1, 1, 1, 1, 1, 1, 1, 1, 1, 1, 1, 1, 1, 1, 1, 1, 1, 
1, 1, 1, 1, 1, 1, 1, 1, 1, 1, 1, 1, 1, 1, 1, 1, 1, 1, 1, 1, 1, 
1, 2.621, 2.602, 2.485, 2.524, 2.481, 2.465, 2.467, 2.513, 2.439, 
2.49, 2.455), .Dim = c(11L, 40L), .Dimnames = list(NULL, c("Sampling", 
"PSO.cost", "PSO.gamma", "PSO.data.balancing", "PSO.feature.selection", 
"PSO.valid.acc", "PSO.test.acc", "PSO.train.time", "PSO.n.support.vectors", 
"PSO.index", "PSO.n.solutions", "PSO.generations", "PSO.n.evaluations", 
"PSO.cpu.time", "RS.cost", "RS.gamma", "RS.data.balancing", "RS.feature.selection", 
"RS.valid.acc", "RS.test.acc", "RS.train.time", "RS.n.support.vectors", 
"RS.index", "RS.n.solutions", "RS.generations", "RS.n.evaluations", 
"RS.cpu.time", "DF.cost", "DF.gamma", "DF.data.balancing", "DF.feature.selection", 
"DF.valid.acc", "DF.test.acc", "DF.train.time", "DF.n.support.vectors", 
"DF.index", "DF.n.solutions", "DF.generations", "DF.n.evaluations", 
"DF.cpu.time")))
