full <-
structure(c(50, 55, 60, 65, 70, 75, 80, 85, 90, 95, 100, 12.7891, 
9.61528, 1, 7.64282, 12.75861, 12.65317, 1.54707, 2.86722, 8.05979, 
13.60012, 2.05581, -12.95705, -9.14141, 0.25, -11.97461, -6.94873, 
-11.64057, -4.54377, -2.81342, -9.37404, -15, -4.72104, 0, 0, 
0, 0, 0, 0, 0, 0, 0, 0, 0, 0, 0, 0, 0, 0, 0, 0, 0, 0, 0, 0, 0.98571, 
0.975, 0.97889, 0.95889, 0.98, 0.97273, 0.97488, 0.96014, 0.97692, 
0.98516, 0.97952, 0.98571, 0.95139, 0.94278, 0.94778, 0.95091, 
0.96364, 0.93928, 0.96783, 0.96923, 0.96374, 0.96619, 0.0088, 
0.0089, 0.0094, 0.0095, 0.0084, 0.0095, 0.0101, 0.0098, 0.0107, 
0.0103, 0.0104, 14.7, 15, 35.7, 42.2, 11.5, 15.6, 38, 26.9, 25.8, 
27.7, 40.9, 5, 21, 1, 21, 77, 18, 609, 577, 34, 78, 7, 918, 902, 
608, 141, 365, 985, 88, 44, 169, 63, 607, 100, 100, 100, 100, 
100, 100, 100, 100, 100, 100, 100, 2500, 2500, 2500, 2500, 2500, 
2500, 2500, 2500, 2500, 2500, 2500, 6362.728, 6261.386, 6547.735, 
6475.095, 6498.84, 6642.21799999999, 6636.63099999999, 6582.87000000001, 
6566.842, 6605.80099999999, 6631.88300000002, 7.87862, 14.61862, 
7.6987, 5.34423, 2.09418, 1.57066, 0.26726, 6.40861, 7.03583, 
5.98508, 4.54246, -6.76961, -14.93181, -7.71471, -9.53145, -4.12551, 
-3.98539, -2.85548, -10.9582, -8.36174, -7.73711, -5.97741, 0, 
0, 0, 0, 0, 0, 0, 0, 0, 0, 0, 0, 0, 0, 0, 0, 0, 0, 0, 0, 0, 0, 
0.98571, 0.975, 0.97889, 0.95889, 0.98, 0.98182, 0.97348, 0.96719, 
0.97692, 0.98516, 0.97952, 0.97143, 0.95, 0.95528, 0.94778, 0.96, 
0.97273, 0.94837, 0.9595, 0.96923, 0.97088, 0.96619, 0.008, 0.0089, 
0.0095, 0.0102, 0.0087, 0.0095, 0.0098, 0.0103, 0.0096, 0.0105, 
0.0103, 12.5, 17.2, 16.6, 41.2, 28.6, 32.9, 38.4, 53.3, 26, 30.3, 
29, 1, 11, 1, 58, 18, 510, 692, 292, 33, 85, 121, 298, 214, 252, 
51, 41, 2, 8, 3, 18, 19, 28, 100, 100, 100, 100, 100, 100, 100, 
100, 100, 100, 100, 2500, 2500, 2500, 2500, 2500, 2500, 2500, 
2500, 2500, 2500, 2500, 6307.507, 6405.962, 6537.68, 6372.916, 
6739.33, 6555.673, 6618.91800000001, 6729.55200000001, 6704.833, 
6602.69899999999, 6830.45499999999, 1, 1, 1, 1, 1, 1, 1, 1, 1, 
1, 1, 0.25, 0.25, 0.25, 0.25, 0.25, 0.25, 0.25, 0.25, 0.25, 0.25, 
0.25, 0, 0, 0, 0, 0, 0, 0, 0, 0, 0, 0, 0, 0, 0, 0, 0, 0, 0, 0, 
0, 0, 0, 0.94286, 0.95139, 0.97889, 0.95778, 0.97, 0.96364, 0.95606, 
0.9595, 0.96154, 0.95604, 0.96619, 0.94286, 0.95139, 0.94278, 
0.95778, 0.97, 0.96364, 0.95606, 0.9595, 0.96154, 0.95549, 0.95952, 
0.0089, 0.0091, 0.0096, 0.0088, 0.0098, 0.01, 0.0099, 0.01, 0.0108, 
0.0105, 0.0106, 31.2, 33.7, 35.7, 36.8, 37.4, 39.2, 39.5, 42.1, 
43.1, 45.6, 45.2, 1, 1, 1, 1, 1, 1, 1, 1, 1, 1, 1, 1, 1, 1, 1, 
1, 1, 1, 1, 1, 1, 1, 1, 1, 1, 1, 1, 1, 1, 1, 1, 1, 1, 1, 1, 1, 
1, 1, 1, 1, 1, 1, 1, 1, 2.654, 2.661, 2.645, 2.484, 2.685, 2.718, 
2.709, 2.709, 2.75, 2.563, 2.749), .Dim = c(11L, 40L), .Dimnames = list(
    NULL, c("Sampling", "PSO.cost", "PSO.gamma", "PSO.data.balancing", 
    "PSO.feature.selection", "PSO.valid.acc", "PSO.test.acc", 
    "PSO.train.time", "PSO.n.support.vectors", "PSO.index", "PSO.n.solutions", 
    "PSO.generations", "PSO.n.evaluations", "PSO.cpu.time", "RS.cost", 
    "RS.gamma", "RS.data.balancing", "RS.feature.selection", 
    "RS.valid.acc", "RS.test.acc", "RS.train.time", "RS.n.support.vectors", 
    "RS.index", "RS.n.solutions", "RS.generations", "RS.n.evaluations", 
    "RS.cpu.time", "DF.cost", "DF.gamma", "DF.data.balancing", 
    "DF.feature.selection", "DF.valid.acc", "DF.test.acc", "DF.train.time", 
    "DF.n.support.vectors", "DF.index", "DF.n.solutions", "DF.generations", 
    "DF.n.evaluations", "DF.cpu.time")))
