full <-
structure(c(50, 55, 60, 65, 70, 75, 80, 85, 90, 95, 100, 5.91286, 
10.78199, 6.04858, 3.2553, 2.20511, 12.17286, 15, 6.11446, 6.92454, 
6.12198, 9.3691, -4.08915, -12.30724, -9.35344, -7.21875, -5.26352, 
-13.91877, -9.64265, -10.48494, -11.6, -10.4536, -10.71393, 0, 
0, 0, 0, 0, 0, 0, 0, 0, 0, 0, 0, 0, 0, 0, 0, 0, 0, 0, 0, 0, 0, 
0.94226, 0.94643, 0.96639, 0.95667, 0.96273, 0.96273, 0.96667, 
0.96154, 0.96978, 0.97802, 0.97286, 0.92976, 0.92421, 0.93099, 
0.94556, 0.94273, 0.9353, 0.95833, 0.96154, 0.96978, 0.95604, 
0.96619, 0.0093, 0.0089, 0.0098, 0.0095, 0.0096, 0.0092, 0.0101, 
0.0099, 0.0109, 0.0106, 0.01, 18.1, 22.8, 36.1, 42.2, 37.9, 26.5, 
12.7, 51.7, 57.7, 54.1, 27.4, 104, 193, 432, 4, 185, 13, 41, 
4, 14, 300, 287, 99, 122, 53, 486, 127, 479, 711, 316, 454, 34, 
77, 100, 100, 100, 100, 100, 100, 100, 100, 100, 100, 100, 2500, 
2500, 2500, 2500, 2500, 2500, 2500, 2500, 2500, 2500, 2500, 6758.155, 
6739.996, 6781.964, 6873.409, 6749.637, 6655.034, 6783.82800000001, 
6718.944, 6799.56999999999, 6753.322, 6479.01999999999, 5.74212, 
8.94785, 6.13449, 6.70598, -0.74793, 10.41142, 14.94764, 8.71909, 
1.76636, 4.21985, 3.11475, -10.42595, -10.4561, -9.44833, -10.62758, 
-2.63795, -11.50654, -12.52591, -12.97426, -2.67504, -8.54687, 
-4.27885, 0, 0, 0, 0, 0, 0, 0, 0, 0, 0, 0, 0, 0, 0, 0, 0, 0, 
0, 0, 0, 0, 0, 0.94643, 0.94643, 0.96639, 0.95667, 0.96273, 0.96273, 
0.96667, 0.96154, 0.97033, 0.97802, 0.97286, 0.91726, 0.93532, 
0.93099, 0.93556, 0.96273, 0.9353, 0.96667, 0.96154, 0.96264, 
0.95604, 0.97286, 0.0092, 0.0089, 0.0092, 0.0098, 0.0096, 0.0092, 
0.0095, 0.0105, 0.0107, 0.0109, 0.0096, 41.6, 22.8, 36.3, 41.2, 
48.9, 23.6, 14.9, 49.9, 31, 54.2, 29.6, 41, 794, 34, 7, 76, 33, 
12, 4, 650, 104, 210, 9, 4, 4, 213, 47, 95, 30, 87, 3, 3, 6, 
100, 100, 100, 100, 100, 100, 100, 100, 100, 100, 100, 2500, 
2500, 2500, 2500, 2500, 2500, 2500, 2500, 2500, 2500, 2500, 6725.259, 
6771.11, 6659.355, 6909.431, 6741.051, 6742.073, 6796.84599999999, 
6627.802, 6812.981, 6583.13099999999, 6371.44700000001, 1, 1, 
1, 1, 1, 1, 1, 1, 1, 1, 1, 0.25, 0.25, 0.25, 0.25, 0.25, 0.25, 
0.25, 0.25, 0.25, 0.25, 0.25, 0, 0, 0, 0, 0, 0, 0, 0, 0, 0, 0, 
0, 0, 0, 0, 0, 0, 0, 0, 0, 0, 0, 0.9131, 0.92421, 0.94099, 0.93556, 
0.95273, 0.94439, 0.95833, 0.94487, 0.9543, 0.97088, 0.95238, 
0.92976, 0.92421, 0.94099, 0.93556, 0.95273, 0.94439, 0.94091, 
0.95256, 0.97033, 0.96319, 0.96, 0.0094, 0.0095, 0.0095, 0.0102, 
0.0099, 0.01, 0.0102, 0.0107, 0.0106, 0.0111, 0.0107, 33.2, 34.3, 
35.4, 37.1, 39.6, 40.3, 41.8, 42.4, 42.5, 43.9, 46.1, 1, 1, 1, 
1, 1, 1, 1, 1, 1, 1, 1, 1, 1, 1, 1, 1, 1, 1, 1, 1, 1, 1, 1, 1, 
1, 1, 1, 1, 1, 1, 1, 1, 1, 1, 1, 1, 1, 1, 1, 1, 1, 1, 1, 1, 2.708, 
2.706, 2.664, 2.742, 2.639, 2.706, 2.737, 2.717, 2.799, 2.689, 
2.538), .Dim = c(11L, 40L), .Dimnames = list(NULL, c("Sampling", 
"PSO.cost", "PSO.gamma", "PSO.data.balancing", "PSO.feature.selection", 
"PSO.valid.acc", "PSO.test.acc", "PSO.train.time", "PSO.n.support.vectors", 
"PSO.index", "PSO.n.solutions", "PSO.generations", "PSO.n.evaluations", 
"PSO.cpu.time", "RS.cost", "RS.gamma", "RS.data.balancing", "RS.feature.selection", 
"RS.valid.acc", "RS.test.acc", "RS.train.time", "RS.n.support.vectors", 
"RS.index", "RS.n.solutions", "RS.generations", "RS.n.evaluations", 
"RS.cpu.time", "DF.cost", "DF.gamma", "DF.data.balancing", "DF.feature.selection", 
"DF.valid.acc", "DF.test.acc", "DF.train.time", "DF.n.support.vectors", 
"DF.index", "DF.n.solutions", "DF.generations", "DF.n.evaluations", 
"DF.cpu.time")))
