full <-
structure(c(50, 55, 60, 65, 70, 75, 80, 85, 90, 95, 100, 1, 11.82117, 
1.31587, 1, 13.63863, 0.26387, 1.43899, 1.81622, 9.575, 5.0114, 
2.44867, 0.25, -11.5202, -4.98333, 0.25, -13.48185, -3.42286, 
-4.26549, -6.12324, -12.47328, -9.29798, -5.13609, 0, 0, 0, 0, 
0, 0, 0, 0, 0, 0, 0, 0, 0, 0, 0, 0, 0, 0, 0, 0, 0, 0, 0.97143, 
0.98889, 0.99, 0.98889, 0.99, 0.97182, 0.98333, 0.97628, 0.97628, 
0.9719, 0.97238, 0.95714, 0.9746, 0.98, 0.96889, 0.98091, 0.96348, 
0.98333, 0.95962, 0.9609, 0.9581, 0.96571, 0.0096, 0.0084, 0.009, 
0.0093, 0.0084, 0.0091, 0.0094, 0.0093, 0.0096, 0.0102, 0.0095, 
29.9, 13.5, 36.2, 35.3, 15.5, 40.3, 37.4, 50.4, 36.6, 53.4, 40.6, 
1, 117, 27, 1, 9, 483, 6, 1288, 30, 59, 15, 1133, 35, 345, 825, 
828, 117, 74, 15, 471, 200, 276, 100, 100, 100, 100, 100, 100, 
100, 100, 100, 100, 100, 2500, 2500, 2500, 2500, 2500, 2500, 
2500, 2500, 2500, 2500, 2500, 6453.971, 6554.222, 6530.184, 6485.871, 
6413.88, 6418.676, 6395.466, 6460.28, 6436.34899999999, 6501.99100000001, 
6482.11599999999, 9.78401, 10.26026, 1.45625, 4.90771, 12.24765, 
0.83877, -0.41825, 2.64945, 10.40448, 8.55267, 14.79228, -8.79586, 
-9.94566, -5.09787, -4.9419, -12.71488, -4.12307, -2.17982, -7.0013, 
-14.56256, -12.67862, -11.67943, 0, 0, 0, 0, 0, 0, 0, 0, 0, 0, 
0, 0, 0, 0, 0, 0, 0, 0, 0, 0, 0, 0, 0.97143, 0.98889, 0.99, 0.98889, 
0.99, 0.97182, 0.98333, 0.97628, 0.97628, 0.9719, 0.97238, 0.97143, 
0.9746, 0.98, 0.97889, 0.98091, 0.95348, 0.98333, 0.95962, 0.97628, 
0.95643, 0.9519, 0.0086, 0.0082, 0.0091, 0.0088, 0.0089, 0.0093, 
0.0095, 0.0098, 0.0103, 0.0106, 0.0092, 12.2, 13.5, 35.7, 16.6, 
17.7, 40.3, 42.3, 50.5, 50.5, 51.4, 14.9, 1, 1150, 31, 4, 2, 
1668, 83, 778, 85, 40, 41, 680, 2, 83, 388, 226, 3, 26, 1, 121, 
32, 33, 100, 100, 100, 100, 100, 100, 100, 100, 100, 100, 100, 
2500, 2500, 2500, 2500, 2500, 2500, 2500, 2500, 2500, 2500, 2500, 
6564.31, 6548.885, 6496.756, 6423.377, 6404.994, 6401.33200000001, 
6446.868, 6438.92200000001, 6468.03200000001, 6512.598, 6509.96299999999, 
1, 1, 1, 1, 1, 1, 1, 1, 1, 1, 1, 0.25, 0.25, 0.25, 0.25, 0.25, 
0.25, 0.25, 0.25, 0.25, 0.25, 0.25, 0, 0, 0, 0, 0, 0, 0, 0, 0, 
0, 0, 0, 0, 0, 0, 0, 0, 0, 0, 0, 0, 0, 0.97143, 0.9746, 0.9775, 
0.98889, 0.98091, 0.96273, 0.96591, 0.9609, 0.9609, 0.94929, 
0.96571, 0.95714, 0.9746, 0.96639, 0.96889, 0.98091, 0.97182, 
0.96591, 0.97628, 0.9609, 0.95643, 0.95905, 0.0084, 0.0089, 0.0092, 
0.0093, 0.009, 0.0093, 0.01, 0.0096, 0.0094, 0.0094, 0.011, 29.9, 
30.7, 33.5, 35.3, 36.7, 38.3, 39.3, 39.3, 42.8, 43.2, 46.1, 1, 
1, 1, 1, 1, 1, 1, 1, 1, 1, 1, 1, 1, 1, 1, 1, 1, 1, 1, 1, 1, 1, 
1, 1, 1, 1, 1, 1, 1, 1, 1, 1, 1, 1, 1, 1, 1, 1, 1, 1, 1, 1, 1, 
1, 2.598, 2.602, 2.601, 2.578, 2.59, 2.518, 2.57, 2.581, 2.566, 
2.533, 2.626), .Dim = c(11L, 40L), .Dimnames = list(NULL, c("Sampling", 
"PSO.cost", "PSO.gamma", "PSO.data.balancing", "PSO.feature.selection", 
"PSO.valid.acc", "PSO.test.acc", "PSO.train.time", "PSO.n.support.vectors", 
"PSO.index", "PSO.n.solutions", "PSO.generations", "PSO.n.evaluations", 
"PSO.cpu.time", "RS.cost", "RS.gamma", "RS.data.balancing", "RS.feature.selection", 
"RS.valid.acc", "RS.test.acc", "RS.train.time", "RS.n.support.vectors", 
"RS.index", "RS.n.solutions", "RS.generations", "RS.n.evaluations", 
"RS.cpu.time", "DF.cost", "DF.gamma", "DF.data.balancing", "DF.feature.selection", 
"DF.valid.acc", "DF.test.acc", "DF.train.time", "DF.n.support.vectors", 
"DF.index", "DF.n.solutions", "DF.generations", "DF.n.evaluations", 
"DF.cpu.time")))
