full <-
structure(c(50, 55, 60, 65, 70, 75, 80, 85, 90, 95, 100, 5.52179, 
1.703, 12.23282, 1.07235, 2.58428, 10.31553, 8.27942, 1.83551, 
5.24794, 8.19691, 3.01835, -0.64234, -1.77174, -4.75888, -0.77853, 
-3.02225, -11.84281, -9.76913, -4.2652, -6.84089, -9.9209, -4.88591, 
0, 0, 0, 0, 0, 0, 0, 0, 0, 0, 0, 0, 0, 0, 0, 0, 0, 0, 0, 0, 0, 
0, 1, 1, 0.99, 1, 0.98889, 0.99167, 0.98333, 0.98333, 0.99231, 
0.97857, 0.98667, 1, 0.975, 0.9775, 0.99, 0.97071, 0.9553, 0.95424, 
0.975, 0.98462, 0.97143, 0.96571, 0.0098, 0.0094, 0.0084, 0.0088, 
0.009, 0.0087, 0.0087, 0.0093, 0.0092, 0.0093, 0.0095, 28.6, 
25.7, 10.1, 32.3, 22.6, 23.2, 24.3, 33.9, 26.2, 28.8, 33.2, 8, 
88, 5, 169, 1014, 21, 59, 10, 1042, 291, 708, 1473, 326, 1289, 
72, 24, 120, 249, 115, 33, 40, 96, 100, 100, 100, 100, 100, 100, 
100, 100, 100, 100, 100, 2500, 2500, 2500, 2500, 2500, 2500, 
2500, 2500, 2500, 2500, 2500, 6713.741, 6702.378, 6503.32, 6489.012, 
6358.193, 6366.91600000001, 6426.692, 6428.31599999999, 6348.364, 
6361.65700000001, 6336.374, 2.48584, 1.46767, 12.69834, 3.88981, 
3.49664, 7.43356, 11.61006, 5.50899, 5.14524, 10.49798, 3.11049, 
-0.276, -1.51293, -8.496, -4.2465, -5.23064, -8.91587, -13.20324, 
-7.94264, -6.74109, -12.2146, -5.02681, 0, 0, 0, 0, 0, 0, 0, 
0, 0, 0, 0, 0, 0, 0, 0, 0, 0, 0, 0, 0, 0, 0, 1, 1, 0.99, 1, 0.98182, 
0.99167, 0.98333, 0.98333, 0.99231, 0.97857, 0.98667, 1, 0.975, 
0.98, 0.98, 0.97071, 0.9553, 0.96333, 0.975, 0.98462, 0.97143, 
0.96571, 0.0088, 0.0094, 0.0084, 0.0085, 0.0085, 0.0085, 0.0089, 
0.009, 0.0091, 0.0103, 0.0098, 30.3, 26.7, 9.5, 18.8, 23, 22.6, 
25.1, 30.4, 26.2, 28.9, 33.2, 22, 86, 2, 9, 60, 30, 117, 65, 
1699, 274, 851, 108, 8, 290, 20, 37, 10, 39, 9, 2, 6, 1, 100, 
100, 100, 100, 100, 100, 100, 100, 100, 100, 100, 2500, 2500, 
2500, 2500, 2500, 2500, 2500, 2500, 2500, 2500, 2500, 6752.208, 
6736.595, 6507.767, 6503.242, 6413.337, 6365.38900000001, 6510.546, 
6404.72100000001, 6335.85500000001, 6355.21400000001, 6366.83199999999, 
1, 1, 1, 1, 1, 1, 1, 1, 1, 1, 1, 0.25, 0.25, 0.25, 0.25, 0.25, 
0.25, 0.25, 0.25, 0.25, 0.25, 0.25, 0, 0, 0, 0, 0, 0, 0, 0, 0, 
0, 0, 0, 0, 0, 0, 0, 0, 0, 0, 0, 0, 0, 0.97321, 0.96639, 0.96639, 
0.97, 0.97182, 0.96515, 0.95424, 0.95897, 0.97683, 0.96374, 0.96619, 
0.97321, 0.96639, 0.96639, 0.97, 0.97182, 0.94773, 0.96333, 0.96667, 
0.96914, 0.94945, 0.95905, 0.0082, 0.0086, 0.0083, 0.0093, 0.009, 
0.0089, 0.0091, 0.0093, 0.0095, 0.0097, 0.0101, 27.4, 29.3, 30.1, 
31.8, 35, 35.3, 36.7, 38.4, 40.7, 43.9, 45.2, 1, 1, 1, 1, 1, 
1, 1, 1, 1, 1, 1, 1, 1, 1, 1, 1, 1, 1, 1, 1, 1, 1, 1, 1, 1, 1, 
1, 1, 1, 1, 1, 1, 1, 1, 1, 1, 1, 1, 1, 1, 1, 1, 1, 1, 2.622, 
2.515, 2.541, 2.667, 2.493, 2.459, 2.5, 2.543, 2.457, 2.506, 
2.499), .Dim = c(11L, 40L), .Dimnames = list(NULL, c("Sampling", 
"PSO.cost", "PSO.gamma", "PSO.data.balancing", "PSO.feature.selection", 
"PSO.valid.acc", "PSO.test.acc", "PSO.train.time", "PSO.n.support.vectors", 
"PSO.index", "PSO.n.solutions", "PSO.generations", "PSO.n.evaluations", 
"PSO.cpu.time", "RS.cost", "RS.gamma", "RS.data.balancing", "RS.feature.selection", 
"RS.valid.acc", "RS.test.acc", "RS.train.time", "RS.n.support.vectors", 
"RS.index", "RS.n.solutions", "RS.generations", "RS.n.evaluations", 
"RS.cpu.time", "DF.cost", "DF.gamma", "DF.data.balancing", "DF.feature.selection", 
"DF.valid.acc", "DF.test.acc", "DF.train.time", "DF.n.support.vectors", 
"DF.index", "DF.n.solutions", "DF.generations", "DF.n.evaluations", 
"DF.cpu.time")))
