full <-
structure(c(50, 55, 60, 65, 70, 75, 80, 85, 90, 95, 100, 6.78094, 
9.10549, 5.74415, 3.34339, 0.67499, 3.58259, 11.26268, 2.4865, 
4.13972, 3.99352, 4.00364, -6.982, -9.81265, -7.74602, -6.73825, 
-3.71437, -5.46257, -12.04807, -4.27703, -6.05737, -5.90842, 
-5.93236, 0, 0, 0, 0, 0, 0, 0, 0, 0, 0, 0, 0, 0, 0, 0, 0, 0, 
0, 0, 0, 0, 0, 0.95476, 0.9746, 0.96528, 0.97, 0.96273, 0.98182, 
0.98333, 0.97692, 0.97738, 0.97802, 0.97333, 0.91131, 0.95238, 
0.95417, 0.93889, 0.96273, 0.96364, 0.98333, 0.96923, 0.98452, 
0.97033, 0.95905, 0.0079, 0.0081, 0.0088, 0.0088, 0.0087, 0.0091, 
0.0088, 0.009, 0.0089, 0.009, 0.0095, 16.2, 18.2, 24.2, 35.1, 
37.9, 27, 20.1, 30.8, 29.9, 30.6, 32, 32, 55, 41, 134, 417, 109, 
4, 427, 87, 394, 561, 612, 97, 328, 161, 45, 188, 609, 38, 548, 
121, 139, 100, 100, 100, 100, 100, 100, 100, 100, 100, 100, 100, 
2500, 2500, 2500, 2500, 2500, 2500, 2500, 2500, 2500, 2500, 2500, 
6180.534, 6192.258, 6336.858, 6281.71, 6280.071, 6211.45700000001, 
6072.548, 6018.17899999999, 5963.129, 5989.96000000001, 5985.26100000001, 
8.02376, 7.91288, 8.69809, 1.16251, 1.69046, 5.15577, 8.79828, 
9.32785, 3.3849, 2.8942, 5.73365, -9.3811, -8.64677, -10.88471, 
-4.06359, -4.88976, -6.86184, -9.12108, -12.55108, -4.725, -4.83849, 
-7.8837, 0, 0, 0, 0, 0, 0, 0, 0, 0, 0, 0, 0, 0, 0, 0, 0, 0, 0, 
0, 0, 0, 0, 0.95476, 0.9746, 0.96528, 0.97, 0.96273, 0.98182, 
0.98333, 0.97692, 0.97738, 0.97802, 0.97333, 0.9381, 0.95238, 
0.94306, 0.94889, 0.95273, 0.97273, 0.98333, 0.96154, 0.9685, 
0.97033, 0.95238, 0.0083, 0.0083, 0.0085, 0.0091, 0.0085, 0.0086, 
0.0083, 0.009, 0.0089, 0.0094, 0.009, 19.3, 18.2, 25, 34, 37.1, 
24.7, 19.2, 39.3, 28, 32.1, 32.9, 16, 337, 31, 802, 514, 37, 
26, 22, 913, 58, 49, 105, 8, 13, 8, 4, 22, 131, 5, 8, 22, 13, 
100, 100, 100, 100, 100, 100, 100, 100, 100, 100, 100, 2500, 
2500, 2500, 2500, 2500, 2500, 2500, 2500, 2500, 2500, 2500, 6191.793, 
6323.468, 6299.978, 6283.745, 6264.66299999999, 6229.69900000001, 
6009.01000000001, 5977.448, 5991.01599999999, 5977.948, 6026.97199999999, 
1, 1, 1, 1, 1, 1, 1, 1, 1, 1, 1, 0.25, 0.25, 0.25, 0.25, 0.25, 
0.25, 0.25, 0.25, 0.25, 0.25, 0.25, 0, 0, 0, 0, 0, 0, 0, 0, 0, 
0, 0, 0, 0, 0, 0, 0, 0, 0, 0, 0, 0, 0, 0.92381, 0.93849, 0.93306, 
0.91667, 0.94273, 0.95455, 0.96667, 0.94551, 0.962, 0.96319, 
0.96619, 0.89881, 0.93849, 0.92194, 0.91667, 0.94273, 0.95455, 
0.95833, 0.95385, 0.962, 0.95549, 0.96619, 0.0087, 0.0085, 0.0086, 
0.0088, 0.0089, 0.0095, 0.0091, 0.0093, 0.0093, 0.0092, 0.0102, 
31.5, 33.1, 33.1, 35.5, 36.3, 38.1, 39.1, 41.5, 43, 44.2, 45.5, 
1, 1, 1, 1, 1, 1, 1, 1, 1, 1, 1, 1, 1, 1, 1, 1, 1, 1, 1, 1, 1, 
1, 1, 1, 1, 1, 1, 1, 1, 1, 1, 1, 1, 1, 1, 1, 1, 1, 1, 1, 1, 1, 
1, 1, 2.495, 2.516, 2.484, 2.49, 2.466, 2.519, 2.383, 2.392, 
2.386, 2.378, 2.412), .Dim = c(11L, 40L), .Dimnames = list(NULL, 
    c("Sampling", "PSO.cost", "PSO.gamma", "PSO.data.balancing", 
    "PSO.feature.selection", "PSO.valid.acc", "PSO.test.acc", 
    "PSO.train.time", "PSO.n.support.vectors", "PSO.index", "PSO.n.solutions", 
    "PSO.generations", "PSO.n.evaluations", "PSO.cpu.time", "RS.cost", 
    "RS.gamma", "RS.data.balancing", "RS.feature.selection", 
    "RS.valid.acc", "RS.test.acc", "RS.train.time", "RS.n.support.vectors", 
    "RS.index", "RS.n.solutions", "RS.generations", "RS.n.evaluations", 
    "RS.cpu.time", "DF.cost", "DF.gamma", "DF.data.balancing", 
    "DF.feature.selection", "DF.valid.acc", "DF.test.acc", "DF.train.time", 
    "DF.n.support.vectors", "DF.index", "DF.n.solutions", "DF.generations", 
    "DF.n.evaluations", "DF.cpu.time")))
