full <-
structure(c(50, 55, 60, 65, 70, 75, 80, 85, 90, 95, 100, 11.49827, 
8.78096, 8.58121, 6.68428, 9.13147, 10.74631, 9.95646, 10.40615, 
11.79928, 5.03294, 5.6227, -13.59279, -9.63335, -11.94, -9.5783, 
-9.71374, -12.89332, -13.32755, -11.17959, -8.3287, -8.63542, 
-7.23204, 0, 0, 0, 0, 0, 0, 0, 0, 0, 0, 0, 0, 0, 0, 0, 0, 0, 
0, 0, 0, 0, 0, 0.97639, 0.9875, 0.98889, 0.98, 0.98091, 0.99091, 
0.99091, 0.99167, 0.98397, 0.97016, 0.96667, 0.9746, 0.97639, 
0.94444, 0.97, 0.97182, 0.98258, 0.98182, 0.97628, 0.96859, 0.95581, 
0.94619, 0.0081, 0.0085, 0.0086, 0.0092, 0.0097, 0.0095, 0.0092, 
0.0086, 0.0091, 0.0105, 0.0102, 23.1, 18.7, 33, 29.7, 17.8, 27.3, 
39.1, 20.9, 13.7, 47, 29.2, 33, 14, 1641, 30, 57, 16, 17, 23, 
39, 205, 5, 277, 540, 3, 299, 178, 391, 766, 405, 705, 60, 155, 
100, 100, 100, 100, 100, 100, 100, 100, 100, 100, 100, 2500, 
2500, 2500, 2500, 2500, 2500, 2500, 2500, 2500, 2500, 2500, 6681.958, 
6819.977, 6825.514, 6842.516, 6683.97399999999, 6615.52500000001, 
6520.571, 6313.03, 6395.823, 6720.65399999999, 6694.33799999999, 
2.83771, 2.51466, 8.31587, 9.58097, 9.18147, 6.14451, 10.68389, 
13.65072, 13.09733, 9.42815, 4.50989, -4.75011, -5.19334, -11.66543, 
-12.77034, -9.80929, -8.40349, -14.00699, -14.33949, -9.81077, 
-13.01563, -1.7505, 0, 0, 0, 0, 0, 0, 0, 0, 0, 0, 0, 0, 0, 0, 
0, 0, 0, 0, 0, 0, 0, 0, 0.97639, 0.9875, 0.98889, 0.98, 0.98091, 
0.99091, 0.99091, 0.99167, 0.98397, 0.97016, 0.97333, 0.9746, 
0.97639, 0.94444, 0.97, 0.97182, 0.98258, 0.98182, 0.97628, 0.96859, 
0.9635, 0.96619, 0.0091, 0.0092, 0.0092, 0.0093, 0.0093, 0.0084, 
0.0096, 0.0084, 0.0089, 0.0103, 0.0105, 24.1, 28, 33, 32.3, 18.2, 
28.4, 38.8, 20.8, 13.5, 46.2, 30.4, 168, 8, 906, 19, 10, 14, 
26, 18, 70, 493, 2442, 40, 89, 2, 54, 25, 136, 261, 51, 46, 6, 
1, 100, 100, 100, 100, 100, 100, 100, 100, 100, 100, 100, 2500, 
2500, 2500, 2500, 2500, 2500, 2500, 2500, 2500, 2500, 2500, 6929.351, 
6841.861, 6832.913, 6720.371, 6640.283, 6522.26000000001, 6516.659, 
6379.98699999999, 6351.235, 6710.41399999999, 6678.49900000001, 
1, 1, 1, 1, 1, 1, 1, 1, 1, 1, 1, 0.25, 0.25, 0.25, 0.25, 0.25, 
0.25, 0.25, 0.25, 0.25, 0.25, 0.25, 0, 0, 0, 0, 0, 0, 0, 0, 0, 
0, 0, 0, 0, 0, 0, 0, 0, 0, 0, 0, 0, 0, 0.92242, 0.93532, 0.94444, 
0.95889, 0.94364, 0.95515, 0.9567, 0.95822, 0.95321, 0.94771, 
0.96, 0.93353, 0.9246, 0.94444, 0.94889, 0.95273, 0.95515, 0.95606, 
0.95822, 0.95321, 0.95421, 0.95286, 0.0088, 0.0094, 0.0087, 0.01, 
0.0094, 0.009, 0.0089, 0.0101, 0.0093, 0.011, 0.0105, 33.1, 34, 
34.6, 35.5, 38.8, 40.4, 40.6, 42.9, 43.3, 45.2, 46, 1, 1, 1, 
1, 1, 1, 1, 1, 1, 1, 1, 1, 1, 1, 1, 1, 1, 1, 1, 1, 1, 1, 1, 1, 
1, 1, 1, 1, 1, 1, 1, 1, 1, 1, 1, 1, 1, 1, 1, 1, 1, 1, 1, 1, 2.748, 
2.849, 2.632, 2.761, 2.662, 2.517, 2.425, 2.634, 2.463, 2.664, 
2.657), .Dim = c(11L, 40L), .Dimnames = list(NULL, c("Sampling", 
"PSO.cost", "PSO.gamma", "PSO.data.balancing", "PSO.feature.selection", 
"PSO.valid.acc", "PSO.test.acc", "PSO.train.time", "PSO.n.support.vectors", 
"PSO.index", "PSO.n.solutions", "PSO.generations", "PSO.n.evaluations", 
"PSO.cpu.time", "RS.cost", "RS.gamma", "RS.data.balancing", "RS.feature.selection", 
"RS.valid.acc", "RS.test.acc", "RS.train.time", "RS.n.support.vectors", 
"RS.index", "RS.n.solutions", "RS.generations", "RS.n.evaluations", 
"RS.cpu.time", "DF.cost", "DF.gamma", "DF.data.balancing", "DF.feature.selection", 
"DF.valid.acc", "DF.test.acc", "DF.train.time", "DF.n.support.vectors", 
"DF.index", "DF.n.solutions", "DF.generations", "DF.n.evaluations", 
"DF.cpu.time")))
