full <-
structure(c(50, 55, 60, 65, 70, 75, 80, 85, 90, 95, 100, 5.27189, 
12.82546, 12.04007, 2.7165, 11.71105, 4.01288, 3.28856, 3.5155, 
3.05104, 6.77191, 2.73267, -3.04473, -9.51785, -12.80908, -7.14334, 
-8.65171, -4.49054, -4.16811, -4.93817, -5.24547, -4.95906, -4.53697, 
0, 0, 0, 0, 0, 0, 0, 0, 0, 0, 0, 0, 0, 0, 0, 0, 0, 0, 0, 0, 0, 
0, 0.98571, 0.97321, 0.97639, 0.97182, 0.97091, 0.99091, 0.98333, 
0.97692, 0.97683, 0.98516, 0.97952, 0.95714, 0.97321, 0.95417, 
0.95071, 0.95182, 0.95253, 0.95758, 0.96923, 0.9685, 0.97033, 
0.97952, 0.0088, 0.0088, 0.0091, 0.0096, 0.009, 0.0092, 0.0093, 
0.0099, 0.0102, 0.0092, 0.0094, 18.4, 10.3, 18.8, 46.1, 12, 21.9, 
25.4, 27.1, 32.5, 17.3, 33.9, 45, 17, 2, 65, 7, 493, 85, 157, 
33, 517, 38, 821, 556, 1278, 93, 377, 283, 492, 188, 432, 296, 
130, 100, 100, 100, 100, 100, 100, 100, 100, 100, 100, 100, 2500, 
2500, 2500, 2500, 2500, 2500, 2500, 2500, 2500, 2500, 2500, 6577.92, 
6635.663, 6790.393, 6800.285, 6715.087, 6721.355, 6739.296, 6710.515, 
6625.64300000001, 6449.99800000001, 6559.27800000002, 6.13243, 
11.14246, 13.41309, 3.53486, 13.7814, 6.78775, 5.05028, 4.35339, 
2.9604, 6.68141, 1.69741, -3.16291, -8.22738, -13.36059, -7.96231, 
-10.57606, -5.93567, -6.06809, -5.83221, -4.97162, -4.87862, 
-5.38107, 0, 0, 0, 0, 0, 0, 0, 0, 0, 0, 0, 0, 0, 0, 0, 0, 0, 
0, 0, 0, 0, 0, 0.98571, 0.97321, 0.97639, 0.97182, 0.97091, 0.98182, 
0.98333, 0.97692, 0.97683, 0.98516, 0.98619, 0.95714, 0.97321, 
0.95417, 0.95071, 0.96091, 0.98182, 0.95758, 0.96923, 0.9685, 
0.97033, 0.95905, 0.0087, 0.0086, 0.0084, 0.0094, 0.0097, 0.0089, 
0.0096, 0.01, 0.0101, 0.0096, 0.0113, 16.9, 10.7, 16, 46, 11.6, 
15.9, 21.9, 26.7, 32, 17.4, 51.1, 16, 22, 9, 62, 2, 21, 3, 719, 
76, 326, 662, 30, 112, 236, 11, 68, 40, 14, 13, 17, 2, 1, 100, 
100, 100, 100, 100, 100, 100, 100, 100, 100, 100, 2500, 2500, 
2500, 2500, 2500, 2500, 2500, 2500, 2500, 2500, 2500, 6623.419, 
6657.976, 6799.202, 6793.11, 6756.301, 6738.04300000001, 6759.118, 
6569.849, 6447.587, 6429.53199999999, 6764.87400000001, 1, 1, 
1, 1, 1, 1, 1, 1, 1, 1, 1, 0.25, 0.25, 0.25, 0.25, 0.25, 0.25, 
0.25, 0.25, 0.25, 0.25, 0.25, 0, 0, 0, 0, 0, 0, 0, 0, 0, 0, 0, 
0, 0, 0, 0, 0, 0, 0, 0, 0, 0, 0, 0.97143, 0.94643, 0.95417, 0.96071, 
0.95091, 0.96162, 0.94924, 0.9609, 0.96145, 0.94835, 0.96571, 
0.97143, 0.93393, 0.95417, 0.9496, 0.93273, 0.93232, 0.96667, 
0.9609, 0.96145, 0.96264, 0.96571, 0.009, 0.0089, 0.0092, 0.0094, 
0.0101, 0.0103, 0.0096, 0.0106, 0.0107, 0.0096, 0.0111, 31.6, 
34.3, 37.5, 40.1, 40, 41.6, 41.6, 41.7, 42.8, 43.9, 45.3, 1, 
1, 1, 1, 1, 1, 1, 1, 1, 1, 1, 1, 1, 1, 1, 1, 1, 1, 1, 1, 1, 1, 
1, 1, 1, 1, 1, 1, 1, 1, 1, 1, 1, 1, 1, 1, 1, 1, 1, 1, 1, 1, 1, 
1, 2.625, 2.681, 2.673, 2.692, 2.772, 2.669, 2.673, 2.662, 2.637, 
2.509, 2.746), .Dim = c(11L, 40L), .Dimnames = list(NULL, c("Sampling", 
"PSO.cost", "PSO.gamma", "PSO.data.balancing", "PSO.feature.selection", 
"PSO.valid.acc", "PSO.test.acc", "PSO.train.time", "PSO.n.support.vectors", 
"PSO.index", "PSO.n.solutions", "PSO.generations", "PSO.n.evaluations", 
"PSO.cpu.time", "RS.cost", "RS.gamma", "RS.data.balancing", "RS.feature.selection", 
"RS.valid.acc", "RS.test.acc", "RS.train.time", "RS.n.support.vectors", 
"RS.index", "RS.n.solutions", "RS.generations", "RS.n.evaluations", 
"RS.cpu.time", "DF.cost", "DF.gamma", "DF.data.balancing", "DF.feature.selection", 
"DF.valid.acc", "DF.test.acc", "DF.train.time", "DF.n.support.vectors", 
"DF.index", "DF.n.solutions", "DF.generations", "DF.n.evaluations", 
"DF.cpu.time")))
