full <-
structure(c(50, 55, 60, 65, 70, 75, 80, 85, 90, 95, 100, 12.63621, 
10.39403, 5.24526, 9.80678, 0.92764, 14.16674, 1.45865, 11.40564, 
14.9031, 2.76099, 13.32885, -6.24628, -11.48013, -0.24517, -11.13388, 
-0.50813, -14.68771, -3.43323, -8.27312, -8.95912, -4.16874, 
-14.56688, 0, 0, 0, 0, 0, 0, 0, 0, 0, 0, 0, 0, 0, 0, 0, 0, 0, 
0, 0, 0, 0, 0, 1, 0.98889, 0.98889, 0.99, 0.98091, 0.97348, 0.97424, 
0.96655, 0.96978, 0.97857, 0.98, 0.98571, 0.96389, 0.96639, 0.97889, 
0.96091, 0.96348, 0.93939, 0.95746, 0.96978, 0.97088, 0.96619, 
0.009, 0.0088, 0.0092, 0.0093, 0.0097, 0.0095, 0.01, 0.0087, 
0.0099, 0.0098, 0.0095, 10.5, 19.8, 34.8, 21.2, 40.4, 20.3, 33.1, 
14.4, 13, 31.2, 27, 2, 263, 26, 365, 38, 3, 183, 10, 20, 101, 
15, 1680, 181, 246, 110, 897, 625, 130, 428, 404, 271, 143, 100, 
100, 100, 100, 100, 100, 100, 100, 100, 100, 100, 2500, 2500, 
2500, 2500, 2500, 2500, 2500, 2500, 2500, 2500, 2500, 6746.874, 
6696.108, 6685.864, 6700.91699999999, 6694.164, 6779.522, 6729.946, 
6509.55399999999, 6618.486, 6583.764, 6335.83100000001, 11.42545, 
7.31775, 8.95995, 8.65393, 0.1829, 4.62693, 0.78735, 13.13909, 
5.30088, 1.94509, 5.88257, -5.12204, -8.25375, -10.16915, -9.95796, 
0.40361, -7.35763, -2.74015, -9.94539, -3.92193, -3.42276, -7.01682, 
0, 0, 0, 0, 0, 0, 0, 0, 0, 0, 0, 0, 0, 0, 0, 0, 0, 0, 0, 0, 0, 
0, 1, 0.98889, 0.98889, 0.99, 0.98091, 0.97348, 0.97424, 0.96655, 
0.97692, 0.97857, 0.98, 0.97143, 0.96389, 0.95778, 0.97889, 0.95091, 
0.96439, 0.93939, 0.95746, 0.97692, 0.97857, 0.96619, 0.0085, 
0.0087, 0.009, 0.0093, 0.0104, 0.0099, 0.0093, 0.0088, 0.0097, 
0.009, 0.0099, 10.8, 19.4, 21.4, 21.1, 49.6, 33.3, 34.3, 14.2, 
21.2, 33.6, 26.4, 8, 169, 20, 221, 18, 27, 52, 16, 794, 134, 
65, 414, 20, 41, 23, 34, 94, 6, 80, 3, 14, 32, 100, 100, 100, 
100, 100, 100, 100, 100, 100, 100, 100, 2500, 2500, 2500, 2500, 
2500, 2500, 2500, 2500, 2500, 2500, 2500, 6704.121, 6738.37, 
6688.687, 6644, 6798.52199999999, 6793.2, 6547.22399999999, 6518.77800000001, 
6555.64999999999, 6407.25200000001, 6362.75900000002, 1, 1, 1, 
1, 1, 1, 1, 1, 1, 1, 1, 0.25, 0.25, 0.25, 0.25, 0.25, 0.25, 0.25, 
0.25, 0.25, 0.25, 0.25, 0, 0, 0, 0, 0, 0, 0, 0, 0, 0, 0, 0, 0, 
0, 0, 0, 0, 0, 0, 0, 0, 0, 0.96032, 0.9496, 0.92444, 0.94667, 
0.97091, 0.95439, 0.95682, 0.95117, 0.93901, 0.96429, 0.96, 0.9746, 
0.95278, 0.93556, 0.94778, 0.9498, 0.97348, 0.94773, 0.96795, 
0.96154, 0.97143, 0.96667, 0.0091, 0.0089, 0.0093, 0.0091, 0.0101, 
0.0097, 0.0092, 0.0099, 0.0107, 0.0099, 0.0106, 29.4, 32.3, 33.8, 
34.3, 35.8, 38.4, 40.3, 42.1, 43.6, 44.6, 45.3, 1, 1, 1, 1, 1, 
1, 1, 1, 1, 1, 1, 1, 1, 1, 1, 1, 1, 1, 1, 1, 1, 1, 1, 1, 1, 1, 
1, 1, 1, 1, 1, 1, 1, 1, 1, 1, 1, 1, 1, 1, 1, 1, 1, 1, 2.691, 
2.662, 2.687, 2.66, 2.697, 2.694, 2.488, 2.67, 2.657, 2.453, 
2.619), .Dim = c(11L, 40L), .Dimnames = list(NULL, c("Sampling", 
"PSO.cost", "PSO.gamma", "PSO.data.balancing", "PSO.feature.selection", 
"PSO.valid.acc", "PSO.test.acc", "PSO.train.time", "PSO.n.support.vectors", 
"PSO.index", "PSO.n.solutions", "PSO.generations", "PSO.n.evaluations", 
"PSO.cpu.time", "RS.cost", "RS.gamma", "RS.data.balancing", "RS.feature.selection", 
"RS.valid.acc", "RS.test.acc", "RS.train.time", "RS.n.support.vectors", 
"RS.index", "RS.n.solutions", "RS.generations", "RS.n.evaluations", 
"RS.cpu.time", "DF.cost", "DF.gamma", "DF.data.balancing", "DF.feature.selection", 
"DF.valid.acc", "DF.test.acc", "DF.train.time", "DF.n.support.vectors", 
"DF.index", "DF.n.solutions", "DF.generations", "DF.n.evaluations", 
"DF.cpu.time")))
