full <-
structure(c(50, 55, 60, 65, 70, 75, 80, 85, 90, 95, 100, 13.59249, 
14.74334, 14.76051, 1, 0.19037, 0.18597, 0.7608, 9.78122, 10.9572, 
2.46886, 10.32984, -11.69014, -9.39194, -13.06358, 0.25, -3.34156, 
-0.91782, -4.16447, -10.64019, -15, -3.93399, -8.06541, 0, 0, 
0, 0, 0, 0, 0, 0, 0, 0, 0, 0, 0, 0, 0, 0, 0, 0, 0, 0, 0, 0, 0.9875, 
1, 1, 0.97889, 0.97889, 0.99167, 0.98322, 0.96859, 0.97747, 0.97802, 
0.97286, 0.9875, 0.97639, 0.98889, 0.95778, 0.9698, 0.98167, 
0.97552, 0.95192, 0.95247, 0.97088, 0.95952, 0.0082, 0.0085, 
0.0085, 0.0089, 0.0094, 0.0098, 0.01, 0.0089, 0.0112, 0.0092, 
0.009, 11.6, 9.3, 11.7, 36.1, 39, 42.9, 44.5, 23.2, 51.3, 31.2, 
15.8, 6, 2, 10, 1, 229, 367, 349, 35, 131, 50, 44, 1237, 1255, 
537, 461, 88, 136, 65, 358, 87, 57, 439, 100, 100, 100, 100, 
100, 100, 100, 100, 100, 100, 100, 2500, 2500, 2500, 2500, 2500, 
2500, 2500, 2500, 2500, 2500, 2500, 6049.175, 5955.471, 6029.391, 
6266.388, 6159.893, 6275.03000000001, 6208.726, 6047.087, 6391.395, 
6270.02699999999, 6187.43800000001, 8.25497, 14.94306, 6.76868, 
8.74005, 0.75751, -1.07466, 0.75184, 8.81378, 7.74399, 1.48548, 
9.89539, -5.93285, -10.10677, -5.06003, -7.577, -3.98027, -0.06755, 
-4.18817, -8.19527, -11.7067, -3.0113, -8.0186, 0, 0, 0, 0, 0, 
0, 0, 0, 0, 0, 0, 0, 0, 0, 0, 0, 0, 0, 0, 0, 0, 0, 0.9875, 1, 
1, 0.97889, 0.97889, 0.98258, 0.98322, 0.96859, 0.97747, 0.97802, 
0.97286, 0.9875, 0.97639, 0.98889, 0.95778, 0.9698, 0.96258, 
0.97552, 0.96026, 0.95247, 0.97088, 0.95952, 0.0085, 0.0084, 
0.0083, 0.0084, 0.0091, 0.0104, 0.0092, 0.0096, 0.01, 0.0094, 
0.0099, 11.3, 9.6, 12.5, 14.3, 38, 54.7, 44.9, 18.4, 50, 33.6, 
16.3, 1, 25, 9, 4, 2237, 6, 649, 42, 33, 7, 41, 622, 146, 98, 
155, 1, 3, 5, 71, 21, 8, 54, 100, 100, 100, 100, 100, 100, 100, 
100, 100, 100, 100, 2500, 2500, 2500, 2500, 2500, 2500, 2500, 
2500, 2500, 2500, 2500, 6022.544, 5982.673, 6159.118, 6315.717, 
6233.67099999999, 6275.77100000001, 6034.49799999999, 6317.825, 
6165.387, 6296.12300000001, 6318.493, 1, 1, 1, 1, 1, 1, 1, 1, 
1, 1, 1, 0.25, 0.25, 0.25, 0.25, 0.25, 0.25, 0.25, 0.25, 0.25, 
0.25, 0.25, 0, 0, 0, 0, 0, 0, 0, 0, 0, 0, 0, 0, 0, 0, 0, 0, 0, 
0, 0, 0, 0, 0, 0.97321, 0.9621, 0.96778, 0.97889, 0.95889, 0.98167, 
0.97488, 0.95192, 0.96978, 0.95659, 0.95905, 0.95893, 0.97639, 
0.96667, 0.95778, 0.96889, 0.98167, 0.96655, 0.96795, 0.96145, 
0.97088, 0.95238, 0.008, 0.0089, 0.0087, 0.009, 0.0101, 0.0095, 
0.0092, 0.0106, 0.0099, 0.0094, 0.0105, 29.5, 31.2, 33.4, 36.1, 
37.8, 40.5, 40.3, 42.7, 43.7, 44.5, 46.3, 1, 1, 1, 1, 1, 1, 1, 
1, 1, 1, 1, 1, 1, 1, 1, 1, 1, 1, 1, 1, 1, 1, 1, 1, 1, 1, 1, 1, 
1, 1, 1, 1, 1, 1, 1, 1, 1, 1, 1, 1, 1, 1, 1, 1, 2.354, 2.472, 
2.484, 2.438, 2.529, 2.512, 2.374, 2.572, 2.463, 2.371, 2.472
), .Dim = c(11L, 40L), .Dimnames = list(NULL, c("Sampling", "PSO.cost", 
"PSO.gamma", "PSO.data.balancing", "PSO.feature.selection", "PSO.valid.acc", 
"PSO.test.acc", "PSO.train.time", "PSO.n.support.vectors", "PSO.index", 
"PSO.n.solutions", "PSO.generations", "PSO.n.evaluations", "PSO.cpu.time", 
"RS.cost", "RS.gamma", "RS.data.balancing", "RS.feature.selection", 
"RS.valid.acc", "RS.test.acc", "RS.train.time", "RS.n.support.vectors", 
"RS.index", "RS.n.solutions", "RS.generations", "RS.n.evaluations", 
"RS.cpu.time", "DF.cost", "DF.gamma", "DF.data.balancing", "DF.feature.selection", 
"DF.valid.acc", "DF.test.acc", "DF.train.time", "DF.n.support.vectors", 
"DF.index", "DF.n.solutions", "DF.generations", "DF.n.evaluations", 
"DF.cpu.time")))
