full <-
structure(c(50, 55, 60, 65, 70, 75, 80, 85, 90, 95, 100, 13.34873, 
1.93373, 5.32207, 7.75277, 2.17702, 12.02586, 5.29601, 5.4043, 
3.9747, 5.03718, 7.07611, -5.31863, -4.32158, -8.04057, -10.36316, 
-3.72937, -13.92293, -6.12229, -8.60721, -5.51937, -6.52914, 
-4.87484, 0, 0, 0, 0, 0, 0, 0, 0, 0, 0, 0, 0, 0, 0, 0, 0, 0, 
0, 0, 0, 0, 0, 1, 0.98571, 0.97778, 0.98889, 0.98, 0.96515, 0.98333, 
0.98462, 0.98564, 0.97731, 0.97286, 0.9875, 0.98571, 0.96667, 
0.98889, 0.96273, 0.94682, 0.96667, 0.97628, 0.97731, 0.96962, 
0.96571, 0.0088, 0.0091, 0.0095, 0.0085, 0.0084, 0.0096, 0.0096, 
0.0097, 0.0095, 0.009, 0.0093, 9.8, 27.9, 28.8, 28.5, 27.8, 24.9, 
21.6, 38.2, 25.9, 27.6, 18.7, 18, 33, 31, 163, 531, 2, 155, 4, 
33, 64, 14, 1636, 402, 326, 166, 53, 583, 315, 391, 333, 291, 
434, 100, 100, 100, 100, 100, 100, 100, 100, 100, 100, 100, 2500, 
2500, 2500, 2500, 2500, 2500, 2500, 2500, 2500, 2500, 2500, 6611.586, 
6706.705, 6720.949, 6507.482, 6451.2, 6462.17999999999, 6452.651, 
6570.322, 6743.64700000001, 6676.25599999999, 6738.29200000002, 
12.53049, 3.06041, 8.9136, 11.99894, 5.20562, 3.56174, 2.90314, 
4.94396, 10.77158, 3.64653, 11.04285, -4.67004, -5.39047, -11.83794, 
-14.66275, -6.07414, -7.2682, -4.18135, -8.03436, -12.68963, 
-4.95566, -12.34219, 0, 0, 0, 0, 0, 0, 0, 0, 0, 0, 0, 0, 0, 0, 
0, 0, 0, 0, 0, 0, 0, 0, 1, 0.98571, 0.97778, 0.98889, 0.98, 0.96515, 
0.98333, 0.98462, 0.98564, 0.97731, 0.97286, 0.9875, 0.95714, 
0.96667, 0.97778, 0.98, 0.95682, 0.95833, 0.97628, 0.97016, 0.96962, 
0.95905, 0.0082, 0.0087, 0.0095, 0.0096, 0.0087, 0.01, 0.0088, 
0.0091, 0.01, 0.0099, 0.0096, 11.4, 25.1, 29.8, 29, 20.6, 41.2, 
27, 37, 27.7, 27.9, 27.3, 30, 886, 16, 20, 189, 33, 10, 76, 15, 
288, 20, 82, 3, 60, 15, 4, 131, 14, 21, 38, 20, 109, 100, 100, 
100, 100, 100, 100, 100, 100, 100, 100, 100, 2500, 2500, 2500, 
2500, 2500, 2500, 2500, 2500, 2500, 2500, 2500, 6688.314, 6717.317, 
6660.65700000001, 6461.352, 6439.459, 6513.639, 6451.882, 6652.55799999999, 
6750.94600000001, 6640.74000000001, 6750.10800000001, 1, 1, 1, 
1, 1, 1, 1, 1, 1, 1, 1, 0.25, 0.25, 0.25, 0.25, 0.25, 0.25, 0.25, 
0.25, 0.25, 0.25, 0.25, 0, 0, 0, 0, 0, 0, 0, 0, 0, 0, 0, 0, 0, 
0, 0, 0, 0, 0, 0, 0, 0, 0, 0.96071, 0.94643, 0.95417, 0.9496, 
0.95182, 0.94606, 0.975, 0.96859, 0.97026, 0.96247, 0.95238, 
0.96071, 0.94643, 0.94306, 0.9496, 0.95273, 0.93773, 0.95833, 
0.9609, 0.96192, 0.95581, 0.95905, 0.0095, 0.0097, 0.0089, 0.0089, 
0.0094, 0.0099, 0.0101, 0.0104, 0.0102, 0.0097, 0.0114, 30.3, 
33.6, 34.5, 35.7, 36.5, 38.1, 41.7, 41.5, 41.5, 44, 46, 1, 1, 
1, 1, 1, 1, 1, 1, 1, 1, 1, 1, 1, 1, 1, 1, 1, 1, 1, 1, 1, 1, 1, 
1, 1, 1, 1, 1, 1, 1, 1, 1, 1, 1, 1, 1, 1, 1, 1, 1, 1, 1, 1, 1, 
2.818, 2.836, 2.496, 2.503, 2.666, 2.672, 2.585, 2.808, 2.655, 
2.476, 2.766), .Dim = c(11L, 40L), .Dimnames = list(NULL, c("Sampling", 
"PSO.cost", "PSO.gamma", "PSO.data.balancing", "PSO.feature.selection", 
"PSO.valid.acc", "PSO.test.acc", "PSO.train.time", "PSO.n.support.vectors", 
"PSO.index", "PSO.n.solutions", "PSO.generations", "PSO.n.evaluations", 
"PSO.cpu.time", "RS.cost", "RS.gamma", "RS.data.balancing", "RS.feature.selection", 
"RS.valid.acc", "RS.test.acc", "RS.train.time", "RS.n.support.vectors", 
"RS.index", "RS.n.solutions", "RS.generations", "RS.n.evaluations", 
"RS.cpu.time", "DF.cost", "DF.gamma", "DF.data.balancing", "DF.feature.selection", 
"DF.valid.acc", "DF.test.acc", "DF.train.time", "DF.n.support.vectors", 
"DF.index", "DF.n.solutions", "DF.generations", "DF.n.evaluations", 
"DF.cpu.time")))
