full <-
structure(c(50, 55, 60, 65, 70, 75, 80, 85, 90, 95, 100, 10.42502, 
13.43345, 12.85727, 8.09225, 4.31521, 5.24193, 3.40292, 0.15962, 
15, 8.43412, 9.59836, -11.20433, -13.48327, -13.87511, -8, -5.079, 
-7.57357, -7.38523, -3.92343, -15, -7.0696, -12.8954, 0, 0, 0, 
0, 0, 0, 0, 0, 0, 0, 0, 0, 0, 0, 0, 0, 0, 0, 0, 0, 0, 0, 0.97143, 
0.96528, 0.97778, 0.96778, 0.98, 0.97348, 0.96364, 0.975, 0.97016, 
0.97802, 0.98667, 0.95714, 0.98889, 0.95528, 0.96778, 0.96889, 
0.94515, 0.93621, 0.95064, 0.9535, 0.94985, 0.96619, 0.0083, 
0.0091, 0.01, 0.009, 0.0085, 0.0091, 0.0099, 0.0108, 0.0105, 
0.0088, 0.0105, 20.5, 17.2, 21.2, 17.9, 22.1, 31.7, 47.4, 49.2, 
20.2, 16.6, 44.9, 29, 22, 75, 28, 30, 35, 409, 213, 72, 84, 310, 
370, 451, 108, 567, 251, 306, 76, 56, 1258, 203, 100, 100, 100, 
100, 100, 100, 100, 100, 100, 100, 100, 100, 2500, 2500, 2500, 
2500, 2500, 2500, 2500, 2500, 2500, 2500, 2500, 6148.606, 6382.143, 
6180.082, 6041.736, 6028.679, 6086.507, 6487.284, 6628.05500000001, 
6970.227, 6050.49099999999, 6278.07699999999, 5.57106, 10.16729, 
9.44642, 14.47083, 5.38529, 11.15411, 8.48329, 9.4385, 1.50954, 
7.60457, 7.99482, -6.76723, -10.57207, -10.28513, -13.87576, 
-5.7644, -13.39821, -12.43849, -8.58256, -3.28892, -6.78626, 
-11.28887, 0, 0, 0, 0, 0, 0, 0, 0, 0, 0, 0, 0, 0, 0, 0, 0, 0, 
0, 0, 0, 0, 0, 0.97143, 0.96528, 0.97778, 0.96778, 0.98, 0.97348, 
0.96364, 0.96731, 0.97667, 0.97136, 0.98667, 0.97143, 0.97778, 
0.95528, 0.96778, 0.96889, 0.95515, 0.93621, 0.96731, 0.96897, 
0.95652, 0.96619, 0.0088, 0.0091, 0.0084, 0.0083, 0.008, 0.01, 
0.0102, 0.0101, 0.0096, 0.0104, 0.0104, 22.5, 18.7, 20.5, 15.9, 
20.3, 30.3, 46.5, 17.3, 34.1, 17.8, 44.8, 16, 9, 88, 11, 54, 
13, 276, 72, 1669, 31, 658, 48, 86, 5, 111, 23, 45, 8, 88, 1, 
9, 4, 100, 100, 100, 100, 100, 100, 100, 100, 100, 100, 100, 
2500, 2500, 2500, 2500, 2500, 2500, 2500, 2500, 2500, 2500, 2500, 
6475.909, 6381.71, 6073.468, 5943.31, 6113.87300000001, 6369.064, 
6660.039, 6513.22899999999, 6550.41800000001, 6374.95400000001, 
6384.679, 1, 1, 1, 1, 1, 1, 1, 1, 1, 1, 1, 0.25, 0.25, 0.25, 
0.25, 0.25, 0.25, 0.25, 0.25, 0.25, 0.25, 0.25, 0, 0, 0, 0, 0, 
0, 0, 0, 0, 0, 0, 0, 0, 0, 0, 0, 0, 0, 0, 0, 0, 0, 0.90536, 0.92917, 
0.92056, 0.93556, 0.95889, 0.95515, 0.94439, 0.95128, 0.9535, 
0.94716, 0.96, 0.90357, 0.91944, 0.92167, 0.91444, 0.93869, 0.92773, 
0.94439, 0.95897, 0.96064, 0.96145, 0.96667, 0.009, 0.0089, 0.009, 
0.0087, 0.0095, 0.0099, 0.01, 0.0108, 0.0094, 0.0103, 0.0106, 
33.8, 36, 37.1, 38.6, 39.9, 41.3, 41.6, 43.3, 43.9, 43.9, 45.4, 
1, 1, 1, 1, 1, 1, 1, 1, 1, 1, 1, 1, 1, 1, 1, 1, 1, 1, 1, 1, 1, 
1, 1, 1, 1, 1, 1, 1, 1, 1, 1, 1, 1, 1, 1, 1, 1, 1, 1, 1, 1, 1, 
1, 1, 2.574, 2.54, 2.469, 2.317, 2.484, 2.527, 2.599, 2.756, 
2.395, 2.524, 2.532), .Dim = c(11L, 40L), .Dimnames = list(NULL, 
    c("Sampling", "PSO.cost", "PSO.gamma", "PSO.data.balancing", 
    "PSO.feature.selection", "PSO.valid.acc", "PSO.test.acc", 
    "PSO.train.time", "PSO.n.support.vectors", "PSO.index", "PSO.n.solutions", 
    "PSO.generations", "PSO.n.evaluations", "PSO.cpu.time", "RS.cost", 
    "RS.gamma", "RS.data.balancing", "RS.feature.selection", 
    "RS.valid.acc", "RS.test.acc", "RS.train.time", "RS.n.support.vectors", 
    "RS.index", "RS.n.solutions", "RS.generations", "RS.n.evaluations", 
    "RS.cpu.time", "DF.cost", "DF.gamma", "DF.data.balancing", 
    "DF.feature.selection", "DF.valid.acc", "DF.test.acc", "DF.train.time", 
    "DF.n.support.vectors", "DF.index", "DF.n.solutions", "DF.generations", 
    "DF.n.evaluations", "DF.cpu.time")))
