full <-
structure(c(50, 55, 60, 65, 70, 75, 80, 85, 90, 95, 100, 2.90538, 
2.29074, 0.55574, 0.07603, 2.07648, 3.09294, 0.87952, 2.43665, 
3.4338, 2.71999, 1.30374, -3.73057, -3.55412, -2.60884, -4.59576, 
-5.59559, -6.60369, -3.56646, -5.47774, -3.50414, -4.13273, -4.18311, 
0, 0, 0, 0, 0, 0, 0, 0, 0, 0, 0, 0, 0, 0, 0, 0, 0, 0, 0, 0, 0, 
0, 0.97157, 0.94918, 0.94868, 0.93874, 0.95517, 0.94672, 0.95419, 
0.95677, 0.95359, 0.95276, 0.96276, 0.95458, 0.94418, 0.93937, 
0.93439, 0.93883, 0.93177, 0.9367, 0.94, 0.95056, 0.94679, 0.95141, 
0.0356, 0.0365, 0.0425, 0.04, 0.0356, 0.0369, 0.05, 0.04, 0.0596, 
0.0527, 0.0577, 81.9, 91.6, 111.1, 96.4, 61.8, 60.3, 127.3, 68.1, 
138, 121.3, 129.6, 112, 791, 967, 372, 1061, 262, 370, 257, 95, 
183, 156, 773, 198, 208, 363, 72, 651, 779, 652, 372, 352, 1062, 
100, 100, 100, 100, 100, 100, 100, 100, 100, 100, 100, 2500, 
2500, 2500, 2500, 2500, 2500, 2500, 2500, 2500, 2500, 2500, 7933.233, 
8183.873, 8087.666, 8162.532, 8013.47100000001, 7758.499, 8095.863, 
7884.522, 7531.10900000001, 7612.50900000002, 7628.81599999999, 
3.07123, 3.08117, 1.80409, -0.28359, 2.11266, 3.14673, 0.71386, 
2.42674, 3.18872, 3.06494, 1.20397, -4.01598, -3.57232, -3.3134, 
-4.1615, -5.60548, -6.32333, -4.25697, -5.3273, -3.47688, -4.20679, 
-4.23882, 0, 0, 0, 0, 0, 0, 0, 0, 0, 0, 0, 0, 0, 0, 0, 0, 0, 
0, 0, 0, 0, 0, 0.97157, 0.94889, 0.94801, 0.93854, 0.951, 0.94672, 
0.95074, 0.95344, 0.95359, 0.95276, 0.96276, 0.94869, 0.94918, 
0.93437, 0.93419, 0.94283, 0.93162, 0.93658, 0.94333, 0.95359, 
0.94973, 0.95141, 0.0338, 0.039, 0.0382, 0.0398, 0.0344, 0.0374, 
0.0449, 0.0379, 0.0598, 0.0535, 0.0556, 80, 89.6, 99.9, 104.5, 
61.6, 60.2, 115.7, 69.8, 139.5, 115.3, 127.5, 525, 91, 1569, 
1892, 490, 415, 999, 701, 1888, 1356, 234, 1, 1, 1, 1, 2, 1, 
3, 3, 1, 3, 3, 100, 100, 100, 100, 100, 100, 100, 100, 100, 100, 
100, 2500, 2500, 2500, 2500, 2500, 2500, 2500, 2500, 2500, 2500, 
2500, 7736.505, 8165.803, 7919.347, 8164.913, 8174.66900000001, 
8136.63600000001, 8064.323, 7363.65000000001, 7637.68400000001, 
7905.285, 7942.182, 1, 1, 1, 1, 1, 1, 1, 1, 1, 1, 1, 0.0303, 
0.0303, 0.0303, 0.0303, 0.0303, 0.0303, 0.0303, 0.0303, 0.0303, 
0.0303, 0.0303, 0, 0, 0, 0, 0, 0, 0, 0, 0, 0, 0, 0, 0, 0, 0, 
0, 0, 0, 0, 0, 0, 0, 0.94314, 0.92363, 0.93416, 0.92131, 0.935, 
0.93177, 0.93313, 0.93677, 0.93786, 0.94082, 0.94839, 0.93725, 
0.92363, 0.92961, 0.92113, 0.92683, 0.93547, 0.92599, 0.93344, 
0.94119, 0.93797, 0.94562, 0.0337, 0.0337, 0.0343, 0.0377, 0.0397, 
0.0417, 0.0429, 0.0446, 0.0468, 0.0505, 0.0509, 73.2, 80.5, 84.6, 
88, 90.4, 94.5, 97.8, 99.1, 99.7, 102.8, 105.4, 1, 1, 1, 1, 1, 
1, 1, 1, 1, 1, 1, 1, 1, 1, 1, 1, 1, 1, 1, 1, 1, 1, 1, 1, 1, 1, 
1, 1, 1, 1, 1, 1, 1, 1, 1, 1, 1, 1, 1, 1, 1, 1, 1, 1, 3.213, 
3.23, 3.245, 3.145, 3.241, 3.227, 3.213, 2.939, 2.954, 3.016, 
3.011), .Dim = c(11L, 40L), .Dimnames = list(NULL, c("Sampling", 
"PSO.cost", "PSO.gamma", "PSO.data.balancing", "PSO.feature.selection", 
"PSO.valid.acc", "PSO.test.acc", "PSO.train.time", "PSO.n.support.vectors", 
"PSO.index", "PSO.n.solutions", "PSO.generations", "PSO.n.evaluations", 
"PSO.cpu.time", "RS.cost", "RS.gamma", "RS.data.balancing", "RS.feature.selection", 
"RS.valid.acc", "RS.test.acc", "RS.train.time", "RS.n.support.vectors", 
"RS.index", "RS.n.solutions", "RS.generations", "RS.n.evaluations", 
"RS.cpu.time", "DF.cost", "DF.gamma", "DF.data.balancing", "DF.feature.selection", 
"DF.valid.acc", "DF.test.acc", "DF.train.time", "DF.n.support.vectors", 
"DF.index", "DF.n.solutions", "DF.generations", "DF.n.evaluations", 
"DF.cpu.time")))
