full <-
structure(c(50, 55, 60, 65, 70, 75, 80, 85, 90, 95, 100, 0.81841, 
12.83547, 1.05541, 0.59766, 0.78155, 2.65554, 6.30855, 2.96312, 
15, 3.33523, 3.73, -4.70277, -3.33949, -4.19301, -4.21496, -4.41027, 
-3.91756, -3.02384, -3.9706, -3.58878, -3.47631, -3.94419, 0, 
0, 0, 0, 0, 0, 0, 0, 0, 0, 0, 0, 0, 0, 0, 0, 0, 0, 0, 0, 0, 0, 
0.96046, 0.95421, 0.95777, 0.96537, 0.963, 0.96979, 0.96119, 
0.96376, 0.96532, 0.97083, 0.95713, 0.94935, 0.94895, 0.94825, 
0.95685, 0.95467, 0.95468, 0.95762, 0.95042, 0.95594, 0.95317, 
0.94284, 0.0314, 0.0383, 0.0368, 0.0386, 0.042, 0.0455, 0.0538, 
0.0505, 0.0543, 0.0648, 0.0566, 73.5, 92.8, 88.3, 95.1, 96.1, 
109.6, 131.9, 118.1, 130.1, 143.8, 129.9, 124, 17, 94, 309, 129, 
765, 381, 113, 30, 878, 2362, 1303, 1229, 1130, 881, 1179, 345, 
752, 946, 1219, 441, 1, 100, 100, 100, 100, 100, 100, 100, 100, 
100, 100, 100, 2500, 2500, 2500, 2500, 2500, 2500, 2500, 2500, 
2500, 2500, 2500, 7884.503, 8007.305, 7973.759, 8229.218, 8037.56200000001, 
8071.72199999999, 8348.071, 8192.19099999999, 8512.605, 8588.424, 
8327.465, 1.7406, 2.24011, 0.17755, 1.04661, 0.36158, 2.68633, 
3.24744, 3.13463, 9.0555, 3.41468, 3.52696, -4.23249, -3.67645, 
-4.42715, -4.22816, -4.38314, -3.88871, -3.57471, -3.92871, -3.57766, 
-3.4654, -4.25914, 0, 0, 0, 0, 0, 0, 0, 0, 0, 0, 0, 0, 0, 0, 
0, 0, 0, 0, 0, 0, 0, 0, 0.96046, 0.95895, 0.95777, 0.96537, 0.959, 
0.96979, 0.96131, 0.96376, 0.96532, 0.96797, 0.95704, 0.96046, 
0.94895, 0.95777, 0.95685, 0.95067, 0.95468, 0.95391, 0.94376, 
0.95594, 0.94745, 0.94562, 0.0331, 0.0375, 0.0371, 0.0374, 0.0394, 
0.0442, 0.0486, 0.0515, 0.0571, 0.0626, 0.0509, 79.2, 92.3, 88.5, 
93.5, 98.4, 109.9, 122.1, 119.8, 130.7, 144.1, 110.5, 185, 2322, 
1486, 296, 33, 1162, 2131, 484, 596, 974, 1854, 25, 2, 1, 5, 
8, 1, 1, 2, 8, 1, 1, 100, 100, 100, 100, 100, 100, 100, 100, 
100, 100, 100, 2500, 2500, 2500, 2500, 2500, 2500, 2500, 2500, 
2500, 2500, 2500, 7933.997, 7754.181, 8167.536, 8224.86500000001, 
8273.59699999999, 8021.322, 8248.323, 8054.321, 8570.823, 8662.33900000001, 
8439.48800000001, 1, 1, 1, 1, 1, 1, 1, 1, 1, 1, 1, 0.0303, 0.0303, 
0.0303, 0.0303, 0.0303, 0.0303, 0.0303, 0.0303, 0.0303, 0.0303, 
0.0303, 0, 0, 0, 0, 0, 0, 0, 0, 0, 0, 0, 0, 0, 0, 0, 0, 0, 0, 
0, 0, 0, 0, 0.93166, 0.93263, 0.94392, 0.93526, 0.93482, 0.93631, 
0.93999, 0.9372, 0.94021, 0.93802, 0.93165, 0.92055, 0.92211, 
0.93892, 0.93564, 0.93482, 0.94002, 0.93654, 0.93064, 0.94344, 
0.94693, 0.93443, 0.0331, 0.0339, 0.0363, 0.0385, 0.0394, 0.0407, 
0.0437, 0.0456, 0.0464, 0.0497, 0.0503, 75.3, 78.8, 82.8, 86.6, 
87.9, 89.9, 92.7, 96.8, 100.7, 104.6, 105.3, 1, 1, 1, 1, 1, 1, 
1, 1, 1, 1, 1, 1, 1, 1, 1, 1, 1, 1, 1, 1, 1, 1, 1, 1, 1, 1, 1, 
1, 1, 1, 1, 1, 1, 1, 1, 1, 1, 1, 1, 1, 1, 1, 1, 1, 3.179, 3.195, 
3.259, 3.292, 3.267, 3.207, 3.28, 3.232, 3.342, 3.337, 3), .Dim = c(11L, 
40L), .Dimnames = list(NULL, c("Sampling", "PSO.cost", "PSO.gamma", 
"PSO.data.balancing", "PSO.feature.selection", "PSO.valid.acc", 
"PSO.test.acc", "PSO.train.time", "PSO.n.support.vectors", "PSO.index", 
"PSO.n.solutions", "PSO.generations", "PSO.n.evaluations", "PSO.cpu.time", 
"RS.cost", "RS.gamma", "RS.data.balancing", "RS.feature.selection", 
"RS.valid.acc", "RS.test.acc", "RS.train.time", "RS.n.support.vectors", 
"RS.index", "RS.n.solutions", "RS.generations", "RS.n.evaluations", 
"RS.cpu.time", "DF.cost", "DF.gamma", "DF.data.balancing", "DF.feature.selection", 
"DF.valid.acc", "DF.test.acc", "DF.train.time", "DF.n.support.vectors", 
"DF.index", "DF.n.solutions", "DF.generations", "DF.n.evaluations", 
"DF.cpu.time")))
