full <-
structure(c(50, 55, 60, 65, 70, 75, 80, 85, 90, 95, 100, 2.22581, 
3.25797, 0.55543, 1.41676, 1.70208, 1.25575, -0.47465, 2.36512, 
-0.12919, 2.22303, 0.79283, -3.68384, -4.3793, -3.10702, -3.50826, 
-2.82627, -3.09417, -3.35362, -3.50477, -4.36932, -5.7998, -4.38552, 
0, 0, 0, 0, 0, 0, 0, 0, 0, 0, 0, 0, 0, 0, 0, 0, 0, 0, 0, 0, 0, 
0, 0.96078, 0.96895, 0.95277, 0.95209, 0.9515, 0.95484, 0.95037, 
0.95997, 0.94998, 0.95526, 0.95983, 0.94379, 0.94316, 0.94346, 
0.94812, 0.9315, 0.94359, 0.9468, 0.93684, 0.9406, 0.95231, 0.94554, 
0.0339, 0.0351, 0.0407, 0.0431, 0.0461, 0.0483, 0.0512, 0.0559, 
0.0534, 0.0481, 0.0596, 84.3, 77.3, 103.5, 106.6, 121.2, 125, 
131.9, 128.9, 125.6, 74.8, 125.1, 647, 619, 146, 203, 980, 512, 
139, 576, 158, 157, 235, 182, 485, 758, 831, 150, 100, 895, 962, 
596, 765, 154, 100, 100, 100, 100, 100, 100, 100, 100, 100, 100, 
100, 2500, 2500, 2500, 2500, 2500, 2500, 2500, 2500, 2500, 2500, 
2500, 7676.787, 7772.804, 7959.013, 7960.84299999999, 8001.125, 
8057.077, 8149.46399999999, 8166.224, 7865.762, 9976.97, 10034.893, 
2.44417, 3.10682, 1.79333, -0.04614, 1.50845, 1.12993, -1.07872, 
2.17265, -0.02455, 6.26135, 3.53855, -3.26939, -4.26759, -3.10318, 
-3.30775, -3.2908, -3.52655, -3.48127, -3.36818, -4.4173, -8.35505, 
-6.44547, 0, 0, 0, 0, 0, 0, 0, 0, 0, 0, 0, 0, 0, 0, 0, 0, 0, 
0, 0, 0, 0, 0, 0.95523, 0.95895, 0.95277, 0.95209, 0.9475, 0.95114, 
0.9468, 0.95352, 0.94998, 0.95534, 0.95412, 0.94379, 0.94316, 
0.93892, 0.94792, 0.9355, 0.94744, 0.93633, 0.93339, 0.94363, 
0.9434, 0.9484, 0.0345, 0.038, 0.0372, 0.0389, 0.0478, 0.0475, 
0.0516, 0.0525, 0.0502, 0.048, 0.0482, 88.5, 80, 104.3, 110, 
116.1, 117.8, 138.5, 132.4, 123.8, 61.5, 66.5, 169, 589, 729, 
394, 504, 609, 479, 1599, 1603, 1626, 984, 10, 1, 5, 3, 4, 9, 
3, 1, 2, 1, 3, 100, 100, 100, 100, 100, 100, 100, 100, 100, 100, 
100, 2500, 2500, 2500, 2500, 2500, 2500, 2500, 2500, 2500, 2500, 
2500, 7738.594, 7853.299, 7895.589, 7886.576, 7959.807, 8060.64600000001, 
8166.85500000001, 8057.54000000001, 8041.83800000002, 10269.709, 
10253.408, 1, 1, 1, 1, 1, 1, 1, 1, 1, 1, 1, 0.0303, 0.0303, 0.0303, 
0.0303, 0.0303, 0.0303, 0.0303, 0.0303, 0.0303, 0.0303, 0.0303, 
0, 0, 0, 0, 0, 0, 0, 0, 0, 0, 0, 0, 0, 0, 0, 0, 0, 0, 0, 0, 0, 
0, 0.92059, 0.93763, 0.92963, 0.93012, 0.923, 0.92849, 0.92217, 
0.93695, 0.93416, 0.95214, 0.94269, 0.93203, 0.92737, 0.92985, 
0.94338, 0.935, 0.92464, 0.92931, 0.93383, 0.93748, 0.9434, 0.94277, 
0.0353, 0.0347, 0.0358, 0.0378, 0.0389, 0.0424, 0.0407, 0.0444, 
0.0452, 0.0535, 0.0552, 75, 78.3, 82.4, 84.8, 90.1, 91.9, 95.9, 
100.2, 101.3, 103.7, 106.3, 1, 1, 1, 1, 1, 1, 1, 1, 1, 1, 1, 
1, 1, 1, 1, 1, 1, 1, 1, 1, 1, 1, 1, 1, 1, 1, 1, 1, 1, 1, 1, 1, 
1, 1, 1, 1, 1, 1, 1, 1, 1, 1, 1, 1, 3.063, 3.145, 3.092, 3.151, 
3.109, 3.169, 3.162, 3.092, 3.131, 3.927, 3.983), .Dim = c(11L, 
40L), .Dimnames = list(NULL, c("Sampling", "PSO.cost", "PSO.gamma", 
"PSO.data.balancing", "PSO.feature.selection", "PSO.valid.acc", 
"PSO.test.acc", "PSO.train.time", "PSO.n.support.vectors", "PSO.index", 
"PSO.n.solutions", "PSO.generations", "PSO.n.evaluations", "PSO.cpu.time", 
"RS.cost", "RS.gamma", "RS.data.balancing", "RS.feature.selection", 
"RS.valid.acc", "RS.test.acc", "RS.train.time", "RS.n.support.vectors", 
"RS.index", "RS.n.solutions", "RS.generations", "RS.n.evaluations", 
"RS.cpu.time", "DF.cost", "DF.gamma", "DF.data.balancing", "DF.feature.selection", 
"DF.valid.acc", "DF.test.acc", "DF.train.time", "DF.n.support.vectors", 
"DF.index", "DF.n.solutions", "DF.generations", "DF.n.evaluations", 
"DF.cpu.time")))
