full <-
structure(c(50, 55, 60, 65, 70, 75, 80, 85, 90, 95, 100, 8.00527, 
0.18593, 5.59235, 4.00629, 1.04227, 5.63685, 3.02881, 4.71047, 
1.69921, 1.75041, 3.28548, -6.39049, -3.06557, -6.91411, -3.27496, 
-3.43576, -4.98332, -3.482, -3.89944, -3.62615, -3.66487, -6.57936, 
0, 0, 0, 0, 0, 0, 0, 0, 0, 0, 0, 0, 0, 0, 0, 0, 0, 0, 0, 0, 0, 
0, 0.95454, 0.95447, 0.9526, 0.96087, 0.95146, 0.94772, 0.95073, 
0.9602, 0.9622, 0.96435, 0.95999, 0.94833, 0.93447, 0.94284, 
0.94783, 0.95163, 0.93989, 0.94014, 0.94708, 0.95595, 0.9525, 
0.95436, 0.0307, 0.0381, 0.0312, 0.0416, 0.0448, 0.0367, 0.0507, 
0.0479, 0.0558, 0.0585, 0.0457, 37.5, 96.3, 40.4, 105.4, 114.6, 
61.2, 123, 115.7, 134.5, 140.3, 68.6, 513, 469, 863, 780, 92, 
218, 168, 1142, 295, 253, 256, 201, 727, 289, 62, 928, 434, 17, 
248, 319, 851, 510, 100, 100, 100, 100, 100, 100, 100, 100, 100, 
100, 100, 2500, 2500, 2500, 2500, 2500, 2500, 2500, 2500, 2500, 
2500, 2500, 7977.356, 7916.8, 7766.466, 7631.229, 7586.30500000001, 
7346.59, 7765.77399999999, 8059.815, 7876.927, 8048.204, 8365.32199999999, 
7.99666, 1.01678, 5.48888, 4.10873, 1.35987, 5.64875, 3.25741, 
4.00565, 1.89394, 1.40327, 2.87183, -6.28665, -2.77106, -6.84344, 
-4.21367, -3.38198, -4.72328, -5.79467, -3.42627, -3.65814, -3.69705, 
-6.69873, 0, 0, 0, 0, 0, 0, 0, 0, 0, 0, 0, 0, 0, 0, 0, 0, 0, 
0, 0, 0, 0, 0, 0.95454, 0.94447, 0.9526, 0.96087, 0.95146, 0.94758, 
0.95368, 0.95353, 0.9622, 0.96435, 0.95721, 0.94833, 0.94474, 
0.94284, 0.95198, 0.95163, 0.94003, 0.9538, 0.94342, 0.95595, 
0.9525, 0.95134, 0.0306, 0.0371, 0.0304, 0.0376, 0.0441, 0.039, 
0.0388, 0.0545, 0.056, 0.0583, 0.0459, 37.6, 100, 40.7, 91.9, 
115.7, 65.6, 61.3, 128.2, 133.9, 139.8, 73.4, 432, 94, 1372, 
2115, 1952, 713, 1706, 142, 1044, 1808, 695, 4, 6, 1, 1, 1, 2, 
3, 6, 1, 1, 3, 100, 100, 100, 100, 100, 100, 100, 100, 100, 100, 
100, 2500, 2500, 2500, 2500, 2500, 2500, 2500, 2500, 2500, 2500, 
2500, 8036.274, 7851.375, 7751.476, 7504.686, 7561.06800000001, 
7690.05799999999, 7995.039, 8001.201, 7980.196, 8503.88, 8447.978, 
1, 1, 1, 1, 1, 1, 1, 1, 1, 1, 1, 0.0303, 0.0303, 0.0303, 0.0303, 
0.0303, 0.0303, 0.0303, 0.0303, 0.0303, 0.0303, 0.0303, 0, 0, 
0, 0, 0, 0, 0, 0, 0, 0, 0, 0, 0, 0, 0, 0, 0, 0, 0, 0, 0, 0, 0.92052, 
0.92865, 0.93807, 0.92589, 0.93545, 0.92849, 0.93976, 0.93986, 
0.9371, 0.9434, 0.94275, 0.92578, 0.93865, 0.92877, 0.92589, 
0.92712, 0.93248, 0.94333, 0.93963, 0.94325, 0.94046, 0.93998, 
0.0337, 0.0339, 0.035, 0.037, 0.0387, 0.0425, 0.0431, 0.045, 
0.0466, 0.0488, 0.0523, 73.7, 77.8, 80.4, 87.8, 90.5, 93.1, 96, 
99.4, 101.9, 104.1, 105.6, 1, 1, 1, 1, 1, 1, 1, 1, 1, 1, 1, 1, 
1, 1, 1, 1, 1, 1, 1, 1, 1, 1, 1, 1, 1, 1, 1, 1, 1, 1, 1, 1, 1, 
1, 1, 1, 1, 1, 1, 1, 1, 1, 1, 1, 3.142, 3.169, 3.065, 2.974, 
2.996, 3.097, 3.155, 3.043, 3.133, 3.27, 3.147), .Dim = c(11L, 
40L), .Dimnames = list(NULL, c("Sampling", "PSO.cost", "PSO.gamma", 
"PSO.data.balancing", "PSO.feature.selection", "PSO.valid.acc", 
"PSO.test.acc", "PSO.train.time", "PSO.n.support.vectors", "PSO.index", 
"PSO.n.solutions", "PSO.generations", "PSO.n.evaluations", "PSO.cpu.time", 
"RS.cost", "RS.gamma", "RS.data.balancing", "RS.feature.selection", 
"RS.valid.acc", "RS.test.acc", "RS.train.time", "RS.n.support.vectors", 
"RS.index", "RS.n.solutions", "RS.generations", "RS.n.evaluations", 
"RS.cpu.time", "DF.cost", "DF.gamma", "DF.data.balancing", "DF.feature.selection", 
"DF.valid.acc", "DF.test.acc", "DF.train.time", "DF.n.support.vectors", 
"DF.index", "DF.n.solutions", "DF.generations", "DF.n.evaluations", 
"DF.cpu.time")))
