full <-
structure(c(50, 55, 60, 65, 70, 75, 80, 85, 90, 95, 100, 3.41769, 
3.90191, 1.41367, 0.26544, 3.13956, 2.59235, 6.12282, 2.51104, 
2.29997, 7.53111, 2.92816, -6.706, -4.07864, -3.01811, -2.28222, 
-3.2976, -3.27531, -5.99167, -3.75496, -6.0062, -3.5456, -4.28096, 
0, 0, 0, 0, 0, 0, 0, 0, 0, 0, 0, 0, 0, 0, 0, 0, 0, 0, 0, 0, 0, 
0, 0.93725, 0.94842, 0.94825, 0.94778, 0.9475, 0.95114, 0.96464, 
0.96365, 0.95006, 0.95811, 0.95769, 0.92582, 0.93289, 0.93439, 
0.94758, 0.9355, 0.93604, 0.95763, 0.9502, 0.94693, 0.94635, 
0.95753, 0.0292, 0.0351, 0.0403, 0.0449, 0.0447, 0.049, 0.0365, 
0.0515, 0.0421, 0.0599, 0.0538, 46.4, 84.7, 107.9, 125.8, 118.6, 
124.4, 50.4, 122.9, 71.1, 136, 116.8, 131, 200, 620, 313, 1942, 
1537, 279, 272, 627, 30, 627, 807, 807, 196, 808, 12, 22, 166, 
260, 563, 1015, 86, 100, 100, 100, 100, 100, 100, 100, 100, 100, 
100, 100, 2500, 2500, 2500, 2500, 2500, 2500, 2500, 2500, 2500, 
2500, 2500, 7599.38, 7210.563, 7109.337, 7424.70400000001, 7194.518, 
7303.804, 7133.55499999999, 7444.363, 7320.88900000001, 7735.30900000001, 
7501.891, -0.20058, 3.36226, 1.6146, 1.66496, 1.21815, 1.69922, 
5.86552, 3.24133, -0.89985, 9.44712, 4.24954, -4.83983, -4.3001, 
-3.01048, -2.31652, -3.81565, -3.98131, -5.45447, -4.16437, -4.29848, 
-3.47227, -6.74459, 0, 0, 0, 0, 0, 0, 0, 0, 0, 0, 0, 0, 0, 0, 
0, 0, 0, 0, 0, 0, 0, 0, 0.93758, 0.94842, 0.9437, 0.94323, 0.94733, 
0.951, 0.96107, 0.9602, 0.95309, 0.95811, 0.95761, 0.93203, 0.94316, 
0.93439, 0.94758, 0.93517, 0.94359, 0.96107, 0.95687, 0.94664, 
0.94046, 0.94879, 0.0313, 0.0337, 0.0405, 0.0437, 0.0436, 0.0443, 
0.0374, 0.047, 0.0548, 0.0624, 0.043, 79.7, 82.6, 107.5, 126.7, 
109.3, 110.5, 55.2, 111.2, 138.7, 138.7, 63.9, 1423, 263, 225, 
1935, 78, 206, 72, 1270, 1329, 86, 776, 1, 2, 3, 2, 2, 1, 3, 
1, 1, 23, 3, 100, 100, 100, 100, 100, 100, 100, 100, 100, 100, 
100, 2500, 2500, 2500, 2500, 2500, 2500, 2500, 2500, 2500, 2500, 
2500, 7772.666, 6947.594, 7212.36700000001, 7335.525, 7236.295, 
7385.387, 7464.61599999999, 7521.613, 7665.12399999998, 7818.07800000001, 
7795.37399999998, 1, 1, 1, 1, 1, 1, 1, 1, 1, 1, 1, 0.0303, 0.0303, 
0.0303, 0.0303, 0.0303, 0.0303, 0.0303, 0.0303, 0.0303, 0.0303, 
0.0303, 0, 0, 0, 0, 0, 0, 0, 0, 0, 0, 0, 0, 0, 0, 0, 0, 0, 0, 
0, 0, 0, 0, 0.92059, 0.92763, 0.91398, 0.91596, 0.92283, 0.92863, 
0.93285, 0.93019, 0.94361, 0.93146, 0.94349, 0.92647, 0.91737, 
0.89991, 0.92031, 0.92717, 0.93234, 0.93298, 0.92674, 0.93755, 
0.92852, 0.93753, 0.0321, 0.036, 0.0362, 0.0376, 0.0393, 0.0424, 
0.0431, 0.044, 0.0471, 0.0497, 0.0525, 76.5, 81.9, 85.6, 86.4, 
92.3, 96.2, 97.3, 97.5, 102.3, 104.9, 106, 1, 1, 1, 1, 1, 1, 
1, 1, 1, 1, 1, 1, 1, 1, 1, 1, 1, 1, 1, 1, 1, 1, 1, 1, 1, 1, 1, 
1, 1, 1, 1, 1, 1, 1, 1, 1, 1, 1, 1, 1, 1, 1, 1, 1, 3.197, 2.906, 
2.868, 2.891, 2.868, 2.943, 2.903, 2.9, 2.931, 2.995, 3.03), .Dim = c(11L, 
40L), .Dimnames = list(NULL, c("Sampling", "PSO.cost", "PSO.gamma", 
"PSO.data.balancing", "PSO.feature.selection", "PSO.valid.acc", 
"PSO.test.acc", "PSO.train.time", "PSO.n.support.vectors", "PSO.index", 
"PSO.n.solutions", "PSO.generations", "PSO.n.evaluations", "PSO.cpu.time", 
"RS.cost", "RS.gamma", "RS.data.balancing", "RS.feature.selection", 
"RS.valid.acc", "RS.test.acc", "RS.train.time", "RS.n.support.vectors", 
"RS.index", "RS.n.solutions", "RS.generations", "RS.n.evaluations", 
"RS.cpu.time", "DF.cost", "DF.gamma", "DF.data.balancing", "DF.feature.selection", 
"DF.valid.acc", "DF.test.acc", "DF.train.time", "DF.n.support.vectors", 
"DF.index", "DF.n.solutions", "DF.generations", "DF.n.evaluations", 
"DF.cpu.time")))
