full <-
structure(c(50, 55, 60, 65, 70, 75, 80, 85, 90, 95, 100, 1.40535, 
1.27801, 1.954, 0.77272, 1.3369, 2.09104, 1.37917, 0.79584, 2.26697, 
0.42272, 2.16084, -3.14197, -3.64446, -3.67893, -2.82969, -3.16664, 
-3.25411, -3.43857, -3.54506, -3.22679, -3.88686, -5.03701, 0, 
0, 0, 0, 0, 0, 0, 0, 0, 0, 0, 0, 0, 0, 0, 0, 0, 0, 0, 0, 0, 0, 
0.94248, 0.96365, 0.96729, 0.96085, 0.96397, 0.96182, 0.95086, 
0.95686, 0.96249, 0.95561, 0.96276, 0.94248, 0.94787, 0.94846, 
0.95216, 0.96397, 0.94686, 0.95443, 0.95341, 0.95008, 0.94376, 
0.94594, 0.0353, 0.0381, 0.0412, 0.0461, 0.0459, 0.0502, 0.0516, 
0.0569, 0.0604, 0.057, 0.0479, 93.3, 95.6, 97.1, 116.3, 123.3, 
131.4, 136.4, 138.7, 146.8, 137.9, 79.5, 387, 1291, 473, 861, 
200, 369, 229, 247, 383, 196, 823, 606, 54, 274, 85, 811, 1114, 
537, 817, 841, 473, 221, 100, 100, 100, 100, 100, 100, 100, 100, 
100, 100, 100, 2500, 2500, 2500, 2500, 2500, 2500, 2500, 2500, 
2500, 2500, 2500, 8281.156, 8487.296, 8456.111, 8290.995, 8293.076, 
8418.35100000001, 8625.489, 8712.77500000001, 8846.80600000001, 
9004.28700000001, 8720.73200000002, 1.13862, 1.02126, 2.13462, 
2.7174, 1.3346, 2.53164, 3.17772, 1.5224, 1.95942, 0.86716, 3.41853, 
-3.31438, -3.50868, -3.53271, -3.15804, -3.33693, -3.28497, -3.12337, 
-3.5682, -3.24232, -3.88867, -6.81201, 0, 0, 0, 0, 0, 0, 0, 0, 
0, 0, 0, 0, 0, 0, 0, 0, 0, 0, 0, 0, 0, 0, 0.94216, 0.95865, 0.96253, 
0.95649, 0.96397, 0.96182, 0.95074, 0.95686, 0.96249, 0.95561, 
0.96015, 0.9366, 0.9426, 0.94846, 0.96084, 0.95981, 0.94686, 
0.94691, 0.95008, 0.95008, 0.9467, 0.95729, 0.0342, 0.0388, 0.041, 
0.0433, 0.0462, 0.0518, 0.055, 0.0579, 0.0602, 0.0605, 0.0447, 
92.6, 97.2, 99.8, 111.3, 120.7, 130.9, 137.6, 137.5, 147.2, 136.8, 
69.7, 594, 395, 256, 44, 112, 842, 471, 1806, 925, 950, 1025, 
1, 1, 4, 6, 2, 3, 3, 1, 1, 3, 2, 100, 100, 100, 100, 100, 100, 
100, 100, 100, 100, 100, 2500, 2500, 2500, 2500, 2500, 2500, 
2500, 2500, 2500, 2500, 2500, 8065.028, 8523.552, 8378.265, 8288.35999999999, 
8190.23700000001, 8351.89499999999, 8655.97499999999, 8705.715, 
8808.079, 8958.77600000001, 8586.09999999998, 1, 1, 1, 1, 1, 
1, 1, 1, 1, 1, 1, 0.0303, 0.0303, 0.0303, 0.0303, 0.0303, 0.0303, 
0.0303, 0.0303, 0.0303, 0.0303, 0.0303, 0, 0, 0, 0, 0, 0, 0, 
0, 0, 0, 0, 0, 0, 0, 0, 0, 0, 0, 0, 0, 0, 0, 0.93007, 0.92678, 
0.94823, 0.93888, 0.92682, 0.93589, 0.91896, 0.93373, 0.93416, 
0.93779, 0.94292, 0.92418, 0.93734, 0.94346, 0.93472, 0.93499, 
0.93589, 0.933, 0.9335, 0.93416, 0.94376, 0.9399, 0.0334, 0.0368, 
0.0376, 0.0376, 0.0393, 0.0431, 0.0429, 0.0459, 0.0478, 0.0506, 
0.051, 75.4, 79.2, 82.5, 86.3, 89.5, 93.5, 98, 101.9, 102.6, 
105.5, 106, 1, 1, 1, 1, 1, 1, 1, 1, 1, 1, 1, 1, 1, 1, 1, 1, 1, 
1, 1, 1, 1, 1, 1, 1, 1, 1, 1, 1, 1, 1, 1, 1, 1, 1, 1, 1, 1, 1, 
1, 1, 1, 1, 1, 1, 3.323, 3.474, 3.326, 3.25, 3.181, 3.301, 3.366, 
3.392, 3.526, 3.348, 3.334), .Dim = c(11L, 40L), .Dimnames = list(
    NULL, c("Sampling", "PSO.cost", "PSO.gamma", "PSO.data.balancing", 
    "PSO.feature.selection", "PSO.valid.acc", "PSO.test.acc", 
    "PSO.train.time", "PSO.n.support.vectors", "PSO.index", "PSO.n.solutions", 
    "PSO.generations", "PSO.n.evaluations", "PSO.cpu.time", "RS.cost", 
    "RS.gamma", "RS.data.balancing", "RS.feature.selection", 
    "RS.valid.acc", "RS.test.acc", "RS.train.time", "RS.n.support.vectors", 
    "RS.index", "RS.n.solutions", "RS.generations", "RS.n.evaluations", 
    "RS.cpu.time", "DF.cost", "DF.gamma", "DF.data.balancing", 
    "DF.feature.selection", "DF.valid.acc", "DF.test.acc", "DF.train.time", 
    "DF.n.support.vectors", "DF.index", "DF.n.solutions", "DF.generations", 
    "DF.n.evaluations", "DF.cpu.time")))
