full <-
structure(c(50, 55, 60, 65, 70, 75, 80, 85, 90, 95, 100, 0.48979, 
3.48623, 1, 3.88444, 2.31319, 3.08475, 4.90085, -0.22149, 0.22166, 
0.53533, 5.1837, -4.0471, -4.04181, 0.0303, -4.37109, -3.7581, 
-4.14917, -4.09248, -4.21835, -4.2218, -4.29801, -3.8467, 0, 
0, 0, 0, 0, 0, 0, 0, 0, 0, 0, 0, 0, 0, 0, 0, 0, 0, 0, 0, 0, 0, 
0.97745, 0.97947, 0.97229, 0.96955, 0.96782, 0.96197, 0.97525, 
0.97021, 0.96219, 0.96444, 0.96023, 0.9719, 0.97947, 0.96277, 
0.96066, 0.96365, 0.96197, 0.96133, 0.96376, 0.94978, 0.95856, 
0.92863, 0.032, 0.0333, 0.0327, 0.0354, 0.0438, 0.0411, 0.0461, 
0.0499, 0.052, 0.059, 0.0611, 78.7, 82.2, 77.7, 85.8, 104, 100.5, 
102.5, 121.8, 123.9, 126.5, 128.8, 540, 88, 1, 550, 379, 377, 
409, 120, 196, 756, 1215, 173, 727, 312, 57, 836, 702, 510, 855, 
672, 364, 30, 100, 100, 100, 100, 100, 100, 100, 100, 100, 100, 
100, 2500, 2500, 2500, 2500, 2500, 2500, 2500, 2500, 2500, 2500, 
2500, 7671.353, 7818.426, 7839.895, 7851.367, 7905.156, 7960.398, 
8037.89, 8286.455, 9614.117, 9744.36600000001, 9855.30100000001, 
0.41335, 4.13606, -1.00096, 3.86813, 2.8852, 3.88713, 4.92374, 
0.31631, 0.26614, 0.32835, 1.41635, -3.92074, -3.73458, -5.19402, 
-4.26559, -3.75825, -4.35061, -4.26658, -4.40231, -4.36959, -4.40859, 
-3.43505, 0, 0, 0, 0, 0, 0, 0, 0, 0, 0, 0, 0, 0, 0, 0, 0, 0, 
0, 0, 0, 0, 0, 0.97745, 0.97947, 0.97229, 0.9652, 0.96782, 0.96197, 
0.97525, 0.97021, 0.96219, 0.9615, 0.95991, 0.9719, 0.97947, 
0.96299, 0.96066, 0.96365, 0.95826, 0.96133, 0.96376, 0.95291, 
0.95553, 0.96285, 0.0338, 0.0339, 0.0361, 0.0363, 0.04, 0.0428, 
0.0447, 0.0488, 0.0559, 0.057, 0.0661, 80.6, 87.4, 91, 87.8, 
102.8, 92.8, 97.9, 112, 119.7, 125.9, 150.7, 606, 265, 525, 307, 
486, 156, 137, 483, 200, 1944, 1035, 3, 2, 8, 4, 1, 5, 1, 3, 
3, 1, 2, 100, 100, 100, 100, 100, 100, 100, 100, 100, 100, 100, 
2500, 2500, 2500, 2500, 2500, 2500, 2500, 2500, 2500, 2500, 2500, 
7716.882, 7833.981, 7825.266, 7851.364, 7922.541, 8009.68100000001, 
8032.31299999999, 9826.538, 9854.758, 9761.215, 9950.424, 1, 
1, 1, 1, 1, 1, 1, 1, 1, 1, 1, 0.0303, 0.0303, 0.0303, 0.0303, 
0.0303, 0.0303, 0.0303, 0.0303, 0.0303, 0.0303, 0.0303, 0, 0, 
0, 0, 0, 0, 0, 0, 0, 0, 0, 0, 0, 0, 0, 0, 0, 0, 0, 0, 0, 0, 0.96078, 
0.95868, 0.97229, 0.95591, 0.955, 0.9433, 0.95419, 0.95353, 0.94323, 
0.94947, 0.94292, 0.96078, 0.95868, 0.96277, 0.95591, 0.955, 
0.94701, 0.95074, 0.95019, 0.94313, 0.94955, 0.93999, 0.0295, 
0.0328, 0.0348, 0.0377, 0.0375, 0.0411, 0.0433, 0.0503, 0.0469, 
0.0501, 0.0528, 70.2, 73.5, 77.7, 81, 84.9, 90.5, 93.5, 95.9, 
100.9, 106.1, 106.3, 1, 1, 1, 1, 1, 1, 1, 1, 1, 1, 1, 1, 1, 1, 
1, 1, 1, 1, 1, 1, 1, 1, 1, 1, 1, 1, 1, 1, 1, 1, 1, 1, 1, 1, 1, 
1, 1, 1, 1, 1, 1, 1, 1, 1, 3.06, 3.129, 3.101, 3.109, 3.089, 
3.222, 3.153, 4.017, 3.634, 3.663, 3.872), .Dim = c(11L, 40L), .Dimnames = list(
    NULL, c("Sampling", "PSO.cost", "PSO.gamma", "PSO.data.balancing", 
    "PSO.feature.selection", "PSO.valid.acc", "PSO.test.acc", 
    "PSO.train.time", "PSO.n.support.vectors", "PSO.index", "PSO.n.solutions", 
    "PSO.generations", "PSO.n.evaluations", "PSO.cpu.time", "RS.cost", 
    "RS.gamma", "RS.data.balancing", "RS.feature.selection", 
    "RS.valid.acc", "RS.test.acc", "RS.train.time", "RS.n.support.vectors", 
    "RS.index", "RS.n.solutions", "RS.generations", "RS.n.evaluations", 
    "RS.cpu.time", "DF.cost", "DF.gamma", "DF.data.balancing", 
    "DF.feature.selection", "DF.valid.acc", "DF.test.acc", "DF.train.time", 
    "DF.n.support.vectors", "DF.index", "DF.n.solutions", "DF.generations", 
    "DF.n.evaluations", "DF.cpu.time")))
