full <-
structure(c(50, 55, 60, 65, 70, 75, 80, 85, 90, 95, 100, 5.9099, 
0.82327, 0.73289, 2.63892, 1.36629, 1.06482, 1.29473, 3.3388, 
1.73354, 4.19724, 0.26305, -3.84474, -3.8335, -4.01874, -3.76338, 
-3.51827, -4.32448, -3.33652, -3.31639, -3.49375, -6.28101, -3.40641, 
0, 0, 0, 0, 0, 0, 0, 0, 0, 0, 0, 0, 0, 0, 0, 0, 0, 0, 0, 0, 0, 
0, 0.97124, 0.97447, 0.97141, 0.9614, 0.97165, 0.96624, 0.96835, 
0.96688, 0.96874, 0.96159, 0.96, 0.9598, 0.95368, 0.96708, 0.96102, 
0.96765, 0.96239, 0.9649, 0.95355, 0.95604, 0.94652, 0.95134, 
0.0342, 0.0374, 0.0396, 0.0432, 0.047, 0.0481, 0.0504, 0.0583, 
0.0594, 0.0422, 0.0624, 73.8, 86.3, 95.5, 100.4, 111.9, 105.7, 
130.1, 134.1, 138.4, 59.6, 152.3, 174, 447, 813, 2325, 477, 211, 
100, 161, 265, 281, 338, 1243, 828, 578, 1, 576, 774, 660, 266, 
1013, 1035, 541, 100, 100, 100, 100, 100, 100, 100, 100, 100, 
100, 100, 2500, 2500, 2500, 2500, 2500, 2500, 2500, 2500, 2500, 
2500, 2500, 7874.711, 7974.827, 8068.629, 9834.183, 10177.206, 
10278.517, 7822.958, 7945.197, 8256.39800000002, 7922.848, 8304.75899999999, 
4.78905, 1.14732, 0.56838, 2.23824, 1.10954, 0.46209, 0.402, 
1.76648, 1.51314, 3.7384, 2.35393, -3.86283, -3.80957, -3.83942, 
-3.53124, -3.56271, -4.05301, -3.34428, -4.89831, -3.50349, -5.79668, 
-3.54863, 0, 0, 0, 0, 0, 0, 0, 0, 0, 0, 0, 0, 0, 0, 0, 0, 0, 
0, 0, 0, 0, 0, 0.97124, 0.97447, 0.96188, 0.96122, 0.97165, 0.96254, 
0.9649, 0.96677, 0.96571, 0.95865, 0.95714, 0.9598, 0.94842, 
0.97162, 0.9525, 0.96765, 0.96624, 0.95788, 0.96355, 0.95926, 
0.9525, 0.95705, 0.0339, 0.0377, 0.0407, 0.0434, 0.0478, 0.046, 
0.0499, 0.0399, 0.0586, 0.0429, 0.0635, 73.6, 85.8, 97.3, 105.6, 
111.6, 114, 129.9, 77.6, 137.4, 61.4, 145.9, 205, 902, 162, 180, 
718, 1245, 2385, 2081, 759, 188, 950, 14, 2, 4, 2, 4, 3, 1, 1, 
1, 4, 6, 100, 100, 100, 100, 100, 100, 100, 100, 100, 100, 100, 
2500, 2500, 2500, 2500, 2500, 2500, 2500, 2500, 2500, 2500, 2500, 
7929.133, 7961.94, 9140.9, 9857.47199999999, 10263.7, 10129.789, 
7913.159, 7870.47899999999, 8327.50199999998, 8334.288, 8172.644, 
1, 1, 1, 1, 1, 1, 1, 1, 1, 1, 1, 0.0303, 0.0303, 0.0303, 0.0303, 
0.0303, 0.0303, 0.0303, 0.0303, 0.0303, 0.0303, 0.0303, 0, 0, 
0, 0, 0, 0, 0, 0, 0, 0, 0, 0, 0, 0, 0, 0, 0, 0, 0, 0, 0, 0, 0.94216, 
0.93316, 0.9387, 0.92978, 0.93897, 0.93973, 0.93978, 0.95032, 
0.94315, 0.94358, 0.93428, 0.93627, 0.93316, 0.92485, 0.94303, 
0.9348, 0.93989, 0.94335, 0.94699, 0.94324, 0.94055, 0.93713, 
0.0327, 0.0324, 0.0383, 0.0427, 0.0411, 0.0396, 0.0446, 0.0429, 
0.0486, 0.0495, 0.0518, 72.8, 76.7, 82.9, 85.2, 86.4, 94.3, 95.5, 
97.4, 100.5, 102.2, 105.5, 1, 1, 1, 1, 1, 1, 1, 1, 1, 1, 1, 1, 
1, 1, 1, 1, 1, 1, 1, 1, 1, 1, 1, 1, 1, 1, 1, 1, 1, 1, 1, 1, 1, 
1, 1, 1, 1, 1, 1, 1, 1, 1, 1, 1, 3.177, 3.038, 3.975, 4.158, 
4.063, 2.952, 3.22, 2.968, 3.24, 3.177, 3.137), .Dim = c(11L, 
40L), .Dimnames = list(NULL, c("Sampling", "PSO.cost", "PSO.gamma", 
"PSO.data.balancing", "PSO.feature.selection", "PSO.valid.acc", 
"PSO.test.acc", "PSO.train.time", "PSO.n.support.vectors", "PSO.index", 
"PSO.n.solutions", "PSO.generations", "PSO.n.evaluations", "PSO.cpu.time", 
"RS.cost", "RS.gamma", "RS.data.balancing", "RS.feature.selection", 
"RS.valid.acc", "RS.test.acc", "RS.train.time", "RS.n.support.vectors", 
"RS.index", "RS.n.solutions", "RS.generations", "RS.n.evaluations", 
"RS.cpu.time", "DF.cost", "DF.gamma", "DF.data.balancing", "DF.feature.selection", 
"DF.valid.acc", "DF.test.acc", "DF.train.time", "DF.n.support.vectors", 
"DF.index", "DF.n.solutions", "DF.generations", "DF.n.evaluations", 
"DF.cpu.time")))
