full <-
structure(c(50, 55, 60, 65, 70, 75, 80, 85, 90, 95, 100, 1.55634, 
2.82098, 2.14816, 4.17245, 1.66222, -0.24293, 2.76969, 1.69929, 
1.65046, 2.83265, 1.95827, -5.44528, -5.95677, -5.51361, -5.83264, 
-3.62069, -4.34478, -4.92258, -3.59475, -3.56355, -6.33783, -3.4406, 
0, 0, 0, 0, 0, 0, 0, 0, 0, 0, 0, 0, 0, 0, 0, 0, 0, 0, 0, 0, 0, 
0, 0.96426, 0.96395, 0.96688, 0.96957, 0.95567, 0.96553, 0.96478, 
0.95676, 0.96219, 0.96462, 0.96007, 0.94657, 0.95368, 0.95736, 
0.95217, 0.9515, 0.95798, 0.95419, 0.95677, 0.95281, 0.95267, 
0.94839, 0.0302, 0.0272, 0.0321, 0.0318, 0.0434, 0.0405, 0.0391, 
0.0528, 0.0526, 0.0418, 0.0621, 57.2, 48.9, 55.4, 49, 110.3, 
108.8, 75.2, 127.7, 135.8, 70.5, 150.1, 278, 40, 2033, 962, 216, 
2484, 367, 217, 403, 576, 246, 629, 1063, 9, 204, 1033, 1, 230, 
350, 579, 220, 734, 100, 100, 100, 100, 100, 100, 100, 100, 100, 
100, 100, 2500, 2500, 2500, 2500, 2500, 2500, 2500, 2500, 2500, 
2500, 2500, 6845.748, 6752.935, 6860.823, 6923.214, 7134.792, 
7244.046, 7010.15999999999, 7306.23700000001, 7399.416, 6974.662, 
7427.08900000001, 2.12373, 2.43638, 3.1432, 3.66017, 1.4021, 
0.78822, 3.22731, 4.02853, 1.23432, 2.57574, 1.96785, -5.52641, 
-5.94278, -6.32284, -5.70919, -3.57103, -3.61583, -5.07032, -3.80588, 
-3.48257, -6.38233, -3.38125, 0, 0, 0, 0, 0, 0, 0, 0, 0, 0, 0, 
0, 0, 0, 0, 0, 0, 0, 0, 0, 0, 0, 0.96426, 0.96395, 0.96212, 0.96522, 
0.95567, 0.95825, 0.96121, 0.95676, 0.95916, 0.96168, 0.96007, 
0.94657, 0.95368, 0.96212, 0.95198, 0.9515, 0.95413, 0.95419, 
0.95343, 0.95584, 0.94973, 0.95125, 0.0269, 0.0279, 0.0303, 0.0304, 
0.045, 0.0431, 0.0375, 0.047, 0.0546, 0.0409, 0.0622, 52.6, 50.8, 
46.5, 50.7, 110.4, 113.5, 69.4, 118.3, 138.8, 73.2, 151.7, 625, 
353, 146, 68, 624, 320, 124, 540, 1795, 596, 1385, 1, 6, 11, 
6, 1, 2, 7, 3, 1, 1, 1, 100, 100, 100, 100, 100, 100, 100, 100, 
100, 100, 100, 2500, 2500, 2500, 2500, 2500, 2500, 2500, 2500, 
2500, 2500, 2500, 6801.968, 6984.625, 6968.766, 7043.919, 7107.45299999999, 
7183.46399999999, 7281.046, 7402.777, 7298.97, 7356.986, 7578.48599999998, 
1, 1, 1, 1, 1, 1, 1, 1, 1, 1, 1, 0.0303, 0.0303, 0.0303, 0.0303, 
0.0303, 0.0303, 0.0303, 0.0303, 0.0303, 0.0303, 0.0303, 0, 0, 
0, 0, 0, 0, 0, 0, 0, 0, 0, 0, 0, 0, 0, 0, 0, 0, 0, 0, 0, 0, 0.95351, 
0.95368, 0.94307, 0.95178, 0.9315, 0.95043, 0.94335, 0.93664, 
0.93737, 0.93779, 0.94284, 0.94138, 0.94842, 0.93831, 0.94743, 
0.93967, 0.95028, 0.95764, 0.93664, 0.9405, 0.94367, 0.93981, 
0.0285, 0.0294, 0.0321, 0.0356, 0.0378, 0.0373, 0.0393, 0.0433, 
0.0455, 0.0463, 0.0494, 71.4, 74.9, 80.6, 85.5, 88.5, 91, 94.7, 
97.1, 102.9, 105.1, 106.8, 1, 1, 1, 1, 1, 1, 1, 1, 1, 1, 1, 1, 
1, 1, 1, 1, 1, 1, 1, 1, 1, 1, 1, 1, 1, 1, 1, 1, 1, 1, 1, 1, 1, 
1, 1, 1, 1, 1, 1, 1, 1, 1, 1, 1, 2.634, 2.587, 2.662, 2.844, 
2.903, 2.685, 2.708, 2.848, 2.92, 2.748, 2.939), .Dim = c(11L, 
40L), .Dimnames = list(NULL, c("Sampling", "PSO.cost", "PSO.gamma", 
"PSO.data.balancing", "PSO.feature.selection", "PSO.valid.acc", 
"PSO.test.acc", "PSO.train.time", "PSO.n.support.vectors", "PSO.index", 
"PSO.n.solutions", "PSO.generations", "PSO.n.evaluations", "PSO.cpu.time", 
"RS.cost", "RS.gamma", "RS.data.balancing", "RS.feature.selection", 
"RS.valid.acc", "RS.test.acc", "RS.train.time", "RS.n.support.vectors", 
"RS.index", "RS.n.solutions", "RS.generations", "RS.n.evaluations", 
"RS.cpu.time", "DF.cost", "DF.gamma", "DF.data.balancing", "DF.feature.selection", 
"DF.valid.acc", "DF.test.acc", "DF.train.time", "DF.n.support.vectors", 
"DF.index", "DF.n.solutions", "DF.generations", "DF.n.evaluations", 
"DF.cpu.time")))
