full <-
structure(c(50, 55, 60, 65, 70, 75, 80, 85, 90, 95, 100, 2.09693, 
1.4271, 8.80132, 0.58153, 3.02968, 1.46495, 15, 1.26851, 1.42724, 
0.96078, 1.03194, -3.49912, -3.65105, -3.52482, -4.28867, -3.34207, 
-3.45509, -3.58162, -4.8245, -3.01206, -3.32149, -5.36697, 0, 
0, 0, 0, 0, 0, 0, 0, 0, 0, 0, 0, 0, 0, 0, 0, 0, 0, 0, 0, 0, 0, 
0.93758, 0.94731, 0.9619, 0.96084, 0.9555, 0.96211, 0.95751, 
0.95333, 0.95927, 0.95838, 0.9573, 0.93203, 0.93731, 0.94307, 
0.95234, 0.9475, 0.9584, 0.94704, 0.94333, 0.95605, 0.94349, 
0.94578, 0.0361, 0.0372, 0.0379, 0.0378, 0.0451, 0.0462, 0.0465, 
0.0412, 0.0581, 0.0638, 0.0453, 82.8, 90.5, 94.1, 92, 108.5, 
118.1, 114.6, 82.4, 142.3, 150.1, 84.1, 943, 1372, 196, 708, 
308, 693, 233, 424, 16, 696, 449, 216, 17, 1103, 464, 650, 154, 
414, 377, 217, 286, 349, 100, 100, 100, 100, 100, 100, 100, 100, 
100, 100, 100, 2500, 2500, 2500, 2500, 2500, 2500, 2500, 2500, 
2500, 2500, 2500, 8749.286, 8717.015, 8782.885, 8652.287, 8759.11199999999, 
8738.02800000001, 8431.48, 8456.42999999999, 8326.829, 8367.38400000002, 
7791.41999999998, 1.7521, 1.43329, 6.01756, 3.04572, 3.0596, 
0.83619, 7.04101, 1.08806, 4.68707, 0.15867, 0.67755, -3.48909, 
-3.63891, -3.4875, -4.4759, -3.37081, -3.90512, -3.57685, -4.7908, 
-3.18767, -3.45056, -3.33245, 0, 0, 0, 0, 0, 0, 0, 0, 0, 0, 0, 
0, 0, 0, 0, 0, 0, 0, 0, 0, 0, 0, 0.93725, 0.94731, 0.9619, 0.95649, 
0.9555, 0.9584, 0.95751, 0.95333, 0.95927, 0.95544, 0.95403, 
0.93203, 0.93731, 0.94307, 0.93513, 0.9475, 0.94715, 0.94704, 
0.95, 0.9624, 0.94652, 0.95403, 0.0332, 0.0353, 0.0366, 0.0357, 
0.0445, 0.0419, 0.0477, 0.0422, 0.0565, 0.0534, 0.0621, 83.9, 
90.7, 94.5, 80.1, 107.5, 112, 114.7, 87.5, 137.3, 148.4, 154, 
546, 1458, 1353, 387, 1868, 26, 460, 1252, 559, 139, 1082, 4, 
1, 4, 1, 1, 3, 1, 1, 3, 4, 2, 100, 100, 100, 100, 100, 100, 100, 
100, 100, 100, 100, 2500, 2500, 2500, 2500, 2500, 2500, 2500, 
2500, 2500, 2500, 2500, 8723.069, 8731.076, 8768.62, 8661.229, 
8766.899, 8634.243, 8534.849, 8109.24800000001, 8462.36800000002, 
7992.91800000001, 8210.98500000002, 1, 1, 1, 1, 1, 1, 1, 1, 1, 
1, 1, 0.0303, 0.0303, 0.0303, 0.0303, 0.0303, 0.0303, 0.0303, 
0.0303, 0.0303, 0.0303, 0.0303, 0, 0, 0, 0, 0, 0, 0, 0, 0, 0, 
0, 0, 0, 0, 0, 0, 0, 0, 0, 0, 0, 0, 0.92516, 0.92094, 0.93355, 
0.9389, 0.93133, 0.94359, 0.93989, 0.93667, 0.94365, 0.94082, 
0.94578, 0.93105, 0.92649, 0.93831, 0.94345, 0.93533, 0.94715, 
0.94334, 0.93667, 0.94052, 0.93485, 0.9399, 0.0303, 0.0338, 0.0355, 
0.0353, 0.04, 0.0406, 0.0414, 0.0426, 0.046, 0.0447, 0.0492, 
72.9, 78.5, 81, 85.3, 90.5, 91.9, 93.7, 97, 99.7, 102.3, 105.2, 
1, 1, 1, 1, 1, 1, 1, 1, 1, 1, 1, 1, 1, 1, 1, 1, 1, 1, 1, 1, 1, 
1, 1, 1, 1, 1, 1, 1, 1, 1, 1, 1, 1, 1, 1, 1, 1, 1, 1, 1, 1, 1, 
1, 1, 3.435, 3.512, 3.301, 3.444, 3.492, 3.348, 3.285, 3.095, 
3.251, 3.051, 3.171), .Dim = c(11L, 40L), .Dimnames = list(NULL, 
    c("Sampling", "PSO.cost", "PSO.gamma", "PSO.data.balancing", 
    "PSO.feature.selection", "PSO.valid.acc", "PSO.test.acc", 
    "PSO.train.time", "PSO.n.support.vectors", "PSO.index", "PSO.n.solutions", 
    "PSO.generations", "PSO.n.evaluations", "PSO.cpu.time", "RS.cost", 
    "RS.gamma", "RS.data.balancing", "RS.feature.selection", 
    "RS.valid.acc", "RS.test.acc", "RS.train.time", "RS.n.support.vectors", 
    "RS.index", "RS.n.solutions", "RS.generations", "RS.n.evaluations", 
    "RS.cpu.time", "DF.cost", "DF.gamma", "DF.data.balancing", 
    "DF.feature.selection", "DF.valid.acc", "DF.test.acc", "DF.train.time", 
    "DF.n.support.vectors", "DF.index", "DF.n.solutions", "DF.generations", 
    "DF.n.evaluations", "DF.cpu.time")))
