full <-
structure(c(50, 55, 60, 65, 70, 75, 80, 85, 90, 95, 100, 4.12071, 
12.17987, 2.62032, 2.37286, 2.69892, 4.61784, 2.35971, -0.02727, 
0.44404, 0.74948, 4.79615, -3.36727, -3.71352, -3.62267, -3.83266, 
-3.63664, -5.73213, -4.58405, -4.37315, -4.7384, -4.14608, -4.12678, 
0, 0, 0, 0, 0, 0, 0, 0, 0, 0, 0, 0, 0, 0, 0, 0, 0, 0, 0, 0, 0, 
0, 0.94869, 0.94842, 0.94755, 0.96461, 0.95564, 0.95855, 0.96145, 
0.95987, 0.95272, 0.96141, 0.96284, 0.94346, 0.94316, 0.94801, 
0.96008, 0.95564, 0.93946, 0.9436, 0.94975, 0.9495, 0.9525, 0.94863, 
0.0359, 0.0366, 0.0386, 0.0398, 0.0439, 0.0368, 0.0426, 0.0532, 
0.0529, 0.0536, 0.0544, 85.1, 87.2, 96.4, 97.5, 108.2, 54.4, 
94, 116.2, 108.8, 127.7, 117, 459, 126, 1789, 187, 350, 303, 
257, 30, 227, 541, 323, 200, 1138, 7, 881, 118, 216, 437, 685, 
931, 746, 236, 100, 100, 100, 100, 100, 100, 100, 100, 100, 100, 
100, 2500, 2500, 2500, 2500, 2500, 2500, 2500, 2500, 2500, 2500, 
2500, 7470.72, 7737.146, 7669.714, 7803.652, 7858.3, 7785.78199999999, 
8513.30499999999, 10132.025, 9434.41199999998, 7831.01499999998, 
7843.30299999999, 0.91096, 10.80427, 3.04984, 3.03366, 0.55994, 
0.06564, 5.24055, 0.06507, 14.92781, 0.50908, 4.75153, -5.51018, 
-3.72912, -3.65732, -3.61992, -4.31588, -4.25328, -4.57499, -4.41233, 
-2.99695, -4.1962, -4.12491, 0, 0, 0, 0, 0, 0, 0, 0, 0, 0, 0, 
0, 0, 0, 0, 0, 0, 0, 0, 0, 0, 0, 0.95425, 0.94842, 0.94755, 0.96461, 
0.95564, 0.95855, 0.96145, 0.95987, 0.95281, 0.95847, 0.95998, 
0.94281, 0.93789, 0.95255, 0.96443, 0.95564, 0.9547, 0.9436, 
0.94975, 0.94969, 0.9525, 0.94863, 0.0292, 0.0373, 0.0396, 0.0431, 
0.0425, 0.0443, 0.0482, 0.0523, 0.0584, 0.0539, 0.0521, 59.8, 
86.8, 95.4, 100.5, 97.1, 107.7, 87.7, 114.6, 145.1, 127.8, 118.1, 
605, 234, 2398, 1048, 169, 868, 314, 341, 368, 572, 586, 2, 5, 
1, 2, 1, 2, 7, 4, 4, 3, 2, 100, 100, 100, 100, 100, 100, 100, 
100, 100, 100, 100, 2500, 2500, 2500, 2500, 2500, 2500, 2500, 
2500, 2500, 2500, 2500, 7675.377, 7715.449, 7765.589, 7836.548, 
7918.29699999999, 8009.50600000001, 9910.609, 10157.346, 7964.02499999999, 
7992.11499999999, 7724.39099999997, 1, 1, 1, 1, 1, 1, 1, 1, 1, 
1, 1, 0.0303, 0.0303, 0.0303, 0.0303, 0.0303, 0.0303, 0.0303, 
0.0303, 0.0303, 0.0303, 0.0303, 0, 0, 0, 0, 0, 0, 0, 0, 0, 0, 
0, 0, 0, 0, 0, 0, 0, 0, 0, 0, 0, 0, 0.92549, 0.93737, 0.93351, 
0.9476, 0.94346, 0.93946, 0.95086, 0.95654, 0.94334, 0.94073, 
0.94291, 0.93758, 0.91684, 0.93372, 0.93888, 0.93929, 0.94345, 
0.94015, 0.94653, 0.94324, 0.94358, 0.94014, 0.0329, 0.0345, 
0.0361, 0.0381, 0.0395, 0.0411, 0.0474, 0.0492, 0.0475, 0.0494, 
0.0483, 74.1, 76.5, 80.8, 84.3, 90.1, 93.9, 96.3, 97.9, 101.3, 
102.6, 107.6, 1, 1, 1, 1, 1, 1, 1, 1, 1, 1, 1, 1, 1, 1, 1, 1, 
1, 1, 1, 1, 1, 1, 1, 1, 1, 1, 1, 1, 1, 1, 1, 1, 1, 1, 1, 1, 1, 
1, 1, 1, 1, 1, 1, 1, 3.075, 3.083, 3.08, 3.093, 3.116, 3.17, 
4.022, 3.97, 3.031, 3.089, 2.858), .Dim = c(11L, 40L), .Dimnames = list(
    NULL, c("Sampling", "PSO.cost", "PSO.gamma", "PSO.data.balancing", 
    "PSO.feature.selection", "PSO.valid.acc", "PSO.test.acc", 
    "PSO.train.time", "PSO.n.support.vectors", "PSO.index", "PSO.n.solutions", 
    "PSO.generations", "PSO.n.evaluations", "PSO.cpu.time", "RS.cost", 
    "RS.gamma", "RS.data.balancing", "RS.feature.selection", 
    "RS.valid.acc", "RS.test.acc", "RS.train.time", "RS.n.support.vectors", 
    "RS.index", "RS.n.solutions", "RS.generations", "RS.n.evaluations", 
    "RS.cpu.time", "DF.cost", "DF.gamma", "DF.data.balancing", 
    "DF.feature.selection", "DF.valid.acc", "DF.test.acc", "DF.train.time", 
    "DF.n.support.vectors", "DF.index", "DF.n.solutions", "DF.generations", 
    "DF.n.evaluations", "DF.cpu.time")))
