full <-
structure(c(50, 55, 60, 65, 70, 75, 80, 85, 90, 95, 100, 11.47628, 
7.39453, -1.74101, 2.46487, 4.28989, 2.5486, 6.55373, 1.44989, 
6.62074, 1.10401, 1.13289, -3.71972, -3.88422, -2.90503, -4.38265, 
-3.55127, -4.03712, -4.84069, -4.15003, -3.39553, -3.36161, -3.52842, 
0, 0, 0, 0, 0, 0, 0, 0, 0, 0, 0, 0, 0, 0, 0, 0, 0, 0, 0, 0, 0, 
0, 0.97639, 0.96868, 0.97162, 0.96973, 0.96767, 0.96225, 0.95787, 
0.96042, 0.95927, 0.97059, 0.95973, 0.98264, 0.96342, 0.96232, 
0.96084, 0.9555, 0.94701, 0.94027, 0.95665, 0.95292, 0.95882, 
0.9425, 0.0346, 0.0359, 0.0369, 0.0407, 0.0443, 0.0468, 0.041, 
0.0496, 0.0593, 0.0615, 0.0655, 82.2, 87, 116.8, 89.6, 109.4, 
108.8, 66.4, 117.3, 135, 148.1, 149.9, 29, 35, 1536, 1348, 1193, 
447, 136, 384, 123, 817, 461, 1052, 1270, 24, 74, 95, 696, 216, 
672, 1090, 738, 238, 100, 100, 100, 100, 100, 100, 100, 100, 
100, 100, 100, 2500, 2500, 2500, 2500, 2500, 2500, 2500, 2500, 
2500, 2500, 2500, 7683.372, 7560.787, 7394.496, 7768.553, 8024.93299999999, 
7987.568, 7725.264, 8152.75999999999, 8159.07900000001, 8273.098, 
8438.935, 13.28317, 12.34385, 0.82886, 2.93275, 13.2344, 2.83448, 
6.56663, 1.27583, 1.00292, 1.2062, 0.9369, -3.7277, -3.66595, 
-3.89438, -4.50189, -3.42935, -4.16676, -4.69367, -4.1384, -4.42438, 
-3.45619, -3.36761, 0, 0, 0, 0, 0, 0, 0, 0, 0, 0, 0, 0, 0, 0, 
0, 0, 0, 0, 0, 0, 0, 0, 0.97639, 0.96868, 0.96686, 0.96518, 0.96383, 
0.9584, 0.95775, 0.96042, 0.95936, 0.96471, 0.95696, 0.98264, 
0.96368, 0.96686, 0.96084, 0.9435, 0.95085, 0.94039, 0.95665, 
0.95936, 0.95588, 0.94846, 0.0332, 0.0354, 0.0357, 0.0376, 0.0437, 
0.0466, 0.0407, 0.0494, 0.0496, 0.0629, 0.0681, 82.1, 89.5, 92.7, 
86.9, 110.9, 105.8, 72, 117.8, 115.1, 146.8, 152.8, 50, 51, 804, 
788, 176, 682, 1013, 778, 430, 1256, 970, 15, 37, 15, 6, 3, 8, 
3, 1, 4, 2, 2, 100, 100, 100, 100, 100, 100, 100, 100, 100, 100, 
100, 2500, 2500, 2500, 2500, 2500, 2500, 2500, 2500, 2500, 2500, 
2500, 7652.506, 7401.479, 7225.35, 7846.12, 7995.86599999999, 
7839.90399999999, 8025.671, 8192.071, 8010.13100000002, 8263.783, 
8327.72500000001, 1, 1, 1, 1, 1, 1, 1, 1, 1, 1, 1, 0.0303, 0.0303, 
0.0303, 0.0303, 0.0303, 0.0303, 0.0303, 0.0303, 0.0303, 0.0303, 
0.0303, 0, 0, 0, 0, 0, 0, 0, 0, 0, 0, 0, 0, 0, 0, 0, 0, 0, 0, 
0, 0, 0, 0, 0.95384, 0.95316, 0.94801, 0.95667, 0.94717, 0.94345, 
0.94345, 0.94009, 0.93748, 0.94412, 0.93981, 0.95417, 0.95842, 
0.95755, 0.95649, 0.95117, 0.94715, 0.9469, 0.93998, 0.94676, 
0.94412, 0.93687, 0.0305, 0.0311, 0.0351, 0.0371, 0.0408, 0.0424, 
0.0437, 0.0479, 0.045, 0.0505, 0.0505, 70.9, 73.7, 78.8, 84.1, 
88.5, 90.7, 95.5, 96.8, 99, 103.2, 105.5, 1, 1, 1, 1, 1, 1, 1, 
1, 1, 1, 1, 1, 1, 1, 1, 1, 1, 1, 1, 1, 1, 1, 1, 1, 1, 1, 1, 1, 
1, 1, 1, 1, 1, 1, 1, 1, 1, 1, 1, 1, 1, 1, 1, 1, 3.076, 2.823, 
2.965, 3.041, 3.196, 3.117, 3.197, 3.333, 2.918, 3.227, 3.16), .Dim = c(11L, 
40L), .Dimnames = list(NULL, c("Sampling", "PSO.cost", "PSO.gamma", 
"PSO.data.balancing", "PSO.feature.selection", "PSO.valid.acc", 
"PSO.test.acc", "PSO.train.time", "PSO.n.support.vectors", "PSO.index", 
"PSO.n.solutions", "PSO.generations", "PSO.n.evaluations", "PSO.cpu.time", 
"RS.cost", "RS.gamma", "RS.data.balancing", "RS.feature.selection", 
"RS.valid.acc", "RS.test.acc", "RS.train.time", "RS.n.support.vectors", 
"RS.index", "RS.n.solutions", "RS.generations", "RS.n.evaluations", 
"RS.cpu.time", "DF.cost", "DF.gamma", "DF.data.balancing", "DF.feature.selection", 
"DF.valid.acc", "DF.test.acc", "DF.train.time", "DF.n.support.vectors", 
"DF.index", "DF.n.solutions", "DF.generations", "DF.n.evaluations", 
"DF.cpu.time")))
