full <-
structure(c(50, 55, 60, 65, 70, 75, 80, 85, 90, 95, 100, -2, 
1.46423, 2.4817, -2, 1.03159, -1.97982, 1.99759, 4.5625, 4.67064, 
3.17606, 2.50337, -4.94857, -3.90895, -3.74505, -4.84171, -3.62802, 
-5.03174, -3.57278, -5.65551, -3.50598, -3.20905, -3.22718, 0, 
0, 0, 0, 0, 0, 0, 0, 0, 0, 0, 0, 0, 0, 0, 0, 0, 0, 0, 0, 0, 0, 
0.97124, 0.97421, 0.96643, 0.96991, 0.97133, 0.96595, 0.96823, 
0.96344, 0.97188, 0.96756, 0.96276, 0.96569, 0.96368, 0.96188, 
0.96556, 0.95933, 0.95855, 0.96121, 0.95344, 0.95917, 0.94982, 
0.95999, 0.033, 0.0324, 0.036, 0.0391, 0.0429, 0.0454, 0.0478, 
0.038, 0.0542, 0.063, 0.0642, 95.7, 79.5, 90.8, 116.4, 104.7, 
128.2, 119.3, 56.5, 126.9, 147.1, 154.7, 380, 434, 229, 314, 
1170, 942, 685, 342, 1764, 215, 469, 395, 184, 202, 406, 36, 
374, 73, 69, 6, 449, 153, 100, 100, 100, 100, 100, 100, 100, 
100, 100, 100, 100, 2500, 2500, 2500, 2500, 2500, 2500, 2500, 
2500, 2500, 2500, 2500, 7242.323, 7276.174, 7389.634, 7513.878, 
7792.20099999999, 7847.016, 7765.516, 7760.79100000001, 7902.22700000001, 
8146.12199999997, 8186.29999999999, 0.91842, -0.90084, 2.75236, 
1.37607, 2.7488, -1.98601, 1.93063, -0.46039, 14.05621, 2.16221, 
3.90456, -3.48126, -4.45382, -3.81949, -3.581, -3.89405, -5.24531, 
-3.58159, -4.1537, -3.47661, -3.21808, -3.17681, 0, 0, 0, 0, 
0, 0, 0, 0, 0, 0, 0, 0, 0, 0, 0, 0, 0, 0, 0, 0, 0, 0, 0.96667, 
0.96895, 0.96643, 0.96915, 0.9675, 0.96225, 0.96823, 0.96011, 
0.96572, 0.96756, 0.96252, 0.95453, 0.96895, 0.95712, 0.96046, 
0.95933, 0.95855, 0.96121, 0.94666, 0.95605, 0.94982, 0.95125, 
0.0333, 0.0325, 0.037, 0.0402, 0.0406, 0.0453, 0.0492, 0.0484, 
0.0539, 0.063, 0.0647, 80.6, 87.1, 89.9, 101.2, 99.6, 124.9, 
119.2, 122.5, 128, 150.8, 151.8, 57, 40, 581, 1061, 1094, 1883, 
1816, 845, 921, 1170, 2071, 8, 14, 3, 4, 1, 2, 1, 4, 2, 1, 1, 
100, 100, 100, 100, 100, 100, 100, 100, 100, 100, 100, 2500, 
2500, 2500, 2500, 2500, 2500, 2500, 2500, 2500, 2500, 2500, 7243.54, 
7324.645, 7400.717, 7652.467, 7787.28199999999, 7828.265, 7810.76999999999, 
7901.22799999999, 7945.34499999999, 8128.125, 8177.04200000002, 
1, 1, 1, 1, 1, 1, 1, 1, 1, 1, 1, 0.0303, 0.0303, 0.0303, 0.0303, 
0.0303, 0.0303, 0.0303, 0.0303, 0.0303, 0.0303, 0.0303, 0, 0, 
0, 0, 0, 0, 0, 0, 0, 0, 0, 0, 0, 0, 0, 0, 0, 0, 0, 0, 0, 0, 0.9549, 
0.95342, 0.96143, 0.9525, 0.95533, 0.94345, 0.96121, 0.95677, 
0.94677, 0.94679, 0.9372, 0.94902, 0.95342, 0.94714, 0.9525, 
0.95533, 0.95085, 0.95776, 0.95011, 0.95312, 0.94679, 0.94292, 
0.0297, 0.0301, 0.0346, 0.0368, 0.0376, 0.0393, 0.0413, 0.0432, 
0.0451, 0.0483, 0.0491, 68.1, 72.3, 76.2, 81.8, 82.8, 85.7, 87.4, 
93.6, 96.1, 102.9, 105.6, 1, 1, 1, 1, 1, 1, 1, 1, 1, 1, 1, 1, 
1, 1, 1, 1, 1, 1, 1, 1, 1, 1, 1, 1, 1, 1, 1, 1, 1, 1, 1, 1, 1, 
1, 1, 1, 1, 1, 1, 1, 1, 1, 1, 1, 2.878, 2.873, 2.93, 3.035, 3.047, 
3.072, 3.081, 3.049, 3.016, 3.166, 3.1), .Dim = c(11L, 40L), .Dimnames = list(
    NULL, c("Sampling", "PSO.cost", "PSO.gamma", "PSO.data.balancing", 
    "PSO.feature.selection", "PSO.valid.acc", "PSO.test.acc", 
    "PSO.train.time", "PSO.n.support.vectors", "PSO.index", "PSO.n.solutions", 
    "PSO.generations", "PSO.n.evaluations", "PSO.cpu.time", "RS.cost", 
    "RS.gamma", "RS.data.balancing", "RS.feature.selection", 
    "RS.valid.acc", "RS.test.acc", "RS.train.time", "RS.n.support.vectors", 
    "RS.index", "RS.n.solutions", "RS.generations", "RS.n.evaluations", 
    "RS.cpu.time", "DF.cost", "DF.gamma", "DF.data.balancing", 
    "DF.feature.selection", "DF.valid.acc", "DF.test.acc", "DF.train.time", 
    "DF.n.support.vectors", "DF.index", "DF.n.solutions", "DF.generations", 
    "DF.n.evaluations", "DF.cpu.time")))
