full <-
structure(c(50, 55, 60, 65, 70, 75, 80, 85, 90, 95, 100, -0.11163, 
0.89423, 1.4321, 3.15264, 2.12735, 1.65643, 2.39497, 1.91548, 
3.26869, 0.89651, 2.45854, -3.20147, -3.12003, -3.03821, -5.64466, 
-5.17373, -3.25054, -3.19562, -3.94214, -4.31304, -4.63388, -3.35624, 
0, 0, 0, 0, 0, 0, 0, 0, 0, 0, 0, 0, 0, 0, 0, 0, 0, 0, 0, 0, 0, 
0, 0.96013, 0.94895, 0.95797, 0.95629, 0.95083, 0.95869, 0.95382, 
0.95677, 0.95613, 0.95856, 0.95722, 0.94281, 0.94395, 0.93868, 
0.94797, 0.93467, 0.95128, 0.95025, 0.94677, 0.94988, 0.95267, 
0.94579, 0.0351, 0.0376, 0.0386, 0.0316, 0.0349, 0.0458, 0.05, 
0.0507, 0.0469, 0.0505, 0.0659, 88.7, 97, 105.8, 48.8, 59.9, 
120, 125.1, 117.5, 85.8, 104.2, 153.3, 978, 1437, 786, 492, 370, 
240, 328, 46, 624, 1384, 2445, 37, 23, 30, 364, 758, 749, 521, 
321, 152, 36, 1, 100, 100, 100, 100, 100, 100, 100, 100, 100, 
100, 100, 2500, 2500, 2500, 2500, 2500, 2500, 2500, 2500, 2500, 
2500, 2500, 7870.689, 7125.784, 7207.561, 7847.508, 7390.44100000001, 
7522.864, 7691.91, 7779.28200000001, 7761.84700000001, 7942.29699999999, 
8031.32199999999, 0.62562, 3.63502, 8.36221, -1.62065, 1.8141, 
1.07575, 1.03524, 1.10861, 2.64141, 0.4879, 2.46287, -2.90073, 
-6.59616, -3.38966, -1.77679, -4.5247, -3.18249, -4.76534, -3.23104, 
-2.85079, -4.61846, -3.3745, 0, 0, 0, 0, 0, 0, 0, 0, 0, 0, 0, 
0, 0, 0, 0, 0, 0, 0, 0, 0, 0, 0, 0.9549, 0.95342, 0.95342, 0.95669, 
0.94683, 0.95869, 0.95382, 0.95677, 0.95311, 0.95561, 0.95722, 
0.94314, 0.93842, 0.9439, 0.95669, 0.93467, 0.95114, 0.94347, 
0.95344, 0.94686, 0.94973, 0.94579, 0.0345, 0.0306, 0.0401, 0.0443, 
0.0373, 0.0472, 0.0396, 0.0532, 0.0586, 0.0507, 0.0634, 89.7, 
43.1, 99.4, 150.1, 77.3, 122.2, 83.3, 134, 143.5, 111.6, 152.8, 
2206, 227, 109, 680, 115, 213, 72, 168, 2051, 581, 917, 1, 3, 
13, 1, 1, 1, 1, 4, 1, 5, 1, 100, 100, 100, 100, 100, 100, 100, 
100, 100, 100, 100, 2500, 2500, 2500, 2500, 2500, 2500, 2500, 
2500, 2500, 2500, 2500, 7031.181, 7124.068, 7715.959, 7730.929, 
7605.442, 7583.98700000001, 7699.82000000001, 7802.076, 7916.05999999998, 
8059.84, 7720.266, 1, 1, 1, 1, 1, 1, 1, 1, 1, 1, 1, 0.0303, 0.0303, 
0.0303, 0.0303, 0.0303, 0.0303, 0.0303, 0.0303, 0.0303, 0.0303, 
0.0303, 0, 0, 0, 0, 0, 0, 0, 0, 0, 0, 0, 0, 0, 0, 0, 0, 0, 0, 
0, 0, 0, 0, 0.92059, 0.92734, 0.92552, 0.93926, 0.9265, 0.94017, 
0.93645, 0.93688, 0.94343, 0.94082, 0.94008, 0.92614, 0.9276, 
0.92552, 0.93491, 0.9225, 0.94387, 0.92931, 0.93677, 0.94343, 
0.93797, 0.93722, 0.0287, 0.0329, 0.0355, 0.0352, 0.0389, 0.0422, 
0.0435, 0.0424, 0.0461, 0.0486, 0.0494, 70.2, 74.4, 82, 83.1, 
84.5, 87.1, 93.3, 95.8, 97.6, 100.5, 106.1, 1, 1, 1, 1, 1, 1, 
1, 1, 1, 1, 1, 1, 1, 1, 1, 1, 1, 1, 1, 1, 1, 1, 1, 1, 1, 1, 1, 
1, 1, 1, 1, 1, 1, 1, 1, 1, 1, 1, 1, 1, 1, 1, 1, 1, 2.602, 2.929, 
3.076, 2.981, 3.028, 3.116, 3.067, 2.895, 3.073, 3.051, 2.89), .Dim = c(11L, 
40L), .Dimnames = list(NULL, c("Sampling", "PSO.cost", "PSO.gamma", 
"PSO.data.balancing", "PSO.feature.selection", "PSO.valid.acc", 
"PSO.test.acc", "PSO.train.time", "PSO.n.support.vectors", "PSO.index", 
"PSO.n.solutions", "PSO.generations", "PSO.n.evaluations", "PSO.cpu.time", 
"RS.cost", "RS.gamma", "RS.data.balancing", "RS.feature.selection", 
"RS.valid.acc", "RS.test.acc", "RS.train.time", "RS.n.support.vectors", 
"RS.index", "RS.n.solutions", "RS.generations", "RS.n.evaluations", 
"RS.cpu.time", "DF.cost", "DF.gamma", "DF.data.balancing", "DF.feature.selection", 
"DF.valid.acc", "DF.test.acc", "DF.train.time", "DF.n.support.vectors", 
"DF.index", "DF.n.solutions", "DF.generations", "DF.n.evaluations", 
"DF.cpu.time")))
