full <-
structure(c(50, 55, 60, 65, 70, 75, 80, 85, 90, 95, 100, 13.71152, 
3.82745, 2.11099, 11.06019, 4.04336, 3.4605, 4.24056, 8.30323, 
1.14969, 0.69832, 4.0348, -7.03127, -5.09277, -3.43908, -3.47054, 
-3.88177, -3.08961, -3.51403, -3.61856, -3.72173, -3.19905, -5.86849, 
0, 0, 0, 0, 0, 0, 0, 0, 0, 0, 0, 0, 0, 0, 0, 0, 0, 0, 0, 0, 0, 
0, 0.96569, 0.96895, 0.97143, 0.96047, 0.95583, 0.9584, 0.95751, 
0.95677, 0.95622, 0.95258, 0.95999, 0.91928, 0.95368, 0.96667, 
0.95613, 0.95167, 0.94701, 0.95062, 0.93677, 0.95006, 0.94652, 
0.94856, 0.0298, 0.0292, 0.0369, 0.0396, 0.0417, 0.0472, 0.0492, 
0.0494, 0.0517, 0.0659, 0.0483, 33.6, 51.1, 97.1, 102.3, 105, 
123.9, 118.6, 119.4, 132.6, 148.4, 61.9, 134, 39, 1347, 330, 
289, 769, 898, 50, 222, 1563, 46, 976, 449, 60, 569, 219, 352, 
164, 1314, 82, 69, 758, 100, 100, 100, 100, 100, 100, 100, 100, 
100, 100, 100, 2500, 2500, 2500, 2500, 2500, 2500, 2500, 2500, 
2500, 2500, 2500, 6887.597, 6981.694, 6971.921, 7012.794, 6995.924, 
7103.126, 7101.81199999999, 7190.55499999999, 7108.97, 9111.573, 
9497.74000000002, 7.21809, 3.89656, 2.0912, 11.81058, 3.85945, 
10.62654, 4.31823, 13.2526, 3.03669, 1.35708, 4.80961, -7.01297, 
-3.62902, -3.40126, -3.45991, -3.77124, -3.05979, -3.57263, -3.56587, 
-6.32954, -3.24254, -6.27306, 0, 0, 0, 0, 0, 0, 0, 0, 0, 0, 0, 
0, 0, 0, 0, 0, 0, 0, 0, 0, 0, 0, 0.96569, 0.96895, 0.97143, 0.96047, 
0.95583, 0.9547, 0.95751, 0.95677, 0.95329, 0.94964, 0.95999, 
0.91928, 0.95868, 0.96212, 0.95613, 0.9475, 0.94701, 0.95062, 
0.94344, 0.94362, 0.95258, 0.94293, 0.0263, 0.0353, 0.037, 0.0401, 
0.0427, 0.047, 0.0476, 0.0498, 0.0393, 0.0624, 0.0475, 33.6, 
91.5, 97.9, 102.4, 106.8, 122, 117.3, 121.2, 64.9, 147.2, 58.7, 
94, 98, 2450, 1117, 371, 1363, 2089, 296, 895, 549, 2482, 11, 
41, 1, 1, 1, 2, 1, 8, 4, 1, 1, 100, 100, 100, 100, 100, 100, 
100, 100, 100, 100, 100, 2500, 2500, 2500, 2500, 2500, 2500, 
2500, 2500, 2500, 2500, 2500, 6949.618, 7038.909, 6958.669, 7013.832, 
7021.30699999999, 7092.80600000001, 7152.573, 7245.13799999999, 
7353.303, 9792.15100000001, 9960.027, 1, 1, 1, 1, 1, 1, 1, 1, 
1, 1, 1, 0.0303, 0.0303, 0.0303, 0.0303, 0.0303, 0.0303, 0.0303, 
0.0303, 0.0303, 0.0303, 0.0303, 0, 0, 0, 0, 0, 0, 0, 0, 0, 0, 
0, 0, 0, 0, 0, 0, 0, 0, 0, 0, 0, 0, 0.95425, 0.95368, 0.9526, 
0.94346, 0.9355, 0.93177, 0.94002, 0.94333, 0.94049, 0.93449, 
0.93713, 0.94281, 0.95368, 0.9526, 0.94346, 0.9395, 0.93547, 
0.9436, 0.93344, 0.94391, 0.93752, 0.94292, 0.0292, 0.0312, 0.0339, 
0.0348, 0.0367, 0.0409, 0.0418, 0.0429, 0.0441, 0.0534, 0.0568, 
68.9, 72.4, 76.8, 81.7, 86.3, 89, 95, 97.2, 98.5, 101.1, 106.2, 
1, 1, 1, 1, 1, 1, 1, 1, 1, 1, 1, 1, 1, 1, 1, 1, 1, 1, 1, 1, 1, 
1, 1, 1, 1, 1, 1, 1, 1, 1, 1, 1, 1, 1, 1, 1, 1, 1, 1, 1, 1, 1, 
1, 1, 2.699, 2.696, 2.812, 2.684, 2.707, 2.902, 2.811, 2.757, 
2.76, 3.956, 4.015), .Dim = c(11L, 40L), .Dimnames = list(NULL, 
    c("Sampling", "PSO.cost", "PSO.gamma", "PSO.data.balancing", 
    "PSO.feature.selection", "PSO.valid.acc", "PSO.test.acc", 
    "PSO.train.time", "PSO.n.support.vectors", "PSO.index", "PSO.n.solutions", 
    "PSO.generations", "PSO.n.evaluations", "PSO.cpu.time", "RS.cost", 
    "RS.gamma", "RS.data.balancing", "RS.feature.selection", 
    "RS.valid.acc", "RS.test.acc", "RS.train.time", "RS.n.support.vectors", 
    "RS.index", "RS.n.solutions", "RS.generations", "RS.n.evaluations", 
    "RS.cpu.time", "DF.cost", "DF.gamma", "DF.data.balancing", 
    "DF.feature.selection", "DF.valid.acc", "DF.test.acc", "DF.train.time", 
    "DF.n.support.vectors", "DF.index", "DF.n.solutions", "DF.generations", 
    "DF.n.evaluations", "DF.cpu.time")))
