full <-
structure(c(50, 55, 60, 65, 70, 75, 80, 85, 90, 95, 100, 1.73791, 
-0.16827, 2.56573, 9.34454, 3.91068, 5.14591, 3.93652, -1.19385, 
2.67183, 3.02605, 2.35498, -3.64527, -4.41607, -4.22758, -3.21978, 
-3.47497, -4.90516, -4.12589, -3.79439, -3.43536, -5.17007, -3.9666, 
0, 0, 0, 0, 0, 0, 0, 0, 0, 0, 0, 0, 0, 0, 0, 0, 0, 0, 0, 0, 0, 
0, 0.96503, 0.96368, 0.95758, 0.96481, 0.95096, 0.95456, 0.97167, 
0.96042, 0.9655, 0.95793, 0.96268, 0.95425, 0.94789, 0.95281, 
0.95629, 0.94679, 0.94715, 0.94345, 0.95376, 0.95602, 0.9402, 
0.95117, 0.033, 0.0342, 0.0336, 0.04, 0.0431, 0.0353, 0.0454, 
0.0521, 0.0566, 0.0435, 0.0602, 75.9, 83.1, 80.4, 97.9, 105.5, 
58.1, 102.6, 141, 136.6, 70, 134.4, 543, 948, 101, 165, 837, 
461, 692, 412, 540, 180, 818, 534, 59, 394, 1123, 61, 392, 169, 
662, 226, 69, 235, 100, 100, 100, 100, 100, 100, 100, 100, 100, 
100, 100, 2500, 2500, 2500, 2500, 2500, 2500, 2500, 2500, 2500, 
2500, 2500, 6812.526, 6882.751, 6923.702, 7117.766, 7083.75, 
7208.68000000001, 7513.476, 7735.375, 7620.374, 7708.85000000001, 
7935.777, 1.76137, 1.09004, 3.0736, 11.24164, 0.44403, 3.15108, 
4.06289, -1.6099, 3.18655, 3.01604, 3.40074, -3.6792, -4.39121, 
-3.93573, -3.22634, -3.37736, -3.1062, -4.15271, -3.95004, -6.42896, 
-5.06482, -4.0347, 0, 0, 0, 0, 0, 0, 0, 0, 0, 0, 0, 0, 0, 0, 
0, 0, 0, 0, 0, 0, 0, 0, 0.96503, 0.95842, 0.95758, 0.96481, 0.95081, 
0.95085, 0.96822, 0.9572, 0.95934, 0.95499, 0.95983, 0.9598, 
0.94789, 0.94805, 0.95629, 0.94247, 0.951, 0.94345, 0.95053, 
0.95905, 0.9402, 0.94831, 0.0324, 0.0315, 0.0356, 0.0396, 0.0436, 
0.0465, 0.0427, 0.053, 0.0407, 0.044, 0.0573, 75.7, 78.8, 82.8, 
97.7, 112.8, 122.8, 101.2, 147.9, 64.5, 72.3, 128.2, 1851, 156, 
171, 32, 2398, 135, 1851, 2356, 115, 28, 78, 1, 5, 18, 4, 1, 
2, 1, 1, 1, 7, 3, 100, 100, 100, 100, 100, 100, 100, 100, 100, 
100, 100, 2500, 2500, 2500, 2500, 2500, 2500, 2500, 2500, 2500, 
2500, 2500, 6810.945, 6890.717, 7002.182, 7079.217, 7119.635, 
7582.47199999999, 7677.44500000001, 7508.50199999999, 7793.012, 
8152.80399999997, 8021.40000000002, 1, 1, 1, 1, 1, 1, 1, 1, 1, 
1, 1, 0.0303, 0.0303, 0.0303, 0.0303, 0.0303, 0.0303, 0.0303, 
0.0303, 0.0303, 0.0303, 0.0303, 0, 0, 0, 0, 0, 0, 0, 0, 0, 0, 
0, 0, 0, 0, 0, 0, 0, 0, 0, 0, 0, 0, 0.94837, 0.94289, 0.94329, 
0.93528, 0.92629, 0.93917, 0.93669, 0.94019, 0.94645, 0.93414, 
0.94848, 0.95425, 0.93237, 0.94805, 0.94399, 0.92646, 0.93917, 
0.933, 0.94363, 0.9401, 0.93414, 0.94546, 0.031, 0.0319, 0.0341, 
0.0363, 0.0377, 0.0386, 0.0415, 0.0438, 0.0458, 0.0478, 0.0514, 
69.5, 76.3, 78.4, 80.9, 88, 92.6, 93.4, 95.4, 98.3, 104.3, 105.7, 
1, 1, 1, 1, 1, 1, 1, 1, 1, 1, 1, 1, 1, 1, 1, 1, 1, 1, 1, 1, 1, 
1, 1, 1, 1, 1, 1, 1, 1, 1, 1, 1, 1, 1, 1, 1, 1, 1, 1, 1, 1, 1, 
1, 1, 2.801, 2.761, 2.803, 2.814, 2.827, 2.804, 2.915, 2.905, 
3.013, 2.941, 3.095), .Dim = c(11L, 40L), .Dimnames = list(NULL, 
    c("Sampling", "PSO.cost", "PSO.gamma", "PSO.data.balancing", 
    "PSO.feature.selection", "PSO.valid.acc", "PSO.test.acc", 
    "PSO.train.time", "PSO.n.support.vectors", "PSO.index", "PSO.n.solutions", 
    "PSO.generations", "PSO.n.evaluations", "PSO.cpu.time", "RS.cost", 
    "RS.gamma", "RS.data.balancing", "RS.feature.selection", 
    "RS.valid.acc", "RS.test.acc", "RS.train.time", "RS.n.support.vectors", 
    "RS.index", "RS.n.solutions", "RS.generations", "RS.n.evaluations", 
    "RS.cpu.time", "DF.cost", "DF.gamma", "DF.data.balancing", 
    "DF.feature.selection", "DF.valid.acc", "DF.test.acc", "DF.train.time", 
    "DF.n.support.vectors", "DF.index", "DF.n.solutions", "DF.generations", 
    "DF.n.evaluations", "DF.cpu.time")))
