full <-
structure(c(50, 55, 60, 65, 70, 75, 80, 85, 90, 95, 100, -1.52748, 
2.68741, 1.60574, 1.97549, 2.2051, 1.8216, 0.62566, 2.73785, 
0.61178, 2.76204, 2.46435, -4.33412, -5.27654, -3.86118, -3.93034, 
-4.26017, -4.3199, -3.8453, -4.23575, -3.18791, -6.18696, -3.81828, 
0, 0, 0, 0, 0, 0, 0, 0, 0, 0, 0, 0, 0, 0, 0, 0, 0, 0, 0, 0, 0, 
0, 0.96601, 0.94813, 0.96617, 0.96917, 0.96767, 0.96624, 0.96108, 
0.96354, 0.95594, 0.95829, 0.95672, 0.94346, 0.93287, 0.95662, 
0.96028, 0.9595, 0.95114, 0.95739, 0.95687, 0.94979, 0.95232, 
0.94545, 0.0322, 0.0292, 0.0411, 0.0415, 0.0407, 0.044, 0.0459, 
0.0479, 0.0606, 0.0424, 0.0575, 97.9, 51.5, 95.3, 97.8, 97.5, 
103.4, 119.1, 109.1, 145, 68.5, 139.1, 1235, 182, 102, 604, 304, 
563, 2425, 258, 24, 45, 967, 51, 842, 925, 481, 727, 375, 1, 
220, 947, 633, 167, 100, 100, 100, 100, 100, 100, 100, 100, 100, 
100, 100, 2500, 2500, 2500, 2500, 2500, 2500, 2500, 2500, 2500, 
2500, 2500, 7341.611, 7027.353, 7449.949, 7520.284, 7685.215, 
7915.428, 7888.004, 7742.542, 8036.14199999999, 7762.93300000002, 
8034.321, -1.77111, 2.75795, 1.56734, 1.67686, 2.22043, 1.507, 
14.17754, 4.35053, 7.45463, 2.25923, -0.16659, -4.25877, -5.20093, 
-3.976, -3.91999, -4.26802, -4.34492, -4.11547, -4.23761, -3.32703, 
-6.06694, -4.2098, 0, 0, 0, 0, 0, 0, 0, 0, 0, 0, 0, 0, 0, 0, 
0, 0, 0, 0, 0, 0, 0, 0, 0.96013, 0.94813, 0.96117, 0.96917, 0.96767, 
0.96254, 0.95751, 0.96032, 0.95594, 0.95535, 0.95402, 0.95458, 
0.93287, 0.95662, 0.96462, 0.9595, 0.95114, 0.96096, 0.95677, 
0.95292, 0.95526, 0.9457, 0.0358, 0.0291, 0.0364, 0.0416, 0.0386, 
0.0414, 0.0444, 0.0444, 0.0564, 0.043, 0.0616, 101.6, 52.4, 94.4, 
99.3, 97.3, 104.3, 102.9, 100.3, 138.5, 71.6, 139.3, 634, 294, 
142, 709, 1404, 1150, 3, 17, 163, 2164, 950, 1, 6, 3, 1, 1, 1, 
42, 13, 8, 2, 1, 100, 100, 100, 100, 100, 100, 100, 100, 100, 
100, 100, 2500, 2500, 2500, 2500, 2500, 2500, 2500, 2500, 2500, 
2500, 2500, 7185.746, 7192.468, 7474.068, 7486.213, 7976.716, 
7994.31499999999, 7824.76000000001, 7993.22200000001, 8101.291, 
8164.003, 8234.935, 1, 1, 1, 1, 1, 1, 1, 1, 1, 1, 1, 0.0303, 
0.0303, 0.0303, 0.0303, 0.0303, 0.0303, 0.0303, 0.0303, 0.0303, 
0.0303, 0.0303, 0, 0, 0, 0, 0, 0, 0, 0, 0, 0, 0, 0, 0, 0, 0, 
0, 0, 0, 0, 0, 0, 0, 0.94346, 0.9376, 0.93801, 0.94761, 0.9475, 
0.94345, 0.95025, 0.95032, 0.94324, 0.93761, 0.93418, 0.94902, 
0.94287, 0.94277, 0.94307, 0.9475, 0.9396, 0.94323, 0.94698, 
0.94324, 0.9409, 0.93696, 0.0296, 0.0313, 0.0329, 0.0373, 0.0397, 
0.0398, 0.0448, 0.0458, 0.0488, 0.0484, 0.0507, 70.3, 79, 82, 
84.2, 87.3, 89.3, 95.2, 97.7, 100, 102.1, 105.8, 1, 1, 1, 1, 
1, 1, 1, 1, 1, 1, 1, 1, 1, 1, 1, 1, 1, 1, 1, 1, 1, 1, 1, 1, 1, 
1, 1, 1, 1, 1, 1, 1, 1, 1, 1, 1, 1, 1, 1, 1, 1, 1, 1, 1, 2.791, 
2.765, 2.772, 3.07, 3.225, 3.153, 3.197, 3.107, 3.234, 3.056, 
3.111), .Dim = c(11L, 40L), .Dimnames = list(NULL, c("Sampling", 
"PSO.cost", "PSO.gamma", "PSO.data.balancing", "PSO.feature.selection", 
"PSO.valid.acc", "PSO.test.acc", "PSO.train.time", "PSO.n.support.vectors", 
"PSO.index", "PSO.n.solutions", "PSO.generations", "PSO.n.evaluations", 
"PSO.cpu.time", "RS.cost", "RS.gamma", "RS.data.balancing", "RS.feature.selection", 
"RS.valid.acc", "RS.test.acc", "RS.train.time", "RS.n.support.vectors", 
"RS.index", "RS.n.solutions", "RS.generations", "RS.n.evaluations", 
"RS.cpu.time", "DF.cost", "DF.gamma", "DF.data.balancing", "DF.feature.selection", 
"DF.valid.acc", "DF.test.acc", "DF.train.time", "DF.n.support.vectors", 
"DF.index", "DF.n.solutions", "DF.generations", "DF.n.evaluations", 
"DF.cpu.time")))
