full <-
structure(c(50, 55, 60, 65, 70, 75, 80, 85, 90, 95, 100, 3.33832, 
4.07374, 4.207, 3.04922, 4.55249, 1.3954, 2.40025, 3.3671, 5.82744, 
3.01591, 2.40976, -4.27161, -3.59545, -7.22391, -3.87653, -5.67703, 
-3.6636, -3.44742, -3.55508, -5.79979, -5.70839, -3.27408, 0, 
0, 0, 0, 0, 0, 0, 0, 0, 0, 0, 0, 0, 0, 0, 0, 0, 0, 0, 0, 0, 0, 
0.95556, 0.96921, 0.9671, 0.96067, 0.9515, 0.95869, 0.96056, 
0.95676, 0.95614, 0.96141, 0.95714, 0.94902, 0.95895, 0.94827, 
0.94763, 0.92747, 0.94729, 0.95342, 0.95332, 0.94354, 0.95856, 
0.95134, 0.0338, 0.0393, 0.0327, 0.0432, 0.0355, 0.0496, 0.0533, 
0.0558, 0.0388, 0.0419, 0.068, 74, 91.7, 47.8, 98.8, 53.5, 121.1, 
131.8, 131.5, 57.8, 65.3, 153.2, 370, 951, 1240, 242, 468, 133, 
268, 482, 602, 203, 808, 515, 347, 85, 841, 171, 484, 595, 626, 
215, 541, 204, 100, 100, 100, 100, 100, 100, 100, 100, 100, 100, 
100, 2500, 2500, 2500, 2500, 2500, 2500, 2500, 2500, 2500, 2500, 
2500, 7587.614, 7986.872, 7903.321, 8177.345, 8225.99, 8208.71699999999, 
8296.13100000001, 8306.60400000001, 7970.10100000001, 8026.601, 
8651.69, 2.62458, 3.78298, 5.56391, 3.4378, 2.76079, 0.31594, 
0.98973, 3.50232, 6.03937, 2.95171, 2.72968, -4.03346, -3.608, 
-7.88646, -3.87354, -4.19248, -3.23382, -4.28738, -3.54901, -5.70698, 
-5.67059, -3.71003, 0, 0, 0, 0, 0, 0, 0, 0, 0, 0, 0, 0, 0, 0, 
0, 0, 0, 0, 0, 0, 0, 0, 0.95523, 0.96921, 0.96234, 0.96067, 0.94365, 
0.95869, 0.95699, 0.95676, 0.95614, 0.96141, 0.95714, 0.94869, 
0.95895, 0.94351, 0.94763, 0.94765, 0.94744, 0.94295, 0.94999, 
0.94666, 0.95856, 0.9542, 0.0323, 0.0367, 0.031, 0.0412, 0.0402, 
0.0505, 0.0462, 0.0545, 0.0416, 0.0428, 0.063, 78.5, 92.5, 45.5, 
98.9, 98.7, 130.7, 112.2, 131.4, 59.4, 66.1, 141.5, 1533, 140, 
291, 77, 66, 474, 468, 765, 1270, 2462, 987, 4, 1, 5, 1, 3, 2, 
8, 1, 1, 1, 2, 100, 100, 100, 100, 100, 100, 100, 100, 100, 100, 
100, 2500, 2500, 2500, 2500, 2500, 2500, 2500, 2500, 2500, 2500, 
2500, 7668.058, 7989.485, 8117.197, 8216.305, 8335.81600000001, 
8233.644, 8262.52499999999, 8217.47199999999, 8426.807, 8574.10699999999, 
8526.554, 1, 1, 1, 1, 1, 1, 1, 1, 1, 1, 1, 0.0303, 0.0303, 0.0303, 
0.0303, 0.0303, 0.0303, 0.0303, 0.0303, 0.0303, 0.0303, 0.0303, 
0, 0, 0, 0, 0, 0, 0, 0, 0, 0, 0, 0, 0, 0, 0, 0, 0, 0, 0, 0, 0, 
0, 0.92647, 0.94368, 0.93851, 0.93439, 0.93131, 0.94359, 0.94309, 
0.93664, 0.93397, 0.94082, 0.93706, 0.94902, 0.93313, 0.94327, 
0.94308, 0.92731, 0.93989, 0.93274, 0.94331, 0.93386, 0.94376, 
0.93706, 0.0333, 0.0331, 0.0364, 0.0392, 0.0389, 0.0397, 0.044, 
0.0443, 0.0487, 0.0491, 0.0507, 72.9, 76.3, 79.9, 86.4, 94.1, 
94, 97.9, 97.7, 103.1, 104.4, 105.9, 1, 1, 1, 1, 1, 1, 1, 1, 
1, 1, 1, 1, 1, 1, 1, 1, 1, 1, 1, 1, 1, 1, 1, 1, 1, 1, 1, 1, 1, 
1, 1, 1, 1, 1, 1, 1, 1, 1, 1, 1, 1, 1, 1, 1, 3.215, 3.168, 3.305, 
3.33, 3.309, 3, 3.265, 3.064, 3.349, 3.274, 3.305), .Dim = c(11L, 
40L), .Dimnames = list(NULL, c("Sampling", "PSO.cost", "PSO.gamma", 
"PSO.data.balancing", "PSO.feature.selection", "PSO.valid.acc", 
"PSO.test.acc", "PSO.train.time", "PSO.n.support.vectors", "PSO.index", 
"PSO.n.solutions", "PSO.generations", "PSO.n.evaluations", "PSO.cpu.time", 
"RS.cost", "RS.gamma", "RS.data.balancing", "RS.feature.selection", 
"RS.valid.acc", "RS.test.acc", "RS.train.time", "RS.n.support.vectors", 
"RS.index", "RS.n.solutions", "RS.generations", "RS.n.evaluations", 
"RS.cpu.time", "DF.cost", "DF.gamma", "DF.data.balancing", "DF.feature.selection", 
"DF.valid.acc", "DF.test.acc", "DF.train.time", "DF.n.support.vectors", 
"DF.index", "DF.n.solutions", "DF.generations", "DF.n.evaluations", 
"DF.cpu.time")))
