full <-
structure(c(50, 55, 60, 65, 70, 75, 80, 85, 90, 95, 100, 3.23696, 
4.88018, 1.21753, 1.33011, 1.81367, 2.73097, 1.88074, 2.36112, 
2.2264, 0.80989, 1.74645, -3.0365, -3.50382, -3.2406, -3.11817, 
-3.15622, -5.1343, -3.17475, -3.95144, -3.47382, -4.42002, -3.40625, 
0, 0, 0, 0, 0, 0, 0, 0, 0, 0, 0, 0, 0, 0, 0, 0, 0, 0, 0, 0, 0, 
0, 0.96503, 0.98947, 0.97571, 0.97409, 0.97597, 0.95855, 0.96453, 
0.96688, 0.96542, 0.96453, 0.96015, 0.96471, 0.97895, 0.96165, 
0.9739, 0.96797, 0.95855, 0.95394, 0.96677, 0.96532, 0.95267, 
0.95158, 0.0342, 0.0354, 0.0377, 0.0412, 0.0445, 0.0372, 0.0518, 
0.0514, 0.0609, 0.0508, 0.065, 88.4, 88.1, 101, 110.7, 117.3, 
70.1, 133.3, 124.5, 141.7, 121.3, 151.4, 32, 162, 556, 272, 652, 
532, 235, 172, 192, 311, 585, 416, 1158, 706, 762, 482, 21, 687, 
885, 681, 737, 493, 100, 100, 100, 100, 100, 100, 100, 100, 100, 
100, 100, 2500, 2500, 2500, 2500, 2500, 2500, 2500, 2500, 2500, 
2500, 2500, 7711.852, 7646.379, 7558.189, 7603.589, 7703.136, 
7669.74000000001, 8305.15399999999, 8424.148, 8384.26500000001, 
8359.41799999998, 8442.791, 2.06545, 5.38204, 1.22297, 1.97541, 
0.67558, 2.27023, 1.29871, 3.08233, 0.48996, 0.25659, 2.51589, 
-3.9384, -3.50173, -3.23285, -3.16538, -3.13825, -5.23866, -3.12862, 
-3.9789, -3.44666, -4.10525, -3.32847, 0, 0, 0, 0, 0, 0, 0, 0, 
0, 0, 0, 0, 0, 0, 0, 0, 0, 0, 0, 0, 0, 0, 0.97059, 0.98947, 0.97571, 
0.97409, 0.96813, 0.95484, 0.96453, 0.96688, 0.96229, 0.96159, 
0.96007, 0.97092, 0.97895, 0.96165, 0.9739, 0.96797, 0.9584, 
0.95394, 0.96344, 0.95897, 0.95267, 0.94872, 0.0332, 0.0343, 
0.038, 0.0407, 0.0455, 0.0366, 0.0549, 0.0517, 0.0569, 0.0563, 
0.0653, 77.8, 88.1, 101.3, 110.8, 117.8, 70, 133.7, 121.3, 140.2, 
133.2, 153.2, 1220, 78, 1871, 1823, 81, 318, 2399, 1184, 1608, 
1489, 824, 1, 13, 2, 1, 1, 2, 1, 4, 2, 1, 6, 100, 100, 100, 100, 
100, 100, 100, 100, 100, 100, 100, 2500, 2500, 2500, 2500, 2500, 
2500, 2500, 2500, 2500, 2500, 2500, 7601.653, 7447.91, 7492.854, 
7579.181, 7660.43000000001, 7907.921, 8233.01999999999, 8343.485, 
8422.06599999999, 8372.08800000002, 8445.77100000001, 1, 1, 1, 
1, 1, 1, 1, 1, 1, 1, 1, 0.0303, 0.0303, 0.0303, 0.0303, 0.0303, 
0.0303, 0.0303, 0.0303, 0.0303, 0.0303, 0.0303, 0, 0, 0, 0, 0, 
0, 0, 0, 0, 0, 0, 0, 0, 0, 0, 0, 0, 0, 0, 0, 0, 0, 0.93627, 0.95368, 
0.93305, 0.9387, 0.94346, 0.93561, 0.95062, 0.9371, 0.94636, 
0.94082, 0.94325, 0.94804, 0.95342, 0.93803, 0.9387, 0.94346, 
0.93946, 0.94015, 0.9371, 0.94636, 0.94973, 0.94031, 0.031, 0.0319, 
0.0349, 0.0352, 0.0365, 0.0396, 0.0442, 0.0465, 0.0492, 0.047, 
0.0486, 71.7, 73.5, 79.1, 82.7, 85.6, 93.8, 96.7, 98, 99.1, 102.8, 
106, 1, 1, 1, 1, 1, 1, 1, 1, 1, 1, 1, 1, 1, 1, 1, 1, 1, 1, 1, 
1, 1, 1, 1, 1, 1, 1, 1, 1, 1, 1, 1, 1, 1, 1, 1, 1, 1, 1, 1, 1, 
1, 1, 1, 1, 3.047, 2.957, 3.058, 2.961, 2.975, 3.016, 3.275, 
3.196, 3.347, 3.188, 3.254), .Dim = c(11L, 40L), .Dimnames = list(
    NULL, c("Sampling", "PSO.cost", "PSO.gamma", "PSO.data.balancing", 
    "PSO.feature.selection", "PSO.valid.acc", "PSO.test.acc", 
    "PSO.train.time", "PSO.n.support.vectors", "PSO.index", "PSO.n.solutions", 
    "PSO.generations", "PSO.n.evaluations", "PSO.cpu.time", "RS.cost", 
    "RS.gamma", "RS.data.balancing", "RS.feature.selection", 
    "RS.valid.acc", "RS.test.acc", "RS.train.time", "RS.n.support.vectors", 
    "RS.index", "RS.n.solutions", "RS.generations", "RS.n.evaluations", 
    "RS.cpu.time", "DF.cost", "DF.gamma", "DF.data.balancing", 
    "DF.feature.selection", "DF.valid.acc", "DF.test.acc", "DF.train.time", 
    "DF.n.support.vectors", "DF.index", "DF.n.solutions", "DF.generations", 
    "DF.n.evaluations", "DF.cpu.time")))
