full <-
structure(c(50, 55, 60, 65, 70, 75, 80, 85, 90, 95, 100, 0.75604, 
-0.36787, 0.21809, 0.15769, 7.10777, 13.10282, 1.83935, 1.42605, 
4.99059, 1.50401, 1.59342, -4.31328, -4.36871, -3.87931, -4.14951, 
-3.1524, -3.07519, -3.60904, -3.70281, -5.93778, -3.80527, -5.7589, 
0, 0, 0, 0, 0, 0, 0, 0, 0, 0, 0, 0, 0, 0, 0, 0, 0, 0, 0, 0, 0, 
0, 0.93791, 0.94257, 0.94805, 0.95196, 0.95117, 0.95838, 0.95776, 
0.96366, 0.95907, 0.95561, 0.95467, 0.91536, 0.92731, 0.94329, 
0.93872, 0.94333, 0.95069, 0.94384, 0.96032, 0.94012, 0.95267, 
0.95174, 0.0314, 0.0352, 0.0392, 0.039, 0.0457, 0.0494, 0.0533, 
0.058, 0.0412, 0.0606, 0.0501, 84.4, 97, 100.8, 103.8, 120.7, 
130.1, 128.3, 131.1, 58.6, 136.2, 80.4, 29, 262, 591, 2335, 25, 
2, 1353, 225, 1873, 315, 266, 814, 251, 201, 1, 1029, 1438, 110, 
434, 25, 683, 779, 100, 100, 100, 100, 100, 100, 100, 100, 100, 
100, 100, 2500, 2500, 2500, 2500, 2500, 2500, 2500, 2500, 2500, 
2500, 2500, 6972.872, 7023.97, 7334.699, 7500.807, 7670.41100000001, 
7712.24099999999, 7956.92, 10087.683, 9969.774, 10502.872, 10369.933, 
1.0716, 3.50997, 0.53615, 0.08815, 12.74319, 9.1246, 0.57739, 
0.7825, 4.5243, 2.07011, 1.77045, -4.75891, -7.05062, -4.00388, 
-4.15075, -3.123, -3.05016, -3.70429, -3.63637, -5.60219, -3.80037, 
-6.0266, 0, 0, 0, 0, 0, 0, 0, 0, 0, 0, 0, 0, 0, 0, 0, 0, 0, 0, 
0, 0, 0, 0, 0.93791, 0.94228, 0.94329, 0.95196, 0.95117, 0.95838, 
0.95074, 0.96366, 0.95594, 0.95267, 0.95467, 0.92092, 0.90652, 
0.93377, 0.93872, 0.94733, 0.95454, 0.94741, 0.95366, 0.94022, 
0.95276, 0.94888, 0.0297, 0.0303, 0.0376, 0.0402, 0.0473, 0.0492, 
0.0513, 0.0573, 0.0434, 0.0604, 0.049, 75.6, 51.4, 98.6, 104.3, 
121.9, 130.5, 128.8, 134.3, 60.8, 134.4, 80, 472, 730, 122, 2421, 
664, 13, 82, 800, 1460, 152, 950, 3, 1, 11, 1, 6, 32, 4, 4, 1, 
3, 2, 100, 100, 100, 100, 100, 100, 100, 100, 100, 100, 100, 
2500, 2500, 2500, 2500, 2500, 2500, 2500, 2500, 2500, 2500, 2500, 
6995.104, 7148.696, 7495.124, 7496.802, 7561.66899999999, 7718.28300000001, 
9804.29700000001, 10186.07, 10509.98, 10678.8, 10624.871, 1, 
1, 1, 1, 1, 1, 1, 1, 1, 1, 1, 0.0303, 0.0303, 0.0303, 0.0303, 
0.0303, 0.0303, 0.0303, 0.0303, 0.0303, 0.0303, 0.0303, 0, 0, 
0, 0, 0, 0, 0, 0, 0, 0, 0, 0, 0, 0, 0, 0, 0, 0, 0, 0, 0, 0, 0.92647, 
0.93257, 0.929, 0.93457, 0.943, 0.93944, 0.9335, 0.93387, 0.94011, 
0.94091, 0.94618, 0.92092, 0.93257, 0.91948, 0.94326, 0.93917, 
0.94699, 0.93695, 0.93387, 0.94011, 0.93788, 0.94332, 0.0309, 
0.0339, 0.0351, 0.0361, 0.0389, 0.042, 0.0467, 0.0489, 0.0507, 
0.0532, 0.0531, 79.1, 81.4, 85.9, 87, 88.8, 93, 94.9, 99.8, 103.9, 
103.2, 106, 1, 1, 1, 1, 1, 1, 1, 1, 1, 1, 1, 1, 1, 1, 1, 1, 1, 
1, 1, 1, 1, 1, 1, 1, 1, 1, 1, 1, 1, 1, 1, 1, 1, 1, 1, 1, 1, 1, 
1, 1, 1, 1, 1, 1, 2.775, 2.863, 2.959, 2.966, 3.003, 3.01, 3.902, 
4.074, 4.098, 4.205, 4.03), .Dim = c(11L, 40L), .Dimnames = list(
    NULL, c("Sampling", "PSO.cost", "PSO.gamma", "PSO.data.balancing", 
    "PSO.feature.selection", "PSO.valid.acc", "PSO.test.acc", 
    "PSO.train.time", "PSO.n.support.vectors", "PSO.index", "PSO.n.solutions", 
    "PSO.generations", "PSO.n.evaluations", "PSO.cpu.time", "RS.cost", 
    "RS.gamma", "RS.data.balancing", "RS.feature.selection", 
    "RS.valid.acc", "RS.test.acc", "RS.train.time", "RS.n.support.vectors", 
    "RS.index", "RS.n.solutions", "RS.generations", "RS.n.evaluations", 
    "RS.cpu.time", "DF.cost", "DF.gamma", "DF.data.balancing", 
    "DF.feature.selection", "DF.valid.acc", "DF.test.acc", "DF.train.time", 
    "DF.n.support.vectors", "DF.index", "DF.n.solutions", "DF.generations", 
    "DF.n.evaluations", "DF.cpu.time")))
