full <-
structure(c(50, 55, 60, 65, 70, 75, 80, 85, 90, 95, 100, 1.32781, 
2.55984, 2.23928, 3.2987, 2.43209, 2.06842, 1.38788, 1.42983, 
1.98754, 4.39266, 1.25162, -3.53362, -3.54469, -3.46976, -3.56267, 
-3.2562, -3.54168, -3.56563, -3.94742, -4.06531, -3.51077, -3.29642, 
0, 0, 0, 0, 0, 0, 0, 0, 0, 0, 0, 0, 0, 0, 0, 0, 0, 0, 0, 0, 0, 
0, 0.96046, 0.95921, 0.96708, 0.96991, 0.96749, 0.96252, 0.95394, 
0.96, 0.95916, 0.9615, 0.95476, 0.96601, 0.95895, 0.95279, 0.96537, 
0.95515, 0.95141, 0.95751, 0.95667, 0.94655, 0.94964, 0.9492, 
0.0353, 0.0377, 0.0407, 0.0474, 0.0501, 0.0528, 0.0566, 0.0566, 
0.0585, 0.0617, 0.0716, 85.7, 93.5, 102.2, 102.3, 118, 118.5, 
126, 126.7, 125.4, 133.8, 153.9, 93, 290, 263, 577, 283, 331, 
379, 368, 467, 754, 342, 684, 760, 445, 510, 879, 551, 100, 607, 
642, 83, 611, 100, 100, 100, 100, 100, 100, 100, 100, 100, 100, 
100, 2500, 2500, 2500, 2500, 2500, 2500, 2500, 2500, 2500, 2500, 
2500, 7929.115, 8023.537, 9225.392, 10589.436, 10679.453, 10610.447, 
10521.493, 10714.654, 10662.732, 10718.093, 10843.058, 1.16667, 
1.0374, 2.27255, -0.83656, 0.63113, 1.77053, 1.10796, 1.61925, 
2.24132, 2.11385, 0.94743, -3.34005, -3.53368, -3.47328, -3.99709, 
-3.38215, -3.41983, -5.31974, -3.94693, -4.09201, -3.69596, -3.99355, 
0, 0, 0, 0, 0, 0, 0, 0, 0, 0, 0, 0, 0, 0, 0, 0, 0, 0, 0, 0, 0, 
0, 0.96046, 0.95395, 0.96708, 0.96556, 0.96749, 0.96252, 0.95062, 
0.95667, 0.95916, 0.95865, 0.95467, 0.96601, 0.95368, 0.95279, 
0.96556, 0.95532, 0.95141, 0.94002, 0.95333, 0.94958, 0.9467, 
0.9519, 0.0357, 0.0344, 0.045, 0.0455, 0.0503, 0.0527, 0.0453, 
0.0565, 0.0573, 0.0629, 0.0636, 87.8, 93.5, 102, 107.4, 114.6, 
121.2, 76.9, 125.9, 122.8, 137.7, 136.6, 14, 145, 390, 1081, 
1322, 717, 1225, 738, 169, 2488, 1187, 17, 16, 1, 5, 1, 1, 1, 
2, 1, 1, 1, 100, 100, 100, 100, 100, 100, 100, 100, 100, 100, 
100, 2500, 2500, 2500, 2500, 2500, 2500, 2500, 2500, 2500, 2500, 
2500, 7920.708, 7975.204, 10490.195, 10593.814, 10491.097, 10538.141, 
10556.505, 10755.22, 10735.52, 10836.828, 10727.361, 1, 1, 1, 
1, 1, 1, 1, 1, 1, 1, 1, 0.0303, 0.0303, 0.0303, 0.0303, 0.0303, 
0.0303, 0.0303, 0.0303, 0.0303, 0.0303, 0.0303, 0, 0, 0, 0, 0, 
0, 0, 0, 0, 0, 0, 0, 0, 0, 0, 0, 0, 0, 0, 0, 0, 0, 0.9382, 0.9326, 
0.94823, 0.94343, 0.93963, 0.93631, 0.933, 0.93667, 0.93375, 
0.94376, 0.94014, 0.94376, 0.9376, 0.94823, 0.94797, 0.93963, 
0.93261, 0.93633, 0.93677, 0.93385, 0.94679, 0.93728, 0.0331, 
0.0344, 0.0406, 0.0412, 0.043, 0.0453, 0.0485, 0.0496, 0.052, 
0.0535, 0.0557, 71.2, 78.2, 79, 81.6, 87.4, 91.3, 96.6, 99.3, 
100.1, 103.7, 105.2, 1, 1, 1, 1, 1, 1, 1, 1, 1, 1, 1, 1, 1, 1, 
1, 1, 1, 1, 1, 1, 1, 1, 1, 1, 1, 1, 1, 1, 1, 1, 1, 1, 1, 1, 1, 
1, 1, 1, 1, 1, 1, 1, 1, 1, 3.164, 3.158, 4.191, 4.164, 4.102, 
4.072, 4.137, 4.196, 4.201, 4.176, 4.126), .Dim = c(11L, 40L), .Dimnames = list(
    NULL, c("Sampling", "PSO.cost", "PSO.gamma", "PSO.data.balancing", 
    "PSO.feature.selection", "PSO.valid.acc", "PSO.test.acc", 
    "PSO.train.time", "PSO.n.support.vectors", "PSO.index", "PSO.n.solutions", 
    "PSO.generations", "PSO.n.evaluations", "PSO.cpu.time", "RS.cost", 
    "RS.gamma", "RS.data.balancing", "RS.feature.selection", 
    "RS.valid.acc", "RS.test.acc", "RS.train.time", "RS.n.support.vectors", 
    "RS.index", "RS.n.solutions", "RS.generations", "RS.n.evaluations", 
    "RS.cpu.time", "DF.cost", "DF.gamma", "DF.data.balancing", 
    "DF.feature.selection", "DF.valid.acc", "DF.test.acc", "DF.train.time", 
    "DF.n.support.vectors", "DF.index", "DF.n.solutions", "DF.generations", 
    "DF.n.evaluations", "DF.cpu.time")))
