full <-
structure(c(50, 55, 60, 65, 70, 75, 80, 85, 90, 95, 100, 8.98503, 
5.44961, 7.82919, -0.83963, -0.21759, 1.96567, 1.0051, 2.73656, 
3.27417, 2.0914, 3.29289, -3.21967, -3.23038, -3.9543, -3.21636, 
-4.48068, -4.20281, -4.33833, -3.40302, -3.65908, -5.62725, -6.24528, 
0, 0, 0, 0, 0, 0, 0, 0, 0, 0, 0, 0, 0, 0, 0, 0, 0, 0, 0, 0, 0, 
0, 0.96503, 0.96395, 0.96229, 0.96067, 0.9515, 0.96581, 0.95368, 
0.95699, 0.96864, 0.96132, 0.95966, 0.95392, 0.95868, 0.95708, 
0.93437, 0.94733, 0.96581, 0.94641, 0.95366, 0.95321, 0.94064, 
0.951, 0.0331, 0.0357, 0.0368, 0.0407, 0.0406, 0.0415, 0.0446, 
0.055, 0.0556, 0.0414, 0.0413, 82.9, 90.9, 90.4, 121.1, 104.6, 
104.9, 111.1, 134.9, 131.4, 74.2, 66.7, 217, 57, 314, 575, 415, 
259, 1729, 100, 431, 585, 278, 777, 1114, 463, 205, 307, 1020, 
49, 425, 838, 182, 265, 100, 100, 100, 100, 100, 100, 100, 100, 
100, 100, 100, 2500, 2500, 2500, 2500, 2500, 2500, 2500, 2500, 
2500, 2500, 2500, 7048.803, 7189.21, 7234.725, 7273.805, 7320.54599999999, 
7334.67200000001, 7470.717, 7488.73699999999, 7592.19, 7281.147, 
7341.36800000002, 14.64129, 1.9421, 10.41712, -0.72871, -0.17247, 
1.17889, -0.02856, 2.44523, 1.97173, 2.72395, 3.72515, -3.23461, 
-3.19961, -3.96548, -3.20604, -4.56177, -4.12361, -4.43872, -3.4146, 
-3.58883, -6.01064, -6.29127, 0, 0, 0, 0, 0, 0, 0, 0, 0, 0, 0, 
0, 0, 0, 0, 0, 0, 0, 0, 0, 0, 0, 0.96503, 0.96395, 0.96229, 0.95651, 
0.9515, 0.96581, 0.95343, 0.95699, 0.95926, 0.95544, 0.9568, 
0.95392, 0.95868, 0.95708, 0.93892, 0.94733, 0.95826, 0.94629, 
0.95032, 0.95623, 0.94661, 0.94815, 0.0329, 0.0357, 0.0368, 0.0401, 
0.0391, 0.0428, 0.0434, 0.0544, 0.0568, 0.0432, 0.041, 82.8, 
91.1, 90.2, 120.3, 102.5, 107.9, 115.6, 136, 138.6, 70.5, 64.1, 
306, 213, 240, 521, 633, 1760, 1501, 944, 407, 145, 76, 4, 19, 
7, 1, 3, 1, 2, 1, 3, 3, 8, 100, 100, 100, 100, 100, 100, 100, 
100, 100, 100, 100, 2500, 2500, 2500, 2500, 2500, 2500, 2500, 
2500, 2500, 2500, 2500, 7112.234, 7166.921, 7151.954, 7382.182, 
7340.736, 7420.70699999999, 7465.46800000001, 7535.197, 7610.63, 
7765.53399999999, 7795.99600000001, 1, 1, 1, 1, 1, 1, 1, 1, 1, 
1, 1, 0.0303, 0.0303, 0.0303, 0.0303, 0.0303, 0.0303, 0.0303, 
0.0303, 0.0303, 0.0303, 0.0303, 0, 0, 0, 0, 0, 0, 0, 0, 0, 0, 
0, 0, 0, 0, 0, 0, 0, 0, 0, 0, 0, 0, 0.93137, 0.93754, 0.94799, 
0.93435, 0.93517, 0.94687, 0.94641, 0.93343, 0.93777, 0.9434, 
0.94529, 0.94837, 0.9481, 0.95253, 0.9387, 0.94333, 0.95071, 
0.94629, 0.93698, 0.94383, 0.93752, 0.94226, 0.0306, 0.0321, 
0.0334, 0.0355, 0.0383, 0.0404, 0.0424, 0.0427, 0.0465, 0.0467, 
0.0506, 71.1, 73.9, 79.5, 85.4, 87.3, 89.7, 98.3, 99.7, 102.4, 
107, 106.2, 1, 1, 1, 1, 1, 1, 1, 1, 1, 1, 1, 1, 1, 1, 1, 1, 1, 
1, 1, 1, 1, 1, 1, 1, 1, 1, 1, 1, 1, 1, 1, 1, 1, 1, 1, 1, 1, 1, 
1, 1, 1, 1, 1, 1, 2.829, 2.858, 2.819, 2.906, 2.89, 2.906, 2.926, 
2.896, 2.968, 2.957, 2.992), .Dim = c(11L, 40L), .Dimnames = list(
    NULL, c("Sampling", "PSO.cost", "PSO.gamma", "PSO.data.balancing", 
    "PSO.feature.selection", "PSO.valid.acc", "PSO.test.acc", 
    "PSO.train.time", "PSO.n.support.vectors", "PSO.index", "PSO.n.solutions", 
    "PSO.generations", "PSO.n.evaluations", "PSO.cpu.time", "RS.cost", 
    "RS.gamma", "RS.data.balancing", "RS.feature.selection", 
    "RS.valid.acc", "RS.test.acc", "RS.train.time", "RS.n.support.vectors", 
    "RS.index", "RS.n.solutions", "RS.generations", "RS.n.evaluations", 
    "RS.cpu.time", "DF.cost", "DF.gamma", "DF.data.balancing", 
    "DF.feature.selection", "DF.valid.acc", "DF.test.acc", "DF.train.time", 
    "DF.n.support.vectors", "DF.index", "DF.n.solutions", "DF.generations", 
    "DF.n.evaluations", "DF.cpu.time")))
