full <-
structure(c(50, 55, 60, 65, 70, 75, 80, 85, 90, 95, 100, -0.11833, 
12.00705, 1.35854, 12.59896, 0.60217, 2.88069, 1.04198, 0.43931, 
2.69417, 2.44316, 1.60536, -4.15919, -3.66541, -3.2256, -3.5281, 
-4.32931, -3.56927, -4.11169, -4.70576, -3.7711, -3.46957, -3.51843, 
0, 0, 0, 0, 0, 0, 0, 0, 0, 0, 0, 0, 0, 0, 0, 0, 0, 0, 0, 0, 0, 
0, 0.94771, 0.94763, 0.95753, 0.95193, 0.95133, 0.9584, 0.95764, 
0.95342, 0.96238, 0.96417, 0.96014, 0.92451, 0.93763, 0.93372, 
0.94738, 0.95533, 0.94715, 0.95406, 0.95342, 0.9531, 0.95526, 
0.94879, 0.0327, 0.0349, 0.0372, 0.039, 0.0382, 0.0461, 0.0436, 
0.0438, 0.053, 0.0603, 0.0653, 86.8, 88.7, 103.5, 101.9, 96.9, 
114.3, 111.3, 102.3, 128.7, 142.6, 148.6, 529, 99, 365, 74, 577, 
445, 559, 176, 868, 1986, 92, 46, 934, 196, 1153, 201, 81, 127, 
781, 37, 7, 557, 100, 100, 100, 100, 100, 100, 100, 100, 100, 
100, 100, 2500, 2500, 2500, 2500, 2500, 2500, 2500, 2500, 2500, 
2500, 2500, 7254.96, 7156.906, 7116.018, 7103.945, 7142.137, 
7255.755, 7195.89700000001, 7264.91, 7462.712, 7593.30600000001, 
7776.201, 1.81409, 5.42709, 1.01718, 0.77941, 0.7219, 0.85646, 
2.44035, 0.66929, 1.69529, 0.75851, 2.053, -4.71558, -3.65004, 
-3.40461, -4.366, -4.38735, -4.41036, -6.05027, -4.48026, -3.89307, 
-5.1362, -3.47315, 0, 0, 0, 0, 0, 0, 0, 0, 0, 0, 0, 0, 0, 0, 
0, 0, 0, 0, 0, 0, 0, 0, 0.94248, 0.94763, 0.95277, 0.95591, 0.95133, 
0.95427, 0.95751, 0.95342, 0.95945, 0.95829, 0.95728, 0.91307, 
0.93763, 0.9387, 0.95591, 0.95533, 0.95043, 0.95037, 0.95342, 
0.9531, 0.94652, 0.95157, 0.0295, 0.0372, 0.0391, 0.0357, 0.038, 
0.0411, 0.0379, 0.0451, 0.0528, 0.0446, 0.0659, 70.7, 89.1, 100.4, 
92.1, 94.8, 100, 63, 109.6, 128.1, 88.5, 149, 60, 35, 205, 2387, 
171, 747, 983, 1757, 905, 224, 1673, 6, 9, 9, 1, 4, 4, 2, 1, 
1, 5, 2, 100, 100, 100, 100, 100, 100, 100, 100, 100, 100, 100, 
2500, 2500, 2500, 2500, 2500, 2500, 2500, 2500, 2500, 2500, 2500, 
7151.581, 7209.353, 7047.14999999999, 7117.347, 7181.356, 7266.879, 
7358.121, 7448.122, 7570.731, 7779.56699999998, 7879.23799999998, 
1, 1, 1, 1, 1, 1, 1, 1, 1, 1, 1, 0.0303, 0.0303, 0.0303, 0.0303, 
0.0303, 0.0303, 0.0303, 0.0303, 0.0303, 0.0303, 0.0303, 0, 0, 
0, 0, 0, 0, 0, 0, 0, 0, 0, 0, 0, 0, 0, 0, 0, 0, 0, 0, 0, 0, 0.93105, 
0.93237, 0.94325, 0.93376, 0.93933, 0.9433, 0.94704, 0.93041, 
0.93717, 0.95232, 0.93425, 0.92516, 0.92737, 0.93348, 0.93376, 
0.94333, 0.93177, 0.94692, 0.93707, 0.94665, 0.94064, 0.93997, 
0.0305, 0.0348, 0.0334, 0.0353, 0.0366, 0.0414, 0.04, 0.0432, 
0.0448, 0.0511, 0.0492, 76.4, 81.1, 82.9, 86.4, 88, 90.8, 93.4, 
97.5, 98.6, 104.8, 105.5, 1, 1, 1, 1, 1, 1, 1, 1, 1, 1, 1, 1, 
1, 1, 1, 1, 1, 1, 1, 1, 1, 1, 1, 1, 1, 1, 1, 1, 1, 1, 1, 1, 1, 
1, 1, 1, 1, 1, 1, 1, 1, 1, 1, 1, 2.737, 2.972, 2.744, 2.763, 
2.776, 2.967, 2.79, 2.871, 2.909, 3.188, 2.929), .Dim = c(11L, 
40L), .Dimnames = list(NULL, c("Sampling", "PSO.cost", "PSO.gamma", 
"PSO.data.balancing", "PSO.feature.selection", "PSO.valid.acc", 
"PSO.test.acc", "PSO.train.time", "PSO.n.support.vectors", "PSO.index", 
"PSO.n.solutions", "PSO.generations", "PSO.n.evaluations", "PSO.cpu.time", 
"RS.cost", "RS.gamma", "RS.data.balancing", "RS.feature.selection", 
"RS.valid.acc", "RS.test.acc", "RS.train.time", "RS.n.support.vectors", 
"RS.index", "RS.n.solutions", "RS.generations", "RS.n.evaluations", 
"RS.cpu.time", "DF.cost", "DF.gamma", "DF.data.balancing", "DF.feature.selection", 
"DF.valid.acc", "DF.test.acc", "DF.train.time", "DF.n.support.vectors", 
"DF.index", "DF.n.solutions", "DF.generations", "DF.n.evaluations", 
"DF.cpu.time")))
