full <-
structure(c(50, 55, 60, 65, 70, 75, 80, 85, 90, 95, 100, 6.89595, 
4.07159, 3.85117, 2.7046, 3.73468, 1.79018, 0.95191, 3.66543, 
3.1357, 4.19334, 2.14845, -3.97511, -3.91032, -6.21423, -4.12289, 
-4.37504, -3.43773, -4.71217, -3.92506, -3.47329, -3.52271, -3.45361, 
0, 0, 0, 0, 0, 0, 0, 0, 0, 0, 0, 0, 0, 0, 0, 0, 0, 0, 0, 0, 0, 
0, 0.96013, 0.95342, 0.96232, 0.95652, 0.95531, 0.95883, 0.95776, 
0.95653, 0.96875, 0.9557, 0.9572, 0.93693, 0.94316, 0.94779, 
0.94348, 0.94315, 0.95099, 0.95419, 0.95008, 0.95302, 0.95276, 
0.9572, 0.035, 0.0333, 0.0336, 0.0399, 0.0406, 0.0485, 0.0444, 
0.0504, 0.0568, 0.0569, 0.0656, 72.1, 82.9, 49.1, 90.2, 82.5, 
115.2, 95.9, 111.1, 129.5, 134.4, 150.1, 335, 678, 518, 1158, 
245, 318, 212, 451, 807, 876, 895, 194, 299, 182, 56, 248, 715, 
270, 629, 165, 44, 183, 100, 100, 100, 100, 100, 100, 100, 100, 
100, 100, 100, 2500, 2500, 2500, 2500, 2500, 2500, 2500, 2500, 
2500, 2500, 2500, 7618.751, 7541.426, 7819.441, 7968.324, 8098.63800000001, 
8010.61899999999, 7988.36499999999, 8048.769, 8230.962, 8219.26200000002, 
8295.05100000001, 14.98187, 4.03996, 3.8038, 3.67322, 3.60768, 
2.08086, 1.82575, 3.02124, 8.44335, 4.01787, 2.0138, -3.97823, 
-3.84532, -6.14508, -4.93344, -4.36481, -3.53317, -3.54393, -3.59708, 
-3.34193, -3.32119, -3.36772, 0, 0, 0, 0, 0, 0, 0, 0, 0, 0, 0, 
0, 0, 0, 0, 0, 0, 0, 0, 0, 0, 0, 0.96013, 0.95342, 0.96232, 0.95217, 
0.95531, 0.95513, 0.95788, 0.95631, 0.96562, 0.95276, 0.95434, 
0.93693, 0.94842, 0.94779, 0.94348, 0.94715, 0.94699, 0.95061, 
0.94986, 0.9625, 0.94982, 0.9572, 0.0313, 0.0358, 0.032, 0.0337, 
0.04, 0.0488, 0.0519, 0.0533, 0.0583, 0.0625, 0.0682, 71.9, 83.5, 
49.4, 58.1, 83.8, 113.2, 120.6, 121.9, 130, 141.9, 153, 1348, 
206, 1392, 145, 2418, 365, 466, 1131, 421, 234, 1657, 3, 1, 2, 
15, 1, 3, 1, 1, 25, 32, 1, 100, 100, 100, 100, 100, 100, 100, 
100, 100, 100, 100, 2500, 2500, 2500, 2500, 2500, 2500, 2500, 
2500, 2500, 2500, 2500, 7307.518, 7968.771, 8033.943, 8069.918, 
7962.901, 8032.086, 8156.208, 8307.31499999999, 8210.77200000003, 
8267.57800000001, 8535.807, 1, 1, 1, 1, 1, 1, 1, 1, 1, 1, 1, 
0.0303, 0.0303, 0.0303, 0.0303, 0.0303, 0.0303, 0.0303, 0.0303, 
0.0303, 0.0303, 0.0303, 0, 0, 0, 0, 0, 0, 0, 0, 0, 0, 0, 0, 0, 
0, 0, 0, 0, 0, 0, 0, 0, 0, 0.93105, 0.92763, 0.94801, 0.93478, 
0.92714, 0.94003, 0.93287, 0.93629, 0.94345, 0.94081, 0.93417, 
0.94248, 0.92237, 0.9337, 0.94763, 0.92314, 0.93989, 0.9399, 
0.93963, 0.94032, 0.93787, 0.93123, 0.0313, 0.0349, 0.0369, 0.039, 
0.0413, 0.0429, 0.0434, 0.0464, 0.0471, 0.0504, 0.0547, 75.4, 
80.8, 86.2, 87.5, 91.1, 93.1, 95.4, 97.4, 99.1, 103.3, 104.9, 
1, 1, 1, 1, 1, 1, 1, 1, 1, 1, 1, 1, 1, 1, 1, 1, 1, 1, 1, 1, 1, 
1, 1, 1, 1, 1, 1, 1, 1, 1, 1, 1, 1, 1, 1, 1, 1, 1, 1, 1, 1, 1, 
1, 1, 2.949, 3.17, 3.161, 3.271, 3.143, 3.181, 3.141, 3.258, 
3.149, 3.191, 3.449), .Dim = c(11L, 40L), .Dimnames = list(NULL, 
    c("Sampling", "PSO.cost", "PSO.gamma", "PSO.data.balancing", 
    "PSO.feature.selection", "PSO.valid.acc", "PSO.test.acc", 
    "PSO.train.time", "PSO.n.support.vectors", "PSO.index", "PSO.n.solutions", 
    "PSO.generations", "PSO.n.evaluations", "PSO.cpu.time", "RS.cost", 
    "RS.gamma", "RS.data.balancing", "RS.feature.selection", 
    "RS.valid.acc", "RS.test.acc", "RS.train.time", "RS.n.support.vectors", 
    "RS.index", "RS.n.solutions", "RS.generations", "RS.n.evaluations", 
    "RS.cpu.time", "DF.cost", "DF.gamma", "DF.data.balancing", 
    "DF.feature.selection", "DF.valid.acc", "DF.test.acc", "DF.train.time", 
    "DF.n.support.vectors", "DF.index", "DF.n.solutions", "DF.generations", 
    "DF.n.evaluations", "DF.cpu.time")))
