full <-
structure(c(50, 55, 60, 65, 70, 75, 80, 85, 90, 95, 100, 5.23841, 
4.40134, 2.43165, 15, 10.1097, 9.30895, 8.25391, 4.97484, 5.64328, 
14.68926, 8.13979, -6.51578, -6.17624, -4.9139, -9.87357, -11.52795, 
-10.68393, -9.62957, -6.25339, -6.23565, -11.91402, -9.67239, 
0, 0, 0, 0, 0, 0, 0, 0, 0, 0, 0, 0, 0, 0, 0, 0, 0, 0, 0, 0, 0, 
0, 0.70418, 0.70883, 0.7113, 0.7134, 0.70595, 0.70768, 0.71145, 
0.71305, 0.70689, 0.71128, 0.71284, 0.70055, 0.7022, 0.70281, 
0.70445, 0.70493, 0.70041, 0.70646, 0.70365, 0.70204, 0.70631, 
0.70774, 0.6658, 0.7221, 0.8168, 9.1074, 2.0386, 2.1531, 2.1684, 
1.7272, 2.0556, 7.5323, 3.0425, 735, 808, 887, 890.8, 1018.9, 
1079, 1140.4, 1181.5, 1239.8, 1289.7, 1402.4, 425, 2465, 1660, 
2344, 2413, 1539, 660, 581, 1925, 1555, 2002, 66, 1, 3, 1, 1, 
17, 38, 28, 5, 2, 6, 100, 100, 100, 100, 100, 100, 100, 100, 
100, 100, 100, 2500, 2500, 2500, 2500, 2500, 2500, 2500, 2500, 
2500, 2500, 2500, 42837.26, 29100.444, 40092.437, 139961.028, 
60548.0319999999, 76167.137, 71827.863, 120753.267, 74612.213, 
188226.842, 114364.594, 4.03837, 3.35965, 2.50893, 14.73485, 
13.12019, 9.27278, 8.05501, 12.37484, 12.66599, 13.9678, 8.74614, 
-5.55142, -5.4328, -5.19333, -9.70145, -14.46819, -10.63773, 
-9.60279, -12.86549, -10.48404, -11.64698, -10.16078, 0, 0, 0, 
0, 0, 0, 0, 0, 0, 0, 0, 0, 0, 0, 0, 0, 0, 0, 0, 0, 0, 0, 0.70417, 
0.70815, 0.70949, 0.71116, 0.70492, 0.70718, 0.71054, 0.7122, 
0.70567, 0.71051, 0.71175, 0.70199, 0.70288, 0.70343, 0.70445, 
0.70181, 0.69945, 0.7051, 0.70321, 0.70567, 0.70593, 0.70665, 
0.608, 0.6958, 0.8254, 8.7842, 1.7223, 2.1079, 2.0959, 3.321, 
6.4644, 7.1742, 3.2634, 738.9, 815.3, 890.1, 888.7, 986.7, 1080, 
1142.9, 1181.2, 1233.4, 1292.8, 1403.3, 85, 1504, 2414, 499, 
670, 184, 2158, 1615, 716, 94, 1255, 1, 1, 2, 1, 1, 1, 1, 2, 
2, 2, 2, 100, 100, 100, 100, 100, 100, 100, 100, 100, 100, 100, 
2500, 2500, 2500, 2500, 2500, 2500, 2500, 2500, 2500, 2500, 2500, 
44085.306, 52824.248, 66701.429, 70086.976, 85696.3790000001, 
101892.62, 113670.101, 123289.069, 136210.889, 152255.262, 166151.571, 
1, 1, 1, 1, 1, 1, 1, 1, 1, 1, 1, 0.03846, 0.03846, 0.03846, 0.03846, 
0.03846, 0.03846, 0.03846, 0.03846, 0.03846, 0.03846, 0.03846, 
0, 0, 0, 0, 0, 0, 0, 0, 0, 0, 0, 0, 0, 0, 0, 0, 0, 0, 0, 0, 0, 
0, 0.68241, 0.68899, 0.69374, 0.69216, 0.69089, 0.69126, 0.69784, 
0.69812, 0.69679, 0.70134, 0.70449, 0.68386, 0.68706, 0.69435, 
0.69047, 0.69453, 0.69512, 0.69286, 0.70025, 0.69437, 0.69944, 
0.70266, 0.5635, 0.6771, 0.8206, 0.8893, 1.0627, 1.1821, 1.3786, 
1.5043, 1.6656, 1.7746, 1.94, 812.7, 886.6, 955.2, 1022.1, 1098, 
1162.2, 1239, 1304.6, 1374.8, 1449.3, 1502.5, 1, 1, 1, 1, 1, 
1, 1, 1, 1, 1, 1, 1, 1, 1, 1, 1, 1, 1, 1, 1, 1, 1, 1, 1, 1, 1, 
1, 1, 1, 1, 1, 1, 1, 1, 1, 1, 1, 1, 1, 1, 1, 1, 1, 1, 9.095, 
11.941, 13.399, 13.612, 15.923, 16.911, 19.159, 20.646, 22.639, 
21.857, 23.432), .Dim = c(11L, 40L), .Dimnames = list(NULL, c("Sampling", 
"PSO.cost", "PSO.gamma", "PSO.data.balancing", "PSO.feature.selection", 
"PSO.valid.acc", "PSO.test.acc", "PSO.train.time", "PSO.n.support.vectors", 
"PSO.index", "PSO.n.solutions", "PSO.generations", "PSO.n.evaluations", 
"PSO.cpu.time", "RS.cost", "RS.gamma", "RS.data.balancing", "RS.feature.selection", 
"RS.valid.acc", "RS.test.acc", "RS.train.time", "RS.n.support.vectors", 
"RS.index", "RS.n.solutions", "RS.generations", "RS.n.evaluations", 
"RS.cpu.time", "DF.cost", "DF.gamma", "DF.data.balancing", "DF.feature.selection", 
"DF.valid.acc", "DF.test.acc", "DF.train.time", "DF.n.support.vectors", 
"DF.index", "DF.n.solutions", "DF.generations", "DF.n.evaluations", 
"DF.cpu.time")))
