full <-
structure(c(50, 55, 60, 65, 70, 75, 80, 85, 90, 95, 100, 8.00165, 
14.71307, 9.15277, 14.03031, 14.9321, 13.59731, 4.19177, 13.86295, 
14.30668, 13.2598, 14.61742, -8.65256, -11.11946, -7.17846, -14.91916, 
-13.30869, -14.95308, -6.94873, -14.86637, -12.10328, -15, -12.47589, 
0, 0, 0, 0, 0, 0, 0, 0, 0, 0, 0, 0, 0, 0, 0, 0, 0, 0, 0, 0, 0, 
0, 0.71445, 0.71988, 0.71129, 0.70776, 0.71318, 0.71439, 0.70963, 
0.71047, 0.71047, 0.71128, 0.71748, 0.7079, 0.70803, 0.70461, 
0.70607, 0.70542, 0.70909, 0.70418, 0.7062, 0.70767, 0.70479, 
0.71202, 0.7947, 3.5066, 1.5247, 1.5618, 2.9924, 1.7927, 1.3699, 
2.2289, 5.2096, 2.6842, 5.9796, 702.4, 738, 824.6, 897.2, 954.7, 
1034.3, 1146.1, 1160, 1220.3, 1307.5, 1341.1, 270, 956, 597, 
1969, 1313, 1273, 591, 1517, 2318, 1320, 1951, 237, 3, 15, 1, 
1, 1, 131, 1, 1, 191, 10, 100, 100, 100, 100, 100, 100, 100, 
100, 100, 100, 100, 2500, 2500, 2500, 2500, 2500, 2500, 2500, 
2500, 2500, 2500, 2500, 29771.645, 89769.64, 73562.98, 49531.835, 
78742.465, 82457.2799999999, 58704.573, 69259.166, 121942.533, 
117112.972, 147330.688, 7.77344, 9.00365, 8.16021, 8.3419, 12.94415, 
4.12963, 2.91618, 14.34849, 12.57424, 11.23078, 9.77832, -8.48847, 
-7.83701, -6.82843, -13.21149, -12.5868, -5.15638, -5.723, -14.93984, 
-11.26293, -13.23701, -10.27888, 0, 0, 0, 0, 0, 0, 0, 0, 0, 0, 
0, 0, 0, 0, 0, 0, 0, 0, 0, 0, 0, 0, 0.71371, 0.71853, 0.71067, 
0.70609, 0.71213, 0.71296, 0.70827, 0.70833, 0.70926, 0.71051, 
0.7164, 0.70645, 0.70671, 0.7052, 0.70107, 0.70646, 0.70376, 
0.69918, 0.7062, 0.70807, 0.70517, 0.7113, 0.8204, 1.2511, 1.2715, 
1.1366, 2.6937, 1.2174, 1.3156, 2.2808, 5.3042, 3.0403, 4.3421, 
703.5, 752.5, 827, 1113.1, 964.4, 1055.8, 1147.8, 1153.7, 1230.3, 
1351.2, 1387.8, 2238, 605, 1775, 516, 1421, 195, 279, 1362, 1964, 
2082, 1877, 1, 1, 1, 1, 1, 1, 1, 1, 1, 4, 2, 100, 100, 100, 100, 
100, 100, 100, 100, 100, 100, 100, 2500, 2500, 2500, 2500, 2500, 
2500, 2500, 2500, 2500, 2500, 2500, 43088.095, 51288.474, 64155.838, 
72136.516, 85737.938, 93723.862, 99156.1880000001, 116692.362, 
133843.13, 148274.382, 170409.119, 1, 1, 1, 1, 1, 1, 1, 1, 1, 
1, 1, 0.03846, 0.03846, 0.03846, 0.03846, 0.03846, 0.03846, 0.03846, 
0.03846, 0.03846, 0.03846, 0.03846, 0, 0, 0, 0, 0, 0, 0, 0, 0, 
0, 0, 0, 0, 0, 0, 0, 0, 0, 0, 0, 0, 0, 0.69334, 0.70204, 0.6979, 
0.69489, 0.69704, 0.70132, 0.6969, 0.69722, 0.69437, 0.69789, 
0.70007, 0.69189, 0.69875, 0.6961, 0.69264, 0.69234, 0.70039, 
0.69871, 0.70148, 0.6972, 0.69828, 0.70188, 0.557, 0.6641, 0.7699, 
0.9029, 1.0248, 1.1438, 1.293, 1.4761, 1.6234, 1.7463, 1.9743, 
800.7, 874.3, 935.6, 1020.2, 1085.2, 1151.4, 1231.4, 1301, 1374.7, 
1441.8, 1502.2, 1, 1, 1, 1, 1, 1, 1, 1, 1, 1, 1, 1, 1, 1, 1, 
1, 1, 1, 1, 1, 1, 1, 1, 1, 1, 1, 1, 1, 1, 1, 1, 1, 1, 1, 1, 1, 
1, 1, 1, 1, 1, 1, 1, 1, 9.537, 10.592, 11.714, 13.231, 14.304, 
15.614, 16.415, 19.348, 20.696, 22.19, 24.775), .Dim = c(11L, 
40L), .Dimnames = list(NULL, c("Sampling", "PSO.cost", "PSO.gamma", 
"PSO.data.balancing", "PSO.feature.selection", "PSO.valid.acc", 
"PSO.test.acc", "PSO.train.time", "PSO.n.support.vectors", "PSO.index", 
"PSO.n.solutions", "PSO.generations", "PSO.n.evaluations", "PSO.cpu.time", 
"RS.cost", "RS.gamma", "RS.data.balancing", "RS.feature.selection", 
"RS.valid.acc", "RS.test.acc", "RS.train.time", "RS.n.support.vectors", 
"RS.index", "RS.n.solutions", "RS.generations", "RS.n.evaluations", 
"RS.cpu.time", "DF.cost", "DF.gamma", "DF.data.balancing", "DF.feature.selection", 
"DF.valid.acc", "DF.test.acc", "DF.train.time", "DF.n.support.vectors", 
"DF.index", "DF.n.solutions", "DF.generations", "DF.n.evaluations", 
"DF.cpu.time")))
