full <-
structure(c(50, 55, 60, 65, 70, 75, 80, 85, 90, 95, 100, 9.75004, 
12.11762, 15, 15, 11.75488, 8.02897, 12.9927, 13.98418, 14.52068, 
13.90305, 14.45024, -10.0249, -14.56771, -12.69396, -15, -10.57494, 
-7.63649, -14.91537, -13.88596, -14.9667, -13.77882, -13.80997, 
0, 0, 0, 0, 0, 0, 0, 0, 0, 0, 0, 0, 0, 0, 0, 0, 0, 0, 0, 0, 0, 
0, 0.72316, 0.72459, 0.72035, 0.71512, 0.7199, 0.71831, 0.71595, 
0.71649, 0.71613, 0.71543, 0.7165, 0.72026, 0.72391, 0.70945, 
0.71008, 0.71626, 0.71976, 0.71276, 0.71094, 0.71251, 0.71201, 
0.70777, 1.1074, 0.9784, 2.1899, 1.5454, 2.7559, 1.7904, 2.0144, 
2.6218, 2.609, 3.4229, 4.0031, 700.5, 766.2, 789.4, 852.3, 935.9, 
996.4, 1091.7, 1133.2, 1206.6, 1283.6, 1346.2, 742, 89, 928, 
82, 1538, 742, 1306, 1385, 2353, 362, 1928, 84, 104, 2, 1982, 
23, 88, 3, 6, 2, 2, 1, 100, 100, 100, 100, 100, 100, 100, 100, 
100, 100, 100, 2500, 2500, 2500, 2500, 2500, 2500, 2500, 2500, 
2500, 2500, 2500, 39039.733, 36113.788, 66749.962, 54043.565, 
77520.426, 81847.3659999999, 69157.0800000001, 83609.781, 77902.439, 
117214.46, 116530.157, 9.49721, 11.01195, 14.88821, 10.50114, 
11.47455, 13.4614, 12.89208, 13.38663, 13.24127, 13.59819, 13.1816, 
-9.81552, -13.54452, -12.55803, -9.45402, -10.41826, -11.56562, 
-14.89284, -13.41547, -13.78372, -13.58895, -12.83125, 0, 0, 
0, 0, 0, 0, 0, 0, 0, 0, 0, 0, 0, 0, 0, 0, 0, 0, 0, 0, 0, 0, 0.72243, 
0.72393, 0.71853, 0.71509, 0.71938, 0.71829, 0.71413, 0.71606, 
0.71452, 0.7139, 0.71577, 0.7188, 0.72457, 0.71248, 0.7095, 0.71626, 
0.70911, 0.71186, 0.70966, 0.71411, 0.71201, 0.7085, 1.0844, 
1.0106, 2.4284, 2.0578, 2.7656, 3.5433, 1.9643, 2.7885, 3.0143, 
3.6726, 4.2758, 699.2, 784.7, 790, 870.9, 938, 994.9, 1096.9, 
1139, 1221.1, 1286.3, 1357.1, 1369, 100, 1276, 1636, 1490, 1190, 
852, 2397, 2101, 1316, 1616, 1, 5, 1, 1, 3, 1, 1, 1, 1, 2, 1, 
100, 100, 100, 100, 100, 100, 100, 100, 100, 100, 100, 2500, 
2500, 2500, 2500, 2500, 2500, 2500, 2500, 2500, 2500, 2500, 44018.626, 
49164.969, 60758.21, 69129.612, 81289.156, 94141.554, 106801.198, 
123365.84, 139113.463, 163523.447, 167120.686, 1, 1, 1, 1, 1, 
1, 1, 1, 1, 1, 1, 0.03846, 0.03846, 0.03846, 0.03846, 0.03846, 
0.03846, 0.03846, 0.03846, 0.03846, 0.03846, 0.03846, 0, 0, 0, 
0, 0, 0, 0, 0, 0, 0, 0, 0, 0, 0, 0, 0, 0, 0, 0, 0, 0, 0, 0.70859, 
0.71072, 0.70821, 0.70614, 0.70585, 0.70717, 0.7055, 0.70411, 
0.70366, 0.70473, 0.70195, 0.7057, 0.71136, 0.70822, 0.70446, 
0.70742, 0.70525, 0.70822, 0.70496, 0.70446, 0.70282, 0.70086, 
0.5405, 0.6473, 0.753, 0.8589, 1.0016, 1.1338, 1.2726, 1.4432, 
1.623, 1.7683, 2.0097, 784, 849.2, 918.5, 997.1, 1069.4, 1143.6, 
1212.4, 1285.6, 1366, 1436.5, 1506.8, 1, 1, 1, 1, 1, 1, 1, 1, 
1, 1, 1, 1, 1, 1, 1, 1, 1, 1, 1, 1, 1, 1, 1, 1, 1, 1, 1, 1, 1, 
1, 1, 1, 1, 1, 1, 1, 1, 1, 1, 1, 1, 1, 1, 1, 9.029, 10.254, 11.058, 
12.282, 14.584, 15.326, 16.613, 18.634, 20.474, 22.023, 24.617
), .Dim = c(11L, 40L), .Dimnames = list(NULL, c("Sampling", "PSO.cost", 
"PSO.gamma", "PSO.data.balancing", "PSO.feature.selection", "PSO.valid.acc", 
"PSO.test.acc", "PSO.train.time", "PSO.n.support.vectors", "PSO.index", 
"PSO.n.solutions", "PSO.generations", "PSO.n.evaluations", "PSO.cpu.time", 
"RS.cost", "RS.gamma", "RS.data.balancing", "RS.feature.selection", 
"RS.valid.acc", "RS.test.acc", "RS.train.time", "RS.n.support.vectors", 
"RS.index", "RS.n.solutions", "RS.generations", "RS.n.evaluations", 
"RS.cpu.time", "DF.cost", "DF.gamma", "DF.data.balancing", "DF.feature.selection", 
"DF.valid.acc", "DF.test.acc", "DF.train.time", "DF.n.support.vectors", 
"DF.index", "DF.n.solutions", "DF.generations", "DF.n.evaluations", 
"DF.cpu.time")))
