full <-
structure(c(50, 55, 60, 65, 70, 75, 80, 85, 90, 95, 100, 10.13819, 
11.89991, 3.62815, 2.23703, 14.23376, 10.7406, 8.47208, 4.50067, 
4.94395, 5.13455, 9.18812, -9.67393, -11.11025, -6.4356, -4.25727, 
-13.07498, -10.94536, -10.84461, -5.60496, -6.11589, -6.61883, 
-8.19574, 0, 0, 0, 0, 0, 0, 0, 0, 0, 0, 0, 0, 0, 0, 0, 0, 0, 
0, 0, 0, 0, 0, 0.71649, 0.71731, 0.71546, 0.71397, 0.70905, 0.71013, 
0.71642, 0.71348, 0.70962, 0.71274, 0.71356, 0.70784, 0.70081, 
0.7076, 0.7078, 0.70386, 0.70675, 0.70826, 0.70324, 0.70881, 
0.70854, 0.70776, 1.2522, 2.0349, 0.8238, 0.878, 2.3977, 2.5773, 
1.7333, 1.6677, 1.7708, 1.9397, 4.0301, 688.2, 753.8, 857.4, 
934.4, 956.4, 1042.1, 1182.7, 1184.6, 1234.6, 1301.8, 1349.6, 
2407, 1349, 1706, 667, 2083, 1158, 961, 1764, 588, 1157, 1022, 
1, 31, 7, 202, 1, 17, 105, 123, 89, 127, 18, 100, 100, 100, 100, 
100, 100, 100, 100, 100, 100, 100, 2500, 2500, 2500, 2500, 2500, 
2500, 2500, 2500, 2500, 2500, 2500, 39894.339, 50660.423, 33892.518, 
34165.553, 75895.205, 75684.031, 62518.75, 66572.439, 89338.7680000002, 
74510.0660000001, 136641.107, 9.07875, 7.98642, 10.99206, 2.27427, 
4.87786, 11.72034, 8.00518, 4.83033, 9.7101, 5.55951, 8.23069, 
-9.30008, -9.38813, -11.31201, -4.19362, -6.73358, -11.37966, 
-10.37622, -5.92964, -11.02699, -6.87535, -7.7515, 0, 0, 0, 0, 
0, 0, 0, 0, 0, 0, 0, 0, 0, 0, 0, 0, 0, 0, 0, 0, 0, 0, 0.71504, 
0.71599, 0.71247, 0.71229, 0.70854, 0.7082, 0.71597, 0.71178, 
0.70883, 0.71159, 0.71283, 0.70929, 0.70412, 0.70521, 0.7078, 
0.70022, 0.7048, 0.70961, 0.70666, 0.70882, 0.70739, 0.70849, 
0.9817, 0.9457, 1.9174, 0.9169, 1.1656, 2.9543, 1.7232, 1.7297, 
2.7328, 1.9833, 3.2623, 692.6, 782.8, 837.6, 935.6, 992.8, 1035.1, 
1177.4, 1184, 1265.8, 1301.3, 1352.2, 2034, 2158, 1048, 1307, 
753, 2493, 2264, 10, 2095, 219, 2160, 1, 1, 2, 2, 1, 1, 1, 2, 
1, 2, 1, 100, 100, 100, 100, 100, 100, 100, 100, 100, 100, 100, 
2500, 2500, 2500, 2500, 2500, 2500, 2500, 2500, 2500, 2500, 2500, 
44209.505, 52133.331, 58691.087, 69779.966, 83029.5470000001, 
92175.326, 110576.667, 116849.367, 127542.758, 138127.702, 165809.539, 
1, 1, 1, 1, 1, 1, 1, 1, 1, 1, 1, 0.03846, 0.03846, 0.03846, 0.03846, 
0.03846, 0.03846, 0.03846, 0.03846, 0.03846, 0.03846, 0.03846, 
0, 0, 0, 0, 0, 0, 0, 0, 0, 0, 0, 0, 0, 0, 0, 0, 0, 0, 0, 0, 0, 
0, 0.70491, 0.70547, 0.7058, 0.70447, 0.70127, 0.70334, 0.70328, 
0.70411, 0.70155, 0.70395, 0.70447, 0.70125, 0.70811, 0.70944, 
0.70501, 0.70178, 0.70142, 0.70555, 0.70368, 0.70437, 0.70204, 
0.70157, 0.5314, 0.6539, 0.7846, 0.8624, 0.992, 1.1697, 1.3334, 
1.4486, 1.5418, 1.7839, 1.8936, 778.7, 852.8, 920.2, 1007.2, 
1080.8, 1149.7, 1230.3, 1303.2, 1356.1, 1427.4, 1502.6, 1, 1, 
1, 1, 1, 1, 1, 1, 1, 1, 1, 1, 1, 1, 1, 1, 1, 1, 1, 1, 1, 1, 1, 
1, 1, 1, 1, 1, 1, 1, 1, 1, 1, 1, 1, 1, 1, 1, 1, 1, 1, 1, 1, 1, 
8.729, 9.904, 11.311, 12.216, 13.437, 15.274, 17.17, 18.327, 
19.465, 21.926, 23.068), .Dim = c(11L, 40L), .Dimnames = list(
    NULL, c("Sampling", "PSO.cost", "PSO.gamma", "PSO.data.balancing", 
    "PSO.feature.selection", "PSO.valid.acc", "PSO.test.acc", 
    "PSO.train.time", "PSO.n.support.vectors", "PSO.index", "PSO.n.solutions", 
    "PSO.generations", "PSO.n.evaluations", "PSO.cpu.time", "RS.cost", 
    "RS.gamma", "RS.data.balancing", "RS.feature.selection", 
    "RS.valid.acc", "RS.test.acc", "RS.train.time", "RS.n.support.vectors", 
    "RS.index", "RS.n.solutions", "RS.generations", "RS.n.evaluations", 
    "RS.cpu.time", "DF.cost", "DF.gamma", "DF.data.balancing", 
    "DF.feature.selection", "DF.valid.acc", "DF.test.acc", "DF.train.time", 
    "DF.n.support.vectors", "DF.index", "DF.n.solutions", "DF.generations", 
    "DF.n.evaluations", "DF.cpu.time")))
