full <-
structure(c(50, 55, 60, 65, 70, 75, 80, 85, 90, 95, 100, 6.77848, 
8.93788, 14.27582, 8.04068, 15, 14.71004, 14.93349, 14.36812, 
13.33533, 14.9097, 14.79644, -9.14643, -9.73313, -13.21156, -9.49249, 
-12.3933, -12.9081, -12.819, -14.1992, -13.84293, -12.97884, 
-13.6885, 0, 0, 0, 0, 0, 0, 0, 0, 0, 0, 0, 0, 0, 0, 0, 0, 0, 
0, 0, 0, 0, 0, 0.72231, 0.72391, 0.72755, 0.7152, 0.7163, 0.71358, 
0.71562, 0.71268, 0.71292, 0.72004, 0.71646, 0.72006, 0.71397, 
0.72029, 0.71126, 0.71373, 0.7034, 0.70838, 0.70671, 0.71332, 
0.71545, 0.71318, 0.7251, 1.1726, 2.0075, 1.3217, 3.508, 3.2144, 
3.8561, 2.6499, 2.8938, 4.4897, 4.2169, 731.7, 784.5, 822.2, 
933.9, 957.4, 1021.5, 1084.2, 1141.5, 1220.1, 1265.2, 1342.3, 
2118, 519, 2215, 529, 749, 1845, 2426, 1071, 2233, 1762, 1535, 
172, 35, 1, 123, 41, 2, 1, 1, 1, 1, 12, 100, 100, 100, 100, 100, 
100, 100, 100, 100, 100, 100, 2500, 2500, 2500, 2500, 2500, 2500, 
2500, 2500, 2500, 2500, 2500, 31079.662, 39516.326, 63349.122, 
53830.766, 93614.651, 89258.013, 101385.577, 79040.423, 86674.0140000002, 
111696.34, 103004.331, 4.04858, 7.70309, 13.74551, 7.66898, 14.55731, 
11.36251, 13.68006, 13.93378, 13.30314, 11.77263, 14.86496, -6.0065, 
-8.89295, -12.98634, -9.36013, -12.12209, -11.29463, -12.61389, 
-13.85721, -13.88326, -13.00942, -14.51154, 0, 0, 0, 0, 0, 0, 
0, 0, 0, 0, 0, 0, 0, 0, 0, 0, 0, 0, 0, 0, 0, 0, 0.72155, 0.7206, 
0.72632, 0.71352, 0.71422, 0.71213, 0.71334, 0.71139, 0.71211, 
0.71737, 0.71573, 0.70914, 0.7153, 0.72089, 0.7107, 0.71425, 
0.70486, 0.7111, 0.70501, 0.7117, 0.71317, 0.7121, 0.6147, 0.9356, 
2.0284, 1.27, 3.5971, 2.9921, 3.4254, 2.7546, 2.8988, 3.1687, 
3.3439, 717, 783.8, 824.6, 934.7, 959.8, 1045.2, 1093, 1149.5, 
1223.4, 1310.6, 1341, 1760, 832, 355, 1122, 1730, 2196, 473, 
1901, 42, 2113, 1144, 1, 2, 1, 1, 1, 1, 1, 2, 2, 1, 1, 100, 100, 
100, 100, 100, 100, 100, 100, 100, 100, 100, 2500, 2500, 2500, 
2500, 2500, 2500, 2500, 2500, 2500, 2500, 2500, 45777.708, 52671.854, 
59882.866, 70570.998, 81078.847, 102367.635, 109014.441, 118314.705, 
137254.588, 138534.146, 156847.158, 1, 1, 1, 1, 1, 1, 1, 1, 1, 
1, 1, 0.03846, 0.03846, 0.03846, 0.03846, 0.03846, 0.03846, 0.03846, 
0.03846, 0.03846, 0.03846, 0.03846, 0, 0, 0, 0, 0, 0, 0, 0, 0, 
0, 0, 0, 0, 0, 0, 0, 0, 0, 0, 0, 0, 0, 0.69467, 0.69746, 0.69184, 
0.69559, 0.69191, 0.6884, 0.69248, 0.699, 0.69802, 0.70169, 0.69936, 
0.69614, 0.69881, 0.69849, 0.69169, 0.69139, 0.68937, 0.69293, 
0.69772, 0.6976, 0.69977, 0.699, 0.5825, 0.6694, 0.7601, 0.8819, 
1.0209, 1.1625, 1.3384, 1.4426, 1.5686, 1.6855, 1.8811, 795, 
875.8, 940.3, 1019.4, 1088.1, 1161.3, 1236, 1303.8, 1379.6, 1437.5, 
1504.6, 1, 1, 1, 1, 1, 1, 1, 1, 1, 1, 1, 1, 1, 1, 1, 1, 1, 1, 
1, 1, 1, 1, 1, 1, 1, 1, 1, 1, 1, 1, 1, 1, 1, 1, 1, 1, 1, 1, 1, 
1, 1, 1, 1, 1, 10.113, 10.859, 11.833, 12.156, 14.523, 15.096, 
18.106, 18.169, 19.401, 20.625, 22.656), .Dim = c(11L, 40L), .Dimnames = list(
    NULL, c("Sampling", "PSO.cost", "PSO.gamma", "PSO.data.balancing", 
    "PSO.feature.selection", "PSO.valid.acc", "PSO.test.acc", 
    "PSO.train.time", "PSO.n.support.vectors", "PSO.index", "PSO.n.solutions", 
    "PSO.generations", "PSO.n.evaluations", "PSO.cpu.time", "RS.cost", 
    "RS.gamma", "RS.data.balancing", "RS.feature.selection", 
    "RS.valid.acc", "RS.test.acc", "RS.train.time", "RS.n.support.vectors", 
    "RS.index", "RS.n.solutions", "RS.generations", "RS.n.evaluations", 
    "RS.cpu.time", "DF.cost", "DF.gamma", "DF.data.balancing", 
    "DF.feature.selection", "DF.valid.acc", "DF.test.acc", "DF.train.time", 
    "DF.n.support.vectors", "DF.index", "DF.n.solutions", "DF.generations", 
    "DF.n.evaluations", "DF.cpu.time")))
