full <-
structure(c(50, 55, 60, 65, 70, 75, 80, 85, 90, 95, 100, 15, 
12.28, 5.6453, 8.21501, 14.52206, 5.21839, 5.12774, 1.39777, 
14.57792, 11.32484, 14.06132, -14.00822, -12.45021, -8.13176, 
-9.74748, -11.6322, -6.75508, -6.47934, -6.16148, -13.48414, 
-12.87121, -12.01196, 0, 0, 0, 0, 0, 0, 0, 0, 0, 0, 0, 0, 0, 
0, 0, 0, 0, 0, 0, 0, 0, 0, 0.69976, 0.7015, 0.70036, 0.7045, 
0.70801, 0.70817, 0.71187, 0.71049, 0.71459, 0.7093, 0.71355, 
0.68601, 0.69027, 0.69367, 0.69441, 0.70487, 0.70284, 0.71006, 
0.70536, 0.70975, 0.70433, 0.70956, 1.0342, 1.2669, 0.7844, 1.2061, 
4.0713, 1.2064, 1.3574, 1.3225, 3.4509, 3.0379, 5.8732, 696.5, 
786.1, 875.3, 927.5, 953.4, 1052.5, 1100.5, 1268.2, 1201.9, 1330.3, 
1348.1, 1577, 1101, 1017, 388, 1208, 611, 982, 2048, 1887, 1375, 
1483, 4, 15, 34, 123, 1, 116, 21, 1, 10, 15, 4, 100, 100, 100, 
100, 100, 100, 100, 100, 100, 100, 100, 2500, 2500, 2500, 2500, 
2500, 2500, 2500, 2500, 2500, 2500, 2500, 33434.505, 39340.047, 
49417.006, 42275.198, 110845.117, 84904.013, 55186.2070000001, 
111626.071, 94396.361, 89077.996, 154567.83, 5.78239, 12.46261, 
11.37498, 7.94367, 14.63338, 5.25683, 5.22732, 1.01749, 14.75663, 
11.23672, 13.80389, -7.75534, -12.46204, -10.43924, -9.56564, 
-11.34656, -6.79701, -6.47517, -5.83543, -13.52557, -12.86123, 
-11.82196, 0, 0, 0, 0, 0, 0, 0, 0, 0, 0, 0, 0, 0, 0, 0, 0, 0, 
0, 0, 0, 0, 0, 0.69761, 0.70017, 0.69909, 0.70339, 0.7054, 0.70817, 
0.71186, 0.71092, 0.71459, 0.70853, 0.71246, 0.68963, 0.69226, 
0.69665, 0.69609, 0.70278, 0.70187, 0.70869, 0.70238, 0.71056, 
0.70471, 0.70955, 0.5463, 1.2617, 1.6564, 1.1637, 4.3231, 1.2115, 
1.3631, 1.2809, 3.4311, 3.0306, 6.1574, 733.4, 782.6, 836.2, 
929.9, 956.2, 1051.5, 1099.9, 1270.4, 1201.1, 1332.2, 1347.5, 
1596, 2442, 1395, 1971, 1083, 1817, 728, 1292, 318, 2046, 200, 
1, 1, 1, 1, 2, 1, 1, 2, 1, 1, 1, 100, 100, 100, 100, 100, 100, 
100, 100, 100, 100, 100, 2500, 2500, 2500, 2500, 2500, 2500, 
2500, 2500, 2500, 2500, 2500, 37410.298, 48766.454, 54710.827, 
66237.494, 79936.2279999999, 86456.317, 94791.8370000001, 113937.174, 
121012.018, 139173.019, 161713.184, 1, 1, 1, 1, 1, 1, 1, 1, 1, 
1, 1, 0.03846, 0.03846, 0.03846, 0.03846, 0.03846, 0.03846, 0.03846, 
0.03846, 0.03846, 0.03846, 0.03846, 0, 0, 0, 0, 0, 0, 0, 0, 0, 
0, 0, 0, 0, 0, 0, 0, 0, 0, 0, 0, 0, 0, 0.67658, 0.68432, 0.69066, 
0.68997, 0.7002, 0.7009, 0.70506, 0.70622, 0.70528, 0.70013, 
0.70083, 0.68165, 0.68298, 0.68944, 0.68607, 0.69346, 0.69895, 
0.70281, 0.70536, 0.70408, 0.70166, 0.70048, 0.4907, 0.5937, 
0.6778, 0.7963, 0.9485, 1.0562, 1.1468, 1.3199, 1.4543, 1.6118, 
1.7694, 807.5, 877, 944.5, 1016.2, 1088.7, 1157.7, 1214.6, 1279.5, 
1358.4, 1433.5, 1502, 1, 1, 1, 1, 1, 1, 1, 1, 1, 1, 1, 1, 1, 
1, 1, 1, 1, 1, 1, 1, 1, 1, 1, 1, 1, 1, 1, 1, 1, 1, 1, 1, 1, 1, 
1, 1, 1, 1, 1, 1, 1, 1, 1, 1, 8.228, 9.576, 10.033, 11.805, 12.874, 
13.999, 15.036, 16.848, 17.912, 19.493, 21.306), .Dim = c(11L, 
40L), .Dimnames = list(NULL, c("Sampling", "PSO.cost", "PSO.gamma", 
"PSO.data.balancing", "PSO.feature.selection", "PSO.valid.acc", 
"PSO.test.acc", "PSO.train.time", "PSO.n.support.vectors", "PSO.index", 
"PSO.n.solutions", "PSO.generations", "PSO.n.evaluations", "PSO.cpu.time", 
"RS.cost", "RS.gamma", "RS.data.balancing", "RS.feature.selection", 
"RS.valid.acc", "RS.test.acc", "RS.train.time", "RS.n.support.vectors", 
"RS.index", "RS.n.solutions", "RS.generations", "RS.n.evaluations", 
"RS.cpu.time", "DF.cost", "DF.gamma", "DF.data.balancing", "DF.feature.selection", 
"DF.valid.acc", "DF.test.acc", "DF.train.time", "DF.n.support.vectors", 
"DF.index", "DF.n.solutions", "DF.generations", "DF.n.evaluations", 
"DF.cpu.time")))
