full <-
structure(c(50, 55, 60, 65, 70, 75, 80, 85, 90, 95, 100, 15, 
13.75876, 5.71182, 14.37961, 2.86207, 5.6031, 13.04569, 5.71686, 
14.78781, 7.16019, 15, -14.58613, -14.84004, -7.87427, -15, -5.5116, 
-7.65927, -14.92337, -8.81553, -11.5238, -9.36513, -11.74399, 
0, 0, 0, 0, 0, 0, 0, 0, 0, 0, 0, 0, 0, 0, 0, 0, 0, 0, 0, 0, 0, 
0, 0.7005, 0.69023, 0.69982, 0.69492, 0.6966, 0.69987, 0.70325, 
0.70624, 0.71168, 0.71123, 0.71067, 0.69314, 0.68693, 0.69135, 
0.691, 0.69193, 0.69645, 0.69825, 0.70113, 0.70281, 0.70815, 
0.70776, 1.1205, 1.1254, 0.8441, 1.5065, 1.032, 1.3573, 1.9881, 
1.7288, 7.2878, 2.3669, 8.2298, 691.8, 788.3, 865.4, 909.7, 1020.3, 
1075.7, 1126.8, 1254.1, 1223.5, 1371.3, 1341.3, 1721, 1891, 287, 
300, 837, 731, 2112, 1190, 1683, 345, 1459, 1, 1, 146, 885, 58, 
45, 2, 12, 1, 138, 2, 100, 100, 100, 100, 100, 100, 100, 100, 
100, 100, 100, 2500, 2500, 2500, 2500, 2500, 2500, 2500, 2500, 
2500, 2500, 2500, 37683.036, 45744.139, 30655.374, 52697.447, 
58135.604, 51584.583, 71529.1039999999, 83601.027, 174762.467, 
83744.4890000001, 160293.785, 14.66816, 14.39141, 5.51645, 6.84817, 
2.88383, 6.85951, 1.71668, 5.65882, 6.74115, 10.07752, 7.01061, 
-14.20289, -11.69633, -7.90159, -9.38923, -5.54532, -8.54445, 
-3.88982, -8.76514, -7.6523, -10.98315, -8.26981, 0, 0, 0, 0, 
0, 0, 0, 0, 0, 0, 0, 0, 0, 0, 0, 0, 0, 0, 0, 0, 0, 0, 0.69831, 
0.69021, 0.69921, 0.69603, 0.6966, 0.69937, 0.7028, 0.70581, 
0.71008, 0.71086, 0.70921, 0.69532, 0.68364, 0.69197, 0.68651, 
0.69296, 0.69694, 0.69553, 0.70155, 0.70403, 0.70854, 0.7081, 
1.2113, 2.4169, 0.8752, 1.1242, 1.0199, 1.5119, 1.3229, 1.6019, 
2.1928, 3.8566, 2.7278, 693.1, 774, 870.1, 956.2, 1019.3, 1070, 
1190.1, 1254.4, 1249.1, 1337, 1383.2, 1980, 1091, 1267, 329, 
909, 2239, 482, 2274, 1991, 438, 671, 1, 1, 1, 1, 1, 1, 1, 1, 
1, 1, 2, 100, 100, 100, 100, 100, 100, 100, 100, 100, 100, 100, 
2500, 2500, 2500, 2500, 2500, 2500, 2500, 2500, 2500, 2500, 2500, 
45910.946, 51370.813, 58054.93, 72580.672, 76344.7420000001, 
98341.7710000001, 103474.495, 121883.265, 130906.645, 148404.751, 
166980.479, 1, 1, 1, 1, 1, 1, 1, 1, 1, 1, 1, 0.03846, 0.03846, 
0.03846, 0.03846, 0.03846, 0.03846, 0.03846, 0.03846, 0.03846, 
0.03846, 0.03846, 0, 0, 0, 0, 0, 0, 0, 0, 0, 0, 0, 0, 0, 0, 0, 
0, 0, 0, 0, 0, 0, 0, 0.67505, 0.67567, 0.68766, 0.68426, 0.6862, 
0.68927, 0.6928, 0.69215, 0.69516, 0.70091, 0.69941, 0.67501, 
0.677, 0.6883, 0.68314, 0.69242, 0.69312, 0.69145, 0.69642, 0.69597, 
0.70052, 0.70013, 0.5711, 0.6547, 0.7864, 0.8915, 1.0037, 1.2106, 
1.3389, 1.4108, 1.6136, 1.8078, 1.9522, 815.2, 895.1, 957.6, 
1030.1, 1104.8, 1175.8, 1241.7, 1315.8, 1380.2, 1442.9, 1504.8, 
1, 1, 1, 1, 1, 1, 1, 1, 1, 1, 1, 1, 1, 1, 1, 1, 1, 1, 1, 1, 1, 
1, 1, 1, 1, 1, 1, 1, 1, 1, 1, 1, 1, 1, 1, 1, 1, 1, 1, 1, 1, 1, 
1, 1, 9.817, 9.778, 11.247, 13.188, 14.369, 15.712, 17.037, 17.785, 
19.966, 22.876, 23.354), .Dim = c(11L, 40L), .Dimnames = list(
    NULL, c("Sampling", "PSO.cost", "PSO.gamma", "PSO.data.balancing", 
    "PSO.feature.selection", "PSO.valid.acc", "PSO.test.acc", 
    "PSO.train.time", "PSO.n.support.vectors", "PSO.index", "PSO.n.solutions", 
    "PSO.generations", "PSO.n.evaluations", "PSO.cpu.time", "RS.cost", 
    "RS.gamma", "RS.data.balancing", "RS.feature.selection", 
    "RS.valid.acc", "RS.test.acc", "RS.train.time", "RS.n.support.vectors", 
    "RS.index", "RS.n.solutions", "RS.generations", "RS.n.evaluations", 
    "RS.cpu.time", "DF.cost", "DF.gamma", "DF.data.balancing", 
    "DF.feature.selection", "DF.valid.acc", "DF.test.acc", "DF.train.time", 
    "DF.n.support.vectors", "DF.index", "DF.n.solutions", "DF.generations", 
    "DF.n.evaluations", "DF.cpu.time")))
