full <-
structure(c(50, 55, 60, 65, 70, 75, 80, 85, 90, 95, 100, -0.18552, 
3.46795, 5.66882, 15, 6.4228, 9.79543, 7.29759, 8.22647, 14.60473, 
14.89517, 6.58851, -4.27636, -6.71603, -7.34102, -11.5152, -7.53738, 
-12.29377, -7.73511, -10.7659, -14.7127, -12.40826, -8.1471, 
0, 0, 0, 0, 0, 0, 0, 0, 0, 0, 0, 0, 0, 0, 0, 0, 0, 0, 0, 0, 0, 
0, 0.69704, 0.70278, 0.70756, 0.70732, 0.7106, 0.7033, 0.70233, 
0.70749, 0.71256, 0.71162, 0.7143, 0.68976, 0.68959, 0.70701, 
0.70343, 0.70437, 0.69844, 0.69506, 0.69936, 0.70528, 0.70628, 
0.70921, 0.557, 0.6889, 0.94, 4.8047, 1.3521, 1.9559, 1.8212, 
2.007, 2.7674, 6.3591, 2.708, 807.5, 834.2, 872.5, 895, 993.7, 
1123.2, 1117.8, 1252.6, 1223, 1283.6, 1385.4, 1992, 2458, 1115, 
925, 555, 828, 2177, 227, 1125, 1743, 2245, 2, 1, 47, 2, 146, 
144, 3, 66, 1, 1, 7, 100, 100, 100, 100, 100, 100, 100, 100, 
100, 100, 100, 2500, 2500, 2500, 2500, 2500, 2500, 2500, 2500, 
2500, 2500, 2500, 38808.237, 34770.655, 36475.322, 121375.645, 
51517.69, 65926.525, 67997.079, 68851.1039999999, 93805.5730000001, 
176937.218, 85684.03, 10.90614, 3.54273, 5.59721, 14.43434, 6.09386, 
9.88271, 13.76852, 7.90718, 13.80353, 13.9937, 9.69173, -10.89294, 
-6.35152, -7.30388, -11.23738, -7.37586, -12.45755, -10.28074, 
-10.48534, -13.96927, -11.90971, -11.15656, 0, 0, 0, 0, 0, 0, 
0, 0, 0, 0, 0, 0, 0, 0, 0, 0, 0, 0, 0, 0, 0, 0, 0.69706, 0.70147, 
0.70696, 0.7062, 0.7106, 0.70282, 0.70279, 0.70663, 0.71135, 
0.70933, 0.71249, 0.69556, 0.6883, 0.7064, 0.70455, 0.70333, 
0.69796, 0.69054, 0.69936, 0.70448, 0.70666, 0.71248, 1.2947, 
0.7119, 0.9358, 4.5711, 1.3006, 1.9174, 7.1166, 1.927, 3.0403, 
6.3291, 3.9272, 720.3, 827.2, 873.5, 899.7, 996.6, 1127.4, 1104.8, 
1248.5, 1226.9, 1283.8, 1412.8, 574, 2245, 1157, 278, 824, 354, 
289, 27, 871, 414, 1944, 1, 1, 1, 1, 1, 1, 1, 1, 1, 3, 1, 100, 
100, 100, 100, 100, 100, 100, 100, 100, 100, 100, 2500, 2500, 
2500, 2500, 2500, 2500, 2500, 2500, 2500, 2500, 2500, 43688.037, 
51696.477, 68372.926, 69192.298, 86576.215, 96033.177, 104746.831, 
120393.917, 136869.852, 154896.78, 169481.306, 1, 1, 1, 1, 1, 
1, 1, 1, 1, 1, 1, 0.03846, 0.03846, 0.03846, 0.03846, 0.03846, 
0.03846, 0.03846, 0.03846, 0.03846, 0.03846, 0.03846, 0, 0, 0, 
0, 0, 0, 0, 0, 0, 0, 0, 0, 0, 0, 0, 0, 0, 0, 0, 0, 0, 0, 0.69486, 
0.6896, 0.69609, 0.69894, 0.69658, 0.69117, 0.68782, 0.69471, 
0.70126, 0.70055, 0.70049, 0.68975, 0.69422, 0.69794, 0.69727, 
0.69763, 0.69261, 0.6892, 0.69597, 0.70325, 0.70319, 0.70013, 
0.5632, 0.6619, 0.7942, 0.8882, 1.0448, 1.1957, 1.2892, 1.4589, 
1.6034, 1.802, 1.9548, 806.3, 885.8, 957.2, 1028.4, 1100.7, 1174, 
1239.2, 1312.2, 1374.8, 1445.2, 1503, 1, 1, 1, 1, 1, 1, 1, 1, 
1, 1, 1, 1, 1, 1, 1, 1, 1, 1, 1, 1, 1, 1, 1, 1, 1, 1, 1, 1, 1, 
1, 1, 1, 1, 1, 1, 1, 1, 1, 1, 1, 1, 1, 1, 1, 9.254, 10.216, 13.23, 
14.258, 16.92, 18.569, 18.285, 21.144, 22.362, 23.605, 23.748
), .Dim = c(11L, 40L), .Dimnames = list(NULL, c("Sampling", "PSO.cost", 
"PSO.gamma", "PSO.data.balancing", "PSO.feature.selection", "PSO.valid.acc", 
"PSO.test.acc", "PSO.train.time", "PSO.n.support.vectors", "PSO.index", 
"PSO.n.solutions", "PSO.generations", "PSO.n.evaluations", "PSO.cpu.time", 
"RS.cost", "RS.gamma", "RS.data.balancing", "RS.feature.selection", 
"RS.valid.acc", "RS.test.acc", "RS.train.time", "RS.n.support.vectors", 
"RS.index", "RS.n.solutions", "RS.generations", "RS.n.evaluations", 
"RS.cpu.time", "DF.cost", "DF.gamma", "DF.data.balancing", "DF.feature.selection", 
"DF.valid.acc", "DF.test.acc", "DF.train.time", "DF.n.support.vectors", 
"DF.index", "DF.n.solutions", "DF.generations", "DF.n.evaluations", 
"DF.cpu.time")))
