full <-
structure(c(50, 55, 60, 65, 70, 75, 80, 85, 90, 95, 100, 8.50419, 
6.38211, 13.6792, 7.63691, 12.26829, 14.98093, 14.83312, 7.82069, 
14.63768, 12.37069, 13.68215, -9.2154, -9.27565, -13.74243, -8.19232, 
-9.71878, -14.18266, -13.37649, -10.0716, -14.08329, -12.63277, 
-14.93973, 0, 0, 0, 0, 0, 0, 0, 0, 0, 0, 0, 0, 0, 0, 0, 0, 0, 
0, 0, 0, 0, 0, 0.72827, 0.72461, 0.73244, 0.72009, 0.7225, 0.72073, 
0.72228, 0.71856, 0.72176, 0.71543, 0.71032, 0.7196, 0.71735, 
0.72214, 0.71394, 0.71784, 0.71978, 0.7182, 0.71427, 0.71731, 
0.71009, 0.71141, 0.7292, 0.7558, 1.4825, 1.1491, 3.7727, 2.1185, 
2.8679, 1.9631, 2.965, 3.7776, 2.8261, 676.7, 785.7, 798.7, 880.7, 
931.3, 990.5, 1063.3, 1211.2, 1189, 1297.1, 1363.6, 451, 623, 
2127, 77, 842, 2154, 1554, 1131, 1110, 1175, 2063, 231, 91, 1, 
93, 7, 1, 1, 3, 2, 1, 1, 100, 100, 100, 100, 100, 100, 100, 100, 
100, 100, 100, 2500, 2500, 2500, 2500, 2500, 2500, 2500, 2500, 
2500, 2500, 2500, 26425.191, 35429.848, 46532.15, 52260.961, 
102328.648, 69304.897, 81080.392, 60941.0159999999, 90768.425, 
101998.403, 102396.528, 8.06646, 6.53209, 13.28924, 7.63401, 
10.76331, 14.70977, 13.6714, 7.5341, 14.13953, 13.18541, 14.51056, 
-8.90069, -9.38412, -12.98936, -8.11334, -11.84112, -14.25368, 
-13.33648, -9.83159, -13.814, -13.10566, -14.83872, 0, 0, 0, 
0, 0, 0, 0, 0, 0, 0, 0, 0, 0, 0, 0, 0, 0, 0, 0, 0, 0, 0, 0.72754, 
0.72329, 0.73122, 0.71953, 0.72145, 0.71976, 0.72047, 0.71813, 
0.72055, 0.71429, 0.70923, 0.72105, 0.71736, 0.72033, 0.71226, 
0.72043, 0.71882, 0.71685, 0.71384, 0.71732, 0.70819, 0.71032, 
0.6988, 0.7746, 1.7105, 1.1345, 2.0136, 2.1243, 2.6002, 1.8545, 
2.9333, 3.5815, 3.0693, 675.9, 784.6, 800, 880.2, 971.1, 996.8, 
1073.4, 1210.8, 1194, 1286.1, 1346.6, 1858, 846, 414, 141, 647, 
2164, 1077, 1848, 324, 1517, 361, 1, 1, 2, 1, 1, 1, 4, 1, 1, 
1, 1, 100, 100, 100, 100, 100, 100, 100, 100, 100, 100, 100, 
2500, 2500, 2500, 2500, 2500, 2500, 2500, 2500, 2500, 2500, 2500, 
37804.669, 46629.916, 54272.995, 67685.609, 70747.48, 84946.029, 
96519.2459999999, 116657.44, 129456.609, 137625.312, 169995.847, 
1, 1, 1, 1, 1, 1, 1, 1, 1, 1, 1, 0.03846, 0.03846, 0.03846, 0.03846, 
0.03846, 0.03846, 0.03846, 0.03846, 0.03846, 0.03846, 0.03846, 
0, 0, 0, 0, 0, 0, 0, 0, 0, 0, 0, 0, 0, 0, 0, 0, 0, 0, 0, 0, 0, 
0, 0.70864, 0.71072, 0.71004, 0.70276, 0.70125, 0.70234, 0.70274, 
0.70491, 0.70683, 0.70131, 0.70229, 0.70644, 0.70676, 0.71063, 
0.70221, 0.70489, 0.70329, 0.7032, 0.70449, 0.70602, 0.70284, 
0.69975, 0.5235, 0.6334, 0.751, 0.5852, 0.9834, 1.1037, 1.2185, 
1.3696, 1.582, 1.6081, 1.9033, 769, 850.4, 921.1, 1003.3, 1076.7, 
1150, 1214.2, 1281, 1347.7, 1426.9, 1506.8, 1, 1, 1, 1, 1, 1, 
1, 1, 1, 1, 1, 1, 1, 1, 1, 1, 1, 1, 1, 1, 1, 1, 1, 1, 1, 1, 1, 
1, 1, 1, 1, 1, 1, 1, 1, 1, 1, 1, 1, 1, 1, 1, 1, 1, 8.284, 10.135, 
11.393, 8.945, 12.996, 14.09, 16.114, 17.21, 20.311, 20.242, 
23.627), .Dim = c(11L, 40L), .Dimnames = list(NULL, c("Sampling", 
"PSO.cost", "PSO.gamma", "PSO.data.balancing", "PSO.feature.selection", 
"PSO.valid.acc", "PSO.test.acc", "PSO.train.time", "PSO.n.support.vectors", 
"PSO.index", "PSO.n.solutions", "PSO.generations", "PSO.n.evaluations", 
"PSO.cpu.time", "RS.cost", "RS.gamma", "RS.data.balancing", "RS.feature.selection", 
"RS.valid.acc", "RS.test.acc", "RS.train.time", "RS.n.support.vectors", 
"RS.index", "RS.n.solutions", "RS.generations", "RS.n.evaluations", 
"RS.cpu.time", "DF.cost", "DF.gamma", "DF.data.balancing", "DF.feature.selection", 
"DF.valid.acc", "DF.test.acc", "DF.train.time", "DF.n.support.vectors", 
"DF.index", "DF.n.solutions", "DF.generations", "DF.n.evaluations", 
"DF.cpu.time")))
