full <-
structure(c(50, 55, 60, 65, 70, 75, 80, 85, 90, 95, 100, 8.52283, 
15, 4.90845, 9.23044, 9.81103, 5.67032, 5.13218, 9.45478, 15, 
5.34947, 11.95298, -8.8724, -11.81418, -6.26178, -8.8405, -9.87861, 
-6.5172, -6.9788, -10.58351, -11.7674, -5.38269, -11.98722, 0, 
0, 0, 0, 0, 0, 0, 0, 0, 0, 0, 0, 0, 0, 0, 0, 0, 0, 0, 0, 0, 0, 
0.71148, 0.71009, 0.71486, 0.71453, 0.71526, 0.70955, 0.71459, 
0.71183, 0.71131, 0.71507, 0.71099, 0.70351, 0.70015, 0.70455, 
0.7123, 0.71108, 0.70132, 0.71096, 0.70884, 0.70446, 0.7097, 
0.70846, 0.7823, 2.6468, 0.7956, 1.6801, 1.9447, 1.3161, 1.4252, 
2.7583, 7.1441, 2.1423, 4.8974, 689.3, 741.9, 838.5, 894.2, 972.7, 
1037, 1122.2, 1215.3, 1217.7, 1312.2, 1371.5, 200, 2068, 1042, 
315, 2483, 709, 1090, 227, 1875, 1359, 536, 198, 1, 89, 437, 
1, 52, 15, 143, 1, 1, 1, 100, 100, 100, 100, 100, 100, 100, 100, 
100, 100, 100, 2500, 2500, 2500, 2500, 2500, 2500, 2500, 2500, 
2500, 2500, 2500, 32282.33, 51526.312, 33201.146, 54609.347, 
65142.504, 45634.063, 51957.448, 88540.0619999999, 124352.975, 
105176.149, 135573.074, 10.15839, 14.93081, 5.57782, 8.56259, 
9.6262, 4.00118, 5.66785, 11.94846, 14.6974, 4.75699, 11.99074, 
-9.45907, -11.71815, -6.76698, -8.57227, -9.71871, -5.83925, 
-7.16512, -11.28558, -11.86471, -5.01975, -12.05849, 0, 0, 0, 
0, 0, 0, 0, 0, 0, 0, 0, 0, 0, 0, 0, 0, 0, 0, 0, 0, 0, 0, 0.71076, 
0.71011, 0.71365, 0.71453, 0.71318, 0.70909, 0.71368, 0.71055, 
0.7101, 0.71431, 0.71027, 0.70713, 0.70279, 0.70334, 0.71118, 
0.71057, 0.7018, 0.71096, 0.7067, 0.70284, 0.71122, 0.70882, 
1.0419, 2.6653, 0.8227, 1.448, 1.9118, 1.1877, 1.4438, 4.3788, 
6.3313, 2.0666, 4.7346, 682.4, 743.4, 835.9, 895.4, 969.4, 1053.8, 
1117.4, 1176.2, 1219.9, 1321.5, 1373.3, 229, 663, 1222, 1793, 
1949, 1323, 1299, 1572, 2214, 402, 1420, 1, 1, 1, 1, 1, 1, 1, 
1, 1, 1, 1, 100, 100, 100, 100, 100, 100, 100, 100, 100, 100, 
100, 2500, 2500, 2500, 2500, 2500, 2500, 2500, 2500, 2500, 2500, 
2500, 39803.252, 47711.93, 55449.026, 65868.674, 76694.618, 90328.4890000001, 
104668.258, 108834.545, 132545.427, 148008.664, 170123.238, 1, 
1, 1, 1, 1, 1, 1, 1, 1, 1, 1, 0.03846, 0.03846, 0.03846, 0.03846, 
0.03846, 0.03846, 0.03846, 0.03846, 0.03846, 0.03846, 0.03846, 
0, 0, 0, 0, 0, 0, 0, 0, 0, 0, 0, 0, 0, 0, 0, 0, 0, 0, 0, 0, 0, 
0, 0.69405, 0.70015, 0.70339, 0.70614, 0.70386, 0.70323, 0.70328, 
0.70159, 0.69558, 0.70284, 0.699, 0.69036, 0.69887, 0.70219, 
0.70391, 0.70179, 0.70277, 0.70464, 0.7003, 0.69597, 0.70016, 
0.69974, 0.5193, 0.624, 0.7196, 0.8404, 0.9821, 1.1317, 1.2624, 
1.4044, 1.6244, 1.81, 1.9851, 786, 867.9, 932.7, 1010, 1082.5, 
1160.1, 1234.1, 1306.1, 1372, 1436.2, 1505.2, 1, 1, 1, 1, 1, 
1, 1, 1, 1, 1, 1, 1, 1, 1, 1, 1, 1, 1, 1, 1, 1, 1, 1, 1, 1, 1, 
1, 1, 1, 1, 1, 1, 1, 1, 1, 1, 1, 1, 1, 1, 1, 1, 1, 1, 8.382, 
9.354, 10.358, 11.59, 13.136, 14.715, 16.179, 17.669, 19.918, 
22.938, 24.834), .Dim = c(11L, 40L), .Dimnames = list(NULL, c("Sampling", 
"PSO.cost", "PSO.gamma", "PSO.data.balancing", "PSO.feature.selection", 
"PSO.valid.acc", "PSO.test.acc", "PSO.train.time", "PSO.n.support.vectors", 
"PSO.index", "PSO.n.solutions", "PSO.generations", "PSO.n.evaluations", 
"PSO.cpu.time", "RS.cost", "RS.gamma", "RS.data.balancing", "RS.feature.selection", 
"RS.valid.acc", "RS.test.acc", "RS.train.time", "RS.n.support.vectors", 
"RS.index", "RS.n.solutions", "RS.generations", "RS.n.evaluations", 
"RS.cpu.time", "DF.cost", "DF.gamma", "DF.data.balancing", "DF.feature.selection", 
"DF.valid.acc", "DF.test.acc", "DF.train.time", "DF.n.support.vectors", 
"DF.index", "DF.n.solutions", "DF.generations", "DF.n.evaluations", 
"DF.cpu.time")))
