full <-
structure(c(50, 55, 60, 65, 70, 75, 80, 85, 90, 95, 100, 8.99971, 
0.38354, 5.38523, 12.96458, 13.01192, 14.99711, 14.98271, 8.37116, 
5.49132, 10.89077, 12.7658, -9.29466, -3.5311, -7.30293, -14.90189, 
-11.46702, -14.68162, -14.88971, -10.15876, -8.37372, -12.0691, 
-13.11026, 0, 0, 0, 0, 0, 0, 0, 0, 0, 0, 0, 0, 0, 0, 0, 0, 0, 
0, 0, 0, 0, 0, 0.7115, 0.70677, 0.70814, 0.70339, 0.71474, 0.71059, 
0.7087, 0.70786, 0.70686, 0.70931, 0.71138, 0.70636, 0.69882, 
0.70331, 0.70226, 0.70956, 0.70526, 0.70599, 0.70658, 0.70203, 
0.70778, 0.70702, 0.8366, 0.6711, 0.8382, 1.3267, 3.2847, 2.0381, 
2.2391, 2.225, 1.8985, 3.9086, 4.1013, 701, 852, 859.5, 916.1, 
963, 1018.2, 1083.3, 1212.9, 1294.4, 1335.8, 1367.3, 2157, 1003, 
1087, 1378, 865, 1366, 1510, 1781, 1269, 1717, 2426, 1, 66, 54, 
8, 2, 1, 1, 16, 78, 8, 1, 100, 100, 100, 100, 100, 100, 100, 
100, 100, 100, 100, 2500, 2500, 2500, 2500, 2500, 2500, 2500, 
2500, 2500, 2500, 2500, 34012.25, 29948.874, 38857.504, 47016.817, 
93421.028, 62980.5549999999, 67317.312, 89351.836, 67192.2219999998, 
101031.348, 123345.402, 9.23901, 0.3752, 5.56485, 10.51901, 12.74129, 
14.76358, 13.17439, 8.72559, 5.73156, 11.18395, 13.90369, -9.4118, 
-3.54379, -7.35811, -11.43785, -11.34112, -14.4054, -14.51934, 
-10.20259, -8.11876, -12.62301, -12.71871, 0, 0, 0, 0, 0, 0, 
0, 0, 0, 0, 0, 0, 0, 0, 0, 0, 0, 0, 0, 0, 0, 0, 0.71078, 0.70479, 
0.70754, 0.7034, 0.71319, 0.70818, 0.70644, 0.70701, 0.70606, 
0.70892, 0.71065, 0.70562, 0.69817, 0.70391, 0.69891, 0.70801, 
0.70623, 0.70735, 0.70573, 0.70445, 0.70625, 0.70848, 0.8576, 
0.6637, 0.8468, 1.7059, 3.3417, 2.1192, 2.2111, 2.4118, 1.9687, 
3.5544, 5.1627, 700.8, 852.1, 858.3, 924.5, 964.2, 1018.2, 1106.5, 
1207.5, 1280.9, 1336.3, 1347.1, 191, 1403, 451, 487, 829, 470, 
687, 1472, 1157, 1914, 1583, 1, 1, 1, 1, 1, 1, 1, 1, 1, 1, 1, 
100, 100, 100, 100, 100, 100, 100, 100, 100, 100, 100, 2500, 
2500, 2500, 2500, 2500, 2500, 2500, 2500, 2500, 2500, 2500, 42860.592, 
49175.635, 57641.077, 71433.088, 78232.208, 88416.0519999999, 
105123.585, 124659.181, 137026.989, 145356.402, 162718.152, 1, 
1, 1, 1, 1, 1, 1, 1, 1, 1, 1, 0.03846, 0.03846, 0.03846, 0.03846, 
0.03846, 0.03846, 0.03846, 0.03846, 0.03846, 0.03846, 0.03846, 
0, 0, 0, 0, 0, 0, 0, 0, 0, 0, 0, 0, 0, 0, 0, 0, 0, 0, 0, 0, 0, 
0, 0.69849, 0.69552, 0.6912, 0.68943, 0.69866, 0.69218, 0.69779, 
0.6955, 0.69961, 0.6986, 0.70047, 0.69194, 0.69557, 0.69486, 
0.6894, 0.69504, 0.69316, 0.69598, 0.69635, 0.69921, 0.70204, 
0.70046, 0.5487, 0.6655, 0.773, 0.8894, 1.037, 1.1794, 1.2999, 
1.4528, 1.6128, 1.8476, 2.0089, 797.1, 868.3, 940.3, 1019.2, 
1089.9, 1159.6, 1230.9, 1308.2, 1375.2, 1441.4, 1501.7, 1, 1, 
1, 1, 1, 1, 1, 1, 1, 1, 1, 1, 1, 1, 1, 1, 1, 1, 1, 1, 1, 1, 1, 
1, 1, 1, 1, 1, 1, 1, 1, 1, 1, 1, 1, 1, 1, 1, 1, 1, 1, 1, 1, 1, 
9.043, 10.393, 11.445, 12.55, 14.381, 16.012, 16.996, 18.891, 
20.284, 22.711, 24.597), .Dim = c(11L, 40L), .Dimnames = list(
    NULL, c("Sampling", "PSO.cost", "PSO.gamma", "PSO.data.balancing", 
    "PSO.feature.selection", "PSO.valid.acc", "PSO.test.acc", 
    "PSO.train.time", "PSO.n.support.vectors", "PSO.index", "PSO.n.solutions", 
    "PSO.generations", "PSO.n.evaluations", "PSO.cpu.time", "RS.cost", 
    "RS.gamma", "RS.data.balancing", "RS.feature.selection", 
    "RS.valid.acc", "RS.test.acc", "RS.train.time", "RS.n.support.vectors", 
    "RS.index", "RS.n.solutions", "RS.generations", "RS.n.evaluations", 
    "RS.cpu.time", "DF.cost", "DF.gamma", "DF.data.balancing", 
    "DF.feature.selection", "DF.valid.acc", "DF.test.acc", "DF.train.time", 
    "DF.n.support.vectors", "DF.index", "DF.n.solutions", "DF.generations", 
    "DF.n.evaluations", "DF.cpu.time")))
