full <-
structure(c(50, 55, 60, 65, 70, 75, 80, 85, 90, 95, 100, 14.93245, 
11.21507, 14.96907, 14.76379, 14.81795, 14.94868, 14.99991, 15, 
3.78093, 15, 14.9545, -13.4986, -10.40504, -14.92798, -13.16947, 
-13.61071, -13.82351, -14.17402, -13.90184, -5.10204, -12.63592, 
-14.74761, 0, 0, 0, 0, 0, 0, 0, 0, 0, 0, 0, 0, 0, 0, 0, 0, 0, 
0, 0, 0, 0, 0, 0.69552, 0.69287, 0.6961, 0.70107, 0.70433, 0.70473, 
0.7042, 0.70578, 0.71207, 0.71118, 0.71532, 0.68612, 0.68824, 
0.69426, 0.69883, 0.69604, 0.69941, 0.70376, 0.70023, 0.70765, 
0.70736, 0.7066, 1.4743, 2.0741, 1.4041, 2.5429, 2.4366, 2.7215, 
2.8348, 3.2369, 1.7679, 5.5717, 3.3362, 707.1, 801, 844.1, 904.8, 
967.3, 1037.6, 1095.5, 1166, 1279.4, 1280.3, 1340, 802, 2365, 
1586, 1069, 1120, 427, 2174, 1581, 2449, 1195, 2323, 3, 1, 1, 
5, 2, 6, 1, 2, 9, 2, 1, 100, 100, 100, 100, 100, 100, 100, 100, 
100, 100, 100, 2500, 2500, 2500, 2500, 2500, 2500, 2500, 2500, 
2500, 2500, 2500, 52463.797, 57290.631, 47301.398, 96959.269, 
72829.057, 77486.577, 88486.008, 98331.1239999998, 120711.808, 
159353.873, 102755.664, 13.69682, 9.55751, 7.57663, 12.23641, 
13.81081, 14.86786, -0.17978, 14.42444, 3.88666, 14.75123, 14.9013, 
-12.92487, -9.45431, -8.94443, -10.41186, -13.46487, -13.92306, 
-3.73256, -13.6459, -5.18206, -12.47076, -14.90002, 0, 0, 0, 
0, 0, 0, 0, 0, 0, 0, 0, 0, 0, 0, 0, 0, 0, 0, 0, 0, 0, 0, 0.69406, 
0.69153, 0.69367, 0.69941, 0.70328, 0.70326, 0.70283, 0.70493, 
0.71126, 0.7108, 0.71277, 0.68321, 0.68427, 0.68944, 0.69492, 
0.69708, 0.69893, 0.69693, 0.70066, 0.70765, 0.70659, 0.70769, 
1.4279, 1.4802, 1.1653, 4.1553, 2.3403, 2.6258, 1.3739, 2.9539, 
1.7618, 5.8903, 3.1482, 714.9, 806.8, 899.9, 912.9, 977.3, 1033.8, 
1241.9, 1172.9, 1276.7, 1281.5, 1343.3, 1918, 1590, 286, 651, 
2050, 848, 584, 2224, 1344, 479, 1294, 1, 2, 6, 3, 1, 1, 1, 3, 
1, 1, 2, 100, 100, 100, 100, 100, 100, 100, 100, 100, 100, 100, 
2500, 2500, 2500, 2500, 2500, 2500, 2500, 2500, 2500, 2500, 2500, 
44406.935, 55069.089, 64135.558, 82346.444, 90155.7830000001, 
105685.183, 114558.646, 121633.509, 148874.547, 153676.623, 178161.723, 
1, 1, 1, 1, 1, 1, 1, 1, 1, 1, 1, 0.03846, 0.03846, 0.03846, 0.03846, 
0.03846, 0.03846, 0.03846, 0.03846, 0.03846, 0.03846, 0.03846, 
0, 0, 0, 0, 0, 0, 0, 0, 0, 0, 0, 0, 0, 0, 0, 0, 0, 0, 0, 0, 0, 
0, 0.67367, 0.67967, 0.6858, 0.6877, 0.68931, 0.6931, 0.69785, 
0.69214, 0.69999, 0.7001, 0.7026, 0.68024, 0.67572, 0.68461, 
0.69159, 0.69762, 0.69069, 0.69421, 0.6934, 0.69835, 0.69894, 
0.70187, 0.566, 0.6671, 0.8097, 0.9078, 1.0328, 1.2466, 1.3562, 
1.4098, 1.5989, 1.7448, 1.9203, 830.8, 901.9, 985.6, 1036.7, 
1103.1, 1173.3, 1242.9, 1317.2, 1382.6, 1444.3, 1505.4, 1, 1, 
1, 1, 1, 1, 1, 1, 1, 1, 1, 1, 1, 1, 1, 1, 1, 1, 1, 1, 1, 1, 1, 
1, 1, 1, 1, 1, 1, 1, 1, 1, 1, 1, 1, 1, 1, 1, 1, 1, 1, 1, 1, 1, 
9.081, 10.12, 12.275, 12.614, 13.911, 17.96, 18.976, 17.926, 
21.024, 22.177, 24.912), .Dim = c(11L, 40L), .Dimnames = list(
    NULL, c("Sampling", "PSO.cost", "PSO.gamma", "PSO.data.balancing", 
    "PSO.feature.selection", "PSO.valid.acc", "PSO.test.acc", 
    "PSO.train.time", "PSO.n.support.vectors", "PSO.index", "PSO.n.solutions", 
    "PSO.generations", "PSO.n.evaluations", "PSO.cpu.time", "RS.cost", 
    "RS.gamma", "RS.data.balancing", "RS.feature.selection", 
    "RS.valid.acc", "RS.test.acc", "RS.train.time", "RS.n.support.vectors", 
    "RS.index", "RS.n.solutions", "RS.generations", "RS.n.evaluations", 
    "RS.cpu.time", "DF.cost", "DF.gamma", "DF.data.balancing", 
    "DF.feature.selection", "DF.valid.acc", "DF.test.acc", "DF.train.time", 
    "DF.n.support.vectors", "DF.index", "DF.n.solutions", "DF.generations", 
    "DF.n.evaluations", "DF.cpu.time")))
