full <-
structure(c(50, 55, 60, 65, 70, 75, 80, 85, 90, 95, 100, 15, 
2.79247, -0.09897, 8.71835, 15, 15, 14.53026, 8.07366, 15, 14.35401, 
12.18562, -14.72879, -3.4214, -3.99177, -8.54263, -13.7405, -11.37858, 
-12.11564, -9.75685, -13.11066, -12.70346, -11.74845, 0, 0, 0, 
0, 0, 0, 0, 0, 0, 0, 0, 0, 0, 0, 0, 0, 0, 0, 0, 0, 0, 0, 0.71015, 
0.70809, 0.70532, 0.70562, 0.70911, 0.71011, 0.71144, 0.71478, 
0.71171, 0.70972, 0.71465, 0.70724, 0.70488, 0.70291, 0.69723, 
0.70652, 0.7048, 0.70507, 0.70667, 0.70726, 0.70513, 0.70956, 
1.0384, 0.6532, 0.7527, 1.23, 2.2161, 5.6994, 4.3771, 2.1248, 
3.8583, 4.591, 5.3512, 680, 802, 930.7, 893.1, 947, 1010, 1080.3, 
1205.8, 1209.8, 1286.2, 1363.4, 2151, 2163, 1106, 2312, 570, 
1547, 1664, 1202, 2486, 2252, 821, 2, 1, 36, 5, 7, 1, 1, 22, 
1, 1, 28, 100, 100, 100, 100, 100, 100, 100, 100, 100, 100, 100, 
2500, 2500, 2500, 2500, 2500, 2500, 2500, 2500, 2500, 2500, 2500, 
33358.412, 34450.41, 30917.802, 48291.034, 67292.055, 109856.563, 
98443.108, 70676.748, 103839.917, 145947.19, 128401.889, 6.59606, 
2.98683, 0.02612, 9.22247, 14.61502, 10.46701, 11.37864, 9.36622, 
10.0334, 14.59438, 12.02899, -10.29969, -3.4364, -4.3757, -8.79682, 
-13.54404, -9.07708, -10.53419, -10.39323, -10.84673, -11.20741, 
-11.80915, 0, 0, 0, 0, 0, 0, 0, 0, 0, 0, 0, 0, 0, 0, 0, 0, 0, 
0, 0, 0, 0, 0, 0.70721, 0.70808, 0.70293, 0.70451, 0.70755, 0.7096, 
0.71008, 0.71307, 0.7109, 0.70894, 0.71393, 0.70574, 0.70486, 
0.70474, 0.69666, 0.70651, 0.70286, 0.70733, 0.70796, 0.7117, 
0.70359, 0.70956, 0.6416, 0.6547, 0.7844, 1.3618, 2.2178, 2.382, 
3.4407, 2.6654, 3.4362, 8.7866, 5.1528, 770, 800.3, 929.8, 891.8, 
946.5, 1014.1, 1090.7, 1196.5, 1264.5, 1277.2, 1367.7, 131, 491, 
551, 491, 37, 912, 838, 1004, 2329, 2258, 2497, 2, 1, 1, 1, 1, 
1, 5, 1, 1, 1, 1, 100, 100, 100, 100, 100, 100, 100, 100, 100, 
100, 100, 2500, 2500, 2500, 2500, 2500, 2500, 2500, 2500, 2500, 
2500, 2500, 41105.459, 45574.729, 63114.518, 62596.125, 77525.18, 
90827.1849999999, 95794.833, 113015.015, 130897.722, 143272.813, 
160346.842, 1, 1, 1, 1, 1, 1, 1, 1, 1, 1, 1, 0.03846, 0.03846, 
0.03846, 0.03846, 0.03846, 0.03846, 0.03846, 0.03846, 0.03846, 
0.03846, 0.03846, 0, 0, 0, 0, 0, 0, 0, 0, 0, 0, 0, 0, 0, 0, 0, 
0, 0, 0, 0, 0, 0, 0, 0.69986, 0.70279, 0.70049, 0.69887, 0.70031, 
0.70238, 0.70329, 0.70197, 0.69999, 0.69558, 0.70228, 0.6977, 
0.70016, 0.69809, 0.69832, 0.70081, 0.69899, 0.69875, 0.69683, 
0.70039, 0.6994, 0.70047, 0.5485, 0.645, 0.7958, 0.8762, 0.9906, 
1.1378, 1.2705, 1.4, 1.6026, 1.7681, 1.9421, 790.8, 860.8, 936.8, 
1013.3, 1079.5, 1147.6, 1217.9, 1292.2, 1360.5, 1438.6, 1502.8, 
1, 1, 1, 1, 1, 1, 1, 1, 1, 1, 1, 1, 1, 1, 1, 1, 1, 1, 1, 1, 1, 
1, 1, 1, 1, 1, 1, 1, 1, 1, 1, 1, 1, 1, 1, 1, 1, 1, 1, 1, 1, 1, 
1, 1, 8.931, 9.916, 13.504, 12.339, 14.767, 16.906, 16.602, 18.061, 
20.076, 21.78, 23.52), .Dim = c(11L, 40L), .Dimnames = list(NULL, 
    c("Sampling", "PSO.cost", "PSO.gamma", "PSO.data.balancing", 
    "PSO.feature.selection", "PSO.valid.acc", "PSO.test.acc", 
    "PSO.train.time", "PSO.n.support.vectors", "PSO.index", "PSO.n.solutions", 
    "PSO.generations", "PSO.n.evaluations", "PSO.cpu.time", "RS.cost", 
    "RS.gamma", "RS.data.balancing", "RS.feature.selection", 
    "RS.valid.acc", "RS.test.acc", "RS.train.time", "RS.n.support.vectors", 
    "RS.index", "RS.n.solutions", "RS.generations", "RS.n.evaluations", 
    "RS.cpu.time", "DF.cost", "DF.gamma", "DF.data.balancing", 
    "DF.feature.selection", "DF.valid.acc", "DF.test.acc", "DF.train.time", 
    "DF.n.support.vectors", "DF.index", "DF.n.solutions", "DF.generations", 
    "DF.n.evaluations", "DF.cpu.time")))
