full <-
structure(c(50, 55, 60, 65, 70, 75, 80, 85, 90, 95, 100, 7.96809, 
15, 13.77847, 7.53746, 8.55809, 7.90717, 12.19318, 13.14852, 
14.99741, 14.93078, 12.96451, -8.22599, -11.31306, -10.281, -6.96034, 
-7.49953, -8.25999, -11.97992, -9.69601, -12.3228, -13.44974, 
-11.64052, 0, 0, 0, 0, 0, 0, 0, 0, 0, 0, 0, 0, 0, 0, 0, 0, 0, 
0, 0, 0, 0, 0, 0.70929, 0.71122, 0.70882, 0.71963, 0.7241, 0.71873, 
0.71551, 0.71216, 0.71533, 0.72082, 0.71249, 0.70415, 0.71314, 
0.69552, 0.7124, 0.71529, 0.71293, 0.71325, 0.70533, 0.71252, 
0.71508, 0.70885, 0.7619, 3.3189, 3.9478, 1.3721, 1.9179, 1.852, 
2.8909, 9.0579, 6.0714, 4.184, 5.885, 714.3, 761.9, 828.2, 893.5, 
953.8, 1043.6, 1093.4, 1155.7, 1211.7, 1265.5, 1355.2, 878, 377, 
1805, 857, 1685, 1793, 806, 930, 2000, 1851, 2305, 105, 1, 1, 
60, 9, 7, 14, 9, 2, 7, 4, 100, 100, 100, 100, 100, 100, 100, 
100, 100, 100, 100, 2500, 2500, 2500, 2500, 2500, 2500, 2500, 
2500, 2500, 2500, 2500, 29536.251, 80239.295, 114025.749, 51902.909, 
93281.0829999999, 77331.795, 92151.383, 125847.26, 157973.956, 
125936.475, 140018.24, 7.86678, 14.5576, 13.81496, 7.26568, 9.21725, 
9.26881, 12.39817, 13.00858, 9.93701, 14.48606, 9.46676, -8.18845, 
-11.6933, -10.18892, -6.84328, -7.72713, -8.95762, -12.04793, 
-9.57208, -10.54342, -13.2332, -9.7869, 0, 0, 0, 0, 0, 0, 0, 
0, 0, 0, 0, 0, 0, 0, 0, 0, 0, 0, 0, 0, 0, 0, 0.70856, 0.70924, 
0.70759, 0.71851, 0.72203, 0.71824, 0.71415, 0.71045, 0.71292, 
0.71967, 0.71212, 0.70415, 0.70985, 0.6943, 0.7124, 0.71425, 
0.71389, 0.71325, 0.70491, 0.71049, 0.71432, 0.71175, 0.7759, 
2.5993, 4.1971, 1.2982, 2.1952, 2.3068, 2.9044, 8.9038, 3.6811, 
4.1784, 4.0161, 713.3, 765.2, 827.8, 894.7, 952.9, 1039.8, 1092.8, 
1152.5, 1261.7, 1267.8, 1382.3, 1037, 130, 2361, 1238, 1092, 
2362, 519, 1833, 1249, 1763, 1011, 1, 1, 2, 1, 1, 1, 3, 3, 2, 
2, 3, 100, 100, 100, 100, 100, 100, 100, 100, 100, 100, 100, 
2500, 2500, 2500, 2500, 2500, 2500, 2500, 2500, 2500, 2500, 2500, 
43552.345, 52324.855, 65519.754, 70192.926, 81757.287, 94650.586, 
108092.927, 112428.505, 138465.137, 153187.681, 158654.308, 1, 
1, 1, 1, 1, 1, 1, 1, 1, 1, 1, 0.03846, 0.03846, 0.03846, 0.03846, 
0.03846, 0.03846, 0.03846, 0.03846, 0.03846, 0.03846, 0.03846, 
0, 0, 0, 0, 0, 0, 0, 0, 0, 0, 0, 0, 0, 0, 0, 0, 0, 0, 0, 0, 0, 
0, 0.68818, 0.69468, 0.69432, 0.7012, 0.70025, 0.70321, 0.70327, 
0.69893, 0.6996, 0.70095, 0.7023, 0.69184, 0.69271, 0.69188, 
0.70233, 0.7013, 0.69695, 0.70146, 0.70105, 0.70363, 0.70322, 
0.70194, 0.5201, 0.6514, 0.7552, 0.9003, 0.9754, 1.123, 1.2704, 
1.4343, 1.6026, 1.7323, 1.9006, 796.3, 876.8, 944.8, 1010.6, 
1079.3, 1155.7, 1227.9, 1308.9, 1370.6, 1436.1, 1503.9, 1, 1, 
1, 1, 1, 1, 1, 1, 1, 1, 1, 1, 1, 1, 1, 1, 1, 1, 1, 1, 1, 1, 1, 
1, 1, 1, 1, 1, 1, 1, 1, 1, 1, 1, 1, 1, 1, 1, 1, 1, 1, 1, 1, 1, 
8.342, 11.384, 10.796, 12.632, 13.262, 14.951, 17.902, 19.773, 
20.721, 22.321, 24.661), .Dim = c(11L, 40L), .Dimnames = list(
    NULL, c("Sampling", "PSO.cost", "PSO.gamma", "PSO.data.balancing", 
    "PSO.feature.selection", "PSO.valid.acc", "PSO.test.acc", 
    "PSO.train.time", "PSO.n.support.vectors", "PSO.index", "PSO.n.solutions", 
    "PSO.generations", "PSO.n.evaluations", "PSO.cpu.time", "RS.cost", 
    "RS.gamma", "RS.data.balancing", "RS.feature.selection", 
    "RS.valid.acc", "RS.test.acc", "RS.train.time", "RS.n.support.vectors", 
    "RS.index", "RS.n.solutions", "RS.generations", "RS.n.evaluations", 
    "RS.cpu.time", "DF.cost", "DF.gamma", "DF.data.balancing", 
    "DF.feature.selection", "DF.valid.acc", "DF.test.acc", "DF.train.time", 
    "DF.n.support.vectors", "DF.index", "DF.n.solutions", "DF.generations", 
    "DF.n.evaluations", "DF.cpu.time")))
