full <-
structure(c(50, 55, 60, 65, 70, 75, 80, 85, 90, 95, 100, 5.53315, 
2.88499, 2.40488, 3.54916, 7.70657, 15, 3.01144, 11.09291, 5.35947, 
11.11073, 7.88454, -6.17012, -6.04321, -6.46679, -8.06292, -8.23358, 
-12.3647, -4.74864, -10.0248, -6.66478, -11.4255, -9.48855, 0, 
0, 0, 0, 0, 0, 0, 0, 0, 0, 0, 0, 0, 0, 0, 0, 0, 0, 0, 0, 0, 0, 
0.71581, 0.71664, 0.71425, 0.71179, 0.71376, 0.70473, 0.71007, 
0.71049, 0.7117, 0.71164, 0.71428, 0.70853, 0.71003, 0.70638, 
0.70677, 0.707, 0.70182, 0.70328, 0.70709, 0.70523, 0.70974, 
0.71136, 0.6218, 0.6423, 0.7635, 0.9274, 1.5188, 4.1495, 1.3245, 
4.2839, 1.8297, 4.2622, 2.8407, 722.4, 810.6, 904.4, 990.2, 976.9, 
1016, 1141.1, 1164.2, 1239.1, 1310.8, 1416.7, 1131, 1916, 1729, 
1644, 980, 2175, 610, 270, 2173, 1318, 737, 51, 17, 19, 30, 49, 
2, 91, 33, 2, 2, 55, 100, 100, 100, 100, 100, 100, 100, 100, 
100, 100, 100, 2500, 2500, 2500, 2500, 2500, 2500, 2500, 2500, 
2500, 2500, 2500, 24818.554, 26516.204, 30277.639, 41366.955, 
60966.412, 79669.033, 53460.7930000001, 107411.975, 126603.459, 
119299.84, 92906.3939999999, 4.82459, 2.83763, 2.452, 3.5836, 
7.21369, 3.9905, 4.57387, 6.87044, 5.2444, 11.73519, 7.32278, 
-5.89684, -6.31623, -6.49253, -8.05561, -7.96079, -7.51693, -5.72037, 
-8.08916, -6.62963, -11.87377, -9.40113, 0, 0, 0, 0, 0, 0, 0, 
0, 0, 0, 0, 0, 0, 0, 0, 0, 0, 0, 0, 0, 0, 0, 0.71508, 0.71402, 
0.71304, 0.71124, 0.71272, 0.70377, 0.70916, 0.71091, 0.71129, 
0.7105, 0.71282, 0.70635, 0.71004, 0.70577, 0.70621, 0.70648, 
0.70568, 0.70372, 0.70368, 0.70442, 0.7086, 0.71028, 0.606, 0.6618, 
0.7989, 0.958, 1.4271, 1.2278, 1.3936, 1.9178, 1.8544, 4.3767, 
2.6811, 726.2, 819, 903.5, 988.7, 976.9, 1093, 1116.9, 1177.8, 
1239.3, 1304.1, 1427.3, 1425, 1152, 926, 1122, 289, 141, 250, 
2492, 730, 341, 688, 1, 2, 1, 1, 1, 1, 2, 1, 1, 1, 2, 100, 100, 
100, 100, 100, 100, 100, 100, 100, 100, 100, 2500, 2500, 2500, 
2500, 2500, 2500, 2500, 2500, 2500, 2500, 2500, 42602.087, 50721.433, 
65507.351, 74341.235, 79941.182, 92294.259, 103578.105, 112738.062, 
134175.444, 136383.826, 160743.144, 1, 1, 1, 1, 1, 1, 1, 1, 1, 
1, 1, 0.03846, 0.03846, 0.03846, 0.03846, 0.03846, 0.03846, 0.03846, 
0.03846, 0.03846, 0.03846, 0.03846, 0, 0, 0, 0, 0, 0, 0, 0, 0, 
0, 0, 0, 0, 0, 0, 0, 0, 0, 0, 0, 0, 0, 0.69835, 0.7041, 0.70459, 
0.69838, 0.70649, 0.69751, 0.69782, 0.70067, 0.69801, 0.69831, 
0.69938, 0.70126, 0.70277, 0.70096, 0.70008, 0.70338, 0.69796, 
0.70056, 0.7007, 0.70003, 0.7002, 0.70047, 0.5436, 0.6453, 0.7731, 
0.909, 1.0337, 1.1498, 1.2553, 1.4795, 1.5932, 1.7425, 1.8625, 
808.5, 866.6, 944.2, 1009.4, 1077.2, 1148.4, 1218.1, 1294.2, 
1363.7, 1433.5, 1505.8, 1, 1, 1, 1, 1, 1, 1, 1, 1, 1, 1, 1, 1, 
1, 1, 1, 1, 1, 1, 1, 1, 1, 1, 1, 1, 1, 1, 1, 1, 1, 1, 1, 1, 1, 
1, 1, 1, 1, 1, 1, 1, 1, 1, 1, 8.992, 10.114, 12.485, 14.228, 
15.556, 17.149, 17.485, 20.107, 19.961, 21.647, 22.908), .Dim = c(11L, 
40L), .Dimnames = list(NULL, c("Sampling", "PSO.cost", "PSO.gamma", 
"PSO.data.balancing", "PSO.feature.selection", "PSO.valid.acc", 
"PSO.test.acc", "PSO.train.time", "PSO.n.support.vectors", "PSO.index", 
"PSO.n.solutions", "PSO.generations", "PSO.n.evaluations", "PSO.cpu.time", 
"RS.cost", "RS.gamma", "RS.data.balancing", "RS.feature.selection", 
"RS.valid.acc", "RS.test.acc", "RS.train.time", "RS.n.support.vectors", 
"RS.index", "RS.n.solutions", "RS.generations", "RS.n.evaluations", 
"RS.cpu.time", "DF.cost", "DF.gamma", "DF.data.balancing", "DF.feature.selection", 
"DF.valid.acc", "DF.test.acc", "DF.train.time", "DF.n.support.vectors", 
"DF.index", "DF.n.solutions", "DF.generations", "DF.n.evaluations", 
"DF.cpu.time")))
