full <-
structure(c(50, 55, 60, 65, 70, 75, 80, 85, 90, 95, 100, 14.92771, 
9.275, 4.55602, 7.37119, 14.21968, 11.68799, 11.78553, 14.5789, 
14.99933, 15, 11.07554, -14.1502, -12.7003, -7.26655, -8.66741, 
-14.96345, -11.28371, -10.73572, -13.05247, -14.86368, -12.66819, 
-13.63266, 0, 0, 0, 0, 0, 0, 0, 0, 0, 0, 0, 0, 0, 0, 0, 0, 0, 
0, 0, 0, 0, 0, 0.70635, 0.70211, 0.70399, 0.7078, 0.71058, 0.71542, 
0.70782, 0.71906, 0.71454, 0.7151, 0.71424, 0.69912, 0.69088, 
0.69369, 0.70333, 0.70124, 0.70283, 0.7042, 0.71095, 0.71173, 
0.71013, 0.70697, 1.2763, 0.9367, 0.8853, 1.3039, 1.678, 3.0561, 
4.0079, 3.8382, 2.8251, 5.2715, 3.0649, 705.5, 887.6, 882.6, 
931.8, 964.4, 1033.2, 1100.8, 1151.3, 1212.8, 1279.6, 1427.4, 
797, 1157, 504, 2389, 1772, 1707, 468, 1416, 1668, 565, 2420, 
1, 27, 165, 1, 5, 2, 19, 3, 1, 3, 1, 100, 100, 100, 100, 100, 
100, 100, 100, 100, 100, 100, 2500, 2500, 2500, 2500, 2500, 2500, 
2500, 2500, 2500, 2500, 2500, 43404.179, 34830.312, 34813.863, 
45152.112, 56906.366, 77100.544, 96069.3200000001, 109917.98, 
84171.3160000001, 151870.771, 90218.335, 13.90327, 1.67941, 4.78221, 
0.60294, 14.81442, 12.70464, 2.01779, 13.68415, 14.71703, 9.2322, 
8.12863, -13.84805, -4.60164, -8.01377, -5.02666, -13.95329, 
-11.87306, -5.32449, -12.5998, -14.7829, -9.87808, -9.96008, 
0, 0, 0, 0, 0, 0, 0, 0, 0, 0, 0, 0, 0, 0, 0, 0, 0, 0, 0, 0, 0, 
0, 0.70347, 0.70083, 0.70217, 0.70613, 0.70799, 0.71445, 0.70737, 
0.71778, 0.71293, 0.71395, 0.71316, 0.69913, 0.69091, 0.69672, 
0.69998, 0.70332, 0.70573, 0.70237, 0.7101, 0.71052, 0.70822, 
0.71025, 1.2733, 0.6801, 0.8763, 0.8981, 2.1248, 3.2624, 1.2901, 
3.911, 2.7803, 3.4788, 2.9451, 713.5, 830.5, 900, 1000.4, 953.3, 
1027.2, 1156.5, 1158.4, 1218.6, 1325.1, 1431.5, 2214, 21, 166, 
922, 1471, 1982, 1033, 787, 145, 183, 235, 1, 1, 1, 1, 2, 1, 
1, 2, 1, 3, 1, 100, 100, 100, 100, 100, 100, 100, 100, 100, 100, 
100, 2500, 2500, 2500, 2500, 2500, 2500, 2500, 2500, 2500, 2500, 
2500, 44292.166, 54392.513, 62071.436, 71620.135, 76442.7290000001, 
96253.329, 104584.098, 122494.97, 130978.146, 155431.199, 164878.523, 
1, 1, 1, 1, 1, 1, 1, 1, 1, 1, 1, 0.03846, 0.03846, 0.03846, 0.03846, 
0.03846, 0.03846, 0.03846, 0.03846, 0.03846, 0.03846, 0.03846, 
0, 0, 0, 0, 0, 0, 0, 0, 0, 0, 0, 0, 0, 0, 0, 0, 0, 0, 0, 0, 0, 
0, 0.69909, 0.69618, 0.69547, 0.70503, 0.7033, 0.70816, 0.70286, 
0.70369, 0.70042, 0.704, 0.70078, 0.69403, 0.69021, 0.69547, 
0.69888, 0.70018, 0.70282, 0.69877, 0.70625, 0.69962, 0.70096, 
0.70115, 0.5569, 0.6686, 0.7752, 0.904, 1.016, 1.1622, 1.2962, 
1.4497, 1.5645, 1.7277, 1.9433, 791.5, 869.6, 943.5, 1014.7, 
1084.1, 1149, 1223.1, 1289.3, 1361.3, 1431.6, 1503.3, 1, 1, 1, 
1, 1, 1, 1, 1, 1, 1, 1, 1, 1, 1, 1, 1, 1, 1, 1, 1, 1, 1, 1, 1, 
1, 1, 1, 1, 1, 1, 1, 1, 1, 1, 1, 1, 1, 1, 1, 1, 1, 1, 1, 1, 9.591, 
10.751, 11.726, 13.333, 14.375, 15.935, 17.224, 19.113, 20.32, 
20.913, 23.474), .Dim = c(11L, 40L), .Dimnames = list(NULL, c("Sampling", 
"PSO.cost", "PSO.gamma", "PSO.data.balancing", "PSO.feature.selection", 
"PSO.valid.acc", "PSO.test.acc", "PSO.train.time", "PSO.n.support.vectors", 
"PSO.index", "PSO.n.solutions", "PSO.generations", "PSO.n.evaluations", 
"PSO.cpu.time", "RS.cost", "RS.gamma", "RS.data.balancing", "RS.feature.selection", 
"RS.valid.acc", "RS.test.acc", "RS.train.time", "RS.n.support.vectors", 
"RS.index", "RS.n.solutions", "RS.generations", "RS.n.evaluations", 
"RS.cpu.time", "DF.cost", "DF.gamma", "DF.data.balancing", "DF.feature.selection", 
"DF.valid.acc", "DF.test.acc", "DF.train.time", "DF.n.support.vectors", 
"DF.index", "DF.n.solutions", "DF.generations", "DF.n.evaluations", 
"DF.cpu.time")))
