full <-
structure(c(50, 55, 60, 65, 70, 75, 80, 85, 90, 95, 100, 10.16805, 
13.3418, 13.67047, 11.03186, 14.65853, 9.11916, 15, 7.29972, 
13.082, 5.25167, 8.11255, -8.87424, -13.93917, -12.52688, -11.58587, 
-11.17298, -9.67878, -13.41032, -9.03276, -14.27462, -6.06577, 
-10.46168, 0, 0, 0, 0, 0, 0, 0, 0, 0, 0, 0, 0, 0, 0, 0, 0, 0, 
0, 0, 0, 0, 0, 0.70936, 0.72131, 0.72582, 0.7258, 0.72197, 0.72321, 
0.72012, 0.71993, 0.71983, 0.71466, 0.71537, 0.70138, 0.71011, 
0.71614, 0.72134, 0.7152, 0.71545, 0.71555, 0.71695, 0.72022, 
0.71045, 0.70628, 1.1677, 1.2623, 2.0837, 2.1586, 6.2851, 2.1871, 
3.1878, 1.9715, 2.7093, 2.0566, 2.776, 685.2, 743.1, 795.6, 886.7, 
930.6, 1021.9, 1055.2, 1186.3, 1212.6, 1293.2, 1455.1, 1730, 
1109, 1288, 1641, 1823, 157, 1189, 848, 2209, 1370, 921, 2, 12, 
16, 3, 2, 16, 1, 66, 6, 3, 156, 100, 100, 100, 100, 100, 100, 
100, 100, 100, 100, 100, 2500, 2500, 2500, 2500, 2500, 2500, 
2500, 2500, 2500, 2500, 2500, 43193.023, 44558.746, 64640.35, 
63916.526, 140889.185, 111977.095, 92685.846, 112301.722, 85253.469, 
78828.781, 81415.487, 12.08023, 11.01464, 13.13542, 10.99491, 
10.71383, 4.86203, 14.12936, 10.0378, 5.01994, 3.81934, 8.05539, 
-11.7839, -11.73936, -12.05783, -11.5493, -8.94473, -6.07736, 
-13.05516, -10.6612, -7.7761, -5.41567, -10.37233, 0, 0, 0, 0, 
0, 0, 0, 0, 0, 0, 0, 0, 0, 0, 0, 0, 0, 0, 0, 0, 0, 0, 0.70791, 
0.71999, 0.72521, 0.72525, 0.72042, 0.72226, 0.71831, 0.71865, 
0.71981, 0.71351, 0.71464, 0.71008, 0.71406, 0.71735, 0.7219, 
0.71469, 0.71306, 0.71602, 0.71524, 0.71093, 0.70663, 0.70665, 
1.3352, 1.3903, 2.1204, 2.1769, 3.1055, 1.3086, 3.2724, 3.2912, 
1.797, 1.8848, 2.7638, 693.8, 763.5, 799.5, 888.1, 939.5, 1018.4, 
1065.5, 1176, 1264, 1312.6, 1451.3, 2288, 735, 433, 1837, 623, 
1408, 1705, 27, 327, 1604, 1188, 1, 2, 1, 1, 1, 1, 1, 1, 1, 3, 
1, 100, 100, 100, 100, 100, 100, 100, 100, 100, 100, 100, 2500, 
2500, 2500, 2500, 2500, 2500, 2500, 2500, 2500, 2500, 2500, 45412.887, 
51495.66, 62758.761, 73904.851, 85644.829, 97728.847, 109151.702, 
128715.699, 131540.428, 149466.771, 163830.628, 1, 1, 1, 1, 1, 
1, 1, 1, 1, 1, 1, 0.03846, 0.03846, 0.03846, 0.03846, 0.03846, 
0.03846, 0.03846, 0.03846, 0.03846, 0.03846, 0.03846, 0, 0, 0, 
0, 0, 0, 0, 0, 0, 0, 0, 0, 0, 0, 0, 0, 0, 0, 0, 0, 0, 0, 0.69114, 
0.69494, 0.70462, 0.71073, 0.70436, 0.70917, 0.70426, 0.70283, 
0.70124, 0.70358, 0.70374, 0.69187, 0.69824, 0.70098, 0.70456, 
0.70643, 0.70771, 0.70336, 0.70154, 0.70972, 0.7032, 0.70373, 
0.568, 0.664, 0.7634, 0.8962, 1.0001, 1.1348, 1.2667, 1.3983, 
1.5205, 1.7824, 1.9397, 802.9, 869.1, 927.9, 997.7, 1074.8, 1142.1, 
1211.5, 1282.3, 1347.2, 1428.2, 1505.4, 1, 1, 1, 1, 1, 1, 1, 
1, 1, 1, 1, 1, 1, 1, 1, 1, 1, 1, 1, 1, 1, 1, 1, 1, 1, 1, 1, 1, 
1, 1, 1, 1, 1, 1, 1, 1, 1, 1, 1, 1, 1, 1, 1, 1, 9.862, 10.618, 
11.842, 13.216, 14.38, 15.782, 17.024, 18.523, 18.835, 21.782, 
23.323), .Dim = c(11L, 40L), .Dimnames = list(NULL, c("Sampling", 
"PSO.cost", "PSO.gamma", "PSO.data.balancing", "PSO.feature.selection", 
"PSO.valid.acc", "PSO.test.acc", "PSO.train.time", "PSO.n.support.vectors", 
"PSO.index", "PSO.n.solutions", "PSO.generations", "PSO.n.evaluations", 
"PSO.cpu.time", "RS.cost", "RS.gamma", "RS.data.balancing", "RS.feature.selection", 
"RS.valid.acc", "RS.test.acc", "RS.train.time", "RS.n.support.vectors", 
"RS.index", "RS.n.solutions", "RS.generations", "RS.n.evaluations", 
"RS.cpu.time", "DF.cost", "DF.gamma", "DF.data.balancing", "DF.feature.selection", 
"DF.valid.acc", "DF.test.acc", "DF.train.time", "DF.n.support.vectors", 
"DF.index", "DF.n.solutions", "DF.generations", "DF.n.evaluations", 
"DF.cpu.time")))
