full <-
structure(c(50, 55, 60, 65, 70, 75, 80, 85, 90, 95, 100, 5.50873, 
10.09381, 8.9233, 8.47116, 14.76202, 10.23143, 14.56065, 7.65254, 
8.91394, 8.07447, 15, -6.21228, -11.27466, -8.4293, -10.45487, 
-12.96098, -11.2505, -12.24542, -9.26577, -9.92169, -10.34612, 
-13.56108, 0, 0, 0, 0, 0, 0, 0, 0, 0, 0, 0, 0, 0, 0, 0, 0, 0, 
0, 0, 0, 0, 0, 0.69333, 0.69687, 0.69788, 0.69893, 0.70695, 0.71007, 
0.70874, 0.71138, 0.71533, 0.71237, 0.71322, 0.6788, 0.68766, 
0.69183, 0.69334, 0.69967, 0.70863, 0.70236, 0.70709, 0.71209, 
0.7074, 0.71103, 0.6015, 1.2037, 1.3052, 1.3357, 2.9898, 2.2441, 
4.3038, 1.9781, 2.8382, 2.4074, 4.4709, 729.7, 828.8, 854.4, 
968.9, 977, 1071.5, 1103.2, 1207.1, 1269, 1379.8, 1339.7, 1088, 
643, 488, 573, 1766, 1578, 1192, 1969, 1944, 1419, 2418, 39, 
122, 86, 64, 1, 23, 3, 29, 12, 12, 2, 100, 100, 100, 100, 100, 
100, 100, 100, 100, 100, 100, 2500, 2500, 2500, 2500, 2500, 2500, 
2500, 2500, 2500, 2500, 2500, 32222.107, 41102.185, 47539.278, 
52685.801, 91389.023, 77296.198, 115097.724, 78077.456, 86982.3189999999, 
87215.571, 131011.24, 5.63805, 9.95617, 10.17311, 8.37409, 12.2252, 
9.85882, 12.75034, 7.78095, 8.75438, 8.10657, 13.85466, -6.21444, 
-11.21535, -11.07826, -10.33776, -11.74085, -10.8898, -11.32306, 
-9.34216, -9.89965, -10.26396, -12.90438, 0, 0, 0, 0, 0, 0, 0, 
0, 0, 0, 0, 0, 0, 0, 0, 0, 0, 0, 0, 0, 0, 0, 0.69115, 0.69621, 
0.69667, 0.69837, 0.70539, 0.70958, 0.70783, 0.71096, 0.71412, 
0.71198, 0.7114, 0.67953, 0.68766, 0.69245, 0.69278, 0.69811, 
0.70862, 0.70327, 0.70794, 0.71168, 0.70816, 0.71103, 0.618, 
1.1826, 1.5275, 1.3748, 2.7292, 2.0915, 4.0817, 2.0135, 2.674, 
2.463, 4.5173, 727.2, 827.3, 885.7, 966.6, 991.1, 1076.1, 1108.9, 
1207.4, 1268.8, 1375.4, 1347.2, 263, 1200, 406, 251, 224, 1550, 
2405, 506, 479, 653, 1657, 1, 1, 3, 1, 2, 1, 1, 1, 1, 2, 2, 100, 
100, 100, 100, 100, 100, 100, 100, 100, 100, 100, 2500, 2500, 
2500, 2500, 2500, 2500, 2500, 2500, 2500, 2500, 2500, 41900.383, 
52388.963, 58206.597, 77234.865, 87774.7980000001, 93294.336, 
108299.099, 114928.2, 127787.779, 145330.337, 163524.062, 1, 
1, 1, 1, 1, 1, 1, 1, 1, 1, 1, 0.03846, 0.03846, 0.03846, 0.03846, 
0.03846, 0.03846, 0.03846, 0.03846, 0.03846, 0.03846, 0.03846, 
0, 0, 0, 0, 0, 0, 0, 0, 0, 0, 0, 0, 0, 0, 0, 0, 0, 0, 0, 0, 0, 
0, 0.66943, 0.68305, 0.68097, 0.68548, 0.68982, 0.69264, 0.69374, 
0.69343, 0.70002, 0.70163, 0.70305, 0.6745, 0.68107, 0.68761, 
0.68213, 0.68981, 0.69262, 0.696, 0.69683, 0.69639, 0.70547, 
0.70159, 0.5597, 0.649, 0.7635, 0.9641, 1.0274, 1.1218, 1.2799, 
1.4388, 1.6002, 1.7326, 1.887, 816.5, 891.3, 959.7, 1029, 1097.4, 
1161.7, 1238.9, 1311, 1376.2, 1443.5, 1503.6, 1, 1, 1, 1, 1, 
1, 1, 1, 1, 1, 1, 1, 1, 1, 1, 1, 1, 1, 1, 1, 1, 1, 1, 1, 1, 1, 
1, 1, 1, 1, 1, 1, 1, 1, 1, 1, 1, 1, 1, 1, 1, 1, 1, 1, 9.482, 
10.046, 11.201, 15.654, 16.489, 16.667, 18.834, 18.545, 20.356, 
21.834, 23.18), .Dim = c(11L, 40L), .Dimnames = list(NULL, c("Sampling", 
"PSO.cost", "PSO.gamma", "PSO.data.balancing", "PSO.feature.selection", 
"PSO.valid.acc", "PSO.test.acc", "PSO.train.time", "PSO.n.support.vectors", 
"PSO.index", "PSO.n.solutions", "PSO.generations", "PSO.n.evaluations", 
"PSO.cpu.time", "RS.cost", "RS.gamma", "RS.data.balancing", "RS.feature.selection", 
"RS.valid.acc", "RS.test.acc", "RS.train.time", "RS.n.support.vectors", 
"RS.index", "RS.n.solutions", "RS.generations", "RS.n.evaluations", 
"RS.cpu.time", "DF.cost", "DF.gamma", "DF.data.balancing", "DF.feature.selection", 
"DF.valid.acc", "DF.test.acc", "DF.train.time", "DF.n.support.vectors", 
"DF.index", "DF.n.solutions", "DF.generations", "DF.n.evaluations", 
"DF.cpu.time")))
