full <-
structure(c(50, 55, 60, 65, 70, 75, 80, 85, 90, 95, 100, 14.96153, 
9.61629, 13.26538, 14.31278, 13.66902, 8.92834, 9.8011, 14.98724, 
14.98783, 14.9683, 10.6201, -14.9998, -10.44854, -14.66891, -14.98724, 
-14.97666, -8.55326, -11.54404, -14.81616, -12.23163, -12.29663, 
-12.04896, 0, 0, 0, 0, 0, 0, 0, 0, 0, 0, 0, 0, 0, 0, 0, 0, 0, 
0, 0, 0, 0, 0, 0.71145, 0.71269, 0.71612, 0.71456, 0.71887, 0.70963, 
0.71056, 0.71394, 0.71124, 0.71158, 0.71319, 0.70496, 0.70935, 
0.70945, 0.70952, 0.70849, 0.70478, 0.70965, 0.70923, 0.708, 
0.70432, 0.70629, 0.9432, 1.216, 1.2776, 1.4987, 1.6636, 2.3599, 
2.3025, 2.4569, 5.9921, 6.189, 3.8366, 683, 788.3, 837, 894.3, 
960.8, 1031.7, 1140.2, 1139, 1215.8, 1283, 1405.5, 2068, 900, 
1798, 1789, 1854, 1013, 791, 1529, 2342, 395, 819, 2, 93, 3, 
2, 15, 77, 55, 1, 1, 2, 29, 100, 100, 100, 100, 100, 100, 100, 
100, 100, 100, 100, 2500, 2500, 2500, 2500, 2500, 2500, 2500, 
2500, 2500, 2500, 2500, 32773.456, 44781.657, 42986.949, 48559.598, 
49783.678, 82134.731, 70893.277, 74731.829, 158905.073, 170852.093, 
106962.645, 14.74395, 13.38197, 13.01229, 13.57824, 12.91316, 
10.30628, 9.8936, 14.74965, 14.81323, 13.74189, 10.60331, -14.93756, 
-14.19376, -14.28741, -14.77493, -14.68031, -9.14379, -11.62543, 
-14.73448, -11.6797, -11.38818, -12.07438, 0, 0, 0, 0, 0, 0, 
0, 0, 0, 0, 0, 0, 0, 0, 0, 0, 0, 0, 0, 0, 0, 0, 0.70999, 0.71137, 
0.7149, 0.71344, 0.71731, 0.70818, 0.71011, 0.71179, 0.70882, 
0.7089, 0.71247, 0.70715, 0.712, 0.71066, 0.71008, 0.70901, 0.70672, 
0.70964, 0.70922, 0.7088, 0.70509, 0.70665, 0.9566, 1.2358, 1.3729, 
1.5257, 1.669, 3.3841, 2.3282, 2.3559, 6.6672, 6.385, 3.806, 
685, 765.1, 844.1, 901.5, 969.2, 1027.4, 1134.5, 1144.6, 1215.4, 
1286.1, 1406.1, 2348, 1059, 2497, 408, 705, 117, 1304, 1814, 
2466, 370, 1413, 1, 1, 1, 1, 2, 1, 1, 1, 1, 1, 1, 100, 100, 100, 
100, 100, 100, 100, 100, 100, 100, 100, 2500, 2500, 2500, 2500, 
2500, 2500, 2500, 2500, 2500, 2500, 2500, 42445.802, 48962.08, 
59748.61, 69931.766, 80849.638, 93269.6910000001, 99685.361, 
113816.56, 129212.886, 146820.508, 160045.095, 1, 1, 1, 1, 1, 
1, 1, 1, 1, 1, 1, 0.03846, 0.03846, 0.03846, 0.03846, 0.03846, 
0.03846, 0.03846, 0.03846, 0.03846, 0.03846, 0.03846, 0, 0, 0, 
0, 0, 0, 0, 0, 0, 0, 0, 0, 0, 0, 0, 0, 0, 0, 0, 0, 0, 0, 0.70133, 
0.69482, 0.69794, 0.69832, 0.69759, 0.69657, 0.70327, 0.69811, 
0.69669, 0.69937, 0.7041, 0.69771, 0.69682, 0.704, 0.69944, 0.69966, 
0.69948, 0.69962, 0.70239, 0.6963, 0.69937, 0.70264, 0.5419, 
0.6458, 0.7431, 0.9132, 1.038, 1.2043, 1.3009, 1.3807, 1.5669, 
1.7697, 1.9392, 797.8, 878.1, 950, 1017.6, 1079.4, 1154.2, 1225.9, 
1289.2, 1372.8, 1441.1, 1503.3, 1, 1, 1, 1, 1, 1, 1, 1, 1, 1, 
1, 1, 1, 1, 1, 1, 1, 1, 1, 1, 1, 1, 1, 1, 1, 1, 1, 1, 1, 1, 1, 
1, 1, 1, 1, 1, 1, 1, 1, 1, 1, 1, 1, 1, 8.471, 9.432, 10.55, 12.448, 
13.731, 15.515, 16.387, 17.424, 19.252, 21.417, 23.28), .Dim = c(11L, 
40L), .Dimnames = list(NULL, c("Sampling", "PSO.cost", "PSO.gamma", 
"PSO.data.balancing", "PSO.feature.selection", "PSO.valid.acc", 
"PSO.test.acc", "PSO.train.time", "PSO.n.support.vectors", "PSO.index", 
"PSO.n.solutions", "PSO.generations", "PSO.n.evaluations", "PSO.cpu.time", 
"RS.cost", "RS.gamma", "RS.data.balancing", "RS.feature.selection", 
"RS.valid.acc", "RS.test.acc", "RS.train.time", "RS.n.support.vectors", 
"RS.index", "RS.n.solutions", "RS.generations", "RS.n.evaluations", 
"RS.cpu.time", "DF.cost", "DF.gamma", "DF.data.balancing", "DF.feature.selection", 
"DF.valid.acc", "DF.test.acc", "DF.train.time", "DF.n.support.vectors", 
"DF.index", "DF.n.solutions", "DF.generations", "DF.n.evaluations", 
"DF.cpu.time")))
