full <-
structure(c(50, 55, 60, 65, 70, 75, 80, 85, 90, 95, 100, 9.49086, 
14.98334, 8.26308, 5.21847, 12.58955, 8.92408, 8.30709, 14.7775, 
8.81136, 14.96382, 12.34401, -9.70923, -14.05378, -9.51631, -7.11276, 
-11.06888, -8.98814, -10.0074, -11.4465, -10.2779, -12.69011, 
-11.29474, 0, 0, 0, 0, 0, 0, 0, 0, 0, 0, 0, 0, 0, 0, 0, 0, 0, 
0, 0, 0, 0, 0, 0.70841, 0.7074, 0.71119, 0.70507, 0.71107, 0.71489, 
0.71281, 0.71434, 0.71051, 0.71235, 0.71466, 0.70187, 0.70215, 
0.70454, 0.69443, 0.709, 0.71148, 0.71008, 0.71305, 0.70729, 
0.70736, 0.70776, 0.9926, 1.2746, 1.1453, 0.9761, 3.4139, 2.0098, 
2.039, 6.5758, 2.5606, 5.3095, 6.1414, 711.9, 752.2, 857.2, 934.1, 
970.3, 1039.4, 1145.6, 1146.5, 1282.7, 1288.6, 1356.6, 1993, 
2404, 1054, 2482, 544, 1086, 1930, 1723, 1248, 2374, 1387, 2, 
1, 98, 1, 1, 54, 6, 1, 146, 1, 4, 100, 100, 100, 100, 100, 100, 
100, 100, 100, 100, 100, 2500, 2500, 2500, 2500, 2500, 2500, 
2500, 2500, 2500, 2500, 2500, 47679.533, 41462.68, 37179.821, 
40677.175, 80233.046, 68550.081, 93345.0449999999, 175917.679, 
88690.7960000001, 147853.083, 164608.99, 10.19219, 5.35556, 8.44876, 
5.31275, 11.60865, 8.79026, 12.06665, 8.41587, 9.13629, 14.35892, 
13.21455, -8.72042, -8.12508, -9.51767, -7.16419, -10.57215, 
-8.96531, -11.3426, -7.55476, -10.32785, -12.29221, -11.69613, 
0, 0, 0, 0, 0, 0, 0, 0, 0, 0, 0, 0, 0, 0, 0, 0, 0, 0, 0, 0, 0, 
0, 0.70762, 0.70547, 0.71059, 0.70395, 0.71004, 0.71344, 0.71101, 
0.71304, 0.7105, 0.71082, 0.71357, 0.70185, 0.69884, 0.70333, 
0.69499, 0.70952, 0.71245, 0.70873, 0.70962, 0.7093, 0.70736, 
0.70849, 1.1944, 0.727, 1.1693, 1.0009, 3.1591, 1.9452, 3.8439, 
2.357, 2.789, 5.7608, 5.9826, 698.4, 808.6, 852.8, 933.8, 974.8, 
1040, 1104.3, 1158.1, 1273.8, 1289.9, 1349.2, 1057, 863, 2457, 
1033, 2169, 2099, 864, 1152, 2032, 1966, 1709, 1, 1, 1, 1, 1, 
2, 1, 3, 1, 4, 1, 100, 100, 100, 100, 100, 100, 100, 100, 100, 
100, 100, 2500, 2500, 2500, 2500, 2500, 2500, 2500, 2500, 2500, 
2500, 2500, 39738.724, 46379.128, 56204.211, 63857.712, 78790.2279999999, 
89505.527, 102420.927, 103766.585, 130020.802, 147654.021, 170958.281, 
1, 1, 1, 1, 1, 1, 1, 1, 1, 1, 1, 0.03846, 0.03846, 0.03846, 0.03846, 
0.03846, 0.03846, 0.03846, 0.03846, 0.03846, 0.03846, 0.03846, 
0, 0, 0, 0, 0, 0, 0, 0, 0, 0, 0, 0, 0, 0, 0, 0, 0, 0, 0, 0, 0, 
0, 0.69316, 0.69818, 0.70094, 0.69722, 0.70016, 0.70175, 0.70014, 
0.70109, 0.69999, 0.69896, 0.70158, 0.69684, 0.69884, 0.70033, 
0.69499, 0.70018, 0.70419, 0.69969, 0.7011, 0.70201, 0.69972, 
0.70122, 0.5496, 0.6401, 0.7471, 0.8659, 1.0154, 1.1544, 1.2977, 
1.4383, 1.5544, 1.8279, 1.959, 808, 876.9, 946.8, 1027.7, 1094.6, 
1162.5, 1228.3, 1294.2, 1370.2, 1443.1, 1504.4, 1, 1, 1, 1, 1, 
1, 1, 1, 1, 1, 1, 1, 1, 1, 1, 1, 1, 1, 1, 1, 1, 1, 1, 1, 1, 1, 
1, 1, 1, 1, 1, 1, 1, 1, 1, 1, 1, 1, 1, 1, 1, 1, 1, 1, 8.61, 9.475, 
10.583, 11.839, 14.271, 15.763, 17.471, 18.862, 20.073, 23.066, 
24.516), .Dim = c(11L, 40L), .Dimnames = list(NULL, c("Sampling", 
"PSO.cost", "PSO.gamma", "PSO.data.balancing", "PSO.feature.selection", 
"PSO.valid.acc", "PSO.test.acc", "PSO.train.time", "PSO.n.support.vectors", 
"PSO.index", "PSO.n.solutions", "PSO.generations", "PSO.n.evaluations", 
"PSO.cpu.time", "RS.cost", "RS.gamma", "RS.data.balancing", "RS.feature.selection", 
"RS.valid.acc", "RS.test.acc", "RS.train.time", "RS.n.support.vectors", 
"RS.index", "RS.n.solutions", "RS.generations", "RS.n.evaluations", 
"RS.cpu.time", "DF.cost", "DF.gamma", "DF.data.balancing", "DF.feature.selection", 
"DF.valid.acc", "DF.test.acc", "DF.train.time", "DF.n.support.vectors", 
"DF.index", "DF.n.solutions", "DF.generations", "DF.n.evaluations", 
"DF.cpu.time")))
