full <-
structure(c(50, 55, 60, 65, 70, 75, 80, 85, 90, 95, 100, 10.1927, 
14.08353, 11.92214, 14.2903, 8.20924, 13.38519, 5.95422, 6.56248, 
7.17043, 14.72908, 13.02793, -12.08337, -10.75524, -11.18088, 
-12.5594, -11.0761, -12.06805, -8.26359, -7.10974, -10.00909, 
-13.33058, -11.79548, 0, 0, 0, 0, 0, 0, 0, 0, 0, 0, 0, 0, 0, 
0, 0, 0, 0, 0, 0, 0, 0, 0, 0.70643, 0.7047, 0.69794, 0.7034, 
0.71222, 0.71202, 0.71597, 0.71009, 0.7105, 0.71081, 0.71612, 
0.70063, 0.69343, 0.69188, 0.70007, 0.70652, 0.70912, 0.71416, 
0.70666, 0.70725, 0.70813, 0.70848, 0.9231, 3.1896, 2.0925, 2.3261, 
1.2633, 2.8438, 1.4661, 1.9163, 2.007, 4.224, 6.0021, 766.4, 
781.9, 865.1, 898.3, 1058.5, 1025, 1159, 1184.4, 1331.8, 1278.1, 
1357.3, 2195, 1678, 1275, 2086, 843, 357, 909, 1309, 743, 1997, 
1272, 2, 3, 4, 3, 187, 3, 45, 25, 182, 1, 1, 100, 100, 100, 100, 
100, 100, 100, 100, 100, 100, 100, 2500, 2500, 2500, 2500, 2500, 
2500, 2500, 2500, 2500, 2500, 2500, 37338.542, 62118.806, 62870.354, 
68475.287, 45726.875, 74063.547, 58432.421, 67032.839, 71812.3459999999, 
125196.695, 165956.171, 5.56067, 11.57889, 13.1216, 14.64884, 
7.64603, 11.03373, 9.5107, 9.01919, 7.19511, 11.37872, 12.42659, 
-5.81381, -9.34605, -11.81305, -12.72959, -10.51925, -10.79457, 
-9.74974, -9.33787, -9.88017, -11.6006, -11.47697, 0, 0, 0, 0, 
0, 0, 0, 0, 0, 0, 0, 0, 0, 0, 0, 0, 0, 0, 0, 0, 0, 0, 0.70498, 
0.70337, 0.69672, 0.70171, 0.71066, 0.71155, 0.71462, 0.70967, 
0.70888, 0.70927, 0.71612, 0.70136, 0.68947, 0.69128, 0.70007, 
0.70704, 0.70864, 0.71053, 0.71222, 0.70685, 0.70851, 0.70921, 
0.6235, 2.0676, 2.1394, 2.4121, 1.2083, 2.5049, 2.4177, 2.521, 
2.0115, 4.431, 5.9619, 724.1, 787.3, 853.9, 897.6, 1047.8, 1042.9, 
1125.3, 1198.6, 1325.1, 1308.3, 1359.9, 1609, 610, 1394, 1504, 
1870, 307, 953, 2451, 1565, 887, 2469, 1, 1, 1, 1, 2, 1, 1, 1, 
1, 1, 1, 100, 100, 100, 100, 100, 100, 100, 100, 100, 100, 100, 
2500, 2500, 2500, 2500, 2500, 2500, 2500, 2500, 2500, 2500, 2500, 
44796.418, 50644.575, 58679.85, 67955.308, 72576.1960000001, 
88639.478, 106387.312, 122160.597, 137101.747, 158841.099, 175641.446, 
1, 1, 1, 1, 1, 1, 1, 1, 1, 1, 1, 0.03846, 0.03846, 0.03846, 0.03846, 
0.03846, 0.03846, 0.03846, 0.03846, 0.03846, 0.03846, 0.03846, 
0, 0, 0, 0, 0, 0, 0, 0, 0, 0, 0, 0, 0, 0, 0, 0, 0, 0, 0, 0, 0, 
0, 0.68245, 0.6889, 0.67804, 0.68441, 0.69662, 0.69846, 0.70145, 
0.69813, 0.69878, 0.69896, 0.70086, 0.68681, 0.68889, 0.67864, 
0.69504, 0.69662, 0.70039, 0.70193, 0.7007, 0.69719, 0.70126, 
0.7005, 0.5375, 0.6605, 0.7791, 0.8861, 0.9702, 1.1094, 1.2633, 
1.458, 1.679, 1.7492, 1.9685, 819.4, 890.6, 963.3, 1028.6, 1088.2, 
1157.4, 1231.1, 1308.9, 1372.7, 1438.7, 1500, 1, 1, 1, 1, 1, 
1, 1, 1, 1, 1, 1, 1, 1, 1, 1, 1, 1, 1, 1, 1, 1, 1, 1, 1, 1, 1, 
1, 1, 1, 1, 1, 1, 1, 1, 1, 1, 1, 1, 1, 1, 1, 1, 1, 1, 8.827, 
9.872, 11.124, 12.257, 13.025, 14.705, 16.172, 18.515, 22.074, 
22.373, 24.679), .Dim = c(11L, 40L), .Dimnames = list(NULL, c("Sampling", 
"PSO.cost", "PSO.gamma", "PSO.data.balancing", "PSO.feature.selection", 
"PSO.valid.acc", "PSO.test.acc", "PSO.train.time", "PSO.n.support.vectors", 
"PSO.index", "PSO.n.solutions", "PSO.generations", "PSO.n.evaluations", 
"PSO.cpu.time", "RS.cost", "RS.gamma", "RS.data.balancing", "RS.feature.selection", 
"RS.valid.acc", "RS.test.acc", "RS.train.time", "RS.n.support.vectors", 
"RS.index", "RS.n.solutions", "RS.generations", "RS.n.evaluations", 
"RS.cpu.time", "DF.cost", "DF.gamma", "DF.data.balancing", "DF.feature.selection", 
"DF.valid.acc", "DF.test.acc", "DF.train.time", "DF.n.support.vectors", 
"DF.index", "DF.n.solutions", "DF.generations", "DF.n.evaluations", 
"DF.cpu.time")))
