full <-
structure(c(50, 55, 60, 65, 70, 75, 80, 85, 90, 95, 100, 3.74154, 
3.34559, 5.15873, 8.54696, 9.89691, 3.57941, 11.04329, 4.48568, 
10.9325, 14.98586, 11.16281, -8.28464, -4.45149, -5.77383, -10.08483, 
-10.91433, -4.98457, -10.13985, -6.97882, -8.8779, -15, -10.69118, 
0, 0, 0, 0, 0, 0, 0, 0, 0, 0, 0, 0, 0, 0, 0, 0, 0, 0, 0, 0, 0, 
0, 0.69766, 0.71069, 0.70949, 0.7061, 0.71007, 0.71008, 0.70513, 
0.70754, 0.71491, 0.70892, 0.7107, 0.6926, 0.70276, 0.70402, 
0.70108, 0.71113, 0.70283, 0.70509, 0.70028, 0.70687, 0.70434, 
0.70634, 0.5508, 0.6291, 0.8127, 1.2733, 1.8026, 1.1295, 3.722, 
1.6455, 4.7726, 2.7422, 5.5701, 791.1, 796.1, 847.8, 931, 985.4, 
1046.4, 1094.8, 1196.8, 1207.6, 1280.2, 1364.1, 1258, 892, 1991, 
824, 1746, 885, 399, 2081, 1357, 253, 664, 58, 341, 7, 105, 34, 
82, 21, 23, 12, 54, 20, 100, 100, 100, 100, 100, 100, 100, 100, 
100, 100, 100, 2500, 2500, 2500, 2500, 2500, 2500, 2500, 2500, 
2500, 2500, 2500, 26218.339, 24507.28, 31029.536, 41796.129, 
54094.613, 51423.769, 110251.371, 61268.55, 141347.532, 94258.4910000002, 
135601.928, 3.73705, 3.31718, 5.7166, 3.40838, 9.28566, 3.36873, 
11.19175, 5.04281, 14.29249, 1.29016, 12.12632, -8.28515, -4.48846, 
-6.03373, -4.90375, -11.22191, -4.90406, -10.19806, -7.16912, 
-12.02442, -2.95958, -11.11604, 0, 0, 0, 0, 0, 0, 0, 0, 0, 0, 
0, 0, 0, 0, 0, 0, 0, 0, 0, 0, 0, 0, 0.69766, 0.70937, 0.70827, 
0.70502, 0.70853, 0.7091, 0.70467, 0.70584, 0.7137, 0.70892, 
0.70961, 0.69188, 0.70341, 0.70463, 0.70558, 0.71059, 0.70331, 
0.70554, 0.70028, 0.70525, 0.70128, 0.7067, 0.5594, 0.6335, 0.8427, 
0.894, 1.4965, 1.1716, 3.9131, 1.6823, 5.2034, 1.7772, 6.3913, 
791.4, 796.1, 846.1, 932, 1006.8, 1049.7, 1093.4, 1191.1, 1212.9, 
1410.9, 1354.9, 80, 911, 1169, 216, 1825, 1188, 872, 558, 1456, 
704, 1848, 1, 1, 1, 1, 2, 1, 1, 1, 1, 1, 1, 100, 100, 100, 100, 
100, 100, 100, 100, 100, 100, 100, 2500, 2500, 2500, 2500, 2500, 
2500, 2500, 2500, 2500, 2500, 2500, 41132.925, 49940.666, 59111.952, 
70735.549, 82039.785, 94412.259, 111184.028, 132279.266, 120498.529, 
143242.545, 161091.456, 1, 1, 1, 1, 1, 1, 1, 1, 1, 1, 1, 0.03846, 
0.03846, 0.03846, 0.03846, 0.03846, 0.03846, 0.03846, 0.03846, 
0.03846, 0.03846, 0.03846, 0, 0, 0, 0, 0, 0, 0, 0, 0, 0, 0, 0, 
0, 0, 0, 0, 0, 0, 0, 0, 0, 0, 0.68607, 0.69946, 0.70037, 0.69778, 
0.70648, 0.6999, 0.69922, 0.70198, 0.70645, 0.69859, 0.69906, 
0.68972, 0.69486, 0.70461, 0.69834, 0.70233, 0.6999, 0.69875, 
0.696, 0.70365, 0.70203, 0.69796, 0.5273, 0.6574, 0.7234, 0.8733, 
0.9661, 1.1255, 1.3147, 1.4566, 1.5392, 1.7256, 1.941, 799.8, 
867.7, 938.1, 1010.4, 1072.7, 1137.9, 1217.1, 1291.3, 1353.6, 
1432, 1501.2, 1, 1, 1, 1, 1, 1, 1, 1, 1, 1, 1, 1, 1, 1, 1, 1, 
1, 1, 1, 1, 1, 1, 1, 1, 1, 1, 1, 1, 1, 1, 1, 1, 1, 1, 1, 1, 1, 
1, 1, 1, 1, 1, 1, 1, 8.215, 9.712, 10.389, 12.045, 12.98, 14.657, 
16.704, 18.205, 19.038, 21.804, 23.369), .Dim = c(11L, 40L), .Dimnames = list(
    NULL, c("Sampling", "PSO.cost", "PSO.gamma", "PSO.data.balancing", 
    "PSO.feature.selection", "PSO.valid.acc", "PSO.test.acc", 
    "PSO.train.time", "PSO.n.support.vectors", "PSO.index", "PSO.n.solutions", 
    "PSO.generations", "PSO.n.evaluations", "PSO.cpu.time", "RS.cost", 
    "RS.gamma", "RS.data.balancing", "RS.feature.selection", 
    "RS.valid.acc", "RS.test.acc", "RS.train.time", "RS.n.support.vectors", 
    "RS.index", "RS.n.solutions", "RS.generations", "RS.n.evaluations", 
    "RS.cpu.time", "DF.cost", "DF.gamma", "DF.data.balancing", 
    "DF.feature.selection", "DF.valid.acc", "DF.test.acc", "DF.train.time", 
    "DF.n.support.vectors", "DF.index", "DF.n.solutions", "DF.generations", 
    "DF.n.evaluations", "DF.cpu.time")))
