full <-
structure(c(50, 55, 60, 65, 70, 75, 80, 85, 90, 95, 100, 8.60533, 
3.19526, 14.2759, 3.56657, 9.37615, 14.65006, 10.02759, 14.05952, 
10.13161, 10.21333, 14.96418, -10.4394, -5.61421, -11.70943, 
-5.44106, -11.20555, -15, -10.70272, -14.79266, -11.75027, -11.13777, 
-12.12079, 0, 0, 0, 0, 0, 0, 0, 0, 0, 0, 0, 0, 0, 0, 0, 0, 0, 
0, 0, 0, 0, 0, 0.69985, 0.70542, 0.71486, 0.71342, 0.71006, 0.71542, 
0.71371, 0.71648, 0.7137, 0.71657, 0.7157, 0.6933, 0.6975, 0.71187, 
0.70451, 0.70227, 0.71397, 0.71234, 0.70922, 0.71333, 0.71198, 
0.70988, 0.7613, 0.6948, 2.9925, 0.9576, 1.717, 1.845, 2.8728, 
2.3172, 3.118, 3.8732, 7.2257, 740.9, 803.5, 812, 918.7, 1029.5, 
1020.5, 1131.3, 1149, 1303.3, 1336.5, 1341.4, 396, 718, 1819, 
2436, 2026, 1563, 1673, 1300, 1328, 455, 1347, 133, 308, 3, 66, 
11, 4, 16, 12, 9, 425, 2, 100, 100, 100, 100, 100, 100, 100, 
100, 100, 100, 100, 2500, 2500, 2500, 2500, 2500, 2500, 2500, 
2500, 2500, 2500, 2500, 36320.72, 27293.924, 83278.119, 40874.497, 
65313.842, 58678.192, 75688.121, 81097.362, 89715.8999999999, 
109210.064, 169318.23, 10.85506, 3.20596, 12.69096, 3.48541, 
10.3883, 14.8026, 7.47082, 12.14914, 5.06535, 10.25031, 11.11932, 
-11.9812, -5.37453, -10.86656, -5.36303, -12.26433, -13.98906, 
-8.29629, -13.29425, -7.18678, -11.23109, -10.39688, 0, 0, 0, 
0, 0, 0, 0, 0, 0, 0, 0, 0, 0, 0, 0, 0, 0, 0, 0, 0, 0, 0, 0.69983, 
0.70344, 0.71486, 0.71341, 0.70902, 0.71397, 0.71323, 0.71605, 
0.7129, 0.71581, 0.71425, 0.69476, 0.69749, 0.71127, 0.70284, 
0.70174, 0.71252, 0.70642, 0.7105, 0.71129, 0.71122, 0.7106, 
1.0793, 0.7032, 2.9649, 0.9457, 1.7085, 2.3814, 1.883, 2.7549, 
1.8211, 3.7746, 6.119, 728.9, 801.8, 817.5, 920.9, 1029.4, 1018.3, 
1108.2, 1176, 1256.6, 1339.6, 1362.2, 434, 193, 2274, 2307, 252, 
2295, 1283, 1005, 817, 109, 2166, 1, 4, 1, 1, 3, 3, 1, 2, 1, 
1, 1, 100, 100, 100, 100, 100, 100, 100, 100, 100, 100, 100, 
2500, 2500, 2500, 2500, 2500, 2500, 2500, 2500, 2500, 2500, 2500, 
41661.225, 52091.201, 60395.93, 71699.783, 78362.2550000001, 
86552.089, 103589.572, 115489.406, 136834.462, 149960.089, 168405.552, 
1, 1, 1, 1, 1, 1, 1, 1, 1, 1, 1, 0.03846, 0.03846, 0.03846, 0.03846, 
0.03846, 0.03846, 0.03846, 0.03846, 0.03846, 0.03846, 0.03846, 
0, 0, 0, 0, 0, 0, 0, 0, 0, 0, 0, 0, 0, 0, 0, 0, 0, 0, 0, 0, 0, 
0, 0.68961, 0.69355, 0.70277, 0.70336, 0.70175, 0.70474, 0.70554, 
0.7105, 0.70604, 0.70052, 0.70371, 0.694, 0.69222, 0.70095, 0.70282, 
0.70279, 0.70281, 0.70416, 0.70795, 0.70484, 0.70281, 0.70153, 
0.5583, 0.6735, 0.7896, 0.9067, 0.9747, 1.1518, 1.2827, 1.4203, 
1.6001, 1.7244, 1.9143, 804.8, 877.2, 938, 1009.8, 1092.2, 1156.2, 
1220.3, 1282.2, 1361, 1435.4, 1503.8, 1, 1, 1, 1, 1, 1, 1, 1, 
1, 1, 1, 1, 1, 1, 1, 1, 1, 1, 1, 1, 1, 1, 1, 1, 1, 1, 1, 1, 1, 
1, 1, 1, 1, 1, 1, 1, 1, 1, 1, 1, 1, 1, 1, 1, 8.775, 11.351, 12.167, 
13.802, 13.223, 15.197, 16.392, 17.904, 19.812, 22.021, 23.848
), .Dim = c(11L, 40L), .Dimnames = list(NULL, c("Sampling", "PSO.cost", 
"PSO.gamma", "PSO.data.balancing", "PSO.feature.selection", "PSO.valid.acc", 
"PSO.test.acc", "PSO.train.time", "PSO.n.support.vectors", "PSO.index", 
"PSO.n.solutions", "PSO.generations", "PSO.n.evaluations", "PSO.cpu.time", 
"RS.cost", "RS.gamma", "RS.data.balancing", "RS.feature.selection", 
"RS.valid.acc", "RS.test.acc", "RS.train.time", "RS.n.support.vectors", 
"RS.index", "RS.n.solutions", "RS.generations", "RS.n.evaluations", 
"RS.cpu.time", "DF.cost", "DF.gamma", "DF.data.balancing", "DF.feature.selection", 
"DF.valid.acc", "DF.test.acc", "DF.train.time", "DF.n.support.vectors", 
"DF.index", "DF.n.solutions", "DF.generations", "DF.n.evaluations", 
"DF.cpu.time")))
