full <-
structure(c(50, 55, 60, 65, 70, 75, 80, 85, 90, 95, 100, 12.86019, 
13.50885, 5.06318, 15, 15, 8.16528, 14.70344, 15, 13.96967, 13.40402, 
12.01644, -13.85013, -12.86997, -8.75612, -13.65656, -11.30281, 
-9.74369, -14.94292, -14.09957, -14.57192, -11.34666, -14.59766, 
0, 0, 0, 0, 0, 0, 0, 0, 0, 0, 0, 0, 0, 0, 0, 0, 0, 0, 0, 0, 0, 
0, 0.7056, 0.70412, 0.70095, 0.70119, 0.71317, 0.70416, 0.71188, 
0.71351, 0.71613, 0.7158, 0.70955, 0.69978, 0.69751, 0.69307, 
0.6995, 0.70638, 0.70129, 0.71096, 0.7041, 0.71451, 0.70512, 
0.70773, 1.0223, 1.5856, 0.8495, 2.0837, 5.0006, 1.6398, 2.0808, 
2.7394, 2.5589, 6.5825, 2.8373, 702.7, 770.6, 916.1, 885.8, 948, 
1073.2, 1085.9, 1136.8, 1208.1, 1278, 1407.8, 1377, 819, 2359, 
1259, 1388, 1488, 2410, 2008, 2078, 2236, 2063, 17, 5, 1, 1, 
1, 17, 1, 1, 3, 1, 33, 100, 100, 100, 100, 100, 100, 100, 100, 
100, 100, 100, 2500, 2500, 2500, 2500, 2500, 2500, 2500, 2500, 
2500, 2500, 2500, 32149.697, 46567.015, 32669.373, 67817.034, 
123374.02, 55363.8289999999, 82844.1329999999, 81675.5480000001, 
84838.8910000001, 148420.203, 87008.2929999998, 12.72801, 3.05268, 
4.52002, 3.76594, 5.31403, 2.31386, 5.94008, 8.546, 13.01518, 
9.59916, 9.25566, -14.64058, -7.33361, -8.1625, -3.84944, -6.2252, 
-4.94374, -7.48493, -10.20125, -13.98791, -9.42719, -9.69987, 
0, 0, 0, 0, 0, 0, 0, 0, 0, 0, 0, 0, 0, 0, 0, 0, 0, 0, 0, 0, 0, 
0, 0.70487, 0.70348, 0.69975, 0.70177, 0.71211, 0.70272, 0.71187, 
0.71349, 0.71572, 0.71427, 0.70919, 0.6998, 0.70149, 0.69428, 
0.69617, 0.70794, 0.69888, 0.7087, 0.70537, 0.7133, 0.7078, 0.70083, 
0.8954, 0.7033, 0.8434, 0.9308, 1.1191, 1.1529, 1.5175, 2.0344, 
2.6775, 4.1737, 3.8165, 707.9, 856, 906.1, 950.4, 974.3, 1082.7, 
1123.9, 1207.5, 1220.3, 1308.8, 1385.5, 893, 1340, 2131, 655, 
1149, 1865, 282, 2031, 621, 2100, 239, 1, 1, 1, 2, 1, 3, 1, 1, 
1, 3, 3, 100, 100, 100, 100, 100, 100, 100, 100, 100, 100, 100, 
2500, 2500, 2500, 2500, 2500, 2500, 2500, 2500, 2500, 2500, 2500, 
42713.591, 50566.583, 60339.719, 72769.251, 78184.978, 81462.338, 
97623.423, 112567.26, 133455.433, 134050.234, 167524.845, 1, 
1, 1, 1, 1, 1, 1, 1, 1, 1, 1, 0.03846, 0.03846, 0.03846, 0.03846, 
0.03846, 0.03846, 0.03846, 0.03846, 0.03846, 0.03846, 0.03846, 
0, 0, 0, 0, 0, 0, 0, 0, 0, 0, 0, 0, 0, 0, 0, 0, 0, 0, 0, 0, 0, 
0, 0.69256, 0.68959, 0.68999, 0.69332, 0.69819, 0.69399, 0.7005, 
0.7016, 0.70524, 0.7028, 0.70121, 0.69694, 0.69754, 0.69304, 
0.69109, 0.69921, 0.6935, 0.70187, 0.70244, 0.70403, 0.69975, 
0.69976, 0.3792, 0.6722, 0.7731, 0.8915, 0.6774, 1.1505, 1.3032, 
1.4102, 1.5484, 1.4785, 1.9069, 804.1, 885.6, 954.7, 1025.2, 
1083.3, 1159.3, 1230.2, 1293.7, 1365.2, 1442.1, 1509, 1, 1, 1, 
1, 1, 1, 1, 1, 1, 1, 1, 1, 1, 1, 1, 1, 1, 1, 1, 1, 1, 1, 1, 1, 
1, 1, 1, 1, 1, 1, 1, 1, 1, 1, 1, 1, 1, 1, 1, 1, 1, 1, 1, 1, 6.695, 
10.092, 11.029, 12.339, 9.626, 15.04, 17.026, 18.069, 19.333, 
18.139, 23.215), .Dim = c(11L, 40L), .Dimnames = list(NULL, c("Sampling", 
"PSO.cost", "PSO.gamma", "PSO.data.balancing", "PSO.feature.selection", 
"PSO.valid.acc", "PSO.test.acc", "PSO.train.time", "PSO.n.support.vectors", 
"PSO.index", "PSO.n.solutions", "PSO.generations", "PSO.n.evaluations", 
"PSO.cpu.time", "RS.cost", "RS.gamma", "RS.data.balancing", "RS.feature.selection", 
"RS.valid.acc", "RS.test.acc", "RS.train.time", "RS.n.support.vectors", 
"RS.index", "RS.n.solutions", "RS.generations", "RS.n.evaluations", 
"RS.cpu.time", "DF.cost", "DF.gamma", "DF.data.balancing", "DF.feature.selection", 
"DF.valid.acc", "DF.test.acc", "DF.train.time", "DF.n.support.vectors", 
"DF.index", "DF.n.solutions", "DF.generations", "DF.n.evaluations", 
"DF.cpu.time")))
