full <-
structure(c(50, 55, 60, 65, 70, 75, 80, 85, 90, 95, 100, 14.08832, 
13.81555, 9.08682, 10.32303, 12.57214, 10.58815, 14.96548, 12.54829, 
11.69362, 12.91588, 12.6993, -14.37142, -12.93678, -9.80054, 
-11.16271, -11.54701, -11.56862, -13.63268, -12.74286, -11.62982, 
-14.0212, -11.52784, 0, 0, 0, 0, 0, 0, 0, 0, 0, 0, 0, 0, 0, 0, 
0, 0, 0, 0, 0, 0, 0, 0, 0.7216, 0.71396, 0.71736, 0.7195, 0.71738, 
0.71252, 0.7128, 0.70879, 0.71613, 0.71201, 0.71538, 0.72015, 
0.71199, 0.71859, 0.72008, 0.71271, 0.70913, 0.70963, 0.70282, 
0.71207, 0.70857, 0.71065, 0.9527, 1.5565, 1.2502, 1.7082, 2.8873, 
2.3586, 2.9701, 3.184, 4.0008, 2.9659, 5.9103, 663.8, 733.4, 
812.2, 891.4, 950.4, 1055.1, 1073.9, 1162.7, 1233.7, 1304.7, 
1347.8, 609, 1125, 1286, 819, 1330, 416, 2195, 485, 1684, 1263, 
1747, 80, 1, 37, 101, 13, 170, 5, 176, 4, 2, 1, 100, 100, 100, 
100, 100, 100, 100, 100, 100, 100, 100, 2500, 2500, 2500, 2500, 
2500, 2500, 2500, 2500, 2500, 2500, 2500, 32389.116, 46226.218, 
46214.86, 51155.812, 83037.954, 74181.89, 85267.198, 91001.1189999999, 
113747.387, 100462.832, 146861.013, 13.77386, 12.2, 14.73025, 
10.43176, 12.42199, 10.63312, 13.46967, 12.79635, 9.67962, 14.32453, 
13.00005, -14.36295, -14.75853, -12.10165, -11.17442, -11.50904, 
-11.38375, -12.85764, -12.97111, -11.68541, -9.9346, -11.67079, 
0, 0, 0, 0, 0, 0, 0, 0, 0, 0, 0, 0, 0, 0, 0, 0, 0, 0, 0, 0, 0, 
0, 0.72015, 0.71265, 0.71735, 0.71893, 0.71582, 0.71252, 0.71143, 
0.70837, 0.7145, 0.71124, 0.71465, 0.72015, 0.70872, 0.71313, 
0.72064, 0.7127, 0.7096, 0.70827, 0.70325, 0.71046, 0.70435, 
0.71137, 0.8882, 0.9401, 2.5489, 1.7741, 2.8046, 2.5421, 3.0419, 
3.0445, 2.6482, 12.5792, 5.7546, 670.5, 782.6, 785.5, 891.6, 
948.8, 1047.4, 1082, 1162.7, 1299.6, 1274, 1352.1, 803, 1976, 
349, 730, 190, 137, 42, 715, 1838, 1240, 1461, 6, 1, 1, 1, 4, 
2, 1, 1, 1, 1, 1, 100, 100, 100, 100, 100, 100, 100, 100, 100, 
100, 100, 2500, 2500, 2500, 2500, 2500, 2500, 2500, 2500, 2500, 
2500, 2500, 38835.4, 48398.389, 54931.328, 68888.531, 78141.352, 
93434.3590000001, 106856.553, 118136.962, 125959.063, 144990.781, 
158944.908, 1, 1, 1, 1, 1, 1, 1, 1, 1, 1, 1, 0.03846, 0.03846, 
0.03846, 0.03846, 0.03846, 0.03846, 0.03846, 0.03846, 0.03846, 
0.03846, 0.03846, 0, 0, 0, 0, 0, 0, 0, 0, 0, 0, 0, 0, 0, 0, 0, 
0, 0, 0, 0, 0, 0, 0, 0.70277, 0.70345, 0.70585, 0.70554, 0.69866, 
0.69845, 0.69828, 0.69725, 0.69839, 0.69901, 0.70519, 0.70424, 
0.7028, 0.70585, 0.71057, 0.69969, 0.70379, 0.69965, 0.69597, 
0.69839, 0.70206, 0.7052, 0.5349, 0.6252, 0.7325, 0.8406, 1.0202, 
1.183, 1.2721, 1.4234, 1.5734, 1.7648, 1.8761, 784, 859.3, 922.1, 
997.1, 1085.6, 1157.9, 1232.7, 1303.7, 1374.1, 1444.3, 1503.9, 
1, 1, 1, 1, 1, 1, 1, 1, 1, 1, 1, 1, 1, 1, 1, 1, 1, 1, 1, 1, 1, 
1, 1, 1, 1, 1, 1, 1, 1, 1, 1, 1, 1, 1, 1, 1, 1, 1, 1, 1, 1, 1, 
1, 1, 8.415, 9.347, 10.445, 12.55, 14.258, 16.062, 17.052, 18.705, 
20.405, 21.377, 23.512), .Dim = c(11L, 40L), .Dimnames = list(
    NULL, c("Sampling", "PSO.cost", "PSO.gamma", "PSO.data.balancing", 
    "PSO.feature.selection", "PSO.valid.acc", "PSO.test.acc", 
    "PSO.train.time", "PSO.n.support.vectors", "PSO.index", "PSO.n.solutions", 
    "PSO.generations", "PSO.n.evaluations", "PSO.cpu.time", "RS.cost", 
    "RS.gamma", "RS.data.balancing", "RS.feature.selection", 
    "RS.valid.acc", "RS.test.acc", "RS.train.time", "RS.n.support.vectors", 
    "RS.index", "RS.n.solutions", "RS.generations", "RS.n.evaluations", 
    "RS.cpu.time", "DF.cost", "DF.gamma", "DF.data.balancing", 
    "DF.feature.selection", "DF.valid.acc", "DF.test.acc", "DF.train.time", 
    "DF.n.support.vectors", "DF.index", "DF.n.solutions", "DF.generations", 
    "DF.n.evaluations", "DF.cpu.time")))
