full <-
structure(c(50, 55, 60, 65, 70, 75, 80, 85, 90, 95, 100, 11.8076, 
12.34821, 0.05466, 2.71485, 2.59611, 13.9689, 12.88609, 13.58701, 
15, 15, 8.44872, -12.67789, -11.25514, -3.08153, -5.64989, -6.04263, 
-14.95251, -10.89478, -14.31747, -11.9974, -11.17111, -9.1076, 
0, 0, 0, 0, 0, 0, 0, 0, 0, 0, 0, 0, 0, 0, 0, 0, 0, 0, 0, 0, 0, 
0, 0.69554, 0.70018, 0.70521, 0.70668, 0.70898, 0.71107, 0.72003, 
0.70967, 0.70928, 0.71542, 0.71393, 0.68829, 0.69088, 0.69433, 
0.70166, 0.69757, 0.7043, 0.71006, 0.7041, 0.70847, 0.70969, 
0.70629, 1.1012, 1.7471, 0.7872, 0.8946, 0.9921, 1.874, 4.443, 
2.4476, 6.2458, 9.4571, 3.3669, 727, 782.2, 942.5, 945, 1023.3, 
1036.4, 1086.3, 1168.3, 1224.4, 1280, 1380.8, 511, 978, 1832, 
1883, 1269, 376, 821, 2069, 2173, 2246, 1657, 12, 3, 69, 6, 24, 
84, 1, 2, 2, 1, 3, 100, 100, 100, 100, 100, 100, 100, 100, 100, 
100, 100, 2500, 2500, 2500, 2500, 2500, 2500, 2500, 2500, 2500, 
2500, 2500, 38173.085, 55552.531, 30654.712, 37517.072, 37370.58, 
63417.6459999999, 124326.493, 74773.432, 132057.232, 185612.827, 
99172.79, 3.12443, 14.78266, 0.63284, 2.95466, 2.98747, 13.23855, 
13.99444, 13.16575, 6.35968, 8.30682, 8.26035, -3.63503, -12.63459, 
-3.93447, -5.92618, -6.20948, -14.47773, -11.31405, -13.67471, 
-8.49501, -8.62504, -9.06256, 0, 0, 0, 0, 0, 0, 0, 0, 0, 0, 0, 
0, 0, 0, 0, 0, 0, 0, 0, 0, 0, 0, 0.69482, 0.69823, 0.70339, 0.70557, 
0.70743, 0.7101, 0.71867, 0.70924, 0.71009, 0.71465, 0.71319, 
0.68387, 0.69156, 0.69553, 0.70055, 0.6955, 0.70236, 0.71233, 
0.70538, 0.70404, 0.7074, 0.70557, 0.5742, 2.0057, 0.7609, 0.8913, 
1.0246, 1.9107, 4.8683, 2.6878, 2.0615, 3.0734, 3.2485, 757.9, 
774.8, 920.8, 943.4, 1016.5, 1043.5, 1080.3, 1172.4, 1282.9, 
1306.7, 1381.9, 220, 649, 1802, 1211, 618, 2495, 1096, 638, 909, 
669, 1935, 3, 1, 2, 1, 2, 5, 4, 2, 2, 1, 2, 100, 100, 100, 100, 
100, 100, 100, 100, 100, 100, 100, 2500, 2500, 2500, 2500, 2500, 
2500, 2500, 2500, 2500, 2500, 2500, 43125.194, 51958.878, 57902.326, 
71651.025, 80502.607, 97985.855, 103495.577, 116929.628, 134660.589, 
146278.099, 161682.345, 1, 1, 1, 1, 1, 1, 1, 1, 1, 1, 1, 0.03846, 
0.03846, 0.03846, 0.03846, 0.03846, 0.03846, 0.03846, 0.03846, 
0.03846, 0.03846, 0.03846, 0, 0, 0, 0, 0, 0, 0, 0, 0, 0, 0, 0, 
0, 0, 0, 0, 0, 0, 0, 0, 0, 0, 0.68392, 0.68626, 0.69371, 0.69776, 
0.70017, 0.70138, 0.70325, 0.70281, 0.6984, 0.70015, 0.69828, 
0.68462, 0.69153, 0.69553, 0.69387, 0.6981, 0.70138, 0.70098, 
0.70537, 0.70363, 0.70053, 0.69865, 0.5494, 0.6644, 0.7728, 0.8556, 
0.9828, 1.1636, 1.2657, 1.4338, 1.6116, 1.7935, 1.9759, 812.8, 
878.8, 945.7, 1015.2, 1085.9, 1159.6, 1215.7, 1295.2, 1369.9, 
1433.7, 1501.8, 1, 1, 1, 1, 1, 1, 1, 1, 1, 1, 1, 1, 1, 1, 1, 
1, 1, 1, 1, 1, 1, 1, 1, 1, 1, 1, 1, 1, 1, 1, 1, 1, 1, 1, 1, 1, 
1, 1, 1, 1, 1, 1, 1, 1, 8.752, 9.997, 11.121, 12.183, 13.631, 
15.53, 16.436, 18.336, 20.011, 22.01, 23.769), .Dim = c(11L, 
40L), .Dimnames = list(NULL, c("Sampling", "PSO.cost", "PSO.gamma", 
"PSO.data.balancing", "PSO.feature.selection", "PSO.valid.acc", 
"PSO.test.acc", "PSO.train.time", "PSO.n.support.vectors", "PSO.index", 
"PSO.n.solutions", "PSO.generations", "PSO.n.evaluations", "PSO.cpu.time", 
"RS.cost", "RS.gamma", "RS.data.balancing", "RS.feature.selection", 
"RS.valid.acc", "RS.test.acc", "RS.train.time", "RS.n.support.vectors", 
"RS.index", "RS.n.solutions", "RS.generations", "RS.n.evaluations", 
"RS.cpu.time", "DF.cost", "DF.gamma", "DF.data.balancing", "DF.feature.selection", 
"DF.valid.acc", "DF.test.acc", "DF.train.time", "DF.n.support.vectors", 
"DF.index", "DF.n.solutions", "DF.generations", "DF.n.evaluations", 
"DF.cpu.time")))
