full <-
structure(c(50, 55, 60, 65, 70, 75, 80, 85, 90, 95, 100, 12.39598, 
12.4648, 12.48919, 14.7372, 12.71443, 10.52907, 14.83256, 8.32936, 
9.90059, 14.92394, 14.34298, -14.92731, -14.80426, -13.78432, 
-14.41277, -13.61534, -12.52545, -13.12806, -9.19987, -9.25948, 
-14.98768, -14.77472, 0, 0, 0, 0, 0, 0, 0, 0, 0, 0, 0, 0, 0, 
0, 0, 0, 0, 0, 0, 0, 0, 0, 0.6985, 0.7021, 0.7095, 0.70615, 0.7075, 
0.70912, 0.71235, 0.71182, 0.71166, 0.70894, 0.71137, 0.68978, 
0.69813, 0.70223, 0.70726, 0.70437, 0.70521, 0.70963, 0.70541, 
0.70843, 0.70474, 0.70663, 0.8155, 1.0001, 1.4187, 1.7938, 2.0205, 
2.027, 3.3032, 2.4889, 4.0046, 2.9096, 3.0966, 743.1, 800.9, 
853.6, 887.6, 975.1, 1089.6, 1080.3, 1187.4, 1241.5, 1280.6, 
1346.5, 1140, 1338, 265, 614, 949, 987, 2288, 1385, 950, 2306, 
2114, 3, 14, 6, 5, 23, 6, 4, 28, 37, 3, 1, 100, 100, 100, 100, 
100, 100, 100, 100, 100, 100, 100, 2500, 2500, 2500, 2500, 2500, 
2500, 2500, 2500, 2500, 2500, 2500, 31192.211, 34460.538, 47578.155, 
62513.011, 67681.848, 69842.2139999999, 95946.8, 82312.1760000001, 
155474.496, 86742.952, 96084.148, 12.93627, 10.90181, 9.54803, 
6.05663, 12.8784, 9.87004, 4.74704, 8.36437, 14.56514, 8.44134, 
13.47587, -14.50348, -13.59935, -11.14072, -8.68189, -13.70705, 
-11.03608, -7.55368, -9.13461, -11.24496, -10.78902, -13.76046, 
0, 0, 0, 0, 0, 0, 0, 0, 0, 0, 0, 0, 0, 0, 0, 0, 0, 0, 0, 0, 0, 
0, 0.69634, 0.70012, 0.70828, 0.70447, 0.70698, 0.7091, 0.71145, 
0.71055, 0.71125, 0.70742, 0.70918, 0.69194, 0.69417, 0.70224, 
0.70167, 0.70334, 0.70765, 0.70919, 0.70584, 0.70642, 0.7055, 
0.7059, 0.921, 1.0283, 1.3728, 1.1449, 1.9899, 2.3015, 1.4582, 
2.4699, 9.3385, 2.5367, 3.5112, 723.7, 833.8, 880.9, 951.1, 971.7, 
1072.5, 1141.6, 1185.4, 1216, 1393.4, 1354.8, 1707, 2253, 1765, 
767, 1002, 576, 1338, 2493, 756, 1178, 454, 1, 1, 3, 2, 2, 1, 
1, 1, 1, 1, 1, 100, 100, 100, 100, 100, 100, 100, 100, 100, 100, 
100, 2500, 2500, 2500, 2500, 2500, 2500, 2500, 2500, 2500, 2500, 
2500, 45478.403, 53507.079, 62174.766, 84121.579, 82824.514, 
92477.0449999999, 111982.965, 121048.491, 138183.684, 140395.658, 
162831.948, 1, 1, 1, 1, 1, 1, 1, 1, 1, 1, 1, 0.03846, 0.03846, 
0.03846, 0.03846, 0.03846, 0.03846, 0.03846, 0.03846, 0.03846, 
0.03846, 0.03846, 0, 0, 0, 0, 0, 0, 0, 0, 0, 0, 0, 0, 0, 0, 0, 
0, 0, 0, 0, 0, 0, 0, 0.67523, 0.67504, 0.68707, 0.68997, 0.69143, 
0.69557, 0.69603, 0.69814, 0.69674, 0.69632, 0.70193, 0.67239, 
0.68427, 0.68589, 0.68827, 0.68989, 0.69704, 0.69876, 0.69517, 
0.69754, 0.6948, 0.70085, 0.5597, 0.6709, 0.7766, 0.9201, 1.0096, 
1.1795, 1.2657, 1.4714, 1.5964, 1.761, 1.9528, 821.4, 892.1, 
961.2, 1028.5, 1099.4, 1165.2, 1232.9, 1301.8, 1379.7, 1444.2, 
1507.5, 1, 1, 1, 1, 1, 1, 1, 1, 1, 1, 1, 1, 1, 1, 1, 1, 1, 1, 
1, 1, 1, 1, 1, 1, 1, 1, 1, 1, 1, 1, 1, 1, 1, 1, 1, 1, 1, 1, 1, 
1, 1, 1, 1, 1, 8.793, 9.959, 11.99, 13.443, 13.658, 15.376, 17.13, 
19.67, 20.657, 21.421, 23.545), .Dim = c(11L, 40L), .Dimnames = list(
    NULL, c("Sampling", "PSO.cost", "PSO.gamma", "PSO.data.balancing", 
    "PSO.feature.selection", "PSO.valid.acc", "PSO.test.acc", 
    "PSO.train.time", "PSO.n.support.vectors", "PSO.index", "PSO.n.solutions", 
    "PSO.generations", "PSO.n.evaluations", "PSO.cpu.time", "RS.cost", 
    "RS.gamma", "RS.data.balancing", "RS.feature.selection", 
    "RS.valid.acc", "RS.test.acc", "RS.train.time", "RS.n.support.vectors", 
    "RS.index", "RS.n.solutions", "RS.generations", "RS.n.evaluations", 
    "RS.cpu.time", "DF.cost", "DF.gamma", "DF.data.balancing", 
    "DF.feature.selection", "DF.valid.acc", "DF.test.acc", "DF.train.time", 
    "DF.n.support.vectors", "DF.index", "DF.n.solutions", "DF.generations", 
    "DF.n.evaluations", "DF.cpu.time")))
