full <-
structure(c(50, 55, 60, 65, 70, 75, 80, 85, 90, 95, 100, 8.76202, 
2.1005, 10.75479, 8.67361, 3.29359, -0.13676, 5.87622, 0.98391, 
2.78166, 3.1585, -0.4051, -6.82713, -3.4896, -4.1545, -9.51381, 
-4.86853, -1.49811, -3.60633, 0.73309, -2.22226, -3.51682, -1.37812, 
0, 0, 0, 0, 0, 0, 0, 0, 0, 0, 0, 0, 0, 0, 0, 0, 0, 0, 0, 0, 0, 
0, 0.90663, 0.90805, 0.90804, 0.90998, 0.91078, 0.91499, 0.91285, 
0.90715, 0.91301, 0.91209, 0.90997, 0.90134, 0.90086, 0.90251, 
0.90491, 0.90517, 0.90972, 0.90874, 0.90636, 0.90716, 0.90655, 
0.91129, 0.1005, 0.0636, 0.3077, 0.1039, 0.0801, 0.1022, 0.1733, 
0.2001, 0.1715, 0.1652, 0.1799, 107.9, 129.1, 138.6, 211, 139.9, 
197.5, 176.6, 335.7, 218, 204.9, 264.8, 265, 376, 1326, 63, 618, 
648, 97, 332, 1016, 360, 666, 174, 183, 1, 196, 50, 146, 451, 
89, 86, 453, 209, 100, 100, 100, 100, 100, 100, 100, 100, 100, 
100, 100, 2500, 2500, 2500, 2500, 2500, 2500, 2500, 2500, 2500, 
2500, 2500, 10026.409, 9269.254, 11189.54, 10549.779, 8742.16899999999, 
9946.64, 12258.389, 28092.141, 15534.848, 13626.787, 12425.371, 
10.20358, 1.53932, 3.23202, 11.45591, 3.32665, 0.20173, 6.64285, 
14.26245, 5.54313, 3.37514, 8.82275, -7.61298, -3.15885, -5.43172, 
-12.29041, -4.88815, -1.84794, -3.92871, -4.79165, -2.39692, 
-3.3555, -6.09394, 0, 0, 0, 0, 0, 0, 0, 0, 0, 0, 0, 0, 0, 0, 
0, 0, 0, 0, 0, 0, 0, 0, 0.90663, 0.90805, 0.90801, 0.90998, 0.91078, 
0.91499, 0.91285, 0.90715, 0.91228, 0.91209, 0.90997, 0.90136, 
0.90205, 0.90471, 0.90594, 0.90517, 0.90884, 0.90957, 0.89861, 
0.90861, 0.90862, 0.90998, 0.149, 0.0629, 0.0743, 0.1629, 0.0798, 
0.0953, 0.1946, 3.1902, 0.2168, 0.1812, 0.3898, 108.7, 129.5, 
150.6, 152, 139.8, 187.9, 176.3, 189.2, 216.2, 208.1, 205.3, 
628, 665, 1725, 27, 2442, 15, 20, 1155, 2314, 556, 2473, 2, 1, 
1, 13, 1, 3, 4, 3, 1, 4, 2, 100, 100, 100, 100, 100, 100, 100, 
100, 100, 100, 100, 2500, 2500, 2500, 2500, 2500, 2500, 2500, 
2500, 2500, 2500, 2500, 9451.849, 10021.846, 10626.396, 11603.08, 
11012.62, 11670.877, 13282.844, 14311.741, 14939.298, 15133.216, 
16949.981, 1, 1, 1, 1, 1, 1, 1, 1, 1, 1, 1, 0.33333, 0.33333, 
0.33333, 0.33333, 0.33333, 0.33333, 0.33333, 0.33333, 0.33333, 
0.33333, 0.33333, 0, 0, 0, 0, 0, 0, 0, 0, 0, 0, 0, 0, 0, 0, 0, 
0, 0, 0, 0, 0, 0, 0, 0.90401, 0.90445, 0.90361, 0.90187, 0.90892, 
0.91324, 0.90873, 0.90406, 0.90717, 0.91002, 0.90865, 0.90138, 
0.90204, 0.90691, 0.90288, 0.90513, 0.90972, 0.9071, 0.90484, 
0.90937, 0.90932, 0.91064, 0.0568, 0.0634, 0.0752, 0.0905, 0.0898, 
0.1, 0.1215, 0.1262, 0.1414, 0.1585, 0.1778, 142.5, 149.3, 164.3, 
184.1, 180.2, 195.4, 208.4, 218.9, 231.9, 242.7, 261.6, 1, 1, 
1, 1, 1, 1, 1, 1, 1, 1, 1, 1, 1, 1, 1, 1, 1, 1, 1, 1, 1, 1, 1, 
1, 1, 1, 1, 1, 1, 1, 1, 1, 1, 1, 1, 1, 1, 1, 1, 1, 1, 1, 1, 1, 
3.152, 3.161, 3.195, 3.432, 3.405, 3.337, 3.824, 3.582, 3.827, 
4.115, 4.203), .Dim = c(11L, 40L), .Dimnames = list(NULL, c("Sampling", 
"PSO.cost", "PSO.gamma", "PSO.data.balancing", "PSO.feature.selection", 
"PSO.valid.acc", "PSO.test.acc", "PSO.train.time", "PSO.n.support.vectors", 
"PSO.index", "PSO.n.solutions", "PSO.generations", "PSO.n.evaluations", 
"PSO.cpu.time", "RS.cost", "RS.gamma", "RS.data.balancing", "RS.feature.selection", 
"RS.valid.acc", "RS.test.acc", "RS.train.time", "RS.n.support.vectors", 
"RS.index", "RS.n.solutions", "RS.generations", "RS.n.evaluations", 
"RS.cpu.time", "DF.cost", "DF.gamma", "DF.data.balancing", "DF.feature.selection", 
"DF.valid.acc", "DF.test.acc", "DF.train.time", "DF.n.support.vectors", 
"DF.index", "DF.n.solutions", "DF.generations", "DF.n.evaluations", 
"DF.cpu.time")))
