full <-
structure(c(50, 55, 60, 65, 70, 75, 80, 85, 90, 95, 100, 2.7482, 
3.62091, 1.23274, 0.72309, -0.10962, 2.30967, 8.26133, 0.39064, 
11.5896, -0.13191, 14.40644, -2.12047, -1.91616, -0.5474, 0.34518, 
0.53562, -0.78549, -4.06396, 0.03057, -4.02879, -0.96746, -4.79191, 
0, 0, 0, 0, 0, 0, 0, 0, 0, 0, 0, 0, 0, 0, 0, 0, 0, 0, 0, 0, 0, 
0, 0.9251, 0.92467, 0.92449, 0.92717, 0.92495, 0.91842, 0.91865, 
0.918, 0.91308, 0.91276, 0.91324, 0.91589, 0.92229, 0.91894, 
0.92213, 0.9202, 0.91847, 0.91456, 0.91802, 0.91234, 0.90928, 
0.91058, 0.052, 0.0638, 0.0712, 0.1094, 0.129, 0.1173, 0.2422, 
0.1541, 0.9751, 0.1711, 5.4439, 104, 113.5, 159.1, 226.7, 259.2, 
200.5, 165.4, 272.7, 199.4, 269.2, 223.6, 777, 2326, 1174, 534, 
903, 158, 39, 887, 2120, 269, 1265, 238, 2, 292, 51, 209, 79, 
359, 159, 3, 172, 19, 100, 100, 100, 100, 100, 100, 100, 100, 
100, 100, 100, 2500, 2500, 2500, 2500, 2500, 2500, 2500, 2500, 
2500, 2500, 2500, 8356.708, 8954.091, 8441.75, 9342.835, 11103.019, 
22411.854, 15120.87, 10839.88, 28706.783, 11340.186, 86564.051, 
2.57615, 3.6219, 1.28092, 1.11475, -0.03186, 2.28855, 7.72311, 
0.40483, 0.43239, 1.54981, 6.12985, -2.00506, -1.87674, -0.38372, 
-0.14504, 0.42067, -0.81514, -3.58569, -0.12093, 0.69343, -1.22077, 
-2.32027, 0, 0, 0, 0, 0, 0, 0, 0, 0, 0, 0, 0, 0, 0, 0, 0, 0, 
0, 0, 0, 0, 0, 0.9251, 0.92348, 0.92232, 0.92616, 0.92305, 0.91842, 
0.91865, 0.91723, 0.91307, 0.91138, 0.91257, 0.91589, 0.92229, 
0.92112, 0.92112, 0.91832, 0.91847, 0.91372, 0.91879, 0.91161, 
0.91068, 0.9106, 0.0516, 0.0646, 0.0734, 0.0909, 0.1242, 0.1102, 
0.2149, 0.1498, 0.2057, 0.1953, 0.2912, 107.1, 114.4, 164.8, 
192.8, 250.6, 200, 165.5, 262.8, 346.1, 262.4, 239.2, 2225, 573, 
2169, 108, 1842, 2459, 11, 91, 1597, 964, 159, 1, 7, 1, 6, 1, 
1, 13, 1, 2, 1, 2, 100, 100, 100, 100, 100, 100, 100, 100, 100, 
100, 100, 2500, 2500, 2500, 2500, 2500, 2500, 2500, 2500, 2500, 
2500, 2500, 9289.877, 9670.972, 10028.19, 10166.674, 11727.767, 
12308.268, 13190.99, 14189.118, 15507.134, 16239.005, 18536.24, 
1, 1, 1, 1, 1, 1, 1, 1, 1, 1, 1, 0.33333, 0.33333, 0.33333, 0.33333, 
0.33333, 0.33333, 0.33333, 0.33333, 0.33333, 0.33333, 0.33333, 
0, 0, 0, 0, 0, 0, 0, 0, 0, 0, 0, 0, 0, 0, 0, 0, 0, 0, 0, 0, 0, 
0, 0.92119, 0.91754, 0.92007, 0.92514, 0.91548, 0.91408, 0.91454, 
0.91646, 0.90502, 0.90584, 0.91124, 0.91987, 0.91995, 0.92007, 
0.9221, 0.91928, 0.9167, 0.91292, 0.91413, 0.91013, 0.90997, 
0.91059, 0.0508, 0.0561, 0.0641, 0.0703, 0.0893, 0.1034, 0.1083, 
0.1253, 0.1448, 0.1593, 0.1715, 119.9, 130.7, 137.5, 150.4, 170.5, 
186.9, 195.8, 211, 229.1, 245.9, 258.3, 1, 1, 1, 1, 1, 1, 1, 
1, 1, 1, 1, 1, 1, 1, 1, 1, 1, 1, 1, 1, 1, 1, 1, 1, 1, 1, 1, 1, 
1, 1, 1, 1, 1, 1, 1, 1, 1, 1, 1, 1, 1, 1, 1, 1, 3.316, 3.207, 
3.295, 3.072, 3.468, 3.581, 3.515, 3.753, 4.006, 4.048, 4.054
), .Dim = c(11L, 40L), .Dimnames = list(NULL, c("Sampling", "PSO.cost", 
"PSO.gamma", "PSO.data.balancing", "PSO.feature.selection", "PSO.valid.acc", 
"PSO.test.acc", "PSO.train.time", "PSO.n.support.vectors", "PSO.index", 
"PSO.n.solutions", "PSO.generations", "PSO.n.evaluations", "PSO.cpu.time", 
"RS.cost", "RS.gamma", "RS.data.balancing", "RS.feature.selection", 
"RS.valid.acc", "RS.test.acc", "RS.train.time", "RS.n.support.vectors", 
"RS.index", "RS.n.solutions", "RS.generations", "RS.n.evaluations", 
"RS.cpu.time", "DF.cost", "DF.gamma", "DF.data.balancing", "DF.feature.selection", 
"DF.valid.acc", "DF.test.acc", "DF.train.time", "DF.n.support.vectors", 
"DF.index", "DF.n.solutions", "DF.generations", "DF.n.evaluations", 
"DF.cpu.time")))
