full <-
structure(c(50, 55, 60, 65, 70, 75, 80, 85, 90, 95, 100, 7.05395, 
0.90368, 9.0242, 6.84539, 1.45175, 0.52839, 1.17347, 6.97333, 
15, 0.76451, 6.54951, -4.66072, -1.97306, -6.22995, -6.11712, 
-2.04372, -0.67564, -1.65656, -2.99249, -7.86159, -1.10057, -2.63607, 
0, 0, 0, 0, 0, 0, 0, 0, 0, 0, 0, 0, 0, 0, 0, 0, 0, 0, 0, 0, 0, 
0, 0.91975, 0.91747, 0.91777, 0.91207, 0.91358, 0.90969, 0.91123, 
0.91257, 0.91014, 0.91072, 0.91461, 0.9171, 0.90916, 0.91022, 
0.90397, 0.90891, 0.90617, 0.90878, 0.91102, 0.90644, 0.90448, 
0.90933, 0.0817, 0.0678, 0.1293, 0.0919, 0.0969, 0.1178, 0.1245, 
0.2239, 2.2473, 0.1782, 0.3072, 107.8, 145.8, 119.2, 126.2, 177.5, 
225.6, 207, 191.2, 184.4, 265.9, 233.7, 138, 600, 593, 1561, 
1800, 1179, 2416, 1395, 1442, 148, 583, 178, 253, 339, 16, 18, 
93, 2, 7, 40, 359, 48, 100, 100, 100, 100, 100, 100, 100, 100, 
100, 100, 100, 2500, 2500, 2500, 2500, 2500, 2500, 2500, 2500, 
2500, 2500, 2500, 9605.874, 8780.122, 11051.897, 11499.967, 12511.626, 
12239.482, 21910.796, 21159.893, 30049.389, 11458.131, 26923.074, 
6.68812, 0.73577, 11.95018, 3.37172, 0.2876, 0.77944, 1.42991, 
6.77196, 14.90928, -0.38216, 11.62575, -4.29526, -2.56041, -7.0697, 
-4.14921, -1.77908, -0.84318, -1.8416, -3.02125, -7.92311, -0.7388, 
-4.10369, 0, 0, 0, 0, 0, 0, 0, 0, 0, 0, 0, 0, 0, 0, 0, 0, 0, 
0, 0, 0, 0, 0, 0.91843, 0.91628, 0.91673, 0.91107, 0.91266, 0.90881, 
0.91121, 0.91257, 0.91014, 0.91071, 0.91331, 0.91578, 0.90916, 
0.91347, 0.90804, 0.90986, 0.90617, 0.90876, 0.90946, 0.90716, 
0.90723, 0.90868, 0.0836, 0.0634, 0.2953, 0.0799, 0.095, 0.1149, 
0.1246, 0.2189, 2.0846, 0.1732, 1.4166, 112.2, 140.6, 120.9, 
140.1, 181, 217.6, 204.6, 190.6, 183, 276.6, 223.8, 92, 1388, 
1632, 69, 1679, 1990, 562, 48, 696, 1209, 1751, 23, 1, 2, 6, 
1, 1, 1, 1, 2, 1, 1, 100, 100, 100, 100, 100, 100, 100, 100, 
100, 100, 100, 2500, 2500, 2500, 2500, 2500, 2500, 2500, 2500, 
2500, 2500, 2500, 9385.103, 10394.328, 10501.535, 10931.986, 
11474.579, 11280.355, 12923.036, 13142.674, 15352.627, 16399.905, 
17690.189, 1, 1, 1, 1, 1, 1, 1, 1, 1, 1, 1, 0.33333, 0.33333, 
0.33333, 0.33333, 0.33333, 0.33333, 0.33333, 0.33333, 0.33333, 
0.33333, 0.33333, 0, 0, 0, 0, 0, 0, 0, 0, 0, 0, 0, 0, 0, 0, 0, 
0, 0, 0, 0, 0, 0, 0, 0.91711, 0.91388, 0.91234, 0.91004, 0.91266, 
0.90707, 0.91039, 0.90712, 0.90647, 0.90795, 0.91062, 0.91447, 
0.91038, 0.91455, 0.91104, 0.90893, 0.90707, 0.90876, 0.90788, 
0.90938, 0.90654, 0.91065, 0.0519, 0.0634, 0.0719, 0.0785, 0.0909, 
0.1014, 0.1133, 0.1236, 0.1432, 0.1561, 0.1716, 134.3, 152.1, 
157.5, 174.6, 181.3, 195.7, 207.9, 214.7, 232.8, 245.7, 257.6, 
1, 1, 1, 1, 1, 1, 1, 1, 1, 1, 1, 1, 1, 1, 1, 1, 1, 1, 1, 1, 1, 
1, 1, 1, 1, 1, 1, 1, 1, 1, 1, 1, 1, 1, 1, 1, 1, 1, 1, 1, 1, 1, 
1, 1, 3.233, 3.347, 3.333, 3.188, 3.388, 3.467, 3.557, 3.644, 
3.867, 3.905, 4.064), .Dim = c(11L, 40L), .Dimnames = list(NULL, 
    c("Sampling", "PSO.cost", "PSO.gamma", "PSO.data.balancing", 
    "PSO.feature.selection", "PSO.valid.acc", "PSO.test.acc", 
    "PSO.train.time", "PSO.n.support.vectors", "PSO.index", "PSO.n.solutions", 
    "PSO.generations", "PSO.n.evaluations", "PSO.cpu.time", "RS.cost", 
    "RS.gamma", "RS.data.balancing", "RS.feature.selection", 
    "RS.valid.acc", "RS.test.acc", "RS.train.time", "RS.n.support.vectors", 
    "RS.index", "RS.n.solutions", "RS.generations", "RS.n.evaluations", 
    "RS.cpu.time", "DF.cost", "DF.gamma", "DF.data.balancing", 
    "DF.feature.selection", "DF.valid.acc", "DF.test.acc", "DF.train.time", 
    "DF.n.support.vectors", "DF.index", "DF.n.solutions", "DF.generations", 
    "DF.n.evaluations", "DF.cpu.time")))
