full <-
structure(c(50, 55, 60, 65, 70, 75, 80, 85, 90, 95, 100, 2.60447, 
14.64527, 2.26639, 12.00652, 12.14784, 0.45165, 4.13099, 5.22376, 
15, 14.32353, 0.05876, -0.6439, -14.82178, -2.33264, -6.67824, 
-6.64077, -2.27604, -3.63217, -3.35539, -7.23804, -5.17435, -0.89046, 
0, 0, 0, 0, 0, 0, 0, 0, 0, 0, 0, 0, 0, 0, 0, 0, 0, 0, 0, 0, 0, 
0, 0.90796, 0.90559, 0.90793, 0.91201, 0.90981, 0.91318, 0.91125, 
0.91566, 0.91158, 0.91138, 0.91457, 0.90136, 0.90439, 0.90352, 
0.90696, 0.90137, 0.90447, 0.91125, 0.91025, 0.91082, 0.90723, 
0.91392, 0.0549, 0.1054, 0.0792, 0.4456, 0.4785, 0.101, 0.1484, 
0.2002, 2.9132, 4.4148, 0.1964, 150.4, 106.3, 157.5, 141.3, 150.6, 
176.6, 177.6, 196.5, 191.2, 214.8, 289.2, 943, 13, 672, 714, 
326, 2005, 120, 247, 243, 356, 576, 16, 1454, 103, 46, 331, 6, 
47, 147, 9, 110, 416, 100, 100, 100, 100, 100, 100, 100, 100, 
100, 100, 100, 2500, 2500, 2500, 2500, 2500, 2500, 2500, 2500, 
2500, 2500, 2500, 11314.388, 8986.655, 9337.535, 13106.415, 18723.777, 
13021.56, 15801.418, 18788.954, 57586.085, 90167.153, 15442.14, 
-0.21273, 8.56918, 2.63421, 12.50772, 1.13655, 12.03189, 7.03474, 
10.2465, 14.89085, 10.99189, 0.60596, -0.92193, -8.36442, -2.56418, 
-6.9065, 0.87417, -14.50773, -5.13118, -6.02395, -7.06443, -4.38074, 
-1.48418, 0, 0, 0, 0, 0, 0, 0, 0, 0, 0, 0, 0, 0, 0, 0, 0, 0, 
0, 0, 0, 0, 0, 0.90926, 0.9056, 0.90684, 0.91099, 0.91072, 0.9123, 
0.91044, 0.91489, 0.91085, 0.91068, 0.9139, 0.90134, 0.90439, 
0.90243, 0.90594, 0.90885, 0.90704, 0.91044, 0.91025, 0.91155, 
0.90446, 0.91325, 0.0626, 0.1087, 0.0818, 0.4903, 0.1522, 0.1322, 
0.1891, 0.4862, 2.9121, 0.9741, 0.1965, 161, 143.5, 153.7, 140, 
313.3, 143.6, 166.5, 176.3, 188, 216.3, 265.8, 1135, 1296, 106, 
52, 1952, 596, 1967, 1545, 96, 1787, 1147, 1, 2, 2, 2, 1, 1, 
1, 3, 11, 1, 2, 100, 100, 100, 100, 100, 100, 100, 100, 100, 
100, 100, 2500, 2500, 2500, 2500, 2500, 2500, 2500, 2500, 2500, 
2500, 2500, 9396.306, 10114.189, 10708.342, 11255.012, 12412.592, 
14624.85, 15917.178, 17238.414, 17404.874, 18803.651, 19995.339, 
1, 1, 1, 1, 1, 1, 1, 1, 1, 1, 1, 0.33333, 0.33333, 0.33333, 0.33333, 
0.33333, 0.33333, 0.33333, 0.33333, 0.33333, 0.33333, 0.33333, 
0, 0, 0, 0, 0, 0, 0, 0, 0, 0, 0, 0, 0, 0, 0, 0, 0, 0, 0, 0, 0, 
0, 0.90794, 0.90441, 0.90133, 0.90592, 0.90044, 0.9097, 0.90793, 
0.91336, 0.90573, 0.90721, 0.90995, 0.90399, 0.90558, 0.90243, 
0.90494, 0.90134, 0.90973, 0.90957, 0.91102, 0.90571, 0.9086, 
0.91261, 0.0571, 0.0667, 0.077, 0.0872, 0.0989, 0.1114, 0.1205, 
0.1426, 0.1449, 0.1657, 0.179, 147.9, 162.8, 173.2, 181.7, 193.1, 
198.5, 217.9, 226.9, 235.7, 247.5, 259.5, 1, 1, 1, 1, 1, 1, 1, 
1, 1, 1, 1, 1, 1, 1, 1, 1, 1, 1, 1, 1, 1, 1, 1, 1, 1, 1, 1, 1, 
1, 1, 1, 1, 1, 1, 1, 1, 1, 1, 1, 1, 1, 1, 1, 1, 3.095, 3.124, 
3.239, 3.378, 4.207, 4.48, 4.352, 4.835, 4.504, 5.053, 5.136), .Dim = c(11L, 
40L), .Dimnames = list(NULL, c("Sampling", "PSO.cost", "PSO.gamma", 
"PSO.data.balancing", "PSO.feature.selection", "PSO.valid.acc", 
"PSO.test.acc", "PSO.train.time", "PSO.n.support.vectors", "PSO.index", 
"PSO.n.solutions", "PSO.generations", "PSO.n.evaluations", "PSO.cpu.time", 
"RS.cost", "RS.gamma", "RS.data.balancing", "RS.feature.selection", 
"RS.valid.acc", "RS.test.acc", "RS.train.time", "RS.n.support.vectors", 
"RS.index", "RS.n.solutions", "RS.generations", "RS.n.evaluations", 
"RS.cpu.time", "DF.cost", "DF.gamma", "DF.data.balancing", "DF.feature.selection", 
"DF.valid.acc", "DF.test.acc", "DF.train.time", "DF.n.support.vectors", 
"DF.index", "DF.n.solutions", "DF.generations", "DF.n.evaluations", 
"DF.cpu.time")))
