full <-
structure(c(50, 55, 60, 65, 70, 75, 80, 85, 90, 95, 100, 0.29729, 
5.50187, 9.16189, 1.4118, 4.0246, 0.79019, 1.21066, 1.49057, 
1.83723, -0.25369, -0.07883, -0.51331, -4.80756, -11.51542, 0.25644, 
-2.62188, 0.0374, 0.06241, -1.14561, -0.92357, -0.06876, -1.36717, 
0, 0, 0, 0, 0, 0, 0, 0, 0, 0, 0, 0, 0, 0, 0, 0, 0, 0, 0, 0, 0, 
0, 0.89876, 0.90198, 0.89585, 0.90892, 0.90331, 0.9018, 0.91036, 
0.90559, 0.91013, 0.91277, 0.91256, 0.8948, 0.89484, 0.89585, 
0.9079, 0.89952, 0.90356, 0.90296, 0.90329, 0.90941, 0.91068, 
0.90862, 0.0675, 0.0956, 0.1263, 0.1198, 0.134, 0.1394, 0.1496, 
0.174, 0.2038, 0.1961, 0.1867, 179.6, 128.3, 155.4, 251.5, 181.1, 
271.3, 276.9, 256.7, 264.2, 315.2, 269.8, 447, 743, 19, 2447, 
160, 1335, 1456, 826, 405, 1924, 527, 64, 117, 834, 1, 250, 38, 
20, 184, 305, 29, 605, 100, 100, 100, 100, 100, 100, 100, 100, 
100, 100, 100, 2500, 2500, 2500, 2500, 2500, 2500, 2500, 2500, 
2500, 2500, 2500, 9954.001, 11526.821, 12164.371, 10247.264, 
11791.234, 12107.844, 17555.593, 12196.833, 17980.074, 14404.155, 
13683.033, 0.01314, 4.85701, -0.27104, 1.64081, 2.69197, 5.05181, 
1.22377, 8.67468, 1.10705, -0.20071, 0.02742, -0.43368, -4.54843, 
1.60582, 0.12798, -1.8665, -1.92064, 0.24196, -4.238, -0.6304, 
-0.0321, -1.39663, 0, 0, 0, 0, 0, 0, 0, 0, 0, 0, 0, 0, 0, 0, 
0, 0, 0, 0, 0, 0, 0, 0, 0.89611, 0.90198, 0.89805, 0.9069, 0.90328, 
0.90178, 0.90872, 0.90483, 0.9094, 0.91277, 0.91256, 0.8948, 
0.89722, 0.89694, 0.90689, 0.89859, 0.89916, 0.90625, 0.90173, 
0.90723, 0.91137, 0.90796, 0.068, 0.082, 0.1478, 0.1129, 0.1231, 
0.1701, 0.1593, 0.5028, 0.1967, 0.2094, 0.1923, 182.3, 128.9, 
374.2, 240.6, 192.2, 200.4, 290.2, 208.1, 277.7, 316.2, 265.8, 
1526, 170, 174, 1838, 2148, 689, 2291, 197, 698, 630, 484, 2, 
2, 5, 1, 1, 1, 1, 1, 1, 1, 3, 100, 100, 100, 100, 100, 100, 100, 
100, 100, 100, 100, 2500, 2500, 2500, 2500, 2500, 2500, 2500, 
2500, 2500, 2500, 2500, 10532.259, 10985.093, 12759.809, 13661.282, 
14362.293, 14949.582, 15533.583, 18544.815, 19875.761, 18343.438, 
21685.067, 1, 1, 1, 1, 1, 1, 1, 1, 1, 1, 1, 0.33333, 0.33333, 
0.33333, 0.33333, 0.33333, 0.33333, 0.33333, 0.33333, 0.33333, 
0.33333, 0.33333, 0, 0, 0, 0, 0, 0, 0, 0, 0, 0, 0, 0, 0, 0, 0, 
0, 0, 0, 0, 0, 0, 0, 0.89217, 0.89605, 0.89257, 0.89985, 0.89765, 
0.89654, 0.8997, 0.90328, 0.90499, 0.91067, 0.91191, 0.8948, 
0.89603, 0.89257, 0.89985, 0.8986, 0.8983, 0.90051, 0.90249, 
0.90647, 0.90862, 0.90928, 0.063, 0.0676, 0.0858, 0.0891, 0.1039, 
0.1198, 0.1299, 0.1571, 0.159, 0.1751, 0.1969, 157.9, 163.5, 
184.9, 188.4, 203.4, 212.6, 219.8, 237, 242.8, 250.7, 257.3, 
1, 1, 1, 1, 1, 1, 1, 1, 1, 1, 1, 1, 1, 1, 1, 1, 1, 1, 1, 1, 1, 
1, 1, 1, 1, 1, 1, 1, 1, 1, 1, 1, 1, 1, 1, 1, 1, 1, 1, 1, 1, 1, 
1, 1, 3.555, 3.245, 3.69, 3.406, 3.568, 3.829, 3.957, 5.217, 
4.875, 4.521, 5.692), .Dim = c(11L, 40L), .Dimnames = list(NULL, 
    c("Sampling", "PSO.cost", "PSO.gamma", "PSO.data.balancing", 
    "PSO.feature.selection", "PSO.valid.acc", "PSO.test.acc", 
    "PSO.train.time", "PSO.n.support.vectors", "PSO.index", "PSO.n.solutions", 
    "PSO.generations", "PSO.n.evaluations", "PSO.cpu.time", "RS.cost", 
    "RS.gamma", "RS.data.balancing", "RS.feature.selection", 
    "RS.valid.acc", "RS.test.acc", "RS.train.time", "RS.n.support.vectors", 
    "RS.index", "RS.n.solutions", "RS.generations", "RS.n.evaluations", 
    "RS.cpu.time", "DF.cost", "DF.gamma", "DF.data.balancing", 
    "DF.feature.selection", "DF.valid.acc", "DF.test.acc", "DF.train.time", 
    "DF.n.support.vectors", "DF.index", "DF.n.solutions", "DF.generations", 
    "DF.n.evaluations", "DF.cpu.time")))
