full <-
structure(c(50, 55, 60, 65, 70, 75, 80, 85, 90, 95, 100, 2.06002, 
2.48275, 3.14455, 2.71306, 14.5914, 8.02158, 8.56714, 15, 11.95565, 
15, 8.6746, -1.59064, -1.2481, -0.9589, -0.09856, -8.44408, -4.01279, 
-3.3029, -4.05516, -4.50762, -6.92263, -3.2755, 0, 0, 0, 0, 0, 
0, 0, 0, 0, 0, 0, 0, 0, 0, 0, 0, 0, 0, 0, 0, 0, 0, 0.9146, 0.91152, 
0.91242, 0.91297, 0.91544, 0.90797, 0.91123, 0.90869, 0.91228, 
0.91346, 0.91324, 0.91195, 0.91034, 0.90699, 0.90594, 0.90702, 
0.90356, 0.90712, 0.90327, 0.91229, 0.90724, 0.9126, 0.0563, 
0.0619, 0.0754, 0.0882, 0.7019, 0.2156, 0.2722, 4.461, 1.2896, 
4.0365, 0.4969, 128.6, 144.1, 157.5, 195.4, 137.4, 164.6, 177.7, 
199.3, 199.7, 199.3, 228.5, 1760, 173, 531, 792, 777, 15, 1143, 
2285, 104, 1489, 158, 2, 78, 362, 29, 113, 270, 28, 3, 296, 5, 
282, 100, 100, 100, 100, 100, 100, 100, 100, 100, 100, 100, 2500, 
2500, 2500, 2500, 2500, 2500, 2500, 2500, 2500, 2500, 2500, 8160.404, 
11058.174, 8459.041, 8878.039, 22096.504, 15013.783, 21828.563, 
33110.64, 34786.409, 56279.73, 24818.595, 2.63012, 2.12818, 1.18194, 
4.54164, 13.62483, 8.67534, 4.13715, 13.89517, -0.15869, 11.62549, 
-0.30568, -3.11336, -0.96003, 1.02685, -1.13011, -7.96666, -4.19082, 
-3.93228, -3.71651, -1.19585, -5.73289, -0.12623, 0, 0, 0, 0, 
0, 0, 0, 0, 0, 0, 0, 0, 0, 0, 0, 0, 0, 0, 0, 0, 0, 0, 0.91459, 
0.9115, 0.91356, 0.91297, 0.91359, 0.90797, 0.9104, 0.90714, 
0.91301, 0.91277, 0.91389, 0.91329, 0.90795, 0.91024, 0.90184, 
0.90797, 0.90269, 0.90464, 0.90405, 0.90862, 0.90864, 0.9106, 
0.054, 0.0641, 0.1156, 0.092, 0.5518, 0.2582, 0.1331, 2.5785, 
0.1514, 1.1432, 0.2036, 113.4, 150.4, 282.6, 161.2, 138.9, 163.6, 
172.3, 200.6, 247.2, 206.5, 323.9, 2437, 1613, 1524, 1171, 220, 
1705, 1925, 1358, 2465, 12, 127, 1, 1, 1, 1, 1, 1, 1, 2, 1, 3, 
2, 100, 100, 100, 100, 100, 100, 100, 100, 100, 100, 100, 2500, 
2500, 2500, 2500, 2500, 2500, 2500, 2500, 2500, 2500, 2500, 9004.977, 
8798.441, 9725.08199999999, 9874.247, 11122.187, 11614.956, 12692.547, 
14556.099, 15291.78, 17166.142, 17344.467, 1, 1, 1, 1, 1, 1, 
1, 1, 1, 1, 1, 0.33333, 0.33333, 0.33333, 0.33333, 0.33333, 0.33333, 
0.33333, 0.33333, 0.33333, 0.33333, 0.33333, 0, 0, 0, 0, 0, 0, 
0, 0, 0, 0, 0, 0, 0, 0, 0, 0, 0, 0, 0, 0, 0, 0, 0.90929, 0.90324, 
0.90259, 0.90384, 0.907, 0.90358, 0.90794, 0.90402, 0.91228, 
0.90724, 0.90931, 0.9106, 0.90561, 0.90042, 0.90287, 0.90888, 
0.90533, 0.90548, 0.9009, 0.90789, 0.90723, 0.90864, 0.0481, 
0.0586, 0.0688, 0.0782, 0.0892, 0.1043, 0.1128, 0.1328, 0.1431, 
0.1575, 0.1782, 131, 140.2, 158.8, 170.4, 180, 191.4, 200.5, 
224.3, 233, 245.2, 256.7, 1, 1, 1, 1, 1, 1, 1, 1, 1, 1, 1, 1, 
1, 1, 1, 1, 1, 1, 1, 1, 1, 1, 1, 1, 1, 1, 1, 1, 1, 1, 1, 1, 1, 
1, 1, 1, 1, 1, 1, 1, 1, 1, 1, 1, 2.857, 3.049, 3.189, 3.217, 
3.329, 3.522, 3.646, 3.753, 3.833, 3.999, 4.255), .Dim = c(11L, 
40L), .Dimnames = list(NULL, c("Sampling", "PSO.cost", "PSO.gamma", 
"PSO.data.balancing", "PSO.feature.selection", "PSO.valid.acc", 
"PSO.test.acc", "PSO.train.time", "PSO.n.support.vectors", "PSO.index", 
"PSO.n.solutions", "PSO.generations", "PSO.n.evaluations", "PSO.cpu.time", 
"RS.cost", "RS.gamma", "RS.data.balancing", "RS.feature.selection", 
"RS.valid.acc", "RS.test.acc", "RS.train.time", "RS.n.support.vectors", 
"RS.index", "RS.n.solutions", "RS.generations", "RS.n.evaluations", 
"RS.cpu.time", "DF.cost", "DF.gamma", "DF.data.balancing", "DF.feature.selection", 
"DF.valid.acc", "DF.test.acc", "DF.train.time", "DF.n.support.vectors", 
"DF.index", "DF.n.solutions", "DF.generations", "DF.n.evaluations", 
"DF.cpu.time")))
