full <-
structure(c(50, 55, 60, 65, 70, 75, 80, 85, 90, 95, 100, 3.77027, 
3.19377, 0.70789, 4.13708, 8.47023, 0.44832, -0.10209, 13.6526, 
11.07379, 13.91985, 12.02083, -2.14727, -2.15464, -2.10531, -4.95325, 
-3.69978, -2.39049, -0.96376, -5.66951, -3.53047, -6.81937, -3.74634, 
0, 0, 0, 0, 0, 0, 0, 0, 0, 0, 0, 0, 0, 0, 0, 0, 0, 0, 0, 0, 0, 
0, 0.91462, 0.90814, 0.91014, 0.91201, 0.91077, 0.91498, 0.91452, 
0.91024, 0.91081, 0.91415, 0.9119, 0.91071, 0.90333, 0.90461, 
0.90795, 0.90893, 0.90795, 0.91206, 0.90717, 0.90206, 0.9086, 
0.90797, 0.0626, 0.0708, 0.0689, 0.0709, 0.216, 0.0934, 0.1212, 
2.1986, 0.893, 2.1951, 1.7966, 127.6, 137, 143.4, 126.8, 161, 
169.9, 217.1, 184.8, 208.7, 197.6, 229.7, 415, 641, 391, 884, 
295, 417, 903, 1709, 2105, 294, 598, 211, 27, 292, 61, 96, 91, 
107, 5, 70, 99, 24, 100, 100, 100, 100, 100, 100, 100, 100, 100, 
100, 100, 2500, 2500, 2500, 2500, 2500, 2500, 2500, 2500, 2500, 
2500, 2500, 8318.833, 10138.984, 8523.242, 9479.326, 13265.341, 
10467.059, 10214.19, 46952.249, 19371.087, 54488.28, 62560.458, 
1.91352, 2.30199, 0.54491, 0.67623, -0.35646, -0.35285, 2.07232, 
-0.56947, 7.84664, 12.60845, 12.61579, -1.051, -1.67246, -1.95412, 
-0.17784, -0.11693, -1.19357, -2.02573, -0.71721, -2.65122, -6.53831, 
-3.79614, 0, 0, 0, 0, 0, 0, 0, 0, 0, 0, 0, 0, 0, 0, 0, 0, 0, 
0, 0, 0, 0, 0, 0.91457, 0.90814, 0.90904, 0.91203, 0.91076, 0.91411, 
0.9137, 0.91024, 0.91081, 0.91346, 0.91126, 0.91592, 0.90453, 
0.90461, 0.91405, 0.90889, 0.91149, 0.91122, 0.91101, 0.90352, 
0.91067, 0.90731, 0.062, 0.0675, 0.0689, 0.1005, 0.1114, 0.106, 
0.1323, 0.137, 0.3111, 1.3143, 2.507, 148.8, 146.1, 145, 214.6, 
229, 199.2, 191.3, 247.4, 212.1, 198.6, 229.4, 1709, 509, 1455, 
2464, 1567, 2244, 169, 1185, 67, 325, 1549, 1, 1, 1, 1, 1, 1, 
5, 2, 1, 4, 1, 100, 100, 100, 100, 100, 100, 100, 100, 100, 100, 
100, 2500, 2500, 2500, 2500, 2500, 2500, 2500, 2500, 2500, 2500, 
2500, 9082.687, 9695.685, 10113.129, 10338.857, 11048.464, 12090.459, 
12555.977, 13943.465, 15123.176, 15714.379, 17484.268, 1, 1, 
1, 1, 1, 1, 1, 1, 1, 1, 1, 0.33333, 0.33333, 0.33333, 0.33333, 
0.33333, 0.33333, 0.33333, 0.33333, 0.33333, 0.33333, 0.33333, 
0, 0, 0, 0, 0, 0, 0, 0, 0, 0, 0, 0, 0, 0, 0, 0, 0, 0, 0, 0, 0, 
0, 0.90804, 0.90573, 0.90685, 0.90897, 0.907, 0.91324, 0.91288, 
0.90789, 0.90863, 0.91139, 0.90863, 0.91197, 0.90692, 0.90572, 
0.90999, 0.90606, 0.91148, 0.91204, 0.90947, 0.90644, 0.91137, 
0.90731, 0.0497, 0.0597, 0.0701, 0.0776, 0.0899, 0.1027, 0.1115, 
0.1294, 0.1417, 0.1512, 0.1656, 135.9, 146.2, 154.8, 171, 175.9, 
186.2, 197.1, 220.4, 233.5, 246.8, 255.7, 1, 1, 1, 1, 1, 1, 1, 
1, 1, 1, 1, 1, 1, 1, 1, 1, 1, 1, 1, 1, 1, 1, 1, 1, 1, 1, 1, 1, 
1, 1, 1, 1, 1, 1, 1, 1, 1, 1, 1, 1, 1, 1, 1, 1, 3.13, 3.324, 
3.388, 3.205, 3.504, 3.672, 3.632, 3.878, 3.783, 3.836, 3.968
), .Dim = c(11L, 40L), .Dimnames = list(NULL, c("Sampling", "PSO.cost", 
"PSO.gamma", "PSO.data.balancing", "PSO.feature.selection", "PSO.valid.acc", 
"PSO.test.acc", "PSO.train.time", "PSO.n.support.vectors", "PSO.index", 
"PSO.n.solutions", "PSO.generations", "PSO.n.evaluations", "PSO.cpu.time", 
"RS.cost", "RS.gamma", "RS.data.balancing", "RS.feature.selection", 
"RS.valid.acc", "RS.test.acc", "RS.train.time", "RS.n.support.vectors", 
"RS.index", "RS.n.solutions", "RS.generations", "RS.n.evaluations", 
"RS.cpu.time", "DF.cost", "DF.gamma", "DF.data.balancing", "DF.feature.selection", 
"DF.valid.acc", "DF.test.acc", "DF.train.time", "DF.n.support.vectors", 
"DF.index", "DF.n.solutions", "DF.generations", "DF.n.evaluations", 
"DF.cpu.time")))
