full <-
structure(c(50, 55, 60, 65, 70, 75, 80, 85, 90, 95, 100, 0.65996, 
0.34827, 0.19525, 1.53706, 0.58301, 0.50669, -0.40428, 12.15964, 
3.25613, -0.42648, 1.08471, -0.63804, -0.61146, -0.6757, -1.36018, 
-0.62878, -0.51257, -0.22728, -4.05416, -1.04961, -1.29777, -1.39697, 
0, 0, 0, 0, 0, 0, 0, 0, 0, 0, 0, 0, 0, 0, 0, 0, 0, 0, 0, 0, 0, 
0, 0.91988, 0.91995, 0.92219, 0.92413, 0.923, 0.92198, 0.92032, 
0.91492, 0.91378, 0.91274, 0.91331, 0.91598, 0.91762, 0.92111, 
0.92314, 0.92203, 0.91936, 0.91704, 0.91024, 0.90864, 0.9086, 
0.9113, 0.0624, 0.0752, 0.0843, 0.0965, 0.1096, 0.13, 0.1397, 
1.4221, 0.1831, 0.1745, 0.1984, 158.7, 176.1, 185.8, 177, 203.8, 
236.9, 266.2, 194.8, 241.7, 263.1, 269.4, 480, 387, 1585, 869, 
516, 125, 1297, 52, 183, 2398, 918, 438, 376, 65, 27, 618, 182, 
72, 131, 503, 2, 222, 100, 100, 100, 100, 100, 100, 100, 100, 
100, 100, 100, 2500, 2500, 2500, 2500, 2500, 2500, 2500, 2500, 
2500, 2500, 2500, 7813.479, 8967.978, 11226.165, 23646.902, 10104.651, 
9688.558, 10830.492, 47735.101, 11532.819, 42557.621, 14533.957, 
0.50584, 0.35663, 0.65094, 1.49951, 0.49855, 3.61052, 4.62667, 
6.75363, 3.19885, -0.4554, 1.18446, -0.34845, -0.57615, -0.42434, 
-1.35161, -0.75749, -1.27363, -1.46754, -2.91675, -0.82911, -1.32651, 
-1.37554, 0, 0, 0, 0, 0, 0, 0, 0, 0, 0, 0, 0, 0, 0, 0, 0, 0, 
0, 0, 0, 0, 0, 0.91856, 0.91995, 0.92002, 0.92413, 0.92205, 0.92197, 
0.92028, 0.9149, 0.91303, 0.91274, 0.91265, 0.91598, 0.91878, 
0.92111, 0.92314, 0.92203, 0.91846, 0.91619, 0.91178, 0.90791, 
0.9086, 0.91065, 0.064, 0.0752, 0.0904, 0.0948, 0.0992, 0.1311, 
0.1668, 0.2456, 0.1848, 0.1706, 0.1972, 168.2, 177.7, 194, 177.1, 
199.1, 191.7, 202.8, 196.8, 245.8, 261.7, 270.9, 708, 1840, 1601, 
1057, 1693, 78, 1020, 171, 1676, 634, 1781, 5, 1, 2, 1, 1, 2, 
1, 6, 1, 1, 1, 100, 100, 100, 100, 100, 100, 100, 100, 100, 100, 
100, 2500, 2500, 2500, 2500, 2500, 2500, 2500, 2500, 2500, 2500, 
2500, 9614.987, 10659.604, 11240.455, 11986.237, 11862.136, 12757.8, 
13725.867, 15297.104, 16206.331, 17832.925, 17405.049, 1, 1, 
1, 1, 1, 1, 1, 1, 1, 1, 1, 0.33333, 0.33333, 0.33333, 0.33333, 
0.33333, 0.33333, 0.33333, 0.33333, 0.33333, 0.33333, 0.33333, 
0, 0, 0, 0, 0, 0, 0, 0, 0, 0, 0, 0, 0, 0, 0, 0, 0, 0, 0, 0, 0, 
0, 0.91193, 0.91399, 0.91673, 0.91603, 0.91832, 0.91671, 0.917, 
0.91025, 0.90863, 0.90997, 0.90935, 0.91193, 0.91521, 0.91783, 
0.92212, 0.91735, 0.91758, 0.91702, 0.91025, 0.91082, 0.90791, 
0.90803, 0.0561, 0.0623, 0.0772, 0.081, 0.0933, 0.1063, 0.1187, 
0.1316, 0.1408, 0.1618, 0.18, 139.4, 150.1, 162.3, 168.6, 174.4, 
200.2, 203.1, 219.8, 233.6, 252.5, 259.2, 1, 1, 1, 1, 1, 1, 1, 
1, 1, 1, 1, 1, 1, 1, 1, 1, 1, 1, 1, 1, 1, 1, 1, 1, 1, 1, 1, 1, 
1, 1, 1, 1, 1, 1, 1, 1, 1, 1, 1, 1, 1, 1, 1, 1, 3.351, 3.373, 
3.577, 3.431, 3.539, 3.377, 3.593, 3.744, 3.605, 3.897, 4.307
), .Dim = c(11L, 40L), .Dimnames = list(NULL, c("Sampling", "PSO.cost", 
"PSO.gamma", "PSO.data.balancing", "PSO.feature.selection", "PSO.valid.acc", 
"PSO.test.acc", "PSO.train.time", "PSO.n.support.vectors", "PSO.index", 
"PSO.n.solutions", "PSO.generations", "PSO.n.evaluations", "PSO.cpu.time", 
"RS.cost", "RS.gamma", "RS.data.balancing", "RS.feature.selection", 
"RS.valid.acc", "RS.test.acc", "RS.train.time", "RS.n.support.vectors", 
"RS.index", "RS.n.solutions", "RS.generations", "RS.n.evaluations", 
"RS.cpu.time", "DF.cost", "DF.gamma", "DF.data.balancing", "DF.feature.selection", 
"DF.valid.acc", "DF.test.acc", "DF.train.time", "DF.n.support.vectors", 
"DF.index", "DF.n.solutions", "DF.generations", "DF.n.evaluations", 
"DF.cpu.time")))
