full <-
structure(c(50, 55, 60, 65, 70, 75, 80, 85, 90, 95, 100, 14.45384, 
1.71936, 13.1597, -0.05749, 2.25429, 6.49143, 0.97434, 0.67328, 
3.5588, 0.08874, 0.059, -11.00364, 1.11347, -7.00073, -1.89097, 
-0.14468, -2.73253, 0.0287, 0.64806, -1.69816, 0.28377, 0.47772, 
0, 0, 0, 0, 0, 0, 0, 0, 0, 0, 0, 0, 0, 0, 0, 0, 0, 0, 0, 0, 0, 
0, 0.90799, 0.91155, 0.91347, 0.91193, 0.91363, 0.91496, 0.91453, 
0.91257, 0.90718, 0.9086, 0.91059, 0.89871, 0.90561, 0.90907, 
0.90686, 0.90698, 0.90968, 0.91041, 0.90948, 0.9035, 0.90444, 
0.9073, 0.1468, 0.0973, 0.5452, 0.0761, 0.101, 0.1604, 0.1401, 
0.1866, 0.1837, 0.2122, 0.2221, 94, 265.5, 125.6, 162.9, 209.4, 
173.5, 260.9, 335.4, 231.3, 333.8, 362.1, 282, 1652, 83, 2409, 
1649, 20, 295, 412, 599, 473, 1484, 55, 3, 507, 1, 64, 285, 392, 
192, 165, 161, 41, 100, 100, 100, 100, 100, 100, 100, 100, 100, 
100, 100, 2500, 2500, 2500, 2500, 2500, 2500, 2500, 2500, 2500, 
2500, 2500, 11095.699, 12932.534, 18997.992, 11348.002, 11346.074, 
15212.697, 11519.48, 11406.501, 11972.108, 22168.445, 60887.109, 
13.411, 2.92865, 13.17391, 0.41369, 2.18535, 7.21111, 0.35798, 
0.90054, 1.1891, 0.30096, 0.15733, -10.47865, 0.18791, -6.85363, 
-2.07505, -0.12643, -3.11619, 0.85641, 0.34512, -0.70575, 0.03651, 
0.44383, 0, 0, 0, 0, 0, 0, 0, 0, 0, 0, 0, 0, 0, 0, 0, 0, 0, 0, 
0, 0, 0, 0, 0.90799, 0.91036, 0.91347, 0.91092, 0.91269, 0.91496, 
0.91287, 0.91103, 0.90644, 0.90791, 0.91059, 0.89871, 0.90319, 
0.90907, 0.90582, 0.90698, 0.90968, 0.91125, 0.91025, 0.90351, 
0.90513, 0.90664, 0.1346, 0.0634, 0.3364, 0.0767, 0.1013, 0.1837, 
0.1772, 0.1748, 0.1641, 0.2054, 0.2285, 96.1, 177.2, 124.9, 162.4, 
210.9, 170.9, 322.5, 310.9, 268.3, 318.5, 358.1, 1694, 149, 476, 
481, 1768, 13, 927, 574, 841, 494, 1712, 1, 1, 5, 1, 1, 4, 1, 
1, 3, 2, 1, 100, 100, 100, 100, 100, 100, 100, 100, 100, 100, 
100, 2500, 2500, 2500, 2500, 2500, 2500, 2500, 2500, 2500, 2500, 
2500, 10328.603, 9851.548, 7742.753, 12039.557, 11028.105, 13689.696, 
13588.099, 13634.42, 16912.853, 18945.371, 19498.468, 1, 1, 1, 
1, 1, 1, 1, 1, 1, 1, 1, 0.33333, 0.33333, 0.33333, 0.33333, 0.33333, 
0.33333, 0.33333, 0.33333, 0.33333, 0.33333, 0.33333, 0, 0, 0, 
0, 0, 0, 0, 0, 0, 0, 0, 0, 0, 0, 0, 0, 0, 0, 0, 0, 0, 0, 0.90264, 
0.90198, 0.90468, 0.91092, 0.90509, 0.9123, 0.90957, 0.90482, 
0.90498, 0.90167, 0.9047, 0.90262, 0.902, 0.90468, 0.90784, 0.90792, 
0.91143, 0.90873, 0.90715, 0.90424, 0.9051, 0.90798, 0.0541, 
0.0649, 0.0692, 0.0811, 0.0866, 0.1012, 0.1133, 0.0889, 0.1535, 
0.1679, 0.1816, 141.9, 154.2, 160.4, 171.7, 179.2, 193.1, 209.5, 
228.4, 242.4, 254.3, 260.4, 1, 1, 1, 1, 1, 1, 1, 1, 1, 1, 1, 
1, 1, 1, 1, 1, 1, 1, 1, 1, 1, 1, 1, 1, 1, 1, 1, 1, 1, 1, 1, 1, 
1, 1, 1, 1, 1, 1, 1, 1, 1, 1, 1, 1, 3.573, 3.357, 3.316, 3.925, 
3.497, 4.069, 3.76, 3.011, 4.668, 4.771, 4.846), .Dim = c(11L, 
40L), .Dimnames = list(NULL, c("Sampling", "PSO.cost", "PSO.gamma", 
"PSO.data.balancing", "PSO.feature.selection", "PSO.valid.acc", 
"PSO.test.acc", "PSO.train.time", "PSO.n.support.vectors", "PSO.index", 
"PSO.n.solutions", "PSO.generations", "PSO.n.evaluations", "PSO.cpu.time", 
"RS.cost", "RS.gamma", "RS.data.balancing", "RS.feature.selection", 
"RS.valid.acc", "RS.test.acc", "RS.train.time", "RS.n.support.vectors", 
"RS.index", "RS.n.solutions", "RS.generations", "RS.n.evaluations", 
"RS.cpu.time", "DF.cost", "DF.gamma", "DF.data.balancing", "DF.feature.selection", 
"DF.valid.acc", "DF.test.acc", "DF.train.time", "DF.n.support.vectors", 
"DF.index", "DF.n.solutions", "DF.generations", "DF.n.evaluations", 
"DF.cpu.time")))
