full <-
structure(c(50, 55, 60, 65, 70, 75, 80, 85, 90, 95, 100, -0.58345, 
1.09069, 3.23024, 10.42421, 1.27801, 1.30671, 2.65802, 2.12458, 
0.08369, 6.0034, 5.50328, -0.92092, -2.17226, -2.16896, -5.5786, 
-1.6055, -1.84286, -2.16658, -0.99654, -0.3721, -1.4677, -2.49429, 
0, 0, 0, 0, 0, 0, 0, 0, 0, 0, 0, 0, 0, 0, 0, 0, 0, 0, 0, 0, 0, 
0, 0.91189, 0.91395, 0.91999, 0.91608, 0.91728, 0.91493, 0.91288, 
0.91409, 0.9123, 0.9149, 0.91525, 0.90661, 0.90797, 0.91561, 
0.91807, 0.91446, 0.91493, 0.91202, 0.90867, 0.91157, 0.90794, 
0.91001, 0.0579, 0.0643, 0.0849, 0.3014, 0.1013, 0.1125, 0.1366, 
0.1581, 0.1754, 0.2383, 0.2627, 153.5, 144.9, 143, 135.7, 178.8, 
189.9, 191.3, 239.4, 280.6, 233.7, 239.8, 709, 362, 1005, 190, 
1386, 99, 1389, 925, 408, 2411, 623, 50, 54, 66, 327, 35, 209, 
39, 166, 330, 42, 154, 100, 100, 100, 100, 100, 100, 100, 100, 
100, 100, 100, 2500, 2500, 2500, 2500, 2500, 2500, 2500, 2500, 
2500, 2500, 2500, 11101.929, 8171.978, 9881.144, 14173.204, 9685.45699999999, 
11898.096, 16712.357, 11136.131, 12037.065, 18224.597, 20033.601, 
-0.25594, 1.71607, 4.88199, 8.92315, -0.06088, 7.88997, 14.65382, 
2.67027, 0.0338, 6.32002, 4.39001, -0.86499, -2.64022, -2.73533, 
-4.99065, -1.45948, -4.869, -7.53455, -1.33507, -0.3051, -1.58985, 
-1.84624, 0, 0, 0, 0, 0, 0, 0, 0, 0, 0, 0, 0, 0, 0, 0, 0, 0, 
0, 0, 0, 0, 0, 0.91189, 0.91157, 0.91889, 0.91608, 0.91639, 0.91493, 
0.91287, 0.91331, 0.91157, 0.91421, 0.91459, 0.90792, 0.90559, 
0.91666, 0.91807, 0.91642, 0.91316, 0.91202, 0.91022, 0.91157, 
0.90585, 0.90869, 0.059, 0.0629, 0.0972, 0.205, 0.0917, 0.2023, 
1.7953, 0.1585, 0.1752, 0.2458, 0.2501, 154.2, 136.4, 138.1, 
137.8, 180.5, 158, 165, 230.5, 282, 232.1, 249.8, 2440, 482, 
222, 1973, 1412, 332, 2178, 1249, 1270, 351, 1829, 1, 5, 1, 2, 
2, 4, 2, 2, 1, 1, 2, 100, 100, 100, 100, 100, 100, 100, 100, 
100, 100, 100, 2500, 2500, 2500, 2500, 2500, 2500, 2500, 2500, 
2500, 2500, 2500, 8621.454, 9289.824, 10299.157, 10799.807, 11438.061, 
12383.4, 13416.639, 15132.312, 15438.179, 17415.461, 18804.812, 
1, 1, 1, 1, 1, 1, 1, 1, 1, 1, 1, 0.33333, 0.33333, 0.33333, 0.33333, 
0.33333, 0.33333, 0.33333, 0.33333, 0.33333, 0.33333, 0.33333, 
0, 0, 0, 0, 0, 0, 0, 0, 0, 0, 0, 0, 0, 0, 0, 0, 0, 0, 0, 0, 0, 
0, 0.90927, 0.90919, 0.91671, 0.914, 0.91544, 0.91141, 0.91204, 
0.90867, 0.90863, 0.91139, 0.91065, 0.90792, 0.90559, 0.91668, 
0.91907, 0.91642, 0.91492, 0.91285, 0.9079, 0.91082, 0.91073, 
0.91064, 0.0527, 0.063, 0.0705, 0.0807, 0.0895, 0.1045, 0.1166, 
0.1367, 0.141, 0.1555, 0.1849, 142.6, 151.3, 159.4, 170.4, 178.8, 
190.4, 205.2, 225, 229.1, 242.6, 258.6, 1, 1, 1, 1, 1, 1, 1, 
1, 1, 1, 1, 1, 1, 1, 1, 1, 1, 1, 1, 1, 1, 1, 1, 1, 1, 1, 1, 1, 
1, 1, 1, 1, 1, 1, 1, 1, 1, 1, 1, 1, 1, 1, 1, 1, 2.901, 3.059, 
3.331, 3.219, 3.535, 3.665, 3.686, 3.987, 3.989, 3.987, 4.515
), .Dim = c(11L, 40L), .Dimnames = list(NULL, c("Sampling", "PSO.cost", 
"PSO.gamma", "PSO.data.balancing", "PSO.feature.selection", "PSO.valid.acc", 
"PSO.test.acc", "PSO.train.time", "PSO.n.support.vectors", "PSO.index", 
"PSO.n.solutions", "PSO.generations", "PSO.n.evaluations", "PSO.cpu.time", 
"RS.cost", "RS.gamma", "RS.data.balancing", "RS.feature.selection", 
"RS.valid.acc", "RS.test.acc", "RS.train.time", "RS.n.support.vectors", 
"RS.index", "RS.n.solutions", "RS.generations", "RS.n.evaluations", 
"RS.cpu.time", "DF.cost", "DF.gamma", "DF.data.balancing", "DF.feature.selection", 
"DF.valid.acc", "DF.test.acc", "DF.train.time", "DF.n.support.vectors", 
"DF.index", "DF.n.solutions", "DF.generations", "DF.n.evaluations", 
"DF.cpu.time")))
