full <-
structure(c(50, 55, 60, 65, 70, 75, 80, 85, 90, 95, 100, 5.4855, 
14.00657, 7.23329, 1.97717, 1.12592, 0.76514, 7.72146, 0.49697, 
10.57419, 2.01952, 6.68051, -2.89934, -6.79577, -4.2426, -3.06321, 
-2.1434, 0.00877, -4.70028, -0.12891, -5.84824, -2.66771, -2.23992, 
0, 0, 0, 0, 0, 0, 0, 0, 0, 0, 0, 0, 0, 0, 0, 0, 0, 0, 0, 0, 0, 
0, 0.91854, 0.91871, 0.9179, 0.91196, 0.91174, 0.91318, 0.91123, 
0.9118, 0.9145, 0.91207, 0.91323, 0.9146, 0.91514, 0.91133, 0.90993, 
0.90797, 0.90795, 0.90959, 0.90945, 0.91157, 0.9093, 0.9073, 
0.0791, 1.0787, 0.1563, 0.0945, 0.1052, 0.1348, 0.3034, 0.1532, 
0.8721, 0.1825, 0.3189, 119.7, 121.9, 141.5, 163.2, 188.1, 257.9, 
181.7, 273.6, 195.6, 229.8, 241.2, 538, 575, 856, 375, 1856, 
974, 82, 1633, 258, 184, 742, 84, 155, 40, 271, 1, 298, 359, 
1, 94, 158, 147, 100, 100, 100, 100, 100, 100, 100, 100, 100, 
100, 100, 2500, 2500, 2500, 2500, 2500, 2500, 2500, 2500, 2500, 
2500, 2500, 9066.015, 32599.486, 11003.987, 9684.327, 10812.25, 
14071.435, 13433.745, 24499.647, 36828.514, 20565.156, 17938.929, 
1.74274, 14.76897, 3.38693, 2.59851, 0.93262, 0.74472, 4.81819, 
1.29798, 0.93702, 5.00133, 4.99997, -2.01963, -7.09229, -3.26444, 
-3.49686, -1.27588, 0.12528, -3.60221, -0.02597, -1.67879, -3.5563, 
-1.58978, 0, 0, 0, 0, 0, 0, 0, 0, 0, 0, 0, 0, 0, 0, 0, 0, 0, 
0, 0, 0, 0, 0, 0.91853, 0.91751, 0.91575, 0.91196, 0.9108, 0.91142, 
0.91123, 0.91255, 0.91525, 0.91139, 0.91323, 0.91853, 0.91514, 
0.91023, 0.91094, 0.90519, 0.90884, 0.91041, 0.90869, 0.91086, 
0.90998, 0.90533, 0.0635, 1.4729, 0.0945, 0.1025, 0.1177, 0.1393, 
0.1809, 0.1568, 0.1621, 0.2297, 0.238, 130.1, 121.7, 146.6, 158.5, 
210.9, 265.8, 185.6, 274.1, 236.6, 217.5, 251.5, 953, 1293, 660, 
1180, 1287, 2252, 560, 1676, 2357, 333, 1296, 4, 4, 1, 2, 3, 
1, 9, 1, 1, 1, 1, 100, 100, 100, 100, 100, 100, 100, 100, 100, 
100, 100, 2500, 2500, 2500, 2500, 2500, 2500, 2500, 2500, 2500, 
2500, 2500, 10094.321, 11427.773, 12509.007, 12705.059, 13769.061, 
14459.935, 15135.478, 16295.143, 17335.725, 18294.587, 18290.104, 
1, 1, 1, 1, 1, 1, 1, 1, 1, 1, 1, 0.33333, 0.33333, 0.33333, 0.33333, 
0.33333, 0.33333, 0.33333, 0.33333, 0.33333, 0.33333, 0.33333, 
0, 0, 0, 0, 0, 0, 0, 0, 0, 0, 0, 0, 0, 0, 0, 0, 0, 0, 0, 0, 0, 
0, 0.91458, 0.91158, 0.91023, 0.90893, 0.9061, 0.90531, 0.90961, 
0.91022, 0.91376, 0.90929, 0.90996, 0.91454, 0.91158, 0.90913, 
0.91097, 0.90608, 0.90618, 0.90879, 0.90945, 0.9123, 0.90929, 
0.91325, 0.0573, 0.0667, 0.0784, 0.0889, 0.1088, 0.1157, 0.124, 
0.1397, 0.1557, 0.1675, 0.17, 143.5, 158, 175.9, 192.7, 206.8, 
209.4, 223.7, 225.5, 241.2, 256.2, 260.4, 1, 1, 1, 1, 1, 1, 1, 
1, 1, 1, 1, 1, 1, 1, 1, 1, 1, 1, 1, 1, 1, 1, 1, 1, 1, 1, 1, 1, 
1, 1, 1, 1, 1, 1, 1, 1, 1, 1, 1, 1, 1, 1, 1, 1, 3.223, 3.229, 
3.255, 3.207, 3.606, 3.803, 3.609, 3.961, 3.994, 4.062, 3.931
), .Dim = c(11L, 40L), .Dimnames = list(NULL, c("Sampling", "PSO.cost", 
"PSO.gamma", "PSO.data.balancing", "PSO.feature.selection", "PSO.valid.acc", 
"PSO.test.acc", "PSO.train.time", "PSO.n.support.vectors", "PSO.index", 
"PSO.n.solutions", "PSO.generations", "PSO.n.evaluations", "PSO.cpu.time", 
"RS.cost", "RS.gamma", "RS.data.balancing", "RS.feature.selection", 
"RS.valid.acc", "RS.test.acc", "RS.train.time", "RS.n.support.vectors", 
"RS.index", "RS.n.solutions", "RS.generations", "RS.n.evaluations", 
"RS.cpu.time", "DF.cost", "DF.gamma", "DF.data.balancing", "DF.feature.selection", 
"DF.valid.acc", "DF.test.acc", "DF.train.time", "DF.n.support.vectors", 
"DF.index", "DF.n.solutions", "DF.generations", "DF.n.evaluations", 
"DF.cpu.time")))
