full <-
structure(c(50, 55, 60, 65, 70, 75, 80, 85, 90, 95, 100, 5.81625, 
15, 1.21617, 14.98749, 1.8468, 2.86951, 2.72456, 3.01446, 4.34248, 
7.54121, 2.40236, -5.0928, -9.52085, 0.66434, -4.10793, 0.46479, 
-1.65202, -2.23165, -1.99335, -2.23227, -3.66235, -0.9341, 0, 
0, 0, 0, 0, 0, 0, 0, 0, 0, 0, 0, 0, 0, 0, 0, 0, 0, 0, 0, 0, 0, 
0.90674, 0.90794, 0.91227, 0.90593, 0.91167, 0.9097, 0.91364, 
0.90947, 0.90866, 0.91001, 0.91323, 0.90674, 0.90073, 0.91121, 
0.89571, 0.90231, 0.90884, 0.91033, 0.90789, 0.91156, 0.90587, 
0.90799, 0.0772, 0.4875, 0.1169, 2.3865, 0.1311, 0.1275, 0.1377, 
0.1551, 0.1951, 0.3295, 0.219, 116.6, 112, 265.8, 162.1, 277.2, 
200.2, 196.4, 212.5, 220.8, 217.7, 274.8, 212, 1456, 810, 374, 
1844, 2026, 1185, 70, 1223, 574, 1285, 167, 9, 311, 192, 8, 1, 
130, 434, 13, 98, 64, 100, 100, 100, 100, 100, 100, 100, 100, 
100, 100, 100, 2500, 2500, 2500, 2500, 2500, 2500, 2500, 2500, 
2500, 2500, 2500, 10641.024, 10620.615, 9937.099, 45994.651, 
11789.063, 17297.389, 10297.379, 10422.653, 12649.433, 15336.416, 
16950.583, 0.75902, 13.97579, 0.92096, 0.18191, 1.08213, 3.07687, 
2.8068, 5.36983, -0.25675, 2.30829, 6.82133, 0.8949, -8.9979, 
0.38026, 0.68222, 0.48039, -1.78478, -2.149, -3.21324, -0.63405, 
-1.30972, -2.29214, 0, 0, 0, 0, 0, 0, 0, 0, 0, 0, 0, 0, 0, 0, 
0, 0, 0, 0, 0, 0, 0, 0, 0.90793, 0.90794, 0.909, 0.90496, 0.90979, 
0.90883, 0.91363, 0.90947, 0.90866, 0.90998, 0.91256, 0.90667, 
0.90073, 0.90574, 0.90292, 0.90606, 0.90795, 0.91033, 0.90556, 
0.90645, 0.9038, 0.90994, 0.0963, 0.467, 0.102, 0.1285, 0.1355, 
0.1266, 0.1329, 0.1819, 0.1606, 0.1988, 0.3225, 253.7, 114.9, 
248.4, 283.8, 283.3, 195.2, 200, 194.9, 271.2, 255.4, 240.8, 
1345, 510, 2262, 641, 324, 2362, 1148, 1381, 1670, 478, 1056, 
1, 2, 1, 1, 2, 1, 1, 1, 1, 1, 2, 100, 100, 100, 100, 100, 100, 
100, 100, 100, 100, 100, 2500, 2500, 2500, 2500, 2500, 2500, 
2500, 2500, 2500, 2500, 2500, 10050.963, 10573.495, 10775.049, 
11258.018, 11824.478, 12416.419, 12586.278, 13603.493, 16236.465, 
16916.316, 18157.263, 1, 1, 1, 1, 1, 1, 1, 1, 1, 1, 1, 0.33333, 
0.33333, 0.33333, 0.33333, 0.33333, 0.33333, 0.33333, 0.33333, 
0.33333, 0.33333, 0.33333, 0, 0, 0, 0, 0, 0, 0, 0, 0, 0, 0, 0, 
0, 0, 0, 0, 0, 0, 0, 0, 0, 0, 0.90275, 0.90433, 0.90354, 0.90185, 
0.90416, 0.90443, 0.91117, 0.90714, 0.90426, 0.90586, 0.90861, 
0.90411, 0.90552, 0.90247, 0.90085, 0.90416, 0.90267, 0.90624, 
0.90635, 0.90425, 0.90447, 0.906, 0.0589, 0.066, 0.0714, 0.0838, 
0.0951, 0.1103, 0.1137, 0.1281, 0.1439, 0.1653, 0.1781, 147.7, 
156.9, 166.9, 181.3, 192.4, 208.1, 209, 224.2, 235.1, 250.1, 
256.3, 1, 1, 1, 1, 1, 1, 1, 1, 1, 1, 1, 1, 1, 1, 1, 1, 1, 1, 
1, 1, 1, 1, 1, 1, 1, 1, 1, 1, 1, 1, 1, 1, 1, 1, 1, 1, 1, 1, 1, 
1, 1, 1, 1, 1, 3.231, 3.277, 3.14, 3.467, 3.587, 3.6, 3.591, 
3.846, 4.002, 4.251, 4.388), .Dim = c(11L, 40L), .Dimnames = list(
    NULL, c("Sampling", "PSO.cost", "PSO.gamma", "PSO.data.balancing", 
    "PSO.feature.selection", "PSO.valid.acc", "PSO.test.acc", 
    "PSO.train.time", "PSO.n.support.vectors", "PSO.index", "PSO.n.solutions", 
    "PSO.generations", "PSO.n.evaluations", "PSO.cpu.time", "RS.cost", 
    "RS.gamma", "RS.data.balancing", "RS.feature.selection", 
    "RS.valid.acc", "RS.test.acc", "RS.train.time", "RS.n.support.vectors", 
    "RS.index", "RS.n.solutions", "RS.generations", "RS.n.evaluations", 
    "RS.cpu.time", "DF.cost", "DF.gamma", "DF.data.balancing", 
    "DF.feature.selection", "DF.valid.acc", "DF.test.acc", "DF.train.time", 
    "DF.n.support.vectors", "DF.index", "DF.n.solutions", "DF.generations", 
    "DF.n.evaluations", "DF.cpu.time")))
