full <-
structure(c(50, 55, 60, 65, 70, 75, 80, 85, 90, 95, 100, 15, 
11.68275, 15, -0.60645, 4.17444, 3.76164, 11.88966, 12.35587, 
11.35407, 1.27844, 15, -14.46874, -9.64103, -6.42034, -0.63936, 
-5.07295, -0.27678, -7.24753, -6.87215, -4.04784, 0.52774, -5.71767, 
0, 0, 0, 0, 0, 0, 0, 0, 0, 0, 0, 0, 0, 0, 0, 0, 0, 0, 0, 0, 0, 
0, 0.90663, 0.90921, 0.91338, 0.90893, 0.90518, 0.90876, 0.91121, 
0.90793, 0.91302, 0.9121, 0.91324, 0.90404, 0.9033, 0.9046, 0.9069, 
0.90611, 0.90356, 0.90467, 0.9079, 0.90422, 0.9107, 0.90927, 
0.0573, 0.0711, 1.1652, 0.0858, 0.0805, 0.1168, 0.4229, 0.4288, 
0.9197, 0.2046, 4.1832, 88.5, 96.6, 128, 189.9, 136.5, 200.7, 
156.1, 175.4, 200.6, 339.8, 218.1, 2162, 385, 122, 1233, 65, 
456, 815, 886, 1061, 931, 89, 4, 114, 162, 68, 111, 331, 56, 
14, 121, 136, 324, 100, 100, 100, 100, 100, 100, 100, 100, 100, 
100, 100, 2500, 2500, 2500, 2500, 2500, 2500, 2500, 2500, 2500, 
2500, 2500, 7986.343, 8374.368, 24126.06, 9542.81200000001, 11520.643, 
10402.937, 24419.767, 22127.779, 33421.524, 13060.554, 88458.098, 
5.37174, 0.02798, 14.30009, -0.38675, 0.23905, 3.98358, 11.97283, 
-0.06305, 12.04469, 0.83068, 12.8716, -1.11205, 0.0407, -8.42209, 
-0.68496, -1.86874, -0.1503, -7.28235, -0.39323, -4.37064, 0.6645, 
-5.09352, 0, 0, 0, 0, 0, 0, 0, 0, 0, 0, 0, 0, 0, 0, 0, 0, 0, 
0, 0, 0, 0, 0, 0.90673, 0.91048, 0.91232, 0.90892, 0.90518, 0.90874, 
0.91121, 0.90792, 0.91229, 0.9121, 0.91324, 0.90024, 0.90685, 
0.90568, 0.90588, 0.90609, 0.9053, 0.90467, 0.91024, 0.90569, 
0.9107, 0.90664, 0.0646, 0.0744, 0.2791, 0.0835, 0.0872, 0.1202, 
0.2499, 0.1467, 1.2685, 0.1476, 2.714, 130.7, 197.7, 111.5, 189, 
177.8, 202.8, 156, 267.5, 199.6, 352.3, 219.8, 757, 1377, 106, 
1041, 680, 858, 1147, 172, 771, 1693, 1885, 1, 1, 8, 1, 4, 1, 
1, 4, 2, 1, 1, 100, 100, 100, 100, 100, 100, 100, 100, 100, 100, 
100, 2500, 2500, 2500, 2500, 2500, 2500, 2500, 2500, 2500, 2500, 
2500, 8689.292, 9121.501, 9415.867, 10285.431, 11951.949, 12543.718, 
9398.95499999999, 13929.472, 15879.771, 13501.924, 18155.2, 1, 
1, 1, 1, 1, 1, 1, 1, 1, 1, 1, 0.33333, 0.33333, 0.33333, 0.33333, 
0.33333, 0.33333, 0.33333, 0.33333, 0.33333, 0.33333, 0.33333, 
0, 0, 0, 0, 0, 0, 0, 0, 0, 0, 0, 0, 0, 0, 0, 0, 0, 0, 0, 0, 0, 
0, 0.90011, 0.90326, 0.909, 0.90385, 0.90424, 0.90441, 0.90711, 
0.90405, 0.90863, 0.90793, 0.90929, 0.90275, 0.90447, 0.90898, 
0.90485, 0.90609, 0.90266, 0.90466, 0.90483, 0.90571, 0.90864, 
0.91192, 0.0522, 0.0607, 0.0664, 0.0754, 0.0952, 0.1009, 0.0743, 
0.1236, 0.1444, 0.1508, 0.1725, 134, 145.6, 154, 167.4, 184.6, 
193.9, 204.2, 216.7, 231.7, 240.3, 258.6, 1, 1, 1, 1, 1, 1, 1, 
1, 1, 1, 1, 1, 1, 1, 1, 1, 1, 1, 1, 1, 1, 1, 1, 1, 1, 1, 1, 1, 
1, 1, 1, 1, 1, 1, 1, 1, 1, 1, 1, 1, 1, 1, 1, 1, 3.223, 3.295, 
3.241, 3.571, 4.098, 4.024, 2.877, 3.921, 4.194, 4.332, 4.518
), .Dim = c(11L, 40L), .Dimnames = list(NULL, c("Sampling", "PSO.cost", 
"PSO.gamma", "PSO.data.balancing", "PSO.feature.selection", "PSO.valid.acc", 
"PSO.test.acc", "PSO.train.time", "PSO.n.support.vectors", "PSO.index", 
"PSO.n.solutions", "PSO.generations", "PSO.n.evaluations", "PSO.cpu.time", 
"RS.cost", "RS.gamma", "RS.data.balancing", "RS.feature.selection", 
"RS.valid.acc", "RS.test.acc", "RS.train.time", "RS.n.support.vectors", 
"RS.index", "RS.n.solutions", "RS.generations", "RS.n.evaluations", 
"RS.cpu.time", "DF.cost", "DF.gamma", "DF.data.balancing", "DF.feature.selection", 
"DF.valid.acc", "DF.test.acc", "DF.train.time", "DF.n.support.vectors", 
"DF.index", "DF.n.solutions", "DF.generations", "DF.n.evaluations", 
"DF.cpu.time")))
