full <-
structure(c(50, 55, 60, 65, 70, 75, 80, 85, 90, 95, 100, 0.29017, 
8.27101, 0.13731, 1.56293, 2.91723, 12.06746, 1.92814, 9.71019, 
2.0842, -0.48293, 0.33543, 0.4128, -7.2559, 0.05255, -1.20368, 
-2.94179, -7.03114, -2.01658, -4.22339, -2.27163, -0.91311, 0.14491, 
0, 0, 0, 0, 0, 0, 0, 0, 0, 0, 0, 0, 0, 0, 0, 0, 0, 0, 0, 0, 0, 
0, 0.91593, 0.91155, 0.91676, 0.91707, 0.91352, 0.91322, 0.9145, 
0.91257, 0.9123, 0.91275, 0.91193, 0.91593, 0.9068, 0.91126, 
0.91705, 0.91165, 0.90972, 0.91453, 0.90482, 0.90717, 0.91204, 
0.90733, 0.0618, 0.201, 0.0768, 0.0898, 0.1033, 0.6996, 0.1208, 
0.4605, 0.1391, 0.1496, 0.1949, 200.4, 159.7, 209.5, 186.3, 171.7, 
158.5, 196.3, 189.4, 215.1, 268.6, 335.5, 1054, 873, 1833, 49, 
1324, 199, 388, 897, 351, 2059, 1228, 69, 46, 26, 465, 10, 391, 
67, 30, 422, 5, 83, 100, 100, 100, 100, 100, 100, 100, 100, 100, 
100, 100, 2500, 2500, 2500, 2500, 2500, 2500, 2500, 2500, 2500, 
2500, 2500, 7548.314, 11696.251, 8246.488, 9024.931, 9777.789, 
18041.603, 11410.094, 30180.982, 10476.549, 52081.715, 23476.173, 
0.33349, 14.18641, 0.34173, 1.74285, 2.24075, 0.6223, 3.75914, 
3.83381, 2.64941, -0.30541, 0.47334, 0.33615, -10.31128, 0.26716, 
-1.20189, -1.80738, -0.2367, -3.07936, -2.22716, -2.54332, -0.72092, 
0.7589, 0, 0, 0, 0, 0, 0, 0, 0, 0, 0, 0, 0, 0, 0, 0, 0, 0, 0, 
0, 0, 0, 0, 0.91457, 0.91155, 0.91457, 0.91707, 0.91259, 0.91411, 
0.91369, 0.91104, 0.91083, 0.91274, 0.90997, 0.91593, 0.9068, 
0.91457, 0.91603, 0.91351, 0.91499, 0.91617, 0.90328, 0.90571, 
0.91273, 0.90472, 0.0611, 0.5931, 0.0841, 0.089, 0.1022, 0.1128, 
0.136, 0.1551, 0.1543, 0.1677, 0.2299, 194.4, 113.1, 222.8, 185.2, 
182.1, 239.2, 183.2, 204.7, 211, 280, 384.2, 2423, 150, 361, 
664, 668, 2398, 317, 550, 838, 1623, 1107, 1, 4, 1, 1, 6, 1, 
6, 2, 4, 1, 1, 100, 100, 100, 100, 100, 100, 100, 100, 100, 100, 
100, 2500, 2500, 2500, 2500, 2500, 2500, 2500, 2500, 2500, 2500, 
2500, 9069.19, 10145.537, 10711.365, 11381.88, 11873.591, 12305.347, 
13373.009, 14722.316, 15208.444, 16034.211, 16683.245, 1, 1, 
1, 1, 1, 1, 1, 1, 1, 1, 1, 0.33333, 0.33333, 0.33333, 0.33333, 
0.33333, 0.33333, 0.33333, 0.33333, 0.33333, 0.33333, 0.33333, 
0, 0, 0, 0, 0, 0, 0, 0, 0, 0, 0, 0, 0, 0, 0, 0, 0, 0, 0, 0, 0, 
0, 0.90803, 0.90918, 0.90684, 0.91101, 0.90882, 0.91146, 0.90876, 
0.90869, 0.90791, 0.90859, 0.90602, 0.90803, 0.90804, 0.90685, 
0.90998, 0.90977, 0.91147, 0.9096, 0.9056, 0.90571, 0.91203, 
0.90863, 0.0498, 0.0604, 0.069, 0.0798, 0.0915, 0.0965, 0.1056, 
0.12, 0.1341, 0.1424, 0.1573, 145.3, 151.5, 167.3, 178.8, 193.8, 
198.8, 208.1, 227.4, 235.8, 242.6, 258.4, 1, 1, 1, 1, 1, 1, 1, 
1, 1, 1, 1, 1, 1, 1, 1, 1, 1, 1, 1, 1, 1, 1, 1, 1, 1, 1, 1, 1, 
1, 1, 1, 1, 1, 1, 1, 1, 1, 1, 1, 1, 1, 1, 1, 1, 2.807, 3.017, 
3.45, 3.363, 3.43, 3.379, 3.374, 3.464, 3.878, 3.642, 3.798), .Dim = c(11L, 
40L), .Dimnames = list(NULL, c("Sampling", "PSO.cost", "PSO.gamma", 
"PSO.data.balancing", "PSO.feature.selection", "PSO.valid.acc", 
"PSO.test.acc", "PSO.train.time", "PSO.n.support.vectors", "PSO.index", 
"PSO.n.solutions", "PSO.generations", "PSO.n.evaluations", "PSO.cpu.time", 
"RS.cost", "RS.gamma", "RS.data.balancing", "RS.feature.selection", 
"RS.valid.acc", "RS.test.acc", "RS.train.time", "RS.n.support.vectors", 
"RS.index", "RS.n.solutions", "RS.generations", "RS.n.evaluations", 
"RS.cpu.time", "DF.cost", "DF.gamma", "DF.data.balancing", "DF.feature.selection", 
"DF.valid.acc", "DF.test.acc", "DF.train.time", "DF.n.support.vectors", 
"DF.index", "DF.n.solutions", "DF.generations", "DF.n.evaluations", 
"DF.cpu.time")))
