full <-
structure(c(50, 55, 60, 65, 70, 75, 80, 85, 90, 95, 100, -0.2955, 
6.44858, -0.50025, 11.27672, 6.72271, 7.07244, 6.40845, 5.45122, 
10.55106, 6.26068, 0.86609, -0.99093, -2.01628, -0.80399, -4.45864, 
-3.13053, -3.4665, -3.21915, -4.06332, -3.42119, -2.46715, -1.36282, 
0, 0, 0, 0, 0, 0, 0, 0, 0, 0, 0, 0, 0, 0, 0, 0, 0, 0, 0, 0, 0, 
0, 0.91585, 0.91883, 0.91668, 0.90696, 0.90891, 0.90797, 0.90954, 
0.90873, 0.90575, 0.90997, 0.91327, 0.9119, 0.90922, 0.91233, 
0.90393, 0.90702, 0.9062, 0.90546, 0.9041, 0.89989, 0.90586, 
0.90801, 0.0543, 0.0879, 0.0779, 0.5518, 0.1722, 0.2033, 0.1257, 
0.1966, 0.8446, 0.2747, 0.2013, 157.3, 138, 184.8, 156.7, 173.4, 
178.1, 188.2, 195.5, 218.7, 234.1, 275.2, 962, 756, 709, 510, 
667, 2030, 63, 765, 382, 2402, 253, 261, 37, 340, 73, 48, 10, 
76, 138, 59, 240, 622, 100, 100, 100, 100, 100, 100, 100, 100, 
100, 100, 100, 2500, 2500, 2500, 2500, 2500, 2500, 2500, 2500, 
2500, 2500, 2500, 7365.625, 9764.949, 8130.609, 13110.783, 14874.456, 
14174.965, 22932.371, 12743.426, 26193.811, 17865.208, 13518.927, 
-0.30513, 7.39231, -0.468, 10.75786, 7.65369, 9.93474, 5.69323, 
5.29235, 1.37921, 8.21112, 0.83125, -0.83013, -2.24953, -0.98267, 
-4.33275, -3.55742, -5.10824, -2.92574, -3.90929, -0.64694, -3.28173, 
-1.40255, 0, 0, 0, 0, 0, 0, 0, 0, 0, 0, 0, 0, 0, 0, 0, 0, 0, 
0, 0, 0, 0, 0, 0.91455, 0.91763, 0.9145, 0.90696, 0.90798, 0.90706, 
0.90954, 0.90796, 0.90503, 0.90927, 0.91327, 0.91057, 0.91047, 
0.91233, 0.90393, 0.90702, 0.90266, 0.90546, 0.90333, 0.90284, 
0.90517, 0.90867, 0.0576, 0.1005, 0.077, 0.4641, 0.2095, 0.4379, 
0.1759, 0.2017, 0.1745, 0.4317, 0.1925, 159.2, 136.8, 179.1, 
157.3, 169.9, 169.7, 189.7, 195.1, 274.1, 224.9, 271.6, 1035, 
1767, 974, 1709, 1253, 1862, 1227, 662, 1077, 1605, 1491, 1, 
1, 1, 1, 3, 1, 2, 2, 1, 1, 1, 100, 100, 100, 100, 100, 100, 100, 
100, 100, 100, 100, 2500, 2500, 2500, 2500, 2500, 2500, 2500, 
2500, 2500, 2500, 2500, 8383.473, 8992.011, 9679.994, 10650.646, 
11698.845, 11452.578, 13036.987, 16869.754, 15170.334, 18541.523, 
19861.815, 1, 1, 1, 1, 1, 1, 1, 1, 1, 1, 1, 0.33333, 0.33333, 
0.33333, 0.33333, 0.33333, 0.33333, 0.33333, 0.33333, 0.33333, 
0.33333, 0.33333, 0, 0, 0, 0, 0, 0, 0, 0, 0, 0, 0, 0, 0, 0, 0, 
0, 0, 0, 0, 0, 0, 0, 0.90927, 0.90922, 0.91122, 0.9029, 0.90512, 
0.90183, 0.90381, 0.90409, 0.90282, 0.90378, 0.90867, 0.9119, 
0.90926, 0.91015, 0.90493, 0.90514, 0.90183, 0.90383, 0.90487, 
0.90135, 0.90447, 0.90801, 0.0513, 0.0618, 0.0733, 0.0851, 0.0997, 
0.071, 0.118, 0.1329, 0.1489, 0.1697, 0.1676, 144.3, 150.1, 162.1, 
183.1, 194.8, 206.9, 215.6, 231.8, 242.3, 251.4, 259.5, 1, 1, 
1, 1, 1, 1, 1, 1, 1, 1, 1, 1, 1, 1, 1, 1, 1, 1, 1, 1, 1, 1, 1, 
1, 1, 1, 1, 1, 1, 1, 1, 1, 1, 1, 1, 1, 1, 1, 1, 1, 1, 1, 1, 1, 
2.826, 3.017, 3.153, 3.273, 3.456, 2.643, 3.58, 4.539, 3.917, 
5.011, 4.679), .Dim = c(11L, 40L), .Dimnames = list(NULL, c("Sampling", 
"PSO.cost", "PSO.gamma", "PSO.data.balancing", "PSO.feature.selection", 
"PSO.valid.acc", "PSO.test.acc", "PSO.train.time", "PSO.n.support.vectors", 
"PSO.index", "PSO.n.solutions", "PSO.generations", "PSO.n.evaluations", 
"PSO.cpu.time", "RS.cost", "RS.gamma", "RS.data.balancing", "RS.feature.selection", 
"RS.valid.acc", "RS.test.acc", "RS.train.time", "RS.n.support.vectors", 
"RS.index", "RS.n.solutions", "RS.generations", "RS.n.evaluations", 
"RS.cpu.time", "DF.cost", "DF.gamma", "DF.data.balancing", "DF.feature.selection", 
"DF.valid.acc", "DF.test.acc", "DF.train.time", "DF.n.support.vectors", 
"DF.index", "DF.n.solutions", "DF.generations", "DF.n.evaluations", 
"DF.cpu.time")))
