full <-
structure(c(50, 55, 60, 65, 70, 75, 80, 85, 90, 95, 100, -0.29715, 
10.99087, 2.21042, 0.36952, 1.61144, 3.1865, 0.17605, -0.13052, 
0.07567, 0.41412, 5.77336, -0.13185, -6.8915, -1.6495, 0.82742, 
-0.00267, -2.3799, -0.41369, -0.18839, -1.02184, -0.82447, -4.25784, 
0, 0, 0, 0, 0, 0, 0, 0, 0, 0, 0, 0, 0, 0, 0, 0, 0, 0, 0, 0, 0, 
0, 0.91591, 0.9127, 0.91561, 0.91097, 0.91073, 0.91056, 0.91446, 
0.91332, 0.91377, 0.9162, 0.91324, 0.91331, 0.91028, 0.91232, 
0.90588, 0.90792, 0.90353, 0.91037, 0.90947, 0.91158, 0.9169, 
0.908, 0.0635, 0.2512, 0.0966, 0.1297, 0.1096, 0.1318, 0.1315, 
0.1585, 0.1613, 0.1894, 0.2607, 178.8, 116.9, 164.4, 284, 235.1, 
181.8, 247.6, 286.8, 262.5, 282.2, 218.4, 840, 551, 111, 725, 
2036, 1965, 681, 247, 227, 429, 2274, 87, 36, 458, 317, 5, 25, 
139, 61, 545, 453, 2, 100, 100, 100, 100, 100, 100, 100, 100, 
100, 100, 100, 2500, 2500, 2500, 2500, 2500, 2500, 2500, 2500, 
2500, 2500, 2500, 8329.916, 15516.696, 10093.493, 11125.612, 
10763.847, 13468.952, 10464.358, 12522.278, 11339.972, 13020.909, 
30370.518, 0.22731, -0.07801, -0.32078, 0.58428, 1.18842, 0.57703, 
0.09381, 0.42615, 0.40624, 0.05459, -0.01342, 0.32835, 0.89417, 
0.41785, 1.1764, 0.70497, -1.09316, -0.20208, -0.29135, -1.21645, 
-0.79148, 0.15395, 0, 0, 0, 0, 0, 0, 0, 0, 0, 0, 0, 0, 0, 0, 
0, 0, 0, 0, 0, 0, 0, 0, 0.91463, 0.91509, 0.91455, 0.91096, 0.91074, 
0.90881, 0.91446, 0.91255, 0.91377, 0.91551, 0.9126, 0.91196, 
0.91268, 0.91453, 0.90389, 0.90606, 0.90529, 0.91119, 0.9087, 
0.91084, 0.91552, 0.90867, 0.0684, 0.1012, 0.1, 0.1385, 0.1244, 
0.1178, 0.1454, 0.1652, 0.1619, 0.1786, 0.2357, 200.5, 257.3, 
237.9, 321.7, 282.1, 222.3, 257.5, 283.1, 255.7, 281.1, 337.9, 
2209, 724, 1815, 2189, 578, 1916, 563, 585, 363, 513, 948, 1, 
1, 1, 1, 1, 2, 1, 2, 3, 2, 3, 100, 100, 100, 100, 100, 100, 100, 
100, 100, 100, 100, 2500, 2500, 2500, 2500, 2500, 2500, 2500, 
2500, 2500, 2500, 2500, 9458.697, 12076.867, 12883.777, 12683.586, 
13558.202, 14078.182, 14895.739, 16086.738, 17068.28, 17850.027, 
18152.402, 1, 1, 1, 1, 1, 1, 1, 1, 1, 1, 1, 0.33333, 0.33333, 
0.33333, 0.33333, 0.33333, 0.33333, 0.33333, 0.33333, 0.33333, 
0.33333, 0.33333, 0, 0, 0, 0, 0, 0, 0, 0, 0, 0, 0, 0, 0, 0, 0, 
0, 0, 0, 0, 0, 0, 0, 0.91323, 0.91031, 0.91126, 0.9049, 0.90791, 
0.90617, 0.90956, 0.91024, 0.91085, 0.91344, 0.91062, 0.91061, 
0.90909, 0.91126, 0.90488, 0.90509, 0.90442, 0.90791, 0.91024, 
0.90939, 0.91483, 0.90865, 0.0559, 0.0728, 0.085, 0.0924, 0.0971, 
0.1118, 0.1214, 0.1354, 0.1543, 0.1715, 0.1848, 139.1, 155.1, 
171.3, 189.1, 194, 205.5, 215, 232.5, 241.7, 253.7, 260, 1, 1, 
1, 1, 1, 1, 1, 1, 1, 1, 1, 1, 1, 1, 1, 1, 1, 1, 1, 1, 1, 1, 1, 
1, 1, 1, 1, 1, 1, 1, 1, 1, 1, 1, 1, 1, 1, 1, 1, 1, 1, 1, 1, 1, 
3.295, 3.889, 4.005, 3.507, 3.473, 3.748, 3.863, 4.051, 4.252, 
4.4, 4.72), .Dim = c(11L, 40L), .Dimnames = list(NULL, c("Sampling", 
"PSO.cost", "PSO.gamma", "PSO.data.balancing", "PSO.feature.selection", 
"PSO.valid.acc", "PSO.test.acc", "PSO.train.time", "PSO.n.support.vectors", 
"PSO.index", "PSO.n.solutions", "PSO.generations", "PSO.n.evaluations", 
"PSO.cpu.time", "RS.cost", "RS.gamma", "RS.data.balancing", "RS.feature.selection", 
"RS.valid.acc", "RS.test.acc", "RS.train.time", "RS.n.support.vectors", 
"RS.index", "RS.n.solutions", "RS.generations", "RS.n.evaluations", 
"RS.cpu.time", "DF.cost", "DF.gamma", "DF.data.balancing", "DF.feature.selection", 
"DF.valid.acc", "DF.test.acc", "DF.train.time", "DF.n.support.vectors", 
"DF.index", "DF.n.solutions", "DF.generations", "DF.n.evaluations", 
"DF.cpu.time")))
