full <-
structure(c(50, 55, 60, 65, 70, 75, 80, 85, 90, 95, 100, 0.43553, 
0.46148, 7.21141, 1.25863, 1.7392, -0.19422, 10.4226, 0.92933, 
-0.23782, 7.71006, 0.77397, 0.5644, 1.18303, -2.56844, 0.5021, 
-2.35141, -0.14513, -4.15879, -1.99218, 0.04848, -2.31951, -0.91377, 
0, 0, 0, 0, 0, 0, 0, 0, 0, 0, 0, 0, 0, 0, 0, 0, 0, 0, 0, 0, 0, 
0, 0.91585, 0.90916, 0.91355, 0.91306, 0.91262, 0.90712, 0.91289, 
0.91107, 0.91086, 0.91143, 0.91522, 0.91324, 0.90913, 0.90588, 
0.90902, 0.907, 0.90363, 0.90796, 0.90645, 0.91013, 0.90521, 
0.9093, 0.0819, 0.1141, 0.1164, 0.1141, 0.0964, 0.1224, 0.5756, 
0.1336, 0.1789, 0.342, 0.2033, 217.6, 288.2, 143.7, 258.2, 176.9, 
251, 184.7, 220.7, 313.4, 235.2, 291.1, 145, 1171, 779, 686, 
1312, 740, 422, 1841, 781, 1632, 842, 804, 28, 10, 56, 39, 407, 
51, 11, 24, 15, 341, 100, 100, 100, 100, 100, 100, 100, 100, 
100, 100, 100, 2500, 2500, 2500, 2500, 2500, 2500, 2500, 2500, 
2500, 2500, 2500, 9464.927, 9819.726, 9380.702, 9827.42000000001, 
12678.48, 11068.281, 17418.551, 9843.758, 10898.876, 18579.207, 
13570.775, 10.77058, -0.70603, 7.34561, 2.20275, 7.73971, -0.02789, 
9.70572, 1.34687, 8.96218, 3.14672, 0.51652, -10.29559, -3.25951, 
-2.6085, 0.18835, -3.78051, -0.33821, -3.90091, -2.1835, -3.42572, 
-2.05308, -0.81949, 0, 0, 0, 0, 0, 0, 0, 0, 0, 0, 0, 0, 0, 0, 
0, 0, 0, 0, 0, 0, 0, 0, 0.91585, 0.91032, 0.91355, 0.91205, 0.91166, 
0.90712, 0.91287, 0.90954, 0.9101, 0.91072, 0.91456, 0.91056, 
0.90912, 0.90588, 0.90896, 0.90419, 0.90363, 0.90796, 0.90568, 
0.90572, 0.90796, 0.90864, 0.0857, 0.0562, 0.1167, 0.1061, 0.1998, 
0.1216, 0.4567, 0.1375, 0.514, 0.1997, 0.1991, 111.2, 137.1, 
143.5, 226.6, 163.9, 241.7, 184.4, 216.8, 215.2, 235.8, 292.9, 
1, 183, 2179, 556, 221, 127, 1738, 2439, 834, 825, 1424, 17, 
3, 1, 1, 2, 1, 1, 1, 2, 4, 1, 100, 100, 100, 100, 100, 100, 100, 
100, 100, 100, 100, 2500, 2500, 2500, 2500, 2500, 2500, 2500, 
2500, 2500, 2500, 2500, 8719.792, 10060.487, 10297.756, 11045.835, 
11587.63, 12591.686, 13299.126, 14426.975, 17493.738, 16767.825, 
18411.202, 1, 1, 1, 1, 1, 1, 1, 1, 1, 1, 1, 0.33333, 0.33333, 
0.33333, 0.33333, 0.33333, 0.33333, 0.33333, 0.33333, 0.33333, 
0.33333, 0.33333, 0, 0, 0, 0, 0, 0, 0, 0, 0, 0, 0, 0, 0, 0, 0, 
0, 0, 0, 0, 0, 0, 0, 0.91452, 0.90555, 0.90476, 0.90998, 0.90696, 
0.90016, 0.90467, 0.90644, 0.90864, 0.90656, 0.91128, 0.91585, 
0.90675, 0.90584, 0.90898, 0.90696, 0.90192, 0.90793, 0.90721, 
0.90645, 0.90517, 0.90993, 0.0534, 0.0658, 0.0707, 0.0803, 0.0897, 
0.1032, 0.1126, 0.1276, 0.1538, 0.1619, 0.1711, 135.4, 155.9, 
163.6, 174.7, 187.4, 202.6, 207.5, 227.9, 245, 249.8, 252.7, 
1, 1, 1, 1, 1, 1, 1, 1, 1, 1, 1, 1, 1, 1, 1, 1, 1, 1, 1, 1, 1, 
1, 1, 1, 1, 1, 1, 1, 1, 1, 1, 1, 1, 1, 1, 1, 1, 1, 1, 1, 1, 1, 
1, 1, 3.019, 3.125, 3.171, 3.203, 3.21, 3.328, 3.49, 3.577, 3.982, 
4.048, 4.09), .Dim = c(11L, 40L), .Dimnames = list(NULL, c("Sampling", 
"PSO.cost", "PSO.gamma", "PSO.data.balancing", "PSO.feature.selection", 
"PSO.valid.acc", "PSO.test.acc", "PSO.train.time", "PSO.n.support.vectors", 
"PSO.index", "PSO.n.solutions", "PSO.generations", "PSO.n.evaluations", 
"PSO.cpu.time", "RS.cost", "RS.gamma", "RS.data.balancing", "RS.feature.selection", 
"RS.valid.acc", "RS.test.acc", "RS.train.time", "RS.n.support.vectors", 
"RS.index", "RS.n.solutions", "RS.generations", "RS.n.evaluations", 
"RS.cpu.time", "DF.cost", "DF.gamma", "DF.data.balancing", "DF.feature.selection", 
"DF.valid.acc", "DF.test.acc", "DF.train.time", "DF.n.support.vectors", 
"DF.index", "DF.n.solutions", "DF.generations", "DF.n.evaluations", 
"DF.cpu.time")))
