full <-
structure(c(50, 55, 60, 65, 70, 75, 80, 85, 90, 95, 100, 1.34583, 
11.65886, 0.24783, 3.18777, 2.48836, 14.27564, 11.06447, 14.97706, 
-0.42875, 2.64827, -0.11679, -1.75654, -7.17219, -0.10616, -1.49975, 
-1.4751, -4.6549, -4.28051, -7.51238, -0.44864, -3.4229, -0.42823, 
0, 0, 0, 0, 0, 0, 0, 0, 0, 0, 0, 0, 0, 0, 0, 0, 0, 0, 0, 0, 0, 
0, 0.91592, 0.90799, 0.91021, 0.90898, 0.90886, 0.91054, 0.90882, 
0.90718, 0.91086, 0.9086, 0.91126, 0.91589, 0.90674, 0.9069, 
0.90792, 0.90508, 0.89921, 0.90225, 0.90483, 0.90501, 0.90237, 
0.91124, 0.0517, 0.1327, 0.0839, 0.0954, 0.1049, 2.2609, 0.6327, 
2.0733, 0.1579, 0.168, 0.1986, 125.3, 98.8, 191.1, 164.6, 180.7, 
166.8, 180.9, 175.2, 268.8, 211.6, 309.6, 110, 307, 1790, 2350, 
479, 658, 636, 258, 824, 494, 528, 254, 95, 29, 2, 57, 48, 73, 
452, 119, 236, 526, 100, 100, 100, 100, 100, 100, 100, 100, 100, 
100, 100, 2500, 2500, 2500, 2500, 2500, 2500, 2500, 2500, 2500, 
2500, 2500, 8703.493, 10354.897, 11096.829, 11640.954, 9489.431, 
42277.72, 19897.107, 41548.845, 28878.795, 11959.547, 12414.42, 
4.28072, 8.08011, -0.11304, 1.0223, 0.28671, 14.69595, 1.6549, 
13.38192, 3.47709, 7.61903, 0.0432, -3.09555, -5.91839, 0.15793, 
-0.34814, 0.25428, -4.73383, -3.22353, -8.6322, -2.67153, -3.84994, 
-0.29644, 0, 0, 0, 0, 0, 0, 0, 0, 0, 0, 0, 0, 0, 0, 0, 0, 0, 
0, 0, 0, 0, 0, 0.91592, 0.90799, 0.91019, 0.90901, 0.90794, 0.90966, 
0.90879, 0.90638, 0.90941, 0.90722, 0.9106, 0.91464, 0.90916, 
0.90687, 0.90489, 0.90698, 0.89921, 0.89976, 0.90251, 0.90646, 
0.90305, 0.91059, 0.057, 0.0786, 0.0926, 0.0933, 0.123, 2.6292, 
0.1042, 0.3572, 0.1776, 0.3318, 0.2104, 107.3, 100.7, 207.3, 
196.2, 248.7, 168.5, 175.2, 156.8, 210.9, 210.1, 316, 229, 294, 
569, 1384, 1288, 724, 825, 45, 613, 359, 1853, 6, 1, 2, 1, 1, 
5, 3, 11, 1, 4, 1, 100, 100, 100, 100, 100, 100, 100, 100, 100, 
100, 100, 2500, 2500, 2500, 2500, 2500, 2500, 2500, 2500, 2500, 
2500, 2500, 8954.35, 9437.801, 9541.625, 10494.384, 10893.301, 
11761.935, 12198.852, 13510.98, 14308.386, 16275.755, 17852.021, 
1, 1, 1, 1, 1, 1, 1, 1, 1, 1, 1, 0.33333, 0.33333, 0.33333, 0.33333, 
0.33333, 0.33333, 0.33333, 0.33333, 0.33333, 0.33333, 0.33333, 
0, 0, 0, 0, 0, 0, 0, 0, 0, 0, 0, 0, 0, 0, 0, 0, 0, 0, 0, 0, 0, 
0, 0.90936, 0.90439, 0.90248, 0.9029, 0.90603, 0.90355, 0.90795, 
0.90405, 0.90502, 0.90513, 0.90733, 0.91457, 0.90675, 0.9025, 
0.90387, 0.90131, 0.90355, 0.90136, 0.90638, 0.90576, 0.90305, 
0.90928, 0.0495, 0.0603, 0.0683, 0.0813, 0.0906, 0.0986, 0.111, 
0.1297, 0.1373, 0.1546, 0.1704, 127.2, 136.9, 151.4, 166.7, 179.4, 
188.8, 203.9, 223.2, 233.5, 239.9, 256.3, 1, 1, 1, 1, 1, 1, 1, 
1, 1, 1, 1, 1, 1, 1, 1, 1, 1, 1, 1, 1, 1, 1, 1, 1, 1, 1, 1, 1, 
1, 1, 1, 1, 1, 1, 1, 1, 1, 1, 1, 1, 1, 1, 1, 1, 3.325, 3.278, 
3.306, 3.401, 3.492, 3.394, 3.567, 3.84, 3.735, 4, 4.134), .Dim = c(11L, 
40L), .Dimnames = list(NULL, c("Sampling", "PSO.cost", "PSO.gamma", 
"PSO.data.balancing", "PSO.feature.selection", "PSO.valid.acc", 
"PSO.test.acc", "PSO.train.time", "PSO.n.support.vectors", "PSO.index", 
"PSO.n.solutions", "PSO.generations", "PSO.n.evaluations", "PSO.cpu.time", 
"RS.cost", "RS.gamma", "RS.data.balancing", "RS.feature.selection", 
"RS.valid.acc", "RS.test.acc", "RS.train.time", "RS.n.support.vectors", 
"RS.index", "RS.n.solutions", "RS.generations", "RS.n.evaluations", 
"RS.cpu.time", "DF.cost", "DF.gamma", "DF.data.balancing", "DF.feature.selection", 
"DF.valid.acc", "DF.test.acc", "DF.train.time", "DF.n.support.vectors", 
"DF.index", "DF.n.solutions", "DF.generations", "DF.n.evaluations", 
"DF.cpu.time")))
