full <-
structure(c(50, 55, 60, 65, 70, 75, 80, 85, 90, 95, 100, 5.75282, 
1.08829, 0.11256, 7.21922, 0.61867, 10.46305, 0.82168, 14.69652, 
10.68618, 10.00981, -0.37185, -2.97168, -1.66491, -0.68662, -2.65836, 
0.04566, -5.73812, -0.11517, -4.90502, -2.78044, -3.3966, -0.39824, 
0, 0, 0, 0, 0, 0, 0, 0, 0, 0, 0, 0, 0, 0, 0, 0, 0, 0, 0, 0, 0, 
0, 0.90922, 0.91283, 0.91017, 0.91095, 0.91733, 0.91495, 0.91289, 
0.91496, 0.91232, 0.90999, 0.9126, 0.90263, 0.90919, 0.90137, 
0.90386, 0.91168, 0.9115, 0.90961, 0.908, 0.90135, 0.90513, 0.90798, 
0.0794, 0.0691, 0.0896, 0.1561, 0.124, 0.4243, 0.14, 4.6173, 
0.8252, 0.7263, 0.2023, 125.9, 148.8, 196.7, 161.9, 245.5, 156.8, 
264, 194.3, 223.1, 220.7, 309, 589, 1205, 2242, 829, 666, 214, 
1724, 124, 1487, 1040, 970, 230, 58, 4, 81, 327, 27, 27, 535, 
24, 76, 217, 100, 100, 100, 100, 100, 100, 100, 100, 100, 100, 
100, 2500, 2500, 2500, 2500, 2500, 2500, 2500, 2500, 2500, 2500, 
2500, 9638.033, 8115.762, 9007.528, 10541.003, 9906.973, 29612.653, 
12368.796, 91770.47, 30219.341, 49157.259, 14912.29, 5.01575, 
1.59848, -0.17081, 7.47645, 0.5956, 0.6518, 0.44956, 13.42862, 
5.58409, 9.62939, -0.43714, -2.43496, -1.78448, -0.25947, -2.92757, 
-0.04066, -1.56496, -0.21246, -4.83875, -2.98582, -3.28891, -0.45994, 
0, 0, 0, 0, 0, 0, 0, 0, 0, 0, 0, 0, 0, 0, 0, 0, 0, 0, 0, 0, 0, 
0, 0.90791, 0.91281, 0.90797, 0.90995, 0.91638, 0.9141, 0.91207, 
0.9142, 0.91157, 0.90999, 0.9126, 0.90131, 0.91036, 0.90356, 
0.9059, 0.91261, 0.90883, 0.90961, 0.91109, 0.9101, 0.90513, 
0.90863, 0.0728, 0.0703, 0.0922, 0.1589, 0.1186, 0.1128, 0.1388, 
2.4447, 0.2208, 0.6255, 0.2116, 128.6, 147.5, 211.4, 158.6, 241.6, 
202.4, 261.1, 191.7, 208.9, 221.2, 304.9, 485, 1597, 530, 933, 
303, 474, 2423, 1164, 1515, 145, 1479, 3, 1, 2, 1, 1, 1, 1, 1, 
1, 2, 1, 100, 100, 100, 100, 100, 100, 100, 100, 100, 100, 100, 
2500, 2500, 2500, 2500, 2500, 2500, 2500, 2500, 2500, 2500, 2500, 
8928.89, 9509.582, 10214.072, 10845.671, 11403.759, 12141.219, 
13177.557, 14274.195, 16136.102, 18086.264, 19810.162, 1, 1, 
1, 1, 1, 1, 1, 1, 1, 1, 1, 0.33333, 0.33333, 0.33333, 0.33333, 
0.33333, 0.33333, 0.33333, 0.33333, 0.33333, 0.33333, 0.33333, 
0, 0, 0, 0, 0, 0, 0, 0, 0, 0, 0, 0, 0, 0, 0, 0, 0, 0, 0, 0, 0, 
0, 0.90003, 0.9068, 0.90685, 0.9059, 0.91072, 0.91148, 0.90715, 
0.90877, 0.90791, 0.90444, 0.90865, 0.90264, 0.90797, 0.90358, 
0.90489, 0.91446, 0.91145, 0.90631, 0.91186, 0.90937, 0.90375, 
0.90864, 0.0577, 0.0671, 0.0785, 0.0878, 0.099, 0.1095, 0.1195, 
0.1369, 0.1463, 0.1587, 0.1742, 144.8, 152.8, 165.3, 178.1, 189.1, 
203.9, 213.3, 227.2, 236.7, 249.6, 259.4, 1, 1, 1, 1, 1, 1, 1, 
1, 1, 1, 1, 1, 1, 1, 1, 1, 1, 1, 1, 1, 1, 1, 1, 1, 1, 1, 1, 1, 
1, 1, 1, 1, 1, 1, 1, 1, 1, 1, 1, 1, 1, 1, 1, 1, 3.065, 3.217, 
3.312, 3.358, 3.47, 3.486, 3.61, 3.766, 3.879, 4.57, 4.164), .Dim = c(11L, 
40L), .Dimnames = list(NULL, c("Sampling", "PSO.cost", "PSO.gamma", 
"PSO.data.balancing", "PSO.feature.selection", "PSO.valid.acc", 
"PSO.test.acc", "PSO.train.time", "PSO.n.support.vectors", "PSO.index", 
"PSO.n.solutions", "PSO.generations", "PSO.n.evaluations", "PSO.cpu.time", 
"RS.cost", "RS.gamma", "RS.data.balancing", "RS.feature.selection", 
"RS.valid.acc", "RS.test.acc", "RS.train.time", "RS.n.support.vectors", 
"RS.index", "RS.n.solutions", "RS.generations", "RS.n.evaluations", 
"RS.cpu.time", "DF.cost", "DF.gamma", "DF.data.balancing", "DF.feature.selection", 
"DF.valid.acc", "DF.test.acc", "DF.train.time", "DF.n.support.vectors", 
"DF.index", "DF.n.solutions", "DF.generations", "DF.n.evaluations", 
"DF.cpu.time")))
