full <-
structure(c(50, 55, 60, 65, 70, 75, 80, 85, 90, 95, 100, 9.4236, 
1.19517, 3.13243, 13.21598, 10.69886, 12.055, 12.5102, 3.19689, 
9.9543, 6.68948, 3.35401, -2.21174, -1.07601, -0.6908, -8.29602, 
-6.39263, -6.72803, -4.55677, -1.91099, -3.82247, -2.25052, -1.8305, 
0, 0, 0, 0, 0, 0, 0, 0, 0, 0, 0, 0, 0, 0, 0, 0, 0, 0, 0, 0, 0, 
0, 0.90536, 0.91032, 0.90578, 0.90491, 0.90982, 0.9097, 0.90955, 
0.90949, 0.91524, 0.9107, 0.91127, 0.89224, 0.89835, 0.90684, 
0.89986, 0.90607, 0.90094, 0.90709, 0.91023, 0.91012, 0.90724, 
0.9073, 0.1227, 0.0709, 0.0751, 0.3445, 0.2971, 0.5151, 1.1784, 
0.1507, 0.6231, 0.261, 0.2107, 132.9, 165, 168.2, 124.5, 145.6, 
157.6, 181.5, 210.2, 200.2, 226.8, 249.9, 1777, 391, 2361, 304, 
1412, 247, 318, 46, 748, 767, 1487, 14, 67, 1, 201, 57, 134, 
57, 109, 91, 74, 20, 100, 100, 100, 100, 100, 100, 100, 100, 
100, 100, 100, 2500, 2500, 2500, 2500, 2500, 2500, 2500, 2500, 
2500, 2500, 2500, 8329.018, 7680.177, 12505.889, 15242.724, 16131.261, 
21238.377, 35107.003, 22264.45, 21422.271, 15873.477, 12328.11, 
9.22284, 0.87716, 3.2437, 12.49168, 11.26978, 10.32809, 5.57981, 
14.97258, 8.32015, 6.33638, 3.09133, -2.12363, -0.89874, -0.59175, 
-7.91057, -6.69668, -6.60118, -2.86108, -6.26712, -3.26523, -2.09821, 
-1.68715, 0, 0, 0, 0, 0, 0, 0, 0, 0, 0, 0, 0, 0, 0, 0, 0, 0, 
0, 0, 0, 0, 0, 0.90406, 0.90794, 0.90469, 0.90491, 0.90981, 0.90969, 
0.90957, 0.90872, 0.91378, 0.91001, 0.9106, 0.89225, 0.89835, 
0.90684, 0.89986, 0.90607, 0.90093, 0.90463, 0.90639, 0.90865, 
0.90932, 0.9073, 0.113, 0.0674, 0.0747, 0.2673, 0.3299, 0.2517, 
0.1576, 3.342, 0.3599, 0.2498, 0.2109, 133.6, 171.6, 168.2, 126.5, 
144, 150.2, 183.3, 178.5, 204.2, 228.6, 254.1, 1928, 882, 2050, 
2421, 151, 499, 1577, 1747, 2362, 1928, 1230, 1, 2, 1, 1, 4, 
1, 1, 1, 1, 1, 1, 100, 100, 100, 100, 100, 100, 100, 100, 100, 
100, 100, 2500, 2500, 2500, 2500, 2500, 2500, 2500, 2500, 2500, 
2500, 2500, 8558.354, 8951.004, 9912.952, 10480.914, 10899.377, 
11382.145, 11895.532, 13491.254, 14239.957, 15136.737, 16839.134, 
1, 1, 1, 1, 1, 1, 1, 1, 1, 1, 1, 0.33333, 0.33333, 0.33333, 0.33333, 
0.33333, 0.33333, 0.33333, 0.33333, 0.33333, 0.33333, 0.33333, 
0, 0, 0, 0, 0, 0, 0, 0, 0, 0, 0, 0, 0, 0, 0, 0, 0, 0, 0, 0, 0, 
0, 0.89348, 0.90198, 0.89586, 0.90389, 0.90511, 0.90267, 0.90545, 
0.90483, 0.90866, 0.90585, 0.90731, 0.89611, 0.89957, 0.89917, 
0.90289, 0.9051, 0.90092, 0.90464, 0.90636, 0.91084, 0.90518, 
0.90995, 0.0546, 0.0617, 0.067, 0.0759, 0.0837, 0.0937, 0.1021, 
0.1184, 0.1308, 0.1444, 0.1594, 148.7, 156.4, 162.3, 169.4, 183.2, 
193.9, 198.1, 215.6, 231.2, 239.6, 259.2, 1, 1, 1, 1, 1, 1, 1, 
1, 1, 1, 1, 1, 1, 1, 1, 1, 1, 1, 1, 1, 1, 1, 1, 1, 1, 1, 1, 1, 
1, 1, 1, 1, 1, 1, 1, 1, 1, 1, 1, 1, 1, 1, 1, 1, 2.923, 3.149, 
3.231, 3.31, 3.238, 3.189, 3.494, 3.592, 3.475, 3.705, 3.813), .Dim = c(11L, 
40L), .Dimnames = list(NULL, c("Sampling", "PSO.cost", "PSO.gamma", 
"PSO.data.balancing", "PSO.feature.selection", "PSO.valid.acc", 
"PSO.test.acc", "PSO.train.time", "PSO.n.support.vectors", "PSO.index", 
"PSO.n.solutions", "PSO.generations", "PSO.n.evaluations", "PSO.cpu.time", 
"RS.cost", "RS.gamma", "RS.data.balancing", "RS.feature.selection", 
"RS.valid.acc", "RS.test.acc", "RS.train.time", "RS.n.support.vectors", 
"RS.index", "RS.n.solutions", "RS.generations", "RS.n.evaluations", 
"RS.cpu.time", "DF.cost", "DF.gamma", "DF.data.balancing", "DF.feature.selection", 
"DF.valid.acc", "DF.test.acc", "DF.train.time", "DF.n.support.vectors", 
"DF.index", "DF.n.solutions", "DF.generations", "DF.n.evaluations", 
"DF.cpu.time")))
