full <-
structure(c(50, 55, 60, 65, 70, 75, 80, 85, 90, 95, 100, 7.58931, 
-0.34616, -0.43345, 1.7278, 11.43215, 0.35726, 7.23366, 2.92702, 
12.27474, 2.07238, 0.20579, -3.35684, -0.64805, -0.23556, -2.8276, 
-7.00109, 0.1814, -5.34705, -3.07554, -4.26589, -2.32292, -0.63033, 
0, 0, 0, 0, 0, 0, 0, 0, 0, 0, 0, 0, 0, 0, 0, 0, 0, 0, 0, 0, 0, 
0, 0.91846, 0.91642, 0.92111, 0.92008, 0.91917, 0.92106, 0.91777, 
0.91571, 0.91593, 0.91895, 0.91194, 0.91457, 0.914, 0.91781, 
0.91498, 0.90892, 0.91665, 0.9153, 0.91104, 0.91523, 0.91552, 
0.91064, 0.0879, 0.0673, 0.0838, 0.0801, 0.3066, 0.1457, 0.1659, 
0.1395, 1.451, 0.1639, 0.2021, 114.4, 164.4, 196.2, 144.2, 133.5, 
267.1, 155.1, 186.7, 194.4, 219.9, 301.8, 172, 2020, 515, 1532, 
1379, 81, 781, 960, 1038, 1730, 1930, 78, 19, 268, 82, 31, 72, 
82, 103, 44, 23, 11, 100, 100, 100, 100, 100, 100, 100, 100, 
100, 100, 100, 2500, 2500, 2500, 2500, 2500, 2500, 2500, 2500, 
2500, 2500, 2500, 10659.461, 9755.633, 9866.56800000001, 9755.45800000001, 
25230.797, 10926.196, 11544.021, 16648.941, 22666.615, 11466.594, 
34871.986, 7.13831, -0.42512, -0.64711, 1.81217, 11.01263, 0.08598, 
9.77405, 3.44672, 11.16792, -0.92581, 0.31602, -3.18493, -0.50584, 
-0.48152, -2.84573, -6.82388, 0.719, -6.31794, -3.3006, -3.83304, 
-0.46095, -0.29731, 0, 0, 0, 0, 0, 0, 0, 0, 0, 0, 0, 0, 0, 0, 
0, 0, 0, 0, 0, 0, 0, 0, 0.91846, 0.91642, 0.92003, 0.92008, 0.91917, 
0.91932, 0.91777, 0.91494, 0.91593, 0.91826, 0.91128, 0.91587, 
0.91282, 0.91781, 0.91398, 0.90892, 0.91493, 0.91529, 0.91104, 
0.91522, 0.91478, 0.90867, 0.0831, 0.0694, 0.0821, 0.0808, 0.2797, 
0.1504, 0.2558, 0.1441, 0.9142, 0.182, 0.214, 115.3, 173.2, 184.6, 
145.5, 135.3, 306.8, 153.5, 184.1, 196.6, 289.3, 315.1, 839, 
405, 198, 1997, 293, 1360, 1851, 542, 726, 1474, 766, 5, 1, 4, 
1, 2, 1, 1, 3, 1, 1, 3, 100, 100, 100, 100, 100, 100, 100, 100, 
100, 100, 100, 2500, 2500, 2500, 2500, 2500, 2500, 2500, 2500, 
2500, 2500, 2500, 9497.474, 9828.048, 10063.225, 10748.281, 12149.726, 
12722.661, 12758.194, 13375.563, 14729.016, 16647.344, 19643.461, 
1, 1, 1, 1, 1, 1, 1, 1, 1, 1, 1, 0.33333, 0.33333, 0.33333, 0.33333, 
0.33333, 0.33333, 0.33333, 0.33333, 0.33333, 0.33333, 0.33333, 
0, 0, 0, 0, 0, 0, 0, 0, 0, 0, 0, 0, 0, 0, 0, 0, 0, 0, 0, 0, 0, 
0, 0.9145, 0.91399, 0.91783, 0.91501, 0.91452, 0.91582, 0.91284, 
0.91262, 0.91301, 0.91757, 0.90864, 0.9145, 0.91048, 0.91672, 
0.91398, 0.91547, 0.91671, 0.91201, 0.91104, 0.913, 0.9155, 0.90799, 
0.0526, 0.0593, 0.0648, 0.0801, 0.0963, 0.1032, 0.1119, 0.1283, 
0.1353, 0.164, 0.1759, 128.1, 138.9, 148.1, 164.3, 185.5, 191.6, 
199.6, 214.6, 224, 237.8, 258.4, 1, 1, 1, 1, 1, 1, 1, 1, 1, 1, 
1, 1, 1, 1, 1, 1, 1, 1, 1, 1, 1, 1, 1, 1, 1, 1, 1, 1, 1, 1, 1, 
1, 1, 1, 1, 1, 1, 1, 1, 1, 1, 1, 1, 1, 3.334, 3.325, 3.277, 3.447, 
3.637, 3.601, 3.758, 3.931, 3.695, 4.371, 5.083), .Dim = c(11L, 
40L), .Dimnames = list(NULL, c("Sampling", "PSO.cost", "PSO.gamma", 
"PSO.data.balancing", "PSO.feature.selection", "PSO.valid.acc", 
"PSO.test.acc", "PSO.train.time", "PSO.n.support.vectors", "PSO.index", 
"PSO.n.solutions", "PSO.generations", "PSO.n.evaluations", "PSO.cpu.time", 
"RS.cost", "RS.gamma", "RS.data.balancing", "RS.feature.selection", 
"RS.valid.acc", "RS.test.acc", "RS.train.time", "RS.n.support.vectors", 
"RS.index", "RS.n.solutions", "RS.generations", "RS.n.evaluations", 
"RS.cpu.time", "DF.cost", "DF.gamma", "DF.data.balancing", "DF.feature.selection", 
"DF.valid.acc", "DF.test.acc", "DF.train.time", "DF.n.support.vectors", 
"DF.index", "DF.n.solutions", "DF.generations", "DF.n.evaluations", 
"DF.cpu.time")))
