full <-
structure(c(50, 55, 60, 65, 70, 75, 80, 85, 90, 95, 100, 1.77081, 
0.60165, 1.67851, 1.62361, 4.1805, -0.18968, -0.4331, -0.09673, 
14.36775, 15, 0.41264, -2.18299, 0.05815, -1.67265, -2.92475, 
-1.88517, -0.89117, -1.10575, -0.29679, -8.65629, -6.99755, -0.3455, 
0, 0, 0, 0, 0, 0, 0, 0, 0, 0, 0, 0, 0, 0, 0, 0, 0, 0, 0, 0, 0, 
0, 0.91591, 0.91277, 0.9168, 0.91513, 0.91838, 0.91761, 0.91206, 
0.91414, 0.91084, 0.90859, 0.91324, 0.91591, 0.90922, 0.91127, 
0.91311, 0.91268, 0.91143, 0.90795, 0.91183, 0.90719, 0.90374, 
0.91193, 0.0593, 0.0698, 0.081, 0.0861, 0.117, 0.1126, 0.1255, 
0.1566, 0.8347, 3.6147, 0.2075, 128.9, 192.6, 162.1, 158.6, 170.8, 
216.4, 227.9, 274.9, 170, 201.5, 310.7, 470, 428, 582, 195, 1427, 
1123, 520, 533, 730, 210, 1984, 340, 192, 230, 282, 37, 49, 520, 
61, 49, 22, 2, 100, 100, 100, 100, 100, 100, 100, 100, 100, 100, 
100, 2500, 2500, 2500, 2500, 2500, 2500, 2500, 2500, 2500, 2500, 
2500, 8283.706, 11293.146, 9576.639, 9965.40700000001, 10639.16, 
8934.69200000001, 10335.68, 11581.373, 26278.544, 43211.972, 
23623.476, 1.39246, 0.61677, 0.73379, 1.62704, 3.94862, -0.12127, 
-0.2032, 0.05764, 14.10453, 11.62219, 0.15224, -1.92703, -0.08088, 
-0.32818, -2.91569, -1.80436, -1.95034, -1.12058, 0.28939, -8.88314, 
-5.84011, -0.14793, 0, 0, 0, 0, 0, 0, 0, 0, 0, 0, 0, 0, 0, 0, 
0, 0, 0, 0, 0, 0, 0, 0, 0.91591, 0.91277, 0.9157, 0.91513, 0.91744, 
0.91761, 0.91206, 0.91338, 0.91012, 0.90859, 0.91193, 0.91591, 
0.90922, 0.9113, 0.91311, 0.91173, 0.91407, 0.90795, 0.91335, 
0.90719, 0.90443, 0.91258, 0.0569, 0.0735, 0.0776, 0.0886, 0.0736, 
0.0627, 0.127, 0.1704, 0.7304, 1.1328, 0.2181, 132.9, 187, 190, 
160.3, 170.8, 179.4, 227.5, 301.9, 170, 207.6, 320.8, 754, 1596, 
87, 482, 1124, 807, 2469, 1953, 683, 1593, 1369, 2, 1, 5, 5, 
1, 1, 1, 1, 1, 1, 2, 100, 100, 100, 100, 100, 100, 100, 100, 
100, 100, 100, 2500, 2500, 2500, 2500, 2500, 2500, 2500, 2500, 
2500, 2500, 2500, 9487.896, 11428.098, 11291.933, 12207.686, 
9757, 11495.978, 13558.18, 14831.713, 15906.521, 16376.939, 17933.209, 
1, 1, 1, 1, 1, 1, 1, 1, 1, 1, 1, 0.33333, 0.33333, 0.33333, 0.33333, 
0.33333, 0.33333, 0.33333, 0.33333, 0.33333, 0.33333, 0.33333, 
0, 0, 0, 0, 0, 0, 0, 0, 0, 0, 0, 0, 0, 0, 0, 0, 0, 0, 0, 0, 0, 
0, 0.90667, 0.91036, 0.91236, 0.91208, 0.91361, 0.91585, 0.91122, 
0.91104, 0.90574, 0.90444, 0.90865, 0.91058, 0.90798, 0.91235, 
0.91314, 0.91367, 0.91406, 0.90959, 0.91027, 0.91086, 0.90306, 
0.90865, 0.0512, 0.0635, 0.0734, 0.0838, 0.0911, 0.0986, 0.1159, 
0.1333, 0.1487, 0.1617, 0.1122, 139.8, 153.1, 164.4, 177.8, 181.6, 
192.9, 209, 222.6, 238.6, 250.6, 254.8, 1, 1, 1, 1, 1, 1, 1, 
1, 1, 1, 1, 1, 1, 1, 1, 1, 1, 1, 1, 1, 1, 1, 1, 1, 1, 1, 1, 1, 
1, 1, 1, 1, 1, 1, 1, 1, 1, 1, 1, 1, 1, 1, 1, 1, 2.939, 3.681, 
3.335, 3.948, 3.514, 3.527, 3.776, 4.014, 4.547, 4.292, 3.21), .Dim = c(11L, 
40L), .Dimnames = list(NULL, c("Sampling", "PSO.cost", "PSO.gamma", 
"PSO.data.balancing", "PSO.feature.selection", "PSO.valid.acc", 
"PSO.test.acc", "PSO.train.time", "PSO.n.support.vectors", "PSO.index", 
"PSO.n.solutions", "PSO.generations", "PSO.n.evaluations", "PSO.cpu.time", 
"RS.cost", "RS.gamma", "RS.data.balancing", "RS.feature.selection", 
"RS.valid.acc", "RS.test.acc", "RS.train.time", "RS.n.support.vectors", 
"RS.index", "RS.n.solutions", "RS.generations", "RS.n.evaluations", 
"RS.cpu.time", "DF.cost", "DF.gamma", "DF.data.balancing", "DF.feature.selection", 
"DF.valid.acc", "DF.test.acc", "DF.train.time", "DF.n.support.vectors", 
"DF.index", "DF.n.solutions", "DF.generations", "DF.n.evaluations", 
"DF.cpu.time")))
