full <-
structure(c(50, 55, 60, 65, 70, 75, 80, 85, 90, 95, 100, 3.26587, 
0.18909, 0.52541, 14.9983, 8.57769, 6.61627, 8.19515, -0.21922, 
0.6064, 9.86501, 0.06245, -0.69145, 0.83344, 0.25408, -8.52375, 
-5.6105, -4.5147, -4.66219, 0.6299, 1.19683, -4.1183, -0.95029, 
0, 0, 0, 0, 0, 0, 0, 0, 0, 0, 0, 0, 0, 0, 0, 0, 0, 0, 0, 0, 0, 
0, 0.90809, 0.90677, 0.90793, 0.91094, 0.90698, 0.9132, 0.91364, 
0.91487, 0.91672, 0.91348, 0.91391, 0.90151, 0.90198, 0.90248, 
0.90384, 0.90981, 0.9088, 0.90706, 0.91102, 0.91013, 0.90722, 
0.91062, 0.054, 0.0947, 0.0938, 0.7158, 0.1704, 0.1456, 0.2255, 
0.1715, 0.2214, 0.6383, 0.1827, 145.2, 255.2, 235.9, 130.8, 148, 
159.6, 170.9, 323.6, 395.5, 209.9, 285.6, 2263, 736, 499, 1019, 
127, 875, 281, 405, 1089, 1235, 355, 2, 40, 80, 18, 438, 39, 
63, 355, 108, 70, 106, 100, 100, 100, 100, 100, 100, 100, 100, 
100, 100, 100, 2500, 2500, 2500, 2500, 2500, 2500, 2500, 2500, 
2500, 2500, 2500, 7700.454, 8561.682, 9862.343, 20119.081, 11186.725, 
13137.359, 20757.776, 9886.02600000001, 15309.966, 31117.544, 
13483.551, 3.25822, 1.26846, 2.52434, 13.24769, 9.34268, 6.81694, 
8.49473, -0.70147, 0.64571, -0.79351, -0.04585, -0.71363, 0.0912, 
-3.51674, -7.3705, -5.96986, -1.56374, -4.81484, 0.45154, 0.69776, 
-0.5853, 0.13916, 0, 0, 0, 0, 0, 0, 0, 0, 0, 0, 0, 0, 0, 0, 0, 
0, 0, 0, 0, 0, 0, 0, 0.90809, 0.9055, 0.90683, 0.91093, 0.90698, 
0.91407, 0.91364, 0.91333, 0.91308, 0.91279, 0.91325, 0.90151, 
0.89834, 0.90465, 0.90384, 0.90981, 0.90705, 0.90706, 0.91102, 
0.91087, 0.90791, 0.91457, 0.0574, 0.076, 0.0734, 0.5736, 0.1946, 
0.1544, 0.2454, 0.1563, 0.1896, 0.162, 0.2101, 145.1, 208.1, 
143.2, 138.7, 147.3, 185.6, 169.7, 309.2, 345, 275.6, 339.7, 
1453, 1119, 319, 2032, 236, 99, 1046, 504, 359, 1056, 1639, 1, 
1, 5, 1, 11, 1, 5, 1, 1, 1, 2, 100, 100, 100, 100, 100, 100, 
100, 100, 100, 100, 100, 2500, 2500, 2500, 2500, 2500, 2500, 
2500, 2500, 2500, 2500, 2500, 8679.136, 9592.537, 10401.503, 
10385.678, 10387.148, 11403.96, 12995.262, 13672.742, 14983.281, 
15395.842, 16203.719, 1, 1, 1, 1, 1, 1, 1, 1, 1, 1, 1, 0.33333, 
0.33333, 0.33333, 0.33333, 0.33333, 0.33333, 0.33333, 0.33333, 
0.33333, 0.33333, 0.33333, 0, 0, 0, 0, 0, 0, 0, 0, 0, 0, 0, 0, 
0, 0, 0, 0, 0, 0, 0, 0, 0, 0, 0.90409, 0.90439, 0.90356, 0.90588, 
0.90507, 0.90706, 0.90789, 0.91255, 0.90869, 0.90862, 0.91126, 
0.90274, 0.90551, 0.90574, 0.90587, 0.90601, 0.90703, 0.91117, 
0.91024, 0.90869, 0.90791, 0.90996, 0.0524, 0.0621, 0.0731, 0.0808, 
0.0927, 0.0952, 0.1096, 0.1231, 0.135, 0.1501, 0.164, 150.1, 
163, 173.4, 185, 192.1, 196.7, 211, 220.7, 231.5, 246.6, 258, 
1, 1, 1, 1, 1, 1, 1, 1, 1, 1, 1, 1, 1, 1, 1, 1, 1, 1, 1, 1, 1, 
1, 1, 1, 1, 1, 1, 1, 1, 1, 1, 1, 1, 1, 1, 1, 1, 1, 1, 1, 1, 1, 
1, 1, 2.882, 3.109, 3.147, 3.14, 3.475, 3.183, 3.26, 3.687, 3.698, 
3.765, 3.878), .Dim = c(11L, 40L), .Dimnames = list(NULL, c("Sampling", 
"PSO.cost", "PSO.gamma", "PSO.data.balancing", "PSO.feature.selection", 
"PSO.valid.acc", "PSO.test.acc", "PSO.train.time", "PSO.n.support.vectors", 
"PSO.index", "PSO.n.solutions", "PSO.generations", "PSO.n.evaluations", 
"PSO.cpu.time", "RS.cost", "RS.gamma", "RS.data.balancing", "RS.feature.selection", 
"RS.valid.acc", "RS.test.acc", "RS.train.time", "RS.n.support.vectors", 
"RS.index", "RS.n.solutions", "RS.generations", "RS.n.evaluations", 
"RS.cpu.time", "DF.cost", "DF.gamma", "DF.data.balancing", "DF.feature.selection", 
"DF.valid.acc", "DF.test.acc", "DF.train.time", "DF.n.support.vectors", 
"DF.index", "DF.n.solutions", "DF.generations", "DF.n.evaluations", 
"DF.cpu.time")))
