full <-
structure(c(50, 55, 60, 65, 70, 75, 80, 85, 90, 95, 100, 0.45299, 
14.12499, 0.37444, 3.3618, 13.04759, -0.23893, 0.01717, 13.43758, 
7.16892, 0.05939, 11.14077, 2.95335, -5.37696, -2.17275, -3.82352, 
-3.63546, -0.9994, 0.2865, -5.5336, -4.19046, -1.21026, -3.79677, 
0, 0, 0, 0, 0, 0, 0, 0, 0, 0, 0, 0, 0, 0, 0, 0, 0, 0, 0, 0, 0, 
0, 0.91848, 0.9236, 0.92214, 0.9181, 0.91638, 0.91845, 0.92027, 
0.91566, 0.91666, 0.91413, 0.91524, 0.91849, 0.91877, 0.92217, 
0.9141, 0.90219, 0.91406, 0.91781, 0.91256, 0.9108, 0.91066, 
0.9073, 0.262, 0.8508, 0.0711, 0.0896, 1.002, 0.1079, 0.1526, 
2.0407, 0.2683, 0.1742, 1.3142, 476.3, 118.6, 145.4, 136.8, 156.6, 
204.5, 268.7, 183, 194.9, 260, 227.2, 122, 1877, 23, 234, 2226, 
2189, 502, 396, 26, 49, 760, 424, 2, 1034, 199, 60, 2, 669, 165, 
42, 410, 114, 100, 100, 100, 100, 100, 100, 100, 100, 100, 100, 
100, 2500, 2500, 2500, 2500, 2500, 2500, 2500, 2500, 2500, 2500, 
2500, 10741.715, 26780.24, 8584.96999999999, 9492.265, 17674.331, 
10601.766, 10097.385, 55177.917, 35259.956, 11103.025, 55664.587, 
3.86726, 9.23416, 14.91255, 14.88853, 11.77944, 0.83431, -0.08654, 
14.71394, 8.7261, -0.07679, 14.74016, 0.0038, -3.93471, -5.86472, 
-4.28524, -3.47416, -1.96356, 0.24692, -5.88186, -4.41227, -1.14291, 
-4.88111, 0, 0, 0, 0, 0, 0, 0, 0, 0, 0, 0, 0, 0, 0, 0, 0, 0, 
0, 0, 0, 0, 0, 0.91725, 0.92239, 0.92322, 0.91812, 0.91545, 0.91757, 
0.91863, 0.9149, 0.91665, 0.91344, 0.91327, 0.90939, 0.91752, 
0.91667, 0.91, 0.90505, 0.91406, 0.91616, 0.91256, 0.91226, 0.91134, 
0.90929, 0.0548, 0.151, 1.5713, 1.7609, 0.506, 0.1062, 0.1364, 
3.5657, 0.388, 0.166, 6.5874, 137.7, 119, 126.3, 141.4, 155.1, 
182.9, 266.4, 181.8, 196.4, 261.8, 221.5, 629, 244, 702, 1464, 
1307, 2085, 555, 546, 2429, 1169, 562, 1, 1, 3, 1, 1, 3, 1, 2, 
1, 1, 1, 100, 100, 100, 100, 100, 100, 100, 100, 100, 100, 100, 
2500, 2500, 2500, 2500, 2500, 2500, 2500, 2500, 2500, 2500, 2500, 
9903.233, 9957.157, 10531.151, 10934.651, 10994.722, 11552.112, 
11699.834, 13883.443, 14760.615, 16503.025, 17763.068, 1, 1, 
1, 1, 1, 1, 1, 1, 1, 1, 1, 0.33333, 0.33333, 0.33333, 0.33333, 
0.33333, 0.33333, 0.33333, 0.33333, 0.33333, 0.33333, 0.33333, 
0, 0, 0, 0, 0, 0, 0, 0, 0, 0, 0, 0, 0, 0, 0, 0, 0, 0, 0, 0, 0, 
0, 0.91327, 0.91876, 0.91996, 0.91708, 0.91266, 0.91495, 0.91534, 
0.90871, 0.91227, 0.91136, 0.90928, 0.91062, 0.91998, 0.92325, 
0.9151, 0.91077, 0.91583, 0.91369, 0.91257, 0.91375, 0.91206, 
0.90996, 0.055, 0.0623, 0.0732, 0.0815, 0.0869, 0.0997, 0.1098, 
0.1255, 0.1383, 0.1548, 0.1794, 139.3, 141.4, 155, 168.6, 180.6, 
189.4, 193.3, 217.6, 229.9, 244.9, 260.5, 1, 1, 1, 1, 1, 1, 1, 
1, 1, 1, 1, 1, 1, 1, 1, 1, 1, 1, 1, 1, 1, 1, 1, 1, 1, 1, 1, 1, 
1, 1, 1, 1, 1, 1, 1, 1, 1, 1, 1, 1, 1, 1, 1, 1, 3.289, 3.305, 
3.409, 3.442, 3.321, 3.53, 3.66, 3.731, 3.902, 3.964, 4.254), .Dim = c(11L, 
40L), .Dimnames = list(NULL, c("Sampling", "PSO.cost", "PSO.gamma", 
"PSO.data.balancing", "PSO.feature.selection", "PSO.valid.acc", 
"PSO.test.acc", "PSO.train.time", "PSO.n.support.vectors", "PSO.index", 
"PSO.n.solutions", "PSO.generations", "PSO.n.evaluations", "PSO.cpu.time", 
"RS.cost", "RS.gamma", "RS.data.balancing", "RS.feature.selection", 
"RS.valid.acc", "RS.test.acc", "RS.train.time", "RS.n.support.vectors", 
"RS.index", "RS.n.solutions", "RS.generations", "RS.n.evaluations", 
"RS.cpu.time", "DF.cost", "DF.gamma", "DF.data.balancing", "DF.feature.selection", 
"DF.valid.acc", "DF.test.acc", "DF.train.time", "DF.n.support.vectors", 
"DF.index", "DF.n.solutions", "DF.generations", "DF.n.evaluations", 
"DF.cpu.time")))
