full <-
structure(c(50, 55, 60, 65, 70, 75, 80, 85, 90, 95, 100, 2.75452, 
7.21816, 7.91843, 9.77362, 15, -0.37507, 10.57134, 7.09926, 7.6898, 
5.48327, 3.30287, -5.01593, -4.74134, -5.56396, -6.5386, -7.20505, 
-1.06124, -6.12285, -3.72657, -4.04838, -2.35012, -1.28504, 0, 
0, 0, 0, 0, 0, 0, 0, 0, 0, 0, 0, 0, 0, 0, 0, 0, 0, 0, 0, 0, 0, 
0.90797, 0.91042, 0.91231, 0.91299, 0.91543, 0.91316, 0.91451, 
0.91493, 0.91089, 0.90933, 0.91456, 0.90534, 0.90203, 0.90901, 
0.91095, 0.91072, 0.91055, 0.91047, 0.91339, 0.90652, 0.89893, 
0.90863, 0.0515, 0.106, 0.1101, 0.2223, 1.9378, 0.1114, 0.4435, 
0.2399, 0.3268, 0.2602, 0.2262, 112.4, 125.6, 120.3, 132.2, 147.6, 
225.7, 163, 185.8, 198.9, 233.3, 262.3, 621, 853, 74, 34, 1262, 
1014, 177, 1575, 848, 1096, 1957, 205, 88, 122, 314, 2, 36, 281, 
6, 49, 29, 8, 100, 100, 100, 100, 100, 100, 100, 100, 100, 100, 
100, 2500, 2500, 2500, 2500, 2500, 2500, 2500, 2500, 2500, 2500, 
2500, 8156.327, 15094.1, 10038.853, 16261.456, 30381.232, 11914.482, 
18223.935, 31361.787, 60623.741, 18602.247, 22541.769, 1.69118, 
6.8669, 9.2039, 8.64677, 14.37622, -0.48734, 12.95054, 10.31287, 
7.5547, 5.91608, 3.27223, -3.06202, -4.65174, -5.52707, -6.13978, 
-7.30711, -0.77118, -6.95933, -4.80532, -4.01747, -2.51324, -1.3882, 
0, 0, 0, 0, 0, 0, 0, 0, 0, 0, 0, 0, 0, 0, 0, 0, 0, 0, 0, 0, 0, 
0, 0.90797, 0.91042, 0.9123, 0.91299, 0.91449, 0.91316, 0.91451, 
0.91418, 0.91089, 0.90865, 0.91325, 0.904, 0.90203, 0.91121, 
0.91198, 0.90978, 0.90968, 0.90881, 0.91107, 0.90652, 0.90033, 
0.90864, 0.0538, 0.0965, 0.1726, 0.1767, 1.4324, 0.1183, 0.978, 
0.5943, 0.312, 0.2581, 0.2317, 124.4, 124.2, 124.3, 133.6, 146.4, 
229.1, 162.8, 180.9, 199.4, 232.7, 263, 771, 1281, 92, 485, 67, 
2360, 532, 615, 461, 1994, 830, 6, 2, 26, 14, 30, 1, 3, 2, 2, 
1, 1, 100, 100, 100, 100, 100, 100, 100, 100, 100, 100, 100, 
2500, 2500, 2500, 2500, 2500, 2500, 2500, 2500, 2500, 2500, 2500, 
8802.242, 9474.975, 9876.997, 11188.652, 12100.528, 12903.441, 
13790.796, 14647.164, 16849.737, 17878.705, 17460.283, 1, 1, 
1, 1, 1, 1, 1, 1, 1, 1, 1, 0.33333, 0.33333, 0.33333, 0.33333, 
0.33333, 0.33333, 0.33333, 0.33333, 0.33333, 0.33333, 0.33333, 
0, 0, 0, 0, 0, 0, 0, 0, 0, 0, 0, 0, 0, 0, 0, 0, 0, 0, 0, 0, 0, 
0, 0.90402, 0.9068, 0.91011, 0.91095, 0.9079, 0.91141, 0.90878, 
0.91258, 0.90648, 0.90446, 0.90931, 0.90398, 0.90557, 0.91124, 
0.91196, 0.90791, 0.91141, 0.91204, 0.91105, 0.90944, 0.90583, 
0.90601, 0.0542, 0.0599, 0.0749, 0.0865, 0.0953, 0.1171, 0.1222, 
0.129, 0.1494, 0.1711, 0.1728, 145.2, 155.7, 165.3, 180.8, 194.7, 
209.8, 214.6, 224.2, 238, 257, 256.3, 1, 1, 1, 1, 1, 1, 1, 1, 
1, 1, 1, 1, 1, 1, 1, 1, 1, 1, 1, 1, 1, 1, 1, 1, 1, 1, 1, 1, 1, 
1, 1, 1, 1, 1, 1, 1, 1, 1, 1, 1, 1, 1, 1, 1, 2.925, 2.857, 3.199, 
3.21, 3.285, 3.641, 3.576, 3.545, 3.836, 4.158, 3.999), .Dim = c(11L, 
40L), .Dimnames = list(NULL, c("Sampling", "PSO.cost", "PSO.gamma", 
"PSO.data.balancing", "PSO.feature.selection", "PSO.valid.acc", 
"PSO.test.acc", "PSO.train.time", "PSO.n.support.vectors", "PSO.index", 
"PSO.n.solutions", "PSO.generations", "PSO.n.evaluations", "PSO.cpu.time", 
"RS.cost", "RS.gamma", "RS.data.balancing", "RS.feature.selection", 
"RS.valid.acc", "RS.test.acc", "RS.train.time", "RS.n.support.vectors", 
"RS.index", "RS.n.solutions", "RS.generations", "RS.n.evaluations", 
"RS.cpu.time", "DF.cost", "DF.gamma", "DF.data.balancing", "DF.feature.selection", 
"DF.valid.acc", "DF.test.acc", "DF.train.time", "DF.n.support.vectors", 
"DF.index", "DF.n.solutions", "DF.generations", "DF.n.evaluations", 
"DF.cpu.time")))
