full <-
structure(c(50, 55, 60, 65, 70, 75, 80, 85, 90, 95, 100, 9.68207, 
2.53067, 12.63278, 6.85111, 7.4402, 6.68092, -0.49912, 2.05989, 
6.18293, 8.42563, 1.04911, -8.72399, -2.92855, -4.73218, -4.60842, 
-3.91796, -2.6477, -1.31557, -2.41885, -4.31794, -2.98049, -2.96011, 
0, 0, 0, 0, 0, 0, 0, 0, 0, 0, 0, 0, 0, 0, 0, 0, 0, 0, 0, 0, 0, 
0, 0.91581, 0.9211, 0.92, 0.92309, 0.91644, 0.91496, 0.91036, 
0.91254, 0.91378, 0.91421, 0.91127, 0.9119, 0.91397, 0.91342, 
0.915, 0.91452, 0.90887, 0.91119, 0.90867, 0.90792, 0.91212, 
0.90469, 0.0979, 0.065, 0.5988, 0.1211, 0.1738, 0.1756, 0.1158, 
0.143, 0.2231, 0.4253, 0.1675, 130.1, 126.9, 133, 133, 154, 176.1, 
219, 200.8, 197.6, 223.5, 228.3, 16, 570, 99, 486, 595, 1103, 
811, 1871, 123, 1468, 2396, 137, 37, 103, 157, 55, 61, 73, 8, 
190, 42, 1, 100, 100, 100, 100, 100, 100, 100, 100, 100, 100, 
100, 2500, 2500, 2500, 2500, 2500, 2500, 2500, 2500, 2500, 2500, 
2500, 10050.458, 8509.732, 17342.052, 11296.9, 11538.721, 19997.752, 
9847.886, 12962.176, 13650.53, 24122.845, 20841.085, 11.18028, 
2.84987, 4.6358, 5.69611, 7.66448, 6.61757, -0.58407, 10.60398, 
5.01065, 8.59743, 1.18162, -9.3478, -3.31902, -1.66637, -3.99238, 
-3.81046, -2.59397, -0.7492, -4.01119, -3.9946, -3.07264, -2.77296, 
0, 0, 0, 0, 0, 0, 0, 0, 0, 0, 0, 0, 0, 0, 0, 0, 0, 0, 0, 0, 0, 
0, 0.91581, 0.91989, 0.91999, 0.92209, 0.91644, 0.91495, 0.90872, 
0.91177, 0.91378, 0.91351, 0.91061, 0.91054, 0.91278, 0.91121, 
0.91703, 0.9164, 0.908, 0.91037, 0.90635, 0.90866, 0.91143, 0.90862, 
0.1275, 0.066, 0.0877, 0.117, 0.1753, 0.1726, 0.1168, 0.6235, 
0.1902, 0.4516, 0.1695, 112.3, 123.8, 142.4, 136.9, 156.4, 177.2, 
231.6, 189.3, 198.6, 222.8, 233.5, 77, 398, 2332, 1733, 1824, 
1222, 94, 1142, 1532, 372, 1229, 15, 3, 1, 1, 1, 1, 7, 2, 1, 
1, 2, 100, 100, 100, 100, 100, 100, 100, 100, 100, 100, 100, 
2500, 2500, 2500, 2500, 2500, 2500, 2500, 2500, 2500, 2500, 2500, 
9610.432, 10050.154, 10086.111, 10662.355, 11219.28, 12336.874, 
12694.29, 13929.037, 15721.987, 15745.276, 18522.806, 1, 1, 1, 
1, 1, 1, 1, 1, 1, 1, 1, 0.33333, 0.33333, 0.33333, 0.33333, 0.33333, 
0.33333, 0.33333, 0.33333, 0.33333, 0.33333, 0.33333, 0, 0, 0, 
0, 0, 0, 0, 0, 0, 0, 0, 0, 0, 0, 0, 0, 0, 0, 0, 0, 0, 0, 0.91056, 
0.91278, 0.91234, 0.91703, 0.91454, 0.91144, 0.90626, 0.90868, 
0.90941, 0.90799, 0.90863, 0.91058, 0.908, 0.91127, 0.91905, 
0.9136, 0.9088, 0.90873, 0.90944, 0.90792, 0.91211, 0.9086, 0.0588, 
0.0645, 0.0714, 0.0809, 0.0942, 0.1085, 0.1129, 0.1218, 0.1457, 
0.1539, 0.1701, 141, 149.9, 157.7, 167.6, 182.8, 199.3, 210.2, 
216.4, 233.8, 249.1, 257.2, 1, 1, 1, 1, 1, 1, 1, 1, 1, 1, 1, 
1, 1, 1, 1, 1, 1, 1, 1, 1, 1, 1, 1, 1, 1, 1, 1, 1, 1, 1, 1, 1, 
1, 1, 1, 1, 1, 1, 1, 1, 1, 1, 1, 1, 3.289, 3.345, 3.186, 3.302, 
3.603, 3.681, 3.486, 3.686, 4.07, 3.825, 4.152), .Dim = c(11L, 
40L), .Dimnames = list(NULL, c("Sampling", "PSO.cost", "PSO.gamma", 
"PSO.data.balancing", "PSO.feature.selection", "PSO.valid.acc", 
"PSO.test.acc", "PSO.train.time", "PSO.n.support.vectors", "PSO.index", 
"PSO.n.solutions", "PSO.generations", "PSO.n.evaluations", "PSO.cpu.time", 
"RS.cost", "RS.gamma", "RS.data.balancing", "RS.feature.selection", 
"RS.valid.acc", "RS.test.acc", "RS.train.time", "RS.n.support.vectors", 
"RS.index", "RS.n.solutions", "RS.generations", "RS.n.evaluations", 
"RS.cpu.time", "DF.cost", "DF.gamma", "DF.data.balancing", "DF.feature.selection", 
"DF.valid.acc", "DF.test.acc", "DF.train.time", "DF.n.support.vectors", 
"DF.index", "DF.n.solutions", "DF.generations", "DF.n.evaluations", 
"DF.cpu.time")))
