full <-
structure(c(50, 55, 60, 65, 70, 75, 80, 85, 90, 95, 100, 5.48141, 
9.62137, 0.31167, 0.74441, 3.06136, 15, 15, 14.77833, 0.67109, 
5.35289, 0.33598, -4.69327, -11.99202, 0.46313, -0.38439, -1.32101, 
-6.29472, -5.85531, -8.23102, 1.01053, -4.38991, -0.38371, 0, 
0, 0, 0, 0, 0, 0, 0, 0, 0, 0, 0, 0, 0, 0, 0, 0, 0, 0, 0, 0, 0, 
0.90401, 0.90087, 0.90033, 0.90186, 0.90417, 0.9046, 0.90795, 
0.90326, 0.90936, 0.90862, 0.91062, 0.90268, 0.89967, 0.89479, 
0.89881, 0.90229, 0.90192, 0.9038, 0.89865, 0.90497, 0.90447, 
0.90996, 0.0657, 0.1079, 0.097, 0.0953, 0.1253, 3.5962, 4.225, 
1.5764, 0.2263, 0.226, 0.2051, 111.1, 159.2, 250.4, 214.8, 202.6, 
176.4, 183.2, 178.2, 379.5, 210.2, 305.2, 177, 62, 1184, 422, 
474, 2043, 834, 218, 476, 124, 1964, 253, 445, 65, 363, 85, 2, 
21, 587, 349, 124, 82, 100, 100, 100, 100, 100, 100, 100, 100, 
100, 100, 100, 2500, 2500, 2500, 2500, 2500, 2500, 2500, 2500, 
2500, 2500, 2500, 9145.002, 9575.131, 10560.984, 9452.51200000001, 
13214.128, 51881.116, 55086.767, 41292.787, 13192.512, 14803.654, 
14166.153, 5.96791, 10.98851, -1.04068, 0.10272, 4.93222, 11.26457, 
14.1915, 13.58809, 0.58752, 6.25502, -0.38386, -4.93655, -13.70597, 
-0.52439, -0.16574, -2.1132, -5.13571, -5.56723, -7.61915, 0.9798, 
-4.73762, -0.51198, 0, 0, 0, 0, 0, 0, 0, 0, 0, 0, 0, 0, 0, 0, 
0, 0, 0, 0, 0, 0, 0, 0, 0.90401, 0.90087, 0.90028, 0.90084, 0.90322, 
0.90542, 0.90629, 0.90326, 0.90936, 0.90862, 0.9093, 0.90268, 
0.89967, 0.89593, 0.89779, 0.90041, 0.90279, 0.90379, 0.89941, 
0.90643, 0.90447, 0.90996, 0.0698, 0.1048, 0.0841, 0.099, 0.1391, 
0.7621, 2.7822, 1.1622, 0.223, 0.2419, 0.1989, 112.5, 139.6, 
199, 225.3, 190.2, 180, 183.2, 181.4, 375.8, 209, 301.9, 517, 
91, 1503, 668, 91, 2182, 1974, 310, 296, 1795, 2400, 2, 21, 1, 
1, 4, 1, 2, 2, 1, 2, 1, 100, 100, 100, 100, 100, 100, 100, 100, 
100, 100, 100, 2500, 2500, 2500, 2500, 2500, 2500, 2500, 2500, 
2500, 2500, 2500, 9955.56, 10713.235, 11345.827, 11918.292, 13138.056, 
13699.837, 14475.731, 15985.3970000001, 16880.343, 17091.367, 
18662.177, 1, 1, 1, 1, 1, 1, 1, 1, 1, 1, 1, 0.33333, 0.33333, 
0.33333, 0.33333, 0.33333, 0.33333, 0.33333, 0.33333, 0.33333, 
0.33333, 0.33333, 0, 0, 0, 0, 0, 0, 0, 0, 0, 0, 0, 0, 0, 0, 0, 
0, 0, 0, 0, 0, 0, 0, 0.89876, 0.89613, 0.89478, 0.89778, 0.90041, 
0.90192, 0.90466, 0.89861, 0.9057, 0.9031, 0.90733, 0.90136, 
0.89492, 0.89478, 0.89574, 0.89856, 0.90108, 0.90551, 0.90095, 
0.90204, 0.90585, 0.90996, 0.0572, 0.067, 0.0794, 0.0856, 0.1012, 
0.1143, 0.1253, 0.1366, 0.1466, 0.1642, 0.1795, 142.7, 159.1, 
176.5, 180.2, 201.5, 216.7, 219.4, 231.8, 240.1, 250.1, 261.2, 
1, 1, 1, 1, 1, 1, 1, 1, 1, 1, 1, 1, 1, 1, 1, 1, 1, 1, 1, 1, 1, 
1, 1, 1, 1, 1, 1, 1, 1, 1, 1, 1, 1, 1, 1, 1, 1, 1, 1, 1, 1, 1, 
1, 1, 3.541, 3.315, 3.519, 3.54, 3.75, 3.89, 3.926, 4.084, 4.22, 
4.203, 4.427), .Dim = c(11L, 40L), .Dimnames = list(NULL, c("Sampling", 
"PSO.cost", "PSO.gamma", "PSO.data.balancing", "PSO.feature.selection", 
"PSO.valid.acc", "PSO.test.acc", "PSO.train.time", "PSO.n.support.vectors", 
"PSO.index", "PSO.n.solutions", "PSO.generations", "PSO.n.evaluations", 
"PSO.cpu.time", "RS.cost", "RS.gamma", "RS.data.balancing", "RS.feature.selection", 
"RS.valid.acc", "RS.test.acc", "RS.train.time", "RS.n.support.vectors", 
"RS.index", "RS.n.solutions", "RS.generations", "RS.n.evaluations", 
"RS.cpu.time", "DF.cost", "DF.gamma", "DF.data.balancing", "DF.feature.selection", 
"DF.valid.acc", "DF.test.acc", "DF.train.time", "DF.n.support.vectors", 
"DF.index", "DF.n.solutions", "DF.generations", "DF.n.evaluations", 
"DF.cpu.time")))
