full <-
structure(c(50, 55, 60, 65, 70, 75, 80, 85, 90, 95, 100, 10.71365, 
0.20135, 0.33722, 0.49485, -0.2134, 5.09478, 2.89898, 12.93865, 
13.17673, 0.27945, 8.28833, -4.34427, -0.43616, 0.71764, -1.18155, 
-1.324, -2.536, -2.5495, -6.02958, -5.42407, 0.27501, -6.00569, 
0, 0, 0, 0, 0, 0, 0, 0, 0, 0, 0, 0, 0, 0, 0, 0, 0, 0, 0, 0, 0, 
0, 0.90528, 0.908, 0.91451, 0.91803, 0.91729, 0.91759, 0.91697, 
0.91723, 0.91375, 0.91556, 0.90929, 0.90131, 0.90675, 0.9101, 
0.91398, 0.91259, 0.91318, 0.91041, 0.91182, 0.91301, 0.91208, 
0.90665, 0.1941, 0.0695, 0.1061, 0.0839, 0.0876, 0.1348, 0.1331, 
1.112, 2.1204, 0.2082, 0.3198, 122.5, 179.1, 249.6, 178.7, 188.3, 
170.8, 184.6, 176.6, 195.4, 328.2, 204.6, 478, 1072, 560, 668, 
644, 1231, 109, 1227, 483, 916, 41, 26, 70, 490, 521, 190, 33, 
313, 32, 88, 105, 216, 100, 100, 100, 100, 100, 100, 100, 100, 
100, 100, 100, 2500, 2500, 2500, 2500, 2500, 2500, 2500, 2500, 
2500, 2500, 2500, 11301.506, 18249.042, 9655.646, 8835.45599999999, 
9490.162, 9897.82800000001, 10181.629, 27877.104, 49503.129, 
13684.493, 60367.01, 7.94421, 0.23801, 1.96669, 0.80875, -0.28286, 
5.566, 2.99767, 13.31053, 12.27478, -0.43707, 8.15332, -3.30346, 
-0.37596, -0.79768, -1.38282, -1.18886, -2.65155, -2.55014, -6.16714, 
-5.12214, -0.82101, -5.75017, 0, 0, 0, 0, 0, 0, 0, 0, 0, 0, 0, 
0, 0, 0, 0, 0, 0, 0, 0, 0, 0, 0, 0.90396, 0.908, 0.91341, 0.91601, 
0.91636, 0.91672, 0.91697, 0.91723, 0.91375, 0.91554, 0.90928, 
0.89868, 0.90675, 0.91341, 0.91195, 0.91166, 0.91318, 0.90959, 
0.91182, 0.91301, 0.91554, 0.90731, 0.0911, 0.0698, 0.0756, 0.0869, 
0.0912, 0.1419, 0.1354, 1.2418, 1.4872, 0.1739, 0.335, 124.8, 
180.6, 167.8, 172.1, 193.4, 170.7, 185.5, 173.7, 198.2, 273.7, 
205, 24, 1363, 923, 4, 2200, 2207, 1228, 88, 877, 178, 2010, 
11, 2, 2, 2, 1, 2, 5, 3, 2, 1, 1, 100, 100, 100, 100, 100, 100, 
100, 100, 100, 100, 100, 2500, 2500, 2500, 2500, 2500, 2500, 
2500, 2500, 2500, 2500, 2500, 9510.556, 9511.127, 9974.213, 10608.664, 
11211.233, 11365.669, 12191.689, 12806.454, 14416.174, 16097.7450000001, 
17505.283, 1, 1, 1, 1, 1, 1, 1, 1, 1, 1, 1, 0.33333, 0.33333, 
0.33333, 0.33333, 0.33333, 0.33333, 0.33333, 0.33333, 0.33333, 
0.33333, 0.33333, 0, 0, 0, 0, 0, 0, 0, 0, 0, 0, 0, 0, 0, 0, 0, 
0, 0, 0, 0, 0, 0, 0, 0.90136, 0.90321, 0.91007, 0.91598, 0.91447, 
0.91142, 0.91368, 0.91566, 0.91008, 0.91346, 0.90534, 0.90268, 
0.90318, 0.9101, 0.91496, 0.91259, 0.91492, 0.91204, 0.91256, 
0.91228, 0.9114, 0.90862, 0.0543, 0.0605, 0.0704, 0.0837, 0.0905, 
0.1024, 0.111, 0.1219, 0.1364, 0.1523, 0.1689, 141.1, 150.7, 
161.2, 169.4, 181.8, 192, 199.9, 212.2, 225.3, 245.9, 256.9, 
1, 1, 1, 1, 1, 1, 1, 1, 1, 1, 1, 1, 1, 1, 1, 1, 1, 1, 1, 1, 1, 
1, 1, 1, 1, 1, 1, 1, 1, 1, 1, 1, 1, 1, 1, 1, 1, 1, 1, 1, 1, 1, 
1, 1, 3.327, 3.225, 3.28, 3.533, 3.55, 3.578, 3.584, 3.673, 3.807, 
3.97, 3.951), .Dim = c(11L, 40L), .Dimnames = list(NULL, c("Sampling", 
"PSO.cost", "PSO.gamma", "PSO.data.balancing", "PSO.feature.selection", 
"PSO.valid.acc", "PSO.test.acc", "PSO.train.time", "PSO.n.support.vectors", 
"PSO.index", "PSO.n.solutions", "PSO.generations", "PSO.n.evaluations", 
"PSO.cpu.time", "RS.cost", "RS.gamma", "RS.data.balancing", "RS.feature.selection", 
"RS.valid.acc", "RS.test.acc", "RS.train.time", "RS.n.support.vectors", 
"RS.index", "RS.n.solutions", "RS.generations", "RS.n.evaluations", 
"RS.cpu.time", "DF.cost", "DF.gamma", "DF.data.balancing", "DF.feature.selection", 
"DF.valid.acc", "DF.test.acc", "DF.train.time", "DF.n.support.vectors", 
"DF.index", "DF.n.solutions", "DF.generations", "DF.n.evaluations", 
"DF.cpu.time")))
