full <-
structure(c(50, 55, 60, 65, 70, 75, 80, 85, 90, 95, 100, 4.87866, 
11.84941, 14.99668, 7.34811, 11.14227, 15, 10.81888, 10.70002, 
12.96985, 0.34974, 7.08341, -3.81219, -5.45486, -8.61903, -5.53122, 
-4.61955, -7.23093, -7.02569, -5.59387, -5.75404, -1.01075, -3.50229, 
0, 0, 0, 0, 0, 0, 0, 0, 0, 0, 0, 0, 0, 0, 0, 0, 0, 0, 0, 0, 0, 
0, 0.92376, 0.92106, 0.91893, 0.91311, 0.91546, 0.90971, 0.90876, 
0.9064, 0.91157, 0.91001, 0.91189, 0.92113, 0.91628, 0.91235, 
0.91208, 0.91261, 0.91231, 0.90711, 0.90408, 0.90571, 0.90725, 
0.90925, 0.0702, 0.4203, 0.5289, 0.1219, 0.5262, 2.049, 0.3709, 
0.639, 2.1785, 0.1848, 0.3373, 108.8, 118.9, 108.6, 128.3, 155.2, 
154.4, 160.9, 188.5, 199.3, 273.1, 223.3, 26, 763, 319, 185, 
640, 196, 144, 76, 27, 2208, 327, 231, 41, 137, 117, 97, 67, 
432, 193, 83, 1, 92, 100, 100, 100, 100, 100, 100, 100, 100, 
100, 100, 100, 2500, 2500, 2500, 2500, 2500, 2500, 2500, 2500, 
2500, 2500, 2500, 12622.703, 24245.252, 18980.455, 10634.763, 
15836.77, 22065.158, 22552.78, 24220.317, 39349.305, 24218.472, 
17592.278, 9.85542, 14.14601, 13.93067, 4.89554, 10.55567, 14.45625, 
10.87623, 11.23174, 13.0727, 2.10498, 8.54433, -5.2171, -6.52422, 
-8.04645, -4.30871, -4.40343, -7.03394, -7.05476, -5.77725, -5.87331, 
-2.33583, -4.03443, 0, 0, 0, 0, 0, 0, 0, 0, 0, 0, 0, 0, 0, 0, 
0, 0, 0, 0, 0, 0, 0, 0, 0.92376, 0.91987, 0.91784, 0.91311, 0.91546, 
0.90971, 0.90876, 0.9064, 0.91157, 0.90931, 0.91123, 0.91983, 
0.91747, 0.91235, 0.90804, 0.91166, 0.91318, 0.90711, 0.90408, 
0.90571, 0.90725, 0.9099, 0.1621, 0.9157, 0.4445, 0.1019, 0.4252, 
1.7322, 0.3765, 0.7946, 1.8932, 0.178, 0.5018, 106.6, 116, 111.5, 
135, 155.7, 154.5, 160.5, 186.3, 199.7, 233.4, 221.6, 47, 733, 
80, 1061, 5, 1822, 3, 1649, 12, 414, 684, 24, 2, 32, 1, 1, 1, 
7, 2, 1, 2, 3, 100, 100, 100, 100, 100, 100, 100, 100, 100, 100, 
100, 2500, 2500, 2500, 2500, 2500, 2500, 2500, 2500, 2500, 2500, 
2500, 9927.013, 10196.67, 10711.791, 10867.922, 11546.191, 12636.629, 
13990.624, 14557.701, 15283.028, 16534.45, 17935.753, 1, 1, 1, 
1, 1, 1, 1, 1, 1, 1, 1, 0.33333, 0.33333, 0.33333, 0.33333, 0.33333, 
0.33333, 0.33333, 0.33333, 0.33333, 0.33333, 0.33333, 0, 0, 0, 
0, 0, 0, 0, 0, 0, 0, 0, 0, 0, 0, 0, 0, 0, 0, 0, 0, 0, 0, 0.9133, 
0.91152, 0.91672, 0.91004, 0.91452, 0.90968, 0.9071, 0.90098, 
0.90937, 0.90725, 0.90796, 0.91456, 0.91271, 0.91453, 0.90903, 
0.91074, 0.91059, 0.90709, 0.90251, 0.90791, 0.90863, 0.90924, 
0.0572, 0.0646, 0.071, 0.0807, 0.0914, 0.1078, 0.1184, 0.1405, 
0.1536, 0.1579, 0.1715, 141.9, 153.1, 155.7, 166.4, 185.1, 199.3, 
217.6, 230.2, 241.8, 250.4, 259.4, 1, 1, 1, 1, 1, 1, 1, 1, 1, 
1, 1, 1, 1, 1, 1, 1, 1, 1, 1, 1, 1, 1, 1, 1, 1, 1, 1, 1, 1, 1, 
1, 1, 1, 1, 1, 1, 1, 1, 1, 1, 1, 1, 1, 1, 3.33, 3.145, 3.427, 
3.343, 3.402, 3.591, 3.525, 4.103, 3.999, 4.026, 4.06), .Dim = c(11L, 
40L), .Dimnames = list(NULL, c("Sampling", "PSO.cost", "PSO.gamma", 
"PSO.data.balancing", "PSO.feature.selection", "PSO.valid.acc", 
"PSO.test.acc", "PSO.train.time", "PSO.n.support.vectors", "PSO.index", 
"PSO.n.solutions", "PSO.generations", "PSO.n.evaluations", "PSO.cpu.time", 
"RS.cost", "RS.gamma", "RS.data.balancing", "RS.feature.selection", 
"RS.valid.acc", "RS.test.acc", "RS.train.time", "RS.n.support.vectors", 
"RS.index", "RS.n.solutions", "RS.generations", "RS.n.evaluations", 
"RS.cpu.time", "DF.cost", "DF.gamma", "DF.data.balancing", "DF.feature.selection", 
"DF.valid.acc", "DF.test.acc", "DF.train.time", "DF.n.support.vectors", 
"DF.index", "DF.n.solutions", "DF.generations", "DF.n.evaluations", 
"DF.cpu.time")))
