full <-
structure(c(50, 55, 60, 65, 70, 75, 80, 85, 90, 95, 100, 0.28569, 
1.13191, 14.99317, 0.14478, 2.43573, 2.24929, -0.10068, 14.06465, 
7.36993, 15, 1.07459, 0.00253, 0.55466, -7.94962, -0.91816, -3.19147, 
-1.71182, -0.18459, -8.85513, -4.20938, -4.89549, -1.51377, 0, 
0, 0, 0, 0, 0, 0, 0, 0, 0, 0, 0, 0, 0, 0, 0, 0, 0, 0, 0, 0, 0, 
0.9224, 0.92121, 0.92003, 0.91509, 0.9174, 0.91144, 0.91366, 
0.91099, 0.9123, 0.9093, 0.91127, 0.91851, 0.91759, 0.91453, 
0.91406, 0.91082, 0.90968, 0.90543, 0.90556, 0.90866, 0.90511, 
0.91127, 0.0733, 0.0849, 0.7854, 0.0858, 0.0872, 0.1191, 0.142, 
0.4381, 0.2819, 7.1032, 0.1969, 188, 225.2, 115.3, 193, 145.6, 
189.4, 259.1, 159.6, 200.4, 214.1, 266, 556, 804, 485, 2461, 
51, 211, 815, 1237, 636, 1329, 593, 92, 68, 166, 1, 512, 484, 
173, 41, 45, 53, 85, 100, 100, 100, 100, 100, 100, 100, 100, 
100, 100, 100, 2500, 2500, 2500, 2500, 2500, 2500, 2500, 2500, 
2500, 2500, 2500, 9127.247, 9382.321, 19127.347, 22141.091, 9351.41100000001, 
9860.00600000001, 10402.038, 18860.822, 18387.368, 98203.353, 
25291.291, 0.63578, 0.60803, 14.92244, 0.32499, 2.65967, 2.00556, 
9.45334, 8.3343, 6.40606, 14.58234, 0.77773, 0.64259, 0.94005, 
-7.90595, 0.09058, -3.28493, -1.52366, -3.50174, -6.1244, -3.72263, 
-4.82129, -1.19245, 0, 0, 0, 0, 0, 0, 0, 0, 0, 0, 0, 0, 0, 0, 
0, 0, 0, 0, 0, 0, 0, 0, 0.92117, 0.91997, 0.92003, 0.91815, 0.9174, 
0.91144, 0.91202, 0.91099, 0.91084, 0.90792, 0.91061, 0.91459, 
0.92241, 0.91453, 0.91711, 0.91083, 0.90968, 0.90872, 0.90711, 
0.91087, 0.90443, 0.91061, 0.0867, 0.106, 0.7611, 0.1079, 0.0893, 
0.1145, 0.3905, 0.1929, 0.2403, 5.5532, 0.2038, 227.1, 267.3, 
114.6, 232.2, 145.7, 192.9, 180.5, 167.7, 201.8, 213.8, 279, 
177, 11, 768, 302, 543, 140, 121, 813, 656, 87, 1308, 1, 2, 2, 
1, 1, 7, 3, 1, 4, 4, 1, 100, 100, 100, 100, 100, 100, 100, 100, 
100, 100, 100, 2500, 2500, 2500, 2500, 2500, 2500, 2500, 2500, 
2500, 2500, 2500, 9323.084, 9736.103, 10357.414, 10542.605, 11298.763, 
12275.107, 13492.429, 14036.64, 15371.686, 16683.214, 18810.32, 
1, 1, 1, 1, 1, 1, 1, 1, 1, 1, 1, 0.33333, 0.33333, 0.33333, 0.33333, 
0.33333, 0.33333, 0.33333, 0.33333, 0.33333, 0.33333, 0.33333, 
0, 0, 0, 0, 0, 0, 0, 0, 0, 0, 0, 0, 0, 0, 0, 0, 0, 0, 0, 0, 0, 
0, 0.91715, 0.91394, 0.9189, 0.91, 0.91363, 0.90791, 0.90873, 
0.9079, 0.9072, 0.90652, 0.9106, 0.91321, 0.91394, 0.9156, 0.91609, 
0.91269, 0.90707, 0.90709, 0.90866, 0.90941, 0.90512, 0.9093, 
0.0519, 0.0622, 0.0723, 0.0802, 0.0877, 0.1035, 0.1129, 0.1272, 
0.1401, 0.1543, 0.1755, 135.6, 143.6, 156.8, 171.4, 177.4, 197.6, 
202.1, 220.1, 230.7, 244.6, 260.8, 1, 1, 1, 1, 1, 1, 1, 1, 1, 
1, 1, 1, 1, 1, 1, 1, 1, 1, 1, 1, 1, 1, 1, 1, 1, 1, 1, 1, 1, 1, 
1, 1, 1, 1, 1, 1, 1, 1, 1, 1, 1, 1, 1, 1, 3.2, 3.543, 3.503, 
3.402, 3.532, 3.645, 3.761, 3.838, 3.921, 4.062, 4.305), .Dim = c(11L, 
40L), .Dimnames = list(NULL, c("Sampling", "PSO.cost", "PSO.gamma", 
"PSO.data.balancing", "PSO.feature.selection", "PSO.valid.acc", 
"PSO.test.acc", "PSO.train.time", "PSO.n.support.vectors", "PSO.index", 
"PSO.n.solutions", "PSO.generations", "PSO.n.evaluations", "PSO.cpu.time", 
"RS.cost", "RS.gamma", "RS.data.balancing", "RS.feature.selection", 
"RS.valid.acc", "RS.test.acc", "RS.train.time", "RS.n.support.vectors", 
"RS.index", "RS.n.solutions", "RS.generations", "RS.n.evaluations", 
"RS.cpu.time", "DF.cost", "DF.gamma", "DF.data.balancing", "DF.feature.selection", 
"DF.valid.acc", "DF.test.acc", "DF.train.time", "DF.n.support.vectors", 
"DF.index", "DF.n.solutions", "DF.generations", "DF.n.evaluations", 
"DF.cpu.time")))
