full <-
structure(c(50, 55, 60, 65, 70, 75, 80, 85, 90, 95, 100, 4.78596, 
10.99066, 10.96798, 4.40153, 12.52228, 1.93537, 5.44263, 5.47055, 
14.7656, 4.22175, 10.64504, -5.94667, -11.48928, -12.99422, -6.82049, 
-15, -5.99742, -8.53011, -7.75073, -12.09685, -7.17877, -10.30291, 
0, 0, 0, 0, 0, 0, 0, 0, 0, 0, 0, 0, 0, 0, 0, 0, 0, 0, 0, 0, 0, 
0, 0.56691, 0.58942, 0.54652, 0.56096, 0.56106, 0.57856, 0.57859, 
0.58227, 0.58685, 0.58506, 0.57688, 0.55226, 0.58261, 0.53049, 
0.54676, 0.5329, 0.55029, 0.56907, 0.57626, 0.56349, 0.56306, 
0.55456, 0.0438, 0.074, 0.0906, 0.0617, 0.0883, 0.07, 0.0986, 
0.1024, 0.2418, 0.1144, 0.1824, 193.4, 209.1, 235.4, 250.3, 271.2, 
291.2, 302.3, 318.6, 333.6, 355.2, 369.5, 1643, 351, 1884, 487, 
298, 747, 152, 1755, 1539, 2069, 1298, 2, 164, 4, 124, 49, 54, 
27, 10, 6, 7, 12, 100, 100, 100, 100, 100, 100, 100, 100, 100, 
100, 100, 2500, 2500, 2500, 2500, 2500, 2500, 2500, 2500, 2500, 
2500, 2500, 6760.039, 7516.716, 7883.39, 7423.726, 8216.6, 7607.49699999999, 
10622.514, 10803.06, 13506.803, 11321.556, 12643.791, 4.22206, 
13.82646, 11.95129, 4.81929, 8.3738, 1.78377, 5.14464, 5.23375, 
14.04053, 3.81346, 11.3439, -5.64663, -13.00543, -14.00784, -7.00931, 
-10.50407, -5.88186, -6.92202, -7.54903, -12.05138, -6.92424, 
-10.61573, 0, 0, 0, 0, 0, 0, 0, 0, 0, 0, 0, 0, 0, 0, 0, 0, 0, 
0, 0, 0, 0, 0, 0.5632, 0.58608, 0.5434, 0.56078, 0.56092, 0.57612, 
0.57849, 0.58005, 0.58463, 0.58295, 0.57322, 0.541, 0.56476, 
0.53049, 0.55567, 0.54101, 0.54785, 0.54038, 0.57621, 0.56788, 
0.56702, 0.55268, 0.0424, 0.0884, 0.0789, 0.0616, 0.0979, 0.0762, 
0.0923, 0.0988, 0.21, 0.1149, 0.1976, 194, 208.6, 235.8, 249.5, 
268.5, 291.9, 303.6, 318.7, 334.4, 357.2, 369.8, 1762, 1993, 
190, 1661, 2380, 478, 2405, 2434, 281, 91, 561, 1, 2, 2, 1, 1, 
1, 1, 1, 3, 1, 1, 100, 100, 100, 100, 100, 100, 100, 100, 100, 
100, 100, 2500, 2500, 2500, 2500, 2500, 2500, 2500, 2500, 2500, 
2500, 2500, 6715.858, 7072.813, 7146.617, 7607.086, 7894.83199999999, 
9500.643, 10920.257, 11261.537, 11556.744, 12084.853, 12453.987, 
1, 1, 1, 1, 1, 1, 1, 1, 1, 1, 1, 0.08333, 0.08333, 0.08333, 0.08333, 
0.08333, 0.08333, 0.08333, 0.08333, 0.08333, 0.08333, 0.08333, 
0, 0, 0, 0, 0, 0, 0, 0, 0, 0, 0, 0, 0, 0, 0, 0, 0, 0, 0, 0, 0, 
0, 0.51011, 0.49977, 0.49314, 0.51203, 0.51708, 0.53854, 0.54542, 
0.53544, 0.55108, 0.53444, 0.53505, 0.5178, 0.49308, 0.48298, 
0.52017, 0.5224, 0.53295, 0.53523, 0.53129, 0.54442, 0.53656, 
0.53344, 0.04, 0.0454, 0.0552, 0.0569, 0.07, 0.0791, 0.0873, 
0.0961, 0.1047, 0.1137, 0.1236, 204.2, 224.1, 245.9, 264.4, 282.8, 
299.1, 318.4, 336.5, 352.9, 373.3, 394.6, 1, 1, 1, 1, 1, 1, 1, 
1, 1, 1, 1, 1, 1, 1, 1, 1, 1, 1, 1, 1, 1, 1, 1, 1, 1, 1, 1, 1, 
1, 1, 1, 1, 1, 1, 1, 1, 1, 1, 1, 1, 1, 1, 1, 1, 2.59, 2.61, 2.855, 
2.726, 3.032, 3.986, 4.084, 4.191, 4.298, 4.363, 4.498), .Dim = c(11L, 
40L), .Dimnames = list(NULL, c("Sampling", "PSO.cost", "PSO.gamma", 
"PSO.data.balancing", "PSO.feature.selection", "PSO.valid.acc", 
"PSO.test.acc", "PSO.train.time", "PSO.n.support.vectors", "PSO.index", 
"PSO.n.solutions", "PSO.generations", "PSO.n.evaluations", "PSO.cpu.time", 
"RS.cost", "RS.gamma", "RS.data.balancing", "RS.feature.selection", 
"RS.valid.acc", "RS.test.acc", "RS.train.time", "RS.n.support.vectors", 
"RS.index", "RS.n.solutions", "RS.generations", "RS.n.evaluations", 
"RS.cpu.time", "DF.cost", "DF.gamma", "DF.data.balancing", "DF.feature.selection", 
"DF.valid.acc", "DF.test.acc", "DF.train.time", "DF.n.support.vectors", 
"DF.index", "DF.n.solutions", "DF.generations", "DF.n.evaluations", 
"DF.cpu.time")))
