full <-
structure(c(50, 55, 60, 65, 70, 75, 80, 85, 90, 95, 100, 5.08593, 
8.99361, 6.64107, 14.50227, 4.40342, 12.88332, 12.11566, 13.06231, 
8.27547, 10.88286, 9.46228, -7.20372, -12.1844, -9.62664, -15, 
-7.58318, -15, -15, -12.67848, -11.78023, -11.16406, -10.34255, 
0, 0, 0, 0, 0, 0, 0, 0, 0, 0, 0, 0, 0, 0, 0, 0, 0, 0, 0, 0, 0, 
0, 0.6177, 0.63844, 0.62335, 0.60531, 0.58179, 0.59375, 0.59941, 
0.58824, 0.58064, 0.57388, 0.58406, 0.60249, 0.61131, 0.60175, 
0.57093, 0.56029, 0.57836, 0.56629, 0.56546, 0.54469, 0.56228, 
0.54611, 0.0457, 0.0724, 0.0676, 0.1041, 0.0738, 0.1081, 0.103, 
0.1718, 0.1499, 0.1675, 0.1688, 187.7, 206.1, 221.4, 237.9, 261.7, 
281.1, 307.1, 316.9, 340.9, 351.6, 370, 832, 287, 38, 340, 809, 
595, 2002, 262, 14, 330, 449, 151, 31, 74, 508, 55, 40, 1, 286, 
347, 84, 174, 100, 100, 100, 100, 100, 100, 100, 100, 100, 100, 
100, 2500, 2500, 2500, 2500, 2500, 2500, 2500, 2500, 2500, 2500, 
2500, 7104.073, 7413.818, 7566.048, 8280.531, 7975.88799999999, 
8794.28599999999, 8847.29100000001, 10334.714, 9532.16499999998, 
10676.104, 10303.051, 4.92731, 11.29801, 10.29499, 14.1249, 4.16809, 
11.46757, 5.7024, 13.03815, 10.04324, 5.34888, 10.105, -7.12252, 
-14.51576, -14.07866, -14.57839, -7.38549, -13.54394, -9.55379, 
-12.64027, -13.68935, -8.41926, -10.6634, 0, 0, 0, 0, 0, 0, 0, 
0, 0, 0, 0, 0, 0, 0, 0, 0, 0, 0, 0, 0, 0, 0, 0.61386, 0.63511, 
0.62313, 0.60506, 0.57901, 0.59112, 0.59482, 0.58602, 0.58481, 
0.57217, 0.58035, 0.60249, 0.61464, 0.60194, 0.56538, 0.55751, 
0.57836, 0.57361, 0.56319, 0.54251, 0.5702, 0.54444, 0.0475, 
0.0534, 0.0626, 0.1062, 0.0707, 0.1156, 0.1, 0.1727, 0.1452, 
0.1245, 0.1752, 187.8, 207.2, 229.6, 240, 261.7, 283.4, 301.8, 
316.5, 347.4, 352.6, 370, 102, 245, 223, 902, 645, 2160, 537, 
381, 2005, 844, 2422, 1, 1, 9, 1, 1, 1, 1, 1, 1, 1, 1, 100, 100, 
100, 100, 100, 100, 100, 100, 100, 100, 100, 2500, 2500, 2500, 
2500, 2500, 2500, 2500, 2500, 2500, 2500, 2500, 7202.907, 7376.348, 
7593.741, 7856.302, 8290.81000000001, 8711.458, 9035.033, 9326.73000000001, 
9516.25699999998, 9915.33799999999, 10381.598, 1, 1, 1, 1, 1, 
1, 1, 1, 1, 1, 1, 0.08333, 0.08333, 0.08333, 0.08333, 0.08333, 
0.08333, 0.08333, 0.08333, 0.08333, 0.08333, 0.08333, 0, 0, 0, 
0, 0, 0, 0, 0, 0, 0, 0, 0, 0, 0, 0, 0, 0, 0, 0, 0, 0, 0, 0.56423, 
0.5763, 0.57666, 0.57948, 0.53012, 0.54584, 0.57309, 0.56112, 
0.53401, 0.54815, 0.53289, 0.56039, 0.57296, 0.57381, 0.5879, 
0.54087, 0.53513, 0.57326, 0.55435, 0.52974, 0.53827, 0.54199, 
0.0407, 0.0454, 0.0554, 0.0577, 0.0674, 0.0744, 0.0824, 0.0917, 
0.0999, 0.1091, 0.1212, 200.3, 217.1, 238.5, 255.7, 276.5, 295.3, 
315.4, 334.6, 352.3, 371.1, 393.6, 1, 1, 1, 1, 1, 1, 1, 1, 1, 
1, 1, 1, 1, 1, 1, 1, 1, 1, 1, 1, 1, 1, 1, 1, 1, 1, 1, 1, 1, 1, 
1, 1, 1, 1, 1, 1, 1, 1, 1, 1, 1, 1, 1, 1, 2.661, 2.753, 3.018, 
2.883, 3.106, 3.198, 3.259, 3.341, 3.426, 3.604, 3.633), .Dim = c(11L, 
40L), .Dimnames = list(NULL, c("Sampling", "PSO.cost", "PSO.gamma", 
"PSO.data.balancing", "PSO.feature.selection", "PSO.valid.acc", 
"PSO.test.acc", "PSO.train.time", "PSO.n.support.vectors", "PSO.index", 
"PSO.n.solutions", "PSO.generations", "PSO.n.evaluations", "PSO.cpu.time", 
"RS.cost", "RS.gamma", "RS.data.balancing", "RS.feature.selection", 
"RS.valid.acc", "RS.test.acc", "RS.train.time", "RS.n.support.vectors", 
"RS.index", "RS.n.solutions", "RS.generations", "RS.n.evaluations", 
"RS.cpu.time", "DF.cost", "DF.gamma", "DF.data.balancing", "DF.feature.selection", 
"DF.valid.acc", "DF.test.acc", "DF.train.time", "DF.n.support.vectors", 
"DF.index", "DF.n.solutions", "DF.generations", "DF.n.evaluations", 
"DF.cpu.time")))
