full <-
structure(c(50, 55, 60, 65, 70, 75, 80, 85, 90, 95, 100, 4.96479, 
7.20824, 12.28063, 8.42414, 5.60074, 14.13823, 11.67419, 8.29028, 
9.81727, 13.90643, 10.95665, -7.15919, -9.34578, -15, -9.58968, 
-7.68489, -11.70217, -15, -9.28262, -9.36349, -12.22119, -11.88175, 
0, 0, 0, 0, 0, 0, 0, 0, 0, 0, 0, 0, 0, 0, 0, 0, 0, 0, 0, 0, 0, 
0, 0.59432, 0.57878, 0.58261, 0.58239, 0.58105, 0.57641, 0.58215, 
0.58998, 0.59499, 0.57666, 0.57736, 0.5567, 0.56534, 0.57856, 
0.5674, 0.55993, 0.56877, 0.57228, 0.58104, 0.57593, 0.57094, 
0.55605, 0.0469, 0.0646, 0.0809, 0.0834, 0.076, 0.2041, 0.107, 
0.1254, 0.1465, 0.2327, 0.1952, 189.7, 210.3, 231.5, 240.6, 263.2, 
281.3, 310.2, 312.8, 328.8, 353.2, 376.2, 1814, 2239, 401, 436, 
602, 1417, 242, 1572, 41, 1610, 563, 1, 1, 40, 134, 190, 6, 76, 
42, 42, 10, 103, 100, 100, 100, 100, 100, 100, 100, 100, 100, 
100, 100, 2500, 2500, 2500, 2500, 2500, 2500, 2500, 2500, 2500, 
2500, 2500, 7429.756, 7437.471, 7958.05, 8199.131, 8345.557, 
12602.776, 11562.298, 12006.116, 12985.742, 13503.63, 13516.717, 
5.18466, 7.14419, 10.28849, 8.74013, 5.81407, 6.30544, 8.55147, 
8.05323, 10.8512, 14.50804, 10.45179, -7.33171, -9.34469, -13.00277, 
-9.77851, -7.52107, -7.37843, -11.87651, -9.13347, -10.29057, 
-12.54449, -11.62577, 0, 0, 0, 0, 0, 0, 0, 0, 0, 0, 0, 0, 0, 
0, 0, 0, 0, 0, 0, 0, 0, 0, 0.59418, 0.57534, 0.58261, 0.57945, 
0.57571, 0.57392, 0.58215, 0.58771, 0.59078, 0.5727, 0.57557, 
0.5567, 0.56534, 0.57856, 0.57034, 0.56248, 0.55843, 0.57228, 
0.57886, 0.58662, 0.5689, 0.55413, 0.0466, 0.0658, 0.0978, 0.0857, 
0.0765, 0.0886, 0.1304, 0.1242, 0.1614, 0.245, 0.1849, 189.7, 
210.5, 232.4, 241.1, 262.1, 278.8, 305.1, 312.7, 329.3, 354.9, 
376.6, 1366, 113, 1645, 575, 591, 1294, 426, 1255, 701, 2114, 
1754, 2, 1, 1, 1, 1, 1, 1, 1, 6, 1, 1, 100, 100, 100, 100, 100, 
100, 100, 100, 100, 100, 100, 2500, 2500, 2500, 2500, 2500, 2500, 
2500, 2500, 2500, 2500, 2500, 7529.794, 7466.884, 7657.562, 8063.248, 
8458.727, 11084.139, 11504.689, 11982.033, 12219.02, 12584.546, 
11740.733, 1, 1, 1, 1, 1, 1, 1, 1, 1, 1, 1, 0.08333, 0.08333, 
0.08333, 0.08333, 0.08333, 0.08333, 0.08333, 0.08333, 0.08333, 
0.08333, 0.08333, 0, 0, 0, 0, 0, 0, 0, 0, 0, 0, 0, 0, 0, 0, 0, 
0, 0, 0, 0, 0, 0, 0, 0.51168, 0.53774, 0.55081, 0.52656, 0.54289, 
0.53047, 0.51717, 0.53825, 0.54858, 0.52673, 0.53365, 0.50383, 
0.5488, 0.54425, 0.53785, 0.52463, 0.52567, 0.52612, 0.51556, 
0.54415, 0.53477, 0.53358, 0.0415, 0.0487, 0.0545, 0.0595, 0.0674, 
0.0793, 0.0859, 0.0964, 0.1075, 0.1164, 0.1205, 202, 222, 241, 
260.9, 279.8, 298.3, 317.1, 335.5, 354.6, 373.7, 393.6, 1, 1, 
1, 1, 1, 1, 1, 1, 1, 1, 1, 1, 1, 1, 1, 1, 1, 1, 1, 1, 1, 1, 1, 
1, 1, 1, 1, 1, 1, 1, 1, 1, 1, 1, 1, 1, 1, 1, 1, 1, 1, 1, 1, 1, 
2.899, 2.886, 2.938, 3.034, 3.169, 4.163, 4.256, 4.404, 4.568, 
4.654, 3.712), .Dim = c(11L, 40L), .Dimnames = list(NULL, c("Sampling", 
"PSO.cost", "PSO.gamma", "PSO.data.balancing", "PSO.feature.selection", 
"PSO.valid.acc", "PSO.test.acc", "PSO.train.time", "PSO.n.support.vectors", 
"PSO.index", "PSO.n.solutions", "PSO.generations", "PSO.n.evaluations", 
"PSO.cpu.time", "RS.cost", "RS.gamma", "RS.data.balancing", "RS.feature.selection", 
"RS.valid.acc", "RS.test.acc", "RS.train.time", "RS.n.support.vectors", 
"RS.index", "RS.n.solutions", "RS.generations", "RS.n.evaluations", 
"RS.cpu.time", "DF.cost", "DF.gamma", "DF.data.balancing", "DF.feature.selection", 
"DF.valid.acc", "DF.test.acc", "DF.train.time", "DF.n.support.vectors", 
"DF.index", "DF.n.solutions", "DF.generations", "DF.n.evaluations", 
"DF.cpu.time")))
