full <-
structure(c(50, 55, 60, 65, 70, 75, 80, 85, 90, 95, 100, 7.33097, 
9.22163, 5.72351, 1.25728, 1.90802, 7.8842, 6.20035, 11.58538, 
9.54087, 7.18722, 8.67839, -8.93546, -9.33759, -7.09067, -4.35382, 
-4.4961, -8.20906, -7.72259, -14.98296, -10.47698, -10.11987, 
-11.73141, 0, 0, 0, 0, 0, 0, 0, 0, 0, 0, 0, 0, 0, 0, 0, 0, 0, 
0, 0, 0, 0, 0, 0.60288, 0.58328, 0.5638, 0.58391, 0.58989, 0.58121, 
0.57854, 0.55395, 0.57682, 0.59614, 0.57523, 0.59548, 0.57303, 
0.55735, 0.57041, 0.5627, 0.56415, 0.55716, 0.55173, 0.57673, 
0.56824, 0.54459, 0.0521, 0.0654, 0.0555, 0.0579, 0.067, 0.0864, 
0.0881, 0.1068, 0.1372, 0.1467, 0.1794, 190.2, 210.1, 229.9, 
255, 271.7, 280.5, 303.2, 330.4, 338.8, 356.8, 376.2, 553, 307, 
367, 1170, 307, 970, 1572, 253, 201, 491, 1469, 222, 66, 418, 
77, 116, 105, 17, 69, 1109, 191, 106, 100, 100, 100, 100, 100, 
100, 100, 100, 100, 100, 100, 2500, 2500, 2500, 2500, 2500, 2500, 
2500, 2500, 2500, 2500, 2500, 7315.43, 7570.063, 7526.34, 7631.351, 
8086.56100000001, 8405.577, 9246.08, 8944.803, 9706.36, 12462.197, 
12819.599, 7.74896, 4.72336, 6.5876, 1.29102, 1.86826, 8.01551, 
13.33086, 6.49621, 9.31828, 8.36203, 8.62603, -9.10509, -6.60828, 
-7.62842, -4.4085, -4.52238, -8.28169, -10.99818, -9.89205, -10.48238, 
-11.4164, -11.71434, 0, 0, 0, 0, 0, 0, 0, 0, 0, 0, 0, 0, 0, 0, 
0, 0, 0, 0, 0, 0, 0, 0, 0.59917, 0.58331, 0.56068, 0.58391, 0.58989, 
0.57865, 0.5761, 0.55183, 0.57682, 0.59438, 0.57523, 0.59548, 
0.57316, 0.56037, 0.56747, 0.56818, 0.56415, 0.54463, 0.54935, 
0.57015, 0.56412, 0.54459, 0.0512, 0.0485, 0.0585, 0.0578, 0.0676, 
0.0877, 0.1631, 0.1192, 0.1424, 0.163, 0.1828, 189.8, 211, 228.5, 
254.6, 271.5, 280.1, 294.4, 324.9, 339.5, 359.7, 375.5, 1911, 
276, 1398, 1142, 1875, 1097, 1781, 1043, 558, 2104, 662, 1, 1, 
5, 1, 1, 1, 1, 1, 2, 1, 1, 100, 100, 100, 100, 100, 100, 100, 
100, 100, 100, 100, 2500, 2500, 2500, 2500, 2500, 2500, 2500, 
2500, 2500, 2500, 2500, 7198.578, 7458.089, 7782.338, 8030.934, 
8312.10100000001, 8596.38299999999, 8993.41799999999, 9231.268, 
9475.73000000001, 12520.566, 13135.607, 1, 1, 1, 1, 1, 1, 1, 
1, 1, 1, 1, 0.08333, 0.08333, 0.08333, 0.08333, 0.08333, 0.08333, 
0.08333, 0.08333, 0.08333, 0.08333, 0.08333, 0, 0, 0, 0, 0, 0, 
0, 0, 0, 0, 0, 0, 0, 0, 0, 0, 0, 0, 0, 0, 0, 0, 0.52708, 0.5044, 
0.50976, 0.53211, 0.5437, 0.53996, 0.51951, 0.52052, 0.51722, 
0.55619, 0.51981, 0.51184, 0.54185, 0.51631, 0.55338, 0.53837, 
0.54008, 0.51179, 0.5294, 0.53415, 0.53406, 0.53751, 0.0399, 
0.0459, 0.0523, 0.061, 0.0691, 0.0771, 0.0811, 0.0876, 0.0959, 
0.1078, 0.1245, 203.8, 223.3, 242.5, 262.9, 281.1, 301.2, 319.9, 
338.9, 357.8, 373.5, 393.4, 1, 1, 1, 1, 1, 1, 1, 1, 1, 1, 1, 
1, 1, 1, 1, 1, 1, 1, 1, 1, 1, 1, 1, 1, 1, 1, 1, 1, 1, 1, 1, 1, 
1, 1, 1, 1, 1, 1, 1, 1, 1, 1, 1, 1, 2.688, 2.791, 2.871, 3.066, 
3.249, 3.276, 3.23, 3.259, 3.34, 4.289, 4.823), .Dim = c(11L, 
40L), .Dimnames = list(NULL, c("Sampling", "PSO.cost", "PSO.gamma", 
"PSO.data.balancing", "PSO.feature.selection", "PSO.valid.acc", 
"PSO.test.acc", "PSO.train.time", "PSO.n.support.vectors", "PSO.index", 
"PSO.n.solutions", "PSO.generations", "PSO.n.evaluations", "PSO.cpu.time", 
"RS.cost", "RS.gamma", "RS.data.balancing", "RS.feature.selection", 
"RS.valid.acc", "RS.test.acc", "RS.train.time", "RS.n.support.vectors", 
"RS.index", "RS.n.solutions", "RS.generations", "RS.n.evaluations", 
"RS.cpu.time", "DF.cost", "DF.gamma", "DF.data.balancing", "DF.feature.selection", 
"DF.valid.acc", "DF.test.acc", "DF.train.time", "DF.n.support.vectors", 
"DF.index", "DF.n.solutions", "DF.generations", "DF.n.evaluations", 
"DF.cpu.time")))
