full <-
structure(c(50, 55, 60, 65, 70, 75, 80, 85, 90, 95, 100, 9.62599, 
4.75426, 4.51956, 9.41306, 5.46104, 4.89809, 12.27826, 6.65726, 
9.41737, 10.58946, 9.93043, -12.85159, -7.10689, -7.22764, -12.48141, 
-6.77023, -8.96616, -14.953, -10.95307, -14.11794, -14.18673, 
-9.44436, 0, 0, 0, 0, 0, 0, 0, 0, 0, 0, 0, 0, 0, 0, 0, 0, 0, 
0, 0, 0, 0, 0, 0.57684, 0.60468, 0.54732, 0.55914, 0.57413, 0.56599, 
0.56681, 0.58753, 0.56751, 0.58414, 0.56935, 0.55124, 0.59393, 
0.52351, 0.57295, 0.5437, 0.53761, 0.54287, 0.56303, 0.55474, 
0.56366, 0.54482, 0.0604, 0.0528, 0.0583, 0.0915, 0.0767, 0.0807, 
0.0936, 0.1127, 0.1079, 0.1412, 0.1727, 197.7, 211, 232.2, 256, 
268.9, 293, 306.2, 328.4, 354.3, 367.6, 366.7, 80, 1837, 1762, 
302, 445, 603, 387, 777, 585, 342, 1342, 30, 47, 3, 86, 112, 
88, 36, 78, 26, 46, 13, 100, 100, 100, 100, 100, 100, 100, 100, 
100, 100, 100, 2500, 2500, 2500, 2500, 2500, 2500, 2500, 2500, 
2500, 2500, 2500, 7343.239, 7387.158, 7412.701, 8032.29, 8114.30099999999, 
8289.326, 8786.929, 9074.345, 8997.49799999999, 9868.03200000001, 
10608.33, 11.04259, 2.82988, 4.54493, 9.18566, 3.89157, 4.59683, 
12.23032, 9.99749, 9.69236, 10.82762, 9.53747, -14.23018, -6.71008, 
-7.23716, -12.52883, -6.11678, -8.6921, -14.85813, -14.29169, 
-14.11558, -14.46542, -9.21505, 0, 0, 0, 0, 0, 0, 0, 0, 0, 0, 
0, 0, 0, 0, 0, 0, 0, 0, 0, 0, 0, 0, 0.57684, 0.60087, 0.54438, 
0.55914, 0.56879, 0.56343, 0.56448, 0.5853, 0.56343, 0.58414, 
0.56562, 0.55124, 0.59407, 0.52351, 0.56983, 0.53266, 0.54788, 
0.54526, 0.56303, 0.55261, 0.56366, 0.55063, 0.0484, 0.047, 0.0578, 
0.087, 0.0763, 0.0797, 0.0968, 0.0961, 0.1074, 0.1327, 0.1638, 
197.5, 216.2, 232.2, 257.4, 271.6, 292.7, 305.5, 334.7, 352.5, 
366.2, 367.2, 905, 2270, 113, 2130, 2212, 822, 2146, 1664, 316, 
173, 538, 1, 1, 1, 2, 1, 2, 2, 1, 3, 1, 1, 100, 100, 100, 100, 
100, 100, 100, 100, 100, 100, 100, 2500, 2500, 2500, 2500, 2500, 
2500, 2500, 2500, 2500, 2500, 2500, 7306.674, 7584.438, 7798.851, 
8049.202, 8381.29400000001, 8764.52699999999, 9005.65999999999, 
9317.35100000001, 9577.908, 10091.44, 10542.25, 1, 1, 1, 1, 1, 
1, 1, 1, 1, 1, 1, 0.08333, 0.08333, 0.08333, 0.08333, 0.08333, 
0.08333, 0.08333, 0.08333, 0.08333, 0.08333, 0.08333, 0, 0, 0, 
0, 0, 0, 0, 0, 0, 0, 0, 0, 0, 0, 0, 0, 0, 0, 0, 0, 0, 0, 0.49734, 
0.52512, 0.48649, 0.51267, 0.48892, 0.51769, 0.53335, 0.55177, 
0.534, 0.54369, 0.53934, 0.48196, 0.5357, 0.49013, 0.50347, 0.50847, 
0.49974, 0.53387, 0.54278, 0.52997, 0.54943, 0.54693, 0.0441, 
0.0473, 0.0541, 0.0591, 0.0689, 0.0767, 0.0828, 0.0943, 0.0965, 
0.1131, 0.1261, 206.1, 223.2, 243.5, 263.4, 282.5, 300.7, 318.1, 
337.2, 355.1, 373.8, 393.2, 1, 1, 1, 1, 1, 1, 1, 1, 1, 1, 1, 
1, 1, 1, 1, 1, 1, 1, 1, 1, 1, 1, 1, 1, 1, 1, 1, 1, 1, 1, 1, 1, 
1, 1, 1, 1, 1, 1, 1, 1, 1, 1, 1, 1, 2.979, 2.836, 2.936, 2.877, 
3.059, 3.199, 3.179, 3.469, 3.33, 3.671, 3.855), .Dim = c(11L, 
40L), .Dimnames = list(NULL, c("Sampling", "PSO.cost", "PSO.gamma", 
"PSO.data.balancing", "PSO.feature.selection", "PSO.valid.acc", 
"PSO.test.acc", "PSO.train.time", "PSO.n.support.vectors", "PSO.index", 
"PSO.n.solutions", "PSO.generations", "PSO.n.evaluations", "PSO.cpu.time", 
"RS.cost", "RS.gamma", "RS.data.balancing", "RS.feature.selection", 
"RS.valid.acc", "RS.test.acc", "RS.train.time", "RS.n.support.vectors", 
"RS.index", "RS.n.solutions", "RS.generations", "RS.n.evaluations", 
"RS.cpu.time", "DF.cost", "DF.gamma", "DF.data.balancing", "DF.feature.selection", 
"DF.valid.acc", "DF.test.acc", "DF.train.time", "DF.n.support.vectors", 
"DF.index", "DF.n.solutions", "DF.generations", "DF.n.evaluations", 
"DF.cpu.time")))
