full <-
structure(c(50, 55, 60, 65, 70, 75, 80, 85, 90, 95, 100, 13.15343, 
15, 6.32672, 9.04912, 12.68426, 9.81575, 13.14029, 8.21525, 5.03284, 
11.44397, 14.84481, -14.98659, -10.61164, -8.57021, -10.95742, 
-12.41649, -10.06915, -15, -8.62784, -8.70134, -14.53456, -13.73035, 
0, 0, 0, 0, 0, 0, 0, 0, 0, 0, 0, 0, 0, 0, 0, 0, 0, 0, 0, 0, 0, 
0, 0.59023, 0.58946, 0.59537, 0.57883, 0.57105, 0.56125, 0.57351, 
0.58701, 0.58535, 0.58006, 0.56512, 0.5643, 0.55879, 0.57376, 
0.54379, 0.55702, 0.55612, 0.56619, 0.5541, 0.55542, 0.56018, 
0.55771, 0.0573, 0.1467, 0.0613, 0.0786, 0.1113, 0.0988, 0.1111, 
0.1093, 0.1102, 0.1343, 0.2527, 193.3, 201.3, 227.3, 241.9, 259.9, 
276.1, 296.6, 311.3, 333.7, 362.9, 378.8, 1903, 209, 250, 81, 
357, 1100, 558, 570, 818, 644, 798, 1, 36, 206, 226, 87, 10, 
61, 52, 143, 46, 24, 100, 100, 100, 100, 100, 100, 100, 100, 
100, 100, 100, 2500, 2500, 2500, 2500, 2500, 2500, 2500, 2500, 
2500, 2500, 2500, 7393.859, 7879.981, 7893.202, 7981.822, 8773.115, 
8681.145, 9396.28999999999, 9750.448, 9083.73199999999, 10322.461, 
11828.921, 12.54116, 11.45274, 7.32791, 5.11133, 11.33214, 9.43345, 
8.26528, 8.05024, 5.12589, 10.74509, 14.47931, -14.38783, -10.43494, 
-9.1375, -7.06329, -12.56679, -9.98887, -9.00697, -8.54968, -8.7387, 
-10.52715, -13.42747, 0, 0, 0, 0, 0, 0, 0, 0, 0, 0, 0, 0, 0, 
0, 0, 0, 0, 0, 0, 0, 0, 0, 0.59023, 0.58529, 0.59214, 0.57875, 
0.5709, 0.55619, 0.57118, 0.58701, 0.58323, 0.58202, 0.5633, 
0.56045, 0.57491, 0.57395, 0.56709, 0.55739, 0.55612, 0.55462, 
0.5541, 0.55334, 0.56786, 0.55967, 0.0562, 0.0687, 0.0635, 0.0605, 
0.1069, 0.0972, 0.102, 0.1096, 0.1101, 0.1618, 0.2409, 192.1, 
202.6, 226.3, 244.1, 260.8, 276.6, 294.1, 310.6, 333.7, 349.2, 
376.7, 168, 858, 179, 2146, 571, 1368, 593, 1748, 822, 378, 1248, 
1, 1, 4, 1, 2, 1, 2, 1, 1, 1, 1, 100, 100, 100, 100, 100, 100, 
100, 100, 100, 100, 100, 2500, 2500, 2500, 2500, 2500, 2500, 
2500, 2500, 2500, 2500, 2500, 7282.671, 7513.055, 7748.55899999999, 
7926.022, 8239.46500000001, 8591.48699999999, 8963.739, 9452.66, 
9634.848, 10181.107, 10497.321, 1, 1, 1, 1, 1, 1, 1, 1, 1, 1, 
1, 0.08333, 0.08333, 0.08333, 0.08333, 0.08333, 0.08333, 0.08333, 
0.08333, 0.08333, 0.08333, 0.08333, 0, 0, 0, 0, 0, 0, 0, 0, 0, 
0, 0, 0, 0, 0, 0, 0, 0, 0, 0, 0, 0, 0, 0.49642, 0.52088, 0.51592, 
0.51402, 0.51102, 0.50882, 0.54447, 0.53325, 0.54306, 0.54421, 
0.54828, 0.50356, 0.53146, 0.50596, 0.50856, 0.53259, 0.51579, 
0.54464, 0.53132, 0.5278, 0.54617, 0.53671, 0.0419, 0.0469, 0.0524, 
0.0563, 0.0664, 0.0744, 0.0832, 0.0916, 0.1003, 0.1101, 0.12, 
203.8, 221.6, 240.8, 259.9, 277.2, 298.1, 317, 336.3, 353, 371.2, 
393.8, 1, 1, 1, 1, 1, 1, 1, 1, 1, 1, 1, 1, 1, 1, 1, 1, 1, 1, 
1, 1, 1, 1, 1, 1, 1, 1, 1, 1, 1, 1, 1, 1, 1, 1, 1, 1, 1, 1, 1, 
1, 1, 1, 1, 1, 2.857, 2.878, 2.956, 2.999, 3.065, 3.17, 3.283, 
3.441, 3.562, 3.676, 3.712), .Dim = c(11L, 40L), .Dimnames = list(
    NULL, c("Sampling", "PSO.cost", "PSO.gamma", "PSO.data.balancing", 
    "PSO.feature.selection", "PSO.valid.acc", "PSO.test.acc", 
    "PSO.train.time", "PSO.n.support.vectors", "PSO.index", "PSO.n.solutions", 
    "PSO.generations", "PSO.n.evaluations", "PSO.cpu.time", "RS.cost", 
    "RS.gamma", "RS.data.balancing", "RS.feature.selection", 
    "RS.valid.acc", "RS.test.acc", "RS.train.time", "RS.n.support.vectors", 
    "RS.index", "RS.n.solutions", "RS.generations", "RS.n.evaluations", 
    "RS.cpu.time", "DF.cost", "DF.gamma", "DF.data.balancing", 
    "DF.feature.selection", "DF.valid.acc", "DF.test.acc", "DF.train.time", 
    "DF.n.support.vectors", "DF.index", "DF.n.solutions", "DF.generations", 
    "DF.n.evaluations", "DF.cpu.time")))
