full <-
structure(c(50, 55, 60, 65, 70, 75, 80, 85, 90, 95, 100, 12.13257, 
10.83493, 15, 7.94104, 13.17482, 10.23981, 9.5034, 12.65449, 
13.17732, 8.40516, 1.58597, -15, -14.49232, -14.33624, -10.72543, 
-14.74162, -8.97685, -9.89899, -11.24982, -11.75014, -8.616, 
-6.28912, 0, 0, 0, 0, 0, 0, 0, 0, 0, 0, 0, 0, 0, 0, 0, 0, 0, 
0, 0, 0, 0, 0, 0.55666, 0.53237, 0.54305, 0.55904, 0.56756, 0.56629, 
0.56959, 0.58296, 0.56977, 0.57082, 0.58058, 0.53012, 0.50175, 
0.51659, 0.5238, 0.57088, 0.52815, 0.56448, 0.58467, 0.54435, 
0.56866, 0.55804, 0.0459, 0.0518, 0.0934, 0.0718, 0.0984, 0.1086, 
0.1118, 0.1636, 0.1873, 0.14, 0.1197, 196.4, 220.5, 228.2, 246.5, 
263.7, 276.1, 297.9, 316.1, 335.4, 347.4, 389.8, 162, 181, 746, 
348, 1527, 1954, 733, 650, 1058, 1502, 753, 177, 57, 4, 52, 3, 
1, 68, 88, 11, 36, 154, 100, 100, 100, 100, 100, 100, 100, 100, 
100, 100, 100, 2500, 2500, 2500, 2500, 2500, 2500, 2500, 2500, 
2500, 2500, 2500, 7411.367, 7612.589, 8464.754, 8246.95600000001, 
8972.295, 10378.11, 8809.598, 9997.322, 10607.292, 12018.909, 
9408.69500000001, 2.13904, 6.51474, 2.06696, 9.02281, 12.5855, 
10.12839, 9.3157, 12.94084, 12.98533, 9.87113, 2.10005, -6.1555, 
-10.10422, -6.10649, -11.91391, -14.70225, -8.9724, -10.05639, 
-11.52904, -11.67016, -9.36117, -6.54843, 0, 0, 0, 0, 0, 0, 0, 
0, 0, 0, 0, 0, 0, 0, 0, 0, 0, 0, 0, 0, 0, 0, 0.5594, 0.52904, 
0.53266, 0.55626, 0.56238, 0.56399, 0.5672, 0.58074, 0.56769, 
0.5707, 0.57488, 0.53743, 0.50175, 0.48505, 0.52657, 0.56802, 
0.52815, 0.55971, 0.57801, 0.54014, 0.56866, 0.56177, 0.0429, 
0.0594, 0.0514, 0.0818, 0.0937, 0.1061, 0.1149, 0.1668, 0.1824, 
0.1609, 0.1187, 202.3, 217.8, 240.1, 247.5, 266.5, 275.4, 298.1, 
316.7, 336, 347, 385.4, 1376, 246, 1213, 261, 495, 293, 1674, 
1129, 1188, 713, 1888, 1, 1, 1, 9, 2, 3, 1, 1, 1, 1, 1, 100, 
100, 100, 100, 100, 100, 100, 100, 100, 100, 100, 2500, 2500, 
2500, 2500, 2500, 2500, 2500, 2500, 2500, 2500, 2500, 7564.522, 
7775.366, 8080.584, 8153.996, 8642.48, 8511.83500000001, 8793.527, 
9025.292, 9664.32999999999, 10123.702, 10482.696, 1, 1, 1, 1, 
1, 1, 1, 1, 1, 1, 1, 0.08333, 0.08333, 0.08333, 0.08333, 0.08333, 
0.08333, 0.08333, 0.08333, 0.08333, 0.08333, 0.08333, 0, 0, 0, 
0, 0, 0, 0, 0, 0, 0, 0, 0, 0, 0, 0, 0, 0, 0, 0, 0, 0, 0, 0.49904, 
0.47447, 0.49514, 0.50355, 0.50606, 0.52075, 0.49337, 0.50677, 
0.50792, 0.52039, 0.5486, 0.47699, 0.46018, 0.48234, 0.49389, 
0.50294, 0.50018, 0.5008, 0.50662, 0.51429, 0.52647, 0.5542, 
0.0445, 0.048, 0.0511, 0.0615, 0.0654, 0.0711, 0.0812, 0.0908, 
0.1009, 0.1115, 0.1212, 206.9, 227, 247, 266.4, 285.2, 298.9, 
318.4, 335.8, 354.4, 373.3, 394.4, 1, 1, 1, 1, 1, 1, 1, 1, 1, 
1, 1, 1, 1, 1, 1, 1, 1, 1, 1, 1, 1, 1, 1, 1, 1, 1, 1, 1, 1, 1, 
1, 1, 1, 1, 1, 1, 1, 1, 1, 1, 1, 1, 1, 1, 3.001, 2.965, 3.094, 
3.115, 3.013, 3.039, 3.143, 3.278, 3.467, 3.631, 3.601), .Dim = c(11L, 
40L), .Dimnames = list(NULL, c("Sampling", "PSO.cost", "PSO.gamma", 
"PSO.data.balancing", "PSO.feature.selection", "PSO.valid.acc", 
"PSO.test.acc", "PSO.train.time", "PSO.n.support.vectors", "PSO.index", 
"PSO.n.solutions", "PSO.generations", "PSO.n.evaluations", "PSO.cpu.time", 
"RS.cost", "RS.gamma", "RS.data.balancing", "RS.feature.selection", 
"RS.valid.acc", "RS.test.acc", "RS.train.time", "RS.n.support.vectors", 
"RS.index", "RS.n.solutions", "RS.generations", "RS.n.evaluations", 
"RS.cpu.time", "DF.cost", "DF.gamma", "DF.data.balancing", "DF.feature.selection", 
"DF.valid.acc", "DF.test.acc", "DF.train.time", "DF.n.support.vectors", 
"DF.index", "DF.n.solutions", "DF.generations", "DF.n.evaluations", 
"DF.cpu.time")))
