full <-
structure(c(50, 55, 60, 65, 70, 75, 80, 85, 90, 95, 100, 3.41021, 
8.70823, 6.38814, 4.02587, 1.57014, 10.50626, 13.15704, 4.22714, 
7.97106, 10.34298, 6.58915, -6.784, -8.16595, -10.68995, -7.87922, 
-6.6151, -10.84121, -12.26486, -7.98963, -12.80085, -10.01006, 
-9.125, 0, 0, 0, 0, 0, 0, 0, 0, 0, 0, 0, 0, 0, 0, 0, 0, 0, 0, 
0, 0, 0, 0, 0.60582, 0.63777, 0.58655, 0.57639, 0.57617, 0.58958, 
0.5763, 0.56705, 0.56602, 0.56828, 0.59384, 0.58032, 0.57536, 
0.56749, 0.55273, 0.54602, 0.56608, 0.53564, 0.55796, 0.55968, 
0.56251, 0.55784, 0.0451, 0.0575, 0.0654, 0.0618, 0.0657, 0.1017, 
0.1385, 0.0964, 0.1189, 0.1596, 0.1419, 195.7, 208.1, 232.4, 
248.6, 277.2, 280.9, 299.9, 322.3, 352.4, 351.9, 374, 437, 1165, 
189, 357, 592, 867, 1139, 145, 1512, 2407, 785, 82, 37, 66, 63, 
9, 58, 7, 322, 20, 2, 165, 100, 100, 100, 100, 100, 100, 100, 
100, 100, 100, 100, 2500, 2500, 2500, 2500, 2500, 2500, 2500, 
2500, 2500, 2500, 2500, 7309.825, 7703.143, 7787.374, 7893.199, 
8383.619, 8739.891, 9757.26299999999, 9200.50899999999, 9543.39599999998, 
11039.971, 10117.993, 3.8187, 8.62486, 3.5337, 3.86184, 1.47008, 
9.52105, 12.93208, 1.14322, 8.17746, 13.18395, 6.28934, -8.18904, 
-8.11313, -6.75449, -7.65292, -6.41561, -9.6235, -12.04654, -5.09698, 
-13.01744, -11.42787, -8.90433, 0, 0, 0, 0, 0, 0, 0, 0, 0, 0, 
0, 0, 0, 0, 0, 0, 0, 0, 0, 0, 0, 0, 0.60543, 0.6305, 0.59241, 
0.57639, 0.57061, 0.5867, 0.57148, 0.56488, 0.56602, 0.56628, 
0.59384, 0.5766, 0.57536, 0.5674, 0.55273, 0.54339, 0.55851, 
0.54023, 0.54938, 0.55968, 0.56047, 0.55784, 0.0431, 0.0583, 
0.0544, 0.0658, 0.0662, 0.094, 0.1303, 0.0914, 0.1161, 0.2122, 
0.1361, 197.6, 208.1, 231, 248.9, 276.9, 278.5, 299.6, 331.7, 
352.4, 351.8, 372.4, 2033, 1774, 1468, 1060, 2233, 1061, 2079, 
695, 1854, 2219, 111, 1, 1, 1, 2, 1, 1, 1, 1, 2, 1, 1, 100, 100, 
100, 100, 100, 100, 100, 100, 100, 100, 100, 2500, 2500, 2500, 
2500, 2500, 2500, 2500, 2500, 2500, 2500, 2500, 7352.125, 7733.201, 
7891.805, 8148.67800000001, 8543.319, 8647.03600000001, 9107.51700000001, 
9874.93800000001, 9958.516, 10232.187, 10638.006, 1, 1, 1, 1, 
1, 1, 1, 1, 1, 1, 1, 0.08333, 0.08333, 0.08333, 0.08333, 0.08333, 
0.08333, 0.08333, 0.08333, 0.08333, 0.08333, 0.08333, 0, 0, 0, 
0, 0, 0, 0, 0, 0, 0, 0, 0, 0, 0, 0, 0, 0, 0, 0, 0, 0, 0, 0.57621, 
0.5649, 0.56062, 0.54115, 0.53779, 0.53728, 0.52871, 0.52947, 
0.52913, 0.51809, 0.53527, 0.55696, 0.55763, 0.55761, 0.53155, 
0.53596, 0.52909, 0.53319, 0.54043, 0.53162, 0.54231, 0.52939, 
0.0439, 0.0454, 0.0545, 0.0608, 0.0684, 0.0717, 0.0833, 0.0964, 
0.1028, 0.111, 0.1256, 204, 222.3, 240.9, 260.7, 281.4, 301.4, 
318.8, 335.3, 355.5, 374.3, 393.7, 1, 1, 1, 1, 1, 1, 1, 1, 1, 
1, 1, 1, 1, 1, 1, 1, 1, 1, 1, 1, 1, 1, 1, 1, 1, 1, 1, 1, 1, 1, 
1, 1, 1, 1, 1, 1, 1, 1, 1, 1, 1, 1, 1, 1, 3.015, 2.807, 3.026, 
3.148, 3.151, 3.074, 3.395, 3.684, 3.631, 3.691, 3.849), .Dim = c(11L, 
40L), .Dimnames = list(NULL, c("Sampling", "PSO.cost", "PSO.gamma", 
"PSO.data.balancing", "PSO.feature.selection", "PSO.valid.acc", 
"PSO.test.acc", "PSO.train.time", "PSO.n.support.vectors", "PSO.index", 
"PSO.n.solutions", "PSO.generations", "PSO.n.evaluations", "PSO.cpu.time", 
"RS.cost", "RS.gamma", "RS.data.balancing", "RS.feature.selection", 
"RS.valid.acc", "RS.test.acc", "RS.train.time", "RS.n.support.vectors", 
"RS.index", "RS.n.solutions", "RS.generations", "RS.n.evaluations", 
"RS.cpu.time", "DF.cost", "DF.gamma", "DF.data.balancing", "DF.feature.selection", 
"DF.valid.acc", "DF.test.acc", "DF.train.time", "DF.n.support.vectors", 
"DF.index", "DF.n.solutions", "DF.generations", "DF.n.evaluations", 
"DF.cpu.time")))
