full <-
structure(c(50, 55, 60, 65, 70, 75, 80, 85, 90, 95, 100, 14.98769, 
5.67433, 9.02576, 11.3747, 10.85366, 10.16951, 3.41268, 11.02583, 
5.09228, 4.3603, 15, -13.3895, -10.19922, -12.89502, -14.63687, 
-13.6786, -10.50447, -8.10908, -14.95332, -7.3591, -9.10906, 
-13.07326, 0, 0, 0, 0, 0, 0, 0, 0, 0, 0, 0, 0, 0, 0, 0, 0, 0, 
0, 0, 0, 0, 0, 0.55484, 0.53129, 0.60053, 0.57584, 0.57625, 0.55863, 
0.55052, 0.54309, 0.55892, 0.57024, 0.57153, 0.49776, 0.53759, 
0.55607, 0.55186, 0.53764, 0.54054, 0.53323, 0.55001, 0.54642, 
0.52989, 0.54894, 0.0871, 0.05, 0.0663, 0.0623, 0.0869, 0.1005, 
0.0773, 0.0912, 0.0979, 0.1176, 0.2691, 189.7, 219, 233.8, 251.2, 
267.7, 278.5, 311.8, 329.5, 336, 367.3, 375.2, 291, 507, 464, 
377, 380, 371, 769, 464, 587, 531, 816, 812, 73, 94, 101, 87, 
92, 161, 62, 65, 44, 43, 100, 100, 100, 100, 100, 100, 100, 100, 
100, 100, 100, 2500, 2500, 2500, 2500, 2500, 2500, 2500, 2500, 
2500, 2500, 2500, 7875.085, 6967.989, 7307.197, 7464.092, 7749.82199999999, 
8265.02800000001, 7530.62, 8357.48, 8549.82800000001, 8987.76300000001, 
12352.502, 14.72348, 5.61937, 8.15454, 11.69466, 11.1809, 6.76455, 
3.26782, 10.09467, 8.09936, 7.26903, 13.74135, -13.19372, -10.18552, 
-11.93748, -14.90943, -13.99753, -8.44503, -7.97405, -14.06588, 
-8.74913, -11.01008, -12.48452, 0, 0, 0, 0, 0, 0, 0, 0, 0, 0, 
0, 0, 0, 0, 0, 0, 0, 0, 0, 0, 0, 0, 0.55484, 0.53462, 0.60053, 
0.57281, 0.57625, 0.55619, 0.54814, 0.54087, 0.55888, 0.5699, 
0.56964, 0.49744, 0.53759, 0.55617, 0.549, 0.53764, 0.54124, 
0.53323, 0.55001, 0.53799, 0.55411, 0.55283, 0.0859, 0.0467, 
0.0672, 0.0628, 0.0829, 0.0792, 0.0778, 0.0991, 0.1149, 0.1369, 
0.238, 189.4, 219.1, 231.5, 250.5, 267, 279.8, 312.3, 329.4, 
331.9, 359.1, 373.3, 187, 1582, 356, 393, 1182, 305, 93, 428, 
322, 600, 1732, 1, 1, 2, 1, 1, 1, 1, 3, 2, 1, 1, 100, 100, 100, 
100, 100, 100, 100, 100, 100, 100, 100, 2500, 2500, 2500, 2500, 
2500, 2500, 2500, 2500, 2500, 2500, 2500, 7039.091, 7125.586, 
7335.16, 7529.981, 7775.90700000001, 8025.803, 8233.01400000001, 
8599.44499999999, 9241.14200000002, 9719.92200000002, 10132.29, 
1, 1, 1, 1, 1, 1, 1, 1, 1, 1, 1, 0.08333, 0.08333, 0.08333, 0.08333, 
0.08333, 0.08333, 0.08333, 0.08333, 0.08333, 0.08333, 0.08333, 
0, 0, 0, 0, 0, 0, 0, 0, 0, 0, 0, 0, 0, 0, 0, 0, 0, 0, 0, 0, 0, 
0, 0.50151, 0.47275, 0.53097, 0.49957, 0.54084, 0.52322, 0.5191, 
0.50697, 0.52513, 0.51185, 0.52966, 0.48059, 0.48571, 0.50557, 
0.5143, 0.52506, 0.53335, 0.51428, 0.52268, 0.5188, 0.54019, 
0.53343, 0.0402, 0.0457, 0.0516, 0.0566, 0.0635, 0.0702, 0.0811, 
0.0863, 0.1012, 0.1047, 0.1143, 203.1, 224, 241.7, 261.7, 278.7, 
299.1, 317.4, 338.9, 357.4, 374.7, 393.9, 1, 1, 1, 1, 1, 1, 1, 
1, 1, 1, 1, 1, 1, 1, 1, 1, 1, 1, 1, 1, 1, 1, 1, 1, 1, 1, 1, 1, 
1, 1, 1, 1, 1, 1, 1, 1, 1, 1, 1, 1, 1, 1, 1, 1, 2.674, 2.689, 
2.749, 2.767, 2.881, 2.891, 3.122, 3.097, 3.349, 3.356, 3.484
), .Dim = c(11L, 40L), .Dimnames = list(NULL, c("Sampling", "PSO.cost", 
"PSO.gamma", "PSO.data.balancing", "PSO.feature.selection", "PSO.valid.acc", 
"PSO.test.acc", "PSO.train.time", "PSO.n.support.vectors", "PSO.index", 
"PSO.n.solutions", "PSO.generations", "PSO.n.evaluations", "PSO.cpu.time", 
"RS.cost", "RS.gamma", "RS.data.balancing", "RS.feature.selection", 
"RS.valid.acc", "RS.test.acc", "RS.train.time", "RS.n.support.vectors", 
"RS.index", "RS.n.solutions", "RS.generations", "RS.n.evaluations", 
"RS.cpu.time", "DF.cost", "DF.gamma", "DF.data.balancing", "DF.feature.selection", 
"DF.valid.acc", "DF.test.acc", "DF.train.time", "DF.n.support.vectors", 
"DF.index", "DF.n.solutions", "DF.generations", "DF.n.evaluations", 
"DF.cpu.time")))
