full <-
structure(c(50, 55, 60, 65, 70, 75, 80, 85, 90, 95, 100, 7.28274, 
12.53549, 12.22435, 11.14679, 13.87847, 7.88727, 6.45125, 11.82442, 
6.55614, 8.90233, 7.00463, -10.08441, -14.90614, -13.50727, -14.79892, 
-15, -10.60826, -7.94309, -14.89095, -11.04653, -10.91158, -8.32238, 
0, 0, 0, 0, 0, 0, 0, 0, 0, 0, 0, 0, 0, 0, 0, 0, 0, 0, 0, 0, 0, 
0, 0.55396, 0.58342, 0.58497, 0.5911, 0.56541, 0.5915, 0.59166, 
0.60498, 0.56752, 0.58701, 0.57676, 0.52954, 0.55891, 0.56238, 
0.57639, 0.52974, 0.57118, 0.57918, 0.57128, 0.54625, 0.56657, 
0.57495, 0.0573, 0.0547, 0.0979, 0.0692, 0.0916, 0.1066, 0.0941, 
0.106, 0.1294, 0.1528, 0.1389, 193.3, 212.8, 232.2, 255.4, 266.6, 
285.7, 300.6, 327.6, 348.5, 355.6, 369.6, 407, 640, 503, 1687, 
843, 835, 833, 1659, 1194, 462, 450, 72, 45, 79, 1, 35, 73, 63, 
1, 45, 399, 197, 100, 100, 100, 100, 100, 100, 100, 100, 100, 
100, 100, 2500, 2500, 2500, 2500, 2500, 2500, 2500, 2500, 2500, 
2500, 2500, 7692.831, 7727.443, 8101.089, 8077.316, 9044.936, 
9217.92200000001, 9474.11500000001, 9411.395, 9464.37399999998, 
10110.709, 9960.95499999999, 7.56308, 11.4191, 12.96356, 9.29676, 
12.6928, 9.98674, 5.39814, 10.5976, 6.82016, 9.30371, 5.67724, 
-11.53253, -14.19805, -14.21316, -12.9877, -13.63532, -11.31543, 
-7.24528, -13.73035, -11.16996, -11.13545, -7.70353, 0, 0, 0, 
0, 0, 0, 0, 0, 0, 0, 0, 0, 0, 0, 0, 0, 0, 0, 0, 0, 0, 0, 0.54965, 
0.57996, 0.58497, 0.59093, 0.56263, 0.58887, 0.58933, 0.60493, 
0.56322, 0.58501, 0.57676, 0.51781, 0.55189, 0.56884, 0.57639, 
0.52712, 0.56581, 0.584, 0.56906, 0.55055, 0.56257, 0.57299, 
0.0466, 0.0609, 0.0868, 0.0863, 0.1138, 0.1143, 0.0928, 0.1359, 
0.1236, 0.1571, 0.1359, 196.8, 214.7, 231.8, 255.5, 270.5, 285.4, 
301.4, 330.9, 346.9, 355.2, 370.4, 18, 362, 38, 1559, 71, 258, 
1091, 418, 2270, 1837, 40, 6, 1, 2, 1, 6, 1, 3, 1, 3, 1, 2, 100, 
100, 100, 100, 100, 100, 100, 100, 100, 100, 100, 2500, 2500, 
2500, 2500, 2500, 2500, 2500, 2500, 2500, 2500, 2500, 7676.418, 
7864.247, 7997.126, 8409.246, 8932.092, 8973.141, 9156.698, 9586.351, 
9516.508, 10128.703, 10575.541, 1, 1, 1, 1, 1, 1, 1, 1, 1, 1, 
1, 0.08333, 0.08333, 0.08333, 0.08333, 0.08333, 0.08333, 0.08333, 
0.08333, 0.08333, 0.08333, 0.08333, 0, 0, 0, 0, 0, 0, 0, 0, 0, 
0, 0, 0, 0, 0, 0, 0, 0, 0, 0, 0, 0, 0, 0.46271, 0.49991, 0.51997, 
0.52673, 0.50638, 0.53239, 0.53692, 0.54861, 0.5254, 0.52845, 
0.52954, 0.43956, 0.49585, 0.52311, 0.53849, 0.48661, 0.51264, 
0.52717, 0.54421, 0.52759, 0.51858, 0.54856, 0.0422, 0.0503, 
0.0533, 0.0634, 0.0696, 0.078, 0.0845, 0.0931, 0.1014, 0.1083, 
0.126, 208.3, 226.7, 244.6, 264.6, 285.7, 304.1, 322.2, 340.8, 
357.9, 376.2, 393.3, 1, 1, 1, 1, 1, 1, 1, 1, 1, 1, 1, 1, 1, 1, 
1, 1, 1, 1, 1, 1, 1, 1, 1, 1, 1, 1, 1, 1, 1, 1, 1, 1, 1, 1, 1, 
1, 1, 1, 1, 1, 1, 1, 1, 1, 2.881, 3.063, 2.973, 3.227, 3.367, 
3.323, 3.389, 3.405, 3.539, 3.46, 3.809), .Dim = c(11L, 40L), .Dimnames = list(
    NULL, c("Sampling", "PSO.cost", "PSO.gamma", "PSO.data.balancing", 
    "PSO.feature.selection", "PSO.valid.acc", "PSO.test.acc", 
    "PSO.train.time", "PSO.n.support.vectors", "PSO.index", "PSO.n.solutions", 
    "PSO.generations", "PSO.n.evaluations", "PSO.cpu.time", "RS.cost", 
    "RS.gamma", "RS.data.balancing", "RS.feature.selection", 
    "RS.valid.acc", "RS.test.acc", "RS.train.time", "RS.n.support.vectors", 
    "RS.index", "RS.n.solutions", "RS.generations", "RS.n.evaluations", 
    "RS.cpu.time", "DF.cost", "DF.gamma", "DF.data.balancing", 
    "DF.feature.selection", "DF.valid.acc", "DF.test.acc", "DF.train.time", 
    "DF.n.support.vectors", "DF.index", "DF.n.solutions", "DF.generations", 
    "DF.n.evaluations", "DF.cpu.time")))
