full <-
structure(c(50, 55, 60, 65, 70, 75, 80, 85, 90, 95, 100, 11.5958, 
4.09138, 4.39522, 10.77997, 2.51121, 5.78051, 1.97485, 6.80489, 
8.26839, 11.35894, 4.17255, -15, -7.54826, -7.24084, -13.65512, 
-5.74338, -7.26123, -6.38394, -9.36089, -9.35533, -10.74906, 
-7.49153, 0, 0, 0, 0, 0, 0, 0, 0, 0, 0, 0, 0, 0, 0, 0, 0, 0, 
0, 0, 0, 0, 0, 0.62708, 0.61397, 0.60526, 0.59056, 0.57308, 0.58694, 
0.57119, 0.56813, 0.56993, 0.58195, 0.56765, 0.61095, 0.5797, 
0.56754, 0.57022, 0.5409, 0.56652, 0.56114, 0.55437, 0.54715, 
0.568, 0.54854, 0.0455, 0.0509, 0.056, 0.0899, 0.0683, 0.0814, 
0.0805, 0.1122, 0.1266, 0.1634, 0.1297, 191.4, 211.8, 229.9, 
252, 270.2, 283, 310.9, 318.2, 333, 350.9, 375.4, 62, 761, 152, 
120, 2351, 843, 1559, 376, 2456, 1918, 891, 389, 133, 106, 75, 
1, 223, 15, 225, 1, 1, 63, 100, 100, 100, 100, 100, 100, 100, 
100, 100, 100, 100, 2500, 2500, 2500, 2500, 2500, 2500, 2500, 
2500, 2500, 2500, 2500, 7177.85, 7195.991, 7355.971, 7957.396, 
7744.001, 8076.15700000001, 8481.357, 9032.007, 9802.04299999999, 
10222.547, 10222.79, 10.71804, 3.74123, 3.94911, 7.40346, 2.55501, 
6.03956, 9.12811, 6.96048, 13.79695, 4.84333, 7.83082, -14.11367, 
-7.27913, -7.23756, -10.33607, -5.71956, -7.64221, -14.05447, 
-9.51982, -14.77808, -7.47757, -9.06682, 0, 0, 0, 0, 0, 0, 0, 
0, 0, 0, 0, 0, 0, 0, 0, 0, 0, 0, 0, 0, 0, 0, 0.62708, 0.61397, 
0.60213, 0.59056, 0.57279, 0.58149, 0.56636, 0.56813, 0.56962, 
0.58191, 0.56619, 0.61095, 0.57947, 0.58972, 0.57315, 0.54075, 
0.56634, 0.5519, 0.55892, 0.54497, 0.57203, 0.54142, 0.0543, 
0.0491, 0.0545, 0.0813, 0.0676, 0.0834, 0.0849, 0.1141, 0.1532, 
0.1118, 0.1493, 193.7, 212.1, 231, 248.3, 269.8, 284, 314.3, 
318.3, 334.8, 351.3, 368.1, 788, 2316, 1081, 204, 2233, 676, 
789, 1181, 2224, 1244, 1061, 7, 1, 2, 4, 1, 2, 1, 1, 1, 3, 1, 
100, 100, 100, 100, 100, 100, 100, 100, 100, 100, 100, 2500, 
2500, 2500, 2500, 2500, 2500, 2500, 2500, 2500, 2500, 2500, 7125.806, 
7397.754, 7531.781, 7831.443, 8147.05100000001, 8480.91100000001, 
8803.333, 9103.518, 9770.33799999999, 9772.24799999999, 10516.844, 
1, 1, 1, 1, 1, 1, 1, 1, 1, 1, 1, 0.08333, 0.08333, 0.08333, 0.08333, 
0.08333, 0.08333, 0.08333, 0.08333, 0.08333, 0.08333, 0.08333, 
0, 0, 0, 0, 0, 0, 0, 0, 0, 0, 0, 0, 0, 0, 0, 0, 0, 0, 0, 0, 0, 
0, 0.57818, 0.55165, 0.56461, 0.54355, 0.52715, 0.54343, 0.52793, 
0.54307, 0.49802, 0.55802, 0.52743, 0.56897, 0.55521, 0.55504, 
0.53169, 0.52159, 0.53531, 0.53961, 0.51397, 0.50635, 0.55407, 
0.52735, 0.0415, 0.0484, 0.0528, 0.0584, 0.0682, 0.0732, 0.0831, 
0.0905, 0.0972, 0.111, 0.1266, 201.4, 221.2, 238.5, 258.9, 278.8, 
296.2, 315, 335.8, 355.2, 371.7, 394.4, 1, 1, 1, 1, 1, 1, 1, 
1, 1, 1, 1, 1, 1, 1, 1, 1, 1, 1, 1, 1, 1, 1, 1, 1, 1, 1, 1, 1, 
1, 1, 1, 1, 1, 1, 1, 1, 1, 1, 1, 1, 1, 1, 1, 1, 2.724, 2.887, 
2.915, 2.843, 3.1, 3.071, 3.278, 3.342, 3.337, 3.598, 3.818), .Dim = c(11L, 
40L), .Dimnames = list(NULL, c("Sampling", "PSO.cost", "PSO.gamma", 
"PSO.data.balancing", "PSO.feature.selection", "PSO.valid.acc", 
"PSO.test.acc", "PSO.train.time", "PSO.n.support.vectors", "PSO.index", 
"PSO.n.solutions", "PSO.generations", "PSO.n.evaluations", "PSO.cpu.time", 
"RS.cost", "RS.gamma", "RS.data.balancing", "RS.feature.selection", 
"RS.valid.acc", "RS.test.acc", "RS.train.time", "RS.n.support.vectors", 
"RS.index", "RS.n.solutions", "RS.generations", "RS.n.evaluations", 
"RS.cpu.time", "DF.cost", "DF.gamma", "DF.data.balancing", "DF.feature.selection", 
"DF.valid.acc", "DF.test.acc", "DF.train.time", "DF.n.support.vectors", 
"DF.index", "DF.n.solutions", "DF.generations", "DF.n.evaluations", 
"DF.cpu.time")))
