full <-
structure(c(50, 55, 60, 65, 70, 75, 80, 85, 90, 95, 100, 7.93178, 
8.50054, 2.74177, 5.88425, 9.50124, 2.65625, 8.49732, 9.12621, 
13.15661, 10.49969, 5.81587, -11.32441, -11.17139, -6.80002, 
-8.18976, -13.97028, -6.79872, -11.85358, -12.62648, -14.56307, 
-13.57211, -7.8246, 0, 0, 0, 0, 0, 0, 0, 0, 0, 0, 0, 0, 0, 0, 
0, 0, 0, 0, 0, 0, 0, 0, 0.58354, 0.61349, 0.58305, 0.59171, 0.56223, 
0.57614, 0.59312, 0.60083, 0.58654, 0.58429, 0.57513, 0.5834, 
0.57216, 0.57288, 0.55328, 0.5405, 0.55048, 0.56936, 0.58542, 
0.57187, 0.55621, 0.56576, 0.0617, 0.0746, 0.0548, 0.0708, 0.0721, 
0.0793, 0.1159, 0.135, 0.1343, 0.1507, 0.1263, 195.4, 213.1, 
237.2, 248.8, 276.9, 291.8, 303.9, 323.3, 337.7, 361.6, 372.3, 
149, 811, 572, 1448, 1119, 1984, 516, 786, 2020, 217, 286, 142, 
14, 58, 11, 12, 9, 235, 15, 1, 253, 56, 100, 100, 100, 100, 100, 
100, 100, 100, 100, 100, 100, 2500, 2500, 2500, 2500, 2500, 2500, 
2500, 2500, 2500, 2500, 2500, 7627.209, 7882.079, 7822.099, 8456.048, 
8557.175, 8577.427, 9123.299, 9460.557, 10134.935, 10145.463, 
10287.234, 2.34781, 8.63464, 2.9951, 5.97385, 7.70997, 2.89104, 
5.73749, 10.29283, 12.27028, 10.40432, 9.40059, -5.75978, -11.47519, 
-7.04585, -8.34948, -12.12564, -7.13019, -9.05261, -13.58726, 
-13.72764, -13.56161, -9.69616, 0, 0, 0, 0, 0, 0, 0, 0, 0, 0, 
0, 0, 0, 0, 0, 0, 0, 0, 0, 0, 0, 0, 0.58396, 0.61026, 0.57982, 
0.58877, 0.56215, 0.5737, 0.59324, 0.5987, 0.58229, 0.58429, 
0.57136, 0.57531, 0.57561, 0.576, 0.55614, 0.54598, 0.55318, 
0.57163, 0.58991, 0.56562, 0.55821, 0.56958, 0.0427, 0.0739, 
0.0548, 0.0707, 0.0879, 0.0733, 0.101, 0.1286, 0.145, 0.1472, 
0.1678, 199.1, 212.9, 236.2, 248.2, 274.3, 291.7, 300.4, 325.6, 
337.5, 363.1, 369.1, 1622, 135, 1298, 1910, 778, 1999, 595, 973, 
581, 295, 737, 1, 5, 1, 1, 1, 1, 1, 2, 1, 2, 1, 100, 100, 100, 
100, 100, 100, 100, 100, 100, 100, 100, 2500, 2500, 2500, 2500, 
2500, 2500, 2500, 2500, 2500, 2500, 2500, 7547.012, 7827.702, 
8025.492, 8594.141, 8793.614, 8911.41200000001, 9192.425, 9519.37799999998, 
10101.958, 10057.227, 10478.069, 1, 1, 1, 1, 1, 1, 1, 1, 1, 1, 
1, 0.08333, 0.08333, 0.08333, 0.08333, 0.08333, 0.08333, 0.08333, 
0.08333, 0.08333, 0.08333, 0.08333, 0, 0, 0, 0, 0, 0, 0, 0, 0, 
0, 0, 0, 0, 0, 0, 0, 0, 0, 0, 0, 0, 0, 0.5388, 0.52648, 0.53894, 
0.51186, 0.50622, 0.52308, 0.54327, 0.55207, 0.53379, 0.53188, 
0.54265, 0.55636, 0.54331, 0.52898, 0.52631, 0.49781, 0.51237, 
0.52865, 0.55894, 0.53411, 0.54189, 0.55615, 0.0422, 0.0487, 
0.0569, 0.061, 0.0676, 0.0803, 0.0842, 0.0951, 0.1004, 0.1081, 
0.1244, 207.1, 224.8, 244.6, 264.6, 284.3, 300.1, 319.8, 338.4, 
354.2, 375.1, 394, 1, 1, 1, 1, 1, 1, 1, 1, 1, 1, 1, 1, 1, 1, 
1, 1, 1, 1, 1, 1, 1, 1, 1, 1, 1, 1, 1, 1, 1, 1, 1, 1, 1, 1, 1, 
1, 1, 1, 1, 1, 1, 1, 1, 1, 2.823, 2.921, 3.19, 3.121, 3.118, 
3.436, 3.429, 3.609, 3.664, 3.438, 3.843), .Dim = c(11L, 40L), .Dimnames = list(
    NULL, c("Sampling", "PSO.cost", "PSO.gamma", "PSO.data.balancing", 
    "PSO.feature.selection", "PSO.valid.acc", "PSO.test.acc", 
    "PSO.train.time", "PSO.n.support.vectors", "PSO.index", "PSO.n.solutions", 
    "PSO.generations", "PSO.n.evaluations", "PSO.cpu.time", "RS.cost", 
    "RS.gamma", "RS.data.balancing", "RS.feature.selection", 
    "RS.valid.acc", "RS.test.acc", "RS.train.time", "RS.n.support.vectors", 
    "RS.index", "RS.n.solutions", "RS.generations", "RS.n.evaluations", 
    "RS.cpu.time", "DF.cost", "DF.gamma", "DF.data.balancing", 
    "DF.feature.selection", "DF.valid.acc", "DF.test.acc", "DF.train.time", 
    "DF.n.support.vectors", "DF.index", "DF.n.solutions", "DF.generations", 
    "DF.n.evaluations", "DF.cpu.time")))
