full <-
structure(c(50, 55, 60, 65, 70, 75, 80, 85, 90, 95, 100, 9.04028, 
10.74908, 7.70718, 11.76505, 7.37427, 7.89914, 10.27152, 4.47034, 
1.35665, 5.90225, 7.69844, -13.23958, -14.72004, -12.20357, -14.88719, 
-12.62488, -12.58269, -10.26894, -7.52594, -5.93493, -7.97959, 
-8.55269, 0, 0, 0, 0, 0, 0, 0, 0, 0, 0, 0, 0, 0, 0, 0, 0, 0, 
0, 0, 0, 0, 0, 0.56144, 0.55868, 0.57272, 0.56146, 0.5434, 0.57811, 
0.57834, 0.58994, 0.57186, 0.58505, 0.5642, 0.54278, 0.53436, 
0.54418, 0.54718, 0.55159, 0.55554, 0.53298, 0.5804, 0.5422, 
0.57303, 0.5427, 0.0498, 0.0499, 0.0647, 0.0692, 0.0714, 0.087, 
0.1194, 0.1012, 0.0947, 0.1153, 0.1452, 199.1, 216, 234.7, 248.2, 
275.8, 293, 296.3, 314.6, 348.2, 346.5, 367.4, 160, 71, 754, 
536, 705, 506, 421, 1482, 1066, 1204, 551, 69, 58, 23, 38, 59, 
65, 164, 37, 236, 51, 68, 100, 100, 100, 100, 100, 100, 100, 
100, 100, 100, 100, 2500, 2500, 2500, 2500, 2500, 2500, 2500, 
2500, 2500, 2500, 2500, 8297.016, 8187.127, 7830.855, 8212.15399999999, 
7860.462, 8207.43800000001, 9047.38499999999, 9004.66099999999, 
8754.92600000001, 9608.00599999999, 10193.723, 8.12626, 9.63456, 
7.38245, 11.02801, 8.99212, 6.35907, 9.64735, 4.44664, 1.43786, 
6.24641, 8.03815, -12.29871, -13.73266, -12.33958, -14.15818, 
-14.21718, -11.08879, -9.93627, -7.52268, -6.05215, -7.97975, 
-8.69482, 0, 0, 0, 0, 0, 0, 0, 0, 0, 0, 0, 0, 0, 0, 0, 0, 0, 
0, 0, 0, 0, 0, 0.56144, 0.55842, 0.57252, 0.55861, 0.5434, 0.57555, 
0.57374, 0.58994, 0.56761, 0.58126, 0.5642, 0.54278, 0.53436, 
0.55365, 0.55004, 0.54603, 0.55304, 0.5281, 0.5804, 0.53795, 
0.57912, 0.53696, 0.0523, 0.0548, 0.0612, 0.0797, 0.0681, 0.0837, 
0.1148, 0.1004, 0.0931, 0.1145, 0.1472, 198.1, 216.6, 236.8, 
249.5, 276.3, 290.9, 296.1, 314.8, 348.4, 346.9, 367.6, 1589, 
132, 207, 945, 2143, 2337, 440, 55, 2196, 2098, 472, 2, 4, 15, 
1, 1, 1, 1, 1, 1, 1, 1, 100, 100, 100, 100, 100, 100, 100, 100, 
100, 100, 100, 2500, 2500, 2500, 2500, 2500, 2500, 2500, 2500, 
2500, 2500, 2500, 8237.268, 7630.785, 7963.86, 7983.726, 8121.78000000001, 
8417.58500000001, 8770.33499999999, 9527.601, 9258.18900000001, 
9588.34, 10181.1, 1, 1, 1, 1, 1, 1, 1, 1, 1, 1, 1, 0.08333, 0.08333, 
0.08333, 0.08333, 0.08333, 0.08333, 0.08333, 0.08333, 0.08333, 
0.08333, 0.08333, 0, 0, 0, 0, 0, 0, 0, 0, 0, 0, 0, 0, 0, 0, 0, 
0, 0, 0, 0, 0, 0, 0, 0.4819, 0.4801, 0.49656, 0.48814, 0.48326, 
0.52844, 0.51435, 0.56049, 0.53813, 0.55645, 0.52976, 0.48159, 
0.50689, 0.5029, 0.49439, 0.50203, 0.53339, 0.51402, 0.54942, 
0.53786, 0.54604, 0.52625, 0.0436, 0.048, 0.053, 0.06, 0.0652, 
0.0771, 0.0863, 0.0889, 0.1007, 0.1039, 0.1182, 204.3, 222, 241.6, 
258.9, 279.6, 297.5, 317.1, 335.5, 354.9, 370.8, 393.7, 1, 1, 
1, 1, 1, 1, 1, 1, 1, 1, 1, 1, 1, 1, 1, 1, 1, 1, 1, 1, 1, 1, 1, 
1, 1, 1, 1, 1, 1, 1, 1, 1, 1, 1, 1, 1, 1, 1, 1, 1, 1, 1, 1, 1, 
3.132, 2.934, 3.024, 2.955, 2.921, 3.155, 3.345, 3.212, 3.478, 
3.345, 3.557), .Dim = c(11L, 40L), .Dimnames = list(NULL, c("Sampling", 
"PSO.cost", "PSO.gamma", "PSO.data.balancing", "PSO.feature.selection", 
"PSO.valid.acc", "PSO.test.acc", "PSO.train.time", "PSO.n.support.vectors", 
"PSO.index", "PSO.n.solutions", "PSO.generations", "PSO.n.evaluations", 
"PSO.cpu.time", "RS.cost", "RS.gamma", "RS.data.balancing", "RS.feature.selection", 
"RS.valid.acc", "RS.test.acc", "RS.train.time", "RS.n.support.vectors", 
"RS.index", "RS.n.solutions", "RS.generations", "RS.n.evaluations", 
"RS.cpu.time", "DF.cost", "DF.gamma", "DF.data.balancing", "DF.feature.selection", 
"DF.valid.acc", "DF.test.acc", "DF.train.time", "DF.n.support.vectors", 
"DF.index", "DF.n.solutions", "DF.generations", "DF.n.evaluations", 
"DF.cpu.time")))
