full <-
structure(c(50, 55, 60, 65, 70, 75, 80, 85, 90, 95, 100, 2.05242, 
5.251, 11.62834, 6.65006, 3.28843, 9.09516, 4.979, 5.29547, 8.85203, 
7.68648, 9.49093, -5.63141, -7.66402, -15, -7.60644, -7.48564, 
-8.4315, -7.10959, -9.51645, -9.33892, -9.18509, -14.27676, 0, 
0, 0, 0, 0, 0, 0, 0, 0, 0, 0, 0, 0, 0, 0, 0, 0, 0, 0, 0, 0, 0, 
0.62137, 0.61839, 0.61702, 0.64104, 0.60091, 0.6092, 0.60966, 
0.59628, 0.57178, 0.57634, 0.57093, 0.59869, 0.61091, 0.5918, 
0.6175, 0.58177, 0.58408, 0.59741, 0.58714, 0.56992, 0.5603, 
0.55558, 0.0421, 0.0524, 0.0585, 0.0661, 0.0693, 0.0925, 0.0874, 
0.1027, 0.1297, 0.1337, 0.125, 194.4, 205.7, 228, 237.4, 263.2, 
267.3, 290.8, 316.2, 330.9, 349.3, 391.5, 213, 392, 554, 137, 
406, 1168, 2167, 1165, 1561, 538, 103, 169, 449, 24, 510, 103, 
11, 4, 85, 4, 348, 208, 100, 100, 100, 100, 100, 100, 100, 100, 
100, 100, 100, 2500, 2500, 2500, 2500, 2500, 2500, 2500, 2500, 
2500, 2500, 2500, 7498.452, 7702.013, 7964.734, 8154.159, 8489.85600000001, 
9066.69500000001, 8689.389, 9071.00999999999, 10759.131, 10268.347, 
10302.882, 4.46693, 5.53526, 6.47997, 6.73472, 8.55581, 9.06043, 
2.61698, 2.05667, 7.42024, 6.39267, 8.07987, -7.22121, -7.64748, 
-9.96844, -7.81491, -10.96068, -8.43752, -5.69369, -6.06686, 
-8.12983, -8.52694, -12.9377, 0, 0, 0, 0, 0, 0, 0, 0, 0, 0, 0, 
0, 0, 0, 0, 0, 0, 0, 0, 0, 0, 0, 0.6179, 0.61828, 0.61692, 0.63524, 
0.60084, 0.60657, 0.60711, 0.59634, 0.57169, 0.5743, 0.57093, 
0.58707, 0.61759, 0.58201, 0.62044, 0.58703, 0.58158, 0.60955, 
0.58265, 0.57834, 0.55214, 0.55746, 0.0466, 0.0521, 0.0662, 0.0675, 
0.0939, 0.0908, 0.0813, 0.0899, 0.1155, 0.1268, 0.1455, 189.6, 
204.6, 224.4, 237.7, 257, 267.4, 296.5, 318.7, 328.9, 349.1, 
390.7, 2474, 1516, 1426, 154, 279, 270, 1099, 2046, 1251, 918, 
68, 1, 1, 1, 5, 1, 2, 2, 1, 1, 1, 3, 100, 100, 100, 100, 100, 
100, 100, 100, 100, 100, 100, 2500, 2500, 2500, 2500, 2500, 2500, 
2500, 2500, 2500, 2500, 2500, 7635.021, 7820.928, 8029.141, 8500.122, 
8714.86899999999, 8932.67199999999, 9219.731, 9720.084, 10190.771, 
10614.641, 11086.978, 1, 1, 1, 1, 1, 1, 1, 1, 1, 1, 1, 0.08333, 
0.08333, 0.08333, 0.08333, 0.08333, 0.08333, 0.08333, 0.08333, 
0.08333, 0.08333, 0.08333, 0, 0, 0, 0, 0, 0, 0, 0, 0, 0, 0, 0, 
0, 0, 0, 0, 0, 0, 0, 0, 0, 0, 0.5373, 0.55878, 0.56536, 0.59086, 
0.56021, 0.57641, 0.58823, 0.56911, 0.54403, 0.54814, 0.53311, 
0.55391, 0.56843, 0.58199, 0.57321, 0.57636, 0.56387, 0.58097, 
0.569, 0.55928, 0.52985, 0.53688, 0.0428, 0.0491, 0.0535, 0.0595, 
0.0677, 0.0746, 0.0842, 0.0935, 0.1002, 0.1123, 0.1231, 204.1, 
222.2, 240.4, 257.1, 276.6, 295.6, 313.2, 332.5, 350.5, 372.7, 
393.2, 1, 1, 1, 1, 1, 1, 1, 1, 1, 1, 1, 1, 1, 1, 1, 1, 1, 1, 
1, 1, 1, 1, 1, 1, 1, 1, 1, 1, 1, 1, 1, 1, 1, 1, 1, 1, 1, 1, 1, 
1, 1, 1, 1, 1, 2.886, 2.974, 2.99, 3.222, 3.303, 3.308, 3.442, 
3.62, 3.678, 3.85, 3.885), .Dim = c(11L, 40L), .Dimnames = list(
    NULL, c("Sampling", "PSO.cost", "PSO.gamma", "PSO.data.balancing", 
    "PSO.feature.selection", "PSO.valid.acc", "PSO.test.acc", 
    "PSO.train.time", "PSO.n.support.vectors", "PSO.index", "PSO.n.solutions", 
    "PSO.generations", "PSO.n.evaluations", "PSO.cpu.time", "RS.cost", 
    "RS.gamma", "RS.data.balancing", "RS.feature.selection", 
    "RS.valid.acc", "RS.test.acc", "RS.train.time", "RS.n.support.vectors", 
    "RS.index", "RS.n.solutions", "RS.generations", "RS.n.evaluations", 
    "RS.cpu.time", "DF.cost", "DF.gamma", "DF.data.balancing", 
    "DF.feature.selection", "DF.valid.acc", "DF.test.acc", "DF.train.time", 
    "DF.n.support.vectors", "DF.index", "DF.n.solutions", "DF.generations", 
    "DF.n.evaluations", "DF.cpu.time")))
