full <-
structure(c(50, 55, 60, 65, 70, 75, 80, 85, 90, 95, 100, 3.69865, 
2.15301, 7.15347, 3.03113, 9.11923, 8.42944, 7.09501, 1.80612, 
9.73323, 9.01479, 15, -6.93214, -5.25246, -9.18443, -5.83992, 
-9.16414, -9.61383, -10.14179, -4.84374, -9.85138, -9.61266, 
-14.83061, 0, 0, 0, 0, 0, 0, 0, 0, 0, 0, 0, 0, 0, 0, 0, 0, 0, 
0, 0, 0, 0, 0, 0.56621, 0.55831, 0.58506, 0.56459, 0.57786, 0.57543, 
0.57333, 0.57422, 0.57404, 0.56808, 0.57539, 0.5263, 0.55506, 
0.54724, 0.53472, 0.5587, 0.56156, 0.54451, 0.55604, 0.53836, 
0.55968, 0.56766, 0.0439, 0.0467, 0.0652, 0.0645, 0.0925, 0.1007, 
0.1038, 0.0862, 0.1349, 0.1418, 0.2043, 195.6, 218.7, 226.2, 
246.7, 259, 276.1, 296.7, 322.3, 330.2, 348.4, 372.4, 1597, 787, 
586, 516, 945, 577, 1427, 437, 464, 1801, 2439, 13, 50, 445, 
97, 44, 162, 113, 180, 85, 1, 1, 100, 100, 100, 100, 100, 100, 
100, 100, 100, 100, 100, 2500, 2500, 2500, 2500, 2500, 2500, 
2500, 2500, 2500, 2500, 2500, 7187.691, 7155.592, 7593.494, 10149.476, 
10582.832, 8258.54700000001, 8507.584, 8309.045, 9159.91099999999, 
10520.347, 11035.271, 3.73078, 1.39849, 6.78885, 3.0585, 9.25971, 
5.81354, 6.85408, 9.5933, 9.65464, 8.00313, 14.84867, -6.9165, 
-4.91811, -8.81027, -5.60884, -12.17158, -8.11428, -9.91431, 
-9.52097, -9.83199, -9.08501, -14.61089, 0, 0, 0, 0, 0, 0, 0, 
0, 0, 0, 0, 0, 0, 0, 0, 0, 0, 0, 0, 0, 0, 0, 0.55864, 0.55473, 
0.58486, 0.56156, 0.57267, 0.57259, 0.57333, 0.57401, 0.57404, 
0.56796, 0.57351, 0.5226, 0.54818, 0.5537, 0.53515, 0.54788, 
0.56157, 0.54451, 0.54047, 0.53836, 0.5556, 0.56389, 0.0457, 
0.0463, 0.0694, 0.0652, 0.1116, 0.0798, 0.1004, 0.1158, 0.1337, 
0.1368, 0.1982, 195.4, 219.8, 226.1, 246.1, 265.4, 275.9, 296.5, 
307.6, 330.3, 347.2, 372.8, 2405, 2416, 1721, 83, 269, 1846, 
1839, 960, 1610, 532, 932, 1, 1, 1, 2, 1, 1, 2, 1, 1, 1, 2, 100, 
100, 100, 100, 100, 100, 100, 100, 100, 100, 100, 2500, 2500, 
2500, 2500, 2500, 2500, 2500, 2500, 2500, 2500, 2500, 7159.771, 
7337.572, 9887.568, 10272.895, 10379.444, 8183.58499999999, 8581.63400000001, 
8884.522, 9269.49299999999, 9543.83000000002, 10295.584, 1, 1, 
1, 1, 1, 1, 1, 1, 1, 1, 1, 0.08333, 0.08333, 0.08333, 0.08333, 
0.08333, 0.08333, 0.08333, 0.08333, 0.08333, 0.08333, 0.08333, 
0, 0, 0, 0, 0, 0, 0, 0, 0, 0, 0, 0, 0, 0, 0, 0, 0, 0, 0, 0, 0, 
0, 0.52766, 0.51045, 0.51886, 0.54459, 0.54328, 0.5281, 0.53998, 
0.54957, 0.55076, 0.5519, 0.53514, 0.49468, 0.50367, 0.5214, 
0.53246, 0.54019, 0.54935, 0.53749, 0.54917, 0.55094, 0.5493, 
0.53346, 0.0412, 0.046, 0.0584, 0.0647, 0.0645, 0.0764, 0.0856, 
0.0863, 0.094, 0.1036, 0.1265, 206.1, 223, 240.3, 257.4, 278.5, 
295, 315.5, 333.2, 352.2, 372, 393.2, 1, 1, 1, 1, 1, 1, 1, 1, 
1, 1, 1, 1, 1, 1, 1, 1, 1, 1, 1, 1, 1, 1, 1, 1, 1, 1, 1, 1, 1, 
1, 1, 1, 1, 1, 1, 1, 1, 1, 1, 1, 1, 1, 1, 1, 2.651, 2.704, 3.94, 
3.963, 2.909, 3.155, 3.337, 3.201, 3.221, 3.372, 3.82), .Dim = c(11L, 
40L), .Dimnames = list(NULL, c("Sampling", "PSO.cost", "PSO.gamma", 
"PSO.data.balancing", "PSO.feature.selection", "PSO.valid.acc", 
"PSO.test.acc", "PSO.train.time", "PSO.n.support.vectors", "PSO.index", 
"PSO.n.solutions", "PSO.generations", "PSO.n.evaluations", "PSO.cpu.time", 
"RS.cost", "RS.gamma", "RS.data.balancing", "RS.feature.selection", 
"RS.valid.acc", "RS.test.acc", "RS.train.time", "RS.n.support.vectors", 
"RS.index", "RS.n.solutions", "RS.generations", "RS.n.evaluations", 
"RS.cpu.time", "DF.cost", "DF.gamma", "DF.data.balancing", "DF.feature.selection", 
"DF.valid.acc", "DF.test.acc", "DF.train.time", "DF.n.support.vectors", 
"DF.index", "DF.n.solutions", "DF.generations", "DF.n.evaluations", 
"DF.cpu.time")))
