full <-
structure(c(50, 55, 60, 65, 70, 75, 80, 85, 90, 95, 100, 11.06479, 
6.09144, 2.45713, 3.15168, 8.34613, 2.8906, 4.95824, 14.59254, 
2.1776, 4.21423, 10.45384, -15, -10.14333, -5.92949, -6.91364, 
-11.17601, -6.71525, -7.17993, -11.95102, -6.92621, -7.90006, 
-10.22639, 0, 0, 0, 0, 0, 0, 0, 0, 0, 0, 0, 0, 0, 0, 0, 0, 0, 
0, 0, 0, 0, 0, 0.56506, 0.56273, 0.56337, 0.57943, 0.57313, 0.56965, 
0.56442, 0.56279, 0.5684, 0.54822, 0.57096, 0.55452, 0.51774, 
0.53804, 0.5614, 0.54032, 0.57395, 0.54497, 0.53774, 0.54095, 
0.53005, 0.56527, 0.0435, 0.0574, 0.0559, 0.0603, 0.0976, 0.0788, 
0.088, 0.2325, 0.0987, 0.1139, 0.1744, 201, 217.7, 232.6, 248, 
264.3, 285.6, 300.3, 317.4, 348.8, 355.2, 369.8, 1696, 602, 1270, 
834, 71, 476, 532, 2023, 767, 721, 629, 28, 36, 83, 49, 302, 
71, 77, 2, 84, 52, 5, 100, 100, 100, 100, 100, 100, 100, 100, 
100, 100, 100, 2500, 2500, 2500, 2500, 2500, 2500, 2500, 2500, 
2500, 2500, 2500, 8071.636, 8247.073, 7827.327, 8104.416, 8621.842, 
9031.46500000001, 8854.77, 10284.024, 9777.78999999998, 9828.28, 
11232.915, 4.99674, 6.19012, 2.35953, 3.5325, 8.96934, 2.86761, 
4.92346, 13.44952, 8.68161, 14.9273, 9.02562, -9.12681, -10.21174, 
-5.80736, -6.90805, -11.76085, -6.34789, -7.19102, -11.41885, 
-13.43265, -13.31219, -9.49949, 0, 0, 0, 0, 0, 0, 0, 0, 0, 0, 
0, 0, 0, 0, 0, 0, 0, 0, 0, 0, 0, 0, 0.55808, 0.56273, 0.56014, 
0.57685, 0.57313, 0.56727, 0.56442, 0.56047, 0.56636, 0.54434, 
0.56908, 0.55081, 0.51774, 0.53157, 0.56175, 0.54032, 0.5617, 
0.54974, 0.54218, 0.5429, 0.52834, 0.56722, 0.0477, 0.0575, 0.0563, 
0.0612, 0.1012, 0.0737, 0.0871, 0.1946, 0.1087, 0.2169, 0.157, 
198.5, 217.6, 233.2, 245.7, 265.5, 284.7, 300, 316.8, 351.7, 
350.7, 370.1, 375, 575, 696, 1974, 206, 1339, 1477, 463, 2342, 
1, 1330, 4, 1, 1, 1, 2, 3, 1, 2, 1, 2, 1, 100, 100, 100, 100, 
100, 100, 100, 100, 100, 100, 100, 2500, 2500, 2500, 2500, 2500, 
2500, 2500, 2500, 2500, 2500, 2500, 8134.872, 7933.496, 8072.888, 
8171.577, 8571.14600000001, 8851.50199999999, 9335.137, 9810.518, 
10373.971, 10531.573, 11401.835, 1, 1, 1, 1, 1, 1, 1, 1, 1, 1, 
1, 0.08333, 0.08333, 0.08333, 0.08333, 0.08333, 0.08333, 0.08333, 
0.08333, 0.08333, 0.08333, 0.08333, 0, 0, 0, 0, 0, 0, 0, 0, 0, 
0, 0, 0, 0, 0, 0, 0, 0, 0, 0, 0, 0, 0, 0.47059, 0.5037, 0.5003, 
0.52686, 0.51336, 0.51359, 0.50221, 0.49985, 0.52621, 0.50408, 
0.53097, 0.47936, 0.48369, 0.52765, 0.52726, 0.51884, 0.52052, 
0.4975, 0.52253, 0.53652, 0.51016, 0.54807, 0.0451, 0.0469, 0.0562, 
0.0584, 0.0661, 0.0766, 0.0842, 0.094, 0.1012, 0.1113, 0.1299, 
205.7, 223.7, 242.7, 259.3, 277.6, 299.5, 318.5, 337.4, 355, 
375, 394.6, 1, 1, 1, 1, 1, 1, 1, 1, 1, 1, 1, 1, 1, 1, 1, 1, 1, 
1, 1, 1, 1, 1, 1, 1, 1, 1, 1, 1, 1, 1, 1, 1, 1, 1, 1, 1, 1, 1, 
1, 1, 1, 1, 1, 1, 3.171, 2.895, 3.212, 3.027, 3.123, 3.38, 3.473, 
3.665, 3.737, 3.863, 4.826), .Dim = c(11L, 40L), .Dimnames = list(
    NULL, c("Sampling", "PSO.cost", "PSO.gamma", "PSO.data.balancing", 
    "PSO.feature.selection", "PSO.valid.acc", "PSO.test.acc", 
    "PSO.train.time", "PSO.n.support.vectors", "PSO.index", "PSO.n.solutions", 
    "PSO.generations", "PSO.n.evaluations", "PSO.cpu.time", "RS.cost", 
    "RS.gamma", "RS.data.balancing", "RS.feature.selection", 
    "RS.valid.acc", "RS.test.acc", "RS.train.time", "RS.n.support.vectors", 
    "RS.index", "RS.n.solutions", "RS.generations", "RS.n.evaluations", 
    "RS.cpu.time", "DF.cost", "DF.gamma", "DF.data.balancing", 
    "DF.feature.selection", "DF.valid.acc", "DF.test.acc", "DF.train.time", 
    "DF.n.support.vectors", "DF.index", "DF.n.solutions", "DF.generations", 
    "DF.n.evaluations", "DF.cpu.time")))
