full <-
structure(c(50, 55, 60, 65, 70, 75, 80, 85, 90, 95, 100, 14.06577, 
6.88985, 12.12968, 6.76367, 5.04347, 6.80896, 8.76671, 11.9683, 
14.31572, 11.69488, 5.42449, -14.81127, -10.99567, -14.92992, 
-8.06394, -6.42011, -8.09191, -12.22802, -14.61676, -14.87317, 
-10.61576, -9.81964, 0, 0, 0, 0, 0, 0, 0, 0, 0, 0, 0, 0, 0, 0, 
0, 0, 0, 0, 0, 0, 0, 0, 0.57135, 0.56209, 0.57805, 0.57039, 0.56586, 
0.55853, 0.5525, 0.55834, 0.57059, 0.56259, 0.58633, 0.541, 0.54461, 
0.5475, 0.55074, 0.52488, 0.53828, 0.54065, 0.53369, 0.54945, 
0.53049, 0.57502, 0.0643, 0.0568, 0.0629, 0.0693, 0.07, 0.0859, 
0.1188, 0.1048, 0.1395, 0.1753, 0.1348, 192.3, 216.1, 229.5, 
239.1, 263.2, 279.8, 305, 324.7, 334.5, 352.3, 382.4, 624, 88, 
154, 475, 1222, 327, 411, 421, 1093, 941, 11, 24, 108, 377, 139, 
21, 290, 21, 138, 7, 33, 64, 100, 100, 100, 100, 100, 100, 100, 
100, 100, 100, 100, 2500, 2500, 2500, 2500, 2500, 2500, 2500, 
2500, 2500, 2500, 2500, 8159.101, 7959.961, 8171.094, 8383.617, 
9050.903, 8847.008, 9366.605, 9606.338, 10230.479, 11260.166, 
10431.589, 10.32201, 2.20588, 10.25726, 5.92499, 8.6462, 6.59876, 
7.70033, 12.1873, 14.2536, 13.15266, 6.66459, -11.34291, -5.96887, 
-13.07848, -7.54571, -7.98365, -7.96648, -11.22895, -14.90034, 
-14.83446, -11.70071, -11.44198, 0, 0, 0, 0, 0, 0, 0, 0, 0, 0, 
0, 0, 0, 0, 0, 0, 0, 0, 0, 0, 0, 0, 0.5675, 0.56899, 0.57805, 
0.57022, 0.56799, 0.55853, 0.55006, 0.55834, 0.56847, 0.56043, 
0.58448, 0.52974, 0.53474, 0.54428, 0.54468, 0.51388, 0.53828, 
0.53821, 0.53369, 0.55366, 0.53477, 0.5769, 0.0612, 0.0477, 0.0744, 
0.0655, 0.0846, 0.0844, 0.1133, 0.1018, 0.1389, 0.1956, 0.1368, 
193, 217.5, 230.2, 239.5, 258.3, 279.5, 303.5, 325.6, 337.4, 
353.6, 387.5, 235, 443, 1408, 2091, 1542, 582, 288, 1620, 1639, 
843, 1304, 5, 1, 2, 1, 1, 1, 1, 1, 2, 2, 1, 100, 100, 100, 100, 
100, 100, 100, 100, 100, 100, 100, 2500, 2500, 2500, 2500, 2500, 
2500, 2500, 2500, 2500, 2500, 2500, 7869.734, 8007.968, 8242.621, 
8461.796, 8738.94499999999, 9179.82399999999, 9448.075, 9663.90399999999, 
10109.823, 10348.879, 10710.094, 1, 1, 1, 1, 1, 1, 1, 1, 1, 1, 
1, 0.08333, 0.08333, 0.08333, 0.08333, 0.08333, 0.08333, 0.08333, 
0.08333, 0.08333, 0.08333, 0.08333, 0, 0, 0, 0, 0, 0, 0, 0, 0, 
0, 0, 0, 0, 0, 0, 0, 0, 0, 0, 0, 0, 0, 0.45321, 0.50406, 0.52207, 
0.50641, 0.51099, 0.50973, 0.50975, 0.51576, 0.5216, 0.52822, 
0.56034, 0.43352, 0.50679, 0.52158, 0.52692, 0.51384, 0.50755, 
0.51201, 0.51581, 0.51277, 0.53437, 0.54873, 0.0431, 0.0469, 
0.0543, 0.06, 0.0678, 0.0763, 0.0839, 0.0913, 0.1, 0.1113, 0.1189, 
204.2, 222.6, 240.7, 259.5, 279.7, 299.3, 318.9, 338.2, 356.3, 
375.1, 393.6, 1, 1, 1, 1, 1, 1, 1, 1, 1, 1, 1, 1, 1, 1, 1, 1, 
1, 1, 1, 1, 1, 1, 1, 1, 1, 1, 1, 1, 1, 1, 1, 1, 1, 1, 1, 1, 1, 
1, 1, 1, 1, 1, 1, 1, 3.054, 3.079, 3.131, 3.236, 3.289, 3.453, 
3.517, 3.579, 3.642, 3.792, 3.798), .Dim = c(11L, 40L), .Dimnames = list(
    NULL, c("Sampling", "PSO.cost", "PSO.gamma", "PSO.data.balancing", 
    "PSO.feature.selection", "PSO.valid.acc", "PSO.test.acc", 
    "PSO.train.time", "PSO.n.support.vectors", "PSO.index", "PSO.n.solutions", 
    "PSO.generations", "PSO.n.evaluations", "PSO.cpu.time", "RS.cost", 
    "RS.gamma", "RS.data.balancing", "RS.feature.selection", 
    "RS.valid.acc", "RS.test.acc", "RS.train.time", "RS.n.support.vectors", 
    "RS.index", "RS.n.solutions", "RS.generations", "RS.n.evaluations", 
    "RS.cpu.time", "DF.cost", "DF.gamma", "DF.data.balancing", 
    "DF.feature.selection", "DF.valid.acc", "DF.test.acc", "DF.train.time", 
    "DF.n.support.vectors", "DF.index", "DF.n.solutions", "DF.generations", 
    "DF.n.evaluations", "DF.cpu.time")))
