full <-
structure(c(50, 55, 60, 65, 70, 75, 80, 85, 90, 95, 100, 8.80759, 
9.14549, 2.99884, 3.40777, 10.22823, 6.27212, 5.74237, 4.07387, 
15, 8.3276, 10.30471, -13.62245, -11.07958, -7.99865, -7.59489, 
-15, -9.31949, -9.22258, -8.56285, -15, -8.68158, -13.6279, 0, 
0, 0, 0, 0, 0, 0, 0, 0, 0, 0, 0, 0, 0, 0, 0, 0, 0, 0, 0, 0, 0, 
0.53477, 0.57987, 0.58211, 0.58187, 0.57362, 0.57867, 0.57096, 
0.57796, 0.58684, 0.59034, 0.58437, 0.51544, 0.5563, 0.55304, 
0.5611, 0.54384, 0.54558, 0.54946, 0.56437, 0.57204, 0.57834, 
0.56506, 0.0429, 0.0669, 0.0536, 0.0607, 0.0676, 0.0921, 0.0986, 
0.0967, 0.1432, 0.1361, 0.1736, 199.6, 209, 236.8, 250.5, 276.1, 
282, 303.1, 324.7, 333.5, 345, 385.4, 898, 222, 2222, 748, 196, 
480, 489, 452, 76, 478, 476, 10, 158, 2, 34, 165, 89, 212, 26, 
2237, 217, 134, 100, 100, 100, 100, 100, 100, 100, 100, 100, 
100, 100, 2500, 2500, 2500, 2500, 2500, 2500, 2500, 2500, 2500, 
2500, 2500, 7605.243, 8057.816, 8313.919, 9584.406, 9037.98699999999, 
10964.91, 10961.469, 11194.395, 12265.004, 12183.772, 12423.948, 
0.62191, 9.41515, 2.9356, 3.49887, 9.94907, 7.87426, 6.08965, 
4.40741, 11.86311, 7.73879, 10.53619, -4.00353, -11.42724, -7.50111, 
-7.74243, -14.6722, -9.82199, -9.40807, -9.37355, -11.60304, 
-8.37972, -13.93435, 0, 0, 0, 0, 0, 0, 0, 0, 0, 0, 0, 0, 0, 0, 
0, 0, 0, 0, 0, 0, 0, 0, 0.53785, 0.57593, 0.57898, 0.57607, 0.57362, 
0.57867, 0.57096, 0.57791, 0.58268, 0.5863, 0.58437, 0.51925, 
0.55273, 0.55929, 0.55825, 0.55197, 0.54828, 0.55178, 0.5668, 
0.56348, 0.58034, 0.56502, 0.042, 0.0695, 0.0536, 0.0618, 0.0673, 
0.098, 0.0995, 0.0971, 0.167, 0.1309, 0.1567, 200.2, 208.6, 235.5, 
250.4, 276, 281.1, 302.8, 328.7, 334.3, 344.7, 386.1, 1339, 162, 
141, 666, 2225, 1651, 335, 761, 949, 1617, 72, 1, 1, 7, 1, 1, 
1, 1, 1, 2, 1, 2, 100, 100, 100, 100, 100, 100, 100, 100, 100, 
100, 100, 2500, 2500, 2500, 2500, 2500, 2500, 2500, 2500, 2500, 
2500, 2500, 7658.942, 7924.867, 9612.363, 9803.972, 9600.739, 
10963.433, 11229.612, 11768.795, 12115.778, 12421.675, 12529.117, 
1, 1, 1, 1, 1, 1, 1, 1, 1, 1, 1, 0.08333, 0.08333, 0.08333, 0.08333, 
0.08333, 0.08333, 0.08333, 0.08333, 0.08333, 0.08333, 0.08333, 
0, 0, 0, 0, 0, 0, 0, 0, 0, 0, 0, 0, 0, 0, 0, 0, 0, 0, 0, 0, 0, 
0, 0.5, 0.51751, 0.55697, 0.54708, 0.52472, 0.53545, 0.53052, 
0.53319, 0.55696, 0.54413, 0.51808, 0.4971, 0.52798, 0.54416, 
0.54371, 0.53889, 0.53, 0.51378, 0.5487, 0.54646, 0.54009, 0.53707, 
0.0413, 0.0476, 0.0538, 0.06, 0.0699, 0.0775, 0.0857, 0.0933, 
0.103, 0.1103, 0.1194, 202.7, 221.7, 241.8, 259.1, 278.6, 299.4, 
318.6, 335.7, 353.9, 370.9, 394.3, 1, 1, 1, 1, 1, 1, 1, 1, 1, 
1, 1, 1, 1, 1, 1, 1, 1, 1, 1, 1, 1, 1, 1, 1, 1, 1, 1, 1, 1, 1, 
1, 1, 1, 1, 1, 1, 1, 1, 1, 1, 1, 1, 1, 1, 2.946, 3.026, 3.586, 
3.671, 4.082, 4.127, 4.22, 4.393, 4.482, 4.382, 4.489), .Dim = c(11L, 
40L), .Dimnames = list(NULL, c("Sampling", "PSO.cost", "PSO.gamma", 
"PSO.data.balancing", "PSO.feature.selection", "PSO.valid.acc", 
"PSO.test.acc", "PSO.train.time", "PSO.n.support.vectors", "PSO.index", 
"PSO.n.solutions", "PSO.generations", "PSO.n.evaluations", "PSO.cpu.time", 
"RS.cost", "RS.gamma", "RS.data.balancing", "RS.feature.selection", 
"RS.valid.acc", "RS.test.acc", "RS.train.time", "RS.n.support.vectors", 
"RS.index", "RS.n.solutions", "RS.generations", "RS.n.evaluations", 
"RS.cpu.time", "DF.cost", "DF.gamma", "DF.data.balancing", "DF.feature.selection", 
"DF.valid.acc", "DF.test.acc", "DF.train.time", "DF.n.support.vectors", 
"DF.index", "DF.n.solutions", "DF.generations", "DF.n.evaluations", 
"DF.cpu.time")))
