full <-
structure(c(50, 55, 60, 65, 70, 75, 80, 85, 90, 95, 100, 5.23425, 
10.9076, 11.7235, 15, 9.41044, 6.35129, 10.90733, 11.66265, 9.37151, 
15, 8.78576, -9.42508, -14.93464, -14.40105, -12.64675, -14.70661, 
-8.36569, -14.67375, -14.65821, -9.28636, -13.67957, -11.47966, 
0, 0, 0, 0, 0, 0, 0, 0, 0, 0, 0, 0, 0, 0, 0, 0, 0, 0, 0, 0, 0, 
0, 0.56914, 0.57686, 0.59259, 0.59652, 0.58228, 0.56418, 0.59535, 
0.54934, 0.58082, 0.56439, 0.56715, 0.54619, 0.59053, 0.55858, 
0.56416, 0.56876, 0.55392, 0.56013, 0.54727, 0.57027, 0.55646, 
0.54471, 0.042, 0.0459, 0.0652, 0.1138, 0.0592, 0.0786, 0.0838, 
0.0981, 0.1277, 0.2227, 0.1634, 196.6, 215.4, 232.1, 237.3, 275.5, 
277.7, 306.9, 322.4, 327.7, 351.9, 375.5, 115, 1227, 20, 1201, 
90, 679, 601, 1300, 1406, 1436, 1653, 101, 15, 87, 3, 74, 95, 
141, 1, 11, 12, 5, 100, 100, 100, 100, 100, 100, 100, 100, 100, 
100, 100, 2500, 2500, 2500, 2500, 2500, 2500, 2500, 2500, 2500, 
2500, 2500, 6778.885, 6916.824, 7298.341, 8023.362, 7273.59899999999, 
7717.96799999999, 7869.81300000001, 8473.17899999999, 9068.678, 
9811.617, 10101.392, 3.3096, 5.43179, 10.65291, 9.03935, 8.83685, 
5.96104, 10.52995, 7.88594, 13.25406, 13.94925, 11.55048, -7.48639, 
-9.25894, -13.35316, -9.83197, -14.09459, -8.15375, -14.31216, 
-8.16338, -11.26935, -13.15594, -14.27464, 0, 0, 0, 0, 0, 0, 
0, 0, 0, 0, 0, 0, 0, 0, 0, 0, 0, 0, 0, 0, 0, 0, 0.57269, 0.58377, 
0.59259, 0.59626, 0.58228, 0.56168, 0.59302, 0.54727, 0.58078, 
0.56231, 0.56344, 0.5459, 0.59078, 0.55546, 0.56753, 0.56598, 
0.55392, 0.56013, 0.5405, 0.57643, 0.55042, 0.54482, 0.0394, 
0.0499, 0.0748, 0.0728, 0.0601, 0.0786, 0.0896, 0.1015, 0.1932, 
0.2132, 0.137, 197.1, 213.5, 232.3, 242.8, 275.4, 277.6, 307.6, 
312.7, 331.1, 353, 381.7, 16, 652, 780, 1722, 736, 672, 442, 
362, 35, 706, 526, 1, 2, 2, 1, 1, 1, 2, 1, 2, 1, 2, 100, 100, 
100, 100, 100, 100, 100, 100, 100, 100, 100, 2500, 2500, 2500, 
2500, 2500, 2500, 2500, 2500, 2500, 2500, 2500, 6833.241, 7026.498, 
7304.33199999999, 7410.241, 7638.991, 7918.591, 8265.545, 8610.054, 
9040.72299999998, 9686.78900000002, 10056.444, 1, 1, 1, 1, 1, 
1, 1, 1, 1, 1, 1, 0.08333, 0.08333, 0.08333, 0.08333, 0.08333, 
0.08333, 0.08333, 0.08333, 0.08333, 0.08333, 0.08333, 0, 0, 0, 
0, 0, 0, 0, 0, 0, 0, 0, 0, 0, 0, 0, 0, 0, 0, 0, 0, 0, 0, 0.46698, 
0.51119, 0.49783, 0.52394, 0.52755, 0.52616, 0.53829, 0.50889, 
0.5359, 0.52387, 0.52188, 0.46668, 0.5182, 0.504, 0.51805, 0.53587, 
0.5386, 0.53591, 0.52237, 0.5466, 0.52043, 0.52584, 0.0393, 0.0448, 
0.0508, 0.0553, 0.0672, 0.0698, 0.077, 0.0851, 0.0966, 0.1133, 
0.1137, 204.7, 222.8, 241.6, 258.8, 279.5, 297.1, 317.3, 338.2, 
355.3, 373.6, 393.7, 1, 1, 1, 1, 1, 1, 1, 1, 1, 1, 1, 1, 1, 1, 
1, 1, 1, 1, 1, 1, 1, 1, 1, 1, 1, 1, 1, 1, 1, 1, 1, 1, 1, 1, 1, 
1, 1, 1, 1, 1, 1, 1, 1, 1, 2.567, 2.61, 2.707, 2.716, 3, 2.853, 
2.97, 3.059, 3.233, 3.595, 3.413), .Dim = c(11L, 40L), .Dimnames = list(
    NULL, c("Sampling", "PSO.cost", "PSO.gamma", "PSO.data.balancing", 
    "PSO.feature.selection", "PSO.valid.acc", "PSO.test.acc", 
    "PSO.train.time", "PSO.n.support.vectors", "PSO.index", "PSO.n.solutions", 
    "PSO.generations", "PSO.n.evaluations", "PSO.cpu.time", "RS.cost", 
    "RS.gamma", "RS.data.balancing", "RS.feature.selection", 
    "RS.valid.acc", "RS.test.acc", "RS.train.time", "RS.n.support.vectors", 
    "RS.index", "RS.n.solutions", "RS.generations", "RS.n.evaluations", 
    "RS.cpu.time", "DF.cost", "DF.gamma", "DF.data.balancing", 
    "DF.feature.selection", "DF.valid.acc", "DF.test.acc", "DF.train.time", 
    "DF.n.support.vectors", "DF.index", "DF.n.solutions", "DF.generations", 
    "DF.n.evaluations", "DF.cpu.time")))
