full <-
structure(c(50, 55, 60, 65, 70, 75, 80, 85, 90, 95, 100, 12.99553, 
6.84584, 11.61176, 15, 14.92534, 6.4682, 10.45442, 12.33573, 
11.93597, 13.23923, 6.85895, -14.48802, -8.55912, -11.80578, 
-13.28179, -13.21372, -7.53761, -9.92994, -15, -10.9188, -11.31401, 
-9.41251, 0, 0, 0, 0, 0, 0, 0, 0, 0, 0, 0, 0, 0, 0, 0, 0, 0, 
0, 0, 0, 0, 0, 0.59478, 0.58552, 0.61686, 0.63718, 0.59815, 0.58872, 
0.58683, 0.57328, 0.57852, 0.57458, 0.56191, 0.56427, 0.57501, 
0.58499, 0.58974, 0.59529, 0.54551, 0.56017, 0.55788, 0.56571, 
0.56662, 0.54848, 0.0548, 0.0534, 0.0805, 0.1166, 0.1326, 0.0779, 
0.1117, 0.1105, 0.1656, 0.2104, 0.1397, 190.2, 204.3, 218.9, 
231.4, 251.1, 276, 291.3, 320, 331.8, 348.2, 371.6, 490, 1456, 
816, 225, 102, 2311, 1515, 155, 804, 1994, 1105, 96, 7, 140, 
70, 24, 1, 11, 95, 29, 1, 75, 100, 100, 100, 100, 100, 100, 100, 
100, 100, 100, 100, 2500, 2500, 2500, 2500, 2500, 2500, 2500, 
2500, 2500, 2500, 2500, 7405.733, 7354.595, 8200.393, 8981.853, 
9157.45699999999, 8392.356, 9286.59299999999, 8736.473, 10185.034, 
10786.732, 9885.06, 12.03197, 5.00398, 11.54968, 14.78545, 11.47105, 
0.60308, 10.14594, 12.03925, 13.20016, 5.51354, 7.0931, -13.60247, 
-7.08985, -11.87071, -13.22124, -10.65678, -4.21059, -9.64674, 
-14.74019, -11.4248, -7.56738, -9.42433, 0, 0, 0, 0, 0, 0, 0, 
0, 0, 0, 0, 0, 0, 0, 0, 0, 0, 0, 0, 0, 0, 0, 0.59478, 0.58232, 
0.61374, 0.6313, 0.59267, 0.58628, 0.58672, 0.57328, 0.57843, 
0.57042, 0.56002, 0.56797, 0.57503, 0.57873, 0.59571, 0.59274, 
0.56827, 0.55535, 0.55788, 0.5658, 0.56838, 0.55221, 0.0639, 
0.0501, 0.0814, 0.1112, 0.0952, 0.0738, 0.1078, 0.1048, 0.1875, 
0.1141, 0.138, 192.2, 205.6, 218.6, 231.7, 250.1, 292.5, 290.4, 
321.8, 331, 348.2, 370.7, 113, 1477, 1435, 386, 1654, 1049, 843, 
842, 590, 1122, 842, 3, 1, 1, 1, 2, 2, 2, 1, 1, 1, 2, 100, 100, 
100, 100, 100, 100, 100, 100, 100, 100, 100, 2500, 2500, 2500, 
2500, 2500, 2500, 2500, 2500, 2500, 2500, 2500, 7193.046, 7305.013, 
7841.75, 8088.461, 8355.205, 8518.141, 8880.341, 8880.13399999999, 
9209.35800000001, 9486.37, 9800.91800000001, 1, 1, 1, 1, 1, 1, 
1, 1, 1, 1, 1, 0.08333, 0.08333, 0.08333, 0.08333, 0.08333, 0.08333, 
0.08333, 0.08333, 0.08333, 0.08333, 0.08333, 0, 0, 0, 0, 0, 0, 
0, 0, 0, 0, 0, 0, 0, 0, 0, 0, 0, 0, 0, 0, 0, 0, 0.46961, 0.50999, 
0.53137, 0.53522, 0.54596, 0.56359, 0.53822, 0.52009, 0.54654, 
0.54405, 0.52399, 0.45848, 0.50666, 0.52232, 0.5321, 0.54325, 
0.55051, 0.54526, 0.53081, 0.54252, 0.53833, 0.53556, 0.0419, 
0.0474, 0.0513, 0.0607, 0.0658, 0.0723, 0.0791, 0.0854, 0.0948, 
0.1119, 0.1114, 201.2, 220.3, 240, 258.6, 277.4, 297.6, 315.1, 
334.9, 353.8, 372.6, 394.2, 1, 1, 1, 1, 1, 1, 1, 1, 1, 1, 1, 
1, 1, 1, 1, 1, 1, 1, 1, 1, 1, 1, 1, 1, 1, 1, 1, 1, 1, 1, 1, 1, 
1, 1, 1, 1, 1, 1, 1, 1, 1, 1, 1, 1, 2.877, 2.897, 3.023, 3.064, 
3.143, 3.182, 3.242, 3.085, 3.183, 3.521, 3.321), .Dim = c(11L, 
40L), .Dimnames = list(NULL, c("Sampling", "PSO.cost", "PSO.gamma", 
"PSO.data.balancing", "PSO.feature.selection", "PSO.valid.acc", 
"PSO.test.acc", "PSO.train.time", "PSO.n.support.vectors", "PSO.index", 
"PSO.n.solutions", "PSO.generations", "PSO.n.evaluations", "PSO.cpu.time", 
"RS.cost", "RS.gamma", "RS.data.balancing", "RS.feature.selection", 
"RS.valid.acc", "RS.test.acc", "RS.train.time", "RS.n.support.vectors", 
"RS.index", "RS.n.solutions", "RS.generations", "RS.n.evaluations", 
"RS.cpu.time", "DF.cost", "DF.gamma", "DF.data.balancing", "DF.feature.selection", 
"DF.valid.acc", "DF.test.acc", "DF.train.time", "DF.n.support.vectors", 
"DF.index", "DF.n.solutions", "DF.generations", "DF.n.evaluations", 
"DF.cpu.time")))
