full <-
structure(c(50, 55, 60, 65, 70, 75, 80, 85, 90, 95, 100, 1.48764, 
5.648, 6.16372, 8.52555, 4.22415, 4.54863, 5.75842, 8.2553, 2.95921, 
10.97381, 9.74628, -4.5064, -8.60453, -7.96959, -11.51188, -8.49818, 
-7.10152, -9.99421, -13.19401, -7.69897, -10.16769, -10.05731, 
0, 0, 0, 0, 0, 0, 0, 0, 0, 0, 0, 0, 0, 0, 0, 0, 0, 0, 0, 0, 0, 
0, 0.60941, 0.59521, 0.60655, 0.58392, 0.58651, 0.60242, 0.5929, 
0.56942, 0.58926, 0.58633, 0.57868, 0.59145, 0.58892, 0.59098, 
0.56736, 0.58144, 0.58444, 0.57847, 0.56488, 0.57007, 0.57013, 
0.56932, 0.0434, 0.0561, 0.0636, 0.0868, 0.0704, 0.0763, 0.1002, 
0.1028, 0.1, 0.1714, 0.1696, 199.3, 212.3, 228.5, 248.2, 268.9, 
281.9, 305.3, 333.2, 346.4, 347, 368.9, 1508, 1843, 429, 542, 
111, 214, 1177, 675, 151, 433, 1023, 46, 22, 139, 187, 99, 75, 
26, 11, 425, 92, 48, 100, 100, 100, 100, 100, 100, 100, 100, 
100, 100, 100, 2500, 2500, 2500, 2500, 2500, 2500, 2500, 2500, 
2500, 2500, 2500, 7677.965, 7799.53, 7928.256, 8417.196, 8175.764, 
8563.787, 8985.857, 9381.23899999999, 9594.522, 10928.176, 11164.274, 
11.50264, 5.73406, 6.86836, 7.73486, 6.52381, 4.56853, 5.72285, 
8.45459, 10.82496, 9.66091, 9.92605, -14.24981, -8.54973, -8.23855, 
-11.05879, -10.91054, -7.10793, -9.94228, -13.60402, -9.5484, 
-9.53663, -10.08998, 0, 0, 0, 0, 0, 0, 0, 0, 0, 0, 0, 0, 0, 0, 
0, 0, 0, 0, 0, 0, 0, 0, 0.60256, 0.59509, 0.60352, 0.58114, 0.58395, 
0.59998, 0.59046, 0.56735, 0.58939, 0.58237, 0.57679, 0.60242, 
0.58904, 0.59121, 0.56441, 0.58144, 0.58444, 0.57847, 0.56695, 
0.56412, 0.57422, 0.56929, 0.0521, 0.0572, 0.0661, 0.0826, 0.0776, 
0.0785, 0.0967, 0.0956, 0.153, 0.1516, 0.1773, 195.4, 212.1, 
227.5, 248.7, 270.4, 281.9, 305, 334.9, 326.8, 346.9, 368.9, 
1239, 2208, 97, 1104, 1693, 620, 116, 933, 559, 2010, 827, 4, 
1, 1, 1, 2, 1, 6, 2, 1, 1, 1, 100, 100, 100, 100, 100, 100, 100, 
100, 100, 100, 100, 2500, 2500, 2500, 2500, 2500, 2500, 2500, 
2500, 2500, 2500, 2500, 7633.733, 7822.542, 8064.86799999999, 
8267.614, 8740.666, 9066.946, 9490.584, 9873.92199999999, 10033.158, 
10432.303, 11031.463, 1, 1, 1, 1, 1, 1, 1, 1, 1, 1, 1, 0.08333, 
0.08333, 0.08333, 0.08333, 0.08333, 0.08333, 0.08333, 0.08333, 
0.08333, 0.08333, 0.08333, 0, 0, 0, 0, 0, 0, 0, 0, 0, 0, 0, 0, 
0, 0, 0, 0, 0, 0, 0, 0, 0, 0, 0.56106, 0.53678, 0.58908, 0.54055, 
0.56704, 0.55128, 0.54727, 0.53593, 0.56146, 0.52342, 0.55799, 
0.54968, 0.55467, 0.57232, 0.54399, 0.57084, 0.55675, 0.55966, 
0.52871, 0.55326, 0.53179, 0.56177, 0.043, 0.049, 0.0553, 0.0619, 
0.0716, 0.0759, 0.0835, 0.0904, 0.101, 0.113, 0.1253, 205.3, 
225.4, 242.4, 261.6, 279.3, 299.7, 317.6, 337.4, 352.2, 372.6, 
392.9, 1, 1, 1, 1, 1, 1, 1, 1, 1, 1, 1, 1, 1, 1, 1, 1, 1, 1, 
1, 1, 1, 1, 1, 1, 1, 1, 1, 1, 1, 1, 1, 1, 1, 1, 1, 1, 1, 1, 1, 
1, 1, 1, 1, 1, 2.983, 3.006, 3.058, 3.153, 3.356, 3.411, 3.459, 
3.589, 3.575, 3.817, 3.961), .Dim = c(11L, 40L), .Dimnames = list(
    NULL, c("Sampling", "PSO.cost", "PSO.gamma", "PSO.data.balancing", 
    "PSO.feature.selection", "PSO.valid.acc", "PSO.test.acc", 
    "PSO.train.time", "PSO.n.support.vectors", "PSO.index", "PSO.n.solutions", 
    "PSO.generations", "PSO.n.evaluations", "PSO.cpu.time", "RS.cost", 
    "RS.gamma", "RS.data.balancing", "RS.feature.selection", 
    "RS.valid.acc", "RS.test.acc", "RS.train.time", "RS.n.support.vectors", 
    "RS.index", "RS.n.solutions", "RS.generations", "RS.n.evaluations", 
    "RS.cpu.time", "DF.cost", "DF.gamma", "DF.data.balancing", 
    "DF.feature.selection", "DF.valid.acc", "DF.test.acc", "DF.train.time", 
    "DF.n.support.vectors", "DF.index", "DF.n.solutions", "DF.generations", 
    "DF.n.evaluations", "DF.cpu.time")))
