full <-
structure(c(50, 55, 60, 65, 70, 75, 80, 85, 90, 95, 100, 13.95164, 
15, 15, 15, 6.10434, 11.22655, 7.23467, 6.14139, 4.9693, 6.43703, 
3.35301, -15, -11.27118, -11.42492, -12.00072, -7.81881, -15, 
-10.8383, -7.96875, -7.4783, -8.08754, -8.1612, 0, 0, 0, 0, 0, 
0, 0, 0, 0, 0, 0, 0, 0, 0, 0, 0, 0, 0, 0, 0, 0, 0, 0.51625, 0.50321, 
0.52395, 0.4864, 0.54421, 0.52451, 0.54514, 0.56497, 0.58042, 
0.54839, 0.55785, 0.48264, 0.47145, 0.48012, 0.46234, 0.53814, 
0.51018, 0.51878, 0.54669, 0.56992, 0.55005, 0.54087, 0.0522, 
0.1522, 0.173, 0.1769, 0.0744, 0.0784, 0.1077, 0.1028, 0.1085, 
0.1248, 0.1237, 190.3, 207.5, 230, 248.8, 265.8, 293.6, 305.1, 
314.8, 333.7, 351.4, 386.1, 100, 892, 1500, 193, 568, 171, 358, 
1518, 1400, 1711, 206, 678, 63, 3, 177, 183, 45, 139, 23, 51, 
23, 260, 100, 100, 100, 100, 100, 100, 100, 100, 100, 100, 100, 
2500, 2500, 2500, 2500, 2500, 2500, 2500, 2500, 2500, 2500, 2500, 
8041.998, 9171.287, 8779.235, 10726.354, 8749.239, 8982.595, 
9535.00600000001, 10233.618, 9521.44700000001, 10418.559, 9689.56, 
13.81968, 9.73147, 8.39646, 13.77399, 6.51039, 10.53949, 8.21364, 
5.55114, 4.87844, 8.41706, 3.73959, -14.91867, -13.69948, -8.06155, 
-11.51815, -8.03386, -14.23243, -11.81599, -6.13443, -7.35002, 
-9.14038, -8.49991, 0, 0, 0, 0, 0, 0, 0, 0, 0, 0, 0, 0, 0, 0, 
0, 0, 0, 0, 0, 0, 0, 0, 0.51254, 0.49643, 0.51969, 0.48346, 0.54143, 
0.52195, 0.54514, 0.56528, 0.57838, 0.54635, 0.55593, 0.48649, 
0.50582, 0.48354, 0.47134, 0.53566, 0.51282, 0.51878, 0.56458, 
0.56788, 0.5543, 0.54091, 0.0518, 0.0464, 0.0686, 0.1419, 0.0774, 
0.0898, 0.1171, 0.0973, 0.1057, 0.1406, 0.1294, 189.4, 214.4, 
229.1, 248.3, 265.9, 294, 307.3, 316, 333.7, 351.2, 385.3, 593, 
45, 2353, 119, 582, 1446, 486, 327, 2361, 1228, 1797, 2, 7, 1, 
1, 1, 4, 3, 1, 1, 1, 1, 100, 100, 100, 100, 100, 100, 100, 100, 
100, 100, 100, 2500, 2500, 2500, 2500, 2500, 2500, 2500, 2500, 
2500, 2500, 2500, 7921.217, 8156.013, 8407.484, 8908.696, 8837.389, 
9373.912, 9607.371, 9849.177, 10258.18, 10564.914, 10763.993, 
1, 1, 1, 1, 1, 1, 1, 1, 1, 1, 1, 0.08333, 0.08333, 0.08333, 0.08333, 
0.08333, 0.08333, 0.08333, 0.08333, 0.08333, 0.08333, 0.08333, 
0, 0, 0, 0, 0, 0, 0, 0, 0, 0, 0, 0, 0, 0, 0, 0, 0, 0, 0, 0, 0, 
0, 0.46239, 0.44767, 0.48236, 0.44174, 0.49547, 0.49127, 0.49728, 
0.51804, 0.5341, 0.52841, 0.52911, 0.43956, 0.44765, 0.45589, 
0.45336, 0.50367, 0.48453, 0.49745, 0.53795, 0.55103, 0.50648, 
0.53666, 0.0426, 0.0483, 0.053, 0.0615, 0.0696, 0.0752, 0.08, 
0.091, 0.1021, 0.1126, 0.1218, 201.4, 220.1, 241.2, 261.7, 280.8, 
300.1, 318.6, 334.7, 352.9, 372.5, 393.9, 1, 1, 1, 1, 1, 1, 1, 
1, 1, 1, 1, 1, 1, 1, 1, 1, 1, 1, 1, 1, 1, 1, 1, 1, 1, 1, 1, 1, 
1, 1, 1, 1, 1, 1, 1, 1, 1, 1, 1, 1, 1, 1, 1, 1, 3.053, 3.082, 
3.033, 3.232, 3.329, 3.495, 3.273, 3.671, 3.698, 3.84, 3.906), .Dim = c(11L, 
40L), .Dimnames = list(NULL, c("Sampling", "PSO.cost", "PSO.gamma", 
"PSO.data.balancing", "PSO.feature.selection", "PSO.valid.acc", 
"PSO.test.acc", "PSO.train.time", "PSO.n.support.vectors", "PSO.index", 
"PSO.n.solutions", "PSO.generations", "PSO.n.evaluations", "PSO.cpu.time", 
"RS.cost", "RS.gamma", "RS.data.balancing", "RS.feature.selection", 
"RS.valid.acc", "RS.test.acc", "RS.train.time", "RS.n.support.vectors", 
"RS.index", "RS.n.solutions", "RS.generations", "RS.n.evaluations", 
"RS.cpu.time", "DF.cost", "DF.gamma", "DF.data.balancing", "DF.feature.selection", 
"DF.valid.acc", "DF.test.acc", "DF.train.time", "DF.n.support.vectors", 
"DF.index", "DF.n.solutions", "DF.generations", "DF.n.evaluations", 
"DF.cpu.time")))
