full <-
structure(c(50, 55, 60, 65, 70, 75, 80, 85, 90, 95, 100, 9.86172, 
0.97921, 15, 11.24784, 3.86153, -0.06549, 13.63328, 10.68493, 
1.25576, 9.16383, 6.35283, -9.28045, -3.99827, -11.69036, -14.90866, 
-6.43692, -4.20497, -15, -14.75333, -5.19264, -10.73254, -10.96928, 
0, 0, 0, 0, 0, 0, 0, 0, 0, 0, 0, 0, 0, 0, 0, 0, 0, 0, 0, 0, 0, 
0, 0.57267, 0.58698, 0.60125, 0.56165, 0.59162, 0.60216, 0.57228, 
0.58569, 0.57434, 0.57186, 0.57484, 0.56865, 0.55867, 0.59236, 
0.5228, 0.57497, 0.57682, 0.56274, 0.56068, 0.5469, 0.55807, 
0.56119, 0.058, 0.0469, 0.164, 0.0669, 0.0718, 0.0748, 0.1162, 
0.0955, 0.0996, 0.1578, 0.1387, 191.6, 222.5, 228.1, 253.9, 268.1, 
298.2, 296.1, 330.8, 348.9, 352, 384.7, 802, 728, 640, 1033, 
426, 2374, 440, 783, 832, 849, 1521, 166, 4, 96, 40, 32, 4, 141, 
1, 37, 51, 7, 100, 100, 100, 100, 100, 100, 100, 100, 100, 100, 
100, 2500, 2500, 2500, 2500, 2500, 2500, 2500, 2500, 2500, 2500, 
2500, 7730.408, 7439.972, 11060.336, 10206.769, 10226.968, 10287.834, 
11246.453, 11552.339, 11223.646, 9781.54199999999, 9623.935, 
9.13629, 0.85994, 13.5534, 9.76624, 5.86019, 0.68126, 8.28526, 
4.89224, 4.67855, 6.69207, 5.41373, -8.94157, -4.03164, -10.96377, 
-12.70953, -8.17322, -5.12788, -13.42964, -8.78575, -9.98202, 
-8.5901, -10.14931, 0, 0, 0, 0, 0, 0, 0, 0, 0, 0, 0, 0, 0, 0, 
0, 0, 0, 0, 0, 0, 0, 0, 0.57267, 0.57651, 0.60125, 0.55601, 0.59161, 
0.59684, 0.56985, 0.58781, 0.57017, 0.56994, 0.5711, 0.57222, 
0.56212, 0.5859, 0.55241, 0.56633, 0.57432, 0.56036, 0.55618, 
0.55328, 0.55819, 0.5556, 0.0548, 0.0478, 0.1294, 0.0948, 0.0789, 
0.0742, 0.0872, 0.1085, 0.1096, 0.1261, 0.1385, 192.1, 222.9, 
227.2, 252.5, 265.2, 295.8, 313.5, 323.2, 353.1, 352.6, 385.6, 
794, 583, 2032, 1534, 1100, 1830, 237, 1944, 2497, 1218, 366, 
1, 1, 1, 1, 1, 1, 1, 1, 1, 1, 5, 100, 100, 100, 100, 100, 100, 
100, 100, 100, 100, 100, 2500, 2500, 2500, 2500, 2500, 2500, 
2500, 2500, 2500, 2500, 2500, 7305.868, 8480.739, 9931.37, 10275.261, 
10611.018, 10771.365, 11298.261, 11599.333, 10789.992, 9961.76199999999, 
10079.234, 1, 1, 1, 1, 1, 1, 1, 1, 1, 1, 1, 0.08333, 0.08333, 
0.08333, 0.08333, 0.08333, 0.08333, 0.08333, 0.08333, 0.08333, 
0.08333, 0.08333, 0, 0, 0, 0, 0, 0, 0, 0, 0, 0, 0, 0, 0, 0, 0, 
0, 0, 0, 0, 0, 0, 0, 0.47747, 0.54154, 0.53154, 0.5286, 0.56493, 
0.58182, 0.5409, 0.53627, 0.54681, 0.53788, 0.52733, 0.51214, 
0.54166, 0.54142, 0.53138, 0.57887, 0.56418, 0.53613, 0.54076, 
0.53413, 0.53805, 0.53103, 0.0419, 0.05, 0.0558, 0.0682, 0.0688, 
0.0776, 0.0839, 0.093, 0.1053, 0.1134, 0.1152, 204.8, 224.3, 
242.8, 262.6, 280.1, 298.4, 317.9, 336.1, 355.3, 373.4, 393.8, 
1, 1, 1, 1, 1, 1, 1, 1, 1, 1, 1, 1, 1, 1, 1, 1, 1, 1, 1, 1, 1, 
1, 1, 1, 1, 1, 1, 1, 1, 1, 1, 1, 1, 1, 1, 1, 1, 1, 1, 1, 1, 1, 
1, 1, 2.844, 3.623, 3.694, 4.183, 3.889, 4.001, 4.049, 4.111, 
3.608, 3.611, 3.476), .Dim = c(11L, 40L), .Dimnames = list(NULL, 
    c("Sampling", "PSO.cost", "PSO.gamma", "PSO.data.balancing", 
    "PSO.feature.selection", "PSO.valid.acc", "PSO.test.acc", 
    "PSO.train.time", "PSO.n.support.vectors", "PSO.index", "PSO.n.solutions", 
    "PSO.generations", "PSO.n.evaluations", "PSO.cpu.time", "RS.cost", 
    "RS.gamma", "RS.data.balancing", "RS.feature.selection", 
    "RS.valid.acc", "RS.test.acc", "RS.train.time", "RS.n.support.vectors", 
    "RS.index", "RS.n.solutions", "RS.generations", "RS.n.evaluations", 
    "RS.cpu.time", "DF.cost", "DF.gamma", "DF.data.balancing", 
    "DF.feature.selection", "DF.valid.acc", "DF.test.acc", "DF.train.time", 
    "DF.n.support.vectors", "DF.index", "DF.n.solutions", "DF.generations", 
    "DF.n.evaluations", "DF.cpu.time")))
