full <-
structure(c(50, 55, 60, 65, 70, 75, 80, 85, 90, 95, 100, 9.61378, 
3.13048, 10.13946, 11.63433, 11.95394, 3.73484, 12.19065, 6.7856, 
0.68471, 10.06739, 12.96161, -11.02653, -6.05507, -11.31658, 
-15, -14.32813, -7.9235, -14.89394, -8.39897, -4.88641, -9.80935, 
-11.19943, 0, 0, 0, 0, 0, 0, 0, 0, 0, 0, 0, 0, 0, 0, 0, 0, 0, 
0, 0, 0, 0, 0, 0.57177, 0.59953, 0.56183, 0.59359, 0.57001, 0.58175, 
0.58086, 0.57162, 0.5744, 0.57875, 0.59015, 0.57276, 0.5624, 
0.55183, 0.56119, 0.54515, 0.57143, 0.55466, 0.56056, 0.54261, 
0.57712, 0.57505, 0.0634, 0.0506, 0.0882, 0.0729, 0.089, 0.0764, 
0.0992, 0.105, 0.1004, 0.1607, 0.2316, 191.5, 214.1, 229.6, 256.1, 
272, 287.3, 304.8, 317.6, 353.5, 346.3, 372.5, 1171, 1050, 197, 
214, 765, 1043, 1557, 938, 761, 521, 982, 19, 53, 131, 356, 38, 
66, 6, 31, 66, 190, 40, 100, 100, 100, 100, 100, 100, 100, 100, 
100, 100, 100, 2500, 2500, 2500, 2500, 2500, 2500, 2500, 2500, 
2500, 2500, 2500, 8433.726, 8165.024, 8702.294, 8384.552, 9085.414, 
8785.81200000001, 9180.93700000001, 10262.331, 9643.46200000003, 
10647.378, 12410.454, 13.49519, 3.45237, 10.49653, 10.80174, 
10.56404, 3.90386, 11.57539, 8.85563, 2.57476, 9.54226, 12.44404, 
-14.96199, -6.41423, -11.60405, -14.037, -13.2153, -8.1495, -14.83624, 
-10.26475, -4.32795, -9.34979, -10.97019, 0, 0, 0, 0, 0, 0, 0, 
0, 0, 0, 0, 0, 0, 0, 0, 0, 0, 0, 0, 0, 0, 0, 0.56836, 0.59608, 
0.56183, 0.59089, 0.56731, 0.57656, 0.5761, 0.57152, 0.56978, 
0.57675, 0.58826, 0.56091, 0.56217, 0.55486, 0.55833, 0.54793, 
0.56887, 0.56181, 0.54919, 0.53387, 0.57108, 0.57505, 0.0608, 
0.0486, 0.0925, 0.0813, 0.1085, 0.0816, 0.0867, 0.124, 0.1046, 
0.1522, 0.2147, 192.7, 213.6, 229.8, 256.1, 271.8, 287.9, 307.1, 
317.6, 344.7, 346, 372.3, 287, 1955, 2092, 1306, 47, 711, 536, 
70, 2041, 233, 1791, 1, 1, 1, 3, 1, 1, 2, 2, 1, 2, 1, 100, 100, 
100, 100, 100, 100, 100, 100, 100, 100, 100, 2500, 2500, 2500, 
2500, 2500, 2500, 2500, 2500, 2500, 2500, 2500, 8151.922, 8021.257, 
8204.394, 8756.724, 9112.111, 9160.069, 9483.66600000001, 9775.443, 
10050.078, 10520.679, 10913.324, 1, 1, 1, 1, 1, 1, 1, 1, 1, 1, 
1, 0.08333, 0.08333, 0.08333, 0.08333, 0.08333, 0.08333, 0.08333, 
0.08333, 0.08333, 0.08333, 0.08333, 0, 0, 0, 0, 0, 0, 0, 0, 0, 
0, 0, 0, 0, 0, 0, 0, 0, 0, 0, 0, 0, 0, 0.50669, 0.53393, 0.51564, 
0.5524, 0.51586, 0.52858, 0.52823, 0.52904, 0.5466, 0.55241, 
0.55434, 0.52344, 0.54184, 0.52255, 0.50848, 0.53179, 0.54054, 
0.52806, 0.5449, 0.52776, 0.53241, 0.53898, 0.0408, 0.05, 0.056, 
0.0614, 0.0683, 0.0804, 0.0853, 0.0933, 0.1056, 0.1091, 0.1264, 
204.6, 224.9, 244.5, 263.7, 282.8, 300.3, 319.3, 336.4, 355.5, 
369.9, 394.6, 1, 1, 1, 1, 1, 1, 1, 1, 1, 1, 1, 1, 1, 1, 1, 1, 
1, 1, 1, 1, 1, 1, 1, 1, 1, 1, 1, 1, 1, 1, 1, 1, 1, 1, 1, 1, 1, 
1, 1, 1, 1, 1, 1, 1, 3.174, 3.155, 3.204, 3.336, 3.414, 3.54, 
3.553, 3.652, 3.723, 3.768, 4.014), .Dim = c(11L, 40L), .Dimnames = list(
    NULL, c("Sampling", "PSO.cost", "PSO.gamma", "PSO.data.balancing", 
    "PSO.feature.selection", "PSO.valid.acc", "PSO.test.acc", 
    "PSO.train.time", "PSO.n.support.vectors", "PSO.index", "PSO.n.solutions", 
    "PSO.generations", "PSO.n.evaluations", "PSO.cpu.time", "RS.cost", 
    "RS.gamma", "RS.data.balancing", "RS.feature.selection", 
    "RS.valid.acc", "RS.test.acc", "RS.train.time", "RS.n.support.vectors", 
    "RS.index", "RS.n.solutions", "RS.generations", "RS.n.evaluations", 
    "RS.cpu.time", "DF.cost", "DF.gamma", "DF.data.balancing", 
    "DF.feature.selection", "DF.valid.acc", "DF.test.acc", "DF.train.time", 
    "DF.n.support.vectors", "DF.index", "DF.n.solutions", "DF.generations", 
    "DF.n.evaluations", "DF.cpu.time")))
