full <-
structure(c(50, 55, 60, 65, 70, 75, 80, 85, 90, 95, 100, 2.64279, 
7.00766, 12.93837, 10.24976, 8.0649, 10.83831, 5.24947, 14.92376, 
14.48538, 9.43221, 10.45061, -5.84314, -10.13381, -11.48381, 
-9.29085, -9.10582, -10.3155, -7.23505, -14.99692, -12.10388, 
-10.61091, -13.88486, 0, 0, 0, 0, 0, 0, 0, 0, 0, 0, 0, 0, 0, 
0, 0, 0, 0, 0, 0, 0, 0, 0, 0.60197, 0.60258, 0.59771, 0.58092, 
0.60098, 0.58914, 0.59582, 0.60877, 0.59593, 0.57392, 0.56364, 
0.57088, 0.57164, 0.56327, 0.53914, 0.56519, 0.56112, 0.58669, 
0.57257, 0.57006, 0.54837, 0.55791, 0.0405, 0.0591, 0.0945, 0.08, 
0.0821, 0.1058, 0.0841, 0.1348, 0.2215, 0.1498, 0.1424, 192.2, 
206.3, 220.5, 236, 257.6, 276.3, 291.7, 304.8, 331.5, 353.1, 
384.7, 1128, 724, 996, 456, 1960, 852, 2399, 1600, 488, 247, 
1188, 53, 96, 24, 133, 1, 33, 1, 3, 185, 116, 27, 100, 100, 100, 
100, 100, 100, 100, 100, 100, 100, 100, 2500, 2500, 2500, 2500, 
2500, 2500, 2500, 2500, 2500, 2500, 2500, 6585.089, 7003.51, 
7762.901, 7623.688, 7903.157, 8167.03999999999, 8263.674, 9143.754, 
11022.029, 9551.43899999998, 9573.32999999999, 2.82511, 7.01194, 
12.93049, 11.4327, 8.25983, 10.63113, 9.33764, 11.21995, 14.53698, 
9.42458, 9.40202, -6.02051, -10.1465, -11.52455, -9.85854, -9.14787, 
-10.15125, -9.33842, -12.22746, -12.16935, -10.64204, -13.18296, 
0, 0, 0, 0, 0, 0, 0, 0, 0, 0, 0, 0, 0, 0, 0, 0, 0, 0, 0, 0, 0, 
0, 0.59455, 0.60258, 0.59426, 0.57781, 0.59834, 0.58401, 0.59129, 
0.60628, 0.59375, 0.57384, 0.56179, 0.57488, 0.57509, 0.56348, 
0.53576, 0.56512, 0.55605, 0.59174, 0.58193, 0.57219, 0.54837, 
0.55403, 0.0406, 0.0594, 0.0955, 0.0902, 0.0817, 0.1037, 0.1057, 
0.1403, 0.2168, 0.1499, 0.1614, 192.1, 206.7, 220.9, 235.6, 257.7, 
275.7, 289.9, 315, 330.4, 353.3, 385.3, 1677, 1623, 1675, 1047, 
2080, 127, 1960, 718, 1144, 1393, 247, 1, 1, 1, 1, 1, 2, 1, 1, 
1, 1, 2, 100, 100, 100, 100, 100, 100, 100, 100, 100, 100, 100, 
2500, 2500, 2500, 2500, 2500, 2500, 2500, 2500, 2500, 2500, 2500, 
6854.209, 7027.965, 7228.68799999999, 7451.976, 7707.266, 8042.208, 
8397.97500000001, 8643.05499999999, 8986.78, 9397.61199999999, 
10434.754, 1, 1, 1, 1, 1, 1, 1, 1, 1, 1, 1, 0.08333, 0.08333, 
0.08333, 0.08333, 0.08333, 0.08333, 0.08333, 0.08333, 0.08333, 
0.08333, 0.08333, 0, 0, 0, 0, 0, 0, 0, 0, 0, 0, 0, 0, 0, 0, 0, 
0, 0, 0, 0, 0, 0, 0, 0.52605, 0.55771, 0.54432, 0.53244, 0.5436, 
0.53605, 0.56221, 0.54947, 0.536, 0.528, 0.53505, 0.51762, 0.55794, 
0.55029, 0.52996, 0.54334, 0.53079, 0.55714, 0.52925, 0.54004, 
0.54033, 0.52747, 0.043, 0.0463, 0.0523, 0.0581, 0.064, 0.0707, 
0.0789, 0.0864, 0.0944, 0.1053, 0.1219, 201.6, 220.7, 239.9, 
260.1, 279.5, 296.1, 314.7, 333.7, 350.5, 371.8, 393.8, 1, 1, 
1, 1, 1, 1, 1, 1, 1, 1, 1, 1, 1, 1, 1, 1, 1, 1, 1, 1, 1, 1, 1, 
1, 1, 1, 1, 1, 1, 1, 1, 1, 1, 1, 1, 1, 1, 1, 1, 1, 1, 1, 1, 1, 
2.787, 2.67, 2.722, 2.802, 2.861, 2.9, 3.029, 3.114, 3.179, 3.352, 
3.665), .Dim = c(11L, 40L), .Dimnames = list(NULL, c("Sampling", 
"PSO.cost", "PSO.gamma", "PSO.data.balancing", "PSO.feature.selection", 
"PSO.valid.acc", "PSO.test.acc", "PSO.train.time", "PSO.n.support.vectors", 
"PSO.index", "PSO.n.solutions", "PSO.generations", "PSO.n.evaluations", 
"PSO.cpu.time", "RS.cost", "RS.gamma", "RS.data.balancing", "RS.feature.selection", 
"RS.valid.acc", "RS.test.acc", "RS.train.time", "RS.n.support.vectors", 
"RS.index", "RS.n.solutions", "RS.generations", "RS.n.evaluations", 
"RS.cpu.time", "DF.cost", "DF.gamma", "DF.data.balancing", "DF.feature.selection", 
"DF.valid.acc", "DF.test.acc", "DF.train.time", "DF.n.support.vectors", 
"DF.index", "DF.n.solutions", "DF.generations", "DF.n.evaluations", 
"DF.cpu.time")))
