full <-
structure(c(50, 55, 60, 65, 70, 75, 80, 85, 90, 95, 100, 6.68882, 
5.85335, 9.0343, 10.57319, 9.48801, 12.68827, 6.02466, 11.34485, 
6.85153, 10.21441, 9.23705, -10.72681, -8.26284, -11.71176, -15, 
-13.55645, -14.82432, -8.38246, -14.79413, -10.74551, -15, -10.72062, 
0, 0, 0, 0, 0, 0, 0, 0, 0, 0, 0, 0, 0, 0, 0, 0, 0, 0, 0, 0, 0, 
0, 0.57567, 0.56592, 0.56045, 0.56994, 0.56803, 0.56939, 0.5737, 
0.56711, 0.57216, 0.55434, 0.57681, 0.5488, 0.51274, 0.52251, 
0.5485, 0.54348, 0.55874, 0.56416, 0.54689, 0.54626, 0.55422, 
0.56599, 0.0517, 0.0588, 0.0864, 0.0593, 0.0971, 0.0957, 0.0966, 
0.1073, 0.1276, 0.1069, 0.1669, 200.6, 214, 233.3, 258.7, 276.8, 
287.4, 298.3, 328.5, 343.5, 372.8, 373.7, 1703, 522, 608, 822, 
279, 1312, 556, 654, 2147, 111, 281, 5, 80, 56, 22, 96, 5, 99, 
2, 5, 278, 70, 100, 100, 100, 100, 100, 100, 100, 100, 100, 100, 
100, 2500, 2500, 2500, 2500, 2500, 2500, 2500, 2500, 2500, 2500, 
2500, 7902.959, 8207.867, 8678.595, 8792.482, 9138.00200000001, 
9270.447, 9290.173, 9405.51500000001, 10016.751, 9917.49900000001, 
10810.156, 4.5281, 7.66859, 9.75211, 9.1687, 9.63888, 8.53141, 
11.30714, 10.63407, 7.421, 5.8588, 12.78814, -8.65825, -11.44116, 
-12.39376, -13.41828, -13.69767, -13.03771, -13.83113, -13.9821, 
-11.25265, -7.7579, -14.93651, 0, 0, 0, 0, 0, 0, 0, 0, 0, 0, 
0, 0, 0, 0, 0, 0, 0, 0, 0, 0, 0, 0, 0.57242, 0.56249, 0.55742, 
0.56986, 0.56803, 0.5665, 0.57093, 0.56483, 0.57003, 0.55601, 
0.57514, 0.55979, 0.5413, 0.51605, 0.5485, 0.5407, 0.54875, 0.55907, 
0.54907, 0.54626, 0.55172, 0.56014, 0.0465, 0.0702, 0.0879, 0.0805, 
0.0923, 0.0946, 0.1203, 0.1236, 0.1381, 0.1221, 0.1418, 201.3, 
219.7, 235.8, 258.9, 276.1, 295.8, 307, 328.5, 344.6, 355.3, 
376.2, 983, 808, 1811, 1005, 1059, 1222, 1255, 428, 653, 1973, 
1378, 3, 5, 1, 1, 1, 1, 1, 1, 3, 1, 1, 100, 100, 100, 100, 100, 
100, 100, 100, 100, 100, 100, 2500, 2500, 2500, 2500, 2500, 2500, 
2500, 2500, 2500, 2500, 2500, 7908.884, 8206.176, 8406.489, 8946.83299999999, 
9178.364, 9357.383, 9596.80900000001, 9647.00599999999, 10047.87, 
10179.561, 10568.611, 1, 1, 1, 1, 1, 1, 1, 1, 1, 1, 1, 0.08333, 
0.08333, 0.08333, 0.08333, 0.08333, 0.08333, 0.08333, 0.08333, 
0.08333, 0.08333, 0.08333, 0, 0, 0, 0, 0, 0, 0, 0, 0, 0, 0, 0, 
0, 0, 0, 0, 0, 0, 0, 0, 0, 0, 0.4686, 0.47478, 0.49073, 0.47659, 
0.52718, 0.51572, 0.52106, 0.51996, 0.51486, 0.528, 0.51984, 
0.48804, 0.46823, 0.4968, 0.49645, 0.51044, 0.51815, 0.5193, 
0.52936, 0.52107, 0.50971, 0.5449, 0.044, 0.0499, 0.0569, 0.0606, 
0.0679, 0.0756, 0.0803, 0.0953, 0.1009, 0.1084, 0.1173, 206, 
224.5, 243.7, 263.5, 280.6, 299.2, 317.2, 336.3, 357.3, 374, 
394.6, 1, 1, 1, 1, 1, 1, 1, 1, 1, 1, 1, 1, 1, 1, 1, 1, 1, 1, 
1, 1, 1, 1, 1, 1, 1, 1, 1, 1, 1, 1, 1, 1, 1, 1, 1, 1, 1, 1, 1, 
1, 1, 1, 1, 1, 3.052, 3.185, 3.269, 3.366, 3.41, 3.458, 3.285, 
3.585, 3.577, 3.615, 3.629), .Dim = c(11L, 40L), .Dimnames = list(
    NULL, c("Sampling", "PSO.cost", "PSO.gamma", "PSO.data.balancing", 
    "PSO.feature.selection", "PSO.valid.acc", "PSO.test.acc", 
    "PSO.train.time", "PSO.n.support.vectors", "PSO.index", "PSO.n.solutions", 
    "PSO.generations", "PSO.n.evaluations", "PSO.cpu.time", "RS.cost", 
    "RS.gamma", "RS.data.balancing", "RS.feature.selection", 
    "RS.valid.acc", "RS.test.acc", "RS.train.time", "RS.n.support.vectors", 
    "RS.index", "RS.n.solutions", "RS.generations", "RS.n.evaluations", 
    "RS.cpu.time", "DF.cost", "DF.gamma", "DF.data.balancing", 
    "DF.feature.selection", "DF.valid.acc", "DF.test.acc", "DF.train.time", 
    "DF.n.support.vectors", "DF.index", "DF.n.solutions", "DF.generations", 
    "DF.n.evaluations", "DF.cpu.time")))
