full <-
structure(c(50, 55, 60, 65, 70, 75, 80, 85, 90, 95, 100, 6.69223, 
9.94084, 10.72022, 14.20384, 7.64353, 9.51589, 6.29099, 13.06529, 
1.15823, 10.74946, 14.97097, -10.52149, -13.24316, -15, -15, 
-12.1462, -11.08536, -9.52327, -14.77325, -6.51084, -15, -14.74129, 
0, 0, 0, 0, 0, 0, 0, 0, 0, 0, 0, 0, 0, 0, 0, 0, 0, 0, 0, 0, 0, 
0, 0.55251, 0.54389, 0.54963, 0.55297, 0.55644, 0.56187, 0.56221, 
0.57866, 0.53989, 0.56866, 0.58847, 0.54128, 0.52267, 0.54055, 
0.52935, 0.55711, 0.56227, 0.54746, 0.56471, 0.5335, 0.55865, 
0.58092, 0.0557, 0.0677, 0.056, 0.1081, 0.0834, 0.1142, 0.1007, 
0.1277, 0.0988, 0.114, 0.1911, 197.9, 220.2, 239.4, 248.3, 275.8, 
280.4, 298.7, 320.7, 355.4, 366.9, 368.8, 153, 153, 103, 393, 
624, 769, 1793, 1716, 1687, 78, 529, 267, 238, 115, 40, 22, 106, 
19, 1, 16, 199, 1, 100, 100, 100, 100, 100, 100, 100, 100, 100, 
100, 100, 2500, 2500, 2500, 2500, 2500, 2500, 2500, 2500, 2500, 
2500, 2500, 8062.622, 8283.706, 8112.318, 8993.067, 8719.68700000001, 
9327.18000000001, 9634.467, 10042.129, 9728.652, 9712.212, 11008.29, 
9.76361, 11.33429, 10.59632, 12.75066, 8.7937, 9.60151, 6.16102, 
12.87196, 1.1429, 10.33585, 11.60212, -13.37852, -14.81272, -14.93151, 
-14.62736, -13.19785, -11.18438, -9.29975, -14.75972, -6.31213, 
-14.59413, -13.29058, 0, 0, 0, 0, 0, 0, 0, 0, 0, 0, 0, 0, 0, 
0, 0, 0, 0, 0, 0, 0, 0, 0, 0.55251, 0.54389, 0.54963, 0.55264, 
0.55397, 0.55937, 0.55977, 0.57386, 0.53985, 0.56866, 0.58295, 
0.54128, 0.52636, 0.54055, 0.53238, 0.55177, 0.55489, 0.54746, 
0.55587, 0.53989, 0.55665, 0.5828, 0.0565, 0.0576, 0.0544, 0.0855, 
0.0784, 0.1142, 0.0999, 0.1296, 0.0971, 0.114, 0.1751, 200, 220.8, 
240.4, 252, 275.8, 281.4, 298.2, 320.3, 353.7, 366.6, 378.4, 
153, 623, 435, 521, 631, 2239, 671, 726, 588, 31, 414, 9, 2, 
6, 5, 1, 2, 1, 1, 1, 5, 1, 100, 100, 100, 100, 100, 100, 100, 
100, 100, 100, 100, 2500, 2500, 2500, 2500, 2500, 2500, 2500, 
2500, 2500, 2500, 2500, 8132.709, 8274.015, 8496.028, 8757.79900000001, 
8855.02600000001, 8991.515, 9656.03700000001, 9998.63999999998, 
10061.648, 10411.716, 10747.623, 1, 1, 1, 1, 1, 1, 1, 1, 1, 1, 
1, 0.08333, 0.08333, 0.08333, 0.08333, 0.08333, 0.08333, 0.08333, 
0.08333, 0.08333, 0.08333, 0.08333, 0, 0, 0, 0, 0, 0, 0, 0, 0, 
0, 0, 0, 0, 0, 0, 0, 0, 0, 0, 0, 0, 0, 0.45737, 0.47582, 0.52523, 
0.4826, 0.53208, 0.51166, 0.52614, 0.5198, 0.5144, 0.53673, 0.5353, 
0.47277, 0.47938, 0.50002, 0.48806, 0.52097, 0.50929, 0.52557, 
0.53076, 0.51218, 0.52265, 0.55048, 0.0445, 0.0504, 0.0559, 0.0616, 
0.0705, 0.0777, 0.0849, 0.0941, 0.0978, 0.1104, 0.121, 206.7, 
227, 245.8, 264.7, 282.2, 301.2, 318.7, 336.3, 355.1, 373, 393.8, 
1, 1, 1, 1, 1, 1, 1, 1, 1, 1, 1, 1, 1, 1, 1, 1, 1, 1, 1, 1, 1, 
1, 1, 1, 1, 1, 1, 1, 1, 1, 1, 1, 1, 1, 1, 1, 1, 1, 1, 1, 1, 1, 
1, 1, 3.11, 3.092, 3.22, 3.329, 3.306, 3.515, 3.505, 3.615, 3.516, 
3.721, 3.933), .Dim = c(11L, 40L), .Dimnames = list(NULL, c("Sampling", 
"PSO.cost", "PSO.gamma", "PSO.data.balancing", "PSO.feature.selection", 
"PSO.valid.acc", "PSO.test.acc", "PSO.train.time", "PSO.n.support.vectors", 
"PSO.index", "PSO.n.solutions", "PSO.generations", "PSO.n.evaluations", 
"PSO.cpu.time", "RS.cost", "RS.gamma", "RS.data.balancing", "RS.feature.selection", 
"RS.valid.acc", "RS.test.acc", "RS.train.time", "RS.n.support.vectors", 
"RS.index", "RS.n.solutions", "RS.generations", "RS.n.evaluations", 
"RS.cpu.time", "DF.cost", "DF.gamma", "DF.data.balancing", "DF.feature.selection", 
"DF.valid.acc", "DF.test.acc", "DF.train.time", "DF.n.support.vectors", 
"DF.index", "DF.n.solutions", "DF.generations", "DF.n.evaluations", 
"DF.cpu.time")))
