full <-
structure(c(50, 55, 60, 65, 70, 75, 80, 85, 90, 95, 100, 6.12443, 
3.30428, 2.92355, 4.09392, 3.49327, 4.88185, 7.70813, 3.66209, 
3.04454, 3.71422, 3.84989, -7.13732, -7.24942, -6.53472, -6.7983, 
-7.3322, -8.15821, -8.83252, -6.36125, -6.64374, -7.9104, -6.91422, 
0, 0, 0, 0, 0, 0, 0, 0, 0, 0, 0, 0, 0, 0, 0, 0, 0, 0, 0, 0, 0, 
0, 0.59299, 0.59249, 0.60429, 0.59098, 0.58483, 0.57096, 0.57057, 
0.58728, 0.56337, 0.5823, 0.56348, 0.57045, 0.587, 0.58845, 0.56719, 
0.55666, 0.55101, 0.53545, 0.56246, 0.56554, 0.55413, 0.56566, 
0.0516, 0.0513, 0.0582, 0.0634, 0.0696, 0.0832, 0.1048, 0.0936, 
0.1002, 0.1144, 0.1239, 189.2, 211, 229.3, 246, 271.2, 285.7, 
298.8, 319.4, 338.8, 360.2, 373, 53, 780, 443, 795, 928, 270, 
1201, 752, 1580, 2384, 1160, 53, 170, 220, 41, 66, 213, 44, 89, 
7, 1, 48, 100, 100, 100, 100, 100, 100, 100, 100, 100, 100, 100, 
2500, 2500, 2500, 2500, 2500, 2500, 2500, 2500, 2500, 2500, 2500, 
8131.758, 8109.265, 8114.787, 8431.902, 8567.106, 9102.709, 9281.99799999999, 
9116.60800000001, 10334.724, 9918.81200000001, 11157.671, 10.82918, 
4.50599, 2.88573, 4.43224, 3.51856, 4.203, 8.08509, 3.71821, 
2.87764, 3.67161, 11.21099, -14.56424, -8.56865, -6.23156, -7.09249, 
-7.35779, -7.24223, -9.26944, -6.29739, -6.53861, -7.72514, -10.05056, 
0, 0, 0, 0, 0, 0, 0, 0, 0, 0, 0, 0, 0, 0, 0, 0, 0, 0, 0, 0, 0, 
0, 0.59086, 0.58569, 0.59794, 0.58526, 0.5822, 0.5684, 0.56587, 
0.5806, 0.56337, 0.5803, 0.56139, 0.58986, 0.59067, 0.58855, 
0.57013, 0.55666, 0.55378, 0.53312, 0.56236, 0.56546, 0.56417, 
0.55593, 0.0479, 0.0539, 0.0573, 0.0642, 0.0709, 0.081, 0.1088, 
0.0957, 0.1017, 0.1134, 0.1923, 194.9, 210.5, 228.2, 245.8, 271.1, 
285.3, 298.9, 319.1, 339.6, 359.3, 368.9, 91, 842, 145, 2007, 
1702, 1745, 841, 2459, 505, 1227, 183, 9, 1, 2, 1, 1, 1, 1, 1, 
1, 1, 1, 100, 100, 100, 100, 100, 100, 100, 100, 100, 100, 100, 
2500, 2500, 2500, 2500, 2500, 2500, 2500, 2500, 2500, 2500, 2500, 
8021.096, 8345.731, 8552.246, 8684.02, 8880.32800000001, 9155.12300000001, 
9781.53899999999, 9848.367, 10338.308, 10741.373, 11043.018, 
1, 1, 1, 1, 1, 1, 1, 1, 1, 1, 1, 0.08333, 0.08333, 0.08333, 0.08333, 
0.08333, 0.08333, 0.08333, 0.08333, 0.08333, 0.08333, 0.08333, 
0, 0, 0, 0, 0, 0, 0, 0, 0, 0, 0, 0, 0, 0, 0, 0, 0, 0, 0, 0, 0, 
0, 0.53026, 0.53371, 0.55738, 0.53759, 0.56013, 0.52512, 0.54227, 
0.5582, 0.52524, 0.54585, 0.52766, 0.52654, 0.54373, 0.57906, 
0.5582, 0.53006, 0.53057, 0.52111, 0.54461, 0.53824, 0.53997, 
0.54487, 0.0446, 0.052, 0.0581, 0.0595, 0.0694, 0.0771, 0.0882, 
0.095, 0.1029, 0.1176, 0.118, 201.3, 221.4, 240.9, 257.9, 279.7, 
298.2, 317.8, 337.2, 354.8, 374.3, 393.1, 1, 1, 1, 1, 1, 1, 1, 
1, 1, 1, 1, 1, 1, 1, 1, 1, 1, 1, 1, 1, 1, 1, 1, 1, 1, 1, 1, 1, 
1, 1, 1, 1, 1, 1, 1, 1, 1, 1, 1, 1, 1, 1, 1, 1, 3.095, 3.205, 
3.291, 3.256, 3.322, 3.438, 3.624, 3.656, 3.637, 3.892, 3.719
), .Dim = c(11L, 40L), .Dimnames = list(NULL, c("Sampling", "PSO.cost", 
"PSO.gamma", "PSO.data.balancing", "PSO.feature.selection", "PSO.valid.acc", 
"PSO.test.acc", "PSO.train.time", "PSO.n.support.vectors", "PSO.index", 
"PSO.n.solutions", "PSO.generations", "PSO.n.evaluations", "PSO.cpu.time", 
"RS.cost", "RS.gamma", "RS.data.balancing", "RS.feature.selection", 
"RS.valid.acc", "RS.test.acc", "RS.train.time", "RS.n.support.vectors", 
"RS.index", "RS.n.solutions", "RS.generations", "RS.n.evaluations", 
"RS.cpu.time", "DF.cost", "DF.gamma", "DF.data.balancing", "DF.feature.selection", 
"DF.valid.acc", "DF.test.acc", "DF.train.time", "DF.n.support.vectors", 
"DF.index", "DF.n.solutions", "DF.generations", "DF.n.evaluations", 
"DF.cpu.time")))
