full <-
structure(c(50, 55, 60, 65, 70, 75, 80, 85, 90, 95, 100, 1.85487, 
2.8358, 5.28128, 13.71803, 12.85361, 2.30172, 4.94475, 8.2857, 
8.40156, 10.50044, 12.12222, -5.4109, -5.82235, -7.32221, -13.08971, 
-14.3666, -7.02502, -7.95821, -8.53057, -10.81551, -9.89441, 
-10.76448, 0, 0, 0, 0, 0, 0, 0, 0, 0, 0, 0, 0, 0, 0, 0, 0, 0, 
0, 0, 0, 0, 0, 0.61389, 0.61388, 0.62311, 0.57427, 0.60028, 0.5811, 
0.59332, 0.59381, 0.57595, 0.57096, 0.57041, 0.61845, 0.61709, 
0.62986, 0.56523, 0.57063, 0.57373, 0.56873, 0.55992, 0.55539, 
0.54457, 0.55361, 0.0393, 0.0463, 0.0609, 0.1151, 0.082, 0.0691, 
0.0848, 0.1061, 0.1338, 0.1621, 0.1993, 193, 210.8, 222.4, 245.2, 
262.2, 291.2, 295.7, 308.8, 336.3, 347.6, 366.4, 1132, 1569, 
1195, 797, 477, 1163, 942, 1102, 1636, 1915, 164, 56, 23, 26, 
34, 18, 35, 29, 28, 15, 1, 83, 100, 100, 100, 100, 100, 100, 
100, 100, 100, 100, 100, 2500, 2500, 2500, 2500, 2500, 2500, 
2500, 2500, 2500, 2500, 2500, 7201.736, 6930.274, 7240.585, 8599.625, 
8086.592, 7631.83, 8023.673, 9088.894, 9069.817, 9543.774, 11174.733, 
1.96405, 1.70551, 3.13128, 14.36431, 13.06459, 1.30559, 5.0654, 
6.93135, 6.56872, 14.87119, 3.08356, -5.34257, -5.19829, -5.46935, 
-13.26345, -14.5859, -6.69776, -7.9192, -7.74575, -8.89379, -12.09504, 
-6.26354, 0, 0, 0, 0, 0, 0, 0, 0, 0, 0, 0, 0, 0, 0, 0, 0, 0, 
0, 0, 0, 0, 0, 0.60605, 0.60709, 0.62282, 0.56871, 0.59772, 0.5761, 
0.59305, 0.58936, 0.57391, 0.57296, 0.5728, 0.62203, 0.60293, 
0.61716, 0.56229, 0.57063, 0.5611, 0.571, 0.56224, 0.55544, 0.53836, 
0.5592, 0.0428, 0.0495, 0.0531, 0.1199, 0.0884, 0.0672, 0.0847, 
0.0977, 0.1202, 0.3079, 0.1123, 193.1, 213.5, 227.7, 245, 262.1, 
295, 295.6, 310.2, 334, 353.5, 376.3, 669, 716, 114, 1067, 1816, 
437, 931, 1361, 2353, 879, 988, 1, 1, 1, 2, 2, 2, 1, 1, 1, 1, 
1, 100, 100, 100, 100, 100, 100, 100, 100, 100, 100, 100, 2500, 
2500, 2500, 2500, 2500, 2500, 2500, 2500, 2500, 2500, 2500, 6897.098, 
7167.815, 7364.754, 7677.841, 7972.632, 8220.186, 8690.93799999999, 
8909.402, 9382.038, 9773.64199999999, 10019.236, 1, 1, 1, 1, 
1, 1, 1, 1, 1, 1, 1, 0.08333, 0.08333, 0.08333, 0.08333, 0.08333, 
0.08333, 0.08333, 0.08333, 0.08333, 0.08333, 0.08333, 0, 0, 0, 
0, 0, 0, 0, 0, 0, 0, 0, 0, 0, 0, 0, 0, 0, 0, 0, 0, 0, 0, 0.5573, 
0.56569, 0.5977, 0.52417, 0.55082, 0.53032, 0.54491, 0.56012, 
0.54684, 0.54027, 0.54431, 0.56444, 0.55808, 0.58843, 0.54116, 
0.52083, 0.52045, 0.56652, 0.56239, 0.54475, 0.53232, 0.53822, 
0.0414, 0.0483, 0.0555, 0.0608, 0.066, 0.0761, 0.0844, 0.0937, 
0.1047, 0.1038, 0.1142, 200.5, 221.5, 240.2, 258.3, 278.5, 296.9, 
313.1, 333, 354.4, 371.9, 393.2, 1, 1, 1, 1, 1, 1, 1, 1, 1, 1, 
1, 1, 1, 1, 1, 1, 1, 1, 1, 1, 1, 1, 1, 1, 1, 1, 1, 1, 1, 1, 1, 
1, 1, 1, 1, 1, 1, 1, 1, 1, 1, 1, 1, 1, 2.672, 2.847, 2.955, 3.024, 
2.937, 3.11, 3.249, 3.403, 3.515, 3.354, 3.467), .Dim = c(11L, 
40L), .Dimnames = list(NULL, c("Sampling", "PSO.cost", "PSO.gamma", 
"PSO.data.balancing", "PSO.feature.selection", "PSO.valid.acc", 
"PSO.test.acc", "PSO.train.time", "PSO.n.support.vectors", "PSO.index", 
"PSO.n.solutions", "PSO.generations", "PSO.n.evaluations", "PSO.cpu.time", 
"RS.cost", "RS.gamma", "RS.data.balancing", "RS.feature.selection", 
"RS.valid.acc", "RS.test.acc", "RS.train.time", "RS.n.support.vectors", 
"RS.index", "RS.n.solutions", "RS.generations", "RS.n.evaluations", 
"RS.cpu.time", "DF.cost", "DF.gamma", "DF.data.balancing", "DF.feature.selection", 
"DF.valid.acc", "DF.test.acc", "DF.train.time", "DF.n.support.vectors", 
"DF.index", "DF.n.solutions", "DF.generations", "DF.n.evaluations", 
"DF.cpu.time")))
