full <-
structure(c(50, 55, 60, 65, 70, 75, 80, 85, 90, 95, 100, 3.98933, 
5.21858, 7.00067, 9.27685, 12.66436, 3.78689, 4.91358, 13.64806, 
7.4005, 11.03653, 12.56476, -5.58202, -4.98936, -7.41919, -10.07861, 
-12.49979, -7.31747, -6.34494, -14.67663, -8.61298, -9.97315, 
-15, 0, 0, 0, 0, 0, 0, 0, 0, 0, 0, 0, 0, 0, 0, 0, 0, 0, 0, 0, 
0, 0, 0, 0.57346, 0.5695, 0.58805, 0.57626, 0.60061, 0.58902, 
0.58069, 0.58601, 0.58684, 0.60432, 0.579, 0.54274, 0.49378, 
0.5472, 0.54206, 0.55663, 0.57369, 0.54983, 0.55197, 0.56773, 
0.56811, 0.56004, 0.0456, 0.0536, 0.0646, 0.082, 0.1172, 0.0773, 
0.0827, 0.1107, 0.1176, 0.1732, 0.1428, 193.8, 211.2, 226.4, 
243.7, 264.4, 283.9, 295, 314.6, 332.1, 348, 374.7, 860, 2243, 
949, 644, 1419, 1395, 1377, 86, 1375, 223, 2476, 161, 2, 54, 
155, 60, 33, 39, 74, 38, 146, 1, 100, 100, 100, 100, 100, 100, 
100, 100, 100, 100, 100, 2500, 2500, 2500, 2500, 2500, 2500, 
2500, 2500, 2500, 2500, 2500, 7481.296, 7155.873, 7649.052, 7962.129, 
8551.672, 8822.90299999999, 8258.111, 9176.8, 9152.56000000001, 
10812.278, 10003.579, 4.06423, 6.50113, 6.00514, 9.61859, 12.3272, 
3.24385, 11.52716, 12.24841, 7.67743, 12.59682, 11.89953, -5.65854, 
-5.53849, -6.60218, -10.2383, -12.27721, -7.01577, -9.43322, 
-13.30839, -8.60239, -10.83073, -14.29572, 0, 0, 0, 0, 0, 0, 
0, 0, 0, 0, 0, 0, 0, 0, 0, 0, 0, 0, 0, 0, 0, 0, 0.56961, 0.55593, 
0.58524, 0.57626, 0.5952, 0.59152, 0.5761, 0.58384, 0.58471, 
0.6024, 0.58081, 0.53904, 0.47987, 0.55326, 0.53642, 0.55925, 
0.56863, 0.55692, 0.55202, 0.56986, 0.56823, 0.56004, 0.0436, 
0.0556, 0.0602, 0.0854, 0.1158, 0.0734, 0.1425, 0.1385, 0.123, 
0.208, 0.1552, 193.6, 207.5, 227.3, 244, 264.1, 285.4, 290.6, 
318.9, 332.2, 350.1, 381, 1825, 563, 808, 1246, 2378, 762, 613, 
108, 186, 9, 380, 1, 1, 1, 1, 1, 1, 1, 1, 2, 2, 1, 100, 100, 
100, 100, 100, 100, 100, 100, 100, 100, 100, 2500, 2500, 2500, 
2500, 2500, 2500, 2500, 2500, 2500, 2500, 2500, 7271.132, 7703.836, 
7883.965, 7694.089, 7895.85900000001, 8380.68799999999, 8693.236, 
9012.932, 9409.39999999999, 10204.713, 10491.605, 1, 1, 1, 1, 
1, 1, 1, 1, 1, 1, 1, 0.08333, 0.08333, 0.08333, 0.08333, 0.08333, 
0.08333, 0.08333, 0.08333, 0.08333, 0.08333, 0.08333, 0, 0, 0, 
0, 0, 0, 0, 0, 0, 0, 0, 0, 0, 0, 0, 0, 0, 0, 0, 0, 0, 0, 0.48156, 
0.4759, 0.50371, 0.5117, 0.51636, 0.53528, 0.54034, 0.53823, 
0.52897, 0.52997, 0.55805, 0.47833, 0.46887, 0.51614, 0.49698, 
0.52433, 0.5354, 0.52129, 0.53863, 0.52932, 0.53602, 0.54523, 
0.0413, 0.0505, 0.0548, 0.0579, 0.0651, 0.0735, 0.0797, 0.0874, 
0.0971, 0.1099, 0.121, 205.2, 223.4, 244, 262.4, 279.6, 297.7, 
315.1, 333.7, 352.9, 371.5, 393.9, 1, 1, 1, 1, 1, 1, 1, 1, 1, 
1, 1, 1, 1, 1, 1, 1, 1, 1, 1, 1, 1, 1, 1, 1, 1, 1, 1, 1, 1, 1, 
1, 1, 1, 1, 1, 1, 1, 1, 1, 1, 1, 1, 1, 1, 2.686, 2.987, 3.027, 
2.794, 2.922, 3.052, 3.097, 3.146, 3.302, 3.646, 3.755), .Dim = c(11L, 
40L), .Dimnames = list(NULL, c("Sampling", "PSO.cost", "PSO.gamma", 
"PSO.data.balancing", "PSO.feature.selection", "PSO.valid.acc", 
"PSO.test.acc", "PSO.train.time", "PSO.n.support.vectors", "PSO.index", 
"PSO.n.solutions", "PSO.generations", "PSO.n.evaluations", "PSO.cpu.time", 
"RS.cost", "RS.gamma", "RS.data.balancing", "RS.feature.selection", 
"RS.valid.acc", "RS.test.acc", "RS.train.time", "RS.n.support.vectors", 
"RS.index", "RS.n.solutions", "RS.generations", "RS.n.evaluations", 
"RS.cpu.time", "DF.cost", "DF.gamma", "DF.data.balancing", "DF.feature.selection", 
"DF.valid.acc", "DF.test.acc", "DF.train.time", "DF.n.support.vectors", 
"DF.index", "DF.n.solutions", "DF.generations", "DF.n.evaluations", 
"DF.cpu.time")))
