full <-
structure(c(50, 55, 60, 65, 70, 75, 80, 85, 90, 95, 100, 4.01047, 
4.8606, 4.52307, 5.39491, 6.34605, 2.4241, 2.16634, 2.73641, 
2.70536, 4.05644, 2.69534, -6.69293, -5.60429, -5.59416, -6.34865, 
-6.34741, -6.07886, -5.42791, -6.18739, -4.45092, -7.27375, -3.79896, 
0, 0, 0, 0, 0, 0, 0, 0, 0, 0, 0, 0, 0, 0, 0, 0, 0, 0, 0, 0, 0, 
0, 0.88015, 0.88956, 0.89875, 0.88755, 0.89855, 0.89509, 0.89815, 
0.89627, 0.89477, 0.89231, 0.89346, 0.86288, 0.8775, 0.87172, 
0.88755, 0.8904, 0.88878, 0.88861, 0.87507, 0.88839, 0.88833, 
0.8868, 0.0961, 0.111, 0.1268, 0.1403, 0.1589, 0.1845, 0.2136, 
0.2262, 0.2871, 0.2627, 0.379, 153.2, 159, 171.1, 176.9, 177.6, 
235.5, 265.9, 266.9, 331.8, 280.4, 413.8, 836, 1014, 1033, 657, 
479, 592, 1425, 2366, 1599, 537, 2383, 96, 146, 100, 42, 373, 
122, 10, 5, 10, 289, 2, 100, 100, 100, 100, 100, 100, 100, 100, 
100, 100, 100, 2500, 2500, 2500, 2500, 2500, 2500, 2500, 2500, 
2500, 2500, 2500, 9726.376, 10099.623, 10742.242, 11465.114, 
11540.222, 12329.924, 12930.868, 13527.015, 14874.585, 14364.776, 
16793.948, 2.05878, 1.75594, 4.67412, 5.15804, 6.89476, 5.09012, 
6.45924, 2.75467, 3.31881, 4.97388, 3.88819, -5.78636, -5.60456, 
-5.53971, -6.13161, -6.56431, -6.17858, -7.2239, -5.29648, -5.14143, 
-7.62088, -5.12226, 0, 0, 0, 0, 0, 0, 0, 0, 0, 0, 0, 0, 0, 0, 
0, 0, 0, 0, 0, 0, 0, 0, 0.87631, 0.88772, 0.89717, 0.88753, 0.89448, 
0.89257, 0.89689, 0.89404, 0.89267, 0.8923, 0.89064, 0.86669, 
0.886, 0.87015, 0.88171, 0.89309, 0.89008, 0.88623, 0.88286, 
0.88522, 0.88335, 0.88869, 0.1066, 0.122, 0.127, 0.1431, 0.1604, 
0.174, 0.1955, 0.2332, 0.2649, 0.2644, 0.3048, 183.1, 198, 171.2, 
178.5, 173.3, 200.1, 205.3, 279, 294.4, 272.9, 315.6, 568, 1734, 
1783, 1544, 1002, 428, 1666, 1748, 772, 1319, 963, 1, 1, 1, 1, 
2, 1, 1, 1, 1, 1, 1, 100, 100, 100, 100, 100, 100, 100, 100, 
100, 100, 100, 2500, 2500, 2500, 2500, 2500, 2500, 2500, 2500, 
2500, 2500, 2500, 10791.794, 11470.685, 12383.445, 13134.671, 
13527.02, 14687.664, 15534.714, 16647.664, 17510.773, 18756.46, 
19997.186, 1, 1, 1, 1, 1, 1, 1, 1, 1, 1, 1, 0.02439, 0.02439, 
0.02439, 0.02439, 0.02439, 0.02439, 0.02439, 0.02439, 0.02439, 
0.02439, 0.02439, 0, 0, 0, 0, 0, 0, 0, 0, 0, 0, 0, 0, 0, 0, 0, 
0, 0, 0, 0, 0, 0, 0, 0.86491, 0.86528, 0.86854, 0.87001, 0.88089, 
0.88371, 0.88631, 0.87286, 0.8768, 0.87531, 0.8773, 0.86107, 
0.88079, 0.86688, 0.87299, 0.88509, 0.87995, 0.88867, 0.87958, 
0.88203, 0.87336, 0.87824, 0.1171, 0.1398, 0.1512, 0.1712, 0.1876, 
0.2114, 0.2342, 0.2567, 0.2867, 0.3095, 0.3379, 218.6, 229.9, 
247.5, 264.4, 279, 295, 312.6, 332.1, 351.2, 367, 383.7, 1, 1, 
1, 1, 1, 1, 1, 1, 1, 1, 1, 1, 1, 1, 1, 1, 1, 1, 1, 1, 1, 1, 1, 
1, 1, 1, 1, 1, 1, 1, 1, 1, 1, 1, 1, 1, 1, 1, 1, 1, 1, 1, 1, 1, 
4.043, 4.476, 4.524, 4.664, 4.853, 5.037, 5.306, 5.477, 5.744, 
6.103, 6.228), .Dim = c(11L, 40L), .Dimnames = list(NULL, c("Sampling", 
"PSO.cost", "PSO.gamma", "PSO.data.balancing", "PSO.feature.selection", 
"PSO.valid.acc", "PSO.test.acc", "PSO.train.time", "PSO.n.support.vectors", 
"PSO.index", "PSO.n.solutions", "PSO.generations", "PSO.n.evaluations", 
"PSO.cpu.time", "RS.cost", "RS.gamma", "RS.data.balancing", "RS.feature.selection", 
"RS.valid.acc", "RS.test.acc", "RS.train.time", "RS.n.support.vectors", 
"RS.index", "RS.n.solutions", "RS.generations", "RS.n.evaluations", 
"RS.cpu.time", "DF.cost", "DF.gamma", "DF.data.balancing", "DF.feature.selection", 
"DF.valid.acc", "DF.test.acc", "DF.train.time", "DF.n.support.vectors", 
"DF.index", "DF.n.solutions", "DF.generations", "DF.n.evaluations", 
"DF.cpu.time")))
