full <-
structure(c(50, 55, 60, 65, 70, 75, 80, 85, 90, 95, 100, 0.53551, 
6.92797, 3.40678, 7.42723, 12.80673, 4.57399, 4.21248, 3.20316, 
3.2771, 3.5375, 3.72879, -5.12737, -8.19297, -6.20993, -12.07917, 
-13.13204, -7.12322, -5.8884, -5.93784, -6.21234, -5.38615, -5.25275, 
0, 0, 0, 0, 0, 0, 0, 0, 0, 0, 0, 0, 0, 0, 0, 0, 0, 0, 0, 0, 0, 
0, 0.87825, 0.89107, 0.88476, 0.88471, 0.88212, 0.89108, 0.89566, 
0.8897, 0.8895, 0.89035, 0.89745, 0.86875, 0.87189, 0.87368, 
0.87312, 0.87534, 0.87472, 0.88028, 0.87966, 0.87684, 0.88136, 
0.886, 0.1185, 0.1136, 0.1344, 0.1498, 0.1819, 0.1839, 0.2043, 
0.2332, 0.2572, 0.2724, 0.3125, 217.3, 151.3, 187.6, 215.7, 184.9, 
216.4, 236.8, 268.2, 275.3, 289.8, 310, 1591, 434, 1918, 1514, 
119, 983, 695, 686, 998, 455, 915, 23, 59, 5, 21, 324, 50, 636, 
185, 115, 399, 13, 100, 100, 100, 100, 100, 100, 100, 100, 100, 
100, 100, 2500, 2500, 2500, 2500, 2500, 2500, 2500, 2500, 2500, 
2500, 2500, 10630.358, 11024.22, 11088.937, 11800.917, 12673.044, 
13204.405, 13852.158, 15137.966, 16134.541, 16420.753, 16990.523, 
3.9066, 8.22368, 4.70621, 10.50129, 13.01643, 5.35539, 3.9047, 
3.42988, 2.22766, 3.10204, 4.22734, -9.49477, -8.80101, -6.84903, 
-14.57642, -13.29766, -7.44221, -5.67779, -6.11434, -4.47483, 
-5.13273, -5.48063, 0, 0, 0, 0, 0, 0, 0, 0, 0, 0, 0, 0, 0, 0, 
0, 0, 0, 0, 0, 0, 0, 0, 0.87433, 0.88931, 0.88008, 0.88179, 0.88212, 
0.88857, 0.89448, 0.88968, 0.88746, 0.88736, 0.89553, 0.86675, 
0.86675, 0.87211, 0.87455, 0.87534, 0.87475, 0.87909, 0.87855, 
0.87577, 0.88237, 0.88885, 0.1092, 0.1241, 0.1295, 0.1517, 0.1876, 
0.1941, 0.2013, 0.2332, 0.2936, 0.2939, 0.2971, 190.7, 150, 174.9, 
205.2, 184.8, 210.8, 243.6, 263.6, 339.8, 305.6, 295.9, 1198, 
650, 833, 1116, 864, 188, 1851, 101, 381, 1527, 1931, 1, 1, 1, 
5, 1, 2, 1, 1, 1, 1, 1, 100, 100, 100, 100, 100, 100, 100, 100, 
100, 100, 100, 2500, 2500, 2500, 2500, 2500, 2500, 2500, 2500, 
2500, 2500, 2500, 11298.866, 12135.524, 12721.484, 13800.758, 
14830.101, 15935.027, 16612.528, 18005.58, 19039, 20303.592, 
20778.759, 1, 1, 1, 1, 1, 1, 1, 1, 1, 1, 1, 0.02439, 0.02439, 
0.02439, 0.02439, 0.02439, 0.02439, 0.02439, 0.02439, 0.02439, 
0.02439, 0.02439, 0, 0, 0, 0, 0, 0, 0, 0, 0, 0, 0, 0, 0, 0, 0, 
0, 0, 0, 0, 0, 0, 0, 0.86875, 0.86859, 0.86244, 0.8686, 0.87529, 
0.86955, 0.87441, 0.87413, 0.87472, 0.87533, 0.87942, 0.86693, 
0.86862, 0.86405, 0.87301, 0.8699, 0.87589, 0.86611, 0.8719, 
0.87577, 0.88334, 0.88041, 0.1194, 0.1342, 0.1518, 0.1719, 0.196, 
0.2204, 0.2409, 0.2679, 0.2966, 0.3186, 0.3448, 216.8, 233.4, 
250.8, 270, 286.2, 302.9, 317.2, 339, 352.2, 367.8, 384.2, 1, 
1, 1, 1, 1, 1, 1, 1, 1, 1, 1, 1, 1, 1, 1, 1, 1, 1, 1, 1, 1, 1, 
1, 1, 1, 1, 1, 1, 1, 1, 1, 1, 1, 1, 1, 1, 1, 1, 1, 1, 1, 1, 1, 
1, 4.321, 4.405, 4.728, 4.977, 5.386, 5.52, 5.819, 5.947, 6.484, 
6.61, 6.927), .Dim = c(11L, 40L), .Dimnames = list(NULL, c("Sampling", 
"PSO.cost", "PSO.gamma", "PSO.data.balancing", "PSO.feature.selection", 
"PSO.valid.acc", "PSO.test.acc", "PSO.train.time", "PSO.n.support.vectors", 
"PSO.index", "PSO.n.solutions", "PSO.generations", "PSO.n.evaluations", 
"PSO.cpu.time", "RS.cost", "RS.gamma", "RS.data.balancing", "RS.feature.selection", 
"RS.valid.acc", "RS.test.acc", "RS.train.time", "RS.n.support.vectors", 
"RS.index", "RS.n.solutions", "RS.generations", "RS.n.evaluations", 
"RS.cpu.time", "DF.cost", "DF.gamma", "DF.data.balancing", "DF.feature.selection", 
"DF.valid.acc", "DF.test.acc", "DF.train.time", "DF.n.support.vectors", 
"DF.index", "DF.n.solutions", "DF.generations", "DF.n.evaluations", 
"DF.cpu.time")))
