full <-
structure(c(50, 55, 60, 65, 70, 75, 80, 85, 90, 95, 100, 11.36609, 
0.79174, 1.57245, 2.00544, 2.90618, 3.98417, 2.37085, 2.18516, 
4.51037, 1.85178, 3.1516, -15, -4.35839, -4.76466, -4.55693, 
-5.37719, -5.81125, -5.00685, -6.15733, -5.6057, -4.1638, -5.38145, 
0, 0, 0, 0, 0, 0, 0, 0, 0, 0, 0, 0, 0, 0, 0, 0, 0, 0, 0, 0, 0, 
0, 0.87275, 0.89289, 0.88613, 0.89778, 0.87814, 0.88493, 0.88741, 
0.88397, 0.87781, 0.89234, 0.89348, 0.86517, 0.88424, 0.88928, 
0.87594, 0.87538, 0.88366, 0.87782, 0.87507, 0.87044, 0.89337, 
0.88583, 0.1043, 0.1476, 0.1532, 0.1744, 0.1722, 0.187, 0.2253, 
0.2497, 0.282, 0.3594, 0.328, 157.7, 252.5, 239.9, 260.8, 235.5, 
233.5, 286.2, 284.7, 276.8, 384.1, 318.2, 1891, 244, 389, 2041, 
1116, 444, 889, 25, 559, 320, 894, 14, 140, 783, 1, 30, 152, 
402, 64, 30, 303, 188, 100, 100, 100, 100, 100, 100, 100, 100, 
100, 100, 100, 2500, 2500, 2500, 2500, 2500, 2500, 2500, 2500, 
2500, 2500, 2500, 10775.993, 11416.2, 11290.755, 12044.73, 12048.654, 
12318.061, 13305.077, 16508.667, 17905.273, 19527.334, 19816.781, 
0.69965, 1.04381, 1.44516, 1.85524, 3.56432, 3.22831, 2.76736, 
2.36, 4.34582, 1.77565, 3.66504, -4.68036, -3.88908, -4.88066, 
-4.48463, -4.5678, -5.37682, -5.28765, -4.5039, -5.5975, -4.19478, 
-5.67942, 0, 0, 0, 0, 0, 0, 0, 0, 0, 0, 0, 0, 0, 0, 0, 0, 0, 
0, 0, 0, 0, 0, 0.87101, 0.89113, 0.88613, 0.89341, 0.87812, 0.88368, 
0.88502, 0.88401, 0.87572, 0.89034, 0.89253, 0.85954, 0.88599, 
0.8893, 0.87447, 0.8754, 0.88496, 0.87785, 0.87727, 0.8715, 0.89239, 
0.88678, 0.122, 0.1502, 0.1532, 0.1753, 0.1851, 0.1949, 0.2246, 
0.2837, 0.2772, 0.3432, 0.316, 226.5, 274.7, 239.4, 265, 255.3, 
248.9, 269.9, 326.1, 280.4, 384.2, 302.5, 845, 1697, 80, 1394, 
1558, 2084, 1228, 1163, 1513, 326, 1103, 1, 1, 1, 1, 1, 1, 1, 
1, 1, 1, 1, 100, 100, 100, 100, 100, 100, 100, 100, 100, 100, 
100, 2500, 2500, 2500, 2500, 2500, 2500, 2500, 2500, 2500, 2500, 
2500, 11279.49, 11817.837, 12504.457, 12933.361, 13595.819, 14658.965, 
18508.117, 19986.732, 21080.356, 22215.573, 23796.966, 1, 1, 
1, 1, 1, 1, 1, 1, 1, 1, 1, 0.02439, 0.02439, 0.02439, 0.02439, 
0.02439, 0.02439, 0.02439, 0.02439, 0.02439, 0.02439, 0.02439, 
0, 0, 0, 0, 0, 0, 0, 0, 0, 0, 0, 0, 0, 0, 0, 0, 0, 0, 0, 0, 0, 
0, 0.86724, 0.87891, 0.87502, 0.88312, 0.86459, 0.86459, 0.86963, 
0.87172, 0.87042, 0.87249, 0.8726, 0.85773, 0.87041, 0.87026, 
0.86999, 0.87403, 0.86716, 0.86962, 0.86609, 0.86936, 0.8744, 
0.87637, 0.1202, 0.1356, 0.1535, 0.1719, 0.1904, 0.2179, 0.2512, 
0.2819, 0.3065, 0.3515, 0.3625, 220.4, 237.2, 252.2, 269, 289.1, 
308.4, 321.9, 338.9, 359.3, 374.7, 382.6, 1, 1, 1, 1, 1, 1, 1, 
1, 1, 1, 1, 1, 1, 1, 1, 1, 1, 1, 1, 1, 1, 1, 1, 1, 1, 1, 1, 1, 
1, 1, 1, 1, 1, 1, 1, 1, 1, 1, 1, 1, 1, 1, 1, 1, 4.185, 4.211, 
4.601, 4.567, 4.807, 5.036, 6.433, 6.975, 7.086, 8.147, 8.068
), .Dim = c(11L, 40L), .Dimnames = list(NULL, c("Sampling", "PSO.cost", 
"PSO.gamma", "PSO.data.balancing", "PSO.feature.selection", "PSO.valid.acc", 
"PSO.test.acc", "PSO.train.time", "PSO.n.support.vectors", "PSO.index", 
"PSO.n.solutions", "PSO.generations", "PSO.n.evaluations", "PSO.cpu.time", 
"RS.cost", "RS.gamma", "RS.data.balancing", "RS.feature.selection", 
"RS.valid.acc", "RS.test.acc", "RS.train.time", "RS.n.support.vectors", 
"RS.index", "RS.n.solutions", "RS.generations", "RS.n.evaluations", 
"RS.cpu.time", "DF.cost", "DF.gamma", "DF.data.balancing", "DF.feature.selection", 
"DF.valid.acc", "DF.test.acc", "DF.train.time", "DF.n.support.vectors", 
"DF.index", "DF.n.solutions", "DF.generations", "DF.n.evaluations", 
"DF.cpu.time")))
