full <-
structure(c(50, 55, 60, 65, 70, 75, 80, 85, 90, 95, 100, -1.57693, 
1.42603, 0.62664, 4.24726, 1.48665, 5.652, 0.21367, 4.90037, 
1.53151, 3.38545, 1.54594, -4.62891, -2.81525, -3.43448, -7.15655, 
-3.41014, -5.52206, -4.75367, -5.45868, -5.7108, -4.02669, -5.46214, 
0, 0, 0, 0, 0, 0, 0, 0, 0, 0, 0, 0, 0, 0, 0, 0, 0, 0, 0, 0, 0, 
0, 0.86911, 0.88248, 0.87495, 0.87446, 0.87801, 0.88236, 0.88381, 
0.89076, 0.88215, 0.89034, 0.87934, 0.85187, 0.85822, 0.87336, 
0.86417, 0.87262, 0.8683, 0.87791, 0.87625, 0.87689, 0.87946, 
0.88025, 0.1349, 0.196, 0.191, 0.1421, 0.2462, 0.1865, 0.2472, 
0.2329, 0.2714, 0.34, 0.3149, 263, 337.6, 323.6, 199.8, 363.7, 
209.1, 330, 249.2, 310.3, 373.6, 342.8, 2489, 712, 443, 1102, 
846, 134, 744, 815, 630, 1026, 2061, 1, 455, 173, 112, 136, 468, 
229, 257, 488, 93, 6, 100, 100, 100, 100, 100, 100, 100, 100, 
100, 100, 100, 2500, 2500, 2500, 2500, 2500, 2500, 2500, 2500, 
2500, 2500, 2500, 11876.74, 13064.135, 13028.158, 11774.697, 
13599.389, 12811.186, 14090.6, 13649.705, 15231.658, 16663.225, 
17598.736, -1.68251, 0.88175, 9.98863, 6.12545, 1.23892, 5.66764, 
0.15522, 5.04356, 1.49276, 3.02356, 1.65242, -4.55188, -2.7872, 
-10.03053, -7.97981, -3.39663, -5.57769, -4.4183, -5.4461, -5.699, 
-4.00625, -5.50703, 0, 0, 0, 0, 0, 0, 0, 0, 0, 0, 0, 0, 0, 0, 
0, 0, 0, 0, 0, 0, 0, 0, 0.86719, 0.879, 0.87173, 0.87154, 0.87397, 
0.88236, 0.88262, 0.88635, 0.88005, 0.88636, 0.87744, 0.85568, 
0.8685, 0.85429, 0.87295, 0.87671, 0.86705, 0.87672, 0.87736, 
0.87689, 0.87847, 0.88121, 0.1308, 0.1928, 0.1431, 0.1451, 0.2405, 
0.1846, 0.2567, 0.2323, 0.2598, 0.3462, 0.3191, 268.7, 343.4, 
161.9, 188.9, 367.9, 208.6, 344, 247.4, 311.4, 381.2, 338.6, 
397, 922, 117, 2305, 307, 1539, 699, 1362, 1294, 2218, 1486, 
1, 3, 2, 1, 1, 1, 2, 1, 1, 1, 1, 100, 100, 100, 100, 100, 100, 
100, 100, 100, 100, 100, 2500, 2500, 2500, 2500, 2500, 2500, 
2500, 2500, 2500, 2500, 2500, 11994.745, 12740.546, 13072.765, 
13686.306, 14634.749, 15098.121, 15712.115, 16970.545, 17808.187, 
19401.321, 20389.092, 1, 1, 1, 1, 1, 1, 1, 1, 1, 1, 1, 0.02439, 
0.02439, 0.02439, 0.02439, 0.02439, 0.02439, 0.02439, 0.02439, 
0.02439, 0.02439, 0.02439, 0, 0, 0, 0, 0, 0, 0, 0, 0, 0, 0, 0, 
0, 0, 0, 0, 0, 0, 0, 0, 0, 0, 0.86334, 0.85293, 0.84953, 0.86129, 
0.85779, 0.86728, 0.87555, 0.87739, 0.87483, 0.88241, 0.87074, 
0.86128, 0.85468, 0.85427, 0.86122, 0.86453, 0.87225, 0.87555, 
0.86732, 0.87902, 0.87346, 0.87358, 0.1166, 0.136, 0.1543, 0.1752, 
0.1956, 0.212, 0.2391, 0.2707, 0.2843, 0.3209, 0.3446, 217.3, 
233.4, 253.4, 271.7, 288.5, 299.2, 317, 337.9, 352.8, 373.5, 
386.2, 1, 1, 1, 1, 1, 1, 1, 1, 1, 1, 1, 1, 1, 1, 1, 1, 1, 1, 
1, 1, 1, 1, 1, 1, 1, 1, 1, 1, 1, 1, 1, 1, 1, 1, 1, 1, 1, 1, 1, 
1, 1, 1, 1, 1, 4.512, 4.709, 4.747, 4.882, 5.259, 5.084, 5.494, 
5.807, 6.068, 6.41, 6.731), .Dim = c(11L, 40L), .Dimnames = list(
    NULL, c("Sampling", "PSO.cost", "PSO.gamma", "PSO.data.balancing", 
    "PSO.feature.selection", "PSO.valid.acc", "PSO.test.acc", 
    "PSO.train.time", "PSO.n.support.vectors", "PSO.index", "PSO.n.solutions", 
    "PSO.generations", "PSO.n.evaluations", "PSO.cpu.time", "RS.cost", 
    "RS.gamma", "RS.data.balancing", "RS.feature.selection", 
    "RS.valid.acc", "RS.test.acc", "RS.train.time", "RS.n.support.vectors", 
    "RS.index", "RS.n.solutions", "RS.generations", "RS.n.evaluations", 
    "RS.cpu.time", "DF.cost", "DF.gamma", "DF.data.balancing", 
    "DF.feature.selection", "DF.valid.acc", "DF.test.acc", "DF.train.time", 
    "DF.n.support.vectors", "DF.index", "DF.n.solutions", "DF.generations", 
    "DF.n.evaluations", "DF.cpu.time")))
