full <-
structure(c(50, 55, 60, 65, 70, 75, 80, 85, 90, 95, 100, 1.13292, 
0.92873, 0.30293, 1.50226, 1.04967, 9.69024, 0.63127, 2.24484, 
0.37598, 4.40578, 3.9937, -2.96612, -3.27057, -3.83295, -3.112, 
-3.64136, -13.46735, -4.18917, -5.90154, -3.69944, -5.48586, 
-5.88345, 0, 0, 0, 0, 0, 0, 0, 0, 0, 0, 0, 0, 0, 0, 0, 0, 0, 
0, 0, 0, 0, 0, 0.88973, 0.88956, 0.87501, 0.87737, 0.88627, 0.87992, 
0.88517, 0.88184, 0.88528, 0.88934, 0.88877, 0.8803, 0.87229, 
0.87015, 0.87291, 0.87266, 0.86728, 0.88157, 0.8718, 0.88526, 
0.88036, 0.88309, 0.1598, 0.18, 0.1827, 0.2414, 0.2327, 0.1822, 
0.2682, 0.2409, 0.3418, 0.2908, 0.2949, 306.1, 309, 307.4, 367.1, 
353, 224.2, 347.2, 285.7, 424.3, 285.3, 298.1, 517, 2154, 539, 
743, 2247, 387, 1307, 1214, 2062, 1996, 334, 521, 7, 398, 398, 
9, 124, 118, 232, 3, 4, 383, 100, 100, 100, 100, 100, 100, 100, 
100, 100, 100, 100, 2500, 2500, 2500, 2500, 2500, 2500, 2500, 
2500, 2500, 2500, 2500, 11474.415, 11661.588, 12407.116, 13709.027, 
13468.343, 11880.023, 17326.531, 15819.365, 17631.769, 17713.768, 
15558.555, 1.74712, 0.78729, 0.17154, 0.62448, 1.26573, 9.75564, 
1.98344, 1.16481, 0.11725, 3.84044, 3.93499, -3.01066, -3.13945, 
-3.87378, -2.83739, -3.55977, -13.54006, -6.09983, -3.75295, 
-3.64281, -5.25173, -5.86181, 0, 0, 0, 0, 0, 0, 0, 0, 0, 0, 0, 
0, 0, 0, 0, 0, 0, 0, 0, 0, 0, 0, 0.88592, 0.88267, 0.87342, 0.87592, 
0.88227, 0.87866, 0.8816, 0.87848, 0.88213, 0.88733, 0.88877, 
0.87279, 0.87229, 0.87015, 0.87003, 0.87001, 0.86728, 0.87688, 
0.8807, 0.88211, 0.87937, 0.88309, 0.1558, 0.1867, 0.1793, 0.2566, 
0.1435, 0.1843, 0.2214, 0.3136, 0.3398, 0.298, 0.2955, 299.4, 
320.6, 307.2, 400, 355.3, 224.2, 266.2, 386.3, 430.9, 302.9, 
298.7, 2325, 2174, 203, 802, 1366, 1627, 570, 1566, 2010, 294, 
157, 1, 1, 4, 1, 1, 5, 1, 2, 2, 1, 1, 100, 100, 100, 100, 100, 
100, 100, 100, 100, 100, 100, 2500, 2500, 2500, 2500, 2500, 2500, 
2500, 2500, 2500, 2500, 2500, 10475.338, 12003.603, 12777.284, 
13158.594, 13284.479, 14884.265, 19617.462, 20829.458, 18101.284, 
22783.997, 20057.698, 1, 1, 1, 1, 1, 1, 1, 1, 1, 1, 1, 0.02439, 
0.02439, 0.02439, 0.02439, 0.02439, 0.02439, 0.02439, 0.02439, 
0.02439, 0.02439, 0.02439, 0, 0, 0, 0, 0, 0, 0, 0, 0, 0, 0, 0, 
0, 0, 0, 0, 0, 0, 0, 0, 0, 0, 0.85555, 0.8585, 0.86221, 0.86856, 
0.86039, 0.87108, 0.87571, 0.86845, 0.87154, 0.87735, 0.87834, 
0.85552, 0.86195, 0.8606, 0.86417, 0.8645, 0.86603, 0.87094, 
0.86512, 0.86736, 0.87436, 0.87836, 0.1188, 0.1397, 0.1565, 0.1788, 
0.1984, 0.2186, 0.2535, 0.2805, 0.2926, 0.312, 0.3381, 220.3, 
240.6, 259.9, 278.6, 294.8, 305.9, 320.1, 339.3, 358.9, 372, 
383.8, 1, 1, 1, 1, 1, 1, 1, 1, 1, 1, 1, 1, 1, 1, 1, 1, 1, 1, 
1, 1, 1, 1, 1, 1, 1, 1, 1, 1, 1, 1, 1, 1, 1, 1, 1, 1, 1, 1, 1, 
1, 1, 1, 1, 1, 4.192, 4.512, 4.586, 4.836, 5.076, 5.309, 6.875, 
7.616, 6.081, 6.26, 6.605), .Dim = c(11L, 40L), .Dimnames = list(
    NULL, c("Sampling", "PSO.cost", "PSO.gamma", "PSO.data.balancing", 
    "PSO.feature.selection", "PSO.valid.acc", "PSO.test.acc", 
    "PSO.train.time", "PSO.n.support.vectors", "PSO.index", "PSO.n.solutions", 
    "PSO.generations", "PSO.n.evaluations", "PSO.cpu.time", "RS.cost", 
    "RS.gamma", "RS.data.balancing", "RS.feature.selection", 
    "RS.valid.acc", "RS.test.acc", "RS.train.time", "RS.n.support.vectors", 
    "RS.index", "RS.n.solutions", "RS.generations", "RS.n.evaluations", 
    "RS.cpu.time", "DF.cost", "DF.gamma", "DF.data.balancing", 
    "DF.feature.selection", "DF.valid.acc", "DF.test.acc", "DF.train.time", 
    "DF.n.support.vectors", "DF.index", "DF.n.solutions", "DF.generations", 
    "DF.n.evaluations", "DF.cpu.time")))
