full <-
structure(c(50, 55, 60, 65, 70, 75, 80, 85, 90, 95, 100, 11.80688, 
15, 1.98024, 5.71699, 1.20947, 5.20713, 5.56368, 5.43076, 4.64413, 
2.84933, 3.71277, -12.30709, -13.02265, -5.69982, -8.61295, -4.41169, 
-5.58014, -5.9923, -5.34428, -5.0708, -5.54664, -5.87431, 0, 
0, 0, 0, 0, 0, 0, 0, 0, 0, 0, 0, 0, 0, 0, 0, 0, 0, 0, 0, 0, 0, 
0.88012, 0.88596, 0.88614, 0.88907, 0.8888, 0.89256, 0.89699, 
0.8852, 0.88622, 0.88839, 0.89162, 0.87642, 0.87562, 0.87994, 
0.88024, 0.87934, 0.87114, 0.88276, 0.87742, 0.87782, 0.88334, 
0.87255, 0.1114, 0.1978, 0.1443, 0.1463, 0.2083, 0.2009, 0.2108, 
0.2555, 0.271, 0.2964, 0.3027, 135.3, 139.3, 216.4, 188.1, 294.6, 
229.4, 226.5, 262.7, 287.2, 308.2, 301, 452, 916, 2099, 877, 
940, 448, 818, 1541, 616, 543, 1080, 361, 1, 5, 73, 96, 287, 
131, 51, 333, 231, 47, 100, 100, 100, 100, 100, 100, 100, 100, 
100, 100, 100, 2500, 2500, 2500, 2500, 2500, 2500, 2500, 2500, 
2500, 2500, 2500, 10795.951, 12199.606, 12186.656, 11763.233, 
13231.033, 13342.848, 13361.608, 14133.534, 15086.48, 15338.223, 
15820.871, 11.9178, 12.09645, -0.28248, 5.27638, 1.96096, 5.18495, 
5.31583, 4.84569, 4.24272, 2.94076, 2.91137, -12.33753, -11.89832, 
-4.4342, -8.24039, -5.1756, -5.51471, -5.92383, -5.72772, -5.39397, 
-5.48162, -5.42819, 0, 0, 0, 0, 0, 0, 0, 0, 0, 0, 0, 0, 0, 0, 
0, 0, 0, 0, 0, 0, 0, 0, 0.88012, 0.88427, 0.88452, 0.88619, 0.88745, 
0.89003, 0.89345, 0.88405, 0.88516, 0.88639, 0.88971, 0.87453, 
0.87389, 0.87195, 0.88024, 0.88206, 0.86859, 0.88394, 0.86734, 
0.88416, 0.88036, 0.87446, 0.1092, 0.1397, 0.1752, 0.1455, 0.1835, 
0.2041, 0.2123, 0.2382, 0.2717, 0.2957, 0.3049, 134, 143.6, 284.6, 
189.7, 256.7, 232.7, 229.8, 256.5, 277.8, 308.9, 322.9, 1308, 
1790, 1569, 698, 835, 205, 81, 1831, 354, 1843, 1690, 2, 1, 1, 
2, 2, 1, 1, 1, 1, 1, 1, 100, 100, 100, 100, 100, 100, 100, 100, 
100, 100, 100, 2500, 2500, 2500, 2500, 2500, 2500, 2500, 2500, 
2500, 2500, 2500, 11620.623, 12466.014, 13268.208, 13883.736, 
14734.843, 15399.672, 16031.746, 17324.639, 18551.878, 19386.371, 
20126.65, 1, 1, 1, 1, 1, 1, 1, 1, 1, 1, 1, 0.02439, 0.02439, 
0.02439, 0.02439, 0.02439, 0.02439, 0.02439, 0.02439, 0.02439, 
0.02439, 0.02439, 0, 0, 0, 0, 0, 0, 0, 0, 0, 0, 0, 0, 0, 0, 0, 
0, 0, 0, 0, 0, 0, 0, 0.85149, 0.87226, 0.87984, 0.86858, 0.86849, 
0.86857, 0.8721, 0.86614, 0.87148, 0.87536, 0.8783, 0.86495, 
0.88091, 0.872, 0.86854, 0.86581, 0.86607, 0.86732, 0.87056, 
0.87146, 0.87437, 0.87826, 0.1215, 0.1384, 0.1605, 0.1702, 0.1951, 
0.2241, 0.2401, 0.2646, 0.2923, 0.3227, 0.3455, 220.4, 234.6, 
257.8, 273, 291.7, 310.5, 324.3, 343.1, 357.2, 371.5, 385.6, 
1, 1, 1, 1, 1, 1, 1, 1, 1, 1, 1, 1, 1, 1, 1, 1, 1, 1, 1, 1, 1, 
1, 1, 1, 1, 1, 1, 1, 1, 1, 1, 1, 1, 1, 1, 1, 1, 1, 1, 1, 1, 1, 
1, 1, 4.531, 4.54, 4.791, 4.931, 5.218, 5.472, 5.487, 5.759, 
6.215, 6.285, 6.767), .Dim = c(11L, 40L), .Dimnames = list(NULL, 
    c("Sampling", "PSO.cost", "PSO.gamma", "PSO.data.balancing", 
    "PSO.feature.selection", "PSO.valid.acc", "PSO.test.acc", 
    "PSO.train.time", "PSO.n.support.vectors", "PSO.index", "PSO.n.solutions", 
    "PSO.generations", "PSO.n.evaluations", "PSO.cpu.time", "RS.cost", 
    "RS.gamma", "RS.data.balancing", "RS.feature.selection", 
    "RS.valid.acc", "RS.test.acc", "RS.train.time", "RS.n.support.vectors", 
    "RS.index", "RS.n.solutions", "RS.generations", "RS.n.evaluations", 
    "RS.cpu.time", "DF.cost", "DF.gamma", "DF.data.balancing", 
    "DF.feature.selection", "DF.valid.acc", "DF.test.acc", "DF.train.time", 
    "DF.n.support.vectors", "DF.index", "DF.n.solutions", "DF.generations", 
    "DF.n.evaluations", "DF.cpu.time")))
