full <-
structure(c(50, 55, 60, 65, 70, 75, 80, 85, 90, 95, 100, 2.24071, 
6.51664, 12.54408, 5.34438, 3.86499, 3.67411, 4.17091, 2.69099, 
11.30083, 1.81644, 4.58264, -6.07719, -7.18466, -12.08385, -9.05893, 
-7.14637, -7.28356, -5.8756, -7.28045, -8.82024, -4.2624, -5.98671, 
0, 0, 0, 0, 0, 0, 0, 0, 0, 0, 0, 0, 0, 0, 0, 0, 0, 0, 0, 0, 0, 
0, 0.88589, 0.88607, 0.89392, 0.88467, 0.89839, 0.89633, 0.88859, 
0.88521, 0.88632, 0.88928, 0.88886, 0.87261, 0.87391, 0.87973, 
0.87591, 0.88351, 0.88877, 0.87797, 0.88519, 0.88, 0.87734, 0.88599, 
0.1004, 0.1123, 0.1532, 0.1419, 0.1567, 0.1797, 0.2012, 0.2253, 
0.3768, 0.3342, 0.2873, 166.8, 148.4, 153.8, 195.8, 205.9, 228.2, 
240.9, 272.9, 216.1, 376.5, 283.2, 451, 97, 308, 1149, 168, 179, 
709, 673, 384, 1779, 746, 187, 229, 334, 136, 458, 85, 44, 225, 
25, 66, 170, 100, 100, 100, 100, 100, 100, 100, 100, 100, 100, 
100, 2500, 2500, 2500, 2500, 2500, 2500, 2500, 2500, 2500, 2500, 
2500, 10072.657, 10284.822, 11289.724, 11056.986, 11553.583, 
12649.457, 13885.941, 13466.826, 15899.676, 16464.287, 15796.692, 
2.17797, 6.56311, 12.52822, 6.49096, 4.12567, 2.80666, 4.32355, 
3.20688, 5.49714, 1.81911, 4.43721, -6.11459, -7.21054, -11.95674, 
-9.84011, -7.25092, -6.90142, -6.01642, -7.3725, -5.99503, -4.45703, 
-5.89554, 0, 0, 0, 0, 0, 0, 0, 0, 0, 0, 0, 0, 0, 0, 0, 0, 0, 
0, 0, 0, 0, 0, 0.88396, 0.88607, 0.89392, 0.88175, 0.89706, 0.89633, 
0.88739, 0.88408, 0.88421, 0.88629, 0.88696, 0.87261, 0.87391, 
0.88129, 0.87593, 0.8808, 0.88877, 0.87678, 0.8774, 0.88, 0.87235, 
0.88409, 0.0987, 0.1111, 0.1595, 0.1372, 0.1572, 0.1855, 0.2017, 
0.2249, 0.2394, 0.3182, 0.2862, 167.4, 148.3, 154.7, 189.8, 204.7, 
238.1, 236.4, 265.2, 245.8, 365.5, 285.5, 1946, 131, 110, 1996, 
2314, 2417, 681, 118, 108, 1212, 497, 1, 1, 1, 1, 1, 1, 1, 7, 
6, 2, 1, 100, 100, 100, 100, 100, 100, 100, 100, 100, 100, 100, 
2500, 2500, 2500, 2500, 2500, 2500, 2500, 2500, 2500, 2500, 2500, 
10903.933, 11605.146, 12259.102, 12941.012, 13855.044, 15068.511, 
15783.408, 16728.973, 17879.306, 19022.75, 20313.171, 1, 1, 1, 
1, 1, 1, 1, 1, 1, 1, 1, 0.02439, 0.02439, 0.02439, 0.02439, 0.02439, 
0.02439, 0.02439, 0.02439, 0.02439, 0.02439, 0.02439, 0, 0, 0, 
0, 0, 0, 0, 0, 0, 0, 0, 0, 0, 0, 0, 0, 0, 0, 0, 0, 0, 0, 0.87438, 
0.86005, 0.86552, 0.8745, 0.87129, 0.87991, 0.88269, 0.87296, 
0.87368, 0.87435, 0.86795, 0.86491, 0.86865, 0.86237, 0.87011, 
0.87397, 0.88119, 0.87681, 0.87853, 0.87474, 0.87334, 0.87271, 
0.1153, 0.1328, 0.1462, 0.1662, 0.1892, 0.2123, 0.2327, 0.2585, 
0.2808, 0.3066, 0.3484, 211, 228.5, 245.7, 263.9, 277.6, 300.1, 
317.1, 334.9, 351, 369.1, 382, 1, 1, 1, 1, 1, 1, 1, 1, 1, 1, 
1, 1, 1, 1, 1, 1, 1, 1, 1, 1, 1, 1, 1, 1, 1, 1, 1, 1, 1, 1, 1, 
1, 1, 1, 1, 1, 1, 1, 1, 1, 1, 1, 1, 1, 4.126, 4.269, 4.368, 4.664, 
4.867, 5.239, 5.468, 5.747, 5.965, 6.368, 6.858), .Dim = c(11L, 
40L), .Dimnames = list(NULL, c("Sampling", "PSO.cost", "PSO.gamma", 
"PSO.data.balancing", "PSO.feature.selection", "PSO.valid.acc", 
"PSO.test.acc", "PSO.train.time", "PSO.n.support.vectors", "PSO.index", 
"PSO.n.solutions", "PSO.generations", "PSO.n.evaluations", "PSO.cpu.time", 
"RS.cost", "RS.gamma", "RS.data.balancing", "RS.feature.selection", 
"RS.valid.acc", "RS.test.acc", "RS.train.time", "RS.n.support.vectors", 
"RS.index", "RS.n.solutions", "RS.generations", "RS.n.evaluations", 
"RS.cpu.time", "DF.cost", "DF.gamma", "DF.data.balancing", "DF.feature.selection", 
"DF.valid.acc", "DF.test.acc", "DF.train.time", "DF.n.support.vectors", 
"DF.index", "DF.n.solutions", "DF.generations", "DF.n.evaluations", 
"DF.cpu.time")))
