full <-
structure(c(50, 55, 60, 65, 70, 75, 80, 85, 90, 95, 100, -0.48709, 
3.64676, 3.0988, 4.30803, 4.32061, 7.27296, 6.342, 3.57254, 5.44255, 
5.09906, 1.85191, -4.974, -6.21074, -5.82164, -5.69341, -5.29548, 
-5.80013, -6.08665, -3.69012, -5.71932, -5.95502, -4.20084, 0, 
0, 0, 0, 0, 0, 0, 0, 0, 0, 0, 0, 0, 0, 0, 0, 0, 0, 0, 0, 0, 0, 
0.87268, 0.86192, 0.87507, 0.86869, 0.8739, 0.87604, 0.88871, 
0.8819, 0.89158, 0.88939, 0.88781, 0.8594, 0.85662, 0.86716, 
0.85697, 0.87388, 0.87471, 0.87571, 0.87738, 0.87794, 0.87738, 
0.88112, 0.1205, 0.1231, 0.137, 0.1493, 0.1698, 0.2025, 0.2056, 
0.286, 0.2457, 0.2623, 0.3409, 237.9, 184.6, 206.1, 207.1, 230.1, 
196.8, 214, 367.2, 256.7, 267.3, 396.4, 1099, 36, 996, 1322, 
898, 772, 560, 2084, 739, 507, 1124, 13, 144, 29, 63, 145, 154, 
188, 3, 25, 107, 329, 100, 100, 100, 100, 100, 100, 100, 100, 
100, 100, 100, 2500, 2500, 2500, 2500, 2500, 2500, 2500, 2500, 
2500, 2500, 2500, 10797.175, 10413.175, 11368.573, 12039.546, 
11883.853, 13328.786, 12836.047, 15046.457, 14088.656, 14268.22, 
16106.24, 1.02705, 0.85143, 3.13732, 0.23501, 4.26595, 7.37904, 
6.94509, 3.57263, 2.78572, 5.08429, 4.44894, -4.35263, -6.57884, 
-5.8385, -4.69544, -5.30741, -5.75731, -6.48115, -3.69345, -4.27408, 
-5.96174, -5.65095, 0, 0, 0, 0, 0, 0, 0, 0, 0, 0, 0, 0, 0, 0, 
0, 0, 0, 0, 0, 0, 0, 0, 0.86901, 0.86195, 0.87351, 0.86856, 0.87253, 
0.87476, 0.88634, 0.8819, 0.89057, 0.8884, 0.88494, 0.86705, 
0.85499, 0.86716, 0.85842, 0.87386, 0.87219, 0.87213, 0.87738, 
0.88002, 0.87639, 0.87354, 0.1191, 0.1256, 0.1376, 0.1684, 0.1758, 
0.1957, 0.2082, 0.2818, 0.2841, 0.2606, 0.2808, 229.6, 219.6, 
205.3, 283.5, 230.6, 195, 206.7, 366.9, 349.1, 267, 291.7, 1072, 
1024, 1964, 400, 241, 2100, 1797, 757, 2236, 898, 350, 1, 1, 
1, 1, 1, 1, 2, 1, 1, 1, 1, 100, 100, 100, 100, 100, 100, 100, 
100, 100, 100, 100, 2500, 2500, 2500, 2500, 2500, 2500, 2500, 
2500, 2500, 2500, 2500, 11130.332, 11821.504, 12689.211, 13255.564, 
13667.427, 15633.013, 15665.797, 16352.191, 17049.654, 18198.244, 
18921.139, 1, 1, 1, 1, 1, 1, 1, 1, 1, 1, 1, 0.02439, 0.02439, 
0.02439, 0.02439, 0.02439, 0.02439, 0.02439, 0.02439, 0.02439, 
0.02439, 0.02439, 0, 0, 0, 0, 0, 0, 0, 0, 0, 0, 0, 0, 0, 0, 0, 
0, 0, 0, 0, 0, 0, 0, 0.8594, 0.85844, 0.85458, 0.8584, 0.86168, 
0.86101, 0.86977, 0.86518, 0.86952, 0.8704, 0.87356, 0.85566, 
0.85675, 0.85778, 0.86132, 0.85761, 0.86606, 0.86861, 0.86404, 
0.8748, 0.8694, 0.88023, 0.1163, 0.133, 0.1546, 0.1684, 0.1863, 
0.2112, 0.2316, 0.2482, 0.2739, 0.3022, 0.3192, 218.2, 240.4, 
258.6, 271.5, 293, 305, 322.9, 341.2, 359.6, 370.9, 384.9, 1, 
1, 1, 1, 1, 1, 1, 1, 1, 1, 1, 1, 1, 1, 1, 1, 1, 1, 1, 1, 1, 1, 
1, 1, 1, 1, 1, 1, 1, 1, 1, 1, 1, 1, 1, 1, 1, 1, 1, 1, 1, 1, 1, 
1, 4.22, 4.378, 4.78, 4.682, 5.064, 5.58, 5.625, 5.399, 5.601, 
6.236, 6.296), .Dim = c(11L, 40L), .Dimnames = list(NULL, c("Sampling", 
"PSO.cost", "PSO.gamma", "PSO.data.balancing", "PSO.feature.selection", 
"PSO.valid.acc", "PSO.test.acc", "PSO.train.time", "PSO.n.support.vectors", 
"PSO.index", "PSO.n.solutions", "PSO.generations", "PSO.n.evaluations", 
"PSO.cpu.time", "RS.cost", "RS.gamma", "RS.data.balancing", "RS.feature.selection", 
"RS.valid.acc", "RS.test.acc", "RS.train.time", "RS.n.support.vectors", 
"RS.index", "RS.n.solutions", "RS.generations", "RS.n.evaluations", 
"RS.cpu.time", "DF.cost", "DF.gamma", "DF.data.balancing", "DF.feature.selection", 
"DF.valid.acc", "DF.test.acc", "DF.train.time", "DF.n.support.vectors", 
"DF.index", "DF.n.solutions", "DF.generations", "DF.n.evaluations", 
"DF.cpu.time")))
