full <-
structure(c(50, 55, 60, 65, 70, 75, 80, 85, 90, 95, 100, 2.46485, 
-0.07809, 4.44467, 0.37699, 3.41421, 0.93463, 7.44791, 1.4683, 
1.84762, 1.16866, 4.7114, -6.04191, -3.7702, -5.53203, -4.73599, 
-6.80129, -4.23628, -9.50245, -4.56064, -4.39472, -5.79356, -5.68853, 
0, 0, 0, 0, 0, 0, 0, 0, 0, 0, 0, 0, 0, 0, 0, 0, 0, 0, 0, 0, 0, 
0, 0.87855, 0.88956, 0.88762, 0.88039, 0.87815, 0.88879, 0.88378, 
0.8885, 0.88635, 0.8913, 0.8907, 0.86698, 0.87564, 0.8718, 0.87022, 
0.86595, 0.88121, 0.87077, 0.88071, 0.87576, 0.8823, 0.88784, 
0.1082, 0.1591, 0.1322, 0.1824, 0.1793, 0.2464, 0.2225, 0.2702, 
0.2939, 0.2879, 0.2925, 176.9, 288.9, 188, 284.2, 230.8, 329.9, 
229.8, 333.2, 349.8, 327.1, 286.4, 616, 1540, 765, 589, 809, 
698, 568, 1624, 273, 1445, 685, 376, 20, 452, 167, 69, 340, 412, 
29, 289, 139, 195, 100, 100, 100, 100, 100, 100, 100, 100, 100, 
100, 100, 2500, 2500, 2500, 2500, 2500, 2500, 2500, 2500, 2500, 
2500, 2500, 9533.099, 10877.989, 10510.966, 11896.355, 14568.458, 
16042.041, 15696.216, 17403.692, 18377.611, 15286.873, 15203.483, 
0.97017, 1.16671, 5.14367, 0.93711, 5.79225, 0.57751, 7.48999, 
1.08861, 2.06237, 1.21376, 2.89333, -5.47494, -3.92222, -5.86727, 
-5.0385, -8.55535, -4.48977, -9.30765, -4.08302, -4.27713, -5.78205, 
-4.66502, 0, 0, 0, 0, 0, 0, 0, 0, 0, 0, 0, 0, 0, 0, 0, 0, 0, 
0, 0, 0, 0, 0, 0.87471, 0.88617, 0.8845, 0.87894, 0.87678, 0.88751, 
0.88258, 0.88628, 0.88422, 0.88931, 0.89067, 0.87844, 0.87567, 
0.87178, 0.87459, 0.86186, 0.88371, 0.87193, 0.87404, 0.8726, 
0.8823, 0.89161, 0.115, 0.1441, 0.1303, 0.1848, 0.1771, 0.243, 
0.2149, 0.2875, 0.312, 0.2873, 0.342, 201.9, 264.2, 181.5, 268.2, 
218.3, 321.6, 228.2, 366.9, 350.8, 325.8, 350.7, 1069, 1845, 
2307, 880, 2485, 2433, 1143, 1064, 509, 853, 628, 1, 1, 1, 1, 
1, 1, 1, 1, 1, 1, 1, 100, 100, 100, 100, 100, 100, 100, 100, 
100, 100, 100, 2500, 2500, 2500, 2500, 2500, 2500, 2500, 2500, 
2500, 2500, 2500, 10483.464, 11097.403, 12151.984, 15681.837, 
16716.825, 17565.056, 18696.47, 19971.593, 19456.438, 18804.161, 
20340.429, 1, 1, 1, 1, 1, 1, 1, 1, 1, 1, 1, 0.02439, 0.02439, 
0.02439, 0.02439, 0.02439, 0.02439, 0.02439, 0.02439, 0.02439, 
0.02439, 0.02439, 0, 0, 0, 0, 0, 0, 0, 0, 0, 0, 0, 0, 0, 0, 0, 
0, 0, 0, 0, 0, 0, 0, 0.8652, 0.86705, 0.86248, 0.8643, 0.86588, 
0.87484, 0.87318, 0.87402, 0.87586, 0.88032, 0.8764, 0.8689, 
0.86012, 0.86086, 0.86432, 0.86866, 0.87109, 0.87197, 0.87512, 
0.87476, 0.87533, 0.88116, 0.1145, 0.1326, 0.1579, 0.1855, 0.2068, 
0.2313, 0.2439, 0.2649, 0.2815, 0.3067, 0.35, 218.5, 235, 257.9, 
274.7, 291.2, 304.9, 320.8, 333.7, 345.4, 363, 383.9, 1, 1, 1, 
1, 1, 1, 1, 1, 1, 1, 1, 1, 1, 1, 1, 1, 1, 1, 1, 1, 1, 1, 1, 1, 
1, 1, 1, 1, 1, 1, 1, 1, 1, 1, 1, 1, 1, 1, 1, 1, 1, 1, 1, 1, 3.82, 
4.083, 4.37, 5.663, 6.107, 6.33, 6.382, 6.707, 5.913, 6.188, 
6.651), .Dim = c(11L, 40L), .Dimnames = list(NULL, c("Sampling", 
"PSO.cost", "PSO.gamma", "PSO.data.balancing", "PSO.feature.selection", 
"PSO.valid.acc", "PSO.test.acc", "PSO.train.time", "PSO.n.support.vectors", 
"PSO.index", "PSO.n.solutions", "PSO.generations", "PSO.n.evaluations", 
"PSO.cpu.time", "RS.cost", "RS.gamma", "RS.data.balancing", "RS.feature.selection", 
"RS.valid.acc", "RS.test.acc", "RS.train.time", "RS.n.support.vectors", 
"RS.index", "RS.n.solutions", "RS.generations", "RS.n.evaluations", 
"RS.cpu.time", "DF.cost", "DF.gamma", "DF.data.balancing", "DF.feature.selection", 
"DF.valid.acc", "DF.test.acc", "DF.train.time", "DF.n.support.vectors", 
"DF.index", "DF.n.solutions", "DF.generations", "DF.n.evaluations", 
"DF.cpu.time")))
