full <-
structure(c(50, 55, 60, 65, 70, 75, 80, 85, 90, 95, 100, 1.06207, 
3.90274, 2.36533, 6.09055, 3.96194, 5.94137, 4.28174, 4.29924, 
4.87022, 3.63314, 3.32205, -4.72832, -5.89657, -4.16092, -6.43996, 
-6.0356, -6.25007, -5.23055, -5.42601, -5.94668, -5.73722, -5.06982, 
0, 0, 0, 0, 0, 0, 0, 0, 0, 0, 0, 0, 0, 0, 0, 0, 0, 0, 0, 0, 0, 
0, 0.89328, 0.89823, 0.89559, 0.88461, 0.89977, 0.89258, 0.89805, 
0.90082, 0.89999, 0.88733, 0.8888, 0.8951, 0.88595, 0.90193, 
0.88176, 0.88346, 0.89133, 0.88855, 0.89632, 0.8884, 0.87835, 
0.8831, 0.1131, 0.115, 0.1548, 0.1422, 0.1609, 0.1793, 0.206, 
0.2226, 0.2314, 0.2714, 0.3024, 207.9, 169.9, 248.8, 178.6, 212.9, 
204.2, 246.3, 250.9, 253.6, 292.1, 326.8, 1405, 480, 177, 719, 
1174, 1261, 1088, 475, 1658, 1021, 797, 30, 80, 431, 176, 85, 
44, 130, 233, 19, 104, 287, 100, 100, 100, 100, 100, 100, 100, 
100, 100, 100, 100, 2500, 2500, 2500, 2500, 2500, 2500, 2500, 
2500, 2500, 2500, 2500, 9982.97, 10565.366, 11372.981, 11445.69, 
11642.141, 12073.946, 13061.133, 13280.956, 13728.073, 15060.17, 
15467.358, 1.33963, 3.66755, 2.38288, 4.97727, 3.27735, 4.83947, 
5.63993, 4.11053, 5.5478, 4.8102, 2.42369, -4.94506, -5.71254, 
-4.04443, -5.87496, -5.6095, -5.69734, -5.39653, -5.3021, -6.27013, 
-5.57373, -6.07682, 0, 0, 0, 0, 0, 0, 0, 0, 0, 0, 0, 0, 0, 0, 
0, 0, 0, 0, 0, 0, 0, 0, 0.89325, 0.89647, 0.894, 0.88463, 0.89435, 
0.89129, 0.89574, 0.8997, 0.89788, 0.8863, 0.885, 0.8951, 0.88595, 
0.89878, 0.87596, 0.88889, 0.88754, 0.88385, 0.89743, 0.88629, 
0.87132, 0.87648, 0.107, 0.1121, 0.1601, 0.1428, 0.1634, 0.1808, 
0.1965, 0.2215, 0.2319, 0.2726, 0.2917, 199.8, 175.4, 256.1, 
192.2, 226.1, 220.4, 227.7, 256.5, 243.1, 275.8, 318.7, 1890, 
314, 88, 323, 263, 847, 2124, 119, 53, 2174, 2300, 1, 2, 2, 1, 
1, 1, 1, 2, 3, 1, 1, 100, 100, 100, 100, 100, 100, 100, 100, 
100, 100, 100, 2500, 2500, 2500, 2500, 2500, 2500, 2500, 2500, 
2500, 2500, 2500, 10960.45, 11573.467, 12285.75, 13433.51, 13376.414, 
14643.582, 15393.029, 16014.003, 17891.057, 18904.094, 19383.858, 
1, 1, 1, 1, 1, 1, 1, 1, 1, 1, 1, 0.02439, 0.02439, 0.02439, 0.02439, 
0.02439, 0.02439, 0.02439, 0.02439, 0.02439, 0.02439, 0.02439, 
0, 0, 0, 0, 0, 0, 0, 0, 0, 0, 0, 0, 0, 0, 0, 0, 0, 0, 0, 0, 0, 
0, 0.86466, 0.87221, 0.87351, 0.87442, 0.87806, 0.86731, 0.87549, 
0.88528, 0.88316, 0.87635, 0.87451, 0.87612, 0.87203, 0.87671, 
0.87445, 0.87397, 0.87995, 0.87428, 0.88861, 0.88317, 0.87233, 
0.87836, 0.1135, 0.1293, 0.1456, 0.1684, 0.1818, 0.2097, 0.2275, 
0.2465, 0.2767, 0.3033, 0.3251, 214.4, 228.6, 242.6, 265.4, 286.3, 
307.7, 320.2, 330.8, 350.2, 370.7, 384.9, 1, 1, 1, 1, 1, 1, 1, 
1, 1, 1, 1, 1, 1, 1, 1, 1, 1, 1, 1, 1, 1, 1, 1, 1, 1, 1, 1, 1, 
1, 1, 1, 1, 1, 1, 1, 1, 1, 1, 1, 1, 1, 1, 1, 1, 4.18, 4.341, 
4.443, 4.811, 4.549, 5.135, 5.267, 5.377, 6.298, 6.295, 6.562
), .Dim = c(11L, 40L), .Dimnames = list(NULL, c("Sampling", "PSO.cost", 
"PSO.gamma", "PSO.data.balancing", "PSO.feature.selection", "PSO.valid.acc", 
"PSO.test.acc", "PSO.train.time", "PSO.n.support.vectors", "PSO.index", 
"PSO.n.solutions", "PSO.generations", "PSO.n.evaluations", "PSO.cpu.time", 
"RS.cost", "RS.gamma", "RS.data.balancing", "RS.feature.selection", 
"RS.valid.acc", "RS.test.acc", "RS.train.time", "RS.n.support.vectors", 
"RS.index", "RS.n.solutions", "RS.generations", "RS.n.evaluations", 
"RS.cpu.time", "DF.cost", "DF.gamma", "DF.data.balancing", "DF.feature.selection", 
"DF.valid.acc", "DF.test.acc", "DF.train.time", "DF.n.support.vectors", 
"DF.index", "DF.n.solutions", "DF.generations", "DF.n.evaluations", 
"DF.cpu.time")))
