full <-
structure(c(50, 55, 60, 65, 70, 75, 80, 85, 90, 95, 100, 9.63783, 
5.45974, 2.9447, 3.94191, 8.85654, 6.63871, 3.33323, 3.91145, 
3.10495, 6.20168, 4.10656, -11.08098, -8.96239, -5.1378, -6.91924, 
-9.37774, -7.60514, -4.6458, -6.40616, -5.24861, -6.38701, -5.98369, 
0, 0, 0, 0, 0, 0, 0, 0, 0, 0, 0, 0, 0, 0, 0, 0, 0, 0, 0, 0, 0, 
0, 0.88781, 0.88058, 0.8828, 0.88031, 0.87689, 0.87491, 0.88639, 
0.88287, 0.89163, 0.88837, 0.89261, 0.88033, 0.87032, 0.87342, 
0.87142, 0.86334, 0.8635, 0.87803, 0.87948, 0.879, 0.87246, 0.88118, 
0.0987, 0.1147, 0.1448, 0.1463, 0.1778, 0.1843, 0.2324, 0.2245, 
0.2634, 0.2834, 0.2892, 142.8, 173.9, 215.5, 202.8, 198.1, 209, 
285.7, 259.3, 297.9, 257.6, 294.8, 704, 1754, 791, 992, 171, 
2316, 726, 764, 1221, 1870, 245, 133, 5, 297, 68, 135, 3, 121, 
153, 6, 30, 381, 100, 100, 100, 100, 100, 100, 100, 100, 100, 
100, 100, 2500, 2500, 2500, 2500, 2500, 2500, 2500, 2500, 2500, 
2500, 2500, 9609.931, 9785.697, 10496.894, 11166.45, 11573.623, 
12229.771, 12928.716, 13023.843, 13936.13, 14533.88, 14855.447, 
9.65684, 8.83914, 4.60164, 3.08308, 13.03987, 6.77185, 2.96481, 
3.92674, 1.15383, 6.60779, 3.72461, -11.12523, -9.74355, -6.0862, 
-6.65711, -12.07463, -7.66804, -4.82501, -6.33452, -3.54045, 
-6.58885, -5.76123, 0, 0, 0, 0, 0, 0, 0, 0, 0, 0, 0, 0, 0, 0, 
0, 0, 0, 0, 0, 0, 0, 0, 0.88592, 0.87546, 0.87801, 0.87882, 0.87558, 
0.87488, 0.88515, 0.88174, 0.89059, 0.88639, 0.89071, 0.88033, 
0.86527, 0.8733, 0.87289, 0.86741, 0.86222, 0.88276, 0.87948, 
0.87796, 0.87346, 0.88593, 0.1027, 0.1166, 0.1284, 0.1474, 0.2252, 
0.1827, 0.2239, 0.2243, 0.3506, 0.2824, 0.3021, 143.1, 149.5, 
178.9, 212, 191.6, 208.8, 282.6, 258.7, 435.7, 253, 301.2, 2436, 
1764, 221, 1473, 1078, 899, 1222, 1248, 1283, 2393, 1512, 1, 
1, 1, 1, 3, 1, 1, 1, 1, 1, 1, 100, 100, 100, 100, 100, 100, 100, 
100, 100, 100, 100, 2500, 2500, 2500, 2500, 2500, 2500, 2500, 
2500, 2500, 2500, 2500, 10560.923, 11124.516, 11940.781, 12684.997, 
13504.619, 14273.439, 15279.759, 16289.191, 17589.835, 18623.608, 
19710.302, 1, 1, 1, 1, 1, 1, 1, 1, 1, 1, 1, 0.02439, 0.02439, 
0.02439, 0.02439, 0.02439, 0.02439, 0.02439, 0.02439, 0.02439, 
0.02439, 0.02439, 0, 0, 0, 0, 0, 0, 0, 0, 0, 0, 0, 0, 0, 0, 0, 
0, 0, 0, 0, 0, 0, 0, 0.85722, 0.86848, 0.8669, 0.86858, 0.86201, 
0.85981, 0.86861, 0.87167, 0.87477, 0.87146, 0.87836, 0.85726, 
0.86509, 0.87186, 0.86415, 0.85395, 0.86597, 0.86983, 0.86942, 
0.87267, 0.88145, 0.8755, 0.12, 0.1369, 0.1577, 0.1738, 0.1975, 
0.2169, 0.2367, 0.2633, 0.2916, 0.3127, 0.3468, 227, 240.7, 261.6, 
275.1, 294.9, 307.8, 321.2, 340.5, 353.8, 368.9, 384.2, 1, 1, 
1, 1, 1, 1, 1, 1, 1, 1, 1, 1, 1, 1, 1, 1, 1, 1, 1, 1, 1, 1, 1, 
1, 1, 1, 1, 1, 1, 1, 1, 1, 1, 1, 1, 1, 1, 1, 1, 1, 1, 1, 1, 1, 
3.972, 4.078, 4.373, 4.493, 4.885, 4.983, 5.099, 5.396, 5.959, 
6.062, 6.591), .Dim = c(11L, 40L), .Dimnames = list(NULL, c("Sampling", 
"PSO.cost", "PSO.gamma", "PSO.data.balancing", "PSO.feature.selection", 
"PSO.valid.acc", "PSO.test.acc", "PSO.train.time", "PSO.n.support.vectors", 
"PSO.index", "PSO.n.solutions", "PSO.generations", "PSO.n.evaluations", 
"PSO.cpu.time", "RS.cost", "RS.gamma", "RS.data.balancing", "RS.feature.selection", 
"RS.valid.acc", "RS.test.acc", "RS.train.time", "RS.n.support.vectors", 
"RS.index", "RS.n.solutions", "RS.generations", "RS.n.evaluations", 
"RS.cpu.time", "DF.cost", "DF.gamma", "DF.data.balancing", "DF.feature.selection", 
"DF.valid.acc", "DF.test.acc", "DF.train.time", "DF.n.support.vectors", 
"DF.index", "DF.n.solutions", "DF.generations", "DF.n.evaluations", 
"DF.cpu.time")))
