full <-
structure(c(50, 55, 60, 65, 70, 75, 80, 85, 90, 95, 100, 3.67355, 
4.28863, 3.29706, 2.26086, 5.00793, 1.62159, 6.04917, 3.75236, 
1.71908, 1.64515, 1.03777, -3.30644, -4.20656, -4.21287, -5.63125, 
-6.18138, -4.24063, -6.18434, -5.45427, -4.55678, -4.3166, -5.75983, 
0, 0, 0, 0, 0, 0, 0, 0, 0, 0, 0, 0, 0, 0, 0, 0, 0, 0, 0, 0, 0, 
0, 0.88581, 0.89289, 0.8989, 0.889, 0.89302, 0.88382, 0.89805, 
0.89626, 0.88624, 0.88841, 0.88688, 0.87061, 0.88258, 0.88461, 
0.8744, 0.88485, 0.87759, 0.87671, 0.89296, 0.87886, 0.87646, 
0.88116, 0.1461, 0.1402, 0.1593, 0.1533, 0.1589, 0.2267, 0.1999, 
0.2279, 0.2951, 0.3254, 0.3251, 263.4, 218.1, 241.8, 217, 194.8, 
314.3, 210.9, 261.4, 343.6, 377.6, 348, 1917, 1359, 803, 576, 
1954, 882, 808, 1360, 1294, 1428, 1919, 18, 26, 325, 31, 27, 
50, 166, 20, 107, 42, 8, 100, 100, 100, 100, 100, 100, 100, 100, 
100, 100, 100, 2500, 2500, 2500, 2500, 2500, 2500, 2500, 2500, 
2500, 2500, 2500, 11334.624, 11609.125, 11693.225, 12560.831, 
11864.225, 13487.667, 12699.476, 13338.54, 15005.501, 16341.282, 
16528.138, 3.65863, 4.69306, 3.52644, 2.59128, 5.23627, 1.22867, 
5.89995, 4.30968, 3.09852, 3.5546, 1.36434, -7.55909, -4.7215, 
-4.28261, -3.58658, -6.34719, -4.41811, -6.17077, -5.62039, -5.27907, 
-4.72577, -6.04039, 0, 0, 0, 0, 0, 0, 0, 0, 0, 0, 0, 0, 0, 0, 
0, 0, 0, 0, 0, 0, 0, 0, 0.88197, 0.89114, 0.8989, 0.88751, 0.89165, 
0.88128, 0.8945, 0.89513, 0.88622, 0.88637, 0.88497, 0.8762, 
0.88255, 0.88149, 0.88316, 0.88485, 0.87884, 0.88027, 0.89073, 
0.87885, 0.87943, 0.88209, 0.096, 0.1241, 0.1564, 0.2089, 0.1562, 
0.2229, 0.2044, 0.2262, 0.2614, 0.3016, 0.3175, 150.2, 181.6, 
235.1, 310.7, 191.4, 308.4, 213.8, 252.7, 294.8, 327.1, 339.3, 
1547, 446, 2427, 1895, 2194, 362, 1537, 1612, 1133, 1417, 1208, 
1, 1, 1, 1, 1, 1, 1, 1, 1, 1, 1, 100, 100, 100, 100, 100, 100, 
100, 100, 100, 100, 100, 2500, 2500, 2500, 2500, 2500, 2500, 
2500, 2500, 2500, 2500, 2500, 11723.776, 12076.211, 12570.842, 
13385.881, 13713.715, 14773.66, 15466.598, 16402.052, 17530.937, 
19256.655, 20825.365, 1, 1, 1, 1, 1, 1, 1, 1, 1, 1, 1, 0.02439, 
0.02439, 0.02439, 0.02439, 0.02439, 0.02439, 0.02439, 0.02439, 
0.02439, 0.02439, 0.02439, 0, 0, 0, 0, 0, 0, 0, 0, 0, 0, 0, 0, 
0, 0, 0, 0, 0, 0, 0, 0, 0, 0, 0.87246, 0.86528, 0.86884, 0.86705, 
0.87128, 0.8637, 0.86492, 0.86734, 0.87043, 0.87041, 0.87926, 
0.86477, 0.85668, 0.86415, 0.86417, 0.87127, 0.86749, 0.8673, 
0.86952, 0.87146, 0.87539, 0.87639, 0.1151, 0.1344, 0.1503, 0.1727, 
0.1906, 0.2156, 0.2348, 0.2641, 0.2827, 0.3221, 0.3468, 206.5, 
226.9, 242.2, 264.7, 285.2, 302.3, 318, 335.6, 355.6, 370.7, 
384.4, 1, 1, 1, 1, 1, 1, 1, 1, 1, 1, 1, 1, 1, 1, 1, 1, 1, 1, 
1, 1, 1, 1, 1, 1, 1, 1, 1, 1, 1, 1, 1, 1, 1, 1, 1, 1, 1, 1, 1, 
1, 1, 1, 1, 1, 4.372, 4.433, 4.55, 4.763, 4.882, 5.196, 5.158, 
5.581, 5.902, 6.446, 6.876), .Dim = c(11L, 40L), .Dimnames = list(
    NULL, c("Sampling", "PSO.cost", "PSO.gamma", "PSO.data.balancing", 
    "PSO.feature.selection", "PSO.valid.acc", "PSO.test.acc", 
    "PSO.train.time", "PSO.n.support.vectors", "PSO.index", "PSO.n.solutions", 
    "PSO.generations", "PSO.n.evaluations", "PSO.cpu.time", "RS.cost", 
    "RS.gamma", "RS.data.balancing", "RS.feature.selection", 
    "RS.valid.acc", "RS.test.acc", "RS.train.time", "RS.n.support.vectors", 
    "RS.index", "RS.n.solutions", "RS.generations", "RS.n.evaluations", 
    "RS.cpu.time", "DF.cost", "DF.gamma", "DF.data.balancing", 
    "DF.feature.selection", "DF.valid.acc", "DF.test.acc", "DF.train.time", 
    "DF.n.support.vectors", "DF.index", "DF.n.solutions", "DF.generations", 
    "DF.n.evaluations", "DF.cpu.time")))
