full <-
structure(c(50, 55, 60, 65, 70, 75, 80, 85, 90, 95, 100, 2.60919, 
3.25333, 1.65237, 1.85857, 1.19916, 0.50876, 1.85779, 1.78753, 
3.59109, 1.42696, 3.50388, -5.06675, -5.85165, -5.17577, -5.32789, 
-4.62273, -3.5262, -4.67267, -4.42527, -5.77361, -4.57748, -5.59851, 
0, 0, 0, 0, 0, 0, 0, 0, 0, 0, 0, 0, 0, 0, 0, 0, 0, 0, 0, 0, 0, 
0, 0.882, 0.88273, 0.87976, 0.88041, 0.88069, 0.88493, 0.88748, 
0.88194, 0.88425, 0.88731, 0.88977, 0.87065, 0.87232, 0.87343, 
0.86293, 0.87245, 0.87102, 0.87793, 0.88084, 0.87795, 0.88331, 
0.88886, 0.1177, 0.1219, 0.1578, 0.172, 0.2069, 0.2697, 0.2533, 
0.2805, 0.2542, 0.327, 0.3058, 200.7, 188.6, 243.1, 252.7, 301.8, 
394.2, 318.7, 346.1, 289.4, 369.5, 305.4, 642, 416, 642, 800, 
1590, 1325, 535, 1326, 270, 781, 1629, 195, 83, 379, 214, 38, 
63, 198, 80, 118, 307, 42, 100, 100, 100, 100, 100, 100, 100, 
100, 100, 100, 100, 2500, 2500, 2500, 2500, 2500, 2500, 2500, 
2500, 2500, 2500, 2500, 11216.334, 11138.948, 12064.477, 12435.898, 
12857.56, 14179.45, 13598.962, 14321.03, 14626.476, 16959.884, 
17124.838, 2.68067, 2.2179, 0.56995, 2.00982, 7.20421, 1.6756, 
1.53905, 1.81532, 0.31986, 1.55925, 3.31758, -4.99756, -5.31579, 
-4.71185, -5.42462, -7.20646, -4.03647, -4.32236, -4.44997, -4.21753, 
-4.75273, -5.55723, 0, 0, 0, 0, 0, 0, 0, 0, 0, 0, 0, 0, 0, 0, 
0, 0, 0, 0, 0, 0, 0, 0, 0.88012, 0.881, 0.87512, 0.87749, 0.87802, 
0.88242, 0.88745, 0.88194, 0.88318, 0.88432, 0.88787, 0.87446, 
0.86715, 0.87504, 0.86877, 0.86299, 0.87865, 0.885, 0.88084, 
0.8737, 0.88231, 0.88694, 0.116, 0.134, 0.1716, 0.1735, 0.1826, 
0.244, 0.2616, 0.2697, 0.332, 0.3239, 0.3068, 201.4, 210.9, 269.5, 
247.5, 203.2, 343.8, 340.7, 344.7, 399.4, 362.5, 311.1, 302, 
82, 779, 1675, 2198, 2196, 2304, 2390, 425, 623, 492, 1, 3, 1, 
1, 1, 1, 1, 1, 1, 1, 1, 100, 100, 100, 100, 100, 100, 100, 100, 
100, 100, 100, 2500, 2500, 2500, 2500, 2500, 2500, 2500, 2500, 
2500, 2500, 2500, 11883.778, 12399.201, 13299.756, 13725.382, 
14148.056, 14898.071, 15737.806, 16724.466, 18606.931, 19877.049, 
20838.014, 1, 1, 1, 1, 1, 1, 1, 1, 1, 1, 1, 0.02439, 0.02439, 
0.02439, 0.02439, 0.02439, 0.02439, 0.02439, 0.02439, 0.02439, 
0.02439, 0.02439, 0, 0, 0, 0, 0, 0, 0, 0, 0, 0, 0, 0, 0, 0, 0, 
0, 0, 0, 0, 0, 0, 0, 0.85345, 0.86025, 0.86081, 0.85573, 0.8589, 
0.8584, 0.86842, 0.86409, 0.86423, 0.87037, 0.8784, 0.85348, 
0.86022, 0.86549, 0.85707, 0.85611, 0.8647, 0.86249, 0.8663, 
0.86633, 0.87134, 0.8765, 0.1232, 0.1387, 0.1639, 0.1804, 0.1999, 
0.2199, 0.243, 0.2612, 0.3037, 0.3245, 0.3495, 230.7, 242.5, 
263.5, 278.3, 301.3, 313.2, 329.7, 341.4, 364.5, 376.7, 385.7, 
1, 1, 1, 1, 1, 1, 1, 1, 1, 1, 1, 1, 1, 1, 1, 1, 1, 1, 1, 1, 1, 
1, 1, 1, 1, 1, 1, 1, 1, 1, 1, 1, 1, 1, 1, 1, 1, 1, 1, 1, 1, 1, 
1, 1, 4.301, 4.422, 4.718, 4.851, 5.044, 5.087, 5.277, 5.693, 
6.366, 6.563, 6.833), .Dim = c(11L, 40L), .Dimnames = list(NULL, 
    c("Sampling", "PSO.cost", "PSO.gamma", "PSO.data.balancing", 
    "PSO.feature.selection", "PSO.valid.acc", "PSO.test.acc", 
    "PSO.train.time", "PSO.n.support.vectors", "PSO.index", "PSO.n.solutions", 
    "PSO.generations", "PSO.n.evaluations", "PSO.cpu.time", "RS.cost", 
    "RS.gamma", "RS.data.balancing", "RS.feature.selection", 
    "RS.valid.acc", "RS.test.acc", "RS.train.time", "RS.n.support.vectors", 
    "RS.index", "RS.n.solutions", "RS.generations", "RS.n.evaluations", 
    "RS.cpu.time", "DF.cost", "DF.gamma", "DF.data.balancing", 
    "DF.feature.selection", "DF.valid.acc", "DF.test.acc", "DF.train.time", 
    "DF.n.support.vectors", "DF.index", "DF.n.solutions", "DF.generations", 
    "DF.n.evaluations", "DF.cpu.time")))
