full <-
structure(c(50, 55, 60, 65, 70, 75, 80, 85, 90, 95, 100, 7.91252, 
3.3886, 2.37546, 4.389, 5.01785, 2.25288, 4.19831, 2.3374, 3.02538, 
3.74334, 4.49904, -10.66921, -3.73967, -4.45131, -4.2002, -6.60393, 
-4.2954, -5.39876, -4.8539, -4.2488, -5.33941, -5.96111, 0, 0, 
0, 0, 0, 0, 0, 0, 0, 0, 0, 0, 0, 0, 0, 0, 0, 0, 0, 0, 0, 0, 0.86876, 
0.87575, 0.88757, 0.89787, 0.89161, 0.88374, 0.88269, 0.88526, 
0.88847, 0.88136, 0.8926, 0.85171, 0.86193, 0.87656, 0.88029, 
0.88072, 0.87241, 0.87676, 0.87968, 0.87473, 0.88334, 0.88886, 
0.1024, 0.153, 0.1536, 0.1681, 0.1562, 0.2166, 0.2133, 0.2578, 
0.289, 0.2761, 0.2816, 155.2, 250.5, 242.6, 247.5, 199.7, 307.4, 
258.9, 314.9, 352.3, 296.8, 287.1, 403, 864, 650, 686, 616, 1061, 
1135, 1431, 1107, 948, 961, 141, 165, 84, 406, 75, 75, 156, 22, 
277, 28, 32, 100, 100, 100, 100, 100, 100, 100, 100, 100, 100, 
100, 2500, 2500, 2500, 2500, 2500, 2500, 2500, 2500, 2500, 2500, 
2500, 10347.862, 11045.113, 11343.496, 12075.808, 11569.722, 
13068.868, 13304.604, 15457.297, 15759.65, 15834.544, 15093.655, 
7.83255, 0.05537, 2.14145, 4.60647, 4.29942, 2.57787, 3.33354, 
9.82395, 2.67034, 3.85166, 4.05604, -10.69182, -5.00581, -5.00684, 
-4.28023, -5.37774, -5.32598, -5.24522, -11.64898, -3.93644, 
-5.41912, -5.72763, 0, 0, 0, 0, 0, 0, 0, 0, 0, 0, 0, 0, 0, 0, 
0, 0, 0, 0, 0, 0, 0, 0, 0.86876, 0.87558, 0.88447, 0.89495, 0.89024, 
0.88119, 0.8803, 0.88412, 0.88529, 0.87937, 0.8907, 0.85171, 
0.86012, 0.88135, 0.88024, 0.88072, 0.87105, 0.87086, 0.86629, 
0.87472, 0.88334, 0.88886, 0.0955, 0.1382, 0.1412, 0.1673, 0.161, 
0.1887, 0.2172, 0.2228, 0.3078, 0.2802, 0.2858, 156.1, 247.2, 
225.5, 241.8, 212.4, 262.8, 272.3, 247.6, 380.6, 293.7, 295.6, 
1081, 751, 527, 747, 962, 952, 2265, 939, 1274, 2048, 1903, 1, 
1, 1, 1, 2, 1, 1, 2, 1, 1, 1, 100, 100, 100, 100, 100, 100, 100, 
100, 100, 100, 100, 2500, 2500, 2500, 2500, 2500, 2500, 2500, 
2500, 2500, 2500, 2500, 10919.922, 11671.459, 12779.695, 12802.252, 
13257.757, 14836.197, 15568.013, 17535.607, 18212.345, 18617.62, 
19129.374, 1, 1, 1, 1, 1, 1, 1, 1, 1, 1, 1, 0.02439, 0.02439, 
0.02439, 0.02439, 0.02439, 0.02439, 0.02439, 0.02439, 0.02439, 
0.02439, 0.02439, 0, 0, 0, 0, 0, 0, 0, 0, 0, 0, 0, 0, 0, 0, 0, 
0, 0, 0, 0, 0, 0, 0, 0.85348, 0.85509, 0.86081, 0.8702, 0.86725, 
0.86102, 0.86266, 0.87521, 0.86526, 0.86439, 0.88023, 0.85737, 
0.85322, 0.8592, 0.8715, 0.87269, 0.86732, 0.86502, 0.86743, 
0.87157, 0.86936, 0.8793, 0.1169, 0.1356, 0.1476, 0.1655, 0.1772, 
0.2086, 0.2323, 0.2536, 0.2915, 0.2985, 0.3221, 221.5, 242.4, 
252.8, 272.6, 288.2, 311.5, 332.4, 346.7, 364.1, 374.5, 384.3, 
1, 1, 1, 1, 1, 1, 1, 1, 1, 1, 1, 1, 1, 1, 1, 1, 1, 1, 1, 1, 1, 
1, 1, 1, 1, 1, 1, 1, 1, 1, 1, 1, 1, 1, 1, 1, 1, 1, 1, 1, 1, 1, 
1, 1, 4.179, 4.434, 4.446, 4.423, 4.656, 5.082, 5.401, 6.047, 
6.355, 5.936, 6.286), .Dim = c(11L, 40L), .Dimnames = list(NULL, 
    c("Sampling", "PSO.cost", "PSO.gamma", "PSO.data.balancing", 
    "PSO.feature.selection", "PSO.valid.acc", "PSO.test.acc", 
    "PSO.train.time", "PSO.n.support.vectors", "PSO.index", "PSO.n.solutions", 
    "PSO.generations", "PSO.n.evaluations", "PSO.cpu.time", "RS.cost", 
    "RS.gamma", "RS.data.balancing", "RS.feature.selection", 
    "RS.valid.acc", "RS.test.acc", "RS.train.time", "RS.n.support.vectors", 
    "RS.index", "RS.n.solutions", "RS.generations", "RS.n.evaluations", 
    "RS.cpu.time", "DF.cost", "DF.gamma", "DF.data.balancing", 
    "DF.feature.selection", "DF.valid.acc", "DF.test.acc", "DF.train.time", 
    "DF.n.support.vectors", "DF.index", "DF.n.solutions", "DF.generations", 
    "DF.n.evaluations", "DF.cpu.time")))
