full <-
structure(c(50, 55, 60, 65, 70, 75, 80, 85, 90, 95, 100, 5.23068, 
1.32571, 2.44529, 2.70441, 6.17238, 4.45244, 6.07111, 4.02909, 
1.95134, 2.50929, 1.39974, -7.75888, -5.26773, -6.43317, -5.65462, 
-8.4098, -8.04473, -6.88221, -5.80636, -5.87249, -4.31023, -3.9817, 
0, 0, 0, 0, 0, 0, 0, 0, 0, 0, 0, 0, 0, 0, 0, 0, 0, 0, 0, 0, 0, 
0, 0.89339, 0.89654, 0.89395, 0.89774, 0.89298, 0.89136, 0.89228, 
0.89856, 0.88212, 0.89231, 0.89172, 0.8821, 0.88962, 0.88442, 
0.89047, 0.88347, 0.88503, 0.86987, 0.88854, 0.8779, 0.88134, 
0.88886, 0.0937, 0.1235, 0.1322, 0.1446, 0.1576, 0.1735, 0.1984, 
0.2264, 0.259, 0.3272, 0.3731, 145.2, 213.8, 200.7, 211.7, 193.9, 
220.3, 209.7, 252.3, 301.4, 360.2, 422, 452, 582, 317, 1348, 
681, 1636, 1581, 625, 1258, 560, 894, 173, 223, 66, 76, 87, 20, 
17, 214, 52, 342, 341, 100, 100, 100, 100, 100, 100, 100, 100, 
100, 100, 100, 2500, 2500, 2500, 2500, 2500, 2500, 2500, 2500, 
2500, 2500, 2500, 10042.663, 10644.451, 10729.236, 11329.007, 
11516.238, 12257.194, 13164.658, 13784.513, 15924.396, 16616.001, 
18005.989, 7.54555, 1.78918, 4.75032, 2.22814, 6.58806, 8.45584, 
6.23118, 3.17138, 7.19115, 2.25917, 1.47864, -9.608, -5.55617, 
-7.92525, -5.36377, -8.63637, -9.11466, -6.93986, -5.68098, -9.48597, 
-4.21664, -3.96284, 0, 0, 0, 0, 0, 0, 0, 0, 0, 0, 0, 0, 0, 0, 
0, 0, 0, 0, 0, 0, 0, 0, 0.89147, 0.89485, 0.89239, 0.89337, 0.89026, 
0.89, 0.88991, 0.89412, 0.88105, 0.89132, 0.88984, 0.87463, 0.89134, 
0.8813, 0.89047, 0.87806, 0.8774, 0.86987, 0.89411, 0.87261, 
0.87835, 0.88792, 0.0945, 0.121, 0.1233, 0.1496, 0.1521, 0.186, 
0.1916, 0.2286, 0.2504, 0.3346, 0.3726, 139.8, 199.9, 177.6, 
224.9, 192.2, 194.8, 208.4, 268, 255.4, 371.8, 422.8, 565, 1937, 
1271, 2066, 1214, 968, 1108, 1995, 584, 1970, 601, 2, 2, 3, 1, 
1, 1, 2, 1, 1, 1, 1, 100, 100, 100, 100, 100, 100, 100, 100, 
100, 100, 100, 2500, 2500, 2500, 2500, 2500, 2500, 2500, 2500, 
2500, 2500, 2500, 10993.368, 11580.308, 12195.195, 12896.127, 
13676.445, 14760.318, 15797.816, 17066.729, 18087.602, 19280.883, 
20149.998, 1, 1, 1, 1, 1, 1, 1, 1, 1, 1, 1, 0.02439, 0.02439, 
0.02439, 0.02439, 0.02439, 0.02439, 0.02439, 0.02439, 0.02439, 
0.02439, 0.02439, 0, 0, 0, 0, 0, 0, 0, 0, 0, 0, 0, 0, 0, 0, 0, 
0, 0, 0, 0, 0, 0, 0, 0.86679, 0.87752, 0.87334, 0.88169, 0.8726, 
0.86867, 0.87568, 0.87516, 0.87263, 0.87636, 0.87561, 0.8706, 
0.87229, 0.87493, 0.87442, 0.86988, 0.8724, 0.87923, 0.87518, 
0.86842, 0.86936, 0.87367, 0.1121, 0.135, 0.148, 0.1672, 0.184, 
0.2108, 0.229, 0.2576, 0.2845, 0.3174, 0.3408, 216.3, 233, 250.7, 
265.7, 282.4, 301.5, 314.4, 332, 352, 373, 383.5, 1, 1, 1, 1, 
1, 1, 1, 1, 1, 1, 1, 1, 1, 1, 1, 1, 1, 1, 1, 1, 1, 1, 1, 1, 1, 
1, 1, 1, 1, 1, 1, 1, 1, 1, 1, 1, 1, 1, 1, 1, 1, 1, 1, 1, 4.023, 
4.344, 4.508, 4.567, 4.873, 5.179, 5.407, 5.851, 6.225, 6.653, 
6.751), .Dim = c(11L, 40L), .Dimnames = list(NULL, c("Sampling", 
"PSO.cost", "PSO.gamma", "PSO.data.balancing", "PSO.feature.selection", 
"PSO.valid.acc", "PSO.test.acc", "PSO.train.time", "PSO.n.support.vectors", 
"PSO.index", "PSO.n.solutions", "PSO.generations", "PSO.n.evaluations", 
"PSO.cpu.time", "RS.cost", "RS.gamma", "RS.data.balancing", "RS.feature.selection", 
"RS.valid.acc", "RS.test.acc", "RS.train.time", "RS.n.support.vectors", 
"RS.index", "RS.n.solutions", "RS.generations", "RS.n.evaluations", 
"RS.cpu.time", "DF.cost", "DF.gamma", "DF.data.balancing", "DF.feature.selection", 
"DF.valid.acc", "DF.test.acc", "DF.train.time", "DF.n.support.vectors", 
"DF.index", "DF.n.solutions", "DF.generations", "DF.n.evaluations", 
"DF.cpu.time")))
