full <-
structure(c(50, 55, 60, 65, 70, 75, 80, 85, 90, 95, 100, 1.63026, 
2.92813, 5.15871, 2.52752, 0.5375, 3.63128, 1.61431, 2.14177, 
3.88477, 2.27703, 4.6466, -5.93829, -5.92376, -6.52709, -4.77917, 
-5.34286, -6.01981, -6.07667, -4.49133, -6.13897, -4.73789, -5.58523, 
0, 0, 0, 0, 0, 0, 0, 0, 0, 0, 0, 0, 0, 0, 0, 0, 0, 0, 0, 0, 0, 
0, 0.89757, 0.89643, 0.89092, 0.89488, 0.89019, 0.89625, 0.89088, 
0.88848, 0.89061, 0.89032, 0.8909, 0.88048, 0.88953, 0.88299, 
0.88031, 0.8848, 0.88734, 0.89325, 0.87844, 0.88215, 0.88933, 
0.88134, 0.1025, 0.1151, 0.1274, 0.1704, 0.1831, 0.1791, 0.2193, 
0.2668, 0.2449, 0.3221, 0.309, 185.1, 178.5, 166.7, 238.3, 273.8, 
220.2, 278.4, 326.1, 266.5, 340.3, 289, 1631, 752, 729, 347, 
362, 1854, 1655, 869, 315, 485, 640, 45, 91, 106, 78, 85, 12, 
8, 149, 315, 468, 126, 100, 100, 100, 100, 100, 100, 100, 100, 
100, 100, 100, 2500, 2500, 2500, 2500, 2500, 2500, 2500, 2500, 
2500, 2500, 2500, 9407.076, 9793.638, 10281.471, 11194.69, 12015.635, 
11922.921, 13006.661, 14391.621, 14194.025, 19148.523, 18617.041, 
1.59419, 3.06253, 5.54106, 5.0939, 1.37114, 3.31428, 1.24254, 
1.31563, 4.13994, 2.08678, 4.62859, -5.92554, -6.08401, -6.44562, 
-7.26268, -5.6614, -5.93928, -5.7793, -3.65476, -6.38896, -4.65642, 
-5.551, 0, 0, 0, 0, 0, 0, 0, 0, 0, 0, 0, 0, 0, 0, 0, 0, 0, 0, 
0, 0, 0, 0, 0.89565, 0.89301, 0.88931, 0.89058, 0.88747, 0.89496, 
0.88852, 0.88737, 0.88747, 0.88832, 0.889, 0.88048, 0.88953, 
0.8814, 0.87888, 0.88615, 0.88609, 0.89207, 0.8818, 0.88004, 
0.88833, 0.88229, 0.1028, 0.1157, 0.128, 0.138, 0.1748, 0.1825, 
0.222, 0.31, 0.2434, 0.3291, 0.3031, 185.7, 175.9, 162.8, 181.6, 
251.6, 225.8, 287.1, 398.8, 263.1, 347.3, 290.2, 106, 2244, 1803, 
1024, 1302, 1198, 2150, 1260, 442, 1078, 227, 1, 1, 1, 1, 1, 
1, 1, 1, 1, 1, 2, 100, 100, 100, 100, 100, 100, 100, 100, 100, 
100, 100, 2500, 2500, 2500, 2500, 2500, 2500, 2500, 2500, 2500, 
2500, 2500, 10348.345, 11203.638, 11884.759, 12559.312, 13541.692, 
14492.6, 15764.14, 16807.927, 17634.578, 22525.474, 22833.136, 
1, 1, 1, 1, 1, 1, 1, 1, 1, 1, 1, 0.02439, 0.02439, 0.02439, 0.02439, 
0.02439, 0.02439, 0.02439, 0.02439, 0.02439, 0.02439, 0.02439, 
0, 0, 0, 0, 0, 0, 0, 0, 0, 0, 0, 0, 0, 0, 0, 0, 0, 0, 0, 0, 0, 
0, 0.88044, 0.88261, 0.87656, 0.87884, 0.88341, 0.88098, 0.87786, 
0.87507, 0.87587, 0.87442, 0.87564, 0.87856, 0.88778, 0.87656, 
0.87745, 0.87534, 0.87973, 0.88261, 0.87617, 0.8769, 0.8754, 
0.8728, 0.115, 0.1345, 0.1516, 0.1763, 0.192, 0.2155, 0.2412, 
0.2653, 0.3006, 0.3257, 0.3426, 219.2, 238.9, 255.3, 273.9, 286.6, 
302.6, 324.6, 344.2, 354.9, 371.3, 383.8, 1, 1, 1, 1, 1, 1, 1, 
1, 1, 1, 1, 1, 1, 1, 1, 1, 1, 1, 1, 1, 1, 1, 1, 1, 1, 1, 1, 1, 
1, 1, 1, 1, 1, 1, 1, 1, 1, 1, 1, 1, 1, 1, 1, 1, 3.653, 3.966, 
4.127, 4.538, 4.821, 5.138, 5.483, 5.838, 6.188, 7.503, 7.657
), .Dim = c(11L, 40L), .Dimnames = list(NULL, c("Sampling", "PSO.cost", 
"PSO.gamma", "PSO.data.balancing", "PSO.feature.selection", "PSO.valid.acc", 
"PSO.test.acc", "PSO.train.time", "PSO.n.support.vectors", "PSO.index", 
"PSO.n.solutions", "PSO.generations", "PSO.n.evaluations", "PSO.cpu.time", 
"RS.cost", "RS.gamma", "RS.data.balancing", "RS.feature.selection", 
"RS.valid.acc", "RS.test.acc", "RS.train.time", "RS.n.support.vectors", 
"RS.index", "RS.n.solutions", "RS.generations", "RS.n.evaluations", 
"RS.cpu.time", "DF.cost", "DF.gamma", "DF.data.balancing", "DF.feature.selection", 
"DF.valid.acc", "DF.test.acc", "DF.train.time", "DF.n.support.vectors", 
"DF.index", "DF.n.solutions", "DF.generations", "DF.n.evaluations", 
"DF.cpu.time")))
