full <-
structure(c(50, 55, 60, 65, 70, 75, 80, 85, 90, 95, 100, -0.16027, 
7.75046, 0.29179, 1.92197, 0.81044, 8.25148, 13.05394, 2.97313, 
4.18299, 4.76778, 4.25437, -5.63173, -10.71497, -5.14936, -6.30984, 
-5.35797, -11.75622, -11.64484, -4.38948, -5.17684, -6.13254, 
-5.01035, 0, 0, 0, 0, 0, 0, 0, 0, 0, 0, 0, 0, 0, 0, 0, 0, 0, 
0, 0, 0, 0, 0, 0.87829, 0.87394, 0.87201, 0.88024, 0.88337, 0.87873, 
0.87694, 0.87837, 0.88849, 0.89337, 0.89079, 0.86322, 0.85328, 
0.86725, 0.87445, 0.87795, 0.86482, 0.86736, 0.86385, 0.88115, 
0.88334, 0.88313, 0.1154, 0.1196, 0.1592, 0.1664, 0.1967, 0.1963, 
0.3257, 0.2972, 0.3029, 0.3009, 0.3733, 211.4, 165.6, 253.9, 
226.7, 267.2, 230.9, 209.4, 328.4, 279.4, 265.7, 317.5, 595, 
1052, 578, 2139, 1261, 392, 615, 907, 1163, 1918, 1448, 377, 
12, 79, 1, 8, 315, 13, 76, 160, 2, 63, 100, 100, 100, 100, 100, 
100, 100, 100, 100, 100, 100, 2500, 2500, 2500, 2500, 2500, 2500, 
2500, 2500, 2500, 2500, 2500, 11865.588, 11913.874, 12816.136, 
13779.954, 14869.281, 15883.901, 20765.353, 20749.663, 22537.914, 
23207.669, 25651.321, -0.321, 10.06547, -0.35299, 3.87784, 0.40898, 
8.35537, 3.27253, 1.28303, 4.18281, 4.15637, 4.34413, -5.45156, 
-11.66223, -4.27397, -7.37698, -4.22357, -11.78331, -4.98529, 
-5.20565, -5.41723, -5.89044, -5.16682, 0, 0, 0, 0, 0, 0, 0, 
0, 0, 0, 0, 0, 0, 0, 0, 0, 0, 0, 0, 0, 0, 0, 0.87259, 0.87385, 
0.87048, 0.87879, 0.882, 0.87873, 0.87568, 0.87615, 0.88535, 
0.89237, 0.887, 0.86134, 0.8515, 0.86571, 0.86566, 0.8793, 0.86735, 
0.86026, 0.86392, 0.87907, 0.88234, 0.88695, 0.114, 0.1184, 0.179, 
0.1613, 0.2173, 0.2008, 0.245, 0.2827, 0.2917, 0.3031, 0.3574, 
217.5, 156.9, 293.3, 207, 313.9, 230, 271.7, 314.9, 271.7, 276.2, 
308.9, 1355, 968, 1823, 560, 727, 1146, 36, 1025, 2245, 151, 
1060, 2, 1, 1, 1, 3, 1, 1, 1, 1, 1, 3, 100, 100, 100, 100, 100, 
100, 100, 100, 100, 100, 100, 2500, 2500, 2500, 2500, 2500, 2500, 
2500, 2500, 2500, 2500, 2500, 12277.528, 13105.809, 13940.821, 
15433.871, 18091.2, 20561.591, 21677.64, 24175.295, 26911.052, 
27713.072, 29598.914, 1, 1, 1, 1, 1, 1, 1, 1, 1, 1, 1, 0.02439, 
0.02439, 0.02439, 0.02439, 0.02439, 0.02439, 0.02439, 0.02439, 
0.02439, 0.02439, 0.02439, 0, 0, 0, 0, 0, 0, 0, 0, 0, 0, 0, 0, 
0, 0, 0, 0, 0, 0, 0, 0, 0, 0, 0.87066, 0.87049, 0.86408, 0.87289, 
0.87256, 0.86484, 0.86372, 0.8572, 0.86852, 0.87736, 0.87929, 
0.86123, 0.86538, 0.86725, 0.87882, 0.87388, 0.86355, 0.86257, 
0.86169, 0.87905, 0.8704, 0.87929, 0.1229, 0.136, 0.1649, 0.1863, 
0.2098, 0.2425, 0.2663, 0.2881, 0.3107, 0.3459, 0.3665, 213.9, 
233.5, 255, 274.6, 284.6, 306, 322, 339.7, 347, 362.9, 382, 1, 
1, 1, 1, 1, 1, 1, 1, 1, 1, 1, 1, 1, 1, 1, 1, 1, 1, 1, 1, 1, 1, 
1, 1, 1, 1, 1, 1, 1, 1, 1, 1, 1, 1, 1, 1, 1, 1, 1, 1, 1, 1, 1, 
1, 4.838, 4.821, 5.169, 5.646, 7.625, 7.656, 7.987, 8.368, 9.104, 
9.684, 9.949), .Dim = c(11L, 40L), .Dimnames = list(NULL, c("Sampling", 
"PSO.cost", "PSO.gamma", "PSO.data.balancing", "PSO.feature.selection", 
"PSO.valid.acc", "PSO.test.acc", "PSO.train.time", "PSO.n.support.vectors", 
"PSO.index", "PSO.n.solutions", "PSO.generations", "PSO.n.evaluations", 
"PSO.cpu.time", "RS.cost", "RS.gamma", "RS.data.balancing", "RS.feature.selection", 
"RS.valid.acc", "RS.test.acc", "RS.train.time", "RS.n.support.vectors", 
"RS.index", "RS.n.solutions", "RS.generations", "RS.n.evaluations", 
"RS.cpu.time", "DF.cost", "DF.gamma", "DF.data.balancing", "DF.feature.selection", 
"DF.valid.acc", "DF.test.acc", "DF.train.time", "DF.n.support.vectors", 
"DF.index", "DF.n.solutions", "DF.generations", "DF.n.evaluations", 
"DF.cpu.time")))
