full <-
structure(c(50, 55, 60, 65, 70, 75, 80, 85, 90, 95, 100, 9.62561, 
7.75562, 8.61474, 5.16489, 10.46844, 9.96098, 4.55526, 4.13945, 
3.81149, 3.73316, 5.84073, -12.48327, -10.74107, -11.53957, -9.4252, 
-12.45457, -12.98971, -6.427, -4.60554, -6.04313, -5.7819, -6.89333, 
0, 0, 0, 0, 0, 0, 0, 0, 0, 0, 0, 0, 0, 0, 0, 0, 0, 0, 0, 0, 0, 
0, 0.86869, 0.88953, 0.89077, 0.87323, 0.87812, 0.88248, 0.88989, 
0.88847, 0.88526, 0.89443, 0.88975, 0.85907, 0.8774, 0.87331, 
0.86444, 0.86733, 0.87357, 0.88512, 0.87625, 0.87789, 0.89052, 
0.87356, 0.095, 0.1131, 0.1277, 0.1433, 0.1585, 0.1731, 0.1953, 
0.2421, 0.2375, 0.2648, 0.2739, 150.2, 166.3, 181.9, 212.8, 200, 
218.4, 232.2, 296.8, 271.9, 287.3, 271.6, 813, 536, 1285, 266, 
148, 809, 1260, 826, 268, 1484, 718, 102, 163, 92, 287, 39, 132, 
71, 260, 279, 66, 68, 100, 100, 100, 100, 100, 100, 100, 100, 
100, 100, 100, 2500, 2500, 2500, 2500, 2500, 2500, 2500, 2500, 
2500, 2500, 2500, 10554.557, 10512.246, 10533.049, 10974.631, 
11696.814, 12353.25, 13104.403, 13689.424, 13451.326, 13888.559, 
15187.173, 10.86028, 7.53184, 8.83019, 5.14417, 9.15858, 9.34907, 
4.23065, 4.20612, 2.178, 5.28202, 6.42072, -13.72077, -10.75991, 
-11.72654, -9.38065, -11.53417, -13.18948, -6.2847, -4.92187, 
-5.7984, -6.21634, -7.16541, 0, 0, 0, 0, 0, 0, 0, 0, 0, 0, 0, 
0, 0, 0, 0, 0, 0, 0, 0, 0, 0, 0, 0.86869, 0.88609, 0.88757, 0.87323, 
0.87542, 0.87996, 0.88633, 0.88071, 0.88316, 0.89138, 0.88881, 
0.85722, 0.87913, 0.87331, 0.86444, 0.87003, 0.86721, 0.88395, 
0.88189, 0.87368, 0.89346, 0.87356, 0.1003, 0.1133, 0.1257, 0.14, 
0.1602, 0.1785, 0.1956, 0.2384, 0.2454, 0.2538, 0.2745, 149.8, 
169.3, 181.6, 212.8, 203.2, 230.2, 237.1, 285, 295, 264.4, 267.1, 
939, 202, 2405, 64, 452, 294, 1276, 586, 1205, 2025, 2111, 1, 
4, 1, 1, 6, 3, 1, 1, 4, 1, 1, 100, 100, 100, 100, 100, 100, 100, 
100, 100, 100, 100, 2500, 2500, 2500, 2500, 2500, 2500, 2500, 
2500, 2500, 2500, 2500, 11203.359, 12034.062, 12012.807, 12772.778, 
14268.882, 15035.748, 15313.757, 15857.371, 16759.093, 18247.406, 
19020.355, 1, 1, 1, 1, 1, 1, 1, 1, 1, 1, 1, 0.02439, 0.02439, 
0.02439, 0.02439, 0.02439, 0.02439, 0.02439, 0.02439, 0.02439, 
0.02439, 0.02439, 0, 0, 0, 0, 0, 0, 0, 0, 0, 0, 0, 0, 0, 0, 0, 
0, 0, 0, 0, 0, 0, 0, 0.85925, 0.85496, 0.8624, 0.85441, 0.86461, 
0.86972, 0.86966, 0.86957, 0.87684, 0.87548, 0.87077, 0.86107, 
0.85493, 0.86393, 0.85867, 0.86194, 0.86844, 0.8661, 0.87407, 
0.87053, 0.8755, 0.87456, 0.1165, 0.1365, 0.1452, 0.1677, 0.1879, 
0.2089, 0.2258, 0.2499, 0.2708, 0.2961, 0.3207, 222.4, 241.6, 
257.7, 275.8, 291.7, 304.3, 319.5, 336, 351.5, 364.5, 382.1, 
1, 1, 1, 1, 1, 1, 1, 1, 1, 1, 1, 1, 1, 1, 1, 1, 1, 1, 1, 1, 1, 
1, 1, 1, 1, 1, 1, 1, 1, 1, 1, 1, 1, 1, 1, 1, 1, 1, 1, 1, 1, 1, 
1, 1, 4.127, 4.472, 4.259, 4.587, 5.041, 5.381, 5.239, 5.411, 
5.634, 6.208, 6.371), .Dim = c(11L, 40L), .Dimnames = list(NULL, 
    c("Sampling", "PSO.cost", "PSO.gamma", "PSO.data.balancing", 
    "PSO.feature.selection", "PSO.valid.acc", "PSO.test.acc", 
    "PSO.train.time", "PSO.n.support.vectors", "PSO.index", "PSO.n.solutions", 
    "PSO.generations", "PSO.n.evaluations", "PSO.cpu.time", "RS.cost", 
    "RS.gamma", "RS.data.balancing", "RS.feature.selection", 
    "RS.valid.acc", "RS.test.acc", "RS.train.time", "RS.n.support.vectors", 
    "RS.index", "RS.n.solutions", "RS.generations", "RS.n.evaluations", 
    "RS.cpu.time", "DF.cost", "DF.gamma", "DF.data.balancing", 
    "DF.feature.selection", "DF.valid.acc", "DF.test.acc", "DF.train.time", 
    "DF.n.support.vectors", "DF.index", "DF.n.solutions", "DF.generations", 
    "DF.n.evaluations", "DF.cpu.time")))
