full <-
structure(c(50, 55, 60, 65, 70, 75, 80, 85, 90, 95, 100, 2.26202, 
1.29575, 1.82217, 2.74844, 0.21419, 14.78849, 3.93093, 1.44813, 
1.32298, 3.782, 1.68513, -6.46169, -5.05647, -5.03066, -4.52019, 
-4.52594, -13.07811, -7.1906, -5.84617, -4.14695, -5.5132, -4.45784, 
0, 0, 0, 0, 0, 0, 0, 0, 0, 0, 0, 0, 0, 0, 0, 0, 0, 0, 0, 0, 0, 
0, 0.88407, 0.88791, 0.88144, 0.88761, 0.87538, 0.88253, 0.8804, 
0.88528, 0.89576, 0.88638, 0.89065, 0.87642, 0.88262, 0.87345, 
0.88458, 0.86316, 0.8585, 0.87679, 0.86856, 0.87996, 0.87548, 
0.88112, 0.1052, 0.1367, 0.1575, 0.1712, 0.2088, 0.3169, 0.2097, 
0.2482, 0.3104, 0.2895, 0.3476, 175, 225.8, 234, 255.4, 314.3, 
213.4, 254.4, 302.9, 378.3, 297.6, 377.2, 900, 360, 1934, 626, 
1213, 687, 1667, 375, 674, 1214, 736, 61, 187, 12, 85, 290, 49, 
14, 282, 228, 96, 200, 100, 100, 100, 100, 100, 100, 100, 100, 
100, 100, 100, 2500, 2500, 2500, 2500, 2500, 2500, 2500, 2500, 
2500, 2500, 2500, 10622.398, 11054.032, 11734.01, 12529.608, 
13111.758, 15277.148, 13580.37, 14462.216, 15614.599, 15227.736, 
16863.504, 1.22212, 1.15443, 1.59837, 3.44509, 0.21037, 14.31209, 
2.43473, 1.95313, 1.41459, 5.42299, 1.28984, -5.18439, -4.65197, 
-4.97147, -4.66913, -4.42405, -12.92714, -5.61374, -4.22582, 
-4.22269, -6.51221, -4.26076, 0, 0, 0, 0, 0, 0, 0, 0, 0, 0, 0, 
0, 0, 0, 0, 0, 0, 0, 0, 0, 0, 0, 0.88403, 0.88615, 0.87826, 0.88329, 
0.87268, 0.88253, 0.87796, 0.88528, 0.89471, 0.8844, 0.88588, 
0.87446, 0.8792, 0.87353, 0.8875, 0.86451, 0.86105, 0.87204, 
0.87085, 0.87996, 0.87545, 0.88589, 0.1136, 0.1453, 0.1571, 0.1703, 
0.2095, 0.3062, 0.2253, 0.2849, 0.3123, 0.2792, 0.3603, 206.5, 
237.7, 238.4, 241.9, 319, 213.6, 283.5, 353.3, 371.8, 266.3, 
397.6, 1698, 873, 1031, 1921, 360, 1370, 428, 1512, 615, 1998, 
1385, 1, 2, 1, 1, 1, 2, 2, 1, 1, 1, 1, 100, 100, 100, 100, 100, 
100, 100, 100, 100, 100, 100, 2500, 2500, 2500, 2500, 2500, 2500, 
2500, 2500, 2500, 2500, 2500, 11179.974, 12057.227, 13071.057, 
13864.836, 14396.995, 15749.819, 16326.372, 17251.742, 18151.11, 
19302.46, 20020.093, 1, 1, 1, 1, 1, 1, 1, 1, 1, 1, 1, 0.02439, 
0.02439, 0.02439, 0.02439, 0.02439, 0.02439, 0.02439, 0.02439, 
0.02439, 0.02439, 0.02439, 0, 0, 0, 0, 0, 0, 0, 0, 0, 0, 0, 0, 
0, 0, 0, 0, 0, 0, 0, 0, 0, 0, 0.87083, 0.87405, 0.86881, 0.87585, 
0.8659, 0.86605, 0.86617, 0.8674, 0.87261, 0.87048, 0.88113, 
0.86506, 0.87051, 0.86884, 0.8803, 0.86722, 0.86863, 0.87204, 
0.87189, 0.87261, 0.86949, 0.87733, 0.119, 0.1412, 0.1611, 0.176, 
0.1993, 0.2251, 0.244, 0.2687, 0.2929, 0.3195, 0.3428, 222.2, 
241.4, 255.9, 271.1, 294.1, 320, 333.5, 343.5, 355.2, 373.2, 
384.2, 1, 1, 1, 1, 1, 1, 1, 1, 1, 1, 1, 1, 1, 1, 1, 1, 1, 1, 
1, 1, 1, 1, 1, 1, 1, 1, 1, 1, 1, 1, 1, 1, 1, 1, 1, 1, 1, 1, 1, 
1, 1, 1, 1, 1, 4.18, 4.521, 4.936, 4.885, 5.174, 5.481, 5.52, 
5.838, 6.003, 6.466, 6.535), .Dim = c(11L, 40L), .Dimnames = list(
    NULL, c("Sampling", "PSO.cost", "PSO.gamma", "PSO.data.balancing", 
    "PSO.feature.selection", "PSO.valid.acc", "PSO.test.acc", 
    "PSO.train.time", "PSO.n.support.vectors", "PSO.index", "PSO.n.solutions", 
    "PSO.generations", "PSO.n.evaluations", "PSO.cpu.time", "RS.cost", 
    "RS.gamma", "RS.data.balancing", "RS.feature.selection", 
    "RS.valid.acc", "RS.test.acc", "RS.train.time", "RS.n.support.vectors", 
    "RS.index", "RS.n.solutions", "RS.generations", "RS.n.evaluations", 
    "RS.cpu.time", "DF.cost", "DF.gamma", "DF.data.balancing", 
    "DF.feature.selection", "DF.valid.acc", "DF.test.acc", "DF.train.time", 
    "DF.n.support.vectors", "DF.index", "DF.n.solutions", "DF.generations", 
    "DF.n.evaluations", "DF.cpu.time")))
