full <-
structure(c(50, 55, 60, 65, 70, 75, 80, 85, 90, 95, 100, 2.87326, 
1.64673, 1.29593, 0.53752, 2.79423, 1.21865, 3.57145, 3.81809, 
2.24878, 3.89965, 6.79312, -5.78471, -4.3902, -3.82202, -4.66774, 
-4.49731, -3.87701, -4.08952, -6.07702, -6.70105, -5.37428, -6.89007, 
0, 0, 0, 0, 0, 0, 0, 0, 0, 0, 0, 0, 0, 0, 0, 0, 0, 0, 0, 0, 0, 
0, 0.88204, 0.87394, 0.88281, 0.88321, 0.88233, 0.87117, 0.88522, 
0.88071, 0.87041, 0.88832, 0.88031, 0.8705, 0.87201, 0.86532, 
0.87596, 0.85923, 0.85721, 0.8828, 0.87399, 0.86621, 0.8783, 
0.86612, 0.1029, 0.1409, 0.1834, 0.1873, 0.209, 0.2524, 0.2696, 
0.2281, 0.2634, 0.2838, 0.3004, 172.2, 245.9, 292, 276.3, 269.6, 
341.5, 308.2, 263.1, 302.7, 300.9, 260.7, 1415, 621, 1447, 1274, 
580, 2271, 2463, 885, 948, 1496, 583, 7, 177, 100, 37, 307, 42, 
1, 158, 130, 50, 273, 100, 100, 100, 100, 100, 100, 100, 100, 
100, 100, 100, 2500, 2500, 2500, 2500, 2500, 2500, 2500, 2500, 
2500, 2500, 2500, 10081.248, 11053.783, 15790.908, 15373.274, 
15859.376, 17527.825, 18137.487, 14662.106, 15316.768, 15581.233, 
15696.503, 2.6133, 1.68801, 0.99547, 0.5861, 2.70316, 1.22779, 
2.9179, 1.20136, 3.90237, 3.18373, 7.7735, -5.7165, -4.48849, 
-3.79799, -4.80158, -4.4177, -3.85787, -4.3007, -5.05469, -7.28984, 
-5.13743, -7.37753, 0, 0, 0, 0, 0, 0, 0, 0, 0, 0, 0, 0, 0, 0, 
0, 0, 0, 0, 0, 0, 0, 0, 0.87819, 0.87391, 0.87809, 0.88029, 0.88098, 
0.86989, 0.88284, 0.88177, 0.86832, 0.88531, 0.87841, 0.87242, 
0.87204, 0.86691, 0.87739, 0.85791, 0.85721, 0.87682, 0.87177, 
0.8578, 0.87932, 0.8623, 0.1019, 0.1377, 0.188, 0.1864, 0.2066, 
0.2607, 0.2611, 0.264, 0.2591, 0.2879, 0.3127, 175.4, 240.1, 
297.1, 272.3, 274.7, 344.2, 304.9, 322.7, 280.7, 318.4, 255, 
2027, 147, 1139, 490, 1976, 1429, 1494, 1073, 728, 2493, 407, 
1, 1, 1, 1, 1, 1, 1, 1, 2, 1, 1, 100, 100, 100, 100, 100, 100, 
100, 100, 100, 100, 100, 2500, 2500, 2500, 2500, 2500, 2500, 
2500, 2500, 2500, 2500, 2500, 11112.449, 15110.625, 16665.927, 
16534.624, 17941.678, 18787.5, 20346.3, 17565.079, 18775.974, 
19363.845, 20138.107, 1, 1, 1, 1, 1, 1, 1, 1, 1, 1, 1, 0.02439, 
0.02439, 0.02439, 0.02439, 0.02439, 0.02439, 0.02439, 0.02439, 
0.02439, 0.02439, 0.02439, 0, 0, 0, 0, 0, 0, 0, 0, 0, 0, 0, 0, 
0, 0, 0, 0, 0, 0, 0, 0, 0, 0, 0.85918, 0.86002, 0.86547, 0.87008, 
0.86187, 0.8572, 0.86731, 0.87287, 0.86203, 0.86842, 0.87081, 
0.85341, 0.86523, 0.86857, 0.86275, 0.86045, 0.86603, 0.87211, 
0.8707, 0.8631, 0.86944, 0.86606, 0.1149, 0.1472, 0.1657, 0.1821, 
0.2069, 0.228, 0.253, 0.2761, 0.289, 0.3199, 0.3338, 217.1, 241.6, 
252.1, 270.1, 285.3, 304.5, 322.6, 342.6, 363.8, 378.3, 383.6, 
1, 1, 1, 1, 1, 1, 1, 1, 1, 1, 1, 1, 1, 1, 1, 1, 1, 1, 1, 1, 1, 
1, 1, 1, 1, 1, 1, 1, 1, 1, 1, 1, 1, 1, 1, 1, 1, 1, 1, 1, 1, 1, 
1, 1, 4.223, 5.786, 6.344, 5.985, 6.614, 6.64, 7.328, 6.026, 
6.097, 6.346, 6.769), .Dim = c(11L, 40L), .Dimnames = list(NULL, 
    c("Sampling", "PSO.cost", "PSO.gamma", "PSO.data.balancing", 
    "PSO.feature.selection", "PSO.valid.acc", "PSO.test.acc", 
    "PSO.train.time", "PSO.n.support.vectors", "PSO.index", "PSO.n.solutions", 
    "PSO.generations", "PSO.n.evaluations", "PSO.cpu.time", "RS.cost", 
    "RS.gamma", "RS.data.balancing", "RS.feature.selection", 
    "RS.valid.acc", "RS.test.acc", "RS.train.time", "RS.n.support.vectors", 
    "RS.index", "RS.n.solutions", "RS.generations", "RS.n.evaluations", 
    "RS.cpu.time", "DF.cost", "DF.gamma", "DF.data.balancing", 
    "DF.feature.selection", "DF.valid.acc", "DF.test.acc", "DF.train.time", 
    "DF.n.support.vectors", "DF.index", "DF.n.solutions", "DF.generations", 
    "DF.n.evaluations", "DF.cpu.time")))
