full <-
structure(c(50, 55, 60, 65, 70, 75, 80, 85, 90, 95, 100, 0.46959, 
3.1393, 9.00324, 3.55141, 2.20053, 3.98751, 2.20524, 1.62922, 
1.7389, 1.52043, 4.92967, -4.72185, -4.26647, -12.17672, -7.20329, 
-4.44442, -6.36497, -3.97754, -4.33313, -4.62205, -3.83087, -6.51782, 
0, 0, 0, 0, 0, 0, 0, 0, 0, 0, 0, 0, 0, 0, 0, 0, 0, 0, 0, 0, 0, 
0, 0.87841, 0.88584, 0.88929, 0.87887, 0.88613, 0.88494, 0.88024, 
0.88293, 0.88636, 0.8894, 0.89167, 0.87456, 0.87199, 0.87974, 
0.8686, 0.8793, 0.88242, 0.86955, 0.88623, 0.87894, 0.87843, 
0.88215, 0.1175, 0.1288, 0.1196, 0.1457, 0.182, 0.1738, 0.2502, 
0.2619, 0.2854, 0.3628, 0.2887, 224.2, 221, 170.6, 200.7, 272.5, 
221.5, 345.4, 341.2, 337.7, 421.4, 280.1, 1021, 290, 551, 1138, 
652, 793, 608, 1804, 1534, 1374, 2049, 47, 36, 240, 17, 230, 
41, 620, 7, 15, 9, 7, 100, 100, 100, 100, 100, 100, 100, 100, 
100, 100, 100, 2500, 2500, 2500, 2500, 2500, 2500, 2500, 2500, 
2500, 2500, 2500, 9926.71, 10220.586, 10153.163, 10598.827, 11825.443, 
11796.625, 13581.473, 13597.154, 14297.349, 16272.661, 15230.098, 
9.43482, 2.39083, 9.01895, 3.7755, 1.75017, 3.12878, 2.72816, 
1.55287, 3.71809, 1.17065, 5.20763, -7.79648, -5.8748, -11.93583, 
-7.52182, -4.17391, -5.90211, -4.40063, -3.88317, -5.5422, -3.67866, 
-6.62616, 0, 0, 0, 0, 0, 0, 0, 0, 0, 0, 0, 0, 0, 0, 0, 0, 0, 
0, 0, 0, 0, 0, 0.87464, 0.8875, 0.88926, 0.87593, 0.88341, 0.88367, 
0.87786, 0.87958, 0.88426, 0.88544, 0.88977, 0.85548, 0.88584, 
0.87815, 0.8657, 0.87523, 0.87614, 0.87549, 0.88174, 0.88002, 
0.87743, 0.88216, 0.1123, 0.1141, 0.1233, 0.1392, 0.1894, 0.1824, 
0.2304, 0.2926, 0.2406, 0.3602, 0.282, 124.2, 182.3, 169, 201.4, 
292.1, 236.2, 311.4, 373.3, 275.4, 440.7, 277.3, 1771, 641, 127, 
282, 357, 891, 2059, 442, 498, 1835, 76, 2, 1, 2, 4, 1, 1, 1, 
3, 1, 1, 1, 100, 100, 100, 100, 100, 100, 100, 100, 100, 100, 
100, 2500, 2500, 2500, 2500, 2500, 2500, 2500, 2500, 2500, 2500, 
2500, 10538.614, 11107.734, 11730.652, 12538.375, 13121.887, 
14234.178, 15090.414, 15959.831, 16979.61, 18373.146, 19829.146, 
1, 1, 1, 1, 1, 1, 1, 1, 1, 1, 1, 0.02439, 0.02439, 0.02439, 0.02439, 
0.02439, 0.02439, 0.02439, 0.02439, 0.02439, 0.02439, 0.02439, 
0, 0, 0, 0, 0, 0, 0, 0, 0, 0, 0, 0, 0, 0, 0, 0, 0, 0, 0, 0, 0, 
0, 0.8594, 0.86866, 0.86863, 0.86423, 0.86444, 0.86725, 0.87315, 
0.86504, 0.87052, 0.87152, 0.8735, 0.85562, 0.86687, 0.87339, 
0.85255, 0.86437, 0.86728, 0.86364, 0.86839, 0.87362, 0.87051, 
0.8716, 0.1178, 0.1344, 0.1454, 0.1694, 0.1804, 0.212, 0.2293, 
0.2586, 0.2756, 0.3088, 0.3435, 219.2, 231.4, 249.1, 269.3, 281.3, 
302.9, 323.6, 336.2, 350.4, 369.8, 384.8, 1, 1, 1, 1, 1, 1, 1, 
1, 1, 1, 1, 1, 1, 1, 1, 1, 1, 1, 1, 1, 1, 1, 1, 1, 1, 1, 1, 1, 
1, 1, 1, 1, 1, 1, 1, 1, 1, 1, 1, 1, 1, 1, 1, 1, 4.026, 4.199, 
4.175, 4.449, 4.597, 4.907, 5.122, 5.502, 5.632, 6.141, 6.553
), .Dim = c(11L, 40L), .Dimnames = list(NULL, c("Sampling", "PSO.cost", 
"PSO.gamma", "PSO.data.balancing", "PSO.feature.selection", "PSO.valid.acc", 
"PSO.test.acc", "PSO.train.time", "PSO.n.support.vectors", "PSO.index", 
"PSO.n.solutions", "PSO.generations", "PSO.n.evaluations", "PSO.cpu.time", 
"RS.cost", "RS.gamma", "RS.data.balancing", "RS.feature.selection", 
"RS.valid.acc", "RS.test.acc", "RS.train.time", "RS.n.support.vectors", 
"RS.index", "RS.n.solutions", "RS.generations", "RS.n.evaluations", 
"RS.cpu.time", "DF.cost", "DF.gamma", "DF.data.balancing", "DF.feature.selection", 
"DF.valid.acc", "DF.test.acc", "DF.train.time", "DF.n.support.vectors", 
"DF.index", "DF.n.solutions", "DF.generations", "DF.n.evaluations", 
"DF.cpu.time")))
