full <-
structure(c(50, 55, 60, 65, 70, 75, 80, 85, 90, 95, 100, 4.2835, 
3.28507, 6.6934, 0.38826, 6.69419, 4.47698, 5.87979, 5.34357, 
5.35416, 4.23471, 2.36485, -6.73414, -7.31451, -7.45941, -3.5028, 
-6.8258, -5.72522, -7.9623, -6.32034, -5.55657, -5.47581, -4.5702, 
0, 0, 0, 0, 0, 0, 0, 0, 0, 0, 0, 0, 0, 0, 0, 0, 0, 0, 0, 0, 0, 
0, 0.9107, 0.90151, 0.89876, 0.89209, 0.89444, 0.89501, 0.89213, 
0.89293, 0.89268, 0.88634, 0.89256, 0.89169, 0.88944, 0.88284, 
0.88467, 0.89031, 0.8773, 0.88612, 0.89738, 0.88214, 0.88534, 
0.88778, 0.092, 0.1142, 0.1234, 0.2037, 0.1571, 0.1715, 0.1961, 
0.2086, 0.2603, 0.2816, 0.3533, 133.6, 161.5, 153.1, 329.5, 171.5, 
207.1, 211.6, 221, 251.5, 283.5, 362.1, 79, 535, 400, 1947, 610, 
790, 729, 429, 1170, 668, 2028, 495, 108, 117, 7, 106, 281, 203, 
97, 79, 438, 2, 100, 100, 100, 100, 100, 100, 100, 100, 100, 
100, 100, 2500, 2500, 2500, 2500, 2500, 2500, 2500, 2500, 2500, 
2500, 2500, 10048.287, 10805.743, 10980.882, 12119.761, 11570.211, 
12159.087, 12715.138, 13248.683, 15669.285, 16253.667, 17736.344, 
2.94145, 3.03063, 1.13781, 0.55012, 6.89555, 4.59822, 7.53242, 
8.28254, 2.29661, 4.80832, 5.26293, -6.04042, -7.07287, -5.16757, 
-4.84557, -6.92929, -5.80092, -8.02294, -8.33619, -4.74838, -5.52187, 
-5.32082, 0, 0, 0, 0, 0, 0, 0, 0, 0, 0, 0, 0, 0, 0, 0, 0, 0, 
0, 0, 0, 0, 0, 0.90878, 0.90151, 0.89715, 0.89064, 0.89307, 0.89374, 
0.88972, 0.89182, 0.89161, 0.88633, 0.89067, 0.89739, 0.88596, 
0.88924, 0.87738, 0.89031, 0.87855, 0.88138, 0.88513, 0.87899, 
0.88236, 0.87734, 0.0978, 0.1113, 0.1445, 0.1743, 0.1578, 0.176, 
0.1951, 0.2248, 0.2796, 0.2861, 0.3278, 150.3, 161.9, 226.6, 
266.4, 170.1, 205.3, 197.8, 207.7, 320, 277.1, 287.8, 123, 198, 
823, 1100, 715, 1397, 541, 21, 1364, 1731, 3, 3, 2, 2, 1, 1, 
2, 1, 1, 1, 1, 1, 100, 100, 100, 100, 100, 100, 100, 100, 100, 
100, 100, 2500, 2500, 2500, 2500, 2500, 2500, 2500, 2500, 2500, 
2500, 2500, 11203.771, 11931.905, 12522.354, 13166.57, 13651.783, 
14498.603, 15483.104, 16482.689, 18827.675, 20168.139, 21330.138, 
1, 1, 1, 1, 1, 1, 1, 1, 1, 1, 1, 0.02439, 0.02439, 0.02439, 0.02439, 
0.02439, 0.02439, 0.02439, 0.02439, 0.02439, 0.02439, 0.02439, 
0, 0, 0, 0, 0, 0, 0, 0, 0, 0, 0, 0, 0, 0, 0, 0, 0, 0, 0, 0, 0, 
0, 0.88795, 0.88245, 0.88452, 0.87747, 0.87808, 0.87844, 0.88617, 
0.87954, 0.8821, 0.87234, 0.87637, 0.88991, 0.8894, 0.87971, 
0.87597, 0.87811, 0.87592, 0.88379, 0.88404, 0.87895, 0.87634, 
0.88017, 0.1164, 0.1315, 0.1501, 0.168, 0.1862, 0.2144, 0.2288, 
0.2569, 0.2832, 0.314, 0.3532, 202.5, 221.6, 241.3, 261, 286.2, 
299, 309, 325.5, 341.9, 363.4, 387, 1, 1, 1, 1, 1, 1, 1, 1, 1, 
1, 1, 1, 1, 1, 1, 1, 1, 1, 1, 1, 1, 1, 1, 1, 1, 1, 1, 1, 1, 1, 
1, 1, 1, 1, 1, 1, 1, 1, 1, 1, 1, 1, 1, 1, 4.121, 4.459, 4.535, 
4.705, 4.893, 5.178, 5.198, 5.618, 6.407, 6.863, 7.126), .Dim = c(11L, 
40L), .Dimnames = list(NULL, c("Sampling", "PSO.cost", "PSO.gamma", 
"PSO.data.balancing", "PSO.feature.selection", "PSO.valid.acc", 
"PSO.test.acc", "PSO.train.time", "PSO.n.support.vectors", "PSO.index", 
"PSO.n.solutions", "PSO.generations", "PSO.n.evaluations", "PSO.cpu.time", 
"RS.cost", "RS.gamma", "RS.data.balancing", "RS.feature.selection", 
"RS.valid.acc", "RS.test.acc", "RS.train.time", "RS.n.support.vectors", 
"RS.index", "RS.n.solutions", "RS.generations", "RS.n.evaluations", 
"RS.cpu.time", "DF.cost", "DF.gamma", "DF.data.balancing", "DF.feature.selection", 
"DF.valid.acc", "DF.test.acc", "DF.train.time", "DF.n.support.vectors", 
"DF.index", "DF.n.solutions", "DF.generations", "DF.n.evaluations", 
"DF.cpu.time")))
