full <-
structure(c(50, 55, 60, 65, 70, 75, 80, 85, 90, 95, 100, 3.49704, 
15, 6.04321, -0.16225, 8.71811, 4.48751, 2.9175, 2.19308, 2.32715, 
3.97282, 0.96974, -5.394, -12.57809, -7.54537, -3.97749, -9.54479, 
-6.00886, -6.03736, -5.15138, -6.71812, -5.71047, -5.14442, 0, 
0, 0, 0, 0, 0, 0, 0, 0, 0, 0, 0, 0, 0, 0, 0, 0, 0, 0, 0, 0, 0, 
0.88233, 0.88755, 0.89094, 0.88173, 0.8863, 0.88635, 0.89001, 
0.88735, 0.88516, 0.8924, 0.88684, 0.86694, 0.86689, 0.87973, 
0.8701, 0.87543, 0.86741, 0.88049, 0.8829, 0.88095, 0.88245, 
0.88303, 0.1084, 0.2225, 0.1244, 0.2022, 0.1682, 0.1822, 0.2106, 
0.242, 0.2623, 0.2812, 0.3319, 176.3, 133.6, 156.1, 321.9, 186.3, 
216.3, 251.7, 301.1, 298, 288.9, 365.3, 1398, 2068, 1972, 665, 
939, 1500, 1056, 612, 647, 1858, 1732, 185, 2, 5, 146, 56, 75, 
48, 300, 235, 7, 11, 100, 100, 100, 100, 100, 100, 100, 100, 
100, 100, 100, 2500, 2500, 2500, 2500, 2500, 2500, 2500, 2500, 
2500, 2500, 2500, 10140.488, 11431.703, 11370.513, 12931.502, 
12738.931, 12660.505, 13254.467, 14321.804, 14760.844, 15371.389, 
16415.6569999999, 4.11142, 12.24509, 5.02794, 1.23034, 11.92119, 
2.55378, 3.51126, 2.23834, 1.51505, 3.40074, 0.94083, -5.85721, 
-11.09424, -7.05146, -4.06579, -10.92258, -7.45227, -6.30354, 
-5.25086, -6.14432, -5.32949, -5.35313, 0, 0, 0, 0, 0, 0, 0, 
0, 0, 0, 0, 0, 0, 0, 0, 0, 0, 0, 0, 0, 0, 0, 0.87852, 0.8841, 
0.88779, 0.8789, 0.88358, 0.88494, 0.88884, 0.88624, 0.88303, 
0.88942, 0.88399, 0.87075, 0.87028, 0.8829, 0.86575, 0.87404, 
0.87996, 0.88287, 0.8829, 0.88094, 0.88444, 0.884, 0.101, 0.1511, 
0.126, 0.1925, 0.213, 0.1897, 0.1957, 0.2453, 0.2627, 0.2879, 
0.3274, 157.8, 136.5, 160.8, 298.5, 181.4, 245.1, 244, 296.9, 
310.7, 308.4, 359.2, 601, 259, 478, 895, 2186, 47, 2225, 1543, 
1356, 2426, 662, 2, 3, 2, 1, 1, 2, 1, 1, 2, 1, 2, 100, 100, 100, 
100, 100, 100, 100, 100, 100, 100, 100, 2500, 2500, 2500, 2500, 
2500, 2500, 2500, 2500, 2500, 2500, 2500, 11083.035, 12295.533, 
12948.02, 13646.024, 14299.443, 15231.423, 16263.246, 17339.238, 
18075.645, 19300.881, 20355.3, 1, 1, 1, 1, 1, 1, 1, 1, 1, 1, 
1, 0.02439, 0.02439, 0.02439, 0.02439, 0.02439, 0.02439, 0.02439, 
0.02439, 0.02439, 0.02439, 0.02439, 0, 0, 0, 0, 0, 0, 0, 0, 0, 
0, 0, 0, 0, 0, 0, 0, 0, 0, 0, 0, 0, 0, 0.84597, 0.86175, 0.8669, 
0.86283, 0.86588, 0.87483, 0.88276, 0.87403, 0.87249, 0.87649, 
0.87257, 0.85541, 0.86172, 0.8669, 0.86865, 0.86723, 0.8673, 
0.87333, 0.8729, 0.87037, 0.87846, 0.87355, 0.1159, 0.1387, 0.1544, 
0.1762, 0.1927, 0.2132, 0.2326, 0.2664, 0.2923, 0.3178, 0.3438, 
220.5, 232.2, 246.3, 269.3, 287.9, 301, 319.4, 339.3, 357, 373.7, 
383.8, 1, 1, 1, 1, 1, 1, 1, 1, 1, 1, 1, 1, 1, 1, 1, 1, 1, 1, 
1, 1, 1, 1, 1, 1, 1, 1, 1, 1, 1, 1, 1, 1, 1, 1, 1, 1, 1, 1, 1, 
1, 1, 1, 1, 1, 4.155, 4.426, 4.718, 4.933, 4.982, 5.364, 5.409, 
5.868, 6.055, 6.348, 6.708), .Dim = c(11L, 40L), .Dimnames = list(
    NULL, c("Sampling", "PSO.cost", "PSO.gamma", "PSO.data.balancing", 
    "PSO.feature.selection", "PSO.valid.acc", "PSO.test.acc", 
    "PSO.train.time", "PSO.n.support.vectors", "PSO.index", "PSO.n.solutions", 
    "PSO.generations", "PSO.n.evaluations", "PSO.cpu.time", "RS.cost", 
    "RS.gamma", "RS.data.balancing", "RS.feature.selection", 
    "RS.valid.acc", "RS.test.acc", "RS.train.time", "RS.n.support.vectors", 
    "RS.index", "RS.n.solutions", "RS.generations", "RS.n.evaluations", 
    "RS.cpu.time", "DF.cost", "DF.gamma", "DF.data.balancing", 
    "DF.feature.selection", "DF.valid.acc", "DF.test.acc", "DF.train.time", 
    "DF.n.support.vectors", "DF.index", "DF.n.solutions", "DF.generations", 
    "DF.n.evaluations", "DF.cpu.time")))
