full <-
structure(c(50, 55, 60, 65, 70, 75, 80, 85, 90, 95, 100, 4.08802, 
0.74971, 1.0218, -0.04743, 1.72074, 1.65006, 2.88464, 3.02285, 
3.24319, 1.93964, 2.98286, -5.94701, -3.98821, -4.77597, -4.48949, 
-3.84713, -3.99712, -5.60534, -5.54802, -6.61388, -6.16788, -4.61333, 
0, 0, 0, 0, 0, 0, 0, 0, 0, 0, 0, 0, 0, 0, 0, 0, 0, 0, 0, 0, 0, 
0, 0.86923, 0.87076, 0.87814, 0.87296, 0.88745, 0.87991, 0.8863, 
0.87963, 0.88328, 0.88632, 0.89353, 0.85584, 0.85857, 0.87177, 
0.86563, 0.87525, 0.86976, 0.87331, 0.87742, 0.87801, 0.88233, 
0.88504, 0.1083, 0.1585, 0.1632, 0.1973, 0.2267, 0.2423, 0.2209, 
0.2377, 0.2523, 0.2856, 0.2256, 176.5, 272.3, 252.4, 298.1, 324.6, 
331.5, 272.1, 280.3, 282, 314.3, 352.8, 131, 1673, 1111, 668, 
1166, 318, 350, 1060, 719, 971, 762, 451, 28, 381, 317, 394, 
145, 57, 170, 74, 37, 289, 100, 100, 100, 100, 100, 100, 100, 
100, 100, 100, 100, 2500, 2500, 2500, 2500, 2500, 2500, 2500, 
2500, 2500, 2500, 2500, 10268.787, 14221.508, 14668.364, 15607.309, 
16598.466, 16898.629, 17030.725, 14263.775, 15074.479, 15499.757, 
18283.931, 4.38479, 2.98713, 2.05362, -0.18145, 1.22379, 5.55702, 
2.88215, 2.42198, 2.18792, 2.0474, 3.0412, -6.17958, -5.14733, 
-4.71634, -4.49662, -3.82923, -6.29639, -5.5959, -5.62079, -4.71399, 
-6.18123, -4.66465, 0, 0, 0, 0, 0, 0, 0, 0, 0, 0, 0, 0, 0, 0, 
0, 0, 0, 0, 0, 0, 0, 0, 0.86734, 0.86901, 0.87651, 0.87292, 0.88069, 
0.87989, 0.88511, 0.87738, 0.88319, 0.88432, 0.89353, 0.8578, 
0.86889, 0.88132, 0.86128, 0.87795, 0.871, 0.8745, 0.87402, 0.87791, 
0.88233, 0.88504, 0.1095, 0.14, 0.1635, 0.1971, 0.23, 0.1988, 
0.2288, 0.2395, 0.2875, 0.285, 0.2196, 171.4, 206.6, 244.9, 300.7, 
332.4, 220.1, 272.8, 288.5, 333.9, 312.3, 349, 2144, 2001, 2074, 
187, 731, 2138, 1112, 2404, 2362, 1063, 2297, 1, 2, 1, 1, 1, 
1, 1, 1, 1, 1, 1, 100, 100, 100, 100, 100, 100, 100, 100, 100, 
100, 100, 2500, 2500, 2500, 2500, 2500, 2500, 2500, 2500, 2500, 
2500, 2500, 12617.214, 15225.506, 15897.818, 16790.413, 17307.18, 
18266.392, 17130.71, 16945.301, 18140.896, 19164.172, 20408.735, 
1, 1, 1, 1, 1, 1, 1, 1, 1, 1, 1, 0.02439, 0.02439, 0.02439, 0.02439, 
0.02439, 0.02439, 0.02439, 0.02439, 0.02439, 0.02439, 0.02439, 
0, 0, 0, 0, 0, 0, 0, 0, 0, 0, 0, 0, 0, 0, 0, 0, 0, 0, 0, 0, 0, 
0, 0.84811, 0.84829, 0.85751, 0.86128, 0.86175, 0.86851, 0.87092, 
0.86514, 0.87476, 0.87636, 0.87918, 0.83676, 0.84998, 0.86532, 
0.8541, 0.86174, 0.87486, 0.87328, 0.87295, 0.87585, 0.8704, 
0.88017, 0.1219, 0.1421, 0.1605, 0.1849, 0.1995, 0.2188, 0.1528, 
0.2671, 0.2922, 0.3106, 0.2238, 223.9, 241.6, 253.6, 273.5, 289.6, 
303.7, 325.9, 341.3, 356.6, 367.4, 382.1, 1, 1, 1, 1, 1, 1, 1, 
1, 1, 1, 1, 1, 1, 1, 1, 1, 1, 1, 1, 1, 1, 1, 1, 1, 1, 1, 1, 1, 
1, 1, 1, 1, 1, 1, 1, 1, 1, 1, 1, 1, 1, 1, 1, 1, 5.383, 5.626, 
5.92, 6.193, 6.237, 6.46, 3.862, 5.852, 6.143, 6.287, 5.757), .Dim = c(11L, 
40L), .Dimnames = list(NULL, c("Sampling", "PSO.cost", "PSO.gamma", 
"PSO.data.balancing", "PSO.feature.selection", "PSO.valid.acc", 
"PSO.test.acc", "PSO.train.time", "PSO.n.support.vectors", "PSO.index", 
"PSO.n.solutions", "PSO.generations", "PSO.n.evaluations", "PSO.cpu.time", 
"RS.cost", "RS.gamma", "RS.data.balancing", "RS.feature.selection", 
"RS.valid.acc", "RS.test.acc", "RS.train.time", "RS.n.support.vectors", 
"RS.index", "RS.n.solutions", "RS.generations", "RS.n.evaluations", 
"RS.cpu.time", "DF.cost", "DF.gamma", "DF.data.balancing", "DF.feature.selection", 
"DF.valid.acc", "DF.test.acc", "DF.train.time", "DF.n.support.vectors", 
"DF.index", "DF.n.solutions", "DF.generations", "DF.n.evaluations", 
"DF.cpu.time")))
