full <-
structure(c(50, 55, 60, 65, 70, 75, 80, 85, 90, 95, 100, 1.28886, 
7.51956, 6.60195, 8.83538, 5.42918, 2.80603, 3.63477, 4.42815, 
3.44533, 2.8025, 3.11876, -4.86892, -10.82205, -6.73969, -6.70934, 
-8.79206, -4.90506, -5.30153, -7.83141, -4.69142, -4.22839, -4.75508, 
0, 0, 0, 0, 0, 0, 0, 0, 0, 0, 0, 0, 0, 0, 0, 0, 0, 0, 0, 0, 0, 
0, 0.8878, 0.87374, 0.88772, 0.87572, 0.87669, 0.88998, 0.88029, 
0.88187, 0.88842, 0.88532, 0.89347, 0.87833, 0.86688, 0.87341, 
0.8611, 0.87262, 0.87355, 0.87083, 0.86959, 0.88, 0.87139, 0.88394, 
0.123, 0.1237, 0.1385, 0.1818, 0.1699, 0.2156, 0.2258, 0.2361, 
0.2999, 0.3417, 0.3308, 205.5, 168.5, 168.9, 160.9, 211.9, 269.4, 
261.1, 263, 320.4, 367.6, 342.9, 700, 330, 1467, 774, 367, 876, 
1550, 1048, 622, 505, 611, 325, 129, 61, 100, 42, 152, 9, 229, 
214, 119, 203, 100, 100, 100, 100, 100, 100, 100, 100, 100, 100, 
100, 2500, 2500, 2500, 2500, 2500, 2500, 2500, 2500, 2500, 2500, 
2500, 12614.212, 12726.025, 14540.31, 13909.046, 13728.22, 15014.475, 
16212.327, 15620.46, 16855.248, 17915.591, 17884.788, 1.0116, 
8.66934, 6.56467, 4.93531, 6.25965, 2.77512, 2.3991, 1.40801, 
3.38655, 4.49348, 0.80161, -4.36947, -11.34204, -6.72639, -7.13385, 
-9.50161, -5.12982, -4.76582, -3.69053, -4.89844, -7.95965, -3.73318, 
0, 0, 0, 0, 0, 0, 0, 0, 0, 0, 0, 0, 0, 0, 0, 0, 0, 0, 0, 0, 0, 
0, 0.88228, 0.87036, 0.88772, 0.87287, 0.87532, 0.88623, 0.87791, 
0.87958, 0.88526, 0.88237, 0.89061, 0.88032, 0.86171, 0.87341, 
0.86556, 0.86992, 0.87482, 0.8708, 0.86843, 0.88, 0.86937, 0.88776, 
0.1288, 0.1211, 0.1361, 0.1532, 0.1671, 0.2125, 0.2452, 0.325, 
0.2929, 0.277, 0.4105, 226.9, 162.6, 168.9, 194.8, 210.3, 260.3, 
299.2, 398.8, 311.8, 284.6, 453.2, 1229, 348, 839, 2397, 1868, 
51, 1768, 2137, 650, 18, 2448, 1, 5, 1, 1, 1, 1, 1, 1, 4, 1, 
1, 100, 100, 100, 100, 100, 100, 100, 100, 100, 100, 100, 2500, 
2500, 2500, 2500, 2500, 2500, 2500, 2500, 2500, 2500, 2500, 13155.683, 
14042.606, 14278.523, 15529.242, 15965.04, 16709.467, 17612.366, 
18724.885, 19709.893, 20657.872, 21232.785, 1, 1, 1, 1, 1, 1, 
1, 1, 1, 1, 1, 0.02439, 0.02439, 0.02439, 0.02439, 0.02439, 0.02439, 
0.02439, 0.02439, 0.02439, 0.02439, 0.02439, 0, 0, 0, 0, 0, 0, 
0, 0, 0, 0, 0, 0, 0, 0, 0, 0, 0, 0, 0, 0, 0, 0, 0.86672, 0.84955, 
0.85607, 0.85978, 0.86175, 0.86855, 0.86721, 0.86735, 0.87263, 
0.87436, 0.87539, 0.86868, 0.85478, 0.85607, 0.8598, 0.8604, 
0.8711, 0.86959, 0.8707, 0.86947, 0.86937, 0.87917, 0.1233, 0.1419, 
0.162, 0.1816, 0.2028, 0.2264, 0.2521, 0.2831, 0.299, 0.3331, 
0.3397, 213.6, 237.1, 254.2, 272.3, 289.5, 307.8, 323.6, 347.3, 
359.2, 371.3, 384.5, 1, 1, 1, 1, 1, 1, 1, 1, 1, 1, 1, 1, 1, 1, 
1, 1, 1, 1, 1, 1, 1, 1, 1, 1, 1, 1, 1, 1, 1, 1, 1, 1, 1, 1, 1, 
1, 1, 1, 1, 1, 1, 1, 1, 1, 5.148, 4.981, 5.195, 5.55, 5.856, 
5.863, 6.173, 6.567, 6.666, 6.983, 6.975), .Dim = c(11L, 40L), .Dimnames = list(
    NULL, c("Sampling", "PSO.cost", "PSO.gamma", "PSO.data.balancing", 
    "PSO.feature.selection", "PSO.valid.acc", "PSO.test.acc", 
    "PSO.train.time", "PSO.n.support.vectors", "PSO.index", "PSO.n.solutions", 
    "PSO.generations", "PSO.n.evaluations", "PSO.cpu.time", "RS.cost", 
    "RS.gamma", "RS.data.balancing", "RS.feature.selection", 
    "RS.valid.acc", "RS.test.acc", "RS.train.time", "RS.n.support.vectors", 
    "RS.index", "RS.n.solutions", "RS.generations", "RS.n.evaluations", 
    "RS.cpu.time", "DF.cost", "DF.gamma", "DF.data.balancing", 
    "DF.feature.selection", "DF.valid.acc", "DF.test.acc", "DF.train.time", 
    "DF.n.support.vectors", "DF.index", "DF.n.solutions", "DF.generations", 
    "DF.n.evaluations", "DF.cpu.time")))
