full <-
structure(c(50, 55, 60, 65, 70, 75, 80, 85, 90, 95, 100, 1.72684, 
4.39797, 4.64872, 6.54744, 0.01448, 0.52732, 0.65106, 2.49626, 
1.43993, 10.68176, 6.13962, -5.06098, -7.50515, -6.80909, -10.48163, 
-5.01081, -4.16003, -4.87303, -5.42124, -4.12868, -9.72839, -5.58253, 
0, 0, 0, 0, 0, 0, 0, 0, 0, 0, 0, 0, 0, 0, 0, 0, 0, 0, 0, 0, 0, 
0, 0.86491, 0.88254, 0.86703, 0.87291, 0.86984, 0.88108, 0.88267, 
0.87744, 0.88316, 0.89136, 0.89075, 0.86107, 0.86696, 0.85756, 
0.85976, 0.86307, 0.86964, 0.87313, 0.87632, 0.87579, 0.87343, 
0.87561, 0.1191, 0.1189, 0.1387, 0.1565, 0.2133, 0.2491, 0.2502, 
0.2567, 0.3294, 0.3556, 0.3192, 203.2, 175.1, 182.5, 201.8, 304.3, 
341.8, 321.2, 289, 379.9, 248.7, 273.8, 1711, 460, 1059, 1120, 
557, 682, 2225, 883, 188, 1513, 1067, 46, 194, 50, 21, 86, 310, 
10, 179, 83, 24, 256, 100, 100, 100, 100, 100, 100, 100, 100, 
100, 100, 100, 2500, 2500, 2500, 2500, 2500, 2500, 2500, 2500, 
2500, 2500, 2500, 10794.245, 10958.461, 13058.898, 14474.069, 
15986.585, 16748.658, 17422.484, 17583.286, 17994.958, 18928.149, 
19247.082, 1.1944, 4.62265, 4.04626, 9.1763, 0.87204, 0.88279, 
0.20501, 2.33903, 2.29657, 7.34164, 5.96283, -4.80967, -7.63405, 
-6.03266, -13.25527, -5.32485, -4.5742, -3.67081, -5.35637, -6.03419, 
-8.06586, -5.28707, 0, 0, 0, 0, 0, 0, 0, 0, 0, 0, 0, 0, 0, 0, 
0, 0, 0, 0, 0, 0, 0, 0, 0.86484, 0.88254, 0.86544, 0.87001, 0.86843, 
0.87727, 0.88142, 0.87521, 0.88211, 0.89135, 0.88885, 0.85533, 
0.86524, 0.85758, 0.86417, 0.86568, 0.87095, 0.87676, 0.87521, 
0.87579, 0.87641, 0.87468, 0.1208, 0.1182, 0.1445, 0.1577, 0.1998, 
0.2364, 0.2971, 0.2578, 0.2697, 0.2888, 0.3329, 216.2, 174.1, 
193.4, 202.9, 277, 312.3, 397.3, 294.5, 297.4, 257.2, 283.4, 
2374, 410, 2199, 823, 1340, 493, 1165, 542, 1406, 509, 13, 1, 
1, 1, 1, 1, 1, 1, 2, 2, 1, 1, 100, 100, 100, 100, 100, 100, 100, 
100, 100, 100, 100, 2500, 2500, 2500, 2500, 2500, 2500, 2500, 
2500, 2500, 2500, 2500, 11583.692, 12370.467, 15544.586, 16482.592, 
17232.553, 18519.662, 19421.802, 20580.641, 20792.43, 22383.075, 
23134.768, 1, 1, 1, 1, 1, 1, 1, 1, 1, 1, 1, 0.02439, 0.02439, 
0.02439, 0.02439, 0.02439, 0.02439, 0.02439, 0.02439, 0.02439, 
0.02439, 0.02439, 0, 0, 0, 0, 0, 0, 0, 0, 0, 0, 0, 0, 0, 0, 0, 
0, 0, 0, 0, 0, 0, 0, 0.85156, 0.85148, 0.84803, 0.85827, 0.85897, 
0.87094, 0.86838, 0.8674, 0.87158, 0.88134, 0.87179, 0.85541, 
0.85489, 0.84642, 0.86556, 0.86442, 0.8697, 0.8648, 0.8707, 0.87158, 
0.87734, 0.87749, 0.1202, 0.1421, 0.1654, 0.1851, 0.2086, 0.2279, 
0.251, 0.2753, 0.3027, 0.3256, 0.35, 217.2, 238.8, 255.9, 272, 
294.2, 307.1, 324.6, 341.8, 358.1, 368.8, 384.6, 1, 1, 1, 1, 
1, 1, 1, 1, 1, 1, 1, 1, 1, 1, 1, 1, 1, 1, 1, 1, 1, 1, 1, 1, 1, 
1, 1, 1, 1, 1, 1, 1, 1, 1, 1, 1, 1, 1, 1, 1, 1, 1, 1, 1, 4.386, 
4.606, 5.827, 6.059, 6.368, 6.532, 6.939, 6.962, 7.181, 7.679, 
7.744), .Dim = c(11L, 40L), .Dimnames = list(NULL, c("Sampling", 
"PSO.cost", "PSO.gamma", "PSO.data.balancing", "PSO.feature.selection", 
"PSO.valid.acc", "PSO.test.acc", "PSO.train.time", "PSO.n.support.vectors", 
"PSO.index", "PSO.n.solutions", "PSO.generations", "PSO.n.evaluations", 
"PSO.cpu.time", "RS.cost", "RS.gamma", "RS.data.balancing", "RS.feature.selection", 
"RS.valid.acc", "RS.test.acc", "RS.train.time", "RS.n.support.vectors", 
"RS.index", "RS.n.solutions", "RS.generations", "RS.n.evaluations", 
"RS.cpu.time", "DF.cost", "DF.gamma", "DF.data.balancing", "DF.feature.selection", 
"DF.valid.acc", "DF.test.acc", "DF.train.time", "DF.n.support.vectors", 
"DF.index", "DF.n.solutions", "DF.generations", "DF.n.evaluations", 
"DF.cpu.time")))
