full <-
structure(c(50, 55, 60, 65, 70, 75, 80, 85, 90, 95, 100, 4.69628, 
2.56132, 1.06551, 4.24265, 3.76955, 5.38791, 2.47112, 11.20082, 
4.17402, 5.10695, 3.0439, -5.4478, -6.24274, -5.06407, -5.76857, 
-5.38693, -5.48744, -5.49044, -8.94404, -5.74036, -5.72787, -4.66686, 
0, 0, 0, 0, 0, 0, 0, 0, 0, 0, 0, 0, 0, 0, 0, 0, 0, 0, 0, 0, 0, 
0, 0.90301, 0.90307, 0.88781, 0.89482, 0.89424, 0.8962, 0.89452, 
0.88851, 0.90312, 0.89728, 0.89255, 0.87638, 0.8787, 0.87524, 
0.88459, 0.8875, 0.89495, 0.88734, 0.88285, 0.88836, 0.89633, 
0.8821, 0.099, 0.1141, 0.1458, 0.1544, 0.1777, 0.1949, 0.2246, 
0.3572, 0.2578, 0.2805, 0.334, 160.9, 185.3, 234.5, 193.1, 223.9, 
214.2, 266.7, 210.9, 264.5, 268.5, 347.6, 271, 640, 1586, 760, 
905, 1368, 1244, 937, 1274, 1102, 1490, 397, 209, 9, 341, 70, 
19, 141, 40, 60, 180, 19, 100, 100, 100, 100, 100, 100, 100, 
100, 100, 100, 100, 2500, 2500, 2500, 2500, 2500, 2500, 2500, 
2500, 2500, 2500, 2500, 9758.205, 10446.099, 10918.397, 13839.984, 
14064.66, 14985.658, 15720.465, 18884.517, 16859.193, 17308.916, 
16355.572, 4.36856, 3.3699, 1.49329, 4.14845, 3.73898, 5.47857, 
2.76449, 7.73808, 3.93125, 5.1809, 5.66771, -5.4215, -4.32954, 
-5.66737, -5.5898, -5.37253, -5.58443, -5.3776, -7.30854, -5.58614, 
-5.76156, -6.83813, 0, 0, 0, 0, 0, 0, 0, 0, 0, 0, 0, 0, 0, 0, 
0, 0, 0, 0, 0, 0, 0, 0, 0.90298, 0.90111, 0.8862, 0.89049, 0.89289, 
0.89368, 0.89099, 0.88737, 0.89996, 0.89629, 0.88784, 0.88589, 
0.89109, 0.87998, 0.88753, 0.8875, 0.89875, 0.88499, 0.8829, 
0.88836, 0.89633, 0.885, 0.0983, 0.1342, 0.1441, 0.1523, 0.1806, 
0.1969, 0.2259, 0.252, 0.2616, 0.279, 0.289, 163.6, 228.8, 213.6, 
195.2, 224.7, 212, 266.5, 216.6, 269.8, 267.3, 272.9, 179, 1531, 
426, 940, 1329, 2182, 220, 223, 1304, 2206, 1564, 3, 1, 2, 1, 
1, 1, 1, 1, 1, 1, 1, 100, 100, 100, 100, 100, 100, 100, 100, 
100, 100, 100, 2500, 2500, 2500, 2500, 2500, 2500, 2500, 2500, 
2500, 2500, 2500, 10668.753, 11513.97, 15249.292, 15699.999, 
16458.998, 17547.947, 18452.713, 19427.086, 20169.416, 21602.36, 
20027.991, 1, 1, 1, 1, 1, 1, 1, 1, 1, 1, 1, 0.02439, 0.02439, 
0.02439, 0.02439, 0.02439, 0.02439, 0.02439, 0.02439, 0.02439, 
0.02439, 0.02439, 0, 0, 0, 0, 0, 0, 0, 0, 0, 0, 0, 0, 0, 0, 0, 
0, 0, 0, 0, 0, 0, 0, 0.86883, 0.87706, 0.87504, 0.867, 0.86443, 
0.87354, 0.87912, 0.8718, 0.8767, 0.88432, 0.87457, 0.87837, 
0.87545, 0.87194, 0.87436, 0.86447, 0.87601, 0.8779, 0.87069, 
0.87353, 0.88232, 0.87457, 0.1087, 0.1317, 0.1569, 0.1742, 0.1971, 
0.2239, 0.2474, 0.2731, 0.2906, 0.3184, 0.3392, 212.1, 235.4, 
246.4, 258.9, 281.6, 298.8, 318.5, 330.5, 346.7, 365.6, 383.8, 
1, 1, 1, 1, 1, 1, 1, 1, 1, 1, 1, 1, 1, 1, 1, 1, 1, 1, 1, 1, 1, 
1, 1, 1, 1, 1, 1, 1, 1, 1, 1, 1, 1, 1, 1, 1, 1, 1, 1, 1, 1, 1, 
1, 1, 4.012, 4.196, 5.453, 5.515, 5.94, 6.223, 6.422, 6.774, 
6.846, 7.205, 6.67), .Dim = c(11L, 40L), .Dimnames = list(NULL, 
    c("Sampling", "PSO.cost", "PSO.gamma", "PSO.data.balancing", 
    "PSO.feature.selection", "PSO.valid.acc", "PSO.test.acc", 
    "PSO.train.time", "PSO.n.support.vectors", "PSO.index", "PSO.n.solutions", 
    "PSO.generations", "PSO.n.evaluations", "PSO.cpu.time", "RS.cost", 
    "RS.gamma", "RS.data.balancing", "RS.feature.selection", 
    "RS.valid.acc", "RS.test.acc", "RS.train.time", "RS.n.support.vectors", 
    "RS.index", "RS.n.solutions", "RS.generations", "RS.n.evaluations", 
    "RS.cpu.time", "DF.cost", "DF.gamma", "DF.data.balancing", 
    "DF.feature.selection", "DF.valid.acc", "DF.test.acc", "DF.train.time", 
    "DF.n.support.vectors", "DF.index", "DF.n.solutions", "DF.generations", 
    "DF.n.evaluations", "DF.cpu.time")))
