full <-
structure(c(50, 55, 60, 65, 70, 75, 80, 85, 90, 95, 100, 2.18808, 
3.02396, 3.6671, 2.88315, 2.45988, 4.04354, 2.10947, 3.87376, 
5.16599, 2.04897, 5.45942, -4.81102, -5.3615, -5.2938, -4.94425, 
-4.0711, -6.22457, -5.93606, -5.54693, -5.24403, -6.11296, -5.014, 
0, 0, 0, 0, 0, 0, 0, 0, 0, 0, 0, 0, 0, 0, 0, 0, 0, 0, 0, 0, 0, 
0, 0.88783, 0.88593, 0.8845, 0.8802, 0.8769, 0.88626, 0.88499, 
0.88175, 0.88415, 0.88439, 0.88975, 0.88772, 0.87737, 0.87183, 
0.87585, 0.87154, 0.86731, 0.88261, 0.87733, 0.88309, 0.87442, 
0.88025, 0.1187, 0.1357, 0.1484, 0.1708, 0.2023, 0.1947, 0.2263, 
0.2451, 0.2743, 0.2965, 0.3297, 205, 198, 211.9, 240.4, 304.9, 
240.1, 279, 270.6, 276.3, 316.3, 302.9, 1177, 979, 508, 203, 
1709, 2353, 1921, 1564, 331, 727, 1303, 331, 47, 149, 78, 40, 
1, 40, 121, 201, 82, 138, 100, 100, 100, 100, 100, 100, 100, 
100, 100, 100, 100, 2500, 2500, 2500, 2500, 2500, 2500, 2500, 
2500, 2500, 2500, 2500, 10845.852, 11187.263, 11616.855, 12686.704, 
13250.561, 13298.041, 14243.646, 14612.468, 16000.016, 16335.007, 
17452.777, 2.02296, 1.92837, 3.67636, 3.51387, 0.9182, 3.62636, 
2.24109, 4.04891, 5.49973, 4.48804, 1.82464, -4.7036, -4.35224, 
-5.35784, -5.29926, -4.39931, -5.99469, -5.90579, -5.67541, -5.02704, 
-6.06579, -4.23099, 0, 0, 0, 0, 0, 0, 0, 0, 0, 0, 0, 0, 0, 0, 
0, 0, 0, 0, 0, 0, 0, 0, 0.88591, 0.8859, 0.88135, 0.87726, 0.87289, 
0.88497, 0.88263, 0.87951, 0.88207, 0.88337, 0.88781, 0.88772, 
0.87386, 0.87183, 0.88167, 0.86193, 0.86602, 0.8826, 0.87733, 
0.88098, 0.88535, 0.87547, 0.1184, 0.142, 0.1475, 0.1635, 0.2085, 
0.196, 0.2231, 0.2415, 0.278, 0.2848, 0.3656, 208.8, 243.7, 210.2, 
225.1, 310.5, 244.8, 278.8, 266.8, 276.3, 283.1, 394, 327, 412, 
514, 1647, 1943, 2144, 1813, 2111, 1074, 1188, 2122, 1, 1, 2, 
1, 1, 1, 1, 1, 1, 1, 1, 100, 100, 100, 100, 100, 100, 100, 100, 
100, 100, 100, 2500, 2500, 2500, 2500, 2500, 2500, 2500, 2500, 
2500, 2500, 2500, 11525.341, 12630.83, 13010.716, 13754.692, 
14558.58, 15789.499, 16656.443, 17994.395, 19121.823, 20147.063, 
20748.272, 1, 1, 1, 1, 1, 1, 1, 1, 1, 1, 1, 0.02439, 0.02439, 
0.02439, 0.02439, 0.02439, 0.02439, 0.02439, 0.02439, 0.02439, 
0.02439, 0.02439, 0, 0, 0, 0, 0, 0, 0, 0, 0, 0, 0, 0, 0, 0, 0, 
0, 0, 0, 0, 0, 0, 0, 0.85941, 0.85124, 0.86545, 0.85249, 0.85919, 
0.86479, 0.86842, 0.85946, 0.86836, 0.86949, 0.87461, 0.85938, 
0.85992, 0.86076, 0.84665, 0.86186, 0.86227, 0.87313, 0.86171, 
0.87049, 0.87644, 0.87742, 0.1178, 0.1355, 0.1548, 0.1711, 0.1999, 
0.2092, 0.2363, 0.262, 0.2971, 0.3335, 0.3454, 211.5, 230.9, 
248.1, 263.8, 287, 299.2, 323.8, 336.7, 354.9, 373.8, 385, 1, 
1, 1, 1, 1, 1, 1, 1, 1, 1, 1, 1, 1, 1, 1, 1, 1, 1, 1, 1, 1, 1, 
1, 1, 1, 1, 1, 1, 1, 1, 1, 1, 1, 1, 1, 1, 1, 1, 1, 1, 1, 1, 1, 
1, 4.448, 4.534, 4.748, 4.684, 5.318, 5.321, 5.586, 6.026, 6.362, 
6.912, 6.64), .Dim = c(11L, 40L), .Dimnames = list(NULL, c("Sampling", 
"PSO.cost", "PSO.gamma", "PSO.data.balancing", "PSO.feature.selection", 
"PSO.valid.acc", "PSO.test.acc", "PSO.train.time", "PSO.n.support.vectors", 
"PSO.index", "PSO.n.solutions", "PSO.generations", "PSO.n.evaluations", 
"PSO.cpu.time", "RS.cost", "RS.gamma", "RS.data.balancing", "RS.feature.selection", 
"RS.valid.acc", "RS.test.acc", "RS.train.time", "RS.n.support.vectors", 
"RS.index", "RS.n.solutions", "RS.generations", "RS.n.evaluations", 
"RS.cpu.time", "DF.cost", "DF.gamma", "DF.data.balancing", "DF.feature.selection", 
"DF.valid.acc", "DF.test.acc", "DF.train.time", "DF.n.support.vectors", 
"DF.index", "DF.n.solutions", "DF.generations", "DF.n.evaluations", 
"DF.cpu.time")))
