full <-
structure(c(50, 55, 60, 65, 70, 75, 80, 85, 90, 95, 100, 4.17886, 
6.4711, 1.91809, 2.71047, 2.38923, 0.60681, 1.40506, 4.92638, 
0.33292, 2.09855, 6.25116, -6.63686, -7.68084, -4.68604, -5.67986, 
-6.52232, -4.66496, -4.64736, -7.45845, -4.21517, -5.72557, -6.2718, 
0, 0, 0, 0, 0, 0, 0, 0, 0, 0, 0, 0, 0, 0, 0, 0, 0, 0, 0, 0, 0, 
0, 0.88015, 0.87916, 0.87649, 0.88165, 0.87822, 0.87991, 0.88626, 
0.8863, 0.88321, 0.88244, 0.8907, 0.8631, 0.86186, 0.8654, 0.87146, 
0.8715, 0.8685, 0.88036, 0.87184, 0.86951, 0.87948, 0.87741, 
0.107, 0.1181, 0.1589, 0.1723, 0.1879, 0.2412, 0.2542, 0.2366, 
0.3308, 0.3057, 0.3279, 164, 160.8, 247.7, 230.9, 241.8, 315.8, 
323.6, 259.2, 397.9, 319.8, 266.7, 821, 575, 750, 414, 738, 1183, 
1269, 947, 1340, 668, 816, 96, 693, 102, 324, 99, 56, 26, 55, 
41, 306, 221, 100, 100, 100, 100, 100, 100, 100, 100, 100, 100, 
100, 2500, 2500, 2500, 2500, 2500, 2500, 2500, 2500, 2500, 2500, 
2500, 10665.583, 10791.556, 11867.01, 12849.39, 13700.367, 14569.606, 
14603.177, 15064.511, 17232.203, 17267.352, 17040.055, 4.35671, 
6.19291, 1.22456, 2.10786, 2.40361, 1.33457, 2.1604, 3.71273, 
0.17101, 1.81606, 5.89009, -6.7261, -8.26277, -4.69508, -5.88392, 
-6.05545, -5.36179, -5.44057, -6.69107, -4.23497, -5.28068, -6.15113, 
0, 0, 0, 0, 0, 0, 0, 0, 0, 0, 0, 0, 0, 0, 0, 0, 0, 0, 0, 0, 0, 
0, 0.87827, 0.87571, 0.87175, 0.88026, 0.87548, 0.87737, 0.88389, 
0.88295, 0.87897, 0.88145, 0.88879, 0.8631, 0.86013, 0.87173, 
0.86856, 0.87824, 0.86723, 0.88272, 0.87517, 0.86948, 0.87848, 
0.87646, 0.0988, 0.1163, 0.1673, 0.172, 0.18, 0.2215, 0.2352, 
0.2381, 0.3412, 0.3214, 0.3162, 163.4, 163.3, 256.5, 233.6, 247.4, 
288.8, 287.4, 269.2, 400.3, 338, 269.7, 1726, 2335, 1203, 526, 
2492, 645, 2131, 1555, 129, 1449, 2110, 1, 1, 1, 1, 1, 3, 1, 
1, 1, 1, 1, 100, 100, 100, 100, 100, 100, 100, 100, 100, 100, 
100, 2500, 2500, 2500, 2500, 2500, 2500, 2500, 2500, 2500, 2500, 
2500, 11275.512, 12147.454, 13789.753, 14971.445, 15526.501, 
16048.913, 16927.806, 18448.483, 19726.637, 20983.786, 21958.677, 
1, 1, 1, 1, 1, 1, 1, 1, 1, 1, 1, 0.02439, 0.02439, 0.02439, 0.02439, 
0.02439, 0.02439, 0.02439, 0.02439, 0.02439, 0.02439, 0.02439, 
0, 0, 0, 0, 0, 0, 0, 0, 0, 0, 0, 0, 0, 0, 0, 0, 0, 0, 0, 0, 0, 
0, 0.85555, 0.8533, 0.85605, 0.85835, 0.86069, 0.866, 0.87091, 
0.86622, 0.87159, 0.86853, 0.87548, 0.85552, 0.86016, 0.85923, 
0.85825, 0.86609, 0.86347, 0.86381, 0.86848, 0.86422, 0.87349, 
0.88024, 0.1196, 0.1393, 0.1674, 0.1916, 0.2021, 0.2293, 0.2488, 
0.2768, 0.3077, 0.3358, 0.3573, 219.3, 237.3, 258.6, 275.3, 293.2, 
308.5, 325.9, 345.2, 361.4, 375.3, 385.2, 1, 1, 1, 1, 1, 1, 1, 
1, 1, 1, 1, 1, 1, 1, 1, 1, 1, 1, 1, 1, 1, 1, 1, 1, 1, 1, 1, 1, 
1, 1, 1, 1, 1, 1, 1, 1, 1, 1, 1, 1, 1, 1, 1, 1, 4.199, 4.453, 
5.183, 5.51, 5.463, 5.68, 5.801, 6.354, 6.736, 6.866, 7.29), .Dim = c(11L, 
40L), .Dimnames = list(NULL, c("Sampling", "PSO.cost", "PSO.gamma", 
"PSO.data.balancing", "PSO.feature.selection", "PSO.valid.acc", 
"PSO.test.acc", "PSO.train.time", "PSO.n.support.vectors", "PSO.index", 
"PSO.n.solutions", "PSO.generations", "PSO.n.evaluations", "PSO.cpu.time", 
"RS.cost", "RS.gamma", "RS.data.balancing", "RS.feature.selection", 
"RS.valid.acc", "RS.test.acc", "RS.train.time", "RS.n.support.vectors", 
"RS.index", "RS.n.solutions", "RS.generations", "RS.n.evaluations", 
"RS.cpu.time", "DF.cost", "DF.gamma", "DF.data.balancing", "DF.feature.selection", 
"DF.valid.acc", "DF.test.acc", "DF.train.time", "DF.n.support.vectors", 
"DF.index", "DF.n.solutions", "DF.generations", "DF.n.evaluations", 
"DF.cpu.time")))
