full <-
structure(c(50, 55, 60, 65, 70, 75, 80, 85, 90, 95, 100, 1.4878, 
1.72325, 1.81698, 2.67043, 3.21828, 2.66121, 0.50187, 2.65219, 
2.98909, 1.0578, 1.88732, -5.07816, -4.91473, -4.97083, -6.91741, 
-5.78573, -4.58651, -4.7761, -6.68104, -3.81818, -6.07344, -4.47668, 
0, 0, 0, 0, 0, 0, 0, 0, 0, 0, 0, 0, 0, 0, 0, 0, 0, 0, 0, 0, 0, 
0, 0.87834, 0.88433, 0.89075, 0.89368, 0.89307, 0.88622, 0.88394, 
0.88418, 0.89474, 0.88631, 0.89156, 0.85943, 0.86525, 0.87651, 
0.87761, 0.87948, 0.86978, 0.87685, 0.87971, 0.87895, 0.87935, 
0.8878, 0.115, 0.1313, 0.1528, 0.1579, 0.1757, 0.229, 0.2627, 
0.2445, 0.3352, 0.3097, 0.3558, 203.5, 222, 235.8, 219.6, 231.1, 
290.3, 336.8, 278.3, 382.5, 340.6, 374.5, 582, 285, 671, 2475, 
999, 1325, 1214, 167, 728, 740, 1680, 159, 356, 104, 1, 68, 21, 
62, 58, 686, 55, 29, 100, 100, 100, 100, 100, 100, 100, 100, 
100, 100, 100, 2500, 2500, 2500, 2500, 2500, 2500, 2500, 2500, 
2500, 2500, 2500, 10613.56, 10593.631, 11432.448, 11914.713, 
12435.933, 14269.209, 15502.997, 15309.445, 17213.82, 16859.442, 
17577.998, 0.2624, 1.93482, 1.90135, 0.07246, 2.6276, 3.86592, 
0.90597, 2.46978, 2.88283, 2.38225, 2.12535, -4.41339, -5.288, 
-5.17065, -4.77048, -5.55673, -5.29711, -4.74618, -6.54569, -3.76774, 
-6.44144, -4.605, 0, 0, 0, 0, 0, 0, 0, 0, 0, 0, 0, 0, 0, 0, 0, 
0, 0, 0, 0, 0, 0, 0, 0.87649, 0.88258, 0.88916, 0.88929, 0.89168, 
0.88747, 0.88157, 0.88304, 0.89263, 0.88529, 0.89062, 0.86128, 
0.86525, 0.8781, 0.88488, 0.88359, 0.86218, 0.87567, 0.87971, 
0.88211, 0.87633, 0.88492, 0.1213, 0.1259, 0.1512, 0.1851, 0.175, 
0.2099, 0.2618, 0.2459, 0.3429, 0.3013, 0.3424, 243.5, 208.2, 
229.4, 283.3, 239, 249.7, 330.2, 280.9, 389.4, 315, 365.6, 2466, 
1420, 34, 1987, 2248, 639, 1006, 316, 1743, 135, 2326, 1, 1, 
1, 3, 1, 1, 1, 1, 1, 2, 1, 100, 100, 100, 100, 100, 100, 100, 
100, 100, 100, 100, 2500, 2500, 2500, 2500, 2500, 2500, 2500, 
2500, 2500, 2500, 2500, 10810.077, 11715.2, 12776.413, 13625.993, 
14508.904, 16369.873, 17454.047, 17915.625, 19038.183, 20656.232, 
21394.716, 1, 1, 1, 1, 1, 1, 1, 1, 1, 1, 1, 0.02439, 0.02439, 
0.02439, 0.02439, 0.02439, 0.02439, 0.02439, 0.02439, 0.02439, 
0.02439, 0.02439, 0, 0, 0, 0, 0, 0, 0, 0, 0, 0, 0, 0, 0, 0, 0, 
0, 0, 0, 0, 0, 0, 0, 0.87083, 0.86872, 0.87488, 0.87614, 0.87671, 
0.87229, 0.87567, 0.87302, 0.88316, 0.87734, 0.87541, 0.86321, 
0.86875, 0.8686, 0.8849, 0.87269, 0.87611, 0.87094, 0.87299, 
0.87684, 0.87236, 0.87548, 0.1132, 0.1403, 0.1605, 0.1787, 0.1955, 
0.228, 0.2571, 0.2769, 0.3052, 0.3348, 0.353, 224.8, 239.8, 258.2, 
272.3, 287.6, 307.8, 327.7, 340.8, 360.1, 378.1, 384.9, 1, 1, 
1, 1, 1, 1, 1, 1, 1, 1, 1, 1, 1, 1, 1, 1, 1, 1, 1, 1, 1, 1, 1, 
1, 1, 1, 1, 1, 1, 1, 1, 1, 1, 1, 1, 1, 1, 1, 1, 1, 1, 1, 1, 1, 
4.078, 4.402, 4.81, 4.942, 5.177, 5.785, 6.097, 6.134, 6.407, 
6.677, 7.299), .Dim = c(11L, 40L), .Dimnames = list(NULL, c("Sampling", 
"PSO.cost", "PSO.gamma", "PSO.data.balancing", "PSO.feature.selection", 
"PSO.valid.acc", "PSO.test.acc", "PSO.train.time", "PSO.n.support.vectors", 
"PSO.index", "PSO.n.solutions", "PSO.generations", "PSO.n.evaluations", 
"PSO.cpu.time", "RS.cost", "RS.gamma", "RS.data.balancing", "RS.feature.selection", 
"RS.valid.acc", "RS.test.acc", "RS.train.time", "RS.n.support.vectors", 
"RS.index", "RS.n.solutions", "RS.generations", "RS.n.evaluations", 
"RS.cpu.time", "DF.cost", "DF.gamma", "DF.data.balancing", "DF.feature.selection", 
"DF.valid.acc", "DF.test.acc", "DF.train.time", "DF.n.support.vectors", 
"DF.index", "DF.n.solutions", "DF.generations", "DF.n.evaluations", 
"DF.cpu.time")))
