full <-
structure(c(50, 55, 60, 65, 70, 75, 80, 85, 90, 95, 100, 11.23458, 
4.39727, 7.37502, 8.01376, 5.17795, 8.05743, 7.41612, 4.97925, 
5.95891, 7.38357, 11.65159, -9.36468, -5.29496, -6.46884, -6.68559, 
-4.67274, -6.59442, -6.55932, -5.31105, -5.33736, -5.90209, -7.66378, 
0, 0, 0, 0, 0, 0, 0, 0, 0, 0, 0, 0, 0, 0, 0, 0, 0, 0, 0, 0, 0, 
0, 0.90213, 0.90137, 0.91539, 0.91346, 0.91621, 0.91986, 0.92303, 
0.92716, 0.92895, 0.93307, 0.92651, 0.89737, 0.89803, 0.91173, 
0.91176, 0.91149, 0.92034, 0.9251, 0.92455, 0.92569, 0.92941, 
0.92229, 2.5008, 1.7811, 2.1799, 2.4674, 2.7977, 3.4753, 3.4724, 
3.9835, 3.8728, 4.3123, 7.4764, 827.3, 1012.5, 902.6, 916.3, 
1131, 982.2, 1069.5, 1240, 1201.4, 1124.7, 1001.7, 617, 1656, 
2451, 1026, 1586, 1517, 1003, 858, 2220, 2220, 657, 23, 47, 1, 
124, 31, 147, 63, 134, 1, 11, 62, 100, 100, 100, 100, 100, 100, 
100, 100, 100, 100, 100, 2500, 2500, 2500, 2500, 2500, 2500, 
2500, 2500, 2500, 2500, 2500, 69863.011, 59112.021, 72000.103, 
78659.813, 82978.1900000001, 109048.29, 102470.324, 136959.625, 
142923.575, 126619.655, 215724.712, 10.59318, 5.41158, 7.51137, 
7.02279, 5.56893, 8.21389, 6.44373, 5.44507, 7.04503, 8.19867, 
10.41421, -9.11305, -5.93537, -6.55205, -6.05653, -4.49071, -6.67057, 
-5.79699, -5.27731, -5.61882, -6.4432, -7.09507, 0, 0, 0, 0, 
0, 0, 0, 0, 0, 0, 0, 0, 0, 0, 0, 0, 0, 0, 0, 0, 0, 0, 0.90102, 
0.89969, 0.91478, 0.91149, 0.91543, 0.91913, 0.92258, 0.92629, 
0.92772, 0.93172, 0.92578, 0.89774, 0.89969, 0.91142, 0.91035, 
0.91123, 0.9201, 0.9228, 0.9237, 0.92834, 0.92903, 0.92101, 2.2094, 
1.7699, 2.2933, 2.265, 2.5003, 3.0611, 3.153, 4.4995, 3.8395, 
5.3124, 6.0855, 838.8, 957.1, 900.5, 940.9, 1125.7, 975.4, 1092.4, 
1194.2, 1114.6, 1093.5, 1027.9, 2139, 1919, 1315, 956, 458, 1050, 
120, 225, 991, 1563, 983, 2, 1, 2, 2, 1, 2, 1, 3, 1, 1, 1, 100, 
100, 100, 100, 100, 100, 100, 100, 100, 100, 100, 2500, 2500, 
2500, 2500, 2500, 2500, 2500, 2500, 2500, 2500, 2500, 77708.361, 
96539.996, 127984.988, 126841.359, 152946.29, 200098.241, 228516.235, 
368866.177, 275808.277, 324024.124, 376731.173, 1, 1, 1, 1, 1, 
1, 1, 1, 1, 1, 1, 0.04167, 0.04167, 0.04167, 0.04167, 0.04167, 
0.04167, 0.04167, 0.04167, 0.04167, 0.04167, 0.04167, 0, 0, 0, 
0, 0, 0, 0, 0, 0, 0, 0, 0, 0, 0, 0, 0, 0, 0, 0, 0, 0, 0, 0.85009, 
0.85373, 0.86682, 0.86553, 0.86778, 0.87636, 0.87769, 0.88317, 
0.88599, 0.88216, 0.88454, 0.84568, 0.85306, 0.86743, 0.86412, 
0.87144, 0.87465, 0.87929, 0.88165, 0.88435, 0.88312, 0.88418, 
1.9147, 2.3363, 2.9711, 2.9449, 3.7303, 4.5367, 4.8167, 7.229, 
7.9784, 8.3329, 7.2008, 1331.8, 1444.2, 1538.1, 1626.2, 1717.4, 
1812.2, 1875.5, 1958.1, 2059.6, 2131.1, 2222.9, 1, 1, 1, 1, 1, 
1, 1, 1, 1, 1, 1, 1, 1, 1, 1, 1, 1, 1, 1, 1, 1, 1, 1, 1, 1, 1, 
1, 1, 1, 1, 1, 1, 1, 1, 1, 1, 1, 1, 1, 1, 1, 1, 1, 1, 23.374, 
27.955, 36.055, 34.62, 42.908, 51.775, 55.724, 81.598, 88.921, 
93.684, 81.034), .Dim = c(11L, 40L), .Dimnames = list(NULL, c("Sampling", 
"PSO.cost", "PSO.gamma", "PSO.data.balancing", "PSO.feature.selection", 
"PSO.valid.acc", "PSO.test.acc", "PSO.train.time", "PSO.n.support.vectors", 
"PSO.index", "PSO.n.solutions", "PSO.generations", "PSO.n.evaluations", 
"PSO.cpu.time", "RS.cost", "RS.gamma", "RS.data.balancing", "RS.feature.selection", 
"RS.valid.acc", "RS.test.acc", "RS.train.time", "RS.n.support.vectors", 
"RS.index", "RS.n.solutions", "RS.generations", "RS.n.evaluations", 
"RS.cpu.time", "DF.cost", "DF.gamma", "DF.data.balancing", "DF.feature.selection", 
"DF.valid.acc", "DF.test.acc", "DF.train.time", "DF.n.support.vectors", 
"DF.index", "DF.n.solutions", "DF.generations", "DF.n.evaluations", 
"DF.cpu.time")))
