full <-
structure(c(50, 55, 60, 65, 70, 75, 80, 85, 90, 95, 100, 4.51006, 
6.25648, 6.31228, 5.56424, 11.74953, 10.39444, 6.11306, 6.23061, 
7.31708, 9.7365, 4.83824, -4.54654, -5.16714, -4.80636, -5.26346, 
-8.41172, -7.98834, -5.80469, -4.92667, -5.46678, -6.06612, -4.71956, 
0, 0, 0, 0, 0, 0, 0, 0, 0, 0, 0, 0, 0, 0, 0, 0, 0, 0, 0, 0, 0, 
0, 0.91275, 0.91704, 0.91815, 0.91938, 0.92277, 0.92475, 0.9235, 
0.92864, 0.92895, 0.92999, 0.92943, 0.90835, 0.91237, 0.90991, 
0.91853, 0.91622, 0.91938, 0.91936, 0.92153, 0.92691, 0.92729, 
0.92613, 1.489, 1.7748, 2.0667, 2.2344, 4.4491, 4.1736, 3.2523, 
3.75, 4.0043, 4.8225, 5.1586, 943.1, 853.1, 920, 992.1, 846.9, 
944.6, 1106.2, 1142.4, 1089, 976.7, 1417.1, 966, 1055, 1007, 
2126, 1819, 1808, 706, 1194, 971, 1712, 1835, 184, 119, 221, 
11, 2, 7, 270, 126, 238, 27, 13, 100, 100, 100, 100, 100, 100, 
100, 100, 100, 100, 100, 2500, 2500, 2500, 2500, 2500, 2500, 
2500, 2500, 2500, 2500, 2500, 50506.941, 60965.536, 77218.604, 
79652.828, 118008.548, 119851.466, 103775.422, 130223.152, 128700.625, 
159812.783, 165591.389, 4.57962, 6.69711, 5.83939, 4.17888, 11.56018, 
8.34132, 5.45416, 6.46863, 6.10905, 9.58686, 4.54714, -4.62543, 
-5.43508, -4.57916, -4.55351, -8.27447, -7.22449, -5.19728, -4.96326, 
-5.26488, -6.06799, -3.95645, 0, 0, 0, 0, 0, 0, 0, 0, 0, 0, 0, 
0, 0, 0, 0, 0, 0, 0, 0, 0, 0, 0, 0.91202, 0.91471, 0.91601, 0.91769, 
0.92146, 0.92377, 0.92189, 0.9267, 0.92731, 0.92845, 0.92778, 
0.90872, 0.91204, 0.91082, 0.91741, 0.91518, 0.91767, 0.92074, 
0.91959, 0.9267, 0.92729, 0.92649, 1.4351, 1.8659, 1.8805, 2.3524, 
4.4723, 3.3371, 3.1617, 3.5427, 3.7093, 4.56, 5.4921, 930.6, 
827.3, 964.5, 1124.5, 844, 1016.1, 1144.8, 1124.2, 1193, 985.4, 
1598.4, 2283, 705, 165, 2420, 301, 2204, 1952, 1513, 2493, 2409, 
2049, 1, 4, 2, 1, 1, 1, 1, 1, 2, 1, 4, 100, 100, 100, 100, 100, 
100, 100, 100, 100, 100, 100, 2500, 2500, 2500, 2500, 2500, 2500, 
2500, 2500, 2500, 2500, 2500, 82751.284, 124418.163, 130712.231, 
144006.333, 169263.187, 185261.192, 214773.499, 258611.99, 269015.754, 
333218.215, 399661.422, 1, 1, 1, 1, 1, 1, 1, 1, 1, 1, 1, 0.04167, 
0.04167, 0.04167, 0.04167, 0.04167, 0.04167, 0.04167, 0.04167, 
0.04167, 0.04167, 0.04167, 0, 0, 0, 0, 0, 0, 0, 0, 0, 0, 0, 0, 
0, 0, 0, 0, 0, 0, 0, 0, 0, 0, 0.85411, 0.86373, 0.86561, 0.86609, 
0.87486, 0.87636, 0.87838, 0.87994, 0.88478, 0.88178, 0.88361, 
0.85814, 0.86372, 0.86531, 0.87061, 0.87957, 0.87612, 0.87632, 
0.8795, 0.88396, 0.88294, 0.88471, 1.8656, 2.4998, 2.7041, 3.2372, 
3.7852, 4.1919, 4.7841, 5.9033, 6.4377, 7.2797, 7.4145, 1312.8, 
1416.1, 1510.6, 1598.4, 1691.8, 1781.1, 1872.1, 1976.2, 2054.9, 
2142.6, 2221.3, 1, 1, 1, 1, 1, 1, 1, 1, 1, 1, 1, 1, 1, 1, 1, 
1, 1, 1, 1, 1, 1, 1, 1, 1, 1, 1, 1, 1, 1, 1, 1, 1, 1, 1, 1, 1, 
1, 1, 1, 1, 1, 1, 1, 1, 23.302, 31.994, 32.215, 38.046, 43.872, 
48.105, 54.657, 66.561, 72.038, 82.277, 83.791), .Dim = c(11L, 
40L), .Dimnames = list(NULL, c("Sampling", "PSO.cost", "PSO.gamma", 
"PSO.data.balancing", "PSO.feature.selection", "PSO.valid.acc", 
"PSO.test.acc", "PSO.train.time", "PSO.n.support.vectors", "PSO.index", 
"PSO.n.solutions", "PSO.generations", "PSO.n.evaluations", "PSO.cpu.time", 
"RS.cost", "RS.gamma", "RS.data.balancing", "RS.feature.selection", 
"RS.valid.acc", "RS.test.acc", "RS.train.time", "RS.n.support.vectors", 
"RS.index", "RS.n.solutions", "RS.generations", "RS.n.evaluations", 
"RS.cpu.time", "DF.cost", "DF.gamma", "DF.data.balancing", "DF.feature.selection", 
"DF.valid.acc", "DF.test.acc", "DF.train.time", "DF.n.support.vectors", 
"DF.index", "DF.n.solutions", "DF.generations", "DF.n.evaluations", 
"DF.cpu.time")))
