full <-
structure(c(50, 55, 60, 65, 70, 75, 80, 85, 90, 95, 100, 6.01424, 
5.04809, 4.99378, 5.16216, 4.7994, 8.21557, 5.53381, 6.32075, 
7.58456, 6.67608, 11.70896, -5.65229, -5.20901, -4.64456, -4.79847, 
-4.70917, -5.6032, -4.40946, -5.72258, -6.98526, -6.30887, -7.49555, 
0, 0, 0, 0, 0, 0, 0, 0, 0, 0, 0, 0, 0, 0, 0, 0, 0, 0, 0, 0, 0, 
0, 0.91167, 0.90936, 0.91539, 0.91993, 0.92015, 0.92499, 0.92372, 
0.92607, 0.92549, 0.92786, 0.92963, 0.90542, 0.90336, 0.91295, 
0.91458, 0.91857, 0.91815, 0.92121, 0.92391, 0.92121, 0.9269, 
0.92798, 1.4412, 1.7866, 1.946, 2.2482, 2.624, 2.455, 3.1455, 
4.2938, 4.6923, 4.1344, 7.3618, 820.7, 945.8, 1022.8, 1057, 1141.6, 
921.6, 1222.3, 1152.3, 1200, 1242, 978.1, 1134, 2336, 1308, 972, 
1353, 1429, 551, 1715, 878, 1968, 1541, 46, 75, 172, 261, 37, 
32, 95, 53, 56, 22, 13, 100, 100, 100, 100, 100, 100, 100, 100, 
100, 100, 100, 2500, 2500, 2500, 2500, 2500, 2500, 2500, 2500, 
2500, 2500, 2500, 50528.743, 57761.002, 62793.887, 71934.139, 
87823.4140000001, 80716.811, 104616.797, 125926.874, 138268.639, 
128803.463, 211252.194, 6.05582, 7.6386, 5.4855, 5.29198, 5.18091, 
8.1281, 5.32461, 6.25402, 5.90378, 5.5338, 11.71617, -5.74854, 
-5.94929, -4.93128, -4.89536, -5.17941, -5.44196, -4.32409, -5.83708, 
-5.94911, -5.60757, -7.5195, 0, 0, 0, 0, 0, 0, 0, 0, 0, 0, 0, 
0, 0, 0, 0, 0, 0, 0, 0, 0, 0, 0, 0.91093, 0.90737, 0.91387, 0.91853, 
0.91909, 0.92328, 0.9228, 0.92477, 0.92386, 0.9269, 0.92871, 
0.90469, 0.90337, 0.91295, 0.91514, 0.91882, 0.91595, 0.92144, 
0.92585, 0.92325, 0.92555, 0.92835, 1.3807, 1.6029, 1.875, 2.1957, 
2.5663, 2.7529, 3.2488, 4.2548, 3.7668, 3.9801, 6.3183, 820.8, 
801.5, 969.1, 1039.4, 1081.7, 928.1, 1253.9, 1163.3, 1240.6, 
1294.4, 979.5, 1307, 1628, 691, 131, 2259, 2112, 1058, 2206, 
1808, 1229, 2115, 1, 1, 1, 1, 1, 1, 1, 1, 3, 2, 1, 100, 100, 
100, 100, 100, 100, 100, 100, 100, 100, 100, 2500, 2500, 2500, 
2500, 2500, 2500, 2500, 2500, 2500, 2500, 2500, 77337.17, 96784.391, 
111660.946, 153475.355, 162628.495, 185175.819, 205329.155, 285062.335, 
247774.802, 261144.031, 358397.243, 1, 1, 1, 1, 1, 1, 1, 1, 1, 
1, 1, 0.04167, 0.04167, 0.04167, 0.04167, 0.04167, 0.04167, 0.04167, 
0.04167, 0.04167, 0.04167, 0.04167, 0, 0, 0, 0, 0, 0, 0, 0, 0, 
0, 0, 0, 0, 0, 0, 0, 0, 0, 0, 0, 0, 0, 0.85116, 0.85573, 0.86039, 
0.8689, 0.86909, 0.87491, 0.8747, 0.87476, 0.88029, 0.881, 0.88436, 
0.85958, 0.85474, 0.86252, 0.86835, 0.86622, 0.87516, 0.87424, 
0.8752, 0.88233, 0.88293, 0.88381, 1.8347, 2.2523, 2.6105, 3.2261, 
3.5182, 4.418, 4.4686, 6.1466, 5.0537, 5.6763, 6.844, 1316.3, 
1417.5, 1502.3, 1600.1, 1693.9, 1779.2, 1878.1, 1969.5, 2057.9, 
2139.9, 2225.3, 1, 1, 1, 1, 1, 1, 1, 1, 1, 1, 1, 1, 1, 1, 1, 
1, 1, 1, 1, 1, 1, 1, 1, 1, 1, 1, 1, 1, 1, 1, 1, 1, 1, 1, 1, 1, 
1, 1, 1, 1, 1, 1, 1, 1, 22.813, 27.017, 31.172, 38.616, 40.723, 
51.063, 51.143, 70.517, 57.44, 63.927, 77.424), .Dim = c(11L, 
40L), .Dimnames = list(NULL, c("Sampling", "PSO.cost", "PSO.gamma", 
"PSO.data.balancing", "PSO.feature.selection", "PSO.valid.acc", 
"PSO.test.acc", "PSO.train.time", "PSO.n.support.vectors", "PSO.index", 
"PSO.n.solutions", "PSO.generations", "PSO.n.evaluations", "PSO.cpu.time", 
"RS.cost", "RS.gamma", "RS.data.balancing", "RS.feature.selection", 
"RS.valid.acc", "RS.test.acc", "RS.train.time", "RS.n.support.vectors", 
"RS.index", "RS.n.solutions", "RS.generations", "RS.n.evaluations", 
"RS.cpu.time", "DF.cost", "DF.gamma", "DF.data.balancing", "DF.feature.selection", 
"DF.valid.acc", "DF.test.acc", "DF.train.time", "DF.n.support.vectors", 
"DF.index", "DF.n.solutions", "DF.generations", "DF.n.evaluations", 
"DF.cpu.time")))
