full <-
structure(c(50, 55, 60, 65, 70, 75, 80, 85, 90, 95, 100, 6.73228, 
4.88155, 5.18696, 6.20658, 8.46493, 7.98794, 8.10186, 8.21964, 
5.29102, 6.22515, 12.85559, -6.50164, -5.34275, -5.44765, -4.7372, 
-5.65953, -5.71658, -6.73208, -7.02606, -5.40327, -4.8732, -7.94451, 
0, 0, 0, 0, 0, 0, 0, 0, 0, 0, 0, 0, 0, 0, 0, 0, 0, 0, 0, 0, 0, 
0, 0.91057, 0.9107, 0.91508, 0.91458, 0.91805, 0.9228, 0.92533, 
0.92412, 0.92631, 0.93385, 0.9287, 0.9069, 0.90935, 0.91171, 
0.90979, 0.91727, 0.91425, 0.92007, 0.92498, 0.92591, 0.93268, 
0.92448, 1.5196, 1.6786, 1.9054, 2.1144, 2.2447, 2.6705, 3.3357, 
3.8578, 4.2654, 3.7886, 8.0243, 809.3, 932.4, 966.2, 988.6, 875.1, 
939.5, 1033.6, 1102.6, 1267.6, 1225.5, 955, 1362, 1177, 1767, 
1559, 870, 1392, 876, 1008, 1815, 885, 2342, 89, 8, 14, 57, 81, 
41, 43, 66, 9, 86, 4, 100, 100, 100, 100, 100, 100, 100, 100, 
100, 100, 100, 2500, 2500, 2500, 2500, 2500, 2500, 2500, 2500, 
2500, 2500, 2500, 48800.606, 56986.411, 61816.396, 69434.575, 
73650.943, 93757.0599999999, 100527.608, 114292.38, 117756.555, 
122470.327, 198917.54, 6.41966, 4.81297, 5.02485, 6.90673, 6.96492, 
8.24659, 8.2973, 8.44202, 5.64776, 6.32697, 5.37126, -6.32515, 
-5.52627, -5.07251, -5.24857, -4.66619, -5.85196, -6.8723, -7.04072, 
-5.65066, -4.91349, -5.32628, 0, 0, 0, 0, 0, 0, 0, 0, 0, 0, 0, 
0, 0, 0, 0, 0, 0, 0, 0, 0, 0, 0, 0.90874, 0.90903, 0.91385, 0.91289, 
0.91649, 0.92109, 0.92442, 0.92347, 0.92509, 0.93327, 0.92706, 
0.90617, 0.90969, 0.91202, 0.90951, 0.91046, 0.91596, 0.92007, 
0.92433, 0.92672, 0.93211, 0.92614, 1.5007, 1.7394, 1.8831, 2.0896, 
2.3279, 2.6886, 3.4873, 3.5147, 3.512, 3.7711, 4.1967, 817.6, 
937.8, 984.3, 925.9, 1007, 925.4, 1034.6, 1079.2, 1245.2, 1214, 
1340.2, 275, 722, 119, 493, 920, 261, 1350, 934, 1417, 94, 1512, 
2, 1, 2, 1, 1, 1, 1, 1, 1, 1, 1, 100, 100, 100, 100, 100, 100, 
100, 100, 100, 100, 100, 2500, 2500, 2500, 2500, 2500, 2500, 
2500, 2500, 2500, 2500, 2500, 78828.892, 95044.155, 106902.803, 
133581.248, 160006.271, 175310.175, 192031.657, 194873.065, 220091.864, 
253077.195, 280032.964, 1, 1, 1, 1, 1, 1, 1, 1, 1, 1, 1, 0.04167, 
0.04167, 0.04167, 0.04167, 0.04167, 0.04167, 0.04167, 0.04167, 
0.04167, 0.04167, 0.04167, 0, 0, 0, 0, 0, 0, 0, 0, 0, 0, 0, 0, 
0, 0, 0, 0, 0, 0, 0, 0, 0, 0, 0.85632, 0.86038, 0.86558, 0.86975, 
0.87459, 0.87442, 0.87472, 0.87776, 0.88191, 0.88467, 0.88324, 
0.85632, 0.85901, 0.86559, 0.87002, 0.87066, 0.87467, 0.87701, 
0.87906, 0.8807, 0.88467, 0.88562, 1.8904, 2.2563, 2.5712, 2.9821, 
4.238, 3.9067, 4.6256, 4.4297, 5.2691, 5.5724, 6.4118, 1322.1, 
1421.3, 1515.5, 1609.4, 1697.1, 1782.3, 1886.1, 1983.9, 2066.6, 
2132.3, 2226.2, 1, 1, 1, 1, 1, 1, 1, 1, 1, 1, 1, 1, 1, 1, 1, 
1, 1, 1, 1, 1, 1, 1, 1, 1, 1, 1, 1, 1, 1, 1, 1, 1, 1, 1, 1, 1, 
1, 1, 1, 1, 1, 1, 1, 1, 23.118, 27.026, 30.505, 34.964, 49.175, 
44.835, 52.707, 50.443, 59.515, 62.686, 72.597), .Dim = c(11L, 
40L), .Dimnames = list(NULL, c("Sampling", "PSO.cost", "PSO.gamma", 
"PSO.data.balancing", "PSO.feature.selection", "PSO.valid.acc", 
"PSO.test.acc", "PSO.train.time", "PSO.n.support.vectors", "PSO.index", 
"PSO.n.solutions", "PSO.generations", "PSO.n.evaluations", "PSO.cpu.time", 
"RS.cost", "RS.gamma", "RS.data.balancing", "RS.feature.selection", 
"RS.valid.acc", "RS.test.acc", "RS.train.time", "RS.n.support.vectors", 
"RS.index", "RS.n.solutions", "RS.generations", "RS.n.evaluations", 
"RS.cpu.time", "DF.cost", "DF.gamma", "DF.data.balancing", "DF.feature.selection", 
"DF.valid.acc", "DF.test.acc", "DF.train.time", "DF.n.support.vectors", 
"DF.index", "DF.n.solutions", "DF.generations", "DF.n.evaluations", 
"DF.cpu.time")))
