full <-
structure(c(50, 55, 60, 65, 70, 75, 80, 85, 90, 95, 100, 5.94328, 
7.68675, 6.80956, 6.47312, 5.82733, 7.21926, 7.8405, 6.59282, 
8.55092, 5.11709, 10.71232, -5.84158, -6.80641, -6.27406, -5.59919, 
-5.08936, -5.69652, -5.97495, -4.68835, -6.85262, -4.31501, -6.8733, 
0, 0, 0, 0, 0, 0, 0, 0, 0, 0, 0, 0, 0, 0, 0, 0, 0, 0, 0, 0, 0, 
0, 0.91383, 0.91037, 0.90929, 0.92276, 0.91857, 0.91986, 0.92419, 
0.92433, 0.92549, 0.92883, 0.93108, 0.90907, 0.90937, 0.90989, 
0.91655, 0.9157, 0.91888, 0.91823, 0.92132, 0.92304, 0.92652, 
0.92613, 1.3981, 1.8183, 1.9666, 2.1325, 2.4281, 2.7918, 3.0436, 
3.3931, 4.3108, 4.9211, 5.0792, 821.5, 831.4, 899.8, 955.2, 1040.3, 
986.2, 988.8, 1149.2, 1080.1, 1411.5, 997.1, 1159, 1626, 1242, 
784, 1043, 626, 1194, 1145, 2114, 1229, 2319, 64, 47, 48, 489, 
227, 53, 29, 135, 19, 158, 3, 100, 100, 100, 100, 100, 100, 100, 
100, 100, 100, 100, 2500, 2500, 2500, 2500, 2500, 2500, 2500, 
2500, 2500, 2500, 2500, 48673.487, 57048.284, 66214.522, 70319.682, 
79056.309, 96393.6579999999, 97949.649, 111184.005, 129148.263, 
144134.627, 144341.391, 3.82744, 6.49983, 7.02105, 7.40725, 6.29619, 
5.26959, 7.44168, 6.61064, 8.53176, 5.04384, 7.62339, -4.9456, 
-6.11785, -6.40344, -6.03804, -5.35814, -4.67864, -5.8353, -4.83938, 
-6.82942, -4.30735, -5.7565, 0, 0, 0, 0, 0, 0, 0, 0, 0, 0, 0, 
0, 0, 0, 0, 0, 0, 0, 0, 0, 0, 0, 0.9109, 0.90938, 0.90806, 0.92107, 
0.91778, 0.91864, 0.92374, 0.92239, 0.92488, 0.92787, 0.93071, 
0.9054, 0.9087, 0.91019, 0.91654, 0.91727, 0.91864, 0.91823, 
0.9211, 0.92325, 0.92652, 0.92705, 1.4574, 1.6509, 2.0105, 2.2357, 
2.424, 2.8453, 3.112, 3.2216, 4.2703, 4.6586, 4.1, 952.7, 863.1, 
894.7, 908.4, 1005.4, 1160.3, 1012.4, 1138.7, 1078.3, 1420.7, 
1146, 1495, 1465, 2377, 1954, 2306, 47, 1273, 2326, 2240, 1646, 
1945, 2, 1, 2, 1, 1, 1, 1, 1, 1, 1, 1, 100, 100, 100, 100, 100, 
100, 100, 100, 100, 100, 100, 2500, 2500, 2500, 2500, 2500, 2500, 
2500, 2500, 2500, 2500, 2500, 79162.796, 92729.207, 116230.717, 
130208.636, 148411.049, 186217.131, 212786.338, 239864.137, 262730.853, 
321186.003, 293578.222, 1, 1, 1, 1, 1, 1, 1, 1, 1, 1, 1, 0.04167, 
0.04167, 0.04167, 0.04167, 0.04167, 0.04167, 0.04167, 0.04167, 
0.04167, 0.04167, 0.04167, 0, 0, 0, 0, 0, 0, 0, 0, 0, 0, 0, 0, 
0, 0, 0, 0, 0, 0, 0, 0, 0, 0, 0.86765, 0.85738, 0.86559, 0.87091, 
0.86858, 0.87319, 0.87744, 0.87735, 0.88069, 0.88215, 0.88269, 
0.86287, 0.86104, 0.87017, 0.87259, 0.86674, 0.8727, 0.87768, 
0.87648, 0.8809, 0.88292, 0.88306, 1.8639, 2.2802, 2.6521, 2.9817, 
3.4148, 4.401, 4.8324, 5.2813, 6.0399, 6.6805, 6.7821, 1315.2, 
1423.7, 1518, 1601.2, 1701.9, 1793, 1884.1, 1972.6, 2045.7, 2136.4, 
2223.6, 1, 1, 1, 1, 1, 1, 1, 1, 1, 1, 1, 1, 1, 1, 1, 1, 1, 1, 
1, 1, 1, 1, 1, 1, 1, 1, 1, 1, 1, 1, 1, 1, 1, 1, 1, 1, 1, 1, 1, 
1, 1, 1, 1, 1, 22.938, 27.461, 31.518, 35.048, 39.685, 50.234, 
54.944, 59.691, 67.825, 74.698, 75.808), .Dim = c(11L, 40L), .Dimnames = list(
    NULL, c("Sampling", "PSO.cost", "PSO.gamma", "PSO.data.balancing", 
    "PSO.feature.selection", "PSO.valid.acc", "PSO.test.acc", 
    "PSO.train.time", "PSO.n.support.vectors", "PSO.index", "PSO.n.solutions", 
    "PSO.generations", "PSO.n.evaluations", "PSO.cpu.time", "RS.cost", 
    "RS.gamma", "RS.data.balancing", "RS.feature.selection", 
    "RS.valid.acc", "RS.test.acc", "RS.train.time", "RS.n.support.vectors", 
    "RS.index", "RS.n.solutions", "RS.generations", "RS.n.evaluations", 
    "RS.cpu.time", "DF.cost", "DF.gamma", "DF.data.balancing", 
    "DF.feature.selection", "DF.valid.acc", "DF.test.acc", "DF.train.time", 
    "DF.n.support.vectors", "DF.index", "DF.n.solutions", "DF.generations", 
    "DF.n.evaluations", "DF.cpu.time")))
