full <-
structure(c(50, 55, 60, 65, 70, 75, 80, 85, 90, 95, 100, 6.87976, 
4.39716, 6.09339, 3.73218, 8.08166, 9.24259, 4.85619, 6.575, 
6.93805, 6.50599, 7.42432, -5.82517, -4.98613, -5.74514, -4.67171, 
-6.32515, -7.42579, -4.86556, -6.06539, -6.38653, -5.98474, -5.45531, 
0, 0, 0, 0, 0, 0, 0, 0, 0, 0, 0, 0, 0, 0, 0, 0, 0, 0, 0, 0, 0, 
0, 0.90213, 0.91237, 0.91294, 0.9174, 0.92407, 0.92304, 0.92259, 
0.92973, 0.9265, 0.92844, 0.93163, 0.89626, 0.90237, 0.90837, 
0.91514, 0.917, 0.91596, 0.9251, 0.92456, 0.92426, 0.92497, 0.92833, 
1.3667, 1.6558, 1.8617, 2.2514, 2.5184, 3.3577, 3.1025, 3.3467, 
3.945, 4.1706, 3.8664, 805.6, 999.1, 933.5, 1166.9, 907.1, 975.1, 
1220.9, 1129.8, 1171.7, 1206.7, 1151.2, 2201, 2482, 1964, 673, 
1836, 175, 2116, 1385, 583, 1383, 1509, 1, 1, 64, 208, 13, 48, 
30, 28, 29, 31, 31, 100, 100, 100, 100, 100, 100, 100, 100, 100, 
100, 100, 2500, 2500, 2500, 2500, 2500, 2500, 2500, 2500, 2500, 
2500, 2500, 47003.862, 53135.088, 61417.078, 75113.688, 76690.7629999999, 
97506.9010000001, 98392.588, 107842.244, 122578.387, 128636.928, 
126919.292, 7.5168, 5.04776, 5.27549, 4.1577, 7.96213, 8.52052, 
6.83958, 4.48358, 8.94191, 7.4238, 8.06381, -6.25894, -4.78042, 
-5.75855, -4.81739, -6.24767, -6.99716, -5.80095, -5.12161, -7.33885, 
-6.35003, -5.73392, 0, 0, 0, 0, 0, 0, 0, 0, 0, 0, 0, 0, 0, 0, 
0, 0, 0, 0, 0, 0, 0, 0, 0.89993, 0.91003, 0.91202, 0.91599, 0.92329, 
0.92011, 0.92144, 0.92779, 0.92488, 0.92709, 0.93126, 0.8981, 
0.90104, 0.90988, 0.91373, 0.91621, 0.9162, 0.92396, 0.92413, 
0.92467, 0.92381, 0.9287, 1.3999, 1.5438, 1.862, 2.171, 2.4772, 
2.9975, 3.0779, 3.3246, 4.3395, 3.9511, 3.9698, 785.8, 965.2, 
992.5, 1121.9, 911.8, 981.9, 1052.6, 1302.4, 1110.9, 1153.2, 
1106.5, 980, 2492, 2065, 2083, 2342, 1448, 601, 1277, 1582, 1645, 
2163, 2, 1, 1, 1, 2, 1, 1, 1, 1, 3, 1, 100, 100, 100, 100, 100, 
100, 100, 100, 100, 100, 100, 2500, 2500, 2500, 2500, 2500, 2500, 
2500, 2500, 2500, 2500, 2500, 75834.709, 90652.731, 112036.307, 
133901.784, 155294.67, 187564.565, 203833.453, 218972.932, 244129.413, 
290164.335, 281681.215, 1, 1, 1, 1, 1, 1, 1, 1, 1, 1, 1, 0.04167, 
0.04167, 0.04167, 0.04167, 0.04167, 0.04167, 0.04167, 0.04167, 
0.04167, 0.04167, 0.04167, 0, 0, 0, 0, 0, 0, 0, 0, 0, 0, 0, 0, 
0, 0, 0, 0, 0, 0, 0, 0, 0, 0, 0.85119, 0.85606, 0.86438, 0.86946, 
0.87172, 0.87442, 0.87814, 0.87778, 0.87988, 0.8837, 0.88123, 
0.85264, 0.85806, 0.8589, 0.87116, 0.87171, 0.871, 0.87493, 0.87843, 
0.88395, 0.8835, 0.88214, 1.8099, 2.0686, 2.6136, 2.805, 3.3511, 
4.1505, 4.0336, 5.0321, 6.1193, 6.2381, 6.0193, 1344.5, 1431.5, 
1519.2, 1603.1, 1695.9, 1792.1, 1888.2, 1977.1, 2047.4, 2134.4, 
2219.5, 1, 1, 1, 1, 1, 1, 1, 1, 1, 1, 1, 1, 1, 1, 1, 1, 1, 1, 
1, 1, 1, 1, 1, 1, 1, 1, 1, 1, 1, 1, 1, 1, 1, 1, 1, 1, 1, 1, 1, 
1, 1, 1, 1, 1, 22.371, 25.152, 31.101, 33.271, 38.776, 47.665, 
46.19, 57.043, 68.884, 70.052, 67.384), .Dim = c(11L, 40L), .Dimnames = list(
    NULL, c("Sampling", "PSO.cost", "PSO.gamma", "PSO.data.balancing", 
    "PSO.feature.selection", "PSO.valid.acc", "PSO.test.acc", 
    "PSO.train.time", "PSO.n.support.vectors", "PSO.index", "PSO.n.solutions", 
    "PSO.generations", "PSO.n.evaluations", "PSO.cpu.time", "RS.cost", 
    "RS.gamma", "RS.data.balancing", "RS.feature.selection", 
    "RS.valid.acc", "RS.test.acc", "RS.train.time", "RS.n.support.vectors", 
    "RS.index", "RS.n.solutions", "RS.generations", "RS.n.evaluations", 
    "RS.cpu.time", "DF.cost", "DF.gamma", "DF.data.balancing", 
    "DF.feature.selection", "DF.valid.acc", "DF.test.acc", "DF.train.time", 
    "DF.n.support.vectors", "DF.index", "DF.n.solutions", "DF.generations", 
    "DF.n.evaluations", "DF.cpu.time")))
