full <-
structure(c(50, 55, 60, 65, 70, 75, 80, 85, 90, 95, 100, 5.6661, 
4.1271, 6.83312, 4.11388, 4.84315, 5.69064, 5.32572, 4.79947, 
6.63268, 12.7169, 6.02936, -4.88643, -4.40405, -5.31578, -4.59943, 
-5.3282, -5.3248, -5.52971, -4.28996, -6.07859, -7.63147, -5.78363, 
0, 0, 0, 0, 0, 0, 0, 0, 0, 0, 0, 0, 0, 0, 0, 0, 0, 0, 0, 0, 0, 
0, 0.91312, 0.9137, 0.91727, 0.916, 0.91834, 0.92158, 0.92419, 
0.92649, 0.92773, 0.92943, 0.93144, 0.90725, 0.90671, 0.91237, 
0.90922, 0.91596, 0.92158, 0.92144, 0.92046, 0.92325, 0.9219, 
0.92907, 1.4245, 1.814, 1.9724, 2.3544, 2.6616, 2.8373, 3.2892, 
3.6029, 4.1241, 6.8591, 4.779, 845, 1033.9, 894.2, 1142.5, 1120.2, 
1074.8, 1172.3, 1337.8, 1169.2, 905.8, 1291.1, 1201, 1603, 1915, 
1226, 1067, 915, 1081, 1355, 1361, 1272, 1816, 108, 26, 15, 47, 
48, 64, 101, 17, 27, 5, 3, 100, 100, 100, 100, 100, 100, 100, 
100, 100, 100, 100, 2500, 2500, 2500, 2500, 2500, 2500, 2500, 
2500, 2500, 2500, 2500, 47096.484, 57321.722, 66279.253, 78050.661, 
83687.432, 87152.0140000001, 121294.233, 118467.399, 125982.009, 
159769.357, 144954.165, 5.35598, 3.98819, 6.43838, 3.54903, 4.69324, 
7.73478, 4.96605, 3.83684, 6.88761, 8.71696, 7.1508, -4.72433, 
-4.44844, -5.46818, -4.10363, -5.208, -6.28294, -5.26813, -4.39527, 
-6.18302, -6.25196, -6.40188, 0, 0, 0, 0, 0, 0, 0, 0, 0, 0, 0, 
0, 0, 0, 0, 0, 0, 0, 0, 0, 0, 0, 0.91203, 0.91303, 0.91604, 0.91402, 
0.91703, 0.92012, 0.92328, 0.92542, 0.92589, 0.92884, 0.93108, 
0.90651, 0.90737, 0.91237, 0.90724, 0.91517, 0.91767, 0.92075, 
0.9211, 0.92325, 0.92557, 0.92723, 1.4196, 1.8193, 2.0918, 2.5626, 
2.5703, 2.9758, 3.5313, 3.7791, 4.1993, 4.5579, 4.6733, 871.8, 
1037.8, 908.6, 1257.2, 1128.7, 970.7, 1196.2, 1410, 1154.3, 1046.5, 
1236.3, 764, 1983, 2124, 766, 1261, 103, 432, 369, 2384, 2164, 
248, 2, 1, 3, 2, 3, 1, 1, 1, 1, 2, 1, 100, 100, 100, 100, 100, 
100, 100, 100, 100, 100, 100, 2500, 2500, 2500, 2500, 2500, 2500, 
2500, 2500, 2500, 2500, 2500, 78500.764, 97562.999, 124350.455, 
134557.704, 149870.59, 195688.622, 225878.92, 221176.026, 298970.194, 
299221.885, 313271.452, 1, 1, 1, 1, 1, 1, 1, 1, 1, 1, 1, 0.04167, 
0.04167, 0.04167, 0.04167, 0.04167, 0.04167, 0.04167, 0.04167, 
0.04167, 0.04167, 0.04167, 0, 0, 0, 0, 0, 0, 0, 0, 0, 0, 0, 0, 
0, 0, 0, 0, 0, 0, 0, 0, 0, 0, 0.85336, 0.85707, 0.85767, 0.8576, 
0.86963, 0.86735, 0.87517, 0.88014, 0.87907, 0.8837, 0.88379, 
0.85668, 0.85839, 0.85613, 0.86239, 0.86778, 0.87003, 0.87425, 
0.881, 0.87989, 0.88332, 0.88361, 1.8709, 2.3918, 2.8376, 3.1027, 
3.4392, 4.2048, 4.5825, 5.3842, 6.6306, 6.9649, 6.5831, 1323.2, 
1429, 1532.5, 1624.3, 1710.8, 1808.3, 1903.4, 1984.5, 2062.2, 
2142.6, 2224.2, 1, 1, 1, 1, 1, 1, 1, 1, 1, 1, 1, 1, 1, 1, 1, 
1, 1, 1, 1, 1, 1, 1, 1, 1, 1, 1, 1, 1, 1, 1, 1, 1, 1, 1, 1, 1, 
1, 1, 1, 1, 1, 1, 1, 1, 23.022, 28.677, 33.454, 36.35, 40.13, 
48.407, 52.205, 60.904, 74.563, 77.989, 73.535), .Dim = c(11L, 
40L), .Dimnames = list(NULL, c("Sampling", "PSO.cost", "PSO.gamma", 
"PSO.data.balancing", "PSO.feature.selection", "PSO.valid.acc", 
"PSO.test.acc", "PSO.train.time", "PSO.n.support.vectors", "PSO.index", 
"PSO.n.solutions", "PSO.generations", "PSO.n.evaluations", "PSO.cpu.time", 
"RS.cost", "RS.gamma", "RS.data.balancing", "RS.feature.selection", 
"RS.valid.acc", "RS.test.acc", "RS.train.time", "RS.n.support.vectors", 
"RS.index", "RS.n.solutions", "RS.generations", "RS.n.evaluations", 
"RS.cpu.time", "DF.cost", "DF.gamma", "DF.data.balancing", "DF.feature.selection", 
"DF.valid.acc", "DF.test.acc", "DF.train.time", "DF.n.support.vectors", 
"DF.index", "DF.n.solutions", "DF.generations", "DF.n.evaluations", 
"DF.cpu.time")))
