full <-
structure(c(50, 55, 60, 65, 70, 75, 80, 85, 90, 95, 100, 5.4315, 
5.1555, 8.14916, 6.4643, 5.36381, 8.52954, 8.24097, 5.1454, 8.46386, 
9.7798, 8.09006, -5.52038, -5.05569, -5.96108, -5.84241, -4.98313, 
-6.09228, -5.94771, -5.27874, -6.8425, -7.23012, -6.85412, 0, 
0, 0, 0, 0, 0, 0, 0, 0, 0, 0, 0, 0, 0, 0, 0, 0, 0, 0, 0, 0, 0, 
0.91091, 0.91903, 0.92212, 0.92471, 0.92173, 0.92281, 0.92511, 
0.92455, 0.92732, 0.92729, 0.93018, 0.90724, 0.91502, 0.91907, 
0.91965, 0.91989, 0.91596, 0.9219, 0.92261, 0.92528, 0.9217, 
0.92321, 1.3831, 1.574, 1.811, 2.1235, 2.4197, 2.8288, 3.0378, 
3.4068, 4.2675, 5.3049, 5.0091, 830.6, 899.4, 781.6, 935.1, 1044.7, 
896, 946.6, 1235.3, 1089.5, 1058.9, 1200.7, 1371, 1326, 1714, 
1640, 1740, 2135, 1902, 1173, 2014, 916, 1319, 61, 50, 53, 36, 
22, 19, 10, 14, 11, 13, 29, 100, 100, 100, 100, 100, 100, 100, 
100, 100, 100, 100, 2500, 2500, 2500, 2500, 2500, 2500, 2500, 
2500, 2500, 2500, 2500, 46366.892, 52872.042, 59640.011, 68600.482, 
76108.9, 91478.0719999999, 95794.0489999999, 112864.487, 134670.889, 
151473.268, 147588.848, 5.07126, 5.1015, 8.56501, 6.30587, 5.44091, 
8.68967, 7.65816, 4.43186, 11.03967, 9.91748, 10.61464, -5.43914, 
-5.01147, -6.1409, -5.51431, -5.04488, -6.17107, -5.6636, -5.14847, 
-7.34562, -7.34176, -7.73014, 0, 0, 0, 0, 0, 0, 0, 0, 0, 0, 0, 
0, 0, 0, 0, 0, 0, 0, 0, 0, 0, 0, 0.90945, 0.9177, 0.9209, 0.92358, 
0.92094, 0.92183, 0.92351, 0.92369, 0.9267, 0.92671, 0.92962, 
0.90761, 0.91435, 0.92059, 0.91908, 0.91936, 0.91547, 0.9219, 
0.92023, 0.92752, 0.92286, 0.9243, 1.3546, 1.5763, 1.7617, 2.1725, 
2.3307, 2.8156, 2.8682, 3.5381, 5.4162, 4.918, 5.917, 851.7, 
903.5, 767, 933.4, 1036.8, 891.3, 969.6, 1307.1, 946.2, 1062.4, 
1083.1, 1433, 75, 1828, 1339, 668, 1362, 1580, 71, 2227, 1304, 
2280, 2, 1, 1, 1, 1, 1, 1, 1, 1, 1, 1, 100, 100, 100, 100, 100, 
100, 100, 100, 100, 100, 100, 2500, 2500, 2500, 2500, 2500, 2500, 
2500, 2500, 2500, 2500, 2500, 77885.031, 92075.198, 113834.334, 
132573.715, 153681.851, 188362.171, 217988.289, 217202.946, 265464.27, 
297978.471, 315740.964, 1, 1, 1, 1, 1, 1, 1, 1, 1, 1, 1, 0.04167, 
0.04167, 0.04167, 0.04167, 0.04167, 0.04167, 0.04167, 0.04167, 
0.04167, 0.04167, 0.04167, 0, 0, 0, 0, 0, 0, 0, 0, 0, 0, 0, 0, 
0, 0, 0, 0, 0, 0, 0, 0, 0, 0, 0.86326, 0.86504, 0.86837, 0.8751, 
0.87487, 0.88517, 0.87929, 0.88295, 0.88191, 0.88448, 0.88306, 
0.86399, 0.86638, 0.8696, 0.87454, 0.87801, 0.88224, 0.8793, 
0.88317, 0.88354, 0.88505, 0.8827, 1.8395, 2.2202, 2.5742, 3.0019, 
3.5584, 4.0933, 4.5544, 5.1298, 6.9797, 6.6117, 6.4956, 1294.4, 
1391.3, 1499.2, 1605.2, 1691.1, 1782.4, 1875.2, 1970.1, 2048.3, 
2145.8, 2221.2, 1, 1, 1, 1, 1, 1, 1, 1, 1, 1, 1, 1, 1, 1, 1, 
1, 1, 1, 1, 1, 1, 1, 1, 1, 1, 1, 1, 1, 1, 1, 1, 1, 1, 1, 1, 1, 
1, 1, 1, 1, 1, 1, 1, 1, 22.553, 26.919, 30.581, 35.092, 41.268, 
47.078, 51.927, 57.916, 77.979, 73.901, 72.637), .Dim = c(11L, 
40L), .Dimnames = list(NULL, c("Sampling", "PSO.cost", "PSO.gamma", 
"PSO.data.balancing", "PSO.feature.selection", "PSO.valid.acc", 
"PSO.test.acc", "PSO.train.time", "PSO.n.support.vectors", "PSO.index", 
"PSO.n.solutions", "PSO.generations", "PSO.n.evaluations", "PSO.cpu.time", 
"RS.cost", "RS.gamma", "RS.data.balancing", "RS.feature.selection", 
"RS.valid.acc", "RS.test.acc", "RS.train.time", "RS.n.support.vectors", 
"RS.index", "RS.n.solutions", "RS.generations", "RS.n.evaluations", 
"RS.cpu.time", "DF.cost", "DF.gamma", "DF.data.balancing", "DF.feature.selection", 
"DF.valid.acc", "DF.test.acc", "DF.train.time", "DF.n.support.vectors", 
"DF.index", "DF.n.solutions", "DF.generations", "DF.n.evaluations", 
"DF.cpu.time")))
