full <-
structure(c(50, 55, 60, 65, 70, 75, 80, 85, 90, 95, 100, 5.38139, 
4.69066, 4.35552, 7.51062, 4.9009, 6.74767, 7.5013, 6.13128, 
6.18218, 5.32764, 11.23172, -4.81142, -5.00064, -4.8019, -6.0221, 
-4.41904, -6.36802, -6.67615, -5.73411, -5.88962, -4.86069, -7.85866, 
0, 0, 0, 0, 0, 0, 0, 0, 0, 0, 0, 0, 0, 0, 0, 0, 0, 0, 0, 0, 0, 
0, 0.90653, 0.91504, 0.91601, 0.92048, 0.91834, 0.9223, 0.92739, 
0.92801, 0.92488, 0.92865, 0.92889, 0.90066, 0.91237, 0.91296, 
0.9154, 0.91807, 0.9167, 0.92258, 0.92326, 0.92304, 0.92672, 
0.92266, 1.3492, 1.59, 1.974, 2.2679, 2.7117, 2.8617, 3.1626, 
3.2417, 3.7174, 4.4377, 6.2627, 863.3, 971.3, 1059.7, 889.5, 
1165.2, 1068.6, 1064.1, 1137.4, 1200.4, 1316.5, 1054.4, 1603, 
755, 1294, 1298, 1118, 1379, 889, 944, 1125, 2056, 1765, 33, 
175, 196, 23, 34, 14, 137, 37, 41, 66, 42, 100, 100, 100, 100, 
100, 100, 100, 100, 100, 100, 100, 2500, 2500, 2500, 2500, 2500, 
2500, 2500, 2500, 2500, 2500, 2500, 44878.379, 52703.252, 61680.703, 
69972.868, 97535.965, 85231.0889999999, 105348.559, 104543.724, 
118537.766, 129088.372, 172841.047, 5.73523, 5.58082, 4.22433, 
7.65378, 4.82617, 6.72317, 8.15118, 7.39231, 6.3236, 6.63399, 
12.48906, -4.96782, -5.40753, -4.77156, -6.07918, -4.374, -6.3304, 
-6.84718, -6.27756, -6.11446, -5.62124, -8.4329, 0, 0, 0, 0, 
0, 0, 0, 0, 0, 0, 0, 0, 0, 0, 0, 0, 0, 0, 0, 0, 0, 0, 0.90396, 
0.9137, 0.91448, 0.91936, 0.91781, 0.92108, 0.92625, 0.92758, 
0.92386, 0.92711, 0.92816, 0.90139, 0.9097, 0.91327, 0.91315, 
0.91755, 0.91767, 0.92166, 0.92261, 0.92366, 0.92633, 0.92266, 
1.269, 1.5385, 1.9238, 2.1766, 2.5911, 2.8574, 3.2531, 3.5149, 
3.8058, 3.8746, 7.6543, 837.2, 907.3, 1070.9, 883.9, 1175.4, 
1065.2, 1025.4, 1066.6, 1206.3, 1184.8, 1035.7, 2331, 564, 498, 
7, 1519, 1744, 1961, 764, 1683, 224, 1952, 2, 2, 2, 1, 1, 1, 
1, 1, 3, 1, 1, 100, 100, 100, 100, 100, 100, 100, 100, 100, 100, 
100, 2500, 2500, 2500, 2500, 2500, 2500, 2500, 2500, 2500, 2500, 
2500, 75187.668, 91797.335, 113091.472, 134327.51, 158389.382, 
187525.84, 199379.106, 226537.051, 253368.274, 280937.161, 274218.438, 
1, 1, 1, 1, 1, 1, 1, 1, 1, 1, 1, 0.04167, 0.04167, 0.04167, 0.04167, 
0.04167, 0.04167, 0.04167, 0.04167, 0.04167, 0.04167, 0.04167, 
0, 0, 0, 0, 0, 0, 0, 0, 0, 0, 0, 0, 0, 0, 0, 0, 0, 0, 0, 0, 0, 
0, 0.85887, 0.86371, 0.86165, 0.86522, 0.87095, 0.87613, 0.87585, 
0.88123, 0.87948, 0.8837, 0.8814, 0.85776, 0.86405, 0.86073, 
0.87285, 0.87069, 0.87442, 0.87378, 0.88144, 0.88111, 0.88313, 
0.88507, 1.7927, 2.158, 2.6992, 2.8479, 3.1536, 4.015, 4.2066, 
5.118, 5.9928, 7.0838, 6.0781, 1310.5, 1415.3, 1513, 1601.4, 
1690, 1766.3, 1866.1, 1959.4, 2051.3, 2145.4, 2235, 1, 1, 1, 
1, 1, 1, 1, 1, 1, 1, 1, 1, 1, 1, 1, 1, 1, 1, 1, 1, 1, 1, 1, 1, 
1, 1, 1, 1, 1, 1, 1, 1, 1, 1, 1, 1, 1, 1, 1, 1, 1, 1, 1, 1, 21.986, 
26.042, 32.008, 33.423, 36.676, 46.249, 48.143, 57.94, 67.43, 
79.524, 68.154), .Dim = c(11L, 40L), .Dimnames = list(NULL, c("Sampling", 
"PSO.cost", "PSO.gamma", "PSO.data.balancing", "PSO.feature.selection", 
"PSO.valid.acc", "PSO.test.acc", "PSO.train.time", "PSO.n.support.vectors", 
"PSO.index", "PSO.n.solutions", "PSO.generations", "PSO.n.evaluations", 
"PSO.cpu.time", "RS.cost", "RS.gamma", "RS.data.balancing", "RS.feature.selection", 
"RS.valid.acc", "RS.test.acc", "RS.train.time", "RS.n.support.vectors", 
"RS.index", "RS.n.solutions", "RS.generations", "RS.n.evaluations", 
"RS.cpu.time", "DF.cost", "DF.gamma", "DF.data.balancing", "DF.feature.selection", 
"DF.valid.acc", "DF.test.acc", "DF.train.time", "DF.n.support.vectors", 
"DF.index", "DF.n.solutions", "DF.generations", "DF.n.evaluations", 
"DF.cpu.time")))
