full <-
structure(c(50, 55, 60, 65, 70, 75, 80, 85, 90, 95, 100, 5.61265, 
6.44331, 6.40995, 3.63075, 7.38464, 3.84412, 5.93147, 5.12408, 
7.21824, 6.97346, 8.29575, -5.41627, -5.61058, -6.31293, -5.22577, 
-6.55576, -4.87456, -5.64222, -5.22619, -5.31542, -5.18401, -5.86148, 
0, 0, 0, 0, 0, 0, 0, 0, 0, 0, 0, 0, 0, 0, 0, 0, 0, 0, 0, 0, 0, 
0, 0.91126, 0.9137, 0.91724, 0.91683, 0.91832, 0.92231, 0.92624, 
0.92326, 0.92488, 0.92941, 0.93055, 0.90541, 0.91434, 0.91418, 
0.91119, 0.91336, 0.91767, 0.92144, 0.91938, 0.92224, 0.92613, 
0.92669, 1.4223, 1.5784, 1.9692, 2.2909, 2.7519, 3.1673, 3.3648, 
3.739, 3.7585, 4.084, 4.4953, 846.7, 857.6, 924.6, 1152.4, 970.6, 
1260.3, 1121.8, 1249.1, 1120.9, 1162.4, 1096, 141, 1111, 1125, 
1815, 1101, 1483, 2220, 964, 1237, 1179, 762, 35, 198, 29, 20, 
48, 57, 1, 245, 32, 204, 22, 100, 100, 100, 100, 100, 100, 100, 
100, 100, 100, 100, 2500, 2500, 2500, 2500, 2500, 2500, 2500, 
2500, 2500, 2500, 2500, 72378.892, 52605.014, 62885.682, 73148.617, 
86307.568, 93251.417, 102073.689, 118403.036, 117195.154, 129597.938, 
134410.862, 6.32988, 6.16109, 6.08369, 4.50711, 5.44769, 3.74022, 
5.82227, 4.75551, 5.69362, 5.33405, 8.56843, -6.55654, -5.588, 
-6.11829, -4.79369, -4.76089, -4.84454, -5.59634, -4.91865, -4.82197, 
-4.44661, -5.96233, 0, 0, 0, 0, 0, 0, 0, 0, 0, 0, 0, 0, 0, 0, 
0, 0, 0, 0, 0, 0, 0, 0, 0.91017, 0.91303, 0.91632, 0.91568, 0.91728, 
0.92183, 0.9251, 0.92154, 0.92406, 0.92787, 0.92981, 0.90505, 
0.91268, 0.91296, 0.91288, 0.91624, 0.91596, 0.92144, 0.91938, 
0.92163, 0.92633, 0.92687, 1.4957, 1.586, 1.9347, 2.231, 2.5271, 
3.078, 3.3529, 3.7309, 3.9629, 4.4324, 4.1708, 852.8, 874.7, 
936.6, 1088.9, 1090.1, 1270.6, 1129.9, 1284.8, 1255.3, 1356.7, 
1081.6, 1101, 2069, 641, 215, 1587, 1440, 605, 306, 1601, 2173, 
1589, 1, 2, 1, 1, 1, 1, 1, 1, 1, 2, 1, 100, 100, 100, 100, 100, 
100, 100, 100, 100, 100, 100, 2500, 2500, 2500, 2500, 2500, 2500, 
2500, 2500, 2500, 2500, 2500, 79705.878, 93576.586, 109076.034, 
130260.101, 158051.988, 190150.087, 215616.863, 235011.016, 283034.288, 
317962.347, 307907.552, 1, 1, 1, 1, 1, 1, 1, 1, 1, 1, 1, 0.04167, 
0.04167, 0.04167, 0.04167, 0.04167, 0.04167, 0.04167, 0.04167, 
0.04167, 0.04167, 0.04167, 0, 0, 0, 0, 0, 0, 0, 0, 0, 0, 0, 0, 
0, 0, 0, 0, 0, 0, 0, 0, 0, 0, 0.8541, 0.86271, 0.86623, 0.87199, 
0.87437, 0.87417, 0.88227, 0.8767, 0.88355, 0.88216, 0.886, 0.85374, 
0.86306, 0.85798, 0.86776, 0.87123, 0.87173, 0.88067, 0.87886, 
0.88213, 0.88216, 0.88416, 1.9254, 2.2764, 2.5785, 2.9983, 3.4656, 
3.9691, 4.6999, 4.9701, 6.4187, 6.682, 7.0273, 1316.6, 1426.1, 
1519.6, 1591.8, 1690.4, 1779.1, 1863.4, 1960, 2050.7, 2132.9, 
2226.2, 1, 1, 1, 1, 1, 1, 1, 1, 1, 1, 1, 1, 1, 1, 1, 1, 1, 1, 
1, 1, 1, 1, 1, 1, 1, 1, 1, 1, 1, 1, 1, 1, 1, 1, 1, 1, 1, 1, 1, 
1, 1, 1, 1, 1, 23.558, 27.353, 30.67, 35.27, 40.203, 45.56, 53.399, 
56.378, 71.736, 74.82, 78.511), .Dim = c(11L, 40L), .Dimnames = list(
    NULL, c("Sampling", "PSO.cost", "PSO.gamma", "PSO.data.balancing", 
    "PSO.feature.selection", "PSO.valid.acc", "PSO.test.acc", 
    "PSO.train.time", "PSO.n.support.vectors", "PSO.index", "PSO.n.solutions", 
    "PSO.generations", "PSO.n.evaluations", "PSO.cpu.time", "RS.cost", 
    "RS.gamma", "RS.data.balancing", "RS.feature.selection", 
    "RS.valid.acc", "RS.test.acc", "RS.train.time", "RS.n.support.vectors", 
    "RS.index", "RS.n.solutions", "RS.generations", "RS.n.evaluations", 
    "RS.cpu.time", "DF.cost", "DF.gamma", "DF.data.balancing", 
    "DF.feature.selection", "DF.valid.acc", "DF.test.acc", "DF.train.time", 
    "DF.n.support.vectors", "DF.index", "DF.n.solutions", "DF.generations", 
    "DF.n.evaluations", "DF.cpu.time")))
