full <-
structure(c(50, 55, 60, 65, 70, 75, 80, 85, 90, 95, 100, 7.03362, 
9.10459, 10.43785, 7.79465, 9.56819, 8.5565, 8.72928, 4.75912, 
7.77915, 5.57442, 7.85987, -5.64016, -6.66059, -7.65093, -6.74857, 
-6.80827, -6.95743, -6.5277, -4.63448, -5.9445, -5.66586, -6.46016, 
0, 0, 0, 0, 0, 0, 0, 0, 0, 0, 0, 0, 0, 0, 0, 0, 0, 0, 0, 0, 0, 
0, 0.90583, 0.9107, 0.90839, 0.90978, 0.91806, 0.91889, 0.92052, 
0.92284, 0.92366, 0.92845, 0.93072, 0.90105, 0.90604, 0.90808, 
0.90527, 0.911, 0.91253, 0.91914, 0.92024, 0.92243, 0.92054, 
0.9265, 1.445, 1.9441, 2.715, 2.6243, 3.1823, 3.4608, 3.7238, 
3.7863, 3.9556, 4.7833, 5.3527, 774.6, 764.4, 791.6, 933.6, 862.6, 
986.4, 958.4, 1313.6, 1063.6, 1292.7, 1178.5, 2427, 1938, 1383, 
2390, 2402, 2102, 1170, 1107, 1556, 1681, 1286, 1, 119, 54, 2, 
2, 21, 89, 54, 15, 37, 42, 100, 100, 100, 100, 100, 100, 100, 
100, 100, 100, 100, 2500, 2500, 2500, 2500, 2500, 2500, 2500, 
2500, 2500, 2500, 2500, 57013.26, 59530.635, 71526.551, 82975.2279999999, 
126678.739, 106737.606, 113707.127, 125462.247, 127757.72, 139546.055, 
164636.781, 8.61176, 9.25551, 10.59471, 7.83813, 10.04689, 8.35395, 
9.04196, 4.2944, 7.56728, 5.92276, 5.62643, -6.78853, -6.74835, 
-7.78053, -6.69479, -7.04791, -6.91934, -6.31347, -4.90758, -5.77998, 
-5.8493, -5.77548, 0, 0, 0, 0, 0, 0, 0, 0, 0, 0, 0, 0, 0, 0, 
0, 0, 0, 0, 0, 0, 0, 0, 0.9051, 0.90902, 0.90656, 0.90921, 0.91623, 
0.91816, 0.91892, 0.92176, 0.92284, 0.9271, 0.92962, 0.9036, 
0.9067, 0.90839, 0.90809, 0.91152, 0.91229, 0.91571, 0.91895, 
0.92182, 0.92054, 0.92687, 1.605, 1.9361, 3.0124, 2.6079, 3.3099, 
3.5161, 3.5822, 4.2208, 3.8767, 4.7757, 4.4852, 742.6, 762.8, 
793.8, 923.3, 851.5, 997.5, 922.5, 1331, 1069.2, 1272.1, 1339.5, 
1582, 2155, 1148, 1464, 2113, 1381, 1067, 1555, 65, 1870, 1461, 
1, 1, 2, 1, 2, 1, 1, 1, 1, 1, 3, 100, 100, 100, 100, 100, 100, 
100, 100, 100, 100, 100, 2500, 2500, 2500, 2500, 2500, 2500, 
2500, 2500, 2500, 2500, 2500, 83925.193, 106895.313, 135180.78, 
159129.073, 179208.394, 217069.608, 250388.277, 280187.205, 271123.333, 
360701.512, 356222.923, 1, 1, 1, 1, 1, 1, 1, 1, 1, 1, 1, 0.04167, 
0.04167, 0.04167, 0.04167, 0.04167, 0.04167, 0.04167, 0.04167, 
0.04167, 0.04167, 0.04167, 0, 0, 0, 0, 0, 0, 0, 0, 0, 0, 0, 0, 
0, 0, 0, 0, 0, 0, 0, 0, 0, 0, 0.86258, 0.86573, 0.86624, 0.86439, 
0.86754, 0.87272, 0.87082, 0.87821, 0.88009, 0.88002, 0.88673, 
0.85963, 0.87005, 0.86623, 0.86778, 0.86728, 0.87321, 0.87425, 
0.88015, 0.8807, 0.88253, 0.88508, 1.8721, 2.2669, 2.8145, 3.4628, 
4.102, 4.8936, 5.5541, 6.4096, 5.9765, 10.5135, 8.3892, 1324.9, 
1421.3, 1508.2, 1611.1, 1716.3, 1798.6, 1896, 1983.7, 2062.3, 
2151.2, 2223.7, 1, 1, 1, 1, 1, 1, 1, 1, 1, 1, 1, 1, 1, 1, 1, 
1, 1, 1, 1, 1, 1, 1, 1, 1, 1, 1, 1, 1, 1, 1, 1, 1, 1, 1, 1, 1, 
1, 1, 1, 1, 1, 1, 1, 1, 23.2, 27.466, 33.513, 40.33, 47.193, 
55.771, 63.014, 72.098, 67.389, 117.638, 93.766), .Dim = c(11L, 
40L), .Dimnames = list(NULL, c("Sampling", "PSO.cost", "PSO.gamma", 
"PSO.data.balancing", "PSO.feature.selection", "PSO.valid.acc", 
"PSO.test.acc", "PSO.train.time", "PSO.n.support.vectors", "PSO.index", 
"PSO.n.solutions", "PSO.generations", "PSO.n.evaluations", "PSO.cpu.time", 
"RS.cost", "RS.gamma", "RS.data.balancing", "RS.feature.selection", 
"RS.valid.acc", "RS.test.acc", "RS.train.time", "RS.n.support.vectors", 
"RS.index", "RS.n.solutions", "RS.generations", "RS.n.evaluations", 
"RS.cpu.time", "DF.cost", "DF.gamma", "DF.data.balancing", "DF.feature.selection", 
"DF.valid.acc", "DF.test.acc", "DF.train.time", "DF.n.support.vectors", 
"DF.index", "DF.n.solutions", "DF.generations", "DF.n.evaluations", 
"DF.cpu.time")))
