full <-
structure(c(50, 55, 60, 65, 70, 75, 80, 85, 90, 95, 100, 5.42666, 
4.08672, 5.22024, 10.65333, 6.30348, 8.78182, 6.60397, 5.02539, 
4.17746, 6.0415, 8.17437, -5.57252, -4.44447, -5.06752, -7.7334, 
-6.01606, -6.84713, -5.89337, -4.78073, -4.05513, -5.76781, -6.11699, 
0, 0, 0, 0, 0, 0, 0, 0, 0, 0, 0, 0, 0, 0, 0, 0, 0, 0, 0, 0, 0, 
0, 0.9003, 0.90104, 0.91175, 0.9205, 0.9178, 0.91938, 0.92441, 
0.92756, 0.92548, 0.92884, 0.92871, 0.89737, 0.89904, 0.90259, 
0.91571, 0.91517, 0.91254, 0.92373, 0.92325, 0.92365, 0.92634, 
0.92651, 1.4369, 1.7777, 2.2345, 3.4331, 2.9711, 3.3645, 3.3493, 
3.4221, 4.1697, 4.2378, 4.2497, 875.6, 1065.6, 997.9, 843.8, 
1039, 962.4, 1095.4, 1268.1, 1501.9, 1250.9, 1119.9, 773, 770, 
813, 1210, 534, 2201, 1169, 945, 2142, 1937, 811, 20, 54, 28, 
46, 94, 10, 28, 54, 35, 25, 29, 100, 100, 100, 100, 100, 100, 
100, 100, 100, 100, 100, 2500, 2500, 2500, 2500, 2500, 2500, 
2500, 2500, 2500, 2500, 2500, 47808.761, 55980.785, 71122.966, 
91751.287, 94390.9179999999, 97114.836, 103556.188, 110365.498, 
136923.237, 138171.19, 150406.005, 6.34162, 4.0198, 6.53886, 
8.65363, 6.24346, 6.57551, 6.95119, 5.88532, 4.18259, 6.46701, 
13.30935, -6.23081, -4.42691, -5.66609, -6.7625, -5.9493, -5.20453, 
-5.96875, -5.57314, -4.06811, -6.16509, -8.64134, 0, 0, 0, 0, 
0, 0, 0, 0, 0, 0, 0, 0, 0, 0, 0, 0, 0, 0, 0, 0, 0, 0, 0.8992, 
0.90038, 0.91022, 0.91965, 0.91727, 0.91791, 0.92304, 0.92584, 
0.92508, 0.92768, 0.92835, 0.89774, 0.89804, 0.90778, 0.91683, 
0.91439, 0.91277, 0.92213, 0.92239, 0.92365, 0.92672, 0.92486, 
1.4567, 1.7881, 2.0787, 2.7086, 2.8543, 2.9036, 3.4055, 3.3339, 
4.2621, 4.9028, 10.9708, 850.6, 1071.2, 907.7, 884, 1035.3, 1034.3, 
1071.1, 1173.5, 1498.9, 1250.2, 998.8, 1984, 2305, 1057, 927, 
1878, 1914, 364, 1704, 2090, 2232, 1390, 1, 1, 1, 1, 1, 3, 1, 
1, 1, 2, 1, 100, 100, 100, 100, 100, 100, 100, 100, 100, 100, 
100, 2500, 2500, 2500, 2500, 2500, 2500, 2500, 2500, 2500, 2500, 
2500, 78596.786, 92971.845, 133885.208, 164953.422, 186917.142, 
205731.624, 212449.574, 225118.909, 265995.044, 332743.544, 335923.08, 
1, 1, 1, 1, 1, 1, 1, 1, 1, 1, 1, 0.04167, 0.04167, 0.04167, 0.04167, 
0.04167, 0.04167, 0.04167, 0.04167, 0.04167, 0.04167, 0.04167, 
0, 0, 0, 0, 0, 0, 0, 0, 0, 0, 0, 0, 0, 0, 0, 0, 0, 0, 0, 0, 0, 
0, 0.84934, 0.84407, 0.8531, 0.86608, 0.86467, 0.86881, 0.87564, 
0.87798, 0.87967, 0.88025, 0.88398, 0.8486, 0.85006, 0.85461, 
0.86384, 0.86859, 0.87027, 0.88045, 0.8782, 0.8811, 0.88237, 
0.88619, 1.894, 2.2544, 2.9159, 3.4719, 3.9531, 4.2099, 4.8322, 
4.8762, 5.8437, 5.962, 6.1294, 1343.3, 1445.7, 1541.4, 1621.2, 
1725.5, 1805.2, 1893.4, 1975.2, 2068.8, 2154.5, 2226.9, 1, 1, 
1, 1, 1, 1, 1, 1, 1, 1, 1, 1, 1, 1, 1, 1, 1, 1, 1, 1, 1, 1, 1, 
1, 1, 1, 1, 1, 1, 1, 1, 1, 1, 1, 1, 1, 1, 1, 1, 1, 1, 1, 1, 1, 
23.286, 27.143, 35.139, 41.043, 46.23, 49.003, 54.799, 55.262, 
65.653, 67.013, 68.833), .Dim = c(11L, 40L), .Dimnames = list(
    NULL, c("Sampling", "PSO.cost", "PSO.gamma", "PSO.data.balancing", 
    "PSO.feature.selection", "PSO.valid.acc", "PSO.test.acc", 
    "PSO.train.time", "PSO.n.support.vectors", "PSO.index", "PSO.n.solutions", 
    "PSO.generations", "PSO.n.evaluations", "PSO.cpu.time", "RS.cost", 
    "RS.gamma", "RS.data.balancing", "RS.feature.selection", 
    "RS.valid.acc", "RS.test.acc", "RS.train.time", "RS.n.support.vectors", 
    "RS.index", "RS.n.solutions", "RS.generations", "RS.n.evaluations", 
    "RS.cpu.time", "DF.cost", "DF.gamma", "DF.data.balancing", 
    "DF.feature.selection", "DF.valid.acc", "DF.test.acc", "DF.train.time", 
    "DF.n.support.vectors", "DF.index", "DF.n.solutions", "DF.generations", 
    "DF.n.evaluations", "DF.cpu.time")))
