full <-
structure(c(50, 55, 60, 65, 70, 75, 80, 85, 90, 95, 100, 4.5723, 
8.563, 4.39537, 6.93112, 7.78191, 6.49423, 7.86317, 6.1363, 7.37407, 
7.26346, 7.9817, -4.61265, -6.94147, -4.40172, -5.79402, -6.70062, 
-4.64717, -6.74781, -5.62283, -6.32976, -6.30043, -6.90428, 0, 
0, 0, 0, 0, 0, 0, 0, 0, 0, 0, 0, 0, 0, 0, 0, 0, 0, 0, 0, 0, 0, 
0.91459, 0.91801, 0.92209, 0.9233, 0.92592, 0.92353, 0.9267, 
0.92736, 0.9261, 0.93442, 0.92925, 0.90836, 0.91403, 0.91629, 
0.91881, 0.92304, 0.91741, 0.92418, 0.9252, 0.92325, 0.92864, 
0.92394, 1.4642, 1.8393, 2.0647, 2.4278, 2.7538, 2.8804, 3.3662, 
3.4287, 4.1814, 4.3127, 4.8782, 927.5, 770.8, 1085.6, 928.2, 
945.5, 1076, 1034.1, 1134.8, 1101.7, 1172.4, 1223.7, 1009, 1091, 
1726, 956, 1108, 1447, 2117, 2005, 1964, 2231, 2288, 133, 163, 
19, 53, 173, 50, 100, 207, 7, 99, 149, 100, 100, 100, 100, 100, 
100, 100, 100, 100, 100, 100, 2500, 2500, 2500, 2500, 2500, 2500, 
2500, 2500, 2500, 2500, 2500, 49799.085, 59271.284, 69797.91, 
78011.035, 87863.25, 102171.641, 108979.102, 108496.654, 134384.615, 
139504.607, 143832.408, 4.43266, 8.39746, 4.25528, 4.91816, 7.16368, 
5.5717, 7.75343, 4.35197, 8.34438, 6.24753, 9.26198, -4.5165, 
-6.85519, -4.32285, -4.82543, -6.23177, -4.48415, -6.61355, -4.78472, 
-6.87809, -5.82842, -6.97068, 0, 0, 0, 0, 0, 0, 0, 0, 0, 0, 0, 
0, 0, 0, 0, 0, 0, 0, 0, 0, 0, 0, 0.91277, 0.91701, 0.92087, 0.92246, 
0.92434, 0.92206, 0.92601, 0.92736, 0.92528, 0.93346, 0.92871, 
0.908, 0.91503, 0.9166, 0.9188, 0.92016, 0.91791, 0.92579, 0.92369, 
0.92244, 0.92825, 0.92376, 1.4789, 1.9255, 2.0973, 2.4259, 2.7304, 
3.3864, 3.3121, 3.8846, 4.2859, 4.2001, 4.9111, 946.6, 775.6, 
1104.7, 1085.7, 957, 1163.2, 1030.3, 1311.2, 1078.3, 1227.5, 
1104.4, 463, 1703, 68, 1042, 1693, 1547, 392, 1467, 1155, 1587, 
1138, 1, 1, 1, 1, 1, 1, 1, 1, 1, 1, 1, 100, 100, 100, 100, 100, 
100, 100, 100, 100, 100, 100, 2500, 2500, 2500, 2500, 2500, 2500, 
2500, 2500, 2500, 2500, 2500, 77905.106, 101379.779, 118668.81, 
152399.447, 178960.672, 245086.707, 202095.198, 248428.265, 285339.569, 
281737.314, 309197.323, 1, 1, 1, 1, 1, 1, 1, 1, 1, 1, 1, 0.04167, 
0.04167, 0.04167, 0.04167, 0.04167, 0.04167, 0.04167, 0.04167, 
0.04167, 0.04167, 0.04167, 0, 0, 0, 0, 0, 0, 0, 0, 0, 0, 0, 0, 
0, 0, 0, 0, 0, 0, 0, 0, 0, 0, 0.86474, 0.8664, 0.86406, 0.87004, 
0.87068, 0.87734, 0.88021, 0.88145, 0.8813, 0.88369, 0.88233, 
0.86328, 0.87107, 0.86682, 0.8675, 0.86965, 0.87416, 0.88021, 
0.8821, 0.88477, 0.88138, 0.88178, 1.8799, 2.3753, 2.7894, 3.0105, 
4.1172, 5.1912, 4.5964, 5.8296, 6.2039, 6.5915, 7.0675, 1303.9, 
1397.3, 1505.2, 1613.2, 1690.4, 1779.6, 1863.6, 1947.8, 2037.5, 
2127.6, 2220.4, 1, 1, 1, 1, 1, 1, 1, 1, 1, 1, 1, 1, 1, 1, 1, 
1, 1, 1, 1, 1, 1, 1, 1, 1, 1, 1, 1, 1, 1, 1, 1, 1, 1, 1, 1, 1, 
1, 1, 1, 1, 1, 1, 1, 1, 23.04, 29.484, 33.822, 36.124, 47.981, 
59.687, 52.357, 66.19, 70.259, 73.644, 78.832), .Dim = c(11L, 
40L), .Dimnames = list(NULL, c("Sampling", "PSO.cost", "PSO.gamma", 
"PSO.data.balancing", "PSO.feature.selection", "PSO.valid.acc", 
"PSO.test.acc", "PSO.train.time", "PSO.n.support.vectors", "PSO.index", 
"PSO.n.solutions", "PSO.generations", "PSO.n.evaluations", "PSO.cpu.time", 
"RS.cost", "RS.gamma", "RS.data.balancing", "RS.feature.selection", 
"RS.valid.acc", "RS.test.acc", "RS.train.time", "RS.n.support.vectors", 
"RS.index", "RS.n.solutions", "RS.generations", "RS.n.evaluations", 
"RS.cpu.time", "DF.cost", "DF.gamma", "DF.data.balancing", "DF.feature.selection", 
"DF.valid.acc", "DF.test.acc", "DF.train.time", "DF.n.support.vectors", 
"DF.index", "DF.n.solutions", "DF.generations", "DF.n.evaluations", 
"DF.cpu.time")))
