full <-
structure(c(50, 55, 60, 65, 70, 75, 80, 85, 90, 95, 100, 5.89958, 
7.15053, 5.60673, 5.97764, 7.37276, 5.34013, 6.32682, 6.40252, 
5.03414, 14.40417, 6.16763, -5.044, -6.1626, -4.60125, -5.72492, 
-6.34457, -5.68148, -4.5667, -5.89251, -4.35603, -8.96105, -4.85068, 
0, 0, 0, 0, 0, 0, 0, 0, 0, 0, 0, 0, 0, 0, 0, 0, 0, 0, 0, 0, 0, 
0, 0.90983, 0.90836, 0.91052, 0.91542, 0.91597, 0.92061, 0.92213, 
0.92627, 0.92712, 0.92826, 0.932, 0.89919, 0.90136, 0.90807, 
0.91121, 0.91152, 0.91547, 0.91961, 0.9211, 0.92244, 0.92246, 
0.93072, 1.3406, 1.712, 2.0369, 2.1917, 2.7899, 2.8768, 3.29, 
3.8643, 4.247, 13.0151, 4.4129, 818.2, 833.8, 1005.7, 992.1, 
978.9, 1152.9, 1140.1, 1143.2, 1354.9, 937.2, 1274, 1020, 1808, 
1187, 1088, 1717, 1251, 2014, 2319, 2295, 2383, 1209, 113, 1, 
39, 165, 16, 93, 10, 1, 10, 2, 35, 100, 100, 100, 100, 100, 100, 
100, 100, 100, 100, 100, 2500, 2500, 2500, 2500, 2500, 2500, 
2500, 2500, 2500, 2500, 2500, 46433.887, 56442.747, 67850.16, 
73105.159, 85934.478, 89719.177, 100152.84, 122877.633, 131332.368, 
231455.204, 142108.728, 6.76272, 9.38065, 10.35615, 6.07623, 
6.76879, 5.31448, 8.45425, 6.99482, 4.59409, 14.32432, 8.81818, 
-5.70579, -6.96345, -7.35433, -5.86704, -6.05538, -5.66962, -6.03312, 
-6.29794, -4.25101, -8.97693, -6.35675, 0, 0, 0, 0, 0, 0, 0, 
0, 0, 0, 0, 0, 0, 0, 0, 0, 0, 0, 0, 0, 0, 0, 0.908, 0.9067, 0.9099, 
0.91345, 0.91571, 0.92036, 0.92028, 0.9252, 0.9263, 0.92806, 
0.93126, 0.90322, 0.90169, 0.90317, 0.91036, 0.91099, 0.91547, 
0.91846, 0.92174, 0.92081, 0.92189, 0.9287, 1.3664, 1.9625, 2.7264, 
2.2545, 2.5336, 3.0359, 3.2173, 4.0062, 4.2928, 13.2405, 4.6026, 
766.2, 758.5, 793.5, 990.7, 1002.3, 1154.5, 960.2, 1124.3, 1418.5, 
941.8, 1080.1, 545, 1394, 1671, 1538, 191, 2160, 2369, 1113, 
101, 1280, 2117, 1, 1, 1, 1, 1, 1, 1, 3, 1, 1, 1, 100, 100, 100, 
100, 100, 100, 100, 100, 100, 100, 100, 2500, 2500, 2500, 2500, 
2500, 2500, 2500, 2500, 2500, 2500, 2500, 78330.705, 97592.72, 
126299.713, 132664.31, 152537.011, 186761.109, 237588.552, 260701.165, 
272292.969, 303884.737, 320993.138, 1, 1, 1, 1, 1, 1, 1, 1, 1, 
1, 1, 0.04167, 0.04167, 0.04167, 0.04167, 0.04167, 0.04167, 0.04167, 
0.04167, 0.04167, 0.04167, 0.04167, 0, 0, 0, 0, 0, 0, 0, 0, 0, 
0, 0, 0, 0, 0, 0, 0, 0, 0, 0, 0, 0, 0, 0.85224, 0.85903, 0.85795, 
0.86271, 0.86519, 0.87639, 0.87242, 0.87733, 0.8809, 0.88197, 
0.88709, 0.85517, 0.86037, 0.85857, 0.8658, 0.86623, 0.8776, 
0.87585, 0.88165, 0.88049, 0.88389, 0.88397, 1.8879, 2.4062, 
3.0613, 3.2936, 3.5642, 4.4399, 4.9077, 5.9692, 6.0316, 6.7302, 
6.5439, 1308.7, 1433.4, 1537.8, 1625.3, 1722.6, 1825, 1908.4, 
1985.8, 2064.4, 2134.8, 2224.8, 1, 1, 1, 1, 1, 1, 1, 1, 1, 1, 
1, 1, 1, 1, 1, 1, 1, 1, 1, 1, 1, 1, 1, 1, 1, 1, 1, 1, 1, 1, 1, 
1, 1, 1, 1, 1, 1, 1, 1, 1, 1, 1, 1, 1, 23.252, 28.976, 35.948, 
38.499, 41.343, 50.77, 55.799, 67.397, 67.781, 75.245, 73.181
), .Dim = c(11L, 40L), .Dimnames = list(NULL, c("Sampling", "PSO.cost", 
"PSO.gamma", "PSO.data.balancing", "PSO.feature.selection", "PSO.valid.acc", 
"PSO.test.acc", "PSO.train.time", "PSO.n.support.vectors", "PSO.index", 
"PSO.n.solutions", "PSO.generations", "PSO.n.evaluations", "PSO.cpu.time", 
"RS.cost", "RS.gamma", "RS.data.balancing", "RS.feature.selection", 
"RS.valid.acc", "RS.test.acc", "RS.train.time", "RS.n.support.vectors", 
"RS.index", "RS.n.solutions", "RS.generations", "RS.n.evaluations", 
"RS.cpu.time", "DF.cost", "DF.gamma", "DF.data.balancing", "DF.feature.selection", 
"DF.valid.acc", "DF.test.acc", "DF.train.time", "DF.n.support.vectors", 
"DF.index", "DF.n.solutions", "DF.generations", "DF.n.evaluations", 
"DF.cpu.time")))
