full <-
structure(c(50, 55, 60, 65, 70, 75, 80, 85, 90, 95, 100, 7.38338, 
9.88532, 6.04593, 6.98759, 4.70033, 7.22962, 7.05955, 5.35751, 
3.69494, 7.67627, 5.37993, -6.09353, -7.83796, -4.42759, -6.1343, 
-5.26008, -5.1944, -5.11921, -5.37849, -4.80849, -5.31142, -5.21659, 
0, 0, 0, 0, 0, 0, 0, 0, 0, 0, 0, 0, 0, 0, 0, 0, 0, 0, 0, 0, 0, 
0, 0.90799, 0.91205, 0.91389, 0.91825, 0.92094, 0.92574, 0.9251, 
0.93036, 0.92466, 0.92556, 0.93162, 0.90102, 0.90737, 0.91173, 
0.91486, 0.91883, 0.92305, 0.92282, 0.92778, 0.92324, 0.92209, 
0.92429, 1.3974, 2.3252, 2.239, 2.4665, 2.8025, 2.6072, 2.9431, 
3.5157, 4.2105, 3.7562, 4.5314, 765.2, 801.8, 1019.3, 936, 1114.3, 
988.2, 1041.6, 1207.3, 1465.2, 1101.4, 1335.8, 1104, 1701, 943, 
1017, 1373, 1550, 666, 1106, 1712, 2344, 1468, 83, 6, 61, 58, 
53, 31, 357, 81, 66, 2, 38, 100, 100, 100, 100, 100, 100, 100, 
100, 100, 100, 100, 2500, 2500, 2500, 2500, 2500, 2500, 2500, 
2500, 2500, 2500, 2500, 46847.954, 66870.345, 75190.491, 79792.701, 
86883.0229999999, 81871.6180000001, 95500.605, 108004.993, 124358.425, 
120392.842, 138262.583, 9.59443, 9.57245, 5.21255, 7.31215, 5.83183, 
7.06061, 7.33392, 5.69908, 3.79083, 8.4363, 5.28795, -6.91739, 
-6.5236, -4.01421, -6.29475, -5.81653, -5.12562, -5.2225, -5.61592, 
-4.91097, -6.01891, -5.18199, 0, 0, 0, 0, 0, 0, 0, 0, 0, 0, 0, 
0, 0, 0, 0, 0, 0, 0, 0, 0, 0, 0, 0.9069, 0.91137, 0.91357, 0.91712, 
0.91937, 0.92476, 0.92442, 0.92972, 0.92385, 0.9246, 0.93034, 
0.89553, 0.90138, 0.90837, 0.91346, 0.91935, 0.92354, 0.92305, 
0.928, 0.92222, 0.9244, 0.92356, 1.636, 1.9934, 2.4044, 2.5012, 
2.4842, 2.7048, 2.8184, 3.3605, 4.263, 3.9076, 4.1461, 702.2, 
751.6, 1143, 925.4, 1039.3, 1001, 1022.3, 1182.9, 1450.8, 1061.1, 
1345.8, 1640, 2196, 721, 2013, 1912, 1950, 2257, 373, 945, 966, 
1964, 1, 1, 1, 2, 1, 1, 1, 2, 1, 1, 1, 100, 100, 100, 100, 100, 
100, 100, 100, 100, 100, 100, 2500, 2500, 2500, 2500, 2500, 2500, 
2500, 2500, 2500, 2500, 2500, 81992.693, 107597.213, 134634.727, 
155000.96, 153584.028, 201995.451, 206872.912, 217901.542, 259169.889, 
277835.632, 285951.872, 1, 1, 1, 1, 1, 1, 1, 1, 1, 1, 1, 0.04167, 
0.04167, 0.04167, 0.04167, 0.04167, 0.04167, 0.04167, 0.04167, 
0.04167, 0.04167, 0.04167, 0, 0, 0, 0, 0, 0, 0, 0, 0, 0, 0, 0, 
0, 0, 0, 0, 0, 0, 0, 0, 0, 0, 0.85485, 0.8634, 0.86682, 0.86609, 
0.87592, 0.8754, 0.87861, 0.88249, 0.87743, 0.88238, 0.88543, 
0.85558, 0.86273, 0.86804, 0.8644, 0.87514, 0.87907, 0.8761, 
0.88055, 0.87682, 0.88449, 0.88654, 1.9195, 2.6292, 2.8862, 3.4768, 
3.5903, 4.3417, 4.5874, 5.2564, 6.1913, 6.1507, 6.578, 1329.3, 
1434.2, 1513.9, 1619.2, 1708.8, 1803.9, 1890.9, 1981.3, 2077, 
2151, 2223.7, 1, 1, 1, 1, 1, 1, 1, 1, 1, 1, 1, 1, 1, 1, 1, 1, 
1, 1, 1, 1, 1, 1, 1, 1, 1, 1, 1, 1, 1, 1, 1, 1, 1, 1, 1, 1, 1, 
1, 1, 1, 1, 1, 1, 1, 24.458, 32.213, 34.684, 41.053, 41.426, 
49.391, 52.102, 59.397, 69.333, 69.091, 73.669), .Dim = c(11L, 
40L), .Dimnames = list(NULL, c("Sampling", "PSO.cost", "PSO.gamma", 
"PSO.data.balancing", "PSO.feature.selection", "PSO.valid.acc", 
"PSO.test.acc", "PSO.train.time", "PSO.n.support.vectors", "PSO.index", 
"PSO.n.solutions", "PSO.generations", "PSO.n.evaluations", "PSO.cpu.time", 
"RS.cost", "RS.gamma", "RS.data.balancing", "RS.feature.selection", 
"RS.valid.acc", "RS.test.acc", "RS.train.time", "RS.n.support.vectors", 
"RS.index", "RS.n.solutions", "RS.generations", "RS.n.evaluations", 
"RS.cpu.time", "DF.cost", "DF.gamma", "DF.data.balancing", "DF.feature.selection", 
"DF.valid.acc", "DF.test.acc", "DF.train.time", "DF.n.support.vectors", 
"DF.index", "DF.n.solutions", "DF.generations", "DF.n.evaluations", 
"DF.cpu.time")))
