full <-
structure(c(50, 55, 60, 65, 70, 75, 80, 85, 90, 95, 100, 4.69544, 
4.46997, 8.31326, 3.90124, 6.67765, 7.81325, 6.90289, 9.48693, 
5.88541, 4.84035, 5.6673, -4.55156, -4.95046, -6.34471, -4.44711, 
-5.41035, -6.3275, -6.10583, -7.07955, -4.79848, -5.34148, -5.61313, 
0, 0, 0, 0, 0, 0, 0, 0, 0, 0, 0, 0, 0, 0, 0, 0, 0, 0, 0, 0, 0, 
0, 0.91387, 0.91271, 0.91539, 0.91683, 0.91754, 0.91742, 0.92397, 
0.92024, 0.92814, 0.92767, 0.92944, 0.90398, 0.90339, 0.91112, 
0.91316, 0.91099, 0.91009, 0.9219, 0.91593, 0.92386, 0.92324, 
0.92633, 1.4467, 1.6647, 1.8817, 2.264, 2.4873, 3.0772, 3.1254, 
4.0381, 4.6378, 5.5864, 5.565, 928.8, 979.9, 805.3, 1158.2, 959.2, 
956.4, 1056.9, 983, 1214.8, 1362.5, 1319.7, 1016, 2434, 1469, 
868, 1654, 2123, 957, 1383, 2066, 1199, 662, 31, 61, 120, 276, 
9, 7, 330, 121, 2, 161, 145, 100, 100, 100, 100, 100, 100, 100, 
100, 100, 100, 100, 2500, 2500, 2500, 2500, 2500, 2500, 2500, 
2500, 2500, 2500, 2500, 47378.577, 55750.442, 61561.448, 73303.8, 
81516.1340000001, 96744.5160000001, 98871.476, 120559.034, 158969.912, 
165289.7, 171820.149, 4.53332, 3.99377, 5.92394, 4.00856, 7.799, 
9.55939, 6.30309, 9.2148, 6.21218, 5.05246, 5.36124, -4.487, 
-4.59921, -5.6304, -4.74949, -5.90555, -7.20526, -5.88387, -7.13739, 
-4.65574, -5.38351, -5.51887, 0, 0, 0, 0, 0, 0, 0, 0, 0, 0, 0, 
0, 0, 0, 0, 0, 0, 0, 0, 0, 0, 0, 0.9124, 0.91204, 0.91449, 0.91627, 
0.91649, 0.91669, 0.92282, 0.91938, 0.92712, 0.92613, 0.92797, 
0.90544, 0.90073, 0.90929, 0.91401, 0.91178, 0.91009, 0.92236, 
0.91679, 0.92386, 0.92517, 0.92559, 1.4679, 1.7767, 1.82, 2.1795, 
2.4882, 3.519, 3.6932, 4.1614, 4.7981, 4.8365, 4.6656, 946.2, 
1030.2, 919.3, 1123.8, 900.6, 912.7, 1090.3, 1014.9, 1201.3, 
1336.1, 1350, 605, 1171, 809, 412, 459, 18, 2219, 777, 223, 2008, 
327, 3, 1, 1, 1, 1, 1, 2, 1, 1, 2, 1, 100, 100, 100, 100, 100, 
100, 100, 100, 100, 100, 100, 2500, 2500, 2500, 2500, 2500, 2500, 
2500, 2500, 2500, 2500, 2500, 76947.874, 90808.621, 107840.539, 
131868.153, 166360.519, 192176.998, 209441.8, 283938.143, 358729.611, 
365719.631, 344263.603, 1, 1, 1, 1, 1, 1, 1, 1, 1, 1, 1, 0.04167, 
0.04167, 0.04167, 0.04167, 0.04167, 0.04167, 0.04167, 0.04167, 
0.04167, 0.04167, 0.04167, 0, 0, 0, 0, 0, 0, 0, 0, 0, 0, 0, 0, 
0, 0, 0, 0, 0, 0, 0, 0, 0, 0, 0.85227, 0.85473, 0.86195, 0.87257, 
0.872, 0.87199, 0.87861, 0.87863, 0.8807, 0.88042, 0.88563, 0.8519, 
0.8604, 0.85919, 0.86919, 0.87514, 0.87053, 0.87976, 0.8795, 
0.87928, 0.88157, 0.88472, 1.8712, 2.1742, 2.6002, 3.3199, 3.7354, 
4.109, 4.5201, 9.5241, 7.6032, 9.1534, 7.3531, 1296.4, 1397.6, 
1506, 1601.8, 1690.4, 1789.6, 1881.5, 1975.2, 2054.9, 2148.5, 
2219.2, 1, 1, 1, 1, 1, 1, 1, 1, 1, 1, 1, 1, 1, 1, 1, 1, 1, 1, 
1, 1, 1, 1, 1, 1, 1, 1, 1, 1, 1, 1, 1, 1, 1, 1, 1, 1, 1, 1, 1, 
1, 1, 1, 1, 1, 23.002, 26.133, 30.842, 39.635, 44.26, 47.077, 
51.558, 106.732, 85.416, 103.112, 82.305), .Dim = c(11L, 40L), .Dimnames = list(
    NULL, c("Sampling", "PSO.cost", "PSO.gamma", "PSO.data.balancing", 
    "PSO.feature.selection", "PSO.valid.acc", "PSO.test.acc", 
    "PSO.train.time", "PSO.n.support.vectors", "PSO.index", "PSO.n.solutions", 
    "PSO.generations", "PSO.n.evaluations", "PSO.cpu.time", "RS.cost", 
    "RS.gamma", "RS.data.balancing", "RS.feature.selection", 
    "RS.valid.acc", "RS.test.acc", "RS.train.time", "RS.n.support.vectors", 
    "RS.index", "RS.n.solutions", "RS.generations", "RS.n.evaluations", 
    "RS.cpu.time", "DF.cost", "DF.gamma", "DF.data.balancing", 
    "DF.feature.selection", "DF.valid.acc", "DF.test.acc", "DF.train.time", 
    "DF.n.support.vectors", "DF.index", "DF.n.solutions", "DF.generations", 
    "DF.n.evaluations", "DF.cpu.time")))
