full <-
structure(c(50, 55, 60, 65, 70, 75, 80, 85, 90, 95, 100, 4.91797, 
6.44512, 5.30026, 5.09287, 7.0154, 8.04916, 5.5842, 5.85759, 
3.89, 5.34482, 6.95644, -5.26674, -5.85235, -5.04226, -5.57476, 
-6.26329, -6.67451, -5.67007, -4.5815, -4.84854, -5.56947, -6.15768, 
0, 0, 0, 0, 0, 0, 0, 0, 0, 0, 0, 0, 0, 0, 0, 0, 0, 0, 0, 0, 0, 
0, 0.90763, 0.91668, 0.91358, 0.91176, 0.91675, 0.91937, 0.92487, 
0.92671, 0.92732, 0.92729, 0.93329, 0.91129, 0.91034, 0.90991, 
0.91119, 0.91701, 0.9184, 0.91823, 0.92435, 0.92385, 0.92267, 
0.93018, 1.4604, 1.7384, 2.1755, 2.6665, 2.9361, 3.5033, 3.3476, 
3.3787, 4.7112, 4.2905, 4.6163, 861.9, 835.7, 966.7, 1039.3, 
971.4, 968.7, 1157.4, 1208.1, 1413.6, 1312.2, 1226.3, 1128, 683, 
395, 2366, 1605, 1193, 880, 1109, 2213, 504, 1202, 18, 49, 161, 
1, 21, 91, 76, 260, 5, 40, 82, 100, 100, 100, 100, 100, 100, 
100, 100, 100, 100, 100, 2500, 2500, 2500, 2500, 2500, 2500, 
2500, 2500, 2500, 2500, 2500, 50892.151, 62160.797, 75979.053, 
90346.037, 91558.885, 110918.069, 103699.507, 109801.648, 146275.459, 
130445.784, 156065.188, 5.30451, 8.38294, 6.93902, 5.68512, 6.45196, 
8.93658, 5.51766, 5.84317, 3.66108, 4.70287, 6.61983, -5.30346, 
-6.75879, -6.11657, -5.76829, -5.91956, -6.90513, -5.64668, -4.62094, 
-4.66747, -4.74128, -6.01091, 0, 0, 0, 0, 0, 0, 0, 0, 0, 0, 0, 
0, 0, 0, 0, 0, 0, 0, 0, 0, 0, 0, 0.9058, 0.91467, 0.91265, 0.91063, 
0.91623, 0.91839, 0.92441, 0.92584, 0.92711, 0.92613, 0.93238, 
0.90946, 0.90935, 0.91296, 0.9126, 0.91623, 0.91571, 0.91823, 
0.92413, 0.92365, 0.92363, 0.93091, 1.3727, 1.8606, 2.2156, 2.635, 
2.5799, 3.7126, 3.4118, 3.2481, 4.1683, 4.2255, 4.9248, 832, 
768.4, 872.4, 999.7, 991.2, 929, 1162.5, 1203.5, 1449.9, 1379.8, 
1249.3, 2203, 279, 1602, 1415, 831, 205, 266, 1876, 2472, 361, 
1193, 1, 1, 1, 1, 1, 1, 1, 1, 1, 1, 1, 100, 100, 100, 100, 100, 
100, 100, 100, 100, 100, 100, 2500, 2500, 2500, 2500, 2500, 2500, 
2500, 2500, 2500, 2500, 2500, 85350.562, 106399.37, 164503.993, 
177814.492, 180904.254, 195214.7, 220044.141, 223608.006, 296857.733, 
290545.226, 351472.237, 1, 1, 1, 1, 1, 1, 1, 1, 1, 1, 1, 0.04167, 
0.04167, 0.04167, 0.04167, 0.04167, 0.04167, 0.04167, 0.04167, 
0.04167, 0.04167, 0.04167, 0, 0, 0, 0, 0, 0, 0, 0, 0, 0, 0, 0, 
0, 0, 0, 0, 0, 0, 0, 0, 0, 0, 0.864, 0.86403, 0.86929, 0.86749, 
0.8699, 0.87148, 0.86968, 0.87969, 0.87581, 0.88004, 0.8838, 
0.86255, 0.86068, 0.86501, 0.86608, 0.8678, 0.871, 0.87517, 0.87926, 
0.8758, 0.87985, 0.88509, 1.8864, 2.5122, 3.1947, 3.3107, 4.1071, 
4.2769, 4.7189, 4.8179, 5.6791, 6.6472, 6.2678, 1304.7, 1411.1, 
1514, 1608.1, 1700.6, 1795.5, 1895.2, 1976.4, 2052.4, 2139.2, 
2227.5, 1, 1, 1, 1, 1, 1, 1, 1, 1, 1, 1, 1, 1, 1, 1, 1, 1, 1, 
1, 1, 1, 1, 1, 1, 1, 1, 1, 1, 1, 1, 1, 1, 1, 1, 1, 1, 1, 1, 1, 
1, 1, 1, 1, 1, 24.379, 31.454, 38.915, 39.578, 48.123, 49.104, 
53.812, 54.825, 64.051, 74.335, 70.371), .Dim = c(11L, 40L), .Dimnames = list(
    NULL, c("Sampling", "PSO.cost", "PSO.gamma", "PSO.data.balancing", 
    "PSO.feature.selection", "PSO.valid.acc", "PSO.test.acc", 
    "PSO.train.time", "PSO.n.support.vectors", "PSO.index", "PSO.n.solutions", 
    "PSO.generations", "PSO.n.evaluations", "PSO.cpu.time", "RS.cost", 
    "RS.gamma", "RS.data.balancing", "RS.feature.selection", 
    "RS.valid.acc", "RS.test.acc", "RS.train.time", "RS.n.support.vectors", 
    "RS.index", "RS.n.solutions", "RS.generations", "RS.n.evaluations", 
    "RS.cpu.time", "DF.cost", "DF.gamma", "DF.data.balancing", 
    "DF.feature.selection", "DF.valid.acc", "DF.test.acc", "DF.train.time", 
    "DF.n.support.vectors", "DF.index", "DF.n.solutions", "DF.generations", 
    "DF.n.evaluations", "DF.cpu.time")))
