full <-
structure(c(50, 55, 60, 65, 70, 75, 80, 85, 90, 95, 100, 5.43827, 
3.71114, 5.48661, 6.51334, 9.29159, 9.01785, 8.55585, 8.86933, 
4.46165, 8.68183, 5.24584, -4.51783, -4.93943, -5.28535, -6.04777, 
-7.31938, -6.9722, -6.6206, -6.98995, -5.16505, -6.65971, -4.22405, 
0, 0, 0, 0, 0, 0, 0, 0, 0, 0, 0, 0, 0, 0, 0, 0, 0, 0, 0, 0, 0, 
0, 0.90802, 0.90735, 0.9154, 0.91456, 0.91858, 0.92329, 0.92372, 
0.92801, 0.92752, 0.92536, 0.92943, 0.90102, 0.90367, 0.90929, 
0.91456, 0.91229, 0.91547, 0.9166, 0.92606, 0.92244, 0.9217, 
0.92594, 1.457, 2.3752, 1.9656, 2.4836, 3.0747, 3.3931, 4.4033, 
4.8712, 3.9855, 5.6672, 6.0123, 915.7, 1041.2, 953, 949.8, 901.8, 
943.4, 977.7, 1022.5, 1348.3, 1077, 1453.7, 1964, 1697, 1833, 
2436, 1447, 2116, 1778, 2146, 458, 1862, 1786, 342, 44, 14, 4, 
65, 1, 19, 3, 10, 12, 3, 100, 100, 100, 100, 100, 100, 100, 100, 
100, 100, 100, 2500, 2500, 2500, 2500, 2500, 2500, 2500, 2500, 
2500, 2500, 2500, 49905.77, 80983.318, 72896.964, 92530.816, 
98387.216, 103635.521, 137329.835, 152428.128, 128360.676, 151350.51, 
176789.321, 6.26154, 3.70331, 5.67932, 3.95762, 8.97735, 9.05695, 
8.38291, 8.94364, 4.82497, 8.43906, 5.28969, -4.87995, -4.88077, 
-5.41189, -4.06217, -7.11013, -7.09853, -6.51557, -7.02159, -5.27327, 
-6.34833, -4.27519, 0, 0, 0, 0, 0, 0, 0, 0, 0, 0, 0, 0, 0, 0, 
0, 0, 0, 0, 0, 0, 0, 0, 0.90618, 0.90569, 0.91479, 0.91457, 0.91727, 
0.92256, 0.92257, 0.92758, 0.9265, 0.92498, 0.92851, 0.90395, 
0.90201, 0.9099, 0.91259, 0.91203, 0.91499, 0.91683, 0.92606, 
0.92325, 0.92247, 0.92502, 1.4279, 2.0393, 2.4074, 2.6264, 3.0649, 
3.3032, 4.8081, 4.6885, 4.1281, 4.2088, 5.509, 842.5, 1044.1, 
939.4, 1246.4, 904, 950.1, 982, 1020, 1306.6, 1065.1, 1438.9, 
1635, 1656, 1749, 802, 989, 1150, 726, 1921, 20, 1812, 2408, 
1, 1, 1, 1, 1, 1, 1, 1, 1, 1, 1, 100, 100, 100, 100, 100, 100, 
100, 100, 100, 100, 100, 2500, 2500, 2500, 2500, 2500, 2500, 
2500, 2500, 2500, 2500, 2500, 82903.334, 142677.234, 130920.888, 
141587.238, 201835.441, 186639.41, 320512.64, 341924.667, 291097.501, 
331108.225, 376271.609, 1, 1, 1, 1, 1, 1, 1, 1, 1, 1, 1, 0.04167, 
0.04167, 0.04167, 0.04167, 0.04167, 0.04167, 0.04167, 0.04167, 
0.04167, 0.04167, 0.04167, 0, 0, 0, 0, 0, 0, 0, 0, 0, 0, 0, 0, 
0, 0, 0, 0, 0, 0, 0, 0, 0, 0, 0.85816, 0.85838, 0.86957, 0.87424, 
0.87277, 0.87295, 0.87149, 0.87928, 0.88009, 0.88118, 0.88563, 
0.8578, 0.86271, 0.86896, 0.87452, 0.86884, 0.87198, 0.87286, 
0.87842, 0.88172, 0.88157, 0.88507, 1.9633, 2.6668, 3.2411, 3.214, 
3.6682, 4.2205, 6.4507, 6.9365, 5.6673, 8.0805, 8.0044, 1321.2, 
1425.8, 1517.4, 1603.7, 1699, 1792, 1870.6, 1961.8, 2052.2, 2135.5, 
2222.2, 1, 1, 1, 1, 1, 1, 1, 1, 1, 1, 1, 1, 1, 1, 1, 1, 1, 1, 
1, 1, 1, 1, 1, 1, 1, 1, 1, 1, 1, 1, 1, 1, 1, 1, 1, 1, 1, 1, 1, 
1, 1, 1, 1, 1, 24.32, 33.295, 39.896, 37.815, 42.6, 48.695, 74.444, 
78.516, 63.768, 90.8, 90.056), .Dim = c(11L, 40L), .Dimnames = list(
    NULL, c("Sampling", "PSO.cost", "PSO.gamma", "PSO.data.balancing", 
    "PSO.feature.selection", "PSO.valid.acc", "PSO.test.acc", 
    "PSO.train.time", "PSO.n.support.vectors", "PSO.index", "PSO.n.solutions", 
    "PSO.generations", "PSO.n.evaluations", "PSO.cpu.time", "RS.cost", 
    "RS.gamma", "RS.data.balancing", "RS.feature.selection", 
    "RS.valid.acc", "RS.test.acc", "RS.train.time", "RS.n.support.vectors", 
    "RS.index", "RS.n.solutions", "RS.generations", "RS.n.evaluations", 
    "RS.cpu.time", "DF.cost", "DF.gamma", "DF.data.balancing", 
    "DF.feature.selection", "DF.valid.acc", "DF.test.acc", "DF.train.time", 
    "DF.n.support.vectors", "DF.index", "DF.n.solutions", "DF.generations", 
    "DF.n.evaluations", "DF.cpu.time")))
