full <-
structure(c(50, 55, 60, 65, 70, 75, 80, 85, 90, 95, 100, 7.097, 
4.90548, 8.32989, 6.12123, 4.09121, 8.18739, 8.33072, 7.68632, 
6.40481, 5.96081, 4.89833, -6.52983, -4.63929, -6.90524, -5.7061, 
-4.73919, -6.47357, -6.78764, -6.47326, -6.05889, -5.64423, -5.5055, 
0, 0, 0, 0, 0, 0, 0, 0, 0, 0, 0, 0, 0, 0, 0, 0, 0, 0, 0, 0, 0, 
0, 0.90652, 0.91504, 0.91264, 0.91991, 0.92278, 0.92132, 0.92555, 
0.92606, 0.92629, 0.92981, 0.93236, 0.90174, 0.90972, 0.91173, 
0.92019, 0.91938, 0.9179, 0.92236, 0.92349, 0.92283, 0.92922, 
0.92759, 1.4489, 1.837, 2.3004, 2.196, 2.7163, 3.0573, 3.5377, 
3.643, 3.7743, 4.1087, 4.4751, 799, 986.1, 857.3, 975.2, 1195.4, 
947.9, 1010.9, 1067.4, 1180.1, 1247.8, 1404.1, 1689, 1379, 2386, 
156, 1981, 424, 1833, 2145, 2190, 846, 1077, 24, 84, 93, 254, 
41, 80, 44, 5, 37, 92, 39, 100, 100, 100, 100, 100, 100, 100, 
100, 100, 100, 100, 2500, 2500, 2500, 2500, 2500, 2500, 2500, 
2500, 2500, 2500, 2500, 47524.698, 60585.99, 75687.931, 73587.178, 
82328.522, 92748.262, 107334.18, 113495.077, 117096.828, 130552.726, 
140309.616, 6.87802, 5.79359, 5.7616, 5.97887, 4.13783, 8.23245, 
8.3661, 7.70749, 5.96401, 4.78312, 4.8429, -6.40229, -5.48176, 
-5.66221, -5.77155, -4.88806, -6.7316, -6.81577, -6.70682, -5.64554, 
-5.01801, -5.38558, 0, 0, 0, 0, 0, 0, 0, 0, 0, 0, 0, 0, 0, 0, 
0, 0, 0, 0, 0, 0, 0, 0, 0.90505, 0.91305, 0.91111, 0.91906, 0.92148, 
0.92084, 0.92487, 0.92499, 0.92548, 0.92865, 0.93163, 0.90174, 
0.90805, 0.91327, 0.92019, 0.91912, 0.91986, 0.92259, 0.92349, 
0.92344, 0.92845, 0.92851, 1.5001, 1.7757, 2.0842, 2.2017, 2.6112, 
3.1508, 3.6481, 3.7457, 3.7516, 4.1692, 4.4406, 805, 894, 949.7, 
985.9, 1181.3, 970.1, 1012.9, 1093.5, 1195.9, 1366.8, 1404.8, 
934, 105, 2168, 1578, 1342, 940, 332, 979, 220, 2005, 1893, 1, 
1, 1, 1, 1, 1, 1, 1, 1, 1, 1, 100, 100, 100, 100, 100, 100, 100, 
100, 100, 100, 100, 2500, 2500, 2500, 2500, 2500, 2500, 2500, 
2500, 2500, 2500, 2500, 83932.451, 114890.665, 133441.618, 133767.72, 
156549.804, 191024.721, 221301.349, 226764.56, 259587.063, 276068.411, 
277690.361, 1, 1, 1, 1, 1, 1, 1, 1, 1, 1, 1, 0.04167, 0.04167, 
0.04167, 0.04167, 0.04167, 0.04167, 0.04167, 0.04167, 0.04167, 
0.04167, 0.04167, 0, 0, 0, 0, 0, 0, 0, 0, 0, 0, 0, 0, 0, 0, 0, 
0, 0, 0, 0, 0, 0, 0, 0.86325, 0.86204, 0.86745, 0.872, 0.8746, 
0.87612, 0.87976, 0.88123, 0.8819, 0.88159, 0.88452, 0.85849, 
0.86371, 0.86195, 0.87227, 0.87251, 0.87538, 0.88137, 0.87972, 
0.88394, 0.88101, 0.88892, 1.9193, 2.5011, 2.6879, 3.0025, 3.6085, 
4.08, 5.0825, 5.0203, 5.7192, 6.2409, 6.306, 1308.9, 1411.5, 
1500.2, 1589.9, 1683.5, 1773.6, 1864.6, 1942, 2035.7, 2135, 2219.7, 
1, 1, 1, 1, 1, 1, 1, 1, 1, 1, 1, 1, 1, 1, 1, 1, 1, 1, 1, 1, 1, 
1, 1, 1, 1, 1, 1, 1, 1, 1, 1, 1, 1, 1, 1, 1, 1, 1, 1, 1, 1, 1, 
1, 1, 24.447, 30.817, 32.613, 35.221, 41.551, 46.622, 58.413, 
56.809, 64.362, 69.995, 70.841), .Dim = c(11L, 40L), .Dimnames = list(
    NULL, c("Sampling", "PSO.cost", "PSO.gamma", "PSO.data.balancing", 
    "PSO.feature.selection", "PSO.valid.acc", "PSO.test.acc", 
    "PSO.train.time", "PSO.n.support.vectors", "PSO.index", "PSO.n.solutions", 
    "PSO.generations", "PSO.n.evaluations", "PSO.cpu.time", "RS.cost", 
    "RS.gamma", "RS.data.balancing", "RS.feature.selection", 
    "RS.valid.acc", "RS.test.acc", "RS.train.time", "RS.n.support.vectors", 
    "RS.index", "RS.n.solutions", "RS.generations", "RS.n.evaluations", 
    "RS.cpu.time", "DF.cost", "DF.gamma", "DF.data.balancing", 
    "DF.feature.selection", "DF.valid.acc", "DF.test.acc", "DF.train.time", 
    "DF.n.support.vectors", "DF.index", "DF.n.solutions", "DF.generations", 
    "DF.n.evaluations", "DF.cpu.time")))
