full <-
structure(c(50, 55, 60, 65, 70, 75, 80, 85, 90, 95, 100, 5.04563, 
5.27033, 5.49945, 6.07172, 6.42946, 5.81633, 10.37012, 10.73184, 
7.69125, 6.5494, 4.52209, -5.25567, -5.10512, -5.21992, -5.22287, 
-6.1405, -5.43134, -7.07308, -6.98751, -6.05666, -6.09184, -5.24164, 
0, 0, 0, 0, 0, 0, 0, 0, 0, 0, 0, 0, 0, 0, 0, 0, 0, 0, 0, 0, 0, 
0, 0.90471, 0.92002, 0.9151, 0.91765, 0.9199, 0.9267, 0.92441, 
0.92822, 0.92835, 0.92672, 0.92705, 0.90472, 0.91002, 0.91236, 
0.91482, 0.91781, 0.9223, 0.92372, 0.92219, 0.92286, 0.91939, 
0.92449, 1.3508, 1.5832, 1.8637, 2.0494, 2.5044, 3.2769, 4.2897, 
4.5771, 4.0162, 4.4071, 5.0235, 847.1, 893.7, 944.1, 956.8, 1008.3, 
1071.3, 899.6, 903.3, 1070.4, 1223.4, 1440.2, 1313, 872, 853, 
1534, 1517, 1114, 652, 1999, 714, 920, 1858, 3, 78, 583, 72, 
76, 227, 35, 14, 253, 83, 57, 100, 100, 100, 100, 100, 100, 100, 
100, 100, 100, 100, 2500, 2500, 2500, 2500, 2500, 2500, 2500, 
2500, 2500, 2500, 2500, 49148.387, 52875.771, 61281.193, 68240.786, 
79278.6969999999, 97712.8, 134693.645, 137697.555, 128119.003, 
142603.928, 150666.819, 9.16382, 5.06834, 5.85964, 6.26622, 6.73709, 
5.95353, 7.89678, 12.71271, 7.58474, 5.51808, 4.00788, -8.01063, 
-5.03143, -5.22736, -5.36411, -6.24098, -5.43745, -5.29208, -7.8479, 
-6.02958, -5.48206, -5.10068, 0, 0, 0, 0, 0, 0, 0, 0, 0, 0, 0, 
0, 0, 0, 0, 0, 0, 0, 0, 0, 0, 0, 0.90363, 0.91801, 0.91297, 0.91737, 
0.91859, 0.92646, 0.92349, 0.92714, 0.92814, 0.92537, 0.92668, 
0.89629, 0.91035, 0.91236, 0.91454, 0.91807, 0.92181, 0.92326, 
0.92068, 0.92326, 0.9217, 0.92449, 1.7143, 1.5966, 1.7682, 2.0184, 
2.7253, 3.096, 3.4813, 6.289, 3.7282, 4.6225, 4.6477, 787.7, 
908.5, 920.3, 939.9, 993.2, 1060.5, 983.9, 860.9, 1075.1, 1283.3, 
1506, 904, 554, 2079, 2261, 1916, 1228, 968, 309, 1544, 1611, 
2045, 1, 1, 1, 1, 1, 1, 3, 1, 1, 1, 1, 100, 100, 100, 100, 100, 
100, 100, 100, 100, 100, 100, 2500, 2500, 2500, 2500, 2500, 2500, 
2500, 2500, 2500, 2500, 2500, 78870.564, 93658.172, 111345.084, 
128834.498, 159444.858, 216914.849, 283071.048, 311796.088, 274193.492, 
320391.213, 316149.636, 1, 1, 1, 1, 1, 1, 1, 1, 1, 1, 1, 0.04167, 
0.04167, 0.04167, 0.04167, 0.04167, 0.04167, 0.04167, 0.04167, 
0.04167, 0.04167, 0.04167, 0, 0, 0, 0, 0, 0, 0, 0, 0, 0, 0, 0, 
0, 0, 0, 0, 0, 0, 0, 0, 0, 0, 0.85928, 0.86304, 0.86471, 0.87056, 
0.87043, 0.87442, 0.87722, 0.87777, 0.88071, 0.88274, 0.88435, 
0.86184, 0.86371, 0.86624, 0.86888, 0.87121, 0.87392, 0.87677, 
0.8754, 0.88234, 0.88139, 0.88581, 1.9107, 2.2371, 2.5796, 3.0161, 
3.8549, 4.8562, 5.288, 6.4967, 6.6478, 6.437, 6.2196, 1324.4, 
1427.4, 1518.2, 1618.8, 1718.3, 1806.6, 1894.2, 1979.1, 2065.8, 
2152.3, 2225, 1, 1, 1, 1, 1, 1, 1, 1, 1, 1, 1, 1, 1, 1, 1, 1, 
1, 1, 1, 1, 1, 1, 1, 1, 1, 1, 1, 1, 1, 1, 1, 1, 1, 1, 1, 1, 1, 
1, 1, 1, 1, 1, 1, 1, 23.425, 26.907, 30.56, 35.368, 45.376, 56.574, 
60.82, 73.908, 74.304, 72.189, 69.808), .Dim = c(11L, 40L), .Dimnames = list(
    NULL, c("Sampling", "PSO.cost", "PSO.gamma", "PSO.data.balancing", 
    "PSO.feature.selection", "PSO.valid.acc", "PSO.test.acc", 
    "PSO.train.time", "PSO.n.support.vectors", "PSO.index", "PSO.n.solutions", 
    "PSO.generations", "PSO.n.evaluations", "PSO.cpu.time", "RS.cost", 
    "RS.gamma", "RS.data.balancing", "RS.feature.selection", 
    "RS.valid.acc", "RS.test.acc", "RS.train.time", "RS.n.support.vectors", 
    "RS.index", "RS.n.solutions", "RS.generations", "RS.n.evaluations", 
    "RS.cpu.time", "DF.cost", "DF.gamma", "DF.data.balancing", 
    "DF.feature.selection", "DF.valid.acc", "DF.test.acc", "DF.train.time", 
    "DF.n.support.vectors", "DF.index", "DF.n.solutions", "DF.generations", 
    "DF.n.evaluations", "DF.cpu.time")))
