full <-
structure(c(50, 55, 60, 65, 70, 75, 80, 85, 90, 95, 100, 5.06933, 
5.16565, 5.09977, 5.21979, 6.54028, 5.73363, 7.61712, 6.88795, 
8.77893, 6.42064, 8.06923, -5.16978, -5.34089, -4.28391, -4.77564, 
-5.52955, -4.90399, -6.07147, -5.88856, -5.99732, -5.09677, -6.85425, 
0, 0, 0, 0, 0, 0, 0, 0, 0, 0, 0, 0, 0, 0, 0, 0, 0, 0, 0, 0, 0, 
0, 0.91973, 0.91971, 0.92547, 0.92361, 0.92281, 0.92524, 0.92236, 
0.92477, 0.92956, 0.92787, 0.93016, 0.91496, 0.91771, 0.92182, 
0.9205, 0.91912, 0.92084, 0.91527, 0.92133, 0.9208, 0.92691, 
0.92485, 1.4414, 1.8564, 2.6512, 2.2322, 2.6472, 2.9338, 3.0697, 
3.5858, 4.504, 4.6531, 5.2058, 858.8, 907.3, 1040.2, 1025.9, 
968.9, 1090.5, 996, 1092.1, 994.5, 1187.6, 1204, 1994, 1075, 
930, 1219, 501, 1218, 1300, 804, 1170, 861, 2318, 27, 291, 117, 
81, 129, 44, 135, 96, 13, 58, 1, 100, 100, 100, 100, 100, 100, 
100, 100, 100, 100, 100, 2500, 2500, 2500, 2500, 2500, 2500, 
2500, 2500, 2500, 2500, 2500, 48963.517, 66285.474, 86679.64, 
72476.831, 86831.7259999999, 94609.325, 98383.3810000001, 113235.349, 
143646.204, 140676.074, 155824.38, 4.58, 4.5073, 4.08477, 5.21771, 
7.01842, 5.84267, 7.37423, 6.44041, 8.41527, 7.38619, 6.62139, 
-4.82532, -5.03387, -4.85878, -4.94198, -5.68198, -5.09054, -5.99205, 
-5.69969, -5.83652, -5.44066, -5.84782, 0, 0, 0, 0, 0, 0, 0, 
0, 0, 0, 0, 0, 0, 0, 0, 0, 0, 0, 0, 0, 0, 0, 0.91863, 0.91772, 
0.92456, 0.92248, 0.92202, 0.92451, 0.9219, 0.92369, 0.92833, 
0.92671, 0.92852, 0.91496, 0.91738, 0.91845, 0.92022, 0.91964, 
0.92206, 0.91458, 0.92154, 0.92141, 0.92691, 0.92595, 1.4248, 
2.028, 1.9817, 2.2073, 2.4525, 2.8857, 3.1369, 3.7913, 4.327, 
3.9787, 4.3699, 898.8, 957.4, 1053.7, 1016.3, 940.7, 1071.2, 
1011.4, 1120.6, 1012.5, 1103.3, 1238.5, 910, 2461, 2432, 514, 
2061, 780, 2200, 1845, 1028, 1393, 989, 1, 1, 1, 1, 2, 1, 1, 
2, 1, 3, 1, 100, 100, 100, 100, 100, 100, 100, 100, 100, 100, 
100, 2500, 2500, 2500, 2500, 2500, 2500, 2500, 2500, 2500, 2500, 
2500, 83025.183, 126654.276, 121084.837, 139823.572, 164264.913, 
191614.784, 214331.127, 270929.553, 373961.587, 306892.69, 371479.117, 
1, 1, 1, 1, 1, 1, 1, 1, 1, 1, 1, 0.04167, 0.04167, 0.04167, 0.04167, 
0.04167, 0.04167, 0.04167, 0.04167, 0.04167, 0.04167, 0.04167, 
0, 0, 0, 0, 0, 0, 0, 0, 0, 0, 0, 0, 0, 0, 0, 0, 0, 0, 0, 0, 0, 
0, 0.84752, 0.8624, 0.86042, 0.86974, 0.86992, 0.87052, 0.87473, 
0.87713, 0.87804, 0.88139, 0.88581, 0.85191, 0.86108, 0.86226, 
0.86834, 0.86837, 0.86881, 0.87335, 0.87864, 0.87845, 0.88564, 
0.8849, 1.8882, 2.6757, 2.6646, 3.3862, 3.8561, 4.4102, 4.6972, 
6.7788, 6.7107, 8.0084, 8.2051, 1314.4, 1420.1, 1505.9, 1598.1, 
1699.4, 1788.2, 1870.5, 1972.6, 2054.2, 2140.7, 2225.8, 1, 1, 
1, 1, 1, 1, 1, 1, 1, 1, 1, 1, 1, 1, 1, 1, 1, 1, 1, 1, 1, 1, 1, 
1, 1, 1, 1, 1, 1, 1, 1, 1, 1, 1, 1, 1, 1, 1, 1, 1, 1, 1, 1, 1, 
25.468, 34.072, 31.834, 39.734, 44.58, 50.453, 53.59, 77.409, 
75.985, 89.349, 92.384), .Dim = c(11L, 40L), .Dimnames = list(
    NULL, c("Sampling", "PSO.cost", "PSO.gamma", "PSO.data.balancing", 
    "PSO.feature.selection", "PSO.valid.acc", "PSO.test.acc", 
    "PSO.train.time", "PSO.n.support.vectors", "PSO.index", "PSO.n.solutions", 
    "PSO.generations", "PSO.n.evaluations", "PSO.cpu.time", "RS.cost", 
    "RS.gamma", "RS.data.balancing", "RS.feature.selection", 
    "RS.valid.acc", "RS.test.acc", "RS.train.time", "RS.n.support.vectors", 
    "RS.index", "RS.n.solutions", "RS.generations", "RS.n.evaluations", 
    "RS.cpu.time", "DF.cost", "DF.gamma", "DF.data.balancing", 
    "DF.feature.selection", "DF.valid.acc", "DF.test.acc", "DF.train.time", 
    "DF.n.support.vectors", "DF.index", "DF.n.solutions", "DF.generations", 
    "DF.n.evaluations", "DF.cpu.time")))
