full <-
structure(c(50, 55, 60, 65, 70, 75, 80, 85, 90, 95, 100, 5.26593, 
5.80176, 3.97651, 6.42894, 6.30455, 8.32973, 7.00358, 5.37246, 
6.93227, 6.94963, 7.17401, -5.91172, -5.99045, -4.99137, -6.03512, 
-6.06206, -6.56444, -6.45572, -5.49883, -6.47285, -5.25427, -5.48982, 
0, 0, 0, 0, 0, 0, 0, 0, 0, 0, 0, 0, 0, 0, 0, 0, 0, 0, 0, 0, 0, 
0, 0.91202, 0.91737, 0.92089, 0.9219, 0.92329, 0.92085, 0.92282, 
0.92304, 0.92691, 0.92691, 0.92888, 0.9065, 0.91436, 0.91569, 
0.91654, 0.91963, 0.91792, 0.92053, 0.92068, 0.92284, 0.92343, 
0.92778, 1.492, 1.6052, 1.9529, 2.1736, 2.7899, 2.9572, 3.316, 
3.5457, 4.1766, 4.1706, 4.598, 855.9, 880.2, 1055.5, 951, 997.4, 
943.6, 1091.5, 1228.7, 1195.9, 1159.8, 1165.3, 983, 643, 2432, 
1248, 1094, 867, 2051, 1188, 1498, 2088, 1490, 21, 59, 53, 92, 
35, 26, 14, 11, 13, 2, 54, 100, 100, 100, 100, 100, 100, 100, 
100, 100, 100, 100, 2500, 2500, 2500, 2500, 2500, 2500, 2500, 
2500, 2500, 2500, 2500, 50946.109, 52830.988, 62759.741, 71158.72, 
87080.921, 93159.173, 105454.454, 114899.239, 125065.064, 141544.647, 
153596.735, 5.78668, 5.76019, 4.05635, 9.43253, 5.87036, 8.59827, 
6.831, 6.4229, 6.53747, 7.00149, 7.43482, -6.15867, -5.97646, 
-4.99711, -6.90954, -6.12037, -6.69403, -6.34484, -5.84872, -6.17979, 
-5.33502, -5.77471, 0, 0, 0, 0, 0, 0, 0, 0, 0, 0, 0, 0, 0, 0, 
0, 0, 0, 0, 0, 0, 0, 0, 0.90983, 0.91737, 0.92058, 0.92106, 0.92251, 
0.92012, 0.92213, 0.92261, 0.92651, 0.92614, 0.92815, 0.90724, 
0.91436, 0.91538, 0.91655, 0.91727, 0.91841, 0.92076, 0.92046, 
0.92549, 0.92266, 0.92742, 1.4163, 1.6047, 1.9004, 2.4565, 2.4817, 
2.9887, 3.2614, 3.7871, 4.0697, 3.9082, 4.4523, 837.3, 882.2, 
1048.1, 828.1, 1045.9, 935.8, 1096.7, 1149.5, 1199.8, 1155.7, 
1154.2, 1624, 1135, 653, 1819, 920, 42, 232, 655, 104, 885, 986, 
1, 1, 1, 1, 1, 1, 2, 1, 2, 1, 2, 100, 100, 100, 100, 100, 100, 
100, 100, 100, 100, 100, 2500, 2500, 2500, 2500, 2500, 2500, 
2500, 2500, 2500, 2500, 2500, 77764.056, 93064.687, 108294.717, 
129834.873, 154556.445, 196193.407, 205751.27, 249032.435, 277578.872, 
300121.991, 322057.21, 1, 1, 1, 1, 1, 1, 1, 1, 1, 1, 1, 0.04167, 
0.04167, 0.04167, 0.04167, 0.04167, 0.04167, 0.04167, 0.04167, 
0.04167, 0.04167, 0.04167, 0, 0, 0, 0, 0, 0, 0, 0, 0, 0, 0, 0, 
0, 0, 0, 0, 0, 0, 0, 0, 0, 0, 0.85668, 0.86206, 0.86957, 0.86863, 
0.8725, 0.87345, 0.8761, 0.87843, 0.8803, 0.88197, 0.88343, 0.85961, 
0.86541, 0.86925, 0.86976, 0.87512, 0.87223, 0.8761, 0.87843, 
0.87989, 0.88159, 0.88599, 1.8261, 2.2278, 2.6983, 3.0493, 3.5584, 
4.7402, 4.7146, 5.1114, 10.2235, 7.3125, 7.2805, 1308.2, 1401.8, 
1508.7, 1606.8, 1696.3, 1783.3, 1874.4, 1967.1, 2064.1, 2141.6, 
2221.2, 1, 1, 1, 1, 1, 1, 1, 1, 1, 1, 1, 1, 1, 1, 1, 1, 1, 1, 
1, 1, 1, 1, 1, 1, 1, 1, 1, 1, 1, 1, 1, 1, 1, 1, 1, 1, 1, 1, 1, 
1, 1, 1, 1, 1, 22.456, 26.818, 31.89, 35.644, 41.206, 55.286, 
53.781, 58.168, 114.246, 81.726, 81.278), .Dim = c(11L, 40L), .Dimnames = list(
    NULL, c("Sampling", "PSO.cost", "PSO.gamma", "PSO.data.balancing", 
    "PSO.feature.selection", "PSO.valid.acc", "PSO.test.acc", 
    "PSO.train.time", "PSO.n.support.vectors", "PSO.index", "PSO.n.solutions", 
    "PSO.generations", "PSO.n.evaluations", "PSO.cpu.time", "RS.cost", 
    "RS.gamma", "RS.data.balancing", "RS.feature.selection", 
    "RS.valid.acc", "RS.test.acc", "RS.train.time", "RS.n.support.vectors", 
    "RS.index", "RS.n.solutions", "RS.generations", "RS.n.evaluations", 
    "RS.cpu.time", "DF.cost", "DF.gamma", "DF.data.balancing", 
    "DF.feature.selection", "DF.valid.acc", "DF.test.acc", "DF.train.time", 
    "DF.n.support.vectors", "DF.index", "DF.n.solutions", "DF.generations", 
    "DF.n.evaluations", "DF.cpu.time")))
