full <-
structure(c(50, 55, 60, 65, 70, 75, 80, 85, 90, 95, 100, 5.63198, 
5.73021, 11.8714, 4.81527, 6.59876, 5.95788, 5.63061, 6.04725, 
6.1406, 7.66904, 5.82034, -6.36422, -6.14691, -8.48007, -4.90072, 
-6.24061, -6.16256, -4.56806, -5.08053, -4.99718, -6.44261, -4.70414, 
0, 0, 0, 0, 0, 0, 0, 0, 0, 0, 0, 0, 0, 0, 0, 0, 0, 0, 0, 0, 0, 
0, 0.90141, 0.90171, 0.90929, 0.90921, 0.91886, 0.91936, 0.92374, 
0.92326, 0.92712, 0.93327, 0.93164, 0.8959, 0.89971, 0.9047, 
0.9064, 0.9178, 0.91619, 0.91824, 0.91572, 0.92325, 0.92999, 
0.92798, 1.4734, 1.7781, 4.0543, 2.3433, 2.8097, 3.139, 3.3116, 
3.5275, 3.7409, 4.4101, 4.1698, 875.4, 922, 797, 1056.9, 1004.9, 
1108.9, 1182.3, 1147.5, 1175.9, 1146.5, 1322.8, 1502, 353, 1109, 
915, 1015, 1581, 726, 1045, 863, 2362, 1594, 32, 60, 8, 6, 13, 
13, 141, 279, 38, 1, 5, 100, 100, 100, 100, 100, 100, 100, 100, 
100, 100, 100, 2500, 2500, 2500, 2500, 2500, 2500, 2500, 2500, 
2500, 2500, 2500, 53534.233, 61346.856, 110683.653, 80120.778, 
96575.752, 100272.796, 107816.393, 118920.191, 114893.746, 151008.929, 
129803.768, 5.68904, 6.76264, 12.48461, 5.54158, 6.3412, 5.91859, 
5.43273, 5.79603, 6.38109, 6.2899, 5.34073, -6.26268, -6.61055, 
-8.86358, -6.01341, -6.10809, -6.08137, -5.17116, -4.98921, -5.20837, 
-5.34012, -4.4058, 0, 0, 0, 0, 0, 0, 0, 0, 0, 0, 0, 0, 0, 0, 
0, 0, 0, 0, 0, 0, 0, 0, 0.9003, 0.89938, 0.90807, 0.90836, 0.91834, 
0.91814, 0.92282, 0.9224, 0.9263, 0.93134, 0.93018, 0.897, 0.9007, 
0.90562, 0.90499, 0.91701, 0.91644, 0.92236, 0.91507, 0.92447, 
0.92671, 0.92798, 1.5293, 1.9705, 4.5889, 2.5844, 2.7807, 3.0592, 
2.957, 3.4596, 3.6557, 4.036, 4.7185, 866.9, 883.8, 803.6, 1029.5, 
1015.9, 1107.2, 1161.4, 1170.6, 1148, 1206.6, 1406.4, 627, 1619, 
914, 283, 2144, 1635, 1622, 1415, 451, 922, 2008, 1, 1, 1, 1, 
1, 1, 2, 1, 1, 4, 1, 100, 100, 100, 100, 100, 100, 100, 100, 
100, 100, 100, 2500, 2500, 2500, 2500, 2500, 2500, 2500, 2500, 
2500, 2500, 2500, 80179.793, 115863.323, 134801.161, 168117.244, 
189690.247, 200525.468, 202630.829, 237513.098, 253551.79, 275089.967, 
369674.556, 1, 1, 1, 1, 1, 1, 1, 1, 1, 1, 1, 0.04167, 0.04167, 
0.04167, 0.04167, 0.04167, 0.04167, 0.04167, 0.04167, 0.04167, 
0.04167, 0.04167, 0, 0, 0, 0, 0, 0, 0, 0, 0, 0, 0, 0, 0, 0, 0, 
0, 0, 0, 0, 0, 0, 0, 0.85412, 0.85206, 0.86591, 0.86694, 0.87513, 
0.87366, 0.87654, 0.88056, 0.87866, 0.88158, 0.89003, 0.85264, 
0.85573, 0.85888, 0.86835, 0.87513, 0.87098, 0.87793, 0.8782, 
0.8809, 0.87927, 0.88472, 1.9236, 2.5877, 2.7636, 3.3823, 3.7492, 
4.2895, 5.1564, 5.3983, 6.2176, 6.225, 7.423, 1302, 1402.3, 1502.9, 
1592.4, 1672.3, 1773.7, 1855.4, 1939.5, 2042.5, 2128.4, 2227.7, 
1, 1, 1, 1, 1, 1, 1, 1, 1, 1, 1, 1, 1, 1, 1, 1, 1, 1, 1, 1, 1, 
1, 1, 1, 1, 1, 1, 1, 1, 1, 1, 1, 1, 1, 1, 1, 1, 1, 1, 1, 1, 1, 
1, 1, 24.43, 31.885, 33.388, 40.108, 44.077, 49.064, 58.956, 
60.939, 69.832, 69.815, 83.305), .Dim = c(11L, 40L), .Dimnames = list(
    NULL, c("Sampling", "PSO.cost", "PSO.gamma", "PSO.data.balancing", 
    "PSO.feature.selection", "PSO.valid.acc", "PSO.test.acc", 
    "PSO.train.time", "PSO.n.support.vectors", "PSO.index", "PSO.n.solutions", 
    "PSO.generations", "PSO.n.evaluations", "PSO.cpu.time", "RS.cost", 
    "RS.gamma", "RS.data.balancing", "RS.feature.selection", 
    "RS.valid.acc", "RS.test.acc", "RS.train.time", "RS.n.support.vectors", 
    "RS.index", "RS.n.solutions", "RS.generations", "RS.n.evaluations", 
    "RS.cpu.time", "DF.cost", "DF.gamma", "DF.data.balancing", 
    "DF.feature.selection", "DF.valid.acc", "DF.test.acc", "DF.train.time", 
    "DF.n.support.vectors", "DF.index", "DF.n.solutions", "DF.generations", 
    "DF.n.evaluations", "DF.cpu.time")))
