full <-
structure(c(50, 55, 60, 65, 70, 75, 80, 85, 90, 95, 100, 7.93277, 
8.99101, 7.35693, 6.44342, 6.10522, 12.26091, 5.41958, 5.22189, 
6.06255, 7.21802, 4.78728, -6.45524, -5.84086, -4.92994, -4.89336, 
-4.52869, -8.67984, -4.24138, -5.16386, -5.26752, -5.97372, -4.33551, 
0, 0, 0, 0, 0, 0, 0, 0, 0, 0, 0, 0, 0, 0, 0, 0, 0, 0, 0, 0, 0, 
0, 0.90834, 0.90937, 0.91539, 0.91709, 0.92121, 0.92107, 0.92303, 
0.92692, 0.92976, 0.92787, 0.92852, 0.90319, 0.90837, 0.91112, 
0.91229, 0.91597, 0.91472, 0.91617, 0.92411, 0.92793, 0.9242, 
0.92943, 1.4596, 1.5417, 1.7048, 2.1549, 2.4932, 5.612, 3.1167, 
3.7651, 3.8339, 4.0426, 5.7688, 735.2, 740.4, 879.5, 969.2, 1061.2, 
925.4, 1255.3, 1229.2, 1190.1, 1152.8, 1477.8, 1706, 2054, 1461, 
1837, 980, 2032, 1989, 874, 1367, 2481, 1437, 11, 8, 47, 9, 136, 
3, 1, 243, 112, 4, 62, 100, 100, 100, 100, 100, 100, 100, 100, 
100, 100, 100, 2500, 2500, 2500, 2500, 2500, 2500, 2500, 2500, 
2500, 2500, 2500, 47365.178, 54552.065, 58801.567, 71752.059, 
81357.086, 137603.947, 98402.4989999998, 119186.056, 126340.97, 
121312.694, 179407.543, 7.84456, 9.45222, 7.58369, 6.20591, 6.30753, 
12.96477, 5.23011, 6.08628, 7.07955, 5.45733, 7.20052, -6.41382, 
-5.98605, -4.97304, -4.63068, -4.64649, -9.08402, -4.23855, -5.68904, 
-6.43094, -5.00517, -6.47977, 0, 0, 0, 0, 0, 0, 0, 0, 0, 0, 0, 
0, 0, 0, 0, 0, 0, 0, 0, 0, 0, 0, 0.90724, 0.9077, 0.91387, 0.91625, 
0.92042, 0.92034, 0.92212, 0.92541, 0.92753, 0.92729, 0.92761, 
0.90319, 0.9087, 0.91051, 0.91427, 0.91702, 0.9135, 0.91754, 
0.92455, 0.92589, 0.92227, 0.92577, 1.4172, 1.5582, 1.7169, 2.2463, 
2.3976, 6.7293, 3.4208, 3.7226, 3.8341, 4.042, 4.6169, 737.5, 
724.6, 870.5, 1011.7, 1033.1, 924.4, 1271.8, 1162.6, 1165.8, 
1293, 1242.5, 1380, 2388, 1937, 1408, 1546, 1683, 431, 509, 1154, 
374, 1438, 1, 2, 1, 1, 1, 1, 2, 2, 3, 1, 1, 100, 100, 100, 100, 
100, 100, 100, 100, 100, 100, 100, 2500, 2500, 2500, 2500, 2500, 
2500, 2500, 2500, 2500, 2500, 2500, 78407.225, 94971.908, 108971.646, 
141094.73, 160280.2, 178327.489, 213550.739, 263346.468, 247246.1, 
273394.992, 335817.412, 1, 1, 1, 1, 1, 1, 1, 1, 1, 1, 1, 0.04167, 
0.04167, 0.04167, 0.04167, 0.04167, 0.04167, 0.04167, 0.04167, 
0.04167, 0.04167, 0.04167, 0, 0, 0, 0, 0, 0, 0, 0, 0, 0, 0, 0, 
0, 0, 0, 0, 0, 0, 0, 0, 0, 0, 0.86801, 0.86605, 0.8659, 0.86215, 
0.86886, 0.87026, 0.87356, 0.87475, 0.88009, 0.88389, 0.88599, 
0.87059, 0.86305, 0.86377, 0.86439, 0.86886, 0.87099, 0.87287, 
0.87583, 0.88151, 0.88099, 0.88324, 1.8514, 2.2272, 2.5497, 3.2181, 
3.4211, 3.7991, 4.564, 5.7327, 5.3333, 7.5479, 6.4735, 1280.6, 
1401.5, 1492.8, 1598.6, 1684.1, 1780.7, 1865.1, 1955.3, 2039.6, 
2137.2, 2225.6, 1, 1, 1, 1, 1, 1, 1, 1, 1, 1, 1, 1, 1, 1, 1, 
1, 1, 1, 1, 1, 1, 1, 1, 1, 1, 1, 1, 1, 1, 1, 1, 1, 1, 1, 1, 1, 
1, 1, 1, 1, 1, 1, 1, 1, 22.786, 26.872, 30.435, 37.713, 39.816, 
43.829, 52.479, 64.928, 60.296, 84.575, 72.53), .Dim = c(11L, 
40L), .Dimnames = list(NULL, c("Sampling", "PSO.cost", "PSO.gamma", 
"PSO.data.balancing", "PSO.feature.selection", "PSO.valid.acc", 
"PSO.test.acc", "PSO.train.time", "PSO.n.support.vectors", "PSO.index", 
"PSO.n.solutions", "PSO.generations", "PSO.n.evaluations", "PSO.cpu.time", 
"RS.cost", "RS.gamma", "RS.data.balancing", "RS.feature.selection", 
"RS.valid.acc", "RS.test.acc", "RS.train.time", "RS.n.support.vectors", 
"RS.index", "RS.n.solutions", "RS.generations", "RS.n.evaluations", 
"RS.cpu.time", "DF.cost", "DF.gamma", "DF.data.balancing", "DF.feature.selection", 
"DF.valid.acc", "DF.test.acc", "DF.train.time", "DF.n.support.vectors", 
"DF.index", "DF.n.solutions", "DF.generations", "DF.n.evaluations", 
"DF.cpu.time")))
