full <-
structure(c(50, 55, 60, 65, 70, 75, 80, 85, 90, 95, 100, 8.9416, 
11.30408, 6.50773, 9.99906, 11.31677, 4.33196, 9.2254, 5.92763, 
6.82845, 7.6785, 7.63412, -6.63585, -6.73529, -6.30917, -5.5269, 
-7.58738, -4.74923, -7.55135, -5.58863, -6.05958, -6.34315, -6.66533, 
0, 0, 0, 0, 0, 0, 0, 0, 0, 0, 0, 0, 0, 0, 0, 0, 0, 0, 0, 0, 0, 
0, 0.91933, 0.9177, 0.91908, 0.92388, 0.92198, 0.92403, 0.9251, 
0.9308, 0.92895, 0.92652, 0.92889, 0.91312, 0.91537, 0.91298, 
0.91175, 0.91989, 0.92427, 0.9212, 0.92389, 0.9263, 0.92419, 
0.92632, 1.5896, 1.8297, 1.9359, 1.9786, 3.5775, 3.0104, 3.902, 
4.7918, 5.1014, 5.8183, 5.8668, 711.7, 681.4, 923.7, 784.5, 811.9, 
1222, 1031.3, 1155.4, 1147, 1147.3, 1228.9, 1183, 2481, 830, 
1748, 1450, 2403, 817, 2123, 2006, 1711, 1942, 19, 1, 14, 10, 
7, 1, 75, 3, 15, 26, 14, 100, 100, 100, 100, 100, 100, 100, 100, 
100, 100, 100, 2500, 2500, 2500, 2500, 2500, 2500, 2500, 2500, 
2500, 2500, 2500, 49667.079, 61575.444, 63752.899, 64546.067, 
102030.703, 97710.1140000001, 113573.043, 139709.886, 145740.533, 
138768.03, 179687.247, 8.9075, 10.87248, 6.27093, 9.99316, 12.04856, 
7.65056, 9.54367, 5.87527, 6.9176, 8.19694, 5.58864, -6.11244, 
-7.08807, -5.60321, -5.5046, -7.98978, -5.92456, -7.66101, -5.51759, 
-6.18338, -7.02828, -5.61165, 0, 0, 0, 0, 0, 0, 0, 0, 0, 0, 0, 
0, 0, 0, 0, 0, 0, 0, 0, 0, 0, 0, 0.91787, 0.91636, 0.91756, 0.92219, 
0.92067, 0.92304, 0.9251, 0.93015, 0.92752, 0.92497, 0.92778, 
0.91604, 0.9107, 0.91328, 0.91203, 0.92198, 0.91865, 0.9196, 
0.92368, 0.9267, 0.92246, 0.92431, 1.3853, 2.0461, 1.8381, 1.9979, 
4.3676, 2.7581, 4.1095, 4.6949, 3.8621, 4.6626, 4.1749, 699.4, 
699, 904.1, 785, 805, 957.8, 1017.1, 1157.7, 1147, 1187.5, 1332.4, 
2381, 75, 1414, 1722, 1430, 1617, 1754, 107, 2217, 1074, 1386, 
2, 1, 1, 1, 1, 1, 1, 1, 1, 1, 1, 100, 100, 100, 100, 100, 100, 
100, 100, 100, 100, 100, 2500, 2500, 2500, 2500, 2500, 2500, 
2500, 2500, 2500, 2500, 2500, 79372.12, 95271.99, 108420.919, 
136200.505, 156937.661, 177070.35, 202849.631, 321220.655, 332068.723, 
311966.221, 319619.618, 1, 1, 1, 1, 1, 1, 1, 1, 1, 1, 1, 0.04167, 
0.04167, 0.04167, 0.04167, 0.04167, 0.04167, 0.04167, 0.04167, 
0.04167, 0.04167, 0.04167, 0, 0, 0, 0, 0, 0, 0, 0, 0, 0, 0, 0, 
0, 0, 0, 0, 0, 0, 0, 0, 0, 0, 0.8585, 0.86237, 0.86044, 0.86694, 
0.86829, 0.87293, 0.87242, 0.87497, 0.88275, 0.88023, 0.88582, 
0.85959, 0.86004, 0.86594, 0.86468, 0.86933, 0.87415, 0.87677, 
0.87712, 0.88477, 0.88331, 0.88417, 1.8323, 2.277, 2.6332, 3.0989, 
3.4976, 3.8867, 4.5154, 6.267, 5.4038, 7.4243, 6.5132, 1332.3, 
1437.6, 1528.2, 1624.4, 1712.6, 1798.5, 1877.5, 1973.9, 2061.1, 
2146.3, 2222.1, 1, 1, 1, 1, 1, 1, 1, 1, 1, 1, 1, 1, 1, 1, 1, 
1, 1, 1, 1, 1, 1, 1, 1, 1, 1, 1, 1, 1, 1, 1, 1, 1, 1, 1, 1, 1, 
1, 1, 1, 1, 1, 1, 1, 1, 22.56, 27.484, 31.248, 36.448, 40.554, 
44.807, 51.554, 70.912, 61.015, 83.469, 72.817), .Dim = c(11L, 
40L), .Dimnames = list(NULL, c("Sampling", "PSO.cost", "PSO.gamma", 
"PSO.data.balancing", "PSO.feature.selection", "PSO.valid.acc", 
"PSO.test.acc", "PSO.train.time", "PSO.n.support.vectors", "PSO.index", 
"PSO.n.solutions", "PSO.generations", "PSO.n.evaluations", "PSO.cpu.time", 
"RS.cost", "RS.gamma", "RS.data.balancing", "RS.feature.selection", 
"RS.valid.acc", "RS.test.acc", "RS.train.time", "RS.n.support.vectors", 
"RS.index", "RS.n.solutions", "RS.generations", "RS.n.evaluations", 
"RS.cpu.time", "DF.cost", "DF.gamma", "DF.data.balancing", "DF.feature.selection", 
"DF.valid.acc", "DF.test.acc", "DF.train.time", "DF.n.support.vectors", 
"DF.index", "DF.n.solutions", "DF.generations", "DF.n.evaluations", 
"DF.cpu.time")))
