full <-
structure(c(50, 55, 60, 65, 70, 75, 80, 85, 90, 95, 100, 9.73704, 
4.83408, 4.98857, 6.83172, 5.7708, 5.93285, 5.01643, 9.3984, 
5.20171, 5.75526, 8.9775, -7.55711, -4.69596, -5.55013, -6.05451, 
-5.64181, -5.72504, -4.35838, -6.07326, -3.87279, -4.91051, -7.39706, 
0, 0, 0, 0, 0, 0, 0, 0, 0, 0, 0, 0, 0, 0, 0, 0, 0, 0, 0, 0, 0, 
0, 0.91494, 0.91234, 0.91264, 0.9174, 0.92619, 0.92745, 0.92831, 
0.9267, 0.92508, 0.92652, 0.92926, 0.90795, 0.91268, 0.9108, 
0.91429, 0.92304, 0.92305, 0.9274, 0.92217, 0.92529, 0.92517, 
0.92284, 1.7747, 1.626, 1.8399, 2.2628, 2.4913, 2.7919, 3.1885, 
3.6312, 4.7667, 4.1754, 5.7583, 701.4, 945.6, 978.8, 907.1, 1005.6, 
1049.6, 1235.4, 892.3, 1474, 1263.6, 1204, 980, 2461, 2179, 2068, 
407, 1418, 1564, 1633, 1347, 1403, 1628, 50, 33, 102, 12, 178, 
175, 69, 26, 14, 24, 39, 100, 100, 100, 100, 100, 100, 100, 100, 
100, 100, 100, 2500, 2500, 2500, 2500, 2500, 2500, 2500, 2500, 
2500, 2500, 2500, 54143.899, 62482.501, 60353.24, 74113.202, 
75091.822, 86026.75, 100127.872, 119831.003, 150384.408, 142951.952, 
150639.133, 7.49053, 5.21543, 4.60989, 7.02624, 5.36924, 6.72311, 
4.83305, 4.69049, 5.28363, 8.41551, 3.91651, -5.89783, -4.58297, 
-5.35594, -6.2307, -5.47466, -6.13809, -4.23975, -4.6364, -3.70233, 
-6.9307, -4.76646, 0, 0, 0, 0, 0, 0, 0, 0, 0, 0, 0, 0, 0, 0, 
0, 0, 0, 0, 0, 0, 0, 0, 0.91384, 0.911, 0.91203, 0.916, 0.92514, 
0.92574, 0.92671, 0.92584, 0.92447, 0.92575, 0.92852, 0.90614, 
0.91002, 0.90927, 0.91486, 0.92383, 0.92256, 0.92625, 0.92239, 
0.92386, 0.92498, 0.92431, 1.3428, 1.6828, 1.916, 2.2464, 2.4402, 
2.8812, 3.252, 3.5906, 5.097, 4.8765, 5.0659, 726.9, 929.3, 1002.9, 
907.6, 1033.3, 1011, 1270.7, 1278.1, 1542.5, 1135.5, 1519.7, 
2155, 2014, 2349, 758, 1276, 1759, 1829, 1610, 500, 2211, 2055, 
2, 2, 1, 1, 2, 1, 1, 1, 1, 1, 1, 100, 100, 100, 100, 100, 100, 
100, 100, 100, 100, 100, 2500, 2500, 2500, 2500, 2500, 2500, 
2500, 2500, 2500, 2500, 2500, 78218.628, 102699.007, 103702.008, 
136652.176, 149000.823, 184990.518, 213541.761, 259117.315, 336869.842, 
322707.906, 338730.999, 1, 1, 1, 1, 1, 1, 1, 1, 1, 1, 1, 0.04167, 
0.04167, 0.04167, 0.04167, 0.04167, 0.04167, 0.04167, 0.04167, 
0.04167, 0.04167, 0.04167, 0, 0, 0, 0, 0, 0, 0, 0, 0, 0, 0, 0, 
0, 0, 0, 0, 0, 0, 0, 0, 0, 0, 0.86365, 0.86567, 0.86742, 0.87397, 
0.87828, 0.8754, 0.88228, 0.87883, 0.87846, 0.88428, 0.88325, 
0.8662, 0.86368, 0.87079, 0.87624, 0.88063, 0.87468, 0.87975, 
0.88143, 0.88111, 0.88274, 0.88362, 1.8226, 2.3744, 2.6175, 3.076, 
3.59, 4.2015, 4.9771, 5.8112, 6.5996, 6.1333, 7.7443, 1298.3, 
1402.3, 1495.7, 1576.1, 1664.9, 1762.6, 1852.2, 1953.9, 2040.1, 
2123.8, 2220, 1, 1, 1, 1, 1, 1, 1, 1, 1, 1, 1, 1, 1, 1, 1, 1, 
1, 1, 1, 1, 1, 1, 1, 1, 1, 1, 1, 1, 1, 1, 1, 1, 1, 1, 1, 1, 1, 
1, 1, 1, 1, 1, 1, 1, 22.561, 29.718, 31.011, 35.958, 41.606, 
48.194, 56.749, 65.391, 73.912, 68.849, 86.432), .Dim = c(11L, 
40L), .Dimnames = list(NULL, c("Sampling", "PSO.cost", "PSO.gamma", 
"PSO.data.balancing", "PSO.feature.selection", "PSO.valid.acc", 
"PSO.test.acc", "PSO.train.time", "PSO.n.support.vectors", "PSO.index", 
"PSO.n.solutions", "PSO.generations", "PSO.n.evaluations", "PSO.cpu.time", 
"RS.cost", "RS.gamma", "RS.data.balancing", "RS.feature.selection", 
"RS.valid.acc", "RS.test.acc", "RS.train.time", "RS.n.support.vectors", 
"RS.index", "RS.n.solutions", "RS.generations", "RS.n.evaluations", 
"RS.cpu.time", "DF.cost", "DF.gamma", "DF.data.balancing", "DF.feature.selection", 
"DF.valid.acc", "DF.test.acc", "DF.train.time", "DF.n.support.vectors", 
"DF.index", "DF.n.solutions", "DF.generations", "DF.n.evaluations", 
"DF.cpu.time")))
