full <-
structure(c(50, 55, 60, 65, 70, 75, 80, 85, 90, 95, 100, 6.31651, 
6.36735, 6.31805, 6.9945, 7.42791, 10.06857, 6.81133, 7.46045, 
7.6717, 7.15527, 6.1519, -4.64418, -4.56775, -5.99401, -4.70738, 
-6.13861, -7.22907, -5.89739, -6.55368, -6.52746, -6.53198, -6.09784, 
0, 0, 0, 0, 0, 0, 0, 0, 0, 0, 0, 0, 0, 0, 0, 0, 0, 0, 0, 0, 0, 
0, 0.91021, 0.91669, 0.9154, 0.9239, 0.92514, 0.92646, 0.9306, 
0.9252, 0.9312, 0.93018, 0.92926, 0.9047, 0.91569, 0.91081, 0.9177, 
0.9191, 0.92011, 0.92281, 0.92801, 0.92387, 0.92787, 0.92431, 
1.3385, 1.5357, 1.8757, 2.1669, 2.8113, 4.1597, 3.1699, 4.415, 
4.2419, 4.7356, 4.5646, 845.5, 899.2, 915.5, 963, 938.4, 875.1, 
1044.9, 1094.3, 1123.2, 1205.8, 1319.5, 1619, 1200, 1101, 2034, 
1470, 1829, 1002, 2202, 1809, 1147, 2402, 37, 234, 102, 10, 81, 
4, 92, 1, 18, 64, 1, 100, 100, 100, 100, 100, 100, 100, 100, 
100, 100, 100, 2500, 2500, 2500, 2500, 2500, 2500, 2500, 2500, 
2500, 2500, 2500, 45646.922, 51067.593, 61225.749, 72637.949, 
91390.899, 114537.057, 99310.5999999999, 130721.34, 124009.963, 
139593.08, 174198.176, 6.84625, 6.53848, 5.44793, 6.92747, 7.66324, 
6.33561, 6.64768, 6.84673, 7.84759, 7.49189, 6.53347, -4.90239, 
-4.65724, -5.50157, -4.66276, -6.54825, -6.08716, -5.91964, -6.29459, 
-6.61733, -5.20833, -6.28753, 0, 0, 0, 0, 0, 0, 0, 0, 0, 0, 0, 
0, 0, 0, 0, 0, 0, 0, 0, 0, 0, 0, 0.90839, 0.91536, 0.91327, 0.92334, 
0.92357, 0.92621, 0.92968, 0.92412, 0.92997, 0.92941, 0.92852, 
0.90469, 0.91436, 0.9099, 0.9177, 0.91937, 0.92254, 0.92533, 
0.92865, 0.92408, 0.92767, 0.92376, 1.2813, 1.5313, 1.8535, 2.3354, 
2.9052, 3.0284, 3.1636, 4.3728, 4.2639, 3.817, 4.8107, 802.3, 
883.6, 960, 971.2, 950.6, 1052.8, 1059.6, 1122.7, 1117.4, 1098.3, 
1297.3, 2037, 710, 873, 1596, 2435, 652, 83, 1031, 1120, 1899, 
1726, 1, 1, 1, 1, 1, 1, 1, 1, 1, 1, 1, 100, 100, 100, 100, 100, 
100, 100, 100, 100, 100, 100, 2500, 2500, 2500, 2500, 2500, 2500, 
2500, 2500, 2500, 2500, 2500, 75999.452, 91148.533, 113578.511, 
155987.62, 177013.514, 190737.189, 203938.139, 261530.342, 274893.688, 
299475.114, 333460.326, 1, 1, 1, 1, 1, 1, 1, 1, 1, 1, 1, 0.04167, 
0.04167, 0.04167, 0.04167, 0.04167, 0.04167, 0.04167, 0.04167, 
0.04167, 0.04167, 0.04167, 0, 0, 0, 0, 0, 0, 0, 0, 0, 0, 0, 0, 
0, 0, 0, 0, 0, 0, 0, 0, 0, 0, 0.85594, 0.86306, 0.86531, 0.87175, 
0.87225, 0.8754, 0.87517, 0.88058, 0.88254, 0.87965, 0.88489, 
0.8596, 0.86005, 0.86592, 0.87287, 0.87277, 0.87858, 0.877, 0.88015, 
0.87988, 0.88235, 0.88709, 1.8106, 2.1368, 2.695, 3.317, 3.8571, 
3.9578, 4.5182, 4.9616, 6.0938, 6.8792, 7.1118, 1303.2, 1394.7, 
1499, 1599.1, 1698.4, 1779, 1861.8, 1967.4, 2060.2, 2140.1, 2226.4, 
1, 1, 1, 1, 1, 1, 1, 1, 1, 1, 1, 1, 1, 1, 1, 1, 1, 1, 1, 1, 1, 
1, 1, 1, 1, 1, 1, 1, 1, 1, 1, 1, 1, 1, 1, 1, 1, 1, 1, 1, 1, 1, 
1, 1, 22.305, 25.813, 33.055, 39.476, 45.393, 45.507, 51.578, 
56.605, 68.468, 76.972, 79.493), .Dim = c(11L, 40L), .Dimnames = list(
    NULL, c("Sampling", "PSO.cost", "PSO.gamma", "PSO.data.balancing", 
    "PSO.feature.selection", "PSO.valid.acc", "PSO.test.acc", 
    "PSO.train.time", "PSO.n.support.vectors", "PSO.index", "PSO.n.solutions", 
    "PSO.generations", "PSO.n.evaluations", "PSO.cpu.time", "RS.cost", 
    "RS.gamma", "RS.data.balancing", "RS.feature.selection", 
    "RS.valid.acc", "RS.test.acc", "RS.train.time", "RS.n.support.vectors", 
    "RS.index", "RS.n.solutions", "RS.generations", "RS.n.evaluations", 
    "RS.cpu.time", "DF.cost", "DF.gamma", "DF.data.balancing", 
    "DF.feature.selection", "DF.valid.acc", "DF.test.acc", "DF.train.time", 
    "DF.n.support.vectors", "DF.index", "DF.n.solutions", "DF.generations", 
    "DF.n.evaluations", "DF.cpu.time")))
