full <-
structure(c(50, 55, 60, 65, 70, 75, 80, 85, 90, 95, 100, 6.08427, 
12.36648, 5.25739, 6.37715, 7.96237, 6.01546, 5.63166, 8.91961, 
6.93393, 9.08185, 7.63229, -5.8419, -8.54253, -5.68289, -5.94384, 
-7.08043, -5.84159, -5.61445, -7.38438, -6.426, -6.39351, -5.56707, 
0, 0, 0, 0, 0, 0, 0, 0, 0, 0, 0, 0, 0, 0, 0, 0, 0, 0, 0, 0, 0, 
0, 0.91094, 0.90804, 0.91814, 0.91514, 0.91989, 0.92354, 0.92694, 
0.92951, 0.92468, 0.92671, 0.93163, 0.90434, 0.90036, 0.91448, 
0.9126, 0.91989, 0.91792, 0.92191, 0.92541, 0.92468, 0.92536, 
0.9254, 1.4903, 3.5697, 1.9686, 2.1727, 3.1816, 2.958, 3.2984, 
4.1092, 3.9185, 4.4723, 5.5988, 823, 717.6, 971.3, 956.4, 972.7, 
1069.8, 1135.9, 1070.1, 1177.6, 1015.8, 1136, 1917, 1651, 2204, 
1247, 2113, 1947, 1413, 880, 864, 626, 967, 7, 7, 19, 85, 38, 
1, 14, 47, 53, 45, 75, 100, 100, 100, 100, 100, 100, 100, 100, 
100, 100, 100, 2500, 2500, 2500, 2500, 2500, 2500, 2500, 2500, 
2500, 2500, 2500, 49402.76, 78149.546, 62141.683, 70826.792, 
102781.841, 90170.6819999999, 102192.659, 118793.054, 128606.548, 
136409.423, 164331.062, 5.6868, 11.99359, 4.93663, 7.91665, 4.81269, 
5.74156, 5.10983, 7.13932, 6.29743, 9.12008, 7.80081, -5.67743, 
-8.37738, -5.3987, -6.84248, -5.58686, -5.60814, -5.5749, -6.37102, 
-5.91724, -6.52899, -5.61954, 0, 0, 0, 0, 0, 0, 0, 0, 0, 0, 0, 
0, 0, 0, 0, 0, 0, 0, 0, 0, 0, 0, 0.90947, 0.90704, 0.916, 0.91344, 
0.91884, 0.9228, 0.9258, 0.92843, 0.92407, 0.92536, 0.93071, 
0.9036, 0.90002, 0.91265, 0.91259, 0.9157, 0.91767, 0.92259, 
0.92627, 0.92427, 0.92613, 0.92503, 1.4727, 2.9317, 1.9579, 2.3395, 
2.867, 2.918, 3.2191, 3.6562, 3.8648, 4.545, 4.8023, 842, 723.1, 
985.5, 910.5, 1108.7, 1083.8, 1180, 1101.3, 1185.2, 1025.2, 1120.8, 
412, 1555, 469, 596, 1069, 2404, 921, 833, 496, 2061, 714, 2, 
1, 2, 1, 1, 1, 2, 1, 1, 1, 1, 100, 100, 100, 100, 100, 100, 100, 
100, 100, 100, 100, 2500, 2500, 2500, 2500, 2500, 2500, 2500, 
2500, 2500, 2500, 2500, 85228.005, 94786.252, 111990.292, 130475.588, 
189658.418, 192281.804, 214345.21, 249391.628, 304961.893, 362019.867, 
364658.52, 1, 1, 1, 1, 1, 1, 1, 1, 1, 1, 1, 0.04167, 0.04167, 
0.04167, 0.04167, 0.04167, 0.04167, 0.04167, 0.04167, 0.04167, 
0.04167, 0.04167, 0, 0, 0, 0, 0, 0, 0, 0, 0, 0, 0, 0, 0, 0, 0, 
0, 0, 0, 0, 0, 0, 0, 0.85413, 0.85669, 0.86622, 0.86861, 0.8712, 
0.87565, 0.87769, 0.8754, 0.87663, 0.88043, 0.88343, 0.85559, 
0.85903, 0.86317, 0.86692, 0.8699, 0.8754, 0.87563, 0.87582, 
0.87888, 0.87888, 0.88398, 1.9726, 2.2419, 2.5882, 3.0334, 3.9102, 
4.2672, 4.8027, 5.9582, 6.4354, 8.7781, 7.0276, 1316.9, 1408.6, 
1503.6, 1609.5, 1700.8, 1794.7, 1882.3, 1977.4, 2066.5, 2135.5, 
2221.4, 1, 1, 1, 1, 1, 1, 1, 1, 1, 1, 1, 1, 1, 1, 1, 1, 1, 1, 
1, 1, 1, 1, 1, 1, 1, 1, 1, 1, 1, 1, 1, 1, 1, 1, 1, 1, 1, 1, 1, 
1, 1, 1, 1, 1, 25.089, 26.861, 30.743, 35.533, 45.579, 48.839, 
54.451, 67.496, 72.91, 98.961, 78.908), .Dim = c(11L, 40L), .Dimnames = list(
    NULL, c("Sampling", "PSO.cost", "PSO.gamma", "PSO.data.balancing", 
    "PSO.feature.selection", "PSO.valid.acc", "PSO.test.acc", 
    "PSO.train.time", "PSO.n.support.vectors", "PSO.index", "PSO.n.solutions", 
    "PSO.generations", "PSO.n.evaluations", "PSO.cpu.time", "RS.cost", 
    "RS.gamma", "RS.data.balancing", "RS.feature.selection", 
    "RS.valid.acc", "RS.test.acc", "RS.train.time", "RS.n.support.vectors", 
    "RS.index", "RS.n.solutions", "RS.generations", "RS.n.evaluations", 
    "RS.cpu.time", "DF.cost", "DF.gamma", "DF.data.balancing", 
    "DF.feature.selection", "DF.valid.acc", "DF.test.acc", "DF.train.time", 
    "DF.n.support.vectors", "DF.index", "DF.n.solutions", "DF.generations", 
    "DF.n.evaluations", "DF.cpu.time")))
