full <-
structure(c(50, 55, 60, 65, 70, 75, 80, 85, 90, 95, 100, 3.02594, 
4.40214, 4.38555, 5.28287, 5.59586, 5.87043, 5.63304, 6.71946, 
6.92363, 6.07197, 5.98114, -4.33034, -5.01777, -4.71417, -4.83125, 
-5.50874, -6.03067, -4.22781, -6.22249, -6.0048, -5.96788, -4.71835, 
0, 0, 0, 0, 0, 0, 0, 0, 0, 0, 0, 0, 0, 0, 0, 0, 0, 0, 0, 0, 0, 
0, 0.90397, 0.90537, 0.90683, 0.91345, 0.91625, 0.92279, 0.92535, 
0.92693, 0.9259, 0.92903, 0.92835, 0.8992, 0.90169, 0.90194, 
0.91091, 0.91467, 0.9223, 0.92053, 0.92132, 0.92244, 0.92652, 
0.92889, 1.5552, 1.7198, 1.9724, 2.164, 2.4996, 3.2148, 3.5745, 
3.3478, 3.6317, 3.931, 5.0071, 1062.4, 996.3, 1059.6, 1045.5, 
1060.5, 1106.3, 1240.9, 1136.7, 1137.1, 1270.4, 1305.7, 2430, 
2354, 1658, 1039, 1618, 1451, 1043, 1789, 762, 2165, 608, 1, 
2, 24, 134, 9, 46, 376, 1, 110, 3, 123, 100, 100, 100, 100, 100, 
100, 100, 100, 100, 100, 100, 2500, 2500, 2500, 2500, 2500, 2500, 
2500, 2500, 2500, 2500, 2500, 49366.364, 53300.602, 63762.788, 
69687.426, 82794.6949999999, 98198.5, 114967.404, 105009.047, 
107052.157, 119995.204, 151493.601, 5.4413, 4.38088, 3.7311, 
5.48013, 4.69733, 6.57941, 5.40551, 7.85391, 6.71443, 6.88274, 
5.48205, -5.4851, -4.99064, -4.68251, -5.05219, -4.26802, -6.22682, 
-4.14313, -6.78478, -5.97394, -6.27597, -4.47693, 0, 0, 0, 0, 
0, 0, 0, 0, 0, 0, 0, 0, 0, 0, 0, 0, 0, 0, 0, 0, 0, 0, 0.90178, 
0.90436, 0.9053, 0.91231, 0.91572, 0.92205, 0.92443, 0.92499, 
0.92488, 0.92788, 0.92743, 0.89774, 0.90169, 0.8992, 0.90978, 
0.91284, 0.92181, 0.92053, 0.92024, 0.92346, 0.92595, 0.93017, 
1.4282, 1.7275, 2.0303, 2.1272, 2.7819, 3.2768, 3.0283, 3.5144, 
3.5634, 3.9519, 4.3987, 861.6, 998.5, 1110.7, 1025.2, 1204.1, 
1057.4, 1276.6, 1093.8, 1155.2, 1215.1, 1386.8, 809, 247, 2485, 
574, 174, 2379, 2140, 428, 1205, 1493, 1049, 1, 1, 1, 1, 1, 1, 
1, 1, 1, 1, 2, 100, 100, 100, 100, 100, 100, 100, 100, 100, 100, 
100, 2500, 2500, 2500, 2500, 2500, 2500, 2500, 2500, 2500, 2500, 
2500, 77346.809, 92279.389, 108393.395, 144158.63, 158750.769, 
217728.422, 230771.027, 203356.147, 224093.666, 246311.431, 371705.375, 
1, 1, 1, 1, 1, 1, 1, 1, 1, 1, 1, 0.04167, 0.04167, 0.04167, 0.04167, 
0.04167, 0.04167, 0.04167, 0.04167, 0.04167, 0.04167, 0.04167, 
0, 0, 0, 0, 0, 0, 0, 0, 0, 0, 0, 0, 0, 0, 0, 0, 0, 0, 0, 0, 0, 
0, 0.85408, 0.85736, 0.85798, 0.86412, 0.87277, 0.87247, 0.87701, 
0.87583, 0.88152, 0.88159, 0.88895, 0.85812, 0.85702, 0.85859, 
0.86609, 0.86964, 0.871, 0.87403, 0.87713, 0.87907, 0.88159, 
0.88491, 1.8447, 2.2336, 2.5791, 3.5517, 3.5393, 4.8061, 4.2187, 
4.7842, 5.3361, 5.6324, 7.6641, 1316.9, 1414.6, 1505.8, 1610.6, 
1702.5, 1791.3, 1877.3, 1979.8, 2062.9, 2145.6, 2222.6, 1, 1, 
1, 1, 1, 1, 1, 1, 1, 1, 1, 1, 1, 1, 1, 1, 1, 1, 1, 1, 1, 1, 1, 
1, 1, 1, 1, 1, 1, 1, 1, 1, 1, 1, 1, 1, 1, 1, 1, 1, 1, 1, 1, 1, 
22.516, 26.66, 30.41, 41.795, 40.757, 55.28, 48.059, 54.196, 
60.044, 63.346, 85.665), .Dim = c(11L, 40L), .Dimnames = list(
    NULL, c("Sampling", "PSO.cost", "PSO.gamma", "PSO.data.balancing", 
    "PSO.feature.selection", "PSO.valid.acc", "PSO.test.acc", 
    "PSO.train.time", "PSO.n.support.vectors", "PSO.index", "PSO.n.solutions", 
    "PSO.generations", "PSO.n.evaluations", "PSO.cpu.time", "RS.cost", 
    "RS.gamma", "RS.data.balancing", "RS.feature.selection", 
    "RS.valid.acc", "RS.test.acc", "RS.train.time", "RS.n.support.vectors", 
    "RS.index", "RS.n.solutions", "RS.generations", "RS.n.evaluations", 
    "RS.cpu.time", "DF.cost", "DF.gamma", "DF.data.balancing", 
    "DF.feature.selection", "DF.valid.acc", "DF.test.acc", "DF.train.time", 
    "DF.n.support.vectors", "DF.index", "DF.n.solutions", "DF.generations", 
    "DF.n.evaluations", "DF.cpu.time")))
