full <-
structure(c(50, 55, 60, 65, 70, 75, 80, 85, 90, 95, 100, 5.0393, 
3.77981, 6.44157, 7.03347, 4.69301, 4.69536, 7.29855, 8.91811, 
9.10321, 6.07002, 8.09907, -5.63821, -5.05919, -4.71501, -5.1508, 
-4.41711, -4.74368, -5.20333, -5.92525, -6.19112, -5.90696, -5.37303, 
0, 0, 0, 0, 0, 0, 0, 0, 0, 0, 0, 0, 0, 0, 0, 0, 0, 0, 0, 0, 0, 
0, 0.91678, 0.91136, 0.91814, 0.91767, 0.91885, 0.91939, 0.92328, 
0.92498, 0.92569, 0.92748, 0.93183, 0.90909, 0.90703, 0.91172, 
0.90949, 0.91283, 0.9123, 0.91778, 0.92218, 0.92406, 0.92574, 
0.92945, 1.4427, 1.6981, 1.9003, 2.3471, 2.6149, 2.8987, 3.6798, 
3.5528, 3.9765, 5.3174, 4.3776, 876.3, 1025.8, 942.6, 915.7, 
1178.6, 1196.3, 1020.7, 955.9, 978.8, 1255.2, 1107.2, 972, 1455, 
1096, 801, 1422, 1375, 2341, 1308, 978, 2022, 755, 259, 96, 412, 
83, 44, 1, 2, 112, 91, 34, 54, 100, 100, 100, 100, 100, 100, 
100, 100, 100, 100, 100, 2500, 2500, 2500, 2500, 2500, 2500, 
2500, 2500, 2500, 2500, 2500, 49984.577, 55783.466, 60719.519, 
69607.114, 84535, 95433.374, 115101.59, 114999.813, 128454.187, 
152959.241, 137950.724, 7.27384, 3.75568, 6.41987, 7.22422, 4.62929, 
5.87064, 9.09897, 8.81363, 10.30783, 5.51187, 7.80969, -6.58795, 
-5.00662, -5.00659, -5.23742, -4.35125, -5.73914, -6.14997, -5.81785, 
-7.44248, -5.14597, -5.1957, 0, 0, 0, 0, 0, 0, 0, 0, 0, 0, 0, 
0, 0, 0, 0, 0, 0, 0, 0, 0, 0, 0, 0.91495, 0.91036, 0.9163, 0.91627, 
0.9178, 0.91792, 0.92236, 0.92434, 0.92508, 0.92632, 0.93146, 
0.90836, 0.9087, 0.91202, 0.90892, 0.91283, 0.91523, 0.91618, 
0.92153, 0.92427, 0.92459, 0.9289, 1.4717, 1.8203, 1.8411, 2.3371, 
2.6495, 2.8962, 3.2041, 3.6595, 5.0503, 4.2569, 4.3554, 778.6, 
1028.6, 912.8, 901.1, 1194.2, 1091.8, 924, 964, 1002.1, 1278.6, 
1131.5, 60, 1080, 1776, 197, 442, 358, 2302, 2391, 789, 2277, 
447, 1, 1, 2, 1, 1, 1, 1, 1, 1, 1, 1, 100, 100, 100, 100, 100, 
100, 100, 100, 100, 100, 100, 2500, 2500, 2500, 2500, 2500, 2500, 
2500, 2500, 2500, 2500, 2500, 78325.21, 95458.649, 113259.125, 
140685.634, 151649.776, 230032.343, 233456.267, 273352.39, 267959.132, 
378826.686, 339326.431, 1, 1, 1, 1, 1, 1, 1, 1, 1, 1, 1, 0.04167, 
0.04167, 0.04167, 0.04167, 0.04167, 0.04167, 0.04167, 0.04167, 
0.04167, 0.04167, 0.04167, 0, 0, 0, 0, 0, 0, 0, 0, 0, 0, 0, 0, 
0, 0, 0, 0, 0, 0, 0, 0, 0, 0, 0.84969, 0.85538, 0.85461, 0.8638, 
0.86884, 0.87004, 0.87862, 0.87735, 0.8805, 0.88447, 0.884, 0.85336, 
0.85371, 0.8598, 0.86125, 0.87251, 0.86906, 0.87244, 0.87734, 
0.8807, 0.88331, 0.88656, 1.9016, 2.2559, 2.6267, 2.8806, 3.4309, 
4.9557, 4.9904, 6.7309, 7.2784, 6.7268, 6.6918, 1316, 1418.4, 
1514.2, 1599.9, 1704.4, 1796.5, 1886.9, 1975.8, 2050.6, 2140.5, 
2224.2, 1, 1, 1, 1, 1, 1, 1, 1, 1, 1, 1, 1, 1, 1, 1, 1, 1, 1, 
1, 1, 1, 1, 1, 1, 1, 1, 1, 1, 1, 1, 1, 1, 1, 1, 1, 1, 1, 1, 1, 
1, 1, 1, 1, 1, 23.358, 27.226, 31.34, 33.901, 39.995, 56.959, 
56.863, 75.474, 81.918, 75.264, 74.918), .Dim = c(11L, 40L), .Dimnames = list(
    NULL, c("Sampling", "PSO.cost", "PSO.gamma", "PSO.data.balancing", 
    "PSO.feature.selection", "PSO.valid.acc", "PSO.test.acc", 
    "PSO.train.time", "PSO.n.support.vectors", "PSO.index", "PSO.n.solutions", 
    "PSO.generations", "PSO.n.evaluations", "PSO.cpu.time", "RS.cost", 
    "RS.gamma", "RS.data.balancing", "RS.feature.selection", 
    "RS.valid.acc", "RS.test.acc", "RS.train.time", "RS.n.support.vectors", 
    "RS.index", "RS.n.solutions", "RS.generations", "RS.n.evaluations", 
    "RS.cpu.time", "DF.cost", "DF.gamma", "DF.data.balancing", 
    "DF.feature.selection", "DF.valid.acc", "DF.test.acc", "DF.train.time", 
    "DF.n.support.vectors", "DF.index", "DF.n.solutions", "DF.generations", 
    "DF.n.evaluations", "DF.cpu.time")))
