full <-
structure(c(50, 55, 60, 65, 70, 75, 80, 85, 90, 95, 100, 1.0335, 
8.99827, 1.35284, 4.00579, 3.27869, 2.5226, 2.35461, 0.62374, 
2.93011, 0.33511, 1.22233, -3.16947, -2.16841, -5.73289, -7.80837, 
-2.43061, -5.8106, -3.66227, -4.19946, -4.68078, -2.50258, -4.76982, 
0, 0, 0, 0, 0, 0, 0, 0, 0, 0, 0, 0, 0, 0, 0, 0, 0, 0, 0, 0, 0, 
0, 0.87292, 0.86287, 0.84051, 0.86158, 0.85325, 0.85751, 0.85317, 
0.86738, 0.86209, 0.84926, 0.86631, 0.87333, 0.82537, 0.81825, 
0.82553, 0.83896, 0.83953, 0.86151, 0.85938, 0.83644, 0.83904, 
0.84641, 0.0343, 0.0403, 0.0367, 0.0384, 0.05, 0.0437, 0.0534, 
0.0624, 0.0594, 0.0761, 0.0691, 111.6, 130.9, 92.5, 82.9, 162.7, 
102.4, 147.7, 148.2, 131, 210, 149.3, 673, 25, 638, 196, 313, 
230, 617, 695, 2175, 849, 731, 158, 369, 376, 129, 118, 171, 
323, 186, 6, 369, 660, 100, 100, 100, 100, 100, 100, 100, 100, 
100, 100, 100, 2500, 2500, 2500, 2500, 2500, 2500, 2500, 2500, 
2500, 2500, 2500, 7284.458, 7405.549, 7392.539, 7727.48, 8010.036, 
8166.38100000001, 8418.261, 10398.237, 10229.192, 11061.709, 
11014.97, 0.78036, 1.73302, 0.86858, 3.74964, 2.69018, 2.1455, 
14.32602, 0.61811, 2.77133, -0.13589, 1.38046, -3.19925, -5.06779, 
-5.35487, -7.54923, -2.42956, -5.56593, -3.70501, -3.89996, -4.61383, 
-3.27677, -3.95133, 0, 0, 0, 0, 0, 0, 0, 0, 0, 0, 0, 0, 0, 0, 
0, 0, 0, 0, 0, 0, 0, 0, 0.86667, 0.86801, 0.83524, 0.86158, 0.85325, 
0.85751, 0.84901, 0.86338, 0.85838, 0.84236, 0.85964, 0.87333, 
0.84963, 0.80743, 0.82553, 0.83896, 0.84387, 0.85734, 0.85938, 
0.83287, 0.82833, 0.84286, 0.0371, 0.0334, 0.0359, 0.035, 0.0499, 
0.0413, 0.0531, 0.0619, 0.0606, 0.0746, 0.077, 111.9, 85.7, 97, 
83.6, 162.8, 105.9, 143.6, 155.8, 133.1, 186.5, 168.1, 291, 1369, 
685, 2250, 739, 840, 452, 105, 775, 1112, 515, 1, 1, 2, 1, 1, 
3, 11, 4, 1, 1, 1, 100, 100, 100, 100, 100, 100, 100, 100, 100, 
100, 100, 2500, 2500, 2500, 2500, 2500, 2500, 2500, 2500, 2500, 
2500, 2500, 7250.023, 7307.317, 7496.183, 7863.318, 8102.36, 
8262.26300000001, 8549.39999999999, 10279.019, 10425.845, 11062.884, 
11163.277, 1, 1, 1, 1, 1, 1, 1, 1, 1, 1, 1, 0.03704, 0.03704, 
0.03704, 0.03704, 0.03704, 0.03704, 0.03704, 0.03704, 0.03704, 
0.03704, 0.03704, 0, 0, 0, 0, 0, 0, 0, 0, 0, 0, 0, 0, 0, 0, 0, 
0, 0, 0, 0, 0, 0, 0, 0.84, 0.81397, 0.80743, 0.82526, 0.82398, 
0.82194, 0.82766, 0.84369, 0.84742, 0.8282, 0.83608, 0.83417, 
0.82574, 0.80743, 0.83053, 0.8242, 0.83083, 0.83166, 0.83985, 
0.82533, 0.82131, 0.84953, 0.0343, 0.0361, 0.0372, 0.0411, 0.0421, 
0.0459, 0.0519, 0.0539, 0.0603, 0.0649, 0.0687, 89.2, 96.2, 106.7, 
114.1, 121.5, 128.1, 130.9, 139.6, 143.2, 151.8, 156.8, 1, 1, 
1, 1, 1, 1, 1, 1, 1, 1, 1, 1, 1, 1, 1, 1, 1, 1, 1, 1, 1, 1, 1, 
1, 1, 1, 1, 1, 1, 1, 1, 1, 1, 1, 1, 1, 1, 1, 1, 1, 1, 1, 1, 1, 
2.999, 3.037, 2.918, 3.141, 3.231, 3.323, 4.073, 3.91, 4.234, 
4.386, 4.34), .Dim = c(11L, 40L), .Dimnames = list(NULL, c("Sampling", 
"PSO.cost", "PSO.gamma", "PSO.data.balancing", "PSO.feature.selection", 
"PSO.valid.acc", "PSO.test.acc", "PSO.train.time", "PSO.n.support.vectors", 
"PSO.index", "PSO.n.solutions", "PSO.generations", "PSO.n.evaluations", 
"PSO.cpu.time", "RS.cost", "RS.gamma", "RS.data.balancing", "RS.feature.selection", 
"RS.valid.acc", "RS.test.acc", "RS.train.time", "RS.n.support.vectors", 
"RS.index", "RS.n.solutions", "RS.generations", "RS.n.evaluations", 
"RS.cpu.time", "DF.cost", "DF.gamma", "DF.data.balancing", "DF.feature.selection", 
"DF.valid.acc", "DF.test.acc", "DF.train.time", "DF.n.support.vectors", 
"DF.index", "DF.n.solutions", "DF.generations", "DF.n.evaluations", 
"DF.cpu.time")))
