full <-
structure(c(50, 55, 60, 65, 70, 75, 80, 85, 90, 95, 100, 1.64727, 
0.15676, 0.73006, 7.3697, 0.00908, 1.2518, 6.10503, 2.68313, 
0.94593, 2.01744, 1.41014, -7.57862, -3.48548, -2.75473, -2.80271, 
-3.03517, -2.92233, -12.83596, -5.23891, -6.11255, -5.03357, 
-2.49687, 0, 0, 0, 0, 0, 0, 0, 0, 0, 0, 0, 0, 0, 0, 0, 0, 0, 
0, 0, 0, 0, 0, 0.86107, 0.86066, 0.84986, 0.85184, 0.85186, 0.85405, 
0.85087, 0.85908, 0.84815, 0.85567, 0.85674, 0.85345, 0.82463, 
0.82695, 0.84105, 0.83755, 0.83152, 0.84237, 0.80785, 0.83704, 
0.8452, 0.84674, 0.0344, 0.0389, 0.0423, 0.0451, 0.0476, 0.0557, 
0.0503, 0.05, 0.0522, 0.0608, 0.0762, 83.7, 108.7, 130.1, 140.5, 
146.1, 159.1, 132.5, 119.7, 133.6, 135.2, 221.1, 1067, 681, 2263, 
154, 556, 766, 184, 586, 433, 165, 840, 53, 153, 1, 1169, 310, 
67, 220, 515, 634, 325, 287, 100, 100, 100, 100, 100, 100, 100, 
100, 100, 100, 100, 2500, 2500, 2500, 2500, 2500, 2500, 2500, 
2500, 2500, 2500, 2500, 9187.038, 9162.201, 9047.503, 9199.877, 
9183.568, 9198.01299999999, 9088.864, 9125.42800000001, 9012.51800000001, 
8980.834, 9066.67499999999, 1.15843, 0.34691, 0.72537, 13.45379, 
0.35096, 2.41965, 8.16956, 2.85325, 1.06717, 0.69206, 0.79501, 
-4.46795, -3.87695, -2.71184, -2.76689, -3.22582, -4.68586, -14.86988, 
-5.20644, -5.88162, -3.39993, -3.89523, 0, 0, 0, 0, 0, 0, 0, 
0, 0, 0, 0, 0, 0, 0, 0, 0, 0, 0, 0, 0, 0, 0, 0.86065, 0.85404, 
0.84986, 0.85184, 0.84688, 0.85746, 0.85087, 0.84338, 0.84444, 
0.84877, 0.8534, 0.83304, 0.81838, 0.83283, 0.84105, 0.83755, 
0.83986, 0.84237, 0.80785, 0.84074, 0.83485, 0.84018, 0.0332, 
0.0363, 0.042, 0.0441, 0.0459, 0.0515, 0.0497, 0.0508, 0.0513, 
0.0663, 0.0654, 86.2, 100.7, 131, 140.9, 140.9, 114.5, 131.9, 
118.9, 130.1, 178.9, 173.4, 2364, 2180, 813, 580, 763, 2323, 
160, 1558, 79, 324, 906, 1, 1, 1, 11, 2, 1, 16, 1, 5, 7, 2, 100, 
100, 100, 100, 100, 100, 100, 100, 100, 100, 100, 2500, 2500, 
2500, 2500, 2500, 2500, 2500, 2500, 2500, 2500, 2500, 9077.119, 
9062.644, 9067.693, 9057.092, 9052.326, 9140.208, 9217.67300000001, 
9163.61300000001, 9272.20499999999, 8895.51800000001, 8714.522, 
1, 1, 1, 1, 1, 1, 1, 1, 1, 1, 1, 0.03704, 0.03704, 0.03704, 0.03704, 
0.03704, 0.03704, 0.03704, 0.03704, 0.03704, 0.03704, 0.03704, 
0, 0, 0, 0, 0, 0, 0, 0, 0, 0, 0, 0, 0, 0, 0, 0, 0, 0, 0, 0, 0, 
0, 0.84774, 0.83603, 0.83839, 0.83105, 0.83712, 0.82698, 0.83402, 
0.83123, 0.84074, 0.83473, 0.83328, 0.84679, 0.83015, 0.83839, 
0.82053, 0.83755, 0.81372, 0.83802, 0.83508, 0.84074, 0.8452, 
0.84006, 0.0344, 0.0348, 0.0367, 0.0404, 0.041, 0.047, 0.0489, 
0.0501, 0.0578, 0.0592, 0.0631, 88.7, 96.3, 103.7, 109, 114.9, 
124.4, 133.2, 140.7, 146.3, 150.5, 157.3, 1, 1, 1, 1, 1, 1, 1, 
1, 1, 1, 1, 1, 1, 1, 1, 1, 1, 1, 1, 1, 1, 1, 1, 1, 1, 1, 1, 1, 
1, 1, 1, 1, 1, 1, 1, 1, 1, 1, 1, 1, 1, 1, 1, 1, 3.576, 3.601, 
3.591, 3.631, 3.564, 3.627, 3.656, 3.556, 3.695, 3.546, 3.365
), .Dim = c(11L, 40L), .Dimnames = list(NULL, c("Sampling", "PSO.cost", 
"PSO.gamma", "PSO.data.balancing", "PSO.feature.selection", "PSO.valid.acc", 
"PSO.test.acc", "PSO.train.time", "PSO.n.support.vectors", "PSO.index", 
"PSO.n.solutions", "PSO.generations", "PSO.n.evaluations", "PSO.cpu.time", 
"RS.cost", "RS.gamma", "RS.data.balancing", "RS.feature.selection", 
"RS.valid.acc", "RS.test.acc", "RS.train.time", "RS.n.support.vectors", 
"RS.index", "RS.n.solutions", "RS.generations", "RS.n.evaluations", 
"RS.cpu.time", "DF.cost", "DF.gamma", "DF.data.balancing", "DF.feature.selection", 
"DF.valid.acc", "DF.test.acc", "DF.train.time", "DF.n.support.vectors", 
"DF.index", "DF.n.solutions", "DF.generations", "DF.n.evaluations", 
"DF.cpu.time")))
