full <-
structure(c(50, 55, 60, 65, 70, 75, 80, 85, 90, 95, 100, 0.36363, 
-0.12432, 1.28471, 1.98054, 1.43351, 2.69117, 14.47952, 3.17816, 
3.95213, 1.10541, 7.64529, -4.83186, -3.67644, -3.77193, -4.94401, 
-8.1216, -4.88729, -13.63195, -4.9714, -5.0561, -3.53224, -15, 
0, 0, 0, 0, 0, 0, 0, 0, 0, 0, 0, 0, 0, 0, 0, 0, 0, 0, 0, 0, 0, 
0, 0.84696, 0.84326, 0.85447, 0.84095, 0.85216, 0.84506, 0.83728, 
0.86646, 0.85926, 0.86682, 0.84667, 0.8203, 0.83734, 0.8316, 
0.8099, 0.84262, 0.84032, 0.77507, 0.83938, 0.82593, 0.84552, 
0.83667, 0.0344, 0.0367, 0.0393, 0.0416, 0.0463, 0.0465, 0.0585, 
0.0532, 0.0568, 0.0665, 0.0619, 90, 108.1, 112.3, 99.8, 116.1, 
109.6, 68.2, 116.4, 123.3, 176, 171.7, 630, 332, 1435, 1329, 
1432, 1502, 163, 319, 186, 852, 74, 61, 671, 45, 50, 6, 71, 342, 
804, 169, 114, 160, 100, 100, 100, 100, 100, 100, 100, 100, 100, 
100, 100, 2500, 2500, 2500, 2500, 2500, 2500, 2500, 2500, 2500, 
2500, 2500, 8436.815, 8545.246, 8439.038, 8455.316, 8550.56999999999, 
8236.932, 8482.376, 8299.88900000001, 8371.52100000001, 9019.65100000001, 
9046.92600000001, 0.26756, -0.05252, 1.87441, 2.65693, -1.23211, 
2.95572, 5.03267, 3.7185, 4.18651, 1.35317, 1.39099, -4.9209, 
-3.70696, -4.74745, -5.14508, -3.37086, -5.06255, -7.09139, -4.86405, 
-5.18613, -3.22274, -8.75624, 0, 0, 0, 0, 0, 0, 0, 0, 0, 0, 0, 
0, 0, 0, 0, 0, 0, 0, 0, 0, 0, 0, 0.8403, 0.84326, 0.848, 0.84069, 
0.84286, 0.83617, 0.84509, 0.86277, 0.85556, 0.85623, 0.84667, 
0.82696, 0.83734, 0.848, 0.79514, 0.83786, 0.83597, 0.81591, 
0.85123, 0.82963, 0.84551, 0.84333, 0.0346, 0.0373, 0.0422, 0.0446, 
0.0513, 0.0489, 0.0427, 0.0541, 0.0582, 0.0708, 0.0655, 90.2, 
106.8, 96.3, 95.1, 146.4, 107.4, 89.6, 117.2, 121.1, 185.1, 173.2, 
330, 503, 1091, 381, 77, 462, 983, 324, 2069, 508, 65, 5, 3, 
1, 7, 22, 4, 1, 1, 2, 2, 30, 100, 100, 100, 100, 100, 100, 100, 
100, 100, 100, 100, 2500, 2500, 2500, 2500, 2500, 2500, 2500, 
2500, 2500, 2500, 2500, 8490.747, 8469.774, 8405.606, 8545.63499999999, 
8269.053, 8241.709, 8402.54599999999, 8505.675, 8436.97200000001, 
9086.01300000001, 9214.77100000001, 1, 1, 1, 1, 1, 1, 1, 1, 1, 
1, 1, 0.03704, 0.03704, 0.03704, 0.03704, 0.03704, 0.03704, 0.03704, 
0.03704, 0.03704, 0.03704, 0.03704, 0, 0, 0, 0, 0, 0, 0, 0, 0, 
0, 0, 0, 0, 0, 0, 0, 0, 0, 0, 0, 0, 0, 0.8203, 0.81932, 0.8316, 
0.81516, 0.829, 0.83162, 0.82079, 0.83154, 0.82593, 0.8385, 0.83333, 
0.8403, 0.8252, 0.82604, 0.82016, 0.84262, 0.80949, 0.81662, 
0.83569, 0.82593, 0.84539, 0.83, 0.0383, 0.0361, 0.0382, 0.0428, 
0.0439, 0.0472, 0.0493, 0.0544, 0.0598, 0.0607, 0.0637, 91.8, 
96.5, 105, 110.5, 117.2, 123.5, 132, 137.1, 145.7, 150.6, 157.7, 
1, 1, 1, 1, 1, 1, 1, 1, 1, 1, 1, 1, 1, 1, 1, 1, 1, 1, 1, 1, 1, 
1, 1, 1, 1, 1, 1, 1, 1, 1, 1, 1, 1, 1, 1, 1, 1, 1, 1, 1, 1, 1, 
1, 1, 3.384, 3.291, 3.324, 3.391, 3.258, 3.225, 3.201, 3.442, 
3.498, 3.549, 3.603), .Dim = c(11L, 40L), .Dimnames = list(NULL, 
    c("Sampling", "PSO.cost", "PSO.gamma", "PSO.data.balancing", 
    "PSO.feature.selection", "PSO.valid.acc", "PSO.test.acc", 
    "PSO.train.time", "PSO.n.support.vectors", "PSO.index", "PSO.n.solutions", 
    "PSO.generations", "PSO.n.evaluations", "PSO.cpu.time", "RS.cost", 
    "RS.gamma", "RS.data.balancing", "RS.feature.selection", 
    "RS.valid.acc", "RS.test.acc", "RS.train.time", "RS.n.support.vectors", 
    "RS.index", "RS.n.solutions", "RS.generations", "RS.n.evaluations", 
    "RS.cpu.time", "DF.cost", "DF.gamma", "DF.data.balancing", 
    "DF.feature.selection", "DF.valid.acc", "DF.test.acc", "DF.train.time", 
    "DF.n.support.vectors", "DF.index", "DF.n.solutions", "DF.generations", 
    "DF.n.evaluations", "DF.cpu.time")))
