full <-
structure(c(50, 55, 60, 65, 70, 75, 80, 85, 90, 95, 100, 1.8667, 
0.81598, 1.33501, 4.93141, 1.26524, 2.66773, 6.4408, 1.2581, 
1.18303, 2.66616, 2.21333, -4.10482, -3.7224, -3.79776, -6.67418, 
-3.57553, -6.17245, -9.55454, -3.61355, -3.64752, -5.66854, -3.56064, 
0, 0, 0, 0, 0, 0, 0, 0, 0, 0, 0, 0, 0, 0, 0, 0, 0, 0, 0, 0, 0, 
0, 0.89363, 0.88419, 0.88381, 0.88605, 0.90444, 0.88004, 0.89232, 
0.88308, 0.87795, 0.87349, 0.86318, 0.87988, 0.87831, 0.86682, 
0.87579, 0.89035, 0.87569, 0.87565, 0.86738, 0.86972, 0.87005, 
0.84651, 0.0347, 0.039, 0.0424, 0.0398, 0.0469, 0.0416, 0.0396, 
0.0575, 0.0586, 0.0554, 0.072, 86.2, 103.9, 110, 70.6, 131.8, 
90.5, 77, 153.1, 160.3, 122, 179.2, 2010, 370, 2117, 559, 421, 
458, 274, 301, 488, 730, 442, 20, 522, 2, 109, 825, 182, 134, 
720, 583, 71, 661, 100, 100, 100, 100, 100, 100, 100, 100, 100, 
100, 100, 2500, 2500, 2500, 2500, 2500, 2500, 2500, 2500, 2500, 
2500, 2500, 9222.42, 9063.697, 8986.252, 8940.127, 9054.81999999999, 
8927.81, 8906.23000000001, 9114.717, 8986.49600000001, 8828.467, 
8519.209, 2.16072, 0.50339, 1.33509, 5.08664, 1.21197, 2.56992, 
8.01156, 1.31869, 1.29892, 4.34287, 0.56726, -5.1127, -4.35087, 
-3.83874, -6.72564, -3.60266, -6.15848, -10.82529, -3.59606, 
-3.81531, -5.03993, -4.84533, 0, 0, 0, 0, 0, 0, 0, 0, 0, 0, 0, 
0, 0, 0, 0, 0, 0, 0, 0, 0, 0, 0, 0.88696, 0.87831, 0.87826, 0.88605, 
0.89989, 0.88004, 0.89232, 0.87923, 0.87438, 0.86672, 0.85651, 
0.87321, 0.87243, 0.86682, 0.88079, 0.89035, 0.87134, 0.86732, 
0.86738, 0.8623, 0.84221, 0.83985, 0.0346, 0.0375, 0.0399, 0.0371, 
0.0475, 0.0433, 0.0459, 0.0563, 0.0586, 0.0558, 0.0596, 73, 92.5, 
108.6, 69.5, 131.1, 90.6, 74.4, 152.9, 155.6, 123.2, 151.6, 47, 
654, 141, 56, 1818, 838, 2080, 1307, 252, 913, 616, 4, 2, 1, 
3, 2, 1, 1, 1, 2, 1, 5, 100, 100, 100, 100, 100, 100, 100, 100, 
100, 100, 100, 2500, 2500, 2500, 2500, 2500, 2500, 2500, 2500, 
2500, 2500, 2500, 9012.546, 9017.458, 8993.291, 8984.653, 9015.12300000001, 
9080.16800000001, 9003.40000000001, 9127.712, 8984.17300000001, 
8542.86300000001, 8229.63699999999, 1, 1, 1, 1, 1, 1, 1, 1, 1, 
1, 1, 0.03704, 0.03704, 0.03704, 0.03704, 0.03704, 0.03704, 0.03704, 
0.03704, 0.03704, 0.03704, 0.03704, 0, 0, 0, 0, 0, 0, 0, 0, 0, 
0, 0, 0, 0, 0, 0, 0, 0, 0, 0, 0, 0, 0, 0.8603, 0.86618, 0.84522, 
0.87579, 0.87082, 0.85771, 0.86315, 0.86323, 0.86284, 0.84872, 
0.84318, 0.87321, 0.86618, 0.84489, 0.85526, 0.86061, 0.86206, 
0.86732, 0.86338, 0.85516, 0.84157, 0.83651, 0.0341, 0.034, 0.0372, 
0.0399, 0.042, 0.0481, 0.0461, 0.0534, 0.0539, 0.0586, 0.0591, 
83.7, 90.3, 100.9, 105.9, 111.4, 115.9, 121, 134.1, 135.6, 148.2, 
155.2, 1, 1, 1, 1, 1, 1, 1, 1, 1, 1, 1, 1, 1, 1, 1, 1, 1, 1, 
1, 1, 1, 1, 1, 1, 1, 1, 1, 1, 1, 1, 1, 1, 1, 1, 1, 1, 1, 1, 1, 
1, 1, 1, 1, 1, 3.538, 3.552, 3.496, 3.589, 3.609, 3.654, 3.547, 
3.521, 3.533, 3.396, 3.045), .Dim = c(11L, 40L), .Dimnames = list(
    NULL, c("Sampling", "PSO.cost", "PSO.gamma", "PSO.data.balancing", 
    "PSO.feature.selection", "PSO.valid.acc", "PSO.test.acc", 
    "PSO.train.time", "PSO.n.support.vectors", "PSO.index", "PSO.n.solutions", 
    "PSO.generations", "PSO.n.evaluations", "PSO.cpu.time", "RS.cost", 
    "RS.gamma", "RS.data.balancing", "RS.feature.selection", 
    "RS.valid.acc", "RS.test.acc", "RS.train.time", "RS.n.support.vectors", 
    "RS.index", "RS.n.solutions", "RS.generations", "RS.n.evaluations", 
    "RS.cpu.time", "DF.cost", "DF.gamma", "DF.data.balancing", 
    "DF.feature.selection", "DF.valid.acc", "DF.test.acc", "DF.train.time", 
    "DF.n.support.vectors", "DF.index", "DF.n.solutions", "DF.generations", 
    "DF.n.evaluations", "DF.cpu.time")))
