full <-
structure(c(50, 55, 60, 65, 70, 75, 80, 85, 90, 95, 100, 2.63378, 
1.31862, 0.85749, 11.03198, 0.74717, 2.23516, 6.02554, 1.25692, 
8.64301, 0.95487, 1.86247, -6.51039, -3.88282, -5.03786, -14.14987, 
-3.1603, -6.50066, -8.66276, -3.86469, -10.80625, -4.75477, -4.37162, 
0, 0, 0, 0, 0, 0, 0, 0, 0, 0, 0, 0, 0, 0, 0, 0, 0, 0, 0, 0, 0, 
0, 0.87143, 0.86066, 0.84819, 0.85184, 0.86208, 0.84427, 0.87061, 
0.86246, 0.85107, 0.86034, 0.84975, 0.82518, 0.83051, 0.82594, 
0.81105, 0.85255, 0.83478, 0.83708, 0.83123, 0.83282, 0.84604, 
0.84608, 0.0352, 0.0384, 0.0383, 0.0366, 0.0487, 0.0422, 0.0456, 
0.0561, 0.0491, 0.0588, 0.0666, 72.6, 106.6, 101.5, 71.9, 145.8, 
102.3, 85.1, 147.6, 87.8, 144.4, 155.2, 130, 1783, 1656, 289, 
542, 311, 1053, 564, 298, 306, 126, 348, 17, 8, 214, 60, 131, 
34, 147, 118, 786, 566, 100, 100, 100, 100, 100, 100, 100, 100, 
100, 100, 100, 2500, 2500, 2500, 2500, 2500, 2500, 2500, 2500, 
2500, 2500, 2500, 9230.475, 9132.675, 9108.654, 9039.627, 9095.66099999999, 
9143.51700000001, 9095.52800000001, 9245.16099999999, 9242.83800000002, 
8998.97100000002, 9015.99299999999, 2.80655, 0.57767, 0.99136, 
8.88624, 2.2977, 2.10945, 1.1913, 0.76314, 8.09241, 0.9321, 1.93537, 
-6.58769, -4.28927, -5.67303, -12.08879, -7.23346, -6.06098, 
-3.98735, -4.0282, -10.15646, -4.44911, -4.3785, 0, 0, 0, 0, 
0, 0, 0, 0, 0, 0, 0, 0, 0, 0, 0, 0, 0, 0, 0, 0, 0, 0, 0.86476, 
0.85478, 0.84326, 0.85184, 0.85755, 0.84427, 0.86644, 0.85862, 
0.85107, 0.85676, 0.84975, 0.82518, 0.84265, 0.81976, 0.81105, 
0.84279, 0.84842, 0.84578, 0.85108, 0.83282, 0.84247, 0.8393, 
0.0373, 0.0382, 0.0371, 0.0378, 0.0401, 0.0431, 0.0535, 0.0553, 
0.048, 0.0578, 0.0653, 71, 101.2, 99.1, 72.5, 99.1, 101.7, 137.9, 
146.6, 88.9, 150.1, 154.4, 75, 1317, 1199, 188, 973, 2224, 103, 
292, 42, 1373, 1435, 1, 1, 2, 12, 2, 1, 5, 3, 3, 1, 1, 100, 100, 
100, 100, 100, 100, 100, 100, 100, 100, 100, 2500, 2500, 2500, 
2500, 2500, 2500, 2500, 2500, 2500, 2500, 2500, 9109.794, 9106.334, 
9128.636, 9126.286, 9084.49500000001, 9276.719, 9187.97, 9270.48799999998, 
9131.29800000001, 9102.041, 8668.88399999999, 1, 1, 1, 1, 1, 
1, 1, 1, 1, 1, 1, 0.03704, 0.03704, 0.03704, 0.03704, 0.03704, 
0.03704, 0.03704, 0.03704, 0.03704, 0.03704, 0.03704, 0, 0, 0, 
0, 0, 0, 0, 0, 0, 0, 0, 0, 0, 0, 0, 0, 0, 0, 0, 0, 0, 0, 0.83851, 
0.83088, 0.82064, 0.83632, 0.84327, 0.81344, 0.84576, 0.85077, 
0.81814, 0.8394, 0.82952, 0.8456, 0.83676, 0.83179, 0.83158, 
0.84779, 0.83538, 0.84576, 0.84308, 0.81402, 0.832, 0.84629, 
0.0339, 0.0384, 0.0396, 0.0401, 0.0436, 0.0475, 0.05, 0.0515, 
0.0546, 0.0577, 0.0609, 89, 101.4, 109.6, 112.5, 119.2, 127.8, 
132.7, 139.9, 145.4, 151.2, 156.2, 1, 1, 1, 1, 1, 1, 1, 1, 1, 
1, 1, 1, 1, 1, 1, 1, 1, 1, 1, 1, 1, 1, 1, 1, 1, 1, 1, 1, 1, 1, 
1, 1, 1, 1, 1, 1, 1, 1, 1, 1, 1, 1, 1, 1, 3.611, 3.596, 3.662, 
3.64, 3.299, 3.585, 3.67, 3.602, 3.498, 3.406, 3.431), .Dim = c(11L, 
40L), .Dimnames = list(NULL, c("Sampling", "PSO.cost", "PSO.gamma", 
"PSO.data.balancing", "PSO.feature.selection", "PSO.valid.acc", 
"PSO.test.acc", "PSO.train.time", "PSO.n.support.vectors", "PSO.index", 
"PSO.n.solutions", "PSO.generations", "PSO.n.evaluations", "PSO.cpu.time", 
"RS.cost", "RS.gamma", "RS.data.balancing", "RS.feature.selection", 
"RS.valid.acc", "RS.test.acc", "RS.train.time", "RS.n.support.vectors", 
"RS.index", "RS.n.solutions", "RS.generations", "RS.n.evaluations", 
"RS.cpu.time", "DF.cost", "DF.gamma", "DF.data.balancing", "DF.feature.selection", 
"DF.valid.acc", "DF.test.acc", "DF.train.time", "DF.n.support.vectors", 
"DF.index", "DF.n.solutions", "DF.generations", "DF.n.evaluations", 
"DF.cpu.time")))
