full <-
structure(c(50, 55, 60, 65, 70, 75, 80, 85, 90, 95, 100, -0.13064, 
0.4754, 2.32219, 2.5537, 1.36807, 1.56997, 2.42709, 0.19511, 
0.80035, 0.81919, 2.15469, -5.24017, -6.08172, -5.5767, -6.31153, 
-5.17375, -4.99753, -5.82128, -2.89364, -4.32142, -4.32951, -4.32065, 
0, 0, 0, 0, 0, 0, 0, 0, 0, 0, 0, 0, 0, 0, 0, 0, 0, 0, 0, 0, 0, 
0, 0.85381, 0.83766, 0.85746, 0.87211, 0.86602, 0.8585, 0.86775, 
0.86692, 0.86667, 0.87099, 0.87, 0.83952, 0.83141, 0.82962, 0.85711, 
0.85171, 0.84012, 0.82552, 0.84354, 0.86667, 0.8604, 0.85333, 
0.0331, 0.0346, 0.0367, 0.0388, 0.0426, 0.0442, 0.0441, 0.06, 
0.0557, 0.0588, 0.0665, 92, 96.1, 89.8, 92.7, 107.9, 112.2, 107.3, 
182.6, 146.8, 150.5, 152.3, 71, 243, 1693, 751, 874, 398, 1420, 
1098, 144, 543, 601, 724, 257, 50, 403, 441, 71, 21, 132, 621, 
35, 490, 100, 100, 100, 100, 100, 100, 100, 100, 100, 100, 100, 
2500, 2500, 2500, 2500, 2500, 2500, 2500, 2500, 2500, 2500, 2500, 
7249.426, 7279.085, 7413.428, 7526.371, 7629.34899999999, 7662.69100000001, 
7785.92199999999, 8067.545, 7966.99399999999, 8119.67300000001, 
8491.53200000001, -0.02451, 0.17178, 0.14455, 2.77087, 1.55124, 
1.43557, 2.73431, 0.41173, 0.69962, 1.74152, 2.31833, -5.35574, 
-5.71785, -4.84115, -6.46776, -5.23078, -4.98792, -6.11499, -3.11874, 
-4.44862, -4.94204, -4.74572, 0, 0, 0, 0, 0, 0, 0, 0, 0, 0, 0, 
0, 0, 0, 0, 0, 0, 0, 0, 0, 0, 0, 0.85381, 0.83766, 0.84668, 0.86711, 
0.86147, 0.85395, 0.85958, 0.85892, 0.86667, 0.86433, 0.86667, 
0.84, 0.82553, 0.8408, 0.85711, 0.84671, 0.84466, 0.8257, 0.84738, 
0.86296, 0.84635, 0.86333, 0.033, 0.0344, 0.0382, 0.0393, 0.0414, 
0.044, 0.0437, 0.0605, 0.0545, 0.0594, 0.0603, 90.9, 97.7, 106, 
91.3, 106.7, 113.1, 105.4, 175.7, 144.8, 136.2, 142.8, 1260, 
247, 1053, 452, 643, 2426, 1878, 2354, 861, 1140, 120, 1, 1, 
1, 1, 1, 1, 1, 1, 4, 1, 3, 100, 100, 100, 100, 100, 100, 100, 
100, 100, 100, 100, 2500, 2500, 2500, 2500, 2500, 2500, 2500, 
2500, 2500, 2500, 2500, 7264.006, 7327.366, 7552.397, 7687.562, 
7681.53199999999, 7829.742, 7909.302, 8007.57400000001, 8187.433, 
8509.89700000003, 8566.69200000001, 1, 1, 1, 1, 1, 1, 1, 1, 1, 
1, 1, 0.03704, 0.03704, 0.03704, 0.03704, 0.03704, 0.03704, 0.03704, 
0.03704, 0.03704, 0.03704, 0.03704, 0, 0, 0, 0, 0, 0, 0, 0, 0, 
0, 0, 0, 0, 0, 0, 0, 0, 0, 0, 0, 0, 0, 0.83333, 0.81891, 0.84668, 
0.84632, 0.83831, 0.84032, 0.85559, 0.83169, 0.84815, 0.84969, 
0.84667, 0.83952, 0.82516, 0.83553, 0.84632, 0.83853, 0.84012, 
0.8429, 0.824, 0.84444, 0.84612, 0.83667, 0.0327, 0.0358, 0.0377, 
0.0413, 0.0431, 0.0444, 0.0493, 0.0507, 0.0541, 0.0593, 0.0641, 
91.3, 100.9, 108.2, 113.5, 119.3, 124.6, 132.6, 139, 145.4, 150.3, 
156.2, 1, 1, 1, 1, 1, 1, 1, 1, 1, 1, 1, 1, 1, 1, 1, 1, 1, 1, 
1, 1, 1, 1, 1, 1, 1, 1, 1, 1, 1, 1, 1, 1, 1, 1, 1, 1, 1, 1, 1, 
1, 1, 1, 1, 1, 2.864, 2.914, 3.01, 3.053, 3.037, 3.03, 3.109, 
2.916, 3.26, 3.343, 3.401), .Dim = c(11L, 40L), .Dimnames = list(
    NULL, c("Sampling", "PSO.cost", "PSO.gamma", "PSO.data.balancing", 
    "PSO.feature.selection", "PSO.valid.acc", "PSO.test.acc", 
    "PSO.train.time", "PSO.n.support.vectors", "PSO.index", "PSO.n.solutions", 
    "PSO.generations", "PSO.n.evaluations", "PSO.cpu.time", "RS.cost", 
    "RS.gamma", "RS.data.balancing", "RS.feature.selection", 
    "RS.valid.acc", "RS.test.acc", "RS.train.time", "RS.n.support.vectors", 
    "RS.index", "RS.n.solutions", "RS.generations", "RS.n.evaluations", 
    "RS.cpu.time", "DF.cost", "DF.gamma", "DF.data.balancing", 
    "DF.feature.selection", "DF.valid.acc", "DF.test.acc", "DF.train.time", 
    "DF.n.support.vectors", "DF.index", "DF.n.solutions", "DF.generations", 
    "DF.n.evaluations", "DF.cpu.time")))
