full <-
structure(c(50, 55, 60, 65, 70, 75, 80, 85, 90, 95, 100, 1, 2.2726, 
0.20318, 12.81207, 4.31661, 0.4478, 0.27511, 1.07265, 3.92922, 
1.31892, 0.56143, 0.03704, -6.05103, -5.4996, -13.46413, -6.85542, 
-6.00977, -6.75701, -4.77596, -4.93196, -4.48921, -3.19713, 0, 
0, 0, 0, 0, 0, 0, 0, 0, 0, 0, 0, 0, 0, 0, 0, 0, 0, 0, 0, 0, 0, 
0.85452, 0.87343, 0.8715, 0.87158, 0.87589, 0.85929, 0.85417, 
0.85892, 0.87771, 0.86675, 0.85665, 0.84786, 0.86718, 0.84401, 
0.83053, 0.85251, 0.8504, 0.85, 0.86292, 0.85534, 0.85948, 0.85642, 
0.0333, 0.0331, 0.0363, 0.0389, 0.0417, 0.0449, 0.0519, 0.0516, 
0.0579, 0.065, 0.0739, 90.7, 78.4, 96.3, 55.3, 84.1, 113.3, 128.7, 
132.1, 117, 149, 196.2, 1, 1888, 732, 703, 350, 106, 295, 703, 
1059, 285, 538, 51, 1, 133, 79, 730, 927, 122, 279, 416, 194, 
133, 100, 100, 100, 100, 100, 100, 100, 100, 100, 100, 100, 2500, 
2500, 2500, 2500, 2500, 2500, 2500, 2500, 2500, 2500, 2500, 6945.119, 
7086.263, 7234.953, 7115.616, 7315.87899999999, 8522.05500000001, 
8583.00999999999, 8822.068, 8928.62300000001, 9071.372, 9136.14799999999, 
-0.20392, 2.27849, 0.08631, 13.40517, 2.69262, 0.77727, 0.22322, 
0.70906, 4.74969, 1.26781, 0.91342, -4.35086, -6.19372, -5.40787, 
-14.08682, -5.76727, -5.78291, -4.4369, -4.39286, -5.05508, -4.35911, 
-3.09538, 0, 0, 0, 0, 0, 0, 0, 0, 0, 0, 0, 0, 0, 0, 0, 0, 0, 
0, 0, 0, 0, 0, 0.85452, 0.86755, 0.86624, 0.87158, 0.8668, 0.85929, 
0.85417, 0.85862, 0.87044, 0.86675, 0.85332, 0.83452, 0.86093, 
0.83846, 0.83053, 0.85727, 0.84585, 0.85, 0.85892, 0.85191, 0.85948, 
0.85309, 0.0332, 0.0328, 0.0356, 0.0358, 0.0403, 0.0456, 0.0497, 
0.0539, 0.0595, 0.0621, 0.0779, 96.3, 78.1, 97.5, 55.2, 94.5, 
109.3, 127, 139.4, 113.3, 151, 199.1, 1065, 3, 3, 339, 915, 544, 
993, 1542, 2012, 114, 2043, 1, 15, 3, 1, 2, 4, 3, 1, 1, 3, 1, 
100, 100, 100, 100, 100, 100, 100, 100, 100, 100, 100, 2500, 
2500, 2500, 2500, 2500, 2500, 2500, 2500, 2500, 2500, 2500, 6985.443, 
7307.315, 7189.028, 7246.733, 7611.194, 8679.31899999999, 8723.40700000001, 
8815.75199999999, 9020.38399999999, 9099.46799999999, 9080.58499999999, 
1, 1, 1, 1, 1, 1, 1, 1, 1, 1, 1, 0.03704, 0.03704, 0.03704, 0.03704, 
0.03704, 0.03704, 0.03704, 0.03704, 0.03704, 0.03704, 0.03704, 
0, 0, 0, 0, 0, 0, 0, 0, 0, 0, 0, 0, 0, 0, 0, 0, 0, 0, 0, 0, 0, 
0, 0.85452, 0.8374, 0.86624, 0.84026, 0.83846, 0.84605, 0.84583, 
0.84692, 0.84752, 0.84938, 0.83675, 0.84786, 0.83189, 0.84957, 
0.83026, 0.82439, 0.84585, 0.84583, 0.85108, 0.85136, 0.84224, 
0.83664, 0.0325, 0.0353, 0.0367, 0.0432, 0.0444, 0.049, 0.049, 
0.053, 0.0578, 0.0577, 0.0626, 90.7, 97.4, 101.7, 107.5, 115.8, 
120.1, 125.3, 136.7, 141.3, 149.6, 156.4, 1, 1, 1, 1, 1, 1, 1, 
1, 1, 1, 1, 1, 1, 1, 1, 1, 1, 1, 1, 1, 1, 1, 1, 1, 1, 1, 1, 1, 
1, 1, 1, 1, 1, 1, 1, 1, 1, 1, 1, 1, 1, 1, 1, 1, 2.803, 2.978, 
2.818, 2.987, 3.457, 3.466, 3.439, 3.596, 3.546, 3.562, 3.513
), .Dim = c(11L, 40L), .Dimnames = list(NULL, c("Sampling", "PSO.cost", 
"PSO.gamma", "PSO.data.balancing", "PSO.feature.selection", "PSO.valid.acc", 
"PSO.test.acc", "PSO.train.time", "PSO.n.support.vectors", "PSO.index", 
"PSO.n.solutions", "PSO.generations", "PSO.n.evaluations", "PSO.cpu.time", 
"RS.cost", "RS.gamma", "RS.data.balancing", "RS.feature.selection", 
"RS.valid.acc", "RS.test.acc", "RS.train.time", "RS.n.support.vectors", 
"RS.index", "RS.n.solutions", "RS.generations", "RS.n.evaluations", 
"RS.cpu.time", "DF.cost", "DF.gamma", "DF.data.balancing", "DF.feature.selection", 
"DF.valid.acc", "DF.test.acc", "DF.train.time", "DF.n.support.vectors", 
"DF.index", "DF.n.solutions", "DF.generations", "DF.n.evaluations", 
"DF.cpu.time")))
