full <-
structure(c(50, 55, 60, 65, 70, 75, 80, 85, 90, 95, 100, 0.36543, 
1.20407, 12.73597, 1.14172, 1.51384, 2.2058, 0.47769, 1.56965, 
0.55593, 2.57276, 0.65397, -3.8538, -5.90267, -15, -4.32212, 
-4.32856, -4.62324, -5.07252, -3.28761, -3.60417, -4.4058, -5.68045, 
0, 0, 0, 0, 0, 0, 0, 0, 0, 0, 0, 0, 0, 0, 0, 0, 0, 0, 0, 0, 0, 
0, 0.88, 0.87941, 0.86631, 0.86658, 0.8666, 0.85771, 0.86246, 
0.86708, 0.86642, 0.85296, 0.85331, 0.86, 0.86176, 0.84993, 0.85158, 
0.85232, 0.84427, 0.85012, 0.84738, 0.84444, 0.842, 0.84342, 
0.0358, 0.0347, 0.0361, 0.044, 0.0462, 0.0486, 0.0551, 0.0632, 
0.068, 0.0682, 0.0667, 99.6, 84, 61.5, 114, 117.9, 117, 123.2, 
169, 169.8, 143, 144.6, 111, 960, 83, 288, 277, 415, 374, 1001, 
1025, 265, 235, 877, 20, 518, 902, 1016, 66, 494, 343, 367, 654, 
1023, 100, 100, 100, 100, 100, 100, 100, 100, 100, 100, 100, 
2500, 2500, 2500, 2500, 2500, 2500, 2500, 2500, 2500, 2500, 2500, 
8336.756, 8200.125, 8264.283, 8425.25999999999, 8355.539, 8379.05099999999, 
10407.773, 10812.729, 10970.792, 11009.625, 10629.466, 0.50316, 
3.18959, 12.42832, 1.29889, 1.55707, 2.86141, 0.31317, 2.11463, 
0.50217, 0.68387, 0.368, -5.38943, -8.66064, -14.61432, -4.43909, 
-4.64865, -5.625, -5.17197, -3.09227, -3.93696, -3.59043, -5.2638, 
0, 0, 0, 0, 0, 0, 0, 0, 0, 0, 0, 0, 0, 0, 0, 0, 0, 0, 0, 0, 0, 
0, 0.88, 0.87353, 0.86631, 0.86658, 0.8666, 0.85356, 0.85846, 
0.86308, 0.859, 0.84938, 0.84998, 0.87333, 0.86765, 0.84993, 
0.85158, 0.85232, 0.83043, 0.85012, 0.84723, 0.84802, 0.83498, 
0.84998, 0.0336, 0.0351, 0.0353, 0.0437, 0.0438, 0.0503, 0.0499, 
0.0681, 0.0637, 0.0749, 0.0617, 83.8, 82.2, 60.9, 112.1, 111.3, 
106.3, 123.5, 175.8, 159.4, 175, 149.2, 229, 57, 169, 1605, 1383, 
382, 927, 2445, 83, 844, 409, 8, 38, 15, 2, 1, 1, 2, 1, 2, 4, 
2, 100, 100, 100, 100, 100, 100, 100, 100, 100, 100, 100, 2500, 
2500, 2500, 2500, 2500, 2500, 2500, 2500, 2500, 2500, 2500, 8357.488, 
8240.145, 8418.934, 8412.643, 8338.311, 10185.841, 10575.319, 
10639.284, 10874.459, 10781.229, 10958.294, 1, 1, 1, 1, 1, 1, 
1, 1, 1, 1, 1, 0.03704, 0.03704, 0.03704, 0.03704, 0.03704, 0.03704, 
0.03704, 0.03704, 0.03704, 0.03704, 0.03704, 0, 0, 0, 0, 0, 0, 
0, 0, 0, 0, 0, 0, 0, 0, 0, 0, 0, 0, 0, 0, 0, 0, 0.87333, 0.84963, 
0.84928, 0.85132, 0.83801, 0.84427, 0.85429, 0.84754, 0.83649, 
0.83867, 0.83998, 0.87333, 0.84338, 0.84372, 0.85184, 0.83801, 
0.83992, 0.84596, 0.84354, 0.83662, 0.83153, 0.84664, 0.0345, 
0.0364, 0.0393, 0.0411, 0.0436, 0.0488, 0.0519, 0.0591, 0.064, 
0.065, 0.0638, 89.4, 94.3, 103, 110.4, 114.8, 123.3, 130.8, 137.1, 
147.3, 149.1, 156.8, 1, 1, 1, 1, 1, 1, 1, 1, 1, 1, 1, 1, 1, 1, 
1, 1, 1, 1, 1, 1, 1, 1, 1, 1, 1, 1, 1, 1, 1, 1, 1, 1, 1, 1, 1, 
1, 1, 1, 1, 1, 1, 1, 1, 1, 3.35, 3.311, 3.345, 3.325, 3.294, 
3.921, 3.968, 4.319, 4.483, 4.368, 3.989), .Dim = c(11L, 40L), .Dimnames = list(
    NULL, c("Sampling", "PSO.cost", "PSO.gamma", "PSO.data.balancing", 
    "PSO.feature.selection", "PSO.valid.acc", "PSO.test.acc", 
    "PSO.train.time", "PSO.n.support.vectors", "PSO.index", "PSO.n.solutions", 
    "PSO.generations", "PSO.n.evaluations", "PSO.cpu.time", "RS.cost", 
    "RS.gamma", "RS.data.balancing", "RS.feature.selection", 
    "RS.valid.acc", "RS.test.acc", "RS.train.time", "RS.n.support.vectors", 
    "RS.index", "RS.n.solutions", "RS.generations", "RS.n.evaluations", 
    "RS.cpu.time", "DF.cost", "DF.gamma", "DF.data.balancing", 
    "DF.feature.selection", "DF.valid.acc", "DF.test.acc", "DF.train.time", 
    "DF.n.support.vectors", "DF.index", "DF.n.solutions", "DF.generations", 
    "DF.n.evaluations", "DF.cpu.time")))
