full <-
structure(c(50, 55, 60, 65, 70, 75, 80, 85, 90, 95, 100, 0.05298, 
9.10232, 0.57986, 1.54859, 6.59488, 0.77072, 0.46505, 1.82005, 
1.59128, 1.13586, 2.03457, -4.12935, -12.97146, -3.73929, -5.05238, 
-10.73016, -5.49761, -4.33415, -5.68731, -5.32518, -3.26218, 
-3.40955, 0, 0, 0, 0, 0, 0, 0, 0, 0, 0, 0, 0, 0, 0, 0, 0, 0, 
0, 0, 0, 0, 0, 0.82012, 0.84289, 0.85619, 0.85079, 0.86422, 0.85415, 
0.85022, 0.85842, 0.84815, 0.85628, 0.87309, 0.81298, 0.83039, 
0.84508, 0.82474, 0.84517, 0.83617, 0.82936, 0.83872, 0.83704, 
0.84581, 0.85341, 0.0377, 0.0335, 0.0424, 0.0441, 0.0374, 0.0442, 
0.0517, 0.0501, 0.0513, 0.0632, 0.0685, 98.3, 73.1, 118.9, 100.4, 
84.7, 115.8, 134.1, 118.3, 129.1, 185.2, 184.1, 243, 912, 1086, 
269, 3, 674, 304, 998, 449, 292, 341, 1099, 28, 163, 807, 165, 
136, 552, 102, 485, 543, 721, 100, 100, 100, 100, 100, 100, 100, 
100, 100, 100, 100, 2500, 2500, 2500, 2500, 2500, 2500, 2500, 
2500, 2500, 2500, 2500, 9244.374, 9126.712, 9192.608, 9124.283, 
9073.216, 9083.28899999999, 9172.246, 9113.995, 9027.72200000001, 
9227.054, 9039.00400000002, -0.3154, 9.465, 1.23833, 0.18889, 
5.33803, 0.78774, 0.55053, 1.12757, 2.69878, 0.41409, 2.66221, 
-3.50827, -13.66319, -4.46085, -3.00065, -9.44202, -5.51059, 
-4.67555, -5.01695, -5.091, -3.85854, -3.39631, 0, 0, 0, 0, 0, 
0, 0, 0, 0, 0, 0, 0, 0, 0, 0, 0, 0, 0, 0, 0, 0, 0, 0.82012, 0.84252, 
0.85093, 0.84605, 0.86422, 0.85415, 0.85022, 0.85458, 0.84444, 
0.85308, 0.86986, 0.80631, 0.83039, 0.84541, 0.85632, 0.83565, 
0.83617, 0.8337, 0.83904, 0.82593, 0.83879, 0.85008, 0.0376, 
0.0369, 0.0397, 0.0454, 0.0405, 0.0448, 0.049, 0.0541, 0.053, 
0.0626, 0.0671, 106.8, 74.8, 105.2, 140.2, 85.8, 115.9, 129.2, 
128, 127.2, 167.6, 183, 14, 1697, 393, 371, 171, 2401, 218, 293, 
49, 1475, 1692, 8, 1, 6, 1, 7, 1, 2, 1, 5, 1, 1, 100, 100, 100, 
100, 100, 100, 100, 100, 100, 100, 100, 2500, 2500, 2500, 2500, 
2500, 2500, 2500, 2500, 2500, 2500, 2500, 9152.068, 9175.245, 
9142.208, 9174.328, 9151.46399999999, 9161.37199999999, 9197.046, 
9283.94099999999, 9204.25899999999, 9008.08499999999, 8849.46699999998, 
1, 1, 1, 1, 1, 1, 1, 1, 1, 1, 1, 0.03704, 0.03704, 0.03704, 0.03704, 
0.03704, 0.03704, 0.03704, 0.03704, 0.03704, 0.03704, 0.03704, 
0, 0, 0, 0, 0, 0, 0, 0, 0, 0, 0, 0, 0, 0, 0, 0, 0, 0, 0, 0, 0, 
0, 0.80012, 0.81891, 0.82374, 0.83526, 0.8445, 0.83617, 0.83354, 
0.84255, 0.82593, 0.84249, 0.83964, 0.80631, 0.81928, 0.81818, 
0.83026, 0.83974, 0.82727, 0.83387, 0.83118, 0.82963, 0.83534, 
0.83997, 0.0367, 0.0354, 0.0419, 0.0403, 0.041, 0.0493, 0.0508, 
0.057, 0.0549, 0.0594, 0.06, 94.1, 100.6, 106.1, 109.4, 115.7, 
127.1, 132.4, 137.6, 145.7, 151.9, 155, 1, 1, 1, 1, 1, 1, 1, 
1, 1, 1, 1, 1, 1, 1, 1, 1, 1, 1, 1, 1, 1, 1, 1, 1, 1, 1, 1, 1, 
1, 1, 1, 1, 1, 1, 1, 1, 1, 1, 1, 1, 1, 1, 1, 1, 3.632, 3.651, 
3.692, 3.545, 3.552, 3.579, 3.643, 3.633, 3.618, 3.545, 3.526
), .Dim = c(11L, 40L), .Dimnames = list(NULL, c("Sampling", "PSO.cost", 
"PSO.gamma", "PSO.data.balancing", "PSO.feature.selection", "PSO.valid.acc", 
"PSO.test.acc", "PSO.train.time", "PSO.n.support.vectors", "PSO.index", 
"PSO.n.solutions", "PSO.generations", "PSO.n.evaluations", "PSO.cpu.time", 
"RS.cost", "RS.gamma", "RS.data.balancing", "RS.feature.selection", 
"RS.valid.acc", "RS.test.acc", "RS.train.time", "RS.n.support.vectors", 
"RS.index", "RS.n.solutions", "RS.generations", "RS.n.evaluations", 
"RS.cpu.time", "DF.cost", "DF.gamma", "DF.data.balancing", "DF.feature.selection", 
"DF.valid.acc", "DF.test.acc", "DF.train.time", "DF.n.support.vectors", 
"DF.index", "DF.n.solutions", "DF.generations", "DF.n.evaluations", 
"DF.cpu.time")))
