full <-
structure(c(50, 55, 60, 65, 70, 75, 80, 85, 90, 95, 100, 0.19424, 
0.52491, 3.17516, 0.62239, -0.37394, 11.64457, 1.23387, 0.7508, 
1.05001, 1.6325, 1.59056, -6.45609, -4.80796, -10.48158, -4.12982, 
-3.84663, -15, -4.56391, -2.44891, -2.57034, -4.4713, -3.64948, 
0, 0, 0, 0, 0, 0, 0, 0, 0, 0, 0, 0, 0, 0, 0, 0, 0, 0, 0, 0, 0, 
0, 0.8603, 0.85331, 0.85519, 0.83079, 0.8345, 0.83687, 0.84159, 
0.84815, 0.84815, 0.85985, 0.86697, 0.84738, 0.85331, 0.83882, 
0.81026, 0.81524, 0.79317, 0.83743, 0.84046, 0.82963, 0.83892, 
0.84342, 0.0353, 0.0385, 0.0395, 0.041, 0.0479, 0.0426, 0.0497, 
0.063, 0.0658, 0.0607, 0.0658, 89.2, 94.1, 113.1, 120.2, 135.7, 
88.6, 128.6, 189.3, 197.5, 146.5, 177.9, 100, 175, 1033, 1836, 
450, 308, 2190, 1436, 759, 182, 604, 192, 204, 32, 2, 309, 120, 
1, 52, 448, 155, 227, 100, 100, 100, 100, 100, 100, 100, 100, 
100, 100, 100, 2500, 2500, 2500, 2500, 2500, 2500, 2500, 2500, 
2500, 2500, 2500, 9166.427, 9181.459, 9218.15100000001, 9193.581, 
9270.391, 9069.54299999999, 9239.35400000001, 9368.81600000001, 
9525.43100000001, 9370.66, 9107.03100000002, 0.2528, 0.49504, 
6.3067, 0.32765, -0.07588, 0.03634, 0.83171, 0.1244, 1.2863, 
1.88905, 1.06934, -6.58499, -4.83072, -13.64327, -4.40111, -3.41097, 
-2.93246, -8.13893, -4.15846, -2.58786, -4.59782, -3.99434, 0, 
0, 0, 0, 0, 0, 0, 0, 0, 0, 0, 0, 0, 0, 0, 0, 0, 0, 0, 0, 0, 0, 
0.8603, 0.85331, 0.85519, 0.83053, 0.82974, 0.83648, 0.83361, 
0.84477, 0.84815, 0.8564, 0.86042, 0.84071, 0.85331, 0.83882, 
0.82026, 0.81548, 0.83628, 0.83378, 0.82908, 0.82963, 0.84236, 
0.85687, 0.0387, 0.0399, 0.0396, 0.0428, 0.0533, 0.0541, 0.0515, 
0.0532, 0.0676, 0.0569, 0.068, 89.4, 94.2, 113.2, 116.4, 143.4, 
162.8, 144.2, 148.2, 196.8, 142.4, 167.9, 554, 1688, 443, 216, 
1836, 1291, 29, 488, 496, 984, 1890, 1, 1, 6, 1, 1, 2, 5, 3, 
1, 1, 1, 100, 100, 100, 100, 100, 100, 100, 100, 100, 100, 100, 
2500, 2500, 2500, 2500, 2500, 2500, 2500, 2500, 2500, 2500, 2500, 
9087.296, 9165.164, 9200.323, 9225.28800000001, 9228.122, 9193.289, 
9239.23700000001, 9317.391, 9257.84400000001, 9230.79500000001, 
8930.057, 1, 1, 1, 1, 1, 1, 1, 1, 1, 1, 1, 0.03704, 0.03704, 
0.03704, 0.03704, 0.03704, 0.03704, 0.03704, 0.03704, 0.03704, 
0.03704, 0.03704, 0, 0, 0, 0, 0, 0, 0, 0, 0, 0, 0, 0, 0, 0, 0, 
0, 0, 0, 0, 0, 0, 0, 0.85363, 0.84081, 0.83882, 0.82526, 0.81524, 
0.82246, 0.82093, 0.82923, 0.82593, 0.84224, 0.84031, 0.85363, 
0.84118, 0.82245, 0.82026, 0.81026, 0.80942, 0.82509, 0.82108, 
0.81852, 0.84581, 0.84031, 0.0346, 0.036, 0.0386, 0.0422, 0.0452, 
0.0478, 0.0483, 0.0501, 0.0561, 0.0573, 0.0614, 89.3, 97.3, 106.3, 
115.5, 122.9, 128.3, 133, 140.6, 147.5, 152.9, 154.5, 1, 1, 1, 
1, 1, 1, 1, 1, 1, 1, 1, 1, 1, 1, 1, 1, 1, 1, 1, 1, 1, 1, 1, 1, 
1, 1, 1, 1, 1, 1, 1, 1, 1, 1, 1, 1, 1, 1, 1, 1, 1, 1, 1, 1, 3.629, 
3.652, 3.627, 3.573, 3.601, 3.701, 3.716, 3.713, 3.613, 3.457, 
3.509), .Dim = c(11L, 40L), .Dimnames = list(NULL, c("Sampling", 
"PSO.cost", "PSO.gamma", "PSO.data.balancing", "PSO.feature.selection", 
"PSO.valid.acc", "PSO.test.acc", "PSO.train.time", "PSO.n.support.vectors", 
"PSO.index", "PSO.n.solutions", "PSO.generations", "PSO.n.evaluations", 
"PSO.cpu.time", "RS.cost", "RS.gamma", "RS.data.balancing", "RS.feature.selection", 
"RS.valid.acc", "RS.test.acc", "RS.train.time", "RS.n.support.vectors", 
"RS.index", "RS.n.solutions", "RS.generations", "RS.n.evaluations", 
"RS.cpu.time", "DF.cost", "DF.gamma", "DF.data.balancing", "DF.feature.selection", 
"DF.valid.acc", "DF.test.acc", "DF.train.time", "DF.n.support.vectors", 
"DF.index", "DF.n.solutions", "DF.generations", "DF.n.evaluations", 
"DF.cpu.time")))
