full <-
structure(c(50, 55, 60, 65, 70, 75, 80, 85, 90, 95, 100, 1.03692, 
6.58701, 1.26251, 5.84514, 1.61875, 1.55488, 3.81428, 14.83372, 
0.7137, 0.87127, 0.84186, -3.93134, -3.27243, -3.62926, -8.45452, 
-3.60651, -4.07075, -4.98639, -15, -3.96845, -3.03231, -4.31667, 
0, 0, 0, 0, 0, 0, 0, 0, 0, 0, 0, 0, 0, 0, 0, 0, 0, 0, 0, 0, 0, 
0, 0.88732, 0.88456, 0.89398, 0.86737, 0.88134, 0.88004, 0.87079, 
0.87953, 0.87058, 0.8633, 0.84974, 0.86643, 0.87243, 0.88287, 
0.83079, 0.88134, 0.85296, 0.85012, 0.84797, 0.85206, 0.84544, 
0.83618, 0.0341, 0.0397, 0.0382, 0.0357, 0.0449, 0.0501, 0.0488, 
0.0514, 0.0621, 0.072, 0.0666, 95, 113, 113.1, 66.1, 131.5, 126.5, 
103.9, 68.2, 153.8, 193.3, 159.4, 676, 75, 907, 175, 266, 370, 
413, 749, 422, 1523, 320, 197, 1263, 312, 62, 459, 54, 430, 111, 
825, 15, 147, 100, 100, 100, 100, 100, 100, 100, 100, 100, 100, 
100, 2500, 2500, 2500, 2500, 2500, 2500, 2500, 2500, 2500, 2500, 
2500, 7122.832, 7121.665, 7238.202, 7265.214, 7495.234, 7695.06899999999, 
7776.76299999999, 7834.408, 8166.32399999999, 8398.15400000001, 
8304.99900000001, 0.02834, 12.37784, 12.95607, 5.95094, 1.82009, 
0.44465, 3.55149, 14.53276, 0.8362, 0.82168, 0.37283, -5.02588, 
-3.03109, -13.2251, -8.54299, -3.43545, -3.37072, -5.08855, -14.69863, 
-4.10821, -3.0552, -4.54824, 0, 0, 0, 0, 0, 0, 0, 0, 0, 0, 0, 
0, 0, 0, 0, 0, 0, 0, 0, 0, 0, 0, 0.88643, 0.88456, 0.88846, 0.86737, 
0.88134, 0.87569, 0.87079, 0.87953, 0.86303, 0.85973, 0.84641, 
0.86018, 0.86618, 0.85415, 0.83579, 0.88134, 0.84881, 0.84596, 
0.84797, 0.84821, 0.84544, 0.85308, 0.0319, 0.0377, 0.034, 0.0362, 
0.0458, 0.0533, 0.0439, 0.0517, 0.0597, 0.072, 0.0613, 82.1, 
118.6, 43.8, 66.1, 135.1, 148.5, 103.1, 68.4, 149.4, 191.9, 155.5, 
166, 129, 641, 884, 191, 2492, 2139, 2079, 2357, 251, 339, 4, 
47, 1, 3, 2, 1, 1, 1, 1, 1, 4, 100, 100, 100, 100, 100, 100, 
100, 100, 100, 100, 100, 2500, 2500, 2500, 2500, 2500, 2500, 
2500, 2500, 2500, 2500, 2500, 7017.209, 7208.085, 7228.806, 7444.263, 
7518.27699999999, 7635.91, 7737.871, 8018.02499999999, 8171.55900000001, 
8314.122, 8112.94500000001, 1, 1, 1, 1, 1, 1, 1, 1, 1, 1, 1, 
0.03704, 0.03704, 0.03704, 0.03704, 0.03704, 0.03704, 0.03704, 
0.03704, 0.03704, 0.03704, 0.03704, 0, 0, 0, 0, 0, 0, 0, 0, 0, 
0, 0, 0, 0, 0, 0, 0, 0, 0, 0, 0, 0, 0, 0.88643, 0.86066, 0.87202, 
0.86184, 0.86225, 0.84387, 0.85412, 0.85567, 0.84835, 0.8351, 
0.83974, 0.8731, 0.84853, 0.8609, 0.86684, 0.86201, 0.83933, 
0.85394, 0.85165, 0.84492, 0.84187, 0.84975, 0.0333, 0.0365, 
0.0367, 0.0381, 0.044, 0.0474, 0.0474, 0.0531, 0.0556, 0.0604, 
0.0649, 85.4, 91.6, 94.5, 107.9, 116.6, 124.2, 129.8, 133, 140.8, 
149.8, 156.2, 1, 1, 1, 1, 1, 1, 1, 1, 1, 1, 1, 1, 1, 1, 1, 1, 
1, 1, 1, 1, 1, 1, 1, 1, 1, 1, 1, 1, 1, 1, 1, 1, 1, 1, 1, 1, 1, 
1, 1, 1, 1, 1, 1, 1, 2.911, 2.977, 2.964, 2.814, 3.104, 3.104, 
2.943, 3.237, 3.19, 3.23, 3.297), .Dim = c(11L, 40L), .Dimnames = list(
    NULL, c("Sampling", "PSO.cost", "PSO.gamma", "PSO.data.balancing", 
    "PSO.feature.selection", "PSO.valid.acc", "PSO.test.acc", 
    "PSO.train.time", "PSO.n.support.vectors", "PSO.index", "PSO.n.solutions", 
    "PSO.generations", "PSO.n.evaluations", "PSO.cpu.time", "RS.cost", 
    "RS.gamma", "RS.data.balancing", "RS.feature.selection", 
    "RS.valid.acc", "RS.test.acc", "RS.train.time", "RS.n.support.vectors", 
    "RS.index", "RS.n.solutions", "RS.generations", "RS.n.evaluations", 
    "RS.cpu.time", "DF.cost", "DF.gamma", "DF.data.balancing", 
    "DF.feature.selection", "DF.valid.acc", "DF.test.acc", "DF.train.time", 
    "DF.n.support.vectors", "DF.index", "DF.n.solutions", "DF.generations", 
    "DF.n.evaluations", "DF.cpu.time")))
