full <-
structure(c(50, 55, 60, 65, 70, 75, 80, 85, 90, 95, 100, 0.14767, 
0.73189, 15, 7.76125, 0.0017, 0.93024, 1.23504, 1.37903, 1.05196, 
1.41176, 1.87327, -2.99721, -3.15631, -2.71469, -3.09135, -3.35919, 
-2.81195, -3.57323, -4.1633, -3.88215, -4.27466, -3.6773, 0, 
0, 0, 0, 0, 0, 0, 0, 0, 0, 0, 0, 0, 0, 0, 0, 0, 0, 0, 0, 0, 0, 
0.82649, 0.8364, 0.8176, 0.83198, 0.83797, 0.85771, 0.85464, 
0.87132, 0.86962, 0.87339, 0.85333, 0.8122, 0.81801, 0.81237, 
0.81069, 0.82844, 0.83992, 0.85499, 0.85592, 0.8736, 0.86661, 
0.84667, 0.0371, 0.0426, 0.0457, 0.0466, 0.0498, 0.0546, 0.0564, 
0.0557, 0.0615, 0.0616, 0.0719, 112.6, 118.8, 136.9, 139.4, 144.5, 
165.8, 150.1, 140.6, 156.3, 146.8, 173.8, 590, 1129, 635, 238, 
364, 93, 390, 454, 336, 590, 338, 515, 74, 755, 1106, 135, 575, 
648, 539, 814, 668, 291, 100, 100, 100, 100, 100, 100, 100, 100, 
100, 100, 100, 2500, 2500, 2500, 2500, 2500, 2500, 2500, 2500, 
2500, 2500, 2500, 8428.746, 8441.206, 8443.476, 8328.153, 8054.30900000001, 
8338.511, 8394.81600000001, 8433.992, 8587.796, 8681.70499999999, 
8971.30499999999, 0.07624, 0.90263, 13.56696, 6.8017, 0.22805, 
0.60385, 1.1182, 1.99989, 1.05823, 1.09361, 2.66794, -3.01118, 
-3.14411, -2.68267, -3.13299, -2.94638, -2.74292, -5.14463, -4.21509, 
-3.93608, -4.38255, -3.64146, 0, 0, 0, 0, 0, 0, 0, 0, 0, 0, 0, 
0, 0, 0, 0, 0, 0, 0, 0, 0, 0, 0, 0.82649, 0.83015, 0.8176, 0.83198, 
0.83797, 0.85336, 0.85083, 0.87116, 0.86962, 0.86993, 0.84667, 
0.80554, 0.81801, 0.81237, 0.81595, 0.81392, 0.84427, 0.85464, 
0.85977, 0.86989, 0.8772, 0.83667, 0.0394, 0.0401, 0.0415, 0.0452, 
0.0527, 0.0558, 0.0486, 0.056, 0.0615, 0.0593, 0.0714, 112.4, 
118.6, 137.3, 138.3, 153.3, 168.2, 119.6, 137.4, 154.4, 144.7, 
173.7, 985, 1147, 69, 207, 583, 1819, 1224, 1202, 540, 1053, 
605, 2, 3, 5, 15, 1, 1, 1, 1, 2, 1, 4, 100, 100, 100, 100, 100, 
100, 100, 100, 100, 100, 100, 2500, 2500, 2500, 2500, 2500, 2500, 
2500, 2500, 2500, 2500, 2500, 8410.515, 8288.201, 8442.433, 7939.67400000001, 
7964.219, 8296.28200000001, 8384.473, 8498.66399999999, 8599.18599999999, 
8818.34900000002, 8800.288, 1, 1, 1, 1, 1, 1, 1, 1, 1, 1, 1, 
0.03704, 0.03704, 0.03704, 0.03704, 0.03704, 0.03704, 0.03704, 
0.03704, 0.03704, 0.03704, 0.03704, 0, 0, 0, 0, 0, 0, 0, 0, 0, 
0, 0, 0, 0, 0, 0, 0, 0, 0, 0, 0, 0, 0, 0.78643, 0.80625, 0.79904, 
0.79543, 0.81913, 0.83083, 0.83743, 0.85116, 0.84382, 0.85553, 
0.83, 0.78548, 0.79412, 0.78884, 0.81071, 0.80485, 0.83063, 0.85048, 
0.84761, 0.83999, 0.85934, 0.83333, 0.0359, 0.035, 0.0384, 0.0406, 
0.0446, 0.0476, 0.0501, 0.0536, 0.0563, 0.0598, 0.063, 94, 100.9, 
107.5, 116.9, 121.4, 127.6, 132.3, 138.5, 142.3, 146.8, 155.6, 
1, 1, 1, 1, 1, 1, 1, 1, 1, 1, 1, 1, 1, 1, 1, 1, 1, 1, 1, 1, 1, 
1, 1, 1, 1, 1, 1, 1, 1, 1, 1, 1, 1, 1, 1, 1, 1, 1, 1, 1, 1, 1, 
1, 1, 3.296, 3.3, 3.341, 3.045, 3.16, 3.284, 3.326, 3.359, 3.427, 
3.481, 3.467), .Dim = c(11L, 40L), .Dimnames = list(NULL, c("Sampling", 
"PSO.cost", "PSO.gamma", "PSO.data.balancing", "PSO.feature.selection", 
"PSO.valid.acc", "PSO.test.acc", "PSO.train.time", "PSO.n.support.vectors", 
"PSO.index", "PSO.n.solutions", "PSO.generations", "PSO.n.evaluations", 
"PSO.cpu.time", "RS.cost", "RS.gamma", "RS.data.balancing", "RS.feature.selection", 
"RS.valid.acc", "RS.test.acc", "RS.train.time", "RS.n.support.vectors", 
"RS.index", "RS.n.solutions", "RS.generations", "RS.n.evaluations", 
"RS.cpu.time", "DF.cost", "DF.gamma", "DF.data.balancing", "DF.feature.selection", 
"DF.valid.acc", "DF.test.acc", "DF.train.time", "DF.n.support.vectors", 
"DF.index", "DF.n.solutions", "DF.generations", "DF.n.evaluations", 
"DF.cpu.time")))
