full <-
structure(c(50, 55, 60, 65, 70, 75, 80, 85, 90, 95, 100, 2.0263, 
0.63597, 0.06353, -0.1089, 0.5716, 0.46431, 1.48157, 1.48764, 
0.42797, 1.72319, 0.95872, -3.10753, -5.48898, -5.0703, -5.75814, 
-2.6583, -2.30188, -2.78276, -3.32707, -3.56547, -3.28775, -3.29483, 
0, 0, 0, 0, 0, 0, 0, 0, 0, 0, 0, 0, 0, 0, 0, 0, 0, 0, 0, 0, 0, 
0, 0.84833, 0.84971, 0.83385, 0.84711, 0.85675, 0.8504, 0.84215, 
0.84362, 0.85169, 0.8601, 0.8702, 0.81452, 0.82402, 0.80019, 
0.83711, 0.84745, 0.8419, 0.83799, 0.83176, 0.84441, 0.83559, 
0.85686, 0.0393, 0.0371, 0.0393, 0.0406, 0.0513, 0.0559, 0.0602, 
0.0615, 0.0641, 0.0738, 0.0747, 106.4, 91.9, 106.2, 110.7, 157.8, 
171.9, 175.8, 165, 167.9, 179.9, 192.4, 1194, 1093, 268, 407, 
469, 1623, 26, 113, 1034, 555, 875, 63, 198, 174, 400, 682, 5, 
1170, 516, 37, 379, 482, 100, 100, 100, 100, 100, 100, 100, 100, 
100, 100, 100, 2500, 2500, 2500, 2500, 2500, 2500, 2500, 2500, 
2500, 2500, 2500, 8107.449, 8077.954, 8153.431, 8399.069, 8515.78200000001, 
8472.45400000001, 8617.35100000001, 8948.838, 9135.92199999999, 
8964.45699999999, 8803.10200000001, 11.52198, 1.11122, -0.08115, 
0.62611, 1.13529, 0.77542, 1.46463, 2.05154, 2.29788, 1.71332, 
0.93973, -3.09113, -5.54667, -5.21513, -6.69262, -2.57396, -2.48307, 
-3.54042, -3.31063, -2.45516, -3.06042, -3.38644, 0, 0, 0, 0, 
0, 0, 0, 0, 0, 0, 0, 0, 0, 0, 0, 0, 0, 0, 0, 0, 0, 0, 0.84167, 
0.84346, 0.83385, 0.84684, 0.85221, 0.8419, 0.84579, 0.84362, 
0.84799, 0.85665, 0.86675, 0.82119, 0.83583, 0.79431, 0.83711, 
0.84721, 0.84644, 0.82096, 0.83945, 0.84058, 0.84594, 0.86019, 
0.0396, 0.0379, 0.0388, 0.0413, 0.0515, 0.0587, 0.0544, 0.0618, 
0.0696, 0.0703, 0.078, 106.8, 89.1, 106.5, 107, 159.2, 170.6, 
148.3, 164.7, 202.6, 189.8, 189.6, 438, 246, 1502, 1751, 153, 
30, 842, 1081, 367, 73, 688, 6, 2, 1, 1, 5, 6, 3, 1, 9, 1, 1, 
100, 100, 100, 100, 100, 100, 100, 100, 100, 100, 100, 2500, 
2500, 2500, 2500, 2500, 2500, 2500, 2500, 2500, 2500, 2500, 8108.525, 
8199.322, 8453.06, 8527.099, 8490.55200000001, 8327.632, 8838.334, 
8834.69500000001, 8719.55900000001, 8793.08599999998, 8692.02500000002, 
1, 1, 1, 1, 1, 1, 1, 1, 1, 1, 1, 0.03704, 0.03704, 0.03704, 0.03704, 
0.03704, 0.03704, 0.03704, 0.03704, 0.03704, 0.03704, 0.03704, 
0, 0, 0, 0, 0, 0, 0, 0, 0, 0, 0, 0, 0, 0, 0, 0, 0, 0, 0, 0, 0, 
0, 0.82167, 0.83027, 0.82274, 0.82658, 0.81883, 0.82411, 0.83362, 
0.8231, 0.83673, 0.83559, 0.84652, 0.815, 0.83064, 0.8113, 0.82658, 
0.81859, 0.81542, 0.82912, 0.81974, 0.83316, 0.83227, 0.8333, 
0.0348, 0.0367, 0.0405, 0.0412, 0.0445, 0.0466, 0.049, 0.0537, 
0.0559, 0.0591, 0.0637, 92.5, 98.9, 107.8, 112.3, 118.7, 123.3, 
131.8, 140.5, 145.6, 150.7, 158, 1, 1, 1, 1, 1, 1, 1, 1, 1, 1, 
1, 1, 1, 1, 1, 1, 1, 1, 1, 1, 1, 1, 1, 1, 1, 1, 1, 1, 1, 1, 1, 
1, 1, 1, 1, 1, 1, 1, 1, 1, 1, 1, 1, 1, 3.177, 3.258, 3.298, 3.421, 
3.376, 3.296, 3.484, 3.541, 3.276, 3.238, 3.378), .Dim = c(11L, 
40L), .Dimnames = list(NULL, c("Sampling", "PSO.cost", "PSO.gamma", 
"PSO.data.balancing", "PSO.feature.selection", "PSO.valid.acc", 
"PSO.test.acc", "PSO.train.time", "PSO.n.support.vectors", "PSO.index", 
"PSO.n.solutions", "PSO.generations", "PSO.n.evaluations", "PSO.cpu.time", 
"RS.cost", "RS.gamma", "RS.data.balancing", "RS.feature.selection", 
"RS.valid.acc", "RS.test.acc", "RS.train.time", "RS.n.support.vectors", 
"RS.index", "RS.n.solutions", "RS.generations", "RS.n.evaluations", 
"RS.cpu.time", "DF.cost", "DF.gamma", "DF.data.balancing", "DF.feature.selection", 
"DF.valid.acc", "DF.test.acc", "DF.train.time", "DF.n.support.vectors", 
"DF.index", "DF.n.solutions", "DF.generations", "DF.n.evaluations", 
"DF.cpu.time")))
