full <-
structure(c(50, 55, 60, 65, 70, 75, 80, 85, 90, 95, 100, 0.64531, 
1.14494, 3.47974, 1.46396, 1.65272, 1.00379, 1.83309, 2.81729, 
1.00874, 2.77226, 1.65809, -2.88166, -3.02045, -7.0872, -4.35231, 
-4.89055, -3.92001, -4.38058, -4.34406, -3.62051, -3.8422, -3.48589, 
0, 0, 0, 0, 0, 0, 0, 0, 0, 0, 0, 0, 0, 0, 0, 0, 0, 0, 0, 0, 0, 
0, 0.8178, 0.83799, 0.83342, 0.85605, 0.85753, 0.85257, 0.87488, 
0.87, 0.85178, 0.87365, 0.86697, 0.79155, 0.81855, 0.80466, 0.83026, 
0.85253, 0.84802, 0.85873, 0.85431, 0.84478, 0.86293, 0.85386, 
0.0374, 0.0406, 0.035, 0.0426, 0.0418, 0.0512, 0.0522, 0.0556, 
0.0629, 0.0622, 0.0712, 113.9, 121.3, 81.4, 113.1, 109.8, 135.4, 
129.9, 135.8, 170.3, 158.9, 182.3, 1300, 1349, 110, 1717, 1505, 
389, 667, 996, 1124, 1002, 492, 100, 49, 303, 24, 24, 459, 562, 
70, 21, 199, 127, 100, 100, 100, 100, 100, 100, 100, 100, 100, 
100, 100, 2500, 2500, 2500, 2500, 2500, 2500, 2500, 2500, 2500, 
2500, 2500, 9251.418, 9230.196, 9123.644, 9116.169, 9083.515, 
9194.69499999999, 9223.378, 9322.04100000001, 9329.38200000001, 
9231.902, 9195.342, 0.68187, 13.34144, 4.1601, 1.88458, 0.78972, 
0.53081, 1.76007, 2.09822, 1.67478, 2.40455, 2.36726, -2.91254, 
-3.05572, -7.47742, -4.55118, -5.50148, -4.1835, -3.93342, -4.36242, 
-5.50063, -3.85271, -3.61457, 0, 0, 0, 0, 0, 0, 0, 0, 0, 0, 0, 
0, 0, 0, 0, 0, 0, 0, 0, 0, 0, 0, 0.81113, 0.83693, 0.83342, 0.85132, 
0.85751, 0.84842, 0.8709, 0.86231, 0.85152, 0.8702, 0.86019, 
0.79155, 0.80641, 0.81054, 0.83026, 0.84777, 0.85711, 0.85438, 
0.85046, 0.8478, 0.8734, 0.84707, 0.0368, 0.0377, 0.0359, 0.0397, 
0.0397, 0.0513, 0.0509, 0.0576, 0.052, 0.0691, 0.0689, 113.7, 
120, 77.3, 108.5, 112.6, 132.8, 140.9, 136.3, 125.4, 160.5, 175, 
1934, 190, 38, 987, 235, 1030, 54, 526, 1403, 1487, 1001, 1, 
2, 12, 1, 3, 3, 3, 1, 2, 2, 2, 100, 100, 100, 100, 100, 100, 
100, 100, 100, 100, 100, 2500, 2500, 2500, 2500, 2500, 2500, 
2500, 2500, 2500, 2500, 2500, 9118.07, 9141.874, 9121.782, 9169.05899999999, 
9161.96299999999, 9174.094, 9217.42899999999, 9316.67199999999, 
9468.44799999997, 9147.84399999998, 9225.82000000001, 1, 1, 1, 
1, 1, 1, 1, 1, 1, 1, 1, 0.03704, 0.03704, 0.03704, 0.03704, 0.03704, 
0.03704, 0.03704, 0.03704, 0.03704, 0.03704, 0.03704, 0, 0, 0, 
0, 0, 0, 0, 0, 0, 0, 0, 0, 0, 0, 0, 0, 0, 0, 0, 0, 0, 0, 0.78357, 
0.80237, 0.82165, 0.82947, 0.84344, 0.84407, 0.83423, 0.85092, 
0.84452, 0.84914, 0.8433, 0.78982, 0.802, 0.7994, 0.82447, 0.83825, 
0.85277, 0.84223, 0.85477, 0.84067, 0.85603, 0.84363, 0.0356, 
0.0372, 0.0415, 0.0407, 0.0436, 0.0461, 0.0505, 0.0542, 0.0564, 
0.0603, 0.0584, 100.4, 107.2, 112.6, 117.4, 124.1, 126.9, 132.9, 
139.3, 147.7, 151.2, 156.6, 1, 1, 1, 1, 1, 1, 1, 1, 1, 1, 1, 
1, 1, 1, 1, 1, 1, 1, 1, 1, 1, 1, 1, 1, 1, 1, 1, 1, 1, 1, 1, 1, 
1, 1, 1, 1, 1, 1, 1, 1, 1, 1, 1, 1, 3.649, 3.652, 3.683, 3.675, 
3.514, 3.65, 3.562, 3.764, 3.666, 3.613, 3.614), .Dim = c(11L, 
40L), .Dimnames = list(NULL, c("Sampling", "PSO.cost", "PSO.gamma", 
"PSO.data.balancing", "PSO.feature.selection", "PSO.valid.acc", 
"PSO.test.acc", "PSO.train.time", "PSO.n.support.vectors", "PSO.index", 
"PSO.n.solutions", "PSO.generations", "PSO.n.evaluations", "PSO.cpu.time", 
"RS.cost", "RS.gamma", "RS.data.balancing", "RS.feature.selection", 
"RS.valid.acc", "RS.test.acc", "RS.train.time", "RS.n.support.vectors", 
"RS.index", "RS.n.solutions", "RS.generations", "RS.n.evaluations", 
"RS.cpu.time", "DF.cost", "DF.gamma", "DF.data.balancing", "DF.feature.selection", 
"DF.valid.acc", "DF.test.acc", "DF.train.time", "DF.n.support.vectors", 
"DF.index", "DF.n.solutions", "DF.generations", "DF.n.evaluations", 
"DF.cpu.time")))
