full <-
structure(c(50, 55, 60, 65, 70, 75, 80, 85, 90, 95, 100, 4.90871, 
1.813, -0.39591, -0.62479, 0.85771, 1.13119, 0.80712, 0.33132, 
0.54969, 0.95281, 1.53807, -9.67145, -2.61963, -3.39328, -5.14734, 
-4.97302, -4.31597, -4.33344, -4.53462, -4.01228, -4.25077, -4.13811, 
0, 0, 0, 0, 0, 0, 0, 0, 0, 0, 0, 0, 0, 0, 0, 0, 0, 0, 0, 0, 0, 
0, 0.8475, 0.85919, 0.87332, 0.85021, 0.871, 0.86265, 0.86667, 
0.86323, 0.8519, 0.84616, 0.86364, 0.83548, 0.81029, 0.83469, 
0.83016, 0.85693, 0.85375, 0.8625, 0.85138, 0.84051, 0.84247, 
0.85029, 0.0351, 0.0401, 0.0415, 0.0406, 0.0434, 0.0486, 0.0487, 
0.0527, 0.061, 0.0588, 0.0626, 67.9, 126, 125.1, 115.3, 111.2, 
128.6, 132.8, 139.2, 159.9, 157.8, 160, 6, 678, 1603, 780, 612, 
591, 1194, 358, 572, 294, 535, 196, 85, 29, 22, 232, 158, 123, 
512, 159, 293, 247, 100, 100, 100, 100, 100, 100, 100, 100, 100, 
100, 100, 2500, 2500, 2500, 2500, 2500, 2500, 2500, 2500, 2500, 
2500, 2500, 9071.38, 9185.993, 9117.09499999999, 9123.622, 9123.929, 
9251.60400000001, 9134.94, 8999.37099999998, 9065.80000000002, 
8780.60399999999, 8730.359, -0.5407, 1.81108, -0.34452, -0.6938, 
0.82506, 1.09395, 1.24044, 0.23134, 0.93414, 1.32147, 1.28174, 
-2.95849, -2.56149, -3.53742, -5.01733, -5.0099, -4.33828, -4.65479, 
-4.80925, -4.63729, -4.20388, -4.0478, 0, 0, 0, 0, 0, 0, 0, 0, 
0, 0, 0, 0, 0, 0, 0, 0, 0, 0, 0, 0, 0, 0, 0.85554, 0.85331, 0.86777, 
0.85071, 0.871, 0.86265, 0.8625, 0.85923, 0.8482, 0.84284, 0.86031, 
0.84214, 0.81029, 0.84025, 0.82516, 0.85693, 0.85375, 0.86667, 
0.85154, 0.8368, 0.84592, 0.84696, 0.0372, 0.0414, 0.0414, 0.0411, 
0.0414, 0.0478, 0.046, 0.0491, 0.0531, 0.0627, 0.0663, 114.2, 
126.6, 121.2, 116.3, 111.4, 128, 126, 136.9, 143.4, 155.6, 165.3, 
333, 196, 1105, 1356, 462, 1035, 1505, 2332, 1132, 582, 616, 
7, 3, 1, 1, 1, 1, 3, 1, 2, 1, 2, 100, 100, 100, 100, 100, 100, 
100, 100, 100, 100, 100, 2500, 2500, 2500, 2500, 2500, 2500, 
2500, 2500, 2500, 2500, 2500, 9102.481, 9048.192, 9087.378, 9146.937, 
9115.07500000001, 9136.111, 9137.98300000001, 9171.53899999999, 
8856.93899999998, 8681.77799999999, 8978.75899999999, 1, 1, 1, 
1, 1, 1, 1, 1, 1, 1, 1, 0.03704, 0.03704, 0.03704, 0.03704, 0.03704, 
0.03704, 0.03704, 0.03704, 0.03704, 0.03704, 0.03704, 0, 0, 0, 
0, 0, 0, 0, 0, 0, 0, 0, 0, 0, 0, 0, 0, 0, 0, 0, 0, 0, 0, 0.82298, 
0.82941, 0.84613, 0.83543, 0.85645, 0.84447, 0.84583, 0.84738, 
0.82996, 0.83569, 0.83341, 0.81673, 0.83529, 0.84613, 0.83492, 
0.84693, 0.85356, 0.85833, 0.85138, 0.84065, 0.82535, 0.83664, 
0.0399, 0.0376, 0.0368, 0.0416, 0.0434, 0.0477, 0.0503, 0.0529, 
0.0544, 0.057, 0.0626, 87.2, 94.4, 99.6, 111.4, 117.6, 125.5, 
130.9, 139.6, 148.5, 153.4, 156.4, 1, 1, 1, 1, 1, 1, 1, 1, 1, 
1, 1, 1, 1, 1, 1, 1, 1, 1, 1, 1, 1, 1, 1, 1, 1, 1, 1, 1, 1, 1, 
1, 1, 1, 1, 1, 1, 1, 1, 1, 1, 1, 1, 1, 1, 3.631, 3.626, 3.625, 
3.651, 3.651, 3.661, 3.681, 3.513, 3.476, 3.38, 3.604), .Dim = c(11L, 
40L), .Dimnames = list(NULL, c("Sampling", "PSO.cost", "PSO.gamma", 
"PSO.data.balancing", "PSO.feature.selection", "PSO.valid.acc", 
"PSO.test.acc", "PSO.train.time", "PSO.n.support.vectors", "PSO.index", 
"PSO.n.solutions", "PSO.generations", "PSO.n.evaluations", "PSO.cpu.time", 
"RS.cost", "RS.gamma", "RS.data.balancing", "RS.feature.selection", 
"RS.valid.acc", "RS.test.acc", "RS.train.time", "RS.n.support.vectors", 
"RS.index", "RS.n.solutions", "RS.generations", "RS.n.evaluations", 
"RS.cpu.time", "DF.cost", "DF.gamma", "DF.data.balancing", "DF.feature.selection", 
"DF.valid.acc", "DF.test.acc", "DF.train.time", "DF.n.support.vectors", 
"DF.index", "DF.n.solutions", "DF.generations", "DF.n.evaluations", 
"DF.cpu.time")))
