full <-
structure(c(50, 55, 60, 65, 70, 75, 80, 85, 90, 95, 100, 0.10204, 
1.41422, 5.56672, 3.64296, 6.32132, 1.25156, -0.03536, 1.0644, 
1.53286, 1.10051, 1.56806, -6.192, -5.88219, -9.23389, -3.61227, 
-12.84116, -7.71937, -6.73242, -4.56538, -5.31624, -4.22286, 
-4.60946, 0, 0, 0, 0, 0, 0, 0, 0, 0, 0, 0, 0, 0, 0, 0, 0, 0, 
0, 0, 0, 0, 0, 0.85982, 0.87206, 0.84508, 0.85132, 0.84208, 0.85663, 
0.86586, 0.87831, 0.8776, 0.86623, 0.8533, 0.85315, 0.84706, 
0.83394, 0.84026, 0.8516, 0.84277, 0.85734, 0.85492, 0.8702, 
0.85279, 0.84652, 0.0335, 0.0347, 0.0334, 0.0425, 0.0414, 0.0432, 
0.0463, 0.0494, 0.0508, 0.0631, 0.0662, 90.5, 84, 74.7, 123.9, 
116.6, 122.2, 135, 128.5, 121.5, 152.2, 150.1, 1847, 937, 138, 
883, 171, 828, 194, 229, 644, 556, 119, 19, 211, 442, 53, 45, 
126, 152, 785, 88, 399, 525, 100, 100, 100, 100, 100, 100, 100, 
100, 100, 100, 100, 2500, 2500, 2500, 2500, 2500, 2500, 2500, 
2500, 2500, 2500, 2500, 7276.142, 7323.195, 7427.103, 7792.427, 
7620.161, 7808.452, 7910.33900000001, 7981.39200000001, 8296.67, 
8561.68799999999, 8735.22899999999, 1.54226, 1.47496, 8.21746, 
3.75563, 5.56528, 1.05481, 0.86463, 1.06896, 1.43114, 0.79176, 
1.76537, -7.77661, -5.87343, -11.97389, -3.71137, -12.05682, 
-7.89488, -5.48902, -4.42322, -5.22463, -4.4262, -3.66468, 0, 
0, 0, 0, 0, 0, 0, 0, 0, 0, 0, 0, 0, 0, 0, 0, 0, 0, 0, 0, 0, 0, 
0.85315, 0.87206, 0.84508, 0.84632, 0.84208, 0.85643, 0.86169, 
0.87431, 0.8776, 0.85909, 0.85019, 0.83982, 0.84706, 0.83455, 
0.84026, 0.8516, 0.84319, 0.85352, 0.85492, 0.8739, 0.85612, 
0.84319, 0.0327, 0.0337, 0.0338, 0.0438, 0.0404, 0.0428, 0.0469, 
0.0513, 0.0544, 0.0613, 0.0724, 88, 84.1, 73.1, 121.8, 116.2, 
128.4, 115.5, 132, 123.6, 149.1, 177.5, 635, 1965, 94, 614, 28, 
833, 200, 2185, 937, 1568, 425, 8, 1, 44, 3, 21, 1, 3, 1, 1, 
3, 1, 100, 100, 100, 100, 100, 100, 100, 100, 100, 100, 100, 
2500, 2500, 2500, 2500, 2500, 2500, 2500, 2500, 2500, 2500, 2500, 
7300.751, 7395.67, 7700.387, 7775.633, 7592.63800000001, 7920.601, 
8044.886, 8244.015, 8465.18899999998, 8768.00200000001, 8907.095, 
1, 1, 1, 1, 1, 1, 1, 1, 1, 1, 1, 0.03704, 0.03704, 0.03704, 0.03704, 
0.03704, 0.03704, 0.03704, 0.03704, 0.03704, 0.03704, 0.03704, 
0, 0, 0, 0, 0, 0, 0, 0, 0, 0, 0, 0, 0, 0, 0, 0, 0, 0, 0, 0, 0, 
0, 0.83315, 0.85956, 0.82253, 0.84, 0.83708, 0.83904, 0.86152, 
0.85092, 0.85167, 0.831, 0.82662, 0.81982, 0.85331, 0.82841, 
0.83, 0.8466, 0.83862, 0.84902, 0.84723, 0.85935, 0.84159, 0.82974, 
0.034, 0.0348, 0.0382, 0.0413, 0.0405, 0.0446, 0.0483, 0.05, 
0.0555, 0.0624, 0.0634, 91, 96.8, 105.9, 114.7, 119.7, 123, 128.2, 
133.8, 138.1, 148.3, 157, 1, 1, 1, 1, 1, 1, 1, 1, 1, 1, 1, 1, 
1, 1, 1, 1, 1, 1, 1, 1, 1, 1, 1, 1, 1, 1, 1, 1, 1, 1, 1, 1, 1, 
1, 1, 1, 1, 1, 1, 1, 1, 1, 1, 1, 2.923, 2.962, 3.1, 3.11, 3.105, 
3.124, 3.186, 3.29, 3.301, 3.529, 3.396), .Dim = c(11L, 40L), .Dimnames = list(
    NULL, c("Sampling", "PSO.cost", "PSO.gamma", "PSO.data.balancing", 
    "PSO.feature.selection", "PSO.valid.acc", "PSO.test.acc", 
    "PSO.train.time", "PSO.n.support.vectors", "PSO.index", "PSO.n.solutions", 
    "PSO.generations", "PSO.n.evaluations", "PSO.cpu.time", "RS.cost", 
    "RS.gamma", "RS.data.balancing", "RS.feature.selection", 
    "RS.valid.acc", "RS.test.acc", "RS.train.time", "RS.n.support.vectors", 
    "RS.index", "RS.n.solutions", "RS.generations", "RS.n.evaluations", 
    "RS.cpu.time", "DF.cost", "DF.gamma", "DF.data.balancing", 
    "DF.feature.selection", "DF.valid.acc", "DF.test.acc", "DF.train.time", 
    "DF.n.support.vectors", "DF.index", "DF.n.solutions", "DF.generations", 
    "DF.n.evaluations", "DF.cpu.time")))
