full <-
structure(c(50, 55, 60, 65, 70, 75, 80, 85, 90, 95, 100, 0.31037, 
3.45983, 5.99057, 2.29767, 1.28833, 0.59226, 0.65229, 0.17106, 
0.24294, 0.64919, 2.23396, -4.46794, -8.51427, -11.87635, -6.78249, 
-7.73198, -3.90107, -7.42169, -5.39218, -7.63774, -4.52499, -4.26744, 
0, 0, 0, 0, 0, 0, 0, 0, 0, 0, 0, 0, 0, 0, 0, 0, 0, 0, 0, 0, 0, 
0, 0.86048, 0.86066, 0.86111, 0.87725, 0.87087, 0.86241, 0.86225, 
0.87092, 0.87053, 0.85653, 0.8633, 0.85333, 0.86103, 0.85556, 
0.84699, 0.86134, 0.85765, 0.85391, 0.86323, 0.85941, 0.84938, 
0.8433, 0.0305, 0.0303, 0.0357, 0.0345, 0.0425, 0.0489, 0.0496, 
0.0513, 0.0576, 0.0624, 0.0697, 81.8, 71.9, 87.3, 82.9, 111.8, 
132.8, 131.3, 128.6, 156.9, 148.1, 154.8, 1470, 247, 199, 455, 
261, 1457, 562, 55, 247, 414, 609, 91, 100, 96, 85, 172, 19, 
63, 659, 188, 212, 156, 100, 100, 100, 100, 100, 100, 100, 100, 
100, 100, 100, 2500, 2500, 2500, 2500, 2500, 2500, 2500, 2500, 
2500, 2500, 2500, 6863.637, 7046.692, 7167.684, 7361.317, 7528.176, 
7593.42999999999, 7690.16, 7532.234, 7723.166, 8055.041, 8259.93000000002, 
1.25244, -0.75144, 2.25422, 2.36461, 0.61613, 0.51836, 6.0602, 
-0.47612, -0.09876, 1.31219, 2.34208, -4.49669, -4.73106, -7.0574, 
-6.76617, -6.84266, -7.11745, -13.07703, -5.94045, -7.00402, 
-4.53254, -4.33238, 0, 0, 0, 0, 0, 0, 0, 0, 0, 0, 0, 0, 0, 0, 
0, 0, 0, 0, 0, 0, 0, 0, 0.86, 0.86103, 0.86111, 0.87725, 0.87087, 
0.86222, 0.85391, 0.87092, 0.86697, 0.8564, 0.8633, 0.8328, 0.86103, 
0.84444, 0.84699, 0.86134, 0.84897, 0.85391, 0.85523, 0.85941, 
0.84606, 0.8333, 0.0327, 0.0342, 0.0348, 0.037, 0.0425, 0.045, 
0.0486, 0.0488, 0.0539, 0.0603, 0.0652, 79, 93.2, 79.3, 82.3, 
110.7, 122.2, 131.6, 139.9, 154.4, 145.1, 152.3, 184, 1705, 473, 
1548, 1734, 927, 526, 452, 393, 1500, 1518, 5, 1, 2, 1, 2, 2, 
20, 3, 2, 2, 1, 100, 100, 100, 100, 100, 100, 100, 100, 100, 
100, 100, 2500, 2500, 2500, 2500, 2500, 2500, 2500, 2500, 2500, 
2500, 2500, 6967.663, 7083.527, 7271.648, 7443.671, 7605.083, 
7656.943, 7671.88699999999, 7724.32100000001, 7975.417, 8117.33300000001, 
8310.57400000002, 1, 1, 1, 1, 1, 1, 1, 1, 1, 1, 1, 0.03704, 0.03704, 
0.03704, 0.03704, 0.03704, 0.03704, 0.03704, 0.03704, 0.03704, 
0.03704, 0.03704, 0, 0, 0, 0, 0, 0, 0, 0, 0, 0, 0, 0, 0, 0, 0, 
0, 0, 0, 0, 0, 0, 0, 0.85333, 0.8489, 0.85, 0.84781, 0.8568, 
0.84421, 0.84141, 0.85908, 0.85928, 0.84606, 0.83341, 0.86048, 
0.83676, 0.84444, 0.84199, 0.85658, 0.8535, 0.83741, 0.86308, 
0.85214, 0.84606, 0.8433, 0.0314, 0.033, 0.0345, 0.0385, 0.0391, 
0.0453, 0.0482, 0.0483, 0.056, 0.0595, 0.066, 80.5, 87.9, 96.1, 
101, 111.5, 117.9, 128, 133.3, 141, 149, 157.2, 1, 1, 1, 1, 1, 
1, 1, 1, 1, 1, 1, 1, 1, 1, 1, 1, 1, 1, 1, 1, 1, 1, 1, 1, 1, 1, 
1, 1, 1, 1, 1, 1, 1, 1, 1, 1, 1, 1, 1, 1, 1, 1, 1, 1, 2.817, 
2.803, 2.754, 2.951, 2.832, 3.096, 3.071, 2.89, 3.234, 3.206, 
3.32), .Dim = c(11L, 40L), .Dimnames = list(NULL, c("Sampling", 
"PSO.cost", "PSO.gamma", "PSO.data.balancing", "PSO.feature.selection", 
"PSO.valid.acc", "PSO.test.acc", "PSO.train.time", "PSO.n.support.vectors", 
"PSO.index", "PSO.n.solutions", "PSO.generations", "PSO.n.evaluations", 
"PSO.cpu.time", "RS.cost", "RS.gamma", "RS.data.balancing", "RS.feature.selection", 
"RS.valid.acc", "RS.test.acc", "RS.train.time", "RS.n.support.vectors", 
"RS.index", "RS.n.solutions", "RS.generations", "RS.n.evaluations", 
"RS.cpu.time", "DF.cost", "DF.gamma", "DF.data.balancing", "DF.feature.selection", 
"DF.valid.acc", "DF.test.acc", "DF.train.time", "DF.n.support.vectors", 
"DF.index", "DF.n.solutions", "DF.generations", "DF.n.evaluations", 
"DF.cpu.time")))
