full <-
structure(c(50, 55, 60, 65, 70, 75, 80, 85, 90, 95, 100, 5.08486, 
1.04533, -1.21422, 3.0562, 11.01093, 3.62638, 1.27496, 6.36881, 
1.32635, 2.33126, 1.4467, -12.11549, -8.42349, -6.27327, -5.11841, 
-14.65193, -6.03516, -3.95813, -7.39807, -3.65358, -4.0235, -5.12904, 
0, 0, 0, 0, 0, 0, 0, 0, 0, 0, 0, 0, 0, 0, 0, 0, 0, 0, 0, 0, 0, 
0, 0.88, 0.86066, 0.86662, 0.85178, 0.86747, 0.8535, 0.85846, 
0.85031, 0.87029, 0.87414, 0.85641, 0.87333, 0.8489, 0.86073, 
0.81623, 0.8384, 0.84026, 0.84561, 0.82692, 0.85931, 0.86034, 
0.85987, 0.0347, 0.038, 0.0418, 0.0403, 0.0397, 0.0423, 0.0537, 
0.046, 0.0611, 0.0654, 0.0559, 92.9, 106.9, 121.7, 94, 78.9, 
92, 140, 86.2, 161.7, 150.2, 142.6, 63, 197, 771, 1795, 147, 
447, 925, 87, 2123, 727, 260, 280, 233, 75, 2, 123, 111, 40, 
246, 4, 247, 283, 100, 100, 100, 100, 100, 100, 100, 100, 100, 
100, 100, 2500, 2500, 2500, 2500, 2500, 2500, 2500, 2500, 2500, 
2500, 2500, 9044.434, 9111.199, 9167.86, 9101.999, 9037.702, 
9058.82999999999, 9192.02100000001, 9018.292, 9240.61500000002, 
9258.76700000002, 8797.59700000001, 1.5711, 0.17223, 5.80327, 
2.24853, 6.13954, 3.96908, 1.95072, 6.30118, 1.34869, 2.48272, 
0.45566, -8.77101, -7.34766, -13.59591, -7.30584, -9.79571, -6.2602, 
-4.96716, -7.35692, -3.86744, -4.13674, -2.66683, 0, 0, 0, 0, 
0, 0, 0, 0, 0, 0, 0, 0, 0, 0, 0, 0, 0, 0, 0, 0, 0, 0, 0.88, 0.86066, 
0.86135, 0.84705, 0.86747, 0.8535, 0.85429, 0.85031, 0.87016, 
0.87057, 0.8532, 0.88, 0.8489, 0.86691, 0.82731, 0.84316, 0.83571, 
0.84162, 0.82692, 0.85176, 0.86367, 0.84675, 0.0375, 0.0383, 
0.041, 0.0366, 0.0392, 0.0429, 0.0464, 0.0458, 0.0585, 0.0627, 
0.0757, 96.1, 106.1, 119.2, 90.3, 79.6, 90, 114.8, 86.6, 154.8, 
147.6, 217.4, 7, 619, 38, 88, 11, 573, 1544, 2485, 1566, 1963, 
1301, 36, 5, 23, 1, 5, 1, 1, 1, 2, 2, 1, 100, 100, 100, 100, 
100, 100, 100, 100, 100, 100, 100, 2500, 2500, 2500, 2500, 2500, 
2500, 2500, 2500, 2500, 2500, 2500, 9079.876, 9176.067, 9108.614, 
9154.63099999999, 9132.202, 9152.567, 9190.106, 9251.09700000001, 
9212.81200000001, 8998.731, 8851.65100000001, 1, 1, 1, 1, 1, 
1, 1, 1, 1, 1, 1, 0.03704, 0.03704, 0.03704, 0.03704, 0.03704, 
0.03704, 0.03704, 0.03704, 0.03704, 0.03704, 0.03704, 0, 0, 0, 
0, 0, 0, 0, 0, 0, 0, 0, 0, 0, 0, 0, 0, 0, 0, 0, 0, 0, 0, 0.84667, 
0.84853, 0.83321, 0.82596, 0.8334, 0.82763, 0.82494, 0.81523, 
0.84451, 0.84261, 0.83641, 0.85333, 0.83051, 0.83412, 0.83623, 
0.83294, 0.82702, 0.82478, 0.82323, 0.85932, 0.84236, 0.84653, 
0.0333, 0.0367, 0.038, 0.0423, 0.0416, 0.0504, 0.049, 0.0514, 
0.0551, 0.0578, 0.0641, 88.9, 99.3, 102.3, 111.8, 115.1, 125.4, 
131.5, 138.7, 144.5, 146.5, 157.7, 1, 1, 1, 1, 1, 1, 1, 1, 1, 
1, 1, 1, 1, 1, 1, 1, 1, 1, 1, 1, 1, 1, 1, 1, 1, 1, 1, 1, 1, 1, 
1, 1, 1, 1, 1, 1, 1, 1, 1, 1, 1, 1, 1, 1, 3.611, 3.599, 3.674, 
3.629, 3.639, 3.719, 3.67, 3.683, 3.69, 3.438, 3.462), .Dim = c(11L, 
40L), .Dimnames = list(NULL, c("Sampling", "PSO.cost", "PSO.gamma", 
"PSO.data.balancing", "PSO.feature.selection", "PSO.valid.acc", 
"PSO.test.acc", "PSO.train.time", "PSO.n.support.vectors", "PSO.index", 
"PSO.n.solutions", "PSO.generations", "PSO.n.evaluations", "PSO.cpu.time", 
"RS.cost", "RS.gamma", "RS.data.balancing", "RS.feature.selection", 
"RS.valid.acc", "RS.test.acc", "RS.train.time", "RS.n.support.vectors", 
"RS.index", "RS.n.solutions", "RS.generations", "RS.n.evaluations", 
"RS.cpu.time", "DF.cost", "DF.gamma", "DF.data.balancing", "DF.feature.selection", 
"DF.valid.acc", "DF.test.acc", "DF.train.time", "DF.n.support.vectors", 
"DF.index", "DF.n.solutions", "DF.generations", "DF.n.evaluations", 
"DF.cpu.time")))
