full <-
structure(c(50, 55, 60, 65, 70, 75, 80, 85, 90, 95, 100, 0.39209, 
4.96959, 1.27038, 7.3447, 1.46315, 1.29486, 1.55764, 2.16198, 
0.47433, 1.40379, 2.28623, -6.85028, -2.97221, -4.53646, -2.49573, 
-7.26231, -4.69651, -5.70208, -9.17436, -4.183, -3.44497, -5.77354, 
0, 0, 0, 0, 0, 0, 0, 0, 0, 0, 0, 0, 0, 0, 0, 0, 0, 0, 0, 0, 0, 
0, 0.81935, 0.8489, 0.84931, 0.84679, 0.85238, 0.85751, 0.85861, 
0.84338, 0.85873, 0.85292, 0.87363, 0.7931, 0.84301, 0.82121, 
0.826, 0.82857, 0.83992, 0.83326, 0.83185, 0.84363, 0.84245, 
0.84353, 0.0338, 0.0412, 0.0399, 0.0486, 0.0424, 0.0461, 0.0471, 
0.0502, 0.0559, 0.0634, 0.0587, 89.4, 122.8, 102.3, 150.3, 106.8, 
121.1, 114.4, 141.4, 152.9, 178.3, 131, 456, 31, 816, 17, 835, 
1690, 1281, 30, 755, 594, 366, 88, 1399, 243, 1050, 28, 55, 62, 
23, 341, 783, 469, 100, 100, 100, 100, 100, 100, 100, 100, 100, 
100, 100, 2500, 2500, 2500, 2500, 2500, 2500, 2500, 2500, 2500, 
2500, 2500, 9264.765, 9341.923, 9187.147, 9310.087, 9165.20299999999, 
9216.584, 9138.16099999999, 9180.28999999999, 9212.397, 9384.943, 
8954.856, 4.38009, 6.48679, 1.37974, 8.07451, 1.41239, 1.27527, 
1.13571, 5.75744, 0.69204, 0.83112, 2.47237, -11.1224, -3.99989, 
-4.49497, -2.48141, -7.29287, -4.65808, -5.13179, -12.83067, 
-3.66478, -2.7419, -5.70911, 0, 0, 0, 0, 0, 0, 0, 0, 0, 0, 0, 
0, 0, 0, 0, 0, 0, 0, 0, 0, 0, 0, 0.81935, 0.85441, 0.84376, 0.84679, 
0.85238, 0.85751, 0.85428, 0.84338, 0.8553, 0.84553, 0.8703, 
0.78643, 0.82463, 0.81039, 0.826, 0.82857, 0.83557, 0.83761, 
0.83185, 0.84377, 0.83174, 0.85019, 0.0346, 0.0393, 0.0395, 0.0478, 
0.0411, 0.0443, 0.0522, 0.0512, 0.0603, 0.074, 0.0546, 87.5, 
100.3, 102, 150.4, 107.6, 121.6, 119.9, 141.1, 167.3, 205.1, 
131.3, 348, 863, 769, 170, 1136, 83, 669, 363, 2371, 1111, 1059, 
8, 3, 2, 24, 2, 1, 3, 3, 1, 1, 2, 100, 100, 100, 100, 100, 100, 
100, 100, 100, 100, 100, 2500, 2500, 2500, 2500, 2500, 2500, 
2500, 2500, 2500, 2500, 2500, 9259.486, 9216.184, 9121.363, 9174.41, 
9266.409, 9233.94499999999, 9222.166, 9309.72999999998, 9261.10999999999, 
9050.068, 9060.74099999998, 1, 1, 1, 1, 1, 1, 1, 1, 1, 1, 1, 
0.03704, 0.03704, 0.03704, 0.03704, 0.03704, 0.03704, 0.03704, 
0.03704, 0.03704, 0.03704, 0.03704, 0, 0, 0, 0, 0, 0, 0, 0, 0, 
0, 0, 0, 0, 0, 0, 0, 0, 0, 0, 0, 0, 0, 0.7922, 0.81213, 0.81039, 
0.81548, 0.81429, 0.83538, 0.83778, 0.82354, 0.84019, 0.83531, 
0.84029, 0.81268, 0.82463, 0.81039, 0.81521, 0.82381, 0.82233, 
0.82944, 0.83538, 0.82538, 0.83174, 0.84351, 0.0361, 0.0361, 
0.0397, 0.0418, 0.0447, 0.0507, 0.0476, 0.0507, 0.0551, 0.0551, 
0.0596, 93.7, 98.1, 106.6, 110.2, 116.9, 125.1, 128.8, 137.2, 
145.9, 151.8, 155.9, 1, 1, 1, 1, 1, 1, 1, 1, 1, 1, 1, 1, 1, 1, 
1, 1, 1, 1, 1, 1, 1, 1, 1, 1, 1, 1, 1, 1, 1, 1, 1, 1, 1, 1, 1, 
1, 1, 1, 1, 1, 1, 1, 1, 1, 3.693, 3.68, 3.631, 3.714, 3.669, 
3.641, 3.588, 3.687, 3.621, 3.601, 3.224), .Dim = c(11L, 40L), .Dimnames = list(
    NULL, c("Sampling", "PSO.cost", "PSO.gamma", "PSO.data.balancing", 
    "PSO.feature.selection", "PSO.valid.acc", "PSO.test.acc", 
    "PSO.train.time", "PSO.n.support.vectors", "PSO.index", "PSO.n.solutions", 
    "PSO.generations", "PSO.n.evaluations", "PSO.cpu.time", "RS.cost", 
    "RS.gamma", "RS.data.balancing", "RS.feature.selection", 
    "RS.valid.acc", "RS.test.acc", "RS.train.time", "RS.n.support.vectors", 
    "RS.index", "RS.n.solutions", "RS.generations", "RS.n.evaluations", 
    "RS.cpu.time", "DF.cost", "DF.gamma", "DF.data.balancing", 
    "DF.feature.selection", "DF.valid.acc", "DF.test.acc", "DF.train.time", 
    "DF.n.support.vectors", "DF.index", "DF.n.solutions", "DF.generations", 
    "DF.n.evaluations", "DF.cpu.time")))
