full <-
structure(c(50, 55, 60, 65, 70, 75, 80, 85, 90, 95, 100, -0.17303, 
0.34221, 0.39495, 2.64554, 0.39915, 3.90147, 1.17193, 2.52404, 
0.37153, 1.6622, 0.7784, -4.29733, -3.97779, -5.37306, -5.58199, 
-2.96731, -4.48639, -8.53521, -4.14104, -4.72088, -4.26529, -4.78117, 
0, 0, 0, 0, 0, 0, 0, 0, 0, 0, 0, 0, 0, 0, 0, 0, 0, 0, 0, 0, 0, 
0, 0.83161, 0.86029, 0.85528, 0.83632, 0.83455, 0.85791, 0.85464, 
0.87462, 0.85551, 0.86671, 0.87364, 0.81113, 0.84118, 0.84475, 
0.81579, 0.82885, 0.81818, 0.8463, 0.85492, 0.83699, 0.85945, 
0.86019, 0.0326, 0.038, 0.0437, 0.0415, 0.0573, 0.05, 0.053, 
0.0617, 0.0574, 0.0697, 0.0675, 95.4, 109.7, 102, 90.8, 155.9, 
113.9, 143.6, 132.9, 140.7, 147.1, 151.7, 849, 191, 887, 406, 
422, 1265, 65, 1172, 448, 269, 958, 298, 753, 346, 562, 237, 
51, 77, 84, 726, 275, 194, 100, 100, 100, 100, 100, 100, 100, 
100, 100, 100, 100, 2500, 2500, 2500, 2500, 2500, 2500, 2500, 
2500, 2500, 2500, 2500, 6938.742, 7405.392, 9919.262, 9904.893, 
10148.741, 9728.732, 10018.085, 10262.179, 10298.383, 10291.214, 
10298.328, 0.1751, 0.37725, 0.13377, 1.18376, 2.58907, 4.37605, 
1.50555, 2.74539, 1.32155, 1.28594, 0.88788, -5.39693, -3.73407, 
-4.33414, -4.91891, -4.51538, -5.29324, -8.90545, -4.18056, -4.99961, 
-4.59018, -4.7991, 0, 0, 0, 0, 0, 0, 0, 0, 0, 0, 0, 0, 0, 0, 
0, 0, 0, 0, 0, 0, 0, 0, 0.82494, 0.85404, 0.84972, 0.83132, 0.83364, 
0.84506, 0.85464, 0.86692, 0.85194, 0.86671, 0.87031, 0.83113, 
0.84743, 0.85528, 0.83105, 0.80411, 0.82273, 0.8463, 0.84708, 
0.83699, 0.86314, 0.86353, 0.0312, 0.0428, 0.042, 0.0471, 0.0513, 
0.0459, 0.0574, 0.061, 0.0611, 0.0611, 0.0696, 86.3, 113.5, 112.1, 
104.2, 109.7, 95.6, 143.6, 132, 129.5, 142.2, 151.1, 778, 486, 
321, 2289, 1933, 129, 1030, 1465, 1283, 854, 1581, 5, 2, 2, 1, 
1, 1, 1, 1, 1, 2, 1, 100, 100, 100, 100, 100, 100, 100, 100, 
100, 100, 100, 2500, 2500, 2500, 2500, 2500, 2500, 2500, 2500, 
2500, 2500, 2500, 7063.16, 9725.266, 9774.014, 9999.498, 10062.022, 
9861.105, 10136.303, 10290.095, 10332.57, 10457.549, 10584.172, 
1, 1, 1, 1, 1, 1, 1, 1, 1, 1, 1, 0.03704, 0.03704, 0.03704, 0.03704, 
0.03704, 0.03704, 0.03704, 0.03704, 0.03704, 0.03704, 0.03704, 
0, 0, 0, 0, 0, 0, 0, 0, 0, 0, 0, 0, 0, 0, 0, 0, 0, 0, 0, 0, 0, 
0, 0.81827, 0.82941, 0.84972, 0.82605, 0.81457, 0.81739, 0.83796, 
0.84354, 0.8407, 0.85243, 0.84674, 0.8178, 0.83493, 0.85528, 
0.82605, 0.83838, 0.82233, 0.8423, 0.85508, 0.84056, 0.85218, 
0.84341, 0.0325, 0.0426, 0.0452, 0.0458, 0.047, 0.0478, 0.0514, 
0.0545, 0.0621, 0.0671, 0.0649, 88.9, 98.6, 108.1, 116.8, 121.4, 
125.1, 129.6, 134.8, 142.4, 148.2, 156.2, 1, 1, 1, 1, 1, 1, 1, 
1, 1, 1, 1, 1, 1, 1, 1, 1, 1, 1, 1, 1, 1, 1, 1, 1, 1, 1, 1, 1, 
1, 1, 1, 1, 1, 1, 1, 1, 1, 1, 1, 1, 1, 1, 1, 1, 2.797, 4.055, 
4.146, 3.9, 3.788, 3.666, 3.81, 3.85, 4.205, 4.315, 3.952), .Dim = c(11L, 
40L), .Dimnames = list(NULL, c("Sampling", "PSO.cost", "PSO.gamma", 
"PSO.data.balancing", "PSO.feature.selection", "PSO.valid.acc", 
"PSO.test.acc", "PSO.train.time", "PSO.n.support.vectors", "PSO.index", 
"PSO.n.solutions", "PSO.generations", "PSO.n.evaluations", "PSO.cpu.time", 
"RS.cost", "RS.gamma", "RS.data.balancing", "RS.feature.selection", 
"RS.valid.acc", "RS.test.acc", "RS.train.time", "RS.n.support.vectors", 
"RS.index", "RS.n.solutions", "RS.generations", "RS.n.evaluations", 
"RS.cpu.time", "DF.cost", "DF.gamma", "DF.data.balancing", "DF.feature.selection", 
"DF.valid.acc", "DF.test.acc", "DF.train.time", "DF.n.support.vectors", 
"DF.index", "DF.n.solutions", "DF.generations", "DF.n.evaluations", 
"DF.cpu.time")))
