full <-
structure(c(50, 55, 60, 65, 70, 75, 80, 85, 90, 95, 100, 5.82328, 
0.30178, -0.18984, 7.61581, -0.34104, 0.41295, 4.49845, 1.1473, 
13.83009, 3.22495, 1.0399, -8.5038, -2.6104, -3.58436, -15, -3.37741, 
-2.46988, -4.51131, -3.57204, -2.80273, -6.3571, -4.85712, 0, 
0, 0, 0, 0, 0, 0, 0, 0, 0, 0, 0, 0, 0, 0, 0, 0, 0, 0, 0, 0, 0, 
0.86, 0.854, 0.84555, 0.83579, 0.82872, 0.84407, 0.84946, 0.85108, 
0.84893, 0.85259, 0.85667, 0.84, 0.85368, 0.8397, 0.81553, 0.81444, 
0.83538, 0.81575, 0.82369, 0.82671, 0.82783, 0.84333, 0.0323, 
0.0392, 0.0387, 0.0401, 0.0478, 0.054, 0.0515, 0.0621, 0.0699, 
0.0511, 0.0626, 58.2, 121.7, 117.6, 120.9, 143.7, 168.9, 121.8, 
160.8, 191.8, 116.1, 150, 354, 348, 420, 118, 473, 1020, 43, 
786, 18, 520, 241, 151, 431, 43, 125, 204, 38, 164, 143, 608, 
304, 231, 100, 100, 100, 100, 100, 100, 100, 100, 100, 100, 100, 
2500, 2500, 2500, 2500, 2500, 2500, 2500, 2500, 2500, 2500, 2500, 
7226.64, 7133.681, 7028.852, 7302.06, 7300.646, 7511.32400000001, 
7643.06200000001, 7694.75199999999, 7948.327, 7812.60000000001, 
8320.67799999999, 6.11082, 10.62763, -0.26342, 3.9332, -0.58207, 
0.5234, 4.68013, 0.99364, 8.64798, 2.99812, 0.90881, -8.74758, 
-2.50436, -3.65526, -11.21418, -3.48247, -2.72831, -4.5674, -3.72257, 
-2.81088, -6.15156, -4.70415, 0, 0, 0, 0, 0, 0, 0, 0, 0, 0, 0, 
0, 0, 0, 0, 0, 0, 0, 0, 0, 0, 0, 0.86, 0.84775, 0.84555, 0.83579, 
0.82872, 0.83953, 0.84946, 0.84738, 0.84893, 0.85259, 0.85667, 
0.84, 0.85368, 0.8397, 0.81053, 0.8192, 0.82628, 0.81158, 0.83938, 
0.83041, 0.82426, 0.85, 0.031, 0.0381, 0.0396, 0.0415, 0.0471, 
0.0547, 0.0504, 0.0604, 0.068, 0.0536, 0.066, 57.4, 123.5, 116.5, 
120.1, 142.5, 165.2, 121, 156.7, 191.6, 119.1, 153.6, 320, 40, 
2315, 85, 257, 278, 2148, 212, 272, 1161, 866, 4, 39, 1, 11, 
4, 1, 1, 1, 11, 1, 1, 100, 100, 100, 100, 100, 100, 100, 100, 
100, 100, 100, 2500, 2500, 2500, 2500, 2500, 2500, 2500, 2500, 
2500, 2500, 2500, 7325.368, 7079.276, 7366.49400000001, 7195.864, 
7456.227, 7419.23699999999, 7595.12400000001, 7994.68699999999, 
7888.09499999999, 8336.46400000001, 8405.318, 1, 1, 1, 1, 1, 
1, 1, 1, 1, 1, 1, 0.03704, 0.03704, 0.03704, 0.03704, 0.03704, 
0.03704, 0.03704, 0.03704, 0.03704, 0.03704, 0.03704, 0, 0, 0, 
0, 0, 0, 0, 0, 0, 0, 0, 0, 0, 0, 0, 0, 0, 0, 0, 0, 0, 0, 0.83333, 
0.8165, 0.81715, 0.81526, 0.80922, 0.82115, 0.83276, 0.83554, 
0.83397, 0.83116, 0.83667, 0.82, 0.82206, 0.81715, 0.81026, 0.82329, 
0.817, 0.82008, 0.83554, 0.84152, 0.84187, 0.84333, 0.0341, 0.0359, 
0.0375, 0.0406, 0.0432, 0.0462, 0.0491, 0.0516, 0.0548, 0.0582, 
0.0675, 87.7, 92.9, 101.5, 113.7, 121.4, 126.1, 134.9, 138.5, 
146.5, 152.1, 158.3, 1, 1, 1, 1, 1, 1, 1, 1, 1, 1, 1, 1, 1, 1, 
1, 1, 1, 1, 1, 1, 1, 1, 1, 1, 1, 1, 1, 1, 1, 1, 1, 1, 1, 1, 1, 
1, 1, 1, 1, 1, 1, 1, 1, 1, 3.011, 2.897, 2.954, 2.901, 2.856, 
2.977, 2.925, 2.984, 3.184, 3.356, 3.489), .Dim = c(11L, 40L), .Dimnames = list(
    NULL, c("Sampling", "PSO.cost", "PSO.gamma", "PSO.data.balancing", 
    "PSO.feature.selection", "PSO.valid.acc", "PSO.test.acc", 
    "PSO.train.time", "PSO.n.support.vectors", "PSO.index", "PSO.n.solutions", 
    "PSO.generations", "PSO.n.evaluations", "PSO.cpu.time", "RS.cost", 
    "RS.gamma", "RS.data.balancing", "RS.feature.selection", 
    "RS.valid.acc", "RS.test.acc", "RS.train.time", "RS.n.support.vectors", 
    "RS.index", "RS.n.solutions", "RS.generations", "RS.n.evaluations", 
    "RS.cpu.time", "DF.cost", "DF.gamma", "DF.data.balancing", 
    "DF.feature.selection", "DF.valid.acc", "DF.test.acc", "DF.train.time", 
    "DF.n.support.vectors", "DF.index", "DF.n.solutions", "DF.generations", 
    "DF.n.evaluations", "DF.cpu.time")))
