full <-
structure(c(50, 55, 60, 65, 70, 75, 80, 85, 90, 95, 100, 6.90591, 
9.28327, 8.34823, 0.76375, 0.68078, 0.35546, 2.04606, 1.98149, 
1.42036, 0.35827, 0.99859, -4.07488, -2.60356, -4.24838, -3.39668, 
-4.41813, -4.80739, -4.35395, -4.03309, -3.15767, -4.68561, -4.59142, 
0, 0, 0, 0, 0, 0, 0, 0, 0, 0, 0, 0, 0, 0, 0, 0, 0, 0, 0, 0, 0, 
0, 0.8722, 0.85294, 0.85506, 0.8315, 0.85139, 0.85371, 0.84852, 
0.87059, 0.85999, 0.8702, 0.85373, 0.87262, 0.82279, 0.84391, 
0.81624, 0.82827, 0.84046, 0.81986, 0.86303, 0.84078, 0.85616, 
0.86029, 0.0357, 0.0424, 0.0389, 0.0455, 0.0451, 0.0462, 0.0518, 
0.0561, 0.0656, 0.0612, 0.0664, 80.9, 126.2, 94.3, 132.9, 123, 
123.6, 127, 142.8, 178.1, 147.2, 153.7, 90, 45, 206, 414, 1428, 
321, 328, 293, 532, 458, 203, 1272, 1221, 81, 297, 115, 303, 
681, 576, 216, 143, 610, 100, 100, 100, 100, 100, 100, 100, 100, 
100, 100, 100, 2500, 2500, 2500, 2500, 2500, 2500, 2500, 2500, 
2500, 2500, 2500, 8068.28, 8193.325, 8284.971, 8358.442, 8439.00999999999, 
8534.97100000001, 8637.27, 8808.056, 8949.902, 8654.92600000001, 
8689.00600000002, 3.39443, 12.75585, 6.99234, 0.87315, 0.53546, 
0.30597, 1.9501, 1.51327, 1.48994, 2.75359, 1.21811, -4.09287, 
-2.63339, -4.24852, -3.69428, -4.25048, -4.52467, -4.46986, -4.39967, 
-3.22482, -6.33671, -5.27395, 0, 0, 0, 0, 0, 0, 0, 0, 0, 0, 0, 
0, 0, 0, 0, 0, 0, 0, 0, 0, 0, 0, 0.8722, 0.85294, 0.85506, 0.82624, 
0.84184, 0.84916, 0.84852, 0.86704, 0.85629, 0.87007, 0.85373, 
0.87262, 0.82279, 0.84391, 0.81598, 0.81827, 0.83137, 0.82819, 
0.87444, 0.84078, 0.85616, 0.85018, 0.0354, 0.0434, 0.0393, 0.0445, 
0.0455, 0.0475, 0.0507, 0.0545, 0.0676, 0.0562, 0.0626, 80.5, 
126.1, 94.3, 126.7, 126, 127.4, 125.7, 133.8, 174.9, 118.1, 140.7, 
51, 159, 81, 769, 195, 1083, 526, 1978, 1160, 2441, 123, 17, 
22, 1, 1, 1, 2, 1, 1, 1, 1, 4, 100, 100, 100, 100, 100, 100, 
100, 100, 100, 100, 100, 2500, 2500, 2500, 2500, 2500, 2500, 
2500, 2500, 2500, 2500, 2500, 8051.666, 8179.164, 8243.718, 8406.053, 
8511.84300000001, 8618.34199999999, 8714.649, 8820.947, 8689.49800000002, 
8814.66699999999, 8925.467, 1, 1, 1, 1, 1, 1, 1, 1, 1, 1, 1, 
0.03704, 0.03704, 0.03704, 0.03704, 0.03704, 0.03704, 0.03704, 
0.03704, 0.03704, 0.03704, 0.03704, 0, 0, 0, 0, 0, 0, 0, 0, 0, 
0, 0, 0, 0, 0, 0, 0, 0, 0, 0, 0, 0, 0, 0.84643, 0.7989, 0.83247, 
0.81145, 0.82303, 0.8361, 0.82834, 0.84794, 0.83722, 0.85271, 
0.83707, 0.84685, 0.81728, 0.83803, 0.81571, 0.81374, 0.82721, 
0.82384, 0.84779, 0.84477, 0.85283, 0.83351, 0.0352, 0.0364, 
0.0379, 0.0414, 0.0453, 0.0472, 0.0493, 0.0524, 0.057, 0.0621, 
0.0644, 85.2, 95.4, 102.2, 112.9, 122.8, 126.8, 132.8, 136.9, 
143.4, 148.3, 157.1, 1, 1, 1, 1, 1, 1, 1, 1, 1, 1, 1, 1, 1, 1, 
1, 1, 1, 1, 1, 1, 1, 1, 1, 1, 1, 1, 1, 1, 1, 1, 1, 1, 1, 1, 1, 
1, 1, 1, 1, 1, 1, 1, 1, 1, 3.143, 3.342, 3.258, 3.339, 3.378, 
3.422, 3.45, 3.473, 3.434, 3.451, 3.489), .Dim = c(11L, 40L), .Dimnames = list(
    NULL, c("Sampling", "PSO.cost", "PSO.gamma", "PSO.data.balancing", 
    "PSO.feature.selection", "PSO.valid.acc", "PSO.test.acc", 
    "PSO.train.time", "PSO.n.support.vectors", "PSO.index", "PSO.n.solutions", 
    "PSO.generations", "PSO.n.evaluations", "PSO.cpu.time", "RS.cost", 
    "RS.gamma", "RS.data.balancing", "RS.feature.selection", 
    "RS.valid.acc", "RS.test.acc", "RS.train.time", "RS.n.support.vectors", 
    "RS.index", "RS.n.solutions", "RS.generations", "RS.n.evaluations", 
    "RS.cpu.time", "DF.cost", "DF.gamma", "DF.data.balancing", 
    "DF.feature.selection", "DF.valid.acc", "DF.test.acc", "DF.train.time", 
    "DF.n.support.vectors", "DF.index", "DF.n.solutions", "DF.generations", 
    "DF.n.evaluations", "DF.cpu.time")))
