full <-
structure(c(50, 55, 60, 65, 70, 75, 80, 85, 90, 95, 100, 6.78019, 
11.45883, 3.38447, 1, 3.6997, 15, 15, 13.20744, 5.50487, 0.12009, 
5.02638, -8.79787, -14.78973, -5.3817, 0.03846, -7.3107, -14.43228, 
-11.07918, -14.76723, -8.30821, -3.53241, -7.27806, 0, 0, 0, 
0, 0, 0, 0, 0, 0, 0, 0, 0, 0, 0, 0, 0, 0, 0, 0, 0, 0, 0, 0.69317, 
0.6968, 0.70092, 0.70394, 0.7085, 0.69989, 0.70823, 0.70626, 
0.7105, 0.7074, 0.7081, 0.6888, 0.69021, 0.69667, 0.6939, 0.70175, 
0.69647, 0.7055, 0.70584, 0.70363, 0.70436, 0.7059, 0.6489, 0.8775, 
0.7665, 0.8634, 1.0694, 2.2879, 7.4589, 2.292, 1.8248, 1.7359, 
2.168, 742.8, 838.5, 880, 1058.5, 1056, 1019.7, 1098.9, 1190.7, 
1328.1, 1480.6, 1443.7, 1975, 782, 772, 1, 1555, 1744, 1889, 
2058, 2279, 1433, 1115, 2, 4, 79, 1, 39, 11, 1, 4, 2, 40, 172, 
100, 100, 100, 100, 100, 100, 100, 100, 100, 100, 100, 2500, 
2500, 2500, 2500, 2500, 2500, 2500, 2500, 2500, 2500, 2500, 26707.689, 
30864.06, 29218.144, 55580.825, 63879.848, 71938.952, 146896.406, 
74735.697, 60769.9280000001, 70042.192, 71698.9179999998, 5.07047, 
10.97449, 3.14079, 0.33944, 3.59848, 8.47009, 14.6728, 13.80522, 
4.85705, -0.42618, 4.84292, -7.29346, -14.38597, -5.32685, -4.88842, 
-7.16647, -7.86853, -10.93019, -14.52957, -7.70342, -3.29833, 
-7.09741, 0, 0, 0, 0, 0, 0, 0, 0, 0, 0, 0, 0, 0, 0, 0, 0, 0, 
0, 0, 0, 0, 0, 0.69166, 0.69679, 0.69913, 0.70393, 0.70798, 0.69939, 
0.70778, 0.70498, 0.70849, 0.70587, 0.70737, 0.68368, 0.69021, 
0.69546, 0.69724, 0.70227, 0.70086, 0.7055, 0.70499, 0.70484, 
0.70359, 0.70554, 0.5874, 0.916, 0.7532, 0.9071, 1.0768, 2.0446, 
6.7996, 2.474, 1.8343, 1.7635, 2.1314, 745.2, 848.7, 885, 1050, 
1053.9, 1038, 1095.2, 1173.4, 1321, 1514.4, 1441.8, 1332, 2087, 
195, 2015, 1997, 544, 949, 309, 1605, 1485, 926, 1, 2, 1, 1, 
1, 1, 1, 3, 1, 2, 1, 100, 100, 100, 100, 100, 100, 100, 100, 
100, 100, 100, 2500, 2500, 2500, 2500, 2500, 2500, 2500, 2500, 
2500, 2500, 2500, 37502.799, 47154.177, 51688.479, 61245.787, 
71143.061, 78415.323, 87938.846, 94346.7710000001, 112337.461, 
123833.739, 135452.249, 1, 1, 1, 1, 1, 1, 1, 1, 1, 1, 1, 0.03846, 
0.03846, 0.03846, 0.03846, 0.03846, 0.03846, 0.03846, 0.03846, 
0.03846, 0.03846, 0.03846, 0, 0, 0, 0, 0, 0, 0, 0, 0, 0, 0, 0, 
0, 0, 0, 0, 0, 0, 0, 0, 0, 0, 0.67285, 0.6849, 0.69307, 0.70394, 
0.70176, 0.69021, 0.69597, 0.69942, 0.70162, 0.70052, 0.70262, 
0.68011, 0.69153, 0.70156, 0.6939, 0.70799, 0.69505, 0.69461, 
0.70327, 0.70162, 0.70053, 0.70446, 0.5542, 0.6474, 0.7694, 0.9209, 
1.043, 1.1649, 1.2912, 1.4741, 1.6426, 1.7657, 2.0023, 834.1, 
913.7, 985.9, 1058.5, 1119.4, 1196.1, 1270.6, 1342, 1418.9, 1501.8, 
1567.7, 1, 1, 1, 1, 1, 1, 1, 1, 1, 1, 1, 1, 1, 1, 1, 1, 1, 1, 
1, 1, 1, 1, 1, 1, 1, 1, 1, 1, 1, 1, 1, 1, 1, 1, 1, 1, 1, 1, 1, 
1, 1, 1, 1, 1, 8.887, 9.854, 11.206, 13.066, 14.386, 15.161, 
16.501, 18.71, 21.083, 21.778, 25.506), .Dim = c(11L, 40L), .Dimnames = list(
    NULL, c("Sampling", "PSO.cost", "PSO.gamma", "PSO.data.balancing", 
    "PSO.feature.selection", "PSO.valid.acc", "PSO.test.acc", 
    "PSO.train.time", "PSO.n.support.vectors", "PSO.index", "PSO.n.solutions", 
    "PSO.generations", "PSO.n.evaluations", "PSO.cpu.time", "RS.cost", 
    "RS.gamma", "RS.data.balancing", "RS.feature.selection", 
    "RS.valid.acc", "RS.test.acc", "RS.train.time", "RS.n.support.vectors", 
    "RS.index", "RS.n.solutions", "RS.generations", "RS.n.evaluations", 
    "RS.cpu.time", "DF.cost", "DF.gamma", "DF.data.balancing", 
    "DF.feature.selection", "DF.valid.acc", "DF.test.acc", "DF.train.time", 
    "DF.n.support.vectors", "DF.index", "DF.n.solutions", "DF.generations", 
    "DF.n.evaluations", "DF.cpu.time")))
