full <-
structure(c(50, 55, 60, 65, 70, 75, 80, 85, 90, 95, 100, 14.8026, 
15, 5.6289, 6.18044, 10.18248, 2.56987, 8.16515, 1.07565, 5.63574, 
7.59801, 11.64968, -12.62024, -14.70763, -8.71189, -8.04901, 
-11.23801, -3.24718, -10.05824, -3.70302, -6.19004, -9.14709, 
-11.15674, 0, 0, 0, 0, 0, 0, 0, 0, 0, 0, 0, 0, 0, 0, 0, 0, 0, 
0, 0, 0, 0, 0, 0.7064, 0.70614, 0.70523, 0.70615, 0.71102, 0.71157, 
0.7078, 0.70966, 0.7085, 0.70549, 0.70594, 0.70425, 0.70283, 
0.70344, 0.70277, 0.70479, 0.70916, 0.70643, 0.70369, 0.69882, 
0.70166, 0.70304, 1.6172, 1.2558, 0.8554, 1.0838, 1.8211, 1.2168, 
1.7101, 1.4349, 1.8543, 2.4703, 5.1757, 696, 766.6, 918.1, 950.3, 
1026.7, 1143.4, 1186.1, 1292.8, 1273.8, 1382.3, 1394.7, 1552, 
915, 1306, 1676, 507, 2284, 1625, 662, 1844, 258, 1825, 3, 2, 
98, 21, 182, 4, 2, 86, 40, 135, 2, 100, 100, 100, 100, 100, 100, 
100, 100, 100, 100, 100, 2500, 2500, 2500, 2500, 2500, 2500, 
2500, 2500, 2500, 2500, 2500, 45853.628, 40574.292, 30170.327, 
43809.511, 59549.357, 49106.212, 69926.944, 51434.0059999999, 
59005.927, 75436.496, 139602.565, 10.6849, 14.7119, 5.39753, 
2.57431, 9.99409, 2.95269, 7.98176, 1.29906, 5.69943, 5.68543, 
12.15587, -10.59647, -14.47998, -8.53333, -5.58677, -11.11908, 
-3.32613, -9.94465, -4.96232, -6.25638, -7.37197, -11.68884, 
0, 0, 0, 0, 0, 0, 0, 0, 0, 0, 0, 0, 0, 0, 0, 0, 0, 0, 0, 0, 0, 
0, 0.70712, 0.70416, 0.70402, 0.70557, 0.7105, 0.7106, 0.70825, 
0.70879, 0.70648, 0.70474, 0.70412, 0.70569, 0.70283, 0.70162, 
0.70278, 0.7048, 0.70673, 0.70688, 0.7041, 0.69842, 0.7009, 0.7045, 
1.0979, 1.3155, 0.8494, 0.9088, 1.8024, 1.2211, 1.6807, 1.4186, 
1.8666, 2.1456, 4.921, 722.9, 772.4, 920.6, 987.6, 1031.1, 1134.5, 
1190.4, 1304, 1273.3, 1366.3, 1393, 515, 775, 122, 2221, 163, 
15, 219, 2265, 847, 9, 42, 1, 1, 1, 1, 1, 1, 1, 1, 1, 1, 2, 100, 
100, 100, 100, 100, 100, 100, 100, 100, 100, 100, 2500, 2500, 
2500, 2500, 2500, 2500, 2500, 2500, 2500, 2500, 2500, 37246.48, 
43812.651, 51379.383, 58285.43, 74779.659, 81627.1649999999, 
86197.5819999999, 101719.669, 106726.526, 128820.448, 141277.188, 
1, 1, 1, 1, 1, 1, 1, 1, 1, 1, 1, 0.03846, 0.03846, 0.03846, 0.03846, 
0.03846, 0.03846, 0.03846, 0.03846, 0.03846, 0.03846, 0.03846, 
0, 0, 0, 0, 0, 0, 0, 0, 0, 0, 0, 0, 0, 0, 0, 0, 0, 0, 0, 0, 0, 
0, 0.69409, 0.68819, 0.69135, 0.69328, 0.69444, 0.69751, 0.70055, 
0.70368, 0.69881, 0.6994, 0.69759, 0.6883, 0.68887, 0.69254, 
0.6916, 0.69858, 0.70477, 0.70056, 0.70241, 0.70085, 0.69863, 
0.70014, 0.5526, 0.687, 0.7997, 0.9122, 1.0521, 1.1961, 1.3066, 
1.4724, 1.5892, 1.7925, 1.9268, 840.8, 920.1, 988.6, 1061.9, 
1142.6, 1207.9, 1279.6, 1365.4, 1432.2, 1503.6, 1570.2, 1, 1, 
1, 1, 1, 1, 1, 1, 1, 1, 1, 1, 1, 1, 1, 1, 1, 1, 1, 1, 1, 1, 1, 
1, 1, 1, 1, 1, 1, 1, 1, 1, 1, 1, 1, 1, 1, 1, 1, 1, 1, 1, 1, 1, 
8.345, 9.996, 11.193, 12.497, 13.863, 15.282, 16.435, 18.379, 
19.382, 21.664, 23.071), .Dim = c(11L, 40L), .Dimnames = list(
    NULL, c("Sampling", "PSO.cost", "PSO.gamma", "PSO.data.balancing", 
    "PSO.feature.selection", "PSO.valid.acc", "PSO.test.acc", 
    "PSO.train.time", "PSO.n.support.vectors", "PSO.index", "PSO.n.solutions", 
    "PSO.generations", "PSO.n.evaluations", "PSO.cpu.time", "RS.cost", 
    "RS.gamma", "RS.data.balancing", "RS.feature.selection", 
    "RS.valid.acc", "RS.test.acc", "RS.train.time", "RS.n.support.vectors", 
    "RS.index", "RS.n.solutions", "RS.generations", "RS.n.evaluations", 
    "RS.cpu.time", "DF.cost", "DF.gamma", "DF.data.balancing", 
    "DF.feature.selection", "DF.valid.acc", "DF.test.acc", "DF.train.time", 
    "DF.n.support.vectors", "DF.index", "DF.n.solutions", "DF.generations", 
    "DF.n.evaluations", "DF.cpu.time")))
