full <-
structure(c(50, 55, 60, 65, 70, 75, 80, 85, 90, 95, 100, 4.74273, 
14.17311, 13.14325, 12.82678, 1.95103, 15, 6.951, 5.75814, 2.08989, 
8.80979, 5.56929, -5.10106, -14.92907, -11.83088, -14.52148, 
-3.31559, -14.93252, -8.70525, -6.95907, -4.30376, -9.10307, 
-7.75561, 0, 0, 0, 0, 0, 0, 0, 0, 0, 0, 0, 0, 0, 0, 0, 0, 0, 
0, 0, 0, 0, 0, 0.70776, 0.706, 0.71364, 0.72069, 0.71735, 0.71538, 
0.71188, 0.71472, 0.71042, 0.70699, 0.70702, 0.69401, 0.70404, 
0.70456, 0.71289, 0.71005, 0.71441, 0.71007, 0.71174, 0.70599, 
0.70243, 0.69939, 0.5496, 1.0672, 2.0859, 1.4588, 0.9938, 1.9365, 
1.6719, 1.6932, 1.5375, 3.1265, 2.253, 723, 766.9, 832.2, 906, 
1063, 1014.7, 1160.9, 1209.4, 1326.3, 1352.1, 1443.4, 2200, 585, 
1143, 1818, 2205, 627, 1682, 620, 489, 884, 708, 1, 8, 6, 10, 
1, 1, 13, 50, 96, 22, 343, 100, 100, 100, 100, 100, 100, 100, 
100, 100, 100, 100, 2500, 2500, 2500, 2500, 2500, 2500, 2500, 
2500, 2500, 2500, 2500, 30426.776, 33705.896, 54422.155, 47407.368, 
49512.401, 57727.547, 56878.7070000001, 76133.4939999999, 53318.218, 
86539.5660000001, 74897.9180000001, 4.99469, 13.65943, 11.86773, 
12.28754, 1.9523, 14.92341, 6.93991, 6.04125, 3.00856, 5.78346, 
5.6415, -5.16678, -14.31791, -11.24238, -14.05308, -3.46327, 
-14.99286, -8.69222, -7.12097, -5.38236, -6.47376, -7.73794, 
0, 0, 0, 0, 0, 0, 0, 0, 0, 0, 0, 0, 0, 0, 0, 0, 0, 0, 0, 0, 0, 
0, 0.70629, 0.70533, 0.71181, 0.71957, 0.71577, 0.71296, 0.71188, 
0.71386, 0.70881, 0.70585, 0.70593, 0.69693, 0.70404, 0.70578, 
0.71401, 0.70953, 0.71684, 0.71007, 0.71259, 0.7072, 0.70281, 
0.69866, 0.5429, 1.17, 1.9784, 1.4924, 1.0102, 1.2299, 1.6669, 
1.7279, 1.6054, 2.0363, 2.2887, 720.7, 767.8, 844.9, 916.6, 1058.9, 
1014.5, 1161, 1208.1, 1313.7, 1340.1, 1437.8, 2331, 2414, 1968, 
549, 711, 2336, 1219, 614, 1764, 561, 2488, 1, 1, 1, 1, 1, 1, 
1, 1, 1, 1, 2, 100, 100, 100, 100, 100, 100, 100, 100, 100, 100, 
100, 2500, 2500, 2500, 2500, 2500, 2500, 2500, 2500, 2500, 2500, 
2500, 29861.265, 35282.605, 53353.353, 61125.65, 65536.24, 75315.003, 
88435.7089999999, 104541.701, 110576.172, 115546.634, 135306.117, 
1, 1, 1, 1, 1, 1, 1, 1, 1, 1, 1, 0.03846, 0.03846, 0.03846, 0.03846, 
0.03846, 0.03846, 0.03846, 0.03846, 0.03846, 0.03846, 0.03846, 
0, 0, 0, 0, 0, 0, 0, 0, 0, 0, 0, 0, 0, 0, 0, 0, 0, 0, 0, 0, 0, 
0, 0.68452, 0.68814, 0.70093, 0.7112, 0.70385, 0.69942, 0.70014, 
0.70107, 0.70438, 0.69822, 0.70157, 0.69103, 0.69011, 0.69912, 
0.71062, 0.70279, 0.7033, 0.69877, 0.70451, 0.70357, 0.69935, 
0.70156, 0.3734, 0.6609, 0.7548, 0.8696, 1.0343, 1.158, 1.3019, 
1.4249, 1.5954, 1.7617, 1.9435, 842.5, 921.4, 986.6, 1053.8, 
1129.4, 1203.1, 1278.6, 1353.1, 1429.3, 1500.9, 1573, 1, 1, 1, 
1, 1, 1, 1, 1, 1, 1, 1, 1, 1, 1, 1, 1, 1, 1, 1, 1, 1, 1, 1, 1, 
1, 1, 1, 1, 1, 1, 1, 1, 1, 1, 1, 1, 1, 1, 1, 1, 1, 1, 1, 1, 6.488, 
9.69, 10.603, 11.895, 13.89, 15.674, 16.745, 17.961, 20.213, 
21.553, 23.504), .Dim = c(11L, 40L), .Dimnames = list(NULL, c("Sampling", 
"PSO.cost", "PSO.gamma", "PSO.data.balancing", "PSO.feature.selection", 
"PSO.valid.acc", "PSO.test.acc", "PSO.train.time", "PSO.n.support.vectors", 
"PSO.index", "PSO.n.solutions", "PSO.generations", "PSO.n.evaluations", 
"PSO.cpu.time", "RS.cost", "RS.gamma", "RS.data.balancing", "RS.feature.selection", 
"RS.valid.acc", "RS.test.acc", "RS.train.time", "RS.n.support.vectors", 
"RS.index", "RS.n.solutions", "RS.generations", "RS.n.evaluations", 
"RS.cpu.time", "DF.cost", "DF.gamma", "DF.data.balancing", "DF.feature.selection", 
"DF.valid.acc", "DF.test.acc", "DF.train.time", "DF.n.support.vectors", 
"DF.index", "DF.n.solutions", "DF.generations", "DF.n.evaluations", 
"DF.cpu.time")))
