full <-
structure(c(50, 55, 60, 65, 70, 75, 80, 85, 90, 95, 100, 7.01431, 
3.31317, 5.59689, 2.6638, 5.98942, 4.56535, 15, 4.23288, 6.50568, 
2.50235, 6.54015, -8.72004, -7.37446, -5.52771, -6.13408, -6.25522, 
-6.24805, -12.95234, -6.29713, -8.03932, -6.73845, -7.28764, 
0, 0, 0, 0, 0, 0, 0, 0, 0, 0, 0, 0, 0, 0, 0, 0, 0, 0, 0, 0, 0, 
0, 0.70059, 0.7094, 0.71056, 0.709, 0.70651, 0.70619, 0.70191, 
0.70418, 0.70526, 0.70516, 0.70702, 0.697, 0.70015, 0.70512, 
0.69838, 0.69664, 0.69702, 0.69692, 0.69477, 0.70806, 0.70056, 
0.70267, 0.6924, 0.6744, 0.8552, 0.9182, 1.1343, 1.2178, 3.548, 
1.5158, 2.0383, 1.853, 2.5746, 753.7, 887.7, 859.4, 999.8, 993.1, 
1086.1, 1104.2, 1233.8, 1295.8, 1462.9, 1404.4, 711, 961, 263, 
955, 1810, 407, 1328, 676, 1031, 1568, 812, 125, 49, 105, 156, 
1, 151, 5, 189, 119, 30, 134, 100, 100, 100, 100, 100, 100, 100, 
100, 100, 100, 100, 2500, 2500, 2500, 2500, 2500, 2500, 2500, 
2500, 2500, 2500, 2500, 32303.242, 26971.929, 31065.343, 34408.032, 
45469.296, 45201.262, 95205.303, 50335.781, 69080.205, 75470.77, 
91487.175, 7.16539, 3.29629, 6.05573, 2.5141, 1.26145, 4.50556, 
12.6936, 4.22096, 6.54862, 2.49396, 6.13264, -8.82291, -7.24947, 
-5.73265, -6.31502, -4.21096, -6.22445, -11.97058, -6.29091, 
-8.07906, -6.5934, -6.92223, 0, 0, 0, 0, 0, 0, 0, 0, 0, 0, 0, 
0, 0, 0, 0, 0, 0, 0, 0, 0, 0, 0, 0.7006, 0.70741, 0.70814, 0.70844, 
0.70496, 0.70571, 0.70055, 0.70418, 0.70444, 0.7044, 0.70593, 
0.69843, 0.70081, 0.70633, 0.69839, 0.69663, 0.69702, 0.69601, 
0.6952, 0.70806, 0.69979, 0.7023, 0.7051, 0.7201, 0.893, 0.8945, 
1.0168, 1.2748, 3.3289, 1.5253, 2.0418, 1.823, 2.4513, 754.2, 
884, 856.6, 1012, 1068.2, 1086.4, 1123.9, 1233.4, 1295.3, 1453.5, 
1404, 2330, 703, 579, 2023, 271, 933, 261, 2305, 2140, 2311, 
923, 1, 1, 2, 1, 1, 1, 3, 1, 3, 1, 1, 100, 100, 100, 100, 100, 
100, 100, 100, 100, 100, 100, 2500, 2500, 2500, 2500, 2500, 2500, 
2500, 2500, 2500, 2500, 2500, 38972.963, 45987.296, 52582.597, 
62835.181, 66301.216, 78387.71, 91402.475, 98681.7340000001, 
110151.806, 118872.652, 133247.069, 1, 1, 1, 1, 1, 1, 1, 1, 1, 
1, 1, 0.03846, 0.03846, 0.03846, 0.03846, 0.03846, 0.03846, 0.03846, 
0.03846, 0.03846, 0.03846, 0.03846, 0, 0, 0, 0, 0, 0, 0, 0, 0, 
0, 0, 0, 0, 0, 0, 0, 0, 0, 0, 0, 0, 0, 0.68097, 0.69682, 0.69367, 
0.70003, 0.69506, 0.68977, 0.69557, 0.69562, 0.69961, 0.69751, 
0.69756, 0.68461, 0.70079, 0.68943, 0.69276, 0.69038, 0.69364, 
0.69692, 0.69902, 0.69921, 0.69979, 0.69756, 0.594, 0.6753, 0.8123, 
0.8941, 1.0411, 1.1768, 1.3293, 1.4498, 1.6715, 1.7799, 1.9399, 
860.8, 924.2, 998.8, 1071.6, 1141.2, 1218.7, 1295.2, 1365.5, 
1433.2, 1501.3, 1569.7, 1, 1, 1, 1, 1, 1, 1, 1, 1, 1, 1, 1, 1, 
1, 1, 1, 1, 1, 1, 1, 1, 1, 1, 1, 1, 1, 1, 1, 1, 1, 1, 1, 1, 1, 
1, 1, 1, 1, 1, 1, 1, 1, 1, 1, 9.17, 9.759, 11.397, 12.474, 14.384, 
15.485, 16.903, 18.169, 20.512, 21.598, 23.383), .Dim = c(11L, 
40L), .Dimnames = list(NULL, c("Sampling", "PSO.cost", "PSO.gamma", 
"PSO.data.balancing", "PSO.feature.selection", "PSO.valid.acc", 
"PSO.test.acc", "PSO.train.time", "PSO.n.support.vectors", "PSO.index", 
"PSO.n.solutions", "PSO.generations", "PSO.n.evaluations", "PSO.cpu.time", 
"RS.cost", "RS.gamma", "RS.data.balancing", "RS.feature.selection", 
"RS.valid.acc", "RS.test.acc", "RS.train.time", "RS.n.support.vectors", 
"RS.index", "RS.n.solutions", "RS.generations", "RS.n.evaluations", 
"RS.cpu.time", "DF.cost", "DF.gamma", "DF.data.balancing", "DF.feature.selection", 
"DF.valid.acc", "DF.test.acc", "DF.train.time", "DF.n.support.vectors", 
"DF.index", "DF.n.solutions", "DF.generations", "DF.n.evaluations", 
"DF.cpu.time")))
