full <-
structure(c(50, 55, 60, 65, 70, 75, 80, 85, 90, 95, 100, 13.28689, 
13.87955, 8.02927, 10.92575, 15, 10.48061, 12.69624, 7.39202, 
15, 6.80503, 11.24209, -12.93927, -14.90246, -8.93117, -12.45086, 
-14.92407, -12.12772, -12.57065, -9.33976, -12.91525, -8.3341, 
-10.76809, 0, 0, 0, 0, 0, 0, 0, 0, 0, 0, 0, 0, 0, 0, 0, 0, 0, 
0, 0, 0, 0, 0, 0.70937, 0.71398, 0.7132, 0.71177, 0.70748, 0.71291, 
0.71097, 0.71051, 0.70282, 0.70707, 0.70595, 0.70428, 0.7054, 
0.71135, 0.70391, 0.708, 0.71097, 0.70735, 0.70498, 0.69718, 
0.70362, 0.70158, 1.2216, 1.0732, 1.0482, 1.5539, 1.7371, 2.0778, 
3.0039, 1.8607, 4.2932, 2.3519, 5.0897, 700.2, 771, 850.5, 935.9, 
946.7, 1084.2, 1102, 1245, 1234.8, 1370.2, 1400.9, 548, 706, 
2485, 960, 1927, 688, 1918, 808, 1633, 819, 1009, 13, 2, 1, 3, 
2, 61, 5, 150, 1, 60, 10, 100, 100, 100, 100, 100, 100, 100, 
100, 100, 100, 100, 2500, 2500, 2500, 2500, 2500, 2500, 2500, 
2500, 2500, 2500, 2500, 36452.111, 35063.147, 37163.171, 43923.844, 
61125.986, 58831.82, 84728.823, 66086.561, 101448.396, 85802.4489999998, 
134808.709, 13.20422, 12.79527, 8.51775, 8.54127, 14.87346, 14.13538, 
14.21669, 7.91145, -0.25546, 7.11926, 11.67725, -13.03585, -14.49742, 
-8.97037, -10.37841, -14.68382, -13.09171, -13.52586, -9.33817, 
-3.40186, -8.56404, -10.92803, 0, 0, 0, 0, 0, 0, 0, 0, 0, 0, 
0, 0, 0, 0, 0, 0, 0, 0, 0, 0, 0, 0, 0.70791, 0.71202, 0.71199, 
0.71176, 0.70852, 0.71291, 0.71052, 0.70922, 0.70282, 0.7063, 
0.70486, 0.70064, 0.70474, 0.70713, 0.70278, 0.70903, 0.71048, 
0.70735, 0.70497, 0.70202, 0.70324, 0.70231, 1.1882, 1.0725, 
1.1238, 1.2175, 1.9301, 2.7715, 2.8618, 2.0077, 1.5988, 2.422, 
5.4765, 703.5, 788.5, 843.1, 947.2, 951.9, 1009.8, 1081.6, 1230.5, 
1429.5, 1369, 1395.5, 383, 156, 2365, 1855, 1645, 1093, 474, 
153, 1227, 294, 511, 3, 1, 2, 1, 1, 1, 1, 2, 1, 1, 8, 100, 100, 
100, 100, 100, 100, 100, 100, 100, 100, 100, 2500, 2500, 2500, 
2500, 2500, 2500, 2500, 2500, 2500, 2500, 2500, 35765.143, 42700.583, 
48140.868, 58568.035, 60531.198, 73601.0600000001, 84123.7019999999, 
91884.861, 111027.62, 128208.664, 141057.717, 1, 1, 1, 1, 1, 
1, 1, 1, 1, 1, 1, 0.03846, 0.03846, 0.03846, 0.03846, 0.03846, 
0.03846, 0.03846, 0.03846, 0.03846, 0.03846, 0.03846, 0, 0, 0, 
0, 0, 0, 0, 0, 0, 0, 0, 0, 0, 0, 0, 0, 0, 0, 0, 0, 0, 0, 0.68833, 
0.69487, 0.69982, 0.69832, 0.69248, 0.69984, 0.70549, 0.70154, 
0.69798, 0.6998, 0.6943, 0.68977, 0.69751, 0.69924, 0.69664, 
0.6961, 0.70226, 0.70096, 0.6973, 0.69637, 0.69674, 0.69903, 
0.5383, 0.6315, 0.7621, 0.8791, 1.0392, 1.145, 1.2969, 1.4494, 
1.5959, 1.7686, 1.9659, 835.3, 909.8, 975.7, 1055.9, 1138.6, 
1198.8, 1274.6, 1349.3, 1435.3, 1504.1, 1570.5, 1, 1, 1, 1, 1, 
1, 1, 1, 1, 1, 1, 1, 1, 1, 1, 1, 1, 1, 1, 1, 1, 1, 1, 1, 1, 1, 
1, 1, 1, 1, 1, 1, 1, 1, 1, 1, 1, 1, 1, 1, 1, 1, 1, 1, 8.286, 
9.252, 11.408, 12.027, 13.949, 15.347, 16.524, 18.706, 20.006, 
21.519, 23.798), .Dim = c(11L, 40L), .Dimnames = list(NULL, c("Sampling", 
"PSO.cost", "PSO.gamma", "PSO.data.balancing", "PSO.feature.selection", 
"PSO.valid.acc", "PSO.test.acc", "PSO.train.time", "PSO.n.support.vectors", 
"PSO.index", "PSO.n.solutions", "PSO.generations", "PSO.n.evaluations", 
"PSO.cpu.time", "RS.cost", "RS.gamma", "RS.data.balancing", "RS.feature.selection", 
"RS.valid.acc", "RS.test.acc", "RS.train.time", "RS.n.support.vectors", 
"RS.index", "RS.n.solutions", "RS.generations", "RS.n.evaluations", 
"RS.cpu.time", "DF.cost", "DF.gamma", "DF.data.balancing", "DF.feature.selection", 
"DF.valid.acc", "DF.test.acc", "DF.train.time", "DF.n.support.vectors", 
"DF.index", "DF.n.solutions", "DF.generations", "DF.n.evaluations", 
"DF.cpu.time")))
