full <-
structure(c(50, 55, 60, 65, 70, 75, 80, 85, 90, 95, 100, 0.73144, 
15, 12.1838, 13.37188, 12.6955, 8.38768, 7.96134, 4.20531, 9.46693, 
5.78826, 7.83799, -4.7277, -13.87747, -9.94408, -14.99958, -14.09878, 
-10.4783, -8.78296, -6.68806, -11.84424, -7.54312, -8.08726, 
0, 0, 0, 0, 0, 0, 0, 0, 0, 0, 0, 0, 0, 0, 0, 0, 0, 0, 0, 0, 0, 
0, 0.71509, 0.71874, 0.72032, 0.71394, 0.70802, 0.714, 0.71194, 
0.70924, 0.70603, 0.70628, 0.7059, 0.70564, 0.71216, 0.70457, 
0.70723, 0.70595, 0.70674, 0.7024, 0.70285, 0.7032, 0.69941, 
0.70081, 0.5269, 1.2363, 2.2539, 1.2902, 1.6795, 1.5305, 1.9681, 
1.6013, 2.6066, 2.172, 3.2279, 787.4, 733, 818, 900.3, 980.4, 
1098.7, 1134.7, 1232.5, 1343.3, 1358.2, 1398.6, 1256, 490, 1756, 
823, 1072, 606, 903, 2384, 1038, 235, 366, 55, 11, 1, 32, 4, 
77, 197, 1, 62, 67, 18, 100, 100, 100, 100, 100, 100, 100, 100, 
100, 100, 100, 2500, 2500, 2500, 2500, 2500, 2500, 2500, 2500, 
2500, 2500, 2500, 29775.028, 40678.696, 50573.464, 42555.491, 
52047.546, 54068.066, 67373.346, 67695.953, 82267.961, 104623.334, 
214475.678, 0.38766, 12.21654, 12.99046, 12.92646, 11.6456, 8.05295, 
7.7407, 5.01694, 10.65535, 5.86758, 7.42263, -4.95189, -12.0852, 
-12.75062, -14.54968, -13.49462, -10.15612, -8.67785, -7.20314, 
-13.1512, -7.62353, -7.89159, 0, 0, 0, 0, 0, 0, 0, 0, 0, 0, 0, 
0, 0, 0, 0, 0, 0, 0, 0, 0, 0, 0, 0.71217, 0.71806, 0.7203, 0.71338, 
0.7075, 0.71255, 0.71103, 0.70797, 0.70522, 0.70552, 0.70553, 
0.69981, 0.70885, 0.71244, 0.70667, 0.70336, 0.70771, 0.7024, 
0.70285, 0.7024, 0.70056, 0.7019, 0.5384, 1.3628, 1.6544, 1.3364, 
1.7305, 1.5621, 1.8799, 1.6516, 2.7979, 2.237, 3.0393, 805.8, 
755.6, 809.2, 905.1, 1000.2, 1096.1, 1137.1, 1226.8, 1336.8, 
1356.9, 1400.3, 1154, 1519, 157, 2109, 763, 2118, 1982, 203, 
573, 734, 1720, 1, 1, 1, 1, 1, 2, 1, 3, 2, 1, 2, 100, 100, 100, 
100, 100, 100, 100, 100, 100, 100, 100, 2500, 2500, 2500, 2500, 
2500, 2500, 2500, 2500, 2500, 2500, 2500, 36550.022, 41578.447, 
51340.334, 55615.903, 69499.18, 78345.9990000001, 89826.964, 
104654.129, 113454.06, 128047.145, 138630.103, 1, 1, 1, 1, 1, 
1, 1, 1, 1, 1, 1, 0.03846, 0.03846, 0.03846, 0.03846, 0.03846, 
0.03846, 0.03846, 0.03846, 0.03846, 0.03846, 0.03846, 0, 0, 0, 
0, 0, 0, 0, 0, 0, 0, 0, 0, 0, 0, 0, 0, 0, 0, 0, 0, 0, 0, 0.71144, 
0.71079, 0.71303, 0.70444, 0.70074, 0.70282, 0.70196, 0.70326, 
0.70241, 0.70017, 0.69827, 0.70346, 0.71083, 0.71242, 0.7089, 
0.69816, 0.70766, 0.70692, 0.69941, 0.70563, 0.69904, 0.69971, 
0.5219, 0.6553, 0.7576, 0.8899, 1.0144, 1.1617, 1.3247, 1.4737, 
1.6507, 1.8371, 1.9906, 813.5, 887.6, 961.2, 1049.8, 1125.5, 
1200.3, 1275.1, 1351.4, 1430.5, 1497.1, 1570.3, 1, 1, 1, 1, 1, 
1, 1, 1, 1, 1, 1, 1, 1, 1, 1, 1, 1, 1, 1, 1, 1, 1, 1, 1, 1, 1, 
1, 1, 1, 1, 1, 1, 1, 1, 1, 1, 1, 1, 1, 1, 1, 1, 1, 1, 8.334, 
9.719, 11.545, 12.332, 14.431, 16.293, 18.039, 20.001, 21.492, 
23.432, 24.183), .Dim = c(11L, 40L), .Dimnames = list(NULL, c("Sampling", 
"PSO.cost", "PSO.gamma", "PSO.data.balancing", "PSO.feature.selection", 
"PSO.valid.acc", "PSO.test.acc", "PSO.train.time", "PSO.n.support.vectors", 
"PSO.index", "PSO.n.solutions", "PSO.generations", "PSO.n.evaluations", 
"PSO.cpu.time", "RS.cost", "RS.gamma", "RS.data.balancing", "RS.feature.selection", 
"RS.valid.acc", "RS.test.acc", "RS.train.time", "RS.n.support.vectors", 
"RS.index", "RS.n.solutions", "RS.generations", "RS.n.evaluations", 
"RS.cpu.time", "DF.cost", "DF.gamma", "DF.data.balancing", "DF.feature.selection", 
"DF.valid.acc", "DF.test.acc", "DF.train.time", "DF.n.support.vectors", 
"DF.index", "DF.n.solutions", "DF.generations", "DF.n.evaluations", 
"DF.cpu.time")))
