full <-
structure(c(50, 55, 60, 65, 70, 75, 80, 85, 90, 95, 100, 7.19124, 
7.14108, 12.5017, 6.25723, 10.09151, 14.9677, 13.69762, 12.72532, 
14.75033, 11.96516, 12.73061, -9.59209, -8.97098, -15, -10.56933, 
-10.56396, -13.48301, -12.11652, -10.5204, -12.70601, -13.62958, 
-11.21661, 0, 0, 0, 0, 0, 0, 0, 0, 0, 0, 0, 0, 0, 0, 0, 0, 0, 
0, 0, 0, 0, 0, 0.71146, 0.70942, 0.69604, 0.70167, 0.70228, 0.71007, 
0.71425, 0.69856, 0.70363, 0.70207, 0.7056, 0.70564, 0.70612, 
0.69183, 0.69049, 0.69506, 0.70717, 0.70196, 0.69173, 0.69959, 
0.69711, 0.69941, 0.6415, 0.7907, 1.0843, 1.0275, 1.7927, 2.8289, 
3.6849, 5.4149, 4.2016, 3.0875, 5.8483, 743.2, 804.4, 880.3, 
1050.2, 1006.2, 1019.9, 1094.8, 1186.6, 1235, 1350.8, 1384.4, 
895, 1451, 361, 1134, 540, 1074, 2109, 2053, 1984, 528, 900, 
43, 27, 56, 39, 90, 1, 3, 3, 1, 8, 1, 100, 100, 100, 100, 100, 
100, 100, 100, 100, 100, 100, 2500, 2500, 2500, 2500, 2500, 2500, 
2500, 2500, 2500, 2500, 2500, 27447.704, 35416.627, 38298.196, 
36302.132, 58570.313, 73685.174, 95548.485, 131109.531, 119099.85, 
85357.9949999999, 120518.876, 7.69183, 9.58316, 10.29292, 7.94305, 
10.578, 14.76852, 11.0007, 12.99031, 4.36819, 12.57222, 14.91612, 
-10.06161, -12.30444, -12.70601, -11.97336, -10.79776, -13.85032, 
-10.97046, -10.67299, -6.70597, -14.11843, -13.24394, 0, 0, 0, 
0, 0, 0, 0, 0, 0, 0, 0, 0, 0, 0, 0, 0, 0, 0, 0, 0, 0, 0, 0.71073, 
0.70942, 0.69482, 0.70167, 0.70126, 0.71005, 0.71334, 0.69814, 
0.70321, 0.70169, 0.70525, 0.70707, 0.70218, 0.68759, 0.69105, 
0.69402, 0.70571, 0.70423, 0.69301, 0.69475, 0.6975, 0.70197, 
0.6728, 0.9325, 1.1661, 1.1079, 2.0905, 2.459, 2.965, 5.4002, 
1.7281, 2.8801, 4.7114, 742.5, 848.2, 903.7, 1048, 1001.6, 1018, 
1121.1, 1185.6, 1306.6, 1337, 1363.8, 1985, 305, 690, 1043, 1976, 
2334, 800, 1863, 2427, 2000, 659, 1, 1, 3, 1, 1, 1, 1, 1, 1, 
1, 1, 100, 100, 100, 100, 100, 100, 100, 100, 100, 100, 100, 
2500, 2500, 2500, 2500, 2500, 2500, 2500, 2500, 2500, 2500, 2500, 
34031.495, 41977.906, 49712.803, 59793.351, 66753.717, 71731.872, 
86424.417, 96957.755, 111244.573, 117274.631, 135910.76, 1, 1, 
1, 1, 1, 1, 1, 1, 1, 1, 1, 0.03846, 0.03846, 0.03846, 0.03846, 
0.03846, 0.03846, 0.03846, 0.03846, 0.03846, 0.03846, 0.03846, 
0, 0, 0, 0, 0, 0, 0, 0, 0, 0, 0, 0, 0, 0, 0, 0, 0, 0, 0, 0, 0, 
0, 0.689, 0.69221, 0.68881, 0.68939, 0.68417, 0.69748, 0.69563, 
0.68792, 0.6939, 0.69366, 0.7016, 0.68823, 0.69091, 0.6864, 0.67987, 
0.68521, 0.6941, 0.69334, 0.68407, 0.69271, 0.69557, 0.70088, 
0.5371, 0.6568, 0.7638, 0.9147, 1.0241, 1.1336, 1.3199, 1.4752, 
1.6046, 1.7508, 1.9327, 827.3, 903.2, 983.4, 1061.4, 1134.7, 
1200.8, 1272.4, 1362.8, 1431.4, 1504, 1568.8, 1, 1, 1, 1, 1, 
1, 1, 1, 1, 1, 1, 1, 1, 1, 1, 1, 1, 1, 1, 1, 1, 1, 1, 1, 1, 1, 
1, 1, 1, 1, 1, 1, 1, 1, 1, 1, 1, 1, 1, 1, 1, 1, 1, 1, 8.285, 
9.495, 10.805, 12.562, 13.852, 14.861, 16.897, 18.358, 19.822, 
21.438, 23.253), .Dim = c(11L, 40L), .Dimnames = list(NULL, c("Sampling", 
"PSO.cost", "PSO.gamma", "PSO.data.balancing", "PSO.feature.selection", 
"PSO.valid.acc", "PSO.test.acc", "PSO.train.time", "PSO.n.support.vectors", 
"PSO.index", "PSO.n.solutions", "PSO.generations", "PSO.n.evaluations", 
"PSO.cpu.time", "RS.cost", "RS.gamma", "RS.data.balancing", "RS.feature.selection", 
"RS.valid.acc", "RS.test.acc", "RS.train.time", "RS.n.support.vectors", 
"RS.index", "RS.n.solutions", "RS.generations", "RS.n.evaluations", 
"RS.cpu.time", "DF.cost", "DF.gamma", "DF.data.balancing", "DF.feature.selection", 
"DF.valid.acc", "DF.test.acc", "DF.train.time", "DF.n.support.vectors", 
"DF.index", "DF.n.solutions", "DF.generations", "DF.n.evaluations", 
"DF.cpu.time")))
