full <-
structure(c(50, 55, 60, 65, 70, 75, 80, 85, 90, 95, 100, 4.5942, 
1.44579, 6.59975, 11.79681, 15, 14.99958, 8.51204, 1.69463, 14.98507, 
6.42913, 8.94725, -8.07127, -4.52185, -8.24459, -9.47852, -14.62679, 
-10.99907, -11.35021, -5.2895, -14.93745, -8.80972, -9.62254, 
0, 0, 0, 0, 0, 0, 0, 0, 0, 0, 0, 0, 0, 0, 0, 0, 0, 0, 0, 0, 0, 
0, 0.71003, 0.71341, 0.71188, 0.71504, 0.71266, 0.71594, 0.71238, 
0.71094, 0.71051, 0.70779, 0.7074, 0.69834, 0.70086, 0.70576, 
0.70335, 0.71058, 0.71357, 0.70785, 0.70411, 0.70244, 0.7009, 
0.70268, 0.6126, 0.6511, 0.9332, 2.5171, 1.9015, 5.4718, 1.6868, 
1.4071, 2.8944, 2.1806, 3.3437, 784.7, 862.8, 874.8, 894.9, 939.9, 
1003.3, 1207.6, 1276.2, 1217.6, 1397.3, 1423.5, 1504, 1452, 1012, 
282, 578, 1896, 577, 1274, 2078, 942, 2491, 52, 86, 48, 19, 8, 
4, 57, 32, 1, 47, 1, 100, 100, 100, 100, 100, 100, 100, 100, 
100, 100, 100, 2500, 2500, 2500, 2500, 2500, 2500, 2500, 2500, 
2500, 2500, 2500, 24585.487, 27642.651, 33424.435, 78026.203, 
63863.006, 132398.763, 53428.262, 71214.241, 86683.089, 73022.767, 
117763.168, 4.67541, 1.92237, 6.65036, 9.09467, 7.87408, 14.5767, 
7.79197, 9.06775, 6.56961, 7.27208, 8.47998, -7.97359, -5.00259, 
-8.35966, -8.2366, -9.50092, -10.79782, -10.6195, -9.74662, -9.89184, 
-9.27897, -9.44023, 0, 0, 0, 0, 0, 0, 0, 0, 0, 0, 0, 0, 0, 0, 
0, 0, 0, 0, 0, 0, 0, 0, 0.70856, 0.71208, 0.71065, 0.71336, 0.71214, 
0.71594, 0.71147, 0.71094, 0.70929, 0.70703, 0.70703, 0.6998, 
0.69954, 0.70577, 0.7011, 0.71523, 0.71066, 0.7083, 0.69941, 
0.70162, 0.70128, 0.70449, 0.5924, 0.655, 0.9342, 1.4739, 1.3539, 
5.43, 1.6024, 2.3091, 1.9325, 2.3096, 3.1429, 778.7, 854.7, 877, 
901.4, 1013.8, 1005, 1203.3, 1202.8, 1376.5, 1387, 1428.7, 429, 
673, 513, 1922, 1574, 2130, 2003, 122, 753, 2192, 1000, 1, 1, 
1, 1, 1, 1, 1, 2, 1, 1, 1, 100, 100, 100, 100, 100, 100, 100, 
100, 100, 100, 100, 2500, 2500, 2500, 2500, 2500, 2500, 2500, 
2500, 2500, 2500, 2500, 37012.276, 44553.931, 52460.233, 56480.862, 
66115.663, 76157.519, 83746.753, 94059.907, 118159.474, 120920.836, 
143271.653, 1, 1, 1, 1, 1, 1, 1, 1, 1, 1, 1, 0.03846, 0.03846, 
0.03846, 0.03846, 0.03846, 0.03846, 0.03846, 0.03846, 0.03846, 
0.03846, 0.03846, 0, 0, 0, 0, 0, 0, 0, 0, 0, 0, 0, 0, 0, 0, 0, 
0, 0, 0, 0, 0, 0, 0, 0.6889, 0.69623, 0.70214, 0.70391, 0.70908, 
0.70432, 0.70239, 0.70283, 0.70242, 0.7013, 0.70158, 0.69185, 
0.69296, 0.70342, 0.70335, 0.69455, 0.70965, 0.70375, 0.70196, 
0.69596, 0.70244, 0.69904, 0.575, 0.6672, 0.7947, 0.8778, 0.9903, 
1.1503, 1.3087, 1.4899, 1.5832, 1.7853, 1.9389, 839.9, 916.3, 
987.4, 1056.1, 1124.2, 1192.3, 1270, 1345.6, 1423.4, 1496.8, 
1567.4, 1, 1, 1, 1, 1, 1, 1, 1, 1, 1, 1, 1, 1, 1, 1, 1, 1, 1, 
1, 1, 1, 1, 1, 1, 1, 1, 1, 1, 1, 1, 1, 1, 1, 1, 1, 1, 1, 1, 1, 
1, 1, 1, 1, 1, 9.213, 10.373, 11.771, 12.376, 13.53, 15.035, 
17.016, 19.018, 19.878, 22.001, 24.051), .Dim = c(11L, 40L), .Dimnames = list(
    NULL, c("Sampling", "PSO.cost", "PSO.gamma", "PSO.data.balancing", 
    "PSO.feature.selection", "PSO.valid.acc", "PSO.test.acc", 
    "PSO.train.time", "PSO.n.support.vectors", "PSO.index", "PSO.n.solutions", 
    "PSO.generations", "PSO.n.evaluations", "PSO.cpu.time", "RS.cost", 
    "RS.gamma", "RS.data.balancing", "RS.feature.selection", 
    "RS.valid.acc", "RS.test.acc", "RS.train.time", "RS.n.support.vectors", 
    "RS.index", "RS.n.solutions", "RS.generations", "RS.n.evaluations", 
    "RS.cpu.time", "DF.cost", "DF.gamma", "DF.data.balancing", 
    "DF.feature.selection", "DF.valid.acc", "DF.test.acc", "DF.train.time", 
    "DF.n.support.vectors", "DF.index", "DF.n.solutions", "DF.generations", 
    "DF.n.evaluations", "DF.cpu.time")))
