full <-
structure(c(50, 55, 60, 65, 70, 75, 80, 85, 90, 95, 100, 12.74681, 
9.77212, 4.42275, 8.53587, 8.28083, 5.71514, 10.05013, 7.23856, 
13.01338, 11.9972, 7.56588, -14.62951, -11.72801, -5.06383, -7.7351, 
-10.85117, -6.91518, -12.18203, -9.16424, -14.13497, -13.33322, 
-8.50073, 0, 0, 0, 0, 0, 0, 0, 0, 0, 0, 0, 0, 0, 0, 0, 0, 0, 
0, 0, 0, 0, 0, 0.68602, 0.68826, 0.69067, 0.69716, 0.6893, 0.68635, 
0.69233, 0.69303, 0.69796, 0.70015, 0.70626, 0.68602, 0.68365, 
0.68525, 0.68655, 0.68774, 0.68585, 0.68869, 0.69002, 0.69432, 
0.69593, 0.70408, 0.8042, 0.9251, 0.7611, 1.1682, 1.3504, 1.3079, 
2.1011, 1.8888, 2.6963, 3.2927, 2.9586, 751, 847.4, 889.2, 928.8, 
1089.1, 1096.5, 1219.8, 1281, 1268, 1356.8, 1413.1, 856, 1273, 
1400, 500, 186, 1543, 288, 1634, 154, 2455, 1188, 11, 8, 14, 
43, 9, 15, 63, 27, 1, 3, 31, 100, 100, 100, 100, 100, 100, 100, 
100, 100, 100, 100, 2500, 2500, 2500, 2500, 2500, 2500, 2500, 
2500, 2500, 2500, 2500, 28330.627, 31860.426, 42939.241, 66355.721, 
50528.172, 56116.034, 64262.672, 58047.634, 72390.878, 87101.1120000002, 
85777.2850000001, 11.46448, 3.18623, 3.45423, 5.88389, 6.78011, 
4.20449, 10.45989, 7.25914, 9.71248, 11.68092, 2.10216, -13.38765, 
-4.50563, -4.67889, -7.29805, -9.60752, -4.48049, -12.71908, 
-9.29025, -13.8121, -13.04757, -5.82551, 0, 0, 0, 0, 0, 0, 0, 
0, 0, 0, 0, 0, 0, 0, 0, 0, 0, 0, 0, 0, 0, 0, 0.68529, 0.68826, 
0.68948, 0.69551, 0.6898, 0.68589, 0.69096, 0.69173, 0.69794, 
0.70015, 0.70518, 0.68456, 0.68233, 0.68707, 0.68267, 0.68305, 
0.6762, 0.68779, 0.68959, 0.69471, 0.69593, 0.70154, 0.8631, 
0.6365, 0.7446, 0.9879, 1.2249, 1.2226, 2.1485, 1.8598, 2.1079, 
3.3735, 1.9635, 763.4, 839.7, 901.7, 956.5, 1086.5, 1110.5, 1218.3, 
1286.4, 1447.8, 1360.9, 1495, 91, 1995, 2438, 2201, 1919, 1884, 
161, 840, 648, 604, 1873, 4, 1, 1, 1, 1, 1, 5, 1, 1, 1, 1, 100, 
100, 100, 100, 100, 100, 100, 100, 100, 100, 100, 2500, 2500, 
2500, 2500, 2500, 2500, 2500, 2500, 2500, 2500, 2500, 34672.568, 
41719.716, 46046.393, 58815.568, 65762.495, 78020.432, 85279.786, 
96022.0820000001, 110824.766, 123417.943, 129439.026, 1, 1, 1, 
1, 1, 1, 1, 1, 1, 1, 1, 0.03846, 0.03846, 0.03846, 0.03846, 0.03846, 
0.03846, 0.03846, 0.03846, 0.03846, 0.03846, 0.03846, 0, 0, 0, 
0, 0, 0, 0, 0, 0, 0, 0, 0, 0, 0, 0, 0, 0, 0, 0, 0, 0, 0, 0.67439, 
0.67702, 0.67376, 0.68156, 0.68145, 0.68154, 0.68415, 0.68659, 
0.69394, 0.69747, 0.70118, 0.67219, 0.67703, 0.67678, 0.67652, 
0.67733, 0.67571, 0.68463, 0.68787, 0.69311, 0.69936, 0.70265, 
0.5376, 0.6282, 0.7434, 0.9027, 1.0535, 1.1831, 1.3122, 1.4328, 
1.5768, 1.8242, 1.9581, 845.8, 919.6, 995.5, 1069.8, 1156.5, 
1230.2, 1308.7, 1383, 1443.7, 1509.3, 1569.1, 1, 1, 1, 1, 1, 
1, 1, 1, 1, 1, 1, 1, 1, 1, 1, 1, 1, 1, 1, 1, 1, 1, 1, 1, 1, 1, 
1, 1, 1, 1, 1, 1, 1, 1, 1, 1, 1, 1, 1, 1, 1, 1, 1, 1, 8.366, 
9.323, 10.58, 12.361, 13.97, 15.275, 16.586, 17.795, 19.467, 
22.115, 23.44), .Dim = c(11L, 40L), .Dimnames = list(NULL, c("Sampling", 
"PSO.cost", "PSO.gamma", "PSO.data.balancing", "PSO.feature.selection", 
"PSO.valid.acc", "PSO.test.acc", "PSO.train.time", "PSO.n.support.vectors", 
"PSO.index", "PSO.n.solutions", "PSO.generations", "PSO.n.evaluations", 
"PSO.cpu.time", "RS.cost", "RS.gamma", "RS.data.balancing", "RS.feature.selection", 
"RS.valid.acc", "RS.test.acc", "RS.train.time", "RS.n.support.vectors", 
"RS.index", "RS.n.solutions", "RS.generations", "RS.n.evaluations", 
"RS.cpu.time", "DF.cost", "DF.gamma", "DF.data.balancing", "DF.feature.selection", 
"DF.valid.acc", "DF.test.acc", "DF.train.time", "DF.n.support.vectors", 
"DF.index", "DF.n.solutions", "DF.generations", "DF.n.evaluations", 
"DF.cpu.time")))
