full <-
structure(c(50, 55, 60, 65, 70, 75, 80, 85, 90, 95, 100, 11.97927, 
7.04929, 3.07379, 0.41112, 3.52841, 6.23286, 1.32671, 2.36278, 
-0.16019, 15, 13.48365, -12.69469, -8.64907, -5.75446, -3.27392, 
-4.40796, -7.928, -3.88644, -4.0079, -3.46867, -12.53685, -11.35874, 
0, 0, 0, 0, 0, 0, 0, 0, 0, 0, 0, 0, 0, 0, 0, 0, 0, 0, 0, 0, 0, 
0, 0.70296, 0.69696, 0.70034, 0.70561, 0.70138, 0.70285, 0.70278, 
0.70325, 0.70083, 0.70051, 0.70373, 0.70292, 0.68239, 0.69548, 
0.69834, 0.69665, 0.69901, 0.69507, 0.69683, 0.69274, 0.69669, 
0.70081, 1.0656, 0.7889, 0.7751, 0.8768, 1.0304, 1.4993, 1.3158, 
1.4901, 1.6031, 5.6918, 6.7749, 736.8, 824.6, 911.3, 1032.3, 
1023.8, 1098.2, 1214.7, 1263.5, 1417.8, 1310.2, 1376.1, 851, 
1708, 1838, 1083, 1124, 2004, 1926, 1772, 2243, 2276, 2290, 11, 
64, 43, 33, 97, 10, 13, 30, 4, 1, 1, 100, 100, 100, 100, 100, 
100, 100, 100, 100, 100, 100, 2500, 2500, 2500, 2500, 2500, 2500, 
2500, 2500, 2500, 2500, 2500, 34611.121, 38714.918, 39127.148, 
42502.599, 43372.695, 59331.379, 47444.986, 51084.012, 72713.839, 
168810.53, 152276.292, 14.27662, 7.07944, 12.71284, 0.35162, 
3.61088, 6.3697, 1.1731, 2.74399, 3.1375, 12.48417, 11.62205, 
-14.74392, -8.97539, -14.77071, -3.20852, -4.45504, -7.94354, 
-3.74995, -4.16884, -5.72018, -11.18687, -10.31464, 0, 0, 0, 
0, 0, 0, 0, 0, 0, 0, 0, 0, 0, 0, 0, 0, 0, 0, 0, 0, 0, 0, 0.70296, 
0.69563, 0.69973, 0.70505, 0.70087, 0.7014, 0.70052, 0.70026, 
0.69959, 0.69898, 0.70299, 0.7051, 0.68368, 0.69366, 0.6989, 
0.69717, 0.69804, 0.69462, 0.69853, 0.69838, 0.69745, 0.70081, 
0.9988, 0.803, 1.2295, 0.8821, 1.0332, 1.5269, 1.3034, 1.4887, 
1.6258, 5.4707, 6.4068, 715.4, 829, 889.8, 1037, 1022.1, 1095.9, 
1219.1, 1255.4, 1325.8, 1327.4, 1391.6, 218, 2336, 1859, 61, 
228, 1808, 1122, 1125, 1962, 2195, 1089, 1, 1, 1, 1, 1, 1, 1, 
1, 1, 1, 1, 100, 100, 100, 100, 100, 100, 100, 100, 100, 100, 
100, 2500, 2500, 2500, 2500, 2500, 2500, 2500, 2500, 2500, 2500, 
2500, 39712.832, 46777.257, 55040.545, 63844.963, 72550.701, 
86516.1120000001, 93985.0429999999, 110712.37, 108807.312, 125992.485, 
139838.708, 1, 1, 1, 1, 1, 1, 1, 1, 1, 1, 1, 0.03846, 0.03846, 
0.03846, 0.03846, 0.03846, 0.03846, 0.03846, 0.03846, 0.03846, 
0.03846, 0.03846, 0, 0, 0, 0, 0, 0, 0, 0, 0, 0, 0, 0, 0, 0, 0, 
0, 0, 0, 0, 0, 0, 0, 0.68029, 0.67775, 0.69124, 0.69392, 0.69187, 
0.69366, 0.68828, 0.69217, 0.69639, 0.6952, 0.70009, 0.68682, 
0.67703, 0.68701, 0.69393, 0.69033, 0.68929, 0.6892, 0.69303, 
0.69194, 0.69289, 0.69827, 0.5504, 0.6419, 0.779, 0.8841, 1.0692, 
1.2, 1.3257, 1.4875, 1.6011, 1.7716, 1.9555, 843.6, 916.5, 988.8, 
1052.7, 1126.4, 1208.7, 1290.5, 1368.5, 1435.6, 1509.2, 1566.1, 
1, 1, 1, 1, 1, 1, 1, 1, 1, 1, 1, 1, 1, 1, 1, 1, 1, 1, 1, 1, 1, 
1, 1, 1, 1, 1, 1, 1, 1, 1, 1, 1, 1, 1, 1, 1, 1, 1, 1, 1, 1, 1, 
1, 1, 9.981, 10.95, 13.052, 14.192, 16.363, 17.01, 17.674, 19.902, 
20.831, 22.688, 24.552), .Dim = c(11L, 40L), .Dimnames = list(
    NULL, c("Sampling", "PSO.cost", "PSO.gamma", "PSO.data.balancing", 
    "PSO.feature.selection", "PSO.valid.acc", "PSO.test.acc", 
    "PSO.train.time", "PSO.n.support.vectors", "PSO.index", "PSO.n.solutions", 
    "PSO.generations", "PSO.n.evaluations", "PSO.cpu.time", "RS.cost", 
    "RS.gamma", "RS.data.balancing", "RS.feature.selection", 
    "RS.valid.acc", "RS.test.acc", "RS.train.time", "RS.n.support.vectors", 
    "RS.index", "RS.n.solutions", "RS.generations", "RS.n.evaluations", 
    "RS.cpu.time", "DF.cost", "DF.gamma", "DF.data.balancing", 
    "DF.feature.selection", "DF.valid.acc", "DF.test.acc", "DF.train.time", 
    "DF.n.support.vectors", "DF.index", "DF.n.solutions", "DF.generations", 
    "DF.n.evaluations", "DF.cpu.time")))
