full <-
structure(c(50, 55, 60, 65, 70, 75, 80, 85, 90, 95, 100, 3.11702, 
14.31943, 5.83065, 4.81958, 7.50164, 10.98378, 12.74087, 13.62556, 
2.59126, 5.60495, 15, -6.01238, -11.71495, -7.24538, -8.17659, 
-8.1042, -13.07025, -9.88372, -14.56142, -4.20315, -8.31644, 
-12.44552, 0, 0, 0, 0, 0, 0, 0, 0, 0, 0, 0, 0, 0, 0, 0, 0, 0, 
0, 0, 0, 0, 0, 0.69911, 0.70025, 0.70161, 0.69951, 0.70129, 0.69993, 
0.70552, 0.70371, 0.70002, 0.70475, 0.71063, 0.69697, 0.68636, 
0.69797, 0.69114, 0.69611, 0.6912, 0.69961, 0.69859, 0.69193, 
0.70015, 0.70228, 0.5627, 2.0628, 0.8584, 0.9949, 1.3092, 1.8654, 
4.8594, 2.4911, 1.6209, 2.0492, 6.4834, 768.8, 787.6, 882.7, 
997.8, 999.6, 1104.2, 1112.2, 1189, 1317.2, 1394.8, 1362.2, 1178, 
2288, 2187, 1189, 1568, 820, 1594, 2316, 1217, 1236, 546, 46, 
2, 9, 135, 65, 18, 2, 8, 17, 56, 1, 100, 100, 100, 100, 100, 
100, 100, 100, 100, 100, 100, 2500, 2500, 2500, 2500, 2500, 2500, 
2500, 2500, 2500, 2500, 2500, 26594.904, 50074.318, 37023.873, 
34181.533, 49369.46, 55212.113, 94225.9840000001, 76148.568, 
74916.12, 68067.723, 167891.802, 4.17215, 13.95213, 5.81062, 
5.32425, 8.21077, 12.47347, 11.10502, 12.62352, 4.63715, 5.26885, 
9.23279, -6.53518, -11.48737, -7.36446, -8.69695, -8.38217, -14.6013, 
-9.06458, -13.8795, -5.91538, -8.14947, -9.50611, 0, 0, 0, 0, 
0, 0, 0, 0, 0, 0, 0, 0, 0, 0, 0, 0, 0, 0, 0, 0, 0, 0, 0.6984, 
0.69893, 0.7004, 0.69781, 0.70025, 0.69896, 0.70417, 0.70328, 
0.69842, 0.70399, 0.7099, 0.69478, 0.68701, 0.69797, 0.69171, 
0.69404, 0.69071, 0.69824, 0.69988, 0.69879, 0.69862, 0.70372, 
0.5912, 2.084, 0.8745, 0.9957, 1.4238, 1.7059, 3.4105, 2.6666, 
1.7273, 2.0317, 3.9224, 754.8, 787.9, 885.2, 999.2, 995, 1087.6, 
1113.3, 1203.4, 1284.8, 1397.8, 1410.9, 1925, 860, 1584, 1181, 
2485, 1456, 1904, 2163, 1257, 1690, 610, 1, 1, 1, 1, 3, 2, 1, 
1, 1, 1, 1, 100, 100, 100, 100, 100, 100, 100, 100, 100, 100, 
100, 2500, 2500, 2500, 2500, 2500, 2500, 2500, 2500, 2500, 2500, 
2500, 36617.004, 46318.431, 51690.536, 59839.377, 64624.262, 
77722.066, 88037.34, 98467.473, 113117.004, 125016.581, 133274.739, 
1, 1, 1, 1, 1, 1, 1, 1, 1, 1, 1, 0.03846, 0.03846, 0.03846, 0.03846, 
0.03846, 0.03846, 0.03846, 0.03846, 0.03846, 0.03846, 0.03846, 
0, 0, 0, 0, 0, 0, 0, 0, 0, 0, 0, 0, 0, 0, 0, 0, 0, 0, 0, 0, 0, 
0, 0.68387, 0.68303, 0.68585, 0.68557, 0.69141, 0.68876, 0.69506, 
0.69216, 0.69762, 0.6975, 0.70155, 0.68243, 0.67844, 0.68833, 
0.6945, 0.69248, 0.69407, 0.69547, 0.69646, 0.69236, 0.6933, 
0.69864, 0.5673, 0.6744, 0.7547, 0.9066, 1.01, 1.1445, 1.3007, 
1.4999, 1.6279, 1.7813, 1.9532, 833.4, 911.1, 987, 1061.4, 1126.3, 
1207.5, 1284.8, 1356.8, 1423.3, 1498.7, 1571, 1, 1, 1, 1, 1, 
1, 1, 1, 1, 1, 1, 1, 1, 1, 1, 1, 1, 1, 1, 1, 1, 1, 1, 1, 1, 1, 
1, 1, 1, 1, 1, 1, 1, 1, 1, 1, 1, 1, 1, 1, 1, 1, 1, 1, 8.716, 
9.784, 10.467, 12.438, 13.45, 14.869, 16.403, 19.565, 20.012, 
22.325, 23.426), .Dim = c(11L, 40L), .Dimnames = list(NULL, c("Sampling", 
"PSO.cost", "PSO.gamma", "PSO.data.balancing", "PSO.feature.selection", 
"PSO.valid.acc", "PSO.test.acc", "PSO.train.time", "PSO.n.support.vectors", 
"PSO.index", "PSO.n.solutions", "PSO.generations", "PSO.n.evaluations", 
"PSO.cpu.time", "RS.cost", "RS.gamma", "RS.data.balancing", "RS.feature.selection", 
"RS.valid.acc", "RS.test.acc", "RS.train.time", "RS.n.support.vectors", 
"RS.index", "RS.n.solutions", "RS.generations", "RS.n.evaluations", 
"RS.cpu.time", "DF.cost", "DF.gamma", "DF.data.balancing", "DF.feature.selection", 
"DF.valid.acc", "DF.test.acc", "DF.train.time", "DF.n.support.vectors", 
"DF.index", "DF.n.solutions", "DF.generations", "DF.n.evaluations", 
"DF.cpu.time")))
