full <-
structure(c(50, 55, 60, 65, 70, 75, 80, 85, 90, 95, 100, 14.10873, 
13.83546, 11.06724, 3.03918, 7.68858, 2.36824, 1.02221, 4.66495, 
6.3395, 4.51544, 12.035, -15, -15, -15, -5.24979, -9.98686, -4.56856, 
-2.6866, -5.68279, -9.12304, -5.55016, -10.91916, 0, 0, 0, 0, 
0, 0, 0, 0, 0, 0, 0, 0, 0, 0, 0, 0, 0, 0, 0, 0, 0, 0, 0.69835, 
0.7009, 0.69923, 0.70891, 0.70435, 0.71057, 0.70687, 0.70754, 
0.70766, 0.71045, 0.70592, 0.70274, 0.6976, 0.69135, 0.70111, 
0.69656, 0.70474, 0.70053, 0.70028, 0.70039, 0.70357, 0.70191, 
0.9464, 1.0974, 1.0638, 0.8935, 1.2758, 1.1452, 1.3266, 1.5281, 
1.8821, 1.8595, 5.7314, 724.3, 788.8, 969.3, 980, 1056.9, 1114.2, 
1259.5, 1200.1, 1335.7, 1332.6, 1390, 530, 269, 835, 1158, 576, 
2089, 1497, 2138, 1791, 1981, 1205, 219, 335, 49, 47, 63, 3, 
40, 2, 9, 27, 3, 100, 100, 100, 100, 100, 100, 100, 100, 100, 
100, 100, 2500, 2500, 2500, 2500, 2500, 2500, 2500, 2500, 2500, 
2500, 2500, 32729.307, 37247.332, 41343.442, 41835.895, 48147.115, 
44464.86, 44359.956, 61206.295, 67053.21, 64534.8729999999, 152111.587, 
12.68507, 8.25302, 8.43967, 2.89846, 6.33176, 3.10167, 1.0641, 
4.66316, 7.00455, 3.82554, 14.45863, -13.59066, -10.62237, -12.37678, 
-5.20456, -7.08068, -5.06784, -2.77952, -5.68464, -9.74635, -5.36036, 
-12.84691, 0, 0, 0, 0, 0, 0, 0, 0, 0, 0, 0, 0, 0, 0, 0, 0, 0, 
0, 0, 0, 0, 0, 0.69836, 0.70153, 0.69923, 0.70778, 0.70332, 0.70863, 
0.70551, 0.70711, 0.70523, 0.7093, 0.7052, 0.70493, 0.7042, 0.69014, 
0.70111, 0.69605, 0.70089, 0.70099, 0.70028, 0.70201, 0.70243, 
0.69937, 1.1347, 0.917, 1.0237, 0.9056, 1.2702, 1.1539, 1.3127, 
1.4493, 1.9932, 1.8193, 5.125, 741.9, 858.7, 1015.1, 981.3, 1004, 
1101.1, 1250.4, 1200.4, 1339.8, 1344.5, 1364.7, 536, 1865, 446, 
268, 2093, 1973, 1235, 1520, 996, 406, 1882, 1, 1, 1, 2, 1, 2, 
1, 1, 2, 1, 1, 100, 100, 100, 100, 100, 100, 100, 100, 100, 100, 
100, 2500, 2500, 2500, 2500, 2500, 2500, 2500, 2500, 2500, 2500, 
2500, 38395.988, 45623.54, 51823.14, 61774.013, 70516.168, 76679.556, 
90162.208, 95607.398, 119408.385, 119078.301, 138912.18, 1, 1, 
1, 1, 1, 1, 1, 1, 1, 1, 1, 0.03846, 0.03846, 0.03846, 0.03846, 
0.03846, 0.03846, 0.03846, 0.03846, 0.03846, 0.03846, 0.03846, 
0, 0, 0, 0, 0, 0, 0, 0, 0, 0, 0, 0, 0, 0, 0, 0, 0, 0, 0, 0, 0, 
0, 0.67727, 0.68429, 0.68892, 0.69495, 0.695, 0.69754, 0.69825, 
0.7024, 0.70159, 0.7013, 0.70155, 0.67876, 0.68633, 0.68951, 
0.6916, 0.69761, 0.69462, 0.69643, 0.69599, 0.70198, 0.7032, 
0.69901, 0.5716, 0.6662, 0.7914, 0.9052, 1.0187, 1.1654, 1.2933, 
1.4862, 1.6573, 1.7475, 1.9501, 860.3, 930.8, 1008.6, 1077.5, 
1138.7, 1212.7, 1274.5, 1348.5, 1421.8, 1491.6, 1569.6, 1, 1, 
1, 1, 1, 1, 1, 1, 1, 1, 1, 1, 1, 1, 1, 1, 1, 1, 1, 1, 1, 1, 1, 
1, 1, 1, 1, 1, 1, 1, 1, 1, 1, 1, 1, 1, 1, 1, 1, 1, 1, 1, 1, 1, 
9.085, 9.976, 11.329, 12.825, 14.002, 15.229, 16.686, 18.759, 
20.738, 21.62, 23.897), .Dim = c(11L, 40L), .Dimnames = list(
    NULL, c("Sampling", "PSO.cost", "PSO.gamma", "PSO.data.balancing", 
    "PSO.feature.selection", "PSO.valid.acc", "PSO.test.acc", 
    "PSO.train.time", "PSO.n.support.vectors", "PSO.index", "PSO.n.solutions", 
    "PSO.generations", "PSO.n.evaluations", "PSO.cpu.time", "RS.cost", 
    "RS.gamma", "RS.data.balancing", "RS.feature.selection", 
    "RS.valid.acc", "RS.test.acc", "RS.train.time", "RS.n.support.vectors", 
    "RS.index", "RS.n.solutions", "RS.generations", "RS.n.evaluations", 
    "RS.cpu.time", "DF.cost", "DF.gamma", "DF.data.balancing", 
    "DF.feature.selection", "DF.valid.acc", "DF.test.acc", "DF.train.time", 
    "DF.n.support.vectors", "DF.index", "DF.n.solutions", "DF.generations", 
    "DF.n.evaluations", "DF.cpu.time")))
