full <-
structure(c(50, 55, 60, 65, 70, 75, 80, 85, 90, 95, 100, 6.98544, 
3.87737, 14.80143, 8.87618, 9.22751, 5.16367, 10.53666, 15, 6.50401, 
14.53399, 12.8618, -6.3849, -5.40218, -14.39217, -9.02572, -9.27098, 
-7.00427, -12.34474, -12.47324, -6.23342, -10.69616, -14.69436, 
0, 0, 0, 0, 0, 0, 0, 0, 0, 0, 0, 0, 0, 0, 0, 0, 0, 0, 0, 0, 0, 
0, 0.71011, 0.70534, 0.70285, 0.7078, 0.71004, 0.71161, 0.70829, 
0.7075, 0.71006, 0.70856, 0.70341, 0.70353, 0.70006, 0.69496, 
0.69602, 0.70639, 0.70145, 0.70647, 0.70407, 0.70279, 0.69786, 
0.70305, 0.7109, 0.6938, 1.6286, 1.5316, 1.9176, 1.3242, 2.3336, 
5.2062, 2.0121, 10.1589, 3.0555, 726.5, 820.8, 833, 935.8, 1008.1, 
1097.3, 1180.2, 1167.8, 1253.5, 1298.8, 1404, 507, 528, 1338, 
1188, 2340, 1909, 1658, 2279, 1674, 1422, 1490, 143, 98, 1, 139, 
15, 8, 11, 1, 22, 1, 2, 100, 100, 100, 100, 100, 100, 100, 100, 
100, 100, 100, 2500, 2500, 2500, 2500, 2500, 2500, 2500, 2500, 
2500, 2500, 2500, 27402.707, 27589.179, 54016.691, 53514.771, 
58143.387, 55799.626, 70680.7420000001, 114516.81, 62717.7579999999, 
130209.116, 98487.135, 9.17747, 4.13103, 14.50994, 8.83607, 12.06691, 
5.69676, 10.48716, 14.1955, 6.79658, 12.44222, 12.81301, -7.90614, 
-5.52323, -14.15497, -9.10529, -10.4238, -7.37891, -12.30503, 
-11.95124, -8.01577, -9.61719, -14.99784, 0, 0, 0, 0, 0, 0, 0, 
0, 0, 0, 0, 0, 0, 0, 0, 0, 0, 0, 0, 0, 0, 0, 0.70868, 0.70402, 
0.70163, 0.70666, 0.7085, 0.70968, 0.70739, 0.70664, 0.70965, 
0.70704, 0.70268, 0.70134, 0.69941, 0.69617, 0.6949, 0.70484, 
0.70001, 0.70556, 0.70535, 0.7032, 0.69785, 0.70087, 1.0408, 
0.7142, 1.7457, 1.5334, 3.3525, 1.3857, 2.3702, 5.0266, 2.2355, 
7.2373, 2.8227, 718.8, 818, 835.9, 938.6, 995.9, 1093.1, 1178.8, 
1170.1, 1279, 1308.7, 1410.4, 408, 2108, 1828, 845, 2169, 440, 
2238, 1506, 1847, 690, 1222, 1, 1, 1, 1, 1, 2, 2, 1, 1, 1, 4, 
100, 100, 100, 100, 100, 100, 100, 100, 100, 100, 100, 2500, 
2500, 2500, 2500, 2500, 2500, 2500, 2500, 2500, 2500, 2500, 39216.626, 
44856.717, 51632.665, 61726.714, 70814.366, 81256.8840000001, 
88081.7560000001, 104607.491, 110855.732, 123290.377, 133726.927, 
1, 1, 1, 1, 1, 1, 1, 1, 1, 1, 1, 0.03846, 0.03846, 0.03846, 0.03846, 
0.03846, 0.03846, 0.03846, 0.03846, 0.03846, 0.03846, 0.03846, 
0, 0, 0, 0, 0, 0, 0, 0, 0, 0, 0, 0, 0, 0, 0, 0, 0, 0, 0, 0, 0, 
0, 0.6846, 0.68625, 0.68766, 0.69267, 0.69708, 0.69801, 0.69924, 
0.70537, 0.70119, 0.70018, 0.69794, 0.68238, 0.68621, 0.69373, 
0.68991, 0.69292, 0.69561, 0.70194, 0.70108, 0.7028, 0.69825, 
0.69976, 0.5956, 0.6973, 0.8305, 0.9555, 1.0775, 1.1915, 1.3431, 
1.4476, 1.6562, 1.7978, 1.9721, 848, 925.8, 999.8, 1072.2, 1149.3, 
1209.2, 1291.2, 1362.3, 1431.8, 1503.7, 1568.5, 1, 1, 1, 1, 1, 
1, 1, 1, 1, 1, 1, 1, 1, 1, 1, 1, 1, 1, 1, 1, 1, 1, 1, 1, 1, 1, 
1, 1, 1, 1, 1, 1, 1, 1, 1, 1, 1, 1, 1, 1, 1, 1, 1, 1, 9.196, 
10.244, 11.677, 13.092, 14.56, 15.632, 17.014, 18.334, 20.425, 
22.813, 23.586), .Dim = c(11L, 40L), .Dimnames = list(NULL, c("Sampling", 
"PSO.cost", "PSO.gamma", "PSO.data.balancing", "PSO.feature.selection", 
"PSO.valid.acc", "PSO.test.acc", "PSO.train.time", "PSO.n.support.vectors", 
"PSO.index", "PSO.n.solutions", "PSO.generations", "PSO.n.evaluations", 
"PSO.cpu.time", "RS.cost", "RS.gamma", "RS.data.balancing", "RS.feature.selection", 
"RS.valid.acc", "RS.test.acc", "RS.train.time", "RS.n.support.vectors", 
"RS.index", "RS.n.solutions", "RS.generations", "RS.n.evaluations", 
"RS.cpu.time", "DF.cost", "DF.gamma", "DF.data.balancing", "DF.feature.selection", 
"DF.valid.acc", "DF.test.acc", "DF.train.time", "DF.n.support.vectors", 
"DF.index", "DF.n.solutions", "DF.generations", "DF.n.evaluations", 
"DF.cpu.time")))
