full <-
structure(c(50, 55, 60, 65, 70, 75, 80, 85, 90, 95, 100, 10.20155, 
3.1676, 14.59318, 14.6688, 15, 2.76882, 4.23676, 4.92776, 10.53315, 
14.49253, 7.48902, -11.30147, -3.86015, -13.3185, -15, -14.83229, 
-3.48662, -6.14258, -4.47846, -7.99049, -14.97387, -9.08488, 
0, 0, 0, 0, 0, 0, 0, 0, 0, 0, 0, 0, 0, 0, 0, 0, 0, 0, 0, 0, 0, 
0, 0.70792, 0.70534, 0.70462, 0.70113, 0.71012, 0.71739, 0.71373, 
0.71564, 0.71206, 0.70891, 0.70628, 0.7036, 0.69478, 0.69612, 
0.69611, 0.70338, 0.70818, 0.716, 0.70668, 0.69997, 0.70509, 
0.70049, 0.8144, 0.6725, 1.8373, 1.452, 1.7891, 1.1558, 1.3225, 
1.5333, 3.7752, 2.8611, 2.6611, 721.6, 825, 820.8, 892.7, 943.6, 
1110.5, 1139.5, 1193.7, 1235.3, 1295.9, 1442, 281, 2104, 381, 
95, 1715, 1527, 1962, 1986, 1252, 529, 1983, 139, 5, 1, 660, 
3, 4, 1, 13, 8, 2, 87, 100, 100, 100, 100, 100, 100, 100, 100, 
100, 100, 100, 2500, 2500, 2500, 2500, 2500, 2500, 2500, 2500, 
2500, 2500, 2500, 29877.546, 44749.531, 58614.74, 46116.459, 
62754.296, 39143.14, 48710.933, 50985.2250000001, 124131.194, 
89118.5029999998, 77600.8059999999, 10.45462, 2.82497, 11.12748, 
13.99829, 5.40168, 2.11979, 4.61421, 3.03333, 10.64039, 9.87546, 
7.16129, -11.40365, -4.04989, -10.04272, -14.43327, -7.74625, 
-3.23241, -6.35607, -3.39001, -8.11061, -11.69674, -8.92656, 
0, 0, 0, 0, 0, 0, 0, 0, 0, 0, 0, 0, 0, 0, 0, 0, 0, 0, 0, 0, 0, 
0, 0.70791, 0.70332, 0.70281, 0.70114, 0.70958, 0.71641, 0.71282, 
0.71435, 0.71085, 0.70776, 0.70555, 0.70359, 0.69804, 0.69374, 
0.69667, 0.70181, 0.71011, 0.7151, 0.70368, 0.69957, 0.70317, 
0.70049, 0.8679, 0.6623, 1.7567, 1.5663, 1.14, 1.1583, 1.3412, 
1.4042, 4.0061, 2.9961, 2.5943, 717.4, 825, 841.4, 895.2, 1013.2, 
1128, 1135.8, 1243, 1236.1, 1389.3, 1448, 2289, 851, 2495, 501, 
25, 1002, 504, 1622, 749, 559, 1445, 1, 1, 2, 1, 1, 1, 1, 1, 
1, 3, 1, 100, 100, 100, 100, 100, 100, 100, 100, 100, 100, 100, 
2500, 2500, 2500, 2500, 2500, 2500, 2500, 2500, 2500, 2500, 2500, 
35770.655, 41919.022, 49397.085, 60528.645, 69568.927, 74520.667, 
84065.314, 91657.1849999999, 104865.646, 120698.17, 139866.914, 
1, 1, 1, 1, 1, 1, 1, 1, 1, 1, 1, 0.03846, 0.03846, 0.03846, 0.03846, 
0.03846, 0.03846, 0.03846, 0.03846, 0.03846, 0.03846, 0.03846, 
0, 0, 0, 0, 0, 0, 0, 0, 0, 0, 0, 0, 0, 0, 0, 0, 0, 0, 0, 0, 0, 
0, 0.69622, 0.68818, 0.69255, 0.68999, 0.69606, 0.7028, 0.70105, 
0.70666, 0.70683, 0.69861, 0.69938, 0.68897, 0.6915, 0.69437, 
0.69056, 0.69452, 0.70567, 0.70061, 0.70367, 0.7012, 0.69859, 
0.69721, 0.5507, 0.6766, 0.7943, 0.8987, 1.0296, 1.1426, 1.2688, 
1.4218, 1.6292, 1.7793, 1.8838, 832.3, 913.1, 988, 1055.1, 1116.4, 
1189.2, 1263.2, 1328, 1417.9, 1496.8, 1570.5, 1, 1, 1, 1, 1, 
1, 1, 1, 1, 1, 1, 1, 1, 1, 1, 1, 1, 1, 1, 1, 1, 1, 1, 1, 1, 1, 
1, 1, 1, 1, 1, 1, 1, 1, 1, 1, 1, 1, 1, 1, 1, 1, 1, 1, 8.699, 
9.935, 10.981, 12.444, 13.792, 14.95, 16.053, 17.92, 19.933, 
21.605, 22.86), .Dim = c(11L, 40L), .Dimnames = list(NULL, c("Sampling", 
"PSO.cost", "PSO.gamma", "PSO.data.balancing", "PSO.feature.selection", 
"PSO.valid.acc", "PSO.test.acc", "PSO.train.time", "PSO.n.support.vectors", 
"PSO.index", "PSO.n.solutions", "PSO.generations", "PSO.n.evaluations", 
"PSO.cpu.time", "RS.cost", "RS.gamma", "RS.data.balancing", "RS.feature.selection", 
"RS.valid.acc", "RS.test.acc", "RS.train.time", "RS.n.support.vectors", 
"RS.index", "RS.n.solutions", "RS.generations", "RS.n.evaluations", 
"RS.cpu.time", "DF.cost", "DF.gamma", "DF.data.balancing", "DF.feature.selection", 
"DF.valid.acc", "DF.test.acc", "DF.train.time", "DF.n.support.vectors", 
"DF.index", "DF.n.solutions", "DF.generations", "DF.n.evaluations", 
"DF.cpu.time")))
