full <-
structure(c(50, 55, 60, 65, 70, 75, 80, 85, 90, 95, 100, 4.8215, 
7.54541, 4.93999, 6.48445, 8.05901, 4.529, 13.44841, 12.81878, 
14.2552, 14.64577, 8.47775, -6.63867, -7.9661, -6.23522, -8.29045, 
-7.71533, -5.6552, -10.63822, -14.98792, -15, -11.8505, -8.96742, 
0, 0, 0, 0, 0, 0, 0, 0, 0, 0, 0, 0, 0, 0, 0, 0, 0, 0, 0, 0, 0, 
0, 0.71082, 0.70555, 0.70951, 0.70617, 0.71427, 0.70812, 0.7151, 
0.71049, 0.70563, 0.71278, 0.7052, 0.70141, 0.70224, 0.70527, 
0.69609, 0.70184, 0.7067, 0.70738, 0.69938, 0.7052, 0.70362, 
0.69939, 0.5778, 0.848, 0.7917, 1.1111, 1.5589, 1.2332, 6.0236, 
2.0689, 2.478, 6.4369, 3.4117, 729.5, 783.4, 871.7, 946, 980.1, 
1065.8, 1099.8, 1202.8, 1229.4, 1291.3, 1412.1, 1069, 2135, 1381, 
1221, 425, 1475, 2137, 632, 215, 827, 801, 40, 1, 17, 27, 224, 
21, 2, 49, 1346, 14, 35, 100, 100, 100, 100, 100, 100, 100, 100, 
100, 100, 100, 2500, 2500, 2500, 2500, 2500, 2500, 2500, 2500, 
2500, 2500, 2500, 23807.186, 38095.192, 31499.419, 49871.273, 
64655.13, 46036.716, 130714.938, 66895.464, 73250.081, 165331.74, 
106308.016, 0.34844, 9.91079, 5.98639, 6.49232, 14.2128, 6.44857, 
14.60877, 12.64454, 3.10647, 13.28545, 8.29303, -4.11979, -9.48226, 
-6.99024, -8.27492, -10.40557, -6.62045, -11.31399, -14.81535, 
-4.50963, -11.01455, -8.86214, 0, 0, 0, 0, 0, 0, 0, 0, 0, 0, 
0, 0, 0, 0, 0, 0, 0, 0, 0, 0, 0, 0, 0.70718, 0.70488, 0.70832, 
0.70505, 0.7122, 0.70766, 0.7151, 0.71006, 0.70483, 0.71049, 
0.7052, 0.70219, 0.70027, 0.70709, 0.69665, 0.70026, 0.70379, 
0.7092, 0.69938, 0.70036, 0.70285, 0.69976, 0.5409, 1.2112, 0.9126, 
1.0991, 5.5056, 1.4583, 5.7711, 2.135, 1.6273, 6.3705, 3.3728, 
803.4, 782.6, 865.7, 943.2, 959.4, 1051.4, 1094, 1205.1, 1301.1, 
1298.5, 1412.3, 1206, 455, 1463, 2004, 2484, 132, 588, 771, 422, 
988, 107, 1, 2, 1, 1, 2, 1, 1, 1, 1, 3, 1, 100, 100, 100, 100, 
100, 100, 100, 100, 100, 100, 100, 2500, 2500, 2500, 2500, 2500, 
2500, 2500, 2500, 2500, 2500, 2500, 36550.214, 41760.831, 54003.945, 
61687.789, 68519.421, 76548.594, 82833.591, 95272.7590000001, 
111230.535, 121226.348, 153055.033, 1, 1, 1, 1, 1, 1, 1, 1, 1, 
1, 1, 0.03846, 0.03846, 0.03846, 0.03846, 0.03846, 0.03846, 0.03846, 
0.03846, 0.03846, 0.03846, 0.03846, 0, 0, 0, 0, 0, 0, 0, 0, 0, 
0, 0, 0, 0, 0, 0, 0, 0, 0, 0, 0, 0, 0, 0.69911, 0.68696, 0.69369, 
0.69391, 0.70025, 0.70188, 0.70422, 0.69979, 0.69674, 0.70361, 
0.69504, 0.69925, 0.69292, 0.69795, 0.69779, 0.69816, 0.70285, 
0.70784, 0.70193, 0.69916, 0.70096, 0.69577, 0.5677, 0.6433, 
0.7952, 0.8986, 1.0427, 1.1729, 1.3178, 1.4609, 1.6194, 1.7617, 
1.9603, 828.7, 911.5, 982.2, 1056.4, 1130.7, 1209.3, 1281.4, 
1356.1, 1426.8, 1497, 1569.4, 1, 1, 1, 1, 1, 1, 1, 1, 1, 1, 1, 
1, 1, 1, 1, 1, 1, 1, 1, 1, 1, 1, 1, 1, 1, 1, 1, 1, 1, 1, 1, 1, 
1, 1, 1, 1, 1, 1, 1, 1, 1, 1, 1, 1, 8.792, 9.571, 12.16, 13.375, 
14.859, 16.451, 16.712, 18.4, 20.088, 21.674, 24.571), .Dim = c(11L, 
40L), .Dimnames = list(NULL, c("Sampling", "PSO.cost", "PSO.gamma", 
"PSO.data.balancing", "PSO.feature.selection", "PSO.valid.acc", 
"PSO.test.acc", "PSO.train.time", "PSO.n.support.vectors", "PSO.index", 
"PSO.n.solutions", "PSO.generations", "PSO.n.evaluations", "PSO.cpu.time", 
"RS.cost", "RS.gamma", "RS.data.balancing", "RS.feature.selection", 
"RS.valid.acc", "RS.test.acc", "RS.train.time", "RS.n.support.vectors", 
"RS.index", "RS.n.solutions", "RS.generations", "RS.n.evaluations", 
"RS.cpu.time", "DF.cost", "DF.gamma", "DF.data.balancing", "DF.feature.selection", 
"DF.valid.acc", "DF.test.acc", "DF.train.time", "DF.n.support.vectors", 
"DF.index", "DF.n.solutions", "DF.generations", "DF.n.evaluations", 
"DF.cpu.time")))
