full <-
structure(c(50, 55, 60, 65, 70, 75, 80, 85, 90, 95, 100, 14.13474, 
11.95419, 8.82963, 2.78605, 5.27416, 10.75343, 11.11236, 6.22181, 
11.73801, 8.76986, 4.99767, -14.99667, -11.64966, -9.44329, -6.57645, 
-7.07085, -8.58549, -11.53606, -7.45116, -14.83979, -10.23385, 
-6.08462, 0, 0, 0, 0, 0, 0, 0, 0, 0, 0, 0, 0, 0, 0, 0, 0, 0, 
0, 0, 0, 0, 0, 0.71739, 0.7194, 0.7185, 0.71339, 0.71525, 0.71251, 
0.71182, 0.70797, 0.70567, 0.7074, 0.70915, 0.71153, 0.71479, 
0.70762, 0.70612, 0.70697, 0.7004, 0.70638, 0.70158, 0.69841, 
0.70281, 0.70442, 0.8555, 1.2118, 1.087, 0.8934, 1.1079, 2.9154, 
2.8871, 1.8516, 2.3268, 2.6719, 2.1266, 683.5, 765.8, 853.1, 
996.9, 1006.9, 1034.1, 1134.1, 1225.2, 1329.8, 1388.3, 1406.8, 
2344, 2294, 652, 1779, 855, 1027, 224, 811, 1439, 1527, 1707, 
2, 1, 17, 34, 331, 25, 161, 202, 16, 14, 10, 100, 100, 100, 100, 
100, 100, 100, 100, 100, 100, 100, 2500, 2500, 2500, 2500, 2500, 
2500, 2500, 2500, 2500, 2500, 2500, 29465.734, 37893.289, 38618.333, 
46047.837, 37250.287, 97631.226, 81919.76, 57199.8100000001, 
77900.589, 83436.6040000001, 67546.612, 14.08695, 12.27822, 7.00307, 
0.91006, 2.69642, 12.18064, 9.32799, 4.00952, 10.5503, 7.97824, 
5.23777, -14.97681, -11.84302, -6.97581, -4.95614, -4.56467, 
-9.3058, -9.83606, -5.86594, -13.65167, -9.40656, -6.2266, 0, 
0, 0, 0, 0, 0, 0, 0, 0, 0, 0, 0, 0, 0, 0, 0, 0, 0, 0, 0, 0, 0, 
0.71595, 0.71742, 0.71785, 0.71283, 0.71422, 0.71203, 0.71136, 
0.70585, 0.70486, 0.70588, 0.70769, 0.70937, 0.71413, 0.71, 0.70776, 
0.70338, 0.69846, 0.71272, 0.69902, 0.69882, 0.70244, 0.7037, 
0.8461, 1.2259, 0.8635, 0.8743, 1.0054, 3.929, 2.2969, 1.4939, 
2.5174, 2.5142, 2.1135, 680.8, 763.9, 835, 1017.2, 1021.3, 1031, 
1140.1, 1235.4, 1374.1, 1374.2, 1404.7, 2205, 822, 500, 1718, 
1392, 950, 702, 1158, 458, 1013, 1136, 1, 1, 1, 1, 1, 1, 1, 1, 
1, 1, 1, 100, 100, 100, 100, 100, 100, 100, 100, 100, 100, 100, 
2500, 2500, 2500, 2500, 2500, 2500, 2500, 2500, 2500, 2500, 2500, 
33484.172, 41866.772, 47649.153, 55171.334, 68204.406, 77813.795, 
82651.86, 99861.964, 108680.598, 125036.903, 130031.532, 1, 1, 
1, 1, 1, 1, 1, 1, 1, 1, 1, 0.03846, 0.03846, 0.03846, 0.03846, 
0.03846, 0.03846, 0.03846, 0.03846, 0.03846, 0.03846, 0.03846, 
0, 0, 0, 0, 0, 0, 0, 0, 0, 0, 0, 0, 0, 0, 0, 0, 0, 0, 0, 0, 0, 
0, 0.70428, 0.70551, 0.70397, 0.70668, 0.70229, 0.70475, 0.70227, 
0.70034, 0.69357, 0.70052, 0.6986, 0.70498, 0.70616, 0.70217, 
0.70275, 0.70488, 0.70089, 0.70138, 0.70074, 0.69801, 0.7009, 
0.70043, 0.5429, 0.6553, 0.7774, 0.8881, 1.0182, 1.1651, 1.3023, 
1.4494, 1.6019, 1.7513, 1.9176, 812.5, 895.2, 979.2, 1051.9, 
1132.3, 1209.7, 1277.5, 1368.1, 1434.6, 1496.5, 1566.6, 1, 1, 
1, 1, 1, 1, 1, 1, 1, 1, 1, 1, 1, 1, 1, 1, 1, 1, 1, 1, 1, 1, 1, 
1, 1, 1, 1, 1, 1, 1, 1, 1, 1, 1, 1, 1, 1, 1, 1, 1, 1, 1, 1, 1, 
8.434, 9.741, 10.895, 11.96, 13.659, 15.216, 16.529, 17.919, 
19.542, 21.142, 22.955), .Dim = c(11L, 40L), .Dimnames = list(
    NULL, c("Sampling", "PSO.cost", "PSO.gamma", "PSO.data.balancing", 
    "PSO.feature.selection", "PSO.valid.acc", "PSO.test.acc", 
    "PSO.train.time", "PSO.n.support.vectors", "PSO.index", "PSO.n.solutions", 
    "PSO.generations", "PSO.n.evaluations", "PSO.cpu.time", "RS.cost", 
    "RS.gamma", "RS.data.balancing", "RS.feature.selection", 
    "RS.valid.acc", "RS.test.acc", "RS.train.time", "RS.n.support.vectors", 
    "RS.index", "RS.n.solutions", "RS.generations", "RS.n.evaluations", 
    "RS.cpu.time", "DF.cost", "DF.gamma", "DF.data.balancing", 
    "DF.feature.selection", "DF.valid.acc", "DF.test.acc", "DF.train.time", 
    "DF.n.support.vectors", "DF.index", "DF.n.solutions", "DF.generations", 
    "DF.n.evaluations", "DF.cpu.time")))
