full <-
structure(c(50, 55, 60, 65, 70, 75, 80, 85, 90, 95, 100, 13.7412, 
5.6433, 8.05671, 15, 8.39381, 4.90591, 4.91573, 7.28972, 7.53295, 
8.67212, 9.88852, -15, -7.30647, -9.04463, -12.20445, -8.81759, 
-7.25288, -6.5245, -7.86355, -7.54462, -10.68022, -9.7694, 0, 
0, 0, 0, 0, 0, 0, 0, 0, 0, 0, 0, 0, 0, 0, 0, 0, 0, 0, 0, 0, 0, 
0.69773, 0.70207, 0.70345, 0.70504, 0.70227, 0.69552, 0.70096, 
0.70453, 0.71086, 0.7082, 0.7092, 0.69045, 0.69276, 0.69861, 
0.6972, 0.69291, 0.69698, 0.69867, 0.70409, 0.70603, 0.7063, 
0.70157, 0.9341, 0.728, 1.0604, 2.923, 1.5305, 1.3271, 1.3912, 
2.0515, 2.2935, 2.5024, 4.365, 733.6, 814, 882.4, 906.5, 1007.4, 
1116, 1161.9, 1203.8, 1260.4, 1406.5, 1408, 273, 2271, 2013, 
2080, 586, 1175, 1948, 1422, 453, 2129, 590, 136, 6, 3, 1, 13, 
23, 1, 6, 93, 61, 46, 100, 100, 100, 100, 100, 100, 100, 100, 
100, 100, 100, 2500, 2500, 2500, 2500, 2500, 2500, 2500, 2500, 
2500, 2500, 2500, 34413.812, 33300.541, 41693.837, 70838.544, 
65544.548, 51975.0329999999, 55049.3589999999, 60763.4909999999, 
71340.912, 102041.286, 123464.859, 4.98823, 5.83435, 10.68256, 
8.35994, 5.01259, 7.589, 4.94217, 5.74548, 10.86641, 8.54499, 
13.8514, -7.88178, -7.44189, -12.06332, -8.76886, -6.51677, -11.83652, 
-6.42192, -6.25946, -9.37668, -10.61288, -12.12843, 0, 0, 0, 
0, 0, 0, 0, 0, 0, 0, 0, 0, 0, 0, 0, 0, 0, 0, 0, 0, 0, 0, 0.69703, 
0.7014, 0.70103, 0.70335, 0.70072, 0.69502, 0.70004, 0.70368, 
0.70966, 0.70782, 0.70811, 0.69049, 0.69211, 0.69861, 0.69944, 
0.69499, 0.69214, 0.69912, 0.69855, 0.70805, 0.70706, 0.69793, 
0.61, 0.7531, 1.3825, 1.2825, 1.1329, 1.5248, 1.4135, 1.6615, 
4.5802, 2.4955, 5.59, 775.6, 813.5, 896.7, 935.9, 1014.6, 1249.3, 
1160.5, 1203.8, 1254.8, 1406.7, 1371.5, 612, 2134, 1386, 1161, 
995, 1903, 1894, 1422, 494, 790, 1491, 2, 1, 3, 1, 1, 1, 1, 1, 
1, 1, 1, 100, 100, 100, 100, 100, 100, 100, 100, 100, 100, 100, 
2500, 2500, 2500, 2500, 2500, 2500, 2500, 2500, 2500, 2500, 2500, 
38573.165, 42929.578, 49620.783, 59581.735, 68071.368, 77669.976, 
89764.808, 104336.546, 110504.595, 126308.141, 131192.623, 1, 
1, 1, 1, 1, 1, 1, 1, 1, 1, 1, 0.03846, 0.03846, 0.03846, 0.03846, 
0.03846, 0.03846, 0.03846, 0.03846, 0.03846, 0.03846, 0.03846, 
0, 0, 0, 0, 0, 0, 0, 0, 0, 0, 0, 0, 0, 0, 0, 0, 0, 0, 0, 0, 0, 
0, 0.67883, 0.6843, 0.68408, 0.68606, 0.6904, 0.68195, 0.69509, 
0.69468, 0.69997, 0.7059, 0.69722, 0.68242, 0.67895, 0.68471, 
0.69219, 0.68727, 0.68341, 0.6919, 0.6887, 0.69633, 0.70132, 
0.69759, 0.5568, 0.6606, 0.7918, 0.9292, 1.0354, 1.1987, 1.2984, 
1.4259, 1.6098, 1.7588, 1.9512, 847.1, 920.1, 1001, 1065.6, 1143.1, 
1225.3, 1291.5, 1355.5, 1425.6, 1502.1, 1573.5, 1, 1, 1, 1, 1, 
1, 1, 1, 1, 1, 1, 1, 1, 1, 1, 1, 1, 1, 1, 1, 1, 1, 1, 1, 1, 1, 
1, 1, 1, 1, 1, 1, 1, 1, 1, 1, 1, 1, 1, 1, 1, 1, 1, 1, 8.721, 
9.618, 11.155, 12.655, 13.928, 15.412, 16.618, 17.818, 19.96, 
21.416, 23.284), .Dim = c(11L, 40L), .Dimnames = list(NULL, c("Sampling", 
"PSO.cost", "PSO.gamma", "PSO.data.balancing", "PSO.feature.selection", 
"PSO.valid.acc", "PSO.test.acc", "PSO.train.time", "PSO.n.support.vectors", 
"PSO.index", "PSO.n.solutions", "PSO.generations", "PSO.n.evaluations", 
"PSO.cpu.time", "RS.cost", "RS.gamma", "RS.data.balancing", "RS.feature.selection", 
"RS.valid.acc", "RS.test.acc", "RS.train.time", "RS.n.support.vectors", 
"RS.index", "RS.n.solutions", "RS.generations", "RS.n.evaluations", 
"RS.cpu.time", "DF.cost", "DF.gamma", "DF.data.balancing", "DF.feature.selection", 
"DF.valid.acc", "DF.test.acc", "DF.train.time", "DF.n.support.vectors", 
"DF.index", "DF.n.solutions", "DF.generations", "DF.n.evaluations", 
"DF.cpu.time")))
