full <-
structure(c(50, 55, 60, 65, 70, 75, 80, 85, 90, 95, 100, 6.70745, 
14.86201, 12.31913, 3.31396, 10.8185, 8.63568, 5.10376, 4.19038, 
3.72248, 4.41546, 7.25132, -10.60224, -14.98259, -12.06467, -7.90269, 
-12.63936, -8.23894, -9.58854, -3.60412, -3.66486, -6.29962, 
-8.13332, 0, 0, 0, 0, 0, 0, 0, 0, 0, 0, 0, 0, 0, 0, 0, 0, 0, 
0, 0, 0, 0, 0, 0.71504, 0.71002, 0.70815, 0.7089, 0.70433, 0.70817, 
0.70367, 0.70619, 0.7097, 0.71009, 0.70777, 0.71503, 0.7087, 
0.70571, 0.70332, 0.69705, 0.70094, 0.69822, 0.6998, 0.70205, 
0.70054, 0.70085, 0.6738, 1.2122, 2.0093, 0.9423, 1.8721, 1.9397, 
1.4158, 1.534, 1.7152, 1.9644, 2.7976, 807.3, 756.1, 846.3, 1042.4, 
1040.1, 1056.7, 1276.7, 1243.4, 1322.2, 1352.1, 1413.2, 89, 1205, 
968, 2396, 543, 1530, 945, 1702, 920, 1678, 1007, 51, 2, 5, 53, 
43, 44, 21, 3, 63, 16, 181, 100, 100, 100, 100, 100, 100, 100, 
100, 100, 100, 100, 2500, 2500, 2500, 2500, 2500, 2500, 2500, 
2500, 2500, 2500, 2500, 28437.946, 39442.088, 57495.648, 47667.239, 
58143.386, 63558.416, 57833.372, 61771.787, 64238.999, 63503.912, 
91829.138, 5.57844, 9.11478, 7.84956, 10.15077, 11.44514, 8.55171, 
9.70707, 4.33236, 3.36699, 4.33647, 7.8466, -9.48318, -12.26941, 
-13.03048, -10.42534, -13.51591, -8.17033, -14.23495, -3.65588, 
-3.7539, -6.22495, -8.53926, 0, 0, 0, 0, 0, 0, 0, 0, 0, 0, 0, 
0, 0, 0, 0, 0, 0, 0, 0, 0, 0, 0, 0.7143, 0.70801, 0.7076, 0.70781, 
0.7033, 0.70721, 0.70322, 0.70448, 0.70769, 0.70856, 0.70668, 
0.71577, 0.7113, 0.70641, 0.70838, 0.6955, 0.69949, 0.7014, 0.70023, 
0.70529, 0.70092, 0.70013, 0.6315, 0.9871, 1.0047, 1.8226, 1.8469, 
1.9078, 1.7473, 1.5465, 1.6714, 1.8764, 3.0884, 795.1, 874.3, 
1064.3, 931.3, 1035.1, 1057.8, 1318.9, 1241.4, 1320.6, 1351.4, 
1411.8, 1776, 1021, 2307, 1188, 1451, 758, 26, 1396, 171, 329, 
848, 2, 7, 1, 1, 1, 1, 1, 1, 1, 2, 1, 100, 100, 100, 100, 100, 
100, 100, 100, 100, 100, 100, 2500, 2500, 2500, 2500, 2500, 2500, 
2500, 2500, 2500, 2500, 2500, 37178.279, 43421.601, 51032.989, 
60481.761, 69105.229, 76744.9469999999, 87714.5650000001, 102112.996, 
108770.448, 123697.61, 138837.835, 1, 1, 1, 1, 1, 1, 1, 1, 1, 
1, 1, 0.03846, 0.03846, 0.03846, 0.03846, 0.03846, 0.03846, 0.03846, 
0.03846, 0.03846, 0.03846, 0.03846, 0, 0, 0, 0, 0, 0, 0, 0, 0, 
0, 0, 0, 0, 0, 0, 0, 0, 0, 0, 0, 0, 0, 0.69548, 0.68888, 0.69242, 
0.70163, 0.68516, 0.69125, 0.69867, 0.69639, 0.69558, 0.69862, 
0.69796, 0.69191, 0.69414, 0.69789, 0.70107, 0.6924, 0.69511, 
0.69776, 0.69983, 0.696, 0.69596, 0.70122, 0.5506, 0.6622, 0.7972, 
0.9209, 1.0206, 1.2045, 1.3156, 1.473, 1.562, 1.8458, 1.9202, 
827.4, 904.1, 979.8, 1054.7, 1133.1, 1203.7, 1279.2, 1349.1, 
1428.8, 1497.3, 1572.9, 1, 1, 1, 1, 1, 1, 1, 1, 1, 1, 1, 1, 1, 
1, 1, 1, 1, 1, 1, 1, 1, 1, 1, 1, 1, 1, 1, 1, 1, 1, 1, 1, 1, 1, 
1, 1, 1, 1, 1, 1, 1, 1, 1, 1, 9.005, 10.172, 11.371, 12.88, 13.611, 
15.725, 16.782, 18.781, 19.895, 23.022, 23.791), .Dim = c(11L, 
40L), .Dimnames = list(NULL, c("Sampling", "PSO.cost", "PSO.gamma", 
"PSO.data.balancing", "PSO.feature.selection", "PSO.valid.acc", 
"PSO.test.acc", "PSO.train.time", "PSO.n.support.vectors", "PSO.index", 
"PSO.n.solutions", "PSO.generations", "PSO.n.evaluations", "PSO.cpu.time", 
"RS.cost", "RS.gamma", "RS.data.balancing", "RS.feature.selection", 
"RS.valid.acc", "RS.test.acc", "RS.train.time", "RS.n.support.vectors", 
"RS.index", "RS.n.solutions", "RS.generations", "RS.n.evaluations", 
"RS.cpu.time", "DF.cost", "DF.gamma", "DF.data.balancing", "DF.feature.selection", 
"DF.valid.acc", "DF.test.acc", "DF.train.time", "DF.n.support.vectors", 
"DF.index", "DF.n.solutions", "DF.generations", "DF.n.evaluations", 
"DF.cpu.time")))
