full <-
structure(c(50, 55, 60, 65, 70, 75, 80, 85, 90, 95, 100, 8.70153, 
13.92964, 6.20524, 13.47239, 2.44185, 5.14746, 6.16407, 14.9301, 
12.4048, 3.82978, 5.55887, -9.37672, -13.1602, -8.27899, -10.9887, 
-5.88782, -5.37731, -8.67833, -11.24602, -9.97528, -6.02289, 
-7.19441, 0, 0, 0, 0, 0, 0, 0, 0, 0, 0, 0, 0, 0, 0, 0, 0, 0, 
0, 0, 0, 0, 0, 0.71513, 0.71139, 0.71431, 0.71457, 0.70953, 0.71595, 
0.70596, 0.70752, 0.71054, 0.70899, 0.70774, 0.70565, 0.70678, 
0.7028, 0.70787, 0.70435, 0.70285, 0.70323, 0.70365, 0.70771, 
0.70934, 0.70047, 0.7916, 1.5111, 0.9166, 2.9792, 1.0173, 1.2395, 
1.5494, 7.0789, 6.0158, 1.8089, 2.3231, 706.8, 758.6, 873.2, 
888.1, 1046, 1053.3, 1191, 1163.5, 1239.2, 1366.6, 1424.8, 1540, 
2018, 1820, 1169, 2232, 2178, 2188, 1873, 1825, 1166, 1322, 46, 
4, 7, 2, 30, 2, 1, 1, 1, 76, 52, 100, 100, 100, 100, 100, 100, 
100, 100, 100, 100, 100, 2500, 2500, 2500, 2500, 2500, 2500, 
2500, 2500, 2500, 2500, 2500, 32247.009, 40341.487, 37340.13, 
72194.128, 59518.905, 58290.103, 69433.976, 175364.489, 146507.092, 
60543.446, 76866.4369999999, 12.14638, 7.71644, 10.76222, 13.80474, 
1.85236, 5.41739, 9.14452, 13.64348, 13.04319, 2.19217, 4.80196, 
-11.54034, -9.93595, -9.09223, -11.13032, -5.49569, -5.53844, 
-10.05478, -10.92289, -10.28933, -5.31732, -6.57422, 0, 0, 0, 
0, 0, 0, 0, 0, 0, 0, 0, 0, 0, 0, 0, 0, 0, 0, 0, 0, 0, 0, 0.71366, 
0.71079, 0.71308, 0.71345, 0.70849, 0.71497, 0.70414, 0.70666, 
0.70973, 0.70746, 0.70701, 0.70565, 0.70546, 0.70702, 0.70731, 
0.70591, 0.70285, 0.70187, 0.70665, 0.70811, 0.70667, 0.70047, 
1.2521, 0.8299, 1.648, 3.1983, 1.0055, 1.2535, 2.1907, 5.5249, 
6.4627, 1.7304, 2.1261, 698.5, 819.1, 821.7, 886.9, 1054.9, 1049.6, 
1161.6, 1171.5, 1235.7, 1401.9, 1426.6, 398, 1264, 442, 2364, 
1019, 844, 148, 193, 2475, 29, 1298, 1, 1, 1, 1, 1, 1, 2, 2, 
1, 1, 1, 100, 100, 100, 100, 100, 100, 100, 100, 100, 100, 100, 
2500, 2500, 2500, 2500, 2500, 2500, 2500, 2500, 2500, 2500, 2500, 
35017.671, 42530.529, 48887.585, 55668.526, 64742.121, 74794.9500000001, 
87466.221, 97967.755, 103394.182, 119395.793, 126347.212, 1, 
1, 1, 1, 1, 1, 1, 1, 1, 1, 1, 0.03846, 0.03846, 0.03846, 0.03846, 
0.03846, 0.03846, 0.03846, 0.03846, 0.03846, 0.03846, 0.03846, 
0, 0, 0, 0, 0, 0, 0, 0, 0, 0, 0, 0, 0, 0, 0, 0, 0, 0, 0, 0, 0, 
0, 0.70129, 0.69479, 0.69854, 0.6978, 0.70072, 0.697, 0.69732, 
0.69856, 0.69919, 0.70018, 0.69974, 0.6984, 0.69748, 0.6943, 
0.69779, 0.69812, 0.69601, 0.7014, 0.70071, 0.69923, 0.70629, 
0.70194, 0.5511, 0.6689, 0.7812, 0.8928, 0.9987, 1.1711, 1.3131, 
1.4191, 1.5603, 1.7884, 1.916, 810.3, 895.3, 967.7, 1039.2, 1121.7, 
1199.7, 1291.8, 1364.1, 1425, 1497.4, 1568.4, 1, 1, 1, 1, 1, 
1, 1, 1, 1, 1, 1, 1, 1, 1, 1, 1, 1, 1, 1, 1, 1, 1, 1, 1, 1, 1, 
1, 1, 1, 1, 1, 1, 1, 1, 1, 1, 1, 1, 1, 1, 1, 1, 1, 1, 8.455, 
9.792, 10.996, 12.142, 13.179, 16.166, 17.389, 17.951, 19.365, 
21.82, 23.168), .Dim = c(11L, 40L), .Dimnames = list(NULL, c("Sampling", 
"PSO.cost", "PSO.gamma", "PSO.data.balancing", "PSO.feature.selection", 
"PSO.valid.acc", "PSO.test.acc", "PSO.train.time", "PSO.n.support.vectors", 
"PSO.index", "PSO.n.solutions", "PSO.generations", "PSO.n.evaluations", 
"PSO.cpu.time", "RS.cost", "RS.gamma", "RS.data.balancing", "RS.feature.selection", 
"RS.valid.acc", "RS.test.acc", "RS.train.time", "RS.n.support.vectors", 
"RS.index", "RS.n.solutions", "RS.generations", "RS.n.evaluations", 
"RS.cpu.time", "DF.cost", "DF.gamma", "DF.data.balancing", "DF.feature.selection", 
"DF.valid.acc", "DF.test.acc", "DF.train.time", "DF.n.support.vectors", 
"DF.index", "DF.n.solutions", "DF.generations", "DF.n.evaluations", 
"DF.cpu.time")))
