full <-
structure(c(50, 55, 60, 65, 70, 75, 80, 85, 90, 95, 100, 15, 
11.75636, 7.58127, 4.07008, 7.89461, 14.40005, 1.45127, 4.95674, 
2.37819, 9.60708, 1.89678, -14.95318, -13.63015, -8.48614, -7.79361, 
-8.73175, -14.87874, -4.63808, -8.46609, -6.14301, -9.52307, 
-4.64241, 0, 0, 0, 0, 0, 0, 0, 0, 0, 0, 0, 0, 0, 0, 0, 0, 0, 
0, 0, 0, 0, 0, 0.70079, 0.70344, 0.71131, 0.70845, 0.70848, 0.69893, 
0.70824, 0.70367, 0.70158, 0.70587, 0.70486, 0.69285, 0.69549, 
0.69979, 0.70121, 0.69654, 0.69312, 0.69737, 0.69384, 0.69876, 
0.70015, 0.69611, 1.0352, 1.1274, 0.9808, 0.9035, 1.4522, 1.9991, 
1.2804, 1.6382, 1.6356, 3.7283, 1.884, 701.2, 804.8, 847, 990.7, 
991.9, 1040.1, 1205.5, 1295.5, 1356.3, 1333.7, 1467.5, 1284, 
779, 1595, 2087, 686, 1691, 1416, 2011, 1942, 1221, 2360, 1, 
24, 10, 3, 94, 1, 118, 2, 10, 54, 3, 100, 100, 100, 100, 100, 
100, 100, 100, 100, 100, 100, 2500, 2500, 2500, 2500, 2500, 2500, 
2500, 2500, 2500, 2500, 2500, 33914.691, 37651.467, 37197.156, 
34094.359, 60192.156, 62062.199, 48016.855, 70818.352, 74080.652, 
97358.794, 67109.1410000001, 14.65789, 3.15942, 5.51457, 3.1092, 
8.42402, 0.28449, 1.88815, 8.53946, 7.43434, 9.67611, 2.55365, 
-14.09779, -6.04634, -7.03073, -6.76059, -9.05351, -4.35434, 
-4.87739, -11.3553, -9.61033, -9.54285, -5.32454, 0, 0, 0, 0, 
0, 0, 0, 0, 0, 0, 0, 0, 0, 0, 0, 0, 0, 0, 0, 0, 0, 0, 0.6986, 
0.70279, 0.70947, 0.70732, 0.70692, 0.69894, 0.70598, 0.70157, 
0.70199, 0.70549, 0.70268, 0.69428, 0.69749, 0.7016, 0.70121, 
0.69654, 0.69409, 0.69737, 0.6977, 0.70078, 0.70129, 0.6983, 
1.2558, 0.6709, 0.8359, 0.914, 1.6193, 1.1782, 1.2794, 1.9581, 
1.9936, 3.8857, 1.9398, 702.2, 833, 855.4, 985.7, 990.4, 1181, 
1196.5, 1308.3, 1329.1, 1330.5, 1456.5, 45, 2324, 2496, 2478, 
74, 2416, 1966, 495, 2469, 319, 57, 1, 2, 1, 1, 2, 1, 1, 1, 1, 
2, 2, 100, 100, 100, 100, 100, 100, 100, 100, 100, 100, 100, 
2500, 2500, 2500, 2500, 2500, 2500, 2500, 2500, 2500, 2500, 2500, 
38200.477, 43534.88, 48308.951, 55579.976, 69030.73, 79904.531, 
92869.002, 103685.991, 108005.111, 123952.231, 138746.279, 1, 
1, 1, 1, 1, 1, 1, 1, 1, 1, 1, 0.03846, 0.03846, 0.03846, 0.03846, 
0.03846, 0.03846, 0.03846, 0.03846, 0.03846, 0.03846, 0.03846, 
0, 0, 0, 0, 0, 0, 0, 0, 0, 0, 0, 0, 0, 0, 0, 0, 0, 0, 0, 0, 0, 
0, 0.68692, 0.68825, 0.704, 0.7006, 0.70019, 0.69412, 0.69735, 
0.6968, 0.69715, 0.69826, 0.69868, 0.69199, 0.69751, 0.69736, 
0.70061, 0.7059, 0.69168, 0.69827, 0.69851, 0.69755, 0.69787, 
0.69467, 0.56, 0.6538, 0.7447, 0.8692, 1.0245, 1.183, 1.2792, 
1.4383, 1.5743, 1.7562, 1.9533, 836, 903.2, 970.9, 1049.7, 1124.5, 
1207.6, 1284.3, 1358, 1417.5, 1493.3, 1570, 1, 1, 1, 1, 1, 1, 
1, 1, 1, 1, 1, 1, 1, 1, 1, 1, 1, 1, 1, 1, 1, 1, 1, 1, 1, 1, 1, 
1, 1, 1, 1, 1, 1, 1, 1, 1, 1, 1, 1, 1, 1, 1, 1, 1, 9.001, 9.825, 
10.938, 12.435, 14.034, 15.553, 16.22, 18.114, 19.738, 21.493, 
23.728), .Dim = c(11L, 40L), .Dimnames = list(NULL, c("Sampling", 
"PSO.cost", "PSO.gamma", "PSO.data.balancing", "PSO.feature.selection", 
"PSO.valid.acc", "PSO.test.acc", "PSO.train.time", "PSO.n.support.vectors", 
"PSO.index", "PSO.n.solutions", "PSO.generations", "PSO.n.evaluations", 
"PSO.cpu.time", "RS.cost", "RS.gamma", "RS.data.balancing", "RS.feature.selection", 
"RS.valid.acc", "RS.test.acc", "RS.train.time", "RS.n.support.vectors", 
"RS.index", "RS.n.solutions", "RS.generations", "RS.n.evaluations", 
"RS.cpu.time", "DF.cost", "DF.gamma", "DF.data.balancing", "DF.feature.selection", 
"DF.valid.acc", "DF.test.acc", "DF.train.time", "DF.n.support.vectors", 
"DF.index", "DF.n.solutions", "DF.generations", "DF.n.evaluations", 
"DF.cpu.time")))
