full <-
structure(c(50, 55, 60, 65, 70, 75, 80, 85, 90, 95, 100, 10.38267, 
14.60065, 5.99118, 15, 12.70157, 14.21371, 3.3698, 2.79333, 6.26379, 
3.76405, 15, -8.88067, -14.99661, -7.78185, -12.09032, -9.58945, 
-12.21883, -4.15119, -5.25008, -7.82278, -3.92766, -11.89387, 
0, 0, 0, 0, 0, 0, 0, 0, 0, 0, 0, 0, 0, 0, 0, 0, 0, 0, 0, 0, 0, 
0, 0.71945, 0.71398, 0.71012, 0.71233, 0.70595, 0.71391, 0.71466, 
0.71093, 0.70811, 0.70863, 0.70991, 0.71876, 0.70738, 0.69501, 
0.70396, 0.69293, 0.70905, 0.70969, 0.70624, 0.70569, 0.70249, 
0.70517, 1.1363, 1.1657, 0.8862, 3.3819, 4.8094, 3.9633, 1.3206, 
1.4712, 2.0381, 1.907, 7.898, 683.3, 756.4, 873.1, 894.2, 959.9, 
1026.2, 1147.7, 1242.7, 1285, 1365.9, 1366.4, 1242, 2430, 659, 
983, 1494, 1377, 1337, 1863, 1543, 1666, 1392, 26, 4, 34, 5, 
6, 3, 28, 2, 29, 16, 1, 100, 100, 100, 100, 100, 100, 100, 100, 
100, 100, 100, 2500, 2500, 2500, 2500, 2500, 2500, 2500, 2500, 
2500, 2500, 2500, 38069.266, 41160.224, 46863.661, 84113.228, 
89171.345, 98212.431, 77136.714, 98637.2930000001, 68916.192, 
63848.186, 199289.144, 5.11013, 14.20851, 5.83545, 13.90177, 
11.25224, 9.05145, 2.99997, 3.43251, 6.11653, 4.65483, 5.99864, 
-5.261, -13.2513, -7.70666, -11.47799, -8.90742, -9.71363, -3.91712, 
-5.34354, -7.7289, -4.18199, -7.78899, 0, 0, 0, 0, 0, 0, 0, 0, 
0, 0, 0, 0, 0, 0, 0, 0, 0, 0, 0, 0, 0, 0, 0.71803, 0.71134, 0.71012, 
0.71122, 0.70543, 0.71342, 0.7133, 0.70965, 0.70771, 0.70748, 
0.70918, 0.70929, 0.71002, 0.69502, 0.70285, 0.6919, 0.70905, 
0.70969, 0.70366, 0.70569, 0.7025, 0.70408, 0.5746, 1.6944, 0.8816, 
3.3548, 3.2646, 2.1019, 1.3161, 1.4887, 2.028, 1.9334, 2.4099, 
698.7, 758.3, 873.1, 900.7, 961.7, 1074.7, 1160.2, 1228.6, 1283.7, 
1352.1, 1435.9, 1104, 917, 160, 437, 390, 1795, 1671, 346, 1281, 
1635, 2077, 1, 1, 1, 1, 1, 1, 1, 1, 1, 1, 1, 100, 100, 100, 100, 
100, 100, 100, 100, 100, 100, 100, 2500, 2500, 2500, 2500, 2500, 
2500, 2500, 2500, 2500, 2500, 2500, 39172.676, 46683.211, 52285.464, 
65802.031, 74433.175, 84590.762, 93921.732, 103464.228, 116529.053, 
126609.081, 136691.816, 1, 1, 1, 1, 1, 1, 1, 1, 1, 1, 1, 0.03846, 
0.03846, 0.03846, 0.03846, 0.03846, 0.03846, 0.03846, 0.03846, 
0.03846, 0.03846, 0.03846, 0, 0, 0, 0, 0, 0, 0, 0, 0, 0, 0, 0, 
0, 0, 0, 0, 0, 0, 0, 0, 0, 0, 0.70425, 0.69815, 0.698, 0.69944, 
0.6945, 0.70519, 0.70512, 0.69726, 0.6976, 0.70058, 0.7001, 0.70572, 
0.69948, 0.69796, 0.69885, 0.69503, 0.70182, 0.70603, 0.70282, 
0.69802, 0.70364, 0.70482, 0.5515, 0.6605, 0.7714, 0.8891, 1.0709, 
1.1801, 1.3293, 1.4562, 1.6883, 1.8137, 1.9635, 817.3, 904.3, 
975.3, 1055.5, 1122.4, 1199.8, 1271.9, 1352.7, 1426.5, 1490.7, 
1575.3, 1, 1, 1, 1, 1, 1, 1, 1, 1, 1, 1, 1, 1, 1, 1, 1, 1, 1, 
1, 1, 1, 1, 1, 1, 1, 1, 1, 1, 1, 1, 1, 1, 1, 1, 1, 1, 1, 1, 1, 
1, 1, 1, 1, 1, 9.727, 10.993, 12.616, 14.35, 15.75, 16.541, 18.221, 
19.133, 21.956, 23.336, 25.359), .Dim = c(11L, 40L), .Dimnames = list(
    NULL, c("Sampling", "PSO.cost", "PSO.gamma", "PSO.data.balancing", 
    "PSO.feature.selection", "PSO.valid.acc", "PSO.test.acc", 
    "PSO.train.time", "PSO.n.support.vectors", "PSO.index", "PSO.n.solutions", 
    "PSO.generations", "PSO.n.evaluations", "PSO.cpu.time", "RS.cost", 
    "RS.gamma", "RS.data.balancing", "RS.feature.selection", 
    "RS.valid.acc", "RS.test.acc", "RS.train.time", "RS.n.support.vectors", 
    "RS.index", "RS.n.solutions", "RS.generations", "RS.n.evaluations", 
    "RS.cpu.time", "DF.cost", "DF.gamma", "DF.data.balancing", 
    "DF.feature.selection", "DF.valid.acc", "DF.test.acc", "DF.train.time", 
    "DF.n.support.vectors", "DF.index", "DF.n.solutions", "DF.generations", 
    "DF.n.evaluations", "DF.cpu.time")))
