full <-
structure(c(50, 55, 60, 65, 70, 75, 80, 85, 90, 95, 100, 3.67937, 
7.00151, 0.9152, 5.43756, 12.98602, 5.30752, 4.87402, 7.24425, 
4.02652, 9.74133, 4.48204, -7.71398, -9.16618, -4.79151, -7.35964, 
-10.99026, -7.22953, -5.86459, -9.32791, -5.81752, -14.62739, 
-7.71225, 0, 0, 0, 0, 0, 0, 0, 0, 0, 0, 0, 0, 0, 0, 0, 0, 0, 
0, 0, 0, 0, 0, 0.70131, 0.70615, 0.70223, 0.70394, 0.70592, 0.70081, 
0.70822, 0.70363, 0.70773, 0.70439, 0.7041, 0.69038, 0.69954, 
0.69323, 0.69723, 0.69919, 0.69451, 0.70005, 0.69892, 0.70611, 
0.70285, 0.7041, 0.5751, 0.7437, 0.7436, 1.0057, 3.3361, 1.2767, 
1.3642, 1.7935, 1.6676, 2.3067, 2.1125, 794.4, 819.1, 952, 962.6, 
985.4, 1100.9, 1141.9, 1264.9, 1290.4, 1559.3, 1484.8, 1033, 
332, 786, 1470, 1845, 897, 1308, 429, 1871, 959, 663, 26, 35, 
49, 108, 3, 163, 5, 90, 6, 10, 100, 100, 100, 100, 100, 100, 
100, 100, 100, 100, 100, 100, 2500, 2500, 2500, 2500, 2500, 2500, 
2500, 2500, 2500, 2500, 2500, 23779.507, 26599.517, 36800.89, 
36644.854, 91647.661, 41993.957, 129750.884, 58093.931, 57013.853, 
70978.1340000001, 67554.9540000001, 3.85796, 5.21165, 14.86297, 
5.29801, 12.35139, 3.35655, 5.49171, 7.30782, 6.3793, 8.85002, 
13.52753, -7.78, -7.46908, -12.80608, -7.43603, -10.5585, -6.08189, 
-6.22428, -9.48929, -6.83671, -13.72539, -12.22491, 0, 0, 0, 
0, 0, 0, 0, 0, 0, 0, 0, 0, 0, 0, 0, 0, 0, 0, 0, 0, 0, 0, 0.70057, 
0.70418, 0.70104, 0.70114, 0.70436, 0.70033, 0.70686, 0.7032, 
0.70692, 0.70362, 0.70481, 0.69038, 0.6969, 0.68598, 0.69612, 
0.69866, 0.69452, 0.70278, 0.70107, 0.70448, 0.70247, 0.70119, 
0.5944, 0.6939, 2.1132, 1.0053, 3.1424, 1.185, 1.4084, 1.7514, 
1.9897, 2.3451, 5.1986, 791.7, 816.5, 832.4, 969.7, 987.1, 1120.2, 
1135.8, 1271.7, 1264.4, 1590.4, 1376.6, 948, 184, 224, 1563, 
1622, 1676, 286, 1599, 1619, 1201, 563, 1, 1, 1, 1, 1, 1, 2, 
2, 1, 3, 1, 100, 100, 100, 100, 100, 100, 100, 100, 100, 100, 
100, 2500, 2500, 2500, 2500, 2500, 2500, 2500, 2500, 2500, 2500, 
2500, 36774.029, 39434.81, 48984.436, 57506.159, 66161.915, 74074.864, 
82516.657, 91517.403, 113335.647, 123208.48, 139467.151, 1, 1, 
1, 1, 1, 1, 1, 1, 1, 1, 1, 0.03846, 0.03846, 0.03846, 0.03846, 
0.03846, 0.03846, 0.03846, 0.03846, 0.03846, 0.03846, 0.03846, 
0, 0, 0, 0, 0, 0, 0, 0, 0, 0, 0, 0, 0, 0, 0, 0, 0, 0, 0, 0, 0, 
0, 0.69039, 0.69292, 0.69497, 0.69274, 0.69396, 0.68872, 0.69914, 
0.69426, 0.69684, 0.69369, 0.70084, 0.68675, 0.68828, 0.68953, 
0.69108, 0.69191, 0.69499, 0.69779, 0.69342, 0.69361, 0.69828, 
0.70048, 0.5342, 0.6427, 0.7629, 0.8774, 0.9919, 1.1522, 1.257, 
1.4317, 1.6551, 1.7908, 1.9581, 825.7, 913.4, 991.5, 1070.5, 
1143.1, 1219.5, 1287.9, 1367.3, 1428.5, 1496.1, 1569.3, 1, 1, 
1, 1, 1, 1, 1, 1, 1, 1, 1, 1, 1, 1, 1, 1, 1, 1, 1, 1, 1, 1, 1, 
1, 1, 1, 1, 1, 1, 1, 1, 1, 1, 1, 1, 1, 1, 1, 1, 1, 1, 1, 1, 1, 
8.327, 9.47, 10.755, 12.075, 13.238, 14.965, 15.993, 18.066, 
20.238, 21.633, 23.427), .Dim = c(11L, 40L), .Dimnames = list(
    NULL, c("Sampling", "PSO.cost", "PSO.gamma", "PSO.data.balancing", 
    "PSO.feature.selection", "PSO.valid.acc", "PSO.test.acc", 
    "PSO.train.time", "PSO.n.support.vectors", "PSO.index", "PSO.n.solutions", 
    "PSO.generations", "PSO.n.evaluations", "PSO.cpu.time", "RS.cost", 
    "RS.gamma", "RS.data.balancing", "RS.feature.selection", 
    "RS.valid.acc", "RS.test.acc", "RS.train.time", "RS.n.support.vectors", 
    "RS.index", "RS.n.solutions", "RS.generations", "RS.n.evaluations", 
    "RS.cpu.time", "DF.cost", "DF.gamma", "DF.data.balancing", 
    "DF.feature.selection", "DF.valid.acc", "DF.test.acc", "DF.train.time", 
    "DF.n.support.vectors", "DF.index", "DF.n.solutions", "DF.generations", 
    "DF.n.evaluations", "DF.cpu.time")))
