full <-
structure(c(50, 55, 60, 65, 70, 75, 80, 85, 90, 95, 100, 8.94849, 
5.77431, 14.9596, 14.96228, 14.68845, 8.1159, 13.68468, 13.01425, 
4.59177, 8.49253, 7.18751, -10.36197, -9.82682, -12.43792, -15, 
-12.85458, -9.40406, -14.45068, -14.60574, -9.35474, -8.86215, 
-8.51901, 0, 0, 0, 0, 0, 0, 0, 0, 0, 0, 0, 0, 0, 0, 0, 0, 0, 
0, 0, 0, 0, 0, 0.70579, 0.70208, 0.707, 0.70058, 0.69605, 0.7014, 
0.6965, 0.6977, 0.70287, 0.70435, 0.70738, 0.70136, 0.6902, 0.69908, 
0.69778, 0.68774, 0.69025, 0.69378, 0.69515, 0.69846, 0.69939, 
0.7034, 0.7391, 0.728, 2.7366, 1.522, 3.0242, 1.642, 2.2493, 
2.3819, 1.8021, 3.119, 2.7239, 743.3, 890.2, 831.7, 895.6, 969.5, 
1092.4, 1119.9, 1204.7, 1453.1, 1335.9, 1426.9, 1257, 29, 1416, 
408, 1902, 1691, 1068, 1824, 840, 680, 1385, 6, 116, 1, 593, 
2, 88, 8, 2, 10, 35, 9, 100, 100, 100, 100, 100, 100, 100, 100, 
100, 100, 100, 2500, 2500, 2500, 2500, 2500, 2500, 2500, 2500, 
2500, 2500, 2500, 38958.537, 33825.792, 64643.443, 48887.243, 
78962.041, 55811.8999999999, 66918.706, 99765.621, 64448.267, 
90226.0599999998, 90964.0419999999, 3.2444, 5.99129, 10.885, 
7.51241, 0.24908, 8.47203, 13.42307, 12.41028, 7.98229, 8.99164, 
6.81078, -6.06407, -9.95725, -10.69989, -10.10923, -2.85815, 
-9.56054, -14.2242, -14.06055, -12.66623, -9.16426, -8.23761, 
0, 0, 0, 0, 0, 0, 0, 0, 0, 0, 0, 0, 0, 0, 0, 0, 0, 0, 0, 0, 0, 
0, 0.70431, 0.70011, 0.70518, 0.69891, 0.69606, 0.70091, 0.69559, 
0.69728, 0.70167, 0.70359, 0.70629, 0.69778, 0.69152, 0.69788, 
0.69274, 0.68724, 0.69123, 0.69332, 0.69514, 0.70048, 0.70092, 
0.70267, 0.5653, 0.7369, 1.7689, 1.0711, 1.0715, 1.7295, 2.3064, 
2.5063, 2.0733, 3.456, 2.6143, 769.3, 888.1, 854.2, 977.1, 1130.7, 
1092.3, 1124.2, 1220.9, 1516.2, 1337, 1422.2, 1623, 569, 230, 
1654, 1276, 554, 1005, 841, 1700, 1604, 1706, 1, 1, 1, 2, 1, 
1, 1, 1, 2, 1, 1, 100, 100, 100, 100, 100, 100, 100, 100, 100, 
100, 100, 2500, 2500, 2500, 2500, 2500, 2500, 2500, 2500, 2500, 
2500, 2500, 36998.334, 43398.671, 49831.209, 58001.821, 70756.614, 
78222.1000000001, 85245.1549999999, 99637.6760000001, 117710.543, 
125196.57, 130809.876, 1, 1, 1, 1, 1, 1, 1, 1, 1, 1, 1, 0.03846, 
0.03846, 0.03846, 0.03846, 0.03846, 0.03846, 0.03846, 0.03846, 
0.03846, 0.03846, 0.03846, 0, 0, 0, 0, 0, 0, 0, 0, 0, 0, 0, 0, 
0, 0, 0, 0, 0, 0, 0, 0, 0, 0, 0.6913, 0.69022, 0.70154, 0.68716, 
0.68723, 0.69365, 0.68965, 0.69431, 0.69482, 0.69634, 0.69755, 
0.68834, 0.68689, 0.70032, 0.68884, 0.68308, 0.69123, 0.68558, 
0.69344, 0.69442, 0.69942, 0.69937, 0.5585, 0.6554, 0.7604, 0.8997, 
1.0377, 1.1961, 1.3058, 1.4532, 1.6742, 1.7964, 2.0081, 846.8, 
920.6, 991.5, 1064.2, 1141, 1213.5, 1278.7, 1357, 1429.4, 1499.4, 
1570.2, 1, 1, 1, 1, 1, 1, 1, 1, 1, 1, 1, 1, 1, 1, 1, 1, 1, 1, 
1, 1, 1, 1, 1, 1, 1, 1, 1, 1, 1, 1, 1, 1, 1, 1, 1, 1, 1, 1, 1, 
1, 1, 1, 1, 1, 8.735, 9.762, 10.892, 12.524, 13.934, 15.499, 
16.549, 18.238, 21.844, 22.958, 25.103), .Dim = c(11L, 40L), .Dimnames = list(
    NULL, c("Sampling", "PSO.cost", "PSO.gamma", "PSO.data.balancing", 
    "PSO.feature.selection", "PSO.valid.acc", "PSO.test.acc", 
    "PSO.train.time", "PSO.n.support.vectors", "PSO.index", "PSO.n.solutions", 
    "PSO.generations", "PSO.n.evaluations", "PSO.cpu.time", "RS.cost", 
    "RS.gamma", "RS.data.balancing", "RS.feature.selection", 
    "RS.valid.acc", "RS.test.acc", "RS.train.time", "RS.n.support.vectors", 
    "RS.index", "RS.n.solutions", "RS.generations", "RS.n.evaluations", 
    "RS.cpu.time", "DF.cost", "DF.gamma", "DF.data.balancing", 
    "DF.feature.selection", "DF.valid.acc", "DF.test.acc", "DF.train.time", 
    "DF.n.support.vectors", "DF.index", "DF.n.solutions", "DF.generations", 
    "DF.n.evaluations", "DF.cpu.time")))
