full <-
structure(c(50, 55, 60, 65, 70, 75, 80, 85, 90, 95, 100, 9.90456, 
1.02778, 2.7137, 2.17957, 2.11689, 3.96909, 14.63648, 11.99531, 
13.13848, 15, 8.01512, -10.81824, -5.31202, -5.39985, -4.95748, 
-6.16781, -7.34893, -13.08376, -13.02269, -13.39527, -12.19971, 
-9.6039, 0, 0, 0, 0, 0, 0, 0, 0, 0, 0, 0, 0, 0, 0, 0, 0, 0, 0, 
0, 0, 0, 0, 0.7086, 0.70873, 0.70702, 0.70611, 0.71324, 0.71099, 
0.71054, 0.70624, 0.7077, 0.70511, 0.70555, 0.71371, 0.69817, 
0.70219, 0.70164, 0.7034, 0.70278, 0.70194, 0.69982, 0.6972, 
0.70052, 0.70266, 0.8161, 0.6656, 0.7561, 0.8772, 1.0454, 1.2547, 
3.3101, 2.7136, 3.2458, 6.0314, 2.6888, 721.4, 870.8, 897.5, 
972.7, 1084, 1127.1, 1084.4, 1187.5, 1237.1, 1292.1, 1452.1, 
1513, 839, 2334, 1256, 1113, 1907, 1595, 1649, 1885, 659, 1447, 
5, 140, 25, 49, 25, 2, 2, 6, 1, 6, 6, 100, 100, 100, 100, 100, 
100, 100, 100, 100, 100, 100, 2500, 2500, 2500, 2500, 2500, 2500, 
2500, 2500, 2500, 2500, 2500, 28946.594, 24989.185, 40212.256, 
39249.117, 37352.324, 42315.68, 94892.4750000001, 77396.311, 
95957.9519999999, 141256.582, 87327.7850000001, 4.42692, 1.02275, 
7.97402, 1.90609, 2.14821, 3.7472, 14.01502, 11.63438, 13.6106, 
14.75291, 8.04756, -6.2037, -5.30829, -8.6254, -4.94953, -6.3046, 
-7.10291, -12.58079, -12.68645, -13.55333, -12.77331, -9.74179, 
0, 0, 0, 0, 0, 0, 0, 0, 0, 0, 0, 0, 0, 0, 0, 0, 0, 0, 0, 0, 0, 
0, 0.70859, 0.70873, 0.70583, 0.70219, 0.71271, 0.70906, 0.70918, 
0.70496, 0.7077, 0.70435, 0.70518, 0.70204, 0.69751, 0.70403, 
0.70388, 0.70391, 0.70279, 0.70285, 0.69939, 0.69841, 0.70166, 
0.70302, 0.5668, 0.6568, 1.0617, 0.8659, 1.0427, 1.2372, 3.377, 
2.6626, 3.2201, 4.9593, 2.7041, 729.1, 871.1, 861.9, 981.5, 1088.3, 
1122.9, 1092.8, 1193.8, 1229.5, 1291.9, 1457.3, 1334, 668, 470, 
1778, 1571, 2294, 2476, 1135, 901, 410, 1679, 1, 1, 1, 1, 1, 
2, 1, 2, 1, 1, 1, 100, 100, 100, 100, 100, 100, 100, 100, 100, 
100, 100, 2500, 2500, 2500, 2500, 2500, 2500, 2500, 2500, 2500, 
2500, 2500, 36985.443, 41710.483, 50951.892, 58174.289, 68226.164, 
79186.1039999999, 87868.267, 95668.6760000001, 110625.028, 118956.835, 
136433.699, 1, 1, 1, 1, 1, 1, 1, 1, 1, 1, 1, 0.03846, 0.03846, 
0.03846, 0.03846, 0.03846, 0.03846, 0.03846, 0.03846, 0.03846, 
0.03846, 0.03846, 0, 0, 0, 0, 0, 0, 0, 0, 0, 0, 0, 0, 0, 0, 0, 
0, 0, 0, 0, 0, 0, 0, 0.69837, 0.69619, 0.69607, 0.69721, 0.70858, 
0.69988, 0.69782, 0.69899, 0.6956, 0.70014, 0.69502, 0.69983, 
0.69885, 0.69671, 0.70056, 0.70289, 0.69989, 0.69833, 0.69343, 
0.69237, 0.70053, 0.69465, 0.5685, 0.6621, 0.7713, 0.9116, 1.0186, 
1.1482, 1.3372, 1.4315, 1.5963, 1.745, 1.9697, 822.1, 893.7, 
978.2, 1052.4, 1124.9, 1200, 1266.2, 1338.2, 1420.1, 1495.1, 
1569.5, 1, 1, 1, 1, 1, 1, 1, 1, 1, 1, 1, 1, 1, 1, 1, 1, 1, 1, 
1, 1, 1, 1, 1, 1, 1, 1, 1, 1, 1, 1, 1, 1, 1, 1, 1, 1, 1, 1, 1, 
1, 1, 1, 1, 1, 8.843, 9.793, 10.902, 12.55, 13.737, 14.737, 16.996, 
17.781, 19.694, 21.236, 23.743), .Dim = c(11L, 40L), .Dimnames = list(
    NULL, c("Sampling", "PSO.cost", "PSO.gamma", "PSO.data.balancing", 
    "PSO.feature.selection", "PSO.valid.acc", "PSO.test.acc", 
    "PSO.train.time", "PSO.n.support.vectors", "PSO.index", "PSO.n.solutions", 
    "PSO.generations", "PSO.n.evaluations", "PSO.cpu.time", "RS.cost", 
    "RS.gamma", "RS.data.balancing", "RS.feature.selection", 
    "RS.valid.acc", "RS.test.acc", "RS.train.time", "RS.n.support.vectors", 
    "RS.index", "RS.n.solutions", "RS.generations", "RS.n.evaluations", 
    "RS.cpu.time", "DF.cost", "DF.gamma", "DF.data.balancing", 
    "DF.feature.selection", "DF.valid.acc", "DF.test.acc", "DF.train.time", 
    "DF.n.support.vectors", "DF.index", "DF.n.solutions", "DF.generations", 
    "DF.n.evaluations", "DF.cpu.time")))
