full <-
structure(c(50, 55, 60, 65, 70, 75, 80, 85, 90, 95, 100, 14.98861, 
12.11849, 7.71235, 9.90986, 5.64203, 4.02851, 2.19307, 6.38154, 
10.45302, 7.88373, 5.58322, -14.30895, -13.36907, -10.2537, -9.44396, 
-7.46541, -5.7096, -5.31403, -8.49772, -14.19178, -10.57585, 
-7.60398, 0, 0, 0, 0, 0, 0, 0, 0, 0, 0, 0, 0, 0, 0, 0, 0, 0, 
0, 0, 0, 0, 0, 0.71732, 0.70551, 0.71256, 0.70888, 0.69663, 0.70089, 
0.70193, 0.70327, 0.70399, 0.70433, 0.70775, 0.70421, 0.6989, 
0.70952, 0.69943, 0.69403, 0.69506, 0.69919, 0.69687, 0.69793, 
0.70396, 0.70122, 1.1872, 1.3685, 1.0274, 1.6269, 1.1913, 1.2081, 
1.3329, 1.8239, 2.3177, 2.3498, 2.3497, 691, 805.9, 908.4, 923.3, 
1033.4, 1088, 1198.7, 1246.3, 1386.7, 1426, 1434.8, 1798, 1063, 
2210, 2322, 1736, 1155, 1823, 1771, 876, 802, 560, 1, 32, 1, 
2, 15, 83, 16, 26, 39, 37, 329, 100, 100, 100, 100, 100, 100, 
100, 100, 100, 100, 100, 2500, 2500, 2500, 2500, 2500, 2500, 
2500, 2500, 2500, 2500, 2500, 38773.447, 44089.521, 43630.453, 
53468.222, 43693.497, 47010.493, 55554.758, 70442.628, 79692.606, 
69660.804, 79930.2609999999, 14.76267, 9.74336, 7.91722, 4.50716, 
5.74818, 11.09724, 2.41935, 5.30834, 10.9516, 7.41816, 3.92565, 
-14.06667, -10.4463, -10.43548, -7.61619, -7.51639, -11.20127, 
-5.88052, -7.03888, -14.71981, -10.11271, -5.30218, 0, 0, 0, 
0, 0, 0, 0, 0, 0, 0, 0, 0, 0, 0, 0, 0, 0, 0, 0, 0, 0, 0, 0.71512, 
0.7055, 0.71196, 0.70724, 0.69455, 0.69896, 0.70103, 0.70157, 
0.70359, 0.70357, 0.70628, 0.70347, 0.69956, 0.71013, 0.69833, 
0.69402, 0.697, 0.69919, 0.69559, 0.69874, 0.70244, 0.70303, 
1.234, 1.123, 1.0592, 1.0523, 1.1908, 2.6526, 1.3515, 1.7082, 
2.1873, 2.3224, 2.0565, 692.4, 804.8, 911.1, 989.1, 1031.5, 1077.3, 
1209.5, 1224.8, 1370.4, 1420.5, 1424.8, 1723, 779, 2020, 1878, 
1229, 130, 302, 1696, 2452, 1444, 315, 1, 3, 1, 1, 1, 2, 1, 1, 
1, 2, 1, 100, 100, 100, 100, 100, 100, 100, 100, 100, 100, 100, 
2500, 2500, 2500, 2500, 2500, 2500, 2500, 2500, 2500, 2500, 2500, 
37458.433, 42793.846, 51409.077, 58020.927, 68573.411, 82143.52, 
89638.24, 97482.111, 111407.078, 125911.415, 137537.486, 1, 1, 
1, 1, 1, 1, 1, 1, 1, 1, 1, 0.03846, 0.03846, 0.03846, 0.03846, 
0.03846, 0.03846, 0.03846, 0.03846, 0.03846, 0.03846, 0.03846, 
0, 0, 0, 0, 0, 0, 0, 0, 0, 0, 0, 0, 0, 0, 0, 0, 0, 0, 0, 0, 0, 
0, 0.6977, 0.68567, 0.69859, 0.69045, 0.68887, 0.69264, 0.69419, 
0.69728, 0.7016, 0.6986, 0.69865, 0.69261, 0.68828, 0.69979, 
0.68936, 0.68939, 0.69215, 0.69965, 0.69601, 0.69432, 0.69516, 
0.70047, 0.551, 0.6815, 0.7949, 0.933, 1.0082, 1.1781, 1.3267, 
1.5126, 1.6022, 1.8411, 1.9918, 835.7, 914.1, 988.8, 1066.3, 
1146.3, 1217.5, 1290.6, 1359.3, 1428, 1502.6, 1571.3, 1, 1, 1, 
1, 1, 1, 1, 1, 1, 1, 1, 1, 1, 1, 1, 1, 1, 1, 1, 1, 1, 1, 1, 1, 
1, 1, 1, 1, 1, 1, 1, 1, 1, 1, 1, 1, 1, 1, 1, 1, 1, 1, 1, 1, 8.715, 
9.812, 10.965, 12.957, 13.545, 15.14, 16.691, 18.943, 19.688, 
22.214, 23.988), .Dim = c(11L, 40L), .Dimnames = list(NULL, c("Sampling", 
"PSO.cost", "PSO.gamma", "PSO.data.balancing", "PSO.feature.selection", 
"PSO.valid.acc", "PSO.test.acc", "PSO.train.time", "PSO.n.support.vectors", 
"PSO.index", "PSO.n.solutions", "PSO.generations", "PSO.n.evaluations", 
"PSO.cpu.time", "RS.cost", "RS.gamma", "RS.data.balancing", "RS.feature.selection", 
"RS.valid.acc", "RS.test.acc", "RS.train.time", "RS.n.support.vectors", 
"RS.index", "RS.n.solutions", "RS.generations", "RS.n.evaluations", 
"RS.cpu.time", "DF.cost", "DF.gamma", "DF.data.balancing", "DF.feature.selection", 
"DF.valid.acc", "DF.test.acc", "DF.train.time", "DF.n.support.vectors", 
"DF.index", "DF.n.solutions", "DF.generations", "DF.n.evaluations", 
"DF.cpu.time")))
