full <-
structure(c(50, 55, 60, 65, 70, 75, 80, 85, 90, 95, 100, 12.91071, 
14.32345, 10.4247, 4.89827, 12.17489, 15, 14.62818, 3.55693, 
-0.52912, 9.39163, 8.09698, -13.1661, -15, -12.34432, -7.77174, 
-9.38705, -14.84497, -15, -3.40378, -2.89288, -11.53977, -7.78175, 
0, 0, 0, 0, 0, 0, 0, 0, 0, 0, 0, 0, 0, 0, 0, 0, 0, 0, 0, 0, 0, 
0, 0.70715, 0.70482, 0.70765, 0.70775, 0.70858, 0.70385, 0.70055, 
0.70366, 0.70363, 0.70396, 0.70591, 0.70059, 0.69888, 0.70402, 
0.70158, 0.69768, 0.69901, 0.69466, 0.70196, 0.69114, 0.69516, 
0.69827, 1.0264, 1.0415, 1.2539, 0.9847, 2.8274, 1.9424, 2.0924, 
1.5515, 1.7473, 2.6023, 3.1985, 698.4, 762.5, 898.4, 976.8, 974.8, 
1040.5, 1109.6, 1265.6, 1467.1, 1410.7, 1392.7, 1183, 277, 455, 
1022, 434, 1412, 288, 1133, 1514, 2198, 1411, 31, 646, 96, 50, 
10, 1, 865, 54, 2, 3, 36, 100, 100, 100, 100, 100, 100, 100, 
100, 100, 100, 100, 2500, 2500, 2500, 2500, 2500, 2500, 2500, 
2500, 2500, 2500, 2500, 34766.648, 36036.916, 40803.042, 37153.847, 
66212.514, 60532.623, 65452.9890000001, 63709.376, 61950.0649999999, 
98455.064, 145966.575, 13.95655, 6.28263, 9.70775, 3.69746, 4.12909, 
14.45985, 13.94707, 3.11022, 0.34025, 3.86479, 7.5739, -13.29393, 
-10.82194, -11.70286, -6.9361, -5.80283, -14.68086, -14.50633, 
-3.33573, -4.99967, -7.67566, -7.48981, 0, 0, 0, 0, 0, 0, 0, 
0, 0, 0, 0, 0, 0, 0, 0, 0, 0, 0, 0, 0, 0, 0, 0.70498, 0.70423, 
0.70765, 0.70775, 0.70805, 0.70143, 0.7001, 0.70196, 0.70242, 
0.70322, 0.70482, 0.70275, 0.70091, 0.70402, 0.70383, 0.70131, 
0.69755, 0.69375, 0.70366, 0.69436, 0.69748, 0.69827, 1.1701, 
0.7603, 1.1864, 0.9054, 1.0426, 2.0201, 2.2545, 1.5036, 1.6438, 
1.8658, 2.9263, 691.1, 905.7, 900.7, 983.8, 1014.9, 1044.1, 1116.1, 
1271.8, 1422.1, 1440.2, 1394.2, 2194, 587, 1924, 190, 2458, 335, 
24, 728, 191, 692, 777, 1, 3, 1, 1, 2, 1, 1, 1, 1, 1, 3, 100, 
100, 100, 100, 100, 100, 100, 100, 100, 100, 100, 2500, 2500, 
2500, 2500, 2500, 2500, 2500, 2500, 2500, 2500, 2500, 36242.114, 
44831.747, 50232.108, 58652.424, 64468.502, 76675.214, 88224.852, 
98700.2019999999, 115615.66, 122878.842, 128143.81, 1, 1, 1, 
1, 1, 1, 1, 1, 1, 1, 1, 0.03846, 0.03846, 0.03846, 0.03846, 0.03846, 
0.03846, 0.03846, 0.03846, 0.03846, 0.03846, 0.03846, 0, 0, 0, 
0, 0, 0, 0, 0, 0, 0, 0, 0, 0, 0, 0, 0, 0, 0, 0, 0, 0, 0, 0.69336, 
0.69168, 0.69372, 0.69882, 0.69456, 0.69851, 0.69058, 0.69471, 
0.70041, 0.69635, 0.70189, 0.69479, 0.69895, 0.69493, 0.69768, 
0.68885, 0.69754, 0.68832, 0.69383, 0.69477, 0.69634, 0.70151, 
0.5559, 0.6561, 0.7589, 0.8935, 0.9996, 1.1622, 1.2999, 1.4813, 
1.61, 1.7651, 1.9837, 829.4, 908.7, 989.3, 1055.6, 1130.5, 1213.5, 
1279.3, 1353.4, 1430.3, 1493.8, 1571, 1, 1, 1, 1, 1, 1, 1, 1, 
1, 1, 1, 1, 1, 1, 1, 1, 1, 1, 1, 1, 1, 1, 1, 1, 1, 1, 1, 1, 1, 
1, 1, 1, 1, 1, 1, 1, 1, 1, 1, 1, 1, 1, 1, 1, 9.001, 10.132, 11.02, 
12.289, 13.61, 15.864, 17.336, 19.165, 20.451, 22.017, 24.086
), .Dim = c(11L, 40L), .Dimnames = list(NULL, c("Sampling", "PSO.cost", 
"PSO.gamma", "PSO.data.balancing", "PSO.feature.selection", "PSO.valid.acc", 
"PSO.test.acc", "PSO.train.time", "PSO.n.support.vectors", "PSO.index", 
"PSO.n.solutions", "PSO.generations", "PSO.n.evaluations", "PSO.cpu.time", 
"RS.cost", "RS.gamma", "RS.data.balancing", "RS.feature.selection", 
"RS.valid.acc", "RS.test.acc", "RS.train.time", "RS.n.support.vectors", 
"RS.index", "RS.n.solutions", "RS.generations", "RS.n.evaluations", 
"RS.cpu.time", "DF.cost", "DF.gamma", "DF.data.balancing", "DF.feature.selection", 
"DF.valid.acc", "DF.test.acc", "DF.train.time", "DF.n.support.vectors", 
"DF.index", "DF.n.solutions", "DF.generations", "DF.n.evaluations", 
"DF.cpu.time")))
