full <-
structure(c(50, 55, 60, 65, 70, 75, 80, 85, 90, 95, 100, -0.47636, 
5.60629, 5.2619, 3.73418, 4.79263, 1.76588, 4.6242, 9.93596, 
4.8857, 0.37909, 7.73415, -3.43316, -5.81225, -8.13437, -6.42888, 
-7.09196, -3.93881, -6.23617, -7.78515, -6.78791, -5.00313, -8.429, 
0, 0, 0, 0, 0, 0, 0, 0, 0, 0, 0, 0, 0, 0, 0, 0, 0, 0, 0, 0, 0, 
0, 0.7223, 0.72129, 0.71916, 0.71726, 0.7117, 0.70764, 0.7105, 
0.70451, 0.70641, 0.70091, 0.70775, 0.71798, 0.7186, 0.71494, 
0.7178, 0.70494, 0.69937, 0.69734, 0.69727, 0.69915, 0.69478, 
0.70667, 0.5607, 0.6888, 0.8802, 0.9475, 1.1152, 1.1254, 1.38, 
2.9997, 1.7507, 1.7899, 3.0571, 809.9, 762.2, 893.9, 953.1, 1018.3, 
1128.5, 1134.9, 1172.3, 1289.9, 1492.3, 1409.2, 1921, 1622, 1847, 
631, 376, 1238, 2431, 1938, 908, 2321, 1656, 2, 22, 5, 219, 66, 
44, 3, 2, 205, 7, 19, 100, 100, 100, 100, 100, 100, 100, 100, 
100, 100, 100, 2500, 2500, 2500, 2500, 2500, 2500, 2500, 2500, 
2500, 2500, 2500, 29076.611, 28480.926, 30782.636, 32818.027, 
63731.006, 40766.92, 53310.699, 86565.7709999999, 59659.73, 95093.716, 
102596.848, 2.06257, 0.2371, 4.92818, 3.79236, 9.14434, 2.06093, 
4.29276, 5.3977, 4.76476, 6.15303, 7.87446, -5.4994, -3.56572, 
-7.99206, -6.42292, -9.5481, -4.11164, -6.19641, -8.03208, -6.79487, 
-7.81551, -8.25524, 0, 0, 0, 0, 0, 0, 0, 0, 0, 0, 0, 0, 0, 0, 
0, 0, 0, 0, 0, 0, 0, 0, 0.72151, 0.71999, 0.71492, 0.71614, 0.71168, 
0.70619, 0.70868, 0.70404, 0.706, 0.70091, 0.70666, 0.71722, 
0.71598, 0.71434, 0.71836, 0.70492, 0.69938, 0.6987, 0.70021, 
0.69835, 0.7005, 0.70522, 0.5433, 0.6511, 0.8374, 0.918, 1.7045, 
1.1418, 1.3339, 1.6854, 1.7488, 2.2229, 3.1287, 754.5, 862.4, 
900.7, 951.1, 995.1, 1122.3, 1142.7, 1252.5, 1292.1, 1363.5, 
1403.3, 1753, 296, 2223, 1539, 1261, 922, 1066, 443, 1000, 505, 
2285, 1, 1, 2, 1, 1, 1, 1, 1, 1, 1, 1, 100, 100, 100, 100, 100, 
100, 100, 100, 100, 100, 100, 2500, 2500, 2500, 2500, 2500, 2500, 
2500, 2500, 2500, 2500, 2500, 37704.543, 42592.6, 50571.269, 
56550.74, 68570.213, 80230.894, 89496.1900000001, 97552.498, 
108931.913, 123131.475, 137064.481, 1, 1, 1, 1, 1, 1, 1, 1, 1, 
1, 1, 0.03846, 0.03846, 0.03846, 0.03846, 0.03846, 0.03846, 0.03846, 
0.03846, 0.03846, 0.03846, 0.03846, 0, 0, 0, 0, 0, 0, 0, 0, 0, 
0, 0, 0, 0, 0, 0, 0, 0, 0, 0, 0, 0, 0, 0.70917, 0.7114, 0.70883, 
0.70662, 0.7045, 0.69702, 0.69648, 0.69083, 0.69638, 0.69861, 
0.69867, 0.71284, 0.71137, 0.70221, 0.71111, 0.7055, 0.69798, 
0.69601, 0.69426, 0.69679, 0.69631, 0.70122, 0.5434, 0.6496, 
0.7889, 0.8845, 0.9958, 1.1671, 1.2653, 1.4453, 1.567, 1.8206, 
1.988, 806.3, 880.3, 968.9, 1047.3, 1125.7, 1207, 1271.7, 1350, 
1423.3, 1502.7, 1567.6, 1, 1, 1, 1, 1, 1, 1, 1, 1, 1, 1, 1, 1, 
1, 1, 1, 1, 1, 1, 1, 1, 1, 1, 1, 1, 1, 1, 1, 1, 1, 1, 1, 1, 1, 
1, 1, 1, 1, 1, 1, 1, 1, 1, 1, 8.635, 9.755, 11.267, 12.316, 13.638, 
15.6, 16.463, 18.395, 19.514, 22.289, 24.175), .Dim = c(11L, 
40L), .Dimnames = list(NULL, c("Sampling", "PSO.cost", "PSO.gamma", 
"PSO.data.balancing", "PSO.feature.selection", "PSO.valid.acc", 
"PSO.test.acc", "PSO.train.time", "PSO.n.support.vectors", "PSO.index", 
"PSO.n.solutions", "PSO.generations", "PSO.n.evaluations", "PSO.cpu.time", 
"RS.cost", "RS.gamma", "RS.data.balancing", "RS.feature.selection", 
"RS.valid.acc", "RS.test.acc", "RS.train.time", "RS.n.support.vectors", 
"RS.index", "RS.n.solutions", "RS.generations", "RS.n.evaluations", 
"RS.cpu.time", "DF.cost", "DF.gamma", "DF.data.balancing", "DF.feature.selection", 
"DF.valid.acc", "DF.test.acc", "DF.train.time", "DF.n.support.vectors", 
"DF.index", "DF.n.solutions", "DF.generations", "DF.n.evaluations", 
"DF.cpu.time")))
