full <-
structure(c(50, 55, 60, 65, 70, 75, 80, 85, 90, 95, 100, 6.66832, 
9.59205, 13.07273, 9.77219, 7.68897, 9.19392, 8.65795, 5.97087, 
2.01819, 9.83613, 13.2147, -7.73119, -10.05754, -14.98695, -14.69994, 
-10.877, -9.73505, -10.80814, -8.27538, -4.29446, -12.41069, 
-11.09156, 0, 0, 0, 0, 0, 0, 0, 0, 0, 0, 0, 0, 0, 0, 0, 0, 0, 
0, 0, 0, 0, 0, 0.69979, 0.70137, 0.70339, 0.69506, 0.70073, 0.70626, 
0.70234, 0.70294, 0.70246, 0.70589, 0.70736, 0.69179, 0.68952, 
0.69733, 0.69005, 0.69086, 0.70674, 0.69737, 0.69266, 0.6956, 
0.70322, 0.69936, 0.6784, 1.1726, 1.1321, 1.0982, 1.3236, 2.0112, 
1.8309, 1.6742, 1.6353, 2.7943, 6.9144, 731.9, 802.6, 861.9, 
1097.8, 1091, 1067.7, 1196.4, 1246.1, 1331.2, 1427, 1376.2, 824, 
1218, 1288, 878, 14, 2333, 1367, 1247, 2493, 1900, 2158, 49, 
2, 10, 16, 31, 1, 36, 19, 1, 39, 1, 100, 100, 100, 100, 100, 
100, 100, 100, 100, 100, 100, 2500, 2500, 2500, 2500, 2500, 2500, 
2500, 2500, 2500, 2500, 2500, 30190.12, 42069.02, 38866.269, 
47780.757, 45912.391, 69328.325, 70716.079, 53495.307, 56706.0549999999, 
83787.5080000001, 155727.791, 6.67879, 9.11126, 11.57291, 7.8898, 
9.17985, 2.76565, 8.4411, 6.85102, 3.60435, 10.06211, 11.40185, 
-7.75749, -9.64774, -13.41794, -12.86886, -13.55775, -3.36, -10.70869, 
-9.27394, -4.55325, -12.23844, -10.16121, 0, 0, 0, 0, 0, 0, 0, 
0, 0, 0, 0, 0, 0, 0, 0, 0, 0, 0, 0, 0, 0, 0, 0.69762, 0.70071, 
0.70097, 0.6945, 0.69966, 0.70865, 0.70234, 0.70166, 0.70045, 
0.70551, 0.70699, 0.69252, 0.69017, 0.69914, 0.69116, 0.69085, 
0.70139, 0.69691, 0.69567, 0.69802, 0.70322, 0.70045, 0.6744, 
1.1201, 1.323, 1.1348, 1.3921, 1.2178, 1.8004, 1.7338, 1.6503, 
2.9444, 6.0614, 731.2, 804.6, 880.2, 1133.1, 1178.5, 1128.5, 
1201.4, 1260.7, 1297.1, 1402.9, 1388, 1665, 154, 1120, 1360, 
1440, 1667, 1634, 2044, 645, 1233, 715, 1, 1, 1, 1, 2, 1, 1, 
1, 1, 1, 1, 100, 100, 100, 100, 100, 100, 100, 100, 100, 100, 
100, 2500, 2500, 2500, 2500, 2500, 2500, 2500, 2500, 2500, 2500, 
2500, 36800.606, 44105.818, 51076.579, 58664.377, 69490.844, 
79725.647, 86048.5819999999, 99150.645, 113061.756, 120231.967, 
129189.209, 1, 1, 1, 1, 1, 1, 1, 1, 1, 1, 1, 0.03846, 0.03846, 
0.03846, 0.03846, 0.03846, 0.03846, 0.03846, 0.03846, 0.03846, 
0.03846, 0.03846, 0, 0, 0, 0, 0, 0, 0, 0, 0, 0, 0, 0, 0, 0, 0, 
0, 0, 0, 0, 0, 0, 0, 0.67507, 0.68354, 0.68705, 0.68841, 0.68927, 
0.6859, 0.68241, 0.691, 0.694, 0.69712, 0.70117, 0.68305, 0.68616, 
0.68946, 0.68618, 0.68877, 0.69511, 0.68606, 0.68672, 0.68956, 
0.69749, 0.69863, 0.5675, 0.6675, 0.7538, 0.9187, 1.039, 1.1679, 
1.3082, 1.4315, 1.597, 1.7892, 1.9952, 849.3, 925.8, 995.3, 1067.7, 
1141.9, 1201.7, 1282.3, 1358.5, 1432, 1495.8, 1567.3, 1, 1, 1, 
1, 1, 1, 1, 1, 1, 1, 1, 1, 1, 1, 1, 1, 1, 1, 1, 1, 1, 1, 1, 1, 
1, 1, 1, 1, 1, 1, 1, 1, 1, 1, 1, 1, 1, 1, 1, 1, 1, 1, 1, 1, 8.823, 
9.862, 10.671, 12.746, 13.877, 15.102, 16.651, 17.701, 19.427, 
21.695, 24.073), .Dim = c(11L, 40L), .Dimnames = list(NULL, c("Sampling", 
"PSO.cost", "PSO.gamma", "PSO.data.balancing", "PSO.feature.selection", 
"PSO.valid.acc", "PSO.test.acc", "PSO.train.time", "PSO.n.support.vectors", 
"PSO.index", "PSO.n.solutions", "PSO.generations", "PSO.n.evaluations", 
"PSO.cpu.time", "RS.cost", "RS.gamma", "RS.data.balancing", "RS.feature.selection", 
"RS.valid.acc", "RS.test.acc", "RS.train.time", "RS.n.support.vectors", 
"RS.index", "RS.n.solutions", "RS.generations", "RS.n.evaluations", 
"RS.cpu.time", "DF.cost", "DF.gamma", "DF.data.balancing", "DF.feature.selection", 
"DF.valid.acc", "DF.test.acc", "DF.train.time", "DF.n.support.vectors", 
"DF.index", "DF.n.solutions", "DF.generations", "DF.n.evaluations", 
"DF.cpu.time")))
