full <-
structure(c(50, 55, 60, 65, 70, 75, 80, 85, 90, 95, 100, 8.91414, 
4.08018, 5.44649, 4.33695, 12.28636, 14.76962, 7.22683, 15, 5.41727, 
10.14155, 6.00952, -9.32914, -7.23011, -10.27159, -7.62165, -14.98218, 
-13.20493, -10.19545, -11.34994, -6.39629, -12.71619, -6.41166, 
0, 0, 0, 0, 0, 0, 0, 0, 0, 0, 0, 0, 0, 0, 0, 0, 0, 0, 0, 0, 0, 
0, 0.69773, 0.69033, 0.69858, 0.70674, 0.70901, 0.71243, 0.71783, 
0.71521, 0.70647, 0.70356, 0.70629, 0.68177, 0.68568, 0.69193, 
0.70004, 0.70281, 0.7047, 0.71191, 0.70672, 0.70042, 0.69746, 
0.70448, 0.8, 0.6917, 0.8382, 0.9765, 1.4234, 2.7091, 1.5285, 
6.8431, 1.8574, 2.8994, 2.3751, 731.9, 845.2, 990, 980.1, 1004.7, 
1006.5, 1189.3, 1148.8, 1260.1, 1418.3, 1400.7, 680, 858, 784, 
1477, 1522, 2267, 1311, 1857, 643, 1664, 534, 22, 60, 35, 18, 
8, 2, 10, 1, 11, 1, 66, 100, 100, 100, 100, 100, 100, 100, 100, 
100, 100, 100, 2500, 2500, 2500, 2500, 2500, 2500, 2500, 2500, 
2500, 2500, 2500, 27953.956, 34721.584, 32226.339, 35609.893, 
49795.916, 84709.973, 53126.4349999999, 146809.935, 68773.164, 
86441.46, 77847.398, 9.44964, 5.43795, 5.42651, 6.09389, 10.60576, 
8.88427, 7.54062, 14.24888, 1.93531, 8.78705, 6.07209, -9.68743, 
-6.87737, -10.24345, -8.43674, -13.05574, -9.93463, -10.12833, 
-10.98799, -5.45684, -11.29731, -6.43699, 0, 0, 0, 0, 0, 0, 0, 
0, 0, 0, 0, 0, 0, 0, 0, 0, 0, 0, 0, 0, 0, 0, 0.69627, 0.68901, 
0.69798, 0.70395, 0.70797, 0.71243, 0.71693, 0.71307, 0.70606, 
0.70279, 0.70629, 0.68177, 0.68437, 0.69133, 0.70004, 0.70228, 
0.70421, 0.71329, 0.70629, 0.6988, 0.69822, 0.70375, 0.8131, 
0.7188, 0.874, 1.0459, 1.5957, 1.6836, 1.5801, 6.7508, 1.6121, 
2.5106, 2.3568, 731.3, 810.6, 986.2, 960.7, 1024.7, 1068, 1176.2, 
1152.7, 1340.8, 1431.7, 1399.2, 2436, 2435, 1104, 1091, 924, 
1471, 525, 1453, 1651, 2247, 856, 1, 1, 1, 1, 1, 2, 1, 1, 5, 
1, 2, 100, 100, 100, 100, 100, 100, 100, 100, 100, 100, 100, 
2500, 2500, 2500, 2500, 2500, 2500, 2500, 2500, 2500, 2500, 2500, 
34819.669, 41840.912, 54153.975, 59900.103, 68069.085, 75576.845, 
87620.6310000001, 102241.843, 112775.663, 128375.535, 135462.036, 
1, 1, 1, 1, 1, 1, 1, 1, 1, 1, 1, 0.03846, 0.03846, 0.03846, 0.03846, 
0.03846, 0.03846, 0.03846, 0.03846, 0.03846, 0.03846, 0.03846, 
0, 0, 0, 0, 0, 0, 0, 0, 0, 0, 0, 0, 0, 0, 0, 0, 0, 0, 0, 0, 0, 
0, 0.68022, 0.67772, 0.69011, 0.69392, 0.69816, 0.69552, 0.70424, 
0.7024, 0.70202, 0.69328, 0.7012, 0.67663, 0.66916, 0.68831, 
0.68999, 0.6966, 0.69742, 0.70468, 0.70198, 0.69557, 0.69748, 
0.7023, 0.5484, 0.6644, 0.7933, 0.9213, 0.9846, 1.1586, 1.3125, 
1.4696, 1.6163, 1.8182, 1.9568, 835.4, 911.6, 976.3, 1048.2, 
1110, 1187.3, 1263.3, 1341.8, 1421.8, 1495.8, 1568.1, 1, 1, 1, 
1, 1, 1, 1, 1, 1, 1, 1, 1, 1, 1, 1, 1, 1, 1, 1, 1, 1, 1, 1, 1, 
1, 1, 1, 1, 1, 1, 1, 1, 1, 1, 1, 1, 1, 1, 1, 1, 1, 1, 1, 1, 8.385, 
9.699, 12.01, 13.405, 14.082, 15.828, 17.514, 19.207, 19.871, 
22.207, 23.482), .Dim = c(11L, 40L), .Dimnames = list(NULL, c("Sampling", 
"PSO.cost", "PSO.gamma", "PSO.data.balancing", "PSO.feature.selection", 
"PSO.valid.acc", "PSO.test.acc", "PSO.train.time", "PSO.n.support.vectors", 
"PSO.index", "PSO.n.solutions", "PSO.generations", "PSO.n.evaluations", 
"PSO.cpu.time", "RS.cost", "RS.gamma", "RS.data.balancing", "RS.feature.selection", 
"RS.valid.acc", "RS.test.acc", "RS.train.time", "RS.n.support.vectors", 
"RS.index", "RS.n.solutions", "RS.generations", "RS.n.evaluations", 
"RS.cpu.time", "DF.cost", "DF.gamma", "DF.data.balancing", "DF.feature.selection", 
"DF.valid.acc", "DF.test.acc", "DF.train.time", "DF.n.support.vectors", 
"DF.index", "DF.n.solutions", "DF.generations", "DF.n.evaluations", 
"DF.cpu.time")))
