full <-
structure(c(50, 55, 60, 65, 70, 75, 80, 85, 90, 95, 100, 8.75591, 
14.99392, 14.95257, 1.15969, 1.66399, 0.41873, 2.36645, 2.15958, 
11.96338, 6.55345, 9.13785, -7.99062, -14.99901, -14.06425, -5.08945, 
-5.79544, -4.20611, -4.06968, -4.80779, -14.35076, -9.08233, 
-7.42385, 0, 0, 0, 0, 0, 0, 0, 0, 0, 0, 0, 0, 0, 0, 0, 0, 0, 
0, 0, 0, 0, 0, 0.71011, 0.70479, 0.70639, 0.70771, 0.70013, 0.70326, 
0.70015, 0.69898, 0.69995, 0.70619, 0.70626, 0.70282, 0.69686, 
0.70334, 0.69991, 0.69182, 0.69697, 0.69744, 0.69642, 0.6931, 
0.69627, 0.69463, 0.7865, 1.1937, 1.7057, 0.8831, 1.0633, 1.1717, 
1.3008, 1.455, 2.5771, 2.1374, 3.7503, 705, 758.3, 821.6, 1023.9, 
1105.1, 1178.7, 1182.5, 1263.3, 1308.9, 1418.8, 1375.8, 2451, 
1721, 952, 1921, 2031, 1028, 685, 2110, 1136, 1088, 2312, 1, 
14, 2, 12, 1, 153, 65, 6, 3, 191, 1, 100, 100, 100, 100, 100, 
100, 100, 100, 100, 100, 100, 2500, 2500, 2500, 2500, 2500, 2500, 
2500, 2500, 2500, 2500, 2500, 29268.341, 38806.328, 51559.264, 
34261.52, 56334.05, 38937.913, 44626.8509999999, 82026.83, 88897.6070000001, 
69002.8, 138198.78, 9.02821, 13.63234, 3.79632, 1.08286, 10.55247, 
0.78611, 1.47394, 2.83944, 3.82428, 4.90918, 10.31404, -8.18749, 
-12.89237, -6.44431, -4.98267, -11.95298, -3.6874, -4.1641, -5.7177, 
-6.52608, -7.73773, -8.11197, 0, 0, 0, 0, 0, 0, 0, 0, 0, 0, 0, 
0, 0, 0, 0, 0, 0, 0, 0, 0, 0, 0, 0.70793, 0.70218, 0.70579, 0.70604, 
0.69807, 0.70036, 0.69926, 0.69897, 0.69915, 0.70389, 0.70481, 
0.70136, 0.6969, 0.70094, 0.70158, 0.69806, 0.69407, 0.692, 0.70027, 
0.6947, 0.6974, 0.69754, 0.8096, 1.5958, 0.8018, 0.8864, 1.9683, 
1.1574, 1.2953, 1.4674, 1.7268, 1.9975, 5.1167, 705.6, 768.5, 
893.6, 1024.8, 1033.1, 1162.2, 1203.4, 1261.6, 1323, 1407.3, 
1375.2, 991, 27, 720, 16, 204, 699, 2462, 1120, 1480, 307, 2418, 
5, 1, 1, 1, 1, 1, 1, 1, 1, 1, 2, 100, 100, 100, 100, 100, 100, 
100, 100, 100, 100, 100, 2500, 2500, 2500, 2500, 2500, 2500, 
2500, 2500, 2500, 2500, 2500, 37657.71, 42808.483, 51473.885, 
59115.933, 67731.466, 77325.739, 91146.471, 97670.7610000001, 
107680.964, 121973.663, 136998.789, 1, 1, 1, 1, 1, 1, 1, 1, 1, 
1, 1, 0.03846, 0.03846, 0.03846, 0.03846, 0.03846, 0.03846, 0.03846, 
0.03846, 0.03846, 0.03846, 0.03846, 0, 0, 0, 0, 0, 0, 0, 0, 0, 
0, 0, 0, 0, 0, 0, 0, 0, 0, 0, 0, 0, 0, 0.69778, 0.69688, 0.69852, 
0.69656, 0.69338, 0.69647, 0.69423, 0.6947, 0.69352, 0.69933, 
0.6972, 0.6948, 0.69689, 0.6991, 0.69826, 0.69649, 0.6989, 0.69425, 
0.69472, 0.69068, 0.69474, 0.6954, 0.5533, 0.6565, 0.7751, 0.8907, 
1.0409, 1.1612, 1.329, 1.467, 1.6087, 1.7711, 1.9354, 828.5, 
904.8, 979.6, 1065.1, 1139.7, 1211.4, 1285.2, 1361.6, 1434.7, 
1506.6, 1567.7, 1, 1, 1, 1, 1, 1, 1, 1, 1, 1, 1, 1, 1, 1, 1, 
1, 1, 1, 1, 1, 1, 1, 1, 1, 1, 1, 1, 1, 1, 1, 1, 1, 1, 1, 1, 1, 
1, 1, 1, 1, 1, 1, 1, 1, 8.465, 9.655, 10.846, 12.169, 13.708, 
15.036, 16.751, 18.358, 19.699, 21.42, 23.189), .Dim = c(11L, 
40L), .Dimnames = list(NULL, c("Sampling", "PSO.cost", "PSO.gamma", 
"PSO.data.balancing", "PSO.feature.selection", "PSO.valid.acc", 
"PSO.test.acc", "PSO.train.time", "PSO.n.support.vectors", "PSO.index", 
"PSO.n.solutions", "PSO.generations", "PSO.n.evaluations", "PSO.cpu.time", 
"RS.cost", "RS.gamma", "RS.data.balancing", "RS.feature.selection", 
"RS.valid.acc", "RS.test.acc", "RS.train.time", "RS.n.support.vectors", 
"RS.index", "RS.n.solutions", "RS.generations", "RS.n.evaluations", 
"RS.cpu.time", "DF.cost", "DF.gamma", "DF.data.balancing", "DF.feature.selection", 
"DF.valid.acc", "DF.test.acc", "DF.train.time", "DF.n.support.vectors", 
"DF.index", "DF.n.solutions", "DF.generations", "DF.n.evaluations", 
"DF.cpu.time")))
