full <-
structure(c(50, 55, 60, 65, 70, 75, 80, 85, 90, 95, 100, 7.818, 
6.04138, 5.28393, 0.95887, 0.34527, 2.21326, 1.83464, 0.8198, 
1.05584, 0.47133, 0.80118, -9.29402, -8.00079, -7.34573, -4.66341, 
-4.27446, -5.45071, -5.51, -4.83966, -4.24162, -3.90744, -4.24665, 
0, 0, 0, 0, 0, 0, 0, 0, 0, 0, 0, 0, 0, 0, 0, 0, 0, 0, 0, 0, 0, 
0, 0.79127, 0.79406, 0.78277, 0.79167, 0.77804, 0.77937, 0.77823, 
0.78417, 0.78054, 0.78279, 0.79038, 0.78127, 0.772, 0.77607, 
0.77468, 0.76806, 0.77805, 0.77451, 0.78058, 0.77495, 0.78066, 
0.78033, 0.1137, 0.1209, 0.1327, 0.1485, 0.1631, 0.1786, 0.1951, 
0.2107, 0.2649, 0.3018, 0.3195, 244.1, 265.5, 290.5, 357.2, 402.7, 
382.6, 402.2, 446.1, 515.7, 573.9, 571.2, 337, 412, 2177, 1342, 
842, 76, 1625, 1337, 1617, 2023, 1374, 60, 43, 1, 39, 34, 81, 
3, 38, 78, 12, 23, 100, 100, 100, 100, 100, 100, 100, 100, 100, 
100, 100, 2500, 2500, 2500, 2500, 2500, 2500, 2500, 2500, 2500, 
2500, 2500, 10756.782, 11734.368, 9897.989, 13020.891, 15616.41, 
12748.361, 18984.365, 13049.97, 13421.464, 18616.774, 14830.645, 
14.88935, 10.53955, 1.30795, 0.71416, 10.15863, 4.33697, 1.34469, 
1.85477, 0.86593, 0.4687, 1.01782, -12.88604, -10.33036, -4.93252, 
-4.44443, -10.07884, -6.66294, -5.20153, -5.49343, -4.10106, 
-4.32876, -4.71035, 0, 0, 0, 0, 0, 0, 0, 0, 0, 0, 0, 0, 0, 0, 
0, 0, 0, 0, 0, 0, 0, 0, 0.79127, 0.79224, 0.7828, 0.78859, 0.77802, 
0.77672, 0.77699, 0.78294, 0.77943, 0.78074, 0.78737, 0.78127, 
0.772, 0.77093, 0.77775, 0.77374, 0.76335, 0.77199, 0.78412, 
0.77497, 0.77751, 0.77833, 0.3869, 0.1952, 0.1237, 0.1423, 0.2843, 
0.1854, 0.1951, 0.213, 0.2698, 0.2838, 0.308, 241.9, 262.4, 327.8, 
366.3, 322.7, 357, 410.8, 424, 528.1, 531.9, 536.2, 1138, 600, 
1488, 112, 1787, 1506, 1495, 2367, 639, 1464, 183, 1, 4, 1, 1, 
1, 1, 2, 1, 2, 1, 1, 100, 100, 100, 100, 100, 100, 100, 100, 
100, 100, 100, 2500, 2500, 2500, 2500, 2500, 2500, 2500, 2500, 
2500, 2500, 2500, 9967.927, 10512.454, 11360.591, 12333.238, 
13483.209, 14527.862, 15536.677, 16438.388, 17927.532, 18859.825, 
21079.183, 1, 1, 1, 1, 1, 1, 1, 1, 1, 1, 1, 0.05, 0.05, 0.05, 
0.05, 0.05, 0.05, 0.05, 0.05, 0.05, 0.05, 0.05, 0, 0, 0, 0, 0, 
0, 0, 0, 0, 0, 0, 0, 0, 0, 0, 0, 0, 0, 0, 0, 0, 0, 0.77114, 0.76476, 
0.75415, 0.76081, 0.75941, 0.76335, 0.76193, 0.76887, 0.76722, 
0.76801, 0.76932, 0.76514, 0.75557, 0.75263, 0.75768, 0.76376, 
0.76202, 0.75943, 0.76647, 0.76722, 0.76692, 0.76831, 0.0969, 
0.1032, 0.129, 0.1434, 0.1645, 0.1788, 0.198, 0.2202, 0.2546, 
0.281, 0.3033, 296.3, 317.7, 351.6, 369.5, 397.7, 427.7, 450.3, 
473.2, 498.1, 528.3, 555.8, 1, 1, 1, 1, 1, 1, 1, 1, 1, 1, 1, 
1, 1, 1, 1, 1, 1, 1, 1, 1, 1, 1, 1, 1, 1, 1, 1, 1, 1, 1, 1, 1, 
1, 1, 1, 1, 1, 1, 1, 1, 1, 1, 1, 1, 3.552, 3.434, 3.821, 3.945, 
4.267, 4.197, 4.338, 4.588, 5.154, 5.432, 5.731), .Dim = c(11L, 
40L), .Dimnames = list(NULL, c("Sampling", "PSO.cost", "PSO.gamma", 
"PSO.data.balancing", "PSO.feature.selection", "PSO.valid.acc", 
"PSO.test.acc", "PSO.train.time", "PSO.n.support.vectors", "PSO.index", 
"PSO.n.solutions", "PSO.generations", "PSO.n.evaluations", "PSO.cpu.time", 
"RS.cost", "RS.gamma", "RS.data.balancing", "RS.feature.selection", 
"RS.valid.acc", "RS.test.acc", "RS.train.time", "RS.n.support.vectors", 
"RS.index", "RS.n.solutions", "RS.generations", "RS.n.evaluations", 
"RS.cpu.time", "DF.cost", "DF.gamma", "DF.data.balancing", "DF.feature.selection", 
"DF.valid.acc", "DF.test.acc", "DF.train.time", "DF.n.support.vectors", 
"DF.index", "DF.n.solutions", "DF.generations", "DF.n.evaluations", 
"DF.cpu.time")))
