full <-
structure(c(50, 55, 60, 65, 70, 75, 80, 85, 90, 95, 100, 0.66424, 
0.97641, 1.40056, 2.59779, 1.56595, 2.1065, 1.58423, 1.71752, 
1.22732, 2.1846, 1.32187, -3.73379, -3.84808, -4.89991, -5.82913, 
-4.63444, -5.61874, -4.68237, -4.69315, -4.33167, -5.49433, -4.64874, 
0, 0, 0, 0, 0, 0, 0, 0, 0, 0, 0, 0, 0, 0, 0, 0, 0, 0, 0, 0, 0, 
0, 0.76093, 0.78825, 0.80602, 0.78876, 0.78516, 0.78074, 0.79829, 
0.79361, 0.79175, 0.79113, 0.7884, 0.75276, 0.77737, 0.78596, 
0.77946, 0.76801, 0.77139, 0.78578, 0.783, 0.78623, 0.7796, 0.78637, 
0.1022, 0.1262, 0.1236, 0.139, 0.1719, 0.1767, 0.2027, 0.2321, 
0.2579, 0.2714, 0.3001, 349.1, 371.9, 337.3, 335.4, 400.6, 386.1, 
445.8, 468.4, 510.7, 477, 541.5, 2475, 2032, 2011, 951, 1002, 
751, 977, 1058, 1434, 467, 2374, 1, 9, 8, 60, 178, 216, 64, 22, 
11, 266, 2, 100, 100, 100, 100, 100, 100, 100, 100, 100, 100, 
100, 2500, 2500, 2500, 2500, 2500, 2500, 2500, 2500, 2500, 2500, 
2500, 9225.469, 10130.55, 9274.713, 10203.642, 10965.724, 11477.815, 
12686.248, 13098.257, 13101.092, 13631.805, 16110.686, 1.71447, 
1.12052, 1.45424, 2.43221, 1.70901, 1.46896, 1.33616, 1.95722, 
1.41092, 2.31417, 1.85393, -5.38142, -4.31666, -4.63726, -5.69925, 
-5.17682, -4.98524, -4.67193, -4.88229, -4.55425, -5.50133, -5.3167, 
0, 0, 0, 0, 0, 0, 0, 0, 0, 0, 0, 0, 0, 0, 0, 0, 0, 0, 0, 0, 0, 
0, 0.75684, 0.78455, 0.80427, 0.78722, 0.78228, 0.77807, 0.79579, 
0.79123, 0.78953, 0.78797, 0.78537, 0.74873, 0.78279, 0.77251, 
0.781, 0.77228, 0.77142, 0.78579, 0.78539, 0.78623, 0.77751, 
0.78237, 0.0934, 0.1151, 0.1344, 0.1378, 0.1601, 0.1814, 0.2071, 
0.2286, 0.2616, 0.2734, 0.3014, 278.3, 338.3, 346.6, 336.2, 373.2, 
404.8, 444.2, 458.6, 494.8, 477, 506.4, 1273, 1329, 630, 1335, 
57, 1367, 977, 1267, 2101, 2403, 2370, 1, 1, 1, 1, 1, 1, 1, 1, 
1, 1, 1, 100, 100, 100, 100, 100, 100, 100, 100, 100, 100, 100, 
2500, 2500, 2500, 2500, 2500, 2500, 2500, 2500, 2500, 2500, 2500, 
10116.936, 10519.721, 11246.211, 12349.402, 13517.641, 14715.585, 
15632.59, 16264.058, 17940.361, 19647.758, 20820.675, 1, 1, 1, 
1, 1, 1, 1, 1, 1, 1, 1, 0.05, 0.05, 0.05, 0.05, 0.05, 0.05, 0.05, 
0.05, 0.05, 0.05, 0.05, 0, 0, 0, 0, 0, 0, 0, 0, 0, 0, 0, 0, 0, 
0, 0, 0, 0, 0, 0, 0, 0, 0, 0.73496, 0.74458, 0.75424, 0.75619, 
0.74642, 0.75668, 0.7607, 0.75003, 0.76618, 0.76373, 0.76728, 
0.73688, 0.74283, 0.75427, 0.75936, 0.7464, 0.75268, 0.76566, 
0.75118, 0.76614, 0.76169, 0.76131, 0.0902, 0.109, 0.1295, 0.1469, 
0.1647, 0.1779, 0.2069, 0.2236, 0.2477, 0.2765, 0.3002, 308.4, 
334.3, 357.4, 382.7, 410.1, 434, 459, 480.9, 505.1, 529.5, 558.5, 
1, 1, 1, 1, 1, 1, 1, 1, 1, 1, 1, 1, 1, 1, 1, 1, 1, 1, 1, 1, 1, 
1, 1, 1, 1, 1, 1, 1, 1, 1, 1, 1, 1, 1, 1, 1, 1, 1, 1, 1, 1, 1, 
1, 1, 3.45, 3.591, 3.79, 4, 4.222, 4.216, 4.603, 4.69, 4.986, 
5.385, 5.478), .Dim = c(11L, 40L), .Dimnames = list(NULL, c("Sampling", 
"PSO.cost", "PSO.gamma", "PSO.data.balancing", "PSO.feature.selection", 
"PSO.valid.acc", "PSO.test.acc", "PSO.train.time", "PSO.n.support.vectors", 
"PSO.index", "PSO.n.solutions", "PSO.generations", "PSO.n.evaluations", 
"PSO.cpu.time", "RS.cost", "RS.gamma", "RS.data.balancing", "RS.feature.selection", 
"RS.valid.acc", "RS.test.acc", "RS.train.time", "RS.n.support.vectors", 
"RS.index", "RS.n.solutions", "RS.generations", "RS.n.evaluations", 
"RS.cpu.time", "DF.cost", "DF.gamma", "DF.data.balancing", "DF.feature.selection", 
"DF.valid.acc", "DF.test.acc", "DF.train.time", "DF.n.support.vectors", 
"DF.index", "DF.n.solutions", "DF.generations", "DF.n.evaluations", 
"DF.cpu.time")))
