full <-
structure(c(50, 55, 60, 65, 70, 75, 80, 85, 90, 95, 100, 0.64826, 
3.1898, 0.79086, 3.31928, 0.90438, 0.80242, 0.78753, 1.40222, 
0.92518, 0.57168, 2.86902, -4.49723, -6.34974, -4.60869, -6.59346, 
-4.36405, -4.21473, -4.2308, -5.15908, -4.21363, -4.29833, -5.72396, 
0, 0, 0, 0, 0, 0, 0, 0, 0, 0, 0, 0, 0, 0, 0, 0, 0, 0, 0, 0, 0, 
0, 0.77692, 0.78647, 0.77736, 0.76846, 0.79658, 0.79958, 0.80452, 
0.80073, 0.80176, 0.79431, 0.79448, 0.76896, 0.76997, 0.76572, 
0.75921, 0.78366, 0.78624, 0.7933, 0.79359, 0.79285, 0.78377, 
0.7834, 0.0902, 0.1061, 0.1319, 0.1373, 0.1679, 0.1942, 0.2143, 
0.2228, 0.2753, 0.2733, 0.2944, 292.3, 272.5, 353.3, 327.3, 408.9, 
444.4, 471.5, 437.5, 526.9, 537.7, 489.8, 1007, 270, 791, 1946, 
994, 1335, 1296, 864, 1229, 577, 591, 132, 124, 83, 3, 108, 94, 
215, 38, 333, 56, 94, 100, 100, 100, 100, 100, 100, 100, 100, 
100, 100, 100, 2500, 2500, 2500, 2500, 2500, 2500, 2500, 2500, 
2500, 2500, 2500, 9085.333, 8981.573, 9535.846, 9932.721, 10763.437, 
10958.467, 11508.339, 11927.325, 14133.127, 13634.593, 14524.951, 
0.11589, 4.07832, 1.05075, 2.52916, 0.46165, 0.75529, 0.89706, 
2.63647, 1.06095, 2.48691, 2.86547, -3.85554, -6.98205, -4.78055, 
-6.09503, -4.05682, -4.26093, -4.43653, -5.96896, -4.2256, -5.45689, 
-5.71559, 0, 0, 0, 0, 0, 0, 0, 0, 0, 0, 0, 0, 0, 0, 0, 0, 0, 
0, 0, 0, 0, 0, 0.77296, 0.78465, 0.77072, 0.76541, 0.79509, 0.79691, 
0.80202, 0.79954, 0.79948, 0.7943, 0.79448, 0.76904, 0.76455, 
0.76906, 0.76849, 0.78219, 0.78624, 0.7983, 0.79006, 0.79172, 
0.78164, 0.7834, 0.1027, 0.1049, 0.1212, 0.1315, 0.1755, 0.183, 
0.208, 0.2101, 0.2665, 0.2766, 0.2973, 325.5, 268.4, 346.6, 333.3, 
427.1, 440.8, 454.5, 415.8, 527.9, 478.7, 490.1, 401, 1808, 845, 
2414, 90, 1301, 256, 341, 1635, 1100, 883, 1, 1, 1, 1, 1, 1, 
1, 3, 1, 1, 1, 100, 100, 100, 100, 100, 100, 100, 100, 100, 100, 
100, 2500, 2500, 2500, 2500, 2500, 2500, 2500, 2500, 2500, 2500, 
2500, 9614.466, 10150.93, 11286.344, 12120.199, 13141.951, 14126.425, 
14878.507, 16451.879, 17382.988, 19273.67, 20651.852, 1, 1, 1, 
1, 1, 1, 1, 1, 1, 1, 1, 0.05, 0.05, 0.05, 0.05, 0.05, 0.05, 0.05, 
0.05, 0.05, 0.05, 0.05, 0, 0, 0, 0, 0, 0, 0, 0, 0, 0, 0, 0, 0, 
0, 0, 0, 0, 0, 0, 0, 0, 0, 0.76496, 0.75737, 0.75067, 0.75615, 
0.77217, 0.76621, 0.772, 0.77238, 0.76396, 0.76163, 0.76732, 
0.76108, 0.75916, 0.76072, 0.75308, 0.76647, 0.77015, 0.76695, 
0.77475, 0.76503, 0.76057, 0.77034, 0.0933, 0.1107, 0.1299, 0.1459, 
0.1664, 0.1803, 0.2084, 0.2344, 0.2502, 0.2767, 0.2909, 299.1, 
327, 365.1, 383, 405.3, 430.3, 455.2, 477.6, 503.4, 528.8, 551.7, 
1, 1, 1, 1, 1, 1, 1, 1, 1, 1, 1, 1, 1, 1, 1, 1, 1, 1, 1, 1, 1, 
1, 1, 1, 1, 1, 1, 1, 1, 1, 1, 1, 1, 1, 1, 1, 1, 1, 1, 1, 1, 1, 
1, 1, 3.328, 3.476, 3.624, 3.795, 4.06, 4.063, 4.546, 4.843, 
4.866, 5.244, 5.242), .Dim = c(11L, 40L), .Dimnames = list(NULL, 
    c("Sampling", "PSO.cost", "PSO.gamma", "PSO.data.balancing", 
    "PSO.feature.selection", "PSO.valid.acc", "PSO.test.acc", 
    "PSO.train.time", "PSO.n.support.vectors", "PSO.index", "PSO.n.solutions", 
    "PSO.generations", "PSO.n.evaluations", "PSO.cpu.time", "RS.cost", 
    "RS.gamma", "RS.data.balancing", "RS.feature.selection", 
    "RS.valid.acc", "RS.test.acc", "RS.train.time", "RS.n.support.vectors", 
    "RS.index", "RS.n.solutions", "RS.generations", "RS.n.evaluations", 
    "RS.cpu.time", "DF.cost", "DF.gamma", "DF.data.balancing", 
    "DF.feature.selection", "DF.valid.acc", "DF.test.acc", "DF.train.time", 
    "DF.n.support.vectors", "DF.index", "DF.n.solutions", "DF.generations", 
    "DF.n.evaluations", "DF.cpu.time")))
