full <-
structure(c(50, 55, 60, 65, 70, 75, 80, 85, 90, 95, 100, 0.80796, 
0.79042, 2.4783, 0.2857, 0.38456, 0.20197, 0.50541, 1.45679, 
0.32408, 1.292, 0.95282, -4.36151, -3.20558, -5.5508, -3.41329, 
-3.63638, -3.35193, -3.60697, -4.79605, -3.0026, -4.80333, -4.17776, 
0, 0, 0, 0, 0, 0, 0, 0, 0, 0, 0, 0, 0, 0, 0, 0, 0, 0, 0, 0, 0, 
0, 0.78903, 0.78468, 0.76575, 0.76851, 0.77061, 0.76739, 0.78197, 
0.77704, 0.78285, 0.79013, 0.78838, 0.77302, 0.77, 0.75406, 0.75618, 
0.76637, 0.75802, 0.76941, 0.7676, 0.77953, 0.78166, 0.77935, 
0.0893, 0.1291, 0.1166, 0.1654, 0.1965, 0.2242, 0.2487, 0.2354, 
0.3345, 0.2724, 0.3142, 279.2, 402.1, 308.8, 448.1, 459, 530.6, 
532.9, 465.1, 673.9, 506.6, 574.8, 1502, 2406, 397, 1940, 1251, 
1737, 1448, 581, 1307, 1028, 1428, 15, 1, 103, 22, 104, 22, 66, 
62, 162, 87, 20, 100, 100, 100, 100, 100, 100, 100, 100, 100, 
100, 100, 2500, 2500, 2500, 2500, 2500, 2500, 2500, 2500, 2500, 
2500, 2500, 8971.398, 9615.067, 9807.56400000001, 10821.477, 
11201.607, 13281.9, 12459.889, 13369.631, 14097.062, 13698.686, 
16218.088, 0.72101, 0.53375, 1.53752, 0.11153, 0.19728, 0.90494, 
0.54336, 1.05087, 1.05892, 0.62099, 0.97242, -4.18406, -3.55174, 
-4.76927, -4.10245, -3.73638, -4.66356, -3.65197, -4.06042, -4.08192, 
-4.06763, -4.5216, 0, 0, 0, 0, 0, 0, 0, 0, 0, 0, 0, 0, 0, 0, 
0, 0, 0, 0, 0, 0, 0, 0, 0.78499, 0.78276, 0.76412, 0.76238, 0.76637, 
0.76205, 0.77695, 0.77348, 0.77951, 0.78698, 0.78638, 0.77706, 
0.78283, 0.74906, 0.7562, 0.76498, 0.75402, 0.77189, 0.77113, 
0.77061, 0.78274, 0.77836, 0.0869, 0.1257, 0.1249, 0.148, 0.184, 
0.1829, 0.2489, 0.2603, 0.2792, 0.2992, 0.3099, 287.1, 365.4, 
329.6, 385.3, 449.8, 415.7, 526.9, 518, 534.7, 560.5, 545.6, 
1745, 2027, 1413, 211, 1773, 558, 939, 694, 2258, 1208, 2022, 
1, 1, 1, 1, 2, 2, 1, 1, 1, 1, 1, 100, 100, 100, 100, 100, 100, 
100, 100, 100, 100, 100, 2500, 2500, 2500, 2500, 2500, 2500, 
2500, 2500, 2500, 2500, 2500, 9334.665, 10165.954, 11521.318, 
12250.003, 13478.134, 14100.03, 15624.62, 16703.544, 18178.614, 
18900.978, 21286.344, 1, 1, 1, 1, 1, 1, 1, 1, 1, 1, 1, 0.05, 
0.05, 0.05, 0.05, 0.05, 0.05, 0.05, 0.05, 0.05, 0.05, 0.05, 0, 
0, 0, 0, 0, 0, 0, 0, 0, 0, 0, 0, 0, 0, 0, 0, 0, 0, 0, 0, 0, 0, 
0.7671, 0.76276, 0.75422, 0.75002, 0.75494, 0.75263, 0.74814, 
0.74995, 0.76278, 0.76902, 0.76628, 0.76706, 0.76643, 0.7542, 
0.75618, 0.74931, 0.74861, 0.75444, 0.74999, 0.76838, 0.7659, 
0.76731, 0.0921, 0.0997, 0.127, 0.1416, 0.1614, 0.1815, 0.2142, 
0.2301, 0.2555, 0.279, 0.2984, 277.9, 307, 344.6, 374.1, 403.2, 
431.5, 460.1, 485.7, 503, 532, 552.7, 1, 1, 1, 1, 1, 1, 1, 1, 
1, 1, 1, 1, 1, 1, 1, 1, 1, 1, 1, 1, 1, 1, 1, 1, 1, 1, 1, 1, 1, 
1, 1, 1, 1, 1, 1, 1, 1, 1, 1, 1, 1, 1, 1, 1, 3.42, 3.295, 3.762, 
3.847, 4.018, 4.222, 4.7, 4.781, 5.134, 5.295, 5.543), .Dim = c(11L, 
40L), .Dimnames = list(NULL, c("Sampling", "PSO.cost", "PSO.gamma", 
"PSO.data.balancing", "PSO.feature.selection", "PSO.valid.acc", 
"PSO.test.acc", "PSO.train.time", "PSO.n.support.vectors", "PSO.index", 
"PSO.n.solutions", "PSO.generations", "PSO.n.evaluations", "PSO.cpu.time", 
"RS.cost", "RS.gamma", "RS.data.balancing", "RS.feature.selection", 
"RS.valid.acc", "RS.test.acc", "RS.train.time", "RS.n.support.vectors", 
"RS.index", "RS.n.solutions", "RS.generations", "RS.n.evaluations", 
"RS.cpu.time", "DF.cost", "DF.gamma", "DF.data.balancing", "DF.feature.selection", 
"DF.valid.acc", "DF.test.acc", "DF.train.time", "DF.n.support.vectors", 
"DF.index", "DF.n.solutions", "DF.generations", "DF.n.evaluations", 
"DF.cpu.time")))
