full <-
structure(c(50, 55, 60, 65, 70, 75, 80, 85, 90, 95, 100, 0.94731, 
0.32231, -0.02931, 0.51424, 0.02335, 1.95204, 1.45846, 4.12607, 
2.29587, 1.1129, 4.54171, -4.30157, -2.90772, -3.80891, -4.20248, 
-3.0808, -5.29137, -4.90917, -6.70101, -5.96042, -4.98696, -6.8826, 
0, 0, 0, 0, 0, 0, 0, 0, 0, 0, 0, 0, 0, 0, 0, 0, 0, 0, 0, 0, 0, 
0, 0.75308, 0.7683, 0.76424, 0.76537, 0.76507, 0.78079, 0.77185, 
0.77241, 0.77051, 0.78168, 0.78131, 0.75304, 0.76096, 0.74915, 
0.75917, 0.75646, 0.76742, 0.7694, 0.757, 0.76498, 0.7648, 0.77431, 
0.0996, 0.1397, 0.1387, 0.1535, 0.2142, 0.1835, 0.2039, 0.2267, 
0.2381, 0.2643, 0.3021, 304.4, 430.5, 385.5, 391.7, 527.4, 395.1, 
431.2, 412.6, 445.3, 493.8, 467.7, 1037, 249, 2143, 1605, 974, 
2011, 1218, 278, 2040, 1648, 1073, 269, 203, 10, 14, 35, 20, 
120, 56, 8, 6, 36, 100, 100, 100, 100, 100, 100, 100, 100, 100, 
100, 100, 2500, 2500, 2500, 2500, 2500, 2500, 2500, 2500, 2500, 
2500, 2500, 9233.057, 9889.947, 10146.957, 10356.503, 10864.676, 
11608.62, 11934.836, 14955.67, 13704.04, 14016.249, 18401.411, 
0.44711, 0.27599, 0.12974, 0.49137, 1.41114, 1.33693, 1.69437, 
4.25352, 1.82128, 1.29393, 0.75891, -4.02941, -3.46348, -3.95817, 
-4.13739, -5.11631, -4.73062, -5.00075, -6.88048, -5.41096, -5.13316, 
-4.66161, 0, 0, 0, 0, 0, 0, 0, 0, 0, 0, 0, 0, 0, 0, 0, 0, 0, 
0, 0, 0, 0, 0, 0.75088, 0.76285, 0.75912, 0.76225, 0.76503, 0.77676, 
0.76807, 0.77123, 0.76939, 0.77957, 0.78133, 0.76096, 0.75541, 
0.75082, 0.75766, 0.74644, 0.76607, 0.76812, 0.7535, 0.76944, 
0.7627, 0.77531, 0.1012, 0.1325, 0.1339, 0.1514, 0.1642, 0.1868, 
0.2033, 0.2291, 0.2413, 0.2658, 0.2882, 318, 395.1, 374.8, 395.9, 
377.6, 416.2, 426.9, 412, 458.6, 489.2, 533.1, 635, 1889, 2294, 
942, 2130, 1008, 1169, 946, 276, 597, 454, 1, 2, 1, 1, 1, 2, 
1, 1, 1, 1, 1, 100, 100, 100, 100, 100, 100, 100, 100, 100, 100, 
100, 2500, 2500, 2500, 2500, 2500, 2500, 2500, 2500, 2500, 2500, 
2500, 9978.231, 10606.673, 11696.62, 12173.611, 13148.56, 14483.787, 
15333.791, 16605.831, 18068.044, 19166.254, 21115.084, 1, 1, 
1, 1, 1, 1, 1, 1, 1, 1, 1, 0.05, 0.05, 0.05, 0.05, 0.05, 0.05, 
0.05, 0.05, 0.05, 0.05, 0.05, 0, 0, 0, 0, 0, 0, 0, 0, 0, 0, 0, 
0, 0, 0, 0, 0, 0, 0, 0, 0, 0, 0, 0.74296, 0.74453, 0.74918, 0.74374, 
0.7493, 0.75804, 0.75442, 0.75717, 0.75603, 0.76691, 0.76726, 
0.74696, 0.75554, 0.74751, 0.74071, 0.75642, 0.75265, 0.76076, 
0.75707, 0.75714, 0.76055, 0.7693, 0.0944, 0.1082, 0.1267, 0.1451, 
0.1643, 0.1856, 0.2046, 0.2338, 0.2529, 0.2761, 0.2941, 297.7, 
323.2, 349.3, 379.4, 403.7, 431.4, 455.1, 481.8, 503.1, 526.3, 
553.7, 1, 1, 1, 1, 1, 1, 1, 1, 1, 1, 1, 1, 1, 1, 1, 1, 1, 1, 
1, 1, 1, 1, 1, 1, 1, 1, 1, 1, 1, 1, 1, 1, 1, 1, 1, 1, 1, 1, 1, 
1, 1, 1, 1, 1, 3.518, 3.616, 3.733, 3.971, 4.151, 4.427, 4.523, 
4.936, 5.126, 5.308, 5.385), .Dim = c(11L, 40L), .Dimnames = list(
    NULL, c("Sampling", "PSO.cost", "PSO.gamma", "PSO.data.balancing", 
    "PSO.feature.selection", "PSO.valid.acc", "PSO.test.acc", 
    "PSO.train.time", "PSO.n.support.vectors", "PSO.index", "PSO.n.solutions", 
    "PSO.generations", "PSO.n.evaluations", "PSO.cpu.time", "RS.cost", 
    "RS.gamma", "RS.data.balancing", "RS.feature.selection", 
    "RS.valid.acc", "RS.test.acc", "RS.train.time", "RS.n.support.vectors", 
    "RS.index", "RS.n.solutions", "RS.generations", "RS.n.evaluations", 
    "RS.cpu.time", "DF.cost", "DF.gamma", "DF.data.balancing", 
    "DF.feature.selection", "DF.valid.acc", "DF.test.acc", "DF.train.time", 
    "DF.n.support.vectors", "DF.index", "DF.n.solutions", "DF.generations", 
    "DF.n.evaluations", "DF.cpu.time")))
