full <-
structure(c(50, 55, 60, 65, 70, 75, 80, 85, 90, 95, 100, 0.77832, 
0.8719, 0.213, 1.11851, 1.96061, 0.56165, 0.73402, 1.5664, 0.85068, 
1.84009, 0.46735, -3.03511, -3.81522, -3.51962, -3.62188, -4.92133, 
-3.46327, -3.87523, -4.58514, -3.90244, -4.9705, -3.85526, 0, 
0, 0, 0, 0, 0, 0, 0, 0, 0, 0, 0, 0, 0, 0, 0, 0, 0, 0, 0, 0, 0, 
0.79309, 0.79549, 0.78932, 0.79016, 0.77526, 0.79814, 0.78063, 
0.81713, 0.79411, 0.78802, 0.79542, 0.78917, 0.78646, 0.78596, 
0.78547, 0.77087, 0.79012, 0.78316, 0.80187, 0.78749, 0.78379, 
0.79039, 0.1134, 0.1273, 0.1494, 0.175, 0.1605, 0.2319, 0.2266, 
0.2238, 0.2868, 0.2749, 0.3232, 383.1, 359.7, 406, 439.4, 372.3, 
507.5, 489.7, 455.1, 542.2, 496.8, 608.1, 1542, 1368, 1076, 804, 
919, 841, 1144, 968, 1979, 1288, 1263, 11, 51, 294, 394, 22, 
347, 277, 194, 51, 39, 18, 100, 100, 100, 100, 100, 100, 100, 
100, 100, 100, 100, 2500, 2500, 2500, 2500, 2500, 2500, 2500, 
2500, 2500, 2500, 2500, 11523.76, 11975.305, 12618.416, 13225.818, 
13212.411, 14411.016, 14976.254, 15220.907, 15317.676, 16183.277, 
17707.933, 5.18335, 0.91982, 0.21525, 0.85197, 1.05257, 0.55727, 
0.81522, 1.6657, 0.7077, 0.73962, 0.68309, -3.01693, -4.14612, 
-3.68085, -3.79452, -4.81862, -3.29691, -3.87494, -4.72022, -3.72571, 
-4.50144, -3.72874, 0, 0, 0, 0, 0, 0, 0, 0, 0, 0, 0, 0, 0, 0, 
0, 0, 0, 0, 0, 0, 0, 0, 0.79105, 0.79189, 0.78593, 0.78554, 0.77236, 
0.79282, 0.77437, 0.81241, 0.79075, 0.78585, 0.7934, 0.78921, 
0.77734, 0.78263, 0.78703, 0.76644, 0.79279, 0.78316, 0.79953, 
0.78524, 0.7817, 0.77634, 0.1226, 0.1205, 0.1471, 0.1639, 0.1626, 
0.2236, 0.2304, 0.2225, 0.2989, 0.2662, 0.3642, 384.8, 332.3, 
390.9, 418.2, 374.6, 529, 493, 445.9, 564.2, 518.7, 626.2, 213, 
1309, 1310, 761, 1454, 624, 1526, 667, 2254, 2307, 2468, 4, 1, 
1, 1, 1, 1, 1, 1, 1, 1, 1, 100, 100, 100, 100, 100, 100, 100, 
100, 100, 100, 100, 2500, 2500, 2500, 2500, 2500, 2500, 2500, 
2500, 2500, 2500, 2500, 12146.33, 12838.427, 13472.752, 14772.411, 
15695.39, 16073.364, 17829.959, 18675.449, 20080.654, 21825.228, 
23279.881, 1, 1, 1, 1, 1, 1, 1, 1, 1, 1, 1, 0.05, 0.05, 0.05, 
0.05, 0.05, 0.05, 0.05, 0.05, 0.05, 0.05, 0.05, 0, 0, 0, 0, 0, 
0, 0, 0, 0, 0, 0, 0, 0, 0, 0, 0, 0, 0, 0, 0, 0, 0, 0.77296, 0.77007, 
0.77088, 0.77016, 0.76217, 0.7701, 0.75691, 0.77947, 0.75839, 
0.76471, 0.77232, 0.77912, 0.77195, 0.77429, 0.76545, 0.76217, 
0.7701, 0.76191, 0.77591, 0.76395, 0.76262, 0.76932, 0.0935, 
0.1099, 0.1303, 0.1391, 0.159, 0.1844, 0.2037, 0.2204, 0.2398, 
0.2692, 0.3115, 284.4, 316, 338.1, 365.9, 393.7, 416.6, 444.1, 
459.9, 494, 528.8, 553.2, 1, 1, 1, 1, 1, 1, 1, 1, 1, 1, 1, 1, 
1, 1, 1, 1, 1, 1, 1, 1, 1, 1, 1, 1, 1, 1, 1, 1, 1, 1, 1, 1, 1, 
1, 1, 1, 1, 1, 1, 1, 1, 1, 1, 1, 4.463, 4.6, 4.899, 4.737, 4.906, 
5.322, 5.458, 5.609, 5.677, 6.031, 6.843), .Dim = c(11L, 40L), .Dimnames = list(
    NULL, c("Sampling", "PSO.cost", "PSO.gamma", "PSO.data.balancing", 
    "PSO.feature.selection", "PSO.valid.acc", "PSO.test.acc", 
    "PSO.train.time", "PSO.n.support.vectors", "PSO.index", "PSO.n.solutions", 
    "PSO.generations", "PSO.n.evaluations", "PSO.cpu.time", "RS.cost", 
    "RS.gamma", "RS.data.balancing", "RS.feature.selection", 
    "RS.valid.acc", "RS.test.acc", "RS.train.time", "RS.n.support.vectors", 
    "RS.index", "RS.n.solutions", "RS.generations", "RS.n.evaluations", 
    "RS.cpu.time", "DF.cost", "DF.gamma", "DF.data.balancing", 
    "DF.feature.selection", "DF.valid.acc", "DF.test.acc", "DF.train.time", 
    "DF.n.support.vectors", "DF.index", "DF.n.solutions", "DF.generations", 
    "DF.n.evaluations", "DF.cpu.time")))
