full <-
structure(c(50, 55, 60, 65, 70, 75, 80, 85, 90, 95, 100, 0.98338, 
1.15788, 2.46879, 1.13669, 0.89954, 0.26317, 0.67094, 0.54349, 
0.70957, 1.17684, 1.458, -3.77611, -4.48222, -6.17628, -3.96339, 
-4.53042, -3.15373, -4.35296, -3.7456, -4.32839, -4.56555, -5.15295, 
0, 0, 0, 0, 0, 0, 0, 0, 0, 0, 0, 0, 0, 0, 0, 0, 0, 0, 0, 0, 0, 
0, 0.79314, 0.78655, 0.77244, 0.78856, 0.78507, 0.77947, 0.78073, 
0.78533, 0.78515, 0.78483, 0.79151, 0.78306, 0.77941, 0.76407, 
0.77469, 0.77648, 0.7781, 0.77193, 0.77824, 0.77073, 0.77317, 
0.78052, 0.1003, 0.1067, 0.1089, 0.1551, 0.1574, 0.2417, 0.2194, 
0.2665, 0.2769, 0.2833, 0.2969, 318.2, 303.5, 283.2, 391.2, 387.1, 
547.5, 452.4, 538, 513.6, 515.6, 511, 973, 1652, 1830, 1790, 
1703, 1152, 781, 1252, 875, 823, 539, 54, 31, 20, 28, 31, 60, 
89, 157, 48, 216, 224, 100, 100, 100, 100, 100, 100, 100, 100, 
100, 100, 100, 2500, 2500, 2500, 2500, 2500, 2500, 2500, 2500, 
2500, 2500, 2500, 8947.68, 9227.085, 10350.776, 10755.166, 11042.276, 
13454.394, 13337.991, 15658.254, 15657.944, 13848.179, 15774.183, 
0.97152, 1.07016, 2.90118, 1.70099, 1.28179, 0.29814, 0.35973, 
0.42118, 0.93869, 2.12367, 1.31499, -3.7856, -4.132, -5.97909, 
-4.22804, -4.34255, -3.59957, -3.37445, -3.31933, -4.6114, -5.40362, 
-5.09973, 0, 0, 0, 0, 0, 0, 0, 0, 0, 0, 0, 0, 0, 0, 0, 0, 0, 
0, 0, 0, 0, 0, 0.79114, 0.78291, 0.77235, 0.78543, 0.77932, 0.7767, 
0.77566, 0.7782, 0.78184, 0.78271, 0.78951, 0.78306, 0.77217, 
0.7674, 0.77159, 0.77938, 0.78208, 0.76816, 0.77708, 0.77074, 
0.76579, 0.78252, 0.1009, 0.1157, 0.12, 0.1673, 0.1809, 0.2249, 
0.2492, 0.2965, 0.257, 0.2657, 0.2957, 317.4, 324.1, 284, 375.2, 
405.3, 490.2, 554.5, 594.3, 497, 475.6, 511.9, 270, 961, 1346, 
1117, 1433, 2438, 1100, 924, 2139, 638, 1496, 1, 1, 1, 1, 1, 
1, 1, 1, 1, 3, 2, 100, 100, 100, 100, 100, 100, 100, 100, 100, 
100, 100, 2500, 2500, 2500, 2500, 2500, 2500, 2500, 2500, 2500, 
2500, 2500, 9895.678, 10656.145, 11334.017, 12190.21, 13651.883, 
15049.245, 15511.952, 18825.658, 18772.917, 19265.081, 22054.713, 
1, 1, 1, 1, 1, 1, 1, 1, 1, 1, 1, 0.05, 0.05, 0.05, 0.05, 0.05, 
0.05, 0.05, 0.05, 0.05, 0.05, 0.05, 0, 0, 0, 0, 0, 0, 0, 0, 0, 
0, 0, 0, 0, 0, 0, 0, 0, 0, 0, 0, 0, 0, 0.77318, 0.76833, 0.76574, 
0.76851, 0.76072, 0.76733, 0.76188, 0.76407, 0.76061, 0.76581, 
0.77037, 0.77718, 0.77386, 0.76752, 0.7701, 0.76503, 0.76338, 
0.7656, 0.76292, 0.76393, 0.7648, 0.76638, 0.0865, 0.1084, 0.1232, 
0.1424, 0.1692, 0.1913, 0.204, 0.2259, 0.2598, 0.2805, 0.3111, 
274.4, 306.2, 333.2, 359, 394.1, 421.1, 449, 474.2, 511.3, 527.1, 
552.9, 1, 1, 1, 1, 1, 1, 1, 1, 1, 1, 1, 1, 1, 1, 1, 1, 1, 1, 
1, 1, 1, 1, 1, 1, 1, 1, 1, 1, 1, 1, 1, 1, 1, 1, 1, 1, 1, 1, 1, 
1, 1, 1, 1, 1, 3.362, 3.722, 3.801, 4.047, 4.265, 4.589, 4.525, 
5.482, 5.134, 5.424, 5.813), .Dim = c(11L, 40L), .Dimnames = list(
    NULL, c("Sampling", "PSO.cost", "PSO.gamma", "PSO.data.balancing", 
    "PSO.feature.selection", "PSO.valid.acc", "PSO.test.acc", 
    "PSO.train.time", "PSO.n.support.vectors", "PSO.index", "PSO.n.solutions", 
    "PSO.generations", "PSO.n.evaluations", "PSO.cpu.time", "RS.cost", 
    "RS.gamma", "RS.data.balancing", "RS.feature.selection", 
    "RS.valid.acc", "RS.test.acc", "RS.train.time", "RS.n.support.vectors", 
    "RS.index", "RS.n.solutions", "RS.generations", "RS.n.evaluations", 
    "RS.cpu.time", "DF.cost", "DF.gamma", "DF.data.balancing", 
    "DF.feature.selection", "DF.valid.acc", "DF.test.acc", "DF.train.time", 
    "DF.n.support.vectors", "DF.index", "DF.n.solutions", "DF.generations", 
    "DF.n.evaluations", "DF.cpu.time")))
