full <-
structure(c(50, 55, 60, 65, 70, 75, 80, 85, 90, 95, 100, 5.17234, 
1.46063, 8.21613, 1.82726, 0.35763, 1.04018, 0.61688, 1.60677, 
2.11503, 4.83082, 0.04572, -7.66162, -5.08624, -9.09103, -5.69734, 
-4.3983, -4.6645, -4.19315, -5.1207, -5.54188, -7.04163, -3.69542, 
0, 0, 0, 0, 0, 0, 0, 0, 0, 0, 0, 0, 0, 0, 0, 0, 0, 0, 0, 0, 0, 
0, 0.78535, 0.77919, 0.78612, 0.78543, 0.78362, 0.7834, 0.78082, 
0.78539, 0.78294, 0.77431, 0.78332, 0.77135, 0.77906, 0.76267, 
0.77779, 0.78072, 0.77669, 0.7732, 0.77948, 0.77187, 0.75953, 
0.77426, 0.0971, 0.1006, 0.1652, 0.1269, 0.1666, 0.1885, 0.2187, 
0.2211, 0.2402, 0.2768, 0.3291, 246.5, 297.6, 287.2, 329.2, 402.4, 
416.3, 466.5, 444.3, 454.5, 449.5, 625.6, 644, 1574, 1267, 577, 
1256, 790, 1896, 390, 890, 922, 2480, 38, 23, 15, 99, 28, 126, 
20, 21, 92, 6, 1, 100, 100, 100, 100, 100, 100, 100, 100, 100, 
100, 100, 2500, 2500, 2500, 2500, 2500, 2500, 2500, 2500, 2500, 
2500, 2500, 9061.131, 8981.574, 11461.378, 9834.485, 11060.588, 
12035.639, 16990.411, 12673.144, 13145.846, 17217.43, 14962.994, 
14.65836, 1.67738, 8.55586, 2.0063, 1.55738, 1.42572, 0.60873, 
1.36874, 2.10192, 8.05375, 0.22626, -12.53158, -5.26403, -9.28225, 
-5.92535, -5.42257, -4.9311, -4.23325, -4.79315, -5.41491, -9.03359, 
-3.57494, 0, 0, 0, 0, 0, 0, 0, 0, 0, 0, 0, 0, 0, 0, 0, 0, 0, 
0, 0, 0, 0, 0, 0.78339, 0.77734, 0.78445, 0.78236, 0.77932, 0.77938, 
0.77956, 0.78422, 0.77851, 0.77326, 0.7783, 0.77335, 0.78269, 
0.76267, 0.77625, 0.78358, 0.77003, 0.77445, 0.77948, 0.76967, 
0.75746, 0.77827, 0.391, 0.1077, 0.1744, 0.1333, 0.1542, 0.1842, 
0.2089, 0.2369, 0.2425, 0.3571, 0.3558, 242.5, 292.9, 287.2, 
326.1, 357.2, 403.4, 463.9, 461.7, 458, 441.7, 646.5, 2082, 1748, 
634, 1921, 724, 92, 2357, 796, 1467, 172, 573, 2, 2, 1, 1, 2, 
1, 1, 1, 1, 1, 1, 100, 100, 100, 100, 100, 100, 100, 100, 100, 
100, 100, 2500, 2500, 2500, 2500, 2500, 2500, 2500, 2500, 2500, 
2500, 2500, 9719.071, 10005.219, 11029.912, 11718.22, 12909.93, 
14096.733, 15133.504, 16563.344, 17760.23, 19121.98, 20824.491, 
1, 1, 1, 1, 1, 1, 1, 1, 1, 1, 1, 0.05, 0.05, 0.05, 0.05, 0.05, 
0.05, 0.05, 0.05, 0.05, 0.05, 0.05, 0, 0, 0, 0, 0, 0, 0, 0, 0, 
0, 0, 0, 0, 0, 0, 0, 0, 0, 0, 0, 0, 0, 0.76906, 0.76643, 0.75428, 
0.77, 0.7693, 0.75662, 0.76698, 0.76775, 0.76398, 0.76477, 0.76627, 
0.76502, 0.76091, 0.7492, 0.76236, 0.77072, 0.74595, 0.76077, 
0.7583, 0.76177, 0.76269, 0.76932, 0.0976, 0.1036, 0.1221, 0.1451, 
0.1648, 0.1923, 0.1989, 0.2226, 0.2499, 0.2734, 0.3076, 294.8, 
323.5, 351.9, 379.4, 406.1, 430.2, 453.1, 484.4, 506.8, 537.3, 
554.1, 1, 1, 1, 1, 1, 1, 1, 1, 1, 1, 1, 1, 1, 1, 1, 1, 1, 1, 
1, 1, 1, 1, 1, 1, 1, 1, 1, 1, 1, 1, 1, 1, 1, 1, 1, 1, 1, 1, 1, 
1, 1, 1, 1, 1, 3.557, 3.343, 3.512, 3.989, 4.082, 4.408, 4.364, 
4.584, 4.989, 5.234, 5.708), .Dim = c(11L, 40L), .Dimnames = list(
    NULL, c("Sampling", "PSO.cost", "PSO.gamma", "PSO.data.balancing", 
    "PSO.feature.selection", "PSO.valid.acc", "PSO.test.acc", 
    "PSO.train.time", "PSO.n.support.vectors", "PSO.index", "PSO.n.solutions", 
    "PSO.generations", "PSO.n.evaluations", "PSO.cpu.time", "RS.cost", 
    "RS.gamma", "RS.data.balancing", "RS.feature.selection", 
    "RS.valid.acc", "RS.test.acc", "RS.train.time", "RS.n.support.vectors", 
    "RS.index", "RS.n.solutions", "RS.generations", "RS.n.evaluations", 
    "RS.cpu.time", "DF.cost", "DF.gamma", "DF.data.balancing", 
    "DF.feature.selection", "DF.valid.acc", "DF.test.acc", "DF.train.time", 
    "DF.n.support.vectors", "DF.index", "DF.n.solutions", "DF.generations", 
    "DF.n.evaluations", "DF.cpu.time")))
