full <-
structure(c(50, 55, 60, 65, 70, 75, 80, 85, 90, 95, 100, 1.01801, 
0.56203, 1.3767, 0.72113, 0.54165, 1.60223, 1.5836, 0.94438, 
1.30018, 0.43931, 0.56418, -4.17042, -3.85912, -4.73411, -3.84461, 
-3.77209, -4.89854, -4.21323, -4.18953, -4.3634, -3.58328, -3.94228, 
0, 0, 0, 0, 0, 0, 0, 0, 0, 0, 0, 0, 0, 0, 0, 0, 0, 0, 0, 0, 0, 
0, 0.74884, 0.76268, 0.75921, 0.76233, 0.78229, 0.77027, 0.78316, 
0.78066, 0.78848, 0.78802, 0.78436, 0.7488, 0.74988, 0.74579, 
0.74382, 0.76929, 0.76209, 0.76428, 0.7759, 0.77725, 0.78695, 
0.78534, 0.1005, 0.12, 0.1214, 0.1698, 0.1918, 0.1784, 0.2365, 
0.2421, 0.268, 0.3332, 0.3217, 317.7, 354.4, 338.7, 413.8, 447.6, 
400.9, 473.8, 498.9, 511.6, 615.4, 597.6, 353, 1228, 641, 1549, 
605, 695, 617, 1587, 2224, 1399, 958, 378, 240, 113, 54, 551, 
99, 228, 31, 1, 127, 39, 100, 100, 100, 100, 100, 100, 100, 100, 
100, 100, 100, 2500, 2500, 2500, 2500, 2500, 2500, 2500, 2500, 
2500, 2500, 2500, 9139.091, 9209.86, 9730.776, 11034.582, 12975.792, 
13673.027, 13048.346, 13018.423, 14337.115, 14792.116, 16693.321, 
1.03926, 0.60362, 1.67616, 2.42382, 0.45014, 1.28283, 0.59882, 
1.67786, 1.35411, 0.68634, 0.95091, -4.46304, -3.63372, -4.98727, 
-6.0473, -3.83183, -4.55642, -4.2024, -5.12213, -4.42947, -3.68767, 
-4.2041, 0, 0, 0, 0, 0, 0, 0, 0, 0, 0, 0, 0, 0, 0, 0, 0, 0, 0, 
0, 0, 0, 0, 0.7448, 0.75911, 0.75421, 0.75305, 0.78082, 0.76755, 
0.7782, 0.77714, 0.78403, 0.78486, 0.78435, 0.75084, 0.74443, 
0.74412, 0.74995, 0.76784, 0.76742, 0.77686, 0.77239, 0.77725, 
0.77851, 0.78234, 0.0998, 0.1289, 0.1292, 0.1406, 0.1897, 0.1879, 
0.222, 0.2296, 0.2646, 0.3278, 0.3223, 304.5, 373.3, 328.9, 328.2, 
440.2, 415.6, 464, 447.6, 505.5, 603.4, 570.8, 945, 319, 2472, 
119, 996, 36, 1367, 1708, 120, 109, 47, 1, 1, 1, 1, 1, 1, 1, 
1, 1, 1, 1, 100, 100, 100, 100, 100, 100, 100, 100, 100, 100, 
100, 2500, 2500, 2500, 2500, 2500, 2500, 2500, 2500, 2500, 2500, 
2500, 9970.783, 10360.478, 11669.801, 13507.07, 15322.552, 16052.142, 
17135.825, 17085.766, 17782.944, 19658.383, 22467.406, 1, 1, 
1, 1, 1, 1, 1, 1, 1, 1, 1, 0.05, 0.05, 0.05, 0.05, 0.05, 0.05, 
0.05, 0.05, 0.05, 0.05, 0.05, 0, 0, 0, 0, 0, 0, 0, 0, 0, 0, 0, 
0, 0, 0, 0, 0, 0, 0, 0, 0, 0, 0, 0.7228, 0.72827, 0.73076, 0.7345, 
0.75071, 0.74479, 0.75306, 0.76182, 0.75614, 0.77747, 0.76932, 
0.70479, 0.73722, 0.72912, 0.7299, 0.74777, 0.74335, 0.74934, 
0.75356, 0.76172, 0.76798, 0.76833, 0.0932, 0.11, 0.1316, 0.1417, 
0.1614, 0.1844, 0.2118, 0.235, 0.2561, 0.2704, 0.3094, 306.3, 
322.4, 352.5, 376.5, 402.8, 424, 449.5, 483.8, 502.1, 526.8, 
551.6, 1, 1, 1, 1, 1, 1, 1, 1, 1, 1, 1, 1, 1, 1, 1, 1, 1, 1, 
1, 1, 1, 1, 1, 1, 1, 1, 1, 1, 1, 1, 1, 1, 1, 1, 1, 1, 1, 1, 1, 
1, 1, 1, 1, 1, 3.365, 3.558, 3.903, 4.546, 4.761, 4.429, 4.719, 
4.956, 5.197, 5.902, 6.399), .Dim = c(11L, 40L), .Dimnames = list(
    NULL, c("Sampling", "PSO.cost", "PSO.gamma", "PSO.data.balancing", 
    "PSO.feature.selection", "PSO.valid.acc", "PSO.test.acc", 
    "PSO.train.time", "PSO.n.support.vectors", "PSO.index", "PSO.n.solutions", 
    "PSO.generations", "PSO.n.evaluations", "PSO.cpu.time", "RS.cost", 
    "RS.gamma", "RS.data.balancing", "RS.feature.selection", 
    "RS.valid.acc", "RS.test.acc", "RS.train.time", "RS.n.support.vectors", 
    "RS.index", "RS.n.solutions", "RS.generations", "RS.n.evaluations", 
    "RS.cpu.time", "DF.cost", "DF.gamma", "DF.data.balancing", 
    "DF.feature.selection", "DF.valid.acc", "DF.test.acc", "DF.train.time", 
    "DF.n.support.vectors", "DF.index", "DF.n.solutions", "DF.generations", 
    "DF.n.evaluations", "DF.cpu.time")))
