full <-
structure(c(50, 55, 60, 65, 70, 75, 80, 85, 90, 95, 100, 4.66971, 
1.0363, 1.33315, 0.39894, 2.1105, 1.15779, 1.11103, 0.89192, 
0.74335, 1.83026, 1.71543, -6.88509, -4.98117, -4.48977, -4.00787, 
-5.18793, -4.4481, -4.83933, -4.19951, -4.37125, -4.89774, -5.14553, 
0, 0, 0, 0, 0, 0, 0, 0, 0, 0, 0, 0, 0, 0, 0, 0, 0, 0, 0, 0, 0, 
0, 0.76318, 0.78466, 0.7809, 0.7763, 0.76783, 0.77802, 0.79574, 
0.78666, 0.79182, 0.79115, 0.78842, 0.73278, 0.75018, 0.76085, 
0.77019, 0.76497, 0.78074, 0.79193, 0.78079, 0.7829, 0.77745, 
0.78641, 0.0971, 0.1045, 0.134, 0.1529, 0.1585, 0.1856, 0.1984, 
0.2384, 0.2593, 0.2736, 0.2978, 260.1, 304.5, 356.1, 397.7, 370.8, 
422.6, 430.1, 494.7, 507.7, 503.9, 513.7, 2038, 1339, 747, 537, 
820, 1395, 676, 1547, 869, 753, 744, 4, 59, 122, 174, 30, 16, 
277, 86, 32, 96, 66, 100, 100, 100, 100, 100, 100, 100, 100, 
100, 100, 100, 2500, 2500, 2500, 2500, 2500, 2500, 2500, 2500, 
2500, 2500, 2500, 9285.128, 9599.247, 10283.201, 10721.594, 11331.068, 
11478.127, 11917.64, 13912.215, 14743.944, 13952.137, 15143.255, 
4.7907, 0.35027, 2.01666, 0.36333, 0.11604, 0.8532, 0.81954, 
1.51228, 2.24929, 1.97166, 1.5652, -6.93951, -3.8832, -4.94206, 
-3.76703, -3.86142, -4.44575, -4.28519, -5.14011, -5.51975, -5.01595, 
-5.05768, 0, 0, 0, 0, 0, 0, 0, 0, 0, 0, 0, 0, 0, 0, 0, 0, 0, 
0, 0, 0, 0, 0, 0.76118, 0.77389, 0.77921, 0.77476, 0.76646, 0.77543, 
0.79445, 0.7784, 0.79182, 0.78798, 0.78642, 0.73078, 0.76298, 
0.76588, 0.76863, 0.7564, 0.78474, 0.79695, 0.7867, 0.78629, 
0.77638, 0.78741, 0.0957, 0.1204, 0.1296, 0.1608, 0.1777, 0.1847, 
0.214, 0.2209, 0.2458, 0.2764, 0.2972, 259.4, 357.9, 336.7, 418.6, 
443.2, 420.2, 466.3, 440, 454.5, 498.4, 517.3, 807, 876, 48, 
1495, 1357, 1494, 2007, 774, 1491, 1733, 627, 1, 1, 1, 1, 1, 
1, 1, 2, 1, 1, 2, 100, 100, 100, 100, 100, 100, 100, 100, 100, 
100, 100, 2500, 2500, 2500, 2500, 2500, 2500, 2500, 2500, 2500, 
2500, 2500, 10101.448, 10967.42, 11885.024, 12451.471, 13514.506, 
14739.125, 15418.152, 17160.122, 18466.135, 18970.164, 21370.664, 
1, 1, 1, 1, 1, 1, 1, 1, 1, 1, 1, 0.05, 0.05, 0.05, 0.05, 0.05, 
0.05, 0.05, 0.05, 0.05, 0.05, 0.05, 0, 0, 0, 0, 0, 0, 0, 0, 0, 
0, 0, 0, 0, 0, 0, 0, 0, 0, 0, 0, 0, 0, 0.7289, 0.75012, 0.74912, 
0.747, 0.75362, 0.75804, 0.76187, 0.76307, 0.75719, 0.769, 0.76636, 
0.73882, 0.7612, 0.75412, 0.75466, 0.7507, 0.75669, 0.76568, 
0.75481, 0.76504, 0.76583, 0.76938, 0.0954, 0.1108, 0.1292, 0.1457, 
0.1646, 0.184, 0.2077, 0.2287, 0.2555, 0.277, 0.3047, 307.3, 
327.7, 357.9, 375.4, 404, 424.7, 456.1, 476, 506.1, 530.7, 555, 
1, 1, 1, 1, 1, 1, 1, 1, 1, 1, 1, 1, 1, 1, 1, 1, 1, 1, 1, 1, 1, 
1, 1, 1, 1, 1, 1, 1, 1, 1, 1, 1, 1, 1, 1, 1, 1, 1, 1, 1, 1, 1, 
1, 1, 3.633, 3.796, 3.978, 4.103, 4.332, 4.456, 4.727, 4.867, 
5.273, 5.46, 5.779), .Dim = c(11L, 40L), .Dimnames = list(NULL, 
    c("Sampling", "PSO.cost", "PSO.gamma", "PSO.data.balancing", 
    "PSO.feature.selection", "PSO.valid.acc", "PSO.test.acc", 
    "PSO.train.time", "PSO.n.support.vectors", "PSO.index", "PSO.n.solutions", 
    "PSO.generations", "PSO.n.evaluations", "PSO.cpu.time", "RS.cost", 
    "RS.gamma", "RS.data.balancing", "RS.feature.selection", 
    "RS.valid.acc", "RS.test.acc", "RS.train.time", "RS.n.support.vectors", 
    "RS.index", "RS.n.solutions", "RS.generations", "RS.n.evaluations", 
    "RS.cpu.time", "DF.cost", "DF.gamma", "DF.data.balancing", 
    "DF.feature.selection", "DF.valid.acc", "DF.test.acc", "DF.train.time", 
    "DF.n.support.vectors", "DF.index", "DF.n.solutions", "DF.generations", 
    "DF.n.evaluations", "DF.cpu.time")))
