full <-
structure(c(50, 55, 60, 65, 70, 75, 80, 85, 90, 95, 100, 0.35399, 
0.46335, 1.73054, 0.54121, 12.20007, 0.41336, 0.15192, 0.01338, 
0.76519, 0.99615, 1.74343, -3.28019, -3.91132, -4.652, -3.71164, 
-3.08714, -3.54371, -3.39876, -3.58828, -4.63828, -4.5635, -4.91589, 
0, 0, 0, 0, 0, 0, 0, 0, 0, 0, 0, 0, 0, 0, 0, 0, 0, 0, 0, 0, 0, 
0, 0.78722, 0.78283, 0.78267, 0.78841, 0.78784, 0.78741, 0.77819, 
0.78183, 0.78622, 0.78275, 0.79434, 0.78322, 0.78101, 0.76272, 
0.78377, 0.77637, 0.77405, 0.77446, 0.77237, 0.78395, 0.78379, 
0.77927, 0.1165, 0.1205, 0.1301, 0.1664, 0.216, 0.2184, 0.2433, 
0.2628, 0.2457, 0.2688, 0.3076, 362.9, 349.2, 335.5, 416.9, 521.9, 
498.6, 544.3, 547, 481.3, 515.6, 526.4, 304, 2277, 1201, 2360, 
1155, 1156, 1539, 613, 722, 1621, 1029, 290, 6, 69, 2, 360, 434, 
68, 503, 46, 30, 232, 100, 100, 100, 100, 100, 100, 100, 100, 
100, 100, 100, 2500, 2500, 2500, 2500, 2500, 2500, 2500, 2500, 
2500, 2500, 2500, 9283.699, 9680.61, 10077.648, 11434.582, 12042.182, 
11974.463, 12498.212, 13237.322, 13780.521, 13195.107, 15050.894, 
0.41735, 0.58965, 0.64372, 0.39328, 1.12358, 0.85234, 0.15642, 
0.34689, 0.78222, 1.71538, 1.61568, -3.39243, -3.92135, -3.63949, 
-3.86858, -3.87243, -4.11828, -3.47382, -4.17842, -4.75218, -5.20308, 
-4.85314, 0, 0, 0, 0, 0, 0, 0, 0, 0, 0, 0, 0, 0, 0, 0, 0, 0, 
0, 0, 0, 0, 0, 0.78518, 0.77737, 0.77928, 0.78533, 0.78794, 0.78067, 
0.77446, 0.77945, 0.78286, 0.78063, 0.79234, 0.77718, 0.7865, 
0.76431, 0.79146, 0.77359, 0.76063, 0.77569, 0.76882, 0.78061, 
0.77749, 0.77929, 0.1099, 0.1208, 0.1471, 0.1595, 0.1853, 0.1925, 
0.248, 0.2329, 0.2429, 0.2544, 0.3043, 351.8, 349.4, 399.5, 400.1, 
434.2, 443.1, 535.2, 484.7, 475.9, 482.8, 529, 1440, 1345, 1019, 
50, 1494, 2202, 2166, 778, 1760, 926, 1298, 1, 2, 1, 1, 1, 1, 
1, 1, 1, 1, 1, 100, 100, 100, 100, 100, 100, 100, 100, 100, 100, 
100, 2500, 2500, 2500, 2500, 2500, 2500, 2500, 2500, 2500, 2500, 
2500, 9996.228, 10635.8, 11645.274, 12437.497, 13147.538, 14224.552, 
15418.495, 16408.511, 18295.124, 19105.91, 20789.826, 1, 1, 1, 
1, 1, 1, 1, 1, 1, 1, 1, 0.05, 0.05, 0.05, 0.05, 0.05, 0.05, 0.05, 
0.05, 0.05, 0.05, 0.05, 0, 0, 0, 0, 0, 0, 0, 0, 0, 0, 0, 0, 0, 
0, 0, 0, 0, 0, 0, 0, 0, 0, 0.76698, 0.76461, 0.75761, 0.77004, 
0.77504, 0.76339, 0.76446, 0.76882, 0.7628, 0.75948, 0.76425, 
0.7651, 0.75724, 0.76258, 0.76848, 0.76933, 0.75935, 0.77069, 
0.76181, 0.76838, 0.75632, 0.77127, 0.0898, 0.1086, 0.1276, 0.142, 
0.162, 0.182, 0.2026, 0.2263, 0.2511, 0.2732, 0.3053, 286.4, 
319.7, 346.8, 362.1, 390, 421.8, 444.6, 470.3, 499.4, 525.3, 
555.9, 1, 1, 1, 1, 1, 1, 1, 1, 1, 1, 1, 1, 1, 1, 1, 1, 1, 1, 
1, 1, 1, 1, 1, 1, 1, 1, 1, 1, 1, 1, 1, 1, 1, 1, 1, 1, 1, 1, 1, 
1, 1, 1, 1, 1, 3.441, 3.698, 3.95, 4.071, 4.114, 4.38, 4.604, 
4.891, 5.1, 5.344, 5.715), .Dim = c(11L, 40L), .Dimnames = list(
    NULL, c("Sampling", "PSO.cost", "PSO.gamma", "PSO.data.balancing", 
    "PSO.feature.selection", "PSO.valid.acc", "PSO.test.acc", 
    "PSO.train.time", "PSO.n.support.vectors", "PSO.index", "PSO.n.solutions", 
    "PSO.generations", "PSO.n.evaluations", "PSO.cpu.time", "RS.cost", 
    "RS.gamma", "RS.data.balancing", "RS.feature.selection", 
    "RS.valid.acc", "RS.test.acc", "RS.train.time", "RS.n.support.vectors", 
    "RS.index", "RS.n.solutions", "RS.generations", "RS.n.evaluations", 
    "RS.cpu.time", "DF.cost", "DF.gamma", "DF.data.balancing", 
    "DF.feature.selection", "DF.valid.acc", "DF.test.acc", "DF.train.time", 
    "DF.n.support.vectors", "DF.index", "DF.n.solutions", "DF.generations", 
    "DF.n.evaluations", "DF.cpu.time")))
