full <-
structure(c(50, 55, 60, 65, 70, 75, 80, 85, 90, 95, 100, 0.59339, 
0.55153, 0.33875, 0.21828, 0.56161, 13.72512, 1.26967, 0.79178, 
0.87227, 1.22274, 1.48937, -3.54944, -3.58983, -3.38501, -3.79603, 
-4.2166, -11.51006, -4.26938, -3.92757, -4.54475, -4.9224, -4.85913, 
0, 0, 0, 0, 0, 0, 0, 0, 0, 0, 0, 0, 0, 0, 0, 0, 0, 0, 0, 0, 0, 
0, 0.78328, 0.77185, 0.78093, 0.77475, 0.7823, 0.78344, 0.78833, 
0.79011, 0.79619, 0.78588, 0.78733, 0.76316, 0.75926, 0.7676, 
0.77323, 0.76648, 0.77416, 0.77571, 0.77245, 0.79618, 0.78061, 
0.77628, 0.112, 0.1238, 0.1517, 0.1602, 0.1676, 0.7503, 0.2241, 
0.255, 0.2443, 0.2627, 0.3029, 355.7, 376.6, 424.4, 415.5, 407.9, 
336.2, 462.4, 511.4, 481.6, 493.8, 529.3, 1540, 618, 1126, 600, 
1449, 2408, 1114, 1465, 2182, 1563, 1506, 11, 44, 72, 329, 33, 
1, 94, 50, 7, 13, 55, 100, 100, 100, 100, 100, 100, 100, 100, 
100, 100, 100, 2500, 2500, 2500, 2500, 2500, 2500, 2500, 2500, 
2500, 2500, 2500, 8918.864, 9535.333, 10073.94, 10322.361, 10645.333, 
15150.788, 12916.706, 12936.877, 13782.052, 13739.214, 14212.082, 
0.54276, 6.36795, 0.14236, 0.17889, 0.91555, 13.64842, 3.06916, 
0.83627, 0.8153, 1.20411, 1.00656, -3.79259, -8.203, -3.54939, 
-3.49596, -4.66416, -11.47239, -6.04549, -3.94126, -4.40792, 
-4.88921, -4.4186, 0, 0, 0, 0, 0, 0, 0, 0, 0, 0, 0, 0, 0, 0, 
0, 0, 0, 0, 0, 0, 0, 0, 0.7792, 0.77212, 0.7776, 0.77009, 0.77797, 
0.78211, 0.78574, 0.78655, 0.79508, 0.78588, 0.78335, 0.76108, 
0.76481, 0.76929, 0.77477, 0.76364, 0.7755, 0.76686, 0.77363, 
0.79172, 0.78061, 0.7763, 0.102, 0.1193, 0.1489, 0.1767, 0.1645, 
0.6987, 0.1936, 0.2485, 0.2381, 0.2627, 0.3147, 335.9, 264.5, 
403.2, 446.2, 384.6, 337, 386.7, 510.8, 491.6, 495.3, 558.1, 
2495, 2175, 897, 651, 196, 377, 30, 1970, 1898, 637, 1010, 1, 
1, 1, 1, 2, 2, 2, 1, 1, 1, 1, 100, 100, 100, 100, 100, 100, 100, 
100, 100, 100, 100, 2500, 2500, 2500, 2500, 2500, 2500, 2500, 
2500, 2500, 2500, 2500, 9668.727, 10441.113, 11193.333, 12265.436, 
13043.29, 13985.355, 15011.531, 16056.811, 17542.593, 18167.816, 
20087.998, 1, 1, 1, 1, 1, 1, 1, 1, 1, 1, 1, 0.05, 0.05, 0.05, 
0.05, 0.05, 0.05, 0.05, 0.05, 0.05, 0.05, 0.05, 0, 0, 0, 0, 0, 
0, 0, 0, 0, 0, 0, 0, 0, 0, 0, 0, 0, 0, 0, 0, 0, 0, 0.74908, 0.75205, 
0.75588, 0.74994, 0.75075, 0.76472, 0.75689, 0.7677, 0.78174, 
0.77426, 0.77138, 0.74504, 0.7537, 0.76093, 0.76549, 0.75934, 
0.76337, 0.76436, 0.77001, 0.78396, 0.76683, 0.77437, 0.0905, 
0.1084, 0.1258, 0.144, 0.1644, 0.1847, 0.1965, 0.2262, 0.2494, 
0.2723, 0.301, 300.2, 323.2, 344.2, 372.6, 397.3, 420.4, 445.6, 
461.9, 491.1, 525.5, 556.5, 1, 1, 1, 1, 1, 1, 1, 1, 1, 1, 1, 
1, 1, 1, 1, 1, 1, 1, 1, 1, 1, 1, 1, 1, 1, 1, 1, 1, 1, 1, 1, 1, 
1, 1, 1, 1, 1, 1, 1, 1, 1, 1, 1, 1, 3.248, 3.515, 3.764, 3.954, 
4.166, 4.419, 4.354, 4.86, 5.046, 5.303, 5.451), .Dim = c(11L, 
40L), .Dimnames = list(NULL, c("Sampling", "PSO.cost", "PSO.gamma", 
"PSO.data.balancing", "PSO.feature.selection", "PSO.valid.acc", 
"PSO.test.acc", "PSO.train.time", "PSO.n.support.vectors", "PSO.index", 
"PSO.n.solutions", "PSO.generations", "PSO.n.evaluations", "PSO.cpu.time", 
"RS.cost", "RS.gamma", "RS.data.balancing", "RS.feature.selection", 
"RS.valid.acc", "RS.test.acc", "RS.train.time", "RS.n.support.vectors", 
"RS.index", "RS.n.solutions", "RS.generations", "RS.n.evaluations", 
"RS.cpu.time", "DF.cost", "DF.gamma", "DF.data.balancing", "DF.feature.selection", 
"DF.valid.acc", "DF.test.acc", "DF.train.time", "DF.n.support.vectors", 
"DF.index", "DF.n.solutions", "DF.generations", "DF.n.evaluations", 
"DF.cpu.time")))
