full <-
structure(c(50, 55, 60, 65, 70, 75, 80, 85, 90, 95, 100, 2.47266, 
0.18755, 0.13951, 0.22699, 0.41848, 0.65343, 1.20771, 2.13406, 
0.84861, 0.58514, 0.71771, -5.80618, -3.65765, -4.12753, -3.69904, 
-3.67325, -4.10935, -4.19736, -5.56632, -4.3837, -4.29967, -3.52094, 
0, 0, 0, 0, 0, 0, 0, 0, 0, 0, 0, 0, 0, 0, 0, 0, 0, 0, 0, 0, 0, 
0, 0.80327, 0.78853, 0.78266, 0.7763, 0.76934, 0.78081, 0.79079, 
0.79133, 0.78292, 0.79119, 0.78633, 0.78115, 0.77928, 0.77093, 
0.76399, 0.76077, 0.76607, 0.78071, 0.78896, 0.78622, 0.78165, 
0.78234, 0.0884, 0.1181, 0.128, 0.1641, 0.1888, 0.1976, 0.2235, 
0.2146, 0.2521, 0.2773, 0.3679, 245.9, 359.2, 350, 415.7, 450.9, 
444.5, 465.3, 425.6, 498.5, 524.8, 658.8, 1070, 1776, 798, 773, 
2182, 1349, 547, 1936, 950, 1306, 1661, 86, 2, 75, 142, 1, 33, 
466, 15, 38, 60, 34, 100, 100, 100, 100, 100, 100, 100, 100, 
100, 100, 100, 2500, 2500, 2500, 2500, 2500, 2500, 2500, 2500, 
2500, 2500, 2500, 8986.32, 9372.134, 9833.909, 10824.994, 16554.688, 
11624.409, 12251.308, 13963.735, 13363.065, 14519.09, 16527.348, 
2.80959, 0.60894, 0.14309, 0.12107, 0.51061, 0.12595, 1.84425, 
1.01955, 1.01786, 0.77029, 3.43393, -6.10571, -3.84247, -3.93558, 
-3.1085, -4.43093, -3.67651, -4.60608, -4.62144, -4.63096, -4.43962, 
-6.19026, 0, 0, 0, 0, 0, 0, 0, 0, 0, 0, 0, 0, 0, 0, 0, 0, 0, 
0, 0, 0, 0, 0, 0.79927, 0.78311, 0.77932, 0.77014, 0.76932, 0.7755, 
0.78691, 0.78899, 0.77847, 0.79011, 0.78034, 0.78519, 0.78662, 
0.77593, 0.76091, 0.75934, 0.78351, 0.77944, 0.78542, 0.79072, 
0.78376, 0.78436, 0.0859, 0.1211, 0.1314, 0.1798, 0.1613, 0.2112, 
0.21, 0.2301, 0.2407, 0.2735, 0.2946, 242.4, 345.4, 364.6, 481.5, 
392.6, 480.9, 441.4, 466.2, 482.6, 512.5, 477.9, 2311, 1475, 
2159, 1850, 1807, 257, 2481, 1013, 253, 1661, 2390, 1, 1, 1, 
1, 1, 1, 1, 1, 3, 1, 1, 100, 100, 100, 100, 100, 100, 100, 100, 
100, 100, 100, 2500, 2500, 2500, 2500, 2500, 2500, 2500, 2500, 
2500, 2500, 2500, 9795.349, 10421.077, 11293.27, 12068.369, 13201.855, 
14408.211, 14741.242, 16566.808, 17896.378, 19043.085, 21177.685, 
1, 1, 1, 1, 1, 1, 1, 1, 1, 1, 1, 0.05, 0.05, 0.05, 0.05, 0.05, 
0.05, 0.05, 0.05, 0.05, 0.05, 0.05, 0, 0, 0, 0, 0, 0, 0, 0, 0, 
0, 0, 0, 0, 0, 0, 0, 0, 0, 0, 0, 0, 0, 0.7691, 0.77746, 0.76924, 
0.76392, 0.75215, 0.76074, 0.75686, 0.76066, 0.77291, 0.77216, 
0.77128, 0.77106, 0.77369, 0.75754, 0.75776, 0.75501, 0.76746, 
0.76192, 0.76892, 0.76284, 0.77214, 0.77329, 0.0898, 0.1031, 
0.1251, 0.1407, 0.1636, 0.186, 0.2007, 0.2288, 0.2468, 0.2699, 
0.3007, 280.2, 311.7, 338.1, 364.8, 396, 423.9, 446.5, 478.7, 
497.6, 518.8, 553.3, 1, 1, 1, 1, 1, 1, 1, 1, 1, 1, 1, 1, 1, 1, 
1, 1, 1, 1, 1, 1, 1, 1, 1, 1, 1, 1, 1, 1, 1, 1, 1, 1, 1, 1, 1, 
1, 1, 1, 1, 1, 1, 1, 1, 1, 3.46, 3.655, 3.78, 3.958, 4.111, 4.519, 
4.482, 4.844, 5.042, 5.307, 5.606), .Dim = c(11L, 40L), .Dimnames = list(
    NULL, c("Sampling", "PSO.cost", "PSO.gamma", "PSO.data.balancing", 
    "PSO.feature.selection", "PSO.valid.acc", "PSO.test.acc", 
    "PSO.train.time", "PSO.n.support.vectors", "PSO.index", "PSO.n.solutions", 
    "PSO.generations", "PSO.n.evaluations", "PSO.cpu.time", "RS.cost", 
    "RS.gamma", "RS.data.balancing", "RS.feature.selection", 
    "RS.valid.acc", "RS.test.acc", "RS.train.time", "RS.n.support.vectors", 
    "RS.index", "RS.n.solutions", "RS.generations", "RS.n.evaluations", 
    "RS.cpu.time", "DF.cost", "DF.gamma", "DF.data.balancing", 
    "DF.feature.selection", "DF.valid.acc", "DF.test.acc", "DF.train.time", 
    "DF.n.support.vectors", "DF.index", "DF.n.solutions", "DF.generations", 
    "DF.n.evaluations", "DF.cpu.time")))
