full <-
structure(c(50, 55, 60, 65, 70, 75, 80, 85, 90, 95, 100, 5.38258, 
0.09217, 4.33995, 0.86519, 0.77551, 1.85922, 0.85554, 0.82702, 
1.04006, 0.81995, 0.37629, -2.97406, -3.73477, -6.93615, -4.03889, 
-4.11196, -5.01807, -3.95412, -4.33884, -4.57503, -4.58691, -4.24819, 
0, 0, 0, 0, 0, 0, 0, 0, 0, 0, 0, 0, 0, 0, 0, 0, 0, 0, 0, 0, 0, 
0, 0.77321, 0.77731, 0.78308, 0.79168, 0.79083, 0.78235, 0.79699, 
0.7889, 0.80064, 0.80068, 0.78531, 0.76332, 0.76458, 0.77607, 
0.78853, 0.79087, 0.77421, 0.78827, 0.77708, 0.79726, 0.78798, 
0.7693, 0.1181, 0.1196, 0.1196, 0.1564, 0.173, 0.1797, 0.2376, 
0.2347, 0.2562, 0.2691, 0.2978, 390.2, 349, 280.3, 383.2, 412.1, 
387.4, 492.3, 484.3, 498.1, 516.9, 561, 148, 1824, 2096, 694, 
1908, 1093, 956, 1347, 734, 1474, 2278, 849, 21, 1, 252, 11, 
95, 84, 58, 119, 51, 2, 100, 100, 100, 100, 100, 100, 100, 100, 
100, 100, 100, 2500, 2500, 2500, 2500, 2500, 2500, 2500, 2500, 
2500, 2500, 2500, 9836.69, 9927.898, 11280.767, 10683.127, 11581.109, 
11951.362, 12952.356, 13230.149, 13587.566, 14082.333, 14764.803, 
14.77945, 0.31597, 4.98768, 0.88942, 0.49849, 1.39056, 0.77494, 
1.06965, 1.24689, 0.88647, 0.39716, -2.97513, -4.30342, -7.13095, 
-3.77363, -3.26218, -4.56985, -4.06238, -4.35411, -4.47415, -4.46804, 
-4.20809, 0, 0, 0, 0, 0, 0, 0, 0, 0, 0, 0, 0, 0, 0, 0, 0, 0, 
0, 0, 0, 0, 0, 0.77321, 0.77374, 0.7831, 0.78553, 0.78652, 0.77831, 
0.79072, 0.78658, 0.80062, 0.79644, 0.7833, 0.76332, 0.76455, 
0.77288, 0.79002, 0.78511, 0.76889, 0.7845, 0.78659, 0.795, 0.79116, 
0.7703, 0.1206, 0.1061, 0.1239, 0.1629, 0.2078, 0.1779, 0.2256, 
0.2374, 0.2623, 0.2782, 0.3011, 390.1, 309.9, 278.1, 408.1, 501.2, 
410.2, 481.9, 485.4, 505.8, 525.6, 565.4, 827, 805, 1493, 2093, 
1677, 1682, 325, 613, 406, 26, 1212, 2, 1, 1, 1, 1, 1, 3, 1, 
1, 1, 1, 100, 100, 100, 100, 100, 100, 100, 100, 100, 100, 100, 
2500, 2500, 2500, 2500, 2500, 2500, 2500, 2500, 2500, 2500, 2500, 
10233.252, 10877.268, 11528.021, 12209.81, 13329.902, 14053.343, 
15265.393, 16824.833, 18238.128, 19150.613, 20939.044, 1, 1, 
1, 1, 1, 1, 1, 1, 1, 1, 1, 0.05, 0.05, 0.05, 0.05, 0.05, 0.05, 
0.05, 0.05, 0.05, 0.05, 0.05, 0, 0, 0, 0, 0, 0, 0, 0, 0, 0, 0, 
0, 0, 0, 0, 0, 0, 0, 0, 0, 0, 0, 0.75316, 0.76455, 0.76918, 0.76856, 
0.77077, 0.76217, 0.76934, 0.76886, 0.77615, 0.77217, 0.76328, 
0.74512, 0.76835, 0.77091, 0.767, 0.76362, 0.77012, 0.76442, 
0.77236, 0.76832, 0.77741, 0.76229, 0.0927, 0.1053, 0.1227, 0.1385, 
0.1652, 0.1765, 0.2086, 0.2308, 0.2518, 0.285, 0.3056, 289.5, 
308.2, 332.5, 359.4, 391.7, 417.7, 452.8, 479.7, 512.6, 531.7, 
550, 1, 1, 1, 1, 1, 1, 1, 1, 1, 1, 1, 1, 1, 1, 1, 1, 1, 1, 1, 
1, 1, 1, 1, 1, 1, 1, 1, 1, 1, 1, 1, 1, 1, 1, 1, 1, 1, 1, 1, 1, 
1, 1, 1, 1, 3.656, 3.746, 3.916, 4.069, 4.292, 4.204, 4.754, 
5.033, 5.108, 5.557, 5.719), .Dim = c(11L, 40L), .Dimnames = list(
    NULL, c("Sampling", "PSO.cost", "PSO.gamma", "PSO.data.balancing", 
    "PSO.feature.selection", "PSO.valid.acc", "PSO.test.acc", 
    "PSO.train.time", "PSO.n.support.vectors", "PSO.index", "PSO.n.solutions", 
    "PSO.generations", "PSO.n.evaluations", "PSO.cpu.time", "RS.cost", 
    "RS.gamma", "RS.data.balancing", "RS.feature.selection", 
    "RS.valid.acc", "RS.test.acc", "RS.train.time", "RS.n.support.vectors", 
    "RS.index", "RS.n.solutions", "RS.generations", "RS.n.evaluations", 
    "RS.cpu.time", "DF.cost", "DF.gamma", "DF.data.balancing", 
    "DF.feature.selection", "DF.valid.acc", "DF.test.acc", "DF.train.time", 
    "DF.n.support.vectors", "DF.index", "DF.n.solutions", "DF.generations", 
    "DF.n.evaluations", "DF.cpu.time")))
