full <-
structure(c(50, 55, 60, 65, 70, 75, 80, 85, 90, 95, 100, 0.18566, 
0.55794, 6.16091, 3.29478, 1.11949, 1.03799, 2.65176, 1.14532, 
2.15044, 1.11593, 0.80855, -3.3603, -3.93149, -8.11726, -6.36525, 
-5.25775, -4.36511, -6.07512, -4.66063, -5.57276, -4.94046, -4.30085, 
0, 0, 0, 0, 0, 0, 0, 0, 0, 0, 0, 0, 0, 0, 0, 0, 0, 0, 0, 0, 0, 
0, 0.7571, 0.7665, 0.77093, 0.78087, 0.77219, 0.77136, 0.78182, 
0.77943, 0.78737, 0.787, 0.79242, 0.75498, 0.74458, 0.76418, 
0.767, 0.76505, 0.76325, 0.77181, 0.76882, 0.78065, 0.78272, 
0.78941, 0.1103, 0.1189, 0.1332, 0.1316, 0.149, 0.1899, 0.195, 
0.2229, 0.2412, 0.2721, 0.3114, 361.7, 353.9, 289.8, 317.5, 369.7, 
433.8, 396.3, 460.2, 447.6, 499.1, 561.9, 859, 1306, 49, 434, 
1452, 816, 841, 804, 650, 731, 753, 47, 51, 51, 30, 17, 21, 5, 
151, 70, 33, 116, 100, 100, 100, 100, 100, 100, 100, 100, 100, 
100, 100, 2500, 2500, 2500, 2500, 2500, 2500, 2500, 2500, 2500, 
2500, 2500, 10350.396, 9093.09, 10619.919, 10056.831, 10953.777, 
12672.247, 11165.626, 11981.868, 12637.338, 14304.334, 15011.663, 
1.52414, 1.43153, 3.06199, 14.12922, 9.73887, 0.72166, 13.09236, 
0.95125, 2.85977, 0.87394, 0.60241, -5.52421, -5.26281, -6.23419, 
-12.0894, -10.09142, -4.25202, -11.5876, -4.49858, -5.78453, 
-4.28709, -3.97104, 0, 0, 0, 0, 0, 0, 0, 0, 0, 0, 0, 0, 0, 0, 
0, 0, 0, 0, 0, 0, 0, 0, 0.7571, 0.76098, 0.76763, 0.78084, 0.76934, 
0.76734, 0.78182, 0.77707, 0.78729, 0.78381, 0.79042, 0.75906, 
0.74812, 0.76421, 0.77627, 0.7665, 0.75792, 0.77184, 0.76765, 
0.77388, 0.77323, 0.79241, 0.085, 0.1047, 0.1141, 0.5372, 0.2502, 
0.1864, 0.5997, 0.2182, 0.2373, 0.2786, 0.3162, 265.4, 294, 300.2, 
303.8, 338.2, 439.4, 374, 470.9, 441.6, 541.8, 594.4, 2136, 1843, 
847, 633, 1980, 559, 2204, 1915, 2274, 1572, 2183, 1, 1, 1, 2, 
1, 1, 1, 1, 1, 1, 1, 100, 100, 100, 100, 100, 100, 100, 100, 
100, 100, 100, 2500, 2500, 2500, 2500, 2500, 2500, 2500, 2500, 
2500, 2500, 2500, 9829.504, 10279.738, 10899.462, 11440.969, 
12806.451, 13757.276, 15100.368, 16131.464, 17989.459, 18870.872, 
19618.953, 1, 1, 1, 1, 1, 1, 1, 1, 1, 1, 1, 0.05, 0.05, 0.05, 
0.05, 0.05, 0.05, 0.05, 0.05, 0.05, 0.05, 0.05, 0, 0, 0, 0, 0, 
0, 0, 0, 0, 0, 0, 0, 0, 0, 0, 0, 0, 0, 0, 0, 0, 0, 0.7511, 0.75377, 
0.75754, 0.76387, 0.75211, 0.74606, 0.75313, 0.763, 0.76724, 
0.76904, 0.76933, 0.7551, 0.7537, 0.76254, 0.76233, 0.75497, 
0.75138, 0.74562, 0.75234, 0.76723, 0.76479, 0.76929, 0.0922, 
0.1079, 0.1192, 0.144, 0.1581, 0.1809, 0.2051, 0.2256, 0.2434, 
0.2705, 0.2942, 296.3, 324.9, 351.9, 372.2, 405, 430.5, 454.2, 
476.3, 502.4, 533, 557.3, 1, 1, 1, 1, 1, 1, 1, 1, 1, 1, 1, 1, 
1, 1, 1, 1, 1, 1, 1, 1, 1, 1, 1, 1, 1, 1, 1, 1, 1, 1, 1, 1, 1, 
1, 1, 1, 1, 1, 1, 1, 1, 1, 1, 1, 3.316, 3.502, 3.439, 3.824, 
3.878, 4.158, 4.505, 4.68, 4.759, 5.111, 5.278), .Dim = c(11L, 
40L), .Dimnames = list(NULL, c("Sampling", "PSO.cost", "PSO.gamma", 
"PSO.data.balancing", "PSO.feature.selection", "PSO.valid.acc", 
"PSO.test.acc", "PSO.train.time", "PSO.n.support.vectors", "PSO.index", 
"PSO.n.solutions", "PSO.generations", "PSO.n.evaluations", "PSO.cpu.time", 
"RS.cost", "RS.gamma", "RS.data.balancing", "RS.feature.selection", 
"RS.valid.acc", "RS.test.acc", "RS.train.time", "RS.n.support.vectors", 
"RS.index", "RS.n.solutions", "RS.generations", "RS.n.evaluations", 
"RS.cpu.time", "DF.cost", "DF.gamma", "DF.data.balancing", "DF.feature.selection", 
"DF.valid.acc", "DF.test.acc", "DF.train.time", "DF.n.support.vectors", 
"DF.index", "DF.n.solutions", "DF.generations", "DF.n.evaluations", 
"DF.cpu.time")))
