full <-
structure(c(50, 55, 60, 65, 70, 75, 80, 85, 90, 95, 100, 12.60428, 
0.99976, 0.85362, 0.60226, 1.48292, 0.88764, 0.96589, 1.72598, 
1.70358, 1.85491, 0.69679, -11.28029, -4.75922, -4.51412, -3.92806, 
-4.83135, -4.25699, -4.03157, -4.75033, -5.3934, -5.06785, -4.72908, 
0, 0, 0, 0, 0, 0, 0, 0, 0, 0, 0, 0, 0, 0, 0, 0, 0, 0, 0, 0, 0, 
0, 0.78518, 0.78835, 0.77929, 0.78095, 0.78941, 0.79019, 0.78446, 
0.78309, 0.78396, 0.78589, 0.79239, 0.78106, 0.77923, 0.77757, 
0.7747, 0.7708, 0.77543, 0.77191, 0.77834, 0.77504, 0.77638, 
0.79241, 0.2614, 0.108, 0.1338, 0.1628, 0.1629, 0.1987, 0.2393, 
0.2357, 0.252, 0.2834, 0.312, 236.4, 310.4, 351, 416.8, 386.9, 
450.8, 494.4, 469.9, 467, 492.6, 531.6, 787, 777, 661, 1200, 
1717, 2105, 529, 891, 1036, 741, 1753, 32, 119, 93, 156, 1, 2, 
549, 52, 69, 65, 5, 100, 100, 100, 100, 100, 100, 100, 100, 100, 
100, 100, 2500, 2500, 2500, 2500, 2500, 2500, 2500, 2500, 2500, 
2500, 2500, 13375.036, 9232.686, 10222.389, 10662.201, 10884.087, 
12036.418, 12604.708, 13847.549, 17110.862, 20564.139, 17477.954, 
10.11385, 1.03652, 1.31272, 0.61713, 1.49001, 1.18631, 0.90376, 
1.79308, 1.34542, 0.42062, 0.43485, -10.13578, -4.85246, -4.98995, 
-3.96593, -4.84122, -4.88358, -3.80621, -4.9525, -5.145, -4.38721, 
-3.98599, 0, 0, 0, 0, 0, 0, 0, 0, 0, 0, 0, 0, 0, 0, 0, 0, 0, 
0, 0, 0, 0, 0, 0.78314, 0.78653, 0.77763, 0.77941, 0.78798, 0.78352, 
0.77945, 0.78188, 0.78062, 0.78168, 0.78934, 0.77106, 0.77741, 
0.7759, 0.77162, 0.76937, 0.7701, 0.76566, 0.77599, 0.77951, 
0.76792, 0.7924, 0.1575, 0.1107, 0.1291, 0.1714, 0.1661, 0.1878, 
0.2435, 0.2437, 0.2583, 0.2848, 0.3308, 237.5, 306.9, 334.8, 
413.5, 386.4, 415.5, 515.9, 460.1, 474.7, 527.7, 595.1, 991, 
2034, 1665, 1178, 2336, 961, 980, 1150, 1220, 1689, 955, 5, 2, 
2, 1, 1, 1, 1, 1, 1, 2, 1, 100, 100, 100, 100, 100, 100, 100, 
100, 100, 100, 100, 2500, 2500, 2500, 2500, 2500, 2500, 2500, 
2500, 2500, 2500, 2500, 9956.314, 10824.975, 11721.4, 12648.651, 
13616.283, 14935.621, 15879.138, 20339.104, 21474.94, 21670.5, 
23621.612, 1, 1, 1, 1, 1, 1, 1, 1, 1, 1, 1, 0.05, 0.05, 0.05, 
0.05, 0.05, 0.05, 0.05, 0.05, 0.05, 0.05, 0.05, 0, 0, 0, 0, 0, 
0, 0, 0, 0, 0, 0, 0, 0, 0, 0, 0, 0, 0, 0, 0, 0, 0, 0.77102, 0.76646, 
0.75593, 0.74996, 0.75357, 0.76206, 0.75063, 0.76184, 0.75949, 
0.76586, 0.77331, 0.77906, 0.76828, 0.76096, 0.74987, 0.75355, 
0.75817, 0.76193, 0.7559, 0.75613, 0.7668, 0.77836, 0.0938, 0.1141, 
0.1332, 0.1544, 0.1675, 0.1923, 0.2104, 0.2464, 0.2681, 0.2845, 
0.3208, 298.2, 328.1, 357.8, 383.3, 407.5, 441.9, 463.4, 490.9, 
510.1, 530, 556.7, 1, 1, 1, 1, 1, 1, 1, 1, 1, 1, 1, 1, 1, 1, 
1, 1, 1, 1, 1, 1, 1, 1, 1, 1, 1, 1, 1, 1, 1, 1, 1, 1, 1, 1, 1, 
1, 1, 1, 1, 1, 1, 1, 1, 1, 3.412, 3.712, 3.98, 4.17, 4.3, 4.529, 
4.727, 6.077, 6.317, 6.286, 6.767), .Dim = c(11L, 40L), .Dimnames = list(
    NULL, c("Sampling", "PSO.cost", "PSO.gamma", "PSO.data.balancing", 
    "PSO.feature.selection", "PSO.valid.acc", "PSO.test.acc", 
    "PSO.train.time", "PSO.n.support.vectors", "PSO.index", "PSO.n.solutions", 
    "PSO.generations", "PSO.n.evaluations", "PSO.cpu.time", "RS.cost", 
    "RS.gamma", "RS.data.balancing", "RS.feature.selection", 
    "RS.valid.acc", "RS.test.acc", "RS.train.time", "RS.n.support.vectors", 
    "RS.index", "RS.n.solutions", "RS.generations", "RS.n.evaluations", 
    "RS.cpu.time", "DF.cost", "DF.gamma", "DF.data.balancing", 
    "DF.feature.selection", "DF.valid.acc", "DF.test.acc", "DF.train.time", 
    "DF.n.support.vectors", "DF.index", "DF.n.solutions", "DF.generations", 
    "DF.n.evaluations", "DF.cpu.time")))
