full <-
structure(c(50, 55, 60, 65, 70, 75, 80, 85, 90, 95, 100, 1.33011, 
1.18781, 1.31287, 1.25284, 1.04595, 0.71018, 1.03149, 0.75435, 
1.27131, 2.94381, 0.49625, -4.78768, -4.63656, -4.99863, -4.84452, 
-4.9733, -4.6533, -4.63928, -4.25064, -4.32762, -5.70225, -4.35834, 
0, 0, 0, 0, 0, 0, 0, 0, 0, 0, 0, 0, 0, 0, 0, 0, 0, 0, 0, 0, 0, 
0, 0.76514, 0.75787, 0.75584, 0.77317, 0.76661, 0.77539, 0.7731, 
0.78192, 0.78837, 0.78503, 0.78334, 0.75114, 0.74861, 0.75414, 
0.76238, 0.76229, 0.76337, 0.76311, 0.77604, 0.78058, 0.77128, 
0.78233, 0.0937, 0.112, 0.1266, 0.1448, 0.1578, 0.1815, 0.2058, 
0.2382, 0.2658, 0.2729, 0.3084, 285.4, 319.2, 336.8, 364.4, 378.2, 
416.6, 442.9, 492.6, 518.4, 468.4, 554.5, 1249, 614, 1340, 644, 
773, 1171, 698, 1397, 1171, 662, 1104, 68, 84, 33, 161, 53, 138, 
177, 29, 69, 114, 34, 100, 100, 100, 100, 100, 100, 100, 100, 
100, 100, 100, 2500, 2500, 2500, 2500, 2500, 2500, 2500, 2500, 
2500, 2500, 2500, 9404.827, 9530.38, 9850.75799999999, 10623.693, 
10972.137, 11305.199, 12073.785, 12602.363, 14336.619, 13626.464, 
14571.665, 2.81282, 1.13035, 0.7146, 1.64103, 0.94606, 0.52617, 
1.28402, 1.21591, 1.81227, 2.78598, 0.74546, -5.86245, -4.63737, 
-4.57921, -5.22264, -4.88547, -3.98516, -4.83456, -4.828, -4.83132, 
-5.67881, -4.73753, 0, 0, 0, 0, 0, 0, 0, 0, 0, 0, 0, 0, 0, 0, 
0, 0, 0, 0, 0, 0, 0, 0, 0.76306, 0.75423, 0.75078, 0.77163, 0.76516, 
0.77267, 0.77182, 0.77723, 0.78608, 0.7829, 0.78133, 0.74318, 
0.74316, 0.75764, 0.76394, 0.76086, 0.75393, 0.76438, 0.77486, 
0.78276, 0.76811, 0.78432, 0.0921, 0.1105, 0.1274, 0.1466, 0.1584, 
0.1986, 0.2051, 0.2302, 0.245, 0.2769, 0.2966, 262.1, 318.9, 
350.7, 351.3, 381.2, 461.9, 433.6, 460.1, 483.1, 469.6, 530.4, 
1741, 1461, 2415, 115, 1617, 414, 2159, 1930, 532, 54, 697, 1, 
1, 1, 1, 1, 1, 1, 1, 1, 2, 2, 100, 100, 100, 100, 100, 100, 100, 
100, 100, 100, 100, 2500, 2500, 2500, 2500, 2500, 2500, 2500, 
2500, 2500, 2500, 2500, 10164.488, 10859.581, 11718.062, 13144.048, 
13501.939, 14749.419, 15768.253, 16392.403, 17605.5, 19550.313, 
21176.705, 1, 1, 1, 1, 1, 1, 1, 1, 1, 1, 1, 0.05, 0.05, 0.05, 
0.05, 0.05, 0.05, 0.05, 0.05, 0.05, 0.05, 0.05, 0, 0, 0, 0, 0, 
0, 0, 0, 0, 0, 0, 0, 0, 0, 0, 0, 0, 0, 0, 0, 0, 0, 0.74102, 0.72831, 
0.73575, 0.7469, 0.74355, 0.74207, 0.74452, 0.7572, 0.76397, 
0.76478, 0.77029, 0.7471, 0.73558, 0.73922, 0.75156, 0.74363, 
0.75541, 0.74947, 0.76424, 0.76281, 0.76269, 0.76525, 0.0958, 
0.1093, 0.1283, 0.1499, 0.1699, 0.1842, 0.2023, 0.2304, 0.2547, 
0.2701, 0.3066, 299.4, 329.2, 360.2, 383.8, 407.1, 433.3, 457.6, 
483.6, 506.4, 527.8, 554.2, 1, 1, 1, 1, 1, 1, 1, 1, 1, 1, 1, 
1, 1, 1, 1, 1, 1, 1, 1, 1, 1, 1, 1, 1, 1, 1, 1, 1, 1, 1, 1, 1, 
1, 1, 1, 1, 1, 1, 1, 1, 1, 1, 1, 1, 3.507, 3.592, 3.803, 4.098, 
4.295, 4.335, 4.406, 4.702, 5.047, 5.129, 5.72), .Dim = c(11L, 
40L), .Dimnames = list(NULL, c("Sampling", "PSO.cost", "PSO.gamma", 
"PSO.data.balancing", "PSO.feature.selection", "PSO.valid.acc", 
"PSO.test.acc", "PSO.train.time", "PSO.n.support.vectors", "PSO.index", 
"PSO.n.solutions", "PSO.generations", "PSO.n.evaluations", "PSO.cpu.time", 
"RS.cost", "RS.gamma", "RS.data.balancing", "RS.feature.selection", 
"RS.valid.acc", "RS.test.acc", "RS.train.time", "RS.n.support.vectors", 
"RS.index", "RS.n.solutions", "RS.generations", "RS.n.evaluations", 
"RS.cpu.time", "DF.cost", "DF.gamma", "DF.data.balancing", "DF.feature.selection", 
"DF.valid.acc", "DF.test.acc", "DF.train.time", "DF.n.support.vectors", 
"DF.index", "DF.n.solutions", "DF.generations", "DF.n.evaluations", 
"DF.cpu.time")))
