full <-
structure(c(50, 55, 60, 65, 70, 75, 80, 85, 90, 95, 100, 2.97033, 
0.55172, 4.80294, 0.54513, 0.36106, 0.65875, 0.87564, 0.87376, 
0.53956, 1.34258, 1.00468, -6.58366, -3.37873, -7.41522, -3.36149, 
-3.23266, -3.82664, -4.66247, -3.84691, -4.10111, -4.67165, -4.75568, 
0, 0, 0, 0, 0, 0, 0, 0, 0, 0, 0, 0, 0, 0, 0, 0, 0, 0, 0, 0, 0, 
0, 0.7531, 0.75559, 0.74918, 0.76854, 0.77501, 0.78079, 0.77821, 
0.78184, 0.7894, 0.79326, 0.78449, 0.73694, 0.73189, 0.73893, 
0.75311, 0.76932, 0.77274, 0.77446, 0.77114, 0.78163, 0.77961, 
0.77444, 0.0917, 0.1355, 0.1291, 0.1743, 0.2147, 0.2224, 0.2062, 
0.2675, 0.2695, 0.2778, 0.2993, 263.5, 401.4, 308.5, 466.2, 512.4, 
480.5, 441.2, 534.7, 530.3, 511.3, 530.6, 141, 838, 1292, 745, 
961, 1554, 2315, 592, 697, 478, 1180, 48, 35, 35, 227, 98, 44, 
5, 318, 350, 547, 68, 100, 100, 100, 100, 100, 100, 100, 100, 
100, 100, 100, 2500, 2500, 2500, 2500, 2500, 2500, 2500, 2500, 
2500, 2500, 2500, 9448.189, 9652.665, 10388.075, 11329.716, 12406.243, 
12280.019, 13705.304, 13314.664, 13642.099, 13790.443, 14864.037, 
3.19011, 0.69163, 1.79241, 0.60936, 0.1381, 0.61724, 1.01343, 
0.66697, 0.48536, 0.82403, 1.67816, -6.66974, -3.51706, -5.2822, 
-3.02297, -3.44449, -4.27961, -4.90501, -3.56385, -4.00447, -4.33367, 
-5.35387, 0, 0, 0, 0, 0, 0, 0, 0, 0, 0, 0, 0, 0, 0, 0, 0, 0, 
0, 0, 0, 0, 0, 0.7511, 0.75013, 0.74918, 0.76237, 0.7693, 0.77674, 
0.77571, 0.77833, 0.78717, 0.78905, 0.78149, 0.73898, 0.72461, 
0.74054, 0.75148, 0.76503, 0.77274, 0.77323, 0.7688, 0.78163, 
0.78382, 0.77845, 0.0933, 0.1333, 0.131, 0.1908, 0.2056, 0.1941, 
0.2095, 0.2738, 0.2713, 0.2829, 0.2914, 262.9, 390, 333.5, 496.9, 
484.7, 443.1, 429.3, 567.1, 539.1, 533.7, 502.3, 2182, 2146, 
127, 461, 2054, 2198, 881, 539, 386, 1591, 1092, 1, 1, 1, 2, 
1, 1, 1, 1, 1, 1, 1, 100, 100, 100, 100, 100, 100, 100, 100, 
100, 100, 100, 2500, 2500, 2500, 2500, 2500, 2500, 2500, 2500, 
2500, 2500, 2500, 10078.182, 10664.065, 11873.726, 12390.389, 
13211.296, 14663.298, 15457.243, 16775.925, 17688.889, 19293.339, 
20639.362, 1, 1, 1, 1, 1, 1, 1, 1, 1, 1, 1, 0.05, 0.05, 0.05, 
0.05, 0.05, 0.05, 0.05, 0.05, 0.05, 0.05, 0.05, 0, 0, 0, 0, 0, 
0, 0, 0, 0, 0, 0, 0, 0, 0, 0, 0, 0, 0, 0, 0, 0, 0, 0.73086, 0.73182, 
0.73923, 0.7515, 0.75068, 0.75668, 0.76571, 0.76523, 0.7561, 
0.76798, 0.76135, 0.7389, 0.74094, 0.73579, 0.74994, 0.75789, 
0.76205, 0.76446, 0.75938, 0.76275, 0.7669, 0.76336, 0.0927, 
0.1161, 0.1323, 0.155, 0.1614, 0.1906, 0.209, 0.2349, 0.2589, 
0.2774, 0.3052, 309.7, 336.1, 366.9, 387.8, 411.7, 437.3, 457.3, 
483.4, 508, 528.9, 553.7, 1, 1, 1, 1, 1, 1, 1, 1, 1, 1, 1, 1, 
1, 1, 1, 1, 1, 1, 1, 1, 1, 1, 1, 1, 1, 1, 1, 1, 1, 1, 1, 1, 1, 
1, 1, 1, 1, 1, 1, 1, 1, 1, 1, 1, 3.341, 3.818, 3.941, 4.164, 
4.042, 4.529, 4.666, 5.006, 5.263, 5.448, 5.739), .Dim = c(11L, 
40L), .Dimnames = list(NULL, c("Sampling", "PSO.cost", "PSO.gamma", 
"PSO.data.balancing", "PSO.feature.selection", "PSO.valid.acc", 
"PSO.test.acc", "PSO.train.time", "PSO.n.support.vectors", "PSO.index", 
"PSO.n.solutions", "PSO.generations", "PSO.n.evaluations", "PSO.cpu.time", 
"RS.cost", "RS.gamma", "RS.data.balancing", "RS.feature.selection", 
"RS.valid.acc", "RS.test.acc", "RS.train.time", "RS.n.support.vectors", 
"RS.index", "RS.n.solutions", "RS.generations", "RS.n.evaluations", 
"RS.cpu.time", "DF.cost", "DF.gamma", "DF.data.balancing", "DF.feature.selection", 
"DF.valid.acc", "DF.test.acc", "DF.train.time", "DF.n.support.vectors", 
"DF.index", "DF.n.solutions", "DF.generations", "DF.n.evaluations", 
"DF.cpu.time")))
