full <-
structure(c(50, 55, 60, 65, 70, 75, 80, 85, 90, 95, 100, 0.66818, 
1.97269, 0.79357, 0.48311, 0.90844, 0.41732, 1.07105, 0.4306, 
0.98707, 1.50641, 1.57076, -4.97757, -5.49071, -3.99893, -3.99907, 
-4.45363, -4.44877, -4.64479, -3.72205, -4.23521, -4.89371, -4.97819, 
0, 0, 0, 0, 0, 0, 0, 0, 0, 0, 0, 0, 0, 0, 0, 0, 0, 0, 0, 0, 0, 
0, 0.76102, 0.77365, 0.7826, 0.78704, 0.78804, 0.78079, 0.77947, 
0.79489, 0.79293, 0.79856, 0.78432, 0.74906, 0.76635, 0.78763, 
0.76856, 0.78942, 0.77007, 0.77691, 0.79368, 0.78064, 0.78068, 
0.77928, 0.0852, 0.101, 0.1299, 0.1412, 0.16, 0.18, 0.1989, 0.2607, 
0.2537, 0.2706, 0.2952, 265.6, 278.4, 358, 384.4, 390.8, 420.1, 
435.7, 539.3, 518.3, 498.1, 519.5, 1310, 2201, 1155, 1846, 1267, 
1479, 925, 1683, 930, 737, 1984, 27, 1, 109, 22, 50, 21, 148, 
20, 187, 53, 4, 100, 100, 100, 100, 100, 100, 100, 100, 100, 
100, 100, 2500, 2500, 2500, 2500, 2500, 2500, 2500, 2500, 2500, 
2500, 2500, 8710.766, 10260.183, 9449.02800000001, 9493.76899999999, 
10479.654, 10976.929, 11171.141, 12618.968, 13851.914, 13376.547, 
15601.107, 0.64386, 2.42597, 0.70594, 0.40194, 1.07438, 0.08374, 
0.89024, 0.85649, 1.43049, 1.1233, 1.20613, -4.9389, -5.93403, 
-3.90849, -4.13315, -3.90312, -3.31572, -4.46658, -4.37553, -4.62997, 
-4.54365, -4.49301, 0, 0, 0, 0, 0, 0, 0, 0, 0, 0, 0, 0, 0, 0, 
0, 0, 0, 0, 0, 0, 0, 0, 0.76102, 0.76456, 0.77757, 0.77779, 0.78508, 
0.77544, 0.77692, 0.79133, 0.78848, 0.79645, 0.78031, 0.74706, 
0.76092, 0.77927, 0.76858, 0.78081, 0.77009, 0.77689, 0.78898, 
0.77956, 0.78277, 0.77934, 0.0842, 0.0987, 0.1375, 0.136, 0.1838, 
0.2164, 0.2037, 0.2355, 0.253, 0.276, 0.3102, 266.3, 273.2, 365.6, 
373.8, 436, 530.4, 446.6, 480.5, 489, 520.5, 552.6, 2334, 56, 
323, 1760, 75, 2182, 729, 333, 1911, 268, 53, 1, 1, 1, 1, 1, 
1, 1, 1, 1, 1, 1, 100, 100, 100, 100, 100, 100, 100, 100, 100, 
100, 100, 2500, 2500, 2500, 2500, 2500, 2500, 2500, 2500, 2500, 
2500, 2500, 9528.563, 9826.843, 10698.786, 11634.318, 12587.987, 
14110.56, 15064.21, 16192.257, 17529.273, 18362.425, 20735.59, 
1, 1, 1, 1, 1, 1, 1, 1, 1, 1, 1, 0.05, 0.05, 0.05, 0.05, 0.05, 
0.05, 0.05, 0.05, 0.05, 0.05, 0.05, 0, 0, 0, 0, 0, 0, 0, 0, 0, 
0, 0, 0, 0, 0, 0, 0, 0, 0, 0, 0, 0, 0, 0.75306, 0.7555, 0.75921, 
0.75615, 0.75787, 0.76072, 0.75684, 0.76531, 0.76506, 0.7722, 
0.76421, 0.74298, 0.75537, 0.75415, 0.76546, 0.75922, 0.75937, 
0.75683, 0.76768, 0.7728, 0.7722, 0.76827, 0.0905, 0.1077, 0.1168, 
0.1318, 0.161, 0.1736, 0.204, 0.22, 0.2421, 0.2745, 0.301, 285.4, 
314.2, 336.1, 360.3, 396.9, 427.6, 452.9, 477.5, 502.5, 526.5, 
553.1, 1, 1, 1, 1, 1, 1, 1, 1, 1, 1, 1, 1, 1, 1, 1, 1, 1, 1, 
1, 1, 1, 1, 1, 1, 1, 1, 1, 1, 1, 1, 1, 1, 1, 1, 1, 1, 1, 1, 1, 
1, 1, 1, 1, 1, 3.338, 3.482, 3.448, 3.573, 4.052, 3.97, 4.517, 
4.498, 4.735, 5.319, 5.525), .Dim = c(11L, 40L), .Dimnames = list(
    NULL, c("Sampling", "PSO.cost", "PSO.gamma", "PSO.data.balancing", 
    "PSO.feature.selection", "PSO.valid.acc", "PSO.test.acc", 
    "PSO.train.time", "PSO.n.support.vectors", "PSO.index", "PSO.n.solutions", 
    "PSO.generations", "PSO.n.evaluations", "PSO.cpu.time", "RS.cost", 
    "RS.gamma", "RS.data.balancing", "RS.feature.selection", 
    "RS.valid.acc", "RS.test.acc", "RS.train.time", "RS.n.support.vectors", 
    "RS.index", "RS.n.solutions", "RS.generations", "RS.n.evaluations", 
    "RS.cpu.time", "DF.cost", "DF.gamma", "DF.data.balancing", 
    "DF.feature.selection", "DF.valid.acc", "DF.test.acc", "DF.train.time", 
    "DF.n.support.vectors", "DF.index", "DF.n.solutions", "DF.generations", 
    "DF.n.evaluations", "DF.cpu.time")))
