full <-
structure(c(50, 55, 60, 65, 70, 75, 80, 85, 90, 95, 100, 0.54964, 
0.67738, 0.48703, 0.4887, 0.85044, 1.86937, 0.5469, 1.1966, 1.09406, 
0.58346, 0.59131, -3.76773, -4.69071, -3.55372, -3.62196, -4.62503, 
-4.68204, -3.96284, -4.261, -4.59858, -4.17786, -3.98188, 0, 
0, 0, 0, 0, 0, 0, 0, 0, 0, 0, 0, 0, 0, 0, 0, 0, 0, 0, 0, 0, 0, 
0.75909, 0.74993, 0.76074, 0.77006, 0.78366, 0.79293, 0.79828, 
0.80303, 0.78942, 0.79115, 0.79239, 0.74296, 0.72811, 0.75743, 
0.75162, 0.7678, 0.77556, 0.79082, 0.79008, 0.78715, 0.78375, 
0.78435, 0.1069, 0.1133, 0.1459, 0.1634, 0.1571, 0.1858, 0.2123, 
0.2317, 0.2505, 0.2838, 0.3177, 340, 321.1, 419.6, 441.1, 391.7, 
418.5, 483.7, 487.7, 484.3, 540.1, 593.7, 1015, 1214, 2459, 1418, 
490, 1540, 952, 935, 1379, 1498, 927, 82, 20, 1, 26, 224, 48, 
471, 28, 40, 59, 291, 100, 100, 100, 100, 100, 100, 100, 100, 
100, 100, 100, 2500, 2500, 2500, 2500, 2500, 2500, 2500, 2500, 
2500, 2500, 2500, 9340.158, 9591.556, 9977.206, 10411.421, 10022.363, 
10868.481, 11361.653, 12199.173, 13015.271, 16080.089, 14870.992, 
0.5649, 2.07019, 0.44452, 0.44931, 0.77059, 1.87844, 0.50338, 
1.66675, 1.5909, 1.5447, 0.32933, -3.75902, -5.9654, -4.09752, 
-3.67471, -4.37254, -4.68845, -4.29015, -4.56533, -5.10229, -4.72624, 
-4.00318, 0, 0, 0, 0, 0, 0, 0, 0, 0, 0, 0, 0, 0, 0, 0, 0, 0, 
0, 0, 0, 0, 0, 0.75509, 0.74448, 0.75912, 0.76691, 0.77935, 0.79293, 
0.79453, 0.80067, 0.7861, 0.78798, 0.78937, 0.74696, 0.73182, 
0.74579, 0.7547, 0.77214, 0.77689, 0.78582, 0.7936, 0.79053, 
0.78374, 0.78334, 0.111, 0.108, 0.1298, 0.174, 0.1607, 0.1869, 
0.2051, 0.2348, 0.2393, 0.275, 0.3233, 340.7, 295.6, 376.2, 436.9, 
405.8, 418.4, 455.6, 468.7, 459.7, 502.2, 589.3, 1240, 2178, 
122, 854, 1474, 1822, 437, 1688, 2230, 2236, 1489, 1, 2, 1, 1, 
1, 1, 2, 1, 1, 1, 1, 100, 100, 100, 100, 100, 100, 100, 100, 
100, 100, 100, 2500, 2500, 2500, 2500, 2500, 2500, 2500, 2500, 
2500, 2500, 2500, 10205.743, 10734.589, 11599.811, 12177.356, 
12857.852, 14075.025, 14433.921, 15757.041, 17416.226, 18874.126, 
20848.668, 1, 1, 1, 1, 1, 1, 1, 1, 1, 1, 1, 0.05, 0.05, 0.05, 
0.05, 0.05, 0.05, 0.05, 0.05, 0.05, 0.05, 0.05, 0, 0, 0, 0, 0, 
0, 0, 0, 0, 0, 0, 0, 0, 0, 0, 0, 0, 0, 0, 0, 0, 0, 0.72896, 0.72616, 
0.73065, 0.74379, 0.75645, 0.76599, 0.7657, 0.78301, 0.76719, 
0.77534, 0.76631, 0.73088, 0.72444, 0.73065, 0.75001, 0.75359, 
0.77019, 0.7632, 0.77598, 0.77275, 0.77106, 0.76729, 0.0974, 
0.1068, 0.1301, 0.1416, 0.1601, 0.1801, 0.1998, 0.2263, 0.2491, 
0.265, 0.2963, 301.4, 334.3, 363.2, 386.1, 404.2, 426, 449.9, 
472, 495.7, 520.1, 555.7, 1, 1, 1, 1, 1, 1, 1, 1, 1, 1, 1, 1, 
1, 1, 1, 1, 1, 1, 1, 1, 1, 1, 1, 1, 1, 1, 1, 1, 1, 1, 1, 1, 1, 
1, 1, 1, 1, 1, 1, 1, 1, 1, 1, 1, 3.529, 3.389, 3.704, 3.743, 
3.921, 4.156, 4.339, 4.827, 5.052, 5.112, 5.33), .Dim = c(11L, 
40L), .Dimnames = list(NULL, c("Sampling", "PSO.cost", "PSO.gamma", 
"PSO.data.balancing", "PSO.feature.selection", "PSO.valid.acc", 
"PSO.test.acc", "PSO.train.time", "PSO.n.support.vectors", "PSO.index", 
"PSO.n.solutions", "PSO.generations", "PSO.n.evaluations", "PSO.cpu.time", 
"RS.cost", "RS.gamma", "RS.data.balancing", "RS.feature.selection", 
"RS.valid.acc", "RS.test.acc", "RS.train.time", "RS.n.support.vectors", 
"RS.index", "RS.n.solutions", "RS.generations", "RS.n.evaluations", 
"RS.cpu.time", "DF.cost", "DF.gamma", "DF.data.balancing", "DF.feature.selection", 
"DF.valid.acc", "DF.test.acc", "DF.train.time", "DF.n.support.vectors", 
"DF.index", "DF.n.solutions", "DF.generations", "DF.n.evaluations", 
"DF.cpu.time")))
