full <-
structure(c(50, 55, 60, 65, 70, 75, 80, 85, 90, 95, 100, 5.29706, 
7.65923, 0.5003, 1.56058, 0.58385, 1.27818, 0.27275, 1.22362, 
0.76238, 0.87674, 1.59753, -2.35608, -8.67877, -4.02479, -5.30147, 
-4.10801, -4.8343, -3.65051, -4.4671, -4.47063, -4.35291, -5.09529, 
0, 0, 0, 0, 0, 0, 0, 0, 0, 0, 0, 0, 0, 0, 0, 0, 0, 0, 0, 0, 0, 
0, 0.75308, 0.75909, 0.76435, 0.77156, 0.76646, 0.78209, 0.78073, 
0.77361, 0.78173, 0.79625, 0.79544, 0.74704, 0.74818, 0.75596, 
0.75772, 0.76211, 0.76471, 0.78068, 0.77127, 0.77619, 0.77736, 
0.78331, 0.1231, 0.1357, 0.1287, 0.1313, 0.1735, 0.1898, 0.2454, 
0.2352, 0.2556, 0.2715, 0.3014, 398, 265.6, 372, 343.5, 427.6, 
409.2, 518.3, 479.9, 499.9, 533, 511.6, 162, 713, 2281, 1073, 
653, 1788, 481, 1028, 1477, 1407, 1299, 1034, 56, 2, 60, 183, 
19, 620, 143, 16, 25, 10, 100, 100, 100, 100, 100, 100, 100, 
100, 100, 100, 100, 2500, 2500, 2500, 2500, 2500, 2500, 2500, 
2500, 2500, 2500, 2500, 9607.494, 10644.398, 10426.928, 9911.331, 
11631.798, 11511.351, 12256.681, 12810.503, 14383.705, 13907.668, 
14069.529, 9.41027, 5.11048, 0.56, 1.48624, 0.01504, 1.39408, 
0.38726, 2.66019, 0.77534, 1.11426, 1.65089, -2.30982, -7.25724, 
-4.29391, -5.22869, -3.86617, -4.80806, -3.79716, -5.34661, -4.5759, 
-4.67214, -5.07765, 0, 0, 0, 0, 0, 0, 0, 0, 0, 0, 0, 0, 0, 0, 
0, 0, 0, 0, 0, 0, 0, 0, 0.75308, 0.75727, 0.76101, 0.77156, 0.76364, 
0.77406, 0.77451, 0.76894, 0.77731, 0.79306, 0.79543, 0.74704, 
0.74273, 0.74754, 0.75925, 0.76219, 0.76602, 0.78195, 0.75605, 
0.77506, 0.78573, 0.7813, 0.1209, 0.1079, 0.1234, 0.1333, 0.1683, 
0.1763, 0.2254, 0.2237, 0.2538, 0.2774, 0.2996, 398, 269.3, 356.8, 
345.7, 443, 412, 504.6, 434.7, 492.5, 510.6, 512.9, 715, 1968, 
1913, 1887, 1493, 621, 380, 920, 315, 1947, 1569, 7, 1, 1, 1, 
1, 1, 1, 1, 1, 1, 1, 100, 100, 100, 100, 100, 100, 100, 100, 
100, 100, 100, 2500, 2500, 2500, 2500, 2500, 2500, 2500, 2500, 
2500, 2500, 2500, 10417.613, 10753.324, 11279.763, 12424.476, 
13115.103, 14445.12, 15286.844, 17263.725, 17938.571, 19512.19, 
20530.426, 1, 1, 1, 1, 1, 1, 1, 1, 1, 1, 1, 0.05, 0.05, 0.05, 
0.05, 0.05, 0.05, 0.05, 0.05, 0.05, 0.05, 0.05, 0, 0, 0, 0, 0, 
0, 0, 0, 0, 0, 0, 0, 0, 0, 0, 0, 0, 0, 0, 0, 0, 0, 0.73492, 0.74458, 
0.75085, 0.7531, 0.75787, 0.75537, 0.76565, 0.7524, 0.76051, 
0.76894, 0.76833, 0.74704, 0.7463, 0.75413, 0.75308, 0.74934, 
0.75937, 0.76565, 0.75587, 0.75274, 0.7626, 0.77636, 0.0983, 
0.1073, 0.1309, 0.1394, 0.1666, 0.1918, 0.2105, 0.2207, 0.256, 
0.2655, 0.3023, 304.3, 323, 354.1, 380.3, 406.2, 432, 459.3, 
482.4, 506.7, 529.3, 553.9, 1, 1, 1, 1, 1, 1, 1, 1, 1, 1, 1, 
1, 1, 1, 1, 1, 1, 1, 1, 1, 1, 1, 1, 1, 1, 1, 1, 1, 1, 1, 1, 1, 
1, 1, 1, 1, 1, 1, 1, 1, 1, 1, 1, 1, 3.7, 3.55, 3.893, 3.756, 
4.265, 4.547, 4.681, 4.669, 5.174, 5.104, 5.6), .Dim = c(11L, 
40L), .Dimnames = list(NULL, c("Sampling", "PSO.cost", "PSO.gamma", 
"PSO.data.balancing", "PSO.feature.selection", "PSO.valid.acc", 
"PSO.test.acc", "PSO.train.time", "PSO.n.support.vectors", "PSO.index", 
"PSO.n.solutions", "PSO.generations", "PSO.n.evaluations", "PSO.cpu.time", 
"RS.cost", "RS.gamma", "RS.data.balancing", "RS.feature.selection", 
"RS.valid.acc", "RS.test.acc", "RS.train.time", "RS.n.support.vectors", 
"RS.index", "RS.n.solutions", "RS.generations", "RS.n.evaluations", 
"RS.cpu.time", "DF.cost", "DF.gamma", "DF.data.balancing", "DF.feature.selection", 
"DF.valid.acc", "DF.test.acc", "DF.train.time", "DF.n.support.vectors", 
"DF.index", "DF.n.solutions", "DF.generations", "DF.n.evaluations", 
"DF.cpu.time")))
