full <-
structure(c(50, 55, 60, 65, 70, 75, 80, 85, 90, 95, 100, 0.80346, 
0.66766, 0.99266, 1.93112, 0.64764, 1.55916, 1.20303, 1.47239, 
2.10804, 1.56679, 0.93131, -2.95296, -2.56676, -3.14806, -4.75397, 
-3.74668, -4.40675, -5.0146, -4.74325, -5.14315, -4.88774, -4.69483, 
0, 0, 0, 0, 0, 0, 0, 0, 0, 0, 0, 0, 0, 0, 0, 0, 0, 0, 0, 0, 0, 
0, 0.7749, 0.76098, 0.77948, 0.7794, 0.7936, 0.79948, 0.79198, 
0.78536, 0.78844, 0.78691, 0.79238, 0.76898, 0.75556, 0.75597, 
0.75923, 0.77503, 0.78746, 0.78573, 0.783, 0.7706, 0.78273, 0.7823, 
0.1219, 0.0866, 0.1614, 0.1435, 0.185, 0.1966, 0.1916, 0.2225, 
0.2453, 0.2786, 0.2941, 389.5, 437.6, 454.7, 355.7, 446.6, 422.5, 
411.9, 447.3, 462.7, 500, 532.2, 2252, 1174, 1766, 1707, 1753, 
1051, 2473, 953, 2065, 583, 559, 7, 25, 31, 6, 19, 40, 1, 188, 
2, 263, 330, 100, 100, 100, 100, 100, 100, 100, 100, 100, 100, 
100, 2500, 2500, 2500, 2500, 2500, 2500, 2500, 2500, 2500, 2500, 
2500, 10361.441, 10161.242, 10625.431, 10571.175, 11745.509, 
11616.672, 13098.643, 12725.609, 14429.523, 14053.181, 14345.005, 
0.53625, 0.93641, 1.00325, 1.67205, 3.88069, 1.44361, 1.26934, 
1.65627, 2.83032, 2.1959, 0.93509, -3.246, -4.71306, -3.22797, 
-4.50425, -6.36001, -4.51296, -5.11198, -4.87899, -5.72781, -5.0949, 
-4.92977, 0, 0, 0, 0, 0, 0, 0, 0, 0, 0, 0, 0, 0, 0, 0, 0, 0, 
0, 0, 0, 0, 0, 0.7709, 0.76098, 0.77445, 0.7763, 0.78648, 0.79683, 
0.7907, 0.78417, 0.78732, 0.78268, 0.78937, 0.76298, 0.75189, 
0.75767, 0.76387, 0.77934, 0.79011, 0.78328, 0.78417, 0.76949, 
0.77537, 0.7813, 0.1154, 0.103, 0.159, 0.1526, 0.1554, 0.1829, 
0.1895, 0.2197, 0.2412, 0.273, 0.295, 370.3, 302.2, 449.1, 368.2, 
331.4, 413.2, 407.3, 440.5, 438.2, 490.8, 519.9, 518, 1850, 1133, 
1056, 813, 1474, 277, 1722, 42, 2069, 566, 2, 1, 1, 1, 1, 1, 
1, 1, 2, 1, 1, 100, 100, 100, 100, 100, 100, 100, 100, 100, 100, 
100, 2500, 2500, 2500, 2500, 2500, 2500, 2500, 2500, 2500, 2500, 
2500, 12059.043, 10741.29, 11286.869, 12250.587, 13281.153, 14266.103, 
14963.092, 15964.238, 17403.22, 19484.598, 20593.159, 1, 1, 1, 
1, 1, 1, 1, 1, 1, 1, 1, 0.05, 0.05, 0.05, 0.05, 0.05, 0.05, 0.05, 
0.05, 0.05, 0.05, 0.05, 0, 0, 0, 0, 0, 0, 0, 0, 0, 0, 0, 0, 0, 
0, 0, 0, 0, 0, 0, 0, 0, 0, 0.75498, 0.74822, 0.7442, 0.75925, 
0.75789, 0.76868, 0.7681, 0.75711, 0.75725, 0.75952, 0.77131, 
0.74498, 0.7464, 0.74747, 0.7562, 0.75505, 0.76335, 0.76193, 
0.76303, 0.76623, 0.76688, 0.77432, 0.0891, 0.1048, 0.1224, 0.1403, 
0.1597, 0.176, 0.1995, 0.2199, 0.2526, 0.2692, 0.2958, 286.4, 
314.9, 342.5, 368.7, 389.3, 413.6, 443.7, 465.3, 495.1, 526.7, 
555.1, 1, 1, 1, 1, 1, 1, 1, 1, 1, 1, 1, 1, 1, 1, 1, 1, 1, 1, 
1, 1, 1, 1, 1, 1, 1, 1, 1, 1, 1, 1, 1, 1, 1, 1, 1, 1, 1, 1, 1, 
1, 1, 1, 1, 1, 3.503, 3.603, 3.797, 4.025, 4.174, 4.35, 4.575, 
4.794, 5.161, 5.196, 5.44), .Dim = c(11L, 40L), .Dimnames = list(
    NULL, c("Sampling", "PSO.cost", "PSO.gamma", "PSO.data.balancing", 
    "PSO.feature.selection", "PSO.valid.acc", "PSO.test.acc", 
    "PSO.train.time", "PSO.n.support.vectors", "PSO.index", "PSO.n.solutions", 
    "PSO.generations", "PSO.n.evaluations", "PSO.cpu.time", "RS.cost", 
    "RS.gamma", "RS.data.balancing", "RS.feature.selection", 
    "RS.valid.acc", "RS.test.acc", "RS.train.time", "RS.n.support.vectors", 
    "RS.index", "RS.n.solutions", "RS.generations", "RS.n.evaluations", 
    "RS.cpu.time", "DF.cost", "DF.gamma", "DF.data.balancing", 
    "DF.feature.selection", "DF.valid.acc", "DF.test.acc", "DF.train.time", 
    "DF.n.support.vectors", "DF.index", "DF.n.solutions", "DF.generations", 
    "DF.n.evaluations", "DF.cpu.time")))
