full <-
structure(c(50, 55, 60, 65, 70, 75, 80, 85, 90, 95, 100, 0.16604, 
0.53991, 2.13215, 4.26486, 0.69019, 4.81636, 4.79342, 2.78021, 
0.81119, 1.13646, 1.11263, -3.19125, -3.14241, -5.34506, -6.66126, 
-4.0691, -7.34661, -7.49456, -5.90278, -4.5764, -4.88122, -4.19344, 
0, 0, 0, 0, 0, 0, 0, 0, 0, 0, 0, 0, 0, 0, 0, 0, 0, 0, 0, 0, 0, 
0, 0.76907, 0.77374, 0.77415, 0.77317, 0.76938, 0.77274, 0.77566, 
0.78297, 0.77725, 0.79861, 0.7874, 0.76303, 0.76091, 0.74743, 
0.75769, 0.75644, 0.75816, 0.77315, 0.76884, 0.77503, 0.77963, 
0.78636, 0.1146, 0.1296, 0.1246, 0.1436, 0.1691, 0.1811, 0.2084, 
0.2217, 0.2469, 0.2604, 0.3186, 371.2, 409.3, 312.5, 321.3, 428.2, 
364.1, 389.9, 421.4, 493.1, 504.6, 577.4, 2445, 1347, 2215, 491, 
1179, 936, 1113, 622, 404, 983, 955, 1, 106, 2, 35, 118, 13, 
15, 15, 41, 106, 296, 100, 100, 100, 100, 100, 100, 100, 100, 
100, 100, 100, 2500, 2500, 2500, 2500, 2500, 2500, 2500, 2500, 
2500, 2500, 2500, 9061.142, 9468.49, 12067.89, 11701.334, 11355.729, 
12001.239, 16029.837, 13568.91, 14317.511, 13969.681, 14512.289, 
0.21534, 0.77673, 2.10297, 5.01153, 0.93084, 4.21417, 3.52921, 
3.87199, 1.33525, 1.12661, 0.82126, -3.19432, -3.04679, -5.37147, 
-7.12584, -4.56511, -6.98179, -6.79583, -6.86555, -5.16928, -4.79001, 
-4.20336, 0, 0, 0, 0, 0, 0, 0, 0, 0, 0, 0, 0, 0, 0, 0, 0, 0, 
0, 0, 0, 0, 0, 0.76695, 0.76458, 0.77249, 0.7732, 0.76503, 0.77141, 
0.77316, 0.77947, 0.77723, 0.79545, 0.78438, 0.75694, 0.76091, 
0.75246, 0.75769, 0.76072, 0.7582, 0.77315, 0.76884, 0.77727, 
0.78175, 0.78437, 0.1096, 0.1419, 0.1195, 0.1533, 0.1681, 0.1907, 
0.1925, 0.2127, 0.2429, 0.2692, 0.3082, 371.3, 418.7, 311.7, 
318.7, 396.7, 366.9, 395.5, 412.6, 465.1, 509.8, 573.2, 2039, 
1559, 1263, 1277, 1390, 1230, 948, 2440, 1844, 1376, 2409, 1, 
1, 1, 1, 1, 1, 1, 1, 1, 1, 1, 100, 100, 100, 100, 100, 100, 100, 
100, 100, 100, 100, 2500, 2500, 2500, 2500, 2500, 2500, 2500, 
2500, 2500, 2500, 2500, 9747.764, 12127.319, 11502.185, 12538.117, 
13104.486, 13966.885, 15449.484, 16738.637, 18298.053, 20297.002, 
20233.519, 1, 1, 1, 1, 1, 1, 1, 1, 1, 1, 1, 0.05, 0.05, 0.05, 
0.05, 0.05, 0.05, 0.05, 0.05, 0.05, 0.05, 0.05, 0, 0, 0, 0, 0, 
0, 0, 0, 0, 0, 0, 0, 0, 0, 0, 0, 0, 0, 0, 0, 0, 0, 0.7471, 0.7464, 
0.75076, 0.74541, 0.74213, 0.75412, 0.75816, 0.75704, 0.75945, 
0.76691, 0.76632, 0.74306, 0.75185, 0.75249, 0.74231, 0.74934, 
0.75281, 0.76315, 0.75704, 0.7628, 0.77118, 0.75829, 0.0943, 
0.1075, 0.1237, 0.1402, 0.1638, 0.1848, 0.2095, 0.2263, 0.2452, 
0.273, 0.2992, 294.4, 317.3, 344.8, 380.7, 405.3, 431.7, 460.8, 
480.7, 506.6, 536.7, 553.6, 1, 1, 1, 1, 1, 1, 1, 1, 1, 1, 1, 
1, 1, 1, 1, 1, 1, 1, 1, 1, 1, 1, 1, 1, 1, 1, 1, 1, 1, 1, 1, 1, 
1, 1, 1, 1, 1, 1, 1, 1, 1, 1, 1, 1, 3.41, 4.453, 3.799, 3.772, 
4.123, 4.345, 4.717, 4.801, 4.89, 5.24, 5.522), .Dim = c(11L, 
40L), .Dimnames = list(NULL, c("Sampling", "PSO.cost", "PSO.gamma", 
"PSO.data.balancing", "PSO.feature.selection", "PSO.valid.acc", 
"PSO.test.acc", "PSO.train.time", "PSO.n.support.vectors", "PSO.index", 
"PSO.n.solutions", "PSO.generations", "PSO.n.evaluations", "PSO.cpu.time", 
"RS.cost", "RS.gamma", "RS.data.balancing", "RS.feature.selection", 
"RS.valid.acc", "RS.test.acc", "RS.train.time", "RS.n.support.vectors", 
"RS.index", "RS.n.solutions", "RS.generations", "RS.n.evaluations", 
"RS.cpu.time", "DF.cost", "DF.gamma", "DF.data.balancing", "DF.feature.selection", 
"DF.valid.acc", "DF.test.acc", "DF.train.time", "DF.n.support.vectors", 
"DF.index", "DF.n.solutions", "DF.generations", "DF.n.evaluations", 
"DF.cpu.time")))
