full <-
structure(c(50, 55, 60, 65, 70, 75, 80, 85, 90, 95, 100, 3.01161, 
0.71875, 6.34985, 10.11042, 2.67972, 0.59976, 0.33958, 0.37795, 
0.94708, 1.74979, 0.57886, -6.62208, -4.18071, -8.50435, -10.50302, 
-5.58808, -3.19168, -3.58535, -3.46012, -4.57128, -5.24894, -4.53709, 
0, 0, 0, 0, 0, 0, 0, 0, 0, 0, 0, 0, 0, 0, 0, 0, 0, 0, 0, 0, 0, 
0, 0.76502, 0.75904, 0.76586, 0.76087, 0.78075, 0.77135, 0.77328, 
0.78886, 0.77734, 0.80268, 0.78635, 0.75094, 0.74988, 0.7625, 
0.7531, 0.7693, 0.77139, 0.77709, 0.77826, 0.77281, 0.78885, 
0.77228, 0.0882, 0.1185, 0.1295, 0.2125, 0.1549, 0.2321, 0.2387, 
0.2732, 0.2555, 0.2653, 0.3042, 245.4, 335.8, 292.5, 310.3, 355.4, 
538.7, 519.2, 563.7, 493.8, 481.8, 541, 1043, 568, 439, 1323, 
506, 1622, 1481, 1467, 1797, 1879, 664, 93, 67, 24, 31, 319, 
33, 88, 6, 16, 2, 347, 100, 100, 100, 100, 100, 100, 100, 100, 
100, 100, 100, 2500, 2500, 2500, 2500, 2500, 2500, 2500, 2500, 
2500, 2500, 2500, 11321.111, 12206.324, 10784.713, 12387.627, 
11282.637, 12714.69, 12758.94, 15522.89, 17895.703, 17145.143, 
16650.572, 1.86502, 12.33478, 11.12259, 7.83042, 2.22145, 0.60686, 
0.44855, 0.39106, 2.16176, 1.89145, 1.03814, -5.84142, -11.37333, 
-10.97323, -9.19998, -5.22444, -3.12176, -3.85608, -3.51277, 
-5.54767, -5.29727, -4.78872, 0, 0, 0, 0, 0, 0, 0, 0, 0, 0, 0, 
0, 0, 0, 0, 0, 0, 0, 0, 0, 0, 0, 0.76102, 0.759, 0.76586, 0.75935, 
0.77932, 0.76868, 0.76698, 0.78296, 0.77284, 0.79845, 0.77932, 
0.75094, 0.74985, 0.7625, 0.75163, 0.77075, 0.76739, 0.77582, 
0.77945, 0.76947, 0.78353, 0.77528, 0.089, 0.2423, 0.2126, 0.171, 
0.1593, 0.2351, 0.2311, 0.2723, 0.2484, 0.2654, 0.3011, 252.9, 
264.6, 290.6, 311.7, 366, 549.5, 489.5, 556.8, 453.4, 480.7, 
527.1, 118, 2369, 930, 1196, 1494, 902, 643, 1418, 2472, 1229, 
1675, 1, 1, 3, 6, 1, 1, 1, 1, 1, 1, 1, 100, 100, 100, 100, 100, 
100, 100, 100, 100, 100, 100, 2500, 2500, 2500, 2500, 2500, 2500, 
2500, 2500, 2500, 2500, 2500, 12239.704, 12763.208, 11778.09, 
12647.296, 13275.53, 14708.053, 16997.179, 19166.723, 20443.072, 
21505.567, 22403.536, 1, 1, 1, 1, 1, 1, 1, 1, 1, 1, 1, 0.05, 
0.05, 0.05, 0.05, 0.05, 0.05, 0.05, 0.05, 0.05, 0.05, 0.05, 0, 
0, 0, 0, 0, 0, 0, 0, 0, 0, 0, 0, 0, 0, 0, 0, 0, 0, 0, 0, 0, 0, 
0.7531, 0.74638, 0.75095, 0.74692, 0.75505, 0.74867, 0.74938, 
0.76533, 0.75833, 0.76691, 0.76928, 0.74702, 0.74634, 0.75086, 
0.74546, 0.75791, 0.75133, 0.7582, 0.75705, 0.74837, 0.76695, 
0.76428, 0.0954, 0.1141, 0.1254, 0.1438, 0.1633, 0.1831, 0.2094, 
0.2291, 0.2569, 0.2808, 0.307, 292.7, 325.1, 353, 376.6, 401.1, 
421.8, 447.8, 472.7, 506.6, 529.1, 554.3, 1, 1, 1, 1, 1, 1, 1, 
1, 1, 1, 1, 1, 1, 1, 1, 1, 1, 1, 1, 1, 1, 1, 1, 1, 1, 1, 1, 1, 
1, 1, 1, 1, 1, 1, 1, 1, 1, 1, 1, 1, 1, 1, 1, 1, 4.371, 4.709, 
3.901, 4.055, 4.222, 4.38, 5.559, 5.842, 6.009, 6.231, 6.548), .Dim = c(11L, 
40L), .Dimnames = list(NULL, c("Sampling", "PSO.cost", "PSO.gamma", 
"PSO.data.balancing", "PSO.feature.selection", "PSO.valid.acc", 
"PSO.test.acc", "PSO.train.time", "PSO.n.support.vectors", "PSO.index", 
"PSO.n.solutions", "PSO.generations", "PSO.n.evaluations", "PSO.cpu.time", 
"RS.cost", "RS.gamma", "RS.data.balancing", "RS.feature.selection", 
"RS.valid.acc", "RS.test.acc", "RS.train.time", "RS.n.support.vectors", 
"RS.index", "RS.n.solutions", "RS.generations", "RS.n.evaluations", 
"RS.cpu.time", "DF.cost", "DF.gamma", "DF.data.balancing", "DF.feature.selection", 
"DF.valid.acc", "DF.test.acc", "DF.train.time", "DF.n.support.vectors", 
"DF.index", "DF.n.solutions", "DF.generations", "DF.n.evaluations", 
"DF.cpu.time")))
