full <-
structure(c(50, 55, 60, 65, 70, 75, 80, 85, 90, 95, 100, 0.44633, 
0.69969, 0.95841, 1.2937, 3.66746, 0.87154, 1.66021, 0.54483, 
0.32122, 1.22545, 1.91418, -3.43367, -3.42424, -5.05316, -5.14242, 
-6.58866, -4.84164, -5.15408, -3.33714, -3.32379, -5.1275, -5.00307, 
0, 0, 0, 0, 0, 0, 0, 0, 0, 0, 0, 0, 0, 0, 0, 0, 0, 0, 0, 0, 0, 
0, 0.78124, 0.76276, 0.77603, 0.77627, 0.75938, 0.78065, 0.78704, 
0.78546, 0.78175, 0.77851, 0.79536, 0.75704, 0.74448, 0.75589, 
0.77171, 0.76066, 0.78204, 0.77949, 0.78068, 0.765, 0.77218, 
0.78943, 0.1127, 0.1316, 0.114, 0.1392, 0.1586, 0.1799, 0.1999, 
0.2849, 0.3154, 0.2694, 0.3046, 355.9, 389.5, 316.8, 348.9, 343.5, 
399, 421.9, 595, 627.6, 494.1, 518.1, 1035, 1593, 560, 1931, 
356, 1170, 621, 1161, 1329, 1943, 365, 149, 32, 131, 1, 44, 49, 
188, 44, 33, 12, 376, 100, 100, 100, 100, 100, 100, 100, 100, 
100, 100, 100, 2500, 2500, 2500, 2500, 2500, 2500, 2500, 2500, 
2500, 2500, 2500, 9120.348, 9453.964, 9101.392, 15630.363, 15307.966, 
12219.262, 11830.767, 13539.333, 13982.079, 14955.283, 15415.384, 
0.38819, 0.79009, 0.94471, 4.28495, 0.18901, 1.31944, 0.25486, 
0.46985, 14.82388, 0.41838, 1.94738, -3.57396, -3.55875, -4.99839, 
-7.13196, -3.52054, -5.22475, -4.06038, -3.31587, -12.6364, -4.44103, 
-5.17951, 0, 0, 0, 0, 0, 0, 0, 0, 0, 0, 0, 0, 0, 0, 0, 0, 0, 
0, 0, 0, 0, 0, 0.77924, 0.76276, 0.771, 0.77786, 0.76511, 0.78063, 
0.78323, 0.78309, 0.77842, 0.77539, 0.78836, 0.75704, 0.74633, 
0.75592, 0.76709, 0.7535, 0.77941, 0.77448, 0.78421, 0.76727, 
0.76374, 0.79143, 0.1102, 0.1306, 0.1136, 0.1401, 0.1957, 0.1799, 
0.2209, 0.2962, 1.0978, 0.2837, 0.3107, 343.3, 375.8, 319.2, 
320.7, 475.7, 388, 479, 596.9, 425.2, 530.6, 510.6, 1439, 2345, 
1792, 727, 280, 1216, 1146, 2271, 533, 1125, 735, 1, 1, 1, 1, 
1, 1, 1, 1, 1, 1, 1, 100, 100, 100, 100, 100, 100, 100, 100, 
100, 100, 100, 2500, 2500, 2500, 2500, 2500, 2500, 2500, 2500, 
2500, 2500, 2500, 9630.854, 10125.788, 10886.133, 12388.621, 
13360.535, 14681.277, 15175.516, 16400.028, 18658.435, 19250.837, 
20958.849, 1, 1, 1, 1, 1, 1, 1, 1, 1, 1, 1, 0.05, 0.05, 0.05, 
0.05, 0.05, 0.05, 0.05, 0.05, 0.05, 0.05, 0.05, 0, 0, 0, 0, 0, 
0, 0, 0, 0, 0, 0, 0, 0, 0, 0, 0, 0, 0, 0, 0, 0, 0, 0.7532, 0.74094, 
0.75258, 0.75772, 0.7536, 0.76732, 0.76195, 0.75942, 0.76837, 
0.76482, 0.76729, 0.74508, 0.75182, 0.75078, 0.75772, 0.74923, 
0.77269, 0.76195, 0.75711, 0.76726, 0.76375, 0.76327, 0.0901, 
0.1082, 0.1191, 0.1466, 0.1694, 0.1871, 0.2085, 0.2371, 0.2641, 
0.284, 0.3054, 293.9, 315.3, 344.7, 378.5, 403.6, 425.7, 456.7, 
479.4, 506, 535.6, 555.5, 1, 1, 1, 1, 1, 1, 1, 1, 1, 1, 1, 1, 
1, 1, 1, 1, 1, 1, 1, 1, 1, 1, 1, 1, 1, 1, 1, 1, 1, 1, 1, 1, 1, 
1, 1, 1, 1, 1, 1, 1, 1, 1, 1, 1, 3.222, 3.545, 3.457, 4.008, 
4.355, 4.459, 4.675, 5, 5.24, 5.337, 5.67), .Dim = c(11L, 40L
), .Dimnames = list(NULL, c("Sampling", "PSO.cost", "PSO.gamma", 
"PSO.data.balancing", "PSO.feature.selection", "PSO.valid.acc", 
"PSO.test.acc", "PSO.train.time", "PSO.n.support.vectors", "PSO.index", 
"PSO.n.solutions", "PSO.generations", "PSO.n.evaluations", "PSO.cpu.time", 
"RS.cost", "RS.gamma", "RS.data.balancing", "RS.feature.selection", 
"RS.valid.acc", "RS.test.acc", "RS.train.time", "RS.n.support.vectors", 
"RS.index", "RS.n.solutions", "RS.generations", "RS.n.evaluations", 
"RS.cpu.time", "DF.cost", "DF.gamma", "DF.data.balancing", "DF.feature.selection", 
"DF.valid.acc", "DF.test.acc", "DF.train.time", "DF.n.support.vectors", 
"DF.index", "DF.n.solutions", "DF.generations", "DF.n.evaluations", 
"DF.cpu.time")))
