full <-
structure(c(50, 55, 60, 65, 70, 75, 80, 85, 90, 95, 100, 2.84663, 
14.55634, 0.82936, 1.81986, 3.4047, 0.98569, 0.37131, 0.65365, 
2.56018, 0.73117, 0.57074, -6.09369, -12.09704, -3.79648, -4.61349, 
-6.2546, -4.19917, -4.07501, -4.50495, -5.88748, -4.55274, -3.85705, 
0, 0, 0, 0, 0, 0, 0, 0, 0, 0, 0, 0, 0, 0, 0, 0, 0, 0, 0, 0, 0, 
0, 0.78925, 0.79938, 0.79766, 0.7685, 0.77942, 0.79146, 0.79075, 
0.78185, 0.7873, 0.79537, 0.79249, 0.77725, 0.78278, 0.77766, 
0.7686, 0.77366, 0.78474, 0.777, 0.7771, 0.78619, 0.78688, 0.78645, 
0.0844, 0.5075, 0.1419, 0.1512, 0.1595, 0.1999, 0.2172, 0.2234, 
0.2398, 0.2726, 0.3436, 241, 252.9, 376.6, 360.1, 342.5, 440.7, 
473.2, 469.8, 444, 512.8, 612, 1323, 265, 1040, 1647, 1376, 607, 
1647, 1224, 1326, 592, 1253, 50, 26, 90, 1, 34, 104, 76, 16, 
13, 318, 46, 100, 100, 100, 100, 100, 100, 100, 100, 100, 100, 
100, 2500, 2500, 2500, 2500, 2500, 2500, 2500, 2500, 2500, 2500, 
2500, 8870.505, 12954.693, 10723.864, 10512.837, 11106.696, 11660.246, 
13140.917, 13475.508, 13282.202, 13398.827, 15667.81, 1.89242, 
8.48621, 0.75361, 1.83576, 1.25942, 1.11201, 0.43692, 0.45282, 
2.1868, 0.97442, 0.5019, -5.39895, -9.01414, -3.86542, -4.62637, 
-4.70934, -4.29733, -4.37758, -4.28917, -5.70127, -4.74289, -3.72397, 
0, 0, 0, 0, 0, 0, 0, 0, 0, 0, 0, 0, 0, 0, 0, 0, 0, 0, 0, 0, 0, 
0, 0.78529, 0.79935, 0.79432, 0.7685, 0.7794, 0.78614, 0.7845, 
0.7795, 0.78621, 0.79536, 0.79048, 0.79125, 0.78093, 0.77932, 
0.7686, 0.78079, 0.78341, 0.77452, 0.78064, 0.78618, 0.79006, 
0.78445, 0.0871, 0.1465, 0.1369, 0.1434, 0.1671, 0.1918, 0.2053, 
0.2353, 0.2408, 0.2635, 0.3427, 251.6, 255.4, 369.8, 359.8, 385.1, 
434.8, 450.9, 484.7, 449.4, 501.7, 628, 1641, 335, 223, 1486, 
19, 2121, 1144, 2194, 225, 918, 1425, 1, 1, 2, 1, 2, 1, 1, 1, 
1, 1, 1, 100, 100, 100, 100, 100, 100, 100, 100, 100, 100, 100, 
2500, 2500, 2500, 2500, 2500, 2500, 2500, 2500, 2500, 2500, 2500, 
9600.612, 10416.604, 11255.801, 12050.881, 13243.632, 14422.599, 
15153.208, 16741.346, 17904.423, 19075.944, 21535.776, 1, 1, 
1, 1, 1, 1, 1, 1, 1, 1, 1, 0.05, 0.05, 0.05, 0.05, 0.05, 0.05, 
0.05, 0.05, 0.05, 0.05, 0.05, 0, 0, 0, 0, 0, 0, 0, 0, 0, 0, 0, 
0, 0, 0, 0, 0, 0, 0, 0, 0, 0, 0, 0.77116, 0.75544, 0.76257, 0.7515, 
0.76075, 0.76067, 0.76569, 0.76179, 0.7728, 0.7669, 0.76732, 
0.75704, 0.76096, 0.7676, 0.75929, 0.75646, 0.7647, 0.7607, 0.76651, 
0.77837, 0.77642, 0.77137, 0.0926, 0.1028, 0.127, 0.1358, 0.1626, 
0.1867, 0.2109, 0.2294, 0.2556, 0.2822, 0.306, 280.8, 312.8, 
335.3, 365.6, 400.3, 426.5, 452.9, 478.2, 502.9, 525, 557.4, 
1, 1, 1, 1, 1, 1, 1, 1, 1, 1, 1, 1, 1, 1, 1, 1, 1, 1, 1, 1, 1, 
1, 1, 1, 1, 1, 1, 1, 1, 1, 1, 1, 1, 1, 1, 1, 1, 1, 1, 1, 1, 1, 
1, 1, 3.542, 3.427, 3.836, 3.732, 4.159, 4.408, 4.671, 4.871, 
5.163, 5.451, 5.71), .Dim = c(11L, 40L), .Dimnames = list(NULL, 
    c("Sampling", "PSO.cost", "PSO.gamma", "PSO.data.balancing", 
    "PSO.feature.selection", "PSO.valid.acc", "PSO.test.acc", 
    "PSO.train.time", "PSO.n.support.vectors", "PSO.index", "PSO.n.solutions", 
    "PSO.generations", "PSO.n.evaluations", "PSO.cpu.time", "RS.cost", 
    "RS.gamma", "RS.data.balancing", "RS.feature.selection", 
    "RS.valid.acc", "RS.test.acc", "RS.train.time", "RS.n.support.vectors", 
    "RS.index", "RS.n.solutions", "RS.generations", "RS.n.evaluations", 
    "RS.cpu.time", "DF.cost", "DF.gamma", "DF.data.balancing", 
    "DF.feature.selection", "DF.valid.acc", "DF.test.acc", "DF.train.time", 
    "DF.n.support.vectors", "DF.index", "DF.n.solutions", "DF.generations", 
    "DF.n.evaluations", "DF.cpu.time")))
