full <-
structure(c(50, 55, 60, 65, 70, 75, 80, 85, 90, 95, 100, 1.37506, 
1.14508, 0.62638, 0.95875, 1.82321, 0.09555, 1.77621, 0.91628, 
1.15773, 0.356, 1.36297, -5.39836, -5.01566, -4.51747, -4.40703, 
-4.63934, -3.44404, -5.091, -4.33666, -4.8769, -3.41794, -4.77319, 
0, 0, 0, 0, 0, 0, 0, 0, 0, 0, 0, 0, 0, 0, 0, 0, 0, 0, 0, 0, 0, 
0, 0.78902, 0.78652, 0.77606, 0.79161, 0.78072, 0.7808, 0.78951, 
0.78531, 0.77721, 0.7785, 0.79646, 0.76706, 0.79029, 0.75928, 
0.78238, 0.76055, 0.7674, 0.77951, 0.78181, 0.77609, 0.76693, 
0.7854, 0.0852, 0.0998, 0.1264, 0.1512, 0.1657, 0.2239, 0.2037, 
0.2422, 0.2537, 0.3269, 0.294, 264.1, 295.9, 346, 377.3, 398.5, 
514.6, 421.4, 491.3, 480.9, 645, 533.1, 1367, 2040, 941, 1362, 
2417, 1107, 443, 1343, 804, 1112, 497, 70, 2, 36, 110, 1, 171, 
320, 89, 154, 22, 77, 100, 100, 100, 100, 100, 100, 100, 100, 
100, 100, 100, 2500, 2500, 2500, 2500, 2500, 2500, 2500, 2500, 
2500, 2500, 2500, 8868.226, 9256.924, 12773.484, 10903.94, 11285.904, 
12046.131, 12034.772, 13023.678, 12957.561, 14076.042, 14116.439, 
1.95626, 1.2743, 0.57117, 0.85299, 0.38982, 0.09887, 1.82032, 
0.74725, 0.89085, 0.47078, 2.02709, -5.88509, -5.13549, -4.45676, 
-4.65644, -3.28908, -3.73421, -5.23573, -4.72835, -4.4893, -3.71193, 
-5.17103, 0, 0, 0, 0, 0, 0, 0, 0, 0, 0, 0, 0, 0, 0, 0, 0, 0, 
0, 0, 0, 0, 0, 0.77902, 0.78285, 0.77439, 0.78546, 0.78064, 0.77408, 
0.78823, 0.78179, 0.77274, 0.77534, 0.79346, 0.76302, 0.79029, 
0.76095, 0.78856, 0.76621, 0.77273, 0.78199, 0.77356, 0.76941, 
0.77432, 0.78242, 0.0904, 0.1044, 0.1328, 0.1372, 0.1979, 0.2061, 
0.2027, 0.2256, 0.261, 0.3107, 0.2868, 256, 291.9, 349.6, 365.2, 
505.9, 479.2, 417.2, 461.1, 503.4, 602.3, 511.4, 1876, 2241, 
923, 412, 554, 1143, 1103, 1314, 2416, 1240, 1014, 1, 1, 1, 1, 
1, 2, 1, 2, 1, 1, 1, 100, 100, 100, 100, 100, 100, 100, 100, 
100, 100, 100, 2500, 2500, 2500, 2500, 2500, 2500, 2500, 2500, 
2500, 2500, 2500, 9885.612, 10546.651, 11415.645, 12384.15, 13219.855, 
13945.096, 15149.961, 16478.722, 18085.353, 18751.312, 21025.964, 
1, 1, 1, 1, 1, 1, 1, 1, 1, 1, 1, 0.05, 0.05, 0.05, 0.05, 0.05, 
0.05, 0.05, 0.05, 0.05, 0.05, 0.05, 0, 0, 0, 0, 0, 0, 0, 0, 0, 
0, 0, 0, 0, 0, 0, 0, 0, 0, 0, 0, 0, 0, 0.75506, 0.77561, 0.75261, 
0.76231, 0.75639, 0.76603, 0.76695, 0.76293, 0.75609, 0.76585, 
0.76132, 0.75102, 0.76652, 0.75261, 0.76385, 0.75355, 0.76342, 
0.76445, 0.76531, 0.76386, 0.76692, 0.76128, 0.0935, 0.1053, 
0.1292, 0.1514, 0.1694, 0.1864, 0.2098, 0.2327, 0.2543, 0.2826, 
0.3052, 294.8, 320.5, 353.1, 377.9, 407, 427.5, 456.4, 484.3, 
510, 536.5, 555.9, 1, 1, 1, 1, 1, 1, 1, 1, 1, 1, 1, 1, 1, 1, 
1, 1, 1, 1, 1, 1, 1, 1, 1, 1, 1, 1, 1, 1, 1, 1, 1, 1, 1, 1, 1, 
1, 1, 1, 1, 1, 1, 1, 1, 1, 3.517, 3.474, 3.9, 4.122, 4.288, 4.312, 
4.665, 4.91, 5.06, 5.374, 5.645), .Dim = c(11L, 40L), .Dimnames = list(
    NULL, c("Sampling", "PSO.cost", "PSO.gamma", "PSO.data.balancing", 
    "PSO.feature.selection", "PSO.valid.acc", "PSO.test.acc", 
    "PSO.train.time", "PSO.n.support.vectors", "PSO.index", "PSO.n.solutions", 
    "PSO.generations", "PSO.n.evaluations", "PSO.cpu.time", "RS.cost", 
    "RS.gamma", "RS.data.balancing", "RS.feature.selection", 
    "RS.valid.acc", "RS.test.acc", "RS.train.time", "RS.n.support.vectors", 
    "RS.index", "RS.n.solutions", "RS.generations", "RS.n.evaluations", 
    "RS.cpu.time", "DF.cost", "DF.gamma", "DF.data.balancing", 
    "DF.feature.selection", "DF.valid.acc", "DF.test.acc", "DF.train.time", 
    "DF.n.support.vectors", "DF.index", "DF.n.solutions", "DF.generations", 
    "DF.n.evaluations", "DF.cpu.time")))
