full <-
structure(c(50, 55, 60, 65, 70, 75, 80, 85, 90, 95, 100, 3.79407, 
14.78488, 0.74665, 10.52082, 2.08082, 0.12697, 0.87349, 0.39305, 
0.79323, 0.5235, 0.91252, -7.1741, -2.8134, -3.0749, -2.8006, 
-5.61696, -3.23243, -4.59197, -4.12158, -4.14517, -3.25146, -4.65403, 
0, 0, 0, 0, 0, 0, 0, 0, 0, 0, 0, 0, 0, 0, 0, 0, 0, 0, 0, 0, 0, 
0, 0.743, 0.75372, 0.776, 0.75166, 0.75354, 0.75937, 0.7708, 
0.77716, 0.79392, 0.7848, 0.78841, 0.73684, 0.75011, 0.75586, 
0.73942, 0.7493, 0.754, 0.76578, 0.76536, 0.78622, 0.77422, 0.78639, 
0.0944, 0.1411, 0.1631, 0.1987, 0.1671, 0.237, 0.2189, 0.2415, 
0.2661, 0.3511, 0.3011, 264.2, 435.7, 458.1, 513.1, 383.7, 550.2, 
463.6, 510.3, 530.7, 671, 538.9, 277, 549, 2191, 344, 1444, 1011, 
1028, 839, 2192, 1383, 437, 21, 300, 5, 1104, 21, 52, 321, 49, 
11, 31, 273, 100, 100, 100, 100, 100, 100, 100, 100, 100, 100, 
100, 2500, 2500, 2500, 2500, 2500, 2500, 2500, 2500, 2500, 2500, 
2500, 11396.802, 10087.176, 10512.308, 11512.456, 10853.566, 
12292.119, 12565.388, 12875.114, 14591.391, 14669.893, 14069.989, 
2.735, 11.70863, 0.57484, 7.70269, 2.84456, 0.29969, 0.67309, 
0.09453, 0.90489, 0.70867, 0.86991, -6.40462, -2.74901, -3.0871, 
-2.79902, -6.09409, -3.06663, -3.51529, -3.42294, -4.67841, -3.29369, 
-4.62887, 0, 0, 0, 0, 0, 0, 0, 0, 0, 0, 0, 0, 0, 0, 0, 0, 0, 
0, 0, 0, 0, 0, 0.73896, 0.75368, 0.76928, 0.75166, 0.7507, 0.75398, 
0.76692, 0.77249, 0.78719, 0.78057, 0.78841, 0.73275, 0.74823, 
0.76092, 0.73788, 0.74787, 0.754, 0.75688, 0.76771, 0.78617, 
0.77103, 0.78339, 0.0892, 0.141, 0.1633, 0.198, 0.1619, 0.2387, 
0.2564, 0.2746, 0.2496, 0.3496, 0.3045, 269, 437.3, 456.4, 513.1, 
375.5, 566.9, 557, 586.2, 491.8, 667.4, 539.7, 1464, 502, 1474, 
179, 562, 571, 2269, 522, 1636, 1972, 1093, 1, 3, 1, 2, 1, 1, 
1, 2, 1, 1, 1, 100, 100, 100, 100, 100, 100, 100, 100, 100, 100, 
100, 2500, 2500, 2500, 2500, 2500, 2500, 2500, 2500, 2500, 2500, 
2500, 10087.406, 10571.46, 11749.148, 12923.477, 14251.82, 14619.302, 
15803.748, 17278.115, 17313.893, 19055.101, 20433.586, 1, 1, 
1, 1, 1, 1, 1, 1, 1, 1, 1, 0.05, 0.05, 0.05, 0.05, 0.05, 0.05, 
0.05, 0.05, 0.05, 0.05, 0.05, 0, 0, 0, 0, 0, 0, 0, 0, 0, 0, 0, 
0, 0, 0, 0, 0, 0, 0, 0, 0, 0, 0, 0.73084, 0.73355, 0.7325, 0.72692, 
0.72776, 0.73528, 0.75191, 0.75946, 0.7572, 0.75952, 0.75929, 
0.73288, 0.73534, 0.73247, 0.72855, 0.72634, 0.73266, 0.74564, 
0.76298, 0.76387, 0.75739, 0.75827, 0.0967, 0.1103, 0.1345, 0.1548, 
0.1729, 0.1941, 0.2178, 0.2316, 0.2568, 0.2765, 0.3077, 305.8, 
330, 361.7, 393, 426.3, 455, 475.8, 492.4, 511.4, 532.3, 559.8, 
1, 1, 1, 1, 1, 1, 1, 1, 1, 1, 1, 1, 1, 1, 1, 1, 1, 1, 1, 1, 1, 
1, 1, 1, 1, 1, 1, 1, 1, 1, 1, 1, 1, 1, 1, 1, 1, 1, 1, 1, 1, 1, 
1, 1, 3.57, 3.551, 3.95, 4.15, 4.348, 4.453, 4.834, 4.896, 5.096, 
5.338, 5.734), .Dim = c(11L, 40L), .Dimnames = list(NULL, c("Sampling", 
"PSO.cost", "PSO.gamma", "PSO.data.balancing", "PSO.feature.selection", 
"PSO.valid.acc", "PSO.test.acc", "PSO.train.time", "PSO.n.support.vectors", 
"PSO.index", "PSO.n.solutions", "PSO.generations", "PSO.n.evaluations", 
"PSO.cpu.time", "RS.cost", "RS.gamma", "RS.data.balancing", "RS.feature.selection", 
"RS.valid.acc", "RS.test.acc", "RS.train.time", "RS.n.support.vectors", 
"RS.index", "RS.n.solutions", "RS.generations", "RS.n.evaluations", 
"RS.cpu.time", "DF.cost", "DF.gamma", "DF.data.balancing", "DF.feature.selection", 
"DF.valid.acc", "DF.test.acc", "DF.train.time", "DF.n.support.vectors", 
"DF.index", "DF.n.solutions", "DF.generations", "DF.n.evaluations", 
"DF.cpu.time")))
