full <-
structure(c(50, 55, 60, 65, 70, 75, 80, 85, 90, 95, 100, 0.38691, 
1.08038, 0.25442, 9.81731, 0.04172, -0.06161, 0.78699, 0.35449, 
0.2841, 2.39391, 0.67222, -3.34412, -4.48892, -4.35407, -10.03756, 
-4.12908, -3.53934, -4.5405, -3.76976, -3.39153, -5.12461, -4.55454, 
0, 0, 0, 0, 0, 0, 0, 0, 0, 0, 0, 0, 0, 0, 0, 0, 0, 0, 0, 0, 0, 
0, 0.76919, 0.77397, 0.78263, 0.77331, 0.78229, 0.77407, 0.77824, 
0.77705, 0.77512, 0.77637, 0.79036, 0.76106, 0.76657, 0.77093, 
0.75006, 0.77225, 0.77272, 0.77074, 0.77702, 0.7751, 0.76267, 
0.78534, 0.1106, 0.1058, 0.1218, 0.2095, 0.1672, 0.2127, 0.2037, 
0.2501, 0.3024, 0.2869, 0.3052, 363.9, 306, 333.5, 307.2, 408.2, 
487.9, 441.7, 524, 611, 499.6, 545.3, 1689, 1780, 1310, 761, 
2095, 926, 2397, 521, 765, 2376, 2483, 7, 18, 211, 54, 4, 142, 
1, 506, 103, 1, 1, 100, 100, 100, 100, 100, 100, 100, 100, 100, 
100, 100, 2500, 2500, 2500, 2500, 2500, 2500, 2500, 2500, 2500, 
2500, 2500, 8802.614, 9714.773, 9204.902, 12648.256, 10927.803, 
11217.081, 11288.905, 12528.853, 13223.745, 18179.147, 21812.957, 
0.15418, -0.29325, 0.04301, 12.76072, -0.12714, 0.00219, 0.89768, 
0.60744, 0.18592, 2.19947, 0.64303, -3.91987, -3.45936, -4.0619, 
-11.46003, -3.84797, -3.37191, -4.65131, -4.59471, -3.37794, 
-5.0567, -4.21559, 0, 0, 0, 0, 0, 0, 0, 0, 0, 0, 0, 0, 0, 0, 
0, 0, 0, 0, 0, 0, 0, 0, 0.76711, 0.77202, 0.77929, 0.77328, 0.77943, 
0.77141, 0.77323, 0.77353, 0.77288, 0.77428, 0.78736, 0.7611, 
0.7665, 0.7759, 0.75468, 0.77227, 0.77139, 0.76948, 0.76761, 
0.76843, 0.76796, 0.78332, 0.0975, 0.1191, 0.1202, 0.3695, 0.1681, 
0.2226, 0.1941, 0.2221, 0.3067, 0.2854, 0.3136, 312.8, 375.3, 
351.1, 304.9, 428.3, 514.3, 437, 456.2, 611.6, 501.5, 574.3, 
940, 1487, 1616, 729, 642, 1089, 1052, 277, 2290, 1502, 1073, 
1, 1, 1, 2, 2, 1, 1, 1, 1, 1, 1, 100, 100, 100, 100, 100, 100, 
100, 100, 100, 100, 100, 2500, 2500, 2500, 2500, 2500, 2500, 
2500, 2500, 2500, 2500, 2500, 9624.692, 10346.102, 11070.265, 
11733.586, 12586.386, 13730.574, 15009.623, 16272.685, 18088.815, 
21660.938, 22613.302, 1, 1, 1, 1, 1, 1, 1, 1, 1, 1, 1, 0.05, 
0.05, 0.05, 0.05, 0.05, 0.05, 0.05, 0.05, 0.05, 0.05, 0.05, 0, 
0, 0, 0, 0, 0, 0, 0, 0, 0, 0, 0, 0, 0, 0, 0, 0, 0, 0, 0, 0, 0, 
0.75502, 0.76646, 0.77257, 0.77013, 0.77941, 0.76872, 0.7594, 
0.76646, 0.76288, 0.7595, 0.7653, 0.74898, 0.76835, 0.7676, 0.76076, 
0.76359, 0.76867, 0.75437, 0.76409, 0.75725, 0.75847, 0.77028, 
0.0907, 0.1003, 0.1158, 0.1353, 0.1538, 0.179, 0.2081, 0.2153, 
0.2524, 0.2822, 0.3101, 290.9, 311.5, 333.4, 368.7, 393.7, 417.2, 
452.3, 468.7, 504.9, 535.4, 560, 1, 1, 1, 1, 1, 1, 1, 1, 1, 1, 
1, 1, 1, 1, 1, 1, 1, 1, 1, 1, 1, 1, 1, 1, 1, 1, 1, 1, 1, 1, 1, 
1, 1, 1, 1, 1, 1, 1, 1, 1, 1, 1, 1, 1, 3.3, 3.352, 3.485, 3.64, 
3.835, 4.229, 4.574, 4.523, 5.065, 6.291, 6.53), .Dim = c(11L, 
40L), .Dimnames = list(NULL, c("Sampling", "PSO.cost", "PSO.gamma", 
"PSO.data.balancing", "PSO.feature.selection", "PSO.valid.acc", 
"PSO.test.acc", "PSO.train.time", "PSO.n.support.vectors", "PSO.index", 
"PSO.n.solutions", "PSO.generations", "PSO.n.evaluations", "PSO.cpu.time", 
"RS.cost", "RS.gamma", "RS.data.balancing", "RS.feature.selection", 
"RS.valid.acc", "RS.test.acc", "RS.train.time", "RS.n.support.vectors", 
"RS.index", "RS.n.solutions", "RS.generations", "RS.n.evaluations", 
"RS.cpu.time", "DF.cost", "DF.gamma", "DF.data.balancing", "DF.feature.selection", 
"DF.valid.acc", "DF.test.acc", "DF.train.time", "DF.n.support.vectors", 
"DF.index", "DF.n.solutions", "DF.generations", "DF.n.evaluations", 
"DF.cpu.time")))
