full <-
structure(c(50, 55, 60, 65, 70, 75, 80, 85, 90, 95, 100, 0.59432, 
0.65363, 3.79046, 0.45604, 0.516, 4.7137, 0.45923, 1.18152, 0.74889, 
4.84134, 0.00164, -3.83347, -4.40687, -6.60426, -4.22417, -4.17935, 
-7.48092, -4.28284, -4.43191, -4.29656, -6.87596, -3.62467, 0, 
0, 0, 0, 0, 0, 0, 0, 0, 0, 0, 0, 0, 0, 0, 0, 0, 0, 0, 0, 0, 0, 
0.79125, 0.80488, 0.78932, 0.78853, 0.79362, 0.78346, 0.78956, 
0.78534, 0.78956, 0.78048, 0.78334, 0.76304, 0.79024, 0.77607, 
0.77627, 0.79072, 0.75268, 0.77956, 0.77601, 0.77507, 0.77944, 
0.77734, 0.1061, 0.1106, 0.1147, 0.1465, 0.1677, 0.1807, 0.2096, 
0.2329, 0.2571, 0.2821, 0.3493, 324.2, 310.3, 288.2, 377.1, 408.4, 
352.4, 453.1, 474.7, 504.5, 450.4, 634.2, 797, 432, 1006, 524, 
1794, 1307, 1050, 770, 1319, 893, 457, 264, 58, 35, 196, 21, 
59, 383, 245, 54, 42, 36, 100, 100, 100, 100, 100, 100, 100, 
100, 100, 100, 100, 2500, 2500, 2500, 2500, 2500, 2500, 2500, 
2500, 2500, 2500, 2500, 8830.61, 8832.624, 9376.173, 10379.258, 
11000.953, 15919.437, 11967.602, 12387.473, 14275.412, 17467.041, 
17428.603, 0.57263, 0.45834, 8.72126, 0.43906, 1.74762, 5.60895, 
0.25968, 1.43243, 1.11171, 11.06553, 0.03713, -3.80657, -4.07057, 
-9.4504, -4.22636, -5.28843, -7.9851, -3.85424, -4.67378, -4.57337, 
-9.88244, -3.49865, 0, 0, 0, 0, 0, 0, 0, 0, 0, 0, 0, 0, 0, 0, 
0, 0, 0, 0, 0, 0, 0, 0, 0.78729, 0.80303, 0.78766, 0.787, 0.78791, 
0.78079, 0.787, 0.78178, 0.78734, 0.77943, 0.77932, 0.76304, 
0.7902, 0.77107, 0.77627, 0.7836, 0.75135, 0.77957, 0.77832, 
0.77618, 0.76994, 0.77734, 0.1032, 0.1073, 0.1583, 0.1474, 0.1535, 
0.1856, 0.2188, 0.2272, 0.254, 0.7086, 0.3576, 325.3, 328.8, 
281.4, 377, 359.3, 351, 489, 460.7, 488.1, 425.8, 653.3, 554, 
620, 1457, 1343, 1366, 309, 726, 2231, 815, 2293, 439, 1, 3, 
2, 1, 1, 2, 1, 1, 1, 1, 2, 100, 100, 100, 100, 100, 100, 100, 
100, 100, 100, 100, 2500, 2500, 2500, 2500, 2500, 2500, 2500, 
2500, 2500, 2500, 2500, 9430.472, 10238.016, 10987.231, 12031.505, 
12969.986, 13792.433, 15199.843, 16327.459, 17950.793, 19301.569, 
21164.553, 1, 1, 1, 1, 1, 1, 1, 1, 1, 1, 1, 0.05, 0.05, 0.05, 
0.05, 0.05, 0.05, 0.05, 0.05, 0.05, 0.05, 0.05, 0, 0, 0, 0, 0, 
0, 0, 0, 0, 0, 0, 0, 0, 0, 0, 0, 0, 0, 0, 0, 0, 0, 0.76512, 0.7829, 
0.77429, 0.76853, 0.76497, 0.77268, 0.77457, 0.77007, 0.76391, 
0.7605, 0.7723, 0.76312, 0.7738, 0.76766, 0.76697, 0.76499, 0.76732, 
0.77199, 0.76536, 0.76609, 0.76474, 0.76832, 0.0928, 0.1092, 
0.1243, 0.1409, 0.1571, 0.1824, 0.1967, 0.229, 0.2502, 0.2784, 
0.2998, 292.2, 310.5, 340.1, 368.8, 395.1, 418.4, 447.2, 471.6, 
499.6, 535.5, 556.6, 1, 1, 1, 1, 1, 1, 1, 1, 1, 1, 1, 1, 1, 1, 
1, 1, 1, 1, 1, 1, 1, 1, 1, 1, 1, 1, 1, 1, 1, 1, 1, 1, 1, 1, 1, 
1, 1, 1, 1, 1, 1, 1, 1, 1, 3.304, 3.654, 3.777, 3.877, 3.989, 
4.374, 4.355, 4.864, 4.979, 5.321, 5.59), .Dim = c(11L, 40L), .Dimnames = list(
    NULL, c("Sampling", "PSO.cost", "PSO.gamma", "PSO.data.balancing", 
    "PSO.feature.selection", "PSO.valid.acc", "PSO.test.acc", 
    "PSO.train.time", "PSO.n.support.vectors", "PSO.index", "PSO.n.solutions", 
    "PSO.generations", "PSO.n.evaluations", "PSO.cpu.time", "RS.cost", 
    "RS.gamma", "RS.data.balancing", "RS.feature.selection", 
    "RS.valid.acc", "RS.test.acc", "RS.train.time", "RS.n.support.vectors", 
    "RS.index", "RS.n.solutions", "RS.generations", "RS.n.evaluations", 
    "RS.cpu.time", "DF.cost", "DF.gamma", "DF.data.balancing", 
    "DF.feature.selection", "DF.valid.acc", "DF.test.acc", "DF.train.time", 
    "DF.n.support.vectors", "DF.index", "DF.n.solutions", "DF.generations", 
    "DF.n.evaluations", "DF.cpu.time")))
