full <-
structure(c(50, 55, 60, 65, 70, 75, 80, 85, 90, 95, 100, 11.79794, 
14.93756, 14.61513, 15, 11.17051, 1.09168, 14.14533, 15, 14.07298, 
9.59461, 14.01819, -10.96554, -14.90717, -10.45812, -11.01022, 
-6.64613, -2.17229, -11.2462, -12.03728, -11.22401, -6.60355, 
-9.49594, 0, 0, 0, 0, 0, 0, 0, 0, 0, 0, 0, 0, 0, 0, 0, 0, 0, 
0, 0, 0, 0, 0, 1, 0.99333, 0.98083, 0.99412, 0.98392, 0.98548, 
0.98591, 0.98636, 0.98333, 0.98783, 0.98476, 1, 0.98619, 0.96083, 
0.98268, 0.96725, 0.97521, 0.98139, 0.97747, 0.97464, 0.97983, 
0.98476, 0.0094, 0.0094, 0.0098, 0.01, 0.0106, 0.0111, 0.011, 
0.011, 0.0111, 0.0111, 0.012, 8.3, 11.9, 7.2, 8.1, 8.2, 22.6, 
10.8, 10.6, 10.9, 10.8, 10, 458, 65, 5, 122, 138, 1938, 143, 
68, 12, 168, 230, 43, 626, 445, 569, 667, 23, 533, 857, 1356, 
67, 231, 100, 100, 100, 100, 100, 100, 100, 100, 100, 100, 100, 
2500, 2500, 2500, 2500, 2500, 2500, 2500, 2500, 2500, 2500, 2500, 
6857.764, 6816.445, 6934.174, 6853.131, 6741.45, 6769.80799999999, 
6751.44900000001, 6676.64, 6606.481, 6713.13499999999, 6747.361, 
12.92149, 14.66728, 9.99987, 12.75357, 10.56666, 1.01297, 13.78192, 
9.95, 14.04618, 10.10769, 7.47211, -12.10175, -14.23494, -10.9122, 
-8.51615, -5.98322, -1.93844, -10.88239, -7.35694, -11.16883, 
-7.05925, -3.66744, 0, 0, 0, 0, 0, 0, 0, 0, 0, 0, 0, 0, 0, 0, 
0, 0, 0, 0, 0, 0, 0, 0, 1, 0.99333, 0.98083, 0.98856, 0.98392, 
0.98071, 0.98591, 0.98636, 0.98333, 0.98783, 0.98462, 1, 0.98619, 
0.96828, 0.98268, 0.96725, 0.97997, 0.98139, 0.97747, 0.97464, 
0.97983, 0.97692, 0.0094, 0.009, 0.0096, 0.0101, 0.0103, 0.011, 
0.0111, 0.0109, 0.0114, 0.0115, 0.0115, 8.3, 11.2, 13, 8, 7.9, 
23.8, 10.7, 11, 10.8, 10.6, 12.7, 629, 3, 1, 205, 226, 327, 45, 
122, 23, 447, 984, 3, 44, 92, 31, 6, 1, 6, 33, 13, 5, 2, 100, 
100, 100, 100, 100, 100, 100, 100, 100, 100, 100, 2500, 2500, 
2500, 2500, 2500, 2500, 2500, 2500, 2500, 2500, 2500, 6772.308, 
6911.661, 6887.88, 6732.181, 6796.8, 6752.52699999999, 6703.189, 
6676.822, 6628.976, 6810.41300000002, 6564.34599999999, 1, 1, 
1, 1, 1, 1, 1, 1, 1, 1, 1, 0.25, 0.25, 0.25, 0.25, 0.25, 0.25, 
0.25, 0.25, 0.25, 0.25, 0.25, 0, 0, 0, 0, 0, 0, 0, 0, 0, 0, 0, 
0, 0, 0, 0, 0, 0, 0, 0, 0, 0, 0, 0.9467, 0.9519, 0.96833, 0.97712, 
0.96199, 0.98048, 0.95777, 0.97312, 0.95779, 0.97199, 0.96225, 
0.9544, 0.9519, 0.96828, 0.9598, 0.96754, 0.96969, 0.96186, 0.96877, 
0.96178, 0.96782, 0.9584, 0.0101, 0.0101, 0.0103, 0.0103, 0.0107, 
0.0112, 0.0108, 0.0117, 0.012, 0.0117, 0.0116, 22.3, 23.7, 23.9, 
25.8, 26.4, 26.6, 28, 28.4, 30.4, 31.9, 32.2, 1, 1, 1, 1, 1, 
1, 1, 1, 1, 1, 1, 1, 1, 1, 1, 1, 1, 1, 1, 1, 1, 1, 1, 1, 1, 1, 
1, 1, 1, 1, 1, 1, 1, 1, 1, 1, 1, 1, 1, 1, 1, 1, 1, 1, 2.651, 
2.746, 2.813, 2.7, 2.676, 2.728, 2.641, 2.667, 2.663, 2.717, 
2.473), .Dim = c(11L, 40L), .Dimnames = list(NULL, c("Sampling", 
"PSO.cost", "PSO.gamma", "PSO.data.balancing", "PSO.feature.selection", 
"PSO.valid.acc", "PSO.test.acc", "PSO.train.time", "PSO.n.support.vectors", 
"PSO.index", "PSO.n.solutions", "PSO.generations", "PSO.n.evaluations", 
"PSO.cpu.time", "RS.cost", "RS.gamma", "RS.data.balancing", "RS.feature.selection", 
"RS.valid.acc", "RS.test.acc", "RS.train.time", "RS.n.support.vectors", 
"RS.index", "RS.n.solutions", "RS.generations", "RS.n.evaluations", 
"RS.cpu.time", "DF.cost", "DF.gamma", "DF.data.balancing", "DF.feature.selection", 
"DF.valid.acc", "DF.test.acc", "DF.train.time", "DF.n.support.vectors", 
"DF.index", "DF.n.solutions", "DF.generations", "DF.n.evaluations", 
"DF.cpu.time")))
