full <-
structure(c(50, 55, 60, 65, 70, 75, 80, 85, 90, 95, 100, 1, 1, 
14.90299, 15, 7.94014, 15, 15, 12.28957, 15, 11.40061, 15, 0.25, 
0.25, -11.76059, -11.17017, -5.73862, -11.08935, -11.62873, -8.47471, 
-10.75, -1.25221, -12.57361, 0, 0, 0, 0, 0, 0, 0, 0, 0, 0, 0, 
0, 0, 0, 0, 0, 0, 0, 0, 0, 0, 0, 0.99231, 0.98667, 0.99412, 0.99444, 
0.98947, 0.995, 0.98591, 0.9913, 0.99167, 0.984, 0.98445, 0.99231, 
0.97952, 0.99412, 0.99444, 0.98392, 0.99, 0.98091, 0.98696, 0.98333, 
0.972, 0.98445, 0.0109, 0.0102, 0.0104, 0.012, 0.0121, 0.0106, 
0.0109, 0.0108, 0.0116, 0.0111, 0.0122, 17.4, 22, 8.5, 7.7, 10.1, 
7.6, 9.1, 9.5, 8.8, 17.2, 12.6, 1, 1, 56, 100, 58, 61, 234, 30, 
66, 37, 198, 349, 137, 1394, 1221, 828, 851, 377, 1124, 982, 
267, 88, 100, 100, 100, 100, 100, 100, 100, 100, 100, 100, 100, 
2500, 2500, 2500, 2500, 2500, 2500, 2500, 2500, 2500, 2500, 2500, 
6868.588, 6659.873, 6628.787, 6642.343, 6693.9, 6724.791, 6753.71500000001, 
6671.73299999999, 6549.03599999999, 6731.554, 6746.25700000001, 
14.23177, 0.51253, 13.17874, 14.62642, 13.17438, 14.96031, 12.62869, 
13.74085, 14.85719, 8.49527, 13.19407, -9.3356, -3.07052, -9.5638, 
-11.0738, -10.2636, -11.67453, -8.20566, -8.89642, -10.57037, 
-1.20312, -5.98258, 0, 0, 0, 0, 0, 0, 0, 0, 0, 0, 0, 0, 0, 0, 
0, 0, 0, 0, 0, 0, 0, 0, 0.99231, 0.98667, 0.99412, 0.99444, 0.98947, 
0.995, 0.98091, 0.9913, 0.99167, 0.984, 0.9809, 0.99231, 0.98667, 
0.99412, 0.99444, 0.98947, 0.995, 0.97139, 0.9913, 0.98333, 0.972, 
0.97321, 0.0105, 0.0098, 0.0095, 0.0107, 0.0107, 0.0105, 0.0109, 
0.0118, 0.0114, 0.011, 0.012, 5.3, 17.6, 7.6, 7.8, 8.4, 8.2, 
8.4, 8.9, 8.8, 17.6, 8.9, 107, 236, 39, 189, 25, 632, 57, 20, 
617, 105, 922, 64, 19, 29, 8, 45, 7, 26, 44, 3, 55, 3, 100, 100, 
100, 100, 100, 100, 100, 100, 100, 100, 100, 2500, 2500, 2500, 
2500, 2500, 2500, 2500, 2500, 2500, 2500, 2500, 6887.769, 6584.222, 
6647.077, 6758.274, 6782.49800000001, 6756.436, 6684.095, 6629.674, 
6612.88, 6794.48700000001, 6353.23300000001, 1, 1, 1, 1, 1, 1, 
1, 1, 1, 1, 1, 0.25, 0.25, 0.25, 0.25, 0.25, 0.25, 0.25, 0.25, 
0.25, 0.25, 0.25, 0, 0, 0, 0, 0, 0, 0, 0, 0, 0, 0, 0, 0, 0, 0, 
0, 0, 0, 0, 0, 0, 0, 0.99231, 0.98667, 0.96162, 0.95976, 0.96228, 
0.95921, 0.95232, 0.96897, 0.95795, 0.96799, 0.95025, 0.99231, 
0.97952, 0.95495, 0.96601, 0.97339, 0.96947, 0.96162, 0.96443, 
0.95777, 0.972, 0.96194, 0.0095, 0.0099, 0.0099, 0.0107, 0.0106, 
0.0111, 0.0115, 0.0117, 0.0115, 0.0122, 0.0116, 17.4, 22, 26, 
27.2, 28.7, 28.7, 29.7, 30.4, 32, 32.2, 33.2, 1, 1, 1, 1, 1, 
1, 1, 1, 1, 1, 1, 1, 1, 1, 1, 1, 1, 1, 1, 1, 1, 1, 1, 1, 1, 1, 
1, 1, 1, 1, 1, 1, 1, 1, 1, 1, 1, 1, 1, 1, 1, 1, 1, 1, 2.653, 
2.62, 2.656, 2.67, 2.692, 2.711, 2.648, 2.589, 2.668, 2.72, 2.421
), .Dim = c(11L, 40L), .Dimnames = list(NULL, c("Sampling", "PSO.cost", 
"PSO.gamma", "PSO.data.balancing", "PSO.feature.selection", "PSO.valid.acc", 
"PSO.test.acc", "PSO.train.time", "PSO.n.support.vectors", "PSO.index", 
"PSO.n.solutions", "PSO.generations", "PSO.n.evaluations", "PSO.cpu.time", 
"RS.cost", "RS.gamma", "RS.data.balancing", "RS.feature.selection", 
"RS.valid.acc", "RS.test.acc", "RS.train.time", "RS.n.support.vectors", 
"RS.index", "RS.n.solutions", "RS.generations", "RS.n.evaluations", 
"RS.cpu.time", "DF.cost", "DF.gamma", "DF.data.balancing", "DF.feature.selection", 
"DF.valid.acc", "DF.test.acc", "DF.train.time", "DF.n.support.vectors", 
"DF.index", "DF.n.solutions", "DF.generations", "DF.n.evaluations", 
"DF.cpu.time")))
