full <-
structure(c(50, 55, 60, 65, 70, 75, 80, 85, 90, 95, 100, 7.90246, 
13.72039, 8.63348, 13.46163, 9.67492, 6.40133, 11.34509, 13.87343, 
6.3838, 15, 14.47425, -9.49348, -8.63267, -3.74785, -14.49985, 
-4.79603, -4.57865, -5.4342, -8.73732, -7.33953, -9.91722, -10.72657, 
0, 0, 0, 0, 0, 0, 0, 0, 0, 0, 0, 0, 0, 0, 0, 0, 0, 0, 0, 0, 0, 
0, 0.98462, 0.99333, 0.9875, 0.98264, 0.98856, 0.99, 0.99069, 
0.99565, 0.9875, 1, 0.9849, 0.96154, 0.97905, 0.9875, 0.98231, 
0.97865, 0.97474, 0.97617, 0.98676, 0.98315, 0.99583, 0.98091, 
0.0098, 0.0096, 0.0092, 0.0097, 0.0099, 0.0093, 0.0099, 0.0098, 
0.0099, 0.0107, 0.0114, 15.3, 6.3, 7.1, 17, 8.1, 11.3, 7.4, 6.9, 
18.5, 7, 10.7, 104, 31, 4, 273, 76, 216, 33, 94, 28, 253, 17, 
165, 1762, 1574, 42, 609, 411, 801, 442, 408, 242, 1401, 100, 
100, 100, 100, 100, 100, 100, 100, 100, 100, 100, 2500, 2500, 
2500, 2500, 2500, 2500, 2500, 2500, 2500, 2500, 2500, 6461.547, 
6469.481, 6398.662, 6497.122, 6156.324, 6068.063, 6095.77, 6108.87700000001, 
6091.431, 6131.59600000001, 6154.25399999999, 7.56045, 13.69776, 
13.94534, 7.57526, 9.12321, 6.62949, 11.04945, 14.0018, 13.15734, 
14.65845, 7.80808, -9.18299, -8.54453, -4.52831, -8.65525, -5.15774, 
-4.63746, -6.05587, -9.11023, -13.76843, -9.70334, -3.16919, 
0, 0, 0, 0, 0, 0, 0, 0, 0, 0, 0, 0, 0, 0, 0, 0, 0, 0, 0, 0, 0, 
0, 0.98462, 0.99333, 0.9875, 0.98264, 0.98856, 0.99, 0.99069, 
0.99565, 0.9875, 1, 0.98504, 0.96154, 0.97905, 0.9875, 0.97643, 
0.98392, 0.97474, 0.98093, 0.98676, 0.98315, 0.99583, 0.96966, 
0.0089, 0.0098, 0.0092, 0.0098, 0.0094, 0.0094, 0.0101, 0.0106, 
0.011, 0.0102, 0.0106, 15.3, 6.3, 6, 17.3, 9.5, 11.3, 8.1, 7.1, 
16.9, 7, 12.1, 212, 5, 9, 2366, 8, 265, 95, 370, 146, 1895, 1866, 
19, 62, 221, 1, 48, 5, 24, 4, 45, 1, 2, 100, 100, 100, 100, 100, 
100, 100, 100, 100, 100, 100, 2500, 2500, 2500, 2500, 2500, 2500, 
2500, 2500, 2500, 2500, 2500, 6535.289, 6368.002, 6666.281, 6434.425, 
6164.735, 6109.594, 6105.961, 6133.276, 6113.89, 6184.356, 6223.83300000001, 
1, 1, 1, 1, 1, 1, 1, 1, 1, 1, 1, 0.25, 0.25, 0.25, 0.25, 0.25, 
0.25, 0.25, 0.25, 0.25, 0.25, 0.25, 0, 0, 0, 0, 0, 0, 0, 0, 0, 
0, 0, 0, 0, 0, 0, 0, 0, 0, 0, 0, 0, 0, 0.93187, 0.95238, 0.94958, 
0.948, 0.94587, 0.95447, 0.95732, 0.96836, 0.96232, 0.97583, 
0.95442, 0.93901, 0.95238, 0.95583, 0.948, 0.94587, 0.95947, 
0.95732, 0.96877, 0.9663, 0.97183, 0.96211, 0.0094, 0.0099, 0.0094, 
0.0097, 0.0097, 0.0101, 0.01, 0.0106, 0.0109, 0.0115, 0.0112, 
22.5, 24.3, 24.9, 27.7, 28.9, 29.9, 29.7, 30.8, 31.3, 31.2, 33.1, 
1, 1, 1, 1, 1, 1, 1, 1, 1, 1, 1, 1, 1, 1, 1, 1, 1, 1, 1, 1, 1, 
1, 1, 1, 1, 1, 1, 1, 1, 1, 1, 1, 1, 1, 1, 1, 1, 1, 1, 1, 1, 1, 
1, 1, 2.62, 2.607, 2.457, 2.43, 2.384, 2.392, 2.38, 2.38, 2.445, 
2.522, 2.419), .Dim = c(11L, 40L), .Dimnames = list(NULL, c("Sampling", 
"PSO.cost", "PSO.gamma", "PSO.data.balancing", "PSO.feature.selection", 
"PSO.valid.acc", "PSO.test.acc", "PSO.train.time", "PSO.n.support.vectors", 
"PSO.index", "PSO.n.solutions", "PSO.generations", "PSO.n.evaluations", 
"PSO.cpu.time", "RS.cost", "RS.gamma", "RS.data.balancing", "RS.feature.selection", 
"RS.valid.acc", "RS.test.acc", "RS.train.time", "RS.n.support.vectors", 
"RS.index", "RS.n.solutions", "RS.generations", "RS.n.evaluations", 
"RS.cpu.time", "DF.cost", "DF.gamma", "DF.data.balancing", "DF.feature.selection", 
"DF.valid.acc", "DF.test.acc", "DF.train.time", "DF.n.support.vectors", 
"DF.index", "DF.n.solutions", "DF.generations", "DF.n.evaluations", 
"DF.cpu.time")))
