full <-
structure(c(50, 55, 60, 65, 70, 75, 80, 85, 90, 95, 100, 5.54628, 
15, 10.69781, 12.22738, 14.97955, 13.48644, 15, 15, 15, 11.03195, 
13.77996, -5.89266, -8.12205, -3.08932, -7.58702, -10.45707, 
-10.5739, -12.37275, -11.02418, -12.55032, -8.54264, -10.14144, 
0, 0, 0, 0, 0, 0, 0, 0, 0, 0, 0, 0, 0, 0, 0, 0, 0, 0, 0, 0, 0, 
0, 0.99231, 0.99333, 0.98787, 0.98199, 0.98421, 0.99, 0.98571, 
0.98636, 0.98732, 0.988, 0.99231, 0.97692, 0.98667, 0.9812, 0.97745, 
0.98392, 0.99, 0.97619, 0.98636, 0.98714, 0.98, 0.98846, 0.0096, 
0.0096, 0.01, 0.0103, 0.01, 0.0104, 0.0101, 0.0121, 0.0108, 0.0105, 
0.012, 10.6, 4.1, 5.8, 7.8, 8.2, 11.7, 11.5, 10.4, 12.1, 12.5, 
11.1, 892, 56, 31, 264, 356, 599, 279, 144, 364, 107, 55, 168, 
1001, 1687, 391, 215, 80, 106, 1195, 356, 408, 1399, 100, 100, 
100, 100, 100, 100, 100, 100, 100, 100, 100, 2500, 2500, 2500, 
2500, 2500, 2500, 2500, 2500, 2500, 2500, 2500, 6956.446, 6852.295, 
6803.948, 6542.353, 6644.909, 6686.431, 6592.427, 6684.702, 6560.33, 
6605.09299999999, 6728.86600000001, 5.80588, 13.67371, 9.24252, 
11.34243, 14.12521, 13.64224, 14.93862, 14.63669, 14.64274, 14.89354, 
13.84089, -6.12421, -9.21117, -2.96774, -7.16499, -11.00448, 
-10.74272, -12.31571, -10.97539, -12.47189, -12.43696, -10.7831, 
0, 0, 0, 0, 0, 0, 0, 0, 0, 0, 0, 0, 0, 0, 0, 0, 0, 0, 0, 0, 0, 
0, 0.99231, 0.99333, 0.98787, 0.98199, 0.97895, 0.99, 0.98571, 
0.98636, 0.98315, 0.988, 0.99231, 0.97692, 0.99333, 0.9812, 0.97745, 
0.97895, 0.99, 0.97619, 0.98636, 0.98297, 0.98, 0.99231, 0.0097, 
0.0092, 0.0094, 0.0099, 0.0104, 0.01, 0.0107, 0.0111, 0.01, 0.0112, 
0.0119, 10.5, 5.1, 5.8, 8.2, 9.9, 11.7, 11.5, 10.5, 12.5, 12.4, 
12, 1178, 40, 12, 723, 52, 1271, 547, 663, 374, 30, 48, 1, 35, 
88, 6, 17, 2, 1, 2, 3, 19, 42, 100, 100, 100, 100, 100, 100, 
100, 100, 100, 100, 100, 2500, 2500, 2500, 2500, 2500, 2500, 
2500, 2500, 2500, 2500, 2500, 6977.07, 6716.954, 6741.447, 6493.876, 
6593.654, 6610.88500000001, 6752.245, 6446.348, 6539.136, 6776.93999999999, 
6692.57499999998, 1, 1, 1, 1, 1, 1, 1, 1, 1, 1, 1, 0.25, 0.25, 
0.25, 0.25, 0.25, 0.25, 0.25, 0.25, 0.25, 0.25, 0.25, 0, 0, 0, 
0, 0, 0, 0, 0, 0, 0, 0, 0, 0, 0, 0, 0, 0, 0, 0, 0, 0, 0, 0.96154, 
0.97952, 0.9624, 0.96565, 0.96813, 0.95447, 0.95688, 0.95534, 
0.94909, 0.95231, 0.96952, 0.95385, 0.97238, 0.96865, 0.96499, 
0.96287, 0.95974, 0.94758, 0.95099, 0.95326, 0.95229, 0.96197, 
0.0101, 0.0103, 0.0101, 0.0097, 0.0105, 0.0111, 0.011, 0.0108, 
0.0116, 0.0118, 0.0116, 21.2, 22.2, 22.9, 23.6, 24.7, 29.7, 29.7, 
32.1, 31.6, 32.2, 32.5, 1, 1, 1, 1, 1, 1, 1, 1, 1, 1, 1, 1, 1, 
1, 1, 1, 1, 1, 1, 1, 1, 1, 1, 1, 1, 1, 1, 1, 1, 1, 1, 1, 1, 1, 
1, 1, 1, 1, 1, 1, 1, 1, 1, 1, 2.794, 2.77, 2.742, 2.568, 2.671, 
2.528, 2.715, 2.439, 2.677, 2.702, 2.53), .Dim = c(11L, 40L), .Dimnames = list(
    NULL, c("Sampling", "PSO.cost", "PSO.gamma", "PSO.data.balancing", 
    "PSO.feature.selection", "PSO.valid.acc", "PSO.test.acc", 
    "PSO.train.time", "PSO.n.support.vectors", "PSO.index", "PSO.n.solutions", 
    "PSO.generations", "PSO.n.evaluations", "PSO.cpu.time", "RS.cost", 
    "RS.gamma", "RS.data.balancing", "RS.feature.selection", 
    "RS.valid.acc", "RS.test.acc", "RS.train.time", "RS.n.support.vectors", 
    "RS.index", "RS.n.solutions", "RS.generations", "RS.n.evaluations", 
    "RS.cpu.time", "DF.cost", "DF.gamma", "DF.data.balancing", 
    "DF.feature.selection", "DF.valid.acc", "DF.test.acc", "DF.train.time", 
    "DF.n.support.vectors", "DF.index", "DF.n.solutions", "DF.generations", 
    "DF.n.evaluations", "DF.cpu.time")))
