full <-
structure(c(50, 55, 60, 65, 70, 75, 80, 85, 90, 95, 100, 5.91774, 
6.72484, 7.49076, 15, 15, 12.57411, 10.10403, 13.93239, 12.22247, 
12.85963, 13.28363, -3.42159, -3.86497, -7.69054, -13.20115, 
-14.97151, -9.03129, -7.54563, -11.73802, -7.22461, -9.30386, 
-10.47025, 0, 0, 0, 0, 0, 0, 0, 0, 0, 0, 0, 0, 0, 0, 0, 0, 0, 
0, 0, 0, 0, 0, 0.96969, 0.97905, 0.98787, 0.98856, 0.97865, 0.98474, 
0.98615, 0.98593, 0.98315, 0.98, 0.98875, 0.9543, 0.9719, 0.97532, 
0.98856, 0.98918, 0.97947, 0.97684, 0.97724, 0.97482, 0.976, 
0.9812, 0.0097, 0.0094, 0.0097, 0.011, 0.0112, 0.0103, 0.0126, 
0.0108, 0.0112, 0.0108, 0.0115, 9.1, 8.5, 13.9, 11.2, 14.8, 9.3, 
11.7, 12.5, 10, 11.4, 12.2, 160, 9, 27, 283, 137, 18, 47, 98, 
37, 16, 137, 935, 686, 1021, 620, 160, 849, 648, 400, 704, 438, 
444, 100, 100, 100, 100, 100, 100, 100, 100, 100, 100, 100, 2500, 
2500, 2500, 2500, 2500, 2500, 2500, 2500, 2500, 2500, 2500, 6816.164, 
6765.473, 7135.286, 7369.446, 7195.205, 7183.224, 7165.196, 7107.439, 
7040.13, 7072.955, 7145.228, 4.64161, -0.93208, 12.735, 14.28115, 
14.82498, 12.25472, 11.56379, 14.37257, 12.10311, 14.3021, 12.95118, 
-3.50662, -1.89138, -10.86018, -12.70623, -14.79675, -8.66834, 
-8.93501, -12.0708, -7.16559, -10.37307, -10.27904, 0, 0, 0, 
0, 0, 0, 0, 0, 0, 0, 0, 0, 0, 0, 0, 0, 0, 0, 0, 0, 0, 0, 0.96969, 
0.98667, 0.98787, 0.98856, 0.97865, 0.98474, 0.98615, 0.98593, 
0.98315, 0.98, 0.98875, 0.9543, 0.97286, 0.98787, 0.98856, 0.98918, 
0.97947, 0.9816, 0.98158, 0.97482, 0.972, 0.9812, 0.009, 0.012, 
0.0106, 0.01, 0.0101, 0.0117, 0.0107, 0.011, 0.011, 0.0112, 0.0132, 
10.3, 28.4, 10.1, 11.3, 14.8, 9.4, 11.7, 12.3, 10, 10.8, 12.4, 
79, 1150, 12, 34, 1389, 190, 27, 33, 613, 9, 452, 16, 1, 139, 
19, 1, 24, 63, 5, 5, 108, 12, 100, 100, 100, 100, 100, 100, 100, 
100, 100, 100, 100, 2500, 2500, 2500, 2500, 2500, 2500, 2500, 
2500, 2500, 2500, 2500, 6818.37, 7075.536, 7395.9, 7186.31299999999, 
7191.84, 7186.89600000001, 7168.81199999999, 7066.948, 7059.099, 
7082.43599999999, 7053.147, 1, 1, 1, 1, 1, 1, 1, 1, 1, 1, 1, 
0.25, 0.25, 0.25, 0.25, 0.25, 0.25, 0.25, 0.25, 0.25, 0.25, 0.25, 
0, 0, 0, 0, 0, 0, 0, 0, 0, 0, 0, 0, 0, 0, 0, 0, 0, 0, 0, 0, 0, 
0, 0.962, 0.97238, 0.96162, 0.96532, 0.95702, 0.95447, 0.97208, 
0.9553, 0.96196, 0.96, 0.95812, 0.9543, 0.95857, 0.9624, 0.94763, 
0.96257, 0.95447, 0.95346, 0.95965, 0.95779, 0.964, 0.95427, 
0.0103, 0.01, 0.01, 0.0107, 0.0106, 0.0108, 0.0108, 0.0107, 0.0118, 
0.0118, 0.012, 24.9, 24.1, 26, 26.4, 27.8, 29.1, 29.5, 29.7, 
30.5, 32.2, 32.5, 1, 1, 1, 1, 1, 1, 1, 1, 1, 1, 1, 1, 1, 1, 1, 
1, 1, 1, 1, 1, 1, 1, 1, 1, 1, 1, 1, 1, 1, 1, 1, 1, 1, 1, 1, 1, 
1, 1, 1, 1, 1, 1, 1, 1, 2.723, 2.837, 2.922, 2.866, 2.87, 2.867, 
2.859, 2.809, 2.816, 2.834, 2.763), .Dim = c(11L, 40L), .Dimnames = list(
    NULL, c("Sampling", "PSO.cost", "PSO.gamma", "PSO.data.balancing", 
    "PSO.feature.selection", "PSO.valid.acc", "PSO.test.acc", 
    "PSO.train.time", "PSO.n.support.vectors", "PSO.index", "PSO.n.solutions", 
    "PSO.generations", "PSO.n.evaluations", "PSO.cpu.time", "RS.cost", 
    "RS.gamma", "RS.data.balancing", "RS.feature.selection", 
    "RS.valid.acc", "RS.test.acc", "RS.train.time", "RS.n.support.vectors", 
    "RS.index", "RS.n.solutions", "RS.generations", "RS.n.evaluations", 
    "RS.cpu.time", "DF.cost", "DF.gamma", "DF.data.balancing", 
    "DF.feature.selection", "DF.valid.acc", "DF.test.acc", "DF.train.time", 
    "DF.n.support.vectors", "DF.index", "DF.n.solutions", "DF.generations", 
    "DF.n.evaluations", "DF.cpu.time")))
