full <-
structure(c(50, 55, 60, 65, 70, 75, 80, 85, 90, 95, 100, 15, 
13.87353, 14.22559, 10.57552, 14.94621, 15, 13.15414, 15, 14.70025, 
12.23721, 15, -8.02764, -10.80137, -11.04982, -5.37652, -12.92972, 
-9.80671, -10.68252, -11.95664, -10.66757, -9.02521, -11.6005, 
0, 0, 0, 0, 0, 0, 0, 0, 0, 0, 0, 0, 0, 0, 0, 0, 0, 0, 0, 0, 0, 
0, 0.98516, 0.99333, 0.99333, 0.9768, 0.98363, 0.97971, 0.98115, 
0.98219, 0.98732, 0.98815, 0.98846, 0.98516, 0.9719, 0.98708, 
0.95286, 0.97248, 0.97971, 0.98115, 0.97247, 0.97464, 0.98399, 
0.98846, 0.0094, 0.0096, 0.01, 0.01, 0.0119, 0.0109, 0.0104, 
0.0102, 0.0108, 0.0116, 0.0111, 5.8, 9.2, 9, 7.5, 12, 8.8, 11.6, 
11.7, 10.2, 11.5, 11.4, 68, 125, 156, 310, 182, 778, 154, 26, 
49, 140, 114, 800, 129, 580, 152, 352, 84, 615, 1303, 659, 1090, 
1044, 100, 100, 100, 100, 100, 100, 100, 100, 100, 100, 100, 
2500, 2500, 2500, 2500, 2500, 2500, 2500, 2500, 2500, 2500, 2500, 
6914.689, 6969.983, 6848.946, 6846.937, 6485.126, 6589.917, 6592.76599999999, 
6689.71100000001, 6705.24800000001, 6642.53, 6501.56099999999, 
11.5202, 12.38809, 14.3827, 10.44861, 14.22739, 13.28521, 14.81103, 
14.32256, 14.53823, 11.95738, 10.92464, -5.87969, -8.10588, -10.93912, 
-5.31562, -12.02251, -11.23946, -12.49826, -12.02561, -10.22129, 
-8.62686, -8.35118, 0, 0, 0, 0, 0, 0, 0, 0, 0, 0, 0, 0, 0, 0, 
0, 0, 0, 0, 0, 0, 0, 0, 0.98516, 0.98619, 0.99333, 0.97124, 0.98363, 
0.97945, 0.98115, 0.98219, 0.98732, 0.98815, 0.98846, 0.96978, 
0.99333, 0.98708, 0.95286, 0.97248, 0.97945, 0.98115, 0.97247, 
0.9788, 0.97999, 0.98846, 0.0116, 0.0096, 0.0098, 0.0099, 0.0106, 
0.0099, 0.0108, 0.0108, 0.0115, 0.0101, 0.0111, 6.8, 7.9, 8.8, 
7.7, 11.7, 12.8, 11.7, 12.9, 10, 11.3, 12.9, 69, 17, 1591, 295, 
259, 230, 78, 10, 223, 12, 56, 43, 28, 1, 12, 4, 33, 14, 32, 
10, 60, 34, 100, 100, 100, 100, 100, 100, 100, 100, 100, 100, 
100, 2500, 2500, 2500, 2500, 2500, 2500, 2500, 2500, 2500, 2500, 
2500, 6856.394, 6958.395, 6843.89799999999, 6767.569, 6567.11299999999, 
6593.992, 6558.80900000001, 6682.40399999999, 6611.257, 6493.42200000001, 
6507.59099999999, 1, 1, 1, 1, 1, 1, 1, 1, 1, 1, 1, 0.25, 0.25, 
0.25, 0.25, 0.25, 0.25, 0.25, 0.25, 0.25, 0.25, 0.25, 0, 0, 0, 
0, 0, 0, 0, 0, 0, 0, 0, 0, 0, 0, 0, 0, 0, 0, 0, 0, 0, 0, 0.9467, 
0.9594, 0.96203, 0.93554, 0.95114, 0.94868, 0.95732, 0.96399, 
0.94928, 0.94814, 0.96952, 0.9467, 0.9594, 0.95537, 0.9473, 0.95084, 
0.9494, 0.96708, 0.96399, 0.95362, 0.96015, 0.95826, 0.01, 0.0104, 
0.0103, 0.0105, 0.0103, 0.0103, 0.0105, 0.0114, 0.0112, 0.0112, 
0.0119, 23, 25.2, 25.8, 27.4, 27.2, 28.6, 29.1, 30.4, 31, 31.3, 
32.1, 1, 1, 1, 1, 1, 1, 1, 1, 1, 1, 1, 1, 1, 1, 1, 1, 1, 1, 1, 
1, 1, 1, 1, 1, 1, 1, 1, 1, 1, 1, 1, 1, 1, 1, 1, 1, 1, 1, 1, 1, 
1, 1, 1, 1, 2.796, 2.805, 2.738, 2.63, 2.652, 2.646, 2.492, 2.729, 
2.659, 2.453, 2.75), .Dim = c(11L, 40L), .Dimnames = list(NULL, 
    c("Sampling", "PSO.cost", "PSO.gamma", "PSO.data.balancing", 
    "PSO.feature.selection", "PSO.valid.acc", "PSO.test.acc", 
    "PSO.train.time", "PSO.n.support.vectors", "PSO.index", "PSO.n.solutions", 
    "PSO.generations", "PSO.n.evaluations", "PSO.cpu.time", "RS.cost", 
    "RS.gamma", "RS.data.balancing", "RS.feature.selection", 
    "RS.valid.acc", "RS.test.acc", "RS.train.time", "RS.n.support.vectors", 
    "RS.index", "RS.n.solutions", "RS.generations", "RS.n.evaluations", 
    "RS.cpu.time", "DF.cost", "DF.gamma", "DF.data.balancing", 
    "DF.feature.selection", "DF.valid.acc", "DF.test.acc", "DF.train.time", 
    "DF.n.support.vectors", "DF.index", "DF.n.solutions", "DF.generations", 
    "DF.n.evaluations", "DF.cpu.time")))
