full <-
structure(c(50, 55, 60, 65, 70, 75, 80, 85, 90, 95, 100, 10.27058, 
15, 15, 13.74217, 13.93207, 8.6501, 14.44471, 14.07575, 10.14816, 
13.84123, 15, -8.67889, -11.4275, -10.62112, -9.78971, -10.13886, 
-2.60146, -12.21834, -10.48362, -7.83556, -9.47446, -11.0371, 
0, 0, 0, 0, 0, 0, 0, 0, 0, 0, 0, 0, 0, 0, 0, 0, 0, 0, 0, 0, 0, 
0, 0.99231, 0.97232, 0.96902, 0.97745, 0.98889, 0.98524, 0.98548, 
0.98241, 0.99149, 0.98783, 0.9846, 0.99231, 0.95851, 0.96745, 
0.97157, 0.96228, 0.97521, 0.98093, 0.97787, 0.98714, 0.97983, 
0.98831, 0.009, 0.01, 0.01, 0.0103, 0.0103, 0.0097, 0.0107, 0.0098, 
0.0099, 0.0106, 0.0124, 9.5, 10.1, 9.6, 10.1, 9.9, 10.5, 12, 
10.2, 12.5, 9.8, 10.4, 2, 724, 59, 66, 322, 77, 12, 50, 42, 116, 
168, 335, 362, 96, 1026, 137, 1203, 1078, 1229, 650, 753, 1086, 
100, 100, 100, 100, 100, 100, 100, 100, 100, 100, 100, 2500, 
2500, 2500, 2500, 2500, 2500, 2500, 2500, 2500, 2500, 2500, 6523.978, 
6524.833, 6492.362, 6432.995, 6236.604, 6276.68, 6207.80500000001, 
6175.567, 6225.09600000001, 6307.45899999999, 6403.64999999999, 
8.901, 14.08813, 13.94761, 14.53314, 14.62597, 12.37572, 14.47023, 
14.51491, 13.9135, 14.00095, 13.52796, -7.32798, -10.70278, -14.43585, 
-10.09808, -10.89485, -2.62302, -12.29086, -9.41198, -11.55071, 
-9.46321, -10.04399, 0, 0, 0, 0, 0, 0, 0, 0, 0, 0, 0, 0, 0, 0, 
0, 0, 0, 0, 0, 0, 0, 0, 0.99231, 0.97232, 0.96865, 0.97745, 0.98363, 
0.98524, 0.98548, 0.98241, 0.99149, 0.98783, 0.9846, 0.99231, 
0.95851, 0.95022, 0.97157, 0.96228, 0.97521, 0.98093, 0.98696, 
0.98714, 0.97983, 0.98831, 0.009, 0.0094, 0.0092, 0.0107, 0.0099, 
0.009, 0.0106, 0.0109, 0.0105, 0.0108, 0.0116, 9.7, 10.3, 16.2, 
10, 9.9, 9.9, 12, 9.5, 12.4, 9.8, 11.2, 70, 1512, 1358, 65, 1014, 
2, 421, 57, 42, 623, 278, 37, 3, 2, 11, 4, 33, 12, 30, 60, 8, 
6, 100, 100, 100, 100, 100, 100, 100, 100, 100, 100, 100, 2500, 
2500, 2500, 2500, 2500, 2500, 2500, 2500, 2500, 2500, 2500, 6590.412, 
6527.883, 6466.124, 6264.081, 6257.62, 6280.269, 6176.851, 6192.37199999999, 
6422.65300000001, 6395.25, 6385.58100000001, 1, 1, 1, 1, 1, 1, 
1, 1, 1, 1, 1, 0.25, 0.25, 0.25, 0.25, 0.25, 0.25, 0.25, 0.25, 
0.25, 0.25, 0.25, 0, 0, 0, 0, 0, 0, 0, 0, 0, 0, 0, 0, 0, 0, 0, 
0, 0, 0, 0, 0, 0, 0, 0.92418, 0.92375, 0.93142, 0.95355, 0.9462, 
0.93945, 0.94803, 0.95138, 0.95326, 0.95983, 0.95797, 0.93187, 
0.91661, 0.92517, 0.94767, 0.94035, 0.94497, 0.96232, 0.95988, 
0.95761, 0.964, 0.96166, 0.0097, 0.0096, 0.0098, 0.0095, 0.0096, 
0.0109, 0.0101, 0.0101, 0.0115, 0.0112, 0.0108, 26, 26.3, 26.9, 
28.2, 28.1, 29.3, 31.2, 31.6, 32.5, 32.8, 32.4, 1, 1, 1, 1, 1, 
1, 1, 1, 1, 1, 1, 1, 1, 1, 1, 1, 1, 1, 1, 1, 1, 1, 1, 1, 1, 1, 
1, 1, 1, 1, 1, 1, 1, 1, 1, 1, 1, 1, 1, 1, 1, 1, 1, 1, 2.631, 
2.49, 2.57, 2.404, 2.357, 2.545, 2.36, 2.329, 2.609, 2.532, 2.337
), .Dim = c(11L, 40L), .Dimnames = list(NULL, c("Sampling", "PSO.cost", 
"PSO.gamma", "PSO.data.balancing", "PSO.feature.selection", "PSO.valid.acc", 
"PSO.test.acc", "PSO.train.time", "PSO.n.support.vectors", "PSO.index", 
"PSO.n.solutions", "PSO.generations", "PSO.n.evaluations", "PSO.cpu.time", 
"RS.cost", "RS.gamma", "RS.data.balancing", "RS.feature.selection", 
"RS.valid.acc", "RS.test.acc", "RS.train.time", "RS.n.support.vectors", 
"RS.index", "RS.n.solutions", "RS.generations", "RS.n.evaluations", 
"RS.cpu.time", "DF.cost", "DF.gamma", "DF.data.balancing", "DF.feature.selection", 
"DF.valid.acc", "DF.test.acc", "DF.train.time", "DF.n.support.vectors", 
"DF.index", "DF.n.solutions", "DF.generations", "DF.n.evaluations", 
"DF.cpu.time")))
