full <-
structure(c(50, 55, 60, 65, 70, 75, 80, 85, 90, 95, 100, 7.85296, 
8.9394, 8.20951, 15, 13.51826, 15, 11.24318, 15, 13.68136, 12.22766, 
15, -4.56413, -8.41572, -8.01221, -10.4754, -9.58249, -11.99572, 
-8.34523, -11.20605, -14.40479, -9.07374, -4.89753, 0, 0, 0, 
0, 0, 0, 0, 0, 0, 0, 0, 0, 0, 0, 0, 0, 0, 0, 0, 0, 0, 0, 0.97033, 
0.99286, 0.98, 0.98268, 0.98885, 0.98947, 0.99048, 0.98696, 0.98732, 
0.996, 0.98504, 0.96264, 0.97238, 0.98042, 0.97092, 0.98885, 
0.97921, 0.98071, 0.98219, 0.98297, 0.988, 0.9812, 0.0099, 0.0122, 
0.0108, 0.0114, 0.0103, 0.0108, 0.0106, 0.0106, 0.0114, 0.0113, 
0.0111, 9.3, 13.1, 14.2, 8.6, 8.9, 10, 10, 9.1, 18.4, 10.4, 8.8, 
31, 136, 19, 80, 1364, 112, 1115, 27, 110, 1928, 51, 940, 77, 
200, 1120, 24, 1111, 19, 1427, 439, 3, 1485, 100, 100, 100, 100, 
100, 100, 100, 100, 100, 100, 100, 2500, 2500, 2500, 2500, 2500, 
2500, 2500, 2500, 2500, 2500, 2500, 6813.024, 6955.843, 6922.909, 
6907.188, 6545.331, 6552.13400000001, 6542.50899999999, 6663.59, 
6787.269, 6695.679, 6633.82399999999, 8.83544, 12.44518, 7.78832, 
14.46786, 13.45738, 14.96288, 11.61117, 14.88164, 13.40652, 13.13066, 
13.91508, -4.68106, -12.05052, -7.3355, -10.97411, -9.46444, 
-11.92463, -8.49276, -10.63024, -13.99872, -10.068, -5.02207, 
0, 0, 0, 0, 0, 0, 0, 0, 0, 0, 0, 0, 0, 0, 0, 0, 0, 0, 0, 0, 0, 
0, 0.97033, 0.99286, 0.98, 0.98268, 0.98885, 0.98947, 0.99048, 
0.98696, 0.98732, 0.992, 0.98504, 0.96264, 0.97238, 0.98042, 
0.9768, 0.98885, 0.97921, 0.97595, 0.98654, 0.9788, 0.992, 0.9812, 
0.0099, 0.0096, 0.0104, 0.0094, 0.0103, 0.0099, 0.0105, 0.0115, 
0.0109, 0.0113, 0.0114, 9.6, 13.5, 13.9, 9.4, 9, 10, 9.8, 8.7, 
18, 10.2, 8.6, 1323, 687, 39, 135, 2410, 182, 1835, 21, 166, 
108, 47, 9, 5, 27, 27, 1, 4, 1, 11, 9, 21, 29, 100, 100, 100, 
100, 100, 100, 100, 100, 100, 100, 100, 2500, 2500, 2500, 2500, 
2500, 2500, 2500, 2500, 2500, 2500, 2500, 6893.923, 6857.791, 
7053.961, 6680.571, 6613.602, 6637.99800000001, 6495.18399999999, 
6764.973, 6681.429, 6604.815, 6649.389, 1, 1, 1, 1, 1, 1, 1, 
1, 1, 1, 1, 0.25, 0.25, 0.25, 0.25, 0.25, 0.25, 0.25, 0.25, 0.25, 
0.25, 0.25, 0, 0, 0, 0, 0, 0, 0, 0, 0, 0, 0, 0, 0, 0, 0, 0, 0, 
0, 0, 0, 0, 0, 0.93187, 0.94565, 0.96167, 0.93623, 0.97248, 0.95919, 
0.97186, 0.97352, 0.95779, 0.96799, 0.96581, 0.93178, 0.95946, 
0.96125, 0.93035, 0.9564, 0.95392, 0.9671, 0.96006, 0.95797, 
0.96415, 0.96197, 0.0096, 0.0106, 0.0108, 0.0102, 0.0115, 0.0109, 
0.0104, 0.0114, 0.0115, 0.0119, 0.0126, 25.2, 25.1, 26.2, 26.7, 
28.4, 28.7, 29.2, 30, 30.2, 30.3, 33, 1, 1, 1, 1, 1, 1, 1, 1, 
1, 1, 1, 1, 1, 1, 1, 1, 1, 1, 1, 1, 1, 1, 1, 1, 1, 1, 1, 1, 1, 
1, 1, 1, 1, 1, 1, 1, 1, 1, 1, 1, 1, 1, 1, 1, 2.558, 2.801, 2.838, 
2.618, 2.667, 2.703, 2.498, 2.718, 2.718, 2.693, 2.723), .Dim = c(11L, 
40L), .Dimnames = list(NULL, c("Sampling", "PSO.cost", "PSO.gamma", 
"PSO.data.balancing", "PSO.feature.selection", "PSO.valid.acc", 
"PSO.test.acc", "PSO.train.time", "PSO.n.support.vectors", "PSO.index", 
"PSO.n.solutions", "PSO.generations", "PSO.n.evaluations", "PSO.cpu.time", 
"RS.cost", "RS.gamma", "RS.data.balancing", "RS.feature.selection", 
"RS.valid.acc", "RS.test.acc", "RS.train.time", "RS.n.support.vectors", 
"RS.index", "RS.n.solutions", "RS.generations", "RS.n.evaluations", 
"RS.cpu.time", "DF.cost", "DF.gamma", "DF.data.balancing", "DF.feature.selection", 
"DF.valid.acc", "DF.test.acc", "DF.train.time", "DF.n.support.vectors", 
"DF.index", "DF.n.solutions", "DF.generations", "DF.n.evaluations", 
"DF.cpu.time")))
