full <-
structure(c(50, 55, 60, 65, 70, 75, 80, 85, 90, 95, 100, 5.57959, 
15, 5.01755, 13.73191, 9.34047, 9.09274, 15, 14.22398, 15, 6.06945, 
14.64612, -6.44681, -11.11583, -5.48625, -13.78829, -9.50958, 
-10.90039, -5.8272, -7.33048, -6.35238, -6.98299, -10.4882, 0, 
0, 0, 0, 0, 0, 0, 0, 0, 0, 0, 0, 0, 0, 0, 0, 0, 0, 0, 0, 0, 0, 
0.99286, 0.99286, 0.99412, 0.99444, 0.98918, 0.98974, 0.99048, 
0.9913, 1, 0.98367, 0.99245, 0.99286, 0.98571, 0.98787, 0.98333, 
0.97865, 0.98447, 0.98571, 0.99111, 0.9875, 0.97967, 0.98076, 
0.0091, 0.0091, 0.0099, 0.01, 0.0096, 0.0105, 0.0108, 0.011, 
0.0107, 0.0103, 0.0117, 12.8, 6.3, 12.6, 12, 13.2, 18.8, 6.9, 
6.2, 6.3, 19.2, 10.8, 7, 232, 16, 19, 31, 154, 32, 17, 78, 39, 
21, 627, 127, 273, 1111, 289, 57, 1449, 1028, 1400, 445, 1078, 
100, 100, 100, 100, 100, 100, 100, 100, 100, 100, 100, 2500, 
2500, 2500, 2500, 2500, 2500, 2500, 2500, 2500, 2500, 2500, 6710.353, 
6479.01, 6448.802, 6584.18900000001, 6617.90900000001, 6683.618, 
6654.554, 6680.242, 6414.14700000001, 6594.344, 6460.01300000001, 
4.00755, 14.01456, 4.60179, 7.13364, 13.44366, 7.1458, 11.59741, 
13.79097, 12.49041, 2.59191, 12.58794, -4.57112, -9.96737, -5.17587, 
-7.55087, -13.77461, -8.94665, -6.15263, -8.68557, -6.4148, -1.76185, 
-9.34674, 0, 0, 0, 0, 0, 0, 0, 0, 0, 0, 0, 0, 0, 0, 0, 0, 0, 
0, 0, 0, 0, 0, 0.99286, 0.99286, 0.99412, 0.99444, 0.98918, 0.98974, 
0.99048, 0.9913, 1, 0.98367, 0.99245, 0.99286, 0.97857, 0.98787, 
0.98889, 0.98392, 0.97921, 0.98571, 0.99111, 0.9875, 0.98367, 
0.97691, 0.0106, 0.0096, 0.009, 0.0093, 0.0107, 0.01, 0.0094, 
0.0104, 0.0107, 0.0119, 0.0108, 13.1, 6.1, 12.9, 12.5, 13.7, 
18.7, 6.6, 6.4, 6.3, 23.4, 11.7, 13, 361, 104, 13, 259, 1615, 
10, 32, 83, 27, 16, 69, 10, 18, 86, 36, 1, 28, 84, 24, 82, 61, 
100, 100, 100, 100, 100, 100, 100, 100, 100, 100, 100, 2500, 
2500, 2500, 2500, 2500, 2500, 2500, 2500, 2500, 2500, 2500, 6678.424, 
6546.517, 6519.803, 6393.74000000001, 6558.47399999999, 6557.867, 
6536.00599999999, 6720.13099999999, 6540.925, 6639.55100000001, 
6602.478, 1, 1, 1, 1, 1, 1, 1, 1, 1, 1, 1, 0.25, 0.25, 0.25, 
0.25, 0.25, 0.25, 0.25, 0.25, 0.25, 0.25, 0.25, 0, 0, 0, 0, 0, 
0, 0, 0, 0, 0, 0, 0, 0, 0, 0, 0, 0, 0, 0, 0, 0, 0, 0.96978, 0.96524, 
0.96319, 0.95421, 0.97281, 0.97447, 0.97143, 0.96897, 0.97482, 
0.95967, 0.96181, 0.97747, 0.96524, 0.9624, 0.94833, 0.96228, 
0.96921, 0.95714, 0.96443, 0.97899, 0.97167, 0.96936, 0.0096, 
0.0095, 0.0104, 0.0104, 0.0108, 0.0109, 0.0114, 0.0117, 0.0105, 
0.0126, 0.0128, 25.7, 25.7, 25.7, 27.1, 28.2, 29.3, 30.2, 30, 
30.2, 31.9, 32.7, 1, 1, 1, 1, 1, 1, 1, 1, 1, 1, 1, 1, 1, 1, 1, 
1, 1, 1, 1, 1, 1, 1, 1, 1, 1, 1, 1, 1, 1, 1, 1, 1, 1, 1, 1, 1, 
1, 1, 1, 1, 1, 1, 1, 1, 2.62, 2.637, 2.689, 2.655, 2.671, 2.71, 
2.683, 2.688, 2.475, 2.705, 2.712), .Dim = c(11L, 40L), .Dimnames = list(
    NULL, c("Sampling", "PSO.cost", "PSO.gamma", "PSO.data.balancing", 
    "PSO.feature.selection", "PSO.valid.acc", "PSO.test.acc", 
    "PSO.train.time", "PSO.n.support.vectors", "PSO.index", "PSO.n.solutions", 
    "PSO.generations", "PSO.n.evaluations", "PSO.cpu.time", "RS.cost", 
    "RS.gamma", "RS.data.balancing", "RS.feature.selection", 
    "RS.valid.acc", "RS.test.acc", "RS.train.time", "RS.n.support.vectors", 
    "RS.index", "RS.n.solutions", "RS.generations", "RS.n.evaluations", 
    "RS.cpu.time", "DF.cost", "DF.gamma", "DF.data.balancing", 
    "DF.feature.selection", "DF.valid.acc", "DF.test.acc", "DF.train.time", 
    "DF.n.support.vectors", "DF.index", "DF.n.solutions", "DF.generations", 
    "DF.n.evaluations", "DF.cpu.time")))
