full <-
structure(c(50, 55, 60, 65, 70, 75, 80, 85, 90, 95, 100, 13.57358, 
15, 14.34445, 12.21569, 2.59092, 15, 14.47052, 12.52345, 13.64715, 
12.35666, 10.51984, -6.47386, -10.14397, -2.98045, -8.18536, 
3, -8.51839, -11.79754, -9.39878, -10.7826, -12.71871, -7.90008, 
0, 0, 0, 0, 0, 0, 0, 0, 0, 0, 0, 0, 0, 0, 0, 0, 0, 0, 0, 0, 0, 
0, 0.96978, 0.98, 0.975, 0.98268, 0.97281, 0.97421, 0.99048, 
0.99545, 0.98732, 0.984, 0.99231, 0.96209, 0.97333, 0.96875, 
0.9768, 0.97281, 0.97447, 0.98095, 0.99091, 0.98732, 0.97615, 
0.98476, 0.009, 0.0092, 0.0099, 0.0098, 0.0168, 0.01, 0.0113, 
0.0106, 0.0111, 0.0112, 0.0109, 4.6, 5, 7.5, 6.8, 129.8, 7.6, 
11.8, 11, 11.9, 18.1, 12.7, 11, 67, 59, 109, 46, 326, 236, 38, 
18, 9, 252, 1544, 442, 347, 332, 2239, 828, 253, 597, 682, 246, 
413, 100, 100, 100, 100, 100, 100, 100, 100, 100, 100, 100, 2500, 
2500, 2500, 2500, 2500, 2500, 2500, 2500, 2500, 2500, 2500, 6975.701, 
6849.427, 6769.074, 6669.921, 6645.352, 6483.746, 6460.966, 6633.167, 
6581.27500000001, 6501.901, 6643.33299999998, 14.8381, 14.35851, 
12.10058, 13.50605, 11.88803, 12.96267, 14.05513, 12.76599, 13.14718, 
14.30845, 11.9328, -5.47885, -8.99096, -8.25459, -10.33369, 2.99409, 
-7.23126, -11.25265, -10.16186, -10.08887, -14.6845, -9.28229, 
0, 0, 0, 0, 0, 0, 0, 0, 0, 0, 0, 0, 0, 0, 0, 0, 0, 0, 0, 0, 0, 
0, 0.96978, 0.97333, 0.975, 0.98268, 0.97281, 0.97421, 0.99048, 
0.99545, 0.98732, 0.984, 0.99231, 0.96978, 0.97333, 0.975, 0.9768, 
0.97281, 0.97974, 0.98571, 0.97745, 0.98732, 0.97215, 0.98846, 
0.0096, 0.0095, 0.0091, 0.0098, 0.0169, 0.0098, 0.0104, 0.0113, 
0.0112, 0.0123, 0.0117, 4.7, 4.9, 6.7, 7, 129.4, 7.7, 11.5, 11.4, 
11.9, 18.3, 12.8, 6, 33, 17, 101, 49, 19, 357, 55, 132, 79, 605, 
106, 78, 43, 44, 30, 10, 4, 27, 22, 24, 7, 100, 100, 100, 100, 
100, 100, 100, 100, 100, 100, 100, 2500, 2500, 2500, 2500, 2500, 
2500, 2500, 2500, 2500, 2500, 2500, 7008.604, 6888.976, 6793.529, 
6422.037, 6731.115, 6533.80099999999, 6522.274, 6526.35400000001, 
6623.66200000001, 6750.12499999999, 6731.323, 1, 1, 1, 1, 1, 
1, 1, 1, 1, 1, 1, 0.25, 0.25, 0.25, 0.25, 0.25, 0.25, 0.25, 0.25, 
0.25, 0.25, 0.25, 0, 0, 0, 0, 0, 0, 0, 0, 0, 0, 0, 0, 0, 0, 0, 
0, 0, 0, 0, 0, 0, 0, 0.95604, 0.96, 0.9625, 0.95948, 0.96199, 
0.95895, 0.9621, 0.95138, 0.94964, 0.96815, 0.96197, 0.95604, 
0.96, 0.9625, 0.95948, 0.95643, 0.96421, 0.9621, 0.96482, 0.94964, 
0.96431, 0.96595, 0.0114, 0.0096, 0.0104, 0.0097, 0.0102, 0.0105, 
0.011, 0.0112, 0.0114, 0.0119, 0.0117, 18, 18.7, 21, 22.5, 23.5, 
25.2, 28.3, 27.4, 29.5, 31.7, 32.4, 1, 1, 1, 1, 1, 1, 1, 1, 1, 
1, 1, 1, 1, 1, 1, 1, 1, 1, 1, 1, 1, 1, 1, 1, 1, 1, 1, 1, 1, 1, 
1, 1, 1, 1, 1, 1, 1, 1, 1, 1, 1, 1, 1, 1, 2.751, 2.755, 2.676, 
2.583, 2.652, 2.641, 2.674, 2.604, 2.661, 2.66, 2.661), .Dim = c(11L, 
40L), .Dimnames = list(NULL, c("Sampling", "PSO.cost", "PSO.gamma", 
"PSO.data.balancing", "PSO.feature.selection", "PSO.valid.acc", 
"PSO.test.acc", "PSO.train.time", "PSO.n.support.vectors", "PSO.index", 
"PSO.n.solutions", "PSO.generations", "PSO.n.evaluations", "PSO.cpu.time", 
"RS.cost", "RS.gamma", "RS.data.balancing", "RS.feature.selection", 
"RS.valid.acc", "RS.test.acc", "RS.train.time", "RS.n.support.vectors", 
"RS.index", "RS.n.solutions", "RS.generations", "RS.n.evaluations", 
"RS.cpu.time", "DF.cost", "DF.gamma", "DF.data.balancing", "DF.feature.selection", 
"DF.valid.acc", "DF.test.acc", "DF.train.time", "DF.n.support.vectors", 
"DF.index", "DF.n.solutions", "DF.generations", "DF.n.evaluations", 
"DF.cpu.time")))
