full <-
structure(c(50, 55, 60, 65, 70, 75, 80, 85, 90, 95, 100, 13.90738, 
15, 14.4071, 14.96581, 14.59409, 6.14535, 14.64946, 14.03408, 
15, 15, 12.1719, -7.9077, -13.71647, -8.44633, -9.87266, -8.9883, 
-3.24535, -6.65152, -8.77433, -9.84383, -11.73817, -9.91213, 
0, 0, 0, 0, 0, 0, 0, 0, 0, 0, 0, 0, 0, 0, 0, 0, 0, 0, 0, 0, 0, 
0, 0.97747, 0.97905, 0.99375, 0.99412, 0.98918, 0.98474, 0.99048, 
0.99565, 0.99167, 0.992, 0.98846, 0.97692, 0.96696, 0.98125, 
0.97647, 0.97865, 0.97921, 0.99048, 0.98202, 0.9875, 0.98, 0.97692, 
0.0094, 0.009, 0.0095, 0.0107, 0.0107, 0.0101, 0.0101, 0.0103, 
0.01, 0.0115, 0.0113, 5.4, 10.8, 5.3, 6.5, 5.8, 12.6, 5.9, 6.8, 
7.3, 11.2, 12.8, 17, 64, 41, 494, 183, 37, 4, 31, 121, 136, 420, 
1700, 914, 1459, 322, 649, 339, 1639, 288, 574, 449, 84, 100, 
100, 100, 100, 100, 100, 100, 100, 100, 100, 100, 2500, 2500, 
2500, 2500, 2500, 2500, 2500, 2500, 2500, 2500, 2500, 6891.283, 
6870.633, 6810.116, 6816.19, 6737.533, 6750.345, 6595.89899999999, 
6453.136, 6400.299, 6433.80799999999, 6592.655, 13.42326, 14.42982, 
14.9817, 14.23594, 14.89447, 5.26346, 10.8324, 14.23541, 13.87005, 
14.92803, 12.40885, -7.43392, -10.90744, -7.4677, -9.20271, -9.4256, 
-1.76756, -5.0575, -8.92877, -8.68237, -11.42807, -10.11771, 
0, 0, 0, 0, 0, 0, 0, 0, 0, 0, 0, 0, 0, 0, 0, 0, 0, 0, 0, 0, 0, 
0, 0.97747, 0.97905, 0.99375, 0.99412, 0.98918, 0.98474, 0.99048, 
0.99565, 0.99167, 0.992, 0.98846, 0.97692, 0.9719, 0.9875, 0.98235, 
0.97865, 0.96921, 0.98571, 0.98202, 0.9875, 0.98, 0.97692, 0.0102, 
0.0099, 0.0101, 0.0105, 0.0104, 0.0107, 0.0095, 0.0107, 0.01, 
0.0114, 0.0119, 6.1, 7.4, 5.9, 6.6, 6.1, 17.9, 7.6, 6.7, 7.3, 
11.1, 12.7, 72, 8, 101, 459, 71, 28, 76, 1763, 158, 525, 1131, 
61, 24, 56, 4, 6, 4, 46, 2, 5, 3, 2, 100, 100, 100, 100, 100, 
100, 100, 100, 100, 100, 100, 2500, 2500, 2500, 2500, 2500, 2500, 
2500, 2500, 2500, 2500, 2500, 6877.206, 6859.957, 6807.806, 6772.958, 
6757.26100000001, 6747.823, 6445.875, 6516.14199999999, 6430.442, 
6541.192, 6616.899, 1, 1, 1, 1, 1, 1, 1, 1, 1, 1, 1, 0.25, 0.25, 
0.25, 0.25, 0.25, 0.25, 0.25, 0.25, 0.25, 0.25, 0.25, 0, 0, 0, 
0, 0, 0, 0, 0, 0, 0, 0, 0, 0, 0, 0, 0, 0, 0, 0, 0, 0, 0, 0.94011, 
0.93179, 0.93157, 0.948, 0.94561, 0.94895, 0.95281, 0.96917, 
0.97047, 0.96414, 0.95798, 0.94011, 0.92417, 0.92449, 0.94212, 
0.95117, 0.95495, 0.94351, 0.97806, 0.95797, 0.96414, 0.96197, 
0.0097, 0.0102, 0.0101, 0.0098, 0.0132, 0.0106, 0.0111, 0.0115, 
0.0113, 0.0116, 0.0118, 24.6, 25, 24.7, 26.7, 27.5, 29.7, 30.4, 
31.4, 31.5, 31.8, 32.8, 1, 1, 1, 1, 1, 1, 1, 1, 1, 1, 1, 1, 1, 
1, 1, 1, 1, 1, 1, 1, 1, 1, 1, 1, 1, 1, 1, 1, 1, 1, 1, 1, 1, 1, 
1, 1, 1, 1, 1, 1, 1, 1, 1, 1, 2.757, 2.736, 2.694, 2.708, 2.722, 
2.655, 2.635, 2.706, 2.661, 2.65, 2.48), .Dim = c(11L, 40L), .Dimnames = list(
    NULL, c("Sampling", "PSO.cost", "PSO.gamma", "PSO.data.balancing", 
    "PSO.feature.selection", "PSO.valid.acc", "PSO.test.acc", 
    "PSO.train.time", "PSO.n.support.vectors", "PSO.index", "PSO.n.solutions", 
    "PSO.generations", "PSO.n.evaluations", "PSO.cpu.time", "RS.cost", 
    "RS.gamma", "RS.data.balancing", "RS.feature.selection", 
    "RS.valid.acc", "RS.test.acc", "RS.train.time", "RS.n.support.vectors", 
    "RS.index", "RS.n.solutions", "RS.generations", "RS.n.evaluations", 
    "RS.cpu.time", "DF.cost", "DF.gamma", "DF.data.balancing", 
    "DF.feature.selection", "DF.valid.acc", "DF.test.acc", "DF.train.time", 
    "DF.n.support.vectors", "DF.index", "DF.n.solutions", "DF.generations", 
    "DF.n.evaluations", "DF.cpu.time")))
