full <-
structure(c(50, 55, 60, 65, 70, 75, 80, 85, 90, 95, 100, 12.20194, 
10.32038, 9.83397, 14.52437, 15, 14.4938, 14.46729, 5.74878, 
12.00741, 15, 14.51888, -12.32766, -5.53586, -4.50799, -9.63303, 
-6.75101, -10.64775, -12.25895, -1.62781, -7.31137, -10.94103, 
-9.11467, 0, 0, 0, 0, 0, 0, 0, 0, 0, 0, 0, 0, 0, 0, 0, 0, 0, 
0, 0, 0, 0, 0, 0.96978, 0.97952, 0.97532, 0.9768, 0.98392, 0.98974, 
0.98569, 0.96858, 0.9913, 0.98767, 0.9886, 0.94725, 0.97238, 
0.96907, 0.96536, 0.97836, 0.98447, 0.9766, 0.95949, 0.97862, 
0.97167, 0.98476, 0.0098, 0.0106, 0.0098, 0.0103, 0.0106, 0.0113, 
0.0107, 0.0101, 0.0107, 0.0115, 0.012, 11.1, 5.7, 7.1, 8.3, 6.9, 
9.1, 11.4, 12.5, 9.3, 10.6, 10, 4, 45, 54, 177, 28, 9, 149, 150, 
288, 341, 119, 618, 1398, 289, 830, 1301, 1151, 1172, 149, 221, 
66, 394, 100, 100, 100, 100, 100, 100, 100, 100, 100, 100, 100, 
2500, 2500, 2500, 2500, 2500, 2500, 2500, 2500, 2500, 2500, 2500, 
6852.264, 6643.755, 6607.431, 6667.316, 6667.357, 6690.103, 6696.405, 
6675.69499999999, 6573.413, 6613.962, 6542.13700000002, 14.9032, 
12.20835, 11.03083, 14.69589, 13.96709, 13.74466, 13.86835, 12.55478, 
12.55212, 13.54022, 14.99064, -8.12881, -6.90049, -5.30106, -9.75235, 
-5.93408, -9.74115, -10.08006, -10.35769, -7.79954, -10.64616, 
-9.37169, 0, 0, 0, 0, 0, 0, 0, 0, 0, 0, 0, 0, 0, 0, 0, 0, 0, 
0, 0, 0, 0, 0, 0.96978, 0.97952, 0.97532, 0.9768, 0.98392, 0.98974, 
0.98615, 0.97292, 0.9913, 0.98367, 0.9886, 0.97088, 0.97238, 
0.96907, 0.96536, 0.9731, 0.98974, 0.97184, 0.97292, 0.97862, 
0.97967, 0.98476, 0.0099, 0.01, 0.0093, 0.01, 0.01, 0.011, 0.0115, 
0.0111, 0.0115, 0.012, 0.0123, 5, 5.5, 6.8, 8.2, 6.8, 9, 9.7, 
11.7, 9.4, 12.1, 9.7, 9, 13, 17, 83, 50, 20, 787, 6, 1020, 262, 
1110, 63, 124, 15, 2, 16, 40, 1, 36, 1, 7, 1, 100, 100, 100, 
100, 100, 100, 100, 100, 100, 100, 100, 2500, 2500, 2500, 2500, 
2500, 2500, 2500, 2500, 2500, 2500, 2500, 6669.083, 6707.841, 
6713.146, 6588.02600000001, 6699.98299999999, 6569.076, 6564.141, 
6593.524, 6603.92600000001, 6817.51599999999, 6643.87, 1, 1, 
1, 1, 1, 1, 1, 1, 1, 1, 1, 0.25, 0.25, 0.25, 0.25, 0.25, 0.25, 
0.25, 0.25, 0.25, 0.25, 0.25, 0, 0, 0, 0, 0, 0, 0, 0, 0, 0, 0, 
0, 0, 0, 0, 0, 0, 0, 0, 0, 0, 0, 0.94725, 0.96565, 0.95615, 0.95976, 
0.95673, 0.95921, 0.96167, 0.94603, 0.96196, 0.96383, 0.97721, 
0.9478, 0.95185, 0.96949, 0.95388, 0.95673, 0.95395, 0.96688, 
0.95057, 0.96196, 0.95583, 0.96567, 0.01, 0.0099, 0.0096, 0.0104, 
0.0123, 0.0117, 0.0106, 0.0112, 0.0119, 0.012, 0.0123, 21.7, 
23.2, 24.1, 25.3, 25.8, 27.6, 28.2, 28.8, 30.3, 31.2, 32.5, 1, 
1, 1, 1, 1, 1, 1, 1, 1, 1, 1, 1, 1, 1, 1, 1, 1, 1, 1, 1, 1, 1, 
1, 1, 1, 1, 1, 1, 1, 1, 1, 1, 1, 1, 1, 1, 1, 1, 1, 1, 1, 1, 1, 
1, 2.678, 2.701, 2.657, 2.644, 2.72, 2.705, 2.541, 2.631, 2.635, 
2.708, 2.573), .Dim = c(11L, 40L), .Dimnames = list(NULL, c("Sampling", 
"PSO.cost", "PSO.gamma", "PSO.data.balancing", "PSO.feature.selection", 
"PSO.valid.acc", "PSO.test.acc", "PSO.train.time", "PSO.n.support.vectors", 
"PSO.index", "PSO.n.solutions", "PSO.generations", "PSO.n.evaluations", 
"PSO.cpu.time", "RS.cost", "RS.gamma", "RS.data.balancing", "RS.feature.selection", 
"RS.valid.acc", "RS.test.acc", "RS.train.time", "RS.n.support.vectors", 
"RS.index", "RS.n.solutions", "RS.generations", "RS.n.evaluations", 
"RS.cpu.time", "DF.cost", "DF.gamma", "DF.data.balancing", "DF.feature.selection", 
"DF.valid.acc", "DF.test.acc", "DF.train.time", "DF.n.support.vectors", 
"DF.index", "DF.n.solutions", "DF.generations", "DF.n.evaluations", 
"DF.cpu.time")))
