full <-
structure(c(50, 55, 60, 65, 70, 75, 80, 85, 90, 95, 100, 12.157, 
14.25943, 14.8114, 15, 10.54467, 15, 11.82293, 15, 15, 13.56991, 
9.05721, -8.64044, -8.52751, -6.49924, -10.5436, -4.94847, -9.67902, 
-6.15799, -3.11718, -10.08878, -9.68102, -4.64439, 0, 0, 0, 0, 
0, 0, 0, 0, 0, 0, 0, 0, 0, 0, 0, 0, 0, 0, 0, 0, 0, 0, 0.98571, 
0.99286, 0.98824, 0.99444, 0.98947, 0.99, 1, 0.98182, 0.99149, 
0.992, 0.98846, 0.97802, 1, 0.98157, 0.99444, 0.98363, 0.98974, 
1, 0.95514, 0.99583, 0.984, 0.98076, 0.0096, 0.0101, 0.0091, 
0.01, 0.0115, 0.0105, 0.0098, 0.0109, 0.0111, 0.0117, 0.0112, 
6.9, 4.3, 4.9, 6.1, 5.8, 5.9, 6.2, 8.5, 9.9, 10.6, 12, 6, 7, 
27, 97, 33, 52, 40, 29, 59, 44, 38, 1568, 1072, 1819, 730, 1348, 
631, 1681, 1541, 772, 651, 797, 100, 100, 100, 100, 100, 100, 
100, 100, 100, 100, 100, 2500, 2500, 2500, 2500, 2500, 2500, 
2500, 2500, 2500, 2500, 2500, 6551.446, 6815.264, 6777.822, 6766.394, 
6751.113, 6766.545, 6609.02399999999, 6511.91, 6556.753, 6343.893, 
6676.152, 13.98065, 13.25673, 13.23381, 13.79312, 13.36169, 14.72678, 
11.56505, 11.68243, 14.47272, 13.41264, 9.45896, -7.4742, -10.01251, 
-6.58717, -6.56383, -5.20286, -9.94407, -6.92555, -3.0831, -9.75517, 
-9.46889, -5.0669, 0, 0, 0, 0, 0, 0, 0, 0, 0, 0, 0, 0, 0, 0, 
0, 0, 0, 0, 0, 0, 0, 0, 0.98571, 0.99286, 0.98824, 0.99412, 0.98947, 
0.98974, 1, 0.98182, 0.99149, 0.992, 0.98846, 0.97857, 0.99286, 
0.98157, 0.98856, 0.98363, 0.99474, 1, 0.95514, 0.99583, 0.984, 
0.98446, 0.0094, 0.009, 0.0093, 0.0098, 0.0116, 0.0099, 0.01, 
0.0107, 0.0109, 0.0119, 0.011, 4.5, 7.1, 4.9, 5, 5.3, 6.6, 7.5, 
8.5, 10.2, 10.7, 11.9, 27, 36, 21, 244, 87, 11, 18, 45, 585, 
546, 239, 97, 93, 44, 30, 26, 147, 82, 14, 5, 6, 11, 100, 100, 
100, 100, 100, 100, 100, 100, 100, 100, 100, 2500, 2500, 2500, 
2500, 2500, 2500, 2500, 2500, 2500, 2500, 2500, 6851.368, 6919.466, 
6678.874, 6758.511, 6720.377, 6743.42999999999, 6576.273, 6480.20600000001, 
6617.948, 6653.988, 6699.03700000001, 1, 1, 1, 1, 1, 1, 1, 1, 
1, 1, 1, 0.25, 0.25, 0.25, 0.25, 0.25, 0.25, 0.25, 0.25, 0.25, 
0.25, 0.25, 0, 0, 0, 0, 0, 0, 0, 0, 0, 0, 0, 0, 0, 0, 0, 0, 0, 
0, 0, 0, 0, 0, 0.94725, 0.95143, 0.93689, 0.94767, 0.95702, 0.94442, 
0.96684, 0.94603, 0.97029, 0.95583, 0.96181, 0.94725, 0.94476, 
0.94985, 0.95392, 0.9462, 0.94942, 0.96208, 0.95057, 0.97011, 
0.96, 0.96567, 0.0096, 0.01, 0.0104, 0.0104, 0.0107, 0.0107, 
0.0108, 0.0107, 0.0115, 0.0122, 0.0123, 21.3, 23.4, 25.1, 25.8, 
26.4, 28, 28.1, 31.2, 32.6, 32.8, 33.3, 1, 1, 1, 1, 1, 1, 1, 
1, 1, 1, 1, 1, 1, 1, 1, 1, 1, 1, 1, 1, 1, 1, 1, 1, 1, 1, 1, 1, 
1, 1, 1, 1, 1, 1, 1, 1, 1, 1, 1, 1, 1, 1, 1, 1, 2.795, 2.759, 
2.71, 2.698, 2.678, 2.695, 2.682, 2.623, 2.657, 2.692, 2.674), .Dim = c(11L, 
40L), .Dimnames = list(NULL, c("Sampling", "PSO.cost", "PSO.gamma", 
"PSO.data.balancing", "PSO.feature.selection", "PSO.valid.acc", 
"PSO.test.acc", "PSO.train.time", "PSO.n.support.vectors", "PSO.index", 
"PSO.n.solutions", "PSO.generations", "PSO.n.evaluations", "PSO.cpu.time", 
"RS.cost", "RS.gamma", "RS.data.balancing", "RS.feature.selection", 
"RS.valid.acc", "RS.test.acc", "RS.train.time", "RS.n.support.vectors", 
"RS.index", "RS.n.solutions", "RS.generations", "RS.n.evaluations", 
"RS.cpu.time", "DF.cost", "DF.gamma", "DF.data.balancing", "DF.feature.selection", 
"DF.valid.acc", "DF.test.acc", "DF.train.time", "DF.n.support.vectors", 
"DF.index", "DF.n.solutions", "DF.generations", "DF.n.evaluations", 
"DF.cpu.time")))
