full <-
structure(c(50, 55, 60, 65, 70, 75, 80, 85, 90, 95, 100, 12.15134, 
4.8354, 2.45749, 14.99135, 12.53039, 15, 14.41819, 15, 15, 12.94657, 
10.94448, -9.93293, -2.29013, -0.97275, -11.52523, -10.53928, 
-9.89017, -10.04404, -13.41454, -5.06131, -13.37137, -8.57686, 
0, 0, 0, 0, 0, 0, 0, 0, 0, 0, 0, 0, 0, 0, 0, 0, 0, 0, 0, 0, 0, 
0, 0.98516, 0.98619, 0.98824, 0.98268, 0.99444, 0.99024, 0.99069, 
0.99089, 0.98315, 0.988, 0.99231, 0.98516, 0.98619, 0.96907, 
0.98268, 0.98333, 0.98497, 0.98593, 0.982, 0.98297, 0.988, 0.9849, 
0.0092, 0.01, 0.0101, 0.0099, 0.0096, 0.0109, 0.0105, 0.0104, 
0.0106, 0.0113, 0.0105, 8.2, 14.8, 28.9, 6.6, 8.2, 6.8, 7, 10.4, 
5.8, 18.3, 12.7, 2, 49, 1531, 3, 140, 72, 1409, 55, 60, 13, 134, 
1113, 849, 188, 858, 88, 471, 30, 227, 307, 658, 480, 100, 100, 
100, 100, 100, 100, 100, 100, 100, 100, 100, 2500, 2500, 2500, 
2500, 2500, 2500, 2500, 2500, 2500, 2500, 2500, 6745.401, 6733.257, 
6575.771, 6771.829, 6545.701, 6565.148, 6545.774, 6701.251, 6436.80899999999, 
6629.04399999999, 6699.674, 11.44493, 0.83994, 2.73878, 9.05035, 
13.83391, 14.33852, 12.71693, 12.80573, 5.3618, 11.65993, 13.6051, 
-8.29317, -1.21884, -1.11407, -6.47667, -11.88343, -9.04268, 
-7.58025, -11.24904, -6.33795, -4.72193, -10.95898, 0, 0, 0, 
0, 0, 0, 0, 0, 0, 0, 0, 0, 0, 0, 0, 0, 0, 0, 0, 0, 0, 0, 0.98516, 
0.99333, 0.98824, 0.98268, 0.99444, 0.99024, 0.98593, 0.99089, 
0.98714, 0.988, 0.99231, 0.98516, 0.95857, 0.96907, 0.98268, 
0.98333, 0.98497, 0.98593, 0.982, 0.9788, 0.976, 0.9849, 0.0091, 
0.0097, 0.0096, 0.0093, 0.0099, 0.0096, 0.0104, 0.0101, 0.0108, 
0.0108, 0.0113, 7.3, 28.9, 27.1, 8.1, 8.2, 6.7, 7, 10.5, 18.2, 
8.8, 12.3, 40, 1167, 1142, 40, 232, 652, 2, 254, 1981, 19, 348, 
129, 1, 1, 113, 6, 7, 153, 14, 1, 17, 15, 100, 100, 100, 100, 
100, 100, 100, 100, 100, 100, 100, 2500, 2500, 2500, 2500, 2500, 
2500, 2500, 2500, 2500, 2500, 2500, 6773.948, 6428.455, 6535.087, 
6740.073, 6727.499, 6419.19, 6724.25, 6637.64999999999, 6505.553, 
6720.19499999999, 6645.54699999999, 1, 1, 1, 1, 1, 1, 1, 1, 1, 
1, 1, 0.25, 0.25, 0.25, 0.25, 0.25, 0.25, 0.25, 0.25, 0.25, 0.25, 
0.25, 0, 0, 0, 0, 0, 0, 0, 0, 0, 0, 0, 0, 0, 0, 0, 0, 0, 0, 0, 
0, 0, 0, 0.93242, 0.94476, 0.94355, 0.94739, 0.9731, 0.97019, 
0.95732, 0.96814, 0.96178, 0.95983, 0.95812, 0.94725, 0.94476, 
0.94397, 0.95327, 0.9731, 0.95492, 0.96208, 0.96382, 0.9663, 
0.972, 0.96197, 0.0096, 0.0103, 0.0097, 0.0098, 0.0105, 0.011, 
0.0106, 0.0116, 0.0116, 0.0116, 0.0127, 22.6, 24, 24.9, 24.7, 
25.5, 25.8, 26.8, 26.8, 30.1, 30.7, 32.3, 1, 1, 1, 1, 1, 1, 1, 
1, 1, 1, 1, 1, 1, 1, 1, 1, 1, 1, 1, 1, 1, 1, 1, 1, 1, 1, 1, 1, 
1, 1, 1, 1, 1, 1, 1, 1, 1, 1, 1, 1, 1, 1, 1, 1, 2.709, 2.709, 
2.507, 2.662, 2.708, 2.674, 2.633, 2.666, 2.699, 2.653, 2.67), .Dim = c(11L, 
40L), .Dimnames = list(NULL, c("Sampling", "PSO.cost", "PSO.gamma", 
"PSO.data.balancing", "PSO.feature.selection", "PSO.valid.acc", 
"PSO.test.acc", "PSO.train.time", "PSO.n.support.vectors", "PSO.index", 
"PSO.n.solutions", "PSO.generations", "PSO.n.evaluations", "PSO.cpu.time", 
"RS.cost", "RS.gamma", "RS.data.balancing", "RS.feature.selection", 
"RS.valid.acc", "RS.test.acc", "RS.train.time", "RS.n.support.vectors", 
"RS.index", "RS.n.solutions", "RS.generations", "RS.n.evaluations", 
"RS.cpu.time", "DF.cost", "DF.gamma", "DF.data.balancing", "DF.feature.selection", 
"DF.valid.acc", "DF.test.acc", "DF.train.time", "DF.n.support.vectors", 
"DF.index", "DF.n.solutions", "DF.generations", "DF.n.evaluations", 
"DF.cpu.time")))
