full <-
structure(c(50, 55, 60, 65, 70, 75, 80, 85, 90, 95, 100, 15, 
11.53072, 10.20741, 6.27078, 11.87908, 15, 9.84724, 5.05392, 
3.29975, 12.54822, 14.34134, -11.56165, -8.41074, -7.27336, -5.0636, 
-8.08067, -14.73609, -7.22236, -5.37544, -4.20598, -14.11168, 
-12.07977, 0, 0, 0, 0, 0, 0, 0, 0, 0, 0, 0, 0, 0, 0, 0, 0, 0, 
0, 0, 0, 0, 0, 0.99286, 0.99333, 0.99375, 0.98194, 0.99474, 0.99, 
0.98115, 0.9913, 0.98297, 0.984, 0.9849, 1, 0.9719, 0.99375, 
0.98194, 0.98918, 0.97548, 0.98091, 0.98676, 0.9663, 0.964, 0.9886, 
0.0089, 0.0101, 0.0101, 0.01, 0.0102, 0.0106, 0.0104, 0.0109, 
0.0117, 0.011, 0.0113, 6.2, 7.6, 7.8, 10.7, 7, 13.5, 9.6, 16.2, 
20.3, 22.2, 12.7, 166, 120, 110, 33, 94, 175, 3, 35, 1139, 10, 
113, 224, 961, 126, 593, 396, 166, 865, 865, 12, 489, 176, 100, 
100, 100, 100, 100, 100, 100, 100, 100, 100, 100, 2500, 2500, 
2500, 2500, 2500, 2500, 2500, 2500, 2500, 2500, 2500, 6524.715, 
6587.111, 6729.593, 6754.637, 6760.9, 6429.51700000001, 6435.62700000001, 
6486.859, 6454.817, 6435.10699999999, 6407.954, 13.34504, 14.82856, 
10.45425, 11.64438, 9.43569, 14.66324, 11.71076, 6.15583, 1.56599, 
11.67227, 14.76209, -9.94743, -10.53602, -7.31104, -8.69481, 
-6.48484, -9.12408, -11.28425, -6.26712, -2.24442, -13.34791, 
-12.49204, 0, 0, 0, 0, 0, 0, 0, 0, 0, 0, 0, 0, 0, 0, 0, 0, 0, 
0, 0, 0, 0, 0, 0.99286, 0.99333, 0.99375, 0.98194, 0.99474, 0.98548, 
0.98115, 0.9913, 0.9788, 0.984, 0.9849, 0.99231, 0.98619, 0.99375, 
0.98194, 0.98421, 0.98048, 0.97615, 0.98676, 0.9663, 0.96, 0.9886, 
0.0094, 0.0101, 0.0102, 0.0097, 0.0102, 0.0106, 0.0099, 0.0109, 
0.0116, 0.0113, 0.0124, 6.4, 5.8, 7.6, 7, 7.6, 6.6, 13, 15.2, 
24.9, 22.5, 12.7, 2208, 56, 92, 8, 92, 303, 25, 133, 35, 35, 
201, 1, 39, 3, 112, 31, 7, 82, 26, 71, 39, 4, 100, 100, 100, 
100, 100, 100, 100, 100, 100, 100, 100, 2500, 2500, 2500, 2500, 
2500, 2500, 2500, 2500, 2500, 2500, 2500, 6560.652, 6670.006, 
6741.27800000001, 6748.926, 6794.03199999999, 6399.63200000001, 
6489.836, 6453.792, 6610.31299999999, 6484.36300000001, 6548.50899999999, 
1, 1, 1, 1, 1, 1, 1, 1, 1, 1, 1, 0.25, 0.25, 0.25, 0.25, 0.25, 
0.25, 0.25, 0.25, 0.25, 0.25, 0.25, 0, 0, 0, 0, 0, 0, 0, 0, 0, 
0, 0, 0, 0, 0, 0, 0, 0, 0, 0, 0, 0, 0, 0.9467, 0.95143, 0.96208, 
0.95944, 0.9731, 0.97021, 0.96684, 0.96937, 0.96612, 0.956, 0.95811, 
0.94725, 0.95143, 0.95542, 0.96495, 0.97339, 0.96471, 0.95277, 
0.96028, 0.9663, 0.948, 0.9507, 0.0104, 0.0099, 0.0102, 0.0103, 
0.0108, 0.0106, 0.0112, 0.0114, 0.0125, 0.0127, 0.0123, 22.9, 
22.4, 23, 26, 26.7, 27.7, 28.8, 29.9, 30.6, 32.7, 32.6, 1, 1, 
1, 1, 1, 1, 1, 1, 1, 1, 1, 1, 1, 1, 1, 1, 1, 1, 1, 1, 1, 1, 1, 
1, 1, 1, 1, 1, 1, 1, 1, 1, 1, 1, 1, 1, 1, 1, 1, 1, 1, 1, 1, 1, 
2.681, 2.683, 2.678, 2.662, 2.679, 2.575, 2.509, 2.646, 2.703, 
2.62, 2.678), .Dim = c(11L, 40L), .Dimnames = list(NULL, c("Sampling", 
"PSO.cost", "PSO.gamma", "PSO.data.balancing", "PSO.feature.selection", 
"PSO.valid.acc", "PSO.test.acc", "PSO.train.time", "PSO.n.support.vectors", 
"PSO.index", "PSO.n.solutions", "PSO.generations", "PSO.n.evaluations", 
"PSO.cpu.time", "RS.cost", "RS.gamma", "RS.data.balancing", "RS.feature.selection", 
"RS.valid.acc", "RS.test.acc", "RS.train.time", "RS.n.support.vectors", 
"RS.index", "RS.n.solutions", "RS.generations", "RS.n.evaluations", 
"RS.cpu.time", "DF.cost", "DF.gamma", "DF.data.balancing", "DF.feature.selection", 
"DF.valid.acc", "DF.test.acc", "DF.train.time", "DF.n.support.vectors", 
"DF.index", "DF.n.solutions", "DF.generations", "DF.n.evaluations", 
"DF.cpu.time")))
