full <-
structure(c(50, 55, 60, 65, 70, 75, 80, 85, 90, 95, 100, 11.16735, 
9.51156, 10.18312, 14.27163, 4.88736, 15, 15, 15, 5.20345, 11.91375, 
9.98643, -12.2691, 0.22154, -4.31553, -8.35415, -6.33322, -10.03796, 
-7.21014, -9.84256, -4.34305, -8.74772, -10.28671, 0, 0, 0, 0, 
0, 0, 0, 0, 0, 0, 0, 0, 0, 0, 0, 0, 0, 0, 0, 0, 0, 0, 0.98462, 
0.98, 0.99375, 0.99412, 1, 1, 0.99545, 1, 0.98297, 0.98783, 0.98519, 
0.96154, 0.97286, 0.99375, 0.98301, 0.9731, 1, 0.99069, 1, 0.97029, 
0.97583, 0.98148, 0.0096, 0.0115, 0.0095, 0.0094, 0.0096, 0.01, 
0.0098, 0.0099, 0.0117, 0.0111, 0.0123, 12.7, 48.5, 4.5, 4.6, 
16, 5.8, 4.6, 5.7, 16, 11.4, 19.1, 18, 3, 48, 5, 142, 50, 79, 
83, 111, 189, 272, 467, 1617, 708, 1515, 180, 1426, 1157, 814, 
672, 365, 379, 100, 100, 100, 100, 100, 100, 100, 100, 100, 100, 
100, 2500, 2500, 2500, 2500, 2500, 2500, 2500, 2500, 2500, 2500, 
2500, 6990.724, 6898.798, 6897.485, 6571.631, 6540.67400000001, 
6614.51300000001, 6600.22899999999, 6664.24399999999, 6525.693, 
6595.132, 6651.00599999999, 2.66635, 7.3098, 13.4074, 14.11933, 
5.27569, 14.74589, 12.21238, 11.57314, 5.43642, 12.93506, 12.07062, 
-3.90898, -1.71181, -7.56677, -8.64847, -6.79429, -9.59232, -7.1118, 
-7.62274, -4.75631, -9.23921, -12.288, 0, 0, 0, 0, 0, 0, 0, 0, 
0, 0, 0, 0, 0, 0, 0, 0, 0, 0, 0, 0, 0, 0, 0.98462, 0.98, 0.99375, 
0.99412, 1, 1, 0.99545, 0.99545, 0.98297, 0.98783, 0.98519, 0.96923, 
0.97333, 0.99375, 0.98301, 0.9731, 1, 0.99069, 0.99111, 0.97446, 
0.97583, 0.98148, 0.0101, 0.0094, 0.01, 0.0097, 0.01, 0.0095, 
0.0106, 0.0123, 0.0106, 0.0113, 0.0116, 14.1, 7.6, 4.9, 5, 16.1, 
5.8, 6.2, 7.7, 16, 11.2, 18.8, 65, 9, 12, 98, 593, 214, 46, 21, 
1170, 243, 12, 164, 256, 75, 22, 2, 14, 13, 103, 5, 7, 51, 100, 
100, 100, 100, 100, 100, 100, 100, 100, 100, 100, 2500, 2500, 
2500, 2500, 2500, 2500, 2500, 2500, 2500, 2500, 2500, 6949.83, 
6871.596, 6663.053, 6584.651, 6618.736, 6661.838, 6698.353, 6595.88499999999, 
6553.477, 6685.484, 6735.04000000001, 1, 1, 1, 1, 1, 1, 1, 1, 
1, 1, 1, 0.25, 0.25, 0.25, 0.25, 0.25, 0.25, 0.25, 0.25, 0.25, 
0.25, 0.25, 0, 0, 0, 0, 0, 0, 0, 0, 0, 0, 0, 0, 0, 0, 0, 0, 0, 
0, 0, 0, 0, 0, 0.94725, 0.95143, 0.975, 0.95948, 0.9731, 0.96974, 
0.97165, 0.96423, 0.95743, 0.96767, 0.96268, 0.93956, 0.9581, 
0.975, 0.97092, 0.96257, 0.97974, 0.98095, 0.97352, 0.97065, 
0.96783, 0.96268, 0.0094, 0.0101, 0.0101, 0.01, 0.0112, 0.0109, 
0.0108, 0.0112, 0.0104, 0.0122, 0.0121, 23.3, 22.9, 24.1, 24, 
26.8, 27.8, 28.2, 28.3, 29.9, 31, 32.8, 1, 1, 1, 1, 1, 1, 1, 
1, 1, 1, 1, 1, 1, 1, 1, 1, 1, 1, 1, 1, 1, 1, 1, 1, 1, 1, 1, 1, 
1, 1, 1, 1, 1, 1, 1, 1, 1, 1, 1, 1, 1, 1, 1, 1, 2.605, 2.775, 
2.719, 2.605, 2.646, 2.709, 2.68, 2.651, 2.405, 2.72, 2.666), .Dim = c(11L, 
40L), .Dimnames = list(NULL, c("Sampling", "PSO.cost", "PSO.gamma", 
"PSO.data.balancing", "PSO.feature.selection", "PSO.valid.acc", 
"PSO.test.acc", "PSO.train.time", "PSO.n.support.vectors", "PSO.index", 
"PSO.n.solutions", "PSO.generations", "PSO.n.evaluations", "PSO.cpu.time", 
"RS.cost", "RS.gamma", "RS.data.balancing", "RS.feature.selection", 
"RS.valid.acc", "RS.test.acc", "RS.train.time", "RS.n.support.vectors", 
"RS.index", "RS.n.solutions", "RS.generations", "RS.n.evaluations", 
"RS.cpu.time", "DF.cost", "DF.gamma", "DF.data.balancing", "DF.feature.selection", 
"DF.valid.acc", "DF.test.acc", "DF.train.time", "DF.n.support.vectors", 
"DF.index", "DF.n.solutions", "DF.generations", "DF.n.evaluations", 
"DF.cpu.time")))
