full <-
structure(c(50, 55, 60, 65, 70, 75, 80, 85, 90, 95, 100, 4.12947, 
11.96568, 4.9631, 9.59112, 1, 9.90854, 15, 12.61607, 12.45699, 
13.08584, 13.68712, -4.36743, -11.04744, -5.82524, -4.5362, 0.25, 
-10.84885, -11.77392, -11.01382, -10.76526, -9.64048, -9.2494, 
0, 0, 0, 0, 0, 0, 0, 0, 0, 0, 0, 0, 0, 0, 0, 0, 0, 0, 0, 0, 0, 
0, 0.99231, 0.97952, 0.98745, 0.98268, 0.97836, 0.985, 0.97641, 
0.982, 0.99167, 0.984, 0.98815, 0.97692, 0.97286, 0.96902, 0.95388, 
0.96754, 0.985, 0.97641, 0.96876, 0.9788, 0.988, 0.9806, 0.0094, 
0.0095, 0.01, 0.0114, 0.011, 0.01, 0.0109, 0.011, 0.0113, 0.0108, 
0.0137, 10.4, 10.6, 13.8, 8.3, 29, 17.3, 10.9, 13.3, 13.5, 11.4, 
10.6, 32, 7, 162, 514, 1, 48, 99, 139, 126, 14, 398, 855, 554, 
152, 215, 340, 125, 955, 778, 100, 769, 134, 100, 100, 100, 100, 
100, 100, 100, 100, 100, 100, 100, 2500, 2500, 2500, 2500, 2500, 
2500, 2500, 2500, 2500, 2500, 2500, 6911.289, 6773.609, 6990.905, 
6946.342, 6577.353, 6594.693, 6776.814, 6694.893, 6653.86300000001, 
6736.93799999999, 6727.79400000002, 2.93625, 4.354, 6.57996, 
10.59771, -0.02858, 9.22152, 14.49565, 14.82124, 12.24693, 14.65886, 
13.39603, -3.93246, -4.01748, -7.39082, -4.64238, -1.74708, -10.24433, 
-11.72753, -12.76707, -10.62027, -10.04443, -8.98585, 0, 0, 0, 
0, 0, 0, 0, 0, 0, 0, 0, 0, 0, 0, 0, 0, 0, 0, 0, 0, 0, 0, 0.99231, 
0.97952, 0.98745, 0.98268, 0.97836, 0.985, 0.97641, 0.982, 0.99167, 
0.984, 0.98815, 0.97692, 0.97952, 0.96314, 0.95319, 0.96754, 
0.985, 0.96688, 0.97765, 0.9788, 0.984, 0.9806, 0.0095, 0.0095, 
0.01, 0.0104, 0.0114, 0.0103, 0.0109, 0.0107, 0.0109, 0.0113, 
0.0112, 12.1, 11.3, 14, 7.2, 29.5, 17.4, 11.2, 12.7, 13.6, 10.2, 
10.7, 38, 3, 334, 521, 42, 259, 232, 81, 1259, 25, 700, 65, 76, 
3, 3, 65, 19, 9, 24, 1, 103, 5, 100, 100, 100, 100, 100, 100, 
100, 100, 100, 100, 100, 2500, 2500, 2500, 2500, 2500, 2500, 
2500, 2500, 2500, 2500, 2500, 6838.295, 6943.852, 7066.542, 6799.715, 
6565.85, 6750.99600000001, 6712.95699999999, 6699.398, 6646.03600000001, 
6825.79399999999, 6376.53599999999, 1, 1, 1, 1, 1, 1, 1, 1, 1, 
1, 1, 0.25, 0.25, 0.25, 0.25, 0.25, 0.25, 0.25, 0.25, 0.25, 0.25, 
0.25, 0, 0, 0, 0, 0, 0, 0, 0, 0, 0, 0, 0, 0, 0, 0, 0, 0, 0, 0, 
0, 0, 0, 0.96978, 0.94476, 0.96157, 0.96013, 0.97836, 0.96474, 
0.9526, 0.95571, 0.95779, 0.96, 0.96921, 0.97747, 0.95905, 0.96824, 
0.96634, 0.96754, 0.965, 0.95736, 0.96461, 0.95779, 0.956, 0.95753, 
0.0099, 0.01, 0.0099, 0.0106, 0.0104, 0.0116, 0.0115, 0.0115, 
0.0115, 0.0119, 0.013, 21.4, 23.3, 25.3, 28.5, 29, 30.2, 31, 
31.8, 32.2, 32.7, 32.6, 1, 1, 1, 1, 1, 1, 1, 1, 1, 1, 1, 1, 1, 
1, 1, 1, 1, 1, 1, 1, 1, 1, 1, 1, 1, 1, 1, 1, 1, 1, 1, 1, 1, 1, 
1, 1, 1, 1, 1, 1, 1, 1, 1, 1, 2.815, 2.785, 2.804, 2.683, 2.513, 
2.736, 2.686, 2.66, 2.627, 2.731, 2.64), .Dim = c(11L, 40L), .Dimnames = list(
    NULL, c("Sampling", "PSO.cost", "PSO.gamma", "PSO.data.balancing", 
    "PSO.feature.selection", "PSO.valid.acc", "PSO.test.acc", 
    "PSO.train.time", "PSO.n.support.vectors", "PSO.index", "PSO.n.solutions", 
    "PSO.generations", "PSO.n.evaluations", "PSO.cpu.time", "RS.cost", 
    "RS.gamma", "RS.data.balancing", "RS.feature.selection", 
    "RS.valid.acc", "RS.test.acc", "RS.train.time", "RS.n.support.vectors", 
    "RS.index", "RS.n.solutions", "RS.generations", "RS.n.evaluations", 
    "RS.cpu.time", "DF.cost", "DF.gamma", "DF.data.balancing", 
    "DF.feature.selection", "DF.valid.acc", "DF.test.acc", "DF.train.time", 
    "DF.n.support.vectors", "DF.index", "DF.n.solutions", "DF.generations", 
    "DF.n.evaluations", "DF.cpu.time")))
