full <-
structure(c(50, 55, 60, 65, 70, 75, 80, 85, 90, 95, 100, 10.32575, 
8.83598, 2.39823, 11.89526, 15, 6.79295, 11.26787, 13.11661, 
8.16675, 14.23647, 15, -5.15526, -4.34367, -2.15821, -11.90729, 
-8.45761, -5.56234, -8.68638, -13.87349, -8.56713, -6.89154, 
-10.9393, 0, 0, 0, 0, 0, 0, 0, 0, 0, 0, 0, 0, 0, 0, 0, 0, 0, 
0, 0, 0, 0, 0, 0.96978, 0.98083, 0.98199, 0.98301, 0.98885, 0.99, 
0.98115, 0.97826, 0.9875, 0.988, 0.99615, 0.96978, 0.96036, 0.96907, 
0.97745, 0.97804, 0.97474, 0.97636, 0.96026, 0.98333, 0.988, 
0.98846, 0.0098, 0.0096, 0.0093, 0.0094, 0.0101, 0.0105, 0.0112, 
0.011, 0.0111, 0.0113, 0.0142, 5.9, 7.7, 18.9, 12.9, 5.8, 12.4, 
11.6, 18.2, 17.8, 9.5, 10.7, 8, 1264, 6, 7, 81, 694, 15, 448, 
318, 51, 86, 1119, 82, 787, 931, 1088, 116, 615, 139, 69, 256, 
1030, 100, 100, 100, 100, 100, 100, 100, 100, 100, 100, 100, 
2500, 2500, 2500, 2500, 2500, 2500, 2500, 2500, 2500, 2500, 2500, 
6830.511, 6750.96, 6756.932, 6599.788, 6691.539, 6721.378, 6682.754, 
6602.141, 6678.213, 6668.88099999999, 6400.36499999999, 6.58341, 
8.9297, 2.08178, 10.14746, 13.93379, 5.00937, 10.17775, 12.28759, 
6.45047, 11.77333, 14.92009, -9.23727, -4.29442, -2.05849, -10.16927, 
-7.1985, -4.71333, -9.53699, -13.05333, -6.67063, -4.72858, -10.32042, 
0, 0, 0, 0, 0, 0, 0, 0, 0, 0, 0, 0, 0, 0, 0, 0, 0, 0, 0, 0, 0, 
0, 0.97033, 0.98083, 0.98199, 0.98301, 0.98885, 0.985, 0.98115, 
0.97826, 0.9875, 0.984, 0.99615, 0.97033, 0.96036, 0.96907, 0.97745, 
0.97804, 0.97, 0.98115, 0.96461, 0.98333, 0.988, 0.98462, 0.0099, 
0.0091, 0.0098, 0.0094, 0.0106, 0.0104, 0.0105, 0.0102, 0.0104, 
0.0116, 0.0122, 15.1, 7.8, 20.1, 13.1, 5.8, 14.3, 14, 18.2, 17.7, 
9.4, 10.7, 217, 117, 299, 41, 249, 3, 48, 49, 69, 6, 160, 5, 
3, 7, 42, 3, 22, 92, 4, 7, 53, 12, 100, 100, 100, 100, 100, 100, 
100, 100, 100, 100, 100, 2500, 2500, 2500, 2500, 2500, 2500, 
2500, 2500, 2500, 2500, 2500, 6768.279, 6752.583, 6783.227, 6529.871, 
6806.17100000001, 6722.28700000001, 6760.52900000001, 6638.012, 
6483.618, 6542.522, 6388.75900000002, 1, 1, 1, 1, 1, 1, 1, 1, 
1, 1, 1, 0.25, 0.25, 0.25, 0.25, 0.25, 0.25, 0.25, 0.25, 0.25, 
0.25, 0.25, 0, 0, 0, 0, 0, 0, 0, 0, 0, 0, 0, 0, 0, 0, 0, 0, 0, 
0, 0, 0, 0, 0, 0.94725, 0.96661, 0.95615, 0.96532, 0.95084, 0.945, 
0.95775, 0.95117, 0.95343, 0.95582, 0.95798, 0.95495, 0.95946, 
0.9624, 0.96532, 0.94558, 0.94, 0.96729, 0.95551, 0.97047, 0.97182, 
0.96197, 0.0109, 0.0105, 0.0101, 0.0102, 0.0108, 0.0111, 0.0113, 
0.011, 0.0116, 0.011, 0.012, 24.4, 25.2, 26.1, 27.5, 28.1, 28.1, 
29.5, 31.9, 30.6, 31.2, 32.5, 1, 1, 1, 1, 1, 1, 1, 1, 1, 1, 1, 
1, 1, 1, 1, 1, 1, 1, 1, 1, 1, 1, 1, 1, 1, 1, 1, 1, 1, 1, 1, 1, 
1, 1, 1, 1, 1, 1, 1, 1, 1, 1, 1, 1, 2.749, 2.685, 2.675, 2.694, 
2.676, 2.744, 2.724, 2.506, 2.729, 2.493, 2.687), .Dim = c(11L, 
40L), .Dimnames = list(NULL, c("Sampling", "PSO.cost", "PSO.gamma", 
"PSO.data.balancing", "PSO.feature.selection", "PSO.valid.acc", 
"PSO.test.acc", "PSO.train.time", "PSO.n.support.vectors", "PSO.index", 
"PSO.n.solutions", "PSO.generations", "PSO.n.evaluations", "PSO.cpu.time", 
"RS.cost", "RS.gamma", "RS.data.balancing", "RS.feature.selection", 
"RS.valid.acc", "RS.test.acc", "RS.train.time", "RS.n.support.vectors", 
"RS.index", "RS.n.solutions", "RS.generations", "RS.n.evaluations", 
"RS.cpu.time", "DF.cost", "DF.gamma", "DF.data.balancing", "DF.feature.selection", 
"DF.valid.acc", "DF.test.acc", "DF.train.time", "DF.n.support.vectors", 
"DF.index", "DF.n.solutions", "DF.generations", "DF.n.evaluations", 
"DF.cpu.time")))
