full <-
structure(c(50, 55, 60, 65, 70, 75, 80, 85, 90, 95, 100, 13.28067, 
13.79482, 1, 11.5703, 14.87218, 15, 7.92671, 14.88589, 8.01014, 
15, 13.47126, -8.79629, -9.99721, 0.25, -9.88338, -6.84413, -11.1258, 
-9.17747, -12.76942, -8.86679, -11.77897, -11.22643, 0, 0, 0, 
0, 0, 0, 0, 0, 0, 0, 0, 0, 0, 0, 0, 0, 0, 0, 0, 0, 0, 0, 0.99231, 
0.98619, 0.97458, 0.98889, 0.98918, 0.985, 0.99524, 0.98636, 
0.99149, 0.992, 0.98875, 0.99231, 0.98667, 0.97458, 0.98301, 
0.97281, 0.985, 0.98117, 0.98182, 0.98732, 0.98, 0.98105, 0.0093, 
0.0109, 0.0111, 0.0105, 0.0101, 0.0107, 0.0104, 0.0105, 0.0115, 
0.0112, 0.0127, 5.1, 6, 25.8, 9.5, 5.4, 7.5, 18.7, 9.8, 18.8, 
11.6, 13.4, 3, 14, 1, 8, 40, 33, 71, 3, 27, 98, 617, 1325, 731, 
917, 512, 1219, 449, 62, 651, 174, 525, 69, 100, 100, 100, 100, 
100, 100, 100, 100, 100, 100, 100, 2500, 2500, 2500, 2500, 2500, 
2500, 2500, 2500, 2500, 2500, 2500, 6747.989, 6755.767, 6727.124, 
6563.076, 6599.868, 6583.905, 6743.423, 6482.30499999999, 6612.92200000001, 
6495.14700000001, 6608.50699999998, 13.93676, 14.65801, 9.46179, 
12.65064, 6.72681, 11.86343, 7.10052, 11.25988, 12.98053, 14.79834, 
10.09828, -8.73304, -10.46573, -1.12903, -11.16446, -8.02208, 
-8.70239, -8.35506, -10.22024, -13.84344, -11.36803, -5.24385, 
0, 0, 0, 0, 0, 0, 0, 0, 0, 0, 0, 0, 0, 0, 0, 0, 0, 0, 0, 0, 0, 
0, 0.99231, 0.98619, 0.97458, 0.98889, 0.98947, 0.985, 0.99524, 
0.98636, 0.99149, 0.992, 0.9886, 0.99231, 0.97952, 0.9687, 0.98301, 
0.97836, 0.985, 0.98117, 0.98182, 0.98732, 0.98, 0.97735, 0.0093, 
0.0101, 0.0113, 0.01, 0.0107, 0.0104, 0.0103, 0.0109, 0.0105, 
0.0116, 0.0112, 4.7, 5.9, 19.5, 9.8, 17.4, 8.8, 18.8, 12.5, 18.8, 
11, 10.8, 125, 8, 3, 14, 356, 16, 371, 14, 95, 1186, 732, 20, 
43, 347, 38, 7, 90, 6, 254, 10, 5, 3, 100, 100, 100, 100, 100, 
100, 100, 100, 100, 100, 100, 2500, 2500, 2500, 2500, 2500, 2500, 
2500, 2500, 2500, 2500, 2500, 6624.897, 6707.863, 6756.72, 6626.635, 
6576.25900000001, 6742.894, 6694.10299999999, 6476.29700000001, 
6559.72200000001, 6639.49500000001, 6612.60000000001, 1, 1, 1, 
1, 1, 1, 1, 1, 1, 1, 1, 0.25, 0.25, 0.25, 0.25, 0.25, 0.25, 0.25, 
0.25, 0.25, 0.25, 0.25, 0, 0, 0, 0, 0, 0, 0, 0, 0, 0, 0, 0, 0, 
0, 0, 0, 0, 0, 0, 0, 0, 0, 0.96978, 0.97238, 0.97458, 0.95976, 
0.95117, 0.96474, 0.9621, 0.96443, 0.95777, 0.952, 0.9661, 0.95549, 
0.97952, 0.97458, 0.97157, 0.95673, 0.97474, 0.96212, 0.95079, 
0.97065, 0.96, 0.9621, 0.0096, 0.0098, 0.0101, 0.0104, 0.0109, 
0.0108, 0.0115, 0.0113, 0.011, 0.0112, 0.0117, 19.8, 24.2, 25.8, 
26.6, 27.8, 28.6, 30.1, 30.8, 31.7, 32.3, 33.1, 1, 1, 1, 1, 1, 
1, 1, 1, 1, 1, 1, 1, 1, 1, 1, 1, 1, 1, 1, 1, 1, 1, 1, 1, 1, 1, 
1, 1, 1, 1, 1, 1, 1, 1, 1, 1, 1, 1, 1, 1, 1, 1, 1, 1, 2.699, 
2.647, 2.708, 2.626, 2.654, 2.728, 2.67, 2.632, 2.446, 2.687, 
2.582), .Dim = c(11L, 40L), .Dimnames = list(NULL, c("Sampling", 
"PSO.cost", "PSO.gamma", "PSO.data.balancing", "PSO.feature.selection", 
"PSO.valid.acc", "PSO.test.acc", "PSO.train.time", "PSO.n.support.vectors", 
"PSO.index", "PSO.n.solutions", "PSO.generations", "PSO.n.evaluations", 
"PSO.cpu.time", "RS.cost", "RS.gamma", "RS.data.balancing", "RS.feature.selection", 
"RS.valid.acc", "RS.test.acc", "RS.train.time", "RS.n.support.vectors", 
"RS.index", "RS.n.solutions", "RS.generations", "RS.n.evaluations", 
"RS.cpu.time", "DF.cost", "DF.gamma", "DF.data.balancing", "DF.feature.selection", 
"DF.valid.acc", "DF.test.acc", "DF.train.time", "DF.n.support.vectors", 
"DF.index", "DF.n.solutions", "DF.generations", "DF.n.evaluations", 
"DF.cpu.time")))
