full <-
structure(c(50, 55, 60, 65, 70, 75, 80, 85, 90, 95, 100, 4.2416, 
13.94807, 14.23423, 15, 9.75571, 15, 14.46061, 10.62696, 8.23118, 
12.95991, 13.93674, -7.94677, -7.53025, -8.7567, -8.09678, -12.42291, 
-7.6349, -10.83144, -9.70877, -4.69975, -10.07712, -11.85852, 
0, 0, 0, 0, 0, 0, 0, 0, 0, 0, 0, 0, 0, 0, 0, 0, 0, 0, 0, 0, 0, 
0, 0.98516, 0.99333, 0.99412, 0.98235, 0.97836, 0.99, 0.97662, 
0.98221, 0.98333, 0.996, 0.98519, 0.96209, 0.98619, 0.98199, 
0.98235, 0.9731, 0.975, 0.97617, 0.97787, 0.975, 0.988, 0.98519, 
0.0089, 0.0096, 0.0094, 0.0101, 0.0099, 0.0098, 0.0107, 0.0112, 
0.0114, 0.0107, 0.0109, 17.3, 5.4, 5.4, 5.7, 19.4, 5.5, 8.9, 
13.9, 11.7, 11.5, 13.4, 121, 40, 53, 50, 5, 37, 28, 46, 15, 100, 
96, 134, 932, 1303, 1105, 152, 521, 1123, 464, 770, 465, 217, 
100, 100, 100, 100, 100, 100, 100, 100, 100, 100, 100, 2500, 
2500, 2500, 2500, 2500, 2500, 2500, 2500, 2500, 2500, 2500, 6894.573, 
6960.654, 6882.074, 6867.616, 6498.47500000001, 6610.883, 6325.966, 
6586.91099999999, 6747.79800000001, 6648.11, 6641.568, 4.20362, 
13.94126, 13.74861, 13.56911, 11.33734, 12.36538, 11.38195, 14.19406, 
11.69979, 14.64113, 13.80648, -7.93862, -7.25472, -8.13756, -8.1913, 
-14.04192, -6.5822, -8.55921, -13.10253, -6.35406, -12.19685, 
-11.63822, 0, 0, 0, 0, 0, 0, 0, 0, 0, 0, 0, 0, 0, 0, 0, 0, 0, 
0, 0, 0, 0, 0, 0.98516, 0.99333, 0.99412, 0.98235, 0.97836, 0.99, 
0.97662, 0.98221, 0.98333, 0.996, 0.98519, 0.96209, 0.98619, 
0.97532, 0.9761, 0.97836, 0.96421, 0.97141, 0.97332, 0.97065, 
0.988, 0.98519, 0.0104, 0.0096, 0.0099, 0.0111, 0.0093, 0.0097, 
0.0095, 0.0104, 0.0107, 0.0133, 0.0117, 17.3, 5.4, 5.5, 6.5, 
19.7, 6.9, 10.2, 13.5, 9.8, 12.2, 13.1, 491, 7, 11, 195, 61, 
35, 26, 9, 59, 108, 718, 13, 73, 46, 12, 25, 12, 52, 91, 46, 
10, 5, 100, 100, 100, 100, 100, 100, 100, 100, 100, 100, 100, 
2500, 2500, 2500, 2500, 2500, 2500, 2500, 2500, 2500, 2500, 2500, 
6798.216, 6562.193, 7023.482, 6811.636, 6546.64799999999, 6537.11600000001, 
6615.986, 6715.33899999999, 6737.308, 6635.95299999999, 6524.462, 
1, 1, 1, 1, 1, 1, 1, 1, 1, 1, 1, 0.25, 0.25, 0.25, 0.25, 0.25, 
0.25, 0.25, 0.25, 0.25, 0.25, 0.25, 0, 0, 0, 0, 0, 0, 0, 0, 0, 
0, 0, 0, 0, 0, 0, 0, 0, 0, 0, 0, 0, 0, 0.96978, 0.97286, 0.97495, 
0.95392, 0.95175, 0.97447, 0.95234, 0.96443, 0.96159, 0.95583, 
0.9547, 0.9544, 0.95952, 0.96828, 0.94804, 0.95702, 0.96921, 
0.94758, 0.95988, 0.95779, 0.96, 0.95855, 0.0101, 0.0097, 0.0104, 
0.0107, 0.0103, 0.0111, 0.011, 0.0113, 0.0119, 0.0122, 0.0121, 
23, 24.9, 27.3, 29.2, 29.4, 29, 30.5, 32, 34.2, 31.7, 32.6, 1, 
1, 1, 1, 1, 1, 1, 1, 1, 1, 1, 1, 1, 1, 1, 1, 1, 1, 1, 1, 1, 1, 
1, 1, 1, 1, 1, 1, 1, 1, 1, 1, 1, 1, 1, 1, 1, 1, 1, 1, 1, 1, 1, 
1, 2.813, 2.534, 2.815, 2.687, 2.628, 2.686, 2.673, 2.658, 2.712, 
2.598, 2.75), .Dim = c(11L, 40L), .Dimnames = list(NULL, c("Sampling", 
"PSO.cost", "PSO.gamma", "PSO.data.balancing", "PSO.feature.selection", 
"PSO.valid.acc", "PSO.test.acc", "PSO.train.time", "PSO.n.support.vectors", 
"PSO.index", "PSO.n.solutions", "PSO.generations", "PSO.n.evaluations", 
"PSO.cpu.time", "RS.cost", "RS.gamma", "RS.data.balancing", "RS.feature.selection", 
"RS.valid.acc", "RS.test.acc", "RS.train.time", "RS.n.support.vectors", 
"RS.index", "RS.n.solutions", "RS.generations", "RS.n.evaluations", 
"RS.cpu.time", "DF.cost", "DF.gamma", "DF.data.balancing", "DF.feature.selection", 
"DF.valid.acc", "DF.test.acc", "DF.train.time", "DF.n.support.vectors", 
"DF.index", "DF.n.solutions", "DF.generations", "DF.n.evaluations", 
"DF.cpu.time")))
