full <-
structure(c(50, 55, 60, 65, 70, 75, 80, 85, 90, 95, 100, 8.73746, 
10.4333, 15, 13.5232, 13.54435, 15, 15, 15, 12.87899, 14.98188, 
13.57297, -5.51063, -5.44075, -10.93053, -9.39249, -9.32427, 
-10.36965, -12.38878, -11.3218, -8.69544, -10.74834, -10.57162, 
0, 0, 0, 0, 0, 0, 0, 0, 0, 0, 0, 0, 0, 0, 0, 0, 0, 0, 0, 0, 0, 
0, 0.96978, 0.97143, 0.97537, 0.97124, 0.97836, 0.985, 0.98615, 
0.99545, 0.99149, 0.98415, 0.9886, 0.94725, 0.95899, 0.975, 0.97059, 
0.9731, 0.985, 0.96732, 0.99545, 0.98732, 0.98815, 0.99245, 0.0095, 
0.0095, 0.0109, 0.0103, 0.011, 0.0102, 0.0113, 0.0107, 0.0111, 
0.0112, 0.0111, 10.3, 9.1, 9.5, 9.3, 9.5, 9, 11.2, 10, 9.4, 10.6, 
11.7, 78, 44, 73, 189, 24, 80, 78, 78, 104, 879, 6, 404, 708, 
1285, 403, 618, 115, 695, 1389, 251, 105, 1142, 100, 100, 100, 
100, 100, 100, 100, 100, 100, 100, 100, 2500, 2500, 2500, 2500, 
2500, 2500, 2500, 2500, 2500, 2500, 2500, 6547.296, 6467.771, 
6983.382, 7077.637, 6582.577, 6708.557, 6686.27, 6635.933, 6831.102, 
6755.04400000001, 6201.111, 8.69212, 10.10741, 14.31739, 12.82892, 
13.64005, 14.34602, 14.99567, 13.52312, 12.73008, 14.8301, 13.80723, 
-5.58681, -5.91398, -10.3712, -8.80357, -9.99124, -10.11556, 
-12.41598, -10.81365, -8.56106, -10.5407, -10.60399, 0, 0, 0, 
0, 0, 0, 0, 0, 0, 0, 0, 0, 0, 0, 0, 0, 0, 0, 0, 0, 0, 0, 0.96264, 
0.97143, 0.97537, 0.97124, 0.97836, 0.98, 0.98615, 0.99545, 0.99149, 
0.98415, 0.9886, 0.94725, 0.95851, 0.975, 0.97647, 0.9731, 0.985, 
0.96732, 0.99545, 0.98732, 0.98815, 0.99245, 0.0093, 0.0093, 
0.0103, 0.0108, 0.01, 0.0104, 0.0102, 0.011, 0.0109, 0.011, 0.011, 
10.6, 9.7, 9.7, 9.7, 9.8, 9.5, 11.4, 11.8, 9.4, 10.5, 11.3, 1412, 
8, 1954, 931, 2, 67, 12, 194, 108, 1860, 82, 1, 13, 2, 9, 33, 
7, 36, 16, 3, 1, 29, 100, 100, 100, 100, 100, 100, 100, 100, 
100, 100, 100, 2500, 2500, 2500, 2500, 2500, 2500, 2500, 2500, 
2500, 2500, 2500, 6501.672, 6515.294, 6885.988, 6948.31299999999, 
6435.748, 6652.81200000001, 6556.319, 6836.269, 6747.876, 6231.16299999999, 
6446.46299999999, 1, 1, 1, 1, 1, 1, 1, 1, 1, 1, 1, 0.25, 0.25, 
0.25, 0.25, 0.25, 0.25, 0.25, 0.25, 0.25, 0.25, 0.25, 0, 0, 0, 
0, 0, 0, 0, 0, 0, 0, 0, 0, 0, 0, 0, 0, 0, 0, 0, 0, 0, 0, 0.93242, 
0.9256, 0.9311, 0.93627, 0.94064, 0.94969, 0.94779, 0.95986, 
0.96196, 0.96462, 0.96595, 0.92473, 0.92512, 0.92449, 0.94183, 
0.95146, 0.94416, 0.95755, 0.96421, 0.9663, 0.96062, 0.9735, 
0.0093, 0.0097, 0.0103, 0.0116, 0.0104, 0.0111, 0.0105, 0.0115, 
0.0114, 0.0109, 0.012, 25.4, 25.5, 25.9, 25.5, 26.8, 27.3, 26.9, 
28.3, 29.3, 31.6, 33.1, 1, 1, 1, 1, 1, 1, 1, 1, 1, 1, 1, 1, 1, 
1, 1, 1, 1, 1, 1, 1, 1, 1, 1, 1, 1, 1, 1, 1, 1, 1, 1, 1, 1, 1, 
1, 1, 1, 1, 1, 1, 1, 1, 1, 1, 2.446, 2.591, 2.863, 2.816, 2.681, 
2.732, 2.549, 2.751, 2.757, 2.512, 2.667), .Dim = c(11L, 40L), .Dimnames = list(
    NULL, c("Sampling", "PSO.cost", "PSO.gamma", "PSO.data.balancing", 
    "PSO.feature.selection", "PSO.valid.acc", "PSO.test.acc", 
    "PSO.train.time", "PSO.n.support.vectors", "PSO.index", "PSO.n.solutions", 
    "PSO.generations", "PSO.n.evaluations", "PSO.cpu.time", "RS.cost", 
    "RS.gamma", "RS.data.balancing", "RS.feature.selection", 
    "RS.valid.acc", "RS.test.acc", "RS.train.time", "RS.n.support.vectors", 
    "RS.index", "RS.n.solutions", "RS.generations", "RS.n.evaluations", 
    "RS.cpu.time", "DF.cost", "DF.gamma", "DF.data.balancing", 
    "DF.feature.selection", "DF.valid.acc", "DF.test.acc", "DF.train.time", 
    "DF.n.support.vectors", "DF.index", "DF.n.solutions", "DF.generations", 
    "DF.n.evaluations", "DF.cpu.time")))
