full <-
structure(c(50, 55, 60, 65, 70, 75, 80, 85, 90, 95, 100, 15, 
13.60009, 14.46768, 13.27636, 15, 15, 11.72491, 14.84846, 13.61674, 
7.97773, 15, -11.6674, -5.78073, -10.24654, -9.03268, -11.67461, 
-10.01001, -6.63243, -10.92513, -10.07816, -8.58971, -10.51877, 
0, 0, 0, 0, 0, 0, 0, 0, 0, 0, 0, 0, 0, 0, 0, 0, 0, 0, 0, 0, 0, 
0, 0.97033, 0.9728, 0.96167, 0.96495, 0.97281, 0.98474, 0.97184, 
0.97787, 0.99129, 0.988, 0.98875, 0.95549, 0.95899, 0.96167, 
0.97051, 0.96696, 0.97947, 0.96662, 0.97332, 0.98712, 0.98, 0.98875, 
0.0092, 0.0121, 0.0111, 0.0111, 0.0127, 0.0112, 0.011, 0.0118, 
0.0115, 0.0115, 0.0116, 9.8, 8.4, 9.2, 10.1, 10.7, 9.8, 9.8, 
10.2, 11.4, 20.4, 9.8, 1036, 420, 72, 16, 77, 290, 383, 167, 
223, 1663, 92, 131, 185, 1722, 1647, 818, 51, 147, 479, 614, 
17, 1178, 100, 100, 100, 100, 100, 100, 100, 100, 100, 100, 100, 
2500, 2500, 2500, 2500, 2500, 2500, 2500, 2500, 2500, 2500, 2500, 
6820.031, 9113.945, 8982.205, 8796.77800000001, 8816.167, 8233.34699999999, 
8201.05099999999, 8242.106, 8223.25899999999, 8146.75899999999, 
6313.481, 14.86791, 14.56881, 13.84682, 14.04952, 14.86812, 14.94425, 
13.32506, 14.78364, 14.61161, 6.41231, 13.25993, -11.74856, -6.25187, 
-2.32432, -9.66418, -11.43452, -10.50907, -7.55967, -10.30328, 
-11.03111, -7.09731, -9.47789, 0, 0, 0, 0, 0, 0, 0, 0, 0, 0, 
0, 0, 0, 0, 0, 0, 0, 0, 0, 0, 0, 0, 0.97033, 0.9728, 0.9625, 
0.96495, 0.97281, 0.97974, 0.97162, 0.97352, 0.99129, 0.988, 
0.98875, 0.95549, 0.95899, 0.96208, 0.97051, 0.96696, 0.97947, 
0.96186, 0.97352, 0.98295, 0.976, 0.98875, 0.0105, 0.0124, 0.0115, 
0.0113, 0.0123, 0.0113, 0.0118, 0.0115, 0.0124, 0.0113, 0.0107, 
9.8, 8.3, 10.8, 10, 10.4, 10.3, 9.5, 9.8, 10.9, 20.5, 11, 897, 
561, 291, 53, 960, 18, 2457, 18, 457, 439, 118, 2, 3, 10, 19, 
4, 33, 1, 18, 3, 8, 19, 100, 100, 100, 100, 100, 100, 100, 100, 
100, 100, 100, 2500, 2500, 2500, 2500, 2500, 2500, 2500, 2500, 
2500, 2500, 2500, 8354.268, 9065.697, 8922.254, 9056.664, 8790.776, 
8249.67, 8244.167, 8263.412, 8252.647, 7176.08599999998, 6352.71799999999, 
1, 1, 1, 1, 1, 1, 1, 1, 1, 1, 1, 0.25, 0.25, 0.25, 0.25, 0.25, 
0.25, 0.25, 0.25, 0.25, 0.25, 0.25, 0, 0, 0, 0, 0, 0, 0, 0, 0, 
0, 0, 0, 0, 0, 0, 0, 0, 0, 0, 0, 0, 0, 0.90989, 0.90988, 0.94287, 
0.9473, 0.93977, 0.95921, 0.94279, 0.93775, 0.95343, 0.95183, 
0.95413, 0.91758, 0.92417, 0.94953, 0.94661, 0.94503, 0.95421, 
0.94734, 0.94664, 0.95759, 0.95183, 0.95427, 0.011, 0.0118, 0.0105, 
0.0119, 0.0114, 0.0118, 0.0118, 0.0121, 0.0125, 0.0106, 0.0111, 
26.2, 26.1, 27.8, 27.4, 29.1, 29.2, 29.9, 30.3, 31.4, 32.3, 33.4, 
1, 1, 1, 1, 1, 1, 1, 1, 1, 1, 1, 1, 1, 1, 1, 1, 1, 1, 1, 1, 1, 
1, 1, 1, 1, 1, 1, 1, 1, 1, 1, 1, 1, 1, 1, 1, 1, 1, 1, 1, 1, 1, 
1, 1, 3.631, 3.578, 3.282, 3.613, 3.316, 3.367, 3.406, 3.368, 
3.311, 2.446, 2.412), .Dim = c(11L, 40L), .Dimnames = list(NULL, 
    c("Sampling", "PSO.cost", "PSO.gamma", "PSO.data.balancing", 
    "PSO.feature.selection", "PSO.valid.acc", "PSO.test.acc", 
    "PSO.train.time", "PSO.n.support.vectors", "PSO.index", "PSO.n.solutions", 
    "PSO.generations", "PSO.n.evaluations", "PSO.cpu.time", "RS.cost", 
    "RS.gamma", "RS.data.balancing", "RS.feature.selection", 
    "RS.valid.acc", "RS.test.acc", "RS.train.time", "RS.n.support.vectors", 
    "RS.index", "RS.n.solutions", "RS.generations", "RS.n.evaluations", 
    "RS.cpu.time", "DF.cost", "DF.gamma", "DF.data.balancing", 
    "DF.feature.selection", "DF.valid.acc", "DF.test.acc", "DF.train.time", 
    "DF.n.support.vectors", "DF.index", "DF.n.solutions", "DF.generations", 
    "DF.n.evaluations", "DF.cpu.time")))
