full <-
structure(c(50, 55, 60, 65, 70, 75, 80, 85, 90, 95, 100, 15, 
11.48831, 15, 12.19954, 11.69232, 13.78031, 14.76432, 15, 15, 
15, 15, -7.4228, -15, -9.77883, -9.14194, -5.75086, -9.31149, 
-12.02219, -12.1791, -11.02693, -11.48471, -11.46504, 0, 0, 0, 
0, 0, 0, 0, 0, 0, 0, 0, 0, 0, 0, 0, 0, 0, 0, 0, 0, 0, 0, 0.96978, 
0.96524, 0.97495, 0.97676, 0.97865, 0.97997, 0.97639, 0.98696, 
0.97861, 0.99215, 0.9812, 0.9544, 0.95274, 0.96245, 0.96462, 
0.95205, 0.96445, 0.97162, 0.97765, 0.97462, 0.98446, 0.98091, 
0.0095, 0.0095, 0.0102, 0.0102, 0.0102, 0.011, 0.0104, 0.011, 
0.0124, 0.0115, 0.0111, 6.5, 18.8, 8.3, 9.7, 8.9, 9.3, 10.6, 
11.3, 9.5, 10.5, 11, 195, 193, 76, 365, 245, 28, 104, 1033, 125, 
104, 207, 247, 210, 469, 920, 328, 840, 776, 10, 59, 898, 126, 
100, 100, 100, 100, 100, 100, 100, 100, 100, 100, 100, 2500, 
2500, 2500, 2500, 2500, 2500, 2500, 2500, 2500, 2500, 2500, 6822.368, 
6769.349, 7118.42, 7384.90700000001, 7197.989, 7187.177, 7165.565, 
7119.254, 7043.93700000001, 7064.43700000001, 7171.19, 13.7825, 
1.31792, 13.08731, 13.70161, 11.94296, 13.21468, 11.53896, 13.92595, 
9.41408, 13.61957, 2.31212, -1.59594, -4.45322, -7.72667, -10.67737, 
-5.88444, -8.80834, -8.77656, -11.10567, -6.67137, -10.33025, 
-2.69458, 0, 0, 0, 0, 0, 0, 0, 0, 0, 0, 0, 0, 0, 0, 0, 0, 0, 
0, 0, 0, 0, 0, 0.96264, 0.96524, 0.9687, 0.97676, 0.97865, 0.97997, 
0.97639, 0.98219, 0.97843, 0.98831, 0.98105, 0.9478, 0.95274, 
0.94995, 0.97051, 0.9576, 0.96445, 0.96708, 0.97765, 0.96593, 
0.98446, 0.97336, 0.0093, 0.0097, 0.0096, 0.0105, 0.0117, 0.0106, 
0.0104, 0.0107, 0.0106, 0.0107, 0.0122, 10.6, 19.4, 7.8, 10.1, 
9, 9.5, 10.3, 11.4, 11.8, 10.9, 22.1, 10, 249, 259, 14, 1586, 
169, 49, 102, 183, 106, 342, 59, 21, 51, 19, 3, 7, 27, 21, 5, 
14, 20, 100, 100, 100, 100, 100, 100, 100, 100, 100, 100, 100, 
2500, 2500, 2500, 2500, 2500, 2500, 2500, 2500, 2500, 2500, 2500, 
6839.881, 7032.219, 7372.049, 7178.377, 7178.10599999999, 7171.273, 
7151.08199999999, 7053.677, 7074.948, 7096.32999999999, 7074.47, 
1, 1, 1, 1, 1, 1, 1, 1, 1, 1, 1, 0.25, 0.25, 0.25, 0.25, 0.25, 
0.25, 0.25, 0.25, 0.25, 0.25, 0.25, 0, 0, 0, 0, 0, 0, 0, 0, 0, 
0, 0, 0, 0, 0, 0, 0, 0, 0, 0, 0, 0, 0, 0.9467, 0.94524, 0.94365, 
0.95944, 0.95175, 0.95469, 0.94799, 0.96006, 0.96194, 0.95597, 
0.96553, 0.9467, 0.93988, 0.9499, 0.96499, 0.95731, 0.94969, 
0.95732, 0.96441, 0.96591, 0.95613, 0.96581, 0.0094, 0.0103, 
0.01, 0.0113, 0.0105, 0.0111, 0.0111, 0.0107, 0.0115, 0.0132, 
0.0116, 23.2, 25, 24.4, 24.2, 26.5, 26.7, 27.3, 27.9, 29.8, 30.3, 
32.8, 1, 1, 1, 1, 1, 1, 1, 1, 1, 1, 1, 1, 1, 1, 1, 1, 1, 1, 1, 
1, 1, 1, 1, 1, 1, 1, 1, 1, 1, 1, 1, 1, 1, 1, 1, 1, 1, 1, 1, 1, 
1, 1, 1, 1, 2.724, 2.831, 2.908, 2.889, 2.885, 2.817, 2.84, 2.795, 
2.812, 2.815, 2.827), .Dim = c(11L, 40L), .Dimnames = list(NULL, 
    c("Sampling", "PSO.cost", "PSO.gamma", "PSO.data.balancing", 
    "PSO.feature.selection", "PSO.valid.acc", "PSO.test.acc", 
    "PSO.train.time", "PSO.n.support.vectors", "PSO.index", "PSO.n.solutions", 
    "PSO.generations", "PSO.n.evaluations", "PSO.cpu.time", "RS.cost", 
    "RS.gamma", "RS.data.balancing", "RS.feature.selection", 
    "RS.valid.acc", "RS.test.acc", "RS.train.time", "RS.n.support.vectors", 
    "RS.index", "RS.n.solutions", "RS.generations", "RS.n.evaluations", 
    "RS.cpu.time", "DF.cost", "DF.gamma", "DF.data.balancing", 
    "DF.feature.selection", "DF.valid.acc", "DF.test.acc", "DF.train.time", 
    "DF.n.support.vectors", "DF.index", "DF.n.solutions", "DF.generations", 
    "DF.n.evaluations", "DF.cpu.time")))
