full <-
structure(c(50, 55, 60, 65, 70, 75, 80, 85, 90, 95, 100, 0.78184, 
1.94925, 6.39291, 14.08182, 14.76431, 15, 14.36518, 9.63366, 
12.03932, 13.78325, 14.62565, -1.63272, 0.21359, -8.31949, -9.51322, 
-8.12199, -9.72843, -10.33984, -10.03357, -10.83101, -11.18387, 
-14.98982, 0, 0, 0, 0, 0, 0, 0, 0, 0, 0, 0, 0, 0, 0, 0, 0, 0, 
0, 0, 0, 0, 0, 0.98516, 0.97946, 0.98667, 0.98824, 0.98392, 0.98974, 
0.98615, 0.99111, 0.98315, 0.98783, 0.98105, 0.96264, 0.97946, 
0.97375, 0.9768, 0.97836, 0.98474, 0.98615, 0.98656, 0.97011, 
0.97983, 0.97721, 0.0107, 0.0111, 0.0105, 0.0101, 0.0093, 0.0103, 
0.0099, 0.0103, 0.0121, 0.0118, 0.0116, 24.3, 53.9, 16, 7.1, 
5.8, 6.1, 7.1, 16.1, 14.1, 12.2, 19.5, 687, 10, 292, 6, 38, 839, 
454, 475, 38, 31, 17, 43, 898, 98, 927, 809, 49, 106, 60, 391, 
586, 633, 100, 100, 100, 100, 100, 100, 100, 100, 100, 100, 100, 
2500, 2500, 2500, 2500, 2500, 2500, 2500, 2500, 2500, 2500, 2500, 
6661.068, 6974.265, 7033.99, 6945.714, 6400.43, 6487.34199999999, 
6379.894, 6676.41099999999, 6774.663, 6585.413, 6579.25600000002, 
0.49883, 5.48949, 7.09827, 9.81585, 14.85497, 14.39114, 14.07904, 
12.27323, 8.8422, 14.27111, 8.68578, -1.75274, 0.05265, -9.07607, 
-9.68925, -9.59046, -9.01431, -10.01737, -12.64484, -8.04351, 
-11.91685, -9.04038, 0, 0, 0, 0, 0, 0, 0, 0, 0, 0, 0, 0, 0, 0, 
0, 0, 0, 0, 0, 0, 0, 0, 0.98516, 0.97946, 0.98667, 0.98824, 0.98392, 
0.98974, 0.98615, 0.99111, 0.98315, 0.98783, 0.98105, 0.96264, 
0.9728, 0.9675, 0.98824, 0.97836, 0.98474, 0.98615, 0.98656, 
0.9788, 0.98383, 0.97721, 0.0101, 0.0115, 0.0102, 0.0097, 0.0093, 
0.0097, 0.0102, 0.0112, 0.0113, 0.0125, 0.0118, 23.6, 49.3, 16.2, 
13, 6.6, 6.2, 7.1, 16, 14.9, 12.6, 19.4, 2174, 115, 557, 12, 
154, 1219, 588, 612, 39, 293, 2, 1, 22, 2, 199, 13, 1, 3, 7, 
40, 28, 37, 100, 100, 100, 100, 100, 100, 100, 100, 100, 100, 
100, 2500, 2500, 2500, 2500, 2500, 2500, 2500, 2500, 2500, 2500, 
2500, 6817.57, 7021.358, 7055.17, 6761.376, 6449.65900000001, 
6519.25, 6562.325, 6703.38, 6825.22, 6665.336, 6601.315, 1, 1, 
1, 1, 1, 1, 1, 1, 1, 1, 1, 0.25, 0.25, 0.25, 0.25, 0.25, 0.25, 
0.25, 0.25, 0.25, 0.25, 0.25, 0, 0, 0, 0, 0, 0, 0, 0, 0, 0, 0, 
0, 0, 0, 0, 0, 0, 0, 0, 0, 0, 0, 0.96978, 0.95226, 0.98083, 0.95809, 
0.95702, 0.96974, 0.96732, 0.94682, 0.96178, 0.95983, 0.95812, 
0.96209, 0.95274, 0.96125, 0.96499, 0.95731, 0.95947, 0.96732, 
0.96895, 0.95743, 0.96383, 0.96197, 0.0099, 0.0101, 0.0108, 0.0096, 
0.0106, 0.0104, 0.0124, 0.0108, 0.0116, 0.0116, 0.0116, 22.9, 
24.1, 25.2, 26.4, 27.9, 29, 29.1, 30.6, 30.3, 32.4, 33.1, 1, 
1, 1, 1, 1, 1, 1, 1, 1, 1, 1, 1, 1, 1, 1, 1, 1, 1, 1, 1, 1, 1, 
1, 1, 1, 1, 1, 1, 1, 1, 1, 1, 1, 1, 1, 1, 1, 1, 1, 1, 1, 1, 1, 
1, 2.775, 2.858, 2.849, 2.427, 2.658, 2.491, 2.714, 2.589, 2.691, 
2.677, 2.569), .Dim = c(11L, 40L), .Dimnames = list(NULL, c("Sampling", 
"PSO.cost", "PSO.gamma", "PSO.data.balancing", "PSO.feature.selection", 
"PSO.valid.acc", "PSO.test.acc", "PSO.train.time", "PSO.n.support.vectors", 
"PSO.index", "PSO.n.solutions", "PSO.generations", "PSO.n.evaluations", 
"PSO.cpu.time", "RS.cost", "RS.gamma", "RS.data.balancing", "RS.feature.selection", 
"RS.valid.acc", "RS.test.acc", "RS.train.time", "RS.n.support.vectors", 
"RS.index", "RS.n.solutions", "RS.generations", "RS.n.evaluations", 
"RS.cpu.time", "DF.cost", "DF.gamma", "DF.data.balancing", "DF.feature.selection", 
"DF.valid.acc", "DF.test.acc", "DF.train.time", "DF.n.support.vectors", 
"DF.index", "DF.n.solutions", "DF.generations", "DF.n.evaluations", 
"DF.cpu.time")))
