full <-
structure(c(50, 55, 60, 65, 70, 75, 80, 85, 90, 95, 100, 14.43332, 
12.03826, 12.02943, 15, 8.44771, 14.27732, 13.69084, 13.95843, 
15, 15, 14.38877, -7.24575, -7.52274, -9.49707, -10.14639, -5.63149, 
-10.84827, -10.30547, -9.39754, -10.79503, -9.88268, -10.37654, 
0, 0, 0, 0, 0, 0, 0, 0, 0, 0, 0, 0, 0, 0, 0, 0, 0, 0, 0, 0, 0, 
0, 0.98516, 0.97952, 0.98083, 0.98856, 0.98421, 0.96974, 0.98139, 
0.98634, 0.98732, 0.988, 0.98845, 0.99286, 0.97286, 0.98708, 
0.98301, 0.97339, 0.97474, 0.97617, 0.97745, 0.97446, 0.984, 
0.98489, 0.0085, 0.0096, 0.009, 0.0096, 0.0101, 0.0111, 0.0103, 
0.0116, 0.0116, 0.0119, 0.0111, 4.9, 5.4, 8, 8.5, 9.3, 9.9, 10.1, 
10.3, 9.6, 9.7, 10.4, 33, 95, 2, 147, 128, 8, 84, 163, 79, 172, 
234, 993, 187, 392, 326, 317, 1411, 1236, 909, 290, 512, 976, 
100, 100, 100, 100, 100, 100, 100, 100, 100, 100, 100, 2500, 
2500, 2500, 2500, 2500, 2500, 2500, 2500, 2500, 2500, 2500, 6471.902, 
6383.968, 6761.043, 6579.964, 6718.13200000001, 6772.189, 6761.51300000001, 
6782.91800000001, 6730.22500000001, 6436.90100000001, 6347.02600000001, 
6.54065, 10.65299, 9.28005, 14.82756, 6.51731, 1.36006, 14.52899, 
14.95657, 14.37008, 14.77874, 14.86808, -4.20243, -6.18939, -5.12883, 
-9.90147, -4.54829, -4.49799, -10.36808, -10.24103, -10.26891, 
-9.88619, -10.67147, 0, 0, 0, 0, 0, 0, 0, 0, 0, 0, 0, 0, 0, 0, 
0, 0, 0, 0, 0, 0, 0, 0, 0.98516, 0.97952, 0.98083, 0.98856, 0.98421, 
0.97, 0.98139, 0.98634, 0.98732, 0.988, 0.98845, 0.97747, 0.97952, 
0.97458, 0.98301, 0.97339, 0.95974, 0.98093, 0.97745, 0.9788, 
0.984, 0.98859, 0.0086, 0.0104, 0.0118, 0.0095, 0.0104, 0.0106, 
0.011, 0.0118, 0.0118, 0.0112, 0.0116, 8.2, 5.6, 6.3, 8.3, 9.8, 
23.9, 9.7, 10.3, 10.2, 9.9, 10.2, 280, 179, 49, 71, 285, 1095, 
26, 23, 252, 189, 2336, 21, 19, 80, 2, 10, 1, 30, 19, 8, 8, 1, 
100, 100, 100, 100, 100, 100, 100, 100, 100, 100, 100, 2500, 
2500, 2500, 2500, 2500, 2500, 2500, 2500, 2500, 2500, 2500, 6299.347, 
6731.321, 6726.788, 6653.199, 6728.609, 6759.22700000001, 6800.79300000001, 
6803.943, 6474.989, 6389.43700000001, 6572.916, 1, 1, 1, 1, 1, 
1, 1, 1, 1, 1, 1, 0.25, 0.25, 0.25, 0.25, 0.25, 0.25, 0.25, 0.25, 
0.25, 0.25, 0.25, 0, 0, 0, 0, 0, 0, 0, 0, 0, 0, 0, 0, 0, 0, 0, 
0, 0, 0, 0, 0, 0, 0, 0.97088, 0.95905, 0.96792, 0.97087, 0.97865, 
0.95921, 0.96684, 0.97767, 0.96612, 0.964, 0.95839, 0.97088, 
0.97238, 0.96792, 0.97676, 0.96257, 0.95421, 0.9571, 0.97767, 
0.96196, 0.968, 0.9544, 0.0094, 0.01, 0.0105, 0.0108, 0.0118, 
0.0108, 0.0111, 0.0114, 0.0113, 0.011, 0.0115, 23.7, 23.6, 25.9, 
27, 27.3, 27.9, 27.9, 28.2, 30.8, 32.6, 32.4, 1, 1, 1, 1, 1, 
1, 1, 1, 1, 1, 1, 1, 1, 1, 1, 1, 1, 1, 1, 1, 1, 1, 1, 1, 1, 1, 
1, 1, 1, 1, 1, 1, 1, 1, 1, 1, 1, 1, 1, 1, 1, 1, 1, 1, 2.421, 
2.651, 2.671, 2.691, 2.708, 2.687, 2.687, 2.687, 2.467, 2.459, 
2.577), .Dim = c(11L, 40L), .Dimnames = list(NULL, c("Sampling", 
"PSO.cost", "PSO.gamma", "PSO.data.balancing", "PSO.feature.selection", 
"PSO.valid.acc", "PSO.test.acc", "PSO.train.time", "PSO.n.support.vectors", 
"PSO.index", "PSO.n.solutions", "PSO.generations", "PSO.n.evaluations", 
"PSO.cpu.time", "RS.cost", "RS.gamma", "RS.data.balancing", "RS.feature.selection", 
"RS.valid.acc", "RS.test.acc", "RS.train.time", "RS.n.support.vectors", 
"RS.index", "RS.n.solutions", "RS.generations", "RS.n.evaluations", 
"RS.cpu.time", "DF.cost", "DF.gamma", "DF.data.balancing", "DF.feature.selection", 
"DF.valid.acc", "DF.test.acc", "DF.train.time", "DF.n.support.vectors", 
"DF.index", "DF.n.solutions", "DF.generations", "DF.n.evaluations", 
"DF.cpu.time")))
