full <-
structure(c(50, 55, 60, 65, 70, 75, 80, 85, 90, 95, 100, 11.21442, 
8.99108, 10.77476, 5.90138, 3.83483, 13.70323, 9.27513, 10.72002, 
14.8279, 13.41999, 9.38099, -2.99899, -3.03457, -2.4117, -1.95194, 
-1.44489, -7.79834, -5.55914, -5.57683, -7.00699, -5.50982, -5.57972, 
0, 0, 0, 0, 0, 0, 0, 0, 0, 0, 0, 0, 0, 0, 0, 0, 0, 0, 0, 0, 0, 
0, 0.99583, 0.99619, 0.99298, 0.99035, 0.99104, 0.99863, 0.99739, 
1, 1, 0.99889, 1, 0.99167, 0.99242, 0.99126, 0.98876, 0.98806, 
0.99718, 0.99609, 1, 0.99765, 0.9989, 0.99789, 0.0814, 0.0843, 
0.1135, 0.1319, 0.1626, 0.1156, 0.0939, 0.1044, 0.1298, 0.1151, 
0.1242, 195.9, 199.6, 243.1, 294, 362.5, 55.2, 86.2, 87.9, 67.1, 
91.3, 93.8, 2, 2, 95, 30, 25, 15, 61, 3, 26, 36, 29, 1400, 1447, 
1425, 1586, 1566, 1350, 458, 1832, 1437, 1750, 1551, 100, 100, 
100, 100, 100, 100, 100, 100, 100, 100, 100, 2500, 2500, 2500, 
2500, 2500, 2500, 2500, 2500, 2500, 2500, 2500, 9173.231, 9839.599, 
9910.62, 10450.204, 11059.507, 9900.81299999999, 12695.477, 12162.361, 
12666.367, 12495.747, 13266.566, 11.88345, 13.83816, 12.53952, 
9.83193, 1.63354, 14.20787, 11.24824, 14.15095, 11.95863, 10.29884, 
14.74459, -3.26606, -1.74443, -2.03878, -2.11256, -1.30358, -7.95847, 
-5.42915, -7.56498, -6.81212, -6.69524, -7.37559, 0, 0, 0, 0, 
0, 0, 0, 0, 0, 0, 0, 0, 0, 0, 0, 0, 0, 0, 0, 0, 0, 0, 0.99583, 
0.99619, 0.99298, 0.99035, 0.99104, 0.99863, 0.99739, 1, 1, 0.99889, 
1, 0.98958, 0.99619, 0.99126, 0.98876, 0.98806, 0.99718, 0.99609, 
1, 0.99765, 0.9978, 0.99684, 0.074, 0.1066, 0.1149, 0.1277, 0.1664, 
0.1249, 0.0983, 0.1358, 0.1202, 0.1166, 0.151, 181.9, 284, 272.6, 
281.3, 380.3, 53.7, 91.3, 59.6, 69.5, 71.9, 63.7, 25, 18, 44, 
1, 33, 53, 281, 3, 14, 18, 6, 146, 244, 48, 163, 69, 35, 33, 
141, 51, 68, 125, 100, 100, 100, 100, 100, 100, 100, 100, 100, 
100, 100, 2500, 2500, 2500, 2500, 2500, 2500, 2500, 2500, 2500, 
2500, 2500, 9812.8, 10289.9, 10549.343, 10904.03, 11374.494, 
13633.596, 15302.013, 16006.202, 16801.159, 17367.301, 18186.931, 
1, 1, 1, 1, 1, 1, 1, 1, 1, 1, 1, 0.11111, 0.11111, 0.11111, 0.11111, 
0.11111, 0.11111, 0.11111, 0.11111, 0.11111, 0.11111, 0.11111, 
0, 0, 0, 0, 0, 0, 0, 0, 0, 0, 0, 0, 0, 0, 0, 0, 0, 0, 0, 0, 0, 
0, 0.88075, 0.89945, 0.91827, 0.93907, 0.95075, 0.96817, 0.97394, 
0.97051, 0.98023, 0.98238, 0.98329, 0.88492, 0.89571, 0.91818, 
0.9374, 0.9448, 0.9682, 0.97394, 0.97176, 0.97678, 0.98238, 0.98329, 
0.0763, 0.0893, 0.1048, 0.12, 0.1397, 0.1625, 0.1847, 0.2095, 
0.2303, 0.2548, 0.2817, 259.7, 285.9, 306.5, 332.1, 358.8, 381.1, 
396.9, 413.5, 433.1, 452.1, 474.1, 1, 1, 1, 1, 1, 1, 1, 1, 1, 
1, 1, 1, 1, 1, 1, 1, 1, 1, 1, 1, 1, 1, 1, 1, 1, 1, 1, 1, 1, 1, 
1, 1, 1, 1, 1, 1, 1, 1, 1, 1, 1, 1, 1, 1, 3.648, 3.748, 3.914, 
3.947, 4.119, 5.434, 5.654, 5.905, 6.288, 6.362, 6.751), .Dim = c(11L, 
40L), .Dimnames = list(NULL, c("Sampling", "PSO.cost", "PSO.gamma", 
"PSO.data.balancing", "PSO.feature.selection", "PSO.valid.acc", 
"PSO.test.acc", "PSO.train.time", "PSO.n.support.vectors", "PSO.index", 
"PSO.n.solutions", "PSO.generations", "PSO.n.evaluations", "PSO.cpu.time", 
"RS.cost", "RS.gamma", "RS.data.balancing", "RS.feature.selection", 
"RS.valid.acc", "RS.test.acc", "RS.train.time", "RS.n.support.vectors", 
"RS.index", "RS.n.solutions", "RS.generations", "RS.n.evaluations", 
"RS.cpu.time", "DF.cost", "DF.gamma", "DF.data.balancing", "DF.feature.selection", 
"DF.valid.acc", "DF.test.acc", "DF.train.time", "DF.n.support.vectors", 
"DF.index", "DF.n.solutions", "DF.generations", "DF.n.evaluations", 
"DF.cpu.time")))
