full <-
structure(c(50, 55, 60, 65, 70, 75, 80, 85, 90, 95, 100, 6.21908, 
5.54234, 6.42276, 2.02468, 12.70306, 15, 7.44805, 13.89923, 10.92163, 
9.73173, 7.414, -9.19786, -1.77721, -1.12178, -0.87537, -1.00006, 
-6.25604, -1.05421, -8.42845, -7.18732, -6.08466, -5.27591, 0, 
0, 0, 0, 0, 0, 0, 0, 0, 0, 0, 0, 0, 0, 0, 0, 0, 0, 0, 0, 0, 0, 
0.98963, 0.99427, 0.99132, 0.99357, 0.99403, 0.99306, 0.99481, 
0.99878, 0.99884, 1, 1, 0.98963, 0.99427, 0.99301, 0.99357, 0.99403, 
0.99444, 0.99217, 0.99633, 0.99884, 1, 0.99791, 0.0778, 0.1111, 
0.1323, 0.1641, 0.1773, 0.0798, 0.2213, 0.1364, 0.1063, 0.1071, 
0.1117, 248, 286.9, 361.2, 411, 416.5, 70.2, 455.8, 50.6, 66.2, 
80.3, 104.7, 2, 3, 142, 24, 14, 74, 36, 42, 28, 23, 11, 1351, 
1278, 676, 1079, 1468, 1238, 1444, 1676, 1552, 1529, 1532, 100, 
100, 100, 100, 100, 100, 100, 100, 100, 100, 100, 2500, 2500, 
2500, 2500, 2500, 2500, 2500, 2500, 2500, 2500, 2500, 9445.823, 
8786.131, 9593.136, 10064.517, 10457.441, 8737.995, 11902.478, 
9013.894, 9299.717, 9964.86900000001, 12541.736, 5.85692, 2.20082, 
7.26005, 5.11806, 6.83015, 14.95384, 11.76705, 12.56846, 13.79919, 
10.93996, 12.02268, -8.73084, -1.74633, -1.21411, -1.07125, -0.9924, 
-5.9069, -0.93696, -7.98889, -6.8676, -5.98576, -4.85775, 0, 
0, 0, 0, 0, 0, 0, 0, 0, 0, 0, 0, 0, 0, 0, 0, 0, 0, 0, 0, 0, 0, 
0.98963, 0.99427, 0.99132, 0.99357, 0.99403, 0.99306, 0.99481, 
0.99878, 0.99884, 1, 1, 0.98963, 0.99427, 0.99301, 0.99516, 0.99403, 
0.99306, 0.99217, 0.99756, 1, 1, 0.99792, 0.076, 0.106, 0.1389, 
0.1562, 0.1775, 0.0788, 0.2292, 0.1117, 0.1076, 0.1117, 0.1182, 
249.2, 289.6, 350.8, 382.8, 417.7, 77, 473.5, 55.1, 66.3, 81.1, 
110.4, 6, 9, 25, 67, 10, 65, 15, 21, 13, 94, 15, 590, 48, 30, 
56, 96, 46, 40, 86, 97, 102, 167, 100, 100, 100, 100, 100, 100, 
100, 100, 100, 100, 100, 2500, 2500, 2500, 2500, 2500, 2500, 
2500, 2500, 2500, 2500, 2500, 8894.814, 9329.219, 9944.297, 10389.965, 
10916.473, 11674.176, 11964.977, 12378.564, 13141.337, 16674.879, 
17405.649, 1, 1, 1, 1, 1, 1, 1, 1, 1, 1, 1, 0.11111, 0.11111, 
0.11111, 0.11111, 0.11111, 0.11111, 0.11111, 0.11111, 0.11111, 
0.11111, 0.11111, 0, 0, 0, 0, 0, 0, 0, 0, 0, 0, 0, 0, 0, 0, 0, 
0, 0, 0, 0, 0, 0, 0, 0.87258, 0.90682, 0.93411, 0.96126, 0.95075, 
0.97218, 0.97652, 0.97787, 0.98149, 0.98354, 0.98331, 0.883, 
0.89539, 0.93405, 0.95809, 0.95077, 0.9722, 0.96996, 0.97419, 
0.98383, 0.98354, 0.98331, 0.0803, 0.0893, 0.1104, 0.1205, 0.1356, 
0.1559, 0.1728, 0.192, 0.2162, 0.244, 0.2667, 263.2, 287.6, 310.2, 
333, 349.7, 374.5, 383.5, 411.2, 434.1, 455.8, 473.6, 1, 1, 1, 
1, 1, 1, 1, 1, 1, 1, 1, 1, 1, 1, 1, 1, 1, 1, 1, 1, 1, 1, 1, 1, 
1, 1, 1, 1, 1, 1, 1, 1, 1, 1, 1, 1, 1, 1, 1, 1, 1, 1, 1, 1, 3.295, 
3.251, 3.614, 3.696, 3.843, 4.078, 4.277, 4.482, 4.674, 6.049, 
6.244), .Dim = c(11L, 40L), .Dimnames = list(NULL, c("Sampling", 
"PSO.cost", "PSO.gamma", "PSO.data.balancing", "PSO.feature.selection", 
"PSO.valid.acc", "PSO.test.acc", "PSO.train.time", "PSO.n.support.vectors", 
"PSO.index", "PSO.n.solutions", "PSO.generations", "PSO.n.evaluations", 
"PSO.cpu.time", "RS.cost", "RS.gamma", "RS.data.balancing", "RS.feature.selection", 
"RS.valid.acc", "RS.test.acc", "RS.train.time", "RS.n.support.vectors", 
"RS.index", "RS.n.solutions", "RS.generations", "RS.n.evaluations", 
"RS.cpu.time", "DF.cost", "DF.gamma", "DF.data.balancing", "DF.feature.selection", 
"DF.valid.acc", "DF.test.acc", "DF.train.time", "DF.n.support.vectors", 
"DF.index", "DF.n.solutions", "DF.generations", "DF.n.evaluations", 
"DF.cpu.time")))
