full <-
structure(c(50, 55, 60, 65, 70, 75, 80, 85, 90, 95, 100, 14.46985, 
5.66217, 12.619, 10.41311, 12.21115, 11.20958, 8.81282, 11.21619, 
11.81427, 9.22401, 9.0127, -6.44873, -2.49395, -7.00474, -6.67686, 
-6.26823, -5.86295, -6.07546, -6.10363, -6.56771, -6.03139, -5.47095, 
0, 0, 0, 0, 0, 0, 0, 0, 0, 0, 0, 0, 0, 0, 0, 0, 0, 0, 0, 0, 0, 
0, 0.99162, 0.99238, 0.99825, 0.99839, 0.99851, 0.99444, 0.9987, 
0.99877, 1, 0.99891, 1, 0.9875, 0.99046, 0.99483, 0.99839, 0.99851, 
0.99306, 0.99612, 0.99878, 0.9977, 0.99781, 0.99895, 0.0553, 
0.0981, 0.0683, 0.075, 0.0779, 0.0828, 0.0849, 0.0959, 0.0993, 
0.1066, 0.1133, 64.8, 238.7, 57.6, 65.5, 70.2, 80.5, 82.4, 77.6, 
71.9, 84.3, 94.8, 40, 5, 29, 29, 32, 39, 52, 47, 14, 46, 24, 
1317, 1538, 1285, 328, 1451, 997, 1461, 1466, 1607, 331, 1478, 
100, 100, 100, 100, 100, 100, 100, 100, 100, 100, 100, 2500, 
2500, 2500, 2500, 2500, 2500, 2500, 2500, 2500, 2500, 2500, 7279.097, 
8648.137, 7721.70699999999, 8122.888, 8387.53599999999, 8521.48300000001, 
9075.42, 8820.25900000001, 8710.20699999999, 9130.505, 9513.11899999998, 
14.01601, 10.88208, 14.7262, 11.40065, 11.58534, 14.14725, 14.13475, 
12.41511, 13.16322, 9.24288, 9.36925, -6.57845, -2.55908, -7.16525, 
-7.31311, -6.28162, -6.31697, -6.7017, -6.68783, -7.35732, -6.24419, 
-6.0423, 0, 0, 0, 0, 0, 0, 0, 0, 0, 0, 0, 0, 0, 0, 0, 0, 0, 0, 
0, 0, 0, 0, 0.99162, 0.99238, 0.99825, 0.99839, 0.99851, 0.99444, 
0.9987, 0.99877, 1, 0.99891, 1, 0.9875, 0.99046, 0.99483, 0.99839, 
0.99851, 0.99306, 0.99612, 0.99878, 0.99885, 0.99672, 0.99895, 
0.0549, 0.0912, 0.0678, 0.0749, 0.076, 0.0866, 0.0953, 0.1008, 
0.1124, 0.1036, 0.1145, 62.7, 235.1, 55.8, 60, 70.1, 72.5, 68.5, 
69.3, 60.7, 81.4, 83.7, 72, 28, 154, 386, 43, 90, 21, 15, 12, 
1139, 17, 21, 100, 18, 8, 41, 34, 83, 66, 134, 4, 156, 100, 100, 
100, 100, 100, 100, 100, 100, 100, 100, 100, 2500, 2500, 2500, 
2500, 2500, 2500, 2500, 2500, 2500, 2500, 2500, 8576.455, 9130.587, 
9530.141, 10029.935, 10671.708, 11286.6, 11949.452, 11825.568, 
12349.356, 13229.98, 13973.491, 1, 1, 1, 1, 1, 1, 1, 1, 1, 1, 
1, 0.11111, 0.11111, 0.11111, 0.11111, 0.11111, 0.11111, 0.11111, 
0.11111, 0.11111, 0.11111, 0.11111, 0, 0, 0, 0, 0, 0, 0, 0, 0, 
0, 0, 0, 0, 0, 0, 0, 0, 0, 0, 0, 0, 0, 0.87672, 0.8895, 0.9235, 
0.94224, 0.94333, 0.95706, 0.9779, 0.97915, 0.98264, 0.98242, 
0.9833, 0.87898, 0.89348, 0.9323, 0.94232, 0.94482, 0.9667, 0.97526, 
0.98163, 0.98148, 0.98242, 0.9833, 0.0781, 0.0874, 0.1068, 0.1208, 
0.1374, 0.1476, 0.1704, 0.1851, 0.2027, 0.2209, 0.2448, 269.2, 
295.4, 319.5, 342.2, 361, 381.1, 398.4, 419.7, 436.2, 453.2, 
476.3, 1, 1, 1, 1, 1, 1, 1, 1, 1, 1, 1, 1, 1, 1, 1, 1, 1, 1, 
1, 1, 1, 1, 1, 1, 1, 1, 1, 1, 1, 1, 1, 1, 1, 1, 1, 1, 1, 1, 1, 
1, 1, 1, 1, 1, 3.157, 3.291, 3.657, 3.62, 4.006, 4.067, 4.397, 
4.248, 4.38, 4.605, 5.001), .Dim = c(11L, 40L), .Dimnames = list(
    NULL, c("Sampling", "PSO.cost", "PSO.gamma", "PSO.data.balancing", 
    "PSO.feature.selection", "PSO.valid.acc", "PSO.test.acc", 
    "PSO.train.time", "PSO.n.support.vectors", "PSO.index", "PSO.n.solutions", 
    "PSO.generations", "PSO.n.evaluations", "PSO.cpu.time", "RS.cost", 
    "RS.gamma", "RS.data.balancing", "RS.feature.selection", 
    "RS.valid.acc", "RS.test.acc", "RS.train.time", "RS.n.support.vectors", 
    "RS.index", "RS.n.solutions", "RS.generations", "RS.n.evaluations", 
    "RS.cpu.time", "DF.cost", "DF.gamma", "DF.data.balancing", 
    "DF.feature.selection", "DF.valid.acc", "DF.test.acc", "DF.train.time", 
    "DF.n.support.vectors", "DF.index", "DF.n.solutions", "DF.generations", 
    "DF.n.evaluations", "DF.cpu.time")))
