full <-
structure(c(50, 55, 60, 65, 70, 75, 80, 85, 90, 95, 100, 14.81765, 
11.13211, 11.60434, 9.91274, 10.83613, 15, 10.78329, 13.37685, 
13.05958, 10.36362, 14.56535, -6.07199, -6.96918, -2.34606, -5.98907, 
-6.28889, -9.33238, -6.4457, -5.27944, -6.4473, -6.25625, -8.97432, 
0, 0, 0, 0, 0, 0, 0, 0, 0, 0, 0, 0, 0, 0, 0, 0, 0, 0, 0, 0, 0, 
0, 0.99375, 0.9943, 0.99307, 0.99677, 0.99704, 0.99722, 1, 1, 
1, 0.99891, 1, 0.99162, 0.99245, 0.98784, 0.99357, 0.99557, 0.98893, 
1, 1, 1, 0.9989, 0.99896, 0.0603, 0.0681, 0.1161, 0.0735, 0.0788, 
0.1319, 0.097, 0.0981, 0.104, 0.1151, 0.2127, 75.3, 63.7, 261.1, 
75.1, 71.6, 46.4, 71.7, 95.5, 70.9, 78.8, 52, 14, 29, 171, 72, 
61, 34, 70, 31, 8, 75, 11, 1310, 1320, 47, 1200, 1536, 1672, 
1572, 1434, 1692, 1518, 1671, 100, 100, 100, 100, 100, 100, 100, 
100, 100, 100, 100, 2500, 2500, 2500, 2500, 2500, 2500, 2500, 
2500, 2500, 2500, 2500, 8036.073, 8193.781, 8818.469, 8169.991, 
8293.728, 8930.27, 9090.74800000001, 9539.14599999998, 9534.81, 
9808.96600000001, 10845.904, 9.00604, 12.89445, 8.19289, 11.41953, 
11.49955, 12.35737, 12.4043, 12.68213, 13.31046, 13.9775, 9.28888, 
-5.69183, -7.24638, -2.3427, -6.02478, -6.24702, -5.96069, -7.38633, 
-5.35135, -7.79302, -6.25651, -5.0003, 0, 0, 0, 0, 0, 0, 0, 0, 
0, 0, 0, 0, 0, 0, 0, 0, 0, 0, 0, 0, 0, 0, 0.99375, 0.9943, 0.99307, 
0.99677, 0.99704, 0.99722, 1, 1, 1, 0.99891, 1, 0.99375, 0.99057, 
0.98784, 0.99357, 0.99557, 0.99446, 1, 1, 1, 0.9989, 1, 0.062, 
0.0686, 0.1189, 0.0726, 0.0791, 0.0863, 0.1104, 0.0961, 0.1361, 
0.1154, 0.1198, 81.8, 58.4, 261.2, 74.6, 71.9, 78.5, 60.5, 93.9, 
57.1, 78.7, 109.4, 13, 16, 1137, 7, 83, 7, 105, 32, 16, 52, 9, 
79, 30, 3, 12, 17, 127, 61, 141, 110, 30, 170, 100, 100, 100, 
100, 100, 100, 100, 100, 100, 100, 100, 2500, 2500, 2500, 2500, 
2500, 2500, 2500, 2500, 2500, 2500, 2500, 9229.521, 9755.134, 
10176.236, 10465.607, 11128.913, 11727.241, 12333.688, 12809.536, 
13632.65, 14422.051, 15317.667, 1, 1, 1, 1, 1, 1, 1, 1, 1, 1, 
1, 0.11111, 0.11111, 0.11111, 0.11111, 0.11111, 0.11111, 0.11111, 
0.11111, 0.11111, 0.11111, 0.11111, 0, 0, 0, 0, 0, 0, 0, 0, 0, 
0, 0, 0, 0, 0, 0, 0, 0, 0, 0, 0, 0, 0, 0.85172, 0.86542, 0.89918, 
0.91326, 0.93292, 0.94297, 0.96221, 0.97178, 0.9803, 0.98245, 
0.9833, 0.86209, 0.86154, 0.89574, 0.91336, 0.93889, 0.94573, 
0.97001, 0.97674, 0.9803, 0.98137, 0.9833, 0.0785, 0.0929, 0.1062, 
0.1204, 0.1493, 0.1607, 0.1788, 0.1996, 0.2329, 0.2462, 0.2773, 
268.8, 291.9, 312.9, 334.3, 356, 378.1, 396.8, 416.6, 440, 456.9, 
476.4, 1, 1, 1, 1, 1, 1, 1, 1, 1, 1, 1, 1, 1, 1, 1, 1, 1, 1, 
1, 1, 1, 1, 1, 1, 1, 1, 1, 1, 1, 1, 1, 1, 1, 1, 1, 1, 1, 1, 1, 
1, 1, 1, 1, 1, 3.264, 3.48, 3.519, 3.656, 4.171, 4.134, 4.408, 
4.721, 5.057, 5.266, 5.546), .Dim = c(11L, 40L), .Dimnames = list(
    NULL, c("Sampling", "PSO.cost", "PSO.gamma", "PSO.data.balancing", 
    "PSO.feature.selection", "PSO.valid.acc", "PSO.test.acc", 
    "PSO.train.time", "PSO.n.support.vectors", "PSO.index", "PSO.n.solutions", 
    "PSO.generations", "PSO.n.evaluations", "PSO.cpu.time", "RS.cost", 
    "RS.gamma", "RS.data.balancing", "RS.feature.selection", 
    "RS.valid.acc", "RS.test.acc", "RS.train.time", "RS.n.support.vectors", 
    "RS.index", "RS.n.solutions", "RS.generations", "RS.n.evaluations", 
    "RS.cpu.time", "DF.cost", "DF.gamma", "DF.data.balancing", 
    "DF.feature.selection", "DF.valid.acc", "DF.test.acc", "DF.train.time", 
    "DF.n.support.vectors", "DF.index", "DF.n.solutions", "DF.generations", 
    "DF.n.evaluations", "DF.cpu.time")))
