full <-
structure(c(50, 55, 60, 65, 70, 75, 80, 85, 90, 95, 100, 8.69944, 
7.39223, 12.47419, 14.43563, 10.64313, 9.09231, 14.10245, 12.29921, 
15, 13.45985, 13.12604, -1.59816, -1.54277, -0.98674, -6.35719, 
-5.05728, -5.83045, -6.8299, -6.61873, -8.16043, -6.17776, -5.58664, 
0, 0, 0, 0, 0, 0, 0, 0, 0, 0, 0, 0, 0, 0, 0, 0, 0, 0, 0, 0, 0, 
0, 0.99371, 0.99619, 0.99129, 0.9968, 0.99704, 1, 0.99481, 0.99262, 
0.9977, 0.9978, 0.99895, 0.99366, 0.99427, 0.98781, 0.99355, 
0.99704, 0.99861, 0.9961, 0.99143, 0.99767, 0.9978, 0.99895, 
0.09, 0.1032, 0.1357, 0.0761, 0.0799, 0.0838, 0.0927, 0.0955, 
0.1413, 0.109, 0.1174, 273.3, 295, 380.3, 71.5, 96, 83.1, 63.8, 
67.2, 54.7, 77.6, 92.9, 3, 43, 21, 225, 2, 23, 79, 7, 182, 21, 
28, 1493, 1149, 1604, 850, 1661, 515, 1306, 1475, 1006, 1480, 
1779, 100, 100, 100, 100, 100, 100, 100, 100, 100, 100, 100, 
2500, 2500, 2500, 2500, 2500, 2500, 2500, 2500, 2500, 2500, 2500, 
9185.061, 9547.656, 10234.559, 8930.12100000001, 9478.624, 9625.80099999999, 
10070.168, 9822.19099999999, 10473.834, 10022.71, 10732.382, 
3.28383, 7.4387, 10.40981, 13.80029, 11.01855, 12.6718, 13.78695, 
14.40875, 13.45404, 14.22226, 11.57881, -1.63099, -1.53994, -1.53275, 
-6.2993, -5.98204, -5.91084, -7.19292, -7.59043, -8.08536, -5.94341, 
-5.61174, 0, 0, 0, 0, 0, 0, 0, 0, 0, 0, 0, 0, 0, 0, 0, 0, 0, 
0, 0, 0, 0, 0, 0.99371, 0.99619, 0.99129, 0.9968, 0.99704, 1, 
0.99481, 0.99262, 0.9977, 0.9978, 0.99895, 0.99366, 0.99427, 
0.99129, 0.99355, 0.99853, 1, 0.9961, 0.99018, 0.99767, 0.9978, 
0.99789, 0.0896, 0.1089, 0.1216, 0.0746, 0.0789, 0.0856, 0.0983, 
0.1066, 0.1396, 0.1088, 0.1131, 271.2, 295.2, 316.7, 72.4, 77, 
79, 61.4, 57, 55.4, 82.9, 92.7, 1, 13, 29, 172, 17, 42, 54, 34, 
93, 55, 119, 125, 65, 92, 6, 160, 31, 26, 68, 7, 49, 69, 100, 
100, 100, 100, 100, 100, 100, 100, 100, 100, 100, 2500, 2500, 
2500, 2500, 2500, 2500, 2500, 2500, 2500, 2500, 2500, 9389.94, 
9927.227, 10321.673, 10972.678, 11638.944, 12152.943, 12760.363, 
13728.909, 14215.66, 14961.864, 15922.663, 1, 1, 1, 1, 1, 1, 
1, 1, 1, 1, 1, 0.11111, 0.11111, 0.11111, 0.11111, 0.11111, 0.11111, 
0.11111, 0.11111, 0.11111, 0.11111, 0.11111, 0, 0, 0, 0, 0, 0, 
0, 0, 0, 0, 0, 0, 0, 0, 0, 0, 0, 0, 0, 0, 0, 0, 0.89134, 0.9107, 
0.91488, 0.93394, 0.93595, 0.95968, 0.96745, 0.98159, 0.98146, 
0.98353, 0.98329, 0.89342, 0.90119, 0.91676, 0.92774, 0.9478, 
0.96246, 0.96613, 0.97913, 0.98262, 0.98353, 0.98329, 0.08, 0.0924, 
0.1001, 0.1263, 0.1436, 0.1559, 0.1781, 0.2014, 0.2166, 0.2329, 
0.2638, 257, 278, 300.8, 319.3, 344.3, 367.7, 382.9, 407.7, 433.5, 
453.4, 474.5, 1, 1, 1, 1, 1, 1, 1, 1, 1, 1, 1, 1, 1, 1, 1, 1, 
1, 1, 1, 1, 1, 1, 1, 1, 1, 1, 1, 1, 1, 1, 1, 1, 1, 1, 1, 1, 1, 
1, 1, 1, 1, 1, 1, 1, 3.691, 3.804, 3.714, 4.253, 4.363, 4.436, 
4.744, 5.009, 5.248, 5.198, 5.601), .Dim = c(11L, 40L), .Dimnames = list(
    NULL, c("Sampling", "PSO.cost", "PSO.gamma", "PSO.data.balancing", 
    "PSO.feature.selection", "PSO.valid.acc", "PSO.test.acc", 
    "PSO.train.time", "PSO.n.support.vectors", "PSO.index", "PSO.n.solutions", 
    "PSO.generations", "PSO.n.evaluations", "PSO.cpu.time", "RS.cost", 
    "RS.gamma", "RS.data.balancing", "RS.feature.selection", 
    "RS.valid.acc", "RS.test.acc", "RS.train.time", "RS.n.support.vectors", 
    "RS.index", "RS.n.solutions", "RS.generations", "RS.n.evaluations", 
    "RS.cpu.time", "DF.cost", "DF.gamma", "DF.data.balancing", 
    "DF.feature.selection", "DF.valid.acc", "DF.test.acc", "DF.train.time", 
    "DF.n.support.vectors", "DF.index", "DF.n.solutions", "DF.generations", 
    "DF.n.evaluations", "DF.cpu.time")))
