full <-
structure(c(50, 55, 60, 65, 70, 75, 80, 85, 90, 95, 100, 6.29232, 
2.1863, 6.29876, 11.0034, 9.44398, 12.85925, 10.12306, 12.24596, 
9.48774, 10.9459, 14.35456, -1.49643, -0.79779, -4.32046, -3.08147, 
-2.03237, -1.54354, -6.54999, -7.86938, -5.49032, -6.28696, -7.46095, 
0, 0, 0, 0, 0, 0, 0, 0, 0, 0, 0, 0, 0, 0, 0, 0, 0, 0, 0, 0, 0, 
0, 0.99153, 0.99057, 0.9948, 0.99677, 0.9941, 0.99583, 0.99609, 
0.99753, 1, 1, 1, 0.99153, 0.98868, 0.99307, 0.99037, 0.99256, 
0.99722, 0.99481, 0.99753, 0.99535, 1, 1, 0.1018, 0.1292, 0.0794, 
0.1074, 0.1602, 0.1984, 0.0932, 0.1129, 0.1042, 0.1139, 0.1496, 
281.3, 372.5, 124.9, 206.4, 310.8, 378.3, 68.8, 58.3, 90, 75.6, 
63.1, 87, 31, 9, 96, 33, 11, 37, 22, 18, 5, 14, 1298, 1606, 878, 
1000, 1700, 1580, 1601, 1374, 1002, 1686, 1371, 100, 100, 100, 
100, 100, 100, 100, 100, 100, 100, 100, 2500, 2500, 2500, 2500, 
2500, 2500, 2500, 2500, 2500, 2500, 2500, 9642.302, 10216.117, 
9691.257, 9958.143, 11470.296, 11936.437, 9693.99399999999, 10024.157, 
10002.097, 10210.746, 11514.237, 13.41735, 2.71799, 10.53592, 
14.89665, 7.33824, 6.9083, 9.28284, 10.67381, 9.89703, 11.49941, 
13.2486, -1.65042, -1.42683, -1.65745, -3.10322, -1.55193, -1.25784, 
-6.03488, -6.1487, -6.41532, -6.24696, -5.40942, 0, 0, 0, 0, 
0, 0, 0, 0, 0, 0, 0, 0, 0, 0, 0, 0, 0, 0, 0, 0, 0, 0, 0.99153, 
0.99057, 0.9948, 0.99677, 0.9941, 0.99583, 0.99609, 0.99753, 
1, 1, 1, 0.99153, 0.99057, 0.9948, 0.99037, 0.99256, 0.99722, 
0.99481, 0.99877, 0.99651, 1, 0.99897, 0.0948, 0.119, 0.1294, 
0.1081, 0.169, 0.2078, 0.0897, 0.0957, 0.1033, 0.1138, 0.1165, 
269.7, 309.9, 308.3, 205, 355.8, 411.8, 78.2, 74, 72.7, 76, 99.4, 
115, 2, 11, 42, 24, 11, 4, 3, 58, 3, 5, 60, 130, 105, 7, 208, 
93, 109, 79, 25, 83, 194, 100, 100, 100, 100, 100, 100, 100, 
100, 100, 100, 100, 2500, 2500, 2500, 2500, 2500, 2500, 2500, 
2500, 2500, 2500, 2500, 9948.895, 10388.378, 10973.752, 11417.395, 
11865.454, 12398.624, 13015.519, 13852.787, 14306.006, 15161.231, 
15989.412, 1, 1, 1, 1, 1, 1, 1, 1, 1, 1, 1, 0.11111, 0.11111, 
0.11111, 0.11111, 0.11111, 0.11111, 0.11111, 0.11111, 0.11111, 
0.11111, 0.11111, 0, 0, 0, 0, 0, 0, 0, 0, 0, 0, 0, 0, 0, 0, 0, 
0, 0, 0, 0, 0, 0, 0, 0.88084, 0.8976, 0.91319, 0.91178, 0.94183, 
0.9625, 0.97131, 0.98041, 0.98031, 0.9824, 0.98331, 0.87463, 
0.89001, 0.9167, 0.91498, 0.9478, 0.96389, 0.97391, 0.97918, 
0.98031, 0.9824, 0.98226, 0.0803, 0.0972, 0.1125, 0.1326, 0.1472, 
0.164, 0.1858, 0.212, 0.2302, 0.2556, 0.2712, 258.8, 280.9, 309.8, 
332.5, 355.6, 375.3, 402.2, 419.8, 437.2, 460.9, 476.8, 1, 1, 
1, 1, 1, 1, 1, 1, 1, 1, 1, 1, 1, 1, 1, 1, 1, 1, 1, 1, 1, 1, 1, 
1, 1, 1, 1, 1, 1, 1, 1, 1, 1, 1, 1, 1, 1, 1, 1, 1, 1, 1, 1, 1, 
3.613, 3.791, 4.011, 4.198, 4.237, 4.503, 4.752, 5.079, 5.169, 
5.507, 5.617), .Dim = c(11L, 40L), .Dimnames = list(NULL, c("Sampling", 
"PSO.cost", "PSO.gamma", "PSO.data.balancing", "PSO.feature.selection", 
"PSO.valid.acc", "PSO.test.acc", "PSO.train.time", "PSO.n.support.vectors", 
"PSO.index", "PSO.n.solutions", "PSO.generations", "PSO.n.evaluations", 
"PSO.cpu.time", "RS.cost", "RS.gamma", "RS.data.balancing", "RS.feature.selection", 
"RS.valid.acc", "RS.test.acc", "RS.train.time", "RS.n.support.vectors", 
"RS.index", "RS.n.solutions", "RS.generations", "RS.n.evaluations", 
"RS.cpu.time", "DF.cost", "DF.gamma", "DF.data.balancing", "DF.feature.selection", 
"DF.valid.acc", "DF.test.acc", "DF.train.time", "DF.n.support.vectors", 
"DF.index", "DF.n.solutions", "DF.generations", "DF.n.evaluations", 
"DF.cpu.time")))
