full <-
structure(c(50, 55, 60, 65, 70, 75, 80, 85, 90, 95, 100, 9.17397, 
12.43623, 9.98195, 12.12015, 6.30788, 11.46107, 9.97239, 11.26217, 
15, 14.34549, 10.59009, -2.98753, -8.26494, -1.66869, -6.75347, 
-1.17954, -7.60044, -6.02593, -6.86334, -6.0472, -5.56953, -5.40573, 
0, 0, 0, 0, 0, 0, 0, 0, 0, 0, 0, 0, 0, 0, 0, 0, 0, 0, 0, 0, 0, 
0, 0.9875, 0.99053, 0.99301, 0.99199, 0.99256, 0.99718, 0.99481, 
0.99877, 0.99884, 1, 1, 0.98542, 0.98668, 0.99126, 0.98715, 0.99405, 
0.99024, 0.99609, 0.99755, 0.99651, 1, 1, 0.0746, 0.0597, 0.1212, 
0.0714, 0.1736, 0.0848, 0.054, 0.1021, 0.102, 0.1059, 0.1156, 
188.1, 49.5, 310.4, 63.6, 404.1, 60.3, 73.7, 65.5, 79, 90.5, 
97.2, 8, 1142, 98, 74, 23, 24, 8, 5, 76, 6, 3, 1113, 23, 1187, 
1261, 1218, 178, 1455, 777, 1322, 1945, 1594, 100, 100, 100, 
100, 100, 100, 100, 100, 100, 100, 100, 2500, 2500, 2500, 2500, 
2500, 2500, 2500, 2500, 2500, 2500, 2500, 8871.918, 9419.134, 
10041.196, 8655.399, 10375.278, 9181.48, 8744.89, 10710.065, 
8952.60699999999, 10475.951, 11548.232, 6.24909, 10.70035, 1.92313, 
12.32089, 3.92925, 12.3483, 11.40848, 12.16637, 13.26915, 8.13682, 
10.51081, -3.11883, -6.64313, -1.66658, -6.72977, -1.07727, -8.19979, 
-6.46527, -5.90581, -6.0271, -4.3928, -5.21411, 0, 0, 0, 0, 0, 
0, 0, 0, 0, 0, 0, 0, 0, 0, 0, 0, 0, 0, 0, 0, 0, 0, 0.9875, 0.98864, 
0.99301, 0.99199, 0.99256, 0.99718, 0.99481, 0.99877, 0.99884, 
1, 1, 0.98542, 0.99049, 0.99126, 0.98715, 0.99256, 0.99024, 0.99609, 
0.99633, 0.99651, 0.99781, 1, 0.0716, 0.0605, 0.1203, 0.0719, 
0.1729, 0.0834, 0.0869, 0.0933, 0.0659, 0.1155, 0.1166, 180.9, 
62.7, 310.5, 63.9, 417, 53.5, 68, 79.5, 79.5, 127.7, 101.8, 49, 
7, 14, 1594, 57, 755, 12, 63, 10, 8, 6, 27, 254, 19, 2, 68, 3, 
65, 131, 17, 166, 171, 100, 100, 100, 100, 100, 100, 100, 100, 
100, 100, 100, 2500, 2500, 2500, 2500, 2500, 2500, 2500, 2500, 
2500, 2500, 2500, 9620.43, 9796.96, 9898.938, 10748.661, 11599.222, 
12129.544, 12989.222, 13302.28, 13975.563, 15432.907, 16224.046, 
1, 1, 1, 1, 1, 1, 1, 1, 1, 1, 1, 0.11111, 0.11111, 0.11111, 0.11111, 
0.11111, 0.11111, 0.11111, 0.11111, 0.11111, 0.11111, 0.11111, 
0, 0, 0, 0, 0, 0, 0, 0, 0, 0, 0, 0, 0, 0, 0, 0, 0, 0, 0, 0, 0, 
0, 0.89371, 0.91092, 0.90777, 0.94226, 0.95386, 0.97071, 0.97003, 
0.97671, 0.97801, 0.98355, 0.98329, 0.89375, 0.90537, 0.91481, 
0.94541, 0.95094, 0.96522, 0.97134, 0.97915, 0.98265, 0.98355, 
0.98329, 0.0752, 0.0881, 0.1099, 0.1264, 0.1362, 0.1072, 0.1871, 
0.2034, 0.2268, 0.2489, 0.2762, 261.2, 284.4, 311.1, 336, 362, 
375.8, 398.9, 418.2, 439.3, 457.7, 477, 1, 1, 1, 1, 1, 1, 1, 
1, 1, 1, 1, 1, 1, 1, 1, 1, 1, 1, 1, 1, 1, 1, 1, 1, 1, 1, 1, 1, 
1, 1, 1, 1, 1, 1, 1, 1, 1, 1, 1, 1, 1, 1, 1, 1, 3.456, 3.595, 
3.989, 4.162, 4.076, 3.41, 4.797, 4.926, 5.377, 5.656, 6.008), .Dim = c(11L, 
40L), .Dimnames = list(NULL, c("Sampling", "PSO.cost", "PSO.gamma", 
"PSO.data.balancing", "PSO.feature.selection", "PSO.valid.acc", 
"PSO.test.acc", "PSO.train.time", "PSO.n.support.vectors", "PSO.index", 
"PSO.n.solutions", "PSO.generations", "PSO.n.evaluations", "PSO.cpu.time", 
"RS.cost", "RS.gamma", "RS.data.balancing", "RS.feature.selection", 
"RS.valid.acc", "RS.test.acc", "RS.train.time", "RS.n.support.vectors", 
"RS.index", "RS.n.solutions", "RS.generations", "RS.n.evaluations", 
"RS.cpu.time", "DF.cost", "DF.gamma", "DF.data.balancing", "DF.feature.selection", 
"DF.valid.acc", "DF.test.acc", "DF.train.time", "DF.n.support.vectors", 
"DF.index", "DF.n.solutions", "DF.generations", "DF.n.evaluations", 
"DF.cpu.time")))
