full <-
structure(c(50, 55, 60, 65, 70, 75, 80, 85, 90, 95, 100, 15, 
10.47353, 14.76808, 12.23074, 14.72593, 6.63649, 15, 15, 12.22874, 
9.01092, 15, -8.08318, -6.28525, -2.4474, -5.3721, -7.42095, 
-1.50939, -5.3954, -5.38904, -5.02367, -5.55229, -6.27477, 0, 
0, 0, 0, 0, 0, 0, 0, 0, 0, 0, 0, 0, 0, 0, 0, 0, 0, 0, 0, 0, 0, 
0.99167, 0.99049, 0.99123, 0.99037, 0.99403, 0.99167, 0.9961, 
0.99633, 1, 1, 1, 0.98542, 0.9943, 0.99123, 0.98556, 0.99254, 
0.99028, 0.99481, 0.99631, 1, 1, 1, 0.0575, 0.0581, 0.113, 0.07, 
0.0749, 0.1782, 0.0804, 0.0892, 0.1001, 0.1077, 0.1164, 49, 65.6, 
259.9, 85.6, 55.3, 380.4, 90.6, 89.8, 102.4, 93.9, 78.6, 57, 
29, 10, 4, 160, 10, 87, 106, 42, 14, 105, 624, 1029, 1778, 856, 
413, 1849, 1063, 556, 1014, 1506, 1349, 100, 100, 100, 100, 100, 
100, 100, 100, 100, 100, 100, 2500, 2500, 2500, 2500, 2500, 2500, 
2500, 2500, 2500, 2500, 2500, 8913.011, 8434.234, 9191.394, 8910.17600000001, 
8840.413, 10662.532, 8297.421, 8413.08500000002, 9134.72200000001, 
9668.72, 9644.19999999998, 14.8812, 13.21435, 14.94613, 10.25729, 
13.19111, 11.61932, 9.26699, 8.30251, 7.55745, 12.60931, 13.64747, 
-7.98887, -6.11707, -2.82745, -5.26488, -7.418, -1.52238, -5.49465, 
-5.71656, -5.14369, -7.14359, -6.44837, 0, 0, 0, 0, 0, 0, 0, 
0, 0, 0, 0, 0, 0, 0, 0, 0, 0, 0, 0, 0, 0, 0, 0.99167, 0.99049, 
0.99123, 0.99037, 0.99403, 0.99167, 0.9961, 0.99633, 1, 1, 1, 
0.98542, 0.99238, 0.99123, 0.98392, 0.99254, 0.99028, 0.99481, 
0.99509, 1, 1, 1, 0.0552, 0.0597, 0.1111, 0.0692, 0.0811, 0.1785, 
0.0841, 0.0872, 0.0957, 0.1322, 0.1232, 49.5, 68.2, 235.5, 87.5, 
55.2, 379.4, 87.4, 86.4, 100.7, 67.1, 74.7, 9, 45, 7, 18, 310, 
19, 48, 184, 892, 37, 506, 8, 33, 221, 123, 2, 200, 18, 15, 4, 
111, 19, 100, 100, 100, 100, 100, 100, 100, 100, 100, 100, 100, 
2500, 2500, 2500, 2500, 2500, 2500, 2500, 2500, 2500, 2500, 2500, 
9362.704, 9738.788, 10051.787, 10141.601, 10716.309, 11246.854, 
11603.002, 12145.666, 13030.642, 13841.209, 14259.051, 1, 1, 
1, 1, 1, 1, 1, 1, 1, 1, 1, 0.11111, 0.11111, 0.11111, 0.11111, 
0.11111, 0.11111, 0.11111, 0.11111, 0.11111, 0.11111, 0.11111, 
0, 0, 0, 0, 0, 0, 0, 0, 0, 0, 0, 0, 0, 0, 0, 0, 0, 0, 0, 0, 0, 
0, 0.87682, 0.8919, 0.91452, 0.92299, 0.94183, 0.95824, 0.97264, 
0.98406, 0.9803, 0.98135, 0.9833, 0.88098, 0.88806, 0.91107, 
0.91333, 0.94032, 0.95824, 0.97657, 0.98162, 0.98029, 0.98135, 
0.9833, 0.0749, 0.0882, 0.1011, 0.1173, 0.1349, 0.1473, 0.164, 
0.185, 0.2033, 0.2278, 0.2418, 259.7, 288.4, 309.7, 332.1, 353, 
375, 391.7, 411.6, 436, 457.5, 473.7, 1, 1, 1, 1, 1, 1, 1, 1, 
1, 1, 1, 1, 1, 1, 1, 1, 1, 1, 1, 1, 1, 1, 1, 1, 1, 1, 1, 1, 1, 
1, 1, 1, 1, 1, 1, 1, 1, 1, 1, 1, 1, 1, 1, 1, 3.347, 3.383, 3.54, 
3.6, 3.824, 4.055, 4.059, 4.575, 4.558, 5.061, 5.037), .Dim = c(11L, 
40L), .Dimnames = list(NULL, c("Sampling", "PSO.cost", "PSO.gamma", 
"PSO.data.balancing", "PSO.feature.selection", "PSO.valid.acc", 
"PSO.test.acc", "PSO.train.time", "PSO.n.support.vectors", "PSO.index", 
"PSO.n.solutions", "PSO.generations", "PSO.n.evaluations", "PSO.cpu.time", 
"RS.cost", "RS.gamma", "RS.data.balancing", "RS.feature.selection", 
"RS.valid.acc", "RS.test.acc", "RS.train.time", "RS.n.support.vectors", 
"RS.index", "RS.n.solutions", "RS.generations", "RS.n.evaluations", 
"RS.cpu.time", "DF.cost", "DF.gamma", "DF.data.balancing", "DF.feature.selection", 
"DF.valid.acc", "DF.test.acc", "DF.train.time", "DF.n.support.vectors", 
"DF.index", "DF.n.solutions", "DF.generations", "DF.n.evaluations", 
"DF.cpu.time")))
