full <-
structure(c(50, 55, 60, 65, 70, 75, 80, 85, 90, 95, 100, 10.65774, 
12.38594, 7.51679, 9.30258, 14.20141, 9.72301, 5.41334, 14.8034, 
9.72307, 15, 11.03764, -1.83092, -5.98808, -1.5443, -6.12542, 
-7.39, -6.31751, -3.40758, -7.26525, -1.94221, -5.24385, -6.53825, 
0, 0, 0, 0, 0, 0, 0, 0, 0, 0, 0, 0, 0, 0, 0, 0, 0, 0, 0, 0, 0, 
0, 0.99167, 0.99245, 0.99304, 0.99355, 1, 0.99581, 0.99347, 0.99631, 
0.9942, 0.9989, 1, 0.99167, 0.99623, 0.99304, 0.98715, 0.99704, 
0.98893, 0.98952, 0.99387, 0.99189, 0.99672, 0.99895, 0.0958, 
0.0626, 0.1261, 0.0707, 0.0861, 0.0794, 0.1175, 0.1001, 0.2318, 
0.1066, 0.1213, 258, 76.7, 320.4, 72.9, 56.1, 69.1, 189.1, 59.7, 
365.1, 99.8, 72.5, 184, 12, 43, 41, 1062, 148, 49, 243, 11, 26, 
52, 1316, 1770, 1256, 926, 1, 345, 1037, 661, 1364, 1546, 1826, 
100, 100, 100, 100, 100, 100, 100, 100, 100, 100, 100, 2500, 
2500, 2500, 2500, 2500, 2500, 2500, 2500, 2500, 2500, 2500, 8538.422, 
7891.575, 9372.842, 8565.656, 8335.595, 8596.462, 9618.14599999999, 
8998.39300000001, 12370.427, 11726.961, 11870.227, 5.14432, 12.45713, 
1.72339, 14.5989, 12.73698, 9.06445, 4.67554, 12.37431, 6.10199, 
7.87986, 13.50259, -1.79448, -4.61769, -1.27951, -8.12262, -5.37451, 
-5.99453, -3.25686, -7.30399, -2.18159, -5.14482, -7.5488, 0, 
0, 0, 0, 0, 0, 0, 0, 0, 0, 0, 0, 0, 0, 0, 0, 0, 0, 0, 0, 0, 0, 
0.99167, 0.99245, 0.99304, 0.99355, 0.99851, 0.99581, 0.99347, 
0.99631, 0.9942, 0.9989, 1, 0.99167, 0.99242, 0.99304, 0.99035, 
0.99701, 0.99167, 0.99084, 0.99387, 0.99074, 0.99672, 0.99895, 
0.0882, 0.0628, 0.1309, 0.0825, 0.0748, 0.0763, 0.1223, 0.1007, 
0.2013, 0.1077, 0.1533, 259.5, 110.4, 345.6, 49.7, 84.3, 76.7, 
204.7, 59.3, 337.7, 103, 62.7, 34, 5, 35, 125, 60, 518, 140, 
1816, 1, 28, 28, 23, 118, 51, 31, 75, 2, 19, 1, 87, 126, 108, 
100, 100, 100, 100, 100, 100, 100, 100, 100, 100, 100, 2500, 
2500, 2500, 2500, 2500, 2500, 2500, 2500, 2500, 2500, 2500, 8803.869, 
9240.927, 9758.239, 10354.398, 10722.2, 11299.541, 12008.057, 
12671.15, 15426.464, 16076.367, 16938.619, 1, 1, 1, 1, 1, 1, 
1, 1, 1, 1, 1, 0.11111, 0.11111, 0.11111, 0.11111, 0.11111, 0.11111, 
0.11111, 0.11111, 0.11111, 0.11111, 0.11111, 0, 0, 0, 0, 0, 0, 
0, 0, 0, 0, 0, 0, 0, 0, 0, 0, 0, 0, 0, 0, 0, 0, 0.87458, 0.88253, 
0.89228, 0.90845, 0.93747, 0.94845, 0.9596, 0.98165, 0.98496, 
0.98353, 0.98336, 0.87663, 0.88068, 0.89915, 0.91334, 0.93448, 
0.94569, 0.96353, 0.97799, 0.98379, 0.98133, 0.98336, 0.0722, 
0.0851, 0.109, 0.1181, 0.1359, 0.1533, 0.1714, 0.1932, 0.2172, 
0.2404, 0.2627, 247.1, 268.9, 296.1, 325.6, 347.7, 365.9, 392.5, 
414.2, 430.3, 449.9, 475.2, 1, 1, 1, 1, 1, 1, 1, 1, 1, 1, 1, 
1, 1, 1, 1, 1, 1, 1, 1, 1, 1, 1, 1, 1, 1, 1, 1, 1, 1, 1, 1, 1, 
1, 1, 1, 1, 1, 1, 1, 1, 1, 1, 1, 1, 3.203, 3.347, 3.611, 3.713, 
3.906, 4.107, 4.275, 4.517, 5.564, 5.89, 6.104), .Dim = c(11L, 
40L), .Dimnames = list(NULL, c("Sampling", "PSO.cost", "PSO.gamma", 
"PSO.data.balancing", "PSO.feature.selection", "PSO.valid.acc", 
"PSO.test.acc", "PSO.train.time", "PSO.n.support.vectors", "PSO.index", 
"PSO.n.solutions", "PSO.generations", "PSO.n.evaluations", "PSO.cpu.time", 
"RS.cost", "RS.gamma", "RS.data.balancing", "RS.feature.selection", 
"RS.valid.acc", "RS.test.acc", "RS.train.time", "RS.n.support.vectors", 
"RS.index", "RS.n.solutions", "RS.generations", "RS.n.evaluations", 
"RS.cpu.time", "DF.cost", "DF.gamma", "DF.data.balancing", "DF.feature.selection", 
"DF.valid.acc", "DF.test.acc", "DF.train.time", "DF.n.support.vectors", 
"DF.index", "DF.n.solutions", "DF.generations", "DF.n.evaluations", 
"DF.cpu.time")))
