full <-
structure(c(50, 55, 60, 65, 70, 75, 80, 85, 90, 95, 100, 9.71462, 
13.94642, 9.8179, 14.48931, 10.53658, 12.41974, 13.94656, 9.79869, 
12.75238, 10.23823, 11.93344, -6.08475, -7.11099, -6.56593, -5.97213, 
-6.70175, -6.23633, -7.79612, -5.6534, -7.37429, -6.67909, -7.00546, 
0, 0, 0, 0, 0, 0, 0, 0, 0, 0, 0, 0, 0, 0, 0, 0, 0, 0, 0, 0, 0, 
0, 0.99371, 0.99434, 0.99477, 0.9968, 0.99701, 0.99722, 0.99868, 
0.99756, 0.99767, 0.99889, 0.99791, 0.99167, 0.99053, 0.98962, 
0.99519, 0.99851, 0.99726, 0.9974, 0.99756, 0.99884, 0.9956, 
0.99789, 0.0603, 0.0702, 0.0713, 0.0751, 0.0785, 0.0876, 0.11, 
0.1005, 0.1295, 0.1121, 0.1305, 73.6, 62.8, 69.2, 74.3, 64.4, 
72.7, 55.5, 84.4, 62.5, 72.7, 69, 47, 498, 103, 39, 26, 44, 7, 
32, 17, 6, 4, 1384, 723, 165, 1434, 1343, 1556, 1517, 1649, 1676, 
1176, 1577, 100, 100, 100, 100, 100, 100, 100, 100, 100, 100, 
100, 2500, 2500, 2500, 2500, 2500, 2500, 2500, 2500, 2500, 2500, 
2500, 7982.041, 8672.207, 8489.756, 8461.63499999999, 8448.34400000001, 
8649.197, 9818.489, 10966.337, 11558.68, 11464.148, 12237.694, 
13.02048, 12.0679, 9.88232, 9.77361, 14.64034, 12.89174, 13.42432, 
14.54074, 11.87897, 14.90658, 14.25608, -6.14233, -7.02402, -6.56127, 
-5.74459, -6.91323, -6.30195, -6.33942, -5.59453, -7.35309, -6.86914, 
-7.67181, 0, 0, 0, 0, 0, 0, 0, 0, 0, 0, 0, 0, 0, 0, 0, 0, 0, 
0, 0, 0, 0, 0, 0.99371, 0.99434, 0.99477, 0.9968, 0.99701, 0.99722, 
0.99868, 0.99756, 0.99767, 0.99889, 0.99791, 0.99167, 0.99053, 
0.98962, 0.99519, 0.99704, 0.99726, 0.9987, 0.99634, 0.99884, 
0.99669, 0.99685, 0.0606, 0.0701, 0.0726, 0.0752, 0.0811, 0.0873, 
0.0957, 0.0974, 0.123, 0.1164, 0.1503, 72.1, 63.8, 68.9, 78.3, 
59.6, 71.5, 71.1, 85.5, 63, 67.2, 61.4, 53, 142, 70, 9, 25, 322, 
14, 5, 5, 49, 20, 25, 25, 3, 47, 39, 13, 70, 64, 137, 15, 180, 
100, 100, 100, 100, 100, 100, 100, 100, 100, 100, 100, 2500, 
2500, 2500, 2500, 2500, 2500, 2500, 2500, 2500, 2500, 2500, 9275.092, 
9658.903, 10368.638, 10612.698, 10924.156, 11982.228, 14376.049, 
14825.055, 15561.605, 16331.448, 17348.826, 1, 1, 1, 1, 1, 1, 
1, 1, 1, 1, 1, 0.11111, 0.11111, 0.11111, 0.11111, 0.11111, 0.11111, 
0.11111, 0.11111, 0.11111, 0.11111, 0.11111, 0, 0, 0, 0, 0, 0, 
0, 0, 0, 0, 0, 0, 0, 0, 0, 0, 0, 0, 0, 0, 0, 0, 0.87261, 0.89953, 
0.91827, 0.92944, 0.94186, 0.94998, 0.9649, 0.97675, 0.98262, 
0.9846, 0.98327, 0.8684, 0.89761, 0.91827, 0.92942, 0.94486, 
0.94863, 0.9675, 0.97552, 0.98146, 0.9846, 0.98327, 0.0801, 0.0928, 
0.1119, 0.1229, 0.1442, 0.167, 0.1886, 0.1937, 0.2234, 0.2432, 
0.2663, 269.6, 292.7, 322.4, 339.1, 355, 373.1, 395.6, 413.1, 
435.5, 452.5, 471.9, 1, 1, 1, 1, 1, 1, 1, 1, 1, 1, 1, 1, 1, 1, 
1, 1, 1, 1, 1, 1, 1, 1, 1, 1, 1, 1, 1, 1, 1, 1, 1, 1, 1, 1, 1, 
1, 1, 1, 1, 1, 1, 1, 1, 1, 3.294, 3.357, 3.69, 3.662, 3.959, 
4.302, 5.337, 5.187, 5.619, 5.865, 6.245), .Dim = c(11L, 40L), .Dimnames = list(
    NULL, c("Sampling", "PSO.cost", "PSO.gamma", "PSO.data.balancing", 
    "PSO.feature.selection", "PSO.valid.acc", "PSO.test.acc", 
    "PSO.train.time", "PSO.n.support.vectors", "PSO.index", "PSO.n.solutions", 
    "PSO.generations", "PSO.n.evaluations", "PSO.cpu.time", "RS.cost", 
    "RS.gamma", "RS.data.balancing", "RS.feature.selection", 
    "RS.valid.acc", "RS.test.acc", "RS.train.time", "RS.n.support.vectors", 
    "RS.index", "RS.n.solutions", "RS.generations", "RS.n.evaluations", 
    "RS.cpu.time", "DF.cost", "DF.gamma", "DF.data.balancing", 
    "DF.feature.selection", "DF.valid.acc", "DF.test.acc", "DF.train.time", 
    "DF.n.support.vectors", "DF.index", "DF.n.solutions", "DF.generations", 
    "DF.n.evaluations", "DF.cpu.time")))
