full <-
structure(c(50, 55, 60, 65, 70, 75, 80, 85, 90, 95, 100, 12.67276, 
8.61886, 12.47852, 7.64754, 10.56767, 12.97949, 10.98065, 12.57926, 
14.16235, 12.89488, 9.40195, -5.59833, -0.97846, -6.07638, -2.38635, 
-6.87068, -5.85334, -7.32342, -6.3716, -5.73364, -6.31327, -6.17554, 
0, 0, 0, 0, 0, 0, 0, 0, 0, 0, 0, 0, 0, 0, 0, 0, 0, 0, 0, 0, 0, 
0, 0.98971, 0.98864, 0.99301, 0.99196, 0.99107, 0.99442, 1, 1, 
1, 1, 1, 0.99171, 0.99056, 0.9931, 0.98874, 0.98514, 0.99442, 
0.9961, 0.99878, 0.99884, 0.99891, 1, 0.053, 0.1136, 0.0636, 
0.1313, 0.0762, 0.0757, 0.0927, 0.0924, 0.0992, 0.1057, 0.1127, 
75, 359.4, 69.2, 274.3, 64.2, 74, 62.4, 70, 84.8, 75, 81.5, 249, 
35, 27, 5, 122, 266, 10, 20, 39, 21, 44, 678, 1198, 1442, 1509, 
266, 464, 858, 1520, 1741, 1592, 360, 100, 100, 100, 100, 100, 
100, 100, 100, 100, 100, 100, 2500, 2500, 2500, 2500, 2500, 2500, 
2500, 2500, 2500, 2500, 2500, 7140.563, 8118.874, 7388.604, 9699.575, 
8365.534, 8209.86500000001, 8629.185, 8557.71399999999, 8703.35499999998, 
9046.80100000001, 10042.407, 11.60288, 8.53122, 11.11757, 3.12955, 
10.01322, 12.7554, 12.32007, 13.35522, 12.96757, 13.10614, 10.96494, 
-5.47754, -1.03296, -5.64906, -2.10505, -6.51972, -5.80157, -7.97945, 
-7.09077, -7.22621, -5.62535, -7.20387, 0, 0, 0, 0, 0, 0, 0, 
0, 0, 0, 0, 0, 0, 0, 0, 0, 0, 0, 0, 0, 0, 0, 0.98971, 0.98864, 
0.99301, 0.99196, 0.99107, 0.99442, 1, 1, 1, 1, 1, 0.99171, 0.99056, 
0.99135, 0.98874, 0.98514, 0.99442, 0.9948, 0.99878, 1, 0.99891, 
1, 0.051, 0.1111, 0.0636, 0.1317, 0.0739, 0.075, 0.1046, 0.1009, 
0.1114, 0.1008, 0.1198, 77.6, 354.1, 77, 297.8, 68.7, 74.5, 57.1, 
60.7, 62.7, 88.2, 69.1, 163, 155, 22, 6, 1938, 1065, 86, 24, 
11, 45, 434, 8, 38, 64, 122, 1, 8, 29, 33, 95, 90, 8, 100, 100, 
100, 100, 100, 100, 100, 100, 100, 100, 100, 2500, 2500, 2500, 
2500, 2500, 2500, 2500, 2500, 2500, 2500, 2500, 8061.973, 8554.632, 
9374.145, 10092.655, 10791.851, 11056.136, 11771.294, 12043.548, 
13037.197, 13415.36, 14316.12, 1, 1, 1, 1, 1, 1, 1, 1, 1, 1, 
1, 0.11111, 0.11111, 0.11111, 0.11111, 0.11111, 0.11111, 0.11111, 
0.11111, 0.11111, 0.11111, 0.11111, 0, 0, 0, 0, 0, 0, 0, 0, 0, 
0, 0, 0, 0, 0, 0, 0, 0, 0, 0, 0, 0, 0, 0.88964, 0.88983, 0.89213, 
0.94708, 0.9568, 0.97641, 0.98312, 0.98409, 0.97804, 0.98356, 
0.98331, 0.87275, 0.88402, 0.90426, 0.93748, 0.95382, 0.97768, 
0.98443, 0.98409, 0.98033, 0.98465, 0.98331, 0.0768, 0.0876, 
0.101, 0.1166, 0.1348, 0.1516, 0.174, 0.1885, 0.2057, 0.2231, 
0.2457, 266, 289, 310.6, 335.5, 364.3, 385.6, 408.5, 428.9, 443.8, 
456.2, 472.9, 1, 1, 1, 1, 1, 1, 1, 1, 1, 1, 1, 1, 1, 1, 1, 1, 
1, 1, 1, 1, 1, 1, 1, 1, 1, 1, 1, 1, 1, 1, 1, 1, 1, 1, 1, 1, 1, 
1, 1, 1, 1, 1, 1, 1, 2.944, 3.101, 3.348, 3.527, 3.691, 3.938, 
4.308, 4.232, 4.717, 4.792, 5.103), .Dim = c(11L, 40L), .Dimnames = list(
    NULL, c("Sampling", "PSO.cost", "PSO.gamma", "PSO.data.balancing", 
    "PSO.feature.selection", "PSO.valid.acc", "PSO.test.acc", 
    "PSO.train.time", "PSO.n.support.vectors", "PSO.index", "PSO.n.solutions", 
    "PSO.generations", "PSO.n.evaluations", "PSO.cpu.time", "RS.cost", 
    "RS.gamma", "RS.data.balancing", "RS.feature.selection", 
    "RS.valid.acc", "RS.test.acc", "RS.train.time", "RS.n.support.vectors", 
    "RS.index", "RS.n.solutions", "RS.generations", "RS.n.evaluations", 
    "RS.cpu.time", "DF.cost", "DF.gamma", "DF.data.balancing", 
    "DF.feature.selection", "DF.valid.acc", "DF.test.acc", "DF.train.time", 
    "DF.n.support.vectors", "DF.index", "DF.n.solutions", "DF.generations", 
    "DF.n.evaluations", "DF.cpu.time")))
