full <-
structure(c(50, 55, 60, 65, 70, 75, 80, 85, 90, 95, 100, 4.55191, 
6.52492, 9.93916, 12.52236, 13.2841, 14.60088, 15, 11.27858, 
10.7086, 9.40028, 13.42725, -2.1053, -2.32068, -1.84147, -1.62086, 
-8.66854, -2.20292, -7.85616, -1.43208, -6.99842, -5.58524, -8.62, 
0, 0, 0, 0, 0, 0, 0, 0, 0, 0, 0, 0, 0, 0, 0, 0, 0, 0, 0, 0, 0, 
0, 0.99366, 0.99242, 0.9948, 0.99519, 0.99407, 0.99444, 0.9961, 
0.99511, 0.99767, 1, 1, 0.99162, 0.99053, 0.99138, 0.99357, 0.98815, 
0.99169, 0.99479, 0.99265, 0.99535, 1, 1, 0.0892, 0.1043, 0.1251, 
0.1539, 0.0797, 0.1633, 0.1019, 0.2315, 0.1044, 0.1064, 0.1761, 
248, 246.9, 297.3, 333.1, 47.4, 306.4, 52, 414.9, 67.2, 90.7, 
57.7, 142, 36, 10, 36, 177, 20, 50, 22, 255, 3, 30, 1224, 1457, 
1480, 1485, 279, 1380, 1551, 1051, 228, 1494, 1678, 100, 100, 
100, 100, 100, 100, 100, 100, 100, 100, 100, 2500, 2500, 2500, 
2500, 2500, 2500, 2500, 2500, 2500, 2500, 2500, 8948.564, 9298.181, 
9581.954, 10420.953, 9128.55500000001, 10629.402, 8760.999, 12039.117, 
9086.47799999997, 9867.32000000001, 10698.514, 14.59671, 2.5941, 
7.99566, 12.95492, 13.099, 3.07672, 13.09224, 2.61397, 11.30664, 
11.48281, 12.27713, -2.12162, -2.2906, -1.98866, -1.69702, -8.57276, 
-1.46718, -6.44713, -1.39134, -7.37986, -5.35335, -6.1048, 0, 
0, 0, 0, 0, 0, 0, 0, 0, 0, 0, 0, 0, 0, 0, 0, 0, 0, 0, 0, 0, 0, 
0.99366, 0.99242, 0.9948, 0.99519, 0.99407, 0.99444, 0.9961, 
0.99511, 0.99767, 1, 1, 0.99162, 0.99053, 0.99138, 0.99357, 0.98815, 
0.99169, 0.99609, 0.99265, 0.99651, 1, 1, 0.0925, 0.1042, 0.1255, 
0.1478, 0.0783, 0.1979, 0.0891, 0.2366, 0.1102, 0.111, 0.1222, 
246.9, 249.3, 288.5, 327.2, 48, 381.3, 68.9, 421.2, 63.2, 96.9, 
82.1, 1, 16, 11, 49, 109, 15, 58, 90, 1101, 15, 11, 68, 93, 45, 
51, 10, 109, 45, 16, 3, 157, 209, 100, 100, 100, 100, 100, 100, 
100, 100, 100, 100, 100, 2500, 2500, 2500, 2500, 2500, 2500, 
2500, 2500, 2500, 2500, 2500, 9190.224, 9594.584, 10619.902, 
11107.127, 11096.003, 11831.29, 12226.559, 12819.708, 13639.984, 
14403.221, 15282.588, 1, 1, 1, 1, 1, 1, 1, 1, 1, 1, 1, 0.11111, 
0.11111, 0.11111, 0.11111, 0.11111, 0.11111, 0.11111, 0.11111, 
0.11111, 0.11111, 0.11111, 0, 0, 0, 0, 0, 0, 0, 0, 0, 0, 0, 0, 
0, 0, 0, 0, 0, 0, 0, 0, 0, 0, 0.86408, 0.89194, 0.91136, 0.92291, 
0.94481, 0.95278, 0.96866, 0.97546, 0.98376, 0.98352, 0.98325, 
0.86425, 0.89572, 0.91496, 0.92942, 0.94477, 0.95139, 0.96616, 
0.97916, 0.9826, 0.98129, 0.98325, 0.082, 0.094, 0.1108, 0.131, 
0.1439, 0.1612, 0.1771, 0.2011, 0.2163, 0.2498, 0.274, 262.4, 
287.4, 313.2, 334.1, 355.9, 369.9, 387.7, 411.1, 428, 454.4, 
476, 1, 1, 1, 1, 1, 1, 1, 1, 1, 1, 1, 1, 1, 1, 1, 1, 1, 1, 1, 
1, 1, 1, 1, 1, 1, 1, 1, 1, 1, 1, 1, 1, 1, 1, 1, 1, 1, 1, 1, 1, 
1, 1, 1, 1, 3.416, 3.484, 3.765, 4.01, 3.934, 4.173, 4.309, 4.592, 
4.804, 5.094, 5.457), .Dim = c(11L, 40L), .Dimnames = list(NULL, 
    c("Sampling", "PSO.cost", "PSO.gamma", "PSO.data.balancing", 
    "PSO.feature.selection", "PSO.valid.acc", "PSO.test.acc", 
    "PSO.train.time", "PSO.n.support.vectors", "PSO.index", "PSO.n.solutions", 
    "PSO.generations", "PSO.n.evaluations", "PSO.cpu.time", "RS.cost", 
    "RS.gamma", "RS.data.balancing", "RS.feature.selection", 
    "RS.valid.acc", "RS.test.acc", "RS.train.time", "RS.n.support.vectors", 
    "RS.index", "RS.n.solutions", "RS.generations", "RS.n.evaluations", 
    "RS.cpu.time", "DF.cost", "DF.gamma", "DF.data.balancing", 
    "DF.feature.selection", "DF.valid.acc", "DF.test.acc", "DF.train.time", 
    "DF.n.support.vectors", "DF.index", "DF.n.solutions", "DF.generations", 
    "DF.n.evaluations", "DF.cpu.time")))
