full <-
structure(c(50, 55, 60, 65, 70, 75, 80, 85, 90, 95, 100, 11.94627, 
2.49565, 6.29381, 10.56444, 9.38883, 13.72597, 11.29402, 8.42752, 
12.54594, 13.02979, 9.93526, -8.10873, -1.6282, -1.48567, -6.5206, 
-6.22836, -4.65263, -1.31328, -2.84182, -7.79837, -5.32851, -6.08197, 
0, 0, 0, 0, 0, 0, 0, 0, 0, 0, 0, 0, 0, 0, 0, 0, 0, 0, 0, 0, 0, 
0, 0.98954, 0.99046, 0.99301, 0.99519, 0.99254, 0.99718, 0.9961, 
0.99631, 1, 1, 1, 0.9832, 0.99042, 0.99132, 0.99677, 0.98657, 
0.99157, 0.99349, 0.99262, 0.99651, 0.9967, 1, 0.0608, 0.1093, 
0.1317, 0.0737, 0.0778, 0.0904, 0.2237, 0.1609, 0.1338, 0.1097, 
0.1228, 54.1, 292.8, 324.3, 67.2, 75.3, 112.5, 420.9, 255, 58.8, 
96.4, 82, 528, 160, 97, 37, 122, 313, 61, 46, 51, 4, 26, 140, 
1231, 1205, 1430, 707, 624, 1392, 1324, 1392, 1774, 1328, 100, 
100, 100, 100, 100, 100, 100, 100, 100, 100, 100, 2500, 2500, 
2500, 2500, 2500, 2500, 2500, 2500, 2500, 2500, 2500, 8651.505, 
9281.985, 9624.272, 8505.039, 8698.41399999999, 9119.067, 12315.297, 
11206.729, 10025.596, 10094.693, 11012.692, 11.36462, 8.6734, 
11.72964, 14.41483, 9.28898, 10.73118, 2.96181, 6.91556, 13.86921, 
11.41158, 13.3656, -7.8068, -1.67436, -1.85282, -8.45823, -5.96566, 
-4.64751, -1.43131, -2.65609, -5.30204, -6.13084, -8.16294, 0, 
0, 0, 0, 0, 0, 0, 0, 0, 0, 0, 0, 0, 0, 0, 0, 0, 0, 0, 0, 0, 0, 
0.98954, 0.99046, 0.99301, 0.99519, 0.99254, 0.99718, 0.9961, 
0.99631, 1, 1, 1, 0.98533, 0.99042, 0.99126, 0.99677, 0.98957, 
0.99157, 0.99349, 0.99387, 0.99884, 0.9989, 1, 0.0575, 0.1139, 
0.1238, 0.0942, 0.0765, 0.0905, 0.2177, 0.1693, 0.1032, 0.112, 
0.1544, 57.9, 288.9, 293.2, 49.2, 76.4, 112.6, 407.3, 280, 95.5, 
78.3, 59.1, 705, 164, 25, 22, 238, 151, 44, 28, 9, 5, 6, 1, 31, 
64, 66, 16, 1, 24, 60, 152, 135, 131, 100, 100, 100, 100, 100, 
100, 100, 100, 100, 100, 100, 2500, 2500, 2500, 2500, 2500, 2500, 
2500, 2500, 2500, 2500, 2500, 9279.901, 9708.635, 10156.344, 
10579.331, 11212.852, 12197.634, 12858.73, 13221.56, 14171.212, 
15170.794, 15694.735, 1, 1, 1, 1, 1, 1, 1, 1, 1, 1, 1, 0.11111, 
0.11111, 0.11111, 0.11111, 0.11111, 0.11111, 0.11111, 0.11111, 
0.11111, 0.11111, 0.11111, 0, 0, 0, 0, 0, 0, 0, 0, 0, 0, 0, 0, 
0, 0, 0, 0, 0, 0, 0, 0, 0, 0, 0.87042, 0.88015, 0.90283, 0.92621, 
0.94638, 0.9623, 0.96616, 0.98281, 0.98377, 0.98242, 0.98329, 
0.87059, 0.88214, 0.89578, 0.91963, 0.93448, 0.96512, 0.97008, 
0.9816, 0.98261, 0.98242, 0.98329, 0.0789, 0.0906, 0.1079, 0.1221, 
0.1462, 0.1665, 0.1852, 0.2078, 0.235, 0.2443, 0.281, 254.6, 
277.8, 303.5, 326.2, 345.5, 373.7, 394.2, 416, 438.2, 459.4, 
472.1, 1, 1, 1, 1, 1, 1, 1, 1, 1, 1, 1, 1, 1, 1, 1, 1, 1, 1, 
1, 1, 1, 1, 1, 1, 1, 1, 1, 1, 1, 1, 1, 1, 1, 1, 1, 1, 1, 1, 1, 
1, 1, 1, 1, 1, 3.394, 3.425, 3.695, 3.737, 4.115, 4.36, 4.552, 
4.794, 5.225, 5.316, 5.669), .Dim = c(11L, 40L), .Dimnames = list(
    NULL, c("Sampling", "PSO.cost", "PSO.gamma", "PSO.data.balancing", 
    "PSO.feature.selection", "PSO.valid.acc", "PSO.test.acc", 
    "PSO.train.time", "PSO.n.support.vectors", "PSO.index", "PSO.n.solutions", 
    "PSO.generations", "PSO.n.evaluations", "PSO.cpu.time", "RS.cost", 
    "RS.gamma", "RS.data.balancing", "RS.feature.selection", 
    "RS.valid.acc", "RS.test.acc", "RS.train.time", "RS.n.support.vectors", 
    "RS.index", "RS.n.solutions", "RS.generations", "RS.n.evaluations", 
    "RS.cpu.time", "DF.cost", "DF.gamma", "DF.data.balancing", 
    "DF.feature.selection", "DF.valid.acc", "DF.test.acc", "DF.train.time", 
    "DF.n.support.vectors", "DF.index", "DF.n.solutions", "DF.generations", 
    "DF.n.evaluations", "DF.cpu.time")))
