full <-
structure(c(50, 55, 60, 65, 70, 75, 80, 85, 90, 95, 100, 1.86204, 
0.66847, 1.68415, 11.98541, 12.41153, 12.34214, 13.50043, 10.55507, 
11.02971, 11.08015, 10.89395, -2.19474, -1.65496, -1.13602, -5.50504, 
-5.88997, -5.82536, -7.87645, -6.10966, -5.94873, -6.17149, -6.0272, 
0, 0, 0, 0, 0, 0, 0, 0, 0, 0, 0, 0, 0, 0, 0, 0, 0, 0, 0, 0, 0, 
0, 0.99171, 0.98861, 0.99135, 0.99524, 1, 0.99859, 0.99868, 1, 
0.99885, 0.9989, 1, 0.98963, 0.98861, 0.98959, 0.99524, 0.99403, 
0.99859, 0.99868, 0.99877, 0.99767, 0.9989, 1, 0.0871, 0.1075, 
0.1386, 0.0742, 0.0786, 0.084, 0.1172, 0.1012, 0.1064, 0.1101, 
0.1196, 244.3, 303.4, 368.4, 84.3, 74.4, 79.2, 53.2, 78.4, 82.3, 
77.9, 83.4, 2, 333, 30, 31, 13, 132, 14, 55, 12, 9, 46, 1426, 
64, 742, 1268, 1604, 1385, 1704, 1377, 1668, 1367, 1443, 100, 
100, 100, 100, 100, 100, 100, 100, 100, 100, 100, 2500, 2500, 
2500, 2500, 2500, 2500, 2500, 2500, 2500, 2500, 2500, 8389.622, 
8416.835, 9675.433, 8261.824, 8364.433, 8728.05499999999, 9060.079, 
9168.924, 9492.15400000001, 9821.587, 9866.80899999998, 13.18211, 
0.3641, 2.27761, 14.81505, 12.26048, 10.85956, 11.08052, 11.93276, 
13.24303, 13.05252, 12.66783, -2.12479, -1.68728, -1.28715, -5.55167, 
-6.98782, -6.34255, -7.28032, -6.15194, -6.45138, -8.01563, -7.69538, 
0, 0, 0, 0, 0, 0, 0, 0, 0, 0, 0, 0, 0, 0, 0, 0, 0, 0, 0, 0, 0, 
0, 0.99171, 0.98861, 0.99135, 0.99524, 1, 0.99859, 0.99868, 1, 
0.99885, 0.9989, 1, 0.99171, 0.98861, 0.98959, 0.99524, 0.99552, 
0.99859, 0.99872, 0.99877, 0.99884, 0.9989, 1, 0.0911, 0.1116, 
0.1386, 0.074, 0.0848, 0.0896, 0.0959, 0.1024, 0.1114, 0.1505, 
0.1488, 245.6, 307.3, 354.3, 83.4, 57.9, 71.3, 62, 77.8, 73.3, 
57.2, 60.5, 10, 626, 16, 399, 23, 71, 3, 17, 7, 18, 67, 73, 1, 
58, 20, 73, 58, 95, 20, 68, 65, 103, 100, 100, 100, 100, 100, 
100, 100, 100, 100, 100, 100, 2500, 2500, 2500, 2500, 2500, 2500, 
2500, 2500, 2500, 2500, 2500, 8876.755, 9453.08, 9905.144, 10437.209, 
11022.899, 11677.909, 12139.208, 12958.711, 13453.75, 14127.788, 
14995.571, 1, 1, 1, 1, 1, 1, 1, 1, 1, 1, 1, 0.11111, 0.11111, 
0.11111, 0.11111, 0.11111, 0.11111, 0.11111, 0.11111, 0.11111, 
0.11111, 0.11111, 0, 0, 0, 0, 0, 0, 0, 0, 0, 0, 0, 0, 0, 0, 0, 
0, 0, 0, 0, 0, 0, 0, 0.88731, 0.91655, 0.91836, 0.95341, 0.95537, 
0.95835, 0.97131, 0.98282, 0.98144, 0.98242, 0.98331, 0.88523, 
0.90334, 0.92181, 0.95338, 0.95388, 0.96385, 0.97001, 0.98038, 
0.9826, 0.98462, 0.98331, 0.0776, 0.0949, 0.1066, 0.1292, 0.1388, 
0.1627, 0.1862, 0.2092, 0.2225, 0.2396, 0.2618, 266.7, 291.8, 
314.3, 338.4, 356.4, 380.2, 399.9, 419.3, 438.3, 459.3, 475.2, 
1, 1, 1, 1, 1, 1, 1, 1, 1, 1, 1, 1, 1, 1, 1, 1, 1, 1, 1, 1, 1, 
1, 1, 1, 1, 1, 1, 1, 1, 1, 1, 1, 1, 1, 1, 1, 1, 1, 1, 1, 1, 1, 
1, 1, 3.198, 3.45, 3.529, 3.859, 3.819, 4.247, 4.546, 4.827, 
4.795, 4.966, 5.231), .Dim = c(11L, 40L), .Dimnames = list(NULL, 
    c("Sampling", "PSO.cost", "PSO.gamma", "PSO.data.balancing", 
    "PSO.feature.selection", "PSO.valid.acc", "PSO.test.acc", 
    "PSO.train.time", "PSO.n.support.vectors", "PSO.index", "PSO.n.solutions", 
    "PSO.generations", "PSO.n.evaluations", "PSO.cpu.time", "RS.cost", 
    "RS.gamma", "RS.data.balancing", "RS.feature.selection", 
    "RS.valid.acc", "RS.test.acc", "RS.train.time", "RS.n.support.vectors", 
    "RS.index", "RS.n.solutions", "RS.generations", "RS.n.evaluations", 
    "RS.cpu.time", "DF.cost", "DF.gamma", "DF.data.balancing", 
    "DF.feature.selection", "DF.valid.acc", "DF.test.acc", "DF.train.time", 
    "DF.n.support.vectors", "DF.index", "DF.n.solutions", "DF.generations", 
    "DF.n.evaluations", "DF.cpu.time")))
