full <-
structure(c(50, 55, 60, 65, 70, 75, 80, 85, 90, 95, 100, 12.53637, 
12.31762, 10.0101, 1.31801, 14.7389, 3.36228, 10.30289, 10.68967, 
10.05347, 13.23695, 9.86249, -5.35235, -2.27438, -1.38492, -1.95875, 
-0.72199, -2.66433, -6.43339, -6.16997, -5.04782, -5.04731, -6.17748, 
0, 0, 0, 0, 0, 0, 0, 0, 0, 0, 0, 0, 0, 0, 0, 0, 0, 0, 0, 0, 0, 
0, 0.98949, 0.99238, 0.99304, 0.99199, 0.99403, 0.99172, 0.99481, 
0.99139, 1, 1, 1, 0.98533, 0.99238, 0.99129, 0.99357, 0.99104, 
0.98889, 0.99349, 0.99018, 1, 0.9989, 1, 0.057, 0.1006, 0.1307, 
0.1422, 0.1892, 0.1398, 0.0944, 0.0998, 0.1064, 0.1114, 0.12, 
84.9, 246, 334.6, 306.1, 469.7, 260.6, 69.7, 76.8, 103.3, 105.5, 
81.4, 96, 38, 3, 818, 127, 35, 55, 267, 30, 13, 10, 1103, 1503, 
1443, 314, 1515, 1183, 1064, 348, 1487, 1664, 1582, 100, 100, 
100, 100, 100, 100, 100, 100, 100, 100, 100, 2500, 2500, 2500, 
2500, 2500, 2500, 2500, 2500, 2500, 2500, 2500, 7902.115, 8999.693, 
9799.51, 10101.269, 11236.789, 10083.218, 9079.231, 11165.63, 
10143.813, 9664.41, 9673.10799999998, 8.34851, 7.85467, 0.90327, 
0.19017, 14.41891, 13.45087, 14.9449, 13.60104, 14.34687, 14.5956, 
8.60946, -5.33496, -2.19388, -1.68357, -1.38753, -0.77548, -2.80473, 
-6.58964, -5.9848, -5.0955, -7.26845, -5.46908, 0, 0, 0, 0, 0, 
0, 0, 0, 0, 0, 0, 0, 0, 0, 0, 0, 0, 0, 0, 0, 0, 0, 0.98949, 0.99238, 
0.99304, 0.99199, 0.99403, 0.99172, 0.99481, 0.99139, 1, 1, 1, 
0.98533, 0.99238, 0.98953, 0.99357, 0.99104, 0.98891, 0.99219, 
0.99142, 1, 1, 1, 0.0567, 0.1037, 0.1262, 0.1449, 0.1914, 0.1314, 
0.095, 0.0967, 0.1071, 0.1344, 0.114, 85.4, 252.7, 306.6, 362.2, 
461.1, 246.7, 67.2, 79.1, 102.6, 64.3, 94.9, 54, 35, 6, 384, 
4, 22, 303, 47, 25, 16, 94, 14, 105, 81, 6, 31, 23, 6, 12, 149, 
146, 59, 100, 100, 100, 100, 100, 100, 100, 100, 100, 100, 100, 
2500, 2500, 2500, 2500, 2500, 2500, 2500, 2500, 2500, 2500, 2500, 
9052.738, 9496.783, 10062.553, 10467.693, 11284.403, 11736.387, 
12519.978, 13276.273, 13887.307, 14489.548, 15220.037, 1, 1, 
1, 1, 1, 1, 1, 1, 1, 1, 1, 0.11111, 0.11111, 0.11111, 0.11111, 
0.11111, 0.11111, 0.11111, 0.11111, 0.11111, 0.11111, 0.11111, 
0, 0, 0, 0, 0, 0, 0, 0, 0, 0, 0, 0, 0, 0, 0, 0, 0, 0, 0, 0, 0, 
0, 0.88523, 0.89568, 0.92868, 0.95189, 0.96271, 0.97772, 0.97526, 
0.98035, 0.98027, 0.98353, 0.98332, 0.8874, 0.89376, 0.91667, 
0.94703, 0.96572, 0.96799, 0.97919, 0.97665, 0.98258, 0.98243, 
0.98332, 0.0796, 0.092, 0.1038, 0.1222, 0.144, 0.1578, 0.1832, 
0.2104, 0.2309, 0.243, 0.2728, 259.1, 282.7, 307.8, 339.2, 368.3, 
384.9, 402.3, 421.2, 441.8, 463.2, 473.4, 1, 1, 1, 1, 1, 1, 1, 
1, 1, 1, 1, 1, 1, 1, 1, 1, 1, 1, 1, 1, 1, 1, 1, 1, 1, 1, 1, 1, 
1, 1, 1, 1, 1, 1, 1, 1, 1, 1, 1, 1, 1, 1, 1, 1, 3.422, 3.462, 
3.512, 3.731, 4.096, 4.112, 4.534, 4.903, 5.057, 5.051, 5.606
), .Dim = c(11L, 40L), .Dimnames = list(NULL, c("Sampling", "PSO.cost", 
"PSO.gamma", "PSO.data.balancing", "PSO.feature.selection", "PSO.valid.acc", 
"PSO.test.acc", "PSO.train.time", "PSO.n.support.vectors", "PSO.index", 
"PSO.n.solutions", "PSO.generations", "PSO.n.evaluations", "PSO.cpu.time", 
"RS.cost", "RS.gamma", "RS.data.balancing", "RS.feature.selection", 
"RS.valid.acc", "RS.test.acc", "RS.train.time", "RS.n.support.vectors", 
"RS.index", "RS.n.solutions", "RS.generations", "RS.n.evaluations", 
"RS.cpu.time", "DF.cost", "DF.gamma", "DF.data.balancing", "DF.feature.selection", 
"DF.valid.acc", "DF.test.acc", "DF.train.time", "DF.n.support.vectors", 
"DF.index", "DF.n.solutions", "DF.generations", "DF.n.evaluations", 
"DF.cpu.time")))
