full <-
structure(c(50, 55, 60, 65, 70, 75, 80, 85, 90, 95, 100, 5.05562, 
14.3847, 7.27886, 5.41676, 3.87336, 8.67502, 13.69177, 10.31295, 
12.07648, 12.15229, 9.19748, -1.98745, -1.13699, -1.48068, -1.6736, 
-1.15231, -1.30428, -5.59213, -4.90849, -6.67005, -7.98313, -5.41407, 
0, 0, 0, 0, 0, 0, 0, 0, 0, 0, 0, 0, 0, 0, 0, 0, 0, 0, 0, 0, 0, 
0, 0.98958, 0.98864, 0.99304, 0.99511, 0.9955, 0.99724, 0.9961, 
0.99755, 0.99769, 0.9989, 1, 0.99167, 0.98487, 0.99301, 0.99511, 
0.99398, 0.99448, 0.99351, 0.99509, 0.99767, 0.9978, 1, 0.0971, 
0.1253, 0.1382, 0.1533, 0.1867, 0.202, 0.0903, 0.0973, 0.1094, 
0.1357, 0.1206, 254.7, 338.4, 331.2, 327.8, 402.6, 405.2, 80.3, 
102, 67.3, 60.8, 96, 16, 29, 47, 41, 19, 12, 18, 24, 157, 81, 
36, 1294, 688, 1283, 1295, 1638, 1705, 1561, 1539, 1318, 148, 
1749, 100, 100, 100, 100, 100, 100, 100, 100, 100, 100, 100, 
2500, 2500, 2500, 2500, 2500, 2500, 2500, 2500, 2500, 2500, 2500, 
9620.644, 10501.711, 10792.503, 11447.683, 11971.568, 12903.086, 
10306.469, 9876.255, 11080.72, 11966.401, 12024.923, 7.15556, 
0.37502, 13.70543, 9.70957, 8.72708, 9.08797, 6.11847, 11.78784, 
11.77682, 10.11161, 14.26736, -1.2472, -1.20719, -1.36492, -1.7631, 
-1.72808, -1.1525, -1.64514, -5.93152, -6.72009, -6.71537, -7.5633, 
0, 0, 0, 0, 0, 0, 0, 0, 0, 0, 0, 0, 0, 0, 0, 0, 0, 0, 0, 0, 0, 
0, 0.98958, 0.98864, 0.99304, 0.99511, 0.9955, 0.99724, 0.99739, 
0.99755, 0.99769, 0.9989, 1, 0.98958, 0.98487, 0.99301, 0.99511, 
0.99398, 0.99448, 0.99479, 0.99633, 0.99767, 0.9989, 1, 0.1075, 
0.1232, 0.1403, 0.145, 0.1586, 0.2073, 0.2056, 0.0896, 0.1083, 
0.1136, 0.1577, 308.5, 332.7, 342.5, 319.5, 338.1, 423.7, 373.8, 
75.2, 66.6, 73.2, 60.6, 4, 38, 5, 18, 8, 2, 62, 59, 296, 14, 
4, 245, 70, 32, 86, 124, 104, 5, 85, 12, 4, 133, 100, 100, 100, 
100, 100, 100, 100, 100, 100, 100, 100, 2500, 2500, 2500, 2500, 
2500, 2500, 2500, 2500, 2500, 2500, 2500, 10234.978, 10837.59, 
11308.266, 11854.372, 12770.08, 13442.229, 14104.316, 13766.698, 
15354.135, 16118.695, 18118.51, 1, 1, 1, 1, 1, 1, 1, 1, 1, 1, 
1, 0.11111, 0.11111, 0.11111, 0.11111, 0.11111, 0.11111, 0.11111, 
0.11111, 0.11111, 0.11111, 0.11111, 0, 0, 0, 0, 0, 0, 0, 0, 0, 
0, 0, 0, 0, 0, 0, 0, 0, 0, 0, 0, 0, 0, 0.88524, 0.89757, 0.91304, 
0.93878, 0.95961, 0.96936, 0.96736, 0.98406, 0.98494, 0.98464, 
0.98333, 0.89149, 0.91281, 0.91131, 0.93542, 0.9552, 0.97367, 
0.96604, 0.98529, 0.98494, 0.98354, 0.98333, 0.085, 0.0987, 0.1155, 
0.1248, 0.1496, 0.166, 0.1778, 0.1939, 0.2244, 0.2398, 0.2793, 
267.8, 290.1, 313.9, 332.2, 354, 369, 385.5, 410.8, 431.1, 451.6, 
477.1, 1, 1, 1, 1, 1, 1, 1, 1, 1, 1, 1, 1, 1, 1, 1, 1, 1, 1, 
1, 1, 1, 1, 1, 1, 1, 1, 1, 1, 1, 1, 1, 1, 1, 1, 1, 1, 1, 1, 1, 
1, 1, 1, 1, 1, 3.75, 3.925, 4.243, 4.155, 4.582, 4.88, 4.739, 
5.139, 5.513, 5.738, 6.655), .Dim = c(11L, 40L), .Dimnames = list(
    NULL, c("Sampling", "PSO.cost", "PSO.gamma", "PSO.data.balancing", 
    "PSO.feature.selection", "PSO.valid.acc", "PSO.test.acc", 
    "PSO.train.time", "PSO.n.support.vectors", "PSO.index", "PSO.n.solutions", 
    "PSO.generations", "PSO.n.evaluations", "PSO.cpu.time", "RS.cost", 
    "RS.gamma", "RS.data.balancing", "RS.feature.selection", 
    "RS.valid.acc", "RS.test.acc", "RS.train.time", "RS.n.support.vectors", 
    "RS.index", "RS.n.solutions", "RS.generations", "RS.n.evaluations", 
    "RS.cpu.time", "DF.cost", "DF.gamma", "DF.data.balancing", 
    "DF.feature.selection", "DF.valid.acc", "DF.test.acc", "DF.train.time", 
    "DF.n.support.vectors", "DF.index", "DF.n.solutions", "DF.generations", 
    "DF.n.evaluations", "DF.cpu.time")))
