full <-
structure(c(50, 55, 60, 65, 70, 75, 80, 85, 90, 95, 100, 12.13371, 
8.53732, 8.68696, 7.98788, 12.17803, 9.75072, 13.38628, 15, 9.57371, 
15, 14.89697, -5.80137, -5.90449, -2.39775, -4.88422, -6.55961, 
-5.83094, -5.797, -6.19722, -5.23473, -8.04627, -8.57367, 0, 
0, 0, 0, 0, 0, 0, 0, 0, 0, 0, 0, 0, 0, 0, 0, 0, 0, 0, 0, 0, 0, 
0.99375, 0.99434, 0.99304, 0.9936, 0.9926, 0.99442, 0.9974, 0.99877, 
1, 1, 1, 0.98745, 0.98672, 0.99304, 0.98715, 0.99107, 0.99442, 
0.9974, 0.99755, 0.99647, 0.99778, 0.99896, 0.0606, 0.0626, 0.1079, 
0.0732, 0.0817, 0.0808, 0.0859, 0.097, 0.0997, 0.1534, 0.1777, 
83.7, 81, 251.4, 101.7, 67.5, 77.9, 80.3, 75.3, 95.2, 57.8, 55.4, 
15, 465, 52, 7, 156, 8, 42, 54, 15, 51, 182, 1567, 254, 1002, 
1228, 1338, 1651, 1501, 1317, 1461, 1269, 1174, 100, 100, 100, 
100, 100, 100, 100, 100, 100, 100, 100, 2500, 2500, 2500, 2500, 
2500, 2500, 2500, 2500, 2500, 2500, 2500, 8337.134, 8499.439, 
9673.68199999999, 8837.307, 9000.827, 9028.966, 9120.73699999999, 
9317.84099999999, 9928.77299999999, 10406.038, 11135.246, 10.48928, 
8.93579, 10.64308, 12.37609, 14.05666, 12.80998, 11.85461, 13.83726, 
9.97526, 14.49599, 14.86079, -6.51675, -6.39128, -2.31089, -5.04408, 
-6.51389, -5.98951, -5.90092, -6.60754, -6.02711, -7.9522, -8.51837, 
0, 0, 0, 0, 0, 0, 0, 0, 0, 0, 0, 0, 0, 0, 0, 0, 0, 0, 0, 0, 0, 
0, 0.99375, 0.99434, 0.99304, 0.9936, 0.9926, 0.99442, 0.9974, 
0.99877, 1, 1, 1, 0.98745, 0.9849, 0.99304, 0.98715, 0.99107, 
0.99442, 0.9974, 0.99755, 0.99765, 0.99778, 0.99896, 0.0578, 
0.062, 0.1142, 0.073, 0.0772, 0.0813, 0.0904, 0.1009, 0.0985, 
0.1454, 0.1762, 69.2, 75.4, 259.8, 96.5, 68.1, 75.9, 78, 68.9, 
77.6, 57.9, 56.1, 63, 25, 22, 62, 113, 17, 5, 79, 16, 33, 398, 
69, 2, 43, 53, 5, 85, 49, 17, 127, 26, 10, 100, 100, 100, 100, 
100, 100, 100, 100, 100, 100, 100, 2500, 2500, 2500, 2500, 2500, 
2500, 2500, 2500, 2500, 2500, 2500, 9377.501, 9968.572, 10332.705, 
11052.676, 11331.022, 11911.475, 12574.19, 13052.274, 13802.456, 
14489.129, 15292.766, 1, 1, 1, 1, 1, 1, 1, 1, 1, 1, 1, 0.11111, 
0.11111, 0.11111, 0.11111, 0.11111, 0.11111, 0.11111, 0.11111, 
0.11111, 0.11111, 0.11111, 0, 0, 0, 0, 0, 0, 0, 0, 0, 0, 0, 0, 
0, 0, 0, 0, 0, 0, 0, 0, 0, 0, 0.87667, 0.894, 0.90263, 0.91971, 
0.93145, 0.94716, 0.96217, 0.97302, 0.98027, 0.98129, 0.98329, 
0.87467, 0.89204, 0.89921, 0.91011, 0.93285, 0.95129, 0.97003, 
0.96813, 0.9826, 0.98239, 0.98329, 0.076, 0.091, 0.1019, 0.1223, 
0.1372, 0.1528, 0.1695, 0.1902, 0.2126, 0.2346, 0.259, 261.6, 
281.2, 301.4, 326.4, 343, 362.1, 387.1, 409.8, 432.7, 453.6, 
475.5, 1, 1, 1, 1, 1, 1, 1, 1, 1, 1, 1, 1, 1, 1, 1, 1, 1, 1, 
1, 1, 1, 1, 1, 1, 1, 1, 1, 1, 1, 1, 1, 1, 1, 1, 1, 1, 1, 1, 1, 
1, 1, 1, 1, 1, 3.476, 3.691, 3.684, 3.936, 4.129, 4.326, 4.436, 
4.707, 4.891, 5.183, 5.34), .Dim = c(11L, 40L), .Dimnames = list(
    NULL, c("Sampling", "PSO.cost", "PSO.gamma", "PSO.data.balancing", 
    "PSO.feature.selection", "PSO.valid.acc", "PSO.test.acc", 
    "PSO.train.time", "PSO.n.support.vectors", "PSO.index", "PSO.n.solutions", 
    "PSO.generations", "PSO.n.evaluations", "PSO.cpu.time", "RS.cost", 
    "RS.gamma", "RS.data.balancing", "RS.feature.selection", 
    "RS.valid.acc", "RS.test.acc", "RS.train.time", "RS.n.support.vectors", 
    "RS.index", "RS.n.solutions", "RS.generations", "RS.n.evaluations", 
    "RS.cpu.time", "DF.cost", "DF.gamma", "DF.data.balancing", 
    "DF.feature.selection", "DF.valid.acc", "DF.test.acc", "DF.train.time", 
    "DF.n.support.vectors", "DF.index", "DF.n.solutions", "DF.generations", 
    "DF.n.evaluations", "DF.cpu.time")))
