full <-
structure(c(50, 55, 60, 65, 70, 75, 80, 85, 90, 95, 100, 14.68002, 
7.52313, 11.97574, 8.1552, 11.79654, 11.8114, 10.28569, 11.88173, 
10.51261, 14.27994, 9.47475, -3.27065, -2.6213, -7.17044, -1.76222, 
-3.08229, -6.99702, -2.94381, -5.66671, -5.62884, -7.03062, -4.9629, 
0, 0, 0, 0, 0, 0, 0, 0, 0, 0, 0, 0, 0, 0, 0, 0, 0, 0, 0, 0, 0, 
0, 0.99379, 0.98846, 0.9912, 0.99357, 0.99407, 0.99444, 0.99212, 
1, 1, 1, 1, 0.98958, 0.98853, 0.98944, 0.99199, 0.99102, 0.99442, 
0.99084, 1, 0.99885, 1, 0.99895, 0.0772, 0.0976, 0.0682, 0.1397, 
0.1165, 0.0899, 0.1416, 0.0902, 0.0999, 0.1321, 0.1207, 184.5, 
224.7, 57.6, 319.3, 212.3, 62.8, 240.5, 83.9, 87.2, 68.7, 110.5, 
57, 4, 26, 33, 163, 22, 76, 73, 32, 13, 43, 1058, 1339, 1637, 
1549, 869, 1360, 1189, 1455, 1660, 1078, 1526, 100, 100, 100, 
100, 100, 100, 100, 100, 100, 100, 100, 2500, 2500, 2500, 2500, 
2500, 2500, 2500, 2500, 2500, 2500, 2500, 8461.591, 9137.763, 
8470.73100000001, 9900.11900000001, 10706.824, 9588.63099999999, 
11344.497, 9790.97100000002, 10548.336, 9430.12400000001, 9871.87299999999, 
7.92536, 9.59992, 13.30736, 8.00989, 9.31022, 11.11183, 14.92117, 
12.09543, 14.13416, 12.62535, 11.3238, -3.21261, -2.72236, -7.13931, 
-1.90074, -3.10709, -6.74713, -2.97992, -6.22823, -6.83843, -6.97897, 
-5.54706, 0, 0, 0, 0, 0, 0, 0, 0, 0, 0, 0, 0, 0, 0, 0, 0, 0, 
0, 0, 0, 0, 0, 0.99379, 0.98846, 0.9912, 0.99357, 0.99407, 0.99444, 
0.99212, 1, 1, 1, 1, 0.98958, 0.98853, 0.98944, 0.99199, 0.99102, 
0.99442, 0.99084, 1, 1, 1, 0.99895, 0.077, 0.0939, 0.0683, 0.1409, 
0.1134, 0.0865, 0.0921, 0.0933, 0.1037, 0.1311, 0.0813, 187.4, 
218.3, 57.8, 308.3, 210.6, 65.4, 237.1, 72.9, 65.1, 69.4, 94.3, 
83, 49, 39, 37, 689, 106, 213, 63, 26, 282, 22, 23, 123, 80, 
94, 6, 19, 21, 26, 150, 22, 150, 100, 100, 100, 100, 100, 100, 
100, 100, 100, 100, 100, 2500, 2500, 2500, 2500, 2500, 2500, 
2500, 2500, 2500, 2500, 2500, 9402.995, 9677.837, 10532.292, 
10767.609, 12080.468, 12929.037, 11737.865, 13743.473, 14266.435, 
14824.237, 13930.971, 1, 1, 1, 1, 1, 1, 1, 1, 1, 1, 1, 0.11111, 
0.11111, 0.11111, 0.11111, 0.11111, 0.11111, 0.11111, 0.11111, 
0.11111, 0.11111, 0.11111, 0, 0, 0, 0, 0, 0, 0, 0, 0, 0, 0, 0, 
0, 0, 0, 0, 0, 0, 0, 0, 0, 0, 0.87251, 0.87875, 0.90589, 0.92291, 
0.93445, 0.96657, 0.97126, 0.97663, 0.97681, 0.98244, 0.98333, 
0.8851, 0.87501, 0.90928, 0.92603, 0.942, 0.95962, 0.97126, 0.98035, 
0.98027, 0.98244, 0.98333, 0.0781, 0.0871, 0.108, 0.1235, 0.1429, 
0.1636, 0.1208, 0.1979, 0.2219, 0.2369, 0.1836, 257.4, 279.1, 
301.7, 326.5, 348.4, 374.7, 399.6, 414.5, 437.1, 454.5, 473.6, 
1, 1, 1, 1, 1, 1, 1, 1, 1, 1, 1, 1, 1, 1, 1, 1, 1, 1, 1, 1, 1, 
1, 1, 1, 1, 1, 1, 1, 1, 1, 1, 1, 1, 1, 1, 1, 1, 1, 1, 1, 1, 1, 
1, 1, 3.37, 3.406, 3.818, 4.209, 4.461, 4.666, 3.586, 5.052, 
5.006, 5.398, 4.383), .Dim = c(11L, 40L), .Dimnames = list(NULL, 
    c("Sampling", "PSO.cost", "PSO.gamma", "PSO.data.balancing", 
    "PSO.feature.selection", "PSO.valid.acc", "PSO.test.acc", 
    "PSO.train.time", "PSO.n.support.vectors", "PSO.index", "PSO.n.solutions", 
    "PSO.generations", "PSO.n.evaluations", "PSO.cpu.time", "RS.cost", 
    "RS.gamma", "RS.data.balancing", "RS.feature.selection", 
    "RS.valid.acc", "RS.test.acc", "RS.train.time", "RS.n.support.vectors", 
    "RS.index", "RS.n.solutions", "RS.generations", "RS.n.evaluations", 
    "RS.cpu.time", "DF.cost", "DF.gamma", "DF.data.balancing", 
    "DF.feature.selection", "DF.valid.acc", "DF.test.acc", "DF.train.time", 
    "DF.n.support.vectors", "DF.index", "DF.n.solutions", "DF.generations", 
    "DF.n.evaluations", "DF.cpu.time")))
