full <-
structure(c(50, 55, 60, 65, 70, 75, 80, 85, 90, 95, 100, 9.19406, 
6.06599, 11.46384, 13.61676, 12.63984, 11.31337, 12.21537, 11.83395, 
9.8382, 13.33691, 11.00966, -6.13512, -1.93196, -6.67861, -5.2571, 
-5.61493, -6.9903, -5.9905, -6.46265, -6.57347, -7.36652, -4.87824, 
0, 0, 0, 0, 0, 0, 0, 0, 0, 0, 0, 0, 0, 0, 0, 0, 0, 0, 0, 0, 0, 
0, 0.98949, 0.99057, 0.99129, 0.99196, 1, 0.99722, 0.99475, 1, 
0.99885, 0.9989, 1, 0.98949, 0.98868, 0.99301, 0.9968, 1, 0.99583, 
0.98821, 0.99878, 0.99885, 1, 1, 0.0577, 0.0966, 0.0676, 0.0709, 
0.0776, 0.0905, 0.085, 0.0969, 0.0993, 0.1189, 0.1095, 74, 270.5, 
63.6, 92.1, 83.8, 63, 79.2, 70.8, 72.7, 62.9, 110.1, 77, 72, 
2, 5, 12, 11, 181, 49, 31, 16, 30, 573, 1046, 1473, 645, 1742, 
1462, 833, 1524, 1364, 1478, 1825, 100, 100, 100, 100, 100, 100, 
100, 100, 100, 100, 100, 2500, 2500, 2500, 2500, 2500, 2500, 
2500, 2500, 2500, 2500, 2500, 7481.662, 8280.866, 7942.634, 7963.13299999999, 
8064.52100000001, 8845.90700000001, 9279.55799999999, 9274.30799999999, 
9689.15100000001, 8784.77799999999, 9332.89300000001, 8.2974, 
3.67928, 14.56674, 14.69166, 13.425, 11.96651, 11.7754, 10.61636, 
12.07841, 13.9989, 10.89453, -5.54189, -1.8045, -8.07157, -5.1553, 
-5.43876, -6.21206, -6.03737, -5.74166, -6.40463, -7.47342, -3.85334, 
0, 0, 0, 0, 0, 0, 0, 0, 0, 0, 0, 0, 0, 0, 0, 0, 0, 0, 0, 0, 0, 
0, 0.98949, 0.99057, 0.99129, 0.99196, 1, 0.99722, 0.99475, 1, 
0.99885, 0.9989, 1, 0.98949, 0.98868, 0.98784, 0.99677, 1, 0.99722, 
0.98821, 0.99878, 1, 1, 0.99688, 0.0554, 0.1013, 0.0705, 0.0733, 
0.0764, 0.0849, 0.0872, 0.0865, 0.0984, 0.1302, 0.1302, 83.9, 
281.3, 48.3, 94.8, 86.9, 72.1, 78.5, 83.5, 71.6, 61.9, 157.2, 
611, 199, 45, 59, 48, 9, 310, 41, 33, 25, 6, 4, 19, 52, 21, 102, 
135, 6, 118, 139, 41, 185, 100, 100, 100, 100, 100, 100, 100, 
100, 100, 100, 100, 2500, 2500, 2500, 2500, 2500, 2500, 2500, 
2500, 2500, 2500, 2500, 8430.91, 9192.123, 9862.571, 9869.332, 
10357.236, 11244.632, 11674.33, 12402.841, 13014.575, 13161.133, 
13795.528, 1, 1, 1, 1, 1, 1, 1, 1, 1, 1, 1, 0.11111, 0.11111, 
0.11111, 0.11111, 0.11111, 0.11111, 0.11111, 0.11111, 0.11111, 
0.11111, 0.11111, 0, 0, 0, 0, 0, 0, 0, 0, 0, 0, 0, 0, 0, 0, 0, 
0, 0, 0, 0, 0, 0, 0, 0.89751, 0.89761, 0.93379, 0.94219, 0.95979, 
0.96938, 0.97127, 0.98166, 0.98265, 0.98355, 0.98329, 0.89352, 
0.909, 0.93548, 0.9502, 0.95981, 0.97216, 0.96994, 0.97921, 0.98265, 
0.98355, 0.98329, 0.0745, 0.0913, 0.1033, 0.1202, 0.1337, 0.1524, 
0.1684, 0.1844, 0.1997, 0.2228, 0.246, 268.9, 294.7, 321.7, 346.4, 
364.4, 382.5, 397.3, 418.7, 437.8, 459.6, 476.8, 1, 1, 1, 1, 
1, 1, 1, 1, 1, 1, 1, 1, 1, 1, 1, 1, 1, 1, 1, 1, 1, 1, 1, 1, 1, 
1, 1, 1, 1, 1, 1, 1, 1, 1, 1, 1, 1, 1, 1, 1, 1, 1, 1, 1, 3.1, 
3.449, 3.529, 3.554, 3.736, 4.131, 4.427, 4.415, 4.341, 4.628, 
4.908), .Dim = c(11L, 40L), .Dimnames = list(NULL, c("Sampling", 
"PSO.cost", "PSO.gamma", "PSO.data.balancing", "PSO.feature.selection", 
"PSO.valid.acc", "PSO.test.acc", "PSO.train.time", "PSO.n.support.vectors", 
"PSO.index", "PSO.n.solutions", "PSO.generations", "PSO.n.evaluations", 
"PSO.cpu.time", "RS.cost", "RS.gamma", "RS.data.balancing", "RS.feature.selection", 
"RS.valid.acc", "RS.test.acc", "RS.train.time", "RS.n.support.vectors", 
"RS.index", "RS.n.solutions", "RS.generations", "RS.n.evaluations", 
"RS.cpu.time", "DF.cost", "DF.gamma", "DF.data.balancing", "DF.feature.selection", 
"DF.valid.acc", "DF.test.acc", "DF.train.time", "DF.n.support.vectors", 
"DF.index", "DF.n.solutions", "DF.generations", "DF.n.evaluations", 
"DF.cpu.time")))
