full <-
structure(c(50, 55, 60, 65, 70, 75, 80, 85, 90, 95, 100, 8.45244, 
13.69209, 12.13322, 7.66257, 13.9795, 10.96724, 12.42385, 9.48701, 
10.38205, 10.83908, 11.63333, -1.74957, -1.46799, -1.56433, -1.0476, 
-6.81794, -5.77278, -6.44754, -6.09302, -6.58011, -6.14298, -6.18672, 
0, 0, 0, 0, 0, 0, 0, 0, 0, 0, 0, 0, 0, 0, 0, 0, 0, 0, 0, 0, 0, 
0, 0.98958, 0.99427, 0.99298, 0.99355, 0.99401, 0.99583, 0.9974, 
0.99756, 0.99885, 0.9978, 0.99896, 0.99162, 0.99238, 0.99123, 
0.99355, 0.99545, 0.99167, 0.99612, 0.99383, 1, 0.99564, 1, 0.0971, 
0.1095, 0.1321, 0.1667, 0.0775, 0.0801, 0.0895, 0.0949, 0.1119, 
0.1146, 0.1239, 271.7, 310.4, 320.1, 391.6, 59.9, 77.9, 66.8, 
74.5, 70.2, 77, 79.6, 31, 134, 2, 215, 90, 6, 35, 1211, 8, 50, 
5, 1601, 1175, 537, 713, 1000, 1315, 1368, 40, 1504, 1307, 1936, 
100, 100, 100, 100, 100, 100, 100, 100, 100, 100, 100, 2500, 
2500, 2500, 2500, 2500, 2500, 2500, 2500, 2500, 2500, 2500, 8467.224, 
9062.184, 9106.826, 10260.564, 8270.57400000001, 8414.3, 10683.177, 
11170.893, 11789.183, 12171.628, 12206.236, 8.75759, 4.3682, 
3.38831, 8.64127, 14.98217, 8.99584, 14.4827, 9.53937, 13.95435, 
12.0291, 14.19135, -2.62802, -1.5213, -1.81899, -1.06852, -6.74533, 
-5.83836, -7.23824, -6.1192, -6.49705, -7.48894, -8.16308, 0, 
0, 0, 0, 0, 0, 0, 0, 0, 0, 0, 0, 0, 0, 0, 0, 0, 0, 0, 0, 0, 0, 
0.98958, 0.99427, 0.99298, 0.99355, 0.99401, 0.99583, 0.9974, 
0.99756, 0.99885, 0.9978, 0.99896, 0.99162, 0.99238, 0.99123, 
0.99355, 0.99545, 0.99167, 0.99482, 0.99383, 1, 0.99454, 1, 0.0864, 
0.1109, 0.1269, 0.1653, 0.077, 0.0781, 0.0976, 0.0981, 0.1105, 
0.1429, 0.1839, 221.8, 305.7, 296.7, 388.7, 60.6, 77.8, 57.5, 
74.4, 70.2, 62.8, 56.2, 3, 62, 20, 60, 32, 127, 5, 110, 41, 15, 
9, 138, 12, 108, 12, 6, 51, 38, 1, 117, 73, 178, 100, 100, 100, 
100, 100, 100, 100, 100, 100, 100, 100, 2500, 2500, 2500, 2500, 
2500, 2500, 2500, 2500, 2500, 2500, 2500, 8859.12, 9633.974, 
10115.67, 10602.136, 10780.656, 12234.4, 14546.286, 15171.24, 
15952.712, 16710.007, 17457.814, 1, 1, 1, 1, 1, 1, 1, 1, 1, 1, 
1, 0.11111, 0.11111, 0.11111, 0.11111, 0.11111, 0.11111, 0.11111, 
0.11111, 0.11111, 0.11111, 0.11111, 0, 0, 0, 0, 0, 0, 0, 0, 0, 
0, 0, 0, 0, 0, 0, 0, 0, 0, 0, 0, 0, 0, 0.91448, 0.92801, 0.92511, 
0.95192, 0.9523, 0.96941, 0.9792, 0.98409, 0.98376, 0.98464, 
0.98331, 0.90393, 0.92036, 0.91815, 0.95504, 0.94646, 0.96802, 
0.97915, 0.98532, 0.9826, 0.98355, 0.98331, 0.0857, 0.0985, 0.1114, 
0.1251, 0.1448, 0.1673, 0.178, 0.1995, 0.2272, 0.2527, 0.2704, 
274.9, 293.1, 314.1, 337.2, 356.6, 382.9, 398.4, 420.4, 443.1, 
461.3, 473.2, 1, 1, 1, 1, 1, 1, 1, 1, 1, 1, 1, 1, 1, 1, 1, 1, 
1, 1, 1, 1, 1, 1, 1, 1, 1, 1, 1, 1, 1, 1, 1, 1, 1, 1, 1, 1, 1, 
1, 1, 1, 1, 1, 1, 1, 3.417, 3.594, 3.716, 3.695, 4.006, 4.969, 
5.05, 5.352, 5.767, 6.176, 6.22), .Dim = c(11L, 40L), .Dimnames = list(
    NULL, c("Sampling", "PSO.cost", "PSO.gamma", "PSO.data.balancing", 
    "PSO.feature.selection", "PSO.valid.acc", "PSO.test.acc", 
    "PSO.train.time", "PSO.n.support.vectors", "PSO.index", "PSO.n.solutions", 
    "PSO.generations", "PSO.n.evaluations", "PSO.cpu.time", "RS.cost", 
    "RS.gamma", "RS.data.balancing", "RS.feature.selection", 
    "RS.valid.acc", "RS.test.acc", "RS.train.time", "RS.n.support.vectors", 
    "RS.index", "RS.n.solutions", "RS.generations", "RS.n.evaluations", 
    "RS.cpu.time", "DF.cost", "DF.gamma", "DF.data.balancing", 
    "DF.feature.selection", "DF.valid.acc", "DF.test.acc", "DF.train.time", 
    "DF.n.support.vectors", "DF.index", "DF.n.solutions", "DF.generations", 
    "DF.n.evaluations", "DF.cpu.time")))
