full <-
structure(c(50, 55, 60, 65, 70, 75, 80, 85, 90, 95, 100, 13.1503, 
15, 12.55826, 7.01787, 14.55448, 10.38425, 15, 11.31101, 13.84667, 
10.68087, 11.14283, -1.9118, -1.19633, -0.92111, -1.63394, -6.579, 
-2.0752, -6.09725, -6.42477, -6.25615, -7.29463, -5.82826, 0, 
0, 0, 0, 0, 0, 0, 0, 0, 0, 0, 0, 0, 0, 0, 0, 0, 0, 0, 0, 0, 0, 
0.99162, 0.99615, 0.98959, 0.99519, 0.99403, 0.9972, 0.99607, 
0.99508, 0.99885, 0.9989, 1, 0.98746, 0.99042, 0.99135, 0.99519, 
0.99851, 0.99581, 0.9974, 0.99386, 0.99885, 0.9967, 0.99792, 
0.0909, 0.12, 0.145, 0.1382, 0.0799, 0.1759, 0.0874, 0.097, 0.1065, 
0.1198, 0.1191, 260.9, 336, 387.9, 332.5, 66.7, 322.8, 74.9, 
69.9, 77, 70.9, 90.8, 30, 186, 18, 12, 5, 8, 39, 4, 7, 38, 5, 
1095, 850, 1512, 1519, 1354, 1474, 1423, 1591, 1440, 1890, 1523, 
100, 100, 100, 100, 100, 100, 100, 100, 100, 100, 100, 2500, 
2500, 2500, 2500, 2500, 2500, 2500, 2500, 2500, 2500, 2500, 8550.179, 
9480.742, 9800.622, 9761.662, 9079.41, 10892.386, 9123.70700000001, 
9090.274, 9472.10500000001, 9486.334, 10093.95, 11.1708, 4.05974, 
6.2148, 5.99807, 10.30488, 9.91416, 10.88787, 10.48755, 14.39291, 
14.35656, 11.47745, -1.99415, -1.18767, -0.94627, -1.94555, -6.08985, 
-2.125, -7.03646, -6.4848, -7.02485, -5.82323, -7.11325, 0, 0, 
0, 0, 0, 0, 0, 0, 0, 0, 0, 0, 0, 0, 0, 0, 0, 0, 0, 0, 0, 0, 0.99162, 
0.99615, 0.98959, 0.99519, 0.99403, 0.9972, 0.99607, 0.99508, 
0.99885, 0.9989, 1, 0.98746, 0.99231, 0.99135, 0.99519, 0.99701, 
0.99581, 0.9961, 0.99386, 0.9977, 0.9989, 1, 0.0938, 0.1216, 
0.1434, 0.1422, 0.0799, 0.1672, 0.0959, 0.0956, 0.1139, 0.1096, 
0.1338, 257.7, 337.1, 385.1, 307.6, 76, 316.8, 63.7, 69, 65.6, 
86.2, 68.9, 84, 1156, 30, 6, 10, 40, 44, 20, 95, 35, 105, 135, 
1, 150, 88, 124, 91, 65, 83, 73, 134, 176, 100, 100, 100, 100, 
100, 100, 100, 100, 100, 100, 100, 2500, 2500, 2500, 2500, 2500, 
2500, 2500, 2500, 2500, 2500, 2500, 9162.592, 9564.215, 9924.709, 
10633.18, 11282.017, 11907.216, 12653.657, 13031.335, 13410.092, 
14218.321, 14830.641, 1, 1, 1, 1, 1, 1, 1, 1, 1, 1, 1, 0.11111, 
0.11111, 0.11111, 0.11111, 0.11111, 0.11111, 0.11111, 0.11111, 
0.11111, 0.11111, 0.11111, 0, 0, 0, 0, 0, 0, 0, 0, 0, 0, 0, 0, 
0, 0, 0, 0, 0, 0, 0, 0, 0, 0, 0.87256, 0.89941, 0.90613, 0.93579, 
0.96723, 0.96529, 0.98177, 0.98281, 0.98379, 0.98239, 0.98333, 
0.87677, 0.89567, 0.90447, 0.93261, 0.96273, 0.96802, 0.97784, 
0.98404, 0.98264, 0.98129, 0.98333, 0.0827, 0.0927, 0.1055, 0.1314, 
0.1452, 0.1664, 0.1854, 0.2064, 0.2161, 0.2341, 0.2658, 271.4, 
291.9, 316.7, 342.9, 364.9, 385.3, 403.5, 427.3, 443.2, 460.9, 
473.2, 1, 1, 1, 1, 1, 1, 1, 1, 1, 1, 1, 1, 1, 1, 1, 1, 1, 1, 
1, 1, 1, 1, 1, 1, 1, 1, 1, 1, 1, 1, 1, 1, 1, 1, 1, 1, 1, 1, 1, 
1, 1, 1, 1, 1, 3.412, 3.444, 3.358, 3.917, 4.078, 4.385, 4.59, 
4.731, 4.734, 4.83, 5.482), .Dim = c(11L, 40L), .Dimnames = list(
    NULL, c("Sampling", "PSO.cost", "PSO.gamma", "PSO.data.balancing", 
    "PSO.feature.selection", "PSO.valid.acc", "PSO.test.acc", 
    "PSO.train.time", "PSO.n.support.vectors", "PSO.index", "PSO.n.solutions", 
    "PSO.generations", "PSO.n.evaluations", "PSO.cpu.time", "RS.cost", 
    "RS.gamma", "RS.data.balancing", "RS.feature.selection", 
    "RS.valid.acc", "RS.test.acc", "RS.train.time", "RS.n.support.vectors", 
    "RS.index", "RS.n.solutions", "RS.generations", "RS.n.evaluations", 
    "RS.cpu.time", "DF.cost", "DF.gamma", "DF.data.balancing", 
    "DF.feature.selection", "DF.valid.acc", "DF.test.acc", "DF.train.time", 
    "DF.n.support.vectors", "DF.index", "DF.n.solutions", "DF.generations", 
    "DF.n.evaluations", "DF.cpu.time")))
