full <-
structure(c(50, 55, 60, 65, 70, 75, 80, 85, 90, 95, 100, 5.02211, 
3.6348, 7.15685, 13.07639, 13.37902, 13.62823, 9.19751, 8.75924, 
9.30042, 14.69892, 9.82338, -2.31963, -0.95958, -1.48766, -6.76052, 
-3.59527, -7.26214, -5.43607, -5.56456, -5.43011, -7.52616, -5.45217, 
0, 0, 0, 0, 0, 0, 0, 0, 0, 0, 0, 0, 0, 0, 0, 0, 0, 0, 0, 0, 0, 
0, 0.99366, 0.98679, 0.98959, 0.9936, 0.99554, 0.99444, 0.9974, 
0.99877, 1, 1, 1, 0.99366, 0.98861, 0.98787, 0.99042, 0.99258, 
0.99583, 0.99346, 0.99755, 0.99654, 0.9978, 1, 0.0912, 0.1206, 
0.132, 0.0776, 0.1004, 0.1, 0.0926, 0.0962, 0.1009, 0.1248, 0.1194, 
238.5, 361.4, 332.6, 62.7, 166.4, 60.5, 88.1, 86, 90.2, 58.7, 
95.3, 36, 78, 27, 13, 99, 6, 61, 7, 69, 27, 9, 1698, 1129, 1613, 
1559, 559, 1764, 1309, 1626, 1194, 1660, 1737, 100, 100, 100, 
100, 100, 100, 100, 100, 100, 100, 100, 2500, 2500, 2500, 2500, 
2500, 2500, 2500, 2500, 2500, 2500, 2500, 9203.341, 9972.912, 
10487.353, 8937.307, 9732.00199999999, 9800.48700000001, 9828.73499999999, 
9927.22200000001, 10099.04, 10188.117, 10723.174, 10.58645, 7.92747, 
14.21863, 12.42663, 14.33738, 12.14044, 14.93077, 13.88774, 10.4962, 
13.12142, 13.53123, -2.71044, -1.05854, -1.44663, -6.8643, -3.55307, 
-7.62728, -5.92652, -6.9058, -5.68244, -6.48868, -7.34373, 0, 
0, 0, 0, 0, 0, 0, 0, 0, 0, 0, 0, 0, 0, 0, 0, 0, 0, 0, 0, 0, 0, 
0.99366, 0.98679, 0.98959, 0.9936, 0.99554, 0.99444, 0.9974, 
0.99877, 1, 1, 1, 0.99366, 0.98861, 0.98787, 0.98884, 0.99258, 
0.99583, 0.99475, 0.99755, 0.99885, 0.9978, 1, 0.0883, 0.1257, 
0.1375, 0.0762, 0.102, 0.1027, 0.0908, 0.1045, 0.1003, 0.1127, 
0.1369, 216.7, 353.6, 336.4, 61.4, 169.9, 58.5, 76.6, 63.4, 85.3, 
71.9, 64.6, 4, 129, 37, 92, 179, 7, 49, 26, 65, 26, 16, 198, 
37, 110, 50, 10, 79, 63, 98, 68, 99, 157, 100, 100, 100, 100, 
100, 100, 100, 100, 100, 100, 100, 2500, 2500, 2500, 2500, 2500, 
2500, 2500, 2500, 2500, 2500, 2500, 9672.224, 10254.589, 10612.809, 
11215.11, 11733.058, 12655.632, 13310.974, 13723.383, 14150.703, 
15232.807, 15599.368, 1, 1, 1, 1, 1, 1, 1, 1, 1, 1, 1, 0.11111, 
0.11111, 0.11111, 0.11111, 0.11111, 0.11111, 0.11111, 0.11111, 
0.11111, 0.11111, 0.11111, 0, 0, 0, 0, 0, 0, 0, 0, 0, 0, 0, 0, 
0, 0, 0, 0, 0, 0, 0, 0, 0, 0, 0.88941, 0.91458, 0.94437, 0.94226, 
0.9568, 0.96385, 0.97787, 0.97802, 0.98495, 0.98464, 0.98333, 
0.89553, 0.91639, 0.94256, 0.94075, 0.95687, 0.97218, 0.98178, 
0.98044, 0.98264, 0.98464, 0.98333, 0.0803, 0.0952, 0.1151, 0.1288, 
0.1492, 0.1685, 0.1892, 0.209, 0.2257, 0.2486, 0.2613, 275, 303.7, 
320.4, 340.2, 362.1, 380, 401.9, 415.4, 435.1, 456.7, 476.1, 
1, 1, 1, 1, 1, 1, 1, 1, 1, 1, 1, 1, 1, 1, 1, 1, 1, 1, 1, 1, 1, 
1, 1, 1, 1, 1, 1, 1, 1, 1, 1, 1, 1, 1, 1, 1, 1, 1, 1, 1, 1, 1, 
1, 1, 3.402, 3.57, 4.033, 4.14, 4.421, 4.563, 4.872, 5.021, 5.065, 
5.472, 5.729), .Dim = c(11L, 40L), .Dimnames = list(NULL, c("Sampling", 
"PSO.cost", "PSO.gamma", "PSO.data.balancing", "PSO.feature.selection", 
"PSO.valid.acc", "PSO.test.acc", "PSO.train.time", "PSO.n.support.vectors", 
"PSO.index", "PSO.n.solutions", "PSO.generations", "PSO.n.evaluations", 
"PSO.cpu.time", "RS.cost", "RS.gamma", "RS.data.balancing", "RS.feature.selection", 
"RS.valid.acc", "RS.test.acc", "RS.train.time", "RS.n.support.vectors", 
"RS.index", "RS.n.solutions", "RS.generations", "RS.n.evaluations", 
"RS.cpu.time", "DF.cost", "DF.gamma", "DF.data.balancing", "DF.feature.selection", 
"DF.valid.acc", "DF.test.acc", "DF.train.time", "DF.n.support.vectors", 
"DF.index", "DF.n.solutions", "DF.generations", "DF.n.evaluations", 
"DF.cpu.time")))
