full <-
structure(c(50, 55, 60, 65, 70, 75, 80, 85, 90, 95, 100, 3.05823, 
0.94658, 0.61098, 1.38844, -0.12698, -0.00222, 0.19727, -0.17555, 
0.07267, 0.20632, -0.27262, -1.27534, 1.21738, 2.07704, 1.81859, 
2.39061, 3, 1.61773, 1.86638, 1.85543, 2.15352, 2.2657, 0, 0, 
0, 0, 0, 0, 0, 0, 0, 0, 0, 0, 0, 0, 0, 0, 0, 0, 0, 0, 0, 0, 0.91582, 
0.91847, 0.91768, 0.91999, 0.91553, 0.91512, 0.91596, 0.9125, 
0.91642, 0.91038, 0.91094, 0.90325, 0.91519, 0.91768, 0.91447, 
0.91546, 0.91512, 0.91144, 0.91038, 0.91445, 0.90943, 0.90823, 
0.0359, 0.0639, 0.1124, 0.109, 0.1847, 0.2822, 0.1398, 0.1781, 
0.1918, 0.232, 0.2605, 117.6, 264.3, 384.8, 372.4, 461.5, 558, 
386.9, 449.9, 463, 540.1, 582.1, 900, 1076, 700, 594, 339, 1868, 
969, 381, 484, 1086, 722, 105, 141, 163, 453, 253, 4, 397, 469, 
864, 144, 303, 100, 100, 100, 100, 100, 100, 100, 100, 100, 100, 
100, 2500, 2500, 2500, 2500, 2500, 2500, 2500, 2500, 2500, 2500, 
2500, 8451.425, 8589.204, 9119.824, 9643.34300000001, 11844.314, 
29531.728, 11179.683, 13439.898, 12928.41, 13986.855, 14737.477, 
4.09973, 0.85808, 13.13501, 1.39951, 0.12983, 0.13702, 0.09381, 
-0.06597, 0.17521, 0.0424, -0.07412, -1.72064, 2.31281, -4.66843, 
1.8684, 2.75075, 2.80177, 1.72623, 2.48384, 1.68136, 1.8265, 
2.41512, 0, 0, 0, 0, 0, 0, 0, 0, 0, 0, 0, 0, 0, 0, 0, 0, 0, 0, 
0, 0, 0, 0, 0.91222, 0.91678, 0.91619, 0.91999, 0.91553, 0.91634, 
0.91485, 0.91145, 0.91642, 0.90945, 0.91094, 0.90501, 0.91836, 
0.9147, 0.91584, 0.91546, 0.91393, 0.9137, 0.91144, 0.91345, 
0.90945, 0.90823, 0.0447, 0.1234, 0.7608, 0.1238, 0.2303, 0.2691, 
0.1558, 0.2607, 0.176, 0.1971, 0.3002, 116.1, 379.2, 116, 376.9, 
504.7, 538.7, 409.7, 550.3, 433.3, 473.8, 612, 1000, 376, 104, 
2092, 745, 1645, 1768, 488, 619, 1540, 1701, 3, 2, 6, 1, 5, 1, 
1, 1, 1, 1, 1, 100, 100, 100, 100, 100, 100, 100, 100, 100, 100, 
100, 2500, 2500, 2500, 2500, 2500, 2500, 2500, 2500, 2500, 2500, 
2500, 10105.447, 10857.4, 11186.752, 12618.14, 15061.003, 16076.379, 
18146.21, 19772.98, 21629.942, 23320.49, 25480.219, 1, 1, 1, 
1, 1, 1, 1, 1, 1, 1, 1, 0.33333, 0.33333, 0.33333, 0.33333, 0.33333, 
0.33333, 0.33333, 0.33333, 0.33333, 0.33333, 0.33333, 0, 0, 0, 
0, 0, 0, 0, 0, 0, 0, 0, 0, 0, 0, 0, 0, 0, 0, 0, 0, 0, 0, 0.90667, 
0.91027, 0.91321, 0.91447, 0.91295, 0.90912, 0.90814, 0.90723, 
0.90845, 0.90756, 0.90913, 0.90667, 0.91027, 0.91321, 0.91447, 
0.91295, 0.91031, 0.90814, 0.90723, 0.90845, 0.90756, 0.90913, 
0.0346, 0.0407, 0.0464, 0.0552, 0.0666, 0.0726, 0.0876, 0.0945, 
0.1014, 0.1132, 0.1233, 122.4, 131.1, 139.1, 150.4, 166.7, 184.9, 
198, 210, 219.9, 231.8, 246.1, 1, 1, 1, 1, 1, 1, 1, 1, 1, 1, 
1, 1, 1, 1, 1, 1, 1, 1, 1, 1, 1, 1, 1, 1, 1, 1, 1, 1, 1, 1, 1, 
1, 1, 1, 1, 1, 1, 1, 1, 1, 1, 1, 1, 1, 2.687, 2.734, 2.899, 3.19, 
3.242, 3.289, 3.561, 3.594, 3.617, 3.718, 3.832), .Dim = c(11L, 
40L), .Dimnames = list(NULL, c("Sampling", "PSO.cost", "PSO.gamma", 
"PSO.data.balancing", "PSO.feature.selection", "PSO.valid.acc", 
"PSO.test.acc", "PSO.train.time", "PSO.n.support.vectors", "PSO.index", 
"PSO.n.solutions", "PSO.generations", "PSO.n.evaluations", "PSO.cpu.time", 
"RS.cost", "RS.gamma", "RS.data.balancing", "RS.feature.selection", 
"RS.valid.acc", "RS.test.acc", "RS.train.time", "RS.n.support.vectors", 
"RS.index", "RS.n.solutions", "RS.generations", "RS.n.evaluations", 
"RS.cpu.time", "DF.cost", "DF.gamma", "DF.data.balancing", "DF.feature.selection", 
"DF.valid.acc", "DF.test.acc", "DF.train.time", "DF.n.support.vectors", 
"DF.index", "DF.n.solutions", "DF.generations", "DF.n.evaluations", 
"DF.cpu.time")))
