full <-
structure(c(50, 55, 60, 65, 70, 75, 80, 85, 90, 95, 100, 1, 1, 
15, 1, 1, 1, 1, 1, 1, 1, -0.05542, 0.33333, 0.33333, -7.09329, 
0.33333, 0.33333, 0.33333, 0.33333, 0.33333, 0.33333, 0.33333, 
1.7049, 0, 0, 0, 0, 0, 0, 0, 0, 0, 0, 0, 0, 0, 0, 0, 0, 0, 0, 
0, 0, 0, 0, 0.90655, 0.90872, 0.91327, 0.90907, 0.91041, 0.90925, 
0.91151, 0.91049, 0.9114, 0.9123, 0.9136, 0.90655, 0.90872, 0.91177, 
0.90907, 0.91041, 0.90925, 0.91151, 0.91049, 0.9114, 0.9123, 
0.9127, 0.0398, 0.0469, 4.161, 0.0636, 0.0717, 0.0812, 0.0909, 
0.0985, 0.1098, 0.1215, 0.2195, 122, 137.8, 125.1, 160.2, 170.8, 
186.3, 195, 204.2, 215.2, 225.3, 461.5, 1, 1, 518, 1, 1, 1, 1, 
1, 1, 1, 1963, 1905, 1966, 118, 2010, 2047, 1963, 2099, 1955, 
1992, 2017, 3, 100, 100, 100, 100, 100, 100, 100, 100, 100, 100, 
100, 2500, 2500, 2500, 2500, 2500, 2500, 2500, 2500, 2500, 2500, 
2500, 10099.853, 14335.054, 29261.358, 11628.671, 19616.004, 
15050.41, 18920.73, 19865.414, 20743.823, 20696.008, 18794.349, 
-0.29309, 0.74911, 12.61624, 4.78364, 10.52506, 11.38268, 10.05005, 
-0.52065, 4.49809, 0.56058, -0.12392, -7.40315, -6.7726, -12.24073, 
-10.14858, -6.44027, -9.72162, -14.53932, 0.4015, -9.62746, 1.55995, 
1.80298, 0, 0, 0, 0, 0, 0, 0, 0, 0, 0, 0, 0, 0, 0, 0, 0, 0, 0, 
0, 0, 0, 0, 0.90655, 0.90872, 0.91177, 0.90907, 0.91041, 0.90925, 
0.91151, 0.91049, 0.9114, 0.91233, 0.91271, 0.90655, 0.90872, 
0.91177, 0.90907, 0.91041, 0.90925, 0.91151, 0.91049, 0.9114, 
0.91228, 0.91091, 0.0373, 0.0434, 0.3706, 0.0773, 1.6439, 1.1688, 
0.1458, 0.0863, 0.121, 0.1788, 0.2337, 140.8, 166.1, 148.5, 227.6, 
240.2, 261.2, 200.6, 225.5, 270.8, 404.1, 484.8, 2, 1, 1, 1, 
3, 1, 1, 3, 1, 145, 790, 1379, 1440, 1595, 1415, 1591, 1597, 
1608, 1407, 1595, 1, 2, 100, 100, 100, 100, 100, 100, 100, 100, 
100, 100, 100, 2500, 2500, 2500, 2500, 2500, 2500, 2500, 2500, 
2500, 2500, 2500, 12824.554, 13735.506, 14250.577, 16018.032, 
17073.37, 19066.308, 20550.763, 22015.589, 23544.889, 25785.294, 
27199.889, 1, 1, 1, 1, 1, 1, 1, 1, 1, 1, 1, 0.33333, 0.33333, 
0.33333, 0.33333, 0.33333, 0.33333, 0.33333, 0.33333, 0.33333, 
0.33333, 0.33333, 0, 0, 0, 0, 0, 0, 0, 0, 0, 0, 0, 0, 0, 0, 0, 
0, 0, 0, 0, 0, 0, 0, 0.90655, 0.90872, 0.91177, 0.90907, 0.91041, 
0.90925, 0.91151, 0.91049, 0.9114, 0.9123, 0.90911, 0.90655, 
0.90872, 0.91177, 0.90907, 0.91041, 0.90925, 0.91151, 0.91049, 
0.9114, 0.9123, 0.90911, 0.0402, 0.0459, 0.0536, 0.0646, 0.0694, 
0.0801, 0.0907, 0.1013, 0.1096, 0.1221, 0.1363, 122, 137.8, 144, 
160.2, 170.8, 186.3, 195, 204.2, 215.2, 225.3, 234.6, 1, 1, 1, 
1, 1, 1, 1, 1, 1, 1, 1, 1, 1, 1, 1, 1, 1, 1, 1, 1, 1, 1, 1, 1, 
1, 1, 1, 1, 1, 1, 1, 1, 1, 1, 1, 1, 1, 1, 1, 1, 1, 1, 1, 1, 3.401, 
3.296, 3.391, 3.461, 3.41, 3.428, 3.672, 3.896, 4.01, 4.23, 4.458
), .Dim = c(11L, 40L), .Dimnames = list(NULL, c("Sampling", "PSO.cost", 
"PSO.gamma", "PSO.data.balancing", "PSO.feature.selection", "PSO.valid.acc", 
"PSO.test.acc", "PSO.train.time", "PSO.n.support.vectors", "PSO.index", 
"PSO.n.solutions", "PSO.generations", "PSO.n.evaluations", "PSO.cpu.time", 
"RS.cost", "RS.gamma", "RS.data.balancing", "RS.feature.selection", 
"RS.valid.acc", "RS.test.acc", "RS.train.time", "RS.n.support.vectors", 
"RS.index", "RS.n.solutions", "RS.generations", "RS.n.evaluations", 
"RS.cpu.time", "DF.cost", "DF.gamma", "DF.data.balancing", "DF.feature.selection", 
"DF.valid.acc", "DF.test.acc", "DF.train.time", "DF.n.support.vectors", 
"DF.index", "DF.n.solutions", "DF.generations", "DF.n.evaluations", 
"DF.cpu.time")))
