full <-
structure(c(50, 55, 60, 65, 70, 75, 80, 85, 90, 95, 100, 3.10758, 
0.10224, 10.64672, 0.4772, 0.29224, 0.34673, 0.58571, -0.27659, 
-0.22539, -0.0039, -0.11501, -0.85633, 2.47245, -4.59195, 2.73211, 
1.89363, 2.38066, 2.48894, 1.91868, 1.77103, 2.38983, 2.33142, 
0, 0, 0, 0, 0, 0, 0, 0, 0, 0, 0, 0, 0, 0, 0, 0, 0, 0, 0, 0, 0, 
0, 0.92104, 0.92183, 0.91785, 0.91723, 0.92198, 0.92469, 0.92165, 
0.91995, 0.9144, 0.91422, 0.9145, 0.91558, 0.92183, 0.9134, 0.91582, 
0.92319, 0.92235, 0.9172, 0.91782, 0.9134, 0.91137, 0.91091, 
0.0231, 0.0858, 0.1404, 0.1297, 0.0831, 0.1252, 0.1449, 0.1176, 
0.1209, 0.1913, 0.1987, 111.8, 383.7, 116.1, 467.3, 380.4, 474.8, 
516.2, 449.5, 447, 584.9, 598.1, 375, 394, 377, 1539, 414, 400, 
928, 1442, 397, 235, 422, 48, 341, 148, 6, 137, 575, 44, 127, 
43, 491, 133, 100, 100, 100, 100, 100, 100, 100, 100, 100, 100, 
100, 2500, 2500, 2500, 2500, 2500, 2500, 2500, 2500, 2500, 2500, 
2500, 6756.411, 7817.479, 12804.122, 13337.684, 8699.31999999999, 
8956.83, 10934.199, 13018.955, 37502.449, 11858.815, 12495.721, 
3.96463, -0.22117, 1.08147, 12.48267, -0.08849, 0.19209, 0.29025, 
0.04386, 0.25678, 0.13159, 0.14784, -1.07941, 1.68756, 2.13336, 
-4.13521, 2.51475, 1.77603, 1.92763, 1.35322, 0.5826, 2.3056, 
2.5928, 0, 0, 0, 0, 0, 0, 0, 0, 0, 0, 0, 0, 0, 0, 0, 0, 0, 0, 
0, 0, 0, 0, 0.92104, 0.92024, 0.91941, 0.91852, 0.92196, 0.92233, 
0.92159, 0.91995, 0.91343, 0.91422, 0.91361, 0.91377, 0.92024, 
0.9179, 0.90891, 0.92066, 0.92115, 0.91826, 0.91886, 0.91341, 
0.91043, 0.91091, 0.0243, 0.0544, 0.081, 0.3614, 0.122, 0.0871, 
0.1017, 0.0823, 0.0704, 0.1828, 0.2355, 110.6, 297.3, 377.2, 
134.7, 475.6, 375.1, 416.7, 330.4, 258.9, 569.3, 647.6, 1066, 
1167, 779, 226, 17, 841, 1280, 1588, 2399, 913, 1011, 2, 1, 1, 
2, 3, 2, 1, 1, 1, 1, 2, 100, 100, 100, 100, 100, 100, 100, 100, 
100, 100, 100, 2500, 2500, 2500, 2500, 2500, 2500, 2500, 2500, 
2500, 2500, 2500, 7602.743, 8008.378, 8793.723, 10030.38, 12489.237, 
13293.743, 14031.063, 16452.606, 19169.087, 21388.334, 21148.17, 
1, 1, 1, 1, 1, 1, 1, 1, 1, 1, 1, 0.33333, 0.33333, 0.33333, 0.33333, 
0.33333, 0.33333, 0.33333, 0.33333, 0.33333, 0.33333, 0.33333, 
0, 0, 0, 0, 0, 0, 0, 0, 0, 0, 0, 0, 0, 0, 0, 0, 0, 0, 0, 0, 0, 
0, 0.90834, 0.91527, 0.91627, 0.91582, 0.9181, 0.91873, 0.91829, 
0.91676, 0.91243, 0.91046, 0.9091, 0.91013, 0.91527, 0.91627, 
0.91582, 0.9181, 0.91873, 0.91829, 0.91676, 0.91243, 0.91046, 
0.9091, 0.0214, 0.0247, 0.0302, 0.0347, 0.0427, 0.0504, 0.0542, 
0.0625, 0.0727, 0.0802, 0.0853, 109.5, 117.7, 134.7, 143.3, 163.7, 
179.9, 185.5, 201.6, 220.2, 230.4, 242, 1, 1, 1, 1, 1, 1, 1, 
1, 1, 1, 1, 1, 1, 1, 1, 1, 1, 1, 1, 1, 1, 1, 1, 1, 1, 1, 1, 1, 
1, 1, 1, 1, 1, 1, 1, 1, 1, 1, 1, 1, 1, 1, 1, 1, 2.561, 2.606, 
2.672, 2.673, 2.784, 2.758, 2.848, 2.929, 3.104, 3.187, 3.162
), .Dim = c(11L, 40L), .Dimnames = list(NULL, c("Sampling", "PSO.cost", 
"PSO.gamma", "PSO.data.balancing", "PSO.feature.selection", "PSO.valid.acc", 
"PSO.test.acc", "PSO.train.time", "PSO.n.support.vectors", "PSO.index", 
"PSO.n.solutions", "PSO.generations", "PSO.n.evaluations", "PSO.cpu.time", 
"RS.cost", "RS.gamma", "RS.data.balancing", "RS.feature.selection", 
"RS.valid.acc", "RS.test.acc", "RS.train.time", "RS.n.support.vectors", 
"RS.index", "RS.n.solutions", "RS.generations", "RS.n.evaluations", 
"RS.cpu.time", "DF.cost", "DF.gamma", "DF.data.balancing", "DF.feature.selection", 
"DF.valid.acc", "DF.test.acc", "DF.train.time", "DF.n.support.vectors", 
"DF.index", "DF.n.solutions", "DF.generations", "DF.n.evaluations", 
"DF.cpu.time")))
