full <-
structure(c(50, 55, 60, 65, 70, 75, 80, 85, 90, 95, 100, -0.92304, 
-0.30686, 2.00779, 15, -0.28775, -0.23418, 1, -0.06559, -0.54553, 
-0.07389, -0.01407, 0.30312, 0.77006, -0.77146, -7.05157, 0.73487, 
1.9181, 0.33333, 1.26352, 0.68492, 2.65923, 1.18099, 0, 0, 0, 
0, 0, 0, 0, 0, 0, 0, 0, 0, 0, 0, 0, 0, 0, 0, 0, 0, 0, 0, 0.91936, 
0.91676, 0.91633, 0.91586, 0.91683, 0.9152, 0.91382, 0.91673, 
0.91642, 0.91324, 0.91091, 0.91572, 0.91512, 0.9133, 0.90899, 
0.91425, 0.91401, 0.91382, 0.91355, 0.91642, 0.91136, 0.91182, 
0.0343, 0.0495, 0.0432, 3.0049, 0.0681, 0.1487, 0.0803, 0.1169, 
0.0952, 0.3465, 0.1357, 130.6, 188.3, 124.9, 120.5, 220.4, 410.1, 
174.4, 312.3, 246.9, 630.5, 338.1, 1993, 200, 229, 1010, 649, 
2438, 1, 118, 309, 152, 617, 2, 301, 149, 66, 85, 2, 1888, 164, 
397, 235, 317, 100, 100, 100, 100, 100, 100, 100, 100, 100, 100, 
100, 2500, 2500, 2500, 2500, 2500, 2500, 2500, 2500, 2500, 2500, 
2500, 7903.482, 8420.856, 7991.07900000001, 29129.094, 21870.13, 
14105.657, 14012.095, 12562.505, 12563.029, 17218.874, 15931.875, 
-0.82015, -0.10467, 2.04353, 5.82327, -0.08163, -0.30916, 6.68025, 
0.46784, -0.12299, -0.29343, 0.32976, 0.97944, 2.57488, -0.81406, 
-3.20068, 0.97264, 1.9775, -13.3152, 0.72068, -0.42375, 2.29756, 
1.49555, 0, 0, 0, 0, 0, 0, 0, 0, 0, 0, 0, 0, 0, 0, 0, 0, 0, 0, 
0, 0, 0, 0, 0.91933, 0.91676, 0.91633, 0.91447, 0.91683, 0.9152, 
0.91382, 0.91567, 0.91543, 0.9123, 0.91091, 0.91754, 0.91512, 
0.91179, 0.90901, 0.91683, 0.9152, 0.91382, 0.91249, 0.91541, 
0.91043, 0.91094, 0.0468, 0.1227, 0.0456, 0.0841, 0.075, 0.1487, 
0.0769, 0.0908, 0.0889, 0.2586, 0.1723, 191, 388.3, 123.9, 127.5, 
244.8, 420.4, 174.3, 241.7, 195.9, 569.1, 403.6, 1530, 103, 1980, 
96, 779, 34, 1, 484, 59, 534, 722, 2, 10, 1, 5, 3, 2, 1436, 1, 
8, 6, 4, 100, 100, 100, 100, 100, 100, 100, 100, 100, 100, 100, 
2500, 2500, 2500, 2500, 2500, 2500, 2500, 2500, 2500, 2500, 2500, 
8745.814, 9836.775, 11019.845, 11797.355, 13168.114, 14350.953, 
18265.048, 18927.771, 22435.701, 26322.161, 27556.605, 1, 1, 
1, 1, 1, 1, 1, 1, 1, 1, 1, 0.33333, 0.33333, 0.33333, 0.33333, 
0.33333, 0.33333, 0.33333, 0.33333, 0.33333, 0.33333, 0.33333, 
0, 0, 0, 0, 0, 0, 0, 0, 0, 0, 0, 0, 0, 0, 0, 0, 0, 0, 0, 0, 0, 
0, 0.91576, 0.91512, 0.91034, 0.91171, 0.91425, 0.91398, 0.91382, 
0.91462, 0.91442, 0.90947, 0.90911, 0.91758, 0.91512, 0.91034, 
0.91171, 0.91425, 0.91398, 0.91382, 0.91462, 0.91442, 0.90947, 
0.90911, 0.03, 0.0368, 0.0456, 0.0523, 0.0602, 0.0711, 0.0792, 
0.089, 0.1005, 0.1112, 0.1322, 95.8, 108.5, 126.3, 135.5, 149.9, 
160.9, 174.4, 186.5, 200.9, 229.7, 236.3, 1, 1, 1, 1, 1, 1, 1, 
1, 1, 1, 1, 1, 1, 1, 1, 1, 1, 1, 1, 1, 1, 1, 1, 1, 1, 1, 1, 1, 
1, 1, 1, 1, 1, 1, 1, 1, 1, 1, 1, 1, 1, 1, 1, 1, 2.745, 2.887, 
3.12, 3.124, 3.182, 3.371, 3.37, 3.415, 3.55, 3.536, 4.894), .Dim = c(11L, 
40L), .Dimnames = list(NULL, c("Sampling", "PSO.cost", "PSO.gamma", 
"PSO.data.balancing", "PSO.feature.selection", "PSO.valid.acc", 
"PSO.test.acc", "PSO.train.time", "PSO.n.support.vectors", "PSO.index", 
"PSO.n.solutions", "PSO.generations", "PSO.n.evaluations", "PSO.cpu.time", 
"RS.cost", "RS.gamma", "RS.data.balancing", "RS.feature.selection", 
"RS.valid.acc", "RS.test.acc", "RS.train.time", "RS.n.support.vectors", 
"RS.index", "RS.n.solutions", "RS.generations", "RS.n.evaluations", 
"RS.cpu.time", "DF.cost", "DF.gamma", "DF.data.balancing", "DF.feature.selection", 
"DF.valid.acc", "DF.test.acc", "DF.train.time", "DF.n.support.vectors", 
"DF.index", "DF.n.solutions", "DF.generations", "DF.n.evaluations", 
"DF.cpu.time")))
