full <-
structure(c(50, 55, 60, 65, 70, 75, 80, 85, 90, 95, 100, 4.81627, 
1, -0.00185, -0.67543, 0.21826, 0.41849, -0.36804, -0.11732, 
-0.10968, -0.05957, 0.30032, -3.68694, 0.33333, 1.83514, 1.71675, 
2.10081, 2.70433, 1.84539, 2.21808, 1.92906, 2.01258, 1.68509, 
0, 0, 0, 0, 0, 0, 0, 0, 0, 0, 0, 0, 0, 0, 0, 0, 0, 0, 0, 0, 0, 
0, 0.91933, 0.91688, 0.91187, 0.91586, 0.91681, 0.92004, 0.91711, 
0.91576, 0.91434, 0.91137, 0.91366, 0.91576, 0.91688, 0.91038, 
0.91449, 0.91557, 0.92004, 0.9171, 0.91255, 0.91036, 0.9123, 
0.91094, 0.0693, 0.041, 0.1071, 0.1118, 0.1684, 0.2578, 0.1625, 
0.2237, 0.2041, 0.2361, 0.2039, 111.9, 118.6, 344.4, 344.7, 427.1, 
525.5, 419.1, 512.8, 476.9, 516.7, 460.7, 274, 1, 2348, 75, 583, 
1664, 179, 1089, 1164, 551, 375, 92, 1894, 1, 225, 248, 17, 140, 
217, 203, 540, 528, 100, 100, 100, 100, 100, 100, 100, 100, 100, 
100, 100, 2500, 2500, 2500, 2500, 2500, 2500, 2500, 2500, 2500, 
2500, 2500, 9970.471, 11295.38, 9876.533, 12451.072, 14786.125, 
14698.042, 13430.503, 14391.389, 15165.903, 16840.712, 17720.635, 
3.86546, 1.91645, 5.46367, -0.45182, 0.29433, 0.77738, -0.31028, 
-0.15272, -0.1995, 0.04824, 0.24339, -3.27646, -7.36385, -3.59153, 
-0.17853, 2.56447, 1.83485, 1.73328, 2.28427, 1.52042, 1.91205, 
1.82978, 0, 0, 0, 0, 0, 0, 0, 0, 0, 0, 0, 0, 0, 0, 0, 0, 0, 0, 
0, 0, 0, 0, 0.91933, 0.91688, 0.9104, 0.91586, 0.91681, 0.92, 
0.91711, 0.91576, 0.91236, 0.91043, 0.91366, 0.91576, 0.91688, 
0.90891, 0.91449, 0.91683, 0.91763, 0.9171, 0.91255, 0.91136, 
0.91135, 0.91185, 0.0555, 0.0509, 0.0871, 0.049, 0.2187, 0.1523, 
0.1515, 0.2298, 0.1602, 0.2185, 0.2249, 113, 181.2, 129, 150.6, 
482.8, 401.9, 396.5, 523.8, 392.5, 497.7, 489, 7, 2, 33, 336, 
1284, 1973, 2117, 982, 2015, 63, 2442, 6, 1595, 4, 10, 5, 1, 
1, 1, 1, 2, 1, 100, 100, 100, 100, 100, 100, 100, 100, 100, 100, 
100, 2500, 2500, 2500, 2500, 2500, 2500, 2500, 2500, 2500, 2500, 
2500, 10584.76, 11276.539, 11749.312, 12812.078, 14720.127, 18068.993, 
19708.727, 20958.954, 22802.878, 24219.259, 28490.345, 1, 1, 
1, 1, 1, 1, 1, 1, 1, 1, 1, 0.33333, 0.33333, 0.33333, 0.33333, 
0.33333, 0.33333, 0.33333, 0.33333, 0.33333, 0.33333, 0.33333, 
0, 0, 0, 0, 0, 0, 0, 0, 0, 0, 0, 0, 0, 0, 0, 0, 0, 0, 0, 0, 0, 
0, 0.91752, 0.91688, 0.91038, 0.91449, 0.91423, 0.91522, 0.91598, 
0.9115, 0.9084, 0.90757, 0.90913, 0.91752, 0.91688, 0.91038, 
0.91449, 0.91423, 0.91522, 0.91598, 0.9115, 0.9084, 0.90757, 
0.90913, 0.0363, 0.0409, 0.0469, 0.0525, 0.0614, 0.0756, 0.0833, 
0.0961, 0.1099, 0.1181, 0.1284, 112, 118.6, 134.5, 136.9, 150.5, 
177.5, 188.5, 205, 218.8, 223.7, 241.8, 1, 1, 1, 1, 1, 1, 1, 
1, 1, 1, 1, 1, 1, 1, 1, 1, 1, 1, 1, 1, 1, 1, 1, 1, 1, 1, 1, 1, 
1, 1, 1, 1, 1, 1, 1, 1, 1, 1, 1, 1, 1, 1, 1, 1, 2.989, 3.096, 
2.993, 3.152, 3.26, 3.401, 3.444, 3.557, 4.662, 4.583, 4.626), .Dim = c(11L, 
40L), .Dimnames = list(NULL, c("Sampling", "PSO.cost", "PSO.gamma", 
"PSO.data.balancing", "PSO.feature.selection", "PSO.valid.acc", 
"PSO.test.acc", "PSO.train.time", "PSO.n.support.vectors", "PSO.index", 
"PSO.n.solutions", "PSO.generations", "PSO.n.evaluations", "PSO.cpu.time", 
"RS.cost", "RS.gamma", "RS.data.balancing", "RS.feature.selection", 
"RS.valid.acc", "RS.test.acc", "RS.train.time", "RS.n.support.vectors", 
"RS.index", "RS.n.solutions", "RS.generations", "RS.n.evaluations", 
"RS.cpu.time", "DF.cost", "DF.gamma", "DF.data.balancing", "DF.feature.selection", 
"DF.valid.acc", "DF.test.acc", "DF.train.time", "DF.n.support.vectors", 
"DF.index", "DF.n.solutions", "DF.generations", "DF.n.evaluations", 
"DF.cpu.time")))
