full <-
structure(c(50, 55, 60, 65, 70, 75, 80, 85, 90, 95, 100, 0.11311, 
15, 0.21402, 3.35063, -0.21468, 0.01942, 0.30946, -0.04912, -0.12141, 
0.23447, -0.03604, 3, -7.44642, 2.79136, -1.39854, 2.07318, 0.45415, 
1.46107, 2.04358, 2.33604, 1.62985, 1.39029, 0, 0, 0, 0, 0, 0, 
0, 0, 0, 0, 0, 0, 0, 0, 0, 0, 0, 0, 0, 0, 0, 0, 0.91214, 0.90536, 
0.90888, 0.90772, 0.90658, 0.90679, 0.90702, 0.91038, 0.90938, 
0.91322, 0.91091, 0.91214, 0.90209, 0.90589, 0.90081, 0.9053, 
0.89959, 0.90365, 0.9083, 0.90739, 0.91132, 0.91092, 0.1297, 
1.116, 0.1981, 0.0608, 0.1497, 0.0728, 0.125, 0.1991, 0.2509, 
0.1707, 0.1572, 381.4, 107.5, 441.4, 149.8, 438.1, 222.9, 361.1, 
493.7, 564, 434.9, 389.8, 31, 592, 707, 735, 258, 378, 1211, 
423, 1884, 354, 1258, 700, 172, 91, 199, 628, 68, 19, 164, 14, 
355, 24, 100, 100, 100, 100, 100, 100, 100, 100, 100, 100, 100, 
2500, 2500, 2500, 2500, 2500, 2500, 2500, 2500, 2500, 2500, 2500, 
8701.963, 24285.287, 11506.434, 12448.24, 12352.153, 13167.281, 
14355.409, 14180.925, 24025.686, 18879.278, 32827.346, 1.70063, 
14.25873, -0.21828, 3.76505, -0.18243, 0.0827, 0.12737, 0.33792, 
-0.25931, -0.01003, 0.42354, -1.96722, -6.92334, 1.74598, -1.55815, 
2.66864, 0.31328, 2.47835, 1.56979, 2.13445, 1.70537, 1.84597, 
0, 0, 0, 0, 0, 0, 0, 0, 0, 0, 0, 0, 0, 0, 0, 0, 0, 0, 0, 0, 0, 
0, 0.91042, 0.90534, 0.90888, 0.90772, 0.90655, 0.90557, 0.90702, 
0.90931, 0.90938, 0.91227, 0.91182, 0.91033, 0.90042, 0.90587, 
0.8994, 0.90403, 0.89959, 0.90699, 0.90823, 0.90839, 0.91038, 
0.90912, 0.0334, 0.8468, 0.1007, 0.0623, 0.2002, 0.0735, 0.2467, 
0.1495, 0.2132, 0.1902, 0.2171, 109, 108.5, 349.6, 149.1, 500.3, 
214.6, 527.1, 402.8, 527.1, 452.8, 491.3, 2182, 1108, 629, 1114, 
267, 718, 1291, 414, 1589, 810, 1251, 1, 3, 1, 2, 1, 2, 1, 1, 
1, 5, 2, 100, 100, 100, 100, 100, 100, 100, 100, 100, 100, 100, 
2500, 2500, 2500, 2500, 2500, 2500, 2500, 2500, 2500, 2500, 2500, 
8263.163, 11382.267, 12235.288, 14781.559, 15360.977, 17586.416, 
20413.371, 20881.254, 22824.114, 25559.777, 27468.738, 1, 1, 
1, 1, 1, 1, 1, 1, 1, 1, 1, 0.33333, 0.33333, 0.33333, 0.33333, 
0.33333, 0.33333, 0.33333, 0.33333, 0.33333, 0.33333, 0.33333, 
0, 0, 0, 0, 0, 0, 0, 0, 0, 0, 0, 0, 0, 0, 0, 0, 0, 0, 0, 0, 0, 
0, 0.90675, 0.89878, 0.90144, 0.90081, 0.90017, 0.90081, 0.90139, 
0.90305, 0.9054, 0.9085, 0.90911, 0.90675, 0.89878, 0.90144, 
0.90081, 0.90017, 0.90081, 0.90139, 0.90305, 0.9054, 0.9085, 
0.90911, 0.0343, 0.0413, 0.0464, 0.0598, 0.0662, 0.0759, 0.0861, 
0.0973, 0.1084, 0.1265, 0.1226, 116.8, 132.4, 139.2, 161.9, 169.6, 
183, 199.9, 206.5, 224.5, 233.1, 238.1, 1, 1, 1, 1, 1, 1, 1, 
1, 1, 1, 1, 1, 1, 1, 1, 1, 1, 1, 1, 1, 1, 1, 1, 1, 1, 1, 1, 1, 
1, 1, 1, 1, 1, 1, 1, 1, 1, 1, 1, 1, 1, 1, 1, 1, 2.702, 3.453, 
3.519, 3.832, 3.79, 3.878, 3.969, 4.173, 4.409, 4.769, 4.43), .Dim = c(11L, 
40L), .Dimnames = list(NULL, c("Sampling", "PSO.cost", "PSO.gamma", 
"PSO.data.balancing", "PSO.feature.selection", "PSO.valid.acc", 
"PSO.test.acc", "PSO.train.time", "PSO.n.support.vectors", "PSO.index", 
"PSO.n.solutions", "PSO.generations", "PSO.n.evaluations", "PSO.cpu.time", 
"RS.cost", "RS.gamma", "RS.data.balancing", "RS.feature.selection", 
"RS.valid.acc", "RS.test.acc", "RS.train.time", "RS.n.support.vectors", 
"RS.index", "RS.n.solutions", "RS.generations", "RS.n.evaluations", 
"RS.cpu.time", "DF.cost", "DF.gamma", "DF.data.balancing", "DF.feature.selection", 
"DF.valid.acc", "DF.test.acc", "DF.train.time", "DF.n.support.vectors", 
"DF.index", "DF.n.solutions", "DF.generations", "DF.n.evaluations", 
"DF.cpu.time")))
