full <-
structure(c(50, 55, 60, 65, 70, 75, 80, 85, 90, 95, 100, 0.14778, 
0.83792, 1, 11.53718, 0.09178, 8.57362, 8.54139, -0.0328, 10.43051, 
0.06004, -0.14089, 2.52913, 2.37374, 0.33333, -4.83335, 1.26546, 
-3.6095, -3.17552, 1.22296, -4.18787, 2.56213, 2.40336, 0, 0, 
0, 0, 0, 0, 0, 0, 0, 0, 0, 0, 0, 0, 0, 0, 0, 0, 0, 0, 0, 0, 0.91194, 
0.91348, 0.90136, 0.90215, 0.90775, 0.91151, 0.90587, 0.91147, 
0.90839, 0.91231, 0.91452, 0.9083, 0.90695, 0.90136, 0.89112, 
0.9039, 0.90439, 0.90367, 0.91147, 0.90141, 0.91135, 0.91362, 
0.107, 0.1273, 0.0525, 0.5744, 0.0925, 0.2598, 0.253, 0.117, 
0.7077, 0.3045, 0.2983, 366.3, 383.1, 147.6, 141.6, 300.6, 166.1, 
176.1, 318, 184.7, 616, 611, 286, 702, 1, 2274, 1079, 784, 1329, 
767, 640, 818, 565, 347, 414, 2104, 4, 54, 151, 5, 234, 121, 
552, 237, 100, 100, 100, 100, 100, 100, 100, 100, 100, 100, 100, 
2500, 2500, 2500, 2500, 2500, 2500, 2500, 2500, 2500, 2500, 2500, 
8464.5, 10830.355, 15804.008, 13821.635, 16434.292, 19380.319, 
23768.023, 14238.095, 33599.043, 16019.198, 19471.235, 0.15628, 
0.48285, 7.69907, 10.70298, 0.76743, 0.65214, 0.53122, -0.02804, 
11.29418, 0.01436, -0.19104, 1.93617, 1.99663, -7.12523, -4.57928, 
0.92829, 1.27895, 1.64158, 1.2436, -4.4258, 2.84357, 2.38501, 
0, 0, 0, 0, 0, 0, 0, 0, 0, 0, 0, 0, 0, 0, 0, 0, 0, 0, 0, 0, 0, 
0, 0.91194, 0.9102, 0.90136, 0.90215, 0.90645, 0.91155, 0.90593, 
0.91147, 0.9074, 0.91231, 0.91362, 0.9083, 0.90859, 0.90136, 
0.89253, 0.90135, 0.90438, 0.90141, 0.91147, 0.90141, 0.9104, 
0.91272, 0.0785, 0.1011, 0.24, 0.3967, 0.0834, 0.1057, 0.1346, 
0.118, 1.0196, 0.368, 0.3035, 307.3, 348.2, 211.5, 142.3, 258.7, 
313.4, 379.2, 322, 181.5, 658.8, 608, 991, 743, 1, 2142, 1878, 
2401, 568, 657, 182, 71, 1406, 2, 5, 1529, 1, 1, 1, 1, 1, 4, 
2, 2, 100, 100, 100, 100, 100, 100, 100, 100, 100, 100, 100, 
2500, 2500, 2500, 2500, 2500, 2500, 2500, 2500, 2500, 2500, 2500, 
9407.686, 12754.23, 14841.26, 15544.803, 17225.5, 19694.379, 
21593.182, 21599.406, 22110.739, 26150.437, 26904.387, 1, 1, 
1, 1, 1, 1, 1, 1, 1, 1, 1, 0.33333, 0.33333, 0.33333, 0.33333, 
0.33333, 0.33333, 0.33333, 0.33333, 0.33333, 0.33333, 0.33333, 
0, 0, 0, 0, 0, 0, 0, 0, 0, 0, 0, 0, 0, 0, 0, 0, 0, 0, 0, 0, 0, 
0, 0.90834, 0.90695, 0.90136, 0.90071, 0.90392, 0.90439, 0.90258, 
0.90622, 0.9044, 0.90757, 0.90913, 0.90834, 0.90695, 0.90136, 
0.90071, 0.90392, 0.90439, 0.90258, 0.90622, 0.9044, 0.90757, 
0.90913, 0.0333, 0.0419, 0.0538, 0.0611, 0.0683, 0.0797, 0.0885, 
0.099, 0.1054, 0.1182, 0.1298, 111.6, 126.7, 147.6, 159.8, 168.7, 
186.8, 194.9, 207.2, 214.3, 227.9, 237.8, 1, 1, 1, 1, 1, 1, 1, 
1, 1, 1, 1, 1, 1, 1, 1, 1, 1, 1, 1, 1, 1, 1, 1, 1, 1, 1, 1, 1, 
1, 1, 1, 1, 1, 1, 1, 1, 1, 1, 1, 1, 1, 1, 1, 1, 2.838, 3.896, 
3.94, 4.354, 4.295, 4.397, 4.525, 4.449, 4.554, 4.702, 5.194), .Dim = c(11L, 
40L), .Dimnames = list(NULL, c("Sampling", "PSO.cost", "PSO.gamma", 
"PSO.data.balancing", "PSO.feature.selection", "PSO.valid.acc", 
"PSO.test.acc", "PSO.train.time", "PSO.n.support.vectors", "PSO.index", 
"PSO.n.solutions", "PSO.generations", "PSO.n.evaluations", "PSO.cpu.time", 
"RS.cost", "RS.gamma", "RS.data.balancing", "RS.feature.selection", 
"RS.valid.acc", "RS.test.acc", "RS.train.time", "RS.n.support.vectors", 
"RS.index", "RS.n.solutions", "RS.generations", "RS.n.evaluations", 
"RS.cpu.time", "DF.cost", "DF.gamma", "DF.data.balancing", "DF.feature.selection", 
"DF.valid.acc", "DF.test.acc", "DF.train.time", "DF.n.support.vectors", 
"DF.index", "DF.n.solutions", "DF.generations", "DF.n.evaluations", 
"DF.cpu.time")))
