full <-
structure(c(50, 55, 60, 65, 70, 75, 80, 85, 90, 95, 100, 1, 1.93601, 
0.01059, 1, 1, 8.24318, 1.05757, 0.03014, 0.02433, 0.20688, -0.08816, 
0.33333, -9.56909, 0.45347, 0.33333, 0.33333, -3.9061, 2.34723, 
1.45674, 2.19598, 2.24076, 1.22525, 0, 0, 0, 0, 0, 0, 0, 0, 0, 
0, 0, 0, 0, 0, 0, 0, 0, 0, 0, 0, 0, 0, 0.91027, 0.90697, 0.90877, 
0.91039, 0.90775, 0.90796, 0.9127, 0.91155, 0.91339, 0.91419, 
0.9118, 0.91027, 0.90697, 0.90574, 0.91039, 0.90775, 0.90436, 
0.9038, 0.91152, 0.91241, 0.9123, 0.9118, 0.0374, 0.042, 0.0489, 
0.0556, 0.0649, 0.2677, 0.2117, 0.1268, 0.2197, 0.2438, 0.1413, 
118.9, 167.4, 179.9, 155.1, 168.6, 161.6, 509.9, 376.2, 532.6, 
565.9, 350.2, 1, 2, 953, 1, 1, 551, 950, 1094, 824, 939, 626, 
2012, 2061, 1985, 1962, 1902, 8, 193, 78, 269, 242, 67, 100, 
100, 100, 100, 100, 100, 100, 100, 100, 100, 100, 2500, 2500, 
2500, 2500, 2500, 2500, 2500, 2500, 2500, 2500, 2500, 8701.863, 
8902.807, 9961.937, 10550.241, 13340.154, 12990.933, 15507.1, 
14559.998, 14482.379, 12516.977, 17286.386, 4.01554, 3.26422, 
0.02213, 0.20052, -1.64572, 9.5786, 0.77462, -0.00552, -0.13368, 
-0.00879, 0.13129, -13.11805, -7.73016, 0.94475, -0.37143, -6.2878, 
-4.30369, 2.30807, 1.50766, 2.63781, 2.42868, 2.84118, 0, 0, 
0, 0, 0, 0, 0, 0, 0, 0, 0, 0, 0, 0, 0, 0, 0, 0, 0, 0, 0, 0, 0.91027, 
0.90697, 0.90877, 0.91039, 0.90775, 0.90796, 0.90937, 0.91155, 
0.91241, 0.91324, 0.91088, 0.91027, 0.90697, 0.90574, 0.90899, 
0.90775, 0.90436, 0.9038, 0.91152, 0.91243, 0.9123, 0.90999, 
0.0216, 0.0562, 0.0564, 0.0509, 0.0505, 0.4438, 0.2064, 0.1455, 
0.2623, 0.2624, 0.4171, 69.2, 213.9, 219.9, 164.2, 171.3, 163.4, 
505.6, 385.3, 606.6, 596.3, 685.4, 1, 2, 675, 1, 1, 136, 488, 
820, 478, 298, 447, 1286, 1373, 1489, 1537, 1411, 3, 2, 1, 3, 
4, 3, 100, 100, 100, 100, 100, 100, 100, 100, 100, 100, 100, 
2500, 2500, 2500, 2500, 2500, 2500, 2500, 2500, 2500, 2500, 2500, 
10581.373, 10859.965, 12490.006, 13966.259, 16300.194, 17135.934, 
17529.916, 18125.939, 21142.607, 23228.999, 25657.863, 1, 1, 
1, 1, 1, 1, 1, 1, 1, 1, 1, 0.33333, 0.33333, 0.33333, 0.33333, 
0.33333, 0.33333, 0.33333, 0.33333, 0.33333, 0.33333, 0.33333, 
0, 0, 0, 0, 0, 0, 0, 0, 0, 0, 0, 0, 0, 0, 0, 0, 0, 0, 0, 0, 0, 
0, 0.91027, 0.90531, 0.90877, 0.91039, 0.90775, 0.90794, 0.90707, 
0.90835, 0.90943, 0.90853, 0.90911, 0.91027, 0.90533, 0.90877, 
0.91039, 0.90775, 0.90794, 0.90707, 0.90835, 0.90943, 0.90853, 
0.90911, 0.0343, 0.0416, 0.0476, 0.0585, 0.0664, 0.0725, 0.0762, 
0.0892, 0.0967, 0.1081, 0.1235, 118.9, 134, 143.7, 155.1, 168.6, 
174.6, 186.4, 201.8, 209.4, 224.4, 240.9, 1, 1, 1, 1, 1, 1, 1, 
1, 1, 1, 1, 1, 1, 1, 1, 1, 1, 1, 1, 1, 1, 1, 1, 1, 1, 1, 1, 1, 
1, 1, 1, 1, 1, 1, 1, 1, 1, 1, 1, 1, 1, 1, 1, 1, 2.981, 3.024, 
3.118, 3.347, 3.405, 3.431, 3.229, 3.544, 3.555, 3.697, 3.857
), .Dim = c(11L, 40L), .Dimnames = list(NULL, c("Sampling", "PSO.cost", 
"PSO.gamma", "PSO.data.balancing", "PSO.feature.selection", "PSO.valid.acc", 
"PSO.test.acc", "PSO.train.time", "PSO.n.support.vectors", "PSO.index", 
"PSO.n.solutions", "PSO.generations", "PSO.n.evaluations", "PSO.cpu.time", 
"RS.cost", "RS.gamma", "RS.data.balancing", "RS.feature.selection", 
"RS.valid.acc", "RS.test.acc", "RS.train.time", "RS.n.support.vectors", 
"RS.index", "RS.n.solutions", "RS.generations", "RS.n.evaluations", 
"RS.cpu.time", "DF.cost", "DF.gamma", "DF.data.balancing", "DF.feature.selection", 
"DF.valid.acc", "DF.test.acc", "DF.train.time", "DF.n.support.vectors", 
"DF.index", "DF.n.solutions", "DF.generations", "DF.n.evaluations", 
"DF.cpu.time")))
