full <-
structure(c(50, 55, 60, 65, 70, 75, 80, 85, 90, 95, 100, 6.88816, 
0.75716, 10.86216, 14.96255, 14.12386, 14.7439, 15, 0.20642, 
0.75684, 0.24088, 0.03835, -3.37457, 0.48023, -7.98718, -6.45633, 
-4.34297, -4.54952, -4.74203, 1.73168, 0.83789, 1.60013, 1.42736, 
0, 0, 0, 0, 0, 0, 0, 0, 0, 0, 0, 0, 0, 0, 0, 0, 0, 0, 0, 0, 0, 
0, 0.92097, 0.9217, 0.91478, 0.92278, 0.9169, 0.91644, 0.91606, 
0.90724, 0.91541, 0.91794, 0.9136, 0.91376, 0.91837, 0.91327, 
0.91863, 0.90786, 0.91277, 0.90718, 0.90621, 0.90841, 0.91511, 
0.9118, 0.0386, 0.0359, 0.3225, 1.0651, 1.0723, 2.2168, 3.2627, 
0.119, 0.0783, 0.1228, 0.1165, 96.2, 190.3, 127.8, 108.8, 130.3, 
140.2, 150.9, 429.8, 282.4, 420.1, 396, 191, 1363, 16, 265, 364, 
336, 373, 1016, 385, 646, 1171, 78, 6, 393, 56, 270, 225, 553, 
94, 329, 307, 352, 100, 100, 100, 100, 100, 100, 100, 100, 100, 
100, 100, 2500, 2500, 2500, 2500, 2500, 2500, 2500, 2500, 2500, 
2500, 2500, 9628.674, 6748.918, 11555.705, 28882.8, 21439.715, 
32433.338, 69921.617, 13452.62, 13033.468, 13341.573, 16752.919, 
0.44764, 0.45094, 3.90714, 12.40396, 14.70499, -0.08359, 14.91396, 
0.29567, 0.81448, 0.04372, 0.53857, -0.31543, 0.67808, -2.23101, 
-5.17152, -4.4592, -0.17999, -4.79484, 1.68172, 0.73061, 2.01412, 
2.43596, 0, 0, 0, 0, 0, 0, 0, 0, 0, 0, 0, 0, 0, 0, 0, 0, 0, 0, 
0, 0, 0, 0, 0.92097, 0.9217, 0.91621, 0.92141, 0.9169, 0.91642, 
0.915, 0.90724, 0.91441, 0.91511, 0.91181, 0.91555, 0.91676, 
0.91322, 0.91863, 0.90786, 0.91403, 0.90829, 0.90621, 0.90841, 
0.91416, 0.9073, 0.0261, 0.0376, 0.0348, 0.4267, 1.3888, 0.0482, 
2.8479, 0.115, 0.0746, 0.1569, 0.2223, 134.3, 201.7, 113.9, 112.7, 
129.4, 192.3, 149.1, 421.7, 269.3, 509.2, 618.1, 83, 63, 2129, 
379, 7, 1968, 566, 2226, 1418, 90, 2359, 8, 1, 1, 4, 2, 1, 2, 
1, 1, 2, 1, 100, 100, 100, 100, 100, 100, 100, 100, 100, 100, 
100, 2500, 2500, 2500, 2500, 2500, 2500, 2500, 2500, 2500, 2500, 
2500, 7367.146, 7895.271, 8407.243, 8685.963, 12046.923, 13031.068, 
14948.628, 17217.788, 19448.5600000001, 20223.8579999999, 23103.797, 
1, 1, 1, 1, 1, 1, 1, 1, 1, 1, 1, 0.33333, 0.33333, 0.33333, 0.33333, 
0.33333, 0.33333, 0.33333, 0.33333, 0.33333, 0.33333, 0.33333, 
0, 0, 0, 0, 0, 0, 0, 0, 0, 0, 0, 0, 0, 0, 0, 0, 0, 0, 0, 0, 0, 
0, 0.91376, 0.9135, 0.91329, 0.91313, 0.9104, 0.91162, 0.90937, 
0.90404, 0.90741, 0.91039, 0.9091, 0.91197, 0.9135, 0.91329, 
0.91313, 0.9104, 0.91162, 0.90937, 0.90407, 0.90741, 0.91039, 
0.9091, 0.0223, 0.0261, 0.0299, 0.0336, 0.0392, 0.0461, 0.0538, 
0.0648, 0.069, 0.0761, 0.088, 109.2, 119.6, 128.4, 135.8, 146.7, 
162.3, 179, 203.5, 208.4, 219.1, 233.6, 1, 1, 1, 1, 1, 1, 1, 
1, 1, 1, 1, 1, 1, 1, 1, 1, 1, 1, 1, 1, 1, 1, 1, 1, 1, 1, 1, 1, 
1, 1, 1, 1, 1, 1, 1, 1, 1, 1, 1, 1, 1, 1, 1, 1, 2.52, 2.415, 
2.521, 2.558, 3.917, 3.834, 3.982, 4.179, 4.227, 3.899, 4.429
), .Dim = c(11L, 40L), .Dimnames = list(NULL, c("Sampling", "PSO.cost", 
"PSO.gamma", "PSO.data.balancing", "PSO.feature.selection", "PSO.valid.acc", 
"PSO.test.acc", "PSO.train.time", "PSO.n.support.vectors", "PSO.index", 
"PSO.n.solutions", "PSO.generations", "PSO.n.evaluations", "PSO.cpu.time", 
"RS.cost", "RS.gamma", "RS.data.balancing", "RS.feature.selection", 
"RS.valid.acc", "RS.test.acc", "RS.train.time", "RS.n.support.vectors", 
"RS.index", "RS.n.solutions", "RS.generations", "RS.n.evaluations", 
"RS.cpu.time", "DF.cost", "DF.gamma", "DF.data.balancing", "DF.feature.selection", 
"DF.valid.acc", "DF.test.acc", "DF.train.time", "DF.n.support.vectors", 
"DF.index", "DF.n.solutions", "DF.generations", "DF.n.evaluations", 
"DF.cpu.time")))
