full <-
structure(c(50, 55, 60, 65, 70, 75, 80, 85, 90, 95, 100, 1, 1, 
1, 1, 0.08105, 1, 0.6024, 0.25185, -0.01946, 0.15969, -0.32857, 
0.33333, 0.33333, 0.33333, 0.33333, 1.06117, 0.33333, 1.55949, 
1.88431, 1.32529, 0.73172, 1.45487, 0, 0, 0, 0, 0, 0, 0, 0, 0, 
0, 0, 0, 0, 0, 0, 0, 0, 0, 0, 0, 0, 0, 0.91022, 0.90695, 0.91183, 
0.91443, 0.9168, 0.91164, 0.91598, 0.91568, 0.91442, 0.91231, 
0.91181, 0.91022, 0.90695, 0.91183, 0.91443, 0.91422, 0.91164, 
0.91036, 0.91461, 0.91239, 0.90949, 0.91001, 0.0257, 0.0318, 
0.0358, 0.0397, 0.0565, 0.0508, 0.0928, 0.1235, 0.0986, 0.0801, 
0.1194, 118, 131.5, 139.1, 148.3, 261, 171.3, 368.2, 446.9, 354.7, 
277.5, 408, 1, 1, 1, 1, 1473, 1, 1686, 371, 2266, 515, 2101, 
1891, 1970, 1930, 1952, 25, 1947, 57, 505, 3, 120, 2, 100, 100, 
100, 100, 100, 100, 100, 100, 100, 100, 100, 2500, 2500, 2500, 
2500, 2500, 2500, 2500, 2500, 2500, 2500, 2500, 7089.508, 10464.137, 
10125.919, 12429.341, 15142.066, 11172.485, 11903.317, 11831.819, 
13842.285, 13623.532, 19835.363, 2.94916, -0.19123, 0.04725, 
-1.71655, 0.29082, 2.43933, 0.84648, 0.28463, -0.25144, -0.07466, 
0.00879, -1.7601, -6.52087, 1.02359, -1.74509, 0.66944, -10.05895, 
1.20665, 1.18845, 2.4483, 2.31581, 2.13844, 0, 0, 0, 0, 0, 0, 
0, 0, 0, 0, 0, 0, 0, 0, 0, 0, 0, 0, 0, 0, 0, 0, 0.91028, 0.90695, 
0.91335, 0.91443, 0.9168, 0.91164, 0.91373, 0.91357, 0.91242, 
0.91139, 0.91091, 0.90489, 0.90695, 0.91034, 0.91443, 0.91422, 
0.91164, 0.90699, 0.91252, 0.91043, 0.91232, 0.9082, 0.0275, 
0.028, 0.0432, 0.0376, 0.0482, 0.0408, 0.0765, 0.0774, 0.1864, 
0.1869, 0.181, 113.4, 155.3, 227, 157.7, 215.2, 182.6, 307.2, 
301.3, 570.9, 569.8, 554.4, 1028, 1, 716, 2, 1437, 2, 1010, 548, 
644, 1642, 120, 2, 1431, 1, 1490, 2, 1607, 1, 1, 1, 1, 2, 100, 
100, 100, 100, 100, 100, 100, 100, 100, 100, 100, 2500, 2500, 
2500, 2500, 2500, 2500, 2500, 2500, 2500, 2500, 2500, 9212.221, 
11613.932, 12149.925, 13221.538, 14731.857, 15361.492, 15679.174, 
16528.486, 18440.82, 20199.818, 22876.175, 1, 1, 1, 1, 1, 1, 
1, 1, 1, 1, 1, 0.33333, 0.33333, 0.33333, 0.33333, 0.33333, 0.33333, 
0.33333, 0.33333, 0.33333, 0.33333, 0.33333, 0, 0, 0, 0, 0, 0, 
0, 0, 0, 0, 0, 0, 0, 0, 0, 0, 0, 0, 0, 0, 0, 0, 0.91022, 0.90695, 
0.91183, 0.91443, 0.91552, 0.91164, 0.90927, 0.91144, 0.90941, 
0.90854, 0.90911, 0.91022, 0.90695, 0.91183, 0.91443, 0.91552, 
0.91164, 0.90927, 0.91144, 0.90941, 0.90854, 0.90911, 0.0257, 
0.0315, 0.0353, 0.0394, 0.0474, 0.0516, 0.0578, 0.0656, 0.0738, 
0.0847, 0.0897, 118, 131.5, 139.1, 148.3, 162.2, 171.3, 184.9, 
196.2, 210.5, 230.3, 236.7, 1, 1, 1, 1, 1, 1, 1, 1, 1, 1, 1, 
1, 1, 1, 1, 1, 1, 1, 1, 1, 1, 1, 1, 1, 1, 1, 1, 1, 1, 1, 1, 1, 
1, 1, 1, 1, 1, 1, 1, 1, 1, 1, 1, 1, 2.684, 3.395, 3.373, 3.477, 
3.553, 3.593, 3.623, 3.791, 3.824, 4, 3.969), .Dim = c(11L, 40L
), .Dimnames = list(NULL, c("Sampling", "PSO.cost", "PSO.gamma", 
"PSO.data.balancing", "PSO.feature.selection", "PSO.valid.acc", 
"PSO.test.acc", "PSO.train.time", "PSO.n.support.vectors", "PSO.index", 
"PSO.n.solutions", "PSO.generations", "PSO.n.evaluations", "PSO.cpu.time", 
"RS.cost", "RS.gamma", "RS.data.balancing", "RS.feature.selection", 
"RS.valid.acc", "RS.test.acc", "RS.train.time", "RS.n.support.vectors", 
"RS.index", "RS.n.solutions", "RS.generations", "RS.n.evaluations", 
"RS.cpu.time", "DF.cost", "DF.gamma", "DF.data.balancing", "DF.feature.selection", 
"DF.valid.acc", "DF.test.acc", "DF.train.time", "DF.n.support.vectors", 
"DF.index", "DF.n.solutions", "DF.generations", "DF.n.evaluations", 
"DF.cpu.time")))
