full <-
structure(c(50, 55, 60, 65, 70, 75, 80, 85, 90, 95, 100, 1, 0.53605, 
1, 1, 1, -0.31552, 0.28248, 1, -0.26504, 0.10983, 0.0838, 0.33333, 
-0.00775, 0.33333, 0.33333, 0.33333, 1.89006, 3, 0.33333, 1.72328, 
2.27525, 2.01169, 0, 0, 0, 0, 0, 0, 0, 0, 0, 0, 0, 0, 0, 0, 0, 
0, 0, 0, 0, 0, 0, 0, 0.90667, 0.90866, 0.90887, 0.90892, 0.90777, 
0.91161, 0.91715, 0.9105, 0.91635, 0.9161, 0.91274, 0.90667, 
0.90702, 0.90887, 0.90892, 0.90777, 0.90921, 0.91492, 0.9105, 
0.91535, 0.91421, 0.91183, 0.0437, 0.0449, 0.0526, 0.0627, 0.0712, 
0.1457, 0.2985, 0.0933, 0.1818, 0.2811, 0.2492, 141.6, 168.4, 
151.8, 166.6, 178.2, 415, 595.2, 197.9, 428.3, 566.6, 528, 1, 
618, 1, 1, 1, 333, 744, 1, 293, 1353, 497, 1965, 79, 2154, 2089, 
1991, 491, 120, 1846, 488, 132, 556, 100, 100, 100, 100, 100, 
100, 100, 100, 100, 100, 100, 2500, 2500, 2500, 2500, 2500, 2500, 
2500, 2500, 2500, 2500, 2500, 12348.364, 9555.419, 9137.253, 
13992.126, 11808.897, 10509.257, 13511.358, 16923.57, 15504.395, 
16681.732, 18127.487, 5.10348, 0.44963, 7.64954, 0.43297, 2.07581, 
-0.39753, 0.1628, 0.807, -0.26567, -0.21458, 0.06909, -9.98199, 
0.1683, -9.71872, 1.99225, -4.05134, 2.22688, 2.45238, 1.62584, 
1.30626, 2.32988, 2.02722, 0, 0, 0, 0, 0, 0, 0, 0, 0, 0, 0, 0, 
0, 0, 0, 0, 0, 0, 0, 0, 0, 0, 0.90667, 0.90866, 0.90887, 0.91029, 
0.90777, 0.91043, 0.91715, 0.91147, 0.91635, 0.91608, 0.91274, 
0.90667, 0.90866, 0.90887, 0.90336, 0.90777, 0.91043, 0.91492, 
0.90939, 0.91337, 0.91515, 0.91183, 0.0617, 0.0472, 0.1156, 0.1213, 
0.0987, 0.1795, 0.2353, 0.1542, 0.1377, 0.28, 0.2598, 220, 172.7, 
292.9, 392.2, 203.7, 464.6, 522.4, 389.9, 339.4, 575.4, 530.8, 
1, 1098, 1, 1358, 2, 1851, 2256, 794, 1808, 1876, 341, 1526, 
4, 1524, 1, 1403, 1, 1, 1, 1, 1, 1, 100, 100, 100, 100, 100, 
100, 100, 100, 100, 100, 100, 2500, 2500, 2500, 2500, 2500, 2500, 
2500, 2500, 2500, 2500, 2500, 10999.215, 10961.2, 11341.215, 
13787.264, 14587.994, 15383.631, 16308.793, 21686.8, 22771.4, 
25946.897, 26438.936, 1, 1, 1, 1, 1, 1, 1, 1, 1, 1, 1, 0.33333, 
0.33333, 0.33333, 0.33333, 0.33333, 0.33333, 0.33333, 0.33333, 
0.33333, 0.33333, 0.33333, 0, 0, 0, 0, 0, 0, 0, 0, 0, 0, 0, 0, 
0, 0, 0, 0, 0, 0, 0, 0, 0, 0, 0.90667, 0.90704, 0.90887, 0.90892, 
0.90777, 0.90923, 0.9116, 0.9105, 0.91238, 0.91231, 0.90913, 
0.90667, 0.90704, 0.90887, 0.90892, 0.90777, 0.90923, 0.9116, 
0.9105, 0.91238, 0.91231, 0.90913, 0.0402, 0.0451, 0.0532, 0.0575, 
0.066, 0.0793, 0.0862, 0.0982, 0.107, 0.117, 0.1263, 141.6, 147.2, 
151.8, 166.6, 178.2, 182.1, 194.8, 197.9, 206.2, 224.2, 237.7, 
1, 1, 1, 1, 1, 1, 1, 1, 1, 1, 1, 1, 1, 1, 1, 1, 1, 1, 1, 1, 1, 
1, 1, 1, 1, 1, 1, 1, 1, 1, 1, 1, 1, 1, 1, 1, 1, 1, 1, 1, 1, 1, 
1, 1, 2.758, 2.795, 3.049, 2.914, 3.061, 3.319, 3.388, 4.323, 
4.384, 4.46, 4.553), .Dim = c(11L, 40L), .Dimnames = list(NULL, 
    c("Sampling", "PSO.cost", "PSO.gamma", "PSO.data.balancing", 
    "PSO.feature.selection", "PSO.valid.acc", "PSO.test.acc", 
    "PSO.train.time", "PSO.n.support.vectors", "PSO.index", "PSO.n.solutions", 
    "PSO.generations", "PSO.n.evaluations", "PSO.cpu.time", "RS.cost", 
    "RS.gamma", "RS.data.balancing", "RS.feature.selection", 
    "RS.valid.acc", "RS.test.acc", "RS.train.time", "RS.n.support.vectors", 
    "RS.index", "RS.n.solutions", "RS.generations", "RS.n.evaluations", 
    "RS.cpu.time", "DF.cost", "DF.gamma", "DF.data.balancing", 
    "DF.feature.selection", "DF.valid.acc", "DF.test.acc", "DF.train.time", 
    "DF.n.support.vectors", "DF.index", "DF.n.solutions", "DF.generations", 
    "DF.n.evaluations", "DF.cpu.time")))
