full <-
structure(c(50, 55, 60, 65, 70, 75, 80, 85, 90, 95, 100, 1, -0.37514, 
-0.07295, 0.03908, -0.26254, 0.54519, 0.7056, -0.49782, -0.46318, 
1, 0.12876, 0.33333, 0.25273, 0.79555, 0.24424, 0.35099, -0.43515, 
2.69774, 1.63652, 0.30258, 0.33333, 2.3441, 0, 0, 0, 0, 0, 0, 
0, 0, 0, 0, 0, 0, 0, 0, 0, 0, 0, 0, 0, 0, 0, 0, 0.9012, 0.90377, 
0.90597, 0.91049, 0.91042, 0.90799, 0.9081, 0.90933, 0.9074, 
0.90947, 0.91362, 0.9012, 0.9021, 0.90143, 0.91049, 0.90786, 
0.9056, 0.90698, 0.90723, 0.90541, 0.90947, 0.91002, 0.0435, 
0.0491, 0.0602, 0.0572, 0.0614, 0.0757, 0.2902, 0.1613, 0.0908, 
0.1178, 0.297, 126.7, 176.4, 231.5, 195.5, 204, 186.7, 562.9, 
403.8, 239.8, 228.4, 594.3, 1, 347, 338, 563, 185, 258, 2477, 
93, 104, 1, 1221, 2015, 395, 142, 358, 337, 389, 1, 404, 94, 
2035, 163, 100, 100, 100, 100, 100, 100, 100, 100, 100, 100, 
100, 2500, 2500, 2500, 2500, 2500, 2500, 2500, 2500, 2500, 2500, 
2500, 11014.116, 10258.241, 13254.823, 10762.635, 13213.637, 
14710.483, 24686.247, 16606.877, 20823.327, 20189.108, 18550.331, 
-0.09085, -0.45046, 0.2654, 0.24919, -0.38159, -0.37641, 0.64859, 
-0.81508, 6.55163, 0.04478, 0.0681, -5.06106, 0.27034, -0.68264, 
0.3362, 1.4702, 0.824, 2.59061, 1.21003, -4.12221, 0.72506, 2.46728, 
0, 0, 0, 0, 0, 0, 0, 0, 0, 0, 0, 0, 0, 0, 0, 0, 0, 0, 0, 0, 0, 
0, 0.9012, 0.90377, 0.90597, 0.91049, 0.91042, 0.90799, 0.9081, 
0.90828, 0.9074, 0.91042, 0.91271, 0.9012, 0.9021, 0.90007, 0.91049, 
0.91042, 0.90562, 0.90811, 0.90723, 0.9074, 0.90754, 0.91181, 
0.0424, 0.0493, 0.0518, 0.0585, 0.105, 0.0925, 0.274, 0.1236, 
0.4237, 0.1112, 0.3281, 165.2, 176.5, 154.1, 199.7, 337.6, 262.3, 
548.8, 332.4, 230.6, 273.3, 618.7, 1, 1584, 2350, 1840, 235, 
140, 266, 641, 106, 204, 1993, 1406, 3, 1, 2, 8, 7, 1, 4, 14, 
11, 1, 100, 100, 100, 100, 100, 100, 100, 100, 100, 100, 100, 
2500, 2500, 2500, 2500, 2500, 2500, 2500, 2500, 2500, 2500, 2500, 
11917.916, 13566.191, 14263.979, 15503.996, 18818.992, 22726.939, 
23064.513, 21452.335, 22849.87, 25854.393, 25855.963, 1, 1, 1, 
1, 1, 1, 1, 1, 1, 1, 1, 0.33333, 0.33333, 0.33333, 0.33333, 0.33333, 
0.33333, 0.33333, 0.33333, 0.33333, 0.33333, 0.33333, 0, 0, 0, 
0, 0, 0, 0, 0, 0, 0, 0, 0, 0, 0, 0, 0, 0, 0, 0, 0, 0, 0, 0.9012, 
0.9021, 0.90299, 0.90778, 0.90913, 0.90562, 0.90587, 0.90723, 
0.90641, 0.90947, 0.90913, 0.9012, 0.9021, 0.90299, 0.90778, 
0.90913, 0.90562, 0.90474, 0.90723, 0.90641, 0.90947, 0.90913, 
0.0408, 0.0472, 0.0518, 0.0631, 0.0717, 0.0841, 0.0945, 0.0902, 
0.108, 0.1175, 0.1266, 126.7, 140.4, 150.7, 162.1, 172.3, 192, 
204.2, 203.1, 220.2, 228.4, 231.7, 1, 1, 1, 1, 1, 1, 1, 1, 1, 
1, 1, 1, 1, 1, 1, 1, 1, 1, 1, 1, 1, 1, 1, 1, 1, 1, 1, 1, 1, 1, 
1, 1, 1, 1, 1, 1, 1, 1, 1, 1, 1, 1, 1, 1, 3.134, 3.237, 3.06, 
3.387, 4.326, 4.605, 4.693, 3.379, 3.692, 3.951, 4.12), .Dim = c(11L, 
40L), .Dimnames = list(NULL, c("Sampling", "PSO.cost", "PSO.gamma", 
"PSO.data.balancing", "PSO.feature.selection", "PSO.valid.acc", 
"PSO.test.acc", "PSO.train.time", "PSO.n.support.vectors", "PSO.index", 
"PSO.n.solutions", "PSO.generations", "PSO.n.evaluations", "PSO.cpu.time", 
"RS.cost", "RS.gamma", "RS.data.balancing", "RS.feature.selection", 
"RS.valid.acc", "RS.test.acc", "RS.train.time", "RS.n.support.vectors", 
"RS.index", "RS.n.solutions", "RS.generations", "RS.n.evaluations", 
"RS.cpu.time", "DF.cost", "DF.gamma", "DF.data.balancing", "DF.feature.selection", 
"DF.valid.acc", "DF.test.acc", "DF.train.time", "DF.n.support.vectors", 
"DF.index", "DF.n.solutions", "DF.generations", "DF.n.evaluations", 
"DF.cpu.time")))
