full <-
structure(c(50, 55, 60, 65, 70, 75, 80, 85, 90, 95, 100, 7.326, 
9.83537, 14.94991, 1, 1, 1, 1, 1, 4.13663, 10.17205, 1, -3.01364, 
-4.28077, -6.85466, 0.33333, 0.33333, 0.33333, 0.33333, 0.33333, 
-13.02094, -3.47164, 0.33333, 0, 0, 0, 0, 0, 0, 0, 0, 0, 0, 0, 
0, 0, 0, 0, 0, 0, 0, 0, 0, 0, 0, 0.90504, 0.90705, 0.91041, 0.91029, 
0.91297, 0.91286, 0.90926, 0.90625, 0.90939, 0.91231, 0.90914, 
0.89224, 0.8939, 0.90441, 0.91029, 0.91297, 0.91286, 0.90926, 
0.90521, 0.90939, 0.90851, 0.90914, 0.0517, 0.1084, 1.9541, 0.0527, 
0.058, 0.0615, 0.0741, 0.0878, 0.0521, 0.656, 0.1187, 106.1, 
108, 115.3, 143.4, 153.2, 158.7, 174.1, 198.2, 124.3, 187.1, 
233.2, 349, 832, 2365, 1, 1, 1, 1, 1, 3, 1048, 1, 65, 86, 1, 
1936, 2117, 2022, 1844, 2028, 2180, 128, 1972, 100, 100, 100, 
100, 100, 100, 100, 100, 100, 100, 100, 2500, 2500, 2500, 2500, 
2500, 2500, 2500, 2500, 2500, 2500, 2500, 7759.449, 12976.37, 
11422.327, 11637.871, 8156.856, 10601.929, 10957.391, 13580.134, 
22972.367, 24165.374, 33573.795, 0.26529, 13.24362, 14.02404, 
-1.94964, 5.95088, 8.4438, -1.07649, 4.66821, 12.60807, 9.9574, 
0.05254, 0.17122, -5.27076, -6.511, 2.85585, -9.72416, -9.02091, 
-3.99901, -4.93291, -12.88856, -3.45498, 1.7377, 0, 0, 0, 0, 
0, 0, 0, 0, 0, 0, 0, 0, 0, 0, 0, 0, 0, 0, 0, 0, 0, 0, 0.90497, 
0.90543, 0.91041, 0.91029, 0.91297, 0.91286, 0.90926, 0.90625, 
0.90939, 0.91231, 0.91092, 0.90306, 0.90046, 0.90441, 0.91029, 
0.91297, 0.91286, 0.90926, 0.90625, 0.90939, 0.91039, 0.90915, 
0.0367, 0.4087, 1.2189, 0.1639, 0.0982, 0.1625, 0.0775, 0.2458, 
0.5911, 0.5847, 0.1961, 151.6, 107.6, 115.4, 473.9, 255.3, 312.1, 
210.6, 291.8, 193.8, 187.1, 468.3, 2084, 197, 1688, 3, 1, 2, 
4, 2, 1, 329, 2298, 1, 7, 1, 1569, 1587, 1575, 1632, 1387, 1494, 
3, 1, 100, 100, 100, 100, 100, 100, 100, 100, 100, 100, 100, 
2500, 2500, 2500, 2500, 2500, 2500, 2500, 2500, 2500, 2500, 2500, 
8704.478, 9282.698, 10403.277, 11254.834, 12554.739, 13117.871, 
16260.457, 20351.124, 19463.672, 22225.294, 25360.337, 1, 1, 
1, 1, 1, 1, 1, 1, 1, 1, 1, 0.33333, 0.33333, 0.33333, 0.33333, 
0.33333, 0.33333, 0.33333, 0.33333, 0.33333, 0.33333, 0.33333, 
0, 0, 0, 0, 0, 0, 0, 0, 0, 0, 0, 0, 0, 0, 0, 0, 0, 0, 0, 0, 0, 
0, 0.89958, 0.90374, 0.90887, 0.91029, 0.91297, 0.91286, 0.90926, 
0.90625, 0.90839, 0.91039, 0.90914, 0.89958, 0.90374, 0.90887, 
0.91029, 0.91297, 0.91286, 0.90926, 0.90521, 0.90939, 0.91039, 
0.90914, 0.0336, 0.0375, 0.0459, 0.0521, 0.0566, 0.0646, 0.0728, 
0.0916, 0.1036, 0.1072, 0.1221, 111.1, 120.5, 128.3, 143.4, 153.2, 
158.7, 174.1, 198.2, 209, 213.5, 233.2, 1, 1, 1, 1, 1, 1, 1, 
1, 1, 1, 1, 1, 1, 1, 1, 1, 1, 1, 1, 1, 1, 1, 1, 1, 1, 1, 1, 1, 
1, 1, 1, 1, 1, 1, 1, 1, 1, 1, 1, 1, 1, 1, 1, 1, 2.679, 2.67, 
2.897, 2.856, 2.864, 2.902, 3.016, 3.355, 3.563, 3.494, 3.696
), .Dim = c(11L, 40L), .Dimnames = list(NULL, c("Sampling", "PSO.cost", 
"PSO.gamma", "PSO.data.balancing", "PSO.feature.selection", "PSO.valid.acc", 
"PSO.test.acc", "PSO.train.time", "PSO.n.support.vectors", "PSO.index", 
"PSO.n.solutions", "PSO.generations", "PSO.n.evaluations", "PSO.cpu.time", 
"RS.cost", "RS.gamma", "RS.data.balancing", "RS.feature.selection", 
"RS.valid.acc", "RS.test.acc", "RS.train.time", "RS.n.support.vectors", 
"RS.index", "RS.n.solutions", "RS.generations", "RS.n.evaluations", 
"RS.cpu.time", "DF.cost", "DF.gamma", "DF.data.balancing", "DF.feature.selection", 
"DF.valid.acc", "DF.test.acc", "DF.train.time", "DF.n.support.vectors", 
"DF.index", "DF.n.solutions", "DF.generations", "DF.n.evaluations", 
"DF.cpu.time")))
