full <-
structure(c(50, 55, 60, 65, 70, 75, 80, 85, 90, 95, 100, 1.0457, 
-0.80101, -0.39728, 1, 0.29034, 0.07352, 0.65105, 0.04005, -0.18927, 
0.60646, 1, 2.65499, 0.45584, 0.78412, 0.33333, 2.76341, 1.04087, 
1.50613, 1.89039, 1.41444, 1.58943, 0.33333, 0, 0, 0, 0, 0, 0, 
0, 0, 0, 0, 0, 0, 0, 0, 0, 0, 0, 0, 0, 0, 0, 0, 0.92117, 0.91514, 
0.91778, 0.9131, 0.91297, 0.91994, 0.92174, 0.91885, 0.91642, 
0.91615, 0.90913, 0.91757, 0.9103, 0.9148, 0.9131, 0.9117, 0.91756, 
0.91951, 0.91567, 0.9134, 0.91237, 0.90913, 0.1281, 0.0413, 0.0513, 
0.0542, 0.2298, 0.0945, 0.1367, 0.1802, 0.1503, 0.189, 0.1387, 
377.3, 150.7, 193.6, 136.8, 505.9, 272, 356.3, 455.5, 378.6, 
415.1, 237.8, 2139, 1371, 384, 1, 1751, 151, 1821, 460, 697, 
427, 1, 19, 6, 327, 2016, 52, 523, 52, 286, 78, 617, 1905, 100, 
100, 100, 100, 100, 100, 100, 100, 100, 100, 100, 2500, 2500, 
2500, 2500, 2500, 2500, 2500, 2500, 2500, 2500, 2500, 8909.589, 
14086.602, 8183.20800000001, 14040.074, 12431.517, 11028.809, 
12428.601, 12906.965, 11753.606, 14841.078, 24621.681, 0.98674, 
14.61629, -0.26338, -1.0356, 0.01478, 0.14835, 0.56708, 0.15584, 
-0.14273, 0.84197, -0.18356, 2.59169, -7.61233, 1.28627, -8.8528, 
1.62266, 0.97688, 1.50624, 1.57148, 2.08154, 1.15489, 1.76514, 
0, 0, 0, 0, 0, 0, 0, 0, 0, 0, 0, 0, 0, 0, 0, 0, 0, 0, 0, 0, 0, 
0, 0.92117, 0.91352, 0.91778, 0.9131, 0.91172, 0.91994, 0.92062, 
0.91885, 0.91542, 0.91428, 0.91093, 0.91578, 0.90868, 0.91631, 
0.9131, 0.91039, 0.91634, 0.91951, 0.91463, 0.9144, 0.9105, 0.91003, 
0.118, 1.587, 0.0706, 0.0354, 0.1153, 0.0883, 0.1336, 0.1604, 
0.235, 0.1417, 0.2213, 372, 109.1, 255.9, 116.4, 353.3, 264, 
359, 391.4, 516.3, 321, 472.1, 1870, 68, 289, 2, 1817, 246, 48, 
1087, 304, 769, 684, 1, 33, 2, 1543, 1, 1, 1, 3, 4, 4, 1, 100, 
100, 100, 100, 100, 100, 100, 100, 100, 100, 100, 2500, 2500, 
2500, 2500, 2500, 2500, 2500, 2500, 2500, 2500, 2500, 8922.832, 
10121.875, 12089.884, 13084.268, 15318.402, 16503.7, 17151.607, 
16602.613, 19245.457, 26710.141, 27231.623, 1, 1, 1, 1, 1, 1, 
1, 1, 1, 1, 1, 0.33333, 0.33333, 0.33333, 0.33333, 0.33333, 0.33333, 
0.33333, 0.33333, 0.33333, 0.33333, 0.33333, 0, 0, 0, 0, 0, 0, 
0, 0, 0, 0, 0, 0, 0, 0, 0, 0, 0, 0, 0, 0, 0, 0, 0.91936, 0.91191, 
0.9148, 0.9131, 0.91044, 0.91283, 0.91497, 0.91464, 0.91242, 
0.91047, 0.90913, 0.91936, 0.91191, 0.9148, 0.9131, 0.91044, 
0.91283, 0.91497, 0.91464, 0.91242, 0.91047, 0.90913, 0.0362, 
0.0385, 0.0463, 0.0534, 0.0636, 0.0717, 0.0732, 0.0839, 0.1046, 
0.1266, 0.1401, 104.7, 124, 124.7, 136.8, 151.1, 163.1, 170.9, 
184.7, 199.9, 222.6, 237.8, 1, 1, 1, 1, 1, 1, 1, 1, 1, 1, 1, 
1, 1, 1, 1, 1, 1, 1, 1, 1, 1, 1, 1, 1, 1, 1, 1, 1, 1, 1, 1, 1, 
1, 1, 1, 1, 1, 1, 1, 1, 1, 1, 1, 1, 2.92, 2.734, 3.706, 3.713, 
3.856, 3.998, 3.048, 3.158, 4.492, 4.806, 5.066), .Dim = c(11L, 
40L), .Dimnames = list(NULL, c("Sampling", "PSO.cost", "PSO.gamma", 
"PSO.data.balancing", "PSO.feature.selection", "PSO.valid.acc", 
"PSO.test.acc", "PSO.train.time", "PSO.n.support.vectors", "PSO.index", 
"PSO.n.solutions", "PSO.generations", "PSO.n.evaluations", "PSO.cpu.time", 
"RS.cost", "RS.gamma", "RS.data.balancing", "RS.feature.selection", 
"RS.valid.acc", "RS.test.acc", "RS.train.time", "RS.n.support.vectors", 
"RS.index", "RS.n.solutions", "RS.generations", "RS.n.evaluations", 
"RS.cpu.time", "DF.cost", "DF.gamma", "DF.data.balancing", "DF.feature.selection", 
"DF.valid.acc", "DF.test.acc", "DF.train.time", "DF.n.support.vectors", 
"DF.index", "DF.n.solutions", "DF.generations", "DF.n.evaluations", 
"DF.cpu.time")))
