full <-
structure(c(50, 55, 60, 65, 70, 75, 80, 85, 90, 95, 100, 0.12473, 
0.50113, 1.40242, 0.20779, 0.35062, -0.00605, 6.56711, 0.00151, 
1, 0.46021, 0.18644, -0.24967, 1.01571, 0.34511, 0.34824, 0.12242, 
-0.01842, -3.18312, 2.24497, 0.33333, 1.80813, 1.4273, 0, 0, 
0, 0, 0, 0, 0, 0, 0, 0, 0, 0, 0, 0, 0, 0, 0, 0, 0, 0, 0, 0, 0.91033, 
0.91195, 0.9106, 0.91038, 0.91288, 0.9104, 0.90933, 0.90936, 
0.90641, 0.91044, 0.91544, 0.90488, 0.90703, 0.9046, 0.91173, 
0.90905, 0.90563, 0.90146, 0.90936, 0.90641, 0.91043, 0.91362, 
0.0311, 0.0494, 0.0514, 0.0604, 0.0602, 0.0636, 0.1419, 0.2069, 
0.1036, 0.1891, 0.1629, 124, 206, 167.2, 190.9, 196.9, 200, 169.8, 
505, 221.2, 464.3, 396.5, 448, 157, 1737, 1517, 286, 1955, 132, 
231, 1, 1971, 418, 143, 149, 21, 43, 404, 1, 105, 588, 1864, 
2, 505, 100, 100, 100, 100, 100, 100, 100, 100, 100, 100, 100, 
2500, 2500, 2500, 2500, 2500, 2500, 2500, 2500, 2500, 2500, 2500, 
7175.655, 7285.715, 10693.473, 9211.98899999999, 7798.549, 10422.911, 
12445.803, 12464.24, 16745.562, 20036.502, 15394.148, 0.1045, 
0.71381, 0.53029, 8.45441, 0.31147, -0.28809, 5.84414, 0.3717, 
-0.04702, 0.68456, 0.14798, -0.35083, 0.52366, 1.43994, -2.23594, 
0.18964, 0.68017, -2.90896, 1.66871, 1.35217, 1.27904, 1.73003, 
0, 0, 0, 0, 0, 0, 0, 0, 0, 0, 0, 0, 0, 0, 0, 0, 0, 0, 0, 0, 0, 
0, 0.91033, 0.91192, 0.91057, 0.91042, 0.91288, 0.90922, 0.90933, 
0.9083, 0.9074, 0.90856, 0.91544, 0.90488, 0.90861, 0.90899, 
0.90774, 0.91033, 0.9045, 0.90146, 0.9083, 0.90641, 0.91044, 
0.91272, 0.0309, 0.0435, 0.0744, 0.1015, 0.0599, 0.0789, 0.1279, 
0.1474, 0.141, 0.1365, 0.1995, 121.3, 165, 262.5, 141.9, 198.5, 
235.9, 173.7, 395.2, 354.3, 345.1, 465.3, 147, 583, 1129, 1181, 
507, 2337, 1257, 249, 649, 2184, 1116, 1, 2, 1, 2, 2, 1, 1, 1, 
2, 1, 1, 100, 100, 100, 100, 100, 100, 100, 100, 100, 100, 100, 
2500, 2500, 2500, 2500, 2500, 2500, 2500, 2500, 2500, 2500, 2500, 
8243.174, 10201.901, 11862.159, 12107.596, 12576.698, 15332.626, 
16720.298, 17823.623, 21650.563, 24442.564, 28562.765, 1, 1, 
1, 1, 1, 1, 1, 1, 1, 1, 1, 0.33333, 0.33333, 0.33333, 0.33333, 
0.33333, 0.33333, 0.33333, 0.33333, 0.33333, 0.33333, 0.33333, 
0, 0, 0, 0, 0, 0, 0, 0, 0, 0, 0, 0, 0, 0, 0, 0, 0, 0, 0, 0, 0, 
0, 0.90845, 0.90533, 0.9, 0.90625, 0.90775, 0.90685, 0.90707, 
0.90723, 0.90641, 0.90854, 0.90911, 0.90845, 0.90533, 0.9, 0.90625, 
0.90647, 0.90685, 0.90707, 0.90723, 0.90641, 0.90854, 0.90911, 
0.0313, 0.0427, 0.0519, 0.0503, 0.062, 0.0682, 0.0774, 0.089, 
0.1097, 0.1158, 0.1269, 113.6, 130.9, 145.8, 148, 164.6, 179.4, 
191.6, 204.8, 221.2, 230.8, 238, 1, 1, 1, 1, 1, 1, 1, 1, 1, 1, 
1, 1, 1, 1, 1, 1, 1, 1, 1, 1, 1, 1, 1, 1, 1, 1, 1, 1, 1, 1, 1, 
1, 1, 1, 1, 1, 1, 1, 1, 1, 1, 1, 1, 1, 2.424, 3.083, 3.192, 2.723, 
2.921, 2.871, 2.943, 3.313, 3.813, 3.671, 3.905), .Dim = c(11L, 
40L), .Dimnames = list(NULL, c("Sampling", "PSO.cost", "PSO.gamma", 
"PSO.data.balancing", "PSO.feature.selection", "PSO.valid.acc", 
"PSO.test.acc", "PSO.train.time", "PSO.n.support.vectors", "PSO.index", 
"PSO.n.solutions", "PSO.generations", "PSO.n.evaluations", "PSO.cpu.time", 
"RS.cost", "RS.gamma", "RS.data.balancing", "RS.feature.selection", 
"RS.valid.acc", "RS.test.acc", "RS.train.time", "RS.n.support.vectors", 
"RS.index", "RS.n.solutions", "RS.generations", "RS.n.evaluations", 
"RS.cpu.time", "DF.cost", "DF.gamma", "DF.data.balancing", "DF.feature.selection", 
"DF.valid.acc", "DF.test.acc", "DF.train.time", "DF.n.support.vectors", 
"DF.index", "DF.n.solutions", "DF.generations", "DF.n.evaluations", 
"DF.cpu.time")))
