full <-
structure(c(50, 55, 60, 65, 70, 75, 80, 85, 90, 95, 100, 1.65721, 
0.63037, 0.86688, 0.42988, -0.09324, 0.79018, 0.82341, 0.15486, 
0.04399, -0.06266, 0.54504, 0.21747, 0.45359, 1.79877, 3, 2.82175, 
1.47913, 0.8181, 2.00512, 1.97389, 1.76201, 1.16762, 0, 0, 0, 
0, 0, 0, 0, 0, 0, 0, 0, 0, 0, 0, 0, 0, 0, 0, 0, 0, 0, 0, 0.90473, 
0.91194, 0.91478, 0.91593, 0.91681, 0.91526, 0.91598, 0.91149, 
0.91235, 0.91138, 0.91362, 0.89746, 0.90375, 0.91327, 0.91458, 
0.91555, 0.91041, 0.91041, 0.91046, 0.91038, 0.90851, 0.91003, 
0.0365, 0.0411, 0.0867, 0.1985, 0.2073, 0.1033, 0.085, 0.1645, 
0.1782, 0.1683, 0.1263, 138.2, 163.1, 335.3, 485.7, 505.9, 334, 
260.2, 478.3, 488.7, 464.1, 338.1, 2385, 1585, 1732, 360, 1057, 
1236, 535, 249, 771, 303, 2382, 2, 14, 41, 534, 231, 99, 271, 
619, 137, 414, 2, 100, 100, 100, 100, 100, 100, 100, 100, 100, 
100, 100, 2500, 2500, 2500, 2500, 2500, 2500, 2500, 2500, 2500, 
2500, 2500, 11882.658, 8406.849, 7662.548, 10952.16, 10173.22, 
11270.531, 10477.25, 12193.696, 14981.802, 15821.923, 18740.463, 
1.7646, 1.49498, 0.98617, -0.18843, -0.03236, 0.21414, 0.6884, 
-0.15514, 0.0065, -0.36423, -0.34423, 0.09137, 0.73608, 1.69822, 
2.40062, 2.87446, 1.69256, 1.19296, 1.79226, 2.79136, 1.69371, 
2.04516, 0, 0, 0, 0, 0, 0, 0, 0, 0, 0, 0, 0, 0, 0, 0, 0, 0, 0, 
0, 0, 0, 0, 0.90473, 0.91033, 0.9118, 0.91454, 0.91681, 0.91409, 
0.91484, 0.91042, 0.91136, 0.91044, 0.91092, 0.90106, 0.90533, 
0.91024, 0.91454, 0.91555, 0.91284, 0.9104, 0.9115, 0.90938, 
0.90758, 0.91091, 0.0351, 0.042, 0.0839, 0.1345, 0.2022, 0.1174, 
0.1029, 0.1459, 0.292, 0.1623, 0.2089, 134.8, 164.4, 319.1, 433.9, 
511.5, 376.4, 312.3, 437.6, 622.9, 444.3, 534.6, 1407, 2073, 
837, 770, 1811, 2269, 248, 929, 855, 1, 683, 1, 2, 2, 5, 2, 1, 
4, 6, 1, 4, 7, 100, 100, 100, 100, 100, 100, 100, 100, 100, 100, 
100, 2500, 2500, 2500, 2500, 2500, 2500, 2500, 2500, 2500, 2500, 
2500, 10703.212, 11550.215, 11934.032, 12078.349, 13781.767, 
15235.604, 17332.505, 20080.564, 20039.326, 23950.379, 25948.175, 
1, 1, 1, 1, 1, 1, 1, 1, 1, 1, 1, 0.33333, 0.33333, 0.33333, 0.33333, 
0.33333, 0.33333, 0.33333, 0.33333, 0.33333, 0.33333, 0.33333, 
0, 0, 0, 0, 0, 0, 0, 0, 0, 0, 0, 0, 0, 0, 0, 0, 0, 0, 0, 0, 0, 
0, 0.90116, 0.90208, 0.90279, 0.90897, 0.91042, 0.90808, 0.90698, 
0.90621, 0.90841, 0.90664, 0.90911, 0.90116, 0.90208, 0.90426, 
0.90897, 0.9117, 0.90928, 0.90698, 0.90621, 0.90841, 0.90664, 
0.90911, 0.0366, 0.0396, 0.0462, 0.0511, 0.0583, 0.0691, 0.0803, 
0.0887, 0.0946, 0.1082, 0.112, 127.2, 137.3, 141.6, 148.2, 160.5, 
176.3, 198, 199.2, 212.5, 230.5, 236.1, 1, 1, 1, 1, 1, 1, 1, 
1, 1, 1, 1, 1, 1, 1, 1, 1, 1, 1, 1, 1, 1, 1, 1, 1, 1, 1, 1, 1, 
1, 1, 1, 1, 1, 1, 1, 1, 1, 1, 1, 1, 1, 1, 1, 1, 2.776, 2.517, 
2.824, 2.924, 3.018, 3.433, 3.235, 3.582, 3.346, 3.726, 3.277
), .Dim = c(11L, 40L), .Dimnames = list(NULL, c("Sampling", "PSO.cost", 
"PSO.gamma", "PSO.data.balancing", "PSO.feature.selection", "PSO.valid.acc", 
"PSO.test.acc", "PSO.train.time", "PSO.n.support.vectors", "PSO.index", 
"PSO.n.solutions", "PSO.generations", "PSO.n.evaluations", "PSO.cpu.time", 
"RS.cost", "RS.gamma", "RS.data.balancing", "RS.feature.selection", 
"RS.valid.acc", "RS.test.acc", "RS.train.time", "RS.n.support.vectors", 
"RS.index", "RS.n.solutions", "RS.generations", "RS.n.evaluations", 
"RS.cpu.time", "DF.cost", "DF.gamma", "DF.data.balancing", "DF.feature.selection", 
"DF.valid.acc", "DF.test.acc", "DF.train.time", "DF.n.support.vectors", 
"DF.index", "DF.n.solutions", "DF.generations", "DF.n.evaluations", 
"DF.cpu.time")))
