full <-
structure(c(50, 55, 60, 65, 70, 75, 80, 85, 90, 95, 100, 9.87249, 
1.12233, 0.43811, 0.35075, 0.02303, 0.17474, 0.27058, 9.31011, 
0.3108, -0.16899, 0.03868, -14.16949, -0.13066, 0.49914, 1.06333, 
0.68412, 1.8431, -0.14842, -2.77449, 1.76459, 1.5297, 1.85023, 
0, 0, 0, 0, 0, 0, 0, 0, 0, 0, 0, 0, 0, 0, 0, 0, 0, 0, 0, 0, 0, 
0, 0.91758, 0.92334, 0.92087, 0.91865, 0.92451, 0.91748, 0.91714, 
0.91671, 0.91636, 0.91417, 0.91271, 0.91758, 0.91673, 0.91935, 
0.91723, 0.92324, 0.9139, 0.91601, 0.90613, 0.91537, 0.91322, 
0.91091, 0.0704, 0.0398, 0.0551, 0.0777, 0.0779, 0.1449, 0.0751, 
0.2515, 0.1668, 0.1519, 0.2014, 135.2, 135.9, 192.9, 254, 235.1, 
404.5, 192, 165.5, 440.2, 394.3, 493.3, 5, 877, 203, 536, 1371, 
627, 1158, 1345, 437, 778, 473, 2236, 70, 253, 236, 160, 91, 
108, 1, 242, 83, 217, 100, 100, 100, 100, 100, 100, 100, 100, 
100, 100, 100, 2500, 2500, 2500, 2500, 2500, 2500, 2500, 2500, 
2500, 2500, 2500, 8119.326, 8046.542, 7995.8, 8867.282, 9981.224, 
9745.93399999999, 10812.461, 21079.149, 11783.853, 24458.488, 
20980.351, -0.17788, 1.50996, 0.52361, 0.43081, -0.07692, 0.41323, 
0.13592, 7.43841, 0.1988, 0.44933, 0.02283, 2.52161, -0.0878, 
0.23146, 1.05299, 1.90063, 1.41815, -0.13093, -2.24448, 0.80947, 
2.78233, 1.82708, 0, 0, 0, 0, 0, 0, 0, 0, 0, 0, 0, 0, 0, 0, 0, 
0, 0, 0, 0, 0, 0, 0, 0.92112, 0.92329, 0.9194, 0.91865, 0.92196, 
0.91629, 0.91601, 0.91564, 0.91536, 0.91325, 0.91271, 0.92115, 
0.91673, 0.91933, 0.91723, 0.92191, 0.91391, 0.91601, 0.90508, 
0.91336, 0.90853, 0.91091, 0.1172, 0.0406, 0.0514, 0.077, 0.1396, 
0.1134, 0.0734, 0.1489, 0.0997, 0.344, 0.2269, 369.4, 132, 172.7, 
251.9, 396.6, 327.1, 192.5, 166.3, 265.6, 647.4, 491.2, 931, 
16, 2463, 226, 120, 26, 751, 1771, 2077, 696, 1557, 1, 5, 1, 
1, 2, 5, 3, 2, 1, 1, 2, 100, 100, 100, 100, 100, 100, 100, 100, 
100, 100, 100, 2500, 2500, 2500, 2500, 2500, 2500, 2500, 2500, 
2500, 2500, 2500, 9252.569, 9848.364, 10782.634, 11105.731, 12027.332, 
13986.588, 15440.17, 16395.833, 18672.67, 21869.77, 25415.102, 
1, 1, 1, 1, 1, 1, 1, 1, 1, 1, 1, 0.33333, 0.33333, 0.33333, 0.33333, 
0.33333, 0.33333, 0.33333, 0.33333, 0.33333, 0.33333, 0.33333, 
0, 0, 0, 0, 0, 0, 0, 0, 0, 0, 0, 0, 0, 0, 0, 0, 0, 0, 0, 0, 0, 
0, 0.91579, 0.91681, 0.91194, 0.91037, 0.91292, 0.9115, 0.91263, 
0.91147, 0.91038, 0.91039, 0.90911, 0.91758, 0.91681, 0.91194, 
0.91037, 0.91292, 0.9115, 0.91263, 0.91147, 0.91038, 0.91039, 
0.90911, 0.0315, 0.0359, 0.0445, 0.0492, 0.0536, 0.0653, 0.0723, 
0.0774, 0.0952, 0.1059, 0.1255, 100.4, 108.8, 125.9, 133.9, 138.7, 
154.8, 161.5, 177.9, 191.4, 210.2, 239.2, 1, 1, 1, 1, 1, 1, 1, 
1, 1, 1, 1, 1, 1, 1, 1, 1, 1, 1, 1, 1, 1, 1, 1, 1, 1, 1, 1, 1, 
1, 1, 1, 1, 1, 1, 1, 1, 1, 1, 1, 1, 1, 1, 1, 1, 2.877, 2.749, 
2.939, 2.92, 2.941, 3.166, 3.304, 3.155, 3.585, 3.517, 3.772), .Dim = c(11L, 
40L), .Dimnames = list(NULL, c("Sampling", "PSO.cost", "PSO.gamma", 
"PSO.data.balancing", "PSO.feature.selection", "PSO.valid.acc", 
"PSO.test.acc", "PSO.train.time", "PSO.n.support.vectors", "PSO.index", 
"PSO.n.solutions", "PSO.generations", "PSO.n.evaluations", "PSO.cpu.time", 
"RS.cost", "RS.gamma", "RS.data.balancing", "RS.feature.selection", 
"RS.valid.acc", "RS.test.acc", "RS.train.time", "RS.n.support.vectors", 
"RS.index", "RS.n.solutions", "RS.generations", "RS.n.evaluations", 
"RS.cpu.time", "DF.cost", "DF.gamma", "DF.data.balancing", "DF.feature.selection", 
"DF.valid.acc", "DF.test.acc", "DF.train.time", "DF.n.support.vectors", 
"DF.index", "DF.n.solutions", "DF.generations", "DF.n.evaluations", 
"DF.cpu.time")))
