full <-
structure(c(50, 55, 60, 65, 70, 75, 80, 85, 90, 95, 100, 1, 1, 
1, 0.01683, 1, 1, 1, 0.44, 1.0517, 0.00238, -0.08532, 0.33333, 
0.33333, 0.33333, 2.98706, 0.33333, 0.33333, 0.33333, 3, 1.01481, 
2.72374, 2.44181, 0, 0, 0, 0, 0, 0, 0, 0, 0, 0, 0, 0, 0, 0, 0, 
0, 0, 0, 0, 0, 0, 0, 0.90482, 0.90208, 0.90578, 0.90618, 0.90778, 
0.90676, 0.9048, 0.90728, 0.90639, 0.91037, 0.91273, 0.90482, 
0.90208, 0.90578, 0.9034, 0.90778, 0.90676, 0.9048, 0.90727, 
0.90141, 0.90942, 0.91092, 0.0371, 0.0395, 0.0478, 0.2169, 0.0668, 
0.0772, 0.0791, 0.3321, 0.1013, 0.3516, 0.32, 120.8, 130.8, 139.6, 
495.2, 175.7, 196, 198, 618, 279, 638, 619.2, 1, 1, 1, 734, 1, 
1, 1, 159, 1779, 1046, 206, 1833, 1930, 1995, 42, 2070, 1858, 
2058, 563, 24, 141, 270, 100, 100, 100, 100, 100, 100, 100, 100, 
100, 100, 100, 2500, 2500, 2500, 2500, 2500, 2500, 2500, 2500, 
2500, 2500, 2500, 7993.475, 9162.925, 9748.739, 12992.712, 10086.468, 
15273.151, 13480.7, 12107.945, 24287.532, 19144.511, 16766.4939999999, 
0.33101, 9.22126, 10.44995, 12.90189, 1.69825, 9.62001, 4.02967, 
0.15677, 0.58394, 0.02511, -0.19022, -5.69074, -14.39899, -12.22833, 
-6.02446, -3.57625, -10.99703, -14.6658, 0.93421, 1.51509, 1.43786, 
1.32201, 0, 0, 0, 0, 0, 0, 0, 0, 0, 0, 0, 0, 0, 0, 0, 0, 0, 0, 
0, 0, 0, 0, 0.90482, 0.90208, 0.90578, 0.90753, 0.90778, 0.90676, 
0.9048, 0.90624, 0.90639, 0.90943, 0.91183, 0.90482, 0.90208, 
0.90578, 0.9034, 0.90778, 0.90676, 0.9048, 0.90729, 0.90042, 
0.90942, 0.91001, 0.0407, 0.0556, 0.1772, 1.807, 0.0935, 0.2149, 
0.0405, 0.1002, 0.1519, 0.1583, 0.1518, 156.8, 135.9, 227.7, 
145.3, 216.4, 340.9, 111.8, 275.9, 376.2, 378.3, 375.9, 1, 4, 
1, 69, 2, 1, 2, 1708, 1394, 2269, 175, 1373, 1330, 1463, 1, 1484, 
1634, 1468, 1, 1, 1, 3, 100, 100, 100, 100, 100, 100, 100, 100, 
100, 100, 100, 2500, 2500, 2500, 2500, 2500, 2500, 2500, 2500, 
2500, 2500, 2500, 9615.601, 10973.998, 11162.878, 13651.076, 
14525.335, 16844.79, 17635.275, 19678.137, 20483.646, 20792.192, 
26041.597, 1, 1, 1, 1, 1, 1, 1, 1, 1, 1, 1, 0.33333, 0.33333, 
0.33333, 0.33333, 0.33333, 0.33333, 0.33333, 0.33333, 0.33333, 
0.33333, 0.33333, 0, 0, 0, 0, 0, 0, 0, 0, 0, 0, 0, 0, 0, 0, 0, 
0, 0, 0, 0, 0, 0, 0, 0.90482, 0.90208, 0.90578, 0.90616, 0.90778, 
0.90676, 0.9048, 0.90622, 0.90541, 0.90756, 0.90911, 0.90482, 
0.90208, 0.90578, 0.90616, 0.90778, 0.90676, 0.9048, 0.90622, 
0.90541, 0.90756, 0.90911, 0.0348, 0.0428, 0.0491, 0.0583, 0.0653, 
0.0777, 0.0798, 0.09, 0.1011, 0.1104, 0.1303, 120.8, 130.8, 139.6, 
159.8, 175.7, 196, 198, 207.1, 215.5, 226.7, 241.1, 1, 1, 1, 
1, 1, 1, 1, 1, 1, 1, 1, 1, 1, 1, 1, 1, 1, 1, 1, 1, 1, 1, 1, 1, 
1, 1, 1, 1, 1, 1, 1, 1, 1, 1, 1, 1, 1, 1, 1, 1, 1, 1, 1, 1, 2.832, 
2.95, 2.977, 2.94, 2.981, 3.046, 3.067, 3.274, 3.37, 3.52, 3.718
), .Dim = c(11L, 40L), .Dimnames = list(NULL, c("Sampling", "PSO.cost", 
"PSO.gamma", "PSO.data.balancing", "PSO.feature.selection", "PSO.valid.acc", 
"PSO.test.acc", "PSO.train.time", "PSO.n.support.vectors", "PSO.index", 
"PSO.n.solutions", "PSO.generations", "PSO.n.evaluations", "PSO.cpu.time", 
"RS.cost", "RS.gamma", "RS.data.balancing", "RS.feature.selection", 
"RS.valid.acc", "RS.test.acc", "RS.train.time", "RS.n.support.vectors", 
"RS.index", "RS.n.solutions", "RS.generations", "RS.n.evaluations", 
"RS.cpu.time", "DF.cost", "DF.gamma", "DF.data.balancing", "DF.feature.selection", 
"DF.valid.acc", "DF.test.acc", "DF.train.time", "DF.n.support.vectors", 
"DF.index", "DF.n.solutions", "DF.generations", "DF.n.evaluations", 
"DF.cpu.time")))
