full <-
structure(c(50, 55, 60, 65, 70, 75, 80, 85, 90, 95, 100, 0.44772, 
4.04611, -0.42306, 0.7939, 0.46503, 0.48668, 0.34723, 0.1711, 
0.23053, -0.26579, 0.46698, 0.79292, -1.56015, 3, 0.93514, 1.6774, 
2.00627, 2.06096, 1.39321, 1.0749, 1.97711, 0.94557, 0, 0, 0, 
0, 0, 0, 0, 0, 0, 0, 0, 0, 0, 0, 0, 0, 0, 0, 0, 0, 0, 0, 0.90493, 
0.90861, 0.90878, 0.91459, 0.92069, 0.91392, 0.91937, 0.91891, 
0.9154, 0.91416, 0.9118, 0.89768, 0.89547, 0.90729, 0.91317, 
0.91809, 0.9115, 0.91823, 0.91462, 0.9134, 0.91228, 0.91, 0.044, 
0.0445, 0.1671, 0.0635, 0.1037, 0.1415, 0.1641, 0.1288, 0.1134, 
0.2108, 0.1269, 189.1, 124.6, 464.5, 223, 353.6, 429, 465.5, 
344, 306, 498.5, 299.9, 1114, 2176, 1471, 510, 1660, 663, 225, 
411, 542, 261, 101, 77, 10, 82, 59, 3, 240, 1049, 281, 607, 456, 
274, 100, 100, 100, 100, 100, 100, 100, 100, 100, 100, 100, 2500, 
2500, 2500, 2500, 2500, 2500, 2500, 2500, 2500, 2500, 2500, 8744.036, 
8233.867, 9020.279, 11277.11, 11318.145, 10131.94, 11160.075, 
12336.526, 12960.734, 19986.993, 17850.411, 3.19587, -0.24129, 
-0.5089, -0.00949, 0.66685, 0.34089, 0.25616, 0.14642, -0.0159, 
0.01794, 0.37391, -2.93227, 1.95132, 2.79134, 1.29094, 1.05234, 
1.86411, 2.04602, 2.01715, 2.04548, 1.76589, 1.44277, 0, 0, 0, 
0, 0, 0, 0, 0, 0, 0, 0, 0, 0, 0, 0, 0, 0, 0, 0, 0, 0, 0, 0.90483, 
0.90697, 0.90878, 0.91318, 0.91942, 0.91273, 0.91937, 0.91891, 
0.91539, 0.91415, 0.9109, 0.90122, 0.90369, 0.90729, 0.91182, 
0.91686, 0.9115, 0.91937, 0.91994, 0.9114, 0.91131, 0.91, 0.048, 
0.0907, 0.1624, 0.0759, 0.0703, 0.1314, 0.1697, 0.1899, 0.2115, 
0.1905, 0.1719, 124.4, 346.6, 449.8, 278.5, 242.3, 407, 461.3, 
473.1, 504.4, 454.4, 393.7, 537, 1451, 184, 1368, 2187, 1676, 
1984, 583, 400, 319, 1882, 8, 1, 4, 1, 1, 2, 2, 1, 1, 3, 2, 100, 
100, 100, 100, 100, 100, 100, 100, 100, 100, 100, 2500, 2500, 
2500, 2500, 2500, 2500, 2500, 2500, 2500, 2500, 2500, 9586.707, 
10376.905, 11672.418, 13481.416, 14581.478, 17615.225, 19786.347, 
20633.541, 23002.806, 23893.413, 25811.614, 1, 1, 1, 1, 1, 1, 
1, 1, 1, 1, 1, 0.33333, 0.33333, 0.33333, 0.33333, 0.33333, 0.33333, 
0.33333, 0.33333, 0.33333, 0.33333, 0.33333, 0, 0, 0, 0, 0, 0, 
0, 0, 0, 0, 0, 0, 0, 0, 0, 0, 0, 0, 0, 0, 0, 0, 0.90301, 0.90369, 
0.90729, 0.91182, 0.91553, 0.90915, 0.91039, 0.91255, 0.9114, 
0.90946, 0.9091, 0.90301, 0.90369, 0.90729, 0.91182, 0.91553, 
0.90915, 0.91039, 0.91255, 0.9114, 0.90946, 0.9091, 0.0375, 0.0402, 
0.0464, 0.0536, 0.0594, 0.0744, 0.0844, 0.0919, 0.1076, 0.1109, 
0.126, 129.7, 131.5, 139.3, 147.7, 153.4, 181, 189.8, 201, 212.7, 
228.7, 240.2, 1, 1, 1, 1, 1, 1, 1, 1, 1, 1, 1, 1, 1, 1, 1, 1, 
1, 1, 1, 1, 1, 1, 1, 1, 1, 1, 1, 1, 1, 1, 1, 1, 1, 1, 1, 1, 1, 
1, 1, 1, 1, 1, 1, 1, 2.664, 2.73, 2.755, 2.868, 2.96, 3.165, 
3.374, 3.385, 3.496, 3.506, 3.682), .Dim = c(11L, 40L), .Dimnames = list(
    NULL, c("Sampling", "PSO.cost", "PSO.gamma", "PSO.data.balancing", 
    "PSO.feature.selection", "PSO.valid.acc", "PSO.test.acc", 
    "PSO.train.time", "PSO.n.support.vectors", "PSO.index", "PSO.n.solutions", 
    "PSO.generations", "PSO.n.evaluations", "PSO.cpu.time", "RS.cost", 
    "RS.gamma", "RS.data.balancing", "RS.feature.selection", 
    "RS.valid.acc", "RS.test.acc", "RS.train.time", "RS.n.support.vectors", 
    "RS.index", "RS.n.solutions", "RS.generations", "RS.n.evaluations", 
    "RS.cpu.time", "DF.cost", "DF.gamma", "DF.data.balancing", 
    "DF.feature.selection", "DF.valid.acc", "DF.test.acc", "DF.train.time", 
    "DF.n.support.vectors", "DF.index", "DF.n.solutions", "DF.generations", 
    "DF.n.evaluations", "DF.cpu.time")))
