full <-
structure(c(50, 55, 60, 65, 70, 75, 80, 85, 90, 95, 100, 1, 1, 
3.91407, 3.9661, 0.01321, 14.34264, -0.39498, 0.27136, 0.3763, 
0.46664, 0.41813, 0.33333, 0.33333, -1.91375, -1.37977, 0.66346, 
-13.70504, 1.62535, 3, 1.05817, 1.18728, 0.34359, 0, 0, 0, 0, 
0, 0, 0, 0, 0, 0, 0, 0, 0, 0, 0, 0, 0, 0, 0, 0, 0, 0, 0.90295, 
0.90697, 0.903, 0.90752, 0.90903, 0.90559, 0.9071, 0.90622, 0.9114, 
0.90948, 0.91276, 0.90295, 0.90697, 0.90153, 0.89927, 0.90523, 
0.90559, 0.9071, 0.90512, 0.90838, 0.90662, 0.90915, 0.0382, 
0.0426, 0.0591, 0.0649, 0.0744, 0.404, 0.1448, 0.3627, 0.1248, 
0.145, 0.1108, 121.8, 130.5, 137.7, 150.3, 227.9, 133.9, 397.7, 
621.3, 316.6, 344.3, 253.4, 1, 1, 1347, 621, 1646, 2, 1326, 1196, 
481, 317, 1740, 1681, 1823, 3, 61, 72, 2170, 39, 46, 747, 253, 
19, 100, 100, 100, 100, 100, 100, 100, 100, 100, 100, 100, 2500, 
2500, 2500, 2500, 2500, 2500, 2500, 2500, 2500, 2500, 2500, 9159.417, 
9174.096, 8876.671, 8837.111, 10286.73, 14772.303, 16696.069, 
11724.152, 11186.866, 12010.746, 12956.717, -0.08199, 7.0374, 
4.32736, 6.36955, -0.15762, 0.0151, -0.06893, 0.15839, 0.4695, 
0.55553, 0.50867, -9.67701, -5.7788, -2.08204, -2.44605, 1.43631, 
1.44484, 1.24297, 2.75701, 1.0576, 1.07773, 1.64589, 0, 0, 0, 
0, 0, 0, 0, 0, 0, 0, 0, 0, 0, 0, 0, 0, 0, 0, 0, 0, 0, 0, 0.90295, 
0.90697, 0.903, 0.90752, 0.90776, 0.90561, 0.9082, 0.90619, 0.9114, 
0.90853, 0.91274, 0.90295, 0.90697, 0.90153, 0.90066, 0.90649, 
0.90557, 0.90821, 0.90725, 0.90838, 0.90567, 0.91276, 0.0261, 
0.1658, 0.0611, 0.0891, 0.1069, 0.1196, 0.1194, 0.3187, 0.1308, 
0.1271, 0.1815, 96.7, 183, 136.8, 146.2, 330.1, 349.8, 330.7, 
593.8, 315.7, 320.8, 448.7, 1, 1, 605, 694, 1370, 507, 2111, 
833, 1077, 1063, 425, 1321, 1505, 2, 1, 6, 6, 1, 2, 1, 5, 1, 
100, 100, 100, 100, 100, 100, 100, 100, 100, 100, 100, 2500, 
2500, 2500, 2500, 2500, 2500, 2500, 2500, 2500, 2500, 2500, 9776.614, 
10832.944, 11471.242, 12595.177, 14042.07, 15157.046, 17985.032, 
19900.586, 21763.787, 23045.427, 25624.509, 1, 1, 1, 1, 1, 1, 
1, 1, 1, 1, 1, 0.33333, 0.33333, 0.33333, 0.33333, 0.33333, 0.33333, 
0.33333, 0.33333, 0.33333, 0.33333, 0.33333, 0, 0, 0, 0, 0, 0, 
0, 0, 0, 0, 0, 0, 0, 0, 0, 0, 0, 0, 0, 0, 0, 0, 0.90295, 0.90697, 
0.90144, 0.90066, 0.90523, 0.90439, 0.90597, 0.903, 0.90543, 
0.90569, 0.90913, 0.90295, 0.90697, 0.89992, 0.90066, 0.90523, 
0.90439, 0.90597, 0.90407, 0.90543, 0.90569, 0.90913, 0.0369, 
0.0424, 0.0504, 0.0591, 0.0629, 0.0748, 0.0854, 0.0921, 0.1097, 
0.1106, 0.1193, 121.8, 130.5, 148.7, 159, 165, 181.1, 194.5, 
205.4, 219.7, 229.6, 236.6, 1, 1, 1, 1, 1, 1, 1, 1, 1, 1, 1, 
1, 1, 1, 1, 1, 1, 1, 1, 1, 1, 1, 1, 1, 1, 1, 1, 1, 1, 1, 1, 1, 
1, 1, 1, 1, 1, 1, 1, 1, 1, 1, 1, 1, 2.855, 2.93, 3.025, 3.08, 
3.135, 3.253, 3.351, 3.366, 3.732, 3.535, 3.534), .Dim = c(11L, 
40L), .Dimnames = list(NULL, c("Sampling", "PSO.cost", "PSO.gamma", 
"PSO.data.balancing", "PSO.feature.selection", "PSO.valid.acc", 
"PSO.test.acc", "PSO.train.time", "PSO.n.support.vectors", "PSO.index", 
"PSO.n.solutions", "PSO.generations", "PSO.n.evaluations", "PSO.cpu.time", 
"RS.cost", "RS.gamma", "RS.data.balancing", "RS.feature.selection", 
"RS.valid.acc", "RS.test.acc", "RS.train.time", "RS.n.support.vectors", 
"RS.index", "RS.n.solutions", "RS.generations", "RS.n.evaluations", 
"RS.cpu.time", "DF.cost", "DF.gamma", "DF.data.balancing", "DF.feature.selection", 
"DF.valid.acc", "DF.test.acc", "DF.train.time", "DF.n.support.vectors", 
"DF.index", "DF.n.solutions", "DF.generations", "DF.n.evaluations", 
"DF.cpu.time")))
