full <-
structure(c(50, 55, 60, 65, 70, 75, 80, 85, 90, 95, 100, 0.47881, 
1, 0.05325, 0.05416, 0.16803, 1, 0.13706, 0.3939, -0.06882, 0.37624, 
0.26405, 0.118, 0.33333, 1.73768, 2.80623, 1.45456, 0.33333, 
2.39312, 1.4039, 1.26081, 3, 0.31682, 0, 0, 0, 0, 0, 0, 0, 0, 
0, 0, 0, 0, 0, 0, 0, 0, 0, 0, 0, 0, 0, 0, 0.91735, 0.9135, 0.91038, 
0.91176, 0.91551, 0.90679, 0.90818, 0.90724, 0.90943, 0.90952, 
0.91272, 0.91365, 0.9135, 0.90579, 0.91039, 0.91679, 0.90679, 
0.90589, 0.90404, 0.90744, 0.90858, 0.90821, 0.0351, 0.0392, 
0.0894, 0.199, 0.0935, 0.0724, 0.1904, 0.1291, 0.1255, 0.4006, 
0.112, 134.3, 119, 321.5, 473.3, 302.8, 179, 503, 353.1, 332, 
679, 249.3, 402, 1, 1690, 207, 2030, 1, 1278, 2339, 1264, 923, 
187, 143, 1873, 34, 162, 12, 1989, 96, 1, 36, 154, 160, 100, 
100, 100, 100, 100, 100, 100, 100, 100, 100, 100, 2500, 2500, 
2500, 2500, 2500, 2500, 2500, 2500, 2500, 2500, 2500, 8136.517, 
11204.614, 10586.165, 10684.216, 12830.402, 19543.936, 15078.133, 
12645.896, 16828.591, 16975.528, 11194.731, 0.08235, 7.65881, 
0.03513, 8.9984, -0.39602, 5.05468, 0.05028, -0.15721, 0.16483, 
-0.36238, -0.3608, 0.96247, -5.35363, 1.49772, -7.35439, 1.46378, 
-11.14138, 2.40749, 2.11102, 1.87428, 1.40125, 1.83928, 0, 0, 
0, 0, 0, 0, 0, 0, 0, 0, 0, 0, 0, 0, 0, 0, 0, 0, 0, 0, 0, 0, 0.9156, 
0.9135, 0.91038, 0.91039, 0.91547, 0.90679, 0.90817, 0.90723, 
0.90843, 0.9095, 0.91272, 0.9156, 0.9135, 0.90579, 0.91039, 0.91419, 
0.90679, 0.90589, 0.90617, 0.90845, 0.90761, 0.91001, 0.0495, 
0.2229, 0.0746, 0.3959, 0.0944, 0.0912, 0.2061, 0.1908, 0.2012, 
0.1549, 0.1963, 205, 168.8, 286.4, 245.2, 302, 228.8, 506.8, 
484.2, 465.6, 372.1, 491, 16, 1, 818, 1, 89, 2, 423, 1789, 1506, 
1386, 1848, 8, 1577, 1, 1654, 5, 1641, 1, 2, 1, 2, 1, 100, 100, 
100, 100, 100, 100, 100, 100, 100, 100, 100, 2500, 2500, 2500, 
2500, 2500, 2500, 2500, 2500, 2500, 2500, 2500, 9524.142, 11152.534, 
12043.753, 13041.985, 14376.025, 17598.156, 18683.59, 19232.465, 
22102.153, 23270.849, 24543.754, 1, 1, 1, 1, 1, 1, 1, 1, 1, 1, 
1, 0.33333, 0.33333, 0.33333, 0.33333, 0.33333, 0.33333, 0.33333, 
0.33333, 0.33333, 0.33333, 0.33333, 0, 0, 0, 0, 0, 0, 0, 0, 0, 
0, 0, 0, 0, 0, 0, 0, 0, 0, 0, 0, 0, 0, 0.91381, 0.9135, 0.90742, 
0.91039, 0.91291, 0.90679, 0.90482, 0.9051, 0.90643, 0.90855, 
0.90911, 0.91381, 0.9135, 0.90742, 0.91039, 0.91291, 0.90679, 
0.90482, 0.9051, 0.90643, 0.90855, 0.90911, 0.0327, 0.0434, 0.0433, 
0.0532, 0.0616, 0.0722, 0.0832, 0.0907, 0.1012, 0.1178, 0.119, 
106.3, 119, 131.7, 148.1, 155.2, 179, 191.7, 208.5, 216.3, 228.2, 
238.6, 1, 1, 1, 1, 1, 1, 1, 1, 1, 1, 1, 1, 1, 1, 1, 1, 1, 1, 
1, 1, 1, 1, 1, 1, 1, 1, 1, 1, 1, 1, 1, 1, 1, 1, 1, 1, 1, 1, 1, 
1, 1, 1, 1, 1, 2.728, 2.99, 2.724, 2.951, 2.965, 3.096, 3.271, 
3.299, 3.39, 3.719, 3.607), .Dim = c(11L, 40L), .Dimnames = list(
    NULL, c("Sampling", "PSO.cost", "PSO.gamma", "PSO.data.balancing", 
    "PSO.feature.selection", "PSO.valid.acc", "PSO.test.acc", 
    "PSO.train.time", "PSO.n.support.vectors", "PSO.index", "PSO.n.solutions", 
    "PSO.generations", "PSO.n.evaluations", "PSO.cpu.time", "RS.cost", 
    "RS.gamma", "RS.data.balancing", "RS.feature.selection", 
    "RS.valid.acc", "RS.test.acc", "RS.train.time", "RS.n.support.vectors", 
    "RS.index", "RS.n.solutions", "RS.generations", "RS.n.evaluations", 
    "RS.cpu.time", "DF.cost", "DF.gamma", "DF.data.balancing", 
    "DF.feature.selection", "DF.valid.acc", "DF.test.acc", "DF.train.time", 
    "DF.n.support.vectors", "DF.index", "DF.n.solutions", "DF.generations", 
    "DF.n.evaluations", "DF.cpu.time")))
