full <-
structure(c(50, 55, 60, 65, 70, 75, 80, 85, 90, 95, 100, 0.46414, 
0.87421, 0.6338, 1.0714, 0.84905, 0.01337, 0.62653, 0.21349, 
-0.18698, -0.1701, -0.2854, 1.65113, 1.56777, 2.20651, 1.53394, 
2.47661, 2.70558, 2.01866, 1.7864, 2.30078, 2.17968, 1.9686, 
0, 0, 0, 0, 0, 0, 0, 0, 0, 0, 0, 0, 0, 0, 0, 0, 0, 0, 0, 0, 0, 
0, 0.92996, 0.92334, 0.92523, 0.92273, 0.92442, 0.9223, 0.9204, 
0.91889, 0.91338, 0.91227, 0.91274, 0.92996, 0.92334, 0.9237, 
0.91999, 0.91929, 0.9223, 0.91816, 0.91782, 0.91239, 0.91227, 
0.91184, 0.0736, 0.0814, 0.1247, 0.1014, 0.1951, 0.2429, 0.1834, 
0.1687, 0.2417, 0.2366, 0.2364, 292.1, 314, 402.7, 332.2, 482.8, 
534.5, 459.2, 431.9, 545.7, 549.8, 515, 701, 1720, 1020, 1389, 
1064, 202, 2359, 535, 441, 322, 2250, 135, 32, 252, 68, 71, 180, 
3, 413, 485, 609, 5, 100, 100, 100, 100, 100, 100, 100, 100, 
100, 100, 100, 2500, 2500, 2500, 2500, 2500, 2500, 2500, 2500, 
2500, 2500, 2500, 7190.462, 7898.953, 8486.277, 8002.034, 9308.088, 
11382.311, 15282.975, 10476.385, 12768.808, 14213.774, 23062.367, 
0.42892, 0.65687, 0.58656, 0.66514, 0.59523, 0.08089, 0.6474, 
0.19668, -0.0967, -0.14983, -0.42211, -0.18109, 2.02451, 2.43106, 
2.17096, 2.56532, 2.88009, 1.92044, 1.79215, 2.09175, 1.68117, 
2.22936, 0, 0, 0, 0, 0, 0, 0, 0, 0, 0, 0, 0, 0, 0, 0, 0, 0, 0, 
0, 0, 0, 0, 0.92817, 0.92173, 0.92225, 0.9227, 0.92314, 0.9223, 
0.91929, 0.91889, 0.91338, 0.91132, 0.91185, 0.92636, 0.92173, 
0.92223, 0.9227, 0.92186, 0.9223, 0.91928, 0.91782, 0.91338, 
0.91227, 0.90914, 0.0353, 0.1043, 0.1468, 0.1561, 0.1878, 0.2799, 
0.1707, 0.1599, 0.2128, 0.1815, 0.2679, 134.3, 364.1, 423.6, 
417.7, 492.6, 551, 446.1, 432.1, 510.5, 444.3, 570, 97, 965, 
1349, 864, 1105, 330, 760, 1004, 481, 934, 878, 4, 1, 1, 2, 1, 
3, 2, 1, 3, 1, 1, 100, 100, 100, 100, 100, 100, 100, 100, 100, 
100, 100, 2500, 2500, 2500, 2500, 2500, 2500, 2500, 2500, 2500, 
2500, 2500, 7977.362, 9046.655, 9793.875, 10775.356, 12578.61, 
13521.637, 16349.527, 18202.101, 19574.73, 23364.035, 26029.132, 
1, 1, 1, 1, 1, 1, 1, 1, 1, 1, 1, 0.33333, 0.33333, 0.33333, 0.33333, 
0.33333, 0.33333, 0.33333, 0.33333, 0.33333, 0.33333, 0.33333, 
0, 0, 0, 0, 0, 0, 0, 0, 0, 0, 0, 0, 0, 0, 0, 0, 0, 0, 0, 0, 0, 
0, 0.92639, 0.91517, 0.91922, 0.91994, 0.92057, 0.92111, 0.91598, 
0.91256, 0.90938, 0.90758, 0.90914, 0.92639, 0.91517, 0.91922, 
0.91994, 0.92057, 0.92111, 0.91598, 0.91256, 0.90938, 0.90758, 
0.90914, 0.0296, 0.0375, 0.0397, 0.0471, 0.0574, 0.0628, 0.0807, 
0.0877, 0.096, 0.1116, 0.1257, 95.1, 118.4, 124.2, 133.1, 145.5, 
156.3, 180.8, 200.6, 210.8, 232.4, 235.6, 1, 1, 1, 1, 1, 1, 1, 
1, 1, 1, 1, 1, 1, 1, 1, 1, 1, 1, 1, 1, 1, 1, 1, 1, 1, 1, 1, 1, 
1, 1, 1, 1, 1, 1, 1, 1, 1, 1, 1, 1, 1, 1, 1, 1, 2.434, 2.55, 
2.408, 2.595, 2.865, 2.775, 3.164, 3.182, 3.309, 3.445, 3.85), .Dim = c(11L, 
40L), .Dimnames = list(NULL, c("Sampling", "PSO.cost", "PSO.gamma", 
"PSO.data.balancing", "PSO.feature.selection", "PSO.valid.acc", 
"PSO.test.acc", "PSO.train.time", "PSO.n.support.vectors", "PSO.index", 
"PSO.n.solutions", "PSO.generations", "PSO.n.evaluations", "PSO.cpu.time", 
"RS.cost", "RS.gamma", "RS.data.balancing", "RS.feature.selection", 
"RS.valid.acc", "RS.test.acc", "RS.train.time", "RS.n.support.vectors", 
"RS.index", "RS.n.solutions", "RS.generations", "RS.n.evaluations", 
"RS.cpu.time", "DF.cost", "DF.gamma", "DF.data.balancing", "DF.feature.selection", 
"DF.valid.acc", "DF.test.acc", "DF.train.time", "DF.n.support.vectors", 
"DF.index", "DF.n.solutions", "DF.generations", "DF.n.evaluations", 
"DF.cpu.time")))
