full <-
structure(c(50, 55, 60, 65, 70, 75, 80, 85, 90, 95, 100, 1, 1, 
8.28763, -0.07353, 0.37674, -0.31598, -0.00798, 0.13728, -0.17508, 
0.14546, 0.1384, 0.33333, 0.33333, -4.77145, 2.63337, 1.34742, 
2.14892, 1.33809, 2.39563, 2.46824, 2.33326, 2.50938, 0, 0, 0, 
0, 0, 0, 0, 0, 0, 0, 0, 0, 0, 0, 0, 0, 0, 0, 0, 0, 0, 0, 0.90649, 
0.90205, 0.9014, 0.90343, 0.89893, 0.90331, 0.90595, 0.9115, 
0.9084, 0.91231, 0.91543, 0.90649, 0.90205, 0.90138, 0.90065, 
0.89633, 0.90211, 0.90257, 0.90938, 0.90739, 0.90761, 0.91363, 
0.0417, 0.0481, 0.3265, 0.1786, 0.1002, 0.1757, 0.1223, 0.2538, 
0.2536, 0.288, 0.3427, 135.9, 149.8, 154, 471.4, 324.1, 469.5, 
353.5, 549.5, 585.6, 580.2, 632.4, 1, 1, 57, 729, 2370, 863, 
1076, 1888, 1145, 1516, 900, 2055, 2186, 466, 202, 1, 50, 101, 
5, 218, 230, 323, 100, 100, 100, 100, 100, 100, 100, 100, 100, 
100, 100, 2500, 2500, 2500, 2500, 2500, 2500, 2500, 2500, 2500, 
2500, 2500, 8768.875, 8519.87, 27535.719, 11491.109, 15074.405, 
9511.56599999999, 11460.661, 12391.505, 19927.606, 13113.11, 
17094.425, 0.38725, 9.7617, 0.54044, -0.43878, 0.38533, 5.04363, 
0.04829, 0.08759, -0.17892, 0.00741, 0.10449, -13.79644, -8.06288, 
2.73215, 1.71134, 1.30482, -5.80202, 2.26955, 2.03002, 2.26897, 
1.60505, 1.62301, 0, 0, 0, 0, 0, 0, 0, 0, 0, 0, 0, 0, 0, 0, 0, 
0, 0, 0, 0, 0, 0, 0, 0.90649, 0.90205, 0.9028, 0.90204, 0.89893, 
0.90211, 0.90481, 0.91045, 0.9084, 0.9123, 0.91453, 0.90649, 
0.90205, 0.89984, 0.90067, 0.89633, 0.90211, 0.90136, 0.90833, 
0.90739, 0.90947, 0.91452, 0.0227, 0.3479, 0.1694, 0.1019, 0.0972, 
0.159, 0.2119, 0.1927, 0.2292, 0.1804, 0.1978, 70.1, 223.6, 449.2, 
351.5, 317, 255.7, 512.6, 497, 553.5, 424.9, 443.1, 1, 1, 1780, 
14, 1209, 1, 713, 934, 604, 279, 114, 1650, 1608, 1, 12, 1, 1536, 
1, 1, 1, 1, 2, 100, 100, 100, 100, 100, 100, 100, 100, 100, 100, 
100, 2500, 2500, 2500, 2500, 2500, 2500, 2500, 2500, 2500, 2500, 
2500, 10209.89, 11430.861, 12494.533, 14512.143, 14985.728, 16831.559, 
18422.597, 18725.48, 20939.362, 24270.32, 25718.191, 1, 1, 1, 
1, 1, 1, 1, 1, 1, 1, 1, 0.33333, 0.33333, 0.33333, 0.33333, 0.33333, 
0.33333, 0.33333, 0.33333, 0.33333, 0.33333, 0.33333, 0, 0, 0, 
0, 0, 0, 0, 0, 0, 0, 0, 0, 0, 0, 0, 0, 0, 0, 0, 0, 0, 0, 0.90649, 
0.90205, 0.90138, 0.90067, 0.89888, 0.90211, 0.90255, 0.90514, 
0.90441, 0.90663, 0.90913, 0.90649, 0.90205, 0.90138, 0.90067, 
0.89888, 0.90211, 0.90255, 0.90514, 0.90441, 0.90663, 0.90913, 
0.0411, 0.0457, 0.053, 0.0589, 0.0677, 0.0754, 0.0808, 0.0929, 
0.1086, 0.113, 0.126, 135.9, 149.8, 163.6, 167.1, 180.4, 190.6, 
198.3, 201.4, 222.8, 229.5, 240, 1, 1, 1, 1, 1, 1, 1, 1, 1, 1, 
1, 1, 1, 1, 1, 1, 1, 1, 1, 1, 1, 1, 1, 1, 1, 1, 1, 1, 1, 1, 1, 
1, 1, 1, 1, 1, 1, 1, 1, 1, 1, 1, 1, 1, 2.815, 2.869, 2.921, 3.053, 
3.176, 3.295, 3.117, 3.558, 3.704, 3.649, 3.773), .Dim = c(11L, 
40L), .Dimnames = list(NULL, c("Sampling", "PSO.cost", "PSO.gamma", 
"PSO.data.balancing", "PSO.feature.selection", "PSO.valid.acc", 
"PSO.test.acc", "PSO.train.time", "PSO.n.support.vectors", "PSO.index", 
"PSO.n.solutions", "PSO.generations", "PSO.n.evaluations", "PSO.cpu.time", 
"RS.cost", "RS.gamma", "RS.data.balancing", "RS.feature.selection", 
"RS.valid.acc", "RS.test.acc", "RS.train.time", "RS.n.support.vectors", 
"RS.index", "RS.n.solutions", "RS.generations", "RS.n.evaluations", 
"RS.cpu.time", "DF.cost", "DF.gamma", "DF.data.balancing", "DF.feature.selection", 
"DF.valid.acc", "DF.test.acc", "DF.train.time", "DF.n.support.vectors", 
"DF.index", "DF.n.solutions", "DF.generations", "DF.n.evaluations", 
"DF.cpu.time")))
