full <-
structure(c(50, 55, 60, 65, 70, 75, 80, 85, 90, 95, 100, 4.62156, 
0.67191, -0.1077, 14.34554, 0.62903, -0.40618, 0.48926, -0.47992, 
-0.13703, -0.50744, 0.13821, -4.36385, 2.76774, 1.56418, -4.98515, 
2.64004, 1.25143, 1.12687, 0.46473, 1.24563, 0.78746, 2.15143, 
0, 0, 0, 0, 0, 0, 0, 0, 0, 0, 0, 0, 0, 0, 0, 0, 0, 0, 0, 0, 0, 
0, 0.9158, 0.91531, 0.91318, 0.91581, 0.91422, 0.91156, 0.91373, 
0.91358, 0.91139, 0.9104, 0.91183, 0.91223, 0.91206, 0.9102, 
0.91166, 0.91422, 0.91036, 0.91373, 0.91147, 0.91138, 0.90946, 
0.91181, 0.068, 0.1358, 0.0726, 2.771, 0.1893, 0.0856, 0.0861, 
0.0845, 0.1187, 0.1075, 0.2297, 128.8, 411.4, 306.3, 134.5, 499.7, 
309.4, 294.3, 248.6, 341.7, 286.9, 556.7, 40, 2127, 858, 1185, 
258, 676, 889, 101, 1630, 1589, 1970, 365, 1, 266, 44, 185, 138, 
161, 418, 17, 21, 3, 100, 100, 100, 100, 100, 100, 100, 100, 
100, 100, 100, 2500, 2500, 2500, 2500, 2500, 2500, 2500, 2500, 
2500, 2500, 2500, 8430.775, 18579.691, 9788.876, 14406.571, 10001.238, 
11379.271, 9374.84299999999, 11919.502, 15743.909, 33998.043, 
14945.988, 0.2945, 0.61211, 0.05856, 12.77697, 0.63253, -0.21356, 
0.48356, -0.38718, -0.22441, -0.3836, -0.15068, 0.92873, 1.98008, 
1.22297, -4.79862, 2.52525, 1.02421, 0.2918, 1.31555, 1.17267, 
0.69106, 2.14131, 0, 0, 0, 0, 0, 0, 0, 0, 0, 0, 0, 0, 0, 0, 0, 
0, 0, 0, 0, 0, 0, 0, 0.91765, 0.9137, 0.91318, 0.91581, 0.91422, 
0.91156, 0.91371, 0.91358, 0.91138, 0.9104, 0.91092, 0.91765, 
0.90886, 0.9102, 0.91166, 0.91294, 0.91036, 0.91373, 0.9125, 
0.91138, 0.90946, 0.91271, 0.0467, 0.0879, 0.0668, 1.379, 0.1678, 
0.0794, 0.0736, 0.1125, 0.115, 0.1018, 0.2301, 213.9, 346.2, 
264, 132.9, 486.4, 279.4, 226.1, 341.7, 329.3, 277.3, 552.8, 
102, 1871, 1369, 761, 167, 784, 598, 2095, 174, 197, 2199, 3, 
1, 1, 5, 1, 3, 2, 2, 6, 4, 1, 100, 100, 100, 100, 100, 100, 100, 
100, 100, 100, 100, 2500, 2500, 2500, 2500, 2500, 2500, 2500, 
2500, 2500, 2500, 2500, 9363.223, 9823.52299999999, 12890.251, 
12989.085, 16327.503, 17786.492, 18683.535, 18604.658, 20340.439, 
22588.263, 25067.202, 1, 1, 1, 1, 1, 1, 1, 1, 1, 1, 1, 0.33333, 
0.33333, 0.33333, 0.33333, 0.33333, 0.33333, 0.33333, 0.33333, 
0.33333, 0.33333, 0.33333, 0, 0, 0, 0, 0, 0, 0, 0, 0, 0, 0, 0, 
0, 0, 0, 0, 0, 0, 0, 0, 0, 0, 0.91404, 0.91032, 0.90872, 0.91442, 
0.9091, 0.90917, 0.91149, 0.91146, 0.91039, 0.90946, 0.90913, 
0.91404, 0.91032, 0.90872, 0.91442, 0.9091, 0.90917, 0.91149, 
0.91146, 0.91039, 0.90946, 0.90913, 0.035, 0.0419, 0.0476, 0.0538, 
0.0665, 0.0749, 0.0802, 0.0884, 0.0963, 0.1034, 0.1137, 122.3, 
140, 149.2, 157.4, 190.1, 196.4, 198.1, 204.8, 221.7, 223.1, 
237, 1, 1, 1, 1, 1, 1, 1, 1, 1, 1, 1, 1, 1, 1, 1, 1, 1, 1, 1, 
1, 1, 1, 1, 1, 1, 1, 1, 1, 1, 1, 1, 1, 1, 1, 1, 1, 1, 1, 1, 1, 
1, 1, 1, 1, 2.585, 2.653, 2.741, 2.974, 3.1, 3.193, 3.007, 3.345, 
3.41, 3.489, 3.385), .Dim = c(11L, 40L), .Dimnames = list(NULL, 
    c("Sampling", "PSO.cost", "PSO.gamma", "PSO.data.balancing", 
    "PSO.feature.selection", "PSO.valid.acc", "PSO.test.acc", 
    "PSO.train.time", "PSO.n.support.vectors", "PSO.index", "PSO.n.solutions", 
    "PSO.generations", "PSO.n.evaluations", "PSO.cpu.time", "RS.cost", 
    "RS.gamma", "RS.data.balancing", "RS.feature.selection", 
    "RS.valid.acc", "RS.test.acc", "RS.train.time", "RS.n.support.vectors", 
    "RS.index", "RS.n.solutions", "RS.generations", "RS.n.evaluations", 
    "RS.cpu.time", "DF.cost", "DF.gamma", "DF.data.balancing", 
    "DF.feature.selection", "DF.valid.acc", "DF.test.acc", "DF.train.time", 
    "DF.n.support.vectors", "DF.index", "DF.n.solutions", "DF.generations", 
    "DF.n.evaluations", "DF.cpu.time")))
