full <-
structure(c(50, 55, 60, 65, 70, 75, 80, 85, 90, 95, 100, 1, 1, 
0.52094, 0.59246, 1, 0.05032, 7.84642, -0.12435, -0.20816, -0.16349, 
-0.10102, 0.33333, 0.33333, 1.41066, 1.3815, 0.33333, 3, -3.80791, 
1.83671, 2.18668, 2.03145, 1.62972, 0, 0, 0, 0, 0, 0, 0, 0, 0, 
0, 0, 0, 0, 0, 0, 0, 0, 0, 0, 0, 0, 0, 0.91566, 0.91507, 0.92069, 
0.92004, 0.9207, 0.92359, 0.91939, 0.91669, 0.91538, 0.91327, 
0.91362, 0.91566, 0.91507, 0.9222, 0.91722, 0.9207, 0.92359, 
0.91487, 0.91669, 0.9154, 0.90854, 0.91182, 0.0397, 0.0433, 0.0752, 
0.0814, 0.0653, 0.2767, 0.2321, 0.157, 0.2226, 0.2268, 0.1877, 
112.8, 123.5, 263.7, 274.3, 151.1, 551.6, 156.3, 426.4, 515.7, 
516.7, 442.9, 1, 1, 2158, 2134, 1, 424, 6, 1696, 122, 852, 2305, 
1979, 1957, 5, 9, 1985, 388, 67, 29, 352, 188, 3, 100, 100, 100, 
100, 100, 100, 100, 100, 100, 100, 100, 2500, 2500, 2500, 2500, 
2500, 2500, 2500, 2500, 2500, 2500, 2500, 9184.28, 9414.912, 
11433.498, 9815.196, 17673.698, 14506.312, 23470.065, 14092.866, 
12446.411, 14195.848, 15861.1459999999, 0.67389, 3.25395, 1.2757, 
0.939, -1.84893, -0.248, 8.74537, -0.05321, -0.06412, -0.2984, 
-0.21294, -4.40782, -8.42188, -0.73802, 1.15512, 1.41199, 2.04423, 
-4.09221, 1.45255, 2.71744, 1.83484, 2.17235, 0, 0, 0, 0, 0, 
0, 0, 0, 0, 0, 0, 0, 0, 0, 0, 0, 0, 0, 0, 0, 0, 0, 0.91566, 0.91507, 
0.9192, 0.91865, 0.9207, 0.92359, 0.91939, 0.91669, 0.91538, 
0.91233, 0.91272, 0.91566, 0.91507, 0.91472, 0.91583, 0.9207, 
0.92359, 0.91487, 0.91458, 0.9144, 0.91042, 0.91361, 0.0471, 
0.0555, 0.0469, 0.0717, 0.0794, 0.1469, 0.3118, 0.1236, 0.299, 
0.2006, 0.2447, 152.7, 206.1, 131.1, 242.5, 269.1, 420.6, 154.5, 
343.3, 609.9, 474.2, 561.4, 3, 1, 45, 890, 4, 646, 522, 3, 259, 
726, 106, 1587, 1527, 3, 5, 1641, 3, 2, 2, 1, 3, 2, 100, 100, 
100, 100, 100, 100, 100, 100, 100, 100, 100, 2500, 2500, 2500, 
2500, 2500, 2500, 2500, 2500, 2500, 2500, 2500, 9932.978, 10478.95, 
11745.724, 13514.444, 14200.918, 14112.331, 15918.923, 17837.593, 
19341.619, 21325.477, 26209.38, 1, 1, 1, 1, 1, 1, 1, 1, 1, 1, 
1, 0.33333, 0.33333, 0.33333, 0.33333, 0.33333, 0.33333, 0.33333, 
0.33333, 0.33333, 0.33333, 0.33333, 0, 0, 0, 0, 0, 0, 0, 0, 0, 
0, 0, 0, 0, 0, 0, 0, 0, 0, 0, 0, 0, 0, 0.91566, 0.91507, 0.9177, 
0.91726, 0.9207, 0.92, 0.91711, 0.91564, 0.91341, 0.90856, 0.90911, 
0.91566, 0.91507, 0.9177, 0.91726, 0.9207, 0.92, 0.91711, 0.91564, 
0.91341, 0.90856, 0.90911, 0.0363, 0.043, 0.0491, 0.0591, 0.0661, 
0.0739, 0.0841, 0.0918, 0.103, 0.109, 0.1307, 112.8, 123.5, 131.2, 
147.4, 151.1, 156, 179.5, 186, 202.2, 212.1, 237.1, 1, 1, 1, 
1, 1, 1, 1, 1, 1, 1, 1, 1, 1, 1, 1, 1, 1, 1, 1, 1, 1, 1, 1, 1, 
1, 1, 1, 1, 1, 1, 1, 1, 1, 1, 1, 1, 1, 1, 1, 1, 1, 1, 1, 1, 2.748, 
2.905, 2.961, 3.094, 3.223, 3.32, 3.326, 3.451, 3.589, 3.589, 
3.826), .Dim = c(11L, 40L), .Dimnames = list(NULL, c("Sampling", 
"PSO.cost", "PSO.gamma", "PSO.data.balancing", "PSO.feature.selection", 
"PSO.valid.acc", "PSO.test.acc", "PSO.train.time", "PSO.n.support.vectors", 
"PSO.index", "PSO.n.solutions", "PSO.generations", "PSO.n.evaluations", 
"PSO.cpu.time", "RS.cost", "RS.gamma", "RS.data.balancing", "RS.feature.selection", 
"RS.valid.acc", "RS.test.acc", "RS.train.time", "RS.n.support.vectors", 
"RS.index", "RS.n.solutions", "RS.generations", "RS.n.evaluations", 
"RS.cpu.time", "DF.cost", "DF.gamma", "DF.data.balancing", "DF.feature.selection", 
"DF.valid.acc", "DF.test.acc", "DF.train.time", "DF.n.support.vectors", 
"DF.index", "DF.n.solutions", "DF.generations", "DF.n.evaluations", 
"DF.cpu.time")))
