full <-
structure(c(50, 55, 60, 65, 70, 75, 80, 85, 90, 95, 100, 0.62084, 
0.74502, 7.66673, 0.31278, 4.961, 0.08453, 0.52437, 0.33183, 
-0.00861, -0.09821, 1, 1.5953, 2.72356, -3.30218, 3, -2.00975, 
1.98677, 1.92385, 2.25502, 0.60603, 2.11735, 0.33333, 0, 0, 0, 
0, 0, 0, 0, 0, 0, 0, 0, 0, 0, 0, 0, 0, 0, 0, 0, 0, 0, 0, 0.91029, 
0.90862, 0.90132, 0.90484, 0.91026, 0.9103, 0.91267, 0.91355, 
0.91342, 0.91227, 0.90913, 0.90662, 0.90534, 0.89384, 0.90484, 
0.90516, 0.91149, 0.90819, 0.91146, 0.91241, 0.91322, 0.90913, 
0.0728, 0.148, 0.105, 0.2038, 0.0805, 0.143, 0.155, 0.2145, 0.0911, 
0.2325, 0.1242, 278.3, 407.7, 132.7, 498, 150.3, 430.1, 444.7, 
516.3, 246.3, 537, 237.9, 438, 673, 1262, 268, 2148, 1128, 485, 
1139, 806, 571, 1, 512, 337, 75, 582, 1, 42, 190, 226, 180, 206, 
2065, 100, 100, 100, 100, 100, 100, 100, 100, 100, 100, 100, 
2500, 2500, 2500, 2500, 2500, 2500, 2500, 2500, 2500, 2500, 2500, 
7996.338, 9488.844, 16982.081, 11427.219, 10909.873, 11558.717, 
12832.597, 17377.163, 10662.338, 16480.941, 22703.963, 0.49989, 
0.56342, 0.93308, 0.31908, 3.63959, 0.22159, 0.51124, 0.31029, 
0.02793, -0.01923, 0.16259, 1.45842, 2.57496, 2.49, 2.93415, 
-2.00567, 1.76832, 1.86909, 2.27649, 0.65054, 2.35625, 1.46424, 
0, 0, 0, 0, 0, 0, 0, 0, 0, 0, 0, 0, 0, 0, 0, 0, 0, 0, 0, 0, 0, 
0, 0.9085, 0.90698, 0.9013, 0.90347, 0.90901, 0.90911, 0.91154, 
0.91355, 0.91342, 0.91227, 0.91005, 0.90662, 0.90698, 0.89829, 
0.90484, 0.90131, 0.91268, 0.90706, 0.91146, 0.9134, 0.91228, 
0.90644, 0.063, 0.1399, 0.1555, 0.2174, 0.0731, 0.1301, 0.1621, 
0.2129, 0.0979, 0.2683, 0.1718, 261, 397.4, 424.9, 494.4, 149.5, 
395.2, 431.6, 518.1, 249.9, 580.8, 399.4, 2369, 2290, 1032, 412, 
991, 164, 373, 2248, 2364, 1666, 2194, 1, 1, 1, 1, 2, 5, 2, 1, 
1, 1, 1, 100, 100, 100, 100, 100, 100, 100, 100, 100, 100, 100, 
2500, 2500, 2500, 2500, 2500, 2500, 2500, 2500, 2500, 2500, 2500, 
9703.391, 10807.758, 12267.913, 12568.184, 13060.378, 15342.295, 
16205.093, 18969.422, 20598.634, 25307.978, 27067.895, 1, 1, 
1, 1, 1, 1, 1, 1, 1, 1, 1, 0.33333, 0.33333, 0.33333, 0.33333, 
0.33333, 0.33333, 0.33333, 0.33333, 0.33333, 0.33333, 0.33333, 
0, 0, 0, 0, 0, 0, 0, 0, 0, 0, 0, 0, 0, 0, 0, 0, 0, 0, 0, 0, 0, 
0, 0.89941, 0.89714, 0.89529, 0.89929, 0.90521, 0.90313, 0.90591, 
0.90834, 0.90942, 0.90851, 0.90913, 0.89941, 0.89714, 0.89529, 
0.89929, 0.90521, 0.90313, 0.90591, 0.90834, 0.90942, 0.90851, 
0.90913, 0.0355, 0.0414, 0.0496, 0.0555, 0.0623, 0.0733, 0.0807, 
0.0912, 0.1068, 0.112, 0.1306, 121.7, 133.8, 146.1, 157.4, 164.2, 
189.5, 194.6, 199.9, 218.4, 227.6, 237.9, 1, 1, 1, 1, 1, 1, 1, 
1, 1, 1, 1, 1, 1, 1, 1, 1, 1, 1, 1, 1, 1, 1, 1, 1, 1, 1, 1, 1, 
1, 1, 1, 1, 1, 1, 1, 1, 1, 1, 1, 1, 1, 1, 1, 1, 2.696, 2.75, 
2.86, 2.913, 2.971, 3.018, 3.058, 3.281, 4.323, 4.195, 4.799), .Dim = c(11L, 
40L), .Dimnames = list(NULL, c("Sampling", "PSO.cost", "PSO.gamma", 
"PSO.data.balancing", "PSO.feature.selection", "PSO.valid.acc", 
"PSO.test.acc", "PSO.train.time", "PSO.n.support.vectors", "PSO.index", 
"PSO.n.solutions", "PSO.generations", "PSO.n.evaluations", "PSO.cpu.time", 
"RS.cost", "RS.gamma", "RS.data.balancing", "RS.feature.selection", 
"RS.valid.acc", "RS.test.acc", "RS.train.time", "RS.n.support.vectors", 
"RS.index", "RS.n.solutions", "RS.generations", "RS.n.evaluations", 
"RS.cpu.time", "DF.cost", "DF.gamma", "DF.data.balancing", "DF.feature.selection", 
"DF.valid.acc", "DF.test.acc", "DF.train.time", "DF.n.support.vectors", 
"DF.index", "DF.n.solutions", "DF.generations", "DF.n.evaluations", 
"DF.cpu.time")))
