full <-
structure(c(50, 55, 60, 65, 70, 75, 80, 85, 90, 95, 100, 15, 
-0.0613, 0.31247, 0.57766, 0.49488, 0.35592, 0.03269, 0.57107, 
-0.08412, 0.14723, -0.27916, -5.72419, 1.453, 1.96363, 1.92982, 
1.161, 1.1335, 2.40496, 1.20946, 1.98949, 1.41796, 2.11134, 0, 
0, 0, 0, 0, 0, 0, 0, 0, 0, 0, 0, 0, 0, 0, 0, 0, 0, 0, 0, 0, 0, 
0.9174, 0.92329, 0.92376, 0.9214, 0.92565, 0.92359, 0.91712, 
0.91988, 0.91542, 0.91608, 0.9127, 0.90477, 0.92329, 0.92229, 
0.91864, 0.92437, 0.92116, 0.91602, 0.91775, 0.91345, 0.91229, 
0.9127, 0.9519, 0.0825, 0.1152, 0.128, 0.0964, 0.098, 0.2135, 
0.1085, 0.2068, 0.1536, 0.2471, 97.9, 289.1, 380.9, 392.3, 282.1, 
290.3, 519.3, 301.9, 485.4, 380.8, 549.5, 111, 838, 268, 1451, 
349, 314, 752, 1862, 336, 964, 1046, 705, 567, 473, 206, 366, 
784, 284, 2, 504, 304, 73, 100, 100, 100, 100, 100, 100, 100, 
100, 100, 100, 100, 2500, 2500, 2500, 2500, 2500, 2500, 2500, 
2500, 2500, 2500, 2500, 21434.122, 11186.035, 11407.051, 10659.388, 
11296.57, 10212.96, 15853.656, 16970.03, 14757.121, 13093.2720000001, 
17038.065, 0.0065, -0.20733, 0.00619, 0.43136, 0.33678, 0.30082, 
-0.0415, 0.57077, 0.00526, 0.04902, 0.37673, 0.70998, 2.18249, 
1.83851, 2.08561, 1.25735, 1.50927, 2.33788, 1.37292, 2.21809, 
1.50426, 1.78641, 0, 0, 0, 0, 0, 0, 0, 0, 0, 0, 0, 0, 0, 0, 0, 
0, 0, 0, 0, 0, 0, 0, 0.9174, 0.92329, 0.92376, 0.92004, 0.92438, 
0.92239, 0.916, 0.91986, 0.91443, 0.91513, 0.9127, 0.91201, 0.92329, 
0.92077, 0.92004, 0.92437, 0.91998, 0.91602, 0.91881, 0.91243, 
0.91324, 0.9118, 0.0513, 0.108, 0.1082, 0.139, 0.0985, 0.1149, 
0.2195, 0.1255, 0.2469, 0.1574, 0.2053, 202.6, 370.1, 369.8, 
413, 301.6, 355.7, 510.8, 332, 528.8, 399.7, 478, 814, 120, 158, 
208, 2331, 1832, 337, 1051, 1041, 168, 2282, 4, 8, 3, 1, 1, 2, 
3, 1, 1, 1, 2, 100, 100, 100, 100, 100, 100, 100, 100, 100, 100, 
100, 2500, 2500, 2500, 2500, 2500, 2500, 2500, 2500, 2500, 2500, 
2500, 10677.727, 10071.022, 11280.074, 12165.997, 14472.211, 
17346.538, 19889.891, 21764.676, 23558.232, 24381.806, 26763.0220000001, 
1, 1, 1, 1, 1, 1, 1, 1, 1, 1, 1, 0.33333, 0.33333, 0.33333, 0.33333, 
0.33333, 0.33333, 0.33333, 0.33333, 0.33333, 0.33333, 0.33333, 
0, 0, 0, 0, 0, 0, 0, 0, 0, 0, 0, 0, 0, 0, 0, 0, 0, 0, 0, 0, 0, 
0, 0.91019, 0.91517, 0.91329, 0.91723, 0.91801, 0.91523, 0.91265, 
0.91462, 0.91046, 0.90946, 0.9091, 0.9084, 0.91517, 0.91329, 
0.91723, 0.91801, 0.91523, 0.91265, 0.91462, 0.91046, 0.90946, 
0.9091, 0.0348, 0.0383, 0.0454, 0.0543, 0.0631, 0.0739, 0.0873, 
0.0933, 0.1059, 0.1158, 0.1353, 112.1, 117.8, 128.4, 136.3, 151.8, 
175.1, 187.9, 193.6, 208.6, 217.7, 239.2, 1, 1, 1, 1, 1, 1, 1, 
1, 1, 1, 1, 1, 1, 1, 1, 1, 1, 1, 1, 1, 1, 1, 1, 1, 1, 1, 1, 1, 
1, 1, 1, 1, 1, 1, 1, 1, 1, 1, 1, 1, 1, 1, 1, 1, 3.283, 2.9, 3.208, 
3.408, 3.505, 3.492, 3.93, 3.781, 4.122, 4.082, 4.474), .Dim = c(11L, 
40L), .Dimnames = list(NULL, c("Sampling", "PSO.cost", "PSO.gamma", 
"PSO.data.balancing", "PSO.feature.selection", "PSO.valid.acc", 
"PSO.test.acc", "PSO.train.time", "PSO.n.support.vectors", "PSO.index", 
"PSO.n.solutions", "PSO.generations", "PSO.n.evaluations", "PSO.cpu.time", 
"RS.cost", "RS.gamma", "RS.data.balancing", "RS.feature.selection", 
"RS.valid.acc", "RS.test.acc", "RS.train.time", "RS.n.support.vectors", 
"RS.index", "RS.n.solutions", "RS.generations", "RS.n.evaluations", 
"RS.cpu.time", "DF.cost", "DF.gamma", "DF.data.balancing", "DF.feature.selection", 
"DF.valid.acc", "DF.test.acc", "DF.train.time", "DF.n.support.vectors", 
"DF.index", "DF.n.solutions", "DF.generations", "DF.n.evaluations", 
"DF.cpu.time")))
