full <-
structure(c(50, 55, 60, 65, 70, 75, 80, 85, 90, 95, 100, 1.52947, 
1, 1, 2.44003, 0.45798, 1, 0.07231, -0.02086, -0.06828, -0.03501, 
-0.02299, 0.22115, 0.33333, 0.33333, -1.22147, 1.63358, 0.33333, 
-0.34906, 1.34561, 2.19471, 2.65735, 1.37953, 0, 0, 0, 0, 0, 
0, 0, 0, 0, 0, 0, 0, 0, 0, 0, 0, 0, 0, 0, 0, 0, 0, 0.91572, 0.91512, 
0.9192, 0.91856, 0.9092, 0.91391, 0.91598, 0.9146, 0.91438, 0.9114, 
0.9127, 0.91215, 0.91512, 0.9192, 0.9131, 0.90665, 0.91391, 0.91375, 
0.91251, 0.91139, 0.91234, 0.91271, 0.0379, 0.04, 0.0455, 0.0565, 
0.1044, 0.0674, 0.0708, 0.1165, 0.2374, 0.322, 0.1544, 143.1, 
119.7, 127.6, 138.3, 348.2, 171.2, 176.5, 333.9, 523, 631.6, 
382.9, 258, 1, 1, 1977, 2190, 1, 418, 1164, 506, 346, 693, 74, 
1921, 1875, 5, 1, 1875, 90, 62, 227, 286, 264, 100, 100, 100, 
100, 100, 100, 100, 100, 100, 100, 100, 2500, 2500, 2500, 2500, 
2500, 2500, 2500, 2500, 2500, 2500, 2500, 8124.799, 9036.085, 
10010.372, 12171.487, 17582.413, 17593.863, 25083.529, 21893.01, 
17711.356, 17504.527, 23446.763, 9.82197, -1.86116, 9.17054, 
4.30124, 14.43487, 7.15132, 0.19041, -0.26003, -0.11515, 0.15861, 
0.17096, -4.93648, -5.16455, -13.25545, -2.31774, -11.49883, 
-5.23714, 1.07218, 1.1646, 2.35602, 2.81376, 0.46476, 0, 0, 0, 
0, 0, 0, 0, 0, 0, 0, 0, 0, 0, 0, 0, 0, 0, 0, 0, 0, 0, 0, 0.91401, 
0.91512, 0.9192, 0.91723, 0.90917, 0.91391, 0.91601, 0.91356, 
0.91438, 0.91142, 0.91182, 0.9068, 0.91512, 0.9192, 0.91449, 
0.90917, 0.91391, 0.91036, 0.91251, 0.91238, 0.9114, 0.91001, 
0.2335, 0.0371, 0.0987, 0.0726, 0.9569, 0.4082, 0.0957, 0.0989, 
0.2545, 0.2488, 0.1092, 105.1, 139.2, 184.1, 136, 132.8, 233.3, 
268.5, 300.2, 552.2, 652.7, 261.4, 536, 3, 2, 242, 2, 1, 2374, 
1724, 1353, 841, 150, 2, 1522, 1518, 7, 1604, 1632, 1, 1, 1, 
1, 1, 100, 100, 100, 100, 100, 100, 100, 100, 100, 100, 100, 
2500, 2500, 2500, 2500, 2500, 2500, 2500, 2500, 2500, 2500, 2500, 
10030.101, 10931.238, 11601.473, 14600.741, 15168.334, 18512.306, 
19639.389, 21850.626, 20528.754, 16751.155, 18921.118, 1, 1, 
1, 1, 1, 1, 1, 1, 1, 1, 1, 0.33333, 0.33333, 0.33333, 0.33333, 
0.33333, 0.33333, 0.33333, 0.33333, 0.33333, 0.33333, 0.33333, 
0, 0, 0, 0, 0, 0, 0, 0, 0, 0, 0, 0, 0, 0, 0, 0, 0, 0, 0, 0, 0, 
0, 0.91397, 0.91512, 0.9192, 0.91721, 0.90917, 0.91391, 0.91488, 
0.91252, 0.91239, 0.91045, 0.90911, 0.91397, 0.91512, 0.9192, 
0.91721, 0.90917, 0.91391, 0.91488, 0.91252, 0.91239, 0.91045, 
0.90911, 0.0354, 0.0389, 0.0463, 0.0522, 0.0649, 0.0712, 0.0756, 
0.093, 0.0976, 0.1089, 0.0792, 114, 119.7, 127.6, 143.3, 164.5, 
171.2, 178, 198.5, 205, 218.1, 233.8, 1, 1, 1, 1, 1, 1, 1, 1, 
1, 1, 1, 1, 1, 1, 1, 1, 1, 1, 1, 1, 1, 1, 1, 1, 1, 1, 1, 1, 1, 
1, 1, 1, 1, 1, 1, 1, 1, 1, 1, 1, 1, 1, 1, 1, 2.736, 2.669, 2.814, 
3.347, 3.66, 3.609, 3.523, 3.389, 3.32, 3.473, 3.255), .Dim = c(11L, 
40L), .Dimnames = list(NULL, c("Sampling", "PSO.cost", "PSO.gamma", 
"PSO.data.balancing", "PSO.feature.selection", "PSO.valid.acc", 
"PSO.test.acc", "PSO.train.time", "PSO.n.support.vectors", "PSO.index", 
"PSO.n.solutions", "PSO.generations", "PSO.n.evaluations", "PSO.cpu.time", 
"RS.cost", "RS.gamma", "RS.data.balancing", "RS.feature.selection", 
"RS.valid.acc", "RS.test.acc", "RS.train.time", "RS.n.support.vectors", 
"RS.index", "RS.n.solutions", "RS.generations", "RS.n.evaluations", 
"RS.cpu.time", "DF.cost", "DF.gamma", "DF.data.balancing", "DF.feature.selection", 
"DF.valid.acc", "DF.test.acc", "DF.train.time", "DF.n.support.vectors", 
"DF.index", "DF.n.solutions", "DF.generations", "DF.n.evaluations", 
"DF.cpu.time")))
