full <-
structure(c(50, 55, 60, 65, 70, 75, 80, 85, 90, 95, 100, 13.89297, 
1.14035, 0.86232, 0.54389, 0.6168, 0.25629, 0.07107, 0.44065, 
0.44194, 0.47357, -0.14998, -6.57013, -0.42977, 2.10233, 3, 2.57264, 
1.18483, 2.18418, 1.88586, 1.71658, 1.51403, 2.10234, 0, 0, 0, 
0, 0, 0, 0, 0, 0, 0, 0, 0, 0, 0, 0, 0, 0, 0, 0, 0, 0, 0, 0.91729, 
0.92004, 0.92225, 0.91996, 0.92309, 0.92357, 0.92046, 0.91888, 
0.91931, 0.9161, 0.91274, 0.90833, 0.91837, 0.91777, 0.91996, 
0.91796, 0.92118, 0.9182, 0.91258, 0.91535, 0.90853, 0.91362, 
0.3977, 0.0404, 0.1126, 0.2441, 0.2229, 0.1061, 0.2042, 0.191, 
0.1804, 0.1648, 0.2618, 92.7, 131.1, 377.3, 488.5, 481.8, 290.7, 
478.2, 460.6, 427.6, 402.3, 546.2, 98, 2005, 2120, 691, 1913, 
588, 581, 980, 1651, 404, 515, 113, 12, 16, 534, 11, 342, 219, 
230, 36, 505, 644, 100, 100, 100, 100, 100, 100, 100, 100, 100, 
100, 100, 2500, 2500, 2500, 2500, 2500, 2500, 2500, 2500, 2500, 
2500, 2500, 12068.297, 9077.777, 9618.169, 10252.427, 11487.162, 
11979.089, 16240.718, 15623.197, 14976.016, 14310.63, 15959.792, 
6.64802, 1.12198, 1.01234, 0.31179, 0.27663, 0.20177, 0.12794, 
0.55788, 0.01806, 0.53445, -0.23733, -3.90621, -0.33637, 2.29411, 
2.81333, 1.84492, 1.21132, 2.32881, 1.72415, 2.12262, 1.64629, 
1.62853, 0, 0, 0, 0, 0, 0, 0, 0, 0, 0, 0, 0, 0, 0, 0, 0, 0, 0, 
0, 0, 0, 0, 0.91729, 0.92004, 0.92076, 0.91996, 0.92307, 0.92239, 
0.91933, 0.9168, 0.91635, 0.91515, 0.91183, 0.91187, 0.91837, 
0.91777, 0.91996, 0.91927, 0.92118, 0.9182, 0.91152, 0.91734, 
0.90759, 0.91092, 0.0522, 0.0425, 0.1332, 0.2157, 0.1405, 0.1002, 
0.221, 0.174, 0.2295, 0.1869, 0.1878, 95.5, 133, 400.2, 476.1, 
387.8, 298.1, 497.7, 423.9, 512.3, 434.4, 437.7, 118, 1634, 1714, 
448, 449, 1600, 227, 2061, 813, 2120, 1211, 9, 1, 1, 4, 9, 2, 
4, 1, 5, 2, 1, 100, 100, 100, 100, 100, 100, 100, 100, 100, 100, 
100, 2500, 2500, 2500, 2500, 2500, 2500, 2500, 2500, 2500, 2500, 
2500, 8820.204, 9351.02, 9790.789, 10794.935, 13677.267, 16317.113, 
18089.391, 22036.149, 22906.879, 24705.499, 27405.998, 1, 1, 
1, 1, 1, 1, 1, 1, 1, 1, 1, 0.33333, 0.33333, 0.33333, 0.33333, 
0.33333, 0.33333, 0.33333, 0.33333, 0.33333, 0.33333, 0.33333, 
0, 0, 0, 0, 0, 0, 0, 0, 0, 0, 0, 0, 0, 0, 0, 0, 0, 0, 0, 0, 0, 
0, 0.90658, 0.91184, 0.91173, 0.91442, 0.91798, 0.91883, 0.91485, 
0.91467, 0.91439, 0.91041, 0.90913, 0.9084, 0.91184, 0.91325, 
0.91442, 0.91798, 0.91883, 0.91485, 0.91467, 0.91439, 0.91041, 
0.90913, 0.0346, 0.0393, 0.0401, 0.0538, 0.0631, 0.0689, 0.0808, 
0.0949, 0.1009, 0.1175, 0.1334, 115.1, 118.6, 124, 141, 147.9, 
157.5, 179.1, 203.1, 208.3, 223.7, 236.5, 1, 1, 1, 1, 1, 1, 1, 
1, 1, 1, 1, 1, 1, 1, 1, 1, 1, 1, 1, 1, 1, 1, 1, 1, 1, 1, 1, 1, 
1, 1, 1, 1, 1, 1, 1, 1, 1, 1, 1, 1, 1, 1, 1, 1, 2.888, 2.99, 
2.727, 3.145, 4.007, 4.061, 4.204, 4.375, 4.264, 4.62, 4.832), .Dim = c(11L, 
40L), .Dimnames = list(NULL, c("Sampling", "PSO.cost", "PSO.gamma", 
"PSO.data.balancing", "PSO.feature.selection", "PSO.valid.acc", 
"PSO.test.acc", "PSO.train.time", "PSO.n.support.vectors", "PSO.index", 
"PSO.n.solutions", "PSO.generations", "PSO.n.evaluations", "PSO.cpu.time", 
"RS.cost", "RS.gamma", "RS.data.balancing", "RS.feature.selection", 
"RS.valid.acc", "RS.test.acc", "RS.train.time", "RS.n.support.vectors", 
"RS.index", "RS.n.solutions", "RS.generations", "RS.n.evaluations", 
"RS.cpu.time", "DF.cost", "DF.gamma", "DF.data.balancing", "DF.feature.selection", 
"DF.valid.acc", "DF.test.acc", "DF.train.time", "DF.n.support.vectors", 
"DF.index", "DF.n.solutions", "DF.generations", "DF.n.evaluations", 
"DF.cpu.time")))
