full <-
structure(c(50, 55, 60, 65, 70, 75, 80, 85, 90, 95, 100, 0.75514, 
4.61747, 0.77541, 1, -0.17457, 0.22989, 0.77876, 1, 0.21163, 
1, -0.16382, 3, -2.24011, 2.73703, 0.33333, 2.01082, 3, 3, 0.33333, 
1.84633, 0.33333, 1.96423, 0, 0, 0, 0, 0, 0, 0, 0, 0, 0, 0, 0, 
0, 0, 0, 0, 0, 0, 0, 0, 0, 0, 0.89945, 0.90554, 0.90133, 0.90624, 
0.91291, 0.91287, 0.91828, 0.91461, 0.91754, 0.91041, 0.9154, 
0.89588, 0.89247, 0.89979, 0.90624, 0.91161, 0.91043, 0.91603, 
0.91461, 0.91455, 0.91041, 0.9154, 0.1374, 0.0556, 0.1691, 0.0572, 
0.1421, 0.2765, 0.324, 0.0853, 0.1726, 0.1114, 0.245, 399.7, 
133.7, 451, 156.6, 412.1, 564.8, 592.8, 188.8, 452.2, 221.1, 
516.5, 2464, 1691, 1841, 1, 971, 2347, 335, 1, 1186, 1, 643, 
1, 5, 24, 1692, 53, 3, 463, 1957, 208, 2107, 312, 100, 100, 100, 
100, 100, 100, 100, 100, 100, 100, 100, 2500, 2500, 2500, 2500, 
2500, 2500, 2500, 2500, 2500, 2500, 2500, 9690.62, 9882.232, 
11255.976, 15723.806, 13090.882, 13173.354, 15141.03, 16282.162, 
13148.019, 24512.553, 18278.836, 6.45539, 4.47252, 6.39059, 0.24501, 
0.84264, 1.13235, 0.63009, 10.29669, 0.33227, -0.16857, -0.04298, 
-2.22984, -2.13697, -12.76597, 2.78615, 1.36036, 2.48777, 2.52092, 
-14.10776, 1.93752, 1.93905, 2.32331, 0, 0, 0, 0, 0, 0, 0, 0, 
0, 0, 0, 0, 0, 0, 0, 0, 0, 0, 0, 0, 0, 0, 0.89782, 0.90387, 0.90128, 
0.90628, 0.91165, 0.91402, 0.91601, 0.91461, 0.91656, 0.91135, 
0.9145, 0.89412, 0.89247, 0.90128, 0.90765, 0.90519, 0.90923, 
0.91491, 0.91461, 0.91455, 0.91041, 0.91451, 0.0515, 0.0549, 
0.052, 0.198, 0.0905, 0.1975, 0.2617, 0.2156, 0.1902, 0.2098, 
0.2857, 123.3, 133.4, 161.1, 482.3, 300.2, 500, 534.2, 227.5, 
471.3, 492, 593.3, 827, 345, 3, 1638, 1765, 2481, 1196, 1, 1717, 
807, 990, 1, 1, 1579, 1, 1, 1, 1, 1630, 1, 3, 1, 100, 100, 100, 
100, 100, 100, 100, 100, 100, 100, 100, 2500, 2500, 2500, 2500, 
2500, 2500, 2500, 2500, 2500, 2500, 2500, 9814.477, 12535.22, 
13662.346, 14666.522, 14988.411, 16601.653, 18924.106, 18536.637, 
19398.282, 23965.795, 27417.841, 1, 1, 1, 1, 1, 1, 1, 1, 1, 1, 
1, 0.33333, 0.33333, 0.33333, 0.33333, 0.33333, 0.33333, 0.33333, 
0.33333, 0.33333, 0.33333, 0.33333, 0, 0, 0, 0, 0, 0, 0, 0, 0, 
0, 0, 0, 0, 0, 0, 0, 0, 0, 0, 0, 0, 0, 0.89773, 0.90212, 0.90128, 
0.90624, 0.91035, 0.91286, 0.91266, 0.91461, 0.9125, 0.91041, 
0.9091, 0.89773, 0.90212, 0.90128, 0.90624, 0.91035, 0.91286, 
0.91266, 0.91461, 0.9125, 0.91041, 0.9091, 0.0367, 0.0444, 0.0513, 
0.0579, 0.0614, 0.0672, 0.0771, 0.0893, 0.0974, 0.1156, 0.1267, 
129.1, 139.1, 147.6, 156.6, 157.3, 162, 173.9, 188.8, 202, 221.1, 
231.3, 1, 1, 1, 1, 1, 1, 1, 1, 1, 1, 1, 1, 1, 1, 1, 1, 1, 1, 
1, 1, 1, 1, 1, 1, 1, 1, 1, 1, 1, 1, 1, 1, 1, 1, 1, 1, 1, 1, 1, 
1, 1, 1, 1, 1, 2.807, 3.599, 3.624, 3.731, 3.752, 3.823, 3.909, 
3.46, 3.5, 4.464, 4.582), .Dim = c(11L, 40L), .Dimnames = list(
    NULL, c("Sampling", "PSO.cost", "PSO.gamma", "PSO.data.balancing", 
    "PSO.feature.selection", "PSO.valid.acc", "PSO.test.acc", 
    "PSO.train.time", "PSO.n.support.vectors", "PSO.index", "PSO.n.solutions", 
    "PSO.generations", "PSO.n.evaluations", "PSO.cpu.time", "RS.cost", 
    "RS.gamma", "RS.data.balancing", "RS.feature.selection", 
    "RS.valid.acc", "RS.test.acc", "RS.train.time", "RS.n.support.vectors", 
    "RS.index", "RS.n.solutions", "RS.generations", "RS.n.evaluations", 
    "RS.cpu.time", "DF.cost", "DF.gamma", "DF.data.balancing", 
    "DF.feature.selection", "DF.valid.acc", "DF.test.acc", "DF.train.time", 
    "DF.n.support.vectors", "DF.index", "DF.n.solutions", "DF.generations", 
    "DF.n.evaluations", "DF.cpu.time")))
