full <-
structure(c(50, 55, 60, 65, 70, 75, 80, 85, 90, 95, 100, 1.56115, 
0.66075, 1.61373, 0.07718, 1, 1.89205, 0.00761, 2.43118, 0.61274, 
4.3814, 0.14323, 0.18197, 0.99155, 1.0643, 0.52488, 0.1, 0.46817, 
-2.81618, 1.13421, 1.45225, -3.80917, 0.50327, 0, 0, 0, 0, 0, 
0, 0, 0, 0, 0, 0, 0, 0, 0, 0, 0, 0, 0, 0, 0, 0, 0, 0.7718, 0.76054, 
0.75997, 0.75365, 0.74311, 0.77425, 0.73734, 0.74024, 0.73273, 
0.7318, 0.72816, 0.7617, 0.72868, 0.72787, 0.73998, 0.74311, 
0.72453, 0.72193, 0.71949, 0.73088, 0.69263, 0.72813, 0.0347, 
0.0397, 0.0455, 0.049, 0.0426, 0.0626, 0.0541, 0.0779, 0.082, 
0.0684, 0.0975, 202.9, 240.7, 257.8, 270.4, 193.9, 296.8, 236, 
356, 393, 270, 416.1, 1159, 916, 646, 1495, 1, 1085, 1363, 2052, 
1405, 1953, 2295, 17, 53, 289, 74, 1893, 74, 36, 12, 42, 10, 
1, 100, 100, 100, 100, 100, 100, 100, 100, 100, 100, 100, 2500, 
2500, 2500, 2500, 2500, 2500, 2500, 2500, 2500, 2500, 2500, 8861.185, 
8684.51, 8910.397, 9064.925, 9082.417, 9071.16100000001, 9036.31600000001, 
9104.18399999999, 10208.021, 8550.50700000001, 9751.20600000001, 
2.25487, 0.58478, 0.65503, 0.06083, 8.32292, 1.80343, 13.03597, 
2.01575, 1.14859, 0.50989, 0.49785, -1.27287, 0.85649, 0.89719, 
0.80404, -3.434, 0.59044, -10.95544, 1.11477, -0.94631, 1.54491, 
1.21899, 0, 0, 0, 0, 0, 0, 0, 0, 0, 0, 0, 0, 0, 0, 0, 0, 0, 0, 
0, 0, 0, 0, 0.76527, 0.75419, 0.75425, 0.74561, 0.7433, 0.76949, 
0.73729, 0.73607, 0.72503, 0.73365, 0.72626, 0.72315, 0.72868, 
0.73072, 0.73194, 0.7256, 0.72458, 0.73063, 0.71528, 0.70543, 
0.72628, 0.70871, 0.0312, 0.0388, 0.0423, 0.0518, 0.0794, 0.0578, 
0.138, 0.0802, 0.0655, 0.0936, 0.1027, 169.4, 239.1, 259.3, 275.8, 
160.7, 301.1, 208.2, 357.1, 318.9, 418.2, 434, 1452, 1722, 1877, 
1286, 1065, 424, 500, 706, 344, 1443, 65, 1, 1, 1, 3, 1, 1, 8, 
1, 1, 1, 1, 100, 100, 100, 100, 100, 100, 100, 100, 100, 100, 
100, 2500, 2500, 2500, 2500, 2500, 2500, 2500, 2500, 2500, 2500, 
2500, 9019.398, 9184.422, 9324.244, 9567.885, 9843.005, 9955.09199999999, 
10451.301, 10509.736, 10907.446, 10517.627, 11525.428, 1, 1, 
1, 1, 1, 1, 1, 1, 1, 1, 1, 0.1, 0.1, 0.1, 0.1, 0.1, 0.1, 0.1, 
0.1, 0.1, 0.1, 0.1, 0, 0, 0, 0, 0, 0, 0, 0, 0, 0, 0, 0, 0, 0, 
0, 0, 0, 0, 0, 0, 0, 0, 0.72993, 0.73815, 0.73029, 0.7399, 0.74311, 
0.73184, 0.73072, 0.71528, 0.71111, 0.70954, 0.71231, 0.73362, 
0.73815, 0.73029, 0.7399, 0.74311, 0.73654, 0.7285, 0.71732, 
0.71111, 0.70954, 0.7088, 0.0282, 0.0335, 0.036, 0.0385, 0.0419, 
0.0465, 0.0516, 0.0528, 0.0599, 0.0628, 0.0743, 142.6, 155.6, 
174.1, 178.4, 193.9, 213.2, 228.7, 250, 266.5, 280.9, 300.6, 
1, 1, 1, 1, 1, 1, 1, 1, 1, 1, 1, 1, 1, 1, 1, 1, 1, 1, 1, 1, 1, 
1, 1, 1, 1, 1, 1, 1, 1, 1, 1, 1, 1, 1, 1, 1, 1, 1, 1, 1, 1, 1, 
1, 1, 3.414, 3.449, 3.43, 3.499, 3.513, 3.502, 3.447, 3.333, 
3.353, 2.925, 3.43), .Dim = c(11L, 40L), .Dimnames = list(NULL, 
    c("Sampling", "PSO.cost", "PSO.gamma", "PSO.data.balancing", 
    "PSO.feature.selection", "PSO.valid.acc", "PSO.test.acc", 
    "PSO.train.time", "PSO.n.support.vectors", "PSO.index", "PSO.n.solutions", 
    "PSO.generations", "PSO.n.evaluations", "PSO.cpu.time", "RS.cost", 
    "RS.gamma", "RS.data.balancing", "RS.feature.selection", 
    "RS.valid.acc", "RS.test.acc", "RS.train.time", "RS.n.support.vectors", 
    "RS.index", "RS.n.solutions", "RS.generations", "RS.n.evaluations", 
    "RS.cpu.time", "DF.cost", "DF.gamma", "DF.data.balancing", 
    "DF.feature.selection", "DF.valid.acc", "DF.test.acc", "DF.train.time", 
    "DF.n.support.vectors", "DF.index", "DF.n.solutions", "DF.generations", 
    "DF.n.evaluations", "DF.cpu.time")))
