full <-
structure(c(50, 55, 60, 65, 70, 75, 80, 85, 90, 95, 100, 3.00977, 
1.07423, 0.8101, 1.0123, -0.10369, 0.20913, 10.8248, 12.94964, 
8.17229, 0.44109, 2.27798, 1.45408, 1.1701, -0.60745, 1.83134, 
0.20034, 1.72121, 2.47767, -8.62726, -9.67884, 1.40728, 2.11421, 
0, 0, 0, 0, 0, 0, 0, 0, 0, 0, 0, 0, 0, 0, 0, 0, 0, 0, 0, 0, 0, 
0, 0.75177, 0.75066, 0.73574, 0.72901, 0.74333, 0.72962, 0.73092, 
0.71112, 0.71515, 0.71688, 0.72996, 0.73108, 0.69995, 0.71826, 
0.7152, 0.70788, 0.70858, 0.71097, 0.70908, 0.70931, 0.70199, 
0.70703, 0.036, 0.0417, 0.0392, 0.051, 0.055, 0.0705, 0.0746, 
0.1616, 0.0628, 0.0936, 0.1093, 226.3, 244.6, 232.4, 292.3, 284.4, 
336.3, 361.1, 234.9, 247.8, 415.1, 448.2, 448, 1036, 940, 1794, 
2071, 520, 673, 800, 1303, 1965, 265, 314, 51, 71, 1, 2, 404, 
639, 47, 44, 5, 123, 100, 100, 100, 100, 100, 100, 100, 100, 
100, 100, 100, 2500, 2500, 2500, 2500, 2500, 2500, 2500, 2500, 
2500, 2500, 2500, 8674.216, 8775.391, 8692.435, 9369.33199999999, 
8760.099, 9155.355, 9223.58200000001, 11477.863, 8063.133, 8711.51000000001, 
9324.614, 2.12215, 1.13087, 1.64168, 0.63992, -0.07496, 0.31884, 
13.48643, 0.36292, 12.46835, 0.73658, 10.11091, 1.40756, 1.04623, 
-1.07333, 0.90664, 0.17764, 1.81289, 2.47685, 1.50967, -13.68472, 
-4.17061, 2.078, 0, 0, 0, 0, 0, 0, 0, 0, 0, 0, 0, 0, 0, 0, 0, 
0, 0, 0, 0, 0, 0, 0, 0.74475, 0.74431, 0.73271, 0.72922, 0.7409, 
0.72497, 0.7287, 0.7129, 0.71319, 0.71143, 0.72649, 0.73822, 
0.6938, 0.72406, 0.71271, 0.71038, 0.70377, 0.71097, 0.69615, 
0.70927, 0.70584, 0.7106, 0.0354, 0.0395, 0.0413, 0.0507, 0.054, 
0.0617, 0.0721, 0.0767, 0.0784, 0.0672, 0.1051, 225.4, 243.3, 
217.1, 281.5, 284, 337.2, 361.1, 377.7, 247.3, 277.9, 446.5, 
2109, 1264, 1564, 57, 1837, 968, 1432, 1947, 161, 652, 4, 1, 
1, 1, 1, 1, 1, 1, 1, 2, 2, 2, 100, 100, 100, 100, 100, 100, 100, 
100, 100, 100, 100, 2500, 2500, 2500, 2500, 2500, 2500, 2500, 
2500, 2500, 2500, 2500, 8939.123, 9054.284, 9270.919, 9457.83200000001, 
9768.04700000001, 9865.671, 9874.39999999999, 9676.14600000001, 
9856.231, 10264.769, 11611.78, 1, 1, 1, 1, 1, 1, 1, 1, 1, 1, 
1, 0.1, 0.1, 0.1, 0.1, 0.1, 0.1, 0.1, 0.1, 0.1, 0.1, 0.1, 0, 
0, 0, 0, 0, 0, 0, 0, 0, 0, 0, 0, 0, 0, 0, 0, 0, 0, 0, 0, 0, 0, 
0.69463, 0.70952, 0.69482, 0.71563, 0.71295, 0.70598, 0.70203, 
0.6862, 0.70535, 0.70391, 0.70177, 0.70177, 0.71244, 0.69776, 
0.71826, 0.72301, 0.70354, 0.69314, 0.69649, 0.69943, 0.70213, 
0.7017, 0.0294, 0.033, 0.035, 0.0403, 0.0411, 0.0507, 0.0514, 
0.0569, 0.061, 0.067, 0.0728, 157.2, 169, 185.6, 198, 206.7, 
231.6, 247, 265.7, 272.8, 288.3, 298.5, 1, 1, 1, 1, 1, 1, 1, 
1, 1, 1, 1, 1, 1, 1, 1, 1, 1, 1, 1, 1, 1, 1, 1, 1, 1, 1, 1, 1, 
1, 1, 1, 1, 1, 1, 1, 1, 1, 1, 1, 1, 1, 1, 1, 1, 3.422, 3.414, 
3.48, 3.498, 3.473, 4.323, 3.352, 3.198, 3.303, 3.312, 3.437), .Dim = c(11L, 
40L), .Dimnames = list(NULL, c("Sampling", "PSO.cost", "PSO.gamma", 
"PSO.data.balancing", "PSO.feature.selection", "PSO.valid.acc", 
"PSO.test.acc", "PSO.train.time", "PSO.n.support.vectors", "PSO.index", 
"PSO.n.solutions", "PSO.generations", "PSO.n.evaluations", "PSO.cpu.time", 
"RS.cost", "RS.gamma", "RS.data.balancing", "RS.feature.selection", 
"RS.valid.acc", "RS.test.acc", "RS.train.time", "RS.n.support.vectors", 
"RS.index", "RS.n.solutions", "RS.generations", "RS.n.evaluations", 
"RS.cpu.time", "DF.cost", "DF.gamma", "DF.data.balancing", "DF.feature.selection", 
"DF.valid.acc", "DF.test.acc", "DF.train.time", "DF.n.support.vectors", 
"DF.index", "DF.n.solutions", "DF.generations", "DF.n.evaluations", 
"DF.cpu.time")))
