full <-
structure(c(50, 55, 60, 65, 70, 75, 80, 85, 90, 95, 100, -0.00722, 
0.34667, -0.37012, 0.77026, 0.01726, -1.46545, 2.58308, -0.47579, 
-0.42086, -0.3642, -0.5091, -1.69965, -0.97204, 0.02852, -1.74321, 
0.86952, -1.34022, -4.67506, 0.08694, 1.13159, -0.48592, -0.28561, 
0, 0, 0, 0, 0, 0, 0, 0, 0, 0, 0, 0, 0, 0, 0, 0, 0, 0, 0, 0, 0, 
0, 0.75055, 0.75065, 0.74499, 0.74304, 0.73535, 0.72702, 0.73746, 
0.73379, 0.72298, 0.72444, 0.72833, 0.72986, 0.71555, 0.7482, 
0.72901, 0.72792, 0.71307, 0.7263, 0.7255, 0.71309, 0.73205, 
0.72294, 0.0299, 0.035, 0.0442, 0.0422, 0.0566, 0.0539, 0.0504, 
0.0709, 0.0801, 0.0766, 0.0904, 175.3, 205.2, 246, 225, 301.8, 
271.2, 223.2, 342, 388, 363.2, 394.5, 1008, 994, 1699, 1515, 
802, 1156, 656, 2222, 2098, 1943, 1532, 120, 129, 100, 11, 27, 
68, 157, 8, 13, 13, 52, 100, 100, 100, 100, 100, 100, 100, 100, 
100, 100, 100, 2500, 2500, 2500, 2500, 2500, 2500, 2500, 2500, 
2500, 2500, 2500, 8715.095, 8663.488, 8831.678, 8848.682, 8899.057, 
8971.44200000001, 8816.053, 9394.63499999999, 9441.25399999999, 
9384.818, 9148.35799999998, -7e-04, 0.33493, 14.98677, 6.7561, 
0.10598, -1.34881, 2.47278, -0.46412, -0.45548, 0.44439, -0.15775, 
-2.03806, -1.10038, -12.59512, -7.79082, 0.98692, -1.8035, -4.60099, 
0.03911, 2.69111, 1.47779, 0.15644, 0, 0, 0, 0, 0, 0, 0, 0, 0, 
0, 0, 0, 0, 0, 0, 0, 0, 0, 0, 0, 0, 0, 0.74366, 0.74128, 0.74197, 
0.74261, 0.73054, 0.72231, 0.73746, 0.72963, 0.72109, 0.72046, 
0.72291, 0.72986, 0.71868, 0.72093, 0.74261, 0.73298, 0.71063, 
0.7263, 0.72976, 0.71709, 0.71117, 0.71589, 0.0305, 0.0354, 0.0545, 
0.0405, 0.0532, 0.0491, 0.0513, 0.0718, 0.0849, 0.0922, 0.0956, 
169.5, 201.6, 158.5, 181, 302.9, 257.9, 223.7, 341.4, 406.7, 
415.9, 406.8, 312, 1547, 1762, 855, 1753, 2337, 296, 807, 622, 
819, 323, 1, 1, 1, 4, 1, 1, 1, 1, 2, 1, 2, 100, 100, 100, 100, 
100, 100, 100, 100, 100, 100, 100, 2500, 2500, 2500, 2500, 2500, 
2500, 2500, 2500, 2500, 2500, 2500, 9041.683, 9097.397, 9361.227, 
9513.702, 9944.891, 10280.112, 10467.055, 10258.483, 10300.795, 
10438.04, 10772.759, 1, 1, 1, 1, 1, 1, 1, 1, 1, 1, 1, 0.1, 0.1, 
0.1, 0.1, 0.1, 0.1, 0.1, 0.1, 0.1, 0.1, 0.1, 0, 0, 0, 0, 0, 0, 
0, 0, 0, 0, 0, 0, 0, 0, 0, 0, 0, 0, 0, 0, 0, 0, 0.73343, 0.71222, 
0.72976, 0.72653, 0.7231, 0.71058, 0.71756, 0.72147, 0.71521, 
0.71693, 0.7053, 0.73343, 0.73472, 0.72405, 0.72376, 0.71041, 
0.71296, 0.72206, 0.71526, 0.70929, 0.71696, 0.70881, 0.0285, 
0.0315, 0.0346, 0.0395, 0.0421, 0.0488, 0.0498, 0.0552, 0.063, 
0.063, 0.0736, 147.8, 162.7, 176.1, 197.1, 210, 224.1, 235.2, 
250.1, 266.7, 278, 300.6, 1, 1, 1, 1, 1, 1, 1, 1, 1, 1, 1, 1, 
1, 1, 1, 1, 1, 1, 1, 1, 1, 1, 1, 1, 1, 1, 1, 1, 1, 1, 1, 1, 1, 
1, 1, 1, 1, 1, 1, 1, 1, 1, 1, 1, 3.4, 3.378, 3.334, 3.351, 3.394, 
3.568, 3.372, 3.348, 3.336, 3.091, 3.362), .Dim = c(11L, 40L), .Dimnames = list(
    NULL, c("Sampling", "PSO.cost", "PSO.gamma", "PSO.data.balancing", 
    "PSO.feature.selection", "PSO.valid.acc", "PSO.test.acc", 
    "PSO.train.time", "PSO.n.support.vectors", "PSO.index", "PSO.n.solutions", 
    "PSO.generations", "PSO.n.evaluations", "PSO.cpu.time", "RS.cost", 
    "RS.gamma", "RS.data.balancing", "RS.feature.selection", 
    "RS.valid.acc", "RS.test.acc", "RS.train.time", "RS.n.support.vectors", 
    "RS.index", "RS.n.solutions", "RS.generations", "RS.n.evaluations", 
    "RS.cpu.time", "DF.cost", "DF.gamma", "DF.data.balancing", 
    "DF.feature.selection", "DF.valid.acc", "DF.test.acc", "DF.train.time", 
    "DF.n.support.vectors", "DF.index", "DF.n.solutions", "DF.generations", 
    "DF.n.evaluations", "DF.cpu.time")))
