full <-
structure(c(50, 55, 60, 65, 70, 75, 80, 85, 90, 95, 100, 2.6507, 
0.04189, 8.35019, 0.45811, -0.11576, -0.14547, 3.1824, 2.48315, 
4.41742, -0.42214, -0.44676, -10.37915, -3.19457, -7.28466, -2.04844, 
0.13259, -1.09762, -5.08317, -3.4015, -11.50519, 2.21281, 0.441, 
0, 0, 0, 0, 0, 0, 0, 0, 0, 0, 0, 0, 0, 0, 0, 0, 0, 0, 0, 0, 0, 
0, 0.72278, 0.73503, 0.7565, 0.75078, 0.75058, 0.75764, 0.72406, 
0.72774, 0.71319, 0.71334, 0.72457, 0.72278, 0.72202, 0.74189, 
0.7483, 0.72551, 0.72708, 0.71758, 0.7004, 0.71319, 0.7132, 0.71598, 
0.0276, 0.0329, 0.0365, 0.0412, 0.056, 0.0535, 0.0505, 0.0568, 
0.062, 0.0999, 0.104, 141.6, 164.9, 153.6, 207.6, 282.3, 262.7, 
221.1, 251.4, 257.6, 425.7, 417, 4, 471, 620, 1337, 2347, 906, 
1588, 1195, 11, 2400, 1023, 2122, 121, 160, 148, 6, 59, 4, 28, 
2178, 1, 97, 100, 100, 100, 100, 100, 100, 100, 100, 100, 100, 
100, 2500, 2500, 2500, 2500, 2500, 2500, 2500, 2500, 2500, 2500, 
2500, 7797.841, 7680.634, 8120.64, 8274.422, 8289.22, 7947.83099999999, 
8186.473, 9139.17999999999, 7985.685, 8337.69400000002, 9172.33100000001, 
6.30389, -0.20268, 8.49893, -0.0957, -0.25363, 0.317, -1.56971, 
7.65158, -0.46463, 5.08468, 4.14817, -14.8336, -2.98793, -7.36265, 
-1.69061, 0.06909, -2.47452, -1.18329, -5.40361, 2.07943, -3.56755, 
1.51955, 0, 0, 0, 0, 0, 0, 0, 0, 0, 0, 0, 0, 0, 0, 0, 0, 0, 0, 
0, 0, 0, 0, 0.72278, 0.73503, 0.7565, 0.74545, 0.74308, 0.75061, 
0.72406, 0.72158, 0.71711, 0.71533, 0.7177, 0.72278, 0.72535, 
0.74189, 0.74297, 0.71801, 0.7459, 0.71527, 0.68799, 0.71515, 
0.70953, 0.69846, 0.0278, 0.0305, 0.0405, 0.04, 0.0512, 0.0474, 
0.0575, 0.0727, 0.0883, 0.0752, 0.1183, 138.4, 166.7, 153.5, 
216.1, 280.3, 226.9, 283.4, 232.8, 401.7, 265, 430.3, 2, 394, 
340, 183, 86, 1532, 172, 1730, 1285, 1621, 2172, 1085, 1, 2, 
1, 2, 1, 5, 1, 1, 1, 1, 100, 100, 100, 100, 100, 100, 100, 100, 
100, 100, 100, 2500, 2500, 2500, 2500, 2500, 2500, 2500, 2500, 
2500, 2500, 2500, 8138.423, 8294.168, 8589.36199999999, 8805.792, 
8701.114, 8995.383, 9260.992, 9345.10000000001, 9920.095, 10518.877, 
13628.524, 1, 1, 1, 1, 1, 1, 1, 1, 1, 1, 1, 0.1, 0.1, 0.1, 0.1, 
0.1, 0.1, 0.1, 0.1, 0.1, 0.1, 0.1, 0, 0, 0, 0, 0, 0, 0, 0, 0, 
0, 0, 0, 0, 0, 0, 0, 0, 0, 0, 0, 0, 0, 0.71933, 0.72868, 0.72147, 
0.7236, 0.72545, 0.72946, 0.71527, 0.71103, 0.69723, 0.70391, 
0.7106, 0.71576, 0.72868, 0.72129, 0.72361, 0.72801, 0.72951, 
0.71749, 0.71316, 0.70123, 0.70771, 0.71404, 0.0279, 0.0338, 
0.0343, 0.0391, 0.0426, 0.0464, 0.0514, 0.0558, 0.0623, 0.067, 
0.0824, 150.8, 163.9, 174.8, 187.7, 202.2, 212.1, 234.8, 255.9, 
270.3, 283.4, 299.6, 1, 1, 1, 1, 1, 1, 1, 1, 1, 1, 1, 1, 1, 1, 
1, 1, 1, 1, 1, 1, 1, 1, 1, 1, 1, 1, 1, 1, 1, 1, 1, 1, 1, 1, 1, 
1, 1, 1, 1, 1, 1, 1, 1, 1, 2.97, 3.07, 3.145, 3.194, 3.099, 3.084, 
3.105, 3.09, 3.151, 3.171, 4.467), .Dim = c(11L, 40L), .Dimnames = list(
    NULL, c("Sampling", "PSO.cost", "PSO.gamma", "PSO.data.balancing", 
    "PSO.feature.selection", "PSO.valid.acc", "PSO.test.acc", 
    "PSO.train.time", "PSO.n.support.vectors", "PSO.index", "PSO.n.solutions", 
    "PSO.generations", "PSO.n.evaluations", "PSO.cpu.time", "RS.cost", 
    "RS.gamma", "RS.data.balancing", "RS.feature.selection", 
    "RS.valid.acc", "RS.test.acc", "RS.train.time", "RS.n.support.vectors", 
    "RS.index", "RS.n.solutions", "RS.generations", "RS.n.evaluations", 
    "RS.cpu.time", "DF.cost", "DF.gamma", "DF.data.balancing", 
    "DF.feature.selection", "DF.valid.acc", "DF.test.acc", "DF.train.time", 
    "DF.n.support.vectors", "DF.index", "DF.n.solutions", "DF.generations", 
    "DF.n.evaluations", "DF.cpu.time")))
