full <-
structure(c(50, 55, 60, 65, 70, 75, 80, 85, 90, 95, 100, 9.29794, 
4.77137, 3.75594, -1.01487, -0.49263, -0.41622, -0.91266, -0.77534, 
-0.79251, 3.71523, 7.02234, -10.04146, -5.6399, -6.08455, 0.02327, 
-0.23003, 0.06757, 0.41855, -0.14175, -0.15079, 0.63098, -5.87777, 
0, 0, 0, 0, 0, 0, 0, 0, 0, 0, 0, 0, 0, 0, 0, 0, 0, 0, 0, 0, 0, 
0, 0.7116, 0.74133, 0.73314, 0.73178, 0.73785, 0.74338, 0.73314, 
0.74228, 0.73876, 0.73245, 0.73699, 0.68377, 0.7254, 0.71557, 
0.72645, 0.72791, 0.73618, 0.72874, 0.72136, 0.72888, 0.70995, 
0.71769, 0.0278, 0.0311, 0.0349, 0.049, 0.0499, 0.0555, 0.0647, 
0.0671, 0.0742, 0.0973, 0.082, 137.8, 150, 161.9, 261.6, 277.1, 
303.4, 332.5, 334.4, 353.7, 370.4, 279.9, 659, 2329, 1412, 476, 
1101, 1530, 563, 727, 605, 584, 1286, 75, 3, 48, 196, 23, 79, 
443, 359, 195, 332, 24, 100, 100, 100, 100, 100, 100, 100, 100, 
100, 100, 100, 2500, 2500, 2500, 2500, 2500, 2500, 2500, 2500, 
2500, 2500, 2500, 8705.66, 8537.249, 8938.489, 8775.90399999999, 
8830.48800000001, 9036.38800000001, 8762.254, 8844.30499999999, 
8890.38799999998, 9683.22099999999, 10095.062, 9.34983, 4.65864, 
3.8315, -0.50556, -1.00881, -0.58422, -0.89839, -0.89574, -0.72682, 
-0.31403, 9.83855, -10.10676, -5.50724, -6.18566, -1.21569, -1.32817, 
0.18931, 0.32186, 0.13843, -0.28502, -0.84489, -7.00125, 0, 0, 
0, 0, 0, 0, 0, 0, 0, 0, 0, 0, 0, 0, 0, 0, 0, 0, 0, 0, 0, 0, 0.7116, 
0.7381, 0.7302, 0.72659, 0.73554, 0.74117, 0.73092, 0.73811, 
0.73676, 0.73588, 0.73339, 0.68377, 0.7255, 0.71557, 0.72104, 
0.7281, 0.73867, 0.73087, 0.72349, 0.7308, 0.71561, 0.71246, 
0.0277, 0.0316, 0.0333, 0.0401, 0.0462, 0.0602, 0.0675, 0.068, 
0.0748, 0.0775, 0.117, 137.6, 150.2, 162.1, 229, 246, 307.8, 
330.5, 344.7, 349.2, 348.8, 276.6, 1940, 686, 1790, 478, 1624, 
1727, 1132, 912, 1783, 10, 1133, 1, 1, 1, 1, 1, 1, 1, 1, 3, 1, 
1, 100, 100, 100, 100, 100, 100, 100, 100, 100, 100, 100, 2500, 
2500, 2500, 2500, 2500, 2500, 2500, 2500, 2500, 2500, 2500, 8897.855, 
9016.914, 9097.241, 9413.745, 9787.48, 9797.401, 9906.72500000001, 
9630.24599999998, 10414.808, 10431.083, 11510.47, 1, 1, 1, 1, 
1, 1, 1, 1, 1, 1, 1, 0.1, 0.1, 0.1, 0.1, 0.1, 0.1, 0.1, 0.1, 
0.1, 0.1, 0.1, 0, 0, 0, 0, 0, 0, 0, 0, 0, 0, 0, 0, 0, 0, 0, 0, 
0, 0, 0, 0, 0, 0, 0.67419, 0.69032, 0.72163, 0.72097, 0.71535, 
0.71287, 0.71314, 0.71311, 0.71915, 0.71331, 0.71406, 0.67354, 
0.67762, 0.7186, 0.72097, 0.72798, 0.71746, 0.71101, 0.7152, 
0.71715, 0.71142, 0.71055, 0.0277, 0.031, 0.0338, 0.0391, 0.0451, 
0.0458, 0.0523, 0.0554, 0.0631, 0.0641, 0.0732, 155.7, 164.9, 
175.5, 189.8, 206.1, 219.1, 231.8, 250.5, 267.1, 282.6, 301.3, 
1, 1, 1, 1, 1, 1, 1, 1, 1, 1, 1, 1, 1, 1, 1, 1, 1, 1, 1, 1, 1, 
1, 1, 1, 1, 1, 1, 1, 1, 1, 1, 1, 1, 1, 1, 1, 1, 1, 1, 1, 1, 1, 
1, 1, 3.398, 3.412, 3.386, 3.42, 3.479, 3.351, 3.416, 3.185, 
3.431, 3.331, 3.652), .Dim = c(11L, 40L), .Dimnames = list(NULL, 
    c("Sampling", "PSO.cost", "PSO.gamma", "PSO.data.balancing", 
    "PSO.feature.selection", "PSO.valid.acc", "PSO.test.acc", 
    "PSO.train.time", "PSO.n.support.vectors", "PSO.index", "PSO.n.solutions", 
    "PSO.generations", "PSO.n.evaluations", "PSO.cpu.time", "RS.cost", 
    "RS.gamma", "RS.data.balancing", "RS.feature.selection", 
    "RS.valid.acc", "RS.test.acc", "RS.train.time", "RS.n.support.vectors", 
    "RS.index", "RS.n.solutions", "RS.generations", "RS.n.evaluations", 
    "RS.cpu.time", "DF.cost", "DF.gamma", "DF.data.balancing", 
    "DF.feature.selection", "DF.valid.acc", "DF.test.acc", "DF.train.time", 
    "DF.n.support.vectors", "DF.index", "DF.n.solutions", "DF.generations", 
    "DF.n.evaluations", "DF.cpu.time")))
