full <-
structure(c(50, 55, 60, 65, 70, 75, 80, 85, 90, 95, 100, 4.05084, 
2.8935, 7.33984, 11.75494, 2.33978, 2.56271, 0.66106, 0.79493, 
0.54202, 0.3055, 1.71629, 1.94762, 1.48958, -7.70312, -9.31377, 
-3.43141, -4.16406, 1.38786, 1.50904, 1.81751, 1.07291, 1.91631, 
0, 0, 0, 0, 0, 0, 0, 0, 0, 0, 0, 0, 0, 0, 0, 0, 0, 0, 0, 0, 0, 
0, 0.71872, 0.72857, 0.71538, 0.72083, 0.73555, 0.73684, 0.73068, 
0.74864, 0.73634, 0.74306, 0.73366, 0.69076, 0.71225, 0.69185, 
0.69117, 0.71573, 0.71336, 0.72193, 0.73631, 0.72088, 0.73182, 
0.72141, 0.0365, 0.0415, 0.0395, 0.0658, 0.0474, 0.0514, 0.0764, 
0.0851, 0.0936, 0.1007, 0.1174, 224.6, 241.6, 170.1, 182.9, 212.5, 
215.8, 348.3, 372.8, 399, 407.3, 446.1, 189, 194, 773, 1120, 
487, 368, 2418, 1872, 1792, 1599, 723, 835, 213, 58, 62, 289, 
259, 1, 32, 23, 33, 36, 100, 100, 100, 100, 100, 100, 100, 100, 
100, 100, 100, 2500, 2500, 2500, 2500, 2500, 2500, 2500, 2500, 
2500, 2500, 2500, 7826.999, 7949.758, 8507.792, 8826.236, 7897.768, 
8324.287, 8692.149, 9062.231, 8840.40400000001, 9537.49799999999, 
9849.95799999998, 12.67282, 3.59424, 4.40754, 2.83272, 2.28462, 
2.4664, 1.8496, 0.65534, 0.34584, 0.35186, 3.21078, 1.96499, 
1.04956, -3.97776, -3.53596, -3.42047, -4.12524, -2.90067, 1.49263, 
0.12257, 1.34124, 1.24577, 0, 0, 0, 0, 0, 0, 0, 0, 0, 0, 0, 0, 
0, 0, 0, 0, 0, 0, 0, 0, 0, 0, 0.71872, 0.72857, 0.71261, 0.72076, 
0.73555, 0.73684, 0.72184, 0.74239, 0.73253, 0.73555, 0.73356, 
0.69076, 0.71527, 0.68622, 0.70213, 0.71573, 0.71103, 0.69097, 
0.74256, 0.72869, 0.72616, 0.71783, 0.0366, 0.0407, 0.0403, 0.0426, 
0.0473, 0.0484, 0.0584, 0.0821, 0.0852, 0.102, 0.1151, 224.6, 
232.8, 176.5, 197.1, 212.3, 216.5, 245.8, 372.9, 356.4, 414.8, 
421.7, 657, 97, 562, 2056, 792, 2099, 1005, 1802, 459, 1458, 
1848, 1, 1, 1, 1, 1, 1, 1, 1, 1, 1, 1, 100, 100, 100, 100, 100, 
100, 100, 100, 100, 100, 100, 2500, 2500, 2500, 2500, 2500, 2500, 
2500, 2500, 2500, 2500, 2500, 8328.666, 8372.709, 8605.177, 8927.976, 
9323.151, 9817.93000000001, 9778.29300000001, 10197.087, 10255.226, 
11055.334, 11640.65, 1, 1, 1, 1, 1, 1, 1, 1, 1, 1, 1, 0.1, 0.1, 
0.1, 0.1, 0.1, 0.1, 0.1, 0.1, 0.1, 0.1, 0.1, 0, 0, 0, 0, 0, 0, 
0, 0, 0, 0, 0, 0, 0, 0, 0, 0, 0, 0, 0, 0, 0, 0, 0.68768, 0.69651, 
0.70664, 0.71017, 0.70785, 0.70605, 0.69768, 0.6922, 0.71711, 
0.71696, 0.71057, 0.68374, 0.70296, 0.70076, 0.70476, 0.70798, 
0.69907, 0.70208, 0.70063, 0.71908, 0.71507, 0.70881, 0.0316, 
0.0341, 0.0375, 0.039, 0.0431, 0.0507, 0.0551, 0.0555, 0.0652, 
0.0709, 0.0775, 166, 175.9, 186.8, 201.2, 215.4, 227.8, 242, 
252.6, 263.9, 280.6, 300.3, 1, 1, 1, 1, 1, 1, 1, 1, 1, 1, 1, 
1, 1, 1, 1, 1, 1, 1, 1, 1, 1, 1, 1, 1, 1, 1, 1, 1, 1, 1, 1, 1, 
1, 1, 1, 1, 1, 1, 1, 1, 1, 1, 1, 1, 3.103, 3.112, 3.018, 2.884, 
3.063, 3.29, 3.363, 3.229, 3.395, 3.398, 3.525), .Dim = c(11L, 
40L), .Dimnames = list(NULL, c("Sampling", "PSO.cost", "PSO.gamma", 
"PSO.data.balancing", "PSO.feature.selection", "PSO.valid.acc", 
"PSO.test.acc", "PSO.train.time", "PSO.n.support.vectors", "PSO.index", 
"PSO.n.solutions", "PSO.generations", "PSO.n.evaluations", "PSO.cpu.time", 
"RS.cost", "RS.gamma", "RS.data.balancing", "RS.feature.selection", 
"RS.valid.acc", "RS.test.acc", "RS.train.time", "RS.n.support.vectors", 
"RS.index", "RS.n.solutions", "RS.generations", "RS.n.evaluations", 
"RS.cpu.time", "DF.cost", "DF.gamma", "DF.data.balancing", "DF.feature.selection", 
"DF.valid.acc", "DF.test.acc", "DF.train.time", "DF.n.support.vectors", 
"DF.index", "DF.n.solutions", "DF.generations", "DF.n.evaluations", 
"DF.cpu.time")))
