full <-
structure(c(50, 55, 60, 65, 70, 75, 80, 85, 90, 95, 100, 14.51891, 
1.14091, 1.0912, 0.89259, 2.00007, 2.84202, 3.6316, 7.1052, 2.43561, 
11.62162, 0.57112, -11.23042, 2.16382, 0.4095, 1.87281, 1.23273, 
1.33762, 1.98406, -6.51853, 0.96088, -8.05107, 1.75974, 0, 0, 
0, 0, 0, 0, 0, 0, 0, 0, 0, 0, 0, 0, 0, 0, 0, 0, 0, 0, 0, 0, 0.75746, 
0.73175, 0.74227, 0.74289, 0.73545, 0.73654, 0.73495, 0.74048, 
0.73457, 0.72642, 0.72467, 0.76031, 0.72198, 0.71882, 0.72134, 
0.72795, 0.73162, 0.73732, 0.71339, 0.69927, 0.70779, 0.71949, 
0.0487, 0.0452, 0.046, 0.0568, 0.0618, 0.0717, 0.0749, 0.0632, 
0.0884, 0.1326, 0.1155, 131.1, 249.3, 246.4, 292.5, 300.2, 321.8, 
357, 238.3, 373.2, 257.9, 445.2, 323, 346, 535, 2066, 2340, 489, 
862, 666, 937, 1685, 2176, 523, 162, 269, 3, 4, 768, 213, 26, 
30, 4, 1, 100, 100, 100, 100, 100, 100, 100, 100, 100, 100, 100, 
2500, 2500, 2500, 2500, 2500, 2500, 2500, 2500, 2500, 2500, 2500, 
7508.961, 7420.994, 7443.567, 7737.903, 8012.037, 8193.81599999999, 
8370.67200000001, 8104.289, 8712.94, 10208.455, 8557.63099999999, 
14.8806, 1.61787, 12.85517, -0.16211, 2.21395, 3.17411, 1.43799, 
12.79391, 1.84092, 4.10716, 1.06391, -11.5524, 2.05893, -9.21441, 
-1.94106, 1.25696, 1.40551, 1.31788, -8.97033, 0.97934, -4.58513, 
1.24845, 0, 0, 0, 0, 0, 0, 0, 0, 0, 0, 0, 0, 0, 0, 0, 0, 0, 0, 
0, 0, 0, 0, 0.75746, 0.72863, 0.73908, 0.73412, 0.72795, 0.73422, 
0.7348, 0.74456, 0.73061, 0.72442, 0.72297, 0.75674, 0.72208, 
0.72143, 0.7152, 0.72545, 0.72231, 0.71283, 0.70515, 0.70504, 
0.70395, 0.70343, 0.0471, 0.0427, 0.0675, 0.0419, 0.0587, 0.0719, 
0.0724, 0.124, 0.0928, 0.073, 0.1123, 130.7, 248.1, 160.9, 211.7, 
300.1, 322.9, 347.4, 232.9, 378.3, 268.8, 432.5, 92, 752, 2254, 
702, 2428, 417, 925, 2089, 1099, 1267, 354, 2, 6, 1, 1, 1, 1, 
1, 1, 1, 2, 1, 100, 100, 100, 100, 100, 100, 100, 100, 100, 100, 
100, 2500, 2500, 2500, 2500, 2500, 2500, 2500, 2500, 2500, 2500, 
2500, 7444.81, 7637.94, 7809.173, 8181.15399999999, 8550.692, 
8708.18699999999, 8960.652, 9330.58300000001, 9879.019, 10274.779, 
10674.456, 1, 1, 1, 1, 1, 1, 1, 1, 1, 1, 1, 0.1, 0.1, 0.1, 0.1, 
0.1, 0.1, 0.1, 0.1, 0.1, 0.1, 0.1, 0, 0, 0, 0, 0, 0, 0, 0, 0, 
0, 0, 0, 0, 0, 0, 0, 0, 0, 0, 0, 0, 0, 0.72606, 0.7124, 0.70975, 
0.71797, 0.71538, 0.70587, 0.71958, 0.70085, 0.69162, 0.7058, 
0.71232, 0.72642, 0.70615, 0.72437, 0.70147, 0.69032, 0.70825, 
0.69982, 0.70944, 0.69346, 0.70206, 0.71057, 0.0292, 0.0326, 
0.0366, 0.0398, 0.045, 0.0493, 0.0545, 0.0622, 0.0663, 0.0723, 
0.0751, 154.7, 170.5, 185.5, 197.4, 215.3, 225.7, 241.2, 258.1, 
273.8, 284.5, 301.9, 1, 1, 1, 1, 1, 1, 1, 1, 1, 1, 1, 1, 1, 1, 
1, 1, 1, 1, 1, 1, 1, 1, 1, 1, 1, 1, 1, 1, 1, 1, 1, 1, 1, 1, 1, 
1, 1, 1, 1, 1, 1, 1, 1, 1, 2.792, 2.839, 2.882, 2.964, 3.033, 
3.041, 3.024, 3.1, 3.106, 3.152, 3.054), .Dim = c(11L, 40L), .Dimnames = list(
    NULL, c("Sampling", "PSO.cost", "PSO.gamma", "PSO.data.balancing", 
    "PSO.feature.selection", "PSO.valid.acc", "PSO.test.acc", 
    "PSO.train.time", "PSO.n.support.vectors", "PSO.index", "PSO.n.solutions", 
    "PSO.generations", "PSO.n.evaluations", "PSO.cpu.time", "RS.cost", 
    "RS.gamma", "RS.data.balancing", "RS.feature.selection", 
    "RS.valid.acc", "RS.test.acc", "RS.train.time", "RS.n.support.vectors", 
    "RS.index", "RS.n.solutions", "RS.generations", "RS.n.evaluations", 
    "RS.cpu.time", "DF.cost", "DF.gamma", "DF.data.balancing", 
    "DF.feature.selection", "DF.valid.acc", "DF.test.acc", "DF.train.time", 
    "DF.n.support.vectors", "DF.index", "DF.n.solutions", "DF.generations", 
    "DF.n.evaluations", "DF.cpu.time")))
