full <-
structure(c(50, 55, 60, 65, 70, 75, 80, 85, 90, 95, 100, 1.81461, 
2.23989, 5.33299, 6.50307, 0.46865, 0.18152, 2.67372, 7.47954, 
1.0456, 8.44718, 11.07368, -3.07716, -0.59835, 0.92545, 2.05147, 
1.78269, 0.47069, 0.0455, 2.4547, 3, -9.41135, -7.20062, 0, 0, 
0, 0, 0, 0, 0, 0, 0, 0, 0, 0, 0, 0, 0, 0, 0, 0, 0, 0, 0, 0, 0.76515, 
0.74058, 0.74532, 0.75309, 0.74846, 0.75052, 0.75072, 0.74424, 
0.72319, 0.72066, 0.72817, 0.75086, 0.69612, 0.719, 0.73935, 
0.72558, 0.74099, 0.7087, 0.72128, 0.71342, 0.70585, 0.69988, 
0.0293, 0.0361, 0.0506, 0.0554, 0.0627, 0.064, 0.0684, 0.0923, 
0.1024, 0.0814, 0.1818, 151, 197.6, 244.5, 289, 312.7, 305.2, 
295.5, 379.9, 406.4, 260.1, 273.8, 1333, 1328, 798, 256, 831, 
657, 1716, 285, 196, 446, 1131, 110, 33, 230, 612, 56, 244, 24, 
1255, 1018, 45, 94, 100, 100, 100, 100, 100, 100, 100, 100, 100, 
100, 100, 2500, 2500, 2500, 2500, 2500, 2500, 2500, 2500, 2500, 
2500, 2500, 6595.972, 6466.138, 8077.504, 8334.685, 8752.195, 
8903.989, 9063.37700000001, 9117.262, 9513.236, 9067.40300000002, 
12960.373, 1.82109, 2.48942, 4.19835, 8.35786, 0.60557, 0.23413, 
2.80074, 2.23484, 0.05285, 9.16544, 10.1651, -3.00117, -0.47413, 
0.8615, 2.08829, 2.2608, 0.42769, -0.06043, 0.92376, -0.22486, 
-9.96109, -6.94907, 0, 0, 0, 0, 0, 0, 0, 0, 0, 0, 0, 0, 0, 0, 
0, 0, 0, 0, 0, 0, 0, 0, 0.76158, 0.7311, 0.74238, 0.75038, 0.74583, 
0.74586, 0.74628, 0.75036, 0.72484, 0.72066, 0.72457, 0.75456, 
0.69602, 0.72195, 0.74213, 0.73045, 0.74105, 0.70865, 0.72965, 
0.69931, 0.70585, 0.69994, 0.0273, 0.0374, 0.0512, 0.055, 0.0593, 
0.0663, 0.0725, 0.0814, 0.0823, 0.0817, 0.1385, 151.5, 199.8, 
242.2, 289.2, 315.8, 302.8, 290.9, 350.3, 349.9, 259.8, 275.1, 
1576, 2171, 1382, 428, 2061, 37, 427, 655, 1014, 300, 2213, 1, 
1, 1, 4, 1, 1, 1, 2, 2, 6, 2, 100, 100, 100, 100, 100, 100, 100, 
100, 100, 100, 100, 2500, 2500, 2500, 2500, 2500, 2500, 2500, 
2500, 2500, 2500, 2500, 6805.479, 8396.266, 8687.081, 8916.934, 
9420.80899999999, 9612.58600000001, 10018.017, 10088.084, 10710.611, 
10799.856, 11138.337, 1, 1, 1, 1, 1, 1, 1, 1, 1, 1, 1, 0.1, 0.1, 
0.1, 0.1, 0.1, 0.1, 0.1, 0.1, 0.1, 0.1, 0.1, 0, 0, 0, 0, 0, 0, 
0, 0, 0, 0, 0, 0, 0, 0, 0, 0, 0, 0, 0, 0, 0, 0, 0.72278, 0.71255, 
0.71553, 0.72086, 0.72038, 0.72478, 0.72411, 0.72353, 0.71323, 
0.71141, 0.71232, 0.71933, 0.71879, 0.7215, 0.72101, 0.72038, 
0.72228, 0.72411, 0.71932, 0.71519, 0.70585, 0.71232, 0.0291, 
0.0307, 0.0391, 0.0417, 0.0465, 0.0512, 0.056, 0.0611, 0.0622, 
0.0721, 0.0753, 150.5, 164.2, 179.5, 192.2, 205.4, 220.5, 234.6, 
249.5, 265.1, 282.7, 300, 1, 1, 1, 1, 1, 1, 1, 1, 1, 1, 1, 1, 
1, 1, 1, 1, 1, 1, 1, 1, 1, 1, 1, 1, 1, 1, 1, 1, 1, 1, 1, 1, 1, 
1, 1, 1, 1, 1, 1, 1, 1, 1, 1, 1, 2.717, 3.209, 3.184, 3.211, 
3.377, 3.421, 3.383, 3.379, 3.436, 3.566, 3.405), .Dim = c(11L, 
40L), .Dimnames = list(NULL, c("Sampling", "PSO.cost", "PSO.gamma", 
"PSO.data.balancing", "PSO.feature.selection", "PSO.valid.acc", 
"PSO.test.acc", "PSO.train.time", "PSO.n.support.vectors", "PSO.index", 
"PSO.n.solutions", "PSO.generations", "PSO.n.evaluations", "PSO.cpu.time", 
"RS.cost", "RS.gamma", "RS.data.balancing", "RS.feature.selection", 
"RS.valid.acc", "RS.test.acc", "RS.train.time", "RS.n.support.vectors", 
"RS.index", "RS.n.solutions", "RS.generations", "RS.n.evaluations", 
"RS.cpu.time", "DF.cost", "DF.gamma", "DF.data.balancing", "DF.feature.selection", 
"DF.valid.acc", "DF.test.acc", "DF.train.time", "DF.n.support.vectors", 
"DF.index", "DF.n.solutions", "DF.generations", "DF.n.evaluations", 
"DF.cpu.time")))
