full <-
structure(c(50, 55, 60, 65, 70, 75, 80, 85, 90, 95, 100, 1, 0.96831, 
-0.19042, 0.53695, 0.17221, 7.40534, 1.6333, 2.00334, 1.39281, 
-0.50398, 0.66135, 0.1, -1.4517, -0.09094, -0.4619, -0.24032, 
-3.65198, -1.29404, 1.458, -3.38309, -0.55038, -1.35492, 0, 0, 
0, 0, 0, 0, 0, 0, 0, 0, 0, 0, 0, 0, 0, 0, 0, 0, 0, 0, 0, 0, 0.76145, 
0.76367, 0.75361, 0.75335, 0.75058, 0.7512, 0.72858, 0.73878, 
0.73082, 0.7374, 0.7367, 0.76145, 0.74108, 0.73899, 0.74778, 
0.72801, 0.72929, 0.72167, 0.7051, 0.71117, 0.7112, 0.70499, 
0.0297, 0.0327, 0.0414, 0.048, 0.0551, 0.0746, 0.0619, 0.0867, 
0.0651, 0.0869, 0.089, 140.7, 184.1, 240, 246.4, 268.3, 188.3, 
269.9, 368.7, 266, 363.2, 347.8, 1, 553, 2116, 1888, 1014, 1061, 
727, 1931, 682, 1995, 2347, 1752, 157, 11, 200, 60, 40, 159, 
15, 141, 38, 3, 100, 100, 100, 100, 100, 100, 100, 100, 100, 
100, 100, 2500, 2500, 2500, 2500, 2500, 2500, 2500, 2500, 2500, 
2500, 2500, 7738.141, 7983.294, 7645.344, 7976.452, 8507.313, 
8193.182, 7989.268, 8712.19899999999, 8559.11599999998, 9203.46299999999, 
9354.44, -0.52849, 1.17038, 0.19474, 0.2413, -0.53678, 6.93641, 
1.42798, 2.12577, 1.38104, -0.61883, 0.80778, -9.49844, -1.75734, 
-1.57213, -0.67697, -1.812, -3.57476, -1.3044, 1.56216, -3.29986, 
0.00088, -1.54041, 0, 0, 0, 0, 0, 0, 0, 0, 0, 0, 0, 0, 0, 0, 
0, 0, 0, 0, 0, 0, 0, 0, 0.76145, 0.76044, 0.74782, 0.75335, 0.74576, 
0.74893, 0.72423, 0.73462, 0.73082, 0.72793, 0.73322, 0.76145, 
0.75076, 0.73025, 0.74786, 0.74064, 0.73643, 0.72172, 0.70302, 
0.70529, 0.70924, 0.70499, 0.0278, 0.0347, 0.0379, 0.0451, 0.0474, 
0.0694, 0.0567, 0.0851, 0.0654, 0.082, 0.0865, 128.7, 176.9, 
203.1, 243.3, 224.6, 190.5, 271.9, 370.4, 267.1, 381.8, 341.8, 
1, 577, 571, 1769, 1452, 442, 380, 1326, 82, 1036, 1754, 1095, 
1, 1, 1, 1, 1, 1, 1, 2, 1, 1, 100, 100, 100, 100, 100, 100, 100, 
100, 100, 100, 100, 2500, 2500, 2500, 2500, 2500, 2500, 2500, 
2500, 2500, 2500, 2500, 8164.272, 8260.066, 8378.653, 8693.282, 
9037.893, 9104.20700000001, 9702.67600000001, 9963.54099999998, 
10464.625, 10603.337, 11391.801, 1, 1, 1, 1, 1, 1, 1, 1, 1, 1, 
1, 0.1, 0.1, 0.1, 0.1, 0.1, 0.1, 0.1, 0.1, 0.1, 0.1, 0.1, 0, 
0, 0, 0, 0, 0, 0, 0, 0, 0, 0, 0, 0, 0, 0, 0, 0, 0, 0, 0, 0, 0, 
0.76145, 0.75086, 0.73605, 0.7345, 0.74064, 0.73654, 0.72191, 
0.72147, 0.71909, 0.71326, 0.70524, 0.76145, 0.75086, 0.73605, 
0.7345, 0.74064, 0.73654, 0.72191, 0.72147, 0.71909, 0.71326, 
0.7105, 0.0295, 0.0321, 0.0364, 0.0396, 0.0436, 0.0454, 0.0518, 
0.0551, 0.0663, 0.0728, 0.0758, 140.7, 157.8, 177.5, 191.2, 200.2, 
215.5, 238.2, 253.4, 267, 283, 301.5, 1, 1, 1, 1, 1, 1, 1, 1, 
1, 1, 1, 1, 1, 1, 1, 1, 1, 1, 1, 1, 1, 1, 1, 1, 1, 1, 1, 1, 1, 
1, 1, 1, 1, 1, 1, 1, 1, 1, 1, 1, 1, 1, 1, 1, 3.101, 3.07, 3.08, 
2.938, 3.012, 3.115, 2.954, 2.992, 3.396, 3.45, 3.38), .Dim = c(11L, 
40L), .Dimnames = list(NULL, c("Sampling", "PSO.cost", "PSO.gamma", 
"PSO.data.balancing", "PSO.feature.selection", "PSO.valid.acc", 
"PSO.test.acc", "PSO.train.time", "PSO.n.support.vectors", "PSO.index", 
"PSO.n.solutions", "PSO.generations", "PSO.n.evaluations", "PSO.cpu.time", 
"RS.cost", "RS.gamma", "RS.data.balancing", "RS.feature.selection", 
"RS.valid.acc", "RS.test.acc", "RS.train.time", "RS.n.support.vectors", 
"RS.index", "RS.n.solutions", "RS.generations", "RS.n.evaluations", 
"RS.cpu.time", "DF.cost", "DF.gamma", "DF.data.balancing", "DF.feature.selection", 
"DF.valid.acc", "DF.test.acc", "DF.train.time", "DF.n.support.vectors", 
"DF.index", "DF.n.solutions", "DF.generations", "DF.n.evaluations", 
"DF.cpu.time")))
