full <-
structure(c(50, 55, 60, 65, 70, 75, 80, 85, 90, 95, 100, 1.94973, 
2.35761, 2.10057, 1.26044, 2.14256, 12.01049, 14.46435, 0.04448, 
1.22226, 0.84286, 2.71043, 1.28329, 1.57051, 0.6457, 0.75619, 
-4.72949, -8.45861, -12.79677, -2.1359, 0.62816, -2.88264, 1.51035, 
0, 0, 0, 0, 0, 0, 0, 0, 0, 0, 0, 0, 0, 0, 0, 0, 0, 0, 0, 0, 0, 
0, 0.75505, 0.73206, 0.74193, 0.72142, 0.7208, 0.72016, 0.71314, 
0.73586, 0.73124, 0.72269, 0.73321, 0.74433, 0.71573, 0.71571, 
0.70754, 0.70823, 0.69917, 0.70865, 0.71936, 0.70952, 0.70592, 
0.7277, 0.0383, 0.0408, 0.047, 0.0519, 0.0439, 0.1038, 0.0846, 
0.0605, 0.0848, 0.0675, 0.1023, 221.9, 245.1, 251.5, 277.8, 209, 
207.4, 223, 284, 369.2, 290.4, 432.1, 325, 1557, 219, 817, 1108, 
275, 1092, 1407, 966, 1059, 902, 832, 32, 379, 78, 45, 88, 18, 
28, 367, 52, 107, 100, 100, 100, 100, 100, 100, 100, 100, 100, 
100, 100, 2500, 2500, 2500, 2500, 2500, 2500, 2500, 2500, 2500, 
2500, 2500, 8844.111, 8895.572, 8988.153, 9527.693, 8888.186, 
11541.907, 9568.75999999999, 8857.55300000001, 9403.17600000001, 
8485.628, 9023.005, 1.79471, 3.95755, 2.52194, 0.64129, 14.61583, 
-0.1959, 14.90223, -0.32873, 0.83834, 0.03475, 0.44902, 1.19587, 
1.54155, 0.58647, 1.59626, 1.46364, -2.21644, -13.08822, -1.16792, 
0.54363, 0.94394, 1.20872, 0, 0, 0, 0, 0, 0, 0, 0, 0, 0, 0, 0, 
0, 0, 0, 0, 0, 0, 0, 0, 0, 0, 0.74815, 0.72883, 0.73605, 0.71609, 
0.72011, 0.7201, 0.71097, 0.72753, 0.72524, 0.72639, 0.73151, 
0.73744, 0.7127, 0.70395, 0.69942, 0.70273, 0.71301, 0.70647, 
0.7234, 0.70352, 0.71895, 0.71557, 0.0384, 0.0429, 0.0487, 0.0512, 
0.0603, 0.052, 0.0966, 0.0647, 0.079, 0.0892, 0.0958, 219.9, 
245, 247.8, 291.3, 304.6, 254.6, 222.8, 314.4, 370.6, 404.9, 
435.1, 1056, 64, 1427, 943, 293, 700, 1499, 393, 704, 165, 705, 
3, 8, 1, 1, 9, 3, 1, 2, 1, 1, 1, 100, 100, 100, 100, 100, 100, 
100, 100, 100, 100, 100, 2500, 2500, 2500, 2500, 2500, 2500, 
2500, 2500, 2500, 2500, 2500, 8962.958, 9286.251, 9431.472, 9509.85599999999, 
9944.628, 10128.195, 10306.404, 10207.43, 10113.317, 10434.105, 
10936.671, 1, 1, 1, 1, 1, 1, 1, 1, 1, 1, 1, 0.1, 0.1, 0.1, 0.1, 
0.1, 0.1, 0.1, 0.1, 0.1, 0.1, 0.1, 0, 0, 0, 0, 0, 0, 0, 0, 0, 
0, 0, 0, 0, 0, 0, 0, 0, 0, 0, 0, 0, 0, 0.68805, 0.71905, 0.69807, 
0.69685, 0.68528, 0.69662, 0.70208, 0.7027, 0.70933, 0.7077, 
0.70704, 0.69483, 0.69667, 0.69815, 0.67508, 0.69266, 0.69906, 
0.70208, 0.70482, 0.70929, 0.70955, 0.70529, 0.0296, 0.0327, 
0.0358, 0.0408, 0.043, 0.0493, 0.0503, 0.0581, 0.0637, 0.0612, 
0.0688, 166.8, 179.9, 194.9, 209.9, 219.7, 231.7, 242.7, 261, 
272.9, 282.9, 299.6, 1, 1, 1, 1, 1, 1, 1, 1, 1, 1, 1, 1, 1, 1, 
1, 1, 1, 1, 1, 1, 1, 1, 1, 1, 1, 1, 1, 1, 1, 1, 1, 1, 1, 1, 1, 
1, 1, 1, 1, 1, 1, 1, 1, 1, 3.427, 3.364, 3.413, 3.49, 3.377, 
3.456, 3.392, 3.491, 3.335, 3.233, 3.3), .Dim = c(11L, 40L), .Dimnames = list(
    NULL, c("Sampling", "PSO.cost", "PSO.gamma", "PSO.data.balancing", 
    "PSO.feature.selection", "PSO.valid.acc", "PSO.test.acc", 
    "PSO.train.time", "PSO.n.support.vectors", "PSO.index", "PSO.n.solutions", 
    "PSO.generations", "PSO.n.evaluations", "PSO.cpu.time", "RS.cost", 
    "RS.gamma", "RS.data.balancing", "RS.feature.selection", 
    "RS.valid.acc", "RS.test.acc", "RS.train.time", "RS.n.support.vectors", 
    "RS.index", "RS.n.solutions", "RS.generations", "RS.n.evaluations", 
    "RS.cpu.time", "DF.cost", "DF.gamma", "DF.data.balancing", 
    "DF.feature.selection", "DF.valid.acc", "DF.test.acc", "DF.train.time", 
    "DF.n.support.vectors", "DF.index", "DF.n.solutions", "DF.generations", 
    "DF.n.evaluations", "DF.cpu.time")))
