full <-
structure(c(50, 55, 60, 65, 70, 75, 80, 85, 90, 95, 100, 1.69838, 
0.39809, -0.16102, 1.73552, 3.41625, 6.37414, 0.65034, 2.84321, 
2.57521, 1.91971, 5.461, 0.7441, 0.31664, 3, 3, -3.69294, 1.85607, 
0.97139, -4.47808, 1.23861, -3.28783, -5.0975, 0, 0, 0, 0, 0, 
0, 0, 0, 0, 0, 0, 0, 0, 0, 0, 0, 0, 0, 0, 0, 0, 0, 0.74748, 0.73558, 
0.72142, 0.72646, 0.72526, 0.72256, 0.7285, 0.72136, 0.73488, 
0.73749, 0.7263, 0.72332, 0.70601, 0.71562, 0.7101, 0.71244, 
0.69387, 0.7043, 0.70898, 0.71923, 0.72075, 0.71263, 0.0352, 
0.0381, 0.0482, 0.0604, 0.0474, 0.0689, 0.0687, 0.0562, 0.0862, 
0.0694, 0.0769, 209.6, 229.1, 272.8, 294.8, 210.9, 331.4, 344.4, 
246.4, 377.4, 277.7, 280.6, 662, 1392, 652, 103, 665, 250, 1776, 
1727, 487, 2210, 1444, 653, 80, 70, 2074, 102, 458, 19, 11, 587, 
7, 11, 100, 100, 100, 100, 100, 100, 100, 100, 100, 100, 100, 
2500, 2500, 2500, 2500, 2500, 2500, 2500, 2500, 2500, 2500, 2500, 
8737.07, 8767.876, 8892.207, 9075.674, 9004.072, 9192.179, 9319.702, 
10780.021, 8953.47399999999, 8856.61599999998, 9272.37099999998, 
1.50352, 0.35726, 4.23313, 9.81856, 3.50004, 1.73538, 0.62164, 
4.26945, 2.51764, 2.12843, 0.02707, 0.73813, 0.23474, 0.66676, 
2.97143, -3.56918, 1.67266, 1.00845, -5.3101, 1.27291, -3.62247, 
-1.09326, 0, 0, 0, 0, 0, 0, 0, 0, 0, 0, 0, 0, 0, 0, 0, 0, 0, 
0, 0, 0, 0, 0, 0.74748, 0.73246, 0.72747, 0.72368, 0.72519, 0.71786, 
0.72628, 0.7234, 0.73488, 0.73375, 0.72288, 0.72332, 0.70914, 
0.70722, 0.71287, 0.70987, 0.69897, 0.7043, 0.70681, 0.71923, 
0.72261, 0.71081, 0.0351, 0.039, 0.0463, 0.0567, 0.0442, 0.0705, 
0.0654, 0.058, 0.0903, 0.0651, 0.0844, 210.1, 227.2, 244.1, 294.3, 
212.2, 330.5, 345.3, 243.9, 378.6, 274.5, 360.8, 1011, 47, 370, 
55, 642, 272, 1142, 2365, 2441, 1474, 1092, 1, 1, 1, 5, 1, 2, 
1, 1, 1, 1, 1, 100, 100, 100, 100, 100, 100, 100, 100, 100, 100, 
100, 2500, 2500, 2500, 2500, 2500, 2500, 2500, 2500, 2500, 2500, 
2500, 9108.928, 9289.972, 9481.039, 9618.06099999999, 9815.70700000001, 
10034.171, 10353.821, 10195.325, 10702.467, 10595.042, 11252.137, 
1, 1, 1, 1, 1, 1, 1, 1, 1, 1, 1, 0.1, 0.1, 0.1, 0.1, 0.1, 0.1, 
0.1, 0.1, 0.1, 0.1, 0.1, 0, 0, 0, 0, 0, 0, 0, 0, 0, 0, 0, 0, 
0, 0, 0, 0, 0, 0, 0, 0, 0, 0, 0.70892, 0.71894, 0.71562, 0.71017, 
0.70788, 0.70362, 0.70865, 0.71524, 0.72104, 0.71509, 0.71407, 
0.70892, 0.71894, 0.71562, 0.70732, 0.70788, 0.7013, 0.70865, 
0.71524, 0.72104, 0.71509, 0.70884, 0.0293, 0.0334, 0.0359, 0.0392, 
0.0453, 0.0503, 0.0555, 0.0571, 0.0638, 0.067, 0.0763, 160.9, 
169.3, 185.9, 204.5, 218.5, 237, 247.4, 260.1, 267.6, 278.5, 
300.8, 1, 1, 1, 1, 1, 1, 1, 1, 1, 1, 1, 1, 1, 1, 1, 1, 1, 1, 
1, 1, 1, 1, 1, 1, 1, 1, 1, 1, 1, 1, 1, 1, 1, 1, 1, 1, 1, 1, 1, 
1, 1, 1, 1, 1, 3.366, 3.446, 3.348, 3.383, 3.494, 3.448, 3.357, 
3.229, 3.347, 3.291, 3.56), .Dim = c(11L, 40L), .Dimnames = list(
    NULL, c("Sampling", "PSO.cost", "PSO.gamma", "PSO.data.balancing", 
    "PSO.feature.selection", "PSO.valid.acc", "PSO.test.acc", 
    "PSO.train.time", "PSO.n.support.vectors", "PSO.index", "PSO.n.solutions", 
    "PSO.generations", "PSO.n.evaluations", "PSO.cpu.time", "RS.cost", 
    "RS.gamma", "RS.data.balancing", "RS.feature.selection", 
    "RS.valid.acc", "RS.test.acc", "RS.train.time", "RS.n.support.vectors", 
    "RS.index", "RS.n.solutions", "RS.generations", "RS.n.evaluations", 
    "RS.cpu.time", "DF.cost", "DF.gamma", "DF.data.balancing", 
    "DF.feature.selection", "DF.valid.acc", "DF.test.acc", "DF.train.time", 
    "DF.n.support.vectors", "DF.index", "DF.n.solutions", "DF.generations", 
    "DF.n.evaluations", "DF.cpu.time")))
