full <-
structure(c(50, 55, 60, 65, 70, 75, 80, 85, 90, 95, 100, 15, 
5.16423, 6.54948, 0.46148, 1.79296, 10.67313, 8.08756, 13.2139, 
-0.69899, 4.00395, 10.79048, -11.06914, -5.65573, 3, 1.87617, 
1.88042, 2.06862, -9.14585, -10.77706, -1.58404, -4.95931, -9.07492, 
0, 0, 0, 0, 0, 0, 0, 0, 0, 0, 0, 0, 0, 0, 0, 0, 0, 0, 0, 0, 0, 
0, 0.74409, 0.72913, 0.71255, 0.7479, 0.73561, 0.73391, 0.73063, 
0.72158, 0.70922, 0.71523, 0.72821, 0.72956, 0.70645, 0.70961, 
0.7235, 0.71548, 0.73646, 0.7128, 0.69041, 0.70333, 0.71153, 
0.69665, 0.0581, 0.0305, 0.0499, 0.0553, 0.0624, 0.068, 0.0483, 
0.0765, 0.0676, 0.068, 0.0999, 137.4, 155.7, 272.3, 291.3, 313.1, 
334.8, 217, 232.2, 314, 267.8, 276.4, 349, 1600, 157, 1398, 150, 
232, 621, 1792, 1684, 1518, 67, 125, 8, 1965, 70, 381, 1054, 
72, 1, 5, 21, 28, 100, 100, 100, 100, 100, 100, 100, 100, 100, 
100, 100, 2500, 2500, 2500, 2500, 2500, 2500, 2500, 2500, 2500, 
2500, 2500, 9639.113, 8787.85, 8961.807, 8932.684, 9142.75999999999, 
9655.71799999999, 8719.30099999999, 9818.38500000001, 8242.27799999999, 
8985.58500000002, 10229.703, 9.9631, 5.11275, 1.83343, 0.43278, 
1.89496, 10.84987, 7.53512, 2.73642, 2.56223, 0.08141, 4.25699, 
-8.60183, -5.57815, -1.54492, 1.83301, 1.83647, 2.05433, -8.79978, 
-4.07369, -6.58471, 1.32614, -5.56253, 0, 0, 0, 0, 0, 0, 0, 0, 
0, 0, 0, 0, 0, 0, 0, 0, 0, 0, 0, 0, 0, 0, 0.74729, 0.72591, 0.71887, 
0.7452, 0.73561, 0.73391, 0.73058, 0.72158, 0.70729, 0.71523, 
0.72984, 0.72635, 0.69355, 0.684, 0.7208, 0.71548, 0.73408, 0.71285, 
0.71112, 0.70529, 0.69843, 0.70016, 0.032, 0.0327, 0.0381, 0.0511, 
0.0565, 0.0625, 0.0512, 0.0557, 0.0579, 0.0907, 0.0733, 138.5, 
155.5, 206, 291.2, 312.8, 334.7, 218, 243.7, 250.7, 413.5, 284, 
1129, 141, 1840, 332, 2146, 796, 607, 588, 9, 1003, 2220, 2, 
1, 1, 1, 1, 6, 1, 2, 30, 1, 1, 100, 100, 100, 100, 100, 100, 
100, 100, 100, 100, 100, 2500, 2500, 2500, 2500, 2500, 2500, 
2500, 2500, 2500, 2500, 2500, 8888.318, 9047.542, 9248.887, 9314.28, 
9640.145, 9774.97, 9581.94899999999, 9592.50599999999, 10295.521, 
10117.229, 11202.079, 1, 1, 1, 1, 1, 1, 1, 1, 1, 1, 1, 0.1, 0.1, 
0.1, 0.1, 0.1, 0.1, 0.1, 0.1, 0.1, 0.1, 0.1, 0, 0, 0, 0, 0, 0, 
0, 0, 0, 0, 0, 0, 0, 0, 0, 0, 0, 0, 0, 0, 0, 0, 0.6984, 0.6872, 
0.6865, 0.68574, 0.70548, 0.71298, 0.71068, 0.69449, 0.68565, 
0.70402, 0.7106, 0.70554, 0.67752, 0.6955, 0.69107, 0.70804, 
0.70578, 0.71285, 0.69028, 0.69945, 0.69654, 0.71765, 0.0279, 
0.031, 0.035, 0.0396, 0.0432, 0.0454, 0.0518, 0.0558, 0.0614, 
0.065, 0.0752, 156.8, 174.6, 186.5, 199.6, 213.1, 226.6, 237.7, 
255.6, 271.6, 285.2, 302.2, 1, 1, 1, 1, 1, 1, 1, 1, 1, 1, 1, 
1, 1, 1, 1, 1, 1, 1, 1, 1, 1, 1, 1, 1, 1, 1, 1, 1, 1, 1, 1, 1, 
1, 1, 1, 1, 1, 1, 1, 1, 1, 1, 1, 1, 3.407, 3.443, 3.426, 3.452, 
3.486, 3.233, 3.314, 3.226, 3.553, 3.146, 3.654), .Dim = c(11L, 
40L), .Dimnames = list(NULL, c("Sampling", "PSO.cost", "PSO.gamma", 
"PSO.data.balancing", "PSO.feature.selection", "PSO.valid.acc", 
"PSO.test.acc", "PSO.train.time", "PSO.n.support.vectors", "PSO.index", 
"PSO.n.solutions", "PSO.generations", "PSO.n.evaluations", "PSO.cpu.time", 
"RS.cost", "RS.gamma", "RS.data.balancing", "RS.feature.selection", 
"RS.valid.acc", "RS.test.acc", "RS.train.time", "RS.n.support.vectors", 
"RS.index", "RS.n.solutions", "RS.generations", "RS.n.evaluations", 
"RS.cpu.time", "DF.cost", "DF.gamma", "DF.data.balancing", "DF.feature.selection", 
"DF.valid.acc", "DF.test.acc", "DF.train.time", "DF.n.support.vectors", 
"DF.index", "DF.n.solutions", "DF.generations", "DF.n.evaluations", 
"DF.cpu.time")))
