full <-
structure(c(50, 55, 60, 65, 70, 75, 80, 85, 90, 95, 100, 10.64253, 
1.87138, 0.82587, 0.75783, -0.47505, 0.01777, 7.06871, 0.46271, 
-0.16201, 14.98688, 0.01621, -8.92619, -2.54712, -0.59435, 1.04189, 
-0.22141, -0.61927, -6.11564, 1.30957, -0.67429, -9.05576, 1.43524, 
0, 0, 0, 0, 0, 0, 0, 0, 0, 0, 0, 0, 0, 0, 0, 0, 0, 0, 0, 0, 0, 
0, 0.75074, 0.74365, 0.73025, 0.7342, 0.71554, 0.74128, 0.72169, 
0.72544, 0.72892, 0.72631, 0.73336, 0.72599, 0.72167, 0.70689, 
0.72361, 0.70022, 0.72439, 0.7085, 0.71103, 0.72088, 0.7094, 
0.71071, 0.0333, 0.0315, 0.0416, 0.0529, 0.0542, 0.0555, 0.0607, 
0.0796, 0.0692, 0.4868, 0.0979, 136, 172.9, 231.5, 285.2, 287.1, 
289.4, 226.6, 372.5, 335.7, 256.2, 440.8, 2210, 319, 1219, 2344, 
1700, 1079, 572, 1279, 2234, 2109, 1053, 9, 94, 131, 1, 31, 393, 
46, 76, 8, 2, 13, 100, 100, 100, 100, 100, 100, 100, 100, 100, 
100, 100, 2500, 2500, 2500, 2500, 2500, 2500, 2500, 2500, 2500, 
2500, 2500, 8896.857, 8640.971, 8801.672, 8865.192, 8988.182, 
9054.07900000001, 9688.845, 8970.923, 9284.652, 13757.813, 8927.622, 
10.61601, 6.21115, 2.13761, 1.72939, -0.50673, 0.0519, 5.86913, 
0.51208, -0.21677, 14.91591, -0.00562, -8.84297, -6.04727, -1.20863, 
1.26972, -0.12797, -0.59332, -5.58241, 1.5548, -0.82963, -9.14854, 
1.56617, 0, 0, 0, 0, 0, 0, 0, 0, 0, 0, 0, 0, 0, 0, 0, 0, 0, 0, 
0, 0, 0, 0, 0.74717, 0.74405, 0.72437, 0.72894, 0.71303, 0.73176, 
0.72164, 0.72128, 0.72688, 0.7225, 0.72637, 0.73288, 0.6996, 
0.70387, 0.70468, 0.69522, 0.72195, 0.71285, 0.69853, 0.72288, 
0.71499, 0.71249, 0.0325, 0.0302, 0.0385, 0.0516, 0.0532, 0.0568, 
0.0556, 0.0765, 0.0712, 0.4325, 0.1028, 136.1, 151.4, 212, 286.1, 
288.8, 289.9, 228.3, 376.6, 331.7, 257.1, 444, 245, 1694, 1594, 
1287, 679, 252, 308, 522, 808, 385, 2331, 2, 1, 2, 1, 1, 1, 1, 
1, 1, 2, 1, 100, 100, 100, 100, 100, 100, 100, 100, 100, 100, 
100, 2500, 2500, 2500, 2500, 2500, 2500, 2500, 2500, 2500, 2500, 
2500, 8901.246, 9186.122, 9546.646, 9608.662, 9969.076, 10124.113, 
10478.49, 10674.461, 10420.677, 10278.976, 11169.169, 1, 1, 1, 
1, 1, 1, 1, 1, 1, 1, 1, 0.1, 0.1, 0.1, 0.1, 0.1, 0.1, 0.1, 0.1, 
0.1, 0.1, 0.1, 0, 0, 0, 0, 0, 0, 0, 0, 0, 0, 0, 0, 0, 0, 0, 0, 
0, 0, 0, 0, 0, 0, 0.69113, 0.70917, 0.70378, 0.70723, 0.71041, 
0.71531, 0.71077, 0.71311, 0.71512, 0.70947, 0.70529, 0.69507, 
0.70917, 0.70672, 0.71549, 0.71041, 0.71531, 0.713, 0.71311, 
0.71127, 0.70014, 0.7088, 0.0286, 0.0319, 0.0351, 0.0376, 0.0442, 
0.0477, 0.0524, 0.0546, 0.0589, 0.0659, 0.072, 154.1, 168.7, 
187.8, 198.2, 217.1, 232.8, 245.7, 259.4, 270.9, 285, 301.8, 
1, 1, 1, 1, 1, 1, 1, 1, 1, 1, 1, 1, 1, 1, 1, 1, 1, 1, 1, 1, 1, 
1, 1, 1, 1, 1, 1, 1, 1, 1, 1, 1, 1, 1, 1, 1, 1, 1, 1, 1, 1, 1, 
1, 1, 3.398, 3.368, 3.375, 3.494, 3.388, 3.395, 3.478, 3.474, 
3.224, 3.192, 3.375), .Dim = c(11L, 40L), .Dimnames = list(NULL, 
    c("Sampling", "PSO.cost", "PSO.gamma", "PSO.data.balancing", 
    "PSO.feature.selection", "PSO.valid.acc", "PSO.test.acc", 
    "PSO.train.time", "PSO.n.support.vectors", "PSO.index", "PSO.n.solutions", 
    "PSO.generations", "PSO.n.evaluations", "PSO.cpu.time", "RS.cost", 
    "RS.gamma", "RS.data.balancing", "RS.feature.selection", 
    "RS.valid.acc", "RS.test.acc", "RS.train.time", "RS.n.support.vectors", 
    "RS.index", "RS.n.solutions", "RS.generations", "RS.n.evaluations", 
    "RS.cpu.time", "DF.cost", "DF.gamma", "DF.data.balancing", 
    "DF.feature.selection", "DF.valid.acc", "DF.test.acc", "DF.train.time", 
    "DF.n.support.vectors", "DF.index", "DF.n.solutions", "DF.generations", 
    "DF.n.evaluations", "DF.cpu.time")))
