full <-
structure(c(50, 55, 60, 65, 70, 75, 80, 85, 90, 95, 100, -0.36382, 
15, 1.82148, 3.91398, -0.38877, 0.08247, -0.45512, 3.42064, 0.57658, 
-0.98907, -0.31294, 0.29684, -13.7541, 1.97482, 0.58472, -0.00918, 
-1.37672, -0.62353, -6.38395, -1.36232, -0.86622, -0.61384, 0, 
0, 0, 0, 0, 0, 0, 0, 0, 0, 0, 0, 0, 0, 0, 0, 0, 0, 0, 0, 0, 0, 
0.68793, 0.69349, 0.70084, 0.72076, 0.73295, 0.70836, 0.72633, 
0.7069, 0.72118, 0.71525, 0.7248, 0.67709, 0.67716, 0.68049, 
0.69913, 0.70526, 0.6871, 0.70855, 0.70482, 0.70745, 0.70407, 
0.71421, 0.0336, 0.046, 0.0483, 0.0533, 0.0524, 0.0514, 0.0613, 
0.0589, 0.0661, 0.0751, 0.0885, 217.6, 163.6, 271.7, 264, 290.3, 
276.1, 312.7, 243.6, 314.1, 354.9, 381.2, 2420, 1116, 2340, 826, 
851, 1807, 852, 106, 368, 1936, 1862, 1, 5, 2, 522, 270, 23, 
269, 348, 190, 3, 17, 100, 100, 100, 100, 100, 100, 100, 100, 
100, 100, 100, 2500, 2500, 2500, 2500, 2500, 2500, 2500, 2500, 
2500, 2500, 2500, 8577.622, 8864.214, 8937.29500000001, 8942.159, 
8962.068, 8899.875, 9007.46799999999, 8649.811, 8891.58299999998, 
8823.30800000002, 9078.44099999999, -0.28364, 14.46918, 1.51303, 
3.82599, -0.4882, -0.30817, -0.44538, 3.15771, 0.42058, -1.05979, 
-0.27271, 0.68789, -13.74567, 1.90264, 0.79611, -0.0565, -0.7392, 
-0.3054, -5.93467, -1.04135, -0.31213, -0.51716, 0, 0, 0, 0, 
0, 0, 0, 0, 0, 0, 0, 0, 0, 0, 0, 0, 0, 0, 0, 0, 0, 0, 0.68436, 
0.69026, 0.70084, 0.71528, 0.72282, 0.70825, 0.71749, 0.7069, 
0.71922, 0.71336, 0.72299, 0.66995, 0.68038, 0.68032, 0.69643, 
0.71019, 0.68959, 0.70865, 0.70065, 0.69961, 0.70784, 0.71076, 
0.0356, 0.0459, 0.0466, 0.0548, 0.0529, 0.0525, 0.0596, 0.0562, 
0.0728, 0.0821, 0.0889, 220.9, 164.6, 271.5, 270.1, 289.5, 291.7, 
320.6, 244.4, 326.9, 374.6, 385.6, 1143, 6, 21, 1829, 287, 151, 
152, 322, 1137, 511, 800, 1, 1, 1, 7, 1, 2, 1, 22, 1, 2, 1, 100, 
100, 100, 100, 100, 100, 100, 100, 100, 100, 100, 2500, 2500, 
2500, 2500, 2500, 2500, 2500, 2500, 2500, 2500, 2500, 9013.731, 
9189.583, 9239.482, 9501.677, 9810.76300000001, 9906.13099999999, 
10381.034, 10410.291, 10410.79, 11168.377, 11111.678, 1, 1, 1, 
1, 1, 1, 1, 1, 1, 1, 1, 0.1, 0.1, 0.1, 0.1, 0.1, 0.1, 0.1, 0.1, 
0.1, 0.1, 0.1, 0, 0, 0, 0, 0, 0, 0, 0, 0, 0, 0, 0, 0, 0, 0, 0, 
0, 0, 0, 0, 0, 0, 0.65259, 0.67714, 0.672, 0.68546, 0.69519, 
0.68959, 0.70203, 0.69653, 0.70933, 0.70581, 0.71055, 0.6702, 
0.66081, 0.6746, 0.67217, 0.69519, 0.69889, 0.69981, 0.68815, 
0.70925, 0.704, 0.70538, 0.0298, 0.0333, 0.0357, 0.0403, 0.0453, 
0.0511, 0.0537, 0.0565, 0.0632, 0.0656, 0.0745, 166.8, 178.4, 
193.9, 206.6, 221, 235.1, 251.5, 257.7, 270.2, 288.6, 300.4, 
1, 1, 1, 1, 1, 1, 1, 1, 1, 1, 1, 1, 1, 1, 1, 1, 1, 1, 1, 1, 1, 
1, 1, 1, 1, 1, 1, 1, 1, 1, 1, 1, 1, 1, 1, 1, 1, 1, 1, 1, 1, 1, 
1, 1, 3.403, 3.405, 3.134, 3.446, 3.478, 3.552, 3.393, 3.447, 
3.473, 3.454, 3.408), .Dim = c(11L, 40L), .Dimnames = list(NULL, 
    c("Sampling", "PSO.cost", "PSO.gamma", "PSO.data.balancing", 
    "PSO.feature.selection", "PSO.valid.acc", "PSO.test.acc", 
    "PSO.train.time", "PSO.n.support.vectors", "PSO.index", "PSO.n.solutions", 
    "PSO.generations", "PSO.n.evaluations", "PSO.cpu.time", "RS.cost", 
    "RS.gamma", "RS.data.balancing", "RS.feature.selection", 
    "RS.valid.acc", "RS.test.acc", "RS.train.time", "RS.n.support.vectors", 
    "RS.index", "RS.n.solutions", "RS.generations", "RS.n.evaluations", 
    "RS.cpu.time", "DF.cost", "DF.gamma", "DF.data.balancing", 
    "DF.feature.selection", "DF.valid.acc", "DF.test.acc", "DF.train.time", 
    "DF.n.support.vectors", "DF.index", "DF.n.solutions", "DF.generations", 
    "DF.n.evaluations", "DF.cpu.time")))
