full <-
structure(c(50, 55, 60, 65, 70, 75, 80, 85, 90, 95, 100, 0.71191, 
0.12025, 0.36415, 1, 1.5116, 0.11154, 11.31139, 12.39944, -0.39458, 
6.08557, 15, 3, 3, 3, 0.1, -4.05913, 3, -8.39942, -9.6577, 0.2075, 
0.49016, -9.06089, 0, 0, 0, 0, 0, 0, 0, 0, 0, 0, 0, 0, 0, 0, 
0, 0, 0, 0, 0, 0, 0, 0, 0.75117, 0.75086, 0.7537, 0.74264, 0.74067, 
0.74125, 0.73746, 0.73193, 0.74067, 0.74504, 0.72816, 0.74415, 
0.74763, 0.75076, 0.74264, 0.72554, 0.73649, 0.71775, 0.70489, 
0.73086, 0.71684, 0.71942, 0.0397, 0.0434, 0.0497, 0.0391, 0.0397, 
0.0688, 0.0915, 0.0958, 0.0757, 0.0964, 0.6344, 227.7, 249.8, 
272.3, 186.9, 192.1, 339.2, 206.1, 221.7, 363, 354.5, 273.4, 
96, 2449, 1718, 1, 1174, 545, 939, 640, 1208, 1168, 961, 1144, 
1, 11, 1758, 21, 327, 31, 30, 34, 160, 7, 100, 100, 100, 100, 
100, 100, 100, 100, 100, 100, 100, 2500, 2500, 2500, 2500, 2500, 
2500, 2500, 2500, 2500, 2500, 2500, 8932.976, 8957.996, 9062.434, 
9243.823, 9045.399, 9173.02800000001, 9575.806, 10213.121, 9152.63099999999, 
9403.62299999999, 17958.863, 0.32917, 0.58204, 7.08439, 12.72923, 
-0.26198, -0.21394, -0.51213, 12.2218, 0.12202, 5.36102, 14.9514, 
2.73137, -2.47673, -8.39957, -12.35764, 2.48542, 2.84756, 2.64531, 
-9.48228, 0.06658, 0.50657, -8.95231, 0, 0, 0, 0, 0, 0, 0, 0, 
0, 0, 0, 0, 0, 0, 0, 0, 0, 0, 0, 0, 0, 0, 0.75117, 0.75086, 0.7479, 
0.74264, 0.73823, 0.73887, 0.73949, 0.72985, 0.73294, 0.73763, 
0.72296, 0.74759, 0.74441, 0.7479, 0.74264, 0.74073, 0.73654, 
0.73949, 0.70281, 0.73294, 0.72055, 0.72296, 0.0386, 0.0308, 
0.0383, 0.0867, 0.0617, 0.0656, 0.0689, 0.0914, 0.0786, 0.0938, 
0.6047, 227.1, 176.2, 152.4, 166.2, 315.5, 338.7, 360.5, 222, 
358.3, 356.7, 273.1, 87, 1619, 6, 1, 878, 766, 2261, 1557, 1883, 
41, 963, 2, 1, 1029, 1140, 2, 3, 1, 3, 1, 1, 2, 100, 100, 100, 
100, 100, 100, 100, 100, 100, 100, 100, 2500, 2500, 2500, 2500, 
2500, 2500, 2500, 2500, 2500, 2500, 2500, 9101.727, 9265.66, 
9460.79300000001, 9613.244, 9790.13400000001, 10220.567, 10353.478, 
10160.818, 10146.757, 11071.312, 11749.099, 1, 1, 1, 1, 1, 1, 
1, 1, 1, 1, 1, 0.1, 0.1, 0.1, 0.1, 0.1, 0.1, 0.1, 0.1, 0.1, 0.1, 
0.1, 0, 0, 0, 0, 0, 0, 0, 0, 0, 0, 0, 0, 0, 0, 0, 0, 0, 0, 0, 
0, 0, 0, 0.74402, 0.74763, 0.7479, 0.74264, 0.73561, 0.73649, 
0.73514, 0.7256, 0.7269, 0.71883, 0.7088, 0.74402, 0.74763, 0.7479, 
0.74264, 0.73061, 0.73649, 0.73514, 0.72768, 0.72494, 0.71887, 
0.71058, 0.0305, 0.0311, 0.0357, 0.0388, 0.0435, 0.0464, 0.0518, 
0.0558, 0.0587, 0.0675, 0.0718, 153.2, 163.2, 173.3, 186.9, 202.7, 
218, 228.9, 243.4, 258.5, 276.8, 302.8, 1, 1, 1, 1, 1, 1, 1, 
1, 1, 1, 1, 1, 1, 1, 1, 1, 1, 1, 1, 1, 1, 1, 1, 1, 1, 1, 1, 1, 
1, 1, 1, 1, 1, 1, 1, 1, 1, 1, 1, 1, 1, 1, 1, 1, 3.414, 3.443, 
3.479, 3.377, 3.452, 3.483, 3.538, 3.369, 3.263, 3.459, 3.46), .Dim = c(11L, 
40L), .Dimnames = list(NULL, c("Sampling", "PSO.cost", "PSO.gamma", 
"PSO.data.balancing", "PSO.feature.selection", "PSO.valid.acc", 
"PSO.test.acc", "PSO.train.time", "PSO.n.support.vectors", "PSO.index", 
"PSO.n.solutions", "PSO.generations", "PSO.n.evaluations", "PSO.cpu.time", 
"RS.cost", "RS.gamma", "RS.data.balancing", "RS.feature.selection", 
"RS.valid.acc", "RS.test.acc", "RS.train.time", "RS.n.support.vectors", 
"RS.index", "RS.n.solutions", "RS.generations", "RS.n.evaluations", 
"RS.cpu.time", "DF.cost", "DF.gamma", "DF.data.balancing", "DF.feature.selection", 
"DF.valid.acc", "DF.test.acc", "DF.train.time", "DF.n.support.vectors", 
"DF.index", "DF.n.solutions", "DF.generations", "DF.n.evaluations", 
"DF.cpu.time")))
