full <-
structure(c(50, 55, 60, 65, 70, 75, 80, 85, 90, 95, 100, 0.3953, 
1.97022, 5.82748, -0.10188, 0.64129, 3.45932, 2.42301, -0.54836, 
4.14532, 13.12108, 2.52588, 3, -2.3297, -3.7795, -1.35293, -3.14588, 
-5.37499, -3.2979, -1.79769, 1.32353, -12.4325, 1.51548, 0, 0, 
0, 0, 0, 0, 0, 0, 0, 0, 0, 0, 0, 0, 0, 0, 0, 0, 0, 0, 0, 0, 0.70899, 
0.71608, 0.73281, 0.70736, 0.70038, 0.70819, 0.71326, 0.71103, 
0.71714, 0.71329, 0.7335, 0.70542, 0.71295, 0.70028, 0.68559, 
0.68269, 0.70354, 0.67838, 0.7007, 0.69165, 0.70955, 0.71414, 
0.0397, 0.0323, 0.0421, 0.0416, 0.044, 0.0502, 0.058, 0.0624, 
0.0859, 0.1272, 0.104, 228, 183.6, 170.6, 237, 226.7, 222, 246.3, 
291.9, 380, 263.3, 433.8, 156, 834, 1178, 1815, 1211, 2260, 654, 
1802, 2441, 332, 1642, 326, 40, 39, 17, 52, 2, 169, 23, 1, 23, 
29, 100, 100, 100, 100, 100, 100, 100, 100, 100, 100, 100, 2500, 
2500, 2500, 2500, 2500, 2500, 2500, 2500, 2500, 2500, 2500, 8812.318, 
8663.21, 8992.848, 9003.869, 8885.88400000001, 8877.16099999999, 
8846.209, 9098.72300000001, 8854.245, 8664.53399999999, 9039.74300000002, 
0.0905, 2.56695, 6.0293, -0.25386, 0.15243, 3.66005, 2.4891, 
-0.45727, 2.38419, 11.31813, 2.11279, 2.8612, -2.84597, -3.87436, 
-1.50244, -2.44699, -5.48188, -3.36093, -2.21311, 1.50116, -11.34267, 
1.5105, 0, 0, 0, 0, 0, 0, 0, 0, 0, 0, 0, 0, 0, 0, 0, 0, 0, 0, 
0, 0, 0, 0, 0.70554, 0.70973, 0.73281, 0.70458, 0.69776, 0.70819, 
0.71109, 0.70899, 0.7171, 0.71329, 0.72827, 0.70554, 0.70348, 
0.69742, 0.68574, 0.68526, 0.70587, 0.685, 0.69649, 0.70341, 
0.70955, 0.7142, 0.0371, 0.0326, 0.0445, 0.0464, 0.046, 0.0453, 
0.0566, 0.0588, 0.0886, 0.1014, 0.1026, 228, 179.8, 169.8, 233.4, 
237, 221.7, 245, 282.9, 388.8, 263.3, 434.8, 424, 729, 2158, 
187, 281, 1461, 479, 1109, 988, 108, 1649, 1, 1, 1, 3, 2, 1, 
1, 1, 2, 2, 1, 100, 100, 100, 100, 100, 100, 100, 100, 100, 100, 
100, 2500, 2500, 2500, 2500, 2500, 2500, 2500, 2500, 2500, 2500, 
2500, 9169.258, 9438.168, 9594.506, 9693.455, 10085.515, 10072.219, 
10545.172, 10329.775, 10163.319, 10208.632, 10798.811, 1, 1, 
1, 1, 1, 1, 1, 1, 1, 1, 1, 0.1, 0.1, 0.1, 0.1, 0.1, 0.1, 0.1, 
0.1, 0.1, 0.1, 0.1, 0, 0, 0, 0, 0, 0, 0, 0, 0, 0, 0, 0, 0, 0, 
0, 0, 0, 0, 0, 0, 0, 0, 0.69483, 0.69651, 0.7097, 0.7018, 0.69519, 
0.69884, 0.69765, 0.70274, 0.70729, 0.70763, 0.70016, 0.69483, 
0.69974, 0.71264, 0.70188, 0.69526, 0.70122, 0.69765, 0.70065, 
0.70729, 0.70211, 0.70536, 0.0297, 0.0328, 0.0352, 0.042, 0.0431, 
0.0491, 0.0526, 0.0561, 0.0611, 0.0661, 0.0715, 160.6, 177.4, 
187.4, 205.5, 224, 236.2, 249.6, 262.1, 271.2, 285.8, 302.6, 
1, 1, 1, 1, 1, 1, 1, 1, 1, 1, 1, 1, 1, 1, 1, 1, 1, 1, 1, 1, 1, 
1, 1, 1, 1, 1, 1, 1, 1, 1, 1, 1, 1, 1, 1, 1, 1, 1, 1, 1, 1, 1, 
1, 1, 3.428, 3.462, 3.45, 3.565, 3.485, 3.51, 3.582, 3.35, 3.296, 
3.199, 3.387), .Dim = c(11L, 40L), .Dimnames = list(NULL, c("Sampling", 
"PSO.cost", "PSO.gamma", "PSO.data.balancing", "PSO.feature.selection", 
"PSO.valid.acc", "PSO.test.acc", "PSO.train.time", "PSO.n.support.vectors", 
"PSO.index", "PSO.n.solutions", "PSO.generations", "PSO.n.evaluations", 
"PSO.cpu.time", "RS.cost", "RS.gamma", "RS.data.balancing", "RS.feature.selection", 
"RS.valid.acc", "RS.test.acc", "RS.train.time", "RS.n.support.vectors", 
"RS.index", "RS.n.solutions", "RS.generations", "RS.n.evaluations", 
"RS.cpu.time", "DF.cost", "DF.gamma", "DF.data.balancing", "DF.feature.selection", 
"DF.valid.acc", "DF.test.acc", "DF.train.time", "DF.n.support.vectors", 
"DF.index", "DF.n.solutions", "DF.generations", "DF.n.evaluations", 
"DF.cpu.time")))
