full <-
structure(c(50, 55, 60, 65, 70, 75, 80, 85, 90, 95, 100, 3.05865, 
15, 0.59098, 0.93522, 9.70651, -1.56961, 2.18176, -0.42142, 5.42634, 
-0.40379, -0.77865, 2.17047, -7.81588, 1.72744, 3, -8.23535, 
-1.13888, 0.72133, -0.44333, 1.94985, -1.81741, -0.74498, 0, 
0, 0, 0, 0, 0, 0, 0, 0, 0, 0, 0, 0, 0, 0, 0, 0, 0, 0, 0, 0, 0, 
0.7266, 0.72137, 0.71554, 0.71279, 0.72285, 0.70598, 0.7243, 
0.71724, 0.72082, 0.72458, 0.7211, 0.71613, 0.66734, 0.70377, 
0.70461, 0.69002, 0.70592, 0.68676, 0.7027, 0.70517, 0.70777, 
0.70515, 0.0377, 0.3801, 0.0446, 0.0551, 0.0529, 0.0517, 0.0717, 
0.0631, 0.0884, 0.0718, 0.085, 227, 147.3, 268.6, 295.2, 195.2, 
278.1, 322.1, 327.4, 398.1, 322.2, 374.6, 267, 1691, 1067, 89, 
1848, 1187, 1212, 1552, 1840, 1914, 1900, 1228, 18, 165, 1235, 
29, 34, 63, 23, 23, 23, 11, 100, 100, 100, 100, 100, 100, 100, 
100, 100, 100, 100, 2500, 2500, 2500, 2500, 2500, 2500, 2500, 
2500, 2500, 2500, 2500, 8827.273, 9599.494, 8833.236, 9105.557, 
9686.141, 8774.228, 9210.732, 9016.575, 8489.17999999999, 8942.799, 
9493.17199999999, 14.92743, 14.98607, 0.49344, 0.67178, 9.04407, 
-1.46093, 1.57084, 0.0814, 7.78741, -0.12665, 9.02435, -7.66733, 
-7.76565, 1.51272, 1.62264, -7.76348, -0.02325, 2.80338, -3.03021, 
1.92983, -2.28251, -6.0375, 0, 0, 0, 0, 0, 0, 0, 0, 0, 0, 0, 
0, 0, 0, 0, 0, 0, 0, 0, 0, 0, 0, 0.72956, 0.71825, 0.70948, 0.71594, 
0.72304, 0.70598, 0.71121, 0.7172, 0.72278, 0.7171, 0.72298, 
0.68399, 0.67046, 0.70377, 0.69146, 0.68502, 0.70122, 0.70449, 
0.70474, 0.70517, 0.70592, 0.70546, 0.3774, 0.417, 0.0484, 0.0548, 
0.0488, 0.0566, 0.0777, 0.0578, 0.0881, 0.071, 0.1163, 131.1, 
147.7, 266.9, 289, 195.6, 304.7, 361.2, 262.2, 397.8, 307.1, 
274.4, 922, 1020, 197, 647, 2079, 1969, 283, 2154, 642, 890, 
793, 1, 1, 1, 1, 1, 2, 4, 1, 3, 1, 1, 100, 100, 100, 100, 100, 
100, 100, 100, 100, 100, 100, 2500, 2500, 2500, 2500, 2500, 2500, 
2500, 2500, 2500, 2500, 2500, 8997.977, 9029.948, 9311.77, 9784.955, 
9771.67400000001, 9881.606, 10106.266, 9973.06899999999, 10325.248, 
10519.186, 11127.924, 1, 1, 1, 1, 1, 1, 1, 1, 1, 1, 1, 0.1, 0.1, 
0.1, 0.1, 0.1, 0.1, 0.1, 0.1, 0.1, 0.1, 0.1, 0, 0, 0, 0, 0, 0, 
0, 0, 0, 0, 0, 0, 0, 0, 0, 0, 0, 0, 0, 0, 0, 0, 0.69495, 0.70292, 
0.68923, 0.6992, 0.70791, 0.69889, 0.70647, 0.71103, 0.71121, 
0.70955, 0.71232, 0.69852, 0.70292, 0.68923, 0.6965, 0.70791, 
0.70127, 0.70213, 0.70682, 0.71321, 0.71326, 0.71404, 0.0298, 
0.0333, 0.037, 0.0416, 0.0414, 0.0474, 0.0533, 0.0566, 0.0626, 
0.0661, 0.0743, 161.2, 175.5, 198.8, 209.4, 216.2, 230.9, 248.4, 
258.6, 271.5, 284.1, 299.9, 1, 1, 1, 1, 1, 1, 1, 1, 1, 1, 1, 
1, 1, 1, 1, 1, 1, 1, 1, 1, 1, 1, 1, 1, 1, 1, 1, 1, 1, 1, 1, 1, 
1, 1, 1, 1, 1, 1, 1, 1, 1, 1, 1, 1, 3.391, 3.413, 3.475, 3.494, 
3.446, 3.465, 3.43, 3.352, 3.344, 3.224, 3.408), .Dim = c(11L, 
40L), .Dimnames = list(NULL, c("Sampling", "PSO.cost", "PSO.gamma", 
"PSO.data.balancing", "PSO.feature.selection", "PSO.valid.acc", 
"PSO.test.acc", "PSO.train.time", "PSO.n.support.vectors", "PSO.index", 
"PSO.n.solutions", "PSO.generations", "PSO.n.evaluations", "PSO.cpu.time", 
"RS.cost", "RS.gamma", "RS.data.balancing", "RS.feature.selection", 
"RS.valid.acc", "RS.test.acc", "RS.train.time", "RS.n.support.vectors", 
"RS.index", "RS.n.solutions", "RS.generations", "RS.n.evaluations", 
"RS.cpu.time", "DF.cost", "DF.gamma", "DF.data.balancing", "DF.feature.selection", 
"DF.valid.acc", "DF.test.acc", "DF.train.time", "DF.n.support.vectors", 
"DF.index", "DF.n.solutions", "DF.generations", "DF.n.evaluations", 
"DF.cpu.time")))
