full <-
structure(c(50, 55, 60, 65, 70, 75, 80, 85, 90, 95, 100, 9.0709, 
8.36111, 4.18561, 6.75182, 14.15441, 0.07799, 1.41277, 2.90346, 
14.19244, 0.63022, 3.46474, -6.40623, -5.83559, -3.03433, -0.4907, 
-12.06585, 0.6183, 1.10825, 0.08901, -8.98423, 0.28311, -3.8008, 
0, 0, 0, 0, 0, 0, 0, 0, 0, 0, 0, 0, 0, 0, 0, 0, 0, 0, 0, 0, 0, 
0, 0.70493, 0.71583, 0.70403, 0.71824, 0.71551, 0.72746, 0.73104, 
0.72542, 0.72548, 0.73753, 0.72474, 0.68374, 0.7003, 0.67151, 
0.67207, 0.68506, 0.7108, 0.70259, 0.69424, 0.68794, 0.72075, 
0.71419, 0.0443, 0.044, 0.0386, 0.0533, 0.0862, 0.0655, 0.0742, 
0.0782, 0.2876, 0.0975, 0.074, 144, 158, 183.6, 215.1, 197.6, 
318.9, 342.6, 320.3, 249.3, 388.1, 288.4, 44, 1015, 737, 1053, 
696, 801, 1567, 1368, 1775, 1646, 722, 52, 66, 13, 102, 71, 76, 
137, 23, 2, 28, 258, 100, 100, 100, 100, 100, 100, 100, 100, 
100, 100, 100, 2500, 2500, 2500, 2500, 2500, 2500, 2500, 2500, 
2500, 2500, 2500, 7851.364, 8250.961, 7822.175, 8305.99, 8929.79699999999, 
8797.476, 9152.417, 9004.761, 14071.054, 13321.746, 8849.41999999998, 
7.17177, 9.3252, 4.81686, 7.15554, 13.72848, -0.03924, 2.85128, 
3.38815, 14.53889, 0.44906, 0.17312, -5.97366, -6.56832, -4.46401, 
-0.6075, -11.83695, 0.79928, 1.43725, -0.15465, -9.12845, 1.40831, 
0.86385, 0, 0, 0, 0, 0, 0, 0, 0, 0, 0, 0, 0, 0, 0, 0, 0, 0, 0, 
0, 0, 0, 0, 0.69803, 0.71573, 0.70689, 0.71284, 0.71551, 0.72503, 
0.7223, 0.71921, 0.72148, 0.73187, 0.72459, 0.68017, 0.69708, 
0.67748, 0.6747, 0.68506, 0.70133, 0.69824, 0.69442, 0.68794, 
0.73742, 0.71938, 0.0327, 0.0479, 0.0372, 0.0535, 0.0877, 0.0652, 
0.0793, 0.0798, 0.3308, 0.0999, 0.0984, 147.6, 158.4, 178.3, 
208.9, 198.2, 322.9, 346.8, 308.1, 249.2, 417, 427.8, 2164, 891, 
2367, 2140, 1304, 2146, 1059, 1476, 21, 2500, 1440, 1, 1, 1, 
1, 1, 1, 2, 1, 1, 1, 1, 100, 100, 100, 100, 100, 100, 100, 100, 
100, 100, 100, 2500, 2500, 2500, 2500, 2500, 2500, 2500, 2500, 
2500, 2500, 2500, 7981.86, 8597.294, 8772.082, 8814.97200000001, 
9244.71299999999, 9766.96000000001, 9804.33100000001, 10156.649, 
10423.309, 11265.388, 11158.733, 1, 1, 1, 1, 1, 1, 1, 1, 1, 1, 
1, 0.1, 0.1, 0.1, 0.1, 0.1, 0.1, 0.1, 0.1, 0.1, 0.1, 0.1, 0, 
0, 0, 0, 0, 0, 0, 0, 0, 0, 0, 0, 0, 0, 0, 0, 0, 0, 0, 0, 0, 0, 
0.68067, 0.69335, 0.6979, 0.69917, 0.69519, 0.70592, 0.6933, 
0.69238, 0.69956, 0.7058, 0.7088, 0.68067, 0.69012, 0.6921, 0.68836, 
0.68756, 0.69895, 0.68456, 0.69038, 0.70721, 0.7058, 0.71055, 
0.0287, 0.032, 0.0385, 0.0419, 0.0452, 0.0498, 0.0552, 0.0614, 
0.0664, 0.0671, 0.08, 165.3, 181, 191.3, 205.8, 220.8, 234.4, 
243.6, 264, 279.5, 288.7, 299.1, 1, 1, 1, 1, 1, 1, 1, 1, 1, 1, 
1, 1, 1, 1, 1, 1, 1, 1, 1, 1, 1, 1, 1, 1, 1, 1, 1, 1, 1, 1, 1, 
1, 1, 1, 1, 1, 1, 1, 1, 1, 1, 1, 1, 1, 3.065, 2.982, 3.19, 3.199, 
3.336, 3.381, 3.42, 3.401, 3.427, 3.255, 3.649), .Dim = c(11L, 
40L), .Dimnames = list(NULL, c("Sampling", "PSO.cost", "PSO.gamma", 
"PSO.data.balancing", "PSO.feature.selection", "PSO.valid.acc", 
"PSO.test.acc", "PSO.train.time", "PSO.n.support.vectors", "PSO.index", 
"PSO.n.solutions", "PSO.generations", "PSO.n.evaluations", "PSO.cpu.time", 
"RS.cost", "RS.gamma", "RS.data.balancing", "RS.feature.selection", 
"RS.valid.acc", "RS.test.acc", "RS.train.time", "RS.n.support.vectors", 
"RS.index", "RS.n.solutions", "RS.generations", "RS.n.evaluations", 
"RS.cpu.time", "DF.cost", "DF.gamma", "DF.data.balancing", "DF.feature.selection", 
"DF.valid.acc", "DF.test.acc", "DF.train.time", "DF.n.support.vectors", 
"DF.index", "DF.n.solutions", "DF.generations", "DF.n.evaluations", 
"DF.cpu.time")))
