full <-
structure(c(50, 55, 60, 65, 70, 75, 80, 85, 90, 95, 100, 10.16736, 
1, 3.41068, 0.13109, 15, 0.91623, 11.59947, 0.20419, 10.71462, 
0.01458, 1.709, -8.50422, 0.1, -5.44992, -0.84974, -11.65459, 
-1.00618, -11.61365, 0.73414, -6.64067, -2.00058, 1.34073, 0, 
0, 0, 0, 0, 0, 0, 0, 0, 0, 0, 0, 0, 0, 0, 0, 0, 0, 0, 0, 0, 0, 
0.75111, 0.7381, 0.75115, 0.77257, 0.74064, 0.74319, 0.7263, 
0.73848, 0.72711, 0.73754, 0.72976, 0.73695, 0.7381, 0.74206, 
0.75356, 0.74076, 0.71274, 0.72191, 0.72381, 0.68781, 0.72077, 
0.69999, 0.0326, 0.0291, 0.0316, 0.0415, 0.0855, 0.057, 0.0796, 
0.0805, 0.1603, 0.0801, 0.1174, 125, 158.6, 155.1, 235, 177.4, 
268.3, 212.1, 360, 247, 311.1, 431.9, 682, 1, 896, 1077, 1937, 
1779, 966, 1074, 1592, 1298, 992, 72, 2003, 44, 145, 1, 2, 8, 
148, 6, 33, 268, 100, 100, 100, 100, 100, 100, 100, 100, 100, 
100, 100, 2500, 2500, 2500, 2500, 2500, 2500, 2500, 2500, 2500, 
2500, 2500, 6878.374, 6639.274, 6931.421, 7420.285, 7488.91, 
9550.209, 10387.911, 10251.895, 12929.376, 10698.388, 11337.293, 
0.37648, 2.63957, 1.54289, -0.04068, 11.02525, 1.06714, 0.15441, 
0.25463, 10.41583, 0.65731, 2.19347, 0.7832, -13.16884, 1.08924, 
-0.55543, -9.65168, -1.1071, -3.82305, 0.49092, -6.49864, -2.45365, 
1.03778, 0, 0, 0, 0, 0, 0, 0, 0, 0, 0, 0, 0, 0, 0, 0, 0, 0, 0, 
0, 0, 0, 0, 0.75443, 0.7381, 0.74821, 0.76701, 0.7382, 0.74081, 
0.72635, 0.73427, 0.72319, 0.73387, 0.72622, 0.7436, 0.7381, 
0.73021, 0.75364, 0.73583, 0.71512, 0.72413, 0.72177, 0.69565, 
0.71525, 0.69987, 0.0328, 0.0272, 0.044, 0.0426, 0.0514, 0.0567, 
0.0548, 0.0796, 0.1539, 0.0789, 0.1112, 213.6, 138.2, 256, 243.1, 
178.3, 264.6, 226.8, 355, 247.6, 299.8, 417.8, 1969, 4, 212, 
2378, 78, 2021, 1783, 894, 817, 970, 1085, 1, 928, 6, 1, 4, 1, 
2, 1, 2, 2, 2, 100, 100, 100, 100, 100, 100, 100, 100, 100, 100, 
100, 2500, 2500, 2500, 2500, 2500, 2500, 2500, 2500, 2500, 2500, 
2500, 6985.776, 7275.664, 7541.729, 7851.489, 8550.538, 10652.009, 
11336.199, 11523.124, 12390.745, 12387.291, 11294.423, 1, 1, 
1, 1, 1, 1, 1, 1, 1, 1, 1, 0.1, 0.1, 0.1, 0.1, 0.1, 0.1, 0.1, 
0.1, 0.1, 0.1, 0.1, 0, 0, 0, 0, 0, 0, 0, 0, 0, 0, 0, 0, 0, 0, 
0, 0, 0, 0, 0, 0, 0, 0, 0.74039, 0.7381, 0.74206, 0.74538, 0.73088, 
0.72951, 0.72413, 0.72355, 0.71315, 0.71881, 0.7035, 0.74741, 
0.7381, 0.73921, 0.74538, 0.73076, 0.71999, 0.72191, 0.72355, 
0.71323, 0.71881, 0.71055, 0.0255, 0.0294, 0.032, 0.0359, 0.0432, 
0.0485, 0.0548, 0.061, 0.0697, 0.0768, 0.0777, 140.6, 158.6, 
167.5, 177.8, 195.3, 212.9, 232.8, 249.3, 269.4, 282.8, 299.5, 
1, 1, 1, 1, 1, 1, 1, 1, 1, 1, 1, 1, 1, 1, 1, 1, 1, 1, 1, 1, 1, 
1, 1, 1, 1, 1, 1, 1, 1, 1, 1, 1, 1, 1, 1, 1, 1, 1, 1, 1, 1, 1, 
1, 1, 2.6, 2.655, 2.646, 2.736, 3.662, 3.716, 3.866, 3.893, 4.111, 
4.164, 3.27), .Dim = c(11L, 40L), .Dimnames = list(NULL, c("Sampling", 
"PSO.cost", "PSO.gamma", "PSO.data.balancing", "PSO.feature.selection", 
"PSO.valid.acc", "PSO.test.acc", "PSO.train.time", "PSO.n.support.vectors", 
"PSO.index", "PSO.n.solutions", "PSO.generations", "PSO.n.evaluations", 
"PSO.cpu.time", "RS.cost", "RS.gamma", "RS.data.balancing", "RS.feature.selection", 
"RS.valid.acc", "RS.test.acc", "RS.train.time", "RS.n.support.vectors", 
"RS.index", "RS.n.solutions", "RS.generations", "RS.n.evaluations", 
"RS.cpu.time", "DF.cost", "DF.gamma", "DF.data.balancing", "DF.feature.selection", 
"DF.valid.acc", "DF.test.acc", "DF.train.time", "DF.n.support.vectors", 
"DF.index", "DF.n.solutions", "DF.generations", "DF.n.evaluations", 
"DF.cpu.time")))
