full <-
structure(c(50, 55, 60, 65, 70, 75, 80, 85, 90, 95, 100, -0.55077, 
0.88403, 2.34181, -0.27791, 2.9467, 0.57058, 13.54774, 0.56913, 
2.68509, 4.79549, 13.14953, -2.36066, 2.1306, -4.37732, -2.29406, 
-3.66516, -1.04339, -9.58865, -2.34585, 1.30668, 0.99646, -8.22937, 
0, 0, 0, 0, 0, 0, 0, 0, 0, 0, 0, 0, 0, 0, 0, 0, 0, 0, 0, 0, 0, 
0, 0.74045, 0.75065, 0.73954, 0.74275, 0.74814, 0.75777, 0.75507, 
0.74005, 0.74043, 0.73019, 0.73175, 0.72986, 0.74118, 0.71861, 
0.7345, 0.73038, 0.73181, 0.72425, 0.71096, 0.72667, 0.69839, 
0.71574, 0.029, 0.0421, 0.0333, 0.04, 0.0391, 0.0531, 0.1, 0.06, 
0.095, 0.0977, 0.2973, 161.6, 249.5, 163.5, 205, 192.6, 259.8, 
196.9, 264.6, 379.2, 381.2, 272.8, 656, 2158, 1315, 1884, 2132, 
1946, 91, 1453, 600, 810, 1423, 61, 4, 35, 44, 1, 20, 18, 20, 
552, 78, 2, 100, 100, 100, 100, 100, 100, 100, 100, 100, 100, 
100, 2500, 2500, 2500, 2500, 2500, 2500, 2500, 2500, 2500, 2500, 
2500, 6823.178, 6980.19, 6844.683, 7574.347, 7683.132, 7546.11600000001, 
9539.242, 7447.06, 8253.141, 8532.182, 12323.349, -0.47046, 0.52782, 
2.04137, -0.35149, 0.58279, 1.18847, 5.1915, 0.87514, 2.64634, 
7.73021, 0.57638, -1.31665, 1.95823, -4.15263, -2.33213, -1.90415, 
-1.3106, -3.93184, -2.18698, 1.29806, 0.82887, 1.24804, 0, 0, 
0, 0, 0, 0, 0, 0, 0, 0, 0, 0, 0, 0, 0, 0, 0, 0, 0, 0, 0, 0, 0.73381, 
0.74743, 0.73366, 0.74275, 0.74551, 0.75307, 0.75261, 0.73189, 
0.74043, 0.72271, 0.72651, 0.73357, 0.7444, 0.71281, 0.73179, 
0.73814, 0.72483, 0.74169, 0.711, 0.72667, 0.69843, 0.72993, 
0.0288, 0.0396, 0.0342, 0.0402, 0.0461, 0.0514, 0.0551, 0.0599, 
0.085, 0.1008, 0.1084, 177.9, 249.2, 164.9, 204.5, 226, 249.8, 
208.2, 267, 378.8, 369.5, 435.3, 1395, 325, 219, 1365, 1677, 
955, 958, 1629, 2303, 81, 1155, 1, 1, 1, 1, 1, 3, 2, 2, 1, 3, 
1, 100, 100, 100, 100, 100, 100, 100, 100, 100, 100, 100, 2500, 
2500, 2500, 2500, 2500, 2500, 2500, 2500, 2500, 2500, 2500, 7061.901, 
7322.396, 7563.958, 8118.41699999999, 8358.073, 8406.183, 8505.409, 
8964.01400000001, 9226.16100000002, 10210.281, 10690.431, 1, 
1, 1, 1, 1, 1, 1, 1, 1, 1, 1, 0.1, 0.1, 0.1, 0.1, 0.1, 0.1, 0.1, 
0.1, 0.1, 0.1, 0.1, 0, 0, 0, 0, 0, 0, 0, 0, 0, 0, 0, 0, 0, 0, 
0, 0, 0, 0, 0, 0, 0, 0, 0.72999, 0.71888, 0.72449, 0.7345, 0.73564, 
0.73884, 0.72411, 0.70891, 0.71125, 0.70213, 0.70878, 0.72284, 
0.72534, 0.72735, 0.73179, 0.7382, 0.73884, 0.72638, 0.70905, 
0.70929, 0.70584, 0.7106, 0.0262, 0.0306, 0.0343, 0.038, 0.0411, 
0.0452, 0.0506, 0.0569, 0.0629, 0.0707, 0.0779, 149.8, 161.4, 
173.9, 186.2, 195.5, 207.5, 226, 247.8, 265.6, 286.6, 301.3, 
1, 1, 1, 1, 1, 1, 1, 1, 1, 1, 1, 1, 1, 1, 1, 1, 1, 1, 1, 1, 1, 
1, 1, 1, 1, 1, 1, 1, 1, 1, 1, 1, 1, 1, 1, 1, 1, 1, 1, 1, 1, 1, 
1, 1, 2.544, 2.693, 2.803, 2.851, 2.818, 2.909, 2.926, 3.01, 
3.04, 3.153, 3.247), .Dim = c(11L, 40L), .Dimnames = list(NULL, 
    c("Sampling", "PSO.cost", "PSO.gamma", "PSO.data.balancing", 
    "PSO.feature.selection", "PSO.valid.acc", "PSO.test.acc", 
    "PSO.train.time", "PSO.n.support.vectors", "PSO.index", "PSO.n.solutions", 
    "PSO.generations", "PSO.n.evaluations", "PSO.cpu.time", "RS.cost", 
    "RS.gamma", "RS.data.balancing", "RS.feature.selection", 
    "RS.valid.acc", "RS.test.acc", "RS.train.time", "RS.n.support.vectors", 
    "RS.index", "RS.n.solutions", "RS.generations", "RS.n.evaluations", 
    "RS.cpu.time", "DF.cost", "DF.gamma", "DF.data.balancing", 
    "DF.feature.selection", "DF.valid.acc", "DF.test.acc", "DF.train.time", 
    "DF.n.support.vectors", "DF.index", "DF.n.solutions", "DF.generations", 
    "DF.n.evaluations", "DF.cpu.time")))
