full <-
structure(c(50, 55, 60, 65, 70, 75, 80, 85, 90, 95, 100, 1.30193, 
-0.16409, -1.02182, 0.35336, 5.2574, 0.06039, 0.54381, 0.14539, 
-0.60479, 0.21586, 2.1548, 0.90898, 1.18048, 0.74018, 1.52162, 
3, 2.17814, 1.07556, 1.29044, 1.96771, 1.71661, 1.29319, 0, 0, 
0, 0, 0, 0, 0, 0, 0, 0, 0, 0, 0, 0, 0, 0, 0, 0, 0, 0, 0, 0, 0.75349, 
0.7572, 0.7392, 0.75086, 0.73538, 0.74579, 0.75302, 0.73627, 
0.72692, 0.73754, 0.73524, 0.72553, 0.74461, 0.73626, 0.74815, 
0.73538, 0.72935, 0.73312, 0.72169, 0.723, 0.72077, 0.73351, 
0.0339, 0.0389, 0.0417, 0.0511, 0.0662, 0.0685, 0.0731, 0.0799, 
0.0855, 0.1043, 0.1131, 214.8, 241.1, 253.6, 289.2, 316.9, 337.5, 
343.7, 371.9, 403.2, 422.7, 427.6, 1237, 523, 754, 847, 99, 862, 
1706, 2495, 1863, 1518, 2013, 41, 671, 74, 69, 1846, 51, 71, 
1, 14, 29, 7, 100, 100, 100, 100, 100, 100, 100, 100, 100, 100, 
100, 2500, 2500, 2500, 2500, 2500, 2500, 2500, 2500, 2500, 2500, 
2500, 6571.228, 6855.725, 7252.068, 7261.991, 7568.609, 7709.56599999999, 
8172.068, 8482.89899999999, 8527.217, 8891.524, 10084.597, 1.38829, 
-0.12121, -0.99639, 0.3223, 4.84002, 0.31241, 1.56174, -0.36151, 
-0.57831, 0.19947, 2.08531, 0.82726, 1.52604, 0.90485, 1.535, 
2.9984, 1.54533, 1.28596, 0.66392, 1.88005, 1.96108, 1.31395, 
0, 0, 0, 0, 0, 0, 0, 0, 0, 0, 0, 0, 0, 0, 0, 0, 0, 0, 0, 0, 0, 
0, 0.75349, 0.75085, 0.7392, 0.74816, 0.73538, 0.7412, 0.74408, 
0.73206, 0.72692, 0.73013, 0.73167, 0.72553, 0.75409, 0.73323, 
0.74545, 0.73538, 0.73638, 0.7265, 0.72802, 0.72496, 0.71151, 
0.73527, 0.0344, 0.0381, 0.0412, 0.0515, 0.0611, 0.0632, 0.0789, 
0.0786, 0.0897, 0.0966, 0.1092, 211.5, 245.5, 257.5, 289.5, 316.9, 
331.5, 346.6, 358.8, 402.3, 424.6, 429, 454, 533, 397, 509, 1755, 
200, 570, 2173, 1024, 28, 2488, 1, 1, 2, 1, 2, 1, 1, 1, 2, 1, 
1, 100, 100, 100, 100, 100, 100, 100, 100, 100, 100, 100, 2500, 
2500, 2500, 2500, 2500, 2500, 2500, 2500, 2500, 2500, 2500, 7094.484, 
7359.083, 7715.156, 7816.683, 8155.11399999999, 9054.29300000001, 
9469.557, 9523.36200000001, 9979.891, 10600.806, 11027.375, 1, 
1, 1, 1, 1, 1, 1, 1, 1, 1, 1, 0.1, 0.1, 0.1, 0.1, 0.1, 0.1, 0.1, 
0.1, 0.1, 0.1, 0.1, 0, 0, 0, 0, 0, 0, 0, 0, 0, 0, 0, 0, 0, 0, 
0, 0, 0, 0, 0, 0, 0, 0, 0.72284, 0.72858, 0.72735, 0.7345, 0.72545, 
0.72713, 0.72635, 0.72355, 0.723, 0.71696, 0.71043, 0.72284, 
0.7318, 0.73029, 0.7345, 0.72545, 0.72713, 0.72857, 0.72355, 
0.723, 0.71141, 0.70341, 0.0274, 0.0295, 0.0357, 0.0396, 0.041, 
0.0463, 0.0544, 0.0607, 0.0645, 0.0678, 0.0741, 152.4, 164.1, 
178.8, 190.8, 209.2, 221.5, 234.9, 251.3, 267.2, 284.1, 299, 
1, 1, 1, 1, 1, 1, 1, 1, 1, 1, 1, 1, 1, 1, 1, 1, 1, 1, 1, 1, 1, 
1, 1, 1, 1, 1, 1, 1, 1, 1, 1, 1, 1, 1, 1, 1, 1, 1, 1, 1, 1, 1, 
1, 1, 2.618, 2.545, 2.821, 2.895, 2.657, 2.911, 3.159, 3.136, 
3.19, 3.125, 3.27), .Dim = c(11L, 40L), .Dimnames = list(NULL, 
    c("Sampling", "PSO.cost", "PSO.gamma", "PSO.data.balancing", 
    "PSO.feature.selection", "PSO.valid.acc", "PSO.test.acc", 
    "PSO.train.time", "PSO.n.support.vectors", "PSO.index", "PSO.n.solutions", 
    "PSO.generations", "PSO.n.evaluations", "PSO.cpu.time", "RS.cost", 
    "RS.gamma", "RS.data.balancing", "RS.feature.selection", 
    "RS.valid.acc", "RS.test.acc", "RS.train.time", "RS.n.support.vectors", 
    "RS.index", "RS.n.solutions", "RS.generations", "RS.n.evaluations", 
    "RS.cpu.time", "DF.cost", "DF.gamma", "DF.data.balancing", 
    "DF.feature.selection", "DF.valid.acc", "DF.test.acc", "DF.train.time", 
    "DF.n.support.vectors", "DF.index", "DF.n.solutions", "DF.generations", 
    "DF.n.evaluations", "DF.cpu.time")))
