full <-
structure(c(50, 55, 60, 65, 70, 75, 80, 85, 90, 95, 100, -0.14877, 
-0.31082, 2.70785, 6.15164, 1.01348, 12.62837, 5.18945, 1.65525, 
1.61887, 2.00506, 0.10412, 0.21333, -0.74644, 1.76641, 2.89793, 
2.91192, -12.69567, -4.84708, 1.21631, 1.85473, 1.80504, 0.50362, 
0, 0, 0, 0, 0, 0, 0, 0, 0, 0, 0, 0, 0, 0, 0, 0, 0, 0, 0, 0, 0, 
0, 0.76133, 0.75736, 0.73582, 0.73453, 0.73022, 0.71999, 0.73968, 
0.74251, 0.7408, 0.72041, 0.73507, 0.74039, 0.73488, 0.7006, 
0.72364, 0.72009, 0.71761, 0.70239, 0.72188, 0.72484, 0.7057, 
0.69829, 0.0351, 0.0367, 0.0474, 0.0561, 0.0653, 0.0664, 0.0572, 
0.081, 0.0942, 0.1036, 0.1053, 211.2, 209.8, 264.7, 294.8, 316.9, 
201.1, 219.4, 360, 396.2, 419.2, 415.3, 1139, 801, 2222, 285, 
885, 157, 1004, 793, 421, 1353, 1165, 186, 375, 1, 1445, 38, 
710, 51, 155, 369, 166, 160, 100, 100, 100, 100, 100, 100, 100, 
100, 100, 100, 100, 2500, 2500, 2500, 2500, 2500, 2500, 2500, 
2500, 2500, 2500, 2500, 7137.038, 7256.492, 8125.843, 7758.52, 
7872.02299999999, 8154.439, 7852.81099999999, 8846.045, 9489.607, 
9285.614, 8818.10200000001, -0.19099, -0.5907, 2.50735, -0.1964, 
-0.85765, -0.73979, 8.89566, 1.81702, 2.03575, 2.43007, -0.18851, 
0.2514, -0.179, 1.75268, -0.23044, -0.54673, 0.23165, -6.73116, 
1.3408, 1.88972, 1.67955, 0.2139, 0, 0, 0, 0, 0, 0, 0, 0, 0, 
0, 0, 0, 0, 0, 0, 0, 0, 0, 0, 0, 0, 0, 0.75086, 0.74768, 0.73582, 
0.73994, 0.72804, 0.72685, 0.73756, 0.73638, 0.73484, 0.71481, 
0.72806, 0.74039, 0.7381, 0.7006, 0.7346, 0.72554, 0.72231, 0.70881, 
0.72405, 0.72684, 0.70199, 0.71765, 0.0337, 0.0368, 0.0487, 0.0457, 
0.0508, 0.0649, 0.0694, 0.0789, 0.0958, 0.1055, 0.0988, 211.8, 
221.9, 264.6, 259.7, 266.5, 307.4, 210.9, 363, 396, 415.8, 406.8, 
1693, 416, 687, 1892, 837, 1990, 570, 902, 605, 1644, 197, 1, 
1, 1, 1, 1, 1, 1, 3, 1, 1, 1, 100, 100, 100, 100, 100, 100, 100, 
100, 100, 100, 100, 2500, 2500, 2500, 2500, 2500, 2500, 2500, 
2500, 2500, 2500, 2500, 7398.972, 7710.787, 7834.014, 8149.792, 
8453.88399999999, 8959.132, 9316.67999999999, 9795.24900000001, 
10191.781, 10516.768, 10967.885, 1, 1, 1, 1, 1, 1, 1, 1, 1, 1, 
1, 0.1, 0.1, 0.1, 0.1, 0.1, 0.1, 0.1, 0.1, 0.1, 0.1, 0.1, 0, 
0, 0, 0, 0, 0, 0, 0, 0, 0, 0, 0, 0, 0, 0, 0, 0, 0, 0, 0, 0, 0, 
0.72303, 0.72853, 0.72154, 0.71823, 0.72041, 0.71279, 0.70862, 
0.71732, 0.71123, 0.69444, 0.70177, 0.72635, 0.73175, 0.71869, 
0.71283, 0.72041, 0.71755, 0.70867, 0.71732, 0.71123, 0.69644, 
0.70878, 0.0279, 0.0325, 0.0358, 0.0398, 0.0442, 0.0504, 0.0545, 
0.061, 0.0655, 0.072, 0.0796, 148.7, 166.5, 181.2, 196.9, 210.1, 
225.8, 237.2, 252.5, 269.2, 289.3, 301.8, 1, 1, 1, 1, 1, 1, 1, 
1, 1, 1, 1, 1, 1, 1, 1, 1, 1, 1, 1, 1, 1, 1, 1, 1, 1, 1, 1, 1, 
1, 1, 1, 1, 1, 1, 1, 1, 1, 1, 1, 1, 1, 1, 1, 1, 2.733, 2.829, 
2.878, 2.901, 2.968, 3.014, 3.174, 3.229, 3.227, 3.276, 3.344
), .Dim = c(11L, 40L), .Dimnames = list(NULL, c("Sampling", "PSO.cost", 
"PSO.gamma", "PSO.data.balancing", "PSO.feature.selection", "PSO.valid.acc", 
"PSO.test.acc", "PSO.train.time", "PSO.n.support.vectors", "PSO.index", 
"PSO.n.solutions", "PSO.generations", "PSO.n.evaluations", "PSO.cpu.time", 
"RS.cost", "RS.gamma", "RS.data.balancing", "RS.feature.selection", 
"RS.valid.acc", "RS.test.acc", "RS.train.time", "RS.n.support.vectors", 
"RS.index", "RS.n.solutions", "RS.generations", "RS.n.evaluations", 
"RS.cpu.time", "DF.cost", "DF.gamma", "DF.data.balancing", "DF.feature.selection", 
"DF.valid.acc", "DF.test.acc", "DF.train.time", "DF.n.support.vectors", 
"DF.index", "DF.n.solutions", "DF.generations", "DF.n.evaluations", 
"DF.cpu.time")))
