full <-
structure(c(50, 55, 60, 65, 70, 75, 80, 85, 90, 95, 100, 1.29171, 
0.13864, -0.08162, 0.29183, 0.08314, 0.27692, -0.08918, 2.23076, 
1.64586, 0.66765, 1.56197, -3.41327, -1.19882, -0.877, 0.30678, 
0.51308, 0.97959, -0.19819, 2.24984, 1.28889, 0.82396, -14.94171, 
0, 0, 0, 0, 0, 0, 0, 0, 0, 0, 0, 0, 0, 0, 0, 0, 0, 0, 0, 0, 0, 
0, 0.7508, 0.75081, 0.73054, 0.71827, 0.7331, 0.74338, 0.74834, 
0.73354, 0.7464, 0.72272, 0.71229, 0.74735, 0.73165, 0.70995, 
0.70199, 0.71291, 0.71979, 0.72645, 0.73992, 0.73478, 0.70378, 
0.71229, 0.0295, 0.0361, 0.039, 0.052, 0.0582, 0.0617, 0.0635, 
0.0817, 0.0927, 0.0962, 0.0654, 151.3, 200.5, 228.7, 271.4, 293.3, 
320.4, 317.4, 380.1, 386, 399.4, 265.9, 274, 737, 1190, 2460, 
668, 1345, 977, 1444, 2239, 2475, 8, 440, 493, 57, 39, 389, 7, 
156, 193, 5, 1, 2154, 100, 100, 100, 100, 100, 100, 100, 100, 
100, 100, 100, 2500, 2500, 2500, 2500, 2500, 2500, 2500, 2500, 
2500, 2500, 2500, 6925.626, 7094.525, 7179.279, 7515.949, 7706.37, 
7849.06, 7956.13799999999, 8400.83099999999, 8522.402, 8551.69200000001, 
8820.88800000001, 1.92427, 0.0753, 0.04527, 0.27841, 0.10147, 
0.47667, 0.28436, 0.69715, 0.69287, 0.46807, 0.3848, -3.77453, 
-1.20503, -0.82018, 0.4054, -1.24238, 0.71615, 0.86445, 1.40313, 
1.35449, 0.82789, 0.8011, 0, 0, 0, 0, 0, 0, 0, 0, 0, 0, 0, 0, 
0, 0, 0, 0, 0, 0, 0, 0, 0, 0, 0.7508, 0.75081, 0.7218, 0.71827, 
0.73055, 0.73164, 0.74384, 0.73966, 0.74432, 0.72272, 0.72808, 
0.73664, 0.7254, 0.70978, 0.71821, 0.70028, 0.72915, 0.7264, 
0.73583, 0.72694, 0.70183, 0.72461, 0.0291, 0.0359, 0.0418, 0.052, 
0.0509, 0.0601, 0.0682, 0.0797, 0.0927, 0.0959, 0.106, 147.4, 
200.8, 229.2, 273.2, 254.5, 315, 339.9, 371.8, 392.8, 400.8, 
422.8, 353, 2420, 988, 1175, 1816, 1742, 62, 1796, 470, 81, 2064, 
3, 1, 1, 1, 1, 1, 2, 1, 1, 1, 1, 100, 100, 100, 100, 100, 100, 
100, 100, 100, 100, 100, 2500, 2500, 2500, 2500, 2500, 2500, 
2500, 2500, 2500, 2500, 2500, 7488.698, 7771.239, 8019.459, 8436.305, 
8717.349, 8908.66100000001, 9260.662, 9698.932, 9996.97899999999, 
10596.782, 10585.554, 1, 1, 1, 1, 1, 1, 1, 1, 1, 1, 1, 0.1, 0.1, 
0.1, 0.1, 0.1, 0.1, 0.1, 0.1, 0.1, 0.1, 0.1, 0, 0, 0, 0, 0, 0, 
0, 0, 0, 0, 0, 0, 0, 0, 0, 0, 0, 0, 0, 0, 0, 0, 0.73701, 0.72853, 
0.71853, 0.71002, 0.71541, 0.72001, 0.71524, 0.71313, 0.71709, 
0.71141, 0.70355, 0.73701, 0.7253, 0.71853, 0.71002, 0.71541, 
0.72001, 0.71524, 0.70901, 0.71909, 0.71141, 0.70349, 0.0277, 
0.0338, 0.035, 0.0403, 0.0456, 0.0484, 0.0533, 0.0577, 0.0649, 
0.0702, 0.0781, 153.3, 165.5, 186.3, 202.9, 213.5, 225.8, 243.5, 
255.9, 264.8, 280.1, 299.6, 1, 1, 1, 1, 1, 1, 1, 1, 1, 1, 1, 
1, 1, 1, 1, 1, 1, 1, 1, 1, 1, 1, 1, 1, 1, 1, 1, 1, 1, 1, 1, 1, 
1, 1, 1, 1, 1, 1, 1, 1, 1, 1, 1, 1, 2.599, 2.849, 2.688, 2.83, 
2.929, 2.955, 3.003, 3.031, 3.147, 3.214, 3.327), .Dim = c(11L, 
40L), .Dimnames = list(NULL, c("Sampling", "PSO.cost", "PSO.gamma", 
"PSO.data.balancing", "PSO.feature.selection", "PSO.valid.acc", 
"PSO.test.acc", "PSO.train.time", "PSO.n.support.vectors", "PSO.index", 
"PSO.n.solutions", "PSO.generations", "PSO.n.evaluations", "PSO.cpu.time", 
"RS.cost", "RS.gamma", "RS.data.balancing", "RS.feature.selection", 
"RS.valid.acc", "RS.test.acc", "RS.train.time", "RS.n.support.vectors", 
"RS.index", "RS.n.solutions", "RS.generations", "RS.n.evaluations", 
"RS.cpu.time", "DF.cost", "DF.gamma", "DF.data.balancing", "DF.feature.selection", 
"DF.valid.acc", "DF.test.acc", "DF.train.time", "DF.n.support.vectors", 
"DF.index", "DF.n.solutions", "DF.generations", "DF.n.evaluations", 
"DF.cpu.time")))
