full <-
structure(c(50, 55, 60, 65, 70, 75, 80, 85, 90, 95, 100, 9.6526, 
9.15773, 1.46778, 12.83862, 8.52866, 7.48717, 5.29731, 13.40574, 
3.6773, 1.82473, 1.21875, -8.76709, -8.29411, -4.24851, -13.24073, 
2.01176, -11.51531, -7.51949, -12.88856, -3.72237, 1.76557, 2.35886, 
0, 0, 0, 0, 0, 0, 0, 0, 0, 0, 0, 0, 0, 0, 0, 0, 0, 0, 0, 0, 0, 
0, 0.72303, 0.71608, 0.70394, 0.70188, 0.71538, 0.70362, 0.70198, 
0.70701, 0.72934, 0.71483, 0.72992, 0.70554, 0.67778, 0.6952, 
0.69647, 0.69756, 0.70362, 0.69092, 0.69234, 0.69977, 0.70005, 
0.70886, 0.0348, 0.0343, 0.0342, 0.0571, 0.0612, 0.0528, 0.0531, 
0.1229, 0.0659, 0.097, 0.1153, 145.9, 157, 183.8, 186.8, 311.8, 
215.4, 231.4, 242.5, 260.6, 418.3, 451.5, 912, 377, 1115, 217, 
599, 2, 199, 882, 1581, 2126, 583, 29, 237, 60, 317, 105, 2186, 
187, 9, 32, 3, 362, 100, 100, 100, 100, 100, 100, 100, 100, 100, 
100, 100, 2500, 2500, 2500, 2500, 2500, 2500, 2500, 2500, 2500, 
2500, 2500, 7981.035, 7653.041, 7563.276, 7864.854, 8434.674, 
7586.166, 7961.177, 10043.599, 8820.30300000001, 8936.717, 9716.80600000001, 
12.41384, 9.42793, 0.62826, 11.24655, 4.48323, -1.6357, 3.66424, 
2.42693, 8.39951, -1.34121, 2.57992, -10.41873, -8.48188, -3.66209, 
-11.69074, -4.90129, -0.78049, 0.93152, 1.2107, -5.51672, -0.66598, 
2.32321, 0, 0, 0, 0, 0, 0, 0, 0, 0, 0, 0, 0, 0, 0, 0, 0, 0, 0, 
0, 0, 0, 0, 0.7197, 0.71608, 0.70099, 0.70188, 0.71045, 0.70368, 
0.70415, 0.70506, 0.7233, 0.71703, 0.72462, 0.71933, 0.6809, 
0.70108, 0.69647, 0.68, 0.69665, 0.70217, 0.70714, 0.71158, 0.71522, 
0.71064, 0.0399, 0.0349, 0.034, 0.0494, 0.0448, 0.0553, 0.0774, 
0.0838, 0.1005, 0.0776, 0.1171, 144.7, 156.8, 187.4, 187, 206, 
286.9, 326.9, 360.3, 248, 360.2, 449.9, 1071, 202, 2060, 22, 
74, 300, 1957, 644, 2026, 68, 960, 1, 2, 1, 35, 1, 2, 1, 2, 1, 
1, 3, 100, 100, 100, 100, 100, 100, 100, 100, 100, 100, 100, 
2500, 2500, 2500, 2500, 2500, 2500, 2500, 2500, 2500, 2500, 2500, 
8128.089, 8062.501, 8044.89, 8363.018, 8668.47200000001, 8897.732, 
9578.298, 10447.481, 10711.433, 10765.513, 11323.98, 1, 1, 1, 
1, 1, 1, 1, 1, 1, 1, 1, 0.1, 0.1, 0.1, 0.1, 0.1, 0.1, 0.1, 0.1, 
0.1, 0.1, 0.1, 0, 0, 0, 0, 0, 0, 0, 0, 0, 0, 0, 0, 0, 0, 0, 0, 
0, 0, 0, 0, 0, 0, 0.70197, 0.7064, 0.69511, 0.69647, 0.69513, 
0.69432, 0.67763, 0.68822, 0.6977, 0.70588, 0.70704, 0.70542, 
0.70306, 0.69511, 0.69647, 0.70019, 0.68247, 0.67758, 0.68605, 
0.69766, 0.70403, 0.71055, 0.0295, 0.0331, 0.0349, 0.0392, 0.0444, 
0.0507, 0.0564, 0.0601, 0.0641, 0.0709, 0.0805, 161.1, 173.9, 
191.1, 205, 221.3, 232.5, 251.2, 260.8, 269.6, 283.2, 300.3, 
1, 1, 1, 1, 1, 1, 1, 1, 1, 1, 1, 1, 1, 1, 1, 1, 1, 1, 1, 1, 1, 
1, 1, 1, 1, 1, 1, 1, 1, 1, 1, 1, 1, 1, 1, 1, 1, 1, 1, 1, 1, 1, 
1, 1, 3.066, 3.02, 2.797, 2.883, 2.971, 3.113, 3.161, 3.368, 
3.32, 3.452, 3.543), .Dim = c(11L, 40L), .Dimnames = list(NULL, 
    c("Sampling", "PSO.cost", "PSO.gamma", "PSO.data.balancing", 
    "PSO.feature.selection", "PSO.valid.acc", "PSO.test.acc", 
    "PSO.train.time", "PSO.n.support.vectors", "PSO.index", "PSO.n.solutions", 
    "PSO.generations", "PSO.n.evaluations", "PSO.cpu.time", "RS.cost", 
    "RS.gamma", "RS.data.balancing", "RS.feature.selection", 
    "RS.valid.acc", "RS.test.acc", "RS.train.time", "RS.n.support.vectors", 
    "RS.index", "RS.n.solutions", "RS.generations", "RS.n.evaluations", 
    "RS.cpu.time", "DF.cost", "DF.gamma", "DF.data.balancing", 
    "DF.feature.selection", "DF.valid.acc", "DF.test.acc", "DF.train.time", 
    "DF.n.support.vectors", "DF.index", "DF.n.solutions", "DF.generations", 
    "DF.n.evaluations", "DF.cpu.time")))
