full <-
structure(c(50, 55, 60, 65, 70, 75, 80, 85, 90, 95, 100, 7.75205, 
15, 3.46904, 4.31369, 4.42269, -0.87986, -2, 2.97892, -1.16874, 
9.95609, 6.59778, -12.09128, -13.38895, -8.73518, -9.56316, -10.84638, 
-4.40599, -2.53605, -13.57278, -10.05464, -15, -11.79089, 0, 
0, 0, 0, 0, 0, 0, 0, 0, 0, 0, 0, 0, 0, 0, 0, 0, 0, 0, 0, 0, 0, 
0.20906, 0.20697, 0.19437, 0.19909, 0.19228, 0.19381, 0.18836, 
0.18996, 0.18722, 0.19268, 0.19254, 0.19845, 0.19052, 0.18857, 
0.19345, 0.19228, 0.19131, 0.17927, 0.18996, 0.18722, 0.18154, 
0.19257, 0.0348, 0.1289, 0.0459, 0.0509, 0.0603, 0.0664, 0.0783, 
0.0811, 0.0937, 0.1058, 0.1131, 222.4, 242.2, 267.1, 289.6, 312, 
334.4, 356.8, 379.2, 401.5, 423.9, 444.8, 1348, 1744, 90, 132, 
6, 2, 2489, 10, 4, 837, 868, 7, 5, 121, 70, 2109, 2101, 1, 1796, 
2035, 74, 18, 100, 100, 100, 100, 100, 100, 100, 100, 100, 100, 
100, 2500, 2500, 2500, 2500, 2500, 2500, 2500, 2500, 2500, 2500, 
2500, 7536.24, 9267.501, 7889.255, 7629.374, 7699.378, 8022.17, 
8234.07800000001, 8487.07400000001, 8900.527, 9504.06700000001, 
9350.59899999999, 10.95518, 14.65555, 2.59396, 6.7613, 2.27848, 
-1.50253, -1.22128, 4.2798, 6.91685, 0.85439, 6.15511, -8.31006, 
-12.89464, -7.98026, -12.00985, -11.01284, 0.90814, -3.72237, 
-10.83169, -13.61064, -5.7854, -11.42094, 0, 0, 0, 0, 0, 0, 0, 
0, 0, 0, 0, 0, 0, 0, 0, 0, 0, 0, 0, 0, 0, 0, 0.20471, 0.20019, 
0.19437, 0.19909, 0.19228, 0.19381, 0.19053, 0.18996, 0.18722, 
0.1908, 0.19254, 0.18056, 0.17716, 0.19151, 0.19345, 0.19228, 
0.19381, 0.18614, 0.18996, 0.18722, 0.17966, 0.18345, 0.0715, 
0.155, 0.0458, 0.0529, 0.0566, 0.0669, 0.073, 0.0783, 0.0949, 
0.1045, 0.1028, 219.5, 242.8, 267.2, 289.6, 312, 334.4, 356.8, 
379.2, 401.5, 423.9, 444.7, 1209, 2251, 247, 124, 2, 3, 787, 
1, 1, 1536, 2346, 1, 1, 17, 4, 553, 609, 1, 566, 535, 1, 1, 100, 
100, 100, 100, 100, 100, 100, 100, 100, 100, 100, 2500, 2500, 
2500, 2500, 2500, 2500, 2500, 2500, 2500, 2500, 2500, 7821.517, 
8207.233, 8445.386, 8589.49299999999, 8934.55799999999, 9174.66100000001, 
9702.719, 10021.343, 10795.96, 11223.814, 11404.755, 1, 1, 1, 
1, 1, 1, 1, 1, 1, 1, 1, 0.25, 0.25, 0.25, 0.25, 0.25, 0.25, 0.25, 
0.25, 0.25, 0.25, 0.25, 0, 0, 0, 0, 0, 0, 0, 0, 0, 0, 0, 0, 0, 
0, 0, 0, 0, 0, 0, 0, 0, 0, 0.14741, 0.15328, 0.0659, 0.1242, 
0.11064, 0.10492, 0.10757, 0.12252, 0.15325, 0.12631, 0.14197, 
0.1409, 0.11139, 0.07152, 0.1302, 0.11279, 0.10481, 0.11012, 
0.11357, 0.14097, 0.11524, 0.15151, 0.0352, 0.0419, 0.0482, 0.0518, 
0.059, 0.067, 0.0776, 0.0862, 0.0964, 0.1062, 0.1101, 222.4, 
244.8, 267.1, 289.6, 311.9, 334.3, 356.8, 379.1, 401.6, 423.9, 
444.6, 1, 1, 1, 1, 1, 1, 1, 1, 1, 1, 1, 1, 1, 1, 1, 1, 1, 1, 
1, 1, 1, 1, 1, 1, 1, 1, 1, 1, 1, 1, 1, 1, 1, 1, 1, 1, 1, 1, 1, 
1, 1, 1, 1, 1, 2.986, 3.053, 3.11, 2.953, 3.13, 3.211, 3.39, 
3.46, 3.586, 3.667, 3.599), .Dim = c(11L, 40L), .Dimnames = list(
    NULL, c("Sampling", "PSO.cost", "PSO.gamma", "PSO.data.balancing", 
    "PSO.feature.selection", "PSO.valid.acc", "PSO.test.acc", 
    "PSO.train.time", "PSO.n.support.vectors", "PSO.index", "PSO.n.solutions", 
    "PSO.generations", "PSO.n.evaluations", "PSO.cpu.time", "RS.cost", 
    "RS.gamma", "RS.data.balancing", "RS.feature.selection", 
    "RS.valid.acc", "RS.test.acc", "RS.train.time", "RS.n.support.vectors", 
    "RS.index", "RS.n.solutions", "RS.generations", "RS.n.evaluations", 
    "RS.cpu.time", "DF.cost", "DF.gamma", "DF.data.balancing", 
    "DF.feature.selection", "DF.valid.acc", "DF.test.acc", "DF.train.time", 
    "DF.n.support.vectors", "DF.index", "DF.n.solutions", "DF.generations", 
    "DF.n.evaluations", "DF.cpu.time")))
