full <-
structure(c(50, 55, 60, 65, 70, 75, 80, 85, 90, 95, 100, 6.21152, 
-1.76272, 0.9284, 2.97108, 7.50704, 10.93128, 7.61923, 9.35887, 
1.67252, 6.91773, -0.16505, -9.66644, -1.74507, -5.63742, -7.53233, 
-11.84234, -15, -11.74858, -13.53677, -6.14173, -11.40354, -14.20296, 
0, 0, 0, 0, 0, 0, 0, 0, 0, 0, 0, 0, 0, 0, 0, 0, 0, 0, 0, 0, 0, 
0, 0.24049, 0.21214, 0.22448, 0.21519, 0.21554, 0.20837, 0.20202, 
0.21553, 0.21081, 0.19826, 0.19069, 0.22539, 0.19621, 0.20388, 
0.21273, 0.20008, 0.20811, 0.18409, 0.20058, 0.17524, 0.2036, 
0.18526, 0.036, 0.0393, 0.0481, 0.0527, 0.0604, 0.0666, 0.0738, 
0.0819, 0.0928, 0.0989, 0.1142, 222.3, 244.8, 267.2, 289.5, 311.9, 
334.2, 356.6, 378.9, 401.5, 424, 444.8, 972, 1133, 484, 1585, 
2332, 572, 701, 203, 2412, 461, 10, 3, 26, 48, 1, 2, 34, 82, 
40, 4, 89, 2114, 100, 100, 100, 100, 100, 100, 100, 100, 100, 
100, 100, 2500, 2500, 2500, 2500, 2500, 2500, 2500, 2500, 2500, 
2500, 2500, 7102.268, 7371.519, 7687.651, 7837.189, 8195.39799999999, 
8601.72, 8478.91800000001, 11227.012, 11239.24, 11526.673, 11800.323, 
9.57185, 9.11514, 0.03325, -1.19979, 3.27867, 9.19455, 7.17231, 
5.50518, 3.54525, 7.12716, 7.09549, -13.0285, -14.11747, -4.60213, 
-3.21922, -7.56331, -13.26048, -11.22942, -9.66395, -8.04551, 
-11.7624, -12.28599, 0, 0, 0, 0, 0, 0, 0, 0, 0, 0, 0, 0, 0, 0, 
0, 0, 0, 0, 0, 0, 0, 0, 0.24049, 0.21527, 0.22448, 0.21835, 0.21547, 
0.20837, 0.20202, 0.21553, 0.20877, 0.19819, 0.19244, 0.22539, 
0.20558, 0.20388, 0.19913, 0.20001, 0.20811, 0.18631, 0.20275, 
0.17912, 0.20745, 0.16922, 0.0339, 0.0413, 0.0458, 0.0516, 0.0589, 
0.0662, 0.0805, 0.082, 0.0976, 0.1099, 0.1167, 222.3, 244.8, 
267.2, 289.6, 311.9, 334.2, 356.6, 378.9, 401.4, 424, 444.7, 
505, 974, 2357, 2021, 265, 1422, 339, 323, 418, 187, 874, 2, 
2, 1, 1, 5, 1, 10, 3, 3, 1, 1, 100, 100, 100, 100, 100, 100, 
100, 100, 100, 100, 100, 2500, 2500, 2500, 2500, 2500, 2500, 
2500, 2500, 2500, 2500, 2500, 7570.035, 7850.06, 8228.718, 8702.181, 
9116.178, 9498.30900000001, 11923.384, 12243.56, 12811.139, 13548.476, 
14014.848, 1, 1, 1, 1, 1, 1, 1, 1, 1, 1, 1, 0.25, 0.25, 0.25, 
0.25, 0.25, 0.25, 0.25, 0.25, 0.25, 0.25, 0.25, 0, 0, 0, 0, 0, 
0, 0, 0, 0, 0, 0, 0, 0, 0, 0, 0, 0, 0, 0, 0, 0, 0, 0.20868, 0.17278, 
0.14955, 0.15121, 0.12388, 0.13, 0.14566, 0.15422, 0.12342, 0.13602, 
0.16178, 0.19438, 0.16882, 0.1557, 0.15654, 0.15119, 0.1442, 
0.12116, 0.14762, 0.11127, 0.13783, 0.13314, 0.0367, 0.0423, 
0.0454, 0.0533, 0.0615, 0.0667, 0.0819, 0.0903, 0.0951, 0.1083, 
0.1189, 222.3, 244.5, 267, 289.6, 312, 334.3, 356.6, 379, 401.3, 
424, 444.7, 1, 1, 1, 1, 1, 1, 1, 1, 1, 1, 1, 1, 1, 1, 1, 1, 1, 
1, 1, 1, 1, 1, 1, 1, 1, 1, 1, 1, 1, 1, 1, 1, 1, 1, 1, 1, 1, 1, 
1, 1, 1, 1, 1, 1, 2.876, 2.976, 2.887, 3.149, 3.248, 3.302, 4.433, 
4.469, 4.31, 4.576, 4.743), .Dim = c(11L, 40L), .Dimnames = list(
    NULL, c("Sampling", "PSO.cost", "PSO.gamma", "PSO.data.balancing", 
    "PSO.feature.selection", "PSO.valid.acc", "PSO.test.acc", 
    "PSO.train.time", "PSO.n.support.vectors", "PSO.index", "PSO.n.solutions", 
    "PSO.generations", "PSO.n.evaluations", "PSO.cpu.time", "RS.cost", 
    "RS.gamma", "RS.data.balancing", "RS.feature.selection", 
    "RS.valid.acc", "RS.test.acc", "RS.train.time", "RS.n.support.vectors", 
    "RS.index", "RS.n.solutions", "RS.generations", "RS.n.evaluations", 
    "RS.cpu.time", "DF.cost", "DF.gamma", "DF.data.balancing", 
    "DF.feature.selection", "DF.valid.acc", "DF.test.acc", "DF.train.time", 
    "DF.n.support.vectors", "DF.index", "DF.n.solutions", "DF.generations", 
    "DF.n.evaluations", "DF.cpu.time")))
