full <-
structure(c(50, 55, 60, 65, 70, 75, 80, 85, 90, 95, 100, 5.46032, 
3.05403, 5.77232, 13.99382, 2.15871, 10.31179, 6.0113, 5.37451, 
5.32638, 7.42599, 6.92905, -14.00865, -6.67166, -9.63962, -14.28948, 
-9.16897, -14.65203, -10.07549, -9.84597, -9.86208, -11.78042, 
-12.11293, 0, 0, 0, 0, 0, 0, 0, 0, 0, 0, 0, 0, 0, 0, 0, 0, 0, 
0, 0, 0, 0, 0, 0.22028, 0.20245, 0.18704, 0.20103, 0.19478, 0.20283, 
0.1976, 0.20269, 0.20501, 0.18671, 0.19086, 0.22409, 0.17684, 
0.15894, 0.1544, 0.19478, 0.19363, 0.19528, 0.18779, 0.20929, 
0.17735, 0.18671, 0.0369, 0.0421, 0.0484, 0.0842, 0.0613, 0.0692, 
0.0735, 0.0844, 0.0897, 0.107, 0.1091, 222.4, 244.5, 267, 288.6, 
312, 334.4, 356.8, 379.2, 401.6, 424, 444.7, 61, 199, 282, 476, 
4, 550, 709, 542, 228, 1088, 414, 312, 85, 25, 10, 1981, 68, 
50, 82, 58, 24, 68, 100, 100, 100, 100, 100, 100, 100, 100, 100, 
100, 100, 2500, 2500, 2500, 2500, 2500, 2500, 2500, 2500, 2500, 
2500, 2500, 7869.58, 8019.99, 8419.258, 9116.547, 8598.069, 8937.88100000001, 
9172.46400000001, 9384.84800000001, 9359.361, 9511.63, 9485.70800000001, 
0.79399, 10.7341, 1.98909, 13.67138, 0.46658, 5.96162, 2.98587, 
5.65885, 5.92769, 9.4958, 0.30591, -13.57347, -14.4071, -6.02241, 
-14.23667, -6.04203, -10.33191, -7.00546, -10.13605, -10.46686, 
-13.85272, -4.42257, 0, 0, 0, 0, 0, 0, 0, 0, 0, 0, 0, 0, 0, 0, 
0, 0, 0, 0, 0, 0, 0, 0, 0.22028, 0.20245, 0.18685, 0.20088, 0.19478, 
0.20283, 0.19977, 0.20269, 0.20501, 0.18671, 0.19255, 0.22052, 
0.17684, 0.15885, 0.15687, 0.19478, 0.19607, 0.19528, 0.18779, 
0.20929, 0.18115, 0.19092, 0.0349, 0.0419, 0.0477, 0.0765, 0.0613, 
0.0669, 0.0754, 0.0841, 0.0936, 0.0976, 0.1156, 222.4, 244.5, 
267.1, 288.4, 312, 334.4, 356.8, 379.2, 401.6, 424, 444.7, 96, 
1152, 5, 2406, 1, 2327, 1551, 1008, 479, 1297, 2163, 29, 4, 9, 
1, 565, 2, 2, 3, 5, 1, 1, 100, 100, 100, 100, 100, 100, 100, 
100, 100, 100, 100, 2500, 2500, 2500, 2500, 2500, 2500, 2500, 
2500, 2500, 2500, 2500, 8344.325, 8746.457, 8957.755, 9040.58299999999, 
9512.803, 9920.42199999999, 10341.49, 10588.273, 11254.753, 11421.214, 
11808.275, 1, 1, 1, 1, 1, 1, 1, 1, 1, 1, 1, 0.25, 0.25, 0.25, 
0.25, 0.25, 0.25, 0.25, 0.25, 0.25, 0.25, 0.25, 0, 0, 0, 0, 0, 
0, 0, 0, 0, 0, 0, 0, 0, 0, 0, 0, 0, 0, 0, 0, 0, 0, 0.12602, 0.15702, 
0.13605, 0.17347, 0.14029, 0.15518, 0.13965, 0.14767, 0.14511, 
0.14156, 0.13825, 0.15502, 0.16316, 0.13845, 0.17586, 0.14307, 
0.15501, 0.14198, 0.13929, 0.15166, 0.14174, 0.14195, 0.0364, 
0.0431, 0.0476, 0.0541, 0.0616, 0.0687, 0.0762, 0.0821, 0.0973, 
0.1035, 0.1155, 222.4, 244.7, 267.1, 289.4, 311.7, 334.3, 356.6, 
379.2, 401.3, 423.9, 444.7, 1, 1, 1, 1, 1, 1, 1, 1, 1, 1, 1, 
1, 1, 1, 1, 1, 1, 1, 1, 1, 1, 1, 1, 1, 1, 1, 1, 1, 1, 1, 1, 1, 
1, 1, 1, 1, 1, 1, 1, 1, 1, 1, 1, 1, 3.122, 3.27, 3.316, 3.378, 
3.424, 3.533, 3.515, 3.32, 3.709, 3.692, 3.81), .Dim = c(11L, 
40L), .Dimnames = list(NULL, c("Sampling", "PSO.cost", "PSO.gamma", 
"PSO.data.balancing", "PSO.feature.selection", "PSO.valid.acc", 
"PSO.test.acc", "PSO.train.time", "PSO.n.support.vectors", "PSO.index", 
"PSO.n.solutions", "PSO.generations", "PSO.n.evaluations", "PSO.cpu.time", 
"RS.cost", "RS.gamma", "RS.data.balancing", "RS.feature.selection", 
"RS.valid.acc", "RS.test.acc", "RS.train.time", "RS.n.support.vectors", 
"RS.index", "RS.n.solutions", "RS.generations", "RS.n.evaluations", 
"RS.cpu.time", "DF.cost", "DF.gamma", "DF.data.balancing", "DF.feature.selection", 
"DF.valid.acc", "DF.test.acc", "DF.train.time", "DF.n.support.vectors", 
"DF.index", "DF.n.solutions", "DF.generations", "DF.n.evaluations", 
"DF.cpu.time")))
