full <-
structure(c(50, 55, 60, 65, 70, 75, 80, 85, 90, 95, 100, -2, 
5.93628, -2, 7.05942, 8.8925, 3.7428, -0.9776, 3.5888, 5.96767, 
-1.10649, 9.40669, 2.67141, -12.25605, 1.22658, -10.65463, -12.32927, 
-5.68174, -3.74665, -9.03554, -10.30084, -4.82531, -14.13491, 
0, 0, 0, 0, 0, 0, 0, 0, 0, 0, 0, 0, 0, 0, 0, 0, 0, 0, 0, 0, 0, 
0, 0.17659, 0.18287, 0.16233, 0.17953, 0.18035, 0.18699, 0.19785, 
0.21321, 0.20119, 0.18108, 0.19758, 0.18361, 0.18287, 0.14949, 
0.14395, 0.18484, 0.15817, 0.19256, 0.19201, 0.16737, 0.18485, 
0.18136, 0.0373, 0.0404, 0.0496, 0.0516, 0.059, 0.0666, 0.0722, 
0.0788, 0.0906, 0.1016, 0.1025, 222.4, 244.8, 267.2, 289.5, 312, 
334.1, 356.8, 379.2, 401.6, 423.9, 444.6, 145, 2, 1092, 13, 1403, 
1356, 799, 477, 230, 434, 1173, 1621, 1857, 278, 45, 11, 1, 44, 
43, 57, 64, 30, 100, 100, 100, 100, 100, 100, 100, 100, 100, 
100, 100, 2500, 2500, 2500, 2500, 2500, 2500, 2500, 2500, 2500, 
2500, 2500, 7177.382, 7448.323, 7589.046, 7724.093, 7607.32, 
8745.91500000001, 7954.534, 8207.61900000001, 9026.77000000002, 
9025.01799999998, 8950.93700000001, -1.97819, 0.11452, -1.88094, 
7.43149, 9.60197, 4.77427, 0.35944, 7.51556, 3.93133, 2.12191, 
2.94782, 2.14534, -11.96899, 1.11491, -11.02315, -13.05078, -6.61014, 
-5.41492, -12.87617, -8.20776, -8.24496, -7.71274, 0, 0, 0, 0, 
0, 0, 0, 0, 0, 0, 0, 0, 0, 0, 0, 0, 0, 0, 0, 0, 0, 0, 0.17659, 
0.18287, 0.15939, 0.17953, 0.18035, 0.18461, 0.19563, 0.21103, 
0.20119, 0.18108, 0.19582, 0.18361, 0.18287, 0.14671, 0.14395, 
0.18484, 0.15817, 0.1859, 0.19197, 0.16533, 0.18485, 0.18137, 
0.0381, 0.0405, 0.0478, 0.0521, 0.0566, 0.0693, 0.071, 0.0849, 
0.092, 0.0975, 0.1146, 222.4, 244.8, 267.2, 289.5, 312, 333.9, 
356.8, 379.2, 401.6, 423.9, 444.7, 49, 3, 2430, 842, 1520, 482, 
981, 229, 71, 232, 162, 30, 597, 1, 2, 2, 1, 1, 3, 3, 9, 1, 100, 
100, 100, 100, 100, 100, 100, 100, 100, 100, 100, 2500, 2500, 
2500, 2500, 2500, 2500, 2500, 2500, 2500, 2500, 2500, 7760.975, 
7996.674, 8283.262, 8295.497, 8631.73999999999, 9031.54199999999, 
9448.26699999999, 9938.48100000001, 10537.074, 10922.749, 11282.996, 
1, 1, 1, 1, 1, 1, 1, 1, 1, 1, 1, 0.25, 0.25, 0.25, 0.25, 0.25, 
0.25, 0.25, 0.25, 0.25, 0.25, 0.25, 0, 0, 0, 0, 0, 0, 0, 0, 0, 
0, 0, 0, 0, 0, 0, 0, 0, 0, 0, 0, 0, 0, 0.12839, 0.1337, 0.10846, 
0.12442, 0.14937, 0.134, 0.15258, 0.14573, 0.14136, 0.14123, 
0.13461, 0.12626, 0.12445, 0.08688, 0.13313, 0.13852, 0.14615, 
0.14797, 0.14338, 0.14987, 0.12642, 0.12897, 0.0353, 0.042, 0.0472, 
0.0519, 0.0606, 0.0675, 0.074, 0.0793, 0.092, 0.0998, 0.1115, 
222.4, 244.8, 267.2, 289.6, 312, 334.4, 356.8, 379.1, 401.6, 
423.7, 444.6, 1, 1, 1, 1, 1, 1, 1, 1, 1, 1, 1, 1, 1, 1, 1, 1, 
1, 1, 1, 1, 1, 1, 1, 1, 1, 1, 1, 1, 1, 1, 1, 1, 1, 1, 1, 1, 1, 
1, 1, 1, 1, 1, 1, 1, 2.825, 3.061, 3.052, 2.934, 3.068, 3.121, 
3.15, 3.14, 3.448, 3.396, 3.577), .Dim = c(11L, 40L), .Dimnames = list(
    NULL, c("Sampling", "PSO.cost", "PSO.gamma", "PSO.data.balancing", 
    "PSO.feature.selection", "PSO.valid.acc", "PSO.test.acc", 
    "PSO.train.time", "PSO.n.support.vectors", "PSO.index", "PSO.n.solutions", 
    "PSO.generations", "PSO.n.evaluations", "PSO.cpu.time", "RS.cost", 
    "RS.gamma", "RS.data.balancing", "RS.feature.selection", 
    "RS.valid.acc", "RS.test.acc", "RS.train.time", "RS.n.support.vectors", 
    "RS.index", "RS.n.solutions", "RS.generations", "RS.n.evaluations", 
    "RS.cpu.time", "DF.cost", "DF.gamma", "DF.data.balancing", 
    "DF.feature.selection", "DF.valid.acc", "DF.test.acc", "DF.train.time", 
    "DF.n.support.vectors", "DF.index", "DF.n.solutions", "DF.generations", 
    "DF.n.evaluations", "DF.cpu.time")))
