full <-
structure(c(50, 55, 60, 65, 70, 75, 80, 85, 90, 95, 100, 10.06824, 
3.33726, 9.96738, -1.38185, 3.24893, -0.5058, 3.4984, 7.23476, 
2.74042, 8.73283, 6.21665, -14.82113, -6.80189, -14.42752, -1.25525, 
-8.59823, -3.13994, -7.45045, -11.98134, -7.62105, -14.31631, 
-10.17475, 0, 0, 0, 0, 0, 0, 0, 0, 0, 0, 0, 0, 0, 0, 0, 0, 0, 
0, 0, 0, 0, 0, 0.21993, 0.21263, 0.21828, 0.2095, 0.21254, 0.21819, 
0.22839, 0.20895, 0.20523, 0.20004, 0.19465, 0.18353, 0.20241, 
0.20285, 0.18472, 0.19716, 0.19641, 0.22182, 0.20278, 0.19131, 
0.19435, 0.1891, 0.0347, 0.0399, 0.0475, 0.0552, 0.0608, 0.0684, 
0.0762, 0.0784, 0.0953, 0.1011, 0.1098, 222.4, 244.5, 266.8, 
289.5, 311.9, 334.4, 356.7, 378.6, 401.5, 423.9, 444.4, 1212, 
129, 244, 1911, 708, 1776, 151, 1389, 1106, 1558, 669, 2, 67, 
87, 10, 27, 31, 54, 3, 16, 10, 25, 100, 100, 100, 100, 100, 100, 
100, 100, 100, 100, 100, 2500, 2500, 2500, 2500, 2500, 2500, 
2500, 2500, 2500, 2500, 2500, 7357.644, 7322.013, 7568.861, 8363.964, 
8257.476, 8435.66, 8345.594, 8496.82799999999, 8627.77100000001, 
8883.644, 9382.96100000001, 5.98907, 7.14143, 4.91445, 6.27864, 
1.74251, 7.58905, 7.18503, 7.19391, 7.50326, -0.97853, 4.59996, 
-7.90772, -10.66145, -9.3836, -10.80098, -7.05165, -11.83358, 
-11.15074, -11.91063, -12.44485, -4.26395, -8.5366, 0, 0, 0, 
0, 0, 0, 0, 0, 0, 0, 0, 0, 0, 0, 0, 0, 0, 0, 0, 0, 0, 0, 0.21952, 
0.21263, 0.21828, 0.2038, 0.21254, 0.21354, 0.22839, 0.20478, 
0.20523, 0.19815, 0.19465, 0.1944, 0.20251, 0.19991, 0.19314, 
0.19972, 0.21332, 0.2196, 0.20053, 0.19131, 0.19435, 0.19273, 
0.0361, 0.0405, 0.0455, 0.0544, 0.061, 0.0678, 0.0705, 0.0785, 
0.0928, 0.0992, 0.1102, 221.8, 244.5, 266.8, 289.4, 311.9, 334.4, 
356.7, 378.6, 401.5, 423.9, 444.5, 177, 1586, 65, 819, 392, 606, 
327, 1121, 990, 352, 1167, 10, 1, 3, 5, 4, 1, 2, 1, 1, 3, 2, 
100, 100, 100, 100, 100, 100, 100, 100, 100, 100, 100, 2500, 
2500, 2500, 2500, 2500, 2500, 2500, 2500, 2500, 2500, 2500, 7654.1, 
7929.237, 8300.341, 8755.59600000001, 9103.94499999999, 9281.94200000001, 
9493.942, 10116.934, 10464.403, 10730.067, 11593.745, 1, 1, 1, 
1, 1, 1, 1, 1, 1, 1, 1, 0.25, 0.25, 0.25, 0.25, 0.25, 0.25, 0.25, 
0.25, 0.25, 0.25, 0.25, 0, 0, 0, 0, 0, 0, 0, 0, 0, 0, 0, 0, 0, 
0, 0, 0, 0, 0, 0, 0, 0, 0, 0.18712, 0.17306, 0.13982, 0.1552, 
0.15611, 0.18382, 0.15917, 0.15242, 0.14531, 0.13428, 0.13536, 
0.18037, 0.18294, 0.1572, 0.16052, 0.17117, 0.17231, 0.17498, 
0.14998, 0.14542, 0.13407, 0.14416, 0.0353, 0.0407, 0.0487, 0.0535, 
0.0611, 0.0681, 0.0749, 0.0852, 0.0949, 0.1007, 0.1103, 222.3, 
244.5, 267.1, 289.4, 311.9, 334.4, 356.8, 378.8, 401.6, 424, 
444.6, 1, 1, 1, 1, 1, 1, 1, 1, 1, 1, 1, 1, 1, 1, 1, 1, 1, 1, 
1, 1, 1, 1, 1, 1, 1, 1, 1, 1, 1, 1, 1, 1, 1, 1, 1, 1, 1, 1, 1, 
1, 1, 1, 1, 1, 2.823, 2.939, 3.195, 3.118, 3.215, 3.218, 3.232, 
3.392, 3.533, 3.593, 3.605), .Dim = c(11L, 40L), .Dimnames = list(
    NULL, c("Sampling", "PSO.cost", "PSO.gamma", "PSO.data.balancing", 
    "PSO.feature.selection", "PSO.valid.acc", "PSO.test.acc", 
    "PSO.train.time", "PSO.n.support.vectors", "PSO.index", "PSO.n.solutions", 
    "PSO.generations", "PSO.n.evaluations", "PSO.cpu.time", "RS.cost", 
    "RS.gamma", "RS.data.balancing", "RS.feature.selection", 
    "RS.valid.acc", "RS.test.acc", "RS.train.time", "RS.n.support.vectors", 
    "RS.index", "RS.n.solutions", "RS.generations", "RS.n.evaluations", 
    "RS.cpu.time", "DF.cost", "DF.gamma", "DF.data.balancing", 
    "DF.feature.selection", "DF.valid.acc", "DF.test.acc", "DF.train.time", 
    "DF.n.support.vectors", "DF.index", "DF.n.solutions", "DF.generations", 
    "DF.n.evaluations", "DF.cpu.time")))
