full <-
structure(c(50, 55, 60, 65, 70, 75, 80, 85, 90, 95, 100, 4.13596, 
0.96479, 2.67384, -1.54135, 2.8437, -0.76906, 5.13905, 3.30354, 
0.78442, 3.96258, 8.89455, -9.94219, -10.55779, -10.67809, 0.16365, 
-12.10773, -12.82547, -13.86055, -9.3021, -6.82785, -8.64227, 
-15, 0, 0, 0, 0, 0, 0, 0, 0, 0, 0, 0, 0, 0, 0, 0, 0, 0, 0, 0, 
0, 0, 0, 0.21978, 0.21227, 0.20661, 0.2099, 0.20785, 0.20322, 
0.19968, 0.18993, 0.18928, 0.20004, 0.19245, 0.21978, 0.21227, 
0.20661, 0.2099, 0.20785, 0.20322, 0.19968, 0.18993, 0.17136, 
0.19246, 0.18706, 0.0356, 0.0402, 0.0471, 0.0548, 0.0558, 0.0664, 
0.0695, 0.0834, 0.0924, 0.1037, 0.114, 222.2, 244.5, 267.1, 289.6, 
311, 333.9, 356.6, 379.2, 401.6, 423.9, 444.7, 7, 2, 8, 5, 15, 
6, 2, 19, 277, 1886, 148, 1964, 2210, 2055, 1629, 1885, 2022, 
2056, 1856, 51, 2, 37, 100, 100, 100, 100, 100, 100, 100, 100, 
100, 100, 100, 2500, 2500, 2500, 2500, 2500, 2500, 2500, 2500, 
2500, 2500, 2500, 7100.087, 7167.473, 7342.266, 7165.383, 7300.07599999999, 
7513.963, 7720.52800000001, 7970.06300000001, 8195.20000000001, 
8754.01699999999, 9094.24600000001, 4.8977, -0.34505, 0.26677, 
-1.9515, 5.7952, 3.77443, -1.73914, -0.6545, 0.01485, 10.08263, 
8.41896, -13.85926, -9.78351, -5.38229, 1.03946, -13.28224, -11.39008, 
-6.39613, -9.93824, -6.04859, -14.86239, -14.52279, 0, 0, 0, 
0, 0, 0, 0, 0, 0, 0, 0, 0, 0, 0, 0, 0, 0, 0, 0, 0, 0, 0, 0.21978, 
0.21227, 0.20661, 0.2099, 0.20785, 0.20322, 0.19968, 0.18993, 
0.18928, 0.19819, 0.19245, 0.21978, 0.21227, 0.20661, 0.2099, 
0.20785, 0.20322, 0.19968, 0.18993, 0.17528, 0.19438, 0.18706, 
0.0356, 0.0417, 0.0474, 0.0546, 0.0597, 0.0664, 0.0758, 0.0807, 
0.0858, 0.1039, 0.1109, 222.3, 244.6, 267.2, 289.6, 311.3, 333.9, 
356.6, 379.2, 401.6, 423.9, 444.7, 2, 1, 1, 2, 2, 1, 3, 3, 161, 
1885, 596, 645, 656, 599, 627, 628, 650, 618, 531, 8, 1, 3, 100, 
100, 100, 100, 100, 100, 100, 100, 100, 100, 100, 2500, 2500, 
2500, 2500, 2500, 2500, 2500, 2500, 2500, 2500, 2500, 7532.58, 
7873.928, 8149.993, 7963.308, 8325.80100000001, 8577.19799999999, 
9009.66899999999, 9875.524, 10062.614, 10594.32, 11386.557, 1, 
1, 1, 1, 1, 1, 1, 1, 1, 1, 1, 0.25, 0.25, 0.25, 0.25, 0.25, 0.25, 
0.25, 0.25, 0.25, 0.25, 0.25, 0, 0, 0, 0, 0, 0, 0, 0, 0, 0, 0, 
0, 0, 0, 0, 0, 0, 0, 0, 0, 0, 0, 0.17572, 0.11722, 0.12289, 0.15154, 
0.13298, 0.12135, 0.10766, 0.10547, 0.10159, 0.12269, 0.14091, 
0.16826, 0.14442, 0.10755, 0.1375, 0.12032, 0.13837, 0.11676, 
0.11385, 0.10991, 0.12461, 0.13161, 0.0363, 0.0413, 0.0482, 0.0543, 
0.0607, 0.0636, 0.0738, 0.0791, 0.0871, 0.1038, 0.1121, 222.4, 
244.7, 267.2, 289.3, 312, 334.4, 356.6, 379.2, 401.5, 424, 444.4, 
1, 1, 1, 1, 1, 1, 1, 1, 1, 1, 1, 1, 1, 1, 1, 1, 1, 1, 1, 1, 1, 
1, 1, 1, 1, 1, 1, 1, 1, 1, 1, 1, 1, 1, 1, 1, 1, 1, 1, 1, 1, 1, 
1, 1, 2.787, 2.899, 2.916, 2.942, 2.977, 2.861, 3.056, 3.035, 
3.09, 3.442, 3.529), .Dim = c(11L, 40L), .Dimnames = list(NULL, 
    c("Sampling", "PSO.cost", "PSO.gamma", "PSO.data.balancing", 
    "PSO.feature.selection", "PSO.valid.acc", "PSO.test.acc", 
    "PSO.train.time", "PSO.n.support.vectors", "PSO.index", "PSO.n.solutions", 
    "PSO.generations", "PSO.n.evaluations", "PSO.cpu.time", "RS.cost", 
    "RS.gamma", "RS.data.balancing", "RS.feature.selection", 
    "RS.valid.acc", "RS.test.acc", "RS.train.time", "RS.n.support.vectors", 
    "RS.index", "RS.n.solutions", "RS.generations", "RS.n.evaluations", 
    "RS.cpu.time", "DF.cost", "DF.gamma", "DF.data.balancing", 
    "DF.feature.selection", "DF.valid.acc", "DF.test.acc", "DF.train.time", 
    "DF.n.support.vectors", "DF.index", "DF.n.solutions", "DF.generations", 
    "DF.n.evaluations", "DF.cpu.time")))
