full <-
structure(c(50, 55, 60, 65, 70, 75, 80, 85, 90, 95, 100, -1.27948, 
8.46798, 0.28534, 1.50705, 0.88928, 8.90354, 5.41332, 4.98026, 
3.02363, 0.55945, 6.90182, -1.6458, -14.56385, -4.08733, -10.899, 
-8.8115, -15, -9.73839, -9.30025, -6.52671, -5.136, -11.33581, 
0, 0, 0, 0, 0, 0, 0, 0, 0, 0, 0, 0, 0, 0, 0, 0, 0, 0, 0, 0, 0, 
0, 0.20551, 0.20594, 0.2155, 0.20166, 0.19996, 0.19379, 0.20401, 
0.20287, 0.19917, 0.19045, 0.19552, 0.17776, 0.20281, 0.18565, 
0.20166, 0.19996, 0.19373, 0.20406, 0.20056, 0.19504, 0.17543, 
0.18846, 0.0361, 0.0412, 0.0465, 0.0525, 0.0592, 0.0689, 0.0761, 
0.0789, 0.0926, 0.101, 0.1101, 222.4, 244.3, 266.8, 289.6, 311.9, 
334.3, 356.6, 379, 401.4, 423.9, 444.8, 437, 17, 683, 3, 3, 1388, 
182, 667, 2269, 2279, 1111, 112, 144, 43, 1975, 1978, 12, 124, 
30, 2, 4, 28, 100, 100, 100, 100, 100, 100, 100, 100, 100, 100, 
100, 2500, 2500, 2500, 2500, 2500, 2500, 2500, 2500, 2500, 2500, 
2500, 7573.729, 7718.668, 7965.355, 7953.542, 8125.84299999999, 
8073.696, 8441.352, 8660.29300000001, 9233.28400000001, 9069.77699999997, 
9253.364, -1.34261, 2.57276, 0.14937, -1.33758, -1.95322, 6.55902, 
8.3884, 5.40463, 2.90309, 3.85665, 3.67123, -1.61808, -8.62657, 
-4.0191, -10.66235, -1.03637, -12.68224, -12.72657, -9.72437, 
-6.36184, -8.56334, -8.0839, 0, 0, 0, 0, 0, 0, 0, 0, 0, 0, 0, 
0, 0, 0, 0, 0, 0, 0, 0, 0, 0, 0, 0.20206, 0.20594, 0.2155, 0.20166, 
0.20008, 0.19379, 0.20401, 0.20287, 0.19917, 0.18856, 0.19552, 
0.18479, 0.20281, 0.19153, 0.20166, 0.19752, 0.19617, 0.20406, 
0.20056, 0.19304, 0.1735, 0.18846, 0.0362, 0.0408, 0.0469, 0.0524, 
0.0589, 0.0638, 0.0717, 0.0865, 0.0924, 0.1009, 0.1097, 222.4, 
244.3, 266.9, 289.6, 312, 334.3, 356.6, 379, 401.5, 423.9, 444.8, 
2203, 105, 479, 2, 2303, 907, 1249, 1231, 2073, 173, 731, 1, 
21, 2, 512, 1, 1, 6, 1, 1, 2, 1, 100, 100, 100, 100, 100, 100, 
100, 100, 100, 100, 100, 2500, 2500, 2500, 2500, 2500, 2500, 
2500, 2500, 2500, 2500, 2500, 8035.909, 8271.741, 8436.059, 8751.094, 
8977.689, 9195.62599999999, 9714.133, 10466.728, 10618.108, 10901.986, 
11544.375, 1, 1, 1, 1, 1, 1, 1, 1, 1, 1, 1, 0.25, 0.25, 0.25, 
0.25, 0.25, 0.25, 0.25, 0.25, 0.25, 0.25, 0.25, 0, 0, 0, 0, 0, 
0, 0, 0, 0, 0, 0, 0, 0, 0, 0, 0, 0, 0, 0, 0, 0, 0, 0.12892, 0.13104, 
0.16131, 0.13021, 0.13074, 0.10308, 0.13012, 0.12852, 0.13731, 
0.12804, 0.15083, 0.14105, 0.12716, 0.14331, 0.13215, 0.10751, 
0.1295, 0.13456, 0.14537, 0.1612, 0.14128, 0.14419, 0.0366, 0.0414, 
0.0467, 0.0537, 0.0628, 0.0679, 0.0774, 0.087, 0.0929, 0.1023, 
0.1112, 222, 244.8, 267.1, 289.6, 311.9, 334.3, 356.6, 379, 401.3, 
424, 444.7, 1, 1, 1, 1, 1, 1, 1, 1, 1, 1, 1, 1, 1, 1, 1, 1, 1, 
1, 1, 1, 1, 1, 1, 1, 1, 1, 1, 1, 1, 1, 1, 1, 1, 1, 1, 1, 1, 1, 
1, 1, 1, 1, 1, 1, 3.025, 3.056, 3.105, 3.152, 3.293, 3.293, 3.411, 
3.517, 3.544, 3.597, 3.759), .Dim = c(11L, 40L), .Dimnames = list(
    NULL, c("Sampling", "PSO.cost", "PSO.gamma", "PSO.data.balancing", 
    "PSO.feature.selection", "PSO.valid.acc", "PSO.test.acc", 
    "PSO.train.time", "PSO.n.support.vectors", "PSO.index", "PSO.n.solutions", 
    "PSO.generations", "PSO.n.evaluations", "PSO.cpu.time", "RS.cost", 
    "RS.gamma", "RS.data.balancing", "RS.feature.selection", 
    "RS.valid.acc", "RS.test.acc", "RS.train.time", "RS.n.support.vectors", 
    "RS.index", "RS.n.solutions", "RS.generations", "RS.n.evaluations", 
    "RS.cpu.time", "DF.cost", "DF.gamma", "DF.data.balancing", 
    "DF.feature.selection", "DF.valid.acc", "DF.test.acc", "DF.train.time", 
    "DF.n.support.vectors", "DF.index", "DF.n.solutions", "DF.generations", 
    "DF.n.evaluations", "DF.cpu.time")))
