full <-
structure(c(50, 55, 60, 65, 70, 75, 80, 85, 90, 95, 100, 4.64287, 
-1.87923, 0.03176, 5.75274, 0.71853, 3.19036, 4.70196, 0.55971, 
7.86466, 1.33213, 5.84686, -8.98344, -4.61044, -5.83826, -10.92578, 
-6.81223, -7.14819, -8.84634, -4.33847, -11.01593, -4.91796, 
-10.48213, 0, 0, 0, 0, 0, 0, 0, 0, 0, 0, 0, 0, 0, 0, 0, 0, 0, 
0, 0, 0, 0, 0, 0.21635, 0.20285, 0.20048, 0.20425, 0.19741, 0.21538, 
0.20182, 0.20026, 0.2119, 0.19617, 0.20543, 0.20524, 0.20285, 
0.20048, 0.19885, 0.19741, 0.18916, 0.19535, 0.20864, 0.19389, 
0.20368, 0.18562, 0.0348, 0.0393, 0.0467, 0.0514, 0.0566, 0.0646, 
0.0737, 0.0806, 0.0898, 0.0989, 0.1054, 222.1, 244.8, 267, 289.6, 
312, 333.9, 356.6, 379, 400.8, 423.5, 444.6, 58, 9, 2, 370, 5, 
456, 1373, 1549, 1275, 69, 88, 92, 2016, 1744, 20, 1755, 51, 
24, 3, 15, 106, 1, 100, 100, 100, 100, 100, 100, 100, 100, 100, 
100, 100, 2500, 2500, 2500, 2500, 2500, 2500, 2500, 2500, 2500, 
2500, 2500, 7066.769, 7116.813, 7336.239, 7294.51, 7242.65500000001, 
7302.978, 7647.546, 7787.185, 8577.208, 8483.95999999999, 8728.973, 
6.77447, 5.83037, 3.11178, 8.59169, 1.45312, 2.41196, 10.71905, 
0.43263, 9.18566, 4.76357, 0.61899, -11.14283, -12.76256, -9.32819, 
-13.7737, -14.47477, -6.32676, -14.83947, -4.17379, -12.58931, 
-8.44084, -5.05366, 0, 0, 0, 0, 0, 0, 0, 0, 0, 0, 0, 0, 0, 0, 
0, 0, 0, 0, 0, 0, 0, 0, 0.21635, 0.20285, 0.20048, 0.20425, 0.19741, 
0.21538, 0.1996, 0.20026, 0.21002, 0.19428, 0.20724, 0.20524, 
0.20285, 0.20048, 0.19885, 0.19741, 0.18916, 0.19086, 0.20656, 
0.20378, 0.20557, 0.18746, 0.0338, 0.0394, 0.0449, 0.0507, 0.0538, 
0.0633, 0.0695, 0.0803, 0.089, 0.0976, 0.1061, 222.1, 244.6, 
267, 289.6, 311.9, 333.9, 356.5, 379, 401, 423.3, 444.6, 913, 
6, 4, 184, 2, 1482, 815, 400, 643, 419, 1377, 4, 567, 571, 3, 
507, 3, 3, 2, 9, 20, 1, 100, 100, 100, 100, 100, 100, 100, 100, 
100, 100, 100, 2500, 2500, 2500, 2500, 2500, 2500, 2500, 2500, 
2500, 2500, 2500, 7387.14, 7669.519, 7934.828, 8118.315, 8097.18000000001, 
8381.10000000001, 8929.595, 9378.74099999999, 10069.857, 10480.475, 
10774.126, 1, 1, 1, 1, 1, 1, 1, 1, 1, 1, 1, 0.25, 0.25, 0.25, 
0.25, 0.25, 0.25, 0.25, 0.25, 0.25, 0.25, 0.25, 0, 0, 0, 0, 0, 
0, 0, 0, 0, 0, 0, 0, 0, 0, 0, 0, 0, 0, 0, 0, 0, 0, 0.12976, 0.13785, 
0.10502, 0.13191, 0.13366, 0.15588, 0.14121, 0.17485, 0.1738, 
0.13956, 0.1444, 0.11166, 0.12365, 0.09869, 0.13576, 0.12584, 
0.13165, 0.13444, 0.15181, 0.16768, 0.14903, 0.14264, 0.0354, 
0.0398, 0.0455, 0.0515, 0.0577, 0.0654, 0.0707, 0.0787, 0.0897, 
0.0979, 0.1037, 222.3, 244.4, 267, 289.4, 311.8, 334.2, 356.5, 
378.9, 401.3, 423.6, 444.7, 1, 1, 1, 1, 1, 1, 1, 1, 1, 1, 1, 
1, 1, 1, 1, 1, 1, 1, 1, 1, 1, 1, 1, 1, 1, 1, 1, 1, 1, 1, 1, 1, 
1, 1, 1, 1, 1, 1, 1, 1, 1, 1, 1, 1, 2.789, 2.831, 2.889, 2.861, 
2.881, 2.949, 2.951, 3.035, 3.147, 3.28, 3.269), .Dim = c(11L, 
40L), .Dimnames = list(NULL, c("Sampling", "PSO.cost", "PSO.gamma", 
"PSO.data.balancing", "PSO.feature.selection", "PSO.valid.acc", 
"PSO.test.acc", "PSO.train.time", "PSO.n.support.vectors", "PSO.index", 
"PSO.n.solutions", "PSO.generations", "PSO.n.evaluations", "PSO.cpu.time", 
"RS.cost", "RS.gamma", "RS.data.balancing", "RS.feature.selection", 
"RS.valid.acc", "RS.test.acc", "RS.train.time", "RS.n.support.vectors", 
"RS.index", "RS.n.solutions", "RS.generations", "RS.n.evaluations", 
"RS.cpu.time", "DF.cost", "DF.gamma", "DF.data.balancing", "DF.feature.selection", 
"DF.valid.acc", "DF.test.acc", "DF.train.time", "DF.n.support.vectors", 
"DF.index", "DF.n.solutions", "DF.generations", "DF.n.evaluations", 
"DF.cpu.time")))
