full <-
structure(c(50, 55, 60, 65, 70, 75, 80, 85, 90, 95, 100, 12.32186, 
6.87091, 5.38937, 4.35256, -1.81605, 4.70668, 3.89001, 1.75618, 
5.25815, -0.32353, 4.91231, -14.92352, -10.69273, -10.2792, -8.44906, 
-2.17452, -9.74067, -8.75565, -7.50355, -10.36131, -7.18093, 
-9.66516, 0, 0, 0, 0, 0, 0, 0, 0, 0, 0, 0, 0, 0, 0, 0, 0, 0, 
0, 0, 0, 0, 0, 0.23715, 0.21628, 0.2126, 0.20187, 0.20532, 0.21754, 
0.22234, 0.19601, 0.20581, 0.19056, 0.21027, 0.20815, 0.18941, 
0.20343, 0.19909, 0.19749, 0.21516, 0.19774, 0.19198, 0.20962, 
0.19056, 0.18329, 0.0348, 0.0403, 0.0461, 0.0531, 0.0589, 0.0639, 
0.0752, 0.0832, 0.091, 0.0991, 0.1105, 222.1, 244.7, 267.1, 289.6, 
312, 334.4, 356.6, 379, 401.6, 423.9, 444.7, 476, 864, 421, 170, 
2026, 52, 229, 318, 446, 17, 458, 30, 16, 79, 134, 4, 53, 96, 
14, 33, 1984, 25, 100, 100, 100, 100, 100, 100, 100, 100, 100, 
100, 100, 2500, 2500, 2500, 2500, 2500, 2500, 2500, 2500, 2500, 
2500, 2500, 7128.776, 7143.598, 7423.37, 7518.693, 7668.57900000001, 
8192.63100000001, 8356.553, 8451.414, 8920.04300000001, 8970.829, 
9233.97699999998, 6.29794, 2.36509, 2.91169, 5.24494, -0.8612, 
5.66304, 7.06263, 0.56401, 6.61959, 0.55262, 4.96865, -8.92564, 
-6.20881, -7.70611, -9.28408, -4.07555, -10.69987, -11.94089, 
-6.30122, -11.71961, -10.11071, -9.72572, 0, 0, 0, 0, 0, 0, 0, 
0, 0, 0, 0, 0, 0, 0, 0, 0, 0, 0, 0, 0, 0, 0, 0.2406, 0.21617, 
0.21234, 0.20187, 0.20262, 0.21754, 0.22234, 0.19601, 0.20581, 
0.19056, 0.20849, 0.20815, 0.19263, 0.20646, 0.20187, 0.20005, 
0.21516, 0.19774, 0.19198, 0.20962, 0.19056, 0.18329, 0.0345, 
0.0422, 0.0454, 0.0498, 0.0605, 0.0658, 0.0746, 0.0823, 0.0915, 
0.095, 0.1113, 222.1, 244.7, 267.1, 289.6, 311.9, 334.4, 356.6, 
379, 401.6, 423.9, 444.7, 437, 409, 850, 901, 91, 1086, 54, 43, 
2403, 1, 2267, 1, 8, 2, 5, 5, 4, 12, 8, 1, 571, 1, 100, 100, 
100, 100, 100, 100, 100, 100, 100, 100, 100, 2500, 2500, 2500, 
2500, 2500, 2500, 2500, 2500, 2500, 2500, 2500, 7251.149, 7940.313, 
8043.333, 8379.317, 8705.777, 9159.379, 9594.179, 9836.81, 10538.24, 
10678.603, 11089.092, 1, 1, 1, 1, 1, 1, 1, 1, 1, 1, 1, 0.25, 
0.25, 0.25, 0.25, 0.25, 0.25, 0.25, 0.25, 0.25, 0.25, 0.25, 0, 
0, 0, 0, 0, 0, 0, 0, 0, 0, 0, 0, 0, 0, 0, 0, 0, 0, 0, 0, 0, 0, 
0.20025, 0.17668, 0.1643, 0.13579, 0.14847, 0.16556, 0.13945, 
0.13513, 0.14743, 0.12471, 0.11679, 0.18288, 0.16067, 0.15867, 
0.14652, 0.15097, 0.16282, 0.14348, 0.13885, 0.1255, 0.12425, 
0.13866, 0.0344, 0.0401, 0.0478, 0.0508, 0.059, 0.0666, 0.0757, 
0.0838, 0.0911, 0.1018, 0.1116, 222.3, 244.8, 267.2, 289.5, 311.9, 
334.2, 356.1, 378.7, 401.5, 424, 444.7, 1, 1, 1, 1, 1, 1, 1, 
1, 1, 1, 1, 1, 1, 1, 1, 1, 1, 1, 1, 1, 1, 1, 1, 1, 1, 1, 1, 1, 
1, 1, 1, 1, 1, 1, 1, 1, 1, 1, 1, 1, 1, 1, 1, 1, 2.637, 2.809, 
3.001, 2.859, 3.069, 3.167, 3.297, 3.377, 3.341, 3.479, 3.591
), .Dim = c(11L, 40L), .Dimnames = list(NULL, c("Sampling", "PSO.cost", 
"PSO.gamma", "PSO.data.balancing", "PSO.feature.selection", "PSO.valid.acc", 
"PSO.test.acc", "PSO.train.time", "PSO.n.support.vectors", "PSO.index", 
"PSO.n.solutions", "PSO.generations", "PSO.n.evaluations", "PSO.cpu.time", 
"RS.cost", "RS.gamma", "RS.data.balancing", "RS.feature.selection", 
"RS.valid.acc", "RS.test.acc", "RS.train.time", "RS.n.support.vectors", 
"RS.index", "RS.n.solutions", "RS.generations", "RS.n.evaluations", 
"RS.cpu.time", "DF.cost", "DF.gamma", "DF.data.balancing", "DF.feature.selection", 
"DF.valid.acc", "DF.test.acc", "DF.train.time", "DF.n.support.vectors", 
"DF.index", "DF.n.solutions", "DF.generations", "DF.n.evaluations", 
"DF.cpu.time")))
