full <-
structure(c(50, 55, 60, 65, 70, 75, 80, 85, 90, 95, 100, 10.43341, 
3.43613, -1.85485, 9.79284, 10.10383, 7.13822, 10.85538, 3.87122, 
-0.57179, 5.7281, 10.03242, -11.60614, -9.12156, -3.40059, -15, 
-15, -10.9951, -15, -7.64689, -5.22141, -9.77711, -14.35416, 
0, 0, 0, 0, 0, 0, 0, 0, 0, 0, 0, 0, 0, 0, 0, 0, 0, 0, 0, 0, 0, 
0, 0.19145, 0.19629, 0.18518, 0.19322, 0.19037, 0.20075, 0.21954, 
0.1959, 0.19909, 0.20173, 0.19735, 0.17701, 0.19629, 0.15587, 
0.17107, 0.17011, 0.18653, 0.21314, 0.18154, 0.19109, 0.20586, 
0.19058, 0.0425, 0.0424, 0.0476, 0.0546, 0.0584, 0.0699, 0.0761, 
0.0847, 0.0929, 0.1064, 0.112, 221.1, 244.8, 267.2, 289.6, 312, 
334, 356.7, 379, 401.4, 423.8, 444.8, 2257, 4, 515, 146, 653, 
78, 516, 943, 215, 1060, 1316, 1, 1694, 259, 31, 75, 42, 24, 
20, 91, 40, 1, 100, 100, 100, 100, 100, 100, 100, 100, 100, 100, 
100, 2500, 2500, 2500, 2500, 2500, 2500, 2500, 2500, 2500, 2500, 
2500, 8141.934, 7784.285, 8219.318, 8117.794, 8437.874, 8518.522, 
9121.955, 9218.353, 9169.34299999999, 9802.31100000002, 10002.193, 
8.38194, 1.89839, -1.76267, 3.2254, 6.01154, 6.45373, 9.45547, 
6.28358, 7.00702, 0.6772, 0.48594, -9.51151, -13.96395, -3.49183, 
-8.40576, -10.90277, -11.98615, -13.58521, -10.14778, -12.95251, 
-4.5856, -5.21395, 0, 0, 0, 0, 0, 0, 0, 0, 0, 0, 0, 0, 0, 0, 
0, 0, 0, 0, 0, 0, 0, 0, 0.18788, 0.19629, 0.18215, 0.19322, 0.19037, 
0.19866, 0.2151, 0.1939, 0.19909, 0.20166, 0.19748, 0.18072, 
0.19629, 0.15587, 0.16829, 0.17011, 0.17938, 0.21536, 0.17316, 
0.19109, 0.19813, 0.18347, 0.039, 0.0421, 0.0472, 0.055, 0.0619, 
0.068, 0.0766, 0.0846, 0.0936, 0.1106, 0.118, 221, 244.8, 267.2, 
289.6, 312, 334.2, 356.7, 379.1, 401.4, 423.8, 444.8, 1414, 7, 
533, 240, 1847, 670, 15, 1032, 60, 172, 2416, 3, 583, 2, 1, 1, 
4, 1, 1, 7, 2, 1, 100, 100, 100, 100, 100, 100, 100, 100, 100, 
100, 100, 2500, 2500, 2500, 2500, 2500, 2500, 2500, 2500, 2500, 
2500, 2500, 8223.966, 8455.825, 8854.785, 8819.933, 9370.47100000001, 
9694.681, 10148.542, 10626.712, 11344.687, 11711.506, 11807.659, 
1, 1, 1, 1, 1, 1, 1, 1, 1, 1, 1, 0.25, 0.25, 0.25, 0.25, 0.25, 
0.25, 0.25, 0.25, 0.25, 0.25, 0.25, 0, 0, 0, 0, 0, 0, 0, 0, 0, 
0, 0, 0, 0, 0, 0, 0, 0, 0, 0, 0, 0, 0, 0.12978, 0.10118, 0.11034, 
0.15454, 0.13643, 0.12927, 0.16317, 0.14332, 0.13539, 0.13154, 
0.128, 0.1372, 0.12058, 0.11724, 0.1249, 0.13643, 0.12921, 0.13897, 
0.14971, 0.12923, 0.13938, 0.13681, 0.0369, 0.0429, 0.0484, 0.0538, 
0.0611, 0.0669, 0.078, 0.0866, 0.0968, 0.1081, 0.1132, 222.4, 
244.8, 267.1, 289.6, 311.5, 333.8, 356.7, 378.9, 401.1, 423.7, 
444.5, 1, 1, 1, 1, 1, 1, 1, 1, 1, 1, 1, 1, 1, 1, 1, 1, 1, 1, 
1, 1, 1, 1, 1, 1, 1, 1, 1, 1, 1, 1, 1, 1, 1, 1, 1, 1, 1, 1, 1, 
1, 1, 1, 1, 1, 3.09, 3.266, 3.185, 3.1, 3.28, 3.215, 3.556, 3.588, 
3.731, 3.937, 3.848), .Dim = c(11L, 40L), .Dimnames = list(NULL, 
    c("Sampling", "PSO.cost", "PSO.gamma", "PSO.data.balancing", 
    "PSO.feature.selection", "PSO.valid.acc", "PSO.test.acc", 
    "PSO.train.time", "PSO.n.support.vectors", "PSO.index", "PSO.n.solutions", 
    "PSO.generations", "PSO.n.evaluations", "PSO.cpu.time", "RS.cost", 
    "RS.gamma", "RS.data.balancing", "RS.feature.selection", 
    "RS.valid.acc", "RS.test.acc", "RS.train.time", "RS.n.support.vectors", 
    "RS.index", "RS.n.solutions", "RS.generations", "RS.n.evaluations", 
    "RS.cpu.time", "DF.cost", "DF.gamma", "DF.data.balancing", 
    "DF.feature.selection", "DF.valid.acc", "DF.test.acc", "DF.train.time", 
    "DF.n.support.vectors", "DF.index", "DF.n.solutions", "DF.generations", 
    "DF.n.evaluations", "DF.cpu.time")))
