full <-
structure(c(50, 55, 60, 65, 70, 75, 80, 85, 90, 95, 100, 10.67687, 
9.90401, 6.01565, 9.25518, 9.20095, 5.28929, 1.50967, 3.65175, 
5.53779, 7.13237, 6.74294, -15, -14.58117, -10.46626, -13.80784, 
-13.30064, -9.0612, -5.87326, -7.70829, -10.21954, -11.28134, 
-11.81247, 0, 0, 0, 0, 0, 0, 0, 0, 0, 0, 0, 0, 0, 0, 0, 0, 0, 
0, 0, 0, 0, 0, 0.23342, 0.22148, 0.22492, 0.21257, 0.20721, 0.21622, 
0.20874, 0.22174, 0.20711, 0.20207, 0.20019, 0.1867, 0.21802, 
0.2127, 0.19319, 0.18686, 0.18394, 0.21757, 0.20658, 0.2052, 
0.17911, 0.16531, 0.0349, 0.0406, 0.0458, 0.0522, 0.0574, 0.0663, 
0.0721, 0.0829, 0.0925, 0.0987, 0.1085, 221.7, 244.8, 266.9, 
289.5, 311.8, 334.3, 356.5, 378.8, 401.3, 424, 444.8, 1131, 163, 
361, 694, 1829, 2287, 1730, 408, 101, 304, 783, 36, 61, 63, 11, 
1, 1, 7, 45, 18, 75, 23, 100, 100, 100, 100, 100, 100, 100, 100, 
100, 100, 100, 2500, 2500, 2500, 2500, 2500, 2500, 2500, 2500, 
2500, 2500, 2500, 7370.082, 7584.615, 7606.309, 7897.15199999999, 
7929.372, 8332.21100000001, 8282.73, 8547.523, 8902.82999999999, 
9183.747, 9594.66500000001, 5.95276, 6.9703, -0.22104, 2.84418, 
9.32479, 5.29701, 2.16595, 3.05857, 8.97766, 5.3396, 0.94044, 
-10.56949, -11.61852, -4.20974, -7.37765, -13.44247, -9.11096, 
-6.58168, -7.09952, -14.01717, -9.44749, -5.91933, 0, 0, 0, 0, 
0, 0, 0, 0, 0, 0, 0, 0, 0, 0, 0, 0, 0, 0, 0, 0, 0, 0, 0.22984, 
0.22148, 0.22464, 0.21257, 0.20721, 0.21395, 0.20874, 0.21962, 
0.20519, 0.20207, 0.20023, 0.2047, 0.22135, 0.2094, 0.1959, 0.18936, 
0.18638, 0.21757, 0.20445, 0.18747, 0.17725, 0.16713, 0.0347, 
0.041, 0.0459, 0.0523, 0.0585, 0.0655, 0.0718, 0.081, 0.0877, 
0.0986, 0.1087, 221.8, 244.8, 267.1, 289.5, 311.8, 334.3, 356.6, 
378.8, 401.5, 424, 444.8, 855, 82, 358, 254, 756, 1231, 1638, 
1558, 1330, 616, 670, 2, 3, 4, 1, 1, 2, 1, 2, 2, 2, 1, 100, 100, 
100, 100, 100, 100, 100, 100, 100, 100, 100, 2500, 2500, 2500, 
2500, 2500, 2500, 2500, 2500, 2500, 2500, 2500, 7769.438, 8002.469, 
8152.749, 8374.772, 8632.735, 9045.41500000001, 9554.193, 10039.572, 
10546.782, 10811.127, 11204.935, 1, 1, 1, 1, 1, 1, 1, 1, 1, 1, 
1, 0.25, 0.25, 0.25, 0.25, 0.25, 0.25, 0.25, 0.25, 0.25, 0.25, 
0.25, 0, 0, 0, 0, 0, 0, 0, 0, 0, 0, 0, 0, 0, 0, 0, 0, 0, 0, 0, 
0, 0, 0, 0.15046, 0.16633, 0.1799, 0.1763, 0.14598, 0.1489, 0.15271, 
0.14336, 0.12107, 0.13193, 0.13315, 0.14714, 0.19008, 0.15609, 
0.15985, 0.12834, 0.15315, 0.1368, 0.14526, 0.15307, 0.13374, 
0.12786, 0.0359, 0.0414, 0.0452, 0.0527, 0.058, 0.0647, 0.0733, 
0.0817, 0.0922, 0.1043, 0.1087, 222.1, 244.6, 266.6, 289.1, 311.9, 
334.3, 356.6, 378.7, 401.3, 424, 444.7, 1, 1, 1, 1, 1, 1, 1, 
1, 1, 1, 1, 1, 1, 1, 1, 1, 1, 1, 1, 1, 1, 1, 1, 1, 1, 1, 1, 1, 
1, 1, 1, 1, 1, 1, 1, 1, 1, 1, 1, 1, 1, 1, 1, 1, 2.907, 2.944, 
2.999, 3.058, 3.105, 3.17, 3.239, 3.339, 3.494, 3.577, 3.616), .Dim = c(11L, 
40L), .Dimnames = list(NULL, c("Sampling", "PSO.cost", "PSO.gamma", 
"PSO.data.balancing", "PSO.feature.selection", "PSO.valid.acc", 
"PSO.test.acc", "PSO.train.time", "PSO.n.support.vectors", "PSO.index", 
"PSO.n.solutions", "PSO.generations", "PSO.n.evaluations", "PSO.cpu.time", 
"RS.cost", "RS.gamma", "RS.data.balancing", "RS.feature.selection", 
"RS.valid.acc", "RS.test.acc", "RS.train.time", "RS.n.support.vectors", 
"RS.index", "RS.n.solutions", "RS.generations", "RS.n.evaluations", 
"RS.cpu.time", "DF.cost", "DF.gamma", "DF.data.balancing", "DF.feature.selection", 
"DF.valid.acc", "DF.test.acc", "DF.train.time", "DF.n.support.vectors", 
"DF.index", "DF.n.solutions", "DF.generations", "DF.n.evaluations", 
"DF.cpu.time")))
