full <-
structure(c(50, 55, 60, 65, 70, 75, 80, 85, 90, 95, 100, 1.54584, 
-1.8592, -2, 9.84434, -0.86028, -2, 5.47649, -1.98221, 9.2154, 
0.33437, 10.48363, -4.62975, -2.21901, -0.63341, -14.78564, -3.10642, 
-2.46296, -14.34106, -11.0249, -13.89153, -3.95071, -14.81403, 
0, 0, 0, 0, 0, 0, 0, 0, 0, 0, 0, 0, 0, 0, 0, 0, 0, 0, 0, 0, 0, 
0, 0.18984, 0.19948, 0.18555, 0.19014, 0.21031, 0.19867, 0.17909, 
0.18993, 0.19757, 0.20169, 0.19813, 0.18061, 0.18904, 0.18261, 
0.17099, 0.15382, 0.17951, 0.1701, 0.18993, 0.18526, 0.16046, 
0.18186, 0.0378, 0.0412, 0.0479, 0.0543, 0.0606, 0.0653, 0.074, 
0.0866, 0.0943, 0.1042, 0.1073, 221.5, 244.8, 267.2, 289.6, 312, 
334.4, 356.8, 379.1, 401.6, 423.8, 444.7, 170, 297, 133, 691, 
1649, 548, 33, 3, 748, 1308, 249, 59, 743, 412, 54, 2, 287, 2037, 
2199, 19, 10, 66, 100, 100, 100, 100, 100, 100, 100, 100, 100, 
100, 100, 2500, 2500, 2500, 2500, 2500, 2500, 2500, 2500, 2500, 
2500, 2500, 7712.044, 7842.85, 8248.565, 8350.344, 8289.641, 
8493.345, 8731.30399999999, 9025.302, 9505.06400000001, 9528.46400000001, 
10133.121, 1.27834, -1.1287, -1.87727, 5.33875, 2.7151, -0.77554, 
-1.63508, 5.05951, 5.94176, 0.37096, 4.0616, -4.29519, -3.75329, 
-0.34893, -10.27833, -7.2586, -4.42692, 2.92407, -11.66417, -10.62275, 
-4.05401, -8.37542, 0, 0, 0, 0, 0, 0, 0, 0, 0, 0, 0, 0, 0, 0, 
0, 0, 0, 0, 0, 0, 0, 0, 0.18984, 0.19625, 0.18538, 0.19014, 0.20262, 
0.19623, 0.1795, 0.18993, 0.19757, 0.19607, 0.19813, 0.18446, 
0.17914, 0.17967, 0.17099, 0.16421, 0.18677, 0.17273, 0.18993, 
0.18526, 0.16224, 0.18186, 0.0356, 0.0421, 0.0463, 0.0548, 0.0574, 
0.0659, 0.079, 0.08, 0.0941, 0.1036, 0.1123, 221.7, 244.8, 267.2, 
289.6, 312, 334.4, 356.8, 379.2, 401.6, 423.8, 444.8, 855, 599, 
2458, 473, 562, 225, 265, 1, 1712, 1243, 1437, 1, 2, 1, 3, 1, 
7, 22, 555, 1, 2, 1, 100, 100, 100, 100, 100, 100, 100, 100, 
100, 100, 100, 2500, 2500, 2500, 2500, 2500, 2500, 2500, 2500, 
2500, 2500, 2500, 8170.742, 8455.917, 8830.695, 8898.922, 9248.007, 
9602.16899999999, 10063.939, 10561.109, 11097.023, 11683.567, 
12288.363, 1, 1, 1, 1, 1, 1, 1, 1, 1, 1, 1, 0.25, 0.25, 0.25, 
0.25, 0.25, 0.25, 0.25, 0.25, 0.25, 0.25, 0.25, 0, 0, 0, 0, 0, 
0, 0, 0, 0, 0, 0, 0, 0, 0, 0, 0, 0, 0, 0, 0, 0, 0, 0.16144, 0.14397, 
0.1279, 0.14783, 0.14613, 0.12903, 0.13474, 0.1334, 0.16345, 
0.15244, 0.13309, 0.17305, 0.14969, 0.11561, 0.14023, 0.1283, 
0.11945, 0.1457, 0.12232, 0.14589, 0.13556, 0.12247, 0.036, 0.0421, 
0.0481, 0.0517, 0.0598, 0.0695, 0.0804, 0.0846, 0.0961, 0.1005, 
0.113, 221.9, 244.7, 267.2, 289.5, 311.8, 334.4, 356.7, 379.2, 
401.6, 424, 444.6, 1, 1, 1, 1, 1, 1, 1, 1, 1, 1, 1, 1, 1, 1, 
1, 1, 1, 1, 1, 1, 1, 1, 1, 1, 1, 1, 1, 1, 1, 1, 1, 1, 1, 1, 1, 
1, 1, 1, 1, 1, 1, 1, 1, 1, 3.088, 3.222, 3.167, 3.043, 3.333, 
3.37, 3.609, 3.602, 3.727, 3.633, 3.889), .Dim = c(11L, 40L), .Dimnames = list(
    NULL, c("Sampling", "PSO.cost", "PSO.gamma", "PSO.data.balancing", 
    "PSO.feature.selection", "PSO.valid.acc", "PSO.test.acc", 
    "PSO.train.time", "PSO.n.support.vectors", "PSO.index", "PSO.n.solutions", 
    "PSO.generations", "PSO.n.evaluations", "PSO.cpu.time", "RS.cost", 
    "RS.gamma", "RS.data.balancing", "RS.feature.selection", 
    "RS.valid.acc", "RS.test.acc", "RS.train.time", "RS.n.support.vectors", 
    "RS.index", "RS.n.solutions", "RS.generations", "RS.n.evaluations", 
    "RS.cpu.time", "DF.cost", "DF.gamma", "DF.data.balancing", 
    "DF.feature.selection", "DF.valid.acc", "DF.test.acc", "DF.train.time", 
    "DF.n.support.vectors", "DF.index", "DF.n.solutions", "DF.generations", 
    "DF.n.evaluations", "DF.cpu.time")))
