full <-
structure(c(50, 55, 60, 65, 70, 75, 80, 85, 90, 95, 100, 3.32336, 
1.29377, 3.45819, 5.87118, 4.30908, 9.81893, -0.11526, 3.15522, 
6.6087, 4.92184, 5.50491, -7.94734, -6.00885, -6.99074, -11.01614, 
-14.50343, -15, -4.24607, -12.79857, -10.42945, -9.6947, -9.87719, 
0, 0, 0, 0, 0, 0, 0, 0, 0, 0, 0, 0, 0, 0, 0, 0, 0, 0, 0, 0, 0, 
0, 0.24456, 0.24229, 0.21301, 0.22138, 0.19752, 0.19854, 0.20181, 
0.19861, 0.20752, 0.21546, 0.19817, 0.20829, 0.23507, 0.17674, 
0.20965, 0.20008, 0.18402, 0.18382, 0.18145, 0.1793, 0.20744, 
0.19817, 0.0368, 0.0455, 0.0514, 0.058, 0.0598, 0.0673, 0.0762, 
0.0809, 0.094, 0.1083, 0.1165, 222.4, 244.8, 266.7, 289.4, 311.7, 
334.3, 356.8, 379.2, 401.4, 423.9, 444.7, 181, 1552, 361, 299, 
5, 981, 2034, 6, 305, 557, 1581, 61, 2, 28, 58, 2140, 1882, 2, 
1929, 43, 22, 6, 100, 100, 100, 100, 100, 100, 100, 100, 100, 
100, 100, 2500, 2500, 2500, 2500, 2500, 2500, 2500, 2500, 2500, 
2500, 2500, 9990.291, 10708.246, 10381.094, 10506.65, 10565.364, 
8273.212, 8521.78099999999, 8763.58899999998, 9284.70000000001, 
11988.336, 11695.285, 1.07372, 0.33987, 8.34134, 2.53704, -1.97456, 
5.15016, 1.41702, 2.67972, 7.23669, 1.82649, 5.9326, -5.6331, 
-4.96528, -11.94667, -6.87495, -0.42227, -10.26964, -6.06831, 
-11.8938, -11.07209, -6.36474, -10.30505, 0, 0, 0, 0, 0, 0, 0, 
0, 0, 0, 0, 0, 0, 0, 0, 0, 0, 0, 0, 0, 0, 0, 0.24456, 0.24229, 
0.21007, 0.22036, 0.20008, 0.19854, 0.19731, 0.19861, 0.20752, 
0.21531, 0.19817, 0.212, 0.23851, 0.18574, 0.2182, 0.18982, 0.17687, 
0.1772, 0.18145, 0.1793, 0.20947, 0.19817, 0.0374, 0.0425, 0.0477, 
0.0549, 0.0603, 0.0642, 0.0761, 0.076, 0.0917, 0.1036, 0.1145, 
222.4, 244.8, 266.7, 289.4, 312, 334.3, 356.8, 379.2, 401.4, 
423.9, 444.7, 365, 2368, 222, 738, 2115, 596, 1552, 12, 768, 
711, 617, 5, 1, 6, 5, 2, 549, 1, 452, 1, 1, 2, 100, 100, 100, 
100, 100, 100, 100, 100, 100, 100, 100, 2500, 2500, 2500, 2500, 
2500, 2500, 2500, 2500, 2500, 2500, 2500, 10453.765, 10995.595, 
10971.102, 11267.687, 9610.40699999999, 9437.16, 9782.853, 10446.217, 
13720.784, 13800.1, 13739.241, 1, 1, 1, 1, 1, 1, 1, 1, 1, 1, 
1, 0.25, 0.25, 0.25, 0.25, 0.25, 0.25, 0.25, 0.25, 0.25, 0.25, 
0.25, 0, 0, 0, 0, 0, 0, 0, 0, 0, 0, 0, 0, 0, 0, 0, 0, 0, 0, 0, 
0, 0, 0, 0.20203, 0.18708, 0.14697, 0.16566, 0.12063, 0.14086, 
0.15266, 0.12682, 0.1496, 0.14334, 0.14537, 0.19489, 0.18332, 
0.15882, 0.17153, 0.12807, 0.1458, 0.13458, 0.15782, 0.16895, 
0.16404, 0.14608, 0.0385, 0.0434, 0.0506, 0.0543, 0.0593, 0.0654, 
0.0738, 0.0846, 0.1007, 0.1065, 0.1178, 222.2, 244.7, 266.9, 
289.1, 311.8, 334.2, 356.5, 378.8, 401.6, 423.9, 444.6, 1, 1, 
1, 1, 1, 1, 1, 1, 1, 1, 1, 1, 1, 1, 1, 1, 1, 1, 1, 1, 1, 1, 1, 
1, 1, 1, 1, 1, 1, 1, 1, 1, 1, 1, 1, 1, 1, 1, 1, 1, 1, 1, 1, 1, 
4.063, 3.888, 4.181, 3.941, 3.23, 3.321, 3.39, 3.51, 4.942, 4.56, 
4.781), .Dim = c(11L, 40L), .Dimnames = list(NULL, c("Sampling", 
"PSO.cost", "PSO.gamma", "PSO.data.balancing", "PSO.feature.selection", 
"PSO.valid.acc", "PSO.test.acc", "PSO.train.time", "PSO.n.support.vectors", 
"PSO.index", "PSO.n.solutions", "PSO.generations", "PSO.n.evaluations", 
"PSO.cpu.time", "RS.cost", "RS.gamma", "RS.data.balancing", "RS.feature.selection", 
"RS.valid.acc", "RS.test.acc", "RS.train.time", "RS.n.support.vectors", 
"RS.index", "RS.n.solutions", "RS.generations", "RS.n.evaluations", 
"RS.cpu.time", "DF.cost", "DF.gamma", "DF.data.balancing", "DF.feature.selection", 
"DF.valid.acc", "DF.test.acc", "DF.train.time", "DF.n.support.vectors", 
"DF.index", "DF.n.solutions", "DF.generations", "DF.n.evaluations", 
"DF.cpu.time")))
