full <-
structure(c(50, 55, 60, 65, 70, 75, 80, 85, 90, 95, 100, 1.78495, 
10.17263, -0.25453, 6.57955, 7.11555, -1.53562, 9.23796, 4.19675, 
-2, -0.46245, -0.50153, -5.29464, -14.8138, -6.38197, -11.9329, 
-11.24502, -2.16693, -13.99266, -8.63335, -2.96105, -3.95116, 
-3.52558, 0, 0, 0, 0, 0, 0, 0, 0, 0, 0, 0, 0, 0, 0, 0, 0, 0, 
0, 0, 0, 0, 0, 0.20212, 0.21923, 0.19151, 0.20768, 0.20513, 0.19673, 
0.1885, 0.18986, 0.19129, 0.18883, 0.19949, 0.17298, 0.16661, 
0.19151, 0.19602, 0.18979, 0.19158, 0.18618, 0.19837, 0.17136, 
0.18306, 0.1888, 0.0377, 0.043, 0.0479, 0.0555, 0.0608, 0.0668, 
0.0742, 0.0822, 0.0941, 0.1064, 0.1145, 222.3, 244.8, 267.2, 
289.6, 312, 334.4, 356.8, 379.2, 401.6, 424, 444.7, 164, 83, 
6, 638, 1005, 1941, 2446, 647, 500, 1067, 149, 92, 44, 1846, 
67, 7, 1, 1, 2, 196, 26, 66, 100, 100, 100, 100, 100, 100, 100, 
100, 100, 100, 100, 2500, 2500, 2500, 2500, 2500, 2500, 2500, 
2500, 2500, 2500, 2500, 9853.602, 10059.237, 10006.607, 9934.686, 
10240.099, 10392.822, 10652.166, 11033.261, 11205.284, 11651.536, 
11636.887, 11.19676, 0.71611, -0.34021, -1.44521, 5.28966, -1.03042, 
0.14974, 9.4291, 8.12057, -0.81378, 6.71633, -14.98419, -5.13039, 
-8.5697, -3.27689, -9.41192, -3.37206, -4.99583, -13.81389, -13.92488, 
-3.50684, -14.21689, 0, 0, 0, 0, 0, 0, 0, 0, 0, 0, 0, 0, 0, 0, 
0, 0, 0, 0, 0, 0, 0, 0, 0.2057, 0.22235, 0.19151, 0.20753, 0.20513, 
0.19451, 0.18633, 0.18782, 0.18937, 0.18883, 0.19776, 0.16926, 
0.16682, 0.19151, 0.1934, 0.18979, 0.19889, 0.19517, 0.19629, 
0.16932, 0.18687, 0.18708, 0.0378, 0.0437, 0.0491, 0.0551, 0.0596, 
0.0664, 0.0777, 0.0871, 0.0944, 0.1026, 0.1107, 222.3, 244.8, 
267.2, 289.6, 312, 334.4, 356.8, 379.2, 401.6, 424, 444.8, 3, 
1701, 3, 194, 695, 1012, 633, 811, 369, 1791, 6, 1, 1, 567, 1, 
1, 1, 1, 4, 4, 2, 376, 100, 100, 100, 100, 100, 100, 100, 100, 
100, 100, 100, 2500, 2500, 2500, 2500, 2500, 2500, 2500, 2500, 
2500, 2500, 2500, 10224.311, 10421.385, 10680.203, 10614.717, 
10954.564, 11406.082, 11634.115, 12504.004, 13152.567, 13566.495, 
13931.098, 1, 1, 1, 1, 1, 1, 1, 1, 1, 1, 1, 0.25, 0.25, 0.25, 
0.25, 0.25, 0.25, 0.25, 0.25, 0.25, 0.25, 0.25, 0, 0, 0, 0, 0, 
0, 0, 0, 0, 0, 0, 0, 0, 0, 0, 0, 0, 0, 0, 0, 0, 0, 0.15548, 0.12476, 
0.12294, 0.12759, 0.14949, 0.1386, 0.13663, 0.1285, 0.12354, 
0.12452, 0.1404, 0.1606, 0.12864, 0.11057, 0.12753, 0.14308, 
0.12437, 0.12122, 0.14734, 0.13762, 0.13417, 0.14084, 0.0391, 
0.0431, 0.0498, 0.0566, 0.0618, 0.0703, 0.0743, 0.0828, 0.0968, 
0.1089, 0.1117, 222.4, 244.7, 267.2, 289.3, 311.6, 334.3, 356.6, 
379.2, 401.6, 424, 444.8, 1, 1, 1, 1, 1, 1, 1, 1, 1, 1, 1, 1, 
1, 1, 1, 1, 1, 1, 1, 1, 1, 1, 1, 1, 1, 1, 1, 1, 1, 1, 1, 1, 1, 
1, 1, 1, 1, 1, 1, 1, 1, 1, 1, 1, 3.881, 3.922, 3.979, 3.958, 
3.951, 4.121, 4.015, 4.13, 4.402, 4.574, 4.479), .Dim = c(11L, 
40L), .Dimnames = list(NULL, c("Sampling", "PSO.cost", "PSO.gamma", 
"PSO.data.balancing", "PSO.feature.selection", "PSO.valid.acc", 
"PSO.test.acc", "PSO.train.time", "PSO.n.support.vectors", "PSO.index", 
"PSO.n.solutions", "PSO.generations", "PSO.n.evaluations", "PSO.cpu.time", 
"RS.cost", "RS.gamma", "RS.data.balancing", "RS.feature.selection", 
"RS.valid.acc", "RS.test.acc", "RS.train.time", "RS.n.support.vectors", 
"RS.index", "RS.n.solutions", "RS.generations", "RS.n.evaluations", 
"RS.cpu.time", "DF.cost", "DF.gamma", "DF.data.balancing", "DF.feature.selection", 
"DF.valid.acc", "DF.test.acc", "DF.train.time", "DF.n.support.vectors", 
"DF.index", "DF.n.solutions", "DF.generations", "DF.n.evaluations", 
"DF.cpu.time")))
