full <-
structure(c(50, 55, 60, 65, 70, 75, 80, 85, 90, 95, 100, 0.54227, 
10.79067, 4.72949, 10.21466, 3.86708, 6.27583, 5.06117, -0.01525, 
6.29435, 5.3018, 10.45397, -3.98314, -14.79065, -7.66031, -14.50022, 
-9.48418, -11.08994, -10.04967, -4.72337, -11.21571, -10.15496, 
-15, 0, 0, 0, 0, 0, 0, 0, 0, 0, 0, 0, 0, 0, 0, 0, 0, 0, 0, 0, 
0, 0, 0, 0.20509, 0.21981, 0.19775, 0.21048, 0.2049, 0.22952, 
0.20886, 0.20306, 0.19569, 0.19556, 0.18713, 0.1876, 0.20595, 
0.17636, 0.19599, 0.16899, 0.22243, 0.1838, 0.16935, 0.19357, 
0.18282, 0.19109, 0.0369, 0.04, 0.0452, 0.051, 0.0587, 0.0658, 
0.0705, 0.0807, 0.0905, 0.1051, 0.109, 222, 244.7, 265.9, 289.3, 
312, 334.3, 356.8, 379.2, 401.5, 423.8, 444.6, 2483, 434, 547, 
80, 438, 153, 225, 1045, 2135, 6, 672, 1, 24, 35, 64, 36, 76, 
37, 4, 1, 51, 105, 100, 100, 100, 100, 100, 100, 100, 100, 100, 
100, 100, 2500, 2500, 2500, 2500, 2500, 2500, 2500, 2500, 2500, 
2500, 2500, 7314.925, 7638.391, 7633.057, 7792.592, 7550.81400000001, 
7867.17999999999, 7917.887, 8742.163, 8890.74100000001, 9070.06999999998, 
9112.37299999999, 4.2057, 2.28001, 9.55928, 0.034, 0.41338, 8.9009, 
7.27517, -0.19065, -1.18464, 5.01294, 0.89268, -7.77871, -5.75002, 
-12.80384, -3.51706, -5.94664, -13.75647, -12.27072, -4.59186, 
-2.72673, -9.85772, -5.31404, 0, 0, 0, 0, 0, 0, 0, 0, 0, 0, 0, 
0, 0, 0, 0, 0, 0, 0, 0, 0, 0, 0, 0.1982, 0.21636, 0.20042, 0.21581, 
0.2049, 0.22952, 0.20886, 0.19885, 0.19549, 0.19556, 0.18895, 
0.19501, 0.17993, 0.18215, 0.18772, 0.16899, 0.21993, 0.1838, 
0.18208, 0.19733, 0.18282, 0.18573, 0.0372, 0.0423, 0.0451, 0.0501, 
0.0572, 0.0643, 0.0778, 0.0815, 0.0908, 0.0989, 0.1106, 221.7, 
244.4, 266.2, 289.2, 312, 334.3, 356.8, 379.2, 401.6, 423.8, 
444.7, 577, 2312, 1663, 636, 969, 258, 9, 1775, 989, 552, 468, 
1, 1, 1, 1, 2, 11, 4, 1, 1, 2, 1, 100, 100, 100, 100, 100, 100, 
100, 100, 100, 100, 100, 2500, 2500, 2500, 2500, 2500, 2500, 
2500, 2500, 2500, 2500, 2500, 7758.811, 8026.676, 8263.54399999999, 
8206.328, 8548.523, 8871.06, 9170.482, 10012.274, 10306.325, 
10789.917, 11299.972, 1, 1, 1, 1, 1, 1, 1, 1, 1, 1, 1, 0.25, 
0.25, 0.25, 0.25, 0.25, 0.25, 0.25, 0.25, 0.25, 0.25, 0.25, 0, 
0, 0, 0, 0, 0, 0, 0, 0, 0, 0, 0, 0, 0, 0, 0, 0, 0, 0, 0, 0, 0, 
0.16235, 0.18002, 0.14979, 0.17681, 0.14321, 0.16229, 0.16854, 
0.12008, 0.15727, 0.14482, 0.12061, 0.19131, 0.16316, 0.16084, 
0.1817, 0.15906, 0.17416, 0.15239, 0.11636, 0.13737, 0.12623, 
0.13158, 0.036, 0.0422, 0.0475, 0.0512, 0.0592, 0.0647, 0.0727, 
0.0826, 0.0936, 0.1003, 0.1121, 222.2, 244.4, 266.9, 288.8, 311.8, 
334.1, 356.7, 379.2, 401.4, 423.8, 444.7, 1, 1, 1, 1, 1, 1, 1, 
1, 1, 1, 1, 1, 1, 1, 1, 1, 1, 1, 1, 1, 1, 1, 1, 1, 1, 1, 1, 1, 
1, 1, 1, 1, 1, 1, 1, 1, 1, 1, 1, 1, 1, 1, 1, 1, 2.897, 3.024, 
3.014, 2.9, 3.018, 3.041, 3.099, 3.391, 3.508, 3.476, 3.636), .Dim = c(11L, 
40L), .Dimnames = list(NULL, c("Sampling", "PSO.cost", "PSO.gamma", 
"PSO.data.balancing", "PSO.feature.selection", "PSO.valid.acc", 
"PSO.test.acc", "PSO.train.time", "PSO.n.support.vectors", "PSO.index", 
"PSO.n.solutions", "PSO.generations", "PSO.n.evaluations", "PSO.cpu.time", 
"RS.cost", "RS.gamma", "RS.data.balancing", "RS.feature.selection", 
"RS.valid.acc", "RS.test.acc", "RS.train.time", "RS.n.support.vectors", 
"RS.index", "RS.n.solutions", "RS.generations", "RS.n.evaluations", 
"RS.cpu.time", "DF.cost", "DF.gamma", "DF.data.balancing", "DF.feature.selection", 
"DF.valid.acc", "DF.test.acc", "DF.train.time", "DF.n.support.vectors", 
"DF.index", "DF.n.solutions", "DF.generations", "DF.n.evaluations", 
"DF.cpu.time")))
