full <-
structure(c(50, 55, 60, 65, 70, 75, 80, 85, 90, 95, 100, 5.1355, 
-1.19823, -1.46065, 1.78066, -1.21166, 5.83227, 1.0931, 6.06863, 
6.13011, 8.8368, 3.4523, -9.60822, -2.18909, 2.94256, -5.65861, 
-2.64749, -10.95426, -5.38713, -10.42378, -10.93173, -13.69197, 
-7.8794, 0, 0, 0, 0, 0, 0, 0, 0, 0, 0, 0, 0, 0, 0, 0, 0, 0, 0, 
0, 0, 0, 0, 0.21525, 0.2088, 0.20687, 0.20689, 0.21061, 0.22739, 
0.21792, 0.20263, 0.20148, 0.19811, 0.21954, 0.20796, 0.20892, 
0.19769, 0.20967, 0.18178, 0.22019, 0.22035, 0.19802, 0.18744, 
0.19459, 0.20892, 0.0372, 0.0428, 0.0503, 0.0538, 0.0601, 0.0646, 
0.0772, 0.0885, 0.0961, 0.0957, 0.1173, 222.2, 244.8, 267.2, 
289.2, 311.7, 334.3, 356.5, 379.2, 401.6, 424, 444.8, 837, 1257, 
18, 238, 857, 429, 466, 611, 689, 1723, 1663, 44, 20, 2145, 45, 
48, 93, 62, 12, 48, 8, 34, 100, 100, 100, 100, 100, 100, 100, 
100, 100, 100, 100, 2500, 2500, 2500, 2500, 2500, 2500, 2500, 
2500, 2500, 2500, 2500, 7709.546, 7911.075, 7720.678, 7861.251, 
8585.93, 8274.32699999999, 8465.959, 8710.591, 8706.31200000001, 
8853.33599999998, 9348.658, 1.98375, 5.70035, -1.67781, 11.03835, 
6.55713, 9.19433, 0.32573, 5.97166, 7.12051, 7.45591, 8.76438, 
-6.39716, -10.13842, 2.62847, -14.94657, -11.63462, -14.31558, 
-4.50059, -10.34707, -11.93984, -12.31164, -13.21984, 0, 0, 0, 
0, 0, 0, 0, 0, 0, 0, 0, 0, 0, 0, 0, 0, 0, 0, 0, 0, 0, 0, 0.21525, 
0.20858, 0.20687, 0.20696, 0.2054, 0.22739, 0.21792, 0.20055, 
0.19952, 0.19811, 0.2195, 0.20796, 0.21183, 0.19769, 0.20411, 
0.19211, 0.22019, 0.21797, 0.19593, 0.18953, 0.19459, 0.21074, 
0.0375, 0.0427, 0.0485, 0.0529, 0.0591, 0.0672, 0.0761, 0.0858, 
0.0949, 0.0983, 0.1159, 222.3, 244.8, 267.2, 289.2, 312, 334.3, 
356.5, 379.2, 401.6, 424, 444.8, 1524, 1561, 54, 434, 1143, 79, 
2314, 1198, 1098, 55, 782, 1, 2, 15, 2, 2, 2, 1, 2, 1, 1, 1, 
100, 100, 100, 100, 100, 100, 100, 100, 100, 100, 100, 2500, 
2500, 2500, 2500, 2500, 2500, 2500, 2500, 2500, 2500, 2500, 8140.827, 
8375.774, 8414.886, 8884.558, 9094.08100000001, 9465.719, 9715.349, 
9994.08400000002, 10502.948, 11054.939, 11506.64, 1, 1, 1, 1, 
1, 1, 1, 1, 1, 1, 1, 0.25, 0.25, 0.25, 0.25, 0.25, 0.25, 0.25, 
0.25, 0.25, 0.25, 0.25, 0, 0, 0, 0, 0, 0, 0, 0, 0, 0, 0, 0, 0, 
0, 0, 0, 0, 0, 0, 0, 0, 0, 0.14811, 0.15015, 0.15199, 0.149, 
0.14901, 0.1535, 0.1431, 0.13494, 0.12757, 0.14545, 0.1461, 0.18003, 
0.15335, 0.14255, 0.15718, 0.15063, 0.14135, 0.13879, 0.14975, 
0.11953, 0.138, 0.14215, 0.0375, 0.0414, 0.0495, 0.0532, 0.0586, 
0.0701, 0.0763, 0.0879, 0.0961, 0.0977, 0.1053, 222.3, 244.7, 
267.1, 289.4, 311.5, 334.3, 356.6, 379.1, 401.6, 423.9, 444.5, 
1, 1, 1, 1, 1, 1, 1, 1, 1, 1, 1, 1, 1, 1, 1, 1, 1, 1, 1, 1, 1, 
1, 1, 1, 1, 1, 1, 1, 1, 1, 1, 1, 1, 1, 1, 1, 1, 1, 1, 1, 1, 1, 
1, 1, 3.095, 2.928, 3.191, 3.208, 3.038, 3.327, 3.306, 3.437, 
3.504, 3.416, 3.463), .Dim = c(11L, 40L), .Dimnames = list(NULL, 
    c("Sampling", "PSO.cost", "PSO.gamma", "PSO.data.balancing", 
    "PSO.feature.selection", "PSO.valid.acc", "PSO.test.acc", 
    "PSO.train.time", "PSO.n.support.vectors", "PSO.index", "PSO.n.solutions", 
    "PSO.generations", "PSO.n.evaluations", "PSO.cpu.time", "RS.cost", 
    "RS.gamma", "RS.data.balancing", "RS.feature.selection", 
    "RS.valid.acc", "RS.test.acc", "RS.train.time", "RS.n.support.vectors", 
    "RS.index", "RS.n.solutions", "RS.generations", "RS.n.evaluations", 
    "RS.cpu.time", "DF.cost", "DF.gamma", "DF.data.balancing", 
    "DF.feature.selection", "DF.valid.acc", "DF.test.acc", "DF.train.time", 
    "DF.n.support.vectors", "DF.index", "DF.n.solutions", "DF.generations", 
    "DF.n.evaluations", "DF.cpu.time")))
