full <-
structure(c(50, 55, 60, 65, 70, 75, 80, 85, 90, 95, 100, 15, 
3.46603, 6.98176, 3.59375, 7.62234, 5.54049, -2, 2.49941, 8.78964, 
4.70803, -2, -13.62629, -8.14176, -11.82051, -6.87305, -12.29854, 
-10.38956, -2.88371, -6.8662, -13.15797, -12.93367, -2.44101, 
0, 0, 0, 0, 0, 0, 0, 0, 0, 0, 0, 0, 0, 0, 0, 0, 0, 0, 0, 0, 0, 
0, 0.21355, 0.18563, 0.20043, 0.21272, 0.19411, 0.21033, 0.21298, 
0.19183, 0.20157, 0.19244, 0.19058, 0.1578, 0.18218, 0.18858, 
0.18215, 0.19439, 0.19681, 0.19949, 0.17929, 0.17354, 0.19244, 
0.17262, 0.1181, 0.0409, 0.0474, 0.0531, 0.0594, 0.066, 0.0744, 
0.0825, 0.0912, 0.1033, 0.1116, 219.4, 244.8, 267.2, 289.3, 312, 
334.3, 356.8, 379.2, 401.6, 423.9, 444.8, 1937, 1049, 414, 379, 
1978, 473, 2020, 190, 2169, 4, 2093, 4, 38, 32, 35, 4, 81, 2, 
83, 1, 2046, 3, 100, 100, 100, 100, 100, 100, 100, 100, 100, 
100, 100, 2500, 2500, 2500, 2500, 2500, 2500, 2500, 2500, 2500, 
2500, 2500, 8700.028, 7785.213, 7753.923, 8089.047, 8095.09599999999, 
8374.28899999999, 8600.5, 8826.20899999999, 9285.68899999998, 
9348.54399999999, 9966.266, 14.3985, 3.0892, 7.2918, 1.09098, 
8.96137, 9.39032, 3.3223, 5.43545, 8.93578, 2.84776, -1.99409, 
-12.86898, -3.73749, -12.13702, -4.01327, -12.4999, -14.24491, 
-9.03288, -9.82496, -13.29419, -13.4465, -2.40112, 0, 0, 0, 0, 
0, 0, 0, 0, 0, 0, 0, 0, 0, 0, 0, 0, 0, 0, 0, 0, 0, 0, 0.20613, 
0.19361, 0.20043, 0.20693, 0.19176, 0.21033, 0.21071, 0.19183, 
0.2015, 0.19244, 0.18876, 0.15767, 0.16368, 0.18858, 0.18223, 
0.18216, 0.19681, 0.19045, 0.17716, 0.17354, 0.19244, 0.17801, 
0.1163, 0.0451, 0.0468, 0.0532, 0.0601, 0.0648, 0.0739, 0.083, 
0.0956, 0.1047, 0.1111, 219.5, 244.1, 267.2, 289.4, 311.7, 334.3, 
356.8, 379.2, 401.5, 423.9, 444.8, 2309, 1480, 1342, 651, 1141, 
213, 727, 17, 1051, 2, 1587, 1, 1, 4, 1, 1, 2, 4, 3, 1, 537, 
1, 100, 100, 100, 100, 100, 100, 100, 100, 100, 100, 100, 2500, 
2500, 2500, 2500, 2500, 2500, 2500, 2500, 2500, 2500, 2500, 7965.058, 
8175.141, 8509.167, 8774.67999999999, 9035.499, 9336.909, 9838.645, 
10417.322, 11015.355, 11778.351, 11967.807, 1, 1, 1, 1, 1, 1, 
1, 1, 1, 1, 1, 0.25, 0.25, 0.25, 0.25, 0.25, 0.25, 0.25, 0.25, 
0.25, 0.25, 0.25, 0, 0, 0, 0, 0, 0, 0, 0, 0, 0, 0, 0, 0, 0, 0, 
0, 0, 0, 0, 0, 0, 0, 0.17751, 0.14786, 0.17672, 0.1929, 0.15347, 
0.16009, 0.15217, 0.14985, 0.16335, 0.1262, 0.13265, 0.15632, 
0.16432, 0.15256, 0.20161, 0.15643, 0.17249, 0.13687, 0.15601, 
0.14549, 0.14689, 0.12735, 0.0365, 0.0428, 0.0472, 0.0533, 0.0599, 
0.0692, 0.0749, 0.0878, 0.0953, 0.1025, 0.1127, 222.4, 244.6, 
267.1, 289.6, 312, 334.4, 356.7, 379.2, 401.6, 423.9, 444.7, 
1, 1, 1, 1, 1, 1, 1, 1, 1, 1, 1, 1, 1, 1, 1, 1, 1, 1, 1, 1, 1, 
1, 1, 1, 1, 1, 1, 1, 1, 1, 1, 1, 1, 1, 1, 1, 1, 1, 1, 1, 1, 1, 
1, 1, 3.038, 3.02, 3.087, 3.156, 3.175, 3.291, 3.357, 3.546, 
3.652, 3.725, 3.859), .Dim = c(11L, 40L), .Dimnames = list(NULL, 
    c("Sampling", "PSO.cost", "PSO.gamma", "PSO.data.balancing", 
    "PSO.feature.selection", "PSO.valid.acc", "PSO.test.acc", 
    "PSO.train.time", "PSO.n.support.vectors", "PSO.index", "PSO.n.solutions", 
    "PSO.generations", "PSO.n.evaluations", "PSO.cpu.time", "RS.cost", 
    "RS.gamma", "RS.data.balancing", "RS.feature.selection", 
    "RS.valid.acc", "RS.test.acc", "RS.train.time", "RS.n.support.vectors", 
    "RS.index", "RS.n.solutions", "RS.generations", "RS.n.evaluations", 
    "RS.cpu.time", "DF.cost", "DF.gamma", "DF.data.balancing", 
    "DF.feature.selection", "DF.valid.acc", "DF.test.acc", "DF.train.time", 
    "DF.n.support.vectors", "DF.index", "DF.n.solutions", "DF.generations", 
    "DF.n.evaluations", "DF.cpu.time")))
