full <-
structure(c(50, 55, 60, 65, 70, 75, 80, 85, 90, 95, 100, 2.04832, 
9.11977, 10.42404, 5.81109, 2.82666, 4.64069, -1.83563, 0.83605, 
10.8676, 3.23131, 4.84412, -6.5663, -14.62297, -15, -10.36415, 
-7.52787, -12.45676, -2.54609, -13.62369, -15, -7.60157, -9.30142, 
0, 0, 0, 0, 0, 0, 0, 0, 0, 0, 0, 0, 0, 0, 0, 0, 0, 0, 0, 0, 0, 
0, 0.21907, 0.18618, 0.21823, 0.19574, 0.21027, 0.1938, 0.19505, 
0.19199, 0.1914, 0.2056, 0.1923, 0.19441, 0.18638, 0.20002, 0.17898, 
0.17975, 0.1938, 0.18616, 0.19199, 0.16926, 0.17184, 0.17252, 
0.0348, 0.0414, 0.045, 0.0503, 0.0591, 0.0652, 0.0763, 0.0823, 
0.0928, 0.0987, 0.1112, 222.2, 244.6, 267.1, 289.4, 311.9, 334.4, 
356.8, 378.9, 401.6, 423.9, 444.7, 348, 376, 256, 134, 931, 9, 
72, 3, 30, 247, 885, 63, 58, 54, 63, 25, 2068, 81, 2077, 127, 
30, 12, 100, 100, 100, 100, 100, 100, 100, 100, 100, 100, 100, 
2500, 2500, 2500, 2500, 2500, 2500, 2500, 2500, 2500, 2500, 2500, 
7204.76, 7385.43, 7742.743, 7424.347, 7821.624, 7843.961, 8201.592, 
8373.802, 9006.497, 9216.03199999998, 9234.462, 3.27731, 4.88643, 
3.63298, -0.86174, 7.94278, 6.45685, -1.7651, -0.81994, 3.96914, 
0.8682, 7.46745, -7.83864, -10.3767, -8.19783, -3.13126, -12.68844, 
-14.32272, -2.7515, -10.19588, -8.08884, -5.07504, -11.9374, 
0, 0, 0, 0, 0, 0, 0, 0, 0, 0, 0, 0, 0, 0, 0, 0, 0, 0, 0, 0, 0, 
0, 0.21907, 0.18618, 0.21823, 0.19853, 0.20527, 0.1938, 0.19505, 
0.19199, 0.1914, 0.20567, 0.1923, 0.19084, 0.18638, 0.20002, 
0.17333, 0.17975, 0.1938, 0.18616, 0.19199, 0.16926, 0.16622, 
0.17252, 0.0337, 0.0391, 0.0472, 0.0499, 0.0588, 0.0662, 0.0751, 
0.0832, 0.0899, 0.0946, 0.1065, 222.2, 244.6, 267.1, 289.5, 311.9, 
334.4, 356.8, 379, 401.6, 423.9, 444.7, 1084, 234, 383, 103, 
1850, 2, 1162, 5, 1176, 628, 623, 3, 4, 3, 1, 1, 573, 1, 483, 
3, 1, 1, 100, 100, 100, 100, 100, 100, 100, 100, 100, 100, 100, 
2500, 2500, 2500, 2500, 2500, 2500, 2500, 2500, 2500, 2500, 2500, 
7648.366, 7928.492, 8179.622, 8228.026, 8671.164, 9012.747, 9664.94100000001, 
10192.931, 10252.523, 10671.475, 11668.259, 1, 1, 1, 1, 1, 1, 
1, 1, 1, 1, 1, 0.25, 0.25, 0.25, 0.25, 0.25, 0.25, 0.25, 0.25, 
0.25, 0.25, 0.25, 0, 0, 0, 0, 0, 0, 0, 0, 0, 0, 0, 0, 0, 0, 0, 
0, 0, 0, 0, 0, 0, 0, 0.1538, 0.13723, 0.15531, 0.11065, 0.12819, 
0.13362, 0.13924, 0.13133, 0.14942, 0.13039, 0.13849, 0.15023, 
0.15003, 0.16118, 0.12438, 0.11516, 0.12444, 0.1346, 0.12251, 
0.14342, 0.14531, 0.14379, 0.0344, 0.0425, 0.0451, 0.0506, 0.0579, 
0.0682, 0.0774, 0.0877, 0.0955, 0.0969, 0.1129, 222.1, 244.4, 
267.2, 289.6, 311.9, 334.3, 356.7, 379.1, 401.5, 424, 444.7, 
1, 1, 1, 1, 1, 1, 1, 1, 1, 1, 1, 1, 1, 1, 1, 1, 1, 1, 1, 1, 1, 
1, 1, 1, 1, 1, 1, 1, 1, 1, 1, 1, 1, 1, 1, 1, 1, 1, 1, 1, 1, 1, 
1, 1, 2.742, 3.032, 2.877, 2.87, 2.976, 3.241, 3.345, 3.484, 
3.59, 3.313, 3.711), .Dim = c(11L, 40L), .Dimnames = list(NULL, 
    c("Sampling", "PSO.cost", "PSO.gamma", "PSO.data.balancing", 
    "PSO.feature.selection", "PSO.valid.acc", "PSO.test.acc", 
    "PSO.train.time", "PSO.n.support.vectors", "PSO.index", "PSO.n.solutions", 
    "PSO.generations", "PSO.n.evaluations", "PSO.cpu.time", "RS.cost", 
    "RS.gamma", "RS.data.balancing", "RS.feature.selection", 
    "RS.valid.acc", "RS.test.acc", "RS.train.time", "RS.n.support.vectors", 
    "RS.index", "RS.n.solutions", "RS.generations", "RS.n.evaluations", 
    "RS.cpu.time", "DF.cost", "DF.gamma", "DF.data.balancing", 
    "DF.feature.selection", "DF.valid.acc", "DF.test.acc", "DF.train.time", 
    "DF.n.support.vectors", "DF.index", "DF.n.solutions", "DF.generations", 
    "DF.n.evaluations", "DF.cpu.time")))
