full <-
structure(c(50, 55, 60, 65, 70, 75, 80, 85, 90, 95, 100, 6.27675, 
-1.43484, 5.03618, 10.18571, 5.28666, -1.46165, -0.08114, 1.12547, 
4.78467, 1.625, 9.00202, -9.6037, -3.69972, -10.60096, -15, -9.98007, 
-2.38147, -4.63993, -10.44457, -8.77243, -5.73462, -15, 0, 0, 
0, 0, 0, 0, 0, 0, 0, 0, 0, 0, 0, 0, 0, 0, 0, 0, 0, 0, 0, 0, 0.20844, 
0.20599, 0.20053, 0.21236, 0.20783, 0.19835, 0.2068, 0.18792, 
0.19303, 0.19817, 0.19242, 0.16143, 0.19556, 0.19153, 0.17377, 
0.20311, 0.18656, 0.16608, 0.18792, 0.15322, 0.18848, 0.18521, 
0.036, 0.0409, 0.0473, 0.0546, 0.0588, 0.0708, 0.0784, 0.08, 
0.0956, 0.1034, 0.1153, 222.2, 244.8, 266.7, 289.1, 311.8, 334.4, 
356.8, 379.2, 401.6, 424, 444.8, 295, 549, 879, 904, 120, 1971, 
1195, 3, 891, 1263, 190, 33, 26, 21, 54, 62, 12, 33, 2023, 12, 
42, 115, 100, 100, 100, 100, 100, 100, 100, 100, 100, 100, 100, 
2500, 2500, 2500, 2500, 2500, 2500, 2500, 2500, 2500, 2500, 2500, 
7685.755, 7758.596, 7931.044, 8092.488, 8147.195, 8199.459, 8538.52899999999, 
8614.51300000001, 9049.25, 10315.641, 10016.236, -1.42534, -0.30532, 
6.98836, 6.35335, 2.72321, -1.05037, 7.8968, 1.30141, 8.04134, 
1.55276, 8.75205, -2.36703, -5.11289, -12.56054, -11.16363, -7.3911, 
-2.54451, -12.84103, -9.00127, -11.75636, -5.59691, -14.71753, 
0, 0, 0, 0, 0, 0, 0, 0, 0, 0, 0, 0, 0, 0, 0, 0, 0, 0, 0, 0, 0, 
0, 0.20878, 0.20599, 0.20053, 0.21236, 0.20783, 0.19348, 0.20225, 
0.18792, 0.19303, 0.19628, 0.19242, 0.18337, 0.19556, 0.19153, 
0.17377, 0.20311, 0.16745, 0.1684, 0.18792, 0.15315, 0.19041, 
0.18521, 0.0342, 0.0426, 0.0477, 0.051, 0.0604, 0.0673, 0.0748, 
0.0821, 0.0924, 0.1065, 0.1109, 222.4, 244.8, 266.8, 289.1, 311.8, 
334.4, 356.8, 379.2, 401.6, 424, 444.8, 1385, 1206, 54, 600, 
729, 92, 896, 12, 1623, 180, 72, 1, 1, 3, 3, 2, 1, 2, 485, 2, 
1, 3, 100, 100, 100, 100, 100, 100, 100, 100, 100, 100, 100, 
2500, 2500, 2500, 2500, 2500, 2500, 2500, 2500, 2500, 2500, 2500, 
8077.386, 8368.188, 8472.412, 8544.25900000001, 9067.24699999999, 
9250.739, 9653.72600000001, 10366.915, 10684.449, 11820.976, 
12069.283, 1, 1, 1, 1, 1, 1, 1, 1, 1, 1, 1, 0.25, 0.25, 0.25, 
0.25, 0.25, 0.25, 0.25, 0.25, 0.25, 0.25, 0.25, 0, 0, 0, 0, 0, 
0, 0, 0, 0, 0, 0, 0, 0, 0, 0, 0, 0, 0, 0, 0, 0, 0, 0.17265, 0.15324, 
0.12585, 0.14281, 0.16692, 0.14828, 0.14838, 0.10111, 0.12538, 
0.11891, 0.12575, 0.13704, 0.1471, 0.13137, 0.11603, 0.17496, 
0.14834, 0.14394, 0.12035, 0.12138, 0.11692, 0.13452, 0.0343, 
0.0438, 0.048, 0.0539, 0.058, 0.0691, 0.075, 0.089, 0.0928, 0.0997, 
0.113, 222.3, 244.8, 267.2, 289.1, 311.8, 334.4, 356.8, 378.9, 
401.3, 424, 444.8, 1, 1, 1, 1, 1, 1, 1, 1, 1, 1, 1, 1, 1, 1, 
1, 1, 1, 1, 1, 1, 1, 1, 1, 1, 1, 1, 1, 1, 1, 1, 1, 1, 1, 1, 1, 
1, 1, 1, 1, 1, 1, 1, 1, 1, 3.04, 3.128, 3.17, 3.099, 3, 3.254, 
3.292, 3.58, 3.616, 3.609, 3.937), .Dim = c(11L, 40L), .Dimnames = list(
    NULL, c("Sampling", "PSO.cost", "PSO.gamma", "PSO.data.balancing", 
    "PSO.feature.selection", "PSO.valid.acc", "PSO.test.acc", 
    "PSO.train.time", "PSO.n.support.vectors", "PSO.index", "PSO.n.solutions", 
    "PSO.generations", "PSO.n.evaluations", "PSO.cpu.time", "RS.cost", 
    "RS.gamma", "RS.data.balancing", "RS.feature.selection", 
    "RS.valid.acc", "RS.test.acc", "RS.train.time", "RS.n.support.vectors", 
    "RS.index", "RS.n.solutions", "RS.generations", "RS.n.evaluations", 
    "RS.cpu.time", "DF.cost", "DF.gamma", "DF.data.balancing", 
    "DF.feature.selection", "DF.valid.acc", "DF.test.acc", "DF.train.time", 
    "DF.n.support.vectors", "DF.index", "DF.n.solutions", "DF.generations", 
    "DF.n.evaluations", "DF.cpu.time")))
