full <-
structure(c(50, 55, 60, 65, 70, 75, 80, 85, 90, 95, 100, 5.44407, 
6.25607, -1.72002, 4.13485, 5.36916, 4.56026, 3.3768, 0.20383, 
3.92175, 7.80526, 10.34199, -10.02037, -10.66722, -0.21979, -8.13346, 
-9.39298, -9.84645, -7.63613, -4.04388, -8.24145, -11.99949, 
-14.59034, 0, 0, 0, 0, 0, 0, 0, 0, 0, 0, 0, 0, 0, 0, 0, 0, 0, 
0, 0, 0, 0, 0, 0.21968, 0.21541, 0.20377, 0.2074, 0.19746, 0.19616, 
0.20877, 0.20877, 0.20378, 0.18682, 0.19566, 0.20523, 0.19927, 
0.20377, 0.17683, 0.18153, 0.18686, 0.19074, 0.18111, 0.18337, 
0.17176, 0.19384, 0.036, 0.0413, 0.0471, 0.0529, 0.0592, 0.0666, 
0.0742, 0.0821, 0.0919, 0.1004, 0.1107, 222.4, 244.6, 267.2, 
289.6, 311.9, 334.4, 356.5, 379.1, 401.5, 423.9, 444.6, 243, 
1251, 5, 1308, 862, 83, 59, 927, 318, 86, 636, 81, 38, 1905, 
39, 7, 58, 51, 49, 6, 52, 29, 100, 100, 100, 100, 100, 100, 100, 
100, 100, 100, 100, 2500, 2500, 2500, 2500, 2500, 2500, 2500, 
2500, 2500, 2500, 2500, 7694.187, 7783.66, 7951.662, 8189.281, 
8370.746, 8416.44, 8668.91900000001, 9225.91900000001, 9370.45600000001, 
9421.51999999999, 9983.35299999997, 0.87419, 7.02226, 0.76875, 
10.50145, 10.63722, 2.21176, 1.40857, 5.45123, 6.31413, 7.84834, 
6.12545, -5.29878, -11.41692, -13.64666, -14.48742, -14.71822, 
-7.4652, -5.54822, -9.68414, -10.66383, -12.03776, -10.37195, 
0, 0, 0, 0, 0, 0, 0, 0, 0, 0, 0, 0, 0, 0, 0, 0, 0, 0, 0, 0, 0, 
0, 0.21968, 0.21541, 0.20377, 0.20447, 0.1974, 0.19616, 0.20877, 
0.20872, 0.20178, 0.18682, 0.19566, 0.20523, 0.19927, 0.20377, 
0.17683, 0.1766, 0.18686, 0.18847, 0.18133, 0.18144, 0.17176, 
0.19384, 0.036, 0.0409, 0.046, 0.0524, 0.0592, 0.0657, 0.0737, 
0.0818, 0.0919, 0.1009, 0.11, 222.4, 244.6, 266.9, 289.6, 311.9, 
334.4, 356.5, 379, 401.5, 423.9, 444.6, 1865, 959, 3, 1560, 531, 
876, 395, 1960, 1970, 1371, 76, 1, 2, 611, 1, 2, 1, 4, 2, 1, 
1, 5, 100, 100, 100, 100, 100, 100, 100, 100, 100, 100, 100, 
2500, 2500, 2500, 2500, 2500, 2500, 2500, 2500, 2500, 2500, 2500, 
8085.137, 8317.534, 8640.88, 8997.81100000001, 9091.348, 9601.2, 
9790.79300000001, 10383.154, 10863.085, 11355.669, 11915.802, 
1, 1, 1, 1, 1, 1, 1, 1, 1, 1, 1, 0.25, 0.25, 0.25, 0.25, 0.25, 
0.25, 0.25, 0.25, 0.25, 0.25, 0.25, 0, 0, 0, 0, 0, 0, 0, 0, 0, 
0, 0, 0, 0, 0, 0, 0, 0, 0, 0, 0, 0, 0, 0.17305, 0.15474, 0.15266, 
0.13237, 0.16667, 0.13168, 0.14351, 0.16625, 0.13797, 0.12241, 
0.12941, 0.15851, 0.14773, 0.16514, 0.15461, 0.1358, 0.12674, 
0.14549, 0.14338, 0.13782, 0.14331, 0.15116, 0.0361, 0.0412, 
0.048, 0.053, 0.0597, 0.0676, 0.0744, 0.0826, 0.093, 0.1027, 
0.1121, 222.2, 244.6, 266.9, 289.6, 311.8, 334, 356.4, 379.1, 
401.5, 423.9, 444.7, 1, 1, 1, 1, 1, 1, 1, 1, 1, 1, 1, 1, 1, 1, 
1, 1, 1, 1, 1, 1, 1, 1, 1, 1, 1, 1, 1, 1, 1, 1, 1, 1, 1, 1, 1, 
1, 1, 1, 1, 1, 1, 1, 1, 1, 3.053, 3.101, 3.166, 3.209, 3.277, 
3.369, 3.44, 3.526, 3.584, 3.627, 3.773), .Dim = c(11L, 40L), .Dimnames = list(
    NULL, c("Sampling", "PSO.cost", "PSO.gamma", "PSO.data.balancing", 
    "PSO.feature.selection", "PSO.valid.acc", "PSO.test.acc", 
    "PSO.train.time", "PSO.n.support.vectors", "PSO.index", "PSO.n.solutions", 
    "PSO.generations", "PSO.n.evaluations", "PSO.cpu.time", "RS.cost", 
    "RS.gamma", "RS.data.balancing", "RS.feature.selection", 
    "RS.valid.acc", "RS.test.acc", "RS.train.time", "RS.n.support.vectors", 
    "RS.index", "RS.n.solutions", "RS.generations", "RS.n.evaluations", 
    "RS.cpu.time", "DF.cost", "DF.gamma", "DF.data.balancing", 
    "DF.feature.selection", "DF.valid.acc", "DF.test.acc", "DF.train.time", 
    "DF.n.support.vectors", "DF.index", "DF.n.solutions", "DF.generations", 
    "DF.n.evaluations", "DF.cpu.time")))
