full <-
structure(c(50, 55, 60, 65, 70, 75, 80, 85, 90, 95, 100, 6.0629, 
2.4442, 8.2626, 4.06246, 9.50662, 5.29514, 3.63903, 8.62762, 
7.26827, -1.75024, 8.77575, -10.61026, -6.96592, -12.23285, -7.64122, 
-13.77563, -8.05658, -8.37742, -13.57665, -10.87664, -10.71868, 
-13.55286, 0, 0, 0, 0, 0, 0, 0, 0, 0, 0, 0, 0, 0, 0, 0, 0, 0, 
0, 0, 0, 0, 0, 0.22761, 0.2259, 0.21365, 0.21314, 0.21514, 0.22795, 
0.20795, 0.2091, 0.19715, 0.1888, 0.19799, 0.20932, 0.21942, 
0.20261, 0.1994, 0.20515, 0.18205, 0.20374, 0.18582, 0.17115, 
0.19058, 0.189, 0.0363, 0.0419, 0.0479, 0.0542, 0.0606, 0.069, 
0.0748, 0.0848, 0.0922, 0.1034, 0.1147, 222.1, 244.4, 266.9, 
289.1, 311.8, 333.5, 356.8, 379.2, 401.4, 423.9, 444.7, 433, 
320, 542, 333, 406, 50, 1130, 873, 398, 5, 1246, 8, 27, 7, 50, 
49, 82, 10, 43, 31, 2112, 4, 100, 100, 100, 100, 100, 100, 100, 
100, 100, 100, 100, 2500, 2500, 2500, 2500, 2500, 2500, 2500, 
2500, 2500, 2500, 2500, 7887.87, 8048.797, 8263.775, 8445.974, 
8841.728, 9144.323, 9230.458, 9332.48100000001, 9435.33599999998, 
8902.77900000001, 9831.64800000002, 0.77185, 0.84094, 7.82006, 
10.25115, 6.42748, 6.36342, -1.37515, 6.25528, 11.07413, -1.72643, 
0.51502, -5.16521, -5.31754, -11.79324, -13.85001, -10.6972, 
-9.09736, -2.19391, -11.19468, -14.68627, 0.64385, -5.17019, 
0, 0, 0, 0, 0, 0, 0, 0, 0, 0, 0, 0, 0, 0, 0, 0, 0, 0, 0, 0, 0, 
0, 0.22761, 0.22277, 0.21365, 0.21314, 0.21514, 0.22795, 0.20784, 
0.20705, 0.19715, 0.19066, 0.19971, 0.20932, 0.21963, 0.20261, 
0.1994, 0.20515, 0.18205, 0.1949, 0.18582, 0.17115, 0.18866, 
0.19082, 0.0361, 0.0412, 0.0469, 0.0539, 0.0596, 0.0679, 0.0749, 
0.084, 0.0866, 0.1089, 0.1099, 222.1, 244.4, 266.9, 289.2, 311.8, 
333.5, 356.8, 379.2, 401.3, 424, 444.7, 169, 2313, 760, 1470, 
1153, 552, 214, 100, 1221, 1169, 238, 1, 1, 1, 2, 3, 1, 1, 4, 
4, 2, 2, 100, 100, 100, 100, 100, 100, 100, 100, 100, 100, 100, 
2500, 2500, 2500, 2500, 2500, 2500, 2500, 2500, 2500, 2500, 2500, 
8223.406, 8566.879, 8876.976, 9188.05100000001, 9601.265, 9905.50199999999, 
10322.042, 10775.973, 10628.766, 11208.668, 11475.958, 1, 1, 
1, 1, 1, 1, 1, 1, 1, 1, 1, 0.25, 0.25, 0.25, 0.25, 0.25, 0.25, 
0.25, 0.25, 0.25, 0.25, 0.25, 0, 0, 0, 0, 0, 0, 0, 0, 0, 0, 0, 
0, 0, 0, 0, 0, 0, 0, 0, 0, 0, 0, 0.17226, 0.17659, 0.16572, 0.18542, 
0.14628, 0.18233, 0.14695, 0.1585, 0.13342, 0.12645, 0.1187, 
0.1917, 0.16688, 0.15541, 0.18055, 0.15607, 0.18233, 0.14738, 
0.15655, 0.12946, 0.11901, 0.13484, 0.0366, 0.0433, 0.048, 0.0549, 
0.0612, 0.0683, 0.0773, 0.0843, 0.0968, 0.1077, 0.1114, 222.2, 
244.5, 266.7, 289.6, 311.8, 333.7, 356.6, 379.1, 401.3, 423.8, 
444.4, 1, 1, 1, 1, 1, 1, 1, 1, 1, 1, 1, 1, 1, 1, 1, 1, 1, 1, 
1, 1, 1, 1, 1, 1, 1, 1, 1, 1, 1, 1, 1, 1, 1, 1, 1, 1, 1, 1, 1, 
1, 1, 1, 1, 1, 3.129, 3.218, 3.244, 3.39, 3.435, 3.521, 3.61, 
3.617, 3.616, 3.724, 3.802), .Dim = c(11L, 40L), .Dimnames = list(
    NULL, c("Sampling", "PSO.cost", "PSO.gamma", "PSO.data.balancing", 
    "PSO.feature.selection", "PSO.valid.acc", "PSO.test.acc", 
    "PSO.train.time", "PSO.n.support.vectors", "PSO.index", "PSO.n.solutions", 
    "PSO.generations", "PSO.n.evaluations", "PSO.cpu.time", "RS.cost", 
    "RS.gamma", "RS.data.balancing", "RS.feature.selection", 
    "RS.valid.acc", "RS.test.acc", "RS.train.time", "RS.n.support.vectors", 
    "RS.index", "RS.n.solutions", "RS.generations", "RS.n.evaluations", 
    "RS.cpu.time", "DF.cost", "DF.gamma", "DF.data.balancing", 
    "DF.feature.selection", "DF.valid.acc", "DF.test.acc", "DF.train.time", 
    "DF.n.support.vectors", "DF.index", "DF.n.solutions", "DF.generations", 
    "DF.n.evaluations", "DF.cpu.time")))
