full <-
structure(c(50, 55, 60, 65, 70, 75, 80, 85, 90, 95, 100, 15, 
7.81388, 2.06638, -2, 7.41616, 1.92318, 9.72781, 1.37408, 5.47721, 
-0.37244, 4.15941, -12.84004, -13.1724, -8.50805, -0.95321, -12.69301, 
-13.40861, -15, -7.10717, -13.9143, -8.945, -8.13919, 0, 0, 0, 
0, 0, 0, 0, 0, 0, 0, 0, 0, 0, 0, 0, 0, 0, 0, 0, 0, 0, 0, 0.17656, 
0.18267, 0.18852, 0.19345, 0.20239, 0.19861, 0.19291, 0.19201, 
0.17737, 0.18682, 0.1907, 0.15447, 0.16987, 0.18852, 0.18249, 
0.18961, 0.19861, 0.18604, 0.17698, 0.16717, 0.18682, 0.16372, 
0.2111, 0.0424, 0.0452, 0.0535, 0.0588, 0.0649, 0.0737, 0.0824, 
0.0925, 0.0981, 0.1115, 220.9, 244.8, 267.2, 289.6, 312, 334.4, 
356.7, 379.2, 401.6, 424, 444.7, 1645, 368, 7, 148, 124, 5, 335, 
157, 88, 2, 2395, 40, 45, 1813, 130, 35, 1696, 45, 55, 593, 2143, 
1, 100, 100, 100, 100, 100, 100, 100, 100, 100, 100, 100, 2500, 
2500, 2500, 2500, 2500, 2500, 2500, 2500, 2500, 2500, 2500, 9217.601, 
7408.674, 7587.894, 7716.159, 7990.226, 8114.06200000001, 8280.61099999999, 
8551.329, 8785.679, 9022.13399999999, 9264.68699999998, 14.11894, 
-0.58093, -1.76277, -1.94698, 0.61491, -1.57382, 0.84075, -0.00132, 
3.84879, 3.80921, 10.33939, -12.09893, -3.32854, -7.75565, -0.68785, 
-5.77847, -0.13473, -6.02753, -5.6374, -13.98785, -13.82863, 
-14.34197, 0, 0, 0, 0, 0, 0, 0, 0, 0, 0, 0, 0, 0, 0, 0, 0, 0, 
0, 0, 0, 0, 0, 0.17643, 0.18301, 0.18852, 0.19345, 0.20239, 0.19867, 
0.19514, 0.19201, 0.17737, 0.18682, 0.19067, 0.15447, 0.15765, 
0.18852, 0.18249, 0.18961, 0.19618, 0.18604, 0.1791, 0.16717, 
0.18682, 0.16553, 0.1641, 0.0423, 0.0466, 0.0531, 0.059, 0.0692, 
0.0746, 0.0821, 0.0925, 0.1011, 0.1096, 220.7, 244.8, 267.2, 
289.6, 312, 334.4, 356.7, 379.2, 401.6, 424, 444.7, 681, 105, 
5, 2037, 281, 1079, 469, 1378, 25, 2, 1740, 3, 1, 562, 1, 6, 
1, 1, 3, 38, 513, 1, 100, 100, 100, 100, 100, 100, 100, 100, 
100, 100, 100, 2500, 2500, 2500, 2500, 2500, 2500, 2500, 2500, 
2500, 2500, 2500, 7625.623, 8066.16, 8329.84, 8501.855, 8876.59300000001, 
9145.38499999999, 9648.564, 9965.47400000002, 10673.786, 11340.638, 
11268.22, 1, 1, 1, 1, 1, 1, 1, 1, 1, 1, 1, 0.25, 0.25, 0.25, 
0.25, 0.25, 0.25, 0.25, 0.25, 0.25, 0.25, 0.25, 0, 0, 0, 0, 0, 
0, 0, 0, 0, 0, 0, 0, 0, 0, 0, 0, 0, 0, 0, 0, 0, 0, 0.09702, 0.1336, 
0.1286, 0.11625, 0.12328, 0.14163, 0.12767, 0.12675, 0.11274, 
0.12269, 0.1166, 0.10762, 0.14461, 0.09203, 0.1134, 0.13373, 
0.11978, 0.12595, 0.13518, 0.10913, 0.11315, 0.12595, 0.0353, 
0.0416, 0.0465, 0.0518, 0.0601, 0.069, 0.0752, 0.0837, 0.0934, 
0.1018, 0.1116, 222.4, 244.8, 267.2, 289.6, 312, 334.3, 356.8, 
379.2, 401.6, 424, 444.7, 1, 1, 1, 1, 1, 1, 1, 1, 1, 1, 1, 1, 
1, 1, 1, 1, 1, 1, 1, 1, 1, 1, 1, 1, 1, 1, 1, 1, 1, 1, 1, 1, 1, 
1, 1, 1, 1, 1, 1, 1, 1, 1, 1, 1, 2.733, 2.979, 3.022, 3.068, 
3.148, 3.225, 3.32, 3.4, 3.516, 3.601, 3.605), .Dim = c(11L, 
40L), .Dimnames = list(NULL, c("Sampling", "PSO.cost", "PSO.gamma", 
"PSO.data.balancing", "PSO.feature.selection", "PSO.valid.acc", 
"PSO.test.acc", "PSO.train.time", "PSO.n.support.vectors", "PSO.index", 
"PSO.n.solutions", "PSO.generations", "PSO.n.evaluations", "PSO.cpu.time", 
"RS.cost", "RS.gamma", "RS.data.balancing", "RS.feature.selection", 
"RS.valid.acc", "RS.test.acc", "RS.train.time", "RS.n.support.vectors", 
"RS.index", "RS.n.solutions", "RS.generations", "RS.n.evaluations", 
"RS.cpu.time", "DF.cost", "DF.gamma", "DF.data.balancing", "DF.feature.selection", 
"DF.valid.acc", "DF.test.acc", "DF.train.time", "DF.n.support.vectors", 
"DF.index", "DF.n.solutions", "DF.generations", "DF.n.evaluations", 
"DF.cpu.time")))
