full <-
structure(c(50, 55, 60, 65, 70, 75, 80, 85, 90, 95, 100, 6.05158, 
4.63145, 4.12654, 1.04177, 14.46353, 0.39474, 1.10522, 9.32514, 
2.88984, 8.30193, 8.3255, -10.39624, -8.78698, -9.09956, -11.7199, 
-14.88667, -6.13087, -6.45881, -14.17109, -7.7256, -13.51357, 
-14.38073, 0, 0, 0, 0, 0, 0, 0, 0, 0, 0, 0, 0, 0, 0, 0, 0, 0, 
0, 0, 0, 0, 0, 0.21301, 0.19016, 0.20378, 0.17661, 0.15362, 0.19147, 
0.19074, 0.19219, 0.20824, 0.20002, 0.19238, 0.19738, 0.16684, 
0.19755, 0.17143, 0.11303, 0.18671, 0.17711, 0.17734, 0.18765, 
0.1929, 0.18179, 0.0366, 0.0412, 0.0471, 0.0543, 0.0863, 0.0671, 
0.0757, 0.0842, 0.0925, 0.1043, 0.1124, 222.4, 244.7, 267.2, 
289.6, 311.4, 334.4, 356.8, 379.2, 401.6, 424, 444.7, 110, 490, 
328, 6, 2172, 4, 827, 1975, 390, 165, 28, 48, 15, 31, 1729, 1, 
1829, 15, 1, 46, 61, 62, 100, 100, 100, 100, 100, 100, 100, 100, 
100, 100, 100, 2500, 2500, 2500, 2500, 2500, 2500, 2500, 2500, 
2500, 2500, 2500, 7660.065, 7775.528, 8003.413, 8015.668, 8161.984, 
8396.868, 8720.83, 8787.42200000001, 9027.79200000002, 9372.34299999999, 
9704.54200000002, 4.88331, 4.1241, 4.45306, -1.07477, -1.70686, 
3.74457, -1.13175, 5.44085, 1.85348, 0.23312, 2.80409, -9.20688, 
-8.27904, -9.42775, -6.32675, -14.88304, -9.60295, -3.85486, 
-10.20219, -6.65371, -5.29008, -8.84679, 0, 0, 0, 0, 0, 0, 0, 
0, 0, 0, 0, 0, 0, 0, 0, 0, 0, 0, 0, 0, 0, 0, 0.21301, 0.19016, 
0.20378, 0.17661, 0.15153, 0.19147, 0.19074, 0.18789, 0.20824, 
0.20002, 0.19238, 0.19405, 0.17017, 0.19755, 0.17143, 0.15153, 
0.18914, 0.17711, 0.18159, 0.18565, 0.18906, 0.18179, 0.0366, 
0.0413, 0.0471, 0.0527, 0.0601, 0.0674, 0.0759, 0.0836, 0.0949, 
0.101, 0.113, 222.4, 244.7, 267.2, 289.6, 312, 334.4, 356.8, 
379.2, 401.6, 424, 444.7, 753, 242, 1298, 2, 3, 3, 2043, 1613, 
419, 696, 141, 3, 4, 2, 408, 47, 549, 1, 1, 5, 1, 5, 100, 100, 
100, 100, 100, 100, 100, 100, 100, 100, 100, 2500, 2500, 2500, 
2500, 2500, 2500, 2500, 2500, 2500, 2500, 2500, 8112.748, 8325.146, 
8605.712, 8820.182, 9072.14700000001, 9337.001, 9948.677, 10379.273, 
10498.641, 11104.916, 11503.631, 1, 1, 1, 1, 1, 1, 1, 1, 1, 1, 
1, 0.25, 0.25, 0.25, 0.25, 0.25, 0.25, 0.25, 0.25, 0.25, 0.25, 
0.25, 0, 0, 0, 0, 0, 0, 0, 0, 0, 0, 0, 0, 0, 0, 0, 0, 0, 0, 0, 
0, 0, 0, 0.13511, 0.13691, 0.10451, 0.08881, 0.10007, 0.14593, 
0.13721, 0.13886, 0.12736, 0.13933, 0.14362, 0.17136, 0.13442, 
0.12824, 0.12787, 0.09717, 0.1119, 0.1372, 0.12657, 0.12701, 
0.14372, 0.15096, 0.0371, 0.0423, 0.0482, 0.0551, 0.0607, 0.0718, 
0.0769, 0.0842, 0.095, 0.1044, 0.1122, 222.4, 244.7, 267.2, 289.6, 
312, 334.4, 356.7, 379.2, 401.2, 423.9, 444.8, 1, 1, 1, 1, 1, 
1, 1, 1, 1, 1, 1, 1, 1, 1, 1, 1, 1, 1, 1, 1, 1, 1, 1, 1, 1, 1, 
1, 1, 1, 1, 1, 1, 1, 1, 1, 1, 1, 1, 1, 1, 1, 1, 1, 1, 3.039, 
3.094, 3.131, 3.185, 3.26, 3.359, 3.425, 3.466, 3.519, 3.623, 
3.655), .Dim = c(11L, 40L), .Dimnames = list(NULL, c("Sampling", 
"PSO.cost", "PSO.gamma", "PSO.data.balancing", "PSO.feature.selection", 
"PSO.valid.acc", "PSO.test.acc", "PSO.train.time", "PSO.n.support.vectors", 
"PSO.index", "PSO.n.solutions", "PSO.generations", "PSO.n.evaluations", 
"PSO.cpu.time", "RS.cost", "RS.gamma", "RS.data.balancing", "RS.feature.selection", 
"RS.valid.acc", "RS.test.acc", "RS.train.time", "RS.n.support.vectors", 
"RS.index", "RS.n.solutions", "RS.generations", "RS.n.evaluations", 
"RS.cpu.time", "DF.cost", "DF.gamma", "DF.data.balancing", "DF.feature.selection", 
"DF.valid.acc", "DF.test.acc", "DF.train.time", "DF.n.support.vectors", 
"DF.index", "DF.n.solutions", "DF.generations", "DF.n.evaluations", 
"DF.cpu.time")))
