full <-
structure(c(50, 55, 60, 65, 70, 75, 80, 85, 90, 95, 100, 6.28235, 
10.71244, 1.81623, 4.9342, -2, 8.92887, 4.35893, 2.55354, 8.06402, 
5.11265, 6.31304, -8.95253, -15, -5.775, -6.13695, -1.48475, 
-15, -9.62697, -7.69551, -12.52676, -9.25158, -12.24837, 0, 0, 
0, 0, 0, 0, 0, 0, 0, 0, 0, 0, 0, 0, 0, 0, 0, 0, 0, 0, 0, 0, 0.19348, 
0.22282, 0.20022, 0.22143, 0.19505, 0.19634, 0.1902, 0.19225, 
0.19895, 0.21133, 0.19062, 0.1677, 0.20034, 0.20619, 0.14892, 
0.1821, 0.18159, 0.19289, 0.18348, 0.19688, 0.19598, 0.17978, 
0.0379, 0.0427, 0.0485, 0.0567, 0.0623, 0.0649, 0.0774, 0.0854, 
0.0964, 0.1018, 0.1169, 222.3, 244.7, 267.2, 288.7, 312, 334.4, 
356.7, 379.2, 401.6, 424, 444.7, 46, 110, 423, 1005, 1128, 646, 
858, 345, 1244, 158, 26, 75, 96, 31, 6, 112, 30, 43, 19, 8, 57, 
125, 100, 100, 100, 100, 100, 100, 100, 100, 100, 100, 100, 2500, 
2500, 2500, 2500, 2500, 2500, 2500, 2500, 2500, 2500, 2500, 7526.367, 
7951.196, 7775.218, 8235.671, 7985.57399999999, 8087.955, 8290.89899999999, 
8770.31300000001, 9253.75200000001, 9219.88500000001, 11878.447, 
11.07161, 2.52556, 6.27285, 11.43734, 5.50513, -1.02457, 5.66895, 
9.74334, 9.37788, 4.12499, 3.04963, -13.74962, -6.75565, -10.27778, 
-13.12576, -10.49261, -4.60984, -10.96565, -14.92529, -13.88902, 
-8.28922, -8.98401, 0, 0, 0, 0, 0, 0, 0, 0, 0, 0, 0, 0, 0, 0, 
0, 0, 0, 0, 0, 0, 0, 0, 0.19348, 0.22282, 0.20022, 0.22066, 0.18736, 
0.1964, 0.1902, 0.19221, 0.19703, 0.21133, 0.19062, 0.1677, 0.20034, 
0.19113, 0.14327, 0.17454, 0.17915, 0.18834, 0.18561, 0.19696, 
0.19598, 0.17978, 0.0378, 0.0433, 0.0475, 0.0542, 0.0611, 0.0636, 
0.0705, 0.0855, 0.0965, 0.1027, 0.1135, 222.3, 244.7, 267.2, 
288.6, 312, 334.4, 356.7, 379.2, 401.6, 424, 444.7, 38, 376, 
247, 1935, 660, 1567, 1045, 182, 118, 5, 42, 5, 2, 3, 1, 1, 1, 
3, 1, 5, 5, 26, 100, 100, 100, 100, 100, 100, 100, 100, 100, 
100, 100, 2500, 2500, 2500, 2500, 2500, 2500, 2500, 2500, 2500, 
2500, 2500, 8057.414, 8299.187, 8170.35, 8471.524, 8891.24799999999, 
9259.908, 9558.647, 10346.629, 10449.386, 13261.188, 14020.702, 
1, 1, 1, 1, 1, 1, 1, 1, 1, 1, 1, 0.25, 0.25, 0.25, 0.25, 0.25, 
0.25, 0.25, 0.25, 0.25, 0.25, 0.25, 0, 0, 0, 0, 0, 0, 0, 0, 0, 
0, 0, 0, 0, 0, 0, 0, 0, 0, 0, 0, 0, 0, 0.14009, 0.17025, 0.14993, 
0.17691, 0.12337, 0.1343, 0.13442, 0.12849, 0.12322, 0.13223, 
0.12093, 0.12923, 0.16369, 0.16152, 0.15408, 0.12851, 0.12443, 
0.11644, 0.11368, 0.11719, 0.13216, 0.13496, 0.0377, 0.0428, 
0.0486, 0.0531, 0.062, 0.0697, 0.0792, 0.0882, 0.0889, 0.1077, 
0.1174, 222.4, 244.7, 267.1, 289.5, 312, 334.4, 356.7, 379.2, 
401.6, 423.8, 444.6, 1, 1, 1, 1, 1, 1, 1, 1, 1, 1, 1, 1, 1, 1, 
1, 1, 1, 1, 1, 1, 1, 1, 1, 1, 1, 1, 1, 1, 1, 1, 1, 1, 1, 1, 1, 
1, 1, 1, 1, 1, 1, 1, 1, 1, 3.066, 3.095, 3.147, 3.039, 3.193, 
3.283, 3.472, 3.523, 3.268, 4.596, 4.661), .Dim = c(11L, 40L), .Dimnames = list(
    NULL, c("Sampling", "PSO.cost", "PSO.gamma", "PSO.data.balancing", 
    "PSO.feature.selection", "PSO.valid.acc", "PSO.test.acc", 
    "PSO.train.time", "PSO.n.support.vectors", "PSO.index", "PSO.n.solutions", 
    "PSO.generations", "PSO.n.evaluations", "PSO.cpu.time", "RS.cost", 
    "RS.gamma", "RS.data.balancing", "RS.feature.selection", 
    "RS.valid.acc", "RS.test.acc", "RS.train.time", "RS.n.support.vectors", 
    "RS.index", "RS.n.solutions", "RS.generations", "RS.n.evaluations", 
    "RS.cpu.time", "DF.cost", "DF.gamma", "DF.data.balancing", 
    "DF.feature.selection", "DF.valid.acc", "DF.test.acc", "DF.train.time", 
    "DF.n.support.vectors", "DF.index", "DF.n.solutions", "DF.generations", 
    "DF.n.evaluations", "DF.cpu.time")))
