full <-
structure(c(50, 55, 60, 65, 70, 75, 80, 85, 90, 95, 100, 9.32685, 
7.65995, 10.89054, 3.48222, 0.22747, 5.71236, 4.35716, 4.80384, 
7.10424, 3.69865, 3.02397, -11.58401, -12.54167, -15, -8.76378, 
-5.50167, -11.73581, -8.72875, -10.9862, -12.13501, -8.39653, 
-8.2651, 0, 0, 0, 0, 0, 0, 0, 0, 0, 0, 0, 0, 0, 0, 0, 0, 0, 0, 
0, 0, 0, 0, 0.23485, 0.22499, 0.21533, 0.19946, 0.19222, 0.20119, 
0.19952, 0.1941, 0.2012, 0.20192, 0.19798, 0.2338, 0.21551, 0.19107, 
0.18764, 0.18453, 0.19863, 0.17937, 0.18753, 0.18079, 0.18864, 
0.18174, 0.0369, 0.0412, 0.0451, 0.0527, 0.0573, 0.0657, 0.073, 
0.0816, 0.0915, 0.0961, 0.1036, 221.6, 244.7, 266.8, 289.4, 312, 
334.4, 356.6, 379.2, 401.5, 423.9, 444.8, 38, 204, 312, 386, 
788, 567, 317, 40, 1499, 325, 609, 124, 16, 31, 36, 6, 44, 26, 
118, 1, 33, 24, 100, 100, 100, 100, 100, 100, 100, 100, 100, 
100, 100, 2500, 2500, 2500, 2500, 2500, 2500, 2500, 2500, 2500, 
2500, 2500, 7480.165, 7443.267, 7775.554, 7875.357, 7960.986, 
8086.49000000001, 8310.851, 8564.677, 8780.83299999998, 8641.69099999999, 
8863.88500000001, 5.33342, 9.85129, 4.53956, 3.81695, 2.87422, 
8.9984, 6.80202, 6.45655, 0.58895, 5.73869, 1.03248, -7.75012, 
-14.74382, -8.64182, -9.09842, -8.23739, -14.97946, -11.16692, 
-12.64068, -5.48747, -10.45353, -5.33307, 0, 0, 0, 0, 0, 0, 0, 
0, 0, 0, 0, 0, 0, 0, 0, 0, 0, 0, 0, 0, 0, 0, 0.23498, 0.22499, 
0.21533, 0.19946, 0.18972, 0.20119, 0.19725, 0.1941, 0.1972, 
0.20192, 0.19964, 0.21935, 0.21551, 0.18813, 0.18764, 0.18716, 
0.19869, 0.17719, 0.18753, 0.18279, 0.18864, 0.19616, 0.0355, 
0.0404, 0.0459, 0.0515, 0.059, 0.0657, 0.0734, 0.083, 0.0887, 
0.0994, 0.1029, 221.8, 244.8, 266.8, 289.4, 312, 334.4, 356.6, 
379.2, 401.5, 423.9, 444.8, 1726, 58, 1182, 2180, 1468, 387, 
432, 140, 580, 1074, 2289, 1, 3, 1, 1, 1, 3, 4, 8, 5, 1, 1, 100, 
100, 100, 100, 100, 100, 100, 100, 100, 100, 100, 2500, 2500, 
2500, 2500, 2500, 2500, 2500, 2500, 2500, 2500, 2500, 7680.312, 
7858.126, 8110.128, 8617.736, 8796.577, 9323.159, 9501.067, 10066.636, 
10724.319, 10680.412, 11043.575, 1, 1, 1, 1, 1, 1, 1, 1, 1, 1, 
1, 0.25, 0.25, 0.25, 0.25, 0.25, 0.25, 0.25, 0.25, 0.25, 0.25, 
0.25, 0, 0, 0, 0, 0, 0, 0, 0, 0, 0, 0, 0, 0, 0, 0, 0, 0, 0, 0, 
0, 0, 0, 0.18046, 0.19229, 0.17369, 0.16911, 0.14351, 0.12489, 
0.12322, 0.13243, 0.13566, 0.14712, 0.12939, 0.1913, 0.18569, 
0.18546, 0.14643, 0.14813, 0.1389, 0.1392, 0.11354, 0.12561, 
0.14905, 0.15293, 0.0362, 0.0403, 0.0465, 0.0526, 0.0591, 0.0665, 
0.0741, 0.0809, 0.0872, 0.1041, 0.1031, 222.4, 244.6, 267, 289.6, 
311.9, 334.3, 356.6, 379.2, 401.6, 423.9, 444.7, 1, 1, 1, 1, 
1, 1, 1, 1, 1, 1, 1, 1, 1, 1, 1, 1, 1, 1, 1, 1, 1, 1, 1, 1, 1, 
1, 1, 1, 1, 1, 1, 1, 1, 1, 1, 1, 1, 1, 1, 1, 1, 1, 1, 1, 2.899, 
2.937, 2.99, 3.111, 3.125, 3.189, 3.279, 3.345, 3.229, 3.541, 
3.256), .Dim = c(11L, 40L), .Dimnames = list(NULL, c("Sampling", 
"PSO.cost", "PSO.gamma", "PSO.data.balancing", "PSO.feature.selection", 
"PSO.valid.acc", "PSO.test.acc", "PSO.train.time", "PSO.n.support.vectors", 
"PSO.index", "PSO.n.solutions", "PSO.generations", "PSO.n.evaluations", 
"PSO.cpu.time", "RS.cost", "RS.gamma", "RS.data.balancing", "RS.feature.selection", 
"RS.valid.acc", "RS.test.acc", "RS.train.time", "RS.n.support.vectors", 
"RS.index", "RS.n.solutions", "RS.generations", "RS.n.evaluations", 
"RS.cpu.time", "DF.cost", "DF.gamma", "DF.data.balancing", "DF.feature.selection", 
"DF.valid.acc", "DF.test.acc", "DF.train.time", "DF.n.support.vectors", 
"DF.index", "DF.n.solutions", "DF.generations", "DF.n.evaluations", 
"DF.cpu.time")))
