full <-
structure(c(50, 55, 60, 65, 70, 75, 80, 85, 90, 95, 100, 0.35316, 
13.78879, 13.58282, 6.69382, 5.9982, 4.93091, 0.12639, 3.12742, 
0.33892, 1.12669, -1.78654, -10.15454, -12.61918, -15, -7.08057, 
-11.1028, -14.52548, -14.90544, -8.44809, -5.52532, -5.17847, 
-11.25503, 0, 0, 0, 0, 0, 0, 0, 0, 0, 0, 0, 0, 0, 0, 0, 0, 0, 
0, 0, 0, 0, 0, 0.17654, 0.20926, 0.18298, 0.19466, 0.18729, 0.18419, 
0.18832, 0.19426, 0.19088, 0.20004, 0.1889, 0.18369, 0.17613, 
0.16567, 0.16466, 0.17398, 0.18419, 0.18832, 0.19, 0.1775, 0.19504, 
0.18526, 0.0373, 0.1258, 0.0472, 0.0625, 0.0607, 0.0707, 0.0743, 
0.0835, 0.0937, 0.1025, 0.1099, 222.4, 241.5, 265.7, 287.4, 311.9, 
334.4, 356.8, 379.2, 401.6, 423.9, 444.5, 2, 2399, 909, 2004, 
2134, 3, 4, 480, 2036, 1441, 7, 2024, 1, 7, 4, 1, 1903, 2084, 
46, 1, 19, 1826, 100, 100, 100, 100, 100, 100, 100, 100, 100, 
100, 100, 2500, 2500, 2500, 2500, 2500, 2500, 2500, 2500, 2500, 
2500, 2500, 9347.166, 10804.982, 9939.361, 10135.861, 10162.748, 
10057.639, 10608.369, 10849.87, 10905.589, 11336.545, 11557.977, 
5.81209, 12.04115, 10.69572, 12.35653, 8.63522, -1.36674, 4.02074, 
9.24223, 2.28288, 0.29504, 1.85604, -13.33407, -10.85159, -12.09137, 
-13.18774, -13.74566, -9.0964, -11.36219, -14.5781, -11.09896, 
-4.12361, -10.24015, 0, 0, 0, 0, 0, 0, 0, 0, 0, 0, 0, 0, 0, 0, 
0, 0, 0, 0, 0, 0, 0, 0, 0.17654, 0.20603, 0.18013, 0.19188, 0.18729, 
0.18419, 0.18832, 0.19426, 0.18927, 0.19438, 0.1889, 0.18369, 
0.17613, 0.15961, 0.16708, 0.17398, 0.18419, 0.18832, 0.19, 0.18927, 
0.20233, 0.18526, 0.037, 0.0957, 0.0511, 0.0701, 0.0621, 0.0685, 
0.0757, 0.0843, 0.0939, 0.1024, 0.1118, 222.4, 241.2, 265.6, 
288, 311.9, 334.4, 356.8, 379.2, 401.6, 423.9, 444.5, 2, 281, 
207, 438, 297, 1, 1, 627, 3, 989, 1, 518, 6, 7, 1, 3, 514, 637, 
9, 560, 1, 464, 100, 100, 100, 100, 100, 100, 100, 100, 100, 
100, 100, 2500, 2500, 2500, 2500, 2500, 2500, 2500, 2500, 2500, 
2500, 2500, 9660.001, 9943.738, 10139.55, 10266.655, 10974.476, 
11353.681, 12021.181, 12364.717, 12752.19, 13390.737, 14031.772, 
1, 1, 1, 1, 1, 1, 1, 1, 1, 1, 1, 0.25, 0.25, 0.25, 0.25, 0.25, 
0.25, 0.25, 0.25, 0.25, 0.25, 0.25, 0, 0, 0, 0, 0, 0, 0, 0, 0, 
0, 0, 0, 0, 0, 0, 0, 0, 0, 0, 0, 0, 0, 0.11883, 0.10446, 0.12939, 
0.15275, 0.13984, 0.12934, 0.10316, 0.13263, 0.12537, 0.13202, 
0.11707, 0.13697, 0.13083, 0.14409, 0.15057, 0.13428, 0.12961, 
0.10754, 0.13082, 0.13534, 0.13394, 0.12948, 0.0367, 0.0418, 
0.0462, 0.0532, 0.0626, 0.0696, 0.0768, 0.0857, 0.0944, 0.1045, 
0.1132, 222.4, 244.8, 267.2, 289.6, 312, 334.4, 356.8, 379.2, 
401.5, 423.8, 444.5, 1, 1, 1, 1, 1, 1, 1, 1, 1, 1, 1, 1, 1, 1, 
1, 1, 1, 1, 1, 1, 1, 1, 1, 1, 1, 1, 1, 1, 1, 1, 1, 1, 1, 1, 1, 
1, 1, 1, 1, 1, 1, 1, 1, 1, 3.682, 3.63, 3.626, 3.734, 4.01, 4.113, 
4.264, 4.245, 4.41, 4.533, 4.625), .Dim = c(11L, 40L), .Dimnames = list(
    NULL, c("Sampling", "PSO.cost", "PSO.gamma", "PSO.data.balancing", 
    "PSO.feature.selection", "PSO.valid.acc", "PSO.test.acc", 
    "PSO.train.time", "PSO.n.support.vectors", "PSO.index", "PSO.n.solutions", 
    "PSO.generations", "PSO.n.evaluations", "PSO.cpu.time", "RS.cost", 
    "RS.gamma", "RS.data.balancing", "RS.feature.selection", 
    "RS.valid.acc", "RS.test.acc", "RS.train.time", "RS.n.support.vectors", 
    "RS.index", "RS.n.solutions", "RS.generations", "RS.n.evaluations", 
    "RS.cpu.time", "DF.cost", "DF.gamma", "DF.data.balancing", 
    "DF.feature.selection", "DF.valid.acc", "DF.test.acc", "DF.train.time", 
    "DF.n.support.vectors", "DF.index", "DF.n.solutions", "DF.generations", 
    "DF.n.evaluations", "DF.cpu.time")))
