full <-
structure(c(50, 55, 60, 65, 70, 75, 80, 85, 90, 95, 100, -0.21596, 
4.35068, 8.07534, 4.82179, 4.81286, 6.11368, 3.04747, 6.45319, 
-1.10773, 2.29189, 4.21209, -5.32159, -14.62767, -12.88171, -9.51175, 
-9.37949, -10.73497, -7.36337, -12.72417, -10.11132, -6.69144, 
-14.76376, 0, 0, 0, 0, 0, 0, 0, 0, 0, 0, 0, 0, 0, 0, 0, 0, 0, 
0, 0, 0, 0, 0, 0.20492, 0.18625, 0.21591, 0.2121, 0.2027, 0.20842, 
0.19266, 0.19822, 0.19724, 0.20188, 0.196, 0.20492, 0.19315, 
0.1974, 0.20398, 0.19237, 0.20608, 0.19024, 0.19822, 0.19724, 
0.19614, 0.18522, 0.0354, 0.0411, 0.0475, 0.0528, 0.0601, 0.0668, 
0.0749, 0.0846, 0.0918, 0.1036, 0.1115, 222.4, 244.7, 267.2, 
289.5, 311.7, 334.3, 356.5, 379.2, 401.6, 424, 444.8, 3, 211, 
1573, 740, 1125, 676, 469, 15, 9, 932, 78, 2052, 87, 21, 11, 
46, 5, 23, 1879, 1980, 5, 131, 100, 100, 100, 100, 100, 100, 
100, 100, 100, 100, 100, 2500, 2500, 2500, 2500, 2500, 2500, 
2500, 2500, 2500, 2500, 2500, 7544.08, 7692.714, 7990.606, 8100.11, 
8417.838, 8569.83499999999, 8534.298, 10887.363, 10963.135, 11487.223, 
11143.381, -0.93152, 9.04242, -0.59742, 0.21678, 7.87882, 9.71348, 
7.92869, 0.02246, 0.08831, 3.90402, 2.36282, -4.46407, -14.65185, 
-3.39955, -4.62842, -12.44386, -14.37486, -12.28188, -14.7332, 
-13.04929, -7.89422, -13.76997, 0, 0, 0, 0, 0, 0, 0, 0, 0, 0, 
0, 0, 0, 0, 0, 0, 0, 0, 0, 0, 0, 0, 0.20492, 0.18625, 0.21552, 
0.2121, 0.2027, 0.21063, 0.19266, 0.19822, 0.19724, 0.20176, 
0.196, 0.20492, 0.17722, 0.1974, 0.20406, 0.19237, 0.20608, 0.19024, 
0.19822, 0.19724, 0.18855, 0.18522, 0.0358, 0.0413, 0.0471, 0.053, 
0.0592, 0.0675, 0.0761, 0.0815, 0.0921, 0.1035, 0.1119, 222.4, 
244.8, 267.2, 289.4, 311.7, 334.3, 356.5, 379.1, 401.6, 423.9, 
444.7, 5, 1366, 1554, 1043, 475, 1231, 91, 4, 3, 218, 43, 594, 
2, 1, 2, 2, 1, 1, 545, 574, 1, 11, 100, 100, 100, 100, 100, 100, 
100, 100, 100, 100, 100, 2500, 2500, 2500, 2500, 2500, 2500, 
2500, 2500, 2500, 2500, 2500, 7998.732, 8346.761, 8635.754, 8809.467, 
9205.584, 9631.791, 9974.664, 12301.834, 12801.649, 13670.133, 
13512.913, 1, 1, 1, 1, 1, 1, 1, 1, 1, 1, 1, 0.25, 0.25, 0.25, 
0.25, 0.25, 0.25, 0.25, 0.25, 0.25, 0.25, 0.25, 0, 0, 0, 0, 0, 
0, 0, 0, 0, 0, 0, 0, 0, 0, 0, 0, 0, 0, 0, 0, 0, 0, 0.13387, 0.12698, 
0.13736, 0.12548, 0.15154, 0.13347, 0.12973, 0.12685, 0.13373, 
0.13952, 0.13317, 0.12356, 0.12023, 0.18004, 0.13351, 0.12017, 
0.12712, 0.1272, 0.13709, 0.13506, 0.14557, 0.13849, 0.037, 0.0424, 
0.0475, 0.0531, 0.0606, 0.0674, 0.0775, 0.0857, 0.0954, 0.1037, 
0.1152, 222.4, 244.5, 267.1, 289.3, 311.9, 334.3, 356.7, 379, 
401.4, 423.9, 444.7, 1, 1, 1, 1, 1, 1, 1, 1, 1, 1, 1, 1, 1, 1, 
1, 1, 1, 1, 1, 1, 1, 1, 1, 1, 1, 1, 1, 1, 1, 1, 1, 1, 1, 1, 1, 
1, 1, 1, 1, 1, 1, 1, 1, 1, 3.053, 3.112, 3.151, 3.2, 3.258, 3.308, 
4.222, 4.304, 4.452, 4.474, 4.549), .Dim = c(11L, 40L), .Dimnames = list(
    NULL, c("Sampling", "PSO.cost", "PSO.gamma", "PSO.data.balancing", 
    "PSO.feature.selection", "PSO.valid.acc", "PSO.test.acc", 
    "PSO.train.time", "PSO.n.support.vectors", "PSO.index", "PSO.n.solutions", 
    "PSO.generations", "PSO.n.evaluations", "PSO.cpu.time", "RS.cost", 
    "RS.gamma", "RS.data.balancing", "RS.feature.selection", 
    "RS.valid.acc", "RS.test.acc", "RS.train.time", "RS.n.support.vectors", 
    "RS.index", "RS.n.solutions", "RS.generations", "RS.n.evaluations", 
    "RS.cpu.time", "DF.cost", "DF.gamma", "DF.data.balancing", 
    "DF.feature.selection", "DF.valid.acc", "DF.test.acc", "DF.train.time", 
    "DF.n.support.vectors", "DF.index", "DF.n.solutions", "DF.generations", 
    "DF.n.evaluations", "DF.cpu.time")))
