full <-
structure(c(50, 55, 60, 65, 70, 75, 80, 85, 90, 95, 100, 3.78055, 
5.81249, 9.40183, 7.02464, 2.85842, 13.7524, 1.66455, 2.4945, 
-1.25446, 6.92915, 0.16266, -8.00741, -9.00541, -14.79054, -9.6831, 
-11.38143, -14.47135, -6.16939, -8.22517, -12.85729, -12.29356, 
-14.38826, 0, 0, 0, 0, 0, 0, 0, 0, 0, 0, 0, 0, 0, 0, 0, 0, 0, 
0, 0, 0, 0, 0, 0.20858, 0.18897, 0.1769, 0.17995, 0.19232, 0.18664, 
0.19538, 0.19417, 0.1912, 0.19818, 0.18887, 0.17972, 0.15391, 
0.15547, 0.17951, 0.19232, 0.15565, 0.17718, 0.18991, 0.1912, 
0.19241, 0.1853, 0.0347, 0.0424, 0.0472, 0.0558, 0.0612, 0.0971, 
0.0719, 0.0871, 0.0929, 0.0957, 0.1098, 222.4, 244.6, 267.2, 
289.2, 311.6, 333.6, 356.8, 379.2, 401.6, 423.9, 444.7, 405, 
407, 482, 212, 2, 2243, 952, 216, 2, 1045, 10, 48, 80, 37, 112, 
1841, 1, 33, 111, 2106, 8, 578, 100, 100, 100, 100, 100, 100, 
100, 100, 100, 100, 100, 2500, 2500, 2500, 2500, 2500, 2500, 
2500, 2500, 2500, 2500, 2500, 7546.16, 7633.739, 7779.463, 8231.63299999999, 
7998.265, 9016.533, 8398.474, 8370.952, 8618.55900000001, 8838.65600000002, 
8544.44100000002, 0.60557, 10.29835, 9.25084, 6.12707, 1.05423, 
13.47544, 8.23189, 1.13427, -0.97748, 4.18767, 3.54459, -4.48711, 
-13.5474, -14.62292, -8.73759, -8.18295, -14.17336, -12.85851, 
-6.8028, -9.60268, -9.55215, -13.50965, 0, 0, 0, 0, 0, 0, 0, 
0, 0, 0, 0, 0, 0, 0, 0, 0, 0, 0, 0, 0, 0, 0, 0.20807, 0.18897, 
0.17387, 0.17995, 0.19232, 0.18199, 0.19533, 0.19417, 0.1912, 
0.19818, 0.18887, 0.18343, 0.15391, 0.14673, 0.17673, 0.19232, 
0.15565, 0.17718, 0.1814, 0.1912, 0.19241, 0.1853, 0.037, 0.0428, 
0.0475, 0.056, 0.0614, 0.0983, 0.0722, 0.0868, 0.0921, 0.0959, 
0.1093, 222.4, 244.6, 267.2, 289.2, 311.6, 333.5, 356.8, 379.2, 
401.6, 423.9, 444.8, 1467, 661, 2012, 1520, 2, 1924, 1751, 43, 
1, 631, 7, 1, 2, 2, 4, 611, 1, 1, 20, 508, 1, 58, 100, 100, 100, 
100, 100, 100, 100, 100, 100, 100, 100, 2500, 2500, 2500, 2500, 
2500, 2500, 2500, 2500, 2500, 2500, 2500, 7844.344, 8147.348, 
8478.20400000001, 8784.34, 8851.989, 9259.75, 9571.81199999999, 
9942.432, 10646.652, 10738.065, 10757.717, 1, 1, 1, 1, 1, 1, 
1, 1, 1, 1, 1, 0.25, 0.25, 0.25, 0.25, 0.25, 0.25, 0.25, 0.25, 
0.25, 0.25, 0.25, 0, 0, 0, 0, 0, 0, 0, 0, 0, 0, 0, 0, 0, 0, 0, 
0, 0, 0, 0, 0, 0, 0, 0.15764, 0.127, 0.10581, 0.11376, 0.13299, 
0.12678, 0.14057, 0.11406, 0.13922, 0.13989, 0.12979, 0.17601, 
0.11786, 0.11089, 0.14669, 0.13576, 0.13166, 0.14119, 0.14385, 
0.15153, 0.14363, 0.13691, 0.0374, 0.0426, 0.0486, 0.0556, 0.0585, 
0.07, 0.0758, 0.0858, 0.0948, 0.1064, 0.1066, 222.4, 244.8, 267.2, 
289.6, 311.9, 334.4, 356.8, 379.1, 401.4, 423.9, 444.5, 1, 1, 
1, 1, 1, 1, 1, 1, 1, 1, 1, 1, 1, 1, 1, 1, 1, 1, 1, 1, 1, 1, 1, 
1, 1, 1, 1, 1, 1, 1, 1, 1, 1, 1, 1, 1, 1, 1, 1, 1, 1, 1, 1, 1, 
3.014, 3.087, 3.12, 3.128, 3.029, 3.257, 3.261, 3.401, 3.463, 
3.535, 3.388), .Dim = c(11L, 40L), .Dimnames = list(NULL, c("Sampling", 
"PSO.cost", "PSO.gamma", "PSO.data.balancing", "PSO.feature.selection", 
"PSO.valid.acc", "PSO.test.acc", "PSO.train.time", "PSO.n.support.vectors", 
"PSO.index", "PSO.n.solutions", "PSO.generations", "PSO.n.evaluations", 
"PSO.cpu.time", "RS.cost", "RS.gamma", "RS.data.balancing", "RS.feature.selection", 
"RS.valid.acc", "RS.test.acc", "RS.train.time", "RS.n.support.vectors", 
"RS.index", "RS.n.solutions", "RS.generations", "RS.n.evaluations", 
"RS.cpu.time", "DF.cost", "DF.gamma", "DF.data.balancing", "DF.feature.selection", 
"DF.valid.acc", "DF.test.acc", "DF.train.time", "DF.n.support.vectors", 
"DF.index", "DF.n.solutions", "DF.generations", "DF.n.evaluations", 
"DF.cpu.time")))
