full <-
structure(c(50, 55, 60, 65, 70, 75, 80, 85, 90, 95, 100, 0.82808, 
10.30062, 1.77988, 14.85214, -0.41346, 0.26727, -2, 0.88248, 
2.65391, 9.01127, 6.11017, -4.73218, -15, -12.11667, -14.13763, 
-3.16214, -4.0481, -2.23841, -6.28192, -6.64757, -15, -12.27616, 
0, 0, 0, 0, 0, 0, 0, 0, 0, 0, 0, 0, 0, 0, 0, 0, 0, 0, 0, 0, 0, 
0, 0.20778, 0.19296, 0.16259, 0.20989, 0.21799, 0.19339, 0.20177, 
0.19636, 0.20731, 0.18872, 0.1924, 0.22669, 0.17296, 0.1774, 
0.179, 0.19496, 0.13127, 0.1949, 0.16692, 0.19123, 0.17911, 0.18343, 
0.0357, 0.0402, 0.0459, 0.1378, 0.0564, 0.0684, 0.0768, 0.0808, 
0.0925, 0.0962, 0.1126, 222.4, 244.8, 267.2, 286.4, 312, 334.2, 
356.7, 379.2, 401.6, 424, 444.7, 1485, 68, 49, 898, 885, 1525, 
1252, 546, 1053, 1919, 215, 34, 143, 422, 1, 37, 11, 92, 22, 
9, 3, 60, 100, 100, 100, 100, 100, 100, 100, 100, 100, 100, 100, 
2500, 2500, 2500, 2500, 2500, 2500, 2500, 2500, 2500, 2500, 2500, 
7559.343, 7790.127, 7806.019, 10466.104, 7955.38499999999, 8010.303, 
8234.322, 8611.49400000001, 8771.98699999999, 8692.05000000002, 
8840.93400000001, 0.43993, 3.9322, 2.63149, 14.64969, -1.13096, 
4.23153, -0.18998, 5.16514, 4.51213, 4.83565, 0.65475, -4.20436, 
-8.60466, -12.19566, -11.80223, -2.07679, -8.90518, -4.95636, 
-10.43886, -8.61834, -14.85019, -6.76508, 0, 0, 0, 0, 0, 0, 0, 
0, 0, 0, 0, 0, 0, 0, 0, 0, 0, 0, 0, 0, 0, 0, 0.20778, 0.19296, 
0.16259, 0.20425, 0.21529, 0.1914, 0.20167, 0.19632, 0.20519, 
0.18868, 0.19064, 0.23076, 0.16963, 0.17437, 0.17126, 0.18227, 
0.17245, 0.20157, 0.18168, 0.19523, 0.18103, 0.18343, 0.0361, 
0.0401, 0.0459, 0.259, 0.0588, 0.0696, 0.074, 0.0809, 0.0927, 
0.1025, 0.1132, 222.4, 244.8, 267.2, 286.8, 312, 334.3, 356.8, 
379.2, 401.6, 424, 444.7, 2486, 1586, 16, 1778, 486, 1027, 764, 
1900, 1611, 16, 22, 1, 3, 38, 1, 2, 2, 1, 1, 4, 19, 15, 100, 
100, 100, 100, 100, 100, 100, 100, 100, 100, 100, 2500, 2500, 
2500, 2500, 2500, 2500, 2500, 2500, 2500, 2500, 2500, 8022.286, 
8192.176, 8527.762, 8412.997, 8728.014, 9225.943, 9437.31299999999, 
10192.529, 10538.828, 10782.338, 11009.3, 1, 1, 1, 1, 1, 1, 1, 
1, 1, 1, 1, 0.25, 0.25, 0.25, 0.25, 0.25, 0.25, 0.25, 0.25, 0.25, 
0.25, 0.25, 0, 0, 0, 0, 0, 0, 0, 0, 0, 0, 0, 0, 0, 0, 0, 0, 0, 
0, 0, 0, 0, 0, 0.14379, 0.12731, 0.13521, 0.13691, 0.1388, 0.15057, 
0.12753, 0.14378, 0.12781, 0.13762, 0.124, 0.15503, 0.13116, 
0.12645, 0.13767, 0.16438, 0.11177, 0.12768, 0.13305, 0.13942, 
0.15628, 0.14011, 0.0367, 0.0404, 0.047, 0.0536, 0.0613, 0.0673, 
0.071, 0.0875, 0.0911, 0.1008, 0.106, 222.2, 244.8, 267.2, 289.5, 
312, 334, 356.2, 378.7, 401.5, 423.9, 444.7, 1, 1, 1, 1, 1, 1, 
1, 1, 1, 1, 1, 1, 1, 1, 1, 1, 1, 1, 1, 1, 1, 1, 1, 1, 1, 1, 1, 
1, 1, 1, 1, 1, 1, 1, 1, 1, 1, 1, 1, 1, 1, 1, 1, 1, 2.976, 3.067, 
3.067, 3.069, 3.119, 3.23, 3.058, 3.467, 3.342, 3.371, 3.392), .Dim = c(11L, 
40L), .Dimnames = list(NULL, c("Sampling", "PSO.cost", "PSO.gamma", 
"PSO.data.balancing", "PSO.feature.selection", "PSO.valid.acc", 
"PSO.test.acc", "PSO.train.time", "PSO.n.support.vectors", "PSO.index", 
"PSO.n.solutions", "PSO.generations", "PSO.n.evaluations", "PSO.cpu.time", 
"RS.cost", "RS.gamma", "RS.data.balancing", "RS.feature.selection", 
"RS.valid.acc", "RS.test.acc", "RS.train.time", "RS.n.support.vectors", 
"RS.index", "RS.n.solutions", "RS.generations", "RS.n.evaluations", 
"RS.cpu.time", "DF.cost", "DF.gamma", "DF.data.balancing", "DF.feature.selection", 
"DF.valid.acc", "DF.test.acc", "DF.train.time", "DF.n.support.vectors", 
"DF.index", "DF.n.solutions", "DF.generations", "DF.n.evaluations", 
"DF.cpu.time")))
