full <-
structure(c(50, 55, 60, 65, 70, 75, 80, 85, 90, 95, 100, 4.13009, 
-1.63413, 8.97473, 4.09173, 4.4204, -1.61316, 0.412, -1.91747, 
7.02775, 10.57016, 8.0745, -6.80947, -5.77036, -13.82844, -10.94851, 
-10.55878, -0.10035, -5.36108, -0.64737, -13.30473, -15, -11.85238, 
0, 0, 0, 0, 0, 0, 0, 0, 0, 0, 0, 0, 0, 0, 0, 0, 0, 0, 0, 0, 0, 
0, 0.24045, 0.20266, 0.20365, 0.20161, 0.21032, 0.21293, 0.20403, 
0.19623, 0.18322, 0.19994, 0.20342, 0.20665, 0.20266, 0.20062, 
0.20161, 0.21032, 0.20579, 0.19726, 0.19202, 0.1853, 0.19438, 
0.18931, 0.0356, 0.0427, 0.0479, 0.0541, 0.061, 0.0705, 0.076, 
0.0868, 0.0906, 0.0979, 0.1192, 221.7, 244.6, 266.8, 289.4, 311.2, 
334.4, 356.3, 379.2, 401.6, 423.9, 444.7, 236, 3, 677, 3, 4, 
63, 301, 834, 2, 392, 1225, 59, 1986, 32, 1989, 2077, 251, 79, 
17, 332, 90, 14, 100, 100, 100, 100, 100, 100, 100, 100, 100, 
100, 100, 2500, 2500, 2500, 2500, 2500, 2500, 2500, 2500, 2500, 
2500, 2500, 7519.548, 7710.498, 7887.715, 7992.961, 7946.209, 
8097.06899999999, 8382.228, 8470.409, 8884.90900000001, 9334.93299999999, 
12422.669, 3.54315, -1.56019, -0.11165, 2.06325, 4.14093, -1.95248, 
0.51797, 2.9566, 5.15783, 4.30003, 11.12337, -6.18197, -11.11226, 
-11.86941, -14.54521, -13.41954, -1.02122, -5.44101, -9.64452, 
-13.72177, -8.90296, -14.91216, 0, 0, 0, 0, 0, 0, 0, 0, 0, 0, 
0, 0, 0, 0, 0, 0, 0, 0, 0, 0, 0, 0, 0.24045, 0.20266, 0.20357, 
0.20161, 0.21032, 0.21293, 0.20403, 0.1941, 0.18322, 0.19802, 
0.20342, 0.2101, 0.20266, 0.20357, 0.20161, 0.21032, 0.20579, 
0.19494, 0.1941, 0.1853, 0.20175, 0.18931, 0.0374, 0.0403, 0.0467, 
0.0528, 0.0566, 0.0654, 0.0725, 0.0839, 0.0915, 0.1009, 0.1187, 
221.9, 244.5, 266.8, 289.5, 311.2, 334.4, 356.3, 379.2, 401.6, 
424, 444.6, 870, 6, 5, 4, 2, 863, 172, 2, 67, 1467, 2125, 1, 
582, 624, 593, 634, 1, 14, 566, 46, 1, 1, 100, 100, 100, 100, 
100, 100, 100, 100, 100, 100, 100, 2500, 2500, 2500, 2500, 2500, 
2500, 2500, 2500, 2500, 2500, 2500, 8066.796, 8254.295, 8628.738, 
8830.733, 8901.23299999999, 9369.54000000001, 9859.27800000001, 
10346.665, 10993.642, 12892.438, 14353.223, 1, 1, 1, 1, 1, 1, 
1, 1, 1, 1, 1, 0.25, 0.25, 0.25, 0.25, 0.25, 0.25, 0.25, 0.25, 
0.25, 0.25, 0.25, 0, 0, 0, 0, 0, 0, 0, 0, 0, 0, 0, 0, 0, 0, 0, 
0, 0, 0, 0, 0, 0, 0, 0.1967, 0.15888, 0.11693, 0.14996, 0.14372, 
0.15308, 0.13937, 0.1391, 0.14337, 0.14324, 0.14059, 0.18067, 
0.1236, 0.13788, 0.15783, 0.15088, 0.14101, 0.13886, 0.13502, 
0.13129, 0.14128, 0.14227, 0.0372, 0.0426, 0.0491, 0.0544, 0.058, 
0.0679, 0.0719, 0.0838, 0.0916, 0.1014, 0.111, 222.3, 244.7, 
267, 289.5, 311.7, 334, 356.6, 379, 401.4, 424, 444.8, 1, 1, 
1, 1, 1, 1, 1, 1, 1, 1, 1, 1, 1, 1, 1, 1, 1, 1, 1, 1, 1, 1, 1, 
1, 1, 1, 1, 1, 1, 1, 1, 1, 1, 1, 1, 1, 1, 1, 1, 1, 1, 1, 1, 1, 
3.006, 3.057, 3.119, 3.14, 3.007, 3.283, 3.163, 3.385, 3.401, 
4.57, 4.559), .Dim = c(11L, 40L), .Dimnames = list(NULL, c("Sampling", 
"PSO.cost", "PSO.gamma", "PSO.data.balancing", "PSO.feature.selection", 
"PSO.valid.acc", "PSO.test.acc", "PSO.train.time", "PSO.n.support.vectors", 
"PSO.index", "PSO.n.solutions", "PSO.generations", "PSO.n.evaluations", 
"PSO.cpu.time", "RS.cost", "RS.gamma", "RS.data.balancing", "RS.feature.selection", 
"RS.valid.acc", "RS.test.acc", "RS.train.time", "RS.n.support.vectors", 
"RS.index", "RS.n.solutions", "RS.generations", "RS.n.evaluations", 
"RS.cpu.time", "DF.cost", "DF.gamma", "DF.data.balancing", "DF.feature.selection", 
"DF.valid.acc", "DF.test.acc", "DF.train.time", "DF.n.support.vectors", 
"DF.index", "DF.n.solutions", "DF.generations", "DF.n.evaluations", 
"DF.cpu.time")))
