full <-
structure(c(50, 55, 60, 65, 70, 75, 80, 85, 90, 95, 100, 6.89707, 
4.65696, 7.1734, 0.77995, 13.43388, 8.71947, 5.09992, 1.137, 
1.26894, -0.4792, 7.09202, -10.64037, -10.24503, -11.84855, -3.93329, 
-7.97406, -6.39745, -1.365, -0.44038, -3.64434, -2.6685, -6.85572, 
0, 0, 0, 0, 0, 0, 0, 0, 0, 0, 0, 0, 0, 0, 0, 0, 0, 0, 0, 0, 0, 
0, 0.39641, 0.40364, 0.41502, 0.40837, 0.42235, 0.41488, 0.42498, 
0.38541, 0.41559, 0.41788, 0.38742, 0.3549, 0.38379, 0.42657, 
0.35663, 0.35304, 0.32399, 0.36863, 0.36584, 0.3604, 0.38601, 
0.36038, 0.0173, 0.018, 0.0188, 0.0189, 0.0473, 0.0301, 0.0234, 
0.0254, 0.0253, 0.0261, 0.0366, 75.4, 86.7, 93, 103, 100.1, 108.2, 
128, 136, 142, 151.9, 151.1, 1629, 123, 104, 324, 1752, 849, 
51, 1496, 672, 935, 2083, 4, 74, 66, 48, 8, 26, 903, 142, 157, 
356, 1, 100, 100, 100, 100, 100, 100, 100, 100, 100, 100, 100, 
2500, 2500, 2500, 2500, 2500, 2500, 2500, 2500, 2500, 2500, 2500, 
7315.663, 6808.885, 6584.108, 6557.102, 7249.948, 6804.96399999999, 
6607.477, 6719.273, 6587.30099999999, 6677.226, 6896.228, -0.11814, 
6.36042, 10.09039, 0.32802, 14.55039, 9.45479, 8.04453, 10.22261, 
-0.21805, -0.50493, 4.9461, -3.17948, -11.92528, -14.14825, -4.88029, 
-8.39858, -6.74189, -1.37338, -0.44218, -2.25972, -2.709, -5.67618, 
0, 0, 0, 0, 0, 0, 0, 0, 0, 0, 0, 0, 0, 0, 0, 0, 0, 0, 0, 0, 0, 
0, 0.40662, 0.40364, 0.41362, 0.40393, 0.42146, 0.40774, 0.42498, 
0.37916, 0.41102, 0.41262, 0.3867, 0.41677, 0.38379, 0.43427, 
0.35997, 0.36788, 0.32399, 0.36863, 0.36584, 0.38409, 0.38601, 
0.38091, 0.016, 0.0182, 0.0174, 0.0197, 0.0558, 0.0335, 0.0238, 
0.0252, 0.0259, 0.0287, 0.0332, 79.9, 86.7, 91.6, 103.2, 99.7, 
107.8, 128, 136, 144, 152, 153, 1862, 111, 678, 2405, 1615, 1665, 
213, 489, 1702, 1699, 1986, 1, 2, 2, 1, 1, 1, 8, 8, 1, 1, 1, 
100, 100, 100, 100, 100, 100, 100, 100, 100, 100, 100, 2500, 
2500, 2500, 2500, 2500, 2500, 2500, 2500, 2500, 2500, 2500, 6573.162, 
6574.935, 6565.304, 6625.416, 6656.738, 6531.07399999999, 6694.792, 
6739.81299999999, 6805.08600000001, 6923.66000000002, 7089.90099999998, 
1, 1, 1, 1, 1, 1, 1, 1, 1, 1, 1, 0.07692, 0.07692, 0.07692, 0.07692, 
0.07692, 0.07692, 0.07692, 0.07692, 0.07692, 0.07692, 0.07692, 
0, 0, 0, 0, 0, 0, 0, 0, 0, 0, 0, 0, 0, 0, 0, 0, 0, 0, 0, 0, 0, 
0, 0.38273, 0.37288, 0.35725, 0.3548, 0.34225, 0.37696, 0.37502, 
0.32778, 0.34798, 0.3818, 0.35892, 0.39884, 0.3853, 0.39403, 
0.34005, 0.3281, 0.39524, 0.38664, 0.3058, 0.34209, 0.38566, 
0.35196, 0.0179, 0.0168, 0.0176, 0.0195, 0.0196, 0.0208, 0.0216, 
0.0232, 0.0254, 0.0273, 0.0315, 79.3, 87.6, 95.3, 103.4, 111.8, 
119.4, 127.5, 135.8, 143.5, 151.4, 158, 1, 1, 1, 1, 1, 1, 1, 
1, 1, 1, 1, 1, 1, 1, 1, 1, 1, 1, 1, 1, 1, 1, 1, 1, 1, 1, 1, 1, 
1, 1, 1, 1, 1, 1, 1, 1, 1, 1, 1, 1, 1, 1, 1, 1, 2.781, 2.495, 
2.531, 2.589, 2.51, 2.602, 2.543, 2.564, 2.751, 2.773, 2.814), .Dim = c(11L, 
40L), .Dimnames = list(NULL, c("Sampling", "PSO.cost", "PSO.gamma", 
"PSO.data.balancing", "PSO.feature.selection", "PSO.valid.acc", 
"PSO.test.acc", "PSO.train.time", "PSO.n.support.vectors", "PSO.index", 
"PSO.n.solutions", "PSO.generations", "PSO.n.evaluations", "PSO.cpu.time", 
"RS.cost", "RS.gamma", "RS.data.balancing", "RS.feature.selection", 
"RS.valid.acc", "RS.test.acc", "RS.train.time", "RS.n.support.vectors", 
"RS.index", "RS.n.solutions", "RS.generations", "RS.n.evaluations", 
"RS.cpu.time", "DF.cost", "DF.gamma", "DF.data.balancing", "DF.feature.selection", 
"DF.valid.acc", "DF.test.acc", "DF.train.time", "DF.n.support.vectors", 
"DF.index", "DF.n.solutions", "DF.generations", "DF.n.evaluations", 
"DF.cpu.time")))
