full <-
structure(c(50, 55, 60, 65, 70, 75, 80, 85, 90, 95, 100, 1.17777, 
7.81771, 0.88665, 3.29748, 11.00069, 13.97638, 14.06441, 14.95343, 
-0.32084, 7.37488, 8.54134, -1.77937, -13.08605, -1.44014, -8.49007, 
-0.6911, -14.54247, -11.06112, -11.71956, -1.99738, -7.71941, 
-7.45728, 0, 0, 0, 0, 0, 0, 0, 0, 0, 0, 0, 0, 0, 0, 0, 0, 0, 
0, 0, 0, 0, 0, 0.36515, 0.36403, 0.38706, 0.36172, 0.39013, 0.37161, 
0.3773, 0.36977, 0.37797, 0.43425, 0.37091, 0.31154, 0.30737, 
0.3426, 0.31308, 0.36703, 0.33185, 0.35069, 0.29066, 0.38542, 
0.39194, 0.35038, 0.0179, 0.0173, 0.0185, 0.0183, 0.0225, 0.0266, 
0.0693, 0.0818, 0.0266, 0.0322, 0.044, 80, 87.4, 96, 102.3, 112, 
111.2, 119.5, 126.7, 144, 142.7, 150.2, 824, 1294, 1275, 1915, 
155, 131, 95, 187, 1343, 249, 568, 394, 19, 257, 2, 999, 300, 
176, 56, 87, 87, 36, 100, 100, 100, 100, 100, 100, 100, 100, 
100, 100, 100, 2500, 2500, 2500, 2500, 2500, 2500, 2500, 2500, 
2500, 2500, 2500, 6791.046, 6949.199, 6842.795, 6903.158, 7162.766, 
7175.145, 7953.007, 8043.724, 7234.63799999999, 7582.973, 7806.899, 
10.51985, -0.69257, 1.04853, 3.66329, 9.80108, 14.47269, 5.30121, 
14.22036, 0.18773, 8.21939, 9.30983, -1.87125, -3.16112, -1.46729, 
-8.86555, -0.76378, -14.9701, -6.57172, -11.34704, -2.49409, 
-8.14972, -8.00264, 0, 0, 0, 0, 0, 0, 0, 0, 0, 0, 0, 0, 0, 0, 
0, 0, 0, 0, 0, 0, 0, 0, 0.33515, 0.37949, 0.38706, 0.36172, 0.39013, 
0.37161, 0.38907, 0.36451, 0.35444, 0.43425, 0.36617, 0.30154, 
0.33555, 0.3426, 0.31308, 0.35156, 0.32518, 0.36245, 0.2851, 
0.33806, 0.3977, 0.35012, 0.0164, 0.0184, 0.0183, 0.0202, 0.0228, 
0.0261, 0.0243, 0.0725, 0.0276, 0.0348, 0.0491, 80, 88, 96, 102.3, 
112, 111, 120.7, 126.8, 143.7, 142.3, 149.9, 311, 2418, 429, 
2060, 207, 463, 217, 637, 2007, 1188, 1370, 12, 1, 4, 1, 12, 
2, 1, 1, 1, 2, 2, 100, 100, 100, 100, 100, 100, 100, 100, 100, 
100, 100, 2500, 2500, 2500, 2500, 2500, 2500, 2500, 2500, 2500, 
2500, 2500, 6853.564, 7039.164, 6997.996, 7204.853, 7211.494, 
7309.837, 7503.98000000001, 7279.41899999999, 7465.655, 7575.62299999999, 
7784.14600000001, 1, 1, 1, 1, 1, 1, 1, 1, 1, 1, 1, 0.07692, 0.07692, 
0.07692, 0.07692, 0.07692, 0.07692, 0.07692, 0.07692, 0.07692, 
0.07692, 0.07692, 0, 0, 0, 0, 0, 0, 0, 0, 0, 0, 0, 0, 0, 0, 0, 
0, 0, 0, 0, 0, 0, 0, 0.26788, 0.31506, 0.27925, 0.30084, 0.31767, 
0.335, 0.34407, 0.32394, 0.34855, 0.37001, 0.33084, 0.21497, 
0.33248, 0.31195, 0.29315, 0.30236, 0.33946, 0.36958, 0.30214, 
0.3173, 0.41299, 0.35136, 0.0164, 0.0175, 0.0188, 0.0191, 0.0216, 
0.0208, 0.0233, 0.0267, 0.0273, 0.0283, 0.0302, 80, 87.8, 95.6, 
103, 111.4, 118.2, 126.6, 135, 143.2, 151, 158.1, 1, 1, 1, 1, 
1, 1, 1, 1, 1, 1, 1, 1, 1, 1, 1, 1, 1, 1, 1, 1, 1, 1, 1, 1, 1, 
1, 1, 1, 1, 1, 1, 1, 1, 1, 1, 1, 1, 1, 1, 1, 1, 1, 1, 1, 2.698, 
2.73, 2.709, 2.899, 2.9, 2.691, 2.887, 2.96, 2.922, 3.017, 3.097
), .Dim = c(11L, 40L), .Dimnames = list(NULL, c("Sampling", "PSO.cost", 
"PSO.gamma", "PSO.data.balancing", "PSO.feature.selection", "PSO.valid.acc", 
"PSO.test.acc", "PSO.train.time", "PSO.n.support.vectors", "PSO.index", 
"PSO.n.solutions", "PSO.generations", "PSO.n.evaluations", "PSO.cpu.time", 
"RS.cost", "RS.gamma", "RS.data.balancing", "RS.feature.selection", 
"RS.valid.acc", "RS.test.acc", "RS.train.time", "RS.n.support.vectors", 
"RS.index", "RS.n.solutions", "RS.generations", "RS.n.evaluations", 
"RS.cpu.time", "DF.cost", "DF.gamma", "DF.data.balancing", "DF.feature.selection", 
"DF.valid.acc", "DF.test.acc", "DF.train.time", "DF.n.support.vectors", 
"DF.index", "DF.n.solutions", "DF.generations", "DF.n.evaluations", 
"DF.cpu.time")))
