full <-
structure(c(50, 55, 60, 65, 70, 75, 80, 85, 90, 95, 100, 3.12186, 
5.58586, 1.42022, 1.66112, 15, 7.46063, 8.0735, 3.9197, 3.94437, 
6.09949, 11.74321, -5.19083, -10.43513, -3.09638, -4.05077, -7.85155, 
-4.48728, -9.86741, -10.61632, -6.16415, -12.23059, -11.84287, 
0, 0, 0, 0, 0, 0, 0, 0, 0, 0, 0, 0, 0, 0, 0, 0, 0, 0, 0, 0, 0, 
0, 0.40427, 0.4061, 0.40612, 0.35668, 0.38157, 0.39161, 0.42289, 
0.35785, 0.37582, 0.36892, 0.41254, 0.31684, 0.37641, 0.36422, 
0.33342, 0.36069, 0.34525, 0.33125, 0.29819, 0.36562, 0.3107, 
0.34102, 0.0168, 0.0191, 0.0197, 0.0199, 0.0491, 0.0268, 0.0273, 
0.0253, 0.0252, 0.027, 0.0421, 78.4, 86.3, 95.5, 103.2, 104, 
113.4, 119.6, 135.4, 138.7, 150.4, 149.4, 1549, 847, 1341, 485, 
298, 577, 867, 629, 1514, 128, 487, 47, 45, 62, 106, 1225, 641, 
79, 50, 13, 29, 24, 100, 100, 100, 100, 100, 100, 100, 100, 100, 
100, 100, 2500, 2500, 2500, 2500, 2500, 2500, 2500, 2500, 2500, 
2500, 2500, 8626.249, 8481.482, 8522.017, 8544.41, 9157.16500000001, 
8650.09700000001, 8671.322, 8720.481, 8582.514, 8617.00099999999, 
8885.61599999998, 3.06536, 5.54316, 1.1406, 2.04936, 14.89526, 
7.25972, 8.15569, 2.73119, 3.89713, 6.32694, 9.75261, -5.13581, 
-10.34261, -2.78415, -4.37424, -8.04647, -4.36848, -9.88868, 
-9.40813, -6.13875, -12.4645, -10.69502, 0, 0, 0, 0, 0, 0, 0, 
0, 0, 0, 0, 0, 0, 0, 0, 0, 0, 0, 0, 0, 0, 0, 0.39177, 0.39841, 
0.38998, 0.3413, 0.37442, 0.38573, 0.41701, 0.35229, 0.37055, 
0.36892, 0.41231, 0.31684, 0.36872, 0.35589, 0.32573, 0.36069, 
0.34525, 0.3375, 0.29819, 0.36035, 0.3107, 0.35102, 0.0174, 0.0189, 
0.0205, 0.0221, 0.0522, 0.0253, 0.0242, 0.0234, 0.0278, 0.0274, 
0.0345, 78.4, 86.2, 95.8, 102.9, 104.1, 113.9, 119.5, 135.5, 
138.7, 150.4, 149.7, 540, 1376, 515, 762, 1375, 2257, 2167, 602, 
433, 880, 1158, 1, 1, 1, 1, 1, 1, 1, 1, 1, 1, 2, 100, 100, 100, 
100, 100, 100, 100, 100, 100, 100, 100, 2500, 2500, 2500, 2500, 
2500, 2500, 2500, 2500, 2500, 2500, 2500, 8470.734, 8495.801, 
8571.95499999999, 8587.73699999999, 8643.71000000001, 8649.378, 
8654.993, 8734.20099999999, 8660.353, 8711.45200000002, 8683.236, 
1, 1, 1, 1, 1, 1, 1, 1, 1, 1, 1, 0.07692, 0.07692, 0.07692, 0.07692, 
0.07692, 0.07692, 0.07692, 0.07692, 0.07692, 0.07692, 0.07692, 
0, 0, 0, 0, 0, 0, 0, 0, 0, 0, 0, 0, 0, 0, 0, 0, 0, 0, 0, 0, 0, 
0, 0.34462, 0.34801, 0.33193, 0.30092, 0.28933, 0.28392, 0.32696, 
0.28991, 0.33199, 0.34257, 0.37602, 0.35447, 0.36174, 0.32512, 
0.30082, 0.27978, 0.28655, 0.3301, 0.27043, 0.38232, 0.34199, 
0.35573, 0.0189, 0.0188, 0.0235, 0.0207, 0.0224, 0.0215, 0.0254, 
0.0255, 0.0271, 0.0276, 0.0299, 79.9, 87.4, 95.5, 103.8, 112, 
119.6, 126.9, 135.2, 142.8, 150.8, 157.8, 1, 1, 1, 1, 1, 1, 1, 
1, 1, 1, 1, 1, 1, 1, 1, 1, 1, 1, 1, 1, 1, 1, 1, 1, 1, 1, 1, 1, 
1, 1, 1, 1, 1, 1, 1, 1, 1, 1, 1, 1, 1, 1, 1, 1, 3.378, 3.361, 
3.4, 3.412, 3.422, 3.44, 3.438, 3.433, 3.412, 3.42, 3.403), .Dim = c(11L, 
40L), .Dimnames = list(NULL, c("Sampling", "PSO.cost", "PSO.gamma", 
"PSO.data.balancing", "PSO.feature.selection", "PSO.valid.acc", 
"PSO.test.acc", "PSO.train.time", "PSO.n.support.vectors", "PSO.index", 
"PSO.n.solutions", "PSO.generations", "PSO.n.evaluations", "PSO.cpu.time", 
"RS.cost", "RS.gamma", "RS.data.balancing", "RS.feature.selection", 
"RS.valid.acc", "RS.test.acc", "RS.train.time", "RS.n.support.vectors", 
"RS.index", "RS.n.solutions", "RS.generations", "RS.n.evaluations", 
"RS.cpu.time", "DF.cost", "DF.gamma", "DF.data.balancing", "DF.feature.selection", 
"DF.valid.acc", "DF.test.acc", "DF.train.time", "DF.n.support.vectors", 
"DF.index", "DF.n.solutions", "DF.generations", "DF.n.evaluations", 
"DF.cpu.time")))
