full <-
structure(c(50, 55, 60, 65, 70, 75, 80, 85, 90, 95, 100, 2.34416, 
5.59009, 5.75413, 2.87139, 5.95143, 15, 12.60105, 0.54571, 6.34588, 
4.43111, -0.13634, -4.59008, -5.36266, -10.34707, -4.36405, -8.38521, 
-9.942, -14.34966, -4.32854, -8.76888, -6.36541, -2.49857, 0, 
0, 0, 0, 0, 0, 0, 0, 0, 0, 0, 0, 0, 0, 0, 0, 0, 0, 0, 0, 0, 0, 
0.49485, 0.46903, 0.47348, 0.44449, 0.45062, 0.41065, 0.41733, 
0.42671, 0.38638, 0.41845, 0.39995, 0.41131, 0.42573, 0.43159, 
0.38608, 0.46521, 0.31598, 0.37926, 0.40262, 0.3854, 0.36123, 
0.37019, 0.0168, 0.0193, 0.0184, 0.0199, 0.021, 0.1174, 0.0267, 
0.0251, 0.0264, 0.0287, 0.0291, 77.8, 82.3, 92.1, 100, 104.2, 
106.2, 118.1, 134.4, 137.3, 146, 159.1, 1560, 1046, 167, 734, 
45, 1383, 191, 757, 1299, 1841, 1897, 1, 81, 69, 26, 496, 85, 
640, 126, 135, 12, 6, 100, 100, 100, 100, 100, 100, 100, 100, 
100, 100, 100, 2500, 2500, 2500, 2500, 2500, 2500, 2500, 2500, 
2500, 2500, 2500, 7103.926, 6510.031, 6571.46, 6592.113, 6685.323, 
8277.30899999999, 7012.811, 6929.32799999999, 6986.18599999999, 
7583.823, 6862.86499999999, 2.7573, 0.74617, 7.46939, 2.75335, 
3.89476, 8.66998, 12.14551, 1.04372, 5.7253, 4.45609, 1.86153, 
-6.74622, -5.00606, -12.0601, -4.22658, -6.87898, -6.87153, -14.18537, 
-4.93716, -8.81742, -6.34392, -4.48652, 0, 0, 0, 0, 0, 0, 0, 
0, 0, 0, 0, 0, 0, 0, 0, 0, 0, 0, 0, 0, 0, 0, 0.49394, 0.45418, 
0.46579, 0.43679, 0.45585, 0.40007, 0.41733, 0.4131, 0.38043, 
0.41345, 0.3895, 0.37111, 0.39077, 0.43928, 0.39322, 0.43636, 
0.29201, 0.36676, 0.39818, 0.38609, 0.36123, 0.35997, 0.0163, 
0.0166, 0.0179, 0.0189, 0.0199, 0.0339, 0.0261, 0.0238, 0.0247, 
0.0282, 0.0278, 78.5, 87.1, 92.1, 100.5, 106.7, 109.1, 119, 134.2, 
138, 145.9, 156.7, 1906, 2178, 1894, 1089, 1093, 1822, 129, 1563, 
2183, 28, 844, 1, 1, 1, 3, 2, 1, 7, 1, 1, 1, 1, 100, 100, 100, 
100, 100, 100, 100, 100, 100, 100, 100, 2500, 2500, 2500, 2500, 
2500, 2500, 2500, 2500, 2500, 2500, 2500, 7053.621, 6459.773, 
6535.087, 6585.38, 6631.69299999999, 6807.97200000001, 6775.501, 
7045.97, 6850.481, 6954.63799999999, 6834.201, 1, 1, 1, 1, 1, 
1, 1, 1, 1, 1, 1, 0.07692, 0.07692, 0.07692, 0.07692, 0.07692, 
0.07692, 0.07692, 0.07692, 0.07692, 0.07692, 0.07692, 0, 0, 0, 
0, 0, 0, 0, 0, 0, 0, 0, 0, 0, 0, 0, 0, 0, 0, 0, 0, 0, 0, 0.46485, 
0.39089, 0.41515, 0.38491, 0.43162, 0.35208, 0.33551, 0.38563, 
0.32239, 0.32518, 0.35093, 0.40747, 0.38873, 0.38094, 0.38864, 
0.3836, 0.34671, 0.3339, 0.38554, 0.36267, 0.34985, 0.3655, 0.0165, 
0.0166, 0.018, 0.0193, 0.0201, 0.0225, 0.0225, 0.0279, 0.026, 
0.0271, 0.027, 80, 87.7, 95.8, 103.6, 111.4, 119.1, 127.6, 135.1, 
143.7, 151.4, 158.3, 1, 1, 1, 1, 1, 1, 1, 1, 1, 1, 1, 1, 1, 1, 
1, 1, 1, 1, 1, 1, 1, 1, 1, 1, 1, 1, 1, 1, 1, 1, 1, 1, 1, 1, 1, 
1, 1, 1, 1, 1, 1, 1, 1, 1, 2.841, 2.47, 2.563, 2.597, 2.596, 
2.808, 2.56, 2.758, 2.778, 2.726, 2.625), .Dim = c(11L, 40L), .Dimnames = list(
    NULL, c("Sampling", "PSO.cost", "PSO.gamma", "PSO.data.balancing", 
    "PSO.feature.selection", "PSO.valid.acc", "PSO.test.acc", 
    "PSO.train.time", "PSO.n.support.vectors", "PSO.index", "PSO.n.solutions", 
    "PSO.generations", "PSO.n.evaluations", "PSO.cpu.time", "RS.cost", 
    "RS.gamma", "RS.data.balancing", "RS.feature.selection", 
    "RS.valid.acc", "RS.test.acc", "RS.train.time", "RS.n.support.vectors", 
    "RS.index", "RS.n.solutions", "RS.generations", "RS.n.evaluations", 
    "RS.cpu.time", "DF.cost", "DF.gamma", "DF.data.balancing", 
    "DF.feature.selection", "DF.valid.acc", "DF.test.acc", "DF.train.time", 
    "DF.n.support.vectors", "DF.index", "DF.n.solutions", "DF.generations", 
    "DF.n.evaluations", "DF.cpu.time")))
