full <-
structure(c(50, 55, 60, 65, 70, 75, 80, 85, 90, 95, 100, 4.85003, 
8.08151, 3.77345, 0.19879, 5.26398, 2.63821, 0.97521, 4.94484, 
10.69411, 5.03347, 10.33908, -3.93295, -8.23752, -5.82541, -3.10929, 
-5.61002, -5.31902, -7.17107, -10.04236, -10.85814, -9.54858, 
-8.69471, 0, 0, 0, 0, 0, 0, 0, 0, 0, 0, 0, 0, 0, 0, 0, 0, 0, 
0, 0, 0, 0, 0, 0.44394, 0.41918, 0.40824, 0.38379, 0.4019, 0.39054, 
0.3894, 0.37079, 0.37315, 0.38553, 0.35773, 0.35263, 0.33668, 
0.32425, 0.35, 0.32264, 0.36423, 0.37621, 0.35135, 0.34487, 0.34307, 
0.33096, 0.0169, 0.0197, 0.0197, 0.0194, 0.0219, 0.022, 0.0221, 
0.0238, 0.0331, 0.0257, 0.0548, 79.6, 82.7, 92.3, 103.2, 106.7, 
116.1, 126.9, 133.3, 135.2, 148.5, 148.5, 328, 688, 2259, 1422, 
918, 1782, 919, 1845, 594, 1614, 915, 793, 58, 2, 56, 45, 15, 
38, 1, 176, 14, 25, 100, 100, 100, 100, 100, 100, 100, 100, 100, 
100, 100, 2500, 2500, 2500, 2500, 2500, 2500, 2500, 2500, 2500, 
2500, 2500, 7034.319, 7063.736, 7212.118, 7192.128, 7048.28200000001, 
7358.47, 7420.02899999999, 7359.891, 7572.209, 7637.572, 8131.766, 
4.8273, 6.69222, 3.92508, 0.1897, 1.64387, 2.73523, 1.12185, 
-0.04714, 6.19839, 4.83764, 8.33115, -3.90157, -7.94485, -5.83157, 
-3.92348, -3.91951, -5.3922, -7.37397, -4.78568, -8.81717, -9.33659, 
-7.54516, 0, 0, 0, 0, 0, 0, 0, 0, 0, 0, 0, 0, 0, 0, 0, 0, 0, 
0, 0, 0, 0, 0, 0.44394, 0.4096, 0.39425, 0.3826, 0.40286, 0.38387, 
0.38315, 0.37429, 0.3725, 0.38553, 0.35276, 0.35263, 0.33759, 
0.32425, 0.35174, 0.33128, 0.36423, 0.36996, 0.31593, 0.35544, 
0.34307, 0.33123, 0.0165, 0.0177, 0.0185, 0.0185, 0.0199, 0.0212, 
0.0219, 0.0243, 0.0278, 0.0279, 0.0432, 79.6, 83.6, 92.2, 102.5, 
110.3, 116, 126.9, 134.9, 138.8, 148.4, 149.5, 730, 2078, 320, 
2147, 267, 542, 1164, 2314, 1230, 368, 118, 3, 1, 1, 1, 1, 1, 
1, 1, 1, 1, 1, 100, 100, 100, 100, 100, 100, 100, 100, 100, 100, 
100, 2500, 2500, 2500, 2500, 2500, 2500, 2500, 2500, 2500, 2500, 
2500, 7168.727, 7122.885, 7151.87, 7215.488, 7125.567, 7364.806, 
7370.23400000001, 7460.018, 7683.315, 7683.18400000001, 7761.39600000001, 
1, 1, 1, 1, 1, 1, 1, 1, 1, 1, 1, 0.07692, 0.07692, 0.07692, 0.07692, 
0.07692, 0.07692, 0.07692, 0.07692, 0.07692, 0.07692, 0.07692, 
0, 0, 0, 0, 0, 0, 0, 0, 0, 0, 0, 0, 0, 0, 0, 0, 0, 0, 0, 0, 0, 
0, 0.39667, 0.33786, 0.34775, 0.35943, 0.3385, 0.34244, 0.31664, 
0.32316, 0.34432, 0.33202, 0.31649, 0.39394, 0.37528, 0.35582, 
0.35943, 0.3385, 0.34286, 0.34154, 0.31524, 0.34063, 0.34333, 
0.32647, 0.0163, 0.016, 0.0175, 0.0177, 0.0198, 0.0204, 0.0241, 
0.025, 0.0254, 0.0279, 0.0279, 80, 87.5, 95.3, 102.8, 111.1, 
119.1, 127, 135.4, 143.3, 151.3, 158.5, 1, 1, 1, 1, 1, 1, 1, 
1, 1, 1, 1, 1, 1, 1, 1, 1, 1, 1, 1, 1, 1, 1, 1, 1, 1, 1, 1, 1, 
1, 1, 1, 1, 1, 1, 1, 1, 1, 1, 1, 1, 1, 1, 1, 1, 2.852, 2.656, 
2.672, 2.696, 2.852, 2.77, 2.929, 2.908, 3.031, 3.002, 3.091), .Dim = c(11L, 
40L), .Dimnames = list(NULL, c("Sampling", "PSO.cost", "PSO.gamma", 
"PSO.data.balancing", "PSO.feature.selection", "PSO.valid.acc", 
"PSO.test.acc", "PSO.train.time", "PSO.n.support.vectors", "PSO.index", 
"PSO.n.solutions", "PSO.generations", "PSO.n.evaluations", "PSO.cpu.time", 
"RS.cost", "RS.gamma", "RS.data.balancing", "RS.feature.selection", 
"RS.valid.acc", "RS.test.acc", "RS.train.time", "RS.n.support.vectors", 
"RS.index", "RS.n.solutions", "RS.generations", "RS.n.evaluations", 
"RS.cpu.time", "DF.cost", "DF.gamma", "DF.data.balancing", "DF.feature.selection", 
"DF.valid.acc", "DF.test.acc", "DF.train.time", "DF.n.support.vectors", 
"DF.index", "DF.n.solutions", "DF.generations", "DF.n.evaluations", 
"DF.cpu.time")))
