full <-
structure(c(50, 55, 60, 65, 70, 75, 80, 85, 90, 95, 100, 0.34106, 
1.20601, 5.68064, 14.47427, 8.80516, 8.77808, 5.06666, 1.28071, 
0.18281, -0.31724, -0.33085, -2.57219, -4.00273, -7.61949, -15, 
-9.38105, -1.67577, -5.9002, -3.31869, -3.8106, -2.59676, -2.84337, 
0, 0, 0, 0, 0, 0, 0, 0, 0, 0, 0, 0, 0, 0, 0, 0, 0, 0, 0, 0, 0, 
0, 0.3997, 0.36673, 0.36638, 0.38608, 0.41601, 0.39452, 0.4199, 
0.4082, 0.40425, 0.41601, 0.38633, 0.3697, 0.30228, 0.38176, 
0.31951, 0.3526, 0.31452, 0.35225, 0.3669, 0.36555, 0.37969, 
0.39135, 0.0185, 0.0181, 0.0208, 0.026, 0.0257, 0.0241, 0.0267, 
0.0257, 0.0266, 0.0273, 0.0308, 79.7, 87.2, 91.6, 98, 104.7, 
120, 124.1, 135.7, 142.8, 152, 159, 798, 610, 1217, 614, 1650, 
134, 128, 1992, 708, 2199, 1052, 81, 443, 34, 67, 17, 930, 39, 
14, 104, 2, 251, 100, 100, 100, 100, 100, 100, 100, 100, 100, 
100, 100, 2500, 2500, 2500, 2500, 2500, 2500, 2500, 2500, 2500, 
2500, 2500, 8289.158, 8474.936, 8534.95, 8654.172, 8659.147, 
8595.879, 8550.077, 8647.607, 8589.89000000001, 9390.14799999999, 
8629.24100000001, 0.48126, 1.15552, 12.05636, 14.80178, 11.26877, 
13.17847, 1.76973, 0.20182, 1.9774, 13.17508, -0.24902, -2.38345, 
-3.51835, -13.64994, -14.77154, -10.59215, -1.69918, -7.13023, 
-3.13103, -5.02573, -10.57567, -2.33017, 0, 0, 0, 0, 0, 0, 0, 
0, 0, 0, 0, 0, 0, 0, 0, 0, 0, 0, 0, 0, 0, 0, 0.3897, 0.35624, 
0.35781, 0.37839, 0.40839, 0.39452, 0.41517, 0.39083, 0.40327, 
0.40601, 0.37657, 0.35152, 0.30304, 0.33077, 0.35751, 0.33879, 
0.31452, 0.33841, 0.35606, 0.36028, 0.33766, 0.39109, 0.0181, 
0.0184, 0.0212, 0.0273, 0.0303, 0.0268, 0.0235, 0.0259, 0.0256, 
0.0772, 0.0291, 80, 87.8, 90.9, 97.7, 104, 120, 125.4, 135.9, 
140.8, 143.2, 159.1, 2186, 2121, 1666, 954, 2121, 515, 786, 2349, 
166, 1664, 871, 2, 2, 1, 2, 1, 5, 1, 1, 1, 2, 2, 100, 100, 100, 
100, 100, 100, 100, 100, 100, 100, 100, 2500, 2500, 2500, 2500, 
2500, 2500, 2500, 2500, 2500, 2500, 2500, 8401.913, 8576.918, 
8521.84, 8586.97300000001, 8574.05600000001, 8601.916, 8676.94100000001, 
8709.755, 8780.29699999999, 8808.70699999999, 8746.889, 1, 1, 
1, 1, 1, 1, 1, 1, 1, 1, 1, 0.07692, 0.07692, 0.07692, 0.07692, 
0.07692, 0.07692, 0.07692, 0.07692, 0.07692, 0.07692, 0.07692, 
0, 0, 0, 0, 0, 0, 0, 0, 0, 0, 0, 0, 0, 0, 0, 0, 0, 0, 0, 0, 0, 
0, 0.32131, 0.28986, 0.275, 0.3228, 0.31524, 0.33363, 0.37517, 
0.37199, 0.39281, 0.36531, 0.34654, 0.32859, 0.27117, 0.32512, 
0.30943, 0.30143, 0.29994, 0.3885, 0.3431, 0.34917, 0.34505, 
0.39635, 0.0173, 0.0172, 0.0196, 0.0211, 0.021, 0.0233, 0.0226, 
0.0249, 0.025, 0.0264, 0.0297, 79.7, 87.8, 95.9, 103.9, 111.4, 
118.9, 127.4, 135.9, 143, 151.3, 158.1, 1, 1, 1, 1, 1, 1, 1, 
1, 1, 1, 1, 1, 1, 1, 1, 1, 1, 1, 1, 1, 1, 1, 1, 1, 1, 1, 1, 1, 
1, 1, 1, 1, 1, 1, 1, 1, 1, 1, 1, 1, 1, 1, 1, 1, 3.24, 3.393, 
3.393, 3.371, 3.308, 3.374, 3.44, 3.448, 3.451, 3.398, 3.433), .Dim = c(11L, 
40L), .Dimnames = list(NULL, c("Sampling", "PSO.cost", "PSO.gamma", 
"PSO.data.balancing", "PSO.feature.selection", "PSO.valid.acc", 
"PSO.test.acc", "PSO.train.time", "PSO.n.support.vectors", "PSO.index", 
"PSO.n.solutions", "PSO.generations", "PSO.n.evaluations", "PSO.cpu.time", 
"RS.cost", "RS.gamma", "RS.data.balancing", "RS.feature.selection", 
"RS.valid.acc", "RS.test.acc", "RS.train.time", "RS.n.support.vectors", 
"RS.index", "RS.n.solutions", "RS.generations", "RS.n.evaluations", 
"RS.cpu.time", "DF.cost", "DF.gamma", "DF.data.balancing", "DF.feature.selection", 
"DF.valid.acc", "DF.test.acc", "DF.train.time", "DF.n.support.vectors", 
"DF.index", "DF.n.solutions", "DF.generations", "DF.n.evaluations", 
"DF.cpu.time")))
