full <-
structure(c(50, 55, 60, 65, 70, 75, 80, 85, 90, 95, 100, -0.01355, 
-0.09896, -0.31679, 0.30517, -0.34128, -0.97691, -0.51194, 11.26339, 
9.52008, 12.38835, 2.23649, -3.29914, -2.44334, -3.74573, -5.14988, 
-3.64837, -4.40009, -5.61084, -11.4982, -14.45159, -10.01376, 
-5.82284, 0, 0, 0, 0, 0, 0, 0, 0, 0, 0, 0, 0, 0, 0, 0, 0, 0, 
0, 0, 0, 0, 0, 0.40076, 0.42449, 0.42576, 0.39777, 0.40806, 0.40106, 
0.3837, 0.38967, 0.39413, 0.40234, 0.37351, 0.40167, 0.38679, 
0.41064, 0.3947, 0.40092, 0.34298, 0.38328, 0.37703, 0.35021, 
0.35901, 0.34901, 0.016, 0.0169, 0.0185, 0.022, 0.0217, 0.0228, 
0.0234, 0.0333, 0.0261, 0.0672, 0.0318, 79.5, 87.9, 95.5, 102.7, 
111.6, 119.9, 127.2, 125.3, 139.2, 142.2, 154.5, 1139, 1643, 
1026, 1005, 942, 421, 1405, 807, 467, 652, 1283, 29, 13, 55, 
55, 340, 122, 36, 88, 26, 62, 12, 100, 100, 100, 100, 100, 100, 
100, 100, 100, 100, 100, 2500, 2500, 2500, 2500, 2500, 2500, 
2500, 2500, 2500, 2500, 2500, 6357.209, 6419.988, 6322.796, 9003.148, 
8770.071, 8706.121, 8723.549, 9010.79700000001, 8825.79800000001, 
9847.60500000001, 9114.889, 0.07734, -0.01844, -0.41573, 0.15806, 
0.48505, 1.02143, 0.18199, -0.31349, 1.4282, 12.82042, 2.1733, 
-2.83362, -2.30781, -4.08063, -5.29101, -4.19927, -7.38718, -2.46307, 
-4.33858, -3.56914, -10.2387, -5.77829, 0, 0, 0, 0, 0, 0, 0, 
0, 0, 0, 0, 0, 0, 0, 0, 0, 0, 0, 0, 0, 0, 0, 0.39965, 0.41615, 
0.42716, 0.39654, 0.3937, 0.39402, 0.37184, 0.3981, 0.40028, 
0.40234, 0.36875, 0.38258, 0.35952, 0.40231, 0.3947, 0.35282, 
0.36131, 0.33314, 0.36771, 0.36168, 0.35374, 0.34901, 0.0164, 
0.0165, 0.0209, 0.0223, 0.0236, 0.0218, 0.0245, 0.0271, 0.0281, 
0.0746, 0.0292, 79.7, 88, 95.3, 102.8, 111.3, 119.7, 127.8, 133.9, 
141.8, 142.2, 154.6, 1935, 2454, 2198, 840, 2159, 826, 2432, 
864, 1373, 687, 385, 1, 1, 1, 1, 1, 1, 1, 1, 1, 1, 1, 100, 100, 
100, 100, 100, 100, 100, 100, 100, 100, 100, 2500, 2500, 2500, 
2500, 2500, 2500, 2500, 2500, 2500, 2500, 2500, 6429.61, 6341.865, 
8375.862, 9083.41, 8734.87000000001, 8769.40700000001, 8720.01700000001, 
8946.042, 9006.62400000001, 9147.55800000002, 9195.05800000002, 
1, 1, 1, 1, 1, 1, 1, 1, 1, 1, 1, 0.07692, 0.07692, 0.07692, 0.07692, 
0.07692, 0.07692, 0.07692, 0.07692, 0.07692, 0.07692, 0.07692, 
0, 0, 0, 0, 0, 0, 0, 0, 0, 0, 0, 0, 0, 0, 0, 0, 0, 0, 0, 0, 0, 
0, 0.37258, 0.39861, 0.41743, 0.35255, 0.37934, 0.35837, 0.34559, 
0.34114, 0.36106, 0.36787, 0.31315, 0.38258, 0.33531, 0.42834, 
0.3542, 0.39425, 0.35221, 0.33314, 0.36832, 0.38851, 0.37398, 
0.33949, 0.0164, 0.0162, 0.0215, 0.022, 0.0224, 0.0246, 0.0256, 
0.0275, 0.0276, 0.0278, 0.0318, 79.3, 87.4, 95.4, 102.4, 111.6, 
119.2, 127.3, 134.7, 142.9, 151.2, 158.1, 1, 1, 1, 1, 1, 1, 1, 
1, 1, 1, 1, 1, 1, 1, 1, 1, 1, 1, 1, 1, 1, 1, 1, 1, 1, 1, 1, 1, 
1, 1, 1, 1, 1, 1, 1, 1, 1, 1, 1, 1, 1, 1, 1, 1, 2.593, 2.466, 
3.581, 3.624, 3.365, 3.632, 3.604, 3.709, 3.606, 3.457, 3.753
), .Dim = c(11L, 40L), .Dimnames = list(NULL, c("Sampling", "PSO.cost", 
"PSO.gamma", "PSO.data.balancing", "PSO.feature.selection", "PSO.valid.acc", 
"PSO.test.acc", "PSO.train.time", "PSO.n.support.vectors", "PSO.index", 
"PSO.n.solutions", "PSO.generations", "PSO.n.evaluations", "PSO.cpu.time", 
"RS.cost", "RS.gamma", "RS.data.balancing", "RS.feature.selection", 
"RS.valid.acc", "RS.test.acc", "RS.train.time", "RS.n.support.vectors", 
"RS.index", "RS.n.solutions", "RS.generations", "RS.n.evaluations", 
"RS.cpu.time", "DF.cost", "DF.gamma", "DF.data.balancing", "DF.feature.selection", 
"DF.valid.acc", "DF.test.acc", "DF.train.time", "DF.n.support.vectors", 
"DF.index", "DF.n.solutions", "DF.generations", "DF.n.evaluations", 
"DF.cpu.time")))
