full <-
structure(c(50, 55, 60, 65, 70, 75, 80, 85, 90, 95, 100, 3.30922, 
7.75388, 0.29002, 0.34099, 0.31894, 8.16898, 6.75567, -0.67125, 
1, -0.21778, -0.19463, -6.24128, -6.95832, -0.76117, -1.11384, 
-2.54723, -15, -8.10981, -2.82626, 0.07692, -3.03195, -1.82808, 
0, 0, 0, 0, 0, 0, 0, 0, 0, 0, 0, 0, 0, 0, 0, 0, 0, 0, 0, 0, 0, 
0, 0.39793, 0.37111, 0.38032, 0.35055, 0.35758, 0.33947, 0.36511, 
0.36067, 0.36892, 0.40644, 0.39675, 0.27884, 0.29869, 0.34633, 
0.33143, 0.31527, 0.30956, 0.2927, 0.32979, 0.30629, 0.35784, 
0.34168, 0.0174, 0.0205, 0.0191, 0.0206, 0.0211, 0.0212, 0.0248, 
0.0252, 0.0264, 0.031, 0.0324, 77.8, 82.2, 96, 104, 111.8, 119.7, 
122.1, 136, 143.8, 151.8, 159.1, 1643, 1149, 1020, 1503, 1786, 
78, 411, 1918, 1, 858, 888, 21, 19, 51, 63, 1, 55, 501, 15, 1, 
168, 179, 100, 100, 100, 100, 100, 100, 100, 100, 100, 100, 100, 
2500, 2500, 2500, 2500, 2500, 2500, 2500, 2500, 2500, 2500, 2500, 
6723.348, 7018.411, 6832.931, 6895.542, 6909.051, 6994.773, 7054.27499999999, 
7270.22300000001, 7293.247, 9596.54999999999, 9520.42199999999, 
2.98862, 7.88578, 12.74731, 12.61964, 7.0913, -0.59862, 7.36831, 
0.83938, -0.12188, -0.27399, -0.14787, -6.0731, -7.03533, -0.94188, 
-9.66696, -5.90247, -5.01555, -8.50339, -2.37171, -3.41754, -3.13814, 
-1.70853, 0, 0, 0, 0, 0, 0, 0, 0, 0, 0, 0, 0, 0, 0, 0, 0, 0, 
0, 0, 0, 0, 0, 0.38884, 0.36111, 0.3615, 0.34872, 0.35828, 0.35646, 
0.35956, 0.35614, 0.36822, 0.39062, 0.38123, 0.27975, 0.29869, 
0.32739, 0.29143, 0.30799, 0.31804, 0.29858, 0.35659, 0.32328, 
0.36284, 0.34168, 0.0164, 0.0202, 0.0191, 0.0418, 0.0245, 0.0211, 
0.0255, 0.026, 0.0288, 0.0307, 0.032, 78.1, 82.2, 96, 98.2, 106.8, 
119, 121.6, 135.9, 143.8, 151.9, 159.2, 799, 2399, 191, 1828, 
101, 1370, 42, 2286, 152, 89, 2203, 1, 1, 1, 1, 1, 1, 1, 1, 2, 
2, 1, 100, 100, 100, 100, 100, 100, 100, 100, 100, 100, 100, 
2500, 2500, 2500, 2500, 2500, 2500, 2500, 2500, 2500, 2500, 2500, 
6947.628, 6908.63, 6838.192, 6880.725, 6920.766, 6993.749, 7063.087, 
7175.43399999999, 9741.553, 9657.28399999999, 9493.519, 1, 1, 
1, 1, 1, 1, 1, 1, 1, 1, 1, 0.07692, 0.07692, 0.07692, 0.07692, 
0.07692, 0.07692, 0.07692, 0.07692, 0.07692, 0.07692, 0.07692, 
0, 0, 0, 0, 0, 0, 0, 0, 0, 0, 0, 0, 0, 0, 0, 0, 0, 0, 0, 0, 0, 
0, 0.28662, 0.22121, 0.23568, 0.27048, 0.30593, 0.29813, 0.26788, 
0.34295, 0.36892, 0.36983, 0.33728, 0.26879, 0.23086, 0.27542, 
0.29484, 0.28505, 0.35238, 0.29821, 0.36042, 0.30629, 0.34179, 
0.35252, 0.0167, 0.0173, 0.0184, 0.0196, 0.0204, 0.0216, 0.023, 
0.0252, 0.0288, 0.0308, 0.0317, 79.7, 87.4, 95.8, 103.4, 111.8, 
119.7, 127.8, 135.9, 143.8, 150.8, 158.6, 1, 1, 1, 1, 1, 1, 1, 
1, 1, 1, 1, 1, 1, 1, 1, 1, 1, 1, 1, 1, 1, 1, 1, 1, 1, 1, 1, 1, 
1, 1, 1, 1, 1, 1, 1, 1, 1, 1, 1, 1, 1, 1, 1, 1, 2.754, 2.712, 
2.713, 2.786, 2.662, 2.698, 2.744, 2.813, 3.828, 3.776, 3.778
), .Dim = c(11L, 40L), .Dimnames = list(NULL, c("Sampling", "PSO.cost", 
"PSO.gamma", "PSO.data.balancing", "PSO.feature.selection", "PSO.valid.acc", 
"PSO.test.acc", "PSO.train.time", "PSO.n.support.vectors", "PSO.index", 
"PSO.n.solutions", "PSO.generations", "PSO.n.evaluations", "PSO.cpu.time", 
"RS.cost", "RS.gamma", "RS.data.balancing", "RS.feature.selection", 
"RS.valid.acc", "RS.test.acc", "RS.train.time", "RS.n.support.vectors", 
"RS.index", "RS.n.solutions", "RS.generations", "RS.n.evaluations", 
"RS.cpu.time", "DF.cost", "DF.gamma", "DF.data.balancing", "DF.feature.selection", 
"DF.valid.acc", "DF.test.acc", "DF.train.time", "DF.n.support.vectors", 
"DF.index", "DF.n.solutions", "DF.generations", "DF.n.evaluations", 
"DF.cpu.time")))
