full <-
structure(c(50, 55, 60, 65, 70, 75, 80, 85, 90, 95, 100, 7.08473, 
11.00895, 14.1608, 6.80674, 5.57705, 6.28324, 0.16106, 7.30406, 
1.11366, 4.05521, 2.24313, -12.43896, -6.32184, -1.55354, -7.96228, 
-6.66085, -7.92885, -3.07962, -13.43119, -4.31217, -9.92365, 
-8.16563, 0, 0, 0, 0, 0, 0, 0, 0, 0, 0, 0, 0, 0, 0, 0, 0, 0, 
0, 0, 0, 0, 0, 0.35712, 0.37727, 0.35385, 0.41071, 0.43656, 0.38238, 
0.39449, 0.38873, 0.38987, 0.39276, 0.38474, 0.30152, 0.31848, 
0.35536, 0.37033, 0.38703, 0.37619, 0.35564, 0.33709, 0.37953, 
0.3755, 0.37215, 0.0159, 0.024, 0.0203, 0.0216, 0.0227, 0.0231, 
0.024, 0.0247, 0.0247, 0.0255, 0.0277, 79.3, 80.9, 95.8, 95.9, 
105.1, 111.5, 127.8, 134.1, 142.8, 150.4, 157.1, 318, 626, 154, 
259, 466, 843, 1145, 103, 389, 224, 1559, 58, 63, 760, 120, 484, 
32, 22, 221, 240, 48, 1, 100, 100, 100, 100, 100, 100, 100, 100, 
100, 100, 100, 2500, 2500, 2500, 2500, 2500, 2500, 2500, 2500, 
2500, 2500, 2500, 6676.054, 6833.346, 6686.006, 7062.02899999999, 
6891.083, 7138.667, 6870.205, 6956.77299999999, 7006.512, 6947.95, 
7183.601, 0.44627, 1.52019, 10.19949, 12.56375, 5.87389, 4.57385, 
0.12834, 3.09849, 1.10226, 5.41324, 0.2231, -3.98509, -2.25477, 
-1.56078, -13.5023, -6.79679, -6.56974, -3.11189, -9.21414, -4.27665, 
-11.5194, -5.58084, 0, 0, 0, 0, 0, 0, 0, 0, 0, 0, 0, 0, 0, 0, 
0, 0, 0, 0, 0, 0, 0, 0, 0.36116, 0.38652, 0.35385, 0.40962, 0.42941, 
0.38244, 0.38824, 0.38873, 0.38987, 0.39132, 0.38421, 0.27702, 
0.31939, 0.35536, 0.37921, 0.37934, 0.34185, 0.36189, 0.34297, 
0.38509, 0.37577, 0.33065, 0.0173, 0.0181, 0.0206, 0.022, 0.0232, 
0.0222, 0.0235, 0.0252, 0.027, 0.0264, 0.0291, 79.2, 87.9, 95.8, 
95.5, 104.2, 113, 127.8, 134.2, 142.8, 150.8, 157.7, 1432, 788, 
133, 706, 776, 1833, 675, 1385, 31, 1729, 698, 2, 1, 5, 2, 2, 
1, 1, 1, 3, 2, 2, 100, 100, 100, 100, 100, 100, 100, 100, 100, 
100, 100, 2500, 2500, 2500, 2500, 2500, 2500, 2500, 2500, 2500, 
2500, 2500, 6827.306, 6729.671, 6869.388, 6795.184, 6963.813, 
6950.48, 7043.754, 7137.311, 7247.882, 7097.92599999998, 7138.05300000001, 
1, 1, 1, 1, 1, 1, 1, 1, 1, 1, 1, 0.07692, 0.07692, 0.07692, 0.07692, 
0.07692, 0.07692, 0.07692, 0.07692, 0.07692, 0.07692, 0.07692, 
0, 0, 0, 0, 0, 0, 0, 0, 0, 0, 0, 0, 0, 0, 0, 0, 0, 0, 0, 0, 0, 
0, 0.33374, 0.30439, 0.24079, 0.33416, 0.28454, 0.35655, 0.38777, 
0.3471, 0.35088, 0.33916, 0.33512, 0.31111, 0.31106, 0.28473, 
0.35513, 0.31333, 0.35577, 0.34277, 0.33668, 0.35205, 0.35089, 
0.36947, 0.0179, 0.017, 0.0183, 0.0192, 0.0209, 0.0217, 0.0237, 
0.0241, 0.0243, 0.0282, 0.0284, 79.9, 87.9, 96, 103.5, 111.7, 
119.7, 127.9, 135.7, 143.8, 151.5, 158.6, 1, 1, 1, 1, 1, 1, 1, 
1, 1, 1, 1, 1, 1, 1, 1, 1, 1, 1, 1, 1, 1, 1, 1, 1, 1, 1, 1, 1, 
1, 1, 1, 1, 1, 1, 1, 1, 1, 1, 1, 1, 1, 1, 1, 1, 2.726, 2.536, 
2.673, 2.68, 2.829, 2.731, 2.851, 2.743, 2.688, 2.833, 2.853), .Dim = c(11L, 
40L), .Dimnames = list(NULL, c("Sampling", "PSO.cost", "PSO.gamma", 
"PSO.data.balancing", "PSO.feature.selection", "PSO.valid.acc", 
"PSO.test.acc", "PSO.train.time", "PSO.n.support.vectors", "PSO.index", 
"PSO.n.solutions", "PSO.generations", "PSO.n.evaluations", "PSO.cpu.time", 
"RS.cost", "RS.gamma", "RS.data.balancing", "RS.feature.selection", 
"RS.valid.acc", "RS.test.acc", "RS.train.time", "RS.n.support.vectors", 
"RS.index", "RS.n.solutions", "RS.generations", "RS.n.evaluations", 
"RS.cpu.time", "DF.cost", "DF.gamma", "DF.data.balancing", "DF.feature.selection", 
"DF.valid.acc", "DF.test.acc", "DF.train.time", "DF.n.support.vectors", 
"DF.index", "DF.n.solutions", "DF.generations", "DF.n.evaluations", 
"DF.cpu.time")))
