full <-
structure(c(50, 55, 60, 65, 70, 75, 80, 85, 90, 95, 100, 15, 
2.66935, 2.3162, 13.94037, 0.00638, 5.33688, 3.00882, 4.05369, 
1.99926, 9.903, -0.29251, -13.46408, -7.82746, -4.99562, -11.18384, 
-4.41398, -8.66742, -6.28662, -8.61375, -8.30485, -8.85429, -3.2704, 
0, 0, 0, 0, 0, 0, 0, 0, 0, 0, 0, 0, 0, 0, 0, 0, 0, 0, 0, 0, 0, 
0, 0.43081, 0.45091, 0.4539, 0.39848, 0.45185, 0.3931, 0.39722, 
0.41258, 0.39175, 0.36383, 0.3813, 0.36768, 0.42348, 0.42739, 
0.32269, 0.35782, 0.34794, 0.36078, 0.39003, 0.32574, 0.31605, 
0.35678, 0.0243, 0.0163, 0.0185, 0.05, 0.0224, 0.0242, 0.0245, 
0.0265, 0.0276, 0.045, 0.0296, 70.2, 83.6, 93.2, 93.8, 111.4, 
114.9, 124.3, 131.9, 143.1, 143, 158.7, 203, 447, 736, 319, 1234, 
576, 792, 56, 713, 867, 761, 391, 37, 311, 60, 165, 13, 148, 
138, 24, 65, 90, 100, 100, 100, 100, 100, 100, 100, 100, 100, 
100, 100, 2500, 2500, 2500, 2500, 2500, 2500, 2500, 2500, 2500, 
2500, 2500, 7327.931, 7033.079, 7325.45, 8178.327, 9684.08, 9820.22300000001, 
9814.007, 9838.067, 9726.25700000001, 10025.874, 9549.65899999999, 
14.78941, 1.69419, 2.08906, 12.45417, 0.07531, 8.10718, 2.73631, 
3.24825, 1.58426, 9.56365, 0.48562, -13.23312, -6.81842, -4.92789, 
-10.42213, -4.57687, -12.64571, -6.10548, -7.73452, -7.8485, 
-8.68968, -3.36985, 0, 0, 0, 0, 0, 0, 0, 0, 0, 0, 0, 0, 0, 0, 
0, 0, 0, 0, 0, 0, 0, 0, 0.43081, 0.45091, 0.43788, 0.39079, 0.42375, 
0.38733, 0.39633, 0.41258, 0.39175, 0.36383, 0.37602, 0.36768, 
0.43348, 0.43572, 0.32269, 0.36551, 0.354, 0.35453, 0.38415, 
0.33199, 0.31605, 0.37204, 0.0253, 0.0159, 0.0183, 0.0385, 0.0224, 
0.0231, 0.0246, 0.0263, 0.0275, 0.0433, 0.0318, 70.2, 84, 93.3, 
93.9, 111.2, 117.2, 124.3, 131.9, 143.1, 143, 157.9, 1385, 959, 
392, 2431, 2158, 928, 868, 748, 85, 54, 1971, 1, 1, 4, 1, 1, 
4, 3, 4, 1, 2, 1, 100, 100, 100, 100, 100, 100, 100, 100, 100, 
100, 100, 2500, 2500, 2500, 2500, 2500, 2500, 2500, 2500, 2500, 
2500, 2500, 7158.599, 7061.999, 7407.069, 9759.869, 9833.09600000001, 
9871.382, 9939.272, 9803.713, 9762.84599999999, 9737.59, 9614.71099999998, 
1, 1, 1, 1, 1, 1, 1, 1, 1, 1, 1, 0.07692, 0.07692, 0.07692, 0.07692, 
0.07692, 0.07692, 0.07692, 0.07692, 0.07692, 0.07692, 0.07692, 
0, 0, 0, 0, 0, 0, 0, 0, 0, 0, 0, 0, 0, 0, 0, 0, 0, 0, 0, 0, 0, 
0, 0.39343, 0.40788, 0.41352, 0.31707, 0.39346, 0.36065, 0.3661, 
0.38156, 0.34066, 0.29997, 0.36078, 0.34434, 0.3697, 0.38864, 
0.33579, 0.3583, 0.34128, 0.38419, 0.34677, 0.35439, 0.2902, 
0.35178, 0.0158, 0.0169, 0.0177, 0.0217, 0.0237, 0.0243, 0.0251, 
0.0265, 0.0275, 0.0299, 0.0293, 79.7, 87.7, 95.8, 103.6, 111.8, 
119.7, 127.9, 135.5, 143.5, 151.3, 158, 1, 1, 1, 1, 1, 1, 1, 
1, 1, 1, 1, 1, 1, 1, 1, 1, 1, 1, 1, 1, 1, 1, 1, 1, 1, 1, 1, 1, 
1, 1, 1, 1, 1, 1, 1, 1, 1, 1, 1, 1, 1, 1, 1, 1, 2.881, 2.865, 
2.915, 3.867, 3.967, 3.937, 3.928, 3.878, 3.79, 4.008, 3.635), .Dim = c(11L, 
40L), .Dimnames = list(NULL, c("Sampling", "PSO.cost", "PSO.gamma", 
"PSO.data.balancing", "PSO.feature.selection", "PSO.valid.acc", 
"PSO.test.acc", "PSO.train.time", "PSO.n.support.vectors", "PSO.index", 
"PSO.n.solutions", "PSO.generations", "PSO.n.evaluations", "PSO.cpu.time", 
"RS.cost", "RS.gamma", "RS.data.balancing", "RS.feature.selection", 
"RS.valid.acc", "RS.test.acc", "RS.train.time", "RS.n.support.vectors", 
"RS.index", "RS.n.solutions", "RS.generations", "RS.n.evaluations", 
"RS.cpu.time", "DF.cost", "DF.gamma", "DF.data.balancing", "DF.feature.selection", 
"DF.valid.acc", "DF.test.acc", "DF.train.time", "DF.n.support.vectors", 
"DF.index", "DF.n.solutions", "DF.generations", "DF.n.evaluations", 
"DF.cpu.time")))
