full <-
structure(c(50, 55, 60, 65, 70, 75, 80, 85, 90, 95, 100, 2.57072, 
4.54844, 14.13141, 4.3561, 3.40294, 11.45976, -0.01579, 4.37077, 
4.95542, 7.51032, 9.50731, -5.01925, -9.51746, -11.79071, -5.42964, 
-8.74976, -14.23468, -3.63044, -8.24339, -8.89816, -13.64323, 
-14.5556, 0, 0, 0, 0, 0, 0, 0, 0, 0, 0, 0, 0, 0, 0, 0, 0, 0, 
0, 0, 0, 0, 0, 0.3122, 0.34836, 0.32646, 0.34828, 0.38054, 0.38048, 
0.36243, 0.38295, 0.3741, 0.40172, 0.37199, 0.28333, 0.29353, 
0.26043, 0.31584, 0.37182, 0.31226, 0.31233, 0.30476, 0.33075, 
0.36762, 0.28068, 0.0156, 0.0171, 0.0414, 0.0223, 0.0216, 0.0239, 
0.0239, 0.0284, 0.026, 0.026, 0.0292, 78.5, 87, 90.8, 101.5, 
111, 114.9, 127, 131.5, 139.9, 150, 155, 737, 386, 664, 2183, 
2453, 322, 510, 737, 813, 618, 258, 27, 42, 101, 2, 1, 118, 147, 
35, 19, 84, 79, 100, 100, 100, 100, 100, 100, 100, 100, 100, 
100, 100, 2500, 2500, 2500, 2500, 2500, 2500, 2500, 2500, 2500, 
2500, 2500, 8462.739, 8486.782, 8967.431, 8538.967, 8520.602, 
8546.399, 8486.802, 8786.231, 8672.69399999999, 8646.43899999998, 
8579.054, 3.90987, 6.7624, 13.84101, 7.38164, 8.07064, 11.18784, 
-0.05398, 4.99526, 5.13008, 1.90828, -0.2622, -6.32656, -11.74204, 
-11.68471, -7.14402, -12.98775, -13.94227, -3.60242, -8.76998, 
-9.18147, -8.00375, -2.57561, 0, 0, 0, 0, 0, 0, 0, 0, 0, 0, 0, 
0, 0, 0, 0, 0, 0, 0, 0, 0, 0, 0, 0.3124, 0.34836, 0.31876, 0.34811, 
0.37621, 0.38048, 0.35618, 0.3767, 0.36883, 0.40172, 0.38001, 
0.29465, 0.30186, 0.26043, 0.33956, 0.34469, 0.31226, 0.31233, 
0.3113, 0.33631, 0.36712, 0.36025, 0.0174, 0.0184, 0.0393, 0.0234, 
0.0203, 0.0232, 0.0252, 0.0245, 0.0266, 0.0265, 0.0317, 78.1, 
87, 90.7, 100.3, 110.1, 114.8, 127, 131.6, 140, 149.9, 159, 906, 
112, 1802, 838, 22, 1899, 677, 659, 746, 61, 378, 2, 3, 1, 1, 
3, 1, 1, 2, 1, 1, 1, 100, 100, 100, 100, 100, 100, 100, 100, 
100, 100, 100, 2500, 2500, 2500, 2500, 2500, 2500, 2500, 2500, 
2500, 2500, 2500, 8465.189, 8506.179, 8535.303, 8537.103, 8575.504, 
8571.71900000001, 8601.185, 8705.872, 8777.30800000002, 8752.94899999999, 
8700.54399999999, 1, 1, 1, 1, 1, 1, 1, 1, 1, 1, 1, 0.07692, 0.07692, 
0.07692, 0.07692, 0.07692, 0.07692, 0.07692, 0.07692, 0.07692, 
0.07692, 0.07692, 0, 0, 0, 0, 0, 0, 0, 0, 0, 0, 0, 0, 0, 0, 0, 
0, 0, 0, 0, 0, 0, 0, 0.30513, 0.29737, 0.24365, 0.30973, 0.35031, 
0.3275, 0.35618, 0.32843, 0.3305, 0.36074, 0.34549, 0.28556, 
0.2923, 0.25979, 0.3087, 0.36967, 0.32619, 0.31233, 0.33473, 
0.32614, 0.3573, 0.35573, 0.0179, 0.0182, 0.0195, 0.0205, 0.0215, 
0.0221, 0.0248, 0.0246, 0.0264, 0.0283, 0.0292, 79.9, 88, 95.9, 
104, 112, 119.1, 126.9, 135, 143.1, 151, 158.4, 1, 1, 1, 1, 1, 
1, 1, 1, 1, 1, 1, 1, 1, 1, 1, 1, 1, 1, 1, 1, 1, 1, 1, 1, 1, 1, 
1, 1, 1, 1, 1, 1, 1, 1, 1, 1, 1, 1, 1, 1, 1, 1, 1, 1, 3.366, 
3.382, 3.402, 3.37, 3.384, 3.405, 3.343, 3.45, 3.392, 3.436, 
3.359), .Dim = c(11L, 40L), .Dimnames = list(NULL, c("Sampling", 
"PSO.cost", "PSO.gamma", "PSO.data.balancing", "PSO.feature.selection", 
"PSO.valid.acc", "PSO.test.acc", "PSO.train.time", "PSO.n.support.vectors", 
"PSO.index", "PSO.n.solutions", "PSO.generations", "PSO.n.evaluations", 
"PSO.cpu.time", "RS.cost", "RS.gamma", "RS.data.balancing", "RS.feature.selection", 
"RS.valid.acc", "RS.test.acc", "RS.train.time", "RS.n.support.vectors", 
"RS.index", "RS.n.solutions", "RS.generations", "RS.n.evaluations", 
"RS.cpu.time", "DF.cost", "DF.gamma", "DF.data.balancing", "DF.feature.selection", 
"DF.valid.acc", "DF.test.acc", "DF.train.time", "DF.n.support.vectors", 
"DF.index", "DF.n.solutions", "DF.generations", "DF.n.evaluations", 
"DF.cpu.time")))
