full <-
structure(c(50, 55, 60, 65, 70, 75, 80, 85, 90, 95, 100, 6.47802, 
8.92609, 11.39765, 2.4509, 14.99922, -0.27712, -0.87543, 6.24802, 
15, 2.08257, 5.99171, -1.13816, -14.18737, -8.45421, -1.30028, 
-10.69733, -5.24462, -3.61194, -6.16983, -12.54761, -4.68435, 
-6.65556, 0, 0, 0, 0, 0, 0, 0, 0, 0, 0, 0, 0, 0, 0, 0, 0, 0, 
0, 0, 0, 0, 0, 0.38444, 0.37853, 0.37801, 0.38852, 0.37835, 0.36982, 
0.38657, 0.41712, 0.36868, 0.43117, 0.4114, 0.37626, 0.31675, 
0.27907, 0.35385, 0.28733, 0.35375, 0.3561, 0.38047, 0.32227, 
0.3943, 0.35982, 0.0168, 0.0174, 0.0358, 0.0188, 0.0849, 0.02, 
0.0237, 0.0286, 0.0743, 0.0263, 0.0312, 80, 86.9, 90.2, 104, 
104.3, 118.7, 127.8, 129, 132, 147.5, 151.5, 84, 603, 931, 505, 
1089, 865, 1422, 1634, 462, 273, 731, 646, 39, 74, 667, 68, 63, 
19, 13, 513, 98, 148, 100, 100, 100, 100, 100, 100, 100, 100, 
100, 100, 100, 2500, 2500, 2500, 2500, 2500, 2500, 2500, 2500, 
2500, 2500, 2500, 6172.828, 6248.797, 6296.587, 6212.64200000001, 
7460.81099999999, 6438.09, 6353.81999999999, 6469.253, 7316.32799999999, 
6761.81, 6857.228, 14.40499, 7.93509, 11.44958, 2.28314, 14.73509, 
-0.38336, -0.83362, 6.88785, 8.58857, 2.34625, 5.89439, -1.13808, 
-13.1974, -8.46061, -1.3314, -10.50929, -4.95456, -3.81765, -6.41449, 
-14.09556, -4.87918, -6.5217, 0, 0, 0, 0, 0, 0, 0, 0, 0, 0, 0, 
0, 0, 0, 0, 0, 0, 0, 0, 0, 0, 0, 0.38444, 0.37853, 0.37032, 0.38083, 
0.37121, 0.36893, 0.3748, 0.40498, 0.3677, 0.42617, 0.40113, 
0.37626, 0.31675, 0.27907, 0.36155, 0.27963, 0.35375, 0.3561, 
0.3915, 0.32351, 0.38904, 0.35456, 0.016, 0.0153, 0.0346, 0.0203, 
0.0814, 0.0204, 0.0212, 0.0304, 0.0258, 0.0266, 0.0321, 80, 86.9, 
90, 104, 104.4, 118.7, 127.6, 128.6, 141, 147, 151.6, 174, 13, 
591, 1410, 842, 2216, 223, 2213, 726, 867, 140, 5, 3, 1, 1, 1, 
1, 2, 1, 1, 1, 1, 100, 100, 100, 100, 100, 100, 100, 100, 100, 
100, 100, 2500, 2500, 2500, 2500, 2500, 2500, 2500, 2500, 2500, 
2500, 2500, 6181.06, 6145.509, 6218.592, 6323.254, 6476.604, 
6538.22, 6570.94499999999, 6567.90399999999, 6611.08899999999, 
6644.167, 6791.51700000002, 1, 1, 1, 1, 1, 1, 1, 1, 1, 1, 1, 
0.07692, 0.07692, 0.07692, 0.07692, 0.07692, 0.07692, 0.07692, 
0.07692, 0.07692, 0.07692, 0.07692, 0, 0, 0, 0, 0, 0, 0, 0, 0, 
0, 0, 0, 0, 0, 0, 0, 0, 0, 0, 0, 0, 0, 0.3102, 0.35766, 0.26586, 
0.28795, 0.33136, 0.34619, 0.3185, 0.3364, 0.32234, 0.3788, 0.33293, 
0.30192, 0.36175, 0.28455, 0.27645, 0.30828, 0.34036, 0.34944, 
0.31181, 0.32351, 0.38322, 0.35908, 0.0162, 0.0163, 0.0168, 0.0181, 
0.021, 0.0206, 0.0214, 0.0249, 0.0263, 0.0278, 0.0262, 79.8, 
87.8, 95.6, 103.7, 111, 118.9, 126.9, 134.8, 143.1, 150.6, 158.6, 
1, 1, 1, 1, 1, 1, 1, 1, 1, 1, 1, 1, 1, 1, 1, 1, 1, 1, 1, 1, 1, 
1, 1, 1, 1, 1, 1, 1, 1, 1, 1, 1, 1, 1, 1, 1, 1, 1, 1, 1, 1, 1, 
1, 1, 2.559, 2.459, 2.377, 2.413, 2.615, 2.463, 2.464, 2.69, 
2.713, 2.746, 2.551), .Dim = c(11L, 40L), .Dimnames = list(NULL, 
    c("Sampling", "PSO.cost", "PSO.gamma", "PSO.data.balancing", 
    "PSO.feature.selection", "PSO.valid.acc", "PSO.test.acc", 
    "PSO.train.time", "PSO.n.support.vectors", "PSO.index", "PSO.n.solutions", 
    "PSO.generations", "PSO.n.evaluations", "PSO.cpu.time", "RS.cost", 
    "RS.gamma", "RS.data.balancing", "RS.feature.selection", 
    "RS.valid.acc", "RS.test.acc", "RS.train.time", "RS.n.support.vectors", 
    "RS.index", "RS.n.solutions", "RS.generations", "RS.n.evaluations", 
    "RS.cpu.time", "DF.cost", "DF.gamma", "DF.data.balancing", 
    "DF.feature.selection", "DF.valid.acc", "DF.test.acc", "DF.train.time", 
    "DF.n.support.vectors", "DF.index", "DF.n.solutions", "DF.generations", 
    "DF.n.evaluations", "DF.cpu.time")))
