full <-
structure(c(50, 55, 60, 65, 70, 75, 80, 85, 90, 95, 100, 0.70132, 
0.84551, 0.15881, 1.82128, 4.57155, 3.37531, -0.02912, 4.66846, 
3.95181, -0.57342, -0.10777, -2.86145, -4.32052, -2.79129, -3.95486, 
-6.2848, -6.17702, -2.67237, -6.33134, -5.51156, -2.94819, -3.0284, 
0, 0, 0, 0, 0, 0, 0, 0, 0, 0, 0, 0, 0, 0, 0, 0, 0, 0, 0, 0, 0, 
0, 0.40654, 0.48667, 0.4442, 0.45778, 0.42223, 0.44006, 0.41973, 
0.43724, 0.43008, 0.43111, 0.38822, 0.38066, 0.38288, 0.37177, 
0.42747, 0.39319, 0.38376, 0.35115, 0.37228, 0.36305, 0.39365, 
0.3832, 0.0181, 0.0176, 0.0195, 0.0195, 0.0219, 0.0218, 0.0243, 
0.0247, 0.0286, 0.0265, 0.0301, 79.9, 87.9, 95.8, 101.9, 105.2, 
115.2, 127.4, 127.8, 138.7, 151.7, 159, 2312, 116, 47, 1831, 
1525, 1786, 1847, 83, 355, 1960, 833, 3, 205, 295, 37, 57, 1, 
22, 256, 69, 33, 295, 100, 100, 100, 100, 100, 100, 100, 100, 
100, 100, 100, 2500, 2500, 2500, 2500, 2500, 2500, 2500, 2500, 
2500, 2500, 2500, 6940.189, 6898.076, 6940.269, 6921.766, 7223.57799999999, 
7093.747, 7468.57800000001, 7407.72200000001, 7194.87, 7383.77300000002, 
7557.598, 1.01038, 0.84915, 0.23006, 2.21074, 3.70204, 3.29412, 
-0.06333, 13.8349, 3.75912, 0.27968, -0.45204, -3.02093, -3.69687, 
-2.95604, -4.13619, -5.76718, -6.0988, -2.76441, -10.87716, -5.43927, 
-3.13852, -2.71395, 0, 0, 0, 0, 0, 0, 0, 0, 0, 0, 0, 0, 0, 0, 
0, 0, 0, 0, 0, 0, 0, 0, 0.38836, 0.48485, 0.42511, 0.44295, 0.4074, 
0.43381, 0.40093, 0.43859, 0.41864, 0.41585, 0.38246, 0.39129, 
0.40106, 0.36253, 0.42692, 0.407, 0.38376, 0.35782, 0.39594, 
0.37449, 0.3736, 0.37743, 0.0177, 0.019, 0.0193, 0.02, 0.0207, 
0.0218, 0.0247, 0.0705, 0.0268, 0.0285, 0.0283, 79.8, 87.6, 95.8, 
101.3, 106.5, 115.3, 127.3, 123.8, 138.5, 150.7, 159.2, 922, 
953, 2469, 637, 2003, 197, 148, 143, 405, 7, 203, 1, 1, 1, 2, 
1, 1, 1, 1, 2, 1, 1, 100, 100, 100, 100, 100, 100, 100, 100, 
100, 100, 100, 2500, 2500, 2500, 2500, 2500, 2500, 2500, 2500, 
2500, 2500, 2500, 6792.791, 6867.628, 7019.316, 7131.178, 7193.58400000001, 
7383.552, 7518.22500000001, 7236.466, 7457.273, 7583.516, 7634.296, 
1, 1, 1, 1, 1, 1, 1, 1, 1, 1, 1, 0.07692, 0.07692, 0.07692, 0.07692, 
0.07692, 0.07692, 0.07692, 0.07692, 0.07692, 0.07692, 0.07692, 
0, 0, 0, 0, 0, 0, 0, 0, 0, 0, 0, 0, 0, 0, 0, 0, 0, 0, 0, 0, 0, 
0, 0.29169, 0.40273, 0.38392, 0.37005, 0.32114, 0.40744, 0.38213, 
0.39195, 0.35074, 0.39447, 0.35288, 0.32947, 0.38939, 0.32316, 
0.39423, 0.36264, 0.39814, 0.33865, 0.38681, 0.32449, 0.35754, 
0.3732, 0.0168, 0.0182, 0.0192, 0.0184, 0.0199, 0.0228, 0.0232, 
0.0243, 0.0267, 0.028, 0.0276, 79.8, 88, 95.9, 103.9, 111.2, 
119.2, 126.5, 135.6, 143.7, 151.1, 158.4, 1, 1, 1, 1, 1, 1, 1, 
1, 1, 1, 1, 1, 1, 1, 1, 1, 1, 1, 1, 1, 1, 1, 1, 1, 1, 1, 1, 1, 
1, 1, 1, 1, 1, 1, 1, 1, 1, 1, 1, 1, 1, 1, 1, 1, 2.822, 2.81, 
2.811, 2.616, 2.94, 2.96, 2.892, 2.739, 2.923, 2.996, 3.039), .Dim = c(11L, 
40L), .Dimnames = list(NULL, c("Sampling", "PSO.cost", "PSO.gamma", 
"PSO.data.balancing", "PSO.feature.selection", "PSO.valid.acc", 
"PSO.test.acc", "PSO.train.time", "PSO.n.support.vectors", "PSO.index", 
"PSO.n.solutions", "PSO.generations", "PSO.n.evaluations", "PSO.cpu.time", 
"RS.cost", "RS.gamma", "RS.data.balancing", "RS.feature.selection", 
"RS.valid.acc", "RS.test.acc", "RS.train.time", "RS.n.support.vectors", 
"RS.index", "RS.n.solutions", "RS.generations", "RS.n.evaluations", 
"RS.cpu.time", "DF.cost", "DF.gamma", "DF.data.balancing", "DF.feature.selection", 
"DF.valid.acc", "DF.test.acc", "DF.train.time", "DF.n.support.vectors", 
"DF.index", "DF.n.solutions", "DF.generations", "DF.n.evaluations", 
"DF.cpu.time")))
