full <-
structure(c(50, 55, 60, 65, 70, 75, 80, 85, 90, 95, 100, 1.39084, 
2.3402, 14.74688, 12.10009, 13.99453, 7.44232, 3.80019, 3.4142, 
2.28507, 2.50333, 1.31737, -7.50904, -7.30322, -12.0703, -10.13074, 
-11.94679, -0.70007, -6.9668, -7.51019, -7.51102, -5.86299, -4.92097, 
0, 0, 0, 0, 0, 0, 0, 0, 0, 0, 0, 0, 0, 0, 0, 0, 0, 0, 0, 0, 0, 
0, 0.36386, 0.39343, 0.35214, 0.37784, 0.35839, 0.40571, 0.37139, 
0.36471, 0.37693, 0.39892, 0.40372, 0.30318, 0.25255, 0.31966, 
0.31016, 0.28601, 0.38655, 0.29846, 0.31523, 0.35588, 0.36789, 
0.32767, 0.0169, 0.0164, 0.0458, 0.0353, 0.0447, 0.0238, 0.0234, 
0.0238, 0.0239, 0.0264, 0.0261, 80, 87.3, 89, 96, 106.5, 120, 
124.8, 133, 142.8, 147.8, 156.1, 758, 359, 389, 440, 776, 301, 
762, 1551, 2333, 1111, 929, 29, 42, 166, 82, 97, 1047, 93, 57, 
3, 58, 91, 100, 100, 100, 100, 100, 100, 100, 100, 100, 100, 
100, 2500, 2500, 2500, 2500, 2500, 2500, 2500, 2500, 2500, 2500, 
2500, 6685.267, 6768.425, 7327.073, 7341.031, 7421.353, 7051.31299999999, 
6902.83199999999, 6899.56700000001, 6597.18100000001, 6498.428, 
6542.00100000002, 5.29392, 2.56453, 10.04769, 12.14554, 0.25811, 
6.78964, 3.72886, 3.25019, 3.08421, 0.45584, 1.27761, -11.55019, 
-7.46395, -9.86912, -10.20763, -6.11797, -0.69958, -6.89946, 
-7.283, -8.36314, -4.51104, -5.05628, 0, 0, 0, 0, 0, 0, 0, 0, 
0, 0, 0, 0, 0, 0, 0, 0, 0, 0, 0, 0, 0, 0, 0.34477, 0.37573, 0.345, 
0.37015, 0.37077, 0.40571, 0.37139, 0.35882, 0.37105, 0.38901, 
0.38896, 0.31318, 0.26255, 0.31966, 0.325, 0.29308, 0.38655, 
0.29846, 0.31523, 0.35556, 0.33105, 0.33793, 0.0172, 0.0173, 
0.0246, 0.035, 0.0192, 0.0238, 0.0216, 0.0237, 0.0255, 0.0249, 
0.0259, 79.8, 87.3, 89.5, 95.9, 111.9, 120, 124.8, 133.2, 142.7, 
149.9, 156.5, 243, 1640, 982, 281, 346, 569, 1090, 189, 2124, 
1745, 1479, 5, 1, 1, 3, 1, 1, 1, 1, 1, 1, 2, 100, 100, 100, 100, 
100, 100, 100, 100, 100, 100, 100, 2500, 2500, 2500, 2500, 2500, 
2500, 2500, 2500, 2500, 2500, 2500, 6641.218, 6786.908, 6850.375, 
6708.894, 6898.27499999999, 7119.76700000001, 6835.091, 6934.175, 
6692.655, 6607.92800000001, 6750.929, 1, 1, 1, 1, 1, 1, 1, 1, 
1, 1, 1, 0.07692, 0.07692, 0.07692, 0.07692, 0.07692, 0.07692, 
0.07692, 0.07692, 0.07692, 0.07692, 0.07692, 0, 0, 0, 0, 0, 0, 
0, 0, 0, 0, 0, 0, 0, 0, 0, 0, 0, 0, 0, 0, 0, 0, 0.24159, 0.28395, 
0.26271, 0.28471, 0.23853, 0.3606, 0.32671, 0.30608, 0.3284, 
0.36181, 0.36222, 0.19523, 0.2319, 0.26694, 0.30723, 0.31505, 
0.32673, 0.34791, 0.30464, 0.31667, 0.33135, 0.34193, 0.0174, 
0.0177, 0.0179, 0.0181, 0.0208, 0.0212, 0.0243, 0.0256, 0.0255, 
0.0284, 0.0271, 79.9, 87.9, 95.9, 103.9, 111.9, 120, 128, 135.7, 
143.4, 151.2, 158.3, 1, 1, 1, 1, 1, 1, 1, 1, 1, 1, 1, 1, 1, 1, 
1, 1, 1, 1, 1, 1, 1, 1, 1, 1, 1, 1, 1, 1, 1, 1, 1, 1, 1, 1, 1, 
1, 1, 1, 1, 1, 1, 1, 1, 1, 2.702, 2.787, 2.802, 2.608, 2.8, 2.657, 
2.811, 2.771, 2.684, 2.691, 2.586), .Dim = c(11L, 40L), .Dimnames = list(
    NULL, c("Sampling", "PSO.cost", "PSO.gamma", "PSO.data.balancing", 
    "PSO.feature.selection", "PSO.valid.acc", "PSO.test.acc", 
    "PSO.train.time", "PSO.n.support.vectors", "PSO.index", "PSO.n.solutions", 
    "PSO.generations", "PSO.n.evaluations", "PSO.cpu.time", "RS.cost", 
    "RS.gamma", "RS.data.balancing", "RS.feature.selection", 
    "RS.valid.acc", "RS.test.acc", "RS.train.time", "RS.n.support.vectors", 
    "RS.index", "RS.n.solutions", "RS.generations", "RS.n.evaluations", 
    "RS.cpu.time", "DF.cost", "DF.gamma", "DF.data.balancing", 
    "DF.feature.selection", "DF.valid.acc", "DF.test.acc", "DF.train.time", 
    "DF.n.support.vectors", "DF.index", "DF.n.solutions", "DF.generations", 
    "DF.n.evaluations", "DF.cpu.time")))
