full <-
structure(c(50, 55, 60, 65, 70, 75, 80, 85, 90, 95, 100, 1.46226, 
4.32095, -0.60983, 2.65528, 3.5271, -0.51964, 7.11217, 5.6525, 
1.07235, 0.4094, 8.95992, -3.87147, -5.75375, -4.55066, -6.21554, 
-6.66491, -4.9563, -9.00815, -5.71721, -4.38184, -4.09721, -8.46317, 
0, 0, 0, 0, 0, 0, 0, 0, 0, 0, 0, 0, 0, 0, 0, 0, 0, 0, 0, 0, 0, 
0, 0.41199, 0.45833, 0.44901, 0.43244, 0.42432, 0.38655, 0.40176, 
0.37553, 0.33923, 0.40321, 0.40211, 0.35207, 0.37045, 0.3637, 
0.40236, 0.36029, 0.31988, 0.35593, 0.31793, 0.31519, 0.35579, 
0.38237, 0.0167, 0.0186, 0.0184, 0.0198, 0.0209, 0.022, 0.0241, 
0.0286, 0.0254, 0.0274, 0.0397, 78.5, 82.6, 95.9, 100.6, 106.4, 
119.8, 121.1, 128.7, 142.8, 151, 150.7, 247, 1022, 1413, 776, 
525, 2399, 2477, 1304, 522, 2351, 1284, 152, 139, 30, 99, 233, 
1, 1, 84, 61, 5, 30, 100, 100, 100, 100, 100, 100, 100, 100, 
100, 100, 100, 2500, 2500, 2500, 2500, 2500, 2500, 2500, 2500, 
2500, 2500, 2500, 7144.192, 7334.743, 7380.347, 7435.347, 7506.427, 
7618.03499999999, 7902.30600000001, 7630.12699999999, 7522.46500000001, 
7502.38800000001, 7774.29699999999, 1.4956, 4.93436, -0.67771, 
2.40489, 4.12906, -0.40197, 8.25575, 7.39414, -0.27616, 0.52803, 
6.21699, -3.90287, -6.12802, -3.96538, -6.18802, -7.39886, -4.7833, 
-8.06701, -6.59881, -4.72622, -4.09569, -6.8986, 0, 0, 0, 0, 
0, 0, 0, 0, 0, 0, 0, 0, 0, 0, 0, 0, 0, 0, 0, 0, 0, 0, 0.41199, 
0.43167, 0.40982, 0.42577, 0.40901, 0.39321, 0.3952, 0.35886, 
0.33338, 0.38742, 0.39237, 0.35207, 0.36045, 0.35537, 0.39403, 
0.35205, 0.36036, 0.35047, 0.3183, 0.2877, 0.35052, 0.39763, 
0.0171, 0.0186, 0.0184, 0.0198, 0.0205, 0.0221, 0.0291, 0.0323, 
0.0251, 0.0274, 0.0329, 78.5, 81.9, 95.9, 101.1, 106.5, 119.6, 
119.4, 127.4, 143.3, 151, 151.7, 219, 805, 1826, 1035, 1882, 
1373, 350, 1114, 2100, 1928, 2488, 1, 2, 1, 2, 1, 1, 1, 1, 1, 
1, 1, 100, 100, 100, 100, 100, 100, 100, 100, 100, 100, 100, 
2500, 2500, 2500, 2500, 2500, 2500, 2500, 2500, 2500, 2500, 2500, 
7173.526, 7395.839, 7444.083, 7496.6, 7541.14899999999, 7600.62199999999, 
7644.51599999999, 7664.749, 7527.61899999999, 7658.25400000002, 
7688.76800000001, 1, 1, 1, 1, 1, 1, 1, 1, 1, 1, 1, 0.07692, 0.07692, 
0.07692, 0.07692, 0.07692, 0.07692, 0.07692, 0.07692, 0.07692, 
0.07692, 0.07692, 0, 0, 0, 0, 0, 0, 0, 0, 0, 0, 0, 0, 0, 0, 0, 
0, 0, 0, 0, 0, 0, 0, 0.35699, 0.37455, 0.33046, 0.39846, 0.35982, 
0.37369, 0.33167, 0.32386, 0.32253, 0.36046, 0.37684, 0.3654, 
0.33955, 0.34703, 0.3991, 0.34179, 0.39994, 0.3449, 0.33525, 
0.33777, 0.35608, 0.36711, 0.0174, 0.0182, 0.0185, 0.0203, 0.0201, 
0.0222, 0.0232, 0.0248, 0.0258, 0.0274, 0.0286, 80, 87.5, 95.6, 
103.7, 111.8, 119.7, 127.5, 135.7, 143.8, 151.6, 158, 1, 1, 1, 
1, 1, 1, 1, 1, 1, 1, 1, 1, 1, 1, 1, 1, 1, 1, 1, 1, 1, 1, 1, 1, 
1, 1, 1, 1, 1, 1, 1, 1, 1, 1, 1, 1, 1, 1, 1, 1, 1, 1, 1, 1, 2.89, 
2.956, 2.944, 2.974, 2.843, 3.019, 2.944, 2.996, 2.939, 3.041, 
3.009), .Dim = c(11L, 40L), .Dimnames = list(NULL, c("Sampling", 
"PSO.cost", "PSO.gamma", "PSO.data.balancing", "PSO.feature.selection", 
"PSO.valid.acc", "PSO.test.acc", "PSO.train.time", "PSO.n.support.vectors", 
"PSO.index", "PSO.n.solutions", "PSO.generations", "PSO.n.evaluations", 
"PSO.cpu.time", "RS.cost", "RS.gamma", "RS.data.balancing", "RS.feature.selection", 
"RS.valid.acc", "RS.test.acc", "RS.train.time", "RS.n.support.vectors", 
"RS.index", "RS.n.solutions", "RS.generations", "RS.n.evaluations", 
"RS.cpu.time", "DF.cost", "DF.gamma", "DF.data.balancing", "DF.feature.selection", 
"DF.valid.acc", "DF.test.acc", "DF.train.time", "DF.n.support.vectors", 
"DF.index", "DF.n.solutions", "DF.generations", "DF.n.evaluations", 
"DF.cpu.time")))
