full <-
structure(c(50, 55, 60, 65, 70, 75, 80, 85, 90, 95, 100, 9.92136, 
-0.16986, 7.61571, 4.96364, 7.2769, -0.14856, 11.12781, 13.15314, 
9.90431, 14.00907, -0.15858, -14.56844, -3.85573, -9.16989, -10.57403, 
-12.43911, -2.5575, -9.90558, -7.34015, -10.41833, -15, -3.11349, 
0, 0, 0, 0, 0, 0, 0, 0, 0, 0, 0, 0, 0, 0, 0, 0, 0, 0, 0, 0, 0, 
0, 0.41323, 0.41652, 0.40975, 0.37302, 0.3922, 0.40267, 0.40042, 
0.35045, 0.39935, 0.39292, 0.40029, 0.37962, 0.38182, 0.33906, 
0.34964, 0.37253, 0.38928, 0.3248, 0.3123, 0.37569, 0.37007, 
0.36474, 0.0149, 0.0158, 0.0193, 0.019, 0.0201, 0.0222, 0.037, 
0.0687, 0.0316, 0.0326, 0.0286, 78.1, 87.9, 90.4, 103.1, 110.4, 
119.9, 120.8, 125.9, 135.1, 142, 158.4, 1531, 1233, 2326, 97, 
275, 1107, 846, 456, 362, 137, 1001, 6, 19, 1, 198, 44, 92, 60, 
31, 248, 90, 115, 100, 100, 100, 100, 100, 100, 100, 100, 100, 
100, 100, 2500, 2500, 2500, 2500, 2500, 2500, 2500, 2500, 2500, 
2500, 2500, 6113.469, 6285.931, 6442.294, 6284.149, 6469.514, 
6590.56299999999, 6868.285, 7618.05100000001, 6802.97399999999, 
6943.43800000001, 6766.152, 9.45031, 6.58629, 7.67355, 5.36146, 
6.04062, -0.36656, 9.97638, 14.97805, 10.18553, 12.28866, -0.12975, 
-14.16225, -9.29779, -9.23742, -11.03737, -11.05596, -3.01955, 
-9.19935, -7.45757, -10.67957, -13.24302, -3.07967, 0, 0, 0, 
0, 0, 0, 0, 0, 0, 0, 0, 0, 0, 0, 0, 0, 0, 0, 0, 0, 0, 0, 0.40414, 
0.41894, 0.40975, 0.37302, 0.38608, 0.39773, 0.39412, 0.34383, 
0.39935, 0.38766, 0.39026, 0.36712, 0.38106, 0.33906, 0.34964, 
0.35205, 0.39684, 0.31892, 0.30739, 0.3868, 0.36481, 0.3695, 
0.0159, 0.0172, 0.0195, 0.0189, 0.0194, 0.0213, 0.0324, 0.0764, 
0.0312, 0.0334, 0.0276, 78.2, 85.1, 90.4, 103, 110.2, 119.9, 
120.8, 124.5, 135.2, 141.9, 158.4, 23, 1156, 2218, 313, 184, 
832, 211, 947, 2485, 1322, 1060, 2, 1, 1, 6, 5, 2, 3, 1, 1, 1, 
1, 100, 100, 100, 100, 100, 100, 100, 100, 100, 100, 100, 2500, 
2500, 2500, 2500, 2500, 2500, 2500, 2500, 2500, 2500, 2500, 6267.547, 
6397.343, 6307.842, 6460.881, 6518.267, 6587.96000000001, 6666.09599999999, 
6730.594, 6832.16800000001, 6922.17300000001, 6743.929, 1, 1, 
1, 1, 1, 1, 1, 1, 1, 1, 1, 0.07692, 0.07692, 0.07692, 0.07692, 
0.07692, 0.07692, 0.07692, 0.07692, 0.07692, 0.07692, 0.07692, 
0, 0, 0, 0, 0, 0, 0, 0, 0, 0, 0, 0, 0, 0, 0, 0, 0, 0, 0, 0, 0, 
0, 0.34366, 0.37909, 0.34368, 0.33167, 0.33522, 0.37851, 0.35725, 
0.3134, 0.34327, 0.37454, 0.37471, 0.33712, 0.39015, 0.34992, 
0.34769, 0.35775, 0.38495, 0.35689, 0.31021, 0.35271, 0.36814, 
0.33969, 0.0162, 0.0173, 0.0181, 0.0196, 0.02, 0.0215, 0.0226, 
0.0243, 0.0256, 0.0271, 0.0271, 79.5, 87.8, 95.7, 103.4, 111.6, 
119.2, 127.5, 135.2, 143.1, 151.3, 158.1, 1, 1, 1, 1, 1, 1, 1, 
1, 1, 1, 1, 1, 1, 1, 1, 1, 1, 1, 1, 1, 1, 1, 1, 1, 1, 1, 1, 1, 
1, 1, 1, 1, 1, 1, 1, 1, 1, 1, 1, 1, 1, 1, 1, 1, 2.566, 2.544, 
2.566, 2.597, 2.565, 2.597, 2.613, 2.609, 2.662, 2.715, 2.578
), .Dim = c(11L, 40L), .Dimnames = list(NULL, c("Sampling", "PSO.cost", 
"PSO.gamma", "PSO.data.balancing", "PSO.feature.selection", "PSO.valid.acc", 
"PSO.test.acc", "PSO.train.time", "PSO.n.support.vectors", "PSO.index", 
"PSO.n.solutions", "PSO.generations", "PSO.n.evaluations", "PSO.cpu.time", 
"RS.cost", "RS.gamma", "RS.data.balancing", "RS.feature.selection", 
"RS.valid.acc", "RS.test.acc", "RS.train.time", "RS.n.support.vectors", 
"RS.index", "RS.n.solutions", "RS.generations", "RS.n.evaluations", 
"RS.cpu.time", "DF.cost", "DF.gamma", "DF.data.balancing", "DF.feature.selection", 
"DF.valid.acc", "DF.test.acc", "DF.train.time", "DF.n.support.vectors", 
"DF.index", "DF.n.solutions", "DF.generations", "DF.n.evaluations", 
"DF.cpu.time")))
