full <-
structure(c(50, 55, 60, 65, 70, 75, 80, 85, 90, 95, 100, 10.40034, 
1.18238, -0.58633, 12.90468, 2.23373, 12.93207, -0.23644, -0.34941, 
3.81342, -0.08252, -0.01696, -11.99121, -1.48863, -2.98926, -10.05448, 
-2.53857, -6.13708, -2.47988, -2.41831, -9.41832, -2.48509, -3.81702, 
0, 0, 0, 0, 0, 0, 0, 0, 0, 0, 0, 0, 0, 0, 0, 0, 0, 0, 0, 0, 0, 
0, 0.41917, 0.39213, 0.38054, 0.36353, 0.38795, 0.41848, 0.40689, 
0.38856, 0.41199, 0.40118, 0.40254, 0.28364, 0.33255, 0.32401, 
0.27964, 0.33859, 0.32513, 0.36382, 0.33637, 0.33485, 0.36548, 
0.39328, 0.0174, 0.0179, 0.0192, 0.047, 0.0211, 0.0354, 0.0251, 
0.0265, 0.0288, 0.0314, 0.0318, 76.1, 88, 96, 98, 111.6, 113.1, 
128, 135.9, 139.3, 151.8, 158.7, 138, 997, 2414, 1494, 927, 325, 
876, 1208, 179, 1184, 916, 188, 141, 1, 35, 34, 945, 81, 105, 
59, 76, 53, 100, 100, 100, 100, 100, 100, 100, 100, 100, 100, 
100, 2500, 2500, 2500, 2500, 2500, 2500, 2500, 2500, 2500, 2500, 
2500, 7019.936, 7041.695, 6904.954, 7299.623, 6994.44, 9810.421, 
9418.713, 9587.12100000001, 9595.34999999999, 9608.16699999999, 
9651.90099999998, 9.21202, 1.53557, -0.56637, 12.53842, 9.5816, 
14.61464, -0.31752, 12.58052, 3.62655, -0.18475, 1.95129, -10.81452, 
-1.64383, -3.0699, -9.82664, -14.07125, -5.95103, -2.62343, -0.64161, 
-9.24341, -3.27324, -5.33155, 0, 0, 0, 0, 0, 0, 0, 0, 0, 0, 0, 
0, 0, 0, 0, 0, 0, 0, 0, 0, 0, 0, 0.41917, 0.37213, 0.35542, 0.35583, 
0.38487, 0.41806, 0.39517, 0.35369, 0.41199, 0.38448, 0.39907, 
0.28364, 0.34164, 0.3317, 0.28104, 0.29654, 0.31888, 0.35169, 
0.35344, 0.33485, 0.34849, 0.36778, 0.0172, 0.0186, 0.0191, 0.0445, 
0.0199, 0.0362, 0.0266, 0.03, 0.027, 0.0313, 0.0313, 76.1, 88, 
96, 98.3, 109.2, 113.8, 128, 136, 139.5, 151.7, 155.7, 186, 1273, 
675, 814, 1669, 46, 1887, 1759, 311, 952, 2050, 7, 1, 1, 1, 1, 
9, 1, 1, 2, 1, 1, 100, 100, 100, 100, 100, 100, 100, 100, 100, 
100, 100, 2500, 2500, 2500, 2500, 2500, 2500, 2500, 2500, 2500, 
2500, 2500, 7037.388, 7027.171, 6940.669, 6975.515, 7462.158, 
9568.85800000001, 9477.227, 9597.364, 9724.932, 9812.25799999997, 
9965.53700000001, 1, 1, 1, 1, 1, 1, 1, 1, 1, 1, 1, 0.07692, 0.07692, 
0.07692, 0.07692, 0.07692, 0.07692, 0.07692, 0.07692, 0.07692, 
0.07692, 0.07692, 0, 0, 0, 0, 0, 0, 0, 0, 0, 0, 0, 0, 0, 0, 0, 
0, 0, 0, 0, 0, 0, 0, 0.32598, 0.33728, 0.29056, 0.30938, 0.3359, 
0.32452, 0.35206, 0.3105, 0.33299, 0.35218, 0.39778, 0.29008, 
0.32255, 0.30594, 0.27629, 0.34154, 0.37184, 0.35831, 0.29067, 
0.35767, 0.34931, 0.37776, 0.0162, 0.0171, 0.0175, 0.0193, 0.0244, 
0.0255, 0.0247, 0.0284, 0.0291, 0.0284, 0.0315, 79.7, 87.9, 96, 
103.5, 111.9, 119.7, 127.8, 135.5, 142.6, 151.5, 158.8, 1, 1, 
1, 1, 1, 1, 1, 1, 1, 1, 1, 1, 1, 1, 1, 1, 1, 1, 1, 1, 1, 1, 1, 
1, 1, 1, 1, 1, 1, 1, 1, 1, 1, 1, 1, 1, 1, 1, 1, 1, 1, 1, 1, 1, 
2.741, 2.704, 2.704, 2.779, 3.904, 3.93, 3.646, 4.008, 3.998, 
3.598, 3.979), .Dim = c(11L, 40L), .Dimnames = list(NULL, c("Sampling", 
"PSO.cost", "PSO.gamma", "PSO.data.balancing", "PSO.feature.selection", 
"PSO.valid.acc", "PSO.test.acc", "PSO.train.time", "PSO.n.support.vectors", 
"PSO.index", "PSO.n.solutions", "PSO.generations", "PSO.n.evaluations", 
"PSO.cpu.time", "RS.cost", "RS.gamma", "RS.data.balancing", "RS.feature.selection", 
"RS.valid.acc", "RS.test.acc", "RS.train.time", "RS.n.support.vectors", 
"RS.index", "RS.n.solutions", "RS.generations", "RS.n.evaluations", 
"RS.cpu.time", "DF.cost", "DF.gamma", "DF.data.balancing", "DF.feature.selection", 
"DF.valid.acc", "DF.test.acc", "DF.train.time", "DF.n.support.vectors", 
"DF.index", "DF.n.solutions", "DF.generations", "DF.n.evaluations", 
"DF.cpu.time")))
