full <-
structure(c(50, 55, 60, 65, 70, 75, 80, 85, 90, 95, 100, 15, 
3.00223, 9.30248, 11.27439, 9.64928, -0.80202, -0.4971, -0.10579, 
1.79451, 11.24997, -0.57609, -3.60592, -3.11301, -5.95972, -7.42314, 
-14.72309, -3.06137, -3.54027, -3.19456, -4.50549, -15, -2.5591, 
0, 0, 0, 0, 0, 0, 0, 0, 0, 0, 0, 0, 0, 0, 0, 0, 0, 0, 0, 0, 0, 
0, 0.40576, 0.40131, 0.4148, 0.4369, 0.43049, 0.43064, 0.41516, 
0.44224, 0.40638, 0.36211, 0.38726, 0.33121, 0.33876, 0.37611, 
0.362, 0.38173, 0.42391, 0.36049, 0.39992, 0.35065, 0.32454, 
0.39326, 0.0178, 0.0181, 0.022, 0.0319, 0.0202, 0.0234, 0.0224, 
0.0254, 0.0257, 0.027, 0.0286, 78.4, 87.8, 84.3, 90.1, 109, 120, 
127.6, 135.7, 140.7, 144.7, 159.1, 467, 2138, 1021, 930, 9, 675, 
1723, 726, 933, 138, 566, 141, 1, 111, 57, 282, 55, 56, 422, 
58, 58, 209, 100, 100, 100, 100, 100, 100, 100, 100, 100, 100, 
100, 2500, 2500, 2500, 2500, 2500, 2500, 2500, 2500, 2500, 2500, 
2500, 7211.368, 7202.186, 7411.245, 7815.447, 7300.482, 7366.28, 
7337.39599999999, 7322.93400000001, 7307.63800000001, 7447.973, 
7367.92999999999, 4.2928, 3.01308, 7.18396, 14.37369, 1.38053, 
-0.5134, -0.82093, -0.21836, 1.59663, -1.07779, -0.43937, -3.51327, 
-3.15678, -5.27471, -8.83601, -6.52135, -3.12257, -3.16208, -3.2362, 
-4.41727, -3.49098, -3.63097, 0, 0, 0, 0, 0, 0, 0, 0, 0, 0, 0, 
0, 0, 0, 0, 0, 0, 0, 0, 0, 0, 0, 0.40576, 0.40131, 0.41608, 0.42912, 
0.43764, 0.43064, 0.40129, 0.43668, 0.4005, 0.36789, 0.37752, 
0.3403, 0.33876, 0.39213, 0.362, 0.41085, 0.43922, 0.366, 0.39473, 
0.35065, 0.35658, 0.36905, 0.0182, 0.0194, 0.0216, 0.05, 0.0212, 
0.0213, 0.0223, 0.0249, 0.0262, 0.0261, 0.0281, 78.8, 87.8, 85.5, 
89.7, 109.9, 119.9, 127.9, 135.8, 141, 151.9, 158.9, 318, 210, 
1649, 426, 419, 2039, 2282, 1056, 1724, 2384, 1268, 1, 1, 1, 
3, 5, 1, 1, 2, 1, 1, 1, 100, 100, 100, 100, 100, 100, 100, 100, 
100, 100, 100, 2500, 2500, 2500, 2500, 2500, 2500, 2500, 2500, 
2500, 2500, 2500, 7171.301, 7236.011, 7248.247, 7349.347, 7384.486, 
7420.484, 7462.00599999999, 7297.158, 7470.23000000001, 7479.35399999999, 
7373.17800000001, 1, 1, 1, 1, 1, 1, 1, 1, 1, 1, 1, 0.07692, 0.07692, 
0.07692, 0.07692, 0.07692, 0.07692, 0.07692, 0.07692, 0.07692, 
0.07692, 0.07692, 0, 0, 0, 0, 0, 0, 0, 0, 0, 0, 0, 0, 0, 0, 0, 
0, 0, 0, 0, 0, 0, 0, 0.33758, 0.35221, 0.32255, 0.37042, 0.36442, 
0.3905, 0.37761, 0.40617, 0.37109, 0.35559, 0.35673, 0.34535, 
0.35876, 0.3574, 0.36145, 0.38674, 0.40535, 0.391, 0.40135, 0.36173, 
0.36059, 0.34326, 0.0162, 0.0172, 0.0181, 0.0188, 0.02, 0.0233, 
0.0222, 0.0245, 0.0256, 0.0272, 0.0281, 79.4, 87.4, 95.4, 103.2, 
111.3, 119, 127.1, 135.4, 143.2, 151.3, 158.2, 1, 1, 1, 1, 1, 
1, 1, 1, 1, 1, 1, 1, 1, 1, 1, 1, 1, 1, 1, 1, 1, 1, 1, 1, 1, 1, 
1, 1, 1, 1, 1, 1, 1, 1, 1, 1, 1, 1, 1, 1, 1, 1, 1, 1, 2.8, 2.874, 
2.838, 2.831, 2.84, 3.065, 2.84, 2.925, 2.918, 2.937, 2.86), .Dim = c(11L, 
40L), .Dimnames = list(NULL, c("Sampling", "PSO.cost", "PSO.gamma", 
"PSO.data.balancing", "PSO.feature.selection", "PSO.valid.acc", 
"PSO.test.acc", "PSO.train.time", "PSO.n.support.vectors", "PSO.index", 
"PSO.n.solutions", "PSO.generations", "PSO.n.evaluations", "PSO.cpu.time", 
"RS.cost", "RS.gamma", "RS.data.balancing", "RS.feature.selection", 
"RS.valid.acc", "RS.test.acc", "RS.train.time", "RS.n.support.vectors", 
"RS.index", "RS.n.solutions", "RS.generations", "RS.n.evaluations", 
"RS.cpu.time", "DF.cost", "DF.gamma", "DF.data.balancing", "DF.feature.selection", 
"DF.valid.acc", "DF.test.acc", "DF.train.time", "DF.n.support.vectors", 
"DF.index", "DF.n.solutions", "DF.generations", "DF.n.evaluations", 
"DF.cpu.time")))
