full <-
structure(c(50, 55, 60, 65, 70, 75, 80, 85, 90, 95, 100, 2.09848, 
5.89625, 9.78175, 0.74635, 11.87689, 0.55486, 9.72291, 2.13373, 
-0.25939, 6.95213, 3.09074, -7.9109, -9.85212, -9.35784, -5.4428, 
-10.129, 0.60981, 1.00328, -5.08687, -2.62593, -7.86481, -5.59876, 
0, 0, 0, 0, 0, 0, 0, 0, 0, 0, 0, 0, 0, 0, 0, 0, 0, 0, 0, 0, 0, 
0, 0.38939, 0.42434, 0.39312, 0.37293, 0.3713, 0.34042, 0.32429, 
0.38678, 0.40482, 0.38693, 0.43158, 0.40737, 0.32818, 0.31702, 
0.27496, 0.3083, 0.34042, 0.31882, 0.34147, 0.38133, 0.35513, 
0.38079, 0.0157, 0.0173, 0.0232, 0.0193, 0.0351, 0.0235, 0.0257, 
0.0248, 0.0257, 0.0309, 0.0296, 77.6, 83.6, 90.1, 103.3, 104.2, 
120, 128, 133.9, 143.9, 143.9, 154.2, 223, 117, 919, 468, 2187, 
237, 4, 448, 890, 1981, 939, 54, 265, 32, 335, 1, 129, 1428, 
531, 296, 8, 45, 100, 100, 100, 100, 100, 100, 100, 100, 100, 
100, 100, 2500, 2500, 2500, 2500, 2500, 2500, 2500, 2500, 2500, 
2500, 2500, 6323.01, 6367.177, 6581.92, 6412.393, 6758.306, 6814.02, 
6837.446, 6821.308, 6861.64200000001, 7064.848, 7206.984, 8.83791, 
6.07204, 10.2973, 1.74974, 12.1402, 6.68861, -0.34273, 1.86765, 
-0.38888, -0.45166, 2.17169, -14.08639, -9.84764, -7.91299, -6.88906, 
-10.26923, -4.5222, -3.0982, -4.9817, -2.47999, -2.07807, -5.32222, 
0, 0, 0, 0, 0, 0, 0, 0, 0, 0, 0, 0, 0, 0, 0, 0, 0, 0, 0, 0, 0, 
0, 0.38212, 0.42434, 0.38631, 0.3581, 0.3713, 0.34077, 0.32939, 
0.38053, 0.38812, 0.39837, 0.42158, 0.40737, 0.31984, 0.26841, 
0.33755, 0.30115, 0.24768, 0.33054, 0.34147, 0.37438, 0.40095, 
0.37079, 0.0156, 0.0173, 0.0285, 0.0188, 0.037, 0.0244, 0.0233, 
0.0232, 0.0253, 0.0286, 0.0281, 77.1, 83.4, 90.3, 103, 104.3, 
113.8, 127.7, 134.2, 144, 151.9, 155.2, 175, 978, 1974, 1331, 
2270, 583, 1008, 1515, 1489, 833, 2449, 2, 2, 3, 1, 1, 1, 1, 
1, 1, 1, 1, 100, 100, 100, 100, 100, 100, 100, 100, 100, 100, 
100, 2500, 2500, 2500, 2500, 2500, 2500, 2500, 2500, 2500, 2500, 
2500, 6353.012, 6411.568, 6441.694, 6471.975, 6773.156, 7021.891, 
6882.101, 6963.08600000001, 6982.91800000001, 7074.45199999999, 
7125.443, 1, 1, 1, 1, 1, 1, 1, 1, 1, 1, 1, 0.07692, 0.07692, 
0.07692, 0.07692, 0.07692, 0.07692, 0.07692, 0.07692, 0.07692, 
0.07692, 0.07692, 0, 0, 0, 0, 0, 0, 0, 0, 0, 0, 0, 0, 0, 0, 0, 
0, 0, 0, 0, 0, 0, 0, 0.35101, 0.33621, 0.28328, 0.34856, 0.34139, 
0.31821, 0.28475, 0.31523, 0.35311, 0.35634, 0.36632, 0.3801, 
0.35978, 0.33392, 0.30678, 0.33432, 0.30792, 0.30475, 0.32308, 
0.35816, 0.36605, 0.35605, 0.0161, 0.0176, 0.0192, 0.0192, 0.0213, 
0.0217, 0.023, 0.0249, 0.0257, 0.0263, 0.028, 79.6, 87.2, 95.1, 
103.8, 111.5, 119.3, 126.9, 135.7, 143.3, 150.8, 158.5, 1, 1, 
1, 1, 1, 1, 1, 1, 1, 1, 1, 1, 1, 1, 1, 1, 1, 1, 1, 1, 1, 1, 1, 
1, 1, 1, 1, 1, 1, 1, 1, 1, 1, 1, 1, 1, 1, 1, 1, 1, 1, 1, 1, 1, 
2.478, 2.57, 2.616, 2.537, 2.714, 2.609, 2.7, 2.775, 2.765, 2.651, 
2.74), .Dim = c(11L, 40L), .Dimnames = list(NULL, c("Sampling", 
"PSO.cost", "PSO.gamma", "PSO.data.balancing", "PSO.feature.selection", 
"PSO.valid.acc", "PSO.test.acc", "PSO.train.time", "PSO.n.support.vectors", 
"PSO.index", "PSO.n.solutions", "PSO.generations", "PSO.n.evaluations", 
"PSO.cpu.time", "RS.cost", "RS.gamma", "RS.data.balancing", "RS.feature.selection", 
"RS.valid.acc", "RS.test.acc", "RS.train.time", "RS.n.support.vectors", 
"RS.index", "RS.n.solutions", "RS.generations", "RS.n.evaluations", 
"RS.cpu.time", "DF.cost", "DF.gamma", "DF.data.balancing", "DF.feature.selection", 
"DF.valid.acc", "DF.test.acc", "DF.train.time", "DF.n.support.vectors", 
"DF.index", "DF.n.solutions", "DF.generations", "DF.n.evaluations", 
"DF.cpu.time")))
