full <-
structure(c(50, 55, 60, 65, 70, 75, 80, 85, 90, 95, 100, 4.33882, 
1.59891, 9.1678, 6.69974, 7.40647, 15, 11.21221, 15, 1.94835, 
0.04497, 0.32357, -6.73492, -6.0018, -15, -9.34911, -9.02078, 
-4.61554, -10.81772, -11.06004, -3.65755, -3.45956, -2.92565, 
0, 0, 0, 0, 0, 0, 0, 0, 0, 0, 0, 0, 0, 0, 0, 0, 0, 0, 0, 0, 0, 
0, 0.46253, 0.38521, 0.40432, 0.4294, 0.40018, 0.36756, 0.40282, 
0.38443, 0.40493, 0.39485, 0.41201, 0.4103, 0.38339, 0.37446, 
0.35458, 0.31337, 0.28853, 0.36889, 0.28812, 0.33799, 0.39512, 
0.381, 0.0195, 0.0187, 0.0191, 0.02, 0.0233, 0.0259, 0.0316, 
0.1033, 0.0268, 0.0272, 0.0283, 75.1, 84.8, 93.2, 97.9, 105, 
111.7, 119.2, 126, 141.8, 151.2, 158.9, 426, 865, 902, 793, 2268, 
58, 894, 1308, 584, 2438, 751, 504, 42, 39, 35, 2, 1254, 98, 
3, 120, 1, 332, 100, 100, 100, 100, 100, 100, 100, 100, 100, 
100, 100, 2500, 2500, 2500, 2500, 2500, 2500, 2500, 2500, 2500, 
2500, 2500, 8458.239, 8473.745, 8540.88499999999, 8556.839, 8588.859, 
8645.16100000001, 8958.89700000001, 10120.085, 8663.89299999998, 
9209.571, 8622.61799999999, 3.53107, 1.44976, 9.19807, 5.93752, 
7.13266, 7.86506, 11.6434, 14.73749, 1.48202, -0.07322, 0.31895, 
-6.53907, -6.06613, -10.22218, -8.64673, -8.8931, -6.22866, -11.20635, 
-10.6977, -3.56654, -3.33189, -2.90718, 0, 0, 0, 0, 0, 0, 0, 
0, 0, 0, 0, 0, 0, 0, 0, 0, 0, 0, 0, 0, 0, 0, 0.45455, 0.38521, 
0.40909, 0.42225, 0.38637, 0.37002, 0.39657, 0.38411, 0.40084, 
0.38959, 0.40674, 0.40232, 0.38339, 0.3523, 0.36227, 0.32051, 
0.34329, 0.37514, 0.31131, 0.34907, 0.39512, 0.381, 0.0179, 0.019, 
0.0235, 0.0214, 0.0238, 0.0287, 0.0322, 0.1062, 0.0275, 0.027, 
0.0298, 75.4, 85, 88.4, 98.4, 105.4, 109.4, 118.9, 126.2, 142.4, 
151.5, 158.9, 1295, 556, 33, 1078, 1011, 1840, 80, 1715, 86, 
585, 1632, 1, 2, 1, 1, 1, 1, 2, 1, 1, 2, 1, 100, 100, 100, 100, 
100, 100, 100, 100, 100, 100, 100, 2500, 2500, 2500, 2500, 2500, 
2500, 2500, 2500, 2500, 2500, 2500, 8454.212, 8520.974, 8516.758, 
8590.06999999999, 8592.427, 8659.63500000001, 8681.178, 8731.95899999999, 
8760.603, 8736.95899999997, 8706.43100000001, 1, 1, 1, 1, 1, 
1, 1, 1, 1, 1, 1, 0.07692, 0.07692, 0.07692, 0.07692, 0.07692, 
0.07692, 0.07692, 0.07692, 0.07692, 0.07692, 0.07692, 0, 0, 0, 
0, 0, 0, 0, 0, 0, 0, 0, 0, 0, 0, 0, 0, 0, 0, 0, 0, 0, 0, 0.36212, 
0.32789, 0.31438, 0.31676, 0.32297, 0.34655, 0.38958, 0.29471, 
0.37708, 0.36766, 0.37648, 0.35899, 0.28292, 0.299, 0.29771, 
0.30678, 0.31946, 0.37115, 0.30355, 0.38632, 0.39512, 0.37071, 
0.018, 0.0184, 0.0191, 0.0196, 0.0201, 0.0235, 0.0233, 0.0237, 
0.025, 0.0268, 0.0292, 79.2, 87, 94.2, 102.7, 110.8, 118.9, 127, 
135.1, 143.6, 151, 158.2, 1, 1, 1, 1, 1, 1, 1, 1, 1, 1, 1, 1, 
1, 1, 1, 1, 1, 1, 1, 1, 1, 1, 1, 1, 1, 1, 1, 1, 1, 1, 1, 1, 1, 
1, 1, 1, 1, 1, 1, 1, 1, 1, 1, 1, 3.368, 3.365, 3.383, 3.417, 
3.419, 3.422, 3.418, 3.388, 3.435, 3.419, 3.407), .Dim = c(11L, 
40L), .Dimnames = list(NULL, c("Sampling", "PSO.cost", "PSO.gamma", 
"PSO.data.balancing", "PSO.feature.selection", "PSO.valid.acc", 
"PSO.test.acc", "PSO.train.time", "PSO.n.support.vectors", "PSO.index", 
"PSO.n.solutions", "PSO.generations", "PSO.n.evaluations", "PSO.cpu.time", 
"RS.cost", "RS.gamma", "RS.data.balancing", "RS.feature.selection", 
"RS.valid.acc", "RS.test.acc", "RS.train.time", "RS.n.support.vectors", 
"RS.index", "RS.n.solutions", "RS.generations", "RS.n.evaluations", 
"RS.cpu.time", "DF.cost", "DF.gamma", "DF.data.balancing", "DF.feature.selection", 
"DF.valid.acc", "DF.test.acc", "DF.train.time", "DF.n.support.vectors", 
"DF.index", "DF.n.solutions", "DF.generations", "DF.n.evaluations", 
"DF.cpu.time")))
