full <-
structure(c(50, 55, 60, 65, 70, 75, 80, 85, 90, 95, 100, 14.48579, 
15, 8.29869, 12.40841, 12.17033, 14.71948, 8.97474, 4.26296, 
3.10067, 8.55997, 0.21459, -15, -12.48329, -9.53953, -10.69466, 
-12.69539, -14.96119, -9.80206, -5.44162, -5.97273, -8.51329, 
-2.57455, 0, 0, 0, 0, 0, 0, 0, 0, 0, 0, 0, 0, 0, 0, 0, 0, 0, 
0, 0, 0, 0, 0, 0.37818, 0.38538, 0.40871, 0.34807, 0.37182, 0.38744, 
0.41889, 0.38718, 0.39372, 0.41012, 0.3905, 0.3102, 0.32126, 
0.33988, 0.32798, 0.38198, 0.36518, 0.36181, 0.35189, 0.34551, 
0.35237, 0.34566, 0.0183, 0.0368, 0.0194, 0.0328, 0.0241, 0.0268, 
0.0255, 0.0246, 0.0251, 0.0337, 0.0276, 72.5, 78.6, 86.7, 95, 
101.5, 110.1, 118.2, 131.4, 138.8, 143.7, 158.6, 106, 873, 1209, 
1076, 442, 350, 873, 2243, 1715, 646, 2119, 359, 19, 107, 48, 
79, 819, 159, 4, 18, 93, 3, 100, 100, 100, 100, 100, 100, 100, 
100, 100, 100, 100, 2500, 2500, 2500, 2500, 2500, 2500, 2500, 
2500, 2500, 2500, 2500, 6344.288, 6673.653, 6497.546, 6704.79, 
6511.696, 6577.787, 6628.69, 6506.37800000001, 7144.50899999999, 
6976.30900000001, 6750.973, 9.18957, 14.69199, 7.96195, 11.42906, 
13.33667, 12.61225, 9.53119, -0.06827, 3.03932, 5.55983, -0.21115, 
-9.79851, -12.51335, -9.12863, -10.19449, -13.9439, -12.90104, 
-10.15911, -2.03128, -5.90405, -7.02284, -3.39574, 0, 0, 0, 0, 
0, 0, 0, 0, 0, 0, 0, 0, 0, 0, 0, 0, 0, 0, 0, 0, 0, 0, 0.38818, 
0.37399, 0.40102, 0.34092, 0.36413, 0.38077, 0.41889, 0.36649, 
0.39372, 0.40541, 0.38, 0.33111, 0.33035, 0.35806, 0.32798, 0.38109, 
0.36476, 0.36181, 0.32374, 0.34025, 0.35819, 0.38124, 0.0182, 
0.0321, 0.0183, 0.0287, 0.0231, 0.0273, 0.0267, 0.0252, 0.025, 
0.0287, 0.0279, 73.4, 78.4, 87.1, 95.1, 101.4, 110.2, 117.9, 
136, 138.8, 144.6, 158.5, 539, 1231, 2477, 786, 1109, 1502, 2337, 
2151, 321, 1420, 2365, 1, 1, 1, 1, 1, 1, 1, 1, 1, 1, 1, 100, 
100, 100, 100, 100, 100, 100, 100, 100, 100, 100, 2500, 2500, 
2500, 2500, 2500, 2500, 2500, 2500, 2500, 2500, 2500, 6298.19, 
6227.086, 6291.333, 6419.228, 6490.303, 6442.568, 6467.106, 6619.592, 
6691.933, 6760.383, 6832.497, 1, 1, 1, 1, 1, 1, 1, 1, 1, 1, 1, 
0.07692, 0.07692, 0.07692, 0.07692, 0.07692, 0.07692, 0.07692, 
0.07692, 0.07692, 0.07692, 0.07692, 0, 0, 0, 0, 0, 0, 0, 0, 0, 
0, 0, 0, 0, 0, 0, 0, 0, 0, 0, 0, 0, 0, 0.30364, 0.30126, 0.33382, 
0.27846, 0.29275, 0.30018, 0.29403, 0.34658, 0.32753, 0.34632, 
0.35997, 0.30657, 0.32035, 0.29052, 0.25954, 0.27906, 0.31446, 
0.32389, 0.32291, 0.36693, 0.35374, 0.37098, 0.0158, 0.0155, 
0.0167, 0.0188, 0.0198, 0.0211, 0.0225, 0.0235, 0.0243, 0.0269, 
0.0275, 79.4, 87.3, 94.9, 103, 110, 118.6, 126.4, 134.9, 142.7, 
150.9, 158.1, 1, 1, 1, 1, 1, 1, 1, 1, 1, 1, 1, 1, 1, 1, 1, 1, 
1, 1, 1, 1, 1, 1, 1, 1, 1, 1, 1, 1, 1, 1, 1, 1, 1, 1, 1, 1, 1, 
1, 1, 1, 1, 1, 1, 1, 2.504, 2.394, 2.403, 2.546, 2.595, 2.568, 
2.604, 2.556, 2.543, 2.719, 2.672), .Dim = c(11L, 40L), .Dimnames = list(
    NULL, c("Sampling", "PSO.cost", "PSO.gamma", "PSO.data.balancing", 
    "PSO.feature.selection", "PSO.valid.acc", "PSO.test.acc", 
    "PSO.train.time", "PSO.n.support.vectors", "PSO.index", "PSO.n.solutions", 
    "PSO.generations", "PSO.n.evaluations", "PSO.cpu.time", "RS.cost", 
    "RS.gamma", "RS.data.balancing", "RS.feature.selection", 
    "RS.valid.acc", "RS.test.acc", "RS.train.time", "RS.n.support.vectors", 
    "RS.index", "RS.n.solutions", "RS.generations", "RS.n.evaluations", 
    "RS.cpu.time", "DF.cost", "DF.gamma", "DF.data.balancing", 
    "DF.feature.selection", "DF.valid.acc", "DF.test.acc", "DF.train.time", 
    "DF.n.support.vectors", "DF.index", "DF.n.solutions", "DF.generations", 
    "DF.n.evaluations", "DF.cpu.time")))
