full <-
structure(c(50, 55, 60, 65, 70, 75, 80, 85, 90, 95, 100, 5.90564, 
9.1442, 9.41071, 6.20295, 14.22921, 6.08201, 9.30174, 2.49943, 
7.40183, 3.11222, 12.77131, -6.70351, -8.82305, -7.99159, -12.26549, 
-15, -10.61628, -15, -4.35909, -11.23443, -5.80252, -10.25152, 
0, 0, 0, 0, 0, 0, 0, 0, 0, 0, 0, 0, 0, 0, 0, 0, 0, 0, 0, 0, 0, 
0, 0.42944, 0.44106, 0.41124, 0.42014, 0.44185, 0.42378, 0.41049, 
0.42369, 0.41147, 0.40871, 0.42228, 0.36667, 0.39864, 0.36371, 
0.37194, 0.41774, 0.39568, 0.4023, 0.36475, 0.33865, 0.33149, 
0.38204, 0.0188, 0.0221, 0.0261, 0.0197, 0.0247, 0.0215, 0.0251, 
0.0267, 0.0264, 0.0297, 0.0775, 75.4, 80.1, 89, 103, 103.1, 116.3, 
126.2, 131.8, 138.9, 147.6, 150.6, 1773, 377, 1394, 486, 158, 
53, 117, 958, 1183, 985, 149, 24, 620, 24, 88, 484, 51, 127, 
23, 8, 45, 58, 100, 100, 100, 100, 100, 100, 100, 100, 100, 100, 
100, 2500, 2500, 2500, 2500, 2500, 2500, 2500, 2500, 2500, 2500, 
2500, 8567.006, 8538.465, 8659.764, 8467.978, 8588.232, 8489.784, 
8460.629, 9035.62699999999, 8588.04300000001, 8639.31200000001, 
9191.58499999999, 6.21294, 8.68157, 9.25375, 7.62551, 13.61925, 
7.18061, -0.21672, 2.27132, 7.83382, 3.93527, 2.80135, -7.02881, 
-8.56892, -7.89767, -13.68924, -14.42137, -11.78149, -3.50713, 
-4.40475, -11.64046, -6.2498, -4.74394, 0, 0, 0, 0, 0, 0, 0, 
0, 0, 0, 0, 0, 0, 0, 0, 0, 0, 0, 0, 0, 0, 0, 0.41944, 0.43106, 
0.40215, 0.42014, 0.44185, 0.42252, 0.42031, 0.41785, 0.40558, 
0.40342, 0.42781, 0.32833, 0.39864, 0.36371, 0.37194, 0.41149, 
0.39568, 0.40221, 0.37655, 0.33865, 0.33149, 0.3868, 0.0174, 
0.0207, 0.0271, 0.02, 0.0267, 0.0212, 0.0238, 0.0249, 0.0273, 
0.0292, 0.0296, 75.2, 80.4, 88.9, 103, 103.2, 116.1, 127.1, 132.2, 
138.9, 147.1, 156.4, 1644, 2379, 1066, 871, 1348, 1062, 1735, 
1919, 245, 749, 871, 1, 1, 1, 2, 1, 3, 1, 1, 1, 1, 1, 100, 100, 
100, 100, 100, 100, 100, 100, 100, 100, 100, 2500, 2500, 2500, 
2500, 2500, 2500, 2500, 2500, 2500, 2500, 2500, 8489.355, 8472.022, 
8518.109, 8530.23699999999, 8543.467, 8534.974, 8567.289, 8648.461, 
8733.13099999999, 8679.99799999999, 8638.677, 1, 1, 1, 1, 1, 
1, 1, 1, 1, 1, 1, 0.07692, 0.07692, 0.07692, 0.07692, 0.07692, 
0.07692, 0.07692, 0.07692, 0.07692, 0.07692, 0.07692, 0, 0, 0, 
0, 0, 0, 0, 0, 0, 0, 0, 0, 0, 0, 0, 0, 0, 0, 0, 0, 0, 0, 0.375, 
0.38364, 0.3793, 0.38733, 0.39632, 0.40341, 0.40109, 0.37002, 
0.33901, 0.32909, 0.38702, 0.37333, 0.37606, 0.3583, 0.35711, 
0.39172, 0.37599, 0.38929, 0.36552, 0.34607, 0.33515, 0.3918, 
0.0168, 0.0193, 0.02, 0.0191, 0.0221, 0.0222, 0.0252, 0.0272, 
0.0266, 0.0283, 0.0289, 79.1, 87.4, 95.2, 103.3, 111.4, 119.6, 
127, 134.7, 142.8, 151.1, 158.3, 1, 1, 1, 1, 1, 1, 1, 1, 1, 1, 
1, 1, 1, 1, 1, 1, 1, 1, 1, 1, 1, 1, 1, 1, 1, 1, 1, 1, 1, 1, 1, 
1, 1, 1, 1, 1, 1, 1, 1, 1, 1, 1, 1, 1, 3.364, 3.363, 3.348, 3.365, 
3.362, 3.35, 3.332, 3.421, 3.472, 3.419, 3.344), .Dim = c(11L, 
40L), .Dimnames = list(NULL, c("Sampling", "PSO.cost", "PSO.gamma", 
"PSO.data.balancing", "PSO.feature.selection", "PSO.valid.acc", 
"PSO.test.acc", "PSO.train.time", "PSO.n.support.vectors", "PSO.index", 
"PSO.n.solutions", "PSO.generations", "PSO.n.evaluations", "PSO.cpu.time", 
"RS.cost", "RS.gamma", "RS.data.balancing", "RS.feature.selection", 
"RS.valid.acc", "RS.test.acc", "RS.train.time", "RS.n.support.vectors", 
"RS.index", "RS.n.solutions", "RS.generations", "RS.n.evaluations", 
"RS.cpu.time", "DF.cost", "DF.gamma", "DF.data.balancing", "DF.feature.selection", 
"DF.valid.acc", "DF.test.acc", "DF.train.time", "DF.n.support.vectors", 
"DF.index", "DF.n.solutions", "DF.generations", "DF.n.evaluations", 
"DF.cpu.time")))
