full <-
structure(c(50, 55, 60, 65, 70, 75, 80, 85, 90, 95, 100, 5.9483, 
2.18388, -0.26856, 2.67791, 2.85504, 1.32361, 1.46782, -0.25374, 
7.89511, -0.43829, 11.2925, -6.68704, -7.19101, -3.6423, -5.3822, 
-4.34005, -3.76888, -3.56772, -3.10002, -13.96896, -2.18481, 
-10.92945, 0, 0, 0, 0, 0, 0, 0, 0, 0, 0, 0, 0, 0, 0, 0, 0, 0, 
0, 0, 0, 0, 0, 0.39477, 0.39955, 0.42353, 0.40679, 0.41407, 0.47238, 
0.39588, 0.38256, 0.40545, 0.3924, 0.39575, 0.29659, 0.38197, 
0.40252, 0.35974, 0.37168, 0.40601, 0.35828, 0.3531, 0.41875, 
0.35547, 0.36623, 0.0203, 0.0188, 0.0196, 0.0226, 0.0224, 0.0238, 
0.0264, 0.0259, 0.0249, 0.0282, 0.0396, 75.7, 87.4, 96, 102.1, 
110.1, 119.6, 127.4, 136, 142.3, 152, 149.7, 657, 158, 529, 123, 
724, 1160, 492, 799, 188, 1121, 1363, 68, 132, 412, 65, 49, 88, 
189, 197, 94, 40, 62, 100, 100, 100, 100, 100, 100, 100, 100, 
100, 100, 100, 2500, 2500, 2500, 2500, 2500, 2500, 2500, 2500, 
2500, 2500, 2500, 8614.015, 8535.965, 8509.588, 8522.717, 8611.929, 
8461.48000000001, 8494.34400000001, 8600.811, 8603.728, 8870.74399999998, 
9747.052, 3.48783, 8.55277, -0.29525, 0.08408, 0.89275, 1.43805, 
-0.02553, -0.17783, -0.24227, -0.0917, 14.67805, -3.4976, -13.71679, 
-3.68904, -5.74735, -3.13986, -3.87309, -2.63603, -3.08106, -3.0718, 
-2.95832, -12.54108, 0, 0, 0, 0, 0, 0, 0, 0, 0, 0, 0, 0, 0, 0, 
0, 0, 0, 0, 0, 0, 0, 0, 0.38735, 0.39045, 0.42353, 0.39156, 0.40637, 
0.46613, 0.38765, 0.37667, 0.41319, 0.38213, 0.39049, 0.31374, 
0.40773, 0.39419, 0.3565, 0.37223, 0.41268, 0.38686, 0.34167, 
0.37888, 0.36681, 0.36625, 0.0187, 0.0193, 0.0203, 0.0203, 0.0231, 
0.0242, 0.0271, 0.0266, 0.0252, 0.0287, 0.0713, 79.2, 87.2, 96, 
103.8, 111.7, 119.6, 128, 136, 143.8, 152, 148.6, 233, 180, 308, 
725, 506, 1676, 1663, 602, 1586, 489, 1544, 1, 15, 1, 1, 1, 1, 
1, 2, 1, 1, 1, 100, 100, 100, 100, 100, 100, 100, 100, 100, 100, 
100, 2500, 2500, 2500, 2500, 2500, 2500, 2500, 2500, 2500, 2500, 
2500, 8526.29, 8561.318, 8575.122, 8560.505, 8601.827, 8515.156, 
8619.68700000001, 8734.00599999999, 8716.79500000001, 8682.35800000001, 
8681.505, 1, 1, 1, 1, 1, 1, 1, 1, 1, 1, 1, 0.07692, 0.07692, 
0.07692, 0.07692, 0.07692, 0.07692, 0.07692, 0.07692, 0.07692, 
0.07692, 0.07692, 0, 0, 0, 0, 0, 0, 0, 0, 0, 0, 0, 0, 0, 0, 0, 
0, 0, 0, 0, 0, 0, 0, 0.30389, 0.31985, 0.40037, 0.33548, 0.34297, 
0.36625, 0.33718, 0.36491, 0.36195, 0.36602, 0.36144, 0.32485, 
0.35879, 0.38705, 0.31881, 0.37223, 0.40554, 0.34426, 0.35935, 
0.38414, 0.3557, 0.33665, 0.0173, 0.0194, 0.0202, 0.0219, 0.0212, 
0.0227, 0.0245, 0.0256, 0.0274, 0.0259, 0.0289, 79.8, 87.9, 96, 
104, 111.9, 119.8, 127.8, 135.5, 143.3, 151.3, 157.8, 1, 1, 1, 
1, 1, 1, 1, 1, 1, 1, 1, 1, 1, 1, 1, 1, 1, 1, 1, 1, 1, 1, 1, 1, 
1, 1, 1, 1, 1, 1, 1, 1, 1, 1, 1, 1, 1, 1, 1, 1, 1, 1, 1, 1, 3.424, 
3.394, 3.404, 3.381, 3.4, 3.386, 3.468, 3.437, 3.456, 3.4, 3.417
), .Dim = c(11L, 40L), .Dimnames = list(NULL, c("Sampling", "PSO.cost", 
"PSO.gamma", "PSO.data.balancing", "PSO.feature.selection", "PSO.valid.acc", 
"PSO.test.acc", "PSO.train.time", "PSO.n.support.vectors", "PSO.index", 
"PSO.n.solutions", "PSO.generations", "PSO.n.evaluations", "PSO.cpu.time", 
"RS.cost", "RS.gamma", "RS.data.balancing", "RS.feature.selection", 
"RS.valid.acc", "RS.test.acc", "RS.train.time", "RS.n.support.vectors", 
"RS.index", "RS.n.solutions", "RS.generations", "RS.n.evaluations", 
"RS.cpu.time", "DF.cost", "DF.gamma", "DF.data.balancing", "DF.feature.selection", 
"DF.valid.acc", "DF.test.acc", "DF.train.time", "DF.n.support.vectors", 
"DF.index", "DF.n.solutions", "DF.generations", "DF.n.evaluations", 
"DF.cpu.time")))
