full <-
structure(c(50, 55, 60, 65, 70, 75, 80, 85, 90, 95, 100, 14.84592, 
6.4972, 11.51619, 1.57967, 7.90733, 1.59821, 7.18701, 13.21512, 
-0.93191, 0.89139, 7.4784, -11.35652, -8.07409, -9.99421, -2.63043, 
-11.70244, -7.08515, -7.01813, -14.98306, -3.40204, -5.80607, 
-8.16219, 0, 0, 0, 0, 0, 0, 0, 0, 0, 0, 0, 0, 0, 0, 0, 0, 0, 
0, 0, 0, 0, 0, 0.36919, 0.37533, 0.39668, 0.37299, 0.35678, 0.39393, 
0.40897, 0.36377, 0.39367, 0.41281, 0.38927, 0.31907, 0.34809, 
0.28497, 0.26081, 0.37161, 0.31988, 0.34328, 0.29894, 0.35961, 
0.35623, 0.29915, 0.043, 0.0185, 0.028, 0.0224, 0.0213, 0.0225, 
0.0281, 0.0272, 0.0269, 0.0259, 0.0339, 76.3, 84.3, 89.6, 103.7, 
110.1, 119, 122.4, 129.3, 144, 150, 152.1, 272, 212, 823, 1854, 
166, 1572, 2036, 543, 1835, 1057, 236, 310, 279, 56, 6, 115, 
42, 5, 83, 22, 103, 49, 100, 100, 100, 100, 100, 100, 100, 100, 
100, 100, 100, 2500, 2500, 2500, 2500, 2500, 2500, 2500, 2500, 
2500, 2500, 2500, 8894.366, 8508.534, 8684.233, 8571.946, 8571.84199999999, 
8586.73700000001, 8743.052, 8696.67700000001, 8803.92499999999, 
8668.48499999999, 8833.02799999999, 14.84726, 3.63139, 12.20747, 
1.30121, 10.77703, 2.1112, 14.39719, 12.60451, -0.94194, 1.49425, 
0.76333, -11.31019, -5.6737, -10.4156, -3.02432, -14.58659, -7.60287, 
-10.43852, -14.34162, -3.23405, -6.476, -3.61734, 0, 0, 0, 0, 
0, 0, 0, 0, 0, 0, 0, 0, 0, 0, 0, 0, 0, 0, 0, 0, 0, 0, 0.35808, 
0.37042, 0.38899, 0.36886, 0.35678, 0.38726, 0.40151, 0.36377, 
0.3773, 0.40781, 0.40456, 0.33018, 0.31451, 0.29406, 0.3, 0.37161, 
0.31988, 0.35106, 0.30449, 0.37138, 0.35067, 0.33893, 0.0442, 
0.019, 0.0332, 0.0207, 0.0222, 0.0252, 0.0978, 0.0276, 0.0271, 
0.0266, 0.0294, 76.2, 86.3, 89.5, 103.8, 110, 118.9, 120.9, 129.2, 
144, 149.6, 157.8, 153, 532, 1359, 1243, 937, 1821, 1182, 1962, 
1262, 514, 295, 1, 1, 1, 1, 6, 1, 1, 1, 1, 1, 1, 100, 100, 100, 
100, 100, 100, 100, 100, 100, 100, 100, 2500, 2500, 2500, 2500, 
2500, 2500, 2500, 2500, 2500, 2500, 2500, 8445.173, 8523.479, 
8501.885, 8572.477, 8624.094, 8681.033, 8695.23, 8744.46999999999, 
8810.106, 8756.726, 8742.16199999998, 1, 1, 1, 1, 1, 1, 1, 1, 
1, 1, 1, 0.07692, 0.07692, 0.07692, 0.07692, 0.07692, 0.07692, 
0.07692, 0.07692, 0.07692, 0.07692, 0.07692, 0, 0, 0, 0, 0, 0, 
0, 0, 0, 0, 0, 0, 0, 0, 0, 0, 0, 0, 0, 0, 0, 0, 0.275, 0.27538, 
0.31917, 0.30888, 0.29751, 0.32048, 0.36041, 0.29371, 0.35998, 
0.37673, 0.36846, 0.26578, 0.29557, 0.32547, 0.33104, 0.27744, 
0.29232, 0.35869, 0.30478, 0.32994, 0.36564, 0.34293, 0.0166, 
0.0178, 0.0202, 0.0212, 0.0214, 0.0226, 0.0239, 0.0252, 0.028, 
0.0261, 0.0292, 80, 88, 96, 104, 112, 119.9, 127.9, 135.5, 143.5, 
151.4, 158, 1, 1, 1, 1, 1, 1, 1, 1, 1, 1, 1, 1, 1, 1, 1, 1, 1, 
1, 1, 1, 1, 1, 1, 1, 1, 1, 1, 1, 1, 1, 1, 1, 1, 1, 1, 1, 1, 1, 
1, 1, 1, 1, 1, 1, 3.351, 3.381, 3.37, 3.335, 3.385, 3.43, 3.48, 
3.461, 3.471, 3.379, 3.365), .Dim = c(11L, 40L), .Dimnames = list(
    NULL, c("Sampling", "PSO.cost", "PSO.gamma", "PSO.data.balancing", 
    "PSO.feature.selection", "PSO.valid.acc", "PSO.test.acc", 
    "PSO.train.time", "PSO.n.support.vectors", "PSO.index", "PSO.n.solutions", 
    "PSO.generations", "PSO.n.evaluations", "PSO.cpu.time", "RS.cost", 
    "RS.gamma", "RS.data.balancing", "RS.feature.selection", 
    "RS.valid.acc", "RS.test.acc", "RS.train.time", "RS.n.support.vectors", 
    "RS.index", "RS.n.solutions", "RS.generations", "RS.n.evaluations", 
    "RS.cpu.time", "DF.cost", "DF.gamma", "DF.data.balancing", 
    "DF.feature.selection", "DF.valid.acc", "DF.test.acc", "DF.train.time", 
    "DF.n.support.vectors", "DF.index", "DF.n.solutions", "DF.generations", 
    "DF.n.evaluations", "DF.cpu.time")))
