full <-
structure(c(50, 55, 60, 65, 70, 75, 80, 85, 90, 95, 100, 2.19965, 
2.10016, 1.27285, 0.95446, 0.77059, 5.48569, 5.24477, 3.0439, 
0.76449, 4.42722, 9.13218, -7.83768, -7.72688, -6.27555, -5.17654, 
-3.7679, -10.29172, -10.90818, -7.49, -0.318, -5.80577, -8.71449, 
0, 0, 0, 0, 0, 0, 0, 0, 0, 0, 0, 0, 0, 0, 0, 0, 0, 0, 0, 0, 0, 
0, 0.45111, 0.44941, 0.43617, 0.4544, 0.44584, 0.39554, 0.39431, 
0.37667, 0.38787, 0.37383, 0.41875, 0.40091, 0.3405, 0.3967, 
0.39799, 0.38189, 0.35905, 0.34935, 0.34026, 0.32633, 0.33202, 
0.37425, 0.0154, 0.0162, 0.0182, 0.0192, 0.0207, 0.0215, 0.0226, 
0.023, 0.0272, 0.0309, 0.0395, 78.3, 86.8, 94.6, 102.3, 109.8, 
116.6, 126.1, 132.7, 144, 146.8, 150.1, 2127, 45, 2185, 2229, 
361, 1862, 2075, 432, 1789, 1013, 407, 2, 129, 2, 1, 77, 4, 3, 
190, 11, 7, 59, 100, 100, 100, 100, 100, 100, 100, 100, 100, 
100, 100, 2500, 2500, 2500, 2500, 2500, 2500, 2500, 2500, 2500, 
2500, 2500, 7125.108, 7086.422, 7126.121, 7121.87, 7017.853, 
7276.224, 7240.624, 6848.648, 6893.96900000001, 7239.37299999999, 
7272.054, 2.175, 2.92812, 0.57525, -0.09317, 1.0688, 6.14106, 
-0.28231, 2.82641, -0.57553, 4.75833, 11.8035, -7.82342, -8.30672, 
-5.38318, -4.11528, -3.98071, -10.95614, -2.50747, -7.17269, 
-2.88623, -6.25172, -10.06847, 0, 0, 0, 0, 0, 0, 0, 0, 0, 0, 
0, 0, 0, 0, 0, 0, 0, 0, 0, 0, 0, 0, 0.45111, 0.44941, 0.42617, 
0.43901, 0.44537, 0.39554, 0.40741, 0.37667, 0.38104, 0.37357, 
0.41398, 0.41202, 0.34793, 0.38901, 0.36777, 0.40291, 0.35905, 
0.38894, 0.34026, 0.33612, 0.32146, 0.35922, 0.0158, 0.0163, 
0.0185, 0.0194, 0.0207, 0.0203, 0.0228, 0.023, 0.0272, 0.033, 
0.0576, 78.3, 86.4, 95, 103.4, 109.5, 116.3, 127.9, 132.3, 143.6, 
147.1, 149.4, 224, 177, 1447, 2134, 883, 921, 2084, 1996, 294, 
272, 278, 1, 5, 1, 1, 2, 1, 1, 1, 1, 1, 1, 100, 100, 100, 100, 
100, 100, 100, 100, 100, 100, 100, 2500, 2500, 2500, 2500, 2500, 
2500, 2500, 2500, 2500, 2500, 2500, 7160.191, 7159.879, 7109.997, 
7342.136, 7118.25599999999, 7184.33399999999, 7171.398, 7096.344, 
6869.732, 7098.72900000002, 6857.88800000001, 1, 1, 1, 1, 1, 
1, 1, 1, 1, 1, 1, 0.07692, 0.07692, 0.07692, 0.07692, 0.07692, 
0.07692, 0.07692, 0.07692, 0.07692, 0.07692, 0.07692, 0, 0, 0, 
0, 0, 0, 0, 0, 0, 0, 0, 0, 0, 0, 0, 0, 0, 0, 0, 0, 0, 0, 0.38273, 
0.38319, 0.40707, 0.43901, 0.4172, 0.33321, 0.37996, 0.31098, 
0.35838, 0.31617, 0.37643, 0.41202, 0.3741, 0.39272, 0.37546, 
0.44084, 0.36083, 0.3589, 0.3466, 0.35286, 0.33643, 0.36848, 
0.0175, 0.0167, 0.0184, 0.0188, 0.0204, 0.0222, 0.022, 0.0283, 
0.0278, 0.027, 0.0277, 79.6, 87.6, 95.8, 103.7, 110.9, 119, 127.5, 
134.6, 142.6, 150.8, 158.6, 1, 1, 1, 1, 1, 1, 1, 1, 1, 1, 1, 
1, 1, 1, 1, 1, 1, 1, 1, 1, 1, 1, 1, 1, 1, 1, 1, 1, 1, 1, 1, 1, 
1, 1, 1, 1, 1, 1, 1, 1, 1, 1, 1, 1, 2.863, 2.773, 2.857, 2.872, 
2.789, 2.835, 2.538, 2.763, 2.802, 2.678, 2.624), .Dim = c(11L, 
40L), .Dimnames = list(NULL, c("Sampling", "PSO.cost", "PSO.gamma", 
"PSO.data.balancing", "PSO.feature.selection", "PSO.valid.acc", 
"PSO.test.acc", "PSO.train.time", "PSO.n.support.vectors", "PSO.index", 
"PSO.n.solutions", "PSO.generations", "PSO.n.evaluations", "PSO.cpu.time", 
"RS.cost", "RS.gamma", "RS.data.balancing", "RS.feature.selection", 
"RS.valid.acc", "RS.test.acc", "RS.train.time", "RS.n.support.vectors", 
"RS.index", "RS.n.solutions", "RS.generations", "RS.n.evaluations", 
"RS.cpu.time", "DF.cost", "DF.gamma", "DF.data.balancing", "DF.feature.selection", 
"DF.valid.acc", "DF.test.acc", "DF.train.time", "DF.n.support.vectors", 
"DF.index", "DF.n.solutions", "DF.generations", "DF.n.evaluations", 
"DF.cpu.time")))
