full <-
structure(c(50, 55, 60, 65, 70, 75, 80, 85, 90, 95, 100, 14.94859, 
5.06931, 9.33309, 7.96337, 5.76332, -0.44764, 6.14778, 5.58533, 
0.18268, 8.96494, 1.41172, -14.4125, -7.03205, -7.87947, -10.29251, 
-7.1202, -3.55793, -9.67122, -7.6273, -3.93884, -15, -4.14548, 
0, 0, 0, 0, 0, 0, 0, 0, 0, 0, 0, 0, 0, 0, 0, 0, 0, 0, 0, 0, 0, 
0, 0.43141, 0.43258, 0.45353, 0.44317, 0.43076, 0.44659, 0.36896, 
0.36528, 0.3713, 0.41661, 0.40119, 0.39232, 0.3503, 0.41337, 
0.43699, 0.42259, 0.41534, 0.35388, 0.33444, 0.29235, 0.34924, 
0.37595, 0.0196, 0.0167, 0.0238, 0.0194, 0.0214, 0.0215, 0.0219, 
0.0251, 0.0259, 0.0261, 0.0301, 67.5, 82.5, 87.4, 96.7, 105, 
119.9, 123.4, 130.9, 142.4, 150.1, 157.4, 1119, 839, 407, 115, 
1563, 1028, 1920, 929, 596, 205, 381, 41, 232, 320, 38, 17, 10, 
7, 21, 160, 100, 205, 100, 100, 100, 100, 100, 100, 100, 100, 
100, 100, 100, 2500, 2500, 2500, 2500, 2500, 2500, 2500, 2500, 
2500, 2500, 2500, 6483.019, 6465.474, 6614.392, 6537.541, 6880.44, 
6670.337, 6732.618, 6904.791, 7015.97199999999, 6991.97, 7076.20800000001, 
10.49098, 4.8322, 9.19017, 8.11132, 6.71598, -0.11893, 6.04641, 
11.09882, 0.36615, 6.09452, 1.58994, -11.41977, -6.90254, -7.86334, 
-10.35419, -7.66841, -3.5552, -9.63985, -13.62849, -4.11953, 
-12.14871, -4.16916, 0, 0, 0, 0, 0, 0, 0, 0, 0, 0, 0, 0, 0, 0, 
0, 0, 0, 0, 0, 0, 0, 0, 0.4296, 0.41258, 0.45353, 0.43603, 0.4164, 
0.43409, 0.36182, 0.36181, 0.36574, 0.41135, 0.39593, 0.3701, 
0.3403, 0.41337, 0.4293, 0.42403, 0.40153, 0.348, 0.31924, 0.29791, 
0.3545, 0.36543, 0.017, 0.0177, 0.0228, 0.0201, 0.0221, 0.0212, 
0.0222, 0.0251, 0.0257, 0.0269, 0.0295, 70.9, 82.5, 87.7, 96.4, 
104.1, 119.8, 123.3, 131.4, 142.2, 150.2, 157.2, 1647, 1490, 
82, 1721, 971, 246, 1709, 492, 360, 478, 1029, 5, 1, 1, 2, 1, 
2, 1, 2, 1, 2, 1, 100, 100, 100, 100, 100, 100, 100, 100, 100, 
100, 100, 2500, 2500, 2500, 2500, 2500, 2500, 2500, 2500, 2500, 
2500, 2500, 6465.679, 6490.728, 6499.451, 6580.797, 6720.756, 
6726.77500000001, 6782.33500000001, 6934.49200000001, 7105.30500000001, 
7167.66699999999, 7245.83300000001, 1, 1, 1, 1, 1, 1, 1, 1, 1, 
1, 1, 0.07692, 0.07692, 0.07692, 0.07692, 0.07692, 0.07692, 0.07692, 
0.07692, 0.07692, 0.07692, 0.07692, 0, 0, 0, 0, 0, 0, 0, 0, 0, 
0, 0, 0, 0, 0, 0, 0, 0, 0, 0, 0, 0, 0, 0.34505, 0.30697, 0.3569, 
0.39636, 0.37217, 0.42028, 0.30887, 0.3469, 0.36501, 0.34845, 
0.3659, 0.31081, 0.32591, 0.42964, 0.38812, 0.42032, 0.42159, 
0.32856, 0.2991, 0.29762, 0.36424, 0.38545, 0.0161, 0.0167, 0.0175, 
0.0195, 0.02, 0.021, 0.0228, 0.0241, 0.026, 0.0266, 0.0294, 79.7, 
87.8, 95.9, 103.5, 111.6, 119.7, 127.3, 136, 143.1, 151, 158.2, 
1, 1, 1, 1, 1, 1, 1, 1, 1, 1, 1, 1, 1, 1, 1, 1, 1, 1, 1, 1, 1, 
1, 1, 1, 1, 1, 1, 1, 1, 1, 1, 1, 1, 1, 1, 1, 1, 1, 1, 1, 1, 1, 
1, 1, 2.557, 2.552, 2.557, 2.647, 2.647, 2.657, 2.676, 2.722, 
2.779, 2.8, 2.822), .Dim = c(11L, 40L), .Dimnames = list(NULL, 
    c("Sampling", "PSO.cost", "PSO.gamma", "PSO.data.balancing", 
    "PSO.feature.selection", "PSO.valid.acc", "PSO.test.acc", 
    "PSO.train.time", "PSO.n.support.vectors", "PSO.index", "PSO.n.solutions", 
    "PSO.generations", "PSO.n.evaluations", "PSO.cpu.time", "RS.cost", 
    "RS.gamma", "RS.data.balancing", "RS.feature.selection", 
    "RS.valid.acc", "RS.test.acc", "RS.train.time", "RS.n.support.vectors", 
    "RS.index", "RS.n.solutions", "RS.generations", "RS.n.evaluations", 
    "RS.cpu.time", "DF.cost", "DF.gamma", "DF.data.balancing", 
    "DF.feature.selection", "DF.valid.acc", "DF.test.acc", "DF.train.time", 
    "DF.n.support.vectors", "DF.index", "DF.n.solutions", "DF.generations", 
    "DF.n.evaluations", "DF.cpu.time")))
