full <-
structure(c(50, 55, 60, 65, 70, 75, 80, 85, 90, 95, 100, -0.47771, 
0.92364, 0.18508, 0.08895, 0.03316, 2.05894, 14.11805, 1.83027, 
2.9765, -0.76483, 2.85975, -2.86901, -3.06035, -2.32556, -3.04874, 
-2.30157, -3.88031, -13.38527, -2.96423, -4.92316, -2.50209, 
-4.65846, 0, 0, 0, 0, 0, 0, 0, 0, 0, 0, 0, 0, 0, 0, 0, 0, 0, 
0, 0, 0, 0, 0, 0.43641, 0.41994, 0.4034, 0.4079, 0.4293, 0.39935, 
0.40483, 0.39023, 0.42614, 0.43434, 0.39124, 0.41641, 0.37922, 
0.36893, 0.37223, 0.4063, 0.37089, 0.34408, 0.34047, 0.37666, 
0.37715, 0.39256, 0.0162, 0.0182, 0.0179, 0.0193, 0.0218, 0.0233, 
0.0364, 0.029, 0.03, 0.0291, 0.0304, 79.9, 87.9, 96, 104, 112, 
117, 117.2, 135.2, 138.7, 152, 155.7, 663, 1211, 881, 1495, 178, 
1024, 282, 1671, 910, 2404, 1018, 424, 113, 501, 69, 409, 33, 
167, 9, 110, 3, 43, 100, 100, 100, 100, 100, 100, 100, 100, 100, 
100, 100, 2500, 2500, 2500, 2500, 2500, 2500, 2500, 2500, 2500, 
2500, 2500, 7391.716, 7385.877, 7303.252, 7317.944, 7446.05900000001, 
7541.02800000001, 7997.825, 7676.867, 7740.431, 7737.61900000001, 
7718.48199999999, -0.63602, -0.64321, 0.11868, 0.18843, 0.3216, 
1.92114, 12.84791, 3.10947, 3.11307, 1.27533, -0.65849, -2.62807, 
-2.9313, -2.21028, -2.98589, -2.55246, -3.77899, -9.85362, -4.26285, 
-4.9335, -6.21241, -2.47141, 0, 0, 0, 0, 0, 0, 0, 0, 0, 0, 0, 
0, 0, 0, 0, 0, 0, 0, 0, 0, 0, 0, 0.4099, 0.41649, 0.39571, 0.40671, 
0.42828, 0.37976, 0.40243, 0.38044, 0.41503, 0.41963, 0.39598, 
0.40788, 0.34656, 0.34457, 0.3889, 0.40575, 0.36423, 0.35633, 
0.37756, 0.37698, 0.37715, 0.38079, 0.0161, 0.0172, 0.0189, 0.0193, 
0.0212, 0.024, 0.0624, 0.0264, 0.0292, 0.0258, 0.0312, 80, 88, 
96, 103.9, 112, 117.3, 118.4, 131.7, 138.9, 149.9, 159.2, 1096, 
1464, 1520, 837, 586, 648, 1682, 1689, 994, 2300, 2017, 2, 1, 
2, 1, 1, 1, 1, 1, 1, 1, 1, 100, 100, 100, 100, 100, 100, 100, 
100, 100, 100, 100, 2500, 2500, 2500, 2500, 2500, 2500, 2500, 
2500, 2500, 2500, 2500, 7428.793, 7312.845, 7322.869, 7347.937, 
7558.45, 7590.591, 7723.06, 7739.565, 7826.70099999999, 7852.89000000001, 
7824.43400000001, 1, 1, 1, 1, 1, 1, 1, 1, 1, 1, 1, 0.07692, 0.07692, 
0.07692, 0.07692, 0.07692, 0.07692, 0.07692, 0.07692, 0.07692, 
0.07692, 0.07692, 0, 0, 0, 0, 0, 0, 0, 0, 0, 0, 0, 0, 0, 0, 0, 
0, 0, 0, 0, 0, 0, 0, 0.3899, 0.38498, 0.30149, 0.34359, 0.33601, 
0.32589, 0.32738, 0.37843, 0.39303, 0.39779, 0.38598, 0.37768, 
0.32195, 0.34585, 0.30835, 0.34172, 0.33083, 0.33484, 0.35597, 
0.38137, 0.37665, 0.35663, 0.0169, 0.0173, 0.018, 0.019, 0.0207, 
0.022, 0.0239, 0.0241, 0.0288, 0.0267, 0.0285, 79.4, 87.5, 95.9, 
103.3, 110.7, 118.5, 126.8, 135.1, 142.9, 151, 157.9, 1, 1, 1, 
1, 1, 1, 1, 1, 1, 1, 1, 1, 1, 1, 1, 1, 1, 1, 1, 1, 1, 1, 1, 1, 
1, 1, 1, 1, 1, 1, 1, 1, 1, 1, 1, 1, 1, 1, 1, 1, 1, 1, 1, 1, 2.949, 
2.936, 2.906, 2.931, 2.967, 2.966, 3.009, 3.025, 3.059, 3.068, 
3.103), .Dim = c(11L, 40L), .Dimnames = list(NULL, c("Sampling", 
"PSO.cost", "PSO.gamma", "PSO.data.balancing", "PSO.feature.selection", 
"PSO.valid.acc", "PSO.test.acc", "PSO.train.time", "PSO.n.support.vectors", 
"PSO.index", "PSO.n.solutions", "PSO.generations", "PSO.n.evaluations", 
"PSO.cpu.time", "RS.cost", "RS.gamma", "RS.data.balancing", "RS.feature.selection", 
"RS.valid.acc", "RS.test.acc", "RS.train.time", "RS.n.support.vectors", 
"RS.index", "RS.n.solutions", "RS.generations", "RS.n.evaluations", 
"RS.cpu.time", "DF.cost", "DF.gamma", "DF.data.balancing", "DF.feature.selection", 
"DF.valid.acc", "DF.test.acc", "DF.train.time", "DF.n.support.vectors", 
"DF.index", "DF.n.solutions", "DF.generations", "DF.n.evaluations", 
"DF.cpu.time")))
