full <-
structure(c(50, 55, 60, 65, 70, 75, 80, 85, 90, 95, 100, -0.06936, 
3.70897, 8.00719, 6.03971, 12.76603, -0.4107, -0.40088, -0.34051, 
14.28191, -1.14762, 7.04241, -3.5041, -5.05425, -6.91123, -3.89267, 
-9.82369, -2.00694, -2.30379, -3.13498, -13.48913, -3.01896, 
-7.12027, 0, 0, 0, 0, 0, 0, 0, 0, 0, 0, 0, 0, 0, 0, 0, 0, 0, 
0, 0, 0, 0, 0, 0.36111, 0.37697, 0.42599, 0.39207, 0.40762, 0.38831, 
0.38238, 0.40568, 0.38391, 0.3913, 0.39654, 0.2996, 0.30742, 
0.3264, 0.29059, 0.33542, 0.36853, 0.3702, 0.38174, 0.36234, 
0.33934, 0.33104, 0.0166, 0.0174, 0.024, 0.0216, 0.0522, 0.0231, 
0.0225, 0.0256, 0.048, 0.029, 0.0347, 79.8, 85.1, 91.3, 101.5, 
103.1, 120, 127.9, 136, 134.3, 151.7, 150.3, 1422, 1129, 185, 
869, 703, 1816, 630, 614, 157, 1078, 1331, 42, 51, 149, 96, 188, 
3, 96, 99, 328, 314, 23, 100, 100, 100, 100, 100, 100, 100, 100, 
100, 100, 100, 2500, 2500, 2500, 2500, 2500, 2500, 2500, 2500, 
2500, 2500, 2500, 6763.32, 7064.333, 7182.441, 6744.512, 7613.366, 
6716.628, 6840.867, 7366.673, 7913.23700000001, 7584.44299999998, 
7672.75199999998, 0.45707, 3.63726, 8.36374, 14.61686, 12.3556, 
-0.29347, -0.30993, 0.04441, -0.35604, -1.1598, 7.70334, -2.04851, 
-5.05562, -7.24255, -3.87431, -9.5808, -3.49555, -2.72816, -3.26666, 
-2.24307, -3.34284, -7.41416, 0, 0, 0, 0, 0, 0, 0, 0, 0, 0, 0, 
0, 0, 0, 0, 0, 0, 0, 0, 0, 0, 0, 0.35313, 0.37697, 0.42599, 0.38438, 
0.40048, 0.37587, 0.37613, 0.39975, 0.39084, 0.37575, 0.38654, 
0.29343, 0.30742, 0.32564, 0.2663, 0.32828, 0.38206, 0.364, 0.39457, 
0.362, 0.32908, 0.32678, 0.0168, 0.019, 0.0256, 0.0222, 0.0497, 
0.0213, 0.0235, 0.0245, 0.0277, 0.0285, 0.0384, 80, 85.2, 90.6, 
101.5, 103, 119.9, 128, 135.9, 144, 151.8, 150.5, 1270, 1401, 
2009, 944, 113, 2037, 1215, 396, 619, 1251, 684, 1, 1, 1, 2, 
1, 1, 3, 1, 1, 1, 1, 100, 100, 100, 100, 100, 100, 100, 100, 
100, 100, 100, 2500, 2500, 2500, 2500, 2500, 2500, 2500, 2500, 
2500, 2500, 2500, 7023.144, 6950.04, 7102.673, 6988.476, 6632.44, 
6647.118, 6898.54800000001, 7328.624, 7560.10800000001, 7431.86300000001, 
7786.73500000002, 1, 1, 1, 1, 1, 1, 1, 1, 1, 1, 1, 0.07692, 0.07692, 
0.07692, 0.07692, 0.07692, 0.07692, 0.07692, 0.07692, 0.07692, 
0.07692, 0.07692, 0, 0, 0, 0, 0, 0, 0, 0, 0, 0, 0, 0, 0, 0, 0, 
0, 0, 0, 0, 0, 0, 0, 0.34, 0.26652, 0.34295, 0.33711, 0.31597, 
0.37545, 0.35108, 0.36957, 0.32389, 0.35526, 0.35051, 0.30869, 
0.29152, 0.32716, 0.32877, 0.34161, 0.382, 0.35811, 0.36401, 
0.33448, 0.32914, 0.35157, 0.0176, 0.0181, 0.0194, 0.0198, 0.0218, 
0.023, 0.024, 0.0257, 0.0283, 0.0288, 0.0298, 79.6, 87.1, 95.6, 
103.9, 111.7, 119.7, 127.6, 135.8, 143.1, 150.8, 158.1, 1, 1, 
1, 1, 1, 1, 1, 1, 1, 1, 1, 1, 1, 1, 1, 1, 1, 1, 1, 1, 1, 1, 1, 
1, 1, 1, 1, 1, 1, 1, 1, 1, 1, 1, 1, 1, 1, 1, 1, 1, 1, 1, 1, 1, 
2.781, 2.723, 2.801, 2.923, 2.726, 2.764, 2.77, 2.945, 3.006, 
3.037, 3.055), .Dim = c(11L, 40L), .Dimnames = list(NULL, c("Sampling", 
"PSO.cost", "PSO.gamma", "PSO.data.balancing", "PSO.feature.selection", 
"PSO.valid.acc", "PSO.test.acc", "PSO.train.time", "PSO.n.support.vectors", 
"PSO.index", "PSO.n.solutions", "PSO.generations", "PSO.n.evaluations", 
"PSO.cpu.time", "RS.cost", "RS.gamma", "RS.data.balancing", "RS.feature.selection", 
"RS.valid.acc", "RS.test.acc", "RS.train.time", "RS.n.support.vectors", 
"RS.index", "RS.n.solutions", "RS.generations", "RS.n.evaluations", 
"RS.cpu.time", "DF.cost", "DF.gamma", "DF.data.balancing", "DF.feature.selection", 
"DF.valid.acc", "DF.test.acc", "DF.train.time", "DF.n.support.vectors", 
"DF.index", "DF.n.solutions", "DF.generations", "DF.n.evaluations", 
"DF.cpu.time")))
