full <-
structure(c(50, 55, 60, 65, 70, 75, 80, 85, 90, 95, 100, 4.84934, 
1.38677, 5.95406, 3.61824, 5.69195, 4.01993, 0.32411, 1.86882, 
8.77818, 14.79719, 2.69216, -4.80335, -4.23736, -10.67659, -8.66849, 
-11.19191, -6.43621, -3.82071, -4.10891, -9.63903, -12.4546, 
-4.796, 0, 0, 0, 0, 0, 0, 0, 0, 0, 0, 0, 0, 0, 0, 0, 0, 0, 0, 
0, 0, 0, 0, 0.44889, 0.45859, 0.43695, 0.47123, 0.44223, 0.45237, 
0.45668, 0.42237, 0.41717, 0.40047, 0.3932, 0.36737, 0.40537, 
0.37385, 0.40158, 0.41667, 0.3812, 0.42154, 0.41562, 0.37167, 
0.38327, 0.36272, 0.0187, 0.0185, 0.0222, 0.0213, 0.0197, 0.0238, 
0.0231, 0.0262, 0.0326, 0.0736, 0.03, 74.6, 86.6, 92.3, 100.8, 
108.8, 112.3, 126, 132.9, 134.1, 141.5, 155.7, 686, 1890, 192, 
1229, 170, 1758, 594, 485, 1614, 212, 746, 202, 17, 179, 22, 
122, 15, 500, 89, 16, 793, 230, 100, 100, 100, 100, 100, 100, 
100, 100, 100, 100, 100, 2500, 2500, 2500, 2500, 2500, 2500, 
2500, 2500, 2500, 2500, 2500, 8530.863, 8497.81, 8481.766, 8555.783, 
8523.31, 8646.68800000001, 8577.474, 8636.231, 8768.568, 9664.06200000001, 
8554.18999999997, 4.80455, 10.35675, 4.87457, 3.57975, 5.93391, 
1.73151, 0.30255, -0.24447, -0.52511, 14.63997, -0.03727, -4.9117, 
-8.59654, -9.53921, -8.59733, -11.35722, -5.77802, -3.77415, 
-2.95279, -1.90548, -12.29124, -1.60927, 0, 0, 0, 0, 0, 0, 0, 
0, 0, 0, 0, 0, 0, 0, 0, 0, 0, 0, 0, 0, 0, 0, 0.44889, 0.4395, 
0.43695, 0.47123, 0.44223, 0.44977, 0.45668, 0.40715, 0.4119, 
0.39491, 0.38372, 0.35737, 0.34514, 0.37385, 0.40927, 0.42436, 
0.41669, 0.42154, 0.35021, 0.36242, 0.37275, 0.37848, 0.0197, 
0.0254, 0.0205, 0.019, 0.0225, 0.0231, 0.0226, 0.0243, 0.0274, 
0.0679, 0.0282, 74.2, 79.5, 92.2, 100.8, 108.7, 116.3, 126.1, 
135.8, 144, 141.4, 159.2, 1333, 2017, 215, 2320, 250, 2225, 1847, 
2035, 480, 242, 1599, 1, 1, 7, 1, 8, 1, 1, 1, 1, 3, 1, 100, 100, 
100, 100, 100, 100, 100, 100, 100, 100, 100, 2500, 2500, 2500, 
2500, 2500, 2500, 2500, 2500, 2500, 2500, 2500, 8474.548, 8467.516, 
8553.442, 8589.13299999999, 8585.875, 8662.909, 8640.70999999999, 
8728.962, 8746.32699999999, 8698.15699999998, 8713.18100000001, 
1, 1, 1, 1, 1, 1, 1, 1, 1, 1, 1, 0.07692, 0.07692, 0.07692, 0.07692, 
0.07692, 0.07692, 0.07692, 0.07692, 0.07692, 0.07692, 0.07692, 
0, 0, 0, 0, 0, 0, 0, 0, 0, 0, 0, 0, 0, 0, 0, 0, 0, 0, 0, 0, 0, 
0, 0.39051, 0.37181, 0.38422, 0.40418, 0.39216, 0.41128, 0.44383, 
0.37082, 0.38899, 0.34673, 0.34241, 0.44051, 0.37935, 0.38088, 
0.40918, 0.38143, 0.40649, 0.42779, 0.36852, 0.37265, 0.39494, 
0.38248, 0.0179, 0.0173, 0.0198, 0.021, 0.0217, 0.0221, 0.0228, 
0.0262, 0.0251, 0.0276, 0.0297, 79.7, 87.9, 95.7, 103.6, 110.7, 
119.2, 126.7, 135, 143, 150.8, 158.4, 1, 1, 1, 1, 1, 1, 1, 1, 
1, 1, 1, 1, 1, 1, 1, 1, 1, 1, 1, 1, 1, 1, 1, 1, 1, 1, 1, 1, 1, 
1, 1, 1, 1, 1, 1, 1, 1, 1, 1, 1, 1, 1, 1, 1, 3.363, 3.387, 3.396, 
3.39, 3.384, 3.404, 3.436, 3.455, 3.46, 3.394, 3.388), .Dim = c(11L, 
40L), .Dimnames = list(NULL, c("Sampling", "PSO.cost", "PSO.gamma", 
"PSO.data.balancing", "PSO.feature.selection", "PSO.valid.acc", 
"PSO.test.acc", "PSO.train.time", "PSO.n.support.vectors", "PSO.index", 
"PSO.n.solutions", "PSO.generations", "PSO.n.evaluations", "PSO.cpu.time", 
"RS.cost", "RS.gamma", "RS.data.balancing", "RS.feature.selection", 
"RS.valid.acc", "RS.test.acc", "RS.train.time", "RS.n.support.vectors", 
"RS.index", "RS.n.solutions", "RS.generations", "RS.n.evaluations", 
"RS.cpu.time", "DF.cost", "DF.gamma", "DF.data.balancing", "DF.feature.selection", 
"DF.valid.acc", "DF.test.acc", "DF.train.time", "DF.n.support.vectors", 
"DF.index", "DF.n.solutions", "DF.generations", "DF.n.evaluations", 
"DF.cpu.time")))
