full <-
structure(c(50, 55, 60, 65, 70, 75, 80, 85, 90, 95, 100, 15, 
9.85398, 4.70678, 7.82782, 0.04825, 6.7554, 3.7907, 4.35741, 
5.9409, 14.9844, -0.37982, -11.43321, -12.58225, -6.9043, -12.44452, 
-5.54266, -8.13207, -5.56142, -6.46762, -7.0358, -14.55659, -2.31606, 
0, 0, 0, 0, 0, 0, 0, 0, 0, 0, 0, 0, 0, 0, 0, 0, 0, 0, 0, 0, 0, 
0, 0.43061, 0.40056, 0.38274, 0.40474, 0.38367, 0.37256, 0.43286, 
0.43444, 0.41927, 0.42602, 0.42201, 0.31273, 0.40318, 0.34084, 
0.35255, 0.32537, 0.31512, 0.39559, 0.37627, 0.37671, 0.38442, 
0.37862, 0.0368, 0.0175, 0.0176, 0.0186, 0.0187, 0.0216, 0.0216, 
0.0247, 0.028, 0.0412, 0.0286, 72.9, 81, 90.3, 99.4, 110.5, 110.7, 
122.3, 128.1, 136.3, 140.2, 159.2, 358, 295, 269, 18, 887, 246, 
1709, 905, 709, 477, 2130, 506, 133, 164, 59, 96, 319, 56, 134, 
120, 6, 6, 100, 100, 100, 100, 100, 100, 100, 100, 100, 100, 
100, 2500, 2500, 2500, 2500, 2500, 2500, 2500, 2500, 2500, 2500, 
2500, 6597.684, 6200.594, 6221.6, 6224.881, 6387.823, 6372.177, 
6298.81299999999, 6334.356, 6490.663, 6892.89300000001, 6642.18000000001, 
13.78332, 8.7957, 2.34251, 9.97495, 0.9704, 7.18303, 3.50001, 
4.58145, 5.0963, 14.68058, -0.31794, -10.84276, -11.52798, -4.37392, 
-14.60368, -6.73788, -8.30308, -5.47956, -6.59366, -6.54006, 
-14.37784, -2.31662, 0, 0, 0, 0, 0, 0, 0, 0, 0, 0, 0, 0, 0, 0, 
0, 0, 0, 0, 0, 0, 0, 0, 0.42061, 0.40056, 0.36986, 0.40474, 0.38414, 
0.36589, 0.42036, 0.43444, 0.41816, 0.42076, 0.41198, 0.31273, 
0.40318, 0.27905, 0.35255, 0.33251, 0.30798, 0.40258, 0.38215, 
0.35363, 0.38442, 0.38388, 0.029, 0.0174, 0.0186, 0.0174, 0.0187, 
0.0221, 0.0215, 0.0227, 0.0257, 0.0396, 0.0296, 72.6, 81, 93.6, 
99.4, 110.1, 110.8, 123.1, 127.6, 137.4, 140.6, 159.2, 2049, 
410, 865, 36, 1503, 713, 315, 661, 2104, 760, 1192, 1, 5, 1, 
3, 1, 1, 1, 1, 1, 2, 1, 100, 100, 100, 100, 100, 100, 100, 100, 
100, 100, 100, 2500, 2500, 2500, 2500, 2500, 2500, 2500, 2500, 
2500, 2500, 2500, 6192.208, 6190.725, 6261.283, 6297.985, 6340.362, 
6376.14200000001, 6273.59300000001, 6339.325, 6534.728, 6540.902, 
6649.51200000002, 1, 1, 1, 1, 1, 1, 1, 1, 1, 1, 1, 0.07692, 0.07692, 
0.07692, 0.07692, 0.07692, 0.07692, 0.07692, 0.07692, 0.07692, 
0.07692, 0.07692, 0, 0, 0, 0, 0, 0, 0, 0, 0, 0, 0, 0, 0, 0, 0, 
0, 0, 0, 0, 0, 0, 0, 0.24263, 0.30379, 0.32493, 0.36879, 0.34581, 
0.27863, 0.35457, 0.34616, 0.36962, 0.36886, 0.37298, 0.26646, 
0.34975, 0.29711, 0.34253, 0.30336, 0.29381, 0.3711, 0.34857, 
0.34493, 0.36863, 0.37214, 0.015, 0.016, 0.017, 0.0181, 0.0205, 
0.0211, 0.0222, 0.0224, 0.0241, 0.025, 0.0274, 79.6, 87, 95.1, 
102.9, 111.1, 119.4, 127.1, 135.1, 143.3, 150.7, 158.2, 1, 1, 
1, 1, 1, 1, 1, 1, 1, 1, 1, 1, 1, 1, 1, 1, 1, 1, 1, 1, 1, 1, 1, 
1, 1, 1, 1, 1, 1, 1, 1, 1, 1, 1, 1, 1, 1, 1, 1, 1, 1, 1, 1, 1, 
2.395, 2.396, 2.446, 2.448, 2.651, 2.594, 2.574, 2.48, 2.505, 
2.498, 2.545), .Dim = c(11L, 40L), .Dimnames = list(NULL, c("Sampling", 
"PSO.cost", "PSO.gamma", "PSO.data.balancing", "PSO.feature.selection", 
"PSO.valid.acc", "PSO.test.acc", "PSO.train.time", "PSO.n.support.vectors", 
"PSO.index", "PSO.n.solutions", "PSO.generations", "PSO.n.evaluations", 
"PSO.cpu.time", "RS.cost", "RS.gamma", "RS.data.balancing", "RS.feature.selection", 
"RS.valid.acc", "RS.test.acc", "RS.train.time", "RS.n.support.vectors", 
"RS.index", "RS.n.solutions", "RS.generations", "RS.n.evaluations", 
"RS.cpu.time", "DF.cost", "DF.gamma", "DF.data.balancing", "DF.feature.selection", 
"DF.valid.acc", "DF.test.acc", "DF.train.time", "DF.n.support.vectors", 
"DF.index", "DF.n.solutions", "DF.generations", "DF.n.evaluations", 
"DF.cpu.time")))
