full <-
structure(c(50, 55, 60, 65, 70, 75, 80, 85, 90, 95, 100, 3.8344, 
8.41999, 0.56683, 4.42453, 2.93899, 9.23245, 6.90834, 7.88877, 
9.67116, 5.9701, 9.81308, -8.34308, -13.5898, -5.94036, -6.31744, 
-6.93263, -12.67759, -11.50663, -12.87148, -13.98042, -10.52642, 
-13.43472, 0, 0, 0, 0, 0, 0, 0, 0, 0, 0, 0, 0, 0, 0, 0, 0, 0, 
0, 0, 0, 0, 0, 0.40148, 0.39103, 0.44692, 0.36314, 0.35785, 0.39152, 
0.42675, 0.41245, 0.40657, 0.39029, 0.41185, 0.38811, 0.41643, 
0.36609, 0.33434, 0.3846, 0.37318, 0.38997, 0.32974, 0.37042, 
0.33864, 0.37876, 0.0141, 0.0148, 0.0151, 0.0151, 0.0165, 0.0178, 
0.0168, 0.017, 0.0168, 0.0205, 0.0205, 58.3, 64, 69.5, 74.7, 
80.8, 85.8, 91.3, 97.1, 102.2, 107.8, 115.5, 922, 421, 1322, 
1019, 140, 27, 27, 180, 235, 286, 718, 17, 28, 52, 17, 77, 89, 
215, 45, 72, 49, 15, 100, 100, 100, 100, 100, 100, 100, 100, 
100, 100, 100, 2500, 2500, 2500, 2500, 2500, 2500, 2500, 2500, 
2500, 2500, 2500, 6712.472, 7231.729, 7135.566, 6868.145, 6984.699, 
7175.178, 6938.061, 6937.932, 6997.96400000001, 7080.93200000002, 
7103.07000000001, 2.28925, 8.94642, 0.27501, 4.58273, 5.68587, 
8.99738, 6.7753, 5.47877, 1.07124, 2.64701, 4.24095, -7.15067, 
-14.12045, -5.57349, -7.03129, -9.72846, -12.49876, -11.25657, 
-10.47243, -5.06042, -6.69707, -7.85299, 0, 0, 0, 0, 0, 0, 0, 
0, 0, 0, 0, 0, 0, 0, 0, 0, 0, 0, 0, 0, 0, 0, 0.39529, 0.39103, 
0.44692, 0.36223, 0.35785, 0.39152, 0.42675, 0.41245, 0.41981, 
0.38982, 0.40471, 0.44347, 0.41643, 0.36609, 0.37684, 0.3846, 
0.37318, 0.39997, 0.32204, 0.38194, 0.34634, 0.3859, 0.0142, 
0.0151, 0.0138, 0.0162, 0.0195, 0.018, 0.0175, 0.0182, 0.0177, 
0.0196, 0.0223, 58.4, 64, 69.5, 74.7, 80.7, 85.8, 91.3, 96.9, 
102, 107.3, 114.9, 204, 1978, 1920, 1549, 587, 1183, 325, 519, 
1792, 347, 27, 6, 1, 1, 2, 1, 4, 17, 4, 1, 5, 7, 100, 100, 100, 
100, 100, 100, 100, 100, 100, 100, 100, 2500, 2500, 2500, 2500, 
2500, 2500, 2500, 2500, 2500, 2500, 2500, 6972.612, 7319.155, 
6995.063, 7057.622, 7205.27699999999, 6941.78200000001, 6921.05, 
6998.101, 6907.51300000001, 6952.44699999999, 7168.16400000002, 
1, 1, 1, 1, 1, 1, 1, 1, 1, 1, 1, 0.14286, 0.14286, 0.14286, 0.14286, 
0.14286, 0.14286, 0.14286, 0.14286, 0.14286, 0.14286, 0.14286, 
0, 0, 0, 0, 0, 0, 0, 0, 0, 0, 0, 0, 0, 0, 0, 0, 0, 0, 0, 0, 0, 
0, 0.31358, 0.27298, 0.31112, 0.26684, 0.29369, 0.31015, 0.32855, 
0.31554, 0.33399, 0.27648, 0.28879, 0.34886, 0.28702, 0.3283, 
0.3191, 0.31821, 0.29848, 0.31741, 0.31405, 0.28942, 0.25663, 
0.29121, 0.0149, 0.0149, 0.0152, 0.0152, 0.0166, 0.0158, 0.0173, 
0.0172, 0.0186, 0.0197, 0.0205, 58.4, 64, 69.6, 75.2, 80.8, 86.1, 
91.2, 96.9, 102.6, 108, 116, 1, 1, 1, 1, 1, 1, 1, 1, 1, 1, 1, 
1, 1, 1, 1, 1, 1, 1, 1, 1, 1, 1, 1, 1, 1, 1, 1, 1, 1, 1, 1, 1, 
1, 1, 1, 1, 1, 1, 1, 1, 1, 1, 1, 1, 2.835, 2.938, 2.841, 2.666, 
2.828, 2.622, 2.791, 2.662, 2.812, 2.837, 2.835), .Dim = c(11L, 
40L), .Dimnames = list(NULL, c("Sampling", "PSO.cost", "PSO.gamma", 
"PSO.data.balancing", "PSO.feature.selection", "PSO.valid.acc", 
"PSO.test.acc", "PSO.train.time", "PSO.n.support.vectors", "PSO.index", 
"PSO.n.solutions", "PSO.generations", "PSO.n.evaluations", "PSO.cpu.time", 
"RS.cost", "RS.gamma", "RS.data.balancing", "RS.feature.selection", 
"RS.valid.acc", "RS.test.acc", "RS.train.time", "RS.n.support.vectors", 
"RS.index", "RS.n.solutions", "RS.generations", "RS.n.evaluations", 
"RS.cpu.time", "DF.cost", "DF.gamma", "DF.data.balancing", "DF.feature.selection", 
"DF.valid.acc", "DF.test.acc", "DF.train.time", "DF.n.support.vectors", 
"DF.index", "DF.n.solutions", "DF.generations", "DF.n.evaluations", 
"DF.cpu.time")))
