full <-
structure(c(50, 55, 60, 65, 70, 75, 80, 85, 90, 95, 100, 10.30948, 
8.84578, 12.00268, 7.66722, 4.76285, 2.77132, 12.97565, 8.90661, 
11.61361, 10.63857, 4.09938, -13.4494, -11.77175, -15, -13.37421, 
-7.81691, -7.66214, -15, -15, -15, -14.03125, -8.62569, 0, 0, 
0, 0, 0, 0, 0, 0, 0, 0, 0, 0, 0, 0, 0, 0, 0, 0, 0, 0, 0, 0, 0.355, 
0.33734, 0.42571, 0.35018, 0.40098, 0.35666, 0.36501, 0.32782, 
0.3904, 0.39055, 0.39381, 0.3123, 0.36107, 0.38714, 0.26886, 
0.34662, 0.32063, 0.3558, 0.32679, 0.32986, 0.37526, 0.37087, 
0.016, 0.0158, 0.0155, 0.0154, 0.0171, 0.0167, 0.0174, 0.0173, 
0.0182, 0.02, 0.0214, 58.1, 63.9, 69.5, 75.2, 80.2, 86.4, 91, 
97.6, 102.4, 107.8, 115.8, 386, 112, 2250, 378, 300, 1301, 152, 
233, 2115, 2148, 158, 51, 135, 1, 71, 73, 22, 583, 81, 1, 2, 
125, 100, 100, 100, 100, 100, 100, 100, 100, 100, 100, 100, 2500, 
2500, 2500, 2500, 2500, 2500, 2500, 2500, 2500, 2500, 2500, 6902.587, 
7140.298, 7288.626, 6994.554, 6950.82, 7090.734, 6949.601, 6984.193, 
7151.18999999999, 7240.353, 7120.33100000001, 11.4262, 13.89705, 
11.29675, 8.06852, 6.07199, 4.007, 7.50308, 12.28862, 10.05429, 
7.37472, 7.4531, -14.5868, -14.66299, -14.3287, -13.77763, -9.11084, 
-8.82942, -9.21278, -14.67203, -13.50435, -7.83711, -11.96455, 
0, 0, 0, 0, 0, 0, 0, 0, 0, 0, 0, 0, 0, 0, 0, 0, 0, 0, 0, 0, 0, 
0, 0.355, 0.33806, 0.4146, 0.35018, 0.40098, 0.35499, 0.35668, 
0.32846, 0.3904, 0.38888, 0.39381, 0.3123, 0.26083, 0.37603, 
0.26886, 0.34662, 0.31721, 0.32247, 0.38282, 0.33819, 0.35087, 
0.35651, 0.0146, 0.0162, 0.016, 0.0146, 0.0183, 0.0172, 0.0202, 
0.0187, 0.0194, 0.0226, 0.0215, 58, 63.1, 69.5, 75.2, 80.2, 86.4, 
90.7, 96.5, 102.6, 106.8, 116, 606, 1336, 450, 1062, 1797, 2234, 
105, 676, 1531, 1467, 168, 3, 1, 12, 1, 5, 2, 6, 1, 1, 4, 11, 
100, 100, 100, 100, 100, 100, 100, 100, 100, 100, 100, 2500, 
2500, 2500, 2500, 2500, 2500, 2500, 2500, 2500, 2500, 2500, 7091.608, 
7323.916, 7124.223, 7105.268, 7152.24199999999, 7059.463, 6845.99400000001, 
7079.44900000001, 7152.05399999999, 7060.29200000002, 7199.22600000002, 
1, 1, 1, 1, 1, 1, 1, 1, 1, 1, 1, 0.14286, 0.14286, 0.14286, 0.14286, 
0.14286, 0.14286, 0.14286, 0.14286, 0.14286, 0.14286, 0.14286, 
0, 0, 0, 0, 0, 0, 0, 0, 0, 0, 0, 0, 0, 0, 0, 0, 0, 0, 0, 0, 0, 
0, 0.2606, 0.21611, 0.34794, 0.24705, 0.27343, 0.28336, 0.24338, 
0.27808, 0.26259, 0.28373, 0.29922, 0.26631, 0.23794, 0.25492, 
0.25348, 0.28982, 0.30725, 0.2658, 0.26936, 0.26638, 0.29239, 
0.30325, 0.0141, 0.0147, 0.015, 0.0158, 0.0167, 0.0175, 0.0168, 
0.0178, 0.0189, 0.0185, 0.0212, 58.4, 64, 69.4, 74.8, 80.5, 86.4, 
91.7, 97.2, 102.8, 108.4, 116, 1, 1, 1, 1, 1, 1, 1, 1, 1, 1, 
1, 1, 1, 1, 1, 1, 1, 1, 1, 1, 1, 1, 1, 1, 1, 1, 1, 1, 1, 1, 1, 
1, 1, 1, 1, 1, 1, 1, 1, 1, 1, 1, 1, 1, 2.82, 2.904, 2.868, 2.808, 
2.881, 2.825, 2.685, 2.781, 2.839, 2.658, 2.871), .Dim = c(11L, 
40L), .Dimnames = list(NULL, c("Sampling", "PSO.cost", "PSO.gamma", 
"PSO.data.balancing", "PSO.feature.selection", "PSO.valid.acc", 
"PSO.test.acc", "PSO.train.time", "PSO.n.support.vectors", "PSO.index", 
"PSO.n.solutions", "PSO.generations", "PSO.n.evaluations", "PSO.cpu.time", 
"RS.cost", "RS.gamma", "RS.data.balancing", "RS.feature.selection", 
"RS.valid.acc", "RS.test.acc", "RS.train.time", "RS.n.support.vectors", 
"RS.index", "RS.n.solutions", "RS.generations", "RS.n.evaluations", 
"RS.cpu.time", "DF.cost", "DF.gamma", "DF.data.balancing", "DF.feature.selection", 
"DF.valid.acc", "DF.test.acc", "DF.train.time", "DF.n.support.vectors", 
"DF.index", "DF.n.solutions", "DF.generations", "DF.n.evaluations", 
"DF.cpu.time")))
