full <-
structure(c(50, 55, 60, 65, 70, 75, 80, 85, 90, 95, 100, 2.92134, 
10.69178, 11.44818, 10.49367, 11.99542, 2.41864, 5.06365, 10.75743, 
11.44552, 9.35673, 5.5916, -5.50093, -14.38545, -12.59864, -14.2779, 
-14.72571, -5.34691, -10.3408, -12.8708, -13.55046, -11.6082, 
-8.25748, 0, 0, 0, 0, 0, 0, 0, 0, 0, 0, 0, 0, 0, 0, 0, 0, 0, 
0, 0, 0, 0, 0, 0.36528, 0.35925, 0.37782, 0.40285, 0.38823, 0.40704, 
0.39884, 0.38441, 0.40404, 0.41625, 0.38414, 0.31528, 0.30091, 
0.30171, 0.39237, 0.38045, 0.38129, 0.3629, 0.34862, 0.36722, 
0.34786, 0.3592, 0.0157, 0.0146, 0.0185, 0.015, 0.0151, 0.0162, 
0.0171, 0.0247, 0.0229, 0.0266, 0.0225, 58.4, 63.9, 69, 75, 80.5, 
85.5, 91.9, 96, 101.7, 106.6, 114.7, 298, 43, 699, 2, 1836, 1544, 
373, 1485, 255, 325, 4, 172, 213, 32, 98, 7, 7, 40, 9, 2, 44, 
141, 100, 100, 100, 100, 100, 100, 100, 100, 100, 100, 100, 2500, 
2500, 2500, 2500, 2500, 2500, 2500, 2500, 2500, 2500, 2500, 7355.237, 
7225.129, 7555.923, 7621.032, 6959.77900000001, 7007.963, 7254.37700000001, 
7404.42300000001, 7436.94, 7224.359, 7444.639, 3.53266, 10.46694, 
11.83031, 5.23842, 10.78608, 7.83501, 8.17171, 11.7212, 12.28471, 
7.03984, 12.31041, -6.40086, -14.08347, -12.98479, -9.07292, 
-13.7625, -11.06204, -13.44053, -13.8345, -13.83013, -9.34532, 
-14.76866, 0, 0, 0, 0, 0, 0, 0, 0, 0, 0, 0, 0, 0, 0, 0, 0, 0, 
0, 0, 0, 0, 0, 0.36528, 0.35925, 0.36782, 0.40285, 0.37823, 0.39795, 
0.39884, 0.38441, 0.39625, 0.41005, 0.38622, 0.31528, 0.28663, 
0.30171, 0.37015, 0.38934, 0.39807, 0.3629, 0.34862, 0.34964, 
0.34071, 0.37403, 0.0136, 0.0148, 0.0175, 0.0161, 0.0171, 0.0175, 
0.017, 0.0209, 0.0237, 0.0224, 0.0211, 58.4, 63.9, 69.1, 75.1, 
80.5, 85.5, 92, 95.8, 101.2, 106.8, 115, 228, 309, 2052, 50, 
852, 418, 1596, 158, 2404, 126, 1097, 6, 16, 1, 6, 4, 13, 1, 
1, 1, 2, 1, 100, 100, 100, 100, 100, 100, 100, 100, 100, 100, 
100, 2500, 2500, 2500, 2500, 2500, 2500, 2500, 2500, 2500, 2500, 
2500, 7329.858, 7548.09, 7547.12, 7418.925, 7175.15400000001, 
7030.891, 7202.79900000001, 7361.84300000001, 7193.29500000001, 
7144.927, 7535.36900000001, 1, 1, 1, 1, 1, 1, 1, 1, 1, 1, 1, 
0.14286, 0.14286, 0.14286, 0.14286, 0.14286, 0.14286, 0.14286, 
0.14286, 0.14286, 0.14286, 0.14286, 0, 0, 0, 0, 0, 0, 0, 0, 0, 
0, 0, 0, 0, 0, 0, 0, 0, 0, 0, 0, 0, 0, 0.30417, 0.24913, 0.28825, 
0.28578, 0.28045, 0.31287, 0.30008, 0.27347, 0.24817, 0.285, 
0.29025, 0.29861, 0.25484, 0.29063, 0.28669, 0.28823, 0.31578, 
0.29944, 0.31949, 0.27965, 0.26264, 0.27417, 0.0138, 0.0144, 
0.0152, 0.0151, 0.0165, 0.0169, 0.0169, 0.0184, 0.0184, 0.0188, 
0.0193, 58.4, 63.8, 69.5, 75.1, 80.7, 86.3, 91.7, 97.5, 102.7, 
108.3, 116.1, 1, 1, 1, 1, 1, 1, 1, 1, 1, 1, 1, 1, 1, 1, 1, 1, 
1, 1, 1, 1, 1, 1, 1, 1, 1, 1, 1, 1, 1, 1, 1, 1, 1, 1, 1, 1, 1, 
1, 1, 1, 1, 1, 1, 1, 2.84, 3.004, 3.034, 2.734, 2.874, 2.835, 
2.86, 2.917, 2.822, 2.865, 2.869), .Dim = c(11L, 40L), .Dimnames = list(
    NULL, c("Sampling", "PSO.cost", "PSO.gamma", "PSO.data.balancing", 
    "PSO.feature.selection", "PSO.valid.acc", "PSO.test.acc", 
    "PSO.train.time", "PSO.n.support.vectors", "PSO.index", "PSO.n.solutions", 
    "PSO.generations", "PSO.n.evaluations", "PSO.cpu.time", "RS.cost", 
    "RS.gamma", "RS.data.balancing", "RS.feature.selection", 
    "RS.valid.acc", "RS.test.acc", "RS.train.time", "RS.n.support.vectors", 
    "RS.index", "RS.n.solutions", "RS.generations", "RS.n.evaluations", 
    "RS.cpu.time", "DF.cost", "DF.gamma", "DF.data.balancing", 
    "DF.feature.selection", "DF.valid.acc", "DF.test.acc", "DF.train.time", 
    "DF.n.support.vectors", "DF.index", "DF.n.solutions", "DF.generations", 
    "DF.n.evaluations", "DF.cpu.time")))
