full <-
structure(c(50, 55, 60, 65, 70, 75, 80, 85, 90, 95, 100, 1.95148, 
10.48279, 4.91144, 9.20036, 8.4653, 2.38377, 9.50839, 11.31536, 
11.52392, 11.26494, 12.01163, -6.40521, -15, -10.76126, -12.38773, 
-10.6741, -5.83791, -13.48546, -14.98357, -14.66967, -15, -15, 
0, 0, 0, 0, 0, 0, 0, 0, 0, 0, 0, 0, 0, 0, 0, 0, 0, 0, 0, 0, 0, 
0, 0.35337, 0.3746, 0.32222, 0.37096, 0.34255, 0.41597, 0.38154, 
0.39163, 0.40574, 0.41821, 0.4362, 0.35337, 0.28671, 0.31083, 
0.34957, 0.27475, 0.35898, 0.37321, 0.35894, 0.33086, 0.38238, 
0.38, 0.0135, 0.0137, 0.0141, 0.0163, 0.0195, 0.0166, 0.0173, 
0.0168, 0.0178, 0.0185, 0.0198, 58.4, 64, 69.6, 74.9, 80.5, 86.4, 
91.9, 97.4, 102.5, 108.1, 114.4, 548, 246, 430, 469, 516, 1643, 
763, 2151, 2227, 1197, 881, 65, 97, 46, 41, 55, 4, 46, 1, 2, 
10, 11, 100, 100, 100, 100, 100, 100, 100, 100, 100, 100, 100, 
2500, 2500, 2500, 2500, 2500, 2500, 2500, 2500, 2500, 2500, 2500, 
7059.382, 7048.111, 6869.226, 6871.388, 6903.685, 7394.219, 7369.64799999999, 
7078.811, 7151.30699999999, 7051.38, 7282.587, 0.62173, 6.2979, 
4.29137, 9.60388, 9.47625, 1.85548, 10.86592, 11.43785, 6.87006, 
3.53903, 4.51635, -4.66916, -10.83895, -10.13512, -12.72349, 
-11.74014, -5.44223, -14.56676, -14.83725, -8.25956, -7.97331, 
-7.50443, 0, 0, 0, 0, 0, 0, 0, 0, 0, 0, 0, 0, 0, 0, 0, 0, 0, 
0, 0, 0, 0, 0, 0.33909, 0.3621, 0.32222, 0.35985, 0.34255, 0.40828, 
0.38154, 0.38275, 0.38507, 0.41661, 0.43167, 0.33671, 0.29921, 
0.31083, 0.34957, 0.28384, 0.35156, 0.37552, 0.38211, 0.31936, 
0.38132, 0.3712, 0.0136, 0.0142, 0.0138, 0.0172, 0.0189, 0.017, 
0.0169, 0.0179, 0.0211, 0.0194, 0.0215, 58.4, 64, 69.6, 75.1, 
80.5, 86.4, 91.5, 97.1, 101.5, 108.5, 114.6, 811, 1192, 219, 
59, 1873, 144, 1549, 1881, 2141, 1140, 1247, 2, 4, 2, 11, 1, 
1, 1, 1, 1, 1, 4, 100, 100, 100, 100, 100, 100, 100, 100, 100, 
100, 100, 2500, 2500, 2500, 2500, 2500, 2500, 2500, 2500, 2500, 
2500, 2500, 6870.981, 7129.584, 6787.302, 6809.59699999999, 6929.34600000001, 
7306.144, 7190.936, 7019.56199999999, 7034.90700000001, 7234.97200000001, 
7332.05499999999, 1, 1, 1, 1, 1, 1, 1, 1, 1, 1, 1, 0.14286, 0.14286, 
0.14286, 0.14286, 0.14286, 0.14286, 0.14286, 0.14286, 0.14286, 
0.14286, 0.14286, 0, 0, 0, 0, 0, 0, 0, 0, 0, 0, 0, 0, 0, 0, 0, 
0, 0, 0, 0, 0, 0, 0, 0.2744, 0.22302, 0.21278, 0.26513, 0.23722, 
0.25779, 0.29341, 0.22505, 0.26727, 0.33752, 0.2687, 0.28452, 
0.24841, 0.25278, 0.28561, 0.255, 0.30198, 0.28368, 0.26855, 
0.31314, 0.29734, 0.27937, 0.0133, 0.0136, 0.0142, 0.0151, 0.0157, 
0.0165, 0.0171, 0.018, 0.0183, 0.0194, 0.0199, 58.4, 64, 69.6, 
75.2, 80.8, 86.3, 91.7, 97.4, 102.6, 108.3, 115.9, 1, 1, 1, 1, 
1, 1, 1, 1, 1, 1, 1, 1, 1, 1, 1, 1, 1, 1, 1, 1, 1, 1, 1, 1, 1, 
1, 1, 1, 1, 1, 1, 1, 1, 1, 1, 1, 1, 1, 1, 1, 1, 1, 1, 1, 2.71, 
2.769, 2.682, 2.727, 2.796, 2.991, 2.793, 2.793, 2.82, 2.882, 
3.006), .Dim = c(11L, 40L), .Dimnames = list(NULL, c("Sampling", 
"PSO.cost", "PSO.gamma", "PSO.data.balancing", "PSO.feature.selection", 
"PSO.valid.acc", "PSO.test.acc", "PSO.train.time", "PSO.n.support.vectors", 
"PSO.index", "PSO.n.solutions", "PSO.generations", "PSO.n.evaluations", 
"PSO.cpu.time", "RS.cost", "RS.gamma", "RS.data.balancing", "RS.feature.selection", 
"RS.valid.acc", "RS.test.acc", "RS.train.time", "RS.n.support.vectors", 
"RS.index", "RS.n.solutions", "RS.generations", "RS.n.evaluations", 
"RS.cpu.time", "DF.cost", "DF.gamma", "DF.data.balancing", "DF.feature.selection", 
"DF.valid.acc", "DF.test.acc", "DF.train.time", "DF.n.support.vectors", 
"DF.index", "DF.n.solutions", "DF.generations", "DF.n.evaluations", 
"DF.cpu.time")))
