full <-
structure(c(50, 55, 60, 65, 70, 75, 80, 85, 90, 95, 100, 5.8445, 
7.67991, 6.02934, 4.71475, 9.10057, 9.10017, 11.83869, 8.93136, 
8.52322, 11.55213, 11.51574, -11.10707, -12.01982, -9.31648, 
-7.01303, -13.5176, -13.65927, -15, -11.54038, -12.50014, -15, 
-15, 0, 0, 0, 0, 0, 0, 0, 0, 0, 0, 0, 0, 0, 0, 0, 0, 0, 0, 0, 
0, 0, 0, 0.31286, 0.38171, 0.38103, 0.41667, 0.41323, 0.40119, 
0.43711, 0.4072, 0.4169, 0.42506, 0.39294, 0.26024, 0.26595, 
0.31603, 0.37333, 0.39212, 0.38232, 0.36817, 0.3555, 0.41452, 
0.36619, 0.36209, 0.0121, 0.0139, 0.0147, 0.016, 0.0143, 0.0152, 
0.0158, 0.0232, 0.0198, 0.0173, 0.018, 58.4, 64, 69.5, 74.2, 
80.8, 86.4, 90.7, 94.8, 102.6, 106.9, 115, 47, 534, 142, 1312, 
167, 321, 1324, 1104, 8, 276, 856, 117, 42, 168, 6, 83, 37, 8, 
23, 67, 11, 8, 100, 100, 100, 100, 100, 100, 100, 100, 100, 100, 
100, 2500, 2500, 2500, 2500, 2500, 2500, 2500, 2500, 2500, 2500, 
2500, 6127.255, 6151.855, 6290.424, 6453.067, 6248.424, 6361.76100000001, 
6358.73699999999, 6546.78199999999, 6474.93800000001, 6447.234, 
6507.35400000001, 1.54891, 2.79805, 8.89888, 12.1241, 10.27501, 
4.24849, 11.08932, 10.52827, 9.54028, 11.28753, 9.68796, -6.6889, 
-7.11173, -12.1249, -13.95521, -14.70255, -8.76221, -14.3184, 
-13.13548, -13.53052, -14.42513, -13.24867, 0, 0, 0, 0, 0, 0, 
0, 0, 0, 0, 0, 0, 0, 0, 0, 0, 0, 0, 0, 0, 0, 0, 0.31464, 0.38171, 
0.38103, 0.41444, 0.41323, 0.39119, 0.42044, 0.4072, 0.4169, 
0.41839, 0.3858, 0.24774, 0.25484, 0.30492, 0.33, 0.39212, 0.38232, 
0.37726, 0.3555, 0.41571, 0.38817, 0.3759, 0.0124, 0.0145, 0.0168, 
0.0171, 0.0159, 0.016, 0.0159, 0.0209, 0.0166, 0.0177, 0.0196, 
58.4, 64, 69.6, 73.9, 80.8, 86.4, 90.9, 95.1, 102.7, 106.8, 115.3, 
1497, 645, 251, 2247, 1931, 217, 250, 772, 903, 445, 203, 1, 
4, 5, 1, 1, 17, 6, 1, 2, 1, 1, 100, 100, 100, 100, 100, 100, 
100, 100, 100, 100, 100, 2500, 2500, 2500, 2500, 2500, 2500, 
2500, 2500, 2500, 2500, 2500, 6181.201, 6239.473, 6347.032, 6323.741, 
6450.237, 6437.183, 6436.629, 6402.39599999999, 6557.076, 6515.38099999999, 
6605.11300000001, 1, 1, 1, 1, 1, 1, 1, 1, 1, 1, 1, 0.14286, 0.14286, 
0.14286, 0.14286, 0.14286, 0.14286, 0.14286, 0.14286, 0.14286, 
0.14286, 0.14286, 0, 0, 0, 0, 0, 0, 0, 0, 0, 0, 0, 0, 0, 0, 0, 
0, 0, 0, 0, 0, 0, 0, 0.2631, 0.26694, 0.30131, 0.28972, 0.25525, 
0.28246, 0.28805, 0.2972, 0.30619, 0.27062, 0.33043, 0.19206, 
0.25056, 0.24881, 0.27861, 0.29005, 0.28028, 0.29075, 0.26541, 
0.27881, 0.29879, 0.29511, 0.0127, 0.0134, 0.0142, 0.0155, 0.0155, 
0.0158, 0.0176, 0.0182, 0.0189, 0.0185, 0.0194, 58.4, 64, 69.6, 
75.2, 80.8, 86.4, 91.8, 97.2, 103.2, 108.2, 116.1, 1, 1, 1, 1, 
1, 1, 1, 1, 1, 1, 1, 1, 1, 1, 1, 1, 1, 1, 1, 1, 1, 1, 1, 1, 1, 
1, 1, 1, 1, 1, 1, 1, 1, 1, 1, 1, 1, 1, 1, 1, 1, 1, 1, 1, 2.351, 
2.431, 2.527, 2.615, 2.499, 2.456, 2.7, 2.634, 2.696, 2.531, 
2.558), .Dim = c(11L, 40L), .Dimnames = list(NULL, c("Sampling", 
"PSO.cost", "PSO.gamma", "PSO.data.balancing", "PSO.feature.selection", 
"PSO.valid.acc", "PSO.test.acc", "PSO.train.time", "PSO.n.support.vectors", 
"PSO.index", "PSO.n.solutions", "PSO.generations", "PSO.n.evaluations", 
"PSO.cpu.time", "RS.cost", "RS.gamma", "RS.data.balancing", "RS.feature.selection", 
"RS.valid.acc", "RS.test.acc", "RS.train.time", "RS.n.support.vectors", 
"RS.index", "RS.n.solutions", "RS.generations", "RS.n.evaluations", 
"RS.cpu.time", "DF.cost", "DF.gamma", "DF.data.balancing", "DF.feature.selection", 
"DF.valid.acc", "DF.test.acc", "DF.train.time", "DF.n.support.vectors", 
"DF.index", "DF.n.solutions", "DF.generations", "DF.n.evaluations", 
"DF.cpu.time")))
