full <-
structure(c(50, 55, 60, 65, 70, 75, 80, 85, 90, 95, 100, 6.73708, 
3.83991, 6.73425, 7.64702, 10.34431, 12.02022, 7.45059, 12.65361, 
8.99802, 2.8213, 7.99925, -11.27008, -7.56015, -9.82177, -10.74892, 
-14.50521, -14.05299, -10.94928, -15, -12.88575, -8.92429, -10.27377, 
0, 0, 0, 0, 0, 0, 0, 0, 0, 0, 0, 0, 0, 0, 0, 0, 0, 0, 0, 0, 0, 
0, 0.45611, 0.42361, 0.4223, 0.36428, 0.38099, 0.3877, 0.44781, 
0.41794, 0.39893, 0.38498, 0.42366, 0.39361, 0.36528, 0.41302, 
0.32087, 0.36873, 0.3489, 0.40114, 0.34562, 0.37838, 0.34659, 
0.39767, 0.0144, 0.0148, 0.0163, 0.0178, 0.0168, 0.0192, 0.0197, 
0.0184, 0.0193, 0.0191, 0.0269, 58.4, 63.8, 69.2, 75, 80.8, 85.2, 
91.1, 95.6, 102, 108.7, 113.5, 93, 1405, 906, 729, 117, 959, 
213, 943, 1829, 364, 44, 56, 6, 54, 33, 86, 2, 73, 30, 1, 77, 
186, 100, 100, 100, 100, 100, 100, 100, 100, 100, 100, 100, 2500, 
2500, 2500, 2500, 2500, 2500, 2500, 2500, 2500, 2500, 2500, 6678.002, 
6611.045, 6569.489, 6632.197, 6508.583, 6759.39099999999, 7053.15299999999, 
6979.966, 7092.27800000001, 7198.871, 7248.11899999998, 4.92234, 
2.89056, 8.06033, 7.18323, 9.75417, 3.08436, 9.19319, 7.92102, 
3.93058, 2.77004, 5.39932, -9.43333, -6.43461, -11.1751, -10.28643, 
-13.87183, -5.1766, -12.74346, -10.96427, -7.80416, -8.89922, 
-7.50072, 0, 0, 0, 0, 0, 0, 0, 0, 0, 0, 0, 0, 0, 0, 0, 0, 0, 
0, 0, 0, 0, 0, 0.45611, 0.41111, 0.41119, 0.36428, 0.38099, 0.38001, 
0.44781, 0.3951, 0.39333, 0.38498, 0.42366, 0.36028, 0.36528, 
0.41302, 0.32087, 0.38692, 0.30378, 0.41023, 0.36998, 0.37838, 
0.35429, 0.39053, 0.0134, 0.0153, 0.0156, 0.0188, 0.0158, 0.0177, 
0.0193, 0.0215, 0.0185, 0.0177, 0.0215, 58.4, 63.6, 69.3, 74.9, 
80.6, 85.4, 91.2, 95.1, 101.4, 108.7, 113.5, 527, 794, 108, 253, 
2324, 1206, 637, 352, 1238, 64, 65, 2, 10, 1, 1, 1, 1, 8, 3, 
1, 5, 9, 100, 100, 100, 100, 100, 100, 100, 100, 100, 100, 100, 
2500, 2500, 2500, 2500, 2500, 2500, 2500, 2500, 2500, 2500, 2500, 
6634.98, 6617.455, 6644.558, 6681.696, 6510.85, 7052.717, 7026.76599999999, 
7046.864, 6973.315, 7026.35399999999, 7038.698, 1, 1, 1, 1, 1, 
1, 1, 1, 1, 1, 1, 0.14286, 0.14286, 0.14286, 0.14286, 0.14286, 
0.14286, 0.14286, 0.14286, 0.14286, 0.14286, 0.14286, 0, 0, 0, 
0, 0, 0, 0, 0, 0, 0, 0, 0, 0, 0, 0, 0, 0, 0, 0, 0, 0, 0, 0.27937, 
0.27444, 0.29468, 0.24685, 0.32903, 0.24203, 0.33503, 0.27592, 
0.2768, 0.29487, 0.35045, 0.29266, 0.25472, 0.27968, 0.26047, 
0.28575, 0.23001, 0.27965, 0.30244, 0.27296, 0.26615, 0.26663, 
0.014, 0.0144, 0.0156, 0.0166, 0.0173, 0.0176, 0.018, 0.0184, 
0.0186, 0.0198, 0.0208, 58.4, 63.9, 69.6, 75.2, 80.7, 85.8, 91.5, 
96.6, 102.5, 107.9, 116.3, 1, 1, 1, 1, 1, 1, 1, 1, 1, 1, 1, 1, 
1, 1, 1, 1, 1, 1, 1, 1, 1, 1, 1, 1, 1, 1, 1, 1, 1, 1, 1, 1, 1, 
1, 1, 1, 1, 1, 1, 1, 1, 1, 1, 1, 2.551, 2.553, 2.665, 2.77, 2.783, 
2.834, 2.79, 2.851, 2.819, 2.886, 2.864), .Dim = c(11L, 40L), .Dimnames = list(
    NULL, c("Sampling", "PSO.cost", "PSO.gamma", "PSO.data.balancing", 
    "PSO.feature.selection", "PSO.valid.acc", "PSO.test.acc", 
    "PSO.train.time", "PSO.n.support.vectors", "PSO.index", "PSO.n.solutions", 
    "PSO.generations", "PSO.n.evaluations", "PSO.cpu.time", "RS.cost", 
    "RS.gamma", "RS.data.balancing", "RS.feature.selection", 
    "RS.valid.acc", "RS.test.acc", "RS.train.time", "RS.n.support.vectors", 
    "RS.index", "RS.n.solutions", "RS.generations", "RS.n.evaluations", 
    "RS.cpu.time", "DF.cost", "DF.gamma", "DF.data.balancing", 
    "DF.feature.selection", "DF.valid.acc", "DF.test.acc", "DF.train.time", 
    "DF.n.support.vectors", "DF.index", "DF.n.solutions", "DF.generations", 
    "DF.n.evaluations", "DF.cpu.time")))
