full <-
structure(c(50, 55, 60, 65, 70, 75, 80, 85, 90, 95, 100, 7.7235, 
3.41921, 8.85519, 8.6114, 12.54553, 5.66697, 7.19031, 7.54616, 
7.87498, 12.4938, 6.32436, -12.71244, -7.32014, -14.88686, -11.10487, 
-14.24782, -11.93493, -11.80972, -11.45602, -11.83727, -14.78276, 
-11.17864, 0, 0, 0, 0, 0, 0, 0, 0, 0, 0, 0, 0, 0, 0, 0, 0, 0, 
0, 0, 0, 0, 0, 0.37369, 0.36132, 0.37596, 0.3572, 0.35646, 0.37909, 
0.39769, 0.38026, 0.42288, 0.42906, 0.44055, 0.28579, 0.32482, 
0.39755, 0.30699, 0.28515, 0.31374, 0.37361, 0.39651, 0.38564, 
0.36125, 0.39256, 0.015, 0.0146, 0.0145, 0.0167, 0.0174, 0.015, 
0.0169, 0.0183, 0.0195, 0.021, 0.0192, 58.4, 63.5, 69.6, 73.4, 
77.1, 86.4, 91.1, 95.9, 100.5, 105.5, 116.1, 631, 1639, 522, 
1296, 452, 162, 41, 82, 808, 2416, 190, 46, 1, 138, 11, 2, 61, 
80, 114, 67, 1, 160, 100, 100, 100, 100, 100, 100, 100, 100, 
100, 100, 100, 2500, 2500, 2500, 2500, 2500, 2500, 2500, 2500, 
2500, 2500, 2500, 6708.045, 6610.357, 6571.779, 6505.111, 6386.975, 
6412.012, 6393.503, 6510.829, 6479.83099999999, 6498.595, 6461.28599999999, 
7.03737, 3.53942, 8.56727, 9.1478, 5.34124, 8.55238, 2.68524, 
7.25018, 9.5556, 4.97806, 8.19113, -12.0238, -8.45942, -14.58387, 
-11.6436, -9.45086, -14.88434, -7.12276, -11.13282, -13.41427, 
-7.22145, -12.97309, 0, 0, 0, 0, 0, 0, 0, 0, 0, 0, 0, 0, 0, 0, 
0, 0, 0, 0, 0, 0, 0, 0, 0.37369, 0.36105, 0.37596, 0.3572, 0.35242, 
0.37909, 0.39769, 0.38026, 0.42288, 0.42281, 0.44055, 0.28579, 
0.32894, 0.36255, 0.30699, 0.31263, 0.3054, 0.39119, 0.39651, 
0.38564, 0.37663, 0.38487, 0.0131, 0.0132, 0.0143, 0.0171, 0.0165, 
0.0146, 0.0165, 0.0192, 0.0175, 0.0197, 0.019, 58.4, 64, 69.6, 
73.3, 78.9, 86.4, 90.7, 95.9, 100.5, 105.1, 116.3, 708, 1236, 
32, 235, 263, 282, 258, 59, 1348, 124, 471, 2, 2, 1, 1, 6, 4, 
7, 6, 2, 1, 2, 100, 100, 100, 100, 100, 100, 100, 100, 100, 100, 
100, 2500, 2500, 2500, 2500, 2500, 2500, 2500, 2500, 2500, 2500, 
2500, 6633.353, 6523.489, 6488.951, 6404.617, 6389.737, 6320.51999999999, 
6431.573, 6527.367, 6511.68799999999, 6430.962, 6508.86499999999, 
1, 1, 1, 1, 1, 1, 1, 1, 1, 1, 1, 0.14286, 0.14286, 0.14286, 0.14286, 
0.14286, 0.14286, 0.14286, 0.14286, 0.14286, 0.14286, 0.14286, 
0, 0, 0, 0, 0, 0, 0, 0, 0, 0, 0, 0, 0, 0, 0, 0, 0, 0, 0, 0, 0, 
0, 0.30329, 0.30855, 0.20238, 0.2229, 0.26828, 0.27369, 0.31436, 
0.26841, 0.34968, 0.307, 0.32918, 0.31119, 0.28049, 0.21008, 
0.2229, 0.26626, 0.28278, 0.3041, 0.30025, 0.35815, 0.2986, 0.33033, 
0.0147, 0.0135, 0.0151, 0.0152, 0.0156, 0.0159, 0.016, 0.0179, 
0.0174, 0.018, 0.02, 58, 63.8, 69.3, 74.9, 79.3, 84.9, 90.8, 
96.1, 101.4, 107.8, 116.4, 1, 1, 1, 1, 1, 1, 1, 1, 1, 1, 1, 1, 
1, 1, 1, 1, 1, 1, 1, 1, 1, 1, 1, 1, 1, 1, 1, 1, 1, 1, 1, 1, 1, 
1, 1, 1, 1, 1, 1, 1, 1, 1, 1, 1, 2.719, 2.522, 2.669, 2.656, 
2.554, 2.498, 2.474, 2.644, 2.482, 2.505, 2.636), .Dim = c(11L, 
40L), .Dimnames = list(NULL, c("Sampling", "PSO.cost", "PSO.gamma", 
"PSO.data.balancing", "PSO.feature.selection", "PSO.valid.acc", 
"PSO.test.acc", "PSO.train.time", "PSO.n.support.vectors", "PSO.index", 
"PSO.n.solutions", "PSO.generations", "PSO.n.evaluations", "PSO.cpu.time", 
"RS.cost", "RS.gamma", "RS.data.balancing", "RS.feature.selection", 
"RS.valid.acc", "RS.test.acc", "RS.train.time", "RS.n.support.vectors", 
"RS.index", "RS.n.solutions", "RS.generations", "RS.n.evaluations", 
"RS.cpu.time", "DF.cost", "DF.gamma", "DF.data.balancing", "DF.feature.selection", 
"DF.valid.acc", "DF.test.acc", "DF.train.time", "DF.n.support.vectors", 
"DF.index", "DF.n.solutions", "DF.generations", "DF.n.evaluations", 
"DF.cpu.time")))
