full <-
structure(c(50, 55, 60, 65, 70, 75, 80, 85, 90, 95, 100, 3.99691, 
11.41714, 4.17889, 11.74389, 3.60017, 10.00453, 2.95025, 4.24025, 
11.64153, 6.9148, 10.02165, -10.07583, -14.98261, -10.30644, 
-14.32756, -6.96102, -15, -7.55053, -8.94189, -15, -10.81115, 
-15, 0, 0, 0, 0, 0, 0, 0, 0, 0, 0, 0, 0, 0, 0, 0, 0, 0, 0, 0, 
0, 0, 0, 0.37409, 0.36083, 0.3525, 0.3497, 0.39212, 0.37615, 
0.39798, 0.43374, 0.38896, 0.44144, 0.39473, 0.36159, 0.27405, 
0.33139, 0.32657, 0.33283, 0.32846, 0.33432, 0.40157, 0.36587, 
0.38787, 0.37136, 0.0137, 0.0142, 0.0139, 0.0143, 0.017, 0.0149, 
0.0182, 0.0183, 0.0184, 0.0211, 0.0188, 58.4, 63.2, 69.6, 74.3, 
79.9, 86.4, 91.4, 96.2, 101.4, 107.5, 116.2, 27, 269, 558, 223, 
2048, 614, 82, 100, 236, 612, 68, 70, 48, 116, 152, 5, 9, 58, 
69, 7, 32, 42, 100, 100, 100, 100, 100, 100, 100, 100, 100, 100, 
100, 2500, 2500, 2500, 2500, 2500, 2500, 2500, 2500, 2500, 2500, 
2500, 6113.728, 6404.872, 6399.511, 6583.962, 6627.08500000001, 
6567.737, 6575.603, 6517.268, 6920.283, 6764.325, 6770.735, 1.40838, 
3.68807, 1.94265, 11.71789, 3.42103, 7.89889, 3.34012, 3.75883, 
3.01255, 7.70172, 7.97996, -7.45227, -7.4518, -7.83184, -14.29285, 
-6.77156, -12.46115, -7.95545, -8.43205, -7.78711, -12.66288, 
-12.9625, 0, 0, 0, 0, 0, 0, 0, 0, 0, 0, 0, 0, 0, 0, 0, 0, 0, 
0, 0, 0, 0, 0, 0.37409, 0.34833, 0.3525, 0.3497, 0.39212, 0.37573, 
0.39798, 0.43374, 0.38853, 0.44128, 0.39473, 0.36159, 0.27405, 
0.34139, 0.32657, 0.33283, 0.35895, 0.33432, 0.39324, 0.35229, 
0.38954, 0.37136, 0.0136, 0.0141, 0.0141, 0.0159, 0.0162, 0.0167, 
0.0174, 0.0184, 0.0172, 0.0188, 0.0195, 58.4, 63.5, 69.6, 74.4, 
79.9, 86.3, 91.4, 96.2, 102.3, 108.3, 116.3, 70, 89, 50, 423, 
2436, 894, 1054, 1004, 604, 1841, 57, 2, 27, 8, 4, 1, 3, 1, 8, 
8, 3, 2, 100, 100, 100, 100, 100, 100, 100, 100, 100, 100, 100, 
2500, 2500, 2500, 2500, 2500, 2500, 2500, 2500, 2500, 2500, 2500, 
6165.828, 6588.02, 6412.726, 6594.811, 6528.366, 6629.363, 6599.591, 
6730.42999999999, 6540.32299999999, 6646.67600000001, 6946.08299999998, 
1, 1, 1, 1, 1, 1, 1, 1, 1, 1, 1, 0.14286, 0.14286, 0.14286, 0.14286, 
0.14286, 0.14286, 0.14286, 0.14286, 0.14286, 0.14286, 0.14286, 
0, 0, 0, 0, 0, 0, 0, 0, 0, 0, 0, 0, 0, 0, 0, 0, 0, 0, 0, 0, 0, 
0, 0.26663, 0.27155, 0.23611, 0.20838, 0.28396, 0.2821, 0.28608, 
0.33479, 0.23295, 0.33373, 0.29577, 0.32413, 0.23476, 0.24611, 
0.20505, 0.29194, 0.29168, 0.22186, 0.34452, 0.26685, 0.24937, 
0.3074, 0.0139, 0.0145, 0.0138, 0.0145, 0.0165, 0.0164, 0.0174, 
0.0187, 0.0178, 0.0184, 0.0209, 58.4, 63.9, 69.6, 75.1, 80.8, 
86.2, 91.4, 96.7, 102, 107.8, 116.1, 1, 1, 1, 1, 1, 1, 1, 1, 
1, 1, 1, 1, 1, 1, 1, 1, 1, 1, 1, 1, 1, 1, 1, 1, 1, 1, 1, 1, 1, 
1, 1, 1, 1, 1, 1, 1, 1, 1, 1, 1, 1, 1, 1, 1, 2.58, 2.56, 2.389, 
2.526, 2.687, 2.589, 2.678, 2.793, 2.519, 2.555, 2.796), .Dim = c(11L, 
40L), .Dimnames = list(NULL, c("Sampling", "PSO.cost", "PSO.gamma", 
"PSO.data.balancing", "PSO.feature.selection", "PSO.valid.acc", 
"PSO.test.acc", "PSO.train.time", "PSO.n.support.vectors", "PSO.index", 
"PSO.n.solutions", "PSO.generations", "PSO.n.evaluations", "PSO.cpu.time", 
"RS.cost", "RS.gamma", "RS.data.balancing", "RS.feature.selection", 
"RS.valid.acc", "RS.test.acc", "RS.train.time", "RS.n.support.vectors", 
"RS.index", "RS.n.solutions", "RS.generations", "RS.n.evaluations", 
"RS.cpu.time", "DF.cost", "DF.gamma", "DF.data.balancing", "DF.feature.selection", 
"DF.valid.acc", "DF.test.acc", "DF.train.time", "DF.n.support.vectors", 
"DF.index", "DF.n.solutions", "DF.generations", "DF.n.evaluations", 
"DF.cpu.time")))
