full <-
structure(c(50, 55, 60, 65, 70, 75, 80, 85, 90, 95, 100, 9.3228, 
5.79073, 4.04742, 9.96113, 7.4882, 6.88857, 6.36944, 11.09155, 
11.15323, 11.91138, 7.48149, -15, -10.91753, -10.51343, -13.65606, 
-11.42396, -10.08187, -8.55763, -15, -14.05405, -15, -9.56358, 
0, 0, 0, 0, 0, 0, 0, 0, 0, 0, 0, 0, 0, 0, 0, 0, 0, 0, 0, 0, 0, 
0, 0.43238, 0.39914, 0.3152, 0.33338, 0.31904, 0.35394, 0.35984, 
0.38676, 0.37846, 0.38295, 0.41978, 0.40738, 0.37664, 0.3152, 
0.29811, 0.32662, 0.35687, 0.28869, 0.31387, 0.34582, 0.3501, 
0.39318, 0.0133, 0.0145, 0.0146, 0.0151, 0.0159, 0.0174, 0.0182, 
0.0181, 0.0194, 0.0184, 0.0251, 58.4, 64, 69.6, 74.5, 80.1, 84.9, 
90, 96.8, 101.7, 107.4, 113.8, 77, 103, 108, 622, 155, 50, 176, 
191, 9, 472, 484, 127, 84, 89, 75, 99, 310, 39, 57, 55, 12, 32, 
100, 100, 100, 100, 100, 100, 100, 100, 100, 100, 100, 2500, 
2500, 2500, 2500, 2500, 2500, 2500, 2500, 2500, 2500, 2500, 6457.578, 
6640.188, 6480.489, 6480.40199999999, 6647.737, 6702.44600000001, 
6409.541, 6441.594, 6558.458, 7126.05099999999, 6530.17899999997, 
8.63815, 9.14346, -0.61003, 10.87463, 9.12849, 5.06617, 7.27164, 
8.8453, 9.76747, 10.06019, 6.34735, -14.36436, -14.24158, -5.39388, 
-14.56456, -13.04537, -8.18879, -9.45964, -12.70475, -12.49166, 
-13.15899, -8.43798, 0, 0, 0, 0, 0, 0, 0, 0, 0, 0, 0, 0, 0, 0, 
0, 0, 0, 0, 0, 0, 0, 0, 0.43238, 0.39914, 0.3152, 0.33338, 0.31904, 
0.35394, 0.35984, 0.38676, 0.37846, 0.3767, 0.41978, 0.39488, 
0.38664, 0.3252, 0.29811, 0.32662, 0.35596, 0.28869, 0.31387, 
0.33146, 0.3501, 0.39318, 0.0133, 0.0144, 0.0148, 0.015, 0.0149, 
0.0195, 0.0193, 0.0184, 0.0221, 0.0228, 0.0229, 58.4, 64, 69.6, 
74.5, 80.3, 84.8, 89.9, 96.9, 101.6, 107.4, 113.9, 141, 334, 
109, 2266, 2138, 37, 180, 70, 180, 825, 1569, 6, 8, 6, 1, 2, 
18, 5, 6, 2, 6, 1, 100, 100, 100, 100, 100, 100, 100, 100, 100, 
100, 100, 2500, 2500, 2500, 2500, 2500, 2500, 2500, 2500, 2500, 
2500, 2500, 6529.761, 6588.755, 6488.087, 6657.708, 6659.281, 
6672.74799999999, 6395.556, 6453.538, 6497.853, 8260.97200000001, 
6526.93000000002, 1, 1, 1, 1, 1, 1, 1, 1, 1, 1, 1, 0.14286, 0.14286, 
0.14286, 0.14286, 0.14286, 0.14286, 0.14286, 0.14286, 0.14286, 
0.14286, 0.14286, 0, 0, 0, 0, 0, 0, 0, 0, 0, 0, 0, 0, 0, 0, 0, 
0, 0, 0, 0, 0, 0, 0, 0.23869, 0.23807, 0.24635, 0.23687, 0.20879, 
0.24646, 0.24452, 0.26229, 0.26815, 0.25939, 0.30725, 0.26702, 
0.2516, 0.29671, 0.22548, 0.21434, 0.26646, 0.27642, 0.23725, 
0.26101, 0.24231, 0.32085, 0.0144, 0.0144, 0.0154, 0.015, 0.0161, 
0.0153, 0.018, 0.0178, 0.018, 0.0185, 0.0206, 58.4, 64, 69.6, 
75.2, 80.6, 86.1, 91.8, 97.4, 102.8, 108.1, 116.2, 1, 1, 1, 1, 
1, 1, 1, 1, 1, 1, 1, 1, 1, 1, 1, 1, 1, 1, 1, 1, 1, 1, 1, 1, 1, 
1, 1, 1, 1, 1, 1, 1, 1, 1, 1, 1, 1, 1, 1, 1, 1, 1, 1, 1, 2.66, 
2.633, 2.621, 2.586, 2.719, 2.432, 2.674, 2.557, 2.509, 2.57, 
2.676), .Dim = c(11L, 40L), .Dimnames = list(NULL, c("Sampling", 
"PSO.cost", "PSO.gamma", "PSO.data.balancing", "PSO.feature.selection", 
"PSO.valid.acc", "PSO.test.acc", "PSO.train.time", "PSO.n.support.vectors", 
"PSO.index", "PSO.n.solutions", "PSO.generations", "PSO.n.evaluations", 
"PSO.cpu.time", "RS.cost", "RS.gamma", "RS.data.balancing", "RS.feature.selection", 
"RS.valid.acc", "RS.test.acc", "RS.train.time", "RS.n.support.vectors", 
"RS.index", "RS.n.solutions", "RS.generations", "RS.n.evaluations", 
"RS.cpu.time", "DF.cost", "DF.gamma", "DF.data.balancing", "DF.feature.selection", 
"DF.valid.acc", "DF.test.acc", "DF.train.time", "DF.n.support.vectors", 
"DF.index", "DF.n.solutions", "DF.generations", "DF.n.evaluations", 
"DF.cpu.time")))
