full <-
structure(c(50, 55, 60, 65, 70, 75, 80, 85, 90, 95, 100, 12.87777, 
4.93382, 9.47207, 5.16573, 8.28436, 12.14046, 7.88208, 9.42805, 
5.40064, 11.95789, 13.43491, -14.57018, -6.70096, -15, -10.25711, 
-12.99515, -15, -11.16883, -12.96317, -9.23238, -15, -15, 0, 
0, 0, 0, 0, 0, 0, 0, 0, 0, 0, 0, 0, 0, 0, 0, 0, 0, 0, 0, 0, 0, 
0.33524, 0.42083, 0.37845, 0.42833, 0.43056, 0.45732, 0.4623, 
0.46916, 0.46026, 0.42495, 0.38892, 0.28369, 0.35194, 0.36127, 
0.42972, 0.41889, 0.35227, 0.41278, 0.40389, 0.38848, 0.40676, 
0.37378, 0.0135, 0.0151, 0.0145, 0.0147, 0.0146, 0.0158, 0.0216, 
0.0184, 0.0214, 0.0181, 0.0272, 58, 63.1, 69.6, 75, 80.5, 84.7, 
91.1, 96.4, 101.7, 107, 113.2, 572, 1187, 331, 508, 222, 2096, 
56, 183, 201, 257, 802, 158, 30, 91, 46, 99, 9, 255, 82, 70, 
36, 57, 100, 100, 100, 100, 100, 100, 100, 100, 100, 100, 100, 
2500, 2500, 2500, 2500, 2500, 2500, 2500, 2500, 2500, 2500, 2500, 
6913.479, 6928.522, 6925.797, 6815.261, 6897.027, 7044.292, 7002.96900000001, 
6928.102, 7265.92999999999, 7057.914, 7161.807, 12.20544, 6.4937, 
9.31187, 3.64651, 9.87486, 11.72749, 6.44258, 10.02396, 2.90329, 
5.9729, 10.75016, -13.89868, -8.19414, -14.84177, -8.69345, -14.60372, 
-14.7227, -9.70689, -13.54887, -6.81965, -10.14577, -14.67779, 
0, 0, 0, 0, 0, 0, 0, 0, 0, 0, 0, 0, 0, 0, 0, 0, 0, 0, 0, 0, 0, 
0, 0.33524, 0.40833, 0.37845, 0.42833, 0.43056, 0.44823, 0.4623, 
0.46916, 0.46026, 0.42328, 0.38225, 0.28369, 0.32694, 0.36127, 
0.43881, 0.41889, 0.34318, 0.41278, 0.41298, 0.38848, 0.35598, 
0.34711, 0.0146, 0.0154, 0.0143, 0.0146, 0.0149, 0.016, 0.0208, 
0.0189, 0.0189, 0.021, 0.0203, 58.1, 62.9, 69.6, 75, 80.5, 84.9, 
91.1, 96.5, 101.9, 107.8, 115.8, 203, 1332, 1440, 615, 30, 491, 
34, 26, 138, 729, 206, 2, 2, 1, 3, 6, 1, 15, 10, 2, 3, 1, 100, 
100, 100, 100, 100, 100, 100, 100, 100, 100, 100, 2500, 2500, 
2500, 2500, 2500, 2500, 2500, 2500, 2500, 2500, 2500, 6903.298, 
6924.828, 6878.253, 6932.089, 7027.266, 7071.921, 6959.658, 6969.57100000001, 
7034.663, 7161.70299999998, 7162.22399999999, 1, 1, 1, 1, 1, 
1, 1, 1, 1, 1, 1, 0.14286, 0.14286, 0.14286, 0.14286, 0.14286, 
0.14286, 0.14286, 0.14286, 0.14286, 0.14286, 0.14286, 0, 0, 0, 
0, 0, 0, 0, 0, 0, 0, 0, 0, 0, 0, 0, 0, 0, 0, 0, 0, 0, 0, 0.25552, 
0.29028, 0.31627, 0.3573, 0.34333, 0.32374, 0.34433, 0.40237, 
0.3225, 0.3149, 0.31313, 0.24048, 0.25278, 0.27369, 0.40789, 
0.35278, 0.35485, 0.35111, 0.37151, 0.3303, 0.31971, 0.28521, 
0.0144, 0.0146, 0.0143, 0.0152, 0.0164, 0.0183, 0.0169, 0.0176, 
0.0186, 0.0209, 0.0197, 58.4, 63.5, 69.3, 74.8, 80.3, 85.6, 91.7, 
97.2, 102.8, 108.3, 116.3, 1, 1, 1, 1, 1, 1, 1, 1, 1, 1, 1, 1, 
1, 1, 1, 1, 1, 1, 1, 1, 1, 1, 1, 1, 1, 1, 1, 1, 1, 1, 1, 1, 1, 
1, 1, 1, 1, 1, 1, 1, 1, 1, 1, 1, 2.781, 2.754, 2.652, 2.69, 2.813, 
2.953, 2.72, 2.759, 2.781, 2.959, 2.741), .Dim = c(11L, 40L), .Dimnames = list(
    NULL, c("Sampling", "PSO.cost", "PSO.gamma", "PSO.data.balancing", 
    "PSO.feature.selection", "PSO.valid.acc", "PSO.test.acc", 
    "PSO.train.time", "PSO.n.support.vectors", "PSO.index", "PSO.n.solutions", 
    "PSO.generations", "PSO.n.evaluations", "PSO.cpu.time", "RS.cost", 
    "RS.gamma", "RS.data.balancing", "RS.feature.selection", 
    "RS.valid.acc", "RS.test.acc", "RS.train.time", "RS.n.support.vectors", 
    "RS.index", "RS.n.solutions", "RS.generations", "RS.n.evaluations", 
    "RS.cpu.time", "DF.cost", "DF.gamma", "DF.data.balancing", 
    "DF.feature.selection", "DF.valid.acc", "DF.test.acc", "DF.train.time", 
    "DF.n.support.vectors", "DF.index", "DF.n.solutions", "DF.generations", 
    "DF.n.evaluations", "DF.cpu.time")))
