full <-
structure(c(50, 55, 60, 65, 70, 75, 80, 85, 90, 95, 100, 6.37666, 
3.52517, 5.43889, 4.37064, 4.46937, 5.57837, 11.68015, 7.03718, 
5.02261, 5.07044, 5.98698, -9.49332, -9.3618, -10.94052, -10.1434, 
-10.95193, -8.55951, -14.42392, -9.25087, -7.89397, -7.11496, 
-10.00387, 0, 0, 0, 0, 0, 0, 0, 0, 0, 0, 0, 0, 0, 0, 0, 0, 0, 
0, 0, 0, 0, 0, 0.34532, 0.39369, 0.42617, 0.41035, 0.39596, 0.38763, 
0.37584, 0.41562, 0.37055, 0.45691, 0.37866, 0.3031, 0.3669, 
0.37208, 0.36174, 0.34758, 0.31341, 0.36128, 0.37028, 0.36122, 
0.35302, 0.37397, 0.0144, 0.0142, 0.0144, 0.0161, 0.0157, 0.0185, 
0.017, 0.0213, 0.0206, 0.0215, 0.0235, 57.8, 64, 69.6, 75, 80.6, 
84.4, 90.1, 94.7, 101.1, 105.5, 115.4, 537, 31, 340, 481, 714, 
95, 1652, 296, 1020, 402, 40, 39, 179, 107, 48, 51, 174, 3, 76, 
39, 46, 134, 100, 100, 100, 100, 100, 100, 100, 100, 100, 100, 
100, 2500, 2500, 2500, 2500, 2500, 2500, 2500, 2500, 2500, 2500, 
2500, 7055.887, 7400.591, 7166.829, 7287.497, 7309.193, 7413.72899999999, 
7333.853, 7322.89, 7240.599, 7406.77299999999, 7337.47500000001, 
11.71877, 6.25862, 8.18743, 6.29506, 7.56152, 9.97673, 9.75195, 
5.83106, 7.71601, 5.78028, 7.57509, -14.40658, -12.00448, -13.5809, 
-12.06617, -14.05512, -13.11291, -13.32836, -7.99093, -10.70076, 
-7.8759, -11.59467, 0, 0, 0, 0, 0, 0, 0, 0, 0, 0, 0, 0, 0, 0, 
0, 0, 0, 0, 0, 0, 0, 0, 0.34393, 0.39369, 0.42617, 0.41035, 0.39596, 
0.38763, 0.37374, 0.41562, 0.36146, 0.44922, 0.37866, 0.25865, 
0.3669, 0.33529, 0.36174, 0.34758, 0.32035, 0.38903, 0.37861, 
0.35289, 0.36841, 0.37397, 0.0139, 0.014, 0.0138, 0.0153, 0.0157, 
0.0181, 0.0169, 0.0194, 0.0237, 0.0218, 0.0238, 57.4, 64, 69.6, 
75.1, 80.6, 84.4, 90.6, 94.8, 101, 105.6, 115.6, 1548, 12, 614, 
1242, 636, 23, 2239, 2034, 1017, 931, 1769, 2, 14, 7, 1, 1, 10, 
1, 1, 2, 1, 2, 100, 100, 100, 100, 100, 100, 100, 100, 100, 100, 
100, 2500, 2500, 2500, 2500, 2500, 2500, 2500, 2500, 2500, 2500, 
2500, 7126.194, 7107.604, 7143.416, 7308.82, 7373.198, 7301.398, 
7240.36399999999, 7236.323, 7190.432, 7238.122, 7423.80300000001, 
1, 1, 1, 1, 1, 1, 1, 1, 1, 1, 1, 0.14286, 0.14286, 0.14286, 0.14286, 
0.14286, 0.14286, 0.14286, 0.14286, 0.14286, 0.14286, 0.14286, 
0, 0, 0, 0, 0, 0, 0, 0, 0, 0, 0, 0, 0, 0, 0, 0, 0, 0, 0, 0, 0, 
0, 0.25948, 0.2679, 0.3001, 0.29404, 0.27778, 0.30119, 0.29301, 
0.33683, 0.30587, 0.3042, 0.26897, 0.3031, 0.24151, 0.34688, 
0.28182, 0.30394, 0.26619, 0.26281, 0.30414, 0.30172, 0.31087, 
0.29766, 0.0144, 0.0156, 0.0155, 0.0158, 0.0169, 0.0172, 0.0179, 
0.0187, 0.0192, 0.0189, 0.0196, 58.1, 63.8, 69, 74.3, 79.7, 85.5, 
91.3, 97, 102.4, 108, 116.5, 1, 1, 1, 1, 1, 1, 1, 1, 1, 1, 1, 
1, 1, 1, 1, 1, 1, 1, 1, 1, 1, 1, 1, 1, 1, 1, 1, 1, 1, 1, 1, 1, 
1, 1, 1, 1, 1, 1, 1, 1, 1, 1, 1, 1, 2.85, 3.001, 2.923, 2.855, 
2.98, 2.894, 2.898, 2.926, 2.925, 2.768, 2.769), .Dim = c(11L, 
40L), .Dimnames = list(NULL, c("Sampling", "PSO.cost", "PSO.gamma", 
"PSO.data.balancing", "PSO.feature.selection", "PSO.valid.acc", 
"PSO.test.acc", "PSO.train.time", "PSO.n.support.vectors", "PSO.index", 
"PSO.n.solutions", "PSO.generations", "PSO.n.evaluations", "PSO.cpu.time", 
"RS.cost", "RS.gamma", "RS.data.balancing", "RS.feature.selection", 
"RS.valid.acc", "RS.test.acc", "RS.train.time", "RS.n.support.vectors", 
"RS.index", "RS.n.solutions", "RS.generations", "RS.n.evaluations", 
"RS.cpu.time", "DF.cost", "DF.gamma", "DF.data.balancing", "DF.feature.selection", 
"DF.valid.acc", "DF.test.acc", "DF.train.time", "DF.n.support.vectors", 
"DF.index", "DF.n.solutions", "DF.generations", "DF.n.evaluations", 
"DF.cpu.time")))
