full <-
structure(c(50, 55, 60, 65, 70, 75, 80, 85, 90, 95, 100, 3.39742, 
7.88159, 11.17101, 5.94062, 12.91698, 2.3948, 11.25686, 6.42416, 
4.91013, 5.57702, 10.16845, -6.19395, -11.48449, -13.73379, -9.59311, 
-14.85892, -8.21718, -15, -10.68127, -9.39839, -10.05424, -15, 
0, 0, 0, 0, 0, 0, 0, 0, 0, 0, 0, 0, 0, 0, 0, 0, 0, 0, 0, 0, 0, 
0, 0.38512, 0.3631, 0.37379, 0.40746, 0.36699, 0.40622, 0.3957, 
0.3944, 0.39166, 0.42233, 0.4442, 0.33333, 0.27869, 0.24505, 
0.3169, 0.31433, 0.33673, 0.4061, 0.31837, 0.3996, 0.3667, 0.3832, 
0.0136, 0.0154, 0.0162, 0.017, 0.0165, 0.016, 0.0175, 0.0204, 
0.0203, 0.0211, 0.0202, 57.6, 63.5, 68.8, 75.2, 79.5, 86.4, 91.5, 
97.2, 103.1, 108.6, 116.5, 1103, 198, 80, 467, 1863, 51, 293, 
199, 396, 48, 2043, 35, 91, 104, 112, 2, 84, 167, 75, 116, 52, 
3, 100, 100, 100, 100, 100, 100, 100, 100, 100, 100, 100, 2500, 
2500, 2500, 2500, 2500, 2500, 2500, 2500, 2500, 2500, 2500, 6691.264, 
7209.688, 6627.955, 6503.036, 6676.34800000001, 6810.61, 7176.557, 
7150.03700000001, 6822.147, 6931.45299999999, 7020.304, 5.01504, 
8.08026, 8.06837, 8.20807, 0.62593, 7.2304, 4.25331, 9.05029, 
5.21835, 6.94673, 9.73246, -7.29433, -11.6925, -10.63432, -11.86167, 
-3.58279, -13.13871, -7.88177, -13.3588, -9.76766, -11.43153, 
-14.6384, 0, 0, 0, 0, 0, 0, 0, 0, 0, 0, 0, 0, 0, 0, 0, 0, 0, 
0, 0, 0, 0, 0, 0.37262, 0.3631, 0.37379, 0.40746, 0.35309, 0.40622, 
0.3871, 0.3944, 0.39166, 0.42233, 0.43753, 0.32083, 0.27869, 
0.25414, 0.3169, 0.34973, 0.33673, 0.39841, 0.31837, 0.3996, 
0.3667, 0.37551, 0.0136, 0.0148, 0.0168, 0.0157, 0.0154, 0.0174, 
0.0185, 0.0186, 0.02, 0.0203, 0.0199, 57.5, 63.4, 68.5, 75.2, 
80.8, 86.4, 91.3, 97.4, 103.1, 108.6, 116.6, 131, 582, 313, 420, 
333, 665, 1216, 503, 88, 274, 237, 17, 3, 6, 7, 2, 1, 1, 7, 7, 
1, 6, 100, 100, 100, 100, 100, 100, 100, 100, 100, 100, 100, 
2500, 2500, 2500, 2500, 2500, 2500, 2500, 2500, 2500, 2500, 2500, 
6994.826, 7153.131, 6550.066, 6620.574, 6547.837, 6985.47200000001, 
7144.09700000001, 6880.67999999999, 6760.149, 7033.77499999999, 
7028.73000000001, 1, 1, 1, 1, 1, 1, 1, 1, 1, 1, 1, 0.14286, 0.14286, 
0.14286, 0.14286, 0.14286, 0.14286, 0.14286, 0.14286, 0.14286, 
0.14286, 0.14286, 0, 0, 0, 0, 0, 0, 0, 0, 0, 0, 0, 0, 0, 0, 0, 
0, 0, 0, 0, 0, 0, 0, 0.26845, 0.30298, 0.26414, 0.33563, 0.28701, 
0.28974, 0.23702, 0.27203, 0.3007, 0.33218, 0.30223, 0.24762, 
0.22909, 0.24414, 0.28357, 0.3442, 0.27848, 0.31613, 0.27853, 
0.3015, 0.34956, 0.30263, 0.013, 0.0155, 0.0153, 0.0162, 0.0161, 
0.0179, 0.0185, 0.0188, 0.0193, 0.0196, 0.0216, 58.2, 64, 69.6, 
75.2, 80.8, 86.3, 91.8, 97.4, 103.2, 108.8, 115.9, 1, 1, 1, 1, 
1, 1, 1, 1, 1, 1, 1, 1, 1, 1, 1, 1, 1, 1, 1, 1, 1, 1, 1, 1, 1, 
1, 1, 1, 1, 1, 1, 1, 1, 1, 1, 1, 1, 1, 1, 1, 1, 1, 1, 1, 2.62, 
2.741, 2.677, 2.769, 2.745, 2.883, 2.857, 2.789, 2.722, 2.805, 
2.825), .Dim = c(11L, 40L), .Dimnames = list(NULL, c("Sampling", 
"PSO.cost", "PSO.gamma", "PSO.data.balancing", "PSO.feature.selection", 
"PSO.valid.acc", "PSO.test.acc", "PSO.train.time", "PSO.n.support.vectors", 
"PSO.index", "PSO.n.solutions", "PSO.generations", "PSO.n.evaluations", 
"PSO.cpu.time", "RS.cost", "RS.gamma", "RS.data.balancing", "RS.feature.selection", 
"RS.valid.acc", "RS.test.acc", "RS.train.time", "RS.n.support.vectors", 
"RS.index", "RS.n.solutions", "RS.generations", "RS.n.evaluations", 
"RS.cpu.time", "DF.cost", "DF.gamma", "DF.data.balancing", "DF.feature.selection", 
"DF.valid.acc", "DF.test.acc", "DF.train.time", "DF.n.support.vectors", 
"DF.index", "DF.n.solutions", "DF.generations", "DF.n.evaluations", 
"DF.cpu.time")))
