full <-
structure(c(50, 55, 60, 65, 70, 75, 80, 85, 90, 95, 100, 1.1529, 
8.33911, 3.44862, 11.30457, 3.44683, 12.56627, 10.3759, 11.35647, 
4.47642, 8.75286, 11.5871, -4.13769, -8.12536, -6.4277, -14.29668, 
-8.75905, -15, -13.89079, -13.37224, -10.44281, -11.75404, -15, 
0, 0, 0, 0, 0, 0, 0, 0, 0, 0, 0, 0, 0, 0, 0, 0, 0, 0, 0, 0, 0, 
0, 0.38651, 0.40821, 0.38422, 0.43268, 0.39859, 0.48581, 0.40791, 
0.39487, 0.40947, 0.38711, 0.41319, 0.30437, 0.37322, 0.38648, 
0.37922, 0.39677, 0.44859, 0.39333, 0.35297, 0.42833, 0.42925, 
0.41408, 0.0138, 0.0153, 0.0148, 0.0152, 0.0159, 0.0165, 0.0165, 
0.0227, 0.0174, 0.0243, 0.0188, 57.7, 62.8, 68.7, 73.9, 80, 84.3, 
90.9, 94.9, 102.8, 107.4, 115.2, 1510, 11, 216, 618, 534, 308, 
727, 2203, 22, 1178, 1802, 22, 791, 66, 54, 22, 19, 5, 2, 198, 
4, 4, 100, 100, 100, 100, 100, 100, 100, 100, 100, 100, 100, 
2500, 2500, 2500, 2500, 2500, 2500, 2500, 2500, 2500, 2500, 2500, 
7032.959, 7138.264, 6819.972, 7299.67000000001, 7550.233, 7211.05499999999, 
7242.053, 7089.47600000001, 7285.15100000001, 7260.22600000001, 
7346.33199999999, 1.13914, 11.35779, 3.28675, 12.11896, 8.39581, 
10.57112, 9.81765, 12.3051, 8.80541, 10.57549, 11.41906, -4.31911, 
-9.5101, -6.28075, -14.90138, -13.77094, -12.89895, -13.78538, 
-14.20019, -14.74347, -14.44553, -14.84234, 0, 0, 0, 0, 0, 0, 
0, 0, 0, 0, 0, 0, 0, 0, 0, 0, 0, 0, 0, 0, 0, 0, 0.37401, 0.40821, 
0.38422, 0.42157, 0.39859, 0.46672, 0.40715, 0.38654, 0.40947, 
0.38537, 0.40027, 0.30437, 0.36211, 0.38648, 0.37922, 0.39677, 
0.42727, 0.3771, 0.3704, 0.43602, 0.39275, 0.42177, 0.0151, 0.0165, 
0.0145, 0.0167, 0.0157, 0.0199, 0.0169, 0.0189, 0.0178, 0.0185, 
0.0189, 57.6, 62.9, 68.6, 73.9, 80, 84.6, 91.5, 94.8, 102.8, 
108.1, 115.3, 2320, 1, 522, 501, 707, 2138, 29, 1735, 114, 2102, 
1079, 1, 89, 2, 5, 2, 1, 2, 1, 7, 1, 1, 100, 100, 100, 100, 100, 
100, 100, 100, 100, 100, 100, 2500, 2500, 2500, 2500, 2500, 2500, 
2500, 2500, 2500, 2500, 2500, 6928.177, 6936.137, 6814.537, 7607.684, 
7411.588, 7325.726, 7045.538, 7343.789, 7233.117, 7150.34700000001, 
7484.71799999999, 1, 1, 1, 1, 1, 1, 1, 1, 1, 1, 1, 0.14286, 0.14286, 
0.14286, 0.14286, 0.14286, 0.14286, 0.14286, 0.14286, 0.14286, 
0.14286, 0.14286, 0, 0, 0, 0, 0, 0, 0, 0, 0, 0, 0, 0, 0, 0, 0, 
0, 0, 0, 0, 0, 0, 0, 0.33115, 0.30065, 0.29505, 0.30298, 0.30929, 
0.32934, 0.30978, 0.26993, 0.27352, 0.30958, 0.30909, 0.27579, 
0.34863, 0.28192, 0.33477, 0.30525, 0.34843, 0.29483, 0.29913, 
0.29005, 0.31315, 0.31659, 0.0132, 0.0144, 0.0146, 0.0159, 0.0167, 
0.017, 0.0161, 0.0183, 0.0188, 0.0201, 0.0202, 58.2, 63.9, 69.2, 
74.5, 80.1, 85.8, 91.4, 97.1, 102.8, 108.4, 116, 1, 1, 1, 1, 
1, 1, 1, 1, 1, 1, 1, 1, 1, 1, 1, 1, 1, 1, 1, 1, 1, 1, 1, 1, 1, 
1, 1, 1, 1, 1, 1, 1, 1, 1, 1, 1, 1, 1, 1, 1, 1, 1, 1, 1, 2.787, 
2.722, 2.67, 3.048, 2.861, 2.876, 2.816, 2.899, 2.824, 2.881, 
3.057), .Dim = c(11L, 40L), .Dimnames = list(NULL, c("Sampling", 
"PSO.cost", "PSO.gamma", "PSO.data.balancing", "PSO.feature.selection", 
"PSO.valid.acc", "PSO.test.acc", "PSO.train.time", "PSO.n.support.vectors", 
"PSO.index", "PSO.n.solutions", "PSO.generations", "PSO.n.evaluations", 
"PSO.cpu.time", "RS.cost", "RS.gamma", "RS.data.balancing", "RS.feature.selection", 
"RS.valid.acc", "RS.test.acc", "RS.train.time", "RS.n.support.vectors", 
"RS.index", "RS.n.solutions", "RS.generations", "RS.n.evaluations", 
"RS.cpu.time", "DF.cost", "DF.gamma", "DF.data.balancing", "DF.feature.selection", 
"DF.valid.acc", "DF.test.acc", "DF.train.time", "DF.n.support.vectors", 
"DF.index", "DF.n.solutions", "DF.generations", "DF.n.evaluations", 
"DF.cpu.time")))
