full <-
structure(c(50, 55, 60, 65, 70, 75, 80, 85, 90, 95, 100, 10.89137, 
5.9922, 3.30094, 4.45139, 1.73696, 11.52015, 11.63349, 11.42469, 
6.81794, 3.308, 11.35734, -15, -9.06363, -7.89171, -8.34351, 
-7.00725, -15, -14.95906, -12.53039, -12.2926, -6.10776, -15, 
0, 0, 0, 0, 0, 0, 0, 0, 0, 0, 0, 0, 0, 0, 0, 0, 0, 0, 0, 0, 0, 
0, 0.42692, 0.42198, 0.42062, 0.38934, 0.39745, 0.46298, 0.44146, 
0.40934, 0.39696, 0.39783, 0.38523, 0.36374, 0.34333, 0.4124, 
0.30096, 0.37884, 0.40808, 0.42356, 0.37172, 0.34749, 0.34941, 
0.35412, 0.0131, 0.0159, 0.015, 0.0158, 0.0158, 0.0161, 0.017, 
0.0291, 0.0179, 0.0196, 0.0193, 58.3, 63.8, 69.6, 75.1, 80.8, 
86, 91, 96.4, 103.2, 106.9, 115.2, 1280, 1672, 996, 29, 1128, 
221, 2276, 6, 1158, 2350, 1036, 13, 4, 39, 154, 10, 151, 4, 148, 
25, 1, 5, 100, 100, 100, 100, 100, 100, 100, 100, 100, 100, 100, 
2500, 2500, 2500, 2500, 2500, 2500, 2500, 2500, 2500, 2500, 2500, 
6626.414, 6616.955, 6618.217, 6669.916, 6678.326, 6736.974, 6798.08199999999, 
6932.97900000001, 6830.897, 6849.788, 6834.23500000002, 9.88082, 
0.80109, 4.80618, 7.95246, 5.86523, 8.12632, 5.8281, 9.68054, 
7.61354, 3.11019, 7.91921, -13.96022, -6.19879, -9.48201, -12.04755, 
-11.18541, -11.54893, -9.08958, -10.84292, -13.08267, -5.83261, 
-11.57832, 0, 0, 0, 0, 0, 0, 0, 0, 0, 0, 0, 0, 0, 0, 0, 0, 0, 
0, 0, 0, 0, 0, 0.42692, 0.41155, 0.41062, 0.38934, 0.39543, 0.45389, 
0.42237, 0.40934, 0.39696, 0.39783, 0.3704, 0.36374, 0.35381, 
0.42351, 0.31005, 0.37884, 0.40732, 0.43384, 0.37172, 0.35463, 
0.34941, 0.34698, 0.0132, 0.0137, 0.0148, 0.0157, 0.0156, 0.0195, 
0.0199, 0.0263, 0.0176, 0.0199, 0.0245, 58.3, 64, 69.6, 75.1, 
80.8, 86.1, 91.2, 96.3, 103.2, 107.1, 115.4, 594, 1448, 136, 
383, 464, 529, 754, 74, 153, 665, 1487, 1, 2, 6, 13, 3, 7, 3, 
17, 2, 3, 2, 100, 100, 100, 100, 100, 100, 100, 100, 100, 100, 
100, 2500, 2500, 2500, 2500, 2500, 2500, 2500, 2500, 2500, 2500, 
2500, 6596.271, 6611.301, 6645.743, 6672.66, 6689.726, 6736.78600000001, 
6806.001, 6830.79100000001, 6816.247, 6832.463, 6877.603, 1, 
1, 1, 1, 1, 1, 1, 1, 1, 1, 1, 0.14286, 0.14286, 0.14286, 0.14286, 
0.14286, 0.14286, 0.14286, 0.14286, 0.14286, 0.14286, 0.14286, 
0, 0, 0, 0, 0, 0, 0, 0, 0, 0, 0, 0, 0, 0, 0, 0, 0, 0, 0, 0, 0, 
0, 0.31783, 0.38004, 0.33382, 0.2847, 0.28518, 0.29545, 0.29288, 
0.32535, 0.26434, 0.3059, 0.26731, 0.29568, 0.35683, 0.35002, 
0.30672, 0.25202, 0.29359, 0.34751, 0.32993, 0.29142, 0.31404, 
0.30735, 0.0138, 0.0141, 0.0147, 0.0155, 0.016, 0.0167, 0.0176, 
0.0184, 0.0183, 0.0196, 0.0203, 58.4, 64, 69.6, 75.2, 80.8, 86.4, 
91.9, 97.4, 102.9, 108.4, 116.2, 1, 1, 1, 1, 1, 1, 1, 1, 1, 1, 
1, 1, 1, 1, 1, 1, 1, 1, 1, 1, 1, 1, 1, 1, 1, 1, 1, 1, 1, 1, 1, 
1, 1, 1, 1, 1, 1, 1, 1, 1, 1, 1, 1, 1, 2.62, 2.642, 2.634, 2.625, 
2.656, 2.665, 2.72, 2.701, 2.668, 2.751, 2.723), .Dim = c(11L, 
40L), .Dimnames = list(NULL, c("Sampling", "PSO.cost", "PSO.gamma", 
"PSO.data.balancing", "PSO.feature.selection", "PSO.valid.acc", 
"PSO.test.acc", "PSO.train.time", "PSO.n.support.vectors", "PSO.index", 
"PSO.n.solutions", "PSO.generations", "PSO.n.evaluations", "PSO.cpu.time", 
"RS.cost", "RS.gamma", "RS.data.balancing", "RS.feature.selection", 
"RS.valid.acc", "RS.test.acc", "RS.train.time", "RS.n.support.vectors", 
"RS.index", "RS.n.solutions", "RS.generations", "RS.n.evaluations", 
"RS.cpu.time", "DF.cost", "DF.gamma", "DF.data.balancing", "DF.feature.selection", 
"DF.valid.acc", "DF.test.acc", "DF.train.time", "DF.n.support.vectors", 
"DF.index", "DF.n.solutions", "DF.generations", "DF.n.evaluations", 
"DF.cpu.time")))
