full <-
structure(c(50, 55, 60, 65, 70, 75, 80, 85, 90, 95, 100, 7.22283, 
8.80877, 4.81673, 4.81107, 9.24416, 0.75755, 10.23502, 4.6427, 
12.92324, 11.65841, 9.36274, -13.11127, -14.64582, -10.35955, 
-10.53517, -14.56992, -4.51045, -12.93842, -9.3233, -15, -13.97531, 
-11.77724, 0, 0, 0, 0, 0, 0, 0, 0, 0, 0, 0, 0, 0, 0, 0, 0, 0, 
0, 0, 0, 0, 0, 0.3775, 0.39921, 0.38, 0.3954, 0.40379, 0.36713, 
0.39977, 0.39111, 0.38388, 0.39163, 0.40109, 0.34655, 0.36381, 
0.34917, 0.33679, 0.36836, 0.29176, 0.33571, 0.36702, 0.34167, 
0.33706, 0.39016, 0.0147, 0.0148, 0.0147, 0.0156, 0.0165, 0.0159, 
0.0198, 0.019, 0.0213, 0.0209, 0.0302, 57.9, 63.6, 69, 74.8, 
80.1, 84.4, 89.8, 96.2, 98.5, 105.6, 113.7, 620, 180, 90, 422, 
360, 701, 214, 149, 376, 2243, 631, 74, 26, 108, 73, 46, 54, 
123, 43, 78, 1, 10, 100, 100, 100, 100, 100, 100, 100, 100, 100, 
100, 100, 2500, 2500, 2500, 2500, 2500, 2500, 2500, 2500, 2500, 
2500, 2500, 6768.109, 7139.052, 6714.821, 6556.197, 6603.688, 
6647.577, 6798.549, 6751.17599999999, 6725.94100000001, 6866.605, 
6859.29300000001, 8.9152, 8.85224, 8.08962, 7.34516, 6.7036, 
-0.69779, 11.30692, 3.01967, 12.77174, 11.40114, 10.48386, -14.79111, 
-14.68545, -13.68614, -13.0812, -12.34417, -4.24989, -13.89015, 
-7.60178, -14.98878, -13.59501, -12.8115, 0, 0, 0, 0, 0, 0, 0, 
0, 0, 0, 0, 0, 0, 0, 0, 0, 0, 0, 0, 0, 0, 0, 0.3775, 0.39921, 
0.38, 0.3954, 0.40106, 0.36169, 0.38977, 0.39111, 0.3775, 0.39044, 
0.39442, 0.34655, 0.36381, 0.33806, 0.33679, 0.38947, 0.37078, 
0.33571, 0.37535, 0.34881, 0.3442, 0.3835, 0.0133, 0.0147, 0.0135, 
0.0145, 0.0156, 0.0165, 0.0181, 0.0187, 0.02, 0.0228, 0.0291, 
57.9, 63.6, 69.1, 74.9, 80.3, 85.6, 89.7, 96.2, 98.8, 105.4, 
114, 100, 574, 701, 1432, 122, 1190, 417, 369, 1218, 1789, 520, 
4, 1, 9, 2, 3, 1, 1, 4, 1, 3, 2, 100, 100, 100, 100, 100, 100, 
100, 100, 100, 100, 100, 2500, 2500, 2500, 2500, 2500, 2500, 
2500, 2500, 2500, 2500, 2500, 7033.629, 6883.405, 6726.061, 6618.194, 
6662.198, 6684.15399999999, 6774.54000000001, 6810.19499999999, 
6859.87000000001, 6717.76800000001, 6623.20600000001, 1, 1, 1, 
1, 1, 1, 1, 1, 1, 1, 1, 0.14286, 0.14286, 0.14286, 0.14286, 0.14286, 
0.14286, 0.14286, 0.14286, 0.14286, 0.14286, 0.14286, 0, 0, 0, 
0, 0, 0, 0, 0, 0, 0, 0, 0, 0, 0, 0, 0, 0, 0, 0, 0, 0, 0, 0.3525, 
0.24488, 0.24972, 0.26146, 0.2754, 0.28834, 0.29116, 0.35944, 
0.25446, 0.28014, 0.28264, 0.33544, 0.27413, 0.28083, 0.27682, 
0.28199, 0.31057, 0.32184, 0.30744, 0.27889, 0.27229, 0.31748, 
0.0149, 0.0144, 0.0148, 0.0146, 0.016, 0.0178, 0.0179, 0.019, 
0.0194, 0.0191, 0.0203, 57.4, 62.7, 68.2, 74.1, 79.6, 85.3, 90.9, 
96.7, 102.4, 108, 116.2, 1, 1, 1, 1, 1, 1, 1, 1, 1, 1, 1, 1, 
1, 1, 1, 1, 1, 1, 1, 1, 1, 1, 1, 1, 1, 1, 1, 1, 1, 1, 1, 1, 1, 
1, 1, 1, 1, 1, 1, 1, 1, 1, 1, 1, 2.816, 2.625, 2.602, 2.54, 2.671, 
2.709, 2.703, 2.858, 2.734, 2.615, 2.639), .Dim = c(11L, 40L), .Dimnames = list(
    NULL, c("Sampling", "PSO.cost", "PSO.gamma", "PSO.data.balancing", 
    "PSO.feature.selection", "PSO.valid.acc", "PSO.test.acc", 
    "PSO.train.time", "PSO.n.support.vectors", "PSO.index", "PSO.n.solutions", 
    "PSO.generations", "PSO.n.evaluations", "PSO.cpu.time", "RS.cost", 
    "RS.gamma", "RS.data.balancing", "RS.feature.selection", 
    "RS.valid.acc", "RS.test.acc", "RS.train.time", "RS.n.support.vectors", 
    "RS.index", "RS.n.solutions", "RS.generations", "RS.n.evaluations", 
    "RS.cpu.time", "DF.cost", "DF.gamma", "DF.data.balancing", 
    "DF.feature.selection", "DF.valid.acc", "DF.test.acc", "DF.train.time", 
    "DF.n.support.vectors", "DF.index", "DF.n.solutions", "DF.generations", 
    "DF.n.evaluations", "DF.cpu.time")))
