full <-
structure(c(50, 55, 60, 65, 70, 75, 80, 85, 90, 95, 100, 2.7072, 
3.46901, 10.7401, 4.77779, 6.11092, 8.08654, 7.72924, 4.16527, 
6.21652, 12.92198, 9.42405, -5.41483, -6.75813, -15, -10.00503, 
-11.52414, -11.12597, -12.42038, -7.45774, -9.3862, -15, -11.91061, 
0, 0, 0, 0, 0, 0, 0, 0, 0, 0, 0, 0, 0, 0, 0, 0, 0, 0, 0, 0, 0, 
0, 0.33841, 0.36766, 0.38353, 0.36917, 0.35571, 0.38571, 0.36221, 
0.40784, 0.43136, 0.41466, 0.43716, 0.2694, 0.33988, 0.36159, 
0.37667, 0.32626, 0.35597, 0.33656, 0.35502, 0.34645, 0.36915, 
0.40003, 0.0134, 0.014, 0.0141, 0.0158, 0.0158, 0.0199, 0.0177, 
0.0194, 0.0219, 0.0211, 0.0289, 58.2, 64, 69.6, 75.2, 80.8, 85.7, 
91.9, 96.5, 101.8, 106, 113.5, 2005, 170, 100, 98, 185, 249, 
218, 252, 308, 2384, 477, 2, 87, 121, 88, 60, 45, 88, 99, 114, 
3, 50, 100, 100, 100, 100, 100, 100, 100, 100, 100, 100, 100, 
2500, 2500, 2500, 2500, 2500, 2500, 2500, 2500, 2500, 2500, 2500, 
6907.141, 6886.205, 6890.476, 6843.628, 7311.389, 7355.15000000001, 
7341.28499999999, 7322.06999999999, 7263.954, 7172.48500000002, 
7232.73200000002, 2.8752, 7.47748, 10.82782, 3.25238, 4.64551, 
10.47617, 10.08698, 4.49363, 11.6634, 12.78358, 12.25778, -5.64893, 
-10.85959, -14.85366, -8.41179, -10.03169, -13.37089, -14.77091, 
-8.22562, -14.82049, -14.68973, -14.75012, 0, 0, 0, 0, 0, 0, 
0, 0, 0, 0, 0, 0, 0, 0, 0, 0, 0, 0, 0, 0, 0, 0, 0.33841, 0.36766, 
0.38353, 0.36917, 0.35571, 0.37948, 0.36221, 0.40118, 0.42469, 
0.3926, 0.43716, 0.2694, 0.35417, 0.35048, 0.37667, 0.32626, 
0.35883, 0.34565, 0.34772, 0.34645, 0.36813, 0.39415, 0.0155, 
0.0151, 0.0141, 0.0152, 0.0162, 0.0181, 0.0171, 0.0196, 0.018, 
0.0209, 0.0207, 58.2, 64, 69.5, 75.2, 80.8, 85.6, 91.8, 96.8, 
101.8, 105.8, 114.1, 1309, 229, 901, 58, 683, 371, 371, 598, 
40, 973, 370, 1, 6, 3, 2, 1, 3, 5, 10, 2, 1, 2, 100, 100, 100, 
100, 100, 100, 100, 100, 100, 100, 100, 2500, 2500, 2500, 2500, 
2500, 2500, 2500, 2500, 2500, 2500, 2500, 6895.725, 6794.527, 
6739.918, 7225.022, 7329.77499999999, 7323.773, 7296.787, 7336.314, 
7115.148, 7134.26500000001, 7149.73700000002, 1, 1, 1, 1, 1, 
1, 1, 1, 1, 1, 1, 0.14286, 0.14286, 0.14286, 0.14286, 0.14286, 
0.14286, 0.14286, 0.14286, 0.14286, 0.14286, 0.14286, 0, 0, 0, 
0, 0, 0, 0, 0, 0, 0, 0, 0, 0, 0, 0, 0, 0, 0, 0, 0, 0, 0, 0.27635, 
0.27004, 0.25901, 0.26472, 0.23753, 0.25532, 0.22177, 0.27903, 
0.27077, 0.27351, 0.30263, 0.21484, 0.28433, 0.24246, 0.27333, 
0.26591, 0.30584, 0.24299, 0.24069, 0.23666, 0.29398, 0.29861, 
0.0129, 0.0143, 0.0142, 0.016, 0.0168, 0.0177, 0.0178, 0.0188, 
0.0183, 0.0194, 0.0204, 58.4, 64, 69.5, 75, 80.5, 86.2, 91.9, 
97.3, 102.9, 108, 116, 1, 1, 1, 1, 1, 1, 1, 1, 1, 1, 1, 1, 1, 
1, 1, 1, 1, 1, 1, 1, 1, 1, 1, 1, 1, 1, 1, 1, 1, 1, 1, 1, 1, 1, 
1, 1, 1, 1, 1, 1, 1, 1, 1, 1, 2.558, 2.669, 2.55, 2.968, 2.917, 
2.86, 2.898, 2.897, 2.812, 2.798, 2.836), .Dim = c(11L, 40L), .Dimnames = list(
    NULL, c("Sampling", "PSO.cost", "PSO.gamma", "PSO.data.balancing", 
    "PSO.feature.selection", "PSO.valid.acc", "PSO.test.acc", 
    "PSO.train.time", "PSO.n.support.vectors", "PSO.index", "PSO.n.solutions", 
    "PSO.generations", "PSO.n.evaluations", "PSO.cpu.time", "RS.cost", 
    "RS.gamma", "RS.data.balancing", "RS.feature.selection", 
    "RS.valid.acc", "RS.test.acc", "RS.train.time", "RS.n.support.vectors", 
    "RS.index", "RS.n.solutions", "RS.generations", "RS.n.evaluations", 
    "RS.cpu.time", "DF.cost", "DF.gamma", "DF.data.balancing", 
    "DF.feature.selection", "DF.valid.acc", "DF.test.acc", "DF.train.time", 
    "DF.n.support.vectors", "DF.index", "DF.n.solutions", "DF.generations", 
    "DF.n.evaluations", "DF.cpu.time")))
