full <-
structure(c(50, 55, 60, 65, 70, 75, 80, 85, 90, 95, 100, 11.6287, 
8.4272, 6.62894, 6.42302, 8.37654, 8.02329, 2.54936, 7.68877, 
10.50604, 1.33306, 9.04177, -14.91291, -12.97123, -11.07043, 
-9.43465, -13.36448, -12.54889, -6.54996, -12.60455, -14.56568, 
-5.98079, -10.60065, 0, 0, 0, 0, 0, 0, 0, 0, 0, 0, 0, 0, 0, 0, 
0, 0, 0, 0, 0, 0, 0, 0, 0.40159, 0.42694, 0.41992, 0.41808, 0.42982, 
0.41095, 0.37192, 0.38353, 0.37832, 0.41316, 0.41192, 0.37659, 
0.37472, 0.3594, 0.36248, 0.35942, 0.37408, 0.29817, 0.30072, 
0.36225, 0.38238, 0.37179, 0.0146, 0.0145, 0.0149, 0.0177, 0.0154, 
0.0169, 0.017, 0.0189, 0.0175, 0.0186, 0.0307, 57.1, 63.9, 69, 
74.5, 80.8, 85.9, 90.8, 97.1, 102.7, 108.3, 113.7, 364, 532, 
230, 121, 266, 194, 2106, 241, 942, 202, 391, 303, 63, 61, 76, 
21, 95, 2, 52, 15, 33, 26, 100, 100, 100, 100, 100, 100, 100, 
100, 100, 100, 100, 2500, 2500, 2500, 2500, 2500, 2500, 2500, 
2500, 2500, 2500, 2500, 6888.536, 7066.844, 6841.488, 6738.125, 
6711.684, 6558.64199999999, 6739.572, 6778.257, 6896.405, 6727.984, 
6943.255, 11.57333, 7.0415, 6.45379, 6.3842, 7.9839, 10.97731, 
2.19501, 9.64268, 11.04575, 2.36324, 8.08275, -14.68575, -11.57705, 
-10.73345, -9.4025, -12.96522, -12.58453, -6.12778, -14.53355, 
-13.28666, -7.2157, -9.64837, 0, 0, 0, 0, 0, 0, 0, 0, 0, 0, 0, 
0, 0, 0, 0, 0, 0, 0, 0, 0, 0, 0, 0.40159, 0.42694, 0.41853, 0.41808, 
0.42982, 0.40519, 0.37192, 0.3752, 0.37313, 0.41316, 0.41192, 
0.35992, 0.37472, 0.34829, 0.37676, 0.35942, 0.33757, 0.29817, 
0.30906, 0.30741, 0.37329, 0.37179, 0.0136, 0.0148, 0.0155, 0.0171, 
0.0151, 0.0239, 0.0173, 0.0161, 0.0221, 0.0192, 0.0286, 57.5, 
63.7, 69, 74.5, 80.8, 85.6, 90.7, 97.2, 100.9, 108.4, 113.7, 
785, 851, 621, 747, 1017, 558, 646, 391, 364, 1112, 161, 7, 1, 
15, 4, 2, 3, 1, 6, 1, 1, 1, 100, 100, 100, 100, 100, 100, 100, 
100, 100, 100, 100, 2500, 2500, 2500, 2500, 2500, 2500, 2500, 
2500, 2500, 2500, 2500, 6896.371, 6995.081, 6890.25, 6674.45800000001, 
6661.43, 6784.095, 6789.682, 6806.81200000001, 6983.27500000001, 
6750.38, 7017.516, 1, 1, 1, 1, 1, 1, 1, 1, 1, 1, 1, 0.14286, 
0.14286, 0.14286, 0.14286, 0.14286, 0.14286, 0.14286, 0.14286, 
0.14286, 0.14286, 0.14286, 0, 0, 0, 0, 0, 0, 0, 0, 0, 0, 0, 0, 
0, 0, 0, 0, 0, 0, 0, 0, 0, 0, 0.27421, 0.33226, 0.29107, 0.3349, 
0.32922, 0.29888, 0.2573, 0.27378, 0.27932, 0.3112, 0.3076, 0.29325, 
0.29877, 0.30357, 0.3622, 0.32672, 0.31737, 0.26499, 0.27744, 
0.30173, 0.30519, 0.32969, 0.0143, 0.0149, 0.0156, 0.0156, 0.0166, 
0.0177, 0.0176, 0.0182, 0.0191, 0.0195, 0.0214, 58, 63.8, 69.4, 
75.1, 80.7, 85.9, 91.1, 97, 102.6, 108.3, 116, 1, 1, 1, 1, 1, 
1, 1, 1, 1, 1, 1, 1, 1, 1, 1, 1, 1, 1, 1, 1, 1, 1, 1, 1, 1, 1, 
1, 1, 1, 1, 1, 1, 1, 1, 1, 1, 1, 1, 1, 1, 1, 1, 1, 1, 2.784, 
2.895, 2.838, 2.772, 2.651, 2.811, 2.69, 2.727, 2.784, 2.749, 
2.825), .Dim = c(11L, 40L), .Dimnames = list(NULL, c("Sampling", 
"PSO.cost", "PSO.gamma", "PSO.data.balancing", "PSO.feature.selection", 
"PSO.valid.acc", "PSO.test.acc", "PSO.train.time", "PSO.n.support.vectors", 
"PSO.index", "PSO.n.solutions", "PSO.generations", "PSO.n.evaluations", 
"PSO.cpu.time", "RS.cost", "RS.gamma", "RS.data.balancing", "RS.feature.selection", 
"RS.valid.acc", "RS.test.acc", "RS.train.time", "RS.n.support.vectors", 
"RS.index", "RS.n.solutions", "RS.generations", "RS.n.evaluations", 
"RS.cpu.time", "DF.cost", "DF.gamma", "DF.data.balancing", "DF.feature.selection", 
"DF.valid.acc", "DF.test.acc", "DF.train.time", "DF.n.support.vectors", 
"DF.index", "DF.n.solutions", "DF.generations", "DF.n.evaluations", 
"DF.cpu.time")))
