full <-
structure(c(50, 55, 60, 65, 70, 75, 80, 85, 90, 95, 100, 3.11155, 
4.02758, 3.54598, 3.24185, 2.55841, 3.43537, 10.08446, 6.37825, 
3.89783, 11.95523, 10.50591, -5.23267, -6.00055, -5.58729, -6.47257, 
-5.76888, -8.009, -11.05414, -9.21901, -8.34969, -15, -15, 0, 
0, 0, 0, 0, 0, 0, 0, 0, 0, 0, 0, 0, 0, 0, 0, 0, 0, 0, 0, 0, 0, 
0.36786, 0.43964, 0.41807, 0.35048, 0.41272, 0.39927, 0.34814, 
0.41432, 0.39234, 0.38336, 0.43095, 0.37619, 0.38163, 0.36903, 
0.30345, 0.29953, 0.32612, 0.30107, 0.32586, 0.35981, 0.34714, 
0.37714, 0.0134, 0.0142, 0.015, 0.0153, 0.016, 0.0157, 0.0243, 
0.0193, 0.018, 0.0183, 0.0186, 58.1, 63.7, 69.3, 74.6, 80.2, 
86.3, 90.6, 96.6, 102.9, 107.2, 116.1, 197, 969, 1745, 136, 259, 
88, 58, 377, 77, 1749, 743, 308, 59, 22, 211, 307, 124, 108, 
79, 104, 5, 20, 100, 100, 100, 100, 100, 100, 100, 100, 100, 
100, 100, 2500, 2500, 2500, 2500, 2500, 2500, 2500, 2500, 2500, 
2500, 2500, 6234.943, 6159.79, 6167.183, 6177.013, 6189.076, 
6194.45800000001, 6335.42300000001, 6260.675, 6267.382, 6335.336, 
6377.799, 3.08619, 3.96516, 3.70172, -0.35849, 2.29916, 6.59653, 
13.938, 7.60862, 3.80003, 11.7181, 4.71417, -5.13563, -6.10829, 
-5.65439, -4.20768, -5.64366, -11.19381, -14.99918, -10.43951, 
-8.26671, -14.77375, -9.16238, 0, 0, 0, 0, 0, 0, 0, 0, 0, 0, 
0, 0, 0, 0, 0, 0, 0, 0, 0, 0, 0, 0, 0.35536, 0.42536, 0.40807, 
0.35678, 0.40503, 0.39927, 0.34814, 0.41432, 0.39234, 0.37622, 
0.42429, 0.37619, 0.39274, 0.36903, 0.29214, 0.31973, 0.31703, 
0.31016, 0.32586, 0.35981, 0.34714, 0.37048, 0.0137, 0.014, 0.0145, 
0.0141, 0.0158, 0.0161, 0.022, 0.0207, 0.0181, 0.0183, 0.0214, 
58.1, 63.6, 69.3, 75, 80.2, 86.2, 90, 96.7, 102.9, 107, 115.9, 
446, 443, 979, 2172, 2202, 451, 802, 158, 107, 2078, 119, 1, 
1, 1, 1, 1, 15, 1, 4, 7, 1, 7, 100, 100, 100, 100, 100, 100, 
100, 100, 100, 100, 100, 2500, 2500, 2500, 2500, 2500, 2500, 
2500, 2500, 2500, 2500, 2500, 6153.5, 6148.227, 6164.093, 6206.494, 
6194.388, 6201.72900000001, 6229.81600000001, 6254.27500000001, 
6287.893, 6324.492, 6374.69500000001, 1, 1, 1, 1, 1, 1, 1, 1, 
1, 1, 1, 0.14286, 0.14286, 0.14286, 0.14286, 0.14286, 0.14286, 
0.14286, 0.14286, 0.14286, 0.14286, 0.14286, 0, 0, 0, 0, 0, 0, 
0, 0, 0, 0, 0, 0, 0, 0, 0, 0, 0, 0, 0, 0, 0, 0, 0.29524, 0.2894, 
0.33199, 0.27193, 0.3126, 0.27284, 0.27688, 0.3165, 0.26554, 
0.29639, 0.33571, 0.28512, 0.32067, 0.32958, 0.28078, 0.2736, 
0.30165, 0.27979, 0.29817, 0.26058, 0.29636, 0.32857, 0.0133, 
0.0143, 0.0146, 0.0151, 0.0157, 0.0162, 0.0169, 0.017, 0.018, 
0.019, 0.0207, 58.4, 63.9, 69.6, 75, 80.6, 86.3, 91.7, 97.4, 
103, 108.4, 115.9, 1, 1, 1, 1, 1, 1, 1, 1, 1, 1, 1, 1, 1, 1, 
1, 1, 1, 1, 1, 1, 1, 1, 1, 1, 1, 1, 1, 1, 1, 1, 1, 1, 1, 1, 1, 
1, 1, 1, 1, 1, 1, 1, 1, 1, 2.426, 2.439, 2.461, 2.463, 2.473, 
2.468, 2.497, 2.454, 2.506, 2.527, 2.53), .Dim = c(11L, 40L), .Dimnames = list(
    NULL, c("Sampling", "PSO.cost", "PSO.gamma", "PSO.data.balancing", 
    "PSO.feature.selection", "PSO.valid.acc", "PSO.test.acc", 
    "PSO.train.time", "PSO.n.support.vectors", "PSO.index", "PSO.n.solutions", 
    "PSO.generations", "PSO.n.evaluations", "PSO.cpu.time", "RS.cost", 
    "RS.gamma", "RS.data.balancing", "RS.feature.selection", 
    "RS.valid.acc", "RS.test.acc", "RS.train.time", "RS.n.support.vectors", 
    "RS.index", "RS.n.solutions", "RS.generations", "RS.n.evaluations", 
    "RS.cpu.time", "DF.cost", "DF.gamma", "DF.data.balancing", 
    "DF.feature.selection", "DF.valid.acc", "DF.test.acc", "DF.train.time", 
    "DF.n.support.vectors", "DF.index", "DF.n.solutions", "DF.generations", 
    "DF.n.evaluations", "DF.cpu.time")))
