full <-
structure(c(50, 55, 60, 65, 70, 75, 80, 85, 90, 95, 100, 4.47424, 
7.64775, 2.10187, 3.66361, 3.76105, 0.34255, 11.97545, 9.75927, 
8.89988, 13.65266, 12.44951, -9.78097, -13.03994, -7.76841, -9.30418, 
-8.19381, -5.91954, -14.51464, -12.98711, -11.51029, -14.79693, 
-15, 0, 0, 0, 0, 0, 0, 0, 0, 0, 0, 0, 0, 0, 0, 0, 0, 0, 0, 0, 
0, 0, 0, 0.4275, 0.4202, 0.37994, 0.37612, 0.38538, 0.36524, 
0.41938, 0.38997, 0.4326, 0.44819, 0.42953, 0.41448, 0.4023, 
0.37422, 0.35569, 0.3372, 0.2691, 0.40219, 0.34555, 0.4227, 0.37311, 
0.36948, 0.013, 0.0131, 0.0139, 0.014, 0.0155, 0.016, 0.0165, 
0.0181, 0.0238, 0.0279, 0.02, 58.1, 64, 69.6, 75.1, 80.3, 86.2, 
90.2, 95.8, 100.2, 105.1, 114.4, 326, 12, 158, 65, 53, 199, 744, 
301, 138, 799, 2241, 93, 35, 88, 31, 68, 33, 14, 68, 106, 33, 
1, 100, 100, 100, 100, 100, 100, 100, 100, 100, 100, 100, 2500, 
2500, 2500, 2500, 2500, 2500, 2500, 2500, 2500, 2500, 2500, 6416.522, 
6411.499, 6332.714, 6639.991, 6649.429, 6586.25599999999, 6533.121, 
6509.976, 6590.96800000001, 7688.883, 6345.359, 6.265, 3.58053, 
4.92745, 8.84288, 9.65036, 6.49488, 7.16187, 11.16288, 6.09121, 
12.29885, 9.62558, -11.57373, -8.93687, -10.64173, -14.53276, 
-14.09325, -11.45828, -9.17695, -14.38023, -8.70802, -14.71132, 
-14.1277, 0, 0, 0, 0, 0, 0, 0, 0, 0, 0, 0, 0, 0, 0, 0, 0, 0, 
0, 0, 0, 0, 0, 0.4275, 0.4202, 0.37994, 0.37501, 0.38538, 0.36279, 
0.41041, 0.38997, 0.4326, 0.4443, 0.40918, 0.41448, 0.4023, 0.37422, 
0.35569, 0.3372, 0.31563, 0.33491, 0.34555, 0.4227, 0.40016, 
0.34293, 0.013, 0.013, 0.0137, 0.017, 0.0158, 0.0161, 0.0192, 
0.0172, 0.0209, 0.022, 0.0176, 58.1, 64, 69.6, 75.2, 80.5, 86.2, 
89.5, 95.9, 99.7, 106.7, 116.3, 2403, 550, 46, 251, 49, 828, 
280, 519, 290, 1282, 182, 1, 4, 7, 1, 8, 5, 1, 2, 5, 1, 3, 100, 
100, 100, 100, 100, 100, 100, 100, 100, 100, 100, 2500, 2500, 
2500, 2500, 2500, 2500, 2500, 2500, 2500, 2500, 2500, 6471.009, 
6305.761, 6466.657, 6651.283, 6649.925, 6495.617, 6497.429, 6491.114, 
6475.40399999999, 9023.209, 6500.92200000002, 1, 1, 1, 1, 1, 
1, 1, 1, 1, 1, 1, 0.14286, 0.14286, 0.14286, 0.14286, 0.14286, 
0.14286, 0.14286, 0.14286, 0.14286, 0.14286, 0.14286, 0, 0, 0, 
0, 0, 0, 0, 0, 0, 0, 0, 0, 0, 0, 0, 0, 0, 0, 0, 0, 0, 0, 0.31115, 
0.27397, 0.25165, 0.2589, 0.23904, 0.24963, 0.30903, 0.28166, 
0.3466, 0.36209, 0.31307, 0.36698, 0.26802, 0.30791, 0.28207, 
0.27881, 0.2185, 0.3275, 0.32749, 0.34698, 0.31954, 0.30575, 
0.0133, 0.0139, 0.017, 0.0142, 0.0158, 0.0164, 0.0169, 0.0178, 
0.018, 0.0216, 0.0204, 57.6, 63.3, 68.6, 74.4, 80.3, 85.8, 91.3, 
96.8, 102.5, 108.2, 116.3, 1, 1, 1, 1, 1, 1, 1, 1, 1, 1, 1, 1, 
1, 1, 1, 1, 1, 1, 1, 1, 1, 1, 1, 1, 1, 1, 1, 1, 1, 1, 1, 1, 1, 
1, 1, 1, 1, 1, 1, 1, 1, 1, 1, 1, 2.551, 2.533, 2.638, 2.617, 
2.73, 2.634, 2.589, 2.604, 2.491, 3.603, 2.586), .Dim = c(11L, 
40L), .Dimnames = list(NULL, c("Sampling", "PSO.cost", "PSO.gamma", 
"PSO.data.balancing", "PSO.feature.selection", "PSO.valid.acc", 
"PSO.test.acc", "PSO.train.time", "PSO.n.support.vectors", "PSO.index", 
"PSO.n.solutions", "PSO.generations", "PSO.n.evaluations", "PSO.cpu.time", 
"RS.cost", "RS.gamma", "RS.data.balancing", "RS.feature.selection", 
"RS.valid.acc", "RS.test.acc", "RS.train.time", "RS.n.support.vectors", 
"RS.index", "RS.n.solutions", "RS.generations", "RS.n.evaluations", 
"RS.cpu.time", "DF.cost", "DF.gamma", "DF.data.balancing", "DF.feature.selection", 
"DF.valid.acc", "DF.test.acc", "DF.train.time", "DF.n.support.vectors", 
"DF.index", "DF.n.solutions", "DF.generations", "DF.n.evaluations", 
"DF.cpu.time")))
