full <-
structure(c(50, 55, 60, 65, 70, 75, 80, 85, 90, 95, 100, 0.9936, 
8.81131, 1.70049, 10.95857, 11.64297, 6.90708, 12.88217, 5.85238, 
9.64367, 12.84181, 10.68713, -5.65273, -14.26079, -5.30239, -15, 
-15, -11.03886, -15, -10.80689, -11.82469, -15, -14.97985, 0, 
0, 0, 0, 0, 0, 0, 0, 0, 0, 0, 0, 0, 0, 0, 0, 0, 0, 0, 0, 0, 0, 
0.50274, 0.43313, 0.44438, 0.4275, 0.39215, 0.40173, 0.40013, 
0.40634, 0.44595, 0.41643, 0.42817, 0.49417, 0.43313, 0.40021, 
0.39278, 0.39417, 0.35828, 0.37183, 0.3388, 0.40719, 0.40031, 
0.41319, 0.0124, 0.0137, 0.0148, 0.0139, 0.0144, 0.0169, 0.0197, 
0.0206, 0.0287, 0.0202, 0.0193, 58.3, 63.9, 69.1, 74.4, 80.2, 
86.3, 89.8, 97.4, 99.9, 105.7, 115.9, 119, 149, 1221, 79, 125, 
216, 1600, 208, 173, 1244, 2132, 233, 22, 45, 151, 195, 62, 1, 
75, 74, 3, 2, 100, 100, 100, 100, 100, 100, 100, 100, 100, 100, 
100, 2500, 2500, 2500, 2500, 2500, 2500, 2500, 2500, 2500, 2500, 
2500, 6115.727, 5982.586, 6046.308, 5987.779, 6115.68, 6056.308, 
9007.04700000001, 8982.667, 9127.31199999999, 6811.06199999999, 
6625.88699999999, 2.85479, 4.01212, 1.66267, 9.6017, 6.87655, 
9.2252, 11.05432, 9.23637, 12.14289, 7.15916, 10.9954, -7.76225, 
-9.43122, -5.24547, -13.42832, -10.7724, -13.34984, -13.11724, 
-14.19029, -14.29215, -11.33165, -14.78402, 0, 0, 0, 0, 0, 0, 
0, 0, 0, 0, 0, 0, 0, 0, 0, 0, 0, 0, 0, 0, 0, 0, 0.48845, 0.43313, 
0.44438, 0.4275, 0.39215, 0.40173, 0.39937, 0.40634, 0.44595, 
0.40317, 0.42047, 0.49417, 0.43313, 0.40021, 0.37167, 0.42346, 
0.35828, 0.37183, 0.3388, 0.3995, 0.40881, 0.38799, 0.0122, 0.0124, 
0.0137, 0.0137, 0.0168, 0.0188, 0.0246, 0.0201, 0.0218, 0.0196, 
0.0181, 58.3, 63.8, 69.1, 74, 80.2, 86.4, 89.4, 97.5, 100, 107.9, 
115.6, 176, 1140, 366, 75, 190, 1633, 2000, 903, 926, 551, 2396, 
3, 1, 3, 9, 2, 2, 2, 7, 3, 7, 1, 100, 100, 100, 100, 100, 100, 
100, 100, 100, 100, 100, 2500, 2500, 2500, 2500, 2500, 2500, 
2500, 2500, 2500, 2500, 2500, 6074.986, 5935.482, 5946.904, 6051.149, 
6077.576, 7260.447, 8966.031, 9000.689, 9038.63800000001, 6604.07299999997, 
6417.06700000001, 1, 1, 1, 1, 1, 1, 1, 1, 1, 1, 1, 0.14286, 0.14286, 
0.14286, 0.14286, 0.14286, 0.14286, 0.14286, 0.14286, 0.14286, 
0.14286, 0.14286, 0, 0, 0, 0, 0, 0, 0, 0, 0, 0, 0, 0, 0, 0, 0, 
0, 0, 0, 0, 0, 0, 0, 0.42893, 0.37996, 0.33696, 0.32917, 0.26811, 
0.26747, 0.28762, 0.31424, 0.31768, 0.32002, 0.29418, 0.4356, 
0.34524, 0.30391, 0.33806, 0.29399, 0.2599, 0.28683, 0.29626, 
0.33631, 0.34255, 0.33083, 0.0139, 0.0129, 0.0133, 0.0153, 0.0145, 
0.019, 0.02, 0.0209, 0.0209, 0.0184, 0.0185, 58.3, 63.9, 69.2, 
74.6, 80.5, 86.3, 91.9, 97.3, 102.6, 108.6, 116.3, 1, 1, 1, 1, 
1, 1, 1, 1, 1, 1, 1, 1, 1, 1, 1, 1, 1, 1, 1, 1, 1, 1, 1, 1, 1, 
1, 1, 1, 1, 1, 1, 1, 1, 1, 1, 1, 1, 1, 1, 1, 1, 1, 1, 1, 2.527, 
2.323, 2.339, 2.562, 2.365, 3.595, 3.553, 3.595, 3.605, 2.631, 
2.385), .Dim = c(11L, 40L), .Dimnames = list(NULL, c("Sampling", 
"PSO.cost", "PSO.gamma", "PSO.data.balancing", "PSO.feature.selection", 
"PSO.valid.acc", "PSO.test.acc", "PSO.train.time", "PSO.n.support.vectors", 
"PSO.index", "PSO.n.solutions", "PSO.generations", "PSO.n.evaluations", 
"PSO.cpu.time", "RS.cost", "RS.gamma", "RS.data.balancing", "RS.feature.selection", 
"RS.valid.acc", "RS.test.acc", "RS.train.time", "RS.n.support.vectors", 
"RS.index", "RS.n.solutions", "RS.generations", "RS.n.evaluations", 
"RS.cpu.time", "DF.cost", "DF.gamma", "DF.data.balancing", "DF.feature.selection", 
"DF.valid.acc", "DF.test.acc", "DF.train.time", "DF.n.support.vectors", 
"DF.index", "DF.n.solutions", "DF.generations", "DF.n.evaluations", 
"DF.cpu.time")))
