full <-
structure(c(50, 55, 60, 65, 70, 75, 80, 85, 90, 95, 100, 10.43422, 
12.80176, 6.44201, 12.20893, 6.57607, 6.51485, 13.2124, 10.98124, 
10.94223, 8.81646, 13.4763, -11.55137, -14.851, -10.15319, -15, 
-8.66969, -11.49899, -15, -13.09398, -15, -12.0175, -14.94669, 
0, 0, 0, 0, 0, 0, 0, 0, 0, 0, 0, 0, 0, 0, 0, 0, 0, 0, 0, 0, 0, 
0, 0.33452, 0.35895, 0.34341, 0.39379, 0.38111, 0.38753, 0.39043, 
0.37959, 0.39795, 0.43216, 0.43513, 0.20079, 0.32406, 0.33774, 
0.35867, 0.375, 0.34303, 0.3624, 0.33521, 0.35539, 0.38256, 0.40455, 
0.0166, 0.0147, 0.0165, 0.0164, 0.018, 0.0159, 0.0206, 0.0242, 
0.0179, 0.0242, 0.0277, 58.2, 63.6, 69.3, 75.2, 80.4, 86.3, 90.6, 
96.6, 103.1, 108, 113.4, 211, 1244, 221, 51, 719, 64, 369, 638, 
1656, 929, 679, 109, 3, 85, 251, 4, 9, 58, 28, 1, 18, 22, 100, 
100, 100, 100, 100, 100, 100, 100, 100, 100, 100, 2500, 2500, 
2500, 2500, 2500, 2500, 2500, 2500, 2500, 2500, 2500, 7089.856, 
7368.87, 7450.597, 7579.423, 6833.072, 7090.216, 7111.018, 7374.156, 
7407.63900000001, 7416.11600000001, 7392.17499999999, 9.81174, 
11.12332, 9.36884, 8.14765, 12.09426, 8.32977, 13.19015, 3.32088, 
6.66749, 11.02335, 12.16499, -10.84139, -14.85764, -13.09091, 
-10.89701, -14.3297, -13.37365, -14.8599, -6.90497, -10.72125, 
-14.23399, -14.56481, 0, 0, 0, 0, 0, 0, 0, 0, 0, 0, 0, 0, 0, 
0, 0, 0, 0, 0, 0, 0, 0, 0, 0.33452, 0.35716, 0.34341, 0.39379, 
0.37202, 0.38662, 0.38274, 0.38034, 0.39081, 0.42447, 0.42258, 
0.20079, 0.3066, 0.35024, 0.34867, 0.375, 0.34303, 0.361, 0.3599, 
0.34825, 0.37487, 0.40436, 0.0164, 0.0149, 0.0152, 0.0176, 0.0164, 
0.0163, 0.02, 0.0182, 0.0205, 0.0185, 0.0195, 58.2, 63.7, 69.3, 
74.9, 80.2, 86.4, 90.9, 97.6, 102.3, 108.3, 114, 442, 1659, 2213, 
278, 833, 373, 919, 712, 323, 397, 757, 6, 1, 2, 10, 2, 5, 4, 
1, 3, 1, 1, 100, 100, 100, 100, 100, 100, 100, 100, 100, 100, 
100, 2500, 2500, 2500, 2500, 2500, 2500, 2500, 2500, 2500, 2500, 
2500, 7176.246, 7204.577, 7580.61, 6827.199, 6898.46100000001, 
7085.37699999999, 7172.23000000001, 7375.82699999999, 7319.27499999999, 
7137.11499999999, 7155.61599999998, 1, 1, 1, 1, 1, 1, 1, 1, 1, 
1, 1, 0.14286, 0.14286, 0.14286, 0.14286, 0.14286, 0.14286, 0.14286, 
0.14286, 0.14286, 0.14286, 0.14286, 0, 0, 0, 0, 0, 0, 0, 0, 0, 
0, 0, 0, 0, 0, 0, 0, 0, 0, 0, 0, 0, 0, 0.25813, 0.27707, 0.2948, 
0.30117, 0.28407, 0.29601, 0.25001, 0.21907, 0.29021, 0.30789, 
0.28846, 0.26786, 0.29208, 0.28913, 0.31709, 0.2978, 0.27025, 
0.26796, 0.26205, 0.30949, 0.30749, 0.3024, 0.014, 0.0153, 0.0155, 
0.0147, 0.0159, 0.0167, 0.0176, 0.0182, 0.0187, 0.0191, 0.0198, 
58.4, 64, 69.6, 75.2, 80.7, 86.4, 92, 97.6, 102.4, 108.2, 116, 
1, 1, 1, 1, 1, 1, 1, 1, 1, 1, 1, 1, 1, 1, 1, 1, 1, 1, 1, 1, 1, 
1, 1, 1, 1, 1, 1, 1, 1, 1, 1, 1, 1, 1, 1, 1, 1, 1, 1, 1, 1, 1, 
1, 1, 2.938, 2.891, 3.053, 2.744, 2.748, 2.769, 2.88, 2.933, 
2.917, 2.795, 2.762), .Dim = c(11L, 40L), .Dimnames = list(NULL, 
    c("Sampling", "PSO.cost", "PSO.gamma", "PSO.data.balancing", 
    "PSO.feature.selection", "PSO.valid.acc", "PSO.test.acc", 
    "PSO.train.time", "PSO.n.support.vectors", "PSO.index", "PSO.n.solutions", 
    "PSO.generations", "PSO.n.evaluations", "PSO.cpu.time", "RS.cost", 
    "RS.gamma", "RS.data.balancing", "RS.feature.selection", 
    "RS.valid.acc", "RS.test.acc", "RS.train.time", "RS.n.support.vectors", 
    "RS.index", "RS.n.solutions", "RS.generations", "RS.n.evaluations", 
    "RS.cpu.time", "DF.cost", "DF.gamma", "DF.data.balancing", 
    "DF.feature.selection", "DF.valid.acc", "DF.test.acc", "DF.train.time", 
    "DF.n.support.vectors", "DF.index", "DF.n.solutions", "DF.generations", 
    "DF.n.evaluations", "DF.cpu.time")))
