full <-
structure(c(50, 55, 60, 65, 70, 75, 80, 85, 90, 95, 100, -0.26678, 
11.33329, 5.75752, 4.39167, 11.07922, 11.51232, 14.60885, 1.98844, 
7.40001, 4.10033, 9.08743, -4.7271, -15, -9.55041, -8.11051, 
-14.20558, -15, -14.91539, -5.33349, -9.21618, -8.92672, -11.24439, 
0, 0, 0, 0, 0, 0, 0, 0, 0, 0, 0, 0, 0, 0, 0, 0, 0, 0, 0, 0, 0, 
0, 0.34083, 0.37135, 0.37694, 0.38634, 0.35831, 0.42985, 0.4178, 
0.43461, 0.41647, 0.40467, 0.40304, 0.30821, 0.29024, 0.38444, 
0.38321, 0.31494, 0.38162, 0.34809, 0.37324, 0.28427, 0.37658, 
0.37059, 0.0133, 0.0142, 0.0164, 0.0154, 0.0152, 0.0162, 0.0265, 
0.0196, 0.0217, 0.0189, 0.0297, 58.4, 63.9, 69.4, 72.6, 78.5, 
84, 88.5, 95.6, 100.1, 108, 113.8, 654, 88, 16, 228, 272, 1323, 
154, 473, 302, 965, 85, 44, 15, 168, 150, 51, 37, 31, 26, 79, 
25, 82, 100, 100, 100, 100, 100, 100, 100, 100, 100, 100, 100, 
2500, 2500, 2500, 2500, 2500, 2500, 2500, 2500, 2500, 2500, 2500, 
7002.784, 7012.906, 6909.761, 6918.62, 6797.062, 7338.337, 7406.814, 
7316.114, 7428.049, 7330.29800000001, 7318.17500000002, -0.24229, 
3.53874, 10.92719, 10.79497, 10.7306, 10.75967, 14.38877, 0.5847, 
7.92451, 8.32002, 7.81181, -4.61577, -9.10125, -14.67704, -14.57741, 
-13.81151, -14.30018, -14.93055, -4.60284, -9.90406, -13.21607, 
-9.96965, 0, 0, 0, 0, 0, 0, 0, 0, 0, 0, 0, 0, 0, 0, 0, 0, 0, 
0, 0, 0, 0, 0, 0.32833, 0.36663, 0.37694, 0.38634, 0.35831, 0.42985, 
0.4178, 0.43385, 0.41647, 0.39753, 0.40304, 0.30583, 0.31135, 
0.38444, 0.40321, 0.31494, 0.39071, 0.35718, 0.34302, 0.29158, 
0.38427, 0.37059, 0.0132, 0.0138, 0.0146, 0.0139, 0.0157, 0.0163, 
0.0234, 0.0178, 0.023, 0.0185, 0.026, 58.4, 64, 69.3, 73.4, 78.2, 
84.3, 88.8, 96.4, 100, 108.5, 113.8, 1829, 109, 63, 292, 2482, 
1110, 1435, 309, 185, 996, 397, 1, 7, 15, 4, 1, 2, 4, 1, 4, 4, 
1, 100, 100, 100, 100, 100, 100, 100, 100, 100, 100, 100, 2500, 
2500, 2500, 2500, 2500, 2500, 2500, 2500, 2500, 2500, 2500, 6979.228, 
7075.604, 6850.273, 6817.77, 6894.429, 7297.71900000001, 7202.454, 
7355.40700000001, 7369.73, 7193.522, 7182.17600000001, 1, 1, 
1, 1, 1, 1, 1, 1, 1, 1, 1, 0.14286, 0.14286, 0.14286, 0.14286, 
0.14286, 0.14286, 0.14286, 0.14286, 0.14286, 0.14286, 0.14286, 
0, 0, 0, 0, 0, 0, 0, 0, 0, 0, 0, 0, 0, 0, 0, 0, 0, 0, 0, 0, 0, 
0, 0.28905, 0.28913, 0.31722, 0.28891, 0.3474, 0.34586, 0.28752, 
0.35299, 0.32179, 0.27859, 0.28126, 0.26226, 0.2569, 0.2775, 
0.31003, 0.27584, 0.35343, 0.29494, 0.30072, 0.30577, 0.27009, 
0.29964, 0.0129, 0.0154, 0.015, 0.0155, 0.015, 0.0176, 0.0187, 
0.0182, 0.0184, 0.0191, 0.0198, 58.4, 64, 69.6, 74.5, 80.4, 85.4, 
91.2, 96.5, 102.3, 107.9, 116.1, 1, 1, 1, 1, 1, 1, 1, 1, 1, 1, 
1, 1, 1, 1, 1, 1, 1, 1, 1, 1, 1, 1, 1, 1, 1, 1, 1, 1, 1, 1, 1, 
1, 1, 1, 1, 1, 1, 1, 1, 1, 1, 1, 1, 1, 2.769, 2.827, 2.744, 2.702, 
2.786, 2.953, 2.929, 2.875, 2.861, 2.833, 2.773), .Dim = c(11L, 
40L), .Dimnames = list(NULL, c("Sampling", "PSO.cost", "PSO.gamma", 
"PSO.data.balancing", "PSO.feature.selection", "PSO.valid.acc", 
"PSO.test.acc", "PSO.train.time", "PSO.n.support.vectors", "PSO.index", 
"PSO.n.solutions", "PSO.generations", "PSO.n.evaluations", "PSO.cpu.time", 
"RS.cost", "RS.gamma", "RS.data.balancing", "RS.feature.selection", 
"RS.valid.acc", "RS.test.acc", "RS.train.time", "RS.n.support.vectors", 
"RS.index", "RS.n.solutions", "RS.generations", "RS.n.evaluations", 
"RS.cpu.time", "DF.cost", "DF.gamma", "DF.data.balancing", "DF.feature.selection", 
"DF.valid.acc", "DF.test.acc", "DF.train.time", "DF.n.support.vectors", 
"DF.index", "DF.n.solutions", "DF.generations", "DF.n.evaluations", 
"DF.cpu.time")))
