full <-
structure(c(50, 55, 60, 65, 70, 75, 80, 85, 90, 95, 100, 8.73877, 
3.82092, 4.27619, 8.41389, 5.27543, 11.22356, 9.82502, 8.60827, 
10.89444, 6.01984, 13.1281, -14.35492, -7.7544, -9.88878, -13.38576, 
-11.08507, -14.99991, -14.62896, -11.0906, -14.91885, -11.04246, 
-14.94805, 0, 0, 0, 0, 0, 0, 0, 0, 0, 0, 0, 0, 0, 0, 0, 0, 0, 
0, 0, 0, 0, 0, 0.33313, 0.30968, 0.35557, 0.37853, 0.33556, 0.38258, 
0.36463, 0.37319, 0.4042, 0.40979, 0.40262, 0.25734, 0.29202, 
0.33426, 0.30008, 0.34556, 0.35333, 0.37117, 0.32428, 0.3686, 
0.38408, 0.34214, 0.013, 0.0145, 0.0156, 0.0158, 0.0143, 0.0164, 
0.0172, 0.0225, 0.0179, 0.019, 0.0245, 58.4, 64, 69.6, 75.2, 
80.8, 85.7, 91.7, 96.4, 102.4, 108.4, 113.6, 1115, 1375, 169, 
168, 16, 746, 77, 54, 1239, 500, 2362, 40, 9, 80, 65, 132, 21, 
49, 75, 2, 19, 1, 100, 100, 100, 100, 100, 100, 100, 100, 100, 
100, 100, 2500, 2500, 2500, 2500, 2500, 2500, 2500, 2500, 2500, 
2500, 2500, 6979.233, 7036.606, 7438.546, 6893.22100000001, 6881.362, 
7173.776, 7265.629, 7135.91099999999, 7283.59999999999, 7267.74299999999, 
7339.285, 6.24475, 3.3497, -0.24784, 4.27418, -0.09573, 10.85118, 
3.97604, 5.51401, 1.04524, 7.62167, 6.17479, -11.79859, -7.24328, 
-4.80443, -9.23314, -5.31549, -14.82546, -7.31516, -7.96586, 
-4.90124, -12.6376, -7.99753, 0, 0, 0, 0, 0, 0, 0, 0, 0, 0, 0, 
0, 0, 0, 0, 0, 0, 0, 0, 0, 0, 0, 0.32063, 0.30968, 0.35696, 0.37853, 
0.34556, 0.37258, 0.36351, 0.37319, 0.38923, 0.40979, 0.39548, 
0.25734, 0.29202, 0.32517, 0.30008, 0.34556, 0.34333, 0.36, 0.32428, 
0.35258, 0.38408, 0.32833, 0.013, 0.0141, 0.0157, 0.0149, 0.0153, 
0.0164, 0.0182, 0.0198, 0.0191, 0.018, 0.0234, 58.4, 64, 69.6, 
75.2, 80.8, 85.7, 90.6, 96.3, 102.1, 108.6, 113.6, 315, 427, 
2431, 92, 1436, 1526, 1138, 229, 2192, 1893, 823, 4, 3, 1, 1, 
1, 1, 1, 6, 1, 1, 1, 100, 100, 100, 100, 100, 100, 100, 100, 
100, 100, 100, 2500, 2500, 2500, 2500, 2500, 2500, 2500, 2500, 
2500, 2500, 2500, 6916.35, 7148.316, 7179.625, 6728.388, 6926.57199999999, 
7267.50899999999, 7066.148, 7304.81000000001, 7290.469, 7173.63700000002, 
7172.34099999999, 1, 1, 1, 1, 1, 1, 1, 1, 1, 1, 1, 0.14286, 0.14286, 
0.14286, 0.14286, 0.14286, 0.14286, 0.14286, 0.14286, 0.14286, 
0.14286, 0.14286, 0, 0, 0, 0, 0, 0, 0, 0, 0, 0, 0, 0, 0, 0, 0, 
0, 0, 0, 0, 0, 0, 0, 0.22897, 0.23218, 0.30902, 0.24631, 0.24444, 
0.27045, 0.2374, 0.28947, 0.31207, 0.29057, 0.28542, 0.24067, 
0.24619, 0.29132, 0.29325, 0.27465, 0.27773, 0.28013, 0.25515, 
0.26379, 0.31161, 0.30667, 0.0139, 0.0144, 0.0149, 0.0167, 0.0165, 
0.0162, 0.0172, 0.0182, 0.0189, 0.0192, 0.0202, 58.4, 64, 69.5, 
75.2, 80.6, 86.3, 91.9, 97.6, 102.9, 108.4, 116.1, 1, 1, 1, 1, 
1, 1, 1, 1, 1, 1, 1, 1, 1, 1, 1, 1, 1, 1, 1, 1, 1, 1, 1, 1, 1, 
1, 1, 1, 1, 1, 1, 1, 1, 1, 1, 1, 1, 1, 1, 1, 1, 1, 1, 1, 2.72, 
3.004, 2.728, 2.726, 2.749, 2.959, 2.749, 2.886, 2.947, 2.84, 
2.909), .Dim = c(11L, 40L), .Dimnames = list(NULL, c("Sampling", 
"PSO.cost", "PSO.gamma", "PSO.data.balancing", "PSO.feature.selection", 
"PSO.valid.acc", "PSO.test.acc", "PSO.train.time", "PSO.n.support.vectors", 
"PSO.index", "PSO.n.solutions", "PSO.generations", "PSO.n.evaluations", 
"PSO.cpu.time", "RS.cost", "RS.gamma", "RS.data.balancing", "RS.feature.selection", 
"RS.valid.acc", "RS.test.acc", "RS.train.time", "RS.n.support.vectors", 
"RS.index", "RS.n.solutions", "RS.generations", "RS.n.evaluations", 
"RS.cpu.time", "DF.cost", "DF.gamma", "DF.data.balancing", "DF.feature.selection", 
"DF.valid.acc", "DF.test.acc", "DF.train.time", "DF.n.support.vectors", 
"DF.index", "DF.n.solutions", "DF.generations", "DF.n.evaluations", 
"DF.cpu.time")))
