full <-
structure(c(50, 55, 60, 65, 70, 75, 80, 85, 90, 95, 100, 6.34904, 
11.64395, 0.7678, 2.43774, 0.34075, 6.42043, 1.36945, 6.02585, 
11.22661, 7.60593, 7.4969, -11.44254, -15, -5.76433, -8.03939, 
-4.47372, -12.06597, -6.61203, -12.51698, -13.66318, -12.19018, 
-12.67124, 0, 0, 0, 0, 0, 0, 0, 0, 0, 0, 0, 0, 0, 0, 0, 0, 0, 
0, 0, 0, 0, 0, 0.30627, 0.35952, 0.3872, 0.37896, 0.34328, 0.44192, 
0.43258, 0.37864, 0.43301, 0.37837, 0.40219, 0.27571, 0.28345, 
0.31632, 0.33765, 0.32816, 0.40922, 0.3526, 0.31931, 0.41158, 
0.34249, 0.41266, 0.0141, 0.0143, 0.0145, 0.0148, 0.0157, 0.016, 
0.0167, 0.0172, 0.0203, 0.0201, 0.0198, 58.4, 63.9, 69.6, 75.2, 
80.7, 86.4, 91.7, 97.6, 100.4, 107.8, 116.3, 279, 101, 80, 474, 
2020, 2005, 2475, 73, 2112, 624, 103, 105, 114, 94, 33, 4, 1, 
1, 90, 1, 36, 59, 100, 100, 100, 100, 100, 100, 100, 100, 100, 
100, 100, 2500, 2500, 2500, 2500, 2500, 2500, 2500, 2500, 2500, 
2500, 2500, 7147.026, 7062.777, 6298.547, 6353.573, 6472.686, 
6504.701, 6497.25200000001, 6498.22200000001, 6508.40500000001, 
6587.052, 6572.997, 5.793, 0.86708, 0.15777, 3.34363, -0.29695, 
9.23469, 2.14991, 8.13064, 8.82945, 9.33525, 9.69469, -10.88791, 
-4.93121, -5.00187, -8.97788, -3.48918, -14.88293, -7.57029, 
-14.62943, -14.14945, -13.90839, -14.88591, 0, 0, 0, 0, 0, 0, 
0, 0, 0, 0, 0, 0, 0, 0, 0, 0, 0, 0, 0, 0, 0, 0, 0.30627, 0.35952, 
0.3872, 0.37896, 0.33217, 0.44192, 0.42655, 0.37864, 0.42491, 
0.37837, 0.40219, 0.27571, 0.29845, 0.31811, 0.33765, 0.34975, 
0.40922, 0.32593, 0.31931, 0.38777, 0.34249, 0.41266, 0.0138, 
0.0147, 0.0141, 0.0146, 0.0158, 0.0164, 0.0166, 0.0171, 0.018, 
0.019, 0.0197, 58.4, 64, 69.6, 75.2, 80.8, 86.4, 91.7, 97.6, 
102.3, 107.8, 116.4, 107, 188, 2283, 437, 729, 1539, 1171, 2237, 
1602, 473, 785, 7, 6, 1, 1, 4, 1, 1, 2, 1, 1, 4, 100, 100, 100, 
100, 100, 100, 100, 100, 100, 100, 100, 2500, 2500, 2500, 2500, 
2500, 2500, 2500, 2500, 2500, 2500, 2500, 7161.717, 6718.076, 
6295.312, 6447.519, 6500.359, 6519.15699999999, 6530.64, 6485.69, 
6547.269, 6551.21699999999, 6650.696, 1, 1, 1, 1, 1, 1, 1, 1, 
1, 1, 1, 0.14286, 0.14286, 0.14286, 0.14286, 0.14286, 0.14286, 
0.14286, 0.14286, 0.14286, 0.14286, 0.14286, 0, 0, 0, 0, 0, 0, 
0, 0, 0, 0, 0, 0, 0, 0, 0, 0, 0, 0, 0, 0, 0, 0, 0.17103, 0.26163, 
0.28915, 0.27412, 0.29217, 0.34798, 0.30684, 0.28868, 0.34177, 
0.28725, 0.31135, 0.19643, 0.29317, 0.27172, 0.30654, 0.2849, 
0.32146, 0.30991, 0.29383, 0.32435, 0.30361, 0.3042, 0.0137, 
0.0147, 0.015, 0.0159, 0.0165, 0.0167, 0.0173, 0.018, 0.0193, 
0.0199, 0.0212, 58.4, 63.9, 69.6, 75.2, 80.8, 86, 91.3, 96.4, 
101.8, 107.4, 116, 1, 1, 1, 1, 1, 1, 1, 1, 1, 1, 1, 1, 1, 1, 
1, 1, 1, 1, 1, 1, 1, 1, 1, 1, 1, 1, 1, 1, 1, 1, 1, 1, 1, 1, 1, 
1, 1, 1, 1, 1, 1, 1, 1, 1, 2.722, 2.495, 2.54, 2.569, 2.586, 
2.546, 2.605, 2.542, 2.638, 2.62, 2.682), .Dim = c(11L, 40L), .Dimnames = list(
    NULL, c("Sampling", "PSO.cost", "PSO.gamma", "PSO.data.balancing", 
    "PSO.feature.selection", "PSO.valid.acc", "PSO.test.acc", 
    "PSO.train.time", "PSO.n.support.vectors", "PSO.index", "PSO.n.solutions", 
    "PSO.generations", "PSO.n.evaluations", "PSO.cpu.time", "RS.cost", 
    "RS.gamma", "RS.data.balancing", "RS.feature.selection", 
    "RS.valid.acc", "RS.test.acc", "RS.train.time", "RS.n.support.vectors", 
    "RS.index", "RS.n.solutions", "RS.generations", "RS.n.evaluations", 
    "RS.cpu.time", "DF.cost", "DF.gamma", "DF.data.balancing", 
    "DF.feature.selection", "DF.valid.acc", "DF.test.acc", "DF.train.time", 
    "DF.n.support.vectors", "DF.index", "DF.n.solutions", "DF.generations", 
    "DF.n.evaluations", "DF.cpu.time")))
