full <-
structure(c(50, 55, 60, 65, 70, 75, 80, 85, 90, 95, 100, 6.51756, 
4.61344, 6.90859, 5.96672, 8.19233, 12.9719, 6.57452, 11.97427, 
11.49063, 10.10194, 6.27659, -11.88554, -9.59382, -12.03949, 
-11.77054, -12.86398, -14.99964, -10.56196, -14.95986, -15, -13.91195, 
-10.52702, 0, 0, 0, 0, 0, 0, 0, 0, 0, 0, 0, 0, 0, 0, 0, 0, 0, 
0, 0, 0, 0, 0, 0.37563, 0.36388, 0.36369, 0.36747, 0.41886, 0.40287, 
0.40752, 0.38215, 0.42611, 0.42338, 0.38577, 0.31647, 0.33872, 
0.32187, 0.34838, 0.32394, 0.3742, 0.38006, 0.37535, 0.33914, 
0.35979, 0.37009, 0.0125, 0.0122, 0.0129, 0.0135, 0.0148, 0.0158, 
0.018, 0.0167, 0.0175, 0.0174, 0.0229, 58.4, 64, 69.6, 75.2, 
80.4, 84.4, 90.5, 96.1, 102, 107.9, 115.5, 129, 120, 377, 683, 
1405, 2194, 891, 1214, 671, 2327, 190, 37, 83, 145, 27, 8, 1, 
25, 5, 3, 1, 135, 100, 100, 100, 100, 100, 100, 100, 100, 100, 
100, 100, 2500, 2500, 2500, 2500, 2500, 2500, 2500, 2500, 2500, 
2500, 2500, 5985.158, 5952.655, 5912.897, 5967.364, 6450.075, 
6405.653, 6396.139, 6550.78999999999, 6573.008, 6508.058, 6620.67499999999, 
7.81384, 7.41654, 8.56729, -0.2979, 8.06335, 7.14147, 7.80726, 
7.33152, 10.98781, 10.70369, 5.54092, -13.43662, -12.41718, -13.63119, 
-3.31428, -12.73385, -12.2348, -10.40814, -10.51886, -14.16813, 
-12.78525, -9.85276, 0, 0, 0, 0, 0, 0, 0, 0, 0, 0, 0, 0, 0, 0, 
0, 0, 0, 0, 0, 0, 0, 0, 0.37881, 0.36388, 0.36369, 0.36199, 0.41886, 
0.40212, 0.4007, 0.36528, 0.41897, 0.41344, 0.38577, 0.2773, 
0.33872, 0.32187, 0.2754, 0.32394, 0.35186, 0.37146, 0.36626, 
0.33978, 0.36515, 0.37778, 0.012, 0.0125, 0.0134, 0.0149, 0.0151, 
0.0155, 0.0199, 0.021, 0.0174, 0.0272, 0.0199, 58.4, 64, 69.6, 
74.8, 80.4, 86.3, 89.8, 95.7, 101.7, 106.7, 115.3, 794, 195, 
82, 299, 1065, 144, 673, 516, 920, 470, 252, 1, 1, 11, 1, 1, 
1, 2, 6, 2, 2, 9, 100, 100, 100, 100, 100, 100, 100, 100, 100, 
100, 100, 2500, 2500, 2500, 2500, 2500, 2500, 2500, 2500, 2500, 
2500, 2500, 5912.46, 5925.405, 5966.589, 6405.211, 6408.95099999999, 
6371.213, 6500.175, 6558.13699999999, 6340.344, 6586.89300000001, 
6627.06999999998, 1, 1, 1, 1, 1, 1, 1, 1, 1, 1, 1, 0.14286, 0.14286, 
0.14286, 0.14286, 0.14286, 0.14286, 0.14286, 0.14286, 0.14286, 
0.14286, 0.14286, 0, 0, 0, 0, 0, 0, 0, 0, 0, 0, 0, 0, 0, 0, 0, 
0, 0, 0, 0, 0, 0, 0, 0.29817, 0.25196, 0.32369, 0.30449, 0.29561, 
0.30453, 0.30228, 0.29212, 0.28668, 0.34752, 0.28918, 0.28746, 
0.30697, 0.27325, 0.29374, 0.29485, 0.3107, 0.29179, 0.33412, 
0.26938, 0.28713, 0.33127, 0.0123, 0.0125, 0.0134, 0.0154, 0.0153, 
0.0168, 0.0172, 0.0176, 0.0179, 0.0179, 0.0193, 58.4, 64, 69.5, 
74.8, 80.4, 85.8, 91.3, 97.1, 102.4, 108.1, 116, 1, 1, 1, 1, 
1, 1, 1, 1, 1, 1, 1, 1, 1, 1, 1, 1, 1, 1, 1, 1, 1, 1, 1, 1, 1, 
1, 1, 1, 1, 1, 1, 1, 1, 1, 1, 1, 1, 1, 1, 1, 1, 1, 1, 1, 2.337, 
2.32, 2.358, 2.556, 2.555, 2.572, 2.572, 2.604, 2.523, 2.623, 
2.645), .Dim = c(11L, 40L), .Dimnames = list(NULL, c("Sampling", 
"PSO.cost", "PSO.gamma", "PSO.data.balancing", "PSO.feature.selection", 
"PSO.valid.acc", "PSO.test.acc", "PSO.train.time", "PSO.n.support.vectors", 
"PSO.index", "PSO.n.solutions", "PSO.generations", "PSO.n.evaluations", 
"PSO.cpu.time", "RS.cost", "RS.gamma", "RS.data.balancing", "RS.feature.selection", 
"RS.valid.acc", "RS.test.acc", "RS.train.time", "RS.n.support.vectors", 
"RS.index", "RS.n.solutions", "RS.generations", "RS.n.evaluations", 
"RS.cpu.time", "DF.cost", "DF.gamma", "DF.data.balancing", "DF.feature.selection", 
"DF.valid.acc", "DF.test.acc", "DF.train.time", "DF.n.support.vectors", 
"DF.index", "DF.n.solutions", "DF.generations", "DF.n.evaluations", 
"DF.cpu.time")))
