full <-
structure(c(50, 55, 60, 65, 70, 75, 80, 85, 90, 95, 100, 0.08271, 
6.83016, 7.31826, 6.77114, 9.81257, 5.56436, 1.65831, 12.88682, 
12.20046, 4.10873, 6.48157, -3.91386, -9.4999, -12.02769, -11.72205, 
-15, -9.52717, -5.13296, -14.95665, -15, -8.9277, -11.29076, 
0, 0, 0, 0, 0, 0, 0, 0, 0, 0, 0, 0, 0, 0, 0, 0, 0, 0, 0, 0, 0, 
0, 0.4148, 0.40568, 0.42494, 0.5124, 0.4402, 0.43768, 0.44982, 
0.482, 0.42214, 0.41166, 0.38882, 0.4002, 0.34811, 0.41469, 0.4649, 
0.4402, 0.39111, 0.41485, 0.4248, 0.42152, 0.38977, 0.41581, 
0.0134, 0.0155, 0.0145, 0.0148, 0.0152, 0.0172, 0.0163, 0.0183, 
0.0176, 0.0188, 0.0212, 57.7, 62.8, 69, 74.6, 80.2, 85.1, 90.1, 
94.4, 100.6, 107.6, 116.2, 2416, 987, 14, 125, 80, 201, 21, 1826, 
745, 869, 77, 1, 60, 27, 104, 83, 105, 87, 1, 17, 13, 105, 100, 
100, 100, 100, 100, 100, 100, 100, 100, 100, 100, 2500, 2500, 
2500, 2500, 2500, 2500, 2500, 2500, 2500, 2500, 2500, 6308.845, 
6305.574, 6450.384, 6461.646, 6523.054, 6529.716, 6605.36600000001, 
6577.435, 6589.73599999999, 6505.825, 6573.90800000001, 0.07207, 
7.54937, 9.45634, 4.61225, 4.00005, 7.79225, 10.65286, 12.38238, 
12.0988, 3.88222, 7.36217, -4.02001, -10.2225, -14.15791, -9.71873, 
-9.0945, -11.77242, -13.98117, -14.80827, -14.89758, -8.69012, 
-12.16805, 0, 0, 0, 0, 0, 0, 0, 0, 0, 0, 0, 0, 0, 0, 0, 0, 0, 
0, 0, 0, 0, 0, 0.4248, 0.40568, 0.42494, 0.5124, 0.4402, 0.43768, 
0.45037, 0.45624, 0.41381, 0.41166, 0.38882, 0.37909, 0.34811, 
0.41469, 0.4974, 0.4302, 0.38111, 0.39466, 0.38534, 0.42152, 
0.38977, 0.41581, 0.0131, 0.0156, 0.0142, 0.0152, 0.0153, 0.0171, 
0.0162, 0.0172, 0.0173, 0.0188, 0.0195, 57.7, 62.8, 68.9, 74.6, 
79.8, 85.2, 90.2, 94.9, 100.9, 107.6, 116.3, 1955, 399, 1694, 
638, 956, 625, 1073, 1634, 1126, 1149, 368, 1, 3, 1, 11, 6, 3, 
2, 1, 1, 1, 5, 100, 100, 100, 100, 100, 100, 100, 100, 100, 100, 
100, 2500, 2500, 2500, 2500, 2500, 2500, 2500, 2500, 2500, 2500, 
2500, 6310.576, 6303.397, 6435.144, 6548.578, 6551.387, 6581.644, 
6575.04399999999, 6570.50199999999, 6574.602, 6541.644, 6585.95999999999, 
1, 1, 1, 1, 1, 1, 1, 1, 1, 1, 1, 0.14286, 0.14286, 0.14286, 0.14286, 
0.14286, 0.14286, 0.14286, 0.14286, 0.14286, 0.14286, 0.14286, 
0, 0, 0, 0, 0, 0, 0, 0, 0, 0, 0, 0, 0, 0, 0, 0, 0, 0, 0, 0, 0, 
0, 0.35512, 0.33013, 0.32251, 0.38672, 0.34071, 0.34737, 0.33829, 
0.33031, 0.31321, 0.27381, 0.32701, 0.33552, 0.33025, 0.35798, 
0.37331, 0.32687, 0.33995, 0.38712, 0.31991, 0.31916, 0.28835, 
0.32303, 0.0133, 0.0142, 0.0148, 0.0148, 0.0161, 0.0166, 0.016, 
0.0176, 0.0182, 0.0191, 0.0204, 57.7, 63.3, 68.4, 73.7, 79, 85.4, 
91.1, 96.4, 101.6, 108, 116, 1, 1, 1, 1, 1, 1, 1, 1, 1, 1, 1, 
1, 1, 1, 1, 1, 1, 1, 1, 1, 1, 1, 1, 1, 1, 1, 1, 1, 1, 1, 1, 1, 
1, 1, 1, 1, 1, 1, 1, 1, 1, 1, 1, 1, 2.475, 2.561, 2.555, 2.594, 
2.595, 2.622, 2.47, 2.601, 2.58, 2.599, 2.65), .Dim = c(11L, 
40L), .Dimnames = list(NULL, c("Sampling", "PSO.cost", "PSO.gamma", 
"PSO.data.balancing", "PSO.feature.selection", "PSO.valid.acc", 
"PSO.test.acc", "PSO.train.time", "PSO.n.support.vectors", "PSO.index", 
"PSO.n.solutions", "PSO.generations", "PSO.n.evaluations", "PSO.cpu.time", 
"RS.cost", "RS.gamma", "RS.data.balancing", "RS.feature.selection", 
"RS.valid.acc", "RS.test.acc", "RS.train.time", "RS.n.support.vectors", 
"RS.index", "RS.n.solutions", "RS.generations", "RS.n.evaluations", 
"RS.cpu.time", "DF.cost", "DF.gamma", "DF.data.balancing", "DF.feature.selection", 
"DF.valid.acc", "DF.test.acc", "DF.train.time", "DF.n.support.vectors", 
"DF.index", "DF.n.solutions", "DF.generations", "DF.n.evaluations", 
"DF.cpu.time")))
