full <-
structure(c(50, 55, 60, 65, 70, 75, 80, 85, 90, 95, 100, 3.4992, 
6.61457, 7.71389, 5.05097, 7.42324, 2.84912, 9.39439, 7.25637, 
7.52295, 9.88212, 10.90077, -7.17805, -7.60717, -12.11234, -9.79461, 
-11.13595, -7.28499, -14.33276, -12.03851, -12.11535, -12.43636, 
-14.85403, 0, 0, 0, 0, 0, 0, 0, 0, 0, 0, 0, 0, 0, 0, 0, 0, 0, 
0, 0, 0, 0, 0, 0.37163, 0.35194, 0.36394, 0.39351, 0.37154, 0.36293, 
0.34541, 0.41362, 0.40337, 0.39643, 0.44425, 0.3504, 0.26139, 
0.30576, 0.3672, 0.3163, 0.37646, 0.31446, 0.37117, 0.3357, 0.36166, 
0.41992, 0.0141, 0.0154, 0.0143, 0.0147, 0.0172, 0.0168, 0.0166, 
0.0175, 0.0182, 0.0243, 0.0195, 58.1, 63.3, 69.4, 75, 79.1, 85.8, 
91.8, 97.2, 102.8, 105.8, 115.6, 635, 8, 477, 91, 417, 56, 379, 
1496, 298, 44, 385, 8, 296, 34, 81, 97, 203, 22, 8, 97, 108, 
16, 100, 100, 100, 100, 100, 100, 100, 100, 100, 100, 100, 2500, 
2500, 2500, 2500, 2500, 2500, 2500, 2500, 2500, 2500, 2500, 7080.563, 
7047.573, 6844.604, 7268.817, 7624.533, 7287.625, 7316.075, 7031.643, 
6935.535, 7174.25099999999, 7263.39099999997, 9.75221, 12.6666, 
10.18582, 3.74571, 6.80217, 10.6173, 7.70022, 5.48994, 7.09453, 
11.33952, 4.84664, -12.77016, -14.09681, -14.57346, -8.43995, 
-10.51984, -14.43743, -12.59752, -10.25033, -11.68341, -13.94468, 
-8.74798, 0, 0, 0, 0, 0, 0, 0, 0, 0, 0, 0, 0, 0, 0, 0, 0, 0, 
0, 0, 0, 0, 0, 0.36984, 0.35194, 0.36394, 0.39351, 0.37154, 0.36293, 
0.34541, 0.40593, 0.40337, 0.39643, 0.42989, 0.34722, 0.27389, 
0.30576, 0.3672, 0.3163, 0.34828, 0.30613, 0.37117, 0.3357, 0.36166, 
0.41992, 0.0145, 0.015, 0.0138, 0.0155, 0.0162, 0.0159, 0.0173, 
0.0175, 0.0186, 0.0207, 0.0218, 57.9, 63.1, 69.3, 75, 79.1, 85.8, 
91.9, 97.1, 102.6, 106.1, 114.9, 572, 274, 3, 2471, 135, 196, 
163, 1515, 2498, 563, 957, 12, 38, 1, 1, 6, 32, 4, 1, 1, 2, 1, 
100, 100, 100, 100, 100, 100, 100, 100, 100, 100, 100, 2500, 
2500, 2500, 2500, 2500, 2500, 2500, 2500, 2500, 2500, 2500, 6925.239, 
7169.404, 6896.912, 7560.19, 7381.74299999999, 7325.852, 7146.995, 
7019.821, 7044.94900000001, 7243.959, 7240.07000000001, 1, 1, 
1, 1, 1, 1, 1, 1, 1, 1, 1, 0.14286, 0.14286, 0.14286, 0.14286, 
0.14286, 0.14286, 0.14286, 0.14286, 0.14286, 0.14286, 0.14286, 
0, 0, 0, 0, 0, 0, 0, 0, 0, 0, 0, 0, 0, 0, 0, 0, 0, 0, 0, 0, 0, 
0, 0.19901, 0.20528, 0.26783, 0.29109, 0.28166, 0.3196, 0.24234, 
0.27535, 0.27929, 0.30948, 0.32569, 0.21746, 0.24778, 0.23196, 
0.29109, 0.27181, 0.24919, 0.25234, 0.26832, 0.2636, 0.31043, 
0.3231, 0.0145, 0.0144, 0.0144, 0.0182, 0.0161, 0.0165, 0.0174, 
0.0183, 0.0184, 0.0197, 0.0201, 58.4, 63.9, 69.4, 74.9, 80.3, 
85.9, 91, 96.8, 102.6, 108.3, 116.3, 1, 1, 1, 1, 1, 1, 1, 1, 
1, 1, 1, 1, 1, 1, 1, 1, 1, 1, 1, 1, 1, 1, 1, 1, 1, 1, 1, 1, 1, 
1, 1, 1, 1, 1, 1, 1, 1, 1, 1, 1, 1, 1, 1, 1, 2.778, 2.781, 2.723, 
3.057, 3.007, 2.921, 2.746, 2.782, 2.806, 2.846, 2.846), .Dim = c(11L, 
40L), .Dimnames = list(NULL, c("Sampling", "PSO.cost", "PSO.gamma", 
"PSO.data.balancing", "PSO.feature.selection", "PSO.valid.acc", 
"PSO.test.acc", "PSO.train.time", "PSO.n.support.vectors", "PSO.index", 
"PSO.n.solutions", "PSO.generations", "PSO.n.evaluations", "PSO.cpu.time", 
"RS.cost", "RS.gamma", "RS.data.balancing", "RS.feature.selection", 
"RS.valid.acc", "RS.test.acc", "RS.train.time", "RS.n.support.vectors", 
"RS.index", "RS.n.solutions", "RS.generations", "RS.n.evaluations", 
"RS.cpu.time", "DF.cost", "DF.gamma", "DF.data.balancing", "DF.feature.selection", 
"DF.valid.acc", "DF.test.acc", "DF.train.time", "DF.n.support.vectors", 
"DF.index", "DF.n.solutions", "DF.generations", "DF.n.evaluations", 
"DF.cpu.time")))
