full <-
structure(c(50, 55, 60, 65, 70, 75, 80, 85, 90, 95, 100, 4.78939, 
5.38159, 11.1157, 4.14933, 5.68735, 11.76539, 11.00922, 4.18235, 
11.02331, 10.16314, 13.82529, -9.57661, -10.05389, -15, -8.18184, 
-9.42412, -14.75317, -15, -8.1873, -14.46947, -15, -15, 0, 0, 
0, 0, 0, 0, 0, 0, 0, 0, 0, 0, 0, 0, 0, 0, 0, 0, 0, 0, 0, 0, 0.42917, 
0.41587, 0.42091, 0.3927, 0.42071, 0.44654, 0.42805, 0.4294, 
0.43485, 0.43945, 0.41386, 0.37143, 0.37405, 0.39413, 0.35654, 
0.38515, 0.4022, 0.40451, 0.41089, 0.4039, 0.39549, 0.37145, 
0.0142, 0.0152, 0.0149, 0.0156, 0.0158, 0.016, 0.0152, 0.0186, 
0.0183, 0.019, 0.03, 58.3, 63.8, 69.4, 74.9, 79.8, 83.5, 90.7, 
96, 101.6, 108.3, 113.2, 36, 274, 96, 161, 92, 878, 76, 169, 
1229, 349, 102, 139, 80, 64, 173, 65, 2, 160, 186, 6, 60, 540, 
100, 100, 100, 100, 100, 100, 100, 100, 100, 100, 100, 2500, 
2500, 2500, 2500, 2500, 2500, 2500, 2500, 2500, 2500, 2500, 6757.989, 
6824.531, 6776.315, 6364.28200000001, 6429.4, 6336.08899999999, 
6282.416, 6542.326, 6611.855, 6602.73699999999, 6839.69200000001, 
7.75042, 5.02427, 8.45018, 11.19316, 8.79201, 7.95829, 10.2634, 
3.96198, 9.78423, 9.57093, 12.95668, -12.5724, -9.64937, -12.27062, 
-14.42544, -12.56339, -12.60223, -14.38969, -7.8809, -13.21046, 
-14.52093, -14.10946, 0, 0, 0, 0, 0, 0, 0, 0, 0, 0, 0, 0, 0, 
0, 0, 0, 0, 0, 0, 0, 0, 0, 0.42917, 0.41587, 0.42091, 0.39991, 
0.42071, 0.43751, 0.43916, 0.4294, 0.42819, 0.4389, 0.41386, 
0.37143, 0.38655, 0.39413, 0.34543, 0.38515, 0.35863, 0.42332, 
0.41089, 0.3889, 0.38835, 0.36557, 0.0126, 0.0141, 0.016, 0.014, 
0.0154, 0.0147, 0.0162, 0.0184, 0.0184, 0.0179, 0.0296, 58.3, 
63.9, 69.3, 74.2, 80, 85.8, 91, 95.9, 101.8, 108.6, 113.3, 154, 
40, 1064, 21, 1734, 57, 170, 2160, 1260, 163, 1329, 13, 7, 5, 
2, 1, 4, 1, 1, 2, 2, 1, 100, 100, 100, 100, 100, 100, 100, 100, 
100, 100, 100, 2500, 2500, 2500, 2500, 2500, 2500, 2500, 2500, 
2500, 2500, 2500, 6657.226, 6712.527, 6678.074, 6350.266, 6374.48699999999, 
6406.26400000001, 6541.53, 6589.68000000001, 6597.35399999999, 
6575.105, 6648.57100000003, 1, 1, 1, 1, 1, 1, 1, 1, 1, 1, 1, 
0.14286, 0.14286, 0.14286, 0.14286, 0.14286, 0.14286, 0.14286, 
0.14286, 0.14286, 0.14286, 0.14286, 0, 0, 0, 0, 0, 0, 0, 0, 0, 
0, 0, 0, 0, 0, 0, 0, 0, 0, 0, 0, 0, 0, 0.3625, 0.31298, 0.3254, 
0.30189, 0.28308, 0.34521, 0.28824, 0.33754, 0.29282, 0.32062, 
0.33771, 0.33254, 0.35155, 0.29972, 0.31749, 0.29439, 0.32934, 
0.2876, 0.32722, 0.33487, 0.31615, 0.30076, 0.0147, 0.0132, 0.014, 
0.015, 0.0148, 0.0157, 0.0171, 0.0179, 0.0185, 0.0191, 0.0201, 
58.2, 63.6, 69.4, 75.1, 80.4, 85.8, 91.1, 96.8, 102.4, 107.8, 
116.1, 1, 1, 1, 1, 1, 1, 1, 1, 1, 1, 1, 1, 1, 1, 1, 1, 1, 1, 
1, 1, 1, 1, 1, 1, 1, 1, 1, 1, 1, 1, 1, 1, 1, 1, 1, 1, 1, 1, 1, 
1, 1, 1, 1, 1, 2.785, 2.476, 2.471, 2.62, 2.458, 2.468, 2.58, 
2.63, 2.605, 2.593, 2.62), .Dim = c(11L, 40L), .Dimnames = list(
    NULL, c("Sampling", "PSO.cost", "PSO.gamma", "PSO.data.balancing", 
    "PSO.feature.selection", "PSO.valid.acc", "PSO.test.acc", 
    "PSO.train.time", "PSO.n.support.vectors", "PSO.index", "PSO.n.solutions", 
    "PSO.generations", "PSO.n.evaluations", "PSO.cpu.time", "RS.cost", 
    "RS.gamma", "RS.data.balancing", "RS.feature.selection", 
    "RS.valid.acc", "RS.test.acc", "RS.train.time", "RS.n.support.vectors", 
    "RS.index", "RS.n.solutions", "RS.generations", "RS.n.evaluations", 
    "RS.cpu.time", "DF.cost", "DF.gamma", "DF.data.balancing", 
    "DF.feature.selection", "DF.valid.acc", "DF.test.acc", "DF.train.time", 
    "DF.n.support.vectors", "DF.index", "DF.n.solutions", "DF.generations", 
    "DF.n.evaluations", "DF.cpu.time")))
