full <-
structure(c(50, 55, 60, 65, 70, 75, 80, 85, 90, 95, 100, 9.82574, 
8.08404, 2.75446, 4.17908, 7.91814, 5.44933, 8.47698, 15, 5.69167, 
3.52501, 0.48585, -6.31589, -5.29166, -5.76813, -5.37794, -4.84927, 
-5.25918, -6.51743, -5.35747, -5.77106, -6.52291, -4.76643, 0, 
0, 0, 0, 0, 0, 0, 0, 0, 0, 0, 0, 0, 0, 0, 0, 0, 0, 0, 0, 0, 0, 
0.79818, 0.84773, 0.84679, 0.85714, 0.83381, 0.86375, 0.86691, 
0.86275, 0.87515, 0.89253, 0.88922, 0.79909, 0.83864, 0.80769, 
0.84286, 0.84714, 0.85702, 0.86691, 0.85654, 0.88099, 0.88758, 
0.86994, 0.0385, 0.0412, 0.0423, 0.0446, 0.0508, 0.0536, 0.0494, 
0.0551, 0.0563, 0.0563, 0.066, 65.7, 81.8, 79.9, 92, 105.1, 104.5, 
84, 112.7, 108.1, 96.1, 145.9, 19, 107, 766, 41, 70, 3, 33, 372, 
136, 909, 631, 655, 921, 59, 1191, 1396, 1026, 478, 50, 832, 
27, 157, 100, 100, 100, 100, 100, 100, 100, 100, 100, 100, 100, 
2500, 2500, 2500, 2500, 2500, 2500, 2500, 2500, 2500, 2500, 2500, 
7472.362, 7516.086, 7514.178, 8647.515, 9812.717, 9537.486, 9444.955, 
9520.625, 9570.318, 9598.28200000001, 9759.125, 11.64463, 1.46261, 
13.4423, 13.64021, 3.64218, 1.37245, 5.19109, 12.09493, 3.61626, 
9.89442, 0.56626, -5.96691, -5.25699, -5.17646, -5.24741, -4.45046, 
-5.12102, -6.34495, -5.10075, -5.76006, -6.55655, -4.65595, 0, 
0, 0, 0, 0, 0, 0, 0, 0, 0, 0, 0, 0, 0, 0, 0, 0, 0, 0, 0, 0, 0, 
0.79818, 0.84773, 0.83974, 0.85714, 0.83381, 0.87042, 0.86691, 
0.86275, 0.87515, 0.88727, 0.88446, 0.79909, 0.83864, 0.82372, 
0.84286, 0.82667, 0.86458, 0.87316, 0.85065, 0.88099, 0.88758, 
0.86041, 0.0388, 0.041, 0.0413, 0.0473, 0.0553, 0.0545, 0.0497, 
0.0562, 0.0563, 0.06, 0.0669, 69.7, 82.1, 88.9, 94.2, 110.7, 
107.7, 86.7, 120.2, 108.2, 95.7, 147.8, 9, 78, 164, 8, 143, 90, 
8, 928, 142, 36, 308, 65, 9, 55, 37, 23, 1, 40, 1, 9, 4, 2, 100, 
100, 100, 100, 100, 100, 100, 100, 100, 100, 100, 2500, 2500, 
2500, 2500, 2500, 2500, 2500, 2500, 2500, 2500, 2500, 7489.822, 
7458.518, 7460.822, 9809.389, 9882.68100000001, 9443.72500000001, 
9440.361, 9512.755, 9646.12899999999, 9643.34899999999, 9749.75099999999, 
1, 1, 1, 1, 1, 1, 1, 1, 1, 1, 1, 0.01667, 0.01667, 0.01667, 0.01667, 
0.01667, 0.01667, 0.01667, 0.01667, 0.01667, 0.01667, 0.01667, 
0, 0, 0, 0, 0, 0, 0, 0, 0, 0, 0, 0, 0, 0, 0, 0, 0, 0, 0, 0, 0, 
0, 0.75182, 0.80379, 0.79103, 0.79176, 0.79857, 0.79911, 0.84228, 
0.82745, 0.83713, 0.84195, 0.84517, 0.78, 0.79621, 0.82308, 0.77582, 
0.81286, 0.81286, 0.84853, 0.83399, 0.82632, 0.83222, 0.84041, 
0.039, 0.0403, 0.0418, 0.0456, 0.0498, 0.0493, 0.0508, 0.0533, 
0.056, 0.0571, 0.0606, 75, 79.8, 84.9, 91.2, 95.6, 101.2, 105.8, 
113.5, 117.4, 122.2, 130, 1, 1, 1, 1, 1, 1, 1, 1, 1, 1, 1, 1, 
1, 1, 1, 1, 1, 1, 1, 1, 1, 1, 1, 1, 1, 1, 1, 1, 1, 1, 1, 1, 1, 
1, 1, 1, 1, 1, 1, 1, 1, 1, 1, 1, 2.979, 2.969, 3.001, 3.748, 
3.93, 3.732, 3.7, 3.728, 3.803, 3.8, 3.788), .Dim = c(11L, 40L
), .Dimnames = list(NULL, c("Sampling", "PSO.cost", "PSO.gamma", 
"PSO.data.balancing", "PSO.feature.selection", "PSO.valid.acc", 
"PSO.test.acc", "PSO.train.time", "PSO.n.support.vectors", "PSO.index", 
"PSO.n.solutions", "PSO.generations", "PSO.n.evaluations", "PSO.cpu.time", 
"RS.cost", "RS.gamma", "RS.data.balancing", "RS.feature.selection", 
"RS.valid.acc", "RS.test.acc", "RS.train.time", "RS.n.support.vectors", 
"RS.index", "RS.n.solutions", "RS.generations", "RS.n.evaluations", 
"RS.cpu.time", "DF.cost", "DF.gamma", "DF.data.balancing", "DF.feature.selection", 
"DF.valid.acc", "DF.test.acc", "DF.train.time", "DF.n.support.vectors", 
"DF.index", "DF.n.solutions", "DF.generations", "DF.n.evaluations", 
"DF.cpu.time")))
