full <-
structure(c(50, 55, 60, 65, 70, 75, 80, 85, 90, 95, 100, 8.49987, 
2.1662, 4.65414, 15, 2.76888, 3.25258, 2.36447, 8.73996, 2.86916, 
7.38227, 3.1556, -4.79658, -6.1618, -8.07563, -5.25993, -5.98467, 
-6.6403, -5.85034, -5.73581, -6.47637, -5.24113, -5.90511, 0, 
0, 0, 0, 0, 0, 0, 0, 0, 0, 0, 0, 0, 0, 0, 0, 0, 0, 0, 0, 0, 0, 
0.80798, 0.82174, 0.83864, 0.86593, 0.89524, 0.87083, 0.85515, 
0.85065, 0.89087, 0.87, 0.8895, 0.78071, 0.81276, 0.79953, 0.81319, 
0.84619, 0.86458, 0.85515, 0.85131, 0.84174, 0.88079, 0.88879, 
0.0416, 0.0424, 0.0391, 0.0462, 0.045, 0.0455, 0.0502, 0.054, 
0.0514, 0.0573, 0.0638, 78.3, 72.2, 58.2, 90.8, 85.6, 80.6, 96.7, 
104.7, 96.7, 124.9, 117.6, 327, 251, 236, 78, 1180, 167, 1673, 
425, 945, 125, 56, 765, 570, 76, 996, 45, 344, 59, 905, 191, 
368, 385, 100, 100, 100, 100, 100, 100, 100, 100, 100, 100, 100, 
2500, 2500, 2500, 2500, 2500, 2500, 2500, 2500, 2500, 2500, 2500, 
7548.166, 7510.351, 7490.691, 7559.443, 7624.81, 7565.796, 7979.81299999999, 
8092.992, 8363.80100000001, 7747.01499999998, 7949.49300000002, 
13.42546, 3.758, 2.82771, 11.41042, 3.11149, 3.46699, 2.14315, 
6.22252, 3.17181, 9.29665, 12.00517, -4.8062, -7.63642, -7.29702, 
-5.23804, -6.15393, -6.41218, -5.62702, -5.73888, -6.42782, -5.2121, 
-5.854, 0, 0, 0, 0, 0, 0, 0, 0, 0, 0, 0, 0, 0, 0, 0, 0, 0, 0, 
0, 0, 0, 0, 0.80798, 0.82249, 0.838, 0.86593, 0.89524, 0.86417, 
0.85515, 0.85065, 0.87976, 0.87, 0.8895, 0.78071, 0.8134, 0.79044, 
0.82033, 0.84619, 0.86417, 0.86728, 0.85131, 0.84174, 0.88079, 
0.88903, 0.0404, 0.0375, 0.0387, 0.0468, 0.0479, 0.0455, 0.0504, 
0.0528, 0.0543, 0.0572, 0.0633, 78.1, 58.2, 64.8, 91.1, 83.6, 
83.6, 101.5, 104.6, 96.9, 125.8, 118.7, 454, 1173, 782, 92, 2016, 
754, 2249, 764, 1591, 113, 348, 2, 3, 3, 3, 1, 3, 1, 2, 2, 24, 
1, 100, 100, 100, 100, 100, 100, 100, 100, 100, 100, 100, 2500, 
2500, 2500, 2500, 2500, 2500, 2500, 2500, 2500, 2500, 2500, 7540.484, 
7429.452, 7503.611, 7654.369, 7607.41099999999, 7701.708, 8034.30399999999, 
8073.409, 7714.75599999999, 7770.02299999999, 8020.87700000001, 
1, 1, 1, 1, 1, 1, 1, 1, 1, 1, 1, 0.01667, 0.01667, 0.01667, 0.01667, 
0.01667, 0.01667, 0.01667, 0.01667, 0.01667, 0.01667, 0.01667, 
0, 0, 0, 0, 0, 0, 0, 0, 0, 0, 0, 0, 0, 0, 0, 0, 0, 0, 0, 0, 0, 
0, 0.74141, 0.73666, 0.75688, 0.81374, 0.80381, 0.79167, 0.79926, 
0.78105, 0.8257, 0.82368, 0.85022, 0.72232, 0.74295, 0.75058, 
0.80714, 0.81714, 0.78542, 0.79338, 0.78268, 0.84178, 0.81921, 
0.83545, 0.0407, 0.0387, 0.0409, 0.0423, 0.0474, 0.0479, 0.0506, 
0.0531, 0.0518, 0.0547, 0.0585, 74.1, 79.9, 84.5, 87.6, 94.1, 
99.6, 105.8, 111.6, 117.4, 123.9, 129.8, 1, 1, 1, 1, 1, 1, 1, 
1, 1, 1, 1, 1, 1, 1, 1, 1, 1, 1, 1, 1, 1, 1, 1, 1, 1, 1, 1, 1, 
1, 1, 1, 1, 1, 1, 1, 1, 1, 1, 1, 1, 1, 1, 1, 1, 3.118, 2.854, 
2.888, 2.94, 3.129, 3.139, 3.199, 3.177, 2.983, 3.001, 3.064), .Dim = c(11L, 
40L), .Dimnames = list(NULL, c("Sampling", "PSO.cost", "PSO.gamma", 
"PSO.data.balancing", "PSO.feature.selection", "PSO.valid.acc", 
"PSO.test.acc", "PSO.train.time", "PSO.n.support.vectors", "PSO.index", 
"PSO.n.solutions", "PSO.generations", "PSO.n.evaluations", "PSO.cpu.time", 
"RS.cost", "RS.gamma", "RS.data.balancing", "RS.feature.selection", 
"RS.valid.acc", "RS.test.acc", "RS.train.time", "RS.n.support.vectors", 
"RS.index", "RS.n.solutions", "RS.generations", "RS.n.evaluations", 
"RS.cpu.time", "DF.cost", "DF.gamma", "DF.data.balancing", "DF.feature.selection", 
"DF.valid.acc", "DF.test.acc", "DF.train.time", "DF.n.support.vectors", 
"DF.index", "DF.n.solutions", "DF.generations", "DF.n.evaluations", 
"DF.cpu.time")))
