full <-
structure(c(50, 55, 60, 65, 70, 75, 80, 85, 90, 95, 100, 10.77261, 
4.94002, 1.43531, 4.95248, 1.3062, 6.69688, 10.92197, 2.71257, 
4.22945, 2.63721, 2.0444, -5.47114, -4.96462, -5.46364, -6.52804, 
-5.53505, -5.67517, -6.17733, -6.45762, -5.61616, -5.7933, -6.27749, 
0, 0, 0, 0, 0, 0, 0, 0, 0, 0, 0, 0, 0, 0, 0, 0, 0, 0, 0, 0, 0, 
0, 0.84616, 0.83333, 0.88077, 0.88949, 0.89612, 0.88208, 0.8602, 
0.87941, 0.87011, 0.86526, 0.894, 0.84616, 0.81515, 0.85641, 
0.85824, 0.85319, 0.8825, 0.84571, 0.84967, 0.86331, 0.85526, 
0.88924, 0.0391, 0.0428, 0.0437, 0.05, 0.0479, 0.0471, 0.0523, 
0.0506, 0.054, 0.062, 0.0629, 68.6, 81, 83.9, 72.5, 94.5, 95.7, 
91.4, 93.7, 112.1, 114.3, 110.3, 52, 7, 697, 131, 411, 44, 9, 
6, 90, 671, 385, 1131, 624, 296, 835, 320, 1078, 1153, 1043, 
1129, 24, 551, 100, 100, 100, 100, 100, 100, 100, 100, 100, 100, 
100, 2500, 2500, 2500, 2500, 2500, 2500, 2500, 2500, 2500, 2500, 
2500, 8262.328, 8937.045, 8633.766, 8587.562, 8724.573, 8822.489, 
8764.32699999999, 8983.97100000001, 9094.171, 9223.54000000001, 
8991.351, 7.23108, 4.24511, 0.48254, 3.95003, 1.75022, 14.23076, 
1.36334, 12.55516, 2.43696, 12.77831, 2.07709, -5.56439, -4.94524, 
-5.78568, -6.4915, -5.66809, -5.64868, -5.25693, -6.23767, -5.90069, 
-5.7724, -6.71117, 0, 0, 0, 0, 0, 0, 0, 0, 0, 0, 0, 0, 0, 0, 
0, 0, 0, 0, 0, 0, 0, 0, 0.84616, 0.83333, 0.87372, 0.88949, 0.89612, 
0.88208, 0.87186, 0.87941, 0.8704, 0.86026, 0.88968, 0.84616, 
0.81515, 0.85705, 0.85824, 0.86747, 0.8825, 0.87113, 0.84379, 
0.85834, 0.85526, 0.86584, 0.0404, 0.0442, 0.0439, 0.0424, 0.0441, 
0.0469, 0.0525, 0.0541, 0.0564, 0.0601, 0.0577, 67.8, 81.3, 81.9, 
72.9, 91.3, 96.3, 108.5, 97.9, 107.2, 114.4, 104.3, 134, 402, 
1697, 44, 2087, 505, 66, 29, 2474, 1610, 2107, 17, 13, 2, 22, 
1, 8, 3, 41, 1, 2, 1, 100, 100, 100, 100, 100, 100, 100, 100, 
100, 100, 100, 2500, 2500, 2500, 2500, 2500, 2500, 2500, 2500, 
2500, 2500, 2500, 8761.914, 8716.058, 8465.432, 8735.553, 8795.382, 
8778.79300000001, 8938.852, 8924.20299999998, 9174.92000000001, 
9086.96300000002, 8920.13699999999, 1, 1, 1, 1, 1, 1, 1, 1, 1, 
1, 1, 0.01667, 0.01667, 0.01667, 0.01667, 0.01667, 0.01667, 0.01667, 
0.01667, 0.01667, 0.01667, 0.01667, 0, 0, 0, 0, 0, 0, 0, 0, 0, 
0, 0, 0, 0, 0, 0, 0, 0, 0, 0, 0, 0, 0, 0.78596, 0.79773, 0.83333, 
0.81359, 0.78454, 0.81708, 0.79083, 0.84477, 0.84168, 0.81316, 
0.84158, 0.78889, 0.7803, 0.82564, 0.8044, 0.78462, 0.82375, 
0.80297, 0.84967, 0.83579, 0.81868, 0.83206, 0.0419, 0.0432, 
0.0448, 0.0474, 0.0487, 0.0496, 0.0479, 0.052, 0.057, 0.0582, 
0.0605, 70.3, 76.9, 83.3, 89.6, 95, 100.5, 103.9, 111.3, 116.4, 
121.8, 129.8, 1, 1, 1, 1, 1, 1, 1, 1, 1, 1, 1, 1, 1, 1, 1, 1, 
1, 1, 1, 1, 1, 1, 1, 1, 1, 1, 1, 1, 1, 1, 1, 1, 1, 1, 1, 1, 1, 
1, 1, 1, 1, 1, 1, 1, 3.61, 3.489, 3.494, 3.487, 3.528, 3.456, 
3.557, 3.555, 3.628, 3.583, 3.481), .Dim = c(11L, 40L), .Dimnames = list(
    NULL, c("Sampling", "PSO.cost", "PSO.gamma", "PSO.data.balancing", 
    "PSO.feature.selection", "PSO.valid.acc", "PSO.test.acc", 
    "PSO.train.time", "PSO.n.support.vectors", "PSO.index", "PSO.n.solutions", 
    "PSO.generations", "PSO.n.evaluations", "PSO.cpu.time", "RS.cost", 
    "RS.gamma", "RS.data.balancing", "RS.feature.selection", 
    "RS.valid.acc", "RS.test.acc", "RS.train.time", "RS.n.support.vectors", 
    "RS.index", "RS.n.solutions", "RS.generations", "RS.n.evaluations", 
    "RS.cpu.time", "DF.cost", "DF.gamma", "DF.data.balancing", 
    "DF.feature.selection", "DF.valid.acc", "DF.test.acc", "DF.train.time", 
    "DF.n.support.vectors", "DF.index", "DF.n.solutions", "DF.generations", 
    "DF.n.evaluations", "DF.cpu.time")))
