full <-
structure(c(50, 55, 60, 65, 70, 75, 80, 85, 90, 95, 100, 15, 
10.25033, 8.16912, 4.54742, 8.01902, 3.12145, 4.72585, 1.17434, 
7.44481, 1.23319, 13.58609, -10.61577, -12.49572, -12.36594, 
-8.34685, -8.93125, -6.97484, -6.85566, -6.17535, -6.53996, -5.21798, 
-6.17098, 0, 0, 0, 0, 0, 0, 0, 0, 0, 0, 0, 0, 0, 0, 0, 0, 0, 
0, 0, 0, 0, 0, 0.88121, 0.85758, 0.87885, 0.90165, 0.8681, 0.86417, 
0.86728, 0.87512, 0.88567, 0.89184, 0.88903, 0.86505, 0.78788, 
0.86282, 0.88736, 0.81905, 0.83875, 0.84743, 0.84706, 0.85819, 
0.86605, 0.87926, 0.0364, 0.0394, 0.039, 0.0416, 0.0428, 0.048, 
0.048, 0.0542, 0.0546, 0.0602, 0.0608, 36.6, 35.9, 46.5, 51.9, 
49.6, 73.1, 78.7, 99, 91.7, 125.6, 111.3, 69, 879, 19, 34, 124, 
335, 28, 478, 497, 1244, 45, 947, 80, 160, 743, 1352, 376, 945, 
608, 481, 145, 1290, 100, 100, 100, 100, 100, 100, 100, 100, 
100, 100, 100, 2500, 2500, 2500, 2500, 2500, 2500, 2500, 2500, 
2500, 2500, 2500, 7292.575, 7275.242, 7391.076, 7464.067, 7437.10399999999, 
7495.48400000001, 7555.71100000001, 7685.959, 7961.959, 8077.83500000002, 
8157.62899999999, 6.37361, 10.34614, 0.35306, 4.44252, 10.09707, 
1.97492, 14.80678, 0.98585, 6.31197, 0.86325, 6.04388, -9.49387, 
-12.398, -7.22825, -8.24404, -8.85392, -6.51589, -6.4082, -6.31229, 
-6.70998, -5.46455, -6.22618, 0, 0, 0, 0, 0, 0, 0, 0, 0, 0, 0, 
0, 0, 0, 0, 0, 0, 0, 0, 0, 0, 0, 0.8903, 0.85758, 0.88782, 0.90165, 
0.8681, 0.86417, 0.86728, 0.86993, 0.88012, 0.88684, 0.88903, 
0.84394, 0.77879, 0.84679, 0.88736, 0.81905, 0.845, 0.86029, 
0.85261, 0.84737, 0.87132, 0.87926, 0.0345, 0.0377, 0.042, 0.0413, 
0.0417, 0.0467, 0.0492, 0.0513, 0.0521, 0.0582, 0.0601, 41.1, 
35.8, 73.2, 52.5, 50.2, 80.4, 85.2, 98, 89.6, 121.8, 110.5, 290, 
875, 198, 556, 116, 272, 34, 206, 252, 1210, 38, 1, 1, 1, 3, 
90, 6, 42, 1, 19, 2, 41, 100, 100, 100, 100, 100, 100, 100, 100, 
100, 100, 100, 2500, 2500, 2500, 2500, 2500, 2500, 2500, 2500, 
2500, 2500, 2500, 7313.489, 7342.196, 7499.468, 7541.137, 7472.946, 
7557.06800000001, 7610.99399999999, 8001.75, 8008.21500000001, 
8071.78700000001, 8194.14999999999, 1, 1, 1, 1, 1, 1, 1, 1, 1, 
1, 1, 0.01667, 0.01667, 0.01667, 0.01667, 0.01667, 0.01667, 0.01667, 
0.01667, 0.01667, 0.01667, 0.01667, 0, 0, 0, 0, 0, 0, 0, 0, 0, 
0, 0, 0, 0, 0, 0, 0, 0, 0, 0, 0, 0, 0, 0.82687, 0.81364, 0.85513, 
0.83516, 0.83238, 0.83208, 0.83676, 0.82831, 0.80292, 0.85053, 
0.83184, 0.82596, 0.8303, 0.85513, 0.85824, 0.82619, 0.83167, 
0.82978, 0.84604, 0.8076, 0.845, 0.8271, 0.0374, 0.0389, 0.043, 
0.0435, 0.0455, 0.0477, 0.0523, 0.051, 0.0541, 0.0572, 0.0637, 
69.2, 74.1, 78.6, 83.5, 88.8, 96.2, 102.4, 108.9, 116.8, 121.6, 
129.8, 1, 1, 1, 1, 1, 1, 1, 1, 1, 1, 1, 1, 1, 1, 1, 1, 1, 1, 
1, 1, 1, 1, 1, 1, 1, 1, 1, 1, 1, 1, 1, 1, 1, 1, 1, 1, 1, 1, 1, 
1, 1, 1, 1, 1, 2.834, 2.883, 3.042, 2.925, 3, 3.017, 3.194, 3.17, 
3.221, 3.19, 3.305), .Dim = c(11L, 40L), .Dimnames = list(NULL, 
    c("Sampling", "PSO.cost", "PSO.gamma", "PSO.data.balancing", 
    "PSO.feature.selection", "PSO.valid.acc", "PSO.test.acc", 
    "PSO.train.time", "PSO.n.support.vectors", "PSO.index", "PSO.n.solutions", 
    "PSO.generations", "PSO.n.evaluations", "PSO.cpu.time", "RS.cost", 
    "RS.gamma", "RS.data.balancing", "RS.feature.selection", 
    "RS.valid.acc", "RS.test.acc", "RS.train.time", "RS.n.support.vectors", 
    "RS.index", "RS.n.solutions", "RS.generations", "RS.n.evaluations", 
    "RS.cpu.time", "DF.cost", "DF.gamma", "DF.data.balancing", 
    "DF.feature.selection", "DF.valid.acc", "DF.test.acc", "DF.train.time", 
    "DF.n.support.vectors", "DF.index", "DF.n.solutions", "DF.generations", 
    "DF.n.evaluations", "DF.cpu.time")))
