full <-
structure(c(50, 55, 60, 65, 70, 75, 80, 85, 90, 95, 100, 3.99108, 
7.47319, 0.98941, 4.01407, 7.36056, 4.84975, 1.40693, 1.4613, 
9.32495, 11.81005, 1.91483, -5.45857, -5.00172, -5.01497, -6.42971, 
-4.565, -4.34797, -5.12701, -5.7267, -5.21176, -5.61425, -5.9861, 
0, 0, 0, 0, 0, 0, 0, 0, 0, 0, 0, 0, 0, 0, 0, 0, 0, 0, 0, 0, 0, 
0, 0.90364, 0.92045, 0.894, 0.85147, 0.85476, 0.86327, 0.88971, 
0.85033, 0.87076, 0.89789, 0.87429, 0.88455, 0.90379, 0.894, 
0.85266, 0.8619, 0.83071, 0.87794, 0.83856, 0.84942, 0.84632, 
0.87474, 0.0418, 0.0403, 0.0445, 0.0457, 0.047, 0.0479, 0.0532, 
0.0553, 0.0566, 0.0553, 0.0632, 69.8, 82.6, 89.4, 72.8, 108.8, 
117.8, 111, 104.9, 120.9, 116.2, 116.4, 29, 402, 1831, 41, 617, 
11, 766, 546, 137, 44, 859, 1450, 443, 15, 1369, 212, 1149, 201, 
38, 996, 1138, 231, 100, 100, 100, 100, 100, 100, 100, 100, 100, 
100, 100, 2500, 2500, 2500, 2500, 2500, 2500, 2500, 2500, 2500, 
2500, 2500, 8411.702, 8991.802, 8432.062, 8544.379, 8738.235, 
8851.37299999999, 8716.414, 9037.08900000001, 9191.92199999999, 
9055.21300000002, 9328.83500000002, 1.14196, 8.46829, 5.25167, 
4.8353, 4.76838, 14.60599, 11.73204, 0.43504, 12.41973, 4.2222, 
2.62919, -5.29347, -5.07866, -4.76156, -6.68938, -4.53803, -4.38857, 
-4.80587, -5.5648, -5.15197, -5.60252, -5.97923, 0, 0, 0, 0, 
0, 0, 0, 0, 0, 0, 0, 0, 0, 0, 0, 0, 0, 0, 0, 0, 0, 0, 0.90364, 
0.91212, 0.88631, 0.85147, 0.85476, 0.86327, 0.87721, 0.84444, 
0.87076, 0.89789, 0.87405, 0.90364, 0.90379, 0.88555, 0.85266, 
0.8619, 0.83071, 0.87757, 0.8219, 0.85468, 0.84632, 0.87474, 
0.0404, 0.0406, 0.041, 0.0438, 0.0462, 0.0578, 0.0494, 0.0509, 
0.0592, 0.0564, 0.0616, 71.7, 81.1, 92.7, 67.4, 109.2, 117.2, 
116.3, 111.3, 122.3, 116.2, 115.1, 27, 602, 75, 13, 213, 242, 
24, 589, 199, 34, 1159, 56, 9, 25, 40, 5, 17, 44, 1, 7, 4, 2, 
100, 100, 100, 100, 100, 100, 100, 100, 100, 100, 100, 2500, 
2500, 2500, 2500, 2500, 2500, 2500, 2500, 2500, 2500, 2500, 8798.249, 
8516.87, 8500.121, 8737.501, 8780.06, 8759.031, 8867.27099999999, 
9078.598, 9053.67299999998, 9153.44899999999, 9159.81100000002, 
1, 1, 1, 1, 1, 1, 1, 1, 1, 1, 1, 0.01667, 0.01667, 0.01667, 0.01667, 
0.01667, 0.01667, 0.01667, 0.01667, 0.01667, 0.01667, 0.01667, 
0, 0, 0, 0, 0, 0, 0, 0, 0, 0, 0, 0, 0, 0, 0, 0, 0, 0, 0, 0, 0, 
0, 0.82636, 0.85227, 0.83543, 0.8152, 0.82, 0.82369, 0.83493, 
0.79869, 0.81637, 0.86132, 0.84139, 0.84455, 0.84394, 0.84324, 
0.82949, 0.82714, 0.83661, 0.85993, 0.79902, 0.81667, 0.83079, 
0.8466, 0.043, 0.0428, 0.0437, 0.0441, 0.048, 0.0513, 0.0505, 
0.054, 0.0552, 0.0587, 0.0628, 70.8, 76.9, 83.3, 89.2, 95.2, 
101.5, 104.7, 110, 117.4, 121.8, 129.2, 1, 1, 1, 1, 1, 1, 1, 
1, 1, 1, 1, 1, 1, 1, 1, 1, 1, 1, 1, 1, 1, 1, 1, 1, 1, 1, 1, 1, 
1, 1, 1, 1, 1, 1, 1, 1, 1, 1, 1, 1, 1, 1, 1, 1, 3.55, 3.359, 
3.339, 3.495, 3.468, 3.439, 3.604, 3.607, 3.594, 3.685, 3.505
), .Dim = c(11L, 40L), .Dimnames = list(NULL, c("Sampling", "PSO.cost", 
"PSO.gamma", "PSO.data.balancing", "PSO.feature.selection", "PSO.valid.acc", 
"PSO.test.acc", "PSO.train.time", "PSO.n.support.vectors", "PSO.index", 
"PSO.n.solutions", "PSO.generations", "PSO.n.evaluations", "PSO.cpu.time", 
"RS.cost", "RS.gamma", "RS.data.balancing", "RS.feature.selection", 
"RS.valid.acc", "RS.test.acc", "RS.train.time", "RS.n.support.vectors", 
"RS.index", "RS.n.solutions", "RS.generations", "RS.n.evaluations", 
"RS.cpu.time", "DF.cost", "DF.gamma", "DF.data.balancing", "DF.feature.selection", 
"DF.valid.acc", "DF.test.acc", "DF.train.time", "DF.n.support.vectors", 
"DF.index", "DF.n.solutions", "DF.generations", "DF.n.evaluations", 
"DF.cpu.time")))
