full <-
structure(c(50, 55, 60, 65, 70, 75, 80, 85, 90, 95, 100, 8.81746, 
6.77906, 4.29184, 1.37954, 6.77693, 1.16174, 2.77046, 4.29272, 
4.2224, 2.0695, 2.12963, -5.74185, -6.6549, -7.72339, -5.77658, 
-5.63113, -5.54692, -6.82367, -6.03037, -6.25362, -6.08857, -5.79192, 
0, 0, 0, 0, 0, 0, 0, 0, 0, 0, 0, 0, 0, 0, 0, 0, 0, 0, 0, 0, 0, 
0, 0.91343, 0.86742, 0.88077, 0.91264, 0.88905, 0.91036, 0.93309, 
0.91373, 0.89211, 0.88632, 0.87543, 0.91253, 0.85909, 0.83141, 
0.89615, 0.85381, 0.89119, 0.90221, 0.90294, 0.8807, 0.87079, 
0.87067, 0.0408, 0.0388, 0.0403, 0.0464, 0.0486, 0.0514, 0.0492, 
0.0551, 0.0538, 0.0598, 0.0579, 69.6, 63.1, 54.9, 86.2, 91.4, 
97.9, 81.3, 98.7, 97.5, 106.4, 119.4, 293, 2, 568, 903, 23, 528, 
1381, 206, 120, 650, 813, 721, 1309, 386, 313, 1289, 201, 41, 
1148, 1056, 267, 377, 100, 100, 100, 100, 100, 100, 100, 100, 
100, 100, 100, 2500, 2500, 2500, 2500, 2500, 2500, 2500, 2500, 
2500, 2500, 2500, 8421.87, 8913.207, 8580.585, 8511.53, 8654.62400000001, 
8433.607, 8619.254, 9066.178, 9044.16800000001, 9208.666, 9311.10700000002, 
2.04478, 3.37526, 4.24466, 1.44244, 6.31163, 2.05558, 3.25422, 
1.7526, 13.85201, 1.9616, 1.93593, -5.74516, -5.90438, -7.68304, 
-5.77131, -5.87429, -5.74091, -6.99673, -5.7793, -6.26303, -6.09483, 
-5.68839, 0, 0, 0, 0, 0, 0, 0, 0, 0, 0, 0, 0, 0, 0, 0, 0, 0, 
0, 0, 0, 0, 0, 0.91343, 0.86742, 0.88077, 0.91264, 0.88905, 0.89786, 
0.92132, 0.91405, 0.89211, 0.88632, 0.87543, 0.91253, 0.87727, 
0.83974, 0.89615, 0.85381, 0.89119, 0.89632, 0.9085, 0.8807, 
0.87079, 0.87067, 0.0404, 0.0396, 0.0427, 0.0458, 0.0455, 0.0491, 
0.0498, 0.0545, 0.0567, 0.0591, 0.061, 69.5, 72.2, 55.2, 86, 
87.8, 93.6, 77.5, 103.5, 97.4, 106.4, 121.8, 2082, 12, 2248, 
761, 60, 912, 94, 1694, 885, 1494, 601, 2, 74, 1, 3, 54, 1, 1, 
1, 1, 2, 1, 100, 100, 100, 100, 100, 100, 100, 100, 100, 100, 
100, 2500, 2500, 2500, 2500, 2500, 2500, 2500, 2500, 2500, 2500, 
2500, 8795.985, 8723.345, 8457.608, 8656.77500000001, 8417.625, 
8451.64200000001, 8932.5, 9003.63399999999, 9183.38, 9191.951, 
9206.48199999999, 1, 1, 1, 1, 1, 1, 1, 1, 1, 1, 1, 0.01667, 0.01667, 
0.01667, 0.01667, 0.01667, 0.01667, 0.01667, 0.01667, 0.01667, 
0.01667, 0.01667, 0, 0, 0, 0, 0, 0, 0, 0, 0, 0, 0, 0, 0, 0, 0, 
0, 0, 0, 0, 0, 0, 0, 0.85596, 0.80682, 0.82372, 0.82143, 0.8119, 
0.83863, 0.84081, 0.86797, 0.83743, 0.82289, 0.82346, 0.85505, 
0.78106, 0.80769, 0.82857, 0.80571, 0.85113, 0.82831, 0.84542, 
0.82661, 0.81789, 0.82394, 0.039, 0.042, 0.0436, 0.0482, 0.0476, 
0.0495, 0.0525, 0.0533, 0.0581, 0.0594, 0.0623, 73.3, 79, 84.1, 
89.6, 95.8, 98.8, 105.5, 110.9, 114.5, 121.7, 130.3, 1, 1, 1, 
1, 1, 1, 1, 1, 1, 1, 1, 1, 1, 1, 1, 1, 1, 1, 1, 1, 1, 1, 1, 1, 
1, 1, 1, 1, 1, 1, 1, 1, 1, 1, 1, 1, 1, 1, 1, 1, 1, 1, 1, 1, 3.522, 
3.531, 3.376, 3.453, 3.391, 3.383, 3.554, 3.604, 3.678, 3.69, 
3.581), .Dim = c(11L, 40L), .Dimnames = list(NULL, c("Sampling", 
"PSO.cost", "PSO.gamma", "PSO.data.balancing", "PSO.feature.selection", 
"PSO.valid.acc", "PSO.test.acc", "PSO.train.time", "PSO.n.support.vectors", 
"PSO.index", "PSO.n.solutions", "PSO.generations", "PSO.n.evaluations", 
"PSO.cpu.time", "RS.cost", "RS.gamma", "RS.data.balancing", "RS.feature.selection", 
"RS.valid.acc", "RS.test.acc", "RS.train.time", "RS.n.support.vectors", 
"RS.index", "RS.n.solutions", "RS.generations", "RS.n.evaluations", 
"RS.cpu.time", "DF.cost", "DF.gamma", "DF.data.balancing", "DF.feature.selection", 
"DF.valid.acc", "DF.test.acc", "DF.train.time", "DF.n.support.vectors", 
"DF.index", "DF.n.solutions", "DF.generations", "DF.n.evaluations", 
"DF.cpu.time")))
