full <-
structure(c(50, 55, 60, 65, 70, 75, 80, 85, 90, 95, 100, 1.6378, 
1.50509, 1.04046, 1.45004, 11.16876, 6.71235, 1.08199, 13.20143, 
0.72362, 13.68225, 1.39348, -5.89336, -5.51674, -5.63845, -5.73607, 
-6.09153, -6.16466, -5.53607, -4.58654, -5.74478, -6.60706, -5.16365, 
0, 0, 0, 0, 0, 0, 0, 0, 0, 0, 0, 0, 0, 0, 0, 0, 0, 0, 0, 0, 0, 
0, 0.87455, 0.87697, 0.89359, 0.87628, 0.89667, 0.87208, 0.92096, 
0.87908, 0.89613, 0.88684, 0.88946, 0.85545, 0.8603, 0.89295, 
0.84478, 0.87, 0.88411, 0.90809, 0.87288, 0.88655, 0.88184, 0.86994, 
0.0416, 0.0407, 0.0426, 0.0475, 0.0475, 0.0475, 0.05, 0.0584, 
0.0545, 0.0566, 0.0646, 67.4, 77.3, 81.4, 84.8, 81.5, 84.4, 105.4, 
127.9, 114.2, 91.3, 135.1, 217, 63, 231, 328, 132, 34, 1444, 
321, 2424, 173, 123, 1021, 1113, 564, 584, 848, 1289, 38, 533, 
1, 984, 383, 100, 100, 100, 100, 100, 100, 100, 100, 100, 100, 
100, 2500, 2500, 2500, 2500, 2500, 2500, 2500, 2500, 2500, 2500, 
2500, 8388.84, 8963.087, 8607.396, 8536.936, 8674.526, 8432.712, 
8663.235, 9024.863, 9166.78, 8952.212, 9363.07999999999, 0.79676, 
11.89365, 0.86575, 1.59756, 14.45769, 3.57732, 10.23141, 2.68076, 
1.49685, 10.50377, 1.02747, -5.78144, -5.49742, -5.69314, -5.74207, 
-6.10945, -6.05641, -5.67598, -4.59534, -5.64927, -6.56783, -5.18517, 
0, 0, 0, 0, 0, 0, 0, 0, 0, 0, 0, 0, 0, 0, 0, 0, 0, 0, 0, 0, 0, 
0, 0.87455, 0.87697, 0.87821, 0.87628, 0.89667, 0.87208, 0.90919, 
0.87908, 0.89584, 0.88684, 0.88491, 0.85455, 0.8603, 0.87756, 
0.85907, 0.87667, 0.88411, 0.88382, 0.87288, 0.88596, 0.88184, 
0.86539, 0.0421, 0.0478, 0.0425, 0.0455, 0.0426, 0.0502, 0.0513, 
0.0518, 0.0598, 0.0585, 0.0653, 70, 77.4, 81.4, 84.4, 81.2, 86, 
99.6, 127.7, 113, 92.3, 134.9, 274, 84, 716, 2322, 178, 6, 780, 
31, 1438, 1111, 2337, 4, 15, 2, 2, 5, 48, 1, 14, 1, 4, 1, 100, 
100, 100, 100, 100, 100, 100, 100, 100, 100, 100, 2500, 2500, 
2500, 2500, 2500, 2500, 2500, 2500, 2500, 2500, 2500, 8805.361, 
8749.265, 8481.36700000001, 8646.91499999999, 8423.266, 8467.829, 
8957.804, 9100.48300000001, 9053.804, 9155.70499999999, 9225.58199999999, 
1, 1, 1, 1, 1, 1, 1, 1, 1, 1, 1, 0.01667, 0.01667, 0.01667, 0.01667, 
0.01667, 0.01667, 0.01667, 0.01667, 0.01667, 0.01667, 0.01667, 
0, 0, 0, 0, 0, 0, 0, 0, 0, 0, 0, 0, 0, 0, 0, 0, 0, 0, 0, 0, 0, 
0, 0.79727, 0.79727, 0.85321, 0.83114, 0.85571, 0.82482, 0.87794, 
0.86176, 0.86426, 0.835, 0.85063, 0.81636, 0.79818, 0.82885, 
0.81511, 0.82762, 0.84536, 0.84154, 0.85621, 0.87076, 0.85105, 
0.85494, 0.0412, 0.0423, 0.0435, 0.0464, 0.0467, 0.0471, 0.0513, 
0.0503, 0.0553, 0.0605, 0.0621, 72.5, 78.4, 82.8, 88, 94.1, 98.7, 
105, 109.8, 116.9, 121.3, 129.2, 1, 1, 1, 1, 1, 1, 1, 1, 1, 1, 
1, 1, 1, 1, 1, 1, 1, 1, 1, 1, 1, 1, 1, 1, 1, 1, 1, 1, 1, 1, 1, 
1, 1, 1, 1, 1, 1, 1, 1, 1, 1, 1, 1, 1, 3.527, 3.454, 3.339, 3.512, 
3.307, 3.457, 3.616, 3.66, 3.605, 3.71, 3.633), .Dim = c(11L, 
40L), .Dimnames = list(NULL, c("Sampling", "PSO.cost", "PSO.gamma", 
"PSO.data.balancing", "PSO.feature.selection", "PSO.valid.acc", 
"PSO.test.acc", "PSO.train.time", "PSO.n.support.vectors", "PSO.index", 
"PSO.n.solutions", "PSO.generations", "PSO.n.evaluations", "PSO.cpu.time", 
"RS.cost", "RS.gamma", "RS.data.balancing", "RS.feature.selection", 
"RS.valid.acc", "RS.test.acc", "RS.train.time", "RS.n.support.vectors", 
"RS.index", "RS.n.solutions", "RS.generations", "RS.n.evaluations", 
"RS.cpu.time", "DF.cost", "DF.gamma", "DF.data.balancing", "DF.feature.selection", 
"DF.valid.acc", "DF.test.acc", "DF.train.time", "DF.n.support.vectors", 
"DF.index", "DF.n.solutions", "DF.generations", "DF.n.evaluations", 
"DF.cpu.time")))
