full <-
structure(c(50, 55, 60, 65, 70, 75, 80, 85, 90, 95, 100, 5.01713, 
15, 7.27655, 6.41078, 3.40683, 7.99525, 1.81735, 0.7326, 1.14056, 
13.53697, 2.0167, -8.29743, -4.69608, -5.20154, -6.16132, -6.84292, 
-4.7506, -5.60532, -4.79588, -5.86212, -6.21866, -6.25607, 0, 
0, 0, 0, 0, 0, 0, 0, 0, 0, 0, 0, 0, 0, 0, 0, 0, 0, 0, 0, 0, 0, 
0.80727, 0.82727, 0.88141, 0.86538, 0.83381, 0.87107, 0.89039, 
0.8719, 0.89649, 0.89711, 0.90429, 0.77727, 0.80076, 0.82436, 
0.82802, 0.83238, 0.8578, 0.89076, 0.85, 0.85789, 0.87079, 0.885, 
0.0381, 0.0412, 0.0425, 0.0448, 0.0455, 0.0486, 0.0529, 0.059, 
0.054, 0.061, 0.0577, 46.7, 87.3, 88.9, 77.9, 72.8, 112.8, 102.1, 
123.5, 110.5, 103.9, 110.5, 243, 185, 68, 55, 79, 56, 765, 2066, 
2073, 73, 384, 106, 1098, 1060, 1125, 217, 183, 226, 1, 3, 1361, 
81, 100, 100, 100, 100, 100, 100, 100, 100, 100, 100, 100, 2500, 
2500, 2500, 2500, 2500, 2500, 2500, 2500, 2500, 2500, 2500, 7364.764, 
8893.317, 8707.524, 8503, 8742.898, 8835.49500000001, 8789.121, 
9056.78999999999, 9171.88799999998, 9033.53, 9107.68599999999, 
4.40258, 5.45415, 8.32482, 14.605, 11.19611, 5.56129, 1.88265, 
1.85342, 2.20059, 14.10096, 2.30254, -8.2124, -4.70736, -5.18717, 
-6.16145, -6.81825, -8.02817, -5.69173, -5.47508, -5.69926, -6.27268, 
-5.80422, 0, 0, 0, 0, 0, 0, 0, 0, 0, 0, 0, 0, 0, 0, 0, 0, 0, 
0, 0, 0, 0, 0, 0.79727, 0.82727, 0.88141, 0.86538, 0.83381, 0.87071, 
0.89039, 0.86699, 0.8962, 0.89711, 0.89952, 0.75818, 0.79167, 
0.82436, 0.82802, 0.83238, 0.81315, 0.89076, 0.84967, 0.85292, 
0.87079, 0.885, 0.0389, 0.041, 0.0446, 0.0456, 0.0471, 0.0458, 
0.0506, 0.0512, 0.0565, 0.054, 0.0603, 47.4, 87.2, 89.3, 77.9, 
72.9, 65.5, 100.5, 111.6, 111.4, 102.8, 119.6, 418, 975, 574, 
246, 145, 24, 532, 1907, 604, 39, 392, 3, 4, 4, 12, 7, 29, 1, 
2, 3, 27, 4, 100, 100, 100, 100, 100, 100, 100, 100, 100, 100, 
100, 2500, 2500, 2500, 2500, 2500, 2500, 2500, 2500, 2500, 2500, 
2500, 8465.368, 8925.149, 8594.466, 8543.02, 8755.334, 8829.18799999999, 
8724.289, 9059.71100000001, 9147.671, 9137.66899999999, 9058.14499999999, 
1, 1, 1, 1, 1, 1, 1, 1, 1, 1, 1, 0.01667, 0.01667, 0.01667, 0.01667, 
0.01667, 0.01667, 0.01667, 0.01667, 0.01667, 0.01667, 0.01667, 
0, 0, 0, 0, 0, 0, 0, 0, 0, 0, 0, 0, 0, 0, 0, 0, 0, 0, 0, 0, 0, 
0, 0.75, 0.7553, 0.80897, 0.79121, 0.77048, 0.79714, 0.83047, 
0.79248, 0.84181, 0.81895, 0.82714, 0.74, 0.77348, 0.76795, 0.80549, 
0.77905, 0.81268, 0.80547, 0.82647, 0.83099, 0.81421, 0.82238, 
0.045, 0.0448, 0.0443, 0.0453, 0.0447, 0.0493, 0.0516, 0.0539, 
0.052, 0.055, 0.0597, 71.7, 78.8, 84.9, 89.4, 95.1, 100.5, 105.3, 
110.6, 116.9, 125.1, 129.7, 1, 1, 1, 1, 1, 1, 1, 1, 1, 1, 1, 
1, 1, 1, 1, 1, 1, 1, 1, 1, 1, 1, 1, 1, 1, 1, 1, 1, 1, 1, 1, 1, 
1, 1, 1, 1, 1, 1, 1, 1, 1, 1, 1, 1, 3.555, 3.645, 3.34, 3.397, 
3.467, 3.636, 3.481, 3.582, 3.628, 3.597, 3.554), .Dim = c(11L, 
40L), .Dimnames = list(NULL, c("Sampling", "PSO.cost", "PSO.gamma", 
"PSO.data.balancing", "PSO.feature.selection", "PSO.valid.acc", 
"PSO.test.acc", "PSO.train.time", "PSO.n.support.vectors", "PSO.index", 
"PSO.n.solutions", "PSO.generations", "PSO.n.evaluations", "PSO.cpu.time", 
"RS.cost", "RS.gamma", "RS.data.balancing", "RS.feature.selection", 
"RS.valid.acc", "RS.test.acc", "RS.train.time", "RS.n.support.vectors", 
"RS.index", "RS.n.solutions", "RS.generations", "RS.n.evaluations", 
"RS.cpu.time", "DF.cost", "DF.gamma", "DF.data.balancing", "DF.feature.selection", 
"DF.valid.acc", "DF.test.acc", "DF.train.time", "DF.n.support.vectors", 
"DF.index", "DF.n.solutions", "DF.generations", "DF.n.evaluations", 
"DF.cpu.time")))
