full <-
structure(c(50, 55, 60, 65, 70, 75, 80, 85, 90, 95, 100, 2.56625, 
1.88053, 2.08239, 2.5194, 2.40796, 0.88372, 1.86097, 2.77429, 
2.69761, 2.04209, 3.46958, -6.38773, -5.93437, -6.10622, -7.24067, 
-5.87829, -5.71649, -6.76125, -6.07481, -5.69367, -5.94528, -6.49375, 
0, 0, 0, 0, 0, 0, 0, 0, 0, 0, 0, 0, 0, 0, 0, 0, 0, 0, 0, 0, 0, 
0, 0.87727, 0.85985, 0.89668, 0.85925, 0.88762, 0.87042, 0.87757, 
0.90319, 0.89708, 0.89158, 0.88898, 0.84727, 0.81515, 0.84528, 
0.83727, 0.88048, 0.86375, 0.85257, 0.86646, 0.8807, 0.89184, 
0.8618, 0.0385, 0.0411, 0.0431, 0.0408, 0.0478, 0.0479, 0.0483, 
0.0522, 0.0549, 0.0571, 0.0585, 62, 72.6, 75.9, 72.2, 90.2, 99.6, 
89.6, 100.6, 111.3, 111.3, 105.1, 488, 630, 1093, 1579, 939, 
2331, 831, 1051, 1434, 1650, 707, 288, 356, 97, 13, 360, 1, 149, 
387, 42, 13, 98, 100, 100, 100, 100, 100, 100, 100, 100, 100, 
100, 100, 2500, 2500, 2500, 2500, 2500, 2500, 2500, 2500, 2500, 
2500, 2500, 7442.563, 7505.024, 7421.679, 7207.7, 7325.628, 7408.539, 
7425.18399999999, 7482.955, 7492.86799999999, 7513.73300000001, 
7510.14299999998, 2.81429, 2.38884, 2.55963, 0.93518, 1.42123, 
2.06591, 1.90076, 2.03428, 14.15832, 2.81298, 8.02891, -6.54139, 
-5.8411, -6.95676, -5.79923, -5.96997, -5.92908, -6.54648, -6.20077, 
-5.7497, -5.86844, -6.40198, 0, 0, 0, 0, 0, 0, 0, 0, 0, 0, 0, 
0, 0, 0, 0, 0, 0, 0, 0, 0, 0, 0, 0.87727, 0.85909, 0.89604, 0.85092, 
0.87429, 0.86458, 0.87132, 0.90319, 0.89181, 0.88658, 0.88422, 
0.83818, 0.82424, 0.85437, 0.85101, 0.88095, 0.85125, 0.87794, 
0.86748, 0.88099, 0.88658, 0.87156, 0.039, 0.041, 0.0413, 0.0418, 
0.0461, 0.048, 0.0491, 0.0515, 0.0537, 0.0571, 0.0584, 60.4, 
73.3, 66.2, 88.7, 89, 94.9, 90.9, 98.6, 109.5, 112.8, 106.8, 
298, 2291, 1681, 2491, 893, 81, 3, 1742, 103, 251, 1124, 1, 1, 
1, 1, 2, 15, 11, 1, 8, 7, 2, 100, 100, 100, 100, 100, 100, 100, 
100, 100, 100, 100, 2500, 2500, 2500, 2500, 2500, 2500, 2500, 
2500, 2500, 2500, 2500, 7469.579, 7471.298, 7382.323, 7218.811, 
7339.15699999999, 7406.015, 7475.341, 7494.632, 7497.92200000001, 
7503.66, 7605.39599999998, 1, 1, 1, 1, 1, 1, 1, 1, 1, 1, 1, 0.01667, 
0.01667, 0.01667, 0.01667, 0.01667, 0.01667, 0.01667, 0.01667, 
0.01667, 0.01667, 0.01667, 0, 0, 0, 0, 0, 0, 0, 0, 0, 0, 0, 0, 
0, 0, 0, 0, 0, 0, 0, 0, 0, 0, 0.83616, 0.80758, 0.78724, 0.78498, 
0.82714, 0.80542, 0.80993, 0.82966, 0.84269, 0.87632, 0.82773, 
0.80909, 0.78864, 0.80606, 0.82189, 0.82667, 0.80417, 0.78529, 
0.85184, 0.85906, 0.87132, 0.83323, 0.0395, 0.0409, 0.0387, 0.041, 
0.0448, 0.0479, 0.05, 0.0515, 0.0538, 0.0559, 0.0596, 70.4, 77.7, 
82.5, 90.2, 96.1, 101.5, 106, 110.5, 115.3, 121.8, 129.8, 1, 
1, 1, 1, 1, 1, 1, 1, 1, 1, 1, 1, 1, 1, 1, 1, 1, 1, 1, 1, 1, 1, 
1, 1, 1, 1, 1, 1, 1, 1, 1, 1, 1, 1, 1, 1, 1, 1, 1, 1, 1, 1, 1, 
1, 3.002, 3.009, 2.766, 2.794, 2.882, 2.964, 2.983, 2.98, 2.989, 
2.941, 3.06), .Dim = c(11L, 40L), .Dimnames = list(NULL, c("Sampling", 
"PSO.cost", "PSO.gamma", "PSO.data.balancing", "PSO.feature.selection", 
"PSO.valid.acc", "PSO.test.acc", "PSO.train.time", "PSO.n.support.vectors", 
"PSO.index", "PSO.n.solutions", "PSO.generations", "PSO.n.evaluations", 
"PSO.cpu.time", "RS.cost", "RS.gamma", "RS.data.balancing", "RS.feature.selection", 
"RS.valid.acc", "RS.test.acc", "RS.train.time", "RS.n.support.vectors", 
"RS.index", "RS.n.solutions", "RS.generations", "RS.n.evaluations", 
"RS.cpu.time", "DF.cost", "DF.gamma", "DF.data.balancing", "DF.feature.selection", 
"DF.valid.acc", "DF.test.acc", "DF.train.time", "DF.n.support.vectors", 
"DF.index", "DF.n.solutions", "DF.generations", "DF.n.evaluations", 
"DF.cpu.time")))
