full <-
structure(c(50, 55, 60, 65, 70, 75, 80, 85, 90, 95, 100, 10.8032, 
7.53003, 0.21534, 3.2118, 1.33196, 4.45704, 1.02675, 10.4247, 
4.58644, 2.73417, 11.46732, -4.94615, -5.61279, -4.89647, -6.3738, 
-4.81339, -5.36344, -4.9919, -4.28317, -7.45112, -6.53792, -6.32855, 
0, 0, 0, 0, 0, 0, 0, 0, 0, 0, 0, 0, 0, 0, 0, 0, 0, 0, 0, 0, 0, 
0, 0.87545, 0.85152, 0.86474, 0.81868, 0.86048, 0.86417, 0.82831, 
0.8386, 0.87456, 0.89684, 0.89355, 0.82818, 0.84318, 0.84679, 
0.80495, 0.85429, 0.81917, 0.84007, 0.83828, 0.83684, 0.89184, 
0.87426, 0.0368, 0.0408, 0.0436, 0.0446, 0.045, 0.0512, 0.0486, 
0.054, 0.0509, 0.0518, 0.0581, 76.8, 78.2, 92.6, 78.7, 106.4, 
104.2, 115.9, 132.1, 79.7, 100.3, 107, 38, 495, 1393, 276, 412, 
185, 661, 181, 248, 96, 316, 1299, 504, 43, 43, 545, 579, 75, 
565, 726, 187, 341, 100, 100, 100, 100, 100, 100, 100, 100, 100, 
100, 100, 2500, 2500, 2500, 2500, 2500, 2500, 2500, 2500, 2500, 
2500, 2500, 7005.136, 7132.293, 7300.27, 7512.058, 7436.451, 
7341.772, 7416.02100000001, 7579.26300000001, 7436.573, 7606.304, 
7766.67200000002, 11.29379, 11.68867, 3.58743, 1.38236, 1.15016, 
13.80866, 1.25001, 5.9587, 14.19709, 2.82515, 10.48855, -4.84885, 
-5.63323, -4.73142, -5.08991, -4.79922, -5.35869, -5.23746, -4.28188, 
-7.35423, -6.55325, -6.38462, 0, 0, 0, 0, 0, 0, 0, 0, 0, 0, 0, 
0, 0, 0, 0, 0, 0, 0, 0, 0, 0, 0, 0.87545, 0.85152, 0.85641, 0.81813, 
0.86048, 0.86417, 0.82831, 0.8386, 0.87456, 0.89684, 0.88855, 
0.83818, 0.84318, 0.86282, 0.8044, 0.84714, 0.81917, 0.84632, 
0.83828, 0.83158, 0.89184, 0.87426, 0.041, 0.0387, 0.0406, 0.0419, 
0.049, 0.0473, 0.0506, 0.0583, 0.0489, 0.0553, 0.0598, 77.1, 
78.1, 93.8, 95.3, 106.7, 104.2, 112.1, 132.1, 80, 99.9, 105, 
81, 269, 12, 1107, 2440, 1849, 897, 144, 865, 947, 13, 15, 3, 
21, 1, 1, 2, 1, 3, 4, 2, 32, 100, 100, 100, 100, 100, 100, 100, 
100, 100, 100, 100, 2500, 2500, 2500, 2500, 2500, 2500, 2500, 
2500, 2500, 2500, 2500, 7143.797, 7164.555, 7239.766, 7337.617, 
7373.266, 7384.84400000001, 7459.889, 7621.79800000001, 7410.70000000001, 
7744.00899999999, 7732.024, 1, 1, 1, 1, 1, 1, 1, 1, 1, 1, 1, 
0.01667, 0.01667, 0.01667, 0.01667, 0.01667, 0.01667, 0.01667, 
0.01667, 0.01667, 0.01667, 0.01667, 0, 0, 0, 0, 0, 0, 0, 0, 0, 
0, 0, 0, 0, 0, 0, 0, 0, 0, 0, 0, 0, 0, 0.79909, 0.76364, 0.78397, 
0.76648, 0.81143, 0.78, 0.77978, 0.79767, 0.80468, 0.84, 0.83996, 
0.76091, 0.79924, 0.8141, 0.76593, 0.79238, 0.7925, 0.81066, 
0.79804, 0.7886, 0.82421, 0.83615, 0.0379, 0.038, 0.0402, 0.0451, 
0.0435, 0.0478, 0.0501, 0.0496, 0.0515, 0.0568, 0.0574, 72, 77.6, 
84, 90.4, 96.4, 103.7, 108.6, 113.6, 119.7, 125.2, 130.2, 1, 
1, 1, 1, 1, 1, 1, 1, 1, 1, 1, 1, 1, 1, 1, 1, 1, 1, 1, 1, 1, 1, 
1, 1, 1, 1, 1, 1, 1, 1, 1, 1, 1, 1, 1, 1, 1, 1, 1, 1, 1, 1, 1, 
1, 2.745, 2.723, 2.771, 3.07, 2.786, 2.95, 2.944, 2.838, 2.826, 
3.12, 2.952), .Dim = c(11L, 40L), .Dimnames = list(NULL, c("Sampling", 
"PSO.cost", "PSO.gamma", "PSO.data.balancing", "PSO.feature.selection", 
"PSO.valid.acc", "PSO.test.acc", "PSO.train.time", "PSO.n.support.vectors", 
"PSO.index", "PSO.n.solutions", "PSO.generations", "PSO.n.evaluations", 
"PSO.cpu.time", "RS.cost", "RS.gamma", "RS.data.balancing", "RS.feature.selection", 
"RS.valid.acc", "RS.test.acc", "RS.train.time", "RS.n.support.vectors", 
"RS.index", "RS.n.solutions", "RS.generations", "RS.n.evaluations", 
"RS.cpu.time", "DF.cost", "DF.gamma", "DF.data.balancing", "DF.feature.selection", 
"DF.valid.acc", "DF.test.acc", "DF.train.time", "DF.n.support.vectors", 
"DF.index", "DF.n.solutions", "DF.generations", "DF.n.evaluations", 
"DF.cpu.time")))
