full <-
structure(c(50, 55, 60, 65, 70, 75, 80, 85, 90, 95, 100, 1.66052, 
1.04918, 11.08131, 1.63544, 2.45599, 1.07556, 8.83408, 1.9195, 
1.77358, 2.29697, 3.70823, -6.4974, -6.18477, -5.78336, -6.10392, 
-5.53392, -5.60348, -6.73145, -5.85526, -5.28153, -6.3683, -6.36938, 
0, 0, 0, 0, 0, 0, 0, 0, 0, 0, 0, 0, 0, 0, 0, 0, 0, 0, 0, 0, 0, 
0, 0.87889, 0.87652, 0.85577, 0.87582, 0.88048, 0.86333, 0.90831, 
0.87288, 0.88146, 0.86132, 0.91881, 0.89909, 0.84242, 0.84679, 
0.8533, 0.85333, 0.87625, 0.87779, 0.8732, 0.88175, 0.82, 0.895, 
0.0392, 0.0426, 0.043, 0.045, 0.0468, 0.0499, 0.0485, 0.0545, 
0.0559, 0.0536, 0.057, 62.9, 69.9, 77.3, 82.6, 92.5, 99.2, 85.7, 
105.8, 122.1, 103.7, 108.2, 963, 526, 28, 28, 238, 585, 240, 
385, 2118, 74, 51, 236, 599, 1367, 456, 524, 56, 953, 451, 2, 
1278, 1324, 100, 100, 100, 100, 100, 100, 100, 100, 100, 100, 
100, 2500, 2500, 2500, 2500, 2500, 2500, 2500, 2500, 2500, 2500, 
2500, 8343.497, 8924.328, 8445.238, 8588.751, 8733.746, 8405.82399999999, 
8612.287, 9035.179, 9159.26699999999, 9061.02900000001, 9287.761, 
1.83351, 1.31507, 8.51727, 14.2093, 2.11033, 1.0464, 5.25659, 
2.0237, 10.02854, 12.96374, 11.9153, -6.48411, -6.4621, -5.75695, 
-5.9288, -5.66012, -5.55929, -6.71712, -6.08255, -5.47791, -6.1402, 
-6.3705, 0, 0, 0, 0, 0, 0, 0, 0, 0, 0, 0, 0, 0, 0, 0, 0, 0, 0, 
0, 0, 0, 0, 0.86778, 0.86742, 0.85577, 0.87582, 0.88048, 0.86333, 
0.90831, 0.87288, 0.88091, 0.86132, 0.91881, 0.86182, 0.84242, 
0.84679, 0.87527, 0.85333, 0.87625, 0.87779, 0.8732, 0.8762, 
0.83553, 0.895, 0.0403, 0.0405, 0.0431, 0.0423, 0.0506, 0.0454, 
0.052, 0.0542, 0.0559, 0.0603, 0.0638, 62.8, 67.6, 77.7, 82.7, 
90.9, 100.1, 85.8, 100.8, 117.2, 107.1, 108.3, 681, 993, 19, 
5, 90, 397, 398, 1819, 43, 111, 308, 1, 1, 30, 9, 6, 1, 5, 1, 
32, 20, 15, 100, 100, 100, 100, 100, 100, 100, 100, 100, 100, 
100, 2500, 2500, 2500, 2500, 2500, 2500, 2500, 2500, 2500, 2500, 
2500, 8800.374, 8749.186, 8472.319, 8642.554, 8426.26000000001, 
8452.2, 8943.13200000001, 9037.764, 9035.38099999999, 9173.976, 
9197.791, 1, 1, 1, 1, 1, 1, 1, 1, 1, 1, 1, 0.01667, 0.01667, 
0.01667, 0.01667, 0.01667, 0.01667, 0.01667, 0.01667, 0.01667, 
0.01667, 0.01667, 0, 0, 0, 0, 0, 0, 0, 0, 0, 0, 0, 0, 0, 0, 0, 
0, 0, 0, 0, 0, 0, 0, 0.81343, 0.81591, 0.78974, 0.83837, 0.80476, 
0.82458, 0.8539, 0.83268, 0.82649, 0.84079, 0.85143, 0.80323, 
0.82424, 0.79936, 0.81639, 0.8119, 0.83833, 0.82922, 0.84477, 
0.82819, 0.82474, 0.8419, 0.0386, 0.0402, 0.0417, 0.0458, 0.0459, 
0.0482, 0.0538, 0.0547, 0.0591, 0.0545, 0.0612, 70.2, 75.2, 83.1, 
90.5, 94.4, 100.6, 107.5, 113.3, 119, 123.2, 129.8, 1, 1, 1, 
1, 1, 1, 1, 1, 1, 1, 1, 1, 1, 1, 1, 1, 1, 1, 1, 1, 1, 1, 1, 1, 
1, 1, 1, 1, 1, 1, 1, 1, 1, 1, 1, 1, 1, 1, 1, 1, 1, 1, 1, 1, 3.558, 
3.428, 3.384, 3.453, 3.3, 3.377, 3.578, 3.603, 3.664, 3.656, 
3.533), .Dim = c(11L, 40L), .Dimnames = list(NULL, c("Sampling", 
"PSO.cost", "PSO.gamma", "PSO.data.balancing", "PSO.feature.selection", 
"PSO.valid.acc", "PSO.test.acc", "PSO.train.time", "PSO.n.support.vectors", 
"PSO.index", "PSO.n.solutions", "PSO.generations", "PSO.n.evaluations", 
"PSO.cpu.time", "RS.cost", "RS.gamma", "RS.data.balancing", "RS.feature.selection", 
"RS.valid.acc", "RS.test.acc", "RS.train.time", "RS.n.support.vectors", 
"RS.index", "RS.n.solutions", "RS.generations", "RS.n.evaluations", 
"RS.cpu.time", "DF.cost", "DF.gamma", "DF.data.balancing", "DF.feature.selection", 
"DF.valid.acc", "DF.test.acc", "DF.train.time", "DF.n.support.vectors", 
"DF.index", "DF.n.solutions", "DF.generations", "DF.n.evaluations", 
"DF.cpu.time")))
