full <-
structure(c(50, 55, 60, 65, 70, 75, 80, 85, 90, 95, 100, 10.62698, 
0.46683, 8.25807, 0.54869, 9.12705, 2.50626, 2.40661, 5.79362, 
2.7666, 1.53479, 4.09202, -7.97553, -4.93332, -5.92678, -6.13098, 
-6.17705, -6.04032, -5.80599, -4.6784, -6.32478, -5.20683, -5.79237, 
0, 0, 0, 0, 0, 0, 0, 0, 0, 0, 0, 0, 0, 0, 0, 0, 0, 0, 0, 0, 0, 
0, 0.85727, 0.89242, 0.87436, 0.86044, 0.84, 0.86875, 0.86451, 
0.89085, 0.88619, 0.86474, 0.89877, 0.80909, 0.85, 0.83333, 0.86703, 
0.79762, 0.84333, 0.83551, 0.8219, 0.86452, 0.83816, 0.88448, 
0.0392, 0.0412, 0.0435, 0.0454, 0.0472, 0.0501, 0.0504, 0.0562, 
0.0558, 0.06, 0.0612, 46.2, 82.8, 78, 87.6, 83.8, 93.1, 98.6, 
125.6, 96.9, 126.2, 118.7, 346, 1056, 40, 50, 54, 1151, 835, 
125, 885, 1075, 38, 753, 23, 1302, 326, 965, 148, 163, 1071, 
27, 146, 1112, 100, 100, 100, 100, 100, 100, 100, 100, 100, 100, 
100, 2500, 2500, 2500, 2500, 2500, 2500, 2500, 2500, 2500, 2500, 
2500, 8153.351, 8489.34, 8716.021, 8510.905, 8773.338, 8466.04399999999, 
8558.406, 9136.47, 9195.88800000001, 9114.587, 9033.761, 10.94609, 
0.68146, 12.09901, 1.72391, 13.49326, 2.3818, 13.75798, 7.09048, 
1.78365, 0.62096, 11.16272, -7.97268, -5.67205, -5.98498, -5.6082, 
-5.90636, -6.13159, -5.77323, -4.68492, -5.81163, -5.44996, -5.82969, 
0, 0, 0, 0, 0, 0, 0, 0, 0, 0, 0, 0, 0, 0, 0, 0, 0, 0, 0, 0, 0, 
0, 0.85727, 0.88561, 0.87436, 0.86044, 0.84, 0.86875, 0.85863, 
0.89085, 0.87537, 0.85947, 0.89877, 0.80909, 0.87727, 0.83333, 
0.87418, 0.81905, 0.84333, 0.82926, 0.8219, 0.86422, 0.85947, 
0.88448, 0.0381, 0.0407, 0.0424, 0.0468, 0.0462, 0.0449, 0.0554, 
0.0532, 0.0549, 0.0566, 0.0618, 46.2, 76.5, 77.4, 90, 89.1, 91, 
98.5, 125.5, 109.2, 123.1, 118, 1496, 1878, 396, 239, 15, 27, 
53, 126, 723, 311, 383, 2, 1, 19, 5, 49, 1, 8, 4, 2, 2, 20, 100, 
100, 100, 100, 100, 100, 100, 100, 100, 100, 100, 2500, 2500, 
2500, 2500, 2500, 2500, 2500, 2500, 2500, 2500, 2500, 8466.138, 
8458.507, 8466.289, 8595.152, 8457.66099999999, 8462.36499999999, 
8887.20700000001, 9046.14199999999, 9009.856, 9086.106, 9060.74600000001, 
1, 1, 1, 1, 1, 1, 1, 1, 1, 1, 1, 0.01667, 0.01667, 0.01667, 0.01667, 
0.01667, 0.01667, 0.01667, 0.01667, 0.01667, 0.01667, 0.01667, 
0, 0, 0, 0, 0, 0, 0, 0, 0, 0, 0, 0, 0, 0, 0, 0, 0, 0, 0, 0, 0, 
0, 0.80818, 0.85, 0.83397, 0.82308, 0.7981, 0.79167, 0.83353, 
0.85065, 0.82128, 0.82816, 0.84496, 0.82818, 0.86667, 0.84936, 
0.8456, 0.77714, 0.80458, 0.82885, 0.85686, 0.82563, 0.81816, 
0.83115, 0.0381, 0.0412, 0.0436, 0.0434, 0.0481, 0.0467, 0.0494, 
0.0532, 0.0575, 0.0584, 0.0566, 70.8, 77.3, 82.6, 91, 95.5, 99.7, 
103.5, 109.1, 115.8, 119.8, 129.8, 1, 1, 1, 1, 1, 1, 1, 1, 1, 
1, 1, 1, 1, 1, 1, 1, 1, 1, 1, 1, 1, 1, 1, 1, 1, 1, 1, 1, 1, 1, 
1, 1, 1, 1, 1, 1, 1, 1, 1, 1, 1, 1, 1, 1, 3.394, 3.483, 3.427, 
3.467, 3.411, 3.371, 3.524, 3.616, 3.532, 3.676, 3.599), .Dim = c(11L, 
40L), .Dimnames = list(NULL, c("Sampling", "PSO.cost", "PSO.gamma", 
"PSO.data.balancing", "PSO.feature.selection", "PSO.valid.acc", 
"PSO.test.acc", "PSO.train.time", "PSO.n.support.vectors", "PSO.index", 
"PSO.n.solutions", "PSO.generations", "PSO.n.evaluations", "PSO.cpu.time", 
"RS.cost", "RS.gamma", "RS.data.balancing", "RS.feature.selection", 
"RS.valid.acc", "RS.test.acc", "RS.train.time", "RS.n.support.vectors", 
"RS.index", "RS.n.solutions", "RS.generations", "RS.n.evaluations", 
"RS.cpu.time", "DF.cost", "DF.gamma", "DF.data.balancing", "DF.feature.selection", 
"DF.valid.acc", "DF.test.acc", "DF.train.time", "DF.n.support.vectors", 
"DF.index", "DF.n.solutions", "DF.generations", "DF.n.evaluations", 
"DF.cpu.time")))
