full <-
structure(c(50, 55, 60, 65, 70, 75, 80, 85, 90, 95, 100, 0.11344, 
8.7463, 0.96618, 2.27419, 8.66389, 0.11304, 5.09708, 1.93351, 
2.47647, 15, 10.51179, -6.66628, -3.93883, -5.23043, -6.431, 
-5.03986, -4.96345, -4.88236, -5.7328, -5.97988, -4.95159, -6.4773, 
0, 0, 0, 0, 0, 0, 0, 0, 0, 0, 0, 0, 0, 0, 0, 0, 0, 0, 0, 0, 0, 
0, 0.85545, 0.79015, 0.86259, 0.83667, 0.84, 0.84494, 0.86728, 
0.8902, 0.90815, 0.88105, 0.88976, 0.87364, 0.76288, 0.84027, 
0.82128, 0.80524, 0.81202, 0.82978, 0.86765, 0.88034, 0.87579, 
0.87024, 0.0403, 0.0439, 0.0423, 0.0437, 0.0469, 0.0492, 0.0524, 
0.0496, 0.0556, 0.0597, 0.0619, 64.9, 91.2, 84, 72.9, 98, 109.6, 
113.7, 105.5, 105.2, 129.3, 105.1, 290, 85, 939, 1261, 369, 1176, 
189, 428, 668, 87, 264, 682, 970, 59, 39, 664, 206, 1223, 495, 
369, 1499, 1127, 100, 100, 100, 100, 100, 100, 100, 100, 100, 
100, 100, 2500, 2500, 2500, 2500, 2500, 2500, 2500, 2500, 2500, 
2500, 2500, 7367.089, 7473.609, 7447.431, 7560.944, 7562.834, 
7604.658, 7574.894, 7614.901, 7956.501, 7889.24899999998, 7885.73500000002, 
0.4114, 14.9172, 12.38907, 0.52062, 11.90977, 0.28095, 6.6397, 
1.99574, 4.89133, 13.85466, 8.87879, -7.0682, -3.86838, -5.25127, 
-6.3465, -5.01766, -4.90298, -4.88648, -5.88672, -6.00594, -4.92054, 
-6.38146, 0, 0, 0, 0, 0, 0, 0, 0, 0, 0, 0, 0, 0, 0, 0, 0, 0, 
0, 0, 0, 0, 0, 0.85545, 0.79015, 0.8549, 0.82952, 0.84, 0.8378, 
0.86728, 0.8902, 0.9026, 0.88105, 0.88976, 0.87364, 0.76288, 
0.85705, 0.81414, 0.80524, 0.80577, 0.82978, 0.87288, 0.86923, 
0.87579, 0.87024, 0.0402, 0.0429, 0.0444, 0.044, 0.0475, 0.0497, 
0.0535, 0.0511, 0.0567, 0.0578, 0.062, 62.7, 91.2, 83.3, 82.1, 
98.7, 110.4, 113.6, 102.1, 103.7, 130.6, 108, 772, 274, 6, 275, 
755, 412, 62, 574, 508, 250, 536, 4, 11, 7, 9, 5, 1, 4, 1, 5, 
16, 21, 100, 100, 100, 100, 100, 100, 100, 100, 100, 100, 100, 
2500, 2500, 2500, 2500, 2500, 2500, 2500, 2500, 2500, 2500, 2500, 
7563.598, 7417.878, 7456.87, 7569.673, 7542.022, 7428.659, 7581.428, 
7646.24799999999, 8022.561, 7768.32999999999, 8017.61000000002, 
1, 1, 1, 1, 1, 1, 1, 1, 1, 1, 1, 0.01667, 0.01667, 0.01667, 0.01667, 
0.01667, 0.01667, 0.01667, 0.01667, 0.01667, 0.01667, 0.01667, 
0, 0, 0, 0, 0, 0, 0, 0, 0, 0, 0, 0, 0, 0, 0, 0, 0, 0, 0, 0, 0, 
0, 0.83455, 0.75227, 0.83823, 0.82897, 0.79714, 0.82577, 0.80551, 
0.82712, 0.8367, 0.85526, 0.84167, 0.84455, 0.7447, 0.82296, 
0.8059, 0.78381, 0.79952, 0.79301, 0.82778, 0.84168, 0.85053, 
0.8369, 0.0405, 0.0425, 0.0432, 0.0429, 0.046, 0.0457, 0.0485, 
0.0531, 0.0553, 0.0577, 0.0582, 70.2, 78.2, 82, 85.4, 92.3, 99.4, 
104.5, 109.4, 115.2, 118.8, 130.3, 1, 1, 1, 1, 1, 1, 1, 1, 1, 
1, 1, 1, 1, 1, 1, 1, 1, 1, 1, 1, 1, 1, 1, 1, 1, 1, 1, 1, 1, 1, 
1, 1, 1, 1, 1, 1, 1, 1, 1, 1, 1, 1, 1, 1, 3.074, 3.024, 2.995, 
2.993, 3.063, 2.859, 3, 3.149, 3.23, 3.2, 3.021), .Dim = c(11L, 
40L), .Dimnames = list(NULL, c("Sampling", "PSO.cost", "PSO.gamma", 
"PSO.data.balancing", "PSO.feature.selection", "PSO.valid.acc", 
"PSO.test.acc", "PSO.train.time", "PSO.n.support.vectors", "PSO.index", 
"PSO.n.solutions", "PSO.generations", "PSO.n.evaluations", "PSO.cpu.time", 
"RS.cost", "RS.gamma", "RS.data.balancing", "RS.feature.selection", 
"RS.valid.acc", "RS.test.acc", "RS.train.time", "RS.n.support.vectors", 
"RS.index", "RS.n.solutions", "RS.generations", "RS.n.evaluations", 
"RS.cpu.time", "DF.cost", "DF.gamma", "DF.data.balancing", "DF.feature.selection", 
"DF.valid.acc", "DF.test.acc", "DF.train.time", "DF.n.support.vectors", 
"DF.index", "DF.n.solutions", "DF.generations", "DF.n.evaluations", 
"DF.cpu.time")))
