full <-
structure(c(50, 55, 60, 65, 70, 75, 80, 85, 90, 95, 100, 5.49167, 
13.64387, 0.39627, 0.89191, 4.58686, 1.23987, 13.60019, 6.47129, 
4.94819, 4.77288, 10.07788, -4.61665, -4.90888, -4.70399, -4.64578, 
-5.68067, -5.34148, -5.98338, -5.30405, -5.27604, -5.97435, -6.90286, 
0, 0, 0, 0, 0, 0, 0, 0, 0, 0, 0, 0, 0, 0, 0, 0, 0, 0, 0, 0, 0, 
0, 0.91348, 0.88712, 0.90385, 0.88947, 0.86565, 0.88327, 0.88493, 
0.87386, 0.86316, 0.881, 0.90448, 0.90348, 0.87955, 0.89551, 
0.87527, 0.8728, 0.86952, 0.87243, 0.90915, 0.86345, 0.87048, 
0.86543, 0.042, 0.0427, 0.0424, 0.0448, 0.0474, 0.0513, 0.052, 
0.0552, 0.0603, 0.0615, 0.0603, 77.7, 81.7, 91.3, 98.5, 87.8, 
100.4, 92.3, 111.3, 118.5, 108.3, 96.4, 63, 193, 1147, 226, 147, 
1256, 55, 26, 43, 60, 1161, 1279, 824, 42, 427, 1082, 80, 1356, 
1063, 849, 1327, 1, 100, 100, 100, 100, 100, 100, 100, 100, 100, 
100, 100, 2500, 2500, 2500, 2500, 2500, 2500, 2500, 2500, 2500, 
2500, 2500, 8099.238, 8929.01, 8689.988, 8557.265, 8778.092, 
8442.143, 8571.383, 9080.84299999999, 9117.38399999999, 9223.16500000001, 
9001.62100000001, 14.88926, 11.04086, 0.55273, 10.8894, 8.03031, 
1.1604, 7.8425, 14.40115, 4.23874, 4.05792, 13.30706, -4.40713, 
-4.80696, -5.75147, -4.72865, -5.82653, -5.10572, -5.92228, -5.32068, 
-5.40827, -5.79216, -6.02568, 0, 0, 0, 0, 0, 0, 0, 0, 0, 0, 0, 
0, 0, 0, 0, 0, 0, 0, 0, 0, 0, 0, 0.91348, 0.87879, 0.89615, 0.88233, 
0.86565, 0.87702, 0.88493, 0.87386, 0.86316, 0.881, 0.89948, 
0.8753, 0.87955, 0.88013, 0.87527, 0.88708, 0.88244, 0.87831, 
0.90915, 0.86345, 0.87048, 0.87996, 0.0402, 0.0476, 0.0401, 0.0442, 
0.0475, 0.051, 0.0513, 0.0571, 0.0554, 0.0544, 0.0628, 79.4, 
83.1, 76.9, 96.4, 84.8, 104.7, 93.2, 110.7, 115.1, 111.6, 113.8, 
109, 55, 402, 86, 123, 774, 276, 612, 302, 87, 7, 39, 17, 2, 
23, 19, 1, 13, 10, 31, 26, 92, 100, 100, 100, 100, 100, 100, 
100, 100, 100, 100, 100, 2500, 2500, 2500, 2500, 2500, 2500, 
2500, 2500, 2500, 2500, 2500, 8718.437, 8877.163, 8462.569, 8607.424, 
8474.46500000001, 8417.38499999999, 8909.251, 9067.47600000001, 
9212.01699999999, 9200.399, 9078.94899999999, 1, 1, 1, 1, 1, 
1, 1, 1, 1, 1, 1, 0.01667, 0.01667, 0.01667, 0.01667, 0.01667, 
0.01667, 0.01667, 0.01667, 0.01667, 0.01667, 0.01667, 0, 0, 0, 
0, 0, 0, 0, 0, 0, 0, 0, 0, 0, 0, 0, 0, 0, 0, 0, 0, 0, 0, 0.89182, 
0.84394, 0.84744, 0.84615, 0.80321, 0.79952, 0.84816, 0.82255, 
0.81901, 0.85447, 0.86545, 0.88091, 0.87955, 0.88782, 0.83077, 
0.8394, 0.82536, 0.84154, 0.84542, 0.82485, 0.83919, 0.85593, 
0.0418, 0.0423, 0.0429, 0.046, 0.0465, 0.049, 0.0508, 0.056, 
0.0537, 0.0585, 0.0597, 67.2, 74.7, 80, 86.4, 92.7, 98.5, 104.3, 
111.8, 115.6, 120.7, 131, 1, 1, 1, 1, 1, 1, 1, 1, 1, 1, 1, 1, 
1, 1, 1, 1, 1, 1, 1, 1, 1, 1, 1, 1, 1, 1, 1, 1, 1, 1, 1, 1, 1, 
1, 1, 1, 1, 1, 1, 1, 1, 1, 1, 1, 3.54, 3.45, 3.379, 3.5, 3.345, 
3.313, 3.612, 3.652, 3.664, 3.658, 3.514), .Dim = c(11L, 40L), .Dimnames = list(
    NULL, c("Sampling", "PSO.cost", "PSO.gamma", "PSO.data.balancing", 
    "PSO.feature.selection", "PSO.valid.acc", "PSO.test.acc", 
    "PSO.train.time", "PSO.n.support.vectors", "PSO.index", "PSO.n.solutions", 
    "PSO.generations", "PSO.n.evaluations", "PSO.cpu.time", "RS.cost", 
    "RS.gamma", "RS.data.balancing", "RS.feature.selection", 
    "RS.valid.acc", "RS.test.acc", "RS.train.time", "RS.n.support.vectors", 
    "RS.index", "RS.n.solutions", "RS.generations", "RS.n.evaluations", 
    "RS.cpu.time", "DF.cost", "DF.gamma", "DF.data.balancing", 
    "DF.feature.selection", "DF.valid.acc", "DF.test.acc", "DF.train.time", 
    "DF.n.support.vectors", "DF.index", "DF.n.solutions", "DF.generations", 
    "DF.n.evaluations", "DF.cpu.time")))
