full <-
structure(c(50, 55, 60, 65, 70, 75, 80, 85, 90, 95, 100, 1.63957, 
13.45747, 2.14745, 8.45792, 2.53062, 3.43951, 4.05747, 4.70932, 
12.54641, 11.98999, 15, -5.98904, -6.61105, -5.8121, -12.12107, 
-5.94703, -6.8474, -5.07954, -4.34568, -6.92905, -6.08347, -5.24259, 
0, 0, 0, 0, 0, 0, 0, 0, 0, 0, 0, 0, 0, 0, 0, 0, 0, 0, 0, 0, 0, 
0, 0.86545, 0.8347, 0.83141, 0.83681, 0.84048, 0.85625, 0.8414, 
0.87549, 0.86813, 0.87079, 0.88548, 0.84727, 0.77409, 0.80769, 
0.77692, 0.82571, 0.84292, 0.83483, 0.84118, 0.84678, 0.85026, 
0.87071, 0.0418, 0.0393, 0.0403, 0.0451, 0.0446, 0.0459, 0.0547, 
0.0581, 0.0535, 0.0584, 0.0649, 64.1, 60.5, 77.5, 53.6, 87.5, 
78.6, 114.1, 131.9, 86.1, 107.7, 133.3, 927, 34, 322, 1956, 80, 
701, 119, 70, 85, 16, 79, 74, 1490, 266, 4, 99, 607, 1195, 671, 
1244, 526, 1022, 100, 100, 100, 100, 100, 100, 100, 100, 100, 
100, 100, 2500, 2500, 2500, 2500, 2500, 2500, 2500, 2500, 2500, 
2500, 2500, 8379.381, 8909.972, 8657.354, 8557.92099999999, 8752.86500000001, 
8792.73, 8723.72899999999, 9146.76100000001, 9091.641, 9085.96600000001, 
9333.052, 1.6005, 5.27455, 1.45797, 9.66235, 2.11755, 2.23331, 
4.4802, 12.42613, 13.88689, 7.18768, 12.94407, -5.96934, -6.69223, 
-5.67908, -13.32844, -5.60595, -6.35443, -5.06217, -4.34354, 
-6.85335, -5.3952, -5.19829, 0, 0, 0, 0, 0, 0, 0, 0, 0, 0, 0, 
0, 0, 0, 0, 0, 0, 0, 0, 0, 0, 0, 0.86545, 0.8347, 0.83141, 0.82912, 
0.84, 0.84917, 0.8414, 0.87549, 0.86813, 0.87079, 0.88548, 0.84727, 
0.77409, 0.80769, 0.77747, 0.80476, 0.8425, 0.83483, 0.84118, 
0.84678, 0.85526, 0.87548, 0.0384, 0.0391, 0.0426, 0.0404, 0.0491, 
0.0481, 0.0532, 0.0562, 0.0551, 0.0629, 0.0622, 64.2, 59.3, 80.1, 
53.6, 92.7, 86.1, 114.5, 131.9, 87.9, 121.9, 135.2, 16, 226, 
878, 448, 1550, 597, 130, 647, 437, 8, 26, 2, 32, 1, 4, 2, 1, 
2, 2, 28, 37, 63, 100, 100, 100, 100, 100, 100, 100, 100, 100, 
100, 100, 2500, 2500, 2500, 2500, 2500, 2500, 2500, 2500, 2500, 
2500, 2500, 8805.594, 8744.886, 8514.90100000001, 8767.138, 8800.171, 
8774.255, 8928.64899999999, 9108.69, 9039.05000000002, 9170.34699999998, 
9182.989, 1, 1, 1, 1, 1, 1, 1, 1, 1, 1, 1, 0.01667, 0.01667, 
0.01667, 0.01667, 0.01667, 0.01667, 0.01667, 0.01667, 0.01667, 
0.01667, 0.01667, 0, 0, 0, 0, 0, 0, 0, 0, 0, 0, 0, 0, 0, 0, 0, 
0, 0, 0, 0, 0, 0, 0, 0.83455, 0.80818, 0.79038, 0.78352, 0.78429, 
0.76583, 0.78652, 0.84118, 0.82982, 0.84, 0.84714, 0.81727, 0.83227, 
0.75962, 0.80659, 0.81905, 0.75292, 0.7936, 0.82908, 0.83567, 
0.83921, 0.83214, 0.0414, 0.0428, 0.0446, 0.0468, 0.0482, 0.0496, 
0.0522, 0.0536, 0.0577, 0.0584, 0.0627, 69.7, 78.3, 82.3, 90.1, 
96.4, 102.1, 107.2, 111.8, 117.7, 122.1, 129.7, 1, 1, 1, 1, 1, 
1, 1, 1, 1, 1, 1, 1, 1, 1, 1, 1, 1, 1, 1, 1, 1, 1, 1, 1, 1, 1, 
1, 1, 1, 1, 1, 1, 1, 1, 1, 1, 1, 1, 1, 1, 1, 1, 1, 1, 3.561, 
3.487, 3.395, 3.497, 3.477, 3.466, 3.573, 3.658, 3.63, 3.687, 
3.624), .Dim = c(11L, 40L), .Dimnames = list(NULL, c("Sampling", 
"PSO.cost", "PSO.gamma", "PSO.data.balancing", "PSO.feature.selection", 
"PSO.valid.acc", "PSO.test.acc", "PSO.train.time", "PSO.n.support.vectors", 
"PSO.index", "PSO.n.solutions", "PSO.generations", "PSO.n.evaluations", 
"PSO.cpu.time", "RS.cost", "RS.gamma", "RS.data.balancing", "RS.feature.selection", 
"RS.valid.acc", "RS.test.acc", "RS.train.time", "RS.n.support.vectors", 
"RS.index", "RS.n.solutions", "RS.generations", "RS.n.evaluations", 
"RS.cpu.time", "DF.cost", "DF.gamma", "DF.data.balancing", "DF.feature.selection", 
"DF.valid.acc", "DF.test.acc", "DF.train.time", "DF.n.support.vectors", 
"DF.index", "DF.n.solutions", "DF.generations", "DF.n.evaluations", 
"DF.cpu.time")))
