full <-
structure(c(50, 55, 60, 65, 70, 75, 80, 85, 90, 95, 100, -0.41431, 
0.82282, 6.89599, 12.21295, 1.13261, 8.93625, 3.13181, 13.22368, 
1.74183, 2.3855, 9.05284, -5.63317, -5.33399, -5.41202, -5.21396, 
-5.3268, -5.16983, -6.02788, -5.24805, -5.62453, -6.06556, -5.78784, 
0, 0, 0, 0, 0, 0, 0, 0, 0, 0, 0, 0, 0, 0, 0, 0, 0, 0, 0, 0, 0, 
0, 0.82515, 0.86894, 0.84679, 0.86538, 0.847, 0.85583, 0.87154, 
0.87941, 0.88615, 0.85447, 0.8842, 0.7147, 0.85985, 0.82179, 
0.84286, 0.81733, 0.82958, 0.85238, 0.85654, 0.87004, 0.87553, 
0.86537, 0.0423, 0.0422, 0.0452, 0.0483, 0.0467, 0.0519, 0.0481, 
0.0557, 0.0527, 0.0557, 0.064, 78.4, 82, 84.9, 92.7, 96.7, 104.2, 
95.5, 114.2, 113.3, 107.6, 119, 1688, 613, 119, 236, 127, 33, 
63, 18, 469, 2410, 3, 7, 287, 965, 1246, 474, 1226, 807, 1618, 
81, 1, 1219, 100, 100, 100, 100, 100, 100, 100, 100, 100, 100, 
100, 2500, 2500, 2500, 2500, 2500, 2500, 2500, 2500, 2500, 2500, 
2500, 8372.505, 8990.518, 8656.039, 8490.28, 8712.522, 8449.117, 
8556.06899999999, 9092.46999999999, 9187.304, 9057.68599999999, 
9311.18299999999, 0.83341, 0.98011, 1.3172, 14.03021, 1.64454, 
2.64726, 2.46824, 5.53955, 14.98062, 2.41558, 2.99136, -5.12023, 
-5.57672, -5.44116, -5.21323, -5.70794, -5.28272, -6.89779, -5.20122, 
-5.36801, -6.06442, -5.74056, 0, 0, 0, 0, 0, 0, 0, 0, 0, 0, 0, 
0, 0, 0, 0, 0, 0, 0, 0, 0, 0, 0, 0.80788, 0.85227, 0.85449, 0.86538, 
0.847, 0.85583, 0.8727, 0.87941, 0.88089, 0.85447, 0.8842, 0.75303, 
0.85985, 0.83782, 0.84286, 0.82399, 0.82958, 0.84061, 0.86209, 
0.8753, 0.87553, 0.86061, 0.0425, 0.0431, 0.0442, 0.0459, 0.0473, 
0.0502, 0.0493, 0.0575, 0.0585, 0.0548, 0.0631, 79, 79.5, 85.8, 
92.7, 91.6, 102, 84.4, 115.3, 118, 107.7, 121.5, 1452, 932, 533, 
180, 118, 164, 2458, 41, 239, 2348, 39, 1, 1, 2, 13, 5, 19, 1, 
50, 8, 1, 14, 100, 100, 100, 100, 100, 100, 100, 100, 100, 100, 
100, 2500, 2500, 2500, 2500, 2500, 2500, 2500, 2500, 2500, 2500, 
2500, 8777.399, 8734.668, 8478.47500000001, 8659.884, 8414.43400000001, 
8448.289, 8946.91499999999, 9061.73699999999, 9043.753, 9135.88200000001, 
9220.02399999998, 1, 1, 1, 1, 1, 1, 1, 1, 1, 1, 1, 0.01667, 0.01667, 
0.01667, 0.01667, 0.01667, 0.01667, 0.01667, 0.01667, 0.01667, 
0.01667, 0.01667, 0, 0, 0, 0, 0, 0, 0, 0, 0, 0, 0, 0, 0, 0, 0, 
0, 0, 0, 0, 0, 0, 0, 0.78788, 0.80758, 0.81218, 0.84286, 0.81176, 
0.80333, 0.7925, 0.85, 0.82709, 0.80316, 0.84563, 0.73303, 0.84167, 
0.80513, 0.85824, 0.78923, 0.78333, 0.81015, 0.83824, 0.84438, 
0.80842, 0.82613, 0.0415, 0.0393, 0.0431, 0.0454, 0.0467, 0.0495, 
0.0504, 0.0524, 0.0553, 0.0583, 0.057, 75.9, 81.1, 86.4, 92.3, 
96.3, 102.1, 107.9, 112.9, 116.2, 122.6, 130.7, 1, 1, 1, 1, 1, 
1, 1, 1, 1, 1, 1, 1, 1, 1, 1, 1, 1, 1, 1, 1, 1, 1, 1, 1, 1, 1, 
1, 1, 1, 1, 1, 1, 1, 1, 1, 1, 1, 1, 1, 1, 1, 1, 1, 1, 3.463, 
3.579, 3.401, 3.52, 3.363, 3.437, 3.597, 3.619, 3.667, 3.658, 
3.598), .Dim = c(11L, 40L), .Dimnames = list(NULL, c("Sampling", 
"PSO.cost", "PSO.gamma", "PSO.data.balancing", "PSO.feature.selection", 
"PSO.valid.acc", "PSO.test.acc", "PSO.train.time", "PSO.n.support.vectors", 
"PSO.index", "PSO.n.solutions", "PSO.generations", "PSO.n.evaluations", 
"PSO.cpu.time", "RS.cost", "RS.gamma", "RS.data.balancing", "RS.feature.selection", 
"RS.valid.acc", "RS.test.acc", "RS.train.time", "RS.n.support.vectors", 
"RS.index", "RS.n.solutions", "RS.generations", "RS.n.evaluations", 
"RS.cpu.time", "DF.cost", "DF.gamma", "DF.data.balancing", "DF.feature.selection", 
"DF.valid.acc", "DF.test.acc", "DF.train.time", "DF.n.support.vectors", 
"DF.index", "DF.n.solutions", "DF.generations", "DF.n.evaluations", 
"DF.cpu.time")))
