full <-
structure(c(50, 55, 60, 65, 70, 75, 80, 85, 90, 95, 100, 4.92555, 
9.44437, 6.09651, 7.21883, 1.96733, 4.86976, 0.43731, 8.74756, 
2.15087, 1.05392, 15, -5.56883, -5.1649, -4.79437, -5.82657, 
-6.54076, -7.84185, -4.48865, -6.06362, -5.38486, -5.5677, -5.06159, 
0, 0, 0, 0, 0, 0, 0, 0, 0, 0, 0, 0, 0, 0, 0, 0, 0, 0, 0, 0, 0, 
0, 0.85606, 0.86113, 0.83782, 0.86484, 0.90081, 0.87272, 0.88961, 
0.86912, 0.89649, 0.88632, 0.88905, 0.80773, 0.82552, 0.81218, 
0.85, 0.85835, 0.83314, 0.87123, 0.84624, 0.87047, 0.87605, 0.86952, 
0.0435, 0.041, 0.0441, 0.0442, 0.0466, 0.0463, 0.0522, 0.0584, 
0.0584, 0.0607, 0.0642, 73.9, 82.3, 93.5, 87, 83.5, 67.7, 124, 
100.7, 120.5, 120.5, 137.4, 76, 76, 43, 13, 872, 1712, 323, 40, 
596, 698, 66, 1032, 1328, 760, 1001, 78, 146, 275, 1259, 100, 
564, 1260, 100, 100, 100, 100, 100, 100, 100, 100, 100, 100, 
100, 2500, 2500, 2500, 2500, 2500, 2500, 2500, 2500, 2500, 2500, 
2500, 8494.091, 8875.533, 8480.709, 8607.47300000001, 8724.69, 
8768.595, 8746.792, 9078.17499999999, 9163.592, 9258.40400000001, 
9395.21699999998, 3.21533, 12.48153, 0.58686, 4.50937, 2.63299, 
4.61198, 3.55124, 13.0296, 1.35456, 1.22417, 10.79974, -5.6265, 
-5.23301, -4.96653, -5.85521, -6.35304, -7.57285, -4.36805, -6.20814, 
-5.38465, -5.91949, -5.03831, 0, 0, 0, 0, 0, 0, 0, 0, 0, 0, 0, 
0, 0, 0, 0, 0, 0, 0, 0, 0, 0, 0, 0.85606, 0.86113, 0.83782, 0.86484, 
0.89366, 0.86605, 0.88336, 0.86912, 0.89123, 0.88105, 0.88905, 
0.80773, 0.82552, 0.81154, 0.85, 0.87883, 0.8398, 0.86498, 0.8518, 
0.88158, 0.88632, 0.86452, 0.0396, 0.043, 0.0461, 0.0442, 0.046, 
0.0461, 0.0525, 0.0551, 0.0579, 0.0588, 0.0656, 73.5, 81.7, 92.6, 
86.6, 85.4, 69.7, 125.9, 97.5, 120.9, 114.8, 137.9, 54, 81, 675, 
171, 1289, 962, 100, 80, 828, 866, 191, 13, 60, 3, 11, 1, 1, 
11, 22, 2, 5, 3, 100, 100, 100, 100, 100, 100, 100, 100, 100, 
100, 100, 2500, 2500, 2500, 2500, 2500, 2500, 2500, 2500, 2500, 
2500, 2500, 8816.505, 8354.47, 8533.378, 8730.77299999999, 8800.62700000001, 
8767.96000000001, 8927.246, 9044.98499999999, 9221.33600000001, 
9213.405, 8980.98699999999, 1, 1, 1, 1, 1, 1, 1, 1, 1, 1, 1, 
0.01667, 0.01667, 0.01667, 0.01667, 0.01667, 0.01667, 0.01667, 
0.01667, 0.01667, 0.01667, 0.01667, 0, 0, 0, 0, 0, 0, 0, 0, 0, 
0, 0, 0, 0, 0, 0, 0, 0, 0, 0, 0, 0, 0, 0.76955, 0.76329, 0.76346, 
0.7978, 0.83897, 0.79429, 0.8102, 0.78897, 0.83187, 0.81868, 
0.83139, 0.76121, 0.79056, 0.74615, 0.80604, 0.81081, 0.78846, 
0.80395, 0.81258, 0.83684, 0.81895, 0.81208, 0.0383, 0.0402, 
0.0409, 0.0443, 0.0442, 0.0479, 0.0517, 0.0549, 0.0564, 0.0571, 
0.0601, 74.4, 79.1, 86.9, 92.9, 99, 103.4, 107.7, 113.5, 120.6, 
123, 129.9, 1, 1, 1, 1, 1, 1, 1, 1, 1, 1, 1, 1, 1, 1, 1, 1, 1, 
1, 1, 1, 1, 1, 1, 1, 1, 1, 1, 1, 1, 1, 1, 1, 1, 1, 1, 1, 1, 1, 
1, 1, 1, 1, 1, 1, 3.486, 3.331, 3.414, 3.505, 3.521, 3.468, 3.657, 
3.595, 3.664, 3.668, 3.554), .Dim = c(11L, 40L), .Dimnames = list(
    NULL, c("Sampling", "PSO.cost", "PSO.gamma", "PSO.data.balancing", 
    "PSO.feature.selection", "PSO.valid.acc", "PSO.test.acc", 
    "PSO.train.time", "PSO.n.support.vectors", "PSO.index", "PSO.n.solutions", 
    "PSO.generations", "PSO.n.evaluations", "PSO.cpu.time", "RS.cost", 
    "RS.gamma", "RS.data.balancing", "RS.feature.selection", 
    "RS.valid.acc", "RS.test.acc", "RS.train.time", "RS.n.support.vectors", 
    "RS.index", "RS.n.solutions", "RS.generations", "RS.n.evaluations", 
    "RS.cpu.time", "DF.cost", "DF.gamma", "DF.data.balancing", 
    "DF.feature.selection", "DF.valid.acc", "DF.test.acc", "DF.train.time", 
    "DF.n.support.vectors", "DF.index", "DF.n.solutions", "DF.generations", 
    "DF.n.evaluations", "DF.cpu.time")))
