full <-
structure(c(50, 55, 60, 65, 70, 75, 80, 85, 90, 95, 100, 3.11769, 
10.32722, 11.34664, 6.76632, 4.04839, 8.03647, 8.63232, 1.78684, 
1.22362, 11.11574, 2.91595, -5.73301, -5.54342, -8.10777, -4.48112, 
-5.42312, -4.79443, -6.37985, -5.69662, -4.78201, -5.63015, -6.5418, 
0, 0, 0, 0, 0, 0, 0, 0, 0, 0, 0, 0, 0, 0, 0, 0, 0, 0, 0, 0, 0, 
0, 0.88192, 0.89545, 0.84924, 0.87967, 0.90945, 0.88792, 0.90027, 
0.89673, 0.89112, 0.90132, 0.89379, 0.85485, 0.86894, 0.82348, 
0.85659, 0.86755, 0.87542, 0.89439, 0.88464, 0.86981, 0.89632, 
0.88379, 0.0412, 0.0421, 0.0421, 0.0466, 0.045, 0.0537, 0.0544, 
0.0576, 0.063, 0.0619, 0.0634, 66, 74.3, 54.5, 99.5, 95.1, 109.9, 
91.1, 108.3, 131.8, 117.3, 104.3, 13, 16, 173, 39, 151, 173, 
338, 1190, 592, 196, 51, 1391, 1688, 1351, 903, 1182, 750, 240, 
85, 518, 1052, 274, 100, 100, 100, 100, 100, 100, 100, 100, 100, 
100, 100, 2500, 2500, 2500, 2500, 2500, 2500, 2500, 2500, 2500, 
2500, 2500, 7565.082, 7541.251, 7723.922, 7490.302, 7713.732, 
9885.613, 9893.49900000001, 9911.75999999999, 10030.135, 10140.422, 
10097.877, 5.33691, 10.90871, 9.82926, 3.85318, 10.23921, 8.01511, 
11.41393, 1.6643, 0.76541, 4.42778, 3.08028, -5.7738, -5.55598, 
-8.01955, -4.43562, -5.45855, -4.79676, -6.37308, -5.64587, -4.81966, 
-5.65977, -6.60455, 0, 0, 0, 0, 0, 0, 0, 0, 0, 0, 0, 0, 0, 0, 
0, 0, 0, 0, 0, 0, 0, 0, 0.88192, 0.89545, 0.84924, 0.87967, 0.90945, 
0.88792, 0.90027, 0.89673, 0.89112, 0.90132, 0.88879, 0.86394, 
0.86894, 0.82348, 0.85659, 0.86755, 0.87542, 0.89439, 0.88464, 
0.86981, 0.89632, 0.88355, 0.037, 0.0409, 0.0382, 0.0434, 0.0471, 
0.0533, 0.0539, 0.058, 0.0624, 0.0624, 0.0634, 65.2, 74.2, 55.1, 
100.3, 94.7, 109.9, 91.3, 109.4, 131.7, 116.6, 103.2, 1, 30, 
303, 1198, 829, 310, 248, 1130, 1881, 159, 1147, 32, 68, 24, 
6, 5, 7, 4, 1, 1, 9, 2, 100, 100, 100, 100, 100, 100, 100, 100, 
100, 100, 100, 2500, 2500, 2500, 2500, 2500, 2500, 2500, 2500, 
2500, 2500, 2500, 7472.899, 7571.052, 7555.809, 7439.752, 7974.092, 
9858.46000000001, 9848.673, 9938.05299999999, 10110.667, 10131.183, 
10193.205, 1, 1, 1, 1, 1, 1, 1, 1, 1, 1, 1, 0.01667, 0.01667, 
0.01667, 0.01667, 0.01667, 0.01667, 0.01667, 0.01667, 0.01667, 
0.01667, 0.01667, 0, 0, 0, 0, 0, 0, 0, 0, 0, 0, 0, 0, 0, 0, 0, 
0, 0, 0, 0, 0, 0, 0, 0.84283, 0.84167, 0.81515, 0.82033, 0.83374, 
0.85542, 0.82743, 0.83235, 0.8488, 0.85974, 0.85089, 0.82374, 
0.83258, 0.81515, 0.81978, 0.79223, 0.8425, 0.82191, 0.8219, 
0.85936, 0.84947, 0.85519, 0.0409, 0.0416, 0.04, 0.0454, 0.05, 
0.0525, 0.0538, 0.0571, 0.059, 0.061, 0.0648, 68.4, 74.3, 80.5, 
87.6, 94, 101, 106.2, 113.2, 117.7, 120.7, 129.2, 1, 1, 1, 1, 
1, 1, 1, 1, 1, 1, 1, 1, 1, 1, 1, 1, 1, 1, 1, 1, 1, 1, 1, 1, 1, 
1, 1, 1, 1, 1, 1, 1, 1, 1, 1, 1, 1, 1, 1, 1, 1, 1, 1, 1, 3.088, 
3.101, 2.861, 3.099, 3.919, 3.952, 3.945, 3.934, 4.036, 4.024, 
4.06), .Dim = c(11L, 40L), .Dimnames = list(NULL, c("Sampling", 
"PSO.cost", "PSO.gamma", "PSO.data.balancing", "PSO.feature.selection", 
"PSO.valid.acc", "PSO.test.acc", "PSO.train.time", "PSO.n.support.vectors", 
"PSO.index", "PSO.n.solutions", "PSO.generations", "PSO.n.evaluations", 
"PSO.cpu.time", "RS.cost", "RS.gamma", "RS.data.balancing", "RS.feature.selection", 
"RS.valid.acc", "RS.test.acc", "RS.train.time", "RS.n.support.vectors", 
"RS.index", "RS.n.solutions", "RS.generations", "RS.n.evaluations", 
"RS.cpu.time", "DF.cost", "DF.gamma", "DF.data.balancing", "DF.feature.selection", 
"DF.valid.acc", "DF.test.acc", "DF.train.time", "DF.n.support.vectors", 
"DF.index", "DF.n.solutions", "DF.generations", "DF.n.evaluations", 
"DF.cpu.time")))
