full <-
structure(c(50, 55, 60, 65, 70, 75, 80, 85, 90, 95, 100, 2.37587, 
4.119, 2.33924, 2.8315, 8.75297, 2.35167, 4.67144, 4.88683, 2.43564, 
2.02278, 10.38835, -6.63265, -5.4636, -5.27261, -6.11941, -4.98878, 
-5.95698, -7.1793, -5.34596, -5.85109, -5.53624, -5.83036, 0, 
0, 0, 0, 0, 0, 0, 0, 0, 0, 0, 0, 0, 0, 0, 0, 0, 0, 0, 0, 0, 0, 
0.83091, 0.83019, 0.88607, 0.84148, 0.84326, 0.85786, 0.85772, 
0.86254, 0.87018, 0.88152, 0.8847, 0.78909, 0.80659, 0.82879, 
0.83434, 0.84795, 0.85792, 0.82757, 0.83476, 0.84971, 0.87652, 
0.8797, 0.0389, 0.0421, 0.0438, 0.0422, 0.0486, 0.0506, 0.0487, 
0.0547, 0.0571, 0.0561, 0.0654, 59.8, 77.5, 86.3, 77.6, 100.9, 
89.2, 75.4, 113.2, 106.9, 119.4, 117.7, 333, 93, 214, 45, 17, 
1607, 928, 36, 744, 972, 28, 725, 990, 898, 174, 1358, 32, 40, 
1449, 92, 195, 1455, 100, 100, 100, 100, 100, 100, 100, 100, 
100, 100, 100, 2500, 2500, 2500, 2500, 2500, 2500, 2500, 2500, 
2500, 2500, 2500, 8322.586, 8428.148, 8677.444, 8496.795, 8756.072, 
8447.11599999999, 8543.258, 9013.493, 9067.65900000001, 9236.092, 
9018.935, 0.53109, 7.55373, 9.44294, 5.47777, 6.43978, 2.16193, 
14.73435, 5.79181, 2.30721, 1.82896, 6.97412, -6.879, -5.38239, 
-5.27742, -6.26881, -5.01315, -5.89322, -7.23329, -5.39953, -5.76523, 
-5.56226, -6.00451, 0, 0, 0, 0, 0, 0, 0, 0, 0, 0, 0, 0, 0, 0, 
0, 0, 0, 0, 0, 0, 0, 0, 0.83091, 0.83019, 0.88607, 0.84148, 0.84326, 
0.85786, 0.85184, 0.86254, 0.86491, 0.88152, 0.8847, 0.78182, 
0.80659, 0.8211, 0.83434, 0.85509, 0.85077, 0.82757, 0.84065, 
0.84971, 0.87652, 0.87994, 0.046, 0.0434, 0.0452, 0.0463, 0.0476, 
0.046, 0.0468, 0.0528, 0.053, 0.0595, 0.0623, 65.3, 78.7, 86.1, 
75.2, 100.5, 89.9, 74.9, 111.8, 108.7, 119.3, 114, 632, 1, 41, 
477, 44, 382, 167, 209, 967, 924, 83, 1, 20, 4, 24, 29, 2, 21, 
10, 1, 1, 82, 100, 100, 100, 100, 100, 100, 100, 100, 100, 100, 
100, 2500, 2500, 2500, 2500, 2500, 2500, 2500, 2500, 2500, 2500, 
2500, 8429.118, 8711.528, 8457.473, 8620.50000000001, 8410.11500000001, 
8462.383, 8918.489, 9005.113, 9196.73500000002, 9180.04399999999, 
8980.82800000001, 1, 1, 1, 1, 1, 1, 1, 1, 1, 1, 1, 0.01667, 0.01667, 
0.01667, 0.01667, 0.01667, 0.01667, 0.01667, 0.01667, 0.01667, 
0.01667, 0.01667, 0, 0, 0, 0, 0, 0, 0, 0, 0, 0, 0, 0, 0, 0, 0, 
0, 0, 0, 0, 0, 0, 0, 0.79091, 0.77995, 0.79598, 0.77445, 0.78645, 
0.79238, 0.80331, 0.82296, 0.7886, 0.85129, 0.83658, 0.81, 0.77098, 
0.78124, 0.75962, 0.83469, 0.79863, 0.80257, 0.80629, 0.79474, 
0.8402, 0.83206, 0.0387, 0.042, 0.0423, 0.0448, 0.048, 0.0493, 
0.0498, 0.0504, 0.0555, 0.059, 0.063, 69.8, 76.7, 80.8, 87.2, 
91.4, 96.3, 101.8, 109.6, 114.4, 122.9, 129.7, 1, 1, 1, 1, 1, 
1, 1, 1, 1, 1, 1, 1, 1, 1, 1, 1, 1, 1, 1, 1, 1, 1, 1, 1, 1, 1, 
1, 1, 1, 1, 1, 1, 1, 1, 1, 1, 1, 1, 1, 1, 1, 1, 1, 1, 3.436, 
3.501, 3.402, 3.447, 3.391, 3.373, 3.591, 3.538, 3.635, 3.581, 
3.511), .Dim = c(11L, 40L), .Dimnames = list(NULL, c("Sampling", 
"PSO.cost", "PSO.gamma", "PSO.data.balancing", "PSO.feature.selection", 
"PSO.valid.acc", "PSO.test.acc", "PSO.train.time", "PSO.n.support.vectors", 
"PSO.index", "PSO.n.solutions", "PSO.generations", "PSO.n.evaluations", 
"PSO.cpu.time", "RS.cost", "RS.gamma", "RS.data.balancing", "RS.feature.selection", 
"RS.valid.acc", "RS.test.acc", "RS.train.time", "RS.n.support.vectors", 
"RS.index", "RS.n.solutions", "RS.generations", "RS.n.evaluations", 
"RS.cpu.time", "DF.cost", "DF.gamma", "DF.data.balancing", "DF.feature.selection", 
"DF.valid.acc", "DF.test.acc", "DF.train.time", "DF.n.support.vectors", 
"DF.index", "DF.n.solutions", "DF.generations", "DF.n.evaluations", 
"DF.cpu.time")))
