full <-
structure(c(50, 55, 60, 65, 70, 75, 80, 85, 90, 95, 100, 2.23224, 
2.2493, 11.96281, 0.48105, 12.69482, 7.24123, 9.96452, 2.83242, 
5.84859, 3.27094, 1.61284, -6.10933, -4.82885, -4.6375, -5.05755, 
-5.84648, -5.68315, -5.83731, -5.01556, -5.86228, -5.37923, -5.67539, 
0, 0, 0, 0, 0, 0, 0, 0, 0, 0, 0, 0, 0, 0, 0, 0, 0, 0, 0, 0, 0, 
0, 0.85505, 0.85985, 0.83106, 0.87308, 0.8619, 0.90208, 0.86471, 
0.87888, 0.90234, 0.87105, 0.88424, 0.81778, 0.83258, 0.83724, 
0.85, 0.84667, 0.85667, 0.86434, 0.8681, 0.88626, 0.85, 0.86496, 
0.0383, 0.0425, 0.0449, 0.0455, 0.0457, 0.0457, 0.0479, 0.0543, 
0.0554, 0.0571, 0.0611, 65.6, 87.2, 94.6, 97.4, 87.4, 95.7, 97, 
120.8, 105.7, 121.7, 123.6, 711, 109, 671, 143, 8, 163, 128, 
13, 906, 80, 1296, 313, 1038, 114, 138, 1134, 1008, 752, 746, 
118, 904, 87, 100, 100, 100, 100, 100, 100, 100, 100, 100, 100, 
100, 2500, 2500, 2500, 2500, 2500, 2500, 2500, 2500, 2500, 2500, 
2500, 7502.824, 7132.031, 7469.04, 7427.277, 7337.638, 7125.17, 
7539.106, 7576.272, 7652.749, 7803.56899999999, 7720.99100000001, 
2.09887, 3.83856, 12.47277, 1.57915, 8.64673, 4.96603, 13.70356, 
13.88439, 1.87058, 4.16843, 1.9858, -6.16663, -4.84167, -4.63548, 
-5.23965, -5.79968, -5.65695, -5.82871, -5.0158, -5.86867, -5.33961, 
-5.66502, 0, 0, 0, 0, 0, 0, 0, 0, 0, 0, 0, 0, 0, 0, 0, 0, 0, 
0, 0, 0, 0, 0, 0.85505, 0.85985, 0.83106, 0.86538, 0.8619, 0.90208, 
0.86471, 0.87888, 0.90234, 0.87105, 0.87948, 0.81778, 0.83258, 
0.83724, 0.86538, 0.84667, 0.85667, 0.86434, 0.8681, 0.89152, 
0.84474, 0.86926, 0.0395, 0.0398, 0.044, 0.0426, 0.043, 0.0462, 
0.0508, 0.0533, 0.0519, 0.0598, 0.0608, 65.5, 86.9, 94.6, 95.1, 
88.5, 96, 97.1, 120.7, 106.1, 122.8, 123.6, 1042, 591, 2390, 
421, 16, 367, 258, 152, 1828, 115, 833, 5, 2, 1, 3, 49, 11, 6, 
4, 1, 4, 2, 100, 100, 100, 100, 100, 100, 100, 100, 100, 100, 
100, 2500, 2500, 2500, 2500, 2500, 2500, 2500, 2500, 2500, 2500, 
2500, 7563.269, 7050.218, 7502.035, 7369.037, 7249.175, 7310.80100000001, 
7553.31299999999, 7485.523, 7714.304, 7676.212, 7753.06200000001, 
1, 1, 1, 1, 1, 1, 1, 1, 1, 1, 1, 0.01667, 0.01667, 0.01667, 0.01667, 
0.01667, 0.01667, 0.01667, 0.01667, 0.01667, 0.01667, 0.01667, 
0, 0, 0, 0, 0, 0, 0, 0, 0, 0, 0, 0, 0, 0, 0, 0, 0, 0, 0, 0, 0, 
0, 0.77646, 0.77197, 0.7507, 0.85, 0.80619, 0.81125, 0.82721, 
0.8393, 0.86462, 0.84974, 0.84043, 0.7299, 0.75455, 0.77162, 
0.82033, 0.79952, 0.81125, 0.82721, 0.86258, 0.86491, 0.82395, 
0.82617, 0.0394, 0.0405, 0.0422, 0.0438, 0.0436, 0.0474, 0.0498, 
0.0502, 0.0527, 0.0569, 0.06, 73.8, 80.3, 84.8, 90.8, 95.6, 100.5, 
105.1, 111, 116.7, 122.2, 129.3, 1, 1, 1, 1, 1, 1, 1, 1, 1, 1, 
1, 1, 1, 1, 1, 1, 1, 1, 1, 1, 1, 1, 1, 1, 1, 1, 1, 1, 1, 1, 1, 
1, 1, 1, 1, 1, 1, 1, 1, 1, 1, 1, 1, 1, 2.983, 3.056, 2.901, 2.918, 
2.826, 2.949, 2.991, 2.909, 2.96, 3.134, 3.071), .Dim = c(11L, 
40L), .Dimnames = list(NULL, c("Sampling", "PSO.cost", "PSO.gamma", 
"PSO.data.balancing", "PSO.feature.selection", "PSO.valid.acc", 
"PSO.test.acc", "PSO.train.time", "PSO.n.support.vectors", "PSO.index", 
"PSO.n.solutions", "PSO.generations", "PSO.n.evaluations", "PSO.cpu.time", 
"RS.cost", "RS.gamma", "RS.data.balancing", "RS.feature.selection", 
"RS.valid.acc", "RS.test.acc", "RS.train.time", "RS.n.support.vectors", 
"RS.index", "RS.n.solutions", "RS.generations", "RS.n.evaluations", 
"RS.cpu.time", "DF.cost", "DF.gamma", "DF.data.balancing", "DF.feature.selection", 
"DF.valid.acc", "DF.test.acc", "DF.train.time", "DF.n.support.vectors", 
"DF.index", "DF.n.solutions", "DF.generations", "DF.n.evaluations", 
"DF.cpu.time")))
