full <-
structure(c(50, 55, 60, 65, 70, 75, 80, 85, 90, 95, 100, 7.04395, 
2.84237, 1.55816, 12.43573, 1.30143, 0.7369, 1.11495, 14.06578, 
8.86657, 12.52664, 1.15062, -5.48295, -5.97067, -6.23657, -5.24693, 
-5.351, -4.3042, -5.72596, -5.79051, -4.88062, -6.78598, -5.01689, 
0, 0, 0, 0, 0, 0, 0, 0, 0, 0, 0, 0, 0, 0, 0, 0, 0, 0, 0, 0, 0, 
0, 0.85273, 0.85758, 0.89103, 0.85934, 0.91659, 0.87042, 0.87811, 
0.8915, 0.88567, 0.91261, 0.87952, 0.85455, 0.83773, 0.84936, 
0.83571, 0.89659, 0.82417, 0.83458, 0.88562, 0.87515, 0.90182, 
0.85548, 0.0421, 0.044, 0.0434, 0.0473, 0.0452, 0.0486, 0.0539, 
0.0532, 0.0603, 0.0574, 0.0656, 74, 74.6, 76.6, 97.1, 101.3, 
120.3, 107.9, 109.1, 129.3, 94.3, 139.4, 244, 1630, 911, 16, 
1386, 2459, 1089, 24, 83, 39, 891, 1078, 41, 95, 1400, 90, 1, 
106, 1542, 1075, 1078, 359, 100, 100, 100, 100, 100, 100, 100, 
100, 100, 100, 100, 2500, 2500, 2500, 2500, 2500, 2500, 2500, 
2500, 2500, 2500, 2500, 8209.199, 8474.831, 8626.884, 8614.81200000001, 
8825.696, 8482.58900000001, 8581.65700000001, 9026.091, 9033.82500000001, 
9189.46299999999, 9094.701, 11.14222, 1.78237, 0.76611, 12.13313, 
1.874, 2.273, 1.12593, 9.42618, 8.16065, 8.89891, 2.86353, -5.47992, 
-5.50361, -5.73089, -5.35756, -6.71003, -6.28083, -5.74261, -5.71662, 
-4.87287, -6.83572, -4.96581, 0, 0, 0, 0, 0, 0, 0, 0, 0, 0, 0, 
0, 0, 0, 0, 0, 0, 0, 0, 0, 0, 0, 0.85273, 0.85682, 0.875, 0.85934, 
0.90278, 0.86958, 0.87811, 0.8915, 0.88567, 0.91261, 0.87452, 
0.85455, 0.83939, 0.85705, 0.82857, 0.87469, 0.84458, 0.83458, 
0.88562, 0.87515, 0.90182, 0.86024, 0.0403, 0.0423, 0.0438, 0.047, 
0.0443, 0.0461, 0.054, 0.0529, 0.0605, 0.0582, 0.0646, 74, 78.8, 
83.8, 95.4, 82.6, 93.4, 107.6, 110.2, 129.6, 93.8, 141.4, 114, 
162, 542, 314, 169, 1512, 146, 68, 166, 70, 190, 9, 2, 3, 15, 
3, 1, 1, 49, 4, 19, 17, 100, 100, 100, 100, 100, 100, 100, 100, 
100, 100, 100, 2500, 2500, 2500, 2500, 2500, 2500, 2500, 2500, 
2500, 2500, 2500, 8453.008, 8528.401, 8475.625, 8706.99299999999, 
8508.798, 8489.60799999999, 8838.76700000001, 9067.97600000001, 
9228.18400000001, 9224.274, 9053.23699999999, 1, 1, 1, 1, 1, 
1, 1, 1, 1, 1, 1, 0.01667, 0.01667, 0.01667, 0.01667, 0.01667, 
0.01667, 0.01667, 0.01667, 0.01667, 0.01667, 0.01667, 0, 0, 0, 
0, 0, 0, 0, 0, 0, 0, 0, 0, 0, 0, 0, 0, 0, 0, 0, 0, 0, 0, 0.74727, 
0.81288, 0.83397, 0.80604, 0.84795, 0.81083, 0.82365, 0.84444, 
0.8152, 0.86997, 0.82619, 0.77818, 0.81212, 0.84872, 0.7989, 
0.80707, 0.82417, 0.84676, 0.85098, 0.81462, 0.84363, 0.83119, 
0.0382, 0.0428, 0.0406, 0.0477, 0.047, 0.0446, 0.0519, 0.0528, 
0.0554, 0.0587, 0.0604, 72.8, 78.4, 84.2, 93, 98.1, 103.8, 109.9, 
114.6, 118.4, 123.6, 130.3, 1, 1, 1, 1, 1, 1, 1, 1, 1, 1, 1, 
1, 1, 1, 1, 1, 1, 1, 1, 1, 1, 1, 1, 1, 1, 1, 1, 1, 1, 1, 1, 1, 
1, 1, 1, 1, 1, 1, 1, 1, 1, 1, 1, 1, 3.429, 3.4, 3.385, 3.461, 
3.337, 3.393, 3.611, 3.627, 3.649, 3.584, 3.448), .Dim = c(11L, 
40L), .Dimnames = list(NULL, c("Sampling", "PSO.cost", "PSO.gamma", 
"PSO.data.balancing", "PSO.feature.selection", "PSO.valid.acc", 
"PSO.test.acc", "PSO.train.time", "PSO.n.support.vectors", "PSO.index", 
"PSO.n.solutions", "PSO.generations", "PSO.n.evaluations", "PSO.cpu.time", 
"RS.cost", "RS.gamma", "RS.data.balancing", "RS.feature.selection", 
"RS.valid.acc", "RS.test.acc", "RS.train.time", "RS.n.support.vectors", 
"RS.index", "RS.n.solutions", "RS.generations", "RS.n.evaluations", 
"RS.cpu.time", "DF.cost", "DF.gamma", "DF.data.balancing", "DF.feature.selection", 
"DF.valid.acc", "DF.test.acc", "DF.train.time", "DF.n.support.vectors", 
"DF.index", "DF.n.solutions", "DF.generations", "DF.n.evaluations", 
"DF.cpu.time")))
