full <-
structure(c(50, 55, 60, 65, 70, 75, 80, 85, 90, 95, 100, 0.33787, 
1.13313, 0.83738, 1.26916, 0.98932, 0.75101, 1.20398, 4.26263, 
-0.20946, 2.45441, 2.03481, 0.71843, 0.0596, 0.09364, 0.30004, 
0.07177, 1.27828, -0.00779, -1.79378, 1.80686, -0.5745, 0.23078, 
0, 0, 0, 0, 0, 0, 0, 0, 0, 0, 0, 0, 0, 0, 0, 0, 0, 0, 0, 0, 0, 
0, 0.92517, 0.92607, 0.92159, 0.92045, 0.92483, 0.92362, 0.92034, 
0.91855, 0.91683, 0.91622, 0.91931, 0.92361, 0.92607, 0.91762, 
0.91798, 0.92483, 0.92147, 0.91639, 0.91199, 0.91507, 0.9137, 
0.91609, 0.0411, 0.0355, 0.0408, 0.0511, 0.053, 0.0942, 0.0665, 
0.0903, 0.1496, 0.0864, 0.0922, 220.2, 169.9, 186.5, 213.8, 201.7, 
346.9, 223.5, 186.5, 473.7, 222.3, 250.6, 1092, 605, 1478, 759, 
1189, 665, 1802, 1055, 459, 241, 1165, 265, 546, 22, 507, 39, 
486, 10, 65, 501, 291, 229, 100, 100, 100, 100, 100, 100, 100, 
100, 100, 100, 100, 2500, 2500, 2500, 2500, 2500, 2500, 2500, 
2500, 2500, 2500, 2500, 7038.425, 6738.004, 7597.24, 7985.761, 
7670.215, 8713.90399999999, 8346.79700000001, 10017.979, 11430.028, 
10641.697, 10861.104, 0.42765, 0.96368, 0.74324, 1.00664, 0.86363, 
0.67181, 1.21691, 3.75185, -0.43604, 2.59088, 1.01078, 0.48119, 
0.18094, 0.18796, 0.07689, 0.22802, 1.33119, 0.10991, -1.50385, 
1.43111, -0.63076, 0.95639, 0, 0, 0, 0, 0, 0, 0, 0, 0, 0, 0, 
0, 0, 0, 0, 0, 0, 0, 0, 0, 0, 0, 0.92517, 0.92463, 0.92027, 0.92045, 
0.92368, 0.92256, 0.91936, 0.91763, 0.91595, 0.91622, 0.91769, 
0.92361, 0.9246, 0.91762, 0.92047, 0.92483, 0.92252, 0.9164, 
0.91105, 0.91507, 0.9137, 0.9169, 0.0379, 0.0372, 0.0426, 0.0489, 
0.056, 0.0985, 0.0676, 0.0833, 0.1222, 0.0894, 0.1161, 201.3, 
183.1, 194.9, 198.7, 215.5, 355.9, 229.7, 188.8, 409, 222.6, 
352.1, 18, 1853, 2356, 566, 1355, 7, 539, 1980, 1326, 1190, 187, 
3, 1, 1, 1, 1, 1, 2, 2, 1, 2, 2, 100, 100, 100, 100, 100, 100, 
100, 100, 100, 100, 100, 2500, 2500, 2500, 2500, 2500, 2500, 
2500, 2500, 2500, 2500, 2500, 8222.568, 9208.315, 10604.539, 
11595.76, 11518.766, 12369.822, 15634.31, 16768.131, 19786.062, 
21960.367, 22389.276, 1, 1, 1, 1, 1, 1, 1, 1, 1, 1, 1, 0.33333, 
0.33333, 0.33333, 0.33333, 0.33333, 0.33333, 0.33333, 0.33333, 
0.33333, 0.33333, 0.33333, 0, 0, 0, 0, 0, 0, 0, 0, 0, 0, 0, 0, 
0, 0, 0, 0, 0, 0, 0, 0, 0, 0, 0.91718, 0.91736, 0.91366, 0.91423, 
0.91686, 0.91721, 0.91441, 0.91289, 0.9133, 0.91285, 0.91369, 
0.91718, 0.91736, 0.91366, 0.913, 0.91914, 0.91721, 0.9124, 0.91383, 
0.91241, 0.91285, 0.91449, 0.0276, 0.0311, 0.0383, 0.043, 0.0479, 
0.0543, 0.0672, 0.073, 0.0847, 0.0918, 0.1004, 120, 124.2, 140.4, 
150.7, 157.8, 171.7, 200.5, 207.8, 227.5, 239.4, 251.6, 1, 1, 
1, 1, 1, 1, 1, 1, 1, 1, 1, 1, 1, 1, 1, 1, 1, 1, 1, 1, 1, 1, 1, 
1, 1, 1, 1, 1, 1, 1, 1, 1, 1, 1, 1, 1, 1, 1, 1, 1, 1, 1, 1, 1, 
2.511, 2.511, 2.793, 2.891, 2.869, 2.881, 3.151, 3.153, 3.167, 
3.118, 3.216), .Dim = c(11L, 40L), .Dimnames = list(NULL, c("Sampling", 
"PSO.cost", "PSO.gamma", "PSO.data.balancing", "PSO.feature.selection", 
"PSO.valid.acc", "PSO.test.acc", "PSO.train.time", "PSO.n.support.vectors", 
"PSO.index", "PSO.n.solutions", "PSO.generations", "PSO.n.evaluations", 
"PSO.cpu.time", "RS.cost", "RS.gamma", "RS.data.balancing", "RS.feature.selection", 
"RS.valid.acc", "RS.test.acc", "RS.train.time", "RS.n.support.vectors", 
"RS.index", "RS.n.solutions", "RS.generations", "RS.n.evaluations", 
"RS.cpu.time", "DF.cost", "DF.gamma", "DF.data.balancing", "DF.feature.selection", 
"DF.valid.acc", "DF.test.acc", "DF.train.time", "DF.n.support.vectors", 
"DF.index", "DF.n.solutions", "DF.generations", "DF.n.evaluations", 
"DF.cpu.time")))
