full <-
structure(c(50, 55, 60, 65, 70, 75, 80, 85, 90, 95, 100, 0.82329, 
1.27961, 0.6165, -0.27747, 0.45768, 0.57496, 8.1926, 0.27756, 
0.48042, 2.71206, 0.39789, -0.49892, 0.08807, 0.49296, 1.61036, 
-0.38364, -0.50278, -9.51508, 1.68678, 2.07915, -0.63791, 2.01749, 
0, 0, 0, 0, 0, 0, 0, 0, 0, 0, 0, 0, 0, 0, 0, 0, 0, 0, 0, 0, 0, 
0, 0.91543, 0.91587, 0.91629, 0.91304, 0.91577, 0.91608, 0.91038, 
0.91663, 0.91599, 0.91787, 0.91929, 0.91221, 0.91444, 0.91099, 
0.91304, 0.91462, 0.91395, 0.91038, 0.91663, 0.91244, 0.91452, 
0.91849, 0.0443, 0.0527, 0.0664, 0.125, 0.0779, 0.0833, 0.1886, 
0.1768, 0.2406, 0.1318, 0.2692, 149.2, 177.6, 218.1, 366.5, 197.3, 
206.6, 365.5, 436, 530.4, 228, 548.5, 257, 618, 554, 275, 1682, 
656, 2, 601, 1071, 515, 1954, 385, 87, 275, 300, 41, 256, 2159, 
191, 183, 446, 31, 100, 100, 100, 100, 100, 100, 100, 100, 100, 
100, 100, 2500, 2500, 2500, 2500, 2500, 2500, 2500, 2500, 2500, 
2500, 2500, 7328.519, 7317.954, 8280.561, 12658.735, 24096.364, 
10933.697, 23314.371, 10581.127, 14828.978, 10117.021, 16202.336, 
1.1289, 1.21777, 0.61148, -0.22354, 0.10872, 1.06804, 0.26762, 
0.27459, 0.31079, 2.63396, -0.24401, -0.3933, 0.13401, 0.66607, 
1.75121, 0.11361, -1.08179, 1.63957, 1.90973, 2.14428, -0.74712, 
2.12887, 0, 0, 0, 0, 0, 0, 0, 0, 0, 0, 0, 0, 0, 0, 0, 0, 0, 0, 
0, 0, 0, 0, 0.91543, 0.91587, 0.91498, 0.91304, 0.9169, 0.91501, 
0.91638, 0.91663, 0.9151, 0.91703, 0.9169, 0.91221, 0.91444, 
0.91099, 0.9118, 0.91462, 0.91395, 0.91143, 0.91755, 0.91244, 
0.91368, 0.9153, 0.0459, 0.0547, 0.0725, 0.1274, 0.0749, 0.0876, 
0.1718, 0.2203, 0.2621, 0.13, 0.292, 148.1, 179, 231.9, 388.5, 
213.3, 197.9, 413, 479.1, 542.2, 228.8, 569.1, 1215, 311, 132, 
143, 1725, 1089, 114, 2498, 1908, 432, 1078, 1, 1, 1, 3, 2, 1, 
1, 1, 1, 4, 1, 100, 100, 100, 100, 100, 100, 100, 100, 100, 100, 
100, 2500, 2500, 2500, 2500, 2500, 2500, 2500, 2500, 2500, 2500, 
2500, 9965.555, 12465.229, 13617.386, 15733.102, 16653.909, 18947.747, 
18746.449, 20620.691, 22499.528, 26256.032, 25746.844, 1, 1, 
1, 1, 1, 1, 1, 1, 1, 1, 1, 0.33333, 0.33333, 0.33333, 0.33333, 
0.33333, 0.33333, 0.33333, 0.33333, 0.33333, 0.33333, 0.33333, 
0, 0, 0, 0, 0, 0, 0, 0, 0, 0, 0, 0, 0, 0, 0, 0, 0, 0, 0, 0, 0, 
0, 0.91223, 0.91154, 0.90831, 0.90813, 0.91004, 0.9097, 0.90939, 
0.91098, 0.91067, 0.91284, 0.9145, 0.91064, 0.91299, 0.90831, 
0.90813, 0.91118, 0.90864, 0.90939, 0.91098, 0.91155, 0.912, 
0.9137, 0.0435, 0.0512, 0.0634, 0.0684, 0.0741, 0.0885, 0.0955, 
0.1132, 0.122, 0.1413, 0.1443, 136.2, 151.5, 165.4, 177.6, 186.2, 
202.3, 207.5, 218.7, 231, 250.2, 248.4, 1, 1, 1, 1, 1, 1, 1, 
1, 1, 1, 1, 1, 1, 1, 1, 1, 1, 1, 1, 1, 1, 1, 1, 1, 1, 1, 1, 1, 
1, 1, 1, 1, 1, 1, 1, 1, 1, 1, 1, 1, 1, 1, 1, 1, 2.591, 2.685, 
3.032, 3.001, 2.936, 3.243, 3.265, 3.693, 3.675, 3.871, 3.863
), .Dim = c(11L, 40L), .Dimnames = list(NULL, c("Sampling", "PSO.cost", 
"PSO.gamma", "PSO.data.balancing", "PSO.feature.selection", "PSO.valid.acc", 
"PSO.test.acc", "PSO.train.time", "PSO.n.support.vectors", "PSO.index", 
"PSO.n.solutions", "PSO.generations", "PSO.n.evaluations", "PSO.cpu.time", 
"RS.cost", "RS.gamma", "RS.data.balancing", "RS.feature.selection", 
"RS.valid.acc", "RS.test.acc", "RS.train.time", "RS.n.support.vectors", 
"RS.index", "RS.n.solutions", "RS.generations", "RS.n.evaluations", 
"RS.cpu.time", "DF.cost", "DF.gamma", "DF.data.balancing", "DF.feature.selection", 
"DF.valid.acc", "DF.test.acc", "DF.train.time", "DF.n.support.vectors", 
"DF.index", "DF.n.solutions", "DF.generations", "DF.n.evaluations", 
"DF.cpu.time")))
