full <-
structure(c(50, 55, 60, 65, 70, 75, 80, 85, 90, 95, 100, 1, 5.91256, 
0.27588, 0.42933, 1.42729, 0.18974, 4.19517, 0.75939, 1.64949, 
0.30686, 0.36525, 0.33333, -10.3573, 0.66485, 0.21234, 0.3226, 
0.91724, -2.78548, -1.5807, 0.2995, 1.0989, 0.13932, 0, 0, 0, 
0, 0, 0, 0, 0, 0, 0, 0, 0, 0, 0, 0, 0, 0, 0, 0, 0, 0, 0, 0.91237, 
0.91736, 0.91766, 0.91921, 0.91798, 0.92151, 0.92043, 0.91944, 
0.92038, 0.9204, 0.91848, 0.91237, 0.91736, 0.91632, 0.91796, 
0.91576, 0.92049, 0.91944, 0.91759, 0.91509, 0.91955, 0.91688, 
0.0466, 0.0796, 0.0694, 0.0752, 0.0778, 0.1032, 0.1442, 0.1139, 
0.1148, 0.1769, 0.1364, 132.9, 204, 225, 206.8, 196.6, 294.4, 
175.6, 200.2, 240.9, 377.3, 273.4, 1, 4, 151, 868, 410, 440, 
1104, 1481, 224, 538, 256, 2015, 2187, 148, 544, 238, 349, 16, 
24, 421, 186, 767, 100, 100, 100, 100, 100, 100, 100, 100, 100, 
100, 100, 2500, 2500, 2500, 2500, 2500, 2500, 2500, 2500, 2500, 
2500, 2500, 10083.493, 10661.819, 10989.051, 10057.76, 12061.98, 
12329.68, 17388.537, 15959.01, 10747.091, 44258.528, 14649.805, 
1.67209, 5.57013, 4.03793, 0.38481, 0.03233, 0.22457, 1.04654, 
0.80754, 1.90515, 0.23378, 0.48693, -8.80649, -10.11089, -9.74536, 
-0.04875, 0.23863, 0.84933, -0.34303, 0.03848, 0.2456, 0.42324, 
-0.28099, 0, 0, 0, 0, 0, 0, 0, 0, 0, 0, 0, 0, 0, 0, 0, 0, 0, 
0, 0, 0, 0, 0, 0.91237, 0.91736, 0.91634, 0.91801, 0.91687, 0.92043, 
0.9204, 0.91944, 0.92038, 0.91956, 0.91848, 0.91237, 0.91736, 
0.91634, 0.91679, 0.91119, 0.92049, 0.92139, 0.91667, 0.91688, 
0.91872, 0.91768, 0.0453, 0.0771, 0.0764, 0.0667, 0.0735, 0.1013, 
0.0894, 0.1124, 0.1175, 0.1344, 0.138, 158.8, 204.6, 215.5, 188.6, 
213.6, 286.6, 200.9, 233.3, 231.3, 290.3, 255.9, 1, 1, 1, 1514, 
188, 2077, 104, 479, 722, 781, 1577, 1530, 1437, 1453, 1, 4, 
2, 3, 2, 1, 1, 2, 100, 100, 100, 100, 100, 100, 100, 100, 100, 
100, 100, 2500, 2500, 2500, 2500, 2500, 2500, 2500, 2500, 2500, 
2500, 2500, 12314.416, 12328.968, 15098.056, 16098.472, 17126.234, 
17659.365, 20657.25, 21994.289, 23790.169, 25407.409, 29385.2439999999, 
1, 1, 1, 1, 1, 1, 1, 1, 1, 1, 1, 0.33333, 0.33333, 0.33333, 0.33333, 
0.33333, 0.33333, 0.33333, 0.33333, 0.33333, 0.33333, 0.33333, 
0, 0, 0, 0, 0, 0, 0, 0, 0, 0, 0, 0, 0, 0, 0, 0, 0, 0, 0, 0, 0, 
0, 0.91237, 0.91593, 0.91501, 0.91185, 0.9135, 0.9162, 0.91742, 
0.91759, 0.91508, 0.91537, 0.9145, 0.91237, 0.91593, 0.91634, 
0.91185, 0.9135, 0.91727, 0.91841, 0.91759, 0.91508, 0.91453, 
0.9145, 0.044, 0.0493, 0.06, 0.0718, 0.0712, 0.08, 0.0935, 0.1125, 
0.1243, 0.1348, 0.1478, 132.9, 137.6, 151, 169.7, 173.3, 179.3, 
197.1, 209.4, 220.1, 241.7, 254.1, 1, 1, 1, 1, 1, 1, 1, 1, 1, 
1, 1, 1, 1, 1, 1, 1, 1, 1, 1, 1, 1, 1, 1, 1, 1, 1, 1, 1, 1, 1, 
1, 1, 1, 1, 1, 1, 1, 1, 1, 1, 1, 1, 1, 1, 3.013, 3.185, 3.59, 
3.964, 3.307, 3.38, 3.509, 4.113, 4.126, 4.153, 4.109), .Dim = c(11L, 
40L), .Dimnames = list(NULL, c("Sampling", "PSO.cost", "PSO.gamma", 
"PSO.data.balancing", "PSO.feature.selection", "PSO.valid.acc", 
"PSO.test.acc", "PSO.train.time", "PSO.n.support.vectors", "PSO.index", 
"PSO.n.solutions", "PSO.generations", "PSO.n.evaluations", "PSO.cpu.time", 
"RS.cost", "RS.gamma", "RS.data.balancing", "RS.feature.selection", 
"RS.valid.acc", "RS.test.acc", "RS.train.time", "RS.n.support.vectors", 
"RS.index", "RS.n.solutions", "RS.generations", "RS.n.evaluations", 
"RS.cpu.time", "DF.cost", "DF.gamma", "DF.data.balancing", "DF.feature.selection", 
"DF.valid.acc", "DF.test.acc", "DF.train.time", "DF.n.support.vectors", 
"DF.index", "DF.n.solutions", "DF.generations", "DF.n.evaluations", 
"DF.cpu.time")))
