full <-
structure(c(50, 55, 60, 65, 70, 75, 80, 85, 90, 95, 100, 4.8649, 
0.27915, 0.17636, -0.13561, 0.29551, 11.59954, 1, 0.72081, 0.37915, 
0.50106, 0.49705, -2.11801, 1.39615, 1.33605, 1.44359, 0.21435, 
-6.15944, 0.33333, -0.51913, 2.28293, 0.03596, 1.60022, 0, 0, 
0, 0, 0, 0, 0, 0, 0, 0, 0, 0, 0, 0, 0, 0, 0, 0, 0, 0, 0, 0, 0.91384, 
0.91456, 0.91106, 0.91178, 0.91235, 0.91293, 0.91445, 0.91849, 
0.91775, 0.91708, 0.91927, 0.90906, 0.91317, 0.90971, 0.91055, 
0.9078, 0.9108, 0.91445, 0.91475, 0.91599, 0.91375, 0.91686, 
0.0651, 0.0749, 0.088, 0.1019, 0.0837, 3.1492, 0.0974, 0.1129, 
0.2877, 0.1315, 0.2285, 134.1, 295.3, 306.7, 333.9, 234.3, 183, 
211.1, 222.6, 564.6, 260.1, 466.1, 264, 684, 400, 1318, 1118, 
29, 1, 196, 2379, 711, 862, 405, 379, 140, 11, 278, 543, 1937, 
184, 1, 487, 238, 100, 100, 100, 100, 100, 100, 100, 100, 100, 
100, 100, 2500, 2500, 2500, 2500, 2500, 2500, 2500, 2500, 2500, 
2500, 2500, 8996.702, 10291.647, 10603.195, 13871.887, 12582.242, 
54451.859, 17879.035, 13637.046, 20946.784, 16292.647, 19245.865, 
4.14204, 0.39263, 0.50197, 0.44687, 0.41492, -0.04765, -0.62721, 
0.3931, 0.33992, 10.21209, 0.18309, -2.09233, 1.41281, 0.96023, 
1.31921, 0.11931, 1.12751, -5.75274, -0.18565, 1.13011, -2.6331, 
0.93814, 0, 0, 0, 0, 0, 0, 0, 0, 0, 0, 0, 0, 0, 0, 0, 0, 0, 0, 
0, 0, 0, 0, 0.91384, 0.91309, 0.91109, 0.91297, 0.91235, 0.91295, 
0.91445, 0.91849, 0.91688, 0.91624, 0.91927, 0.91064, 0.9146, 
0.90971, 0.9093, 0.9078, 0.9119, 0.91445, 0.91382, 0.9151, 0.9062, 
0.91847, 0.0616, 0.075, 0.0824, 0.098, 0.0814, 0.1145, 0.0885, 
0.1106, 0.155, 0.9318, 0.1726, 135.1, 296.6, 261.9, 319.6, 225.2, 
331.6, 235.3, 229.9, 353.7, 213.7, 357.1, 73, 1419, 220, 2364, 
1911, 359, 2, 140, 1130, 1968, 2030, 9, 6, 2, 1, 2, 4, 1543, 
1, 1, 2, 1, 100, 100, 100, 100, 100, 100, 100, 100, 100, 100, 
100, 2500, 2500, 2500, 2500, 2500, 2500, 2500, 2500, 2500, 2500, 
2500, 11035.189, 13061.933, 14410.815, 18253.818, 18993.641, 
20462.67, 22908.556, 27149.891, 28396.46, 30838.882, 30614.234, 
1, 1, 1, 1, 1, 1, 1, 1, 1, 1, 1, 0.33333, 0.33333, 0.33333, 0.33333, 
0.33333, 0.33333, 0.33333, 0.33333, 0.33333, 0.33333, 0.33333, 
0, 0, 0, 0, 0, 0, 0, 0, 0, 0, 0, 0, 0, 0, 0, 0, 0, 0, 0, 0, 0, 
0, 0.90742, 0.91164, 0.90841, 0.91055, 0.90782, 0.91292, 0.91445, 
0.91475, 0.9142, 0.9137, 0.91449, 0.90742, 0.91164, 0.90841, 
0.91055, 0.90782, 0.91292, 0.91445, 0.9138, 0.9142, 0.91286, 
0.91449, 0.0486, 0.0566, 0.0653, 0.076, 0.0831, 0.0921, 0.1065, 
0.1204, 0.1347, 0.149, 0.1511, 151.3, 160.3, 175.4, 183.4, 204.1, 
210, 211.1, 226, 240.2, 251.2, 252.7, 1, 1, 1, 1, 1, 1, 1, 1, 
1, 1, 1, 1, 1, 1, 1, 1, 1, 1, 1, 1, 1, 1, 1, 1, 1, 1, 1, 1, 1, 
1, 1, 1, 1, 1, 1, 1, 1, 1, 1, 1, 1, 1, 1, 1, 2.927, 3.06, 3.068, 
3.306, 3.368, 3.464, 4.634, 4.645, 4.855, 5.276, 4.983), .Dim = c(11L, 
40L), .Dimnames = list(NULL, c("Sampling", "PSO.cost", "PSO.gamma", 
"PSO.data.balancing", "PSO.feature.selection", "PSO.valid.acc", 
"PSO.test.acc", "PSO.train.time", "PSO.n.support.vectors", "PSO.index", 
"PSO.n.solutions", "PSO.generations", "PSO.n.evaluations", "PSO.cpu.time", 
"RS.cost", "RS.gamma", "RS.data.balancing", "RS.feature.selection", 
"RS.valid.acc", "RS.test.acc", "RS.train.time", "RS.n.support.vectors", 
"RS.index", "RS.n.solutions", "RS.generations", "RS.n.evaluations", 
"RS.cpu.time", "DF.cost", "DF.gamma", "DF.data.balancing", "DF.feature.selection", 
"DF.valid.acc", "DF.test.acc", "DF.train.time", "DF.n.support.vectors", 
"DF.index", "DF.n.solutions", "DF.generations", "DF.n.evaluations", 
"DF.cpu.time")))
