full <-
structure(c(50, 55, 60, 65, 70, 75, 80, 85, 90, 95, 100, 13.40075, 
0.47985, -0.00815, 0.23773, -0.00223, 0.32211, 0.59787, 0.27973, 
0.25175, 0.19063, 0.59645, -5.87649, 1.68347, 1.31775, 0.5898, 
0.28205, 0.97492, 0.61274, 2.03436, 0.79514, -0.35847, -1.00382, 
0, 0, 0, 0, 0, 0, 0, 0, 0, 0, 0, 0, 0, 0, 0, 0, 0, 0, 0, 0, 0, 
0, 0.91406, 0.91739, 0.92031, 0.92396, 0.92487, 0.92145, 0.91937, 
0.91855, 0.91953, 0.91704, 0.91767, 0.90597, 0.91157, 0.91761, 
0.92028, 0.92149, 0.91932, 0.91734, 0.9148, 0.91685, 0.91787, 
0.91767, 0.4065, 0.1076, 0.0997, 0.0819, 0.0895, 0.1219, 0.1133, 
0.2489, 0.1472, 0.1297, 0.1448, 100.6, 332.7, 304.3, 237.5, 224.2, 
313.1, 281.3, 498.2, 319, 245.2, 241.2, 1785, 2251, 1523, 413, 
414, 1832, 379, 900, 1768, 333, 379, 10, 6, 7, 513, 676, 15, 
245, 97, 36, 365, 81, 100, 100, 100, 100, 100, 100, 100, 100, 
100, 100, 100, 2500, 2500, 2500, 2500, 2500, 2500, 2500, 2500, 
2500, 2500, 2500, 14976.084, 8970.801, 9020.36900000001, 9223.698, 
9113.39600000001, 10137.642, 11946.775, 19295.676, 13681.652, 
14201.311, 14387, 12.39036, 14.23314, 0.33922, 0.27706, 0.06988, 
0.2859, 0.90476, 0.15244, 0.26505, -0.34529, 0.66896, -5.48353, 
-4.17183, 0.13755, 0.44931, 0.14006, 1.15362, 0.34724, 2.31015, 
1.0286, 0.04655, -1.08088, 0, 0, 0, 0, 0, 0, 0, 0, 0, 0, 0, 0, 
0, 0, 0, 0, 0, 0, 0, 0, 0, 0, 0.9125, 0.91603, 0.92029, 0.92396, 
0.92374, 0.92038, 0.91937, 0.91668, 0.91953, 0.9162, 0.91767, 
0.90597, 0.91164, 0.92025, 0.92025, 0.92034, 0.92038, 0.91834, 
0.91386, 0.91685, 0.9162, 0.91607, 0.2937, 0.6535, 0.0647, 0.0767, 
0.0821, 0.1289, 0.112, 0.2718, 0.1577, 0.134, 0.1422, 100.2, 
114.9, 192.2, 223.7, 213, 336.3, 250.2, 546.8, 348.6, 267.5, 
239.3, 724, 411, 264, 950, 811, 977, 1555, 2455, 2419, 1513, 
513, 1, 1, 6, 1, 1, 3, 1, 1, 1, 2, 1, 100, 100, 100, 100, 100, 
100, 100, 100, 100, 100, 100, 2500, 2500, 2500, 2500, 2500, 2500, 
2500, 2500, 2500, 2500, 2500, 9666.23, 9824.739, 10404.741, 11299.22, 
12818.656, 14980.878, 17215.236, 17800.28, 21645.24, 25350.628, 
28764.113, 1, 1, 1, 1, 1, 1, 1, 1, 1, 1, 1, 0.33333, 0.33333, 
0.33333, 0.33333, 0.33333, 0.33333, 0.33333, 0.33333, 0.33333, 
0.33333, 0.33333, 0, 0, 0, 0, 0, 0, 0, 0, 0, 0, 0, 0, 0, 0, 0, 
0, 0, 0, 0, 0, 0, 0, 0.90597, 0.91017, 0.91364, 0.91787, 0.91693, 
0.91509, 0.9154, 0.91572, 0.91508, 0.91368, 0.91447, 0.90592, 
0.91162, 0.91497, 0.91787, 0.91582, 0.91509, 0.9154, 0.91572, 
0.91597, 0.91452, 0.91447, 0.0432, 0.049, 0.0552, 0.0662, 0.0706, 
0.0822, 0.0981, 0.0975, 0.1266, 0.1387, 0.1552, 130.8, 133.3, 
142.5, 147.5, 158.2, 181.4, 195.8, 196.8, 223.1, 237.7, 247.2, 
1, 1, 1, 1, 1, 1, 1, 1, 1, 1, 1, 1, 1, 1, 1, 1, 1, 1, 1, 1, 1, 
1, 1, 1, 1, 1, 1, 1, 1, 1, 1, 1, 1, 1, 1, 1, 1, 1, 1, 1, 1, 1, 
1, 1, 3.089, 3.117, 3.143, 3.423, 3.387, 3.486, 3.853, 3.668, 
4.242, 4.388, 4.554), .Dim = c(11L, 40L), .Dimnames = list(NULL, 
    c("Sampling", "PSO.cost", "PSO.gamma", "PSO.data.balancing", 
    "PSO.feature.selection", "PSO.valid.acc", "PSO.test.acc", 
    "PSO.train.time", "PSO.n.support.vectors", "PSO.index", "PSO.n.solutions", 
    "PSO.generations", "PSO.n.evaluations", "PSO.cpu.time", "RS.cost", 
    "RS.gamma", "RS.data.balancing", "RS.feature.selection", 
    "RS.valid.acc", "RS.test.acc", "RS.train.time", "RS.n.support.vectors", 
    "RS.index", "RS.n.solutions", "RS.generations", "RS.n.evaluations", 
    "RS.cpu.time", "DF.cost", "DF.gamma", "DF.data.balancing", 
    "DF.feature.selection", "DF.valid.acc", "DF.test.acc", "DF.train.time", 
    "DF.n.support.vectors", "DF.index", "DF.n.solutions", "DF.generations", 
    "DF.n.evaluations", "DF.cpu.time")))
