full <-
structure(c(50, 55, 60, 65, 70, 75, 80, 85, 90, 95, 100, 8.6407, 
2.32216, 0.51753, 10.85613, 8.8311, 9.73327, 15, 8.18092, -0.06959, 
0.3931, 0.82531, -3.37197, -0.98873, -1.14366, -4.69939, -2.40138, 
-4.3016, -5.71341, -3.46348, 2.07245, 1.42923, 0.63879, 0, 0, 
0, 0, 0, 0, 0, 0, 0, 0, 0, 0, 0, 0, 0, 0, 0, 0, 0, 0, 0, 0, 0.9266, 
0.9232, 0.92176, 0.92036, 0.91924, 0.92038, 0.91833, 0.9176, 
0.91685, 0.92124, 0.91857, 0.9234, 0.92028, 0.91899, 0.92033, 
0.90896, 0.91931, 0.91137, 0.91479, 0.91596, 0.9187, 0.91534, 
0.1138, 0.0466, 0.0545, 0.664, 0.168, 0.5831, 5.7775, 0.3371, 
0.229, 0.2036, 0.1472, 103.8, 130.6, 154.2, 137.2, 160.5, 161.9, 
158.3, 182.6, 520.8, 426.7, 306.9, 76, 1357, 465, 81, 1667, 358, 
483, 11, 2066, 535, 246, 116, 71, 243, 304, 5, 215, 52, 195, 
5, 755, 275, 100, 100, 100, 100, 100, 100, 100, 100, 100, 100, 
100, 2500, 2500, 2500, 2500, 2500, 2500, 2500, 2500, 2500, 2500, 
2500, 8679.327, 9547.646, 11689.601, 21296.33, 11372.25, 47673.398, 
31963.291, 14136.171, 20592.7, 11790.54, 11295.614, 2.89667, 
3.47408, 0.53265, 5.47205, 13.43051, 9.90613, 14.97218, 6.5923, 
0.02585, 0.39267, 1.04618, -0.91977, -1.40967, -1.31049, -2.89538, 
-3.94813, -4.36912, -5.79894, -2.97537, 2.25956, 1.40749, 0.54675, 
0, 0, 0, 0, 0, 0, 0, 0, 0, 0, 0, 0, 0, 0, 0, 0, 0, 0, 0, 0, 0, 
0, 0.9266, 0.9232, 0.92176, 0.92036, 0.91922, 0.92038, 0.91833, 
0.91759, 0.91598, 0.92124, 0.91857, 0.9266, 0.91881, 0.91632, 
0.91913, 0.91002, 0.91931, 0.91137, 0.91384, 0.91509, 0.9187, 
0.91536, 0.0372, 0.0508, 0.0557, 0.1069, 1.5308, 0.6959, 6.1506, 
0.2171, 0.272, 0.2024, 0.1424, 111.1, 126.8, 151.9, 140.8, 156.5, 
161.1, 157.2, 183.6, 558.6, 419.6, 294.9, 464, 59, 44, 141, 176, 
134, 1985, 738, 741, 16, 329, 12, 4, 1, 19, 2, 13, 1, 1, 1, 1, 
1, 100, 100, 100, 100, 100, 100, 100, 100, 100, 100, 100, 2500, 
2500, 2500, 2500, 2500, 2500, 2500, 2500, 2500, 2500, 2500, 9646.569, 
10854.401, 12135.52, 13001.96, 15660.306, 16305.345, 17883.25, 
19502.452, 21329.807, 23104.942, 26379.037, 1, 1, 1, 1, 1, 1, 
1, 1, 1, 1, 1, 0.33333, 0.33333, 0.33333, 0.33333, 0.33333, 0.33333, 
0.33333, 0.33333, 0.33333, 0.33333, 0.33333, 0, 0, 0, 0, 0, 0, 
0, 0, 0, 0, 0, 0, 0, 0, 0, 0, 0, 0, 0, 0, 0, 0, 0.92501, 0.91881, 
0.91774, 0.91791, 0.91578, 0.91716, 0.91536, 0.91571, 0.9151, 
0.91285, 0.91453, 0.92662, 0.91885, 0.91904, 0.91791, 0.91578, 
0.91716, 0.91635, 0.91571, 0.91508, 0.91369, 0.91453, 0.0393, 
0.0489, 0.057, 0.0659, 0.0759, 0.0958, 0.1001, 0.1111, 0.1208, 
0.1279, 0.1432, 123.8, 144.4, 154.3, 161.7, 187.5, 198.6, 206.5, 
217.8, 223.2, 233.6, 254.6, 1, 1, 1, 1, 1, 1, 1, 1, 1, 1, 1, 
1, 1, 1, 1, 1, 1, 1, 1, 1, 1, 1, 1, 1, 1, 1, 1, 1, 1, 1, 1, 1, 
1, 1, 1, 1, 1, 1, 1, 1, 1, 1, 1, 1, 2.667, 2.753, 2.855, 3.178, 
3.099, 3.451, 3.456, 3.604, 3.699, 3.817, 3.918), .Dim = c(11L, 
40L), .Dimnames = list(NULL, c("Sampling", "PSO.cost", "PSO.gamma", 
"PSO.data.balancing", "PSO.feature.selection", "PSO.valid.acc", 
"PSO.test.acc", "PSO.train.time", "PSO.n.support.vectors", "PSO.index", 
"PSO.n.solutions", "PSO.generations", "PSO.n.evaluations", "PSO.cpu.time", 
"RS.cost", "RS.gamma", "RS.data.balancing", "RS.feature.selection", 
"RS.valid.acc", "RS.test.acc", "RS.train.time", "RS.n.support.vectors", 
"RS.index", "RS.n.solutions", "RS.generations", "RS.n.evaluations", 
"RS.cpu.time", "DF.cost", "DF.gamma", "DF.data.balancing", "DF.feature.selection", 
"DF.valid.acc", "DF.test.acc", "DF.train.time", "DF.n.support.vectors", 
"DF.index", "DF.n.solutions", "DF.generations", "DF.n.evaluations", 
"DF.cpu.time")))
