full <-
structure(c(50, 55, 60, 65, 70, 75, 80, 85, 90, 95, 100, 1.16824, 
2.69923, 3.48332, -0.46763, -0.50414, 1.23194, 1, 1, 1.22042, 
-0.00425, 1.79158, -0.23405, -1.56757, -1.85256, -0.16647, -0.37628, 
-14.46429, 0.33333, 0.33333, -0.11897, -0.5545, -1.36024, 0, 
0, 0, 0, 0, 0, 0, 0, 0, 0, 0, 0, 0, 0, 0, 0, 0, 0, 0, 0, 0, 0, 
0.90915, 0.91007, 0.91094, 0.91308, 0.91352, 0.91186, 0.91537, 
0.91473, 0.91686, 0.91537, 0.9177, 0.90282, 0.9028, 0.90298, 
0.91308, 0.91239, 0.91186, 0.91437, 0.91473, 0.91599, 0.91287, 
0.91528, 0.0467, 0.0515, 0.0629, 0.0651, 0.0828, 0.0462, 0.1064, 
0.1135, 0.1267, 0.1269, 0.1589, 154.8, 132, 140, 189.5, 197.2, 
104.7, 199.9, 212.9, 237.7, 239.7, 237.1, 622, 1303, 1566, 169, 
186, 2, 1, 1, 408, 922, 482, 151, 18, 16, 156, 170, 2201, 1821, 
2085, 116, 142, 216, 100, 100, 100, 100, 100, 100, 100, 100, 
100, 100, 100, 2500, 2500, 2500, 2500, 2500, 2500, 2500, 2500, 
2500, 2500, 2500, 8394.466, 9585.368, 8883.27, 9610.512, 14783.231, 
17276.407, 16433.181, 19135.42, 14259.295, 14820.559, 14912.361, 
1.30121, 2.079, 3.90847, 0.22415, 6.30184, 8.00864, 12.20502, 
0.47485, 5.69527, -0.03818, 0.30285, -0.82625, -1.23146, -2.31411, 
-0.87845, -2.78911, -11.3019, -14.58443, -14.34928, -1.76102, 
-0.36043, 2.18413, 0, 0, 0, 0, 0, 0, 0, 0, 0, 0, 0, 0, 0, 0, 
0, 0, 0, 0, 0, 0, 0, 0, 0.91074, 0.9086, 0.90963, 0.91308, 0.91352, 
0.91186, 0.91537, 0.91473, 0.91686, 0.91537, 0.91692, 0.90272, 
0.90425, 0.90298, 0.91184, 0.90668, 0.91186, 0.91537, 0.91473, 
0.91155, 0.91286, 0.9161, 0.0418, 0.0499, 0.0642, 0.0693, 0.1301, 
0.1816, 0.3377, 0.0547, 0.1756, 0.1305, 0.3294, 135.6, 137.9, 
134, 168.5, 147, 274.6, 174.8, 114.5, 197.5, 244.3, 586.7, 17, 
2015, 423, 368, 1355, 2, 1, 1, 702, 1204, 256, 2, 1, 3, 5, 1, 
1388, 1440, 1437, 1, 2, 2, 100, 100, 100, 100, 100, 100, 100, 
100, 100, 100, 100, 2500, 2500, 2500, 2500, 2500, 2500, 2500, 
2500, 2500, 2500, 2500, 9487.435, 10231.566, 11077.02, 14508.996, 
17053.373, 19964.717, 21087.31, 22990.93, 25890.114, 28396.093, 
30595.191, 1, 1, 1, 1, 1, 1, 1, 1, 1, 1, 1, 0.33333, 0.33333, 
0.33333, 0.33333, 0.33333, 0.33333, 0.33333, 0.33333, 0.33333, 
0.33333, 0.33333, 0, 0, 0, 0, 0, 0, 0, 0, 0, 0, 0, 0, 0, 0, 0, 
0, 0, 0, 0, 0, 0, 0, 0.90595, 0.90568, 0.90696, 0.91184, 0.91125, 
0.9108, 0.91537, 0.91473, 0.91419, 0.91371, 0.9137, 0.90751, 
0.90568, 0.90565, 0.91184, 0.91125, 0.9108, 0.91437, 0.91473, 
0.91331, 0.91289, 0.9137, 0.0401, 0.0475, 0.0542, 0.064, 0.0852, 
0.0983, 0.1023, 0.1123, 0.1222, 0.1466, 0.1554, 127, 140.8, 151, 
155.2, 172.7, 192.7, 199.9, 212.9, 229.8, 252.3, 257.1, 1, 1, 
1, 1, 1, 1, 1, 1, 1, 1, 1, 1, 1, 1, 1, 1, 1, 1, 1, 1, 1, 1, 1, 
1, 1, 1, 1, 1, 1, 1, 1, 1, 1, 1, 1, 1, 1, 1, 1, 1, 1, 1, 1, 1, 
2.916, 2.994, 2.962, 3.859, 4.448, 4.824, 4.765, 4.862, 4.504, 
5.125, 5.534), .Dim = c(11L, 40L), .Dimnames = list(NULL, c("Sampling", 
"PSO.cost", "PSO.gamma", "PSO.data.balancing", "PSO.feature.selection", 
"PSO.valid.acc", "PSO.test.acc", "PSO.train.time", "PSO.n.support.vectors", 
"PSO.index", "PSO.n.solutions", "PSO.generations", "PSO.n.evaluations", 
"PSO.cpu.time", "RS.cost", "RS.gamma", "RS.data.balancing", "RS.feature.selection", 
"RS.valid.acc", "RS.test.acc", "RS.train.time", "RS.n.support.vectors", 
"RS.index", "RS.n.solutions", "RS.generations", "RS.n.evaluations", 
"RS.cpu.time", "DF.cost", "DF.gamma", "DF.data.balancing", "DF.feature.selection", 
"DF.valid.acc", "DF.test.acc", "DF.train.time", "DF.n.support.vectors", 
"DF.index", "DF.n.solutions", "DF.generations", "DF.n.evaluations", 
"DF.cpu.time")))
