full <-
structure(c(50, 55, 60, 65, 70, 75, 80, 85, 90, 95, 100, 8.38317, 
5.38874, 0.41728, 0.50129, -0.0967, 0.37377, 1.18371, 0.22992, 
1.13524, 0.90642, 2.07866, -6.02554, -3.97695, -6.92266, 1.10378, 
0.7795, -0.13853, -0.53783, -0.14801, -0.15648, 0.05436, -0.56601, 
0, 0, 0, 0, 0, 0, 0, 0, 0, 0, 0, 0, 0, 0, 0, 0, 0, 0, 0, 0, 0, 
0, 0.91396, 0.91293, 0.91099, 0.91663, 0.91579, 0.91612, 0.92237, 
0.92412, 0.92395, 0.92124, 0.91692, 0.91235, 0.90854, 0.91099, 
0.91292, 0.91465, 0.91403, 0.91641, 0.92223, 0.92127, 0.91786, 
0.91369, 0.0828, 0.0701, 0.0529, 0.0965, 0.0946, 0.0819, 0.0873, 
0.1077, 0.113, 0.1313, 0.1393, 91.6, 116.8, 183.3, 288.2, 274.3, 
201.3, 190.2, 229, 220.2, 259, 235.5, 24, 434, 3, 149, 84, 344, 
320, 260, 807, 956, 1134, 590, 148, 2095, 120, 506, 150, 432, 
747, 66, 257, 130, 100, 100, 100, 100, 100, 100, 100, 100, 100, 
100, 100, 2500, 2500, 2500, 2500, 2500, 2500, 2500, 2500, 2500, 
2500, 2500, 10336.016, 10459.119, 11093.493, 11611.067, 9892.409, 
12982.061, 10275.522, 10159.223, 13152.31, 12447.588, 17539.12, 
-0.39405, 6.23863, 0.55048, 11.93721, 0.11115, 12.92984, 1.47924, 
0.54643, -0.06209, 0.61711, 0.34123, 1.69117, -4.269, 0.98534, 
-4.36798, 0.63038, -12.43336, 0.00107, -0.49065, -0.30557, 0.35798, 
1.76693, 0, 0, 0, 0, 0, 0, 0, 0, 0, 0, 0, 0, 0, 0, 0, 0, 0, 0, 
0, 0, 0, 0, 0.91713, 0.91293, 0.91103, 0.91779, 0.91579, 0.9151, 
0.92136, 0.92318, 0.92309, 0.92041, 0.91693, 0.9123, 0.90999, 
0.90301, 0.91166, 0.91465, 0.9151, 0.91839, 0.92223, 0.92131, 
0.9187, 0.91611, 0.0909, 0.0841, 0.0844, 0.6623, 0.0858, 0.5412, 
0.0905, 0.1017, 0.1048, 0.1345, 0.2653, 300.3, 115.9, 267.9, 
139.2, 259.9, 155.8, 203.7, 204.9, 222.9, 280.5, 502, 1146, 674, 
407, 1956, 1524, 1, 1325, 356, 602, 191, 2105, 1, 1, 1, 1, 1, 
1292, 2, 6, 1, 2, 1, 100, 100, 100, 100, 100, 100, 100, 100, 
100, 100, 100, 2500, 2500, 2500, 2500, 2500, 2500, 2500, 2500, 
2500, 2500, 2500, 8624.678, 10494.95, 11709.874, 12960.56, 14881.794, 
17632.926, 20376.32, 19313.748, 21295.73, 25962.159, 28705.257, 
1, 1, 1, 1, 1, 1, 1, 1, 1, 1, 1, 0.33333, 0.33333, 0.33333, 0.33333, 
0.33333, 0.33333, 0.33333, 0.33333, 0.33333, 0.33333, 0.33333, 
0, 0, 0, 0, 0, 0, 0, 0, 0, 0, 0, 0, 0, 0, 0, 0, 0, 0, 0, 0, 0, 
0, 0.91235, 0.91003, 0.90836, 0.91417, 0.91009, 0.9151, 0.9174, 
0.91852, 0.91777, 0.91622, 0.91453, 0.91235, 0.91003, 0.91099, 
0.91417, 0.91124, 0.9151, 0.9174, 0.91759, 0.91777, 0.91539, 
0.91372, 0.0401, 0.0519, 0.0599, 0.067, 0.0749, 0.081, 0.0938, 
0.0957, 0.117, 0.1312, 0.15, 118.4, 146, 158.7, 168.7, 175.9, 
183.6, 190.8, 200.4, 210.8, 235.1, 255.1, 1, 1, 1, 1, 1, 1, 1, 
1, 1, 1, 1, 1, 1, 1, 1, 1, 1, 1, 1, 1, 1, 1, 1, 1, 1, 1, 1, 1, 
1, 1, 1, 1, 1, 1, 1, 1, 1, 1, 1, 1, 1, 1, 1, 1, 3.069, 3.058, 
3.333, 3.154, 3.238, 3.375, 3.563, 3.383, 3.849, 4.029, 4.298
), .Dim = c(11L, 40L), .Dimnames = list(NULL, c("Sampling", "PSO.cost", 
"PSO.gamma", "PSO.data.balancing", "PSO.feature.selection", "PSO.valid.acc", 
"PSO.test.acc", "PSO.train.time", "PSO.n.support.vectors", "PSO.index", 
"PSO.n.solutions", "PSO.generations", "PSO.n.evaluations", "PSO.cpu.time", 
"RS.cost", "RS.gamma", "RS.data.balancing", "RS.feature.selection", 
"RS.valid.acc", "RS.test.acc", "RS.train.time", "RS.n.support.vectors", 
"RS.index", "RS.n.solutions", "RS.generations", "RS.n.evaluations", 
"RS.cpu.time", "DF.cost", "DF.gamma", "DF.data.balancing", "DF.feature.selection", 
"DF.valid.acc", "DF.test.acc", "DF.train.time", "DF.n.support.vectors", 
"DF.index", "DF.n.solutions", "DF.generations", "DF.n.evaluations", 
"DF.cpu.time")))
