full <-
structure(c(50, 55, 60, 65, 70, 75, 80, 85, 90, 95, 100, 13.36298, 
12.98083, -0.14259, 0.42207, 0.52159, 0.88805, 0.13618, 1.4939, 
-0.34538, 0.77873, 0.32667, -11.85437, -4.15982, 1.57453, 1.9371, 
1.57624, 1.12717, 1.88322, -0.05515, 1.61048, 0.84316, 2.06865, 
0, 0, 0, 0, 0, 0, 0, 0, 0, 0, 0, 0, 0, 0, 0, 0, 0, 0, 0, 0, 0, 
0, 0.91868, 0.91899, 0.91896, 0.92272, 0.92604, 0.92675, 0.92136, 
0.9232, 0.92218, 0.92462, 0.91848, 0.91868, 0.9146, 0.91759, 
0.91906, 0.92375, 0.9236, 0.92136, 0.92133, 0.9204, 0.92294, 
0.9169, 0.2795, 0.5688, 0.0955, 0.1356, 0.1357, 0.1113, 0.1888, 
0.1081, 0.1765, 0.1457, 0.3002, 115.2, 110.6, 321.2, 392.5, 352.4, 
293.5, 446.6, 225.1, 415.8, 320.2, 556.1, 2, 2400, 991, 621, 
2041, 2317, 1985, 711, 1338, 571, 459, 2024, 3, 147, 283, 2, 
2, 6, 91, 45, 468, 399, 100, 100, 100, 100, 100, 100, 100, 100, 
100, 100, 100, 2500, 2500, 2500, 2500, 2500, 2500, 2500, 2500, 
2500, 2500, 2500, 12619.99, 18321.939, 8697.633, 9541.55099999999, 
9779.5, 12923.408, 12788.729, 12270.775, 15518.234, 10510.323, 
18586.55, 11.33647, 0.5342, 1.63638, 0.36788, 0.57054, 0.88116, 
0.18703, 1.33905, -0.62652, 0.35027, 0.29278, -8.71595, 1.36976, 
0.1858, 1.99745, 1.24268, 1.04025, 1.26742, 0.02948, -0.19122, 
0.8447, 2.04849, 0, 0, 0, 0, 0, 0, 0, 0, 0, 0, 0, 0, 0, 0, 0, 
0, 0, 0, 0, 0, 0, 0, 0.91868, 0.9218, 0.91761, 0.9215, 0.9249, 
0.9257, 0.92035, 0.9232, 0.92129, 0.92377, 0.91848, 0.91868, 
0.92035, 0.91626, 0.91906, 0.9226, 0.92255, 0.92034, 0.92133, 
0.91864, 0.92294, 0.91768, 0.4659, 0.0754, 0.0537, 0.1564, 0.1092, 
0.1065, 0.1284, 0.1046, 0.1128, 0.1546, 0.2973, 145.9, 268.7, 
166.1, 404.6, 300.9, 283.8, 330.5, 230.3, 245.1, 323.2, 552.7, 
1, 394, 345, 1638, 1859, 1123, 204, 816, 32, 1912, 771, 1395, 
2, 6, 1, 1, 1, 1, 1, 6, 1, 1, 100, 100, 100, 100, 100, 100, 100, 
100, 100, 100, 100, 2500, 2500, 2500, 2500, 2500, 2500, 2500, 
2500, 2500, 2500, 2500, 9562.598, 10172.903, 11562.084, 13984.071, 
14654.87, 16178.409, 18694.88, 21201.41, 23566.27, 23640.317, 
27983.461, 1, 1, 1, 1, 1, 1, 1, 1, 1, 1, 1, 0.33333, 0.33333, 
0.33333, 0.33333, 0.33333, 0.33333, 0.33333, 0.33333, 0.33333, 
0.33333, 0.33333, 0, 0, 0, 0, 0, 0, 0, 0, 0, 0, 0, 0, 0, 0, 0, 
0, 0, 0, 0, 0, 0, 0, 0.91389, 0.91603, 0.91229, 0.91414, 0.91804, 
0.9204, 0.91838, 0.9185, 0.91952, 0.91791, 0.9145, 0.9155, 0.91747, 
0.91229, 0.91537, 0.91804, 0.9204, 0.91937, 0.91756, 0.91952, 
0.91791, 0.9145, 0.0375, 0.0442, 0.0533, 0.064, 0.0733, 0.0844, 
0.0992, 0.1076, 0.1189, 0.13, 0.1485, 118, 122.3, 144.1, 154.4, 
162, 174.5, 202.6, 214.3, 229.5, 233.8, 253.7, 1, 1, 1, 1, 1, 
1, 1, 1, 1, 1, 1, 1, 1, 1, 1, 1, 1, 1, 1, 1, 1, 1, 1, 1, 1, 1, 
1, 1, 1, 1, 1, 1, 1, 1, 1, 1, 1, 1, 1, 1, 1, 1, 1, 1, 2.666, 
2.875, 2.871, 3.118, 3.318, 3.496, 3.623, 3.395, 3.556, 3.896, 
4.024), .Dim = c(11L, 40L), .Dimnames = list(NULL, c("Sampling", 
"PSO.cost", "PSO.gamma", "PSO.data.balancing", "PSO.feature.selection", 
"PSO.valid.acc", "PSO.test.acc", "PSO.train.time", "PSO.n.support.vectors", 
"PSO.index", "PSO.n.solutions", "PSO.generations", "PSO.n.evaluations", 
"PSO.cpu.time", "RS.cost", "RS.gamma", "RS.data.balancing", "RS.feature.selection", 
"RS.valid.acc", "RS.test.acc", "RS.train.time", "RS.n.support.vectors", 
"RS.index", "RS.n.solutions", "RS.generations", "RS.n.evaluations", 
"RS.cpu.time", "DF.cost", "DF.gamma", "DF.data.balancing", "DF.feature.selection", 
"DF.valid.acc", "DF.test.acc", "DF.train.time", "DF.n.support.vectors", 
"DF.index", "DF.n.solutions", "DF.generations", "DF.n.evaluations", 
"DF.cpu.time")))
