full <-
structure(c(50, 55, 60, 65, 70, 75, 80, 85, 90, 95, 100, -0.20206, 
7.41524, 1.25064, 7.89747, 3.10624, -0.39484, 0.63333, 3.30368, 
2.36882, 0.13126, 0.21272, -0.11909, -3.97897, -1.37643, -3.74482, 
-2.32352, -0.73226, -0.11475, -1.8276, -0.40384, 0.28169, 0.48717, 
0, 0, 0, 0, 0, 0, 0, 0, 0, 0, 0, 0, 0, 0, 0, 0, 0, 0, 0, 0, 0, 
0, 0.91714, 0.91448, 0.91631, 0.91789, 0.91688, 0.91929, 0.91836, 
0.91758, 0.91597, 0.91709, 0.91771, 0.91058, 0.91007, 0.91363, 
0.91417, 0.9146, 0.91823, 0.91738, 0.91481, 0.9133, 0.91454, 
0.91288, 0.0391, 0.1, 0.0566, 0.1419, 0.072, 0.0709, 0.086, 0.1072, 
0.0999, 0.1206, 0.1319, 146, 113.9, 143.1, 127.6, 138.5, 182.1, 
220.8, 181.3, 206, 274.4, 304.7, 113, 270, 775, 1269, 100, 1135, 
476, 258, 1195, 657, 491, 166, 108, 39, 54, 81, 79, 106, 282, 
189, 72, 224, 100, 100, 100, 100, 100, 100, 100, 100, 100, 100, 
100, 2500, 2500, 2500, 2500, 2500, 2500, 2500, 2500, 2500, 2500, 
2500, 8901.18, 8457.924, 8461.513, 9493.97399999999, 9574.602, 
9678.83199999999, 10382.929, 10131.145, 12256.962, 15399.079, 
13224.511, -0.64926, 3.494, 0.21918, 7.53978, 4.00906, -0.55976, 
1.70478, 1.74664, 1.76407, 0.40348, 0.2831, 0.00861, -2.5099, 
0.2173, -3.48282, -12.91145, 0.2173, -0.66388, -0.28658, -0.00502, 
0.01114, 1.94623, 0, 0, 0, 0, 0, 0, 0, 0, 0, 0, 0, 0, 0, 0, 0, 
0, 0, 0, 0, 0, 0, 0, 0.91714, 0.91448, 0.91501, 0.91789, 0.91576, 
0.91929, 0.91836, 0.91758, 0.91597, 0.91626, 0.91693, 0.9155, 
0.91299, 0.9137, 0.91417, 0.91576, 0.91823, 0.91639, 0.91666, 
0.91418, 0.91371, 0.91449, 0.0413, 0.0517, 0.0571, 0.1214, 0.037, 
0.0752, 0.0855, 0.0911, 0.1105, 0.116, 0.2401, 152.8, 118.5, 
188.6, 126.8, 105.1, 215.2, 186.7, 200.3, 217.7, 252.7, 536.5, 
134, 97, 1218, 69, 2, 282, 1135, 477, 518, 1312, 939, 3, 1, 1, 
1, 1441, 3, 1, 5, 1, 2, 1, 100, 100, 100, 100, 100, 100, 100, 
100, 100, 100, 100, 2500, 2500, 2500, 2500, 2500, 2500, 2500, 
2500, 2500, 2500, 2500, 9223.98, 10443.238, 11206.448, 11743.493, 
12300.825, 13312.695, 16749.129, 19268.073, 20085.339, 24473.275, 
27642.354, 1, 1, 1, 1, 1, 1, 1, 1, 1, 1, 1, 0.33333, 0.33333, 
0.33333, 0.33333, 0.33333, 0.33333, 0.33333, 0.33333, 0.33333, 
0.33333, 0.33333, 0, 0, 0, 0, 0, 0, 0, 0, 0, 0, 0, 0, 0, 0, 0, 
0, 0, 0, 0, 0, 0, 0, 0.91394, 0.91154, 0.91498, 0.91544, 0.91461, 
0.91824, 0.91443, 0.91569, 0.91417, 0.91539, 0.91371, 0.91394, 
0.91299, 0.91363, 0.91544, 0.91461, 0.91717, 0.91344, 0.91569, 
0.91328, 0.91539, 0.91452, 0.0359, 0.0473, 0.0507, 0.057, 0.0631, 
0.0705, 0.0831, 0.0961, 0.1075, 0.1198, 0.1322, 114.8, 137.9, 
142.4, 148.1, 158.6, 163.2, 184.9, 194.6, 209.8, 231.3, 249.3, 
1, 1, 1, 1, 1, 1, 1, 1, 1, 1, 1, 1, 1, 1, 1, 1, 1, 1, 1, 1, 1, 
1, 1, 1, 1, 1, 1, 1, 1, 1, 1, 1, 1, 1, 1, 1, 1, 1, 1, 1, 1, 1, 
1, 1, 2.687, 2.966, 2.971, 2.932, 2.999, 3.128, 3.152, 3.436, 
3.434, 3.561, 3.871), .Dim = c(11L, 40L), .Dimnames = list(NULL, 
    c("Sampling", "PSO.cost", "PSO.gamma", "PSO.data.balancing", 
    "PSO.feature.selection", "PSO.valid.acc", "PSO.test.acc", 
    "PSO.train.time", "PSO.n.support.vectors", "PSO.index", "PSO.n.solutions", 
    "PSO.generations", "PSO.n.evaluations", "PSO.cpu.time", "RS.cost", 
    "RS.gamma", "RS.data.balancing", "RS.feature.selection", 
    "RS.valid.acc", "RS.test.acc", "RS.train.time", "RS.n.support.vectors", 
    "RS.index", "RS.n.solutions", "RS.generations", "RS.n.evaluations", 
    "RS.cpu.time", "DF.cost", "DF.gamma", "DF.data.balancing", 
    "DF.feature.selection", "DF.valid.acc", "DF.test.acc", "DF.train.time", 
    "DF.n.support.vectors", "DF.index", "DF.n.solutions", "DF.generations", 
    "DF.n.evaluations", "DF.cpu.time")))
