full <-
structure(c(50, 55, 60, 65, 70, 75, 80, 85, 90, 95, 100, 1, 1, 
1, 1, 1, 1, 0.40163, 0.52827, 0.70815, 9.04741, 0.44613, 0.33333, 
0.33333, 0.33333, 0.33333, 0.33333, 0.33333, 0.96255, 1.6744, 
1.04136, -3.86307, -0.20771, 0, 0, 0, 0, 0, 0, 0, 0, 0, 0, 0, 
0, 0, 0, 0, 0, 0, 0, 0, 0, 0, 0, 0.90922, 0.91025, 0.90971, 0.91416, 
0.91575, 0.91611, 0.91735, 0.91849, 0.9186, 0.91535, 0.91852, 
0.90922, 0.91025, 0.90971, 0.91416, 0.91575, 0.91611, 0.91435, 
0.91754, 0.91505, 0.91033, 0.91772, 0.0468, 0.0531, 0.0639, 0.0737, 
0.0778, 0.095, 0.1075, 0.183, 0.1464, 0.9101, 0.1406, 132.8, 
145.8, 158.7, 167.6, 177.4, 184.9, 286, 420, 338.2, 211, 259.2, 
1, 1, 1, 1, 1, 1, 456, 482, 1917, 882, 1635, 1915, 2028, 1973, 
1982, 1994, 1954, 161, 315, 21, 65, 2, 100, 100, 100, 100, 100, 
100, 100, 100, 100, 100, 100, 2500, 2500, 2500, 2500, 2500, 2500, 
2500, 2500, 2500, 2500, 2500, 10714.836, 12594.285, 13395.331, 
11909.146, 19530.086, 26713.394, 14977.559, 16560.29, 18527.562, 
33878.669, 17850.782, 0.05901, 5.57508, 1.26624, 0.27099, 0.17881, 
0.08198, 0.9081, 0.67995, 0.80947, 0.74178, 0.479, -8.36053, 
-14.03382, -2.74479, 1.71476, 1.38449, 2.30372, 0.43199, 0.93535, 
1.06053, -0.89054, 0.21467, 0, 0, 0, 0, 0, 0, 0, 0, 0, 0, 0, 
0, 0, 0, 0, 0, 0, 0, 0, 0, 0, 0, 0.90922, 0.91025, 0.90971, 0.91538, 
0.91689, 0.91822, 0.91636, 0.91755, 0.91683, 0.91452, 0.91851, 
0.90922, 0.91025, 0.90971, 0.91294, 0.9169, 0.91501, 0.91336, 
0.91475, 0.91505, 0.91283, 0.91692, 0.0425, 0.0298, 0.0799, 0.1174, 
0.1189, 0.2284, 0.0992, 0.1246, 0.1498, 0.1383, 0.1426, 143.8, 
81.8, 172, 371.8, 334, 498.8, 228.9, 269.5, 338.7, 240.8, 277.5, 
1, 1, 1, 325, 503, 1290, 81, 32, 1462, 1467, 301, 1337, 1518, 
1506, 2, 1, 2, 1, 4, 2, 4, 2, 100, 100, 100, 100, 100, 100, 100, 
100, 100, 100, 100, 2500, 2500, 2500, 2500, 2500, 2500, 2500, 
2500, 2500, 2500, 2500, 11969.928, 13447.848, 15751.282, 15573.707, 
19073.184, 20982.684, 24195.182, 24941.894, 26374.045, 26741.588, 
29380.427, 1, 1, 1, 1, 1, 1, 1, 1, 1, 1, 1, 0.33333, 0.33333, 
0.33333, 0.33333, 0.33333, 0.33333, 0.33333, 0.33333, 0.33333, 
0.33333, 0.33333, 0, 0, 0, 0, 0, 0, 0, 0, 0, 0, 0, 0, 0, 0, 0, 
0, 0, 0, 0, 0, 0, 0, 0.90922, 0.91025, 0.90971, 0.91416, 0.91575, 
0.91611, 0.91339, 0.91567, 0.91153, 0.91119, 0.91372, 0.90922, 
0.91025, 0.90971, 0.91416, 0.91575, 0.91611, 0.91339, 0.91567, 
0.91153, 0.91119, 0.91452, 0.0461, 0.0552, 0.0639, 0.0688, 0.0873, 
0.0909, 0.1039, 0.1173, 0.1233, 0.1424, 0.1538, 132.8, 145.8, 
158.7, 167.6, 177.4, 184.9, 204.6, 208.9, 231.1, 247.1, 250.6, 
1, 1, 1, 1, 1, 1, 1, 1, 1, 1, 1, 1, 1, 1, 1, 1, 1, 1, 1, 1, 1, 
1, 1, 1, 1, 1, 1, 1, 1, 1, 1, 1, 1, 1, 1, 1, 1, 1, 1, 1, 1, 1, 
1, 1, 3.305, 3.533, 3.637, 3.195, 4.177, 3.807, 3.897, 4.445, 
3.94, 4.392, 4.457), .Dim = c(11L, 40L), .Dimnames = list(NULL, 
    c("Sampling", "PSO.cost", "PSO.gamma", "PSO.data.balancing", 
    "PSO.feature.selection", "PSO.valid.acc", "PSO.test.acc", 
    "PSO.train.time", "PSO.n.support.vectors", "PSO.index", "PSO.n.solutions", 
    "PSO.generations", "PSO.n.evaluations", "PSO.cpu.time", "RS.cost", 
    "RS.gamma", "RS.data.balancing", "RS.feature.selection", 
    "RS.valid.acc", "RS.test.acc", "RS.train.time", "RS.n.support.vectors", 
    "RS.index", "RS.n.solutions", "RS.generations", "RS.n.evaluations", 
    "RS.cpu.time", "DF.cost", "DF.gamma", "DF.data.balancing", 
    "DF.feature.selection", "DF.valid.acc", "DF.test.acc", "DF.train.time", 
    "DF.n.support.vectors", "DF.index", "DF.n.solutions", "DF.generations", 
    "DF.n.evaluations", "DF.cpu.time")))
