full <-
structure(c(50, 55, 60, 65, 70, 75, 80, 85, 90, 95, 100, 15, 
15, 4.96963, 2.43705, 2.93076, 0.40076, 0.24325, 1.38871, 2.18542, 
1.97228, 0.30938, -6.77367, -7.71725, -3.65215, -2.76419, -2.84978, 
1.43457, 0.9251, -0.12024, -0.37531, -0.12194, 0.93927, 0, 0, 
0, 0, 0, 0, 0, 0, 0, 0, 0, 0, 0, 0, 0, 0, 0, 0, 0, 0, 0, 0, 0.92027, 
0.91881, 0.92037, 0.92026, 0.91235, 0.91504, 0.91242, 0.91199, 
0.91596, 0.91792, 0.91854, 0.91546, 0.91591, 0.92037, 0.91784, 
0.9112, 0.91394, 0.91042, 0.90637, 0.91507, 0.91454, 0.91771, 
1.7986, 2.1145, 0.1093, 0.0807, 0.1132, 0.1406, 0.1172, 0.1065, 
0.1123, 0.1201, 0.1606, 104, 108.4, 138, 153.3, 178.4, 362, 311.4, 
231.9, 218.8, 233.5, 354.7, 84, 163, 14, 28, 152, 1777, 951, 
1773, 1081, 455, 146, 248, 228, 255, 238, 493, 9, 83, 69, 98, 
449, 880, 100, 100, 100, 100, 100, 100, 100, 100, 100, 100, 100, 
2500, 2500, 2500, 2500, 2500, 2500, 2500, 2500, 2500, 2500, 2500, 
24720.759, 24059.38, 16945.219, 9919.577, 9000.734, 13289.214, 
11844.775, 18535.724, 11443.356, 11556.466, 15486.609, 13.55404, 
14.37051, 1.20908, 2.77528, 2.54641, 0.36498, 4.41813, 1.31781, 
1.9926, 2.02203, 0.25302, -6.33978, -7.40962, -0.61496, -3.10882, 
-2.75256, 0.90472, -1.9216, 0.01164, -0.37473, -0.23889, 0.86408, 
0, 0, 0, 0, 0, 0, 0, 0, 0, 0, 0, 0, 0, 0, 0, 0, 0, 0, 0, 0, 0, 
0, 0.92027, 0.91881, 0.9204, 0.92026, 0.91235, 0.91499, 0.91144, 
0.91104, 0.91507, 0.91708, 0.91774, 0.91546, 0.91591, 0.91779, 
0.91784, 0.91235, 0.91181, 0.90842, 0.90542, 0.9133, 0.91538, 
0.91771, 1.0783, 1.8064, 0.0625, 0.0929, 0.1089, 0.1048, 0.1228, 
0.1086, 0.12, 0.1275, 0.1553, 106.6, 107.6, 164.5, 158.8, 179.2, 
286.7, 186.8, 237.5, 220.5, 231.7, 341.7, 245, 60, 7, 1287, 281, 
884, 175, 2274, 795, 593, 652, 2, 12, 1, 3, 16, 1, 7, 1, 5, 1, 
3, 100, 100, 100, 100, 100, 100, 100, 100, 100, 100, 100, 2500, 
2500, 2500, 2500, 2500, 2500, 2500, 2500, 2500, 2500, 2500, 10040.232, 
10958.202, 12113.872, 13126.617, 16040.793, 17765.173, 20623.955, 
23833.744, 25426.317, 24795.616, 27823.384, 1, 1, 1, 1, 1, 1, 
1, 1, 1, 1, 1, 0.33333, 0.33333, 0.33333, 0.33333, 0.33333, 0.33333, 
0.33333, 0.33333, 0.33333, 0.33333, 0.33333, 0, 0, 0, 0, 0, 0, 
0, 0, 0, 0, 0, 0, 0, 0, 0, 0, 0, 0, 0, 0, 0, 0, 0.91543, 0.91446, 
0.91507, 0.91784, 0.9112, 0.91183, 0.91041, 0.90824, 0.91152, 
0.91287, 0.9145, 0.91543, 0.91591, 0.9164, 0.91784, 0.91235, 
0.91183, 0.91041, 0.90824, 0.91152, 0.91287, 0.9145, 0.0463, 
0.0533, 0.0629, 0.0654, 0.0816, 0.0822, 0.0983, 0.1181, 0.1218, 
0.1323, 0.1486, 135.3, 146.6, 158.5, 161.7, 186, 186.5, 211.8, 
230.8, 232.4, 236.9, 255.5, 1, 1, 1, 1, 1, 1, 1, 1, 1, 1, 1, 
1, 1, 1, 1, 1, 1, 1, 1, 1, 1, 1, 1, 1, 1, 1, 1, 1, 1, 1, 1, 1, 
1, 1, 1, 1, 1, 1, 1, 1, 1, 1, 1, 1, 3.004, 2.979, 3.275, 3.028, 
3.389, 3.164, 3.312, 3.708, 3.695, 3.643, 3.836), .Dim = c(11L, 
40L), .Dimnames = list(NULL, c("Sampling", "PSO.cost", "PSO.gamma", 
"PSO.data.balancing", "PSO.feature.selection", "PSO.valid.acc", 
"PSO.test.acc", "PSO.train.time", "PSO.n.support.vectors", "PSO.index", 
"PSO.n.solutions", "PSO.generations", "PSO.n.evaluations", "PSO.cpu.time", 
"RS.cost", "RS.gamma", "RS.data.balancing", "RS.feature.selection", 
"RS.valid.acc", "RS.test.acc", "RS.train.time", "RS.n.support.vectors", 
"RS.index", "RS.n.solutions", "RS.generations", "RS.n.evaluations", 
"RS.cpu.time", "DF.cost", "DF.gamma", "DF.data.balancing", "DF.feature.selection", 
"DF.valid.acc", "DF.test.acc", "DF.train.time", "DF.n.support.vectors", 
"DF.index", "DF.n.solutions", "DF.generations", "DF.n.evaluations", 
"DF.cpu.time")))
