full <-
structure(c(50, 55, 60, 65, 70, 75, 80, 85, 90, 95, 100, 2.62857, 
2.14749, 1.08126, 1, 0.02602, 0.16587, -0.19883, 1.20236, -0.03973, 
0.22392, 0.40907, -2.09122, -2.16185, -7.09187, 0.33333, 1.73761, 
1.61977, 0.89976, -0.42532, 1.90302, 2.30831, 1.68855, 0, 0, 
0, 0, 0, 0, 0, 0, 0, 0, 0, 0, 0, 0, 0, 0, 0, 0, 0, 0, 0, 0, 0.92022, 
0.91881, 0.91761, 0.91546, 0.9135, 0.9161, 0.91637, 0.9185, 0.91858, 
0.91535, 0.92093, 0.92022, 0.91589, 0.91761, 0.91546, 0.91237, 
0.91505, 0.91538, 0.91756, 0.91858, 0.91621, 0.92012, 0.0508, 
0.0543, 0.063, 0.0653, 0.1532, 0.1498, 0.1147, 0.107, 0.2259, 
0.3278, 0.2592, 116.1, 123.2, 186, 153.5, 392, 392.4, 285.8, 
200.2, 493.5, 586.9, 487.1, 774, 878, 3, 1, 488, 928, 202, 1330, 
596, 2339, 130, 51, 51, 2073, 1946, 57, 54, 102, 61, 243, 1, 
363, 100, 100, 100, 100, 100, 100, 100, 100, 100, 100, 100, 2500, 
2500, 2500, 2500, 2500, 2500, 2500, 2500, 2500, 2500, 2500, 13961.832, 
11019.097, 14218.236, 14779.169, 19654.547, 13530.623, 13493.017, 
13900.347, 17218.754, 16873.37, 17114.199, 12.56494, 2.05998, 
13.35837, -0.59974, 0.28895, 0.39835, 0.26656, -0.11458, 0.19023, 
0.12108, 0.43069, -8.39777, -2.07747, -10.29273, -13.55152, 2.43351, 
1.03435, 1.59897, 2.44351, 1.48946, 2.47064, 1.8013, 0, 0, 0, 
0, 0, 0, 0, 0, 0, 0, 0, 0, 0, 0, 0, 0, 0, 0, 0, 0, 0, 0, 0.92022, 
0.91881, 0.91761, 0.91546, 0.9135, 0.91398, 0.91539, 0.91848, 
0.91769, 0.91452, 0.92093, 0.91543, 0.91589, 0.91761, 0.91546, 
0.91123, 0.91078, 0.9134, 0.91566, 0.91503, 0.91452, 0.91932, 
0.9889, 0.0587, 0.8971, 0.0347, 0.2208, 0.1113, 0.1714, 0.3005, 
0.1944, 0.3633, 0.269, 108.1, 123.7, 124.8, 87.6, 490.3, 296.1, 
403.5, 562.3, 412.8, 622, 509.3, 876, 104, 2, 1, 676, 349, 1009, 
955, 488, 616, 996, 3, 1, 1365, 1407, 3, 4, 1, 4, 1, 3, 1, 100, 
100, 100, 100, 100, 100, 100, 100, 100, 100, 100, 2500, 2500, 
2500, 2500, 2500, 2500, 2500, 2500, 2500, 2500, 2500, 12014.455, 
12975.394, 14556.414, 16392.889, 18235.519, 21655.953, 21289.081, 
22684.053, 25384.541, 27716.555, 27709.322, 1, 1, 1, 1, 1, 1, 
1, 1, 1, 1, 1, 0.33333, 0.33333, 0.33333, 0.33333, 0.33333, 0.33333, 
0.33333, 0.33333, 0.33333, 0.33333, 0.33333, 0, 0, 0, 0, 0, 0, 
0, 0, 0, 0, 0, 0, 0, 0, 0, 0, 0, 0, 0, 0, 0, 0, 0.91707, 0.91444, 
0.91628, 0.91546, 0.91237, 0.91397, 0.91538, 0.9166, 0.91419, 
0.91201, 0.91371, 0.91702, 0.91589, 0.91628, 0.91546, 0.91237, 
0.91397, 0.91538, 0.9166, 0.91419, 0.91285, 0.91451, 0.0453, 
0.0525, 0.0564, 0.0669, 0.0772, 0.0941, 0.0967, 0.1128, 0.1265, 
0.1405, 0.1516, 127, 133, 143.7, 153.5, 178.3, 190.3, 194.3, 
211.9, 221, 249.4, 257.6, 1, 1, 1, 1, 1, 1, 1, 1, 1, 1, 1, 1, 
1, 1, 1, 1, 1, 1, 1, 1, 1, 1, 1, 1, 1, 1, 1, 1, 1, 1, 1, 1, 1, 
1, 1, 1, 1, 1, 1, 1, 1, 1, 1, 1, 3.242, 3.46, 3.25, 3.712, 3.697, 
3.773, 3.85, 4.231, 4.557, 4.312, 4.504), .Dim = c(11L, 40L), .Dimnames = list(
    NULL, c("Sampling", "PSO.cost", "PSO.gamma", "PSO.data.balancing", 
    "PSO.feature.selection", "PSO.valid.acc", "PSO.test.acc", 
    "PSO.train.time", "PSO.n.support.vectors", "PSO.index", "PSO.n.solutions", 
    "PSO.generations", "PSO.n.evaluations", "PSO.cpu.time", "RS.cost", 
    "RS.gamma", "RS.data.balancing", "RS.feature.selection", 
    "RS.valid.acc", "RS.test.acc", "RS.train.time", "RS.n.support.vectors", 
    "RS.index", "RS.n.solutions", "RS.generations", "RS.n.evaluations", 
    "RS.cpu.time", "DF.cost", "DF.gamma", "DF.data.balancing", 
    "DF.feature.selection", "DF.valid.acc", "DF.test.acc", "DF.train.time", 
    "DF.n.support.vectors", "DF.index", "DF.n.solutions", "DF.generations", 
    "DF.n.evaluations", "DF.cpu.time")))
