full <-
structure(c(50, 55, 60, 65, 70, 75, 80, 85, 90, 95, 100, 0.77397, 
0.56663, 0.95036, 0.06983, 0.53543, 0.44765, 0.33316, 0.50552, 
0.12866, 1.16567, 0.42264, 0.66825, 1.91814, 0.17943, 1.48943, 
1.84457, 2.44459, 1.30916, 2.74967, 0.48661, 0.59014, 1.24923, 
0, 0, 0, 0, 0, 0, 0, 0, 0, 0, 0, 0, 0, 0, 0, 0, 0, 0, 0, 0, 0, 
0, 0.92513, 0.92165, 0.92292, 0.92279, 0.92488, 0.92136, 0.92129, 
0.92133, 0.91863, 0.91962, 0.9193, 0.92034, 0.91444, 0.91758, 
0.91916, 0.92147, 0.91926, 0.9203, 0.9185, 0.91773, 0.91711, 
0.91607, 0.058, 0.1129, 0.0651, 0.1218, 0.1641, 0.2574, 0.149, 
0.3781, 0.1345, 0.1516, 0.2023, 219.7, 361.9, 203.8, 350.5, 413.9, 
524.6, 359.9, 615.4, 284.5, 290.6, 404.4, 575, 1453, 1673, 118, 
376, 697, 780, 897, 1275, 2035, 1006, 454, 60, 48, 629, 634, 
279, 342, 211, 49, 4, 170, 100, 100, 100, 100, 100, 100, 100, 
100, 100, 100, 100, 2500, 2500, 2500, 2500, 2500, 2500, 2500, 
2500, 2500, 2500, 2500, 8585.18, 9214.822, 8973.995, 14154.342, 
15600.489, 16706.83, 16883.501, 17345.916, 17751.924, 16152.405, 
26600.923, 0.56031, 0.58339, 0.51889, 0.26764, 0.60347, 0.5033, 
0.31973, 0.48442, 0.17142, 1.46957, 0.16083, 1.34028, 1.97809, 
1.21481, 2.06111, 1.44507, 2.63853, 1.3197, 2.30204, 1.03894, 
-0.08506, 0.84995, 0, 0, 0, 0, 0, 0, 0, 0, 0, 0, 0, 0, 0, 0, 
0, 0, 0, 0, 0, 0, 0, 0, 0.92352, 0.92022, 0.92029, 0.92157, 0.92373, 
0.91926, 0.92129, 0.92131, 0.91774, 0.91877, 0.9193, 0.92513, 
0.91444, 0.91895, 0.91916, 0.9226, 0.91609, 0.92129, 0.92225, 
0.91774, 0.91627, 0.91688, 0.0783, 0.1255, 0.0894, 0.1644, 0.1346, 
0.3015, 0.1484, 0.2835, 0.1631, 0.1339, 0.1733, 281.7, 366.5, 
304.5, 422.9, 355.4, 551.4, 360.9, 544.2, 348.8, 238.4, 346.6, 
859, 2487, 1423, 847, 1733, 506, 1584, 2166, 1721, 1236, 2347, 
1, 1, 2, 4, 1, 1, 1, 1, 2, 2, 1, 100, 100, 100, 100, 100, 100, 
100, 100, 100, 100, 100, 2500, 2500, 2500, 2500, 2500, 2500, 
2500, 2500, 2500, 2500, 2500, 10723.442, 12233.168, 14862.009, 
18696.517, 19959.302, 20480.286, 21659.692, 22828.385, 26887.858, 
29204.099, 32310.2709999999, 1, 1, 1, 1, 1, 1, 1, 1, 1, 1, 1, 
0.33333, 0.33333, 0.33333, 0.33333, 0.33333, 0.33333, 0.33333, 
0.33333, 0.33333, 0.33333, 0.33333, 0, 0, 0, 0, 0, 0, 0, 0, 0, 
0, 0, 0, 0, 0, 0, 0, 0, 0, 0, 0, 0, 0, 0.91392, 0.91007, 0.91367, 
0.91668, 0.91581, 0.91502, 0.91436, 0.9157, 0.91419, 0.9137, 
0.9137, 0.91392, 0.91007, 0.91237, 0.91544, 0.91583, 0.91502, 
0.91436, 0.9157, 0.91508, 0.91454, 0.9137, 0.0389, 0.0503, 0.0644, 
0.0749, 0.0841, 0.0933, 0.1013, 0.1099, 0.1319, 0.1465, 0.1602, 
118.3, 136.9, 154.3, 167.3, 184, 187.6, 192.5, 199.8, 221.7, 
239.7, 255.3, 1, 1, 1, 1, 1, 1, 1, 1, 1, 1, 1, 1, 1, 1, 1, 1, 
1, 1, 1, 1, 1, 1, 1, 1, 1, 1, 1, 1, 1, 1, 1, 1, 1, 1, 1, 1, 1, 
1, 1, 1, 1, 1, 1, 1, 3.082, 3.497, 4.88, 5.097, 4.806, 4.712, 
4.976, 4.966, 5.754, 5.986, 5.523), .Dim = c(11L, 40L), .Dimnames = list(
    NULL, c("Sampling", "PSO.cost", "PSO.gamma", "PSO.data.balancing", 
    "PSO.feature.selection", "PSO.valid.acc", "PSO.test.acc", 
    "PSO.train.time", "PSO.n.support.vectors", "PSO.index", "PSO.n.solutions", 
    "PSO.generations", "PSO.n.evaluations", "PSO.cpu.time", "RS.cost", 
    "RS.gamma", "RS.data.balancing", "RS.feature.selection", 
    "RS.valid.acc", "RS.test.acc", "RS.train.time", "RS.n.support.vectors", 
    "RS.index", "RS.n.solutions", "RS.generations", "RS.n.evaluations", 
    "RS.cpu.time", "DF.cost", "DF.gamma", "DF.data.balancing", 
    "DF.feature.selection", "DF.valid.acc", "DF.test.acc", "DF.train.time", 
    "DF.n.support.vectors", "DF.index", "DF.n.solutions", "DF.generations", 
    "DF.n.evaluations", "DF.cpu.time")))
