full <-
structure(c(50, 55, 60, 65, 70, 75, 80, 85, 90, 95, 100, 1.57023, 
2.03543, 1.66065, 0.36078, 0.18222, 1.24861, 2.98787, 0.55118, 
2.08962, 3.31085, 2.45655, -0.66326, -0.22524, -0.57425, 0.92724, 
-0.60652, -0.20775, -0.52184, 2.24425, -1.83297, -2.43118, -1.74179, 
0, 0, 0, 0, 0, 0, 0, 0, 0, 0, 0, 0, 0, 0, 0, 0, 0, 0, 0, 0, 0, 
0, 0.91062, 0.91869, 0.92172, 0.91798, 0.91822, 0.91617, 0.91638, 
0.91768, 0.91775, 0.91622, 0.9185, 0.90898, 0.91285, 0.92167, 
0.91912, 0.91821, 0.91296, 0.91438, 0.9167, 0.91598, 0.91538, 
0.9153, 0.048, 0.0538, 0.0623, 0.0903, 0.0735, 0.0846, 0.0891, 
0.2211, 0.1262, 0.1697, 0.1557, 154.5, 169.5, 174.5, 284.5, 199.4, 
223.3, 197.6, 533.8, 208.6, 220.5, 227.8, 942, 1058, 307, 468, 
327, 1836, 850, 1953, 639, 11, 822, 131, 288, 508, 574, 342, 
13, 167, 1, 159, 330, 38, 100, 100, 100, 100, 100, 100, 100, 
100, 100, 100, 100, 2500, 2500, 2500, 2500, 2500, 2500, 2500, 
2500, 2500, 2500, 2500, 8037.142, 8162.1, 8409.752, 9368.711, 
8653.37700000001, 11497.632, 11038.111, 17152.864, 12172.622, 
14409.231, 15610.162, 1.94916, 0.97515, 1.61266, 0.45663, 0.11222, 
0.30938, 2.34136, 0.30598, 0.29933, 3.3033, 2.04249, -1.1763, 
0.31699, -0.40738, 0.77553, -0.38983, 0.82926, -0.12947, 1.95914, 
1.48165, -2.40642, -1.45141, 0, 0, 0, 0, 0, 0, 0, 0, 0, 0, 0, 
0, 0, 0, 0, 0, 0, 0, 0, 0, 0, 0, 0.90901, 0.91588, 0.92172, 0.91798, 
0.91822, 0.91508, 0.91539, 0.91765, 0.91866, 0.91622, 0.9177, 
0.90737, 0.91006, 0.92035, 0.91912, 0.91707, 0.91401, 0.91438, 
0.91761, 0.91776, 0.91538, 0.91609, 0.045, 0.0598, 0.0616, 0.0819, 
0.0735, 0.0988, 0.0863, 0.1915, 0.159, 0.1652, 0.1416, 141.6, 
211.9, 181.8, 268.5, 207.1, 301.8, 208.4, 482.1, 414.3, 218, 
231.6, 2302, 1838, 1375, 1843, 2206, 2142, 484, 957, 1358, 830, 
1361, 2, 1, 2, 1, 1, 1, 3, 1, 1, 6, 2, 100, 100, 100, 100, 100, 
100, 100, 100, 100, 100, 100, 2500, 2500, 2500, 2500, 2500, 2500, 
2500, 2500, 2500, 2500, 2500, 9758.358, 10464.211, 10769.186, 
11833.227, 12906.662, 15802.716, 17123.437, 19382.419, 21002.406, 
23606.241, 26280.102, 1, 1, 1, 1, 1, 1, 1, 1, 1, 1, 1, 0.33333, 
0.33333, 0.33333, 0.33333, 0.33333, 0.33333, 0.33333, 0.33333, 
0.33333, 0.33333, 0.33333, 0, 0, 0, 0, 0, 0, 0, 0, 0, 0, 0, 0, 
0, 0, 0, 0, 0, 0, 0, 0, 0, 0, 0.90263, 0.90289, 0.91104, 0.91178, 
0.91358, 0.90975, 0.91147, 0.91389, 0.91598, 0.91454, 0.9145, 
0.90419, 0.90436, 0.90972, 0.91298, 0.91474, 0.91083, 0.91147, 
0.91389, 0.91598, 0.91454, 0.9137, 0.0426, 0.0467, 0.0542, 0.0615, 
0.0663, 0.0799, 0.0903, 0.1024, 0.1146, 0.1233, 0.136, 140.8, 
144.8, 155.9, 164.6, 172.3, 195.5, 205, 218.9, 226.7, 243.6, 
251.2, 1, 1, 1, 1, 1, 1, 1, 1, 1, 1, 1, 1, 1, 1, 1, 1, 1, 1, 
1, 1, 1, 1, 1, 1, 1, 1, 1, 1, 1, 1, 1, 1, 1, 1, 1, 1, 1, 1, 1, 
1, 1, 1, 1, 1, 2.749, 2.898, 2.974, 3.013, 2.786, 3.024, 3.138, 
3.498, 3.651, 3.491, 3.737), .Dim = c(11L, 40L), .Dimnames = list(
    NULL, c("Sampling", "PSO.cost", "PSO.gamma", "PSO.data.balancing", 
    "PSO.feature.selection", "PSO.valid.acc", "PSO.test.acc", 
    "PSO.train.time", "PSO.n.support.vectors", "PSO.index", "PSO.n.solutions", 
    "PSO.generations", "PSO.n.evaluations", "PSO.cpu.time", "RS.cost", 
    "RS.gamma", "RS.data.balancing", "RS.feature.selection", 
    "RS.valid.acc", "RS.test.acc", "RS.train.time", "RS.n.support.vectors", 
    "RS.index", "RS.n.solutions", "RS.generations", "RS.n.evaluations", 
    "RS.cpu.time", "DF.cost", "DF.gamma", "DF.data.balancing", 
    "DF.feature.selection", "DF.valid.acc", "DF.test.acc", "DF.train.time", 
    "DF.n.support.vectors", "DF.index", "DF.n.solutions", "DF.generations", 
    "DF.n.evaluations", "DF.cpu.time")))
