full <-
structure(c(50, 55, 60, 65, 70, 75, 80, 85, 90, 95, 100, 1.7624, 
4.74004, 4.33594, 15, 1, 0.47161, 0.51928, 0.73678, 0.03342, 
1.58463, -0.04302, -1.32936, -2.83633, -2.68915, -5.61624, 0.33333, 
0.49779, 0.92869, 0.91971, 1.30715, -0.06326, 1.95381, 0, 0, 
0, 0, 0, 0, 0, 0, 0, 0, 0, 0, 0, 0, 0, 0, 0, 0, 0, 0, 0, 0, 0.91863, 
0.92313, 0.91776, 0.91541, 0.91701, 0.91932, 0.91536, 0.91945, 
0.91771, 0.91624, 0.91609, 0.91707, 0.92024, 0.91239, 0.90799, 
0.91701, 0.91507, 0.91436, 0.91571, 0.91506, 0.91538, 0.9145, 
0.044, 0.0629, 0.071, 3.5877, 0.075, 0.0957, 0.1161, 0.128, 0.145, 
0.1182, 0.266, 121.5, 119.2, 129.5, 136.2, 180.9, 245.7, 304.2, 
306, 377.7, 233.8, 538.9, 1097, 1765, 864, 1912, 1, 1329, 438, 
978, 313, 1301, 1802, 35, 1, 120, 2, 2023, 13, 150, 137, 334, 
143, 56, 100, 100, 100, 100, 100, 100, 100, 100, 100, 100, 100, 
2500, 2500, 2500, 2500, 2500, 2500, 2500, 2500, 2500, 2500, 2500, 
7616.196, 8254.545, 8747.09, 10973.377, 10729.362, 14005.822, 
11001.459, 14087.566, 11790.288, 14189.17, 16438.475, 2.53116, 
8.0785, 3.43407, 6.06039, 11.41947, 0.44151, -0.41439, 0.94541, 
0.12529, 1.53873, 0.6974, -1.84321, -5.11895, -2.36677, -2.93722, 
-13.36658, 0.39468, -0.16511, 0.95898, 1.23822, -0.01526, 0.70999, 
0, 0, 0, 0, 0, 0, 0, 0, 0, 0, 0, 0, 0, 0, 0, 0, 0, 0, 0, 0, 0, 
0, 0.91863, 0.92311, 0.91776, 0.91537, 0.91701, 0.91827, 0.91436, 
0.91851, 0.91682, 0.91624, 0.9153, 0.91863, 0.92026, 0.91239, 
0.90921, 0.91701, 0.91399, 0.91237, 0.91476, 0.91594, 0.91454, 
0.91692, 0.0421, 0.2, 0.0652, 0.1049, 0.2524, 0.0931, 0.088, 
0.1166, 0.1455, 0.123, 0.147, 114.5, 128.4, 134.8, 142.4, 199.7, 
239.6, 222, 308.9, 367.1, 236.2, 321.5, 1474, 91, 1938, 119, 
6, 1163, 236, 2344, 2496, 1016, 1383, 2, 15, 2, 3, 1374, 1, 9, 
1, 1, 1, 9, 100, 100, 100, 100, 100, 100, 100, 100, 100, 100, 
100, 2500, 2500, 2500, 2500, 2500, 2500, 2500, 2500, 2500, 2500, 
2500, 9587.268, 10481.082, 11739.804, 12537.01, 15491.869, 17461.595, 
18142.475, 18509.112, 21650.714, 23594.725, 26763.132, 1, 1, 
1, 1, 1, 1, 1, 1, 1, 1, 1, 0.33333, 0.33333, 0.33333, 0.33333, 
0.33333, 0.33333, 0.33333, 0.33333, 0.33333, 0.33333, 0.33333, 
0, 0, 0, 0, 0, 0, 0, 0, 0, 0, 0, 0, 0, 0, 0, 0, 0, 0, 0, 0, 0, 
0, 0.91387, 0.92169, 0.91508, 0.91418, 0.91701, 0.91398, 0.91336, 
0.91475, 0.91242, 0.9137, 0.91451, 0.91387, 0.92169, 0.91508, 
0.91296, 0.91701, 0.91397, 0.91336, 0.91475, 0.91242, 0.91286, 
0.91372, 0.0415, 0.0476, 0.0571, 0.0638, 0.0818, 0.0858, 0.0941, 
0.0994, 0.1094, 0.128, 0.1437, 127.3, 139.1, 158.1, 174.2, 180.9, 
190.6, 200, 206.6, 223.6, 235.3, 256.6, 1, 1, 1, 1, 1, 1, 1, 
1, 1, 1, 1, 1, 1, 1, 1, 1, 1, 1, 1, 1, 1, 1, 1, 1, 1, 1, 1, 1, 
1, 1, 1, 1, 1, 1, 1, 1, 1, 1, 1, 1, 1, 1, 1, 1, 2.695, 2.694, 
2.762, 2.787, 3.462, 3.423, 3.199, 3.175, 3.249, 3.612, 3.817
), .Dim = c(11L, 40L), .Dimnames = list(NULL, c("Sampling", "PSO.cost", 
"PSO.gamma", "PSO.data.balancing", "PSO.feature.selection", "PSO.valid.acc", 
"PSO.test.acc", "PSO.train.time", "PSO.n.support.vectors", "PSO.index", 
"PSO.n.solutions", "PSO.generations", "PSO.n.evaluations", "PSO.cpu.time", 
"RS.cost", "RS.gamma", "RS.data.balancing", "RS.feature.selection", 
"RS.valid.acc", "RS.test.acc", "RS.train.time", "RS.n.support.vectors", 
"RS.index", "RS.n.solutions", "RS.generations", "RS.n.evaluations", 
"RS.cpu.time", "DF.cost", "DF.gamma", "DF.data.balancing", "DF.feature.selection", 
"DF.valid.acc", "DF.test.acc", "DF.train.time", "DF.n.support.vectors", 
"DF.index", "DF.n.solutions", "DF.generations", "DF.n.evaluations", 
"DF.cpu.time")))
