full <-
structure(c(50, 55, 60, 65, 70, 75, 80, 85, 90, 95, 100, 0.23927, 
0.26062, 0.60505, 1.38843, -0.78255, 0.26641, 0.09999, 0.63853, 
0.77489, -0.59324, -0.13817, -0.21549, 0.19411, 0.26892, 0.34059, 
0.71909, -0.19169, -0.22615, 0.34636, 1.22552, 0.71612, 1.99612, 
0, 0, 0, 0, 0, 0, 0, 0, 0, 0, 0, 0, 0, 0, 0, 0, 0, 0, 0, 0, 0, 
0, 0.9108, 0.9145, 0.91493, 0.91673, 0.91234, 0.91292, 0.91539, 
0.91942, 0.91779, 0.91786, 0.91688, 0.90919, 0.91303, 0.91361, 
0.91182, 0.91007, 0.91186, 0.91539, 0.91755, 0.91603, 0.91619, 
0.91528, 0.0444, 0.0576, 0.0613, 0.0701, 0.0862, 0.0948, 0.0952, 
0.1165, 0.151, 0.1453, 0.2668, 161.2, 189.3, 194.6, 210.2, 265.8, 
222.3, 233.4, 269.5, 361.4, 330.9, 544.6, 1606, 919, 771, 2460, 
277, 260, 607, 754, 1660, 215, 426, 33, 57, 61, 1, 97, 702, 469, 
258, 17, 460, 324, 100, 100, 100, 100, 100, 100, 100, 100, 100, 
100, 100, 2500, 2500, 2500, 2500, 2500, 2500, 2500, 2500, 2500, 
2500, 2500, 11739.762, 10284.929, 12941.885, 10384.484, 17227.014, 
10356.243, 14987.779, 11719.57, 10986.714, 14468.338, 18859.497, 
0.43024, 0.42945, -1.91417, 0.77395, -0.86135, 0.1655, -0.18345, 
0.91568, 0.71613, -0.49951, -0.38174, 0.48544, 0.03842, -1.98189, 
0.36799, 0.95711, -0.41847, -0.1635, -0.68442, 0.745, 0.375, 
2.20533, 0, 0, 0, 0, 0, 0, 0, 0, 0, 0, 0, 0, 0, 0, 0, 0, 0, 0, 
0, 0, 0, 0, 0.90919, 0.91307, 0.91359, 0.9167, 0.91234, 0.91292, 
0.91539, 0.9185, 0.91689, 0.91786, 0.91608, 0.90435, 0.9145, 
0.91359, 0.9167, 0.91007, 0.91186, 0.91539, 0.91756, 0.91865, 
0.91702, 0.91528, 0.0462, 0.0583, 0.061, 0.0774, 0.0919, 0.09, 
0.1069, 0.1104, 0.144, 0.146, 0.3246, 185.1, 180.2, 183.3, 218.3, 
285.8, 216.9, 236.3, 223.3, 303.1, 294.6, 584.3, 47, 443, 1, 
874, 329, 379, 430, 68, 1536, 304, 512, 8, 1, 1514, 3, 3, 3, 
7, 2, 1, 1, 6, 100, 100, 100, 100, 100, 100, 100, 100, 100, 100, 
100, 2500, 2500, 2500, 2500, 2500, 2500, 2500, 2500, 2500, 2500, 
2500, 13214.679, 14105.974, 14782.175, 17987.519, 19290.685, 
21337.625, 21895.001, 23078.223, 23407.033, 26374.638, 26442.796, 
1, 1, 1, 1, 1, 1, 1, 1, 1, 1, 1, 0.33333, 0.33333, 0.33333, 0.33333, 
0.33333, 0.33333, 0.33333, 0.33333, 0.33333, 0.33333, 0.33333, 
0, 0, 0, 0, 0, 0, 0, 0, 0, 0, 0, 0, 0, 0, 0, 0, 0, 0, 0, 0, 0, 
0, 0.9076, 0.91156, 0.91359, 0.91424, 0.9112, 0.90972, 0.91338, 
0.9138, 0.91334, 0.91451, 0.91448, 0.9076, 0.91156, 0.91359, 
0.91424, 0.91007, 0.90972, 0.91437, 0.9138, 0.91334, 0.91451, 
0.91368, 0.0516, 0.0547, 0.0645, 0.0715, 0.0799, 0.0947, 0.1083, 
0.1088, 0.1195, 0.1324, 0.1529, 153.2, 163.6, 164.9, 182, 190.8, 
209.8, 209.9, 214.7, 221.8, 235.4, 252.1, 1, 1, 1, 1, 1, 1, 1, 
1, 1, 1, 1, 1, 1, 1, 1, 1, 1, 1, 1, 1, 1, 1, 1, 1, 1, 1, 1, 1, 
1, 1, 1, 1, 1, 1, 1, 1, 1, 1, 1, 1, 1, 1, 1, 1, 3.364, 3.109, 
3.54, 3.396, 3.518, 3.574, 4.03, 3.776, 3.939, 4.149, 4.525), .Dim = c(11L, 
40L), .Dimnames = list(NULL, c("Sampling", "PSO.cost", "PSO.gamma", 
"PSO.data.balancing", "PSO.feature.selection", "PSO.valid.acc", 
"PSO.test.acc", "PSO.train.time", "PSO.n.support.vectors", "PSO.index", 
"PSO.n.solutions", "PSO.generations", "PSO.n.evaluations", "PSO.cpu.time", 
"RS.cost", "RS.gamma", "RS.data.balancing", "RS.feature.selection", 
"RS.valid.acc", "RS.test.acc", "RS.train.time", "RS.n.support.vectors", 
"RS.index", "RS.n.solutions", "RS.generations", "RS.n.evaluations", 
"RS.cpu.time", "DF.cost", "DF.gamma", "DF.data.balancing", "DF.feature.selection", 
"DF.valid.acc", "DF.test.acc", "DF.train.time", "DF.n.support.vectors", 
"DF.index", "DF.n.solutions", "DF.generations", "DF.n.evaluations", 
"DF.cpu.time")))
