full <-
structure(c(50, 55, 60, 65, 70, 75, 80, 85, 90, 95, 100, 0.2621, 
2.26146, 2.29965, 7.39855, 0.30037, 0.38932, 14.85491, 0.70494, 
-0.00137, 0.75456, 0.36727, 1.19218, -2.23431, -2.49929, -4.06335, 
0.94215, 1.35712, -6.6429, 0.17353, 1.5525, -0.81101, 1.94191, 
0, 0, 0, 0, 0, 0, 0, 0, 0, 0, 0, 0, 0, 0, 0, 0, 0, 0, 0, 0, 0, 
0, 0.9315, 0.9334, 0.935, 0.93145, 0.92273, 0.92676, 0.92337, 
0.92223, 0.91952, 0.91873, 0.91851, 0.92827, 0.9334, 0.93096, 
0.93145, 0.9216, 0.92139, 0.92039, 0.9194, 0.91508, 0.91622, 
0.9185, 0.0629, 0.0518, 0.0656, 0.2169, 0.1042, 0.1441, 5.0767, 
0.0983, 0.2042, 0.1304, 0.2778, 250.3, 115, 126.3, 129.2, 296.3, 
366.9, 143.8, 223.3, 436.5, 226, 533.4, 12, 109, 67, 127, 2089, 
1508, 272, 599, 1051, 509, 843, 233, 169, 149, 717, 7, 34, 449, 
71, 176, 178, 252, 100, 100, 100, 100, 100, 100, 100, 100, 100, 
100, 100, 2500, 2500, 2500, 2500, 2500, 2500, 2500, 2500, 2500, 
2500, 2500, 7739.131, 9101.432, 8343.75, 10858.841, 21831.841, 
13124.121, 74698.598, 16110.818, 16010.486, 16644.432, 15493.573, 
0.20463, 4.51838, 1.11891, 0.40753, 0.3714, 1.12138, 12.37459, 
-0.60263, -0.3694, 0.03858, 0.06599, 0.4605, -3.55211, -1.32216, 
0.94396, 1.11472, 0.261, -5.64604, 1.8222, 1.64598, -0.31351, 
2.07489, 0, 0, 0, 0, 0, 0, 0, 0, 0, 0, 0, 0, 0, 0, 0, 0, 0, 0, 
0, 0, 0, 0, 0.9315, 0.9334, 0.935, 0.93147, 0.92273, 0.92573, 
0.92337, 0.92131, 0.91864, 0.91872, 0.91771, 0.92827, 0.9334, 
0.93235, 0.92778, 0.92047, 0.92035, 0.92139, 0.92037, 0.91598, 
0.91789, 0.9153, 0.0435, 0.0878, 0.051, 0.0933, 0.1138, 0.0889, 
2.131, 0.2076, 0.2028, 0.1229, 0.2984, 165, 125.7, 128, 269.6, 
316.8, 227.1, 153.8, 468.4, 450.1, 242.2, 559.6, 131, 64, 11, 
2045, 2384, 1634, 20, 35, 552, 67, 1555, 4, 9, 5, 1, 2, 2, 4, 
8, 1, 1, 2, 100, 100, 100, 100, 100, 100, 100, 100, 100, 100, 
100, 2500, 2500, 2500, 2500, 2500, 2500, 2500, 2500, 2500, 2500, 
2500, 10971.127, 11590.852, 13154.404, 13228.371, 16154.596, 
15758.088, 16561.807, 19816.246, 23422.501, 25106.331, 27653.907, 
1, 1, 1, 1, 1, 1, 1, 1, 1, 1, 1, 0.33333, 0.33333, 0.33333, 0.33333, 
0.33333, 0.33333, 0.33333, 0.33333, 0.33333, 0.33333, 0.33333, 
0, 0, 0, 0, 0, 0, 0, 0, 0, 0, 0, 0, 0, 0, 0, 0, 0, 0, 0, 0, 0, 
0, 0.92832, 0.93046, 0.93229, 0.92897, 0.9204, 0.9225, 0.92038, 
0.92037, 0.91509, 0.91537, 0.9145, 0.92832, 0.93046, 0.93229, 
0.92897, 0.9204, 0.9225, 0.92038, 0.92037, 0.91509, 0.9162, 0.9145, 
0.0392, 0.0434, 0.052, 0.0586, 0.073, 0.0778, 0.0883, 0.0984, 
0.1154, 0.1257, 0.1479, 116.3, 120.3, 130.7, 140.1, 169.4, 168.4, 
181.4, 192.6, 213.9, 227.4, 249.4, 1, 1, 1, 1, 1, 1, 1, 1, 1, 
1, 1, 1, 1, 1, 1, 1, 1, 1, 1, 1, 1, 1, 1, 1, 1, 1, 1, 1, 1, 1, 
1, 1, 1, 1, 1, 1, 1, 1, 1, 1, 1, 1, 1, 1, 2.711, 2.702, 2.953, 
3.093, 3.248, 3.252, 3.418, 3.546, 3.721, 3.8, 4.079), .Dim = c(11L, 
40L), .Dimnames = list(NULL, c("Sampling", "PSO.cost", "PSO.gamma", 
"PSO.data.balancing", "PSO.feature.selection", "PSO.valid.acc", 
"PSO.test.acc", "PSO.train.time", "PSO.n.support.vectors", "PSO.index", 
"PSO.n.solutions", "PSO.generations", "PSO.n.evaluations", "PSO.cpu.time", 
"RS.cost", "RS.gamma", "RS.data.balancing", "RS.feature.selection", 
"RS.valid.acc", "RS.test.acc", "RS.train.time", "RS.n.support.vectors", 
"RS.index", "RS.n.solutions", "RS.generations", "RS.n.evaluations", 
"RS.cpu.time", "DF.cost", "DF.gamma", "DF.data.balancing", "DF.feature.selection", 
"DF.valid.acc", "DF.test.acc", "DF.train.time", "DF.n.support.vectors", 
"DF.index", "DF.n.solutions", "DF.generations", "DF.n.evaluations", 
"DF.cpu.time")))
