full <-
structure(c(50, 55, 60, 65, 70, 75, 80, 85, 90, 95, 100, 0.72712, 
0.87057, 1.18342, -0.03514, 0.71205, 0.33005, 13.34241, 1.43113, 
0.4221, -0.14525, 0.39441, -0.73311, 0.0157, 0.53236, 1.60643, 
-0.20553, 1.6389, -5.14326, -0.06768, 0.02865, 1.79391, 2.01601, 
0, 0, 0, 0, 0, 0, 0, 0, 0, 0, 0, 0, 0, 0, 0, 0, 0, 0, 0, 0, 0, 
0, 0.91068, 0.90868, 0.90709, 0.90803, 0.91008, 0.91513, 0.9114, 
0.91291, 0.9169, 0.91704, 0.91845, 0.90753, 0.9029, 0.9045, 0.90311, 
0.90892, 0.914, 0.90841, 0.90915, 0.91335, 0.91621, 0.91767, 
0.0466, 0.0542, 0.0655, 0.1275, 0.0843, 0.1565, 3.3926, 0.1089, 
0.1271, 0.2301, 0.2823, 144.1, 181.6, 227.3, 374.7, 220.6, 402, 
178.9, 240.1, 265.8, 498.2, 549.1, 1597, 1758, 1713, 81, 1628, 
819, 319, 754, 2446, 827, 1406, 22, 17, 1, 68, 9, 429, 285, 191, 
1, 218, 35, 100, 100, 100, 100, 100, 100, 100, 100, 100, 100, 
100, 2500, 2500, 2500, 2500, 2500, 2500, 2500, 2500, 2500, 2500, 
2500, 8756.628, 12367.166, 14649.544, 16791.22, 10287.689, 13703.779, 
70026.483, 10813.359, 10968.716, 15269.267, 12688.513, 0.77954, 
2.22034, 0.74537, -0.01904, 2.08414, 0.43689, 14.67198, 1.38965, 
0.26127, -0.07231, 0.1546, -0.8255, -2.24261, 1.23156, 1.65466, 
-1.7752, 1.09928, -5.6104, -0.03986, 0.86583, 1.9406, 0.20362, 
0, 0, 0, 0, 0, 0, 0, 0, 0, 0, 0, 0, 0, 0, 0, 0, 0, 0, 0, 0, 0, 
0, 0.90751, 0.90723, 0.90708, 0.90803, 0.90778, 0.91302, 0.9114, 
0.91291, 0.91513, 0.91704, 0.91689, 0.90909, 0.90723, 0.90448, 
0.90311, 0.90664, 0.91401, 0.90841, 0.90915, 0.91513, 0.91538, 
0.9177, 0.0477, 0.066, 0.0863, 0.1186, 0.0895, 0.1038, 5.8638, 
0.1098, 0.1602, 0.2535, 0.1428, 143.1, 157.4, 307.4, 378.4, 185, 
316.7, 174.6, 242.5, 345.5, 523.9, 280.1, 2161, 37, 1370, 1149, 
245, 514, 641, 272, 1602, 1249, 390, 1, 105, 1, 1, 5, 1, 6, 1, 
1, 3, 2, 100, 100, 100, 100, 100, 100, 100, 100, 100, 100, 100, 
2500, 2500, 2500, 2500, 2500, 2500, 2500, 2500, 2500, 2500, 2500, 
10614.864, 12497.949, 15216.264, 15109.102, 16586.006, 18698.597, 
20740.395, 21373.056, 23978.409, 23333.183, 27096.485, 1, 1, 
1, 1, 1, 1, 1, 1, 1, 1, 1, 0.33333, 0.33333, 0.33333, 0.33333, 
0.33333, 0.33333, 0.33333, 0.33333, 0.33333, 0.33333, 0.33333, 
0, 0, 0, 0, 0, 0, 0, 0, 0, 0, 0, 0, 0, 0, 0, 0, 0, 0, 0, 0, 0, 
0, 0.90592, 0.90578, 0.90441, 0.9019, 0.90552, 0.90871, 0.9064, 
0.90912, 0.91066, 0.91285, 0.91374, 0.90592, 0.90578, 0.90441, 
0.90067, 0.90552, 0.90871, 0.9064, 0.90912, 0.91066, 0.91285, 
0.91374, 0.0494, 0.0547, 0.069, 0.076, 0.0824, 0.0913, 0.1079, 
0.1105, 0.1192, 0.1241, 0.1496, 142.5, 162.1, 179.9, 198.3, 202.7, 
203.8, 218.6, 220.3, 225.9, 236.4, 251.6, 1, 1, 1, 1, 1, 1, 1, 
1, 1, 1, 1, 1, 1, 1, 1, 1, 1, 1, 1, 1, 1, 1, 1, 1, 1, 1, 1, 1, 
1, 1, 1, 1, 1, 1, 1, 1, 1, 1, 1, 1, 1, 1, 1, 1, 3.009, 2.756, 
3.147, 3.016, 3.034, 3.332, 3.596, 3.501, 3.595, 3.517, 3.946
), .Dim = c(11L, 40L), .Dimnames = list(NULL, c("Sampling", "PSO.cost", 
"PSO.gamma", "PSO.data.balancing", "PSO.feature.selection", "PSO.valid.acc", 
"PSO.test.acc", "PSO.train.time", "PSO.n.support.vectors", "PSO.index", 
"PSO.n.solutions", "PSO.generations", "PSO.n.evaluations", "PSO.cpu.time", 
"RS.cost", "RS.gamma", "RS.data.balancing", "RS.feature.selection", 
"RS.valid.acc", "RS.test.acc", "RS.train.time", "RS.n.support.vectors", 
"RS.index", "RS.n.solutions", "RS.generations", "RS.n.evaluations", 
"RS.cpu.time", "DF.cost", "DF.gamma", "DF.data.balancing", "DF.feature.selection", 
"DF.valid.acc", "DF.test.acc", "DF.train.time", "DF.n.support.vectors", 
"DF.index", "DF.n.solutions", "DF.generations", "DF.n.evaluations", 
"DF.cpu.time")))
