full <-
structure(c(50, 55, 60, 65, 70, 75, 80, 85, 90, 95, 100, 1, 1, 
1, 0.65774, 1, -0.24229, 0.59285, 2.33093, 0.57335, 0.42628, 
1.60442, 0.33333, 0.33333, 0.33333, -0.09703, 0.33333, 0.09313, 
0.13388, -0.86544, -0.98919, 1.68299, -0.00562, 0, 0, 0, 0, 0, 
0, 0, 0, 0, 0, 0, 0, 0, 0, 0, 0, 0, 0, 0, 0, 0, 0, 0.92026, 0.9261, 
0.92827, 0.92282, 0.92487, 0.92353, 0.92335, 0.92224, 0.92216, 
0.91958, 0.92008, 0.92026, 0.9261, 0.92827, 0.92038, 0.92487, 
0.9214, 0.92135, 0.9213, 0.9195, 0.91876, 0.91607, 0.0484, 0.053, 
0.0614, 0.0671, 0.0799, 0.0908, 0.0961, 0.1081, 0.1176, 0.2273, 
0.1473, 136.5, 140.3, 149.8, 182.9, 182.8, 225.8, 228.8, 200.2, 
218.1, 465.8, 250.9, 1, 1, 1, 1608, 1, 549, 304, 448, 1071, 140, 
726, 1940, 1966, 2127, 35, 1873, 79, 228, 112, 54, 222, 177, 
100, 100, 100, 100, 100, 100, 100, 100, 100, 100, 100, 2500, 
2500, 2500, 2500, 2500, 2500, 2500, 2500, 2500, 2500, 2500, 8942.013, 
13761.875, 12338.355, 13181.094, 19329.123, 15783.391, 10283.232, 
12979.252, 12026.719, 13991.656, 15227.765, 2.8532, 1.57057, 
3.01034, 0.56567, -0.2168, 0.03268, 0.27058, 2.51459, 6.27687, 
0.29019, 1.56108, -9.9341, -9.49591, -13.10467, 0.3489, -3.7738, 
1.28096, 0.33462, -0.98954, -2.28819, 1.97238, 0.00557, 0, 0, 
0, 0, 0, 0, 0, 0, 0, 0, 0, 0, 0, 0, 0, 0, 0, 0, 0, 0, 0, 0, 0.92026, 
0.9261, 0.92827, 0.92282, 0.92487, 0.92353, 0.92335, 0.92224, 
0.92213, 0.91792, 0.91929, 0.92026, 0.9261, 0.92827, 0.91914, 
0.92487, 0.92247, 0.92235, 0.9213, 0.91947, 0.92042, 0.91607, 
0.0488, 0.0471, 0.0267, 0.0726, 0.0818, 0.127, 0.0998, 0.1114, 
0.2353, 0.2687, 0.1452, 166.2, 155.2, 73.8, 209.4, 215.3, 338.4, 
241.7, 198.1, 196.3, 519.5, 252.5, 2, 5, 2, 785, 1, 1164, 458, 
547, 28, 1801, 586, 1503, 1660, 1713, 2, 1516, 1, 1, 1, 5, 1, 
1, 100, 100, 100, 100, 100, 100, 100, 100, 100, 100, 100, 2500, 
2500, 2500, 2500, 2500, 2500, 2500, 2500, 2500, 2500, 2500, 12143.368, 
13472.883, 14246.377, 15641.263, 17168.09, 20359.612, 22789.358, 
22001.587, 26273.253, 25455.491, 32518.974, 1, 1, 1, 1, 1, 1, 
1, 1, 1, 1, 1, 0.33333, 0.33333, 0.33333, 0.33333, 0.33333, 0.33333, 
0.33333, 0.33333, 0.33333, 0.33333, 0.33333, 0, 0, 0, 0, 0, 0, 
0, 0, 0, 0, 0, 0, 0, 0, 0, 0, 0, 0, 0, 0, 0, 0, 0.92026, 0.9261, 
0.92827, 0.9216, 0.92487, 0.92142, 0.92034, 0.9185, 0.91685, 
0.91454, 0.9145, 0.92026, 0.9261, 0.92827, 0.9216, 0.92487, 0.92142, 
0.92034, 0.9185, 0.91773, 0.91454, 0.9137, 0.0472, 0.053, 0.0578, 
0.0707, 0.082, 0.0944, 0.1048, 0.115, 0.1228, 0.1423, 0.1609, 
136.5, 140.3, 149.8, 169.7, 182.8, 206.4, 219.5, 227.4, 230.1, 
238.9, 257.4, 1, 1, 1, 1, 1, 1, 1, 1, 1, 1, 1, 1, 1, 1, 1, 1, 
1, 1, 1, 1, 1, 1, 1, 1, 1, 1, 1, 1, 1, 1, 1, 1, 1, 1, 1, 1, 1, 
1, 1, 1, 1, 1, 1, 1, 3.071, 3.083, 2.958, 3.429, 3.538, 3.541, 
3.682, 3.842, 3.882, 4.898, 5.12), .Dim = c(11L, 40L), .Dimnames = list(
    NULL, c("Sampling", "PSO.cost", "PSO.gamma", "PSO.data.balancing", 
    "PSO.feature.selection", "PSO.valid.acc", "PSO.test.acc", 
    "PSO.train.time", "PSO.n.support.vectors", "PSO.index", "PSO.n.solutions", 
    "PSO.generations", "PSO.n.evaluations", "PSO.cpu.time", "RS.cost", 
    "RS.gamma", "RS.data.balancing", "RS.feature.selection", 
    "RS.valid.acc", "RS.test.acc", "RS.train.time", "RS.n.support.vectors", 
    "RS.index", "RS.n.solutions", "RS.generations", "RS.n.evaluations", 
    "RS.cpu.time", "DF.cost", "DF.gamma", "DF.data.balancing", 
    "DF.feature.selection", "DF.valid.acc", "DF.test.acc", "DF.train.time", 
    "DF.n.support.vectors", "DF.index", "DF.n.solutions", "DF.generations", 
    "DF.n.evaluations", "DF.cpu.time")))
