full <-
structure(c(50, 55, 60, 65, 70, 75, 80, 85, 90, 95, 100, 0.62009, 
0.50914, 0.10472, 0.15048, 4.94412, 1.2195, 0.41789, 0.87323, 
0.53507, 4.72252, 0.32761, 1.35938, 1.23828, -0.01026, 1.32866, 
-13.37249, 0.0352, 0.43461, -9.21311, 1.65354, -2.51444, 1.50621, 
0, 0, 0, 0, 0, 0, 0, 0, 0, 0, 0, 0, 0, 0, 0, 0, 0, 0, 0, 0, 0, 
0, 0.91403, 0.90715, 0.91098, 0.91546, 0.91696, 0.92037, 0.91435, 
0.91287, 0.91863, 0.91787, 0.91855, 0.91245, 0.9086, 0.90835, 
0.91421, 0.91696, 0.91506, 0.91235, 0.91287, 0.91685, 0.91451, 
0.91613, 0.0789, 0.0909, 0.0652, 0.1141, 0.0397, 0.0924, 0.1138, 
0.0912, 0.2044, 0.2178, 0.2114, 277.5, 293.4, 195.5, 318.7, 101, 
217.3, 274, 223.9, 441.8, 208, 448.9, 423, 444, 569, 319, 3, 
396, 2451, 5, 225, 635, 561, 96, 217, 232, 65, 2278, 196, 2, 
2064, 757, 109, 155, 100, 100, 100, 100, 100, 100, 100, 100, 
100, 100, 100, 2500, 2500, 2500, 2500, 2500, 2500, 2500, 2500, 
2500, 2500, 2500, 10801.666, 9854.632, 12219.394, 12597.312, 
17704.436, 11089.851, 14244.6, 17021.479, 12214.415, 13685.766, 
16364.298, 0.73604, -0.0036, 2.62732, 0.19654, 1.16845, 1.52665, 
0.5818, -0.15868, 0.71095, 4.75675, 6.57566, 0.74969, 1.02251, 
-4.39018, 1.44123, 0.57611, -0.34652, 0.57482, 1.14051, 0.87439, 
-2.48932, -2.96701, 0, 0, 0, 0, 0, 0, 0, 0, 0, 0, 0, 0, 0, 0, 
0, 0, 0, 0, 0, 0, 0, 0, 0.91242, 0.90715, 0.90966, 0.91546, 0.917, 
0.9193, 0.91435, 0.91288, 0.91863, 0.91787, 0.91773, 0.90761, 
0.90717, 0.90966, 0.91544, 0.91471, 0.91506, 0.91333, 0.9138, 
0.91598, 0.91451, 0.9153, 0.0657, 0.0837, 0.0994, 0.1135, 0.0886, 
0.0848, 0.1177, 0.1599, 0.1478, 0.2136, 0.3418, 221.5, 267.3, 
215.5, 331.5, 249.7, 193.7, 284.4, 366, 323.8, 208.7, 214.7, 
347, 83, 1, 520, 1278, 1172, 1713, 478, 144, 564, 1587, 2, 8, 
1598, 1, 1, 2, 1, 1, 8, 2, 2, 100, 100, 100, 100, 100, 100, 100, 
100, 100, 100, 100, 2500, 2500, 2500, 2500, 2500, 2500, 2500, 
2500, 2500, 2500, 2500, 11987.88, 12913.495, 14001.201, 15514.615, 
18007.721, 18469.637, 20959.894, 20792.932, 26399.794, 26003.83, 
28414.782, 1, 1, 1, 1, 1, 1, 1, 1, 1, 1, 1, 0.33333, 0.33333, 
0.33333, 0.33333, 0.33333, 0.33333, 0.33333, 0.33333, 0.33333, 
0.33333, 0.33333, 0, 0, 0, 0, 0, 0, 0, 0, 0, 0, 0, 0, 0, 0, 0, 
0, 0, 0, 0, 0, 0, 0, 0.90763, 0.90572, 0.90966, 0.91421, 0.91583, 
0.91293, 0.9094, 0.91193, 0.91419, 0.91452, 0.91373, 0.90922, 
0.90427, 0.90966, 0.91296, 0.91583, 0.91293, 0.9094, 0.91287, 
0.91419, 0.91452, 0.91373, 0.0454, 0.0537, 0.0607, 0.0681, 0.0772, 
0.0887, 0.1018, 0.1114, 0.13, 0.1419, 0.1509, 130.9, 148.5, 155.7, 
165.9, 176.3, 186.7, 206.9, 215.5, 240.8, 242.9, 250, 1, 1, 1, 
1, 1, 1, 1, 1, 1, 1, 1, 1, 1, 1, 1, 1, 1, 1, 1, 1, 1, 1, 1, 1, 
1, 1, 1, 1, 1, 1, 1, 1, 1, 1, 1, 1, 1, 1, 1, 1, 1, 1, 1, 1, 3.377, 
3.423, 3.355, 3.409, 3.544, 3.632, 3.642, 3.873, 4.079, 4.449, 
4.348), .Dim = c(11L, 40L), .Dimnames = list(NULL, c("Sampling", 
"PSO.cost", "PSO.gamma", "PSO.data.balancing", "PSO.feature.selection", 
"PSO.valid.acc", "PSO.test.acc", "PSO.train.time", "PSO.n.support.vectors", 
"PSO.index", "PSO.n.solutions", "PSO.generations", "PSO.n.evaluations", 
"PSO.cpu.time", "RS.cost", "RS.gamma", "RS.data.balancing", "RS.feature.selection", 
"RS.valid.acc", "RS.test.acc", "RS.train.time", "RS.n.support.vectors", 
"RS.index", "RS.n.solutions", "RS.generations", "RS.n.evaluations", 
"RS.cpu.time", "DF.cost", "DF.gamma", "DF.data.balancing", "DF.feature.selection", 
"DF.valid.acc", "DF.test.acc", "DF.train.time", "DF.n.support.vectors", 
"DF.index", "DF.n.solutions", "DF.generations", "DF.n.evaluations", 
"DF.cpu.time")))
