full <-
structure(c(50, 55, 60, 65, 70, 75, 80, 85, 90, 95, 100, 0.805, 
1.42534, 0.47938, 4.30519, 0.34496, 1.5555, 1.64072, 0.40291, 
-0.66684, 0.44107, -0.0295, 0.36234, -1.44448, 2.50187, -12.85571, 
1.77278, -1.04882, -1.57985, -0.90021, 0.957, 1.66947, 2.15023, 
0, 0, 0, 0, 0, 0, 0, 0, 0, 0, 0, 0, 0, 0, 0, 0, 0, 0, 0, 0, 0, 
0, 0.92342, 0.9217, 0.9244, 0.91914, 0.92042, 0.91718, 0.92136, 
0.91663, 0.91685, 0.91706, 0.91932, 0.91863, 0.9188, 0.9217, 
0.91914, 0.91701, 0.91609, 0.91938, 0.91475, 0.91419, 0.91706, 
0.91772, 0.0436, 0.0477, 0.1899, 0.0344, 0.1509, 0.0783, 0.0878, 
0.0917, 0.1372, 0.2155, 0.2898, 173.8, 128.9, 450.3, 95.3, 406.4, 
167.5, 175.4, 200.6, 340.9, 473.9, 577.6, 404, 63, 1925, 2, 2369, 
8, 918, 428, 439, 1601, 588, 120, 83, 34, 2109, 1, 146, 117, 
264, 225, 48, 146, 100, 100, 100, 100, 100, 100, 100, 100, 100, 
100, 100, 2500, 2500, 2500, 2500, 2500, 2500, 2500, 2500, 2500, 
2500, 2500, 9004.52, 7753.126, 9374.666, 8280.572, 12699.035, 
12491.538, 23040.026, 9668.99599999998, 10333.077, 15310.193, 
16656.122, -0.03326, 13.93372, 0.5652, 12.81873, 13.22188, 1.63107, 
1.74826, 1.31988, -0.43377, 0.14177, -0.01798, -11.04338, -6.38703, 
2.59467, -5.44239, -5.64389, -1.17337, -1.59306, -0.58769, 1.46877, 
0.90051, 2.20823, 0, 0, 0, 0, 0, 0, 0, 0, 0, 0, 0, 0, 0, 0, 0, 
0, 0, 0, 0, 0, 0, 0, 0.9234, 0.9217, 0.92305, 0.92039, 0.92038, 
0.91719, 0.92136, 0.9157, 0.91685, 0.91622, 0.91852, 0.9234, 
0.91588, 0.92172, 0.91795, 0.91701, 0.91715, 0.92037, 0.91383, 
0.9133, 0.91622, 0.91772, 0.0234, 0.6453, 0.2087, 0.7941, 1.0302, 
0.0738, 0.092, 0.0962, 0.1766, 0.1496, 0.3258, 67.8, 107.1, 461.2, 
125.5, 133.9, 166.7, 174.5, 200.5, 423, 345.8, 589.3, 1, 447, 
1328, 463, 98, 2407, 737, 826, 692, 550, 286, 1460, 8, 1, 1, 
7, 1, 1, 2, 1, 1, 1, 100, 100, 100, 100, 100, 100, 100, 100, 
100, 100, 100, 2500, 2500, 2500, 2500, 2500, 2500, 2500, 2500, 
2500, 2500, 2500, 8828.011, 9633.744, 10433.495, 12090.023, 12019.916, 
14056.566, 14728.507, 18040.453, 21529.474, 24601.34, 26916.488, 
1, 1, 1, 1, 1, 1, 1, 1, 1, 1, 1, 0.33333, 0.33333, 0.33333, 0.33333, 
0.33333, 0.33333, 0.33333, 0.33333, 0.33333, 0.33333, 0.33333, 
0, 0, 0, 0, 0, 0, 0, 0, 0, 0, 0, 0, 0, 0, 0, 0, 0, 0, 0, 0, 0, 
0, 0.9234, 0.92027, 0.91905, 0.91669, 0.91586, 0.91404, 0.91537, 
0.91472, 0.91331, 0.91286, 0.91452, 0.9234, 0.92027, 0.91907, 
0.91791, 0.91586, 0.9151, 0.91537, 0.91472, 0.91331, 0.91286, 
0.91452, 0.0378, 0.0469, 0.0484, 0.0586, 0.065, 0.073, 0.0874, 
0.0949, 0.1204, 0.1292, 0.1481, 120.5, 129.7, 136.5, 154, 157, 
170.7, 187.8, 196.2, 218.7, 237.8, 255.9, 1, 1, 1, 1, 1, 1, 1, 
1, 1, 1, 1, 1, 1, 1, 1, 1, 1, 1, 1, 1, 1, 1, 1, 1, 1, 1, 1, 1, 
1, 1, 1, 1, 1, 1, 1, 1, 1, 1, 1, 1, 1, 1, 1, 1, 2.668, 2.959, 
2.737, 2.779, 2.993, 2.882, 3.182, 3.1, 3.639, 3.609, 3.98), .Dim = c(11L, 
40L), .Dimnames = list(NULL, c("Sampling", "PSO.cost", "PSO.gamma", 
"PSO.data.balancing", "PSO.feature.selection", "PSO.valid.acc", 
"PSO.test.acc", "PSO.train.time", "PSO.n.support.vectors", "PSO.index", 
"PSO.n.solutions", "PSO.generations", "PSO.n.evaluations", "PSO.cpu.time", 
"RS.cost", "RS.gamma", "RS.data.balancing", "RS.feature.selection", 
"RS.valid.acc", "RS.test.acc", "RS.train.time", "RS.n.support.vectors", 
"RS.index", "RS.n.solutions", "RS.generations", "RS.n.evaluations", 
"RS.cpu.time", "DF.cost", "DF.gamma", "DF.data.balancing", "DF.feature.selection", 
"DF.valid.acc", "DF.test.acc", "DF.train.time", "DF.n.support.vectors", 
"DF.index", "DF.n.solutions", "DF.generations", "DF.n.evaluations", 
"DF.cpu.time")))
