full <-
structure(c(50, 55, 60, 65, 70, 75, 80, 85, 90, 95, 100, 0.65006, 
0.41079, 1, 0.24877, 0.24219, 1, 1, 1.40066, 0.69022, 1.10723, 
0.5024, 0.19205, 1.63939, 0.33333, 2.18586, 1.90457, 0.33333, 
0.33333, -3.74245, -1.36893, 0.97478, -1.0386, 0, 0, 0, 0, 0, 
0, 0, 0, 0, 0, 0, 0, 0, 0, 0, 0, 0, 0, 0, 0, 0, 0, 0.92816, 0.92898, 
0.92694, 0.9277, 0.925, 0.92035, 0.91637, 0.9138, 0.91419, 0.91869, 
0.91848, 0.92816, 0.92316, 0.92694, 0.92523, 0.92273, 0.92035, 
0.91637, 0.9138, 0.9133, 0.91534, 0.91609, 0.0422, 0.0935, 0.0516, 
0.1794, 0.1674, 0.0867, 0.0973, 0.1537, 0.1308, 0.1707, 0.1485, 
155.3, 312.5, 127.8, 432.3, 416.7, 173.1, 192.7, 267.7, 222.9, 
343.3, 245.6, 745, 837, 1, 1054, 2430, 1, 1, 3, 218, 658, 783, 
47, 163, 1953, 115, 1, 1901, 1838, 2205, 101, 145, 112, 100, 
100, 100, 100, 100, 100, 100, 100, 100, 100, 100, 2500, 2500, 
2500, 2500, 2500, 2500, 2500, 2500, 2500, 2500, 2500, 8381.084, 
9789.532, 10908.495, 13500.578, 12826.46, 15012.445, 16503.395, 
16767.881, 22427.165, 13408.867, 12132.766, 0.16149, 0.2302, 
-0.00976, 0.26094, 0.32556, -0.23208, 7.62852, 0.35798, 13.01474, 
0.81611, 0.62844, 2.14119, 2.44567, 1.60631, 2.29298, 2.62737, 
2.21962, -11.39483, 1.80235, -5.90771, 0.94805, -1.15454, 0, 
0, 0, 0, 0, 0, 0, 0, 0, 0, 0, 0, 0, 0, 0, 0, 0, 0, 0, 0, 0, 0, 
0.92814, 0.92753, 0.92828, 0.9277, 0.92384, 0.92143, 0.91637, 
0.91471, 0.91419, 0.91785, 0.91848, 0.92496, 0.92463, 0.92694, 
0.92523, 0.92384, 0.92035, 0.91637, 0.91566, 0.91152, 0.9145, 
0.91529, 0.1057, 0.1451, 0.1056, 0.1982, 0.2706, 0.2035, 0.1647, 
0.2191, 5.615, 0.1577, 0.1546, 355.6, 409.7, 320.3, 446.8, 523.8, 
491.3, 283, 455.4, 192.4, 342.5, 241, 594, 310, 1009, 33, 2054, 
574, 1, 789, 329, 1311, 947, 2, 8, 3, 4, 1, 1, 1455, 3, 8, 2, 
1, 100, 100, 100, 100, 100, 100, 100, 100, 100, 100, 100, 2500, 
2500, 2500, 2500, 2500, 2500, 2500, 2500, 2500, 2500, 2500, 10056.919, 
10714.129, 12562.803, 14458.411, 16578.475, 17915.66, 20871.134, 
22134.978, 25282.986, 27387.061, 27403.241, 1, 1, 1, 1, 1, 1, 
1, 1, 1, 1, 1, 0.33333, 0.33333, 0.33333, 0.33333, 0.33333, 0.33333, 
0.33333, 0.33333, 0.33333, 0.33333, 0.33333, 0, 0, 0, 0, 0, 0, 
0, 0, 0, 0, 0, 0, 0, 0, 0, 0, 0, 0, 0, 0, 0, 0, 0.92496, 0.92606, 
0.92694, 0.924, 0.92271, 0.92035, 0.91637, 0.91285, 0.91242, 
0.91368, 0.91449, 0.92496, 0.92606, 0.92694, 0.924, 0.92271, 
0.92035, 0.91637, 0.91285, 0.91242, 0.91368, 0.91449, 0.0383, 
0.0434, 0.0555, 0.0655, 0.0735, 0.0835, 0.0939, 0.1115, 0.1344, 
0.1458, 0.1546, 110.1, 119, 127.8, 146.2, 161.7, 173.1, 192.7, 
206.1, 233.3, 243.2, 253.7, 1, 1, 1, 1, 1, 1, 1, 1, 1, 1, 1, 
1, 1, 1, 1, 1, 1, 1, 1, 1, 1, 1, 1, 1, 1, 1, 1, 1, 1, 1, 1, 1, 
1, 1, 1, 1, 1, 1, 1, 1, 1, 1, 1, 1, 2.841, 2.871, 3.236, 3.245, 
3.17, 3.226, 3.295, 3.734, 4.007, 4.081, 4.252), .Dim = c(11L, 
40L), .Dimnames = list(NULL, c("Sampling", "PSO.cost", "PSO.gamma", 
"PSO.data.balancing", "PSO.feature.selection", "PSO.valid.acc", 
"PSO.test.acc", "PSO.train.time", "PSO.n.support.vectors", "PSO.index", 
"PSO.n.solutions", "PSO.generations", "PSO.n.evaluations", "PSO.cpu.time", 
"RS.cost", "RS.gamma", "RS.data.balancing", "RS.feature.selection", 
"RS.valid.acc", "RS.test.acc", "RS.train.time", "RS.n.support.vectors", 
"RS.index", "RS.n.solutions", "RS.generations", "RS.n.evaluations", 
"RS.cpu.time", "DF.cost", "DF.gamma", "DF.data.balancing", "DF.feature.selection", 
"DF.valid.acc", "DF.test.acc", "DF.train.time", "DF.n.support.vectors", 
"DF.index", "DF.n.solutions", "DF.generations", "DF.n.evaluations", 
"DF.cpu.time")))
