full <-
structure(c(50, 55, 60, 65, 70, 75, 80, 85, 90, 95, 100, 1, -0.39995, 
-0.18616, 13.5489, 0.33001, 0.24605, -0.17614, 1.21572, 15, 0.25701, 
-0.03556, 0.33333, -0.36007, 2.01797, -7.28854, 2.12733, 2.06845, 
1.91647, -1.20261, -7.18302, 1.57879, 1.23292, 0, 0, 0, 0, 0, 
0, 0, 0, 0, 0, 0, 0, 0, 0, 0, 0, 0, 0, 0, 0, 0, 0, 0.91396, 0.9203, 
0.91906, 0.9167, 0.91918, 0.91828, 0.91735, 0.92035, 0.91417, 
0.91874, 0.91777, 0.91396, 0.91593, 0.91906, 0.91176, 0.91805, 
0.91723, 0.91636, 0.9138, 0.91329, 0.91623, 0.91614, 0.0404, 
0.0447, 0.1321, 1.9284, 0.1872, 0.2028, 0.1976, 0.1057, 6.8105, 
0.2079, 0.1867, 121.6, 143.1, 377.9, 125.5, 437.2, 458.7, 451.3, 
204, 172.9, 450.8, 405.9, 1, 194, 646, 148, 2254, 1163, 1895, 
469, 648, 734, 2444, 1912, 181, 450, 416, 4, 122, 32, 56, 91, 
326, 1, 100, 100, 100, 100, 100, 100, 100, 100, 100, 100, 100, 
2500, 2500, 2500, 2500, 2500, 2500, 2500, 2500, 2500, 2500, 2500, 
8910.502, 8693.376, 9130.049, 34452.157, 9360.552, 11879.84, 
15556.271, 10773.851, 47635.061, 11973.97, 15533.59, 0.2762, 
0.03138, -0.11358, 0.23909, 0.28886, 0.18527, -0.0516, 0.71128, 
0.17941, 0.22374, 1.50612, -6.3334, 2.21453, 2.16892, 2.15565, 
0.11475, 2.05293, 1.98393, -0.91056, 1.93046, 1.58243, 0.43671, 
0, 0, 0, 0, 0, 0, 0, 0, 0, 0, 0, 0, 0, 0, 0, 0, 0, 0, 0, 0, 0, 
0, 0.91396, 0.9203, 0.91906, 0.9179, 0.91806, 0.91828, 0.91735, 
0.91941, 0.91684, 0.91874, 0.91775, 0.91396, 0.91885, 0.91906, 
0.91667, 0.91692, 0.91723, 0.91536, 0.91381, 0.91682, 0.91539, 
0.91614, 0.0377, 0.1289, 0.1474, 0.1681, 0.0719, 0.1997, 0.2055, 
0.1076, 0.229, 0.1986, 0.1327, 153.5, 377.1, 394.6, 416, 202, 
457.3, 463.4, 212.3, 502.4, 450.7, 275.8, 1, 121, 206, 697, 36, 
464, 1590, 1446, 1866, 702, 1154, 1538, 6, 3, 2, 1, 1, 2, 2, 
1, 2, 2, 100, 100, 100, 100, 100, 100, 100, 100, 100, 100, 100, 
2500, 2500, 2500, 2500, 2500, 2500, 2500, 2500, 2500, 2500, 2500, 
9570.102, 10696.396, 11267.333, 12445, 13430.609, 17031.814, 
18907.445, 18889.461, 21658.619, 25021.9840000001, 27618.845, 
1, 1, 1, 1, 1, 1, 1, 1, 1, 1, 1, 0.33333, 0.33333, 0.33333, 0.33333, 
0.33333, 0.33333, 0.33333, 0.33333, 0.33333, 0.33333, 0.33333, 
0, 0, 0, 0, 0, 0, 0, 0, 0, 0, 0, 0, 0, 0, 0, 0, 0, 0, 0, 0, 0, 
0, 0.91396, 0.91736, 0.91639, 0.91426, 0.91464, 0.91401, 0.91437, 
0.91474, 0.9124, 0.9137, 0.91375, 0.91396, 0.91736, 0.91639, 
0.91549, 0.91464, 0.91296, 0.91537, 0.91474, 0.9124, 0.91454, 
0.91455, 0.0387, 0.0463, 0.0502, 0.0628, 0.0723, 0.0863, 0.0946, 
0.1046, 0.1175, 0.1323, 0.1424, 121.6, 128.2, 139.3, 151.8, 170.5, 
187.7, 200.3, 212, 222.2, 244.9, 250.7, 1, 1, 1, 1, 1, 1, 1, 
1, 1, 1, 1, 1, 1, 1, 1, 1, 1, 1, 1, 1, 1, 1, 1, 1, 1, 1, 1, 1, 
1, 1, 1, 1, 1, 1, 1, 1, 1, 1, 1, 1, 1, 1, 1, 1, 2.735, 2.987, 
2.807, 3.142, 3.25, 3.394, 3.367, 3.505, 3.605, 3.737, 3.845), .Dim = c(11L, 
40L), .Dimnames = list(NULL, c("Sampling", "PSO.cost", "PSO.gamma", 
"PSO.data.balancing", "PSO.feature.selection", "PSO.valid.acc", 
"PSO.test.acc", "PSO.train.time", "PSO.n.support.vectors", "PSO.index", 
"PSO.n.solutions", "PSO.generations", "PSO.n.evaluations", "PSO.cpu.time", 
"RS.cost", "RS.gamma", "RS.data.balancing", "RS.feature.selection", 
"RS.valid.acc", "RS.test.acc", "RS.train.time", "RS.n.support.vectors", 
"RS.index", "RS.n.solutions", "RS.generations", "RS.n.evaluations", 
"RS.cpu.time", "DF.cost", "DF.gamma", "DF.data.balancing", "DF.feature.selection", 
"DF.valid.acc", "DF.test.acc", "DF.train.time", "DF.n.support.vectors", 
"DF.index", "DF.n.solutions", "DF.generations", "DF.n.evaluations", 
"DF.cpu.time")))
