full <-
structure(c(50, 55, 60, 65, 70, 75, 80, 85, 90, 95, 100, 1, 1.31757, 
1, 1, 1, 1, 1, 4.74998, 1.45415, 0.04923, 4.82544, 0.33333, 0.43892, 
0.33333, 0.33333, 0.33333, 0.33333, 0.33333, -2.96346, 0.01255, 
0.95133, -2.38371, 0, 0, 0, 0, 0, 0, 0, 0, 0, 0, 0, 0, 0, 0, 
0, 0, 0, 0, 0, 0, 0, 0, 0.92346, 0.92314, 0.91774, 0.91551, 0.91352, 
0.91403, 0.91239, 0.91663, 0.9177, 0.91792, 0.91847, 0.92346, 
0.92022, 0.91774, 0.91551, 0.91352, 0.91403, 0.91239, 0.91382, 
0.91594, 0.91539, 0.91767, 0.0404, 0.0505, 0.0603, 0.0666, 0.0798, 
0.0918, 0.1038, 0.2025, 0.1204, 0.1585, 0.2303, 106.2, 176.8, 
162.9, 172.4, 182.8, 196.7, 216.4, 193.2, 235.3, 346.2, 218.9, 
1, 1712, 1, 1, 1, 1, 1, 375, 2165, 424, 297, 1848, 1, 2064, 2042, 
1961, 2063, 1939, 89, 1, 554, 23, 100, 100, 100, 100, 100, 100, 
100, 100, 100, 100, 100, 2500, 2500, 2500, 2500, 2500, 2500, 
2500, 2500, 2500, 2500, 2500, 8320.338, 8460.864, 10809.914, 
11330.37, 15559.283, 11879.82, 16528.442, 16960.795, 21552.678, 
15143.97, 23288.239, 9.80491, 0.2495, 8.95496, 14.01792, 12.19898, 
12.06569, -1.57518, 2.32029, 0.5635, 0.07745, 4.0013, -7.79203, 
1.74018, -3.7315, -9.33656, -14.9742, -12.53762, -10.88, -1.85177, 
0.14875, 0.12697, -2.07059, 0, 0, 0, 0, 0, 0, 0, 0, 0, 0, 0, 
0, 0, 0, 0, 0, 0, 0, 0, 0, 0, 0, 0.92346, 0.9231, 0.91779, 0.91551, 
0.91352, 0.91403, 0.91239, 0.9157, 0.91682, 0.91708, 0.91768, 
0.92182, 0.9202, 0.91504, 0.91551, 0.91352, 0.91403, 0.91239, 
0.91569, 0.91771, 0.9154, 0.91687, 0.1849, 0.0968, 0.3414, 1.8549, 
0.2415, 0.4061, 0.0452, 0.1251, 0.1271, 0.1314, 0.1993, 134, 
334.1, 141.9, 132.9, 161.7, 201.6, 114.2, 199.5, 253.8, 269.7, 
221.6, 1, 1345, 980, 1, 2, 2, 2, 1939, 157, 1898, 396, 1416, 
3, 3, 1455, 1578, 1441, 1393, 1, 1, 2, 1, 100, 100, 100, 100, 
100, 100, 100, 100, 100, 100, 100, 2500, 2500, 2500, 2500, 2500, 
2500, 2500, 2500, 2500, 2500, 2500, 9485.322, 11900.538, 14465.434, 
14633.122, 16048.35, 18018.91, 21139.769, 21885.338, 27346.669, 
29182.566, 28266.759, 1, 1, 1, 1, 1, 1, 1, 1, 1, 1, 1, 0.33333, 
0.33333, 0.33333, 0.33333, 0.33333, 0.33333, 0.33333, 0.33333, 
0.33333, 0.33333, 0.33333, 0, 0, 0, 0, 0, 0, 0, 0, 0, 0, 0, 0, 
0, 0, 0, 0, 0, 0, 0, 0, 0, 0, 0.92346, 0.9202, 0.91774, 0.91551, 
0.91352, 0.91403, 0.91239, 0.91477, 0.91504, 0.91287, 0.91448, 
0.92346, 0.9202, 0.91774, 0.91551, 0.91352, 0.91403, 0.91239, 
0.91477, 0.91594, 0.91287, 0.91368, 0.0366, 0.0452, 0.0601, 0.0695, 
0.0824, 0.0893, 0.1023, 0.109, 0.1301, 0.1366, 0.1515, 106.2, 
131.9, 162.9, 172.4, 182.8, 196.7, 216.4, 219.8, 229.3, 244.1, 
249.4, 1, 1, 1, 1, 1, 1, 1, 1, 1, 1, 1, 1, 1, 1, 1, 1, 1, 1, 
1, 1, 1, 1, 1, 1, 1, 1, 1, 1, 1, 1, 1, 1, 1, 1, 1, 1, 1, 1, 1, 
1, 1, 1, 1, 1, 2.792, 2.734, 2.976, 3.255, 3.608, 3.393, 3.585, 
3.593, 4.705, 4.7, 4.975), .Dim = c(11L, 40L), .Dimnames = list(
    NULL, c("Sampling", "PSO.cost", "PSO.gamma", "PSO.data.balancing", 
    "PSO.feature.selection", "PSO.valid.acc", "PSO.test.acc", 
    "PSO.train.time", "PSO.n.support.vectors", "PSO.index", "PSO.n.solutions", 
    "PSO.generations", "PSO.n.evaluations", "PSO.cpu.time", "RS.cost", 
    "RS.gamma", "RS.data.balancing", "RS.feature.selection", 
    "RS.valid.acc", "RS.test.acc", "RS.train.time", "RS.n.support.vectors", 
    "RS.index", "RS.n.solutions", "RS.generations", "RS.n.evaluations", 
    "RS.cpu.time", "DF.cost", "DF.gamma", "DF.data.balancing", 
    "DF.feature.selection", "DF.valid.acc", "DF.test.acc", "DF.train.time", 
    "DF.n.support.vectors", "DF.index", "DF.n.solutions", "DF.generations", 
    "DF.n.evaluations", "DF.cpu.time")))
