full <-
structure(c(50, 55, 60, 65, 70, 75, 80, 85, 90, 95, 100, 1, 0.07546, 
1, 0.13479, -0.10791, -0.51478, 0.04076, 1, 0.43082, 0.14034, 
0.4344, 0.33333, 1.22121, 0.33333, 1.2103, 2.2477, 1.63238, 1.88542, 
0.33333, 1.40872, 0.7629, 1.71721, 0, 0, 0, 0, 0, 0, 0, 0, 0, 
0, 0, 0, 0, 0, 0, 0, 0, 0, 0, 0, 0, 0, 0.91396, 0.91738, 0.91639, 
0.91541, 0.91809, 0.91829, 0.9234, 0.92038, 0.92302, 0.91616, 
0.91856, 0.91396, 0.91448, 0.91639, 0.91421, 0.91581, 0.91829, 
0.92239, 0.92038, 0.92126, 0.9145, 0.91613, 0.0448, 0.0723, 0.0628, 
0.0795, 0.1534, 0.1299, 0.1642, 0.1115, 0.1421, 0.1352, 0.2239, 
129, 257.8, 154.8, 283.4, 452.5, 357.6, 413.8, 207.1, 375.3, 
313.1, 489.9, 1, 1315, 1, 377, 320, 52, 816, 1, 930, 2307, 401, 
2039, 25, 1934, 239, 183, 98, 170, 1978, 136, 5, 681, 100, 100, 
100, 100, 100, 100, 100, 100, 100, 100, 100, 2500, 2500, 2500, 
2500, 2500, 2500, 2500, 2500, 2500, 2500, 2500, 9621.644, 11783.577, 
10997.465, 11160.941, 18170.374, 18326.965, 22682.016, 26635.518, 
17201.289, 24244.665, 11982.117, 2.3881, -0.15392, 0.45529, 0.09976, 
-0.09684, -0.74655, -0.01419, 13.22256, 0.33201, -0.33686, 0.41766, 
-1.66743, 1.83281, 0.90418, 1.58029, 2.07618, 1.55977, 2.16616, 
-10.76882, 1.61424, 2.30435, 1.49706, 0, 0, 0, 0, 0, 0, 0, 0, 
0, 0, 0, 0, 0, 0, 0, 0, 0, 0, 0, 0, 0, 0, 0.91554, 0.91738, 0.91641, 
0.91541, 0.91809, 0.91829, 0.9224, 0.92038, 0.92214, 0.91534, 
0.91855, 0.91396, 0.91448, 0.91507, 0.91666, 0.91581, 0.91721, 
0.92239, 0.92038, 0.92126, 0.91534, 0.91693, 0.0466, 0.1009, 
0.0703, 0.0929, 0.1593, 0.1267, 0.1872, 1.463, 0.1766, 0.3036, 
0.2155, 123.4, 338.1, 241.6, 332.9, 427, 344.7, 468.3, 167.2, 
418.5, 583.3, 448.5, 215, 769, 417, 155, 70, 853, 2247, 1, 222, 
484, 598, 3, 2, 1, 9, 2, 4, 1, 1600, 1, 3, 1, 100, 100, 100, 
100, 100, 100, 100, 100, 100, 100, 100, 2500, 2500, 2500, 2500, 
2500, 2500, 2500, 2500, 2500, 2500, 2500, 11504.861, 11938.049, 
13871.029, 15150.933, 16033.31, 18203.395, 19378.618, 19185.547, 
24671.803, 25803.592, 26868.549, 1, 1, 1, 1, 1, 1, 1, 1, 1, 1, 
1, 0.33333, 0.33333, 0.33333, 0.33333, 0.33333, 0.33333, 0.33333, 
0.33333, 0.33333, 0.33333, 0.33333, 0, 0, 0, 0, 0, 0, 0, 0, 0, 
0, 0, 0, 0, 0, 0, 0, 0, 0, 0, 0, 0, 0, 0.91396, 0.91591, 0.91639, 
0.91419, 0.91582, 0.91721, 0.92039, 0.92038, 0.9195, 0.91451, 
0.91373, 0.91396, 0.91591, 0.91639, 0.91419, 0.91582, 0.91721, 
0.92039, 0.92038, 0.9195, 0.91451, 0.91373, 0.0418, 0.0508, 0.0539, 
0.0659, 0.0786, 0.0875, 0.1001, 0.1028, 0.1272, 0.1294, 0.1417, 
129, 137.4, 154.8, 173, 176, 191.1, 200.1, 207.1, 233.2, 234.6, 
250.9, 1, 1, 1, 1, 1, 1, 1, 1, 1, 1, 1, 1, 1, 1, 1, 1, 1, 1, 
1, 1, 1, 1, 1, 1, 1, 1, 1, 1, 1, 1, 1, 1, 1, 1, 1, 1, 1, 1, 1, 
1, 1, 1, 1, 1, 3.041, 3.085, 2.866, 3.037, 3.287, 3.305, 3.612, 
3.314, 3.702, 3.664, 3.757), .Dim = c(11L, 40L), .Dimnames = list(
    NULL, c("Sampling", "PSO.cost", "PSO.gamma", "PSO.data.balancing", 
    "PSO.feature.selection", "PSO.valid.acc", "PSO.test.acc", 
    "PSO.train.time", "PSO.n.support.vectors", "PSO.index", "PSO.n.solutions", 
    "PSO.generations", "PSO.n.evaluations", "PSO.cpu.time", "RS.cost", 
    "RS.gamma", "RS.data.balancing", "RS.feature.selection", 
    "RS.valid.acc", "RS.test.acc", "RS.train.time", "RS.n.support.vectors", 
    "RS.index", "RS.n.solutions", "RS.generations", "RS.n.evaluations", 
    "RS.cpu.time", "DF.cost", "DF.gamma", "DF.data.balancing", 
    "DF.feature.selection", "DF.valid.acc", "DF.test.acc", "DF.train.time", 
    "DF.n.support.vectors", "DF.index", "DF.n.solutions", "DF.generations", 
    "DF.n.evaluations", "DF.cpu.time")))
