full <-
structure(c(50, 55, 60, 65, 70, 75, 80, 85, 90, 95, 100, 0.52262, 
0.65104, 0.41652, 0.4681, 0.51762, 0.33681, 0.6304, 1, -0.08509, 
1.49608, -0.13849, 2.48588, 2.33071, 2.18788, 1.78625, 1.83994, 
1.50749, 0.44093, 0.33333, 2.04389, -1.71586, 1.9373, 0, 0, 0, 
0, 0, 0, 0, 0, 0, 0, 0, 0, 0, 0, 0, 0, 0, 0, 0, 0, 0, 0, 0.92025, 
0.9218, 0.92167, 0.9191, 0.92156, 0.91504, 0.91241, 0.91287, 
0.9204, 0.91786, 0.91851, 0.91064, 0.91882, 0.919, 0.91788, 0.92161, 
0.91395, 0.90842, 0.91287, 0.91774, 0.91618, 0.9161, 0.1389, 
0.1481, 0.1531, 0.1421, 0.1687, 0.1553, 0.113, 0.1178, 0.2484, 
0.1642, 0.2829, 378.2, 390.1, 399.7, 380.5, 412, 381.6, 264.5, 
219.4, 509.9, 235.2, 530.4, 1736, 1682, 1114, 2244, 815, 1876, 
2459, 1, 1515, 293, 711, 58, 53, 123, 6, 84, 2, 1, 2079, 19, 
147, 319, 100, 100, 100, 100, 100, 100, 100, 100, 100, 100, 100, 
2500, 2500, 2500, 2500, 2500, 2500, 2500, 2500, 2500, 2500, 2500, 
10327.571, 11243.36, 11172.827, 12672.122, 13321.522, 15525.459, 
24933.934, 21082.675, 15906.411, 31864.73, 16395.716, 0.66164, 
0.58492, 0.38861, 0.12074, 0.35879, -0.36854, 0.56018, 4.34537, 
0.02819, 0.14222, -0.37631, 2.37299, 2.52424, 1.91427, 2.44443, 
1.81193, 1.32933, 0.6243, -8.72706, 2.56629, 1.7895, 1.69386, 
0, 0, 0, 0, 0, 0, 0, 0, 0, 0, 0, 0, 0, 0, 0, 0, 0, 0, 0, 0, 0, 
0, 0.91705, 0.92033, 0.92165, 0.91789, 0.92044, 0.91502, 0.91142, 
0.91287, 0.91953, 0.91786, 0.91772, 0.91064, 0.91886, 0.91768, 
0.91546, 0.92156, 0.91395, 0.90743, 0.91287, 0.91686, 0.91786, 
0.9153, 0.1291, 0.1706, 0.1201, 0.1954, 0.1632, 0.1394, 0.1152, 
0.1316, 0.345, 0.2222, 0.2454, 366.8, 407.2, 369.6, 459.6, 407.5, 
349.7, 281, 292.8, 614.9, 482.2, 479.5, 914, 825, 1704, 872, 
313, 1448, 1724, 3, 614, 1701, 1629, 4, 1, 1, 1, 2, 1, 1, 1551, 
2, 1, 1, 100, 100, 100, 100, 100, 100, 100, 100, 100, 100, 100, 
2500, 2500, 2500, 2500, 2500, 2500, 2500, 2500, 2500, 2500, 2500, 
11681.999, 12384.482, 13570.733, 15059.944, 16616.457, 17588.01, 
19193.42, 21024.676, 24919.382, 24813.929, 29728.885, 1, 1, 1, 
1, 1, 1, 1, 1, 1, 1, 1, 0.33333, 0.33333, 0.33333, 0.33333, 0.33333, 
0.33333, 0.33333, 0.33333, 0.33333, 0.33333, 0.33333, 0, 0, 0, 
0, 0, 0, 0, 0, 0, 0, 0, 0, 0, 0, 0, 0, 0, 0, 0, 0, 0, 0, 0.91064, 
0.91309, 0.91509, 0.91667, 0.91702, 0.91395, 0.90943, 0.91287, 
0.91596, 0.91534, 0.91372, 0.91064, 0.91309, 0.91509, 0.91667, 
0.91702, 0.91395, 0.90943, 0.91287, 0.91596, 0.91534, 0.91452, 
0.0523, 0.0569, 0.0675, 0.0773, 0.0872, 0.0945, 0.1137, 0.1178, 
0.1342, 0.1505, 0.1629, 142, 149.6, 168.3, 182.3, 187.8, 194.8, 
217.6, 219.4, 236.7, 252.1, 254.5, 1, 1, 1, 1, 1, 1, 1, 1, 1, 
1, 1, 1, 1, 1, 1, 1, 1, 1, 1, 1, 1, 1, 1, 1, 1, 1, 1, 1, 1, 1, 
1, 1, 1, 1, 1, 1, 1, 1, 1, 1, 1, 1, 1, 1, 3.638, 3.365, 3.376, 
3.394, 3.748, 3.725, 3.905, 3.955, 4.265, 4.39, 4.662), .Dim = c(11L, 
40L), .Dimnames = list(NULL, c("Sampling", "PSO.cost", "PSO.gamma", 
"PSO.data.balancing", "PSO.feature.selection", "PSO.valid.acc", 
"PSO.test.acc", "PSO.train.time", "PSO.n.support.vectors", "PSO.index", 
"PSO.n.solutions", "PSO.generations", "PSO.n.evaluations", "PSO.cpu.time", 
"RS.cost", "RS.gamma", "RS.data.balancing", "RS.feature.selection", 
"RS.valid.acc", "RS.test.acc", "RS.train.time", "RS.n.support.vectors", 
"RS.index", "RS.n.solutions", "RS.generations", "RS.n.evaluations", 
"RS.cpu.time", "DF.cost", "DF.gamma", "DF.data.balancing", "DF.feature.selection", 
"DF.valid.acc", "DF.test.acc", "DF.train.time", "DF.n.support.vectors", 
"DF.index", "DF.n.solutions", "DF.generations", "DF.n.evaluations", 
"DF.cpu.time")))
