full <-
structure(c(50, 55, 60, 65, 70, 75, 80, 85, 90, 95, 100, 5.3796, 
1, 0.13424, 0.37987, 0.37683, 1.15243, 0.34262, 1, 1, 1.62096, 
0.33842, -2.8851, 0.33333, 1.19743, 1.25234, 1.61151, -0.83243, 
1.83491, 0.33333, 0.33333, 0.02967, 0.86402, 0, 0, 0, 0, 0, 0, 
0, 0, 0, 0, 0, 0, 0, 0, 0, 0, 0, 0, 0, 0, 0, 0, 0.9298, 0.91591, 
0.91902, 0.91786, 0.91804, 0.91505, 0.9134, 0.91198, 0.91506, 
0.91622, 0.91854, 0.92501, 0.91591, 0.91508, 0.91663, 0.9169, 
0.91184, 0.91138, 0.91198, 0.91506, 0.91199, 0.91614, 0.0478, 
0.0476, 0.0831, 0.1061, 0.1285, 0.0857, 0.1707, 0.1095, 0.1247, 
0.1244, 0.1617, 98.8, 133.3, 284.5, 311.5, 383.7, 185.7, 436.6, 
221.4, 224.9, 238.8, 340.1, 680, 1, 10, 552, 99, 1306, 1593, 
1, 1, 863, 636, 55, 1812, 83, 61, 67, 41, 19, 1835, 1981, 51, 
250, 100, 100, 100, 100, 100, 100, 100, 100, 100, 100, 100, 2500, 
2500, 2500, 2500, 2500, 2500, 2500, 2500, 2500, 2500, 2500, 7504.1, 
8787.605, 10187.078, 9216.85399999999, 14654.653, 17014.278, 
18481.162, 18427.199, 18396.212, 12738.958, 13626.422, 3.20816, 
-0.96066, -0.08682, 0.37939, 0.35514, -0.65686, 0.30186, 0.89624, 
-0.05645, 1.38256, 0.54749, -2.47756, -0.44318, 2.27531, 1.47428, 
1.36048, -1.65212, 1.81622, -6.14315, 2.3641, -1.06582, 0.75919, 
0, 0, 0, 0, 0, 0, 0, 0, 0, 0, 0, 0, 0, 0, 0, 0, 0, 0, 0, 0, 0, 
0, 0.92819, 0.91591, 0.91902, 0.91786, 0.91804, 0.91401, 0.91241, 
0.91198, 0.91594, 0.91621, 0.91775, 0.9266, 0.91591, 0.91638, 
0.91666, 0.9169, 0.91401, 0.91138, 0.91198, 0.91594, 0.91454, 
0.91454, 0.0413, 0.0436, 0.1533, 0.1044, 0.1167, 0.0863, 0.1853, 
0.1037, 0.2702, 0.1353, 0.162, 101.5, 152, 413.6, 344, 344, 191.6, 
433.7, 283.3, 576.6, 227.9, 325.5, 49, 2, 138, 1696, 159, 1, 
1454, 1, 2448, 1308, 770, 22, 1384, 2, 1, 1, 1536, 1, 1511, 1, 
1, 1, 100, 100, 100, 100, 100, 100, 100, 100, 100, 100, 100, 
2500, 2500, 2500, 2500, 2500, 2500, 2500, 2500, 2500, 2500, 2500, 
8103.265, 10448.767, 11346.765, 13778.713, 14987.184, 17524.135, 
20858.518, 21709.982, 23695.143, 25912.704, 26682.342, 1, 1, 
1, 1, 1, 1, 1, 1, 1, 1, 1, 0.33333, 0.33333, 0.33333, 0.33333, 
0.33333, 0.33333, 0.33333, 0.33333, 0.33333, 0.33333, 0.33333, 
0, 0, 0, 0, 0, 0, 0, 0, 0, 0, 0, 0, 0, 0, 0, 0, 0, 0, 0, 0, 0, 
0, 0.92657, 0.91591, 0.91771, 0.91542, 0.91689, 0.91401, 0.9114, 
0.91198, 0.91506, 0.91454, 0.91372, 0.92657, 0.91591, 0.91771, 
0.91542, 0.91689, 0.91401, 0.9114, 0.91198, 0.91506, 0.9137, 
0.91372, 0.0403, 0.0458, 0.0564, 0.0665, 0.0737, 0.0804, 0.0919, 
0.1161, 0.1196, 0.1311, 0.1503, 124.4, 133.3, 140.7, 159.1, 164.1, 
182.5, 199.7, 221.4, 224.9, 236.3, 248.9, 1, 1, 1, 1, 1, 1, 1, 
1, 1, 1, 1, 1, 1, 1, 1, 1, 1, 1, 1, 1, 1, 1, 1, 1, 1, 1, 1, 1, 
1, 1, 1, 1, 1, 1, 1, 1, 1, 1, 1, 1, 1, 1, 1, 1, 2.781, 2.784, 
2.951, 3.172, 3.191, 3.11, 3.214, 3.71, 3.732, 3.739, 4.114), .Dim = c(11L, 
40L), .Dimnames = list(NULL, c("Sampling", "PSO.cost", "PSO.gamma", 
"PSO.data.balancing", "PSO.feature.selection", "PSO.valid.acc", 
"PSO.test.acc", "PSO.train.time", "PSO.n.support.vectors", "PSO.index", 
"PSO.n.solutions", "PSO.generations", "PSO.n.evaluations", "PSO.cpu.time", 
"RS.cost", "RS.gamma", "RS.data.balancing", "RS.feature.selection", 
"RS.valid.acc", "RS.test.acc", "RS.train.time", "RS.n.support.vectors", 
"RS.index", "RS.n.solutions", "RS.generations", "RS.n.evaluations", 
"RS.cpu.time", "DF.cost", "DF.gamma", "DF.data.balancing", "DF.feature.selection", 
"DF.valid.acc", "DF.test.acc", "DF.train.time", "DF.n.support.vectors", 
"DF.index", "DF.n.solutions", "DF.generations", "DF.n.evaluations", 
"DF.cpu.time")))
