full <-
structure(c(50, 55, 60, 65, 70, 75, 80, 85, 90, 95, 100, 1, 0.2369, 
1.40907, 0.37804, 0.71482, 1.67473, 0.60284, -0.04639, 0.44007, 
7.98691, 0.3484, 0.33333, 0.36829, -1.84046, 2.27369, 0.31762, 
-1.61163, 0.68012, 0.7116, 0.14715, -6.85282, 0.25991, 0, 0, 
0, 0, 0, 0, 0, 0, 0, 0, 0, 0, 0, 0, 0, 0, 0, 0, 0, 0, 0, 0, 0.92346, 
0.92606, 0.92035, 0.92283, 0.92369, 0.91717, 0.92439, 0.92419, 
0.92123, 0.91455, 0.9193, 0.92346, 0.92461, 0.92035, 0.91914, 
0.91913, 0.91503, 0.92137, 0.92138, 0.91679, 0.91455, 0.91611, 
0.0379, 0.0495, 0.0577, 0.1825, 0.0806, 0.0923, 0.1214, 0.1172, 
0.1175, 0.58, 0.1354, 105.2, 169.4, 135.3, 459.2, 220.9, 174.3, 
278.3, 304.1, 257.7, 359.7, 282.3, 1, 347, 141, 895, 175, 1072, 
1476, 797, 588, 3, 599, 1877, 179, 170, 74, 371, 52, 54, 425, 
132, 2117, 345, 100, 100, 100, 100, 100, 100, 100, 100, 100, 
100, 100, 2500, 2500, 2500, 2500, 2500, 2500, 2500, 2500, 2500, 
2500, 2500, 8746.816, 9748.31, 10113.936, 11527.678, 9768.21400000001, 
15532.071, 10164.935, 12374.879, 13290.648, 17193.093, 10962.133, 
0.38573, 0.01237, 0.16796, 0.6381, 1.10831, 0.36918, 0.61494, 
-0.03712, 0.14569, 0.15955, 0.15635, 1.91332, -0.98506, 2.05927, 
2.5616, 0.18351, -0.09372, 0.57022, 0.81427, 0.20238, 2.16454, 
0.44215, 0, 0, 0, 0, 0, 0, 0, 0, 0, 0, 0, 0, 0, 0, 0, 0, 0, 0, 
0, 0, 0, 0, 0.92354, 0.92606, 0.92163, 0.92163, 0.92254, 0.91716, 
0.92339, 0.92327, 0.92036, 0.91623, 0.91929, 0.92351, 0.92461, 
0.92031, 0.91794, 0.92141, 0.91823, 0.92137, 0.92138, 0.91768, 
0.91371, 0.91611, 0.0988, 0.0425, 0.1386, 0.2299, 0.074, 0.0796, 
0.1021, 0.121, 0.1235, 0.2887, 0.1388, 331.2, 120.9, 399.7, 495, 
206.5, 204.1, 269.9, 312.4, 263, 563.5, 295.6, 2332, 157, 809, 
1581, 1554, 465, 1903, 913, 964, 1630, 1813, 1, 8, 2, 2, 1, 1, 
1, 1, 1, 1, 1, 100, 100, 100, 100, 100, 100, 100, 100, 100, 100, 
100, 2500, 2500, 2500, 2500, 2500, 2500, 2500, 2500, 2500, 2500, 
2500, 9180.491, 10310.656, 11630.751, 12981.78, 13851.465, 16256.251, 
17286.053, 18616.459, 22942.682, 26393.033, 27722.377, 1, 1, 
1, 1, 1, 1, 1, 1, 1, 1, 1, 0.33333, 0.33333, 0.33333, 0.33333, 
0.33333, 0.33333, 0.33333, 0.33333, 0.33333, 0.33333, 0.33333, 
0, 0, 0, 0, 0, 0, 0, 0, 0, 0, 0, 0, 0, 0, 0, 0, 0, 0, 0, 0, 0, 
0, 0.92346, 0.92461, 0.92031, 0.92158, 0.91916, 0.91611, 0.91541, 
0.91856, 0.91508, 0.91371, 0.91369, 0.92346, 0.92461, 0.92031, 
0.92158, 0.91916, 0.91611, 0.91541, 0.91858, 0.91508, 0.91454, 
0.91449, 0.0376, 0.0455, 0.0601, 0.0633, 0.0755, 0.085, 0.0928, 
0.1003, 0.1116, 0.1322, 0.1486, 105.2, 123, 140.2, 154.1, 173.6, 
182.2, 190.5, 197.5, 213.9, 242.1, 256.9, 1, 1, 1, 1, 1, 1, 1, 
1, 1, 1, 1, 1, 1, 1, 1, 1, 1, 1, 1, 1, 1, 1, 1, 1, 1, 1, 1, 1, 
1, 1, 1, 1, 1, 1, 1, 1, 1, 1, 1, 1, 1, 1, 1, 1, 3.147, 3.208, 
3.765, 3.438, 3.612, 3.593, 3.714, 3.64, 3.737, 3.931, 4.142), .Dim = c(11L, 
40L), .Dimnames = list(NULL, c("Sampling", "PSO.cost", "PSO.gamma", 
"PSO.data.balancing", "PSO.feature.selection", "PSO.valid.acc", 
"PSO.test.acc", "PSO.train.time", "PSO.n.support.vectors", "PSO.index", 
"PSO.n.solutions", "PSO.generations", "PSO.n.evaluations", "PSO.cpu.time", 
"RS.cost", "RS.gamma", "RS.data.balancing", "RS.feature.selection", 
"RS.valid.acc", "RS.test.acc", "RS.train.time", "RS.n.support.vectors", 
"RS.index", "RS.n.solutions", "RS.generations", "RS.n.evaluations", 
"RS.cpu.time", "DF.cost", "DF.gamma", "DF.data.balancing", "DF.feature.selection", 
"DF.valid.acc", "DF.test.acc", "DF.train.time", "DF.n.support.vectors", 
"DF.index", "DF.n.solutions", "DF.generations", "DF.n.evaluations", 
"DF.cpu.time")))
