full <-
structure(c(50, 55, 60, 65, 70, 75, 80, 85, 90, 95, 100, 1, -0.36414, 
15, 0.08759, 1, 0.37313, 0.63109, 0.83509, 0.53909, 0.13738, 
0.34927, 0.33333, 1.20886, -7.01518, 0.84645, 0.33333, 1.16221, 
0.91882, 1.24483, 0.40932, 2.2503, 0.73757, 0, 0, 0, 0, 0, 0, 
0, 0, 0, 0, 0, 0, 0, 0, 0, 0, 0, 0, 0, 0, 0, 0, 0.90747, 0.90725, 
0.90974, 0.90808, 0.90777, 0.91512, 0.91533, 0.91659, 0.91594, 
0.91451, 0.9201, 0.90747, 0.90433, 0.90446, 0.9081, 0.90777, 
0.91189, 0.90937, 0.91099, 0.91243, 0.91287, 0.91608, 0.0442, 
0.0812, 3.962, 0.0846, 0.0769, 0.1188, 0.1165, 0.1403, 0.1153, 
0.2982, 0.1482, 132, 282.2, 128.8, 271, 180.3, 327, 311, 351.6, 
273.9, 584.2, 323.9, 1, 377, 597, 1107, 1, 791, 269, 1721, 1143, 
1053, 434, 1923, 35, 420, 29, 1978, 337, 469, 46, 60, 355, 433, 
100, 100, 100, 100, 100, 100, 100, 100, 100, 100, 100, 2500, 
2500, 2500, 2500, 2500, 2500, 2500, 2500, 2500, 2500, 2500, 8368.11, 
8977.644, 53864.307, 11301.266, 12291.698, 10151.793, 13602.179, 
10078.669, 11434.518, 15922.732, 12407.85, 6.33065, -0.33785, 
0.38519, 0.53868, 8.92171, 0.32701, 0.5037, 0.8261, -0.07423, 
0.02965, 0.20945, -6.54039, 0.44193, 1.19553, 1.86789, -14.32297, 
0.98425, 0.99288, 1.34156, 0.77376, 2.22819, 0.69416, 0, 0, 0, 
0, 0, 0, 0, 0, 0, 0, 0, 0, 0, 0, 0, 0, 0, 0, 0, 0, 0, 0, 0.90747, 
0.9072, 0.91106, 0.90807, 0.90777, 0.913, 0.91433, 0.91659, 0.91507, 
0.91451, 0.91932, 0.90747, 0.90575, 0.90972, 0.90682, 0.90777, 
0.91084, 0.90936, 0.91099, 0.91331, 0.91371, 0.91768, 0.1189, 
0.0574, 0.0924, 0.1473, 0.0902, 0.1096, 0.1285, 0.1458, 0.1336, 
0.2926, 0.1545, 173.9, 208.6, 298.4, 400.2, 174, 310.2, 320.9, 
367.8, 310.3, 580.5, 319.4, 2, 1379, 1795, 1805, 2, 1310, 1685, 
1927, 537, 2462, 490, 1352, 2, 1, 1, 1457, 1, 1, 1, 3, 1, 1, 
100, 100, 100, 100, 100, 100, 100, 100, 100, 100, 100, 2500, 
2500, 2500, 2500, 2500, 2500, 2500, 2500, 2500, 2500, 2500, 10551.738, 
11161.453, 13400.716, 15593.783, 16748.65, 18158.499, 19786.894, 
20251.375, 25303.121, 25730.764, 26977.348, 1, 1, 1, 1, 1, 1, 
1, 1, 1, 1, 1, 0.33333, 0.33333, 0.33333, 0.33333, 0.33333, 0.33333, 
0.33333, 0.33333, 0.33333, 0.33333, 0.33333, 0, 0, 0, 0, 0, 0, 
0, 0, 0, 0, 0, 0, 0, 0, 0, 0, 0, 0, 0, 0, 0, 0, 0.90747, 0.90437, 
0.90578, 0.90566, 0.90777, 0.90976, 0.91039, 0.91098, 0.91244, 
0.91119, 0.91372, 0.90747, 0.90433, 0.90578, 0.90566, 0.90777, 
0.90976, 0.91039, 0.91098, 0.91244, 0.91119, 0.91453, 0.0403, 
0.0484, 0.0586, 0.0662, 0.0774, 0.0815, 0.0918, 0.1024, 0.119, 
0.1332, 0.1471, 132, 143.3, 154.8, 170, 180.3, 186.5, 199.5, 
215.8, 227.2, 239.5, 254.1, 1, 1, 1, 1, 1, 1, 1, 1, 1, 1, 1, 
1, 1, 1, 1, 1, 1, 1, 1, 1, 1, 1, 1, 1, 1, 1, 1, 1, 1, 1, 1, 1, 
1, 1, 1, 1, 1, 1, 1, 1, 1, 1, 1, 1, 2.756, 2.804, 3.018, 3.109, 
3.224, 3.151, 3.26, 3.288, 3.62, 3.819, 3.987), .Dim = c(11L, 
40L), .Dimnames = list(NULL, c("Sampling", "PSO.cost", "PSO.gamma", 
"PSO.data.balancing", "PSO.feature.selection", "PSO.valid.acc", 
"PSO.test.acc", "PSO.train.time", "PSO.n.support.vectors", "PSO.index", 
"PSO.n.solutions", "PSO.generations", "PSO.n.evaluations", "PSO.cpu.time", 
"RS.cost", "RS.gamma", "RS.data.balancing", "RS.feature.selection", 
"RS.valid.acc", "RS.test.acc", "RS.train.time", "RS.n.support.vectors", 
"RS.index", "RS.n.solutions", "RS.generations", "RS.n.evaluations", 
"RS.cpu.time", "DF.cost", "DF.gamma", "DF.data.balancing", "DF.feature.selection", 
"DF.valid.acc", "DF.test.acc", "DF.train.time", "DF.n.support.vectors", 
"DF.index", "DF.n.solutions", "DF.generations", "DF.n.evaluations", 
"DF.cpu.time")))
