full <-
structure(c(50, 55, 60, 65, 70, 75, 80, 85, 90, 95, 100, 14.60496, 
15, 15, 14.70315, 14.53915, 14.99772, 14.71015, 15, 14.42058, 
14.99879, 15, -7.69262, -6.78546, -7.17058, -6.51238, -6.48861, 
-5.44964, -6.33288, -7.53194, -5.2283, -5.96221, -7.34698, 0, 
0, 0, 0, 0, 0, 0, 0, 0, 0, 0, 0, 0, 0, 0, 0, 0, 0, 0, 0, 0, 0, 
0.98927, 0.99294, 0.99198, 0.99289, 0.99392, 0.99408, 0.99422, 
0.99499, 0.99465, 0.99416, 0.99464, 0.98891, 0.99226, 0.99106, 
0.99203, 0.99234, 0.99112, 0.99376, 0.9926, 0.9928, 0.99338, 
0.9939, 0.2099, 0.2355, 0.2717, 0.2723, 0.2991, 0.3628, 0.3534, 
0.4142, 0.3812, 0.4258, 0.5205, 114.6, 94.7, 105.5, 103, 108.6, 
90.7, 110.4, 131.9, 108.3, 110.2, 142.2, 180, 134, 596, 308, 
425, 358, 241, 246, 721, 1091, 1634, 209, 787, 276, 294, 269, 
92, 550, 952, 414, 9, 2, 100, 100, 100, 100, 100, 100, 100, 100, 
100, 100, 100, 2500, 2500, 2500, 2500, 2500, 2500, 2500, 2500, 
2500, 2500, 2500, 14207.729, 14827.606, 14882.478, 14823.14, 
15843.176, 17672.847, 17781.101, 19067.526, 18308.969, 19936.311, 
21388.0820000001, 14.04276, 13.96322, 14.92976, 14.80134, 14.78535, 
14.93149, 14.84714, 14.29925, 14.59666, 13.41283, 14.63083, -7.09981, 
-6.00171, -6.78338, -6.63529, -8.53672, -4.95801, -6.27619, -5.9762, 
-5.45911, -4.73069, -4.54184, 0, 0, 0, 0, 0, 0, 0, 0, 0, 0, 0, 
0, 0, 0, 0, 0, 0, 0, 0, 0, 0, 0, 0.98927, 0.99193, 0.99137, 0.9926, 
0.99286, 0.99408, 0.99376, 0.99456, 0.99424, 0.99338, 0.9939, 
0.9878, 0.99126, 0.99106, 0.99204, 0.9926, 0.99161, 0.99422, 
0.99412, 0.9926, 0.99318, 0.99297, 0.211, 0.224, 0.2497, 0.2671, 
0.3552, 0.331, 0.3567, 0.3699, 0.4001, 0.4416, 0.462, 115, 100.5, 
101.2, 103.1, 150.6, 90.6, 106.4, 115.5, 107.6, 123.9, 107.6, 
1491, 840, 192, 393, 107, 1856, 44, 2310, 668, 225, 1011, 1, 
4, 2, 3, 3, 1, 3, 1, 2, 4, 2, 100, 100, 100, 100, 100, 100, 100, 
100, 100, 100, 100, 2500, 2500, 2500, 2500, 2500, 2500, 2500, 
2500, 2500, 2500, 2500, 25799.779, 28476.554, 30287.127, 33337.544, 
37562.748, 40133.901, 43414.614, 47663.881, 52133.708, 56958.753, 
65873.027, 1, 1, 1, 1, 1, 1, 1, 1, 1, 1, 1, 0.25, 0.25, 0.25, 
0.25, 0.25, 0.25, 0.25, 0.25, 0.25, 0.25, 0.25, 0, 0, 0, 0, 0, 
0, 0, 0, 0, 0, 0, 0, 0, 0, 0, 0, 0, 0, 0, 0, 0, 0, 0.93157, 0.93542, 
0.93801, 0.93852, 0.94052, 0.94251, 0.94772, 0.94818, 0.95044, 
0.95091, 0.95357, 0.93009, 0.93643, 0.93647, 0.93796, 0.94105, 
0.94153, 0.94586, 0.94753, 0.94941, 0.95305, 0.95172, 0.6274, 
0.7204, 0.7897, 0.8971, 1.0598, 1.1916, 1.2922, 1.4415, 1.527, 
1.6765, 1.8906, 765.2, 814.2, 867.8, 916, 956.9, 1003.4, 1051.5, 
1089.8, 1129, 1166.7, 1215.1, 1, 1, 1, 1, 1, 1, 1, 1, 1, 1, 1, 
1, 1, 1, 1, 1, 1, 1, 1, 1, 1, 1, 1, 1, 1, 1, 1, 1, 1, 1, 1, 1, 
1, 1, 1, 1, 1, 1, 1, 1, 1, 1, 1, 1, 10.386, 10.851, 11.371, 12.648, 
14.528, 16.15, 17.09, 18.806, 19.689, 21.375, 23.711), .Dim = c(11L, 
40L), .Dimnames = list(NULL, c("Sampling", "PSO.cost", "PSO.gamma", 
"PSO.data.balancing", "PSO.feature.selection", "PSO.valid.acc", 
"PSO.test.acc", "PSO.train.time", "PSO.n.support.vectors", "PSO.index", 
"PSO.n.solutions", "PSO.generations", "PSO.n.evaluations", "PSO.cpu.time", 
"RS.cost", "RS.gamma", "RS.data.balancing", "RS.feature.selection", 
"RS.valid.acc", "RS.test.acc", "RS.train.time", "RS.n.support.vectors", 
"RS.index", "RS.n.solutions", "RS.generations", "RS.n.evaluations", 
"RS.cpu.time", "DF.cost", "DF.gamma", "DF.data.balancing", "DF.feature.selection", 
"DF.valid.acc", "DF.test.acc", "DF.train.time", "DF.n.support.vectors", 
"DF.index", "DF.n.solutions", "DF.generations", "DF.n.evaluations", 
"DF.cpu.time")))
