full <-
structure(c(50, 55, 60, 65, 70, 75, 80, 85, 90, 95, 100, 14.70124, 
14.8876, 14.89041, 15, 14.32743, 15, 14.94396, 15, 14.99618, 
15, 14.52237, -9.10894, -9.36075, -9.69546, -9.78516, -9.23516, 
-6.82819, -6.34368, -7.26595, -6.02289, -6.79621, -7.85025, 0, 
0, 0, 0, 0, 0, 0, 0, 0, 0, 0, 0, 0, 0, 0, 0, 0, 0, 0, 0, 0, 0, 
0.9926, 0.99226, 0.9926, 0.99288, 0.99181, 0.99334, 0.99352, 
0.99456, 0.99363, 0.99377, 0.99427, 0.99, 0.99092, 0.99137, 0.99061, 
0.98995, 0.99211, 0.99098, 0.99129, 0.99116, 0.99318, 0.99352, 
0.2412, 0.2763, 0.3146, 0.3366, 0.3797, 0.3184, 0.3579, 0.4022, 
0.4057, 0.4443, 0.5273, 141, 151.1, 173.1, 180.6, 197.9, 114.7, 
110, 128.5, 108.5, 125.8, 172.5, 245, 2442, 265, 474, 725, 184, 
1681, 2094, 174, 294, 2168, 105, 1, 430, 172, 19, 833, 1, 2, 
1316, 138, 3, 100, 100, 100, 100, 100, 100, 100, 100, 100, 100, 
100, 2500, 2500, 2500, 2500, 2500, 2500, 2500, 2500, 2500, 2500, 
2500, 12679.195, 15854.359, 16865.502, 18246.758, 18803.224, 
15297.113, 16418.693, 17602.172, 19683.402, 20724.643, 23307.9090000001, 
14.7845, 14.80722, 14.77746, 14.96616, 14.43679, 14.76814, 14.91703, 
14.94919, 14.94496, 14.75379, 14.86975, -9.21409, -9.2792, -9.46318, 
-10.36234, -9.35393, -9.3047, -6.18643, -7.23752, -5.76732, -7.17226, 
-8.22945, 0, 0, 0, 0, 0, 0, 0, 0, 0, 0, 0, 0, 0, 0, 0, 0, 0, 
0, 0, 0, 0, 0, 0.99223, 0.99193, 0.99199, 0.99203, 0.99154, 0.99211, 
0.9926, 0.99434, 0.9928, 0.99338, 0.9939, 0.98963, 0.99092, 0.99137, 
0.99174, 0.98995, 0.99162, 0.99075, 0.99129, 0.99177, 0.99201, 
0.99352, 0.235, 0.2713, 0.3058, 0.3561, 0.356, 0.4003, 0.3445, 
0.4104, 0.4156, 0.4529, 0.5219, 140.8, 151.6, 168.2, 208.5, 198.4, 
186.8, 107.6, 128.8, 105.6, 141.4, 172.2, 1510, 797, 2164, 233, 
2203, 1871, 1332, 2289, 1346, 475, 450, 1, 1, 2, 1, 1, 1, 1, 
1, 1, 2, 1, 100, 100, 100, 100, 100, 100, 100, 100, 100, 100, 
100, 2500, 2500, 2500, 2500, 2500, 2500, 2500, 2500, 2500, 2500, 
2500, 23727.452, 28847.76, 31618.646, 35400.523, 37172.278, 41141.34, 
43712.139, 48901.231, 52476.294, 59386.0209999999, 65069.0009999999, 
1, 1, 1, 1, 1, 1, 1, 1, 1, 1, 1, 0.25, 0.25, 0.25, 0.25, 0.25, 
0.25, 0.25, 0.25, 0.25, 0.25, 0.25, 0, 0, 0, 0, 0, 0, 0, 0, 0, 
0, 0, 0, 0, 0, 0, 0, 0, 0, 0, 0, 0, 0, 0.92825, 0.93575, 0.93372, 
0.9368, 0.93524, 0.94202, 0.94563, 0.94862, 0.94838, 0.9513, 
0.95302, 0.93047, 0.93576, 0.93496, 0.93538, 0.9355, 0.94128, 
0.94633, 0.94797, 0.94838, 0.95189, 0.95357, 0.6142, 0.7153, 
0.8252, 0.9608, 1.0696, 1.1624, 1.3135, 1.4156, 1.5353, 1.6432, 
1.8265, 763.4, 813.6, 858.1, 908.4, 956.7, 1004.1, 1045.5, 1084, 
1125.8, 1173.9, 1212, 1, 1, 1, 1, 1, 1, 1, 1, 1, 1, 1, 1, 1, 
1, 1, 1, 1, 1, 1, 1, 1, 1, 1, 1, 1, 1, 1, 1, 1, 1, 1, 1, 1, 1, 
1, 1, 1, 1, 1, 1, 1, 1, 1, 1, 10.022, 11.184, 12.462, 13.876, 
14.129, 15.92, 16.744, 18.705, 20.085, 21.073, 23.268), .Dim = c(11L, 
40L), .Dimnames = list(NULL, c("Sampling", "PSO.cost", "PSO.gamma", 
"PSO.data.balancing", "PSO.feature.selection", "PSO.valid.acc", 
"PSO.test.acc", "PSO.train.time", "PSO.n.support.vectors", "PSO.index", 
"PSO.n.solutions", "PSO.generations", "PSO.n.evaluations", "PSO.cpu.time", 
"RS.cost", "RS.gamma", "RS.data.balancing", "RS.feature.selection", 
"RS.valid.acc", "RS.test.acc", "RS.train.time", "RS.n.support.vectors", 
"RS.index", "RS.n.solutions", "RS.generations", "RS.n.evaluations", 
"RS.cpu.time", "DF.cost", "DF.gamma", "DF.data.balancing", "DF.feature.selection", 
"DF.valid.acc", "DF.test.acc", "DF.train.time", "DF.n.support.vectors", 
"DF.index", "DF.n.solutions", "DF.generations", "DF.n.evaluations", 
"DF.cpu.time")))
