full <-
structure(c(50, 55, 60, 65, 70, 75, 80, 85, 90, 95, 100, 14.38003, 
15, 14.27722, 13.54346, 14.09517, 14.89318, 14.22728, 14.58681, 
14.16907, 14.42613, 14.02861, -7.11029, -5.89282, -4.77188, -4.43003, 
-4.83316, -6.46909, -6.24261, -6.7605, -5.86505, -6.54703, -5.43987, 
0, 0, 0, 0, 0, 0, 0, 0, 0, 0, 0, 0, 0, 0, 0, 0, 0, 0, 0, 0, 0, 
0, 0.99038, 0.99226, 0.99199, 0.99345, 0.99392, 0.99334, 0.99445, 
0.9939, 0.99465, 0.99591, 0.99464, 0.9926, 0.99126, 0.98983, 
0.99089, 0.99127, 0.9926, 0.99376, 0.99042, 0.99424, 0.99377, 
0.99408, 0.2093, 0.2334, 0.248, 0.2769, 0.2868, 0.3065, 0.3631, 
0.4044, 0.3931, 0.4461, 0.4787, 100.2, 85.7, 90.2, 102.8, 98.4, 
106.6, 119.4, 123.6, 121.9, 135.3, 129.2, 575, 694, 1529, 378, 
1250, 410, 1209, 1909, 764, 923, 2446, 54, 15, 71, 716, 141, 
104, 8, 3, 240, 59, 1, 100, 100, 100, 100, 100, 100, 100, 100, 
100, 100, 100, 2500, 2500, 2500, 2500, 2500, 2500, 2500, 2500, 
2500, 2500, 2500, 13771.765, 13928.625, 14765.065, 15638.149, 
15299.692, 16756.388, 18894.633, 18861.776, 19483.949, 20618.447, 
21207.4090000001, 12.29569, 14.74189, 14.42163, 13.3515, 14.14281, 
14.94812, 14.75245, 14.50965, 13.78698, 14.78385, 14.75419, -3.29322, 
-5.64654, -4.81183, -4.22854, -4.8474, -6.36433, -6.58191, -6.62842, 
-5.89537, -7.31926, -6.07848, 0, 0, 0, 0, 0, 0, 0, 0, 0, 0, 0, 
0, 0, 0, 0, 0, 0, 0, 0, 0, 0, 0, 0.99038, 0.99125, 0.99137, 0.99317, 
0.99339, 0.99285, 0.99422, 0.99282, 0.99424, 0.99552, 0.99445, 
0.9889, 0.99092, 0.98921, 0.99118, 0.99127, 0.9926, 0.99353, 
0.99064, 0.99342, 0.99299, 0.99353, 0.1899, 0.2339, 0.2475, 0.2552, 
0.2893, 0.3284, 0.3347, 0.4127, 0.4065, 0.4683, 0.5139, 105.5, 
87.2, 88.6, 104, 97.5, 104.6, 115.2, 123, 128.9, 143.1, 124.1, 
981, 1975, 2324, 2167, 456, 1412, 1897, 33, 111, 1025, 34, 3, 
2, 1, 1, 1, 1, 1, 2, 3, 1, 3, 100, 100, 100, 100, 100, 100, 100, 
100, 100, 100, 100, 2500, 2500, 2500, 2500, 2500, 2500, 2500, 
2500, 2500, 2500, 2500, 25527.213, 27418.625, 30992.645, 33475.557, 
36224.382, 41085.364, 44888.436, 47713.295, 51138.712, 56239.4240000001, 
63709.316, 1, 1, 1, 1, 1, 1, 1, 1, 1, 1, 1, 0.25, 0.25, 0.25, 
0.25, 0.25, 0.25, 0.25, 0.25, 0.25, 0.25, 0.25, 0, 0, 0, 0, 0, 
0, 0, 0, 0, 0, 0, 0, 0, 0, 0, 0, 0, 0, 0, 0, 0, 0, 0.93563, 0.93509, 
0.93802, 0.93963, 0.94053, 0.94424, 0.94725, 0.95319, 0.9525, 
0.95364, 0.95468, 0.936, 0.93543, 0.93771, 0.93707, 0.9437, 0.94078, 
0.94541, 0.95319, 0.9523, 0.95188, 0.95283, 0.6041, 0.7118, 0.81, 
0.9381, 0.9993, 1.1536, 1.2749, 1.3976, 1.5086, 1.6289, 1.8241, 
750.9, 804.4, 844.9, 892.5, 937.2, 970.7, 1016, 1069.5, 1114.9, 
1171.6, 1213.4, 1, 1, 1, 1, 1, 1, 1, 1, 1, 1, 1, 1, 1, 1, 1, 
1, 1, 1, 1, 1, 1, 1, 1, 1, 1, 1, 1, 1, 1, 1, 1, 1, 1, 1, 1, 1, 
1, 1, 1, 1, 1, 1, 1, 1, 9.578, 10.806, 11.86, 13.065, 13.862, 
15.896, 17.22, 18.386, 19.435, 20.66, 22.807), .Dim = c(11L, 
40L), .Dimnames = list(NULL, c("Sampling", "PSO.cost", "PSO.gamma", 
"PSO.data.balancing", "PSO.feature.selection", "PSO.valid.acc", 
"PSO.test.acc", "PSO.train.time", "PSO.n.support.vectors", "PSO.index", 
"PSO.n.solutions", "PSO.generations", "PSO.n.evaluations", "PSO.cpu.time", 
"RS.cost", "RS.gamma", "RS.data.balancing", "RS.feature.selection", 
"RS.valid.acc", "RS.test.acc", "RS.train.time", "RS.n.support.vectors", 
"RS.index", "RS.n.solutions", "RS.generations", "RS.n.evaluations", 
"RS.cpu.time", "DF.cost", "DF.gamma", "DF.data.balancing", "DF.feature.selection", 
"DF.valid.acc", "DF.test.acc", "DF.train.time", "DF.n.support.vectors", 
"DF.index", "DF.n.solutions", "DF.generations", "DF.n.evaluations", 
"DF.cpu.time")))
