full <-
structure(c(50, 55, 60, 65, 70, 75, 80, 85, 90, 95, 100, 14.49007, 
15, 14.99955, 14.95245, 14.99284, 15, 14.8366, 14.99108, 14.95673, 
15, 14.95244, -8.48241, -8.74471, -5.50999, -6.51362, -7.93589, 
-7.54426, -7.94035, -8.37411, -6.79233, -7.25119, -7.27555, 0, 
0, 0, 0, 0, 0, 0, 0, 0, 0, 0, 0, 0, 0, 0, 0, 0, 0, 0, 0, 0, 0, 
0.99297, 0.99294, 0.99383, 0.99345, 0.99312, 0.99433, 0.99306, 
0.99521, 0.99424, 0.99532, 0.99537, 0.99039, 0.99227, 0.99383, 
0.99345, 0.99259, 0.99383, 0.99375, 0.99238, 0.99321, 0.99591, 
0.9939, 0.2059, 0.2482, 0.2818, 0.2828, 0.3158, 0.3258, 0.3759, 
0.4318, 0.4021, 0.4562, 0.5192, 116.6, 119.6, 80, 93.3, 124.7, 
118.6, 140.2, 155.8, 121.8, 137.7, 142.7, 280, 115, 871, 117, 
1990, 256, 933, 501, 753, 397, 372, 400, 917, 54, 574, 183, 56, 
49, 65, 4, 318, 38, 100, 100, 100, 100, 100, 100, 100, 100, 100, 
100, 100, 2500, 2500, 2500, 2500, 2500, 2500, 2500, 2500, 2500, 
2500, 2500, 12190.224, 15172.79, 16075.844, 16442.382, 17562.227, 
18413.777, 20074.548, 21034.09, 20571.68, 21890.449, 23404.1, 
14.2031, 14.77639, 14.99978, 14.93075, 14.57812, 14.16256, 14.92333, 
14.71207, 14.0803, 13.54468, 14.74357, -8.23991, -8.5316, -5.53213, 
-6.6548, -8.06728, -6.8642, -7.28714, -8.05325, -6.27362, -5.2356, 
-7.06836, 0, 0, 0, 0, 0, 0, 0, 0, 0, 0, 0, 0, 0, 0, 0, 0, 0, 
0, 0, 0, 0, 0, 0.99297, 0.99261, 0.99352, 0.99316, 0.99259, 0.99457, 
0.99259, 0.99499, 0.99383, 0.99493, 0.995, 0.99039, 0.99227, 
0.99352, 0.99402, 0.9918, 0.99309, 0.99352, 0.99238, 0.9926, 
0.99415, 0.99353, 0.2051, 0.24, 0.2744, 0.2961, 0.328, 0.3354, 
0.3587, 0.4317, 0.4147, 0.4433, 0.5144, 118.7, 120.5, 80.4, 96.9, 
138.7, 123.6, 121, 155.7, 131.2, 133.4, 143.4, 653, 2284, 374, 
1531, 1476, 1842, 1713, 349, 1705, 193, 100, 1, 1, 1, 5, 1, 1, 
1, 1, 1, 9, 3, 100, 100, 100, 100, 100, 100, 100, 100, 100, 100, 
100, 2500, 2500, 2500, 2500, 2500, 2500, 2500, 2500, 2500, 2500, 
2500, 23537.387, 27087.507, 32051.827, 34559.385, 38770.068, 
41769.025, 46654.879, 48847.82, 55302.47, 58228.877, 62362.372, 
1, 1, 1, 1, 1, 1, 1, 1, 1, 1, 1, 0.25, 0.25, 0.25, 0.25, 0.25, 
0.25, 0.25, 0.25, 0.25, 0.25, 0.25, 0, 0, 0, 0, 0, 0, 0, 0, 0, 
0, 0, 0, 0, 0, 0, 0, 0, 0, 0, 0, 0, 0, 0.93636, 0.94351, 0.93987, 
0.94223, 0.94288, 0.94473, 0.9461, 0.94991, 0.94715, 0.9513, 
0.9532, 0.936, 0.94317, 0.93956, 0.94194, 0.94579, 0.94473, 0.94703, 
0.94991, 0.94797, 0.95014, 0.95302, 0.5787, 0.6745, 0.818, 0.9478, 
1.021, 1.1276, 1.2668, 1.3907, 1.5794, 1.6739, 1.7328, 728.2, 
785.4, 847.6, 893.1, 944.1, 987.3, 1036.6, 1087.1, 1129.1, 1176.4, 
1212.5, 1, 1, 1, 1, 1, 1, 1, 1, 1, 1, 1, 1, 1, 1, 1, 1, 1, 1, 
1, 1, 1, 1, 1, 1, 1, 1, 1, 1, 1, 1, 1, 1, 1, 1, 1, 1, 1, 1, 1, 
1, 1, 1, 1, 1, 9.618, 9.87, 12.273, 13.972, 14.72, 16.074, 17.449, 
18.687, 20.705, 21.807, 22.254), .Dim = c(11L, 40L), .Dimnames = list(
    NULL, c("Sampling", "PSO.cost", "PSO.gamma", "PSO.data.balancing", 
    "PSO.feature.selection", "PSO.valid.acc", "PSO.test.acc", 
    "PSO.train.time", "PSO.n.support.vectors", "PSO.index", "PSO.n.solutions", 
    "PSO.generations", "PSO.n.evaluations", "PSO.cpu.time", "RS.cost", 
    "RS.gamma", "RS.data.balancing", "RS.feature.selection", 
    "RS.valid.acc", "RS.test.acc", "RS.train.time", "RS.n.support.vectors", 
    "RS.index", "RS.n.solutions", "RS.generations", "RS.n.evaluations", 
    "RS.cpu.time", "DF.cost", "DF.gamma", "DF.data.balancing", 
    "DF.feature.selection", "DF.valid.acc", "DF.test.acc", "DF.train.time", 
    "DF.n.support.vectors", "DF.index", "DF.n.solutions", "DF.generations", 
    "DF.n.evaluations", "DF.cpu.time")))
