full <-
structure(c(50, 55, 60, 65, 70, 75, 80, 85, 90, 95, 100, 14.97955, 
15, 15, 14.57175, 14.97309, 14.8799, 15, 15, 15, 14.97681, 14.81714, 
-6.80863, -9.0976, -6.95969, -4.99172, -7.59045, -7.6074, -6.05938, 
-6.75375, -4.58315, -5.20035, -4.55522, 0, 0, 0, 0, 0, 0, 0, 
0, 0, 0, 0, 0, 0, 0, 0, 0, 0, 0, 0, 0, 0, 0, 0.99038, 0.99059, 
0.99322, 0.99402, 0.99286, 0.99284, 0.99375, 0.99412, 0.99321, 
0.99376, 0.99426, 0.98926, 0.98891, 0.99044, 0.99288, 0.99233, 
0.99136, 0.99283, 0.99412, 0.99239, 0.99221, 0.99334, 0.1943, 
0.2488, 0.2438, 0.274, 0.2926, 0.3306, 0.3479, 0.4015, 0.4355, 
0.4699, 0.4967, 89.1, 138.1, 101, 91.6, 119.6, 130.4, 102.6, 
116.9, 95.7, 103.9, 103.4, 479, 239, 106, 1677, 519, 645, 144, 
377, 256, 651, 872, 125, 326, 974, 132, 159, 67, 100, 244, 12, 
55, 383, 100, 100, 100, 100, 100, 100, 100, 100, 100, 100, 100, 
2500, 2500, 2500, 2500, 2500, 2500, 2500, 2500, 2500, 2500, 2500, 
12919.953, 13951.875, 13749.135, 14672.038, 15388.126, 16153.195, 
19387.938, 23935.67, 23968.429, 24874.088, 28054.615, 14.57876, 
14.30374, 14.72453, 14.89494, 14.93524, 14.97837, 14.9471, 14.9952, 
14.64802, 14.93441, 14.63441, -6.92874, -6.05661, -6.73093, -5.30455, 
-7.55817, -5.02331, -5.9956, -6.43726, -6.66114, -5.19927, -6.11519, 
0, 0, 0, 0, 0, 0, 0, 0, 0, 0, 0, 0, 0, 0, 0, 0, 0, 0, 0, 0, 0, 
0, 0.98964, 0.99025, 0.99291, 0.99317, 0.9926, 0.99236, 0.99329, 
0.99347, 0.99239, 0.99337, 0.99371, 0.98779, 0.99159, 0.98982, 
0.99288, 0.99207, 0.99137, 0.99306, 0.99281, 0.99054, 0.99201, 
0.99333, 0.197, 0.2229, 0.2381, 0.2739, 0.2904, 0.2975, 0.382, 
0.4163, 0.4703, 0.4881, 0.5388, 96.2, 95.5, 101.9, 90.9, 119.8, 
91.5, 102.6, 112.5, 126.8, 104.7, 126.2, 190, 575, 365, 1267, 
286, 2281, 80, 1715, 637, 434, 2472, 4, 3, 1, 3, 1, 1, 1, 1, 
2, 1, 1, 100, 100, 100, 100, 100, 100, 100, 100, 100, 100, 100, 
2500, 2500, 2500, 2500, 2500, 2500, 2500, 2500, 2500, 2500, 2500, 
23333.929, 25806.283, 28604.392, 31961.298, 35276.469, 38573.46, 
50647.454, 54058.973, 58979.709, 65788.518, 78710.8380000001, 
1, 1, 1, 1, 1, 1, 1, 1, 1, 1, 1, 0.25, 0.25, 0.25, 0.25, 0.25, 
0.25, 0.25, 0.25, 0.25, 0.25, 0.25, 0, 0, 0, 0, 0, 0, 0, 0, 0, 
0, 0, 0, 0, 0, 0, 0, 0, 0, 0, 0, 0, 0, 0.92934, 0.93206, 0.93339, 
0.93566, 0.93947, 0.94152, 0.94332, 0.94665, 0.9488, 0.95305, 
0.95227, 0.92896, 0.93038, 0.93308, 0.93538, 0.93841, 0.94176, 
0.94355, 0.94709, 0.95045, 0.95188, 0.95283, 0.5627, 0.6616, 
0.7714, 0.8737, 1.0001, 1.1011, 1.3161, 1.4488, 1.5449, 1.7275, 
2.0799, 739.7, 795.5, 850, 892, 943.5, 987.6, 1027.9, 1072, 1125.7, 
1164.3, 1215.5, 1, 1, 1, 1, 1, 1, 1, 1, 1, 1, 1, 1, 1, 1, 1, 
1, 1, 1, 1, 1, 1, 1, 1, 1, 1, 1, 1, 1, 1, 1, 1, 1, 1, 1, 1, 1, 
1, 1, 1, 1, 1, 1, 1, 1, 8.937, 10.031, 11.195, 12.534, 13.755, 
14.851, 18.673, 20.738, 21.297, 24.083, 28.128), .Dim = c(11L, 
40L), .Dimnames = list(NULL, c("Sampling", "PSO.cost", "PSO.gamma", 
"PSO.data.balancing", "PSO.feature.selection", "PSO.valid.acc", 
"PSO.test.acc", "PSO.train.time", "PSO.n.support.vectors", "PSO.index", 
"PSO.n.solutions", "PSO.generations", "PSO.n.evaluations", "PSO.cpu.time", 
"RS.cost", "RS.gamma", "RS.data.balancing", "RS.feature.selection", 
"RS.valid.acc", "RS.test.acc", "RS.train.time", "RS.n.support.vectors", 
"RS.index", "RS.n.solutions", "RS.generations", "RS.n.evaluations", 
"RS.cpu.time", "DF.cost", "DF.gamma", "DF.data.balancing", "DF.feature.selection", 
"DF.valid.acc", "DF.test.acc", "DF.train.time", "DF.n.support.vectors", 
"DF.index", "DF.n.solutions", "DF.generations", "DF.n.evaluations", 
"DF.cpu.time")))
