full <-
structure(c(50, 55, 60, 65, 70, 75, 80, 85, 90, 95, 100, 15, 
13.73569, 14.60459, 14.59949, 14.92964, 14.98868, 15, 15, 15, 
15, 15, -5.0856, -8.26883, -8.3926, -7.48525, -7.46931, -6.99056, 
-5.52005, -4.77744, -4.31495, -6.35395, -7.16431, 0, 0, 0, 0, 
0, 0, 0, 0, 0, 0, 0, 0, 0, 0, 0, 0, 0, 0, 0, 0, 0, 0, 0.99187, 
0.99193, 0.99167, 0.99203, 0.99181, 0.9926, 0.99329, 0.9939, 
0.99568, 0.99396, 0.99408, 0.99223, 0.99058, 0.99167, 0.9909, 
0.99075, 0.99186, 0.99283, 0.99325, 0.99383, 0.99299, 0.99353, 
0.1907, 0.2461, 0.257, 0.2752, 0.3007, 0.3247, 0.3532, 0.3587, 
0.3798, 0.4492, 0.4641, 71.8, 137.3, 122.7, 112.9, 115.3, 109.5, 
96.4, 92.7, 96.7, 120.3, 139.1, 239, 1455, 1086, 391, 662, 253, 
407, 226, 423, 319, 39, 238, 8, 85, 378, 184, 297, 58, 1132, 
1186, 746, 756, 100, 100, 100, 100, 100, 100, 100, 100, 100, 
100, 100, 2500, 2500, 2500, 2500, 2500, 2500, 2500, 2500, 2500, 
2500, 2500, 12196.076, 13196.255, 13848.564, 14080.447, 14891.303, 
15521.62, 16638.777, 16692.345, 17730.36, 19701.546, 20198.5700000001, 
14.64036, 14.67056, 14.12219, 12.66548, 14.97875, 14.3039, 14.59989, 
14.89752, 14.484, 14.62328, 14.9185, -4.953, -10.09172, -5.28763, 
-6.63609, -7.58486, -4.87729, -5.15189, -4.90381, -4.36681, -5.77947, 
-7.42424, 0, 0, 0, 0, 0, 0, 0, 0, 0, 0, 0, 0, 0, 0, 0, 0, 0, 
0, 0, 0, 0, 0, 0.99187, 0.99125, 0.99136, 0.99147, 0.99154, 0.9921, 
0.9919, 0.99369, 0.99445, 0.99338, 0.99371, 0.99112, 0.99125, 
0.98982, 0.99033, 0.99102, 0.99038, 0.99214, 0.9926, 0.99404, 
0.99318, 0.99297, 0.1921, 0.2764, 0.2305, 0.2782, 0.3027, 0.304, 
0.339, 0.3696, 0.3933, 0.4583, 0.493, 75.3, 167.2, 85, 142.2, 
116.6, 97.1, 99.7, 96, 103.3, 118.4, 146.8, 1304, 2232, 1237, 
52, 958, 2096, 628, 802, 1941, 1954, 18, 1, 6, 1, 2, 2, 1, 4, 
1, 2, 1, 1, 100, 100, 100, 100, 100, 100, 100, 100, 100, 100, 
100, 2500, 2500, 2500, 2500, 2500, 2500, 2500, 2500, 2500, 2500, 
2500, 23456.081, 25526.583, 28543.314, 32283.751, 34798.613, 
38676.676, 42434.697, 46370.07, 52305.567, 55733.801, 58661.985, 
1, 1, 1, 1, 1, 1, 1, 1, 1, 1, 1, 0.25, 0.25, 0.25, 0.25, 0.25, 
0.25, 0.25, 0.25, 0.25, 0.25, 0.25, 0, 0, 0, 0, 0, 0, 0, 0, 0, 
0, 0, 0, 0, 0, 0, 0, 0, 0, 0, 0, 0, 0, 0.93713, 0.94518, 0.9451, 
0.94905, 0.94952, 0.95039, 0.95142, 0.95058, 0.95086, 0.95306, 
0.95339, 0.9386, 0.94249, 0.94355, 0.9482, 0.95216, 0.95138, 
0.94911, 0.95015, 0.95106, 0.95266, 0.95357, 0.5805, 0.6562, 
0.7811, 0.8705, 1.0203, 1.1159, 1.3016, 1.4218, 1.5462, 1.633, 
1.7845, 739.7, 786.3, 829.9, 881.4, 930.8, 980.3, 1029.4, 1070.3, 
1119.6, 1168.1, 1212.3, 1, 1, 1, 1, 1, 1, 1, 1, 1, 1, 1, 1, 1, 
1, 1, 1, 1, 1, 1, 1, 1, 1, 1, 1, 1, 1, 1, 1, 1, 1, 1, 1, 1, 1, 
1, 1, 1, 1, 1, 1, 1, 1, 1, 1, 8.879, 9.799, 11.149, 11.969, 13.649, 
14.756, 16.924, 18.187, 19.62, 20.605, 22.173), .Dim = c(11L, 
40L), .Dimnames = list(NULL, c("Sampling", "PSO.cost", "PSO.gamma", 
"PSO.data.balancing", "PSO.feature.selection", "PSO.valid.acc", 
"PSO.test.acc", "PSO.train.time", "PSO.n.support.vectors", "PSO.index", 
"PSO.n.solutions", "PSO.generations", "PSO.n.evaluations", "PSO.cpu.time", 
"RS.cost", "RS.gamma", "RS.data.balancing", "RS.feature.selection", 
"RS.valid.acc", "RS.test.acc", "RS.train.time", "RS.n.support.vectors", 
"RS.index", "RS.n.solutions", "RS.generations", "RS.n.evaluations", 
"RS.cpu.time", "DF.cost", "DF.gamma", "DF.data.balancing", "DF.feature.selection", 
"DF.valid.acc", "DF.test.acc", "DF.train.time", "DF.n.support.vectors", 
"DF.index", "DF.n.solutions", "DF.generations", "DF.n.evaluations", 
"DF.cpu.time")))
