full <-
structure(c(50, 55, 60, 65, 70, 75, 80, 85, 90, 95, 100, 15, 
14.76495, 15, 15, 15, 14.96472, 15, 14.72552, 15, 14.98791, 14.96704, 
-8.75292, -6.65482, -5.63628, -6.13682, -5.55545, -7.50002, -7.7317, 
-5.15323, -4.6955, -7.19147, -7.35911, 0, 0, 0, 0, 0, 0, 0, 0, 
0, 0, 0, 0, 0, 0, 0, 0, 0, 0, 0, 0, 0, 0, 0.99445, 0.99294, 0.9926, 
0.99316, 0.99313, 0.99457, 0.99376, 0.99499, 0.99342, 0.99513, 
0.99463, 0.99297, 0.99092, 0.99136, 0.99059, 0.99233, 0.99333, 
0.9919, 0.99368, 0.99137, 0.99396, 0.99389, 0.1948, 0.2135, 0.2439, 
0.273, 0.3142, 0.3407, 0.3862, 0.3687, 0.3926, 0.452, 0.4828, 
117.4, 91.3, 82.5, 92.6, 88.7, 123.4, 136.6, 105.1, 98, 138.7, 
144.3, 71, 760, 162, 147, 2111, 2224, 128, 903, 150, 537, 646, 
543, 304, 685, 525, 2, 1, 720, 29, 393, 114, 47, 100, 100, 100, 
100, 100, 100, 100, 100, 100, 100, 100, 2500, 2500, 2500, 2500, 
2500, 2500, 2500, 2500, 2500, 2500, 2500, 13282.006, 13934.446, 
14746.764, 15229.768, 15831.876, 16841.029, 18431.525, 20216.069, 
18998.186, 20597.906, 21202.716, 14.92048, 14.71544, 14.87613, 
14.76586, 14.91941, 14.81043, 14.17743, 14.29512, 14.69548, 13.6621, 
14.98179, -8.94249, -6.65588, -5.48377, -6.61189, -5.52276, -7.24572, 
-4.7262, -4.7461, -4.71701, -5.54228, -7.49664, 0, 0, 0, 0, 0, 
0, 0, 0, 0, 0, 0, 0, 0, 0, 0, 0, 0, 0, 0, 0, 0, 0, 0.99408, 0.99193, 
0.9926, 0.99288, 0.99286, 0.99432, 0.99375, 0.99477, 0.9928, 
0.99454, 0.99426, 0.9926, 0.99059, 0.99106, 0.99259, 0.9918, 
0.99333, 0.9926, 0.99325, 0.99116, 0.99298, 0.99334, 0.2009, 
0.2106, 0.2352, 0.2695, 0.3088, 0.3401, 0.362, 0.4146, 0.3894, 
0.4442, 0.5034, 123.2, 91.9, 83, 102.4, 89, 121.2, 107, 109.3, 
103.5, 135.3, 149.1, 286, 2035, 2093, 931, 120, 859, 1626, 914, 
1021, 41, 1039, 1, 1, 1, 1, 4, 1, 1, 1, 1, 1, 1, 100, 100, 100, 
100, 100, 100, 100, 100, 100, 100, 100, 2500, 2500, 2500, 2500, 
2500, 2500, 2500, 2500, 2500, 2500, 2500, 24547.542, 27509.461, 
29848.562, 34323.407, 36962.19, 42049.367, 44784.175, 53487.602, 
53028.633, 56612.6, 62380.3130000001, 1, 1, 1, 1, 1, 1, 1, 1, 
1, 1, 1, 0.25, 0.25, 0.25, 0.25, 0.25, 0.25, 0.25, 0.25, 0.25, 
0.25, 0.25, 0, 0, 0, 0, 0, 0, 0, 0, 0, 0, 0, 0, 0, 0, 0, 0, 0, 
0, 0, 0, 0, 0, 0.93601, 0.93611, 0.93895, 0.94107, 0.9413, 0.94522, 
0.94494, 0.94862, 0.949, 0.95012, 0.95265, 0.93565, 0.9351, 0.93894, 
0.9385, 0.94158, 0.94572, 0.94564, 0.9471, 0.94921, 0.94895, 
0.95098, 0.5918, 0.6932, 0.8014, 0.9004, 1.0252, 1.1786, 1.3275, 
1.3647, 1.5597, 1.6858, 1.811, 739.5, 787.2, 846.6, 895.3, 944.7, 
993.4, 1048.8, 1088.7, 1137.3, 1180.5, 1212.4, 1, 1, 1, 1, 1, 
1, 1, 1, 1, 1, 1, 1, 1, 1, 1, 1, 1, 1, 1, 1, 1, 1, 1, 1, 1, 1, 
1, 1, 1, 1, 1, 1, 1, 1, 1, 1, 1, 1, 1, 1, 1, 1, 1, 1, 9.588, 
10.849, 11.785, 12.709, 14.077, 15.91, 17.561, 17.929, 20.251, 
21.47, 22.658), .Dim = c(11L, 40L), .Dimnames = list(NULL, c("Sampling", 
"PSO.cost", "PSO.gamma", "PSO.data.balancing", "PSO.feature.selection", 
"PSO.valid.acc", "PSO.test.acc", "PSO.train.time", "PSO.n.support.vectors", 
"PSO.index", "PSO.n.solutions", "PSO.generations", "PSO.n.evaluations", 
"PSO.cpu.time", "RS.cost", "RS.gamma", "RS.data.balancing", "RS.feature.selection", 
"RS.valid.acc", "RS.test.acc", "RS.train.time", "RS.n.support.vectors", 
"RS.index", "RS.n.solutions", "RS.generations", "RS.n.evaluations", 
"RS.cpu.time", "DF.cost", "DF.gamma", "DF.data.balancing", "DF.feature.selection", 
"DF.valid.acc", "DF.test.acc", "DF.train.time", "DF.n.support.vectors", 
"DF.index", "DF.n.solutions", "DF.generations", "DF.n.evaluations", 
"DF.cpu.time")))
