full <-
structure(c(50, 55, 60, 65, 70, 75, 80, 85, 90, 95, 100, 15, 
15, 15, 15, 15, 14.82199, 15, 15, 15, 14.78409, 15, -7.13196, 
-8.32474, -7.71275, -7.22448, -7.8534, -6.91679, -5.8936, -7.24248, 
-7.42845, -4.85922, -7.25217, 0, 0, 0, 0, 0, 0, 0, 0, 0, 0, 0, 
0, 0, 0, 0, 0, 0, 0, 0, 0, 0, 0, 0.99298, 0.99428, 0.99383, 0.99402, 
0.99498, 0.99482, 0.99306, 0.99325, 0.99445, 0.99513, 0.99501, 
0.9926, 0.9926, 0.99384, 0.99288, 0.99286, 0.99383, 0.99237, 
0.99303, 0.99321, 0.99396, 0.99464, 0.207, 0.2444, 0.2534, 0.272, 
0.3103, 0.3273, 0.3619, 0.368, 0.3895, 0.3853, 0.4577, 81.3, 
106.8, 103.4, 100.7, 115.9, 109.3, 100.1, 125.5, 132.8, 104, 
139.8, 97, 453, 1468, 832, 268, 906, 385, 87, 183, 1351, 605, 
1153, 6, 1, 274, 645, 2, 594, 781, 626, 41, 123, 100, 100, 100, 
100, 100, 100, 100, 100, 100, 100, 100, 2500, 2500, 2500, 2500, 
2500, 2500, 2500, 2500, 2500, 2500, 2500, 12618.892, 13463.178, 
13988.06, 14304.856, 15502.818, 16131.829, 16958.066, 17305.001, 
18037.698, 18326.334, 20241.6499999999, 14.67994, 13.30293, 13.07435, 
14.07269, 14.68581, 14.30116, 12.98731, 14.59929, 13.95907, 14.93436, 
14.87631, -7.08198, -6.45044, -6.87471, -6.13913, -7.4287, -6.40497, 
-4.29493, -6.04456, -6.36433, -5.92367, -7.12338, 0, 0, 0, 0, 
0, 0, 0, 0, 0, 0, 0, 0, 0, 0, 0, 0, 0, 0, 0, 0, 0, 0, 0.9926, 
0.99395, 0.99291, 0.99345, 0.99445, 0.99433, 0.99306, 0.99325, 
0.99424, 0.99493, 0.99464, 0.9926, 0.99226, 0.99137, 0.99374, 
0.99233, 0.99383, 0.99214, 0.99281, 0.9928, 0.99416, 0.99445, 
0.2028, 0.227, 0.2576, 0.265, 0.294, 0.2995, 0.3279, 0.364, 0.3765, 
0.4281, 0.4801, 85.4, 108.2, 127.8, 100.7, 114.1, 110.6, 119.5, 
114.2, 135.3, 113, 140.6, 741, 841, 2234, 361, 315, 1899, 292, 
2495, 251, 101, 2073, 1, 2, 2, 2, 1, 1, 1, 1, 2, 2, 1, 100, 100, 
100, 100, 100, 100, 100, 100, 100, 100, 100, 2500, 2500, 2500, 
2500, 2500, 2500, 2500, 2500, 2500, 2500, 2500, 24488.714, 26479.464, 
29250.234, 33128.748, 36465.555, 38768.938, 43493.592, 46565.065, 
50475.0980000001, 56808.661, 58097.839, 1, 1, 1, 1, 1, 1, 1, 
1, 1, 1, 1, 0.25, 0.25, 0.25, 0.25, 0.25, 0.25, 0.25, 0.25, 0.25, 
0.25, 0.25, 0, 0, 0, 0, 0, 0, 0, 0, 0, 0, 0, 0, 0, 0, 0, 0, 0, 
0, 0, 0, 0, 0, 0.93785, 0.94249, 0.94419, 0.94505, 0.94793, 0.94942, 
0.94889, 0.94905, 0.95208, 0.95129, 0.9534, 0.94081, 0.94316, 
0.94819, 0.94705, 0.94846, 0.94695, 0.9482, 0.95058, 0.95249, 
0.95285, 0.95303, 0.6059, 0.6867, 0.7849, 0.9034, 1.0395, 1.1181, 
1.2852, 1.4014, 1.486, 1.6625, 1.8301, 740, 791.9, 840.4, 882.4, 
929.7, 976.8, 1032, 1082.5, 1123.6, 1175.1, 1213.6, 1, 1, 1, 
1, 1, 1, 1, 1, 1, 1, 1, 1, 1, 1, 1, 1, 1, 1, 1, 1, 1, 1, 1, 1, 
1, 1, 1, 1, 1, 1, 1, 1, 1, 1, 1, 1, 1, 1, 1, 1, 1, 1, 1, 1, 9.506, 
10.362, 11.167, 12.773, 14.223, 14.868, 16.741, 18.004, 18.849, 
20.944, 22.704), .Dim = c(11L, 40L), .Dimnames = list(NULL, c("Sampling", 
"PSO.cost", "PSO.gamma", "PSO.data.balancing", "PSO.feature.selection", 
"PSO.valid.acc", "PSO.test.acc", "PSO.train.time", "PSO.n.support.vectors", 
"PSO.index", "PSO.n.solutions", "PSO.generations", "PSO.n.evaluations", 
"PSO.cpu.time", "RS.cost", "RS.gamma", "RS.data.balancing", "RS.feature.selection", 
"RS.valid.acc", "RS.test.acc", "RS.train.time", "RS.n.support.vectors", 
"RS.index", "RS.n.solutions", "RS.generations", "RS.n.evaluations", 
"RS.cpu.time", "DF.cost", "DF.gamma", "DF.data.balancing", "DF.feature.selection", 
"DF.valid.acc", "DF.test.acc", "DF.train.time", "DF.n.support.vectors", 
"DF.index", "DF.n.solutions", "DF.generations", "DF.n.evaluations", 
"DF.cpu.time")))
