full <-
structure(c(50, 55, 60, 65, 70, 75, 80, 85, 90, 95, 100, 15, 
14.67251, 14.60519, 15, 15, 15, 15, 15, 15, 15, 15, -8.20376, 
-9.37865, -8.47553, -8.41944, -7.6972, -8.31438, -9.54058, -8.12686, 
-6.03317, -7.18289, -5.23316, 0, 0, 0, 0, 0, 0, 0, 0, 0, 0, 0, 
0, 0, 0, 0, 0, 0, 0, 0, 0, 0, 0, 0.9926, 0.98991, 0.99322, 0.99288, 
0.99418, 0.99383, 0.99422, 0.9939, 0.99486, 0.99532, 0.99593, 
0.99186, 0.98891, 0.99167, 0.99175, 0.99313, 0.99285, 0.99375, 
0.99303, 0.99445, 0.99357, 0.99464, 0.2157, 0.2534, 0.2714, 0.2916, 
0.2984, 0.3501, 0.4085, 0.4119, 0.4, 0.4227, 0.4549, 103.6, 150.2, 
133, 129, 120.4, 139.9, 185.2, 148.4, 109.7, 130.9, 107.7, 1958, 
181, 1575, 171, 68, 493, 146, 436, 139, 214, 158, 6, 147, 181, 
144, 187, 352, 29, 471, 173, 100, 846, 100, 100, 100, 100, 100, 
100, 100, 100, 100, 100, 100, 2500, 2500, 2500, 2500, 2500, 2500, 
2500, 2500, 2500, 2500, 2500, 12242.635, 13456.365, 14357.595, 
14791.754, 14996.378, 16512.504, 17834.535, 18044.503, 18142.253, 
19245.464, 19110.769, 14.85869, 14.8027, 14.92724, 14.10814, 
14.79503, 14.77842, 14.89599, 14.18601, 14.77785, 14.73357, 14.68448, 
-7.94046, -7.27693, -8.47647, -8.06075, -8.01641, -8.32158, -9.15331, 
-7.47008, -5.77803, -7.38332, -5.38866, 0, 0, 0, 0, 0, 0, 0, 
0, 0, 0, 0, 0, 0, 0, 0, 0, 0, 0, 0, 0, 0, 0, 0.99223, 0.98991, 
0.99291, 0.9926, 0.99365, 0.99309, 0.99352, 0.99325, 0.99465, 
0.99513, 0.99519, 0.99112, 0.98991, 0.99229, 0.99089, 0.99181, 
0.99211, 0.99375, 0.99238, 0.99383, 0.99435, 0.99464, 0.2102, 
0.2169, 0.2664, 0.2878, 0.3, 0.3498, 0.39, 0.4087, 0.3849, 0.4492, 
0.4744, 101.9, 100.3, 125, 145.7, 129.7, 145.5, 172.8, 154.3, 
110.3, 143, 114.5, 1025, 470, 1358, 1161, 1438, 1101, 105, 214, 
1856, 518, 218, 1, 2, 1, 2, 1, 3, 2, 2, 1, 1, 1, 100, 100, 100, 
100, 100, 100, 100, 100, 100, 100, 100, 2500, 2500, 2500, 2500, 
2500, 2500, 2500, 2500, 2500, 2500, 2500, 23128.009, 26426.004, 
29002.282, 31670.738, 34846.83, 39017.198, 42510.1079999999, 
46307.545, 49638.05, 55678.83, 58012.559, 1, 1, 1, 1, 1, 1, 1, 
1, 1, 1, 1, 0.25, 0.25, 0.25, 0.25, 0.25, 0.25, 0.25, 0.25, 0.25, 
0.25, 0.25, 0, 0, 0, 0, 0, 0, 0, 0, 0, 0, 0, 0, 0, 0, 0, 0, 0, 
0, 0, 0, 0, 0, 0.93415, 0.93847, 0.94142, 0.94592, 0.94713, 0.94992, 
0.95003, 0.94796, 0.95271, 0.9513, 0.95394, 0.93526, 0.93947, 
0.94389, 0.94534, 0.94739, 0.95239, 0.9505, 0.94774, 0.95209, 
0.95169, 0.95338, 0.5838, 0.6794, 0.7865, 0.8835, 1.0214, 1.1271, 
1.242, 1.3516, 1.4899, 1.6251, 1.7472, 735.2, 779.4, 837, 889.4, 
939.1, 988, 1025, 1069.7, 1114.1, 1165.4, 1213.1, 1, 1, 1, 1, 
1, 1, 1, 1, 1, 1, 1, 1, 1, 1, 1, 1, 1, 1, 1, 1, 1, 1, 1, 1, 1, 
1, 1, 1, 1, 1, 1, 1, 1, 1, 1, 1, 1, 1, 1, 1, 1, 1, 1, 1, 9.106, 
10.214, 11.269, 12.251, 13.791, 15.056, 16.22, 17.407, 18.884, 
20.38, 21.648), .Dim = c(11L, 40L), .Dimnames = list(NULL, c("Sampling", 
"PSO.cost", "PSO.gamma", "PSO.data.balancing", "PSO.feature.selection", 
"PSO.valid.acc", "PSO.test.acc", "PSO.train.time", "PSO.n.support.vectors", 
"PSO.index", "PSO.n.solutions", "PSO.generations", "PSO.n.evaluations", 
"PSO.cpu.time", "RS.cost", "RS.gamma", "RS.data.balancing", "RS.feature.selection", 
"RS.valid.acc", "RS.test.acc", "RS.train.time", "RS.n.support.vectors", 
"RS.index", "RS.n.solutions", "RS.generations", "RS.n.evaluations", 
"RS.cpu.time", "DF.cost", "DF.gamma", "DF.data.balancing", "DF.feature.selection", 
"DF.valid.acc", "DF.test.acc", "DF.train.time", "DF.n.support.vectors", 
"DF.index", "DF.n.solutions", "DF.generations", "DF.n.evaluations", 
"DF.cpu.time")))
