full <-
structure(c(50, 55, 60, 65, 70, 75, 80, 85, 90, 95, 100, 15, 
15, 14.99287, 14.9943, 14.87109, 14.97298, 14.78153, 14.37992, 
15, 15, 15, -7.92967, -7.04938, -7.19395, -7.42974, -6.81914, 
-7.48808, -7.09434, -6.24916, -7.11483, -6.92679, -8.31002, 0, 
0, 0, 0, 0, 0, 0, 0, 0, 0, 0, 0, 0, 0, 0, 0, 0, 0, 0, 0, 0, 0, 
0.99261, 0.99496, 0.9926, 0.99487, 0.99259, 0.99358, 0.99468, 
0.99412, 0.99527, 0.99571, 0.99482, 0.99223, 0.99159, 0.99229, 
0.99345, 0.99048, 0.9921, 0.99399, 0.99325, 0.99363, 0.99513, 
0.9926, 0.2036, 0.2391, 0.2665, 0.2793, 0.3162, 0.3322, 0.3515, 
0.3815, 0.4059, 0.4419, 0.5178, 107.1, 97.5, 106.9, 117, 113.7, 
127.1, 123.2, 121.1, 127.6, 131.3, 170.5, 463, 129, 1651, 726, 
1089, 1194, 420, 2101, 493, 261, 90, 142, 1077, 5, 134, 9, 9, 
301, 4, 236, 155, 223, 100, 100, 100, 100, 100, 100, 100, 100, 
100, 100, 100, 2500, 2500, 2500, 2500, 2500, 2500, 2500, 2500, 
2500, 2500, 2500, 12406.261, 13065.746, 13894.631, 14102.189, 
15119.411, 15531.655, 16373.502, 17340.17, 18161.825, 19428.281, 
21530.273, 14.8447, 14.49204, 14.98415, 14.83573, 14.92653, 14.40918, 
12.50684, 14.22341, 14.21115, 14.61134, 14.92737, -6.31622, -6.80404, 
-7.15716, -6.89787, -8.19043, -6.79249, -6.24811, -7.21477, -6.39738, 
-6.35338, -7.48585, 0, 0, 0, 0, 0, 0, 0, 0, 0, 0, 0, 0, 0, 0, 
0, 0, 0, 0, 0, 0, 0, 0, 0.99223, 0.99428, 0.99229, 0.99459, 0.99206, 
0.99284, 0.99445, 0.99325, 0.99506, 0.99474, 0.99445, 0.98964, 
0.99058, 0.99229, 0.99402, 0.99128, 0.99235, 0.99422, 0.99172, 
0.99404, 0.99416, 0.99353, 0.2027, 0.2347, 0.2653, 0.2706, 0.3196, 
0.3301, 0.3689, 0.4085, 0.4043, 0.4291, 0.4777, 87.7, 102, 106.6, 
110.2, 139.7, 126.1, 166.9, 145.6, 133, 129.5, 147.7, 92, 728, 
1957, 17, 1763, 1559, 57, 1448, 801, 176, 883, 2, 1, 1, 1, 3, 
4, 2, 3, 2, 4, 1, 100, 100, 100, 100, 100, 100, 100, 100, 100, 
100, 100, 2500, 2500, 2500, 2500, 2500, 2500, 2500, 2500, 2500, 
2500, 2500, 23296.135, 25995.576, 29155.726, 31881.848, 34674.263, 
39627.222, 41745.601, 46358.628, 49805.518, 56130.6570000001, 
60454.883, 1, 1, 1, 1, 1, 1, 1, 1, 1, 1, 1, 0.25, 0.25, 0.25, 
0.25, 0.25, 0.25, 0.25, 0.25, 0.25, 0.25, 0.25, 0, 0, 0, 0, 0, 
0, 0, 0, 0, 0, 0, 0, 0, 0, 0, 0, 0, 0, 0, 0, 0, 0, 0.92638, 0.93441, 
0.93678, 0.93823, 0.94237, 0.94374, 0.94472, 0.94447, 0.94757, 
0.94993, 0.95153, 0.92749, 0.93474, 0.93678, 0.93851, 0.9421, 
0.94325, 0.94587, 0.94534, 0.94736, 0.94974, 0.95246, 0.5565, 
0.678, 0.7685, 0.8726, 0.9832, 1.1114, 1.2378, 1.3724, 1.5204, 
1.6096, 1.8006, 737.7, 775.8, 833.9, 887.5, 928, 977.9, 1011.6, 
1064.6, 1114.7, 1169, 1211.2, 1, 1, 1, 1, 1, 1, 1, 1, 1, 1, 1, 
1, 1, 1, 1, 1, 1, 1, 1, 1, 1, 1, 1, 1, 1, 1, 1, 1, 1, 1, 1, 1, 
1, 1, 1, 1, 1, 1, 1, 1, 1, 1, 1, 1, 8.621, 9.974, 10.962, 12.111, 
13.225, 14.61, 16.195, 17.548, 19.228, 20.229, 22.36), .Dim = c(11L, 
40L), .Dimnames = list(NULL, c("Sampling", "PSO.cost", "PSO.gamma", 
"PSO.data.balancing", "PSO.feature.selection", "PSO.valid.acc", 
"PSO.test.acc", "PSO.train.time", "PSO.n.support.vectors", "PSO.index", 
"PSO.n.solutions", "PSO.generations", "PSO.n.evaluations", "PSO.cpu.time", 
"RS.cost", "RS.gamma", "RS.data.balancing", "RS.feature.selection", 
"RS.valid.acc", "RS.test.acc", "RS.train.time", "RS.n.support.vectors", 
"RS.index", "RS.n.solutions", "RS.generations", "RS.n.evaluations", 
"RS.cpu.time", "DF.cost", "DF.gamma", "DF.data.balancing", "DF.feature.selection", 
"DF.valid.acc", "DF.test.acc", "DF.train.time", "DF.n.support.vectors", 
"DF.index", "DF.n.solutions", "DF.generations", "DF.n.evaluations", 
"DF.cpu.time")))
