full <-
structure(c(50, 55, 60, 65, 70, 75, 80, 85, 90, 95, 100, 15, 
14.96196, 14.94588, 15, 14.53754, 15, 14.69281, 14.99044, 15, 
14.86289, 15, -8.38574, -6.88681, -9.04964, -8.86746, -7.98357, 
-4.00452, -8.35072, -4.45875, -6.06984, -5.32405, -7.09626, 0, 
0, 0, 0, 0, 0, 0, 0, 0, 0, 0, 0, 0, 0, 0, 0, 0, 0, 0, 0, 0, 0, 
0.99371, 0.99294, 0.99414, 0.99317, 0.99445, 0.99235, 0.99375, 
0.99456, 0.99527, 0.99454, 0.99445, 0.9926, 0.99227, 0.99167, 
0.99203, 0.99339, 0.99309, 0.99121, 0.99347, 0.99465, 0.99357, 
0.99408, 0.1996, 0.2164, 0.271, 0.2858, 0.3273, 0.2978, 0.3736, 
0.3781, 0.4301, 0.4859, 0.5158, 110.8, 92.3, 145.1, 143.4, 138.4, 
91.1, 161, 93.4, 111.1, 107.3, 138.7, 991, 291, 1814, 1455, 784, 
149, 198, 372, 116, 216, 306, 21, 440, 2, 50, 104, 115, 422, 
299, 661, 707, 439, 100, 100, 100, 100, 100, 100, 100, 100, 100, 
100, 100, 2500, 2500, 2500, 2500, 2500, 2500, 2500, 2500, 2500, 
2500, 2500, 12153.487, 12402.593, 13971.036, 14815.547, 15511.694, 
18496.533, 16612.154, 20584.504, 20972.929, 23405.872, 24433.824, 
14.59131, 14.89897, 14.66609, 14.62063, 13.71452, 14.94947, 14.4353, 
14.8363, 14.93077, 14.95961, 14.77602, -8.02639, -6.07184, -8.98756, 
-8.66375, -7.17257, -7.28557, -8.24869, -4.72876, -6.07165, -5.62004, 
-7.11828, 0, 0, 0, 0, 0, 0, 0, 0, 0, 0, 0, 0, 0, 0, 0, 0, 0, 
0, 0, 0, 0, 0, 0.99297, 0.99227, 0.99259, 0.9926, 0.99418, 0.9921, 
0.99375, 0.9939, 0.99507, 0.99454, 0.9939, 0.9926, 0.99092, 0.99105, 
0.9926, 0.99313, 0.9926, 0.99075, 0.99412, 0.99445, 0.99357, 
0.9939, 0.1929, 0.2248, 0.28, 0.2851, 0.3106, 0.3002, 0.3981, 
0.3761, 0.4306, 0.4723, 0.517, 112.2, 82.3, 152.5, 148.8, 140.3, 
120.5, 167.4, 97.2, 112.2, 107.7, 144.1, 1301, 856, 772, 1509, 
1996, 1140, 548, 1012, 293, 1518, 705, 1, 2, 2, 7, 1, 1, 2, 3, 
2, 1, 1, 100, 100, 100, 100, 100, 100, 100, 100, 100, 100, 100, 
2500, 2500, 2500, 2500, 2500, 2500, 2500, 2500, 2500, 2500, 2500, 
22498.621, 26124.315, 28956.014, 31482.297, 34753.592, 38375.77, 
43896.227, 50068.979, 55942.065, 60400.5109999999, 65251.012, 
1, 1, 1, 1, 1, 1, 1, 1, 1, 1, 1, 0.25, 0.25, 0.25, 0.25, 0.25, 
0.25, 0.25, 0.25, 0.25, 0.25, 0.25, 0, 0, 0, 0, 0, 0, 0, 0, 0, 
0, 0, 0, 0, 0, 0, 0, 0, 0, 0, 0, 0, 0, 0.92971, 0.93542, 0.93217, 
0.93793, 0.94185, 0.94054, 0.94287, 0.94492, 0.94798, 0.94915, 
0.95283, 0.93194, 0.93541, 0.93463, 0.93851, 0.94291, 0.93955, 
0.94541, 0.94579, 0.94839, 0.94993, 0.95264, 0.5739, 0.6753, 
0.7885, 0.8813, 0.9931, 1.0858, 1.3068, 1.3931, 1.5607, 1.7168, 
1.8481, 742.6, 790.4, 847.5, 894.1, 939.7, 998.2, 1040.4, 1089.4, 
1137.8, 1179.2, 1212.8, 1, 1, 1, 1, 1, 1, 1, 1, 1, 1, 1, 1, 1, 
1, 1, 1, 1, 1, 1, 1, 1, 1, 1, 1, 1, 1, 1, 1, 1, 1, 1, 1, 1, 1, 
1, 1, 1, 1, 1, 1, 1, 1, 1, 1, 8.846, 10.018, 11.295, 12.192, 
13.455, 14.285, 16.901, 19.296, 20.761, 22.549, 23.987), .Dim = c(11L, 
40L), .Dimnames = list(NULL, c("Sampling", "PSO.cost", "PSO.gamma", 
"PSO.data.balancing", "PSO.feature.selection", "PSO.valid.acc", 
"PSO.test.acc", "PSO.train.time", "PSO.n.support.vectors", "PSO.index", 
"PSO.n.solutions", "PSO.generations", "PSO.n.evaluations", "PSO.cpu.time", 
"RS.cost", "RS.gamma", "RS.data.balancing", "RS.feature.selection", 
"RS.valid.acc", "RS.test.acc", "RS.train.time", "RS.n.support.vectors", 
"RS.index", "RS.n.solutions", "RS.generations", "RS.n.evaluations", 
"RS.cpu.time", "DF.cost", "DF.gamma", "DF.data.balancing", "DF.feature.selection", 
"DF.valid.acc", "DF.test.acc", "DF.train.time", "DF.n.support.vectors", 
"DF.index", "DF.n.solutions", "DF.generations", "DF.n.evaluations", 
"DF.cpu.time")))
