full <-
structure(c(50, 55, 60, 65, 70, 75, 80, 85, 90, 95, 100, 15, 
15, 14.99683, 14.62575, 14.99226, 14.97711, 14.99848, 15, 14.99834, 
14.80222, 15, -8.69922, -5.94174, -7.31503, -9.34862, -8.37791, 
-4.16758, -6.75192, -6.64427, -8.75931, -5.05788, -7.46958, 0, 
0, 0, 0, 0, 0, 0, 0, 0, 0, 0, 0, 0, 0, 0, 0, 0, 0, 0, 0, 0, 0, 
0.98965, 0.99159, 0.99198, 0.9926, 0.99313, 0.99235, 0.99376, 
0.99347, 0.99362, 0.99474, 0.99445, 0.98817, 0.99058, 0.99044, 
0.99061, 0.99181, 0.99087, 0.99375, 0.99129, 0.9926, 0.99435, 
0.99408, 0.2172, 0.2424, 0.251, 0.3235, 0.3321, 0.3053, 0.3495, 
0.3875, 0.4542, 0.4025, 0.489, 127.3, 88.2, 110.8, 184.5, 141.7, 
93.2, 116.1, 116.6, 175.2, 105.1, 146.5, 178, 380, 619, 465, 
1370, 865, 191, 905, 1986, 740, 634, 864, 56, 154, 13, 40, 1, 
8, 17, 1, 11, 11, 100, 100, 100, 100, 100, 100, 100, 100, 100, 
100, 100, 2500, 2500, 2500, 2500, 2500, 2500, 2500, 2500, 2500, 
2500, 2500, 12859.148, 13519.202, 13821.222, 15743.398, 15658, 
16390.6, 16927.614, 18163.537, 19674.4, 18652.812, 20166.5599999999, 
14.81557, 14.94721, 14.84419, 14.33427, 14.88929, 12.78416, 14.74627, 
14.46762, 14.33476, 14.88688, 14.75702, -8.89624, -5.94301, -7.28566, 
-8.9846, -6.94486, -6.6023, -7.01223, -6.01689, -6.76277, -4.23103, 
-7.42066, 0, 0, 0, 0, 0, 0, 0, 0, 0, 0, 0, 0, 0, 0, 0, 0, 0, 
0, 0, 0, 0, 0, 0.98854, 0.99125, 0.99136, 0.99175, 0.9926, 0.99161, 
0.99306, 0.9926, 0.9928, 0.99415, 0.99371, 0.98854, 0.99058, 
0.99075, 0.99004, 0.99154, 0.99186, 0.99329, 0.99107, 0.99342, 
0.99376, 0.99408, 0.2215, 0.2395, 0.2577, 0.3191, 0.2842, 0.3589, 
0.3707, 0.3928, 0.4277, 0.3857, 0.4695, 136.8, 88.7, 113.3, 181, 
113, 165, 126.4, 118.5, 137.7, 99, 151.9, 183, 1177, 2440, 1654, 
2005, 217, 2179, 2358, 308, 925, 133, 4, 1, 4, 1, 2, 1, 2, 1, 
5, 1, 3, 100, 100, 100, 100, 100, 100, 100, 100, 100, 100, 100, 
2500, 2500, 2500, 2500, 2500, 2500, 2500, 2500, 2500, 2500, 2500, 
23643.237, 26041.806, 29084.842, 33085.082, 36454.43, 39953.742, 
43267.263, 46988.602, 51785.443, 53183.8689999999, 59863.073, 
1, 1, 1, 1, 1, 1, 1, 1, 1, 1, 1, 0.25, 0.25, 0.25, 0.25, 0.25, 
0.25, 0.25, 0.25, 0.25, 0.25, 0.25, 0, 0, 0, 0, 0, 0, 0, 0, 0, 
0, 0, 0, 0, 0, 0, 0, 0, 0, 0, 0, 0, 0, 0.93267, 0.93508, 0.93492, 
0.93851, 0.94027, 0.94399, 0.94263, 0.94644, 0.94736, 0.94876, 
0.9508, 0.93267, 0.93407, 0.934, 0.93765, 0.94291, 0.94325, 0.94425, 
0.94709, 0.94571, 0.94896, 0.95154, 0.5893, 0.6865, 0.8364, 0.9521, 
1.0174, 1.1317, 1.2679, 1.3806, 1.5337, 1.6028, 1.7642, 750.4, 
805.1, 857.7, 911.4, 951.6, 996.9, 1035.6, 1076.4, 1118.9, 1157.8, 
1212.3, 1, 1, 1, 1, 1, 1, 1, 1, 1, 1, 1, 1, 1, 1, 1, 1, 1, 1, 
1, 1, 1, 1, 1, 1, 1, 1, 1, 1, 1, 1, 1, 1, 1, 1, 1, 1, 1, 1, 1, 
1, 1, 1, 1, 1, 9.015, 10.116, 11.863, 13.032, 13.608, 15.019, 
16.53, 17.73, 19.729, 20.201, 21.775), .Dim = c(11L, 40L), .Dimnames = list(
    NULL, c("Sampling", "PSO.cost", "PSO.gamma", "PSO.data.balancing", 
    "PSO.feature.selection", "PSO.valid.acc", "PSO.test.acc", 
    "PSO.train.time", "PSO.n.support.vectors", "PSO.index", "PSO.n.solutions", 
    "PSO.generations", "PSO.n.evaluations", "PSO.cpu.time", "RS.cost", 
    "RS.gamma", "RS.data.balancing", "RS.feature.selection", 
    "RS.valid.acc", "RS.test.acc", "RS.train.time", "RS.n.support.vectors", 
    "RS.index", "RS.n.solutions", "RS.generations", "RS.n.evaluations", 
    "RS.cpu.time", "DF.cost", "DF.gamma", "DF.data.balancing", 
    "DF.feature.selection", "DF.valid.acc", "DF.test.acc", "DF.train.time", 
    "DF.n.support.vectors", "DF.index", "DF.n.solutions", "DF.generations", 
    "DF.n.evaluations", "DF.cpu.time")))
