full <-
structure(c(50, 55, 60, 65, 70, 75, 80, 85, 90, 95, 100, 15, 
14.88592, 14.64378, 15, 13.53084, 14.98126, 15, 15, 15, 14.86245, 
14.93737, -7.61213, -6.55277, -6.22373, -7.0183, -5.49999, -5.34672, 
-5.71854, -6.41324, -5.87632, -6.77607, -7.12443, 0, 0, 0, 0, 
0, 0, 0, 0, 0, 0, 0, 0, 0, 0, 0, 0, 0, 0, 0, 0, 0, 0, 0.99113, 
0.99193, 0.9926, 0.99231, 0.99419, 0.99482, 0.99515, 0.99586, 
0.99465, 0.99416, 0.995, 0.99113, 0.98991, 0.99229, 0.9909, 0.99048, 
0.99482, 0.99376, 0.99325, 0.99383, 0.99416, 0.99242, 0.2012, 
0.2373, 0.2649, 0.2957, 0.323, 0.3022, 0.3409, 0.3777, 0.4065, 
0.4331, 0.4669, 100.2, 90, 96.1, 105.9, 115.7, 90.5, 95.9, 111.6, 
105.1, 126.6, 139.5, 108, 250, 1704, 2206, 1706, 179, 250, 944, 
1133, 350, 590, 556, 1003, 2, 960, 12, 534, 744, 33, 53, 281, 
301, 100, 100, 100, 100, 100, 100, 100, 100, 100, 100, 100, 2500, 
2500, 2500, 2500, 2500, 2500, 2500, 2500, 2500, 2500, 2500, 12304.411, 
13130.509, 13760.314, 14356.303, 14969.519, 15050.167, 16027.843, 
17053.491, 18469.117, 19197.71, 20378.836, 14.78804, 13.68301, 
14.78272, 14.6785, 13.9053, 14.83002, 14.67285, 14.57947, 13.11188, 
13.43544, 14.96324, -7.52852, -5.95963, -6.31599, -6.78615, -6.4604, 
-4.92251, -5.07009, -5.48149, -5.72308, -5.01769, -8.04532, 0, 
0, 0, 0, 0, 0, 0, 0, 0, 0, 0, 0, 0, 0, 0, 0, 0, 0, 0, 0, 0, 0, 
0.99076, 0.99193, 0.99198, 0.99203, 0.99392, 0.99433, 0.99468, 
0.99521, 0.99404, 0.99377, 0.99426, 0.99076, 0.98957, 0.99168, 
0.99175, 0.99154, 0.99507, 0.99353, 0.99347, 0.99321, 0.99318, 
0.99223, 0.2075, 0.2203, 0.256, 0.2888, 0.3101, 0.3054, 0.3347, 
0.3823, 0.4167, 0.4355, 0.5039, 103.5, 102.8, 95.6, 108.6, 122.7, 
91.9, 98.1, 106.4, 142.7, 128.5, 163.4, 1962, 419, 987, 2005, 
707, 2318, 916, 480, 802, 476, 329, 2, 2, 1, 1, 1, 1, 2, 1, 3, 
1, 1, 100, 100, 100, 100, 100, 100, 100, 100, 100, 100, 100, 
2500, 2500, 2500, 2500, 2500, 2500, 2500, 2500, 2500, 2500, 2500, 
23394.916, 26336.397, 28658.783, 32052.147, 35464.744, 38854.123, 
43419.727, 46883.154, 50453.356, 55767.8140000001, 60536.159, 
1, 1, 1, 1, 1, 1, 1, 1, 1, 1, 1, 0.25, 0.25, 0.25, 0.25, 0.25, 
0.25, 0.25, 0.25, 0.25, 0.25, 0.25, 0, 0, 0, 0, 0, 0, 0, 0, 0, 
0, 0, 0, 0, 0, 0, 0, 0, 0, 0, 0, 0, 0, 0.92823, 0.93005, 0.93062, 
0.9351, 0.94, 0.93807, 0.94611, 0.94818, 0.95065, 0.9511, 0.95246, 
0.92972, 0.93139, 0.93093, 0.93397, 0.93947, 0.93807, 0.94726, 
0.94992, 0.94921, 0.95032, 0.95042, 0.5912, 0.6801, 0.7911, 0.9069, 
1.0181, 1.163, 1.298, 1.385, 1.4846, 1.6287, 1.7648, 750.5, 798.1, 
853.6, 903.1, 948.3, 996.1, 1037.6, 1084.2, 1116.4, 1161, 1214, 
1, 1, 1, 1, 1, 1, 1, 1, 1, 1, 1, 1, 1, 1, 1, 1, 1, 1, 1, 1, 1, 
1, 1, 1, 1, 1, 1, 1, 1, 1, 1, 1, 1, 1, 1, 1, 1, 1, 1, 1, 1, 1, 
1, 1, 9.112, 10.037, 11.194, 12.447, 13.668, 15.288, 16.813, 
17.882, 19.106, 20.517, 21.986), .Dim = c(11L, 40L), .Dimnames = list(
    NULL, c("Sampling", "PSO.cost", "PSO.gamma", "PSO.data.balancing", 
    "PSO.feature.selection", "PSO.valid.acc", "PSO.test.acc", 
    "PSO.train.time", "PSO.n.support.vectors", "PSO.index", "PSO.n.solutions", 
    "PSO.generations", "PSO.n.evaluations", "PSO.cpu.time", "RS.cost", 
    "RS.gamma", "RS.data.balancing", "RS.feature.selection", 
    "RS.valid.acc", "RS.test.acc", "RS.train.time", "RS.n.support.vectors", 
    "RS.index", "RS.n.solutions", "RS.generations", "RS.n.evaluations", 
    "RS.cpu.time", "DF.cost", "DF.gamma", "DF.data.balancing", 
    "DF.feature.selection", "DF.valid.acc", "DF.test.acc", "DF.train.time", 
    "DF.n.support.vectors", "DF.index", "DF.n.solutions", "DF.generations", 
    "DF.n.evaluations", "DF.cpu.time")))
