full <-
structure(c(50, 55, 60, 65, 70, 75, 80, 85, 90, 95, 100, 14.27313, 
14.68614, 14.37465, 15, 14.60172, 15, 15, 14.99975, 15, 15, 15, 
-8.2937, -6.57284, -8.00973, -7.46238, -6.97802, -8.45033, -6.85134, 
-6.92407, -6.12126, -4.25374, -5.15644, 0, 0, 0, 0, 0, 0, 0, 
0, 0, 0, 0, 0, 0, 0, 0, 0, 0, 0, 0, 0, 0, 0, 0.99445, 0.99328, 
0.99229, 0.99374, 0.99286, 0.99359, 0.99329, 0.99456, 0.99363, 
0.99357, 0.9939, 0.99334, 0.99092, 0.99168, 0.9926, 0.99259, 
0.99285, 0.9926, 0.99477, 0.99322, 0.99241, 0.9926, 0.2038, 0.2182, 
0.2671, 0.2602, 0.3059, 0.3714, 0.3538, 0.3942, 0.405, 0.3982, 
0.4393, 116.8, 90.4, 124.5, 106.1, 113.5, 139.6, 112.6, 118.5, 
107, 96.8, 105.8, 170, 224, 1068, 262, 912, 176, 1123, 878, 215, 
250, 330, 219, 461, 246, 16, 99, 257, 3, 140, 306, 374, 384, 
100, 100, 100, 100, 100, 100, 100, 100, 100, 100, 100, 2500, 
2500, 2500, 2500, 2500, 2500, 2500, 2500, 2500, 2500, 2500, 12309.446, 
12655.476, 15339.872, 14048.031, 17700.726, 17113.236, 16913.435, 
17738.857, 18548.229, 18296.093, 19394.6409999999, 13.68914, 
13.79416, 13.43044, 14.62527, 14.73805, 14.54285, 13.80516, 13.12765, 
14.86056, 13.9089, 14.80951, -7.57899, -7.3542, -6.43995, -7.14252, 
-7.47109, -6.99823, -5.48385, -4.88373, -6.01249, -6.57977, -5.82923, 
0, 0, 0, 0, 0, 0, 0, 0, 0, 0, 0, 0, 0, 0, 0, 0, 0, 0, 0, 0, 0, 
0, 0.99445, 0.99294, 0.99168, 0.99345, 0.99259, 0.99334, 0.99283, 
0.99499, 0.99322, 0.99279, 0.99334, 0.99371, 0.99294, 0.99167, 
0.9926, 0.99312, 0.99309, 0.99283, 0.9939, 0.99301, 0.99201, 
0.99316, 0.1961, 0.2223, 0.2381, 0.2713, 0.3085, 0.3228, 0.3568, 
0.3824, 0.4037, 0.4507, 0.4538, 114.3, 118.3, 112, 107.6, 120.1, 
118.2, 115, 124.3, 108.3, 147.6, 115.8, 1929, 129, 1502, 2017, 
520, 351, 1475, 502, 98, 614, 2017, 1, 2, 3, 1, 7, 1, 1, 1, 2, 
9, 2, 100, 100, 100, 100, 100, 100, 100, 100, 100, 100, 100, 
2500, 2500, 2500, 2500, 2500, 2500, 2500, 2500, 2500, 2500, 2500, 
23101.283, 27068.498, 28697.113, 33942.647, 37544.757, 41002.928, 
44378.918, 47998.723, 50319.507, 53317.214, 61183.699, 1, 1, 
1, 1, 1, 1, 1, 1, 1, 1, 1, 0.25, 0.25, 0.25, 0.25, 0.25, 0.25, 
0.25, 0.25, 0.25, 0.25, 0.25, 0, 0, 0, 0, 0, 0, 0, 0, 0, 0, 0, 
0, 0, 0, 0, 0, 0, 0, 0, 0, 0, 0, 0.93526, 0.93608, 0.93587, 0.93766, 
0.93946, 0.94498, 0.9468, 0.94949, 0.95209, 0.9509, 0.95227, 
0.93452, 0.93709, 0.93649, 0.93965, 0.93946, 0.94449, 0.94657, 
0.94753, 0.9525, 0.94973, 0.95171, 0.5623, 0.652, 0.7725, 0.9015, 
1.0584, 1.1931, 1.3313, 1.3908, 1.5278, 1.6684, 1.8017, 726.1, 
787.1, 836.8, 894, 938.8, 985, 1034.2, 1087.1, 1124.3, 1173.7, 
1214.4, 1, 1, 1, 1, 1, 1, 1, 1, 1, 1, 1, 1, 1, 1, 1, 1, 1, 1, 
1, 1, 1, 1, 1, 1, 1, 1, 1, 1, 1, 1, 1, 1, 1, 1, 1, 1, 1, 1, 1, 
1, 1, 1, 1, 1, 8.819, 10.535, 11.126, 13.393, 14.248, 15.768, 
17.204, 17.823, 19.37, 20.898, 22.287), .Dim = c(11L, 40L), .Dimnames = list(
    NULL, c("Sampling", "PSO.cost", "PSO.gamma", "PSO.data.balancing", 
    "PSO.feature.selection", "PSO.valid.acc", "PSO.test.acc", 
    "PSO.train.time", "PSO.n.support.vectors", "PSO.index", "PSO.n.solutions", 
    "PSO.generations", "PSO.n.evaluations", "PSO.cpu.time", "RS.cost", 
    "RS.gamma", "RS.data.balancing", "RS.feature.selection", 
    "RS.valid.acc", "RS.test.acc", "RS.train.time", "RS.n.support.vectors", 
    "RS.index", "RS.n.solutions", "RS.generations", "RS.n.evaluations", 
    "RS.cpu.time", "DF.cost", "DF.gamma", "DF.data.balancing", 
    "DF.feature.selection", "DF.valid.acc", "DF.test.acc", "DF.train.time", 
    "DF.n.support.vectors", "DF.index", "DF.n.solutions", "DF.generations", 
    "DF.n.evaluations", "DF.cpu.time")))
