full <-
structure(c(50, 55, 60, 65, 70, 75, 80, 85, 90, 95, 100, 15, 
15, 14.77916, 15, 15, 14.96643, 14.99395, 15, 15, 15, 15, -8.84391, 
-5.66266, -8.1293, -6.49068, -7.69929, -9.80894, -4.48784, -7.91054, 
-7.10857, -9.33395, -8.09957, 0, 0, 0, 0, 0, 0, 0, 0, 0, 0, 0, 
0, 0, 0, 0, 0, 0, 0, 0, 0, 0, 0, 0.99186, 0.99327, 0.99228, 0.99516, 
0.99445, 0.99187, 0.99399, 0.99391, 0.99424, 0.99474, 0.99501, 
0.99038, 0.99294, 0.99074, 0.99459, 0.99313, 0.98989, 0.99121, 
0.99412, 0.9928, 0.99201, 0.99371, 0.2184, 0.2228, 0.2629, 0.2826, 
0.3265, 0.4268, 0.3452, 0.4416, 0.4475, 0.5769, 0.5416, 116.2, 
78, 117, 93.4, 123.7, 196.2, 94, 147, 131.6, 205, 164.4, 136, 
135, 515, 751, 1408, 665, 867, 472, 214, 300, 419, 452, 776, 
44, 388, 1, 19, 404, 158, 695, 348, 174, 100, 100, 100, 100, 
100, 100, 100, 100, 100, 100, 100, 2500, 2500, 2500, 2500, 2500, 
2500, 2500, 2500, 2500, 2500, 2500, 12547.743, 13113.185, 13959.737, 
14446.781, 15727.537, 17029.107, 18165.589, 21302.861, 21830.138, 
24767.434, 24031.0850000001, 14.67391, 14.93933, 14.94933, 14.65589, 
14.77205, 14.53743, 14.6491, 14.82509, 14.55124, 14.96151, 14.53936, 
-7.43493, -4.78217, -5.96794, -6.14657, -7.35793, -7.5043, -5.98011, 
-8.07241, -6.85616, -9.16584, -7.3927, 0, 0, 0, 0, 0, 0, 0, 0, 
0, 0, 0, 0, 0, 0, 0, 0, 0, 0, 0, 0, 0, 0, 0.99148, 0.9926, 0.99167, 
0.99431, 0.99365, 0.99162, 0.99283, 0.99347, 0.99383, 0.99455, 
0.99464, 0.99038, 0.99193, 0.99043, 0.99459, 0.99286, 0.99038, 
0.99329, 0.99434, 0.9928, 0.99221, 0.99371, 0.2157, 0.219, 0.2406, 
0.2801, 0.3263, 0.3659, 0.3764, 0.4544, 0.4533, 0.548, 0.4952, 
93.8, 76.5, 83.6, 95.1, 121.4, 137.1, 113.2, 156.4, 137.1, 200.1, 
156.9, 956, 1036, 864, 1830, 727, 113, 821, 1284, 2239, 1751, 
986, 1, 2, 1, 4, 2, 3, 3, 1, 1, 1, 1, 100, 100, 100, 100, 100, 
100, 100, 100, 100, 100, 100, 2500, 2500, 2500, 2500, 2500, 2500, 
2500, 2500, 2500, 2500, 2500, 23885.853, 27189.356, 30031.996, 
33029.781, 36773.428, 41394.764, 46864.454, 50230.373, 53827.604, 
58219.406, 61616.2810000001, 1, 1, 1, 1, 1, 1, 1, 1, 1, 1, 1, 
0.25, 0.25, 0.25, 0.25, 0.25, 0.25, 0.25, 0.25, 0.25, 0.25, 0.25, 
0, 0, 0, 0, 0, 0, 0, 0, 0, 0, 0, 0, 0, 0, 0, 0, 0, 0, 0, 0, 0, 
0, 0.93525, 0.93743, 0.93923, 0.9425, 0.9437, 0.94598, 0.94911, 
0.94775, 0.94695, 0.95227, 0.95263, 0.93303, 0.93742, 0.93677, 
0.94222, 0.94212, 0.94475, 0.94726, 0.94906, 0.94797, 0.95168, 
0.95134, 0.593, 0.7129, 0.8223, 0.8877, 1.0302, 1.1874, 1.2862, 
1.4109, 1.5289, 1.6564, 1.7915, 738.4, 792, 844.9, 901.4, 953.5, 
998.7, 1039, 1086.3, 1123.7, 1170.1, 1213.8, 1, 1, 1, 1, 1, 1, 
1, 1, 1, 1, 1, 1, 1, 1, 1, 1, 1, 1, 1, 1, 1, 1, 1, 1, 1, 1, 1, 
1, 1, 1, 1, 1, 1, 1, 1, 1, 1, 1, 1, 1, 1, 1, 1, 1, 9.175, 10.562, 
11.656, 12.35, 13.873, 15.641, 17.683, 19.019, 20.524, 21.719, 
22.946), .Dim = c(11L, 40L), .Dimnames = list(NULL, c("Sampling", 
"PSO.cost", "PSO.gamma", "PSO.data.balancing", "PSO.feature.selection", 
"PSO.valid.acc", "PSO.test.acc", "PSO.train.time", "PSO.n.support.vectors", 
"PSO.index", "PSO.n.solutions", "PSO.generations", "PSO.n.evaluations", 
"PSO.cpu.time", "RS.cost", "RS.gamma", "RS.data.balancing", "RS.feature.selection", 
"RS.valid.acc", "RS.test.acc", "RS.train.time", "RS.n.support.vectors", 
"RS.index", "RS.n.solutions", "RS.generations", "RS.n.evaluations", 
"RS.cpu.time", "DF.cost", "DF.gamma", "DF.data.balancing", "DF.feature.selection", 
"DF.valid.acc", "DF.test.acc", "DF.train.time", "DF.n.support.vectors", 
"DF.index", "DF.n.solutions", "DF.generations", "DF.n.evaluations", 
"DF.cpu.time")))
