full <-
structure(c(50, 55, 60, 65, 70, 75, 80, 85, 90, 95, 100, 14.9669, 
15, 14.98684, 15, 15, 15, 14.99629, 14.26684, 14.75887, 14.99991, 
14.99916, -7.51989, -7.9937, -9.36183, -5.14483, -8.39538, -8.45451, 
-8.97218, -5.62235, -7.19311, -4.40453, -6.3373, 0, 0, 0, 0, 
0, 0, 0, 0, 0, 0, 0, 0, 0, 0, 0, 0, 0, 0, 0, 0, 0, 0, 0.99076, 
0.99293, 0.99291, 0.99431, 0.99419, 0.99507, 0.99376, 0.99434, 
0.99363, 0.99416, 0.99482, 0.98891, 0.9926, 0.99291, 0.99175, 
0.99313, 0.99383, 0.99329, 0.99216, 0.99342, 0.99299, 0.99315, 
0.2066, 0.2437, 0.2908, 0.268, 0.3316, 0.3514, 0.4193, 0.3673, 
0.4203, 0.4133, 0.4517, 104.6, 116.2, 158.1, 85.3, 139.7, 149.4, 
172.8, 114.8, 134.2, 100.6, 122.8, 174, 105, 1925, 258, 919, 
83, 1186, 1378, 487, 1264, 178, 859, 420, 2, 272, 1, 794, 1, 
17, 345, 2, 880, 100, 100, 100, 100, 100, 100, 100, 100, 100, 
100, 100, 2500, 2500, 2500, 2500, 2500, 2500, 2500, 2500, 2500, 
2500, 2500, 12258.994, 13040.979, 13716.204, 13991.763, 15787.903, 
16238.053, 17773.49, 17000.925, 18542.769, 19039.117, 19577.522, 
14.5783, 14.1684, 14.83113, 14.95111, 14.34952, 14.08375, 14.19356, 
14.65912, 14.66723, 13.46264, 14.86259, -7.16561, -7.11336, -6.47194, 
-5.22123, -6.75741, -7.89282, -5.99678, -6.41607, -7.02948, -6.46131, 
-5.87751, 0, 0, 0, 0, 0, 0, 0, 0, 0, 0, 0, 0, 0, 0, 0, 0, 0, 
0, 0, 0, 0, 0, 0.99039, 0.99293, 0.99229, 0.99374, 0.99366, 0.99457, 
0.99329, 0.99347, 0.99342, 0.99357, 0.99426, 0.98891, 0.99159, 
0.99229, 0.99146, 0.99234, 0.99334, 0.99306, 0.99303, 0.99342, 
0.99221, 0.99279, 0.2045, 0.2309, 0.246, 0.2953, 0.2864, 0.3585, 
0.332, 0.3763, 0.4195, 0.458, 0.465, 105.8, 117.3, 99.7, 86.9, 
118.6, 162.6, 117.9, 119.4, 132, 157.9, 117.9, 1435, 236, 217, 
1932, 82, 456, 2275, 55, 1483, 1352, 1540, 2, 2, 1, 2, 1, 4, 
1, 2, 2, 2, 1, 100, 100, 100, 100, 100, 100, 100, 100, 100, 100, 
100, 2500, 2500, 2500, 2500, 2500, 2500, 2500, 2500, 2500, 2500, 
2500, 23467.85, 25567.599, 29667.202, 31831.132, 34318.841, 40829.183, 
42764.764, 45797.551, 49319.902, 54879.483, 59514.8339999999, 
1, 1, 1, 1, 1, 1, 1, 1, 1, 1, 1, 0.25, 0.25, 0.25, 0.25, 0.25, 
0.25, 0.25, 0.25, 0.25, 0.25, 0.25, 0, 0, 0, 0, 0, 0, 0, 0, 0, 
0, 0, 0, 0, 0, 0, 0, 0, 0, 0, 0, 0, 0, 0.93194, 0.93474, 0.938, 
0.93908, 0.94343, 0.94399, 0.94449, 0.95013, 0.95024, 0.95285, 
0.95173, 0.93342, 0.93441, 0.93708, 0.93852, 0.94423, 0.943, 
0.9461, 0.95013, 0.95127, 0.95207, 0.95394, 0.594, 0.681, 0.7775, 
0.8854, 1.013, 1.1756, 1.2488, 1.3479, 1.5215, 1.6448, 1.7809, 
743.1, 787.6, 838.2, 884, 932.4, 985.3, 1031.6, 1072.7, 1110.8, 
1168.6, 1213.3, 1, 1, 1, 1, 1, 1, 1, 1, 1, 1, 1, 1, 1, 1, 1, 
1, 1, 1, 1, 1, 1, 1, 1, 1, 1, 1, 1, 1, 1, 1, 1, 1, 1, 1, 1, 1, 
1, 1, 1, 1, 1, 1, 1, 1, 9.058, 10.054, 11.08, 12.309, 13.591, 
15.568, 16.252, 17.407, 19.235, 20.632, 22.003), .Dim = c(11L, 
40L), .Dimnames = list(NULL, c("Sampling", "PSO.cost", "PSO.gamma", 
"PSO.data.balancing", "PSO.feature.selection", "PSO.valid.acc", 
"PSO.test.acc", "PSO.train.time", "PSO.n.support.vectors", "PSO.index", 
"PSO.n.solutions", "PSO.generations", "PSO.n.evaluations", "PSO.cpu.time", 
"RS.cost", "RS.gamma", "RS.data.balancing", "RS.feature.selection", 
"RS.valid.acc", "RS.test.acc", "RS.train.time", "RS.n.support.vectors", 
"RS.index", "RS.n.solutions", "RS.generations", "RS.n.evaluations", 
"RS.cpu.time", "DF.cost", "DF.gamma", "DF.data.balancing", "DF.feature.selection", 
"DF.valid.acc", "DF.test.acc", "DF.train.time", "DF.n.support.vectors", 
"DF.index", "DF.n.solutions", "DF.generations", "DF.n.evaluations", 
"DF.cpu.time")))
