full <-
structure(c(50, 55, 60, 65, 70, 75, 80, 85, 90, 95, 100, 15, 
14.99061, 15, 14.99885, 14.99578, 14.24307, 14.96031, 14.37819, 
14.90136, 14.41567, 15, -5.96358, -6.38749, -6.89553, -6.85702, 
-7.64309, -6.45498, -7.32145, -6.29224, -6.96162, -5.65734, -4.63484, 
0, 0, 0, 0, 0, 0, 0, 0, 0, 0, 0, 0, 0, 0, 0, 0, 0, 0, 0, 0, 0, 
0, 0.99334, 0.99462, 0.99352, 0.99488, 0.99392, 0.99432, 0.99376, 
0.995, 0.99404, 0.99435, 0.99352, 0.9926, 0.99328, 0.99322, 0.99373, 
0.99234, 0.99358, 0.99306, 0.99347, 0.9926, 0.99416, 0.99242, 
0.1942, 0.2324, 0.2544, 0.2841, 0.3179, 0.3277, 0.3744, 0.3989, 
0.4353, 0.4449, 0.4486, 80.3, 89.3, 101.3, 106.3, 122.4, 119.9, 
126.6, 123.7, 131.2, 122.8, 101.8, 183, 1308, 108, 635, 452, 
576, 1602, 437, 875, 328, 1017, 1090, 17, 1033, 165, 647, 182, 
2, 238, 229, 152, 417, 100, 100, 100, 100, 100, 100, 100, 100, 
100, 100, 100, 2500, 2500, 2500, 2500, 2500, 2500, 2500, 2500, 
2500, 2500, 2500, 11979.138, 13014.149, 13467.272, 14161.403, 
14831.687, 16251.141, 18547.786, 18348.446, 19501.122, 19791.694, 
20185.8380000001, 14.75091, 14.82911, 14.36119, 14.62244, 13.24018, 
14.06214, 14.8689, 14.24929, 14.64228, 14.72571, 14.70171, -6.13295, 
-6.29803, -6.32424, -6.44648, -5.8058, -6.29778, -7.26802, -6.1098, 
-7.03215, -5.84795, -7.61881, 0, 0, 0, 0, 0, 0, 0, 0, 0, 0, 0, 
0, 0, 0, 0, 0, 0, 0, 0, 0, 0, 0, 0.99297, 0.99395, 0.99291, 0.99431, 
0.99366, 0.99309, 0.99352, 0.99478, 0.99363, 0.99416, 0.99334, 
0.99334, 0.99328, 0.99167, 0.99402, 0.99207, 0.99358, 0.99352, 
0.99347, 0.99239, 0.99377, 0.99297, 0.1958, 0.238, 0.2539, 0.2762, 
0.3021, 0.3414, 0.3669, 0.3985, 0.4336, 0.4597, 0.5, 83.1, 90, 
104.8, 106, 128.1, 120.5, 127.6, 123.8, 138.3, 119.4, 159.1, 
985, 233, 2454, 626, 1156, 885, 2416, 1472, 164, 814, 396, 2, 
2, 2, 1, 1, 1, 1, 1, 1, 2, 1, 100, 100, 100, 100, 100, 100, 100, 
100, 100, 100, 100, 2500, 2500, 2500, 2500, 2500, 2500, 2500, 
2500, 2500, 2500, 2500, 23340.348, 25667.945, 29210.352, 32521.745, 
34955.314, 40511.608, 43705.158, 47927.522, 52833.387, 57644.129, 
62610.4789999999, 1, 1, 1, 1, 1, 1, 1, 1, 1, 1, 1, 0.25, 0.25, 
0.25, 0.25, 0.25, 0.25, 0.25, 0.25, 0.25, 0.25, 0.25, 0, 0, 0, 
0, 0, 0, 0, 0, 0, 0, 0, 0, 0, 0, 0, 0, 0, 0, 0, 0, 0, 0, 0.93377, 
0.93038, 0.93494, 0.93767, 0.93946, 0.94276, 0.94425, 0.94818, 
0.94818, 0.94993, 0.95117, 0.92896, 0.93307, 0.93432, 0.9371, 
0.93761, 0.94325, 0.94472, 0.94818, 0.94798, 0.95032, 0.95228, 
0.6084, 0.6672, 0.7735, 0.9426, 0.9709, 1.16, 1.262, 1.401, 1.5224, 
1.6829, 1.8436, 742.2, 796.4, 838.7, 891.4, 942.1, 986, 1036.6, 
1091.2, 1130, 1173.9, 1211.9, 1, 1, 1, 1, 1, 1, 1, 1, 1, 1, 1, 
1, 1, 1, 1, 1, 1, 1, 1, 1, 1, 1, 1, 1, 1, 1, 1, 1, 1, 1, 1, 1, 
1, 1, 1, 1, 1, 1, 1, 1, 1, 1, 1, 1, 9.271, 9.61, 10.876, 12.876, 
13.072, 15.594, 16.411, 18.011, 19.429, 21.164, 22.822), .Dim = c(11L, 
40L), .Dimnames = list(NULL, c("Sampling", "PSO.cost", "PSO.gamma", 
"PSO.data.balancing", "PSO.feature.selection", "PSO.valid.acc", 
"PSO.test.acc", "PSO.train.time", "PSO.n.support.vectors", "PSO.index", 
"PSO.n.solutions", "PSO.generations", "PSO.n.evaluations", "PSO.cpu.time", 
"RS.cost", "RS.gamma", "RS.data.balancing", "RS.feature.selection", 
"RS.valid.acc", "RS.test.acc", "RS.train.time", "RS.n.support.vectors", 
"RS.index", "RS.n.solutions", "RS.generations", "RS.n.evaluations", 
"RS.cpu.time", "DF.cost", "DF.gamma", "DF.data.balancing", "DF.feature.selection", 
"DF.valid.acc", "DF.test.acc", "DF.train.time", "DF.n.support.vectors", 
"DF.index", "DF.n.solutions", "DF.generations", "DF.n.evaluations", 
"DF.cpu.time")))
