full <-
structure(c(50, 55, 60, 65, 70, 75, 80, 85, 90, 95, 100, 15, 
14.71948, 14.99558, 15, 15, 13.83715, 15, 14.48835, 14.77957, 
14.69357, 15, -7.74649, -6.57849, -6.71648, -5.73661, -9.67991, 
-6.21922, -7.69166, -7.28886, -5.84088, -5.83803, -5.78146, 0, 
0, 0, 0, 0, 0, 0, 0, 0, 0, 0, 0, 0, 0, 0, 0, 0, 0, 0, 0, 0, 0, 
0.9926, 0.99159, 0.99198, 0.99203, 0.99286, 0.99309, 0.99375, 
0.99434, 0.99403, 0.99513, 0.99445, 0.99185, 0.99125, 0.99075, 
0.99118, 0.99075, 0.99186, 0.99237, 0.9915, 0.99362, 0.99455, 
0.99426, 0.2091, 0.256, 0.2584, 0.2801, 0.3675, 0.3373, 0.3682, 
0.4061, 0.4328, 0.4491, 0.4604, 102.8, 97.1, 101.3, 90.4, 186.5, 
125.9, 133.4, 140.5, 109.2, 114.3, 113, 226, 874, 1809, 118, 
233, 851, 203, 481, 589, 639, 380, 908, 168, 7, 819, 12, 30, 
31, 96, 452, 424, 21, 100, 100, 100, 100, 100, 100, 100, 100, 
100, 100, 100, 2500, 2500, 2500, 2500, 2500, 2500, 2500, 2500, 
2500, 2500, 2500, 12646.891, 13495.562, 13735.552, 14456.731, 
16929.505, 16252.951, 17059.652, 17786.583, 18648.255, 19074.55, 
19535.618, 14.78486, 14.73751, 14.29567, 12.66725, 14.89962, 
14.88859, 14.99551, 14.9026, 14.75303, 14.94286, 14.80009, -7.71442, 
-6.04835, -5.88675, -7.06386, -10.46073, -8.12569, -7.63467, 
-7.82698, -5.79268, -6.18521, -7.25926, 0, 0, 0, 0, 0, 0, 0, 
0, 0, 0, 0, 0, 0, 0, 0, 0, 0, 0, 0, 0, 0, 0, 0.99223, 0.99159, 
0.99105, 0.99175, 0.99234, 0.99235, 0.99352, 0.99368, 0.99383, 
0.99474, 0.9939, 0.99222, 0.99192, 0.99013, 0.98947, 0.98943, 
0.99136, 0.99237, 0.99194, 0.99362, 0.99416, 0.99316, 0.2093, 
0.2585, 0.2534, 0.3207, 0.383, 0.3501, 0.3591, 0.413, 0.4278, 
0.4368, 0.4691, 106.9, 90.3, 100, 169.9, 226.3, 142.6, 132.9, 
142, 108.1, 115.1, 145.2, 676, 476, 992, 1634, 87, 1161, 2445, 
1345, 61, 1084, 62, 1, 1, 2, 3, 3, 1, 1, 2, 3, 2, 1, 100, 100, 
100, 100, 100, 100, 100, 100, 100, 100, 100, 2500, 2500, 2500, 
2500, 2500, 2500, 2500, 2500, 2500, 2500, 2500, 24067.495, 26921.783, 
28469.136, 32531.613, 35245.477, 39132.416, 42590.471, 47617.091, 
52369.401, 54478.8589999999, 59931.1320000001, 1, 1, 1, 1, 1, 
1, 1, 1, 1, 1, 1, 0.25, 0.25, 0.25, 0.25, 0.25, 0.25, 0.25, 0.25, 
0.25, 0.25, 0.25, 0, 0, 0, 0, 0, 0, 0, 0, 0, 0, 0, 0, 0, 0, 0, 
0, 0, 0, 0, 0, 0, 0, 0.9293, 0.93169, 0.93492, 0.94051, 0.9445, 
0.94422, 0.94587, 0.94948, 0.95044, 0.95247, 0.9532, 0.92857, 
0.93035, 0.93647, 0.93937, 0.94291, 0.94349, 0.94772, 0.9497, 
0.95064, 0.95169, 0.95394, 0.6045, 0.6967, 0.8236, 0.9288, 1.0362, 
1.1012, 1.2172, 1.3841, 1.4861, 1.6362, 1.7931, 761.8, 816.3, 
867, 909.5, 959.5, 1009, 1046.1, 1087.9, 1130.6, 1174.8, 1214.5, 
1, 1, 1, 1, 1, 1, 1, 1, 1, 1, 1, 1, 1, 1, 1, 1, 1, 1, 1, 1, 1, 
1, 1, 1, 1, 1, 1, 1, 1, 1, 1, 1, 1, 1, 1, 1, 1, 1, 1, 1, 1, 1, 
1, 1, 9.291, 10.244, 11.561, 12.872, 13.884, 14.71, 15.749, 17.884, 
18.802, 20.391, 22.14), .Dim = c(11L, 40L), .Dimnames = list(
    NULL, c("Sampling", "PSO.cost", "PSO.gamma", "PSO.data.balancing", 
    "PSO.feature.selection", "PSO.valid.acc", "PSO.test.acc", 
    "PSO.train.time", "PSO.n.support.vectors", "PSO.index", "PSO.n.solutions", 
    "PSO.generations", "PSO.n.evaluations", "PSO.cpu.time", "RS.cost", 
    "RS.gamma", "RS.data.balancing", "RS.feature.selection", 
    "RS.valid.acc", "RS.test.acc", "RS.train.time", "RS.n.support.vectors", 
    "RS.index", "RS.n.solutions", "RS.generations", "RS.n.evaluations", 
    "RS.cpu.time", "DF.cost", "DF.gamma", "DF.data.balancing", 
    "DF.feature.selection", "DF.valid.acc", "DF.test.acc", "DF.train.time", 
    "DF.n.support.vectors", "DF.index", "DF.n.solutions", "DF.generations", 
    "DF.n.evaluations", "DF.cpu.time")))
