full <-
structure(c(50, 55, 60, 65, 70, 75, 80, 85, 90, 95, 100, 12.99356, 
15, 15, 13.33423, 14.85871, 15, 14.75331, 14.99901, 15, 14.99798, 
14.95057, -6.69062, -7.01729, -5.36806, -4.73659, -7.87876, -5.57644, 
-6.42411, -7.02543, -5.16975, -5.56043, -7.04558, 0, 0, 0, 0, 
0, 0, 0, 0, 0, 0, 0, 0, 0, 0, 0, 0, 0, 0, 0, 0, 0, 0, 0.99224, 
0.99293, 0.99291, 0.99402, 0.99339, 0.99383, 0.99422, 0.99434, 
0.99424, 0.99532, 0.99408, 0.98854, 0.99092, 0.99167, 0.99203, 
0.99155, 0.99161, 0.99445, 0.99325, 0.9926, 0.99435, 0.99371, 
0.2073, 0.2572, 0.2571, 0.2817, 0.3385, 0.3444, 0.3622, 0.4312, 
0.4246, 0.4462, 0.4922, 128.6, 98.6, 85.6, 106.6, 131.5, 96.8, 
113.9, 125.5, 101.4, 106.2, 137.2, 1000, 1451, 164, 1695, 1512, 
234, 1413, 592, 132, 972, 1471, 210, 9, 841, 24, 2, 114, 23, 
6, 808, 18, 4, 100, 100, 100, 100, 100, 100, 100, 100, 100, 100, 
100, 2500, 2500, 2500, 2500, 2500, 2500, 2500, 2500, 2500, 2500, 
2500, 13323.976, 13802.213, 14228.294, 14825.809, 17555.012, 
18385.771, 20200.545, 22320.996, 21636.86, 20087.007, 20716.333, 
14.88347, 14.87907, 14.81523, 13.35331, 14.88192, 14.87194, 14.95287, 
14.86285, 14.85435, 14.8371, 14.61277, -7.61209, -6.87738, -5.44832, 
-4.85942, -8.12564, -6.24681, -6.58958, -6.41303, -5.06417, -5.62275, 
-7.05909, 0, 0, 0, 0, 0, 0, 0, 0, 0, 0, 0, 0, 0, 0, 0, 0, 0, 
0, 0, 0, 0, 0, 0.99112, 0.99192, 0.99229, 0.99374, 0.9926, 0.99358, 
0.99399, 0.9939, 0.99424, 0.99474, 0.99352, 0.99002, 0.99092, 
0.99167, 0.99175, 0.99234, 0.9926, 0.99445, 0.99325, 0.9928, 
0.99396, 0.99315, 0.2169, 0.2397, 0.2555, 0.2825, 0.3472, 0.3409, 
0.3694, 0.4375, 0.4338, 0.4498, 0.4637, 104.6, 98.4, 88.9, 107.8, 
137.5, 106.8, 112.2, 117.9, 103.4, 109.9, 144.1, 448, 1557, 1235, 
1538, 339, 1282, 540, 107, 89, 576, 2498, 2, 2, 2, 1, 2, 1, 1, 
1, 3, 1, 1, 100, 100, 100, 100, 100, 100, 100, 100, 100, 100, 
100, 2500, 2500, 2500, 2500, 2500, 2500, 2500, 2500, 2500, 2500, 
2500, 24819.761, 27167.427, 30522.472, 33702.99, 39508.619, 42489.889, 
48366.135, 54045.067, 54240.157, 57485.4639999999, 58854.3960000001, 
1, 1, 1, 1, 1, 1, 1, 1, 1, 1, 1, 0.25, 0.25, 0.25, 0.25, 0.25, 
0.25, 0.25, 0.25, 0.25, 0.25, 0.25, 0, 0, 0, 0, 0, 0, 0, 0, 0, 
0, 0, 0, 0, 0, 0, 0, 0, 0, 0, 0, 0, 0, 0.93342, 0.93644, 0.94017, 
0.94278, 0.94265, 0.94128, 0.94795, 0.94731, 0.949, 0.95208, 
0.95468, 0.9323, 0.93712, 0.9411, 0.94107, 0.94265, 0.94276, 
0.94494, 0.94818, 0.94838, 0.95305, 0.95467, 0.6326, 0.7552, 
0.8116, 0.9098, 1.0677, 1.1948, 1.3481, 1.4328, 1.5676, 1.6867, 
1.7664, 775.9, 832.1, 874.8, 916.6, 973.3, 1019.6, 1054.7, 1094.3, 
1129.6, 1169.2, 1213.1, 1, 1, 1, 1, 1, 1, 1, 1, 1, 1, 1, 1, 1, 
1, 1, 1, 1, 1, 1, 1, 1, 1, 1, 1, 1, 1, 1, 1, 1, 1, 1, 1, 1, 1, 
1, 1, 1, 1, 1, 1, 1, 1, 1, 1, 9.871, 11.137, 11.557, 12.531, 
15.432, 16.717, 18.697, 19.628, 19.922, 21.16, 21.84), .Dim = c(11L, 
40L), .Dimnames = list(NULL, c("Sampling", "PSO.cost", "PSO.gamma", 
"PSO.data.balancing", "PSO.feature.selection", "PSO.valid.acc", 
"PSO.test.acc", "PSO.train.time", "PSO.n.support.vectors", "PSO.index", 
"PSO.n.solutions", "PSO.generations", "PSO.n.evaluations", "PSO.cpu.time", 
"RS.cost", "RS.gamma", "RS.data.balancing", "RS.feature.selection", 
"RS.valid.acc", "RS.test.acc", "RS.train.time", "RS.n.support.vectors", 
"RS.index", "RS.n.solutions", "RS.generations", "RS.n.evaluations", 
"RS.cpu.time", "DF.cost", "DF.gamma", "DF.data.balancing", "DF.feature.selection", 
"DF.valid.acc", "DF.test.acc", "DF.train.time", "DF.n.support.vectors", 
"DF.index", "DF.n.solutions", "DF.generations", "DF.n.evaluations", 
"DF.cpu.time")))
