full <-
structure(c(50, 55, 60, 65, 70, 75, 80, 85, 90, 95, 100, 13.40829, 
13.61047, 14.61056, 14.5106, 14.35277, 14.97169, 15, 15, 13.72779, 
15, 14.9996, -8.24681, -4.94425, -5.14649, -4.98968, -5.88293, 
-7.87592, -7.62454, -8.5716, -5.96522, -7.31945, -6.05528, 0, 
0, 0, 0, 0, 0, 0, 0, 0, 0, 0, 0, 0, 0, 0, 0, 0, 0, 0, 0, 0, 0, 
0.9926, 0.99227, 0.99445, 0.99403, 0.9934, 0.99359, 0.99375, 
0.99325, 0.99465, 0.99435, 0.99427, 0.99223, 0.9916, 0.99136, 
0.99289, 0.99313, 0.99358, 0.9926, 0.9926, 0.9928, 0.99318, 0.99371, 
0.2358, 0.2286, 0.2464, 0.2654, 0.2911, 0.34, 0.3647, 0.42, 0.4256, 
0.4464, 0.4665, 143.4, 84.6, 78.6, 85.7, 99.6, 128.6, 126.9, 
156.1, 133.5, 136.1, 117.2, 2400, 1194, 763, 283, 270, 500, 271, 
197, 255, 326, 1018, 1, 208, 350, 217, 707, 140, 206, 169, 93, 
528, 51, 100, 100, 100, 100, 100, 100, 100, 100, 100, 100, 100, 
2500, 2500, 2500, 2500, 2500, 2500, 2500, 2500, 2500, 2500, 2500, 
13570.212, 15985.858, 15766.63, 15476.812, 14955.96, 16278.135, 
16947.157, 20367.442, 20788.464, 20503.095, 20013.803, 11.88298, 
12.8622, 14.43916, 14.38545, 14.37388, 14.35637, 14.41197, 14.90211, 
13.39904, 14.94747, 14.82591, -6.78106, -4.55065, -4.70779, -4.99798, 
-5.85216, -7.02443, -7.07092, -7.32336, -5.58634, -7.18264, -5.30048, 
0, 0, 0, 0, 0, 0, 0, 0, 0, 0, 0, 0, 0, 0, 0, 0, 0, 0, 0, 0, 0, 
0, 0.99223, 0.99227, 0.99352, 0.99317, 0.9934, 0.99285, 0.99375, 
0.99281, 0.99445, 0.99396, 0.99408, 0.99149, 0.9916, 0.99167, 
0.99317, 0.99287, 0.99285, 0.99167, 0.99281, 0.9928, 0.99338, 
0.99316, 0.2244, 0.2243, 0.2355, 0.2582, 0.2855, 0.3318, 0.3626, 
0.3922, 0.4219, 0.4322, 0.4531, 145.4, 93.3, 79.2, 87.8, 98.7, 
125.6, 128.4, 126.5, 134.8, 134.6, 112, 216, 865, 1927, 703, 
2016, 487, 1463, 1170, 127, 1852, 846, 5, 2, 4, 1, 1, 3, 1, 1, 
1, 1, 1, 100, 100, 100, 100, 100, 100, 100, 100, 100, 100, 100, 
2500, 2500, 2500, 2500, 2500, 2500, 2500, 2500, 2500, 2500, 2500, 
26170.877, 29197.102, 31842.612, 33188.227, 35945.348, 39681.446, 
42157.884, 49410.632, 52850.138, 55767.763, 59656.419, 1, 1, 
1, 1, 1, 1, 1, 1, 1, 1, 1, 0.25, 0.25, 0.25, 0.25, 0.25, 0.25, 
0.25, 0.25, 0.25, 0.25, 0.25, 0, 0, 0, 0, 0, 0, 0, 0, 0, 0, 0, 
0, 0, 0, 0, 0, 0, 0, 0, 0, 0, 0, 0.93674, 0.93409, 0.94108, 0.94165, 
0.94345, 0.9482, 0.94911, 0.94927, 0.94921, 0.94974, 0.9519, 
0.93525, 0.9324, 0.94233, 0.94221, 0.94319, 0.94622, 0.94842, 
0.94905, 0.95064, 0.95032, 0.95246, 0.5984, 0.7068, 0.8137, 0.9137, 
1.0296, 1.1356, 1.2649, 1.3664, 1.5166, 1.6613, 1.795, 753.2, 
808.8, 863.7, 901.5, 950.9, 994.9, 1035.5, 1085.1, 1132.8, 1171.6, 
1214.1, 1, 1, 1, 1, 1, 1, 1, 1, 1, 1, 1, 1, 1, 1, 1, 1, 1, 1, 
1, 1, 1, 1, 1, 1, 1, 1, 1, 1, 1, 1, 1, 1, 1, 1, 1, 1, 1, 1, 1, 
1, 1, 1, 1, 1, 10.107, 11.341, 12.467, 12.65, 13.956, 15.145, 
16.632, 18.325, 19.986, 20.863, 22.194), .Dim = c(11L, 40L), .Dimnames = list(
    NULL, c("Sampling", "PSO.cost", "PSO.gamma", "PSO.data.balancing", 
    "PSO.feature.selection", "PSO.valid.acc", "PSO.test.acc", 
    "PSO.train.time", "PSO.n.support.vectors", "PSO.index", "PSO.n.solutions", 
    "PSO.generations", "PSO.n.evaluations", "PSO.cpu.time", "RS.cost", 
    "RS.gamma", "RS.data.balancing", "RS.feature.selection", 
    "RS.valid.acc", "RS.test.acc", "RS.train.time", "RS.n.support.vectors", 
    "RS.index", "RS.n.solutions", "RS.generations", "RS.n.evaluations", 
    "RS.cpu.time", "DF.cost", "DF.gamma", "DF.data.balancing", 
    "DF.feature.selection", "DF.valid.acc", "DF.test.acc", "DF.train.time", 
    "DF.n.support.vectors", "DF.index", "DF.n.solutions", "DF.generations", 
    "DF.n.evaluations", "DF.cpu.time")))
