full <-
structure(c(50, 55, 60, 65, 70, 75, 80, 85, 90, 95, 100, 15, 
14.12031, 15, 14.76444, 14.85286, 14.87994, 14.99307, 15, 14.54873, 
14.9152, 15, -6.91845, -8.29195, -9.10918, -7.03211, -6.60973, 
-6.88221, -7.32511, -7.31032, -5.69533, -8.77741, -6.98194, 0, 
0, 0, 0, 0, 0, 0, 0, 0, 0, 0, 0, 0, 0, 0, 0, 0, 0, 0, 0, 0, 0, 
0.99334, 0.99462, 0.99414, 0.99459, 0.99445, 0.99432, 0.99445, 
0.99455, 0.99342, 0.99416, 0.99426, 0.99186, 0.99395, 0.99321, 
0.99317, 0.99445, 0.99309, 0.99399, 0.99347, 0.99157, 0.99338, 
0.99297, 0.2041, 0.2344, 0.2759, 0.2815, 0.2929, 0.3343, 0.3603, 
0.399, 0.3954, 0.5003, 0.4744, 84.7, 133, 136.5, 102, 101.4, 
114, 122.3, 128.2, 113.5, 183.2, 134.9, 70, 1694, 623, 347, 258, 
1013, 331, 883, 681, 1719, 377, 849, 78, 5, 70, 961, 180, 278, 
8, 182, 4, 58, 100, 100, 100, 100, 100, 100, 100, 100, 100, 100, 
100, 2500, 2500, 2500, 2500, 2500, 2500, 2500, 2500, 2500, 2500, 
2500, 12408.892, 13478.686, 14526.684, 14544.325, 14720.267, 
15686.755, 17015.027, 17789.007, 18379.166, 20671.34, 19827.6950000001, 
14.58049, 14.74375, 14.15606, 14.97213, 14.68729, 14.96573, 14.53426, 
14.81005, 14.96142, 14.49853, 14.38798, -6.6365, -8.86192, -8.89625, 
-6.90387, -6.84484, -6.95144, -6.52392, -7.02563, -5.93609, -7.80124, 
-6.38981, 0, 0, 0, 0, 0, 0, 0, 0, 0, 0, 0, 0, 0, 0, 0, 0, 0, 
0, 0, 0, 0, 0, 0.99297, 0.99361, 0.99352, 0.99431, 0.99445, 0.99408, 
0.99398, 0.99412, 0.99342, 0.99357, 0.99408, 0.99223, 0.99327, 
0.99167, 0.99488, 0.99472, 0.99334, 0.9926, 0.99303, 0.99239, 
0.99299, 0.99278, 0.2103, 0.2421, 0.2993, 0.2839, 0.3015, 0.3359, 
0.3632, 0.3965, 0.3957, 0.4772, 0.4682, 86.3, 131.1, 157.7, 96.6, 
107.9, 113.6, 116.9, 127.3, 108.8, 166.4, 137.5, 720, 2233, 1823, 
640, 106, 924, 1104, 2303, 814, 768, 695, 5, 1, 4, 1, 2, 1, 1, 
1, 1, 2, 1, 100, 100, 100, 100, 100, 100, 100, 100, 100, 100, 
100, 2500, 2500, 2500, 2500, 2500, 2500, 2500, 2500, 2500, 2500, 
2500, 23729.524, 26239.051, 29896.659, 32274.533, 35114.81, 38701.42, 
42900.868, 46291.935, 50083.444, 54362.187, 59225.326, 1, 1, 
1, 1, 1, 1, 1, 1, 1, 1, 1, 0.25, 0.25, 0.25, 0.25, 0.25, 0.25, 
0.25, 0.25, 0.25, 0.25, 0.25, 0, 0, 0, 0, 0, 0, 0, 0, 0, 0, 0, 
0, 0, 0, 0, 0, 0, 0, 0, 0, 0, 0, 0.93637, 0.94249, 0.9454, 0.9499, 
0.95057, 0.94917, 0.94957, 0.95166, 0.95311, 0.95169, 0.95302, 
0.9397, 0.94215, 0.94694, 0.95104, 0.95004, 0.95066, 0.95049, 
0.95122, 0.95352, 0.95247, 0.95302, 0.5932, 0.6964, 0.8373, 0.8856, 
0.9933, 1.12, 1.2699, 1.4011, 1.5203, 1.6594, 1.7644, 753.8, 
808.7, 849.1, 894.3, 944.2, 993.5, 1044.6, 1090.6, 1125, 1166.9, 
1211.6, 1, 1, 1, 1, 1, 1, 1, 1, 1, 1, 1, 1, 1, 1, 1, 1, 1, 1, 
1, 1, 1, 1, 1, 1, 1, 1, 1, 1, 1, 1, 1, 1, 1, 1, 1, 1, 1, 1, 1, 
1, 1, 1, 1, 1, 9.172, 10.315, 11.918, 12.182, 13.388, 14.764, 
16.576, 17.902, 19.293, 20.766, 21.751), .Dim = c(11L, 40L), .Dimnames = list(
    NULL, c("Sampling", "PSO.cost", "PSO.gamma", "PSO.data.balancing", 
    "PSO.feature.selection", "PSO.valid.acc", "PSO.test.acc", 
    "PSO.train.time", "PSO.n.support.vectors", "PSO.index", "PSO.n.solutions", 
    "PSO.generations", "PSO.n.evaluations", "PSO.cpu.time", "RS.cost", 
    "RS.gamma", "RS.data.balancing", "RS.feature.selection", 
    "RS.valid.acc", "RS.test.acc", "RS.train.time", "RS.n.support.vectors", 
    "RS.index", "RS.n.solutions", "RS.generations", "RS.n.evaluations", 
    "RS.cpu.time", "DF.cost", "DF.gamma", "DF.data.balancing", 
    "DF.feature.selection", "DF.valid.acc", "DF.test.acc", "DF.train.time", 
    "DF.n.support.vectors", "DF.index", "DF.n.solutions", "DF.generations", 
    "DF.n.evaluations", "DF.cpu.time")))
