full <-
structure(c(50, 55, 60, 65, 70, 75, 80, 85, 90, 95, 100, 14.6232, 
15, 14.98709, 14.82797, 14.29018, 15, 15, 14.62868, 15, 14.8394, 
15, -6.20312, -6.79046, -6.1383, -6.53703, -5.84423, -6.51393, 
-8.17065, -6.02408, -7.70614, -4.83235, -6.13397, 0, 0, 0, 0, 
0, 0, 0, 0, 0, 0, 0, 0, 0, 0, 0, 0, 0, 0, 0, 0, 0, 0, 0.99039, 
0.99159, 0.99167, 0.99203, 0.99313, 0.99235, 0.99306, 0.99434, 
0.99383, 0.99435, 0.99408, 0.98743, 0.99193, 0.99075, 0.99175, 
0.99128, 0.9921, 0.99121, 0.9926, 0.99219, 0.99377, 0.99297, 
0.2072, 0.2295, 0.262, 0.3031, 0.3256, 0.3504, 0.3922, 0.3978, 
0.4545, 0.4002, 0.4874, 85.2, 93.9, 89.2, 102.1, 104.5, 104.3, 
145, 115.8, 141.2, 103.2, 118.5, 324, 336, 392, 396, 2149, 537, 
216, 934, 1149, 202, 619, 139, 912, 284, 529, 1, 106, 180, 26, 
13, 150, 243, 100, 100, 100, 100, 100, 100, 100, 100, 100, 100, 
100, 2500, 2500, 2500, 2500, 2500, 2500, 2500, 2500, 2500, 2500, 
2500, 12610.347, 12985.325, 14246.928, 15016.137, 15492.694, 
17043.678, 18077.235, 18062.041, 19204.298, 19169.124, 20465.9570000001, 
12.26997, 14.57201, 14.90066, 14.94099, 14.72458, 13.01508, 14.62683, 
14.6257, 13.8005, 14.73098, 14.93215, -7.54756, -6.39041, -6.10368, 
-8.41602, -6.50229, -5.46027, -7.85837, -5.95592, -6.61913, -6.04532, 
-6.10531, 0, 0, 0, 0, 0, 0, 0, 0, 0, 0, 0, 0, 0, 0, 0, 0, 0, 
0, 0, 0, 0, 0, 0.99076, 0.99159, 0.99136, 0.99146, 0.99233, 0.99161, 
0.99283, 0.99412, 0.99322, 0.99435, 0.99371, 0.99039, 0.99193, 
0.99044, 0.98975, 0.99075, 0.99013, 0.99121, 0.9926, 0.99198, 
0.99416, 0.99334, 0.2275, 0.2326, 0.2779, 0.3071, 0.3133, 0.3527, 
0.3883, 0.4014, 0.4276, 0.4541, 0.5069, 166.6, 95.6, 89.9, 136.6, 
106.4, 127.8, 147.4, 115, 147.1, 119.6, 119.7, 2028, 535, 1136, 
402, 770, 2223, 1864, 1904, 353, 556, 2155, 1, 1, 1, 2, 2, 1, 
4, 1, 4, 1, 1, 100, 100, 100, 100, 100, 100, 100, 100, 100, 100, 
100, 2500, 2500, 2500, 2500, 2500, 2500, 2500, 2500, 2500, 2500, 
2500, 23440.823, 26562.476, 30115.51, 33276.142, 37070.631, 40851.931, 
44297.576, 48831.645, 51539.036, 56740.121, 64758.362, 1, 1, 
1, 1, 1, 1, 1, 1, 1, 1, 1, 0.25, 0.25, 0.25, 0.25, 0.25, 0.25, 
0.25, 0.25, 0.25, 0.25, 0.25, 0, 0, 0, 0, 0, 0, 0, 0, 0, 0, 0, 
0, 0, 0, 0, 0, 0, 0, 0, 0, 0, 0, 0.93528, 0.93878, 0.93803, 0.93851, 
0.94211, 0.94276, 0.94888, 0.94927, 0.95168, 0.95228, 0.95227, 
0.93417, 0.9371, 0.93927, 0.93766, 0.94212, 0.94423, 0.94726, 
0.94905, 0.95066, 0.95169, 0.95227, 0.5938, 0.6678, 0.7721, 0.9138, 
1.0549, 1.1655, 1.293, 1.4084, 1.5435, 1.6859, 1.8972, 748.6, 
789.8, 832.5, 881.3, 933.9, 980, 1033.6, 1080.6, 1119.5, 1171.3, 
1214.6, 1, 1, 1, 1, 1, 1, 1, 1, 1, 1, 1, 1, 1, 1, 1, 1, 1, 1, 
1, 1, 1, 1, 1, 1, 1, 1, 1, 1, 1, 1, 1, 1, 1, 1, 1, 1, 1, 1, 1, 
1, 1, 1, 1, 1, 8.966, 10.067, 11.135, 12.852, 14.52, 15.528, 
16.952, 18.096, 19.575, 21.103, 23.526), .Dim = c(11L, 40L), .Dimnames = list(
    NULL, c("Sampling", "PSO.cost", "PSO.gamma", "PSO.data.balancing", 
    "PSO.feature.selection", "PSO.valid.acc", "PSO.test.acc", 
    "PSO.train.time", "PSO.n.support.vectors", "PSO.index", "PSO.n.solutions", 
    "PSO.generations", "PSO.n.evaluations", "PSO.cpu.time", "RS.cost", 
    "RS.gamma", "RS.data.balancing", "RS.feature.selection", 
    "RS.valid.acc", "RS.test.acc", "RS.train.time", "RS.n.support.vectors", 
    "RS.index", "RS.n.solutions", "RS.generations", "RS.n.evaluations", 
    "RS.cpu.time", "DF.cost", "DF.gamma", "DF.data.balancing", 
    "DF.feature.selection", "DF.valid.acc", "DF.test.acc", "DF.train.time", 
    "DF.n.support.vectors", "DF.index", "DF.n.solutions", "DF.generations", 
    "DF.n.evaluations", "DF.cpu.time")))
