full <-
structure(c(50, 55, 60, 65, 70, 75, 80, 85, 90, 95, 100, 14.6537, 
14.92843, 14.8465, 15, 15, 15, 14.83933, 14.74363, 13.59781, 
15, 14.73549, -5.49722, -7.08271, -7.14252, -6.94173, -8.30444, 
-7.39341, -6.42975, -4.77841, -6.37863, -7.02756, -6.91785, 0, 
0, 0, 0, 0, 0, 0, 0, 0, 0, 0, 0, 0, 0, 0, 0, 0, 0, 0, 0, 0, 0, 
0.99186, 0.99125, 0.99075, 0.99232, 0.99207, 0.99334, 0.99237, 
0.99412, 0.99239, 0.99435, 0.99519, 0.99001, 0.98923, 0.98952, 
0.99118, 0.99048, 0.99136, 0.99098, 0.99238, 0.99198, 0.99318, 
0.9939, 0.195, 0.2374, 0.2572, 0.2828, 0.3186, 0.3322, 0.3357, 
0.3555, 0.4175, 0.4539, 0.5219, 76.5, 95.7, 107.4, 104.6, 135, 
120.5, 112.1, 96.5, 147.1, 133.4, 139.6, 1427, 759, 414, 153, 
612, 182, 555, 150, 2487, 455, 1090, 25, 174, 320, 269, 11, 558, 
116, 640, 36, 349, 7, 100, 100, 100, 100, 100, 100, 100, 100, 
100, 100, 100, 2500, 2500, 2500, 2500, 2500, 2500, 2500, 2500, 
2500, 2500, 2500, 13437.502, 14092.746, 15042.804, 15436.673, 
16956.578, 17275.351, 16868.388, 17400.003, 18885.638, 19868.721, 
27677.018, 14.50374, 14.89014, 14.36177, 14.7852, 12.3037, 14.62568, 
14.99715, 14.82933, 13.57767, 14.86556, 14.31409, -5.46774, -7.04964, 
-6.69517, -6.6432, -5.0101, -7.00067, -6.1413, -5.04938, -6.53546, 
-6.83664, -6.56416, 0, 0, 0, 0, 0, 0, 0, 0, 0, 0, 0, 0, 0, 0, 
0, 0, 0, 0, 0, 0, 0, 0, 0.99149, 0.99092, 0.99014, 0.99204, 0.99155, 
0.99284, 0.99167, 0.99325, 0.99198, 0.99376, 0.99482, 0.99001, 
0.98923, 0.98921, 0.9909, 0.99128, 0.99136, 0.99144, 0.99173, 
0.99219, 0.99299, 0.99464, 0.199, 0.2269, 0.2568, 0.2776, 0.3029, 
0.3332, 0.3415, 0.3451, 0.4094, 0.446, 0.5443, 78.8, 95.8, 108.1, 
103.5, 132.7, 121.3, 105.6, 96.8, 151.3, 131.3, 141.9, 1681, 
2260, 1400, 1294, 26, 2171, 579, 422, 1370, 46, 901, 1, 1, 1, 
2, 1, 2, 1, 1, 2, 1, 1, 100, 100, 100, 100, 100, 100, 100, 100, 
100, 100, 100, 2500, 2500, 2500, 2500, 2500, 2500, 2500, 2500, 
2500, 2500, 2500, 24831.036, 26744.051, 30018.662, 33626.918, 
36097.869, 39773.594, 43235.234, 48202.655, 52219.579, 57510.113, 
73859.772, 1, 1, 1, 1, 1, 1, 1, 1, 1, 1, 1, 0.25, 0.25, 0.25, 
0.25, 0.25, 0.25, 0.25, 0.25, 0.25, 0.25, 0.25, 0, 0, 0, 0, 0, 
0, 0, 0, 0, 0, 0, 0, 0, 0, 0, 0, 0, 0, 0, 0, 0, 0, 0.93823, 0.94247, 
0.94232, 0.94534, 0.94635, 0.94894, 0.95004, 0.95101, 0.95065, 
0.95168, 0.95394, 0.9397, 0.94248, 0.94263, 0.94421, 0.94766, 
0.9514, 0.95166, 0.95145, 0.95004, 0.95168, 0.95302, 0.5876, 
0.6839, 0.7873, 0.8945, 1.0064, 1.1414, 1.2778, 1.3755, 1.5611, 
1.751, 1.9951, 728.8, 780.2, 831.1, 887, 934.5, 983.9, 1037.7, 
1087.3, 1129.5, 1172, 1211.4, 1, 1, 1, 1, 1, 1, 1, 1, 1, 1, 1, 
1, 1, 1, 1, 1, 1, 1, 1, 1, 1, 1, 1, 1, 1, 1, 1, 1, 1, 1, 1, 1, 
1, 1, 1, 1, 1, 1, 1, 1, 1, 1, 1, 1, 9.604, 10.694, 11.721, 12.836, 
14.237, 15.468, 16.873, 17.982, 19.91, 23.913, 26.549), .Dim = c(11L, 
40L), .Dimnames = list(NULL, c("Sampling", "PSO.cost", "PSO.gamma", 
"PSO.data.balancing", "PSO.feature.selection", "PSO.valid.acc", 
"PSO.test.acc", "PSO.train.time", "PSO.n.support.vectors", "PSO.index", 
"PSO.n.solutions", "PSO.generations", "PSO.n.evaluations", "PSO.cpu.time", 
"RS.cost", "RS.gamma", "RS.data.balancing", "RS.feature.selection", 
"RS.valid.acc", "RS.test.acc", "RS.train.time", "RS.n.support.vectors", 
"RS.index", "RS.n.solutions", "RS.generations", "RS.n.evaluations", 
"RS.cpu.time", "DF.cost", "DF.gamma", "DF.data.balancing", "DF.feature.selection", 
"DF.valid.acc", "DF.test.acc", "DF.train.time", "DF.n.support.vectors", 
"DF.index", "DF.n.solutions", "DF.generations", "DF.n.evaluations", 
"DF.cpu.time")))
