full <-
structure(c(50, 55, 60, 65, 70, 75, 80, 85, 90, 95, 100, 15, 
14.82746, 15, 15, 15, 15, 15, 14.99376, 14.98802, 15, 14.75809, 
-8.48346, -9.28083, -6.83674, -9.71532, -7.12814, -6.96314, -5.26018, 
-7.64758, -4.63941, -7.53473, -4.97396, 0, 0, 0, 0, 0, 0, 0, 
0, 0, 0, 0, 0, 0, 0, 0, 0, 0, 0, 0, 0, 0, 0, 0.99222, 0.99226, 
0.99167, 0.99317, 0.99313, 0.99284, 0.99353, 0.99412, 0.99342, 
0.99474, 0.99371, 0.99038, 0.99159, 0.99074, 0.99033, 0.99154, 
0.99383, 0.99098, 0.99303, 0.99301, 0.99318, 0.99352, 0.2204, 
0.2653, 0.2599, 0.3196, 0.3054, 0.3421, 0.3456, 0.4011, 0.3826, 
0.4557, 0.4393, 113.3, 143.7, 98, 173.9, 113.1, 114.4, 97.6, 
137.3, 101.4, 145.6, 109.3, 366, 861, 120, 189, 170, 89, 183, 
412, 154, 1703, 701, 30, 7, 1042, 244, 868, 685, 653, 1, 189, 
1, 166, 100, 100, 100, 100, 100, 100, 100, 100, 100, 100, 100, 
2500, 2500, 2500, 2500, 2500, 2500, 2500, 2500, 2500, 2500, 2500, 
12435.316, 13856.926, 13778.191, 14955.181, 15013.619, 15898.698, 
15955.753, 17686.851, 18171.589, 19700.715, 18914.812, 14.76469, 
14.88749, 14.94045, 13.80739, 14.94642, 14.6445, 14.23751, 13.92538, 
14.85207, 14.71454, 14.68759, -7.59366, -8.34618, -6.90592, -8.17342, 
-7.07653, -6.65018, -4.50735, -6.70425, -4.82182, -7.59775, -4.97022, 
0, 0, 0, 0, 0, 0, 0, 0, 0, 0, 0, 0, 0, 0, 0, 0, 0, 0, 0, 0, 0, 
0, 0.99112, 0.99159, 0.99136, 0.99317, 0.99286, 0.99284, 0.99329, 
0.99325, 0.99301, 0.99396, 0.99353, 0.98964, 0.99158, 0.99075, 
0.99004, 0.99154, 0.99309, 0.9919, 0.99194, 0.99322, 0.99279, 
0.99371, 0.2111, 0.2341, 0.2611, 0.2997, 0.3085, 0.3223, 0.3192, 
0.3803, 0.3864, 0.453, 0.445, 99.9, 117.1, 99.6, 162.4, 113.2, 
115.8, 102.6, 140.1, 104.2, 154.9, 111, 831, 1073, 622, 1488, 
2033, 1070, 1016, 210, 819, 1733, 147, 2, 3, 1, 1, 1, 2, 1, 1, 
9, 1, 1, 100, 100, 100, 100, 100, 100, 100, 100, 100, 100, 100, 
2500, 2500, 2500, 2500, 2500, 2500, 2500, 2500, 2500, 2500, 2500, 
22931.364, 26142.78, 28790.253, 32266.474, 35752.565, 40214.123, 
42886.32, 46357.637, 50523.283, 53174.348, 57040.6340000001, 
1, 1, 1, 1, 1, 1, 1, 1, 1, 1, 1, 0.25, 0.25, 0.25, 0.25, 0.25, 
0.25, 0.25, 0.25, 0.25, 0.25, 0.25, 0, 0, 0, 0, 0, 0, 0, 0, 0, 
0, 0, 0, 0, 0, 0, 0, 0, 0, 0, 0, 0, 0, 0.93452, 0.93847, 0.93771, 
0.93851, 0.94317, 0.94349, 0.94356, 0.94818, 0.94736, 0.95149, 
0.95209, 0.93487, 0.93711, 0.93925, 0.93852, 0.94159, 0.94349, 
0.94333, 0.94775, 0.94777, 0.95111, 0.95246, 0.5814, 0.6578, 
0.7693, 0.8647, 1.0311, 1.0991, 1.23, 1.35, 1.5821, 1.6089, 1.8016, 
736.5, 781.1, 834.8, 882.9, 929, 975, 1023.2, 1083, 1132.3, 1169.1, 
1212.9, 1, 1, 1, 1, 1, 1, 1, 1, 1, 1, 1, 1, 1, 1, 1, 1, 1, 1, 
1, 1, 1, 1, 1, 1, 1, 1, 1, 1, 1, 1, 1, 1, 1, 1, 1, 1, 1, 1, 1, 
1, 1, 1, 1, 1, 9.16, 9.804, 11.026, 11.971, 13.997, 14.55, 16.062, 
17.354, 20.004, 20.037, 22.281), .Dim = c(11L, 40L), .Dimnames = list(
    NULL, c("Sampling", "PSO.cost", "PSO.gamma", "PSO.data.balancing", 
    "PSO.feature.selection", "PSO.valid.acc", "PSO.test.acc", 
    "PSO.train.time", "PSO.n.support.vectors", "PSO.index", "PSO.n.solutions", 
    "PSO.generations", "PSO.n.evaluations", "PSO.cpu.time", "RS.cost", 
    "RS.gamma", "RS.data.balancing", "RS.feature.selection", 
    "RS.valid.acc", "RS.test.acc", "RS.train.time", "RS.n.support.vectors", 
    "RS.index", "RS.n.solutions", "RS.generations", "RS.n.evaluations", 
    "RS.cpu.time", "DF.cost", "DF.gamma", "DF.data.balancing", 
    "DF.feature.selection", "DF.valid.acc", "DF.test.acc", "DF.train.time", 
    "DF.n.support.vectors", "DF.index", "DF.n.solutions", "DF.generations", 
    "DF.n.evaluations", "DF.cpu.time")))
