full <-
structure(c(50, 55, 60, 65, 70, 75, 80, 85, 90, 95, 100, 12.83209, 
14.97303, 15, 14.07069, 14.88069, 15, 14.0529, 14.97464, 14.80844, 
15, 15, -5.82767, -7.53354, -6.52309, -6.85985, -6.66917, -7.04981, 
-6.6862, -7.18138, -6.74106, -8.42159, -7.20463, 0, 0, 0, 0, 
0, 0, 0, 0, 0, 0, 0, 0, 0, 0, 0, 0, 0, 0, 0, 0, 0, 0, 0.9915, 
0.99025, 0.99106, 0.99175, 0.99366, 0.99408, 0.99329, 0.99347, 
0.99507, 0.99435, 0.99389, 0.98928, 0.98891, 0.99013, 0.98976, 
0.9926, 0.99235, 0.99352, 0.9926, 0.99301, 0.99318, 0.9926, 0.1997, 
0.2437, 0.2649, 0.2743, 0.3179, 0.3276, 0.3628, 0.4054, 0.4372, 
0.5015, 0.4817, 116.7, 108.1, 98.1, 122.6, 108.4, 112.1, 135.3, 
128.4, 126.1, 171.1, 138.8, 1027, 864, 172, 351, 452, 210, 1090, 
210, 1958, 87, 535, 182, 2, 1029, 151, 367, 1133, 141, 185, 4, 
396, 20, 100, 100, 100, 100, 100, 100, 100, 100, 100, 100, 100, 
2500, 2500, 2500, 2500, 2500, 2500, 2500, 2500, 2500, 2500, 2500, 
11895.451, 13175.867, 13404.824, 14888.868, 15084.37, 15599.008, 
15869.722, 17334.876, 18472.397, 20493.526, 20061.181, 12.53332, 
14.90677, 14.00431, 14.68074, 14.75324, 14.69002, 13.78197, 14.51961, 
13.98655, 14.85338, 14.98411, -5.6233, -8.91413, -6.3715, -8.87781, 
-6.53513, -7.11341, -6.93551, -7.87017, -6.10102, -8.33002, -5.16023, 
0, 0, 0, 0, 0, 0, 0, 0, 0, 0, 0, 0, 0, 0, 0, 0, 0, 0, 0, 0, 0, 
0, 0.99113, 0.98958, 0.99075, 0.99146, 0.99339, 0.99383, 0.99283, 
0.99282, 0.99445, 0.99396, 0.99316, 0.9889, 0.98992, 0.98951, 
0.98976, 0.99234, 0.99235, 0.99305, 0.99282, 0.99363, 0.99318, 
0.99297, 0.2001, 0.253, 0.2568, 0.3232, 0.3093, 0.3324, 0.3583, 
0.4167, 0.4204, 0.5072, 0.4646, 119.5, 141.7, 110.8, 157.2, 109.3, 
119.2, 148.1, 157.9, 133.1, 173, 105.8, 390, 356, 1058, 1577, 
15, 1937, 1652, 327, 1911, 88, 136, 2, 4, 1, 2, 1, 1, 3, 4, 3, 
2, 1, 100, 100, 100, 100, 100, 100, 100, 100, 100, 100, 100, 
2500, 2500, 2500, 2500, 2500, 2500, 2500, 2500, 2500, 2500, 2500, 
22271.197, 25327.067, 28270.268, 32122.797, 35559.214, 38233.265, 
41570.867, 48314.428, 50544.755, 55356.632, 61122.831, 1, 1, 
1, 1, 1, 1, 1, 1, 1, 1, 1, 0.25, 0.25, 0.25, 0.25, 0.25, 0.25, 
0.25, 0.25, 0.25, 0.25, 0.25, 0, 0, 0, 0, 0, 0, 0, 0, 0, 0, 0, 
0, 0, 0, 0, 0, 0, 0, 0, 0, 0, 0, 0.93118, 0.93305, 0.93773, 0.94222, 
0.94739, 0.94646, 0.94889, 0.94927, 0.94839, 0.95226, 0.95265, 
0.93451, 0.93339, 0.93588, 0.94251, 0.94633, 0.94671, 0.94958, 
0.94927, 0.94757, 0.95032, 0.95284, 0.5647, 0.6816, 0.7655, 0.9167, 
1.0195, 1.1123, 1.2435, 1.4114, 1.5521, 1.6736, 1.7488, 756.7, 
814.7, 860.2, 897, 941.3, 987.4, 1037, 1076.5, 1124.8, 1167.1, 
1214.6, 1, 1, 1, 1, 1, 1, 1, 1, 1, 1, 1, 1, 1, 1, 1, 1, 1, 1, 
1, 1, 1, 1, 1, 1, 1, 1, 1, 1, 1, 1, 1, 1, 1, 1, 1, 1, 1, 1, 1, 
1, 1, 1, 1, 1, 8.689, 9.939, 10.905, 12.674, 13.63, 14.555, 16.093, 
18.017, 19.564, 20.803, 21.442), .Dim = c(11L, 40L), .Dimnames = list(
    NULL, c("Sampling", "PSO.cost", "PSO.gamma", "PSO.data.balancing", 
    "PSO.feature.selection", "PSO.valid.acc", "PSO.test.acc", 
    "PSO.train.time", "PSO.n.support.vectors", "PSO.index", "PSO.n.solutions", 
    "PSO.generations", "PSO.n.evaluations", "PSO.cpu.time", "RS.cost", 
    "RS.gamma", "RS.data.balancing", "RS.feature.selection", 
    "RS.valid.acc", "RS.test.acc", "RS.train.time", "RS.n.support.vectors", 
    "RS.index", "RS.n.solutions", "RS.generations", "RS.n.evaluations", 
    "RS.cpu.time", "DF.cost", "DF.gamma", "DF.data.balancing", 
    "DF.feature.selection", "DF.valid.acc", "DF.test.acc", "DF.train.time", 
    "DF.n.support.vectors", "DF.index", "DF.n.solutions", "DF.generations", 
    "DF.n.evaluations", "DF.cpu.time")))
