full <-
structure(c(50, 55, 60, 65, 70, 75, 80, 85, 90, 95, 100, 15, 
15, 14.75029, 15, 15, 15, 15, 14.34831, 14.43434, 14.09601, 14.99966, 
-7.94628, -9.5354, -5.84424, -8.25351, -5.75459, -5.57585, -5.80147, 
-4.34573, -4.27706, -5.08954, -7.51217, 0, 0, 0, 0, 0, 0, 0, 
0, 0, 0, 0, 0, 0, 0, 0, 0, 0, 0, 0, 0, 0, 0, 0.99001, 0.99024, 
0.99168, 0.99146, 0.99366, 0.99334, 0.99306, 0.99412, 0.99445, 
0.99513, 0.9939, 0.98927, 0.98822, 0.98952, 0.99033, 0.99102, 
0.99408, 0.99145, 0.99304, 0.99198, 0.99396, 0.99297, 0.197, 
0.2595, 0.2563, 0.2926, 0.3033, 0.3315, 0.3573, 0.353, 0.3817, 
0.4412, 0.4817, 102.2, 144.9, 88, 125.1, 91.3, 92.3, 100, 102.4, 
103.1, 120.4, 146, 140, 144, 837, 1840, 1037, 123, 97, 908, 1023, 
1966, 1080, 701, 611, 2, 2, 19, 1148, 530, 108, 137, 244, 165, 
100, 100, 100, 100, 100, 100, 100, 100, 100, 100, 100, 2500, 
2500, 2500, 2500, 2500, 2500, 2500, 2500, 2500, 2500, 2500, 12420.119, 
13707.026, 14124.267, 15512.612, 15215.663, 16580.126, 16901.009, 
17450.266, 17553.179, 19235.132, 20424.871, 14.68577, 14.80095, 
12.85264, 13.75444, 13.66751, 14.37165, 14.92326, 14.61426, 14.39087, 
14.04293, 14.39839, -8.14522, -9.42925, -5.91919, -8.36856, -4.56656, 
-4.53945, -5.72294, -4.09598, -4.16805, -5.08514, -6.48136, 0, 
0, 0, 0, 0, 0, 0, 0, 0, 0, 0, 0, 0, 0, 0, 0, 0, 0, 0, 0, 0, 0, 
0.98963, 0.99024, 0.99137, 0.99118, 0.99339, 0.9931, 0.99306, 
0.99369, 0.99404, 0.99494, 0.99353, 0.98927, 0.98789, 0.98983, 
0.98975, 0.99128, 0.99136, 0.99145, 0.99216, 0.9926, 0.99396, 
0.99316, 0.2092, 0.2571, 0.2446, 0.3022, 0.2797, 0.3345, 0.3725, 
0.3456, 0.3787, 0.4316, 0.4508, 111.3, 147.9, 118, 164.2, 101.8, 
93.5, 100.2, 98.4, 104.2, 121.8, 137.6, 707, 228, 1069, 2345, 
885, 177, 248, 1279, 1215, 1076, 540, 4, 1, 3, 1, 1, 1, 1, 2, 
1, 1, 1, 100, 100, 100, 100, 100, 100, 100, 100, 100, 100, 100, 
2500, 2500, 2500, 2500, 2500, 2500, 2500, 2500, 2500, 2500, 2500, 
23200.283, 26128.084, 30495.893, 33200.391, 35018.994, 39638.569, 
44021.94, 45458.065, 51510.45, 54305.674, 59878.633, 1, 1, 1, 
1, 1, 1, 1, 1, 1, 1, 1, 0.25, 0.25, 0.25, 0.25, 0.25, 0.25, 0.25, 
0.25, 0.25, 0.25, 0.25, 0, 0, 0, 0, 0, 0, 0, 0, 0, 0, 0, 0, 0, 
0, 0, 0, 0, 0, 0, 0, 0, 0, 0.93822, 0.93978, 0.94296, 0.94421, 
0.94315, 0.945, 0.94795, 0.95015, 0.9527, 0.95266, 0.95338, 0.94044, 
0.94179, 0.94172, 0.9442, 0.94289, 0.94524, 0.95073, 0.95015, 
0.95188, 0.95286, 0.95394, 0.58, 0.6631, 0.8153, 0.8545, 1.0442, 
1.1272, 1.3101, 1.3863, 1.5142, 1.6743, 1.856, 719.7, 766.2, 
818.4, 867.5, 921.8, 970.1, 1025, 1078.1, 1122.2, 1166.8, 1213.8, 
1, 1, 1, 1, 1, 1, 1, 1, 1, 1, 1, 1, 1, 1, 1, 1, 1, 1, 1, 1, 1, 
1, 1, 1, 1, 1, 1, 1, 1, 1, 1, 1, 1, 1, 1, 1, 1, 1, 1, 1, 1, 1, 
1, 1, 9.084, 10.097, 11.78, 12.01, 14.313, 14.993, 17.118, 17.879, 
19.248, 21.227, 23.296), .Dim = c(11L, 40L), .Dimnames = list(
    NULL, c("Sampling", "PSO.cost", "PSO.gamma", "PSO.data.balancing", 
    "PSO.feature.selection", "PSO.valid.acc", "PSO.test.acc", 
    "PSO.train.time", "PSO.n.support.vectors", "PSO.index", "PSO.n.solutions", 
    "PSO.generations", "PSO.n.evaluations", "PSO.cpu.time", "RS.cost", 
    "RS.gamma", "RS.data.balancing", "RS.feature.selection", 
    "RS.valid.acc", "RS.test.acc", "RS.train.time", "RS.n.support.vectors", 
    "RS.index", "RS.n.solutions", "RS.generations", "RS.n.evaluations", 
    "RS.cpu.time", "DF.cost", "DF.gamma", "DF.data.balancing", 
    "DF.feature.selection", "DF.valid.acc", "DF.test.acc", "DF.train.time", 
    "DF.n.support.vectors", "DF.index", "DF.n.solutions", "DF.generations", 
    "DF.n.evaluations", "DF.cpu.time")))
