full <-
structure(c(50, 55, 60, 65, 70, 75, 80, 85, 90, 95, 100, 14.99976, 
15, 15, 15, 15, 15, 15, 15, 14.61641, 15, 15, -8.8619, -5.02376, 
-9.44846, -6.50685, -8.24881, -8.69482, -6.35767, -6.04275, -6.93818, 
-9.52703, -4.74997, 0, 0, 0, 0, 0, 0, 0, 0, 0, 0, 0, 0, 0, 0, 
0, 0, 0, 0, 0, 0, 0, 0, 0.99186, 0.99361, 0.99198, 0.99374, 0.99286, 
0.99309, 0.99422, 0.9939, 0.99465, 0.99532, 0.99519, 0.9926, 
0.99059, 0.98982, 0.99288, 0.99233, 0.99186, 0.99306, 0.99434, 
0.99404, 0.99435, 0.99371, 0.2344, 0.2475, 0.3114, 0.2781, 0.3266, 
0.3697, 0.3577, 0.4033, 0.4438, 0.5457, 0.4677, 123.6, 79.4, 
158.2, 97, 133.3, 151.2, 107.7, 108.8, 132.6, 209.1, 102.4, 730, 
190, 837, 139, 293, 917, 560, 158, 1105, 1819, 221, 3, 1012, 
3, 824, 204, 40, 45, 358, 9, 289, 697, 100, 100, 100, 100, 100, 
100, 100, 100, 100, 100, 100, 2500, 2500, 2500, 2500, 2500, 2500, 
2500, 2500, 2500, 2500, 2500, 13722.494, 14847.418, 16991.03, 
16244.854, 17218.093, 17685.143, 17746.243, 18227.949, 19549.97, 
22365.831, 21769.5750000001, 14.02749, 14.51952, 14.84416, 13.83031, 
14.30608, 14.15175, 14.36083, 14.91849, 13.90215, 14.68908, 14.75533, 
-7.29554, -4.46209, -9.01709, -6.68662, -8.34912, -4.14443, -5.52546, 
-5.51944, -4.95472, -8.22451, -6.12883, 0, 0, 0, 0, 0, 0, 0, 
0, 0, 0, 0, 0, 0, 0, 0, 0, 0, 0, 0, 0, 0, 0, 0.99149, 0.9926, 
0.99136, 0.99345, 0.99207, 0.99236, 0.99352, 0.99369, 0.99424, 
0.99513, 0.99464, 0.99223, 0.98924, 0.98982, 0.99289, 0.99154, 
0.99063, 0.99283, 0.99412, 0.99404, 0.99454, 0.99316, 0.2185, 
0.2265, 0.3124, 0.2851, 0.3387, 0.3096, 0.35, 0.3741, 0.419, 
0.4775, 0.4881, 112.5, 83.4, 149.4, 121.1, 156.7, 97.1, 108.7, 
105.5, 118.3, 170.7, 124.5, 2228, 175, 1284, 1373, 906, 2016, 
2156, 550, 1183, 196, 268, 2, 4, 1, 2, 2, 1, 2, 1, 1, 2, 1, 100, 
100, 100, 100, 100, 100, 100, 100, 100, 100, 100, 2500, 2500, 
2500, 2500, 2500, 2500, 2500, 2500, 2500, 2500, 2500, 24597.262, 
29259.197, 31597.853, 34213.502, 36207.899, 40523.613, 44609.355, 
47587.735, 54118.549, 58149.1949999999, 66800.1109999999, 1, 
1, 1, 1, 1, 1, 1, 1, 1, 1, 1, 0.25, 0.25, 0.25, 0.25, 0.25, 0.25, 
0.25, 0.25, 0.25, 0.25, 0.25, 0, 0, 0, 0, 0, 0, 0, 0, 0, 0, 0, 
0, 0, 0, 0, 0, 0, 0, 0, 0, 0, 0, 0.93819, 0.9371, 0.93861, 0.93851, 
0.94211, 0.94252, 0.94611, 0.94819, 0.95106, 0.95187, 0.95394, 
0.93856, 0.9361, 0.942, 0.93908, 0.94263, 0.94301, 0.94703, 0.94928, 
0.95106, 0.95342, 0.95375, 0.6021, 0.7101, 0.8259, 0.915, 1.0205, 
1.1651, 1.2403, 1.3955, 1.6164, 1.7109, 1.9384, 741.3, 785.6, 
835.5, 885.3, 927.8, 980.5, 1029.5, 1081.1, 1124.1, 1165.3, 1211.1, 
1, 1, 1, 1, 1, 1, 1, 1, 1, 1, 1, 1, 1, 1, 1, 1, 1, 1, 1, 1, 1, 
1, 1, 1, 1, 1, 1, 1, 1, 1, 1, 1, 1, 1, 1, 1, 1, 1, 1, 1, 1, 1, 
1, 1, 9.724, 11.283, 12.345, 13.061, 14.144, 15.87, 16.362, 18.186, 
20.749, 21.592, 24.466), .Dim = c(11L, 40L), .Dimnames = list(
    NULL, c("Sampling", "PSO.cost", "PSO.gamma", "PSO.data.balancing", 
    "PSO.feature.selection", "PSO.valid.acc", "PSO.test.acc", 
    "PSO.train.time", "PSO.n.support.vectors", "PSO.index", "PSO.n.solutions", 
    "PSO.generations", "PSO.n.evaluations", "PSO.cpu.time", "RS.cost", 
    "RS.gamma", "RS.data.balancing", "RS.feature.selection", 
    "RS.valid.acc", "RS.test.acc", "RS.train.time", "RS.n.support.vectors", 
    "RS.index", "RS.n.solutions", "RS.generations", "RS.n.evaluations", 
    "RS.cpu.time", "DF.cost", "DF.gamma", "DF.data.balancing", 
    "DF.feature.selection", "DF.valid.acc", "DF.test.acc", "DF.train.time", 
    "DF.n.support.vectors", "DF.index", "DF.n.solutions", "DF.generations", 
    "DF.n.evaluations", "DF.cpu.time")))
