full <-
structure(c(50, 55, 60, 65, 70, 75, 80, 85, 90, 95, 100, 15, 
14.7732, 14.98616, 14.86521, 14.99627, 15, 15, 15, 14.30892, 
15, 14.64546, -5.14808, -7.30703, -9.89118, -7.00468, -5.9032, 
-4.26176, -7.55648, -7.02907, -5.72772, -5.89687, -6.07479, 0, 
0, 0, 0, 0, 0, 0, 0, 0, 0, 0, 0, 0, 0, 0, 0, 0, 0, 0, 0, 0, 0, 
0.99186, 0.99394, 0.99137, 0.99174, 0.9926, 0.99309, 0.99306, 
0.99325, 0.99465, 0.99377, 0.99482, 0.98816, 0.99092, 0.99014, 
0.9906, 0.98943, 0.99112, 0.99237, 0.99216, 0.99321, 0.99299, 
0.99408, 0.1965, 0.2188, 0.3051, 0.2787, 0.3128, 0.3058, 0.3611, 
0.3823, 0.4016, 0.4663, 0.4976, 78.3, 108, 182.1, 114.8, 103.3, 
90.5, 137.9, 131.6, 122.1, 112.7, 125.6, 1421, 342, 1236, 383, 
189, 76, 638, 1879, 822, 374, 1805, 2, 368, 1, 356, 179, 1041, 
7, 1, 78, 169, 1, 100, 100, 100, 100, 100, 100, 100, 100, 100, 
100, 100, 2500, 2500, 2500, 2500, 2500, 2500, 2500, 2500, 2500, 
2500, 2500, 12818.512, 12930.127, 14791.561, 16422.778, 17446.308, 
15464.707, 17182.364, 17927.056, 20684.246, 22406.9, 23077.914, 
14.91741, 14.96884, 14.28901, 14.94936, 14.73441, 14.88884, 14.79792, 
14.94762, 14.48198, 14.51444, 14.56934, -9.83383, -7.5595, -9.11686, 
-6.94226, -5.19617, -4.2131, -7.36722, -7.41091, -5.86098, -5.45428, 
-5.96174, 0, 0, 0, 0, 0, 0, 0, 0, 0, 0, 0, 0, 0, 0, 0, 0, 0, 
0, 0, 0, 0, 0, 0.99112, 0.9926, 0.99044, 0.99089, 0.99207, 0.9926, 
0.99237, 0.9926, 0.99445, 0.99357, 0.99445, 0.98742, 0.99092, 
0.98921, 0.99003, 0.9897, 0.99112, 0.99237, 0.9926, 0.99383, 
0.9926, 0.9939, 0.2347, 0.2288, 0.2903, 0.265, 0.3173, 0.3046, 
0.36, 0.3872, 0.4082, 0.4544, 0.4851, 159.7, 108.7, 179.9, 112.4, 
99.8, 92.8, 138.6, 140, 120.9, 116.7, 125.5, 1958, 2290, 1322, 
940, 52, 991, 1458, 342, 2352, 2068, 564, 4, 2, 1, 1, 1, 1, 3, 
2, 1, 2, 2, 100, 100, 100, 100, 100, 100, 100, 100, 100, 100, 
100, 2500, 2500, 2500, 2500, 2500, 2500, 2500, 2500, 2500, 2500, 
2500, 23520.094, 26027.996, 30253.605, 33504.757, 37188.027, 
39432.896, 43775.337, 47847.516, 54318.615, 59621.763, 61037.931, 
1, 1, 1, 1, 1, 1, 1, 1, 1, 1, 1, 0.25, 0.25, 0.25, 0.25, 0.25, 
0.25, 0.25, 0.25, 0.25, 0.25, 0.25, 0, 0, 0, 0, 0, 0, 0, 0, 0, 
0, 0, 0, 0, 0, 0, 0, 0, 0, 0, 0, 0, 0, 0.92566, 0.9324, 0.93032, 
0.93453, 0.93709, 0.93735, 0.94217, 0.94731, 0.94716, 0.95032, 
0.95302, 0.92713, 0.93038, 0.93032, 0.93595, 0.93762, 0.93957, 
0.94403, 0.94601, 0.94859, 0.94973, 0.95283, 0.5923, 0.6884, 
0.8072, 0.8872, 1.0146, 1.1195, 1.2651, 1.4001, 1.5315, 1.6824, 
1.7873, 752.5, 802, 853, 908, 952.2, 994.7, 1041.8, 1085.2, 1122.7, 
1168.8, 1214, 1, 1, 1, 1, 1, 1, 1, 1, 1, 1, 1, 1, 1, 1, 1, 1, 
1, 1, 1, 1, 1, 1, 1, 1, 1, 1, 1, 1, 1, 1, 1, 1, 1, 1, 1, 1, 1, 
1, 1, 1, 1, 1, 1, 1, 9.119, 10.183, 12.527, 13.108, 13.775, 14.859, 
16.58, 18.937, 20.461, 21.961, 23.004), .Dim = c(11L, 40L), .Dimnames = list(
    NULL, c("Sampling", "PSO.cost", "PSO.gamma", "PSO.data.balancing", 
    "PSO.feature.selection", "PSO.valid.acc", "PSO.test.acc", 
    "PSO.train.time", "PSO.n.support.vectors", "PSO.index", "PSO.n.solutions", 
    "PSO.generations", "PSO.n.evaluations", "PSO.cpu.time", "RS.cost", 
    "RS.gamma", "RS.data.balancing", "RS.feature.selection", 
    "RS.valid.acc", "RS.test.acc", "RS.train.time", "RS.n.support.vectors", 
    "RS.index", "RS.n.solutions", "RS.generations", "RS.n.evaluations", 
    "RS.cpu.time", "DF.cost", "DF.gamma", "DF.data.balancing", 
    "DF.feature.selection", "DF.valid.acc", "DF.test.acc", "DF.train.time", 
    "DF.n.support.vectors", "DF.index", "DF.n.solutions", "DF.generations", 
    "DF.n.evaluations", "DF.cpu.time")))
