full <-
structure(c(50, 55, 60, 65, 70, 75, 80, 85, 90, 95, 100, 14.62028, 
14.89535, 14.86653, 14.72111, 15, 14.79214, 14.95274, 12.8959, 
15, 14.99906, 15, -6.95507, -5.04149, -5.27659, -5.87835, -5.71131, 
-5.81646, -7.92383, -4.33644, -4.44391, -5.91507, -7.30453, 0, 
0, 0, 0, 0, 0, 0, 0, 0, 0, 0, 0, 0, 0, 0, 0, 0, 0, 0, 0, 0, 0, 
0.99076, 0.99092, 0.99137, 0.99231, 0.99234, 0.99334, 0.99329, 
0.99347, 0.99321, 0.99338, 0.99464, 0.99038, 0.99025, 0.99075, 
0.99117, 0.99207, 0.99284, 0.99144, 0.99151, 0.99239, 0.99435, 
0.99371, 0.2134, 0.217, 0.2408, 0.274, 0.2952, 0.3255, 0.3844, 
0.3738, 0.3931, 0.4426, 0.5065, 86.6, 73.3, 76.3, 88, 91.7, 100.9, 
139.9, 128.6, 97.6, 112, 141.2, 1177, 703, 820, 194, 92, 2406, 
473, 767, 461, 1086, 278, 61, 35, 209, 112, 605, 1, 442, 352, 
12, 4, 217, 100, 100, 100, 100, 100, 100, 100, 100, 100, 100, 
100, 2500, 2500, 2500, 2500, 2500, 2500, 2500, 2500, 2500, 2500, 
2500, 12268.251, 12589.582, 13494.4, 14361.497, 15033.142, 15877.317, 
17315.506, 17253.24, 17681.699, 19375.514, 23220.723, 14.643, 
14.6961, 14.69817, 14.90238, 14.46102, 14.85388, 14.60825, 12.90728, 
14.08098, 14.97729, 14.97552, -6.9824, -5.10353, -5.47572, -6.10248, 
-6.47179, -5.85284, -7.53083, -4.2945, -5.00974, -7.83396, -7.10321, 
0, 0, 0, 0, 0, 0, 0, 0, 0, 0, 0, 0, 0, 0, 0, 0, 0, 0, 0, 0, 0, 
0, 0.99076, 0.99025, 0.99106, 0.99202, 0.99207, 0.99309, 0.99283, 
0.9926, 0.9926, 0.99337, 0.99408, 0.99038, 0.98991, 0.99137, 
0.99174, 0.99181, 0.99309, 0.99098, 0.99173, 0.99198, 0.9926, 
0.99353, 0.2074, 0.2201, 0.2504, 0.2674, 0.2944, 0.3205, 0.3794, 
0.3778, 0.4091, 0.4998, 0.5024, 86.7, 76.3, 80.1, 87.6, 107.6, 
100.5, 139.3, 127.6, 115.2, 152.6, 138.8, 2432, 1463, 266, 595, 
1460, 1592, 549, 1460, 73, 2376, 2153, 1, 2, 2, 3, 1, 1, 2, 1, 
8, 1, 1, 100, 100, 100, 100, 100, 100, 100, 100, 100, 100, 100, 
2500, 2500, 2500, 2500, 2500, 2500, 2500, 2500, 2500, 2500, 2500, 
22520.583, 25843.573, 29079.147, 32210.909, 36000.352, 39107.744, 
41767.939, 45974.419, 50141.466, 55007.77, 63700.589, 1, 1, 1, 
1, 1, 1, 1, 1, 1, 1, 1, 0.25, 0.25, 0.25, 0.25, 0.25, 0.25, 0.25, 
0.25, 0.25, 0.25, 0.25, 0, 0, 0, 0, 0, 0, 0, 0, 0, 0, 0, 0, 0, 
0, 0, 0, 0, 0, 0, 0, 0, 0, 0.9327, 0.94046, 0.94418, 0.94338, 
0.94555, 0.94819, 0.94888, 0.95122, 0.9525, 0.95111, 0.95376, 
0.93344, 0.94046, 0.94233, 0.94422, 0.94502, 0.94794, 0.94679, 
0.95231, 0.95168, 0.95052, 0.9532, 0.5776, 0.6312, 0.7748, 0.8888, 
1.003, 1.1183, 1.2625, 1.3542, 1.463, 1.6628, 1.7965, 741.5, 
782.2, 835, 888.9, 934.2, 990.1, 1041, 1081.2, 1124.9, 1162.6, 
1212.7, 1, 1, 1, 1, 1, 1, 1, 1, 1, 1, 1, 1, 1, 1, 1, 1, 1, 1, 
1, 1, 1, 1, 1, 1, 1, 1, 1, 1, 1, 1, 1, 1, 1, 1, 1, 1, 1, 1, 1, 
1, 1, 1, 1, 1, 8.975, 9.48, 11.109, 12.374, 13.645, 14.838, 16.45, 
17.387, 18.611, 21.724, 23.185), .Dim = c(11L, 40L), .Dimnames = list(
    NULL, c("Sampling", "PSO.cost", "PSO.gamma", "PSO.data.balancing", 
    "PSO.feature.selection", "PSO.valid.acc", "PSO.test.acc", 
    "PSO.train.time", "PSO.n.support.vectors", "PSO.index", "PSO.n.solutions", 
    "PSO.generations", "PSO.n.evaluations", "PSO.cpu.time", "RS.cost", 
    "RS.gamma", "RS.data.balancing", "RS.feature.selection", 
    "RS.valid.acc", "RS.test.acc", "RS.train.time", "RS.n.support.vectors", 
    "RS.index", "RS.n.solutions", "RS.generations", "RS.n.evaluations", 
    "RS.cpu.time", "DF.cost", "DF.gamma", "DF.data.balancing", 
    "DF.feature.selection", "DF.valid.acc", "DF.test.acc", "DF.train.time", 
    "DF.n.support.vectors", "DF.index", "DF.n.solutions", "DF.generations", 
    "DF.n.evaluations", "DF.cpu.time")))
