full <-
structure(c(50, 55, 60, 65, 70, 75, 80, 85, 90, 95, 100, 15, 
15, 15, 15, 14.95938, 14.745, 14.37459, 14.99988, 15, 14.86985, 
14.97689, -9.21342, -8.12505, -9.7197, -7.53778, -7.60344, -8.50488, 
-7.05536, -6.38009, -8.26814, -7.22369, -7.55068, 0, 0, 0, 0, 
0, 0, 0, 0, 0, 0, 0, 0, 0, 0, 0, 0, 0, 0, 0, 0, 0, 0, 0.99333, 
0.99092, 0.99229, 0.99402, 0.9926, 0.99235, 0.99422, 0.99434, 
0.99404, 0.99591, 0.99445, 0.99074, 0.99159, 0.99198, 0.99259, 
0.99128, 0.99087, 0.99306, 0.99259, 0.9926, 0.99396, 0.99501, 
0.2364, 0.2503, 0.3032, 0.2951, 0.3165, 0.3589, 0.3663, 0.3967, 
0.4515, 0.4658, 0.5034, 137, 115.2, 168.2, 115, 119.5, 150.2, 
129.8, 112.8, 155.9, 138.3, 149.2, 502, 82, 600, 94, 539, 538, 
1993, 1467, 269, 2282, 285, 25, 713, 45, 1012, 29, 191, 2, 2, 
161, 1, 47, 100, 100, 100, 100, 100, 100, 100, 100, 100, 100, 
100, 2500, 2500, 2500, 2500, 2500, 2500, 2500, 2500, 2500, 2500, 
2500, 14247.03, 14181.227, 15773.498, 15962.017, 16546.41, 17572.438, 
17996.371, 18678.142, 20469.864, 20331.256, 21732.429, 14.6606, 
13.25365, 14.10648, 14.73144, 14.82423, 14.65311, 14.48274, 14.74471, 
13.78432, 14.30098, 14.19977, -8.82338, -4.51871, -8.79341, -7.26621, 
-7.22305, -8.43633, -6.9158, -6.18638, -7.00503, -6.63736, -5.91174, 
0, 0, 0, 0, 0, 0, 0, 0, 0, 0, 0, 0, 0, 0, 0, 0, 0, 0, 0, 0, 0, 
0, 0.99222, 0.99092, 0.99136, 0.99402, 0.99207, 0.99235, 0.99375, 
0.99368, 0.99424, 0.99493, 0.9939, 0.99074, 0.98857, 0.99167, 
0.99202, 0.99075, 0.99087, 0.99329, 0.99303, 0.9926, 0.99377, 
0.99556, 0.241, 0.2236, 0.2926, 0.281, 0.3276, 0.3682, 0.3588, 
0.3793, 0.439, 0.4596, 0.4667, 136.8, 100.1, 167.9, 115.4, 114.5, 
151.6, 124.2, 113.6, 156.8, 139.7, 132.1, 758, 416, 1063, 1784, 
608, 1147, 164, 284, 1946, 1312, 1554, 2, 2, 5, 1, 3, 1, 1, 1, 
1, 1, 3, 100, 100, 100, 100, 100, 100, 100, 100, 100, 100, 100, 
2500, 2500, 2500, 2500, 2500, 2500, 2500, 2500, 2500, 2500, 2500, 
25593.64, 28260.193, 31141.302, 33604.369, 38192.237, 40217.41, 
44926.555, 49500.191, 52433.105, 57263.171, 62779.27, 1, 1, 1, 
1, 1, 1, 1, 1, 1, 1, 1, 0.25, 0.25, 0.25, 0.25, 0.25, 0.25, 0.25, 
0.25, 0.25, 0.25, 0.25, 0, 0, 0, 0, 0, 0, 0, 0, 0, 0, 0, 0, 0, 
0, 0, 0, 0, 0, 0, 0, 0, 0, 0.93191, 0.9334, 0.93215, 0.93538, 
0.93894, 0.94447, 0.94703, 0.94753, 0.95024, 0.94974, 0.95431, 
0.9345, 0.93172, 0.93616, 0.93538, 0.94, 0.94497, 0.94634, 0.94709, 
0.95064, 0.95052, 0.95301, 0.6141, 0.7166, 0.847, 0.9573, 1.034, 
1.1567, 1.2644, 1.4137, 1.5623, 1.7092, 1.8406, 751.9, 803.1, 
853.8, 898, 945.2, 986.3, 1031.1, 1089.2, 1133.8, 1180.4, 1212.6, 
1, 1, 1, 1, 1, 1, 1, 1, 1, 1, 1, 1, 1, 1, 1, 1, 1, 1, 1, 1, 1, 
1, 1, 1, 1, 1, 1, 1, 1, 1, 1, 1, 1, 1, 1, 1, 1, 1, 1, 1, 1, 1, 
1, 1, 9.627, 10.827, 12.404, 13.392, 14.314, 15.586, 16.749, 
18.369, 20.083, 21.662, 23.039), .Dim = c(11L, 40L), .Dimnames = list(
    NULL, c("Sampling", "PSO.cost", "PSO.gamma", "PSO.data.balancing", 
    "PSO.feature.selection", "PSO.valid.acc", "PSO.test.acc", 
    "PSO.train.time", "PSO.n.support.vectors", "PSO.index", "PSO.n.solutions", 
    "PSO.generations", "PSO.n.evaluations", "PSO.cpu.time", "RS.cost", 
    "RS.gamma", "RS.data.balancing", "RS.feature.selection", 
    "RS.valid.acc", "RS.test.acc", "RS.train.time", "RS.n.support.vectors", 
    "RS.index", "RS.n.solutions", "RS.generations", "RS.n.evaluations", 
    "RS.cpu.time", "DF.cost", "DF.gamma", "DF.data.balancing", 
    "DF.feature.selection", "DF.valid.acc", "DF.test.acc", "DF.train.time", 
    "DF.n.support.vectors", "DF.index", "DF.n.solutions", "DF.generations", 
    "DF.n.evaluations", "DF.cpu.time")))
