full <-
structure(c(50, 55, 60, 65, 70, 75, 80, 85, 90, 95, 100, 10.41897, 
5.52735, 6.02938, 1.31451, 2.48105, -0.21854, 0.34453, 0.59161, 
1.85869, 1.66582, 2.99941, -5.91714, -5.19396, -5.69324, -2.9852, 
-2.3262, -1.91294, -0.64822, -2.53729, -3.92813, -2.77569, -3.61705, 
0, 0, 0, 0, 0, 0, 0, 0, 0, 0, 0, 0, 0, 0, 0, 0, 0, 0, 0, 0, 0, 
0, 0.26641, 0.2774, 0.27856, 0.27267, 0.27934, 0.2762, 0.27857, 
0.27533, 0.27555, 0.27846, 0.28176, 0.25146, 0.27173, 0.26382, 
0.26753, 0.27113, 0.26949, 0.26599, 0.27001, 0.26968, 0.27442, 
0.27863, 3.2538, 2.029, 2.466, 2.6922, 3.2844, 3.6303, 4.3487, 
4.5239, 4.8856, 6.0464, 6.553, 1663.7, 1834.6, 2001.7, 2167.6, 
2325.5, 2499.2, 2654.5, 2834.5, 3003.4, 3164.1, 3334.2, 1822, 
1502, 1190, 1670, 2185, 2390, 1518, 1278, 1448, 1029, 2029, 4, 
17, 36, 31, 1, 1, 6, 58, 13, 99, 5, 100, 100, 100, 100, 100, 
100, 100, 100, 100, 100, 100, 2500, 2500, 2500, 2500, 2500, 2500, 
2500, 2500, 2500, 2500, 2500, 104044.098, 70154.04, 100292.433, 
81987.331, 110312.943, 112891.698, 127939.878, 129476.841, 211386.199, 
173853.793, 282973.066, 11.17417, 5.47001, 1.98831, 2.38087, 
2.93117, 2.22815, 3.23708, 1.12414, 1.9431, 1.94957, 4.02808, 
-6.60367, -5.16011, -2.3943, -4.07888, -1.65683, -4.50802, -1.75712, 
-2.86198, -3.97627, -2.90931, -4.0075, 0, 0, 0, 0, 0, 0, 0, 0, 
0, 0, 0, 0, 0, 0, 0, 0, 0, 0, 0, 0, 0, 0, 0.26443, 0.27652, 0.27617, 
0.27086, 0.27767, 0.27522, 0.27561, 0.27394, 0.27449, 0.27719, 
0.28008, 0.25817, 0.27217, 0.26497, 0.26352, 0.27048, 0.26948, 
0.2699, 0.26917, 0.26968, 0.27719, 0.27647, 3.6134, 2.0239, 2.3618, 
2.6634, 3.2836, 3.5473, 4.2997, 4.5918, 5.0979, 5.7781, 7.5576, 
1665.1, 1834.6, 1998.2, 2170.1, 2316.7, 2504.4, 2653.2, 2835.3, 
3003.3, 3163.9, 3333.3, 1549, 1004, 432, 1479, 1944, 614, 1259, 
1131, 1278, 934, 1826, 1, 1, 1, 1, 1, 1, 1, 1, 1, 1, 2, 100, 
100, 100, 100, 100, 100, 100, 100, 100, 100, 100, 2500, 2500, 
2500, 2500, 2500, 2500, 2500, 2500, 2500, 2500, 2500, 97801.871, 
117384.597, 133932.806, 164099.39, 189808.768, 209914.775, 241236.191, 
266771.529, 309222.178, 344252.141, 406837.163, 1, 1, 1, 1, 1, 
1, 1, 1, 1, 1, 1, 0.125, 0.125, 0.125, 0.125, 0.125, 0.125, 0.125, 
0.125, 0.125, 0.125, 0.125, 0, 0, 0, 0, 0, 0, 0, 0, 0, 0, 0, 
0, 0, 0, 0, 0, 0, 0, 0, 0, 0, 0, 0.24479, 0.2626, 0.267, 0.26427, 
0.26876, 0.27047, 0.26571, 0.26915, 0.27077, 0.26906, 0.27291, 
0.25196, 0.26738, 0.27019, 0.26242, 0.26704, 0.27139, 0.26867, 
0.2689, 0.26729, 0.27209, 0.27268, 1.6298, 1.9464, 2.3153, 2.6615, 
3.0301, 3.4441, 3.883, 4.6973, 5.0914, 5.613, 7.7023, 1670.2, 
1836.7, 2004.1, 2170.1, 2335.4, 2502.3, 2670.4, 2837.2, 3003, 
3167.7, 3336.3, 1, 1, 1, 1, 1, 1, 1, 1, 1, 1, 1, 1, 1, 1, 1, 
1, 1, 1, 1, 1, 1, 1, 1, 1, 1, 1, 1, 1, 1, 1, 1, 1, 1, 1, 1, 1, 
1, 1, 1, 1, 1, 1, 1, 1, 20.856, 24.201, 28.272, 32.077, 35.868, 
40.38, 44.228, 54.217, 57.606, 63.817, 87.548), .Dim = c(11L, 
40L), .Dimnames = list(NULL, c("Sampling", "PSO.cost", "PSO.gamma", 
"PSO.data.balancing", "PSO.feature.selection", "PSO.valid.acc", 
"PSO.test.acc", "PSO.train.time", "PSO.n.support.vectors", "PSO.index", 
"PSO.n.solutions", "PSO.generations", "PSO.n.evaluations", "PSO.cpu.time", 
"RS.cost", "RS.gamma", "RS.data.balancing", "RS.feature.selection", 
"RS.valid.acc", "RS.test.acc", "RS.train.time", "RS.n.support.vectors", 
"RS.index", "RS.n.solutions", "RS.generations", "RS.n.evaluations", 
"RS.cpu.time", "DF.cost", "DF.gamma", "DF.data.balancing", "DF.feature.selection", 
"DF.valid.acc", "DF.test.acc", "DF.train.time", "DF.n.support.vectors", 
"DF.index", "DF.n.solutions", "DF.generations", "DF.n.evaluations", 
"DF.cpu.time")))
