full <-
structure(c(50, 55, 60, 65, 70, 75, 80, 85, 90, 95, 100, 11.25605, 
12.51896, 6.15665, 4.00038, 8.13468, 15, -0.25758, 6.61591, 0.94391, 
8.3231, 4.54432, -6.09748, -7.45642, -8.22852, -2.86072, -4.4076, 
-8.21455, 0.34345, -4.56658, -0.53085, -6.74992, -3.55821, 0, 
0, 0, 0, 0, 0, 0, 0, 0, 0, 0, 0, 0, 0, 0, 0, 0, 0, 0, 0, 0, 0, 
0.28207, 0.2717, 0.26903, 0.27735, 0.27262, 0.27361, 0.27686, 
0.27881, 0.2843, 0.28268, 0.28329, 0.27201, 0.25165, 0.26021, 
0.26477, 0.26263, 0.26941, 0.26723, 0.27203, 0.27391, 0.27665, 
0.27898, 4.257, 5.882, 2.3645, 2.7651, 4.6065, 24.4553, 4.6616, 
5.3508, 5.3472, 8.3969, 7.622, 1658.9, 1828.5, 2003.4, 2161.6, 
2329.7, 2497.7, 2651.1, 2833.7, 2979.1, 3168.3, 3329.5, 2125, 
2072, 771, 1212, 1766, 1262, 898, 1492, 2205, 2303, 1287, 1, 
1, 6, 32, 31, 1, 36, 62, 1, 20, 11, 100, 100, 100, 100, 100, 
100, 100, 100, 100, 100, 100, 2500, 2500, 2500, 2500, 2500, 2500, 
2500, 2500, 2500, 2500, 2500, 121948.793, 174959.53, 90447.8309999999, 
344473.635, 157075.28, 347402.725, 146768.685, 185277.965, 183090.447, 
354811.818, 257671.780999999, 10.8109, 13.35642, 7.84122, 14.54373, 
8.21266, 1.23442, -0.25802, 6.21939, 4.27065, 12.83905, 1.82059, 
-6.12272, -7.96322, -4.59885, -7.22977, -4.42451, 0.33925, 0.35619, 
-4.52205, -4.20353, -9.28336, -2.71018, 0, 0, 0, 0, 0, 0, 0, 
0, 0, 0, 0, 0, 0, 0, 0, 0, 0, 0, 0, 0, 0, 0, 0.27774, 0.26908, 
0.26785, 0.27694, 0.27057, 0.27587, 0.27626, 0.27769, 0.28241, 
0.28067, 0.28185, 0.27489, 0.25256, 0.26501, 0.26997, 0.26229, 
0.26975, 0.26783, 0.2726, 0.27816, 0.27411, 0.27851, 3.6278, 
7.0543, 3.1741, 22.8994, 4.6214, 4.1155, 4.7895, 5.0934, 5.2281, 
12.7359, 8.9508, 1660.1, 1829.6, 1993, 2159.5, 2329.5, 2484.9, 
2651, 2834, 3000.8, 3169.9, 3330.7, 1841, 1987, 2125, 1862, 2062, 
780, 1216, 985, 1674, 1342, 1033, 1, 1, 1, 1, 1, 1, 1, 1, 1, 
1, 2, 100, 100, 100, 100, 100, 100, 100, 100, 100, 100, 100, 
2500, 2500, 2500, 2500, 2500, 2500, 2500, 2500, 2500, 2500, 2500, 
100436.193, 117746.859, 138937.897, 158129.56, 189405.389, 206571.884, 
251796.166, 275141.261, 312802.514, 411356.562, 448029.02, 1, 
1, 1, 1, 1, 1, 1, 1, 1, 1, 1, 0.125, 0.125, 0.125, 0.125, 0.125, 
0.125, 0.125, 0.125, 0.125, 0.125, 0.125, 0, 0, 0, 0, 0, 0, 0, 
0, 0, 0, 0, 0, 0, 0, 0, 0, 0, 0, 0, 0, 0, 0, 0.26005, 0.25426, 
0.25749, 0.26082, 0.25827, 0.2627, 0.26333, 0.26865, 0.26699, 
0.26961, 0.27011, 0.26626, 0.25728, 0.25665, 0.2586, 0.25617, 
0.26427, 0.25826, 0.26864, 0.27205, 0.26683, 0.27348, 1.57, 1.8725, 
2.2631, 2.6297, 3.0833, 3.4912, 3.9947, 4.5639, 5.0015, 7.0291, 
8.3288, 1666.6, 1835, 1999.7, 2168.7, 2337, 2505.1, 2671.1, 2837.8, 
3003.1, 3170.2, 3335.9, 1, 1, 1, 1, 1, 1, 1, 1, 1, 1, 1, 1, 1, 
1, 1, 1, 1, 1, 1, 1, 1, 1, 1, 1, 1, 1, 1, 1, 1, 1, 1, 1, 1, 1, 
1, 1, 1, 1, 1, 1, 1, 1, 1, 1, 20.128, 23.342, 27.662, 30.899, 
35.823, 40.165, 45.683, 52.619, 56.722, 79.521, 93.851), .Dim = c(11L, 
40L), .Dimnames = list(NULL, c("Sampling", "PSO.cost", "PSO.gamma", 
"PSO.data.balancing", "PSO.feature.selection", "PSO.valid.acc", 
"PSO.test.acc", "PSO.train.time", "PSO.n.support.vectors", "PSO.index", 
"PSO.n.solutions", "PSO.generations", "PSO.n.evaluations", "PSO.cpu.time", 
"RS.cost", "RS.gamma", "RS.data.balancing", "RS.feature.selection", 
"RS.valid.acc", "RS.test.acc", "RS.train.time", "RS.n.support.vectors", 
"RS.index", "RS.n.solutions", "RS.generations", "RS.n.evaluations", 
"RS.cpu.time", "DF.cost", "DF.gamma", "DF.data.balancing", "DF.feature.selection", 
"DF.valid.acc", "DF.test.acc", "DF.train.time", "DF.n.support.vectors", 
"DF.index", "DF.n.solutions", "DF.generations", "DF.n.evaluations", 
"DF.cpu.time")))
