full <-
structure(c(50, 55, 60, 65, 70, 75, 80, 85, 90, 95, 100, 1.50847, 
4.92939, 6.09301, 4.44178, 7.29166, 3.03136, 4.57426, 11.17523, 
7.1101, 5.33709, 6.22673, -2.07446, -2.90693, -4.85882, -3.96739, 
-4.62582, -2.82883, -3.85291, -4.70228, -5.24592, -4.22594, -5.47711, 
0, 0, 0, 0, 0, 0, 0, 0, 0, 0, 0, 0, 0, 0, 0, 0, 0, 0, 0, 0, 0, 
0, 0.28345, 0.28588, 0.27735, 0.27631, 0.27353, 0.27269, 0.27647, 
0.27968, 0.27953, 0.28421, 0.28227, 0.27914, 0.27992, 0.26017, 
0.26857, 0.26121, 0.26211, 0.27467, 0.27319, 0.27742, 0.2774, 
0.28036, 1.7194, 2.2143, 2.5357, 2.8339, 3.977, 3.5694, 4.2448, 
16.8713, 5.9356, 6.17, 7.3967, 1660.9, 1823.9, 1997.6, 2164.2, 
2327.7, 2497.6, 2663.4, 2816.1, 2998.9, 3166.7, 3334.6, 1675, 
2070, 2004, 2060, 1134, 1853, 1108, 1376, 2183, 2306, 1208, 34, 
2, 36, 1, 33, 3, 36, 2, 57, 62, 36, 100, 100, 100, 100, 100, 
100, 100, 100, 100, 100, 100, 2500, 2500, 2500, 2500, 2500, 2500, 
2500, 2500, 2500, 2500, 2500, 63729.33, 108808.471, 101228.165, 
103230.619, 122461.652, 115091.44, 126933.665, 715036.967, 184893.997, 
184911.772, 303170.176, 1.53624, 3.56386, 5.5182, 9.39266, 7.37523, 
13.56008, 4.25993, 11.97208, 7.06125, 5.09497, 5.85432, -2.11863, 
-2.36992, -4.62503, -6.36912, -4.69673, -5.66964, -3.71798, -5.01418, 
-5.07743, -4.1802, -5.40902, 0, 0, 0, 0, 0, 0, 0, 0, 0, 0, 0, 
0, 0, 0, 0, 0, 0, 0, 0, 0, 0, 0, 0.28249, 0.2842, 0.27455, 0.27444, 
0.2725, 0.27266, 0.27527, 0.27826, 0.27875, 0.28244, 0.2806, 
0.27913, 0.28337, 0.26057, 0.259, 0.26122, 0.25513, 0.27468, 
0.27095, 0.27449, 0.27563, 0.27677, 1.6697, 2.0974, 2.4807, 3.9183, 
3.9918, 35.3169, 4.1581, 21.4506, 5.8799, 6.8174, 8.483, 1660.7, 
1826.1, 1997.3, 2164.7, 2327.4, 2484.1, 2663.8, 2817.1, 2998.9, 
3166.6, 3334.7, 1147, 825, 1592, 2453, 2426, 1303, 1175, 1242, 
1378, 1526, 1917, 1, 1, 2, 1, 1, 1, 1, 1, 1, 1, 1, 100, 100, 
100, 100, 100, 100, 100, 100, 100, 100, 100, 2500, 2500, 2500, 
2500, 2500, 2500, 2500, 2500, 2500, 2500, 2500, 102410.822, 121800.786, 
140590.839, 169116.276, 192283.084, 208157.256, 245409.944, 264066.302, 
311115.686, 364801.98, 432261.446, 1, 1, 1, 1, 1, 1, 1, 1, 1, 
1, 1, 0.125, 0.125, 0.125, 0.125, 0.125, 0.125, 0.125, 0.125, 
0.125, 0.125, 0.125, 0, 0, 0, 0, 0, 0, 0, 0, 0, 0, 0, 0, 0, 0, 
0, 0, 0, 0, 0, 0, 0, 0, 0.27343, 0.26855, 0.26774, 0.26333, 0.26361, 
0.25769, 0.26328, 0.26144, 0.27266, 0.27133, 0.26885, 0.26865, 
0.26472, 0.26415, 0.26, 0.2609, 0.25219, 0.26986, 0.26988, 0.27131, 
0.27258, 0.26597, 1.6277, 1.9929, 2.3144, 2.7089, 3.0499, 3.5645, 
4.004, 4.5221, 4.9847, 6.7837, 8.3124, 1667.4, 1834.7, 2001.6, 
2169.4, 2335.5, 2503.6, 2669.5, 2835.8, 3002.7, 3171.7, 3336.8, 
1, 1, 1, 1, 1, 1, 1, 1, 1, 1, 1, 1, 1, 1, 1, 1, 1, 1, 1, 1, 1, 
1, 1, 1, 1, 1, 1, 1, 1, 1, 1, 1, 1, 1, 1, 1, 1, 1, 1, 1, 1, 1, 
1, 1, 20.973, 24.716, 27.695, 32.515, 36.026, 41.562, 45.765, 
51.592, 56.462, 76.647, 93.807), .Dim = c(11L, 40L), .Dimnames = list(
    NULL, c("Sampling", "PSO.cost", "PSO.gamma", "PSO.data.balancing", 
    "PSO.feature.selection", "PSO.valid.acc", "PSO.test.acc", 
    "PSO.train.time", "PSO.n.support.vectors", "PSO.index", "PSO.n.solutions", 
    "PSO.generations", "PSO.n.evaluations", "PSO.cpu.time", "RS.cost", 
    "RS.gamma", "RS.data.balancing", "RS.feature.selection", 
    "RS.valid.acc", "RS.test.acc", "RS.train.time", "RS.n.support.vectors", 
    "RS.index", "RS.n.solutions", "RS.generations", "RS.n.evaluations", 
    "RS.cpu.time", "DF.cost", "DF.gamma", "DF.data.balancing", 
    "DF.feature.selection", "DF.valid.acc", "DF.test.acc", "DF.train.time", 
    "DF.n.support.vectors", "DF.index", "DF.n.solutions", "DF.generations", 
    "DF.n.evaluations", "DF.cpu.time")))
