full <-
structure(c(50, 55, 60, 65, 70, 75, 80, 85, 90, 95, 100, -0.1628, 
2.31074, 9.85082, -0.0769, 5.6497, 8.78474, -0.92716, 6.41187, 
6.83971, 3.80675, 12.23163, -0.16227, -3.71573, -7.34561, 0.08831, 
-5.62915, -6.29905, -2.59896, -6.29568, -4.82494, -3.76603, -7.56111, 
0, 0, 0, 0, 0, 0, 0, 0, 0, 0, 0, 0, 0, 0, 0, 0, 0, 0, 0, 0, 0, 
0, 0.29455, 0.29212, 0.2888, 0.28984, 0.29037, 0.28887, 0.28967, 
0.28281, 0.2848, 0.28319, 0.2832, 0.29167, 0.2882, 0.2792, 0.28874, 
0.28626, 0.27613, 0.28336, 0.2794, 0.27362, 0.27639, 0.27606, 
1.7514, 1.8654, 3.0286, 2.9087, 3.2178, 4.3899, 3.8397, 4.6209, 
5.8476, 5.8774, 16.7872, 1655.1, 1832.5, 2000, 2151.7, 2334, 
2497.1, 2668.7, 2836.2, 2998.2, 3166.5, 3334.3, 1463, 2021, 1828, 
2405, 1542, 1389, 1730, 1831, 1982, 2112, 1238, 24, 16, 7, 3, 
54, 21, 43, 5, 21, 5, 1, 100, 100, 100, 100, 100, 100, 100, 100, 
100, 100, 100, 2500, 2500, 2500, 2500, 2500, 2500, 2500, 2500, 
2500, 2500, 2500, 55076.587, 62206.404, 107582.664, 86038.934, 
99985.392, 141821.235, 121142.913, 164855.772, 245421.648, 287586.289, 
448920.999, -0.37117, 2.22183, -0.06463, -0.47593, 5.24296, 8.2993, 
-1.54364, 11.26112, 7.32792, 3.46446, 12.11265, 0.19277, -3.71484, 
-0.27065, 0.40875, -5.36288, -6.2342, -2.56557, -7.53705, -4.94638, 
-3.57949, -7.46392, 0, 0, 0, 0, 0, 0, 0, 0, 0, 0, 0, 0, 0, 0, 
0, 0, 0, 0, 0, 0, 0, 0, 0.29263, 0.28995, 0.29006, 0.28798, 0.28797, 
0.28696, 0.28695, 0.28166, 0.28347, 0.28219, 0.28224, 0.2921, 
0.28689, 0.28045, 0.29205, 0.28319, 0.28027, 0.28604, 0.28335, 
0.27335, 0.27488, 0.27606, 1.7966, 1.8874, 2.403, 3.1182, 3.1677, 
4.0783, 3.8734, 7.7311, 6.3389, 6.042, 16.6251, 1655.6, 1833, 
1987.8, 2152.4, 2334.1, 2498.1, 2669.3, 2833.5, 2997.7, 3166.4, 
3334.1, 1292, 1661, 1557, 1304, 438, 2114, 1398, 1345, 718, 714, 
1112, 1, 1, 1, 1, 1, 1, 1, 1, 1, 1, 1, 100, 100, 100, 100, 100, 
100, 100, 100, 100, 100, 100, 2500, 2500, 2500, 2500, 2500, 2500, 
2500, 2500, 2500, 2500, 2500, 91721.192, 109425.085, 133922.959, 
148409.465, 170803.606, 208621.043, 237374, 279157.526, 313225.292, 
344164.289, 441131.35, 1, 1, 1, 1, 1, 1, 1, 1, 1, 1, 1, 0.125, 
0.125, 0.125, 0.125, 0.125, 0.125, 0.125, 0.125, 0.125, 0.125, 
0.125, 0, 0, 0, 0, 0, 0, 0, 0, 0, 0, 0, 0, 0, 0, 0, 0, 0, 0, 
0, 0, 0, 0, 0.28347, 0.27562, 0.27244, 0.27989, 0.28008, 0.27701, 
0.28579, 0.2732, 0.27523, 0.27086, 0.27122, 0.28782, 0.27819, 
0.27403, 0.28138, 0.28248, 0.28023, 0.28547, 0.27518, 0.27019, 
0.27286, 0.26836, 1.5659, 1.8086, 2.1317, 2.6258, 3.0698, 3.4316, 
3.9264, 4.264, 5.2724, 5.5831, 8.6687, 1667.7, 1834, 2002.6, 
2169.1, 2332.9, 2499.6, 2668.3, 2835.8, 3000.9, 3168.7, 3336.1, 
1, 1, 1, 1, 1, 1, 1, 1, 1, 1, 1, 1, 1, 1, 1, 1, 1, 1, 1, 1, 1, 
1, 1, 1, 1, 1, 1, 1, 1, 1, 1, 1, 1, 1, 1, 1, 1, 1, 1, 1, 1, 1, 
1, 1, 19.705, 21.948, 25.271, 30.86, 35.809, 39.311, 44.996, 
48.365, 60.15, 63.006, 98.059), .Dim = c(11L, 40L), .Dimnames = list(
    NULL, c("Sampling", "PSO.cost", "PSO.gamma", "PSO.data.balancing", 
    "PSO.feature.selection", "PSO.valid.acc", "PSO.test.acc", 
    "PSO.train.time", "PSO.n.support.vectors", "PSO.index", "PSO.n.solutions", 
    "PSO.generations", "PSO.n.evaluations", "PSO.cpu.time", "RS.cost", 
    "RS.gamma", "RS.data.balancing", "RS.feature.selection", 
    "RS.valid.acc", "RS.test.acc", "RS.train.time", "RS.n.support.vectors", 
    "RS.index", "RS.n.solutions", "RS.generations", "RS.n.evaluations", 
    "RS.cpu.time", "DF.cost", "DF.gamma", "DF.data.balancing", 
    "DF.feature.selection", "DF.valid.acc", "DF.test.acc", "DF.train.time", 
    "DF.n.support.vectors", "DF.index", "DF.n.solutions", "DF.generations", 
    "DF.n.evaluations", "DF.cpu.time")))
