full <-
structure(c(50, 55, 60, 65, 70, 75, 80, 85, 90, 95, 100, 8.16177, 
11.37523, 2.98892, 6.38133, 6.543, 7.29365, 8.64046, 1.75361, 
0.22333, 1.23179, 6.62356, -3.64464, -6.17293, -3.20312, -6.23574, 
-3.82096, -6.47018, -5.16515, -2.12683, -0.66358, -2.57144, -5.2402, 
0, 0, 0, 0, 0, 0, 0, 0, 0, 0, 0, 0, 0, 0, 0, 0, 0, 0, 0, 0, 0, 
0, 0.28162, 0.28298, 0.28263, 0.27225, 0.2746, 0.27798, 0.28396, 
0.28187, 0.28056, 0.2857, 0.28173, 0.27346, 0.27208, 0.27586, 
0.25938, 0.26297, 0.26879, 0.26927, 0.27707, 0.27287, 0.27811, 
0.27502, 2.6849, 5.1684, 2.3932, 2.877, 3.7842, 3.9581, 6.0035, 
5.0885, 5.8212, 6.198, 8.3175, 1652.5, 1823.5, 1996.4, 2167.4, 
2325.4, 2501.8, 2663.1, 2827.7, 2987.2, 3167.7, 3335.1, 2494, 
2086, 1101, 1148, 1041, 703, 2254, 2437, 1265, 616, 1264, 1, 
2, 35, 15, 99, 71, 6, 1, 42, 11, 159, 100, 100, 100, 100, 100, 
100, 100, 100, 100, 100, 100, 2500, 2500, 2500, 2500, 2500, 2500, 
2500, 2500, 2500, 2500, 2500, 84677.048, 159468.052, 82975.4939999999, 
136523.969, 130327.698, 145750.462, 187050.651, 151751.328, 308049.11, 
297311.496, 265087.562, 8.04657, 12.1297, 3.08667, 6.64892, 5.86106, 
11.66338, 8.2332, 1.87148, 9.22881, 0.49451, 5.40789, -3.50704, 
-6.74426, -3.25598, -6.39398, -3.60315, -7.76149, -4.96646, -2.19468, 
-5.55183, -2.26078, -4.87502, 0, 0, 0, 0, 0, 0, 0, 0, 0, 0, 0, 
0, 0, 0, 0, 0, 0, 0, 0, 0, 0, 0, 0.27727, 0.28039, 0.28065, 0.27114, 
0.27151, 0.27734, 0.28305, 0.28018, 0.279, 0.2847, 0.27813, 0.27059, 
0.27469, 0.27626, 0.26085, 0.25816, 0.26974, 0.27138, 0.27651, 
0.27635, 0.27586, 0.27455, 2.6625, 5.9479, 2.288, 2.9968, 3.6032, 
6.6241, 5.5448, 4.9089, 8.2892, 6.4645, 7.5012, 1652.4, 1825.2, 
1996.6, 2167, 2326.9, 2499.9, 2662.7, 2827.3, 2998.9, 3167.1, 
3335.4, 224, 311, 692, 1310, 1013, 710, 996, 2345, 455, 1974, 
625, 1, 1, 1, 1, 1, 1, 1, 1, 1, 1, 1, 100, 100, 100, 100, 100, 
100, 100, 100, 100, 100, 100, 2500, 2500, 2500, 2500, 2500, 2500, 
2500, 2500, 2500, 2500, 2500, 98655.202, 115941.5, 127397.369, 
162538.863, 184178.856, 205547.595, 246935.503, 269283.16, 310144.716, 
377752.86, 434252.172, 1, 1, 1, 1, 1, 1, 1, 1, 1, 1, 1, 0.125, 
0.125, 0.125, 0.125, 0.125, 0.125, 0.125, 0.125, 0.125, 0.125, 
0.125, 0, 0, 0, 0, 0, 0, 0, 0, 0, 0, 0, 0, 0, 0, 0, 0, 0, 0, 
0, 0, 0, 0, 0.26294, 0.26547, 0.27027, 0.26047, 0.25986, 0.27034, 
0.2723, 0.26946, 0.26863, 0.27159, 0.26931, 0.26579, 0.26894, 
0.27543, 0.25716, 0.26088, 0.27195, 0.26988, 0.27536, 0.27209, 
0.27206, 0.26761, 1.6505, 1.9699, 2.2374, 2.7089, 3.1167, 3.5384, 
4.1008, 4.8434, 5.344, 5.8779, 6.8206, 1668.3, 1835.1, 2001.8, 
2168, 2336.7, 2503.2, 2670.9, 2837.4, 3003.6, 3171.4, 3336, 1, 
1, 1, 1, 1, 1, 1, 1, 1, 1, 1, 1, 1, 1, 1, 1, 1, 1, 1, 1, 1, 1, 
1, 1, 1, 1, 1, 1, 1, 1, 1, 1, 1, 1, 1, 1, 1, 1, 1, 1, 1, 1, 1, 
1, 20.673, 24.531, 27.263, 31.95, 36.217, 40.676, 47.752, 55.861, 
61.149, 66.892, 77.617), .Dim = c(11L, 40L), .Dimnames = list(
    NULL, c("Sampling", "PSO.cost", "PSO.gamma", "PSO.data.balancing", 
    "PSO.feature.selection", "PSO.valid.acc", "PSO.test.acc", 
    "PSO.train.time", "PSO.n.support.vectors", "PSO.index", "PSO.n.solutions", 
    "PSO.generations", "PSO.n.evaluations", "PSO.cpu.time", "RS.cost", 
    "RS.gamma", "RS.data.balancing", "RS.feature.selection", 
    "RS.valid.acc", "RS.test.acc", "RS.train.time", "RS.n.support.vectors", 
    "RS.index", "RS.n.solutions", "RS.generations", "RS.n.evaluations", 
    "RS.cpu.time", "DF.cost", "DF.gamma", "DF.data.balancing", 
    "DF.feature.selection", "DF.valid.acc", "DF.test.acc", "DF.train.time", 
    "DF.n.support.vectors", "DF.index", "DF.n.solutions", "DF.generations", 
    "DF.n.evaluations", "DF.cpu.time")))
