full <-
structure(c(50, 55, 60, 65, 70, 75, 80, 85, 90, 95, 100, 8.61876, 
0.42742, 8.28591, 0.61552, 9.37265, 2.91158, 1.99449, 12.66378, 
2.79929, 7.91867, 7.26077, -6.31776, -1.60084, -6.16686, -1.86895, 
-8.91728, -3.31083, -2.8541, -7.03436, -4.50066, -6.07017, -5.48497, 
0, 0, 0, 0, 0, 0, 0, 0, 0, 0, 0, 0, 0, 0, 0, 0, 0, 0, 0, 0, 0, 
0, 0.26864, 0.27508, 0.27169, 0.28444, 0.27228, 0.27771, 0.28217, 
0.27907, 0.27978, 0.27764, 0.28208, 0.25567, 0.26518, 0.26411, 
0.27333, 0.26544, 0.27034, 0.27349, 0.26863, 0.27233, 0.27387, 
0.28085, 2.1273, 1.9946, 2.7819, 2.6679, 3.8437, 3.5844, 3.9308, 
15.4172, 5.0111, 6.7872, 8.0865, 1664.5, 1829.3, 1999.4, 2163.5, 
2338, 2500, 2667.1, 2831, 3004.5, 3169.2, 3334.5, 2154, 2456, 
1024, 936, 2249, 2452, 2141, 1451, 772, 2371, 1219, 1, 1, 19, 
146, 3, 1, 9, 1, 28, 1, 15, 100, 100, 100, 100, 100, 100, 100, 
100, 100, 100, 100, 2500, 2500, 2500, 2500, 2500, 2500, 2500, 
2500, 2500, 2500, 2500, 71841.938, 84088.689, 87499.897, 87457.471, 
129385.145, 113979.427, 133146.802, 332003.631, 188689.477, 251236.609, 
422553.754, 8.5137, 0.68238, 8.27601, 0.46876, 0.17082, 3.08353, 
2.23718, 6.79597, 2.81455, 0.04505, 12.24069, -6.52286, -1.71442, 
-6.12748, -1.7245, -0.63517, -3.45117, -2.97989, -5.36496, -4.34073, 
-1.04483, -7.43272, 0, 0, 0, 0, 0, 0, 0, 0, 0, 0, 0, 0, 0, 0, 
0, 0, 0, 0, 0, 0, 0, 0, 0.26626, 0.27335, 0.27089, 0.2826, 0.27294, 
0.27483, 0.27976, 0.27738, 0.27872, 0.27737, 0.28111, 0.25423, 
0.26562, 0.26452, 0.27442, 0.26815, 0.27129, 0.27408, 0.27117, 
0.275, 0.27057, 0.27678, 2.0619, 1.9771, 2.8943, 2.801, 3.3247, 
3.5754, 3.903, 5.2486, 5.0655, 5.989, 17.1197, 1665.3, 1828.9, 
1999.2, 2163.3, 2322.1, 2500.3, 2667.1, 2834.6, 3004.5, 3156.3, 
3334.4, 182, 873, 2168, 1579, 601, 1677, 849, 1486, 1969, 2183, 
2110, 1, 1, 1, 1, 1, 1, 1, 1, 2, 1, 1, 100, 100, 100, 100, 100, 
100, 100, 100, 100, 100, 100, 2500, 2500, 2500, 2500, 2500, 2500, 
2500, 2500, 2500, 2500, 2500, 95287.14, 103755.407, 141764.918, 
164764.908, 188130.016, 211180.112, 249723.372, 286276.503, 324171.955, 
352548.878, 441537.001, 1, 1, 1, 1, 1, 1, 1, 1, 1, 1, 1, 0.125, 
0.125, 0.125, 0.125, 0.125, 0.125, 0.125, 0.125, 0.125, 0.125, 
0.125, 0, 0, 0, 0, 0, 0, 0, 0, 0, 0, 0, 0, 0, 0, 0, 0, 0, 0, 
0, 0, 0, 0, 0.25768, 0.24994, 0.25735, 0.27044, 0.25688, 0.26939, 
0.26663, 0.26835, 0.27314, 0.27255, 0.27271, 0.26149, 0.2547, 
0.26292, 0.2645, 0.26507, 0.26395, 0.26723, 0.2647, 0.27473, 
0.26906, 0.26865, 1.6197, 1.8474, 2.2376, 2.7216, 3.072, 3.465, 
4.0256, 4.5996, 4.8926, 6.52, 8.2027, 1665.4, 1833.1, 2000.7, 
2168.1, 2335.6, 2501, 2668.7, 2836.3, 3004.3, 3169.2, 3336.7, 
1, 1, 1, 1, 1, 1, 1, 1, 1, 1, 1, 1, 1, 1, 1, 1, 1, 1, 1, 1, 1, 
1, 1, 1, 1, 1, 1, 1, 1, 1, 1, 1, 1, 1, 1, 1, 1, 1, 1, 1, 1, 1, 
1, 1, 20.075, 22.193, 27.137, 32.79, 36.344, 40.507, 46.728, 
53.161, 56.088, 73.649, 93.294), .Dim = c(11L, 40L), .Dimnames = list(
    NULL, c("Sampling", "PSO.cost", "PSO.gamma", "PSO.data.balancing", 
    "PSO.feature.selection", "PSO.valid.acc", "PSO.test.acc", 
    "PSO.train.time", "PSO.n.support.vectors", "PSO.index", "PSO.n.solutions", 
    "PSO.generations", "PSO.n.evaluations", "PSO.cpu.time", "RS.cost", 
    "RS.gamma", "RS.data.balancing", "RS.feature.selection", 
    "RS.valid.acc", "RS.test.acc", "RS.train.time", "RS.n.support.vectors", 
    "RS.index", "RS.n.solutions", "RS.generations", "RS.n.evaluations", 
    "RS.cpu.time", "DF.cost", "DF.gamma", "DF.data.balancing", 
    "DF.feature.selection", "DF.valid.acc", "DF.test.acc", "DF.train.time", 
    "DF.n.support.vectors", "DF.index", "DF.n.solutions", "DF.generations", 
    "DF.n.evaluations", "DF.cpu.time")))
