full <-
structure(c(50, 55, 60, 65, 70, 75, 80, 85, 90, 95, 100, 1.22911, 
9.88198, 4.07824, -0.17276, -0.76263, 0.98146, 4.17088, 4.05708, 
2.95008, 5.94947, 12.91542, -2.92465, -8.24771, -4.90823, -1.53668, 
-0.08891, -2.60464, -3.824, -4.31139, -3.02869, -4.28619, -6.62956, 
0, 0, 0, 0, 0, 0, 0, 0, 0, 0, 0, 0, 0, 0, 0, 0, 0, 0, 0, 0, 0, 
0, 0.28825, 0.29215, 0.29776, 0.29348, 0.28967, 0.29489, 0.295, 
0.28414, 0.28567, 0.28121, 0.28223, 0.28492, 0.28342, 0.28415, 
0.28503, 0.28387, 0.28724, 0.28484, 0.28018, 0.28033, 0.2774, 
0.26715, 1.6679, 2.5135, 2.3183, 2.663, 3.4162, 3.4191, 4.1088, 
4.7128, 5.2201, 6.5411, 27.1316, 1661.5, 1830.3, 1997.1, 2159.5, 
2319.1, 2496.1, 2663.5, 2833.7, 2996.5, 3164.4, 3326.9, 2447, 
1125, 1139, 938, 1938, 2446, 1404, 1779, 1757, 1076, 2126, 2, 
10, 8, 100, 2, 1, 56, 15, 10, 17, 1, 100, 100, 100, 100, 100, 
100, 100, 100, 100, 100, 100, 2500, 2500, 2500, 2500, 2500, 2500, 
2500, 2500, 2500, 2500, 2500, 65267.376, 92665.468, 73009.503, 
87565.812, 104601.016, 111345.236, 128821.613, 147393.409, 164989.369, 
214393.274, 515291.598, 1.08531, 11.09493, 3.89416, -0.29247, 
2.39159, 2.40512, 4.22877, 4.15856, 2.95171, 6.34882, 12.21776, 
-2.50254, -8.13159, -4.80616, -1.6347, -3.0582, -3.23179, -3.81409, 
-4.38036, -2.99582, -4.42075, -6.34232, 0, 0, 0, 0, 0, 0, 0, 
0, 0, 0, 0, 0, 0, 0, 0, 0, 0, 0, 0, 0, 0, 0, 0.28679, 0.29086, 
0.29577, 0.29054, 0.28728, 0.29267, 0.29291, 0.28273, 0.28487, 
0.28095, 0.28127, 0.27963, 0.28867, 0.28495, 0.28318, 0.28528, 
0.28182, 0.28305, 0.28018, 0.28111, 0.27589, 0.26739, 1.6753, 
3.0538, 2.2605, 2.6876, 3.1275, 3.5752, 4.0173, 4.6477, 5.2011, 
6.5184, 21.6838, 1660.9, 1828.3, 1997.2, 2160.6, 2326.9, 2495.9, 
2663.4, 2834, 2996, 3164.6, 3327.2, 166, 438, 374, 1130, 1806, 
2091, 649, 297, 349, 76, 1954, 1, 1, 1, 2, 1, 1, 1, 2, 1, 1, 
1, 100, 100, 100, 100, 100, 100, 100, 100, 100, 100, 100, 2500, 
2500, 2500, 2500, 2500, 2500, 2500, 2500, 2500, 2500, 2500, 97428.647, 
116099.966, 138606.601, 161274.865, 199634.5, 216243.663, 236900.02, 
274184.794, 302311.749, 373698.091, 427596.45, 1, 1, 1, 1, 1, 
1, 1, 1, 1, 1, 1, 0.125, 0.125, 0.125, 0.125, 0.125, 0.125, 0.125, 
0.125, 0.125, 0.125, 0.125, 0, 0, 0, 0, 0, 0, 0, 0, 0, 0, 0, 
0, 0, 0, 0, 0, 0, 0, 0, 0, 0, 0, 0.27973, 0.28039, 0.28017, 0.28203, 
0.27704, 0.28148, 0.28424, 0.27567, 0.27127, 0.27135, 0.27145, 
0.2763, 0.28387, 0.28613, 0.28098, 0.28287, 0.27606, 0.27826, 
0.27622, 0.27788, 0.26985, 0.27024, 1.6464, 1.9513, 2.2692, 2.5945, 
2.9468, 3.4841, 4.0549, 4.3885, 5.1531, 5.7765, 7.1722, 1664.7, 
1832.1, 1998.5, 2164.1, 2330.2, 2499, 2667.2, 2834.7, 3002.5, 
3169.3, 3336.1, 1, 1, 1, 1, 1, 1, 1, 1, 1, 1, 1, 1, 1, 1, 1, 
1, 1, 1, 1, 1, 1, 1, 1, 1, 1, 1, 1, 1, 1, 1, 1, 1, 1, 1, 1, 1, 
1, 1, 1, 1, 1, 1, 1, 1, 20.562, 23.53, 26.741, 30.558, 34.108, 
39.993, 46.244, 49.844, 58.389, 64.912, 80.619), .Dim = c(11L, 
40L), .Dimnames = list(NULL, c("Sampling", "PSO.cost", "PSO.gamma", 
"PSO.data.balancing", "PSO.feature.selection", "PSO.valid.acc", 
"PSO.test.acc", "PSO.train.time", "PSO.n.support.vectors", "PSO.index", 
"PSO.n.solutions", "PSO.generations", "PSO.n.evaluations", "PSO.cpu.time", 
"RS.cost", "RS.gamma", "RS.data.balancing", "RS.feature.selection", 
"RS.valid.acc", "RS.test.acc", "RS.train.time", "RS.n.support.vectors", 
"RS.index", "RS.n.solutions", "RS.generations", "RS.n.evaluations", 
"RS.cpu.time", "DF.cost", "DF.gamma", "DF.data.balancing", "DF.feature.selection", 
"DF.valid.acc", "DF.test.acc", "DF.train.time", "DF.n.support.vectors", 
"DF.index", "DF.n.solutions", "DF.generations", "DF.n.evaluations", 
"DF.cpu.time")))
