full <-
structure(c(50, 55, 60, 65, 70, 75, 80, 85, 90, 95, 100, 13.47984, 
4.93348, 4.62058, 8.59737, 2.83581, 9.45678, 1.18803, 14.5833, 
4.80919, 6.59142, 13.908, -11.92984, -3.14751, -2.43482, -6.94505, 
-4.8194, -6.55627, -1.73709, -7.48521, -4.2348, -6.07554, -7.60421, 
0, 0, 0, 0, 0, 0, 0, 0, 0, 0, 0, 0, 0, 0, 0, 0, 0, 0, 0, 0, 0, 
0, 0.27013, 0.27565, 0.27094, 0.27297, 0.27699, 0.2774, 0.27737, 
0.28303, 0.2843, 0.28144, 0.27987, 0.25573, 0.26433, 0.26493, 
0.25714, 0.27013, 0.27004, 0.2651, 0.27062, 0.28085, 0.27438, 
0.2648, 2.5462, 2.1392, 2.4919, 3.116, 3.0058, 4.9147, 4.1232, 
33.7801, 5.4414, 6.4293, 29.8913, 1669, 1823.4, 1992.5, 2166.2, 
2336.1, 2499.7, 2658.4, 2823.8, 3000.1, 3170.8, 3329.9, 2326, 
2431, 2163, 2163, 2404, 1434, 1126, 1816, 869, 1275, 1830, 1, 
1, 1, 1, 1, 31, 236, 3, 4, 43, 1, 100, 100, 100, 100, 100, 100, 
100, 100, 100, 100, 100, 2500, 2500, 2500, 2500, 2500, 2500, 
2500, 2500, 2500, 2500, 2500, 76226.074, 68468.298, 85573.71, 
100825.178, 97170.751, 172439.406, 118691.443, 785228.09, 162124.456, 
189417.436, 758186.761, 13.62285, 12.8696, 11.19546, 8.50195, 
1.65638, 8.8508, 1.18803, 2.07532, 4.62739, 2.96591, 2.41578, 
-11.93336, -7.34431, -7.6149, -6.9681, -4.04791, -6.14121, -1.84472, 
-3.23444, -4.20203, -3.6403, -2.84725, 0, 0, 0, 0, 0, 0, 0, 0, 
0, 0, 0, 0, 0, 0, 0, 0, 0, 0, 0, 0, 0, 0, 0.26776, 0.27345, 0.27057, 
0.27185, 0.27629, 0.27483, 0.27498, 0.27998, 0.28271, 0.27968, 
0.27868, 0.25526, 0.27257, 0.25861, 0.25455, 0.26738, 0.27034, 
0.26211, 0.27545, 0.28059, 0.2769, 0.27629, 2.5754, 6.3598, 3.8441, 
3.0761, 3.131, 4.6278, 4.1236, 4.5126, 5.4642, 6.235, 8.3755, 
1669.2, 1824, 2000, 2166.6, 2335.2, 2498.8, 2658.8, 2833.7, 3000.4, 
3168.7, 3329.7, 348, 821, 2, 509, 1554, 683, 1395, 962, 189, 
2070, 1364, 1, 1, 1, 1, 1, 1, 1, 1, 1, 1, 1, 100, 100, 100, 100, 
100, 100, 100, 100, 100, 100, 100, 2500, 2500, 2500, 2500, 2500, 
2500, 2500, 2500, 2500, 2500, 2500, 90813.708, 112929.689, 140029.573, 
151516.241, 180626.444, 199046.272, 248634.367, 277707.575, 314609.561, 
361593.956, 452721.949, 1, 1, 1, 1, 1, 1, 1, 1, 1, 1, 1, 0.125, 
0.125, 0.125, 0.125, 0.125, 0.125, 0.125, 0.125, 0.125, 0.125, 
0.125, 0, 0, 0, 0, 0, 0, 0, 0, 0, 0, 0, 0, 0, 0, 0, 0, 0, 0, 
0, 0, 0, 0, 0.25866, 0.26641, 0.26167, 0.25931, 0.27012, 0.26334, 
0.26331, 0.26705, 0.26996, 0.26909, 0.27243, 0.25721, 0.26429, 
0.25723, 0.26264, 0.26468, 0.26622, 0.26961, 0.27264, 0.27396, 
0.2643, 0.27222, 1.608, 1.8501, 2.2907, 2.5747, 3.0918, 3.4685, 
3.988, 4.4941, 5.2029, 6.488, 8.5544, 1665.5, 1833.7, 2001.3, 
2167.9, 2335.5, 2502.7, 2669, 2837.2, 3003.7, 3170.8, 3336.9, 
1, 1, 1, 1, 1, 1, 1, 1, 1, 1, 1, 1, 1, 1, 1, 1, 1, 1, 1, 1, 1, 
1, 1, 1, 1, 1, 1, 1, 1, 1, 1, 1, 1, 1, 1, 1, 1, 1, 1, 1, 1, 1, 
1, 1, 20.303, 22.923, 27.817, 30.849, 36.285, 40.109, 45.747, 
51.356, 59.503, 73.583, 96.591), .Dim = c(11L, 40L), .Dimnames = list(
    NULL, c("Sampling", "PSO.cost", "PSO.gamma", "PSO.data.balancing", 
    "PSO.feature.selection", "PSO.valid.acc", "PSO.test.acc", 
    "PSO.train.time", "PSO.n.support.vectors", "PSO.index", "PSO.n.solutions", 
    "PSO.generations", "PSO.n.evaluations", "PSO.cpu.time", "RS.cost", 
    "RS.gamma", "RS.data.balancing", "RS.feature.selection", 
    "RS.valid.acc", "RS.test.acc", "RS.train.time", "RS.n.support.vectors", 
    "RS.index", "RS.n.solutions", "RS.generations", "RS.n.evaluations", 
    "RS.cpu.time", "DF.cost", "DF.gamma", "DF.data.balancing", 
    "DF.feature.selection", "DF.valid.acc", "DF.test.acc", "DF.train.time", 
    "DF.n.support.vectors", "DF.index", "DF.n.solutions", "DF.generations", 
    "DF.n.evaluations", "DF.cpu.time")))
