full <-
structure(c(50, 55, 60, 65, 70, 75, 80, 85, 90, 95, 100, 6.85386, 
13.51505, 7.69413, 14.99981, 15, 3.5589, -0.11516, -0.61153, 
1.80827, 1.73006, 9.88634, -5.76362, -7.0513, -6.58875, -8.29233, 
-10.06144, -4.76099, -0.36893, -1.32673, -2.97385, -1.52988, 
-7.30633, 0, 0, 0, 0, 0, 0, 0, 0, 0, 0, 0, 0, 0, 0, 0, 0, 0, 
0, 0, 0, 0, 0, 0.27249, 0.27443, 0.27038, 0.27669, 0.27464, 0.27415, 
0.27471, 0.27578, 0.28037, 0.27991, 0.2813, 0.26197, 0.26258, 
0.2681, 0.27005, 0.26921, 0.26617, 0.26481, 0.26902, 0.27051, 
0.27865, 0.27434, 1.9142, 10.5184, 2.5336, 18.6154, 9.721, 3.6222, 
4.2335, 4.5479, 5.0919, 5.8449, 8.6079, 1665.6, 1822.4, 2001.5, 
2162.1, 2335.8, 2503.3, 2655.6, 2831.3, 3002.3, 3156.6, 3334.3, 
2052, 1530, 2068, 2207, 1704, 2122, 642, 1154, 2308, 1624, 2495, 
5, 12, 6, 1, 1, 23, 193, 22, 7, 102, 1, 100, 100, 100, 100, 100, 
100, 100, 100, 100, 100, 100, 2500, 2500, 2500, 2500, 2500, 2500, 
2500, 2500, 2500, 2500, 2500, 87560.676, 237937.039, 87515.403, 
339552.873, 249569.451, 117906.144, 129924.235, 147632.535, 151770.546, 
257345.997, 332704.62, -1.08914, 6.1587, 8.27017, 12.67604, 14.70487, 
6.3271, -0.05869, 0.30769, 1.48099, 5.81045, 3.05058, -3.67209, 
-3.88521, -6.50873, -6.89137, -10.11573, -5.0088, -0.32511, -0.79615, 
-1.36943, -3.43548, -3.71837, 0, 0, 0, 0, 0, 0, 0, 0, 0, 0, 0, 
0, 0, 0, 0, 0, 0, 0, 0, 0, 0, 0, 0.26961, 0.27263, 0.26761, 0.27522, 
0.2726, 0.27319, 0.27321, 0.2741, 0.27853, 0.27842, 0.28058, 
0.26629, 0.26728, 0.27011, 0.27369, 0.27056, 0.26004, 0.26602, 
0.26875, 0.27635, 0.2658, 0.27437, 1.6332, 2.2171, 2.7424, 10.2063, 
8.67, 3.95, 4.5056, 4.8386, 5.2502, 6.4199, 6.637, 1669.9, 1827.2, 
2000.1, 2160.7, 2335.9, 2500.9, 2655, 2820.9, 2987.2, 3158.6, 
3334.5, 491, 1665, 1182, 1849, 2222, 2009, 1911, 87, 1336, 898, 
609, 1, 1, 1, 2, 2, 1, 1, 1, 1, 1, 2, 100, 100, 100, 100, 100, 
100, 100, 100, 100, 100, 100, 2500, 2500, 2500, 2500, 2500, 2500, 
2500, 2500, 2500, 2500, 2500, 94730.921, 115677.554, 138873.046, 
171012.461, 185867.359, 206786.926, 252097.241, 280274.126, 311667.913, 
352298.482, 389403.544, 1, 1, 1, 1, 1, 1, 1, 1, 1, 1, 1, 0.125, 
0.125, 0.125, 0.125, 0.125, 0.125, 0.125, 0.125, 0.125, 0.125, 
0.125, 0, 0, 0, 0, 0, 0, 0, 0, 0, 0, 0, 0, 0, 0, 0, 0, 0, 0, 
0, 0, 0, 0, 0.26241, 0.26394, 0.25488, 0.27003, 0.27122, 0.26902, 
0.26302, 0.26986, 0.27321, 0.26981, 0.27007, 0.26343, 0.25858, 
0.26291, 0.26741, 0.26543, 0.26899, 0.26004, 0.27156, 0.27317, 
0.26831, 0.27342, 1.6568, 1.9867, 2.2686, 2.6797, 2.9396, 3.5128, 
3.9636, 4.4141, 4.9699, 6.2851, 6.8376, 1668.9, 1835.6, 2003.7, 
2170.7, 2337, 2505.3, 2671.2, 2839, 3005.4, 3172, 3335.2, 1, 
1, 1, 1, 1, 1, 1, 1, 1, 1, 1, 1, 1, 1, 1, 1, 1, 1, 1, 1, 1, 1, 
1, 1, 1, 1, 1, 1, 1, 1, 1, 1, 1, 1, 1, 1, 1, 1, 1, 1, 1, 1, 1, 
1, 21.16, 24.132, 27.072, 31.577, 34.566, 41.08, 45.874, 50.915, 
56.747, 71.171, 77.487), .Dim = c(11L, 40L), .Dimnames = list(
    NULL, c("Sampling", "PSO.cost", "PSO.gamma", "PSO.data.balancing", 
    "PSO.feature.selection", "PSO.valid.acc", "PSO.test.acc", 
    "PSO.train.time", "PSO.n.support.vectors", "PSO.index", "PSO.n.solutions", 
    "PSO.generations", "PSO.n.evaluations", "PSO.cpu.time", "RS.cost", 
    "RS.gamma", "RS.data.balancing", "RS.feature.selection", 
    "RS.valid.acc", "RS.test.acc", "RS.train.time", "RS.n.support.vectors", 
    "RS.index", "RS.n.solutions", "RS.generations", "RS.n.evaluations", 
    "RS.cpu.time", "DF.cost", "DF.gamma", "DF.data.balancing", 
    "DF.feature.selection", "DF.valid.acc", "DF.test.acc", "DF.train.time", 
    "DF.n.support.vectors", "DF.index", "DF.n.solutions", "DF.generations", 
    "DF.n.evaluations", "DF.cpu.time")))
