full <-
structure(c(50, 55, 60, 65, 70, 75, 80, 85, 90, 95, 100, 12.01262, 
3.11383, 1.84667, -1.35461, 10.23051, 0.16567, 2.76015, 7.46232, 
3.25462, 4.57178, 6.78404, -7.9685, -4.33418, -1.95928, -1.3752, 
-6.79118, -4.01866, -2.78828, -5.73445, -4.82144, -4.22847, -4.18073, 
0, 0, 0, 0, 0, 0, 0, 0, 0, 0, 0, 0, 0, 0, 0, 0, 0, 0, 0, 0, 0, 
0, 0.27102, 0.27595, 0.2809, 0.2781, 0.27486, 0.27319, 0.27861, 
0.28187, 0.28457, 0.27792, 0.28343, 0.26607, 0.26162, 0.27852, 
0.27074, 0.27283, 0.27226, 0.27449, 0.27485, 0.27767, 0.27161, 
0.27437, 3.2355, 1.8726, 2.3291, 2.6018, 4.8682, 3.3648, 4.1838, 
5.1058, 5.2958, 6.0291, 9.5974, 1665.3, 1834.7, 1993.2, 2167.1, 
2327.4, 2505, 2663.1, 2832.5, 3005.3, 3168.7, 3328.4, 1883, 1179, 
2378, 1771, 2116, 1390, 1222, 992, 1842, 1957, 1608, 6, 19, 10, 
24, 3, 37, 28, 27, 2, 16, 9, 100, 100, 100, 100, 100, 100, 100, 
100, 100, 100, 100, 2500, 2500, 2500, 2500, 2500, 2500, 2500, 
2500, 2500, 2500, 2500, 107612.318, 67771.496, 72801.095, 87201.4099999999, 
157099.409, 149182.17, 159102.344, 157127.945, 181206.144, 192806.29, 
327529.066, 8.51856, 4.50346, 1.78063, -0.89503, 13.26143, 6.99202, 
1.26703, 6.51944, 3.30576, 10.53814, 7.09279, -6.43608, -5.88696, 
-1.94771, -2.13929, -6.3557, -5.99043, -1.09345, -5.42861, -4.85705, 
-7.74866, -4.35918, 0, 0, 0, 0, 0, 0, 0, 0, 0, 0, 0, 0, 0, 0, 
0, 0, 0, 0, 0, 0, 0, 0, 0.27009, 0.27471, 0.2793, 0.27696, 0.27448, 
0.27158, 0.27801, 0.28074, 0.2835, 0.27615, 0.28201, 0.26752, 
0.26038, 0.27693, 0.27368, 0.26802, 0.26522, 0.27085, 0.27514, 
0.27714, 0.27187, 0.27388, 2.0335, 1.9093, 2.2864, 2.5532, 19.0922, 
3.6776, 4.2433, 4.9266, 5.1028, 8.261, 9.4542, 1665.6, 1836.3, 
1993.4, 2167.5, 2319.2, 2497.8, 2653.3, 2832.7, 3005.3, 3170.2, 
3329, 2410, 615, 2049, 1990, 2377, 725, 2194, 898, 1727, 466, 
1577, 1, 1, 1, 1, 1, 1, 1, 1, 1, 2, 1, 100, 100, 100, 100, 100, 
100, 100, 100, 100, 100, 100, 2500, 2500, 2500, 2500, 2500, 2500, 
2500, 2500, 2500, 2500, 2500, 103930.493, 115351.286, 134532.547, 
150414.779, 178947.235, 215880.991, 240971.96, 280173.539, 325964.921, 
356526.934, 455878.753, 1, 1, 1, 1, 1, 1, 1, 1, 1, 1, 1, 0.125, 
0.125, 0.125, 0.125, 0.125, 0.125, 0.125, 0.125, 0.125, 0.125, 
0.125, 0, 0, 0, 0, 0, 0, 0, 0, 0, 0, 0, 0, 0, 0, 0, 0, 0, 0, 
0, 0, 0, 0, 0.26107, 0.26197, 0.27179, 0.27107, 0.27144, 0.26457, 
0.27115, 0.26894, 0.27714, 0.27136, 0.26933, 0.25868, 0.26332, 
0.27014, 0.27259, 0.2694, 0.26493, 0.26907, 0.27316, 0.27795, 
0.26684, 0.27266, 1.6249, 1.8525, 2.2519, 2.6647, 3.0506, 3.4109, 
3.9784, 4.4731, 5.0329, 5.4144, 8.1564, 1668.5, 1835.2, 2001.8, 
2167.4, 2335.3, 2502.6, 2669.7, 2838.6, 3006.4, 3172.5, 3336.5, 
1, 1, 1, 1, 1, 1, 1, 1, 1, 1, 1, 1, 1, 1, 1, 1, 1, 1, 1, 1, 1, 
1, 1, 1, 1, 1, 1, 1, 1, 1, 1, 1, 1, 1, 1, 1, 1, 1, 1, 1, 1, 1, 
1, 1, 20.238, 22.28, 26.79, 31.28, 35.579, 39.362, 45.404, 50.841, 
57.278, 60.881, 92.156), .Dim = c(11L, 40L), .Dimnames = list(
    NULL, c("Sampling", "PSO.cost", "PSO.gamma", "PSO.data.balancing", 
    "PSO.feature.selection", "PSO.valid.acc", "PSO.test.acc", 
    "PSO.train.time", "PSO.n.support.vectors", "PSO.index", "PSO.n.solutions", 
    "PSO.generations", "PSO.n.evaluations", "PSO.cpu.time", "RS.cost", 
    "RS.gamma", "RS.data.balancing", "RS.feature.selection", 
    "RS.valid.acc", "RS.test.acc", "RS.train.time", "RS.n.support.vectors", 
    "RS.index", "RS.n.solutions", "RS.generations", "RS.n.evaluations", 
    "RS.cpu.time", "DF.cost", "DF.gamma", "DF.data.balancing", 
    "DF.feature.selection", "DF.valid.acc", "DF.test.acc", "DF.train.time", 
    "DF.n.support.vectors", "DF.index", "DF.n.solutions", "DF.generations", 
    "DF.n.evaluations", "DF.cpu.time")))
