full <-
structure(c(50, 55, 60, 65, 70, 75, 80, 85, 90, 95, 100, 14.53603, 
14.17136, 9.15924, 9.13919, 11.88843, 6.75814, 0.51308, 6.16718, 
3.98876, 13.30971, 7.41125, -14.67281, -8.19256, -6.04701, -5.37448, 
-7.39027, -4.47484, -0.94323, -4.67316, -4.01443, -6.03378, -5.90121, 
0, 0, 0, 0, 0, 0, 0, 0, 0, 0, 0, 0, 0, 0, 0, 0, 0, 0, 0, 0, 0, 
0, 0.25275, 0.27292, 0.28101, 0.27974, 0.28992, 0.28637, 0.28254, 
0.27426, 0.27846, 0.27785, 0.28182, 0.24419, 0.27248, 0.27296, 
0.27673, 0.27526, 0.27615, 0.27055, 0.27201, 0.27025, 0.26831, 
0.27942, 2.2126, 8.3875, 3.1811, 4.099, 6.7237, 4.0964, 4.1123, 
5.003, 5.3648, 37.887, 8.8659, 1669.4, 1830.7, 1998.9, 2161.4, 
2332.7, 2497.6, 2655.1, 2834.5, 3001.2, 3154.4, 3335.2, 1152, 
2332, 1967, 2017, 2418, 1844, 1571, 1384, 2052, 956, 1598, 1, 
1, 4, 5, 1, 7, 22, 16, 8, 1, 40, 100, 100, 100, 100, 100, 100, 
100, 100, 100, 100, 100, 2500, 2500, 2500, 2500, 2500, 2500, 
2500, 2500, 2500, 2500, 2500, 68456.389, 246315.731, 128318.79, 
114793.763, 205477.143, 129691.224, 133896.944, 196804.797, 176721.21, 
675708.572, 345377.097, 1.1081, 7.2387, 9.53975, 12.64761, 11.18371, 
6.05159, 1.2367, 8.26228, 4.78639, 14.2274, 8.04445, -1.28058, 
-4.91523, -6.07051, -7.10339, -7.033, -4.31427, -1.25475, -5.7603, 
-4.30432, -8.34894, -6.20874, 0, 0, 0, 0, 0, 0, 0, 0, 0, 0, 0, 
0, 0, 0, 0, 0, 0, 0, 0, 0, 0, 0, 0.2505, 0.27127, 0.27819, 0.27973, 
0.28855, 0.28415, 0.28135, 0.27287, 0.27714, 0.27583, 0.2799, 
0.24951, 0.26947, 0.2718, 0.27967, 0.2725, 0.27679, 0.27055, 
0.26891, 0.27076, 0.27182, 0.27917, 1.7272, 2.3118, 3.4269, 8.3897, 
5.9037, 3.8238, 4.0504, 5.8109, 5.205, 24.5324, 10.4168, 1660.3, 
1830.8, 1997.6, 2161.6, 2332.3, 2498.3, 2655.8, 2835.6, 3000.2, 
3167.7, 3334.9, 107, 904, 808, 104, 187, 1572, 1165, 923, 2063, 
790, 2427, 1, 1, 1, 1, 1, 1, 1, 1, 1, 1, 1, 100, 100, 100, 100, 
100, 100, 100, 100, 100, 100, 100, 2500, 2500, 2500, 2500, 2500, 
2500, 2500, 2500, 2500, 2500, 2500, 92381.176, 108882.911, 131993.726, 
150481.151, 174444.348, 208555.416, 253557.759, 279364.4, 294200.371, 
378879.625, 424871.926, 1, 1, 1, 1, 1, 1, 1, 1, 1, 1, 1, 0.125, 
0.125, 0.125, 0.125, 0.125, 0.125, 0.125, 0.125, 0.125, 0.125, 
0.125, 0, 0, 0, 0, 0, 0, 0, 0, 0, 0, 0, 0, 0, 0, 0, 0, 0, 0, 
0, 0, 0, 0, 0.23463, 0.24904, 0.25338, 0.2631, 0.26032, 0.26948, 
0.27112, 0.26525, 0.26971, 0.26753, 0.27487, 0.2414, 0.25339, 
0.2526, 0.26232, 0.26063, 0.2653, 0.26958, 0.26554, 0.26417, 
0.26957, 0.27057, 1.6066, 1.8959, 2.2155, 2.5989, 3.0582, 3.3717, 
3.8489, 4.49, 5.088, 6.2317, 9.352, 1669.8, 1835.8, 2003.2, 2170.2, 
2336.4, 2502.1, 2668, 2836.4, 3002.8, 3169.8, 3335.9, 1, 1, 1, 
1, 1, 1, 1, 1, 1, 1, 1, 1, 1, 1, 1, 1, 1, 1, 1, 1, 1, 1, 1, 1, 
1, 1, 1, 1, 1, 1, 1, 1, 1, 1, 1, 1, 1, 1, 1, 1, 1, 1, 1, 1, 20.064, 
22.973, 26.457, 30.676, 35.864, 38.754, 44.112, 51.388, 57.527, 
71.142, 106.915), .Dim = c(11L, 40L), .Dimnames = list(NULL, 
    c("Sampling", "PSO.cost", "PSO.gamma", "PSO.data.balancing", 
    "PSO.feature.selection", "PSO.valid.acc", "PSO.test.acc", 
    "PSO.train.time", "PSO.n.support.vectors", "PSO.index", "PSO.n.solutions", 
    "PSO.generations", "PSO.n.evaluations", "PSO.cpu.time", "RS.cost", 
    "RS.gamma", "RS.data.balancing", "RS.feature.selection", 
    "RS.valid.acc", "RS.test.acc", "RS.train.time", "RS.n.support.vectors", 
    "RS.index", "RS.n.solutions", "RS.generations", "RS.n.evaluations", 
    "RS.cpu.time", "DF.cost", "DF.gamma", "DF.data.balancing", 
    "DF.feature.selection", "DF.valid.acc", "DF.test.acc", "DF.train.time", 
    "DF.n.support.vectors", "DF.index", "DF.n.solutions", "DF.generations", 
    "DF.n.evaluations", "DF.cpu.time")))
