full <-
structure(c(50, 55, 60, 65, 70, 75, 80, 85, 90, 95, 100, 2.17659, 
2.10599, 0.67818, 0.48747, 2.97695, 13.9888, 5.87821, 0.42704, 
5.57124, 2.37874, 3.48713, -4.2162, -4.34256, -1.56734, -1.19573, 
-2.96802, -7.45662, -4.18535, -1.33098, -4.60692, -3.95599, -3.55844, 
0, 0, 0, 0, 0, 0, 0, 0, 0, 0, 0, 0, 0, 0, 0, 0, 0, 0, 0, 0, 0, 
0, 0.28747, 0.28486, 0.27814, 0.2788, 0.2821, 0.28633, 0.28186, 
0.28777, 0.28374, 0.28126, 0.28418, 0.2783, 0.27085, 0.27132, 
0.26958, 0.27254, 0.27614, 0.27324, 0.28103, 0.27973, 0.2767, 
0.27847, 1.5303, 1.8766, 2.2629, 2.7376, 3.0007, 19.386, 4.2653, 
4.6206, 5.4745, 5.9586, 7.0499, 1666, 1833.9, 1993.3, 2155.4, 
2327.1, 2492.2, 2663.7, 2823.8, 2998.8, 3169.8, 3332.5, 2309, 
2444, 1860, 1917, 1316, 1251, 1934, 1927, 920, 1353, 533, 5, 
5, 22, 3, 8, 1, 13, 12, 4, 26, 162, 100, 100, 100, 100, 100, 
100, 100, 100, 100, 100, 100, 2500, 2500, 2500, 2500, 2500, 2500, 
2500, 2500, 2500, 2500, 2500, 60245.029, 69425.523, 70341.482, 
91682.3550000001, 94990.973, 477982.245, 165419.792, 158967.403, 
194523.469, 168086.691, 208362.497, 8.05289, 2.28974, 0.8524, 
0.54547, 3.00883, 12.12186, 1.62278, 4.58192, 5.51877, 2.12535, 
1.10464, -5.50209, -4.44842, -1.65847, -1.25501, -3.95484, -7.50809, 
-2.34219, -3.67852, -4.72148, -3.88365, -2.72562, 0, 0, 0, 0, 
0, 0, 0, 0, 0, 0, 0, 0, 0, 0, 0, 0, 0, 0, 0, 0, 0, 0, 0.28597, 
0.28311, 0.27733, 0.27624, 0.27938, 0.28058, 0.28009, 0.28583, 
0.28187, 0.27999, 0.28179, 0.2687, 0.26867, 0.27093, 0.26995, 
0.2743, 0.27675, 0.2723, 0.27936, 0.27495, 0.27671, 0.27774, 
2.0684, 1.8989, 2.3817, 2.7083, 3.0313, 8.0184, 4.1053, 4.5843, 
5.3968, 5.8576, 7.5869, 1658.9, 1834, 1993.7, 2155.5, 2334, 2496.5, 
2662.5, 2828.2, 3000.2, 3169.9, 3333.8, 2104, 1677, 2224, 2357, 
342, 991, 53, 1583, 1090, 1591, 439, 1, 1, 1, 1, 1, 1, 1, 1, 
1, 1, 1, 100, 100, 100, 100, 100, 100, 100, 100, 100, 100, 100, 
2500, 2500, 2500, 2500, 2500, 2500, 2500, 2500, 2500, 2500, 2500, 
93342.908, 111094.333, 136104.559, 147272.5, 181886.417, 211376.972, 
251582.315, 268819.273, 299259.46, 358520.755, 416750.647, 1, 
1, 1, 1, 1, 1, 1, 1, 1, 1, 1, 0.125, 0.125, 0.125, 0.125, 0.125, 
0.125, 0.125, 0.125, 0.125, 0.125, 0.125, 0, 0, 0, 0, 0, 0, 0, 
0, 0, 0, 0, 0, 0, 0, 0, 0, 0, 0, 0, 0, 0, 0, 0.28219, 0.27962, 
0.26852, 0.26916, 0.27323, 0.26499, 0.27173, 0.27428, 0.27227, 
0.27797, 0.27893, 0.27835, 0.27476, 0.27015, 0.2607, 0.27394, 
0.27039, 0.27589, 0.2771, 0.27335, 0.27519, 0.2732, 1.5826, 1.9199, 
2.2, 2.5503, 3.022, 3.4654, 4.0313, 4.3292, 4.8765, 5.5932, 7.7538, 
1666.5, 1833.3, 2001.7, 2167.7, 2335, 2501.8, 2670.2, 2835.7, 
3003.2, 3170.1, 3335.9, 1, 1, 1, 1, 1, 1, 1, 1, 1, 1, 1, 1, 1, 
1, 1, 1, 1, 1, 1, 1, 1, 1, 1, 1, 1, 1, 1, 1, 1, 1, 1, 1, 1, 1, 
1, 1, 1, 1, 1, 1, 1, 1, 1, 1, 19.857, 23.394, 26.085, 29.725, 
35.009, 39.942, 46.033, 49.135, 55.096, 62.818, 87.284), .Dim = c(11L, 
40L), .Dimnames = list(NULL, c("Sampling", "PSO.cost", "PSO.gamma", 
"PSO.data.balancing", "PSO.feature.selection", "PSO.valid.acc", 
"PSO.test.acc", "PSO.train.time", "PSO.n.support.vectors", "PSO.index", 
"PSO.n.solutions", "PSO.generations", "PSO.n.evaluations", "PSO.cpu.time", 
"RS.cost", "RS.gamma", "RS.data.balancing", "RS.feature.selection", 
"RS.valid.acc", "RS.test.acc", "RS.train.time", "RS.n.support.vectors", 
"RS.index", "RS.n.solutions", "RS.generations", "RS.n.evaluations", 
"RS.cpu.time", "DF.cost", "DF.gamma", "DF.data.balancing", "DF.feature.selection", 
"DF.valid.acc", "DF.test.acc", "DF.train.time", "DF.n.support.vectors", 
"DF.index", "DF.n.solutions", "DF.generations", "DF.n.evaluations", 
"DF.cpu.time")))
