full <-
structure(c(50, 55, 60, 65, 70, 75, 80, 85, 90, 95, 100, 11.96159, 
15, 5.87939, 1.60348, 0.29208, 8.33568, 4.01764, 1.57496, 1.62607, 
1.8458, 5.36521, -6.7942, -8.32532, -5.9147, -3.07882, -2.61782, 
-6.17169, -4.22312, -2.16047, -3.20957, -2.55829, -4.95056, 0, 
0, 0, 0, 0, 0, 0, 0, 0, 0, 0, 0, 0, 0, 0, 0, 0, 0, 0, 0, 0, 0, 
0.28305, 0.28302, 0.28814, 0.28506, 0.27945, 0.28183, 0.28124, 
0.27907, 0.28172, 0.28392, 0.28467, 0.2759, 0.26562, 0.28016, 
0.28027, 0.27337, 0.2726, 0.27585, 0.27684, 0.27933, 0.28216, 
0.27727, 4.496, 13.2179, 2.3221, 2.5818, 3.0209, 4.3974, 4.0423, 
4.5499, 5.122, 5.731, 6.5476, 1650.6, 1821.2, 1994.8, 2159.7, 
2327, 2494.2, 2661.1, 2827.5, 2998, 3163.1, 3335.9, 2330, 1265, 
1840, 1208, 1240, 2165, 1310, 1803, 1879, 1735, 1169, 4, 1, 8, 
13, 28, 1, 43, 16, 31, 16, 43, 100, 100, 100, 100, 100, 100, 
100, 100, 100, 100, 100, 2500, 2500, 2500, 2500, 2500, 2500, 
2500, 2500, 2500, 2500, 2500, 124436.657, 149470.36, 84829.931, 
82610.852, 118877.16, 145303.061, 121896.162, 135780.413, 161796.142, 
212794.967, 233293.243, 2.39516, 11.85919, 4.42764, 0.59046, 
-1.63705, 0.44477, 3.41968, 0.99827, 1.32787, 2.27195, 5.28138, 
-3.62871, -7.04004, -5.23174, -2.52343, -0.61356, -4.37147, -3.89377, 
-1.79243, -2.95943, -2.579, -4.85069, 0, 0, 0, 0, 0, 0, 0, 0, 
0, 0, 0, 0, 0, 0, 0, 0, 0, 0, 0, 0, 0, 0, 0.27927, 0.28039, 0.28653, 
0.28432, 0.27807, 0.28119, 0.28004, 0.27764, 0.27906, 0.28216, 
0.28253, 0.27256, 0.26739, 0.27497, 0.27622, 0.27404, 0.27674, 
0.27616, 0.27625, 0.27906, 0.27939, 0.27607, 1.6542, 4.8727, 
2.3611, 2.6194, 3.2627, 3.3124, 4.0451, 4.5687, 4.8928, 5.6176, 
6.6003, 1661.9, 1821.8, 1995.6, 2161, 2329, 2504.6, 2661.6, 2827.8, 
2997.5, 3162.4, 3335.8, 1240, 2336, 53, 587, 714, 1940, 364, 
533, 1206, 1513, 606, 1, 2, 1, 1, 1, 1, 1, 1, 1, 2, 1, 100, 100, 
100, 100, 100, 100, 100, 100, 100, 100, 100, 2500, 2500, 2500, 
2500, 2500, 2500, 2500, 2500, 2500, 2500, 2500, 94881.026, 118108.512, 
135987.871, 158621.757, 178607.089, 210457.332, 238244.881, 285016.933, 
325849.711, 350499.107, 376357.36, 1, 1, 1, 1, 1, 1, 1, 1, 1, 
1, 1, 0.125, 0.125, 0.125, 0.125, 0.125, 0.125, 0.125, 0.125, 
0.125, 0.125, 0.125, 0, 0, 0, 0, 0, 0, 0, 0, 0, 0, 0, 0, 0, 0, 
0, 0, 0, 0, 0, 0, 0, 0, 0.27253, 0.26958, 0.28295, 0.27845, 0.27738, 
0.27225, 0.27169, 0.26979, 0.27161, 0.27107, 0.2787, 0.27443, 
0.27434, 0.27536, 0.27477, 0.27126, 0.27613, 0.27528, 0.27567, 
0.27639, 0.27108, 0.27151, 1.6269, 1.9139, 2.1731, 2.5562, 3.034, 
3.4136, 4.0214, 4.464, 4.8563, 5.524, 6.3967, 1665.2, 1832, 1997.3, 
2162, 2329.5, 2496.7, 2665, 2834.5, 3000.1, 3170.1, 3336.7, 1, 
1, 1, 1, 1, 1, 1, 1, 1, 1, 1, 1, 1, 1, 1, 1, 1, 1, 1, 1, 1, 1, 
1, 1, 1, 1, 1, 1, 1, 1, 1, 1, 1, 1, 1, 1, 1, 1, 1, 1, 1, 1, 1, 
1, 20.46, 23.625, 26.277, 30.606, 35.438, 39.505, 46.082, 51.047, 
55.079, 62.299, 72.22), .Dim = c(11L, 40L), .Dimnames = list(
    NULL, c("Sampling", "PSO.cost", "PSO.gamma", "PSO.data.balancing", 
    "PSO.feature.selection", "PSO.valid.acc", "PSO.test.acc", 
    "PSO.train.time", "PSO.n.support.vectors", "PSO.index", "PSO.n.solutions", 
    "PSO.generations", "PSO.n.evaluations", "PSO.cpu.time", "RS.cost", 
    "RS.gamma", "RS.data.balancing", "RS.feature.selection", 
    "RS.valid.acc", "RS.test.acc", "RS.train.time", "RS.n.support.vectors", 
    "RS.index", "RS.n.solutions", "RS.generations", "RS.n.evaluations", 
    "RS.cpu.time", "DF.cost", "DF.gamma", "DF.data.balancing", 
    "DF.feature.selection", "DF.valid.acc", "DF.test.acc", "DF.train.time", 
    "DF.n.support.vectors", "DF.index", "DF.n.solutions", "DF.generations", 
    "DF.n.evaluations", "DF.cpu.time")))
