full <-
structure(c(50, 55, 60, 65, 70, 75, 80, 85, 90, 95, 100, 13.84778, 
9.68267, 14.90566, 9.57445, 15, 13.64324, 15, 9.40456, 13.71359, 
0.87842, 2.80567, -10.89624, -9.56355, -9.84408, -7.60103, -9.47963, 
-8.62767, -7.39304, -5.78739, -8.96228, -1.46549, -2.91269, 0, 
0, 0, 0, 0, 0, 0, 0, 0, 0, 0, 0, 0, 0, 0, 0, 0, 0, 0, 0, 0, 0, 
0.27963, 0.28254, 0.29055, 0.28623, 0.28249, 0.28796, 0.27647, 
0.27963, 0.27924, 0.28573, 0.28681, 0.2662, 0.27246, 0.27541, 
0.27365, 0.27185, 0.27395, 0.2639, 0.27403, 0.26993, 0.27767, 
0.27698, 3.0182, 2.3122, 7.5641, 3.3513, 11.2398, 9.9219, 39.6848, 
6.9968, 13.1805, 6.542, 7.2785, 1664.5, 1834.5, 1997.5, 2166.1, 
2329.9, 2498.4, 2656.4, 2831.7, 3001.6, 3160.3, 3330.4, 546, 
1501, 2329, 864, 2201, 2230, 1147, 2340, 1914, 2199, 2469, 1, 
11, 1, 18, 1, 1, 1, 4, 1, 1, 1, 100, 100, 100, 100, 100, 100, 
100, 100, 100, 100, 100, 2500, 2500, 2500, 2500, 2500, 2500, 
2500, 2500, 2500, 2500, 2500, 95360.293, 85005.155, 172131.779, 
118569.976, 278451.831, 236185.292, 925634.713, 251539.385, 343015.575, 
207315.312, 246277.927999999, 14.88644, 8.67356, 14.31202, 10.07701, 
8.63907, 14.3622, 10.54228, 9.37084, 13.51911, 1.13855, 3.69209, 
-11.16513, -6.71805, -9.02612, -7.82935, -7.45303, -8.96796, 
-7.2299, -5.82013, -8.93127, -1.49571, -3.36557, 0, 0, 0, 0, 
0, 0, 0, 0, 0, 0, 0, 0, 0, 0, 0, 0, 0, 0, 0, 0, 0, 0, 0.27533, 
0.28251, 0.28935, 0.2855, 0.27977, 0.28573, 0.27438, 0.27766, 
0.27739, 0.28448, 0.28418, 0.26577, 0.27335, 0.27458, 0.27441, 
0.27463, 0.27299, 0.26928, 0.27318, 0.26886, 0.27591, 0.27986, 
3.7367, 2.3959, 7.6971, 3.5415, 3.6247, 11.9694, 6.1948, 6.9965, 
12.6585, 6.6725, 8.411, 1664.3, 1831.4, 1996.8, 2165.9, 2333.1, 
2498.2, 2666.8, 2831.8, 3002.3, 3159.4, 3331.5, 36, 2211, 2089, 
1150, 1796, 476, 530, 56, 1606, 125, 2197, 1, 1, 1, 1, 1, 1, 
1, 1, 1, 1, 1, 100, 100, 100, 100, 100, 100, 100, 100, 100, 100, 
100, 2500, 2500, 2500, 2500, 2500, 2500, 2500, 2500, 2500, 2500, 
2500, 92527.333, 117662.713, 130986.196, 165437.332, 173867.744, 
214530.808, 247176.578, 263003.006, 323109.384, 379378.605, 439867.435, 
1, 1, 1, 1, 1, 1, 1, 1, 1, 1, 1, 0.125, 0.125, 0.125, 0.125, 
0.125, 0.125, 0.125, 0.125, 0.125, 0.125, 0.125, 0, 0, 0, 0, 
0, 0, 0, 0, 0, 0, 0, 0, 0, 0, 0, 0, 0, 0, 0, 0, 0, 0, 0.26006, 
0.27029, 0.26936, 0.26888, 0.26783, 0.26848, 0.26779, 0.26531, 
0.26782, 0.27241, 0.27387, 0.25809, 0.2656, 0.26859, 0.26634, 
0.26852, 0.27007, 0.269, 0.26534, 0.26436, 0.27138, 0.27556, 
1.6112, 1.9199, 2.2354, 2.6706, 3.1034, 3.591, 4.0571, 4.6578, 
5.7127, 7.7323, 7.6827, 1668.8, 1836.1, 2003.4, 2170.6, 2336, 
2503.4, 2671.4, 2837.8, 3004, 3170.7, 3335.2, 1, 1, 1, 1, 1, 
1, 1, 1, 1, 1, 1, 1, 1, 1, 1, 1, 1, 1, 1, 1, 1, 1, 1, 1, 1, 1, 
1, 1, 1, 1, 1, 1, 1, 1, 1, 1, 1, 1, 1, 1, 1, 1, 1, 1, 20.248, 
23.028, 26.454, 31.324, 35.978, 41.31, 46.523, 53.076, 64.68, 
87.531, 86.666), .Dim = c(11L, 40L), .Dimnames = list(NULL, c("Sampling", 
"PSO.cost", "PSO.gamma", "PSO.data.balancing", "PSO.feature.selection", 
"PSO.valid.acc", "PSO.test.acc", "PSO.train.time", "PSO.n.support.vectors", 
"PSO.index", "PSO.n.solutions", "PSO.generations", "PSO.n.evaluations", 
"PSO.cpu.time", "RS.cost", "RS.gamma", "RS.data.balancing", "RS.feature.selection", 
"RS.valid.acc", "RS.test.acc", "RS.train.time", "RS.n.support.vectors", 
"RS.index", "RS.n.solutions", "RS.generations", "RS.n.evaluations", 
"RS.cpu.time", "DF.cost", "DF.gamma", "DF.data.balancing", "DF.feature.selection", 
"DF.valid.acc", "DF.test.acc", "DF.train.time", "DF.n.support.vectors", 
"DF.index", "DF.n.solutions", "DF.generations", "DF.n.evaluations", 
"DF.cpu.time")))
