full <-
structure(c(50, 55, 60, 65, 70, 75, 80, 85, 90, 95, 100, 5.16693, 
3.52823, 14.98776, 5.93016, 5.88147, 12.06408, 5.73549, -0.48677, 
4.86935, 6.12914, 3.96531, -4.88179, -3.84205, -9.6144, -5.83737, 
-6.11761, -6.96823, -4.04804, -1.94445, -4.89724, -4.38786, -3.21315, 
0, 0, 0, 0, 0, 0, 0, 0, 0, 0, 0, 0, 0, 0, 0, 0, 0, 0, 0, 0, 0, 
0, 0.28331, 0.2853, 0.2933, 0.27995, 0.2893, 0.28156, 0.28933, 
0.28808, 0.28535, 0.27921, 0.28609, 0.2784, 0.27913, 0.27537, 
0.27629, 0.27284, 0.27581, 0.28334, 0.28103, 0.26728, 0.27165, 
0.27961, 1.6664, 1.9852, 7.9046, 2.7871, 3.1503, 9.0682, 4.3938, 
4.6524, 5.0738, 6.501, 6.5691, 1663.8, 1831.9, 1997.5, 2167.9, 
2336.1, 2493.6, 2661.8, 2832.7, 3001.7, 3164.5, 3329.8, 1832, 
702, 2278, 2386, 2101, 1498, 1839, 1371, 1047, 501, 2048, 2, 
36, 1, 1, 4, 1, 1, 44, 32, 9, 1, 100, 100, 100, 100, 100, 100, 
100, 100, 100, 100, 100, 2500, 2500, 2500, 2500, 2500, 2500, 
2500, 2500, 2500, 2500, 2500, 56364.257, 93718.145, 199162.947, 
129606.259, 105927.141, 240415.666, 156724.569, 140867.909, 154993.991, 
223620.272, 246008.736, 4.97835, 3.81547, 14.50669, 5.99509, 
6.07885, 7.90769, 6.44833, -0.32694, 5.08511, 4.58235, 3.68285, 
-4.51838, -3.89468, -9.48313, -5.85532, -6.23847, -5.21248, -4.49491, 
-2.04139, -4.99737, -3.6587, -3.17963, 0, 0, 0, 0, 0, 0, 0, 0, 
0, 0, 0, 0, 0, 0, 0, 0, 0, 0, 0, 0, 0, 0, 0.27943, 0.28442, 0.28929, 
0.27885, 0.2862, 0.27962, 0.28692, 0.28666, 0.28428, 0.27818, 
0.28297, 0.27836, 0.27783, 0.27415, 0.27593, 0.27386, 0.27895, 
0.28004, 0.28076, 0.26861, 0.27113, 0.27721, 1.7316, 1.9601, 
6.8301, 2.7853, 3.1867, 4.3526, 4.6012, 4.47, 5.1178, 5.8668, 
6.6975, 1663, 1831.8, 1998.7, 2167.9, 2336.3, 2493.9, 2664.1, 
2833.5, 3001.5, 3165.3, 3330.7, 2409, 568, 2129, 259, 2245, 772, 
983, 1583, 164, 221, 1856, 1, 1, 1, 1, 1, 1, 1, 1, 1, 1, 1, 100, 
100, 100, 100, 100, 100, 100, 100, 100, 100, 100, 2500, 2500, 
2500, 2500, 2500, 2500, 2500, 2500, 2500, 2500, 2500, 95495.093, 
109557.35, 137909.753, 160262.003, 175368.684, 216056.524, 242253.231, 
285578.182, 313695.958, 350329.891, 393894.904, 1, 1, 1, 1, 1, 
1, 1, 1, 1, 1, 1, 0.125, 0.125, 0.125, 0.125, 0.125, 0.125, 0.125, 
0.125, 0.125, 0.125, 0.125, 0, 0, 0, 0, 0, 0, 0, 0, 0, 0, 0, 
0, 0, 0, 0, 0, 0, 0, 0, 0, 0, 0, 0.26698, 0.27132, 0.26376, 0.26667, 
0.28111, 0.27642, 0.27797, 0.27596, 0.27207, 0.26962, 0.27502, 
0.26977, 0.26959, 0.26577, 0.27002, 0.2801, 0.27353, 0.28068, 
0.27738, 0.26755, 0.26559, 0.2743, 1.6272, 1.924, 2.2488, 2.5893, 
3.0203, 3.5604, 3.926, 4.5192, 4.9739, 6.1298, 6.2629, 1667.2, 
1835.2, 2000.6, 2168.8, 2336.4, 2502.4, 2669.7, 2835.4, 3003, 
3169.7, 3336.6, 1, 1, 1, 1, 1, 1, 1, 1, 1, 1, 1, 1, 1, 1, 1, 
1, 1, 1, 1, 1, 1, 1, 1, 1, 1, 1, 1, 1, 1, 1, 1, 1, 1, 1, 1, 1, 
1, 1, 1, 1, 1, 1, 1, 1, 20.893, 24.034, 27.393, 31.014, 35.851, 
41.731, 45.166, 51.581, 56.478, 69.779, 70.724), .Dim = c(11L, 
40L), .Dimnames = list(NULL, c("Sampling", "PSO.cost", "PSO.gamma", 
"PSO.data.balancing", "PSO.feature.selection", "PSO.valid.acc", 
"PSO.test.acc", "PSO.train.time", "PSO.n.support.vectors", "PSO.index", 
"PSO.n.solutions", "PSO.generations", "PSO.n.evaluations", "PSO.cpu.time", 
"RS.cost", "RS.gamma", "RS.data.balancing", "RS.feature.selection", 
"RS.valid.acc", "RS.test.acc", "RS.train.time", "RS.n.support.vectors", 
"RS.index", "RS.n.solutions", "RS.generations", "RS.n.evaluations", 
"RS.cpu.time", "DF.cost", "DF.gamma", "DF.data.balancing", "DF.feature.selection", 
"DF.valid.acc", "DF.test.acc", "DF.train.time", "DF.n.support.vectors", 
"DF.index", "DF.n.solutions", "DF.generations", "DF.n.evaluations", 
"DF.cpu.time")))
