full <-
structure(c(50, 55, 60, 65, 70, 75, 80, 85, 90, 95, 100, 7.56812, 
7.25826, 15, 2.84645, 1.72776, 5.71258, 6.96397, 1.64276, 7.50096, 
10.22089, 1.22532, -7.10961, -5.66742, -11.03545, -2.69287, -2.96119, 
-5.36442, -5.61306, -3.56948, -5.90031, -5.53184, -1.77886, 0, 
0, 0, 0, 0, 0, 0, 0, 0, 0, 0, 0, 0, 0, 0, 0, 0, 0, 0, 0, 0, 0, 
0.2822, 0.28388, 0.28732, 0.27946, 0.2753, 0.27676, 0.27889, 
0.28321, 0.28511, 0.27914, 0.27749, 0.27164, 0.27564, 0.27495, 
0.27246, 0.27254, 0.26873, 0.27169, 0.277, 0.27819, 0.27362, 
0.27487, 1.7762, 2.1392, 5.3917, 2.6249, 2.9248, 3.6959, 4.3744, 
4.4579, 5.9104, 11.1366, 6.9379, 1667.5, 1832.8, 2001, 2162.7, 
2331.5, 2501.8, 2667.1, 2837.3, 3001.2, 3161.3, 3325, 2444, 2491, 
1346, 1598, 1816, 1494, 1096, 1217, 2263, 666, 1909, 25, 2, 1, 
28, 23, 4, 25, 235, 9, 4, 20, 100, 100, 100, 100, 100, 100, 100, 
100, 100, 100, 100, 2500, 2500, 2500, 2500, 2500, 2500, 2500, 
2500, 2500, 2500, 2500, 60973.005, 69591.766, 133664.618, 172333.004, 
95109.1460000001, 121385.4, 154200.408, 140511.601, 210645.169, 
329588.404, 208561.635, 8.49527, 5.27284, 13.48558, 10.80354, 
1.7612, 7.25081, 6.76858, 1.26505, 4.71784, 8.64616, 6.15689, 
-8.49614, -5.16564, -10.86758, -7.80481, -2.97544, -5.62526, 
-5.48748, -3.4363, -3.75883, -5.11535, -5.6597, 0, 0, 0, 0, 0, 
0, 0, 0, 0, 0, 0, 0, 0, 0, 0, 0, 0, 0, 0, 0, 0, 0, 0.28172, 0.28041, 
0.28529, 0.27801, 0.27462, 0.27388, 0.2786, 0.28123, 0.28403, 
0.2779, 0.27467, 0.27069, 0.27433, 0.27575, 0.26957, 0.27255, 
0.26459, 0.27078, 0.27585, 0.27685, 0.2759, 0.27397, 1.8461, 
2.0369, 3.7689, 3.9467, 3.0671, 4.0721, 4.3801, 4.5359, 5.2139, 
8.3198, 9.1234, 1668.2, 1834.4, 2001.8, 2168.5, 2331.4, 2501.1, 
2667, 2837.2, 2998.7, 3162.7, 3335.7, 1862, 1289, 967, 444, 580, 
861, 1998, 2024, 1529, 1881, 1597, 1, 1, 1, 1, 1, 1, 1, 1, 1, 
1, 1, 100, 100, 100, 100, 100, 100, 100, 100, 100, 100, 100, 
2500, 2500, 2500, 2500, 2500, 2500, 2500, 2500, 2500, 2500, 2500, 
102286.387, 114267.578, 138090.224, 154405.983, 201484.589, 217455.914, 
249060.551, 284988.008, 314715.741, 344839.653, 433114.232, 1, 
1, 1, 1, 1, 1, 1, 1, 1, 1, 1, 0.125, 0.125, 0.125, 0.125, 0.125, 
0.125, 0.125, 0.125, 0.125, 0.125, 0.125, 0, 0, 0, 0, 0, 0, 0, 
0, 0, 0, 0, 0, 0, 0, 0, 0, 0, 0, 0, 0, 0, 0, 0.27498, 0.27217, 
0.26301, 0.26328, 0.26609, 0.26271, 0.2696, 0.27529, 0.27395, 
0.26759, 0.26794, 0.276, 0.26957, 0.27295, 0.26917, 0.26296, 
0.25854, 0.26841, 0.27447, 0.27264, 0.26935, 0.272, 1.6061, 1.867, 
2.1433, 2.6343, 2.9331, 3.3017, 3.7893, 4.4396, 4.9408, 5.5654, 
8.0371, 1667.5, 1834.7, 2001.1, 2168.4, 2334.4, 2502.6, 2669.6, 
2837.2, 3003.1, 3170, 3336.5, 1, 1, 1, 1, 1, 1, 1, 1, 1, 1, 1, 
1, 1, 1, 1, 1, 1, 1, 1, 1, 1, 1, 1, 1, 1, 1, 1, 1, 1, 1, 1, 1, 
1, 1, 1, 1, 1, 1, 1, 1, 1, 1, 1, 1, 20.143, 22.835, 25.635, 31.789, 
34.722, 38.538, 43.911, 50.783, 56.074, 63.151, 90.99), .Dim = c(11L, 
40L), .Dimnames = list(NULL, c("Sampling", "PSO.cost", "PSO.gamma", 
"PSO.data.balancing", "PSO.feature.selection", "PSO.valid.acc", 
"PSO.test.acc", "PSO.train.time", "PSO.n.support.vectors", "PSO.index", 
"PSO.n.solutions", "PSO.generations", "PSO.n.evaluations", "PSO.cpu.time", 
"RS.cost", "RS.gamma", "RS.data.balancing", "RS.feature.selection", 
"RS.valid.acc", "RS.test.acc", "RS.train.time", "RS.n.support.vectors", 
"RS.index", "RS.n.solutions", "RS.generations", "RS.n.evaluations", 
"RS.cpu.time", "DF.cost", "DF.gamma", "DF.data.balancing", "DF.feature.selection", 
"DF.valid.acc", "DF.test.acc", "DF.train.time", "DF.n.support.vectors", 
"DF.index", "DF.n.solutions", "DF.generations", "DF.n.evaluations", 
"DF.cpu.time")))
