full <-
structure(c(50, 55, 60, 65, 70, 75, 80, 85, 90, 95, 100, 0.50725, 
-0.50379, -0.76427, -0.1965, 14.96848, 5.46752, 6.32703, 2.07614, 
7.48627, 5.5978, 6.42096, -0.98303, 1.24686, -0.25644, -0.53826, 
-13.90761, -4.51908, -4.93328, -2.52473, -5.86405, -4.81769, 
-5.68293, 0, 0, 0, 0, 0, 0, 0, 0, 0, 0, 0, 0, 0, 0, 0, 0, 0, 
0, 0, 0, 0, 0, 0.28549, 0.28813, 0.28089, 0.29211, 0.27373, 0.27897, 
0.27951, 0.27568, 0.28247, 0.27718, 0.28155, 0.27883, 0.2785, 
0.27218, 0.27515, 0.26553, 0.27544, 0.2684, 0.26383, 0.27105, 
0.27542, 0.27339, 1.7713, 2.5402, 2.4614, 2.7276, 4.7462, 3.717, 
4.5685, 4.5246, 5.9963, 6.2029, 7.2582, 1655.5, 1826, 1992.7, 
2156.4, 2337.1, 2500, 2667.8, 2829.4, 3002.3, 3169.6, 3334.9, 
1788, 1906, 2293, 2027, 838, 1730, 2373, 1555, 780, 1051, 2048, 
37, 7, 5, 66, 1, 13, 2, 38, 188, 49, 9, 100, 100, 100, 100, 100, 
100, 100, 100, 100, 100, 100, 2500, 2500, 2500, 2500, 2500, 2500, 
2500, 2500, 2500, 2500, 2500, 55775.45, 76614.543, 74984.936, 
87146.437, 152381.65, 118154.644, 146419.782, 140454.846, 195665.407, 
216530.963, 238655.122, 1.48367, -0.27405, 0.26684, -0.90187, 
1.59125, -0.3302, 8.02418, 3.63316, 6.39834, 3.65361, 6.46131, 
-2.13305, 1.35973, -1.154, -0.6879, -1.54696, -2.59384, -5.66105, 
-3.38049, -5.4487, -4.24114, -5.71901, 0, 0, 0, 0, 0, 0, 0, 0, 
0, 0, 0, 0, 0, 0, 0, 0, 0, 0, 0, 0, 0, 0, 0.28363, 0.28382, 0.27849, 
0.28807, 0.27538, 0.27642, 0.27711, 0.27369, 0.28034, 0.27667, 
0.28012, 0.27881, 0.27463, 0.27249, 0.27586, 0.27505, 0.2646, 
0.26871, 0.26608, 0.27104, 0.27441, 0.27291, 1.6527, 2.5939, 
2.3309, 2.7612, 3.0826, 3.4303, 5.0006, 4.9686, 5.439, 5.929, 
7.527, 1659.7, 1826.1, 1989.5, 2157.8, 2323.7, 2502.1, 2668.2, 
2831.7, 3002.5, 3170.2, 3335.1, 2432, 130, 869, 2169, 1266, 1877, 
2289, 789, 83, 2140, 541, 1, 1, 1, 1, 1, 1, 2, 1, 1, 1, 1, 100, 
100, 100, 100, 100, 100, 100, 100, 100, 100, 100, 2500, 2500, 
2500, 2500, 2500, 2500, 2500, 2500, 2500, 2500, 2500, 98217.206, 
117252.017, 133177.068, 150262.933, 192236.891, 217737.782, 247713.511, 
295361.591, 316196.044, 347331.23, 427065.246, 1, 1, 1, 1, 1, 
1, 1, 1, 1, 1, 1, 0.125, 0.125, 0.125, 0.125, 0.125, 0.125, 0.125, 
0.125, 0.125, 0.125, 0.125, 0, 0, 0, 0, 0, 0, 0, 0, 0, 0, 0, 
0, 0, 0, 0, 0, 0, 0, 0, 0, 0, 0, 0.2678, 0.26508, 0.2658, 0.26776, 
0.26097, 0.27226, 0.2732, 0.26638, 0.27209, 0.27415, 0.27006, 
0.27116, 0.259, 0.26936, 0.26847, 0.26649, 0.26939, 0.2705, 0.26382, 
0.26864, 0.27289, 0.27102, 1.6119, 1.8964, 2.2245, 2.589, 2.9574, 
3.4188, 3.9619, 4.4823, 5.1757, 5.8325, 8.1924, 1668.9, 1836, 
2002.1, 2170.6, 2338.3, 2502.9, 2670.1, 2837, 3004.7, 3171, 3336.4, 
1, 1, 1, 1, 1, 1, 1, 1, 1, 1, 1, 1, 1, 1, 1, 1, 1, 1, 1, 1, 1, 
1, 1, 1, 1, 1, 1, 1, 1, 1, 1, 1, 1, 1, 1, 1, 1, 1, 1, 1, 1, 1, 
1, 1, 20.904, 23.061, 26.45, 30.242, 34.38, 39.295, 46.039, 50.914, 
58.677, 65.681, 92.26), .Dim = c(11L, 40L), .Dimnames = list(
    NULL, c("Sampling", "PSO.cost", "PSO.gamma", "PSO.data.balancing", 
    "PSO.feature.selection", "PSO.valid.acc", "PSO.test.acc", 
    "PSO.train.time", "PSO.n.support.vectors", "PSO.index", "PSO.n.solutions", 
    "PSO.generations", "PSO.n.evaluations", "PSO.cpu.time", "RS.cost", 
    "RS.gamma", "RS.data.balancing", "RS.feature.selection", 
    "RS.valid.acc", "RS.test.acc", "RS.train.time", "RS.n.support.vectors", 
    "RS.index", "RS.n.solutions", "RS.generations", "RS.n.evaluations", 
    "RS.cpu.time", "DF.cost", "DF.gamma", "DF.data.balancing", 
    "DF.feature.selection", "DF.valid.acc", "DF.test.acc", "DF.train.time", 
    "DF.n.support.vectors", "DF.index", "DF.n.solutions", "DF.generations", 
    "DF.n.evaluations", "DF.cpu.time")))
