full <-
structure(c(50, 55, 60, 65, 70, 75, 80, 85, 90, 95, 100, 8.12659, 
7.51192, 10.14045, 6.40856, 12.86585, 6.46232, 14.87643, 5.5727, 
4.79519, 1.11204, 5.66887, -6.37085, -5.84811, -6.78236, -6.29903, 
-5.67838, -5.43095, -7.70784, -4.52906, -4.65299, -0.30994, -4.35495, 
0, 0, 0, 0, 0, 0, 0, 0, 0, 0, 0, 0, 0, 0, 0, 0, 0, 0, 0, 0, 0, 
0, 0.28795, 0.28392, 0.28897, 0.27815, 0.28525, 0.27869, 0.2876, 
0.28663, 0.28486, 0.28242, 0.28731, 0.28073, 0.2773, 0.27735, 
0.26414, 0.26882, 0.27391, 0.28401, 0.27594, 0.27343, 0.26654, 
0.28061, 1.9351, 2.2659, 3.6707, 2.8515, 20.0545, 3.8862, 32.256, 
5.0088, 5.6043, 6.7754, 10.7665, 1665.3, 1832.8, 2000.6, 2169.9, 
2318.8, 2502.8, 2662.3, 2835.9, 3001.9, 3147.7, 3333, 1324, 1428, 
1902, 1818, 1625, 1548, 1907, 2264, 2204, 2109, 654, 5, 4, 3, 
17, 4, 11, 1, 19, 1, 14, 76, 100, 100, 100, 100, 100, 100, 100, 
100, 100, 100, 100, 2500, 2500, 2500, 2500, 2500, 2500, 2500, 
2500, 2500, 2500, 2500, 63714.981, 84183.234, 103113.333, 111418.443, 
426990.743, 123238.574, 417696.705, 174633.02, 200213.755, 207763.659, 
273694.373, 8.37645, 8.03791, 8.30799, 8.06446, 12.3542, 6.0222, 
8.36997, 5.69261, 4.79852, 1.244, 5.91727, -6.51058, -6.09334, 
-6.12036, -7.21258, -5.52546, -5.1657, -6.45461, -4.66902, -4.66332, 
-0.80139, -4.36593, 0, 0, 0, 0, 0, 0, 0, 0, 0, 0, 0, 0, 0, 0, 
0, 0, 0, 0, 0, 0, 0, 0, 0.28602, 0.28215, 0.28576, 0.27558, 0.28319, 
0.27677, 0.28432, 0.28522, 0.28407, 0.28065, 0.2866, 0.28121, 
0.27775, 0.28093, 0.26414, 0.26744, 0.27136, 0.27712, 0.27678, 
0.27396, 0.27308, 0.27678, 1.9579, 2.3125, 2.8295, 3.0026, 15.0275, 
3.6964, 4.8892, 4.9211, 5.3403, 6.5026, 7.9895, 1665.5, 1832.9, 
2001.2, 2169.9, 2318.4, 2502.3, 2668.9, 2836, 3002, 3148.8, 3332.1, 
1510, 635, 2238, 482, 2193, 1840, 146, 1019, 828, 672, 1459, 
1, 1, 1, 1, 1, 1, 1, 1, 1, 1, 1, 100, 100, 100, 100, 100, 100, 
100, 100, 100, 100, 100, 2500, 2500, 2500, 2500, 2500, 2500, 
2500, 2500, 2500, 2500, 2500, 89707.015, 113422.259, 137232.093, 
161979.161, 185440.801, 209682.65, 246215.842, 270742.824, 321560.579, 
385192.691, 437063.57, 1, 1, 1, 1, 1, 1, 1, 1, 1, 1, 1, 0.125, 
0.125, 0.125, 0.125, 0.125, 0.125, 0.125, 0.125, 0.125, 0.125, 
0.125, 0, 0, 0, 0, 0, 0, 0, 0, 0, 0, 0, 0, 0, 0, 0, 0, 0, 0, 
0, 0, 0, 0, 0.27167, 0.26519, 0.27257, 0.26197, 0.27261, 0.26717, 
0.27294, 0.27483, 0.27396, 0.27212, 0.2763, 0.27259, 0.26215, 
0.26695, 0.26157, 0.27019, 0.27167, 0.27292, 0.27175, 0.27183, 
0.27312, 0.2708, 1.6114, 1.958, 2.2362, 2.6726, 3.0048, 3.5436, 
3.9011, 4.6844, 5.0788, 8.8779, 7.6794, 1668.6, 1836.2, 2003.9, 
2170.8, 2337.3, 2504.6, 2670.7, 2838.3, 3004.4, 3170.1, 3336.7, 
1, 1, 1, 1, 1, 1, 1, 1, 1, 1, 1, 1, 1, 1, 1, 1, 1, 1, 1, 1, 1, 
1, 1, 1, 1, 1, 1, 1, 1, 1, 1, 1, 1, 1, 1, 1, 1, 1, 1, 1, 1, 1, 
1, 1, 20.602, 23.896, 27.242, 32.079, 35.095, 41.421, 44.991, 
54.015, 58.107, 100.592, 87.113), .Dim = c(11L, 40L), .Dimnames = list(
    NULL, c("Sampling", "PSO.cost", "PSO.gamma", "PSO.data.balancing", 
    "PSO.feature.selection", "PSO.valid.acc", "PSO.test.acc", 
    "PSO.train.time", "PSO.n.support.vectors", "PSO.index", "PSO.n.solutions", 
    "PSO.generations", "PSO.n.evaluations", "PSO.cpu.time", "RS.cost", 
    "RS.gamma", "RS.data.balancing", "RS.feature.selection", 
    "RS.valid.acc", "RS.test.acc", "RS.train.time", "RS.n.support.vectors", 
    "RS.index", "RS.n.solutions", "RS.generations", "RS.n.evaluations", 
    "RS.cpu.time", "DF.cost", "DF.gamma", "DF.data.balancing", 
    "DF.feature.selection", "DF.valid.acc", "DF.test.acc", "DF.train.time", 
    "DF.n.support.vectors", "DF.index", "DF.n.solutions", "DF.generations", 
    "DF.n.evaluations", "DF.cpu.time")))
