full <-
structure(c(50, 55, 60, 65, 70, 75, 80, 85, 90, 95, 100, 12.62704, 
15, 10.96173, 0.90646, 3.57133, 7.65637, 5.76515, 1.00602, 8.40981, 
3.99952, 5.58731, -6.55269, -7.97412, -7.2862, -4.75432, -5.00943, 
-6.22491, -5.78834, -3.46791, -5.63272, -3.6797, -4.22708, 0, 
0, 0, 0, 0, 0, 0, 0, 0, 0, 0, 0, 0, 0, 0, 0, 0, 0, 0, 0, 0, 0, 
0.2932, 0.28901, 0.29096, 0.28214, 0.28141, 0.27389, 0.27315, 
0.27655, 0.27478, 0.28694, 0.2844, 0.28173, 0.2803, 0.28339, 
0.27632, 0.2756, 0.26241, 0.2717, 0.26839, 0.26973, 0.27584, 
0.27554, 6.1912, 15.0998, 3.8927, 2.5758, 3.0084, 4.0888, 4.2617, 
4.2697, 6.6984, 6.0536, 8.2091, 1651.2, 1822.2, 1996.1, 2171.5, 
2336.8, 2500.7, 2669, 2834.6, 2995.1, 3164.2, 3331.9, 1551, 1041, 
1232, 1313, 1147, 1943, 1022, 1854, 1421, 1740, 1461, 1, 1, 2, 
73, 37, 11, 23, 35, 7, 21, 2, 100, 100, 100, 100, 100, 100, 100, 
100, 100, 100, 100, 2500, 2500, 2500, 2500, 2500, 2500, 2500, 
2500, 2500, 2500, 2500, 164736.007, 274842.99, 147637.034, 81005.4709999999, 
94278.8640000001, 166633.168, 224961.936, 131588.813, 228727.456, 
172973.379, 261560.674, 13.9863, 11.21362, 11.81219, 1.45325, 
3.6207, 14.92488, 14.80988, 0.72597, 14.96306, 4.06795, 6.44465, 
-7.1507, -6.18378, -7.58132, -4.67437, -5.10298, -8.20858, -11.4531, 
-3.34577, -9.57636, -3.70163, -5.05076, 0, 0, 0, 0, 0, 0, 0, 
0, 0, 0, 0, 0, 0, 0, 0, 0, 0, 0, 0, 0, 0, 0, 0.29035, 0.2864, 
0.28896, 0.27999, 0.28038, 0.27261, 0.27317, 0.27515, 0.27397, 
0.28619, 0.28178, 0.27692, 0.28075, 0.28099, 0.27264, 0.27732, 
0.26561, 0.26567, 0.26784, 0.27077, 0.27559, 0.2758, 9.9655, 
4.5914, 4.6504, 2.6149, 2.9979, 22.9452, 7.6961, 4.6611, 18.2901, 
6.1155, 8.2499, 1649.9, 1822, 1995.1, 2171, 2336.7, 2495.2, 2668.7, 
2834.8, 2998.2, 3164.3, 3333.3, 1101, 946, 314, 2366, 680, 1547, 
1676, 1788, 1898, 1458, 1379, 1, 1, 1, 1, 1, 1, 1, 1, 1, 1, 1, 
100, 100, 100, 100, 100, 100, 100, 100, 100, 100, 100, 2500, 
2500, 2500, 2500, 2500, 2500, 2500, 2500, 2500, 2500, 2500, 87725.306, 
108019.029, 134312.968, 157922.275, 183332.444, 214669.486, 238132.526, 
276583.277, 297034.172, 379649.876, 419790.528, 1, 1, 1, 1, 1, 
1, 1, 1, 1, 1, 1, 0.125, 0.125, 0.125, 0.125, 0.125, 0.125, 0.125, 
0.125, 0.125, 0.125, 0.125, 0, 0, 0, 0, 0, 0, 0, 0, 0, 0, 0, 
0, 0, 0, 0, 0, 0, 0, 0, 0, 0, 0, 0.27832, 0.27073, 0.2674, 0.2719, 
0.26634, 0.2637, 0.26267, 0.2726, 0.26837, 0.27638, 0.27409, 
0.27403, 0.27598, 0.27298, 0.27746, 0.27216, 0.26367, 0.26809, 
0.26501, 0.26546, 0.27209, 0.27503, 1.6087, 1.8263, 2.1876, 2.4948, 
3.022, 3.483, 4.0262, 4.6721, 5.0661, 6.8507, 7.0907, 1669, 1836.6, 
2001.9, 2169.6, 2336, 2503.4, 2668.2, 2834.4, 3000.8, 3170.2, 
3335.2, 1, 1, 1, 1, 1, 1, 1, 1, 1, 1, 1, 1, 1, 1, 1, 1, 1, 1, 
1, 1, 1, 1, 1, 1, 1, 1, 1, 1, 1, 1, 1, 1, 1, 1, 1, 1, 1, 1, 1, 
1, 1, 1, 1, 1, 20.307, 22.331, 26.312, 29.518, 35.343, 40.273, 
46.34, 53.728, 57.555, 77.531, 80.152), .Dim = c(11L, 40L), .Dimnames = list(
    NULL, c("Sampling", "PSO.cost", "PSO.gamma", "PSO.data.balancing", 
    "PSO.feature.selection", "PSO.valid.acc", "PSO.test.acc", 
    "PSO.train.time", "PSO.n.support.vectors", "PSO.index", "PSO.n.solutions", 
    "PSO.generations", "PSO.n.evaluations", "PSO.cpu.time", "RS.cost", 
    "RS.gamma", "RS.data.balancing", "RS.feature.selection", 
    "RS.valid.acc", "RS.test.acc", "RS.train.time", "RS.n.support.vectors", 
    "RS.index", "RS.n.solutions", "RS.generations", "RS.n.evaluations", 
    "RS.cpu.time", "DF.cost", "DF.gamma", "DF.data.balancing", 
    "DF.feature.selection", "DF.valid.acc", "DF.test.acc", "DF.train.time", 
    "DF.n.support.vectors", "DF.index", "DF.n.solutions", "DF.generations", 
    "DF.n.evaluations", "DF.cpu.time")))
