full <-
structure(c(50, 55, 60, 65, 70, 75, 80, 85, 90, 95, 100, 10.28989, 
0.80325, 13.61147, 6.81485, 10.65059, 9.57563, 14.97697, 5.55325, 
1.81282, 12.25511, 7.37634, -8.46428, -4.35316, -8.78738, -4.98265, 
-7.23277, -7.67191, -9.34056, -4.28289, -2.96183, -6.76166, -5.44158, 
0, 0, 0, 0, 0, 0, 0, 0, 0, 0, 0, 0, 0, 0, 0, 0, 0, 0, 0, 0, 0, 
0, 0.29316, 0.28466, 0.28368, 0.28849, 0.28208, 0.28222, 0.28189, 
0.28193, 0.27713, 0.2814, 0.28533, 0.27924, 0.28064, 0.27369, 
0.27669, 0.27631, 0.27994, 0.27596, 0.27568, 0.27287, 0.2761, 
0.28321, 2.0419, 1.8822, 6.5629, 2.9958, 5.055, 4.4145, 15.9221, 
5.0129, 5.3805, 18.0508, 8.6475, 1666.4, 1834.8, 1997.6, 2163.4, 
2333.8, 2503.1, 2668, 2831.5, 3000.2, 3164.6, 3334.3, 2386, 1230, 
2150, 1858, 1338, 906, 2203, 1667, 806, 1362, 1385, 1, 64, 1, 
2, 14, 2, 3, 5, 28, 2, 11, 100, 100, 100, 100, 100, 100, 100, 
100, 100, 100, 100, 2500, 2500, 2500, 2500, 2500, 2500, 2500, 
2500, 2500, 2500, 2500, 67867.1, 68626.129, 149770.879, 95464.5669999999, 
153001.342, 153069.34, 293827.592, 163819.461, 162172.417, 716764.856, 
300371.243, 10.41684, 0.77426, 14.19878, 6.27207, 8.72922, 9.84798, 
14.54608, 5.84473, 1.82012, 9.13352, 7.04239, -8.54447, -4.36678, 
-8.99021, -4.87418, -6.77872, -7.7496, -9.2581, -4.36296, -3.81937, 
-5.18431, -5.48889, 0, 0, 0, 0, 0, 0, 0, 0, 0, 0, 0, 0, 0, 0, 
0, 0, 0, 0, 0, 0, 0, 0, 0.29123, 0.28379, 0.28208, 0.28516, 0.28036, 
0.28221, 0.28038, 0.27827, 0.2766, 0.28116, 0.28342, 0.28067, 
0.27889, 0.27409, 0.27745, 0.27323, 0.28185, 0.27325, 0.27371, 
0.27023, 0.27561, 0.28082, 2.1001, 1.8986, 7.9251, 2.8572, 3.8156, 
4.4642, 13.5492, 5.0644, 5.2258, 10.4557, 9.0481, 1666.4, 1834.9, 
1997.5, 2164.3, 2335.3, 2503.1, 2668, 2831.3, 3003.6, 3163.5, 
3334.7, 1434, 1180, 1486, 39, 2142, 1323, 2251, 1316, 280, 523, 
1088, 1, 1, 1, 1, 1, 1, 1, 1, 1, 1, 3, 100, 100, 100, 100, 100, 
100, 100, 100, 100, 100, 100, 2500, 2500, 2500, 2500, 2500, 2500, 
2500, 2500, 2500, 2500, 2500, 95339.88, 119111.056, 132344.62, 
144686.147, 186840.815, 215763.629, 244158.152, 285110.654, 312364.378, 
380560.038, 438726.92, 1, 1, 1, 1, 1, 1, 1, 1, 1, 1, 1, 0.125, 
0.125, 0.125, 0.125, 0.125, 0.125, 0.125, 0.125, 0.125, 0.125, 
0.125, 0, 0, 0, 0, 0, 0, 0, 0, 0, 0, 0, 0, 0, 0, 0, 0, 0, 0, 
0, 0, 0, 0, 0.28069, 0.27937, 0.27604, 0.27528, 0.26979, 0.27163, 
0.26847, 0.27234, 0.27342, 0.27238, 0.27242, 0.27688, 0.27591, 
0.27601, 0.2752, 0.26948, 0.27132, 0.27091, 0.2712, 0.27263, 
0.27669, 0.27456, 1.6024, 1.9242, 2.1802, 2.5753, 3.0209, 3.3698, 
3.9378, 4.7621, 5.232, 7.3588, 7.439, 1668.2, 1833.7, 2001.5, 
2168, 2335.4, 2502.3, 2667.7, 2837, 3003.9, 3170.7, 3336.9, 1, 
1, 1, 1, 1, 1, 1, 1, 1, 1, 1, 1, 1, 1, 1, 1, 1, 1, 1, 1, 1, 1, 
1, 1, 1, 1, 1, 1, 1, 1, 1, 1, 1, 1, 1, 1, 1, 1, 1, 1, 1, 1, 1, 
1, 20.606, 23.988, 26.018, 30.507, 35.457, 38.924, 45.223, 54.448, 
59.559, 83.897, 84.022), .Dim = c(11L, 40L), .Dimnames = list(
    NULL, c("Sampling", "PSO.cost", "PSO.gamma", "PSO.data.balancing", 
    "PSO.feature.selection", "PSO.valid.acc", "PSO.test.acc", 
    "PSO.train.time", "PSO.n.support.vectors", "PSO.index", "PSO.n.solutions", 
    "PSO.generations", "PSO.n.evaluations", "PSO.cpu.time", "RS.cost", 
    "RS.gamma", "RS.data.balancing", "RS.feature.selection", 
    "RS.valid.acc", "RS.test.acc", "RS.train.time", "RS.n.support.vectors", 
    "RS.index", "RS.n.solutions", "RS.generations", "RS.n.evaluations", 
    "RS.cpu.time", "DF.cost", "DF.gamma", "DF.data.balancing", 
    "DF.feature.selection", "DF.valid.acc", "DF.test.acc", "DF.train.time", 
    "DF.n.support.vectors", "DF.index", "DF.n.solutions", "DF.generations", 
    "DF.n.evaluations", "DF.cpu.time")))
