full <-
structure(c(50, 55, 60, 65, 70, 75, 80, 85, 90, 95, 100, 12.17054, 
1.37734, 9.8199, -0.35874, 3.74416, 13.46197, 15, 0.76343, 0.84026, 
2.18346, 0.81012, -5.96991, -3.57593, -8.89061, -2.91461, -4.82216, 
-9.65971, -9.47351, -1.41226, -0.85233, -3.1633, -0.67989, 0, 
0, 0, 0, 0, 0, 0, 0, 0, 0, 0, 0, 0, 0, 0, 0, 0, 0, 0, 0, 0, 0, 
0.27695, 0.27948, 0.27449, 0.28343, 0.28345, 0.27519, 0.27553, 
0.27231, 0.28139, 0.28492, 0.28087, 0.26113, 0.2751, 0.26766, 
0.27226, 0.27288, 0.2685, 0.2654, 0.26074, 0.27052, 0.27914, 
0.27705, 6.5473, 1.9499, 2.713, 2.6855, 3.1776, 7.0374, 15.2674, 
4.8791, 5.4521, 5.6379, 8.6343, 1649.7, 1834.4, 2003.3, 2170.8, 
2335.3, 2503.4, 2668.7, 2825.1, 2987.9, 3167, 3314.1, 2203, 1108, 
843, 917, 1951, 1448, 2492, 467, 1253, 1349, 2490, 1, 89, 2, 
72, 7, 1, 1, 15, 36, 50, 13, 100, 100, 100, 100, 100, 100, 100, 
100, 100, 100, 100, 2500, 2500, 2500, 2500, 2500, 2500, 2500, 
2500, 2500, 2500, 2500, 162193.247, 71466.213, 93950.879, 86504.537, 
98810.334, 195509.493, 322865.903, 239341.159, 165932.521, 203388.961, 
399258.348, 14.00825, 0.51115, 10.36543, -0.30722, 4.15902, 13.44725, 
10.25573, 0.08017, 0.90228, 2.36265, 0.82028, -9.70574, -2.72978, 
-9.2684, -2.95974, -4.99242, -9.66723, -7.21816, -0.90801, -0.94554, 
-3.42432, -0.70949, 0, 0, 0, 0, 0, 0, 0, 0, 0, 0, 0, 0, 0, 0, 
0, 0, 0, 0, 0, 0, 0, 0, 0.27454, 0.27681, 0.27289, 0.28306, 0.28174, 
0.27486, 0.27314, 0.27145, 0.27739, 0.28315, 0.28015, 0.26443, 
0.26986, 0.26726, 0.27189, 0.2739, 0.2701, 0.26688, 0.25847, 
0.26946, 0.27738, 0.27753, 3.7989, 1.8909, 2.6793, 2.666, 3.2187, 
7.0328, 5.9661, 4.7933, 5.4074, 6.3705, 8.8869, 1662.5, 1830.7, 
2003.5, 2170.8, 2335.1, 2503.4, 2669.2, 2822.4, 2987.8, 3168.1, 
3314.2, 2011, 1757, 132, 572, 535, 403, 804, 603, 270, 1916, 
289, 1, 1, 1, 1, 2, 1, 1, 1, 1, 3, 1, 100, 100, 100, 100, 100, 
100, 100, 100, 100, 100, 100, 2500, 2500, 2500, 2500, 2500, 2500, 
2500, 2500, 2500, 2500, 2500, 94344.443, 111148.607, 134249.671, 
162062.557, 181918.062, 205206.15, 252904.687, 273627.439, 315448.488, 
359615.673, 441163.214, 1, 1, 1, 1, 1, 1, 1, 1, 1, 1, 1, 0.125, 
0.125, 0.125, 0.125, 0.125, 0.125, 0.125, 0.125, 0.125, 0.125, 
0.125, 0, 0, 0, 0, 0, 0, 0, 0, 0, 0, 0, 0, 0, 0, 0, 0, 0, 0, 
0, 0, 0, 0, 0.2678, 0.26989, 0.2624, 0.28231, 0.27187, 0.26724, 
0.26326, 0.26412, 0.26862, 0.27153, 0.27317, 0.27604, 0.27774, 
0.26482, 0.27117, 0.27462, 0.27075, 0.26265, 0.26496, 0.27662, 
0.27913, 0.27031, 1.6421, 1.9637, 2.2731, 2.6595, 2.9725, 3.5792, 
3.9973, 4.5504, 5.0484, 6.6223, 6.9166, 1667.1, 1834.4, 2003.5, 
2170.7, 2335.7, 2505.1, 2670.4, 2837.2, 3004.8, 3169.2, 3337.2, 
1, 1, 1, 1, 1, 1, 1, 1, 1, 1, 1, 1, 1, 1, 1, 1, 1, 1, 1, 1, 1, 
1, 1, 1, 1, 1, 1, 1, 1, 1, 1, 1, 1, 1, 1, 1, 1, 1, 1, 1, 1, 1, 
1, 1, 21.258, 24.546, 27.87, 31.978, 35.177, 42.053, 46.626, 
52.809, 57.161, 74.895, 77.757), .Dim = c(11L, 40L), .Dimnames = list(
    NULL, c("Sampling", "PSO.cost", "PSO.gamma", "PSO.data.balancing", 
    "PSO.feature.selection", "PSO.valid.acc", "PSO.test.acc", 
    "PSO.train.time", "PSO.n.support.vectors", "PSO.index", "PSO.n.solutions", 
    "PSO.generations", "PSO.n.evaluations", "PSO.cpu.time", "RS.cost", 
    "RS.gamma", "RS.data.balancing", "RS.feature.selection", 
    "RS.valid.acc", "RS.test.acc", "RS.train.time", "RS.n.support.vectors", 
    "RS.index", "RS.n.solutions", "RS.generations", "RS.n.evaluations", 
    "RS.cpu.time", "DF.cost", "DF.gamma", "DF.data.balancing", 
    "DF.feature.selection", "DF.valid.acc", "DF.test.acc", "DF.train.time", 
    "DF.n.support.vectors", "DF.index", "DF.n.solutions", "DF.generations", 
    "DF.n.evaluations", "DF.cpu.time")))
