full <-
structure(c(50, 55, 60, 65, 70, 75, 80, 85, 90, 95, 100, 3.10389, 
2.54551, 13.24666, 3.66612, 10.48676, 9.64225, 3.78355, 13.89061, 
1.17811, 3.77203, 1.27086, -2.13657, -1.99513, -6.68515, -2.03563, 
-7.24769, -4.75707, -3.54679, -6.40551, -0.98294, -4.41138, -2.91518, 
0, 0, 0, 0, 0, 0, 0, 0, 0, 0, 0, 0, 0, 0, 0, 0, 0, 0, 0, 0, 0, 
0, 0.28464, 0.28166, 0.2805, 0.28147, 0.2781, 0.28537, 0.27825, 
0.27936, 0.27662, 0.28193, 0.28149, 0.28073, 0.27207, 0.27176, 
0.26637, 0.27161, 0.28187, 0.26991, 0.26472, 0.27, 0.27536, 0.27215, 
1.7078, 1.9895, 12.698, 2.802, 5.0049, 7.2504, 4.0881, 36.1642, 
5.2805, 7.2864, 9.6416, 1657.2, 1826.3, 1987.6, 2151.5, 2327.7, 
2479.1, 2658.8, 2816.8, 2979.4, 3168.6, 3332.6, 866, 1305, 2495, 
1582, 1353, 2460, 2106, 1414, 1712, 1695, 507, 26, 38, 2, 1, 
2, 1, 6, 5, 10, 22, 21, 100, 100, 100, 100, 100, 100, 100, 100, 
100, 100, 100, 2500, 2500, 2500, 2500, 2500, 2500, 2500, 2500, 
2500, 2500, 2500, 85159.827, 69301.746, 283093.055, 100696.283, 
139183.253, 246815.06, 147866.983, 662048.185, 160844.108, 249669.984, 
489675.434, 4.22992, 2.55109, 12.72946, 2.24874, 0.97806, 9.1387, 
2.4641, 0.10925, 1.72819, 2.38484, 1.32685, -2.36968, -1.77225, 
-6.4489, -1.32881, -0.98102, -4.53157, -2.70038, -0.3426, -1.23912, 
-3.20318, -2.96499, 0, 0, 0, 0, 0, 0, 0, 0, 0, 0, 0, 0, 0, 0, 
0, 0, 0, 0, 0, 0, 0, 0, 0.28087, 0.27861, 0.27811, 0.27814, 0.28048, 
0.28379, 0.27526, 0.27882, 0.27555, 0.2799, 0.2803, 0.27356, 
0.27296, 0.27454, 0.26967, 0.27539, 0.28283, 0.26991, 0.27209, 
0.27026, 0.2799, 0.27239, 1.8131, 2.0148, 10.6901, 2.8894, 3.1226, 
6.5473, 4.0249, 4.8956, 5.4271, 9.3932, 8.1447, 1656.8, 1824.4, 
1986.6, 2150.1, 2314.8, 2479.9, 2654.3, 2808.8, 2980.9, 3166.9, 
3332.8, 354, 2468, 1755, 2483, 2091, 1617, 1492, 1410, 1443, 
1971, 1954, 1, 1, 1, 1, 1, 1, 2, 1, 1, 1, 1, 100, 100, 100, 100, 
100, 100, 100, 100, 100, 100, 100, 2500, 2500, 2500, 2500, 2500, 
2500, 2500, 2500, 2500, 2500, 2500, 102724.586, 113296.009, 135706.369, 
170432.978, 194077.514, 219327.776, 257657.889, 280395.622, 339566.824, 
443698.674, 462467.333000001, 1, 1, 1, 1, 1, 1, 1, 1, 1, 1, 1, 
0.125, 0.125, 0.125, 0.125, 0.125, 0.125, 0.125, 0.125, 0.125, 
0.125, 0.125, 0, 0, 0, 0, 0, 0, 0, 0, 0, 0, 0, 0, 0, 0, 0, 0, 
0, 0, 0, 0, 0, 0, 0.26269, 0.26037, 0.26622, 0.26445, 0.26614, 
0.27031, 0.26751, 0.2659, 0.26839, 0.27084, 0.27071, 0.25922, 
0.25774, 0.26902, 0.26375, 0.26511, 0.26842, 0.27079, 0.2659, 
0.27077, 0.27109, 0.26975, 1.5874, 1.8949, 2.2443, 2.6865, 2.9473, 
3.4646, 4.1269, 4.4273, 5.7778, 8.0595, 6.8062, 1666, 1835.3, 
2000.6, 2166.7, 2331.6, 2499.7, 2667, 2835.3, 3000.4, 3169.8, 
3335.7, 1, 1, 1, 1, 1, 1, 1, 1, 1, 1, 1, 1, 1, 1, 1, 1, 1, 1, 
1, 1, 1, 1, 1, 1, 1, 1, 1, 1, 1, 1, 1, 1, 1, 1, 1, 1, 1, 1, 1, 
1, 1, 1, 1, 1, 19.901, 23.677, 26.919, 32.183, 34.626, 40.014, 
47.494, 51.178, 66.173, 91.79, 76.785), .Dim = c(11L, 40L), .Dimnames = list(
    NULL, c("Sampling", "PSO.cost", "PSO.gamma", "PSO.data.balancing", 
    "PSO.feature.selection", "PSO.valid.acc", "PSO.test.acc", 
    "PSO.train.time", "PSO.n.support.vectors", "PSO.index", "PSO.n.solutions", 
    "PSO.generations", "PSO.n.evaluations", "PSO.cpu.time", "RS.cost", 
    "RS.gamma", "RS.data.balancing", "RS.feature.selection", 
    "RS.valid.acc", "RS.test.acc", "RS.train.time", "RS.n.support.vectors", 
    "RS.index", "RS.n.solutions", "RS.generations", "RS.n.evaluations", 
    "RS.cpu.time", "DF.cost", "DF.gamma", "DF.data.balancing", 
    "DF.feature.selection", "DF.valid.acc", "DF.test.acc", "DF.train.time", 
    "DF.n.support.vectors", "DF.index", "DF.n.solutions", "DF.generations", 
    "DF.n.evaluations", "DF.cpu.time")))
