full <-
structure(c(50, 55, 60, 65, 70, 75, 80, 85, 90, 95, 100, 5.72803, 
3.15109, 14.59152, 1.84598, 0.55056, 1.94366, 6.18125, 2.6682, 
3.55041, 3.24703, 11.67051, -5.18518, -3.22537, -8.66352, -1.96072, 
-2.21742, -1.20379, -3.39978, -3.78373, -4.14011, -3.11205, -8.03408, 
0, 0, 0, 0, 0, 0, 0, 0, 0, 0, 0, 0, 0, 0, 0, 0, 0, 0, 0, 0, 0, 
0, 0.28738, 0.27997, 0.28047, 0.27336, 0.28293, 0.28115, 0.27978, 
0.28218, 0.27661, 0.28114, 0.2825, 0.27584, 0.26082, 0.26411, 
0.26306, 0.2755, 0.26996, 0.27136, 0.27738, 0.27156, 0.27183, 
0.27146, 1.7373, 1.9126, 10.858, 2.743, 3.2339, 3.6678, 4.8532, 
4.4414, 5.2007, 5.8382, 11.409, 1661.1, 1824.8, 1993.6, 2160, 
2331.1, 2484.4, 2657.4, 2836.3, 3001.8, 3165.4, 3335.3, 1516, 
1590, 1797, 1659, 1667, 1172, 1603, 1957, 1421, 2018, 1771, 33, 
2, 1, 32, 8, 131, 9, 2, 38, 7, 1, 100, 100, 100, 100, 100, 100, 
100, 100, 100, 100, 100, 2500, 2500, 2500, 2500, 2500, 2500, 
2500, 2500, 2500, 2500, 2500, 61580.326, 64062.208, 259030.052, 
113126.221, 98242.1089999999, 111979.634, 190838.321, 183586.202, 
180318.277, 171061.044, 353506.943, 6.23359, 2.8203, 12.88142, 
1.88185, 6.65712, 1.4021, 4.28421, 2.61535, 3.86588, 2.09721, 
11.77437, -5.65485, -2.88771, -7.81622, -1.97124, -6.5871, -1.07814, 
-2.49435, -3.66758, -4.25259, -2.94832, -8.05824, 0, 0, 0, 0, 
0, 0, 0, 0, 0, 0, 0, 0, 0, 0, 0, 0, 0, 0, 0, 0, 0, 0, 0.28355, 
0.27693, 0.27689, 0.27079, 0.28044, 0.2786, 0.27739, 0.27963, 
0.27555, 0.28039, 0.28154, 0.27631, 0.2608, 0.26414, 0.26343, 
0.26914, 0.27412, 0.27257, 0.27682, 0.27077, 0.27484, 0.27123, 
1.7539, 1.9875, 6.7553, 2.666, 3.3468, 3.5483, 4.4976, 4.6462, 
5.4169, 5.6372, 11.9443, 1662.7, 1825.5, 1991.9, 2159.8, 2336.9, 
2485.7, 2655.4, 2835.1, 3002.5, 3167.4, 3335.3, 2495, 2277, 1642, 
1026, 359, 1134, 530, 276, 892, 1361, 1099, 1, 1, 1, 1, 1, 1, 
1, 1, 1, 1, 1, 100, 100, 100, 100, 100, 100, 100, 100, 100, 100, 
100, 2500, 2500, 2500, 2500, 2500, 2500, 2500, 2500, 2500, 2500, 
2500, 101135.109, 115057.14, 125928.311, 164378.46, 186720.525, 
207740.332, 244338.22, 285610.512, 327150.295, 344021.319, 406362.273, 
1, 1, 1, 1, 1, 1, 1, 1, 1, 1, 1, 0.125, 0.125, 0.125, 0.125, 
0.125, 0.125, 0.125, 0.125, 0.125, 0.125, 0.125, 0, 0, 0, 0, 
0, 0, 0, 0, 0, 0, 0, 0, 0, 0, 0, 0, 0, 0, 0, 0, 0, 0, 0.27682, 
0.26863, 0.25694, 0.26083, 0.26855, 0.27318, 0.2648, 0.27258, 
0.27154, 0.27284, 0.27554, 0.27587, 0.25951, 0.26408, 0.26121, 
0.26791, 0.27288, 0.27317, 0.27089, 0.27207, 0.27537, 0.27196, 
1.6128, 1.9192, 2.1637, 2.6763, 3.0486, 3.4263, 4.0234, 4.5516, 
5.1718, 5.7879, 7.7546, 1664.3, 1831.2, 1999.9, 2167.7, 2334.9, 
2502.2, 2670.5, 2836.8, 3004.2, 3171.1, 3336.6, 1, 1, 1, 1, 1, 
1, 1, 1, 1, 1, 1, 1, 1, 1, 1, 1, 1, 1, 1, 1, 1, 1, 1, 1, 1, 1, 
1, 1, 1, 1, 1, 1, 1, 1, 1, 1, 1, 1, 1, 1, 1, 1, 1, 1, 20.059, 
23.012, 25.563, 31.499, 35.34, 39.254, 45.872, 52.061, 58.675, 
65.307, 87.555), .Dim = c(11L, 40L), .Dimnames = list(NULL, c("Sampling", 
"PSO.cost", "PSO.gamma", "PSO.data.balancing", "PSO.feature.selection", 
"PSO.valid.acc", "PSO.test.acc", "PSO.train.time", "PSO.n.support.vectors", 
"PSO.index", "PSO.n.solutions", "PSO.generations", "PSO.n.evaluations", 
"PSO.cpu.time", "RS.cost", "RS.gamma", "RS.data.balancing", "RS.feature.selection", 
"RS.valid.acc", "RS.test.acc", "RS.train.time", "RS.n.support.vectors", 
"RS.index", "RS.n.solutions", "RS.generations", "RS.n.evaluations", 
"RS.cpu.time", "DF.cost", "DF.gamma", "DF.data.balancing", "DF.feature.selection", 
"DF.valid.acc", "DF.test.acc", "DF.train.time", "DF.n.support.vectors", 
"DF.index", "DF.n.solutions", "DF.generations", "DF.n.evaluations", 
"DF.cpu.time")))
