full <-
structure(c(50, 55, 60, 65, 70, 75, 80, 85, 90, 95, 100, 9.2342, 
3.98395, 5.84584, 1.81726, 0.02507, 6.46716, 8.32146, 14.45901, 
1.19955, 13.85165, 14.96611, -7.49347, -3.53166, -4.52776, -3.86255, 
-0.64746, -4.6729, -6.77105, -8.74002, -0.96742, -8.54009, -7.96444, 
0, 0, 0, 0, 0, 0, 0, 0, 0, 0, 0, 0, 0, 0, 0, 0, 0, 0, 0, 0, 0, 
0, 0.26725, 0.28099, 0.28294, 0.2744, 0.28692, 0.28848, 0.28257, 
0.28133, 0.28137, 0.28374, 0.2835, 0.25961, 0.26748, 0.27411, 
0.27143, 0.28352, 0.28338, 0.27504, 0.27122, 0.27308, 0.27543, 
0.27702, 2.0298, 2.0076, 2.487, 2.6297, 3.2876, 4.0393, 4.6987, 
19.0254, 5.5585, 18.2499, 46.761, 1665.2, 1830.6, 1998.8, 2169.3, 
2323.7, 2501.4, 2670.1, 2836, 2983.8, 3167.5, 3329.4, 1383, 1314, 
1237, 1678, 419, 2060, 1666, 2321, 2163, 586, 2290, 3, 2, 20, 
13, 273, 1, 44, 1, 1, 1, 1, 100, 100, 100, 100, 100, 100, 100, 
100, 100, 100, 100, 2500, 2500, 2500, 2500, 2500, 2500, 2500, 
2500, 2500, 2500, 2500, 87837.132, 66847.477, 89713.66, 80733.3650000001, 
98553.3289999999, 131513.188, 136339.518, 421946.066, 168322.489, 
477997.529, 930309.96, 2.45407, 2.3929, 1.21232, -1.56662, 0.096, 
6.46756, 8.26474, 2.79272, 1.40786, 13.29997, 14.47823, -3.45791, 
-2.80458, -0.93021, -0.93979, -0.59666, -4.65261, -6.76884, -2.60018, 
-1.00884, -8.36748, -7.78676, 0, 0, 0, 0, 0, 0, 0, 0, 0, 0, 0, 
0, 0, 0, 0, 0, 0, 0, 0, 0, 0, 0, 0.26534, 0.27876, 0.28086, 0.2722, 
0.28417, 0.28753, 0.28138, 0.28105, 0.27977, 0.28146, 0.28037, 
0.25339, 0.26921, 0.27403, 0.26296, 0.28283, 0.28306, 0.27475, 
0.27655, 0.27415, 0.27594, 0.27751, 1.622, 1.869, 2.4063, 2.7955, 
3.2957, 4.0792, 4.6765, 4.5998, 5.3331, 16.2508, 37.8867, 1667.2, 
1830.1, 1987.7, 2167.8, 2323.3, 2501.4, 2670.1, 2831.1, 2983.5, 
3168, 3330.3, 1606, 375, 1669, 1629, 7, 1168, 198, 1869, 2368, 
915, 845, 1, 1, 1, 1, 1, 1, 1, 1, 1, 1, 1, 100, 100, 100, 100, 
100, 100, 100, 100, 100, 100, 100, 2500, 2500, 2500, 2500, 2500, 
2500, 2500, 2500, 2500, 2500, 2500, 95317.913, 119050.518, 134381.18, 
159357.97, 176835.796, 215512.201, 256843.42, 272771.299, 316393.62, 
354091.843, 410187.944, 1, 1, 1, 1, 1, 1, 1, 1, 1, 1, 1, 0.125, 
0.125, 0.125, 0.125, 0.125, 0.125, 0.125, 0.125, 0.125, 0.125, 
0.125, 0, 0, 0, 0, 0, 0, 0, 0, 0, 0, 0, 0, 0, 0, 0, 0, 0, 0, 
0, 0, 0, 0, 0.25666, 0.26179, 0.26465, 0.26667, 0.26739, 0.277, 
0.27142, 0.26864, 0.27232, 0.27218, 0.27317, 0.25722, 0.2692, 
0.26861, 0.27032, 0.27491, 0.27576, 0.27376, 0.27005, 0.27123, 
0.27546, 0.27247, 1.5997, 1.8761, 2.2287, 2.6419, 3.0669, 3.5379, 
3.9506, 4.4902, 5.0429, 5.7227, 7.4438, 1668.5, 1833.4, 2002.4, 
2169.2, 2334.9, 2503.4, 2670.7, 2837.8, 3004.8, 3169.8, 3336.5, 
1, 1, 1, 1, 1, 1, 1, 1, 1, 1, 1, 1, 1, 1, 1, 1, 1, 1, 1, 1, 1, 
1, 1, 1, 1, 1, 1, 1, 1, 1, 1, 1, 1, 1, 1, 1, 1, 1, 1, 1, 1, 1, 
1, 1, 20.593, 23.043, 26.736, 31.26, 36.198, 40.847, 45.318, 
51.486, 57.729, 64.752, 84.434), .Dim = c(11L, 40L), .Dimnames = list(
    NULL, c("Sampling", "PSO.cost", "PSO.gamma", "PSO.data.balancing", 
    "PSO.feature.selection", "PSO.valid.acc", "PSO.test.acc", 
    "PSO.train.time", "PSO.n.support.vectors", "PSO.index", "PSO.n.solutions", 
    "PSO.generations", "PSO.n.evaluations", "PSO.cpu.time", "RS.cost", 
    "RS.gamma", "RS.data.balancing", "RS.feature.selection", 
    "RS.valid.acc", "RS.test.acc", "RS.train.time", "RS.n.support.vectors", 
    "RS.index", "RS.n.solutions", "RS.generations", "RS.n.evaluations", 
    "RS.cpu.time", "DF.cost", "DF.gamma", "DF.data.balancing", 
    "DF.feature.selection", "DF.valid.acc", "DF.test.acc", "DF.train.time", 
    "DF.n.support.vectors", "DF.index", "DF.n.solutions", "DF.generations", 
    "DF.n.evaluations", "DF.cpu.time")))
