full <-
structure(c(50, 55, 60, 65, 70, 75, 80, 85, 90, 95, 100, 7.60641, 
12.45103, 15, 2.91804, 0.56318, 11.57071, 6.57757, 15, 1.35702, 
6.48229, 3.31883, -6.38325, -8.88198, -8.2775, -3.66992, -2.39233, 
-6.42841, -5.00228, -8.2436, -1.72221, -4.61134, -3.42185, 0, 
0, 0, 0, 0, 0, 0, 0, 0, 0, 0, 0, 0, 0, 0, 0, 0, 0, 0, 0, 0, 0, 
0.27983, 0.27768, 0.2818, 0.28598, 0.2829, 0.28379, 0.28673, 
0.28211, 0.28113, 0.27889, 0.28295, 0.27117, 0.26076, 0.27218, 
0.2778, 0.27909, 0.28126, 0.27087, 0.27114, 0.27526, 0.27512, 
0.27262, 1.879, 3.6232, 15.9044, 2.6811, 2.9726, 9.1024, 4.3647, 
27.9794, 5.2066, 6.8562, 8.8302, 1663.9, 1831.5, 1994.2, 2165.1, 
2331.8, 2495, 2665.4, 2826.7, 2988.2, 3162.6, 3331.8, 2312, 2480, 
426, 1152, 880, 1680, 2495, 857, 2277, 2223, 1705, 1, 1, 2, 72, 
31, 2, 1, 3, 18, 1, 29, 100, 100, 100, 100, 100, 100, 100, 100, 
100, 100, 100, 2500, 2500, 2500, 2500, 2500, 2500, 2500, 2500, 
2500, 2500, 2500, 96337.693, 111233.723, 175072.411, 138337.445, 
130983.886, 263524.351, 195459.304, 460123.979, 200405.619, 228145.672, 
250330.649, 8.23081, 14.42752, 9.65614, 2.67425, 2.03084, 11.31725, 
10.38923, 5.4068, 1.05737, 6.65704, 3.87846, -6.82522, -9.4118, 
-6.5233, -3.57266, -2.98771, -6.33605, -6.73228, -4.22374, -1.60684, 
-4.65691, -3.87728, 0, 0, 0, 0, 0, 0, 0, 0, 0, 0, 0, 0, 0, 0, 
0, 0, 0, 0, 0, 0, 0, 0, 0.27836, 0.27682, 0.28061, 0.28487, 0.28119, 
0.28283, 0.28403, 0.28043, 0.27953, 0.27814, 0.2827, 0.2731, 
0.2599, 0.27424, 0.2778, 0.27942, 0.28062, 0.27537, 0.27342, 
0.2766, 0.27512, 0.27789, 1.891, 6.1568, 3.2743, 2.6112, 3.0271, 
8.5528, 6.4746, 4.7007, 5.1481, 7.0329, 6.9181, 1664.2, 1829.8, 
1998, 2165.1, 2332.8, 2494.8, 2665, 2828.4, 2987.7, 3162.3, 3333.2, 
1484, 1754, 1652, 960, 994, 413, 1531, 1397, 18, 575, 2001, 1, 
1, 1, 1, 1, 1, 1, 1, 1, 1, 1, 100, 100, 100, 100, 100, 100, 100, 
100, 100, 100, 100, 2500, 2500, 2500, 2500, 2500, 2500, 2500, 
2500, 2500, 2500, 2500, 94394.415, 114188.704, 125203.686, 162559.831, 
181032.334, 219478.749, 246550.425, 281460.281, 320985.774, 393688.667, 
398152.510000001, 1, 1, 1, 1, 1, 1, 1, 1, 1, 1, 1, 0.125, 0.125, 
0.125, 0.125, 0.125, 0.125, 0.125, 0.125, 0.125, 0.125, 0.125, 
0, 0, 0, 0, 0, 0, 0, 0, 0, 0, 0, 0, 0, 0, 0, 0, 0, 0, 0, 0, 0, 
0, 0.26161, 0.26771, 0.25785, 0.26792, 0.26682, 0.27034, 0.26905, 
0.26609, 0.26913, 0.26757, 0.27002, 0.26164, 0.25858, 0.26104, 
0.26643, 0.27122, 0.26878, 0.26726, 0.26977, 0.26887, 0.26757, 
0.26906, 1.6099, 1.8487, 2.2909, 2.5789, 3.0857, 3.5021, 3.9318, 
4.5054, 5.1298, 6.1358, 7.5308, 1666.2, 1833.1, 2001.5, 2167.8, 
2335.7, 2504.5, 2670.9, 2836.7, 3003.9, 3169.1, 3336.1, 1, 1, 
1, 1, 1, 1, 1, 1, 1, 1, 1, 1, 1, 1, 1, 1, 1, 1, 1, 1, 1, 1, 1, 
1, 1, 1, 1, 1, 1, 1, 1, 1, 1, 1, 1, 1, 1, 1, 1, 1, 1, 1, 1, 1, 
20.991, 22.966, 27.18, 30.219, 35.7, 41.106, 45.867, 52.144, 
58.74, 69.54, 84.721), .Dim = c(11L, 40L), .Dimnames = list(NULL, 
    c("Sampling", "PSO.cost", "PSO.gamma", "PSO.data.balancing", 
    "PSO.feature.selection", "PSO.valid.acc", "PSO.test.acc", 
    "PSO.train.time", "PSO.n.support.vectors", "PSO.index", "PSO.n.solutions", 
    "PSO.generations", "PSO.n.evaluations", "PSO.cpu.time", "RS.cost", 
    "RS.gamma", "RS.data.balancing", "RS.feature.selection", 
    "RS.valid.acc", "RS.test.acc", "RS.train.time", "RS.n.support.vectors", 
    "RS.index", "RS.n.solutions", "RS.generations", "RS.n.evaluations", 
    "RS.cpu.time", "DF.cost", "DF.gamma", "DF.data.balancing", 
    "DF.feature.selection", "DF.valid.acc", "DF.test.acc", "DF.train.time", 
    "DF.n.support.vectors", "DF.index", "DF.n.solutions", "DF.generations", 
    "DF.n.evaluations", "DF.cpu.time")))
