full <-
structure(c(50, 55, 60, 65, 70, 75, 80, 85, 90, 95, 100, 4.80857, 
7.83527, 2.62641, 4.96516, 1.84602, 14.9094, 4.60359, 4.84485, 
6.69509, 9.74296, 2.58383, -5.34942, -6.55722, -4.25819, -6.24943, 
-2.90857, -9.21441, -4.05404, -4.30995, -6.00991, -6.80949, -1.8056, 
0, 0, 0, 0, 0, 0, 0, 0, 0, 0, 0, 0, 0, 0, 0, 0, 0, 0, 0, 0, 0, 
0, 0.28683, 0.28992, 0.28289, 0.2832, 0.27737, 0.28568, 0.28393, 
0.2847, 0.28562, 0.28799, 0.28201, 0.27103, 0.27814, 0.27486, 
0.27254, 0.26817, 0.27739, 0.27404, 0.28046, 0.27841, 0.27988, 
0.27387, 1.6874, 2.3117, 2.2995, 2.7197, 3.1477, 15.2473, 4.2027, 
4.7462, 5.5691, 7.9189, 8.6086, 1667.1, 1830.9, 2001.9, 2169.3, 
2332.5, 2500.6, 2665.4, 2834.8, 3003, 3169.6, 3320.9, 2495, 1066, 
852, 817, 1574, 1514, 1563, 1989, 2070, 1624, 1170, 1, 61, 133, 
33, 58, 1, 14, 3, 4, 1, 61, 100, 100, 100, 100, 100, 100, 100, 
100, 100, 100, 100, 2500, 2500, 2500, 2500, 2500, 2500, 2500, 
2500, 2500, 2500, 2500, 90194.332, 74814.964, 71016.042, 110651.935, 
100176.6, 346874.35, 126234.291, 149312.49, 164763.53, 245754.55, 
394361.479, 5.53022, 7.79655, 2.67174, 11.25787, 2.69478, 10.05517, 
4.67636, 4.75761, 5.38174, 8.53474, 1.11518, -5.85102, -6.60831, 
-3.65489, -6.91149, -3.12661, -7.53616, -4.16866, -4.33637, -5.35575, 
-6.06331, -1.2897, 0, 0, 0, 0, 0, 0, 0, 0, 0, 0, 0, 0, 0, 0, 
0, 0, 0, 0, 0, 0, 0, 0, 0.28253, 0.28732, 0.28134, 0.28176, 0.27533, 
0.28343, 0.28242, 0.28272, 0.28375, 0.28673, 0.27986, 0.26961, 
0.27814, 0.27613, 0.27471, 0.26919, 0.27228, 0.27284, 0.28018, 
0.27814, 0.28242, 0.2832, 1.7008, 2.2249, 2.2738, 5.4802, 3.095, 
4.7942, 4.1427, 4.9933, 5.4397, 7.0238, 8.7688, 1667.5, 1830.9, 
1999.5, 2162, 2332.3, 2502.5, 2665.5, 2835.4, 3004.2, 3168.6, 
3321.8, 2225, 1838, 776, 1211, 490, 1502, 1779, 1957, 963, 230, 
2162, 1, 1, 1, 3, 1, 1, 1, 1, 2, 1, 1, 100, 100, 100, 100, 100, 
100, 100, 100, 100, 100, 100, 2500, 2500, 2500, 2500, 2500, 2500, 
2500, 2500, 2500, 2500, 2500, 95468.678, 113549.235, 133650.742, 
160132.096, 186918.986, 222535.445, 240958.462, 283088.691, 303924.847, 
364621.041, 448511.972000001, 1, 1, 1, 1, 1, 1, 1, 1, 1, 1, 1, 
0.125, 0.125, 0.125, 0.125, 0.125, 0.125, 0.125, 0.125, 0.125, 
0.125, 0.125, 0, 0, 0, 0, 0, 0, 0, 0, 0, 0, 0, 0, 0, 0, 0, 0, 
0, 0, 0, 0, 0, 0, 0.27005, 0.27388, 0.27288, 0.26963, 0.26644, 
0.28056, 0.27227, 0.27401, 0.27737, 0.27311, 0.27124, 0.26864, 
0.2651, 0.26731, 0.27405, 0.27366, 0.27735, 0.27106, 0.27176, 
0.27547, 0.27587, 0.27315, 1.5737, 1.9157, 2.2837, 2.5652, 3.0811, 
3.5206, 3.9188, 4.5339, 5.0979, 6.3541, 7.9118, 1668.6, 1833.4, 
2001.9, 2169.4, 2337.1, 2503.8, 2670.3, 2838.7, 3004.7, 3171.6, 
3336.5, 1, 1, 1, 1, 1, 1, 1, 1, 1, 1, 1, 1, 1, 1, 1, 1, 1, 1, 
1, 1, 1, 1, 1, 1, 1, 1, 1, 1, 1, 1, 1, 1, 1, 1, 1, 1, 1, 1, 1, 
1, 1, 1, 1, 1, 19.476, 23.057, 26.969, 30.195, 35.767, 40.437, 
44.868, 51.796, 57.867, 71.832, 89.303), .Dim = c(11L, 40L), .Dimnames = list(
    NULL, c("Sampling", "PSO.cost", "PSO.gamma", "PSO.data.balancing", 
    "PSO.feature.selection", "PSO.valid.acc", "PSO.test.acc", 
    "PSO.train.time", "PSO.n.support.vectors", "PSO.index", "PSO.n.solutions", 
    "PSO.generations", "PSO.n.evaluations", "PSO.cpu.time", "RS.cost", 
    "RS.gamma", "RS.data.balancing", "RS.feature.selection", 
    "RS.valid.acc", "RS.test.acc", "RS.train.time", "RS.n.support.vectors", 
    "RS.index", "RS.n.solutions", "RS.generations", "RS.n.evaluations", 
    "RS.cpu.time", "DF.cost", "DF.gamma", "DF.data.balancing", 
    "DF.feature.selection", "DF.valid.acc", "DF.test.acc", "DF.train.time", 
    "DF.n.support.vectors", "DF.index", "DF.n.solutions", "DF.generations", 
    "DF.n.evaluations", "DF.cpu.time")))
