full <-
structure(c(50, 55, 60, 65, 70, 75, 80, 85, 90, 95, 100, 0.80448, 
1.04119, 0.98164, -0.96572, -0.38631, 0.2579, 14.94199, 0.00801, 
3.32704, 1.9891, 3.68554, -0.15563, -0.47105, -3.83453, -4.4304, 
-2.32439, -2.60417, -6.67703, -0.86842, -2.5199, -2.99886, -3.57093, 
0, 0, 0, 0, 0, 0, 0, 0, 0, 0, 0, 0, 0, 0, 0, 0, 0, 0, 0, 0, 0, 
0, 0.27543, 0.27614, 0.27654, 0.2737, 0.27704, 0.28088, 0.27616, 
0.27941, 0.28004, 0.28571, 0.28538, 0.26326, 0.26468, 0.26334, 
0.26887, 0.27225, 0.2764, 0.25729, 0.27401, 0.27424, 0.2711, 
0.27746, 1.8348, 2.1797, 2.2987, 2.5915, 2.9607, 3.4673, 56.1049, 
4.6556, 5.5294, 5.6475, 11.3858, 1660.7, 1824.9, 2003.7, 2171.7, 
2335.8, 2502.7, 2656.2, 2818.6, 2994, 3166.9, 3330.7, 1309, 2435, 
1464, 894, 958, 2229, 2481, 1928, 1501, 894, 1909, 78, 54, 32, 
74, 49, 1, 1, 45, 33, 12, 15, 100, 100, 100, 100, 100, 100, 100, 
100, 100, 100, 100, 2500, 2500, 2500, 2500, 2500, 2500, 2500, 
2500, 2500, 2500, 2500, 56582.418, 66303.31, 68600.747, 83425.068, 
94084.291, 110961.577, 732003.916, 207104.891, 164675.821, 325007.871, 
315511.369, 0.93565, 1.24638, 2.47043, -1.11204, -0.19069, 2.25921, 
1.43468, -0.26725, 3.13192, 2.06705, 4.55878, -0.27236, -0.66833, 
-4.17514, -4.27462, -2.53818, -3.17704, -4.17793, -1.17141, -2.46119, 
-2.91714, -3.7245, 0, 0, 0, 0, 0, 0, 0, 0, 0, 0, 0, 0, 0, 0, 
0, 0, 0, 0, 0, 0, 0, 0, 0.27401, 0.27312, 0.27455, 0.27259, 0.27531, 
0.27992, 0.27289, 0.27546, 0.27844, 0.28445, 0.28298, 0.26325, 
0.26163, 0.26655, 0.2696, 0.27327, 0.27446, 0.2702, 0.27009, 
0.27397, 0.27212, 0.27485, 1.8117, 2.1472, 2.2318, 2.5955, 3.0705, 
3.6003, 4.2365, 4.6536, 5.2603, 8.6077, 10.1387, 1660.2, 1825.9, 
2002.4, 2171.8, 2335.7, 2500.4, 2671.7, 2824.4, 2994.5, 3166.1, 
3329.5, 431, 682, 1330, 15, 2004, 1908, 319, 1918, 2362, 1517, 
1001, 1, 1, 1, 1, 1, 1, 1, 1, 1, 1, 1, 100, 100, 100, 100, 100, 
100, 100, 100, 100, 100, 100, 2500, 2500, 2500, 2500, 2500, 2500, 
2500, 2500, 2500, 2500, 2500, 92644.768, 109822.349, 134255.083, 
158356.092, 197622.316, 199715.63, 241668.15, 293708.304, 311343.546, 
400476.13, 467931.99, 1, 1, 1, 1, 1, 1, 1, 1, 1, 1, 1, 0.125, 
0.125, 0.125, 0.125, 0.125, 0.125, 0.125, 0.125, 0.125, 0.125, 
0.125, 0, 0, 0, 0, 0, 0, 0, 0, 0, 0, 0, 0, 0, 0, 0, 0, 0, 0, 
0, 0, 0, 0, 0.26489, 0.267, 0.26854, 0.26963, 0.26981, 0.27416, 
0.26929, 0.26874, 0.271, 0.27388, 0.27434, 0.263, 0.26514, 0.26574, 
0.26519, 0.26915, 0.27321, 0.2702, 0.2718, 0.27046, 0.27084, 
0.27149, 1.5855, 1.838, 2.2513, 2.6395, 3.0795, 3.4722, 3.9321, 
4.6088, 5.0709, 8.1294, 8.6435, 1669.5, 1836.4, 2003.3, 2170.6, 
2337.2, 2504.3, 2671.2, 2837.6, 3003.7, 3170.9, 3336.5, 1, 1, 
1, 1, 1, 1, 1, 1, 1, 1, 1, 1, 1, 1, 1, 1, 1, 1, 1, 1, 1, 1, 1, 
1, 1, 1, 1, 1, 1, 1, 1, 1, 1, 1, 1, 1, 1, 1, 1, 1, 1, 1, 1, 1, 
19.687, 22.13, 27.617, 31.855, 36.837, 40.801, 45.132, 53.417, 
58.993, 93.663, 98.069), .Dim = c(11L, 40L), .Dimnames = list(
    NULL, c("Sampling", "PSO.cost", "PSO.gamma", "PSO.data.balancing", 
    "PSO.feature.selection", "PSO.valid.acc", "PSO.test.acc", 
    "PSO.train.time", "PSO.n.support.vectors", "PSO.index", "PSO.n.solutions", 
    "PSO.generations", "PSO.n.evaluations", "PSO.cpu.time", "RS.cost", 
    "RS.gamma", "RS.data.balancing", "RS.feature.selection", 
    "RS.valid.acc", "RS.test.acc", "RS.train.time", "RS.n.support.vectors", 
    "RS.index", "RS.n.solutions", "RS.generations", "RS.n.evaluations", 
    "RS.cpu.time", "DF.cost", "DF.gamma", "DF.data.balancing", 
    "DF.feature.selection", "DF.valid.acc", "DF.test.acc", "DF.train.time", 
    "DF.n.support.vectors", "DF.index", "DF.n.solutions", "DF.generations", 
    "DF.n.evaluations", "DF.cpu.time")))
