full <-
structure(c(50, 55, 60, 65, 70, 75, 80, 85, 90, 95, 100, 3.7539, 
0.51348, 10.12335, 10.51993, 14.88273, 2.82224, 0.6833, -0.395, 
2.43206, 2.52355, 7.98518, -5.79412, -3.99801, -10.10487, -10.90514, 
-8.99867, -4.20127, -4.11795, -2.68655, -3.37608, -4.34092, -5.30424, 
0, 0, 0, 0, 0, 0, 0, 0, 0, 0, 0, 0, 0, 0, 0, 0, 0, 0, 0, 0, 0, 
0, 0.28742, 0.28526, 0.2853, 0.28729, 0.29337, 0.2847, 0.28548, 
0.28274, 0.28133, 0.27914, 0.28441, 0.27638, 0.27832, 0.2837, 
0.27992, 0.2804, 0.27194, 0.28304, 0.27259, 0.27707, 0.27386, 
0.27674, 1.627, 1.8665, 2.759, 3.3062, 13.1961, 3.4228, 3.9417, 
4.5232, 5.0377, 5.8883, 9.2089, 1666.1, 1831.2, 2001.1, 2166.6, 
2329, 2500.6, 2669.2, 2834.7, 2999.4, 3169.9, 3332, 1219, 1466, 
1651, 934, 1954, 2296, 1348, 1284, 1861, 1505, 2250, 23, 1, 5, 
97, 2, 1, 167, 79, 12, 48, 1, 100, 100, 100, 100, 100, 100, 100, 
100, 100, 100, 100, 2500, 2500, 2500, 2500, 2500, 2500, 2500, 
2500, 2500, 2500, 2500, 58890.208, 61363.626, 84468.962, 101483.266, 
300193.547, 105905.942, 129806.084, 140563.703, 318171.821, 175081.099, 
432723.965, 3.82789, 0.60297, 13.02363, 8.53824, 14.83353, 2.34001, 
-0.54012, 0.15763, 2.37199, 2.52113, 9.83914, -6.10142, -3.9668, 
-14.96368, -9.29176, -8.92132, -3.64125, -3.71159, -2.89459, 
-3.25415, -4.38028, -5.46402, 0, 0, 0, 0, 0, 0, 0, 0, 0, 0, 0, 
0, 0, 0, 0, 0, 0, 0, 0, 0, 0, 0, 0.28596, 0.28264, 0.28369, 0.28695, 
0.29029, 0.28374, 0.28366, 0.28105, 0.28001, 0.27763, 0.28346, 
0.27256, 0.28178, 0.28087, 0.28251, 0.27733, 0.27383, 0.2774, 
0.27372, 0.2776, 0.27261, 0.2772, 1.6478, 1.9537, 2.8506, 2.9556, 
13.5664, 3.6285, 3.9088, 4.469, 4.963, 6.077, 13.2243, 1667, 
1831.2, 2002.6, 2167, 2328.4, 2499.6, 2669.6, 2834.7, 2999.6, 
3169.9, 3328.4, 350, 455, 1403, 760, 300, 408, 2102, 2431, 1968, 
2045, 923, 1, 1, 2, 1, 1, 2, 1, 1, 1, 1, 1, 100, 100, 100, 100, 
100, 100, 100, 100, 100, 100, 100, 2500, 2500, 2500, 2500, 2500, 
2500, 2500, 2500, 2500, 2500, 2500, 96409.693, 115635.185, 132549.733, 
161947.244, 176007.802, 211858.095, 241686.69, 271058.866, 302162.154, 
358941.162, 413661.836, 1, 1, 1, 1, 1, 1, 1, 1, 1, 1, 1, 0.125, 
0.125, 0.125, 0.125, 0.125, 0.125, 0.125, 0.125, 0.125, 0.125, 
0.125, 0, 0, 0, 0, 0, 0, 0, 0, 0, 0, 0, 0, 0, 0, 0, 0, 0, 0, 
0, 0, 0, 0, 0.27594, 0.27956, 0.28172, 0.28032, 0.28486, 0.27959, 
0.2801, 0.27906, 0.27072, 0.27263, 0.26841, 0.27208, 0.28002, 
0.28301, 0.28692, 0.28928, 0.27861, 0.27798, 0.27458, 0.27335, 
0.27387, 0.26934, 1.6401, 1.9466, 2.2516, 2.7017, 3.0344, 3.4807, 
4.0537, 4.513, 4.9973, 6.0794, 6.9505, 1662.7, 1829.6, 1997.8, 
2163.4, 2332.1, 2501.9, 2667.3, 2835.2, 3002.8, 3168.8, 3335.6, 
1, 1, 1, 1, 1, 1, 1, 1, 1, 1, 1, 1, 1, 1, 1, 1, 1, 1, 1, 1, 1, 
1, 1, 1, 1, 1, 1, 1, 1, 1, 1, 1, 1, 1, 1, 1, 1, 1, 1, 1, 1, 1, 
1, 1, 20.697, 23.668, 26.649, 31.798, 35.159, 40.031, 46.311, 
51.29, 56.722, 68.695, 78.183), .Dim = c(11L, 40L), .Dimnames = list(
    NULL, c("Sampling", "PSO.cost", "PSO.gamma", "PSO.data.balancing", 
    "PSO.feature.selection", "PSO.valid.acc", "PSO.test.acc", 
    "PSO.train.time", "PSO.n.support.vectors", "PSO.index", "PSO.n.solutions", 
    "PSO.generations", "PSO.n.evaluations", "PSO.cpu.time", "RS.cost", 
    "RS.gamma", "RS.data.balancing", "RS.feature.selection", 
    "RS.valid.acc", "RS.test.acc", "RS.train.time", "RS.n.support.vectors", 
    "RS.index", "RS.n.solutions", "RS.generations", "RS.n.evaluations", 
    "RS.cpu.time", "DF.cost", "DF.gamma", "DF.data.balancing", 
    "DF.feature.selection", "DF.valid.acc", "DF.test.acc", "DF.train.time", 
    "DF.n.support.vectors", "DF.index", "DF.n.solutions", "DF.generations", 
    "DF.n.evaluations", "DF.cpu.time")))
