full <-
structure(c(50, 55, 60, 65, 70, 75, 80, 85, 90, 95, 100, 0.15573, 
5.70799, 8.33715, 0.36249, -0.1939, 0.32298, 0.4753, 3.63871, 
3.6708, 9.38351, 4.79128, 0.71874, -5.20666, -4.2872, 0.44412, 
-0.35921, -0.38438, -0.5521, -3.54036, -4.097, -5.16138, -3.4796, 
0, 0, 0, 0, 0, 0, 0, 0, 0, 0, 0, 0, 0, 0, 0, 0, 0, 0, 0, 0, 0, 
0, 0.27165, 0.26824, 0.27289, 0.27399, 0.28012, 0.28562, 0.28095, 
0.2827, 0.28938, 0.28164, 0.28224, 0.25524, 0.27564, 0.25212, 
0.26334, 0.27468, 0.27573, 0.27232, 0.27625, 0.27688, 0.27486, 
0.27508, 2.0513, 2.0229, 3.4025, 3.1919, 3.3995, 3.7548, 4.3196, 
4.8054, 5.3026, 9.5216, 7.2598, 1653.7, 1832.9, 1988.1, 2152.4, 
2319.9, 2485.7, 2648.7, 2830.6, 3001.2, 3158.7, 3327.7, 2119, 
2127, 1968, 964, 989, 1509, 1502, 577, 913, 1434, 1971, 2, 3, 
1, 78, 42, 41, 46, 52, 162, 12, 1, 100, 100, 100, 100, 100, 100, 
100, 100, 100, 100, 100, 2500, 2500, 2500, 2500, 2500, 2500, 
2500, 2500, 2500, 2500, 2500, 91986.267, 124879.073, 119550.991, 
95316.635, 107548.873, 114908.423, 157497.205, 145150.398, 166552.225, 
306470.121, 464683.204, 0.82396, 11.98617, 8.21722, 0.36431, 
1.73577, 0.19679, 0.3564, 1.503, 4.46636, 10.50484, 1.82123, 
0.41473, -6.29351, -4.20309, 0.30654, -1.02811, -0.35421, -1.15867, 
-2.36968, -4.54256, -5.48564, -2.30746, 0, 0, 0, 0, 0, 0, 0, 
0, 0, 0, 0, 0, 0, 0, 0, 0, 0, 0, 0, 0, 0, 0, 0.26537, 0.26738, 
0.27129, 0.26917, 0.2774, 0.28244, 0.27797, 0.28103, 0.287, 0.2786, 
0.28105, 0.25705, 0.25863, 0.25332, 0.26483, 0.27676, 0.27477, 
0.27799, 0.27823, 0.27767, 0.27487, 0.27485, 1.9744, 6.3042, 
3.3628, 3.1552, 3.308, 3.7267, 4.208, 4.6584, 5.3841, 12.7171, 
8.1703, 1651.2, 1824.2, 1987.2, 2151.5, 2318, 2485.9, 2655.5, 
2829.1, 3001, 3156.9, 3327.4, 2460, 472, 173, 779, 1356, 1089, 
637, 2024, 289, 1279, 1181, 1, 1, 1, 1, 2, 1, 1, 1, 2, 1, 1, 
100, 100, 100, 100, 100, 100, 100, 100, 100, 100, 100, 2500, 
2500, 2500, 2500, 2500, 2500, 2500, 2500, 2500, 2500, 2500, 97527.722, 
113028.325, 129814.326, 151323.108, 174158.939, 206326.801, 237899.882, 
276119.219, 298956.771, 362459.748, 447577.398, 1, 1, 1, 1, 1, 
1, 1, 1, 1, 1, 1, 0.125, 0.125, 0.125, 0.125, 0.125, 0.125, 0.125, 
0.125, 0.125, 0.125, 0.125, 0, 0, 0, 0, 0, 0, 0, 0, 0, 0, 0, 
0, 0, 0, 0, 0, 0, 0, 0, 0, 0, 0, 0.25768, 0.26258, 0.2561, 0.25743, 
0.27053, 0.27223, 0.27227, 0.27653, 0.27715, 0.27031, 0.27387, 
0.24902, 0.26044, 0.25573, 0.25703, 0.26781, 0.27414, 0.27321, 
0.27795, 0.27583, 0.27359, 0.27079, 1.5988, 1.9173, 2.2755, 2.6461, 
3.0864, 3.5501, 3.8401, 4.5019, 5.0414, 5.8194, 8.9353, 1662.7, 
1834.2, 2003.3, 2169.2, 2335.7, 2503, 2668.3, 2834.3, 3002.5, 
3169.7, 3335.7, 1, 1, 1, 1, 1, 1, 1, 1, 1, 1, 1, 1, 1, 1, 1, 
1, 1, 1, 1, 1, 1, 1, 1, 1, 1, 1, 1, 1, 1, 1, 1, 1, 1, 1, 1, 1, 
1, 1, 1, 1, 1, 1, 1, 1, 20.138, 23.704, 27.697, 31.798, 36.469, 
41.356, 44.367, 51.823, 57.268, 65.858, 100.627), .Dim = c(11L, 
40L), .Dimnames = list(NULL, c("Sampling", "PSO.cost", "PSO.gamma", 
"PSO.data.balancing", "PSO.feature.selection", "PSO.valid.acc", 
"PSO.test.acc", "PSO.train.time", "PSO.n.support.vectors", "PSO.index", 
"PSO.n.solutions", "PSO.generations", "PSO.n.evaluations", "PSO.cpu.time", 
"RS.cost", "RS.gamma", "RS.data.balancing", "RS.feature.selection", 
"RS.valid.acc", "RS.test.acc", "RS.train.time", "RS.n.support.vectors", 
"RS.index", "RS.n.solutions", "RS.generations", "RS.n.evaluations", 
"RS.cpu.time", "DF.cost", "DF.gamma", "DF.data.balancing", "DF.feature.selection", 
"DF.valid.acc", "DF.test.acc", "DF.train.time", "DF.n.support.vectors", 
"DF.index", "DF.n.solutions", "DF.generations", "DF.n.evaluations", 
"DF.cpu.time")))
