full <-
structure(c(50, 55, 60, 65, 70, 75, 80, 85, 90, 95, 100, 2.13512, 
2.01503, 0.7056, 3.44986, 1.98275, -0.13488, 0.60822, 5.25332, 
4.73977, 7.73715, 7.3309, -4.57557, -4.28661, -2.19697, -5.10423, 
-3.42866, -1.93139, -0.88015, -4.03702, -4.6949, -5.89757, -4.35838, 
0, 0, 0, 0, 0, 0, 0, 0, 0, 0, 0, 0, 0, 0, 0, 0, 0, 0, 0, 0, 0, 
0, 0.28731, 0.28546, 0.29367, 0.29164, 0.28429, 0.28721, 0.27987, 
0.28414, 0.28052, 0.2822, 0.28127, 0.28113, 0.28506, 0.28933, 
0.27843, 0.2744, 0.27959, 0.27783, 0.27488, 0.27443, 0.27463, 
0.2758, 1.6061, 1.9933, 2.2102, 2.662, 3.0325, 3.6722, 4.3904, 
5.0198, 5.4737, 6.7134, 7.936, 1668.8, 1832.2, 1995.4, 2165.8, 
2331.6, 2496.6, 2653, 2830.7, 2998.7, 3166.9, 3327.1, 853, 1624, 
1201, 1429, 1363, 929, 1776, 2284, 2383, 2401, 1349, 23, 17, 
49, 23, 37, 40, 16, 1, 1, 16, 31, 100, 100, 100, 100, 100, 100, 
100, 100, 100, 100, 100, 2500, 2500, 2500, 2500, 2500, 2500, 
2500, 2500, 2500, 2500, 2500, 53424.034, 74938.002, 73881.396, 
118508.48, 94737.736, 110662.347, 134190.111, 154024.514, 175802.887, 
208104.573, 284790.833, 2.1929, 1.72689, 0.68333, 3.44338, 2.2179, 
2.14089, 1.60745, 5.06491, 4.91227, 8.12015, 7.09965, -4.49584, 
-4.33305, -2.18522, -5.16805, -5.00157, -3.75581, -1.11778, -3.84449, 
-4.75763, -6.17884, -4.4237, 0, 0, 0, 0, 0, 0, 0, 0, 0, 0, 0, 
0, 0, 0, 0, 0, 0, 0, 0, 0, 0, 0, 0.28537, 0.28461, 0.29327, 0.29055, 
0.28325, 0.28661, 0.27748, 0.28244, 0.27972, 0.28019, 0.27936, 
0.28255, 0.28157, 0.28893, 0.2773, 0.2771, 0.27995, 0.27542, 
0.2777, 0.27549, 0.27236, 0.27867, 1.5609, 1.9945, 2.356, 2.692, 
3.1277, 3.5184, 4.2494, 4.8713, 5.5203, 6.8503, 8.9627, 1668.7, 
1833.3, 1995.4, 2166.3, 2335.1, 2499, 2652, 2830.3, 2998.6, 3167, 
3328.1, 564, 966, 704, 1339, 5, 2417, 853, 1, 435, 2381, 933, 
1, 1, 1, 1, 1, 1, 1, 1, 1, 1, 2, 100, 100, 100, 100, 100, 100, 
100, 100, 100, 100, 100, 2500, 2500, 2500, 2500, 2500, 2500, 
2500, 2500, 2500, 2500, 2500, 91135.982, 115813.277, 136065.715, 
150253.749, 192483.357, 213030.994, 245265.346, 287330.317, 311848.864, 
350037.184, 419775.671, 1, 1, 1, 1, 1, 1, 1, 1, 1, 1, 1, 0.125, 
0.125, 0.125, 0.125, 0.125, 0.125, 0.125, 0.125, 0.125, 0.125, 
0.125, 0, 0, 0, 0, 0, 0, 0, 0, 0, 0, 0, 0, 0, 0, 0, 0, 0, 0, 
0, 0, 0, 0, 0.2753, 0.28111, 0.28443, 0.28355, 0.27746, 0.28342, 
0.27062, 0.27936, 0.27151, 0.2701, 0.27478, 0.27535, 0.28381, 
0.28449, 0.28138, 0.27234, 0.28185, 0.27747, 0.27461, 0.26781, 
0.2721, 0.26834, 1.5372, 1.8782, 2.25, 2.6532, 3.1347, 3.5838, 
4.0683, 4.6325, 5.0227, 5.8202, 7.8767, 1668.5, 1833, 2000.4, 
2166.3, 2333.9, 2499.7, 2666.3, 2835.9, 3002.3, 3169.8, 3336.8, 
1, 1, 1, 1, 1, 1, 1, 1, 1, 1, 1, 1, 1, 1, 1, 1, 1, 1, 1, 1, 1, 
1, 1, 1, 1, 1, 1, 1, 1, 1, 1, 1, 1, 1, 1, 1, 1, 1, 1, 1, 1, 1, 
1, 1, 19.024, 22.486, 26.522, 31.167, 36.377, 41.229, 46.419, 
52.616, 56.75, 65.585, 88.98), .Dim = c(11L, 40L), .Dimnames = list(
    NULL, c("Sampling", "PSO.cost", "PSO.gamma", "PSO.data.balancing", 
    "PSO.feature.selection", "PSO.valid.acc", "PSO.test.acc", 
    "PSO.train.time", "PSO.n.support.vectors", "PSO.index", "PSO.n.solutions", 
    "PSO.generations", "PSO.n.evaluations", "PSO.cpu.time", "RS.cost", 
    "RS.gamma", "RS.data.balancing", "RS.feature.selection", 
    "RS.valid.acc", "RS.test.acc", "RS.train.time", "RS.n.support.vectors", 
    "RS.index", "RS.n.solutions", "RS.generations", "RS.n.evaluations", 
    "RS.cpu.time", "DF.cost", "DF.gamma", "DF.data.balancing", 
    "DF.feature.selection", "DF.valid.acc", "DF.test.acc", "DF.train.time", 
    "DF.n.support.vectors", "DF.index", "DF.n.solutions", "DF.generations", 
    "DF.n.evaluations", "DF.cpu.time")))
