full <-
structure(c(50, 55, 60, 65, 70, 75, 80, 85, 90, 95, 100, 3.86695, 
5.32022, 2.7791, 11.56218, 6.84743, 6.14141, 7.00933, 4.11675, 
6.45465, 6.9752, 4.81448, -4.82843, -4.8804, -3.80212, -4.09819, 
-5.1672, -4.18346, -3.68041, -2.53934, -3.67097, -3.30519, -0.84296, 
0, 0, 0, 0, 0, 0, 0, 0, 0, 0, 0, 0, 0, 0, 0, 0, 0, 0, 0, 0, 0, 
0, 0.94976, 0.95598, 0.96796, 0.9739, 0.97706, 0.9839, 0.99126, 
0.98822, 0.99223, 0.99365, 0.99394, 0.93556, 0.94517, 0.96465, 
0.97367, 0.97134, 0.97319, 0.9887, 0.98347, 0.9888, 0.98741, 
0.99091, 0.0902, 0.1007, 0.1338, 0.1309, 0.1374, 0.165, 0.1865, 
0.2472, 0.2217, 0.253, 0.4014, 320.7, 339.8, 395.6, 406.8, 379.1, 
445.7, 481.9, 542.3, 527.8, 558.5, 632.6, 627, 354, 1870, 63, 
776, 230, 40, 1522, 97, 40, 20, 558, 464, 26, 1383, 81, 921, 
1031, 10, 1032, 1454, 1293, 100, 100, 100, 100, 100, 100, 100, 
100, 100, 100, 100, 2500, 2500, 2500, 2500, 2500, 2500, 2500, 
2500, 2500, 2500, 2500, 8503.256, 8625.757, 10568.633, 11637.712, 
12464.796, 12816.215, 13333.566, 14986.342, 14308.88, 15168.232, 
18450.854, 4.76999, 5.13835, 3.14295, 14.67322, 5.61973, 6.25515, 
5.3987, 1.78578, 5.02726, 6.4022, 7.15864, -4.98871, -4.82023, 
-4.03206, -4.10865, -5.42505, -4.31191, -3.60071, -2.53337, -3.70338, 
-3.54448, -0.79584, 0, 0, 0, 0, 0, 0, 0, 0, 0, 0, 0, 0, 0, 0, 
0, 0, 0, 0, 0, 0, 0, 0, 0.94384, 0.95231, 0.96462, 0.9739, 0.97706, 
0.9839, 0.99126, 0.98701, 0.99223, 0.99365, 0.99394, 0.93576, 
0.94517, 0.96804, 0.97367, 0.96563, 0.97451, 0.9887, 0.97885, 
0.98992, 0.98741, 0.99091, 0.0836, 0.0953, 0.1212, 0.1314, 0.1366, 
0.1625, 0.1939, 0.2498, 0.2212, 0.2496, 0.4027, 310.7, 341.2, 
391.6, 406.2, 373.7, 439.4, 486.3, 548.3, 525.6, 549.2, 634.6, 
2133, 326, 1456, 24, 85, 112, 69, 1818, 366, 158, 11, 1, 1, 1, 
14, 1, 7, 23, 1, 11, 26, 167, 100, 100, 100, 100, 100, 100, 100, 
100, 100, 100, 100, 2500, 2500, 2500, 2500, 2500, 2500, 2500, 
2500, 2500, 2500, 2500, 8829.355, 9253.574, 12012.061, 12528.704, 
13402.857, 13911.949, 14509.965, 15072.661, 15645.381, 16748.476, 
17340.289, 1, 1, 1, 1, 1, 1, 1, 1, 1, 1, 1, 0.07692, 0.07692, 
0.07692, 0.07692, 0.07692, 0.07692, 0.07692, 0.07692, 0.07692, 
0.07692, 0.07692, 0, 0, 0, 0, 0, 0, 0, 0, 0, 0, 0, 0, 0, 0, 0, 
0, 0, 0, 0, 0, 0, 0, 0.84192, 0.86246, 0.88094, 0.88718, 0.90661, 
0.89927, 0.92187, 0.91957, 0.92437, 0.9258, 0.94343, 0.84597, 
0.85313, 0.87447, 0.88423, 0.91092, 0.89649, 0.91301, 0.92569, 
0.92527, 0.92807, 0.94444, 0.1072, 0.1148, 0.1346, 0.1588, 0.1787, 
0.1978, 0.2162, 0.2358, 0.2589, 0.2882, 0.3065, 380, 416.3, 451.7, 
486.2, 520.7, 554.4, 588.2, 619.2, 652.2, 680.3, 710, 1, 1, 1, 
1, 1, 1, 1, 1, 1, 1, 1, 1, 1, 1, 1, 1, 1, 1, 1, 1, 1, 1, 1, 1, 
1, 1, 1, 1, 1, 1, 1, 1, 1, 1, 1, 1, 1, 1, 1, 1, 1, 1, 1, 1, 3.586, 
3.528, 4.518, 5.006, 5.262, 5.418, 5.684, 5.872, 6.131, 6.503, 
6.692), .Dim = c(11L, 40L), .Dimnames = list(NULL, c("Sampling", 
"PSO.cost", "PSO.gamma", "PSO.data.balancing", "PSO.feature.selection", 
"PSO.valid.acc", "PSO.test.acc", "PSO.train.time", "PSO.n.support.vectors", 
"PSO.index", "PSO.n.solutions", "PSO.generations", "PSO.n.evaluations", 
"PSO.cpu.time", "RS.cost", "RS.gamma", "RS.data.balancing", "RS.feature.selection", 
"RS.valid.acc", "RS.test.acc", "RS.train.time", "RS.n.support.vectors", 
"RS.index", "RS.n.solutions", "RS.generations", "RS.n.evaluations", 
"RS.cpu.time", "DF.cost", "DF.gamma", "DF.data.balancing", "DF.feature.selection", 
"DF.valid.acc", "DF.test.acc", "DF.train.time", "DF.n.support.vectors", 
"DF.index", "DF.n.solutions", "DF.generations", "DF.n.evaluations", 
"DF.cpu.time")))
