full <-
structure(c(50, 55, 60, 65, 70, 75, 80, 85, 90, 95, 100, 5.26601, 
12.32106, 2.99653, 6.79506, 4.80946, 8.85807, 12.81707, 2.16674, 
5.18487, 6.27908, 4.41134, -4.75504, -3.81697, -3.35918, -5.54575, 
-4.67268, -4.24713, -3.68091, -2.03689, -4.25376, -3.11671, -3.80835, 
0, 0, 0, 0, 0, 0, 0, 0, 0, 0, 0, 0, 0, 0, 0, 0, 0, 0, 0, 0, 0, 
0, 0.94559, 0.95965, 0.97325, 0.97673, 0.98838, 0.98258, 0.99126, 
0.98346, 0.99221, 0.99375, 0.99495, 0.93295, 0.95247, 0.96964, 
0.97511, 0.98842, 0.9813, 0.98623, 0.97986, 0.98881, 0.99476, 
0.99495, 0.0857, 0.1056, 0.1392, 0.1152, 0.1364, 0.1562, 0.1923, 
0.2715, 0.1983, 0.2573, 0.2473, 316.8, 361.7, 398.4, 345.7, 401.5, 
439.2, 483.2, 545.1, 491.9, 568.8, 557.2, 245, 10, 318, 35, 1087, 
43, 10, 1310, 1407, 37, 1242, 592, 1469, 101, 867, 56, 1318, 
1098, 50, 4, 1360, 34, 100, 100, 100, 100, 100, 100, 100, 100, 
100, 100, 100, 2500, 2500, 2500, 2500, 2500, 2500, 2500, 2500, 
2500, 2500, 2500, 8310.471, 8802.45, 12114.136, 11146.637, 12054.145, 
12849.263, 13254.107, 15252.218, 13716.86, 14892.286, 15978.918, 
5.00865, 13.02668, 2.99379, 7.21339, 4.37303, 6.73989, 8.89404, 
9.33067, 5.27611, 12.049, 3.42744, -4.65285, -3.71486, -3.39536, 
-5.53394, -4.26533, -3.13054, -3.69209, -2.01953, -4.10957, -3.04055, 
-3.41226, 0, 0, 0, 0, 0, 0, 0, 0, 0, 0, 0, 0, 0, 0, 0, 0, 0, 
0, 0, 0, 0, 0, 0.94355, 0.95965, 0.97325, 0.97673, 0.98691, 0.98258, 
0.99126, 0.98228, 0.9911, 0.99375, 0.99394, 0.933, 0.95247, 0.9663, 
0.97357, 0.98989, 0.98395, 0.98623, 0.97986, 0.9877, 0.99476, 
0.99596, 0.0858, 0.1066, 0.1255, 0.1253, 0.1508, 0.1847, 0.1812, 
0.27, 0.207, 0.2684, 0.2606, 321.2, 362.7, 397.2, 345.6, 419, 
479.9, 482.5, 543.7, 500.6, 570.6, 577.9, 973, 169, 2489, 201, 
2033, 50, 33, 1156, 523, 98, 13, 1, 13, 1, 2, 19, 71, 30, 2, 
3, 35, 120, 100, 100, 100, 100, 100, 100, 100, 100, 100, 100, 
100, 2500, 2500, 2500, 2500, 2500, 2500, 2500, 2500, 2500, 2500, 
2500, 8763.619, 10964.249, 11822.677, 12275.238, 12720.73, 13675.096, 
14270.875, 14794.17, 15009.72, 16313.2, 17095.038, 1, 1, 1, 1, 
1, 1, 1, 1, 1, 1, 1, 0.07692, 0.07692, 0.07692, 0.07692, 0.07692, 
0.07692, 0.07692, 0.07692, 0.07692, 0.07692, 0.07692, 0, 0, 0, 
0, 0, 0, 0, 0, 0, 0, 0, 0, 0, 0, 0, 0, 0, 0, 0, 0, 0, 0, 0.8223, 
0.84584, 0.87015, 0.87262, 0.87935, 0.91138, 0.91958, 0.90538, 
0.92966, 0.92922, 0.94343, 0.81026, 0.85318, 0.87043, 0.86959, 
0.88821, 0.91261, 0.92079, 0.90545, 0.93072, 0.92819, 0.94646, 
0.1013, 0.1245, 0.1356, 0.1506, 0.1839, 0.2048, 0.2105, 0.2423, 
0.2596, 0.2845, 0.3099, 378.2, 416.3, 452.5, 487.2, 521.4, 556.4, 
586.5, 615.5, 650.4, 683.6, 707.6, 1, 1, 1, 1, 1, 1, 1, 1, 1, 
1, 1, 1, 1, 1, 1, 1, 1, 1, 1, 1, 1, 1, 1, 1, 1, 1, 1, 1, 1, 1, 
1, 1, 1, 1, 1, 1, 1, 1, 1, 1, 1, 1, 1, 1, 3.346, 4.689, 4.48, 
4.567, 5.289, 5.534, 5.336, 5.888, 6.024, 6.283, 6.733), .Dim = c(11L, 
40L), .Dimnames = list(NULL, c("Sampling", "PSO.cost", "PSO.gamma", 
"PSO.data.balancing", "PSO.feature.selection", "PSO.valid.acc", 
"PSO.test.acc", "PSO.train.time", "PSO.n.support.vectors", "PSO.index", 
"PSO.n.solutions", "PSO.generations", "PSO.n.evaluations", "PSO.cpu.time", 
"RS.cost", "RS.gamma", "RS.data.balancing", "RS.feature.selection", 
"RS.valid.acc", "RS.test.acc", "RS.train.time", "RS.n.support.vectors", 
"RS.index", "RS.n.solutions", "RS.generations", "RS.n.evaluations", 
"RS.cpu.time", "DF.cost", "DF.gamma", "DF.data.balancing", "DF.feature.selection", 
"DF.valid.acc", "DF.test.acc", "DF.train.time", "DF.n.support.vectors", 
"DF.index", "DF.n.solutions", "DF.generations", "DF.n.evaluations", 
"DF.cpu.time")))
