full <-
structure(c(50, 55, 60, 65, 70, 75, 80, 85, 90, 95, 100, 6.47304, 
3.05334, 3.52397, 8.66534, 5.14176, 3.40881, 4.26878, 4.12487, 
2.90223, 9.88745, 8.06271, -5.12527, -3.09864, -3.86023, -3.68221, 
-4.02009, -3.58601, -3.36924, -3.42535, -2.34777, -3.04933, -3.60522, 
0, 0, 0, 0, 0, 0, 0, 0, 0, 0, 0, 0, 0, 0, 0, 0, 0, 0, 0, 0, 0, 
0, 0.91927, 0.95061, 0.96149, 0.97053, 0.98269, 0.98252, 0.99247, 
0.99528, 0.99223, 0.99579, 0.99697, 0.90969, 0.93928, 0.95663, 
0.9672, 0.97985, 0.97713, 0.98879, 0.99291, 0.98993, 0.99474, 
0.99596, 0.086, 0.1205, 0.1212, 0.1346, 0.1427, 0.1649, 0.1856, 
0.201, 0.2627, 0.2456, 0.2405, 308.7, 377.7, 391.9, 419.8, 430.4, 
466.9, 490.4, 513.6, 557.2, 572, 565.2, 1700, 502, 422, 162, 
1054, 860, 190, 44, 354, 41, 13, 51, 231, 691, 1077, 66, 105, 
1029, 591, 692, 1437, 1052, 100, 100, 100, 100, 100, 100, 100, 
100, 100, 100, 100, 2500, 2500, 2500, 2500, 2500, 2500, 2500, 
2500, 2500, 2500, 2500, 9745.362, 10569.701, 10582.509, 10780.814, 
10847.624, 11692.167, 11760.856, 11952.649, 13384.609, 13490.659, 
13650.333, 5.32158, 3.20763, 3.65178, 12.66332, 9.90769, 4.80415, 
3.83961, 13.19742, 3.33381, 11.36981, 10.38567, -4.9872, -3.2493, 
-3.87485, -3.64378, -4.0333, -3.41924, -3.29303, -3.47786, -2.74488, 
-2.90331, -3.11392, 0, 0, 0, 0, 0, 0, 0, 0, 0, 0, 0, 0, 0, 0, 
0, 0, 0, 0, 0, 0, 0, 0, 0.91927, 0.95061, 0.96149, 0.97053, 0.98124, 
0.97984, 0.99125, 0.9941, 0.99223, 0.99579, 0.99697, 0.91373, 
0.93935, 0.95499, 0.9672, 0.9784, 0.97978, 0.98886, 0.99172, 
0.99328, 0.99474, 0.99798, 0.086, 0.1167, 0.1201, 0.1361, 0.1437, 
0.1691, 0.1856, 0.1972, 0.2381, 0.2518, 0.2627, 312.1, 377.2, 
390.9, 420.1, 429.5, 468.9, 494, 511.6, 557.8, 574.7, 587.6, 
1212, 324, 1566, 68, 375, 46, 381, 19, 275, 21, 1, 2, 3, 1, 4, 
1, 2, 1, 23, 6, 29, 75, 100, 100, 100, 100, 100, 100, 100, 100, 
100, 100, 100, 2500, 2500, 2500, 2500, 2500, 2500, 2500, 2500, 
2500, 2500, 2500, 10127.978, 10532.06, 10954.403, 11195.705, 
11840.222, 12127.506, 12414.658, 13210.462, 13772.309, 14689.699, 
14779.871, 1, 1, 1, 1, 1, 1, 1, 1, 1, 1, 1, 0.07692, 0.07692, 
0.07692, 0.07692, 0.07692, 0.07692, 0.07692, 0.07692, 0.07692, 
0.07692, 0.07692, 0, 0, 0, 0, 0, 0, 0, 0, 0, 0, 0, 0, 0, 0, 0, 
0, 0, 0, 0, 0, 0, 0, 0.81817, 0.83688, 0.85575, 0.88817, 0.88602, 
0.89659, 0.92466, 0.92179, 0.92724, 0.926, 0.94646, 0.83292, 
0.84523, 0.86092, 0.88648, 0.88756, 0.90318, 0.92343, 0.92315, 
0.92507, 0.93242, 0.95253, 0.1014, 0.117, 0.1321, 0.1509, 0.1696, 
0.184, 0.2033, 0.2235, 0.2407, 0.2617, 0.2793, 381.3, 420.4, 
453.8, 489.1, 522.7, 555.7, 588.1, 616.5, 647.2, 679.3, 710.2, 
1, 1, 1, 1, 1, 1, 1, 1, 1, 1, 1, 1, 1, 1, 1, 1, 1, 1, 1, 1, 1, 
1, 1, 1, 1, 1, 1, 1, 1, 1, 1, 1, 1, 1, 1, 1, 1, 1, 1, 1, 1, 1, 
1, 1, 4.006, 4.163, 4.284, 4.505, 4.755, 4.731, 4.751, 5.153, 
5.294, 5.451, 5.418), .Dim = c(11L, 40L), .Dimnames = list(NULL, 
    c("Sampling", "PSO.cost", "PSO.gamma", "PSO.data.balancing", 
    "PSO.feature.selection", "PSO.valid.acc", "PSO.test.acc", 
    "PSO.train.time", "PSO.n.support.vectors", "PSO.index", "PSO.n.solutions", 
    "PSO.generations", "PSO.n.evaluations", "PSO.cpu.time", "RS.cost", 
    "RS.gamma", "RS.data.balancing", "RS.feature.selection", 
    "RS.valid.acc", "RS.test.acc", "RS.train.time", "RS.n.support.vectors", 
    "RS.index", "RS.n.solutions", "RS.generations", "RS.n.evaluations", 
    "RS.cpu.time", "DF.cost", "DF.gamma", "DF.data.balancing", 
    "DF.feature.selection", "DF.valid.acc", "DF.test.acc", "DF.train.time", 
    "DF.n.support.vectors", "DF.index", "DF.n.solutions", "DF.generations", 
    "DF.n.evaluations", "DF.cpu.time")))
