full <-
structure(c(50, 55, 60, 65, 70, 75, 80, 85, 90, 95, 100, 5.07034, 
4.46585, 11.48828, 10.70738, 2.22933, 3.75907, 14.44035, 9.99247, 
7.30884, 8.74575, 4.5986, -3.74772, -3.41205, -4.50189, -3.54349, 
-2.50801, -3.48056, -2.80466, -3.21188, -5.04675, -2.97423, -3.14849, 
0, 0, 0, 0, 0, 0, 0, 0, 0, 0, 0, 0, 0, 0, 0, 0, 0, 0, 0, 0, 0, 
0, 0.94748, 0.95546, 0.97468, 0.9798, 0.97552, 0.98516, 0.98998, 
0.99414, 0.9922, 0.99471, 0.99394, 0.94735, 0.95186, 0.96137, 
0.97355, 0.97683, 0.98392, 0.99375, 0.99531, 0.98998, 0.99261, 
0.99192, 0.0984, 0.1175, 0.1227, 0.1473, 0.1982, 0.1809, 0.2176, 
0.2212, 0.192, 0.2686, 0.2788, 340, 373.2, 365.4, 421.7, 467.7, 
471.4, 509.2, 526.3, 448.3, 574.4, 584.3, 1863, 962, 104, 120, 
7, 309, 3, 86, 21, 57, 21, 14, 348, 1276, 1361, 1517, 379, 809, 
1057, 768, 1512, 1296, 100, 100, 100, 100, 100, 100, 100, 100, 
100, 100, 100, 2500, 2500, 2500, 2500, 2500, 2500, 2500, 2500, 
2500, 2500, 2500, 8646.837, 9138.332, 11443.97, 12306.36, 13268.956, 
13195.035, 13886.934, 14431.035, 14103.339, 15531.863, 16873.585, 
4.9424, 4.35705, 11.10218, 10.92138, 9.73083, 3.51833, 6.02369, 
13.89496, 10.90381, 12.23602, 5.41388, -3.7738, -3.4149, -4.39201, 
-3.58276, -2.45165, -3.57923, -3.43334, -3.20315, -2.96724, -3.30012, 
-1.73473, 0, 0, 0, 0, 0, 0, 0, 0, 0, 0, 0, 0, 0, 0, 0, 0, 0, 
0, 0, 0, 0, 0, 0.94344, 0.95546, 0.97468, 0.9798, 0.97552, 0.98516, 
0.98998, 0.99414, 0.9922, 0.99471, 0.99394, 0.94735, 0.95186, 
0.96301, 0.97514, 0.97973, 0.98383, 0.98861, 0.99531, 0.99216, 
0.99367, 0.99394, 0.0997, 0.1139, 0.119, 0.1467, 0.1985, 0.1813, 
0.1965, 0.2213, 0.2471, 0.2572, 0.3726, 339.2, 373.1, 367.5, 
420.5, 467.7, 469.8, 497.1, 526.5, 556.9, 560.6, 616.7, 805, 
707, 658, 52, 45, 73, 13, 665, 33, 29, 10, 2, 1, 7, 18, 65, 1, 
64, 5, 36, 35, 162, 100, 100, 100, 100, 100, 100, 100, 100, 100, 
100, 100, 2500, 2500, 2500, 2500, 2500, 2500, 2500, 2500, 2500, 
2500, 2500, 8895.374, 11313.348, 12250.264, 12697.281, 13243.644, 
13962.411, 14538.648, 15233.464, 15861.045, 16811.134, 15142.772, 
1, 1, 1, 1, 1, 1, 1, 1, 1, 1, 1, 0.07692, 0.07692, 0.07692, 0.07692, 
0.07692, 0.07692, 0.07692, 0.07692, 0.07692, 0.07692, 0.07692, 
0, 0, 0, 0, 0, 0, 0, 0, 0, 0, 0, 0, 0, 0, 0, 0, 0, 0, 0, 0, 0, 
0, 0.83232, 0.86034, 0.87714, 0.88346, 0.8994, 0.91385, 0.90814, 
0.92411, 0.9363, 0.93453, 0.94141, 0.82811, 0.85695, 0.87564, 
0.89297, 0.90211, 0.90855, 0.91329, 0.93254, 0.94075, 0.93352, 
0.93939, 0.1069, 0.1195, 0.1431, 0.1624, 0.18, 0.2013, 0.2205, 
0.242, 0.2635, 0.2928, 0.3021, 384.1, 419, 453, 488.4, 523, 560.3, 
589.4, 622.8, 653.4, 680.7, 709.1, 1, 1, 1, 1, 1, 1, 1, 1, 1, 
1, 1, 1, 1, 1, 1, 1, 1, 1, 1, 1, 1, 1, 1, 1, 1, 1, 1, 1, 1, 1, 
1, 1, 1, 1, 1, 1, 1, 1, 1, 1, 1, 1, 1, 1, 3.542, 4.343, 4.863, 
5.066, 5.185, 5.501, 5.738, 5.918, 6.167, 6.547, 5.706), .Dim = c(11L, 
40L), .Dimnames = list(NULL, c("Sampling", "PSO.cost", "PSO.gamma", 
"PSO.data.balancing", "PSO.feature.selection", "PSO.valid.acc", 
"PSO.test.acc", "PSO.train.time", "PSO.n.support.vectors", "PSO.index", 
"PSO.n.solutions", "PSO.generations", "PSO.n.evaluations", "PSO.cpu.time", 
"RS.cost", "RS.gamma", "RS.data.balancing", "RS.feature.selection", 
"RS.valid.acc", "RS.test.acc", "RS.train.time", "RS.n.support.vectors", 
"RS.index", "RS.n.solutions", "RS.generations", "RS.n.evaluations", 
"RS.cpu.time", "DF.cost", "DF.gamma", "DF.data.balancing", "DF.feature.selection", 
"DF.valid.acc", "DF.test.acc", "DF.train.time", "DF.n.support.vectors", 
"DF.index", "DF.n.solutions", "DF.generations", "DF.n.evaluations", 
"DF.cpu.time")))
