full <-
structure(c(50, 55, 60, 65, 70, 75, 80, 85, 90, 95, 100, 2.35937, 
9.19379, 4.89592, 10.76753, 3.01154, 13.77283, 15, 3.94046, 10.07392, 
7.23133, 5.31959, -3.14796, -4.16528, -4.13396, -3.06046, -3.303, 
-3.22067, -2.58563, -3.7462, -3.33492, -3.50806, -2.94896, 0, 
0, 0, 0, 0, 0, 0, 0, 0, 0, 0, 0, 0, 0, 0, 0, 0, 0, 0, 0, 0, 0, 
0.94143, 0.96365, 0.96989, 0.98454, 0.98565, 0.98917, 0.99117, 
0.99409, 0.99437, 0.99787, 0.99495, 0.92954, 0.96513, 0.96825, 
0.97837, 0.98287, 0.98787, 0.98614, 0.98937, 0.99216, 0.99055, 
0.99495, 0.108, 0.1074, 0.1192, 0.1564, 0.1569, 0.1829, 0.2288, 
0.1944, 0.2197, 0.2397, 0.2679, 346.8, 352.7, 381.4, 434.3, 457.6, 
481.4, 518.1, 511.5, 544, 556.5, 591.5, 1798, 281, 42, 29, 686, 
44, 82, 1007, 26, 14, 21, 14, 820, 1177, 1175, 161, 1108, 1236, 
115, 1343, 1454, 1072, 100, 100, 100, 100, 100, 100, 100, 100, 
100, 100, 100, 2500, 2500, 2500, 2500, 2500, 2500, 2500, 2500, 
2500, 2500, 2500, 8800.908, 9020.834, 9358.995, 10368.763, 10332.15, 
10969.97, 11978.194, 11230.069, 11946.252, 12251.139, 13589.985, 
2.51106, 8.06944, 11.16028, 5.60088, 4.80757, 13.34649, 4.16205, 
4.32308, 10.95584, 13.25834, 10.8089, -3.13755, -4.16819, -4.11206, 
-3.2003, -3.3055, -3.09235, -2.57172, -3.78136, -3.10447, -3.59514, 
-2.45344, 0, 0, 0, 0, 0, 0, 0, 0, 0, 0, 0, 0, 0, 0, 0, 0, 0, 
0, 0, 0, 0, 0, 0.94131, 0.96365, 0.96989, 0.98454, 0.98418, 0.98917, 
0.99117, 0.99409, 0.99437, 0.99787, 0.99495, 0.92954, 0.96513, 
0.96998, 0.98144, 0.98287, 0.98924, 0.98614, 0.98821, 0.99216, 
0.98947, 0.99495, 0.1042, 0.1034, 0.1264, 0.143, 0.159, 0.1925, 
0.2288, 0.2048, 0.2262, 0.2454, 0.2884, 346.4, 352.4, 381.5, 
431.9, 455.5, 485.6, 517.5, 508.6, 548, 551.7, 601.6, 1297, 1536, 
108, 457, 602, 6, 282, 496, 39, 47, 6, 2, 3, 12, 14, 6, 28, 12, 
2, 30, 26, 65, 100, 100, 100, 100, 100, 100, 100, 100, 100, 100, 
100, 2500, 2500, 2500, 2500, 2500, 2500, 2500, 2500, 2500, 2500, 
2500, 8941.357, 9397.397, 9941.048, 10096.083, 10739.53, 11685.216, 
11678.641, 12412.006, 13060.213, 13789.277, 14368.129, 1, 1, 
1, 1, 1, 1, 1, 1, 1, 1, 1, 0.07692, 0.07692, 0.07692, 0.07692, 
0.07692, 0.07692, 0.07692, 0.07692, 0.07692, 0.07692, 0.07692, 
0, 0, 0, 0, 0, 0, 0, 0, 0, 0, 0, 0, 0, 0, 0, 0, 0, 0, 0, 0, 0, 
0, 0.85683, 0.87217, 0.87685, 0.89611, 0.90065, 0.91519, 0.92184, 
0.9326, 0.93417, 0.93632, 0.94444, 0.85728, 0.87217, 0.88693, 
0.88837, 0.89506, 0.91662, 0.9282, 0.93372, 0.93547, 0.94062, 
0.95051, 0.1064, 0.1238, 0.1416, 0.157, 0.1721, 0.1993, 0.2178, 
0.2252, 0.2499, 0.2702, 0.3053, 380.6, 418.7, 453.6, 485.7, 522.9, 
553.4, 587.6, 619.3, 652.3, 685.3, 710.2, 1, 1, 1, 1, 1, 1, 1, 
1, 1, 1, 1, 1, 1, 1, 1, 1, 1, 1, 1, 1, 1, 1, 1, 1, 1, 1, 1, 1, 
1, 1, 1, 1, 1, 1, 1, 1, 1, 1, 1, 1, 1, 1, 1, 1, 3.599, 3.764, 
3.95, 4.165, 4.104, 4.521, 4.701, 4.654, 4.88, 5.145, 5.734), .Dim = c(11L, 
40L), .Dimnames = list(NULL, c("Sampling", "PSO.cost", "PSO.gamma", 
"PSO.data.balancing", "PSO.feature.selection", "PSO.valid.acc", 
"PSO.test.acc", "PSO.train.time", "PSO.n.support.vectors", "PSO.index", 
"PSO.n.solutions", "PSO.generations", "PSO.n.evaluations", "PSO.cpu.time", 
"RS.cost", "RS.gamma", "RS.data.balancing", "RS.feature.selection", 
"RS.valid.acc", "RS.test.acc", "RS.train.time", "RS.n.support.vectors", 
"RS.index", "RS.n.solutions", "RS.generations", "RS.n.evaluations", 
"RS.cpu.time", "DF.cost", "DF.gamma", "DF.data.balancing", "DF.feature.selection", 
"DF.valid.acc", "DF.test.acc", "DF.train.time", "DF.n.support.vectors", 
"DF.index", "DF.n.solutions", "DF.generations", "DF.n.evaluations", 
"DF.cpu.time")))
