full <-
structure(c(50, 55, 60, 65, 70, 75, 80, 85, 90, 95, 100, 5.26171, 
8.06898, 13.00093, 12.31041, 5.07016, 6.30713, 8.01279, 13.70335, 
3.16056, 6.17627, 11.72461, -5.05389, -5.42394, -3.16227, -3.56484, 
-4.19073, -3.32787, -4.09545, -3.21827, -2.7635, -3.83105, -2.69732, 
0, 0, 0, 0, 0, 0, 0, 0, 0, 0, 0, 0, 0, 0, 0, 0, 0, 0, 0, 0, 0, 
0, 0.93987, 0.95451, 0.96137, 0.98151, 0.97271, 0.98519, 0.9887, 
0.99173, 0.99551, 0.99469, 0.99697, 0.94193, 0.95056, 0.95109, 
0.97059, 0.96968, 0.97987, 0.98492, 0.98932, 0.98996, 0.99153, 
0.99798, 0.086, 0.095, 0.1372, 0.144, 0.1401, 0.1729, 0.1768, 
0.2156, 0.2459, 0.237, 0.2892, 299.8, 300.4, 402.6, 417.3, 415.2, 
467.9, 458.5, 521.6, 553.9, 536.2, 594.3, 737, 144, 354, 396, 
2229, 77, 83, 156, 35, 50, 40, 81, 1092, 759, 237, 2, 1367, 1086, 
917, 491, 1362, 1096, 100, 100, 100, 100, 100, 100, 100, 100, 
100, 100, 100, 2500, 2500, 2500, 2500, 2500, 2500, 2500, 2500, 
2500, 2500, 2500, 8549.664, 8804.254, 9656.029, 9458.974, 10279.402, 
10585.558, 11045.295, 12060.156, 12551.668, 12386.102, 14053.714, 
6.1679, 14.21813, 14.32158, 13.41056, 5.73138, 5.46776, 14.71475, 
13.12483, 2.99722, 13.48341, 8.48585, -5.56546, -5.4437, -3.18776, 
-3.63883, -4.18035, -3.37821, -4.12455, -3.20762, -2.80893, -3.64418, 
-2.81483, 0, 0, 0, 0, 0, 0, 0, 0, 0, 0, 0, 0, 0, 0, 0, 0, 0, 
0, 0, 0, 0, 0, 0.94175, 0.95451, 0.95968, 0.97995, 0.97269, 0.98519, 
0.9887, 0.99173, 0.99551, 0.99469, 0.99697, 0.93997, 0.94878, 
0.95109, 0.96903, 0.96968, 0.97987, 0.98492, 0.98932, 0.99109, 
0.99048, 0.99798, 0.0848, 0.0953, 0.1357, 0.1345, 0.1408, 0.1733, 
0.1734, 0.2142, 0.2357, 0.2272, 0.2868, 285.4, 300.5, 401.7, 
416.5, 415.6, 467.3, 456.7, 522.1, 553.4, 545.3, 593.3, 1387, 
299, 16, 37, 2036, 42, 1139, 47, 518, 26, 102, 1, 7, 21, 17, 
1, 16, 3, 3, 2, 39, 15, 100, 100, 100, 100, 100, 100, 100, 100, 
100, 100, 100, 2500, 2500, 2500, 2500, 2500, 2500, 2500, 2500, 
2500, 2500, 2500, 9157.981, 9485.201, 9603.739, 10076.113, 10598.171, 
11519.289, 12224.081, 12671.692, 13088.2, 14276.235, 15079.412, 
1, 1, 1, 1, 1, 1, 1, 1, 1, 1, 1, 0.07692, 0.07692, 0.07692, 0.07692, 
0.07692, 0.07692, 0.07692, 0.07692, 0.07692, 0.07692, 0.07692, 
0, 0, 0, 0, 0, 0, 0, 0, 0, 0, 0, 0, 0, 0, 0, 0, 0, 0, 0, 0, 0, 
0, 0.82684, 0.86076, 0.88709, 0.89164, 0.89495, 0.9033, 0.92711, 
0.9123, 0.92184, 0.93752, 0.93434, 0.83053, 0.85691, 0.88204, 
0.90369, 0.90909, 0.90748, 0.92074, 0.91026, 0.92615, 0.94386, 
0.94141, 0.1075, 0.1221, 0.1343, 0.1562, 0.1723, 0.199, 0.2128, 
0.2345, 0.2572, 0.2842, 0.3027, 381.4, 415.7, 451.5, 487.2, 520.4, 
549.6, 583.4, 619.3, 648.7, 679, 706.2, 1, 1, 1, 1, 1, 1, 1, 
1, 1, 1, 1, 1, 1, 1, 1, 1, 1, 1, 1, 1, 1, 1, 1, 1, 1, 1, 1, 1, 
1, 1, 1, 1, 1, 1, 1, 1, 1, 1, 1, 1, 1, 1, 1, 1, 3.698, 3.756, 
3.703, 3.987, 4.174, 4.66, 4.694, 4.876, 5.166, 5.48, 5.714), .Dim = c(11L, 
40L), .Dimnames = list(NULL, c("Sampling", "PSO.cost", "PSO.gamma", 
"PSO.data.balancing", "PSO.feature.selection", "PSO.valid.acc", 
"PSO.test.acc", "PSO.train.time", "PSO.n.support.vectors", "PSO.index", 
"PSO.n.solutions", "PSO.generations", "PSO.n.evaluations", "PSO.cpu.time", 
"RS.cost", "RS.gamma", "RS.data.balancing", "RS.feature.selection", 
"RS.valid.acc", "RS.test.acc", "RS.train.time", "RS.n.support.vectors", 
"RS.index", "RS.n.solutions", "RS.generations", "RS.n.evaluations", 
"RS.cpu.time", "DF.cost", "DF.gamma", "DF.data.balancing", "DF.feature.selection", 
"DF.valid.acc", "DF.test.acc", "DF.train.time", "DF.n.support.vectors", 
"DF.index", "DF.n.solutions", "DF.generations", "DF.n.evaluations", 
"DF.cpu.time")))
