full <-
structure(c(50, 55, 60, 65, 70, 75, 80, 85, 90, 95, 100, 8.01289, 
6.1749, 12.88799, 3.8263, 11.04832, 14.4943, 14.2349, 7.16134, 
13.67619, 10.05528, 4.78659, -3.07228, -3.71884, -4.59893, -3.63934, 
-4.50799, -5.4669, -3.2451, -3.06393, -3.19979, -3.6107, -3.33326, 
0, 0, 0, 0, 0, 0, 0, 0, 0, 0, 0, 0, 0, 0, 0, 0, 0, 0, 0, 0, 0, 
0, 0.94132, 0.97066, 0.9716, 0.98759, 0.99281, 0.99068, 0.98864, 
0.9929, 0.9888, 0.99257, 0.99697, 0.93944, 0.96355, 0.96838, 
0.98283, 0.98712, 0.9852, 0.98617, 0.99167, 0.98882, 0.99153, 
0.99192, 0.1162, 0.1076, 0.1076, 0.1329, 0.14, 0.1359, 0.1894, 
0.2082, 0.2329, 0.2406, 0.27, 351.8, 364.9, 359.5, 413.9, 399.1, 
374.2, 494.2, 527, 549.1, 546.7, 577.4, 205, 29, 147, 143, 28, 
3, 161, 39, 23, 37, 24, 279, 1133, 1285, 193, 793, 1315, 1247, 
1693, 1378, 1446, 1495, 100, 100, 100, 100, 100, 100, 100, 100, 
100, 100, 100, 2500, 2500, 2500, 2500, 2500, 2500, 2500, 2500, 
2500, 2500, 2500, 8992.312, 8875.737, 8877.142, 9581.643, 9604.197, 
9732.303, 10793.865, 11297.496, 12382.21, 12815.905, 13230.11, 
13.19884, 8.48877, 8.97397, 3.9188, 10.32907, 7.30454, 4.27419, 
14.02195, 9.34993, 8.59557, 8.13445, -3.06049, -3.84785, -4.55384, 
-3.70559, -4.51525, -5.26309, -3.29565, -3.32954, -2.69593, -3.52934, 
-3.27196, 0, 0, 0, 0, 0, 0, 0, 0, 0, 0, 0, 0, 0, 0, 0, 0, 0, 
0, 0, 0, 0, 0, 0.94132, 0.97066, 0.9716, 0.98759, 0.99281, 0.99068, 
0.98864, 0.9929, 0.9888, 0.99257, 0.99697, 0.93944, 0.96534, 
0.97002, 0.98283, 0.98712, 0.98252, 0.98617, 0.98931, 0.99106, 
0.99153, 0.99293, 0.111, 0.1056, 0.1101, 0.1336, 0.1336, 0.1419, 
0.1844, 0.2006, 0.2486, 0.2463, 0.267, 351.9, 362, 360.8, 412.2, 
398.8, 381.2, 493.6, 518.3, 561.6, 548.8, 579.5, 843, 37, 95, 
850, 361, 836, 33, 78, 14, 142, 56, 5, 23, 16, 1, 4, 12, 9, 41, 
106, 33, 26, 100, 100, 100, 100, 100, 100, 100, 100, 100, 100, 
100, 2500, 2500, 2500, 2500, 2500, 2500, 2500, 2500, 2500, 2500, 
2500, 9139.566, 9065.65, 9633.214, 10077.131, 10618.454, 11221.759, 
11574.577, 12567.86, 13454.665, 14128.099, 14624.036, 1, 1, 1, 
1, 1, 1, 1, 1, 1, 1, 1, 0.07692, 0.07692, 0.07692, 0.07692, 0.07692, 
0.07692, 0.07692, 0.07692, 0.07692, 0.07692, 0.07692, 0, 0, 0, 
0, 0, 0, 0, 0, 0, 0, 0, 0, 0, 0, 0, 0, 0, 0, 0, 0, 0, 0, 0.82411, 
0.85669, 0.86585, 0.88658, 0.88926, 0.90897, 0.9055, 0.92443, 
0.93087, 0.93614, 0.93131, 0.83461, 0.8731, 0.8639, 0.88384, 
0.89205, 0.91837, 0.903, 0.92081, 0.93086, 0.93191, 0.93838, 
0.1016, 0.1196, 0.1409, 0.1537, 0.1729, 0.1937, 0.2031, 0.2367, 
0.2601, 0.2847, 0.3087, 387, 421.4, 457, 491.1, 525.7, 559.5, 
588.1, 621.7, 654.4, 686.5, 708.3, 1, 1, 1, 1, 1, 1, 1, 1, 1, 
1, 1, 1, 1, 1, 1, 1, 1, 1, 1, 1, 1, 1, 1, 1, 1, 1, 1, 1, 1, 1, 
1, 1, 1, 1, 1, 1, 1, 1, 1, 1, 1, 1, 1, 1, 3.418, 3.585, 3.893, 
3.968, 4.147, 4.388, 4.396, 4.925, 5.158, 5.46, 5.736), .Dim = c(11L, 
40L), .Dimnames = list(NULL, c("Sampling", "PSO.cost", "PSO.gamma", 
"PSO.data.balancing", "PSO.feature.selection", "PSO.valid.acc", 
"PSO.test.acc", "PSO.train.time", "PSO.n.support.vectors", "PSO.index", 
"PSO.n.solutions", "PSO.generations", "PSO.n.evaluations", "PSO.cpu.time", 
"RS.cost", "RS.gamma", "RS.data.balancing", "RS.feature.selection", 
"RS.valid.acc", "RS.test.acc", "RS.train.time", "RS.n.support.vectors", 
"RS.index", "RS.n.solutions", "RS.generations", "RS.n.evaluations", 
"RS.cpu.time", "DF.cost", "DF.gamma", "DF.data.balancing", "DF.feature.selection", 
"DF.valid.acc", "DF.test.acc", "DF.train.time", "DF.n.support.vectors", 
"DF.index", "DF.n.solutions", "DF.generations", "DF.n.evaluations", 
"DF.cpu.time")))
