full <-
structure(c(50, 55, 60, 65, 70, 75, 80, 85, 90, 95, 100, 3.00916, 
3.66494, 3.88706, 3.37169, 5.18267, 10.73488, 7.39698, 5.46419, 
11.59779, 5.29588, 4.85103, -3.02485, -4.30781, -4.1125, -3.80703, 
-3.87705, -2.75159, -4.907, -4.84658, -2.68118, -3.56863, -3.38089, 
0, 0, 0, 0, 0, 0, 0, 0, 0, 0, 0, 0, 0, 0, 0, 0, 0, 0, 0, 0, 0, 
0, 0.94376, 0.96124, 0.96473, 0.97813, 0.98412, 0.98657, 0.98867, 
0.99169, 0.99436, 0.99787, 0.99697, 0.93126, 0.95585, 0.95628, 
0.97803, 0.97971, 0.98524, 0.98237, 0.99056, 0.99212, 0.99473, 
0.99596, 0.1125, 0.1049, 0.1206, 0.1389, 0.1485, 0.2084, 0.1634, 
0.1813, 0.2621, 0.2541, 0.2639, 351.7, 353, 382.7, 420.2, 439.6, 
494.6, 427.5, 448, 560.2, 556.1, 575, 718, 1714, 502, 414, 13, 
49, 19, 178, 115, 29, 41, 323, 2, 385, 106, 250, 1342, 1339, 
130, 1417, 1536, 1034, 100, 100, 100, 100, 100, 100, 100, 100, 
100, 100, 100, 2500, 2500, 2500, 2500, 2500, 2500, 2500, 2500, 
2500, 2500, 2500, 8757.157, 8876.999, 9364.459, 9665.272, 9822.98, 
11782.504, 10617.084, 11435.06, 12927.943, 12941.911, 13468.392, 
4.07576, 3.83078, 4.03775, 3.44001, 6.82029, 4.07471, 11.84175, 
6.26469, 7.93868, 5.22488, 5.20438, -4.24327, -4.07936, -4.25344, 
-3.78593, -3.8799, -2.57697, -4.73941, -4.80015, -2.83576, -3.70525, 
-3.37089, 0, 0, 0, 0, 0, 0, 0, 0, 0, 0, 0, 0, 0, 0, 0, 0, 0, 
0, 0, 0, 0, 0, 0.94364, 0.9612, 0.96473, 0.97813, 0.98269, 0.98657, 
0.98867, 0.99054, 0.99436, 0.99787, 0.99697, 0.93334, 0.95945, 
0.95464, 0.97803, 0.97826, 0.98524, 0.98237, 0.99175, 0.99211, 
0.99473, 0.99596, 0.0931, 0.1065, 0.1191, 0.1353, 0.147, 0.2107, 
0.167, 0.1817, 0.2473, 0.2323, 0.2624, 328.7, 356.6, 379.8, 421, 
438.4, 495.1, 439.7, 450.7, 557.6, 550.4, 575.2, 1879, 2121, 
1381, 1624, 188, 97, 63, 772, 11, 2, 504, 1, 1, 1, 1, 4, 63, 
28, 2, 46, 212, 4, 100, 100, 100, 100, 100, 100, 100, 100, 100, 
100, 100, 2500, 2500, 2500, 2500, 2500, 2500, 2500, 2500, 2500, 
2500, 2500, 8880.676, 9515.127, 9805.712, 10270.183, 10622.669, 
11499.385, 12136.924, 12756.45, 13599.288, 14188.114, 14837.376, 
1, 1, 1, 1, 1, 1, 1, 1, 1, 1, 1, 0.07692, 0.07692, 0.07692, 0.07692, 
0.07692, 0.07692, 0.07692, 0.07692, 0.07692, 0.07692, 0.07692, 
0, 0, 0, 0, 0, 0, 0, 0, 0, 0, 0, 0, 0, 0, 0, 0, 0, 0, 0, 0, 0, 
0, 0.83314, 0.86607, 0.8739, 0.9036, 0.89201, 0.91695, 0.93207, 
0.93503, 0.92729, 0.93855, 0.94343, 0.84674, 0.86055, 0.87905, 
0.89588, 0.89489, 0.91021, 0.92063, 0.93963, 0.92729, 0.93848, 
0.94242, 0.1067, 0.1222, 0.1348, 0.152, 0.1751, 0.203, 0.2166, 
0.2472, 0.2686, 0.2843, 0.3024, 383.6, 418.6, 453.3, 489.5, 523.2, 
555, 589.8, 623.1, 655.9, 686.1, 708.7, 1, 1, 1, 1, 1, 1, 1, 
1, 1, 1, 1, 1, 1, 1, 1, 1, 1, 1, 1, 1, 1, 1, 1, 1, 1, 1, 1, 1, 
1, 1, 1, 1, 1, 1, 1, 1, 1, 1, 1, 1, 1, 1, 1, 1, 3.525, 3.776, 
3.732, 3.947, 4.165, 4.673, 4.681, 5.203, 5.413, 5.496, 5.661
), .Dim = c(11L, 40L), .Dimnames = list(NULL, c("Sampling", "PSO.cost", 
"PSO.gamma", "PSO.data.balancing", "PSO.feature.selection", "PSO.valid.acc", 
"PSO.test.acc", "PSO.train.time", "PSO.n.support.vectors", "PSO.index", 
"PSO.n.solutions", "PSO.generations", "PSO.n.evaluations", "PSO.cpu.time", 
"RS.cost", "RS.gamma", "RS.data.balancing", "RS.feature.selection", 
"RS.valid.acc", "RS.test.acc", "RS.train.time", "RS.n.support.vectors", 
"RS.index", "RS.n.solutions", "RS.generations", "RS.n.evaluations", 
"RS.cpu.time", "DF.cost", "DF.gamma", "DF.data.balancing", "DF.feature.selection", 
"DF.valid.acc", "DF.test.acc", "DF.train.time", "DF.n.support.vectors", 
"DF.index", "DF.n.solutions", "DF.generations", "DF.n.evaluations", 
"DF.cpu.time")))
