full <-
structure(c(50, 55, 60, 65, 70, 75, 80, 85, 90, 95, 100, 5.07107, 
3.28959, 12.81379, 8.32348, 11.3968, 5.83148, 6.24624, 5.35126, 
9.78666, 4.83274, 3.13236, -5.58866, -4.06663, -4.91367, -4.19956, 
-2.87834, -3.47791, -2.63371, -3.38949, -4.08751, -3.27302, -3.19757, 
0, 0, 0, 0, 0, 0, 0, 0, 0, 0, 0, 0, 0, 0, 0, 0, 0, 0, 0, 0, 0, 
0, 0.9536, 0.96159, 0.96979, 0.97828, 0.98279, 0.99063, 0.9823, 
0.99406, 0.99554, 0.99572, 0.99394, 0.9554, 0.95228, 0.96146, 
0.97186, 0.97575, 0.98926, 0.9849, 0.98931, 0.99098, 0.99254, 
0.99495, 0.0862, 0.1109, 0.11, 0.1293, 0.1809, 0.1718, 0.2231, 
0.2129, 0.2063, 0.2511, 0.2745, 301.4, 364.1, 349.8, 401.9, 456.5, 
464.2, 503.5, 512, 507.1, 563.1, 586.2, 1514, 1207, 184, 19, 
8, 61, 77, 187, 85, 28, 965, 26, 210, 1195, 1361, 862, 1194, 
1049, 707, 1437, 157, 103, 100, 100, 100, 100, 100, 100, 100, 
100, 100, 100, 100, 2500, 2500, 2500, 2500, 2500, 2500, 2500, 
2500, 2500, 2500, 2500, 8142.576, 8490.458, 8611.593, 9219.289, 
10078.578, 10307.752, 11418.191, 11503.15, 11407.529, 12587.825, 
14108.59, 5.25883, 3.33739, 7.50117, 8.58389, 5.91199, 12.20759, 
5.95911, 9.28156, 11.59034, 8.65246, 4.02491, -5.42812, -4.09374, 
-4.84592, -4.12055, -2.77444, -3.59156, -2.5838, -3.40498, -3.79573, 
-2.71427, -3.16567, 0, 0, 0, 0, 0, 0, 0, 0, 0, 0, 0, 0, 0, 0, 
0, 0, 0, 0, 0, 0, 0, 0, 0.95148, 0.96159, 0.96979, 0.97828, 0.98279, 
0.99063, 0.9823, 0.99406, 0.99554, 0.9957, 0.99394, 0.9554, 0.95228, 
0.96146, 0.97186, 0.9743, 0.99059, 0.9849, 0.98931, 0.99098, 
0.99254, 0.99596, 0.084, 0.1014, 0.106, 0.131, 0.1828, 0.1641, 
0.2242, 0.2064, 0.2203, 0.2584, 0.2646, 303.1, 363.3, 352.4, 
404.9, 457, 461.6, 504.1, 510.3, 522.2, 575.1, 588.1, 1960, 1499, 
341, 49, 17, 6, 496, 904, 39, 20, 1604, 1, 1, 12, 7, 55, 20, 
12, 2, 27, 9, 2, 100, 100, 100, 100, 100, 100, 100, 100, 100, 
100, 100, 2500, 2500, 2500, 2500, 2500, 2500, 2500, 2500, 2500, 
2500, 2500, 8430.655, 8947.625, 9512.74, 9960.198, 10650.362, 
11115.068, 11612.198, 12202.808, 13010.761, 13797.571, 14436.835, 
1, 1, 1, 1, 1, 1, 1, 1, 1, 1, 1, 0.07692, 0.07692, 0.07692, 0.07692, 
0.07692, 0.07692, 0.07692, 0.07692, 0.07692, 0.07692, 0.07692, 
0, 0, 0, 0, 0, 0, 0, 0, 0, 0, 0, 0, 0, 0, 0, 0, 0, 0, 0, 0, 0, 
0, 0.85473, 0.86799, 0.8805, 0.88199, 0.9007, 0.91009, 0.91325, 
0.93005, 0.93734, 0.93657, 0.94343, 0.85852, 0.88099, 0.87586, 
0.88326, 0.88392, 0.90609, 0.91583, 0.92419, 0.93728, 0.93864, 
0.9404, 0.1005, 0.1201, 0.1336, 0.1538, 0.1755, 0.1944, 0.2186, 
0.2244, 0.2578, 0.2768, 0.3001, 383.7, 419.9, 452.5, 486.3, 522.2, 
554.3, 586.5, 618.8, 652.1, 681.8, 710.6, 1, 1, 1, 1, 1, 1, 1, 
1, 1, 1, 1, 1, 1, 1, 1, 1, 1, 1, 1, 1, 1, 1, 1, 1, 1, 1, 1, 1, 
1, 1, 1, 1, 1, 1, 1, 1, 1, 1, 1, 1, 1, 1, 1, 1, 3.266, 3.512, 
3.599, 3.921, 4.11, 4.329, 4.701, 4.543, 5.07, 5.259, 5.587), .Dim = c(11L, 
40L), .Dimnames = list(NULL, c("Sampling", "PSO.cost", "PSO.gamma", 
"PSO.data.balancing", "PSO.feature.selection", "PSO.valid.acc", 
"PSO.test.acc", "PSO.train.time", "PSO.n.support.vectors", "PSO.index", 
"PSO.n.solutions", "PSO.generations", "PSO.n.evaluations", "PSO.cpu.time", 
"RS.cost", "RS.gamma", "RS.data.balancing", "RS.feature.selection", 
"RS.valid.acc", "RS.test.acc", "RS.train.time", "RS.n.support.vectors", 
"RS.index", "RS.n.solutions", "RS.generations", "RS.n.evaluations", 
"RS.cpu.time", "DF.cost", "DF.gamma", "DF.data.balancing", "DF.feature.selection", 
"DF.valid.acc", "DF.test.acc", "DF.train.time", "DF.n.support.vectors", 
"DF.index", "DF.n.solutions", "DF.generations", "DF.n.evaluations", 
"DF.cpu.time")))
