full <-
structure(c(50, 55, 60, 65, 70, 75, 80, 85, 90, 95, 100, 4.69138, 
6.94788, 4.54021, 11.26573, 4.8286, 5.88264, 3.95707, 9.68468, 
5.77069, 4.42759, 6.36717, -3.48836, -2.91836, -3.31512, -3.60776, 
-3.60288, -2.61653, -3.11746, -3.07297, -3.00273, -3.07123, -3.30046, 
0, 0, 0, 0, 0, 0, 0, 0, 0, 0, 0, 0, 0, 0, 0, 0, 0, 0, 0, 0, 0, 
0, 0.95562, 0.96327, 0.97157, 0.96891, 0.97705, 0.98505, 0.98984, 
0.99064, 0.98771, 0.99478, 0.99798, 0.9435, 0.96327, 0.96654, 
0.96254, 0.98409, 0.98387, 0.98857, 0.99183, 0.99114, 0.99577, 
0.99293, 0.1028, 0.1269, 0.1326, 0.1448, 0.1621, 0.2145, 0.2037, 
0.227, 0.2491, 0.2591, 0.2658, 343.4, 376.8, 400.8, 419.2, 445.6, 
491.3, 509.3, 535, 554.3, 575, 577.2, 194, 97, 1059, 222, 45, 
274, 1178, 11, 40, 140, 43, 491, 974, 70, 91, 893, 1180, 153, 
1538, 1453, 1117, 1584, 100, 100, 100, 100, 100, 100, 100, 100, 
100, 100, 100, 2500, 2500, 2500, 2500, 2500, 2500, 2500, 2500, 
2500, 2500, 2500, 9162.433, 9791.929, 9589.453, 9877.86599999999, 
10248.432, 11425.19, 12064.856, 12741.998, 12834.787, 13145.799, 
13194.918, 9.28575, 10.60695, 8.20873, 9.63715, 4.40326, 13.31884, 
3.99421, 11.09776, 6.52355, 13.93943, 11.37099, -3.4858, -2.85501, 
-3.43892, -3.60831, -3.56088, -2.61689, -3.18031, -2.43134, -2.86763, 
-3.07469, -2.81134, 0, 0, 0, 0, 0, 0, 0, 0, 0, 0, 0, 0, 0, 0, 
0, 0, 0, 0, 0, 0, 0, 0, 0.95562, 0.96327, 0.97155, 0.96891, 0.97705, 
0.98505, 0.98984, 0.99064, 0.98771, 0.99478, 0.99798, 0.9435, 
0.96327, 0.96823, 0.96254, 0.98409, 0.98387, 0.98732, 0.99183, 
0.99, 0.99472, 0.99394, 0.1014, 0.1314, 0.1329, 0.1422, 0.1531, 
0.2113, 0.2064, 0.2585, 0.2492, 0.2633, 0.2857, 343.7, 377.8, 
398.4, 419.1, 446.7, 491.4, 508.7, 541.6, 556.1, 574.7, 595, 
735, 5, 225, 781, 87, 42, 682, 10, 18, 84, 13, 2, 21, 10, 1, 
12, 8, 3, 94, 51, 11, 63, 100, 100, 100, 100, 100, 100, 100, 
100, 100, 100, 100, 2500, 2500, 2500, 2500, 2500, 2500, 2500, 
2500, 2500, 2500, 2500, 9184.098, 9657.024, 9609.11, 10111.571, 
10821.032, 11605.682, 12254.403, 12910.111, 13430.348, 13930.749, 
14551.801, 1, 1, 1, 1, 1, 1, 1, 1, 1, 1, 1, 0.07692, 0.07692, 
0.07692, 0.07692, 0.07692, 0.07692, 0.07692, 0.07692, 0.07692, 
0.07692, 0.07692, 0, 0, 0, 0, 0, 0, 0, 0, 0, 0, 0, 0, 0, 0, 0, 
0, 0, 0, 0, 0, 0, 0, 0.80841, 0.84073, 0.8561, 0.85133, 0.88784, 
0.90992, 0.90819, 0.92541, 0.93504, 0.92609, 0.9404, 0.80241, 
0.85924, 0.85103, 0.85742, 0.89332, 0.90764, 0.90941, 0.93041, 
0.93407, 0.93026, 0.94545, 0.1066, 0.1224, 0.1442, 0.1493, 0.1805, 
0.19, 0.2196, 0.2293, 0.2642, 0.2773, 0.2988, 378.8, 415.2, 451.2, 
484, 518.2, 551.8, 586.9, 616.7, 647.8, 683, 707.6, 1, 1, 1, 
1, 1, 1, 1, 1, 1, 1, 1, 1, 1, 1, 1, 1, 1, 1, 1, 1, 1, 1, 1, 1, 
1, 1, 1, 1, 1, 1, 1, 1, 1, 1, 1, 1, 1, 1, 1, 1, 1, 1, 1, 1, 3.602, 
3.788, 3.973, 3.746, 4.326, 4.284, 4.829, 4.763, 5.266, 5.249, 
5.61), .Dim = c(11L, 40L), .Dimnames = list(NULL, c("Sampling", 
"PSO.cost", "PSO.gamma", "PSO.data.balancing", "PSO.feature.selection", 
"PSO.valid.acc", "PSO.test.acc", "PSO.train.time", "PSO.n.support.vectors", 
"PSO.index", "PSO.n.solutions", "PSO.generations", "PSO.n.evaluations", 
"PSO.cpu.time", "RS.cost", "RS.gamma", "RS.data.balancing", "RS.feature.selection", 
"RS.valid.acc", "RS.test.acc", "RS.train.time", "RS.n.support.vectors", 
"RS.index", "RS.n.solutions", "RS.generations", "RS.n.evaluations", 
"RS.cpu.time", "DF.cost", "DF.gamma", "DF.data.balancing", "DF.feature.selection", 
"DF.valid.acc", "DF.test.acc", "DF.train.time", "DF.n.support.vectors", 
"DF.index", "DF.n.solutions", "DF.generations", "DF.n.evaluations", 
"DF.cpu.time")))
