full <-
structure(c(50, 55, 60, 65, 70, 75, 80, 85, 90, 95, 100, 4.7575, 
7.43052, 3.00806, 4.33267, 3.90358, 7.43861, 6.60118, 3.27226, 
8.02926, 9.24488, 13.8222, -5.02396, -5.65944, -3.33318, -3.96916, 
-3.64972, -5.57321, -4.37998, -3.26635, -3.00852, -2.58926, -2.07237, 
0, 0, 0, 0, 0, 0, 0, 0, 0, 0, 0, 0, 0, 0, 0, 0, 0, 0, 0, 0, 0, 
0, 0.95565, 0.96864, 0.96642, 0.97532, 0.97681, 0.97732, 0.98628, 
0.98827, 0.99221, 0.99788, 0.99596, 0.94711, 0.95934, 0.97005, 
0.96885, 0.9769, 0.97311, 0.98245, 0.98579, 0.99336, 0.99686, 
0.99394, 0.0902, 0.0929, 0.131, 0.133, 0.1548, 0.141, 0.1722, 
0.2147, 0.242, 0.2787, 0.3347, 301.7, 298.2, 397.1, 399.8, 434.7, 
364.5, 447, 520.2, 547, 576.7, 609.5, 509, 321, 2018, 555, 40, 
322, 275, 515, 41, 174, 3, 175, 708, 3, 550, 494, 805, 551, 305, 
902, 374, 1544, 100, 100, 100, 100, 100, 100, 100, 100, 100, 
100, 100, 2500, 2500, 2500, 2500, 2500, 2500, 2500, 2500, 2500, 
2500, 2500, 8253.779, 8473.263, 9120.605, 9735.524, 10386.132, 
10111.372, 10885.72, 11928.232, 12532.033, 13620.386, 14375.554, 
5.3681, 7.39952, 2.15064, 5.90433, 4.68686, 8.23459, 6.25257, 
3.68446, 14.55363, 11.36854, 8.91985, -4.74357, -5.49332, -3.29581, 
-4.03494, -3.6738, -5.59631, -4.32108, -3.08155, -2.98087, -2.73786, 
-2.33509, 0, 0, 0, 0, 0, 0, 0, 0, 0, 0, 0, 0, 0, 0, 0, 0, 0, 
0, 0, 0, 0, 0, 0.95553, 0.96864, 0.96639, 0.9738, 0.97544, 0.97732, 
0.98628, 0.98712, 0.99221, 0.99682, 0.99596, 0.94073, 0.96116, 
0.96493, 0.96731, 0.97696, 0.97439, 0.98497, 0.98344, 0.99336, 
0.99686, 0.99394, 0.0871, 0.0933, 0.1323, 0.1331, 0.1546, 0.1422, 
0.1735, 0.2161, 0.2394, 0.2687, 0.3131, 305.6, 301.6, 403.6, 
397.7, 433.7, 363.7, 451.8, 522.6, 547.4, 572.8, 604.7, 2307, 
817, 879, 1292, 228, 478, 54, 2388, 1199, 76, 1, 1, 1, 1, 1, 
4, 4, 6, 1, 3, 34, 137, 100, 100, 100, 100, 100, 100, 100, 100, 
100, 100, 100, 2500, 2500, 2500, 2500, 2500, 2500, 2500, 2500, 
2500, 2500, 2500, 8790.319, 9230.106, 9741.158, 10518.366, 11080.197, 
11703.247, 12229.583, 12843.88, 13438.609, 14238.526, 14783.456, 
1, 1, 1, 1, 1, 1, 1, 1, 1, 1, 1, 0.07692, 0.07692, 0.07692, 0.07692, 
0.07692, 0.07692, 0.07692, 0.07692, 0.07692, 0.07692, 0.07692, 
0, 0, 0, 0, 0, 0, 0, 0, 0, 0, 0, 0, 0, 0, 0, 0, 0, 0, 0, 0, 0, 
0, 0.84669, 0.86196, 0.88566, 0.8972, 0.912, 0.91241, 0.9156, 
0.92914, 0.92969, 0.93342, 0.95051, 0.85095, 0.86916, 0.89438, 
0.89708, 0.91213, 0.91251, 0.91065, 0.92691, 0.93311, 0.93015, 
0.94545, 0.1047, 0.1212, 0.1369, 0.1574, 0.1743, 0.1974, 0.2132, 
0.2344, 0.2586, 0.2834, 0.3028, 380, 417, 449.9, 484.9, 514.5, 
546.8, 580.2, 612.5, 645, 680.9, 711.4, 1, 1, 1, 1, 1, 1, 1, 
1, 1, 1, 1, 1, 1, 1, 1, 1, 1, 1, 1, 1, 1, 1, 1, 1, 1, 1, 1, 1, 
1, 1, 1, 1, 1, 1, 1, 1, 1, 1, 1, 1, 1, 1, 1, 1, 3.46, 3.649, 
3.879, 4.139, 4.333, 4.599, 4.701, 4.898, 5.203, 5.482, 5.719
), .Dim = c(11L, 40L), .Dimnames = list(NULL, c("Sampling", "PSO.cost", 
"PSO.gamma", "PSO.data.balancing", "PSO.feature.selection", "PSO.valid.acc", 
"PSO.test.acc", "PSO.train.time", "PSO.n.support.vectors", "PSO.index", 
"PSO.n.solutions", "PSO.generations", "PSO.n.evaluations", "PSO.cpu.time", 
"RS.cost", "RS.gamma", "RS.data.balancing", "RS.feature.selection", 
"RS.valid.acc", "RS.test.acc", "RS.train.time", "RS.n.support.vectors", 
"RS.index", "RS.n.solutions", "RS.generations", "RS.n.evaluations", 
"RS.cpu.time", "DF.cost", "DF.gamma", "DF.data.balancing", "DF.feature.selection", 
"DF.valid.acc", "DF.test.acc", "DF.train.time", "DF.n.support.vectors", 
"DF.index", "DF.n.solutions", "DF.generations", "DF.n.evaluations", 
"DF.cpu.time")))
