full <-
structure(c(50, 55, 60, 65, 70, 75, 80, 85, 90, 95, 100, 7.48473, 
14.08776, 5.51073, 4.76675, 5.14014, 4.57488, 8.96016, 15, 5.49609, 
4.5277, 13.06765, -3.25764, -2.55606, -4.47395, -3.44609, -3.98956, 
-3.54, -2.79296, -3.85438, -4.00332, -2.74618, -2.65046, 0, 0, 
0, 0, 0, 0, 0, 0, 0, 0, 0, 0, 0, 0, 0, 0, 0, 0, 0, 0, 0, 0, 0.96164, 
0.95451, 0.97469, 0.97668, 0.97684, 0.98648, 0.99364, 0.98593, 
0.99552, 0.99682, 0.99495, 0.95364, 0.96369, 0.96644, 0.97365, 
0.97684, 0.9812, 0.98984, 0.98472, 0.98995, 0.99685, 0.99495, 
0.1069, 0.1395, 0.1208, 0.148, 0.1471, 0.1681, 0.2146, 0.2042, 
0.2057, 0.2744, 0.2891, 352.4, 392.7, 379.2, 428.2, 435.9, 468, 
516, 499.4, 511.1, 578, 599.5, 16, 94, 1302, 39, 28, 7, 54, 99, 
216, 372, 6, 1377, 1027, 53, 1156, 1336, 66, 1311, 1425, 433, 
582, 467, 100, 100, 100, 100, 100, 100, 100, 100, 100, 100, 100, 
2500, 2500, 2500, 2500, 2500, 2500, 2500, 2500, 2500, 2500, 2500, 
9243.175, 9824.531, 9442.91, 9749.199, 10031.192, 10709.276, 
11532.631, 11525.97, 11808.774, 13364.154, 13482.935, 3.85573, 
13.97775, 8.30708, 14.84643, 6.88762, 8.50152, 5.19479, 7.55451, 
5.35764, 10.00279, 13.31128, -3.07206, -2.53233, -4.52034, -3.46192, 
-3.89965, -3.82003, -2.74662, -3.86145, -3.95636, -2.7394, -3.36018, 
0, 0, 0, 0, 0, 0, 0, 0, 0, 0, 0, 0, 0, 0, 0, 0, 0, 0, 0, 0, 0, 
0, 0.96164, 0.95451, 0.97299, 0.97668, 0.97684, 0.98641, 0.99364, 
0.98593, 0.99552, 0.99682, 0.99495, 0.95364, 0.96369, 0.96644, 
0.97365, 0.97684, 0.98249, 0.98984, 0.98472, 0.99107, 0.99685, 
0.99697, 0.1145, 0.1403, 0.121, 0.1499, 0.1564, 0.1684, 0.2183, 
0.2018, 0.2148, 0.2765, 0.2585, 355.9, 393.1, 377.7, 427.7, 440.9, 
459.7, 515.9, 499, 513.4, 578, 575, 90, 156, 666, 417, 2, 30, 
440, 343, 425, 714, 79, 22, 9, 5, 10, 25, 15, 13, 24, 4, 3, 29, 
100, 100, 100, 100, 100, 100, 100, 100, 100, 100, 100, 2500, 
2500, 2500, 2500, 2500, 2500, 2500, 2500, 2500, 2500, 2500, 9289.29, 
9691.156, 9830.898, 10206.796, 10685.056, 11548.501, 12014.357, 
12959.518, 13410.13, 14133.778, 14588.537, 1, 1, 1, 1, 1, 1, 
1, 1, 1, 1, 1, 0.07692, 0.07692, 0.07692, 0.07692, 0.07692, 0.07692, 
0.07692, 0.07692, 0.07692, 0.07692, 0.07692, 0, 0, 0, 0, 0, 0, 
0, 0, 0, 0, 0, 0, 0, 0, 0, 0, 0, 0, 0, 0, 0, 0, 0.84106, 0.83687, 
0.86715, 0.87914, 0.89186, 0.89947, 0.91817, 0.91715, 0.92409, 
0.93341, 0.94343, 0.85395, 0.85191, 0.87385, 0.88365, 0.89462, 
0.90093, 0.91401, 0.91355, 0.92524, 0.93894, 0.94747, 0.1089, 
0.1169, 0.1432, 0.1616, 0.168, 0.1981, 0.2151, 0.2413, 0.2526, 
0.2806, 0.3005, 385, 422.1, 457.7, 490.3, 522.8, 555.1, 588.8, 
618.4, 649.1, 681.5, 708, 1, 1, 1, 1, 1, 1, 1, 1, 1, 1, 1, 1, 
1, 1, 1, 1, 1, 1, 1, 1, 1, 1, 1, 1, 1, 1, 1, 1, 1, 1, 1, 1, 1, 
1, 1, 1, 1, 1, 1, 1, 1, 1, 1, 1, 3.691, 3.556, 3.959, 4.088, 
4.003, 4.436, 4.715, 5.038, 5.033, 5.364, 5.544), .Dim = c(11L, 
40L), .Dimnames = list(NULL, c("Sampling", "PSO.cost", "PSO.gamma", 
"PSO.data.balancing", "PSO.feature.selection", "PSO.valid.acc", 
"PSO.test.acc", "PSO.train.time", "PSO.n.support.vectors", "PSO.index", 
"PSO.n.solutions", "PSO.generations", "PSO.n.evaluations", "PSO.cpu.time", 
"RS.cost", "RS.gamma", "RS.data.balancing", "RS.feature.selection", 
"RS.valid.acc", "RS.test.acc", "RS.train.time", "RS.n.support.vectors", 
"RS.index", "RS.n.solutions", "RS.generations", "RS.n.evaluations", 
"RS.cpu.time", "DF.cost", "DF.gamma", "DF.data.balancing", "DF.feature.selection", 
"DF.valid.acc", "DF.test.acc", "DF.train.time", "DF.n.support.vectors", 
"DF.index", "DF.n.solutions", "DF.generations", "DF.n.evaluations", 
"DF.cpu.time")))
