full <-
structure(c(50, 55, 60, 65, 70, 75, 80, 85, 90, 95, 100, 5.65606, 
6.98482, 14.78242, 5.94758, 5.11041, 7.46686, 13.79241, 2.73009, 
3.52087, 12.45857, 8.50078, -4.7874, -5.91418, -5.34962, -5.14154, 
-5.00556, -2.95664, -2.39076, -3.0171, -2.07007, -4.83999, -3.6595, 
0, 0, 0, 0, 0, 0, 0, 0, 0, 0, 0, 0, 0, 0, 0, 0, 0, 0, 0, 0, 0, 
0, 0.95531, 0.95231, 0.96643, 0.97973, 0.97707, 0.98387, 0.98743, 
0.99167, 0.9889, 0.9905, 0.99394, 0.95543, 0.94672, 0.96811, 
0.96891, 0.97001, 0.9798, 0.98495, 0.98811, 0.98883, 0.98832, 
0.99091, 0.0874, 0.0966, 0.11, 0.1173, 0.1305, 0.1812, 0.2256, 
0.2102, 0.2799, 0.2003, 0.2405, 318.5, 308.3, 339.7, 369.8, 391.8, 
480.3, 513.9, 527, 570.4, 472.6, 563.6, 334, 1457, 142, 880, 
311, 130, 72, 999, 43, 122, 67, 524, 44, 1051, 112, 273, 891, 
1504, 82, 1193, 627, 688, 100, 100, 100, 100, 100, 100, 100, 
100, 100, 100, 100, 2500, 2500, 2500, 2500, 2500, 2500, 2500, 
2500, 2500, 2500, 2500, 8125.281, 8991.768, 8724.359, 9032.412, 
9547.74799999999, 10431.305, 11322.345, 11235.243, 13058.693, 
11259.199, 13130.113, 4.81161, 7.16612, 14.68337, 14.46053, 4.88291, 
11.36724, 2.95468, 2.3499, 14.11467, 8.08185, 1.62385, -4.55278, 
-5.92145, -5.26686, -5.15689, -4.87042, -2.95419, -2.76939, -2.82768, 
-2.05002, -4.7992, -2.36289, 0, 0, 0, 0, 0, 0, 0, 0, 0, 0, 0, 
0, 0, 0, 0, 0, 0, 0, 0, 0, 0, 0, 0.95327, 0.95053, 0.96643, 0.97817, 
0.97707, 0.98387, 0.98867, 0.99167, 0.9889, 0.9905, 0.99394, 
0.95135, 0.94672, 0.96811, 0.96896, 0.97001, 0.9798, 0.98367, 
0.98812, 0.98883, 0.98938, 0.99495, 0.0868, 0.0961, 0.111, 0.117, 
0.1298, 0.1801, 0.2006, 0.2225, 0.2797, 0.1979, 0.3084, 325.2, 
307.8, 342.7, 369, 398.4, 480.3, 507.9, 534.5, 570.4, 475.8, 
612.5, 1738, 2407, 412, 140, 2286, 1013, 1157, 950, 32, 118, 
284, 1, 1, 7, 15, 1, 4, 2, 1, 26, 8, 2, 100, 100, 100, 100, 100, 
100, 100, 100, 100, 100, 100, 2500, 2500, 2500, 2500, 2500, 2500, 
2500, 2500, 2500, 2500, 2500, 8627.318, 9288.004, 9574.991, 9719.132, 
10298.224, 10804.455, 11347.753, 12023.814, 12692.865, 13385.531, 
14867.082, 1, 1, 1, 1, 1, 1, 1, 1, 1, 1, 1, 0.07692, 0.07692, 
0.07692, 0.07692, 0.07692, 0.07692, 0.07692, 0.07692, 0.07692, 
0.07692, 0.07692, 0, 0, 0, 0, 0, 0, 0, 0, 0, 0, 0, 0, 0, 0, 0, 
0, 0, 0, 0, 0, 0, 0, 0.83653, 0.84771, 0.86914, 0.88827, 0.89035, 
0.90631, 0.90563, 0.91826, 0.92075, 0.93134, 0.94141, 0.83797, 
0.84747, 0.8725, 0.88064, 0.88616, 0.9007, 0.91938, 0.9256, 0.93177, 
0.92913, 0.94141, 0.1076, 0.1224, 0.1416, 0.1492, 0.1684, 0.1883, 
0.2035, 0.2257, 0.2489, 0.2707, 0.3057, 382.9, 418.5, 454.5, 
492.3, 525.7, 556.5, 587, 618.7, 650.7, 683.1, 709.3, 1, 1, 1, 
1, 1, 1, 1, 1, 1, 1, 1, 1, 1, 1, 1, 1, 1, 1, 1, 1, 1, 1, 1, 1, 
1, 1, 1, 1, 1, 1, 1, 1, 1, 1, 1, 1, 1, 1, 1, 1, 1, 1, 1, 1, 3.566, 
3.688, 3.9, 3.792, 4.002, 4.222, 4.386, 4.604, 4.885, 5.106, 
5.718), .Dim = c(11L, 40L), .Dimnames = list(NULL, c("Sampling", 
"PSO.cost", "PSO.gamma", "PSO.data.balancing", "PSO.feature.selection", 
"PSO.valid.acc", "PSO.test.acc", "PSO.train.time", "PSO.n.support.vectors", 
"PSO.index", "PSO.n.solutions", "PSO.generations", "PSO.n.evaluations", 
"PSO.cpu.time", "RS.cost", "RS.gamma", "RS.data.balancing", "RS.feature.selection", 
"RS.valid.acc", "RS.test.acc", "RS.train.time", "RS.n.support.vectors", 
"RS.index", "RS.n.solutions", "RS.generations", "RS.n.evaluations", 
"RS.cpu.time", "DF.cost", "DF.gamma", "DF.data.balancing", "DF.feature.selection", 
"DF.valid.acc", "DF.test.acc", "DF.train.time", "DF.n.support.vectors", 
"DF.index", "DF.n.solutions", "DF.generations", "DF.n.evaluations", 
"DF.cpu.time")))
