full <-
structure(c(50, 55, 60, 65, 70, 75, 80, 85, 90, 95, 100, 3.52151, 
10.78747, 14.4852, 4.02697, 3.01498, 6.90062, 11.91328, 7.55774, 
12.1957, 11.0474, 6.11528, -3.64118, -3.96785, -3.29211, -3.5717, 
-3.41022, -3.80871, -2.7978, -2.66743, -2.84126, -2.55202, -1.48786, 
0, 0, 0, 0, 0, 0, 0, 0, 0, 0, 0, 0, 0, 0, 0, 0, 0, 0, 0, 0, 0, 
0, 0.94967, 0.96687, 0.96665, 0.97518, 0.97259, 0.98252, 0.98872, 
0.9882, 0.99217, 0.99471, 0.99293, 0.94943, 0.95585, 0.96324, 
0.97366, 0.96975, 0.98387, 0.98606, 0.98932, 0.9966, 0.98627, 
0.98687, 0.0994, 0.1056, 0.1303, 0.1387, 0.1564, 0.164, 0.2026, 
0.2313, 0.2364, 0.2658, 0.354, 344.7, 363.7, 399.4, 419.9, 448.3, 
457.4, 507.6, 536.6, 554.1, 579.1, 616.9, 1498, 37, 1473, 892, 
1207, 42, 120, 25, 110, 42, 24, 29, 1253, 1, 345, 25, 832, 1286, 
1425, 1229, 1113, 1261, 100, 100, 100, 100, 100, 100, 100, 100, 
100, 100, 100, 2500, 2500, 2500, 2500, 2500, 2500, 2500, 2500, 
2500, 2500, 2500, 9848.53, 10111.885, 10705.293, 11075.414, 11483.282, 
11088.441, 12240.191, 12991.054, 12998.114, 13748.542, 15263.801, 
4.12706, 13.2554, 3.11162, 6.465, 2.26297, 11.66082, 13.3419, 
10.16387, 9.67381, 13.07981, 13.48862, -4.35913, -3.9626, -3.29599, 
-3.74924, -1.98783, -3.87331, -2.73578, -2.66947, -2.8098, -2.54577, 
-1.52832, 0, 0, 0, 0, 0, 0, 0, 0, 0, 0, 0, 0, 0, 0, 0, 0, 0, 
0, 0, 0, 0, 0, 0.9496, 0.96687, 0.96501, 0.97369, 0.97257, 0.98252, 
0.98872, 0.9882, 0.99217, 0.99471, 0.99293, 0.94534, 0.95585, 
0.96324, 0.97527, 0.96695, 0.98254, 0.98732, 0.98932, 0.9966, 
0.98627, 0.98788, 0.0908, 0.1056, 0.1282, 0.1317, 0.1945, 0.1601, 
0.2075, 0.2309, 0.2343, 0.262, 0.3547, 331.1, 363.9, 401.4, 414.4, 
467.1, 456.3, 508.6, 536.6, 554.5, 579.6, 615.7, 229, 594, 700, 
265, 995, 351, 510, 138, 463, 75, 51, 2, 6, 1, 25, 13, 13, 13, 
18, 15, 15, 18, 100, 100, 100, 100, 100, 100, 100, 100, 100, 
100, 100, 2500, 2500, 2500, 2500, 2500, 2500, 2500, 2500, 2500, 
2500, 2500, 10094.256, 10654.291, 11085.917, 11274.793, 11472.129, 
12106.448, 12341.66, 13341.97, 13799.937, 13976.854, 15087.849, 
1, 1, 1, 1, 1, 1, 1, 1, 1, 1, 1, 0.07692, 0.07692, 0.07692, 0.07692, 
0.07692, 0.07692, 0.07692, 0.07692, 0.07692, 0.07692, 0.07692, 
0, 0, 0, 0, 0, 0, 0, 0, 0, 0, 0, 0, 0, 0, 0, 0, 0, 0, 0, 0, 0, 
0, 0.83072, 0.853, 0.85561, 0.88053, 0.87479, 0.89788, 0.90818, 
0.92458, 0.93415, 0.92497, 0.94343, 0.82777, 0.85856, 0.87084, 
0.87268, 0.87767, 0.89528, 0.90788, 0.92089, 0.92636, 0.92187, 
0.94141, 0.1015, 0.1183, 0.1343, 0.1501, 0.1664, 0.1853, 0.2037, 
0.2249, 0.2475, 0.2601, 0.2881, 381.4, 417.7, 453.8, 488.1, 522.7, 
556.8, 589.2, 622.2, 654.1, 683.8, 710.5, 1, 1, 1, 1, 1, 1, 1, 
1, 1, 1, 1, 1, 1, 1, 1, 1, 1, 1, 1, 1, 1, 1, 1, 1, 1, 1, 1, 1, 
1, 1, 1, 1, 1, 1, 1, 1, 1, 1, 1, 1, 1, 1, 1, 1, 3.991, 4.227, 
4.382, 4.353, 4.502, 4.669, 4.847, 5.096, 5.367, 5.141, 5.608
), .Dim = c(11L, 40L), .Dimnames = list(NULL, c("Sampling", "PSO.cost", 
"PSO.gamma", "PSO.data.balancing", "PSO.feature.selection", "PSO.valid.acc", 
"PSO.test.acc", "PSO.train.time", "PSO.n.support.vectors", "PSO.index", 
"PSO.n.solutions", "PSO.generations", "PSO.n.evaluations", "PSO.cpu.time", 
"RS.cost", "RS.gamma", "RS.data.balancing", "RS.feature.selection", 
"RS.valid.acc", "RS.test.acc", "RS.train.time", "RS.n.support.vectors", 
"RS.index", "RS.n.solutions", "RS.generations", "RS.n.evaluations", 
"RS.cpu.time", "DF.cost", "DF.gamma", "DF.data.balancing", "DF.feature.selection", 
"DF.valid.acc", "DF.test.acc", "DF.train.time", "DF.n.support.vectors", 
"DF.index", "DF.n.solutions", "DF.generations", "DF.n.evaluations", 
"DF.cpu.time")))
