full <-
structure(c(50, 55, 60, 65, 70, 75, 80, 85, 90, 95, 100, 8.50325, 
10.39761, 11.26347, 4.39242, 3.31473, 12.66036, 4.83395, 8.27392, 
4.76593, 5.40741, 7.30288, -4.64797, -3.30513, -3.83635, -3.67474, 
-3.8347, -2.60615, -3.96188, -5.60922, -3.50166, -3.81737, -3.10942, 
0, 0, 0, 0, 0, 0, 0, 0, 0, 0, 0, 0, 0, 0, 0, 0, 0, 0, 0, 0, 0, 
0, 0.95962, 0.96681, 0.96302, 0.97227, 0.97855, 0.97722, 0.9912, 
0.98472, 0.99111, 0.99471, 0.99798, 0.94757, 0.96149, 0.9396, 
0.96736, 0.97134, 0.97854, 0.98497, 0.98348, 0.99439, 0.99581, 
0.99899, 0.089, 0.1202, 0.1256, 0.1429, 0.1524, 0.2001, 0.1824, 
0.1673, 0.2181, 0.2392, 0.2618, 314.1, 374.9, 388.2, 419.3, 441.8, 
486.8, 479.1, 398.6, 532.9, 540.2, 588.5, 292, 183, 43, 920, 
534, 30, 635, 261, 35, 37, 6, 1017, 29, 1010, 329, 91, 1293, 
36, 145, 1292, 494, 1568, 100, 100, 100, 100, 100, 100, 100, 
100, 100, 100, 100, 2500, 2500, 2500, 2500, 2500, 2500, 2500, 
2500, 2500, 2500, 2500, 8627.313, 9000.365, 9498.286, 10286.754, 
10236.093, 11369.766, 11099.78, 11199.699, 12010.395, 12901.73, 
13181.695, 8.33653, 10.6596, 3.28564, 3.61412, 9.67127, 12.8401, 
9.71968, 8.19046, 7.37552, 8.06135, 6.06761, -4.64911, -4.41751, 
-3.84818, -3.68272, -3.49299, -2.58005, -4.02621, -5.53713, -3.52041, 
-3.00147, -2.21875, 0, 0, 0, 0, 0, 0, 0, 0, 0, 0, 0, 0, 0, 0, 
0, 0, 0, 0, 0, 0, 0, 0, 0.95962, 0.96512, 0.96302, 0.97222, 0.97853, 
0.97722, 0.98997, 0.98472, 0.99111, 0.99371, 0.99798, 0.94757, 
0.96334, 0.93959, 0.96582, 0.96991, 0.97854, 0.98373, 0.98348, 
0.99439, 0.99684, 0.99697, 0.0863, 0.1036, 0.1264, 0.139, 0.1569, 
0.2014, 0.1819, 0.1672, 0.2281, 0.2653, 0.3211, 314.1, 347.6, 
390.9, 419.2, 446.7, 487.3, 477.1, 400.3, 532.7, 572.5, 606.4, 
66, 463, 215, 1261, 26, 588, 58, 2365, 170, 40, 71, 8, 11, 16, 
1, 43, 17, 34, 1, 27, 4, 157, 100, 100, 100, 100, 100, 100, 100, 
100, 100, 100, 100, 2500, 2500, 2500, 2500, 2500, 2500, 2500, 
2500, 2500, 2500, 2500, 9073.336, 9450.386, 9966.342, 10243.665, 
11061.713, 11506.016, 11925.193, 12811.482, 13467.986, 14023.852, 
14703.075, 1, 1, 1, 1, 1, 1, 1, 1, 1, 1, 1, 0.07692, 0.07692, 
0.07692, 0.07692, 0.07692, 0.07692, 0.07692, 0.07692, 0.07692, 
0.07692, 0.07692, 0, 0, 0, 0, 0, 0, 0, 0, 0, 0, 0, 0, 0, 0, 0, 
0, 0, 0, 0, 0, 0, 0, 0.86294, 0.85482, 0.86741, 0.88695, 0.90224, 
0.90332, 0.91081, 0.91278, 0.92737, 0.93863, 0.94848, 0.8504, 
0.86096, 0.85716, 0.88546, 0.89348, 0.9018, 0.9121, 0.92559, 
0.93188, 0.93132, 0.94545, 0.1064, 0.1221, 0.1439, 0.1593, 0.1796, 
0.1982, 0.2166, 0.2404, 0.2617, 0.2845, 0.2963, 383.2, 419.9, 
451.8, 488.7, 524.4, 559.2, 586.4, 619.2, 650, 681, 708.7, 1, 
1, 1, 1, 1, 1, 1, 1, 1, 1, 1, 1, 1, 1, 1, 1, 1, 1, 1, 1, 1, 1, 
1, 1, 1, 1, 1, 1, 1, 1, 1, 1, 1, 1, 1, 1, 1, 1, 1, 1, 1, 1, 1, 
1, 3.567, 3.75, 3.982, 4.091, 4.378, 4.592, 4.803, 5.046, 5.285, 
5.508, 5.612), .Dim = c(11L, 40L), .Dimnames = list(NULL, c("Sampling", 
"PSO.cost", "PSO.gamma", "PSO.data.balancing", "PSO.feature.selection", 
"PSO.valid.acc", "PSO.test.acc", "PSO.train.time", "PSO.n.support.vectors", 
"PSO.index", "PSO.n.solutions", "PSO.generations", "PSO.n.evaluations", 
"PSO.cpu.time", "RS.cost", "RS.gamma", "RS.data.balancing", "RS.feature.selection", 
"RS.valid.acc", "RS.test.acc", "RS.train.time", "RS.n.support.vectors", 
"RS.index", "RS.n.solutions", "RS.generations", "RS.n.evaluations", 
"RS.cpu.time", "DF.cost", "DF.gamma", "DF.data.balancing", "DF.feature.selection", 
"DF.valid.acc", "DF.test.acc", "DF.train.time", "DF.n.support.vectors", 
"DF.index", "DF.n.solutions", "DF.generations", "DF.n.evaluations", 
"DF.cpu.time")))
