full <-
structure(c(50, 55, 60, 65, 70, 75, 80, 85, 90, 95, 100, 11.14726, 
8.01635, 5.89046, 5.39363, 13.88149, 8.76553, 8.09011, 3.48772, 
3.35685, 5.48584, 7.73549, -4.11103, -3.64423, -4.55329, -4.6892, 
-4.01197, -3.58742, -3.36553, -2.80816, -3.39445, -2.70019, -3.68718, 
0, 0, 0, 0, 0, 0, 0, 0, 0, 0, 0, 0, 0, 0, 0, 0, 0, 0, 0, 0, 0, 
0, 0.9395, 0.95422, 0.96683, 0.97675, 0.97409, 0.97982, 0.99252, 
0.99172, 0.99555, 0.99573, 0.99394, 0.93558, 0.94653, 0.96021, 
0.97211, 0.96966, 0.9771, 0.99, 0.98117, 0.99333, 0.99047, 0.99394, 
0.0947, 0.1134, 0.1177, 0.1295, 0.1546, 0.1786, 0.2001, 0.232, 
0.2294, 0.2789, 0.2531, 331, 369.5, 360.1, 378.9, 434, 467, 495.8, 
532.9, 537.6, 575.6, 561.5, 300, 111, 779, 1763, 101, 31, 42, 
843, 605, 6, 48, 98, 168, 224, 10, 990, 1349, 1205, 213, 230, 
1516, 1638, 100, 100, 100, 100, 100, 100, 100, 100, 100, 100, 
100, 2500, 2500, 2500, 2500, 2500, 2500, 2500, 2500, 2500, 2500, 
2500, 9037.73, 9541.379, 9250.49000000001, 9632.58200000001, 
10309.964, 10919.678, 11268.508, 11737.621, 12441.256, 13383.686, 
12835.239, 11.03673, 3.58728, 4.95194, 5.8017, 12.62613, 8.16076, 
9.73978, 3.81544, 3.07849, 8.39192, 14.67497, -4.09259, -3.65779, 
-4.92603, -4.25628, -4.10631, -3.50605, -3.24827, -2.80009, -3.16214, 
-2.52709, -3.74434, 0, 0, 0, 0, 0, 0, 0, 0, 0, 0, 0, 0, 0, 0, 
0, 0, 0, 0, 0, 0, 0, 0, 0.9395, 0.95429, 0.9668, 0.97521, 0.97409, 
0.97982, 0.99252, 0.99172, 0.99555, 0.99573, 0.99394, 0.93558, 
0.94646, 0.95999, 0.97524, 0.96966, 0.97845, 0.99126, 0.98117, 
0.99333, 0.98939, 0.99394, 0.0931, 0.1149, 0.1053, 0.133, 0.1532, 
0.1792, 0.1866, 0.2197, 0.2362, 0.2831, 0.2527, 331.2, 369.4, 
348.9, 394.6, 429.3, 469.9, 498.1, 533.2, 549.7, 578.6, 560, 
2096, 1439, 1489, 56, 1084, 98, 588, 9, 468, 4, 6, 2, 1, 1, 60, 
8, 10, 15, 1, 1, 80, 59, 100, 100, 100, 100, 100, 100, 100, 100, 
100, 100, 100, 2500, 2500, 2500, 2500, 2500, 2500, 2500, 2500, 
2500, 2500, 2500, 9217.994, 9460.448, 10036.348, 10380.865, 11133.377, 
11694.154, 11706.525, 12799.164, 13481.963, 14103.209, 14610.166, 
1, 1, 1, 1, 1, 1, 1, 1, 1, 1, 1, 0.07692, 0.07692, 0.07692, 0.07692, 
0.07692, 0.07692, 0.07692, 0.07692, 0.07692, 0.07692, 0.07692, 
0, 0, 0, 0, 0, 0, 0, 0, 0, 0, 0, 0, 0, 0, 0, 0, 0, 0, 0, 0, 0, 
0, 0.82174, 0.83004, 0.8687, 0.87898, 0.88938, 0.90333, 0.90803, 
0.90055, 0.92289, 0.92792, 0.93838, 0.81207, 0.81118, 0.86408, 
0.88672, 0.88209, 0.91139, 0.90537, 0.89968, 0.92499, 0.92697, 
0.94141, 0.1038, 0.1246, 0.139, 0.1634, 0.1854, 0.2011, 0.2228, 
0.2427, 0.2624, 0.287, 0.3091, 381.4, 419.2, 455.5, 492.3, 528.4, 
558.6, 590, 621.9, 653.9, 680.2, 709.5, 1, 1, 1, 1, 1, 1, 1, 
1, 1, 1, 1, 1, 1, 1, 1, 1, 1, 1, 1, 1, 1, 1, 1, 1, 1, 1, 1, 1, 
1, 1, 1, 1, 1, 1, 1, 1, 1, 1, 1, 1, 1, 1, 1, 1, 3.636, 3.771, 
3.976, 4.229, 4.445, 4.562, 4.819, 5.03, 5.23, 5.538, 5.797), .Dim = c(11L, 
40L), .Dimnames = list(NULL, c("Sampling", "PSO.cost", "PSO.gamma", 
"PSO.data.balancing", "PSO.feature.selection", "PSO.valid.acc", 
"PSO.test.acc", "PSO.train.time", "PSO.n.support.vectors", "PSO.index", 
"PSO.n.solutions", "PSO.generations", "PSO.n.evaluations", "PSO.cpu.time", 
"RS.cost", "RS.gamma", "RS.data.balancing", "RS.feature.selection", 
"RS.valid.acc", "RS.test.acc", "RS.train.time", "RS.n.support.vectors", 
"RS.index", "RS.n.solutions", "RS.generations", "RS.n.evaluations", 
"RS.cpu.time", "DF.cost", "DF.gamma", "DF.data.balancing", "DF.feature.selection", 
"DF.valid.acc", "DF.test.acc", "DF.train.time", "DF.n.support.vectors", 
"DF.index", "DF.n.solutions", "DF.generations", "DF.n.evaluations", 
"DF.cpu.time")))
