full <-
structure(c(50, 55, 60, 65, 70, 75, 80, 85, 90, 95, 100, 7.83288, 
3.00873, 12.34628, 9.26761, 14.37798, 8.82086, 8.74441, 6.24509, 
9.29707, 11.0928, 4.84097, -5.64461, -3.6921, -2.54379, -4.64925, 
-6.82541, -3.48958, -4.02506, -4.91074, -3.04058, -3.10604, -3.32719, 
0, 0, 0, 0, 0, 0, 0, 0, 0, 0, 0, 0, 0, 0, 0, 0, 0, 0, 0, 0, 0, 
0, 0.93745, 0.96505, 0.96767, 0.97531, 0.97096, 0.98647, 0.98992, 
0.99044, 0.99107, 0.99787, 0.99394, 0.92328, 0.96145, 0.9659, 
0.96437, 0.96508, 0.98506, 0.9874, 0.98575, 0.98881, 0.99367, 
0.99495, 0.0835, 0.1097, 0.1544, 0.125, 0.1264, 0.1758, 0.1783, 
0.1663, 0.2313, 0.2529, 0.2573, 285.4, 360.5, 413.3, 374.8, 320.6, 
466.5, 464.6, 431.7, 543, 566.9, 578.4, 304, 650, 83, 36, 298, 
122, 42, 2039, 39, 23, 1046, 497, 148, 1255, 1310, 145, 1396, 
1477, 4, 1404, 1619, 23, 100, 100, 100, 100, 100, 100, 100, 100, 
100, 100, 100, 2500, 2500, 2500, 2500, 2500, 2500, 2500, 2500, 
2500, 2500, 2500, 7968.81, 8491.151, 9560.16699999999, 9025.489, 
9317.981, 10287.181, 10382.84, 10813.225, 11727.728, 12198.018, 
12667.518, 7.26409, 9.73724, 4.81011, 10.17834, 12.83942, 7.32968, 
8.28971, 8.78069, 11.03114, 14.99149, 6.76022, -5.77974, -3.68916, 
-2.57278, -4.5459, -6.81586, -3.43924, -3.94681, -4.11817, -3.02526, 
-3.16144, -2.75192, 0, 0, 0, 0, 0, 0, 0, 0, 0, 0, 0, 0, 0, 0, 
0, 0, 0, 0, 0, 0, 0, 0, 0.93549, 0.9632, 0.96767, 0.97531, 0.97096, 
0.98647, 0.98992, 0.9904, 0.99107, 0.99787, 0.99293, 0.92324, 
0.96145, 0.9659, 0.96442, 0.96508, 0.98506, 0.9874, 0.98924, 
0.98881, 0.99367, 0.99394, 0.0824, 0.1031, 0.1532, 0.119, 0.125, 
0.1716, 0.1694, 0.1814, 0.2227, 0.244, 0.2723, 283.3, 356.6, 
413, 380.7, 321, 467.5, 467.9, 481.9, 544.2, 564.8, 598.1, 886, 
37, 175, 61, 877, 166, 90, 26, 12, 28, 35, 1, 8, 9, 22, 2, 18, 
26, 29, 32, 68, 83, 100, 100, 100, 100, 100, 100, 100, 100, 100, 
100, 100, 2500, 2500, 2500, 2500, 2500, 2500, 2500, 2500, 2500, 
2500, 2500, 8525.56, 8827.565, 9411.34600000001, 9863.64400000001, 
10472.028, 11048.459, 11468.428, 11997.471, 12674.758, 13375.637, 
14011.198, 1, 1, 1, 1, 1, 1, 1, 1, 1, 1, 1, 0.07692, 0.07692, 
0.07692, 0.07692, 0.07692, 0.07692, 0.07692, 0.07692, 0.07692, 
0.07692, 0.07692, 0, 0, 0, 0, 0, 0, 0, 0, 0, 0, 0, 0, 0, 0, 0, 
0, 0, 0, 0, 0, 0, 0, 0.82846, 0.8437, 0.88021, 0.87287, 0.89182, 
0.91259, 0.922, 0.92628, 0.91945, 0.9324, 0.94646, 0.82436, 0.84545, 
0.87983, 0.87729, 0.89191, 0.90969, 0.9157, 0.92072, 0.92622, 
0.93133, 0.95051, 0.1051, 0.1193, 0.1413, 0.1474, 0.1769, 0.1951, 
0.2055, 0.2236, 0.2478, 0.2717, 0.2909, 381, 414.5, 453.6, 489.5, 
522.6, 555.7, 586.7, 622.3, 651, 681, 707.2, 1, 1, 1, 1, 1, 1, 
1, 1, 1, 1, 1, 1, 1, 1, 1, 1, 1, 1, 1, 1, 1, 1, 1, 1, 1, 1, 1, 
1, 1, 1, 1, 1, 1, 1, 1, 1, 1, 1, 1, 1, 1, 1, 1, 1, 3.411, 3.607, 
3.867, 3.73, 4.231, 4.423, 4.442, 4.561, 4.896, 5.115, 5.395), .Dim = c(11L, 
40L), .Dimnames = list(NULL, c("Sampling", "PSO.cost", "PSO.gamma", 
"PSO.data.balancing", "PSO.feature.selection", "PSO.valid.acc", 
"PSO.test.acc", "PSO.train.time", "PSO.n.support.vectors", "PSO.index", 
"PSO.n.solutions", "PSO.generations", "PSO.n.evaluations", "PSO.cpu.time", 
"RS.cost", "RS.gamma", "RS.data.balancing", "RS.feature.selection", 
"RS.valid.acc", "RS.test.acc", "RS.train.time", "RS.n.support.vectors", 
"RS.index", "RS.n.solutions", "RS.generations", "RS.n.evaluations", 
"RS.cpu.time", "DF.cost", "DF.gamma", "DF.data.balancing", "DF.feature.selection", 
"DF.valid.acc", "DF.test.acc", "DF.train.time", "DF.n.support.vectors", 
"DF.index", "DF.n.solutions", "DF.generations", "DF.n.evaluations", 
"DF.cpu.time")))
