full <-
structure(c(50, 55, 60, 65, 70, 75, 80, 85, 90, 95, 100, 3.21202, 
7.96872, 9.30292, 13.85055, 7.13193, 3.82055, 2.44587, 2.28402, 
2.39484, 8.30821, 9.3771, -3.14251, -4.13412, -2.04486, -2.53152, 
-2.25042, -2.65489, -2.28302, -2.57265, -2.17381, -1.25295, -4.32647, 
0, 0, 0, 0, 0, 0, 0, 0, 0, 0, 0, 0, 0, 0, 0, 0, 0, 0, 0, 0, 0, 
0, 0.95125, 0.95257, 0.96661, 0.98147, 0.97983, 0.98929, 0.98607, 
0.99412, 0.9955, 0.99171, 0.99293, 0.93934, 0.95951, 0.96659, 
0.97524, 0.97554, 0.98657, 0.98605, 0.98459, 0.99437, 0.99161, 
0.99293, 0.1096, 0.1016, 0.1627, 0.1777, 0.1994, 0.2076, 0.247, 
0.2517, 0.2937, 0.3675, 0.2385, 347.6, 356.9, 417.2, 438.4, 466.9, 
483.3, 516.1, 540.8, 565.4, 605.9, 527.8, 2034, 27, 94, 26, 89, 
110, 1336, 466, 773, 95, 96, 2, 1375, 632, 1437, 595, 871, 24, 
479, 283, 1201, 1255, 100, 100, 100, 100, 100, 100, 100, 100, 
100, 100, 100, 2500, 2500, 2500, 2500, 2500, 2500, 2500, 2500, 
2500, 2500, 2500, 8694.569, 8765.322, 11509.885, 12581.893, 13016.254, 
13448.957, 14533.042, 14960.838, 15929.42, 17407.966, 12339.617, 
6.80362, 6.21819, 12.59588, 13.85975, 10.89099, 6.9324, 12.28047, 
13.77789, 10.2184, 2.91519, 7.56604, -3.15721, -4.58255, -2.07544, 
-2.68388, -2.25216, -2.71967, -2.25103, -2.33992, -2.2346, -1.30578, 
-4.39197, 0, 0, 0, 0, 0, 0, 0, 0, 0, 0, 0, 0, 0, 0, 0, 0, 0, 
0, 0, 0, 0, 0, 0.94932, 0.95257, 0.96661, 0.98147, 0.97983, 0.98929, 
0.98484, 0.99294, 0.99547, 0.99171, 0.99293, 0.94126, 0.95947, 
0.96659, 0.97524, 0.97554, 0.98657, 0.98729, 0.98577, 0.99437, 
0.99161, 0.99192, 0.1047, 0.0981, 0.1572, 0.1667, 0.2066, 0.208, 
0.2401, 0.2662, 0.2911, 0.3608, 0.2211, 346.6, 342.5, 417, 438, 
467, 482.1, 516.1, 540.7, 562.2, 605, 521.9, 344, 24, 1042, 36, 
204, 384, 465, 123, 1, 423, 198, 12, 107, 2, 26, 9, 10, 10, 23, 
10, 21, 21, 100, 100, 100, 100, 100, 100, 100, 100, 100, 100, 
100, 2500, 2500, 2500, 2500, 2500, 2500, 2500, 2500, 2500, 2500, 
2500, 8818.093, 9125.539, 12012.953, 12579.223, 13032.986, 13857.931, 
14432.502, 15198.237, 15321.521, 15577.352, 14557.406, 1, 1, 
1, 1, 1, 1, 1, 1, 1, 1, 1, 0.07692, 0.07692, 0.07692, 0.07692, 
0.07692, 0.07692, 0.07692, 0.07692, 0.07692, 0.07692, 0.07692, 
0, 0, 0, 0, 0, 0, 0, 0, 0, 0, 0, 0, 0, 0, 0, 0, 0, 0, 0, 0, 0, 
0, 0.85015, 0.85714, 0.87616, 0.89788, 0.88645, 0.91007, 0.90443, 
0.91949, 0.9373, 0.92469, 0.92929, 0.83825, 0.85907, 0.87272, 
0.90094, 0.89624, 0.91419, 0.91688, 0.91837, 0.93612, 0.92798, 
0.92626, 0.1078, 0.123, 0.1454, 0.1588, 0.1699, 0.2003, 0.2203, 
0.2444, 0.2613, 0.2751, 0.2889, 382.3, 419.2, 455.7, 486.6, 521.5, 
558, 590.3, 619.8, 650.3, 681.5, 709.2, 1, 1, 1, 1, 1, 1, 1, 
1, 1, 1, 1, 1, 1, 1, 1, 1, 1, 1, 1, 1, 1, 1, 1, 1, 1, 1, 1, 1, 
1, 1, 1, 1, 1, 1, 1, 1, 1, 1, 1, 1, 1, 1, 1, 1, 3.587, 3.692, 
4.898, 4.938, 4.884, 5.442, 5.739, 5.901, 6.046, 5.3, 5.409), .Dim = c(11L, 
40L), .Dimnames = list(NULL, c("Sampling", "PSO.cost", "PSO.gamma", 
"PSO.data.balancing", "PSO.feature.selection", "PSO.valid.acc", 
"PSO.test.acc", "PSO.train.time", "PSO.n.support.vectors", "PSO.index", 
"PSO.n.solutions", "PSO.generations", "PSO.n.evaluations", "PSO.cpu.time", 
"RS.cost", "RS.gamma", "RS.data.balancing", "RS.feature.selection", 
"RS.valid.acc", "RS.test.acc", "RS.train.time", "RS.n.support.vectors", 
"RS.index", "RS.n.solutions", "RS.generations", "RS.n.evaluations", 
"RS.cpu.time", "DF.cost", "DF.gamma", "DF.data.balancing", "DF.feature.selection", 
"DF.valid.acc", "DF.test.acc", "DF.train.time", "DF.n.support.vectors", 
"DF.index", "DF.n.solutions", "DF.generations", "DF.n.evaluations", 
"DF.cpu.time")))
