full <-
structure(c(50, 55, 60, 65, 70, 75, 80, 85, 90, 95, 100, 3.78638, 
3.29401, 2.91874, 15, 8.21029, 9.41045, 8.26917, 6.12077, 12.07839, 
9.38713, 12.59828, -4.68925, -3.43714, -3.69283, -2.96749, -3.81814, 
-2.9768, -5.2188, -2.57353, -2.5278, -3.07018, -2.81704, 0, 0, 
0, 0, 0, 0, 0, 0, 0, 0, 0, 0, 0, 0, 0, 0, 0, 0, 0, 0, 0, 0, 0.95353, 
0.9636, 0.97498, 0.97377, 0.98434, 0.98374, 0.98867, 0.9917, 
0.99329, 0.99378, 0.99899, 0.94111, 0.95391, 0.97167, 0.97843, 
0.97716, 0.9865, 0.98485, 0.98687, 0.99441, 0.99155, 0.99798, 
0.0885, 0.1109, 0.123, 0.1533, 0.1452, 0.1793, 0.1485, 0.2345, 
0.2467, 0.2423, 0.2655, 328.4, 375.9, 398.1, 432.6, 439.2, 479.3, 
399.2, 534, 556.4, 571.6, 594.5, 1086, 1827, 1499, 54, 37, 53, 
140, 32, 126, 60, 189, 91, 21, 11, 1098, 1320, 1294, 963, 1538, 
970, 1537, 1031, 100, 100, 100, 100, 100, 100, 100, 100, 100, 
100, 100, 2500, 2500, 2500, 2500, 2500, 2500, 2500, 2500, 2500, 
2500, 2500, 9685.443, 10486.756, 10939.673, 11279.704, 11167.375, 
12033.756, 11020.654, 12144.994, 13315.956, 13396.284, 13489.434, 
3.80009, 2.94775, 3.30127, 7.36296, 12.85, 12.47744, 12.65786, 
5.47026, 13.95737, 5.4477, 10.6398, -4.40487, -2.86205, -3.6382, 
-2.75097, -3.83763, -2.84509, -4.91429, -2.97188, -2.52192, -3.04351, 
-2.79843, 0, 0, 0, 0, 0, 0, 0, 0, 0, 0, 0, 0, 0, 0, 0, 0, 0, 
0, 0, 0, 0, 0, 0.94945, 0.96181, 0.97319, 0.97377, 0.98434, 0.98374, 
0.98867, 0.9917, 0.99329, 0.99378, 0.99899, 0.94115, 0.95199, 
0.97164, 0.97843, 0.97716, 0.98643, 0.98485, 0.99047, 0.99441, 
0.99155, 0.99798, 0.0911, 0.1263, 0.1192, 0.162, 0.1465, 0.1852, 
0.1562, 0.2111, 0.25, 0.2465, 0.2638, 331.9, 382.6, 396.8, 436.1, 
438.4, 482.3, 417.5, 528.9, 556.8, 572.6, 594.6, 564, 758, 1487, 
14, 138, 33, 13, 14, 356, 598, 484, 2, 1, 1, 19, 8, 46, 16, 93, 
9, 5, 5, 100, 100, 100, 100, 100, 100, 100, 100, 100, 100, 100, 
2500, 2500, 2500, 2500, 2500, 2500, 2500, 2500, 2500, 2500, 2500, 
10078.536, 10586.252, 11049.738, 11190.725, 11967.967, 12230.509, 
12484.187, 13080.501, 13792.982, 14230.609, 14644.678, 1, 1, 
1, 1, 1, 1, 1, 1, 1, 1, 1, 0.07692, 0.07692, 0.07692, 0.07692, 
0.07692, 0.07692, 0.07692, 0.07692, 0.07692, 0.07692, 0.07692, 
0, 0, 0, 0, 0, 0, 0, 0, 0, 0, 0, 0, 0, 0, 0, 0, 0, 0, 0, 0, 0, 
0, 0.82142, 0.86212, 0.87288, 0.87579, 0.89087, 0.90865, 0.92221, 
0.91477, 0.92393, 0.93271, 0.94747, 0.85096, 0.8467, 0.86924, 
0.88803, 0.88793, 0.90712, 0.92115, 0.91267, 0.92295, 0.93682, 
0.94646, 0.1026, 0.1219, 0.1348, 0.1487, 0.17, 0.1877, 0.2064, 
0.221, 0.2446, 0.2682, 0.2814, 383.1, 419.8, 456.5, 490.6, 523.5, 
556.8, 587.5, 618.5, 651.6, 683.4, 709.7, 1, 1, 1, 1, 1, 1, 1, 
1, 1, 1, 1, 1, 1, 1, 1, 1, 1, 1, 1, 1, 1, 1, 1, 1, 1, 1, 1, 1, 
1, 1, 1, 1, 1, 1, 1, 1, 1, 1, 1, 1, 1, 1, 1, 1, 3.888, 4.231, 
4.307, 4.348, 4.745, 4.73, 4.799, 5.095, 5.295, 5.37, 5.579), .Dim = c(11L, 
40L), .Dimnames = list(NULL, c("Sampling", "PSO.cost", "PSO.gamma", 
"PSO.data.balancing", "PSO.feature.selection", "PSO.valid.acc", 
"PSO.test.acc", "PSO.train.time", "PSO.n.support.vectors", "PSO.index", 
"PSO.n.solutions", "PSO.generations", "PSO.n.evaluations", "PSO.cpu.time", 
"RS.cost", "RS.gamma", "RS.data.balancing", "RS.feature.selection", 
"RS.valid.acc", "RS.test.acc", "RS.train.time", "RS.n.support.vectors", 
"RS.index", "RS.n.solutions", "RS.generations", "RS.n.evaluations", 
"RS.cpu.time", "DF.cost", "DF.gamma", "DF.data.balancing", "DF.feature.selection", 
"DF.valid.acc", "DF.test.acc", "DF.train.time", "DF.n.support.vectors", 
"DF.index", "DF.n.solutions", "DF.generations", "DF.n.evaluations", 
"DF.cpu.time")))
