full <-
structure(c(50, 55, 60, 65, 70, 75, 80, 85, 90, 95, 100, 11.97717, 
11.6512, 6.32071, 13.00326, 5.33514, 4.6907, 9.54147, 6.22224, 
8.692, 7.78087, 4.43317, -2.88055, -4.01382, -3.89555, -3.9945, 
-5.07117, -3.25069, -3.63025, -2.54703, -1.34291, -1.55427, -3.53135, 
0, 0, 0, 0, 0, 0, 0, 0, 0, 0, 0, 0, 0, 0, 0, 0, 0, 0, 0, 0, 0, 
0, 0.9475, 0.9576, 0.97309, 0.97685, 0.97846, 0.9852, 0.99117, 
0.98455, 0.98992, 0.99365, 0.99394, 0.93933, 0.95022, 0.96961, 
0.97833, 0.9784, 0.97702, 0.98362, 0.98576, 0.98535, 0.98308, 
0.99293, 0.1124, 0.1061, 0.1232, 0.1336, 0.1304, 0.1769, 0.1824, 
0.241, 0.31, 0.3372, 0.2595, 348.5, 355.4, 384.4, 408.9, 387.5, 
476.3, 488.6, 536.8, 574.7, 594.6, 568, 96, 111, 208, 429, 619, 
250, 109, 26, 96, 212, 1703, 1319, 1250, 798, 77, 394, 746, 654, 
824, 734, 1151, 3, 100, 100, 100, 100, 100, 100, 100, 100, 100, 
100, 100, 2500, 2500, 2500, 2500, 2500, 2500, 2500, 2500, 2500, 
2500, 2500, 9071.012, 8924.904, 9339.204, 9471.418, 9661.54300000001, 
10660.016, 10910.816, 12000.06, 13867.564, 14717.457, 13319.257, 
7.56262, 5.60827, 5.64186, 12.23472, 4.50171, 7.95304, 10.67596, 
3.26021, 2.11563, 7.40345, 7.88762, -2.87627, -4.1002, -3.89555, 
-3.85475, -4.27414, -3.24304, -3.6183, -2.54429, -1.37659, -1.52097, 
-2.24661, 0, 0, 0, 0, 0, 0, 0, 0, 0, 0, 0, 0, 0, 0, 0, 0, 0, 
0, 0, 0, 0, 0, 0.9475, 0.9576, 0.97309, 0.97683, 0.97846, 0.9852, 
0.99117, 0.98455, 0.98992, 0.99365, 0.99293, 0.93933, 0.95022, 
0.97134, 0.97845, 0.97989, 0.97702, 0.98362, 0.98576, 0.98535, 
0.98203, 0.99394, 0.1171, 0.102, 0.1255, 0.1357, 0.144, 0.1753, 
0.1815, 0.2342, 0.3133, 0.3388, 0.3152, 348.6, 352.4, 384.5, 
411.3, 421.6, 476.1, 489, 537.4, 575.7, 595.1, 607.2, 274, 94, 
222, 20, 15, 974, 185, 281, 215, 604, 1, 18, 12, 5, 8, 4, 4, 
6, 18, 4, 7, 95, 100, 100, 100, 100, 100, 100, 100, 100, 100, 
100, 100, 2500, 2500, 2500, 2500, 2500, 2500, 2500, 2500, 2500, 
2500, 2500, 8960.728, 9318.634, 9593.318, 10111.673, 10642.968, 
11274.31, 11781.691, 12473.771, 13041.844, 13927.062, 14225.641, 
1, 1, 1, 1, 1, 1, 1, 1, 1, 1, 1, 0.07692, 0.07692, 0.07692, 0.07692, 
0.07692, 0.07692, 0.07692, 0.07692, 0.07692, 0.07692, 0.07692, 
0, 0, 0, 0, 0, 0, 0, 0, 0, 0, 0, 0, 0, 0, 0, 0, 0, 0, 0, 0, 0, 
0, 0.84081, 0.86568, 0.87401, 0.88881, 0.90095, 0.91562, 0.92434, 
0.9242, 0.92064, 0.93149, 0.93939, 0.84294, 0.85121, 0.86844, 
0.88097, 0.89811, 0.91016, 0.91812, 0.92308, 0.9173, 0.92298, 
0.93232, 0.1072, 0.1166, 0.1375, 0.1528, 0.1749, 0.1955, 0.2155, 
0.2309, 0.2563, 0.2875, 0.2898, 378.1, 416.8, 454.3, 487.8, 525.5, 
559.6, 596, 622.3, 653.5, 686.2, 710.3, 1, 1, 1, 1, 1, 1, 1, 
1, 1, 1, 1, 1, 1, 1, 1, 1, 1, 1, 1, 1, 1, 1, 1, 1, 1, 1, 1, 1, 
1, 1, 1, 1, 1, 1, 1, 1, 1, 1, 1, 1, 1, 1, 1, 1, 3.667, 3.533, 
3.86, 3.958, 4.268, 4.47, 4.686, 4.76, 5.087, 5.506, 5.406), .Dim = c(11L, 
40L), .Dimnames = list(NULL, c("Sampling", "PSO.cost", "PSO.gamma", 
"PSO.data.balancing", "PSO.feature.selection", "PSO.valid.acc", 
"PSO.test.acc", "PSO.train.time", "PSO.n.support.vectors", "PSO.index", 
"PSO.n.solutions", "PSO.generations", "PSO.n.evaluations", "PSO.cpu.time", 
"RS.cost", "RS.gamma", "RS.data.balancing", "RS.feature.selection", 
"RS.valid.acc", "RS.test.acc", "RS.train.time", "RS.n.support.vectors", 
"RS.index", "RS.n.solutions", "RS.generations", "RS.n.evaluations", 
"RS.cpu.time", "DF.cost", "DF.gamma", "DF.data.balancing", "DF.feature.selection", 
"DF.valid.acc", "DF.test.acc", "DF.train.time", "DF.n.support.vectors", 
"DF.index", "DF.n.solutions", "DF.generations", "DF.n.evaluations", 
"DF.cpu.time")))
