full <-
structure(c(50, 55, 60, 65, 70, 75, 80, 85, 90, 95, 100, 14.43112, 
12.50414, 7.71443, 15, 4.74241, 5.21197, 8.89967, 3.59158, 5.69988, 
2.43038, 4.30884, -3.9994, -5.65833, -4.80499, -3.04532, -3.24339, 
-3.57028, -4.33174, -3.58327, -3.8861, -3.12821, -2.62705, 0, 
0, 0, 0, 0, 0, 0, 0, 0, 0, 0, 0, 0, 0, 0, 0, 0, 0, 0, 0, 0, 0, 
0.9514, 0.95036, 0.96301, 0.97087, 0.98279, 0.98526, 0.98505, 
0.98702, 0.99552, 0.9958, 0.99293, 0.95332, 0.9393, 0.95796, 
0.96617, 0.97848, 0.98666, 0.98382, 0.98934, 0.99212, 0.99042, 
0.99495, 0.0959, 0.0945, 0.1092, 0.1519, 0.1597, 0.1641, 0.1631, 
0.1955, 0.207, 0.2438, 0.2787, 330.2, 310.3, 357.5, 433.8, 453.9, 
462.8, 451.4, 505.3, 514.5, 576.3, 598.9, 85, 63, 88, 27, 534, 
1477, 47, 1580, 28, 107, 431, 1611, 1025, 1213, 1270, 165, 90, 
1196, 25, 284, 698, 607, 100, 100, 100, 100, 100, 100, 100, 100, 
100, 100, 100, 2500, 2500, 2500, 2500, 2500, 2500, 2500, 2500, 
2500, 2500, 2500, 9883.093, 9929.572, 10067.643, 11129.277, 11471.356, 
10954.022, 11596.24, 12527.981, 12560.617, 13031.101, 13648.476, 
11.9466, 14.92025, 13.43611, 12.6406, 4.05223, 5.27882, 13.74543, 
4.63171, 12.3894, 2.15642, 4.08741, -4.1735, -5.65775, -4.82, 
-3.06764, -2.95426, -3.74632, -4.39868, -4.01785, -3.32144, -2.91607, 
-2.60716, 0, 0, 0, 0, 0, 0, 0, 0, 0, 0, 0, 0, 0, 0, 0, 0, 0, 
0, 0, 0, 0, 0, 0.9514, 0.95036, 0.96301, 0.97087, 0.98279, 0.98392, 
0.98505, 0.987, 0.99549, 0.9958, 0.99293, 0.95332, 0.9393, 0.95796, 
0.96617, 0.97707, 0.984, 0.98385, 0.98584, 0.99101, 0.99042, 
0.99495, 0.0899, 0.0933, 0.109, 0.1496, 0.1621, 0.1624, 0.1631, 
0.1873, 0.218, 0.2502, 0.278, 325.6, 310.3, 356.4, 433.5, 459.2, 
455.9, 447.3, 491.2, 535.7, 580.6, 599.2, 103, 2175, 253, 28, 
1833, 37, 300, 1716, 50, 52, 1390, 21, 1, 10, 21, 2, 7, 15, 3, 
44, 2, 26, 100, 100, 100, 100, 100, 100, 100, 100, 100, 100, 
100, 2500, 2500, 2500, 2500, 2500, 2500, 2500, 2500, 2500, 2500, 
2500, 10015.867, 10470.566, 10656.077, 11432.624, 11637.555, 
11938.295, 12814.489, 13106.957, 13546.648, 14031.644, 14830.035, 
1, 1, 1, 1, 1, 1, 1, 1, 1, 1, 1, 0.07692, 0.07692, 0.07692, 0.07692, 
0.07692, 0.07692, 0.07692, 0.07692, 0.07692, 0.07692, 0.07692, 
0, 0, 0, 0, 0, 0, 0, 0, 0, 0, 0, 0, 0, 0, 0, 0, 0, 0, 0, 0, 0, 
0, 0.85425, 0.83829, 0.86392, 0.87084, 0.88224, 0.90876, 0.90041, 
0.9076, 0.93172, 0.9479, 0.94343, 0.84457, 0.83664, 0.87101, 
0.87263, 0.89667, 0.91424, 0.90812, 0.91587, 0.93513, 0.94601, 
0.94343, 0.102, 0.1157, 0.132, 0.1516, 0.1681, 0.1832, 0.2061, 
0.2243, 0.245, 0.2625, 0.2853, 384.6, 422.4, 456.4, 491.2, 524.3, 
556.8, 587.6, 621.9, 653.7, 682.9, 710.9, 1, 1, 1, 1, 1, 1, 1, 
1, 1, 1, 1, 1, 1, 1, 1, 1, 1, 1, 1, 1, 1, 1, 1, 1, 1, 1, 1, 1, 
1, 1, 1, 1, 1, 1, 1, 1, 1, 1, 1, 1, 1, 1, 1, 1, 3.918, 4.11, 
4.287, 4.481, 4.507, 4.517, 4.939, 5.024, 5.157, 5.353, 5.642
), .Dim = c(11L, 40L), .Dimnames = list(NULL, c("Sampling", "PSO.cost", 
"PSO.gamma", "PSO.data.balancing", "PSO.feature.selection", "PSO.valid.acc", 
"PSO.test.acc", "PSO.train.time", "PSO.n.support.vectors", "PSO.index", 
"PSO.n.solutions", "PSO.generations", "PSO.n.evaluations", "PSO.cpu.time", 
"RS.cost", "RS.gamma", "RS.data.balancing", "RS.feature.selection", 
"RS.valid.acc", "RS.test.acc", "RS.train.time", "RS.n.support.vectors", 
"RS.index", "RS.n.solutions", "RS.generations", "RS.n.evaluations", 
"RS.cpu.time", "DF.cost", "DF.gamma", "DF.data.balancing", "DF.feature.selection", 
"DF.valid.acc", "DF.test.acc", "DF.train.time", "DF.n.support.vectors", 
"DF.index", "DF.n.solutions", "DF.generations", "DF.n.evaluations", 
"DF.cpu.time")))
