full <-
structure(c(50, 55, 60, 65, 70, 75, 80, 85, 90, 95, 100, 6.43292, 
2.85181, 7.0909, 5.18282, 10.74139, 13.58067, 3.97137, 6.09514, 
4.98895, 10.8064, 10.16948, -2.99086, -2.73536, -3.4592, -3.40763, 
-5.18033, -3.11104, -2.87963, -3.73209, -2.74777, -3.50501, -2.7691, 
0, 0, 0, 0, 0, 0, 0, 0, 0, 0, 0, 0, 0, 0, 0, 0, 0, 0, 0, 0, 0, 
0, 0.9595, 0.95943, 0.96977, 0.9705, 0.98704, 0.98793, 0.98995, 
0.98945, 0.99448, 0.99265, 0.99192, 0.9515, 0.94309, 0.97146, 
0.96756, 0.9799, 0.97989, 0.9886, 0.98823, 0.99444, 0.99156, 
0.99495, 0.112, 0.1302, 0.1313, 0.1471, 0.1298, 0.187, 0.2054, 
0.2004, 0.2521, 0.2364, 0.2839, 349.7, 378.7, 394.1, 422.7, 371.7, 
468.7, 503.6, 498.2, 554.7, 553.6, 591.7, 157, 1105, 47, 2024, 
152, 2, 567, 105, 17, 134, 38, 131, 82, 1229, 3, 826, 917, 313, 
1034, 1107, 1069, 1537, 100, 100, 100, 100, 100, 100, 100, 100, 
100, 100, 100, 2500, 2500, 2500, 2500, 2500, 2500, 2500, 2500, 
2500, 2500, 2500, 8975.2, 9363.112, 9539.97500000001, 10540.142, 
9721.05499999999, 10971.704, 11395.548, 11755.691, 12742.951, 
12738.442, 13811.704, 8.84794, 8.52695, 9.78638, 7.06144, 7.40089, 
11.4326, 3.91913, 14.96625, 5.1696, 7.74405, 8.6908, -2.86565, 
-2.75347, -3.44939, -2.55138, -5.28643, -3.11665, -3.15384, -3.70525, 
-2.75604, -3.53442, -2.77405, 0, 0, 0, 0, 0, 0, 0, 0, 0, 0, 0, 
0, 0, 0, 0, 0, 0, 0, 0, 0, 0, 0, 0.95758, 0.95764, 0.96977, 0.97033, 
0.98704, 0.98793, 0.98995, 0.98945, 0.99448, 0.99265, 0.99192, 
0.9515, 0.94498, 0.97146, 0.96583, 0.97845, 0.97989, 0.9873, 
0.98823, 0.99444, 0.99156, 0.99495, 0.1174, 0.1311, 0.1217, 0.1721, 
0.1355, 0.1879, 0.2012, 0.2043, 0.2468, 0.2514, 0.2852, 351.4, 
377.5, 394.1, 435.8, 368.3, 468.2, 498.9, 499.1, 554.3, 552.7, 
591.7, 36, 235, 97, 34, 73, 565, 1998, 293, 64, 1416, 27, 9, 
29, 12, 15, 4, 4, 1, 4, 15, 4, 90, 100, 100, 100, 100, 100, 100, 
100, 100, 100, 100, 100, 2500, 2500, 2500, 2500, 2500, 2500, 
2500, 2500, 2500, 2500, 2500, 8814.191, 9363.79, 9902.585, 10345.305, 
11121.368, 11456.707, 12153.049, 12825.238, 13304.899, 14327.049, 
14589.985, 1, 1, 1, 1, 1, 1, 1, 1, 1, 1, 1, 0.07692, 0.07692, 
0.07692, 0.07692, 0.07692, 0.07692, 0.07692, 0.07692, 0.07692, 
0.07692, 0.07692, 0, 0, 0, 0, 0, 0, 0, 0, 0, 0, 0, 0, 0, 0, 0, 
0, 0, 0, 0, 0, 0, 0, 0.85257, 0.8662, 0.87063, 0.86693, 0.89363, 
0.89916, 0.9191, 0.90869, 0.93624, 0.93448, 0.94545, 0.85233, 
0.86799, 0.86746, 0.88092, 0.88069, 0.90599, 0.92425, 0.90621, 
0.93517, 0.93655, 0.94545, 0.1027, 0.124, 0.1421, 0.1533, 0.1786, 
0.1908, 0.2129, 0.2414, 0.2562, 0.2815, 0.2905, 380.3, 413.9, 
450, 485, 517.4, 549.5, 582.5, 614.3, 646.6, 682.1, 710.3, 1, 
1, 1, 1, 1, 1, 1, 1, 1, 1, 1, 1, 1, 1, 1, 1, 1, 1, 1, 1, 1, 1, 
1, 1, 1, 1, 1, 1, 1, 1, 1, 1, 1, 1, 1, 1, 1, 1, 1, 1, 1, 1, 1, 
1, 3.376, 3.815, 4.021, 3.927, 4.414, 4.354, 4.65, 5.121, 5.212, 
5.444, 5.384), .Dim = c(11L, 40L), .Dimnames = list(NULL, c("Sampling", 
"PSO.cost", "PSO.gamma", "PSO.data.balancing", "PSO.feature.selection", 
"PSO.valid.acc", "PSO.test.acc", "PSO.train.time", "PSO.n.support.vectors", 
"PSO.index", "PSO.n.solutions", "PSO.generations", "PSO.n.evaluations", 
"PSO.cpu.time", "RS.cost", "RS.gamma", "RS.data.balancing", "RS.feature.selection", 
"RS.valid.acc", "RS.test.acc", "RS.train.time", "RS.n.support.vectors", 
"RS.index", "RS.n.solutions", "RS.generations", "RS.n.evaluations", 
"RS.cpu.time", "DF.cost", "DF.gamma", "DF.data.balancing", "DF.feature.selection", 
"DF.valid.acc", "DF.test.acc", "DF.train.time", "DF.n.support.vectors", 
"DF.index", "DF.n.solutions", "DF.generations", "DF.n.evaluations", 
"DF.cpu.time")))
