full <-
structure(c(50, 55, 60, 65, 70, 75, 80, 85, 90, 95, 100, 9.88295, 
4.98877, 4.86669, 5.17031, 11.2229, 3.562, 13.28308, 7.34554, 
3.48359, 7.97339, 13.22833, -2.96555, -4.13363, -2.70547, -4.6822, 
-3.61689, -3.34654, -2.76292, -3.68372, -3.46123, -4.05637, -4.89172, 
0, 0, 0, 0, 0, 0, 0, 0, 0, 0, 0, 0, 0, 0, 0, 0, 0, 0, 0, 0, 0, 
0, 0.94772, 0.96528, 0.97301, 0.97358, 0.98409, 0.98672, 0.99112, 
0.99168, 0.99338, 0.99684, 0.99495, 0.93979, 0.96323, 0.9647, 
0.9735, 0.97849, 0.98379, 0.98995, 0.99168, 0.98886, 0.98946, 
0.99192, 0.1153, 0.1072, 0.1544, 0.1272, 0.1536, 0.1844, 0.2194, 
0.2085, 0.2336, 0.2357, 0.2224, 352.1, 355.4, 414, 385.5, 445.6, 
479, 514.9, 506.9, 537.2, 529.3, 479.8, 47, 1701, 425, 2168, 
3, 591, 343, 58, 1042, 37, 5, 1183, 81, 188, 8, 1352, 398, 906, 
686, 67, 1615, 1163, 100, 100, 100, 100, 100, 100, 100, 100, 
100, 100, 100, 2500, 2500, 2500, 2500, 2500, 2500, 2500, 2500, 
2500, 2500, 2500, 9117.085, 9053.275, 10244.154, 9558.78000000001, 
10069.812, 10889.279, 11895.622, 11504.843, 12308.166, 12166.833, 
12684.979, 5.86319, 5.10134, 11.50196, 6.3247, 7.18, 12.12366, 
7.70722, 10.75359, 3.78859, 11.79494, 11.35475, -2.99015, -4.21007, 
-2.70472, -5.40303, -3.7883, -4.55036, -2.79329, -3.71775, -3.64619, 
-3.75513, -3.36158, 0, 0, 0, 0, 0, 0, 0, 0, 0, 0, 0, 0, 0, 0, 
0, 0, 0, 0, 0, 0, 0, 0, 0.94772, 0.96353, 0.97301, 0.97211, 0.98409, 
0.98526, 0.99112, 0.99168, 0.99226, 0.99684, 0.99495, 0.93779, 
0.96323, 0.9647, 0.96269, 0.97992, 0.97979, 0.98995, 0.99168, 
0.98886, 0.9905, 0.99697, 0.1145, 0.1061, 0.1499, 0.1161, 0.1611, 
0.1489, 0.2193, 0.1927, 0.2258, 0.225, 0.2663, 351.6, 354.1, 
413.7, 355.2, 439.9, 425.9, 513.6, 505.5, 530, 542.3, 578, 322, 
1656, 1022, 133, 17, 210, 425, 767, 1552, 6, 2, 13, 1, 1, 1, 
33, 9, 3, 4, 1, 35, 101, 100, 100, 100, 100, 100, 100, 100, 100, 
100, 100, 100, 2500, 2500, 2500, 2500, 2500, 2500, 2500, 2500, 
2500, 2500, 2500, 9143.138, 9537.327, 9644.537, 10367.116, 10956.044, 
11871.688, 12078.351, 12499.046, 13639.909, 13919.318, 14807.128, 
1, 1, 1, 1, 1, 1, 1, 1, 1, 1, 1, 0.07692, 0.07692, 0.07692, 0.07692, 
0.07692, 0.07692, 0.07692, 0.07692, 0.07692, 0.07692, 0.07692, 
0, 0, 0, 0, 0, 0, 0, 0, 0, 0, 0, 0, 0, 0, 0, 0, 0, 0, 0, 0, 0, 
0, 0.82486, 0.84788, 0.88073, 0.9007, 0.87889, 0.89885, 0.91952, 
0.91694, 0.93085, 0.93958, 0.94545, 0.83715, 0.85863, 0.88057, 
0.88214, 0.88115, 0.89895, 0.92076, 0.91476, 0.92756, 0.93958, 
0.94646, 0.109, 0.1226, 0.1335, 0.1601, 0.1788, 0.2019, 0.2102, 
0.2421, 0.2648, 0.276, 0.3067, 383.3, 418.7, 456.5, 491.4, 524.8, 
561.5, 593.9, 624.2, 655.2, 682.7, 710.1, 1, 1, 1, 1, 1, 1, 1, 
1, 1, 1, 1, 1, 1, 1, 1, 1, 1, 1, 1, 1, 1, 1, 1, 1, 1, 1, 1, 1, 
1, 1, 1, 1, 1, 1, 1, 1, 1, 1, 1, 1, 1, 1, 1, 1, 3.603, 3.755, 
3.715, 4.172, 4.334, 4.686, 4.581, 5.063, 5.331, 5.257, 5.782
), .Dim = c(11L, 40L), .Dimnames = list(NULL, c("Sampling", "PSO.cost", 
"PSO.gamma", "PSO.data.balancing", "PSO.feature.selection", "PSO.valid.acc", 
"PSO.test.acc", "PSO.train.time", "PSO.n.support.vectors", "PSO.index", 
"PSO.n.solutions", "PSO.generations", "PSO.n.evaluations", "PSO.cpu.time", 
"RS.cost", "RS.gamma", "RS.data.balancing", "RS.feature.selection", 
"RS.valid.acc", "RS.test.acc", "RS.train.time", "RS.n.support.vectors", 
"RS.index", "RS.n.solutions", "RS.generations", "RS.n.evaluations", 
"RS.cpu.time", "DF.cost", "DF.gamma", "DF.data.balancing", "DF.feature.selection", 
"DF.valid.acc", "DF.test.acc", "DF.train.time", "DF.n.support.vectors", 
"DF.index", "DF.n.solutions", "DF.generations", "DF.n.evaluations", 
"DF.cpu.time")))
