full <-
structure(c(50, 55, 60, 65, 70, 75, 80, 85, 90, 95, 100, 7.08593, 
5.85205, 11.86462, 3.91091, 8.96735, 4.1324, 13.54476, 3.98281, 
4.75428, 4.54604, 12.16812, -5.58001, -3.36055, -3.92675, -3.2859, 
-2.96863, -2.95639, -3.17384, -2.73203, -2.94884, -2.83387, -4.36016, 
0, 0, 0, 0, 0, 0, 0, 0, 0, 0, 0, 0, 0, 0, 0, 0, 0, 0, 0, 0, 0, 
0, 0.94558, 0.94643, 0.96464, 0.97983, 0.98563, 0.99187, 0.9912, 
0.99293, 0.99551, 0.99477, 0.99192, 0.91103, 0.94279, 0.95618, 
0.97204, 0.98699, 0.98789, 0.98614, 0.98935, 0.99439, 0.98625, 
0.98788, 0.0853, 0.1162, 0.1247, 0.1456, 0.1648, 0.1808, 0.1897, 
0.2252, 0.2288, 0.2521, 0.2196, 296.5, 377, 393.3, 432.9, 460.8, 
488, 500.4, 535.8, 551.1, 578.1, 523.3, 1403, 199, 2, 352, 100, 
170, 51, 114, 122, 40, 43, 27, 1126, 1103, 604, 1096, 778, 1344, 
961, 1060, 872, 759, 100, 100, 100, 100, 100, 100, 100, 100, 
100, 100, 100, 2500, 2500, 2500, 2500, 2500, 2500, 2500, 2500, 
2500, 2500, 2500, 9719.159, 10543.413, 10498.16, 11274.377, 11165.813, 
11755.179, 11966.661, 12572.647, 12963.165, 13481.295, 12654.924, 
6.97374, 7.14502, 12.53316, 3.93043, 3.27582, 4.52598, 5.50118, 
9.47729, 14.885, 4.63094, 12.32009, -5.64038, -3.31613, -3.90941, 
-3.12589, -3.02626, -3.3642, -3.03324, -2.72764, -3.0005, -3.01743, 
-4.70248, 0, 0, 0, 0, 0, 0, 0, 0, 0, 0, 0, 0, 0, 0, 0, 0, 0, 
0, 0, 0, 0, 0, 0.94358, 0.94643, 0.96464, 0.97841, 0.98563, 0.99185, 
0.9912, 0.99293, 0.99551, 0.9937, 0.99192, 0.91103, 0.9372, 0.95618, 
0.9736, 0.98699, 0.98789, 0.98612, 0.98935, 0.99439, 0.98418, 
0.98788, 0.0849, 0.1166, 0.1232, 0.1506, 0.1675, 0.1738, 0.1938, 
0.2236, 0.2284, 0.243, 0.2068, 296.2, 378.1, 393.8, 436.3, 459.9, 
476.1, 504.6, 536.2, 549.2, 574.4, 495.5, 2344, 384, 294, 354, 
5, 502, 6, 930, 506, 1425, 13, 1, 8, 15, 1, 9, 3, 21, 1, 9, 1, 
55, 100, 100, 100, 100, 100, 100, 100, 100, 100, 100, 100, 2500, 
2500, 2500, 2500, 2500, 2500, 2500, 2500, 2500, 2500, 2500, 10119.738, 
10523.671, 11103.202, 11331.656, 11481.186, 12028.212, 12375.936, 
13234.567, 13820.439, 13920.675, 14649.69, 1, 1, 1, 1, 1, 1, 
1, 1, 1, 1, 1, 0.07692, 0.07692, 0.07692, 0.07692, 0.07692, 0.07692, 
0.07692, 0.07692, 0.07692, 0.07692, 0.07692, 0, 0, 0, 0, 0, 0, 
0, 0, 0, 0, 0, 0, 0, 0, 0, 0, 0, 0, 0, 0, 0, 0, 0.81023, 0.85177, 
0.86178, 0.88861, 0.88917, 0.90577, 0.91058, 0.91848, 0.93072, 
0.93551, 0.93535, 0.80414, 0.8555, 0.86569, 0.87794, 0.9037, 
0.91662, 0.908, 0.91003, 0.93096, 0.92814, 0.93434, 0.106, 0.1207, 
0.1349, 0.1535, 0.1665, 0.1839, 0.2044, 0.226, 0.2432, 0.2628, 
0.2777, 385.9, 423, 455.6, 495.8, 526.5, 558.6, 590.4, 623.6, 
656, 683.6, 708.3, 1, 1, 1, 1, 1, 1, 1, 1, 1, 1, 1, 1, 1, 1, 
1, 1, 1, 1, 1, 1, 1, 1, 1, 1, 1, 1, 1, 1, 1, 1, 1, 1, 1, 1, 1, 
1, 1, 1, 1, 1, 1, 1, 1, 1, 4.076, 4.164, 4.397, 4.381, 4.526, 
4.701, 4.847, 5.03, 5.392, 5.29, 5.352), .Dim = c(11L, 40L), .Dimnames = list(
    NULL, c("Sampling", "PSO.cost", "PSO.gamma", "PSO.data.balancing", 
    "PSO.feature.selection", "PSO.valid.acc", "PSO.test.acc", 
    "PSO.train.time", "PSO.n.support.vectors", "PSO.index", "PSO.n.solutions", 
    "PSO.generations", "PSO.n.evaluations", "PSO.cpu.time", "RS.cost", 
    "RS.gamma", "RS.data.balancing", "RS.feature.selection", 
    "RS.valid.acc", "RS.test.acc", "RS.train.time", "RS.n.support.vectors", 
    "RS.index", "RS.n.solutions", "RS.generations", "RS.n.evaluations", 
    "RS.cpu.time", "DF.cost", "DF.gamma", "DF.data.balancing", 
    "DF.feature.selection", "DF.valid.acc", "DF.test.acc", "DF.train.time", 
    "DF.n.support.vectors", "DF.index", "DF.n.solutions", "DF.generations", 
    "DF.n.evaluations", "DF.cpu.time")))
