full <-
structure(c(50, 55, 60, 65, 70, 75, 80, 85, 90, 95, 100, 3.51463, 
7.11969, 5.17582, 4.81499, 9.9097, 5.3151, 3.2983, 5.62632, 2.10923, 
2.29065, 9.97496, -3.83922, -6.321, -4.32398, -3.6595, -3.442, 
-4.15637, -3.96582, -3.05391, -2.4135, -2.76547, -3.337, 0, 0, 
0, 0, 0, 0, 0, 0, 0, 0, 0, 0, 0, 0, 0, 0, 0, 0, 0, 0, 0, 0, 0.95512, 
0.96141, 0.97626, 0.97062, 0.97987, 0.98416, 0.98235, 0.98696, 
0.98994, 0.99147, 0.99495, 0.94512, 0.95232, 0.97152, 0.9692, 
0.97987, 0.984, 0.98373, 0.98347, 0.98548, 0.99363, 0.99192, 
0.0914, 0.0876, 0.1096, 0.1331, 0.1631, 0.1589, 0.1794, 0.2289, 
0.2735, 0.2558, 0.2657, 333, 290, 367.1, 414.7, 445.5, 436.3, 
475.5, 530.8, 564.5, 580.7, 577.5, 262, 159, 457, 1426, 42, 866, 
869, 79, 131, 775, 78, 91, 361, 257, 92, 1249, 574, 83, 1010, 
244, 61, 1618, 100, 100, 100, 100, 100, 100, 100, 100, 100, 100, 
100, 2500, 2500, 2500, 2500, 2500, 2500, 2500, 2500, 2500, 2500, 
2500, 7793.135, 7867.291, 8652.359, 9650.307, 10435.661, 10144.389, 
10780.549, 11854.856, 12498.092, 12268.662, 13181.034, 3.83281, 
7.42234, 6.54127, 9.90997, 12.93079, 5.28927, 2.00442, 10.28004, 
2.41451, 4.03474, 1.61791, -3.7844, -6.27329, -4.3234, -4.05402, 
-3.3834, -4.1322, -3.12485, -3.04588, -2.62719, -3.81016, -2.56131, 
0, 0, 0, 0, 0, 0, 0, 0, 0, 0, 0, 0, 0, 0, 0, 0, 0, 0, 0, 0, 0, 
0, 0.95512, 0.96141, 0.97626, 0.97057, 0.97987, 0.98416, 0.98118, 
0.98696, 0.98994, 0.99147, 0.99495, 0.94716, 0.95592, 0.97321, 
0.96605, 0.97985, 0.984, 0.98249, 0.98347, 0.98768, 0.9926, 0.9899, 
0.0899, 0.0875, 0.117, 0.1361, 0.1585, 0.154, 0.2028, 0.2252, 
0.2604, 0.2348, 0.3032, 334.1, 289.4, 367.7, 398.1, 448.1, 437.5, 
509.2, 530.9, 557.8, 541.7, 612, 694, 609, 1502, 737, 183, 1049, 
2159, 527, 30, 2450, 1539, 1, 1, 1, 4, 15, 1, 1, 12, 1, 1, 33, 
100, 100, 100, 100, 100, 100, 100, 100, 100, 100, 100, 2500, 
2500, 2500, 2500, 2500, 2500, 2500, 2500, 2500, 2500, 2500, 8207.498, 
8661.56, 9493.007, 10425.066, 10595.201, 11176.405, 11854.677, 
12484.358, 12928.845, 13752.199, 14795.501, 1, 1, 1, 1, 1, 1, 
1, 1, 1, 1, 1, 0.07692, 0.07692, 0.07692, 0.07692, 0.07692, 0.07692, 
0.07692, 0.07692, 0.07692, 0.07692, 0.07692, 0, 0, 0, 0, 0, 0, 
0, 0, 0, 0, 0, 0, 0, 0, 0, 0, 0, 0, 0, 0, 0, 0, 0.80205, 0.80741, 
0.87546, 0.86988, 0.88748, 0.90225, 0.92717, 0.91713, 0.92734, 
0.93421, 0.93636, 0.82422, 0.82001, 0.86866, 0.85764, 0.89628, 
0.91155, 0.92207, 0.9126, 0.93277, 0.94069, 0.93939, 0.0985, 
0.1134, 0.1398, 0.1599, 0.1699, 0.1895, 0.2042, 0.238, 0.2597, 
0.2717, 0.3023, 383.9, 417.7, 456.2, 492.8, 526.2, 557.5, 592.5, 
624.7, 651.9, 680.2, 709.6, 1, 1, 1, 1, 1, 1, 1, 1, 1, 1, 1, 
1, 1, 1, 1, 1, 1, 1, 1, 1, 1, 1, 1, 1, 1, 1, 1, 1, 1, 1, 1, 1, 
1, 1, 1, 1, 1, 1, 1, 1, 1, 1, 1, 1, 3.222, 3.396, 3.834, 4.106, 
4.03, 4.266, 4.36, 4.898, 5.19, 5.232, 5.706), .Dim = c(11L, 
40L), .Dimnames = list(NULL, c("Sampling", "PSO.cost", "PSO.gamma", 
"PSO.data.balancing", "PSO.feature.selection", "PSO.valid.acc", 
"PSO.test.acc", "PSO.train.time", "PSO.n.support.vectors", "PSO.index", 
"PSO.n.solutions", "PSO.generations", "PSO.n.evaluations", "PSO.cpu.time", 
"RS.cost", "RS.gamma", "RS.data.balancing", "RS.feature.selection", 
"RS.valid.acc", "RS.test.acc", "RS.train.time", "RS.n.support.vectors", 
"RS.index", "RS.n.solutions", "RS.generations", "RS.n.evaluations", 
"RS.cpu.time", "DF.cost", "DF.gamma", "DF.data.balancing", "DF.feature.selection", 
"DF.valid.acc", "DF.test.acc", "DF.train.time", "DF.n.support.vectors", 
"DF.index", "DF.n.solutions", "DF.generations", "DF.n.evaluations", 
"DF.cpu.time")))
