full <-
structure(c(50, 55, 60, 65, 70, 75, 80, 85, 90, 95, 100, 5.61554, 
15, 10.27926, 7.99701, 13.14449, 12.09396, 5.72785, 2.22849, 
6.19245, 11.78606, 3.99535, -5.0372, -5.32211, -4.29566, -3.28497, 
-2.66925, -3.22212, -2.39857, -2.83234, -2.34139, -2.81187, -1.88198, 
0, 0, 0, 0, 0, 0, 0, 0, 0, 0, 0, 0, 0, 0, 0, 0, 0, 0, 0, 0, 0, 
0, 0.95997, 0.9709, 0.97336, 0.97819, 0.9827, 0.97594, 0.97984, 
0.99407, 0.99443, 0.99472, 0.99192, 0.95793, 0.95598, 0.9562, 
0.97521, 0.97717, 0.97328, 0.97487, 0.99057, 0.99111, 0.99261, 
0.9899, 0.0882, 0.095, 0.1135, 0.1411, 0.1836, 0.1727, 0.2337, 
0.2256, 0.2637, 0.2532, 0.3387, 303.8, 313.1, 371.6, 427.9, 468.9, 
480.9, 523.5, 539.1, 559.2, 573.6, 611.1, 19, 133, 50, 277, 536, 
84, 77, 128, 935, 15, 11, 1260, 1192, 1432, 305, 338, 1433, 1145, 
402, 85, 1502, 1320, 100, 100, 100, 100, 100, 100, 100, 100, 
100, 100, 100, 2500, 2500, 2500, 2500, 2500, 2500, 2500, 2500, 
2500, 2500, 2500, 9591.345, 9877.887, 10454.356, 11238.093, 11664.056, 
11538.527, 12927.08, 13099.387, 13390.945, 13497.045, 14607.214, 
8.65674, 8.89854, 13.48527, 7.95028, 4.43372, 12.6861, 7.28347, 
1.92749, 13.01004, 6.35393, 14.58092, -4.89063, -5.31814, -4.47983, 
-3.28501, -2.6696, -3.2133, -2.35236, -2.81945, -2.5263, -2.87604, 
-2.01136, 0, 0, 0, 0, 0, 0, 0, 0, 0, 0, 0, 0, 0, 0, 0, 0, 0, 
0, 0, 0, 0, 0, 0.95997, 0.9709, 0.97336, 0.97819, 0.9827, 0.97594, 
0.97984, 0.99407, 0.99336, 0.99472, 0.99192, 0.96193, 0.95598, 
0.9562, 0.97521, 0.97717, 0.97328, 0.97359, 0.98941, 0.99111, 
0.99368, 0.99091, 0.0825, 0.0968, 0.1108, 0.1435, 0.1775, 0.1739, 
0.2312, 0.219, 0.2468, 0.2521, 0.321, 308.5, 313.1, 364, 428, 
469.1, 481, 523.7, 543.1, 554.3, 571.3, 609.1, 112, 460, 132, 
790, 483, 48, 136, 1678, 118, 86, 8, 22, 4, 61, 1, 2, 16, 22, 
2, 6, 26, 96, 100, 100, 100, 100, 100, 100, 100, 100, 100, 100, 
100, 2500, 2500, 2500, 2500, 2500, 2500, 2500, 2500, 2500, 2500, 
2500, 10084.992, 10549.918, 11055.545, 11506.267, 11577.451, 
12109.727, 12964.796, 13288.424, 13726.611, 14256.418, 15104.29, 
1, 1, 1, 1, 1, 1, 1, 1, 1, 1, 1, 0.07692, 0.07692, 0.07692, 0.07692, 
0.07692, 0.07692, 0.07692, 0.07692, 0.07692, 0.07692, 0.07692, 
0, 0, 0, 0, 0, 0, 0, 0, 0, 0, 0, 0, 0, 0, 0, 0, 0, 0, 0, 0, 0, 
0, 0.85361, 0.85896, 0.87422, 0.8666, 0.89225, 0.89982, 0.90938, 
0.92423, 0.92405, 0.93971, 0.93838, 0.83908, 0.86013, 0.86876, 
0.882, 0.89813, 0.90901, 0.92218, 0.92548, 0.92954, 0.94606, 
0.93838, 0.1029, 0.1171, 0.1344, 0.1489, 0.1656, 0.1844, 0.2042, 
0.2268, 0.2485, 0.2632, 0.2822, 383.9, 417.8, 450.2, 485.8, 521.7, 
557.2, 592.4, 622.4, 652.4, 680.8, 707.7, 1, 1, 1, 1, 1, 1, 1, 
1, 1, 1, 1, 1, 1, 1, 1, 1, 1, 1, 1, 1, 1, 1, 1, 1, 1, 1, 1, 1, 
1, 1, 1, 1, 1, 1, 1, 1, 1, 1, 1, 1, 1, 1, 1, 1, 4.006, 4.19, 
4.366, 4.376, 4.392, 4.742, 5.025, 5.177, 5.4, 5.3, 5.746), .Dim = c(11L, 
40L), .Dimnames = list(NULL, c("Sampling", "PSO.cost", "PSO.gamma", 
"PSO.data.balancing", "PSO.feature.selection", "PSO.valid.acc", 
"PSO.test.acc", "PSO.train.time", "PSO.n.support.vectors", "PSO.index", 
"PSO.n.solutions", "PSO.generations", "PSO.n.evaluations", "PSO.cpu.time", 
"RS.cost", "RS.gamma", "RS.data.balancing", "RS.feature.selection", 
"RS.valid.acc", "RS.test.acc", "RS.train.time", "RS.n.support.vectors", 
"RS.index", "RS.n.solutions", "RS.generations", "RS.n.evaluations", 
"RS.cpu.time", "DF.cost", "DF.gamma", "DF.data.balancing", "DF.feature.selection", 
"DF.valid.acc", "DF.test.acc", "DF.train.time", "DF.n.support.vectors", 
"DF.index", "DF.n.solutions", "DF.generations", "DF.n.evaluations", 
"DF.cpu.time")))
