full <-
structure(c(50, 55, 60, 65, 70, 75, 80, 85, 90, 95, 100, 6.71921, 
4.26735, 3.27796, 6.79222, 5.76484, 4.94552, 11.79701, 4.79346, 
10.05883, 3.66653, 4.0262, -5.28784, -3.95705, -3.23336, -3.42048, 
-4.3431, -4.12684, -3.19239, -2.59232, -3.03184, -3.00628, -2.91667, 
0, 0, 0, 0, 0, 0, 0, 0, 0, 0, 0, 0, 0, 0, 0, 0, 0, 0, 0, 0, 0, 
0, 0.95349, 0.95794, 0.97116, 0.97027, 0.98422, 0.99328, 0.99497, 
0.98812, 0.99552, 0.99471, 0.99495, 0.9354, 0.95096, 0.96772, 
0.95817, 0.98265, 0.99333, 0.98749, 0.98461, 0.99007, 0.99265, 
0.99394, 0.0813, 0.1097, 0.1395, 0.1446, 0.1435, 0.163, 0.195, 
0.2372, 0.2353, 0.2556, 0.2744, 300.8, 366.7, 409.8, 429.6, 417.4, 
451.1, 498.4, 535.2, 545.3, 569.3, 595.3, 659, 1050, 715, 86, 
23, 304, 55, 16, 1330, 452, 666, 70, 180, 381, 1325, 336, 605, 
1332, 1154, 9, 543, 30, 100, 100, 100, 100, 100, 100, 100, 100, 
100, 100, 100, 2500, 2500, 2500, 2500, 2500, 2500, 2500, 2500, 
2500, 2500, 2500, 8017.666, 8456.774, 9382.483, 9273.58, 9418.709, 
10007.098, 10907.952, 11830.567, 11976.965, 12638.444, 12494.998, 
7.4249, 3.95639, 3.36822, 14.83506, 10.02706, 5.93779, 9.0248, 
7.62195, 6.86105, 3.70767, 12.39437, -5.33642, -3.94649, -3.43188, 
-3.42703, -5.85982, -4.15064, -3.10787, -2.58379, -3.04206, -2.98586, 
-4.10523, 0, 0, 0, 0, 0, 0, 0, 0, 0, 0, 0, 0, 0, 0, 0, 0, 0, 
0, 0, 0, 0, 0, 0.95145, 0.95609, 0.97116, 0.97027, 0.98424, 0.99328, 
0.99497, 0.98812, 0.99439, 0.99471, 0.99394, 0.9374, 0.94907, 
0.9643, 0.95817, 0.98122, 0.99196, 0.98749, 0.98461, 0.99007, 
0.99265, 0.99091, 0.0823, 0.1104, 0.1236, 0.1377, 0.1216, 0.1562, 
0.1978, 0.2376, 0.226, 0.2558, 0.2262, 300.6, 366.4, 408.1, 429.5, 
351.9, 450.8, 500.4, 535.8, 545.2, 570.8, 540.1, 359, 884, 2288, 
30, 687, 68, 126, 1095, 717, 962, 33, 2, 4, 1, 14, 4, 2, 26, 
3, 3, 1, 35, 100, 100, 100, 100, 100, 100, 100, 100, 100, 100, 
100, 2500, 2500, 2500, 2500, 2500, 2500, 2500, 2500, 2500, 2500, 
2500, 8538.885, 9007.433, 9195.944, 9743.065, 10288.283, 11059.175, 
11614.214, 12217.577, 13036.466, 13486.994, 14055.757, 1, 1, 
1, 1, 1, 1, 1, 1, 1, 1, 1, 0.07692, 0.07692, 0.07692, 0.07692, 
0.07692, 0.07692, 0.07692, 0.07692, 0.07692, 0.07692, 0.07692, 
0, 0, 0, 0, 0, 0, 0, 0, 0, 0, 0, 0, 0, 0, 0, 0, 0, 0, 0, 0, 0, 
0, 0.818, 0.83313, 0.85181, 0.86618, 0.88083, 0.9142, 0.90446, 
0.90738, 0.91751, 0.93969, 0.94646, 0.83197, 0.8242, 0.85861, 
0.87875, 0.88345, 0.91281, 0.90197, 0.90635, 0.91975, 0.93644, 
0.94545, 0.1022, 0.1205, 0.1344, 0.1515, 0.1726, 0.1902, 0.2117, 
0.2313, 0.2551, 0.2778, 0.2932, 383.2, 418.8, 455.1, 487.3, 518.2, 
556.6, 588.7, 615.7, 645.4, 682.4, 709.2, 1, 1, 1, 1, 1, 1, 1, 
1, 1, 1, 1, 1, 1, 1, 1, 1, 1, 1, 1, 1, 1, 1, 1, 1, 1, 1, 1, 1, 
1, 1, 1, 1, 1, 1, 1, 1, 1, 1, 1, 1, 1, 1, 1, 1, 3.336, 3.553, 
3.615, 3.818, 4.075, 4.265, 4.462, 4.727, 5.015, 5.226, 6.126
), .Dim = c(11L, 40L), .Dimnames = list(NULL, c("Sampling", "PSO.cost", 
"PSO.gamma", "PSO.data.balancing", "PSO.feature.selection", "PSO.valid.acc", 
"PSO.test.acc", "PSO.train.time", "PSO.n.support.vectors", "PSO.index", 
"PSO.n.solutions", "PSO.generations", "PSO.n.evaluations", "PSO.cpu.time", 
"RS.cost", "RS.gamma", "RS.data.balancing", "RS.feature.selection", 
"RS.valid.acc", "RS.test.acc", "RS.train.time", "RS.n.support.vectors", 
"RS.index", "RS.n.solutions", "RS.generations", "RS.n.evaluations", 
"RS.cpu.time", "DF.cost", "DF.gamma", "DF.data.balancing", "DF.feature.selection", 
"DF.valid.acc", "DF.test.acc", "DF.train.time", "DF.n.support.vectors", 
"DF.index", "DF.n.solutions", "DF.generations", "DF.n.evaluations", 
"DF.cpu.time")))
