full <-
structure(c(50, 55, 60, 65, 70, 75, 80, 85, 90, 95, 100, 5.93061, 
4.89272, 4.82952, 4.3813, 6.84981, 13.04584, 3.77872, 6.36127, 
10.68473, 4.50775, 9.57833, -4.58622, -3.14561, -4.30284, -3.31098, 
-4.38992, -2.61516, -3.61505, -3.91793, -3.55119, -2.30506, -2.96299, 
0, 0, 0, 0, 0, 0, 0, 0, 0, 0, 0, 0, 0, 0, 0, 0, 0, 0, 0, 0, 0, 
0, 0.92369, 0.9519, 0.95633, 0.97378, 0.97691, 0.98536, 0.99128, 
0.99407, 0.98996, 0.99363, 0.99596, 0.92209, 0.95351, 0.95811, 
0.97049, 0.96983, 0.98123, 0.99126, 0.99528, 0.99115, 0.99261, 
0.99798, 0.0874, 0.1237, 0.1198, 0.1421, 0.1431, 0.2032, 0.1834, 
0.199, 0.2252, 0.2946, 0.2644, 313.8, 377.8, 376.6, 426.7, 411.2, 
486.9, 485.1, 491.2, 525.8, 585, 590.4, 93, 98, 1523, 699, 1532, 
5, 436, 17, 86, 123, 38, 755, 1150, 70, 724, 46, 1636, 491, 1236, 
1052, 1053, 1598, 100, 100, 100, 100, 100, 100, 100, 100, 100, 
100, 100, 2500, 2500, 2500, 2500, 2500, 2500, 2500, 2500, 2500, 
2500, 2500, 8130.875, 9015.691, 8959.091, 9612.165, 9832.44099999999, 
10990.803, 10536.668, 11232.425, 11676.917, 13577.308, 13093.088, 
14.45124, 13.41824, 4.48661, 4.91332, 6.52293, 8.81297, 3.77467, 
13.42604, 5.68261, 10.41821, 10.21725, -4.53066, -3.16337, -4.85069, 
-3.40983, -4.40123, -2.82937, -3.54039, -4.01089, -3.5903, -2.36395, 
-3.09569, 0, 0, 0, 0, 0, 0, 0, 0, 0, 0, 0, 0, 0, 0, 0, 0, 0, 
0, 0, 0, 0, 0, 0.92173, 0.9519, 0.95472, 0.97378, 0.97691, 0.98536, 
0.99128, 0.99407, 0.98996, 0.99363, 0.99596, 0.92001, 0.95166, 
0.95986, 0.97208, 0.96983, 0.98123, 0.99126, 0.99528, 0.99224, 
0.99261, 0.99798, 0.0895, 0.1237, 0.1142, 0.1455, 0.1423, 0.1903, 
0.1814, 0.2, 0.2186, 0.2907, 0.2597, 315, 377.7, 359.9, 424.9, 
411.2, 483.5, 487.2, 488, 524, 582.9, 586.2, 575, 189, 1102, 
154, 68, 1, 1241, 58, 86, 102, 13, 3, 12, 1, 3, 1, 67, 1, 22, 
18, 12, 41, 100, 100, 100, 100, 100, 100, 100, 100, 100, 100, 
100, 2500, 2500, 2500, 2500, 2500, 2500, 2500, 2500, 2500, 2500, 
2500, 8638.586, 9078.453, 9539.039, 10044.757, 10554.074, 11215.857, 
11568.524, 12633.198, 12928.205, 13760.798, 14556.448, 1, 1, 
1, 1, 1, 1, 1, 1, 1, 1, 1, 0.07692, 0.07692, 0.07692, 0.07692, 
0.07692, 0.07692, 0.07692, 0.07692, 0.07692, 0.07692, 0.07692, 
0, 0, 0, 0, 0, 0, 0, 0, 0, 0, 0, 0, 0, 0, 0, 0, 0, 0, 0, 0, 0, 
0, 0.84088, 0.86381, 0.8705, 0.88045, 0.90212, 0.91018, 0.90082, 
0.91961, 0.92065, 0.94711, 0.93838, 0.83921, 0.85613, 0.86381, 
0.86647, 0.90067, 0.91269, 0.90102, 0.91729, 0.92855, 0.93977, 
0.93434, 0.1056, 0.1226, 0.1384, 0.1583, 0.1729, 0.1929, 0.2141, 
0.2339, 0.2561, 0.2678, 0.2989, 377.2, 416, 451.6, 484.3, 517.8, 
553.7, 586.6, 623.4, 651.9, 682.5, 709.1, 1, 1, 1, 1, 1, 1, 1, 
1, 1, 1, 1, 1, 1, 1, 1, 1, 1, 1, 1, 1, 1, 1, 1, 1, 1, 1, 1, 1, 
1, 1, 1, 1, 1, 1, 1, 1, 1, 1, 1, 1, 1, 1, 1, 1, 3.421, 3.594, 
3.72, 3.951, 4.105, 4.306, 4.601, 4.879, 4.982, 5.067, 5.623), .Dim = c(11L, 
40L), .Dimnames = list(NULL, c("Sampling", "PSO.cost", "PSO.gamma", 
"PSO.data.balancing", "PSO.feature.selection", "PSO.valid.acc", 
"PSO.test.acc", "PSO.train.time", "PSO.n.support.vectors", "PSO.index", 
"PSO.n.solutions", "PSO.generations", "PSO.n.evaluations", "PSO.cpu.time", 
"RS.cost", "RS.gamma", "RS.data.balancing", "RS.feature.selection", 
"RS.valid.acc", "RS.test.acc", "RS.train.time", "RS.n.support.vectors", 
"RS.index", "RS.n.solutions", "RS.generations", "RS.n.evaluations", 
"RS.cpu.time", "DF.cost", "DF.gamma", "DF.data.balancing", "DF.feature.selection", 
"DF.valid.acc", "DF.test.acc", "DF.train.time", "DF.n.support.vectors", 
"DF.index", "DF.n.solutions", "DF.generations", "DF.n.evaluations", 
"DF.cpu.time")))
