full <-
structure(c(50, 55, 60, 65, 70, 75, 80, 85, 90, 95, 100, 10.89675, 
12.15954, 6.93596, 4.18609, 2.64199, 7.56007, 15, 9.30797, 11.13443, 
2.8624, 9.60342, -4.95301, -4.59019, -3.75337, -3.04698, -3.36264, 
-4.09832, -3.58096, -3.33079, -3.89798, -3.11005, -3.6393, 0, 
0, 0, 0, 0, 0, 0, 0, 0, 0, 0, 0, 0, 0, 0, 0, 0, 0, 0, 0, 0, 0, 
0.96196, 0.95424, 0.96479, 0.97215, 0.97442, 0.98522, 0.99503, 
0.99175, 0.99444, 0.99464, 0.99596, 0.95596, 0.94498, 0.97321, 
0.97526, 0.96849, 0.98117, 0.98869, 0.99288, 0.99212, 0.99139, 
0.99596, 0.0868, 0.1008, 0.1168, 0.1454, 0.1642, 0.1627, 0.1769, 
0.21, 0.217, 0.2621, 0.2398, 306.5, 336.5, 385.9, 429, 457.4, 
443.1, 486.4, 513.2, 511.1, 573.6, 561, 86, 252, 211, 419, 1439, 
56, 96, 88, 43, 1005, 170, 986, 1074, 827, 676, 50, 990, 994, 
1287, 1416, 28, 169, 100, 100, 100, 100, 100, 100, 100, 100, 
100, 100, 100, 2500, 2500, 2500, 2500, 2500, 2500, 2500, 2500, 
2500, 2500, 2500, 7986.104, 8418.074, 8779.021, 9615.462, 9895.902, 
10203.183, 10585.288, 11572.275, 11565.496, 13470.679, 12555.09, 
7.54134, 8.02158, 13.21452, 3.97741, 7.60674, 11.13758, 4.95507, 
12.21172, 14.66918, 7.93614, 7.2321, -4.95746, -4.58144, -3.74091, 
-2.89989, -3.35918, -4.15616, -3.58278, -3.12583, -3.64234, -1.98712, 
-3.63765, 0, 0, 0, 0, 0, 0, 0, 0, 0, 0, 0, 0, 0, 0, 0, 0, 0, 
0, 0, 0, 0, 0, 0.96196, 0.95424, 0.96479, 0.97215, 0.97427, 0.98522, 
0.99503, 0.99175, 0.99444, 0.99358, 0.99596, 0.95596, 0.94498, 
0.97149, 0.97367, 0.96851, 0.9798, 0.98869, 0.99288, 0.99323, 
0.99029, 0.99596, 0.0873, 0.0985, 0.1202, 0.1635, 0.1635, 0.1644, 
0.1813, 0.2157, 0.2229, 0.3123, 0.2496, 306.4, 336.7, 386.5, 
432.3, 453.1, 441.2, 486.1, 522.4, 525.3, 595, 560.8, 42, 782, 
927, 77, 11, 339, 138, 66, 19, 302, 1540, 13, 3, 3, 4, 14, 15, 
10, 23, 60, 3, 1, 100, 100, 100, 100, 100, 100, 100, 100, 100, 
100, 100, 2500, 2500, 2500, 2500, 2500, 2500, 2500, 2500, 2500, 
2500, 2500, 8644.218, 8915.98, 9267.451, 9872.995, 10549.401, 
11134.679, 11847.491, 12513.564, 12740.06, 13671.079, 14449.416, 
1, 1, 1, 1, 1, 1, 1, 1, 1, 1, 1, 0.07692, 0.07692, 0.07692, 0.07692, 
0.07692, 0.07692, 0.07692, 0.07692, 0.07692, 0.07692, 0.07692, 
0, 0, 0, 0, 0, 0, 0, 0, 0, 0, 0, 0, 0, 0, 0, 0, 0, 0, 0, 0, 0, 
0, 0.84891, 0.8366, 0.84172, 0.87774, 0.87774, 0.89674, 0.90577, 
0.91609, 0.92316, 0.93851, 0.94141, 0.82057, 0.84024, 0.85211, 
0.87471, 0.87942, 0.89668, 0.90323, 0.9127, 0.92191, 0.93422, 
0.93737, 0.1014, 0.1145, 0.1316, 0.1492, 0.1769, 0.1874, 0.2157, 
0.234, 0.2648, 0.2714, 0.2999, 381.1, 415.9, 451, 487.5, 521.9, 
553.9, 587.3, 617.3, 648.5, 681.1, 710.2, 1, 1, 1, 1, 1, 1, 1, 
1, 1, 1, 1, 1, 1, 1, 1, 1, 1, 1, 1, 1, 1, 1, 1, 1, 1, 1, 1, 1, 
1, 1, 1, 1, 1, 1, 1, 1, 1, 1, 1, 1, 1, 1, 1, 1, 3.271, 3.402, 
3.526, 3.757, 4.18, 4.164, 4.647, 4.819, 5.221, 5.122, 5.646), .Dim = c(11L, 
40L), .Dimnames = list(NULL, c("Sampling", "PSO.cost", "PSO.gamma", 
"PSO.data.balancing", "PSO.feature.selection", "PSO.valid.acc", 
"PSO.test.acc", "PSO.train.time", "PSO.n.support.vectors", "PSO.index", 
"PSO.n.solutions", "PSO.generations", "PSO.n.evaluations", "PSO.cpu.time", 
"RS.cost", "RS.gamma", "RS.data.balancing", "RS.feature.selection", 
"RS.valid.acc", "RS.test.acc", "RS.train.time", "RS.n.support.vectors", 
"RS.index", "RS.n.solutions", "RS.generations", "RS.n.evaluations", 
"RS.cpu.time", "DF.cost", "DF.gamma", "DF.data.balancing", "DF.feature.selection", 
"DF.valid.acc", "DF.test.acc", "DF.train.time", "DF.n.support.vectors", 
"DF.index", "DF.n.solutions", "DF.generations", "DF.n.evaluations", 
"DF.cpu.time")))
