full <-
structure(c(50, 55, 60, 65, 70, 75, 80, 85, 90, 95, 100, 3.85087, 
8.80628, 8.70028, 9.16308, 4.42643, 9.02559, 9.1771, 4.55809, 
7.75031, 5.46427, 4.2975, -4.1441, -4.209, -3.42948, -3.53541, 
-3.46692, -4.10581, -3.23513, -3.2907, -4.36625, -3.90637, -2.986, 
0, 0, 0, 0, 0, 0, 0, 0, 0, 0, 0, 0, 0, 0, 0, 0, 0, 0, 0, 0, 0, 
0, 0.96545, 0.96716, 0.97316, 0.98471, 0.97852, 0.98266, 0.9888, 
0.994, 0.9956, 0.99477, 0.99293, 0.95932, 0.95644, 0.96469, 0.98454, 
0.97842, 0.98529, 0.98877, 0.9893, 0.98777, 0.99478, 0.99495, 
0.0959, 0.1014, 0.1345, 0.1457, 0.1645, 0.1584, 0.1904, 0.215, 
0.196, 0.2328, 0.271, 330.8, 354.2, 398.7, 422.5, 448.6, 446.6, 
495.9, 516.6, 492.1, 535.9, 589.2, 633, 215, 46, 87, 1981, 31, 
26, 152, 83, 100, 13, 52, 779, 1243, 1374, 4, 1489, 1398, 1047, 
1278, 456, 1515, 100, 100, 100, 100, 100, 100, 100, 100, 100, 
100, 100, 2500, 2500, 2500, 2500, 2500, 2500, 2500, 2500, 2500, 
2500, 2500, 8793.266, 9176.605, 9748.165, 10068.751, 10547.828, 
10455.792, 11147.693, 11487.412, 11433.226, 11981.686, 13071.584, 
5.96204, 10.73851, 6.00959, 13.19758, 4.18776, 8.89124, 5.07199, 
4.67253, 11.49125, 5.20227, 8.41316, -4.29844, -4.2451, -3.55012, 
-3.38498, -3.56563, -3.96551, -3.70379, -3.36347, -4.18379, -3.92832, 
-3.03666, 0, 0, 0, 0, 0, 0, 0, 0, 0, 0, 0, 0, 0, 0, 0, 0, 0, 
0, 0, 0, 0, 0, 0.96349, 0.96716, 0.97316, 0.98471, 0.97852, 0.98266, 
0.98888, 0.994, 0.9956, 0.99477, 0.99293, 0.95324, 0.95644, 0.96644, 
0.9861, 0.97842, 0.98664, 0.98999, 0.99048, 0.98777, 0.99478, 
0.99495, 0.0974, 0.1021, 0.1301, 0.1414, 0.1564, 0.161, 0.1876, 
0.2064, 0.198, 0.2229, 0.2631, 327.5, 353.5, 396.4, 427.9, 446.1, 
451.1, 480.8, 514.1, 503.5, 534.4, 586.1, 1064, 451, 16, 118, 
1245, 74, 131, 214, 124, 18, 32, 2, 6, 14, 35, 2, 21, 3, 5, 15, 
3, 47, 100, 100, 100, 100, 100, 100, 100, 100, 100, 100, 100, 
2500, 2500, 2500, 2500, 2500, 2500, 2500, 2500, 2500, 2500, 2500, 
8982.689, 9671.955, 10041.369, 10089.032, 10892.125, 11362.92, 
11888.167, 12281.059, 13115.625, 13606.478, 14366.091, 1, 1, 
1, 1, 1, 1, 1, 1, 1, 1, 1, 0.07692, 0.07692, 0.07692, 0.07692, 
0.07692, 0.07692, 0.07692, 0.07692, 0.07692, 0.07692, 0.07692, 
0, 0, 0, 0, 0, 0, 0, 0, 0, 0, 0, 0, 0, 0, 0, 0, 0, 0, 0, 0, 0, 
0, 0.82874, 0.86273, 0.86102, 0.88212, 0.89324, 0.90212, 0.90894, 
0.91702, 0.93292, 0.92999, 0.94646, 0.84472, 0.85337, 0.86755, 
0.87107, 0.89912, 0.90456, 0.90766, 0.90988, 0.9262, 0.93218, 
0.94242, 0.1056, 0.122, 0.1335, 0.161, 0.1818, 0.1931, 0.2064, 
0.2239, 0.2601, 0.2883, 0.2929, 382.5, 417, 453.9, 488.9, 520.8, 
551.8, 582.6, 613.8, 649.5, 680.8, 709.5, 1, 1, 1, 1, 1, 1, 1, 
1, 1, 1, 1, 1, 1, 1, 1, 1, 1, 1, 1, 1, 1, 1, 1, 1, 1, 1, 1, 1, 
1, 1, 1, 1, 1, 1, 1, 1, 1, 1, 1, 1, 1, 1, 1, 1, 3.596, 3.882, 
3.719, 4.133, 4.401, 4.355, 4.446, 4.55, 5.184, 5.454, 5.385), .Dim = c(11L, 
40L), .Dimnames = list(NULL, c("Sampling", "PSO.cost", "PSO.gamma", 
"PSO.data.balancing", "PSO.feature.selection", "PSO.valid.acc", 
"PSO.test.acc", "PSO.train.time", "PSO.n.support.vectors", "PSO.index", 
"PSO.n.solutions", "PSO.generations", "PSO.n.evaluations", "PSO.cpu.time", 
"RS.cost", "RS.gamma", "RS.data.balancing", "RS.feature.selection", 
"RS.valid.acc", "RS.test.acc", "RS.train.time", "RS.n.support.vectors", 
"RS.index", "RS.n.solutions", "RS.generations", "RS.n.evaluations", 
"RS.cpu.time", "DF.cost", "DF.gamma", "DF.data.balancing", "DF.feature.selection", 
"DF.valid.acc", "DF.test.acc", "DF.train.time", "DF.n.support.vectors", 
"DF.index", "DF.n.solutions", "DF.generations", "DF.n.evaluations", 
"DF.cpu.time")))
