full <-
structure(c(50, 55, 60, 65, 70, 75, 80, 85, 90, 95, 100, 13.75235, 
13.02211, 15, 14.99886, 13.76053, 13.76654, 13.42734, 12.61181, 
14.69672, 14.32303, 15, -10.73295, -8.7755, -9.5826, -10.30433, 
-9.8823, -9.10048, -10.49638, -8.74076, -9.3159, -11.08399, -11.57717, 
0, 0, 0, 0, 0, 0, 0, 0, 0, 0, 0, 0, 0, 0, 0, 0, 0, 0, 0, 0, 0, 
0, 0.96333, 0.96333, 0.93333, 0.97143, 0.95893, 0.96032, 0.97778, 
0.94028, 0.95639, 0.95889, 0.95869, 0.90333, 0.94667, 0.93333, 
0.95714, 0.94464, 0.96032, 0.95099, 0.90417, 0.95639, 0.95889, 
0.93141, 0.0101, 0.0113, 0.0114, 0.0121, 0.0115, 0.0122, 0.0113, 
0.0117, 0.0116, 0.0117, 0.0118, 14.4, 13.7, 13.7, 16.4, 18.4, 
16.1, 21.4, 20.1, 15.8, 22, 20.7, 166, 173, 143, 669, 47, 38, 
20, 72, 217, 22, 147, 147, 364, 1196, 542, 983, 1715, 523, 809, 
567, 1520, 175, 100, 100, 100, 100, 100, 100, 100, 100, 100, 
100, 100, 2500, 2500, 2500, 2500, 2500, 2500, 2500, 2500, 2500, 
2500, 2500, 6826.631, 6759.204, 6795.264, 6666.30499999999, 6688.361, 
6702.338, 6757.92499999999, 6614.148, 6514.71799999999, 6535.96799999999, 
6559.166, 13.35358, 12.90525, 14.87846, 14.88364, 12.57214, 14.02183, 
14.44067, 13.84022, 13.93531, 14.43068, 13.69233, -10.37332, 
-8.61825, -9.49262, -10.03611, -8.90264, -10.33421, -11.07742, 
-9.48639, -8.80335, -10.94745, -11.29262, 0, 0, 0, 0, 0, 0, 0, 
0, 0, 0, 0, 0, 0, 0, 0, 0, 0, 0, 0, 0, 0, 0, 0.96333, 0.96333, 
0.93333, 0.95476, 0.95893, 0.96032, 0.97778, 0.94028, 0.95639, 
0.95889, 0.9496, 0.90333, 0.94667, 0.93333, 0.95714, 0.93036, 
0.96032, 0.95099, 0.92917, 0.94389, 0.95889, 0.93051, 0.0102, 
0.0106, 0.0113, 0.0114, 0.0109, 0.0112, 0.0119, 0.0111, 0.0114, 
0.0118, 0.0109, 14.6, 13.6, 13.7, 16.2, 19, 18.5, 20.6, 18.8, 
16.1, 21.2, 24.3, 507, 210, 1455, 2489, 44, 28, 145, 101, 758, 
89, 18, 2, 2, 1, 1, 32, 24, 11, 15, 4, 11, 25, 100, 100, 100, 
100, 100, 100, 100, 100, 100, 100, 100, 2500, 2500, 2500, 2500, 
2500, 2500, 2500, 2500, 2500, 2500, 2500, 6809.291, 6744.243, 
6733.946, 6603.63, 6667.379, 6675.02899999999, 6634.125, 6471.079, 
6441.012, 6549.62500000001, 6577.087, 1, 1, 1, 1, 1, 1, 1, 1, 
1, 1, 1, 0.16667, 0.16667, 0.16667, 0.16667, 0.16667, 0.16667, 
0.16667, 0.16667, 0.16667, 0.16667, 0.16667, 0, 0, 0, 0, 0, 0, 
0, 0, 0, 0, 0, 0, 0, 0, 0, 0, 0, 0, 0, 0, 0, 0, 0.78833, 0.74167, 
0.7181, 0.73571, 0.71429, 0.73492, 0.73512, 0.71611, 0.7425, 
0.76861, 0.77172, 0.78, 0.725, 0.7181, 0.72143, 0.72857, 0.7256, 
0.72718, 0.71861, 0.78361, 0.76861, 0.77172, 0.0102, 0.0102, 
0.0104, 0.01, 0.0105, 0.0108, 0.0103, 0.0097, 0.0104, 0.0114, 
0.0113, 27.1, 31.6, 35.2, 37.3, 39.6, 42.6, 43, 42.6, 45.1, 47.2, 
47.6, 1, 1, 1, 1, 1, 1, 1, 1, 1, 1, 1, 1, 1, 1, 1, 1, 1, 1, 1, 
1, 1, 1, 1, 1, 1, 1, 1, 1, 1, 1, 1, 1, 1, 1, 1, 1, 1, 1, 1, 1, 
1, 1, 1, 1, 2.69, 2.703, 2.683, 2.624, 2.651, 2.656, 2.515, 2.485, 
2.503, 2.615, 2.526), .Dim = c(11L, 40L), .Dimnames = list(NULL, 
    c("Sampling", "PSO.cost", "PSO.gamma", "PSO.data.balancing", 
    "PSO.feature.selection", "PSO.valid.acc", "PSO.test.acc", 
    "PSO.train.time", "PSO.n.support.vectors", "PSO.index", "PSO.n.solutions", 
    "PSO.generations", "PSO.n.evaluations", "PSO.cpu.time", "RS.cost", 
    "RS.gamma", "RS.data.balancing", "RS.feature.selection", 
    "RS.valid.acc", "RS.test.acc", "RS.train.time", "RS.n.support.vectors", 
    "RS.index", "RS.n.solutions", "RS.generations", "RS.n.evaluations", 
    "RS.cpu.time", "DF.cost", "DF.gamma", "DF.data.balancing", 
    "DF.feature.selection", "DF.valid.acc", "DF.test.acc", "DF.train.time", 
    "DF.n.support.vectors", "DF.index", "DF.n.solutions", "DF.generations", 
    "DF.n.evaluations", "DF.cpu.time")))
