full <-
structure(c(50, 55, 60, 65, 70, 75, 80, 85, 90, 95, 100, 14.73615, 
15, 15, 14.74278, 15, 13.88186, 14.88786, 11.59027, 12.92105, 
14.37123, 15, -8.57203, -10.91701, -9.91868, -9.59412, -10.06216, 
-9.88942, -10.33392, -7.97873, -8.64675, -10.34967, -11.4568, 
0, 0, 0, 0, 0, 0, 0, 0, 0, 0, 0, 0, 0, 0, 0, 0, 0, 0, 0, 0, 0, 
0, 0.88, 0.92667, 0.92143, 0.95238, 0.91429, 0.96071, 0.96349, 
0.96389, 0.96778, 0.96667, 0.95071, 0.86, 0.88, 0.90714, 0.9381, 
0.92857, 0.93214, 0.93988, 0.94167, 0.96778, 0.95556, 0.94071, 
0.0104, 0.011, 0.0113, 0.0113, 0.0119, 0.0116, 0.012, 0.0109, 
0.0128, 0.0128, 0.013, 12.2, 15.3, 14.9, 15.4, 16, 18.7, 16.6, 
20.1, 18.4, 18, 20.5, 91, 208, 229, 142, 191, 262, 129, 55, 24, 
19, 56, 131, 303, 685, 1038, 309, 587, 1195, 1155, 1109, 1420, 
680, 100, 100, 100, 100, 100, 100, 100, 100, 100, 100, 100, 2500, 
2500, 2500, 2500, 2500, 2500, 2500, 2500, 2500, 2500, 2500, 6498.873, 
6744.812, 6602.567, 6446.943, 6338.043, 6278.405, 6303, 6277.50199999999, 
6535.269, 7182.14999999999, 6960.43199999999, 14.71956, 14.64528, 
14.68295, 14.09307, 14.64978, 13.54386, 14.63612, 14.80948, 13.33302, 
14.83193, 14.73955, -8.47922, -9.55167, -10.14212, -9.15389, 
-10.40029, -9.59069, -10.72189, -10.67273, -9.45484, -11.07052, 
-11.25148, 0, 0, 0, 0, 0, 0, 0, 0, 0, 0, 0, 0, 0, 0, 0, 0, 0, 
0, 0, 0, 0, 0, 0.86333, 0.90667, 0.92143, 0.9381, 0.91429, 0.96071, 
0.95099, 0.96389, 0.96778, 0.96667, 0.95071, 0.86, 0.86333, 0.90714, 
0.89286, 0.94286, 0.93214, 0.95099, 0.96389, 0.96778, 0.95556, 
0.94071, 0.0117, 0.0113, 0.0116, 0.0106, 0.0119, 0.0103, 0.011, 
0.012, 0.0123, 0.0143, 0.0131, 12.1, 14.3, 15.5, 15.5, 17.8, 
18.6, 19, 17.6, 18.9, 19.1, 20.5, 292, 1642, 839, 1465, 187, 
42, 992, 11, 92, 60, 683, 4, 1, 2, 2, 10, 6, 2, 44, 14, 13, 1, 
100, 100, 100, 100, 100, 100, 100, 100, 100, 100, 100, 2500, 
2500, 2500, 2500, 2500, 2500, 2500, 2500, 2500, 2500, 2500, 6664.996, 
6762.31, 6567.372, 6289.624, 6295.821, 6274.26999999999, 6240.53200000001, 
6384.07000000001, 6420.23, 7039.59, 7004.33199999999, 1, 1, 1, 
1, 1, 1, 1, 1, 1, 1, 1, 0.16667, 0.16667, 0.16667, 0.16667, 0.16667, 
0.16667, 0.16667, 0.16667, 0.16667, 0.16667, 0.16667, 0, 0, 0, 
0, 0, 0, 0, 0, 0, 0, 0, 0, 0, 0, 0, 0, 0, 0, 0, 0, 0, 0, 0.59, 
0.71333, 0.71714, 0.71905, 0.74286, 0.75714, 0.7248, 0.77111, 
0.76917, 0.76667, 0.79394, 0.615, 0.67667, 0.69952, 0.72143, 
0.74286, 0.75714, 0.7373, 0.78361, 0.75917, 0.76889, 0.77192, 
0.0102, 0.0101, 0.0101, 0.0098, 0.0111, 0.0106, 0.01, 0.0109, 
0.011, 0.0111, 0.0116, 31.2, 32.2, 34.4, 37.2, 37.9, 38.7, 40.3, 
42.8, 45.8, 45.9, 48.2, 1, 1, 1, 1, 1, 1, 1, 1, 1, 1, 1, 1, 1, 
1, 1, 1, 1, 1, 1, 1, 1, 1, 1, 1, 1, 1, 1, 1, 1, 1, 1, 1, 1, 1, 
1, 1, 1, 1, 1, 1, 1, 1, 1, 1, 2.658, 2.646, 2.47, 2.395, 2.641, 
2.628, 2.422, 2.586, 2.51, 2.645, 2.817), .Dim = c(11L, 40L), .Dimnames = list(
    NULL, c("Sampling", "PSO.cost", "PSO.gamma", "PSO.data.balancing", 
    "PSO.feature.selection", "PSO.valid.acc", "PSO.test.acc", 
    "PSO.train.time", "PSO.n.support.vectors", "PSO.index", "PSO.n.solutions", 
    "PSO.generations", "PSO.n.evaluations", "PSO.cpu.time", "RS.cost", 
    "RS.gamma", "RS.data.balancing", "RS.feature.selection", 
    "RS.valid.acc", "RS.test.acc", "RS.train.time", "RS.n.support.vectors", 
    "RS.index", "RS.n.solutions", "RS.generations", "RS.n.evaluations", 
    "RS.cpu.time", "DF.cost", "DF.gamma", "DF.data.balancing", 
    "DF.feature.selection", "DF.valid.acc", "DF.test.acc", "DF.train.time", 
    "DF.n.support.vectors", "DF.index", "DF.n.solutions", "DF.generations", 
    "DF.n.evaluations", "DF.cpu.time")))
