full <-
structure(c(50, 55, 60, 65, 70, 75, 80, 85, 90, 95, 100, 15, 
15, 11.15959, 14.40357, 14.8219, 15, 15, 15, 15, 15, 11.61158, 
-9.89698, -10.67597, -9.09446, -10.70476, -9.89622, -11.55062, 
-12.28433, -11.58753, -11.3234, -11.84527, -8.94768, 0, 0, 0, 
0, 0, 0, 0, 0, 0, 0, 0, 0, 0, 0, 0, 0, 0, 0, 0, 0, 0, 0, 0.955, 
0.91, 0.93333, 0.94905, 0.95714, 0.95714, 0.94603, 0.96389, 0.9525, 
0.93889, 0.96071, 0.89833, 0.89, 0.89667, 0.94905, 0.9119, 0.95714, 
0.9381, 0.95139, 0.9525, 0.93889, 0.93051, 0.0099, 0.0103, 0.011, 
0.0115, 0.013, 0.0124, 0.0116, 0.0132, 0.0134, 0.0133, 0.0124, 
9.5, 10.8, 16.9, 15.7, 15.9, 19.5, 21.9, 19.1, 19.6, 21.3, 23.1, 
55, 203, 186, 23, 125, 26, 115, 172, 51, 107, 190, 1092, 1000, 
88, 1388, 1111, 1210, 1514, 911, 1385, 444, 495, 100, 100, 100, 
100, 100, 100, 100, 100, 100, 100, 100, 2500, 2500, 2500, 2500, 
2500, 2500, 2500, 2500, 2500, 2500, 2500, 6220.692, 6340.193, 
6601.593, 6577.551, 6589.797, 6542.843, 6535.29399999999, 6569.584, 
6564.095, 6586.59899999999, 6532.66200000001, 14.89538, 14.03314, 
11.17753, 14.29422, 14.86325, 14.13344, 14.66773, 14.50493, 13.79881, 
14.05255, 11.66782, -8.98701, -10.33204, -9.13027, -10.83861, 
-9.98843, -9.99044, -11.86174, -10.62646, -10.40961, -11.05469, 
-9.13227, 0, 0, 0, 0, 0, 0, 0, 0, 0, 0, 0, 0, 0, 0, 0, 0, 0, 
0, 0, 0, 0, 0, 0.955, 0.91, 0.93333, 0.94905, 0.95714, 0.95714, 
0.94603, 0.95278, 0.9525, 0.93889, 0.96071, 0.89333, 0.89, 0.89667, 
0.94905, 0.9119, 0.94603, 0.9381, 0.96389, 0.94, 0.93889, 0.9103, 
0.0111, 0.0109, 0.0111, 0.0119, 0.0122, 0.0121, 0.0119, 0.0137, 
0.0127, 0.0121, 0.0122, 9.7, 11.5, 16.9, 16.1, 16.1, 18.6, 21.5, 
18.8, 20.7, 21.4, 23.5, 23, 255, 39, 367, 1303, 214, 747, 163, 
165, 1254, 338, 29, 12, 3, 9, 2, 42, 1, 7, 6, 2, 4, 100, 100, 
100, 100, 100, 100, 100, 100, 100, 100, 100, 2500, 2500, 2500, 
2500, 2500, 2500, 2500, 2500, 2500, 2500, 2500, 6320.712, 6485.489, 
6569.254, 6547.345, 6543.67, 6518.27, 6533.129, 6542.084, 6535.883, 
6555.397, 6525.01799999998, 1, 1, 1, 1, 1, 1, 1, 1, 1, 1, 1, 
0.16667, 0.16667, 0.16667, 0.16667, 0.16667, 0.16667, 0.16667, 
0.16667, 0.16667, 0.16667, 0.16667, 0, 0, 0, 0, 0, 0, 0, 0, 0, 
0, 0, 0, 0, 0, 0, 0, 0, 0, 0, 0, 0, 0, 0.76167, 0.74333, 0.70286, 
0.70857, 0.71488, 0.72262, 0.73889, 0.74028, 0.73333, 0.73889, 
0.77374, 0.725, 0.72667, 0.68619, 0.68, 0.71726, 0.71944, 0.71667, 
0.71528, 0.77083, 0.73111, 0.80303, 0.0104, 0.0113, 0.0109, 0.0114, 
0.0113, 0.011, 0.0117, 0.0121, 0.012, 0.0118, 0.0119, 28.2, 29.8, 
32.1, 34.1, 37.5, 39.4, 42, 46.1, 46.4, 46.3, 48, 1, 1, 1, 1, 
1, 1, 1, 1, 1, 1, 1, 1, 1, 1, 1, 1, 1, 1, 1, 1, 1, 1, 1, 1, 1, 
1, 1, 1, 1, 1, 1, 1, 1, 1, 1, 1, 1, 1, 1, 1, 1, 1, 1, 1, 2.544, 
2.639, 2.614, 2.62, 2.61, 2.608, 2.608, 2.608, 2.625, 2.623, 
2.585), .Dim = c(11L, 40L), .Dimnames = list(NULL, c("Sampling", 
"PSO.cost", "PSO.gamma", "PSO.data.balancing", "PSO.feature.selection", 
"PSO.valid.acc", "PSO.test.acc", "PSO.train.time", "PSO.n.support.vectors", 
"PSO.index", "PSO.n.solutions", "PSO.generations", "PSO.n.evaluations", 
"PSO.cpu.time", "RS.cost", "RS.gamma", "RS.data.balancing", "RS.feature.selection", 
"RS.valid.acc", "RS.test.acc", "RS.train.time", "RS.n.support.vectors", 
"RS.index", "RS.n.solutions", "RS.generations", "RS.n.evaluations", 
"RS.cpu.time", "DF.cost", "DF.gamma", "DF.data.balancing", "DF.feature.selection", 
"DF.valid.acc", "DF.test.acc", "DF.train.time", "DF.n.support.vectors", 
"DF.index", "DF.n.solutions", "DF.generations", "DF.n.evaluations", 
"DF.cpu.time")))
