full <-
structure(c(50, 55, 60, 65, 70, 75, 80, 85, 90, 95, 100, 15, 
13.86422, 15, 12.06346, 15, 12.65479, 15, 13.72696, 14.64118, 
15, 10.51295, -7.39881, -9.57853, -10.31791, -8.52264, -10.93375, 
-8.82834, -11.20771, -9.16645, -9.81975, -11.59159, -6.73153, 
0, 0, 0, 0, 0, 0, 0, 0, 0, 0, 0, 0, 0, 0, 0, 0, 0, 0, 0, 0, 0, 
0, 0.845, 0.88, 0.95238, 0.9381, 0.95714, 0.9625, 0.93571, 0.94028, 
0.95667, 0.96, 0.9396, 0.805, 0.81667, 0.92143, 0.87857, 0.92857, 
0.95, 0.94821, 0.94028, 0.94417, 0.96, 0.91848, 0.0105, 0.0109, 
0.0117, 0.0114, 0.0126, 0.0116, 0.0127, 0.0129, 0.0153, 0.0127, 
0.0122, 11.1, 14.3, 14.5, 16.1, 16.6, 16.7, 18.3, 16.9, 16.7, 
21.2, 19.2, 62, 142, 130, 923, 80, 97, 104, 258, 161, 79, 271, 
1586, 304, 787, 143, 1070, 1196, 1107, 81, 828, 1419, 66, 100, 
100, 100, 100, 100, 100, 100, 100, 100, 100, 100, 2500, 2500, 
2500, 2500, 2500, 2500, 2500, 2500, 2500, 2500, 2500, 7065.953, 
7054.301, 7133.534, 6914.753, 6942.176, 7221.715, 7205.31600000001, 
7069.58099999999, 7221.95000000001, 7182.716, 7109.84199999998, 
14.23058, 13.8358, 14.92492, 12.51486, 14.97786, 13.86809, 14.50375, 
13.85994, 14.95866, 14.33148, 10.60595, -7.33104, -9.51223, -10.2052, 
-8.66298, -10.45452, -9.70124, -10.30864, -9.25314, -10.00631, 
-10.91458, -6.78533, 0, 0, 0, 0, 0, 0, 0, 0, 0, 0, 0, 0, 0, 0, 
0, 0, 0, 0, 0, 0, 0, 0, 0.845, 0.88, 0.9381, 0.93571, 0.95714, 
0.9625, 0.93571, 0.94028, 0.95667, 0.96, 0.9396, 0.78, 0.81667, 
0.92143, 0.87857, 0.94286, 0.9625, 0.94821, 0.94028, 0.94417, 
0.96, 0.91848, 0.0111, 0.0118, 0.0118, 0.0111, 0.0144, 0.0118, 
0.0123, 0.014, 0.0152, 0.0149, 0.0123, 11.3, 14.2, 14.5, 15.4, 
16.1, 16.2, 17.9, 16.7, 16.7, 21.1, 19, 1225, 656, 301, 1513, 
434, 22, 867, 820, 8, 712, 2157, 3, 2, 3, 1, 3, 31, 4, 1, 4, 
3, 1, 100, 100, 100, 100, 100, 100, 100, 100, 100, 100, 100, 
2500, 2500, 2500, 2500, 2500, 2500, 2500, 2500, 2500, 2500, 2500, 
7052.872, 7096.669, 7115.396, 6752.826, 7176.26300000001, 7213.17199999999, 
7102.86500000001, 7167.80600000001, 7121.92999999999, 7111.41899999999, 
7066.76800000001, 1, 1, 1, 1, 1, 1, 1, 1, 1, 1, 1, 0.16667, 0.16667, 
0.16667, 0.16667, 0.16667, 0.16667, 0.16667, 0.16667, 0.16667, 
0.16667, 0.16667, 0, 0, 0, 0, 0, 0, 0, 0, 0, 0, 0, 0, 0, 0, 0, 
0, 0, 0, 0, 0, 0, 0, 0.74333, 0.76667, 0.73286, 0.7381, 0.77143, 
0.77143, 0.7506, 0.73194, 0.7475, 0.76778, 0.7801, 0.74333, 0.73333, 
0.73286, 0.75238, 0.77143, 0.7625, 0.73988, 0.73056, 0.75, 0.74889, 
0.7903, 0.0106, 0.0107, 0.0107, 0.0113, 0.0113, 0.0129, 0.0138, 
0.0114, 0.0113, 0.0112, 0.0111, 25.6, 30.8, 32.3, 35.6, 36.8, 
37.3, 39, 41, 45.6, 46.8, 47.6, 1, 1, 1, 1, 1, 1, 1, 1, 1, 1, 
1, 1, 1, 1, 1, 1, 1, 1, 1, 1, 1, 1, 1, 1, 1, 1, 1, 1, 1, 1, 1, 
1, 1, 1, 1, 1, 1, 1, 1, 1, 1, 1, 1, 1, 2.838, 2.804, 2.838, 2.852, 
2.908, 2.851, 2.889, 2.845, 2.854, 2.848, 2.709), .Dim = c(11L, 
40L), .Dimnames = list(NULL, c("Sampling", "PSO.cost", "PSO.gamma", 
"PSO.data.balancing", "PSO.feature.selection", "PSO.valid.acc", 
"PSO.test.acc", "PSO.train.time", "PSO.n.support.vectors", "PSO.index", 
"PSO.n.solutions", "PSO.generations", "PSO.n.evaluations", "PSO.cpu.time", 
"RS.cost", "RS.gamma", "RS.data.balancing", "RS.feature.selection", 
"RS.valid.acc", "RS.test.acc", "RS.train.time", "RS.n.support.vectors", 
"RS.index", "RS.n.solutions", "RS.generations", "RS.n.evaluations", 
"RS.cpu.time", "DF.cost", "DF.gamma", "DF.data.balancing", "DF.feature.selection", 
"DF.valid.acc", "DF.test.acc", "DF.train.time", "DF.n.support.vectors", 
"DF.index", "DF.n.solutions", "DF.generations", "DF.n.evaluations", 
"DF.cpu.time")))
