full <-
structure(c(50, 55, 60, 65, 70, 75, 80, 85, 90, 95, 100, 14.40354, 
15, 15, 15, 15, 13.22628, 15, 11.59689, 15, 14.82956, 12.87433, 
-9.13209, -10.54157, -10.97438, -9.86075, -8.39197, -10.72315, 
-9.93263, -8.80141, -9.62975, -11.20052, -9.83854, 0, 0, 0, 0, 
0, 0, 0, 0, 0, 0, 0, 0, 0, 0, 0, 0, 0, 0, 0, 0, 0, 0, 0.90333, 
0.96667, 0.96571, 0.96905, 0.94286, 0.9625, 0.96071, 0.9875, 
0.96667, 0.96778, 0.96889, 0.9, 0.93333, 0.93238, 0.9381, 0.85417, 
0.93393, 0.93393, 0.965, 0.95556, 0.96778, 0.93889, 0.0111, 0.0114, 
0.0114, 0.0111, 0.0124, 0.0111, 0.0121, 0.0115, 0.0142, 0.0146, 
0.0123, 11.9, 12, 12.9, 11.5, 11.7, 20.9, 14.7, 20, 14.2, 19.4, 
22.5, 22, 75, 497, 51, 61, 785, 120, 433, 79, 19, 2065, 975, 
1430, 14, 1405, 1339, 52, 966, 355, 1191, 1069, 6, 100, 100, 
100, 100, 100, 100, 100, 100, 100, 100, 100, 2500, 2500, 2500, 
2500, 2500, 2500, 2500, 2500, 2500, 2500, 2500, 6922.896, 6886.333, 
6897.492, 6889.814, 6884.432, 6842.068, 6872.75600000001, 6844.41800000001, 
9080.538, 9119.27, 8658.37, 12.83179, 14.85923, 11.03485, 14.94002, 
13.61299, 10.30634, 14.40853, 11.83869, 13.46865, 14.80607, 14.42067, 
-7.7051, -10.19094, -6.69204, -9.7647, -8.08757, -7.46794, -9.456, 
-9.35795, -9.08145, -11.08504, -11.3432, 0, 0, 0, 0, 0, 0, 0, 
0, 0, 0, 0, 0, 0, 0, 0, 0, 0, 0, 0, 0, 0, 0, 0.90333, 0.96667, 
0.93, 0.96905, 0.94286, 0.96071, 0.96071, 0.9775, 0.96667, 0.96778, 
0.95889, 0.9, 0.93333, 0.91, 0.9381, 0.83988, 0.94821, 0.93393, 
0.965, 0.96667, 0.96778, 0.91889, 0.0114, 0.0108, 0.0106, 0.0112, 
0.0114, 0.0109, 0.0119, 0.011, 0.0132, 0.0137, 0.0129, 12.2, 
11.8, 12.5, 12, 11.9, 19.7, 14.6, 20.9, 16.5, 19.8, 22.6, 95, 
346, 510, 1919, 175, 96, 1355, 68, 58, 1235, 315, 52, 1, 3, 1, 
30, 3, 3, 1, 16, 3, 10, 100, 100, 100, 100, 100, 100, 100, 100, 
100, 100, 100, 2500, 2500, 2500, 2500, 2500, 2500, 2500, 2500, 
2500, 2500, 2500, 6880.889, 6882.772, 6878.488, 6892.099, 6834.073, 
6836.916, 6826.948, 8544.186, 9101.64600000001, 8843.003, 8559.52300000002, 
1, 1, 1, 1, 1, 1, 1, 1, 1, 1, 1, 0.16667, 0.16667, 0.16667, 0.16667, 
0.16667, 0.16667, 0.16667, 0.16667, 0.16667, 0.16667, 0.16667, 
0, 0, 0, 0, 0, 0, 0, 0, 0, 0, 0, 0, 0, 0, 0, 0, 0, 0, 0, 0, 0, 
0, 0.80667, 0.82333, 0.69952, 0.7881, 0.78452, 0.73214, 0.71687, 
0.76472, 0.74333, 0.72889, 0.78162, 0.79833, 0.80333, 0.74714, 
0.7881, 0.76607, 0.74821, 0.71329, 0.78833, 0.77444, 0.75111, 
0.76162, 0.0104, 0.0106, 0.0103, 0.0108, 0.0105, 0.0113, 0.0109, 
0.0125, 0.0132, 0.012, 0.0118, 24.9, 28.1, 30.8, 32.7, 35.9, 
37.2, 40.5, 42, 44.1, 47.4, 47.6, 1, 1, 1, 1, 1, 1, 1, 1, 1, 
1, 1, 1, 1, 1, 1, 1, 1, 1, 1, 1, 1, 1, 1, 1, 1, 1, 1, 1, 1, 1, 
1, 1, 1, 1, 1, 1, 1, 1, 1, 1, 1, 1, 1, 1, 2.738, 2.754, 2.739, 
2.766, 2.741, 2.727, 2.717, 3.602, 3.616, 3.255, 3.235), .Dim = c(11L, 
40L), .Dimnames = list(NULL, c("Sampling", "PSO.cost", "PSO.gamma", 
"PSO.data.balancing", "PSO.feature.selection", "PSO.valid.acc", 
"PSO.test.acc", "PSO.train.time", "PSO.n.support.vectors", "PSO.index", 
"PSO.n.solutions", "PSO.generations", "PSO.n.evaluations", "PSO.cpu.time", 
"RS.cost", "RS.gamma", "RS.data.balancing", "RS.feature.selection", 
"RS.valid.acc", "RS.test.acc", "RS.train.time", "RS.n.support.vectors", 
"RS.index", "RS.n.solutions", "RS.generations", "RS.n.evaluations", 
"RS.cpu.time", "DF.cost", "DF.gamma", "DF.data.balancing", "DF.feature.selection", 
"DF.valid.acc", "DF.test.acc", "DF.train.time", "DF.n.support.vectors", 
"DF.index", "DF.n.solutions", "DF.generations", "DF.n.evaluations", 
"DF.cpu.time")))
