full <-
structure(c(50, 55, 60, 65, 70, 75, 80, 85, 90, 95, 100, 15, 
11.3681, 9.88103, 10.48745, 15, 12.287, 13.77155, 15, 15, 15, 
7.24509, -9.75119, -10.05012, -8.86319, -9.09322, -10.55825, 
-8.67089, -10.22878, -10.25851, -10.82894, -10.77049, -7.13342, 
0, 0, 0, 0, 0, 0, 0, 0, 0, 0, 0, 0, 0, 0, 0, 0, 0, 0, 0, 0, 0, 
0, 0.96333, 0.93, 0.95238, 0.89762, 0.94286, 0.96071, 0.94167, 
0.95278, 0.965, 0.94667, 0.94091, 0.98, 0.87667, 0.9381, 0.89524, 
0.91429, 0.90714, 0.91667, 0.95278, 0.93528, 0.93333, 0.90071, 
0.0098, 0.0104, 0.0101, 0.0105, 0.0113, 0.0111, 0.0112, 0.0111, 
0.0131, 0.0128, 0.0105, 9.2, 14.5, 16.9, 17.6, 14.1, 15.7, 16.7, 
15.3, 17.2, 17.4, 31.2, 242, 105, 31, 95, 232, 217, 78, 115, 
107, 67, 138, 482, 574, 283, 679, 720, 236, 635, 1369, 1078, 
1000, 31, 100, 100, 100, 100, 100, 100, 100, 100, 100, 100, 100, 
2500, 2500, 2500, 2500, 2500, 2500, 2500, 2500, 2500, 2500, 2500, 
6428.733, 6426.845, 6461.858, 6517.49400000001, 6563.26300000001, 
6552.906, 6646.579, 6634.705, 6614.33600000001, 6566.314, 6566.61500000001, 
14.42654, 14.30012, 12.31212, 14.97124, 14.62115, 12.45068, 14.74604, 
14.73572, 14.51929, 11.83598, 6.25909, -8.97202, -12.73939, -9.59093, 
-12.69163, -10.22124, -8.79242, -11.11872, -9.65699, -10.53808, 
-8.92393, -6.41224, 0, 0, 0, 0, 0, 0, 0, 0, 0, 0, 0, 0, 0, 0, 
0, 0, 0, 0, 0, 0, 0, 0, 0.96333, 0.93, 0.95238, 0.89762, 0.94286, 
0.96071, 0.94167, 0.95278, 0.965, 0.93556, 0.94091, 0.94667, 
0.89333, 0.9181, 0.90952, 0.92857, 0.90714, 0.92917, 0.92917, 
0.91417, 0.92333, 0.90071, 0.0091, 0.009, 0.0104, 0.0104, 0.0113, 
0.0108, 0.012, 0.012, 0.0118, 0.0119, 0.0113, 9.4, 13.5, 13.8, 
15.1, 13.9, 15.7, 16.8, 14.7, 17.2, 20.6, 32.6, 69, 68, 32, 245, 
2353, 1047, 719, 1089, 177, 22, 1625, 4, 12, 11, 20, 1, 3, 5, 
6, 1, 16, 1, 100, 100, 100, 100, 100, 100, 100, 100, 100, 100, 
100, 2500, 2500, 2500, 2500, 2500, 2500, 2500, 2500, 2500, 2500, 
2500, 6383.629, 6485.433, 6525.65100000001, 6518.459, 6532.23, 
6597.357, 6613.985, 6512.053, 6540.36199999999, 6572.51400000001, 
6581.91700000002, 1, 1, 1, 1, 1, 1, 1, 1, 1, 1, 1, 0.16667, 0.16667, 
0.16667, 0.16667, 0.16667, 0.16667, 0.16667, 0.16667, 0.16667, 
0.16667, 0.16667, 0, 0, 0, 0, 0, 0, 0, 0, 0, 0, 0, 0, 0, 0, 0, 
0, 0, 0, 0, 0, 0, 0, 0.70167, 0.75, 0.71714, 0.75952, 0.76845, 
0.73393, 0.80238, 0.78806, 0.78139, 0.77222, 0.7703, 0.72167, 
0.74667, 0.75381, 0.73095, 0.78274, 0.74643, 0.78988, 0.78944, 
0.78139, 0.80333, 0.78121, 0.0091, 0.0099, 0.01, 0.0095, 0.0103, 
0.0107, 0.0111, 0.0112, 0.0106, 0.0112, 0.0118, 25, 27.3, 28.8, 
29.1, 32.9, 33.7, 35.8, 39.7, 41.4, 45.7, 48, 1, 1, 1, 1, 1, 
1, 1, 1, 1, 1, 1, 1, 1, 1, 1, 1, 1, 1, 1, 1, 1, 1, 1, 1, 1, 1, 
1, 1, 1, 1, 1, 1, 1, 1, 1, 1, 1, 1, 1, 1, 1, 1, 1, 1, 2.497, 
2.653, 2.595, 2.479, 2.657, 2.695, 2.698, 2.723, 2.513, 2.64, 
2.695), .Dim = c(11L, 40L), .Dimnames = list(NULL, c("Sampling", 
"PSO.cost", "PSO.gamma", "PSO.data.balancing", "PSO.feature.selection", 
"PSO.valid.acc", "PSO.test.acc", "PSO.train.time", "PSO.n.support.vectors", 
"PSO.index", "PSO.n.solutions", "PSO.generations", "PSO.n.evaluations", 
"PSO.cpu.time", "RS.cost", "RS.gamma", "RS.data.balancing", "RS.feature.selection", 
"RS.valid.acc", "RS.test.acc", "RS.train.time", "RS.n.support.vectors", 
"RS.index", "RS.n.solutions", "RS.generations", "RS.n.evaluations", 
"RS.cpu.time", "DF.cost", "DF.gamma", "DF.data.balancing", "DF.feature.selection", 
"DF.valid.acc", "DF.test.acc", "DF.train.time", "DF.n.support.vectors", 
"DF.index", "DF.n.solutions", "DF.generations", "DF.n.evaluations", 
"DF.cpu.time")))
