full <-
structure(c(50, 55, 60, 65, 70, 75, 80, 85, 90, 95, 100, 15, 
14.84951, 8.48408, 15, 15, 10.51604, 13.54669, 12.22681, 12.26946, 
14.93576, 14.05043, -10.23067, -8.40707, -5.77992, -9.67719, 
-6.8595, -6.72141, -8.62019, -8.29306, -5.88571, -10.78108, -10.36932, 
0, 0, 0, 0, 0, 0, 0, 0, 0, 0, 0, 0, 0, 0, 0, 0, 0, 0, 0, 0, 0, 
0, 0.90333, 0.96333, 0.90619, 0.94048, 0.93214, 0.91905, 0.95, 
0.9675, 0.95417, 0.93667, 0.96071, 0.9, 0.91, 0.87286, 0.95714, 
0.94643, 0.92083, 0.9375, 0.94389, 0.89861, 0.92667, 0.92071, 
0.0117, 0.0121, 0.0118, 0.0121, 0.0116, 0.0109, 0.0112, 0.0123, 
0.0118, 0.013, 0.014, 11.4, 9.7, 14.4, 10.8, 10.7, 16.7, 14.5, 
16.7, 13.9, 19, 20.4, 196, 96, 114, 30, 146, 1238, 17, 346, 2119, 
4, 24, 781, 889, 394, 1299, 495, 27, 685, 480, 2, 1119, 1213, 
100, 100, 100, 100, 100, 100, 100, 100, 100, 100, 100, 2500, 
2500, 2500, 2500, 2500, 2500, 2500, 2500, 2500, 2500, 2500, 8841.28, 
8868.071, 8848.233, 8792.703, 6743.367, 6711.724, 6716.27100000001, 
6723.34899999999, 6733.202, 6751.21400000001, 6807.527, 14.12526, 
14.82995, 8.71086, 13.42079, 13.57592, 10.99723, 12.2263, 11.22098, 
12.3351, 14.73329, 14.56531, -9.40588, -7.93008, -6.16779, -8.10186, 
-6.95806, -7.23278, -8.31344, -7.76526, -6.04669, -11.13189, 
-10.67199, 0, 0, 0, 0, 0, 0, 0, 0, 0, 0, 0, 0, 0, 0, 0, 0, 0, 
0, 0, 0, 0, 0, 0.90333, 0.94667, 0.90619, 0.94048, 0.91548, 0.91905, 
0.95, 0.9675, 0.95417, 0.93667, 0.96071, 0.88, 0.89333, 0.87286, 
0.95714, 0.9006, 0.92083, 0.9375, 0.94389, 0.89861, 0.92667, 
0.92071, 0.0117, 0.0124, 0.0117, 0.0124, 0.0111, 0.0111, 0.0116, 
0.0115, 0.0117, 0.0119, 0.0147, 11.2, 9.6, 14.6, 10.9, 11.2, 
16.5, 17.1, 17.8, 13.5, 20.2, 20, 128, 658, 331, 138, 905, 106, 
12, 6, 642, 38, 68, 5, 2, 4, 8, 1, 1, 60, 10, 3, 51, 8, 100, 
100, 100, 100, 100, 100, 100, 100, 100, 100, 100, 2500, 2500, 
2500, 2500, 2500, 2500, 2500, 2500, 2500, 2500, 2500, 8822.907, 
8871.671, 8830.977, 7111.54399999999, 6724.224, 6700.736, 6711.22200000001, 
6703.36599999999, 6747.988, 6741.86599999998, 6678.856, 1, 1, 
1, 1, 1, 1, 1, 1, 1, 1, 1, 0.16667, 0.16667, 0.16667, 0.16667, 
0.16667, 0.16667, 0.16667, 0.16667, 0.16667, 0.16667, 0.16667, 
0, 0, 0, 0, 0, 0, 0, 0, 0, 0, 0, 0, 0, 0, 0, 0, 0, 0, 0, 0, 0, 
0, 0.78167, 0.8, 0.82095, 0.79048, 0.80357, 0.76012, 0.75, 0.79944, 
0.78028, 0.76778, 0.77101, 0.78167, 0.82, 0.79857, 0.79048, 0.80357, 
0.76012, 0.7625, 0.82306, 0.79028, 0.80111, 0.78303, 0.0117, 
0.0116, 0.012, 0.0103, 0.0107, 0.0109, 0.0109, 0.0109, 0.0113, 
0.0115, 0.0115, 23.3, 28.1, 28.7, 29.6, 32, 35.3, 39, 39.5, 43.8, 
46.2, 47.7, 1, 1, 1, 1, 1, 1, 1, 1, 1, 1, 1, 1, 1, 1, 1, 1, 1, 
1, 1, 1, 1, 1, 1, 1, 1, 1, 1, 1, 1, 1, 1, 1, 1, 1, 1, 1, 1, 1, 
1, 1, 1, 1, 1, 1, 3.539, 3.56, 3.525, 2.683, 2.654, 2.661, 2.689, 
2.678, 2.698, 2.696, 2.634), .Dim = c(11L, 40L), .Dimnames = list(
    NULL, c("Sampling", "PSO.cost", "PSO.gamma", "PSO.data.balancing", 
    "PSO.feature.selection", "PSO.valid.acc", "PSO.test.acc", 
    "PSO.train.time", "PSO.n.support.vectors", "PSO.index", "PSO.n.solutions", 
    "PSO.generations", "PSO.n.evaluations", "PSO.cpu.time", "RS.cost", 
    "RS.gamma", "RS.data.balancing", "RS.feature.selection", 
    "RS.valid.acc", "RS.test.acc", "RS.train.time", "RS.n.support.vectors", 
    "RS.index", "RS.n.solutions", "RS.generations", "RS.n.evaluations", 
    "RS.cpu.time", "DF.cost", "DF.gamma", "DF.data.balancing", 
    "DF.feature.selection", "DF.valid.acc", "DF.test.acc", "DF.train.time", 
    "DF.n.support.vectors", "DF.index", "DF.n.solutions", "DF.generations", 
    "DF.n.evaluations", "DF.cpu.time")))
