full <-
structure(c(50, 55, 60, 65, 70, 75, 80, 85, 90, 95, 100, 8.32727, 
15, 8.64954, 15, 8.4559, 12.0728, 15, 14.47033, 15, 15, 14.9905, 
-8.31, -10.54247, -4.55237, -11.00286, -6.55689, -11.73253, -11.39835, 
-10.73851, -10.77154, -10.08833, -12.70291, 0, 0, 0, 0, 0, 0, 
0, 0, 0, 0, 0, 0, 0, 0, 0, 0, 0, 0, 0, 0, 0, 0, 0.91833, 0.96, 
0.92619, 0.94667, 0.94643, 0.93214, 0.9625, 0.9625, 0.95667, 
0.94778, 0.95, 0.875, 0.90333, 0.88952, 0.91571, 0.8994, 0.90536, 
0.9625, 0.9525, 0.92444, 0.94778, 0.89889, 0.0096, 0.0101, 0.0105, 
0.0118, 0.0107, 0.0119, 0.0113, 0.0115, 0.0123, 0.0139, 0.0119, 
12.7, 9, 13.2, 12, 18.4, 23.3, 18, 18.7, 16.5, 16.1, 24.6, 70, 
113, 275, 113, 196, 191, 36, 63, 144, 82, 91, 931, 184, 139, 
1192, 99, 84, 939, 941, 875, 1460, 744, 100, 100, 100, 100, 100, 
100, 100, 100, 100, 100, 100, 2500, 2500, 2500, 2500, 2500, 2500, 
2500, 2500, 2500, 2500, 2500, 6561.015, 6554.324, 6579.128, 6767.06, 
6688.949, 6633.959, 6648.30099999999, 6817.82399999999, 6762.11200000001, 
6530.667, 6827.59399999998, 14.6212, 14.5335, 10.2489, 14.88612, 
8.09709, 14.62629, 14.67321, 14.29193, 14.41471, 13.18114, 14.75395, 
-14.30523, -10.00495, -5.96963, -10.89503, -6.31584, -14.33112, 
-11.12253, -11.00051, -9.95356, -10.18218, -10.77737, 0, 0, 0, 
0, 0, 0, 0, 0, 0, 0, 0, 0, 0, 0, 0, 0, 0, 0, 0, 0, 0, 0, 0.91833, 
0.94571, 0.92619, 0.94667, 0.94643, 0.93214, 0.95, 0.9625, 0.94667, 
0.94778, 0.95, 0.895, 0.90333, 0.88952, 0.91571, 0.8994, 0.90536, 
0.9625, 0.9525, 0.92444, 0.94778, 0.92889, 0.0093, 0.0106, 0.0138, 
0.0105, 0.011, 0.0117, 0.0118, 0.0117, 0.0119, 0.011, 0.0149, 
12.5, 9, 12.5, 12, 18.5, 23.7, 17.9, 19.4, 16, 20.2, 19.4, 95, 
229, 576, 71, 562, 269, 379, 138, 62, 63, 139, 17, 3, 2, 2, 2, 
3, 4, 9, 6, 33, 9, 100, 100, 100, 100, 100, 100, 100, 100, 100, 
100, 100, 2500, 2500, 2500, 2500, 2500, 2500, 2500, 2500, 2500, 
2500, 2500, 6629.544, 6667.269, 6805.856, 6540.275, 6637.061, 
6634.579, 6610.947, 6800.75199999999, 6849.849, 6666.77600000001, 
6876.209, 1, 1, 1, 1, 1, 1, 1, 1, 1, 1, 1, 0.16667, 0.16667, 
0.16667, 0.16667, 0.16667, 0.16667, 0.16667, 0.16667, 0.16667, 
0.16667, 0.16667, 0, 0, 0, 0, 0, 0, 0, 0, 0, 0, 0, 0, 0, 0, 0, 
0, 0, 0, 0, 0, 0, 0, 0.80167, 0.75143, 0.76857, 0.80714, 0.72976, 
0.70714, 0.75, 0.76139, 0.76917, 0.75111, 0.78273, 0.82167, 0.7681, 
0.7519, 0.75619, 0.75833, 0.71964, 0.75, 0.71639, 0.74694, 0.74889, 
0.78273, 0.0095, 0.0098, 0.0118, 0.0109, 0.0102, 0.0102, 0.0112, 
0.0109, 0.0114, 0.0106, 0.0125, 21.6, 22.6, 26.9, 30.7, 34.4, 
36.7, 37.6, 40.5, 41.4, 45.3, 48, 1, 1, 1, 1, 1, 1, 1, 1, 1, 
1, 1, 1, 1, 1, 1, 1, 1, 1, 1, 1, 1, 1, 1, 1, 1, 1, 1, 1, 1, 1, 
1, 1, 1, 1, 1, 1, 1, 1, 1, 1, 1, 1, 1, 1, 2.547, 2.743, 2.724, 
2.775, 2.607, 2.529, 2.752, 2.697, 2.756, 2.509, 2.742), .Dim = c(11L, 
40L), .Dimnames = list(NULL, c("Sampling", "PSO.cost", "PSO.gamma", 
"PSO.data.balancing", "PSO.feature.selection", "PSO.valid.acc", 
"PSO.test.acc", "PSO.train.time", "PSO.n.support.vectors", "PSO.index", 
"PSO.n.solutions", "PSO.generations", "PSO.n.evaluations", "PSO.cpu.time", 
"RS.cost", "RS.gamma", "RS.data.balancing", "RS.feature.selection", 
"RS.valid.acc", "RS.test.acc", "RS.train.time", "RS.n.support.vectors", 
"RS.index", "RS.n.solutions", "RS.generations", "RS.n.evaluations", 
"RS.cpu.time", "DF.cost", "DF.gamma", "DF.data.balancing", "DF.feature.selection", 
"DF.valid.acc", "DF.test.acc", "DF.train.time", "DF.n.support.vectors", 
"DF.index", "DF.n.solutions", "DF.generations", "DF.n.evaluations", 
"DF.cpu.time")))
