full <-
structure(c(50, 55, 60, 65, 70, 75, 80, 85, 90, 95, 100, 11.82233, 
12.57247, 15, 14.6179, 15, 10.67868, 13.22859, 15, 12.1611, 15, 
15, -10.31707, -10.34138, -11.77429, -8.80349, -13.49129, -5.64561, 
-7.04472, -9.11212, -8.20689, -9.982, -10.96963, 0, 0, 0, 0, 
0, 0, 0, 0, 0, 0, 0, 0, 0, 0, 0, 0, 0, 0, 0, 0, 0, 0, 0.94333, 
0.92333, 0.95476, 0.98571, 0.95893, 0.94464, 0.9625, 0.92639, 
0.95556, 0.95778, 0.9598, 0.94333, 0.92667, 0.90714, 0.95714, 
0.93393, 0.91964, 0.95, 0.88306, 0.95667, 0.92556, 0.9598, 0.0109, 
0.0102, 0.0108, 0.0124, 0.0107, 0.0112, 0.0117, 0.012, 0.012, 
0.0136, 0.0144, 13.9, 12.1, 11.5, 10.8, 15.4, 12.1, 11.3, 12.8, 
16.5, 16, 19.2, 177, 39, 367, 74, 84, 99, 101, 74, 165, 63, 200, 
571, 1217, 111, 933, 244, 346, 615, 722, 276, 698, 1035, 100, 
100, 100, 100, 100, 100, 100, 100, 100, 100, 100, 2500, 2500, 
2500, 2500, 2500, 2500, 2500, 2500, 2500, 2500, 2500, 7104.786, 
7074.732, 6977.824, 7068.67099999999, 7111.551, 7149.338, 6894.927, 
7132.94099999999, 7055.12, 7136.00200000001, 7076.766, 13.63598, 
12.53207, 13.12809, 14.46833, 7.65423, 10.3419, 13.38927, 14.39226, 
12.996, 13.66147, 14.46946, -11.90114, -10.24338, -12.6045, -9.65715, 
-6.40661, -5.25517, -8.80488, -8.71122, -8.63319, -9.21605, -10.61887, 
0, 0, 0, 0, 0, 0, 0, 0, 0, 0, 0, 0, 0, 0, 0, 0, 0, 0, 0, 0, 0, 
0, 0.94333, 0.92333, 0.9381, 0.98571, 0.95893, 0.94464, 0.9625, 
0.92639, 0.95556, 0.95778, 0.9598, 0.92667, 0.94333, 0.90714, 
0.98571, 0.94643, 0.88036, 0.9375, 0.88306, 0.96667, 0.92556, 
0.9498, 0.011, 0.0101, 0.0107, 0.0108, 0.0112, 0.0106, 0.0116, 
0.0122, 0.0117, 0.0132, 0.0138, 13.5, 12.3, 16.8, 10.6, 16.2, 
12.3, 13.1, 13.1, 16, 17.2, 19.7, 187, 108, 12, 1895, 160, 1595, 
311, 2086, 88, 886, 524, 20, 29, 141, 1, 20, 4, 24, 1, 5, 1, 
11, 100, 100, 100, 100, 100, 100, 100, 100, 100, 100, 100, 2500, 
2500, 2500, 2500, 2500, 2500, 2500, 2500, 2500, 2500, 2500, 7099.027, 
7118.646, 6927.912, 7037.86, 7120.375, 7070.034, 7138.65399999999, 
7173.216, 7033.42600000001, 6994.47, 7074.14999999999, 1, 1, 
1, 1, 1, 1, 1, 1, 1, 1, 1, 0.16667, 0.16667, 0.16667, 0.16667, 
0.16667, 0.16667, 0.16667, 0.16667, 0.16667, 0.16667, 0.16667, 
0, 0, 0, 0, 0, 0, 0, 0, 0, 0, 0, 0, 0, 0, 0, 0, 0, 0, 0, 0, 0, 
0, 0.78833, 0.8081, 0.80619, 0.85, 0.775, 0.79107, 0.8125, 0.78083, 
0.76444, 0.81222, 0.78212, 0.805, 0.7681, 0.78619, 0.80476, 0.79345, 
0.79107, 0.8125, 0.79194, 0.77556, 0.81222, 0.75303, 0.0098, 
0.0109, 0.0123, 0.0113, 0.0112, 0.0118, 0.0116, 0.0114, 0.0116, 
0.0115, 0.0124, 24.4, 25.7, 27.6, 30.6, 30.8, 33.9, 36.2, 39.9, 
42, 44.1, 47.9, 1, 1, 1, 1, 1, 1, 1, 1, 1, 1, 1, 1, 1, 1, 1, 
1, 1, 1, 1, 1, 1, 1, 1, 1, 1, 1, 1, 1, 1, 1, 1, 1, 1, 1, 1, 1, 
1, 1, 1, 1, 1, 1, 1, 1, 2.834, 2.838, 2.84, 2.824, 2.85, 2.804, 
2.88, 2.855, 2.868, 2.809, 2.8), .Dim = c(11L, 40L), .Dimnames = list(
    NULL, c("Sampling", "PSO.cost", "PSO.gamma", "PSO.data.balancing", 
    "PSO.feature.selection", "PSO.valid.acc", "PSO.test.acc", 
    "PSO.train.time", "PSO.n.support.vectors", "PSO.index", "PSO.n.solutions", 
    "PSO.generations", "PSO.n.evaluations", "PSO.cpu.time", "RS.cost", 
    "RS.gamma", "RS.data.balancing", "RS.feature.selection", 
    "RS.valid.acc", "RS.test.acc", "RS.train.time", "RS.n.support.vectors", 
    "RS.index", "RS.n.solutions", "RS.generations", "RS.n.evaluations", 
    "RS.cpu.time", "DF.cost", "DF.gamma", "DF.data.balancing", 
    "DF.feature.selection", "DF.valid.acc", "DF.test.acc", "DF.train.time", 
    "DF.n.support.vectors", "DF.index", "DF.n.solutions", "DF.generations", 
    "DF.n.evaluations", "DF.cpu.time")))
