full <-
structure(c(50, 55, 60, 65, 70, 75, 80, 85, 90, 95, 100, 15, 
15, 15, 15, 11.41738, 14.2541, 15, 14.47822, 15, 15, 15, -9.67316, 
-9.45832, -10.39095, -10.18005, -8.19958, -10.31566, -11.99117, 
-11.95342, -9.21442, -11.19106, -11.1205, 0, 0, 0, 0, 0, 0, 0, 
0, 0, 0, 0, 0, 0, 0, 0, 0, 0, 0, 0, 0, 0, 0, 0.895, 0.96667, 
0.91, 0.95714, 0.94286, 0.94464, 0.9375, 0.95556, 0.965, 0.93667, 
0.96162, 0.83833, 0.93333, 0.92667, 0.95714, 0.92857, 0.93214, 
0.9375, 0.93056, 0.94278, 0.92556, 0.95253, 0.0119, 0.0142, 0.0128, 
0.0129, 0.0124, 0.0128, 0.0122, 0.0124, 0.0135, 0.0126, 0.0137, 
11.6, 11.8, 14.2, 14.3, 20.9, 18.5, 21.5, 22.6, 13.9, 19.1, 19.6, 
135, 110, 62, 244, 41, 2, 52, 1510, 57, 107, 53, 1480, 1036, 
1134, 781, 1346, 1686, 1653, 9, 1439, 867, 1197, 100, 100, 100, 
100, 100, 100, 100, 100, 100, 100, 100, 2500, 2500, 2500, 2500, 
2500, 2500, 2500, 2500, 2500, 2500, 2500, 8721.918, 9043.83, 
8709.818, 8976.019, 8994.06999999999, 8989.982, 8982.65800000001, 
8985.675, 8888.511, 7843.98199999999, 8919.26300000001, 14.86227, 
14.40171, 14.76437, 14.30766, 14.41677, 13.13663, 14.53952, 14.44023, 
13.77514, 14.51, 14.64032, -10.05769, -9.26461, -9.8816, -9.58634, 
-11.22275, -9.71172, -10.09994, -10.3637, -9.60952, -10.66218, 
-10.32585, 0, 0, 0, 0, 0, 0, 0, 0, 0, 0, 0, 0, 0, 0, 0, 0, 0, 
0, 0, 0, 0, 0, 0.895, 0.96667, 0.91, 0.95714, 0.94286, 0.94464, 
0.9375, 0.95417, 0.965, 0.93667, 0.96162, 0.85833, 0.93333, 0.92667, 
0.95714, 0.94286, 0.93214, 0.9375, 0.93056, 0.95389, 0.91444, 
0.95162, 0.0133, 0.0136, 0.0122, 0.012, 0.0122, 0.0121, 0.0138, 
0.0127, 0.0124, 0.0134, 0.0139, 12.2, 12.4, 13.7, 14.5, 20.7, 
20.3, 17.3, 18.4, 17.6, 18.9, 18.1, 2061, 142, 83, 1742, 3, 26, 
184, 2, 38, 400, 852, 1, 6, 7, 2, 51, 28, 30, 28, 35, 2, 5, 100, 
100, 100, 100, 100, 100, 100, 100, 100, 100, 100, 2500, 2500, 
2500, 2500, 2500, 2500, 2500, 2500, 2500, 2500, 2500, 8996.683, 
9061.041, 8641.914, 8977.27, 8958.889, 8979.82799999999, 8963.78499999999, 
8939.663, 8907.83100000001, 8931.427, 8824.58600000001, 1, 1, 
1, 1, 1, 1, 1, 1, 1, 1, 1, 0.16667, 0.16667, 0.16667, 0.16667, 
0.16667, 0.16667, 0.16667, 0.16667, 0.16667, 0.16667, 0.16667, 
0, 0, 0, 0, 0, 0, 0, 0, 0, 0, 0, 0, 0, 0, 0, 0, 0, 0, 0, 0, 0, 
0, 0.66833, 0.71667, 0.73476, 0.6881, 0.7, 0.70357, 0.7375, 0.72972, 
0.76, 0.79111, 0.76101, 0.66833, 0.75333, 0.7181, 0.66571, 0.68571, 
0.675, 0.7375, 0.74222, 0.75972, 0.74889, 0.75899, 0.0114, 0.0115, 
0.0118, 0.0114, 0.0118, 0.0117, 0.0115, 0.0121, 0.0116, 0.0122, 
0.0117, 30.3, 32.3, 33.1, 35.2, 35.7, 37.4, 37.5, 39.8, 42.4, 
45.6, 48.1, 1, 1, 1, 1, 1, 1, 1, 1, 1, 1, 1, 1, 1, 1, 1, 1, 1, 
1, 1, 1, 1, 1, 1, 1, 1, 1, 1, 1, 1, 1, 1, 1, 1, 1, 1, 1, 1, 1, 
1, 1, 1, 1, 1, 1, 3.672, 3.621, 3.58, 3.593, 3.585, 3.582, 3.586, 
3.588, 3.6, 3.524, 3.512), .Dim = c(11L, 40L), .Dimnames = list(
    NULL, c("Sampling", "PSO.cost", "PSO.gamma", "PSO.data.balancing", 
    "PSO.feature.selection", "PSO.valid.acc", "PSO.test.acc", 
    "PSO.train.time", "PSO.n.support.vectors", "PSO.index", "PSO.n.solutions", 
    "PSO.generations", "PSO.n.evaluations", "PSO.cpu.time", "RS.cost", 
    "RS.gamma", "RS.data.balancing", "RS.feature.selection", 
    "RS.valid.acc", "RS.test.acc", "RS.train.time", "RS.n.support.vectors", 
    "RS.index", "RS.n.solutions", "RS.generations", "RS.n.evaluations", 
    "RS.cpu.time", "DF.cost", "DF.gamma", "DF.data.balancing", 
    "DF.feature.selection", "DF.valid.acc", "DF.test.acc", "DF.train.time", 
    "DF.n.support.vectors", "DF.index", "DF.n.solutions", "DF.generations", 
    "DF.n.evaluations", "DF.cpu.time")))
