full <-
structure(c(50, 55, 60, 65, 70, 75, 80, 85, 90, 95, 100, 14.80785, 
14.16363, 11.67114, 9.76022, 14.96741, 14.14676, 14.86751, 11.07193, 
15, 15, 15, -10.82009, -11.65679, -9.58199, -6.17226, -11.81734, 
-11.14883, -9.40261, -9.9408, -11.06835, -8.583, -11.16539, 0, 
0, 0, 0, 0, 0, 0, 0, 0, 0, 0, 0, 0, 0, 0, 0, 0, 0, 0, 0, 0, 0, 
0.92167, 0.89667, 0.91905, 0.95238, 0.92857, 0.91071, 0.91528, 
0.92889, 0.95528, 0.96, 0.96, 0.89667, 0.85333, 0.89048, 0.90476, 
0.9, 0.92143, 0.90139, 0.8925, 0.95389, 0.92778, 0.95, 0.0109, 
0.0107, 0.0105, 0.0107, 0.0104, 0.0108, 0.0119, 0.0137, 0.0124, 
0.0129, 0.0129, 11, 12.7, 15.2, 14.1, 18.6, 19.7, 14.8, 23.5, 
18.8, 14.6, 19.5, 87, 498, 35, 85, 484, 128, 201, 482, 1523, 
170, 203, 1048, 70, 653, 847, 63, 901, 968, 94, 54, 462, 816, 
100, 100, 100, 100, 100, 100, 100, 100, 100, 100, 100, 2500, 
2500, 2500, 2500, 2500, 2500, 2500, 2500, 2500, 2500, 2500, 7108.138, 
7049.173, 7192.203, 7137.991, 6799.227, 6762.136, 6738.07500000001, 
6806.345, 6574.34000000001, 6879.43100000001, 6922.139, 14.95811, 
12.66754, 3.20556, 11.02813, 14.88422, 14.84634, 14.39147, 10.93903, 
9.722, 14.28787, 14.37645, -11.07556, -10.68832, -3.64534, -7.10523, 
-11.43608, -10.97721, -13.64364, -9.9336, -7.34224, -8.52573, 
-10.98415, 0, 0, 0, 0, 0, 0, 0, 0, 0, 0, 0, 0, 0, 0, 0, 0, 0, 
0, 0, 0, 0, 0, 0.92167, 0.89667, 0.92143, 0.95238, 0.91429, 0.91071, 
0.90377, 0.90389, 0.94639, 0.95889, 0.95, 0.89667, 0.83667, 0.90714, 
0.90476, 0.9, 0.93571, 0.8756, 0.8925, 0.93389, 0.96, 0.95, 0.0107, 
0.011, 0.0111, 0.0128, 0.0122, 0.0123, 0.0112, 0.0117, 0.0109, 
0.012, 0.012, 11, 13.4, 23.5, 13.6, 17.8, 17.7, 24.3, 23.9, 22.9, 
15.2, 21.2, 391, 383, 527, 24, 44, 343, 554, 1605, 244, 244, 
38, 2, 3, 7, 4, 51, 14, 4, 1, 1, 3, 10, 100, 100, 100, 100, 100, 
100, 100, 100, 100, 100, 100, 2500, 2500, 2500, 2500, 2500, 2500, 
2500, 2500, 2500, 2500, 2500, 7070.077, 7079.95, 7202.936, 6854.42099999999, 
6758.95400000001, 6756.617, 6838.666, 6713.539, 6703.697, 6814.655, 
6955.73200000002, 1, 1, 1, 1, 1, 1, 1, 1, 1, 1, 1, 0.16667, 0.16667, 
0.16667, 0.16667, 0.16667, 0.16667, 0.16667, 0.16667, 0.16667, 
0.16667, 0.16667, 0, 0, 0, 0, 0, 0, 0, 0, 0, 0, 0, 0, 0, 0, 0, 
0, 0, 0, 0, 0, 0, 0, 0.71667, 0.78333, 0.73857, 0.76667, 0.72857, 
0.75893, 0.7381, 0.73944, 0.75861, 0.79293, 0.7696, 0.725, 0.76, 
0.7919, 0.78095, 0.74286, 0.73036, 0.7381, 0.73944, 0.77111, 
0.79293, 0.7496, 0.0113, 0.0109, 0.0115, 0.0126, 0.0109, 0.0105, 
0.0111, 0.0112, 0.0118, 0.0124, 0.0108, 27.7, 28.4, 30.1, 34.7, 
36.9, 37.3, 38.7, 38.9, 43.6, 43.9, 47.6, 1, 1, 1, 1, 1, 1, 1, 
1, 1, 1, 1, 1, 1, 1, 1, 1, 1, 1, 1, 1, 1, 1, 1, 1, 1, 1, 1, 1, 
1, 1, 1, 1, 1, 1, 1, 1, 1, 1, 1, 1, 1, 1, 1, 1, 2.832, 2.832, 
2.875, 2.773, 2.784, 2.742, 2.729, 2.714, 2.761, 2.819, 2.62), .Dim = c(11L, 
40L), .Dimnames = list(NULL, c("Sampling", "PSO.cost", "PSO.gamma", 
"PSO.data.balancing", "PSO.feature.selection", "PSO.valid.acc", 
"PSO.test.acc", "PSO.train.time", "PSO.n.support.vectors", "PSO.index", 
"PSO.n.solutions", "PSO.generations", "PSO.n.evaluations", "PSO.cpu.time", 
"RS.cost", "RS.gamma", "RS.data.balancing", "RS.feature.selection", 
"RS.valid.acc", "RS.test.acc", "RS.train.time", "RS.n.support.vectors", 
"RS.index", "RS.n.solutions", "RS.generations", "RS.n.evaluations", 
"RS.cpu.time", "DF.cost", "DF.gamma", "DF.data.balancing", "DF.feature.selection", 
"DF.valid.acc", "DF.test.acc", "DF.train.time", "DF.n.support.vectors", 
"DF.index", "DF.n.solutions", "DF.generations", "DF.n.evaluations", 
"DF.cpu.time")))
