full <-
structure(c(50, 55, 60, 65, 70, 75, 80, 85, 90, 95, 100, 15, 
13.1105, 15, 14.94929, 10.09068, 13.42805, 15, 10.28531, 11.9507, 
15, 14.61062, -11.36591, -10.08234, -11.46412, -10.54728, -7.16053, 
-9.51727, -10.48192, -7.66457, -8.22192, -11.4473, -10.12869, 
0, 0, 0, 0, 0, 0, 0, 0, 0, 0, 0, 0, 0, 0, 0, 0, 0, 0, 0, 0, 0, 
0, 0.90333, 0.93, 0.90667, 0.89286, 0.9, 0.91786, 0.93571, 0.94028, 
0.94556, 0.95889, 0.95182, 0.82667, 0.85667, 0.85905, 0.88714, 
0.87143, 0.91925, 0.92599, 0.92778, 0.90194, 0.94778, 0.95182, 
0.0124, 0.0122, 0.0119, 0.0128, 0.0105, 0.0129, 0.0117, 0.0116, 
0.0116, 0.0132, 0.0134, 14.2, 15.2, 14.8, 13.4, 16.8, 17, 15.4, 
21.3, 19.5, 20.4, 18.4, 101, 278, 122, 24, 142, 85, 125, 49, 
52, 80, 66, 942, 113, 440, 1239, 349, 347, 910, 668, 177, 1101, 
1301, 100, 100, 100, 100, 100, 100, 100, 100, 100, 100, 100, 
2500, 2500, 2500, 2500, 2500, 2500, 2500, 2500, 2500, 2500, 2500, 
7178.743, 7140.142, 7229.262, 7111.509, 7218.797, 7284.149, 7257.561, 
7296.46799999999, 7219.281, 7254.88800000001, 6867.53599999999, 
14.40862, 11.85347, 14.77292, 12.06306, 10.3246, 13.35153, 14.43594, 
11.94399, 13.09983, 14.4946, 13.96254, -11.05377, -8.84045, -11.27037, 
-8.74052, -7.32741, -9.48512, -10.1946, -9.19679, -9.83377, -11.33517, 
-10.06835, 0, 0, 0, 0, 0, 0, 0, 0, 0, 0, 0, 0, 0, 0, 0, 0, 0, 
0, 0, 0, 0, 0, 0.90333, 0.91333, 0.90667, 0.89286, 0.9, 0.91786, 
0.92321, 0.94028, 0.94556, 0.94778, 0.95182, 0.82667, 0.86, 0.84238, 
0.85857, 0.87143, 0.91925, 0.91171, 0.93889, 0.92306, 0.94778, 
0.95091, 0.0105, 0.0116, 0.0121, 0.0106, 0.0115, 0.0119, 0.0119, 
0.0113, 0.0138, 0.0124, 0.0136, 15.1, 15.6, 14.8, 15.6, 16.7, 
17, 16, 20, 20.7, 21.4, 19.3, 361, 390, 214, 29, 1041, 1910, 
35, 51, 437, 5, 1015, 7, 9, 3, 27, 1, 2, 15, 46, 6, 9, 7, 100, 
100, 100, 100, 100, 100, 100, 100, 100, 100, 100, 2500, 2500, 
2500, 2500, 2500, 2500, 2500, 2500, 2500, 2500, 2500, 7097.312, 
7055.919, 7200.368, 6898.274, 7260.90899999999, 7269.80699999999, 
7249.785, 7249.63900000001, 7239.398, 7184.97100000002, 6750.79799999998, 
1, 1, 1, 1, 1, 1, 1, 1, 1, 1, 1, 0.16667, 0.16667, 0.16667, 0.16667, 
0.16667, 0.16667, 0.16667, 0.16667, 0.16667, 0.16667, 0.16667, 
0, 0, 0, 0, 0, 0, 0, 0, 0, 0, 0, 0, 0, 0, 0, 0, 0, 0, 0, 0, 0, 
0, 0.70167, 0.71667, 0.66619, 0.74905, 0.75714, 0.72202, 0.7377, 
0.75139, 0.76861, 0.77, 0.77919, 0.68167, 0.71667, 0.68286, 0.73714, 
0.75714, 0.73313, 0.76091, 0.77639, 0.77861, 0.75889, 0.7401, 
0.0102, 0.0117, 0.0104, 0.0112, 0.0111, 0.0113, 0.0108, 0.0115, 
0.0122, 0.0112, 0.0106, 28.6, 28.9, 31.6, 34, 35.5, 38.2, 39.5, 
42.1, 45.1, 46.2, 48.4, 1, 1, 1, 1, 1, 1, 1, 1, 1, 1, 1, 1, 1, 
1, 1, 1, 1, 1, 1, 1, 1, 1, 1, 1, 1, 1, 1, 1, 1, 1, 1, 1, 1, 1, 
1, 1, 1, 1, 1, 1, 1, 1, 1, 1, 2.833, 2.811, 2.889, 2.837, 2.884, 
2.906, 2.909, 2.884, 2.932, 2.901, 2.489), .Dim = c(11L, 40L), .Dimnames = list(
    NULL, c("Sampling", "PSO.cost", "PSO.gamma", "PSO.data.balancing", 
    "PSO.feature.selection", "PSO.valid.acc", "PSO.test.acc", 
    "PSO.train.time", "PSO.n.support.vectors", "PSO.index", "PSO.n.solutions", 
    "PSO.generations", "PSO.n.evaluations", "PSO.cpu.time", "RS.cost", 
    "RS.gamma", "RS.data.balancing", "RS.feature.selection", 
    "RS.valid.acc", "RS.test.acc", "RS.train.time", "RS.n.support.vectors", 
    "RS.index", "RS.n.solutions", "RS.generations", "RS.n.evaluations", 
    "RS.cpu.time", "DF.cost", "DF.gamma", "DF.data.balancing", 
    "DF.feature.selection", "DF.valid.acc", "DF.test.acc", "DF.train.time", 
    "DF.n.support.vectors", "DF.index", "DF.n.solutions", "DF.generations", 
    "DF.n.evaluations", "DF.cpu.time")))
