full <-
structure(c(50, 55, 60, 65, 70, 75, 80, 85, 90, 95, 100, 11.55219, 
11.55694, 14.73695, 15, 15, 14.08786, 13.44878, 12.90927, 13.702, 
15, 15, -9.17773, -10.37623, -12.3837, -10.83733, -10.59842, 
-7.87274, -10.18933, -9.08861, -10.20403, -10.31416, -12.48601, 
0, 0, 0, 0, 0, 0, 0, 0, 0, 0, 0, 0, 0, 0, 0, 0, 0, 0, 0, 0, 0, 
0, 0.90667, 0.88, 0.93571, 0.90476, 0.93036, 0.90496, 0.93571, 
0.93167, 0.93139, 0.94778, 0.95182, 0.83, 0.87667, 0.90238, 0.89226, 
0.8625, 0.85278, 0.94821, 0.90694, 0.91889, 0.92778, 0.94273, 
0.0113, 0.0107, 0.0109, 0.0122, 0.0121, 0.012, 0.0121, 0.0124, 
0.0128, 0.0142, 0.0118, 14.5, 18.9, 17.8, 15, 14.3, 13.2, 19.2, 
17.7, 18.4, 17.4, 24.2, 39, 36, 10, 71, 61, 106, 48, 199, 112, 
52, 129, 420, 579, 462, 1446, 1306, 1517, 1445, 195, 1332, 819, 
502, 100, 100, 100, 100, 100, 100, 100, 100, 100, 100, 100, 2500, 
2500, 2500, 2500, 2500, 2500, 2500, 2500, 2500, 2500, 2500, 6873.233, 
6951.89, 7086.98, 7077.932, 6814.256, 6861.231, 6893.15700000001, 
6930.99900000001, 6896.69200000001, 7076.13300000002, 6928.83800000002, 
10.54887, 10.88879, 14.45098, 13.53203, 14.84662, 13.60558, 14.73065, 
14.88627, 14.45852, 14.20277, 14.95101, -7.88528, -9.83492, -12.07089, 
-9.48296, -10.12053, -7.90407, -11.42099, -10.10226, -10.93527, 
-9.79189, -12.37584, 0, 0, 0, 0, 0, 0, 0, 0, 0, 0, 0, 0, 0, 0, 
0, 0, 0, 0, 0, 0, 0, 0, 0.90667, 0.88, 0.93571, 0.90476, 0.93036, 
0.90496, 0.93571, 0.93028, 0.93139, 0.94778, 0.95182, 0.85, 0.89667, 
0.90238, 0.8631, 0.87679, 0.8496, 0.93571, 0.91944, 0.91889, 
0.92778, 0.94273, 0.0103, 0.0104, 0.0108, 0.0113, 0.0126, 0.0155, 
0.0123, 0.0137, 0.0119, 0.0152, 0.012, 13.7, 19.3, 17.7, 15, 
14.6, 13.5, 19.5, 15.8, 18.6, 18.4, 23.7, 123, 80, 53, 168, 1094, 
526, 223, 572, 1533, 102, 1424, 14, 24, 15, 13, 2, 3, 25, 14, 
1, 3, 1, 100, 100, 100, 100, 100, 100, 100, 100, 100, 100, 100, 
2500, 2500, 2500, 2500, 2500, 2500, 2500, 2500, 2500, 2500, 2500, 
6919.934, 6935.267, 7167.159, 6796.087, 6950.889, 6905.864, 6708.942, 
7039.913, 6942.39600000001, 6954.90299999999, 6848.30799999999, 
1, 1, 1, 1, 1, 1, 1, 1, 1, 1, 1, 0.16667, 0.16667, 0.16667, 0.16667, 
0.16667, 0.16667, 0.16667, 0.16667, 0.16667, 0.16667, 0.16667, 
0, 0, 0, 0, 0, 0, 0, 0, 0, 0, 0, 0, 0, 0, 0, 0, 0, 0, 0, 0, 0, 
0, 0.79667, 0.77667, 0.7381, 0.7869, 0.69762, 0.66845, 0.7244, 
0.70639, 0.76361, 0.76889, 0.78101, 0.76, 0.79333, 0.77143, 0.71012, 
0.70179, 0.70595, 0.69802, 0.70889, 0.7825, 0.76778, 0.79303, 
0.0102, 0.0108, 0.0109, 0.0114, 0.011, 0.0115, 0.0107, 0.0118, 
0.0111, 0.0116, 0.0121, 30.4, 33.3, 37, 39.2, 40.2, 42.4, 43.9, 
45, 46.6, 48, 48.5, 1, 1, 1, 1, 1, 1, 1, 1, 1, 1, 1, 1, 1, 1, 
1, 1, 1, 1, 1, 1, 1, 1, 1, 1, 1, 1, 1, 1, 1, 1, 1, 1, 1, 1, 1, 
1, 1, 1, 1, 1, 1, 1, 1, 1, 2.824, 2.785, 2.869, 2.815, 2.776, 
2.794, 2.704, 2.782, 2.833, 2.789, 2.823), .Dim = c(11L, 40L), .Dimnames = list(
    NULL, c("Sampling", "PSO.cost", "PSO.gamma", "PSO.data.balancing", 
    "PSO.feature.selection", "PSO.valid.acc", "PSO.test.acc", 
    "PSO.train.time", "PSO.n.support.vectors", "PSO.index", "PSO.n.solutions", 
    "PSO.generations", "PSO.n.evaluations", "PSO.cpu.time", "RS.cost", 
    "RS.gamma", "RS.data.balancing", "RS.feature.selection", 
    "RS.valid.acc", "RS.test.acc", "RS.train.time", "RS.n.support.vectors", 
    "RS.index", "RS.n.solutions", "RS.generations", "RS.n.evaluations", 
    "RS.cpu.time", "DF.cost", "DF.gamma", "DF.data.balancing", 
    "DF.feature.selection", "DF.valid.acc", "DF.test.acc", "DF.train.time", 
    "DF.n.support.vectors", "DF.index", "DF.n.solutions", "DF.generations", 
    "DF.n.evaluations", "DF.cpu.time")))
