full <-
structure(c(50, 55, 60, 65, 70, 75, 80, 85, 90, 95, 100, 15, 
15, 15, 14.92268, 14.6262, 12.48092, 14.78077, 15, 15, 14.13593, 
15, -8.49764, -9.87207, -9.18913, -10.89434, -8.93892, -10.13569, 
-10.79086, -10.37351, -12.92226, -10.05976, -10.45445, 0, 0, 
0, 0, 0, 0, 0, 0, 0, 0, 0, 0, 0, 0, 0, 0, 0, 0, 0, 0, 0, 0, 0.90667, 
0.93, 0.96571, 0.95476, 0.94286, 0.91786, 0.9625, 0.97639, 0.94278, 
0.97778, 0.95071, 0.90667, 0.94667, 0.90381, 0.94048, 0.9119, 
0.90536, 0.9625, 0.96389, 0.94028, 0.97778, 0.94071, 0.0116, 
0.0125, 0.0123, 0.0124, 0.0126, 0.0126, 0.013, 0.0134, 0.0115, 
0.0132, 0.0139, 8.9, 12.6, 10.6, 15.8, 12, 20.5, 15.9, 14.5, 
21.4, 17.8, 17.6, 227, 262, 181, 218, 136, 15, 170, 209, 67, 
44, 205, 1315, 844, 889, 188, 491, 780, 579, 227, 245, 1415, 
1271, 100, 100, 100, 100, 100, 100, 100, 100, 100, 100, 100, 
2500, 2500, 2500, 2500, 2500, 2500, 2500, 2500, 2500, 2500, 2500, 
9171.068, 9191.967, 9207.305, 9210.745, 9248.61600000001, 9120.93000000001, 
9127.825, 8992.049, 8914.853, 8877.04999999999, 9332.56299999999, 
14.48005, 14.78848, 14.99839, 14.24472, 14.49359, 12.61908, 14.73498, 
14.4087, 14.15189, 13.23661, 14.50989, -8.32242, -10.05489, -9.04631, 
-9.99752, -8.94279, -9.81198, -10.82016, -11.28749, -12.09258, 
-9.78003, -10.03738, 0, 0, 0, 0, 0, 0, 0, 0, 0, 0, 0, 0, 0, 0, 
0, 0, 0, 0, 0, 0, 0, 0, 0.90667, 0.91333, 0.95143, 0.95476, 0.94286, 
0.91786, 0.9625, 0.96528, 0.94278, 0.97778, 0.95071, 0.90667, 
0.91, 0.90381, 0.92619, 0.94048, 0.90536, 0.9625, 0.96389, 0.94028, 
0.97778, 0.94071, 0.0114, 0.0123, 0.0121, 0.0119, 0.0125, 0.0121, 
0.0129, 0.0128, 0.0118, 0.0134, 0.0154, 9.3, 13.5, 10.7, 15.7, 
12.1, 18.7, 15.9, 18.1, 21.7, 18.9, 17.8, 398, 231, 1473, 1911, 
1658, 61, 1215, 353, 316, 71, 182, 3, 1, 1, 1, 1, 28, 1, 10, 
2, 18, 4, 100, 100, 100, 100, 100, 100, 100, 100, 100, 100, 100, 
2500, 2500, 2500, 2500, 2500, 2500, 2500, 2500, 2500, 2500, 2500, 
9163.824, 9209.223, 9224.845, 9223.069, 9217.981, 9152.30499999999, 
9031.465, 8949.353, 8983.758, 9228.90400000001, 9598.18400000001, 
1, 1, 1, 1, 1, 1, 1, 1, 1, 1, 1, 0.16667, 0.16667, 0.16667, 0.16667, 
0.16667, 0.16667, 0.16667, 0.16667, 0.16667, 0.16667, 0.16667, 
0, 0, 0, 0, 0, 0, 0, 0, 0, 0, 0, 0, 0, 0, 0, 0, 0, 0, 0, 0, 0, 
0, 0.78167, 0.76667, 0.74238, 0.7219, 0.71548, 0.72143, 0.73671, 
0.76667, 0.77639, 0.78833, 0.7601, 0.78167, 0.74667, 0.75429, 
0.74429, 0.72976, 0.70714, 0.7631, 0.76667, 0.75417, 0.80944, 
0.7401, 0.0111, 0.0112, 0.011, 0.0112, 0.0112, 0.0114, 0.0116, 
0.0118, 0.0114, 0.0119, 0.012, 22.5, 25, 29.2, 32.3, 33.1, 37.3, 
38.5, 40.5, 41, 45.6, 48.6, 1, 1, 1, 1, 1, 1, 1, 1, 1, 1, 1, 
1, 1, 1, 1, 1, 1, 1, 1, 1, 1, 1, 1, 1, 1, 1, 1, 1, 1, 1, 1, 1, 
1, 1, 1, 1, 1, 1, 1, 1, 1, 1, 1, 1, 3.642, 3.69, 3.603, 3.66, 
3.669, 3.672, 3.611, 3.616, 3.614, 3.683, 3.739), .Dim = c(11L, 
40L), .Dimnames = list(NULL, c("Sampling", "PSO.cost", "PSO.gamma", 
"PSO.data.balancing", "PSO.feature.selection", "PSO.valid.acc", 
"PSO.test.acc", "PSO.train.time", "PSO.n.support.vectors", "PSO.index", 
"PSO.n.solutions", "PSO.generations", "PSO.n.evaluations", "PSO.cpu.time", 
"RS.cost", "RS.gamma", "RS.data.balancing", "RS.feature.selection", 
"RS.valid.acc", "RS.test.acc", "RS.train.time", "RS.n.support.vectors", 
"RS.index", "RS.n.solutions", "RS.generations", "RS.n.evaluations", 
"RS.cpu.time", "DF.cost", "DF.gamma", "DF.data.balancing", "DF.feature.selection", 
"DF.valid.acc", "DF.test.acc", "DF.train.time", "DF.n.support.vectors", 
"DF.index", "DF.n.solutions", "DF.generations", "DF.n.evaluations", 
"DF.cpu.time")))
