full <-
structure(c(50, 55, 60, 65, 70, 75, 80, 85, 90, 95, 100, 13.81789, 
14.36894, 14.10588, 15, 15, 14.0475, 13.25468, 15, 15, 15, 13.84942, 
-7.59192, -10.16133, -10.26378, -6.7071, -13.37037, -9.04491, 
-9.7291, -4.78076, -9.02666, -10.96519, -9.54459, 0, 0, 0, 0, 
0, 0, 0, 0, 0, 0, 0, 0, 0, 0, 0, 0, 0, 0, 0, 0, 0, 0, 0.92333, 
0.96333, 1, 0.98571, 0.97143, 0.97143, 0.93889, 0.93389, 0.95417, 
0.95889, 0.95091, 0.92667, 0.92667, 0.96333, 0.97143, 0.97143, 
0.94782, 0.9375, 0.88667, 0.92306, 0.93889, 0.95091, 0.0106, 
0.0107, 0.0124, 0.0108, 0.0117, 0.0135, 0.012, 0.0145, 0.0136, 
0.0138, 0.0167, 9.2, 10.7, 12.9, 10.5, 20, 12.4, 17, 13.2, 13.8, 
17.5, 18.6, 6, 838, 378, 56, 69, 77, 78, 52, 408, 68, 57, 1050, 
53, 209, 1405, 879, 1283, 742, 1664, 627, 863, 1333, 100, 100, 
100, 100, 100, 100, 100, 100, 100, 100, 100, 2500, 2500, 2500, 
2500, 2500, 2500, 2500, 2500, 2500, 2500, 2500, 9360.535, 9437.311, 
9575.99000000001, 9500.094, 9426.73700000001, 9428.417, 9446.52, 
9454.579, 9602.198, 9626.935, 9583.04999999999, 9.37751, 13.80081, 
14.9703, 12.55123, 10.41665, 13.38028, 14.24037, 13.45263, 14.70849, 
14.69029, 14.65806, -7.39834, -9.57124, -11.09896, -6.82278, 
-8.50792, -9.46245, -10.59038, -6.02163, -8.32485, -10.87105, 
-10.09362, 0, 0, 0, 0, 0, 0, 0, 0, 0, 0, 0, 0, 0, 0, 0, 0, 0, 
0, 0, 0, 0, 0, 0.92333, 0.96333, 0.98333, 0.98571, 0.97143, 0.97143, 
0.93889, 0.93389, 0.94667, 0.95889, 0.95091, 0.90667, 0.92667, 
0.94905, 0.97143, 0.97143, 0.95893, 0.95, 0.89778, 0.92194, 0.94889, 
0.95091, 0.0102, 0.0108, 0.0115, 0.0131, 0.0108, 0.012, 0.0115, 
0.0116, 0.0135, 0.0134, 0.0147, 11.8, 10.7, 13, 11.2, 19, 13.6, 
16.6, 11.8, 13.4, 18.4, 18.2, 57, 2366, 241, 157, 58, 51, 159, 
55, 2363, 476, 80, 115, 1, 4, 30, 25, 12, 12, 44, 1, 2, 26, 100, 
100, 100, 100, 100, 100, 100, 100, 100, 100, 100, 2500, 2500, 
2500, 2500, 2500, 2500, 2500, 2500, 2500, 2500, 2500, 9271.564, 
9565.972, 9538.264, 9442.709, 9469.50899999999, 9413.848, 9448.39199999999, 
9552.06600000002, 9542.217, 9728.75199999998, 9284.978, 1, 1, 
1, 1, 1, 1, 1, 1, 1, 1, 1, 0.16667, 0.16667, 0.16667, 0.16667, 
0.16667, 0.16667, 0.16667, 0.16667, 0.16667, 0.16667, 0.16667, 
0, 0, 0, 0, 0, 0, 0, 0, 0, 0, 0, 0, 0, 0, 0, 0, 0, 0, 0, 0, 0, 
0, 0.82667, 0.81, 0.78286, 0.73095, 0.75655, 0.75952, 0.73532, 
0.74194, 0.75778, 0.75556, 0.7601, 0.85, 0.77, 0.78857, 0.77381, 
0.77083, 0.8002, 0.71171, 0.74194, 0.76889, 0.72667, 0.7501, 
0.0105, 0.0109, 0.0109, 0.0119, 0.011, 0.0111, 0.0126, 0.0142, 
0.0119, 0.0114, 0.0115, 26.2, 27.4, 30.8, 31.9, 34.8, 37.5, 39, 
39.3, 42.3, 46.1, 48.4, 1, 1, 1, 1, 1, 1, 1, 1, 1, 1, 1, 1, 1, 
1, 1, 1, 1, 1, 1, 1, 1, 1, 1, 1, 1, 1, 1, 1, 1, 1, 1, 1, 1, 1, 
1, 1, 1, 1, 1, 1, 1, 1, 1, 1, 3.699, 3.825, 3.803, 3.752, 3.781, 
3.746, 3.722, 3.78, 3.863, 3.934, 3.6), .Dim = c(11L, 40L), .Dimnames = list(
    NULL, c("Sampling", "PSO.cost", "PSO.gamma", "PSO.data.balancing", 
    "PSO.feature.selection", "PSO.valid.acc", "PSO.test.acc", 
    "PSO.train.time", "PSO.n.support.vectors", "PSO.index", "PSO.n.solutions", 
    "PSO.generations", "PSO.n.evaluations", "PSO.cpu.time", "RS.cost", 
    "RS.gamma", "RS.data.balancing", "RS.feature.selection", 
    "RS.valid.acc", "RS.test.acc", "RS.train.time", "RS.n.support.vectors", 
    "RS.index", "RS.n.solutions", "RS.generations", "RS.n.evaluations", 
    "RS.cpu.time", "DF.cost", "DF.gamma", "DF.data.balancing", 
    "DF.feature.selection", "DF.valid.acc", "DF.test.acc", "DF.train.time", 
    "DF.n.support.vectors", "DF.index", "DF.n.solutions", "DF.generations", 
    "DF.n.evaluations", "DF.cpu.time")))
