full <-
structure(c(50, 55, 60, 65, 70, 75, 80, 85, 90, 95, 100, 13.79641, 
11.11538, 12.21749, 11.80248, 13.81263, 10.79384, 7.35407, 14.86119, 
15, 15, 15, -8.72305, -6.79467, -8.03714, -11.42513, -9.22429, 
-9.49322, -6.37609, -10.25011, -10.80951, -8.82037, -8.93946, 
0, 0, 0, 0, 0, 0, 0, 0, 0, 0, 0, 0, 0, 0, 0, 0, 0, 0, 0, 0, 0, 
0, 0.91833, 0.89667, 0.9381, 0.92619, 0.94643, 0.93571, 0.93988, 
0.94167, 0.95528, 0.96639, 0.96071, 0.88333, 0.85667, 0.92143, 
0.89524, 0.93214, 0.86786, 0.89405, 0.93056, 0.93306, 0.93639, 
0.93869, 0.0116, 0.0117, 0.0118, 0.0119, 0.0123, 0.012, 0.0121, 
0.0136, 0.0134, 0.0149, 0.014, 9.5, 11.7, 12, 21.1, 13.9, 22.9, 
24.6, 16.6, 19.2, 15.3, 15.4, 330, 119, 76, 11, 17, 115, 106, 
126, 104, 88, 128, 165, 169, 363, 557, 539, 180, 150, 1226, 1260, 
403, 740, 100, 100, 100, 100, 100, 100, 100, 100, 100, 100, 100, 
2500, 2500, 2500, 2500, 2500, 2500, 2500, 2500, 2500, 2500, 2500, 
9108.052, 9147.736, 9124.59899999999, 9053.13, 9062.59, 9043.022, 
8862.315, 8695.19, 8661.41, 8679.74600000001, 8678.99900000001, 
12.80288, 13.90162, 11.87875, 10.14312, 14.11046, 10.39197, 8.7274, 
14.91725, 14.81853, 14.90773, 14.94479, -8.11113, -14.66804, 
-7.78995, -10.06979, -9.22572, -9.08838, -7.10719, -10.02257, 
-10.22253, -11.59381, -8.98775, 0, 0, 0, 0, 0, 0, 0, 0, 0, 0, 
0, 0, 0, 0, 0, 0, 0, 0, 0, 0, 0, 0, 0.91833, 0.89333, 0.9381, 
0.92619, 0.94643, 0.93571, 0.93988, 0.94167, 0.94278, 0.9575, 
0.95162, 0.88333, 0.83667, 0.90476, 0.89524, 0.94643, 0.88214, 
0.90655, 0.91944, 0.93306, 0.9375, 0.94869, 0.0116, 0.0118, 0.0115, 
0.0113, 0.0123, 0.0123, 0.0124, 0.0134, 0.014, 0.0141, 0.0152, 
9.8, 21.9, 12.1, 21.9, 13.6, 23.1, 22.7, 16, 17.5, 21.4, 15.6, 
447, 10, 249, 297, 63, 220, 1847, 19, 110, 189, 1409, 5, 47, 
4, 23, 41, 3, 3, 2, 4, 16, 2, 100, 100, 100, 100, 100, 100, 100, 
100, 100, 100, 100, 2500, 2500, 2500, 2500, 2500, 2500, 2500, 
2500, 2500, 2500, 2500, 9129.651, 9149.555, 9069.327, 9057.374, 
9056.02899999999, 8883.473, 8718.88099999999, 8618.47900000002, 
8472.46100000001, 8810.78199999998, 8669.465, 1, 1, 1, 1, 1, 
1, 1, 1, 1, 1, 1, 0.16667, 0.16667, 0.16667, 0.16667, 0.16667, 
0.16667, 0.16667, 0.16667, 0.16667, 0.16667, 0.16667, 0, 0, 0, 
0, 0, 0, 0, 0, 0, 0, 0, 0, 0, 0, 0, 0, 0, 0, 0, 0, 0, 0, 0.755, 
0.75333, 0.77667, 0.78238, 0.71548, 0.76607, 0.81508, 0.76806, 
0.76778, 0.76972, 0.76949, 0.755, 0.7, 0.75429, 0.75381, 0.76071, 
0.78929, 0.74385, 0.76528, 0.76056, 0.76972, 0.75242, 0.011, 
0.0115, 0.0113, 0.012, 0.0117, 0.0115, 0.0119, 0.0122, 0.0125, 
0.0122, 0.0126, 26.1, 28, 31.7, 34, 34.3, 38.4, 42.7, 43, 45.1, 
46, 49.3, 1, 1, 1, 1, 1, 1, 1, 1, 1, 1, 1, 1, 1, 1, 1, 1, 1, 
1, 1, 1, 1, 1, 1, 1, 1, 1, 1, 1, 1, 1, 1, 1, 1, 1, 1, 1, 1, 1, 
1, 1, 1, 1, 1, 1, 3.655, 3.665, 3.641, 3.636, 3.647, 3.543, 3.501, 
3.478, 3.437, 3.536, 3.5), .Dim = c(11L, 40L), .Dimnames = list(
    NULL, c("Sampling", "PSO.cost", "PSO.gamma", "PSO.data.balancing", 
    "PSO.feature.selection", "PSO.valid.acc", "PSO.test.acc", 
    "PSO.train.time", "PSO.n.support.vectors", "PSO.index", "PSO.n.solutions", 
    "PSO.generations", "PSO.n.evaluations", "PSO.cpu.time", "RS.cost", 
    "RS.gamma", "RS.data.balancing", "RS.feature.selection", 
    "RS.valid.acc", "RS.test.acc", "RS.train.time", "RS.n.support.vectors", 
    "RS.index", "RS.n.solutions", "RS.generations", "RS.n.evaluations", 
    "RS.cpu.time", "DF.cost", "DF.gamma", "DF.data.balancing", 
    "DF.feature.selection", "DF.valid.acc", "DF.test.acc", "DF.train.time", 
    "DF.n.support.vectors", "DF.index", "DF.n.solutions", "DF.generations", 
    "DF.n.evaluations", "DF.cpu.time")))
