full <-
structure(c(50, 55, 60, 65, 70, 75, 80, 85, 90, 95, 100, 12.32511, 
15, 14.23411, 14.89208, 15, 13.88716, 15, 15, 15, 15, 11.41484, 
-6.59186, -10.3687, -8.08419, -10.52274, -10.11382, -11.31717, 
-11.03327, -10.16768, -11.08546, -11.55399, -10.5823, 0, 0, 0, 
0, 0, 0, 0, 0, 0, 0, 0, 0, 0, 0, 0, 0, 0, 0, 0, 0, 0, 0, 0.96, 
0.94571, 0.96667, 0.95476, 0.97321, 0.95, 0.95, 0.94167, 0.94667, 
0.93444, 0.93848, 0.92667, 0.93143, 0.91667, 0.91905, 0.95893, 
0.92321, 0.925, 0.92778, 0.91333, 0.91626, 0.91848, 0.0114, 0.0121, 
0.0118, 0.0129, 0.0112, 0.0116, 0.0127, 0.0136, 0.0136, 0.0131, 
0.0122, 9.1, 10.2, 10.2, 12.9, 11.5, 16.4, 15.4, 15.5, 17.8, 
20.5, 28.6, 118, 112, 161, 9, 40, 148, 93, 54, 81, 95, 93, 371, 
1257, 313, 1144, 1208, 951, 1171, 1388, 1325, 1532, 401, 100, 
100, 100, 100, 100, 100, 100, 100, 100, 100, 100, 2500, 2500, 
2500, 2500, 2500, 2500, 2500, 2500, 2500, 2500, 2500, 8639.644, 
8922.808, 8561.62, 8610.924, 8662.697, 8649.678, 8700.505, 6416.88699999999, 
6642.43100000001, 6601.09599999999, 6601.96900000001, 12.20596, 
14.70031, 13.97589, 14.11408, 14.75195, 14.5503, 14.42066, 14.8128, 
14.34347, 14.64643, 8.56738, -6.49518, -10.22002, -6.64231, -10.01654, 
-11.58627, -12.0065, -10.54393, -9.98631, -11.00497, -11.34273, 
-7.85785, 0, 0, 0, 0, 0, 0, 0, 0, 0, 0, 0, 0, 0, 0, 0, 0, 0, 
0, 0, 0, 0, 0, 0.96, 0.94571, 0.95, 0.95476, 0.97321, 0.95, 0.95, 
0.94167, 0.92556, 0.93444, 0.93848, 0.92667, 0.93143, 0.9, 0.91905, 
0.95893, 0.92321, 0.9375, 0.92778, 0.93444, 0.91626, 0.92848, 
0.011, 0.0124, 0.0106, 0.0116, 0.011, 0.012, 0.0117, 0.0141, 
0.0124, 0.0138, 0.0114, 9.2, 11.1, 10.6, 13, 14.7, 16.7, 15.6, 
15.3, 18.6, 20.9, 29.6, 197, 463, 9, 1579, 181, 49, 662, 171, 
1330, 63, 103, 4, 5, 58, 3, 5, 22, 5, 1, 1, 13, 36, 100, 100, 
100, 100, 100, 100, 100, 100, 100, 100, 100, 2500, 2500, 2500, 
2500, 2500, 2500, 2500, 2500, 2500, 2500, 2500, 8855.488, 8972.422, 
8566.541, 8552.76400000001, 8686.90500000001, 8714.791, 6860.421, 
6486.789, 6609.94400000002, 6600.97, 6702.58900000001, 1, 1, 
1, 1, 1, 1, 1, 1, 1, 1, 1, 0.16667, 0.16667, 0.16667, 0.16667, 
0.16667, 0.16667, 0.16667, 0.16667, 0.16667, 0.16667, 0.16667, 
0, 0, 0, 0, 0, 0, 0, 0, 0, 0, 0, 0, 0, 0, 0, 0, 0, 0, 0, 0, 0, 
0, 0.76167, 0.7981, 0.76714, 0.81667, 0.77619, 0.7625, 0.8, 0.76389, 
0.79028, 0.78162, 0.76374, 0.76167, 0.78143, 0.75286, 0.80238, 
0.80476, 0.7625, 0.7625, 0.7625, 0.77889, 0.76051, 0.74354, 0.0111, 
0.0116, 0.0113, 0.0109, 0.0113, 0.0108, 0.0117, 0.0122, 0.012, 
0.0122, 0.0127, 22.5, 24, 28.3, 27.6, 31.5, 34.5, 36.4, 37.5, 
41, 43.8, 48.2, 1, 1, 1, 1, 1, 1, 1, 1, 1, 1, 1, 1, 1, 1, 1, 
1, 1, 1, 1, 1, 1, 1, 1, 1, 1, 1, 1, 1, 1, 1, 1, 1, 1, 1, 1, 1, 
1, 1, 1, 1, 1, 1, 1, 1, 3.582, 3.576, 3.623, 3.39, 3.395, 3.29, 
2.616, 2.64, 2.562, 2.634, 2.632), .Dim = c(11L, 40L), .Dimnames = list(
    NULL, c("Sampling", "PSO.cost", "PSO.gamma", "PSO.data.balancing", 
    "PSO.feature.selection", "PSO.valid.acc", "PSO.test.acc", 
    "PSO.train.time", "PSO.n.support.vectors", "PSO.index", "PSO.n.solutions", 
    "PSO.generations", "PSO.n.evaluations", "PSO.cpu.time", "RS.cost", 
    "RS.gamma", "RS.data.balancing", "RS.feature.selection", 
    "RS.valid.acc", "RS.test.acc", "RS.train.time", "RS.n.support.vectors", 
    "RS.index", "RS.n.solutions", "RS.generations", "RS.n.evaluations", 
    "RS.cpu.time", "DF.cost", "DF.gamma", "DF.data.balancing", 
    "DF.feature.selection", "DF.valid.acc", "DF.test.acc", "DF.train.time", 
    "DF.n.support.vectors", "DF.index", "DF.n.solutions", "DF.generations", 
    "DF.n.evaluations", "DF.cpu.time")))
