full <-
structure(c(50, 55, 60, 65, 70, 75, 80, 85, 90, 95, 100, 11.90104, 
13.1268, 14.96797, 13.98236, 15, 15, 15, 15, 15, 13.95429, 15, 
-9.33645, -5.42984, -10.81554, -10.63966, -12.30329, -11.61286, 
-11.0798, -10.5588, -11.40002, -10.4964, -12.12906, 0, 0, 0, 
0, 0, 0, 0, 0, 0, 0, 0, 0, 0, 0, 0, 0, 0, 0, 0, 0, 0, 0, 0.94333, 
0.88833, 0.95, 0.94226, 0.92857, 0.95893, 0.9375, 0.96528, 0.97778, 
0.97, 0.96071, 0.92333, 0.81, 0.91905, 0.92381, 0.94286, 0.94643, 
0.95, 0.95417, 0.96667, 0.97, 0.96071, 0.0099, 0.0109, 0.0113, 
0.0117, 0.0128, 0.014, 0.0141, 0.0149, 0.0132, 0.0134, 0.0133, 
12.8, 10.9, 13, 16.3, 18.2, 17.2, 16.2, 16.1, 18.7, 19.3, 23.2, 
60, 88, 332, 91, 67, 55, 81, 178, 92, 5, 70, 417, 523, 524, 1296, 
241, 1381, 1242, 489, 694, 1309, 1063, 100, 100, 100, 100, 100, 
100, 100, 100, 100, 100, 100, 2500, 2500, 2500, 2500, 2500, 2500, 
2500, 2500, 2500, 2500, 2500, 6975.564, 7132.998, 7154.449, 8178.77, 
9143.817, 9306.86199999999, 9210.834, 9142.59, 9141.45500000002, 
8739.03099999999, 6961.10199999998, 11.94293, 14.84064, 14.85622, 
14.59243, 11.61125, 13.46611, 13.94882, 12.58177, 12.29886, 14.91676, 
14.01065, -9.62381, -5.41264, -11.63118, -11.68158, -9.34345, 
-10.64355, -10.0588, -9.64596, -8.34774, -11.41866, -10.73257, 
0, 0, 0, 0, 0, 0, 0, 0, 0, 0, 0, 0, 0, 0, 0, 0, 0, 0, 0, 0, 0, 
0, 0.94333, 0.88833, 0.93333, 0.94226, 0.92857, 0.95893, 0.9375, 
0.95417, 0.97778, 0.97, 0.96071, 0.92333, 0.81, 0.91905, 0.91131, 
0.92857, 0.94643, 0.95, 0.94028, 0.95667, 0.97, 0.96071, 0.0105, 
0.0112, 0.0106, 0.0132, 0.0122, 0.0135, 0.014, 0.0134, 0.0136, 
0.0126, 0.0128, 13.2, 11, 14.5, 17.1, 19.7, 19.3, 16.2, 20.6, 
18.2, 19.2, 22, 125, 522, 204, 120, 1342, 170, 403, 262, 204, 
26, 179, 44, 4, 11, 10, 2, 7, 10, 8, 9, 13, 7, 100, 100, 100, 
100, 100, 100, 100, 100, 100, 100, 100, 2500, 2500, 2500, 2500, 
2500, 2500, 2500, 2500, 2500, 2500, 2500, 7097.931, 7146.912, 
6882.321, 9297.303, 9135.13500000001, 9273.36200000001, 9137.06200000001, 
9106.17600000001, 9109.198, 6975.38199999998, 6912.804, 1, 1, 
1, 1, 1, 1, 1, 1, 1, 1, 1, 0.16667, 0.16667, 0.16667, 0.16667, 
0.16667, 0.16667, 0.16667, 0.16667, 0.16667, 0.16667, 0.16667, 
0, 0, 0, 0, 0, 0, 0, 0, 0, 0, 0, 0, 0, 0, 0, 0, 0, 0, 0, 0, 0, 
0, 0.67, 0.74, 0.74905, 0.70119, 0.71429, 0.72143, 0.70258, 0.74306, 
0.75611, 0.79111, 0.79303, 0.67833, 0.74, 0.73476, 0.70536, 0.71429, 
0.7625, 0.70476, 0.74167, 0.76861, 0.77, 0.77081, 0.011, 0.0107, 
0.0099, 0.0121, 0.0126, 0.0124, 0.0127, 0.0128, 0.0135, 0.0114, 
0.0117, 29.4, 29.7, 33.4, 35.7, 38.7, 40.7, 41, 44.4, 45.5, 47.2, 
48.1, 1, 1, 1, 1, 1, 1, 1, 1, 1, 1, 1, 1, 1, 1, 1, 1, 1, 1, 1, 
1, 1, 1, 1, 1, 1, 1, 1, 1, 1, 1, 1, 1, 1, 1, 1, 1, 1, 1, 1, 1, 
1, 1, 1, 1, 2.857, 2.862, 2.631, 3.635, 3.677, 3.702, 3.639, 
3.665, 3.656, 2.789, 2.722), .Dim = c(11L, 40L), .Dimnames = list(
    NULL, c("Sampling", "PSO.cost", "PSO.gamma", "PSO.data.balancing", 
    "PSO.feature.selection", "PSO.valid.acc", "PSO.test.acc", 
    "PSO.train.time", "PSO.n.support.vectors", "PSO.index", "PSO.n.solutions", 
    "PSO.generations", "PSO.n.evaluations", "PSO.cpu.time", "RS.cost", 
    "RS.gamma", "RS.data.balancing", "RS.feature.selection", 
    "RS.valid.acc", "RS.test.acc", "RS.train.time", "RS.n.support.vectors", 
    "RS.index", "RS.n.solutions", "RS.generations", "RS.n.evaluations", 
    "RS.cpu.time", "DF.cost", "DF.gamma", "DF.data.balancing", 
    "DF.feature.selection", "DF.valid.acc", "DF.test.acc", "DF.train.time", 
    "DF.n.support.vectors", "DF.index", "DF.n.solutions", "DF.generations", 
    "DF.n.evaluations", "DF.cpu.time")))
