full <-
structure(c(50, 55, 60, 65, 70, 75, 80, 85, 90, 95, 100, 15, 
15, 13.64559, 14.45972, 15, 15, 12.60237, 11.72912, 14.19286, 
14.97912, 15, -6.58953, -11.09068, -10.67261, -10.35163, -9.77938, 
-10.34827, -9.46004, -8.49032, -11.06056, -8.0821, -10.4895, 
0, 0, 0, 0, 0, 0, 0, 0, 0, 0, 0, 0, 0, 0, 0, 0, 0, 0, 0, 0, 0, 
0, 0.98, 0.98333, 0.96667, 0.97143, 0.95417, 0.94821, 0.93889, 
0.94306, 0.94444, 0.95667, 0.95182, 0.98, 0.96667, 0.95238, 0.95714, 
0.95833, 0.94643, 0.9375, 0.91806, 0.93444, 0.94556, 0.96182, 
0.0105, 0.011, 0.0109, 0.0113, 0.0109, 0.0117, 0.0113, 0.0117, 
0.0134, 0.0152, 0.016, 8.4, 12, 13.7, 13, 11.2, 12.8, 16.8, 18.3, 
20.3, 13.7, 17.9, 67, 99, 125, 127, 258, 52, 126, 120, 59, 1364, 
80, 731, 1476, 401, 1018, 100, 1172, 559, 306, 654, 169, 1186, 
100, 100, 100, 100, 100, 100, 100, 100, 100, 100, 100, 2500, 
2500, 2500, 2500, 2500, 2500, 2500, 2500, 2500, 2500, 2500, 6674.911, 
6455.528, 6825.208, 6822.983, 6848.229, 6843.49299999999, 6843.86799999999, 
7299.519, 8976.906, 8969.03400000001, 8808.736, 13.82948, 13.99501, 
14.46684, 14.38372, 13.23032, 14.79186, 12.91818, 13.53014, 14.29848, 
14.95899, 11.68933, -9.4834, -10.37366, -11.53033, -10.13697, 
-10.48591, -10.39964, -7.86938, -10.53155, -10.50185, -8.25995, 
-8.73054, 0, 0, 0, 0, 0, 0, 0, 0, 0, 0, 0, 0, 0, 0, 0, 0, 0, 
0, 0, 0, 0, 0, 0.98, 0.98333, 0.96667, 0.97143, 0.93988, 0.94821, 
0.93889, 0.94306, 0.94444, 0.94667, 0.96091, 0.96, 0.96667, 0.93571, 
0.95714, 0.92738, 0.96071, 0.91389, 0.91806, 0.93444, 0.93556, 
0.93273, 0.0106, 0.0097, 0.0109, 0.011, 0.0111, 0.0111, 0.0117, 
0.0129, 0.0152, 0.0149, 0.0136, 10.7, 13.3, 13.9, 12.8, 15.6, 
13.1, 14.6, 18.5, 18.8, 14, 22.1, 154, 8, 182, 374, 30, 95, 33, 
202, 869, 482, 2042, 28, 12, 3, 9, 18, 5, 21, 11, 4, 3, 1, 100, 
100, 100, 100, 100, 100, 100, 100, 100, 100, 100, 2500, 2500, 
2500, 2500, 2500, 2500, 2500, 2500, 2500, 2500, 2500, 6531.16, 
6487.554, 6841.603, 6864.492, 6818.212, 6833.421, 6823.58100000001, 
8969.876, 8924.815, 8917.97699999998, 8729.79199999999, 1, 1, 
1, 1, 1, 1, 1, 1, 1, 1, 1, 0.16667, 0.16667, 0.16667, 0.16667, 
0.16667, 0.16667, 0.16667, 0.16667, 0.16667, 0.16667, 0.16667, 
0, 0, 0, 0, 0, 0, 0, 0, 0, 0, 0, 0, 0, 0, 0, 0, 0, 0, 0, 0, 0, 
0, 0.74333, 0.77, 0.80286, 0.80381, 0.80238, 0.78929, 0.7621, 
0.7625, 0.75611, 0.80222, 0.76101, 0.74333, 0.79, 0.83714, 0.80381, 
0.78571, 0.78929, 0.80099, 0.775, 0.77722, 0.79222, 0.7701, 0.0098, 
0.0095, 0.0107, 0.0104, 0.0105, 0.0109, 0.0111, 0.0132, 0.013, 
0.0126, 0.012, 27.6, 29.1, 29.8, 31, 33.5, 33.2, 35.5, 38.4, 
40.6, 44.3, 47.9, 1, 1, 1, 1, 1, 1, 1, 1, 1, 1, 1, 1, 1, 1, 1, 
1, 1, 1, 1, 1, 1, 1, 1, 1, 1, 1, 1, 1, 1, 1, 1, 1, 1, 1, 1, 1, 
1, 1, 1, 1, 1, 1, 1, 1, 2.633, 2.532, 2.737, 2.743, 2.719, 2.731, 
2.751, 3.555, 3.572, 3.525, 2.621), .Dim = c(11L, 40L), .Dimnames = list(
    NULL, c("Sampling", "PSO.cost", "PSO.gamma", "PSO.data.balancing", 
    "PSO.feature.selection", "PSO.valid.acc", "PSO.test.acc", 
    "PSO.train.time", "PSO.n.support.vectors", "PSO.index", "PSO.n.solutions", 
    "PSO.generations", "PSO.n.evaluations", "PSO.cpu.time", "RS.cost", 
    "RS.gamma", "RS.data.balancing", "RS.feature.selection", 
    "RS.valid.acc", "RS.test.acc", "RS.train.time", "RS.n.support.vectors", 
    "RS.index", "RS.n.solutions", "RS.generations", "RS.n.evaluations", 
    "RS.cpu.time", "DF.cost", "DF.gamma", "DF.data.balancing", 
    "DF.feature.selection", "DF.valid.acc", "DF.test.acc", "DF.train.time", 
    "DF.n.support.vectors", "DF.index", "DF.n.solutions", "DF.generations", 
    "DF.n.evaluations", "DF.cpu.time")))
