full <-
structure(c(50, 55, 60, 65, 70, 75, 80, 85, 90, 95, 100, 8.69727, 
12.953, 6.28268, 5.50528, 15, 4.96987, 9.0759, 14.99727, 12.37612, 
13.4573, 15, -6.63521, -9.72402, -6.08619, -5.57991, -11.13177, 
-5.45387, -7.0581, -11.3272, -8.82323, -8.69661, -11.75047, 0, 
0, 0, 0, 0, 0, 0, 0, 0, 0, 0, 0, 0, 0, 0, 0, 0, 0, 0, 0, 0, 0, 
0.92333, 0.89667, 0.90143, 0.93571, 0.94048, 0.92321, 0.9121, 
0.95278, 0.94556, 0.94667, 0.93091, 0.86167, 0.87333, 0.8681, 
0.8881, 0.90952, 0.86429, 0.86349, 0.93056, 0.93444, 0.93667, 
0.93273, 0.0092, 0.0109, 0.0095, 0.0102, 0.0109, 0.0105, 0.0104, 
0.0127, 0.0118, 0.0124, 0.0118, 16.4, 15.8, 21.5, 23.6, 17.1, 
28.8, 22, 19.7, 19.6, 17.5, 22.1, 75, 46, 950, 47, 146, 40, 303, 
152, 103, 352, 119, 782, 331, 55, 261, 780, 344, 716, 522, 668, 
897, 1156, 100, 100, 100, 100, 100, 100, 100, 100, 100, 100, 
100, 2500, 2500, 2500, 2500, 2500, 2500, 2500, 2500, 2500, 2500, 
2500, 6620.33, 6611.304, 6551.233, 6506.111, 6820.34, 6788.72500000001, 
6806.32799999999, 6801.444, 6790.50899999999, 6467.197, 6419.87599999999, 
8.07168, 14.28337, 6.20208, 5.15207, 14.52073, 5.42358, 9.1086, 
14.68268, 11.5296, 13.37725, 14.42721, -6.1313, -11.25303, -6.00857, 
-5.1749, -10.62721, -5.88235, -7.14345, -11.00716, -8.35477, 
-8.63775, -11.23449, 0, 0, 0, 0, 0, 0, 0, 0, 0, 0, 0, 0, 0, 0, 
0, 0, 0, 0, 0, 0, 0, 0, 0.92333, 0.89667, 0.90143, 0.93571, 0.94048, 
0.92143, 0.9121, 0.95278, 0.94556, 0.94667, 0.93091, 0.88667, 
0.87333, 0.8681, 0.8881, 0.90952, 0.89107, 0.87599, 0.93056, 
0.93444, 0.92667, 0.93273, 0.0105, 0.0103, 0.0105, 0.0107, 0.0113, 
0.011, 0.0106, 0.014, 0.0112, 0.0127, 0.0119, 16.4, 16, 21.5, 
23.9, 17.1, 28.8, 22.1, 19.8, 20.2, 17.6, 22.1, 88, 184, 1129, 
776, 485, 1126, 163, 438, 409, 829, 200, 20, 7, 2, 2, 3, 2, 1, 
1, 3, 3, 4, 100, 100, 100, 100, 100, 100, 100, 100, 100, 100, 
100, 2500, 2500, 2500, 2500, 2500, 2500, 2500, 2500, 2500, 2500, 
2500, 6688.826, 6606.739, 6620.086, 6459.5, 6791.64799999999, 
6774.913, 6793.37700000001, 6784.33, 6703.315, 6405.65300000001, 
6584.364, 1, 1, 1, 1, 1, 1, 1, 1, 1, 1, 1, 0.16667, 0.16667, 
0.16667, 0.16667, 0.16667, 0.16667, 0.16667, 0.16667, 0.16667, 
0.16667, 0.16667, 0, 0, 0, 0, 0, 0, 0, 0, 0, 0, 0, 0, 0, 0, 0, 
0, 0, 0, 0, 0, 0, 0, 0.72333, 0.76333, 0.73619, 0.74762, 0.74167, 
0.77679, 0.71488, 0.72222, 0.74583, 0.72778, 0.77788, 0.74, 0.76333, 
0.75286, 0.78095, 0.74167, 0.80357, 0.73988, 0.73194, 0.78917, 
0.76, 0.7597, 0.0101, 0.0107, 0.0108, 0.0103, 0.0107, 0.0109, 
0.0102, 0.0108, 0.0099, 0.0106, 0.0104, 29.5, 31.5, 32.8, 35.3, 
38.3, 39.6, 42.5, 46, 46, 47.2, 47.5, 1, 1, 1, 1, 1, 1, 1, 1, 
1, 1, 1, 1, 1, 1, 1, 1, 1, 1, 1, 1, 1, 1, 1, 1, 1, 1, 1, 1, 1, 
1, 1, 1, 1, 1, 1, 1, 1, 1, 1, 1, 1, 1, 1, 1, 2.702, 2.707, 2.711, 
2.718, 2.699, 2.731, 2.701, 2.7, 2.443, 2.435, 2.445), .Dim = c(11L, 
40L), .Dimnames = list(NULL, c("Sampling", "PSO.cost", "PSO.gamma", 
"PSO.data.balancing", "PSO.feature.selection", "PSO.valid.acc", 
"PSO.test.acc", "PSO.train.time", "PSO.n.support.vectors", "PSO.index", 
"PSO.n.solutions", "PSO.generations", "PSO.n.evaluations", "PSO.cpu.time", 
"RS.cost", "RS.gamma", "RS.data.balancing", "RS.feature.selection", 
"RS.valid.acc", "RS.test.acc", "RS.train.time", "RS.n.support.vectors", 
"RS.index", "RS.n.solutions", "RS.generations", "RS.n.evaluations", 
"RS.cpu.time", "DF.cost", "DF.gamma", "DF.data.balancing", "DF.feature.selection", 
"DF.valid.acc", "DF.test.acc", "DF.train.time", "DF.n.support.vectors", 
"DF.index", "DF.n.solutions", "DF.generations", "DF.n.evaluations", 
"DF.cpu.time")))
