full <-
structure(c(50, 55, 60, 65, 70, 75, 80, 85, 90, 95, 100, 14.67791, 
11.11766, 12.03114, 7.93723, 15, 13.03093, 14.69812, 12.38744, 
15, 15, 13.61876, -9.41411, -9.38068, -9.77168, -6.06814, -13.20612, 
-8.66737, -15, -11.54137, -10.97267, -10.77491, -9.99368, 0, 
0, 0, 0, 0, 0, 0, 0, 0, 0, 0, 0, 0, 0, 0, 0, 0, 0, 0, 0, 0, 0, 
0.94333, 0.94667, 0.95, 0.95476, 0.92976, 0.97321, 0.93849, 0.94028, 
0.94667, 0.94889, 0.95091, 0.90167, 0.89333, 0.91667, 0.95476, 
0.92976, 0.97321, 0.9131, 0.91667, 0.93667, 0.94889, 0.95091, 
0.0114, 0.0124, 0.0123, 0.0131, 0.0119, 0.0121, 0.0128, 0.0129, 
0.0152, 0.0151, 0.0148, 9.3, 13.8, 13.7, 17.4, 17.9, 14, 27.8, 
25.7, 17.4, 17.4, 20.4, 84, 346, 13, 3, 148, 91, 66, 92, 82, 
119, 64, 997, 188, 740, 524, 441, 860, 1815, 912, 1298, 1383, 
939, 100, 100, 100, 100, 100, 100, 100, 100, 100, 100, 100, 2500, 
2500, 2500, 2500, 2500, 2500, 2500, 2500, 2500, 2500, 2500, 9049.341, 
9530.751, 9250.193, 8914.402, 8943.783, 9044.599, 8857.988, 8817.575, 
8810.386, 9021.67499999999, 9077.62700000001, 14.70359, 10.313, 
12.60013, 11.44507, 14.50233, 13.11762, 12.72125, 14.67351, 14.42388, 
14.38034, 12.59656, -9.88062, -8.61559, -11.65387, -9.0405, -12.60053, 
-8.6917, -12.73287, -13.43772, -11.02206, -11.18061, -10.11548, 
0, 0, 0, 0, 0, 0, 0, 0, 0, 0, 0, 0, 0, 0, 0, 0, 0, 0, 0, 0, 0, 
0, 0.94333, 0.94667, 0.95, 0.95476, 0.92976, 0.97321, 0.93849, 
0.94028, 0.94667, 0.94889, 0.95091, 0.92667, 0.89333, 0.93333, 
0.9381, 0.92976, 0.97321, 0.92738, 0.90556, 0.94667, 0.93778, 
0.94091, 0.0134, 0.0122, 0.0127, 0.0125, 0.0122, 0.0122, 0.0128, 
0.0129, 0.0132, 0.0145, 0.0135, 9.8, 14, 16.6, 15.1, 17.6, 13.9, 
26.7, 25, 19, 20.2, 23.9, 325, 635, 4, 47, 1600, 10, 153, 49, 
110, 175, 90, 8, 7, 67, 72, 2, 10, 14, 15, 5, 27, 10, 100, 100, 
100, 100, 100, 100, 100, 100, 100, 100, 100, 2500, 2500, 2500, 
2500, 2500, 2500, 2500, 2500, 2500, 2500, 2500, 9386.748, 9524.062, 
9046.98899999999, 8991.40900000001, 9082.07399999999, 8862.37, 
8771.447, 8839.08100000001, 8889.24300000002, 9074.791, 9116.56999999998, 
1, 1, 1, 1, 1, 1, 1, 1, 1, 1, 1, 0.16667, 0.16667, 0.16667, 0.16667, 
0.16667, 0.16667, 0.16667, 0.16667, 0.16667, 0.16667, 0.16667, 
0, 0, 0, 0, 0, 0, 0, 0, 0, 0, 0, 0, 0, 0, 0, 0, 0, 0, 0, 0, 0, 
0, 0.81667, 0.78333, 0.83333, 0.8619, 0.77083, 0.81925, 0.77996, 
0.76528, 0.7475, 0.78, 0.73848, 0.83667, 0.78333, 0.85, 0.84286, 
0.75417, 0.79702, 0.77679, 0.77778, 0.77972, 0.80111, 0.76848, 
0.0122, 0.0124, 0.0124, 0.0126, 0.013, 0.0129, 0.0117, 0.0127, 
0.0132, 0.0134, 0.0132, 28, 29.3, 32.5, 35.6, 37.3, 38.1, 40.5, 
43.6, 46.1, 47, 47.6, 1, 1, 1, 1, 1, 1, 1, 1, 1, 1, 1, 1, 1, 
1, 1, 1, 1, 1, 1, 1, 1, 1, 1, 1, 1, 1, 1, 1, 1, 1, 1, 1, 1, 1, 
1, 1, 1, 1, 1, 1, 1, 1, 1, 1, 3.825, 3.808, 3.812, 3.726, 3.77, 
3.757, 3.346, 3.677, 3.636, 3.674, 3.702), .Dim = c(11L, 40L), .Dimnames = list(
    NULL, c("Sampling", "PSO.cost", "PSO.gamma", "PSO.data.balancing", 
    "PSO.feature.selection", "PSO.valid.acc", "PSO.test.acc", 
    "PSO.train.time", "PSO.n.support.vectors", "PSO.index", "PSO.n.solutions", 
    "PSO.generations", "PSO.n.evaluations", "PSO.cpu.time", "RS.cost", 
    "RS.gamma", "RS.data.balancing", "RS.feature.selection", 
    "RS.valid.acc", "RS.test.acc", "RS.train.time", "RS.n.support.vectors", 
    "RS.index", "RS.n.solutions", "RS.generations", "RS.n.evaluations", 
    "RS.cpu.time", "DF.cost", "DF.gamma", "DF.data.balancing", 
    "DF.feature.selection", "DF.valid.acc", "DF.test.acc", "DF.train.time", 
    "DF.n.support.vectors", "DF.index", "DF.n.solutions", "DF.generations", 
    "DF.n.evaluations", "DF.cpu.time")))
