full <-
structure(c(50, 55, 60, 65, 70, 75, 80, 85, 90, 95, 100, 15, 
13.75869, 10.89134, 15, 15, 10.02873, 15, 12.66802, 15, 13.92474, 
12.71116, -12.82307, -9.25033, -6.82486, -9.83475, -9.72826, 
-7.92083, -10.43836, -8.74275, -9.04735, -10.79504, -8.92102, 
0, 0, 0, 0, 0, 0, 0, 0, 0, 0, 0, 0, 0, 0, 0, 0, 0, 0, 0, 0, 0, 
0, 0.94333, 0.94667, 0.92381, 0.92381, 0.95714, 0.94464, 0.96528, 
0.95278, 0.94278, 0.93889, 0.94869, 0.90667, 0.91, 0.92381, 0.9119, 
0.94286, 0.89107, 0.95278, 0.95278, 0.92028, 0.93778, 0.93162, 
0.0107, 0.0113, 0.0103, 0.0113, 0.0118, 0.0111, 0.0136, 0.0122, 
0.0149, 0.0131, 0.0127, 11.2, 9.6, 11.4, 10.5, 12.4, 19.9, 14.8, 
16.1, 14, 22, 20.1, 79, 112, 29, 173, 60, 253, 134, 260, 135, 
162, 1240, 514, 1600, 1063, 643, 996, 327, 1116, 733, 726, 647, 
15, 100, 100, 100, 100, 100, 100, 100, 100, 100, 100, 100, 2500, 
2500, 2500, 2500, 2500, 2500, 2500, 2500, 2500, 2500, 2500, 7181.434, 
7358.643, 7166.496, 7315.95699999999, 7256.76200000001, 7013.726, 
7084.47199999999, 7144.401, 7275.016, 7085.709, 7056.94399999999, 
13.97741, 14.33503, 7.97006, 14.204, 12.07318, 10.8502, 14.2411, 
11.24412, 14.47393, 13.78031, 9.78018, -9.04602, -9.62824, -5.82745, 
-8.81862, -6.8973, -9.24064, -9.99217, -7.49417, -8.58612, -10.57535, 
-7.18874, 0, 0, 0, 0, 0, 0, 0, 0, 0, 0, 0, 0, 0, 0, 0, 0, 0, 
0, 0, 0, 0, 0, 0.92667, 0.94667, 0.94048, 0.92381, 0.95714, 0.93214, 
0.96528, 0.95278, 0.94278, 0.93889, 0.94162, 0.87, 0.91, 0.88714, 
0.9119, 0.91429, 0.89107, 0.95278, 0.95278, 0.91028, 0.91667, 
0.93162, 0.0111, 0.0113, 0.0107, 0.0117, 0.0116, 0.0112, 0.0128, 
0.0117, 0.0151, 0.013, 0.0118, 7.8, 9.5, 15.2, 10, 13.2, 21.9, 
15.4, 15.9, 14.1, 21.3, 23.1, 1648, 2, 419, 869, 304, 787, 100, 
54, 563, 205, 1121, 1, 20, 2, 6, 13, 5, 4, 11, 2, 5, 2, 100, 
100, 100, 100, 100, 100, 100, 100, 100, 100, 100, 2500, 2500, 
2500, 2500, 2500, 2500, 2500, 2500, 2500, 2500, 2500, 7375.715, 
7257.023, 7282.075, 7341.471, 7248.83, 7122.345, 6958.96100000001, 
7121.262, 7243.62300000001, 7121.261, 7032.696, 1, 1, 1, 1, 1, 
1, 1, 1, 1, 1, 1, 0.16667, 0.16667, 0.16667, 0.16667, 0.16667, 
0.16667, 0.16667, 0.16667, 0.16667, 0.16667, 0.16667, 0, 0, 0, 
0, 0, 0, 0, 0, 0, 0, 0, 0, 0, 0, 0, 0, 0, 0, 0, 0, 0, 0, 0.76333, 
0.77143, 0.70095, 0.75714, 0.75714, 0.77143, 0.70159, 0.74444, 
0.76778, 0.76889, 0.7901, 0.76333, 0.75143, 0.67238, 0.75714, 
0.75714, 0.74464, 0.71865, 0.74306, 0.74528, 0.74778, 0.7701, 
0.0109, 0.0101, 0.0108, 0.0103, 0.0109, 0.0112, 0.0103, 0.0114, 
0.0115, 0.0113, 0.0122, 24.5, 27, 30.6, 31.8, 34.7, 38.2, 41.3, 
41.7, 42.5, 47, 48.2, 1, 1, 1, 1, 1, 1, 1, 1, 1, 1, 1, 1, 1, 
1, 1, 1, 1, 1, 1, 1, 1, 1, 1, 1, 1, 1, 1, 1, 1, 1, 1, 1, 1, 1, 
1, 1, 1, 1, 1, 1, 1, 1, 1, 1, 2.959, 2.838, 2.934, 2.893, 2.903, 
2.889, 2.657, 2.874, 2.904, 2.883, 2.689), .Dim = c(11L, 40L), .Dimnames = list(
    NULL, c("Sampling", "PSO.cost", "PSO.gamma", "PSO.data.balancing", 
    "PSO.feature.selection", "PSO.valid.acc", "PSO.test.acc", 
    "PSO.train.time", "PSO.n.support.vectors", "PSO.index", "PSO.n.solutions", 
    "PSO.generations", "PSO.n.evaluations", "PSO.cpu.time", "RS.cost", 
    "RS.gamma", "RS.data.balancing", "RS.feature.selection", 
    "RS.valid.acc", "RS.test.acc", "RS.train.time", "RS.n.support.vectors", 
    "RS.index", "RS.n.solutions", "RS.generations", "RS.n.evaluations", 
    "RS.cpu.time", "DF.cost", "DF.gamma", "DF.data.balancing", 
    "DF.feature.selection", "DF.valid.acc", "DF.test.acc", "DF.train.time", 
    "DF.n.support.vectors", "DF.index", "DF.n.solutions", "DF.generations", 
    "DF.n.evaluations", "DF.cpu.time")))
