full <-
structure(c(50, 55, 60, 65, 70, 75, 80, 85, 90, 95, 100, 5.7225, 
13.42979, 12.79349, 15, 6.26575, 14.60905, 15, 13.41226, 14.54167, 
15, 14.45268, -5.14113, -5.14542, -8.41759, -8.02794, -7.13784, 
-10.09295, -10.68046, -10.08173, -11.19689, -9.80365, -10.07251, 
0, 0, 0, 0, 0, 0, 0, 0, 0, 0, 0, 0, 0, 0, 0, 0, 0, 0, 0, 0, 0, 
0, 0.95833, 0.94667, 0.93571, 0.9381, 0.8994, 0.93036, 0.92242, 
0.92889, 0.94556, 0.95556, 0.96071, 0.95833, 0.91333, 0.92143, 
0.90714, 0.85655, 0.91964, 0.93353, 0.92639, 0.92333, 0.95556, 
0.96071, 0.01, 0.0091, 0.0103, 0.0118, 0.0105, 0.0117, 0.0116, 
0.0118, 0.012, 0.0136, 0.0124, 16.6, 11.4, 12.4, 10.9, 27.6, 
15.7, 16.6, 19.9, 19.8, 16.3, 18.7, 360, 3, 192, 74, 60, 81, 
1040, 131, 207, 128, 61, 372, 1428, 200, 1334, 147, 1145, 47, 
782, 900, 1203, 1156, 100, 100, 100, 100, 100, 100, 100, 100, 
100, 100, 100, 2500, 2500, 2500, 2500, 2500, 2500, 2500, 2500, 
2500, 2500, 2500, 6497.098, 6539.248, 6539.889, 6524.611, 6527.073, 
6602.56199999999, 6600.53599999999, 6541.10400000001, 6580.633, 
6562.705, 6609.83800000002, 6.02518, 13.36863, 13.60093, 14.74407, 
6.32191, 14.8568, 7.56304, 12.97649, 14.78438, 14.02047, 12.73215, 
-5.13933, -6.02053, -7.2486, -7.88319, -6.99334, -10.54115, -5.62713, 
-9.55638, -11.42522, -9.55511, -9.4792, 0, 0, 0, 0, 0, 0, 0, 
0, 0, 0, 0, 0, 0, 0, 0, 0, 0, 0, 0, 0, 0, 0, 0.95833, 0.94667, 
0.92381, 0.9381, 0.8994, 0.93036, 0.91171, 0.92889, 0.94556, 
0.94556, 0.96071, 0.95833, 0.89667, 0.89048, 0.90714, 0.85655, 
0.91964, 0.87381, 0.91528, 0.92333, 0.95556, 0.96071, 0.0098, 
0.0093, 0.0099, 0.0115, 0.0108, 0.0117, 0.0109, 0.0119, 0.0125, 
0.0132, 0.0119, 15.4, 10.6, 11.1, 11, 26.6, 15.6, 20, 19.3, 19.8, 
18.3, 21.3, 66, 138, 2042, 488, 599, 30, 1153, 29, 477, 311, 
35, 3, 80, 2, 3, 2, 17, 2, 8, 2, 17, 51, 100, 100, 100, 100, 
100, 100, 100, 100, 100, 100, 100, 2500, 2500, 2500, 2500, 2500, 
2500, 2500, 2500, 2500, 2500, 2500, 6497.314, 6539.118, 6569.044, 
6557.567, 6532.31600000001, 6526.442, 6549.726, 6525.69899999999, 
6549.37800000001, 6523.37100000001, 6549.56399999998, 1, 1, 1, 
1, 1, 1, 1, 1, 1, 1, 1, 0.16667, 0.16667, 0.16667, 0.16667, 0.16667, 
0.16667, 0.16667, 0.16667, 0.16667, 0.16667, 0.16667, 0, 0, 0, 
0, 0, 0, 0, 0, 0, 0, 0, 0, 0, 0, 0, 0, 0, 0, 0, 0, 0, 0, 0.77833, 
0.80333, 0.78714, 0.79429, 0.80119, 0.77143, 0.81052, 0.74361, 
0.73278, 0.72861, 0.76838, 0.78667, 0.78667, 0.77048, 0.80857, 
0.7744, 0.78571, 0.79802, 0.75861, 0.75389, 0.75972, 0.74929, 
0.0095, 0.0102, 0.0108, 0.0104, 0.0109, 0.0097, 0.0111, 0.0113, 
0.0114, 0.0105, 0.0112, 26.8, 26.6, 32.7, 34.1, 37, 39.1, 41.1, 
42.9, 44.8, 46.6, 48.6, 1, 1, 1, 1, 1, 1, 1, 1, 1, 1, 1, 1, 1, 
1, 1, 1, 1, 1, 1, 1, 1, 1, 1, 1, 1, 1, 1, 1, 1, 1, 1, 1, 1, 1, 
1, 1, 1, 1, 1, 1, 1, 1, 1, 1, 2.493, 2.641, 2.702, 2.699, 2.677, 
2.478, 2.636, 2.677, 2.726, 2.496, 2.507), .Dim = c(11L, 40L), .Dimnames = list(
    NULL, c("Sampling", "PSO.cost", "PSO.gamma", "PSO.data.balancing", 
    "PSO.feature.selection", "PSO.valid.acc", "PSO.test.acc", 
    "PSO.train.time", "PSO.n.support.vectors", "PSO.index", "PSO.n.solutions", 
    "PSO.generations", "PSO.n.evaluations", "PSO.cpu.time", "RS.cost", 
    "RS.gamma", "RS.data.balancing", "RS.feature.selection", 
    "RS.valid.acc", "RS.test.acc", "RS.train.time", "RS.n.support.vectors", 
    "RS.index", "RS.n.solutions", "RS.generations", "RS.n.evaluations", 
    "RS.cpu.time", "DF.cost", "DF.gamma", "DF.data.balancing", 
    "DF.feature.selection", "DF.valid.acc", "DF.test.acc", "DF.train.time", 
    "DF.n.support.vectors", "DF.index", "DF.n.solutions", "DF.generations", 
    "DF.n.evaluations", "DF.cpu.time")))
