full <-
structure(c(50, 55, 60, 65, 70, 75, 80, 85, 90, 95, 100, 4.82746, 
15, 11.08649, 10.08251, 14.5509, 14.48358, 15, 15, 15, 15, 14.77424, 
-3.93733, -10.5668, -8.58607, -6.89991, -12.05472, -9.5514, -11.27458, 
-10.1116, -11.26881, -10.56842, -11.94278, 0, 0, 0, 0, 0, 0, 
0, 0, 0, 0, 0, 0, 0, 0, 0, 0, 0, 0, 0, 0, 0, 0, 0.87333, 0.96333, 
0.95, 0.93333, 0.92857, 0.94643, 0.98889, 0.95417, 0.96667, 0.96889, 
0.96091, 0.83, 0.93, 0.89286, 0.91667, 0.92857, 0.90179, 0.97639, 
0.94167, 0.95667, 0.96889, 0.93182, 0.01, 0.0129, 0.0117, 0.0121, 
0.0125, 0.0128, 0.0142, 0.0145, 0.0137, 0.0147, 0.0129, 16.4, 
12.2, 14.8, 14.5, 17.9, 15.2, 18, 16.4, 18.9, 16.8, 22.9, 22, 
873, 982, 47, 115, 154, 85, 40, 78, 78, 1811, 448, 14, 58, 256, 
832, 618, 1219, 1419, 966, 1062, 3, 100, 100, 100, 100, 100, 
100, 100, 100, 100, 100, 100, 2500, 2500, 2500, 2500, 2500, 2500, 
2500, 2500, 2500, 2500, 2500, 6637.193, 9162.909, 9166.997, 8783.822, 
8700.28, 8640.13499999999, 8680.63699999999, 8714.94100000001, 
8552.234, 8594.46000000002, 8817.76800000001, 12.61776, 14.72023, 
11.5269, 13.55061, 11.63718, 14.01226, 14.43982, 14.91591, 14.97063, 
14.55467, 12.47387, -11.26277, -9.73458, -8.86962, -10.96738, 
-8.91185, -9.1401, -11.12591, -10.06217, -10.264, -10.13204, 
-10.0516, 0, 0, 0, 0, 0, 0, 0, 0, 0, 0, 0, 0, 0, 0, 0, 0, 0, 
0, 0, 0, 0, 0, 0.87333, 0.94667, 0.95, 0.93333, 0.92857, 0.94643, 
0.98889, 0.95417, 0.96667, 0.95778, 0.95091, 0.85333, 0.91, 0.90714, 
0.9, 0.92857, 0.8875, 0.97639, 0.94167, 0.95556, 0.96889, 0.93182, 
0.0107, 0.0127, 0.0123, 0.0125, 0.0124, 0.0121, 0.0135, 0.0165, 
0.015, 0.0141, 0.0131, 14.3, 11.4, 14.6, 15.4, 16.6, 15.5, 19.2, 
16.3, 16.5, 16.8, 24.1, 70, 321, 1442, 7, 19, 1451, 1097, 365, 
1652, 333, 150, 13, 1, 1, 19, 39, 2, 3, 8, 2, 16, 13, 100, 100, 
100, 100, 100, 100, 100, 100, 100, 100, 100, 2500, 2500, 2500, 
2500, 2500, 2500, 2500, 2500, 2500, 2500, 2500, 7515.693, 9202.161, 
9209.835, 8649.718, 8607.715, 8618.35000000001, 8692.94500000001, 
8724.107, 8451.223, 8823.89300000001, 8756.33499999999, 1, 1, 
1, 1, 1, 1, 1, 1, 1, 1, 1, 0.16667, 0.16667, 0.16667, 0.16667, 
0.16667, 0.16667, 0.16667, 0.16667, 0.16667, 0.16667, 0.16667, 
0, 0, 0, 0, 0, 0, 0, 0, 0, 0, 0, 0, 0, 0, 0, 0, 0, 0, 0, 0, 0, 
0, 0.72333, 0.72667, 0.72857, 0.77857, 0.73036, 0.76171, 0.71369, 
0.76667, 0.79056, 0.78889, 0.78919, 0.70667, 0.73, 0.72619, 0.79524, 
0.73036, 0.73313, 0.76091, 0.77917, 0.80167, 0.78778, 0.76919, 
0.012, 0.012, 0.0123, 0.0116, 0.0111, 0.0127, 0.012, 0.0124, 
0.0117, 0.0133, 0.0125, 26.3, 28.8, 31.8, 34.9, 37.5, 41.2, 42.6, 
42.8, 44.1, 45.6, 48.4, 1, 1, 1, 1, 1, 1, 1, 1, 1, 1, 1, 1, 1, 
1, 1, 1, 1, 1, 1, 1, 1, 1, 1, 1, 1, 1, 1, 1, 1, 1, 1, 1, 1, 1, 
1, 1, 1, 1, 1, 1, 1, 1, 1, 1, 3.681, 3.664, 3.692, 3.425, 3.307, 
3.578, 3.437, 3.419, 3.292, 3.628, 3.429), .Dim = c(11L, 40L), .Dimnames = list(
    NULL, c("Sampling", "PSO.cost", "PSO.gamma", "PSO.data.balancing", 
    "PSO.feature.selection", "PSO.valid.acc", "PSO.test.acc", 
    "PSO.train.time", "PSO.n.support.vectors", "PSO.index", "PSO.n.solutions", 
    "PSO.generations", "PSO.n.evaluations", "PSO.cpu.time", "RS.cost", 
    "RS.gamma", "RS.data.balancing", "RS.feature.selection", 
    "RS.valid.acc", "RS.test.acc", "RS.train.time", "RS.n.support.vectors", 
    "RS.index", "RS.n.solutions", "RS.generations", "RS.n.evaluations", 
    "RS.cpu.time", "DF.cost", "DF.gamma", "DF.data.balancing", 
    "DF.feature.selection", "DF.valid.acc", "DF.test.acc", "DF.train.time", 
    "DF.n.support.vectors", "DF.index", "DF.n.solutions", "DF.generations", 
    "DF.n.evaluations", "DF.cpu.time")))
