full <-
structure(c(50, 55, 60, 65, 70, 75, 80, 85, 90, 95, 100, 14.91906, 
14.92229, 10.99297, 14.69793, 14.45191, 15, 14.35766, 14.6771, 
14.55016, 15, 9.66338, -7.51807, -10.51395, -9.1965, -9.98269, 
-10.39315, -8.03747, -10.50503, -9.06112, -10.28963, -11.03795, 
-7.12616, 0, 0, 0, 0, 0, 0, 0, 0, 0, 0, 0, 0, 0, 0, 0, 0, 0, 
0, 0, 0, 0, 0, 0.895, 0.9181, 0.95476, 0.92381, 0.91786, 0.96071, 
0.9375, 0.94167, 0.955, 0.95889, 0.92535, 0.84167, 0.85905, 0.87048, 
0.9381, 0.84345, 0.85, 0.875, 0.91806, 0.94389, 0.94889, 0.87626, 
0.0109, 0.0107, 0.01, 0.0114, 0.0116, 0.0129, 0.0114, 0.0138, 
0.013, 0.0137, 0.0112, 10.3, 12.5, 17.5, 14.2, 16.5, 14.3, 18.2, 
15.7, 18.8, 19.7, 23.4, 246, 637, 179, 177, 124, 183, 1167, 82, 
76, 105, 232, 1118, 6, 139, 1163, 931, 767, 30, 369, 764, 1569, 
220, 100, 100, 100, 100, 100, 100, 100, 100, 100, 100, 100, 2500, 
2500, 2500, 2500, 2500, 2500, 2500, 2500, 2500, 2500, 2500, 6700.778, 
6518.727, 6550.813, 6540.844, 6612.08300000001, 6571.18599999999, 
6567.834, 6631.05899999999, 6685.60799999999, 6670.355, 6613.67800000001, 
14.75982, 13.85122, 11.88764, 14.94387, 14.13537, 14.5038, 14.85077, 
14.50826, 14.90675, 13.93303, 9.46923, -7.42321, -9.67366, -9.86802, 
-10.31442, -10.11492, -7.86558, -11.74708, -10.11369, -10.64585, 
-10.70188, -7.8895, 0, 0, 0, 0, 0, 0, 0, 0, 0, 0, 0, 0, 0, 0, 
0, 0, 0, 0, 0, 0, 0, 0, 0.87833, 0.90143, 0.95476, 0.92381, 0.91786, 
0.94821, 0.925, 0.94167, 0.955, 0.94778, 0.91535, 0.84167, 0.82476, 
0.88714, 0.9381, 0.85595, 0.85, 0.87639, 0.92917, 0.94389, 0.93778, 
0.88535, 0.01, 0.01, 0.0101, 0.0117, 0.0113, 0.0125, 0.0115, 
0.014, 0.012, 0.0124, 0.0109, 10.3, 13, 17, 14.6, 16.6, 14.5, 
20.2, 18.4, 18.6, 21.7, 26.2, 648, 193, 476, 248, 1184, 2095, 
2048, 623, 158, 105, 628, 3, 8, 3, 6, 1, 3, 1, 4, 10, 9, 9, 100, 
100, 100, 100, 100, 100, 100, 100, 100, 100, 100, 2500, 2500, 
2500, 2500, 2500, 2500, 2500, 2500, 2500, 2500, 2500, 6574.755, 
6450.375, 6523.731, 6557.517, 6478.597, 6511.07399999999, 6536.213, 
6617.27499999999, 6552.20299999999, 6567.15800000001, 6589.14600000001, 
1, 1, 1, 1, 1, 1, 1, 1, 1, 1, 1, 0.16667, 0.16667, 0.16667, 0.16667, 
0.16667, 0.16667, 0.16667, 0.16667, 0.16667, 0.16667, 0.16667, 
0, 0, 0, 0, 0, 0, 0, 0, 0, 0, 0, 0, 0, 0, 0, 0, 0, 0, 0, 0, 0, 
0, 0.74333, 0.75143, 0.75429, 0.75857, 0.74524, 0.73214, 0.7256, 
0.69444, 0.73528, 0.71861, 0.76121, 0.74333, 0.75143, 0.75429, 
0.75857, 0.74524, 0.73214, 0.7256, 0.70694, 0.73639, 0.75083, 
0.80121, 0.0093, 0.0104, 0.0101, 0.0101, 0.0107, 0.0105, 0.0112, 
0.0113, 0.0121, 0.0107, 0.0107, 26.8, 27.6, 29.7, 32, 34.5, 37.6, 
39, 43.6, 45.6, 46.1, 47.8, 1, 1, 1, 1, 1, 1, 1, 1, 1, 1, 1, 
1, 1, 1, 1, 1, 1, 1, 1, 1, 1, 1, 1, 1, 1, 1, 1, 1, 1, 1, 1, 1, 
1, 1, 1, 1, 1, 1, 1, 1, 1, 1, 1, 1, 2.532, 2.723, 2.539, 2.556, 
2.73, 2.554, 2.78, 2.741, 2.725, 2.521, 2.503), .Dim = c(11L, 
40L), .Dimnames = list(NULL, c("Sampling", "PSO.cost", "PSO.gamma", 
"PSO.data.balancing", "PSO.feature.selection", "PSO.valid.acc", 
"PSO.test.acc", "PSO.train.time", "PSO.n.support.vectors", "PSO.index", 
"PSO.n.solutions", "PSO.generations", "PSO.n.evaluations", "PSO.cpu.time", 
"RS.cost", "RS.gamma", "RS.data.balancing", "RS.feature.selection", 
"RS.valid.acc", "RS.test.acc", "RS.train.time", "RS.n.support.vectors", 
"RS.index", "RS.n.solutions", "RS.generations", "RS.n.evaluations", 
"RS.cpu.time", "DF.cost", "DF.gamma", "DF.data.balancing", "DF.feature.selection", 
"DF.valid.acc", "DF.test.acc", "DF.train.time", "DF.n.support.vectors", 
"DF.index", "DF.n.solutions", "DF.generations", "DF.n.evaluations", 
"DF.cpu.time")))
