full <-
structure(c(50, 55, 60, 65, 70, 75, 80, 85, 90, 95, 100, 13.08092, 
13.63661, 15, 10.04109, 15, 14.76204, 13.85812, 12.51023, 15, 
14.64694, 15, -10.23487, -9.55499, -11.79966, -7.84662, -8.38202, 
-11.06551, -10.31849, -8.17762, -11.27768, -9.35051, -11.32544, 
0, 0, 0, 0, 0, 0, 0, 0, 0, 0, 0, 0, 0, 0, 0, 0, 0, 0, 0, 0, 0, 
0, 0.90167, 0.96, 0.98, 0.96905, 0.97321, 0.96071, 0.96071, 0.95278, 
0.9675, 0.94889, 0.9598, 0.91833, 0.96, 0.96, 0.96905, 0.90476, 
0.96071, 0.9371, 0.89583, 0.945, 0.93889, 0.9598, 0.0102, 0.011, 
0.0112, 0.0103, 0.0112, 0.0122, 0.0122, 0.0118, 0.0126, 0.0126, 
0.0126, 9.6, 9.7, 9.9, 14.8, 10.3, 14.2, 16.1, 15.3, 17.6, 15.1, 
20.1, 29, 69, 112, 40, 94, 83, 23, 31, 157, 40, 296, 1764, 1005, 
642, 1147, 1006, 633, 832, 850, 906, 779, 11, 100, 100, 100, 
100, 100, 100, 100, 100, 100, 100, 100, 2500, 2500, 2500, 2500, 
2500, 2500, 2500, 2500, 2500, 2500, 2500, 6909.407, 6948.521, 
6919.249, 6840.348, 6868.056, 6843.86199999999, 6838.22499999999, 
6894.462, 6968.465, 7016.174, 6741.29300000001, 11.67668, 12.07606, 
12.95905, 14.65191, 12.43668, 14.45248, 13.40141, 12.71582, 14.93025, 
14.76665, 14.62157, -10.63288, -9.52688, -9.67828, -10.17941, 
-9.3938, -10.82999, -10.05252, -8.10343, -11.31137, -9.34134, 
-11.40222, 0, 0, 0, 0, 0, 0, 0, 0, 0, 0, 0, 0, 0, 0, 0, 0, 0, 
0, 0, 0, 0, 0, 0.90167, 0.96, 0.98, 0.96905, 0.97083, 0.96071, 
0.96071, 0.95278, 0.9675, 0.94889, 0.95071, 0.865, 0.96, 0.96, 
0.96905, 0.95833, 0.96071, 0.9371, 0.88333, 0.945, 0.93889, 0.95071, 
0.0106, 0.0103, 0.0104, 0.0111, 0.0109, 0.0119, 0.0124, 0.0126, 
0.0119, 0.0127, 0.0126, 13.8, 11.7, 10.7, 10.1, 13.6, 13.9, 16.8, 
14.7, 18, 14.8, 21.4, 21, 36, 413, 45, 53, 1933, 220, 428, 1564, 
139, 870, 84, 49, 8, 104, 40, 1, 14, 13, 4, 14, 4, 100, 100, 
100, 100, 100, 100, 100, 100, 100, 100, 100, 2500, 2500, 2500, 
2500, 2500, 2500, 2500, 2500, 2500, 2500, 2500, 6914.664, 6939.537, 
6844.439, 6849.466, 6852.465, 6820.30799999999, 6870.262, 6897.406, 
6963.50599999999, 6950.425, 6715.82999999999, 1, 1, 1, 1, 1, 
1, 1, 1, 1, 1, 1, 0.16667, 0.16667, 0.16667, 0.16667, 0.16667, 
0.16667, 0.16667, 0.16667, 0.16667, 0.16667, 0.16667, 0, 0, 0, 
0, 0, 0, 0, 0, 0, 0, 0, 0, 0, 0, 0, 0, 0, 0, 0, 0, 0, 0, 0.8, 
0.80333, 0.79286, 0.81905, 0.78631, 0.81071, 0.80099, 0.79111, 
0.7525, 0.79222, 0.8003, 0.82, 0.79, 0.75619, 0.81905, 0.80536, 
0.79643, 0.76171, 0.78861, 0.7825, 0.82333, 0.75121, 0.0098, 
0.0105, 0.01, 0.0103, 0.0103, 0.0108, 0.0112, 0.0112, 0.0108, 
0.011, 0.0119, 23.3, 28.1, 28.7, 30.2, 32, 34.9, 38.3, 41.2, 
43.7, 44.9, 48, 1, 1, 1, 1, 1, 1, 1, 1, 1, 1, 1, 1, 1, 1, 1, 
1, 1, 1, 1, 1, 1, 1, 1, 1, 1, 1, 1, 1, 1, 1, 1, 1, 1, 1, 1, 1, 
1, 1, 1, 1, 1, 1, 1, 1, 2.749, 2.802, 2.719, 2.742, 2.713, 2.734, 
2.721, 2.767, 2.822, 2.788, 2.67), .Dim = c(11L, 40L), .Dimnames = list(
    NULL, c("Sampling", "PSO.cost", "PSO.gamma", "PSO.data.balancing", 
    "PSO.feature.selection", "PSO.valid.acc", "PSO.test.acc", 
    "PSO.train.time", "PSO.n.support.vectors", "PSO.index", "PSO.n.solutions", 
    "PSO.generations", "PSO.n.evaluations", "PSO.cpu.time", "RS.cost", 
    "RS.gamma", "RS.data.balancing", "RS.feature.selection", 
    "RS.valid.acc", "RS.test.acc", "RS.train.time", "RS.n.support.vectors", 
    "RS.index", "RS.n.solutions", "RS.generations", "RS.n.evaluations", 
    "RS.cpu.time", "DF.cost", "DF.gamma", "DF.data.balancing", 
    "DF.feature.selection", "DF.valid.acc", "DF.test.acc", "DF.train.time", 
    "DF.n.support.vectors", "DF.index", "DF.n.solutions", "DF.generations", 
    "DF.n.evaluations", "DF.cpu.time")))
