full <-
structure(c(50, 55, 60, 65, 70, 75, 80, 85, 90, 95, 100, 15, 
14.1094, 10.42965, 12.7708, 10.4886, 9.26494, 10.24811, 12.71021, 
11.72086, 15, 14.63927, -9.0726, -10.47657, -8.37987, -9.52934, 
-9.14349, -8.64799, -9.89917, -10.37352, -8.85089, -10.2558, 
-11.07335, 0, 0, 0, 0, 0, 0, 0, 0, 0, 0, 0, 0, 0, 0, 0, 0, 0, 
0, 0, 0, 0, 0, 0.98, 1, 0.93238, 0.95714, 0.95893, 0.95893, 0.95, 
0.95278, 0.95556, 0.96778, 0.96, 0.89833, 0.98, 0.93238, 0.92619, 
0.92798, 0.95893, 0.9375, 0.94167, 0.94444, 0.96778, 0.95, 0.0106, 
0.0113, 0.0107, 0.0112, 0.0111, 0.0108, 0.0112, 0.0111, 0.0124, 
0.0123, 0.0123, 9, 8.7, 11.8, 10.6, 14.5, 18.7, 22, 18.1, 17.7, 
15, 20.9, 64, 88, 18, 96, 86, 14, 45, 31, 29, 77, 19, 1705, 73, 
1206, 145, 247, 218, 1522, 1320, 403, 900, 1231, 100, 100, 100, 
100, 100, 100, 100, 100, 100, 100, 100, 2500, 2500, 2500, 2500, 
2500, 2500, 2500, 2500, 2500, 2500, 2500, 8850.351, 8816.88, 
8711.803, 8529.165, 8447.912, 8338.12000000001, 8380.086, 8405.11199999999, 
8462.106, 8239.72700000001, 8313.40700000001, 14.20205, 14.6989, 
11.81116, 10.56706, 10.4715, 8.29541, 9.95818, 11.68497, 10.69685, 
14.96042, 14.66676, -8.13195, -5.92638, -10.31458, -7.3753, -9.26076, 
-7.79763, -9.8067, -9.23954, -8.31682, -10.18161, -11.21684, 
0, 0, 0, 0, 0, 0, 0, 0, 0, 0, 0, 0, 0, 0, 0, 0, 0, 0, 0, 0, 0, 
0, 0.98, 0.98333, 0.93238, 0.95714, 0.97321, 0.95893, 0.95, 0.95278, 
0.95556, 0.96778, 0.96, 0.89833, 0.98, 0.91571, 0.92619, 0.94464, 
0.95893, 0.9375, 0.94167, 0.93333, 0.96778, 0.96, 0.0128, 0.0107, 
0.0109, 0.0111, 0.0111, 0.0112, 0.0118, 0.012, 0.012, 0.0136, 
0.0137, 9.3, 10.3, 12.9, 10.6, 15, 19.5, 22.9, 17.8, 18.8, 15, 
21.5, 56, 21, 36, 64, 1109, 235, 157, 26, 19, 2136, 104, 126, 
153, 89, 13, 1, 13, 21, 49, 25, 2, 9, 100, 100, 100, 100, 100, 
100, 100, 100, 100, 100, 100, 2500, 2500, 2500, 2500, 2500, 2500, 
2500, 2500, 2500, 2500, 2500, 8827.343, 8842.597, 8514.738, 8494.56999999999, 
8395.96100000001, 8309.52899999999, 8343.92599999999, 8464.02099999999, 
8258.024, 8231.28200000001, 8400.58499999999, 1, 1, 1, 1, 1, 
1, 1, 1, 1, 1, 1, 0.16667, 0.16667, 0.16667, 0.16667, 0.16667, 
0.16667, 0.16667, 0.16667, 0.16667, 0.16667, 0.16667, 0, 0, 0, 
0, 0, 0, 0, 0, 0, 0, 0, 0, 0, 0, 0, 0, 0, 0, 0, 0, 0, 0, 0.75833, 
0.75, 0.75286, 0.81905, 0.75774, 0.76964, 0.725, 0.74361, 0.77833, 
0.76889, 0.76051, 0.76333, 0.74667, 0.75286, 0.80476, 0.74345, 
0.76964, 0.7625, 0.76583, 0.78944, 0.77889, 0.7496, 0.0109, 0.011, 
0.0109, 0.0111, 0.0105, 0.0111, 0.0112, 0.0115, 0.012, 0.0108, 
0.0117, 24.2, 25.6, 27.9, 28.9, 31.9, 35.6, 36.8, 40, 42.3, 44.8, 
48.1, 1, 1, 1, 1, 1, 1, 1, 1, 1, 1, 1, 1, 1, 1, 1, 1, 1, 1, 1, 
1, 1, 1, 1, 1, 1, 1, 1, 1, 1, 1, 1, 1, 1, 1, 1, 1, 1, 1, 1, 1, 
1, 1, 1, 1, 3.524, 3.539, 3.438, 3.386, 3.242, 3.436, 3.375, 
3.371, 3.435, 3.105, 3.3), .Dim = c(11L, 40L), .Dimnames = list(
    NULL, c("Sampling", "PSO.cost", "PSO.gamma", "PSO.data.balancing", 
    "PSO.feature.selection", "PSO.valid.acc", "PSO.test.acc", 
    "PSO.train.time", "PSO.n.support.vectors", "PSO.index", "PSO.n.solutions", 
    "PSO.generations", "PSO.n.evaluations", "PSO.cpu.time", "RS.cost", 
    "RS.gamma", "RS.data.balancing", "RS.feature.selection", 
    "RS.valid.acc", "RS.test.acc", "RS.train.time", "RS.n.support.vectors", 
    "RS.index", "RS.n.solutions", "RS.generations", "RS.n.evaluations", 
    "RS.cpu.time", "DF.cost", "DF.gamma", "DF.data.balancing", 
    "DF.feature.selection", "DF.valid.acc", "DF.test.acc", "DF.train.time", 
    "DF.n.support.vectors", "DF.index", "DF.n.solutions", "DF.generations", 
    "DF.n.evaluations", "DF.cpu.time")))
