full <-
structure(c(50, 55, 60, 65, 70, 75, 80, 85, 90, 95, 100, 10.80521, 
15, 11.03901, 14.83022, 15, 12.8648, 10.43029, 11.27658, 12.75121, 
15, 14.84068, -7.84397, -10.17465, -8.32475, -11.06699, -15, 
-9.56078, -7.65379, -7.70229, -12.64813, -10.69881, -10.30178, 
0, 0, 0, 0, 0, 0, 0, 0, 0, 0, 0, 0, 0, 0, 0, 0, 0, 0, 0, 0, 0, 
0, 0.88167, 0.89333, 0.93238, 0.94048, 0.91429, 0.96071, 0.9375, 
0.92917, 0.94556, 0.94778, 0.96182, 0.86167, 0.84, 0.87571, 0.94286, 
0.87143, 0.93214, 0.8875, 0.91806, 0.91222, 0.92778, 0.96182, 
0.0121, 0.0114, 0.0109, 0.0117, 0.011, 0.0116, 0.0111, 0.0111, 
0.0122, 0.0136, 0.0129, 12.4, 12.4, 16, 15.3, 24.3, 18.4, 19.5, 
18.4, 29.1, 18.6, 18, 300, 269, 507, 15, 78, 643, 530, 86, 252, 
181, 128, 156, 158, 70, 979, 1344, 107, 49, 616, 88, 674, 1112, 
100, 100, 100, 100, 100, 100, 100, 100, 100, 100, 100, 2500, 
2500, 2500, 2500, 2500, 2500, 2500, 2500, 2500, 2500, 2500, 7183.923, 
7160.247, 7326.654, 7294.494, 7243.202, 6992.863, 7094.43000000001, 
7250.488, 7331.15300000001, 7131.643, 6807.05299999999, 13.01604, 
14.47109, 11.80198, 14.25182, 7.90772, 12.26406, 11.18002, 13.14202, 
13.96244, 14.07908, 14.97483, -8.92907, -9.93419, -8.61456, -10.74946, 
-6.79893, -9.26965, -8.61907, -8.74864, -9.39144, -9.63745, -10.35188, 
0, 0, 0, 0, 0, 0, 0, 0, 0, 0, 0, 0, 0, 0, 0, 0, 0, 0, 0, 0, 0, 
0, 0.86167, 0.89333, 0.91571, 0.94048, 0.92857, 0.94821, 0.925, 
0.92917, 0.94556, 0.93778, 0.96182, 0.84167, 0.84, 0.89238, 0.94286, 
0.9, 0.91786, 0.8875, 0.91806, 0.92333, 0.94778, 0.96182, 0.0111, 
0.0106, 0.0115, 0.0122, 0.0121, 0.0118, 0.0115, 0.0127, 0.0122, 
0.0131, 0.015, 11.4, 13, 15.8, 15.4, 21, 18.6, 19.6, 16.9, 17.2, 
18.6, 17.9, 516, 74, 173, 134, 1192, 1940, 347, 43, 2077, 1669, 
1446, 3, 5, 16, 21, 1, 1, 8, 5, 1, 3, 1, 100, 100, 100, 100, 
100, 100, 100, 100, 100, 100, 100, 2500, 2500, 2500, 2500, 2500, 
2500, 2500, 2500, 2500, 2500, 2500, 7250.057, 6910.311, 7295.805, 
7129.20400000001, 7220.62100000001, 7204.908, 7282.40700000001, 
7235.30399999999, 6979.24699999999, 7094.05300000001, 6961.80200000003, 
1, 1, 1, 1, 1, 1, 1, 1, 1, 1, 1, 0.16667, 0.16667, 0.16667, 0.16667, 
0.16667, 0.16667, 0.16667, 0.16667, 0.16667, 0.16667, 0.16667, 
0, 0, 0, 0, 0, 0, 0, 0, 0, 0, 0, 0, 0, 0, 0, 0, 0, 0, 0, 0, 0, 
0, 0.72333, 0.71, 0.7019, 0.75619, 0.7, 0.73393, 0.7875, 0.75278, 
0.76528, 0.77306, 0.74939, 0.74333, 0.75333, 0.7019, 0.71952, 
0.7, 0.73393, 0.7375, 0.775, 0.78889, 0.74944, 0.77253, 0.0108, 
0.0101, 0.0111, 0.0106, 0.0109, 0.0116, 0.011, 0.0112, 0.013, 
0.0133, 0.0119, 23.2, 28.3, 29.4, 32.9, 36.2, 37.4, 37.3, 40.1, 
42.5, 47.1, 47.7, 1, 1, 1, 1, 1, 1, 1, 1, 1, 1, 1, 1, 1, 1, 1, 
1, 1, 1, 1, 1, 1, 1, 1, 1, 1, 1, 1, 1, 1, 1, 1, 1, 1, 1, 1, 1, 
1, 1, 1, 1, 1, 1, 1, 1, 2.899, 2.796, 2.906, 2.668, 2.91, 2.875, 
2.819, 2.926, 2.869, 2.772, 2.77), .Dim = c(11L, 40L), .Dimnames = list(
    NULL, c("Sampling", "PSO.cost", "PSO.gamma", "PSO.data.balancing", 
    "PSO.feature.selection", "PSO.valid.acc", "PSO.test.acc", 
    "PSO.train.time", "PSO.n.support.vectors", "PSO.index", "PSO.n.solutions", 
    "PSO.generations", "PSO.n.evaluations", "PSO.cpu.time", "RS.cost", 
    "RS.gamma", "RS.data.balancing", "RS.feature.selection", 
    "RS.valid.acc", "RS.test.acc", "RS.train.time", "RS.n.support.vectors", 
    "RS.index", "RS.n.solutions", "RS.generations", "RS.n.evaluations", 
    "RS.cpu.time", "DF.cost", "DF.gamma", "DF.data.balancing", 
    "DF.feature.selection", "DF.valid.acc", "DF.test.acc", "DF.train.time", 
    "DF.n.support.vectors", "DF.index", "DF.n.solutions", "DF.generations", 
    "DF.n.evaluations", "DF.cpu.time")))
