full <-
structure(c(50, 55, 60, 65, 70, 75, 80, 85, 90, 95, 100, 15, 
14.69226, 15, 14.5073, 13.17186, 14.51106, 15, 15, 14.32834, 
13.88012, 13.49099, -9.44054, -7.48982, -8.10465, -8.59902, -8.92715, 
-10.41139, -9.83885, -10.53703, -8.91581, -11.373, -9.90986, 
0, 0, 0, 0, 0, 0, 0, 0, 0, 0, 0, 0, 0, 0, 0, 0, 0, 0, 0, 0, 0, 
0, 0.88667, 0.89667, 0.92381, 0.9381, 0.91905, 0.9375, 0.94821, 
0.94167, 0.96778, 0.94646, 0.9596, 0.82167, 0.88, 0.88714, 0.90952, 
0.92143, 0.9125, 0.94821, 0.89444, 0.94556, 0.91424, 0.95758, 
0.0109, 0.011, 0.012, 0.012, 0.0114, 0.0114, 0.0133, 0.0123, 
0.0129, 0.0126, 0.013, 10.2, 8.8, 9.7, 11.4, 13.6, 14.4, 13.8, 
14.6, 13.7, 22, 20.4, 79, 784, 73, 422, 192, 80, 59, 269, 368, 
98, 128, 309, 125, 1530, 185, 892, 1086, 1072, 538, 211, 474, 
1133, 100, 100, 100, 100, 100, 100, 100, 100, 100, 100, 100, 
2500, 2500, 2500, 2500, 2500, 2500, 2500, 2500, 2500, 2500, 2500, 
7132.394, 7132.907, 7225.856, 7241.206, 7090.376, 7227.433, 7258.008, 
7193.78600000001, 7309.689, 7155.14499999999, 6874.87, 14.42195, 
13.14269, 14.73099, 14.74266, 13.15388, 14.25173, 14.18313, 12.60614, 
13.50888, 14.79921, 13.8255, -9.79226, -8.19247, -7.56375, -11.15743, 
-9.39198, -10.58473, -9.19173, -8.05157, -8.8299, -12.32856, 
-10.01882, 0, 0, 0, 0, 0, 0, 0, 0, 0, 0, 0, 0, 0, 0, 0, 0, 0, 
0, 0, 0, 0, 0, 0.88667, 0.89667, 0.92381, 0.92619, 0.91905, 0.9375, 
0.94821, 0.93889, 0.95667, 0.94646, 0.9596, 0.86167, 0.86, 0.90714, 
0.92619, 0.90476, 0.89821, 0.93571, 0.92778, 0.93444, 0.91424, 
0.95758, 0.011, 0.0121, 0.0118, 0.0117, 0.0112, 0.0116, 0.0131, 
0.0125, 0.0139, 0.0143, 0.0137, 11.4, 12.1, 9.1, 14.6, 14.6, 
14.4, 13.9, 14.8, 15.1, 22.2, 20, 726, 1137, 610, 376, 592, 895, 
136, 1452, 123, 1308, 416, 2, 1, 1, 1, 4, 6, 9, 2, 14, 2, 16, 
100, 100, 100, 100, 100, 100, 100, 100, 100, 100, 100, 2500, 
2500, 2500, 2500, 2500, 2500, 2500, 2500, 2500, 2500, 2500, 7204.534, 
7203.937, 7235.465, 7194.414, 7160.93599999999, 7120.86599999999, 
7289.22200000001, 7319.23699999999, 6991.099, 6960.31099999999, 
6932.622, 1, 1, 1, 1, 1, 1, 1, 1, 1, 1, 1, 0.16667, 0.16667, 
0.16667, 0.16667, 0.16667, 0.16667, 0.16667, 0.16667, 0.16667, 
0.16667, 0.16667, 0, 0, 0, 0, 0, 0, 0, 0, 0, 0, 0, 0, 0, 0, 0, 
0, 0, 0, 0, 0, 0, 0, 0.76167, 0.74667, 0.76952, 0.75714, 0.80119, 
0.81964, 0.77599, 0.7625, 0.745, 0.7599, 0.79283, 0.76167, 0.76667, 
0.78619, 0.75714, 0.78869, 0.81964, 0.76349, 0.78472, 0.78722, 
0.77101, 0.78192, 0.0109, 0.0111, 0.0113, 0.0105, 0.0112, 0.011, 
0.0101, 0.0117, 0.0116, 0.0128, 0.0119, 23, 25.9, 26.4, 29, 30.4, 
30.3, 34.6, 37.3, 39.4, 42.8, 48.1, 1, 1, 1, 1, 1, 1, 1, 1, 1, 
1, 1, 1, 1, 1, 1, 1, 1, 1, 1, 1, 1, 1, 1, 1, 1, 1, 1, 1, 1, 1, 
1, 1, 1, 1, 1, 1, 1, 1, 1, 1, 1, 1, 1, 1, 2.891, 2.916, 2.899, 
2.888, 2.876, 2.846, 2.695, 2.94, 2.906, 2.824, 2.816), .Dim = c(11L, 
40L), .Dimnames = list(NULL, c("Sampling", "PSO.cost", "PSO.gamma", 
"PSO.data.balancing", "PSO.feature.selection", "PSO.valid.acc", 
"PSO.test.acc", "PSO.train.time", "PSO.n.support.vectors", "PSO.index", 
"PSO.n.solutions", "PSO.generations", "PSO.n.evaluations", "PSO.cpu.time", 
"RS.cost", "RS.gamma", "RS.data.balancing", "RS.feature.selection", 
"RS.valid.acc", "RS.test.acc", "RS.train.time", "RS.n.support.vectors", 
"RS.index", "RS.n.solutions", "RS.generations", "RS.n.evaluations", 
"RS.cpu.time", "DF.cost", "DF.gamma", "DF.data.balancing", "DF.feature.selection", 
"DF.valid.acc", "DF.test.acc", "DF.train.time", "DF.n.support.vectors", 
"DF.index", "DF.n.solutions", "DF.generations", "DF.n.evaluations", 
"DF.cpu.time")))
