full <-
structure(c(50, 55, 60, 65, 70, 75, 80, 85, 90, 95, 100, 15, 
9.26409, 15, 13.08856, 15, 15, 13.19098, 15, 13.36003, 15, 15, 
-11.82717, -5.70653, -9.4006, -10.58167, -10.65528, -11.12795, 
-9.92922, -11.31387, -8.40633, -10.70962, -11.1901, 0, 0, 0, 
0, 0, 0, 0, 0, 0, 0, 0, 0, 0, 0, 0, 0, 0, 0, 0, 0, 0, 0, 0.865, 
0.87667, 0.9181, 0.90238, 0.92857, 0.92143, 0.925, 0.95139, 0.92139, 
0.95778, 0.9498, 0.835, 0.82, 0.88714, 0.86905, 0.9, 0.92143, 
0.9125, 0.92917, 0.92889, 0.94778, 0.9498, 0.0094, 0.0095, 0.0106, 
0.0101, 0.0112, 0.011, 0.0111, 0.0121, 0.0127, 0.0129, 0.012, 
12.9, 12.3, 12, 16, 14, 16.7, 19.2, 19.8, 17.2, 18.1, 19.7, 515, 
453, 118, 29, 95, 57, 126, 93, 66, 104, 68, 45, 61, 1275, 930, 
1314, 1132, 523, 1525, 925, 797, 735, 100, 100, 100, 100, 100, 
100, 100, 100, 100, 100, 100, 2500, 2500, 2500, 2500, 2500, 2500, 
2500, 2500, 2500, 2500, 2500, 6545.158, 6583.885, 6618.051, 6565.482, 
6566.876, 6628.211, 6626.874, 6642.861, 6670.36300000001, 6674.62199999999, 
6686.92799999999, 14.65805, 14.30875, 13.1978, 14.67352, 14.8014, 
14.26461, 14.3786, 14.77824, 12.05136, 14.93406, 13.71431, -10.66593, 
-12.70415, -10.02886, -12.33602, -9.9806, -10.67005, -9.49191, 
-11.42875, -8.17351, -10.66914, -9.84891, 0, 0, 0, 0, 0, 0, 0, 
0, 0, 0, 0, 0, 0, 0, 0, 0, 0, 0, 0, 0, 0, 0, 0.85, 0.87333, 0.90381, 
0.90238, 0.92857, 0.92143, 0.925, 0.95139, 0.92389, 0.95778, 
0.9498, 0.875, 0.87, 0.90143, 0.86905, 0.88571, 0.92143, 0.925, 
0.91806, 0.89889, 0.94778, 0.9398, 0.0095, 0.01, 0.0098, 0.0104, 
0.0101, 0.0107, 0.0115, 0.0114, 0.0119, 0.0127, 0.0128, 12.5, 
14.9, 13.4, 16, 12.9, 17.3, 15.9, 20, 19.3, 18.1, 19.8, 520, 
11, 30, 853, 408, 1418, 931, 273, 2086, 531, 299, 4, 34, 7, 7, 
5, 4, 3, 7, 1, 1, 7, 100, 100, 100, 100, 100, 100, 100, 100, 
100, 100, 100, 2500, 2500, 2500, 2500, 2500, 2500, 2500, 2500, 
2500, 2500, 2500, 6575.51, 6596.627, 6583.286, 6567.847, 6572.332, 
6616.43000000001, 6616.60399999999, 6655.455, 6646.12400000001, 
6671.04199999999, 6626.712, 1, 1, 1, 1, 1, 1, 1, 1, 1, 1, 1, 
0.16667, 0.16667, 0.16667, 0.16667, 0.16667, 0.16667, 0.16667, 
0.16667, 0.16667, 0.16667, 0.16667, 0, 0, 0, 0, 0, 0, 0, 0, 0, 
0, 0, 0, 0, 0, 0, 0, 0, 0, 0, 0, 0, 0, 0.79167, 0.81667, 0.76524, 
0.75, 0.71429, 0.74464, 0.75, 0.77639, 0.79306, 0.78111, 0.73919, 
0.76833, 0.82, 0.71667, 0.77857, 0.74286, 0.73571, 0.75, 0.77361, 
0.79167, 0.80333, 0.77141, 0.0095, 0.0098, 0.0101, 0.0099, 0.0108, 
0.0107, 0.0108, 0.0107, 0.0112, 0.0119, 0.0118, 25.3, 26.6, 30.6, 
34, 36.1, 37.2, 37.9, 39.6, 42.6, 45.1, 48.1, 1, 1, 1, 1, 1, 
1, 1, 1, 1, 1, 1, 1, 1, 1, 1, 1, 1, 1, 1, 1, 1, 1, 1, 1, 1, 1, 
1, 1, 1, 1, 1, 1, 1, 1, 1, 1, 1, 1, 1, 1, 1, 1, 1, 1, 2.627, 
2.63, 2.645, 2.628, 2.624, 2.661, 2.638, 2.666, 2.653, 2.657, 
2.665), .Dim = c(11L, 40L), .Dimnames = list(NULL, c("Sampling", 
"PSO.cost", "PSO.gamma", "PSO.data.balancing", "PSO.feature.selection", 
"PSO.valid.acc", "PSO.test.acc", "PSO.train.time", "PSO.n.support.vectors", 
"PSO.index", "PSO.n.solutions", "PSO.generations", "PSO.n.evaluations", 
"PSO.cpu.time", "RS.cost", "RS.gamma", "RS.data.balancing", "RS.feature.selection", 
"RS.valid.acc", "RS.test.acc", "RS.train.time", "RS.n.support.vectors", 
"RS.index", "RS.n.solutions", "RS.generations", "RS.n.evaluations", 
"RS.cpu.time", "DF.cost", "DF.gamma", "DF.data.balancing", "DF.feature.selection", 
"DF.valid.acc", "DF.test.acc", "DF.train.time", "DF.n.support.vectors", 
"DF.index", "DF.n.solutions", "DF.generations", "DF.n.evaluations", 
"DF.cpu.time")))
