full <-
structure(c(50, 55, 60, 65, 70, 75, 80, 85, 90, 95, 100, 4.94269, 
0.49672, 5.20618, 13.81016, 4.06698, 10.82064, 9.77256, 14.75233, 
7.29904, 7.78122, 3.32042, -6.45825, -4.56709, -5.64235, -13.58881, 
-7.12682, -11.23455, -13.09206, -14.8787, -11.7591, -11.29668, 
-8.07082, 0, 0, 0, 0, 0, 0, 0, 0, 0, 0, 0, 0, 0, 0, 0, 0, 0, 
0, 0, 0, 0, 0, 0.97574, 0.98094, 0.98226, 0.97838, 0.97744, 0.97885, 
0.97787, 0.97704, 0.97846, 0.98117, 0.98415, 0.96515, 0.97761, 
0.96755, 0.97297, 0.96731, 0.96467, 0.97348, 0.9687, 0.97642, 
0.97746, 0.97891, 0.031, 0.0382, 0.034, 0.0336, 0.0341, 0.0374, 
0.0395, 0.0414, 0.046, 0.0447, 0.052, 28.1, 71.7, 37, 22.6, 35.8, 
27.4, 38.9, 29, 49.9, 44.8, 61.3, 169, 230, 630, 91, 85, 913, 
9, 398, 595, 155, 914, 174, 60, 453, 414, 305, 20, 381, 958, 
75, 276, 35, 100, 100, 100, 100, 100, 100, 100, 100, 100, 100, 
100, 2500, 2500, 2500, 2500, 2500, 2500, 2500, 2500, 2500, 2500, 
2500, 7636.295, 7288.954, 7568.036, 7094.971, 6946.88, 7441.265, 
7447.85000000001, 7574.686, 7649.78999999999, 7388.92099999997, 
8026.41699999999, 2.12056, 0.44945, 5.27589, 12.7652, 3.56064, 
10.55994, 10.09362, 2.14703, 11.4397, 1.66715, 5.17265, -4.64019, 
-4.51189, -5.37754, -12.60733, -6.5373, -11.01765, -13.16024, 
-6.74748, -14.22779, -4.58061, -8.93666, 0, 0, 0, 0, 0, 0, 0, 
0, 0, 0, 0, 0, 0, 0, 0, 0, 0, 0, 0, 0, 0, 0, 0.97574, 0.98094, 
0.97932, 0.97838, 0.97744, 0.97885, 0.97787, 0.97712, 0.98031, 
0.98124, 0.98239, 0.97217, 0.97761, 0.97352, 0.97568, 0.96987, 
0.96235, 0.97126, 0.9667, 0.97054, 0.97753, 0.97891, 0.034, 0.0373, 
0.0342, 0.033, 0.0373, 0.0356, 0.0408, 0.045, 0.0429, 0.0603, 
0.0496, 56.6, 73.8, 41.2, 22.7, 38.4, 27.9, 37.6, 57.8, 38.7, 
96.1, 50.1, 471, 965, 402, 1528, 1052, 580, 207, 1606, 2247, 
931, 264, 7, 1, 5, 2, 4, 1, 37, 1, 1, 2, 5, 100, 100, 100, 100, 
100, 100, 100, 100, 100, 100, 100, 2500, 2500, 2500, 2500, 2500, 
2500, 2500, 2500, 2500, 2500, 2500, 7635.948, 7789.239, 7567.042, 
7691.322, 7963.43700000001, 7830.931, 8455.93400000001, 8701.208, 
8204.76199999999, 8779.111, 9071.109, 1, 1, 1, 1, 1, 1, 1, 1, 
1, 1, 1, 0.03333, 0.03333, 0.03333, 0.03333, 0.03333, 0.03333, 
0.03333, 0.03333, 0.03333, 0.03333, 0.03333, 0, 0, 0, 0, 0, 0, 
0, 0, 0, 0, 0, 0, 0, 0, 0, 0, 0, 0, 0, 0, 0, 0, 0.96515, 0.97448, 
0.96755, 0.97005, 0.97244, 0.96926, 0.9757, 0.97079, 0.97654, 
0.97191, 0.97719, 0.97919, 0.97761, 0.97344, 0.96471, 0.96737, 
0.97176, 0.96903, 0.9687, 0.98042, 0.9682, 0.97713, 0.0359, 0.037, 
0.0378, 0.0425, 0.0468, 0.047, 0.0514, 0.0547, 0.0556, 0.0603, 
0.0658, 65, 69.7, 73.2, 79.1, 82.4, 85.7, 92.6, 95, 97.6, 100.6, 
105.7, 1, 1, 1, 1, 1, 1, 1, 1, 1, 1, 1, 1, 1, 1, 1, 1, 1, 1, 
1, 1, 1, 1, 1, 1, 1, 1, 1, 1, 1, 1, 1, 1, 1, 1, 1, 1, 1, 1, 1, 
1, 1, 1, 1, 1, 2.96, 3.025, 2.691, 2.865, 3.022, 2.99, 2.974, 
3.194, 2.926, 3.231, 3.302), .Dim = c(11L, 40L), .Dimnames = list(
    NULL, c("Sampling", "PSO.cost", "PSO.gamma", "PSO.data.balancing", 
    "PSO.feature.selection", "PSO.valid.acc", "PSO.test.acc", 
    "PSO.train.time", "PSO.n.support.vectors", "PSO.index", "PSO.n.solutions", 
    "PSO.generations", "PSO.n.evaluations", "PSO.cpu.time", "RS.cost", 
    "RS.gamma", "RS.data.balancing", "RS.feature.selection", 
    "RS.valid.acc", "RS.test.acc", "RS.train.time", "RS.n.support.vectors", 
    "RS.index", "RS.n.solutions", "RS.generations", "RS.n.evaluations", 
    "RS.cpu.time", "DF.cost", "DF.gamma", "DF.data.balancing", 
    "DF.feature.selection", "DF.valid.acc", "DF.test.acc", "DF.train.time", 
    "DF.n.support.vectors", "DF.index", "DF.n.solutions", "DF.generations", 
    "DF.n.evaluations", "DF.cpu.time")))
