full <-
structure(c(50, 55, 60, 65, 70, 75, 80, 85, 90, 95, 100, 5.25265, 
9.26611, 4.46796, 1.54987, -0.98888, 1.59983, 1.43891, 9.85976, 
3.66504, 4.99288, 1.68868, -9.93324, -12.7802, -7.75347, -5.73779, 
-5.27674, -6.32013, -5.13672, -15, -7.35413, -6.37148, -6.72915, 
0, 0, 0, 0, 0, 0, 0, 0, 0, 0, 0, 0, 0, 0, 0, 0, 0, 0, 0, 0, 0, 
0, 0.98596, 0.98085, 0.97638, 0.9783, 0.97749, 0.98344, 0.98242, 
0.97495, 0.9862, 0.98131, 0.98418, 0.97882, 0.96794, 0.97647, 
0.9783, 0.97243, 0.97646, 0.97797, 0.97079, 0.98227, 0.97386, 
0.97541, 0.0334, 0.0338, 0.0357, 0.041, 0.052, 0.0472, 0.0544, 
0.0509, 0.0477, 0.0523, 0.0594, 42.9, 36.3, 40.4, 64.2, 104.3, 
64.9, 76.2, 59.1, 50, 46.5, 69.7, 79, 299, 7, 222, 718, 196, 
747, 51, 287, 432, 437, 285, 87, 359, 294, 71, 514, 39, 765, 
419, 259, 591, 100, 100, 100, 100, 100, 100, 100, 100, 100, 100, 
100, 2500, 2500, 2500, 2500, 2500, 2500, 2500, 2500, 2500, 2500, 
2500, 7597.291, 7736.168, 7937.891, 8022.095, 8712.234, 8685.10399999999, 
8808.75700000001, 8905.613, 8870.44100000002, 8951.995, 9126.05600000001, 
5.88282, 9.27215, 8.34895, 2.08629, 6.26595, 1.94821, 1.74085, 
1.51505, 1.47641, 5.44659, 1.22285, -10.40289, -12.00825, -11.32432, 
-6.26505, -12.87769, -6.30711, -6.35631, -4.14167, -6.31094, 
-6.65398, -6.28984, 0, 0, 0, 0, 0, 0, 0, 0, 0, 0, 0, 0, 0, 0, 
0, 0, 0, 0, 0, 0, 0, 0, 0.98596, 0.97772, 0.97638, 0.9783, 0.97737, 
0.98106, 0.98019, 0.97708, 0.98424, 0.97942, 0.98242, 0.97882, 
0.96794, 0.97647, 0.9783, 0.9698, 0.98112, 0.97797, 0.97083, 
0.98031, 0.97201, 0.9719, 0.0332, 0.0335, 0.0356, 0.0421, 0.0458, 
0.0466, 0.0489, 0.0653, 0.0545, 0.0514, 0.0609, 41.4, 32.3, 34.7, 
58.8, 74.3, 60.8, 63.8, 112.3, 68, 44.4, 75.1, 528, 2114, 73, 
490, 298, 171, 27, 410, 54, 448, 8, 2, 1, 50, 5, 3, 6, 12, 1, 
6, 2, 13, 100, 100, 100, 100, 100, 100, 100, 100, 100, 100, 100, 
2500, 2500, 2500, 2500, 2500, 2500, 2500, 2500, 2500, 2500, 2500, 
8015.074, 8167.894, 8343.32900000001, 8430.025, 9170.758, 9387.588, 
9687.606, 9829.796, 9948.353, 10191.502, 10280.19, 1, 1, 1, 1, 
1, 1, 1, 1, 1, 1, 1, 0.03333, 0.03333, 0.03333, 0.03333, 0.03333, 
0.03333, 0.03333, 0.03333, 0.03333, 0.03333, 0.03333, 0, 0, 0, 
0, 0, 0, 0, 0, 0, 0, 0, 0, 0, 0, 0, 0, 0, 0, 0, 0, 0, 0, 0.96835, 
0.97117, 0.96755, 0.97282, 0.9648, 0.96926, 0.9714, 0.97283, 
0.97443, 0.97753, 0.97892, 0.97882, 0.96794, 0.96755, 0.9729, 
0.96474, 0.97403, 0.97357, 0.97704, 0.97443, 0.97198, 0.97541, 
0.0377, 0.0427, 0.0445, 0.0471, 0.0498, 0.0539, 0.0592, 0.0586, 
0.0629, 0.065, 0.069, 76.6, 83.1, 85.6, 90.8, 94, 95.7, 98.1, 
100.6, 102.3, 102.1, 105.9, 1, 1, 1, 1, 1, 1, 1, 1, 1, 1, 1, 
1, 1, 1, 1, 1, 1, 1, 1, 1, 1, 1, 1, 1, 1, 1, 1, 1, 1, 1, 1, 1, 
1, 1, 1, 1, 1, 1, 1, 1, 1, 1, 1, 1, 3.108, 3.283, 3.226, 3.317, 
3.589, 3.548, 3.648, 3.632, 3.594, 3.592, 3.634), .Dim = c(11L, 
40L), .Dimnames = list(NULL, c("Sampling", "PSO.cost", "PSO.gamma", 
"PSO.data.balancing", "PSO.feature.selection", "PSO.valid.acc", 
"PSO.test.acc", "PSO.train.time", "PSO.n.support.vectors", "PSO.index", 
"PSO.n.solutions", "PSO.generations", "PSO.n.evaluations", "PSO.cpu.time", 
"RS.cost", "RS.gamma", "RS.data.balancing", "RS.feature.selection", 
"RS.valid.acc", "RS.test.acc", "RS.train.time", "RS.n.support.vectors", 
"RS.index", "RS.n.solutions", "RS.generations", "RS.n.evaluations", 
"RS.cpu.time", "DF.cost", "DF.gamma", "DF.data.balancing", "DF.feature.selection", 
"DF.valid.acc", "DF.test.acc", "DF.train.time", "DF.n.support.vectors", 
"DF.index", "DF.n.solutions", "DF.generations", "DF.n.evaluations", 
"DF.cpu.time")))
