full <-
structure(c(50, 55, 60, 65, 70, 75, 80, 85, 90, 95, 100, 9.46594, 
5.43209, 3.26247, 1.62696, 8.11437, 9.52699, 1, 10.18755, 0.82659, 
4.33855, 5.66657, -13.24047, -8.53637, -6.2629, -7.2108, -8.16048, 
-12.81087, 0.03333, -12.21217, -4.71239, -6.99929, -7.64538, 
0, 0, 0, 0, 0, 0, 0, 0, 0, 0, 0, 0, 0, 0, 0, 0, 0, 0, 0, 0, 0, 
0, 0.96502, 0.98075, 0.98512, 0.98101, 0.97974, 0.97658, 0.97792, 
0.97699, 0.98431, 0.97949, 0.98245, 0.96131, 0.97107, 0.97326, 
0.97012, 0.96468, 0.97885, 0.97125, 0.97699, 0.97835, 0.97764, 
0.98073, 0.0318, 0.0323, 0.0381, 0.0416, 0.0402, 0.039, 0.0533, 
0.0426, 0.0582, 0.0491, 0.0507, 30.9, 30.4, 37.2, 53.4, 29.1, 
34.3, 91.2, 34.9, 92.9, 48.8, 44.2, 10, 331, 1201, 24, 707, 889, 
1, 1558, 119, 231, 455, 1139, 90, 267, 322, 37, 40, 130, 8, 873, 
109, 119, 100, 100, 100, 100, 100, 100, 100, 100, 100, 100, 100, 
2500, 2500, 2500, 2500, 2500, 2500, 2500, 2500, 2500, 2500, 2500, 
7403.34, 7404.379, 9675.574, 9685.247, 9388.42199999999, 7791.24800000001, 
8463.89300000001, 7950.60000000001, 8027.85500000001, 7949.14600000001, 
8303.51400000002, 2.14285, 12.11527, 3.15852, 2.26396, 2.12382, 
8.81317, 0.2245, 8.3922, 0.63278, 1.54157, 6.28132, -6.41327, 
-14.27064, -6.1785, -7.29551, -5.08657, -12.07664, -4.90868, 
-13.29112, -4.83158, -5.46997, -7.99157, 0, 0, 0, 0, 0, 0, 0, 
0, 0, 0, 0, 0, 0, 0, 0, 0, 0, 0, 0, 0, 0, 0, 0.96821, 0.98075, 
0.98512, 0.98101, 0.97731, 0.97658, 0.97792, 0.97496, 0.98235, 
0.97949, 0.98245, 0.96131, 0.96462, 0.97611, 0.96742, 0.96974, 
0.9742, 0.97125, 0.97278, 0.97443, 0.97767, 0.98073, 0.0317, 
0.0323, 0.0379, 0.0401, 0.0452, 0.038, 0.0525, 0.0448, 0.0567, 
0.0585, 0.0514, 39.6, 24.4, 37.9, 49.1, 65.5, 34.1, 88.7, 52.1, 
92.2, 75, 42.6, 364, 25, 547, 490, 230, 1058, 538, 137, 837, 
82, 2426, 2, 7, 2, 5, 19, 1, 1, 25, 1, 2, 1, 100, 100, 100, 100, 
100, 100, 100, 100, 100, 100, 100, 2500, 2500, 2500, 2500, 2500, 
2500, 2500, 2500, 2500, 2500, 2500, 7684.768, 9017.533, 10021.948, 
10207.412, 8270.12700000001, 8462.10000000001, 8615.81400000001, 
8399.613, 8694.84899999999, 9416.514, 9595.15599999999, 1, 1, 
1, 1, 1, 1, 1, 1, 1, 1, 1, 0.03333, 0.03333, 0.03333, 0.03333, 
0.03333, 0.03333, 0.03333, 0.03333, 0.03333, 0.03333, 0.03333, 
0, 0, 0, 0, 0, 0, 0, 0, 0, 0, 0, 0, 0, 0, 0, 0, 0, 0, 0, 0, 0, 
0, 0.96107, 0.96804, 0.98209, 0.97553, 0.96724, 0.96711, 0.97792, 
0.97287, 0.97839, 0.9739, 0.97546, 0.95774, 0.96794, 0.97914, 
0.97282, 0.97231, 0.96938, 0.97125, 0.97079, 0.98035, 0.97397, 
0.97713, 0.0368, 0.0416, 0.0445, 0.0478, 0.0457, 0.0509, 0.0503, 
0.0555, 0.0591, 0.0608, 0.0681, 67.9, 73.5, 77, 78.9, 84.7, 86.5, 
91.2, 95.4, 98.2, 102.1, 106.9, 1, 1, 1, 1, 1, 1, 1, 1, 1, 1, 
1, 1, 1, 1, 1, 1, 1, 1, 1, 1, 1, 1, 1, 1, 1, 1, 1, 1, 1, 1, 1, 
1, 1, 1, 1, 1, 1, 1, 1, 1, 1, 1, 1, 1, 2.956, 3.927, 3.869, 3.896, 
3.052, 3.227, 3.13, 3.055, 3.18, 3.3, 3.442), .Dim = c(11L, 40L
), .Dimnames = list(NULL, c("Sampling", "PSO.cost", "PSO.gamma", 
"PSO.data.balancing", "PSO.feature.selection", "PSO.valid.acc", 
"PSO.test.acc", "PSO.train.time", "PSO.n.support.vectors", "PSO.index", 
"PSO.n.solutions", "PSO.generations", "PSO.n.evaluations", "PSO.cpu.time", 
"RS.cost", "RS.gamma", "RS.data.balancing", "RS.feature.selection", 
"RS.valid.acc", "RS.test.acc", "RS.train.time", "RS.n.support.vectors", 
"RS.index", "RS.n.solutions", "RS.generations", "RS.n.evaluations", 
"RS.cpu.time", "DF.cost", "DF.gamma", "DF.data.balancing", "DF.feature.selection", 
"DF.valid.acc", "DF.test.acc", "DF.train.time", "DF.n.support.vectors", 
"DF.index", "DF.n.solutions", "DF.generations", "DF.n.evaluations", 
"DF.cpu.time")))
