full <-
structure(c(50, 55, 60, 65, 70, 75, 80, 85, 90, 95, 100, 4.61508, 
2.38338, 3.37034, 5.41604, 3.74368, 7.91924, 3.55189, 4.253, 
9.75312, 3.80229, 9.64157, -8.50709, -6.92382, -6.37576, -10.28104, 
-9.61212, -11.38948, -6.32339, -6.93233, -14.60449, -6.14547, 
-9.83503, 0, 0, 0, 0, 0, 0, 0, 0, 0, 0, 0, 0, 0, 0, 0, 0, 0, 
0, 0, 0, 0, 0, 0.9686, 0.98397, 0.9794, 0.97815, 0.97731, 0.97896, 
0.97792, 0.98333, 0.98027, 0.9776, 0.9807, 0.9649, 0.9744, 0.98234, 
0.97815, 0.96712, 0.97187, 0.97342, 0.98333, 0.97439, 0.97764, 
0.9719, 0.0343, 0.0379, 0.0378, 0.0403, 0.042, 0.0447, 0.0474, 
0.0477, 0.0487, 0.051, 0.051, 32.9, 44.3, 41.9, 44.2, 58.3, 39.1, 
49.7, 44.2, 53.9, 52.6, 34.9, 117, 555, 137, 125, 91, 141, 425, 
897, 114, 234, 558, 201, 210, 339, 146, 134, 267, 367, 54, 255, 
480, 43, 100, 100, 100, 100, 100, 100, 100, 100, 100, 100, 100, 
2500, 2500, 2500, 2500, 2500, 2500, 2500, 2500, 2500, 2500, 2500, 
8260.982, 8332.607, 8431.02, 8641.653, 8685.269, 8587.633, 8838.507, 
8742.613, 8602.91700000002, 8674.486, 8749.78, 2.56623, 3.72774, 
4.30455, 2.99175, 2.1248, 7.01206, 3.31712, 4.18491, 10.28589, 
3.52642, 8.74473, -9.20891, -7.35124, -7.44954, -6.91819, -8.22412, 
-10.58341, -6.36366, -7.06685, -14.79969, -6.05782, -8.9691, 
0, 0, 0, 0, 0, 0, 0, 0, 0, 0, 0, 0, 0, 0, 0, 0, 0, 0, 0, 0, 0, 
0, 0.9686, 0.98397, 0.9794, 0.97822, 0.97731, 0.97896, 0.97792, 
0.98125, 0.98027, 0.9776, 0.97891, 0.96847, 0.97762, 0.98528, 
0.97004, 0.96968, 0.9742, 0.97569, 0.98333, 0.97635, 0.97764, 
0.96832, 0.0361, 0.0351, 0.0377, 0.0393, 0.0448, 0.0413, 0.0451, 
0.0465, 0.0481, 0.0501, 0.0517, 54, 37.7, 36.3, 44, 63, 39.6, 
50.4, 44.1, 51.5, 54, 36.7, 34, 1514, 24, 836, 528, 167, 633, 
320, 1352, 2333, 279, 10, 1, 12, 1, 4, 5, 4, 17, 3, 2, 2, 100, 
100, 100, 100, 100, 100, 100, 100, 100, 100, 100, 2500, 2500, 
2500, 2500, 2500, 2500, 2500, 2500, 2500, 2500, 2500, 8593.717, 
8722.839, 8972.057, 9118.491, 9223.09, 9439.682, 9493.06599999999, 
9549.53, 9634.74599999998, 9841.66799999998, 10116.896, 1, 1, 
1, 1, 1, 1, 1, 1, 1, 1, 1, 0.03333, 0.03333, 0.03333, 0.03333, 
0.03333, 0.03333, 0.03333, 0.03333, 0.03333, 0.03333, 0.03333, 
0, 0, 0, 0, 0, 0, 0, 0, 0, 0, 0, 0, 0, 0, 0, 0, 0, 0, 0, 0, 0, 
0, 0.95419, 0.96815, 0.96754, 0.96734, 0.96449, 0.96733, 0.97342, 
0.975, 0.97039, 0.97198, 0.97014, 0.96133, 0.97127, 0.97048, 
0.96734, 0.96462, 0.9696, 0.97337, 0.975, 0.97624, 0.97016, 0.97365, 
0.0397, 0.0375, 0.0433, 0.0469, 0.0506, 0.0514, 0.0552, 0.0568, 
0.0603, 0.0615, 0.0674, 67.7, 74.2, 75.1, 81.6, 84.5, 89.1, 91.8, 
95.4, 98, 100.2, 105, 1, 1, 1, 1, 1, 1, 1, 1, 1, 1, 1, 1, 1, 
1, 1, 1, 1, 1, 1, 1, 1, 1, 1, 1, 1, 1, 1, 1, 1, 1, 1, 1, 1, 1, 
1, 1, 1, 1, 1, 1, 1, 1, 1, 1, 3.39, 3.236, 3.397, 3.591, 3.39, 
3.493, 3.46, 3.538, 3.554, 3.436, 3.529), .Dim = c(11L, 40L), .Dimnames = list(
    NULL, c("Sampling", "PSO.cost", "PSO.gamma", "PSO.data.balancing", 
    "PSO.feature.selection", "PSO.valid.acc", "PSO.test.acc", 
    "PSO.train.time", "PSO.n.support.vectors", "PSO.index", "PSO.n.solutions", 
    "PSO.generations", "PSO.n.evaluations", "PSO.cpu.time", "RS.cost", 
    "RS.gamma", "RS.data.balancing", "RS.feature.selection", 
    "RS.valid.acc", "RS.test.acc", "RS.train.time", "RS.n.support.vectors", 
    "RS.index", "RS.n.solutions", "RS.generations", "RS.n.evaluations", 
    "RS.cpu.time", "DF.cost", "DF.gamma", "DF.data.balancing", 
    "DF.feature.selection", "DF.valid.acc", "DF.test.acc", "DF.train.time", 
    "DF.n.support.vectors", "DF.index", "DF.n.solutions", "DF.generations", 
    "DF.n.evaluations", "DF.cpu.time")))
