full <-
structure(c(50, 55, 60, 65, 70, 75, 80, 85, 90, 95, 100, 12.81513, 
13.57686, 3.50232, 2.38188, 4.14286, 1.84016, 3.20827, 3.00329, 
6.56101, 2.78773, 6.80081, -15, -14.73038, -7.34098, -7.10319, 
-7.67869, -4.14402, -6.4359, -5.24762, -7.7095, -6.42973, -9.87041, 
0, 0, 0, 0, 0, 0, 0, 0, 0, 0, 0, 0, 0, 0, 0, 0, 0, 0, 0, 0, 0, 
0, 0.9718, 0.98105, 0.97949, 0.978, 0.97731, 0.98112, 0.98232, 
0.97912, 0.97443, 0.98515, 0.98242, 0.9681, 0.96803, 0.9647, 
0.96149, 0.97737, 0.97874, 0.98005, 0.97704, 0.96847, 0.98141, 
0.97888, 0.0295, 0.0316, 0.0357, 0.0385, 0.039, 0.0527, 0.0433, 
0.0494, 0.0446, 0.0486, 0.0517, 25.4, 24.4, 39.1, 49, 42.3, 99.6, 
51.7, 64.3, 37.9, 55.7, 45.2, 63, 94, 270, 467, 116, 1338, 340, 
136, 1553, 188, 29, 716, 414, 244, 43, 208, 41, 230, 215, 43, 
512, 296, 100, 100, 100, 100, 100, 100, 100, 100, 100, 100, 100, 
2500, 2500, 2500, 2500, 2500, 2500, 2500, 2500, 2500, 2500, 2500, 
6955.819, 7004.233, 7193.788, 7301.175, 7364.319, 7572.10500000001, 
7408.96799999999, 7521.768, 7571.60299999999, 7556.51000000001, 
7606.609, 12.86554, 11.17939, 2.72288, 2.69667, 4.34183, 1.93867, 
2.70209, 3.07887, 6.44992, 2.44892, 6.29488, -14.9799, -12.39226, 
-6.54803, -7.30163, -8.04506, -4.71616, -6.50866, -5.25423, -7.70559, 
-6.41941, -9.3991, 0, 0, 0, 0, 0, 0, 0, 0, 0, 0, 0, 0, 0, 0, 
0, 0, 0, 0, 0, 0, 0, 0, 0.9718, 0.98105, 0.97655, 0.9753, 0.97731, 
0.98106, 0.9801, 0.97912, 0.97443, 0.98326, 0.98242, 0.9681, 
0.96803, 0.97067, 0.96704, 0.97737, 0.97874, 0.98005, 0.97704, 
0.96847, 0.97952, 0.97888, 0.0302, 0.032, 0.0357, 0.0366, 0.0382, 
0.0476, 0.0467, 0.0482, 0.0448, 0.0499, 0.0476, 25.4, 24.6, 43.7, 
47.2, 42, 77.9, 53.8, 63.8, 38.5, 58.8, 45.7, 252, 16, 99, 191, 
71, 754, 70, 404, 1306, 976, 2424, 10, 8, 20, 2, 5, 1, 14, 3, 
2, 1, 1, 100, 100, 100, 100, 100, 100, 100, 100, 100, 100, 100, 
2500, 2500, 2500, 2500, 2500, 2500, 2500, 2500, 2500, 2500, 2500, 
7326.33, 7434.391, 7639.82, 7749.844, 7836.162, 8062.257, 8224.42, 
8381.29999999999, 8550.66799999999, 8786.06200000001, 9053.465, 
1, 1, 1, 1, 1, 1, 1, 1, 1, 1, 1, 0.03333, 0.03333, 0.03333, 0.03333, 
0.03333, 0.03333, 0.03333, 0.03333, 0.03333, 0.03333, 0.03333, 
0, 0, 0, 0, 0, 0, 0, 0, 0, 0, 0, 0, 0, 0, 0, 0, 0, 0, 0, 0, 0, 
0, 0.95419, 0.95501, 0.95899, 0.96982, 0.96981, 0.97165, 0.96454, 
0.97074, 0.97435, 0.97575, 0.97531, 0.95764, 0.95845, 0.96478, 
0.96149, 0.9673, 0.96927, 0.96671, 0.97074, 0.96647, 0.9776, 
0.97534, 0.0355, 0.0383, 0.0412, 0.0441, 0.0458, 0.0492, 0.0549, 
0.0558, 0.0592, 0.0649, 0.0669, 66.1, 72.4, 75, 78.9, 81.8, 87.2, 
91.2, 95, 100.2, 102.4, 107.4, 1, 1, 1, 1, 1, 1, 1, 1, 1, 1, 
1, 1, 1, 1, 1, 1, 1, 1, 1, 1, 1, 1, 1, 1, 1, 1, 1, 1, 1, 1, 1, 
1, 1, 1, 1, 1, 1, 1, 1, 1, 1, 1, 1, 1, 2.791, 2.876, 2.938, 3.068, 
2.937, 2.992, 3.261, 3.04, 3.135, 3.336, 3.299), .Dim = c(11L, 
40L), .Dimnames = list(NULL, c("Sampling", "PSO.cost", "PSO.gamma", 
"PSO.data.balancing", "PSO.feature.selection", "PSO.valid.acc", 
"PSO.test.acc", "PSO.train.time", "PSO.n.support.vectors", "PSO.index", 
"PSO.n.solutions", "PSO.generations", "PSO.n.evaluations", "PSO.cpu.time", 
"RS.cost", "RS.gamma", "RS.data.balancing", "RS.feature.selection", 
"RS.valid.acc", "RS.test.acc", "RS.train.time", "RS.n.support.vectors", 
"RS.index", "RS.n.solutions", "RS.generations", "RS.n.evaluations", 
"RS.cpu.time", "DF.cost", "DF.gamma", "DF.data.balancing", "DF.feature.selection", 
"DF.valid.acc", "DF.test.acc", "DF.train.time", "DF.n.support.vectors", 
"DF.index", "DF.n.solutions", "DF.generations", "DF.n.evaluations", 
"DF.cpu.time")))
