full <-
structure(c(50, 55, 60, 65, 70, 75, 80, 85, 90, 95, 100, 3.89654, 
0.72037, 7.93049, 8.52349, 0.92022, 6.42847, 10.86547, 1.16614, 
2.12586, 8.30246, 7.38762, -7.85199, -4.86237, -12.15336, -12.20928, 
-4.88811, -9.48062, -14.14468, -5.82944, -5.26688, -12.47364, 
-12.32044, 0, 0, 0, 0, 0, 0, 0, 0, 0, 0, 0, 0, 0, 0, 0, 0, 0, 
0, 0, 0, 0, 0, 0.98251, 0.9745, 0.97059, 0.9783, 0.97981, 0.97647, 
0.98005, 0.98337, 0.98243, 0.98127, 0.97898, 0.96478, 0.97117, 
0.96756, 0.96741, 0.97218, 0.97171, 0.98222, 0.97504, 0.98043, 
0.97379, 0.97544, 0.03, 0.038, 0.0355, 0.0364, 0.0436, 0.0383, 
0.04, 0.0489, 0.0521, 0.0478, 0.0513, 36.8, 74.1, 38.7, 39.6, 
79.6, 38.7, 41.2, 71.7, 73.8, 52, 59.6, 466, 960, 32, 19, 1147, 
78, 16, 1829, 244, 312, 32, 358, 28, 668, 347, 42, 272, 446, 
2, 198, 145, 174, 100, 100, 100, 100, 100, 100, 100, 100, 100, 
100, 100, 2500, 2500, 2500, 2500, 2500, 2500, 2500, 2500, 2500, 
2500, 2500, 7343.559, 7627.83, 7414.774, 7379.578, 7772.202, 
7514.497, 7495.446, 7696.76199999999, 7913.414, 7797.989, 8036.95800000001, 
3.77385, 2.23787, 1.36734, 7.47935, 1.12185, 6.70235, 1.88514, 
1.50997, 1.41726, 2.21437, 8.06787, -7.35342, -6.92472, -4.47041, 
-10.98898, -6.55374, -9.52162, -5.9342, -6.30758, -4.83779, -6.88881, 
-12.83548, 0, 0, 0, 0, 0, 0, 0, 0, 0, 0, 0, 0, 0, 0, 0, 0, 0, 
0, 0, 0, 0, 0, 0.98251, 0.9744, 0.97344, 0.9783, 0.97981, 0.97647, 
0.98222, 0.98129, 0.98043, 0.98316, 0.97898, 0.9718, 0.97117, 
0.97344, 0.97012, 0.96974, 0.97171, 0.97556, 0.97708, 0.98043, 
0.97568, 0.97365, 0.0308, 0.033, 0.0407, 0.0352, 0.0404, 0.0396, 
0.0442, 0.0467, 0.055, 0.0493, 0.0492, 36.5, 47.4, 82, 39.3, 
64.6, 38, 62.1, 65.7, 90.7, 63.8, 57.5, 478, 1336, 251, 147, 
1387, 13, 1880, 826, 336, 1841, 427, 1, 1, 1, 14, 1, 15, 1, 3, 
6, 1, 4, 100, 100, 100, 100, 100, 100, 100, 100, 100, 100, 100, 
2500, 2500, 2500, 2500, 2500, 2500, 2500, 2500, 2500, 2500, 2500, 
7697.747, 7803.746, 7895.767, 7932.468, 8034.811, 8188.821, 8399.913, 
8527.716, 8783.77600000001, 8935.34899999999, 9074.33199999999, 
1, 1, 1, 1, 1, 1, 1, 1, 1, 1, 1, 0.03333, 0.03333, 0.03333, 0.03333, 
0.03333, 0.03333, 0.03333, 0.03333, 0.03333, 0.03333, 0.03333, 
0, 0, 0, 0, 0, 0, 0, 0, 0, 0, 0, 0, 0, 0, 0, 0, 0, 0, 0, 0, 0, 
0, 0.9718, 0.97127, 0.95873, 0.97012, 0.97724, 0.96932, 0.96889, 
0.975, 0.97454, 0.97194, 0.97716, 0.9718, 0.9744, 0.97629, 0.96178, 
0.97474, 0.97403, 0.97116, 0.97708, 0.96866, 0.97383, 0.9754, 
0.0363, 0.0384, 0.0404, 0.0428, 0.0457, 0.0478, 0.0506, 0.0545, 
0.0591, 0.0603, 0.064, 71.8, 78.5, 81.2, 86.6, 89.2, 90.3, 94.3, 
96.5, 101.8, 102.6, 106.1, 1, 1, 1, 1, 1, 1, 1, 1, 1, 1, 1, 1, 
1, 1, 1, 1, 1, 1, 1, 1, 1, 1, 1, 1, 1, 1, 1, 1, 1, 1, 1, 1, 1, 
1, 1, 1, 1, 1, 1, 1, 1, 1, 1, 1, 3.04, 3.007, 3.034, 2.951, 3.077, 
3.048, 3.047, 3.129, 3.226, 3.214, 3.272), .Dim = c(11L, 40L), .Dimnames = list(
    NULL, c("Sampling", "PSO.cost", "PSO.gamma", "PSO.data.balancing", 
    "PSO.feature.selection", "PSO.valid.acc", "PSO.test.acc", 
    "PSO.train.time", "PSO.n.support.vectors", "PSO.index", "PSO.n.solutions", 
    "PSO.generations", "PSO.n.evaluations", "PSO.cpu.time", "RS.cost", 
    "RS.gamma", "RS.data.balancing", "RS.feature.selection", 
    "RS.valid.acc", "RS.test.acc", "RS.train.time", "RS.n.support.vectors", 
    "RS.index", "RS.n.solutions", "RS.generations", "RS.n.evaluations", 
    "RS.cpu.time", "DF.cost", "DF.gamma", "DF.data.balancing", 
    "DF.feature.selection", "DF.valid.acc", "DF.test.acc", "DF.train.time", 
    "DF.n.support.vectors", "DF.index", "DF.n.solutions", "DF.generations", 
    "DF.n.evaluations", "DF.cpu.time")))
