full <-
structure(c(50, 55, 60, 65, 70, 75, 80, 85, 90, 95, 100, 6.57525, 
15, 0.04835, 10.57009, 9.33369, 6.77556, 4.07115, 1.85865, 3.68299, 
2.89562, 3.31712, -8.46542, -13.65012, -5.4773, -12.10316, -14.40064, 
-10.57568, -6.55275, -4.59526, -6.94934, -6.70048, -6.47801, 
0, 0, 0, 0, 0, 0, 0, 0, 0, 0, 0, 0, 0, 0, 0, 0, 0, 0, 0, 0, 0, 
0, 0.97894, 0.97731, 0.9768, 0.97267, 0.97987, 0.97874, 0.98459, 
0.97912, 0.98227, 0.98141, 0.98255, 0.97217, 0.9417, 0.96486, 
0.96449, 0.97981, 0.96694, 0.97802, 0.97699, 0.97631, 0.97571, 
0.97898, 0.0187, 0.0215, 0.0259, 0.0217, 0.0242, 0.0243, 0.0259, 
0.0356, 0.0294, 0.0317, 0.0332, 28.2, 22.9, 74.4, 27.7, 47.4, 
39.1, 41, 89.2, 50.3, 56.2, 55.1, 207, 103, 152, 122, 454, 42, 
15, 688, 436, 488, 1170, 448, 1024, 567, 65, 64, 478, 670, 357, 
82, 657, 146, 100, 100, 100, 100, 100, 100, 100, 100, 100, 100, 
100, 2500, 2500, 2500, 2500, 2500, 2500, 2500, 2500, 2500, 2500, 
2500, 6196.54, 6089.671, 6313.037, 6227.862, 6204.199, 6244.995, 
6276.196, 6545.18400000001, 6481.689, 6476.886, 6634.25599999999, 
6.47577, 14.79549, 0.02443, 11.27675, 2.71706, 1.39007, 4.56064, 
4.78742, 3.72541, 3.32958, 3.43475, -8.29242, -13.68915, -5.40651, 
-12.84893, -6.61768, -4.31394, -6.73046, -6.83325, -7.07165, 
-7.03689, -6.61639, 0, 0, 0, 0, 0, 0, 0, 0, 0, 0, 0, 0, 0, 0, 
0, 0, 0, 0, 0, 0, 0, 0, 0.97894, 0.97731, 0.9768, 0.97267, 0.97987, 
0.97874, 0.98459, 0.975, 0.98227, 0.97956, 0.98079, 0.97217, 
0.94805, 0.962, 0.96449, 0.97731, 0.97398, 0.98024, 0.97278, 
0.97631, 0.97009, 0.97898, 0.0188, 0.0211, 0.0257, 0.0217, 0.0241, 
0.0326, 0.0257, 0.0273, 0.0291, 0.0308, 0.0324, 28.1, 23.2, 75.5, 
28, 47.6, 91.3, 38.9, 41.8, 50.4, 53.7, 53.8, 1550, 351, 450, 
304, 414, 8, 99, 1876, 562, 1975, 1101, 3, 3, 5, 3, 5, 18, 16, 
1, 3, 1, 3, 100, 100, 100, 100, 100, 100, 100, 100, 100, 100, 
100, 2500, 2500, 2500, 2500, 2500, 2500, 2500, 2500, 2500, 2500, 
2500, 6300.916, 6369.337, 6432.081, 6543.521, 6650.053, 6681.49000000001, 
6851.265, 6994.33900000001, 7105.13400000001, 7235.871, 7380.62899999999, 
1, 1, 1, 1, 1, 1, 1, 1, 1, 1, 1, 0.03333, 0.03333, 0.03333, 0.03333, 
0.03333, 0.03333, 0.03333, 0.03333, 0.03333, 0.03333, 0.03333, 
0, 0, 0, 0, 0, 0, 0, 0, 0, 0, 0, 0, 0, 0, 0, 0, 0, 0, 0, 0, 0, 
0, 0.95443, 0.95169, 0.97394, 0.95105, 0.9648, 0.97636, 0.9758, 
0.97287, 0.97243, 0.97012, 0.9702, 0.95456, 0.95815, 0.96797, 
0.96464, 0.97224, 0.97636, 0.96928, 0.97079, 0.97247, 0.96642, 
0.97719, 0.0225, 0.0245, 0.0265, 0.0282, 0.0294, 0.0309, 0.0334, 
0.0353, 0.0382, 0.0407, 0.0431, 70.7, 76.4, 81.3, 82.1, 84, 85.7, 
88.7, 93.6, 100.2, 102.9, 106.7, 1, 1, 1, 1, 1, 1, 1, 1, 1, 1, 
1, 1, 1, 1, 1, 1, 1, 1, 1, 1, 1, 1, 1, 1, 1, 1, 1, 1, 1, 1, 1, 
1, 1, 1, 1, 1, 1, 1, 1, 1, 1, 1, 1, 1, 2.464, 2.513, 2.522, 2.559, 
2.588, 2.518, 2.647, 2.526, 2.634, 2.677, 2.653), .Dim = c(11L, 
40L), .Dimnames = list(NULL, c("Sampling", "PSO.cost", "PSO.gamma", 
"PSO.data.balancing", "PSO.feature.selection", "PSO.valid.acc", 
"PSO.test.acc", "PSO.train.time", "PSO.n.support.vectors", "PSO.index", 
"PSO.n.solutions", "PSO.generations", "PSO.n.evaluations", "PSO.cpu.time", 
"RS.cost", "RS.gamma", "RS.data.balancing", "RS.feature.selection", 
"RS.valid.acc", "RS.test.acc", "RS.train.time", "RS.n.support.vectors", 
"RS.index", "RS.n.solutions", "RS.generations", "RS.n.evaluations", 
"RS.cpu.time", "DF.cost", "DF.gamma", "DF.data.balancing", "DF.feature.selection", 
"DF.valid.acc", "DF.test.acc", "DF.train.time", "DF.n.support.vectors", 
"DF.index", "DF.n.solutions", "DF.generations", "DF.n.evaluations", 
"DF.cpu.time")))
