full <-
structure(c(50, 55, 60, 65, 70, 75, 80, 85, 90, 95, 100, 10.94578, 
1.94058, 5.12199, 8.94886, 4.34393, 2.29066, 6.99497, 3.39931, 
3.98182, 11.00648, 2.70757, -14.78374, -6.32757, -8.82659, -14.25071, 
-8.00282, -7.40787, -8.36372, -5.97264, -7.42391, -12.56344, 
-6.70483, 0, 0, 0, 0, 0, 0, 0, 0, 0, 0, 0, 0, 0, 0, 0, 0, 0, 
0, 0, 0, 0, 0, 0.99286, 0.99042, 0.98529, 0.98641, 0.98237, 0.97885, 
0.98232, 0.98537, 0.9842, 0.98508, 0.9895, 0.98227, 0.9872, 0.98226, 
0.98378, 0.97987, 0.97403, 0.97575, 0.97903, 0.98427, 0.9739, 
0.98242, 0.0294, 0.0327, 0.0326, 0.0353, 0.0388, 0.0425, 0.0453, 
0.0513, 0.0473, 0.0474, 0.0587, 26.1, 43.1, 30.9, 43.2, 40.4, 
54.3, 32.4, 51, 45.4, 34.6, 60.1, 257, 19, 1829, 333, 31, 177, 
151, 1259, 498, 93, 137, 146, 676, 5, 46, 633, 76, 79, 32, 42, 
23, 697, 100, 100, 100, 100, 100, 100, 100, 100, 100, 100, 100, 
2500, 2500, 2500, 2500, 2500, 2500, 2500, 2500, 2500, 2500, 2500, 
7005.752, 7143.322, 7562.022, 7809.102, 7808.217, 10736.949, 
11398.441, 11631.359, 8644.696, 8466.86499999999, 11097.113, 
10.31056, 0.80727, 3.03241, 7.40503, 4.38902, 9.46692, 5.80341, 
4.20639, 8.28315, 10.9427, 2.62942, -14.19044, -5.76148, -7.77648, 
-12.67736, -8.14394, -14.75461, -7.57873, -6.67544, -14.33619, 
-12.48286, -6.75687, 0, 0, 0, 0, 0, 0, 0, 0, 0, 0, 0, 0, 0, 0, 
0, 0, 0, 0, 0, 0, 0, 0, 0.99286, 0.9873, 0.98235, 0.98641, 0.98237, 
0.98117, 0.98232, 0.98329, 0.98227, 0.98323, 0.98778, 0.98227, 
0.98397, 0.97638, 0.98101, 0.97987, 0.97641, 0.97575, 0.9812, 
0.97643, 0.9739, 0.98242, 0.0288, 0.0343, 0.0354, 0.0371, 0.039, 
0.0468, 0.046, 0.0507, 0.0515, 0.048, 0.0586, 26.3, 54.5, 40.2, 
43, 40.5, 50.7, 35.5, 43.7, 65.6, 34.5, 60.4, 1649, 245, 134, 
399, 86, 1777, 1268, 681, 1452, 206, 2315, 2, 5, 14, 4, 22, 1, 
1, 6, 4, 12, 2, 100, 100, 100, 100, 100, 100, 100, 100, 100, 
100, 100, 2500, 2500, 2500, 2500, 2500, 2500, 2500, 2500, 2500, 
2500, 2500, 7354.237, 7648.986, 8068.541, 8211.852, 8697.17, 
12058.987, 12219.644, 12270.458, 9579.82000000001, 10122.068, 
12557.632, 1, 1, 1, 1, 1, 1, 1, 1, 1, 1, 1, 0.03333, 0.03333, 
0.03333, 0.03333, 0.03333, 0.03333, 0.03333, 0.03333, 0.03333, 
0.03333, 0.03333, 0, 0, 0, 0, 0, 0, 0, 0, 0, 0, 0, 0, 0, 0, 0, 
0, 0, 0, 0, 0, 0, 0, 0.97512, 0.98397, 0.97335, 0.97553, 0.96968, 
0.96705, 0.9713, 0.96648, 0.97435, 0.9702, 0.97885, 0.97512, 
0.97429, 0.97335, 0.98101, 0.96712, 0.96694, 0.97135, 0.97495, 
0.97824, 0.9776, 0.97531, 0.0342, 0.0373, 0.0398, 0.0446, 0.0473, 
0.0545, 0.0573, 0.059, 0.0595, 0.068, 0.0714, 62.2, 67.6, 73.6, 
77.1, 85.2, 87.1, 90.1, 91.9, 94.8, 99.4, 105.1, 1, 1, 1, 1, 
1, 1, 1, 1, 1, 1, 1, 1, 1, 1, 1, 1, 1, 1, 1, 1, 1, 1, 1, 1, 1, 
1, 1, 1, 1, 1, 1, 1, 1, 1, 1, 1, 1, 1, 1, 1, 1, 1, 1, 1, 2.819, 
2.924, 3.049, 3.2, 3.179, 4.634, 4.637, 4.57, 3.576, 4.446, 4.439
), .Dim = c(11L, 40L), .Dimnames = list(NULL, c("Sampling", "PSO.cost", 
"PSO.gamma", "PSO.data.balancing", "PSO.feature.selection", "PSO.valid.acc", 
"PSO.test.acc", "PSO.train.time", "PSO.n.support.vectors", "PSO.index", 
"PSO.n.solutions", "PSO.generations", "PSO.n.evaluations", "PSO.cpu.time", 
"RS.cost", "RS.gamma", "RS.data.balancing", "RS.feature.selection", 
"RS.valid.acc", "RS.test.acc", "RS.train.time", "RS.n.support.vectors", 
"RS.index", "RS.n.solutions", "RS.generations", "RS.n.evaluations", 
"RS.cpu.time", "DF.cost", "DF.gamma", "DF.data.balancing", "DF.feature.selection", 
"DF.valid.acc", "DF.test.acc", "DF.train.time", "DF.n.support.vectors", 
"DF.index", "DF.n.solutions", "DF.generations", "DF.n.evaluations", 
"DF.cpu.time")))
