full <-
structure(c(50, 55, 60, 65, 70, 75, 80, 85, 90, 95, 100, 6.14064, 
6.50482, 9.60867, 4.68865, 3.8258, 5.4842, 5.89317, 4.00102, 
3.63754, 1.16238, 3.40152, -8.34572, -10.62045, -14.17235, -8.15348, 
-8.64013, -9.75944, -9.68212, -7.46801, -7.41129, -5.58163, -7.75992, 
0, 0, 0, 0, 0, 0, 0, 0, 0, 0, 0, 0, 0, 0, 0, 0, 0, 0, 0, 0, 0, 
0, 0.98929, 0.9871, 0.98235, 0.98911, 0.98994, 0.99053, 0.98226, 
0.98754, 0.98623, 0.98138, 0.98252, 0.97905, 0.98387, 0.97941, 
0.98093, 0.98493, 0.98117, 0.97772, 0.98129, 0.98439, 0.97764, 
0.97716, 0.0327, 0.0347, 0.0345, 0.0371, 0.0385, 0.0399, 0.0419, 
0.0434, 0.0465, 0.0562, 0.056, 29.6, 35.3, 40.7, 37.7, 46.5, 
43.6, 41.3, 44, 47.3, 74.2, 58.6, 91, 1027, 768, 73, 32, 24, 
45, 5, 114, 30, 348, 587, 30, 50, 753, 579, 552, 388, 550, 447, 
189, 87, 100, 100, 100, 100, 100, 100, 100, 100, 100, 100, 100, 
2500, 2500, 2500, 2500, 2500, 2500, 2500, 2500, 2500, 2500, 2500, 
7395.561, 7558.742, 7712.922, 7858.577, 7801.131, 7830.97900000001, 
7973.697, 8005.715, 8604.458, 9062.416, 9004.49799999999, 5.28193, 
9.6237, 9.70149, 3.98207, 5.50589, 5.41568, 1.17424, 5.17922, 
2.80693, 0.87582, 4.81212, -7.39252, -13.96411, -14.26288, -7.53765, 
-9.89033, -9.69729, -6.09787, -8.61469, -6.17828, -4.97737, -9.38896, 
0, 0, 0, 0, 0, 0, 0, 0, 0, 0, 0, 0, 0, 0, 0, 0, 0, 0, 0, 0, 0, 
0, 0.98929, 0.98387, 0.98235, 0.98911, 0.98994, 0.99053, 0.98231, 
0.98754, 0.98623, 0.98138, 0.98079, 0.98238, 0.98387, 0.97941, 
0.98371, 0.98243, 0.98117, 0.98231, 0.97708, 0.98243, 0.97579, 
0.9771, 0.0318, 0.0337, 0.036, 0.0373, 0.0393, 0.0418, 0.0458, 
0.0437, 0.0477, 0.0615, 0.0537, 30.8, 36.7, 40.7, 39.2, 42.1, 
43.5, 65.1, 41.3, 52.1, 87, 57.2, 106, 42, 1208, 936, 165, 242, 
860, 265, 270, 355, 146, 26, 65, 1, 4, 18, 2, 3, 6, 5, 4, 31, 
100, 100, 100, 100, 100, 100, 100, 100, 100, 100, 100, 2500, 
2500, 2500, 2500, 2500, 2500, 2500, 2500, 2500, 2500, 2500, 7814.973, 
7924.844, 8332.05, 8311.853, 8533.02499999999, 8661.614, 8812.94899999999, 
9332.016, 9647.166, 10060.17, 10379.672, 1, 1, 1, 1, 1, 1, 1, 
1, 1, 1, 1, 0.03333, 0.03333, 0.03333, 0.03333, 0.03333, 0.03333, 
0.03333, 0.03333, 0.03333, 0.03333, 0.03333, 0, 0, 0, 0, 0, 0, 
0, 0, 0, 0, 0, 0, 0, 0, 0, 0, 0, 0, 0, 0, 0, 0, 0.96833, 0.97117, 
0.97352, 0.97005, 0.9748, 0.97409, 0.97332, 0.98129, 0.97247, 
0.97579, 0.97359, 0.96476, 0.97107, 0.97058, 0.97012, 0.9773, 
0.98112, 0.97327, 0.98129, 0.98039, 0.97208, 0.97537, 0.0377, 
0.0396, 0.0436, 0.0454, 0.0482, 0.0516, 0.0538, 0.058, 0.0612, 
0.0629, 0.0686, 72.6, 78.3, 82.8, 85.9, 88.8, 93.2, 93.7, 96.6, 
97.4, 99.3, 105.9, 1, 1, 1, 1, 1, 1, 1, 1, 1, 1, 1, 1, 1, 1, 
1, 1, 1, 1, 1, 1, 1, 1, 1, 1, 1, 1, 1, 1, 1, 1, 1, 1, 1, 1, 1, 
1, 1, 1, 1, 1, 1, 1, 1, 1, 3.023, 3.05, 3.23, 3.092, 3.162, 3.271, 
3.287, 3.398, 3.666, 3.628, 3.736), .Dim = c(11L, 40L), .Dimnames = list(
    NULL, c("Sampling", "PSO.cost", "PSO.gamma", "PSO.data.balancing", 
    "PSO.feature.selection", "PSO.valid.acc", "PSO.test.acc", 
    "PSO.train.time", "PSO.n.support.vectors", "PSO.index", "PSO.n.solutions", 
    "PSO.generations", "PSO.n.evaluations", "PSO.cpu.time", "RS.cost", 
    "RS.gamma", "RS.data.balancing", "RS.feature.selection", 
    "RS.valid.acc", "RS.test.acc", "RS.train.time", "RS.n.support.vectors", 
    "RS.index", "RS.n.solutions", "RS.generations", "RS.n.evaluations", 
    "RS.cpu.time", "DF.cost", "DF.gamma", "DF.data.balancing", 
    "DF.feature.selection", "DF.valid.acc", "DF.test.acc", "DF.train.time", 
    "DF.n.support.vectors", "DF.index", "DF.n.solutions", "DF.generations", 
    "DF.n.evaluations", "DF.cpu.time")))
