full <-
structure(c(50, 55, 60, 65, 70, 75, 80, 85, 90, 95, 100, 1.32278, 
4.33354, 5.25556, 10.42705, 2.98154, 3.76324, 2.38021, 0.79267, 
1, 2.59306, 3.03405, -7.20338, -8.46752, -10.4241, -9.4739, -10.78579, 
-9.34383, -4.92724, -5.83494, 0.03333, -6.68157, -6.31512, 0, 
0, 0, 0, 0, 0, 0, 0, 0, 0, 0, 0, 0, 0, 0, 0, 0, 0, 0, 0, 0, 0, 
0.98596, 0.9873, 0.98528, 0.98655, 0.97981, 0.98344, 0.97802, 
0.98142, 0.97851, 0.98508, 0.98421, 0.97882, 0.98407, 0.98528, 
0.98115, 0.97212, 0.97636, 0.98024, 0.97304, 0.9707, 0.97575, 
0.97895, 0.0346, 0.0343, 0.033, 0.0356, 0.0461, 0.0415, 0.0507, 
0.052, 0.0614, 0.0522, 0.054, 47.2, 31.1, 37.6, 18.9, 82.1, 54.8, 
75.9, 75.6, 103.1, 59.1, 59, 37, 67, 27, 23, 204, 748, 1581, 
103, 1, 273, 583, 403, 346, 742, 292, 57, 6, 33, 740, 117, 336, 
120, 100, 100, 100, 100, 100, 100, 100, 100, 100, 100, 100, 2500, 
2500, 2500, 2500, 2500, 2500, 2500, 2500, 2500, 2500, 2500, 7579.189, 
7562.693, 7449.942, 7761.145, 8059.465, 7972.601, 8246.53499999999, 
8351.46900000001, 8862.60500000001, 8143.66899999999, 8410.44699999999, 
5.35201, 2.39462, 5.4712, 10.42598, 3.15859, 3.80257, 2.48381, 
0.72326, -0.13324, 2.90738, 3.0346, -11.2109, -7.77888, -10.86848, 
-9.42565, -10.99295, -9.39185, -7.54417, -6.07906, -4.98106, 
-7.11677, -6.30291, 0, 0, 0, 0, 0, 0, 0, 0, 0, 0, 0, 0, 0, 0, 
0, 0, 0, 0, 0, 0, 0, 0, 0.98596, 0.9873, 0.98528, 0.98655, 0.97981, 
0.98344, 0.97787, 0.98142, 0.97851, 0.98508, 0.98421, 0.98239, 
0.98085, 0.98528, 0.98115, 0.96962, 0.97636, 0.97135, 0.96891, 
0.9707, 0.97383, 0.97895, 0.0329, 0.0335, 0.0339, 0.0341, 0.0463, 
0.0426, 0.0462, 0.0518, 0.0627, 0.0506, 0.0565, 41.3, 41.4, 39.9, 
18.9, 82.9, 54.9, 57.2, 76.4, 102.4, 57.3, 59, 5, 260, 18, 59, 
43, 975, 80, 230, 281, 599, 2031, 47, 12, 95, 3, 9, 1, 2, 3, 
3, 2, 1, 100, 100, 100, 100, 100, 100, 100, 100, 100, 100, 100, 
2500, 2500, 2500, 2500, 2500, 2500, 2500, 2500, 2500, 2500, 2500, 
7932.758, 7732.577, 8210.316, 8333.916, 8520.913, 8693.65300000001, 
8901.122, 8977.393, 9090.954, 9318.769, 9591.61600000001, 1, 
1, 1, 1, 1, 1, 1, 1, 1, 1, 1, 0.03333, 0.03333, 0.03333, 0.03333, 
0.03333, 0.03333, 0.03333, 0.03333, 0.03333, 0.03333, 0.03333, 
0, 0, 0, 0, 0, 0, 0, 0, 0, 0, 0, 0, 0, 0, 0, 0, 0, 0, 0, 0, 0, 
0, 0.97549, 0.98085, 0.97075, 0.97026, 0.96968, 0.96932, 0.96695, 
0.97938, 0.97851, 0.9739, 0.97362, 0.98251, 0.98085, 0.97083, 
0.96733, 0.97224, 0.97171, 0.97362, 0.97516, 0.9707, 0.96827, 
0.97196, 0.0352, 0.0377, 0.0416, 0.0449, 0.0481, 0.0505, 0.0543, 
0.0574, 0.0616, 0.0656, 0.0669, 65.5, 67.9, 72.3, 75.1, 82.1, 
87, 92.9, 98.1, 103.1, 104.8, 105.5, 1, 1, 1, 1, 1, 1, 1, 1, 
1, 1, 1, 1, 1, 1, 1, 1, 1, 1, 1, 1, 1, 1, 1, 1, 1, 1, 1, 1, 1, 
1, 1, 1, 1, 1, 1, 1, 1, 1, 1, 1, 1, 1, 1, 1, 2.963, 2.934, 3.243, 
3.165, 3.24, 3.376, 3.335, 3.243, 3.366, 3.435, 3.333), .Dim = c(11L, 
40L), .Dimnames = list(NULL, c("Sampling", "PSO.cost", "PSO.gamma", 
"PSO.data.balancing", "PSO.feature.selection", "PSO.valid.acc", 
"PSO.test.acc", "PSO.train.time", "PSO.n.support.vectors", "PSO.index", 
"PSO.n.solutions", "PSO.generations", "PSO.n.evaluations", "PSO.cpu.time", 
"RS.cost", "RS.gamma", "RS.data.balancing", "RS.feature.selection", 
"RS.valid.acc", "RS.test.acc", "RS.train.time", "RS.n.support.vectors", 
"RS.index", "RS.n.solutions", "RS.generations", "RS.n.evaluations", 
"RS.cpu.time", "DF.cost", "DF.gamma", "DF.data.balancing", "DF.feature.selection", 
"DF.valid.acc", "DF.test.acc", "DF.train.time", "DF.n.support.vectors", 
"DF.index", "DF.n.solutions", "DF.generations", "DF.n.evaluations", 
"DF.cpu.time")))
