full <-
structure(c(50, 55, 60, 65, 70, 75, 80, 85, 90, 95, 100, 1, 4.26955, 
8.52162, 4.68464, 6.77193, 9.26724, 4.43425, 0.64884, 4.38001, 
4.75049, 6.2243, 0.03333, -11.46728, -12.90012, -11.24168, -12.1924, 
-12.55781, -8.13078, -6.55461, -8.25814, -7.14431, -8.63067, 
0, 0, 0, 0, 0, 0, 0, 0, 0, 0, 0, 0, 0, 0, 0, 0, 0, 0, 0, 0, 0, 
0, 0.97537, 0.9873, 0.9795, 0.9783, 0.97974, 0.98134, 0.98449, 
0.98754, 0.98227, 0.98319, 0.98242, 0.97537, 0.96814, 0.97655, 
0.9729, 0.97474, 0.97414, 0.97545, 0.98546, 0.98227, 0.98319, 
0.97716, 0.0386, 0.0391, 0.0365, 0.0406, 0.0375, 0.0387, 0.0417, 
0.0507, 0.0453, 0.0494, 0.0494, 66.6, 63.3, 38.1, 61.8, 50.4, 
34.7, 40.5, 74.7, 47.7, 46.1, 42.6, 1, 12, 20, 77, 333, 180, 
94, 1441, 3, 986, 177, 184, 561, 176, 436, 88, 201, 311, 43, 
517, 123, 87, 100, 100, 100, 100, 100, 100, 100, 100, 100, 100, 
100, 2500, 2500, 2500, 2500, 2500, 2500, 2500, 2500, 2500, 2500, 
2500, 7676.536, 7802.389, 7827.43, 7621.322, 7494.45100000001, 
7577.952, 7710.08, 7994.89999999999, 7922.15899999999, 8049.51200000002, 
8088.37700000001, 7.93603, 5.73821, 0.94222, 5.70201, 3.24532, 
2.0714, 4.498, 0.76538, 9.31954, 4.63593, 2.88911, -13.14206, 
-13.17692, -8.1439, -12.11938, -8.92007, -5.48589, -8.27815, 
-6.67409, -12.73006, -6.98072, -6.63611, 0, 0, 0, 0, 0, 0, 0, 
0, 0, 0, 0, 0, 0, 0, 0, 0, 0, 0, 0, 0, 0, 0, 0.97537, 0.9873, 
0.9795, 0.9783, 0.97968, 0.98367, 0.98449, 0.98754, 0.98227, 
0.98319, 0.98242, 0.9718, 0.96491, 0.97361, 0.9756, 0.97468, 
0.98134, 0.97328, 0.98546, 0.98227, 0.98134, 0.97882, 0.0326, 
0.0388, 0.0398, 0.0381, 0.0403, 0.044, 0.0414, 0.0502, 0.0448, 
0.0475, 0.0524, 36.8, 66.3, 70.1, 59.2, 55.2, 59.8, 41.2, 73.8, 
42, 46.2, 57.9, 61, 3, 26, 35, 69, 273, 816, 142, 39, 1821, 585, 
22, 31, 14, 44, 6, 7, 3, 1, 74, 1, 1, 100, 100, 100, 100, 100, 
100, 100, 100, 100, 100, 100, 2500, 2500, 2500, 2500, 2500, 2500, 
2500, 2500, 2500, 2500, 2500, 8029.707, 8118.66, 8153.082, 7812.174, 
8193.694, 8360.74800000001, 8547.141, 8758.37800000001, 8943.95800000001, 
9159.31899999999, 9304.62, 1, 1, 1, 1, 1, 1, 1, 1, 1, 1, 1, 0.03333, 
0.03333, 0.03333, 0.03333, 0.03333, 0.03333, 0.03333, 0.03333, 
0.03333, 0.03333, 0.03333, 0, 0, 0, 0, 0, 0, 0, 0, 0, 0, 0, 0, 
0, 0, 0, 0, 0, 0, 0, 0, 0, 0, 0.97537, 0.97741, 0.9705, 0.96479, 
0.97205, 0.97431, 0.97121, 0.97721, 0.97435, 0.97571, 0.97544, 
0.97537, 0.97429, 0.97655, 0.96749, 0.96462, 0.97652, 0.97333, 
0.97925, 0.97435, 0.97942, 0.97544, 0.0372, 0.0404, 0.0411, 0.0432, 
0.0469, 0.0497, 0.0529, 0.056, 0.0581, 0.0624, 0.0657, 66.6, 
73.1, 77.6, 80.8, 86.1, 89.3, 91.4, 95.2, 98.9, 101.6, 104.7, 
1, 1, 1, 1, 1, 1, 1, 1, 1, 1, 1, 1, 1, 1, 1, 1, 1, 1, 1, 1, 1, 
1, 1, 1, 1, 1, 1, 1, 1, 1, 1, 1, 1, 1, 1, 1, 1, 1, 1, 1, 1, 1, 
1, 1, 3.163, 3.153, 3.166, 2.943, 3.131, 3.129, 3.175, 3.229, 
3.152, 3.313, 3.298), .Dim = c(11L, 40L), .Dimnames = list(NULL, 
    c("Sampling", "PSO.cost", "PSO.gamma", "PSO.data.balancing", 
    "PSO.feature.selection", "PSO.valid.acc", "PSO.test.acc", 
    "PSO.train.time", "PSO.n.support.vectors", "PSO.index", "PSO.n.solutions", 
    "PSO.generations", "PSO.n.evaluations", "PSO.cpu.time", "RS.cost", 
    "RS.gamma", "RS.data.balancing", "RS.feature.selection", 
    "RS.valid.acc", "RS.test.acc", "RS.train.time", "RS.n.support.vectors", 
    "RS.index", "RS.n.solutions", "RS.generations", "RS.n.evaluations", 
    "RS.cpu.time", "DF.cost", "DF.gamma", "DF.data.balancing", 
    "DF.feature.selection", "DF.valid.acc", "DF.test.acc", "DF.train.time", 
    "DF.n.support.vectors", "DF.index", "DF.n.solutions", "DF.generations", 
    "DF.n.evaluations", "DF.cpu.time")))
