full <-
structure(c(50, 55, 60, 65, 70, 75, 80, 85, 90, 95, 100, 11.19663, 
12.07936, 9.89027, 8.16832, 7.56566, 8.5464, 2.79444, 5.10723, 
2.45876, 3.91672, 2.22461, -14.72301, -14.4773, -11.87773, -11.14054, 
-10.87193, -14.33179, -6.83263, -7.37182, -6.6173, -7.84677, 
-4.90502, 0, 0, 0, 0, 0, 0, 0, 0, 0, 0, 0, 0, 0, 0, 0, 0, 0, 
0, 0, 0, 0, 0, 0.98953, 0.98407, 0.98815, 0.98655, 0.98487, 0.98344, 
0.98884, 0.98967, 0.98627, 0.98508, 0.98246, 0.97855, 0.97752, 
0.98512, 0.981, 0.98487, 0.97879, 0.98656, 0.98342, 0.98227, 
0.97949, 0.98239, 0.0313, 0.033, 0.0338, 0.0358, 0.0382, 0.0461, 
0.0432, 0.0432, 0.0502, 0.0487, 0.0639, 28.1, 24.3, 24.9, 29.3, 
32.6, 55.3, 48.4, 37.1, 54, 49.2, 88.4, 92, 75, 38, 39, 74, 1695, 
473, 430, 118, 36, 103, 203, 130, 603, 186, 370, 19, 196, 162, 
212, 567, 521, 100, 100, 100, 100, 100, 100, 100, 100, 100, 100, 
100, 2500, 2500, 2500, 2500, 2500, 2500, 2500, 2500, 2500, 2500, 
2500, 7646.978, 7725.079, 7748.794, 7888.533, 7942.95400000001, 
7982.94, 8174.251, 8016.63900000001, 8176.60199999998, 8200.894, 
8611.95999999999, 10.97566, 5.21094, 11.46765, 8.76795, 2.55515, 
2.48752, 3.02255, 5.3712, 5.70081, 3.90541, 4.9973, -14.40961, 
-8.63204, -13.45657, -11.77236, -7.54726, -6.75576, -7.08398, 
-7.53525, -8.18111, -7.8704, -6.61251, 0, 0, 0, 0, 0, 0, 0, 0, 
0, 0, 0, 0, 0, 0, 0, 0, 0, 0, 0, 0, 0, 0, 0.98953, 0.98407, 0.98815, 
0.98655, 0.98487, 0.98809, 0.98884, 0.98967, 0.98627, 0.98508, 
0.98242, 0.9751, 0.97762, 0.98512, 0.981, 0.97974, 0.98577, 0.98429, 
0.98342, 0.97835, 0.97949, 0.97892, 0.0309, 0.0351, 0.0338, 0.0359, 
0.0417, 0.0425, 0.0423, 0.0431, 0.0465, 0.0485, 0.0516, 27.8, 
31.6, 24.7, 29.2, 47.2, 47.8, 47.4, 36, 37.4, 49.7, 46.5, 604, 
94, 11, 15, 3, 2018, 626, 753, 1790, 340, 769, 4, 12, 23, 16, 
67, 1, 2, 2, 2, 2, 1, 100, 100, 100, 100, 100, 100, 100, 100, 
100, 100, 100, 2500, 2500, 2500, 2500, 2500, 2500, 2500, 2500, 
2500, 2500, 2500, 7974.758, 8200.226, 8301.504, 8449.539, 8559.07000000001, 
8765.43999999999, 8801.595, 9027.74800000001, 9212.96400000001, 
9400.76999999999, 9703.114, 1, 1, 1, 1, 1, 1, 1, 1, 1, 1, 1, 
0.03333, 0.03333, 0.03333, 0.03333, 0.03333, 0.03333, 0.03333, 
0.03333, 0.03333, 0.03333, 0.03333, 0, 0, 0, 0, 0, 0, 0, 0, 0, 
0, 0, 0, 0, 0, 0, 0, 0, 0, 0, 0, 0, 0, 0.96477, 0.96804, 0.97369, 
0.9783, 0.98224, 0.98106, 0.98439, 0.98134, 0.97835, 0.9739, 
0.97713, 0.96107, 0.96179, 0.97369, 0.97538, 0.98231, 0.98339, 
0.98004, 0.98342, 0.98227, 0.97952, 0.97888, 0.0384, 0.0407, 
0.0428, 0.0454, 0.0486, 0.0519, 0.0551, 0.0557, 0.0608, 0.063, 
0.0664, 66.4, 69.2, 75.4, 79.8, 82.3, 87.2, 90.3, 93, 95.8, 100.8, 
107, 1, 1, 1, 1, 1, 1, 1, 1, 1, 1, 1, 1, 1, 1, 1, 1, 1, 1, 1, 
1, 1, 1, 1, 1, 1, 1, 1, 1, 1, 1, 1, 1, 1, 1, 1, 1, 1, 1, 1, 1, 
1, 1, 1, 1, 3.172, 3.164, 3.211, 3.219, 3.269, 3.343, 3.315, 
3.146, 3.35, 3.36, 3.475), .Dim = c(11L, 40L), .Dimnames = list(
    NULL, c("Sampling", "PSO.cost", "PSO.gamma", "PSO.data.balancing", 
    "PSO.feature.selection", "PSO.valid.acc", "PSO.test.acc", 
    "PSO.train.time", "PSO.n.support.vectors", "PSO.index", "PSO.n.solutions", 
    "PSO.generations", "PSO.n.evaluations", "PSO.cpu.time", "RS.cost", 
    "RS.gamma", "RS.data.balancing", "RS.feature.selection", 
    "RS.valid.acc", "RS.test.acc", "RS.train.time", "RS.n.support.vectors", 
    "RS.index", "RS.n.solutions", "RS.generations", "RS.n.evaluations", 
    "RS.cpu.time", "DF.cost", "DF.gamma", "DF.data.balancing", 
    "DF.feature.selection", "DF.valid.acc", "DF.test.acc", "DF.train.time", 
    "DF.n.support.vectors", "DF.index", "DF.n.solutions", "DF.generations", 
    "DF.n.evaluations", "DF.cpu.time")))
