full <-
structure(c(50, 55, 60, 65, 70, 75, 80, 85, 90, 95, 100, 2.50026, 
1.62588, 3.19657, 4.89216, 9.5185, 6.82309, 2.75246, 2.85403, 
3.47357, 3.08023, 2.36688, -6.33221, -6.26452, -7.40735, -8.15394, 
-10.51219, -7.93235, -6.05269, -6.25724, -6.9294, -5.92537, -6.55691, 
0, 0, 0, 0, 0, 0, 0, 0, 0, 0, 0, 0, 0, 0, 0, 0, 0, 0, 0, 0, 0, 
0, 0.98251, 0.97429, 0.97351, 0.9756, 0.97268, 0.97647, 0.98227, 
0.98125, 0.98427, 0.98323, 0.98418, 0.96478, 0.96784, 0.97074, 
0.97012, 0.96018, 0.9742, 0.98005, 0.97708, 0.98231, 0.97575, 
0.98242, 0.0318, 0.0343, 0.0355, 0.0361, 0.038, 0.04, 0.0434, 
0.0452, 0.0466, 0.0524, 0.0528, 39.1, 51.4, 45.7, 40.1, 33, 35.1, 
56.5, 54, 49.9, 59.8, 62.7, 224, 153, 254, 530, 109, 204, 538, 
956, 50, 806, 421, 494, 363, 506, 353, 350, 226, 251, 31, 497, 
83, 171, 100, 100, 100, 100, 100, 100, 100, 100, 100, 100, 100, 
2500, 2500, 2500, 2500, 2500, 2500, 2500, 2500, 2500, 2500, 2500, 
7366.694, 7464.653, 7650.416, 7653.352, 7674.71800000001, 7784.39999999999, 
7944.67999999999, 8305.887, 8137.48, 8386.49899999998, 8532.51799999998, 
2.44756, 1.89576, 3.24493, 4.75404, 3.72108, 7.5704, 2.73326, 
1.6167, 2.77254, 1.85357, 3.04, -6.51834, -6.50823, -7.2539, 
-8.00955, -6.54359, -8.66279, -6.11676, -5.18282, -6.36423, -6.51405, 
-6.45595, 0, 0, 0, 0, 0, 0, 0, 0, 0, 0, 0, 0, 0, 0, 0, 0, 0, 
0, 0, 0, 0, 0, 0.98251, 0.97429, 0.97351, 0.9756, 0.97494, 0.97647, 
0.98005, 0.97917, 0.98427, 0.98319, 0.98242, 0.96835, 0.96784, 
0.97074, 0.97012, 0.96262, 0.96944, 0.98005, 0.97292, 0.97839, 
0.97945, 0.97888, 0.0308, 0.0341, 0.0353, 0.0375, 0.039, 0.0394, 
0.046, 0.0533, 0.0475, 0.0511, 0.0524, 38.8, 49.2, 45.5, 40.4, 
46.9, 33.4, 55.6, 77.3, 56.7, 64.5, 58.2, 1080, 188, 581, 120, 
2157, 138, 98, 115, 959, 44, 44, 4, 8, 3, 3, 1, 6, 5, 21, 1, 
13, 10, 100, 100, 100, 100, 100, 100, 100, 100, 100, 100, 100, 
2500, 2500, 2500, 2500, 2500, 2500, 2500, 2500, 2500, 2500, 2500, 
7639.497, 7872.756, 8036.107, 8228.741, 8334.868, 8513.49000000001, 
8819.501, 8950.21400000001, 9270.639, 9503.19500000001, 9804.446, 
1, 1, 1, 1, 1, 1, 1, 1, 1, 1, 1, 0.03333, 0.03333, 0.03333, 0.03333, 
0.03333, 0.03333, 0.03333, 0.03333, 0.03333, 0.03333, 0.03333, 
0, 0, 0, 0, 0, 0, 0, 0, 0, 0, 0, 0, 0, 0, 0, 0, 0, 0, 0, 0, 0, 
0, 0.97192, 0.95817, 0.95898, 0.96194, 0.96243, 0.96213, 0.97338, 
0.97292, 0.97639, 0.97579, 0.9754, 0.9718, 0.95817, 0.96772, 
0.96194, 0.9573, 0.9763, 0.97338, 0.975, 0.97639, 0.97393, 0.9754, 
0.0355, 0.0387, 0.0411, 0.045, 0.0488, 0.0502, 0.0537, 0.0551, 
0.0576, 0.062, 0.0676, 67.2, 75, 80.7, 84, 86.7, 89.6, 94, 96.1, 
97.2, 100.6, 106.9, 1, 1, 1, 1, 1, 1, 1, 1, 1, 1, 1, 1, 1, 1, 
1, 1, 1, 1, 1, 1, 1, 1, 1, 1, 1, 1, 1, 1, 1, 1, 1, 1, 1, 1, 1, 
1, 1, 1, 1, 1, 1, 1, 1, 1, 2.989, 3.111, 3.116, 3.229, 3.22, 
3.221, 3.252, 3.273, 3.321, 3.477, 3.486), .Dim = c(11L, 40L), .Dimnames = list(
    NULL, c("Sampling", "PSO.cost", "PSO.gamma", "PSO.data.balancing", 
    "PSO.feature.selection", "PSO.valid.acc", "PSO.test.acc", 
    "PSO.train.time", "PSO.n.support.vectors", "PSO.index", "PSO.n.solutions", 
    "PSO.generations", "PSO.n.evaluations", "PSO.cpu.time", "RS.cost", 
    "RS.gamma", "RS.data.balancing", "RS.feature.selection", 
    "RS.valid.acc", "RS.test.acc", "RS.train.time", "RS.n.support.vectors", 
    "RS.index", "RS.n.solutions", "RS.generations", "RS.n.evaluations", 
    "RS.cpu.time", "DF.cost", "DF.gamma", "DF.data.balancing", 
    "DF.feature.selection", "DF.valid.acc", "DF.test.acc", "DF.train.time", 
    "DF.n.support.vectors", "DF.index", "DF.n.solutions", "DF.generations", 
    "DF.n.evaluations", "DF.cpu.time")))
