full <-
structure(c(50, 55, 60, 65, 70, 75, 80, 85, 90, 95, 100, 5.09442, 
5.55028, 7.33755, 3.47715, 4.67081, 2.37951, 3.13499, 4.62765, 
2.7541, 0.72196, 9.58013, -6.65823, -8.47647, -10.15844, -6.52408, 
-8.39186, -6.10959, -6.24449, -6.78408, -6.83011, -6.31196, -14.87214, 
0, 0, 0, 0, 0, 0, 0, 0, 0, 0, 0, 0, 0, 0, 0, 0, 0, 0, 0, 0, 0, 
0, 0.98596, 0.99365, 0.98814, 0.98904, 0.98744, 0.98583, 0.98241, 
0.9875, 0.9862, 0.98515, 0.98258, 0.98596, 0.9872, 0.97914, 0.98363, 
0.98744, 0.98821, 0.97797, 0.98329, 0.98227, 0.98326, 0.97731, 
0.0313, 0.0325, 0.0343, 0.0369, 0.0385, 0.0426, 0.0451, 0.044, 
0.0476, 0.0536, 0.0586, 26.9, 26.8, 26.4, 39.1, 40.1, 54.3, 52.2, 
43.7, 53.2, 77.5, 63.1, 9, 53, 137, 228, 264, 342, 2082, 762, 
371, 99, 420, 519, 702, 353, 357, 139, 417, 2, 59, 90, 141, 190, 
100, 100, 100, 100, 100, 100, 100, 100, 100, 100, 100, 2500, 
2500, 2500, 2500, 2500, 2500, 2500, 2500, 2500, 2500, 2500, 7378.291, 
7508.726, 7641.073, 7663.309, 7772.358, 7796.205, 7854.96400000001, 
7787.012, 7815.07100000001, 8054.54500000001, 10910.941, 7.03287, 
4.46181, 5.87222, 3.66435, 4.53854, 1.06684, 3.21427, 3.24879, 
3.0493, 1.09453, 8.09629, -10.51737, -7.47237, -8.88366, -6.62044, 
-8.16865, -6.14953, -6.24254, -6.06313, -5.6758, -6.50714, -13.70064, 
0, 0, 0, 0, 0, 0, 0, 0, 0, 0, 0, 0, 0, 0, 0, 0, 0, 0, 0, 0, 0, 
0, 0.98596, 0.99365, 0.98814, 0.98904, 0.98744, 0.98577, 0.98241, 
0.98546, 0.98427, 0.98515, 0.98079, 0.98953, 0.99042, 0.98502, 
0.98363, 0.98744, 0.97392, 0.97797, 0.9812, 0.98231, 0.98515, 
0.97731, 0.0311, 0.0326, 0.0343, 0.037, 0.039, 0.0441, 0.0433, 
0.0443, 0.0492, 0.0535, 0.0573, 27, 29.5, 28.4, 37.6, 40, 64.4, 
51.6, 50.9, 57.3, 72, 67.6, 72, 152, 151, 260, 1041, 705, 2289, 
169, 106, 52, 66, 95, 42, 18, 2, 1, 1, 1, 4, 6, 3, 16, 100, 100, 
100, 100, 100, 100, 100, 100, 100, 100, 100, 2500, 2500, 2500, 
2500, 2500, 2500, 2500, 2500, 2500, 2500, 2500, 7765.512, 8000.229, 
8077.252, 8185.634, 8338.845, 8444.43299999999, 8576.655, 8627.173, 
8835.68700000001, 9147.05599999998, 12137.361, 1, 1, 1, 1, 1, 
1, 1, 1, 1, 1, 1, 0.03333, 0.03333, 0.03333, 0.03333, 0.03333, 
0.03333, 0.03333, 0.03333, 0.03333, 0.03333, 0.03333, 0, 0, 0, 
0, 0, 0, 0, 0, 0, 0, 0, 0, 0, 0, 0, 0, 0, 0, 0, 0, 0, 0, 0.9681, 
0.97762, 0.97049, 0.97005, 0.96724, 0.97386, 0.96898, 0.97296, 
0.97839, 0.97767, 0.97026, 0.97525, 0.97127, 0.97343, 0.97275, 
0.97224, 0.96683, 0.96458, 0.97291, 0.97439, 0.97586, 0.97026, 
0.0369, 0.0388, 0.0415, 0.0435, 0.0475, 0.0478, 0.0531, 0.0551, 
0.0572, 0.0613, 0.0714, 65.6, 69, 73.2, 77.7, 83.2, 85.3, 90.3, 
92.6, 96.3, 100.2, 106.6, 1, 1, 1, 1, 1, 1, 1, 1, 1, 1, 1, 1, 
1, 1, 1, 1, 1, 1, 1, 1, 1, 1, 1, 1, 1, 1, 1, 1, 1, 1, 1, 1, 1, 
1, 1, 1, 1, 1, 1, 1, 1, 1, 1, 1, 2.988, 2.996, 3.154, 3.072, 
3.108, 3.082, 3.186, 3.151, 3.148, 3.277, 4.365), .Dim = c(11L, 
40L), .Dimnames = list(NULL, c("Sampling", "PSO.cost", "PSO.gamma", 
"PSO.data.balancing", "PSO.feature.selection", "PSO.valid.acc", 
"PSO.test.acc", "PSO.train.time", "PSO.n.support.vectors", "PSO.index", 
"PSO.n.solutions", "PSO.generations", "PSO.n.evaluations", "PSO.cpu.time", 
"RS.cost", "RS.gamma", "RS.data.balancing", "RS.feature.selection", 
"RS.valid.acc", "RS.test.acc", "RS.train.time", "RS.n.support.vectors", 
"RS.index", "RS.n.solutions", "RS.generations", "RS.n.evaluations", 
"RS.cpu.time", "DF.cost", "DF.gamma", "DF.data.balancing", "DF.feature.selection", 
"DF.valid.acc", "DF.test.acc", "DF.train.time", "DF.n.support.vectors", 
"DF.index", "DF.n.solutions", "DF.generations", "DF.n.evaluations", 
"DF.cpu.time")))
