full <-
structure(c(50, 55, 60, 65, 70, 75, 80, 85, 90, 95, 100, 7.14019, 
3.98675, 6.67928, 2.28776, 10.4677, 5.17084, 4.7819, 3.38104, 
11.35522, 2.03327, 3.77096, -11.85499, -9.44501, -9.77249, -6.90206, 
-15, -9.95031, -5.3534, -7.85062, -14.92774, -5.86207, -5.69854, 
0, 0, 0, 0, 0, 0, 0, 0, 0, 0, 0, 0, 0, 0, 0, 0, 0, 0, 0, 0, 0, 
0, 0.97906, 0.98065, 0.97342, 0.98115, 0.97724, 0.98134, 0.97787, 
0.97907, 0.98424, 0.98871, 0.98061, 0.96515, 0.95827, 0.9645, 
0.97837, 0.97474, 0.98128, 0.9712, 0.98116, 0.97827, 0.9775, 
0.97888, 0.0345, 0.033, 0.0311, 0.0371, 0.037, 0.0387, 0.0433, 
0.0448, 0.0438, 0.05, 0.0513, 37.8, 44.5, 30.7, 49.2, 42.4, 48.7, 
55.6, 52.1, 41.5, 66.4, 60.7, 231, 80, 118, 157, 263, 154, 33, 
326, 395, 1590, 721, 78, 284, 631, 668, 135, 536, 862, 55, 138, 
27, 287, 100, 100, 100, 100, 100, 100, 100, 100, 100, 100, 100, 
2500, 2500, 2500, 2500, 2500, 2500, 2500, 2500, 2500, 2500, 2500, 
7516.553, 7377.44, 6681.818, 7160.291, 7439.499, 7326.83200000001, 
7042.34, 7667.295, 7177.386, 7579.61500000002, 7281.07700000002, 
6.84549, 8.56598, 7.29695, 2.48541, 3.19903, 5.05926, 4.12419, 
2.67503, 2.04038, 2.61351, 1.89972, -11.54143, -14.31236, -9.94513, 
-7.0849, -5.67189, -10.04238, -5.13068, -5.18757, -6.92355, -6.21727, 
-5.45319, 0, 0, 0, 0, 0, 0, 0, 0, 0, 0, 0, 0, 0, 0, 0, 0, 0, 
0, 0, 0, 0, 0, 0.97906, 0.98065, 0.97342, 0.98115, 0.97481, 0.98134, 
0.97787, 0.97708, 0.98231, 0.98501, 0.97879, 0.96515, 0.96149, 
0.96165, 0.97311, 0.96724, 0.98123, 0.97565, 0.97916, 0.98031, 
0.97935, 0.97882, 0.0303, 0.0328, 0.0309, 0.0375, 0.039, 0.0399, 
0.0446, 0.045, 0.0459, 0.0481, 0.0526, 37.7, 45.7, 28.7, 47.6, 
49.1, 50.2, 61.3, 65.4, 59.4, 60.2, 73.6, 564, 141, 465, 307, 
923, 630, 45, 2419, 88, 1866, 1763, 1, 19, 8, 6, 3, 11, 14, 1, 
9, 1, 1, 100, 100, 100, 100, 100, 100, 100, 100, 100, 100, 100, 
2500, 2500, 2500, 2500, 2500, 2500, 2500, 2500, 2500, 2500, 2500, 
7347.737, 6978.167, 7228.613, 7706.099, 7828.441, 7956.503, 7685.821, 
7989.51300000001, 8539.35000000002, 8335.38, 8575.69099999999, 
1, 1, 1, 1, 1, 1, 1, 1, 1, 1, 1, 0.03333, 0.03333, 0.03333, 0.03333, 
0.03333, 0.03333, 0.03333, 0.03333, 0.03333, 0.03333, 0.03333, 
0, 0, 0, 0, 0, 0, 0, 0, 0, 0, 0, 0, 0, 0, 0, 0, 0, 0, 0, 0, 0, 
0, 0.95135, 0.95827, 0.96182, 0.96501, 0.96724, 0.96949, 0.95999, 
0.97282, 0.97047, 0.9775, 0.97174, 0.9548, 0.95827, 0.96762, 
0.96763, 0.97237, 0.96705, 0.96443, 0.97295, 0.97047, 0.97565, 
0.9735, 0.0355, 0.0355, 0.0391, 0.0426, 0.0455, 0.0472, 0.0515, 
0.0512, 0.0563, 0.0586, 0.0641, 70.5, 73.2, 75.8, 79.9, 84.4, 
87, 90.6, 93.5, 96.8, 102.8, 104.8, 1, 1, 1, 1, 1, 1, 1, 1, 1, 
1, 1, 1, 1, 1, 1, 1, 1, 1, 1, 1, 1, 1, 1, 1, 1, 1, 1, 1, 1, 1, 
1, 1, 1, 1, 1, 1, 1, 1, 1, 1, 1, 1, 1, 1, 2.87, 2.597, 2.766, 
3.109, 2.985, 2.807, 2.992, 2.723, 3.114, 2.871, 3.151), .Dim = c(11L, 
40L), .Dimnames = list(NULL, c("Sampling", "PSO.cost", "PSO.gamma", 
"PSO.data.balancing", "PSO.feature.selection", "PSO.valid.acc", 
"PSO.test.acc", "PSO.train.time", "PSO.n.support.vectors", "PSO.index", 
"PSO.n.solutions", "PSO.generations", "PSO.n.evaluations", "PSO.cpu.time", 
"RS.cost", "RS.gamma", "RS.data.balancing", "RS.feature.selection", 
"RS.valid.acc", "RS.test.acc", "RS.train.time", "RS.n.support.vectors", 
"RS.index", "RS.n.solutions", "RS.generations", "RS.n.evaluations", 
"RS.cpu.time", "DF.cost", "DF.gamma", "DF.data.balancing", "DF.feature.selection", 
"DF.valid.acc", "DF.test.acc", "DF.train.time", "DF.n.support.vectors", 
"DF.index", "DF.n.solutions", "DF.generations", "DF.n.evaluations", 
"DF.cpu.time")))
