full <-
structure(c(50, 55, 60, 65, 70, 75, 80, 85, 90, 95, 100, 7.64349, 
0.9349, 1.17855, 2.22475, 13.0761, 10.42681, 13.82169, 12.8993, 
0.89312, 4.16253, 11.63917, -11.90092, -5.18341, -4.78529, -6.36656, 
-12.45197, -12.02703, -14.96354, -15, -5.47556, -6.92501, -14.98009, 
0, 0, 0, 0, 0, 0, 0, 0, 0, 0, 0, 0, 0, 0, 0, 0, 0, 0, 0, 0, 0, 
0, 0.97229, 0.9744, 0.97057, 0.97808, 0.97987, 0.97658, 0.97343, 
0.97296, 0.98235, 0.98505, 0.98246, 0.9617, 0.96149, 0.96485, 
0.96727, 0.97224, 0.9742, 0.96903, 0.97083, 0.96863, 0.98127, 
0.97892, 0.0319, 0.0357, 0.0393, 0.0367, 0.0371, 0.0374, 0.0413, 
0.043, 0.0549, 0.0479, 0.05, 33.6, 61.2, 68.2, 47.4, 24.3, 28.1, 
31.9, 37, 77.7, 48, 46, 98, 63, 1100, 215, 18, 61, 141, 691, 
338, 848, 11, 164, 469, 68, 1102, 228, 379, 301, 53, 59, 30, 
400, 100, 100, 100, 100, 100, 100, 100, 100, 100, 100, 100, 2500, 
2500, 2500, 2500, 2500, 2500, 2500, 2500, 2500, 2500, 2500, 7103.446, 
7245.382, 7238.115, 7097.017, 7048.613, 7176.68799999999, 7234.22, 
7553.861, 7817.739, 7493.60800000001, 7339.52499999999, 6.61034, 
1.02463, 0.09138, 2.21341, 1.53465, 11.00035, 2.40719, 12.7516, 
4.02591, 4.93941, 11.48337, -11.02807, -4.90342, -4.38317, -6.36322, 
-5.72043, -12.61163, -5.98168, -14.87446, -7.75119, -7.36228, 
-14.99488, 0, 0, 0, 0, 0, 0, 0, 0, 0, 0, 0, 0, 0, 0, 0, 0, 0, 
0, 0, 0, 0, 0, 0.97229, 0.9744, 0.96754, 0.97808, 0.98218, 0.97658, 
0.97343, 0.97296, 0.98039, 0.98319, 0.98246, 0.96884, 0.96149, 
0.96762, 0.96727, 0.97724, 0.9742, 0.96899, 0.97083, 0.97451, 
0.98127, 0.97713, 0.031, 0.0366, 0.0416, 0.0374, 0.0419, 0.0382, 
0.0444, 0.0451, 0.0452, 0.0485, 0.0498, 34.9, 64.3, 82.8, 47.5, 
57.1, 28.3, 57.3, 37, 48.7, 44.9, 47.1, 353, 145, 120, 33, 1638, 
31, 493, 2387, 266, 1415, 87, 17, 4, 5, 5, 3, 7, 7, 1, 6, 5, 
6, 100, 100, 100, 100, 100, 100, 100, 100, 100, 100, 100, 2500, 
2500, 2500, 2500, 2500, 2500, 2500, 2500, 2500, 2500, 2500, 7350.654, 
7444.906, 7454.15, 7583.112, 7796.14099999999, 7940.99500000001, 
8134.70800000001, 8456.28, 8462.73899999999, 8726.19099999999, 
8809.95800000001, 1, 1, 1, 1, 1, 1, 1, 1, 1, 1, 1, 0.03333, 0.03333, 
0.03333, 0.03333, 0.03333, 0.03333, 0.03333, 0.03333, 0.03333, 
0.03333, 0.03333, 0, 0, 0, 0, 0, 0, 0, 0, 0, 0, 0, 0, 0, 0, 0, 
0, 0, 0, 0, 0, 0, 0, 0.96502, 0.97117, 0.95594, 0.96997, 0.96955, 
0.96938, 0.96676, 0.96879, 0.97647, 0.97194, 0.97365, 0.95812, 
0.96149, 0.96174, 0.96997, 0.97468, 0.967, 0.96676, 0.96458, 
0.96467, 0.97194, 0.97362, 0.0361, 0.0389, 0.0407, 0.0425, 0.045, 
0.0481, 0.053, 0.0572, 0.0597, 0.0613, 0.0686, 68.4, 71.1, 75.4, 
77.7, 83.4, 86.6, 91.9, 95, 96.8, 101.4, 105.7, 1, 1, 1, 1, 1, 
1, 1, 1, 1, 1, 1, 1, 1, 1, 1, 1, 1, 1, 1, 1, 1, 1, 1, 1, 1, 1, 
1, 1, 1, 1, 1, 1, 1, 1, 1, 1, 1, 1, 1, 1, 1, 1, 1, 1, 2.871, 
2.97, 2.859, 2.865, 2.87, 2.9, 3.023, 3.219, 3.22, 3.035, 3.317
), .Dim = c(11L, 40L), .Dimnames = list(NULL, c("Sampling", "PSO.cost", 
"PSO.gamma", "PSO.data.balancing", "PSO.feature.selection", "PSO.valid.acc", 
"PSO.test.acc", "PSO.train.time", "PSO.n.support.vectors", "PSO.index", 
"PSO.n.solutions", "PSO.generations", "PSO.n.evaluations", "PSO.cpu.time", 
"RS.cost", "RS.gamma", "RS.data.balancing", "RS.feature.selection", 
"RS.valid.acc", "RS.test.acc", "RS.train.time", "RS.n.support.vectors", 
"RS.index", "RS.n.solutions", "RS.generations", "RS.n.evaluations", 
"RS.cpu.time", "DF.cost", "DF.gamma", "DF.data.balancing", "DF.feature.selection", 
"DF.valid.acc", "DF.test.acc", "DF.train.time", "DF.n.support.vectors", 
"DF.index", "DF.n.solutions", "DF.generations", "DF.n.evaluations", 
"DF.cpu.time")))
