full <-
structure(c(50, 55, 60, 65, 70, 75, 80, 85, 90, 95, 100, 12.57538, 
3.56177, 3.22742, 9.30634, 10.5337, 3.61039, 1.98247, 4.59917, 
3.83417, 2.50264, 5.32584, -14.68886, -7.33128, -6.70068, -15, 
-14.22481, -7.006, -5.60879, -8.70492, -7.2692, -6.77543, -8.55625, 
0, 0, 0, 0, 0, 0, 0, 0, 0, 0, 0, 0, 0, 0, 0, 0, 0, 0, 0, 0, 0, 
0, 0.96478, 0.97127, 0.97638, 0.97274, 0.97981, 0.98123, 0.98227, 
0.97925, 0.98224, 0.98512, 0.98227, 0.96835, 0.97127, 0.9647, 
0.97004, 0.97724, 0.97414, 0.97111, 0.97716, 0.97635, 0.98697, 
0.97882, 0.0315, 0.0341, 0.0366, 0.0405, 0.0414, 0.0434, 0.0494, 
0.049, 0.051, 0.0562, 0.0539, 26.5, 36.7, 39.5, 51.3, 38.6, 42.6, 
65.7, 51.7, 48.9, 59.6, 45.5, 136, 180, 60, 65, 1145, 916, 609, 
48, 296, 311, 388, 125, 249, 268, 539, 57, 187, 222, 423, 328, 
440, 101, 100, 100, 100, 100, 100, 100, 100, 100, 100, 100, 100, 
2500, 2500, 2500, 2500, 2500, 2500, 2500, 2500, 2500, 2500, 2500, 
7936.091, 8058.14, 8063.634, 8677.173, 8809.427, 8539.77799999999, 
8738.24400000001, 9308.07500000001, 9299.41399999999, 9476.98699999999, 
9376.761, 3.16914, 3.51401, 3.02042, 8.91657, 10.85535, 3.19165, 
1.63075, 6.56621, 2.65654, 2.87127, 1.20448, -6.79439, -7.19107, 
-6.53249, -13.76592, -14.48326, -6.67732, -4.09724, -11.43251, 
-6.38614, -7.22133, -5.1193, 0, 0, 0, 0, 0, 0, 0, 0, 0, 0, 0, 
0, 0, 0, 0, 0, 0, 0, 0, 0, 0, 0, 0.96478, 0.96804, 0.97638, 0.97004, 
0.97981, 0.98123, 0.9801, 0.97925, 0.98027, 0.98512, 0.98058, 
0.96133, 0.97127, 0.9647, 0.96734, 0.97724, 0.97176, 0.96666, 
0.97512, 0.97831, 0.98697, 0.98051, 0.0343, 0.0346, 0.0387, 0.0385, 
0.0404, 0.0447, 0.0621, 0.0512, 0.0533, 0.0543, 0.065, 37, 36.4, 
40.5, 42.9, 38.2, 45.9, 110.9, 56, 56.2, 57.6, 86.8, 1326, 214, 
1533, 37, 61, 1078, 2201, 295, 195, 50, 857, 2, 6, 1, 100, 2, 
1, 1, 37, 11, 2, 1, 100, 100, 100, 100, 100, 100, 100, 100, 100, 
100, 100, 2500, 2500, 2500, 2500, 2500, 2500, 2500, 2500, 2500, 
2500, 2500, 8429.455, 8141.594, 9134.946, 9156.516, 9338.757, 
9352.42300000001, 9588.777, 10199.759, 10413.055, 10665.326, 
10545.467, 1, 1, 1, 1, 1, 1, 1, 1, 1, 1, 1, 0.03333, 0.03333, 
0.03333, 0.03333, 0.03333, 0.03333, 0.03333, 0.03333, 0.03333, 
0.03333, 0.03333, 0, 0, 0, 0, 0, 0, 0, 0, 0, 0, 0, 0, 0, 0, 0, 
0, 0, 0, 0, 0, 0, 0, 0.95431, 0.96159, 0.9705, 0.95908, 0.96462, 
0.96705, 0.96893, 0.97087, 0.97439, 0.97952, 0.97707, 0.95431, 
0.96159, 0.96168, 0.96178, 0.96712, 0.96705, 0.97121, 0.97087, 
0.98027, 0.98138, 0.97704, 0.0381, 0.0397, 0.0439, 0.0462, 0.0489, 
0.0567, 0.0581, 0.0608, 0.0648, 0.0672, 0.0718, 70.4, 73.6, 76.7, 
79.3, 88.1, 90.5, 96.2, 100.6, 101.3, 102.6, 105.6, 1, 1, 1, 
1, 1, 1, 1, 1, 1, 1, 1, 1, 1, 1, 1, 1, 1, 1, 1, 1, 1, 1, 1, 1, 
1, 1, 1, 1, 1, 1, 1, 1, 1, 1, 1, 1, 1, 1, 1, 1, 1, 1, 1, 1, 3.206, 
3.144, 3.392, 3.371, 3.238, 3.803, 3.573, 3.663, 3.902, 3.9, 
3.839), .Dim = c(11L, 40L), .Dimnames = list(NULL, c("Sampling", 
"PSO.cost", "PSO.gamma", "PSO.data.balancing", "PSO.feature.selection", 
"PSO.valid.acc", "PSO.test.acc", "PSO.train.time", "PSO.n.support.vectors", 
"PSO.index", "PSO.n.solutions", "PSO.generations", "PSO.n.evaluations", 
"PSO.cpu.time", "RS.cost", "RS.gamma", "RS.data.balancing", "RS.feature.selection", 
"RS.valid.acc", "RS.test.acc", "RS.train.time", "RS.n.support.vectors", 
"RS.index", "RS.n.solutions", "RS.generations", "RS.n.evaluations", 
"RS.cpu.time", "DF.cost", "DF.gamma", "DF.data.balancing", "DF.feature.selection", 
"DF.valid.acc", "DF.test.acc", "DF.train.time", "DF.n.support.vectors", 
"DF.index", "DF.n.solutions", "DF.generations", "DF.n.evaluations", 
"DF.cpu.time")))
