full <-
structure(c(50, 55, 60, 65, 70, 75, 80, 85, 90, 95, 100, 2.2141, 
10.67923, 9.65577, 3.8196, 9.58277, 9.22322, 3.46827, 2.85849, 
4.19941, 8.30305, 4.37101, -6.89348, -15, -12.03215, -7.42067, 
-12.47702, -12.71117, -5.01591, -6.38567, -9.12725, -10.53309, 
-6.76635, 0, 0, 0, 0, 0, 0, 0, 0, 0, 0, 0, 0, 0, 0, 0, 0, 0, 
0, 0, 0, 0, 0, 0.98571, 0.9873, 0.9826, 0.98656, 0.98994, 0.99048, 
0.98227, 0.98333, 0.98423, 0.98312, 0.98418, 0.97167, 0.98095, 
0.97075, 0.98115, 0.98737, 0.97868, 0.96894, 0.97495, 0.97643, 
0.97383, 0.97365, 0.0336, 0.0334, 0.0339, 0.0365, 0.0379, 0.0389, 
0.0463, 0.0485, 0.0488, 0.047, 0.052, 46.1, 37, 26.5, 38.3, 31.1, 
34.4, 65.7, 54.9, 57.4, 36.9, 48.5, 145, 108, 75, 228, 30, 20, 
363, 110, 1388, 713, 116, 394, 200, 554, 323, 214, 384, 57, 661, 
48, 56, 505, 100, 100, 100, 100, 100, 100, 100, 100, 100, 100, 
100, 2500, 2500, 2500, 2500, 2500, 2500, 2500, 2500, 2500, 2500, 
2500, 7442.752, 7454.999, 7518.688, 7604.149, 7594.979, 7717.787, 
7868.633, 8077.818, 8325.84299999999, 8533.505, 8263.80600000001, 
2.56893, 10.27788, 2.3935, 4.14168, 8.8095, 8.55568, 6.38215, 
3.44958, 3.23107, 1.51122, 5.62188, -7.50312, -14.72379, -6.37635, 
-7.71757, -11.86387, -12.45017, -8.00382, -6.93392, -8.26467, 
-4.31623, -8.01852, 0, 0, 0, 0, 0, 0, 0, 0, 0, 0, 0, 0, 0, 0, 
0, 0, 0, 0, 0, 0, 0, 0, 0.98571, 0.9873, 0.98537, 0.98656, 0.98994, 
0.99048, 0.98222, 0.98333, 0.98227, 0.98127, 0.98242, 0.97869, 
0.98407, 0.97663, 0.98393, 0.98737, 0.98344, 0.97783, 0.97921, 
0.97443, 0.97372, 0.97713, 0.0325, 0.0337, 0.0364, 0.036, 0.0369, 
0.0394, 0.0416, 0.0453, 0.0493, 0.0656, 0.0497, 44.8, 38.1, 46.1, 
37.2, 32.4, 38.3, 35.1, 48.9, 59.3, 107.9, 43.4, 1094, 6, 79, 
2474, 683, 48, 29, 397, 730, 1883, 767, 5, 15, 4, 1, 11, 37, 
19, 2, 3, 1, 3, 100, 100, 100, 100, 100, 100, 100, 100, 100, 
100, 100, 2500, 2500, 2500, 2500, 2500, 2500, 2500, 2500, 2500, 
2500, 2500, 7783.702, 7828.259, 7988.81, 8137.57599999999, 8262.592, 
8493.757, 8800.671, 9058.211, 9320.78200000001, 9423.58099999998, 
9574.13099999999, 1, 1, 1, 1, 1, 1, 1, 1, 1, 1, 1, 0.03333, 0.03333, 
0.03333, 0.03333, 0.03333, 0.03333, 0.03333, 0.03333, 0.03333, 
0.03333, 0.03333, 0, 0, 0, 0, 0, 0, 0, 0, 0, 0, 0, 0, 0, 0, 0, 
0, 0, 0, 0, 0, 0, 0, 0.9681, 0.97126, 0.97646, 0.97019, 0.97474, 
0.97165, 0.96889, 0.97091, 0.97243, 0.97191, 0.97528, 0.96466, 
0.97116, 0.96763, 0.97019, 0.97974, 0.97874, 0.97116, 0.97708, 
0.97439, 0.97372, 0.96823, 0.0375, 0.0373, 0.0428, 0.045, 0.0469, 
0.0515, 0.0548, 0.0576, 0.0589, 0.0635, 0.0673, 71.1, 73.5, 77.4, 
80.9, 83.3, 87.9, 93.7, 96.5, 97.3, 102.2, 106.8, 1, 1, 1, 1, 
1, 1, 1, 1, 1, 1, 1, 1, 1, 1, 1, 1, 1, 1, 1, 1, 1, 1, 1, 1, 1, 
1, 1, 1, 1, 1, 1, 1, 1, 1, 1, 1, 1, 1, 1, 1, 1, 1, 1, 1, 3.065, 
2.891, 3.139, 3.162, 3.092, 3.298, 3.186, 3.307, 3.279, 3.389, 
3.345), .Dim = c(11L, 40L), .Dimnames = list(NULL, c("Sampling", 
"PSO.cost", "PSO.gamma", "PSO.data.balancing", "PSO.feature.selection", 
"PSO.valid.acc", "PSO.test.acc", "PSO.train.time", "PSO.n.support.vectors", 
"PSO.index", "PSO.n.solutions", "PSO.generations", "PSO.n.evaluations", 
"PSO.cpu.time", "RS.cost", "RS.gamma", "RS.data.balancing", "RS.feature.selection", 
"RS.valid.acc", "RS.test.acc", "RS.train.time", "RS.n.support.vectors", 
"RS.index", "RS.n.solutions", "RS.generations", "RS.n.evaluations", 
"RS.cpu.time", "DF.cost", "DF.gamma", "DF.data.balancing", "DF.feature.selection", 
"DF.valid.acc", "DF.test.acc", "DF.train.time", "DF.n.support.vectors", 
"DF.index", "DF.n.solutions", "DF.generations", "DF.n.evaluations", 
"DF.cpu.time")))
