full <-
structure(c(50, 55, 60, 65, 70, 75, 80, 85, 90, 95, 100, 3.18883, 
2.40664, 4.71504, 0.74729, 1.11106, 2.37142, 2.72978, 1.91812, 
8.15693, 8.71007, 9.84723, -8.26265, -6.7997, -6.96398, -6.29053, 
-6.12756, -6.17894, -6.47143, -5.78913, -10.30703, -9.78488, 
-12.14254, 0, 0, 0, 0, 0, 0, 0, 0, 0, 0, 0, 0, 0, 0, 0, 0, 0, 
0, 0, 0, 0, 0, 0.98212, 0.9745, 0.97655, 0.97538, 0.97737, 0.97885, 
0.98, 0.97925, 0.98224, 0.98878, 0.98076, 0.97497, 0.97137, 0.97067, 
0.96989, 0.97224, 0.97652, 0.97343, 0.97717, 0.97427, 0.9776, 
0.97192, 0.0316, 0.0361, 0.0344, 0.039, 0.0414, 0.0418, 0.0451, 
0.0493, 0.0469, 0.0488, 0.0513, 42.1, 43.9, 37.9, 63.4, 61.5, 
54.4, 52.9, 62.5, 38.1, 35.4, 40.2, 525, 137, 454, 2428, 710, 
143, 246, 443, 68, 27, 268, 153, 109, 108, 654, 254, 285, 263, 
429, 465, 283, 534, 100, 100, 100, 100, 100, 100, 100, 100, 100, 
100, 100, 2500, 2500, 2500, 2500, 2500, 2500, 2500, 2500, 2500, 
2500, 2500, 7284.541, 7510.478, 7405.84800000001, 7476.893, 7636.64, 
7587.459, 7832.432, 9166.391, 9470.73000000001, 9361.19999999998, 
9493.99100000001, 2.80408, 2.86259, 3.61406, 0.75053, 1.55729, 
2.46981, 2.91928, 1.76222, 2.74934, 8.81441, 2.94498, -8.11419, 
-7.968, -7.28177, -6.30508, -6.72248, -6.00948, -6.59729, -5.78361, 
-6.18403, -9.826, -6.08081, 0, 0, 0, 0, 0, 0, 0, 0, 0, 0, 0, 
0, 0, 0, 0, 0, 0, 0, 0, 0, 0, 0, 0.97868, 0.9745, 0.97361, 0.97538, 
0.97737, 0.97885, 0.98, 0.97925, 0.98416, 0.98878, 0.98079, 0.97497, 
0.96815, 0.97067, 0.96989, 0.97224, 0.97652, 0.97343, 0.97929, 
0.97435, 0.9776, 0.9754, 0.0328, 0.0329, 0.0352, 0.0397, 0.0411, 
0.0434, 0.0455, 0.0504, 0.0512, 0.05, 0.0565, 43.8, 45.7, 41.4, 
63.4, 57.7, 55.3, 51.5, 63, 57.6, 35.2, 60.3, 162, 197, 1898, 
73, 168, 503, 490, 459, 618, 332, 1958, 16, 10, 1, 3, 5, 8, 5, 
2, 4, 1, 1, 100, 100, 100, 100, 100, 100, 100, 100, 100, 100, 
100, 2500, 2500, 2500, 2500, 2500, 2500, 2500, 2500, 2500, 2500, 
2500, 7654.305, 7678.905, 7829.552, 7967.08900000001, 8116.857, 
8295.493, 8684.871, 10399.135, 10546.395, 10596.144, 10918.956, 
1, 1, 1, 1, 1, 1, 1, 1, 1, 1, 1, 0.03333, 0.03333, 0.03333, 0.03333, 
0.03333, 0.03333, 0.03333, 0.03333, 0.03333, 0.03333, 0.03333, 
0, 0, 0, 0, 0, 0, 0, 0, 0, 0, 0, 0, 0, 0, 0, 0, 0, 0, 0, 0, 0, 
0, 0.97523, 0.97137, 0.96452, 0.96719, 0.97231, 0.97182, 0.97333, 
0.973, 0.97824, 0.97205, 0.97719, 0.97178, 0.9745, 0.96167, 0.96989, 
0.96974, 0.97176, 0.97333, 0.973, 0.97824, 0.97023, 0.97716, 
0.0363, 0.0383, 0.0424, 0.0448, 0.0462, 0.0488, 0.0541, 0.0586, 
0.0595, 0.0656, 0.0681, 68.8, 73.4, 79.6, 82.6, 87.5, 90.2, 93, 
93.8, 98.5, 102.5, 105.7, 1, 1, 1, 1, 1, 1, 1, 1, 1, 1, 1, 1, 
1, 1, 1, 1, 1, 1, 1, 1, 1, 1, 1, 1, 1, 1, 1, 1, 1, 1, 1, 1, 1, 
1, 1, 1, 1, 1, 1, 1, 1, 1, 1, 1, 2.93, 3.011, 3.033, 3.075, 3.093, 
3.068, 3.257, 3.903, 3.736, 3.906, 3.852), .Dim = c(11L, 40L), .Dimnames = list(
    NULL, c("Sampling", "PSO.cost", "PSO.gamma", "PSO.data.balancing", 
    "PSO.feature.selection", "PSO.valid.acc", "PSO.test.acc", 
    "PSO.train.time", "PSO.n.support.vectors", "PSO.index", "PSO.n.solutions", 
    "PSO.generations", "PSO.n.evaluations", "PSO.cpu.time", "RS.cost", 
    "RS.gamma", "RS.data.balancing", "RS.feature.selection", 
    "RS.valid.acc", "RS.test.acc", "RS.train.time", "RS.n.support.vectors", 
    "RS.index", "RS.n.solutions", "RS.generations", "RS.n.evaluations", 
    "RS.cpu.time", "DF.cost", "DF.gamma", "DF.data.balancing", 
    "DF.feature.selection", "DF.valid.acc", "DF.test.acc", "DF.train.time", 
    "DF.n.support.vectors", "DF.index", "DF.n.solutions", "DF.generations", 
    "DF.n.evaluations", "DF.cpu.time")))
