full <-
structure(c(50, 55, 60, 65, 70, 75, 80, 85, 90, 95, 100, 6.93719, 
1.50923, 3.80338, 10.0324, 2.20822, 4.36634, 3.27643, 2.01644, 
2.37336, 3.52814, 4.31595, -11.03576, -5.97035, -6.08919, -14.72226, 
-6.50125, -6.21986, -6.27836, -5.54164, -6.23697, -7.14314, -9.63699, 
0, 0, 0, 0, 0, 0, 0, 0, 0, 0, 0, 0, 0, 0, 0, 0, 0, 0, 0, 0, 0, 
0, 0.97537, 0.97752, 0.9736, 0.97282, 0.97468, 0.97652, 0.9801, 
0.97912, 0.98039, 0.98138, 0.98245, 0.96823, 0.96794, 0.96201, 
0.96734, 0.96712, 0.97159, 0.9801, 0.97079, 0.97839, 0.97575, 
0.97895, 0.0334, 0.0357, 0.0326, 0.039, 0.0392, 0.0386, 0.0438, 
0.0491, 0.0461, 0.0454, 0.0521, 33.9, 49.8, 44.3, 43.2, 50.4, 
45.8, 49.2, 68.3, 60.4, 50.7, 64.4, 38, 566, 915, 22, 356, 444, 
196, 424, 509, 223, 1040, 201, 410, 76, 268, 102, 246, 449, 331, 
153, 366, 30, 100, 100, 100, 100, 100, 100, 100, 100, 100, 100, 
100, 2500, 2500, 2500, 2500, 2500, 2500, 2500, 2500, 2500, 2500, 
2500, 7427.786, 7210.578, 6814.876, 7270.927, 7561.831, 7323.05500000001, 
7516.852, 7681.91799999999, 7251.62599999999, 7210.71100000001, 
7650.821, 7.86936, 1.2869, 2.67131, 8.25962, 1.01739, 5.10013, 
2.45447, 1.62429, 0.97412, 3.35419, 2.50986, -11.89761, -5.9195, 
-6.55059, -12.93566, -5.7726, -6.69794, -6.38045, -5.25662, -5.71794, 
-7.00522, -7.37012, 0, 0, 0, 0, 0, 0, 0, 0, 0, 0, 0, 0, 0, 0, 
0, 0, 0, 0, 0, 0, 0, 0, 0.97537, 0.97429, 0.9736, 0.97282, 0.97468, 
0.97641, 0.9801, 0.97912, 0.98035, 0.98138, 0.98073, 0.9718, 
0.96794, 0.96495, 0.96464, 0.96455, 0.97391, 0.97792, 0.9687, 
0.97439, 0.97575, 0.97716, 0.0306, 0.0328, 0.036, 0.0344, 0.0425, 
0.0392, 0.0421, 0.0484, 0.0504, 0.0466, 0.0529, 34, 52, 45.6, 
43.5, 63.6, 40.2, 53.7, 74.7, 76.4, 51.9, 64.9, 586, 730, 229, 
58, 101, 848, 264, 1126, 270, 364, 1502, 8, 3, 7, 7, 13, 1, 7, 
1, 1, 2, 1, 100, 100, 100, 100, 100, 100, 100, 100, 100, 100, 
100, 2500, 2500, 2500, 2500, 2500, 2500, 2500, 2500, 2500, 2500, 
2500, 7238.936, 7379.395, 7607.09899999999, 7455.926, 8424.77, 
8474.285, 8108.341, 8169.81199999999, 8205.427, 8428.13700000002, 
8873.12700000001, 1, 1, 1, 1, 1, 1, 1, 1, 1, 1, 1, 0.03333, 0.03333, 
0.03333, 0.03333, 0.03333, 0.03333, 0.03333, 0.03333, 0.03333, 
0.03333, 0.03333, 0, 0, 0, 0, 0, 0, 0, 0, 0, 0, 0, 0, 0, 0, 0, 
0, 0, 0, 0, 0, 0, 0, 0.95062, 0.96159, 0.95595, 0.96464, 0.96462, 
0.95968, 0.97348, 0.97278, 0.96855, 0.97397, 0.97374, 0.95764, 
0.96159, 0.95309, 0.96464, 0.95955, 0.96915, 0.97575, 0.97065, 
0.96651, 0.97582, 0.97888, 0.0357, 0.0379, 0.0407, 0.0433, 0.0416, 
0.0492, 0.0528, 0.0499, 0.0556, 0.0594, 0.0657, 70.7, 73.6, 77.1, 
82.2, 83.8, 88.9, 89.2, 94.2, 97.8, 101.3, 107.1, 1, 1, 1, 1, 
1, 1, 1, 1, 1, 1, 1, 1, 1, 1, 1, 1, 1, 1, 1, 1, 1, 1, 1, 1, 1, 
1, 1, 1, 1, 1, 1, 1, 1, 1, 1, 1, 1, 1, 1, 1, 1, 1, 1, 1, 2.868, 
2.781, 2.986, 2.995, 2.992, 3.131, 3.691, 2.985, 2.998, 3, 3.229
), .Dim = c(11L, 40L), .Dimnames = list(NULL, c("Sampling", "PSO.cost", 
"PSO.gamma", "PSO.data.balancing", "PSO.feature.selection", "PSO.valid.acc", 
"PSO.test.acc", "PSO.train.time", "PSO.n.support.vectors", "PSO.index", 
"PSO.n.solutions", "PSO.generations", "PSO.n.evaluations", "PSO.cpu.time", 
"RS.cost", "RS.gamma", "RS.data.balancing", "RS.feature.selection", 
"RS.valid.acc", "RS.test.acc", "RS.train.time", "RS.n.support.vectors", 
"RS.index", "RS.n.solutions", "RS.generations", "RS.n.evaluations", 
"RS.cpu.time", "DF.cost", "DF.gamma", "DF.data.balancing", "DF.feature.selection", 
"DF.valid.acc", "DF.test.acc", "DF.train.time", "DF.n.support.vectors", 
"DF.index", "DF.n.solutions", "DF.generations", "DF.n.evaluations", 
"DF.cpu.time")))
