full <-
structure(c(50, 55, 60, 65, 70, 75, 80, 85, 90, 95, 100, 2.96138, 
5.28283, 0.74661, 9.15497, 5.74096, 3.8939, 3.88081, 2.21728, 
1.13776, 1.97389, 4.59746, -7.14381, -10.74609, -6.97297, -13.65497, 
-6.27455, -6.55734, -6.9109, -7.10197, -7.17418, -7.57777, -6.74974, 
0, 0, 0, 0, 0, 0, 0, 0, 0, 0, 0, 0, 0, 0, 0, 0, 0, 0, 0, 0, 0, 
0, 0.97894, 0.97117, 0.9737, 0.97552, 0.97762, 0.97625, 0.97787, 
0.98125, 0.98031, 0.98512, 0.98079, 0.97894, 0.96794, 0.95621, 
0.97025, 0.9571, 0.97154, 0.9801, 0.975, 0.97635, 0.97949, 0.97371, 
0.0308, 0.0332, 0.0375, 0.0362, 0.037, 0.0388, 0.0405, 0.045, 
0.0504, 0.0505, 0.0493, 39, 47, 63.7, 43.4, 40.4, 46.4, 44.3, 
58.8, 76.3, 68.3, 48.8, 1479, 552, 1650, 268, 860, 56, 809, 300, 
294, 2207, 105, 31, 67, 12, 45, 48, 212, 82, 125, 70, 7, 90, 
100, 100, 100, 100, 100, 100, 100, 100, 100, 100, 100, 2500, 
2500, 2500, 2500, 2500, 2500, 2500, 2500, 2500, 2500, 2500, 6813.413, 
6931.787, 7064.283, 7014.098, 7067.419, 7133.70199999999, 7127.232, 
7325.603, 7354.637, 7310.58099999998, 7529.402, 3.11892, 1.92819, 
1.73322, 2.42416, 5.77155, 4.22021, 4.688, 2.31031, 1.27471, 
2.08678, 11.16997, -6.45644, -6.87922, -5.34184, -5.97558, -6.19652, 
-6.77147, -8.10637, -7.21019, -7.34447, -7.67693, -11.22989, 
0, 0, 0, 0, 0, 0, 0, 0, 0, 0, 0, 0, 0, 0, 0, 0, 0, 0, 0, 0, 0, 
0, 0.97549, 0.97117, 0.97352, 0.97544, 0.97512, 0.97625, 0.97783, 
0.98125, 0.98031, 0.98512, 0.97904, 0.97549, 0.96472, 0.97351, 
0.97004, 0.9571, 0.97386, 0.97338, 0.975, 0.97439, 0.97949, 0.97199, 
0.032, 0.0335, 0.0379, 0.036, 0.0375, 0.0384, 0.0396, 0.0441, 
0.0503, 0.0505, 0.0486, 40, 50.1, 59, 51.1, 41, 43.5, 41.8, 58.4, 
75.9, 67.9, 34.5, 84, 1577, 723, 1922, 1990, 1334, 621, 1016, 
526, 2465, 28, 12, 5, 7, 1, 1, 1, 3, 1, 1, 1, 10, 100, 100, 100, 
100, 100, 100, 100, 100, 100, 100, 100, 2500, 2500, 2500, 2500, 
2500, 2500, 2500, 2500, 2500, 2500, 2500, 7158.829, 7324.45, 
7420.937, 7520.722, 7610.255, 7793.19, 7917.76699999999, 7965.894, 
8209.38800000001, 8356.383, 8641.992, 1, 1, 1, 1, 1, 1, 1, 1, 
1, 1, 1, 0.03333, 0.03333, 0.03333, 0.03333, 0.03333, 0.03333, 
0.03333, 0.03333, 0.03333, 0.03333, 0.03333, 0, 0, 0, 0, 0, 0, 
0, 0, 0, 0, 0, 0, 0, 0, 0, 0, 0, 0, 0, 0, 0, 0, 0.9649, 0.96159, 
0.96461, 0.96726, 0.96492, 0.96451, 0.97126, 0.975, 0.97639, 
0.97767, 0.97202, 0.96478, 0.96784, 0.96166, 0.96456, 0.96467, 
0.96456, 0.97343, 0.97083, 0.97639, 0.97393, 0.97199, 0.0346, 
0.0372, 0.0391, 0.041, 0.0437, 0.0475, 0.0494, 0.053, 0.0571, 
0.0592, 0.066, 71.3, 74.5, 78.2, 80.9, 84.1, 89.1, 88.6, 93.9, 
99.1, 100.8, 107.7, 1, 1, 1, 1, 1, 1, 1, 1, 1, 1, 1, 1, 1, 1, 
1, 1, 1, 1, 1, 1, 1, 1, 1, 1, 1, 1, 1, 1, 1, 1, 1, 1, 1, 1, 1, 
1, 1, 1, 1, 1, 1, 1, 1, 1, 2.715, 2.765, 2.803, 2.785, 2.8, 2.911, 
2.898, 2.876, 2.971, 2.949, 3.11), .Dim = c(11L, 40L), .Dimnames = list(
    NULL, c("Sampling", "PSO.cost", "PSO.gamma", "PSO.data.balancing", 
    "PSO.feature.selection", "PSO.valid.acc", "PSO.test.acc", 
    "PSO.train.time", "PSO.n.support.vectors", "PSO.index", "PSO.n.solutions", 
    "PSO.generations", "PSO.n.evaluations", "PSO.cpu.time", "RS.cost", 
    "RS.gamma", "RS.data.balancing", "RS.feature.selection", 
    "RS.valid.acc", "RS.test.acc", "RS.train.time", "RS.n.support.vectors", 
    "RS.index", "RS.n.solutions", "RS.generations", "RS.n.evaluations", 
    "RS.cpu.time", "DF.cost", "DF.gamma", "DF.data.balancing", 
    "DF.feature.selection", "DF.valid.acc", "DF.test.acc", "DF.train.time", 
    "DF.n.support.vectors", "DF.index", "DF.n.solutions", "DF.generations", 
    "DF.n.evaluations", "DF.cpu.time")))
