full <-
structure(c(50, 55, 60, 65, 70, 75, 80, 85, 90, 95, 100, 6.44437, 
7.69666, 3.32782, 2.76228, 8.54011, 9.43037, 1.01945, 1, 7.42551, 
2.1033, 0.94762, -11.80241, -10.35915, -7.13795, -8.27365, -13.14952, 
-15, -5.87301, 0.03333, -12.46369, -5.33902, -4.85857, 0, 0, 
0, 0, 0, 0, 0, 0, 0, 0, 0, 0, 0, 0, 0, 0, 0, 0, 0, 0, 0, 0, 0.96835, 
0.97376, 0.97378, 0.97553, 0.98493, 0.97641, 0.98246, 0.98129, 
0.98031, 0.98131, 0.98602, 0.96133, 0.95417, 0.96174, 0.96742, 
0.9723, 0.96921, 0.97579, 0.97716, 0.97639, 0.97383, 0.97728, 
0.0337, 0.0323, 0.0345, 0.0374, 0.0377, 0.041, 0.0472, 0.055, 
0.0469, 0.054, 0.0611, 44.7, 32.4, 41.9, 54.1, 47.5, 57.1, 70, 
96.1, 55.9, 74.3, 94.5, 7, 42, 373, 291, 179, 176, 536, 1, 643, 
857, 37, 328, 68, 537, 144, 115, 263, 234, 1, 51, 97, 766, 100, 
100, 100, 100, 100, 100, 100, 100, 100, 100, 100, 2500, 2500, 
2500, 2500, 2500, 2500, 2500, 2500, 2500, 2500, 2500, 7300.914, 
7325.425, 7440.794, 7508.857, 7460.47, 7505.613, 7671.602, 8210.808, 
7742.114, 8061.315, 8104.87100000001, 0.11411, 11.86631, 3.24501, 
0.838, 8.68347, 8.25338, 1.58832, 0.20617, 2.39435, 2.26638, 
1.56437, -4.89471, -14.5633, -6.89253, -4.91176, -13.25994, -13.5702, 
-6.47125, -5.0264, -4.74207, -5.54272, -5.23114, 0, 0, 0, 0, 
0, 0, 0, 0, 0, 0, 0, 0, 0, 0, 0, 0, 0, 0, 0, 0, 0, 0, 0.97192, 
0.97053, 0.97084, 0.97553, 0.98493, 0.97641, 0.98019, 0.98129, 
0.97843, 0.98131, 0.98602, 0.95788, 0.94792, 0.9588, 0.96471, 
0.96717, 0.96212, 0.97579, 0.97716, 0.97247, 0.97383, 0.97556, 
0.0366, 0.0328, 0.0348, 0.0422, 0.0388, 0.0432, 0.0448, 0.053, 
0.0556, 0.0535, 0.0576, 72.2, 32.2, 42.4, 76.8, 46.9, 55, 62.7, 
91.2, 86.8, 69.5, 80, 1122, 1260, 1271, 85, 188, 127, 514, 1438, 
248, 1725, 29, 1, 1, 3, 3, 1, 4, 4, 1, 2, 1, 3, 100, 100, 100, 
100, 100, 100, 100, 100, 100, 100, 100, 2500, 2500, 2500, 2500, 
2500, 2500, 2500, 2500, 2500, 2500, 2500, 7581.255, 7720.193, 
7859.495, 7984.433, 8034.094, 8205.90299999999, 8398.23800000001, 
8590.58, 8788.948, 8894.356, 9175.32199999999, 1, 1, 1, 1, 1, 
1, 1, 1, 1, 1, 1, 0.03333, 0.03333, 0.03333, 0.03333, 0.03333, 
0.03333, 0.03333, 0.03333, 0.03333, 0.03333, 0.03333, 0, 0, 0, 
0, 0, 0, 0, 0, 0, 0, 0, 0, 0, 0, 0, 0, 0, 0, 0, 0, 0, 0, 0.9649, 
0.96063, 0.96175, 0.96742, 0.96968, 0.9645, 0.97357, 0.98129, 
0.97243, 0.97568, 0.9755, 0.95788, 0.96042, 0.96478, 0.96201, 
0.96461, 0.96678, 0.97367, 0.97716, 0.97435, 0.97198, 0.9755, 
0.0357, 0.0378, 0.0415, 0.0435, 0.0458, 0.0484, 0.0528, 0.0565, 
0.0581, 0.06, 0.0641, 73.6, 75.7, 81, 83.3, 87.4, 90.3, 93.9, 
96.1, 100.2, 103.4, 106.5, 1, 1, 1, 1, 1, 1, 1, 1, 1, 1, 1, 1, 
1, 1, 1, 1, 1, 1, 1, 1, 1, 1, 1, 1, 1, 1, 1, 1, 1, 1, 1, 1, 1, 
1, 1, 1, 1, 1, 1, 1, 1, 1, 1, 1, 2.993, 2.972, 3.073, 3.04, 3.057, 
3.086, 3.094, 3.215, 3.22, 3.181, 3.224), .Dim = c(11L, 40L), .Dimnames = list(
    NULL, c("Sampling", "PSO.cost", "PSO.gamma", "PSO.data.balancing", 
    "PSO.feature.selection", "PSO.valid.acc", "PSO.test.acc", 
    "PSO.train.time", "PSO.n.support.vectors", "PSO.index", "PSO.n.solutions", 
    "PSO.generations", "PSO.n.evaluations", "PSO.cpu.time", "RS.cost", 
    "RS.gamma", "RS.data.balancing", "RS.feature.selection", 
    "RS.valid.acc", "RS.test.acc", "RS.train.time", "RS.n.support.vectors", 
    "RS.index", "RS.n.solutions", "RS.generations", "RS.n.evaluations", 
    "RS.cpu.time", "DF.cost", "DF.gamma", "DF.data.balancing", 
    "DF.feature.selection", "DF.valid.acc", "DF.test.acc", "DF.train.time", 
    "DF.n.support.vectors", "DF.index", "DF.n.solutions", "DF.generations", 
    "DF.n.evaluations", "DF.cpu.time")))
