full <-
structure(c(50, 55, 60, 65, 70, 75, 80, 85, 90, 95, 100, 10.00244, 
8.84313, 6.28105, 15, 13.6379, 8.92056, 3.51812, 5.79138, 14.7189, 
10.57595, 2.83524, -5.644, -8.04049, -11.42496, -13.84733, -12.54769, 
-12.4909, -5.45445, -5.82828, -12.58239, -14.14533, -6.18142, 
0, 0, 0, 0, 0, 0, 0, 0, 0, 0, 0, 0, 0, 0, 0, 0, 0, 0, 0, 0, 0, 
0, 0.96798, 0.9745, 0.97075, 0.97282, 0.98494, 0.97641, 0.9757, 
0.97917, 0.98227, 0.97767, 0.98255, 0.96096, 0.96159, 0.96772, 
0.96209, 0.96481, 0.96711, 0.96686, 0.97083, 0.96454, 0.97949, 
0.97901, 0.0203, 0.0201, 0.0228, 0.0227, 0.0234, 0.0246, 0.0293, 
0.0287, 0.0298, 0.0314, 0.0359, 34.8, 24.3, 45.5, 22.6, 23, 37.2, 
56.1, 43.7, 26.7, 45.6, 60.8, 23, 237, 73, 2299, 220, 208, 320, 
81, 1544, 75, 1014, 1196, 517, 439, 3, 719, 187, 170, 116, 24, 
623, 73, 100, 100, 100, 100, 100, 100, 100, 100, 100, 100, 100, 
2500, 2500, 2500, 2500, 2500, 2500, 2500, 2500, 2500, 2500, 2500, 
6455.831, 6484.102, 6553.238, 6664.312, 6567.236, 6640.05799999999, 
6841.893, 6730.38400000001, 6732.454, 6814.33100000001, 6923.74100000001, 
12.07746, 9.9788, 9.62613, 14.53855, 13.3711, 8.78886, 2.55766, 
6.14551, 14.49815, 11.11028, 3.17202, -5.70197, -8.75858, -14.30215, 
-13.25597, -12.16042, -12.24121, -5.01081, -6.44211, -12.84168, 
-14.47698, -6.17915, 0, 0, 0, 0, 0, 0, 0, 0, 0, 0, 0, 0, 0, 0, 
0, 0, 0, 0, 0, 0, 0, 0, 0.96798, 0.9745, 0.97075, 0.97274, 0.98244, 
0.97641, 0.9757, 0.97708, 0.98223, 0.97767, 0.98255, 0.96096, 
0.96482, 0.96772, 0.95931, 0.96731, 0.96711, 0.96686, 0.97083, 
0.97043, 0.97949, 0.98076, 0.0197, 0.0204, 0.022, 0.023, 0.0234, 
0.0248, 0.0322, 0.0276, 0.0293, 0.0315, 0.035, 33.6, 23.4, 41.6, 
22.4, 22.8, 36.8, 70, 39, 26.1, 44.5, 59, 37, 214, 53, 2066, 
1845, 37, 93, 21, 348, 561, 442, 16, 7, 48, 1, 1, 5, 3, 45, 4, 
12, 5, 100, 100, 100, 100, 100, 100, 100, 100, 100, 100, 100, 
2500, 2500, 2500, 2500, 2500, 2500, 2500, 2500, 2500, 2500, 2500, 
6686.158, 6794.454, 6848.165, 6974.52600000001, 7045.184, 7176.93399999999, 
7257.149, 7390.30600000001, 7476.27899999999, 7666.90399999999, 
7825.296, 1, 1, 1, 1, 1, 1, 1, 1, 1, 1, 1, 0.03333, 0.03333, 
0.03333, 0.03333, 0.03333, 0.03333, 0.03333, 0.03333, 0.03333, 
0.03333, 0.03333, 0, 0, 0, 0, 0, 0, 0, 0, 0, 0, 0, 0, 0, 0, 0, 
0, 0, 0, 0, 0, 0, 0, 0.95727, 0.96472, 0.96184, 0.9539, 0.96224, 
0.96694, 0.96908, 0.96667, 0.97251, 0.96827, 0.97553, 0.95727, 
0.96472, 0.95283, 0.95383, 0.96718, 0.96932, 0.96903, 0.96667, 
0.96666, 0.97205, 0.97728, 0.0234, 0.0257, 0.0275, 0.0291, 0.0307, 
0.033, 0.0349, 0.0372, 0.0401, 0.0422, 0.0447, 72.6, 77.1, 82.4, 
84.8, 85.9, 90.5, 93.3, 96.7, 99.3, 103.8, 106.2, 1, 1, 1, 1, 
1, 1, 1, 1, 1, 1, 1, 1, 1, 1, 1, 1, 1, 1, 1, 1, 1, 1, 1, 1, 1, 
1, 1, 1, 1, 1, 1, 1, 1, 1, 1, 1, 1, 1, 1, 1, 1, 1, 1, 1, 2.633, 
2.66, 2.618, 2.682, 2.754, 2.737, 2.702, 2.718, 2.899, 2.819, 
2.858), .Dim = c(11L, 40L), .Dimnames = list(NULL, c("Sampling", 
"PSO.cost", "PSO.gamma", "PSO.data.balancing", "PSO.feature.selection", 
"PSO.valid.acc", "PSO.test.acc", "PSO.train.time", "PSO.n.support.vectors", 
"PSO.index", "PSO.n.solutions", "PSO.generations", "PSO.n.evaluations", 
"PSO.cpu.time", "RS.cost", "RS.gamma", "RS.data.balancing", "RS.feature.selection", 
"RS.valid.acc", "RS.test.acc", "RS.train.time", "RS.n.support.vectors", 
"RS.index", "RS.n.solutions", "RS.generations", "RS.n.evaluations", 
"RS.cpu.time", "DF.cost", "DF.gamma", "DF.data.balancing", "DF.feature.selection", 
"DF.valid.acc", "DF.test.acc", "DF.train.time", "DF.n.support.vectors", 
"DF.index", "DF.n.solutions", "DF.generations", "DF.n.evaluations", 
"DF.cpu.time")))
