full <-
structure(c(50, 55, 60, 65, 70, 75, 80, 85, 90, 95, 100, 3.94679, 
5.55861, 7.13318, 6.54842, 10.34922, 2.58016, 1.26635, 12.42942, 
10.98033, 3.73017, 2.93773, -6.48513, -9.58311, -10.51598, -9.01883, 
-14.66473, -4.72973, -5.32323, -14.67402, -14.42772, -6.85352, 
-7.19971, 0, 0, 0, 0, 0, 0, 0, 0, 0, 0, 0, 0, 0, 0, 0, 0, 0, 
0, 0, 0, 0, 0, 0.97894, 0.97741, 0.98529, 0.98649, 0.97974, 0.98815, 
0.98449, 0.98746, 0.98624, 0.98124, 0.98233, 0.97918, 0.97418, 
0.98235, 0.97838, 0.97974, 0.98344, 0.98232, 0.98333, 0.98031, 
0.97379, 0.97713, 0.0327, 0.0347, 0.0356, 0.037, 0.0402, 0.0496, 
0.0507, 0.0455, 0.0467, 0.0515, 0.0549, 32, 32.4, 30.5, 29.8, 
39.6, 73.3, 69.5, 32.1, 41.1, 48.2, 59.1, 179, 117, 44, 40, 24, 
1236, 1445, 487, 100, 1648, 271, 549, 233, 368, 163, 770, 87, 
19, 85, 195, 39, 47, 100, 100, 100, 100, 100, 100, 100, 100, 
100, 100, 100, 2500, 2500, 2500, 2500, 2500, 2500, 2500, 2500, 
2500, 2500, 2500, 8084.742, 8084.226, 8129.496, 8198.066, 8235.318, 
8536.99399999999, 8676.889, 8783.827, 8791.215, 9188.448, 9165.06200000001, 
4.269, 8.60563, 5.63107, 6.5351, 4.57857, 1.55408, 3.12661, 7.02874, 
10.93093, 1.76504, 7.77987, -6.69489, -13.78776, -9.75744, -9.11726, 
-9.96694, -4.70545, -4.93555, -11.59185, -14.36634, -6.99379, 
-12.80157, 0, 0, 0, 0, 0, 0, 0, 0, 0, 0, 0, 0, 0, 0, 0, 0, 0, 
0, 0, 0, 0, 0, 0.97894, 0.97741, 0.98529, 0.98649, 0.98224, 0.98583, 
0.98232, 0.98541, 0.98624, 0.97945, 0.98064, 0.97573, 0.9646, 
0.98235, 0.97838, 0.97468, 0.98583, 0.98014, 0.97908, 0.98031, 
0.97572, 0.97541, 0.0336, 0.036, 0.0368, 0.0369, 0.0406, 0.049, 
0.0502, 0.0466, 0.0484, 0.0546, 0.0551, 31.1, 38.3, 35.1, 30, 
49, 78.7, 68.3, 46, 41.1, 65.8, 59.8, 94, 60, 239, 750, 233, 
139, 2315, 252, 166, 1774, 552, 5, 13, 8, 2, 3, 27, 3, 6, 2, 
3, 8, 100, 100, 100, 100, 100, 100, 100, 100, 100, 100, 100, 
2500, 2500, 2500, 2500, 2500, 2500, 2500, 2500, 2500, 2500, 2500, 
8462.574, 8495.159, 8644.034, 8796.09800000001, 8886.78000000001, 
9111.77, 9387.07500000001, 9755.799, 9978.283, 10184.596, 10361.251, 
1, 1, 1, 1, 1, 1, 1, 1, 1, 1, 1, 0.03333, 0.03333, 0.03333, 0.03333, 
0.03333, 0.03333, 0.03333, 0.03333, 0.03333, 0.03333, 0.03333, 
0, 0, 0, 0, 0, 0, 0, 0, 0, 0, 0, 0, 0, 0, 0, 0, 0, 0, 0, 0, 0, 
0, 0.97204, 0.97096, 0.97353, 0.97845, 0.96961, 0.98344, 0.97343, 
0.97708, 0.97835, 0.97376, 0.97888, 0.97204, 0.97096, 0.97647, 
0.97852, 0.96718, 0.98106, 0.98004, 0.97921, 0.97831, 0.97194, 
0.97716, 0.038, 0.0404, 0.0424, 0.0459, 0.0488, 0.0521, 0.0548, 
0.0566, 0.0601, 0.0634, 0.0674, 67.2, 70.2, 73.3, 78.3, 83.1, 
86.5, 89.2, 92.6, 97.6, 101.9, 106.1, 1, 1, 1, 1, 1, 1, 1, 1, 
1, 1, 1, 1, 1, 1, 1, 1, 1, 1, 1, 1, 1, 1, 1, 1, 1, 1, 1, 1, 1, 
1, 1, 1, 1, 1, 1, 1, 1, 1, 1, 1, 1, 1, 1, 1, 3.25, 3.3, 3.147, 
3.35, 3.393, 3.52, 3.487, 3.612, 3.56, 3.648, 3.679), .Dim = c(11L, 
40L), .Dimnames = list(NULL, c("Sampling", "PSO.cost", "PSO.gamma", 
"PSO.data.balancing", "PSO.feature.selection", "PSO.valid.acc", 
"PSO.test.acc", "PSO.train.time", "PSO.n.support.vectors", "PSO.index", 
"PSO.n.solutions", "PSO.generations", "PSO.n.evaluations", "PSO.cpu.time", 
"RS.cost", "RS.gamma", "RS.data.balancing", "RS.feature.selection", 
"RS.valid.acc", "RS.test.acc", "RS.train.time", "RS.n.support.vectors", 
"RS.index", "RS.n.solutions", "RS.generations", "RS.n.evaluations", 
"RS.cpu.time", "DF.cost", "DF.gamma", "DF.data.balancing", "DF.feature.selection", 
"DF.valid.acc", "DF.test.acc", "DF.train.time", "DF.n.support.vectors", 
"DF.index", "DF.n.solutions", "DF.generations", "DF.n.evaluations", 
"DF.cpu.time")))
