full <-
structure(c(50, 55, 60, 65, 70, 75, 80, 85, 90, 95, 100, 4.76015, 
10.81941, 7.10996, 2.85578, 8.99391, 10.0497, 2.06498, 3.26132, 
2.4206, 12.41665, 2.96609, -10.74373, -13.1528, -11.92481, -9.29526, 
-11.74438, -13.09911, -4.23102, -6.62552, -7.67226, -15, -7.04492, 
0, 0, 0, 0, 0, 0, 0, 0, 0, 0, 0, 0, 0, 0, 0, 0, 0, 0, 0, 0, 0, 
0, 0.97881, 0.98387, 0.98226, 0.981, 0.98224, 0.98355, 0.98676, 
0.98329, 0.9862, 0.98127, 0.98239, 0.97524, 0.97419, 0.97638, 
0.97815, 0.97455, 0.97419, 0.98449, 0.97908, 0.9822, 0.97942, 
0.9807, 0.0334, 0.0319, 0.0341, 0.039, 0.0369, 0.0384, 0.0546, 
0.0451, 0.0495, 0.046, 0.0534, 46, 26.8, 38.9, 59.4, 31.2, 32.6, 
98.6, 48.6, 60.7, 37.6, 57.2, 34, 98, 12, 24, 664, 282, 585, 
134, 910, 197, 177, 587, 502, 136, 173, 49, 602, 548, 255, 89, 
442, 357, 100, 100, 100, 100, 100, 100, 100, 100, 100, 100, 100, 
2500, 2500, 2500, 2500, 2500, 2500, 2500, 2500, 2500, 2500, 2500, 
7439.875, 7421.679, 7606.05, 7808.337, 7766.18799999999, 7802.95300000001, 
8257.88099999999, 8166.77900000001, 8119.13100000001, 8062.679, 
8163.215, 4.98179, 11.54354, 5.74795, 8.01053, 8.90026, 7.91086, 
2.85363, 3.20777, 2.90319, 2.43087, 4.27842, -10.05665, -13.21378, 
-10.52899, -14.58384, -11.71798, -11.21153, -4.58605, -6.77472, 
-8.08756, -6.44458, -8.02782, 0, 0, 0, 0, 0, 0, 0, 0, 0, 0, 0, 
0, 0, 0, 0, 0, 0, 0, 0, 0, 0, 0, 0.97881, 0.98387, 0.98226, 0.981, 
0.98224, 0.98355, 0.98454, 0.98329, 0.9862, 0.98127, 0.98239, 
0.97869, 0.96774, 0.97638, 0.98093, 0.97705, 0.97652, 0.98671, 
0.98121, 0.9782, 0.98131, 0.97722, 0.0321, 0.0317, 0.0349, 0.0391, 
0.0368, 0.0387, 0.0511, 0.0439, 0.0477, 0.0502, 0.0498, 39, 25, 
38.6, 59.3, 31.2, 33.4, 78.2, 49.4, 58.9, 58.6, 50.8, 19, 6, 
789, 360, 1417, 54, 1970, 429, 1181, 245, 196, 75, 33, 5, 15, 
1, 18, 1, 7, 2, 7, 11, 100, 100, 100, 100, 100, 100, 100, 100, 
100, 100, 100, 2500, 2500, 2500, 2500, 2500, 2500, 2500, 2500, 
2500, 2500, 2500, 7758.932, 7847.024, 8133.32, 8257.931, 8414.827, 
8580.48699999999, 8712.103, 8927.379, 8996.62299999999, 9196.35399999999, 
9424.413, 1, 1, 1, 1, 1, 1, 1, 1, 1, 1, 1, 0.03333, 0.03333, 
0.03333, 0.03333, 0.03333, 0.03333, 0.03333, 0.03333, 0.03333, 
0.03333, 0.03333, 0, 0, 0, 0, 0, 0, 0, 0, 0, 0, 0, 0, 0, 0, 0, 
0, 0, 0, 0, 0, 0, 0, 0.96796, 0.97117, 0.97344, 0.97559, 0.97455, 
0.97414, 0.98227, 0.97695, 0.97831, 0.97198, 0.97544, 0.97498, 
0.97127, 0.97638, 0.97282, 0.97449, 0.97646, 0.98227, 0.97283, 
0.97631, 0.97757, 0.97368, 0.0365, 0.0375, 0.0409, 0.0439, 0.0469, 
0.0496, 0.0514, 0.0556, 0.0566, 0.0613, 0.0659, 66.2, 70.4, 73.3, 
78.7, 82.4, 86.8, 90.7, 95.6, 98.7, 102.9, 104.4, 1, 1, 1, 1, 
1, 1, 1, 1, 1, 1, 1, 1, 1, 1, 1, 1, 1, 1, 1, 1, 1, 1, 1, 1, 1, 
1, 1, 1, 1, 1, 1, 1, 1, 1, 1, 1, 1, 1, 1, 1, 1, 1, 1, 1, 3.034, 
3.051, 3.089, 3.16, 3.199, 3.222, 3.18, 3.3, 3.233, 3.315, 3.397
), .Dim = c(11L, 40L), .Dimnames = list(NULL, c("Sampling", "PSO.cost", 
"PSO.gamma", "PSO.data.balancing", "PSO.feature.selection", "PSO.valid.acc", 
"PSO.test.acc", "PSO.train.time", "PSO.n.support.vectors", "PSO.index", 
"PSO.n.solutions", "PSO.generations", "PSO.n.evaluations", "PSO.cpu.time", 
"RS.cost", "RS.gamma", "RS.data.balancing", "RS.feature.selection", 
"RS.valid.acc", "RS.test.acc", "RS.train.time", "RS.n.support.vectors", 
"RS.index", "RS.n.solutions", "RS.generations", "RS.n.evaluations", 
"RS.cpu.time", "DF.cost", "DF.gamma", "DF.data.balancing", "DF.feature.selection", 
"DF.valid.acc", "DF.test.acc", "DF.train.time", "DF.n.support.vectors", 
"DF.index", "DF.n.solutions", "DF.generations", "DF.n.evaluations", 
"DF.cpu.time")))
