full <-
structure(c(50, 55, 60, 65, 70, 75, 80, 85, 90, 95, 100, 7.20467, 
10.83089, 3.91627, 2.45721, 1.9062, 3.59206, 9.90259, 8.94315, 
9.18837, 4.76107, 3.05235, -9.94565, -15, -6.33124, -6.55347, 
-4.62227, -4.7004, -15, -12.69863, -12.6703, -8.08316, -6.6752, 
0, 0, 0, 0, 0, 0, 0, 0, 0, 0, 0, 0, 0, 0, 0, 0, 0, 0, 0, 0, 0, 
0, 0.97855, 0.97429, 0.97629, 0.97012, 0.97493, 0.98122, 0.98459, 
0.98333, 0.98031, 0.9833, 0.98418, 0.96809, 0.96462, 0.97041, 
0.96208, 0.96987, 0.97646, 0.98014, 0.98333, 0.97631, 0.98145, 
0.97885, 0.0299, 0.0331, 0.0336, 0.0349, 0.0451, 0.047, 0.0408, 
0.0409, 0.0447, 0.0452, 0.0502, 28.3, 34.9, 38.6, 46.9, 77.9, 
72.5, 50.3, 41.2, 42.6, 44.3, 57.1, 41, 436, 76, 589, 474, 42, 
80, 104, 45, 170, 237, 504, 473, 334, 89, 131, 908, 93, 221, 
310, 560, 399, 100, 100, 100, 100, 100, 100, 100, 100, 100, 100, 
100, 2500, 2500, 2500, 2500, 2500, 2500, 2500, 2500, 2500, 2500, 
2500, 6779.566, 7207.848, 7298.999, 7118.344, 7541.85799999999, 
7994.35800000001, 6777.579, 7397.341, 7371.553, 7107.489, 7541.29599999997, 
9.27239, 10.34509, 1.15333, 2.60491, 1.598, 2.83577, 7.0069, 
10.57305, 3.89961, 4.92544, 3.92405, -13.37068, -13.70394, -4.24708, 
-6.72174, -4.41065, -4.57207, -12.09942, -14.34835, -6.9046, 
-8.55404, -7.07638, 0, 0, 0, 0, 0, 0, 0, 0, 0, 0, 0, 0, 0, 0, 
0, 0, 0, 0, 0, 0, 0, 0, 0.97855, 0.97429, 0.97629, 0.97012, 0.97493, 
0.98122, 0.98459, 0.98333, 0.98035, 0.9833, 0.98418, 0.96451, 
0.96462, 0.97041, 0.95937, 0.97237, 0.97884, 0.98232, 0.98333, 
0.97443, 0.98145, 0.97002, 0.0314, 0.0317, 0.0416, 0.036, 0.0471, 
0.046, 0.0405, 0.0417, 0.0423, 0.0456, 0.0477, 35.2, 30.1, 87.3, 
45.4, 87.9, 79.2, 50.4, 41.3, 47.3, 46.2, 49.7, 137, 340, 458, 
750, 429, 5, 376, 218, 477, 92, 846, 23, 1, 11, 1, 2, 7, 3, 8, 
1, 4, 3, 100, 100, 100, 100, 100, 100, 100, 100, 100, 100, 100, 
2500, 2500, 2500, 2500, 2500, 2500, 2500, 2500, 2500, 2500, 2500, 
7710.456, 7659.803, 7320.323, 7801.809, 7888.053, 7970.41, 7835.731, 
8336.85799999999, 8225.08300000001, 8415.42899999997, 8563.163, 
1, 1, 1, 1, 1, 1, 1, 1, 1, 1, 1, 0.03333, 0.03333, 0.03333, 0.03333, 
0.03333, 0.03333, 0.03333, 0.03333, 0.03333, 0.03333, 0.03333, 
0, 0, 0, 0, 0, 0, 0, 0, 0, 0, 0, 0, 0, 0, 0, 0, 0, 0, 0, 0, 0, 
0, 0.96426, 0.96784, 0.96755, 0.94557, 0.96968, 0.97176, 0.97575, 
0.97292, 0.97051, 0.97767, 0.97359, 0.95711, 0.97117, 0.97344, 
0.96741, 0.96486, 0.97884, 0.9757, 0.97083, 0.97247, 0.98141, 
0.97356, 0.0359, 0.0378, 0.0402, 0.0427, 0.045, 0.0472, 0.05, 
0.0537, 0.0556, 0.0584, 0.0617, 72.6, 76, 80, 82.8, 86.5, 89.7, 
92.6, 93.4, 97.4, 99.9, 106.5, 1, 1, 1, 1, 1, 1, 1, 1, 1, 1, 
1, 1, 1, 1, 1, 1, 1, 1, 1, 1, 1, 1, 1, 1, 1, 1, 1, 1, 1, 1, 1, 
1, 1, 1, 1, 1, 1, 1, 1, 1, 1, 1, 1, 1, 2.988, 2.933, 2.879, 3.036, 
2.9, 3.054, 2.812, 2.984, 2.84, 2.907, 2.907), .Dim = c(11L, 
40L), .Dimnames = list(NULL, c("Sampling", "PSO.cost", "PSO.gamma", 
"PSO.data.balancing", "PSO.feature.selection", "PSO.valid.acc", 
"PSO.test.acc", "PSO.train.time", "PSO.n.support.vectors", "PSO.index", 
"PSO.n.solutions", "PSO.generations", "PSO.n.evaluations", "PSO.cpu.time", 
"RS.cost", "RS.gamma", "RS.data.balancing", "RS.feature.selection", 
"RS.valid.acc", "RS.test.acc", "RS.train.time", "RS.n.support.vectors", 
"RS.index", "RS.n.solutions", "RS.generations", "RS.n.evaluations", 
"RS.cpu.time", "DF.cost", "DF.gamma", "DF.data.balancing", "DF.feature.selection", 
"DF.valid.acc", "DF.test.acc", "DF.train.time", "DF.n.support.vectors", 
"DF.index", "DF.n.solutions", "DF.generations", "DF.n.evaluations", 
"DF.cpu.time")))
