full <-
structure(c(50, 55, 60, 65, 70, 75, 80, 85, 90, 95, 100, 5.74739, 
4.50832, 0.07248, 2.28497, 1.48157, 11.53728, 13.17019, 2.28916, 
3.64234, -0.17155, 3.5152, -2.32937, -2.95371, -3.60285, -3.15882, 
-2.18114, -2.26201, -8.52082, -2.40939, -2.14834, -1.83642, -3.89424, 
0, 0, 0, 0, 0, 0, 0, 0, 0, 0, 0, 0, 0, 0, 0, 0, 0, 0, 0, 0, 0, 
0, 0.47286, 0.47548, 0.4619, 0.48476, 0.51262, 0.46369, 0.4244, 
0.52167, 0.49434, 0.52975, 0.47722, 0.41714, 0.45881, 0.42857, 
0.43321, 0.4319, 0.4498, 0.31571, 0.47111, 0.42164, 0.52699, 
0.48081, 0.0121, 0.0122, 0.0122, 0.0126, 0.0126, 0.0128, 0.0181, 
0.0138, 0.0142, 0.0145, 0.0152, 41.6, 45.3, 49.3, 52.9, 57.6, 
61.1, 57.6, 68.4, 73.1, 77.6, 80.6, 524, 33, 402, 2112, 666, 
180, 47, 726, 1131, 1323, 280, 201, 1042, 382, 3, 225, 1131, 
1301, 411, 98, 131, 335, 100, 100, 100, 100, 100, 100, 100, 100, 
100, 100, 100, 2500, 2500, 2500, 2500, 2500, 2500, 2500, 2500, 
2500, 2500, 2500, 6113.627, 6075.535, 6058.756, 6027.612, 6107.163, 
6114.692, 6213.26599999999, 6131.45299999999, 6131.762, 6234.298, 
6249.70700000001, 10.72835, 4.11304, 0.03143, 2.08374, 2.83204, 
5.34268, 5.06801, 2.17382, 3.66161, -0.18371, 3.40823, -2.33073, 
-2.77946, -3.88351, -2.93791, -2.20625, -2.23097, -4.79244, -3.5013, 
-2.15101, -1.92417, -3.79201, 0, 0, 0, 0, 0, 0, 0, 0, 0, 0, 0, 
0, 0, 0, 0, 0, 0, 0, 0, 0, 0, 0, 0.47286, 0.47548, 0.44762, 0.47226, 
0.50012, 0.46369, 0.43187, 0.51944, 0.49434, 0.51725, 0.47722, 
0.41714, 0.45881, 0.42857, 0.43321, 0.4194, 0.4498, 0.36472, 
0.46583, 0.42164, 0.53359, 0.4697, 0.012, 0.0117, 0.0114, 0.0122, 
0.0128, 0.0133, 0.0139, 0.0138, 0.0146, 0.0142, 0.0157, 41.6, 
45.5, 49.3, 52.9, 57.6, 61.2, 62.6, 66.5, 73.1, 77.6, 80.7, 2438, 
44, 67, 2018, 670, 413, 1718, 1374, 679, 60, 957, 1, 26, 1, 1, 
2, 12, 2, 1, 1, 1, 1, 100, 100, 100, 100, 100, 100, 100, 100, 
100, 100, 100, 2500, 2500, 2500, 2500, 2500, 2500, 2500, 2500, 
2500, 2500, 2500, 6120.166, 6033.633, 6003.545, 6085.06, 6124.851, 
6113.80500000001, 6141.303, 6131.21200000001, 6233.636, 6244.90699999999, 
6252.162, 1, 1, 1, 1, 1, 1, 1, 1, 1, 1, 1, 0.11111, 0.11111, 
0.11111, 0.11111, 0.11111, 0.11111, 0.11111, 0.11111, 0.11111, 
0.11111, 0.11111, 0, 0, 0, 0, 0, 0, 0, 0, 0, 0, 0, 0, 0, 0, 0, 
0, 0, 0, 0, 0, 0, 0, 0.41286, 0.4019, 0.4419, 0.37845, 0.41266, 
0.39266, 0.36218, 0.48694, 0.42601, 0.43323, 0.43035, 0.43048, 
0.38762, 0.42857, 0.36619, 0.41762, 0.38155, 0.40512, 0.50306, 
0.4276, 0.41457, 0.43631, 0.0117, 0.0115, 0.012, 0.012, 0.0126, 
0.0131, 0.0128, 0.0133, 0.014, 0.0144, 0.0149, 41.4, 45.5, 49.3, 
52.7, 57, 61.1, 65.1, 67.6, 71.7, 75.9, 82.1, 1, 1, 1, 1, 1, 
1, 1, 1, 1, 1, 1, 1, 1, 1, 1, 1, 1, 1, 1, 1, 1, 1, 1, 1, 1, 1, 
1, 1, 1, 1, 1, 1, 1, 1, 1, 1, 1, 1, 1, 1, 1, 1, 1, 1, 2.494, 
2.399, 2.442, 2.44, 2.437, 2.498, 2.461, 2.482, 2.516, 2.486, 
2.487), .Dim = c(11L, 40L), .Dimnames = list(NULL, c("Sampling", 
"PSO.cost", "PSO.gamma", "PSO.data.balancing", "PSO.feature.selection", 
"PSO.valid.acc", "PSO.test.acc", "PSO.train.time", "PSO.n.support.vectors", 
"PSO.index", "PSO.n.solutions", "PSO.generations", "PSO.n.evaluations", 
"PSO.cpu.time", "RS.cost", "RS.gamma", "RS.data.balancing", "RS.feature.selection", 
"RS.valid.acc", "RS.test.acc", "RS.train.time", "RS.n.support.vectors", 
"RS.index", "RS.n.solutions", "RS.generations", "RS.n.evaluations", 
"RS.cpu.time", "DF.cost", "DF.gamma", "DF.data.balancing", "DF.feature.selection", 
"DF.valid.acc", "DF.test.acc", "DF.train.time", "DF.n.support.vectors", 
"DF.index", "DF.n.solutions", "DF.generations", "DF.n.evaluations", 
"DF.cpu.time")))
