full <-
structure(c(50, 55, 60, 65, 70, 75, 80, 85, 90, 95, 100, -0.2511, 
1.61527, -0.20114, 1.40324, -0.19801, 1.23148, 2.36845, 2.20079, 
1.43394, 1.62251, -0.21848, -3.07128, -3.07155, -2.46259, -3.99043, 
-3.85639, -3.60701, -3.52577, -4.63498, -4.18237, -1.84818, -2.11442, 
0, 0, 0, 0, 0, 0, 0, 0, 0, 0, 0, 0, 0, 0, 0, 0, 0, 0, 0, 0, 0, 
0, 0.51167, 0.53262, 0.41881, 0.52714, 0.50718, 0.45516, 0.51611, 
0.43452, 0.45652, 0.46338, 0.53407, 0.50833, 0.51595, 0.38071, 
0.38, 0.45222, 0.40694, 0.46393, 0.3569, 0.37112, 0.40894, 0.47299, 
0.0145, 0.0134, 0.0115, 0.0124, 0.0133, 0.0126, 0.0135, 0.0136, 
0.0143, 0.0148, 0.0154, 41.3, 45.2, 49.3, 53, 57, 60.1, 64.1, 
66.6, 71, 77.6, 83.6, 1096, 298, 891, 615, 597, 1118, 968, 1482, 
2258, 523, 1133, 444, 281, 341, 44, 40, 188, 264, 26, 1, 732, 
158, 100, 100, 100, 100, 100, 100, 100, 100, 100, 100, 100, 2500, 
2500, 2500, 2500, 2500, 2500, 2500, 2500, 2500, 2500, 2500, 7030.322, 
6811.256, 6677.839, 6704.351, 6639.585, 6735.266, 6694.44, 6645.026, 
6727.152, 6803.92300000001, 6759.64499999999, -0.27556, 0.66754, 
-0.25121, 2.12001, -0.20803, 1.57471, -0.07225, 2.42421, 1.57295, 
0.71935, 0.17934, -2.9288, -2.73895, -2.34683, -2.78027, -3.85337, 
-3.92917, -2.14976, -4.38905, -3.75979, -1.6882, -2.33777, 0, 
0, 0, 0, 0, 0, 0, 0, 0, 0, 0, 0, 0, 0, 0, 0, 0, 0, 0, 0, 0, 0, 
0.49167, 0.51929, 0.40214, 0.52143, 0.50718, 0.45377, 0.51433, 
0.41591, 0.4393, 0.45136, 0.51276, 0.47167, 0.51595, 0.38071, 
0.43536, 0.45222, 0.39583, 0.46353, 0.3948, 0.42132, 0.44962, 
0.46506, 0.0123, 0.0112, 0.0126, 0.0123, 0.0123, 0.0135, 0.0138, 
0.0136, 0.0145, 0.0145, 0.0162, 41.3, 45.2, 49.4, 53.2, 57, 59.7, 
65.5, 66.6, 71.2, 77.6, 82.8, 2218, 257, 1374, 1743, 2450, 2487, 
324, 934, 85, 124, 1179, 1, 2, 1, 1, 1, 1, 1, 1, 2, 5, 1, 100, 
100, 100, 100, 100, 100, 100, 100, 100, 100, 100, 2500, 2500, 
2500, 2500, 2500, 2500, 2500, 2500, 2500, 2500, 2500, 6997.502, 
6639.116, 6586.553, 6687.621, 6723.166, 6787.064, 6686.781, 6612.60399999999, 
6789.71400000001, 6745.989, 6868.652, 1, 1, 1, 1, 1, 1, 1, 1, 
1, 1, 1, 0.11111, 0.11111, 0.11111, 0.11111, 0.11111, 0.11111, 
0.11111, 0.11111, 0.11111, 0.11111, 0.11111, 0, 0, 0, 0, 0, 0, 
0, 0, 0, 0, 0, 0, 0, 0, 0, 0, 0, 0, 0, 0, 0, 0, 0.45, 0.48833, 
0.38786, 0.43214, 0.46218, 0.38075, 0.46821, 0.33833, 0.40339, 
0.35199, 0.46665, 0.525, 0.50167, 0.42833, 0.37583, 0.49329, 
0.38532, 0.45492, 0.37802, 0.3589, 0.39699, 0.44172, 0.0138, 
0.0113, 0.0129, 0.0127, 0.0122, 0.0138, 0.013, 0.0135, 0.014, 
0.0153, 0.0157, 41.1, 45.1, 49.1, 53.1, 57, 61.2, 64.8, 69.2, 
72.6, 76.9, 82.2, 1, 1, 1, 1, 1, 1, 1, 1, 1, 1, 1, 1, 1, 1, 1, 
1, 1, 1, 1, 1, 1, 1, 1, 1, 1, 1, 1, 1, 1, 1, 1, 1, 1, 1, 1, 1, 
1, 1, 1, 1, 1, 1, 1, 1, 2.754, 2.61, 2.784, 2.731, 2.625, 2.789, 
2.618, 2.575, 2.699, 2.825, 2.8), .Dim = c(11L, 40L), .Dimnames = list(
    NULL, c("Sampling", "PSO.cost", "PSO.gamma", "PSO.data.balancing", 
    "PSO.feature.selection", "PSO.valid.acc", "PSO.test.acc", 
    "PSO.train.time", "PSO.n.support.vectors", "PSO.index", "PSO.n.solutions", 
    "PSO.generations", "PSO.n.evaluations", "PSO.cpu.time", "RS.cost", 
    "RS.gamma", "RS.data.balancing", "RS.feature.selection", 
    "RS.valid.acc", "RS.test.acc", "RS.train.time", "RS.n.support.vectors", 
    "RS.index", "RS.n.solutions", "RS.generations", "RS.n.evaluations", 
    "RS.cpu.time", "DF.cost", "DF.gamma", "DF.data.balancing", 
    "DF.feature.selection", "DF.valid.acc", "DF.test.acc", "DF.train.time", 
    "DF.n.support.vectors", "DF.index", "DF.n.solutions", "DF.generations", 
    "DF.n.evaluations", "DF.cpu.time")))
