full <-
structure(c(50, 55, 60, 65, 70, 75, 80, 85, 90, 95, 100, 1.45352, 
5.54126, 0.01677, 11.37808, -0.04035, 4.47359, 3.29667, -0.15364, 
3.17512, -0.04506, 0.0826, -7.6282, -1.32548, -2.42493, -15, 
-2.74297, -6.10169, -5.48869, -1.98512, -5.31712, -1.81052, -1.78026, 
0, 0, 0, 0, 0, 0, 0, 0, 0, 0, 0, 0, 0, 0, 0, 0, 0, 0, 0, 0, 0, 
0, 0.39833, 0.40476, 0.44226, 0.42631, 0.43968, 0.46786, 0.5152, 
0.48107, 0.50038, 0.47078, 0.51035, 0.365, 0.37548, 0.37143, 
0.31607, 0.375, 0.45179, 0.49587, 0.43385, 0.4708, 0.40169, 0.51742, 
0.0103, 0.0121, 0.0121, 0.0124, 0.0122, 0.0134, 0.014, 0.0148, 
0.014, 0.0149, 0.0142, 41.4, 45.6, 49.6, 51, 57.1, 55.7, 60.2, 
69.4, 67.6, 77.6, 84, 104, 30, 2387, 236, 991, 478, 259, 1268, 
145, 1455, 973, 22, 602, 1, 82, 60, 75, 141, 44, 695, 31, 187, 
100, 100, 100, 100, 100, 100, 100, 100, 100, 100, 100, 2500, 
2500, 2500, 2500, 2500, 2500, 2500, 2500, 2500, 2500, 2500, 6153.51, 
6157.577, 6216.109, 6269.146, 6237.954, 6582.129, 6600.962, 6474.351, 
6137.16, 6133.64, 5919.67300000001, 2.38571, 11.61332, 0.42878, 
8.52882, 0.69217, 4.81311, 2.7324, -0.22923, 3.22289, -0.06702, 
-0.1253, -7.56133, -1.36212, -3.07347, -12.14984, -2.8894, -6.41987, 
-5.15284, -1.99351, -5.33825, -1.89413, -1.79712, 0, 0, 0, 0, 
0, 0, 0, 0, 0, 0, 0, 0, 0, 0, 0, 0, 0, 0, 0, 0, 0, 0, 0.39667, 
0.40476, 0.43393, 0.42631, 0.43611, 0.46786, 0.50409, 0.48107, 
0.50038, 0.44578, 0.49646, 0.35333, 0.37548, 0.3756, 0.31607, 
0.40595, 0.425, 0.4931, 0.43385, 0.4708, 0.4051, 0.46753, 0.0109, 
0.0115, 0.0125, 0.0124, 0.0135, 0.0138, 0.0136, 0.0137, 0.0139, 
0.0141, 0.0138, 41.3, 45.6, 49.6, 51, 56.8, 55.6, 60.5, 69.4, 
67.7, 77.6, 84, 137, 44, 1105, 692, 687, 49, 2256, 1132, 509, 
1376, 1610, 7, 19, 2, 2, 3, 1, 1, 1, 1, 1, 1, 100, 100, 100, 
100, 100, 100, 100, 100, 100, 100, 100, 2500, 2500, 2500, 2500, 
2500, 2500, 2500, 2500, 2500, 2500, 2500, 6136.807, 6158.238, 
6256.373, 6240.33, 6472.459, 6567.212, 6556.90399999999, 6274.325, 
6106.334, 5969.175, 5833.10200000001, 1, 1, 1, 1, 1, 1, 1, 1, 
1, 1, 1, 0.11111, 0.11111, 0.11111, 0.11111, 0.11111, 0.11111, 
0.11111, 0.11111, 0.11111, 0.11111, 0.11111, 0, 0, 0, 0, 0, 0, 
0, 0, 0, 0, 0, 0, 0, 0, 0, 0, 0, 0, 0, 0, 0, 0, 0.31667, 0.27952, 
0.39226, 0.33762, 0.4129, 0.35714, 0.4523, 0.43179, 0.42748, 
0.41328, 0.46939, 0.34167, 0.36286, 0.30714, 0.35131, 0.3625, 
0.425, 0.44548, 0.42317, 0.45247, 0.40169, 0.48848, 0.0118, 0.0114, 
0.0119, 0.0124, 0.0127, 0.0136, 0.0135, 0.0137, 0.0131, 0.0137, 
0.014, 41.6, 45.6, 49.6, 53.6, 57, 60.4, 64, 67.2, 71.3, 76.1, 
82.1, 1, 1, 1, 1, 1, 1, 1, 1, 1, 1, 1, 1, 1, 1, 1, 1, 1, 1, 1, 
1, 1, 1, 1, 1, 1, 1, 1, 1, 1, 1, 1, 1, 1, 1, 1, 1, 1, 1, 1, 1, 
1, 1, 1, 1, 2.548, 2.481, 2.509, 2.509, 2.541, 2.632, 2.623, 
2.484, 2.389, 2.341, 2.317), .Dim = c(11L, 40L), .Dimnames = list(
    NULL, c("Sampling", "PSO.cost", "PSO.gamma", "PSO.data.balancing", 
    "PSO.feature.selection", "PSO.valid.acc", "PSO.test.acc", 
    "PSO.train.time", "PSO.n.support.vectors", "PSO.index", "PSO.n.solutions", 
    "PSO.generations", "PSO.n.evaluations", "PSO.cpu.time", "RS.cost", 
    "RS.gamma", "RS.data.balancing", "RS.feature.selection", 
    "RS.valid.acc", "RS.test.acc", "RS.train.time", "RS.n.support.vectors", 
    "RS.index", "RS.n.solutions", "RS.generations", "RS.n.evaluations", 
    "RS.cpu.time", "DF.cost", "DF.gamma", "DF.data.balancing", 
    "DF.feature.selection", "DF.valid.acc", "DF.test.acc", "DF.train.time", 
    "DF.n.support.vectors", "DF.index", "DF.n.solutions", "DF.generations", 
    "DF.n.evaluations", "DF.cpu.time")))
