full <-
structure(c(50, 55, 60, 65, 70, 75, 80, 85, 90, 95, 100, 3.43469, 
-0.56507, 12.38615, 0.19128, 2.49165, 2.29678, 2.12309, 2.58662, 
-0.35243, 1.47717, 2.77359, -6.49328, -2.53226, -8.59475, -3.31852, 
-4.82358, -4.70326, -4.30758, -4.52649, -2.46096, -2.48632, -3.19766, 
0, 0, 0, 0, 0, 0, 0, 0, 0, 0, 0, 0, 0, 0, 0, 0, 0, 0, 0, 0, 0, 
0, 0.59714, 0.49, 0.48786, 0.53508, 0.53817, 0.50278, 0.4773, 
0.44798, 0.4825, 0.46667, 0.4696, 0.44119, 0.47333, 0.39262, 
0.51218, 0.42155, 0.44226, 0.40984, 0.37079, 0.46702, 0.42444, 
0.42101, 0.0103, 0.0105, 0.0134, 0.0131, 0.0123, 0.0123, 0.0133, 
0.0141, 0.0132, 0.0134, 0.0144, 39, 45.6, 45.2, 52.9, 55.1, 59.2, 
63.8, 67, 73.6, 77.4, 82.1, 274, 432, 159, 424, 925, 1086, 38, 
111, 1075, 458, 51, 110, 115, 1322, 239, 72, 14, 993, 396, 438, 
355, 893, 100, 100, 100, 100, 100, 100, 100, 100, 100, 100, 100, 
2500, 2500, 2500, 2500, 2500, 2500, 2500, 2500, 2500, 2500, 2500, 
5946.266, 5911.541, 6064.897, 6189.003, 6190.936, 6220.245, 6301.333, 
6353.789, 6042.20300000001, 6099.557, 6142.265, 2.67963, -0.35806, 
13.67756, 0.6325, 3.00838, 0.92049, 2.36447, 2.00588, 0.23459, 
1.3342, 2.26154, -5.86755, -2.23604, -8.65248, -2.7001, -5.19783, 
-3.29512, -4.43507, -4.12515, -2.84619, -2.38437, -2.69439, 0, 
0, 0, 0, 0, 0, 0, 0, 0, 0, 0, 0, 0, 0, 0, 0, 0, 0, 0, 0, 0, 0, 
0.59714, 0.47, 0.48786, 0.52619, 0.52389, 0.49861, 0.4773, 0.44798, 
0.46404, 0.46667, 0.4696, 0.45548, 0.49, 0.39262, 0.50579, 0.44933, 
0.41726, 0.40984, 0.38052, 0.43, 0.41333, 0.4301, 0.0112, 0.0114, 
0.0139, 0.0121, 0.0125, 0.0138, 0.0136, 0.0127, 0.0128, 0.0133, 
0.0154, 39.7, 45.6, 45.2, 53.6, 54.7, 60.9, 63.8, 67.6, 73.6, 
77.4, 82.7, 1262, 1456, 692, 1637, 474, 1586, 435, 2101, 323, 
2426, 646, 1, 1, 8, 1, 1, 2, 6, 1, 1, 1, 4, 100, 100, 100, 100, 
100, 100, 100, 100, 100, 100, 100, 2500, 2500, 2500, 2500, 2500, 
2500, 2500, 2500, 2500, 2500, 2500, 6034.519, 6015.309, 6051.838, 
6193.423, 6234.53, 6307.402, 6344.693, 6220.804, 6088.79699999999, 
6115.88099999999, 6123.94899999999, 1, 1, 1, 1, 1, 1, 1, 1, 1, 
1, 1, 0.11111, 0.11111, 0.11111, 0.11111, 0.11111, 0.11111, 0.11111, 
0.11111, 0.11111, 0.11111, 0.11111, 0, 0, 0, 0, 0, 0, 0, 0, 0, 
0, 0, 0, 0, 0, 0, 0, 0, 0, 0, 0, 0, 0, 0.52548, 0.42, 0.44179, 
0.50651, 0.43726, 0.41766, 0.43623, 0.39159, 0.41253, 0.37778, 
0.41126, 0.49452, 0.45333, 0.42619, 0.52679, 0.50762, 0.42817, 
0.36222, 0.40702, 0.43341, 0.36667, 0.42051, 0.0108, 0.0108, 
0.0112, 0.0114, 0.0125, 0.0124, 0.0129, 0.0128, 0.014, 0.0131, 
0.0151, 41.6, 45.6, 49.6, 53.2, 57.3, 61.4, 65.6, 69.3, 73, 76.8, 
82.5, 1, 1, 1, 1, 1, 1, 1, 1, 1, 1, 1, 1, 1, 1, 1, 1, 1, 1, 1, 
1, 1, 1, 1, 1, 1, 1, 1, 1, 1, 1, 1, 1, 1, 1, 1, 1, 1, 1, 1, 1, 
1, 1, 1, 1, 2.424, 2.417, 2.339, 2.356, 2.516, 2.446, 2.541, 
2.388, 2.574, 2.351, 2.561), .Dim = c(11L, 40L), .Dimnames = list(
    NULL, c("Sampling", "PSO.cost", "PSO.gamma", "PSO.data.balancing", 
    "PSO.feature.selection", "PSO.valid.acc", "PSO.test.acc", 
    "PSO.train.time", "PSO.n.support.vectors", "PSO.index", "PSO.n.solutions", 
    "PSO.generations", "PSO.n.evaluations", "PSO.cpu.time", "RS.cost", 
    "RS.gamma", "RS.data.balancing", "RS.feature.selection", 
    "RS.valid.acc", "RS.test.acc", "RS.train.time", "RS.n.support.vectors", 
    "RS.index", "RS.n.solutions", "RS.generations", "RS.n.evaluations", 
    "RS.cpu.time", "DF.cost", "DF.gamma", "DF.data.balancing", 
    "DF.feature.selection", "DF.valid.acc", "DF.test.acc", "DF.train.time", 
    "DF.n.support.vectors", "DF.index", "DF.n.solutions", "DF.generations", 
    "DF.n.evaluations", "DF.cpu.time")))
