full <-
structure(c(50, 55, 60, 65, 70, 75, 80, 85, 90, 95, 100, 7.42901, 
7.77057, 10.1405, 3.53856, 14.55581, 0.07098, 0.21002, 0.23869, 
1.32596, -0.50922, 1.84384, -3.56036, -2.87316, -5.15369, -4.08554, 
-2.26159, -3.21175, -1.95785, -2.76505, -3.82495, -2.88584, -3.76755, 
0, 0, 0, 0, 0, 0, 0, 0, 0, 0, 0, 0, 0, 0, 0, 0, 0, 0, 0, 0, 0, 
0, 0.41, 0.46333, 0.34762, 0.4131, 0.38631, 0.49901, 0.48631, 
0.48795, 0.45677, 0.49606, 0.4803, 0.36, 0.41, 0.37, 0.29345, 
0.3631, 0.41726, 0.41825, 0.46823, 0.37775, 0.42343, 0.46562, 
0.011, 0.0118, 0.0127, 0.0117, 0.012, 0.0118, 0.0141, 0.0134, 
0.0132, 0.0138, 0.0148, 40.5, 45.4, 48.1, 52.5, 57.6, 61.1, 65.6, 
68.9, 71.1, 77, 80.1, 139, 22, 15, 802, 17, 677, 693, 85, 583, 
816, 2115, 1059, 1227, 524, 340, 1001, 50, 188, 758, 259, 541, 
9, 100, 100, 100, 100, 100, 100, 100, 100, 100, 100, 100, 2500, 
2500, 2500, 2500, 2500, 2500, 2500, 2500, 2500, 2500, 2500, 6509.205, 
6565.2, 6575.465, 6477.743, 6375.368, 6419.83899999999, 6352.128, 
6501.33499999999, 6491.70299999999, 6586.30899999999, 6567.031, 
8.26428, 14.96858, 2.92758, 2.80751, 7.10361, 0.03035, 0.21894, 
0.39268, 0.97792, -0.45451, 1.62454, -3.59794, -2.70672, -3.42132, 
-3.98369, -2.2777, -3.06896, -1.96032, -2.77078, -3.3595, -2.96608, 
-3.75463, 0, 0, 0, 0, 0, 0, 0, 0, 0, 0, 0, 0, 0, 0, 0, 0, 0, 
0, 0, 0, 0, 0, 0.41, 0.46333, 0.3619, 0.39881, 0.38631, 0.4879, 
0.48631, 0.47886, 0.44677, 0.47495, 0.47197, 0.36, 0.42667, 0.37571, 
0.30357, 0.3631, 0.41548, 0.41825, 0.44573, 0.38545, 0.41343, 
0.48332, 0.0109, 0.0122, 0.0123, 0.0132, 0.0129, 0.0127, 0.0125, 
0.0127, 0.0137, 0.0135, 0.0143, 40.5, 45.4, 49.3, 52.5, 57.6, 
61.1, 65.6, 69, 71.6, 76.8, 80, 1087, 38, 26, 1244, 174, 2396, 
1067, 1039, 373, 1127, 1039, 7, 47, 1, 3, 2, 1, 1, 2, 1, 1, 1, 
100, 100, 100, 100, 100, 100, 100, 100, 100, 100, 100, 2500, 
2500, 2500, 2500, 2500, 2500, 2500, 2500, 2500, 2500, 2500, 6520.716, 
6521.8, 6573.074, 6340.724, 6420.803, 6427.861, 6445.95000000001, 
6511.54900000001, 6668.757, 6450.391, 6478.179, 1, 1, 1, 1, 1, 
1, 1, 1, 1, 1, 1, 0.11111, 0.11111, 0.11111, 0.11111, 0.11111, 
0.11111, 0.11111, 0.11111, 0.11111, 0.11111, 0.11111, 0, 0, 0, 
0, 0, 0, 0, 0, 0, 0, 0, 0, 0, 0, 0, 0, 0, 0, 0, 0, 0, 0, 0.31, 
0.35667, 0.28095, 0.30833, 0.31845, 0.47361, 0.42659, 0.44548, 
0.37232, 0.43364, 0.44268, 0.31833, 0.35333, 0.28905, 0.30833, 
0.29167, 0.41726, 0.45437, 0.47867, 0.41359, 0.38414, 0.45438, 
0.0112, 0.0105, 0.0118, 0.0125, 0.0131, 0.0118, 0.0141, 0.0129, 
0.0133, 0.0136, 0.0141, 41.6, 45.6, 49.6, 53.6, 57.6, 61.1, 64.7, 
68.6, 72.3, 76.6, 82.5, 1, 1, 1, 1, 1, 1, 1, 1, 1, 1, 1, 1, 1, 
1, 1, 1, 1, 1, 1, 1, 1, 1, 1, 1, 1, 1, 1, 1, 1, 1, 1, 1, 1, 1, 
1, 1, 1, 1, 1, 1, 1, 1, 1, 1, 2.557, 2.429, 2.649, 2.686, 2.652, 
2.495, 2.737, 2.513, 2.565, 2.536, 2.525), .Dim = c(11L, 40L), .Dimnames = list(
    NULL, c("Sampling", "PSO.cost", "PSO.gamma", "PSO.data.balancing", 
    "PSO.feature.selection", "PSO.valid.acc", "PSO.test.acc", 
    "PSO.train.time", "PSO.n.support.vectors", "PSO.index", "PSO.n.solutions", 
    "PSO.generations", "PSO.n.evaluations", "PSO.cpu.time", "RS.cost", 
    "RS.gamma", "RS.data.balancing", "RS.feature.selection", 
    "RS.valid.acc", "RS.test.acc", "RS.train.time", "RS.n.support.vectors", 
    "RS.index", "RS.n.solutions", "RS.generations", "RS.n.evaluations", 
    "RS.cpu.time", "DF.cost", "DF.gamma", "DF.data.balancing", 
    "DF.feature.selection", "DF.valid.acc", "DF.test.acc", "DF.train.time", 
    "DF.n.support.vectors", "DF.index", "DF.n.solutions", "DF.generations", 
    "DF.n.evaluations", "DF.cpu.time")))
