full <-
structure(c(50, 55, 60, 65, 70, 75, 80, 85, 90, 95, 100, 3.19961, 
6.11966, 6.31098, 1.77978, 4.56801, 4.22662, 1.32886, 0.71321, 
0.29748, 5.06968, -0.21137, -6.08326, -6.04038, -6.0965, -2.43474, 
-5.60695, -5.51673, -3.09912, -1.78781, -1.80743, -4.44688, -2.2321, 
0, 0, 0, 0, 0, 0, 0, 0, 0, 0, 0, 0, 0, 0, 0, 0, 0, 0, 0, 0, 0, 
0, 0.54833, 0.49714, 0.46524, 0.50635, 0.43571, 0.46349, 0.51242, 
0.52365, 0.48876, 0.49664, 0.48902, 0.47167, 0.41762, 0.46667, 
0.4619, 0.46012, 0.36369, 0.48187, 0.49004, 0.46772, 0.43657, 
0.49159, 0.0106, 0.0125, 0.0114, 0.0125, 0.0142, 0.0142, 0.0139, 
0.0147, 0.0144, 0.0151, 0.0154, 39.6, 43.1, 46.5, 53.6, 54, 58.4, 
63.8, 69.6, 73.5, 71.3, 83.2, 303, 316, 145, 127, 1779, 420, 
490, 2250, 494, 524, 1316, 108, 745, 291, 476, 10, 559, 358, 
1, 559, 227, 20, 100, 100, 100, 100, 100, 100, 100, 100, 100, 
100, 100, 2500, 2500, 2500, 2500, 2500, 2500, 2500, 2500, 2500, 
2500, 2500, 6120.456, 6100.653, 6144.224, 6217.716, 6534.364, 
6484.025, 6443.33, 6486.444, 6511.31000000001, 6252.183, 6338.916, 
3.25575, 6.69943, -0.13335, 1.29815, 3.69282, 0.17272, 1.09325, 
1.27272, 3.09904, 5.18854, -0.49535, -5.98926, -6.65162, -2.53648, 
-3.9559, -5.04066, -1.88429, -2.82853, -3.51229, -3.15409, -4.60665, 
-2.67187, 0, 0, 0, 0, 0, 0, 0, 0, 0, 0, 0, 0, 0, 0, 0, 0, 0, 
0, 0, 0, 0, 0, 0.53167, 0.48048, 0.47869, 0.51508, 0.42321, 0.46171, 
0.50131, 0.52365, 0.47832, 0.49664, 0.47576, 0.45167, 0.43095, 
0.4394, 0.46746, 0.4744, 0.35913, 0.49298, 0.51365, 0.45411, 
0.46018, 0.44583, 0.0114, 0.0109, 0.0117, 0.0127, 0.0135, 0.0123, 
0.0136, 0.0138, 0.0149, 0.0154, 0.0153, 39.7, 42.9, 49.6, 53.1, 
54.4, 61.6, 64, 66.8, 71.2, 71, 82.8, 1645, 6, 1498, 1500, 219, 
1721, 1615, 1813, 1054, 54, 1785, 1, 15, 1, 1, 3, 1, 1, 1, 1, 
3, 1, 100, 100, 100, 100, 100, 100, 100, 100, 100, 100, 100, 
2500, 2500, 2500, 2500, 2500, 2500, 2500, 2500, 2500, 2500, 2500, 
6075.865, 5952.315, 6218.128, 6344.078, 6562.061, 6425.978, 6422.944, 
6368.655, 6574.07699999999, 6283.734, 6532.274, 1, 1, 1, 1, 1, 
1, 1, 1, 1, 1, 1, 0.11111, 0.11111, 0.11111, 0.11111, 0.11111, 
0.11111, 0.11111, 0.11111, 0.11111, 0.11111, 0.11111, 0, 0, 0, 
0, 0, 0, 0, 0, 0, 0, 0, 0, 0, 0, 0, 0, 0, 0, 0, 0, 0, 0, 0.44667, 
0.33595, 0.43107, 0.4619, 0.36369, 0.42103, 0.41758, 0.44421, 
0.44181, 0.39866, 0.47083, 0.435, 0.36929, 0.42095, 0.42302, 
0.36012, 0.38532, 0.44258, 0.50254, 0.39919, 0.40525, 0.47818, 
0.0107, 0.0105, 0.0113, 0.0128, 0.012, 0.0122, 0.0132, 0.014, 
0.0134, 0.0138, 0.0152, 41.6, 45.4, 49.6, 53.5, 57.3, 61.6, 64.3, 
67.8, 71.7, 75.5, 81.9, 1, 1, 1, 1, 1, 1, 1, 1, 1, 1, 1, 1, 1, 
1, 1, 1, 1, 1, 1, 1, 1, 1, 1, 1, 1, 1, 1, 1, 1, 1, 1, 1, 1, 1, 
1, 1, 1, 1, 1, 1, 1, 1, 1, 1, 2.43, 2.304, 2.428, 2.653, 2.482, 
2.437, 2.561, 2.598, 2.555, 2.573, 2.654), .Dim = c(11L, 40L), .Dimnames = list(
    NULL, c("Sampling", "PSO.cost", "PSO.gamma", "PSO.data.balancing", 
    "PSO.feature.selection", "PSO.valid.acc", "PSO.test.acc", 
    "PSO.train.time", "PSO.n.support.vectors", "PSO.index", "PSO.n.solutions", 
    "PSO.generations", "PSO.n.evaluations", "PSO.cpu.time", "RS.cost", 
    "RS.gamma", "RS.data.balancing", "RS.feature.selection", 
    "RS.valid.acc", "RS.test.acc", "RS.train.time", "RS.n.support.vectors", 
    "RS.index", "RS.n.solutions", "RS.generations", "RS.n.evaluations", 
    "RS.cpu.time", "DF.cost", "DF.gamma", "DF.data.balancing", 
    "DF.feature.selection", "DF.valid.acc", "DF.test.acc", "DF.train.time", 
    "DF.n.support.vectors", "DF.index", "DF.n.solutions", "DF.generations", 
    "DF.n.evaluations", "DF.cpu.time")))
