full <-
structure(c(50, 55, 60, 65, 70, 75, 80, 85, 90, 95, 100, 0.98566, 
2.33778, 6.56095, -0.12513, 0.49516, -0.65257, -0.3394, 2.39339, 
0.62332, 2.53385, 1.10978, -5.87384, -4.03442, -11.88354, -2.85407, 
-2.31456, -3.1946, -6.55936, -3.60642, -2.05805, -4.04488, -2.26907, 
0, 0, 0, 0, 0, 0, 0, 0, 0, 0, 0, 0, 0, 0, 0, 0, 0, 0, 0, 0, 0, 
0, 0.495, 0.56762, 0.46619, 0.52619, 0.51655, 0.46607, 0.4269, 
0.45094, 0.49288, 0.42737, 0.49601, 0.46667, 0.37571, 0.4644, 
0.46429, 0.42607, 0.42679, 0.37762, 0.34181, 0.4724, 0.38141, 
0.42922, 0.0114, 0.0134, 0.0121, 0.0116, 0.013, 0.0146, 0.0131, 
0.0158, 0.0163, 0.0161, 0.0175, 40.2, 44, 48.4, 52.9, 57, 61.1, 
65.1, 67.3, 73.3, 74.3, 83.1, 94, 2075, 242, 1230, 808, 668, 
216, 1084, 1264, 2413, 426, 132, 7, 133, 41, 136, 37, 274, 74, 
19, 1, 314, 100, 100, 100, 100, 100, 100, 100, 100, 100, 100, 
100, 2500, 2500, 2500, 2500, 2500, 2500, 2500, 2500, 2500, 2500, 
2500, 6703.741, 7033.849, 7063.461, 6731.276, 6693.412, 8747.215, 
8681.36099999999, 9059.36599999999, 9207.28400000001, 9169.39600000001, 
9186.17799999999, 1.05184, 1.61677, 2.80353, 0.05967, 0.20919, 
0.88704, 0.36813, 0.79629, 1.12193, 1.36249, 1.28715, -5.98265, 
-4.9385, -7.92335, -3.30077, -2.48069, -3.24779, -7.37484, -2.39254, 
-2.70858, -4.33476, -2.30645, 0, 0, 0, 0, 0, 0, 0, 0, 0, 0, 0, 
0, 0, 0, 0, 0, 0, 0, 0, 0, 0, 0, 0.495, 0.54429, 0.46619, 0.52619, 
0.50226, 0.45357, 0.4269, 0.43867, 0.45677, 0.42606, 0.47692, 
0.46667, 0.39905, 0.4519, 0.41667, 0.47369, 0.41786, 0.37762, 
0.37716, 0.46129, 0.36121, 0.42922, 0.0119, 0.0124, 0.0121, 0.0129, 
0.0128, 0.0131, 0.0143, 0.0152, 0.0164, 0.0158, 0.0174, 40.2, 
43.5, 48.4, 52.8, 56.6, 60.1, 65, 68.8, 72.3, 74.2, 83, 34, 557, 
347, 1911, 679, 890, 1447, 648, 560, 1200, 6, 13, 2, 11, 1, 1, 
3, 4, 1, 4, 1, 1, 100, 100, 100, 100, 100, 100, 100, 100, 100, 
100, 100, 2500, 2500, 2500, 2500, 2500, 2500, 2500, 2500, 2500, 
2500, 2500, 7002.239, 7048.434, 7007.869, 6670.252, 6783.442, 
8867.00999999999, 8683.50200000001, 9122.716, 9208.41099999999, 
9245.54000000001, 9360.43400000001, 1, 1, 1, 1, 1, 1, 1, 1, 1, 
1, 1, 0.11111, 0.11111, 0.11111, 0.11111, 0.11111, 0.11111, 0.11111, 
0.11111, 0.11111, 0.11111, 0.11111, 0, 0, 0, 0, 0, 0, 0, 0, 0, 
0, 0, 0, 0, 0, 0, 0, 0, 0, 0, 0, 0, 0, 0.41167, 0.49667, 0.40798, 
0.50952, 0.48798, 0.41607, 0.39163, 0.37466, 0.40201, 0.40384, 
0.40532, 0.42667, 0.51095, 0.43702, 0.41667, 0.46119, 0.42857, 
0.33127, 0.35835, 0.45061, 0.37232, 0.38318, 0.0119, 0.0128, 
0.0128, 0.0123, 0.0142, 0.013, 0.0141, 0.0153, 0.0156, 0.0159, 
0.0164, 41, 44.9, 48.7, 52.7, 56.6, 60.8, 64.6, 68.3, 72, 76.6, 
82, 1, 1, 1, 1, 1, 1, 1, 1, 1, 1, 1, 1, 1, 1, 1, 1, 1, 1, 1, 
1, 1, 1, 1, 1, 1, 1, 1, 1, 1, 1, 1, 1, 1, 1, 1, 1, 1, 1, 1, 1, 
1, 1, 1, 1, 2.742, 2.849, 2.797, 2.649, 3.583, 3.285, 3.433, 
3.635, 3.689, 3.697, 3.701), .Dim = c(11L, 40L), .Dimnames = list(
    NULL, c("Sampling", "PSO.cost", "PSO.gamma", "PSO.data.balancing", 
    "PSO.feature.selection", "PSO.valid.acc", "PSO.test.acc", 
    "PSO.train.time", "PSO.n.support.vectors", "PSO.index", "PSO.n.solutions", 
    "PSO.generations", "PSO.n.evaluations", "PSO.cpu.time", "RS.cost", 
    "RS.gamma", "RS.data.balancing", "RS.feature.selection", 
    "RS.valid.acc", "RS.test.acc", "RS.train.time", "RS.n.support.vectors", 
    "RS.index", "RS.n.solutions", "RS.generations", "RS.n.evaluations", 
    "RS.cpu.time", "DF.cost", "DF.gamma", "DF.data.balancing", 
    "DF.feature.selection", "DF.valid.acc", "DF.test.acc", "DF.train.time", 
    "DF.n.support.vectors", "DF.index", "DF.n.solutions", "DF.generations", 
    "DF.n.evaluations", "DF.cpu.time")))
