full <-
structure(c(50, 55, 60, 65, 70, 75, 80, 85, 90, 95, 100, 2.8203, 
0.72092, 10.81028, 1.98091, 0.47143, 0.76115, 0.10194, 0.73591, 
0.97048, 0.78286, -0.26808, -4.07353, -2.09263, -3.58786, -3.94789, 
-3.23863, -1.60385, -1.83077, -1.97035, -2.97054, -2.29624, -2.47268, 
0, 0, 0, 0, 0, 0, 0, 0, 0, 0, 0, 0, 0, 0, 0, 0, 0, 0, 0, 0, 0, 
0, 0.45167, 0.40833, 0.47179, 0.42833, 0.50754, 0.50595, 0.43831, 
0.50398, 0.52543, 0.47649, 0.50657, 0.39167, 0.3969, 0.43333, 
0.395, 0.42063, 0.42083, 0.37831, 0.48088, 0.37142, 0.40609, 
0.44096, 0.0121, 0.0133, 0.014, 0.0125, 0.0128, 0.0129, 0.0132, 
0.0143, 0.0145, 0.0152, 0.0155, 41.2, 45.6, 49.1, 53, 57.5, 61.6, 
65.4, 69.4, 72.5, 77.1, 83.1, 104, 897, 30, 310, 492, 1600, 1821, 
919, 1050, 1545, 1216, 546, 52, 1125, 47, 640, 9, 13, 262, 95, 
60, 26, 100, 100, 100, 100, 100, 100, 100, 100, 100, 100, 100, 
2500, 2500, 2500, 2500, 2500, 2500, 2500, 2500, 2500, 2500, 2500, 
7941.491, 8200.789, 7434.093, 6232.09, 6216.53, 6276.52800000001, 
6334.76199999999, 6625.042, 6614.80499999999, 6642.308, 6653.70299999998, 
2.10068, 14.73886, 10.79226, 1.17139, 0.55337, 1.58027, 0.33004, 
0.80079, 2.70402, 0.60073, 0.44077, -3.67999, -2.10994, -3.61067, 
-1.99939, -2.56841, -1.36816, -3.24696, -2.30905, -4.43987, -2.72101, 
-1.44226, 0, 0, 0, 0, 0, 0, 0, 0, 0, 0, 0, 0, 0, 0, 0, 0, 0, 
0, 0, 0, 0, 0, 0.45167, 0.40595, 0.47179, 0.42452, 0.47897, 0.48373, 
0.42709, 0.50148, 0.52063, 0.44768, 0.49101, 0.31333, 0.32929, 
0.45, 0.38548, 0.41885, 0.40417, 0.3816, 0.44231, 0.34781, 0.41886, 
0.47005, 0.0133, 0.0134, 0.0122, 0.0123, 0.0132, 0.013, 0.0141, 
0.0139, 0.015, 0.0142, 0.0154, 41.3, 45.6, 49.1, 53.6, 57.6, 
61.6, 65.2, 69.2, 70.3, 76.6, 84, 2066, 804, 210, 299, 572, 678, 
96, 15, 2348, 507, 1888, 1, 8, 17, 4, 3, 7, 1, 1, 1, 2, 1, 100, 
100, 100, 100, 100, 100, 100, 100, 100, 100, 100, 2500, 2500, 
2500, 2500, 2500, 2500, 2500, 2500, 2500, 2500, 2500, 8209.541, 
8397.425, 6195.236, 6229.528, 6257.521, 6294.80600000001, 6639.86899999999, 
6586.743, 6627.882, 6645.61299999998, 6663.71000000002, 1, 1, 
1, 1, 1, 1, 1, 1, 1, 1, 1, 0.11111, 0.11111, 0.11111, 0.11111, 
0.11111, 0.11111, 0.11111, 0.11111, 0.11111, 0.11111, 0.11111, 
0, 0, 0, 0, 0, 0, 0, 0, 0, 0, 0, 0, 0, 0, 0, 0, 0, 0, 0, 0, 0, 
0, 0.35833, 0.32905, 0.41488, 0.34083, 0.43313, 0.43651, 0.41835, 
0.39188, 0.45725, 0.39929, 0.46131, 0.33333, 0.38524, 0.45774, 
0.35214, 0.42063, 0.39444, 0.3716, 0.37711, 0.41932, 0.42997, 
0.46838, 0.0131, 0.0132, 0.0121, 0.012, 0.0127, 0.0133, 0.0131, 
0.0151, 0.0147, 0.0156, 0.0155, 41.6, 45.5, 49.6, 53.6, 57.6, 
61.6, 65.5, 69.1, 73.3, 77.1, 82.1, 1, 1, 1, 1, 1, 1, 1, 1, 1, 
1, 1, 1, 1, 1, 1, 1, 1, 1, 1, 1, 1, 1, 1, 1, 1, 1, 1, 1, 1, 1, 
1, 1, 1, 1, 1, 1, 1, 1, 1, 1, 1, 1, 1, 1, 3.315, 3.39, 2.485, 
2.452, 2.504, 2.534, 2.629, 2.668, 2.664, 2.655, 2.663), .Dim = c(11L, 
40L), .Dimnames = list(NULL, c("Sampling", "PSO.cost", "PSO.gamma", 
"PSO.data.balancing", "PSO.feature.selection", "PSO.valid.acc", 
"PSO.test.acc", "PSO.train.time", "PSO.n.support.vectors", "PSO.index", 
"PSO.n.solutions", "PSO.generations", "PSO.n.evaluations", "PSO.cpu.time", 
"RS.cost", "RS.gamma", "RS.data.balancing", "RS.feature.selection", 
"RS.valid.acc", "RS.test.acc", "RS.train.time", "RS.n.support.vectors", 
"RS.index", "RS.n.solutions", "RS.generations", "RS.n.evaluations", 
"RS.cpu.time", "DF.cost", "DF.gamma", "DF.data.balancing", "DF.feature.selection", 
"DF.valid.acc", "DF.test.acc", "DF.train.time", "DF.n.support.vectors", 
"DF.index", "DF.n.solutions", "DF.generations", "DF.n.evaluations", 
"DF.cpu.time")))
