full <-
structure(c(50, 55, 60, 65, 70, 75, 80, 85, 90, 95, 100, 0.78863, 
0.47369, 1.15794, 1.04681, 1.11861, -0.17094, 0.0733, 0.08181, 
0.4228, -0.43336, 1.2531, -2.09703, -2.93804, -3.94479, -2.0842, 
-2.95644, -2.26983, -2.19155, -2.00572, -3.18351, -2.599, -3.42919, 
0, 0, 0, 0, 0, 0, 0, 0, 0, 0, 0, 0, 0, 0, 0, 0, 0, 0, 0, 0, 0, 
0, 0.51381, 0.57286, 0.5706, 0.54821, 0.54821, 0.55754, 0.59119, 
0.54575, 0.5125, 0.46828, 0.49712, 0.5331, 0.52619, 0.56381, 
0.50476, 0.53333, 0.52659, 0.53218, 0.52464, 0.50028, 0.44745, 
0.4354, 0.0112, 0.012, 0.012, 0.013, 0.0133, 0.0138, 0.014, 0.0136, 
0.0145, 0.0145, 0.0168, 41.6, 45.4, 48.2, 53.6, 57, 61.6, 65.6, 
69.5, 72.7, 77.2, 80.6, 70, 533, 1117, 600, 372, 588, 2419, 1310, 
1177, 2241, 828, 203, 261, 39, 121, 454, 327, 1, 12, 101, 1, 
139, 100, 100, 100, 100, 100, 100, 100, 100, 100, 100, 100, 2500, 
2500, 2500, 2500, 2500, 2500, 2500, 2500, 2500, 2500, 2500, 6437.26, 
6645.373, 6669.694, 6766.186, 7018.131, 7007.90199999999, 7046.351, 
6762.91899999999, 6800.476, 6913.36799999999, 7009.72400000002, 
0.54579, 1.28569, 0.7934, 1.04613, 1.63085, -0.13863, 0.89054, 
-0.11794, 0.60366, -0.48653, 0.9006, -3.10088, -3.73, -3.62435, 
-2.08062, -3.3365, -2.15263, -5.99108, -1.8388, -3.37259, -2.77094, 
-3.24794, 0, 0, 0, 0, 0, 0, 0, 0, 0, 0, 0, 0, 0, 0, 0, 0, 0, 
0, 0, 0, 0, 0, 0.51381, 0.55619, 0.55393, 0.54821, 0.53393, 0.55754, 
0.57147, 0.52464, 0.51139, 0.44606, 0.49379, 0.50452, 0.55952, 
0.54952, 0.50476, 0.51905, 0.54087, 0.49813, 0.52353, 0.51028, 
0.42384, 0.44465, 0.0117, 0.0131, 0.0125, 0.0125, 0.0138, 0.0142, 
0.0135, 0.0141, 0.0137, 0.0148, 0.0149, 41.6, 44.8, 48.9, 53.6, 
56.7, 61.6, 63.4, 69.5, 72.4, 76.9, 81.2, 1215, 669, 918, 630, 
775, 554, 14, 1851, 2405, 12, 1952, 4, 1, 2, 1, 2, 1, 2, 1, 1, 
3, 1, 100, 100, 100, 100, 100, 100, 100, 100, 100, 100, 100, 
2500, 2500, 2500, 2500, 2500, 2500, 2500, 2500, 2500, 2500, 2500, 
6477.767, 6788.021, 6798.86, 6756.408, 7014.81, 7028.702, 7127.673, 
6740.583, 6848.486, 6965.47400000002, 6969.98999999999, 1, 1, 
1, 1, 1, 1, 1, 1, 1, 1, 1, 0.11111, 0.11111, 0.11111, 0.11111, 
0.11111, 0.11111, 0.11111, 0.11111, 0.11111, 0.11111, 0.11111, 
0, 0, 0, 0, 0, 0, 0, 0, 0, 0, 0, 0, 0, 0, 0, 0, 0, 0, 0, 0, 0, 
0, 0.49381, 0.49286, 0.49107, 0.49048, 0.44881, 0.47619, 0.49079, 
0.46214, 0.47139, 0.40023, 0.44581, 0.47952, 0.50952, 0.51286, 
0.47619, 0.49286, 0.50298, 0.45401, 0.54464, 0.47167, 0.42106, 
0.43152, 0.0117, 0.0123, 0.0122, 0.0132, 0.0136, 0.0137, 0.0136, 
0.013, 0.0142, 0.0142, 0.015, 41.6, 45.3, 49.4, 53.1, 57.2, 61.2, 
65, 68.7, 72.7, 76.7, 82.3, 1, 1, 1, 1, 1, 1, 1, 1, 1, 1, 1, 
1, 1, 1, 1, 1, 1, 1, 1, 1, 1, 1, 1, 1, 1, 1, 1, 1, 1, 1, 1, 1, 
1, 1, 1, 1, 1, 1, 1, 1, 1, 1, 1, 1, 2.669, 2.82, 2.734, 2.786, 
2.797, 2.78, 2.84, 2.594, 2.703, 2.671, 2.644), .Dim = c(11L, 
40L), .Dimnames = list(NULL, c("Sampling", "PSO.cost", "PSO.gamma", 
"PSO.data.balancing", "PSO.feature.selection", "PSO.valid.acc", 
"PSO.test.acc", "PSO.train.time", "PSO.n.support.vectors", "PSO.index", 
"PSO.n.solutions", "PSO.generations", "PSO.n.evaluations", "PSO.cpu.time", 
"RS.cost", "RS.gamma", "RS.data.balancing", "RS.feature.selection", 
"RS.valid.acc", "RS.test.acc", "RS.train.time", "RS.n.support.vectors", 
"RS.index", "RS.n.solutions", "RS.generations", "RS.n.evaluations", 
"RS.cpu.time", "DF.cost", "DF.gamma", "DF.data.balancing", "DF.feature.selection", 
"DF.valid.acc", "DF.test.acc", "DF.train.time", "DF.n.support.vectors", 
"DF.index", "DF.n.solutions", "DF.generations", "DF.n.evaluations", 
"DF.cpu.time")))
