full <-
structure(c(50, 55, 60, 65, 70, 75, 80, 85, 90, 95, 100, 10.80801, 
-0.63223, 6.32624, -0.06051, 1.94096, 0.94899, -0.22115, 0.80632, 
-0.4145, 0.08625, -0.3359, -13.67462, -4.23722, -9.20722, -3.98379, 
-7.4928, -4.65014, -4.32519, -3.96644, -3.0012, -1.95136, -2.27102, 
0, 0, 0, 0, 0, 0, 0, 0, 0, 0, 0, 0, 0, 0, 0, 0, 0, 0, 0, 0, 0, 
0, 0.605, 0.5231, 0.53238, 0.5546, 0.47639, 0.4677, 0.49595, 
0.52167, 0.49692, 0.52578, 0.48687, 0.48333, 0.49548, 0.46214, 
0.45603, 0.42183, 0.39425, 0.45806, 0.45044, 0.42449, 0.50202, 
0.42308, 0.012, 0.0105, 0.0118, 0.0125, 0.0127, 0.0129, 0.0141, 
0.0134, 0.0137, 0.0141, 0.0149, 38.5, 45.5, 44.9, 52.4, 56.7, 
59.4, 64.5, 67, 72.5, 77.5, 83.3, 179, 543, 41, 425, 162, 360, 
1784, 860, 855, 1990, 991, 100, 324, 145, 47, 83, 701, 16, 234, 
278, 2, 137, 100, 100, 100, 100, 100, 100, 100, 100, 100, 100, 
100, 2500, 2500, 2500, 2500, 2500, 2500, 2500, 2500, 2500, 2500, 
2500, 6410.879, 6369.985, 6328.038, 6376.444, 6426.552, 6434.531, 
6474.514, 6516.273, 6248.416, 6182.41800000001, 6222.51400000001, 
9.97024, -0.76452, 11.41382, 7.14405, 0.23008, 1.16227, -0.19745, 
-0.14353, -0.35935, -0.23333, -0.50747, -12.87327, -3.88966, 
-14.89862, -11.66081, -2.44545, -4.61994, -3.35105, -2.88831, 
-2.56853, -2.68207, -2.60953, 0, 0, 0, 0, 0, 0, 0, 0, 0, 0, 0, 
0, 0, 0, 0, 0, 0, 0, 0, 0, 0, 0, 0.605, 0.5231, 0.53238, 0.54571, 
0.48095, 0.4677, 0.47738, 0.50123, 0.47581, 0.49273, 0.47035, 
0.48333, 0.47548, 0.47286, 0.51238, 0.43016, 0.40675, 0.47877, 
0.44905, 0.46672, 0.48258, 0.43308, 0.0111, 0.012, 0.0123, 0.0121, 
0.0133, 0.0134, 0.0132, 0.014, 0.0153, 0.0147, 0.0147, 38.5, 
45.5, 45.6, 50.9, 57.4, 59.3, 64.7, 68.5, 72.7, 77, 82.7, 270, 
474, 18, 266, 247, 937, 1602, 665, 198, 740, 1673, 3, 2, 20, 
12, 1, 1, 2, 1, 1, 1, 1, 100, 100, 100, 100, 100, 100, 100, 100, 
100, 100, 100, 2500, 2500, 2500, 2500, 2500, 2500, 2500, 2500, 
2500, 2500, 2500, 6333.26, 6352.18, 6377.075, 6274.739, 6347.039, 
6492.80499999999, 6472.103, 6263.689, 6440.72500000001, 6196.228, 
6325.15599999999, 1, 1, 1, 1, 1, 1, 1, 1, 1, 1, 1, 0.11111, 0.11111, 
0.11111, 0.11111, 0.11111, 0.11111, 0.11111, 0.11111, 0.11111, 
0.11111, 0.11111, 0, 0, 0, 0, 0, 0, 0, 0, 0, 0, 0, 0, 0, 0, 0, 
0, 0, 0, 0, 0, 0, 0, 0.46333, 0.45548, 0.49071, 0.50937, 0.42837, 
0.42845, 0.47738, 0.49012, 0.44374, 0.44189, 0.43197, 0.46667, 
0.45643, 0.55857, 0.52365, 0.4754, 0.39234, 0.45377, 0.46016, 
0.41061, 0.47348, 0.41475, 0.0123, 0.0117, 0.0125, 0.0125, 0.0116, 
0.0125, 0.0144, 0.0134, 0.014, 0.014, 0.0143, 41.3, 45.3, 48.9, 
53.1, 57.1, 60.7, 64.9, 68.1, 72, 76.6, 82.2, 1, 1, 1, 1, 1, 
1, 1, 1, 1, 1, 1, 1, 1, 1, 1, 1, 1, 1, 1, 1, 1, 1, 1, 1, 1, 1, 
1, 1, 1, 1, 1, 1, 1, 1, 1, 1, 1, 1, 1, 1, 1, 1, 1, 1, 2.556, 
2.507, 2.566, 2.535, 2.436, 2.456, 2.562, 2.471, 2.474, 2.442, 
2.412), .Dim = c(11L, 40L), .Dimnames = list(NULL, c("Sampling", 
"PSO.cost", "PSO.gamma", "PSO.data.balancing", "PSO.feature.selection", 
"PSO.valid.acc", "PSO.test.acc", "PSO.train.time", "PSO.n.support.vectors", 
"PSO.index", "PSO.n.solutions", "PSO.generations", "PSO.n.evaluations", 
"PSO.cpu.time", "RS.cost", "RS.gamma", "RS.data.balancing", "RS.feature.selection", 
"RS.valid.acc", "RS.test.acc", "RS.train.time", "RS.n.support.vectors", 
"RS.index", "RS.n.solutions", "RS.generations", "RS.n.evaluations", 
"RS.cpu.time", "DF.cost", "DF.gamma", "DF.data.balancing", "DF.feature.selection", 
"DF.valid.acc", "DF.test.acc", "DF.train.time", "DF.n.support.vectors", 
"DF.index", "DF.n.solutions", "DF.generations", "DF.n.evaluations", 
"DF.cpu.time")))
