full <-
structure(c(50, 55, 60, 65, 70, 75, 80, 85, 90, 95, 100, 8.4952, 
3.1967, 5.96177, 1.58604, 4.10511, -0.61954, 0.87312, 9.32954, 
0.06129, 5.17828, 0.1383, -11.70111, -4.72951, -7.47947, -6.12244, 
-4.75177, -3.79981, -2.72594, -3.77998, -1.90893, -6.93018, -2.82359, 
0, 0, 0, 0, 0, 0, 0, 0, 0, 0, 0, 0, 0, 0, 0, 0, 0, 0, 0, 0, 0, 
0, 0.44833, 0.4881, 0.41476, 0.4975, 0.38294, 0.44567, 0.48413, 
0.44528, 0.45179, 0.50404, 0.47716, 0.38, 0.34976, 0.35857, 0.4275, 
0.30238, 0.4046, 0.38472, 0.39083, 0.42234, 0.44586, 0.45828, 
0.0122, 0.0119, 0.0145, 0.0141, 0.0135, 0.0134, 0.0159, 0.0148, 
0.0149, 0.0146, 0.0169, 40.1, 44.1, 46.6, 52.7, 55.2, 61.2, 64.9, 
67.3, 73.6, 69.9, 82.8, 358, 14, 386, 602, 298, 626, 994, 391, 
388, 1140, 866, 36, 990, 155, 62, 256, 349, 278, 158, 161, 251, 
340, 100, 100, 100, 100, 100, 100, 100, 100, 100, 100, 100, 2500, 
2500, 2500, 2500, 2500, 2500, 2500, 2500, 2500, 2500, 2500, 6950.392, 
6989.705, 6989.075, 8583.064, 8472.463, 8523.98199999999, 8723.504, 
8609.304, 8409.74000000001, 8466.033, 8396.21000000002, 11.25875, 
8.53755, 5.95168, 2.05307, 3.82778, -0.10569, 0.6247, 0.94701, 
-0.34841, 5.07968, 0.15922, -14.48332, -11.01795, -7.50876, -6.74342, 
-4.82989, -2.85069, -2.85027, -2.72491, -2.81183, -6.90729, -2.67995, 
0, 0, 0, 0, 0, 0, 0, 0, 0, 0, 0, 0, 0, 0, 0, 0, 0, 0, 0, 0, 0, 
0, 0.44833, 0.48571, 0.41476, 0.485, 0.37044, 0.43266, 0.44623, 
0.43583, 0.44246, 0.50404, 0.46807, 0.38, 0.40976, 0.35857, 0.44, 
0.33254, 0.41016, 0.39722, 0.36861, 0.40758, 0.44586, 0.45828, 
0.012, 0.0123, 0.0123, 0.0123, 0.0136, 0.0138, 0.0136, 0.0149, 
0.0149, 0.0151, 0.0166, 40.2, 43.8, 46.7, 52.8, 55.2, 61.2, 64.8, 
68.8, 73.3, 69.9, 82.8, 604, 171, 30, 2242, 270, 1425, 875, 349, 
80, 986, 2355, 1, 5, 3, 1, 4, 1, 4, 2, 2, 3, 1, 100, 100, 100, 
100, 100, 100, 100, 100, 100, 100, 100, 2500, 2500, 2500, 2500, 
2500, 2500, 2500, 2500, 2500, 2500, 2500, 6945.508, 6972.981, 
7107.45299999999, 8454.686, 8515.75900000001, 8588.208, 8534.36199999999, 
8465.36199999999, 8533.82399999999, 8422.774, 8583.177, 1, 1, 
1, 1, 1, 1, 1, 1, 1, 1, 1, 0.11111, 0.11111, 0.11111, 0.11111, 
0.11111, 0.11111, 0.11111, 0.11111, 0.11111, 0.11111, 0.11111, 
0, 0, 0, 0, 0, 0, 0, 0, 0, 0, 0, 0, 0, 0, 0, 0, 0, 0, 0, 0, 0, 
0, 0.34833, 0.3781, 0.31048, 0.35214, 0.27698, 0.42393, 0.44306, 
0.42361, 0.41798, 0.47828, 0.45807, 0.375, 0.35476, 0.31048, 
0.37631, 0.3506, 0.38476, 0.37083, 0.34361, 0.39329, 0.45697, 
0.44918, 0.0118, 0.0133, 0.0128, 0.0139, 0.013, 0.0135, 0.0134, 
0.015, 0.0161, 0.0145, 0.0165, 41.4, 45.6, 49.6, 53.4, 56.9, 
61.1, 65, 68.9, 73.1, 76.2, 82.4, 1, 1, 1, 1, 1, 1, 1, 1, 1, 
1, 1, 1, 1, 1, 1, 1, 1, 1, 1, 1, 1, 1, 1, 1, 1, 1, 1, 1, 1, 1, 
1, 1, 1, 1, 1, 1, 1, 1, 1, 1, 1, 1, 1, 1, 2.722, 2.779, 3.361, 
3.554, 3.279, 3.286, 3.306, 3.5, 3.553, 3.24, 3.523), .Dim = c(11L, 
40L), .Dimnames = list(NULL, c("Sampling", "PSO.cost", "PSO.gamma", 
"PSO.data.balancing", "PSO.feature.selection", "PSO.valid.acc", 
"PSO.test.acc", "PSO.train.time", "PSO.n.support.vectors", "PSO.index", 
"PSO.n.solutions", "PSO.generations", "PSO.n.evaluations", "PSO.cpu.time", 
"RS.cost", "RS.gamma", "RS.data.balancing", "RS.feature.selection", 
"RS.valid.acc", "RS.test.acc", "RS.train.time", "RS.n.support.vectors", 
"RS.index", "RS.n.solutions", "RS.generations", "RS.n.evaluations", 
"RS.cpu.time", "DF.cost", "DF.gamma", "DF.data.balancing", "DF.feature.selection", 
"DF.valid.acc", "DF.test.acc", "DF.train.time", "DF.n.support.vectors", 
"DF.index", "DF.n.solutions", "DF.generations", "DF.n.evaluations", 
"DF.cpu.time")))
