full <-
structure(c(50, 55, 60, 65, 70, 75, 80, 85, 90, 95, 100, 0.82888, 
0.16328, 0.9623, -0.59347, 2.70408, -0.42195, 0.27576, -0.2745, 
-0.34374, 0.35745, 10.12488, -2.18402, -1.69954, -2.81955, -2.77386, 
-8.25434, -2.69702, -1.83219, -2.06299, -1.73905, -2.64303, -7.90493, 
0, 0, 0, 0, 0, 0, 0, 0, 0, 0, 0, 0, 0, 0, 0, 0, 0, 0, 0, 0, 0, 
0, 0.47167, 0.51619, 0.46262, 0.45952, 0.46524, 0.44702, 0.48778, 
0.48997, 0.43389, 0.47566, 0.44985, 0.37333, 0.48548, 0.39405, 
0.41607, 0.35238, 0.39024, 0.47171, 0.42235, 0.34556, 0.45566, 
0.38424, 0.0106, 0.0121, 0.0126, 0.0132, 0.0138, 0.0147, 0.0132, 
0.014, 0.0135, 0.0152, 0.021, 41.6, 45.6, 49.3, 53.1, 56.7, 60.7, 
65.5, 69.1, 73.6, 76.3, 73.4, 87, 686, 593, 2265, 256, 407, 655, 
1306, 1758, 1758, 109, 1280, 290, 559, 9, 59, 339, 568, 30, 15, 
18, 688, 100, 100, 100, 100, 100, 100, 100, 100, 100, 100, 100, 
2500, 2500, 2500, 2500, 2500, 2500, 2500, 2500, 2500, 2500, 2500, 
6232.144, 6513.083, 6734.267, 6834.359, 6847.95800000001, 6857.55499999999, 
6740.88400000001, 6757.853, 6765.77, 6754.58199999999, 6868.723, 
12.33808, 0.22062, 1.5174, -0.64136, 1.79465, -0.25787, 0.69438, 
-0.20028, 0.66905, 0.36047, 0.07076, -1.78601, -1.77221, -2.74434, 
-3.66134, -7.26594, -3.35708, -1.76172, -2.60144, -2.1291, -2.33388, 
-2.23653, 0, 0, 0, 0, 0, 0, 0, 0, 0, 0, 0, 0, 0, 0, 0, 0, 0, 
0, 0, 0, 0, 0, 0.47167, 0.51619, 0.44833, 0.45536, 0.46524, 0.42024, 
0.44988, 0.46636, 0.42778, 0.45566, 0.46712, 0.38833, 0.50548, 
0.39226, 0.375, 0.35238, 0.41524, 0.48738, 0.45596, 0.43278, 
0.45566, 0.43909, 0.0117, 0.012, 0.0124, 0.0144, 0.0128, 0.0161, 
0.0144, 0.0168, 0.0144, 0.0162, 0.0143, 41.6, 45.6, 49.3, 53, 
56.7, 60.4, 65.6, 68.5, 72.7, 76.9, 83.1, 55, 2040, 36, 514, 
2158, 1925, 870, 662, 194, 1206, 831, 60, 1, 4, 1, 1, 1, 1, 2, 
1, 1, 1, 100, 100, 100, 100, 100, 100, 100, 100, 100, 100, 100, 
2500, 2500, 2500, 2500, 2500, 2500, 2500, 2500, 2500, 2500, 2500, 
6507.012, 6683.643, 6791.831, 6854.521, 6846.695, 6754.727, 6779.162, 
6776.67, 6763.69500000001, 6752.82900000001, 6788.935, 1, 1, 
1, 1, 1, 1, 1, 1, 1, 1, 1, 0.11111, 0.11111, 0.11111, 0.11111, 
0.11111, 0.11111, 0.11111, 0.11111, 0.11111, 0.11111, 0.11111, 
0, 0, 0, 0, 0, 0, 0, 0, 0, 0, 0, 0, 0, 0, 0, 0, 0, 0, 0, 0, 0, 
0, 0.39833, 0.47952, 0.44833, 0.4, 0.43845, 0.40595, 0.40655, 
0.39715, 0.40417, 0.39434, 0.41131, 0.38167, 0.43214, 0.46738, 
0.37083, 0.41925, 0.39667, 0.40198, 0.37786, 0.42167, 0.43343, 
0.43293, 0.0113, 0.0123, 0.0154, 0.0136, 0.0148, 0.0135, 0.015, 
0.0144, 0.0135, 0.0143, 0.0148, 41.2, 45.2, 49.2, 53, 56.7, 60.2, 
63.5, 68.1, 71.7, 76, 82.4, 1, 1, 1, 1, 1, 1, 1, 1, 1, 1, 1, 
1, 1, 1, 1, 1, 1, 1, 1, 1, 1, 1, 1, 1, 1, 1, 1, 1, 1, 1, 1, 1, 
1, 1, 1, 1, 1, 1, 1, 1, 1, 1, 1, 1, 2.569, 2.681, 2.739, 2.75, 
2.749, 2.673, 2.703, 2.705, 2.641, 2.693, 2.699), .Dim = c(11L, 
40L), .Dimnames = list(NULL, c("Sampling", "PSO.cost", "PSO.gamma", 
"PSO.data.balancing", "PSO.feature.selection", "PSO.valid.acc", 
"PSO.test.acc", "PSO.train.time", "PSO.n.support.vectors", "PSO.index", 
"PSO.n.solutions", "PSO.generations", "PSO.n.evaluations", "PSO.cpu.time", 
"RS.cost", "RS.gamma", "RS.data.balancing", "RS.feature.selection", 
"RS.valid.acc", "RS.test.acc", "RS.train.time", "RS.n.support.vectors", 
"RS.index", "RS.n.solutions", "RS.generations", "RS.n.evaluations", 
"RS.cpu.time", "DF.cost", "DF.gamma", "DF.data.balancing", "DF.feature.selection", 
"DF.valid.acc", "DF.test.acc", "DF.train.time", "DF.n.support.vectors", 
"DF.index", "DF.n.solutions", "DF.generations", "DF.n.evaluations", 
"DF.cpu.time")))
