full <-
structure(c(50, 55, 60, 65, 70, 75, 80, 85, 90, 95, 100, 6.22774, 
5.59344, -0.00124, 6.51311, 6.02501, 2.23535, -0.14294, -0.44924, 
1.55494, 8.155, -0.12258, -7.33346, -7.38883, -2.05228, -1.74813, 
-1.9707, -3.63833, -2.0684, -2.56124, -4.11044, -3.79538, -2.2537, 
0, 0, 0, 0, 0, 0, 0, 0, 0, 0, 0, 0, 0, 0, 0, 0, 0, 0, 0, 0, 0, 
0, 0.46952, 0.51524, 0.53317, 0.55024, 0.4875, 0.52044, 0.52222, 
0.47083, 0.49111, 0.49131, 0.46364, 0.37048, 0.42762, 0.49317, 
0.53595, 0.42976, 0.44107, 0.41528, 0.37563, 0.44944, 0.41162, 
0.46939, 0.0118, 0.0109, 0.0119, 0.0127, 0.0129, 0.0133, 0.0131, 
0.0138, 0.0142, 0.0152, 0.0156, 38.5, 43, 49.6, 53.6, 57.6, 60.1, 
65.6, 69.2, 70.3, 74.9, 83.4, 829, 299, 844, 65, 48, 1878, 1501, 
942, 1337, 189, 471, 106, 49, 100, 1047, 1323, 7, 19, 37, 32, 
912, 205, 100, 100, 100, 100, 100, 100, 100, 100, 100, 100, 100, 
2500, 2500, 2500, 2500, 2500, 2500, 2500, 2500, 2500, 2500, 2500, 
6055.905, 6157.895, 6097.524, 6114.478, 6201.63, 6157.714, 6114.79999999999, 
6091.11200000001, 6189.04700000001, 6139.264, 6206.302, 4.38239, 
4.6444, 0.09068, 14.13427, 9.77845, 0.82077, 0.21517, 0.18247, 
1.21635, 14.74965, -0.64596, -6.40634, -6.24307, -1.96448, -1.63004, 
-1.91057, -2.70444, -2.42863, -3.04631, -3.99954, -3.808, -2.56027, 
0, 0, 0, 0, 0, 0, 0, 0, 0, 0, 0, 0, 0, 0, 0, 0, 0, 0, 0, 0, 0, 
0, 0.46952, 0.51024, 0.51317, 0.55024, 0.4875, 0.50377, 0.52083, 
0.46086, 0.48389, 0.49131, 0.44172, 0.40714, 0.44762, 0.50746, 
0.53595, 0.42976, 0.4748, 0.44444, 0.40063, 0.43694, 0.41162, 
0.41303, 0.0108, 0.0123, 0.0113, 0.0118, 0.0127, 0.0138, 0.0126, 
0.0128, 0.015, 0.0138, 0.0153, 39.2, 43, 49.6, 53.6, 57.6, 61.3, 
65.3, 68.6, 70.7, 74.9, 83.1, 60, 308, 1011, 49, 58, 129, 790, 
1273, 1212, 256, 1948, 4, 2, 1, 12, 20, 2, 2, 1, 1, 3, 1, 100, 
100, 100, 100, 100, 100, 100, 100, 100, 100, 100, 2500, 2500, 
2500, 2500, 2500, 2500, 2500, 2500, 2500, 2500, 2500, 6113.535, 
6117.773, 5984.755, 6170.488, 6162.539, 6170.064, 6072.13500000001, 
6172.82399999999, 6245.07800000001, 6221.882, 6130.06099999999, 
1, 1, 1, 1, 1, 1, 1, 1, 1, 1, 1, 0.11111, 0.11111, 0.11111, 0.11111, 
0.11111, 0.11111, 0.11111, 0.11111, 0.11111, 0.11111, 0.11111, 
0, 0, 0, 0, 0, 0, 0, 0, 0, 0, 0, 0, 0, 0, 0, 0, 0, 0, 0, 0, 0, 
0, 0.4281, 0.46548, 0.47317, 0.51714, 0.45, 0.44782, 0.45833, 
0.45745, 0.46417, 0.46048, 0.41232, 0.38286, 0.40119, 0.49317, 
0.47607, 0.39881, 0.41667, 0.37083, 0.39154, 0.46722, 0.40551, 
0.44848, 0.0118, 0.0121, 0.0117, 0.013, 0.0123, 0.0128, 0.0139, 
0.0133, 0.0139, 0.0151, 0.0149, 41.6, 45.5, 49.3, 53.2, 57.3, 
61.4, 64.8, 68.6, 72.5, 75.6, 82, 1, 1, 1, 1, 1, 1, 1, 1, 1, 
1, 1, 1, 1, 1, 1, 1, 1, 1, 1, 1, 1, 1, 1, 1, 1, 1, 1, 1, 1, 1, 
1, 1, 1, 1, 1, 1, 1, 1, 1, 1, 1, 1, 1, 1, 2.517, 2.533, 2.338, 
2.546, 2.464, 2.53, 2.596, 2.48, 2.518, 2.59, 2.459), .Dim = c(11L, 
40L), .Dimnames = list(NULL, c("Sampling", "PSO.cost", "PSO.gamma", 
"PSO.data.balancing", "PSO.feature.selection", "PSO.valid.acc", 
"PSO.test.acc", "PSO.train.time", "PSO.n.support.vectors", "PSO.index", 
"PSO.n.solutions", "PSO.generations", "PSO.n.evaluations", "PSO.cpu.time", 
"RS.cost", "RS.gamma", "RS.data.balancing", "RS.feature.selection", 
"RS.valid.acc", "RS.test.acc", "RS.train.time", "RS.n.support.vectors", 
"RS.index", "RS.n.solutions", "RS.generations", "RS.n.evaluations", 
"RS.cpu.time", "DF.cost", "DF.gamma", "DF.data.balancing", "DF.feature.selection", 
"DF.valid.acc", "DF.test.acc", "DF.train.time", "DF.n.support.vectors", 
"DF.index", "DF.n.solutions", "DF.generations", "DF.n.evaluations", 
"DF.cpu.time")))
