full <-
structure(c(50, 55, 60, 65, 70, 75, 80, 85, 90, 95, 100, 8.57691, 
9.41696, 6.8946, 3.62906, 0.95975, 1.12279, 1.73511, 0.42674, 
0.45456, 0.97122, 0.16641, -8.19783, -14.34095, -8.95616, -7.02359, 
-2.50009, -3.42438, -8.43356, -3.12304, -2.78454, -2.54261, -2.16589, 
0, 0, 0, 0, 0, 0, 0, 0, 0, 0, 0, 0, 0, 0, 0, 0, 0, 0, 0, 0, 0, 
0, 0.42595, 0.42286, 0.4927, 0.43929, 0.46885, 0.49405, 0.41917, 
0.45844, 0.46788, 0.48442, 0.52672, 0.26262, 0.38286, 0.40746, 
0.40595, 0.41885, 0.43075, 0.41917, 0.39684, 0.40045, 0.44485, 
0.50611, 0.0124, 0.0115, 0.0128, 0.0125, 0.0135, 0.013, 0.0129, 
0.0134, 0.014, 0.0152, 0.0155, 38.1, 44, 45.2, 50.5, 57.4, 59.6, 
63.2, 68.4, 72.8, 76.7, 83.2, 2266, 498, 1093, 203, 1119, 2353, 
65, 2209, 171, 1977, 1432, 2, 19, 106, 308, 153, 1, 102, 4, 692, 
4, 31, 100, 100, 100, 100, 100, 100, 100, 100, 100, 100, 100, 
2500, 2500, 2500, 2500, 2500, 2500, 2500, 2500, 2500, 2500, 2500, 
6752.676, 6778.494, 6759.371, 6839.278, 6784.174, 6738.901, 6627.01599999999, 
6647.30500000001, 6443.745, 6663.542, 6714.02000000002, 7.91119, 
2.06516, 11.05172, 4.40575, 3.22224, 0.14587, -0.15809, 1.31151, 
0.59403, 1.01602, 0.33871, -7.8339, -3.0637, -12.88094, -7.55159, 
-4.94896, -1.93288, -3.9021, -4.40576, -2.84772, -2.43931, -2.36086, 
0, 0, 0, 0, 0, 0, 0, 0, 0, 0, 0, 0, 0, 0, 0, 0, 0, 0, 0, 0, 0, 
0, 0.42595, 0.42619, 0.47508, 0.43929, 0.47341, 0.47103, 0.41956, 
0.43733, 0.45538, 0.46081, 0.49944, 0.23762, 0.39429, 0.39317, 
0.41429, 0.45357, 0.4502, 0.38921, 0.38165, 0.40045, 0.45596, 
0.5152, 0.0124, 0.012, 0.013, 0.0128, 0.0129, 0.0132, 0.0131, 
0.0144, 0.0148, 0.015, 0.016, 38.3, 45, 44.8, 50.4, 54, 61.6, 
63.7, 66.6, 72.7, 76.9, 83.1, 339, 2433, 567, 255, 280, 799, 
392, 799, 1963, 1003, 568, 3, 1, 2, 3, 1, 1, 1, 1, 1, 1, 1, 100, 
100, 100, 100, 100, 100, 100, 100, 100, 100, 100, 2500, 2500, 
2500, 2500, 2500, 2500, 2500, 2500, 2500, 2500, 2500, 6749.394, 
6772.746, 6812.664, 6802.541, 6743.435, 6676.658, 6634.027, 6653.838, 
6622.198, 6700.17300000001, 6691.43899999998, 1, 1, 1, 1, 1, 
1, 1, 1, 1, 1, 1, 0.11111, 0.11111, 0.11111, 0.11111, 0.11111, 
0.11111, 0.11111, 0.11111, 0.11111, 0.11111, 0.11111, 0, 0, 0, 
0, 0, 0, 0, 0, 0, 0, 0, 0, 0, 0, 0, 0, 0, 0, 0, 0, 0, 0, 0.37595, 
0.3719, 0.44159, 0.36488, 0.43194, 0.42659, 0.3771, 0.41185, 
0.40497, 0.43283, 0.4596, 0.33357, 0.34857, 0.43841, 0.43274, 
0.45417, 0.45198, 0.40349, 0.39343, 0.39275, 0.45255, 0.50813, 
0.0116, 0.0121, 0.0125, 0.013, 0.0129, 0.0134, 0.0136, 0.0135, 
0.0145, 0.0154, 0.0161, 40.8, 45.2, 49.1, 53.2, 57.1, 60.5, 64.5, 
68.4, 72.6, 76.3, 82.2, 1, 1, 1, 1, 1, 1, 1, 1, 1, 1, 1, 1, 1, 
1, 1, 1, 1, 1, 1, 1, 1, 1, 1, 1, 1, 1, 1, 1, 1, 1, 1, 1, 1, 1, 
1, 1, 1, 1, 1, 1, 1, 1, 1, 1, 2.697, 2.698, 2.74, 2.716, 2.675, 
2.664, 2.67, 2.588, 2.687, 2.705, 2.731), .Dim = c(11L, 40L), .Dimnames = list(
    NULL, c("Sampling", "PSO.cost", "PSO.gamma", "PSO.data.balancing", 
    "PSO.feature.selection", "PSO.valid.acc", "PSO.test.acc", 
    "PSO.train.time", "PSO.n.support.vectors", "PSO.index", "PSO.n.solutions", 
    "PSO.generations", "PSO.n.evaluations", "PSO.cpu.time", "RS.cost", 
    "RS.gamma", "RS.data.balancing", "RS.feature.selection", 
    "RS.valid.acc", "RS.test.acc", "RS.train.time", "RS.n.support.vectors", 
    "RS.index", "RS.n.solutions", "RS.generations", "RS.n.evaluations", 
    "RS.cpu.time", "DF.cost", "DF.gamma", "DF.data.balancing", 
    "DF.feature.selection", "DF.valid.acc", "DF.test.acc", "DF.train.time", 
    "DF.n.support.vectors", "DF.index", "DF.n.solutions", "DF.generations", 
    "DF.n.evaluations", "DF.cpu.time")))
