full <-
structure(c(50, 55, 60, 65, 70, 75, 80, 85, 90, 95, 100, 10.3118, 
13.55041, 2.16369, 6.94179, 10.10289, 7.70678, 1.593, 1.33277, 
2.78565, -0.3889, 0.25497, -3.74404, -10.90609, -5.28186, -8.35393, 
-3.96931, -11.39955, -3.14411, -3.60905, -5.73002, -2.53476, 
-1.57272, 0, 0, 0, 0, 0, 0, 0, 0, 0, 0, 0, 0, 0, 0, 0, 0, 0, 
0, 0, 0, 0, 0, 0.425, 0.42619, 0.47452, 0.48107, 0.41528, 0.48329, 
0.47595, 0.44234, 0.46794, 0.47157, 0.5101, 0.32833, 0.38524, 
0.39202, 0.41861, 0.40536, 0.44417, 0.48389, 0.4373, 0.35647, 
0.44601, 0.42167, 0.0124, 0.0124, 0.0119, 0.0127, 0.013, 0.0127, 
0.0133, 0.0145, 0.0134, 0.0141, 0.0166, 41, 41.6, 48.8, 49.4, 
56.6, 58.6, 64.2, 67.3, 69, 76.8, 84, 69, 44, 2027, 1843, 42, 
141, 1232, 224, 741, 818, 2018, 1079, 1386, 10, 10, 1204, 62, 
107, 293, 116, 145, 5, 100, 100, 100, 100, 100, 100, 100, 100, 
100, 100, 100, 2500, 2500, 2500, 2500, 2500, 2500, 2500, 2500, 
2500, 2500, 2500, 6658.149, 6596.484, 6646.725, 6656.562, 6738.84, 
6683.65300000001, 6691.162, 6617.72500000001, 6624.072, 6583.19900000001, 
6659.79199999999, 6.03985, 0.52277, 1.93168, 6.97091, 6.96044, 
5.10236, 1.15652, 1.79695, 2.60768, -0.26467, 2.7357, -3.89209, 
-3.3257, -5.2234, -8.02623, -4.16625, -8.72811, -3.345, -6.18938, 
-5.53815, -2.33384, -5.09942, 0, 0, 0, 0, 0, 0, 0, 0, 0, 0, 0, 
0, 0, 0, 0, 0, 0, 0, 0, 0, 0, 0, 0.425, 0.45857, 0.4269, 0.47012, 
0.41528, 0.48329, 0.4696, 0.44258, 0.46794, 0.45045, 0.49636, 
0.345, 0.40929, 0.40631, 0.4129, 0.40536, 0.44417, 0.50183, 0.41647, 
0.34218, 0.46712, 0.44818, 0.0116, 0.0118, 0.0125, 0.012, 0.0138, 
0.0127, 0.0135, 0.0135, 0.0139, 0.0149, 0.014, 40.8, 45.4, 48.9, 
49.1, 55.8, 58.6, 64, 67.6, 69.1, 77.2, 77.5, 344, 1952, 593, 
1227, 614, 321, 49, 1367, 2369, 701, 2263, 17, 1, 1, 1, 11, 1, 
4, 1, 1, 1, 1, 100, 100, 100, 100, 100, 100, 100, 100, 100, 100, 
100, 2500, 2500, 2500, 2500, 2500, 2500, 2500, 2500, 2500, 2500, 
2500, 6647.914, 6644.987, 6644.063, 6680.499, 6678.17600000001, 
6691.74799999999, 6611.476, 6730.42, 6743.129, 6668.878, 6600.56, 
1, 1, 1, 1, 1, 1, 1, 1, 1, 1, 1, 0.11111, 0.11111, 0.11111, 0.11111, 
0.11111, 0.11111, 0.11111, 0.11111, 0.11111, 0.11111, 0.11111, 
0, 0, 0, 0, 0, 0, 0, 0, 0, 0, 0, 0, 0, 0, 0, 0, 0, 0, 0, 0, 0, 
0, 0.31667, 0.37595, 0.3694, 0.34802, 0.38512, 0.44984, 0.43603, 
0.38079, 0.36925, 0.43177, 0.46768, 0.36333, 0.355, 0.3694, 0.44048, 
0.31984, 0.35341, 0.42492, 0.4573, 0.37353, 0.44093, 0.42172, 
0.0114, 0.0127, 0.0117, 0.0129, 0.0123, 0.0127, 0.0128, 0.0132, 
0.0142, 0.0145, 0.0153, 41.6, 45.5, 49.3, 53.4, 57.5, 61.3, 64.5, 
68.2, 72, 76.5, 82.3, 1, 1, 1, 1, 1, 1, 1, 1, 1, 1, 1, 1, 1, 
1, 1, 1, 1, 1, 1, 1, 1, 1, 1, 1, 1, 1, 1, 1, 1, 1, 1, 1, 1, 1, 
1, 1, 1, 1, 1, 1, 1, 1, 1, 1, 2.59, 2.725, 2.582, 2.685, 2.565, 
2.566, 2.534, 2.579, 2.726, 2.579, 2.661), .Dim = c(11L, 40L), .Dimnames = list(
    NULL, c("Sampling", "PSO.cost", "PSO.gamma", "PSO.data.balancing", 
    "PSO.feature.selection", "PSO.valid.acc", "PSO.test.acc", 
    "PSO.train.time", "PSO.n.support.vectors", "PSO.index", "PSO.n.solutions", 
    "PSO.generations", "PSO.n.evaluations", "PSO.cpu.time", "RS.cost", 
    "RS.gamma", "RS.data.balancing", "RS.feature.selection", 
    "RS.valid.acc", "RS.test.acc", "RS.train.time", "RS.n.support.vectors", 
    "RS.index", "RS.n.solutions", "RS.generations", "RS.n.evaluations", 
    "RS.cpu.time", "DF.cost", "DF.gamma", "DF.data.balancing", 
    "DF.feature.selection", "DF.valid.acc", "DF.test.acc", "DF.train.time", 
    "DF.n.support.vectors", "DF.index", "DF.n.solutions", "DF.generations", 
    "DF.n.evaluations", "DF.cpu.time")))
