full <-
structure(c(50, 55, 60, 65, 70, 75, 80, 85, 90, 95, 100, 8.06746, 
5.46541, 8.8466, 2.80366, 2.45042, 2.09515, 1.33266, 1.19903, 
-0.84023, 0.42573, -0.09579, -10.4122, -11.24747, -2.46543, -4.22301, 
-4.25399, -5.03441, -3.76404, -3.39521, -2.64469, -3.05161, -3.09483, 
0, 0, 0, 0, 0, 0, 0, 0, 0, 0, 0, 0, 0, 0, 0, 0, 0, 0, 0, 0, 0, 
0, 0.56048, 0.4881, 0.51, 0.60238, 0.60437, 0.55456, 0.58083, 
0.51865, 0.44692, 0.46351, 0.48091, 0.43095, 0.45214, 0.49333, 
0.49048, 0.57024, 0.53651, 0.50067, 0.45198, 0.44831, 0.42073, 
0.41682, 0.0115, 0.012, 0.012, 0.0114, 0.0135, 0.0129, 0.0138, 
0.0138, 0.0141, 0.0149, 0.0144, 38.8, 45.4, 48.7, 50.3, 53.9, 
58.2, 63.1, 67.5, 72.6, 75.6, 82.6, 520, 420, 52, 2402, 347, 
739, 369, 214, 1178, 1692, 681, 38, 31, 1100, 1, 118, 125, 402, 
484, 28, 25, 46, 100, 100, 100, 100, 100, 100, 100, 100, 100, 
100, 100, 2500, 2500, 2500, 2500, 2500, 2500, 2500, 2500, 2500, 
2500, 2500, 6235.541, 6242.55, 6142.556, 6284.574, 6305.891, 
6414.8, 6475.38099999999, 6496.702, 6605.701, 6689.588, 6548.90299999999, 
11.39016, 8.28841, 3.43928, 3.59041, 0.12676, -0.13129, 1.53599, 
1.30881, 1.79991, -0.09526, 2.29258, -13.75069, -14.07825, -2.50444, 
-4.40541, -3.24769, -1.77413, -4.13876, -3.47513, -2.86882, -1.50931, 
-4.11603, 0, 0, 0, 0, 0, 0, 0, 0, 0, 0, 0, 0, 0, 0, 0, 0, 0, 
0, 0, 0, 0, 0, 0.56048, 0.4881, 0.51, 0.58571, 0.59246, 0.54345, 
0.58083, 0.51865, 0.43109, 0.46093, 0.46364, 0.43095, 0.45214, 
0.49333, 0.47381, 0.51111, 0.48056, 0.49067, 0.43948, 0.39705, 
0.4299, 0.44348, 0.0114, 0.0106, 0.0116, 0.0125, 0.013, 0.0129, 
0.0137, 0.0135, 0.015, 0.0152, 0.0149, 38.8, 45.4, 48.7, 50, 
56.3, 61.6, 62.8, 67.3, 71.8, 77.6, 79.2, 47, 398, 197, 230, 
1165, 266, 843, 1648, 223, 126, 1386, 2, 3, 9, 2, 1, 1, 2, 1, 
4, 1, 2, 100, 100, 100, 100, 100, 100, 100, 100, 100, 100, 100, 
2500, 2500, 2500, 2500, 2500, 2500, 2500, 2500, 2500, 2500, 2500, 
6202.235, 6217.808, 6302.698, 6248.905, 6386.785, 6466.18800000001, 
6682.37699999999, 6471.091, 6760.974, 6672.806, 6574.514, 1, 
1, 1, 1, 1, 1, 1, 1, 1, 1, 1, 0.11111, 0.11111, 0.11111, 0.11111, 
0.11111, 0.11111, 0.11111, 0.11111, 0.11111, 0.11111, 0.11111, 
0, 0, 0, 0, 0, 0, 0, 0, 0, 0, 0, 0, 0, 0, 0, 0, 0, 0, 0, 0, 0, 
0, 0.45357, 0.4, 0.4019, 0.51131, 0.56885, 0.49821, 0.53401, 
0.40575, 0.37657, 0.4099, 0.44515, 0.47286, 0.38333, 0.43048, 
0.48095, 0.51111, 0.52917, 0.52857, 0.38036, 0.43399, 0.40164, 
0.42515, 0.0115, 0.012, 0.0116, 0.0122, 0.0134, 0.0131, 0.0132, 
0.0136, 0.014, 0.0151, 0.0144, 40.7, 44.4, 48.2, 51.7, 56.3, 
60.3, 64, 68.4, 71.7, 76.1, 82.6, 1, 1, 1, 1, 1, 1, 1, 1, 1, 
1, 1, 1, 1, 1, 1, 1, 1, 1, 1, 1, 1, 1, 1, 1, 1, 1, 1, 1, 1, 1, 
1, 1, 1, 1, 1, 1, 1, 1, 1, 1, 1, 1, 1, 1, 2.549, 2.62, 2.47, 
2.533, 2.603, 2.592, 2.648, 2.698, 2.618, 2.718, 2.533), .Dim = c(11L, 
40L), .Dimnames = list(NULL, c("Sampling", "PSO.cost", "PSO.gamma", 
"PSO.data.balancing", "PSO.feature.selection", "PSO.valid.acc", 
"PSO.test.acc", "PSO.train.time", "PSO.n.support.vectors", "PSO.index", 
"PSO.n.solutions", "PSO.generations", "PSO.n.evaluations", "PSO.cpu.time", 
"RS.cost", "RS.gamma", "RS.data.balancing", "RS.feature.selection", 
"RS.valid.acc", "RS.test.acc", "RS.train.time", "RS.n.support.vectors", 
"RS.index", "RS.n.solutions", "RS.generations", "RS.n.evaluations", 
"RS.cpu.time", "DF.cost", "DF.gamma", "DF.data.balancing", "DF.feature.selection", 
"DF.valid.acc", "DF.test.acc", "DF.train.time", "DF.n.support.vectors", 
"DF.index", "DF.n.solutions", "DF.generations", "DF.n.evaluations", 
"DF.cpu.time")))
