full <-
structure(c(50, 55, 60, 65, 70, 75, 80, 85, 90, 95, 100, 10.28697, 
8.70233, 1.78458, -0.12531, 1.63301, 0.39525, 3.31765, 1.07298, 
-0.17271, -0.2045, 3.86031, -2.06585, -8.06497, -5.38777, -3.2083, 
-4.81599, -2.4392, -3.54225, -3.0454, -2.14066, -2.6379, -6.24065, 
0, 0, 0, 0, 0, 0, 0, 0, 0, 0, 0, 0, 0, 0, 0, 0, 0, 0, 0, 0, 0, 
0, 0.44119, 0.41548, 0.46464, 0.45119, 0.42202, 0.46857, 0.49806, 
0.5406, 0.46869, 0.49273, 0.48657, 0.38119, 0.31095, 0.39702, 
0.40595, 0.39405, 0.42333, 0.43012, 0.49131, 0.45215, 0.4571, 
0.40283, 0.0116, 0.0152, 0.0117, 0.0156, 0.0127, 0.0142, 0.0139, 
0.0165, 0.014, 0.0172, 0.0174, 41.6, 42.8, 48.3, 53.3, 55.9, 
60.7, 63.8, 67.4, 73.2, 76.3, 75.9, 134, 195, 921, 2101, 69, 
2411, 609, 455, 1334, 1632, 1050, 1204, 95, 60, 5, 611, 4, 668, 
243, 112, 77, 52, 100, 100, 100, 100, 100, 100, 100, 100, 100, 
100, 100, 2500, 2500, 2500, 2500, 2500, 2500, 2500, 2500, 2500, 
2500, 2500, 6701.554, 6810.237, 6813.015, 6833.294, 6695.234, 
6741.014, 6737.87, 6762.027, 6766.30899999999, 7688.62299999999, 
8958.019, 8.22804, 7.95995, 1.31876, 3.07838, 1.84915, -0.18007, 
5.91201, 0.98722, 0.24252, 2.95025, 3.71028, -2.07644, -7.48356, 
-5.13293, -3.96103, -4.69076, -2.61798, -5.3183, -2.89657, -2.90924, 
-3.6277, -6.18205, 0, 0, 0, 0, 0, 0, 0, 0, 0, 0, 0, 0, 0, 0, 
0, 0, 0, 0, 0, 0, 0, 0, 0.44119, 0.40214, 0.46464, 0.4369, 0.42202, 
0.44984, 0.48556, 0.5406, 0.45417, 0.4771, 0.47747, 0.38119, 
0.33429, 0.36845, 0.40357, 0.39405, 0.43, 0.38766, 0.4802, 0.45417, 
0.43174, 0.4068, 0.0116, 0.014, 0.0121, 0.0125, 0.0124, 0.0163, 
0.0139, 0.0137, 0.0158, 0.0171, 0.0172, 41.6, 43.4, 48.6, 53.1, 
56.1, 60.7, 61.2, 67.8, 72.2, 74.3, 76, 207, 157, 130, 330, 2462, 
246, 2493, 815, 916, 5, 1253, 9, 1, 6, 6, 1, 1, 1, 2, 1, 3, 1, 
100, 100, 100, 100, 100, 100, 100, 100, 100, 100, 100, 2500, 
2500, 2500, 2500, 2500, 2500, 2500, 2500, 2500, 2500, 2500, 6691.541, 
6788.143, 6796.509, 6759.537, 6699.307, 6719.806, 6756.106, 6752.00600000001, 
6768.586, 9059.06700000001, 9055.731, 1, 1, 1, 1, 1, 1, 1, 1, 
1, 1, 1, 0.11111, 0.11111, 0.11111, 0.11111, 0.11111, 0.11111, 
0.11111, 0.11111, 0.11111, 0.11111, 0.11111, 0, 0, 0, 0, 0, 0, 
0, 0, 0, 0, 0, 0, 0, 0, 0, 0, 0, 0, 0, 0, 0, 0, 0.34452, 0.39952, 
0.38214, 0.4369, 0.36429, 0.40317, 0.38556, 0.48536, 0.44508, 
0.44003, 0.44818, 0.40452, 0.39952, 0.35833, 0.40595, 0.42024, 
0.40571, 0.42052, 0.48563, 0.44306, 0.42689, 0.43232, 0.012, 
0.0127, 0.0136, 0.0127, 0.0135, 0.014, 0.0127, 0.0137, 0.0164, 
0.017, 0.017, 41.6, 45.6, 49.6, 53.3, 56.7, 60.5, 64.7, 68.2, 
71.8, 75.7, 82.3, 1, 1, 1, 1, 1, 1, 1, 1, 1, 1, 1, 1, 1, 1, 1, 
1, 1, 1, 1, 1, 1, 1, 1, 1, 1, 1, 1, 1, 1, 1, 1, 1, 1, 1, 1, 1, 
1, 1, 1, 1, 1, 1, 1, 1, 2.745, 2.738, 2.737, 2.684, 2.701, 2.699, 
2.699, 2.721, 2.656, 3.626, 3.624), .Dim = c(11L, 40L), .Dimnames = list(
    NULL, c("Sampling", "PSO.cost", "PSO.gamma", "PSO.data.balancing", 
    "PSO.feature.selection", "PSO.valid.acc", "PSO.test.acc", 
    "PSO.train.time", "PSO.n.support.vectors", "PSO.index", "PSO.n.solutions", 
    "PSO.generations", "PSO.n.evaluations", "PSO.cpu.time", "RS.cost", 
    "RS.gamma", "RS.data.balancing", "RS.feature.selection", 
    "RS.valid.acc", "RS.test.acc", "RS.train.time", "RS.n.support.vectors", 
    "RS.index", "RS.n.solutions", "RS.generations", "RS.n.evaluations", 
    "RS.cpu.time", "DF.cost", "DF.gamma", "DF.data.balancing", 
    "DF.feature.selection", "DF.valid.acc", "DF.test.acc", "DF.train.time", 
    "DF.n.support.vectors", "DF.index", "DF.n.solutions", "DF.generations", 
    "DF.n.evaluations", "DF.cpu.time")))
