full <-
structure(c(50, 55, 60, 65, 70, 75, 80, 85, 90, 95, 100, 10.44807, 
0.73279, 0.58446, 8.65118, 5.7029, 0.561, 2.19721, 13.43894, 
-0.39366, 4.02286, 0.74041, -3.01888, -6.50071, -1.33066, -2.39141, 
-6.42035, -2.0232, -2.87388, -9.19504, -2.63395, -4.61787, -2.55493, 
0, 0, 0, 0, 0, 0, 0, 0, 0, 0, 0, 0, 0, 0, 0, 0, 0, 0, 0, 0, 0, 
0, 0.39833, 0.38167, 0.41429, 0.4381, 0.44266, 0.47421, 0.46567, 
0.42702, 0.46101, 0.52083, 0.52449, 0.33667, 0.30929, 0.40857, 
0.39286, 0.36905, 0.36885, 0.38234, 0.28595, 0.45053, 0.43694, 
0.45869, 0.0111, 0.012, 0.0126, 0.0133, 0.0136, 0.0125, 0.0143, 
0.0228, 0.0143, 0.0147, 0.0156, 41.6, 45.2, 49.6, 53.6, 53.5, 
61.6, 65, 59.9, 73.4, 73.2, 82.7, 215, 2436, 1689, 17, 1337, 
1420, 219, 325, 199, 332, 599, 921, 1, 47, 1179, 40, 41, 755, 
674, 90, 390, 100, 100, 100, 100, 100, 100, 100, 100, 100, 100, 
100, 100, 2500, 2500, 2500, 2500, 2500, 2500, 2500, 2500, 2500, 
2500, 2500, 6514.468, 6288.731, 6639.358, 6518.635, 6512.2, 6452.21200000001, 
6380.24099999999, 6758.64799999999, 6734.806, 6394.454, 6494.62599999999, 
13.36092, -1.19485, 10.9379, 3.92591, 5.74212, 0.49456, 2.01086, 
-0.13196, -0.54751, 4.62161, 2.26789, -3.04537, -4.06392, -1.32997, 
-2.35947, -6.66371, -0.98688, -2.76743, -2.88604, -2.52367, -4.98169, 
-2.66389, 0, 0, 0, 0, 0, 0, 0, 0, 0, 0, 0, 0, 0, 0, 0, 0, 0, 
0, 0, 0, 0, 0, 0.39833, 0.38167, 0.39762, 0.4381, 0.42837, 0.45575, 
0.46567, 0.45484, 0.45851, 0.51174, 0.51929, 0.33667, 0.29167, 
0.40857, 0.39286, 0.38155, 0.38075, 0.39484, 0.44206, 0.45962, 
0.42694, 0.43217, 0.0112, 0.0115, 0.0123, 0.0119, 0.0133, 0.0136, 
0.014, 0.0139, 0.0143, 0.0153, 0.0144, 41.6, 45.6, 49.6, 53.6, 
53.7, 61.6, 65.3, 69.3, 73.4, 72.7, 82.8, 94, 95, 413, 337, 1252, 
1860, 80, 2300, 776, 164, 123, 20, 16, 3, 3, 1, 2, 2, 1, 1, 7, 
1, 100, 100, 100, 100, 100, 100, 100, 100, 100, 100, 100, 2500, 
2500, 2500, 2500, 2500, 2500, 2500, 2500, 2500, 2500, 2500, 6380.795, 
6381.057, 6603.355, 6581.466, 6448.462, 6440.54399999999, 6511.177, 
6507.367, 6602.917, 6435.69799999999, 6447.33499999999, 1, 1, 
1, 1, 1, 1, 1, 1, 1, 1, 1, 0.11111, 0.11111, 0.11111, 0.11111, 
0.11111, 0.11111, 0.11111, 0.11111, 0.11111, 0.11111, 0.11111, 
0, 0, 0, 0, 0, 0, 0, 0, 0, 0, 0, 0, 0, 0, 0, 0, 0, 0, 0, 0, 0, 
0, 0.29833, 0.27667, 0.32905, 0.31429, 0.32341, 0.40298, 0.40595, 
0.40583, 0.3899, 0.45035, 0.45515, 0.30333, 0.27738, 0.36238, 
0.40238, 0.32798, 0.3752, 0.39484, 0.38651, 0.33561, 0.46694, 
0.41753, 0.0113, 0.0119, 0.0124, 0.0117, 0.012, 0.0135, 0.0141, 
0.0133, 0.0131, 0.0141, 0.0153, 41.6, 45.6, 49.4, 53.6, 57.5, 
61.2, 65.1, 68.8, 72.8, 76.4, 82.3, 1, 1, 1, 1, 1, 1, 1, 1, 1, 
1, 1, 1, 1, 1, 1, 1, 1, 1, 1, 1, 1, 1, 1, 1, 1, 1, 1, 1, 1, 1, 
1, 1, 1, 1, 1, 1, 1, 1, 1, 1, 1, 1, 1, 1, 2.621, 2.555, 2.608, 
2.457, 2.43, 2.619, 2.63, 2.672, 2.401, 2.534, 2.534), .Dim = c(11L, 
40L), .Dimnames = list(NULL, c("Sampling", "PSO.cost", "PSO.gamma", 
"PSO.data.balancing", "PSO.feature.selection", "PSO.valid.acc", 
"PSO.test.acc", "PSO.train.time", "PSO.n.support.vectors", "PSO.index", 
"PSO.n.solutions", "PSO.generations", "PSO.n.evaluations", "PSO.cpu.time", 
"RS.cost", "RS.gamma", "RS.data.balancing", "RS.feature.selection", 
"RS.valid.acc", "RS.test.acc", "RS.train.time", "RS.n.support.vectors", 
"RS.index", "RS.n.solutions", "RS.generations", "RS.n.evaluations", 
"RS.cpu.time", "DF.cost", "DF.gamma", "DF.data.balancing", "DF.feature.selection", 
"DF.valid.acc", "DF.test.acc", "DF.train.time", "DF.n.support.vectors", 
"DF.index", "DF.n.solutions", "DF.generations", "DF.n.evaluations", 
"DF.cpu.time")))
