full <-
structure(c(50, 55, 60, 65, 70, 75, 80, 85, 90, 95, 100, 1.95954, 
3.09742, 15, 2.77739, 1.52308, 4.35352, 6.78344, 8.30087, 0.34111, 
3.26289, -0.26434, -4.49794, -4.81211, -13.71913, -5.17608, -4.77668, 
-5.08524, -5.12023, -7.64059, -3.13724, -5.49294, -2.01622, 0, 
0, 0, 0, 0, 0, 0, 0, 0, 0, 0, 0, 0, 0, 0, 0, 0, 0, 0, 0, 0, 0, 
0.48833, 0.43119, 0.44643, 0.53012, 0.48075, 0.49226, 0.51052, 
0.43524, 0.49833, 0.44005, 0.45462, 0.45833, 0.29357, 0.3619, 
0.36417, 0.44325, 0.34444, 0.42726, 0.40163, 0.41417, 0.41962, 
0.41318, 0.0122, 0.0125, 0.0148, 0.0127, 0.0121, 0.0131, 0.0137, 
0.0154, 0.0137, 0.0152, 0.0154, 40.3, 43.7, 45.1, 50.5, 54.1, 
57.7, 61.1, 62.3, 71.7, 72.5, 83.7, 1741, 942, 172, 1323, 477, 
1076, 1075, 355, 664, 854, 636, 9, 84, 450, 37, 58, 160, 88, 
292, 526, 243, 374, 100, 100, 100, 100, 100, 100, 100, 100, 100, 
100, 100, 2500, 2500, 2500, 2500, 2500, 2500, 2500, 2500, 2500, 
2500, 2500, 6896.39, 6971.197, 6993.877, 6682.92000000001, 6590.147, 
6602.74000000001, 6611.336, 6600.359, 6554.033, 6853.34, 6864.73200000002, 
1.76884, 12.08005, 14.7718, 2.72505, -0.03579, 4.27885, 6.75844, 
8.607, 0.50784, 2.90658, -0.40479, -4.34643, -5.04349, -13.48474, 
-4.88901, -3.29181, -5.02724, -5.11778, -7.72713, -3.25253, -5.40494, 
-1.91158, 0, 0, 0, 0, 0, 0, 0, 0, 0, 0, 0, 0, 0, 0, 0, 0, 0, 
0, 0, 0, 0, 0, 0.47167, 0.42286, 0.44643, 0.50095, 0.47202, 0.49226, 
0.51052, 0.43524, 0.47722, 0.42914, 0.42644, 0.45833, 0.2969, 
0.3619, 0.39528, 0.43968, 0.34444, 0.42726, 0.38802, 0.39194, 
0.41851, 0.40318, 0.0122, 0.0129, 0.0144, 0.0123, 0.013, 0.0134, 
0.0138, 0.0152, 0.014, 0.015, 0.0146, 40.5, 44, 45.1, 50.6, 56.5, 
57.7, 61.2, 62.1, 71.1, 72.7, 84, 1380, 40, 353, 189, 839, 222, 
108, 271, 664, 55, 1721, 3, 47, 1, 2, 1, 1, 1, 2, 1, 1, 1, 100, 
100, 100, 100, 100, 100, 100, 100, 100, 100, 100, 2500, 2500, 
2500, 2500, 2500, 2500, 2500, 2500, 2500, 2500, 2500, 6936.352, 
6991.592, 7014.215, 6575.669, 6587.57999999999, 6570.621, 6554.966, 
6575.076, 6848.393, 6837.04300000001, 6710.37, 1, 1, 1, 1, 1, 
1, 1, 1, 1, 1, 1, 0.11111, 0.11111, 0.11111, 0.11111, 0.11111, 
0.11111, 0.11111, 0.11111, 0.11111, 0.11111, 0.11111, 0, 0, 0, 
0, 0, 0, 0, 0, 0, 0, 0, 0, 0, 0, 0, 0, 0, 0, 0, 0, 0, 0, 0.42167, 
0.38929, 0.41071, 0.41512, 0.45536, 0.43294, 0.45548, 0.41758, 
0.44278, 0.36957, 0.42462, 0.43333, 0.38024, 0.37976, 0.39512, 
0.43968, 0.42798, 0.44437, 0.39758, 0.40417, 0.41687, 0.44477, 
0.0111, 0.012, 0.0124, 0.0117, 0.0118, 0.0128, 0.0143, 0.014, 
0.0155, 0.015, 0.0143, 41.1, 44.8, 48.8, 52.7, 56.4, 60.5, 64.4, 
68.8, 71.9, 76.2, 82.2, 1, 1, 1, 1, 1, 1, 1, 1, 1, 1, 1, 1, 1, 
1, 1, 1, 1, 1, 1, 1, 1, 1, 1, 1, 1, 1, 1, 1, 1, 1, 1, 1, 1, 1, 
1, 1, 1, 1, 1, 1, 1, 1, 1, 1, 2.788, 2.78, 2.807, 2.593, 2.582, 
2.67, 2.726, 2.637, 2.786, 2.725, 2.57), .Dim = c(11L, 40L), .Dimnames = list(
    NULL, c("Sampling", "PSO.cost", "PSO.gamma", "PSO.data.balancing", 
    "PSO.feature.selection", "PSO.valid.acc", "PSO.test.acc", 
    "PSO.train.time", "PSO.n.support.vectors", "PSO.index", "PSO.n.solutions", 
    "PSO.generations", "PSO.n.evaluations", "PSO.cpu.time", "RS.cost", 
    "RS.gamma", "RS.data.balancing", "RS.feature.selection", 
    "RS.valid.acc", "RS.test.acc", "RS.train.time", "RS.n.support.vectors", 
    "RS.index", "RS.n.solutions", "RS.generations", "RS.n.evaluations", 
    "RS.cpu.time", "DF.cost", "DF.gamma", "DF.data.balancing", 
    "DF.feature.selection", "DF.valid.acc", "DF.test.acc", "DF.train.time", 
    "DF.n.support.vectors", "DF.index", "DF.n.solutions", "DF.generations", 
    "DF.n.evaluations", "DF.cpu.time")))
