full <-
structure(c(50, 55, 60, 65, 70, 75, 80, 85, 90, 95, 100, 9.62196, 
11.77803, 7.36903, 5.9531, 3.19849, 3.5126, 1.59068, 3.49927, 
9.81607, 0.63551, 1.26123, -1.7444, -6.69611, -12.31804, -7.35511, 
-3.225, -2.5093, -3.05877, -4.03185, -2.94991, -2.98365, -2.3907, 
0, 0, 0, 0, 0, 0, 0, 0, 0, 0, 0, 0, 0, 0, 0, 0, 0, 0, 0, 0, 0, 
0, 0.45, 0.41881, 0.42952, 0.41179, 0.38413, 0.40337, 0.50298, 
0.52556, 0.45712, 0.48952, 0.4297, 0.42, 0.37738, 0.40381, 0.3156, 
0.38552, 0.36726, 0.42897, 0.47556, 0.41422, 0.39389, 0.41061, 
0.0114, 0.0121, 0.0114, 0.0126, 0.0128, 0.0124, 0.0142, 0.0139, 
0.0142, 0.0163, 0.017, 41.6, 41.2, 47.4, 48.9, 56.6, 60.9, 64, 
66.4, 72.1, 76, 82.5, 710, 183, 126, 571, 936, 1363, 1242, 1108, 
73, 1895, 142, 109, 684, 41, 91, 33, 68, 155, 264, 958, 4, 789, 
100, 100, 100, 100, 100, 100, 100, 100, 100, 100, 100, 2500, 
2500, 2500, 2500, 2500, 2500, 2500, 2500, 2500, 2500, 2500, 6041.463, 
6078.269, 6086.407, 6102.918, 6134.498, 6214.708, 6158.023, 6256.53599999999, 
7761.27200000001, 8406.39499999999, 8423.65700000001, 6.55403, 
13.85029, 5.05258, 2.33092, 4.99645, 2.23951, 1.37149, 4.12732, 
5.53593, 1.04412, 1.70562, -1.74959, -6.67176, -9.99145, -3.75229, 
-3.07286, -2.58468, -2.85131, -5.51296, -3.04961, -3.25201, -2.23491, 
0, 0, 0, 0, 0, 0, 0, 0, 0, 0, 0, 0, 0, 0, 0, 0, 0, 0, 0, 0, 0, 
0, 0.45, 0.41881, 0.42952, 0.40655, 0.38274, 0.40337, 0.50298, 
0.49194, 0.45712, 0.46904, 0.4297, 0.42, 0.39405, 0.40381, 0.3356, 
0.39107, 0.36726, 0.42897, 0.43972, 0.40513, 0.43389, 0.42061, 
0.0112, 0.0118, 0.0114, 0.0121, 0.0119, 0.013, 0.0137, 0.014, 
0.0163, 0.0159, 0.0169, 41.6, 41.2, 47.4, 52.7, 56.6, 60.6, 64.2, 
63.9, 71.9, 75, 83, 227, 104, 580, 521, 110, 323, 1007, 905, 
301, 1022, 584, 1, 18, 4, 2, 27, 2, 2, 1, 8, 1, 3, 100, 100, 
100, 100, 100, 100, 100, 100, 100, 100, 100, 2500, 2500, 2500, 
2500, 2500, 2500, 2500, 2500, 2500, 2500, 2500, 6036.5, 6050.445, 
6081.271, 6148.554, 6096.66499999999, 6252.69499999999, 6332.96399999999, 
6400.87, 8422.041, 8400.04900000001, 8420.18299999999, 1, 1, 
1, 1, 1, 1, 1, 1, 1, 1, 1, 0.11111, 0.11111, 0.11111, 0.11111, 
0.11111, 0.11111, 0.11111, 0.11111, 0.11111, 0.11111, 0.11111, 
0, 0, 0, 0, 0, 0, 0, 0, 0, 0, 0, 0, 0, 0, 0, 0, 0, 0, 0, 0, 0, 
0, 0.29833, 0.33119, 0.42381, 0.38857, 0.32857, 0.4002, 0.36925, 
0.44472, 0.40712, 0.42813, 0.3804, 0.24833, 0.32881, 0.40952, 
0.33583, 0.37579, 0.35198, 0.36607, 0.44111, 0.35319, 0.44376, 
0.39374, 0.0111, 0.0112, 0.0111, 0.0111, 0.0123, 0.0117, 0.0133, 
0.0138, 0.0159, 0.0161, 0.0165, 41.4, 45.2, 49.3, 53.2, 57.2, 
60.6, 64.2, 68.5, 72.5, 76.1, 82.2, 1, 1, 1, 1, 1, 1, 1, 1, 1, 
1, 1, 1, 1, 1, 1, 1, 1, 1, 1, 1, 1, 1, 1, 1, 1, 1, 1, 1, 1, 1, 
1, 1, 1, 1, 1, 1, 1, 1, 1, 1, 1, 1, 1, 1, 2.421, 2.429, 2.42, 
2.413, 2.521, 2.36, 2.55, 2.604, 3.342, 3.354, 3.378), .Dim = c(11L, 
40L), .Dimnames = list(NULL, c("Sampling", "PSO.cost", "PSO.gamma", 
"PSO.data.balancing", "PSO.feature.selection", "PSO.valid.acc", 
"PSO.test.acc", "PSO.train.time", "PSO.n.support.vectors", "PSO.index", 
"PSO.n.solutions", "PSO.generations", "PSO.n.evaluations", "PSO.cpu.time", 
"RS.cost", "RS.gamma", "RS.data.balancing", "RS.feature.selection", 
"RS.valid.acc", "RS.test.acc", "RS.train.time", "RS.n.support.vectors", 
"RS.index", "RS.n.solutions", "RS.generations", "RS.n.evaluations", 
"RS.cpu.time", "DF.cost", "DF.gamma", "DF.data.balancing", "DF.feature.selection", 
"DF.valid.acc", "DF.test.acc", "DF.train.time", "DF.n.support.vectors", 
"DF.index", "DF.n.solutions", "DF.generations", "DF.n.evaluations", 
"DF.cpu.time")))
