full <-
structure(c(50, 55, 60, 65, 70, 75, 80, 85, 90, 95, 100, 4.06129, 
-0.1186, -0.44364, -0.14271, 0.55582, 2.54386, 1.6847, -0.11153, 
-0.27218, 0.06169, -0.27507, -9.54215, -2.73248, -3.89971, -3.70577, 
-4.643, -4.84864, -4.99736, -2.90966, -2.85084, -2.44902, -2.58335, 
0, 0, 0, 0, 0, 0, 0, 0, 0, 0, 0, 0, 0, 0, 0, 0, 0, 0, 0, 0, 0, 
0, 0.54667, 0.44333, 0.53667, 0.45357, 0.45833, 0.46706, 0.47063, 
0.47111, 0.50313, 0.45907, 0.46176, 0.44167, 0.38, 0.48417, 0.43274, 
0.34464, 0.38889, 0.43798, 0.39306, 0.43619, 0.42755, 0.40223, 
0.0121, 0.0128, 0.0123, 0.0126, 0.0122, 0.0139, 0.0134, 0.013, 
0.0148, 0.0152, 0.0157, 40.7, 45.2, 49, 53.1, 56.7, 57.8, 61.9, 
68.1, 72, 75.9, 83, 663, 539, 274, 1097, 1017, 936, 859, 720, 
534, 1002, 240, 63, 57, 429, 147, 100, 219, 129, 270, 177, 13, 
70, 100, 100, 100, 100, 100, 100, 100, 100, 100, 100, 100, 2500, 
2500, 2500, 2500, 2500, 2500, 2500, 2500, 2500, 2500, 2500, 6485.941, 
6409.821, 6359.145, 6214.023, 6294.541, 6360.483, 6544.58799999999, 
6495.96799999999, 6592.821, 6655.179, 6568.319, 1.30185, -0.18546, 
-0.34332, 0.47198, -0.4031, 2.23724, 1.3296, 0.19667, -0.83038, 
-0.04596, 1.78295, -6.65689, -2.75068, -4.15527, -3.80997, -3.23952, 
-4.56591, -3.72937, -3.5244, -2.68894, -2.14697, -1.44327, 0, 
0, 0, 0, 0, 0, 0, 0, 0, 0, 0, 0, 0, 0, 0, 0, 0, 0, 0, 0, 0, 0, 
0.54667, 0.44333, 0.53667, 0.45119, 0.44583, 0.44345, 0.46952, 
0.45722, 0.49063, 0.44795, 0.45028, 0.46167, 0.39667, 0.46988, 
0.43274, 0.39643, 0.38889, 0.42091, 0.38194, 0.42687, 0.43664, 
0.40679, 0.0117, 0.0124, 0.0113, 0.0127, 0.0124, 0.014, 0.0141, 
0.0149, 0.0145, 0.0145, 0.0162, 40.6, 45.2, 48.6, 52.7, 57.5, 
58.4, 62.3, 66.7, 72.7, 76.6, 84, 151, 1502, 670, 874, 291, 632, 
35, 10, 678, 572, 2151, 1, 1, 2, 2, 3, 2, 4, 2, 1, 1, 1, 100, 
100, 100, 100, 100, 100, 100, 100, 100, 100, 100, 2500, 2500, 
2500, 2500, 2500, 2500, 2500, 2500, 2500, 2500, 2500, 6488.681, 
6429.751, 6189.166, 6253.897, 6344.729, 6493.045, 6510.144, 6601.66, 
6620.118, 6606.54800000001, 6501.90300000002, 1, 1, 1, 1, 1, 
1, 1, 1, 1, 1, 1, 0.11111, 0.11111, 0.11111, 0.11111, 0.11111, 
0.11111, 0.11111, 0.11111, 0.11111, 0.11111, 0.11111, 0, 0, 0, 
0, 0, 0, 0, 0, 0, 0, 0, 0, 0, 0, 0, 0, 0, 0, 0, 0, 0, 0, 0.45667, 
0.39333, 0.48571, 0.43929, 0.4006, 0.39345, 0.44036, 0.45861, 
0.43635, 0.43907, 0.42247, 0.46, 0.37667, 0.46988, 0.4494, 0.38214, 
0.43234, 0.44036, 0.38194, 0.45841, 0.42068, 0.40454, 0.0122, 
0.012, 0.0129, 0.0127, 0.0137, 0.0135, 0.0142, 0.0133, 0.0146, 
0.0153, 0.014, 41, 45, 49.3, 53.4, 57.2, 61, 64.4, 67.7, 71.5, 
75.3, 82.1, 1, 1, 1, 1, 1, 1, 1, 1, 1, 1, 1, 1, 1, 1, 1, 1, 1, 
1, 1, 1, 1, 1, 1, 1, 1, 1, 1, 1, 1, 1, 1, 1, 1, 1, 1, 1, 1, 1, 
1, 1, 1, 1, 1, 1, 2.572, 2.579, 2.594, 2.596, 2.622, 2.626, 2.641, 
2.452, 2.663, 2.615, 2.416), .Dim = c(11L, 40L), .Dimnames = list(
    NULL, c("Sampling", "PSO.cost", "PSO.gamma", "PSO.data.balancing", 
    "PSO.feature.selection", "PSO.valid.acc", "PSO.test.acc", 
    "PSO.train.time", "PSO.n.support.vectors", "PSO.index", "PSO.n.solutions", 
    "PSO.generations", "PSO.n.evaluations", "PSO.cpu.time", "RS.cost", 
    "RS.gamma", "RS.data.balancing", "RS.feature.selection", 
    "RS.valid.acc", "RS.test.acc", "RS.train.time", "RS.n.support.vectors", 
    "RS.index", "RS.n.solutions", "RS.generations", "RS.n.evaluations", 
    "RS.cpu.time", "DF.cost", "DF.gamma", "DF.data.balancing", 
    "DF.feature.selection", "DF.valid.acc", "DF.test.acc", "DF.train.time", 
    "DF.n.support.vectors", "DF.index", "DF.n.solutions", "DF.generations", 
    "DF.n.evaluations", "DF.cpu.time")))
