full <-
structure(c(50, 55, 60, 65, 70, 75, 80, 85, 90, 95, 100, 0.58325, 
0.69565, 0.64561, 11.17999, 0.35192, 0.18602, 0.06899, 0.49435, 
1.21938, 3.56598, 0.39499, -1.76162, -2.70644, -2.32965, -2.33825, 
-2.86998, -1.32278, -2.03191, -2.42544, -3.14968, -3.85413, -2.86878, 
0, 0, 0, 0, 0, 0, 0, 0, 0, 0, 0, 0, 0, 0, 0, 0, 0, 0, 0, 0, 0, 
0, 0.51, 0.54048, 0.53667, 0.56536, 0.6048, 0.5456, 0.56111, 
0.5627, 0.54472, 0.44361, 0.49884, 0.49, 0.56619, 0.49143, 0.52429, 
0.55623, 0.5056, 0.47361, 0.52758, 0.49778, 0.33664, 0.41106, 
0.0102, 0.0108, 0.0114, 0.0115, 0.0127, 0.013, 0.0135, 0.0139, 
0.0143, 0.0146, 0.0144, 41.6, 45.5, 49.3, 53.3, 56.6, 61.6, 65.4, 
68.8, 71.6, 74.6, 82.4, 420, 659, 340, 215, 267, 1949, 663, 516, 
166, 255, 661, 309, 495, 707, 1012, 301, 1, 145, 511, 153, 114, 
621, 100, 100, 100, 100, 100, 100, 100, 100, 100, 100, 100, 2500, 
2500, 2500, 2500, 2500, 2500, 2500, 2500, 2500, 2500, 2500, 5962.88, 
6053.106, 6049.131, 6074.025, 6156.893, 6213.614, 6180.11, 6196.004, 
6248.024, 6212.212, 6166.68800000001, 0.68735, 0.59484, 0.75458, 
1.47794, 0.60381, 0.50633, 0.90428, 0.58436, 0.71928, 3.54648, 
0.20621, -1.75541, -2.63554, -2.02556, -2.90747, -3.19128, -1.31422, 
-2.45384, -2.77403, -2.21102, -3.59176, -2.53544, 0, 0, 0, 0, 
0, 0, 0, 0, 0, 0, 0, 0, 0, 0, 0, 0, 0, 0, 0, 0, 0, 0, 0.51, 0.54048, 
0.52, 0.57786, 0.5923, 0.5356, 0.54167, 0.5527, 0.54472, 0.43452, 
0.48189, 0.49, 0.56619, 0.45476, 0.53024, 0.57802, 0.5181, 0.45833, 
0.52869, 0.52, 0.34462, 0.42356, 0.0112, 0.0113, 0.0121, 0.0114, 
0.0122, 0.0134, 0.0126, 0.0133, 0.0139, 0.0149, 0.0144, 41.6, 
45.6, 49.6, 52.2, 56, 61.6, 64.4, 68.4, 73.3, 74.9, 82.6, 1411, 
187, 516, 1303, 163, 165, 111, 1986, 958, 50, 405, 1, 2, 4, 2, 
2, 9, 1, 2, 1, 2, 1, 100, 100, 100, 100, 100, 100, 100, 100, 
100, 100, 100, 2500, 2500, 2500, 2500, 2500, 2500, 2500, 2500, 
2500, 2500, 2500, 6028.493, 6075.573, 6098.065, 6104.24, 6175.787, 
6200.769, 6243.038, 6235.75600000001, 6262.05100000001, 6202.965, 
6121.23299999999, 1, 1, 1, 1, 1, 1, 1, 1, 1, 1, 1, 0.11111, 0.11111, 
0.11111, 0.11111, 0.11111, 0.11111, 0.11111, 0.11111, 0.11111, 
0.11111, 0.11111, 0, 0, 0, 0, 0, 0, 0, 0, 0, 0, 0, 0, 0, 0, 0, 
0, 0, 0, 0, 0, 0, 0, 0.425, 0.45714, 0.45238, 0.49571, 0.55802, 
0.50476, 0.49167, 0.4773, 0.45556, 0.3897, 0.45539, 0.46167, 
0.47286, 0.4881, 0.45464, 0.55623, 0.51476, 0.44306, 0.44897, 
0.45639, 0.45967, 0.41865, 0.0106, 0.0117, 0.0109, 0.012, 0.0124, 
0.0124, 0.0133, 0.0131, 0.0145, 0.0134, 0.0148, 41.4, 45.5, 48.7, 
52.6, 56.3, 60.1, 64.5, 67.9, 72.3, 76.2, 82.2, 1, 1, 1, 1, 1, 
1, 1, 1, 1, 1, 1, 1, 1, 1, 1, 1, 1, 1, 1, 1, 1, 1, 1, 1, 1, 1, 
1, 1, 1, 1, 1, 1, 1, 1, 1, 1, 1, 1, 1, 1, 1, 1, 1, 1, 2.373, 
2.45, 2.336, 2.388, 2.512, 2.493, 2.516, 2.508, 2.495, 2.399, 
2.533), .Dim = c(11L, 40L), .Dimnames = list(NULL, c("Sampling", 
"PSO.cost", "PSO.gamma", "PSO.data.balancing", "PSO.feature.selection", 
"PSO.valid.acc", "PSO.test.acc", "PSO.train.time", "PSO.n.support.vectors", 
"PSO.index", "PSO.n.solutions", "PSO.generations", "PSO.n.evaluations", 
"PSO.cpu.time", "RS.cost", "RS.gamma", "RS.data.balancing", "RS.feature.selection", 
"RS.valid.acc", "RS.test.acc", "RS.train.time", "RS.n.support.vectors", 
"RS.index", "RS.n.solutions", "RS.generations", "RS.n.evaluations", 
"RS.cpu.time", "DF.cost", "DF.gamma", "DF.data.balancing", "DF.feature.selection", 
"DF.valid.acc", "DF.test.acc", "DF.train.time", "DF.n.support.vectors", 
"DF.index", "DF.n.solutions", "DF.generations", "DF.n.evaluations", 
"DF.cpu.time")))
