full <-
structure(c(50, 55, 60, 65, 70, 75, 80, 85, 90, 95, 100, 2.5188, 
13.39512, 7.74172, 1.49967, 9.45453, 4.59954, 5.79984, 1.95517, 
0.10409, 3.89438, -0.22458, -4.26748, -3.7596, -3.37277, -3.26604, 
-2.06323, -6.05661, -6.13389, -2.64528, -1.8449, -6.25518, -2.11573, 
0, 0, 0, 0, 0, 0, 0, 0, 0, 0, 0, 0, 0, 0, 0, 0, 0, 0, 0, 0, 0, 
0, 0.405, 0.40833, 0.52083, 0.45071, 0.4994, 0.45873, 0.47798, 
0.49984, 0.4556, 0.46927, 0.47313, 0.30333, 0.37738, 0.49583, 
0.34298, 0.45655, 0.37798, 0.41647, 0.41226, 0.42393, 0.36818, 
0.44891, 0.0124, 0.0118, 0.0126, 0.0137, 0.0126, 0.0136, 0.0138, 
0.0154, 0.0135, 0.015, 0.0145, 40.4, 44.5, 48.7, 53, 57, 56.7, 
59.2, 69.1, 73.5, 71.1, 83.3, 739, 167, 208, 2172, 276, 662, 
410, 444, 437, 990, 1118, 330, 1034, 1026, 10, 1059, 95, 535, 
413, 687, 51, 225, 100, 100, 100, 100, 100, 100, 100, 100, 100, 
100, 100, 2500, 2500, 2500, 2500, 2500, 2500, 2500, 2500, 2500, 
2500, 2500, 6870.31, 6793.381, 6798.709, 7004.86500000001, 6785.431, 
7010.606, 6884.962, 6922.47499999999, 6977.622, 7141.36099999999, 
6939.27900000001, 2.63915, 11.36344, 7.90065, 2.11341, 9.15647, 
7.29764, 5.22601, 1.26077, 0.19501, 3.86094, 5.44468, -4.38192, 
-3.77039, -3.35335, -3.6429, -1.99509, -8.48112, -6.59861, -2.76414, 
-1.80252, -6.25961, -6.56707, 0, 0, 0, 0, 0, 0, 0, 0, 0, 0, 0, 
0, 0, 0, 0, 0, 0, 0, 0, 0, 0, 0, 0.405, 0.40833, 0.52083, 0.43821, 
0.4994, 0.44444, 0.4877, 0.47762, 0.4556, 0.46927, 0.44278, 0.30333, 
0.37738, 0.50833, 0.35726, 0.45655, 0.36548, 0.36964, 0.42337, 
0.4156, 0.36818, 0.43611, 0.012, 0.013, 0.0126, 0.0128, 0.0138, 
0.0136, 0.015, 0.0145, 0.015, 0.0152, 0.0154, 40.3, 44.5, 48.7, 
52.1, 57, 55.1, 58.5, 68.9, 73.5, 70.9, 75.4, 1235, 77, 398, 
1071, 102, 760, 542, 940, 1063, 993, 1230, 2, 8, 7, 2, 11, 2, 
2, 2, 1, 1, 1, 100, 100, 100, 100, 100, 100, 100, 100, 100, 100, 
100, 2500, 2500, 2500, 2500, 2500, 2500, 2500, 2500, 2500, 2500, 
2500, 6780.358, 6870.896, 6832.911, 6760.372, 6894.59099999999, 
6846.673, 7031.807, 6839.88100000001, 7181.91800000001, 7161.25599999999, 
6880.095, 1, 1, 1, 1, 1, 1, 1, 1, 1, 1, 1, 0.11111, 0.11111, 
0.11111, 0.11111, 0.11111, 0.11111, 0.11111, 0.11111, 0.11111, 
0.11111, 0.11111, 0, 0, 0, 0, 0, 0, 0, 0, 0, 0, 0, 0, 0, 0, 0, 
0, 0, 0, 0, 0, 0, 0, 0.24333, 0.36071, 0.45083, 0.33881, 0.40298, 
0.36587, 0.39663, 0.37143, 0.43226, 0.43684, 0.40503, 0.29167, 
0.36667, 0.36214, 0.35333, 0.40893, 0.35615, 0.40913, 0.38325, 
0.40341, 0.43997, 0.42821, 0.0127, 0.0126, 0.0129, 0.012, 0.0132, 
0.0136, 0.0145, 0.0144, 0.0152, 0.0152, 0.0156, 41.6, 45.5, 49.4, 
53.6, 57.1, 61.2, 65.2, 68.9, 73, 75.7, 82, 1, 1, 1, 1, 1, 1, 
1, 1, 1, 1, 1, 1, 1, 1, 1, 1, 1, 1, 1, 1, 1, 1, 1, 1, 1, 1, 1, 
1, 1, 1, 1, 1, 1, 1, 1, 1, 1, 1, 1, 1, 1, 1, 1, 1, 2.815, 2.769, 
2.796, 2.585, 2.777, 2.811, 2.859, 2.68, 2.844, 2.828, 2.884), .Dim = c(11L, 
40L), .Dimnames = list(NULL, c("Sampling", "PSO.cost", "PSO.gamma", 
"PSO.data.balancing", "PSO.feature.selection", "PSO.valid.acc", 
"PSO.test.acc", "PSO.train.time", "PSO.n.support.vectors", "PSO.index", 
"PSO.n.solutions", "PSO.generations", "PSO.n.evaluations", "PSO.cpu.time", 
"RS.cost", "RS.gamma", "RS.data.balancing", "RS.feature.selection", 
"RS.valid.acc", "RS.test.acc", "RS.train.time", "RS.n.support.vectors", 
"RS.index", "RS.n.solutions", "RS.generations", "RS.n.evaluations", 
"RS.cpu.time", "DF.cost", "DF.gamma", "DF.data.balancing", "DF.feature.selection", 
"DF.valid.acc", "DF.test.acc", "DF.train.time", "DF.n.support.vectors", 
"DF.index", "DF.n.solutions", "DF.generations", "DF.n.evaluations", 
"DF.cpu.time")))
