full <-
structure(c(50, 55, 60, 65, 70, 75, 80, 85, 90, 95, 100, 0.24213, 
14.86123, 4.71739, 8.63152, 11.20175, 4.82929, -0.66758, 7.70739, 
2.61948, -0.1558, 0.00115, -3.41092, -6.30028, -2.24638, -8.07344, 
-2.51532, -4.29949, -2.76641, -15, -4.43262, -1.99479, -2.0306, 
0, 0, 0, 0, 0, 0, 0, 0, 0, 0, 0, 0, 0, 0, 0, 0, 0, 0, 0, 0, 0, 
0, 0.49286, 0.41024, 0.42929, 0.48393, 0.41052, 0.4498, 0.48067, 
0.38657, 0.39583, 0.46859, 0.54115, 0.35833, 0.3969, 0.35429, 
0.39881, 0.40397, 0.46944, 0.42194, 0.35248, 0.38222, 0.42636, 
0.47122, 0.0113, 0.0116, 0.0116, 0.0136, 0.0134, 0.0142, 0.0132, 
0.0127, 0.0144, 0.0149, 0.0159, 41.3, 42.7, 49.6, 47.4, 57.4, 
58.7, 65.1, 68.7, 70.1, 77.3, 83.7, 863, 33, 26, 1707, 132, 573, 
889, 152, 41, 1585, 608, 260, 297, 1238, 1, 300, 96, 100, 58, 
383, 35, 609, 100, 100, 100, 100, 100, 100, 100, 100, 100, 100, 
100, 2500, 2500, 2500, 2500, 2500, 2500, 2500, 2500, 2500, 2500, 
2500, 6356.005, 6451.52, 6501.913, 6547.178, 6470.13099999999, 
6602.821, 6610.21800000001, 6605.99000000001, 6708.283, 6745.321, 
6551.05100000001, 0.27289, -0.15359, 2.25186, 12.91904, 2.30188, 
5.05485, -0.58959, 1.47454, -0.80228, 2.8362, -0.00672, -2.82353, 
-2.6034, -2.24538, -8.16718, -2.51214, -4.39186, -2.54372, -8.69944, 
-3.60547, -2.83612, -1.99694, 0, 0, 0, 0, 0, 0, 0, 0, 0, 0, 0, 
0, 0, 0, 0, 0, 0, 0, 0, 0, 0, 0, 0.47857, 0.41357, 0.42929, 0.47976, 
0.41052, 0.4498, 0.47067, 0.38657, 0.41444, 0.45116, 0.54115, 
0.36929, 0.40024, 0.35429, 0.39702, 0.40397, 0.45516, 0.41194, 
0.35248, 0.39194, 0.36247, 0.47122, 0.0121, 0.0111, 0.013, 0.0141, 
0.0136, 0.0139, 0.0124, 0.0143, 0.0139, 0.015, 0.0142, 41.6, 
45.6, 49.6, 47.7, 57.4, 58.4, 65.1, 68.7, 72.8, 76.3, 83.8, 2093, 
174, 43, 27, 2472, 780, 460, 289, 104, 949, 602, 1, 2, 37, 67, 
1, 3, 1, 4, 3, 2, 1, 100, 100, 100, 100, 100, 100, 100, 100, 
100, 100, 100, 2500, 2500, 2500, 2500, 2500, 2500, 2500, 2500, 
2500, 2500, 2500, 6423.018, 6394.267, 6542.623, 6469.362, 6560.429, 
6585.91, 6665.04000000001, 6741.182, 6601.102, 6646.57999999999, 
6410.86600000001, 1, 1, 1, 1, 1, 1, 1, 1, 1, 1, 1, 0.11111, 0.11111, 
0.11111, 0.11111, 0.11111, 0.11111, 0.11111, 0.11111, 0.11111, 
0.11111, 0.11111, 0, 0, 0, 0, 0, 0, 0, 0, 0, 0, 0, 0, 0, 0, 0, 
0, 0, 0, 0, 0, 0, 0, 0.45, 0.33857, 0.37929, 0.39286, 0.35635, 
0.4002, 0.40933, 0.32768, 0.33889, 0.41136, 0.43472, 0.38595, 
0.38024, 0.34952, 0.40119, 0.3748, 0.37659, 0.37155, 0.34784, 
0.32639, 0.41303, 0.45555, 0.011, 0.0112, 0.0124, 0.0128, 0.0137, 
0.0137, 0.0141, 0.0143, 0.0133, 0.014, 0.0141, 41.6, 45.6, 49.6, 
53.6, 57.6, 61.1, 64.9, 68.8, 73, 75.8, 82.5, 1, 1, 1, 1, 1, 
1, 1, 1, 1, 1, 1, 1, 1, 1, 1, 1, 1, 1, 1, 1, 1, 1, 1, 1, 1, 1, 
1, 1, 1, 1, 1, 1, 1, 1, 1, 1, 1, 1, 1, 1, 1, 1, 1, 1, 2.483, 
2.485, 2.706, 2.604, 2.701, 2.656, 2.731, 2.712, 2.502, 2.518, 
2.486), .Dim = c(11L, 40L), .Dimnames = list(NULL, c("Sampling", 
"PSO.cost", "PSO.gamma", "PSO.data.balancing", "PSO.feature.selection", 
"PSO.valid.acc", "PSO.test.acc", "PSO.train.time", "PSO.n.support.vectors", 
"PSO.index", "PSO.n.solutions", "PSO.generations", "PSO.n.evaluations", 
"PSO.cpu.time", "RS.cost", "RS.gamma", "RS.data.balancing", "RS.feature.selection", 
"RS.valid.acc", "RS.test.acc", "RS.train.time", "RS.n.support.vectors", 
"RS.index", "RS.n.solutions", "RS.generations", "RS.n.evaluations", 
"RS.cpu.time", "DF.cost", "DF.gamma", "DF.data.balancing", "DF.feature.selection", 
"DF.valid.acc", "DF.test.acc", "DF.train.time", "DF.n.support.vectors", 
"DF.index", "DF.n.solutions", "DF.generations", "DF.n.evaluations", 
"DF.cpu.time")))
