full <-
structure(c(50, 55, 60, 65, 70, 75, 80, 85, 90, 95, 100, 1.71307, 
1.18408, 6.13692, 11.42747, 3.1752, 5.5115, 3.58915, 11.06347, 
-0.06526, 1.23784, 4.30912, -4.1034, -2.86201, -6.45495, -5.10548, 
-6.56553, -3.65779, -5.06073, -5.77999, -1.97283, -2.91405, -5.19025, 
0, 0, 0, 0, 0, 0, 0, 0, 0, 0, 0, 0, 0, 0, 0, 0, 0, 0, 0, 0, 0, 
0, 0.46, 0.41202, 0.46298, 0.3994, 0.41131, 0.43194, 0.40833, 
0.40563, 0.42331, 0.44371, 0.53505, 0.445, 0.42679, 0.32286, 
0.41369, 0.32321, 0.39444, 0.38194, 0.30373, 0.33386, 0.38886, 
0.39828, 0.0113, 0.0122, 0.0125, 0.0134, 0.0128, 0.0146, 0.0137, 
0.0149, 0.015, 0.0151, 0.0153, 41.5, 45.6, 47.7, 51.9, 55.3, 
60.3, 62.4, 64.8, 73.6, 76.1, 76.2, 902, 2363, 992, 83, 234, 
582, 1725, 239, 899, 1070, 632, 56, 1, 176, 1111, 346, 44, 4, 
1033, 89, 134, 319, 100, 100, 100, 100, 100, 100, 100, 100, 100, 
100, 100, 2500, 2500, 2500, 2500, 2500, 2500, 2500, 2500, 2500, 
2500, 2500, 6414.406, 6784.468, 6827.279, 6951.98899999999, 6815.575, 
6810.32799999999, 6688.283, 6751.47799999999, 6813.98, 6672.595, 
6618.21100000001, 1.28412, 1.09865, 6.23269, 10.10807, 3.31916, 
4.35762, 3.03881, -0.57499, 5.42057, 1.34414, 4.15271, -4.18005, 
-2.73144, -6.52062, -5.05306, -6.70734, -3.6758, -4.47144, -2.54925, 
-1.71404, -2.97632, -5.09486, 0, 0, 0, 0, 0, 0, 0, 0, 0, 0, 0, 
0, 0, 0, 0, 0, 0, 0, 0, 0, 0, 0, 0.42333, 0.43202, 0.44869, 0.3994, 
0.39881, 0.43194, 0.40417, 0.41786, 0.40061, 0.43371, 0.53505, 
0.42333, 0.44107, 0.32286, 0.41369, 0.32321, 0.40694, 0.38333, 
0.35952, 0.34838, 0.38053, 0.39828, 0.0114, 0.0124, 0.0129, 0.0133, 
0.0135, 0.0147, 0.0142, 0.0138, 0.0147, 0.015, 0.0156, 41.5, 
45.6, 47.5, 51.9, 55.3, 60.3, 63.7, 69.4, 73.6, 76.1, 76.5, 69, 
578, 128, 35, 1454, 540, 1892, 2088, 207, 268, 1619, 16, 1, 1, 
13, 2, 8, 1, 1, 9, 2, 1, 100, 100, 100, 100, 100, 100, 100, 100, 
100, 100, 100, 2500, 2500, 2500, 2500, 2500, 2500, 2500, 2500, 
2500, 2500, 2500, 6772.202, 6819.873, 6838.264, 6835.604, 6849.656, 
6779.519, 6694.864, 6738.815, 6787.012, 6603.94099999999, 6635.459, 
1, 1, 1, 1, 1, 1, 1, 1, 1, 1, 1, 0.11111, 0.11111, 0.11111, 0.11111, 
0.11111, 0.11111, 0.11111, 0.11111, 0.11111, 0.11111, 0.11111, 
0, 0, 0, 0, 0, 0, 0, 0, 0, 0, 0, 0, 0, 0, 0, 0, 0, 0, 0, 0, 0, 
0, 0.38333, 0.30107, 0.26619, 0.32738, 0.35774, 0.40099, 0.34722, 
0.36341, 0.35061, 0.34366, 0.43919, 0.34667, 0.28107, 0.30702, 
0.35655, 0.43036, 0.42877, 0.34722, 0.3348, 0.33636, 0.39894, 
0.41212, 0.0121, 0.0124, 0.0129, 0.0128, 0.0118, 0.0126, 0.0131, 
0.0135, 0.0143, 0.0143, 0.0152, 41.6, 45.6, 49.6, 53.6, 57.6, 
61.4, 65.3, 69, 73, 76.4, 82.3, 1, 1, 1, 1, 1, 1, 1, 1, 1, 1, 
1, 1, 1, 1, 1, 1, 1, 1, 1, 1, 1, 1, 1, 1, 1, 1, 1, 1, 1, 1, 1, 
1, 1, 1, 1, 1, 1, 1, 1, 1, 1, 1, 1, 1, 2.74, 2.773, 2.799, 2.8, 
2.534, 2.605, 2.639, 2.573, 2.671, 2.639, 2.676), .Dim = c(11L, 
40L), .Dimnames = list(NULL, c("Sampling", "PSO.cost", "PSO.gamma", 
"PSO.data.balancing", "PSO.feature.selection", "PSO.valid.acc", 
"PSO.test.acc", "PSO.train.time", "PSO.n.support.vectors", "PSO.index", 
"PSO.n.solutions", "PSO.generations", "PSO.n.evaluations", "PSO.cpu.time", 
"RS.cost", "RS.gamma", "RS.data.balancing", "RS.feature.selection", 
"RS.valid.acc", "RS.test.acc", "RS.train.time", "RS.n.support.vectors", 
"RS.index", "RS.n.solutions", "RS.generations", "RS.n.evaluations", 
"RS.cpu.time", "DF.cost", "DF.gamma", "DF.data.balancing", "DF.feature.selection", 
"DF.valid.acc", "DF.test.acc", "DF.train.time", "DF.n.support.vectors", 
"DF.index", "DF.n.solutions", "DF.generations", "DF.n.evaluations", 
"DF.cpu.time")))
