full <-
structure(c(50, 55, 60, 65, 70, 75, 80, 85, 90, 95, 100, 8.93196, 
8.70766, 9.17443, 8.51181, 12.6068, 3.38872, 0.18785, 0.18682, 
-0.04474, 0.40122, -0.32853, -11.59309, -10.67275, -7.30442, 
-1.87119, -11.9918, -3.75345, -2.82056, -3.15571, -2.06604, -3.01849, 
-2.68365, 0, 0, 0, 0, 0, 0, 0, 0, 0, 0, 0, 0, 0, 0, 0, 0, 0, 
0, 0, 0, 0, 0, 0.55, 0.50452, 0.57595, 0.51349, 0.4625, 0.49028, 
0.50619, 0.51001, 0.445, 0.48053, 0.49253, 0.55667, 0.45167, 
0.4444, 0.4381, 0.39524, 0.4125, 0.4798, 0.49549, 0.41778, 0.41907, 
0.43081, 0.0114, 0.0116, 0.013, 0.013, 0.0147, 0.0141, 0.0126, 
0.013, 0.0138, 0.0156, 0.0145, 38.9, 42, 46.1, 53.3, 50.5, 59.3, 
64.9, 68.3, 73.3, 76.1, 82.8, 390, 106, 61, 541, 7, 613, 1429, 
817, 371, 926, 1354, 57, 192, 1324, 428, 776, 490, 33, 168, 223, 
390, 24, 100, 100, 100, 100, 100, 100, 100, 100, 100, 100, 100, 
2500, 2500, 2500, 2500, 2500, 2500, 2500, 2500, 2500, 2500, 2500, 
6549.777, 6480.692, 6685.799, 6673.463, 6656.391, 6649.325, 6536.713, 
6631.14200000001, 6688.132, 6553.611, 6671.85800000001, 10.10984, 
10.87052, 11.26966, 9.84527, 3.70286, 3.32133, 0.37202, 0.19618, 
-0.33632, 0.36358, -0.30935, -12.77909, -12.91438, -7.0234, -1.8637, 
-4.22742, -3.71687, -2.35935, -3.06864, -1.67253, -2.99879, -2.62521, 
0, 0, 0, 0, 0, 0, 0, 0, 0, 0, 0, 0, 0, 0, 0, 0, 0, 0, 0, 0, 0, 
0, 0.55, 0.50452, 0.57595, 0.51349, 0.46667, 0.49028, 0.48119, 
0.4989, 0.43528, 0.47053, 0.48343, 0.55667, 0.415, 0.40774, 0.4381, 
0.43155, 0.4125, 0.4544, 0.49728, 0.43028, 0.40795, 0.44081, 
0.0118, 0.0121, 0.014, 0.0119, 0.0125, 0.0136, 0.013, 0.0131, 
0.0131, 0.0155, 0.0163, 38.9, 41.9, 46.2, 53.3, 55.2, 59.3, 65.1, 
68.3, 73.6, 76.3, 82.9, 1747, 309, 63, 1286, 1451, 1590, 1794, 
480, 963, 2336, 1847, 1, 9, 36, 2, 1, 1, 1, 1, 1, 1, 1, 100, 
100, 100, 100, 100, 100, 100, 100, 100, 100, 100, 2500, 2500, 
2500, 2500, 2500, 2500, 2500, 2500, 2500, 2500, 2500, 6477.461, 
6669.458, 6676.949, 6697.38299999999, 6601.937, 6643.417, 6606.164, 
6635.65800000001, 6710.63, 6597.745, 6663.008, 1, 1, 1, 1, 1, 
1, 1, 1, 1, 1, 1, 0.11111, 0.11111, 0.11111, 0.11111, 0.11111, 
0.11111, 0.11111, 0.11111, 0.11111, 0.11111, 0.11111, 0, 0, 0, 
0, 0, 0, 0, 0, 0, 0, 0, 0, 0, 0, 0, 0, 0, 0, 0, 0, 0, 0, 0.42167, 
0.30857, 0.44738, 0.44921, 0.36131, 0.40972, 0.4419, 0.47668, 
0.40778, 0.41505, 0.45616, 0.34667, 0.31262, 0.44405, 0.43254, 
0.37619, 0.425, 0.45758, 0.47188, 0.40528, 0.40525, 0.42581, 
0.0111, 0.0128, 0.0124, 0.0134, 0.0122, 0.0137, 0.0136, 0.013, 
0.0134, 0.0154, 0.016, 41.6, 45.6, 49.6, 53.5, 57.5, 61.2, 64.6, 
68.3, 72.7, 76.1, 82.4, 1, 1, 1, 1, 1, 1, 1, 1, 1, 1, 1, 1, 1, 
1, 1, 1, 1, 1, 1, 1, 1, 1, 1, 1, 1, 1, 1, 1, 1, 1, 1, 1, 1, 1, 
1, 1, 1, 1, 1, 1, 1, 1, 1, 1, 2.56, 2.766, 2.769, 2.755, 2.581, 
2.726, 2.79, 2.55, 2.526, 2.75, 2.732), .Dim = c(11L, 40L), .Dimnames = list(
    NULL, c("Sampling", "PSO.cost", "PSO.gamma", "PSO.data.balancing", 
    "PSO.feature.selection", "PSO.valid.acc", "PSO.test.acc", 
    "PSO.train.time", "PSO.n.support.vectors", "PSO.index", "PSO.n.solutions", 
    "PSO.generations", "PSO.n.evaluations", "PSO.cpu.time", "RS.cost", 
    "RS.gamma", "RS.data.balancing", "RS.feature.selection", 
    "RS.valid.acc", "RS.test.acc", "RS.train.time", "RS.n.support.vectors", 
    "RS.index", "RS.n.solutions", "RS.generations", "RS.n.evaluations", 
    "RS.cpu.time", "DF.cost", "DF.gamma", "DF.data.balancing", 
    "DF.feature.selection", "DF.valid.acc", "DF.test.acc", "DF.train.time", 
    "DF.n.support.vectors", "DF.index", "DF.n.solutions", "DF.generations", 
    "DF.n.evaluations", "DF.cpu.time")))
