full <-
structure(c(50, 55, 60, 65, 70, 75, 80, 85, 90, 95, 100, 9.63943, 
1.7753, 4.28744, 11.65332, 10.67017, -0.24205, -0.45981, 0.8745, 
-0.40641, 0.37818, 0.07249, -11.04076, -4.79601, -5.64845, -2.16924, 
-12.37675, -3.65781, -2.99673, -1.99936, -2.00109, -1.21929, 
-2.7359, 0, 0, 0, 0, 0, 0, 0, 0, 0, 0, 0, 0, 0, 0, 0, 0, 0, 0, 
0, 0, 0, 0, 0.44952, 0.5069, 0.48048, 0.48286, 0.48988, 0.48373, 
0.46278, 0.50045, 0.49553, 0.49497, 0.44716, 0.33524, 0.37952, 
0.4, 0.42952, 0.44286, 0.41726, 0.39111, 0.43668, 0.47053, 0.4377, 
0.44235, 0.0121, 0.0117, 0.0117, 0.0126, 0.0131, 0.0124, 0.0138, 
0.0128, 0.0135, 0.0136, 0.0135, 37.9, 43.6, 46.7, 53.6, 51.3, 
59.7, 64.3, 69.6, 73.5, 77.6, 82.8, 54, 1134, 1199, 34, 294, 
1029, 662, 21, 994, 833, 471, 214, 43, 36, 1441, 157, 15, 457, 
377, 72, 469, 392, 100, 100, 100, 100, 100, 100, 100, 100, 100, 
100, 100, 2500, 2500, 2500, 2500, 2500, 2500, 2500, 2500, 2500, 
2500, 2500, 6340.014, 6330.752, 6333.638, 6374.779, 6417.416, 
6411.54500000001, 6406.87300000001, 5962.626, 5954.946, 5976.435, 
6028.82499999998, 11.84921, 1.72161, 4.45125, 9.76091, 9.79958, 
-0.19239, -0.87955, 2.77936, -0.74673, 0.72292, 0.01871, -13.1412, 
-4.97197, -5.69861, -2.18664, -11.62334, -3.03163, -3.70818, 
-2.02678, -2.33508, -1.19279, -2.86695, 0, 0, 0, 0, 0, 0, 0, 
0, 0, 0, 0, 0, 0, 0, 0, 0, 0, 0, 0, 0, 0, 0, 0.44952, 0.5069, 
0.48048, 0.48286, 0.48988, 0.46984, 0.43639, 0.48819, 0.46192, 
0.47588, 0.43716, 0.3519, 0.37095, 0.4, 0.42952, 0.43036, 0.41587, 
0.39778, 0.43807, 0.4247, 0.44881, 0.40416, 0.0111, 0.0112, 0.0124, 
0.0124, 0.0123, 0.0128, 0.0127, 0.0127, 0.0131, 0.0136, 0.0149, 
37.7, 43.6, 46.5, 53.6, 51.5, 60.2, 64.1, 69.6, 73.3, 77.6, 82.8, 
192, 27, 45, 22, 55, 368, 72, 1011, 212, 1330, 1271, 15, 6, 4, 
43, 8, 1, 3, 2, 1, 1, 3, 100, 100, 100, 100, 100, 100, 100, 100, 
100, 100, 100, 2500, 2500, 2500, 2500, 2500, 2500, 2500, 2500, 
2500, 2500, 2500, 6352.24, 6321.073, 6338.251, 6388.725, 6380.256, 
6420.85399999999, 6314.891, 5987.852, 5983.523, 6090.16499999999, 
6133.152, 1, 1, 1, 1, 1, 1, 1, 1, 1, 1, 1, 0.11111, 0.11111, 
0.11111, 0.11111, 0.11111, 0.11111, 0.11111, 0.11111, 0.11111, 
0.11111, 0.11111, 0, 0, 0, 0, 0, 0, 0, 0, 0, 0, 0, 0, 0, 0, 0, 
0, 0, 0, 0, 0, 0, 0, 0.33452, 0.40345, 0.38714, 0.44242, 0.44583, 
0.46984, 0.35167, 0.44874, 0.41838, 0.43573, 0.41647, 0.36119, 
0.34857, 0.3919, 0.43409, 0.39226, 0.42837, 0.37306, 0.41128, 
0.42949, 0.44366, 0.37487, 0.0119, 0.0117, 0.0116, 0.0122, 0.0131, 
0.0124, 0.0118, 0.0129, 0.0128, 0.013, 0.0141, 40.4, 44.4, 48.1, 
51.9, 55.8, 60.2, 64, 67.9, 71.9, 76.2, 82.3, 1, 1, 1, 1, 1, 
1, 1, 1, 1, 1, 1, 1, 1, 1, 1, 1, 1, 1, 1, 1, 1, 1, 1, 1, 1, 1, 
1, 1, 1, 1, 1, 1, 1, 1, 1, 1, 1, 1, 1, 1, 1, 1, 1, 1, 2.549, 
2.525, 2.544, 2.529, 2.564, 2.558, 2.339, 2.374, 2.392, 2.339, 
2.45), .Dim = c(11L, 40L), .Dimnames = list(NULL, c("Sampling", 
"PSO.cost", "PSO.gamma", "PSO.data.balancing", "PSO.feature.selection", 
"PSO.valid.acc", "PSO.test.acc", "PSO.train.time", "PSO.n.support.vectors", 
"PSO.index", "PSO.n.solutions", "PSO.generations", "PSO.n.evaluations", 
"PSO.cpu.time", "RS.cost", "RS.gamma", "RS.data.balancing", "RS.feature.selection", 
"RS.valid.acc", "RS.test.acc", "RS.train.time", "RS.n.support.vectors", 
"RS.index", "RS.n.solutions", "RS.generations", "RS.n.evaluations", 
"RS.cpu.time", "DF.cost", "DF.gamma", "DF.data.balancing", "DF.feature.selection", 
"DF.valid.acc", "DF.test.acc", "DF.train.time", "DF.n.support.vectors", 
"DF.index", "DF.n.solutions", "DF.generations", "DF.n.evaluations", 
"DF.cpu.time")))
