full <-
structure(c(50, 55, 60, 65, 70, 75, 80, 85, 90, 95, 100, 8.34238, 
6.25163, 8.24938, 1, 0.88612, 5.79307, 1.42417, 5.1727, 1.99724, 
0.70032, 0.38541, -4.21713, -10.40157, -1.96017, 0.11111, -2.25, 
-5.80377, -2.69799, -5.77153, -3.58377, -2.92053, -2.12401, 0, 
0, 0, 0, 0, 0, 0, 0, 0, 0, 0, 0, 0, 0, 0, 0, 0, 0, 0, 0, 0, 0, 
0.32833, 0.42286, 0.42845, 0.44524, 0.49167, 0.47262, 0.39464, 
0.44516, 0.44518, 0.5004, 0.48727, 0.22667, 0.35857, 0.37845, 
0.43274, 0.42083, 0.38016, 0.39147, 0.35353, 0.44149, 0.42869, 
0.45909, 0.0118, 0.0109, 0.0128, 0.0118, 0.012, 0.0141, 0.0155, 
0.015, 0.0145, 0.0155, 0.0157, 40.7, 45.3, 49.6, 53.5, 57, 56.8, 
65, 64.7, 70.6, 76.1, 83.3, 23, 29, 2, 1, 271, 1221, 1043, 1048, 
2332, 389, 115, 1149, 161, 1411, 9, 580, 60, 46, 116, 1, 323, 
395, 100, 100, 100, 100, 100, 100, 100, 100, 100, 100, 100, 2500, 
2500, 2500, 2500, 2500, 2500, 2500, 2500, 2500, 2500, 2500, 6346.449, 
6253.522, 6292.017, 6354.227, 6326.05, 6628.787, 6637.807, 6537.38399999999, 
6432.04300000001, 6462.781, 6395.63200000001, 6.99592, 7.64028, 
9.57314, -0.0411, 0.93058, 5.87855, 1.5425, 0.76477, 3.14106, 
0.57419, 0.47502, -4.21884, -11.74699, -2.28823, -3.13225, -2.26106, 
-5.93014, -2.69275, -2.98435, -4.27127, -2.91198, -2.0164, 0, 
0, 0, 0, 0, 0, 0, 0, 0, 0, 0, 0, 0, 0, 0, 0, 0, 0, 0, 0, 0, 0, 
0.32833, 0.42286, 0.42845, 0.44286, 0.49167, 0.44762, 0.38353, 
0.43337, 0.42657, 0.4804, 0.47818, 0.22667, 0.36952, 0.36595, 
0.41607, 0.42083, 0.39444, 0.39286, 0.35464, 0.44149, 0.41758, 
0.45, 0.0123, 0.0123, 0.0127, 0.0115, 0.0136, 0.0134, 0.0143, 
0.0141, 0.0146, 0.0143, 0.0159, 40.7, 45.3, 49.6, 53.5, 57, 57, 
64.9, 68.3, 70.3, 76.1, 83.5, 122, 22, 7, 1509, 1195, 1196, 511, 
1703, 183, 2474, 41, 25, 16, 77, 3, 1, 1, 1, 1, 3, 1, 2, 100, 
100, 100, 100, 100, 100, 100, 100, 100, 100, 100, 2500, 2500, 
2500, 2500, 2500, 2500, 2500, 2500, 2500, 2500, 2500, 6335.267, 
6292.59, 6194.21, 6286.612, 6255.801, 6610.10799999999, 6639.376, 
6459.72, 6449.682, 6392.99900000001, 6381.12700000001, 1, 1, 
1, 1, 1, 1, 1, 1, 1, 1, 1, 0.11111, 0.11111, 0.11111, 0.11111, 
0.11111, 0.11111, 0.11111, 0.11111, 0.11111, 0.11111, 0.11111, 
0, 0, 0, 0, 0, 0, 0, 0, 0, 0, 0, 0, 0, 0, 0, 0, 0, 0, 0, 0, 0, 
0, 0.215, 0.36381, 0.39071, 0.44524, 0.37321, 0.39802, 0.33452, 
0.40976, 0.41109, 0.4577, 0.44818, 0.26333, 0.32619, 0.35738, 
0.43274, 0.39226, 0.39841, 0.39464, 0.32103, 0.42601, 0.37056, 
0.42364, 0.0121, 0.0122, 0.0115, 0.0117, 0.0138, 0.0132, 0.0136, 
0.0135, 0.0142, 0.0146, 0.016, 41.6, 45.6, 49.5, 53.5, 57, 60.7, 
64.4, 68.6, 72.3, 76.8, 81.9, 1, 1, 1, 1, 1, 1, 1, 1, 1, 1, 1, 
1, 1, 1, 1, 1, 1, 1, 1, 1, 1, 1, 1, 1, 1, 1, 1, 1, 1, 1, 1, 1, 
1, 1, 1, 1, 1, 1, 1, 1, 1, 1, 1, 1, 2.621, 2.611, 2.376, 2.428, 
2.644, 2.626, 2.638, 2.527, 2.596, 2.528, 2.594), .Dim = c(11L, 
40L), .Dimnames = list(NULL, c("Sampling", "PSO.cost", "PSO.gamma", 
"PSO.data.balancing", "PSO.feature.selection", "PSO.valid.acc", 
"PSO.test.acc", "PSO.train.time", "PSO.n.support.vectors", "PSO.index", 
"PSO.n.solutions", "PSO.generations", "PSO.n.evaluations", "PSO.cpu.time", 
"RS.cost", "RS.gamma", "RS.data.balancing", "RS.feature.selection", 
"RS.valid.acc", "RS.test.acc", "RS.train.time", "RS.n.support.vectors", 
"RS.index", "RS.n.solutions", "RS.generations", "RS.n.evaluations", 
"RS.cpu.time", "DF.cost", "DF.gamma", "DF.data.balancing", "DF.feature.selection", 
"DF.valid.acc", "DF.test.acc", "DF.train.time", "DF.n.support.vectors", 
"DF.index", "DF.n.solutions", "DF.generations", "DF.n.evaluations", 
"DF.cpu.time")))
