full <-
structure(c(50, 55, 60, 65, 70, 75, 80, 85, 90, 95, 100, 13.7827, 
1.01494, -0.32685, 0.56987, 0.61656, 0.055, 0.33596, -0.0072, 
-0.02206, 2.93133, 0.24684, -14.17166, -4.52394, -3.58293, -1.85118, 
-1.97228, -1.88397, -2.68559, -2.80562, -1.84151, -2.83999, -2.08358, 
0, 0, 0, 0, 0, 0, 0, 0, 0, 0, 0, 0, 0, 0, 0, 0, 0, 0, 0, 0, 0, 
0, 0.48167, 0.54, 0.50774, 0.55476, 0.52897, 0.55853, 0.5403, 
0.52447, 0.53448, 0.48556, 0.46146, 0.405, 0.46667, 0.42619, 
0.49286, 0.46944, 0.51687, 0.50644, 0.47454, 0.49198, 0.40889, 
0.4049, 0.0127, 0.0111, 0.0126, 0.013, 0.0119, 0.0129, 0.0138, 
0.0135, 0.0138, 0.0145, 0.0156, 37.8, 44.7, 48.7, 53.6, 57.6, 
61.6, 64.6, 68.2, 73.6, 76.5, 83.5, 1042, 472, 1722, 499, 901, 
921, 554, 800, 335, 277, 241, 12, 568, 23, 403, 424, 281, 278, 
485, 112, 630, 700, 100, 100, 100, 100, 100, 100, 100, 100, 100, 
100, 100, 2500, 2500, 2500, 2500, 2500, 2500, 2500, 2500, 2500, 
2500, 2500, 6279.299, 6142.77, 6168.675, 6145.476, 6272.402, 
6601.29399999999, 6634.94499999999, 6573.386, 6317.45, 6279.59199999999, 
6318.197, 14.2432, 1.86968, 0.02671, 0.1743, 0.83978, 0.39077, 
0.39854, -0.22868, 0.02185, 3.2083, 0.15036, -14.64003, -4.49267, 
-3.20196, -2.11004, -1.86066, -2.06057, -2.88358, -2.37294, -1.96928, 
-2.89975, -1.96113, 0, 0, 0, 0, 0, 0, 0, 0, 0, 0, 0, 0, 0, 0, 
0, 0, 0, 0, 0, 0, 0, 0, 0.48167, 0.54, 0.47917, 0.5381, 0.52897, 
0.52242, 0.5278, 0.50538, 0.52337, 0.48556, 0.46146, 0.405, 0.46667, 
0.48452, 0.53571, 0.44087, 0.50437, 0.48144, 0.50133, 0.50198, 
0.40889, 0.40692, 0.0113, 0.0111, 0.0117, 0.0121, 0.0124, 0.0133, 
0.0136, 0.0131, 0.0147, 0.0154, 0.0148, 37.8, 44.4, 48.9, 53.6, 
57.6, 61.5, 64.5, 68.7, 73.4, 76.3, 83.8, 1436, 1114, 1700, 1455, 
461, 290, 514, 1793, 870, 212, 1690, 1, 1, 2, 1, 2, 1, 1, 1, 
1, 1, 1, 100, 100, 100, 100, 100, 100, 100, 100, 100, 100, 100, 
2500, 2500, 2500, 2500, 2500, 2500, 2500, 2500, 2500, 2500, 2500, 
6260.169, 6162.519, 6141.048, 6142.72199999999, 6372.749, 6577.36399999999, 
6639.56600000001, 6349.14199999999, 6332.71399999999, 6317.28700000001, 
6309.36600000001, 1, 1, 1, 1, 1, 1, 1, 1, 1, 1, 1, 0.11111, 0.11111, 
0.11111, 0.11111, 0.11111, 0.11111, 0.11111, 0.11111, 0.11111, 
0.11111, 0.11111, 0, 0, 0, 0, 0, 0, 0, 0, 0, 0, 0, 0, 0, 0, 0, 
0, 0, 0, 0, 0, 0, 0, 0.41167, 0.44, 0.4625, 0.50476, 0.44028, 
0.42758, 0.49168, 0.4859, 0.4398, 0.43111, 0.40677, 0.44, 0.47667, 
0.48452, 0.55238, 0.41528, 0.43413, 0.47033, 0.49792, 0.47063, 
0.39909, 0.40566, 0.0119, 0.0115, 0.0114, 0.0126, 0.0119, 0.0144, 
0.0165, 0.0134, 0.0143, 0.0141, 0.0145, 41.4, 45.1, 48.9, 52.9, 
56.6, 60.2, 64.1, 67.8, 72.5, 76, 82, 1, 1, 1, 1, 1, 1, 1, 1, 
1, 1, 1, 1, 1, 1, 1, 1, 1, 1, 1, 1, 1, 1, 1, 1, 1, 1, 1, 1, 1, 
1, 1, 1, 1, 1, 1, 1, 1, 1, 1, 1, 1, 1, 1, 1, 2.584, 2.559, 2.39, 
2.569, 2.424, 2.623, 2.626, 2.502, 2.582, 2.554, 2.458), .Dim = c(11L, 
40L), .Dimnames = list(NULL, c("Sampling", "PSO.cost", "PSO.gamma", 
"PSO.data.balancing", "PSO.feature.selection", "PSO.valid.acc", 
"PSO.test.acc", "PSO.train.time", "PSO.n.support.vectors", "PSO.index", 
"PSO.n.solutions", "PSO.generations", "PSO.n.evaluations", "PSO.cpu.time", 
"RS.cost", "RS.gamma", "RS.data.balancing", "RS.feature.selection", 
"RS.valid.acc", "RS.test.acc", "RS.train.time", "RS.n.support.vectors", 
"RS.index", "RS.n.solutions", "RS.generations", "RS.n.evaluations", 
"RS.cpu.time", "DF.cost", "DF.gamma", "DF.data.balancing", "DF.feature.selection", 
"DF.valid.acc", "DF.test.acc", "DF.train.time", "DF.n.support.vectors", 
"DF.index", "DF.n.solutions", "DF.generations", "DF.n.evaluations", 
"DF.cpu.time")))
