full <-
structure(c(50, 55, 60, 65, 70, 75, 80, 85, 90, 95, 100, 3.08534, 
12.71828, -0.53244, -0.22629, 10.30852, 1.44118, -0.73627, 3.16543, 
7.91392, 0.31949, 2.54424, -7.44324, -14.96864, -3.67095, -2.33834, 
-8.66011, -2.19982, -3.12959, -5.35147, -9.69106, -3.26135, -4.3506, 
0, 0, 0, 0, 0, 0, 0, 0, 0, 0, 0, 0, 0, 0, 0, 0, 0, 0, 0, 0, 0, 
0, 0.525, 0.50429, 0.47, 0.51762, 0.47937, 0.5504, 0.5121, 0.54754, 
0.48058, 0.55889, 0.49222, 0.55, 0.45762, 0.38917, 0.49857, 0.2873, 
0.5, 0.43333, 0.50198, 0.4174, 0.51374, 0.42843, 0.0107, 0.0117, 
0.0115, 0.0127, 0.0155, 0.0127, 0.013, 0.0135, 0.0137, 0.0143, 
0.0164, 40.5, 42.4, 49.6, 53.6, 51.6, 61.3, 64.9, 62.1, 63.2, 
75.2, 79, 164, 109, 989, 870, 1262, 283, 931, 1527, 1564, 1321, 
758, 87, 155, 62, 286, 34, 781, 84, 8, 7, 205, 508, 100, 100, 
100, 100, 100, 100, 100, 100, 100, 100, 100, 2500, 2500, 2500, 
2500, 2500, 2500, 2500, 2500, 2500, 2500, 2500, 6481.077, 6658.949, 
6762.651, 6817.493, 6853.692, 6740.057, 6698.39, 6712.171, 6777.53599999999, 
6769.322, 6778.08499999999, 5.99795, 6.87484, 0.23675, -0.18434, 
10.20939, 1.67105, -0.7751, 3.18012, -0.4183, -0.14038, 2.54782, 
-10.50085, -9.05427, -3.89199, -2.95365, -8.60055, -1.99928, 
-2.976, -5.29844, -1.993, -2.79134, -4.40533, 0, 0, 0, 0, 0, 
0, 0, 0, 0, 0, 0, 0, 0, 0, 0, 0, 0, 0, 0, 0, 0, 0, 0.525, 0.50429, 
0.46762, 0.50512, 0.4627, 0.53373, 0.4996, 0.54754, 0.4951, 0.52556, 
0.48222, 0.55, 0.45762, 0.41571, 0.46762, 0.2873, 0.5, 0.42083, 
0.50198, 0.4724, 0.50354, 0.42843, 0.0133, 0.0118, 0.0123, 0.0123, 
0.0152, 0.0133, 0.0138, 0.0139, 0.0144, 0.0135, 0.0155, 40.5, 
42.5, 49.5, 53.6, 51.6, 61.6, 64.9, 62, 73.6, 75.9, 78.9, 6, 
27, 1076, 724, 317, 1722, 422, 2064, 1212, 343, 2301, 20, 17, 
1, 2, 4, 1, 4, 2, 2, 1, 1, 100, 100, 100, 100, 100, 100, 100, 
100, 100, 100, 100, 2500, 2500, 2500, 2500, 2500, 2500, 2500, 
2500, 2500, 2500, 2500, 6486.355, 6721.825, 6801.892, 6825.651, 
6838.92599999999, 6696.22099999999, 6736.637, 6755.255, 6785.038, 
6777.61299999998, 6793.92199999999, 1, 1, 1, 1, 1, 1, 1, 1, 1, 
1, 1, 0.11111, 0.11111, 0.11111, 0.11111, 0.11111, 0.11111, 0.11111, 
0.11111, 0.11111, 0.11111, 0.11111, 0, 0, 0, 0, 0, 0, 0, 0, 0, 
0, 0, 0, 0, 0, 0, 0, 0, 0, 0, 0, 0, 0, 0.44833, 0.43262, 0.40238, 
0.47262, 0.41508, 0.49524, 0.47877, 0.46381, 0.4424, 0.52667, 
0.44182, 0.57, 0.49095, 0.42762, 0.47262, 0.36667, 0.48274, 0.45516, 
0.44337, 0.46462, 0.53485, 0.46182, 0.0111, 0.0119, 0.0128, 0.0124, 
0.0128, 0.0132, 0.0134, 0.0145, 0.0142, 0.0145, 0.0155, 41.6, 
45.6, 49.6, 53.3, 57.5, 61.2, 65, 67.8, 71.8, 75.4, 81.9, 1, 
1, 1, 1, 1, 1, 1, 1, 1, 1, 1, 1, 1, 1, 1, 1, 1, 1, 1, 1, 1, 1, 
1, 1, 1, 1, 1, 1, 1, 1, 1, 1, 1, 1, 1, 1, 1, 1, 1, 1, 1, 1, 1, 
1, 2.574, 2.685, 2.715, 2.713, 2.72, 2.708, 2.686, 2.712, 2.712, 
2.667, 2.753), .Dim = c(11L, 40L), .Dimnames = list(NULL, c("Sampling", 
"PSO.cost", "PSO.gamma", "PSO.data.balancing", "PSO.feature.selection", 
"PSO.valid.acc", "PSO.test.acc", "PSO.train.time", "PSO.n.support.vectors", 
"PSO.index", "PSO.n.solutions", "PSO.generations", "PSO.n.evaluations", 
"PSO.cpu.time", "RS.cost", "RS.gamma", "RS.data.balancing", "RS.feature.selection", 
"RS.valid.acc", "RS.test.acc", "RS.train.time", "RS.n.support.vectors", 
"RS.index", "RS.n.solutions", "RS.generations", "RS.n.evaluations", 
"RS.cpu.time", "DF.cost", "DF.gamma", "DF.data.balancing", "DF.feature.selection", 
"DF.valid.acc", "DF.test.acc", "DF.train.time", "DF.n.support.vectors", 
"DF.index", "DF.n.solutions", "DF.generations", "DF.n.evaluations", 
"DF.cpu.time")))
