full <-
structure(c(50, 55, 60, 65, 70, 75, 80, 85, 90, 95, 100, 6.71488, 
5.43873, 6.12308, 12.36292, 10.98508, 8.67049, 5.76042, 5.91785, 
7.09863, 9.57774, 14.6591, -4.2473, -3.43115, -3.90057, -5.52799, 
-2.99896, -4.07527, -3.2261, -3.64153, -4.28256, -5.56098, -4.06733, 
0, 0, 0, 0, 0, 0, 0, 0, 0, 0, 0, 0, 0, 0, 0, 0, 0, 0, 0, 0, 0, 
0, 0.97916, 0.98105, 0.97587, 0.98398, 0.9884, 0.99305, 0.99273, 
0.99045, 0.99677, 0.99573, 0.99884, 0.97339, 0.97999, 0.97687, 
0.97954, 0.9818, 0.98842, 0.99128, 0.98909, 0.99419, 0.99267, 
0.99594, 0.1073, 0.1228, 0.1358, 0.1803, 0.1951, 0.2076, 0.234, 
0.2559, 0.2766, 0.3244, 0.3273, 187.6, 228.7, 223.6, 185.4, 287.6, 
246.8, 308, 300.9, 283.8, 254.5, 303.1, 471, 518, 176, 118, 50, 
80, 188, 323, 461, 387, 196, 308, 232, 153, 1246, 1159, 1116, 
1043, 559, 141, 519, 891, 100, 100, 100, 100, 100, 100, 100, 
100, 100, 100, 100, 2500, 2500, 2500, 2500, 2500, 2500, 2500, 
2500, 2500, 2500, 2500, 10321.114, 10129.12, 10467.481, 11159.271, 
11734.377, 11868.556, 12675.779, 13208.994, 14153.716, 14740.401, 
15228.052, 6.79836, 12.98583, 8.28797, 12.19293, 11.88569, 10.98037, 
5.81153, 5.63715, 7.32144, 9.6246, 14.96365, -4.35827, -3.00045, 
-3.75989, -5.45989, -3.0211, -4.09226, -3.3975, -3.6201, -4.48214, 
-5.65371, -4.03397, 0, 0, 0, 0, 0, 0, 0, 0, 0, 0, 0, 0, 0, 0, 
0, 0, 0, 0, 0, 0, 0, 0, 0.978, 0.97892, 0.97394, 0.98398, 0.9884, 
0.99305, 0.99273, 0.98977, 0.99677, 0.99573, 0.99884, 0.97339, 
0.98105, 0.97683, 0.97866, 0.9818, 0.98842, 0.99128, 0.98909, 
0.99355, 0.99206, 0.99594, 0.1063, 0.1326, 0.1398, 0.1816, 0.1944, 
0.2027, 0.2371, 0.2545, 0.2818, 0.3365, 0.3288, 186.4, 248.2, 
219.3, 186.6, 286.2, 246, 299.6, 307.5, 278.4, 255.1, 304.1, 
1761, 139, 178, 14, 80, 88, 710, 1570, 466, 766, 37, 1, 2, 3, 
20, 6, 17, 23, 1, 3, 1, 10, 100, 100, 100, 100, 100, 100, 100, 
100, 100, 100, 100, 2500, 2500, 2500, 2500, 2500, 2500, 2500, 
2500, 2500, 2500, 2500, 11043.364, 11714.87, 12456.996, 13295.82, 
14258.998, 15430.985, 16331.691, 17678.493, 18681.245, 20152.56, 
21525.265, 1, 1, 1, 1, 1, 1, 1, 1, 1, 1, 1, 0.16667, 0.16667, 
0.16667, 0.16667, 0.16667, 0.16667, 0.16667, 0.16667, 0.16667, 
0.16667, 0.16667, 0, 0, 0, 0, 0, 0, 0, 0, 0, 0, 0, 0, 0, 0, 0, 
0, 0, 0, 0, 0, 0, 0, 0.90161, 0.90626, 0.9025, 0.90734, 0.91551, 
0.92735, 0.92605, 0.9277, 0.93428, 0.93952, 0.94846, 0.90054, 
0.90101, 0.90146, 0.90641, 0.90648, 0.92271, 0.92973, 0.93451, 
0.93555, 0.93829, 0.94672, 0.1335, 0.1603, 0.1924, 0.2178, 0.2431, 
0.2733, 0.3137, 0.3449, 0.3932, 0.4182, 0.4612, 356, 389.9, 416.1, 
445.5, 472.3, 496.6, 527.5, 557.6, 588.1, 613.4, 640.5, 1, 1, 
1, 1, 1, 1, 1, 1, 1, 1, 1, 1, 1, 1, 1, 1, 1, 1, 1, 1, 1, 1, 1, 
1, 1, 1, 1, 1, 1, 1, 1, 1, 1, 1, 1, 1, 1, 1, 1, 1, 1, 1, 1, 1, 
3.95, 4.214, 4.561, 4.836, 4.931, 5.351, 5.68, 6.098, 6.56, 6.743, 
7.184), .Dim = c(11L, 40L), .Dimnames = list(NULL, c("Sampling", 
"PSO.cost", "PSO.gamma", "PSO.data.balancing", "PSO.feature.selection", 
"PSO.valid.acc", "PSO.test.acc", "PSO.train.time", "PSO.n.support.vectors", 
"PSO.index", "PSO.n.solutions", "PSO.generations", "PSO.n.evaluations", 
"PSO.cpu.time", "RS.cost", "RS.gamma", "RS.data.balancing", "RS.feature.selection", 
"RS.valid.acc", "RS.test.acc", "RS.train.time", "RS.n.support.vectors", 
"RS.index", "RS.n.solutions", "RS.generations", "RS.n.evaluations", 
"RS.cpu.time", "DF.cost", "DF.gamma", "DF.data.balancing", "DF.feature.selection", 
"DF.valid.acc", "DF.test.acc", "DF.train.time", "DF.n.support.vectors", 
"DF.index", "DF.n.solutions", "DF.generations", "DF.n.evaluations", 
"DF.cpu.time")))
