full <-
structure(c(50, 55, 60, 65, 70, 75, 80, 85, 90, 95, 100, 6.72281, 
9.53605, 7.8473, 12.92527, 10.18911, 9.42677, 5.7068, 8.11488, 
8.93662, 10.64844, 10.48004, -3.88101, -5.51625, -2.71402, -3.36709, 
-3.43949, -5.72134, -3.35649, -3.9278, -4.85745, -2.35607, -4.21219, 
0, 0, 0, 0, 0, 0, 0, 0, 0, 0, 0, 0, 0, 0, 0, 0, 0, 0, 0, 0, 0, 
0, 0.97682, 0.98004, 0.97494, 0.98482, 0.98677, 0.99382, 0.99201, 
0.99658, 0.99485, 0.99694, 0.99943, 0.96983, 0.97795, 0.97396, 
0.98487, 0.9851, 0.99227, 0.98911, 0.99455, 0.99292, 0.99511, 
0.99826, 0.1087, 0.1354, 0.1588, 0.1679, 0.1874, 0.2081, 0.2298, 
0.2442, 0.2771, 0.362, 0.3386, 200.8, 173.7, 284.8, 255, 262.3, 
206.3, 288.1, 263.9, 240.8, 436.6, 295.1, 1951, 565, 283, 51, 
308, 217, 1970, 82, 1308, 28, 2, 9, 354, 802, 360, 633, 65, 3, 
1223, 248, 636, 1529, 100, 100, 100, 100, 100, 100, 100, 100, 
100, 100, 100, 2500, 2500, 2500, 2500, 2500, 2500, 2500, 2500, 
2500, 2500, 2500, 10505.077, 10193.654, 10811.053, 10994.953, 
11453.192, 11913.624, 12575.169, 12843.435, 14217.525, 16404.784, 
15107.312, 5.89157, 10.70202, 7.47129, 10.95015, 10.10789, 9.69843, 
8.88129, 8.7267, 7.19729, 10.601, 9.14944, -2.84862, -6.20296, 
-2.70723, -3.74105, -3.44838, -5.88045, -3.351, -3.89188, -3.7608, 
-4.27373, -3.9575, 0, 0, 0, 0, 0, 0, 0, 0, 0, 0, 0, 0, 0, 0, 
0, 0, 0, 0, 0, 0, 0, 0, 0.97565, 0.979, 0.97494, 0.98394, 0.98677, 
0.99228, 0.99128, 0.99658, 0.99485, 0.99694, 0.99943, 0.97562, 
0.97479, 0.97396, 0.98662, 0.9851, 0.98995, 0.98765, 0.99455, 
0.99357, 0.9945, 0.99768, 0.1163, 0.1524, 0.1578, 0.1659, 0.188, 
0.2175, 0.2316, 0.2389, 0.2659, 0.304, 0.3337, 246.9, 166.1, 
285.2, 238.7, 261.9, 204.2, 286.9, 266.1, 282.8, 280.6, 307.2, 
238, 476, 2493, 271, 1616, 1116, 1118, 166, 364, 11, 46, 2, 1, 
1, 12, 1, 1, 3, 14, 6, 33, 34, 100, 100, 100, 100, 100, 100, 
100, 100, 100, 100, 100, 2500, 2500, 2500, 2500, 2500, 2500, 
2500, 2500, 2500, 2500, 2500, 11077.628, 11890.113, 12687.451, 
13484.578, 14407.826, 15430.498, 16596.936, 17912.654, 19015.152, 
20263.046, 21625.67, 1, 1, 1, 1, 1, 1, 1, 1, 1, 1, 1, 0.16667, 
0.16667, 0.16667, 0.16667, 0.16667, 0.16667, 0.16667, 0.16667, 
0.16667, 0.16667, 0.16667, 0, 0, 0, 0, 0, 0, 0, 0, 0, 0, 0, 0, 
0, 0, 0, 0, 0, 0, 0, 0, 0, 0, 0.89001, 0.89365, 0.90437, 0.91352, 
0.90898, 0.92657, 0.92022, 0.92772, 0.9369, 0.94688, 0.94676, 
0.89112, 0.90209, 0.90637, 0.91354, 0.91316, 0.92967, 0.92677, 
0.9284, 0.9343, 0.95052, 0.94559, 0.1478, 0.175, 0.1966, 0.2278, 
0.2525, 0.2833, 0.313, 0.3495, 0.3908, 0.4402, 0.4876, 380.1, 
416.7, 433, 457.4, 483, 505.7, 526.6, 549.3, 576.6, 616.6, 642.7, 
1, 1, 1, 1, 1, 1, 1, 1, 1, 1, 1, 1, 1, 1, 1, 1, 1, 1, 1, 1, 1, 
1, 1, 1, 1, 1, 1, 1, 1, 1, 1, 1, 1, 1, 1, 1, 1, 1, 1, 1, 1, 1, 
1, 1, 4.13, 4.322, 4.68, 4.975, 5.118, 5.449, 5.755, 6.092, 6.564, 
7.038, 7.899), .Dim = c(11L, 40L), .Dimnames = list(NULL, c("Sampling", 
"PSO.cost", "PSO.gamma", "PSO.data.balancing", "PSO.feature.selection", 
"PSO.valid.acc", "PSO.test.acc", "PSO.train.time", "PSO.n.support.vectors", 
"PSO.index", "PSO.n.solutions", "PSO.generations", "PSO.n.evaluations", 
"PSO.cpu.time", "RS.cost", "RS.gamma", "RS.data.balancing", "RS.feature.selection", 
"RS.valid.acc", "RS.test.acc", "RS.train.time", "RS.n.support.vectors", 
"RS.index", "RS.n.solutions", "RS.generations", "RS.n.evaluations", 
"RS.cpu.time", "DF.cost", "DF.gamma", "DF.data.balancing", "DF.feature.selection", 
"DF.valid.acc", "DF.test.acc", "DF.train.time", "DF.n.support.vectors", 
"DF.index", "DF.n.solutions", "DF.generations", "DF.n.evaluations", 
"DF.cpu.time")))
