full <-
structure(c(50, 55, 60, 65, 70, 75, 80, 85, 90, 95, 100, 11.17403, 
4.9448, 13.32506, 6.37567, 8.65604, 14.01772, 7.86815, 6.27754, 
10.11123, 8.4354, 10.05838, -5.80782, -3.08753, -4.34123, -3.41351, 
-4.88379, -2.88186, -3.65082, -3.61787, -3.39472, -4.76499, -2.11669, 
0, 0, 0, 0, 0, 0, 0, 0, 0, 0, 0, 0, 0, 0, 0, 0, 0, 0, 0, 0, 0, 
0, 0.97206, 0.98103, 0.97686, 0.98129, 0.9851, 0.98301, 0.99564, 
0.99318, 0.99421, 0.99573, 0.99827, 0.95578, 0.97046, 0.96912, 
0.98482, 0.98182, 0.98064, 0.99345, 0.99042, 0.99357, 0.99329, 
0.9971, 0.1127, 0.1319, 0.1398, 0.1681, 0.1817, 0.222, 0.2215, 
0.2431, 0.2795, 0.3016, 0.4236, 153.3, 251.5, 197.6, 253.9, 212.3, 
318.2, 273.4, 286.8, 312.8, 268, 500.6, 349, 1216, 154, 15, 880, 
107, 223, 1767, 198, 2491, 13, 103, 120, 1089, 980, 990, 1162, 
646, 38, 1211, 1, 1227, 100, 100, 100, 100, 100, 100, 100, 100, 
100, 100, 100, 2500, 2500, 2500, 2500, 2500, 2500, 2500, 2500, 
2500, 2500, 2500, 10596.589, 10390.718, 10130.74, 11118.046, 
11440.368, 12513.128, 12410.772, 12915.81, 14170.462, 14589.721, 
17533.671, 10.03919, 4.73655, 8.03333, 14.23929, 13.56804, 5.43495, 
12.52724, 9.6999, 8.07738, 4.92479, 5.33534, -5.63129, -3.59021, 
-4.60992, -3.40776, -4.89693, -3.08583, -3.66402, -3.58496, -3.23526, 
-2.63612, -2.24097, 0, 0, 0, 0, 0, 0, 0, 0, 0, 0, 0, 0, 0, 0, 
0, 0, 0, 0, 0, 0, 0, 0, 0.97205, 0.97783, 0.97688, 0.98129, 0.9851, 
0.98378, 0.99564, 0.9925, 0.99421, 0.99571, 0.99827, 0.96045, 
0.97565, 0.97007, 0.98482, 0.98182, 0.98143, 0.99345, 0.99042, 
0.99357, 0.99511, 0.99653, 0.1134, 0.1295, 0.1365, 0.1727, 0.1892, 
0.2171, 0.2227, 0.2435, 0.281, 0.3378, 0.4132, 156.9, 244.9, 
193.1, 253.4, 209.8, 303.6, 273.3, 284, 325, 403.4, 478.2, 651, 
1086, 2426, 1138, 461, 200, 537, 33, 488, 295, 776, 1, 1, 1, 
5, 4, 1, 1, 7, 8, 8, 8, 100, 100, 100, 100, 100, 100, 100, 100, 
100, 100, 100, 2500, 2500, 2500, 2500, 2500, 2500, 2500, 2500, 
2500, 2500, 2500, 10934.603, 11507.989, 12584.146, 13345.538, 
14181.873, 15351.898, 16429.152, 17519.242, 18738.8, 20284.911, 
21570.66, 1, 1, 1, 1, 1, 1, 1, 1, 1, 1, 1, 0.16667, 0.16667, 
0.16667, 0.16667, 0.16667, 0.16667, 0.16667, 0.16667, 0.16667, 
0.16667, 0.16667, 0, 0, 0, 0, 0, 0, 0, 0, 0, 0, 0, 0, 0, 0, 0, 
0, 0, 0, 0, 0, 0, 0, 0.89578, 0.9008, 0.9112, 0.90639, 0.92386, 
0.92277, 0.93481, 0.92844, 0.93688, 0.94138, 0.94511, 0.90034, 
0.9073, 0.91412, 0.9118, 0.91892, 0.92124, 0.93409, 0.92911, 
0.933, 0.93895, 0.94911, 0.1398, 0.1612, 0.191, 0.2148, 0.2456, 
0.2795, 0.3104, 0.3372, 0.3887, 0.4166, 0.4531, 363.4, 393.6, 
417.2, 447.3, 475.6, 505, 534.6, 554.7, 584.2, 608.9, 640, 1, 
1, 1, 1, 1, 1, 1, 1, 1, 1, 1, 1, 1, 1, 1, 1, 1, 1, 1, 1, 1, 1, 
1, 1, 1, 1, 1, 1, 1, 1, 1, 1, 1, 1, 1, 1, 1, 1, 1, 1, 1, 1, 1, 
1, 4.011, 4.257, 4.544, 4.747, 5.045, 5.328, 5.64, 6.002, 6.515, 
6.748, 7.378), .Dim = c(11L, 40L), .Dimnames = list(NULL, c("Sampling", 
"PSO.cost", "PSO.gamma", "PSO.data.balancing", "PSO.feature.selection", 
"PSO.valid.acc", "PSO.test.acc", "PSO.train.time", "PSO.n.support.vectors", 
"PSO.index", "PSO.n.solutions", "PSO.generations", "PSO.n.evaluations", 
"PSO.cpu.time", "RS.cost", "RS.gamma", "RS.data.balancing", "RS.feature.selection", 
"RS.valid.acc", "RS.test.acc", "RS.train.time", "RS.n.support.vectors", 
"RS.index", "RS.n.solutions", "RS.generations", "RS.n.evaluations", 
"RS.cpu.time", "DF.cost", "DF.gamma", "DF.data.balancing", "DF.feature.selection", 
"DF.valid.acc", "DF.test.acc", "DF.train.time", "DF.n.support.vectors", 
"DF.index", "DF.n.solutions", "DF.generations", "DF.n.evaluations", 
"DF.cpu.time")))
