full <-
structure(c(50, 55, 60, 65, 70, 75, 80, 85, 90, 95, 100, 13.74858, 
11.66972, 8.9872, 8.92966, 7.6815, 10.97158, 5.44677, 12.19274, 
8.77247, 8.30398, 6.63356, -5.71872, -2.79338, -5.00132, -2.83639, 
-4.15791, -5.81066, -3.52574, -5.26908, -5.56593, -3.51671, -2.84368, 
0, 0, 0, 0, 0, 0, 0, 0, 0, 0, 0, 0, 0, 0, 0, 0, 0, 0, 0, 0, 0, 
0, 0.9722, 0.97264, 0.97979, 0.98391, 0.98594, 0.9907, 0.99348, 
0.99112, 0.9955, 0.99389, 0.99654, 0.96877, 0.96737, 0.97491, 
0.98305, 0.98512, 0.98766, 0.99058, 0.98564, 0.99421, 0.9933, 
0.99422, 0.1273, 0.1308, 0.1411, 0.1688, 0.1696, 0.212, 0.2256, 
0.2553, 0.2701, 0.3049, 0.3712, 145.4, 241.3, 171.1, 272, 214.5, 
184.2, 274.3, 209, 233, 311.1, 390.1, 189, 713, 510, 80, 1164, 
92, 483, 42, 984, 33, 134, 802, 111, 275, 1178, 204, 679, 139, 
1261, 104, 1335, 938, 100, 100, 100, 100, 100, 100, 100, 100, 
100, 100, 100, 2500, 2500, 2500, 2500, 2500, 2500, 2500, 2500, 
2500, 2500, 2500, 10238.072, 10090.101, 10205.904, 10984.748, 
11177.095, 11899.417, 12416.099, 12899.647, 14423.564, 14888.935, 
16279.296, 13.38331, 10.85055, 9.21992, 14.06369, 7.71198, 10.83304, 
5.95409, 11.3053, 9.10776, 14.06121, 8.38617, -5.67518, -2.78776, 
-5.06198, -2.88607, -4.19183, -5.84787, -3.63136, -5.20368, -5.7196, 
-3.61834, -2.88282, 0, 0, 0, 0, 0, 0, 0, 0, 0, 0, 0, 0, 0, 0, 
0, 0, 0, 0, 0, 0, 0, 0, 0.9722, 0.97264, 0.97882, 0.98391, 0.98511, 
0.9907, 0.99203, 0.99112, 0.9955, 0.99389, 0.99654, 0.96877, 
0.96737, 0.97491, 0.98394, 0.9843, 0.98843, 0.99057, 0.98701, 
0.99357, 0.9933, 0.99422, 0.1154, 0.131, 0.1419, 0.1684, 0.1718, 
0.2161, 0.2241, 0.2462, 0.2776, 0.3113, 0.3705, 146, 241.8, 170.8, 
268.3, 213.2, 183.8, 266.4, 209.5, 229, 305.8, 386.1, 2147, 2319, 
1739, 1241, 470, 841, 257, 1585, 1972, 198, 344, 1, 1, 1, 1, 
1, 1, 2, 5, 1, 49, 6, 100, 100, 100, 100, 100, 100, 100, 100, 
100, 100, 100, 2500, 2500, 2500, 2500, 2500, 2500, 2500, 2500, 
2500, 2500, 2500, 10958.681, 11763.141, 12448.419, 13448.207, 
14574.48, 15647.349, 16498.996, 17903.082, 19107.838, 20685.594, 
22017.998, 1, 1, 1, 1, 1, 1, 1, 1, 1, 1, 1, 0.16667, 0.16667, 
0.16667, 0.16667, 0.16667, 0.16667, 0.16667, 0.16667, 0.16667, 
0.16667, 0.16667, 0, 0, 0, 0, 0, 0, 0, 0, 0, 0, 0, 0, 0, 0, 0, 
0, 0, 0, 0, 0, 0, 0, 0.90861, 0.90955, 0.91218, 0.92509, 0.92884, 
0.92814, 0.92536, 0.9365, 0.93501, 0.93834, 0.9421, 0.91208, 
0.90427, 0.91609, 0.92421, 0.93379, 0.92812, 0.93117, 0.93787, 
0.93884, 0.94021, 0.94156, 0.1421, 0.1573, 0.19, 0.2186, 0.2493, 
0.2768, 0.3173, 0.3527, 0.3911, 0.4289, 0.4674, 351.8, 377.4, 
408.3, 440.7, 467.4, 498.1, 526.9, 555.3, 579.9, 605, 638.4, 
1, 1, 1, 1, 1, 1, 1, 1, 1, 1, 1, 1, 1, 1, 1, 1, 1, 1, 1, 1, 1, 
1, 1, 1, 1, 1, 1, 1, 1, 1, 1, 1, 1, 1, 1, 1, 1, 1, 1, 1, 1, 1, 
1, 1, 4.045, 4.231, 4.564, 4.752, 5.056, 5.354, 5.667, 6.122, 
6.562, 6.891, 7.528), .Dim = c(11L, 40L), .Dimnames = list(NULL, 
    c("Sampling", "PSO.cost", "PSO.gamma", "PSO.data.balancing", 
    "PSO.feature.selection", "PSO.valid.acc", "PSO.test.acc", 
    "PSO.train.time", "PSO.n.support.vectors", "PSO.index", "PSO.n.solutions", 
    "PSO.generations", "PSO.n.evaluations", "PSO.cpu.time", "RS.cost", 
    "RS.gamma", "RS.data.balancing", "RS.feature.selection", 
    "RS.valid.acc", "RS.test.acc", "RS.train.time", "RS.n.support.vectors", 
    "RS.index", "RS.n.solutions", "RS.generations", "RS.n.evaluations", 
    "RS.cpu.time", "DF.cost", "DF.gamma", "DF.data.balancing", 
    "DF.feature.selection", "DF.valid.acc", "DF.test.acc", "DF.train.time", 
    "DF.n.support.vectors", "DF.index", "DF.n.solutions", "DF.generations", 
    "DF.n.evaluations", "DF.cpu.time")))
