full <-
structure(c(50, 55, 60, 65, 70, 75, 80, 85, 90, 95, 100, 6.89791, 
5.99951, 7.82899, 9.75177, 11.69868, 10.94894, 7.32552, 8.19973, 
10.39859, 10.47859, 7.40111, -3.67948, -3.49623, -3.71377, -4.69037, 
-6.31793, -6.27852, -3.17014, -4.18787, -4.02119, -3.2622, -4.47561, 
0, 0, 0, 0, 0, 0, 0, 0, 0, 0, 0, 0, 0, 0, 0, 0, 0, 0, 0, 0, 0, 
0, 0.97805, 0.97687, 0.9836, 0.98668, 0.98926, 0.9884, 0.99418, 
0.99455, 0.99421, 0.99756, 0.99654, 0.9711, 0.97793, 0.97971, 
0.98754, 0.98594, 0.98531, 0.99348, 0.99384, 0.99099, 0.99633, 
0.99596, 0.1184, 0.1286, 0.1438, 0.1663, 0.2347, 0.239, 0.238, 
0.2458, 0.2655, 0.3049, 0.3387, 196.7, 218.6, 218.6, 200.2, 177.1, 
190.4, 298.3, 252.6, 273.2, 330.7, 298.5, 39, 162, 72, 144, 703, 
536, 165, 135, 147, 154, 1604, 153, 786, 1198, 925, 106, 45, 
1305, 1336, 1359, 1474, 4, 100, 100, 100, 100, 100, 100, 100, 
100, 100, 100, 100, 2500, 2500, 2500, 2500, 2500, 2500, 2500, 
2500, 2500, 2500, 2500, 10342.083, 10024.014, 10295.812, 10818.576, 
12158.89, 12713.293, 12710.828, 12852.574, 13462.531, 14920.551, 
16337.104, 13.68919, 7.91007, 14.1363, 11.87945, 12.12642, 9.70353, 
12.45726, 12.10603, 13.58732, 8.18965, 7.80166, -3.25396, -3.47102, 
-3.73509, -4.70223, -6.49464, -5.6561, -3.13198, -4.21691, -4.11108, 
-3.31342, -3.10357, 0, 0, 0, 0, 0, 0, 0, 0, 0, 0, 0, 0, 0, 0, 
0, 0, 0, 0, 0, 0, 0, 0, 0.97692, 0.97687, 0.9836, 0.98668, 0.98844, 
0.98762, 0.99418, 0.99455, 0.99421, 0.99756, 0.99596, 0.97341, 
0.97898, 0.97971, 0.98754, 0.98512, 0.98376, 0.99275, 0.99384, 
0.99099, 0.99633, 0.99481, 0.1104, 0.1244, 0.1416, 0.1667, 0.2508, 
0.2195, 0.2371, 0.2424, 0.2709, 0.3079, 0.3523, 212.8, 218, 217.3, 
199.8, 175.5, 200.9, 302.1, 251.2, 269.3, 325.2, 365.7, 52, 1294, 
294, 515, 1479, 172, 476, 63, 36, 122, 427, 21, 1, 12, 3, 1, 
1, 6, 12, 4, 17, 9, 100, 100, 100, 100, 100, 100, 100, 100, 100, 
100, 100, 2500, 2500, 2500, 2500, 2500, 2500, 2500, 2500, 2500, 
2500, 2500, 11056.094, 11731.578, 12775.217, 13454.154, 14436.319, 
15618.662, 16460.325, 17646.443, 18839.775, 20063.919, 21674.884, 
1, 1, 1, 1, 1, 1, 1, 1, 1, 1, 1, 0.16667, 0.16667, 0.16667, 0.16667, 
0.16667, 0.16667, 0.16667, 0.16667, 0.16667, 0.16667, 0.16667, 
0, 0, 0, 0, 0, 0, 0, 0, 0, 0, 0, 0, 0, 0, 0, 0, 0, 0, 0, 0, 0, 
0, 0.90288, 0.90739, 0.90158, 0.92248, 0.92309, 0.92895, 0.92542, 
0.92974, 0.93101, 0.93409, 0.94619, 0.89713, 0.90634, 0.90455, 
0.91447, 0.92058, 0.92659, 0.92688, 0.9311, 0.93619, 0.93836, 
0.94619, 0.1428, 0.1668, 0.1914, 0.2243, 0.253, 0.2908, 0.3222, 
0.3495, 0.3823, 0.4191, 0.4629, 368, 390.1, 415.5, 455, 480.5, 
507.2, 529.3, 555.7, 581.8, 606, 640.4, 1, 1, 1, 1, 1, 1, 1, 
1, 1, 1, 1, 1, 1, 1, 1, 1, 1, 1, 1, 1, 1, 1, 1, 1, 1, 1, 1, 1, 
1, 1, 1, 1, 1, 1, 1, 1, 1, 1, 1, 1, 1, 1, 1, 1, 4.032, 4.142, 
4.583, 4.834, 5.098, 5.521, 5.805, 6.116, 6.387, 6.745, 7.454
), .Dim = c(11L, 40L), .Dimnames = list(NULL, c("Sampling", "PSO.cost", 
"PSO.gamma", "PSO.data.balancing", "PSO.feature.selection", "PSO.valid.acc", 
"PSO.test.acc", "PSO.train.time", "PSO.n.support.vectors", "PSO.index", 
"PSO.n.solutions", "PSO.generations", "PSO.n.evaluations", "PSO.cpu.time", 
"RS.cost", "RS.gamma", "RS.data.balancing", "RS.feature.selection", 
"RS.valid.acc", "RS.test.acc", "RS.train.time", "RS.n.support.vectors", 
"RS.index", "RS.n.solutions", "RS.generations", "RS.n.evaluations", 
"RS.cpu.time", "DF.cost", "DF.gamma", "DF.data.balancing", "DF.feature.selection", 
"DF.valid.acc", "DF.test.acc", "DF.train.time", "DF.n.support.vectors", 
"DF.index", "DF.n.solutions", "DF.generations", "DF.n.evaluations", 
"DF.cpu.time")))
