full <-
structure(c(50, 55, 60, 65, 70, 75, 80, 85, 90, 95, 100, 15, 
15, 11.46285, 3.36942, 4.18945, 6.05923, 6.79377, 7.33006, 8.71084, 
13.43169, 8.70587, -5.25018, -3.68188, -3.41106, -2.1127, -2.08735, 
-3.51805, -3.77217, -4.54704, -4.91369, -4.96694, -2.97901, 0, 
0, 0, 0, 0, 0, 0, 0, 0, 0, 0, 0, 0, 0, 0, 0, 0, 0, 0, 0, 0, 0, 
0.97221, 0.98111, 0.97588, 0.98753, 0.98676, 0.99381, 0.99347, 
0.99248, 0.99549, 0.99329, 0.99538, 0.96185, 0.97581, 0.97493, 
0.98039, 0.98178, 0.98994, 0.99277, 0.99249, 0.99227, 0.99146, 
0.99653, 0.119, 0.1335, 0.1605, 0.2144, 0.2412, 0.2143, 0.244, 
0.2714, 0.3069, 0.3237, 0.3967, 161.6, 216.1, 241.2, 360.9, 381.5, 
269.2, 272.5, 258.3, 253.4, 257.8, 384.6, 71, 101, 49, 1143, 
71, 1592, 680, 2460, 136, 290, 43, 1025, 629, 1098, 121, 1386, 
20, 363, 1, 938, 1328, 1493, 100, 100, 100, 100, 100, 100, 100, 
100, 100, 100, 100, 2500, 2500, 2500, 2500, 2500, 2500, 2500, 
2500, 2500, 2500, 2500, 9276.822, 9717.617, 10720.024, 12175.154, 
12377.64, 12717.586, 13384.163, 15774.789, 14052.965, 14845.671, 
17311.036, 13.09363, 7.73875, 10.2388, 3.35656, 14.57196, 5.53386, 
7.22064, 7.05864, 7.77871, 13.28876, 4.9514, -5.27234, -3.66727, 
-3.4848, -2.1693, -2.54691, -3.34072, -3.77195, -2.33578, -4.50579, 
-4.97552, -2.88907, 0, 0, 0, 0, 0, 0, 0, 0, 0, 0, 0, 0, 0, 0, 
0, 0, 0, 0, 0, 0, 0, 0, 0.97221, 0.98111, 0.97588, 0.98753, 0.98676, 
0.99228, 0.99347, 0.9918, 0.99549, 0.99329, 0.99538, 0.96185, 
0.97581, 0.97493, 0.98216, 0.9859, 0.9884, 0.99204, 0.99317, 
0.99291, 0.99146, 0.99537, 0.1204, 0.1363, 0.1581, 0.2189, 0.2268, 
0.2293, 0.2456, 0.3504, 0.289, 0.3322, 0.3947, 161.3, 216.6, 
238.1, 356.4, 331.6, 279.6, 270.7, 406, 269.3, 257, 397.9, 143, 
1350, 119, 2043, 78, 390, 1051, 127, 199, 416, 4, 4, 2, 8, 1, 
25, 2, 1, 18, 4, 14, 63, 100, 100, 100, 100, 100, 100, 100, 100, 
100, 100, 100, 2500, 2500, 2500, 2500, 2500, 2500, 2500, 2500, 
2500, 2500, 2500, 10891.418, 12229.862, 12998.336, 14264.695, 
14948.206, 16769.921, 17814.016, 19698.729, 20091.467, 21311.893, 
23292.937, 1, 1, 1, 1, 1, 1, 1, 1, 1, 1, 1, 0.16667, 0.16667, 
0.16667, 0.16667, 0.16667, 0.16667, 0.16667, 0.16667, 0.16667, 
0.16667, 0.16667, 0, 0, 0, 0, 0, 0, 0, 0, 0, 0, 0, 0, 0, 0, 0, 
0, 0, 0, 0, 0, 0, 0, 0.90161, 0.89571, 0.90922, 0.9154, 0.92966, 
0.92966, 0.9355, 0.94473, 0.93943, 0.94627, 0.94328, 0.90172, 
0.89256, 0.91311, 0.91977, 0.9296, 0.93044, 0.93402, 0.94473, 
0.93685, 0.93957, 0.94849, 0.151, 0.1802, 0.2127, 0.2526, 0.2714, 
0.3187, 0.3592, 0.4107, 0.4365, 0.4498, 0.527, 366.5, 392.1, 
426.8, 451.4, 477.2, 499.7, 527.5, 558.5, 581.2, 610.3, 638.8, 
1, 1, 1, 1, 1, 1, 1, 1, 1, 1, 1, 1, 1, 1, 1, 1, 1, 1, 1, 1, 1, 
1, 1, 1, 1, 1, 1, 1, 1, 1, 1, 1, 1, 1, 1, 1, 1, 1, 1, 1, 1, 1, 
1, 1, 4.075, 4.422, 4.818, 5.18, 5.293, 5.904, 6.354, 6.869, 
6.969, 6.964, 7.944), .Dim = c(11L, 40L), .Dimnames = list(NULL, 
    c("Sampling", "PSO.cost", "PSO.gamma", "PSO.data.balancing", 
    "PSO.feature.selection", "PSO.valid.acc", "PSO.test.acc", 
    "PSO.train.time", "PSO.n.support.vectors", "PSO.index", "PSO.n.solutions", 
    "PSO.generations", "PSO.n.evaluations", "PSO.cpu.time", "RS.cost", 
    "RS.gamma", "RS.data.balancing", "RS.feature.selection", 
    "RS.valid.acc", "RS.test.acc", "RS.train.time", "RS.n.support.vectors", 
    "RS.index", "RS.n.solutions", "RS.generations", "RS.n.evaluations", 
    "RS.cpu.time", "DF.cost", "DF.gamma", "DF.data.balancing", 
    "DF.feature.selection", "DF.valid.acc", "DF.test.acc", "DF.train.time", 
    "DF.n.support.vectors", "DF.index", "DF.n.solutions", "DF.generations", 
    "DF.n.evaluations", "DF.cpu.time")))
