full <-
structure(c(50, 55, 60, 65, 70, 75, 80, 85, 90, 95, 100, 7.47477, 
6.88981, 11.04873, 5.52804, 13.20984, 6.54278, 6.31327, 12.05585, 
13.57944, 13.80686, 8.49225, -4.5244, -3.95873, -3.46894, -3.53905, 
-4.28173, -3.49578, -3.78473, -2.41837, -4.74895, -2.87828, -3.84388, 
0, 0, 0, 0, 0, 0, 0, 0, 0, 0, 0, 0, 0, 0, 0, 0, 0, 0, 0, 0, 0, 
0, 0.96645, 0.97897, 0.97486, 0.98396, 0.9876, 0.98844, 0.99204, 
0.99455, 0.9955, 0.99633, 0.99884, 0.95949, 0.97265, 0.971, 0.97945, 
0.9826, 0.99152, 0.99208, 0.99113, 0.99613, 0.9945, 0.99711, 
0.1081, 0.1223, 0.1408, 0.1652, 0.1816, 0.21, 0.2309, 0.2968, 
0.278, 0.3133, 0.3235, 188.1, 203.5, 229.5, 253.6, 228.9, 275.3, 
279.9, 396.7, 251.8, 372.8, 314.2, 2355, 1552, 177, 2486, 47, 
15, 421, 440, 32, 55, 126, 1, 41, 1257, 1, 1425, 996, 39, 383, 
741, 1399, 1128, 100, 100, 100, 100, 100, 100, 100, 100, 100, 
100, 100, 2500, 2500, 2500, 2500, 2500, 2500, 2500, 2500, 2500, 
2500, 2500, 10339.178, 9919.128, 10267.783, 11117.444, 11239.024, 
11924.195, 12450.934, 14073.991, 13786.295, 14852.591, 15247.423, 
10.5291, 5.94622, 7.3656, 5.36075, 8.33369, 6.92456, 9.34484, 
13.73817, 12.35396, 11.85253, 14.71176, -4.27173, -3.45346, -3.35045, 
-3.46964, -4.20073, -3.45443, -3.67741, -2.41121, -4.93889, -2.95167, 
-3.88167, 0, 0, 0, 0, 0, 0, 0, 0, 0, 0, 0, 0, 0, 0, 0, 0, 0, 
0, 0, 0, 0, 0, 0.96529, 0.9758, 0.97486, 0.98215, 0.9876, 0.98844, 
0.99202, 0.99455, 0.9955, 0.99633, 0.99884, 0.96179, 0.97264, 
0.971, 0.97945, 0.9826, 0.99152, 0.99061, 0.99113, 0.99485, 0.9945, 
0.99711, 0.1097, 0.1259, 0.1435, 0.1659, 0.1815, 0.2106, 0.2292, 
0.296, 0.2774, 0.3206, 0.3233, 186.9, 224.9, 235.5, 257.7, 230.7, 
276, 277.3, 397.5, 245.7, 363.2, 311.1, 262, 1616, 153, 2097, 
248, 165, 844, 436, 328, 6, 330, 2, 1, 14, 1, 7, 12, 10, 6, 16, 
24, 2, 100, 100, 100, 100, 100, 100, 100, 100, 100, 100, 100, 
2500, 2500, 2500, 2500, 2500, 2500, 2500, 2500, 2500, 2500, 2500, 
11092.226, 11693.294, 12635.417, 13354.093, 14169.535, 15446.554, 
16543.894, 17642.694, 18878.637, 20176.541, 21706.695, 1, 1, 
1, 1, 1, 1, 1, 1, 1, 1, 1, 0.16667, 0.16667, 0.16667, 0.16667, 
0.16667, 0.16667, 0.16667, 0.16667, 0.16667, 0.16667, 0.16667, 
0, 0, 0, 0, 0, 0, 0, 0, 0, 0, 0, 0, 0, 0, 0, 0, 0, 0, 0, 0, 0, 
0, 0.88776, 0.89583, 0.90928, 0.91448, 0.90316, 0.91505, 0.9211, 
0.92838, 0.93042, 0.93894, 0.94219, 0.88663, 0.90535, 0.91216, 
0.90909, 0.91219, 0.9205, 0.92033, 0.9352, 0.93107, 0.93894, 
0.94275, 0.1471, 0.1636, 0.1937, 0.2213, 0.2492, 0.2831, 0.3169, 
0.3451, 0.3894, 0.4278, 0.478, 379.2, 401.1, 430.2, 455.7, 480.1, 
513, 537.1, 563.1, 587.9, 613.1, 640.7, 1, 1, 1, 1, 1, 1, 1, 
1, 1, 1, 1, 1, 1, 1, 1, 1, 1, 1, 1, 1, 1, 1, 1, 1, 1, 1, 1, 1, 
1, 1, 1, 1, 1, 1, 1, 1, 1, 1, 1, 1, 1, 1, 1, 1, 4.038, 4.267, 
4.623, 4.792, 5.067, 5.417, 5.628, 6.112, 6.562, 6.863, 7.528
), .Dim = c(11L, 40L), .Dimnames = list(NULL, c("Sampling", "PSO.cost", 
"PSO.gamma", "PSO.data.balancing", "PSO.feature.selection", "PSO.valid.acc", 
"PSO.test.acc", "PSO.train.time", "PSO.n.support.vectors", "PSO.index", 
"PSO.n.solutions", "PSO.generations", "PSO.n.evaluations", "PSO.cpu.time", 
"RS.cost", "RS.gamma", "RS.data.balancing", "RS.feature.selection", 
"RS.valid.acc", "RS.test.acc", "RS.train.time", "RS.n.support.vectors", 
"RS.index", "RS.n.solutions", "RS.generations", "RS.n.evaluations", 
"RS.cpu.time", "DF.cost", "DF.gamma", "DF.data.balancing", "DF.feature.selection", 
"DF.valid.acc", "DF.test.acc", "DF.train.time", "DF.n.support.vectors", 
"DF.index", "DF.n.solutions", "DF.generations", "DF.n.evaluations", 
"DF.cpu.time")))
