full <-
structure(c(50, 55, 60, 65, 70, 75, 80, 85, 90, 95, 100, 5.56034, 
4.74091, 9.8255, 4.63618, 5.6277, 6.10014, 6.18104, 7.76987, 
9.62416, 14.55241, 7.91416, -3.5016, -3.49721, -3.37033, -2.49984, 
-3.07726, -3.37436, -3.95678, -4.62707, -5.9481, -2.99424, -3.79922, 
0, 0, 0, 0, 0, 0, 0, 0, 0, 0, 0, 0, 0, 0, 0, 0, 0, 0, 0, 0, 0, 
0, 0.97566, 0.98518, 0.97686, 0.98484, 0.99089, 0.98688, 0.98984, 
0.99524, 0.99231, 0.99633, 0.99826, 0.9676, 0.97575, 0.97487, 
0.98571, 0.98508, 0.98767, 0.98549, 0.99182, 0.9891, 0.99695, 
0.99479, 0.1132, 0.121, 0.1466, 0.1896, 0.1958, 0.2098, 0.2191, 
0.2489, 0.3007, 0.3248, 0.3373, 214.2, 234.7, 237.9, 323.5, 287.5, 
275.9, 268.9, 248.8, 240.4, 359.4, 318.3, 50, 1310, 143, 625, 
1456, 1324, 774, 76, 301, 6, 258, 215, 117, 849, 116, 160, 55, 
59, 277, 136, 1580, 640, 100, 100, 100, 100, 100, 100, 100, 100, 
100, 100, 100, 2500, 2500, 2500, 2500, 2500, 2500, 2500, 2500, 
2500, 2500, 2500, 10383.803, 10018.128, 10446.675, 11551.097, 
11760.363, 12196.673, 12330.15, 12781.874, 14488.93, 15060.775, 
15424.904, 5.52596, 6.39722, 11.81119, 5.85589, 12.98559, 10.41202, 
6.21567, 8.49755, 5.39425, 12.20391, 6.58134, -3.4146, -3.51416, 
-3.37428, -2.54593, -2.73913, -6.03398, -3.93731, -5.18294, -3.19637, 
-3.0397, -3.79533, 0, 0, 0, 0, 0, 0, 0, 0, 0, 0, 0, 0, 0, 0, 
0, 0, 0, 0, 0, 0, 0, 0, 0.9745, 0.98418, 0.97686, 0.98395, 0.98923, 
0.98764, 0.98912, 0.99524, 0.99294, 0.99633, 0.99768, 0.96758, 
0.97891, 0.97487, 0.98482, 0.98261, 0.98302, 0.98549, 0.99386, 
0.99421, 0.99695, 0.99422, 0.1137, 0.1258, 0.144, 0.1891, 0.2028, 
0.2265, 0.218, 0.2504, 0.2818, 0.3233, 0.3356, 217.1, 220.4, 
237.8, 317.5, 314.4, 197.4, 269.3, 236.4, 328.8, 355.5, 324.2, 
2277, 2293, 995, 73, 93, 1537, 1256, 714, 414, 110, 1605, 1, 
1, 6, 25, 11, 1, 1, 5, 2, 51, 13, 100, 100, 100, 100, 100, 100, 
100, 100, 100, 100, 100, 2500, 2500, 2500, 2500, 2500, 2500, 
2500, 2500, 2500, 2500, 2500, 11054.212, 11720.701, 12633.046, 
13383.488, 14444.839, 15421.763, 16546.786, 17634.884, 18859.235, 
20096.631, 21655.388, 1, 1, 1, 1, 1, 1, 1, 1, 1, 1, 1, 0.16667, 
0.16667, 0.16667, 0.16667, 0.16667, 0.16667, 0.16667, 0.16667, 
0.16667, 0.16667, 0.16667, 0, 0, 0, 0, 0, 0, 0, 0, 0, 0, 0, 0, 
0, 0, 0, 0, 0, 0, 0, 0, 0, 0, 0.90405, 0.90938, 0.91031, 0.92777, 
0.93869, 0.93432, 0.93187, 0.94063, 0.94718, 0.93592, 0.94852, 
0.89823, 0.90524, 0.91308, 0.92518, 0.93289, 0.93896, 0.93549, 
0.94266, 0.9433, 0.94017, 0.94852, 0.1414, 0.1693, 0.1947, 0.2246, 
0.2585, 0.2862, 0.3188, 0.3556, 0.3953, 0.4339, 0.4779, 364.3, 
396.4, 426.4, 457.3, 491.1, 504.7, 531.6, 560.5, 588.4, 613.4, 
640.6, 1, 1, 1, 1, 1, 1, 1, 1, 1, 1, 1, 1, 1, 1, 1, 1, 1, 1, 
1, 1, 1, 1, 1, 1, 1, 1, 1, 1, 1, 1, 1, 1, 1, 1, 1, 1, 1, 1, 1, 
1, 1, 1, 1, 1, 4.052, 4.357, 4.622, 4.89, 5.164, 5.491, 5.729, 
6.121, 6.627, 7.045, 7.481), .Dim = c(11L, 40L), .Dimnames = list(
    NULL, c("Sampling", "PSO.cost", "PSO.gamma", "PSO.data.balancing", 
    "PSO.feature.selection", "PSO.valid.acc", "PSO.test.acc", 
    "PSO.train.time", "PSO.n.support.vectors", "PSO.index", "PSO.n.solutions", 
    "PSO.generations", "PSO.n.evaluations", "PSO.cpu.time", "RS.cost", 
    "RS.gamma", "RS.data.balancing", "RS.feature.selection", 
    "RS.valid.acc", "RS.test.acc", "RS.train.time", "RS.n.support.vectors", 
    "RS.index", "RS.n.solutions", "RS.generations", "RS.n.evaluations", 
    "RS.cpu.time", "DF.cost", "DF.gamma", "DF.data.balancing", 
    "DF.feature.selection", "DF.valid.acc", "DF.test.acc", "DF.train.time", 
    "DF.n.support.vectors", "DF.index", "DF.n.solutions", "DF.generations", 
    "DF.n.evaluations", "DF.cpu.time")))
