full <-
structure(c(50, 55, 60, 65, 70, 75, 80, 85, 90, 95, 100, 9.09691, 
7.70541, 8.48081, 13.67158, 10.26564, 10.78463, 6.86682, 15, 
7.78521, 10.17882, 7.08713, -5.0632, -4.2952, -4.54371, -4.9141, 
-2.64401, -3.83927, -3.69237, -3.37345, -4.55232, -3.20178, -2.55018, 
0, 0, 0, 0, 0, 0, 0, 0, 0, 0, 0, 0, 0, 0, 0, 0, 0, 0, 0, 0, 0, 
0, 0.97447, 0.97477, 0.97488, 0.98484, 0.98263, 0.98453, 0.99131, 
0.99454, 0.99612, 0.99573, 0.99942, 0.96759, 0.97581, 0.97391, 
0.97509, 0.98262, 0.98609, 0.98839, 0.99591, 0.99549, 0.99572, 
0.99768, 0.1037, 0.1211, 0.1385, 0.1609, 0.2038, 0.2036, 0.2244, 
0.2545, 0.2733, 0.3116, 0.3806, 155, 187, 189.9, 191.8, 312.2, 
246.5, 271.4, 295.7, 261.9, 336, 428.9, 655, 2356, 257, 180, 
93, 536, 891, 60, 602, 31, 224, 358, 1, 200, 805, 1441, 111, 
198, 1286, 239, 1617, 727, 100, 100, 100, 100, 100, 100, 100, 
100, 100, 100, 100, 2500, 2500, 2500, 2500, 2500, 2500, 2500, 
2500, 2500, 2500, 2500, 10130.829, 10135.22, 10306.087, 10859.056, 
11894.988, 12142.373, 12553.7, 13137.509, 13601.435, 14935.088, 
16584.904, 8.85177, 10.19891, 12.05363, 14.92206, 12.2102, 9.27823, 
4.13931, 14.10278, 12.6641, 14.1829, 3.89891, -5.13744, -5.58668, 
-3.74315, -4.92828, -2.63031, -3.85411, -2.60665, -3.34422, -4.46404, 
-3.45741, -2.37477, 0, 0, 0, 0, 0, 0, 0, 0, 0, 0, 0, 0, 0, 0, 
0, 0, 0, 0, 0, 0, 0, 0, 0.97332, 0.97373, 0.97486, 0.98484, 0.98263, 
0.98453, 0.9913, 0.99454, 0.99611, 0.99573, 0.99884, 0.96875, 
0.97267, 0.97392, 0.97509, 0.98179, 0.98609, 0.98911, 0.99591, 
0.99355, 0.99694, 0.99768, 0.1064, 0.1326, 0.1434, 0.1643, 0.205, 
0.2026, 0.2595, 0.2526, 0.2653, 0.2982, 0.4038, 157.7, 157.9, 
220.5, 191.9, 314, 245.9, 363.8, 297.6, 254.7, 317.4, 460.1, 
790, 397, 857, 566, 138, 1242, 933, 88, 702, 44, 2349, 1, 2, 
4, 4, 19, 1, 1, 54, 2, 63, 47, 100, 100, 100, 100, 100, 100, 
100, 100, 100, 100, 100, 2500, 2500, 2500, 2500, 2500, 2500, 
2500, 2500, 2500, 2500, 2500, 11089.894, 11741.305, 12534.375, 
13496.662, 14272.224, 15561.898, 16490.081, 17679.688, 18949.478, 
20043.592, 22023.251, 1, 1, 1, 1, 1, 1, 1, 1, 1, 1, 1, 0.16667, 
0.16667, 0.16667, 0.16667, 0.16667, 0.16667, 0.16667, 0.16667, 
0.16667, 0.16667, 0.16667, 0, 0, 0, 0, 0, 0, 0, 0, 0, 0, 0, 0, 
0, 0, 0, 0, 0, 0, 0, 0, 0, 0, 0.90394, 0.90313, 0.90147, 0.90737, 
0.91979, 0.92197, 0.92031, 0.93452, 0.93496, 0.94265, 0.94155, 
0.90399, 0.90731, 0.90535, 0.90289, 0.91894, 0.91887, 0.92097, 
0.92905, 0.93687, 0.9408, 0.94498, 0.1408, 0.1621, 0.1891, 0.2259, 
0.2538, 0.2874, 0.3154, 0.3499, 0.3976, 0.4296, 0.4641, 355.8, 
385.1, 415.4, 450.3, 478.6, 508, 533.5, 559.3, 588.2, 608.9, 
639.1, 1, 1, 1, 1, 1, 1, 1, 1, 1, 1, 1, 1, 1, 1, 1, 1, 1, 1, 
1, 1, 1, 1, 1, 1, 1, 1, 1, 1, 1, 1, 1, 1, 1, 1, 1, 1, 1, 1, 1, 
1, 1, 1, 1, 1, 4.137, 4.263, 4.514, 4.86, 5.157, 5.504, 5.728, 
6.198, 6.664, 6.906, 7.565), .Dim = c(11L, 40L), .Dimnames = list(
    NULL, c("Sampling", "PSO.cost", "PSO.gamma", "PSO.data.balancing", 
    "PSO.feature.selection", "PSO.valid.acc", "PSO.test.acc", 
    "PSO.train.time", "PSO.n.support.vectors", "PSO.index", "PSO.n.solutions", 
    "PSO.generations", "PSO.n.evaluations", "PSO.cpu.time", "RS.cost", 
    "RS.gamma", "RS.data.balancing", "RS.feature.selection", 
    "RS.valid.acc", "RS.test.acc", "RS.train.time", "RS.n.support.vectors", 
    "RS.index", "RS.n.solutions", "RS.generations", "RS.n.evaluations", 
    "RS.cpu.time", "DF.cost", "DF.gamma", "DF.data.balancing", 
    "DF.feature.selection", "DF.valid.acc", "DF.test.acc", "DF.train.time", 
    "DF.n.support.vectors", "DF.index", "DF.n.solutions", "DF.generations", 
    "DF.n.evaluations", "DF.cpu.time")))
