full <-
structure(c(50, 55, 60, 65, 70, 75, 80, 85, 90, 95, 100, 10.46699, 
11.41264, 9.02862, 5.72497, 13.24295, 12.46413, 6.00323, 14.17728, 
8.01877, 5.19334, 7.16183, -4.82007, -4.64889, -3.95807, -3.80662, 
-2.91811, -2.34174, -3.75981, -3.17924, -3.42814, -3.37264, -4.49107, 
0, 0, 0, 0, 0, 0, 0, 0, 0, 0, 0, 0, 0, 0, 0, 0, 0, 0, 0, 0, 0, 
0, 0.96878, 0.98634, 0.98554, 0.98308, 0.9909, 0.99463, 0.99421, 
0.99385, 0.99613, 0.99512, 0.99826, 0.96302, 0.9832, 0.98069, 
0.98221, 0.98758, 0.99076, 0.99131, 0.99112, 0.9955, 0.99329, 
0.99653, 0.1174, 0.1268, 0.1347, 0.1556, 0.1984, 0.2412, 0.2258, 
0.2591, 0.2864, 0.3155, 0.3331, 164, 179.3, 210.9, 244.5, 292.6, 
367.2, 283.6, 314.2, 314.8, 346.6, 301.5, 79, 212, 145, 1491, 
102, 43, 126, 59, 101, 2194, 335, 1071, 979, 754, 19, 870, 1293, 
301, 1339, 919, 1, 283, 100, 100, 100, 100, 100, 100, 100, 100, 
100, 100, 100, 2500, 2500, 2500, 2500, 2500, 2500, 2500, 2500, 
2500, 2500, 2500, 10157.819, 9978.578, 10324.223, 10912.738, 
11714.123, 13145.173, 12901.047, 13369.322, 13728.737, 15281.22, 
15198.36, 13.47251, 9.94795, 10.72943, 5.81302, 12.39819, 13.14633, 
10.66571, 10.56897, 12.98111, 5.32262, 7.35652, -4.85457, -4.63877, 
-3.92216, -3.87375, -3.05686, -2.51799, -2.38124, -3.05748, -3.44704, 
-3.32398, -4.55661, 0, 0, 0, 0, 0, 0, 0, 0, 0, 0, 0, 0, 0, 0, 
0, 0, 0, 0, 0, 0, 0, 0, 0.96878, 0.98634, 0.98554, 0.98308, 0.9909, 
0.99463, 0.99348, 0.99385, 0.99613, 0.99451, 0.99826, 0.96302, 
0.9832, 0.98069, 0.98221, 0.98758, 0.99076, 0.99349, 0.99181, 
0.9955, 0.9939, 0.99595, 0.1095, 0.1242, 0.1419, 0.1593, 0.194, 
0.2354, 0.2684, 0.2629, 0.282, 0.3064, 0.3293, 163.1, 179.8, 
212.6, 243.3, 282.8, 347.8, 383.1, 324.2, 313.1, 345.7, 297.1, 
789, 1222, 622, 529, 335, 114, 139, 175, 277, 1866, 512, 3, 1, 
3, 1, 23, 31, 16, 29, 6, 2, 3, 100, 100, 100, 100, 100, 100, 
100, 100, 100, 100, 100, 2500, 2500, 2500, 2500, 2500, 2500, 
2500, 2500, 2500, 2500, 2500, 10978.406, 11626.665, 12427.521, 
13339.07, 14174.051, 15273.539, 16283.897, 17604.744, 19123.576, 
20106.303, 21406.647, 1, 1, 1, 1, 1, 1, 1, 1, 1, 1, 1, 0.16667, 
0.16667, 0.16667, 0.16667, 0.16667, 0.16667, 0.16667, 0.16667, 
0.16667, 0.16667, 0.16667, 0, 0, 0, 0, 0, 0, 0, 0, 0, 0, 0, 0, 
0, 0, 0, 0, 0, 0, 0, 0, 0, 0, 0.89476, 0.90534, 0.92664, 0.92246, 
0.92792, 0.93117, 0.93481, 0.94275, 0.94391, 0.94383, 0.94447, 
0.89941, 0.90216, 0.92085, 0.92778, 0.92463, 0.93275, 0.93122, 
0.94478, 0.94258, 0.94566, 0.94449, 0.1399, 0.1643, 0.192, 0.2167, 
0.2488, 0.2763, 0.3162, 0.351, 0.3887, 0.4247, 0.468, 360.4, 
389.6, 418.5, 448.9, 480.6, 504.8, 531.8, 558.4, 588.1, 615.4, 
639.2, 1, 1, 1, 1, 1, 1, 1, 1, 1, 1, 1, 1, 1, 1, 1, 1, 1, 1, 
1, 1, 1, 1, 1, 1, 1, 1, 1, 1, 1, 1, 1, 1, 1, 1, 1, 1, 1, 1, 1, 
1, 1, 1, 1, 1, 3.987, 4.288, 4.61, 4.743, 5.112, 5.304, 5.767, 
6.131, 6.594, 6.82, 7.297), .Dim = c(11L, 40L), .Dimnames = list(
    NULL, c("Sampling", "PSO.cost", "PSO.gamma", "PSO.data.balancing", 
    "PSO.feature.selection", "PSO.valid.acc", "PSO.test.acc", 
    "PSO.train.time", "PSO.n.support.vectors", "PSO.index", "PSO.n.solutions", 
    "PSO.generations", "PSO.n.evaluations", "PSO.cpu.time", "RS.cost", 
    "RS.gamma", "RS.data.balancing", "RS.feature.selection", 
    "RS.valid.acc", "RS.test.acc", "RS.train.time", "RS.n.support.vectors", 
    "RS.index", "RS.n.solutions", "RS.generations", "RS.n.evaluations", 
    "RS.cpu.time", "DF.cost", "DF.gamma", "DF.data.balancing", 
    "DF.feature.selection", "DF.valid.acc", "DF.test.acc", "DF.train.time", 
    "DF.n.support.vectors", "DF.index", "DF.n.solutions", "DF.generations", 
    "DF.n.evaluations", "DF.cpu.time")))
