full <-
structure(c(50, 55, 60, 65, 70, 75, 80, 85, 90, 95, 100, 4.23902, 
7.06042, 11.91479, 5.427, 11.8799, 11.11613, 13.48254, 8.08113, 
11.34832, 12.92605, 12.14696, -2.71623, -4.48763, -4.36704, -3.08417, 
-1.93031, -6.34511, -4.02834, -4.52116, -2.85923, -2.45778, -4.11316, 
0, 0, 0, 0, 0, 0, 0, 0, 0, 0, 0, 0, 0, 0, 0, 0, 0, 0, 0, 0, 0, 
0, 0.9734, 0.97475, 0.98552, 0.98484, 0.98428, 0.99072, 0.99494, 
0.99591, 0.99745, 0.99696, 0.99595, 0.9641, 0.96736, 0.9855, 
0.9795, 0.98015, 0.98451, 0.9942, 0.99319, 0.99617, 0.99388, 
0.99423, 0.1126, 0.1201, 0.1439, 0.165, 0.2306, 0.2396, 0.2265, 
0.2547, 0.293, 0.3492, 0.3259, 248, 187.4, 197, 271, 389.4, 190.6, 
255.4, 256.3, 359, 423.1, 299.3, 713, 1982, 59, 2197, 168, 340, 
22, 494, 87, 86, 98, 151, 11, 1453, 1, 1383, 627, 1612, 153, 
1272, 1379, 1229, 100, 100, 100, 100, 100, 100, 100, 100, 100, 
100, 100, 2500, 2500, 2500, 2500, 2500, 2500, 2500, 2500, 2500, 
2500, 2500, 10481.516, 9854.611, 10278.462, 11193.315, 12640.145, 
12393.182, 12291.672, 13165.666, 14466, 16202.02, 15116.619, 
7.51847, 6.95827, 9.6631, 14.75193, 9.50712, 10.62952, 7.72867, 
6.13956, 11.30923, 9.56498, 11.16546, -2.57816, -4.39522, -4.26838, 
-3.08699, -1.93382, -6.15346, -4.07851, -3.54008, -2.85124, -2.34958, 
-4.0882, 0, 0, 0, 0, 0, 0, 0, 0, 0, 0, 0, 0, 0, 0, 0, 0, 0, 0, 
0, 0, 0, 0, 0.97223, 0.97369, 0.98552, 0.98395, 0.98428, 0.99072, 
0.99494, 0.99591, 0.99745, 0.99696, 0.99595, 0.96867, 0.9684, 
0.9855, 0.9795, 0.98015, 0.98451, 0.99348, 0.99455, 0.99617, 
0.9945, 0.99423, 0.1172, 0.1181, 0.1392, 0.1674, 0.2299, 0.226, 
0.2209, 0.2579, 0.3011, 0.367, 0.3308, 252.8, 188.9, 199.7, 269.4, 
389.2, 193.6, 253.9, 300.3, 360.2, 439.5, 299.1, 399, 631, 19, 
285, 284, 871, 73, 485, 233, 330, 28, 7, 1, 20, 2, 41, 6, 23, 
1, 14, 22, 9, 100, 100, 100, 100, 100, 100, 100, 100, 100, 100, 
100, 2500, 2500, 2500, 2500, 2500, 2500, 2500, 2500, 2500, 2500, 
2500, 10991.457, 11764.824, 12545.66, 13217.352, 14367.457, 15533.708, 
16265.107, 17724.942, 19325.468, 20353.72, 22048.401, 1, 1, 1, 
1, 1, 1, 1, 1, 1, 1, 1, 0.16667, 0.16667, 0.16667, 0.16667, 0.16667, 
0.16667, 0.16667, 0.16667, 0.16667, 0.16667, 0.16667, 0, 0, 0, 
0, 0, 0, 0, 0, 0, 0, 0, 0, 0, 0, 0, 0, 0, 0, 0, 0, 0, 0, 0.89937, 
0.90214, 0.9026, 0.91356, 0.91558, 0.9212, 0.91961, 0.93589, 
0.93756, 0.93714, 0.93923, 0.89694, 0.9053, 0.90738, 0.91622, 
0.91054, 0.92273, 0.92759, 0.93586, 0.93756, 0.93714, 0.9404, 
0.143, 0.168, 0.1882, 0.2183, 0.2476, 0.2835, 0.3203, 0.3494, 
0.3963, 0.4342, 0.4629, 363.6, 388.3, 414.6, 446.4, 472.9, 504.9, 
530.1, 556.4, 586.7, 619.2, 639.4, 1, 1, 1, 1, 1, 1, 1, 1, 1, 
1, 1, 1, 1, 1, 1, 1, 1, 1, 1, 1, 1, 1, 1, 1, 1, 1, 1, 1, 1, 1, 
1, 1, 1, 1, 1, 1, 1, 1, 1, 1, 1, 1, 1, 1, 4.053, 4.339, 4.526, 
4.75, 5.012, 5.398, 5.855, 6.147, 6.627, 6.984, 7.715), .Dim = c(11L, 
40L), .Dimnames = list(NULL, c("Sampling", "PSO.cost", "PSO.gamma", 
"PSO.data.balancing", "PSO.feature.selection", "PSO.valid.acc", 
"PSO.test.acc", "PSO.train.time", "PSO.n.support.vectors", "PSO.index", 
"PSO.n.solutions", "PSO.generations", "PSO.n.evaluations", "PSO.cpu.time", 
"RS.cost", "RS.gamma", "RS.data.balancing", "RS.feature.selection", 
"RS.valid.acc", "RS.test.acc", "RS.train.time", "RS.n.support.vectors", 
"RS.index", "RS.n.solutions", "RS.generations", "RS.n.evaluations", 
"RS.cpu.time", "DF.cost", "DF.gamma", "DF.data.balancing", "DF.feature.selection", 
"DF.valid.acc", "DF.test.acc", "DF.train.time", "DF.n.support.vectors", 
"DF.index", "DF.n.solutions", "DF.generations", "DF.n.evaluations", 
"DF.cpu.time")))
