full <-
structure(c(50, 55, 60, 65, 70, 75, 80, 85, 90, 95, 100, 5.09668, 
5.20863, 9.94785, 6.14356, 14.19008, 5.4501, 4.78561, 3.75401, 
11.83517, 7.62746, 13.23207, -3.71409, -3.72117, -4.37437, -3.7696, 
-3.5679, -3.2615, -2.71586, -2.5586, -2.34975, -4.5074, -4.70823, 
0, 0, 0, 0, 0, 0, 0, 0, 0, 0, 0, 0, 0, 0, 0, 0, 0, 0, 0, 0, 0, 
0, 0.97339, 0.98425, 0.97781, 0.98394, 0.98595, 0.9915, 0.99275, 
0.99522, 0.99742, 0.99574, 0.99768, 0.9653, 0.98004, 0.97395, 
0.9777, 0.98097, 0.98608, 0.99348, 0.99183, 0.99551, 0.99511, 
0.99597, 0.1341, 0.1266, 0.1375, 0.1583, 0.1833, 0.2118, 0.2477, 
0.285, 0.3286, 0.3043, 0.3257, 214.1, 226.6, 201.6, 236.4, 249.8, 
288.5, 344.4, 389.8, 420.7, 281.9, 274.9, 376, 899, 38, 633, 
4, 1293, 679, 963, 5, 1272, 84, 211, 44, 274, 117, 527, 31, 202, 
130, 885, 62, 1435, 100, 100, 100, 100, 100, 100, 100, 100, 100, 
100, 100, 2500, 2500, 2500, 2500, 2500, 2500, 2500, 2500, 2500, 
2500, 2500, 10429.332, 10211.358, 10331.958, 10839.897, 11434.639, 
12016.613, 13053.337, 13812.878, 15194.147, 14861.48, 15047.687, 
4.82372, 5.59868, 9.35373, 7.39477, 14.5304, 5.34537, 11.85841, 
3.60762, 6.34237, 7.02665, 9.90426, -3.72838, -3.43257, -5.35241, 
-4.11209, -4.31122, -3.3112, -2.879, -2.48244, -2.33918, -4.23426, 
-4.75622, 0, 0, 0, 0, 0, 0, 0, 0, 0, 0, 0, 0, 0, 0, 0, 0, 0, 
0, 0, 0, 0, 0, 0.97336, 0.98319, 0.97781, 0.98393, 0.98595, 0.99072, 
0.99131, 0.99522, 0.99742, 0.99573, 0.99768, 0.96409, 0.98318, 
0.97396, 0.97682, 0.98096, 0.98531, 0.99204, 0.99183, 0.99551, 
0.99633, 0.99597, 0.1102, 0.1273, 0.1546, 0.1654, 0.183, 0.2098, 
0.2439, 0.2934, 0.3327, 0.2998, 0.3332, 219, 227.5, 186.8, 221.8, 
222, 287.7, 326.4, 398.2, 422.7, 294.7, 274, 1219, 1618, 142, 
1120, 120, 417, 335, 1525, 816, 1020, 128, 1, 1, 7, 1, 17, 2, 
5, 1, 6, 2, 19, 100, 100, 100, 100, 100, 100, 100, 100, 100, 
100, 100, 2500, 2500, 2500, 2500, 2500, 2500, 2500, 2500, 2500, 
2500, 2500, 11053.078, 11832.705, 12573.712, 13431.762, 14313.713, 
15426.66, 16209.142, 17714.934, 18808.89, 19846.938, 21500.666, 
1, 1, 1, 1, 1, 1, 1, 1, 1, 1, 1, 0.16667, 0.16667, 0.16667, 0.16667, 
0.16667, 0.16667, 0.16667, 0.16667, 0.16667, 0.16667, 0.16667, 
0, 0, 0, 0, 0, 0, 0, 0, 0, 0, 0, 0, 0, 0, 0, 0, 0, 0, 0, 0, 0, 
0, 0.89231, 0.90414, 0.90734, 0.89927, 0.9132, 0.9174, 0.92604, 
0.92695, 0.93371, 0.94379, 0.93926, 0.88997, 0.89681, 0.90733, 
0.9019, 0.91575, 0.92049, 0.92606, 0.93037, 0.93561, 0.9377, 
0.94215, 0.1469, 0.1645, 0.191, 0.2179, 0.2463, 0.2841, 0.3139, 
0.3483, 0.3803, 0.4261, 0.4605, 372.7, 403.2, 426.7, 453.5, 479.6, 
506.7, 531.7, 561.9, 584.3, 610.4, 644.4, 1, 1, 1, 1, 1, 1, 1, 
1, 1, 1, 1, 1, 1, 1, 1, 1, 1, 1, 1, 1, 1, 1, 1, 1, 1, 1, 1, 1, 
1, 1, 1, 1, 1, 1, 1, 1, 1, 1, 1, 1, 1, 1, 1, 1, 4.131, 4.224, 
4.649, 4.815, 5.047, 5.403, 5.764, 6.163, 6.409, 6.847, 7.452
), .Dim = c(11L, 40L), .Dimnames = list(NULL, c("Sampling", "PSO.cost", 
"PSO.gamma", "PSO.data.balancing", "PSO.feature.selection", "PSO.valid.acc", 
"PSO.test.acc", "PSO.train.time", "PSO.n.support.vectors", "PSO.index", 
"PSO.n.solutions", "PSO.generations", "PSO.n.evaluations", "PSO.cpu.time", 
"RS.cost", "RS.gamma", "RS.data.balancing", "RS.feature.selection", 
"RS.valid.acc", "RS.test.acc", "RS.train.time", "RS.n.support.vectors", 
"RS.index", "RS.n.solutions", "RS.generations", "RS.n.evaluations", 
"RS.cpu.time", "DF.cost", "DF.gamma", "DF.data.balancing", "DF.feature.selection", 
"DF.valid.acc", "DF.test.acc", "DF.train.time", "DF.n.support.vectors", 
"DF.index", "DF.n.solutions", "DF.generations", "DF.n.evaluations", 
"DF.cpu.time")))
