full <-
structure(c(50, 55, 60, 65, 70, 75, 80, 85, 90, 95, 100, 6.21181, 
4.36536, 10.16019, 8.50569, 7.56643, 5.39859, 8.10294, 8.75443, 
9.71705, 15, 14.36197, -3.13872, -3.01993, -6.12652, -4.09386, 
-4.32806, -3.28408, -3.31977, -3.61979, -3.5559, -2.84995, -3.1857, 
0, 0, 0, 0, 0, 0, 0, 0, 0, 0, 0, 0, 0, 0, 0, 0, 0, 0, 0, 0, 0, 
0, 0.97348, 0.98638, 0.97686, 0.97948, 0.98921, 0.98996, 0.99419, 
0.99454, 0.99421, 0.99756, 0.9971, 0.96651, 0.98106, 0.97591, 
0.96876, 0.9876, 0.98841, 0.98982, 0.99453, 0.99291, 0.99817, 
0.99421, 0.1193, 0.1301, 0.1654, 0.1673, 0.1859, 0.2122, 0.2376, 
0.2578, 0.2785, 0.3222, 0.3407, 221, 261.4, 183.1, 222.7, 230.3, 
289.1, 292.9, 284.2, 304.5, 376, 355.5, 1972, 961, 156, 505, 
1591, 1074, 34, 193, 25, 142, 61, 13, 173, 98, 185, 12, 162, 
1111, 991, 1237, 1364, 943, 100, 100, 100, 100, 100, 100, 100, 
100, 100, 100, 100, 2500, 2500, 2500, 2500, 2500, 2500, 2500, 
2500, 2500, 2500, 2500, 10578.053, 10414.356, 10826.678, 10916.487, 
11567.018, 12095.337, 12613.128, 13196.879, 14131.298, 15220.963, 
15273.538, 11.91705, 4.88584, 10.12231, 11.65641, 7.42054, 5.45101, 
7.05419, 14.44063, 11.45232, 10.82364, 10.40546, -6.29857, -3.22177, 
-6.01063, -4.1333, -4.23829, -3.45912, -3.37535, -3.62182, -3.49879, 
-2.71135, -3.85351, 0, 0, 0, 0, 0, 0, 0, 0, 0, 0, 0, 0, 0, 0, 
0, 0, 0, 0, 0, 0, 0, 0, 0.97458, 0.98532, 0.97686, 0.9786, 0.98838, 
0.98842, 0.99419, 0.99454, 0.99421, 0.99756, 0.9971, 0.96875, 
0.98104, 0.97785, 0.96786, 0.98842, 0.98763, 0.99055, 0.99384, 
0.99291, 0.99817, 0.99479, 0.1392, 0.1317, 0.1644, 0.1657, 0.1897, 
0.2163, 0.2356, 0.2493, 0.2853, 0.3392, 0.3236, 148, 247.8, 183.3, 
221.6, 233, 281.4, 289.6, 284, 307.8, 390.5, 305.2, 1325, 511, 
1014, 1142, 1853, 358, 335, 309, 46, 207, 90, 1, 15, 1, 4, 1, 
1, 6, 3, 40, 10, 37, 100, 100, 100, 100, 100, 100, 100, 100, 
100, 100, 100, 2500, 2500, 2500, 2500, 2500, 2500, 2500, 2500, 
2500, 2500, 2500, 11090.256, 11833.095, 12622.198, 13467.639, 
14510.579, 15559.081, 16729.222, 18013.851, 19297.425, 20291.607, 
21803.69, 1, 1, 1, 1, 1, 1, 1, 1, 1, 1, 1, 0.16667, 0.16667, 
0.16667, 0.16667, 0.16667, 0.16667, 0.16667, 0.16667, 0.16667, 
0.16667, 0.16667, 0, 0, 0, 0, 0, 0, 0, 0, 0, 0, 0, 0, 0, 0, 0, 
0, 0, 0, 0, 0, 0, 0, 0.9028, 0.91263, 0.91894, 0.91809, 0.92218, 
0.93125, 0.93689, 0.93731, 0.94073, 0.94871, 0.93864, 0.90854, 
0.91052, 0.91121, 0.91893, 0.9238, 0.92583, 0.93543, 0.94068, 
0.94206, 0.94565, 0.93864, 0.1409, 0.1625, 0.1898, 0.2245, 0.2604, 
0.2847, 0.3215, 0.3552, 0.4012, 0.4288, 0.4678, 361.2, 393.3, 
418.7, 453.1, 485.7, 503.9, 534.4, 561.6, 592.7, 618.1, 638.9, 
1, 1, 1, 1, 1, 1, 1, 1, 1, 1, 1, 1, 1, 1, 1, 1, 1, 1, 1, 1, 1, 
1, 1, 1, 1, 1, 1, 1, 1, 1, 1, 1, 1, 1, 1, 1, 1, 1, 1, 1, 1, 1, 
1, 1, 4.136, 4.233, 4.591, 4.901, 5.191, 5.481, 5.861, 6.114, 
6.67, 6.957, 7.695), .Dim = c(11L, 40L), .Dimnames = list(NULL, 
    c("Sampling", "PSO.cost", "PSO.gamma", "PSO.data.balancing", 
    "PSO.feature.selection", "PSO.valid.acc", "PSO.test.acc", 
    "PSO.train.time", "PSO.n.support.vectors", "PSO.index", "PSO.n.solutions", 
    "PSO.generations", "PSO.n.evaluations", "PSO.cpu.time", "RS.cost", 
    "RS.gamma", "RS.data.balancing", "RS.feature.selection", 
    "RS.valid.acc", "RS.test.acc", "RS.train.time", "RS.n.support.vectors", 
    "RS.index", "RS.n.solutions", "RS.generations", "RS.n.evaluations", 
    "RS.cpu.time", "DF.cost", "DF.gamma", "DF.data.balancing", 
    "DF.feature.selection", "DF.valid.acc", "DF.test.acc", "DF.train.time", 
    "DF.n.support.vectors", "DF.index", "DF.n.solutions", "DF.generations", 
    "DF.n.evaluations", "DF.cpu.time")))
