full <-
structure(c(50, 55, 60, 65, 70, 75, 80, 85, 90, 95, 100, 10.90789, 
7.97589, 9.30803, 6.64956, 7.69441, 5.09118, 11.05505, 8.06434, 
7.47754, 10.794, 4.46162, -5.91554, -4.38275, -5.5258, -4.32425, 
-3.87117, -3.16058, -2.78923, -4.6729, -3.15957, -3.02035, -2.30213, 
0, 0, 0, 0, 0, 0, 0, 0, 0, 0, 0, 0, 0, 0, 0, 0, 0, 0, 0, 0, 0, 
0, 0.9697, 0.98422, 0.98264, 0.98754, 0.98344, 0.99305, 0.99275, 
0.9925, 0.99551, 0.99635, 0.99653, 0.96987, 0.97375, 0.97297, 
0.98305, 0.98349, 0.98532, 0.98989, 0.99044, 0.99357, 0.99511, 
0.99479, 0.5097, 0.1192, 0.1367, 0.1589, 0.1797, 0.2044, 0.2455, 
0.2527, 0.2816, 0.3171, 0.3959, 154.7, 194.4, 177.7, 225.5, 240.8, 
299.8, 335.2, 253.5, 334.4, 361, 463.3, 524, 128, 542, 1687, 
148, 717, 218, 324, 47, 6, 1501, 49, 921, 152, 7, 881, 83, 1158, 
135, 999, 983, 47, 100, 100, 100, 100, 100, 100, 100, 100, 100, 
100, 100, 2500, 2500, 2500, 2500, 2500, 2500, 2500, 2500, 2500, 
2500, 2500, 10224.07, 9953.986, 10130.947, 11056.748, 11199.482, 
12018.613, 12987.904, 13538.149, 14080.277, 14928.947, 17599.887, 
10.03043, 10.02761, 8.70903, 6.47967, 14.02201, 5.70724, 7.91902, 
6.10265, 8.82004, 7.56417, 4.16326, -5.51664, -4.3523, -5.43575, 
-4.18339, -3.86185, -3.67968, -2.75725, -2.93952, -2.94363, -2.97224, 
-2.38705, 0, 0, 0, 0, 0, 0, 0, 0, 0, 0, 0, 0, 0, 0, 0, 0, 0, 
0, 0, 0, 0, 0, 0.96856, 0.98422, 0.98166, 0.98576, 0.98344, 0.99228, 
0.99275, 0.99183, 0.99487, 0.99635, 0.99595, 0.97105, 0.97375, 
0.97295, 0.98393, 0.98349, 0.98841, 0.98989, 0.99249, 0.99357, 
0.99511, 0.99537, 0.1186, 0.1254, 0.1379, 0.158, 0.1793, 0.2011, 
0.2508, 0.2696, 0.2959, 0.3261, 0.3966, 160.8, 194.8, 185.3, 
228.4, 240.6, 273.8, 338.7, 336.5, 355.3, 364.7, 454.2, 1345, 
161, 2416, 834, 1231, 1458, 308, 313, 34, 12, 244, 2, 6, 1, 1, 
2, 1, 11, 5, 49, 10, 34, 100, 100, 100, 100, 100, 100, 100, 100, 
100, 100, 100, 2500, 2500, 2500, 2500, 2500, 2500, 2500, 2500, 
2500, 2500, 2500, 10949.032, 11684.133, 12445.079, 13490.776, 
14311.742, 15488.313, 16490.022, 17770.517, 19049.845, 20156.86, 
21381.437, 1, 1, 1, 1, 1, 1, 1, 1, 1, 1, 1, 0.16667, 0.16667, 
0.16667, 0.16667, 0.16667, 0.16667, 0.16667, 0.16667, 0.16667, 
0.16667, 0.16667, 0, 0, 0, 0, 0, 0, 0, 0, 0, 0, 0, 0, 0, 0, 0, 
0, 0, 0, 0, 0, 0, 0, 0.89433, 0.90959, 0.90928, 0.92072, 0.91973, 
0.92265, 0.91959, 0.92497, 0.93041, 0.93898, 0.93922, 0.89787, 
0.91374, 0.90925, 0.92159, 0.91806, 0.91882, 0.92249, 0.92361, 
0.93108, 0.93654, 0.93807, 0.142, 0.1612, 0.1928, 0.2185, 0.2493, 
0.2811, 0.3137, 0.3477, 0.3857, 0.4252, 0.464, 367.4, 393.6, 
423.2, 456.2, 481.5, 508.9, 534.5, 559.9, 589.2, 613.4, 639.2, 
1, 1, 1, 1, 1, 1, 1, 1, 1, 1, 1, 1, 1, 1, 1, 1, 1, 1, 1, 1, 1, 
1, 1, 1, 1, 1, 1, 1, 1, 1, 1, 1, 1, 1, 1, 1, 1, 1, 1, 1, 1, 1, 
1, 1, 4.098, 4.287, 4.641, 4.79, 5.042, 5.385, 5.63, 6.184, 6.522, 
6.838, 7.638), .Dim = c(11L, 40L), .Dimnames = list(NULL, c("Sampling", 
"PSO.cost", "PSO.gamma", "PSO.data.balancing", "PSO.feature.selection", 
"PSO.valid.acc", "PSO.test.acc", "PSO.train.time", "PSO.n.support.vectors", 
"PSO.index", "PSO.n.solutions", "PSO.generations", "PSO.n.evaluations", 
"PSO.cpu.time", "RS.cost", "RS.gamma", "RS.data.balancing", "RS.feature.selection", 
"RS.valid.acc", "RS.test.acc", "RS.train.time", "RS.n.support.vectors", 
"RS.index", "RS.n.solutions", "RS.generations", "RS.n.evaluations", 
"RS.cpu.time", "DF.cost", "DF.gamma", "DF.data.balancing", "DF.feature.selection", 
"DF.valid.acc", "DF.test.acc", "DF.train.time", "DF.n.support.vectors", 
"DF.index", "DF.n.solutions", "DF.generations", "DF.n.evaluations", 
"DF.cpu.time")))
