full <-
structure(c(50, 55, 60, 65, 70, 75, 80, 85, 90, 95, 100, 5.5268, 
5.19156, 12.0973, 8.75069, 9.75435, 10.39382, 15, 12.27139, 5.63549, 
13.46691, 15, -3.44968, -3.41442, -6.58591, -5.10589, -3.67044, 
-5.58086, -2.23976, -3.232, -2.61675, -3.52863, -3.2503, 0, 0, 
0, 0, 0, 0, 0, 0, 0, 0, 0, 0, 0, 0, 0, 0, 0, 0, 0, 0, 0, 0, 0.97343, 
0.98106, 0.97975, 0.98401, 0.99171, 0.98762, 0.99347, 0.98706, 
0.99291, 0.99635, 0.99654, 0.96304, 0.97898, 0.97491, 0.98134, 
0.98589, 0.98222, 0.98987, 0.98841, 0.98969, 0.99817, 0.99654, 
0.1234, 0.1287, 0.1891, 0.166, 0.1855, 0.2146, 0.2769, 0.258, 
0.3083, 0.296, 0.3425, 212.3, 233.6, 153.4, 195.3, 252.7, 198.9, 
397.4, 310.7, 384.7, 310.5, 352.9, 726, 1585, 611, 932, 96, 1081, 
194, 52, 151, 9, 58, 102, 45, 91, 52, 1245, 27, 886, 1062, 824, 
504, 1022, 100, 100, 100, 100, 100, 100, 100, 100, 100, 100, 
100, 2500, 2500, 2500, 2500, 2500, 2500, 2500, 2500, 2500, 2500, 
2500, 10266.718, 10301.197, 11136.208, 10843.677, 11443.095, 
11961.996, 14078.165, 13251.291, 14633.39, 14476.172, 15477.893, 
10.14805, 5.4094, 10.39695, 8.24041, 10.37877, 9.8731, 8.08774, 
9.79683, 12.83865, 12.66175, 9.79941, -3.14301, -3.66273, -5.5898, 
-3.99786, -3.76415, -5.55138, -2.21533, -3.14417, -2.65647, -3.57593, 
-3.24164, 0, 0, 0, 0, 0, 0, 0, 0, 0, 0, 0, 0, 0, 0, 0, 0, 0, 
0, 0, 0, 0, 0, 0.97225, 0.98001, 0.97882, 0.98315, 0.99171, 0.98608, 
0.99347, 0.98706, 0.99291, 0.99635, 0.99654, 0.96653, 0.97688, 
0.97685, 0.9849, 0.98589, 0.98299, 0.98987, 0.98909, 0.98969, 
0.99817, 0.99654, 0.1061, 0.1236, 0.1532, 0.1608, 0.1901, 0.214, 
0.2764, 0.2616, 0.3055, 0.3049, 0.3456, 223.6, 224.6, 166.3, 
221.2, 247.8, 201.2, 400.1, 318.2, 380.9, 308.9, 353.6, 22, 2338, 
27, 594, 192, 1831, 129, 19, 44, 1, 250, 18, 1, 2, 11, 10, 4, 
5, 14, 7, 15, 28, 100, 100, 100, 100, 100, 100, 100, 100, 100, 
100, 100, 2500, 2500, 2500, 2500, 2500, 2500, 2500, 2500, 2500, 
2500, 2500, 10853.182, 11688.704, 12469.899, 13292.347, 14280.763, 
15321.101, 16391.263, 17477.763, 18786.884, 20180.626, 21650.838, 
1, 1, 1, 1, 1, 1, 1, 1, 1, 1, 1, 0.16667, 0.16667, 0.16667, 0.16667, 
0.16667, 0.16667, 0.16667, 0.16667, 0.16667, 0.16667, 0.16667, 
0, 0, 0, 0, 0, 0, 0, 0, 0, 0, 0, 0, 0, 0, 0, 0, 0, 0, 0, 0, 0, 
0, 0.88316, 0.90835, 0.90737, 0.92063, 0.92142, 0.92811, 0.93478, 
0.93248, 0.94135, 0.94199, 0.94384, 0.88776, 0.90529, 0.90346, 
0.91977, 0.92803, 0.93352, 0.93264, 0.93314, 0.94198, 0.94202, 
0.94273, 0.1359, 0.1656, 0.1886, 0.2258, 0.2561, 0.276, 0.3125, 
0.3467, 0.3795, 0.4241, 0.4733, 359, 394.8, 424.7, 456.1, 484.6, 
503.7, 530.8, 561.6, 583.7, 611.2, 637, 1, 1, 1, 1, 1, 1, 1, 
1, 1, 1, 1, 1, 1, 1, 1, 1, 1, 1, 1, 1, 1, 1, 1, 1, 1, 1, 1, 1, 
1, 1, 1, 1, 1, 1, 1, 1, 1, 1, 1, 1, 1, 1, 1, 1, 3.929, 4.333, 
4.529, 4.885, 5.133, 5.173, 5.67, 6.038, 6.344, 6.82, 7.399), .Dim = c(11L, 
40L), .Dimnames = list(NULL, c("Sampling", "PSO.cost", "PSO.gamma", 
"PSO.data.balancing", "PSO.feature.selection", "PSO.valid.acc", 
"PSO.test.acc", "PSO.train.time", "PSO.n.support.vectors", "PSO.index", 
"PSO.n.solutions", "PSO.generations", "PSO.n.evaluations", "PSO.cpu.time", 
"RS.cost", "RS.gamma", "RS.data.balancing", "RS.feature.selection", 
"RS.valid.acc", "RS.test.acc", "RS.train.time", "RS.n.support.vectors", 
"RS.index", "RS.n.solutions", "RS.generations", "RS.n.evaluations", 
"RS.cpu.time", "DF.cost", "DF.gamma", "DF.data.balancing", "DF.feature.selection", 
"DF.valid.acc", "DF.test.acc", "DF.train.time", "DF.n.support.vectors", 
"DF.index", "DF.n.solutions", "DF.generations", "DF.n.evaluations", 
"DF.cpu.time")))
