full <-
structure(c(50, 55, 60, 65, 70, 75, 80, 85, 90, 95, 100, 5.43061, 
7.51748, 14.95221, 8.41436, 10.24746, 8.10269, 8.98488, 9.40852, 
11.36502, 6.08257, 4.57508, -2.77854, -4.0231, -4.46357, -5.36055, 
-6.12482, -4.31019, -3.60369, -5.42239, -5.90404, -1.92749, -2.74893, 
0, 0, 0, 0, 0, 0, 0, 0, 0, 0, 0, 0, 0, 0, 0, 0, 0, 0, 0, 0, 0, 
0, 0.97571, 0.98008, 0.97593, 0.97949, 0.98263, 0.9915, 0.98915, 
0.99177, 0.9942, 0.99693, 0.99885, 0.97459, 0.96526, 0.97011, 
0.9706, 0.9785, 0.98686, 0.98623, 0.98839, 0.99161, 0.99387, 
0.99712, 0.1206, 0.1253, 0.1431, 0.1572, 0.1957, 0.2037, 0.2274, 
0.2585, 0.3011, 0.3967, 0.3745, 245.4, 200, 196.3, 200.8, 194.7, 
234.9, 272.6, 232.3, 211.2, 506.5, 406.5, 1189, 185, 188, 359, 
776, 211, 28, 654, 429, 96, 2141, 44, 329, 926, 281, 40, 355, 
1276, 198, 125, 814, 9, 100, 100, 100, 100, 100, 100, 100, 100, 
100, 100, 100, 2500, 2500, 2500, 2500, 2500, 2500, 2500, 2500, 
2500, 2500, 2500, 10444.478, 10032.461, 10291.579, 10963.511, 
11958.896, 11971.195, 12372.496, 13054.628, 13729.988, 17225.898, 
16218.117, 8.74322, 6.74495, 9.56, 8.65538, 8.2594, 9.47773, 
6.75648, 9.05906, 7.97898, 8.73259, 4.63129, -2.75895, -3.89948, 
-5.37908, -5.56802, -5.04751, -4.76159, -3.51428, -5.29278, -4.58103, 
-1.90184, -2.74139, 0, 0, 0, 0, 0, 0, 0, 0, 0, 0, 0, 0, 0, 0, 
0, 0, 0, 0, 0, 0, 0, 0, 0.97457, 0.98008, 0.97689, 0.97859, 0.98179, 
0.9915, 0.98915, 0.99177, 0.99419, 0.99693, 0.99885, 0.97459, 
0.96521, 0.96914, 0.97238, 0.9818, 0.98763, 0.98697, 0.98908, 
0.99226, 0.99387, 0.99712, 0.1183, 0.122, 0.1483, 0.162, 0.1815, 
0.2044, 0.2261, 0.2638, 0.2677, 0.4104, 0.372, 246.9, 206.5, 
177.8, 198.9, 211.4, 220.5, 278.6, 235.3, 250.2, 511.4, 406.4, 
1710, 684, 251, 549, 936, 238, 166, 1142, 1380, 42, 1459, 1, 
2, 3, 6, 1, 7, 16, 1, 2, 10, 2, 100, 100, 100, 100, 100, 100, 
100, 100, 100, 100, 100, 2500, 2500, 2500, 2500, 2500, 2500, 
2500, 2500, 2500, 2500, 2500, 11056.574, 11812.035, 12558.332, 
13453.027, 14316.246, 15414.594, 16568.047, 17877.406, 18965.291, 
20094.039, 21614.264, 1, 1, 1, 1, 1, 1, 1, 1, 1, 1, 1, 0.16667, 
0.16667, 0.16667, 0.16667, 0.16667, 0.16667, 0.16667, 0.16667, 
0.16667, 0.16667, 0.16667, 0, 0, 0, 0, 0, 0, 0, 0, 0, 0, 0, 0, 
0, 0, 0, 0, 0, 0, 0, 0, 0, 0, 0.89704, 0.90019, 0.90733, 0.91545, 
0.92296, 0.92499, 0.92608, 0.93442, 0.94203, 0.94199, 0.93811, 
0.89703, 0.9011, 0.90926, 0.91721, 0.91722, 0.92426, 0.92539, 
0.9365, 0.93624, 0.94443, 0.94215, 0.1425, 0.1666, 0.1916, 0.217, 
0.2552, 0.2772, 0.3141, 0.3545, 0.395, 0.4244, 0.4661, 366.9, 
391, 413.3, 444.3, 476, 498.6, 529.1, 557.1, 580.6, 607.9, 636.9, 
1, 1, 1, 1, 1, 1, 1, 1, 1, 1, 1, 1, 1, 1, 1, 1, 1, 1, 1, 1, 1, 
1, 1, 1, 1, 1, 1, 1, 1, 1, 1, 1, 1, 1, 1, 1, 1, 1, 1, 1, 1, 1, 
1, 1, 4.073, 4.303, 4.539, 4.808, 5.211, 5.386, 5.717, 6.109, 
6.642, 6.793, 7.728), .Dim = c(11L, 40L), .Dimnames = list(NULL, 
    c("Sampling", "PSO.cost", "PSO.gamma", "PSO.data.balancing", 
    "PSO.feature.selection", "PSO.valid.acc", "PSO.test.acc", 
    "PSO.train.time", "PSO.n.support.vectors", "PSO.index", "PSO.n.solutions", 
    "PSO.generations", "PSO.n.evaluations", "PSO.cpu.time", "RS.cost", 
    "RS.gamma", "RS.data.balancing", "RS.feature.selection", 
    "RS.valid.acc", "RS.test.acc", "RS.train.time", "RS.n.support.vectors", 
    "RS.index", "RS.n.solutions", "RS.generations", "RS.n.evaluations", 
    "RS.cpu.time", "DF.cost", "DF.gamma", "DF.data.balancing", 
    "DF.feature.selection", "DF.valid.acc", "DF.test.acc", "DF.train.time", 
    "DF.n.support.vectors", "DF.index", "DF.n.solutions", "DF.generations", 
    "DF.n.evaluations", "DF.cpu.time")))
