full <-
structure(c(50, 55, 60, 65, 70, 75, 80, 85, 90, 95, 100, 7.16538, 
10.53395, 9.73253, 5.45884, 5.61815, 6.57455, 10.74184, 7.47863, 
9.87899, 8.0966, 6.50913, -4.45354, -4.07582, -2.58806, -2.86176, 
-3.30322, -3.84476, -3.90758, -4.06479, -3.45186, -2.60811, -3.89941, 
0, 0, 0, 0, 0, 0, 0, 0, 0, 0, 0, 0, 0, 0, 0, 0, 0, 0, 0, 0, 0, 
0, 0.98031, 0.98318, 0.97587, 0.98668, 0.98842, 0.98685, 0.99204, 
0.98978, 0.99358, 0.9945, 0.99884, 0.97569, 0.97472, 0.97011, 
0.98399, 0.99007, 0.98686, 0.99203, 0.98705, 0.98841, 0.99512, 
0.9971, 0.1129, 0.1324, 0.1717, 0.1869, 0.1946, 0.212, 0.2394, 
0.2577, 0.2937, 0.3607, 0.3462, 182.4, 199.6, 292.8, 285.8, 265.5, 
251.1, 262.8, 267.9, 314.2, 406.1, 320.6, 359, 170, 259, 469, 
758, 310, 35, 423, 10, 8, 543, 303, 744, 743, 533, 393, 58, 1186, 
679, 1216, 1218, 61, 100, 100, 100, 100, 100, 100, 100, 100, 
100, 100, 100, 2500, 2500, 2500, 2500, 2500, 2500, 2500, 2500, 
2500, 2500, 2500, 8965.161, 9645.661, 10909.229, 11125.828, 11446.168, 
12701.141, 12729.935, 13659.434, 14690.689, 16758.649, 16378.129, 
7.23582, 7.96733, 7.30196, 5.69952, 5.61509, 4.30583, 9.19894, 
6.43444, 11.33084, 5.3366, 7.05074, -4.51122, -4.18591, -2.57995, 
-2.86789, -3.29044, -2.79721, -3.94032, -4.07006, -3.42486, -2.64491, 
-4.13084, 0, 0, 0, 0, 0, 0, 0, 0, 0, 0, 0, 0, 0, 0, 0, 0, 0, 
0, 0, 0, 0, 0, 0.98031, 0.98214, 0.97587, 0.98668, 0.98842, 0.98608, 
0.99204, 0.98978, 0.99358, 0.9945, 0.99884, 0.97569, 0.97474, 
0.97011, 0.98399, 0.99007, 0.98531, 0.99131, 0.98366, 0.98906, 
0.9945, 0.99768, 0.1115, 0.1322, 0.1716, 0.1868, 0.1966, 0.2307, 
0.2395, 0.2623, 0.2974, 0.3653, 0.3464, 181.4, 195.9, 293.4, 
285.2, 266.1, 319, 261.3, 279.2, 315.3, 402.9, 309.3, 204, 59, 
216, 1887, 314, 2302, 171, 942, 31, 286, 1218, 1, 11, 8, 1, 1, 
1, 13, 4, 28, 18, 1, 100, 100, 100, 100, 100, 100, 100, 100, 
100, 100, 100, 2500, 2500, 2500, 2500, 2500, 2500, 2500, 2500, 
2500, 2500, 2500, 10952.889, 11822.353, 12699.907, 13937.771, 
15262.481, 16493.034, 17653.821, 19124.107, 20536.458, 22214.933, 
23732.911, 1, 1, 1, 1, 1, 1, 1, 1, 1, 1, 1, 0.16667, 0.16667, 
0.16667, 0.16667, 0.16667, 0.16667, 0.16667, 0.16667, 0.16667, 
0.16667, 0.16667, 0, 0, 0, 0, 0, 0, 0, 0, 0, 0, 0, 0, 0, 0, 0, 
0, 0, 0, 0, 0, 0, 0, 0.89117, 0.91161, 0.91415, 0.91713, 0.92632, 
0.92283, 0.93409, 0.9338, 0.94008, 0.94995, 0.94036, 0.89235, 
0.9053, 0.92187, 0.92165, 0.93051, 0.9266, 0.93045, 0.93448, 
0.93882, 0.94327, 0.94325, 0.1525, 0.1799, 0.205, 0.243, 0.2766, 
0.306, 0.3425, 0.3897, 0.4273, 0.4701, 0.5201, 365.7, 396.5, 
424.9, 455.8, 479.2, 504, 527.2, 561.8, 586.7, 609.6, 640.9, 
1, 1, 1, 1, 1, 1, 1, 1, 1, 1, 1, 1, 1, 1, 1, 1, 1, 1, 1, 1, 1, 
1, 1, 1, 1, 1, 1, 1, 1, 1, 1, 1, 1, 1, 1, 1, 1, 1, 1, 1, 1, 1, 
1, 1, 4.056, 4.252, 4.477, 4.996, 5.411, 5.738, 6.154, 6.645, 
7.089, 7.55, 8.018), .Dim = c(11L, 40L), .Dimnames = list(NULL, 
    c("Sampling", "PSO.cost", "PSO.gamma", "PSO.data.balancing", 
    "PSO.feature.selection", "PSO.valid.acc", "PSO.test.acc", 
    "PSO.train.time", "PSO.n.support.vectors", "PSO.index", "PSO.n.solutions", 
    "PSO.generations", "PSO.n.evaluations", "PSO.cpu.time", "RS.cost", 
    "RS.gamma", "RS.data.balancing", "RS.feature.selection", 
    "RS.valid.acc", "RS.test.acc", "RS.train.time", "RS.n.support.vectors", 
    "RS.index", "RS.n.solutions", "RS.generations", "RS.n.evaluations", 
    "RS.cpu.time", "DF.cost", "DF.gamma", "DF.data.balancing", 
    "DF.feature.selection", "DF.valid.acc", "DF.test.acc", "DF.train.time", 
    "DF.n.support.vectors", "DF.index", "DF.n.solutions", "DF.generations", 
    "DF.n.evaluations", "DF.cpu.time")))
