full <-
structure(c(50, 55, 60, 65, 70, 75, 80, 85, 90, 95, 100, 5.42487, 
3.28965, 8.59611, 7.44954, 9.86101, 4.54254, 7.37905, 7.50897, 
9.27421, 9.34163, 11.05182, -3.23689, -2.31248, -4.89536, -3.74805, 
-5.67094, -3.12286, -4.61156, -4.63578, -5.71322, -2.69669, -4.02671, 
0, 0, 0, 0, 0, 0, 0, 0, 0, 0, 0, 0, 0, 0, 0, 0, 0, 0, 0, 0, 0, 
0, 0.97464, 0.97789, 0.9826, 0.98129, 0.98844, 0.98994, 0.99129, 
0.99318, 0.99419, 0.99757, 0.99478, 0.9711, 0.97051, 0.97583, 
0.97765, 0.98758, 0.98221, 0.99204, 0.99181, 0.99611, 0.99695, 
0.99537, 0.1173, 0.1439, 0.1423, 0.1577, 0.1965, 0.2117, 0.2158, 
0.2466, 0.3053, 0.344, 0.3291, 219, 299.7, 180, 229.2, 192, 310.8, 
241.3, 253.2, 243.6, 394.5, 303.1, 742, 1962, 674, 607, 745, 
2006, 544, 1767, 115, 19, 71, 241, 1, 256, 87, 108, 19, 272, 
9, 841, 1231, 955, 100, 100, 100, 100, 100, 100, 100, 100, 100, 
100, 100, 2500, 2500, 2500, 2500, 2500, 2500, 2500, 2500, 2500, 
2500, 2500, 10291.872, 10598.283, 10213.363, 10819.477, 11505.129, 
12338.876, 12104.923, 13173.139, 13793.859, 15632.217, 15171.871, 
5.89895, 11.8713, 8.16138, 5.55428, 8.35554, 5.18804, 5.31949, 
4.17135, 8.81432, 6.55873, 8.40699, -3.30235, -2.15892, -4.65398, 
-3.29907, -4.67272, -3.45245, -3.22461, -2.91953, -5.55826, -2.64077, 
-4.04605, 0, 0, 0, 0, 0, 0, 0, 0, 0, 0, 0, 0, 0, 0, 0, 0, 0, 
0, 0, 0, 0, 0, 0.97462, 0.97685, 0.98164, 0.98126, 0.98843, 0.98838, 
0.98987, 0.9925, 0.99419, 0.99757, 0.99478, 0.97224, 0.97261, 
0.97582, 0.97499, 0.98677, 0.98528, 0.99059, 0.9891, 0.99482, 
0.99695, 0.99537, 0.1118, 0.1494, 0.1371, 0.165, 0.1786, 0.2086, 
0.2369, 0.271, 0.288, 0.3428, 0.3306, 214.7, 305.9, 185.8, 256.1, 
210.8, 286.8, 306.3, 356.6, 249.7, 400.9, 302, 1128, 1235, 2410, 
2103, 251, 1632, 831, 2272, 1180, 25, 1496, 1, 2, 1, 2, 4, 1, 
1, 1, 3, 23, 5, 100, 100, 100, 100, 100, 100, 100, 100, 100, 
100, 100, 2500, 2500, 2500, 2500, 2500, 2500, 2500, 2500, 2500, 
2500, 2500, 10966.8, 11844.793, 12400.309, 13542.782, 14289.962, 
15430.251, 16339.338, 17864.254, 18854.879, 20449.205, 21821.416, 
1, 1, 1, 1, 1, 1, 1, 1, 1, 1, 1, 0.16667, 0.16667, 0.16667, 0.16667, 
0.16667, 0.16667, 0.16667, 0.16667, 0.16667, 0.16667, 0.16667, 
0, 0, 0, 0, 0, 0, 0, 0, 0, 0, 0, 0, 0, 0, 0, 0, 0, 0, 0, 0, 0, 
0, 0.89026, 0.89895, 0.90928, 0.91444, 0.92057, 0.92891, 0.93694, 
0.93661, 0.93755, 0.93896, 0.94677, 0.9006, 0.89788, 0.90343, 
0.91175, 0.91893, 0.93508, 0.942, 0.94069, 0.93953, 0.94078, 
0.94966, 0.1401, 0.171, 0.1927, 0.22, 0.2466, 0.2839, 0.3188, 
0.357, 0.3927, 0.4362, 0.474, 366.9, 400.1, 424, 450.7, 480.8, 
509, 533.8, 563.1, 592.4, 616.9, 639.3, 1, 1, 1, 1, 1, 1, 1, 
1, 1, 1, 1, 1, 1, 1, 1, 1, 1, 1, 1, 1, 1, 1, 1, 1, 1, 1, 1, 1, 
1, 1, 1, 1, 1, 1, 1, 1, 1, 1, 1, 1, 1, 1, 1, 1, 3.898, 4.381, 
4.711, 4.837, 5.046, 5.405, 5.874, 6.134, 6.528, 6.978, 7.479
), .Dim = c(11L, 40L), .Dimnames = list(NULL, c("Sampling", "PSO.cost", 
"PSO.gamma", "PSO.data.balancing", "PSO.feature.selection", "PSO.valid.acc", 
"PSO.test.acc", "PSO.train.time", "PSO.n.support.vectors", "PSO.index", 
"PSO.n.solutions", "PSO.generations", "PSO.n.evaluations", "PSO.cpu.time", 
"RS.cost", "RS.gamma", "RS.data.balancing", "RS.feature.selection", 
"RS.valid.acc", "RS.test.acc", "RS.train.time", "RS.n.support.vectors", 
"RS.index", "RS.n.solutions", "RS.generations", "RS.n.evaluations", 
"RS.cpu.time", "DF.cost", "DF.gamma", "DF.data.balancing", "DF.feature.selection", 
"DF.valid.acc", "DF.test.acc", "DF.train.time", "DF.n.support.vectors", 
"DF.index", "DF.n.solutions", "DF.generations", "DF.n.evaluations", 
"DF.cpu.time")))
