full <-
structure(c(50, 55, 60, 65, 70, 75, 80, 85, 90, 95, 100, 3.93162, 
14.16567, 12.04566, 8.75722, 3.62228, 5.7948, 11.75199, 10.99588, 
14.18083, 12.92433, 8.22756, -2.95498, -5.10201, -2.89638, -2.73196, 
-2.04045, -3.43142, -4.14133, -3.08523, -6.40464, -1.78157, -4.52131, 
0, 0, 0, 0, 0, 0, 0, 0, 0, 0, 0, 0, 0, 0, 0, 0, 0, 0, 0, 0, 0, 
0, 0.96987, 0.97898, 0.97587, 0.98309, 0.98428, 0.98995, 0.99127, 
0.99591, 0.99419, 0.99695, 0.99827, 0.96415, 0.97055, 0.973, 
0.98132, 0.97524, 0.98686, 0.98699, 0.99114, 0.98904, 0.99389, 
0.99711, 0.126, 0.1391, 0.1599, 0.1767, 0.2333, 0.2074, 0.2269, 
0.2638, 0.3641, 0.4251, 0.3276, 250.9, 182.3, 277.5, 299.4, 385.7, 
280.8, 257.4, 322.5, 210.7, 541.9, 284.6, 141, 98, 211, 134, 
1369, 99, 150, 117, 230, 96, 88, 108, 1062, 681, 1053, 84, 1363, 
1166, 1297, 14, 603, 423, 100, 100, 100, 100, 100, 100, 100, 
100, 100, 100, 100, 2500, 2500, 2500, 2500, 2500, 2500, 2500, 
2500, 2500, 2500, 2500, 10833.205, 10272.494, 10780.799, 11400.348, 
12719.992, 11977.931, 12259.542, 13257.524, 15292.914, 17518.352, 
14985.357, 3.33143, 12.73993, 7.34612, 14.1489, 3.8877, 13.19828, 
11.56203, 12.62242, 9.60321, 13.88854, 7.87229, -2.35339, -5.07116, 
-2.88341, -2.72552, -2.08828, -3.53202, -4.13126, -3.09933, -4.17519, 
-1.78353, -4.36612, 0, 0, 0, 0, 0, 0, 0, 0, 0, 0, 0, 0, 0, 0, 
0, 0, 0, 0, 0, 0, 0, 0, 0.96757, 0.97898, 0.97587, 0.98309, 0.98345, 
0.98995, 0.99127, 0.99591, 0.99355, 0.99695, 0.99827, 0.96291, 
0.97055, 0.973, 0.98132, 0.97524, 0.9884, 0.98699, 0.99114, 0.99162, 
0.99389, 0.99827, 0.1279, 0.1405, 0.1581, 0.1801, 0.2271, 0.2046, 
0.2238, 0.2565, 0.2641, 0.435, 0.3303, 286.9, 183.2, 278, 299.8, 
377.2, 271.4, 257.8, 321.4, 270.2, 541.1, 293.1, 1068, 2360, 
609, 91, 26, 190, 611, 657, 48, 508, 164, 1, 1, 2, 2, 4, 39, 
5, 6, 51, 2, 13, 100, 100, 100, 100, 100, 100, 100, 100, 100, 
100, 100, 2500, 2500, 2500, 2500, 2500, 2500, 2500, 2500, 2500, 
2500, 2500, 10950.527, 11767.604, 12577.736, 13462.789, 14281.206, 
15274.634, 16420.106, 17498.434, 18921.769, 20348.978, 21962.7709999999, 
1, 1, 1, 1, 1, 1, 1, 1, 1, 1, 1, 0.16667, 0.16667, 0.16667, 0.16667, 
0.16667, 0.16667, 0.16667, 0.16667, 0.16667, 0.16667, 0.16667, 
0, 0, 0, 0, 0, 0, 0, 0, 0, 0, 0, 0, 0, 0, 0, 0, 0, 0, 0, 0, 0, 
0, 0.88664, 0.89582, 0.90735, 0.89934, 0.91316, 0.91808, 0.92464, 
0.93385, 0.93363, 0.94261, 0.94616, 0.882, 0.89893, 0.90446, 
0.90114, 0.91153, 0.91732, 0.9312, 0.92769, 0.93816, 0.94075, 
0.94731, 0.1382, 0.1648, 0.1899, 0.2195, 0.2509, 0.2762, 0.3229, 
0.3463, 0.3867, 0.428, 0.4616, 370.6, 405, 430.8, 458, 480.3, 
505.3, 540.1, 558.4, 588.6, 612.6, 639.5, 1, 1, 1, 1, 1, 1, 1, 
1, 1, 1, 1, 1, 1, 1, 1, 1, 1, 1, 1, 1, 1, 1, 1, 1, 1, 1, 1, 1, 
1, 1, 1, 1, 1, 1, 1, 1, 1, 1, 1, 1, 1, 1, 1, 1, 3.99, 4.313, 
4.604, 4.835, 5.11, 5.356, 5.901, 6.019, 6.556, 6.974, 7.78), .Dim = c(11L, 
40L), .Dimnames = list(NULL, c("Sampling", "PSO.cost", "PSO.gamma", 
"PSO.data.balancing", "PSO.feature.selection", "PSO.valid.acc", 
"PSO.test.acc", "PSO.train.time", "PSO.n.support.vectors", "PSO.index", 
"PSO.n.solutions", "PSO.generations", "PSO.n.evaluations", "PSO.cpu.time", 
"RS.cost", "RS.gamma", "RS.data.balancing", "RS.feature.selection", 
"RS.valid.acc", "RS.test.acc", "RS.train.time", "RS.n.support.vectors", 
"RS.index", "RS.n.solutions", "RS.generations", "RS.n.evaluations", 
"RS.cpu.time", "DF.cost", "DF.gamma", "DF.data.balancing", "DF.feature.selection", 
"DF.valid.acc", "DF.test.acc", "DF.train.time", "DF.n.support.vectors", 
"DF.index", "DF.n.solutions", "DF.generations", "DF.n.evaluations", 
"DF.cpu.time")))
