full <-
structure(c(50, 55, 60, 65, 70, 75, 80, 85, 90, 95, 100, 6.04093, 
4.61274, 8.35684, 13.27009, 11.7312, 5.78512, 7.6522, 8.02577, 
8.03452, 5.84772, 3.71818, -3.32115, -3.37582, -5.05205, -2.94323, 
-2.36082, -3.88506, -4.54693, -5.18372, -2.43663, -2.54646, -2.42032, 
0, 0, 0, 0, 0, 0, 0, 0, 0, 0, 0, 0, 0, 0, 0, 0, 0, 0, 0, 0, 0, 
0, 0.96291, 0.97472, 0.98072, 0.98131, 0.98514, 0.99304, 0.98985, 
0.99387, 0.99419, 0.99573, 0.99768, 0.95024, 0.96942, 0.97296, 
0.98042, 0.98105, 0.9853, 0.98624, 0.99251, 0.99355, 0.9939, 
0.9919, 0.1038, 0.1261, 0.1364, 0.17, 0.2157, 0.202, 0.2237, 
0.2434, 0.3155, 0.3454, 0.3942, 214.3, 239.7, 188.3, 282.1, 345.5, 
268.8, 242.1, 251.2, 407.3, 409.2, 456.1, 1157, 1922, 487, 103, 
218, 1821, 297, 760, 399, 110, 321, 143, 11, 248, 1465, 832, 
37, 281, 58, 484, 1127, 48, 100, 100, 100, 100, 100, 100, 100, 
100, 100, 100, 100, 2500, 2500, 2500, 2500, 2500, 2500, 2500, 
2500, 2500, 2500, 2500, 10236.885, 10182.887, 10381.04, 11111.369, 
12220.166, 12029.671, 12657.478, 12906.784, 14678.003, 15623.732, 
17566.225, 5.88543, 6.82946, 8.2852, 9.39257, 7.90954, 6.18629, 
7.75596, 8.1739, 9.10073, 14.75878, 7.31964, -3.35052, -4.98769, 
-4.94824, -2.9519, -2.34673, -3.99729, -4.35003, -4.98111, -2.61437, 
-2.58837, -4.47212, 0, 0, 0, 0, 0, 0, 0, 0, 0, 0, 0, 0, 0, 0, 
0, 0, 0, 0, 0, 0, 0, 0, 0.96291, 0.97466, 0.98072, 0.98131, 0.98514, 
0.99226, 0.98912, 0.99251, 0.99419, 0.99573, 0.9971, 0.95024, 
0.96516, 0.97102, 0.98042, 0.98105, 0.98685, 0.98624, 0.99319, 
0.9942, 0.9939, 0.99594, 0.1093, 0.1216, 0.137, 0.1727, 0.2087, 
0.2022, 0.2244, 0.2541, 0.3057, 0.3401, 0.3313, 213.7, 198.9, 
189.4, 281.4, 347, 263, 245.3, 248.2, 384.8, 403.9, 299.9, 310, 
595, 1281, 218, 140, 155, 492, 772, 435, 133, 1295, 1, 1, 2, 
12, 2, 3, 1, 1, 23, 7, 2, 100, 100, 100, 100, 100, 100, 100, 
100, 100, 100, 100, 2500, 2500, 2500, 2500, 2500, 2500, 2500, 
2500, 2500, 2500, 2500, 10906.699, 11743.871, 12342.16, 13208.899, 
14150.756, 15336.788, 16441.823, 17597.109, 18919.371, 20224.881, 
21358.684, 1, 1, 1, 1, 1, 1, 1, 1, 1, 1, 1, 0.16667, 0.16667, 
0.16667, 0.16667, 0.16667, 0.16667, 0.16667, 0.16667, 0.16667, 
0.16667, 0.16667, 0, 0, 0, 0, 0, 0, 0, 0, 0, 0, 0, 0, 0, 0, 0, 
0, 0, 0, 0, 0, 0, 0, 0.91194, 0.91691, 0.91506, 0.90903, 0.91144, 
0.91501, 0.92974, 0.93454, 0.93679, 0.93837, 0.94155, 0.91084, 
0.9064, 0.91219, 0.91171, 0.91888, 0.91732, 0.92755, 0.93519, 
0.93872, 0.94327, 0.94618, 0.1384, 0.163, 0.193, 0.2238, 0.2465, 
0.2806, 0.3119, 0.3502, 0.3871, 0.4309, 0.4573, 364.4, 397.1, 
423, 453.3, 478.7, 505.8, 532.8, 556.8, 586, 613.4, 638.7, 1, 
1, 1, 1, 1, 1, 1, 1, 1, 1, 1, 1, 1, 1, 1, 1, 1, 1, 1, 1, 1, 1, 
1, 1, 1, 1, 1, 1, 1, 1, 1, 1, 1, 1, 1, 1, 1, 1, 1, 1, 1, 1, 1, 
1, 4.103, 4.316, 4.496, 4.89, 5.046, 5.414, 5.712, 6.098, 6.568, 
6.914, 7.519), .Dim = c(11L, 40L), .Dimnames = list(NULL, c("Sampling", 
"PSO.cost", "PSO.gamma", "PSO.data.balancing", "PSO.feature.selection", 
"PSO.valid.acc", "PSO.test.acc", "PSO.train.time", "PSO.n.support.vectors", 
"PSO.index", "PSO.n.solutions", "PSO.generations", "PSO.n.evaluations", 
"PSO.cpu.time", "RS.cost", "RS.gamma", "RS.data.balancing", "RS.feature.selection", 
"RS.valid.acc", "RS.test.acc", "RS.train.time", "RS.n.support.vectors", 
"RS.index", "RS.n.solutions", "RS.generations", "RS.n.evaluations", 
"RS.cpu.time", "DF.cost", "DF.gamma", "DF.data.balancing", "DF.feature.selection", 
"DF.valid.acc", "DF.test.acc", "DF.train.time", "DF.n.support.vectors", 
"DF.index", "DF.n.solutions", "DF.generations", "DF.n.evaluations", 
"DF.cpu.time")))
