full <-
structure(c(50, 55, 60, 65, 70, 75, 80, 85, 90, 95, 100, 7.33653, 
11.13102, 5.48592, 14.94754, 13.35882, 10.37137, 4.84092, 8.9684, 
13.531, 6.39964, 7.50591, -4.927, -3.71191, -3.77835, -2.76148, 
-2.14158, -6.01641, -2.92373, -3.29371, -4.06271, -2.43106, -4.2911, 
0, 0, 0, 0, 0, 0, 0, 0, 0, 0, 0, 0, 0, 0, 0, 0, 0, 0, 0, 0, 0, 
0, 0.97112, 0.97155, 0.97495, 0.9822, 0.98513, 0.9884, 0.99059, 
0.99114, 0.99548, 0.99817, 0.99827, 0.96532, 0.9684, 0.9652, 
0.97682, 0.98264, 0.98067, 0.98842, 0.98908, 0.99548, 0.99633, 
0.99711, 0.1104, 0.1227, 0.1432, 0.176, 0.2218, 0.208, 0.2393, 
0.2467, 0.2695, 0.3439, 0.3272, 178.6, 209.9, 232.8, 287.4, 363.4, 
191.5, 324.9, 302.7, 274.8, 419.4, 295.1, 150, 275, 2305, 20, 
22, 93, 771, 70, 240, 49, 52, 44, 1095, 1, 1265, 1184, 346, 169, 
1300, 1044, 1309, 328, 100, 100, 100, 100, 100, 100, 100, 100, 
100, 100, 100, 2500, 2500, 2500, 2500, 2500, 2500, 2500, 2500, 
2500, 2500, 2500, 10277.633, 9784.306, 10503.165, 11167.909, 
12464.22, 11971.894, 12736.165, 12916.811, 13388.856, 15450.452, 
14903.096, 7.03523, 10.40113, 5.5507, 10.86833, 14.43224, 10.92462, 
4.77904, 6.75645, 11.48639, 12.92681, 7.6594, -4.60593, -3.71588, 
-3.81767, -2.68858, -2.14766, -6.30266, -2.90368, -3.23302, -4.06904, 
-2.53618, -4.17019, 0, 0, 0, 0, 0, 0, 0, 0, 0, 0, 0, 0, 0, 0, 
0, 0, 0, 0, 0, 0, 0, 0, 0.96994, 0.97155, 0.97398, 0.9822, 0.98513, 
0.9884, 0.98987, 0.99114, 0.99548, 0.99817, 0.99827, 0.96302, 
0.9684, 0.96327, 0.97771, 0.98264, 0.97989, 0.9877, 0.98908, 
0.99548, 0.99572, 0.99711, 0.104, 0.1179, 0.142, 0.1759, 0.2203, 
0.2168, 0.2377, 0.2534, 0.2695, 0.3399, 0.3271, 181.9, 209.8, 
230.5, 293.8, 362.5, 188.2, 327.1, 305.8, 275.2, 404, 298.5, 
2433, 13, 303, 88, 86, 1203, 2162, 28, 917, 18, 260, 1, 4, 1, 
14, 9, 1, 1, 12, 18, 46, 1, 100, 100, 100, 100, 100, 100, 100, 
100, 100, 100, 100, 2500, 2500, 2500, 2500, 2500, 2500, 2500, 
2500, 2500, 2500, 2500, 10908.728, 11694.558, 12385.603, 13226.513, 
14172.457, 15239.013, 16224.834, 17292.205, 18553.419, 19847.885, 
21316.664, 1, 1, 1, 1, 1, 1, 1, 1, 1, 1, 1, 0.16667, 0.16667, 
0.16667, 0.16667, 0.16667, 0.16667, 0.16667, 0.16667, 0.16667, 
0.16667, 0.16667, 0, 0, 0, 0, 0, 0, 0, 0, 0, 0, 0, 0, 0, 0, 0, 
0, 0, 0, 0, 0, 0, 0, 0.90393, 0.90416, 0.90844, 0.91535, 0.92137, 
0.93283, 0.93043, 0.93791, 0.93498, 0.94018, 0.94502, 0.9074, 
0.90844, 0.90741, 0.92075, 0.92469, 0.92977, 0.93624, 0.94402, 
0.93817, 0.94626, 0.94731, 0.1313, 0.165, 0.1865, 0.2205, 0.2412, 
0.2747, 0.3121, 0.352, 0.3866, 0.4287, 0.4733, 362, 392.3, 416.5, 
444.9, 467.7, 503.2, 526.9, 556.8, 584, 612.3, 642.7, 1, 1, 1, 
1, 1, 1, 1, 1, 1, 1, 1, 1, 1, 1, 1, 1, 1, 1, 1, 1, 1, 1, 1, 1, 
1, 1, 1, 1, 1, 1, 1, 1, 1, 1, 1, 1, 1, 1, 1, 1, 1, 1, 1, 1, 3.968, 
4.316, 4.469, 4.7, 4.981, 5.365, 5.649, 6.071, 6.441, 7.004, 
7.34), .Dim = c(11L, 40L), .Dimnames = list(NULL, c("Sampling", 
"PSO.cost", "PSO.gamma", "PSO.data.balancing", "PSO.feature.selection", 
"PSO.valid.acc", "PSO.test.acc", "PSO.train.time", "PSO.n.support.vectors", 
"PSO.index", "PSO.n.solutions", "PSO.generations", "PSO.n.evaluations", 
"PSO.cpu.time", "RS.cost", "RS.gamma", "RS.data.balancing", "RS.feature.selection", 
"RS.valid.acc", "RS.test.acc", "RS.train.time", "RS.n.support.vectors", 
"RS.index", "RS.n.solutions", "RS.generations", "RS.n.evaluations", 
"RS.cpu.time", "DF.cost", "DF.gamma", "DF.data.balancing", "DF.feature.selection", 
"DF.valid.acc", "DF.test.acc", "DF.train.time", "DF.n.support.vectors", 
"DF.index", "DF.n.solutions", "DF.generations", "DF.n.evaluations", 
"DF.cpu.time")))
