full <-
structure(c(50, 55, 60, 65, 70, 75, 80, 85, 90, 95, 100, 2.72677, 
4.06003, 11.37392, 12.13664, 5.8947, 6.58101, 8.77612, 7.87171, 
7.52381, 7.70594, 12.18357, -2.22655, -2.67182, -3.15385, -2.76664, 
-3.77534, -3.57582, -4.3927, -4.46429, -4.6797, -4.34257, -2.42825, 
0, 0, 0, 0, 0, 0, 0, 0, 0, 0, 0, 0, 0, 0, 0, 0, 0, 0, 0, 0, 0, 
0, 0.97225, 0.97269, 0.98742, 0.98663, 0.98842, 0.99072, 0.99567, 
0.9925, 0.99678, 0.99512, 0.99769, 0.96182, 0.9622, 0.97869, 
0.98486, 0.98178, 0.98758, 0.99199, 0.99179, 0.99614, 0.99756, 
0.99711, 0.1309, 0.1362, 0.1521, 0.1761, 0.1821, 0.2031, 0.2214, 
0.2459, 0.2692, 0.2952, 0.3892, 300.2, 274.7, 255.3, 291.6, 250.6, 
268, 243.3, 249.8, 264.8, 274, 442.7, 1229, 259, 293, 26, 45, 
1212, 194, 713, 698, 542, 10, 22, 85, 508, 1544, 235, 24, 1247, 
62, 108, 145, 1398, 100, 100, 100, 100, 100, 100, 100, 100, 100, 
100, 100, 2500, 2500, 2500, 2500, 2500, 2500, 2500, 2500, 2500, 
2500, 2500, 10641.746, 10538.623, 10640.655, 11127.48, 11322.461, 
12013.495, 12313.184, 12876.849, 13707.401, 14499.158, 17409.448, 
11.96751, 14.76371, 13.27705, 7.47869, 5.50013, 6.64251, 9.37819, 
6.46936, 6.95728, 7.8613, 10.27031, -1.88095, -2.37194, -3.15701, 
-2.59748, -3.51174, -3.5876, -4.41394, -3.48813, -4.3346, -4.45364, 
-2.27402, 0, 0, 0, 0, 0, 0, 0, 0, 0, 0, 0, 0, 0, 0, 0, 0, 0, 
0, 0, 0, 0, 0, 0.9699, 0.97164, 0.98742, 0.98663, 0.9876, 0.99072, 
0.99567, 0.99181, 0.99613, 0.9945, 0.99769, 0.96064, 0.96323, 
0.97869, 0.98486, 0.98178, 0.98681, 0.99199, 0.99042, 0.99549, 
0.99756, 0.99653, 0.1366, 0.1455, 0.1516, 0.1841, 0.1842, 0.2068, 
0.2264, 0.248, 0.2766, 0.288, 0.4151, 321.2, 293.2, 255.5, 306.3, 
264.2, 267.1, 242.2, 295.8, 276.7, 269.8, 470.6, 741, 1509, 289, 
7, 931, 899, 98, 2078, 848, 1270, 55, 4, 2, 3, 42, 1, 1, 11, 
1, 3, 54, 18, 100, 100, 100, 100, 100, 100, 100, 100, 100, 100, 
100, 2500, 2500, 2500, 2500, 2500, 2500, 2500, 2500, 2500, 2500, 
2500, 11001.536, 11896.552, 12651.524, 13489.538, 14346.878, 
15614.304, 16779.429, 17671.074, 19139.451, 20328.912, 22026.175, 
1, 1, 1, 1, 1, 1, 1, 1, 1, 1, 1, 0.16667, 0.16667, 0.16667, 0.16667, 
0.16667, 0.16667, 0.16667, 0.16667, 0.16667, 0.16667, 0.16667, 
0, 0, 0, 0, 0, 0, 0, 0, 0, 0, 0, 0, 0, 0, 0, 0, 0, 0, 0, 0, 0, 
0, 0.91553, 0.90854, 0.90855, 0.92166, 0.92132, 0.93739, 0.93915, 
0.94472, 0.9388, 0.94383, 0.94848, 0.91327, 0.91277, 0.90857, 
0.92344, 0.92046, 0.93591, 0.93695, 0.93796, 0.93881, 0.94384, 
0.94792, 0.1471, 0.1688, 0.1923, 0.2272, 0.2484, 0.2929, 0.3185, 
0.3547, 0.3842, 0.4313, 0.4649, 370.3, 401.7, 431.1, 460.4, 482.7, 
510.9, 543.8, 559.7, 581.2, 610.3, 637.8, 1, 1, 1, 1, 1, 1, 1, 
1, 1, 1, 1, 1, 1, 1, 1, 1, 1, 1, 1, 1, 1, 1, 1, 1, 1, 1, 1, 1, 
1, 1, 1, 1, 1, 1, 1, 1, 1, 1, 1, 1, 1, 1, 1, 1, 4.171, 4.389, 
4.584, 4.926, 4.994, 5.66, 5.85, 6.134, 6.373, 6.954, 7.802), .Dim = c(11L, 
40L), .Dimnames = list(NULL, c("Sampling", "PSO.cost", "PSO.gamma", 
"PSO.data.balancing", "PSO.feature.selection", "PSO.valid.acc", 
"PSO.test.acc", "PSO.train.time", "PSO.n.support.vectors", "PSO.index", 
"PSO.n.solutions", "PSO.generations", "PSO.n.evaluations", "PSO.cpu.time", 
"RS.cost", "RS.gamma", "RS.data.balancing", "RS.feature.selection", 
"RS.valid.acc", "RS.test.acc", "RS.train.time", "RS.n.support.vectors", 
"RS.index", "RS.n.solutions", "RS.generations", "RS.n.evaluations", 
"RS.cpu.time", "DF.cost", "DF.gamma", "DF.data.balancing", "DF.feature.selection", 
"DF.valid.acc", "DF.test.acc", "DF.train.time", "DF.n.support.vectors", 
"DF.index", "DF.n.solutions", "DF.generations", "DF.n.evaluations", 
"DF.cpu.time")))
