full <-
structure(c(50, 55, 60, 65, 70, 75, 80, 85, 90, 95, 100, 5.39157, 
8.65196, 4.95872, 7.67993, 6.41946, 5.56311, 3.98273, 5.71502, 
10.2791, 6.02177, 7.96144, -3.94139, -2.96001, -3.38167, -4.30641, 
-3.94994, -3.10833, -2.84133, -3.19761, -3.83299, -3.76784, -5.10836, 
0, 0, 0, 0, 0, 0, 0, 0, 0, 0, 0, 0, 0, 0, 0, 0, 0, 0, 0, 0, 0, 
0, 0.97796, 0.98104, 0.98553, 0.98487, 0.98264, 0.9915, 0.99058, 
0.99386, 0.99422, 0.99633, 0.99769, 0.97563, 0.97265, 0.98452, 
0.98218, 0.98181, 0.98453, 0.98333, 0.98976, 0.9955, 0.99512, 
0.99537, 0.1178, 0.1316, 0.1431, 0.1546, 0.175, 0.2139, 0.2475, 
0.2543, 0.2641, 0.3094, 0.3351, 206.7, 247.2, 248.6, 211.7, 238.3, 
293.8, 343.4, 312.3, 283, 317.4, 286.3, 940, 362, 909, 827, 685, 
378, 246, 585, 402, 1659, 997, 228, 243, 269, 133, 93, 322, 255, 
496, 218, 1340, 70, 100, 100, 100, 100, 100, 100, 100, 100, 100, 
100, 100, 2500, 2500, 2500, 2500, 2500, 2500, 2500, 2500, 2500, 
2500, 2500, 10186.01, 10347.791, 10551.035, 10779.63, 11909.641, 
12264.86, 13005.883, 12999.678, 14816.639, 14465.597, 17284.078, 
5.76287, 6.9431, 4.63988, 12.44749, 12.13675, 7.36421, 4.60126, 
6.17301, 11.33926, 6.80054, 7.9099, -4.11487, -2.96095, -2.99449, 
-4.29489, -3.52567, -2.36511, -2.69934, -3.23911, -3.84078, -3.6524, 
-5.01322, 0, 0, 0, 0, 0, 0, 0, 0, 0, 0, 0, 0, 0, 0, 0, 0, 0, 
0, 0, 0, 0, 0, 0.97565, 0.98104, 0.98456, 0.9831, 0.98178, 0.98996, 
0.98987, 0.99317, 0.99422, 0.99633, 0.99769, 0.97331, 0.97265, 
0.98454, 0.9813, 0.98264, 0.98531, 0.98697, 0.98771, 0.9955, 
0.99512, 0.99537, 0.1058, 0.1328, 0.1536, 0.1587, 0.1809, 0.2392, 
0.2513, 0.251, 0.2653, 0.294, 0.3319, 199.8, 247.1, 266.8, 211.1, 
252.2, 363.9, 344.4, 307.5, 282.8, 309.5, 285.3, 1399, 2164, 
1383, 398, 876, 1601, 242, 67, 291, 114, 1383, 2, 1, 1, 5, 3, 
25, 2, 2, 10, 16, 1, 100, 100, 100, 100, 100, 100, 100, 100, 
100, 100, 100, 2500, 2500, 2500, 2500, 2500, 2500, 2500, 2500, 
2500, 2500, 2500, 10996.072, 11804.382, 12613.447, 13416.405, 
14227.536, 15180.425, 16088.099, 17588.722, 18776.031, 20075.264, 
21611.003, 1, 1, 1, 1, 1, 1, 1, 1, 1, 1, 1, 0.16667, 0.16667, 
0.16667, 0.16667, 0.16667, 0.16667, 0.16667, 0.16667, 0.16667, 
0.16667, 0.16667, 0, 0, 0, 0, 0, 0, 0, 0, 0, 0, 0, 0, 0, 0, 0, 
0, 0, 0, 0, 0, 0, 0, 0.88909, 0.89992, 0.90243, 0.91715, 0.91056, 
0.91807, 0.91815, 0.92839, 0.92784, 0.93652, 0.94678, 0.89601, 
0.90212, 0.90246, 0.91092, 0.91307, 0.91729, 0.92464, 0.92564, 
0.9343, 0.93717, 0.94908, 0.1378, 0.1598, 0.191, 0.214, 0.2431, 
0.2825, 0.3059, 0.3468, 0.385, 0.423, 0.4825, 360.9, 394.6, 424, 
449.5, 474.2, 500.9, 526.1, 555.1, 578.9, 612.2, 641.4, 1, 1, 
1, 1, 1, 1, 1, 1, 1, 1, 1, 1, 1, 1, 1, 1, 1, 1, 1, 1, 1, 1, 1, 
1, 1, 1, 1, 1, 1, 1, 1, 1, 1, 1, 1, 1, 1, 1, 1, 1, 1, 1, 1, 1, 
4.049, 4.261, 4.621, 4.79, 4.96, 5.336, 5.637, 6.052, 6.521, 
6.814, 7.769), .Dim = c(11L, 40L), .Dimnames = list(NULL, c("Sampling", 
"PSO.cost", "PSO.gamma", "PSO.data.balancing", "PSO.feature.selection", 
"PSO.valid.acc", "PSO.test.acc", "PSO.train.time", "PSO.n.support.vectors", 
"PSO.index", "PSO.n.solutions", "PSO.generations", "PSO.n.evaluations", 
"PSO.cpu.time", "RS.cost", "RS.gamma", "RS.data.balancing", "RS.feature.selection", 
"RS.valid.acc", "RS.test.acc", "RS.train.time", "RS.n.support.vectors", 
"RS.index", "RS.n.solutions", "RS.generations", "RS.n.evaluations", 
"RS.cpu.time", "DF.cost", "DF.gamma", "DF.data.balancing", "DF.feature.selection", 
"DF.valid.acc", "DF.test.acc", "DF.train.time", "DF.n.support.vectors", 
"DF.index", "DF.n.solutions", "DF.generations", "DF.n.evaluations", 
"DF.cpu.time")))
