full <-
structure(c(50, 55, 60, 65, 70, 75, 80, 85, 90, 95, 100, 9.42727, 
15, 10.02355, 8.27581, 7.011, 6.91219, 8.39403, 7.92482, 4.29028, 
5.98272, 9.88074, -5.09568, -4.16161, -5.90192, -5.23497, -4.11646, 
-4.0544, -4.58704, -5.0493, -2.6796, -2.09023, -3.10293, 0, 0, 
0, 0, 0, 0, 0, 0, 0, 0, 0, 0, 0, 0, 0, 0, 0, 0, 0, 0, 0, 0, 0.97459, 
0.97264, 0.97786, 0.98571, 0.98844, 0.9884, 0.99277, 0.99317, 
0.99289, 0.99695, 0.99769, 0.96306, 0.96845, 0.97394, 0.97859, 
0.98184, 0.98838, 0.98986, 0.99046, 0.99161, 0.99449, 0.99654, 
0.1133, 0.1231, 0.1584, 0.1574, 0.1771, 0.199, 0.219, 0.2463, 
0.2942, 0.3802, 0.3483, 160, 192.6, 171.8, 194.3, 237.2, 245.8, 
235, 244.2, 371.7, 478, 365.6, 659, 69, 577, 1166, 231, 314, 
724, 720, 741, 340, 182, 723, 986, 90, 43, 814, 774, 69, 62, 
345, 888, 1139, 100, 100, 100, 100, 100, 100, 100, 100, 100, 
100, 100, 2500, 2500, 2500, 2500, 2500, 2500, 2500, 2500, 2500, 
2500, 2500, 10392.814, 9947.656, 10489.922, 10792.439, 11258.665, 
11680.83, 12134.181, 12864.205, 14305.764, 16481.209, 15741.872, 
9.31824, 13.89688, 10.22114, 10.50566, 7.02036, 7.41903, 8.769, 
9.09596, 5.28017, 5.62111, 7.18796, -5.05255, -4.23494, -3.88332, 
-5.65048, -3.96636, -4.3429, -4.67745, -4.66482, -3.31461, -2.22986, 
-3.15421, 0, 0, 0, 0, 0, 0, 0, 0, 0, 0, 0, 0, 0, 0, 0, 0, 0, 
0, 0, 0, 0, 0, 0.97459, 0.97264, 0.97589, 0.98482, 0.98844, 0.98763, 
0.99206, 0.99181, 0.99289, 0.99695, 0.99769, 0.96422, 0.96741, 
0.97199, 0.98304, 0.98184, 0.98762, 0.98986, 0.99047, 0.99354, 
0.99633, 0.99712, 0.1099, 0.1218, 0.14, 0.1745, 0.1814, 0.1976, 
0.2261, 0.2471, 0.277, 0.3719, 0.3472, 160.6, 190.5, 211, 176.6, 
241.2, 236.7, 233.1, 242.4, 324.5, 453.5, 361.2, 242, 1127, 209, 
593, 249, 1189, 427, 2281, 772, 236, 126, 1, 4, 4, 1, 2, 4, 3, 
3, 2, 17, 12, 100, 100, 100, 100, 100, 100, 100, 100, 100, 100, 
100, 2500, 2500, 2500, 2500, 2500, 2500, 2500, 2500, 2500, 2500, 
2500, 11091.496, 11729.1, 12511.788, 13280.021, 14377.673, 15256.424, 
16324.025, 17470.159, 18828.861, 20171.245, 21991.359, 1, 1, 
1, 1, 1, 1, 1, 1, 1, 1, 1, 0.16667, 0.16667, 0.16667, 0.16667, 
0.16667, 0.16667, 0.16667, 0.16667, 0.16667, 0.16667, 0.16667, 
0, 0, 0, 0, 0, 0, 0, 0, 0, 0, 0, 0, 0, 0, 0, 0, 0, 0, 0, 0, 0, 
0, 0.89481, 0.90104, 0.90156, 0.91894, 0.92223, 0.92895, 0.9253, 
0.93457, 0.93623, 0.94442, 0.94332, 0.89704, 0.89258, 0.90155, 
0.91625, 0.92133, 0.92589, 0.92312, 0.93657, 0.94202, 0.94444, 
0.94796, 0.1471, 0.1695, 0.1923, 0.219, 0.2528, 0.2838, 0.316, 
0.3485, 0.3842, 0.4202, 0.4776, 375.5, 401.8, 423.5, 456.1, 488, 
508.4, 531.6, 553.7, 582.1, 611.1, 638.5, 1, 1, 1, 1, 1, 1, 1, 
1, 1, 1, 1, 1, 1, 1, 1, 1, 1, 1, 1, 1, 1, 1, 1, 1, 1, 1, 1, 1, 
1, 1, 1, 1, 1, 1, 1, 1, 1, 1, 1, 1, 1, 1, 1, 1, 4.152, 4.408, 
4.421, 4.881, 5.099, 5.413, 5.715, 6.128, 6.476, 6.865, 7.576
), .Dim = c(11L, 40L), .Dimnames = list(NULL, c("Sampling", "PSO.cost", 
"PSO.gamma", "PSO.data.balancing", "PSO.feature.selection", "PSO.valid.acc", 
"PSO.test.acc", "PSO.train.time", "PSO.n.support.vectors", "PSO.index", 
"PSO.n.solutions", "PSO.generations", "PSO.n.evaluations", "PSO.cpu.time", 
"RS.cost", "RS.gamma", "RS.data.balancing", "RS.feature.selection", 
"RS.valid.acc", "RS.test.acc", "RS.train.time", "RS.n.support.vectors", 
"RS.index", "RS.n.solutions", "RS.generations", "RS.n.evaluations", 
"RS.cpu.time", "DF.cost", "DF.gamma", "DF.data.balancing", "DF.feature.selection", 
"DF.valid.acc", "DF.test.acc", "DF.train.time", "DF.n.support.vectors", 
"DF.index", "DF.n.solutions", "DF.generations", "DF.n.evaluations", 
"DF.cpu.time")))
