full <-
structure(c(50, 55, 60, 65, 70, 75, 80, 85, 90, 95, 100, 11.16687, 
9.25699, 5.15425, 5.91917, 5.77724, 13.16461, 6.08946, 8.85997, 
5.81663, 11.63794, 15, -3.80889, -4.96026, -3.00627, -3.29932, 
-3.35746, -3.2915, -3.45882, -3.71678, -3.3407, -4.61134, -2.08086, 
0, 0, 0, 0, 0, 0, 0, 0, 0, 0, 0, 0, 0, 0, 0, 0, 0, 0, 0, 0, 0, 
0, 0.97352, 0.9748, 0.9798, 0.98664, 0.99004, 0.98917, 0.99348, 
0.99591, 0.99489, 0.99572, 0.99711, 0.96653, 0.96952, 0.97405, 
0.97863, 0.9859, 0.98607, 0.99131, 0.99251, 0.99295, 0.99266, 
0.99711, 0.1161, 0.1311, 0.162, 0.179, 0.1941, 0.2092, 0.2404, 
0.2499, 0.289, 0.3116, 0.4805, 193.1, 169.7, 256.3, 254.5, 263.5, 
270.5, 273.6, 270, 317, 266.3, 505.4, 125, 447, 1160, 611, 1390, 
915, 2050, 42, 1054, 30, 82, 1041, 95, 108, 69, 53, 27, 2, 1052, 
76, 1312, 1511, 100, 100, 100, 100, 100, 100, 100, 100, 100, 
100, 100, 2500, 2500, 2500, 2500, 2500, 2500, 2500, 2500, 2500, 
2500, 2500, 9280.705, 9728.416, 10663.653, 11134.915, 11569.725, 
11815.207, 12680.889, 13072.762, 13968.921, 14317.988, 18547.464, 
10.16592, 14.17101, 5.14861, 6.02315, 5.43712, 7.46719, 6.09749, 
11.30979, 7.39084, 11.71137, 10.01382, -3.80229, -3.69851, -2.90947, 
-3.30538, -3.19462, -3.22224, -3.50317, -3.70769, -3.27111, -4.72441, 
-2.18478, 0, 0, 0, 0, 0, 0, 0, 0, 0, 0, 0, 0, 0, 0, 0, 0, 0, 
0, 0, 0, 0, 0, 0.97352, 0.97478, 0.97883, 0.98575, 0.98921, 0.9884, 
0.99276, 0.99591, 0.99488, 0.99572, 0.99711, 0.96653, 0.96955, 
0.97307, 0.97863, 0.98672, 0.98684, 0.99131, 0.99251, 0.99229, 
0.99205, 0.99711, 0.1144, 0.1328, 0.163, 0.1805, 0.203, 0.2207, 
0.2381, 0.2577, 0.287, 0.3173, 0.4619, 193.3, 209.1, 261, 254.6, 
274.1, 274.7, 272.4, 270.8, 318.5, 264.1, 485.4, 88, 736, 1328, 
110, 376, 400, 2325, 1052, 293, 705, 332, 3, 2, 1, 10, 10, 11, 
1, 3, 9, 3, 26, 100, 100, 100, 100, 100, 100, 100, 100, 100, 
100, 100, 2500, 2500, 2500, 2500, 2500, 2500, 2500, 2500, 2500, 
2500, 2500, 11086.081, 12102.802, 13049.169, 14135.283, 14814.524, 
15972.645, 17200.14, 18380.511, 20029.858, 21282.249, 23751.053, 
1, 1, 1, 1, 1, 1, 1, 1, 1, 1, 1, 0.16667, 0.16667, 0.16667, 0.16667, 
0.16667, 0.16667, 0.16667, 0.16667, 0.16667, 0.16667, 0.16667, 
0, 0, 0, 0, 0, 0, 0, 0, 0, 0, 0, 0, 0, 0, 0, 0, 0, 0, 0, 0, 0, 
0, 0.89477, 0.89898, 0.90354, 0.90909, 0.91639, 0.9251, 0.92681, 
0.92775, 0.93686, 0.93471, 0.94677, 0.89253, 0.90106, 0.89971, 
0.90824, 0.91305, 0.92664, 0.9268, 0.92228, 0.93683, 0.93836, 
0.94735, 0.153, 0.182, 0.218, 0.2518, 0.2864, 0.3194, 0.3365, 
0.3598, 0.4068, 0.4801, 0.5406, 345.6, 371.4, 412.3, 440.4, 465.8, 
487.9, 516, 544.4, 582.5, 608, 641.6, 1, 1, 1, 1, 1, 1, 1, 1, 
1, 1, 1, 1, 1, 1, 1, 1, 1, 1, 1, 1, 1, 1, 1, 1, 1, 1, 1, 1, 1, 
1, 1, 1, 1, 1, 1, 1, 1, 1, 1, 1, 1, 1, 1, 1, 4.028, 4.373, 4.767, 
5.06, 5.436, 5.776, 5.855, 5.97, 6.512, 7.4, 8.13), .Dim = c(11L, 
40L), .Dimnames = list(NULL, c("Sampling", "PSO.cost", "PSO.gamma", 
"PSO.data.balancing", "PSO.feature.selection", "PSO.valid.acc", 
"PSO.test.acc", "PSO.train.time", "PSO.n.support.vectors", "PSO.index", 
"PSO.n.solutions", "PSO.generations", "PSO.n.evaluations", "PSO.cpu.time", 
"RS.cost", "RS.gamma", "RS.data.balancing", "RS.feature.selection", 
"RS.valid.acc", "RS.test.acc", "RS.train.time", "RS.n.support.vectors", 
"RS.index", "RS.n.solutions", "RS.generations", "RS.n.evaluations", 
"RS.cpu.time", "DF.cost", "DF.gamma", "DF.data.balancing", "DF.feature.selection", 
"DF.valid.acc", "DF.test.acc", "DF.train.time", "DF.n.support.vectors", 
"DF.index", "DF.n.solutions", "DF.generations", "DF.n.evaluations", 
"DF.cpu.time")))
