full <-
structure(c(50, 55, 60, 65, 70, 75, 80, 85, 90, 95, 100, 6.86442, 
4.97231, 7.67562, 6.20187, 7.5804, 15, 7.08974, 9.32616, 6.55686, 
7.94995, 8.25073, -4.00393, -3.05802, -4.25667, -3.27522, -4.41022, 
-3.60875, -3.61941, -3.83357, -3.45087, -4.42815, -3.29777, 0, 
0, 0, 0, 0, 0, 0, 0, 0, 0, 0, 0, 0, 0, 0, 0, 0, 0, 0, 0, 0, 0, 
0.97799, 0.98005, 0.98458, 0.98484, 0.99009, 0.99001, 0.99133, 
0.99727, 0.9955, 0.99635, 0.99538, 0.96874, 0.96635, 0.98264, 
0.98125, 0.99008, 0.98919, 0.98768, 0.9959, 0.9942, 0.99451, 
0.99595, 0.1144, 0.1347, 0.1446, 0.1673, 0.1803, 0.2097, 0.2288, 
0.2478, 0.2751, 0.2944, 0.3395, 199.2, 253.1, 214, 269.9, 233.8, 
273.6, 281.1, 276.4, 312.1, 277.6, 347.7, 560, 739, 874, 13, 
1327, 209, 100, 54, 64, 126, 61, 138, 578, 274, 137, 82, 1358, 
1381, 999, 915, 632, 740, 100, 100, 100, 100, 100, 100, 100, 
100, 100, 100, 100, 2500, 2500, 2500, 2500, 2500, 2500, 2500, 
2500, 2500, 2500, 2500, 10249.862, 10229.424, 10336.011, 11047.746, 
11453.139, 12031.976, 12372.833, 12941.788, 13938.416, 14301.246, 
15918.039, 6.65993, 4.94401, 8.2574, 7.85845, 9.25443, 14.16599, 
8.0337, 10.9525, 10.12906, 7.62768, 5.54259, -3.85023, -3.01012, 
-4.8564, -3.42835, -4.18733, -3.59336, -3.48421, -3.90237, -3.45657, 
-4.39508, -2.75725, 0, 0, 0, 0, 0, 0, 0, 0, 0, 0, 0, 0, 0, 0, 
0, 0, 0, 0, 0, 0, 0, 0, 0.97799, 0.98005, 0.98265, 0.98483, 0.99008, 
0.99001, 0.99133, 0.99727, 0.9955, 0.99635, 0.99538, 0.96757, 
0.96739, 0.98167, 0.98125, 0.99008, 0.98919, 0.98841, 0.9959, 
0.9942, 0.99451, 0.99538, 0.1092, 0.1355, 0.1487, 0.1717, 0.187, 
0.2108, 0.2349, 0.2494, 0.2777, 0.2956, 0.3581, 204, 256.1, 201.8, 
262.6, 237, 273.6, 286.4, 273.9, 310.1, 280.3, 397.1, 1320, 1528, 
23, 312, 1334, 852, 69, 129, 30, 639, 38, 1, 1, 7, 11, 5, 5, 
25, 13, 29, 3, 18, 100, 100, 100, 100, 100, 100, 100, 100, 100, 
100, 100, 2500, 2500, 2500, 2500, 2500, 2500, 2500, 2500, 2500, 
2500, 2500, 10995.225, 11784.958, 12630.975, 13491.435, 14444.198, 
15427.227, 16467.787, 17817.843, 18669.666, 19875.906, 21585.212, 
1, 1, 1, 1, 1, 1, 1, 1, 1, 1, 1, 0.16667, 0.16667, 0.16667, 0.16667, 
0.16667, 0.16667, 0.16667, 0.16667, 0.16667, 0.16667, 0.16667, 
0, 0, 0, 0, 0, 0, 0, 0, 0, 0, 0, 0, 0, 0, 0, 0, 0, 0, 0, 0, 0, 
0, 0.88195, 0.90323, 0.90257, 0.89929, 0.90969, 0.92267, 0.92679, 
0.93314, 0.93044, 0.94381, 0.94732, 0.8866, 0.90218, 0.91029, 
0.90639, 0.9155, 0.93114, 0.92683, 0.93664, 0.92916, 0.9371, 
0.94328, 0.1461, 0.1727, 0.1945, 0.2296, 0.2512, 0.2848, 0.3147, 
0.3612, 0.3824, 0.4346, 0.4706, 371.1, 398.5, 428.2, 459.4, 485.5, 
515.7, 537.6, 563.3, 580.3, 609.5, 638.1, 1, 1, 1, 1, 1, 1, 1, 
1, 1, 1, 1, 1, 1, 1, 1, 1, 1, 1, 1, 1, 1, 1, 1, 1, 1, 1, 1, 1, 
1, 1, 1, 1, 1, 1, 1, 1, 1, 1, 1, 1, 1, 1, 1, 1, 4.062, 4.351, 
4.651, 4.92, 5.164, 5.407, 5.75, 6.236, 6.858, 6.945, 7.457), .Dim = c(11L, 
40L), .Dimnames = list(NULL, c("Sampling", "PSO.cost", "PSO.gamma", 
"PSO.data.balancing", "PSO.feature.selection", "PSO.valid.acc", 
"PSO.test.acc", "PSO.train.time", "PSO.n.support.vectors", "PSO.index", 
"PSO.n.solutions", "PSO.generations", "PSO.n.evaluations", "PSO.cpu.time", 
"RS.cost", "RS.gamma", "RS.data.balancing", "RS.feature.selection", 
"RS.valid.acc", "RS.test.acc", "RS.train.time", "RS.n.support.vectors", 
"RS.index", "RS.n.solutions", "RS.generations", "RS.n.evaluations", 
"RS.cpu.time", "DF.cost", "DF.gamma", "DF.data.balancing", "DF.feature.selection", 
"DF.valid.acc", "DF.test.acc", "DF.train.time", "DF.n.support.vectors", 
"DF.index", "DF.n.solutions", "DF.generations", "DF.n.evaluations", 
"DF.cpu.time")))
