full <-
structure(c(50, 55, 60, 65, 70, 75, 80, 85, 90, 95, 100, 8.67013, 
7.57875, 6.06191, 7.06848, 6.71019, 5.76405, 8.19093, 5.66836, 
8.8808, 7.76048, 5.24845, -5.03237, -4.45535, -3.39431, -4.32424, 
-4.49955, -3.96344, -4.63197, -3.20992, -3.57468, -2.49379, -3.10163, 
0, 0, 0, 0, 0, 0, 0, 0, 0, 0, 0, 0, 0, 0, 0, 0, 0, 0, 0, 0, 0, 
0, 0.97565, 0.97895, 0.98646, 0.98925, 0.9876, 0.99076, 0.99061, 
0.99385, 0.9942, 0.99756, 0.99769, 0.96524, 0.9758, 0.98164, 
0.98658, 0.9793, 0.98999, 0.98843, 0.99318, 0.99356, 0.99695, 
0.99536, 0.11, 0.1219, 0.1411, 0.1594, 0.1697, 0.2006, 0.2192, 
0.25, 0.262, 0.3411, 0.3469, 163.9, 194.1, 239.2, 216.2, 230.7, 
262.3, 232.4, 307.1, 294.9, 406.8, 371.7, 382, 12, 966, 127, 
977, 1002, 1013, 1767, 28, 117, 412, 336, 256, 67, 547, 80, 111, 
168, 12, 1413, 824, 97, 100, 100, 100, 100, 100, 100, 100, 100, 
100, 100, 100, 2500, 2500, 2500, 2500, 2500, 2500, 2500, 2500, 
2500, 2500, 2500, 10031.954, 9843.187, 10513.357, 10641.463, 
11264.163, 11670.658, 12106.141, 13014.241, 13502.35, 15256.465, 
15397.923, 8.39198, 7.47633, 10.07528, 7.18259, 7.15434, 6.47732, 
8.353, 11.22317, 14.9662, 12.43695, 5.30635, -4.92006, -4.38609, 
-3.4738, -4.13496, -4.6879, -4.08289, -4.73523, -3.2078, -3.54269, 
-2.52489, -3.0669, 0, 0, 0, 0, 0, 0, 0, 0, 0, 0, 0, 0, 0, 0, 
0, 0, 0, 0, 0, 0, 0, 0, 0.97331, 0.97895, 0.98452, 0.98836, 0.98594, 
0.99074, 0.98988, 0.99248, 0.9942, 0.99756, 0.99769, 0.96756, 
0.9758, 0.98261, 0.98569, 0.98096, 0.99076, 0.98843, 0.99386, 
0.99356, 0.99695, 0.99536, 0.1055, 0.1205, 0.1437, 0.1606, 0.1769, 
0.1952, 0.2159, 0.2529, 0.2626, 0.3357, 0.3439, 166.6, 196, 231.3, 
219, 224.6, 247.9, 229.5, 302.8, 296.6, 403.3, 373.6, 428, 1436, 
1235, 37, 566, 169, 594, 355, 15, 217, 94, 1, 1, 5, 2, 2, 2, 
2, 33, 25, 5, 1, 100, 100, 100, 100, 100, 100, 100, 100, 100, 
100, 100, 2500, 2500, 2500, 2500, 2500, 2500, 2500, 2500, 2500, 
2500, 2500, 11049.572, 11856.363, 12517.448, 13280.751, 14135.795, 
15241.129, 16435.56, 17381.678, 18543.563, 19970.505, 21616.552, 
1, 1, 1, 1, 1, 1, 1, 1, 1, 1, 1, 0.16667, 0.16667, 0.16667, 0.16667, 
0.16667, 0.16667, 0.16667, 0.16667, 0.16667, 0.16667, 0.16667, 
0, 0, 0, 0, 0, 0, 0, 0, 0, 0, 0, 0, 0, 0, 0, 0, 0, 0, 0, 0, 0, 
0, 0.88993, 0.89586, 0.90744, 0.90459, 0.92464, 0.93432, 0.93408, 
0.9373, 0.94587, 0.94506, 0.94098, 0.89229, 0.89375, 0.89872, 
0.91082, 0.92468, 0.93284, 0.93626, 0.93726, 0.9491, 0.94387, 
0.94271, 0.1427, 0.1681, 0.1935, 0.2249, 0.2495, 0.283, 0.3129, 
0.3485, 0.3783, 0.4244, 0.4731, 369.4, 407, 434.6, 460.6, 479.8, 
505.6, 526.3, 553.4, 577.1, 600.6, 639.4, 1, 1, 1, 1, 1, 1, 1, 
1, 1, 1, 1, 1, 1, 1, 1, 1, 1, 1, 1, 1, 1, 1, 1, 1, 1, 1, 1, 1, 
1, 1, 1, 1, 1, 1, 1, 1, 1, 1, 1, 1, 1, 1, 1, 1, 4.096, 4.406, 
4.561, 4.798, 5.113, 5.337, 5.759, 6.132, 6.39, 6.942, 7.371), .Dim = c(11L, 
40L), .Dimnames = list(NULL, c("Sampling", "PSO.cost", "PSO.gamma", 
"PSO.data.balancing", "PSO.feature.selection", "PSO.valid.acc", 
"PSO.test.acc", "PSO.train.time", "PSO.n.support.vectors", "PSO.index", 
"PSO.n.solutions", "PSO.generations", "PSO.n.evaluations", "PSO.cpu.time", 
"RS.cost", "RS.gamma", "RS.data.balancing", "RS.feature.selection", 
"RS.valid.acc", "RS.test.acc", "RS.train.time", "RS.n.support.vectors", 
"RS.index", "RS.n.solutions", "RS.generations", "RS.n.evaluations", 
"RS.cpu.time", "DF.cost", "DF.gamma", "DF.data.balancing", "DF.feature.selection", 
"DF.valid.acc", "DF.test.acc", "DF.train.time", "DF.n.support.vectors", 
"DF.index", "DF.n.solutions", "DF.generations", "DF.n.evaluations", 
"DF.cpu.time")))
