full <-
structure(c(50, 55, 60, 65, 70, 75, 80, 85, 90, 95, 100, 9.21654, 
12.08365, 12.98669, 5.3486, 3.7345, 15, 15, 7.41748, 6.51329, 
10.97815, 15, -5.27589, -4.63692, -2.94791, -3.53892, -2.17594, 
-3.69335, -3.89419, -4.4982, -2.32736, -2.72685, -4.64397, 0, 
0, 0, 0, 0, 0, 0, 0, 0, 0, 0, 0, 0, 0, 0, 0, 0, 0, 0, 0, 0, 0, 
0.97225, 0.98211, 0.98069, 0.98487, 0.98183, 0.98842, 0.99349, 
0.99659, 0.99421, 0.99634, 0.99827, 0.97227, 0.97686, 0.98072, 
0.9804, 0.9785, 0.98611, 0.99129, 0.99387, 0.99163, 0.99389, 
0.99827, 0.105, 0.1251, 0.1497, 0.1661, 0.2201, 0.1976, 0.2189, 
0.2417, 0.317, 0.3254, 0.3271, 157.5, 177.4, 264, 252.4, 368.7, 
254.3, 258.5, 256.5, 416.2, 385.3, 274.6, 1475, 110, 132, 570, 
1745, 34, 49, 280, 77, 41, 86, 80, 676, 270, 354, 2, 1202, 1496, 
379, 1004, 1316, 896, 100, 100, 100, 100, 100, 100, 100, 100, 
100, 100, 100, 2500, 2500, 2500, 2500, 2500, 2500, 2500, 2500, 
2500, 2500, 2500, 10741.738, 9981.95, 10635.037, 11018.095, 12920.171, 
11839.636, 12257.945, 12820.229, 15119.495, 14996.283, 14731.315, 
9.28055, 11.79689, 6.13155, 5.15667, 6.87901, 10.76782, 8.60446, 
8.37015, 11.58689, 12.97263, 5.82127, -5.25638, -4.60544, -3.85358, 
-3.39804, -1.98605, -3.7782, -3.97151, -4.75901, -2.28644, -2.77789, 
-3.26123, 0, 0, 0, 0, 0, 0, 0, 0, 0, 0, 0, 0, 0, 0, 0, 0, 0, 
0, 0, 0, 0, 0, 0.97225, 0.98211, 0.98069, 0.98397, 0.981, 0.98842, 
0.99349, 0.99591, 0.99421, 0.99634, 0.99827, 0.97112, 0.97581, 
0.98264, 0.9804, 0.98016, 0.98611, 0.99129, 0.99389, 0.99163, 
0.9945, 0.99827, 0.1121, 0.1233, 0.1388, 0.1595, 0.2332, 0.1928, 
0.2176, 0.2464, 0.3264, 0.3233, 0.3312, 158, 178.3, 220.3, 260.4, 
389.6, 250.7, 254.8, 243.8, 422.7, 379.3, 353.3, 1961, 1543, 
146, 99, 1339, 147, 178, 475, 147, 369, 2446, 1, 3, 2, 3, 3, 
10, 21, 5, 10, 13, 13, 100, 100, 100, 100, 100, 100, 100, 100, 
100, 100, 100, 2500, 2500, 2500, 2500, 2500, 2500, 2500, 2500, 
2500, 2500, 2500, 10884.697, 11721.247, 12352.171, 13403.483, 
14138.679, 15189.631, 16550.953, 17556.851, 18798.195, 19977.656, 
21803.819, 1, 1, 1, 1, 1, 1, 1, 1, 1, 1, 1, 0.16667, 0.16667, 
0.16667, 0.16667, 0.16667, 0.16667, 0.16667, 0.16667, 0.16667, 
0.16667, 0.16667, 0, 0, 0, 0, 0, 0, 0, 0, 0, 0, 0, 0, 0, 0, 0, 
0, 0, 0, 0, 0, 0, 0, 0.89126, 0.89486, 0.91506, 0.90555, 0.91724, 
0.92813, 0.9297, 0.93587, 0.93944, 0.94198, 0.94501, 0.90279, 
0.89913, 0.9131, 0.90378, 0.92637, 0.9266, 0.93112, 0.93585, 
0.93626, 0.94623, 0.94851, 0.1411, 0.1601, 0.1843, 0.2117, 0.2444, 
0.2769, 0.312, 0.35, 0.3812, 0.4278, 0.4612, 359.9, 391.9, 414.5, 
442.3, 470.8, 505.1, 534.2, 564.4, 586.1, 609.8, 639.8, 1, 1, 
1, 1, 1, 1, 1, 1, 1, 1, 1, 1, 1, 1, 1, 1, 1, 1, 1, 1, 1, 1, 1, 
1, 1, 1, 1, 1, 1, 1, 1, 1, 1, 1, 1, 1, 1, 1, 1, 1, 1, 1, 1, 1, 
4.143, 4.253, 4.491, 4.673, 5.054, 5.384, 5.724, 6.029, 6.47, 
6.883, 7.261), .Dim = c(11L, 40L), .Dimnames = list(NULL, c("Sampling", 
"PSO.cost", "PSO.gamma", "PSO.data.balancing", "PSO.feature.selection", 
"PSO.valid.acc", "PSO.test.acc", "PSO.train.time", "PSO.n.support.vectors", 
"PSO.index", "PSO.n.solutions", "PSO.generations", "PSO.n.evaluations", 
"PSO.cpu.time", "RS.cost", "RS.gamma", "RS.data.balancing", "RS.feature.selection", 
"RS.valid.acc", "RS.test.acc", "RS.train.time", "RS.n.support.vectors", 
"RS.index", "RS.n.solutions", "RS.generations", "RS.n.evaluations", 
"RS.cpu.time", "DF.cost", "DF.gamma", "DF.data.balancing", "DF.feature.selection", 
"DF.valid.acc", "DF.test.acc", "DF.train.time", "DF.n.support.vectors", 
"DF.index", "DF.n.solutions", "DF.generations", "DF.n.evaluations", 
"DF.cpu.time")))
