full <-
structure(c(50, 55, 60, 65, 70, 75, 80, 85, 90, 95, 100, 10.31805, 
5.47681, 8.51752, 6.29672, 6.44874, 5.29019, 15, 7.7211, 7.5832, 
6.89728, 5.37609, -6.06424, -3.43862, -4.55929, -3.67285, -3.55746, 
-2.63841, -4.48424, -2.65008, -4.74959, -3.75448, -2.77646, 0, 
0, 0, 0, 0, 0, 0, 0, 0, 0, 0, 0, 0, 0, 0, 0, 0, 0, 0, 0, 0, 0, 
0.97803, 0.98103, 0.98645, 0.98574, 0.99008, 0.99074, 0.99418, 
0.99523, 0.99292, 0.99635, 0.99537, 0.96987, 0.97359, 0.98459, 
0.9893, 0.98839, 0.98996, 0.99199, 0.99455, 0.98969, 0.99391, 
0.99536, 0.1244, 0.1365, 0.1528, 0.1824, 0.1974, 0.2516, 0.2413, 
0.301, 0.2852, 0.3118, 0.3834, 152.2, 230.9, 197.8, 249.9, 263.4, 
342.4, 241.8, 371.6, 269.4, 306.6, 398.5, 347, 841, 601, 493, 
1006, 137, 111, 65, 485, 1737, 65, 204, 41, 209, 221, 101, 1203, 
1230, 1047, 252, 682, 1363, 100, 100, 100, 100, 100, 100, 100, 
100, 100, 100, 100, 2500, 2500, 2500, 2500, 2500, 2500, 2500, 
2500, 2500, 2500, 2500, 9840.198, 10846.022, 10570.163, 11426.63, 
12312.106, 13265.657, 13041.186, 14635.449, 14495.109, 15315.294, 
16972.424, 6.54314, 6.27159, 8.36267, 5.49284, 6.52966, 7.70856, 
13.18197, 7.32086, 8.48331, 7.68253, 12.91151, -4.05194, -3.78233, 
-4.57924, -3.37914, -3.60632, -2.50693, -4.86834, -2.6998, -5.00778, 
-3.7904, -2.76607, 0, 0, 0, 0, 0, 0, 0, 0, 0, 0, 0, 0, 0, 0, 
0, 0, 0, 0, 0, 0, 0, 0, 0.97573, 0.97996, 0.98549, 0.98573, 0.99008, 
0.99074, 0.99418, 0.99523, 0.99291, 0.99635, 0.99537, 0.97454, 
0.97781, 0.98458, 0.98751, 0.98839, 0.98841, 0.99199, 0.99455, 
0.99034, 0.99391, 0.99536, 0.1138, 0.1361, 0.1584, 0.19, 0.2019, 
0.2542, 0.2339, 0.2956, 0.2915, 0.3101, 0.3817, 193.5, 215.3, 
196.4, 267.2, 260.3, 356.4, 229.2, 366.8, 255.1, 303, 399.3, 
1358, 2434, 1938, 2030, 1294, 12, 58, 408, 1386, 148, 493, 1, 
1, 1, 1, 1, 18, 21, 5, 2, 9, 6, 100, 100, 100, 100, 100, 100, 
100, 100, 100, 100, 100, 2500, 2500, 2500, 2500, 2500, 2500, 
2500, 2500, 2500, 2500, 2500, 11306.311, 12143.174, 13269.222, 
14731.309, 15697.608, 16647.184, 17788.315, 19304.949, 20452.635, 
21927.533, 23355.702, 1, 1, 1, 1, 1, 1, 1, 1, 1, 1, 1, 0.16667, 
0.16667, 0.16667, 0.16667, 0.16667, 0.16667, 0.16667, 0.16667, 
0.16667, 0.16667, 0.16667, 0, 0, 0, 0, 0, 0, 0, 0, 0, 0, 0, 0, 
0, 0, 0, 0, 0, 0, 0, 0, 0, 0, 0.89585, 0.90749, 0.91309, 0.9153, 
0.92799, 0.92893, 0.93331, 0.93457, 0.93109, 0.94749, 0.94384, 
0.89809, 0.90528, 0.90634, 0.90729, 0.92055, 0.93203, 0.93765, 
0.9325, 0.92982, 0.9469, 0.94441, 0.1488, 0.1699, 0.1954, 0.2493, 
0.2931, 0.3105, 0.3524, 0.3927, 0.4277, 0.4755, 0.5164, 362.6, 
389.3, 413, 447.7, 488.5, 521, 540.3, 573.6, 589.3, 616.8, 639.8, 
1, 1, 1, 1, 1, 1, 1, 1, 1, 1, 1, 1, 1, 1, 1, 1, 1, 1, 1, 1, 1, 
1, 1, 1, 1, 1, 1, 1, 1, 1, 1, 1, 1, 1, 1, 1, 1, 1, 1, 1, 1, 1, 
1, 1, 4.12, 4.232, 4.501, 5.298, 5.769, 5.803, 6.347, 6.77, 7.065, 
7.595, 8.006), .Dim = c(11L, 40L), .Dimnames = list(NULL, c("Sampling", 
"PSO.cost", "PSO.gamma", "PSO.data.balancing", "PSO.feature.selection", 
"PSO.valid.acc", "PSO.test.acc", "PSO.train.time", "PSO.n.support.vectors", 
"PSO.index", "PSO.n.solutions", "PSO.generations", "PSO.n.evaluations", 
"PSO.cpu.time", "RS.cost", "RS.gamma", "RS.data.balancing", "RS.feature.selection", 
"RS.valid.acc", "RS.test.acc", "RS.train.time", "RS.n.support.vectors", 
"RS.index", "RS.n.solutions", "RS.generations", "RS.n.evaluations", 
"RS.cpu.time", "DF.cost", "DF.gamma", "DF.data.balancing", "DF.feature.selection", 
"DF.valid.acc", "DF.test.acc", "DF.train.time", "DF.n.support.vectors", 
"DF.index", "DF.n.solutions", "DF.generations", "DF.n.evaluations", 
"DF.cpu.time")))
