full <-
structure(c(50, 55, 60, 65, 70, 75, 80, 85, 90, 95, 100, 3.84313, 
3.96457, 11.01267, 4.17156, 4.97341, 6.04646, 3.29326, 11.70897, 
8.6702, 14.8502, 13.21945, -2.8088, -2.49464, -1.94469, -3.10819, 
-3.05265, -4.20803, -1.98388, -5.93662, -3.46792, -3.84732, -3.90271, 
0, 0, 0, 0, 0, 0, 0, 0, 0, 0, 0, 0, 0, 0, 0, 0, 0, 0, 0, 0, 0, 
0, 0.98268, 0.98215, 0.9836, 0.98842, 0.99337, 0.98917, 0.99057, 
0.99254, 0.99419, 0.99634, 0.99653, 0.97804, 0.97479, 0.97967, 
0.98486, 0.9884, 0.9884, 0.9877, 0.99116, 0.99161, 0.99207, 0.9948, 
0.1382, 0.1605, 0.1957, 0.1867, 0.2035, 0.2326, 0.3519, 0.314, 
0.3056, 0.3271, 0.3607, 267.6, 297.9, 352.3, 295.7, 291.5, 269.2, 
445.6, 212.6, 313.5, 301.3, 313.6, 964, 123, 32, 1770, 1156, 
1873, 1275, 601, 33, 63, 184, 29, 341, 1522, 3, 49, 2, 14, 50, 
1312, 1408, 1143, 100, 100, 100, 100, 100, 100, 100, 100, 100, 
100, 100, 2500, 2500, 2500, 2500, 2500, 2500, 2500, 2500, 2500, 
2500, 2500, 9901.515, 10184.477, 11456.673, 10754.729, 11491.297, 
12301.642, 15776.69, 14321.726, 14659.944, 15201.888, 16119.435, 
14.77832, 10.51908, 8.09361, 12.65644, 4.95968, 7.87748, 3.24256, 
7.73557, 12.20208, 10.97127, 14.23562, -1.97339, -2.62961, -1.84011, 
-3.98389, -3.03893, -4.13884, -1.80726, -4.86578, -3.5162, -3.74873, 
-3.84409, 0, 0, 0, 0, 0, 0, 0, 0, 0, 0, 0, 0, 0, 0, 0, 0, 0, 
0, 0, 0, 0, 0, 0.98156, 0.98214, 0.9836, 0.98665, 0.99337, 0.9884, 
0.99057, 0.99253, 0.99419, 0.99634, 0.99653, 0.9815, 0.97479, 
0.9787, 0.98752, 0.98758, 0.98611, 0.98553, 0.99251, 0.99161, 
0.99269, 0.9948, 0.146, 0.1605, 0.2085, 0.1811, 0.206, 0.2329, 
0.3662, 0.2789, 0.3011, 0.3354, 0.3677, 319, 281.2, 365.9, 230.3, 
292, 248.6, 471.1, 254.4, 311, 307.1, 316, 327, 67, 61, 9, 68, 
478, 1539, 826, 41, 11, 530, 13, 26, 19, 34, 1, 19, 1, 6, 18, 
31, 10, 100, 100, 100, 100, 100, 100, 100, 100, 100, 100, 100, 
2500, 2500, 2500, 2500, 2500, 2500, 2500, 2500, 2500, 2500, 2500, 
10912.246, 11738.44, 12608.805, 13998.995, 15100.583, 16966.837, 
18222.091, 19291.319, 20606.877, 21947.722, 23675.156, 1, 1, 
1, 1, 1, 1, 1, 1, 1, 1, 1, 0.16667, 0.16667, 0.16667, 0.16667, 
0.16667, 0.16667, 0.16667, 0.16667, 0.16667, 0.16667, 0.16667, 
0, 0, 0, 0, 0, 0, 0, 0, 0, 0, 0, 0, 0, 0, 0, 0, 0, 0, 0, 0, 0, 
0, 0.90163, 0.90857, 0.91316, 0.91808, 0.92471, 0.93358, 0.93694, 
0.93662, 0.94268, 0.94503, 0.94156, 0.90265, 0.89915, 0.91597, 
0.9226, 0.92476, 0.92971, 0.93042, 0.92702, 0.94136, 0.94627, 
0.94213, 0.1667, 0.1741, 0.2096, 0.2503, 0.2654, 0.3293, 0.373, 
0.3851, 0.4262, 0.5079, 0.5171, 374, 396.1, 423.1, 452.2, 480.2, 
502.5, 536.4, 559.6, 594.6, 613.4, 638.3, 1, 1, 1, 1, 1, 1, 1, 
1, 1, 1, 1, 1, 1, 1, 1, 1, 1, 1, 1, 1, 1, 1, 1, 1, 1, 1, 1, 1, 
1, 1, 1, 1, 1, 1, 1, 1, 1, 1, 1, 1, 1, 1, 1, 1, 4.2, 4.065, 4.555, 
5.068, 5.105, 5.995, 6.472, 6.415, 6.781, 7.866, 7.768), .Dim = c(11L, 
40L), .Dimnames = list(NULL, c("Sampling", "PSO.cost", "PSO.gamma", 
"PSO.data.balancing", "PSO.feature.selection", "PSO.valid.acc", 
"PSO.test.acc", "PSO.train.time", "PSO.n.support.vectors", "PSO.index", 
"PSO.n.solutions", "PSO.generations", "PSO.n.evaluations", "PSO.cpu.time", 
"RS.cost", "RS.gamma", "RS.data.balancing", "RS.feature.selection", 
"RS.valid.acc", "RS.test.acc", "RS.train.time", "RS.n.support.vectors", 
"RS.index", "RS.n.solutions", "RS.generations", "RS.n.evaluations", 
"RS.cpu.time", "DF.cost", "DF.gamma", "DF.data.balancing", "DF.feature.selection", 
"DF.valid.acc", "DF.test.acc", "DF.train.time", "DF.n.support.vectors", 
"DF.index", "DF.n.solutions", "DF.generations", "DF.n.evaluations", 
"DF.cpu.time")))
