full <-
structure(c(50, 55, 60, 65, 70, 75, 80, 85, 90, 95, 100, 6.37433, 
6.77637, 3.21804, 0.86183, 2.17486, 1.54279, 2.50298, 0.5554, 
0.65609, -0.25804, 0.74371, -6.4386, -11.19885, -6.94816, -7.80241, 
-5.14688, -5.33567, -6.2424, -4.47337, -4.67991, -5.2349, -5.19747, 
0, 0, 0, 0, 0, 0, 0, 0, 0, 0, 0, 0, 0, 0, 0, 0, 0, 0, 0, 0, 0, 
0, 0.64111, 0.65884, 0.62221, 0.58785, 0.62766, 0.64065, 0.64195, 
0.66545, 0.63225, 0.62479, 0.64596, 0.57916, 0.65606, 0.57925, 
0.55149, 0.61227, 0.62382, 0.60483, 0.62338, 0.63006, 0.60246, 
0.63925, 0.0277, 0.0264, 0.0282, 0.029, 0.0368, 0.0363, 0.0364, 
0.042, 0.0449, 0.044, 0.0446, 72.9, 78.1, 87.6, 99.5, 105.4, 
112.5, 118, 128.7, 137.2, 145.8, 148.9, 114, 371, 1156, 240, 
42, 755, 677, 892, 1626, 544, 354, 292, 100, 50, 56, 692, 51, 
383, 124, 86, 58, 103, 100, 100, 100, 100, 100, 100, 100, 100, 
100, 100, 100, 2500, 2500, 2500, 2500, 2500, 2500, 2500, 2500, 
2500, 2500, 2500, 6405.604, 6638.634, 7481.686, 7891.26, 8598.707, 
8917.25799999999, 8931.342, 9009.658, 8805.398, 8819.611, 8877.36599999998, 
14.61979, 6.10873, 3.56282, 0.39282, 2.15366, 0.27521, 2.34627, 
0.39486, 0.60588, 0.9457, 0.52826, -6.44912, -10.5856, -7.06024, 
-7.23086, -5.04067, -4.49006, -6.13595, -4.32504, -4.71545, -7.12187, 
-4.91454, 0, 0, 0, 0, 0, 0, 0, 0, 0, 0, 0, 0, 0, 0, 0, 0, 0, 
0, 0, 0, 0, 0, 0.64111, 0.65884, 0.61312, 0.58785, 0.62766, 0.63231, 
0.63528, 0.64805, 0.626, 0.62327, 0.6407, 0.57916, 0.64697, 0.5871, 
0.56967, 0.61941, 0.61002, 0.59816, 0.61713, 0.62894, 0.61246, 
0.65562, 0.0265, 0.0277, 0.0316, 0.0343, 0.0364, 0.0378, 0.0356, 
0.0412, 0.0439, 0.0414, 0.0484, 72.9, 78.2, 87.3, 99.5, 105.3, 
113.1, 118.5, 129.2, 137.1, 143.7, 149.7, 216, 2064, 34, 2366, 
110, 2121, 2147, 642, 2074, 100, 141, 6, 1, 1, 1, 1, 1, 1, 1, 
1, 9, 1, 100, 100, 100, 100, 100, 100, 100, 100, 100, 100, 100, 
2500, 2500, 2500, 2500, 2500, 2500, 2500, 2500, 2500, 2500, 2500, 
6342.887, 6849.405, 7567.372, 8408.354, 8678.355, 8935.31999999999, 
8972.625, 8964.27799999999, 8832.766, 8890.29599999997, 8909.15700000001, 
1, 1, 1, 1, 1, 1, 1, 1, 1, 1, 1, 0.03571, 0.03571, 0.03571, 0.03571, 
0.03571, 0.03571, 0.03571, 0.03571, 0.03571, 0.03571, 0.03571, 
0, 0, 0, 0, 0, 0, 0, 0, 0, 0, 0, 0, 0, 0, 0, 0, 0, 0, 0, 0, 0, 
0, 0.57637, 0.56247, 0.56058, 0.5466, 0.56117, 0.59368, 0.56801, 
0.61099, 0.58261, 0.60301, 0.6402, 0.55441, 0.5554, 0.54456, 
0.57022, 0.56989, 0.60072, 0.58603, 0.58197, 0.60566, 0.60743, 
0.62903, 0.0267, 0.028, 0.0343, 0.0312, 0.0355, 0.037, 0.0374, 
0.0433, 0.0421, 0.0491, 0.0462, 75.8, 83, 90.4, 97.7, 105.8, 
113.1, 121.6, 128.7, 137.5, 145.6, 150.3, 1, 1, 1, 1, 1, 1, 1, 
1, 1, 1, 1, 1, 1, 1, 1, 1, 1, 1, 1, 1, 1, 1, 1, 1, 1, 1, 1, 1, 
1, 1, 1, 1, 1, 1, 1, 1, 1, 1, 1, 1, 1, 1, 1, 1, 2.6, 2.812, 3.08, 
3.363, 3.535, 3.562, 3.585, 3.533, 3.533, 3.53, 3.509), .Dim = c(11L, 
40L), .Dimnames = list(NULL, c("Sampling", "PSO.cost", "PSO.gamma", 
"PSO.data.balancing", "PSO.feature.selection", "PSO.valid.acc", 
"PSO.test.acc", "PSO.train.time", "PSO.n.support.vectors", "PSO.index", 
"PSO.n.solutions", "PSO.generations", "PSO.n.evaluations", "PSO.cpu.time", 
"RS.cost", "RS.gamma", "RS.data.balancing", "RS.feature.selection", 
"RS.valid.acc", "RS.test.acc", "RS.train.time", "RS.n.support.vectors", 
"RS.index", "RS.n.solutions", "RS.generations", "RS.n.evaluations", 
"RS.cpu.time", "DF.cost", "DF.gamma", "DF.data.balancing", "DF.feature.selection", 
"DF.valid.acc", "DF.test.acc", "DF.train.time", "DF.n.support.vectors", 
"DF.index", "DF.n.solutions", "DF.generations", "DF.n.evaluations", 
"DF.cpu.time")))
