full <-
structure(c(50, 55, 60, 65, 70, 75, 80, 85, 90, 95, 100, 7.49129, 
3.53792, 6.41272, 9.75246, 2.88663, 1.12933, 0.96128, 0.73796, 
1.09363, 5.07578, 1.53581, -14.74849, -8.61233, -11.93642, -14.96154, 
-7.69678, -5.55765, -5.52629, -5.18437, -5.70598, -10.60426, 
-7.28484, 0, 0, 0, 0, 0, 0, 0, 0, 0, 0, 0, 0, 0, 0, 0, 0, 0, 
0, 0, 0, 0, 0, 0.63086, 0.57273, 0.56988, 0.57538, 0.624, 0.63875, 
0.63744, 0.64496, 0.65528, 0.64855, 0.65197, 0.57614, 0.50803, 
0.53643, 0.52295, 0.58715, 0.57149, 0.60446, 0.59565, 0.6494, 
0.62809, 0.62658, 0.027, 0.0267, 0.0303, 0.035, 0.0362, 0.0356, 
0.0396, 0.041, 0.042, 0.0437, 0.0515, 76.9, 83, 90.2, 96.1, 103.2, 
113, 120.9, 128.9, 135.5, 137.7, 146.1, 165, 646, 150, 174, 2340, 
1775, 400, 1599, 1082, 719, 1067, 62, 102, 69, 128, 1, 26, 219, 
47, 259, 45, 54, 100, 100, 100, 100, 100, 100, 100, 100, 100, 
100, 100, 2500, 2500, 2500, 2500, 2500, 2500, 2500, 2500, 2500, 
2500, 2500, 7147.839, 7950.28, 8556.594, 8809.344, 8854.576, 
8899.35699999999, 8937.59, 8781.03200000001, 8903.09800000003, 
8880.04999999999, 9034.465, 2.10055, 2.97877, 8.14187, 1.1205, 
4.13009, 1.10126, 2.08953, 0.71887, 1.07621, 8.80084, 1.55935, 
-9.24776, -8.15022, -13.70379, -6.4458, -9.25192, -5.59634, -6.11059, 
-5.232, -5.73865, -14.30384, -7.23332, 0, 0, 0, 0, 0, 0, 0, 0, 
0, 0, 0, 0, 0, 0, 0, 0, 0, 0, 0, 0, 0, 0, 0.63086, 0.57273, 0.56988, 
0.58308, 0.61685, 0.63208, 0.62495, 0.64496, 0.64972, 0.63879, 
0.64145, 0.60114, 0.51803, 0.53643, 0.545, 0.60865, 0.57149, 
0.57863, 0.59565, 0.64384, 0.62809, 0.62658, 0.027, 0.0274, 0.0304, 
0.0326, 0.0342, 0.0364, 0.0401, 0.0442, 0.0444, 0.0419, 0.0442, 
76.8, 83.5, 90.3, 97.7, 102.6, 113, 120, 129.2, 135.3, 136.9, 
146.4, 101, 1666, 572, 1561, 1853, 1520, 114, 1436, 686, 236, 
905, 4, 1, 3, 1, 3, 1, 1, 1, 1, 4, 2, 100, 100, 100, 100, 100, 
100, 100, 100, 100, 100, 100, 2500, 2500, 2500, 2500, 2500, 2500, 
2500, 2500, 2500, 2500, 2500, 7396.051, 8301.981, 8647.716, 8838.086, 
8871.048, 8907.686, 8952.995, 8785.94699999999, 9010.37400000001, 
8967.435, 9153.296, 1, 1, 1, 1, 1, 1, 1, 1, 1, 1, 1, 0.03571, 
0.03571, 0.03571, 0.03571, 0.03571, 0.03571, 0.03571, 0.03571, 
0.03571, 0.03571, 0.03571, 0, 0, 0, 0, 0, 0, 0, 0, 0, 0, 0, 0, 
0, 0, 0, 0, 0, 0, 0, 0, 0, 0, 0.58705, 0.49803, 0.51901, 0.51962, 
0.5704, 0.57732, 0.57989, 0.59634, 0.62159, 0.61408, 0.59942, 
0.59975, 0.51879, 0.54246, 0.52128, 0.59001, 0.59774, 0.61029, 
0.60129, 0.62097, 0.63114, 0.62034, 0.0275, 0.0293, 0.0317, 0.0345, 
0.0333, 0.0363, 0.0386, 0.041, 0.0426, 0.0471, 0.0468, 77.1, 
85, 92.4, 99, 106.2, 114, 122.3, 129.7, 138.4, 145.5, 150.7, 
1, 1, 1, 1, 1, 1, 1, 1, 1, 1, 1, 1, 1, 1, 1, 1, 1, 1, 1, 1, 1, 
1, 1, 1, 1, 1, 1, 1, 1, 1, 1, 1, 1, 1, 1, 1, 1, 1, 1, 1, 1, 1, 
1, 1, 3.162, 3.337, 3.453, 3.545, 3.507, 3.544, 3.553, 3.507, 
3.58, 3.595, 3.651), .Dim = c(11L, 40L), .Dimnames = list(NULL, 
    c("Sampling", "PSO.cost", "PSO.gamma", "PSO.data.balancing", 
    "PSO.feature.selection", "PSO.valid.acc", "PSO.test.acc", 
    "PSO.train.time", "PSO.n.support.vectors", "PSO.index", "PSO.n.solutions", 
    "PSO.generations", "PSO.n.evaluations", "PSO.cpu.time", "RS.cost", 
    "RS.gamma", "RS.data.balancing", "RS.feature.selection", 
    "RS.valid.acc", "RS.test.acc", "RS.train.time", "RS.n.support.vectors", 
    "RS.index", "RS.n.solutions", "RS.generations", "RS.n.evaluations", 
    "RS.cpu.time", "DF.cost", "DF.gamma", "DF.data.balancing", 
    "DF.feature.selection", "DF.valid.acc", "DF.test.acc", "DF.train.time", 
    "DF.n.support.vectors", "DF.index", "DF.n.solutions", "DF.generations", 
    "DF.n.evaluations", "DF.cpu.time")))
