full <-
structure(c(50, 55, 60, 65, 70, 75, 80, 85, 90, 95, 100, 1.01038, 
1.20994, 10.37494, 0.39913, 8.4409, 2.87004, 2.24487, 1.16198, 
4.39035, 0.94204, 0.51835, -4.59543, -4.38583, -14.17569, -6.30321, 
-7.03295, -6.04092, -6.17422, -7.23912, -10.8954, -5.23005, -4.99709, 
0, 0, 0, 0, 0, 0, 0, 0, 0, 0, 0, 0, 0, 0, 0, 0, 0, 0, 0, 0, 0, 
0, 0.62447, 0.64015, 0.63274, 0.65709, 0.66862, 0.67682, 0.66858, 
0.62721, 0.62856, 0.64556, 0.64328, 0.58447, 0.60932, 0.61441, 
0.64095, 0.6338, 0.67092, 0.62978, 0.61397, 0.60602, 0.61363, 
0.62328, 0.028, 0.0297, 0.0305, 0.0315, 0.0326, 0.0356, 0.0339, 
0.0356, 0.0393, 0.0441, 0.0447, 76.5, 83.7, 83.6, 97.8, 99.6, 
109.4, 116.8, 126.3, 133.3, 143.3, 149.9, 1609, 846, 114, 571, 
926, 985, 959, 1939, 163, 671, 1236, 63, 56, 148, 583, 447, 94, 
132, 19, 125, 426, 48, 100, 100, 100, 100, 100, 100, 100, 100, 
100, 100, 100, 2500, 2500, 2500, 2500, 2500, 2500, 2500, 2500, 
2500, 2500, 2500, 6603.22, 6644.449, 6680.335, 6745.474, 6464.65300000001, 
6499.523, 6432.913, 6587.829, 6725.447, 6885.712, 6749.24000000002, 
1.23477, 0.73711, 3.72954, 0.5806, 5.79489, 2.32965, 0.89093, 
1.00072, 7.11682, 1.02233, 0.64351, -4.66038, -4.55002, -8.90818, 
-6.51852, -7.16611, -5.39951, -5.68041, -6.91456, -13.62816, 
-5.35875, -5.12442, 0, 0, 0, 0, 0, 0, 0, 0, 0, 0, 0, 0, 0, 0, 
0, 0, 0, 0, 0, 0, 0, 0, 0.61447, 0.63182, 0.63183, 0.648, 0.65475, 
0.67009, 0.65446, 0.62721, 0.62856, 0.64, 0.63772, 0.58447, 0.59114, 
0.62478, 0.64095, 0.64063, 0.67759, 0.63529, 0.61953, 0.61157, 
0.60807, 0.63304, 0.0287, 0.0295, 0.0299, 0.0308, 0.0307, 0.0338, 
0.0343, 0.0386, 0.0371, 0.0454, 0.0443, 76.3, 83.5, 87.2, 97.3, 
99.4, 110.3, 119.3, 126.3, 133.3, 143.2, 149.5, 1774, 461, 1657, 
114, 1274, 347, 1468, 1353, 62, 252, 2006, 2, 3, 1, 2, 1, 2, 
1, 3, 11, 1, 2, 100, 100, 100, 100, 100, 100, 100, 100, 100, 
100, 100, 2500, 2500, 2500, 2500, 2500, 2500, 2500, 2500, 2500, 
2500, 2500, 6630.776, 6665.916, 6711.22199999999, 6741.129, 6459.326, 
6430.766, 6599.92700000001, 6727.49400000001, 6738.645, 6769.94700000001, 
6869.80600000001, 1, 1, 1, 1, 1, 1, 1, 1, 1, 1, 1, 0.03571, 0.03571, 
0.03571, 0.03571, 0.03571, 0.03571, 0.03571, 0.03571, 0.03571, 
0.03571, 0.03571, 0, 0, 0, 0, 0, 0, 0, 0, 0, 0, 0, 0, 0, 0, 0, 
0, 0, 0, 0, 0, 0, 0, 0.60086, 0.57545, 0.59133, 0.58756, 0.58117, 
0.61981, 0.64233, 0.59109, 0.59458, 0.60696, 0.62243, 0.57086, 
0.61364, 0.55542, 0.61018, 0.58733, 0.61981, 0.63608, 0.58373, 
0.61092, 0.62474, 0.61693, 0.0278, 0.0291, 0.0308, 0.0324, 0.0339, 
0.033, 0.038, 0.0388, 0.04, 0.0426, 0.048, 76.8, 84.3, 91.7, 
98.4, 105.5, 112.9, 120.5, 128.5, 136.2, 145.3, 150.6, 1, 1, 
1, 1, 1, 1, 1, 1, 1, 1, 1, 1, 1, 1, 1, 1, 1, 1, 1, 1, 1, 1, 1, 
1, 1, 1, 1, 1, 1, 1, 1, 1, 1, 1, 1, 1, 1, 1, 1, 1, 1, 1, 1, 1, 
2.654, 2.676, 2.695, 2.669, 2.691, 2.517, 2.743, 2.642, 2.618, 
2.635, 2.867), .Dim = c(11L, 40L), .Dimnames = list(NULL, c("Sampling", 
"PSO.cost", "PSO.gamma", "PSO.data.balancing", "PSO.feature.selection", 
"PSO.valid.acc", "PSO.test.acc", "PSO.train.time", "PSO.n.support.vectors", 
"PSO.index", "PSO.n.solutions", "PSO.generations", "PSO.n.evaluations", 
"PSO.cpu.time", "RS.cost", "RS.gamma", "RS.data.balancing", "RS.feature.selection", 
"RS.valid.acc", "RS.test.acc", "RS.train.time", "RS.n.support.vectors", 
"RS.index", "RS.n.solutions", "RS.generations", "RS.n.evaluations", 
"RS.cpu.time", "DF.cost", "DF.gamma", "DF.data.balancing", "DF.feature.selection", 
"DF.valid.acc", "DF.test.acc", "DF.train.time", "DF.n.support.vectors", 
"DF.index", "DF.n.solutions", "DF.generations", "DF.n.evaluations", 
"DF.cpu.time")))
