full <-
structure(c(50, 55, 60, 65, 70, 75, 80, 85, 90, 95, 100, 1.92077, 
11.05375, 8.60386, 4.09057, 0.25313, 0.6233, 2.68862, 1.80569, 
3.57211, 9.21067, 2.60426, -5.97492, -15, -15, -8.46603, -5.21794, 
-5.02822, -7.70338, -8.56722, -6.90676, -15, -7.40213, 0, 0, 
0, 0, 0, 0, 0, 0, 0, 0, 0, 0, 0, 0, 0, 0, 0, 0, 0, 0, 0, 0, 0.60672, 
0.66073, 0.63277, 0.62727, 0.65855, 0.66612, 0.65881, 0.61246, 
0.62331, 0.63243, 0.66114, 0.5597, 0.62588, 0.60063, 0.62077, 
0.62277, 0.6227, 0.64327, 0.58074, 0.53805, 0.60491, 0.61292, 
0.0279, 0.0298, 0.0316, 0.0341, 0.036, 0.0349, 0.0377, 0.041, 
0.0404, 0.0455, 0.0463, 74.9, 77.3, 89.2, 92.8, 107.5, 114.8, 
117.4, 130.3, 131.5, 137.9, 144, 1107, 498, 81, 228, 478, 98, 
2319, 407, 1106, 335, 1575, 74, 47, 122, 180, 502, 308, 1, 174, 
58, 67, 28, 100, 100, 100, 100, 100, 100, 100, 100, 100, 100, 
100, 2500, 2500, 2500, 2500, 2500, 2500, 2500, 2500, 2500, 2500, 
2500, 7401.437, 8226.286, 8645.423, 8824.183, 8874.17999999999, 
8766.86, 8684.42, 8710.933, 8800.07199999999, 8796.755, 8817.99400000001, 
2.91446, 10.01543, 4.25825, 0.85123, 0.51054, 0.34526, 3.21056, 
2.60739, 3.59271, 6.88908, 5.72403, -5.81736, -13.95299, -10.64346, 
-4.8673, -5.18464, -4.83934, -8.01162, -9.38718, -6.46726, -12.67637, 
-10.90146, 0, 0, 0, 0, 0, 0, 0, 0, 0, 0, 0, 0, 0, 0, 0, 0, 0, 
0, 0, 0, 0, 0, 0.59763, 0.66073, 0.63277, 0.62953, 0.64372, 0.66612, 
0.65326, 0.61246, 0.6119, 0.63243, 0.65561, 0.54561, 0.62588, 
0.60777, 0.59694, 0.62277, 0.63795, 0.64416, 0.57519, 0.56063, 
0.60491, 0.60874, 0.0287, 0.0309, 0.0311, 0.0323, 0.0358, 0.0404, 
0.038, 0.045, 0.0431, 0.0413, 0.0447, 75.2, 77.3, 89.1, 99.1, 
107.2, 115.2, 116.8, 129.9, 132.4, 137.9, 140.5, 260, 1676, 241, 
1880, 31, 2376, 129, 1904, 2317, 694, 2, 3, 1, 5, 1, 2, 1, 3, 
1, 1, 2, 1, 100, 100, 100, 100, 100, 100, 100, 100, 100, 100, 
100, 2500, 2500, 2500, 2500, 2500, 2500, 2500, 2500, 2500, 2500, 
2500, 7738.597, 8456.133, 8755.875, 8846.94100000001, 8864.90000000001, 
8693.11900000001, 8707.833, 8763.742, 8801.03700000001, 8858.43700000001, 
8905.55500000002, 1, 1, 1, 1, 1, 1, 1, 1, 1, 1, 1, 0.03571, 0.03571, 
0.03571, 0.03571, 0.03571, 0.03571, 0.03571, 0.03571, 0.03571, 
0.03571, 0.03571, 0, 0, 0, 0, 0, 0, 0, 0, 0, 0, 0, 0, 0, 0, 0, 
0, 0, 0, 0, 0, 0, 0, 0.51381, 0.55404, 0.58035, 0.60636, 0.61658, 
0.64612, 0.63081, 0.58876, 0.58874, 0.59906, 0.61901, 0.53311, 
0.51907, 0.599, 0.62051, 0.60007, 0.62978, 0.61867, 0.58834, 
0.61717, 0.62749, 0.62874, 0.0269, 0.0338, 0.0339, 0.0334, 0.0356, 
0.0377, 0.039, 0.0428, 0.0444, 0.0469, 0.0474, 76.6, 84.5, 92, 
99.7, 107.9, 115.3, 122.8, 130.9, 139.2, 146.8, 150.1, 1, 1, 
1, 1, 1, 1, 1, 1, 1, 1, 1, 1, 1, 1, 1, 1, 1, 1, 1, 1, 1, 1, 1, 
1, 1, 1, 1, 1, 1, 1, 1, 1, 1, 1, 1, 1, 1, 1, 1, 1, 1, 1, 1, 1, 
3.254, 3.425, 3.503, 3.516, 3.557, 3.485, 3.436, 3.512, 3.509, 
3.605, 3.544), .Dim = c(11L, 40L), .Dimnames = list(NULL, c("Sampling", 
"PSO.cost", "PSO.gamma", "PSO.data.balancing", "PSO.feature.selection", 
"PSO.valid.acc", "PSO.test.acc", "PSO.train.time", "PSO.n.support.vectors", 
"PSO.index", "PSO.n.solutions", "PSO.generations", "PSO.n.evaluations", 
"PSO.cpu.time", "RS.cost", "RS.gamma", "RS.data.balancing", "RS.feature.selection", 
"RS.valid.acc", "RS.test.acc", "RS.train.time", "RS.n.support.vectors", 
"RS.index", "RS.n.solutions", "RS.generations", "RS.n.evaluations", 
"RS.cpu.time", "DF.cost", "DF.gamma", "DF.data.balancing", "DF.feature.selection", 
"DF.valid.acc", "DF.test.acc", "DF.train.time", "DF.n.support.vectors", 
"DF.index", "DF.n.solutions", "DF.generations", "DF.n.evaluations", 
"DF.cpu.time")))
