full <-
structure(c(50, 55, 60, 65, 70, 75, 80, 85, 90, 95, 100, 3.07779, 
6.53016, 4.55828, 2.42518, 0.27571, 0.91048, 3.74691, 1.14255, 
1.7469, 0.75457, 0.68478, -8.29824, -12.6963, -9.71515, -8.25303, 
-6.29865, -6.19338, -8.38395, -6.71803, -6.95397, -5.04329, -5.12795, 
0, 0, 0, 0, 0, 0, 0, 0, 0, 0, 0, 0, 0, 0, 0, 0, 0, 0, 0, 0, 0, 
0, 0.61101, 0.59204, 0.58779, 0.61414, 0.57968, 0.60963, 0.62768, 
0.61905, 0.60496, 0.64615, 0.6792, 0.5243, 0.56804, 0.55036, 
0.56084, 0.56865, 0.55982, 0.59433, 0.60111, 0.59104, 0.63034, 
0.65865, 0.0271, 0.0286, 0.0309, 0.0316, 0.0334, 0.0365, 0.0382, 
0.0398, 0.042, 0.0455, 0.0481, 76.1, 84.6, 90, 99.4, 107.5, 114.7, 
116.5, 126.9, 132.7, 143.6, 149.7, 147, 85, 480, 1269, 113, 1923, 
490, 273, 260, 524, 1516, 117, 97, 254, 30, 151, 17, 251, 419, 
301, 190, 148, 100, 100, 100, 100, 100, 100, 100, 100, 100, 100, 
100, 2500, 2500, 2500, 2500, 2500, 2500, 2500, 2500, 2500, 2500, 
2500, 6494.997, 6789.598, 6877.651, 6900.949, 7077.121, 7110.25, 
7270.91100000001, 7269.466, 7452.675, 7501.83199999999, 7571.277, 
3.57507, 6.80663, 3.18565, 1.22572, 0.54879, 1.05649, 5.41985, 
1.27741, 0.38489, 0.80621, 0.77203, -8.691, -13.08934, -8.27204, 
-6.79915, -6.48003, -6.35594, -6.10619, -6.78341, -5.82161, -4.99287, 
-5.01795, 0, 0, 0, 0, 0, 0, 0, 0, 0, 0, 0, 0, 0, 0, 0, 0, 0, 
0, 0, 0, 0, 0, 0.61101, 0.59204, 0.57945, 0.60644, 0.57904, 0.60296, 
0.62731, 0.61905, 0.60021, 0.64115, 0.67315, 0.50611, 0.56035, 
0.55267, 0.54481, 0.58324, 0.55982, 0.54798, 0.60736, 0.6045, 
0.62034, 0.66391, 0.0267, 0.0297, 0.0306, 0.0316, 0.0342, 0.0367, 
0.0394, 0.0381, 0.0445, 0.0468, 0.0494, 75.8, 84.6, 90.7, 99.8, 
107.1, 114.8, 120.1, 126.3, 136, 143.8, 149.7, 252, 102, 265, 
416, 337, 266, 2479, 1648, 1026, 793, 1999, 1, 12, 10, 5, 3, 
1, 1, 1, 1, 2, 2, 100, 100, 100, 100, 100, 100, 100, 100, 100, 
100, 100, 2500, 2500, 2500, 2500, 2500, 2500, 2500, 2500, 2500, 
2500, 2500, 6637.547, 6847.699, 6926.107, 6999.62, 7086.746, 
7018.296, 7239.323, 7256.22900000001, 7479.45300000001, 7628.87599999999, 
7676.24300000002, 1, 1, 1, 1, 1, 1, 1, 1, 1, 1, 1, 0.03571, 0.03571, 
0.03571, 0.03571, 0.03571, 0.03571, 0.03571, 0.03571, 0.03571, 
0.03571, 0.03571, 0, 0, 0, 0, 0, 0, 0, 0, 0, 0, 0, 0, 0, 0, 0, 
0, 0, 0, 0, 0, 0, 0, 0.48048, 0.46641, 0.49267, 0.54472, 0.5601, 
0.57988, 0.58299, 0.58473, 0.58799, 0.6356, 0.64418, 0.48897, 
0.47965, 0.49934, 0.51267, 0.53929, 0.57965, 0.6081, 0.5663, 
0.60455, 0.61813, 0.64363, 0.0273, 0.0299, 0.0313, 0.0347, 0.0365, 
0.0375, 0.0395, 0.0414, 0.0451, 0.0455, 0.0463, 77.3, 85.4, 93.3, 
100.8, 107.8, 115.6, 123.8, 129.9, 137.5, 145.6, 150.2, 1, 1, 
1, 1, 1, 1, 1, 1, 1, 1, 1, 1, 1, 1, 1, 1, 1, 1, 1, 1, 1, 1, 1, 
1, 1, 1, 1, 1, 1, 1, 1, 1, 1, 1, 1, 1, 1, 1, 1, 1, 1, 1, 1, 1, 
2.667, 2.734, 2.771, 2.826, 2.846, 2.82, 2.874, 3.028, 3.122, 
3.112, 3.094), .Dim = c(11L, 40L), .Dimnames = list(NULL, c("Sampling", 
"PSO.cost", "PSO.gamma", "PSO.data.balancing", "PSO.feature.selection", 
"PSO.valid.acc", "PSO.test.acc", "PSO.train.time", "PSO.n.support.vectors", 
"PSO.index", "PSO.n.solutions", "PSO.generations", "PSO.n.evaluations", 
"PSO.cpu.time", "RS.cost", "RS.gamma", "RS.data.balancing", "RS.feature.selection", 
"RS.valid.acc", "RS.test.acc", "RS.train.time", "RS.n.support.vectors", 
"RS.index", "RS.n.solutions", "RS.generations", "RS.n.evaluations", 
"RS.cpu.time", "DF.cost", "DF.gamma", "DF.data.balancing", "DF.feature.selection", 
"DF.valid.acc", "DF.test.acc", "DF.train.time", "DF.n.support.vectors", 
"DF.index", "DF.n.solutions", "DF.generations", "DF.n.evaluations", 
"DF.cpu.time")))
