full <-
structure(c(50, 55, 60, 65, 70, 75, 80, 85, 90, 95, 100, 3.62557, 
2.16822, 3.65206, 10.07446, 6.26379, 7.56075, 9.48299, 4.14715, 
4.49623, 2.15071, -0.0522, -9.36377, -7.74608, -7.94125, -15, 
-12.18597, -13.65655, -14.70733, -10.51888, -11.2321, -6.70369, 
-4.90888, 0, 0, 0, 0, 0, 0, 0, 0, 0, 0, 0, 0, 0, 0, 0, 0, 0, 
0, 0, 0, 0, 0, 0.6774, 0.66237, 0.63932, 0.65083, 0.62623, 0.61449, 
0.63428, 0.62993, 0.60459, 0.6307, 0.6344, 0.66601, 0.64404, 
0.61196, 0.60435, 0.63447, 0.59519, 0.60006, 0.61313, 0.59992, 
0.59327, 0.6123, 0.0286, 0.0298, 0.0289, 0.0331, 0.0319, 0.0366, 
0.0388, 0.0426, 0.0435, 0.0455, 0.0501, 73.9, 81.9, 88.7, 94.7, 
105.4, 111.4, 115.5, 127.7, 136.7, 139.2, 150.6, 666, 174, 539, 
213, 963, 139, 1549, 150, 431, 1575, 2281, 65, 303, 61, 83, 69, 
142, 8, 111, 130, 6, 1, 100, 100, 100, 100, 100, 100, 100, 100, 
100, 100, 100, 2500, 2500, 2500, 2500, 2500, 2500, 2500, 2500, 
2500, 2500, 2500, 6967.246, 7006.413, 7066.648, 6825.586, 7230.72900000001, 
7232.197, 9675.99500000001, 9689.32699999999, 9677.17, 9740.03899999999, 
9822.573, 3.07603, 4.91452, 4.66074, 8.96129, 5.15291, 3.18409, 
8.21603, 7.51792, 3.79003, 1.41942, 0.30684, -8.65994, -9.20492, 
-9.0886, -13.8766, -11.06207, -9.2067, -13.54545, -13.99679, 
-10.47492, -8.34974, -4.96374, 0, 0, 0, 0, 0, 0, 0, 0, 0, 0, 
0, 0, 0, 0, 0, 0, 0, 0, 0, 0, 0, 0, 0.6774, 0.66237, 0.63099, 
0.65083, 0.62623, 0.61449, 0.63391, 0.62993, 0.60459, 0.62602, 
0.62884, 0.66601, 0.61566, 0.62029, 0.61268, 0.63447, 0.59519, 
0.59339, 0.61813, 0.59436, 0.59386, 0.61677, 0.0262, 0.029, 0.0299, 
0.0305, 0.0344, 0.0358, 0.0396, 0.0408, 0.0427, 0.0455, 0.0501, 
73.8, 78.3, 88.1, 94.7, 105.5, 111.7, 116.2, 128.2, 136.5, 144.5, 
150.4, 365, 326, 330, 112, 779, 198, 2026, 212, 235, 1584, 732, 
1, 6, 3, 2, 2, 13, 4, 5, 2, 1, 1, 100, 100, 100, 100, 100, 100, 
100, 100, 100, 100, 100, 2500, 2500, 2500, 2500, 2500, 2500, 
2500, 2500, 2500, 2500, 2500, 7004.858, 7032.028, 7017.105, 7112.523, 
7258.01699999999, 7477.814, 9716.33500000001, 9716.00900000001, 
9754.91800000001, 9815.424, 9827.56899999999, 1, 1, 1, 1, 1, 
1, 1, 1, 1, 1, 1, 0.03571, 0.03571, 0.03571, 0.03571, 0.03571, 
0.03571, 0.03571, 0.03571, 0.03571, 0.03571, 0.03571, 0, 0, 0, 
0, 0, 0, 0, 0, 0, 0, 0, 0, 0, 0, 0, 0, 0, 0, 0, 0, 0, 0, 0.6272, 
0.60475, 0.60065, 0.63128, 0.58067, 0.56943, 0.61663, 0.60952, 
0.57545, 0.60409, 0.61815, 0.61672, 0.60384, 0.59287, 0.62565, 
0.57927, 0.58138, 0.61705, 0.6085, 0.59508, 0.58304, 0.61201, 
0.0289, 0.0281, 0.0327, 0.0342, 0.0347, 0.0395, 0.042, 0.0436, 
0.0457, 0.0492, 0.0489, 76.5, 84.2, 92.5, 100, 107.6, 115.6, 
123, 130.7, 137.5, 145.4, 150.7, 1, 1, 1, 1, 1, 1, 1, 1, 1, 1, 
1, 1, 1, 1, 1, 1, 1, 1, 1, 1, 1, 1, 1, 1, 1, 1, 1, 1, 1, 1, 1, 
1, 1, 1, 1, 1, 1, 1, 1, 1, 1, 1, 1, 1, 2.808, 2.809, 2.833, 2.888, 
2.866, 3.861, 3.845, 3.862, 3.875, 3.917, 3.846), .Dim = c(11L, 
40L), .Dimnames = list(NULL, c("Sampling", "PSO.cost", "PSO.gamma", 
"PSO.data.balancing", "PSO.feature.selection", "PSO.valid.acc", 
"PSO.test.acc", "PSO.train.time", "PSO.n.support.vectors", "PSO.index", 
"PSO.n.solutions", "PSO.generations", "PSO.n.evaluations", "PSO.cpu.time", 
"RS.cost", "RS.gamma", "RS.data.balancing", "RS.feature.selection", 
"RS.valid.acc", "RS.test.acc", "RS.train.time", "RS.n.support.vectors", 
"RS.index", "RS.n.solutions", "RS.generations", "RS.n.evaluations", 
"RS.cpu.time", "DF.cost", "DF.gamma", "DF.data.balancing", "DF.feature.selection", 
"DF.valid.acc", "DF.test.acc", "DF.train.time", "DF.n.support.vectors", 
"DF.index", "DF.n.solutions", "DF.generations", "DF.n.evaluations", 
"DF.cpu.time")))
