full <-
structure(c(50, 55, 60, 65, 70, 75, 80, 85, 90, 95, 100, 9.62241, 
0.21311, 8.98438, 1.22945, 0.64075, 2.58555, 0.83959, 1.08183, 
7.48604, 0.93291, 0.9311, -15, -6.14304, -13.4726, -5.89618, 
-5.81957, -6.57608, -4.29239, -5.29825, -11.65779, -4.96261, 
-6.78425, 0, 0, 0, 0, 0, 0, 0, 0, 0, 0, 0, 0, 0, 0, 0, 0, 0, 
0, 0, 0, 0, 0, 0.61, 0.64551, 0.64039, 0.63203, 0.6211, 0.61472, 
0.62736, 0.62753, 0.599, 0.6105, 0.64594, 0.57833, 0.61481, 0.5669, 
0.61436, 0.57758, 0.58655, 0.55773, 0.61368, 0.58654, 0.56163, 
0.62878, 0.0242, 0.027, 0.027, 0.0333, 0.0349, 0.0338, 0.0386, 
0.0395, 0.0418, 0.0469, 0.0451, 75.9, 85.1, 87.8, 99.4, 107.8, 
112.1, 123.5, 130.6, 129.2, 145.5, 147, 342, 711, 833, 2127, 
436, 305, 793, 1094, 453, 42, 278, 73, 94, 38, 2, 145, 166, 317, 
76, 59, 548, 279, 100, 100, 100, 100, 100, 100, 100, 100, 100, 
100, 100, 2500, 2500, 2500, 2500, 2500, 2500, 2500, 2500, 2500, 
2500, 2500, 6438.027, 6616.447, 6680.742, 6759.675, 6899.17400000001, 
7211.25900000001, 7517.34699999999, 7738.489, 7773.70999999999, 
7876.057, 7884.40400000001, 7.81748, 0.52999, 0.59529, 2.10256, 
0.64593, 2.29401, 0.54005, 1.26943, 0.18226, 1.32771, 0.55567, 
-13.16481, -6.40195, -5.00374, -6.65374, -6.63085, -6.04424, 
-4.15089, -5.53604, -6.20778, -5.5365, -6.43037, 0, 0, 0, 0, 
0, 0, 0, 0, 0, 0, 0, 0, 0, 0, 0, 0, 0, 0, 0, 0, 0, 0, 0.61, 0.63718, 
0.64222, 0.62489, 0.61366, 0.61472, 0.62111, 0.61638, 0.59864, 
0.6105, 0.64594, 0.58944, 0.60571, 0.61699, 0.61422, 0.57835, 
0.59417, 0.57239, 0.60077, 0.57723, 0.57149, 0.63404, 0.0249, 
0.0288, 0.0289, 0.0314, 0.0342, 0.0345, 0.041, 0.0392, 0.0431, 
0.0445, 0.0461, 75.8, 85.1, 92, 98.6, 107.8, 113.3, 123.5, 130.3, 
138.6, 144, 148.1, 169, 837, 841, 2099, 797, 1469, 103, 445, 
135, 1679, 1572, 1, 2, 1, 1, 1, 1, 1, 1, 2, 1, 1, 100, 100, 100, 
100, 100, 100, 100, 100, 100, 100, 100, 2500, 2500, 2500, 2500, 
2500, 2500, 2500, 2500, 2500, 2500, 2500, 6527.51, 6618.886, 
6720.262, 6687.031, 6929.242, 7388.844, 7711.057, 7753.20299999999, 
7838.364, 7911.538, 7945.43700000001, 1, 1, 1, 1, 1, 1, 1, 1, 
1, 1, 1, 0.03571, 0.03571, 0.03571, 0.03571, 0.03571, 0.03571, 
0.03571, 0.03571, 0.03571, 0.03571, 0.03571, 0, 0, 0, 0, 0, 0, 
0, 0, 0, 0, 0, 0, 0, 0, 0, 0, 0, 0, 0, 0, 0, 0, 0.56056, 0.5888, 
0.6074, 0.59726, 0.58325, 0.58799, 0.58986, 0.55128, 0.59214, 
0.60024, 0.62989, 0.53944, 0.58046, 0.61699, 0.60886, 0.5761, 
0.56602, 0.59899, 0.60953, 0.57044, 0.57288, 0.60901, 0.028, 
0.0274, 0.0316, 0.0305, 0.0328, 0.0362, 0.0378, 0.042, 0.0443, 
0.0459, 0.0499, 77.1, 85.1, 92.3, 100.3, 108.3, 115.9, 123.6, 
131.7, 138.8, 146.3, 150.5, 1, 1, 1, 1, 1, 1, 1, 1, 1, 1, 1, 
1, 1, 1, 1, 1, 1, 1, 1, 1, 1, 1, 1, 1, 1, 1, 1, 1, 1, 1, 1, 1, 
1, 1, 1, 1, 1, 1, 1, 1, 1, 1, 1, 1, 2.706, 2.568, 2.836, 2.65, 
2.725, 2.953, 3.093, 3.092, 3.141, 3.133, 3.179), .Dim = c(11L, 
40L), .Dimnames = list(NULL, c("Sampling", "PSO.cost", "PSO.gamma", 
"PSO.data.balancing", "PSO.feature.selection", "PSO.valid.acc", 
"PSO.test.acc", "PSO.train.time", "PSO.n.support.vectors", "PSO.index", 
"PSO.n.solutions", "PSO.generations", "PSO.n.evaluations", "PSO.cpu.time", 
"RS.cost", "RS.gamma", "RS.data.balancing", "RS.feature.selection", 
"RS.valid.acc", "RS.test.acc", "RS.train.time", "RS.n.support.vectors", 
"RS.index", "RS.n.solutions", "RS.generations", "RS.n.evaluations", 
"RS.cpu.time", "DF.cost", "DF.gamma", "DF.data.balancing", "DF.feature.selection", 
"DF.valid.acc", "DF.test.acc", "DF.train.time", "DF.n.support.vectors", 
"DF.index", "DF.n.solutions", "DF.generations", "DF.n.evaluations", 
"DF.cpu.time")))
