full <-
structure(c(50, 55, 60, 65, 70, 75, 80, 85, 90, 95, 100, 1.81876, 
1.29854, 6.65444, 5.34927, 5.20837, 1.47356, 7.90829, 0.48886, 
0.88991, 1, 0.72182, -6.63496, -6.89761, -12.79644, -10.9444, 
-11.2952, -7.89941, -14.8062, -4.41486, -6.55441, 0.03571, -4.97855, 
0, 0, 0, 0, 0, 0, 0, 0, 0, 0, 0, 0, 0, 0, 0, 0, 0, 0, 0, 0, 0, 
0, 0.66253, 0.67485, 0.65525, 0.70723, 0.67875, 0.64085, 0.63204, 
0.62454, 0.65144, 0.61984, 0.65985, 0.61232, 0.63652, 0.6389, 
0.68238, 0.64798, 0.63323, 0.61851, 0.60645, 0.63901, 0.61068, 
0.63985, 0.0272, 0.027, 0.0294, 0.0336, 0.0338, 0.0402, 0.0387, 
0.0449, 0.0437, 0.0474, 0.0493, 76.3, 83.8, 89.6, 96.8, 105.2, 
115.1, 124.1, 130.2, 135.9, 144.6, 149.2, 499, 246, 110, 230, 
86, 549, 118, 610, 496, 1, 492, 349, 195, 186, 262, 361, 96, 
108, 56, 239, 1, 322, 100, 100, 100, 100, 100, 100, 100, 100, 
100, 100, 100, 2500, 2500, 2500, 2500, 2500, 2500, 2500, 2500, 
2500, 2500, 2500, 6697.834, 7554.251, 7999.999, 8826.963, 8849.84999999999, 
8879.89099999999, 8911.75199999999, 8949.83600000001, 8769.98000000001, 
8800.04699999999, 9115.08900000001, 1.59281, 2.80762, 7.99274, 
8.67768, 4.7522, 2.15089, 6.58983, 2.12852, 0.87903, 0.04398, 
0.67366, -6.49702, -7.83138, -14.24032, -14.42183, -10.75053, 
-8.40989, -13.49567, -7.77054, -6.51377, -6.9112, -4.71373, 0, 
0, 0, 0, 0, 0, 0, 0, 0, 0, 0, 0, 0, 0, 0, 0, 0, 0, 0, 0, 0, 0, 
0.66253, 0.67485, 0.65525, 0.70723, 0.67875, 0.63496, 0.63204, 
0.62019, 0.65144, 0.62437, 0.64958, 0.61232, 0.62818, 0.65429, 
0.69147, 0.65567, 0.63323, 0.61226, 0.60583, 0.6449, 0.59777, 
0.63458, 0.0255, 0.0263, 0.0314, 0.0335, 0.0353, 0.0363, 0.0377, 
0.041, 0.0415, 0.0457, 0.0473, 76.5, 82.2, 89.8, 96.5, 105.1, 
114.8, 124.1, 127.9, 135.8, 146.6, 149.8, 99, 82, 162, 110, 128, 
392, 433, 43, 1657, 2026, 756, 4, 3, 10, 15, 20, 3, 2, 2, 1, 
1, 1, 100, 100, 100, 100, 100, 100, 100, 100, 100, 100, 100, 
2500, 2500, 2500, 2500, 2500, 2500, 2500, 2500, 2500, 2500, 2500, 
6935.695, 7611.407, 8723.555, 8868.821, 8889.98599999999, 8910.13100000001, 
8941.952, 8808.72699999998, 8821.41399999999, 8939.07699999999, 
9150.26599999997, 1, 1, 1, 1, 1, 1, 1, 1, 1, 1, 1, 0.03571, 0.03571, 
0.03571, 0.03571, 0.03571, 0.03571, 0.03571, 0.03571, 0.03571, 
0.03571, 0.03571, 0, 0, 0, 0, 0, 0, 0, 0, 0, 0, 0, 0, 0, 0, 0, 
0, 0, 0, 0, 0, 0, 0, 0.60518, 0.61652, 0.63036, 0.67404, 0.67066, 
0.60687, 0.5999, 0.60842, 0.6275, 0.61984, 0.64429, 0.59795, 
0.60652, 0.63805, 0.68238, 0.65439, 0.59222, 0.58679, 0.60727, 
0.62783, 0.61068, 0.63453, 0.0283, 0.0304, 0.0321, 0.0343, 0.0354, 
0.0361, 0.0388, 0.0427, 0.0419, 0.0479, 0.0477, 76.8, 84, 92, 
99.4, 107.5, 115.6, 123.3, 130, 136.7, 144.6, 149.9, 1, 1, 1, 
1, 1, 1, 1, 1, 1, 1, 1, 1, 1, 1, 1, 1, 1, 1, 1, 1, 1, 1, 1, 1, 
1, 1, 1, 1, 1, 1, 1, 1, 1, 1, 1, 1, 1, 1, 1, 1, 1, 1, 1, 1, 2.918, 
3.065, 3.503, 3.538, 3.565, 3.542, 3.563, 3.534, 3.535, 3.665, 
3.615), .Dim = c(11L, 40L), .Dimnames = list(NULL, c("Sampling", 
"PSO.cost", "PSO.gamma", "PSO.data.balancing", "PSO.feature.selection", 
"PSO.valid.acc", "PSO.test.acc", "PSO.train.time", "PSO.n.support.vectors", 
"PSO.index", "PSO.n.solutions", "PSO.generations", "PSO.n.evaluations", 
"PSO.cpu.time", "RS.cost", "RS.gamma", "RS.data.balancing", "RS.feature.selection", 
"RS.valid.acc", "RS.test.acc", "RS.train.time", "RS.n.support.vectors", 
"RS.index", "RS.n.solutions", "RS.generations", "RS.n.evaluations", 
"RS.cpu.time", "DF.cost", "DF.gamma", "DF.data.balancing", "DF.feature.selection", 
"DF.valid.acc", "DF.test.acc", "DF.train.time", "DF.n.support.vectors", 
"DF.index", "DF.n.solutions", "DF.generations", "DF.n.evaluations", 
"DF.cpu.time")))
