full <-
structure(c(50, 55, 60, 65, 70, 75, 80, 85, 90, 95, 100, 1.39079, 
1.2044, 0.49041, 0.48983, 0.80919, 5.46511, 0.96871, 0.86536, 
1.18947, 0.85886, 0.72954, -6.92541, -4.93247, -3.97453, -6.2428, 
-4.62401, -8.78273, -5.57292, -6.75074, -5.96211, -5.21029, -4.63818, 
0, 0, 0, 0, 0, 0, 0, 0, 0, 0, 0, 0, 0, 0, 0, 0, 0, 0, 0, 0, 0, 
0, 0.66088, 0.73625, 0.69658, 0.66717, 0.66207, 0.66703, 0.61606, 
0.6462, 0.6401, 0.64282, 0.64947, 0.6202, 0.65155, 0.68749, 0.62667, 
0.66296, 0.60561, 0.59804, 0.63444, 0.61844, 0.632, 0.6483, 0.0248, 
0.0296, 0.0294, 0.0306, 0.0322, 0.0323, 0.036, 0.0372, 0.0394, 
0.0429, 0.0463, 76.1, 85.2, 92.6, 99.7, 107.5, 107.3, 122.8, 
129.6, 137.6, 143.8, 150.1, 818, 2393, 213, 1769, 1457, 2054, 
303, 485, 454, 630, 1225, 64, 1, 262, 19, 113, 2, 526, 269, 147, 
418, 11, 100, 100, 100, 100, 100, 100, 100, 100, 100, 100, 100, 
2500, 2500, 2500, 2500, 2500, 2500, 2500, 2500, 2500, 2500, 2500, 
6330.053, 6313.17, 6439.243, 6458.229, 6586.542, 6695.95, 6727.893, 
6805.32100000001, 6878.105, 6944.48999999999, 6951.826, 1.16056, 
1.51092, 2.75925, 0.89771, 0.53018, 5.84789, 1.01946, 1.60271, 
1.44996, 0.776, 0.87613, -6.59828, -5.3603, -5.12545, -6.29265, 
-4.13613, -9.17105, -5.74671, -7.58351, -6.18051, -5.23206, -4.78147, 
0, 0, 0, 0, 0, 0, 0, 0, 0, 0, 0, 0, 0, 0, 0, 0, 0, 0, 0, 0, 0, 
0, 0.65179, 0.72856, 0.69284, 0.66662, 0.64252, 0.66115, 0.61606, 
0.64032, 0.6351, 0.64255, 0.64447, 0.6202, 0.66016, 0.6687, 0.64345, 
0.6644, 0.61228, 0.59804, 0.6223, 0.61844, 0.62612, 0.63804, 
0.0272, 0.0269, 0.0312, 0.0289, 0.0349, 0.0328, 0.0356, 0.0366, 
0.0395, 0.0463, 0.0456, 76.2, 85.1, 91.1, 99, 107.8, 106.8, 122.7, 
128, 136.8, 143.6, 149.7, 2312, 2500, 1952, 1065, 305, 1677, 
44, 9, 1123, 21, 1224, 1, 1, 1, 1, 1, 1, 1, 4, 1, 1, 1, 100, 
100, 100, 100, 100, 100, 100, 100, 100, 100, 100, 2500, 2500, 
2500, 2500, 2500, 2500, 2500, 2500, 2500, 2500, 2500, 6349.871, 
6375.673, 6392.214, 6561.824, 6627.342, 6738.137, 6861.477, 6880.378, 
6958.56, 7060.77800000001, 6999.92499999999, 1, 1, 1, 1, 1, 1, 
1, 1, 1, 1, 1, 0.03571, 0.03571, 0.03571, 0.03571, 0.03571, 0.03571, 
0.03571, 0.03571, 0.03571, 0.03571, 0.03571, 0, 0, 0, 0, 0, 0, 
0, 0, 0, 0, 0, 0, 0, 0, 0, 0, 0, 0, 0, 0, 0, 0, 0.5723, 0.64129, 
0.64398, 0.635, 0.61282, 0.61801, 0.58927, 0.61091, 0.61356, 
0.61553, 0.62833, 0.57432, 0.64129, 0.6376, 0.63326, 0.66787, 
0.61045, 0.61185, 0.60943, 0.62256, 0.622, 0.63804, 0.0259, 0.0268, 
0.0307, 0.03, 0.0355, 0.0349, 0.0368, 0.0386, 0.0416, 0.0434, 
0.0481, 77.2, 85.3, 92.3, 99.3, 107.7, 115.5, 123.5, 131.3, 138.8, 
145, 150.8, 1, 1, 1, 1, 1, 1, 1, 1, 1, 1, 1, 1, 1, 1, 1, 1, 1, 
1, 1, 1, 1, 1, 1, 1, 1, 1, 1, 1, 1, 1, 1, 1, 1, 1, 1, 1, 1, 1, 
1, 1, 1, 1, 1, 1, 2.47, 2.451, 2.672, 2.526, 2.814, 2.669, 2.663, 
2.681, 2.705, 2.745, 2.922), .Dim = c(11L, 40L), .Dimnames = list(
    NULL, c("Sampling", "PSO.cost", "PSO.gamma", "PSO.data.balancing", 
    "PSO.feature.selection", "PSO.valid.acc", "PSO.test.acc", 
    "PSO.train.time", "PSO.n.support.vectors", "PSO.index", "PSO.n.solutions", 
    "PSO.generations", "PSO.n.evaluations", "PSO.cpu.time", "RS.cost", 
    "RS.gamma", "RS.data.balancing", "RS.feature.selection", 
    "RS.valid.acc", "RS.test.acc", "RS.train.time", "RS.n.support.vectors", 
    "RS.index", "RS.n.solutions", "RS.generations", "RS.n.evaluations", 
    "RS.cpu.time", "DF.cost", "DF.gamma", "DF.data.balancing", 
    "DF.feature.selection", "DF.valid.acc", "DF.test.acc", "DF.train.time", 
    "DF.n.support.vectors", "DF.index", "DF.n.solutions", "DF.generations", 
    "DF.n.evaluations", "DF.cpu.time")))
