full <-
structure(c(50, 55, 60, 65, 70, 75, 80, 85, 90, 95, 100, 7.97427, 
8.41695, 0.69708, 4.77601, 3.99758, 2.24753, 0.8357, 0.74601, 
1.35756, 0.35349, 0.91149, -14.23789, -15, -5.94744, -10.64783, 
-7.0407, -7.49673, -4.98458, -5.14227, -5.73999, -6.71072, -4.97603, 
0, 0, 0, 0, 0, 0, 0, 0, 0, 0, 0, 0, 0, 0, 0, 0, 0, 0, 0, 0, 0, 
0, 0.56955, 0.59289, 0.59016, 0.59491, 0.59377, 0.62404, 0.65848, 
0.63969, 0.6371, 0.64017, 0.63459, 0.56955, 0.55491, 0.57876, 
0.56971, 0.5291, 0.61065, 0.61426, 0.60941, 0.60955, 0.62367, 
0.63488, 0.0268, 0.0275, 0.0302, 0.0315, 0.0332, 0.0358, 0.0427, 
0.0423, 0.0435, 0.0412, 0.0467, 75.1, 84, 92.7, 98.4, 103.8, 
112.4, 123, 129.7, 135.8, 143.6, 149.4, 9, 43, 687, 1226, 1580, 
217, 784, 519, 1431, 699, 2183, 206, 109, 668, 37, 11, 123, 132, 
237, 14, 422, 2, 100, 100, 100, 100, 100, 100, 100, 100, 100, 
100, 100, 2500, 2500, 2500, 2500, 2500, 2500, 2500, 2500, 2500, 
2500, 2500, 6808.719, 6790.703, 6766.363, 6776.132, 7150.087, 
7712.06899999999, 8092.446, 8183.209, 8207.728, 6877.19099999999, 
7013.59999999998, 4.27232, 7.95339, 0.8126, 4.46324, 5.13151, 
3.22903, 0.93835, 0.73278, 1.44877, 0.26056, 0.79845, -10.51357, 
-14.46604, -6.23142, -10.40033, -8.01776, -8.62157, -5.1922, 
-5.16427, -6.30617, -6.48723, -6.20923, 0, 0, 0, 0, 0, 0, 0, 
0, 0, 0, 0, 0, 0, 0, 0, 0, 0, 0, 0, 0, 0, 0, 0.56955, 0.59289, 
0.58107, 0.58777, 0.58505, 0.62404, 0.65181, 0.63969, 0.62566, 
0.63517, 0.62928, 0.56955, 0.56602, 0.57876, 0.56971, 0.5141, 
0.61527, 0.62718, 0.61529, 0.62563, 0.61867, 0.61931, 0.0262, 
0.0285, 0.0301, 0.0314, 0.0337, 0.0358, 0.0408, 0.043, 0.0422, 
0.0449, 0.0478, 75.5, 83.9, 92.9, 98.8, 101.4, 112.2, 122.8, 
129.7, 135.4, 143.5, 148.2, 69, 48, 643, 1073, 1013, 2248, 1232, 
1820, 2056, 1613, 1493, 18, 10, 2, 2, 1, 1, 1, 1, 1, 1, 1, 100, 
100, 100, 100, 100, 100, 100, 100, 100, 100, 100, 2500, 2500, 
2500, 2500, 2500, 2500, 2500, 2500, 2500, 2500, 2500, 6919.557, 
6695.226, 6780.465, 6811.789, 7387.878, 7935.247, 8059.723, 8286.045, 
7245.00199999999, 7074.57299999997, 7259.549, 1, 1, 1, 1, 1, 
1, 1, 1, 1, 1, 1, 0.03571, 0.03571, 0.03571, 0.03571, 0.03571, 
0.03571, 0.03571, 0.03571, 0.03571, 0.03571, 0.03571, 0, 0, 0, 
0, 0, 0, 0, 0, 0, 0, 0, 0, 0, 0, 0, 0, 0, 0, 0, 0, 0, 0, 0.50025, 
0.54477, 0.57183, 0.55746, 0.55015, 0.59048, 0.61223, 0.58551, 
0.59836, 0.61726, 0.61401, 0.52914, 0.54617, 0.53456, 0.50659, 
0.54998, 0.59011, 0.57426, 0.5895, 0.60367, 0.61838, 0.63515, 
0.0275, 0.0293, 0.0307, 0.0326, 0.0338, 0.0373, 0.0412, 0.0409, 
0.0408, 0.044, 0.0487, 77.2, 85.3, 93.1, 100.4, 108, 115.5, 123.5, 
130.9, 138, 145.3, 150.7, 1, 1, 1, 1, 1, 1, 1, 1, 1, 1, 1, 1, 
1, 1, 1, 1, 1, 1, 1, 1, 1, 1, 1, 1, 1, 1, 1, 1, 1, 1, 1, 1, 1, 
1, 1, 1, 1, 1, 1, 1, 1, 1, 1, 1, 2.846, 2.672, 2.701, 2.714, 
2.829, 3.257, 3.201, 3.319, 2.67, 2.71, 2.969), .Dim = c(11L, 
40L), .Dimnames = list(NULL, c("Sampling", "PSO.cost", "PSO.gamma", 
"PSO.data.balancing", "PSO.feature.selection", "PSO.valid.acc", 
"PSO.test.acc", "PSO.train.time", "PSO.n.support.vectors", "PSO.index", 
"PSO.n.solutions", "PSO.generations", "PSO.n.evaluations", "PSO.cpu.time", 
"RS.cost", "RS.gamma", "RS.data.balancing", "RS.feature.selection", 
"RS.valid.acc", "RS.test.acc", "RS.train.time", "RS.n.support.vectors", 
"RS.index", "RS.n.solutions", "RS.generations", "RS.n.evaluations", 
"RS.cpu.time", "DF.cost", "DF.gamma", "DF.data.balancing", "DF.feature.selection", 
"DF.valid.acc", "DF.test.acc", "DF.train.time", "DF.n.support.vectors", 
"DF.index", "DF.n.solutions", "DF.generations", "DF.n.evaluations", 
"DF.cpu.time")))
