full <-
structure(c(50, 55, 60, 65, 70, 75, 80, 85, 90, 95, 100, 6.99197, 
0.65198, 5.19517, 1.08141, 5.02041, 8.73602, 5.59921, 0.92815, 
0.5061, 1.15684, 0.38708, -10.47535, -4.14041, -10.3614, -6.74384, 
-11.32543, -14.88181, -9.67452, -5.05043, -4.55355, -5.68446, 
-4.90783, 0, 0, 0, 0, 0, 0, 0, 0, 0, 0, 0, 0, 0, 0, 0, 0, 0, 
0, 0, 0, 0, 0, 0.6697, 0.62268, 0.65214, 0.66286, 0.65534, 0.62865, 
0.63476, 0.65017, 0.66801, 0.64602, 0.65921, 0.57525, 0.60061, 
0.6265, 0.59409, 0.6179, 0.64198, 0.56736, 0.61818, 0.63881, 
0.63605, 0.63592, 0.0251, 0.0298, 0.0291, 0.0311, 0.034, 0.036, 
0.035, 0.0413, 0.0466, 0.0497, 0.0482, 68.4, 84.1, 86.5, 96, 
104.2, 110.3, 114.3, 127.8, 136.2, 141.9, 149.7, 114, 567, 248, 
1139, 230, 127, 67, 661, 957, 2402, 250, 170, 347, 72, 21, 123, 
271, 257, 132, 384, 1, 259, 100, 100, 100, 100, 100, 100, 100, 
100, 100, 100, 100, 2500, 2500, 2500, 2500, 2500, 2500, 2500, 
2500, 2500, 2500, 2500, 6667.855, 6759.403, 6708.793, 6825.783, 
7009.651, 7175.55, 7155.769, 7202.871, 9095.894, 9460.042, 9330.78599999999, 
5.71928, 1.00113, 4.91052, 1.42905, 5.17611, 6.90826, 4.33358, 
0.85582, 0.50674, -0.03869, 0.20358, -9.61909, -4.03871, -10.08489, 
-7.19487, -11.49711, -13.08342, -8.47054, -4.99519, -4.91683, 
-4.62135, -4.47864, 0, 0, 0, 0, 0, 0, 0, 0, 0, 0, 0, 0, 0, 0, 
0, 0, 0, 0, 0, 0, 0, 0, 0.6697, 0.61434, 0.65214, 0.65517, 0.65534, 
0.62865, 0.63476, 0.64462, 0.6562, 0.64073, 0.65859, 0.60434, 
0.59227, 0.6265, 0.60892, 0.6179, 0.64198, 0.589, 0.61887, 0.63914, 
0.62439, 0.62042, 0.0241, 0.0272, 0.0302, 0.031, 0.0314, 0.0325, 
0.0362, 0.039, 0.042, 0.0505, 0.0498, 69.7, 84.4, 86.7, 95.8, 
104.4, 110.4, 115.5, 128.1, 135.8, 144.3, 150, 64, 992, 618, 
1843, 219, 58, 105, 810, 499, 293, 1446, 8, 1, 2, 1, 7, 14, 9, 
3, 3, 2, 1, 100, 100, 100, 100, 100, 100, 100, 100, 100, 100, 
100, 2500, 2500, 2500, 2500, 2500, 2500, 2500, 2500, 2500, 2500, 
2500, 6706.134, 6654.936, 6963.481, 6868.739, 6971.232, 6970.19499999999, 
7203.395, 7191.655, 9216.08200000001, 9500.49900000001, 9457.965, 
1, 1, 1, 1, 1, 1, 1, 1, 1, 1, 1, 0.03571, 0.03571, 0.03571, 0.03571, 
0.03571, 0.03571, 0.03571, 0.03571, 0.03571, 0.03571, 0.03571, 
0, 0, 0, 0, 0, 0, 0, 0, 0, 0, 0, 0, 0, 0, 0, 0, 0, 0, 0, 0, 0, 
0, 0.55293, 0.5999, 0.60063, 0.5977, 0.63662, 0.60578, 0.59409, 
0.62248, 0.62745, 0.64047, 0.63807, 0.58889, 0.62636, 0.60805, 
0.5864, 0.6279, 0.59911, 0.62534, 0.6148, 0.62737, 0.61415, 0.6153, 
0.0278, 0.0267, 0.0307, 0.0305, 0.034, 0.0356, 0.039, 0.0385, 
0.0443, 0.0493, 0.0478, 75.8, 82.9, 90.7, 98.1, 106.8, 114.6, 
121.8, 129.1, 136, 144, 149.8, 1, 1, 1, 1, 1, 1, 1, 1, 1, 1, 
1, 1, 1, 1, 1, 1, 1, 1, 1, 1, 1, 1, 1, 1, 1, 1, 1, 1, 1, 1, 1, 
1, 1, 1, 1, 1, 1, 1, 1, 1, 1, 1, 1, 1, 2.75, 2.548, 2.782, 2.673, 
2.897, 2.926, 2.869, 2.752, 3.67, 3.913, 3.591), .Dim = c(11L, 
40L), .Dimnames = list(NULL, c("Sampling", "PSO.cost", "PSO.gamma", 
"PSO.data.balancing", "PSO.feature.selection", "PSO.valid.acc", 
"PSO.test.acc", "PSO.train.time", "PSO.n.support.vectors", "PSO.index", 
"PSO.n.solutions", "PSO.generations", "PSO.n.evaluations", "PSO.cpu.time", 
"RS.cost", "RS.gamma", "RS.data.balancing", "RS.feature.selection", 
"RS.valid.acc", "RS.test.acc", "RS.train.time", "RS.n.support.vectors", 
"RS.index", "RS.n.solutions", "RS.generations", "RS.n.evaluations", 
"RS.cpu.time", "DF.cost", "DF.gamma", "DF.data.balancing", "DF.feature.selection", 
"DF.valid.acc", "DF.test.acc", "DF.train.time", "DF.n.support.vectors", 
"DF.index", "DF.n.solutions", "DF.generations", "DF.n.evaluations", 
"DF.cpu.time")))
