full <-
structure(c(50, 55, 60, 65, 70, 75, 80, 85, 90, 95, 100, 4.05634, 
4.09929, 9.24286, 2.43616, 2.95015, 2.58022, 6.19193, 0.06134, 
0.50032, 4.37262, 1.30349, -5.07142, -7.94644, -14.21374, -5.48741, 
-6.40846, -6.83286, -11.97364, -3.91798, -3.97014, -9.44752, 
-7.17799, 0, 0, 0, 0, 0, 0, 0, 0, 0, 0, 0, 0, 0, 0, 0, 0, 0, 
0, 0, 0, 0, 0, 0.61419, 0.59157, 0.58887, 0.5887, 0.58958, 0.6299, 
0.62436, 0.61134, 0.62104, 0.64913, 0.64878, 0.61043, 0.58505, 
0.57978, 0.54886, 0.55856, 0.57782, 0.58293, 0.58101, 0.59436, 
0.60025, 0.61691, 0.0299, 0.0262, 0.0316, 0.0347, 0.0356, 0.038, 
0.0384, 0.0424, 0.048, 0.044, 0.0473, 74.7, 77.5, 86.2, 98.2, 
104.8, 110.8, 117.9, 131.3, 139, 137.5, 147.6, 185, 927, 4, 305, 
863, 541, 520, 1733, 2393, 283, 17, 1088, 115, 277, 254, 184, 
62, 46, 7, 1, 52, 614, 100, 100, 100, 100, 100, 100, 100, 100, 
100, 100, 100, 2500, 2500, 2500, 2500, 2500, 2500, 2500, 2500, 
2500, 2500, 2500, 6970.383, 7943.15, 8666.959, 8877.824, 8666.046, 
8699.069, 8696.48, 8974.996, 8858.448, 8769.878, 8798.64999999999, 
8.35484, 3.82985, 8.43499, 1.73031, 1.00532, 1.85349, 8.26762, 
1.46341, 4.51355, 2.33802, 0.67627, -4.98213, -7.69591, -13.47181, 
-4.6031, -5.77196, -5.88686, -14.03601, -5.5615, -8.12444, -6.80227, 
-5.17873, 0, 0, 0, 0, 0, 0, 0, 0, 0, 0, 0, 0, 0, 0, 0, 0, 0, 
0, 0, 0, 0, 0, 0.61419, 0.58157, 0.58887, 0.56505, 0.58262, 0.61657, 
0.6231, 0.60467, 0.61403, 0.64917, 0.64476, 0.61043, 0.59414, 
0.56439, 0.5337, 0.57305, 0.57194, 0.59008, 0.57564, 0.57119, 
0.61739, 0.62741, 0.0273, 0.0287, 0.0313, 0.0342, 0.0359, 0.0387, 
0.0374, 0.0441, 0.0396, 0.0465, 0.0488, 74.7, 78.2, 86.1, 100, 
106.5, 112.5, 118.1, 128.3, 128.6, 139.9, 148.8, 19, 2058, 121, 
1398, 1243, 2132, 1033, 33, 1419, 1623, 2412, 18, 2, 12, 2, 1, 
1, 2, 2, 1, 1, 1, 100, 100, 100, 100, 100, 100, 100, 100, 100, 
100, 100, 2500, 2500, 2500, 2500, 2500, 2500, 2500, 2500, 2500, 
2500, 2500, 6885.934, 8330.964, 8707.42200000001, 8674.229, 8679.978, 
8699.626, 8782.394, 8976.22499999999, 8824.46699999998, 8832.25, 
8884.37299999999, 1, 1, 1, 1, 1, 1, 1, 1, 1, 1, 1, 0.03571, 0.03571, 
0.03571, 0.03571, 0.03571, 0.03571, 0.03571, 0.03571, 0.03571, 
0.03571, 0.03571, 0, 0, 0, 0, 0, 0, 0, 0, 0, 0, 0, 0, 0, 0, 0, 
0, 0, 0, 0, 0, 0, 0, 0.55975, 0.56116, 0.52428, 0.52316, 0.48988, 
0.54673, 0.56997, 0.58722, 0.58285, 0.63885, 0.60765, 0.57995, 
0.53374, 0.51455, 0.53728, 0.53214, 0.55213, 0.57453, 0.59875, 
0.61571, 0.61007, 0.61741, 0.0266, 0.0338, 0.0328, 0.0338, 0.0356, 
0.0368, 0.0394, 0.0414, 0.0461, 0.0474, 0.0458, 75.1, 83.7, 91.3, 
100.1, 108.1, 114.8, 122.5, 130.3, 137.8, 145.4, 150.1, 1, 1, 
1, 1, 1, 1, 1, 1, 1, 1, 1, 1, 1, 1, 1, 1, 1, 1, 1, 1, 1, 1, 1, 
1, 1, 1, 1, 1, 1, 1, 1, 1, 1, 1, 1, 1, 1, 1, 1, 1, 1, 1, 1, 1, 
2.805, 3.458, 3.531, 3.455, 3.473, 3.466, 3.577, 3.575, 3.56, 
3.614, 3.551), .Dim = c(11L, 40L), .Dimnames = list(NULL, c("Sampling", 
"PSO.cost", "PSO.gamma", "PSO.data.balancing", "PSO.feature.selection", 
"PSO.valid.acc", "PSO.test.acc", "PSO.train.time", "PSO.n.support.vectors", 
"PSO.index", "PSO.n.solutions", "PSO.generations", "PSO.n.evaluations", 
"PSO.cpu.time", "RS.cost", "RS.gamma", "RS.data.balancing", "RS.feature.selection", 
"RS.valid.acc", "RS.test.acc", "RS.train.time", "RS.n.support.vectors", 
"RS.index", "RS.n.solutions", "RS.generations", "RS.n.evaluations", 
"RS.cpu.time", "DF.cost", "DF.gamma", "DF.data.balancing", "DF.feature.selection", 
"DF.valid.acc", "DF.test.acc", "DF.train.time", "DF.n.support.vectors", 
"DF.index", "DF.n.solutions", "DF.generations", "DF.n.evaluations", 
"DF.cpu.time")))
