full <-
structure(c(50, 55, 60, 65, 70, 75, 80, 85, 90, 95, 100, 3.38911, 
11.17348, 1.8323, 7.66578, 2.37404, 0.65211, 7.41826, 1.96385, 
3.09774, 0.4821, 0.99665, -8.01007, -15, -6.03829, -11.29904, 
-6.84688, -5.66336, -11.43211, -7.01113, -7.78664, -4.95421, 
-5.71384, 0, 0, 0, 0, 0, 0, 0, 0, 0, 0, 0, 0, 0, 0, 0, 0, 0, 
0, 0, 0, 0, 0, 0.59131, 0.64985, 0.60071, 0.6459, 0.6641, 0.67608, 
0.65482, 0.66171, 0.62825, 0.66292, 0.66545, 0.49884, 0.62949, 
0.59302, 0.61358, 0.65037, 0.62709, 0.61106, 0.62457, 0.59291, 
0.62032, 0.63513, 0.0257, 0.0283, 0.0309, 0.0354, 0.0322, 0.0366, 
0.0348, 0.0394, 0.0416, 0.0453, 0.0478, 74.5, 80.2, 91.5, 93.8, 
104.3, 115, 112.9, 126, 131, 144.7, 148.4, 672, 364, 1998, 702, 
1451, 1838, 1162, 190, 328, 1226, 685, 55, 104, 7, 35, 16, 3, 
50, 98, 287, 49, 136, 100, 100, 100, 100, 100, 100, 100, 100, 
100, 100, 100, 2500, 2500, 2500, 2500, 2500, 2500, 2500, 2500, 
2500, 2500, 2500, 6741.82, 6616.254, 7049.866, 6931.69, 6753.952, 
6673.19900000001, 6625.931, 7755.59199999999, 8242.23700000001, 
8295.265, 8203.22099999999, 3.31326, 1.04346, 1.39904, 8.06724, 
2.32754, 1.72455, 1.4922, 2.12691, 2.66196, 0.8916, 1.16703, 
-7.90675, -5.02556, -5.95669, -11.70548, -6.7616, -6.32118, -6.44528, 
-6.87758, -8.49681, -5.71404, -5.86926, 0, 0, 0, 0, 0, 0, 0, 
0, 0, 0, 0, 0, 0, 0, 0, 0, 0, 0, 0, 0, 0, 0, 0.59131, 0.64465, 
0.60007, 0.6459, 0.65744, 0.66791, 0.65715, 0.65546, 0.62236, 
0.65816, 0.66545, 0.50884, 0.55035, 0.62224, 0.61358, 0.65037, 
0.62606, 0.63238, 0.63046, 0.61085, 0.62996, 0.63513, 0.0272, 
0.0301, 0.0307, 0.0307, 0.0321, 0.0339, 0.0383, 0.0386, 0.0428, 
0.0461, 0.0478, 74.3, 84.1, 91.6, 93.7, 104.3, 112.7, 120.5, 
125.4, 132.1, 143, 148.1, 350, 924, 1677, 457, 608, 1678, 708, 
1892, 496, 414, 1983, 2, 1, 1, 1, 2, 2, 1, 2, 9, 2, 1, 100, 100, 
100, 100, 100, 100, 100, 100, 100, 100, 100, 2500, 2500, 2500, 
2500, 2500, 2500, 2500, 2500, 2500, 2500, 2500, 6758.776, 6749.586, 
7098.407, 6840.128, 6633.122, 6673.435, 6948.181, 8161.091, 8374.18400000001, 
8328.389, 8213.883, 1, 1, 1, 1, 1, 1, 1, 1, 1, 1, 1, 0.03571, 
0.03571, 0.03571, 0.03571, 0.03571, 0.03571, 0.03571, 0.03571, 
0.03571, 0.03571, 0.03571, 0, 0, 0, 0, 0, 0, 0, 0, 0, 0, 0, 0, 
0, 0, 0, 0, 0, 0, 0, 0, 0, 0, 0.48306, 0.54106, 0.53517, 0.57812, 
0.5663, 0.6288, 0.63341, 0.59969, 0.58271, 0.62502, 0.64884, 
0.45793, 0.52515, 0.54426, 0.56693, 0.61341, 0.58539, 0.6348, 
0.60521, 0.57489, 0.60506, 0.63516, 0.0279, 0.0296, 0.0357, 0.0322, 
0.0336, 0.0356, 0.0393, 0.0435, 0.0451, 0.0474, 0.049, 76.9, 
84.4, 92.6, 99.7, 107.6, 115.7, 122.8, 130.7, 137.3, 145.5, 150.9, 
1, 1, 1, 1, 1, 1, 1, 1, 1, 1, 1, 1, 1, 1, 1, 1, 1, 1, 1, 1, 1, 
1, 1, 1, 1, 1, 1, 1, 1, 1, 1, 1, 1, 1, 1, 1, 1, 1, 1, 1, 1, 1, 
1, 1, 2.684, 2.778, 2.877, 2.686, 2.655, 2.651, 2.809, 3.281, 
3.277, 3.266, 3.257), .Dim = c(11L, 40L), .Dimnames = list(NULL, 
    c("Sampling", "PSO.cost", "PSO.gamma", "PSO.data.balancing", 
    "PSO.feature.selection", "PSO.valid.acc", "PSO.test.acc", 
    "PSO.train.time", "PSO.n.support.vectors", "PSO.index", "PSO.n.solutions", 
    "PSO.generations", "PSO.n.evaluations", "PSO.cpu.time", "RS.cost", 
    "RS.gamma", "RS.data.balancing", "RS.feature.selection", 
    "RS.valid.acc", "RS.test.acc", "RS.train.time", "RS.n.support.vectors", 
    "RS.index", "RS.n.solutions", "RS.generations", "RS.n.evaluations", 
    "RS.cpu.time", "DF.cost", "DF.gamma", "DF.data.balancing", 
    "DF.feature.selection", "DF.valid.acc", "DF.test.acc", "DF.train.time", 
    "DF.n.support.vectors", "DF.index", "DF.n.solutions", "DF.generations", 
    "DF.n.evaluations", "DF.cpu.time")))
