full <-
structure(c(50, 55, 60, 65, 70, 75, 80, 85, 90, 95, 100, 1.19478, 
8.77985, 5.76316, 7.2418, 2.81827, 1.248, 0.54176, 4.81783, 0.84166, 
1.99825, 1.10111, -5.08388, -9.18594, -9.58893, -13.10786, -7.32637, 
-5.88702, -5.11321, -9.26162, -6.09707, -6.10918, -5.89804, 0, 
0, 0, 0, 0, 0, 0, 0, 0, 0, 0, 0, 0, 0, 0, 0, 0, 0, 0, 0, 0, 0, 
0.58275, 0.63789, 0.63868, 0.65248, 0.67382, 0.6572, 0.63944, 
0.65564, 0.64901, 0.633, 0.64875, 0.56255, 0.50085, 0.60947, 
0.58061, 0.63626, 0.64529, 0.5978, 0.59424, 0.62787, 0.60393, 
0.63357, 0.0288, 0.0297, 0.0322, 0.0349, 0.0338, 0.0371, 0.0396, 
0.0391, 0.0421, 0.0441, 0.047, 77.6, 81.7, 90.1, 96.7, 102.4, 
113.3, 122.5, 121.8, 135.7, 141.4, 148.1, 977, 277, 238, 653, 
398, 420, 573, 668, 2189, 376, 827, 49, 31, 146, 51, 151, 50, 
81, 22, 8, 525, 194, 100, 100, 100, 100, 100, 100, 100, 100, 
100, 100, 100, 2500, 2500, 2500, 2500, 2500, 2500, 2500, 2500, 
2500, 2500, 2500, 7126.96, 7417.292, 7625.665, 8599.665, 8877.555, 
8915.577, 8942.883, 8946.98999999999, 8966.375, 9029.935, 8892.03999999998, 
1.77419, 8.69478, 5.31062, 7.47779, 2.80451, 1.29296, 9.5676, 
1.27257, 0.43633, 1.51789, 0.58304, -5.83762, -9.17672, -9.01046, 
-13.35471, -7.26609, -6.01012, -13.75405, -5.40351, -5.25795, 
-5.80115, -6.27251, 0, 0, 0, 0, 0, 0, 0, 0, 0, 0, 0, 0, 0, 0, 
0, 0, 0, 0, 0, 0, 0, 0, 0.57073, 0.63789, 0.63034, 0.65248, 0.67382, 
0.6572, 0.63871, 0.65527, 0.63319, 0.62744, 0.63822, 0.55851, 
0.51085, 0.6078, 0.58061, 0.63626, 0.63696, 0.56803, 0.59943, 
0.62313, 0.60501, 0.63312, 0.0284, 0.0298, 0.0292, 0.0345, 0.0343, 
0.0365, 0.0367, 0.0434, 0.0447, 0.0458, 0.0468, 77.2, 81.6, 90.1, 
96.7, 102.2, 112.8, 115.3, 128.4, 136.6, 142.6, 148.4, 1992, 
401, 119, 576, 512, 2436, 209, 1018, 1438, 446, 1855, 1, 1, 14, 
1, 1, 1, 1, 2, 2, 1, 1, 100, 100, 100, 100, 100, 100, 100, 100, 
100, 100, 100, 2500, 2500, 2500, 2500, 2500, 2500, 2500, 2500, 
2500, 2500, 2500, 7449.766, 7558.862, 8116.112, 8888.679, 8910.24500000001, 
8922.012, 8951.012, 9005.318, 9029.33900000001, 9046.826, 8809.38200000001, 
1, 1, 1, 1, 1, 1, 1, 1, 1, 1, 1, 0.03571, 0.03571, 0.03571, 0.03571, 
0.03571, 0.03571, 0.03571, 0.03571, 0.03571, 0.03571, 0.03571, 
0, 0, 0, 0, 0, 0, 0, 0, 0, 0, 0, 0, 0, 0, 0, 0, 0, 0, 0, 0, 0, 
0, 0.50172, 0.54948, 0.55181, 0.55762, 0.61207, 0.61965, 0.59444, 
0.60045, 0.61002, 0.59937, 0.59704, 0.52576, 0.54596, 0.5788, 
0.55913, 0.61118, 0.62966, 0.58526, 0.60637, 0.60084, 0.60998, 
0.6392, 0.0294, 0.0306, 0.0346, 0.0331, 0.0368, 0.0383, 0.0416, 
0.0403, 0.0451, 0.0444, 0.048, 77.6, 85.3, 93.5, 100.3, 108.5, 
115, 123.2, 130, 138, 145.9, 150.8, 1, 1, 1, 1, 1, 1, 1, 1, 1, 
1, 1, 1, 1, 1, 1, 1, 1, 1, 1, 1, 1, 1, 1, 1, 1, 1, 1, 1, 1, 1, 
1, 1, 1, 1, 1, 1, 1, 1, 1, 1, 1, 1, 1, 1, 3.169, 2.972, 3.354, 
3.549, 3.53, 3.564, 3.627, 3.607, 3.576, 3.583, 3.541), .Dim = c(11L, 
40L), .Dimnames = list(NULL, c("Sampling", "PSO.cost", "PSO.gamma", 
"PSO.data.balancing", "PSO.feature.selection", "PSO.valid.acc", 
"PSO.test.acc", "PSO.train.time", "PSO.n.support.vectors", "PSO.index", 
"PSO.n.solutions", "PSO.generations", "PSO.n.evaluations", "PSO.cpu.time", 
"RS.cost", "RS.gamma", "RS.data.balancing", "RS.feature.selection", 
"RS.valid.acc", "RS.test.acc", "RS.train.time", "RS.n.support.vectors", 
"RS.index", "RS.n.solutions", "RS.generations", "RS.n.evaluations", 
"RS.cpu.time", "DF.cost", "DF.gamma", "DF.data.balancing", "DF.feature.selection", 
"DF.valid.acc", "DF.test.acc", "DF.train.time", "DF.n.support.vectors", 
"DF.index", "DF.n.solutions", "DF.generations", "DF.n.evaluations", 
"DF.cpu.time")))
