full <-
structure(c(50, 55, 60, 65, 70, 75, 80, 85, 90, 95, 100, 6.93699, 
1.21824, 5.43982, 8.85159, 1.15607, 4.67358, 1.79187, -0.34206, 
2.44802, 0.97378, 0.46064, -12.95375, -7.64358, -10.94143, -15, 
-5.91318, -9.80818, -6.83745, -5.90084, -7.13166, -5.39482, -4.51367, 
0, 0, 0, 0, 0, 0, 0, 0, 0, 0, 0, 0, 0, 0, 0, 0, 0, 0, 0, 0, 0, 
0, 0.65364, 0.67237, 0.64885, 0.62903, 0.57434, 0.58131, 0.60549, 
0.61806, 0.62976, 0.65275, 0.65901, 0.65343, 0.64328, 0.63321, 
0.60659, 0.55943, 0.56125, 0.59325, 0.60699, 0.57209, 0.63638, 
0.62377, 0.0275, 0.0283, 0.0298, 0.0331, 0.0374, 0.0389, 0.0393, 
0.0399, 0.0408, 0.0495, 0.0524, 75.6, 84.6, 89.2, 97.1, 106.5, 
110.5, 119.9, 131.5, 132.9, 143.8, 150.8, 111, 686, 167, 75, 
195, 714, 455, 986, 886, 500, 705, 131, 109, 85, 128, 155, 72, 
124, 59, 147, 306, 277, 100, 100, 100, 100, 100, 100, 100, 100, 
100, 100, 100, 2500, 2500, 2500, 2500, 2500, 2500, 2500, 2500, 
2500, 2500, 2500, 6811.633, 6896.476, 6704.533, 9343.41800000001, 
9605.26899999999, 9596.29399999999, 9279.749, 9388.50899999999, 
9412.625, 10053.133, 7918.95699999999, 8.09616, 1.44273, 9.07448, 
8.70229, 0.99851, 4.66404, 3.74662, 0.13917, 2.82724, 1.07165, 
1.89956, -14.02008, -7.69082, -14.60427, -14.85364, -5.90011, 
-10.38041, -9.01731, -6.89274, -7.32814, -5.29863, -6.58335, 
0, 0, 0, 0, 0, 0, 0, 0, 0, 0, 0, 0, 0, 0, 0, 0, 0, 0, 0, 0, 0, 
0, 0.64364, 0.67237, 0.64885, 0.62903, 0.57434, 0.58131, 0.5996, 
0.61769, 0.6242, 0.6472, 0.64509, 0.64232, 0.64328, 0.63321, 
0.60659, 0.56712, 0.57411, 0.58773, 0.59449, 0.59602, 0.63638, 
0.63874, 0.027, 0.0288, 0.0338, 0.0339, 0.037, 0.0375, 0.0377, 
0.04, 0.0419, 0.0492, 0.0464, 75.5, 84.4, 89.3, 97.2, 106.6, 
112, 117.9, 131.2, 132.1, 143.7, 146.3, 660, 958, 642, 2115, 
1771, 1272, 320, 854, 500, 265, 2496, 2, 2, 8, 2, 2, 1, 9, 1, 
1, 1, 1, 100, 100, 100, 100, 100, 100, 100, 100, 100, 100, 100, 
2500, 2500, 2500, 2500, 2500, 2500, 2500, 2500, 2500, 2500, 2500, 
6928.288, 6918.036, 8784.979, 9426.994, 9637.93700000001, 9335.18799999999, 
9346.79699999999, 9381.66900000001, 9917.90100000001, 9212.40700000001, 
7919.166, 1, 1, 1, 1, 1, 1, 1, 1, 1, 1, 1, 0.03571, 0.03571, 
0.03571, 0.03571, 0.03571, 0.03571, 0.03571, 0.03571, 0.03571, 
0.03571, 0.03571, 0, 0, 0, 0, 0, 0, 0, 0, 0, 0, 0, 0, 0, 0, 0, 
0, 0, 0, 0, 0, 0, 0, 0.55788, 0.56232, 0.60487, 0.56685, 0.55291, 
0.55529, 0.56585, 0.59931, 0.59529, 0.62603, 0.62792, 0.57788, 
0.58676, 0.59654, 0.59121, 0.53736, 0.56243, 0.56779, 0.59931, 
0.5776, 0.61521, 0.62822, 0.0274, 0.029, 0.0339, 0.0355, 0.038, 
0.0372, 0.0398, 0.041, 0.0469, 0.0448, 0.0483, 77.1, 85.4, 92.5, 
100.3, 108, 115.4, 123.7, 130.7, 138.4, 145.2, 150.9, 1, 1, 1, 
1, 1, 1, 1, 1, 1, 1, 1, 1, 1, 1, 1, 1, 1, 1, 1, 1, 1, 1, 1, 1, 
1, 1, 1, 1, 1, 1, 1, 1, 1, 1, 1, 1, 1, 1, 1, 1, 1, 1, 1, 1, 2.757, 
2.755, 3.732, 3.776, 3.831, 3.638, 3.773, 3.683, 3.99, 3.154, 
3.191), .Dim = c(11L, 40L), .Dimnames = list(NULL, c("Sampling", 
"PSO.cost", "PSO.gamma", "PSO.data.balancing", "PSO.feature.selection", 
"PSO.valid.acc", "PSO.test.acc", "PSO.train.time", "PSO.n.support.vectors", 
"PSO.index", "PSO.n.solutions", "PSO.generations", "PSO.n.evaluations", 
"PSO.cpu.time", "RS.cost", "RS.gamma", "RS.data.balancing", "RS.feature.selection", 
"RS.valid.acc", "RS.test.acc", "RS.train.time", "RS.n.support.vectors", 
"RS.index", "RS.n.solutions", "RS.generations", "RS.n.evaluations", 
"RS.cpu.time", "DF.cost", "DF.gamma", "DF.data.balancing", "DF.feature.selection", 
"DF.valid.acc", "DF.test.acc", "DF.train.time", "DF.n.support.vectors", 
"DF.index", "DF.n.solutions", "DF.generations", "DF.n.evaluations", 
"DF.cpu.time")))
