full <-
structure(c(50, 55, 60, 65, 70, 75, 80, 85, 90, 95, 100, 8.7151, 
1.19088, 8.0946, 3.69691, 0.2501, 3.17097, 1.3101, 0.4023, 0.12465, 
0.67239, 0.50318, -15, -6.63295, -15, -10.55774, -5.88735, -9.37972, 
-7.50144, -6.38789, -6.21497, -4.34434, -5.28903, 0, 0, 0, 0, 
0, 0, 0, 0, 0, 0, 0, 0, 0, 0, 0, 0, 0, 0, 0, 0, 0, 0, 0.59556, 
0.62682, 0.59634, 0.57156, 0.59908, 0.5816, 0.6125, 0.64635, 
0.61791, 0.64652, 0.64374, 0.53333, 0.56288, 0.52255, 0.58491, 
0.59139, 0.56821, 0.60042, 0.60415, 0.60541, 0.59789, 0.61901, 
0.0247, 0.0275, 0.0279, 0.0306, 0.0303, 0.0341, 0.035, 0.0394, 
0.0439, 0.0504, 0.0486, 75.8, 84, 92.4, 99.6, 106.6, 112.6, 120.9, 
129.4, 137.6, 145.2, 149.1, 653, 81, 357, 49, 1021, 32, 204, 
920, 2256, 1106, 447, 122, 407, 111, 69, 47, 98, 197, 53, 1, 
18, 428, 100, 100, 100, 100, 100, 100, 100, 100, 100, 100, 100, 
2500, 2500, 2500, 2500, 2500, 2500, 2500, 2500, 2500, 2500, 2500, 
6537.961, 6457.833, 6506.177, 6633.533, 6475.058, 6595.817, 6592.69499999999, 
6749.63600000001, 7208.58900000001, 7421.12000000001, 7552.19099999999, 
7.23289, 1.65064, 6.59961, 3.72926, 7.55037, 1.39473, 1.64865, 
0.4051, 1.64962, 0.52982, 0.65215, -13.52663, -7.75357, -13.44332, 
-10.4961, -14.13063, -7.65839, -7.88705, -6.69338, -7.55584, 
-5.89222, -5.5974, 0, 0, 0, 0, 0, 0, 0, 0, 0, 0, 0, 0, 0, 0, 
0, 0, 0, 0, 0, 0, 0, 0, 0.58444, 0.62682, 0.58801, 0.57156, 0.59084, 
0.5816, 0.6125, 0.6401, 0.60603, 0.6421, 0.63874, 0.53333, 0.5803, 
0.5245, 0.57721, 0.5837, 0.57583, 0.59375, 0.60415, 0.61605, 
0.63684, 0.61874, 0.0248, 0.0256, 0.0275, 0.031, 0.0328, 0.032, 
0.0359, 0.0365, 0.0431, 0.0432, 0.0482, 75.8, 84.2, 92.1, 99.2, 
106.5, 113, 121.1, 129.9, 135.7, 143.5, 148.1, 2349, 417, 41, 
31, 1461, 387, 225, 2335, 2392, 895, 35, 1, 5, 6, 4, 2, 12, 2, 
1, 1, 1, 3, 100, 100, 100, 100, 100, 100, 100, 100, 100, 100, 
100, 2500, 2500, 2500, 2500, 2500, 2500, 2500, 2500, 2500, 2500, 
2500, 6626.241, 6271.711, 6547.396, 6539.654, 6730, 6661.31200000001, 
6651.136, 6713.333, 7411.144, 7331.68399999999, 7671.05900000001, 
1, 1, 1, 1, 1, 1, 1, 1, 1, 1, 1, 0.03571, 0.03571, 0.03571, 0.03571, 
0.03571, 0.03571, 0.03571, 0.03571, 0.03571, 0.03571, 0.03571, 
0, 0, 0, 0, 0, 0, 0, 0, 0, 0, 0, 0, 0, 0, 0, 0, 0, 0, 0, 0, 0, 
0, 0.49333, 0.59495, 0.55864, 0.53875, 0.5556, 0.49939, 0.55458, 
0.59757, 0.58295, 0.61511, 0.62874, 0.52444, 0.57121, 0.54149, 
0.5458, 0.56886, 0.50873, 0.57347, 0.57956, 0.56663, 0.62628, 
0.60874, 0.0255, 0.0288, 0.0308, 0.0318, 0.034, 0.0333, 0.0365, 
0.0384, 0.0445, 0.0447, 0.0503, 76.9, 84.1, 91, 98.2, 106.9, 
114, 121.6, 129.1, 137.5, 145, 150.6, 1, 1, 1, 1, 1, 1, 1, 1, 
1, 1, 1, 1, 1, 1, 1, 1, 1, 1, 1, 1, 1, 1, 1, 1, 1, 1, 1, 1, 1, 
1, 1, 1, 1, 1, 1, 1, 1, 1, 1, 1, 1, 1, 1, 1, 2.477, 2.627, 2.699, 
2.675, 2.676, 2.514, 2.596, 2.627, 3.006, 2.848, 3.079), .Dim = c(11L, 
40L), .Dimnames = list(NULL, c("Sampling", "PSO.cost", "PSO.gamma", 
"PSO.data.balancing", "PSO.feature.selection", "PSO.valid.acc", 
"PSO.test.acc", "PSO.train.time", "PSO.n.support.vectors", "PSO.index", 
"PSO.n.solutions", "PSO.generations", "PSO.n.evaluations", "PSO.cpu.time", 
"RS.cost", "RS.gamma", "RS.data.balancing", "RS.feature.selection", 
"RS.valid.acc", "RS.test.acc", "RS.train.time", "RS.n.support.vectors", 
"RS.index", "RS.n.solutions", "RS.generations", "RS.n.evaluations", 
"RS.cpu.time", "DF.cost", "DF.gamma", "DF.data.balancing", "DF.feature.selection", 
"DF.valid.acc", "DF.test.acc", "DF.train.time", "DF.n.support.vectors", 
"DF.index", "DF.n.solutions", "DF.generations", "DF.n.evaluations", 
"DF.cpu.time")))
