full <-
structure(c(50, 55, 60, 65, 70, 75, 80, 85, 90, 95, 100, 2.24587, 
1.86491, 1.88969, 5.96292, 5.90027, 3.33421, 5.26348, 0.77789, 
0.77999, 6.93609, 1.77153, -7.83754, -7.47815, -7.95787, -11.5874, 
-10.63103, -7.59363, -9.49828, -5.66445, -6.37961, -11.79319, 
-7.73225, 0, 0, 0, 0, 0, 0, 0, 0, 0, 0, 0, 0, 0, 0, 0, 0, 0, 
0, 0, 0, 0, 0, 0.59265, 0.60258, 0.60613, 0.57884, 0.57868, 0.61271, 
0.60934, 0.62583, 0.61903, 0.64368, 0.65562, 0.57134, 0.52773, 
0.57204, 0.53336, 0.53187, 0.58921, 0.57312, 0.61324, 0.58526, 
0.60753, 0.61497, 0.0285, 0.0271, 0.0299, 0.0317, 0.0375, 0.037, 
0.0367, 0.0402, 0.0445, 0.043, 0.0454, 76.6, 83.9, 92.2, 98.7, 
102.9, 112.2, 117.1, 129.8, 137.6, 137.2, 146.5, 219, 62, 15, 
156, 98, 1553, 955, 429, 307, 67, 209, 180, 149, 93, 124, 89, 
69, 91, 353, 476, 173, 339, 100, 100, 100, 100, 100, 100, 100, 
100, 100, 100, 100, 2500, 2500, 2500, 2500, 2500, 2500, 2500, 
2500, 2500, 2500, 2500, 6799.736, 7104.63, 7163.011, 7372.015, 
7806.354, 8000.155, 8124.204, 8061.50600000001, 8088.652, 7892.92600000001, 
7943.024, 2.10246, 1.76074, 8.27743, 8.85089, 8.64858, 3.43249, 
4.82289, 0.35683, 0.77929, 8.34351, 2.2552, -7.59581, -7.34391, 
-14.52649, -14.41497, -14.19774, -7.5733, -9.56055, -5.25491, 
-6.50374, -13.19376, -8.29698, 0, 0, 0, 0, 0, 0, 0, 0, 0, 0, 
0, 0, 0, 0, 0, 0, 0, 0, 0, 0, 0, 0, 0.59265, 0.60258, 0.61307, 
0.57884, 0.57161, 0.61271, 0.60526, 0.62546, 0.61903, 0.64368, 
0.65562, 0.57134, 0.52773, 0.56988, 0.52503, 0.56821, 0.58879, 
0.59276, 0.61366, 0.59082, 0.60753, 0.60971, 0.0279, 0.0288, 
0.0304, 0.0317, 0.0344, 0.0374, 0.0362, 0.0436, 0.0432, 0.0448, 
0.0451, 76.9, 84.1, 91.3, 98.5, 104, 111.9, 117.8, 130.6, 137.4, 
137.2, 146.4, 570, 770, 701, 85, 10, 623, 1917, 772, 2019, 353, 
801, 3, 2, 1, 5, 13, 2, 1, 2, 1, 3, 4, 100, 100, 100, 100, 100, 
100, 100, 100, 100, 100, 100, 2500, 2500, 2500, 2500, 2500, 2500, 
2500, 2500, 2500, 2500, 2500, 6790.494, 7232.783, 7411.471, 7579.583, 
7944.79300000001, 8203.43699999999, 8070.63400000001, 7940.584, 
7742.35599999999, 8054.80800000002, 8120.61299999998, 1, 1, 1, 
1, 1, 1, 1, 1, 1, 1, 1, 0.03571, 0.03571, 0.03571, 0.03571, 0.03571, 
0.03571, 0.03571, 0.03571, 0.03571, 0.03571, 0.03571, 0, 0, 0, 
0, 0, 0, 0, 0, 0, 0, 0, 0, 0, 0, 0, 0, 0, 0, 0, 0, 0, 0, 0.48573, 
0.5003, 0.43854, 0.48899, 0.5209, 0.53342, 0.5674, 0.60251, 0.5872, 
0.61096, 0.60806, 0.45866, 0.48955, 0.46571, 0.50808, 0.49789, 
0.53198, 0.55382, 0.60251, 0.57737, 0.62748, 0.60995, 0.0298, 
0.0281, 0.0318, 0.036, 0.0354, 0.0398, 0.0383, 0.0423, 0.0449, 
0.0463, 0.0507, 77.6, 85.3, 93.4, 101.3, 108.9, 116.4, 124.5, 
131.5, 139.6, 145.4, 150.8, 1, 1, 1, 1, 1, 1, 1, 1, 1, 1, 1, 
1, 1, 1, 1, 1, 1, 1, 1, 1, 1, 1, 1, 1, 1, 1, 1, 1, 1, 1, 1, 1, 
1, 1, 1, 1, 1, 1, 1, 1, 1, 1, 1, 1, 2.836, 2.725, 2.971, 3.173, 
3.232, 3.276, 3.24, 3.164, 3.108, 3.141, 3.218), .Dim = c(11L, 
40L), .Dimnames = list(NULL, c("Sampling", "PSO.cost", "PSO.gamma", 
"PSO.data.balancing", "PSO.feature.selection", "PSO.valid.acc", 
"PSO.test.acc", "PSO.train.time", "PSO.n.support.vectors", "PSO.index", 
"PSO.n.solutions", "PSO.generations", "PSO.n.evaluations", "PSO.cpu.time", 
"RS.cost", "RS.gamma", "RS.data.balancing", "RS.feature.selection", 
"RS.valid.acc", "RS.test.acc", "RS.train.time", "RS.n.support.vectors", 
"RS.index", "RS.n.solutions", "RS.generations", "RS.n.evaluations", 
"RS.cpu.time", "DF.cost", "DF.gamma", "DF.data.balancing", "DF.feature.selection", 
"DF.valid.acc", "DF.test.acc", "DF.train.time", "DF.n.support.vectors", 
"DF.index", "DF.n.solutions", "DF.generations", "DF.n.evaluations", 
"DF.cpu.time")))
