full <-
structure(c(50, 55, 60, 65, 70, 75, 80, 85, 90, 95, 100, 2.29287, 
1.02631, 1.48235, 2.71932, 9.54783, 0.84121, 0.94437, 1.45398, 
0.37268, 8.37384, 0.60897, -6.60339, -4.80369, -5.99601, -7.85143, 
-15, -5.82147, -5.42506, -5.56387, -5.49238, -12.58348, -4.49766, 
0, 0, 0, 0, 0, 0, 0, 0, 0, 0, 0, 0, 0, 0, 0, 0, 0, 0, 0, 0, 0, 
0, 0.6401, 0.59664, 0.66866, 0.67194, 0.6528, 0.68167, 0.66664, 
0.65094, 0.63777, 0.65363, 0.64254, 0.58601, 0.57581, 0.61317, 
0.62485, 0.63788, 0.63393, 0.63539, 0.6266, 0.60427, 0.59479, 
0.62207, 0.027, 0.0306, 0.0288, 0.0315, 0.0319, 0.0339, 0.0377, 
0.0419, 0.0418, 0.0424, 0.049, 75.6, 83.7, 90.3, 96.8, 101.8, 
113.2, 120.1, 128.9, 136.5, 133.4, 150.8, 962, 790, 505, 1496, 
58, 1627, 475, 1257, 1054, 1205, 699, 183, 170, 436, 31, 148, 
50, 569, 18, 75, 10, 466, 100, 100, 100, 100, 100, 100, 100, 
100, 100, 100, 100, 2500, 2500, 2500, 2500, 2500, 2500, 2500, 
2500, 2500, 2500, 2500, 6554.528, 6761.192, 7047.291, 7138.452, 
7258.70400000001, 7410.16799999999, 7953.208, 8006.44, 7994.24800000001, 
8073.15399999998, 8183.78400000001, 2.22019, 0.87698, 1.16651, 
0.68232, 3.49105, 1.3493, 0.72826, 0.9076, 0.23056, 8.76095, 
0.38567, -6.39991, -4.8719, -5.69297, -5.68494, -8.92146, -5.85869, 
-5.18264, -5.15006, -5.50839, -12.94102, -4.52678, 0, 0, 0, 0, 
0, 0, 0, 0, 0, 0, 0, 0, 0, 0, 0, 0, 0, 0, 0, 0, 0, 0, 0.6301, 
0.58679, 0.66033, 0.67194, 0.65947, 0.66113, 0.66664, 0.64995, 
0.63189, 0.64837, 0.63698, 0.58601, 0.59247, 0.62086, 0.65868, 
0.63073, 0.63482, 0.64789, 0.62571, 0.61015, 0.59479, 0.62152, 
0.0255, 0.0274, 0.0329, 0.0341, 0.0349, 0.0394, 0.0381, 0.0407, 
0.0419, 0.0436, 0.0507, 75.7, 83.7, 90.8, 99.6, 102.7, 112.5, 
121, 129.6, 136.4, 132.8, 151, 847, 677, 442, 2443, 1152, 141, 
334, 250, 1137, 693, 914, 2, 1, 2, 1, 2, 3, 1, 3, 1, 6, 1, 100, 
100, 100, 100, 100, 100, 100, 100, 100, 100, 100, 2500, 2500, 
2500, 2500, 2500, 2500, 2500, 2500, 2500, 2500, 2500, 6514.213, 
6897.077, 7100.536, 7350.341, 7390.816, 7567.163, 7971.349, 7997.507, 
8087.45299999999, 8144.33599999998, 10046.429, 1, 1, 1, 1, 1, 
1, 1, 1, 1, 1, 1, 0.03571, 0.03571, 0.03571, 0.03571, 0.03571, 
0.03571, 0.03571, 0.03571, 0.03571, 0.03571, 0.03571, 0, 0, 0, 
0, 0, 0, 0, 0, 0, 0, 0, 0, 0, 0, 0, 0, 0, 0, 0, 0, 0, 0, 0.5226, 
0.55053, 0.61265, 0.64656, 0.62185, 0.60548, 0.61648, 0.61986, 
0.60466, 0.60333, 0.61984, 0.56149, 0.57679, 0.60355, 0.64682, 
0.59495, 0.59875, 0.6032, 0.63203, 0.6046, 0.60983, 0.62022, 
0.0278, 0.0294, 0.0304, 0.0351, 0.0339, 0.0368, 0.0386, 0.043, 
0.0433, 0.0475, 0.0484, 77.1, 84.4, 92.3, 100.4, 108.1, 114.8, 
122.3, 130.4, 137.3, 145.8, 150.6, 1, 1, 1, 1, 1, 1, 1, 1, 1, 
1, 1, 1, 1, 1, 1, 1, 1, 1, 1, 1, 1, 1, 1, 1, 1, 1, 1, 1, 1, 1, 
1, 1, 1, 1, 1, 1, 1, 1, 1, 1, 1, 1, 1, 1, 2.713, 2.863, 2.828, 
3.089, 2.869, 3.157, 3.143, 3.183, 3.19, 3.204, 4.083), .Dim = c(11L, 
40L), .Dimnames = list(NULL, c("Sampling", "PSO.cost", "PSO.gamma", 
"PSO.data.balancing", "PSO.feature.selection", "PSO.valid.acc", 
"PSO.test.acc", "PSO.train.time", "PSO.n.support.vectors", "PSO.index", 
"PSO.n.solutions", "PSO.generations", "PSO.n.evaluations", "PSO.cpu.time", 
"RS.cost", "RS.gamma", "RS.data.balancing", "RS.feature.selection", 
"RS.valid.acc", "RS.test.acc", "RS.train.time", "RS.n.support.vectors", 
"RS.index", "RS.n.solutions", "RS.generations", "RS.n.evaluations", 
"RS.cpu.time", "DF.cost", "DF.gamma", "DF.data.balancing", "DF.feature.selection", 
"DF.valid.acc", "DF.test.acc", "DF.train.time", "DF.n.support.vectors", 
"DF.index", "DF.n.solutions", "DF.generations", "DF.n.evaluations", 
"DF.cpu.time")))
