full <-
structure(c(50, 55, 60, 65, 70, 75, 80, 85, 90, 95, 100, 5.50357, 
5.1392, 1.01638, 8.93825, 9.23575, 0.88901, 0.58033, 2.09224, 
1.27902, 0.55163, 0.55088, -11.18845, -10.89116, -5.82267, -14.28109, 
-14.43825, -5.47681, -5.52804, -8.2326, -5.16037, -4.77694, -4.98009, 
0, 0, 0, 0, 0, 0, 0, 0, 0, 0, 0, 0, 0, 0, 0, 0, 0, 0, 0, 0, 0, 
0, 0.64101, 0.6041, 0.66438, 0.64477, 0.61496, 0.62869, 0.6349, 
0.61293, 0.62112, 0.67546, 0.64003, 0.5899, 0.5829, 0.62787, 
0.62939, 0.60013, 0.60637, 0.63421, 0.60038, 0.58772, 0.63729, 
0.62421, 0.0259, 0.0272, 0.0308, 0.0308, 0.0323, 0.0354, 0.0377, 
0.0417, 0.0488, 0.0446, 0.0495, 75.6, 83.4, 91.5, 95.8, 102.4, 
114.5, 122.7, 127.1, 137.1, 145.6, 149.7, 424, 227, 493, 63, 
121, 1417, 469, 130, 2165, 770, 1145, 103, 107, 509, 350, 182, 
22, 127, 189, 14, 112, 91, 100, 100, 100, 100, 100, 100, 100, 
100, 100, 100, 100, 2500, 2500, 2500, 2500, 2500, 2500, 2500, 
2500, 2500, 2500, 2500, 6677.984, 7397.168, 8284.718, 8188.158, 
8651.95600000001, 8700.336, 8897.24099999999, 8953.796, 8818.899, 
8873.427, 8868.76999999999, 8.65987, 8.3335, 0.9295, 7.83473, 
9.53908, 0.83949, 5.2955, 1.16765, 1.96484, 0.4808, 0.43896, 
-14.51231, -14.00968, -5.66813, -13.09442, -14.79148, -5.51687, 
-10.91695, -7.09478, -6.6374, -5.43796, -4.84561, 0, 0, 0, 0, 
0, 0, 0, 0, 0, 0, 0, 0, 0, 0, 0, 0, 0, 0, 0, 0, 0, 0, 0.64101, 
0.6041, 0.66438, 0.64477, 0.61496, 0.62869, 0.6224, 0.61293, 
0.61465, 0.6537, 0.63477, 0.57879, 0.6131, 0.62787, 0.62169, 
0.60727, 0.61351, 0.58942, 0.59413, 0.59298, 0.63111, 0.62395, 
0.026, 0.0283, 0.0307, 0.0319, 0.035, 0.0376, 0.0376, 0.043, 
0.0425, 0.0433, 0.0466, 75.8, 83.2, 91.6, 95.7, 102.3, 114.6, 
118.4, 127.8, 133.9, 145.2, 150.3, 119, 150, 1944, 144, 1524, 
1267, 801, 122, 1351, 2419, 439, 8, 4, 1, 9, 2, 1, 2, 9, 1, 1, 
1, 100, 100, 100, 100, 100, 100, 100, 100, 100, 100, 100, 2500, 
2500, 2500, 2500, 2500, 2500, 2500, 2500, 2500, 2500, 2500, 7075.262, 
7894.249, 8161.586, 8452.392, 8661.99099999999, 8734.44500000001, 
8954.69499999999, 9004.74199999998, 8844.67199999999, 8893.78700000001, 
8909.62900000002, 1, 1, 1, 1, 1, 1, 1, 1, 1, 1, 1, 0.03571, 0.03571, 
0.03571, 0.03571, 0.03571, 0.03571, 0.03571, 0.03571, 0.03571, 
0.03571, 0.03571, 0, 0, 0, 0, 0, 0, 0, 0, 0, 0, 0, 0, 0, 0, 0, 
0, 0, 0, 0, 0, 0, 0, 0.5599, 0.53895, 0.59378, 0.59028, 0.56196, 
0.5725, 0.60796, 0.57654, 0.59886, 0.63638, 0.61924, 0.57101, 
0.5736, 0.56839, 0.58119, 0.57101, 0.58006, 0.64046, 0.58101, 
0.56517, 0.63173, 0.62474, 0.0276, 0.0291, 0.0292, 0.0334, 0.0351, 
0.0378, 0.039, 0.0412, 0.044, 0.0487, 0.049, 76.6, 84.6, 92.1, 
99.6, 106.9, 114.9, 123.2, 131.4, 138.3, 146.5, 150.2, 1, 1, 
1, 1, 1, 1, 1, 1, 1, 1, 1, 1, 1, 1, 1, 1, 1, 1, 1, 1, 1, 1, 1, 
1, 1, 1, 1, 1, 1, 1, 1, 1, 1, 1, 1, 1, 1, 1, 1, 1, 1, 1, 1, 1, 
2.926, 3.268, 3.157, 3.45, 3.481, 3.485, 3.573, 3.451, 3.556, 
3.566, 3.536), .Dim = c(11L, 40L), .Dimnames = list(NULL, c("Sampling", 
"PSO.cost", "PSO.gamma", "PSO.data.balancing", "PSO.feature.selection", 
"PSO.valid.acc", "PSO.test.acc", "PSO.train.time", "PSO.n.support.vectors", 
"PSO.index", "PSO.n.solutions", "PSO.generations", "PSO.n.evaluations", 
"PSO.cpu.time", "RS.cost", "RS.gamma", "RS.data.balancing", "RS.feature.selection", 
"RS.valid.acc", "RS.test.acc", "RS.train.time", "RS.n.support.vectors", 
"RS.index", "RS.n.solutions", "RS.generations", "RS.n.evaluations", 
"RS.cpu.time", "DF.cost", "DF.gamma", "DF.data.balancing", "DF.feature.selection", 
"DF.valid.acc", "DF.test.acc", "DF.train.time", "DF.n.support.vectors", 
"DF.index", "DF.n.solutions", "DF.generations", "DF.n.evaluations", 
"DF.cpu.time")))
