full <-
structure(c(50, 55, 60, 65, 70, 75, 80, 85, 90, 95, 100, 0.57191, 
5.30462, 3.78676, 2.39178, 4.29369, 0.82377, 3.05303, 2.24005, 
0.47096, 0.51475, 0.505, -5.18269, -11.1875, -8.70397, -9.12294, 
-10.04247, -6.77822, -9.2974, -8.30848, -4.92267, -5.87826, -4.82201, 
0, 0, 0, 0, 0, 0, 0, 0, 0, 0, 0, 0, 0, 0, 0, 0, 0, 0, 0, 0, 0, 
0, 0.64226, 0.58955, 0.58323, 0.6375, 0.65176, 0.66005, 0.66895, 
0.65625, 0.64014, 0.6591, 0.66714, 0.59088, 0.57525, 0.57414, 
0.59003, 0.61645, 0.63319, 0.64799, 0.63889, 0.63885, 0.63678, 
0.64709, 0.0278, 0.0278, 0.03, 0.0319, 0.0328, 0.0348, 0.0345, 
0.0368, 0.0424, 0.0452, 0.051, 76.3, 81.4, 87.1, 98.2, 101.6, 
114.5, 119.4, 127.4, 137.1, 144, 149.3, 520, 82, 2470, 239, 581, 
343, 173, 310, 351, 557, 1215, 70, 433, 1, 164, 11, 230, 91, 
58, 17, 109, 232, 100, 100, 100, 100, 100, 100, 100, 100, 100, 
100, 100, 2500, 2500, 2500, 2500, 2500, 2500, 2500, 2500, 2500, 
2500, 2500, 7037.035, 7203.727, 7205.956, 7370.651, 7490.997, 
6945.81099999999, 6747.495, 6870.69100000001, 6903.076, 7203.515, 
7270.20599999998, 1.629, 3.82486, 0.898, 1.74614, 3.68408, 0.82312, 
3.25888, 1.24533, -0.15893, 0.31047, 0.62402, -6.08658, -9.91589, 
-6.56874, -8.52279, -9.41527, -6.77313, -9.58613, -7.06155, -5.31805, 
-6.44986, -5.43454, 0, 0, 0, 0, 0, 0, 0, 0, 0, 0, 0, 0, 0, 0, 
0, 0, 0, 0, 0, 0, 0, 0, 0.63199, 0.58955, 0.58183, 0.6375, 0.65176, 
0.66005, 0.66895, 0.65625, 0.63524, 0.65355, 0.655, 0.55188, 
0.56894, 0.57414, 0.57325, 0.59495, 0.63319, 0.64799, 0.63819, 
0.64514, 0.63123, 0.64582, 0.0256, 0.0268, 0.0297, 0.0316, 0.0321, 
0.034, 0.0346, 0.0393, 0.0407, 0.0439, 0.0474, 75.4, 81.8, 90.8, 
98.5, 102, 114.5, 119.3, 128.2, 137.9, 143.9, 147.6, 1717, 33, 
2294, 532, 2383, 617, 304, 1349, 2211, 619, 235, 1, 22, 1, 2, 
1, 1, 9, 2, 1, 1, 1, 100, 100, 100, 100, 100, 100, 100, 100, 
100, 100, 100, 2500, 2500, 2500, 2500, 2500, 2500, 2500, 2500, 
2500, 2500, 2500, 7028.027, 7255.071, 7314.96, 7393.984, 7361.025, 
6948.93000000001, 6907.423, 6871.73300000001, 6916.545, 7315.01700000002, 
7427.79300000001, 1, 1, 1, 1, 1, 1, 1, 1, 1, 1, 1, 0.03571, 0.03571, 
0.03571, 0.03571, 0.03571, 0.03571, 0.03571, 0.03571, 0.03571, 
0.03571, 0.03571, 0, 0, 0, 0, 0, 0, 0, 0, 0, 0, 0, 0, 0, 0, 0, 
0, 0, 0, 0, 0, 0, 0, 0.48624, 0.52303, 0.5549, 0.56492, 0.57139, 
0.6228, 0.61701, 0.63819, 0.63488, 0.64278, 0.63021, 0.53976, 
0.5104, 0.54875, 0.55583, 0.57194, 0.60732, 0.62789, 0.63056, 
0.63958, 0.61491, 0.63159, 0.026, 0.0268, 0.031, 0.0326, 0.0333, 
0.0352, 0.0373, 0.0388, 0.042, 0.0463, 0.0482, 76.6, 84.5, 91.7, 
98.6, 106.8, 115.3, 122.6, 129.8, 137.6, 144.8, 149.2, 1, 1, 
1, 1, 1, 1, 1, 1, 1, 1, 1, 1, 1, 1, 1, 1, 1, 1, 1, 1, 1, 1, 1, 
1, 1, 1, 1, 1, 1, 1, 1, 1, 1, 1, 1, 1, 1, 1, 1, 1, 1, 1, 1, 1, 
2.777, 2.758, 2.928, 2.971, 2.719, 2.679, 2.743, 2.669, 2.747, 
2.948, 2.915), .Dim = c(11L, 40L), .Dimnames = list(NULL, c("Sampling", 
"PSO.cost", "PSO.gamma", "PSO.data.balancing", "PSO.feature.selection", 
"PSO.valid.acc", "PSO.test.acc", "PSO.train.time", "PSO.n.support.vectors", 
"PSO.index", "PSO.n.solutions", "PSO.generations", "PSO.n.evaluations", 
"PSO.cpu.time", "RS.cost", "RS.gamma", "RS.data.balancing", "RS.feature.selection", 
"RS.valid.acc", "RS.test.acc", "RS.train.time", "RS.n.support.vectors", 
"RS.index", "RS.n.solutions", "RS.generations", "RS.n.evaluations", 
"RS.cpu.time", "DF.cost", "DF.gamma", "DF.data.balancing", "DF.feature.selection", 
"DF.valid.acc", "DF.test.acc", "DF.train.time", "DF.n.support.vectors", 
"DF.index", "DF.n.solutions", "DF.generations", "DF.n.evaluations", 
"DF.cpu.time")))
