full <-
structure(c(50, 55, 60, 65, 70, 75, 80, 85, 90, 95, 100, 1.13715, 
6.24188, 1.55423, 3.17786, 2.66217, 3.06946, 4.89216, 1.84194, 
4.2552, 1.42399, 0.39041, -6.60955, -10.74988, -7.76535, -8.65789, 
-7.56661, -9.15913, -10.61697, -7.25356, -8.46925, -6.03229, 
-4.1206, 0, 0, 0, 0, 0, 0, 0, 0, 0, 0, 0, 0, 0, 0, 0, 0, 0, 0, 
0, 0, 0, 0, 0.62727, 0.62677, 0.60784, 0.6248, 0.63852, 0.64322, 
0.65138, 0.63648, 0.65206, 0.63174, 0.65453, 0.57707, 0.56929, 
0.60042, 0.63221, 0.60435, 0.6245, 0.61919, 0.6067, 0.60504, 
0.59867, 0.62322, 0.0277, 0.0298, 0.0297, 0.0312, 0.0339, 0.0351, 
0.0375, 0.0414, 0.0397, 0.0431, 0.052, 77.1, 82.1, 93, 98.6, 
106.9, 114.4, 120.4, 128.3, 129.7, 141.6, 151.1, 187, 116, 161, 
425, 554, 182, 328, 181, 378, 45, 772, 526, 60, 193, 59, 44, 
216, 75, 92, 78, 219, 346, 100, 100, 100, 100, 100, 100, 100, 
100, 100, 100, 100, 2500, 2500, 2500, 2500, 2500, 2500, 2500, 
2500, 2500, 2500, 2500, 6952.393, 6862.014, 6860.581, 7182.55, 
7149.566, 7315.90700000001, 7627.04300000001, 8134.86, 8102.22199999999, 
8231.39099999997, 8424.913, 1.04143, 5.72876, 1.87616, 9.31747, 
3.11721, 2.81364, 7.80351, 1.52056, 4.48607, 8.85066, 0.28987, 
-6.34407, -10.2422, -8.15929, -14.9781, -8.04886, -8.85072, -13.5511, 
-6.60855, -8.66484, -14.98521, -4.25567, 0, 0, 0, 0, 0, 0, 0, 
0, 0, 0, 0, 0, 0, 0, 0, 0, 0, 0, 0, 0, 0, 0, 0.62727, 0.62677, 
0.60784, 0.6169, 0.63852, 0.64322, 0.64583, 0.63023, 0.6468, 
0.62645, 0.64953, 0.57707, 0.56929, 0.59273, 0.61452, 0.60435, 
0.61736, 0.61919, 0.60082, 0.60504, 0.5987, 0.63374, 0.0279, 
0.0289, 0.0285, 0.032, 0.0344, 0.0344, 0.035, 0.0414, 0.0404, 
0.0437, 0.05, 77.1, 82.2, 93, 98.5, 106.5, 114.2, 120, 128, 129.3, 
140.5, 151, 649, 885, 178, 2224, 44, 1094, 74, 188, 1484, 233, 
434, 4, 2, 2, 1, 3, 5, 3, 3, 1, 2, 1, 100, 100, 100, 100, 100, 
100, 100, 100, 100, 100, 100, 2500, 2500, 2500, 2500, 2500, 2500, 
2500, 2500, 2500, 2500, 2500, 6848.987, 6896.12, 7123.914, 6890.57, 
7265.639, 7416.577, 7714.163, 8238.12699999999, 8314.12599999999, 
8445.80600000001, 8243.296, 1, 1, 1, 1, 1, 1, 1, 1, 1, 1, 1, 
0.03571, 0.03571, 0.03571, 0.03571, 0.03571, 0.03571, 0.03571, 
0.03571, 0.03571, 0.03571, 0.03571, 0, 0, 0, 0, 0, 0, 0, 0, 0, 
0, 0, 0, 0, 0, 0, 0, 0, 0, 0, 0, 0, 0, 0.59616, 0.53121, 0.55848, 
0.59156, 0.59076, 0.60105, 0.60723, 0.6056, 0.60595, 0.58285, 
0.63398, 0.56596, 0.56172, 0.54848, 0.57349, 0.59029, 0.58895, 
0.59347, 0.60596, 0.6106, 0.58285, 0.63871, 0.0281, 0.0294, 0.03, 
0.033, 0.0352, 0.0356, 0.0424, 0.0422, 0.0469, 0.047, 0.0474, 
77.5, 85.2, 92.9, 100.1, 107.8, 115.1, 122.9, 130.5, 137.9, 145.1, 
150.2, 1, 1, 1, 1, 1, 1, 1, 1, 1, 1, 1, 1, 1, 1, 1, 1, 1, 1, 
1, 1, 1, 1, 1, 1, 1, 1, 1, 1, 1, 1, 1, 1, 1, 1, 1, 1, 1, 1, 1, 
1, 1, 1, 1, 1, 2.712, 2.778, 2.696, 2.848, 2.904, 3.094, 3.277, 
3.33, 3.37, 3.409, 3.355), .Dim = c(11L, 40L), .Dimnames = list(
    NULL, c("Sampling", "PSO.cost", "PSO.gamma", "PSO.data.balancing", 
    "PSO.feature.selection", "PSO.valid.acc", "PSO.test.acc", 
    "PSO.train.time", "PSO.n.support.vectors", "PSO.index", "PSO.n.solutions", 
    "PSO.generations", "PSO.n.evaluations", "PSO.cpu.time", "RS.cost", 
    "RS.gamma", "RS.data.balancing", "RS.feature.selection", 
    "RS.valid.acc", "RS.test.acc", "RS.train.time", "RS.n.support.vectors", 
    "RS.index", "RS.n.solutions", "RS.generations", "RS.n.evaluations", 
    "RS.cpu.time", "DF.cost", "DF.gamma", "DF.data.balancing", 
    "DF.feature.selection", "DF.valid.acc", "DF.test.acc", "DF.train.time", 
    "DF.n.support.vectors", "DF.index", "DF.n.solutions", "DF.generations", 
    "DF.n.evaluations", "DF.cpu.time")))
