full <-
structure(c(50, 55, 60, 65, 70, 75, 80, 85, 90, 95, 100, 2.60813, 
0.83512, 2.87841, 3.45057, 1.04773, -0.41091, 1.10957, 0.21743, 
0.62265, 8.54027, 0.81939, -6.71633, -6.21974, -8.58158, -9.39868, 
-6.68977, -5.3542, -6.92081, -4.14656, -4.42823, -15, -5.45281, 
0, 0, 0, 0, 0, 0, 0, 0, 0, 0, 0, 0, 0, 0, 0, 0, 0, 0, 0, 0, 0, 
0, 0.62719, 0.60294, 0.60818, 0.60424, 0.67682, 0.66858, 0.64364, 
0.65792, 0.67251, 0.64603, 0.64553, 0.61406, 0.5946, 0.58383, 
0.57599, 0.64951, 0.65209, 0.6178, 0.64858, 0.64466, 0.63653, 
0.64053, 0.027, 0.0283, 0.0288, 0.0311, 0.0327, 0.0351, 0.0365, 
0.0405, 0.0442, 0.0408, 0.048, 74.1, 83.1, 91.4, 97.7, 107.1, 
115.5, 120.6, 130.3, 137.7, 141, 148.2, 416, 1030, 836, 333, 
132, 1298, 178, 778, 1140, 643, 1248, 55, 150, 69, 64, 233, 172, 
676, 65, 208, 21, 14, 100, 100, 100, 100, 100, 100, 100, 100, 
100, 100, 100, 2500, 2500, 2500, 2500, 2500, 2500, 2500, 2500, 
2500, 2500, 2500, 6617.35, 6687.252, 6726.429, 6814.284, 6688.923, 
6730.26500000001, 6927.114, 6817.504, 7089.08200000001, 7110.274, 
7081.36800000002, 4.17823, 2.51484, 3.39922, 3.91932, 0.55181, 
-0.46816, 1.08667, 0.31498, 0.54962, 0.66304, 1.61344, -8.52509, 
-6.75844, -9.26564, -9.909, -6.27344, -5.04567, -6.84828, -4.21318, 
-5.31488, -4.76902, -6.65361, 0, 0, 0, 0, 0, 0, 0, 0, 0, 0, 0, 
0, 0, 0, 0, 0, 0, 0, 0, 0, 0, 0, 0.62311, 0.59758, 0.60049, 0.60424, 
0.67398, 0.64852, 0.64364, 0.65204, 0.66165, 0.64836, 0.63553, 
0.56069, 0.55378, 0.56614, 0.57599, 0.6586, 0.64495, 0.6178, 
0.65525, 0.63874, 0.61484, 0.61947, 0.0262, 0.0289, 0.0302, 0.0309, 
0.033, 0.0369, 0.0365, 0.0416, 0.0436, 0.0476, 0.0426, 73.5, 
82.9, 90.9, 97.7, 107.1, 115.5, 120.7, 130.4, 136.6, 145.3, 145.7, 
242, 283, 506, 976, 617, 1309, 369, 141, 1507, 1739, 472, 2, 
1, 1, 1, 1, 1, 2, 1, 2, 1, 3, 100, 100, 100, 100, 100, 100, 100, 
100, 100, 100, 100, 2500, 2500, 2500, 2500, 2500, 2500, 2500, 
2500, 2500, 2500, 2500, 6623.568, 6699.845, 6770.588, 6797.533, 
6727.266, 6899.072, 6934.38900000001, 6911.00199999999, 7050.55900000001, 
7184.44199999998, 7134.36799999999, 1, 1, 1, 1, 1, 1, 1, 1, 1, 
1, 1, 0.03571, 0.03571, 0.03571, 0.03571, 0.03571, 0.03571, 0.03571, 
0.03571, 0.03571, 0.03571, 0.03571, 0, 0, 0, 0, 0, 0, 0, 0, 0, 
0, 0, 0, 0, 0, 0, 0, 0, 0, 0, 0, 0, 0, 0.57664, 0.54107, 0.55069, 
0.54412, 0.64441, 0.61377, 0.62316, 0.6174, 0.64495, 0.61962, 
0.61447, 0.58326, 0.5844, 0.56195, 0.5636, 0.64181, 0.63272, 
0.61733, 0.62394, 0.6341, 0.62542, 0.61447, 0.0264, 0.0285, 0.031, 
0.0331, 0.034, 0.0372, 0.0391, 0.0389, 0.042, 0.0441, 0.0491, 
75.2, 83.5, 91.2, 99.6, 107.3, 115.2, 122.4, 129.8, 137.4, 145.4, 
151.1, 1, 1, 1, 1, 1, 1, 1, 1, 1, 1, 1, 1, 1, 1, 1, 1, 1, 1, 
1, 1, 1, 1, 1, 1, 1, 1, 1, 1, 1, 1, 1, 1, 1, 1, 1, 1, 1, 1, 1, 
1, 1, 1, 1, 1, 2.586, 2.676, 2.711, 2.712, 2.675, 2.79, 2.856, 
2.726, 2.781, 2.813, 2.991), .Dim = c(11L, 40L), .Dimnames = list(
    NULL, c("Sampling", "PSO.cost", "PSO.gamma", "PSO.data.balancing", 
    "PSO.feature.selection", "PSO.valid.acc", "PSO.test.acc", 
    "PSO.train.time", "PSO.n.support.vectors", "PSO.index", "PSO.n.solutions", 
    "PSO.generations", "PSO.n.evaluations", "PSO.cpu.time", "RS.cost", 
    "RS.gamma", "RS.data.balancing", "RS.feature.selection", 
    "RS.valid.acc", "RS.test.acc", "RS.train.time", "RS.n.support.vectors", 
    "RS.index", "RS.n.solutions", "RS.generations", "RS.n.evaluations", 
    "RS.cpu.time", "DF.cost", "DF.gamma", "DF.data.balancing", 
    "DF.feature.selection", "DF.valid.acc", "DF.test.acc", "DF.train.time", 
    "DF.n.support.vectors", "DF.index", "DF.n.solutions", "DF.generations", 
    "DF.n.evaluations", "DF.cpu.time")))
