full <-
structure(c(50, 55, 60, 65, 70, 75, 80, 85, 90, 95, 100, 5.94755, 
3.10593, 2.56723, 8.52144, 7.57953, 0.45998, 2.76987, 0.55329, 
2.07061, 1.63134, 0.62669, -11.37971, -7.93271, -6.95453, -14.73082, 
-14.0971, -4.40629, -7.43199, -4.32143, -5.63311, -6.03719, -5.60827, 
0, 0, 0, 0, 0, 0, 0, 0, 0, 0, 0, 0, 0, 0, 0, 0, 0, 0, 0, 0, 0, 
0, 0.61306, 0.59901, 0.65355, 0.5999, 0.6063, 0.62724, 0.64751, 
0.62296, 0.61131, 0.65119, 0.64617, 0.58528, 0.55174, 0.59305, 
0.59026, 0.6063, 0.58466, 0.62278, 0.61185, 0.57519, 0.61704, 
0.62409, 0.0268, 0.0256, 0.0297, 0.0296, 0.0344, 0.0385, 0.0365, 
0.0409, 0.0442, 0.0432, 0.0459, 75.6, 81.3, 88.6, 97.4, 106.5, 
116.1, 117.5, 130.6, 136, 142.2, 148, 156, 330, 686, 154, 163, 
888, 2325, 2277, 1725, 476, 1678, 51, 96, 36, 186, 106, 142, 
1, 2, 29, 209, 20, 100, 100, 100, 100, 100, 100, 100, 100, 100, 
100, 100, 2500, 2500, 2500, 2500, 2500, 2500, 2500, 2500, 2500, 
2500, 2500, 6293.381, 6435.295, 6850.843, 7096.332, 7108.351, 
7187.38099999999, 7118.545, 6918.837, 7315.61200000001, 7394.303, 
7459.92499999999, 4.20148, 2.47645, 2.67346, 8.31775, 0.78086, 
0.89427, 2.37671, 0.54439, 0.76987, 1.15334, 1.53585, -9.32369, 
-7.17439, -7.0076, -14.5916, -4.70629, -5.91582, -7.33381, -4.21707, 
-6.86851, -5.65563, -6.57683, 0, 0, 0, 0, 0, 0, 0, 0, 0, 0, 0, 
0, 0, 0, 0, 0, 0, 0, 0, 0, 0, 0, 0.61306, 0.59901, 0.64641, 0.5999, 
0.62297, 0.6144, 0.64126, 0.61708, 0.60422, 0.64592, 0.64114, 
0.59111, 0.54405, 0.59305, 0.59026, 0.62233, 0.5997, 0.61732, 
0.6056, 0.55841, 0.61354, 0.61912, 0.0262, 0.0282, 0.0305, 0.0301, 
0.0334, 0.0366, 0.0382, 0.0428, 0.0407, 0.046, 0.0452, 76.1, 
81.6, 88.4, 97.6, 106.8, 114.6, 117.9, 130.7, 137.5, 143.3, 146.3, 
542, 1300, 1409, 1376, 562, 463, 1261, 1475, 1068, 1906, 1530, 
4, 3, 2, 3, 2, 2, 2, 1, 4, 1, 1, 100, 100, 100, 100, 100, 100, 
100, 100, 100, 100, 100, 2500, 2500, 2500, 2500, 2500, 2500, 
2500, 2500, 2500, 2500, 2500, 6310.163, 6747.643, 6992.636, 7143.594, 
7143.368, 6985.769, 7101.768, 6904.039, 7391.52500000001, 7483.337, 
7517.94500000001, 1, 1, 1, 1, 1, 1, 1, 1, 1, 1, 1, 0.03571, 0.03571, 
0.03571, 0.03571, 0.03571, 0.03571, 0.03571, 0.03571, 0.03571, 
0.03571, 0.03571, 0, 0, 0, 0, 0, 0, 0, 0, 0, 0, 0, 0, 0, 0, 0, 
0, 0, 0, 0, 0, 0, 0, 0.49889, 0.53042, 0.53483, 0.56041, 0.57718, 
0.59867, 0.59658, 0.57614, 0.57915, 0.59702, 0.64088, 0.53833, 
0.51638, 0.54677, 0.56581, 0.58654, 0.60059, 0.59736, 0.5529, 
0.5571, 0.61334, 0.61938, 0.0255, 0.0291, 0.031, 0.0314, 0.0345, 
0.0363, 0.0388, 0.0386, 0.0431, 0.0446, 0.0473, 77.6, 84.5, 92.2, 
99.3, 106.9, 115.8, 122.8, 130, 138.1, 145.9, 150.3, 1, 1, 1, 
1, 1, 1, 1, 1, 1, 1, 1, 1, 1, 1, 1, 1, 1, 1, 1, 1, 1, 1, 1, 1, 
1, 1, 1, 1, 1, 1, 1, 1, 1, 1, 1, 1, 1, 1, 1, 1, 1, 1, 1, 1, 2.483, 
2.72, 2.858, 2.825, 2.918, 2.812, 2.884, 2.674, 2.94, 2.989, 
3.066), .Dim = c(11L, 40L), .Dimnames = list(NULL, c("Sampling", 
"PSO.cost", "PSO.gamma", "PSO.data.balancing", "PSO.feature.selection", 
"PSO.valid.acc", "PSO.test.acc", "PSO.train.time", "PSO.n.support.vectors", 
"PSO.index", "PSO.n.solutions", "PSO.generations", "PSO.n.evaluations", 
"PSO.cpu.time", "RS.cost", "RS.gamma", "RS.data.balancing", "RS.feature.selection", 
"RS.valid.acc", "RS.test.acc", "RS.train.time", "RS.n.support.vectors", 
"RS.index", "RS.n.solutions", "RS.generations", "RS.n.evaluations", 
"RS.cpu.time", "DF.cost", "DF.gamma", "DF.data.balancing", "DF.feature.selection", 
"DF.valid.acc", "DF.test.acc", "DF.train.time", "DF.n.support.vectors", 
"DF.index", "DF.n.solutions", "DF.generations", "DF.n.evaluations", 
"DF.cpu.time")))
