full <-
structure(c(50, 55, 60, 65, 70, 75, 80, 85, 90, 95, 100, 1.45144, 
6.52733, 0.5408, 3.91379, 3.74689, 0.62668, 0.80573, 1.02437, 
0.91814, 5.48018, 0.3594, -5.62362, -12.07533, -5.05122, -8.67836, 
-8.87494, -5.56284, -5.57584, -5.3778, -5.39278, -10.06793, -4.99222, 
0, 0, 0, 0, 0, 0, 0, 0, 0, 0, 0, 0, 0, 0, 0, 0, 0, 0, 0, 0, 0, 
0, 0.59831, 0.60076, 0.61788, 0.59315, 0.59579, 0.64612, 0.66929, 
0.65932, 0.66614, 0.6262, 0.64768, 0.53477, 0.53106, 0.56636, 
0.53985, 0.55915, 0.59934, 0.64382, 0.62899, 0.65006, 0.61456, 
0.63165, 0.0267, 0.0272, 0.0307, 0.0302, 0.0327, 0.0348, 0.0365, 
0.0422, 0.0483, 0.0457, 0.0461, 76.6, 83.5, 93.3, 98.1, 104.5, 
115.8, 122.9, 129.7, 136.2, 135, 150.2, 2356, 30, 1517, 977, 
687, 538, 633, 749, 2404, 1194, 866, 3, 258, 110, 21, 88, 356, 
330, 132, 3, 50, 112, 100, 100, 100, 100, 100, 100, 100, 100, 
100, 100, 100, 2500, 2500, 2500, 2500, 2500, 2500, 2500, 2500, 
2500, 2500, 2500, 6895.593, 6695.026, 6794.626, 6765.26100000001, 
6739.519, 7094.622, 7255.658, 7339.19099999999, 7834.69, 7791.505, 
7872.226, 1.3086, 4.77277, 0.40228, 6.97396, 2.17289, 0.54247, 
0.95966, 1.62942, 1.6924, 4.65034, 0.64149, -5.48183, -10.14571, 
-5.06019, -12.20405, -6.81898, -5.39095, -4.98454, -6.03687, 
-6.2538, -9.22541, -5.51548, 0, 0, 0, 0, 0, 0, 0, 0, 0, 0, 0, 
0, 0, 0, 0, 0, 0, 0, 0, 0, 0, 0, 0.59831, 0.60985, 0.60212, 0.5861, 
0.5981, 0.63176, 0.65096, 0.65376, 0.65463, 0.63146, 0.64241, 
0.53477, 0.54924, 0.55727, 0.55588, 0.56146, 0.59934, 0.62346, 
0.62278, 0.64479, 0.63035, 0.62689, 0.0292, 0.0281, 0.0305, 0.0303, 
0.0328, 0.0356, 0.0399, 0.0435, 0.0422, 0.0413, 0.0455, 76.7, 
83.6, 93.4, 98.4, 106.1, 115.8, 123.3, 127.7, 134.1, 135.5, 148.5, 
2166, 209, 993, 1370, 837, 735, 1880, 2336, 766, 2325, 1075, 
1, 2, 2, 1, 1, 1, 1, 1, 2, 1, 2, 100, 100, 100, 100, 100, 100, 
100, 100, 100, 100, 100, 2500, 2500, 2500, 2500, 2500, 2500, 
2500, 2500, 2500, 2500, 2500, 6785.454, 6705.681, 6787.972, 6797.341, 
6773.511, 7286.55099999999, 7235.057, 7767.005, 7884.52699999999, 
7888.723, 7924.215, 1, 1, 1, 1, 1, 1, 1, 1, 1, 1, 1, 0.03571, 
0.03571, 0.03571, 0.03571, 0.03571, 0.03571, 0.03571, 0.03571, 
0.03571, 0.03571, 0.03571, 0, 0, 0, 0, 0, 0, 0, 0, 0, 0, 0, 0, 
0, 0, 0, 0, 0, 0, 0, 0, 0, 0, 0.54816, 0.57917, 0.57545, 0.52188, 
0.5388, 0.61087, 0.61637, 0.60978, 0.60913, 0.59757, 0.62183, 
0.52705, 0.5625, 0.55561, 0.5458, 0.58249, 0.57934, 0.59679, 
0.60758, 0.63829, 0.61303, 0.63165, 0.0258, 0.0283, 0.03, 0.0342, 
0.0332, 0.0355, 0.0397, 0.0407, 0.0442, 0.0455, 0.0467, 77.4, 
85.6, 93.5, 101.1, 108.8, 116.4, 123.9, 130.3, 137.7, 145.7, 
151, 1, 1, 1, 1, 1, 1, 1, 1, 1, 1, 1, 1, 1, 1, 1, 1, 1, 1, 1, 
1, 1, 1, 1, 1, 1, 1, 1, 1, 1, 1, 1, 1, 1, 1, 1, 1, 1, 1, 1, 1, 
1, 1, 1, 1, 2.567, 2.632, 2.679, 2.848, 2.633, 2.777, 2.911, 
3.106, 3.044, 3.152, 3.132), .Dim = c(11L, 40L), .Dimnames = list(
    NULL, c("Sampling", "PSO.cost", "PSO.gamma", "PSO.data.balancing", 
    "PSO.feature.selection", "PSO.valid.acc", "PSO.test.acc", 
    "PSO.train.time", "PSO.n.support.vectors", "PSO.index", "PSO.n.solutions", 
    "PSO.generations", "PSO.n.evaluations", "PSO.cpu.time", "RS.cost", 
    "RS.gamma", "RS.data.balancing", "RS.feature.selection", 
    "RS.valid.acc", "RS.test.acc", "RS.train.time", "RS.n.support.vectors", 
    "RS.index", "RS.n.solutions", "RS.generations", "RS.n.evaluations", 
    "RS.cpu.time", "DF.cost", "DF.gamma", "DF.data.balancing", 
    "DF.feature.selection", "DF.valid.acc", "DF.test.acc", "DF.train.time", 
    "DF.n.support.vectors", "DF.index", "DF.n.solutions", "DF.generations", 
    "DF.n.evaluations", "DF.cpu.time")))
