full <-
structure(c(50, 55, 60, 65, 70, 75, 80, 85, 90, 95, 100, 2.69116, 
0.94366, 5.28132, 1.60938, 5.46337, 5.93185, 1.02348, 1.77034, 
1.07088, 1.01558, 0.41759, -5.63553, -7.13464, -11.89362, -6.53948, 
-8.5644, -12.23314, -5.26785, -7.72334, -5.68719, -6.25205, -4.72663, 
0, 0, 0, 0, 0, 0, 0, 0, 0, 0, 0, 0, 0, 0, 0, 0, 0, 0, 0, 0, 0, 
0, 0.64192, 0.62881, 0.63728, 0.63895, 0.60566, 0.60271, 0.59246, 
0.63275, 0.63816, 0.63667, 0.66512, 0.61868, 0.6123, 0.60986, 
0.61186, 0.55949, 0.59478, 0.57473, 0.61292, 0.63377, 0.60327, 
0.63348, 0.0278, 0.0328, 0.0302, 0.0329, 0.034, 0.0348, 0.0432, 
0.038, 0.0465, 0.0458, 0.0493, 76, 85, 93.1, 98.6, 100.3, 114.2, 
122.1, 128.7, 137.9, 141.9, 149.9, 1986, 346, 45, 515, 421, 57, 
1117, 273, 439, 283, 1168, 14, 96, 86, 66, 69, 71, 99, 279, 148, 
494, 234, 100, 100, 100, 100, 100, 100, 100, 100, 100, 100, 100, 
2500, 2500, 2500, 2500, 2500, 2500, 2500, 2500, 2500, 2500, 2500, 
7474.785, 8226.832, 8407.115, 8844.97700000001, 8867.12300000001, 
8884.923, 8928.74099999999, 8932.71500000001, 8972.91, 8988.47, 
9122.55299999999, 2.34891, 6.13253, 6.42963, 1.6962, 5.57151, 
5.21082, 1.52007, 1.77331, 0.65354, 1.19247, 0.34441, -5.45121, 
-12.51199, -13.0649, -6.65143, -8.65211, -11.5277, -5.47368, 
-7.64893, -5.04716, -6.55164, -4.63239, 0, 0, 0, 0, 0, 0, 0, 
0, 0, 0, 0, 0, 0, 0, 0, 0, 0, 0, 0, 0, 0, 0, 0.61263, 0.62881, 
0.63728, 0.63895, 0.60566, 0.60271, 0.58691, 0.63275, 0.63351, 
0.62614, 0.65956, 0.59757, 0.61028, 0.61819, 0.61186, 0.56615, 
0.59478, 0.56251, 0.60704, 0.63495, 0.60327, 0.62822, 0.0293, 
0.0285, 0.0341, 0.0354, 0.0346, 0.0364, 0.0385, 0.0403, 0.0463, 
0.0442, 0.0498, 76.3, 84.7, 93.1, 98.2, 100.3, 114.3, 121.3, 
128.6, 138.9, 141.5, 150.1, 1741, 595, 1201, 286, 2306, 61, 2253, 
189, 213, 138, 67, 1, 6, 4, 1, 1, 5, 1, 1, 1, 3, 1, 100, 100, 
100, 100, 100, 100, 100, 100, 100, 100, 100, 2500, 2500, 2500, 
2500, 2500, 2500, 2500, 2500, 2500, 2500, 2500, 7755.772, 7909.116, 
8739.137, 8867.95600000001, 8890.77, 8933.276, 8954.02800000001, 
8989.81900000002, 9017.17000000001, 9047.77900000001, 9147.59399999998, 
1, 1, 1, 1, 1, 1, 1, 1, 1, 1, 1, 0.03571, 0.03571, 0.03571, 0.03571, 
0.03571, 0.03571, 0.03571, 0.03571, 0.03571, 0.03571, 0.03571, 
0, 0, 0, 0, 0, 0, 0, 0, 0, 0, 0, 0, 0, 0, 0, 0, 0, 0, 0, 0, 0, 
0, 0.56208, 0.57361, 0.58463, 0.60733, 0.55566, 0.57318, 0.53268, 
0.60948, 0.59017, 0.59391, 0.65459, 0.56299, 0.5927, 0.59459, 
0.59112, 0.58328, 0.56485, 0.56403, 0.59412, 0.61328, 0.5915, 
0.60877, 0.0288, 0.03, 0.0328, 0.0346, 0.0334, 0.0385, 0.0397, 
0.0416, 0.0452, 0.0481, 0.0472, 77.2, 84.2, 92.2, 100, 107, 116, 
123.1, 131.5, 139.3, 145.8, 150.1, 1, 1, 1, 1, 1, 1, 1, 1, 1, 
1, 1, 1, 1, 1, 1, 1, 1, 1, 1, 1, 1, 1, 1, 1, 1, 1, 1, 1, 1, 1, 
1, 1, 1, 1, 1, 1, 1, 1, 1, 1, 1, 1, 1, 1, 3.202, 2.995, 3.539, 
3.535, 3.55, 3.557, 3.604, 3.663, 3.629, 3.64, 3.667), .Dim = c(11L, 
40L), .Dimnames = list(NULL, c("Sampling", "PSO.cost", "PSO.gamma", 
"PSO.data.balancing", "PSO.feature.selection", "PSO.valid.acc", 
"PSO.test.acc", "PSO.train.time", "PSO.n.support.vectors", "PSO.index", 
"PSO.n.solutions", "PSO.generations", "PSO.n.evaluations", "PSO.cpu.time", 
"RS.cost", "RS.gamma", "RS.data.balancing", "RS.feature.selection", 
"RS.valid.acc", "RS.test.acc", "RS.train.time", "RS.n.support.vectors", 
"RS.index", "RS.n.solutions", "RS.generations", "RS.n.evaluations", 
"RS.cpu.time", "DF.cost", "DF.gamma", "DF.data.balancing", "DF.feature.selection", 
"DF.valid.acc", "DF.test.acc", "DF.train.time", "DF.n.support.vectors", 
"DF.index", "DF.n.solutions", "DF.generations", "DF.n.evaluations", 
"DF.cpu.time")))
