full <-
structure(c(50, 55, 60, 65, 70, 75, 80, 85, 90, 95, 100, 0.8992, 
1.36865, 1.36079, 1.43514, 3.34337, 1.14085, 1.27808, 0.44506, 
0.81862, 1.21171, 2.09178, -4.17444, -5.76476, -5.35, -5.51301, 
-7.54722, -5.15272, -6.16356, -6.1157, -5.96687, -6.89395, -8.43748, 
0, 0, 0, 0, 0, 0, 0, 0, 0, 0, 0, 0, 0, 0, 0, 0, 0, 0, 0, 0, 0, 
0, 0.62859, 0.60207, 0.64001, 0.59872, 0.63093, 0.62387, 0.63859, 
0.65132, 0.64127, 0.6418, 0.63895, 0.57525, 0.56465, 0.59137, 
0.55897, 0.60423, 0.5868, 0.59936, 0.63719, 0.63539, 0.62012, 
0.61342, 0.0256, 0.0281, 0.0283, 0.0301, 0.0305, 0.0366, 0.036, 
0.0365, 0.038, 0.0404, 0.0438, 77.5, 84.8, 93.3, 100.4, 105.4, 
115.7, 123.3, 132.1, 138.2, 141.5, 146.8, 702, 811, 547, 944, 
411, 915, 223, 1618, 888, 967, 259, 185, 55, 500, 24, 39, 164, 
570, 40, 31, 123, 493, 100, 100, 100, 100, 100, 100, 100, 100, 
100, 100, 100, 2500, 2500, 2500, 2500, 2500, 2500, 2500, 2500, 
2500, 2500, 2500, 6128.576, 6133.993, 6161.771, 6194.341, 6243.91800000001, 
6270.109, 6357.10400000001, 6425.61600000001, 6496.42, 6532.56200000001, 
6552.31999999999, 0.79464, 2.01979, 1.37246, 8.11358, 1.52654, 
1.61393, 1.20613, 0.10643, 0.93031, 1.36666, 2.10907, -4.18713, 
-6.06722, -5.53011, -13.42948, -5.64149, -7.41591, -6.11829, 
-5.77362, -6.08476, -6.83684, -8.36835, 0, 0, 0, 0, 0, 0, 0, 
0, 0, 0, 0, 0, 0, 0, 0, 0, 0, 0, 0, 0, 0, 0, 0.6104, 0.61116, 
0.63092, 0.59103, 0.62817, 0.61799, 0.63859, 0.64544, 0.64127, 
0.63703, 0.63895, 0.57525, 0.60131, 0.58318, 0.61346, 0.58243, 
0.60363, 0.59936, 0.63719, 0.64095, 0.61986, 0.61342, 0.0261, 
0.0268, 0.0286, 0.0308, 0.0317, 0.0323, 0.0347, 0.0398, 0.0389, 
0.0402, 0.0414, 77.5, 84.5, 93.2, 98, 108.3, 114.9, 123.3, 132.5, 
137.7, 140.8, 146.6, 571, 2071, 1939, 1655, 444, 1939, 1670, 
285, 1589, 1836, 36, 1, 1, 1, 1, 1, 2, 1, 8, 1, 2, 2, 100, 100, 
100, 100, 100, 100, 100, 100, 100, 100, 100, 2500, 2500, 2500, 
2500, 2500, 2500, 2500, 2500, 2500, 2500, 2500, 6166.558, 6149.994, 
6143.375, 6226.89, 6281.094, 6323.91899999999, 6372.977, 6506.69399999999, 
6544.42700000001, 6620.145, 6788.51499999998, 1, 1, 1, 1, 1, 
1, 1, 1, 1, 1, 1, 0.03571, 0.03571, 0.03571, 0.03571, 0.03571, 
0.03571, 0.03571, 0.03571, 0.03571, 0.03571, 0.03571, 0, 0, 0, 
0, 0, 0, 0, 0, 0, 0, 0, 0, 0, 0, 0, 0, 0, 0, 0, 0, 0, 0, 0.56929, 
0.57187, 0.58124, 0.57436, 0.5696, 0.58158, 0.6253, 0.57819, 
0.60663, 0.61615, 0.59184, 0.56616, 0.57263, 0.57097, 0.53462, 
0.53956, 0.57594, 0.57967, 0.61366, 0.63572, 0.61015, 0.62395, 
0.0252, 0.0271, 0.0288, 0.0314, 0.0315, 0.0339, 0.0372, 0.0384, 
0.0419, 0.0446, 0.045, 77.5, 85.6, 93.6, 101.6, 109.5, 116, 124.7, 
132.4, 140.2, 145.3, 150.7, 1, 1, 1, 1, 1, 1, 1, 1, 1, 1, 1, 
1, 1, 1, 1, 1, 1, 1, 1, 1, 1, 1, 1, 1, 1, 1, 1, 1, 1, 1, 1, 1, 
1, 1, 1, 1, 1, 1, 1, 1, 1, 1, 1, 1, 2.373, 2.44, 2.419, 2.539, 
2.448, 2.488, 2.577, 2.549, 2.675, 2.741, 2.684), .Dim = c(11L, 
40L), .Dimnames = list(NULL, c("Sampling", "PSO.cost", "PSO.gamma", 
"PSO.data.balancing", "PSO.feature.selection", "PSO.valid.acc", 
"PSO.test.acc", "PSO.train.time", "PSO.n.support.vectors", "PSO.index", 
"PSO.n.solutions", "PSO.generations", "PSO.n.evaluations", "PSO.cpu.time", 
"RS.cost", "RS.gamma", "RS.data.balancing", "RS.feature.selection", 
"RS.valid.acc", "RS.test.acc", "RS.train.time", "RS.n.support.vectors", 
"RS.index", "RS.n.solutions", "RS.generations", "RS.n.evaluations", 
"RS.cpu.time", "DF.cost", "DF.gamma", "DF.data.balancing", "DF.feature.selection", 
"DF.valid.acc", "DF.test.acc", "DF.train.time", "DF.n.support.vectors", 
"DF.index", "DF.n.solutions", "DF.generations", "DF.n.evaluations", 
"DF.cpu.time")))
