full <-
structure(c(50, 55, 60, 65, 70, 75, 80, 85, 90, 95, 100, 1.25355, 
5.55042, 3.07347, 2.56252, 1.71786, 0.59123, 1.37608, 4.02966, 
0.81997, 0.24625, 0.46986, -8.11195, -10.12752, -7.37297, -7.02456, 
-5.76162, -6.46458, -7.37535, -9.47369, -5.09026, -4.38407, -6.25429, 
0, 0, 0, 0, 0, 0, 0, 0, 0, 0, 0, 0, 0, 0, 0, 0, 0, 0, 0, 0, 0, 
0, 0.65626, 0.61055, 0.66083, 0.65394, 0.66008, 0.66176, 0.6544, 
0.64293, 0.67508, 0.64613, 0.63639, 0.6096, 0.58215, 0.6151, 
0.57857, 0.59986, 0.63545, 0.64656, 0.61936, 0.63901, 0.62096, 
0.63639, 0.0261, 0.0256, 0.0296, 0.0304, 0.0313, 0.0344, 0.0369, 
0.038, 0.0403, 0.0445, 0.0455, 76.4, 81, 88.4, 96.4, 104.4, 112.1, 
119.6, 125, 136.7, 144.9, 148.3, 772, 814, 576, 367, 2131, 137, 
479, 352, 882, 2371, 322, 62, 30, 162, 66, 2, 685, 68, 120, 137, 
5, 383, 100, 100, 100, 100, 100, 100, 100, 100, 100, 100, 100, 
2500, 2500, 2500, 2500, 2500, 2500, 2500, 2500, 2500, 2500, 2500, 
6485.268, 6303.399, 6444.418, 6444.469, 6502.91800000001, 6721.81099999999, 
6932.628, 7130.36200000001, 6863.726, 7268.798, 7316.068, 2.1119, 
5.87607, 3.53788, 2.75901, 1.7122, 0.24581, 1.43077, 4.25252, 
0.98064, 0.28879, 0.46914, -8.95419, -10.46491, -7.90275, -9.27732, 
-7.85896, -5.98331, -7.46055, -9.7106, -5.35897, -4.77039, -6.36488, 
0, 0, 0, 0, 0, 0, 0, 0, 0, 0, 0, 0, 0, 0, 0, 0, 0, 0, 0, 0, 0, 
0, 0.64626, 0.61055, 0.66083, 0.64038, 0.65397, 0.65509, 0.64852, 
0.64293, 0.66295, 0.62998, 0.63639, 0.59869, 0.59326, 0.6242, 
0.59396, 0.624, 0.62823, 0.64656, 0.61936, 0.63901, 0.62008, 
0.63639, 0.026, 0.0278, 0.027, 0.0292, 0.0326, 0.0349, 0.0348, 
0.0397, 0.0425, 0.0459, 0.0456, 76.3, 81, 88.3, 98.9, 105.5, 
113.1, 119.5, 125, 136.4, 144.2, 148.3, 285, 878, 306, 360, 199, 
2094, 374, 989, 2138, 1745, 893, 3, 2, 2, 3, 6, 1, 2, 1, 1, 1, 
2, 100, 100, 100, 100, 100, 100, 100, 100, 100, 100, 100, 2500, 
2500, 2500, 2500, 2500, 2500, 2500, 2500, 2500, 2500, 2500, 6359.169, 
6512.104, 6363.827, 6489.041, 6755.88299999999, 6835.03300000001, 
7092.99000000001, 7047.402, 7089.091, 7516.76199999999, 7540.01599999997, 
1, 1, 1, 1, 1, 1, 1, 1, 1, 1, 1, 0.03571, 0.03571, 0.03571, 0.03571, 
0.03571, 0.03571, 0.03571, 0.03571, 0.03571, 0.03571, 0.03571, 
0, 0, 0, 0, 0, 0, 0, 0, 0, 0, 0, 0, 0, 0, 0, 0, 0, 0, 0, 0, 0, 
0, 0.55773, 0.57277, 0.58548, 0.57793, 0.59871, 0.60715, 0.6392, 
0.60719, 0.64628, 0.61384, 0.62036, 0.55614, 0.55397, 0.59305, 
0.5869, 0.62836, 0.61532, 0.62581, 0.62627, 0.64588, 0.61508, 
0.63094, 0.0268, 0.0286, 0.0307, 0.032, 0.0333, 0.0342, 0.0384, 
0.0411, 0.0442, 0.0437, 0.0459, 76.6, 84.3, 92.2, 99.5, 106.9, 
114.4, 121.4, 129.4, 137.1, 144.5, 151.2, 1, 1, 1, 1, 1, 1, 1, 
1, 1, 1, 1, 1, 1, 1, 1, 1, 1, 1, 1, 1, 1, 1, 1, 1, 1, 1, 1, 1, 
1, 1, 1, 1, 1, 1, 1, 1, 1, 1, 1, 1, 1, 1, 1, 1, 2.588, 2.656, 
2.64, 2.653, 2.648, 2.64, 2.883, 2.893, 2.97, 2.853, 3.025), .Dim = c(11L, 
40L), .Dimnames = list(NULL, c("Sampling", "PSO.cost", "PSO.gamma", 
"PSO.data.balancing", "PSO.feature.selection", "PSO.valid.acc", 
"PSO.test.acc", "PSO.train.time", "PSO.n.support.vectors", "PSO.index", 
"PSO.n.solutions", "PSO.generations", "PSO.n.evaluations", "PSO.cpu.time", 
"RS.cost", "RS.gamma", "RS.data.balancing", "RS.feature.selection", 
"RS.valid.acc", "RS.test.acc", "RS.train.time", "RS.n.support.vectors", 
"RS.index", "RS.n.solutions", "RS.generations", "RS.n.evaluations", 
"RS.cpu.time", "DF.cost", "DF.gamma", "DF.data.balancing", "DF.feature.selection", 
"DF.valid.acc", "DF.test.acc", "DF.train.time", "DF.n.support.vectors", 
"DF.index", "DF.n.solutions", "DF.generations", "DF.n.evaluations", 
"DF.cpu.time")))
