full <-
structure(c(50, 55, 60, 65, 70, 75, 80, 85, 90, 95, 100, 7.43847, 
8.17685, 3.95353, 0.14168, 1.32052, 1.57068, 2.1593, 1.51521, 
0.5313, 0.26878, 0.10356, -12.81604, -8.70781, -9.17831, -4.71273, 
-6.13577, -6.40525, -7.67589, -6.42947, -4.94849, -4.68143, -6.65001, 
0, 0, 0, 0, 0, 0, 0, 0, 0, 0, 0, 0, 0, 0, 0, 0, 0, 0, 0, 0, 0, 
0, 0.6399, 0.59854, 0.60838, 0.64912, 0.64462, 0.65483, 0.66883, 
0.68915, 0.65538, 0.64588, 0.62681, 0.61081, 0.43707, 0.5358, 
0.61429, 0.60751, 0.62088, 0.65018, 0.65905, 0.65538, 0.62931, 
0.62075, 0.0272, 0.0285, 0.0273, 0.0322, 0.0326, 0.0347, 0.0358, 
0.0378, 0.0429, 0.0458, 0.0436, 76, 80.9, 89.7, 100.3, 107, 114.3, 
120.2, 126.2, 136.9, 145, 151, 113, 702, 69, 438, 1291, 163, 
1155, 405, 849, 1147, 868, 139, 111, 268, 251, 66, 143, 76, 24, 
341, 161, 35, 100, 100, 100, 100, 100, 100, 100, 100, 100, 100, 
100, 2500, 2500, 2500, 2500, 2500, 2500, 2500, 2500, 2500, 2500, 
2500, 6286.857, 6446.786, 6550.146, 6982.084, 7088.91, 7242.644, 
7330.787, 7469.03200000001, 7558.39, 7593.63500000001, 7629.31299999999, 
6.53833, 12.77084, 7.79137, 0.07008, 1.13379, 1.51786, 2.36388, 
1.29236, 0.6494, 0.33104, -0.63404, -11.84953, -8.7606, -12.94128, 
-4.85583, -5.90429, -6.51315, -7.80058, -6.13416, -4.84161, -4.72957, 
-5.43136, 0, 0, 0, 0, 0, 0, 0, 0, 0, 0, 0, 0, 0, 0, 0, 0, 0, 
0, 0, 0, 0, 0, 0.6399, 0.58944, 0.60838, 0.63912, 0.63748, 0.64816, 
0.66258, 0.68327, 0.63345, 0.63556, 0.62657, 0.61081, 0.43783, 
0.5258, 0.62429, 0.59918, 0.62088, 0.63589, 0.66493, 0.64424, 
0.619, 0.60372, 0.0247, 0.0274, 0.0281, 0.0322, 0.0338, 0.0345, 
0.0349, 0.0383, 0.0433, 0.0463, 0.0449, 75.9, 80.8, 89.4, 100.3, 
106.9, 114.4, 120.2, 126.9, 137.2, 144.9, 152.2, 791, 1, 55, 
1931, 1751, 1402, 321, 2492, 1984, 939, 1701, 9, 5, 15, 1, 1, 
2, 7, 1, 1, 1, 1, 100, 100, 100, 100, 100, 100, 100, 100, 100, 
100, 100, 2500, 2500, 2500, 2500, 2500, 2500, 2500, 2500, 2500, 
2500, 2500, 6337.396, 6489.016, 6827.55, 7095.723, 7206.811, 
7265.67599999999, 7454.90399999999, 7523.05900000001, 7571.23899999999, 
7626.00200000001, 7715.08499999999, 1, 1, 1, 1, 1, 1, 1, 1, 1, 
1, 1, 0.03571, 0.03571, 0.03571, 0.03571, 0.03571, 0.03571, 0.03571, 
0.03571, 0.03571, 0.03571, 0.03571, 0, 0, 0, 0, 0, 0, 0, 0, 0, 
0, 0, 0, 0, 0, 0, 0, 0, 0, 0, 0, 0, 0, 0.56525, 0.54051, 0.55429, 
0.63912, 0.58495, 0.63435, 0.62935, 0.64724, 0.63218, 0.63001, 
0.60011, 0.55616, 0.53646, 0.54376, 0.63262, 0.60829, 0.6496, 
0.6481, 0.6597, 0.64979, 0.61945, 0.60381, 0.0255, 0.0274, 0.0309, 
0.0318, 0.034, 0.0369, 0.0377, 0.0402, 0.0429, 0.0464, 0.0473, 
76.7, 84.7, 92.1, 100.3, 108.1, 115.6, 122.7, 129.4, 137.8, 145.3, 
149.5, 1, 1, 1, 1, 1, 1, 1, 1, 1, 1, 1, 1, 1, 1, 1, 1, 1, 1, 
1, 1, 1, 1, 1, 1, 1, 1, 1, 1, 1, 1, 1, 1, 1, 1, 1, 1, 1, 1, 1, 
1, 1, 1, 1, 1, 2.507, 2.561, 2.823, 2.813, 2.855, 2.99, 2.949, 
2.945, 2.964, 3.165, 3.051), .Dim = c(11L, 40L), .Dimnames = list(
    NULL, c("Sampling", "PSO.cost", "PSO.gamma", "PSO.data.balancing", 
    "PSO.feature.selection", "PSO.valid.acc", "PSO.test.acc", 
    "PSO.train.time", "PSO.n.support.vectors", "PSO.index", "PSO.n.solutions", 
    "PSO.generations", "PSO.n.evaluations", "PSO.cpu.time", "RS.cost", 
    "RS.gamma", "RS.data.balancing", "RS.feature.selection", 
    "RS.valid.acc", "RS.test.acc", "RS.train.time", "RS.n.support.vectors", 
    "RS.index", "RS.n.solutions", "RS.generations", "RS.n.evaluations", 
    "RS.cpu.time", "DF.cost", "DF.gamma", "DF.data.balancing", 
    "DF.feature.selection", "DF.valid.acc", "DF.test.acc", "DF.train.time", 
    "DF.n.support.vectors", "DF.index", "DF.n.solutions", "DF.generations", 
    "DF.n.evaluations", "DF.cpu.time")))
