full <-
structure(c(50, 55, 60, 65, 70, 75, 80, 85, 90, 95, 100, 3.22926, 
6.85541, 0.87751, 0.84273, 3.97945, 0.27603, 0.30272, 0.73679, 
5.01627, -0.00238, 0.67681, -8.46321, -12.86827, -4.36359, -6.73425, 
-8.89659, -6.65817, -4.48535, -5.50238, -10.93226, -6.10057, 
-4.9178, 0, 0, 0, 0, 0, 0, 0, 0, 0, 0, 0, 0, 0, 0, 0, 0, 0, 0, 
0, 0, 0, 0, 0.63462, 0.67748, 0.68119, 0.65224, 0.67381, 0.65592, 
0.66408, 0.66471, 0.63342, 0.6529, 0.68094, 0.61717, 0.65625, 
0.63031, 0.67271, 0.64907, 0.64108, 0.61224, 0.64846, 0.62129, 
0.60339, 0.62365, 0.0276, 0.0266, 0.0327, 0.0331, 0.0342, 0.0348, 
0.0406, 0.04, 0.0409, 0.0455, 0.048, 73.3, 80.5, 90.4, 95.6, 
98, 114.9, 121.2, 126.5, 132.3, 145.1, 149.1, 379, 151, 80, 269, 
788, 1091, 36, 1416, 113, 48, 1216, 36, 252, 610, 593, 55, 106, 
109, 153, 75, 281, 128, 100, 100, 100, 100, 100, 100, 100, 100, 
100, 100, 100, 2500, 2500, 2500, 2500, 2500, 2500, 2500, 2500, 
2500, 2500, 2500, 7078.998, 7864.379, 8530.578, 8787.495, 8617.911, 
8676.232, 8922.342, 8739.719, 8770.94399999999, 8819.212, 8862.48699999999, 
2.53964, 5.63739, 1.08571, 0.87444, 1.16562, -0.32036, 0.35279, 
0.60626, 0.36251, 0.00906, 0.76785, -7.743, -11.55087, -4.22119, 
-6.90664, -6.12713, -5.7013, -4.43078, -5.24447, -6.64521, -6.3552, 
-4.96308, 0, 0, 0, 0, 0, 0, 0, 0, 0, 0, 0, 0, 0, 0, 0, 0, 0, 
0, 0, 0, 0, 0, 0.63462, 0.67748, 0.68119, 0.65224, 0.66557, 0.64925, 
0.65783, 0.65883, 0.63379, 0.64814, 0.67594, 0.62967, 0.65625, 
0.64941, 0.66605, 0.64842, 0.61346, 0.61224, 0.64846, 0.62732, 
0.59813, 0.61777, 0.0274, 0.0286, 0.033, 0.0314, 0.0323, 0.035, 
0.0389, 0.0401, 0.0436, 0.0461, 0.0484, 73.3, 80.3, 90.3, 96.2, 
102.1, 115, 121.3, 127.2, 137, 145.2, 149.1, 225, 230, 194, 1661, 
1102, 6, 432, 1150, 1279, 1884, 1426, 2, 8, 4, 1, 1, 2, 2, 1, 
1, 1, 1, 100, 100, 100, 100, 100, 100, 100, 100, 100, 100, 100, 
2500, 2500, 2500, 2500, 2500, 2500, 2500, 2500, 2500, 2500, 2500, 
7365.623, 8264.753, 8682.984, 8842.229, 8680.817, 8899.89000000001, 
8909.719, 8703.572, 8822.20499999999, 8896.44399999999, 8884.296, 
1, 1, 1, 1, 1, 1, 1, 1, 1, 1, 1, 0.03571, 0.03571, 0.03571, 0.03571, 
0.03571, 0.03571, 0.03571, 0.03571, 0.03571, 0.03571, 0.03571, 
0, 0, 0, 0, 0, 0, 0, 0, 0, 0, 0, 0, 0, 0, 0, 0, 0, 0, 0, 0, 0, 
0, 0.5874, 0.62376, 0.66301, 0.62664, 0.61249, 0.61394, 0.65068, 
0.63517, 0.59841, 0.62059, 0.65418, 0.56947, 0.6221, 0.62725, 
0.63434, 0.60471, 0.59965, 0.63188, 0.63703, 0.58767, 0.59913, 
0.64033, 0.0317, 0.0299, 0.0318, 0.0331, 0.0365, 0.0387, 0.038, 
0.0411, 0.044, 0.0451, 0.0475, 75.7, 83.3, 90.5, 97.6, 105.6, 
113.6, 121.6, 128.6, 137.2, 144.7, 150.3, 1, 1, 1, 1, 1, 1, 1, 
1, 1, 1, 1, 1, 1, 1, 1, 1, 1, 1, 1, 1, 1, 1, 1, 1, 1, 1, 1, 1, 
1, 1, 1, 1, 1, 1, 1, 1, 1, 1, 1, 1, 1, 1, 1, 1, 3.054, 3.342, 
3.448, 3.449, 3.455, 3.575, 3.454, 3.438, 3.513, 3.533, 3.54), .Dim = c(11L, 
40L), .Dimnames = list(NULL, c("Sampling", "PSO.cost", "PSO.gamma", 
"PSO.data.balancing", "PSO.feature.selection", "PSO.valid.acc", 
"PSO.test.acc", "PSO.train.time", "PSO.n.support.vectors", "PSO.index", 
"PSO.n.solutions", "PSO.generations", "PSO.n.evaluations", "PSO.cpu.time", 
"RS.cost", "RS.gamma", "RS.data.balancing", "RS.feature.selection", 
"RS.valid.acc", "RS.test.acc", "RS.train.time", "RS.n.support.vectors", 
"RS.index", "RS.n.solutions", "RS.generations", "RS.n.evaluations", 
"RS.cpu.time", "DF.cost", "DF.gamma", "DF.data.balancing", "DF.feature.selection", 
"DF.valid.acc", "DF.test.acc", "DF.train.time", "DF.n.support.vectors", 
"DF.index", "DF.n.solutions", "DF.generations", "DF.n.evaluations", 
"DF.cpu.time")))
