full <-
structure(c(50, 55, 60, 65, 70, 75, 80, 85, 90, 95, 100, 4.28648, 
2.69353, 0.59788, 1.86044, 6.04529, 1.59458, 3.61258, 0.0204, 
1.6485, 6.43381, 2.24245, -9.07785, -7.82811, -4.28826, -7.83535, 
-13.10727, -5.67453, -7.90751, -5.49507, -7.51977, -11.05377, 
-7.55515, 0, 0, 0, 0, 0, 0, 0, 0, 0, 0, 0, 0, 0, 0, 0, 0, 0, 
0, 0, 0, 0, 0, 0.59683, 0.55924, 0.55548, 0.54888, 0.59607, 0.58782, 
0.61817, 0.59978, 0.62026, 0.62346, 0.64041, 0.57773, 0.52146, 
0.48563, 0.51683, 0.54941, 0.54096, 0.53478, 0.5689, 0.60382, 
0.59653, 0.63433, 0.0276, 0.0295, 0.0318, 0.0292, 0.0338, 0.0373, 
0.038, 0.041, 0.0411, 0.0434, 0.0463, 76.5, 83.2, 92.4, 99, 107.8, 
114.6, 117.5, 130.7, 134, 134.2, 144.7, 1406, 288, 179, 1351, 
467, 523, 436, 269, 179, 170, 339, 23, 49, 75, 46, 46, 64, 448, 
229, 400, 79, 124, 100, 100, 100, 100, 100, 100, 100, 100, 100, 
100, 100, 2500, 2500, 2500, 2500, 2500, 2500, 2500, 2500, 2500, 
2500, 2500, 6861.087, 6592.819, 6544.544, 6654.23, 6948.933, 
7249.719, 7279.132, 7336.54299999999, 7445.92, 7489.86400000002, 
7623.33000000002, 3.64454, 2.2901, 8.43671, 2.2936, 1.1253, 1.92941, 
4.06113, 0.54186, 2.18306, 0.80501, 0.93998, -8.47799, -7.39387, 
-13.45541, -8.17255, -7.20542, -5.87993, -8.29586, -5.98386, 
-8.07998, -5.09452, -6.09131, 0, 0, 0, 0, 0, 0, 0, 0, 0, 0, 0, 
0, 0, 0, 0, 0, 0, 0, 0, 0, 0, 0, 0.59683, 0.55015, 0.54794, 0.54833, 
0.5894, 0.58013, 0.61192, 0.59978, 0.6147, 0.63801, 0.64041, 
0.56864, 0.52348, 0.51885, 0.52453, 0.57274, 0.53849, 0.54186, 
0.56848, 0.58774, 0.58947, 0.62933, 0.0267, 0.0268, 0.0285, 0.0323, 
0.0321, 0.0346, 0.0379, 0.0403, 0.0407, 0.0432, 0.0439, 76.5, 
83.5, 90.4, 98.6, 107.9, 114.2, 116.9, 130.3, 133.6, 143.3, 148.1, 
966, 419, 383, 1180, 1045, 1431, 21, 1517, 277, 1785, 2387, 1, 
2, 5, 1, 1, 1, 3, 1, 1, 1, 1, 100, 100, 100, 100, 100, 100, 100, 
100, 100, 100, 100, 2500, 2500, 2500, 2500, 2500, 2500, 2500, 
2500, 2500, 2500, 2500, 6815.583, 6608.896, 6646.608, 6688.21999999999, 
7235.711, 7293.48800000001, 7331.696, 7357.436, 7525.458, 7480.77499999999, 
7696.264, 1, 1, 1, 1, 1, 1, 1, 1, 1, 1, 1, 0.03571, 0.03571, 
0.03571, 0.03571, 0.03571, 0.03571, 0.03571, 0.03571, 0.03571, 
0.03571, 0.03571, 0, 0, 0, 0, 0, 0, 0, 0, 0, 0, 0, 0, 0, 0, 0, 
0, 0, 0, 0, 0, 0, 0, 0.55773, 0.5053, 0.52821, 0.50957, 0.51592, 
0.56865, 0.57936, 0.56843, 0.59336, 0.6131, 0.62962, 0.57139, 
0.49359, 0.50821, 0.51598, 0.51438, 0.54907, 0.56769, 0.55084, 
0.57686, 0.60261, 0.59825, 0.0294, 0.0283, 0.0321, 0.031, 0.0361, 
0.0376, 0.0403, 0.0392, 0.0444, 0.0449, 0.0471, 77.3, 84.4, 92.2, 
100, 108.1, 115.7, 123.2, 130.9, 137.1, 144.2, 150.4, 1, 1, 1, 
1, 1, 1, 1, 1, 1, 1, 1, 1, 1, 1, 1, 1, 1, 1, 1, 1, 1, 1, 1, 1, 
1, 1, 1, 1, 1, 1, 1, 1, 1, 1, 1, 1, 1, 1, 1, 1, 1, 1, 1, 1, 2.783, 
2.542, 2.724, 2.56, 2.922, 2.888, 2.973, 2.971, 2.979, 3.038, 
3.085), .Dim = c(11L, 40L), .Dimnames = list(NULL, c("Sampling", 
"PSO.cost", "PSO.gamma", "PSO.data.balancing", "PSO.feature.selection", 
"PSO.valid.acc", "PSO.test.acc", "PSO.train.time", "PSO.n.support.vectors", 
"PSO.index", "PSO.n.solutions", "PSO.generations", "PSO.n.evaluations", 
"PSO.cpu.time", "RS.cost", "RS.gamma", "RS.data.balancing", "RS.feature.selection", 
"RS.valid.acc", "RS.test.acc", "RS.train.time", "RS.n.support.vectors", 
"RS.index", "RS.n.solutions", "RS.generations", "RS.n.evaluations", 
"RS.cpu.time", "DF.cost", "DF.gamma", "DF.data.balancing", "DF.feature.selection", 
"DF.valid.acc", "DF.test.acc", "DF.train.time", "DF.n.support.vectors", 
"DF.index", "DF.n.solutions", "DF.generations", "DF.n.evaluations", 
"DF.cpu.time")))
