full <-
structure(c(50, 55, 60, 65, 70, 75, 80, 85, 90, 95, 100, 1.0703, 
-2, -0.57953, 2.56673, -2, 11.86602, -1.7116, 1.29368, 15, -1.70219, 
-1.99779, -6.1853, -4.36073, -4.20378, -6.69233, -4.07878, -11.14954, 
-4.87342, -5.02766, -12.9706, -3.68183, -2.57956, 0, 0, 0, 0, 
0, 0, 0, 0, 0, 0, 0, 0, 0, 0, 0, 0, 0, 0, 0, 0, 0, 0, 0.97946, 
0.98035, 0.98085, 0.98108, 0.98128, 0.98252, 0.98058, 0.98124, 
0.98169, 0.9808, 0.97973, 0.97999, 0.97814, 0.97928, 0.98046, 
0.98147, 0.98144, 0.97973, 0.97918, 0.98003, 0.97994, 0.97892, 
0.9635, 1.3798, 1.1396, 1.3014, 1.938, 2.2236, 2.3848, 1.8004, 
4.7503, 2.9237, 5.4674, 377.6, 536.7, 421.2, 387.3, 602.7, 366.3, 
658.7, 427.1, 455.9, 719.2, 1327, 1178, 149, 1595, 1549, 498, 
163, 1164, 554, 758, 1107, 558, 53, 879, 3, 11, 706, 17, 429, 
249, 3, 337, 267, 100, 100, 100, 100, 100, 100, 100, 100, 100, 
100, 100, 2500, 2500, 2500, 2500, 2500, 2500, 2500, 2500, 2500, 
2500, 2500, 49489.874, 51925.342, 57382.698, 81732.51, 78898.5750000001, 
113525.46, 90663.379, 115419.039, 166666.673, 130130.023, 180651.987, 
1.22176, -1.50788, -0.62808, 2.7462, 0.34096, 11.58224, -1.128, 
1.31726, 12.89709, -1.73507, -1.65633, -6.3163, -4.75865, -3.2571, 
-6.83856, -4.42943, -10.98172, -4.88288, -5.17923, -11.8446, 
-3.15333, -4.07291, 0, 0, 0, 0, 0, 0, 0, 0, 0, 0, 0, 0, 0, 0, 
0, 0, 0, 0, 0, 0, 0, 0, 0.97946, 0.97986, 0.98085, 0.98087, 0.98109, 
0.98234, 0.98041, 0.98124, 0.98139, 0.98051, 0.97905, 0.97999, 
0.97838, 0.9804, 0.98004, 0.98089, 0.98126, 0.97956, 0.97965, 
0.98019, 0.97923, 0.97973, 0.9182, 1.2154, 1.3378, 1.3154, 1.3313, 
2.1187, 2.1899, 1.7286, 3.5413, 3.2862, 2.8309, 380.1, 497.3, 
526.8, 391.1, 399.9, 364.2, 583.5, 429, 446.2, 838.8, 713, 1096, 
744, 771, 49, 527, 44, 1908, 708, 2090, 255, 1397, 1, 2, 1, 3, 
2, 5, 1, 1, 1, 1, 1, 100, 100, 100, 100, 100, 100, 100, 100, 
100, 100, 100, 2500, 2500, 2500, 2500, 2500, 2500, 2500, 2500, 
2500, 2500, 2500, 107474.556, 132105.245, 159391.985, 215891.346, 
258787.888, 268658.567, 359379.206, 401773.263, 451405.599, 476803.199, 
517794.039, 1, 1, 1, 1, 1, 1, 1, 1, 1, 1, 1, 0.05, 0.05, 0.05, 
0.05, 0.05, 0.05, 0.05, 0.05, 0.05, 0.05, 0.05, 0, 0, 0, 0, 0, 
0, 0, 0, 0, 0, 0, 0, 0, 0, 0, 0, 0, 0, 0, 0, 0, 0, 0.97838, 0.97862, 
0.98018, 0.97963, 0.98051, 0.98108, 0.97922, 0.98029, 0.97943, 
0.97923, 0.97811, 0.98027, 0.97789, 0.9795, 0.98004, 0.98089, 
0.98108, 0.9799, 0.97949, 0.98003, 0.97895, 0.97878, 0.8482, 
0.9558, 1.0934, 1.3142, 1.4473, 1.573, 1.8075, 1.8284, 2.0174, 
2.1115, 2.4839, 347.9, 371, 386.4, 401.7, 419.7, 439.4, 465, 
490, 501.7, 523.9, 543.7, 1, 1, 1, 1, 1, 1, 1, 1, 1, 1, 1, 1, 
1, 1, 1, 1, 1, 1, 1, 1, 1, 1, 1, 1, 1, 1, 1, 1, 1, 1, 1, 1, 1, 
1, 1, 1, 1, 1, 1, 1, 1, 1, 1, 1, 12.483, 13.287, 14.925, 17.397, 
18.739, 20.015, 22.702, 22.607, 24.6, 25.483, 29.511), .Dim = c(11L, 
40L), .Dimnames = list(NULL, c("Sampling", "PSO.cost", "PSO.gamma", 
"PSO.data.balancing", "PSO.feature.selection", "PSO.valid.acc", 
"PSO.test.acc", "PSO.train.time", "PSO.n.support.vectors", "PSO.index", 
"PSO.n.solutions", "PSO.generations", "PSO.n.evaluations", "PSO.cpu.time", 
"RS.cost", "RS.gamma", "RS.data.balancing", "RS.feature.selection", 
"RS.valid.acc", "RS.test.acc", "RS.train.time", "RS.n.support.vectors", 
"RS.index", "RS.n.solutions", "RS.generations", "RS.n.evaluations", 
"RS.cpu.time", "DF.cost", "DF.gamma", "DF.data.balancing", "DF.feature.selection", 
"DF.valid.acc", "DF.test.acc", "DF.train.time", "DF.n.support.vectors", 
"DF.index", "DF.n.solutions", "DF.generations", "DF.n.evaluations", 
"DF.cpu.time")))
