full <-
structure(c(50, 55, 60, 65, 70, 75, 80, 85, 90, 95, 100, -1.89088, 
-1.42264, -0.70094, -1.05214, -2, -1.9703, 1.83107, -1.37043, 
-2, 10.53531, -1.98257, -3.26363, -4.02828, -4.02245, -4.52351, 
-4.2199, -4.39065, -6.43759, -4.42205, -4.75744, -11.04823, -4.67272, 
0, 0, 0, 0, 0, 0, 0, 0, 0, 0, 0, 0, 0, 0, 0, 0, 0, 0, 0, 0, 0, 
0, 0.97919, 0.97985, 0.97973, 0.97921, 0.97992, 0.97928, 0.97939, 
0.9806, 0.98003, 0.97937, 0.98, 0.97973, 0.97788, 0.97815, 0.97713, 
0.97915, 0.97982, 0.9777, 0.97885, 0.97868, 0.97795, 0.97973, 
1.1076, 0.9829, 1.0331, 1.2776, 1.926, 2.3786, 1.7737, 2.2363, 
2.7008, 2.711, 3.0242, 577.6, 459.7, 428.6, 482.3, 615.5, 650.1, 
482.6, 613.2, 752.3, 527.4, 783.8, 669, 712, 712, 2366, 2301, 
670, 485, 884, 428, 423, 700, 269, 316, 251, 1, 1, 86, 36, 242, 
278, 43, 310, 100, 100, 100, 100, 100, 100, 100, 100, 100, 100, 
100, 2500, 2500, 2500, 2500, 2500, 2500, 2500, 2500, 2500, 2500, 
2500, 45173.802, 42383.883, 58735.544, 53062.9330000001, 115990.912, 
89238.659, 102522.271, 85950.2349999999, 101479.018, 206589.244, 
126772.485, 0.23367, 1.53346, -0.66969, -1.04107, -0.88231, -1.15589, 
-1.07311, -1.26743, 0.91978, 8.38066, -0.50688, -4.29771, -6.13023, 
-4.19865, -4.53036, -5.09761, -4.89993, -4.30748, -4.52432, -5.50539, 
-9.88456, -5.50719, 0, 0, 0, 0, 0, 0, 0, 0, 0, 0, 0, 0, 0, 0, 
0, 0, 0, 0, 0, 0, 0, 0, 0.97838, 0.97936, 0.97905, 0.979, 0.98012, 
0.97874, 0.97905, 0.98028, 0.97988, 0.97937, 0.97973, 0.97757, 
0.97739, 0.9777, 0.97713, 0.97973, 0.97892, 0.97905, 0.9787, 
0.97868, 0.97824, 0.97986, 0.6819, 0.8041, 1.0516, 1.2254, 1.7909, 
2.0693, 1.8829, 2.1471, 2.198, 2.5958, 2.7099, 336.9, 358.6, 
422.4, 481.2, 532.9, 574.4, 557.5, 604.4, 496.2, 518, 672.2, 
1954, 511, 848, 1964, 1015, 1096, 35, 2160, 2462, 2185, 1843, 
4, 1, 2, 1, 1, 2, 4, 1, 1, 1, 3, 100, 100, 100, 100, 100, 100, 
100, 100, 100, 100, 100, 2500, 2500, 2500, 2500, 2500, 2500, 
2500, 2500, 2500, 2500, 2500, 83828.017, 105802.968, 138247.7, 
166995.85, 250995.503, 307627.144, 327215.34, 348270.212, 509648.597, 
458248.001, 482910.571, 1, 1, 1, 1, 1, 1, 1, 1, 1, 1, 1, 0.05, 
0.05, 0.05, 0.05, 0.05, 0.05, 0.05, 0.05, 0.05, 0.05, 0.05, 0, 
0, 0, 0, 0, 0, 0, 0, 0, 0, 0, 0, 0, 0, 0, 0, 0, 0, 0, 0, 0, 0, 
0.97784, 0.97666, 0.9786, 0.97734, 0.97645, 0.97694, 0.97703, 
0.97806, 0.97823, 0.97781, 0.97878, 0.97757, 0.97714, 0.97793, 
0.97609, 0.97741, 0.97748, 0.97753, 0.97822, 0.97763, 0.97852, 
0.97838, 0.7049, 0.8077, 0.9676, 1.3029, 1.4953, 1.5184, 1.6728, 
1.8249, 2.3512, 2.1182, 2.2152, 345.5, 365.6, 382.9, 411.4, 438.3, 
459.9, 475.6, 492.8, 513.7, 527, 544.8, 1, 1, 1, 1, 1, 1, 1, 
1, 1, 1, 1, 1, 1, 1, 1, 1, 1, 1, 1, 1, 1, 1, 1, 1, 1, 1, 1, 1, 
1, 1, 1, 1, 1, 1, 1, 1, 1, 1, 1, 1, 1, 1, 1, 1, 10.403, 11.533, 
13.169, 17.844, 19.769, 19.149, 20.818, 22.667, 29.218, 25.574, 
26.442), .Dim = c(11L, 40L), .Dimnames = list(NULL, c("Sampling", 
"PSO.cost", "PSO.gamma", "PSO.data.balancing", "PSO.feature.selection", 
"PSO.valid.acc", "PSO.test.acc", "PSO.train.time", "PSO.n.support.vectors", 
"PSO.index", "PSO.n.solutions", "PSO.generations", "PSO.n.evaluations", 
"PSO.cpu.time", "RS.cost", "RS.gamma", "RS.data.balancing", "RS.feature.selection", 
"RS.valid.acc", "RS.test.acc", "RS.train.time", "RS.n.support.vectors", 
"RS.index", "RS.n.solutions", "RS.generations", "RS.n.evaluations", 
"RS.cpu.time", "DF.cost", "DF.gamma", "DF.data.balancing", "DF.feature.selection", 
"DF.valid.acc", "DF.test.acc", "DF.train.time", "DF.n.support.vectors", 
"DF.index", "DF.n.solutions", "DF.generations", "DF.n.evaluations", 
"DF.cpu.time")))
