full <-
structure(c(50, 55, 60, 65, 70, 75, 80, 85, 90, 95, 100, -2, 
-1.83252, -2, -2, -2, -1.24653, -0.19531, -1.63087, -1.68627, 
3.5932, -2, -4.23308, -4.38879, -4.00179, -4.02698, -3.31046, 
-4.98999, -4.73545, -4.53653, -4.46988, -7.35331, -3.86883, 0, 
0, 0, 0, 0, 0, 0, 0, 0, 0, 0, 0, 0, 0, 0, 0, 0, 0, 0, 0, 0, 0, 
0.98054, 0.98108, 0.98085, 0.98025, 0.97935, 0.98, 0.97956, 0.9806, 
0.98108, 0.98037, 0.98027, 0.98, 0.97912, 0.98085, 0.97942, 0.97838, 
0.97982, 0.97888, 0.97965, 0.97988, 0.97966, 0.97933, 1.029, 
1.1753, 1.3808, 1.6255, 2.0071, 1.8896, 1.6552, 2.6276, 2.4601, 
2.0647, 3.0378, 503.9, 518.8, 561.3, 590.3, 703.7, 595.4, 490.6, 
651.1, 673.2, 518.5, 769.1, 203, 381, 683, 1076, 312, 894, 1110, 
368, 1399, 1374, 292, 1092, 765, 497, 189, 825, 231, 234, 495, 
46, 1, 584, 100, 100, 100, 100, 100, 100, 100, 100, 100, 100, 
100, 2500, 2500, 2500, 2500, 2500, 2500, 2500, 2500, 2500, 2500, 
2500, 41693.388, 45637.228, 62349.894, 67736.279, 81318.449, 
89970.1639999999, 79982.2109999999, 110169.239, 110381.702, 185607.747, 
134588.127, -1.56559, -1.72995, -1.98143, -1.9431, -1.88998, 
-0.51917, -1.53917, -1.77782, -1.66065, 8.93911, -1.64972, -3.52756, 
-4.53891, -3.90511, -4.43293, -3.4799, -5.50638, -4.31286, -4.53458, 
-4.06742, -10.1492, -4.54432, 0, 0, 0, 0, 0, 0, 0, 0, 0, 0, 0, 
0, 0, 0, 0, 0, 0, 0, 0, 0, 0, 0, 0.98, 0.98108, 0.98063, 0.98025, 
0.97877, 0.97982, 0.97956, 0.98029, 0.98093, 0.98008, 0.97987, 
0.97919, 0.97936, 0.9804, 0.97859, 0.97877, 0.97964, 0.97905, 
0.97949, 0.98003, 0.97937, 0.9796, 1.0203, 1.1375, 1.4069, 1.5919, 
1.7658, 2.0003, 2.1852, 2.1911, 2.4929, 2.6391, 3.2253, 499.4, 
513.5, 562.6, 586.6, 656.4, 569.1, 608.5, 669.5, 664.4, 514.2, 
721, 1062, 751, 2296, 1708, 1895, 843, 1348, 1005, 1201, 710, 
1026, 3, 2, 2, 2, 1, 1, 4, 1, 1, 4, 2, 100, 100, 100, 100, 100, 
100, 100, 100, 100, 100, 100, 2500, 2500, 2500, 2500, 2500, 2500, 
2500, 2500, 2500, 2500, 2500, 85398.003, 105393.538, 150200.96, 
186484.055, 216251.005, 275976.562, 320754.089, 316276.917, 391986.087, 
385205.923, 494931.496, 1, 1, 1, 1, 1, 1, 1, 1, 1, 1, 1, 0.05, 
0.05, 0.05, 0.05, 0.05, 0.05, 0.05, 0.05, 0.05, 0.05, 0.05, 0, 
0, 0, 0, 0, 0, 0, 0, 0, 0, 0, 0, 0, 0, 0, 0, 0, 0, 0, 0, 0, 0, 
0.97757, 0.97813, 0.97995, 0.9788, 0.97684, 0.97748, 0.97871, 
0.97822, 0.97898, 0.97937, 0.97838, 0.97865, 0.97838, 0.97905, 
0.97776, 0.97607, 0.97874, 0.97855, 0.9779, 0.97838, 0.97923, 
0.97919, 0.7758, 0.8899, 1.0501, 1.1948, 1.306, 1.4568, 1.8706, 
1.651, 1.9366, 2.0491, 2.3838, 350.6, 373.9, 391.6, 417.4, 441.2, 
456.6, 474.3, 494.1, 507.1, 526.2, 542.3, 1, 1, 1, 1, 1, 1, 1, 
1, 1, 1, 1, 1, 1, 1, 1, 1, 1, 1, 1, 1, 1, 1, 1, 1, 1, 1, 1, 1, 
1, 1, 1, 1, 1, 1, 1, 1, 1, 1, 1, 1, 1, 1, 1, 1, 11.096, 12.319, 
14.052, 15.552, 16.675, 18.385, 23.797, 20.314, 23.275, 24.55, 
28.826), .Dim = c(11L, 40L), .Dimnames = list(NULL, c("Sampling", 
"PSO.cost", "PSO.gamma", "PSO.data.balancing", "PSO.feature.selection", 
"PSO.valid.acc", "PSO.test.acc", "PSO.train.time", "PSO.n.support.vectors", 
"PSO.index", "PSO.n.solutions", "PSO.generations", "PSO.n.evaluations", 
"PSO.cpu.time", "RS.cost", "RS.gamma", "RS.data.balancing", "RS.feature.selection", 
"RS.valid.acc", "RS.test.acc", "RS.train.time", "RS.n.support.vectors", 
"RS.index", "RS.n.solutions", "RS.generations", "RS.n.evaluations", 
"RS.cpu.time", "DF.cost", "DF.gamma", "DF.data.balancing", "DF.feature.selection", 
"DF.valid.acc", "DF.test.acc", "DF.train.time", "DF.n.support.vectors", 
"DF.index", "DF.n.solutions", "DF.generations", "DF.n.evaluations", 
"DF.cpu.time")))
