full <-
structure(c(50, 55, 60, 65, 70, 75, 80, 85, 90, 95, 100, -1.75862, 
-2, -1.97242, -1.94114, -2, -1.85576, -2, -1.32737, -1.98138, 
-1.87037, 0.18964, -2.75782, -2.85456, -2.88979, -3.21059, -3.18802, 
-4.10021, -4.07816, -2.79483, -3.11625, -3.59, -3.99727, 0, 0, 
0, 0, 0, 0, 0, 0, 0, 0, 0, 0, 0, 0, 0, 0, 0, 0, 0, 0, 0, 0, 0.97703, 
0.97789, 0.97815, 0.979, 0.97915, 0.97982, 0.97956, 0.98092, 
0.98078, 0.98037, 0.97986, 0.97622, 0.97715, 0.97793, 0.97713, 
0.97896, 0.97982, 0.97855, 0.97917, 0.98018, 0.97909, 0.97946, 
1.5205, 1.9244, 2.2573, 1.9331, 2.089, 1.8753, 2.2185, 3.2714, 
3.1839, 2.9848, 2.3547, 773.6, 779.7, 788.6, 693.4, 738.4, 615, 
657.6, 907.6, 860.4, 755.5, 549.6, 885, 432, 527, 395, 934, 1037, 
569, 505, 700, 898, 2352, 155, 625, 792, 373, 530, 241, 119, 
647, 608, 473, 4, 100, 100, 100, 100, 100, 100, 100, 100, 100, 
100, 100, 2500, 2500, 2500, 2500, 2500, 2500, 2500, 2500, 2500, 
2500, 2500, 53302.707, 69321.244, 83647.748, 84146.833, 82720.4129999999, 
76906.595, 132248.66, 124413.619, 147719.308, 104962.944, 230720.663, 
-1.92246, -1.55493, -1.92165, -1.67588, -1.76951, -1.03532, -1.85965, 
-1.91302, -1.76489, -1.81963, 0.35489, -2.76362, -2.84108, -2.85434, 
-2.85495, -3.88719, -4.92418, -2.83705, -2.8195, -3.16232, -3.52924, 
-4.07278, 0, 0, 0, 0, 0, 0, 0, 0, 0, 0, 0, 0, 0, 0, 0, 0, 0, 
0, 0, 0, 0, 0, 0.97649, 0.97691, 0.9777, 0.97858, 0.97838, 0.97982, 
0.97939, 0.98092, 0.98018, 0.98037, 0.97973, 0.97622, 0.97715, 
0.97725, 0.97817, 0.9778, 0.98, 0.97888, 0.97981, 0.97988, 0.97881, 
0.97946, 1.5558, 1.7644, 2.1481, 2.1626, 1.7144, 1.7687, 3.079, 
3.1145, 2.9239, 2.9772, 2.133, 793.8, 732.3, 799.9, 805.2, 595.1, 
558.1, 938.4, 980.1, 807.7, 757.7, 539.5, 435, 797, 2155, 2461, 
1516, 1022, 225, 1062, 2009, 135, 1365, 1, 1, 1, 1, 3, 1, 1, 
1, 1, 1, 1, 100, 100, 100, 100, 100, 100, 100, 100, 100, 100, 
100, 2500, 2500, 2500, 2500, 2500, 2500, 2500, 2500, 2500, 2500, 
2500, 106249.551, 145937.888, 183880.176, 206466.989, 217027.009, 
254633.5, 372304.625, 298892.217, 377417.947, 435487.935, 447222.588, 
1, 1, 1, 1, 1, 1, 1, 1, 1, 1, 1, 0.05, 0.05, 0.05, 0.05, 0.05, 
0.05, 0.05, 0.05, 0.05, 0.05, 0.05, 0, 0, 0, 0, 0, 0, 0, 0, 0, 
0, 0, 0, 0, 0, 0, 0, 0, 0, 0, 0, 0, 0, 0.97487, 0.97322, 0.97545, 
0.9763, 0.97722, 0.97766, 0.97855, 0.97901, 0.97868, 0.97852, 
0.97892, 0.97217, 0.97445, 0.9759, 0.97713, 0.97664, 0.97802, 
0.97753, 0.97933, 0.97853, 0.97809, 0.97986, 0.8886, 0.9882, 
1.1888, 1.2101, 1.3431, 1.4741, 1.8234, 1.926, 1.9099, 2.0467, 
2.4141, 354.7, 371.5, 394.5, 413.1, 436.5, 450.2, 462.9, 478.8, 
497.2, 528.5, 544.8, 1, 1, 1, 1, 1, 1, 1, 1, 1, 1, 1, 1, 1, 1, 
1, 1, 1, 1, 1, 1, 1, 1, 1, 1, 1, 1, 1, 1, 1, 1, 1, 1, 1, 1, 1, 
1, 1, 1, 1, 1, 1, 1, 1, 1, 13.185, 14.268, 16.486, 15.708, 17.258, 
18.562, 23.091, 24.158, 23.122, 24.323, 29.046), .Dim = c(11L, 
40L), .Dimnames = list(NULL, c("Sampling", "PSO.cost", "PSO.gamma", 
"PSO.data.balancing", "PSO.feature.selection", "PSO.valid.acc", 
"PSO.test.acc", "PSO.train.time", "PSO.n.support.vectors", "PSO.index", 
"PSO.n.solutions", "PSO.generations", "PSO.n.evaluations", "PSO.cpu.time", 
"RS.cost", "RS.gamma", "RS.data.balancing", "RS.feature.selection", 
"RS.valid.acc", "RS.test.acc", "RS.train.time", "RS.n.support.vectors", 
"RS.index", "RS.n.solutions", "RS.generations", "RS.n.evaluations", 
"RS.cpu.time", "DF.cost", "DF.gamma", "DF.data.balancing", "DF.feature.selection", 
"DF.valid.acc", "DF.test.acc", "DF.train.time", "DF.n.support.vectors", 
"DF.index", "DF.n.solutions", "DF.generations", "DF.n.evaluations", 
"DF.cpu.time")))
