full <-
structure(c(50, 55, 60, 65, 70, 75, 80, 85, 90, 95, 100, -0.86083, 
-2, -2, -1.91288, -2, -1.46464, -2, -0.35584, 10.37956, -2, -1.98086, 
-3.42035, -3.25243, -3.56514, -3.37035, -3.24563, -3.53627, -3.50999, 
-3.18603, -10.45601, -4.93938, -3.73266, 0, 0, 0, 0, 0, 0, 0, 
0, 0, 0, 0, 0, 0, 0, 0, 0, 0, 0, 0, 0, 0, 0, 0.98351, 0.98256, 
0.98176, 0.98358, 0.98127, 0.9818, 0.98074, 0.98077, 0.98003, 
0.97952, 0.98041, 0.98189, 0.98182, 0.97995, 0.98212, 0.98108, 
0.98, 0.98024, 0.97886, 0.97838, 0.97866, 0.9796, 0.9097, 1.3122, 
1.488, 1.6638, 2.3398, 1.8465, 2.7272, 2.3954, 2.3553, 3.1085, 
3.0739, 435.7, 614.2, 584.9, 630.3, 696.3, 599.2, 703.5, 642.5, 
436.7, 799.7, 779.7, 333, 221, 340, 255, 535, 970, 157, 1241, 
936, 97, 589, 727, 308, 100, 411, 197, 191, 823, 230, 37, 826, 
264, 100, 100, 100, 100, 100, 100, 100, 100, 100, 100, 100, 2500, 
2500, 2500, 2500, 2500, 2500, 2500, 2500, 2500, 2500, 2500, 39189.097, 
56599.194, 60019.552, 72150.349, 98168.8810000001, 89557.051, 
123708.445, 174281.187, 156283.801, 105908.044, 159549.375, -0.84349, 
-1.77414, -1.88446, -1.68733, -1.66668, -1.67016, -1.26693, 0.55518, 
14.88342, -1.36192, -1.49494, -3.57486, -2.91943, -4.11157, -3.37549, 
-2.60249, -3.81338, -3.98724, -3.83811, -12.83311, -4.6144, -4.11718, 
0, 0, 0, 0, 0, 0, 0, 0, 0, 0, 0, 0, 0, 0, 0, 0, 0, 0, 0, 0, 0, 
0, 0.98351, 0.98182, 0.98131, 0.98316, 0.98069, 0.98108, 0.98057, 
0.97997, 0.97988, 0.97923, 0.97973, 0.98216, 0.98108, 0.98063, 
0.98212, 0.98089, 0.98036, 0.97922, 0.97917, 0.97823, 0.97938, 
0.9796, 0.8653, 1.4607, 1.355, 1.7286, 3.3513, 2.1549, 2.1171, 
1.8652, 4.2656, 2.6384, 2.7446, 415.1, 702.5, 530.8, 603.2, 1028.1, 
591, 569.5, 494.3, 452.6, 666.1, 687.8, 944, 1866, 300, 530, 
597, 1022, 1398, 617, 736, 556, 1583, 2, 1, 2, 1, 1, 1, 2, 4, 
5, 4, 2, 100, 100, 100, 100, 100, 100, 100, 100, 100, 100, 100, 
2500, 2500, 2500, 2500, 2500, 2500, 2500, 2500, 2500, 2500, 2500, 
89852.594, 113053.787, 153266.577, 230291.334, 269809.826, 370816.497, 
370794.892, 372796.748, 369872.202, 498821.118, 489072.036, 1, 
1, 1, 1, 1, 1, 1, 1, 1, 1, 1, 0.05, 0.05, 0.05, 0.05, 0.05, 0.05, 
0.05, 0.05, 0.05, 0.05, 0.05, 0, 0, 0, 0, 0, 0, 0, 0, 0, 0, 0, 
0, 0, 0, 0, 0, 0, 0, 0, 0, 0, 0, 0.98081, 0.98084, 0.97838, 0.9817, 
0.97973, 0.98018, 0.97872, 0.97997, 0.97748, 0.97767, 0.97865, 
0.97946, 0.97936, 0.97815, 0.9815, 0.97973, 0.97946, 0.97838, 
0.9787, 0.97793, 0.97753, 0.97838, 0.7123, 0.8663, 0.9764, 1.3748, 
1.2385, 1.6492, 1.761, 1.7713, 2.0486, 2.4976, 2.1693, 334.2, 
354, 378.4, 397, 411.4, 439.5, 463.2, 485.4, 507.1, 531.7, 543.2, 
1, 1, 1, 1, 1, 1, 1, 1, 1, 1, 1, 1, 1, 1, 1, 1, 1, 1, 1, 1, 1, 
1, 1, 1, 1, 1, 1, 1, 1, 1, 1, 1, 1, 1, 1, 1, 1, 1, 1, 1, 1, 1, 
1, 1, 10.574, 12.431, 13.304, 18.827, 16.195, 21.568, 21.937, 
21.841, 24.94, 30.472, 25.921), .Dim = c(11L, 40L), .Dimnames = list(
    NULL, c("Sampling", "PSO.cost", "PSO.gamma", "PSO.data.balancing", 
    "PSO.feature.selection", "PSO.valid.acc", "PSO.test.acc", 
    "PSO.train.time", "PSO.n.support.vectors", "PSO.index", "PSO.n.solutions", 
    "PSO.generations", "PSO.n.evaluations", "PSO.cpu.time", "RS.cost", 
    "RS.gamma", "RS.data.balancing", "RS.feature.selection", 
    "RS.valid.acc", "RS.test.acc", "RS.train.time", "RS.n.support.vectors", 
    "RS.index", "RS.n.solutions", "RS.generations", "RS.n.evaluations", 
    "RS.cpu.time", "DF.cost", "DF.gamma", "DF.data.balancing", 
    "DF.feature.selection", "DF.valid.acc", "DF.test.acc", "DF.train.time", 
    "DF.n.support.vectors", "DF.index", "DF.n.solutions", "DF.generations", 
    "DF.n.evaluations", "DF.cpu.time")))
