full <-
structure(c(50, 55, 60, 65, 70, 75, 80, 85, 90, 95, 100, -2, 
-1.71654, -2, -2, -1.98449, -2, -1.41816, -1.07823, -2, -2, -0.98907, 
-2.84215, -2.61589, -3.70939, -2.87217, -2.75274, -2.77415, -2.86433, 
-5.09534, -3.06221, -3.27544, -5.21705, 0, 0, 0, 0, 0, 0, 0, 
0, 0, 0, 0, 0, 0, 0, 0, 0, 0, 0, 0, 0, 0, 0, 0.98108, 0.98084, 
0.9804, 0.97921, 0.97954, 0.97946, 0.97939, 0.97933, 0.97958, 
0.97923, 0.98027, 0.97919, 0.97887, 0.97905, 0.97859, 0.97915, 
0.97928, 0.97821, 0.97901, 0.97868, 0.97823, 0.97892, 1.3675, 
1.8916, 1.3441, 2.0028, 2.6012, 2.8538, 2.7246, 2.1121, 3.0118, 
3.1832, 2.4777, 742.8, 904.7, 583.8, 844.9, 952.8, 981.1, 856.7, 
630.1, 895.2, 843.2, 695.8, 147, 1822, 227, 499, 318, 471, 1013, 
832, 365, 432, 1239, 1096, 29, 452, 764, 871, 502, 301, 57, 491, 
286, 39, 100, 100, 100, 100, 100, 100, 100, 100, 100, 100, 100, 
2500, 2500, 2500, 2500, 2500, 2500, 2500, 2500, 2500, 2500, 2500, 
50318.444, 64932.953, 53830.474, 73927.944, 95490.718, 103748.464, 
114837.891, 118387.894, 144018.534, 186406.09, 118600.204, -1.72274, 
-1.89961, -1.85944, -1.98886, -1.68879, -1.99856, -1.75099, -1.14604, 
-1.77551, 0.53196, -1.47085, -2.85842, -2.60467, -3.20343, -3.04925, 
-2.88288, -2.73837, -2.92779, -5.1279, -3.02944, -6.06191, -4.83149, 
0, 0, 0, 0, 0, 0, 0, 0, 0, 0, 0, 0, 0, 0, 0, 0, 0, 0, 0, 0, 0, 
0, 0.98081, 0.97961, 0.9795, 0.97859, 0.97857, 0.97928, 0.97888, 
0.97917, 0.97943, 0.97895, 0.98014, 0.97919, 0.97863, 0.9795, 
0.97755, 0.97915, 0.97946, 0.97838, 0.97869, 0.97883, 0.97824, 
0.97892, 1.2824, 1.8863, 1.4016, 1.892, 2.2045, 2.8899, 2.7916, 
2.2751, 3.0245, 2.4048, 2.684, 697, 948.6, 654.9, 757.9, 820.2, 
1006, 871.4, 642.8, 871.1, 615, 718.4, 187, 2487, 2002, 1071, 
656, 1343, 1734, 746, 2088, 17, 841, 1, 1, 1, 1, 3, 1, 1, 1, 
1, 2, 2, 100, 100, 100, 100, 100, 100, 100, 100, 100, 100, 100, 
2500, 2500, 2500, 2500, 2500, 2500, 2500, 2500, 2500, 2500, 2500, 
88068.996, 105598.691, 132965.871, 168187.924, 193726.386, 249565.616, 
290331.75, 302580.595, 340808.584, 373105.715, 424388.06, 1, 
1, 1, 1, 1, 1, 1, 1, 1, 1, 1, 0.05, 0.05, 0.05, 0.05, 0.05, 0.05, 
0.05, 0.05, 0.05, 0.05, 0.05, 0, 0, 0, 0, 0, 0, 0, 0, 0, 0, 0, 
0, 0, 0, 0, 0, 0, 0, 0, 0, 0, 0, 0.97567, 0.9769, 0.97635, 0.97505, 
0.97625, 0.97802, 0.97736, 0.9779, 0.97778, 0.9771, 0.97878, 
0.97567, 0.97592, 0.97702, 0.97443, 0.97683, 0.97802, 0.97668, 
0.97758, 0.97808, 0.97795, 0.97811, 0.7154, 0.7954, 0.9941, 1.0897, 
1.3253, 1.4107, 1.6492, 1.694, 1.8465, 2.0109, 2.0964, 345.2, 
372.9, 392.2, 415, 434.2, 454.1, 472.2, 490, 502.6, 528.4, 545, 
1, 1, 1, 1, 1, 1, 1, 1, 1, 1, 1, 1, 1, 1, 1, 1, 1, 1, 1, 1, 1, 
1, 1, 1, 1, 1, 1, 1, 1, 1, 1, 1, 1, 1, 1, 1, 1, 1, 1, 1, 1, 1, 
1, 1, 10.332, 11.175, 13.406, 14.363, 17.405, 17.912, 20.782, 
20.915, 22.617, 24.091, 24.947), .Dim = c(11L, 40L), .Dimnames = list(
    NULL, c("Sampling", "PSO.cost", "PSO.gamma", "PSO.data.balancing", 
    "PSO.feature.selection", "PSO.valid.acc", "PSO.test.acc", 
    "PSO.train.time", "PSO.n.support.vectors", "PSO.index", "PSO.n.solutions", 
    "PSO.generations", "PSO.n.evaluations", "PSO.cpu.time", "RS.cost", 
    "RS.gamma", "RS.data.balancing", "RS.feature.selection", 
    "RS.valid.acc", "RS.test.acc", "RS.train.time", "RS.n.support.vectors", 
    "RS.index", "RS.n.solutions", "RS.generations", "RS.n.evaluations", 
    "RS.cpu.time", "DF.cost", "DF.gamma", "DF.data.balancing", 
    "DF.feature.selection", "DF.valid.acc", "DF.test.acc", "DF.train.time", 
    "DF.n.support.vectors", "DF.index", "DF.n.solutions", "DF.generations", 
    "DF.n.evaluations", "DF.cpu.time")))
