full <-
structure(c(50, 55, 60, 65, 70, 75, 80, 85, 90, 95, 100, -1.94734, 
-1.91183, -1.63221, -1.61398, -1.91724, -1.84987, -1.80269, -2, 
-1.03409, -2, -1.72222, -3.37958, -3.04694, -3.43318, -3.66044, 
-3.76307, -4.45195, -3.47832, -4.83278, -5.07325, -3.25106, -4.48948, 
0, 0, 0, 0, 0, 0, 0, 0, 0, 0, 0, 0, 0, 0, 0, 0, 0, 0, 0, 0, 0, 
0, 0.98135, 0.98084, 0.98018, 0.98087, 0.98166, 0.98054, 0.98108, 
0.97997, 0.98018, 0.9798, 0.97973, 0.97973, 0.97961, 0.98018, 
0.98004, 0.97992, 0.97946, 0.98091, 0.97965, 0.97868, 0.97824, 
0.97933, 1.1459, 1.5212, 1.3956, 1.5193, 1.7725, 1.8956, 2.4638, 
2.7642, 2.806, 3.7933, 2.9114, 547.3, 684.8, 563.9, 561.2, 608.1, 
616.7, 681, 724.1, 633.5, 845.6, 729.1, 558, 19, 276, 475, 587, 
340, 938, 402, 595, 686, 585, 366, 449, 162, 849, 459, 161, 392, 
666, 225, 40, 543, 100, 100, 100, 100, 100, 100, 100, 100, 100, 
100, 100, 2500, 2500, 2500, 2500, 2500, 2500, 2500, 2500, 2500, 
2500, 2500, 48047.137, 57052.329, 63284.724, 64186.203, 68616.584, 
77536.05, 103704.076, 111990.183, 108356.525, 192554.421, 129128.176, 
-0.91486, -1.05994, -1.54122, -1.50393, -1.00827, -1.56547, -1.78784, 
-1.39828, -1.09457, 0.82883, -1.8521, -4.98209, -3.31526, -3.43334, 
-3.61189, -3.60949, -4.57898, -4.1551, -2.85635, -4.98863, -5.34707, 
-4.3047, 0, 0, 0, 0, 0, 0, 0, 0, 0, 0, 0, 0, 0, 0, 0, 0, 0, 0, 
0, 0, 0, 0, 0.98081, 0.98059, 0.97996, 0.98067, 0.98108, 0.98036, 
0.98074, 0.97965, 0.98003, 0.97937, 0.97946, 0.97919, 0.97887, 
0.98018, 0.97983, 0.98031, 0.9791, 0.98125, 0.97917, 0.97898, 
0.97866, 0.97919, 0.8487, 1.1193, 1.3426, 1.395, 1.55, 1.8682, 
2.1443, 3.0099, 2.6601, 2.3668, 2.975, 412.8, 513.2, 554.2, 555.3, 
531, 585.3, 625.1, 880.6, 631.8, 501.5, 741.6, 2135, 1583, 1081, 
657, 477, 282, 1173, 930, 154, 342, 1344, 1, 2, 5, 1, 2, 1, 3, 
1, 1, 3, 3, 100, 100, 100, 100, 100, 100, 100, 100, 100, 100, 
100, 2500, 2500, 2500, 2500, 2500, 2500, 2500, 2500, 2500, 2500, 
2500, 91547.173, 111363.085, 153817.129, 174930.35, 245755.316, 
314880.298, 357515.773, 406796.559, 418537.495, 556271.795, 475413.801, 
1, 1, 1, 1, 1, 1, 1, 1, 1, 1, 1, 0.05, 0.05, 0.05, 0.05, 0.05, 
0.05, 0.05, 0.05, 0.05, 0.05, 0.05, 0, 0, 0, 0, 0, 0, 0, 0, 0, 
0, 0, 0, 0, 0, 0, 0, 0, 0, 0, 0, 0, 0, 0.97946, 0.97838, 0.97883, 
0.9788, 0.98012, 0.97802, 0.97888, 0.97838, 0.97823, 0.97895, 
0.97798, 0.97865, 0.97936, 0.97861, 0.97983, 0.97954, 0.97874, 
0.97922, 0.9787, 0.97868, 0.97824, 0.97784, 0.7433, 0.8628, 0.9961, 
1.1186, 1.2793, 1.6388, 1.7806, 2.0482, 1.7784, 2.2853, 2.2143, 
335.7, 364.4, 381.9, 405.4, 421.3, 444.4, 465.7, 481.8, 503.5, 
521.7, 543.8, 1, 1, 1, 1, 1, 1, 1, 1, 1, 1, 1, 1, 1, 1, 1, 1, 
1, 1, 1, 1, 1, 1, 1, 1, 1, 1, 1, 1, 1, 1, 1, 1, 1, 1, 1, 1, 1, 
1, 1, 1, 1, 1, 1, 1, 10.979, 12.328, 13.503, 14.857, 16.584, 
21.395, 22.351, 26.011, 21.576, 28.44, 26.338), .Dim = c(11L, 
40L), .Dimnames = list(NULL, c("Sampling", "PSO.cost", "PSO.gamma", 
"PSO.data.balancing", "PSO.feature.selection", "PSO.valid.acc", 
"PSO.test.acc", "PSO.train.time", "PSO.n.support.vectors", "PSO.index", 
"PSO.n.solutions", "PSO.generations", "PSO.n.evaluations", "PSO.cpu.time", 
"RS.cost", "RS.gamma", "RS.data.balancing", "RS.feature.selection", 
"RS.valid.acc", "RS.test.acc", "RS.train.time", "RS.n.support.vectors", 
"RS.index", "RS.n.solutions", "RS.generations", "RS.n.evaluations", 
"RS.cpu.time", "DF.cost", "DF.gamma", "DF.data.balancing", "DF.feature.selection", 
"DF.valid.acc", "DF.test.acc", "DF.train.time", "DF.n.support.vectors", 
"DF.index", "DF.n.solutions", "DF.generations", "DF.n.evaluations", 
"DF.cpu.time")))
