full <-
structure(c(50, 55, 60, 65, 70, 75, 80, 85, 90, 95, 100, -0.63415, 
-0.90072, -2, -0.59851, -0.12527, -0.37124, -1.6839, -2, -2, 
-2, -2, -2.94452, -3.40799, -4.21856, -3.17891, -3.14586, -3.74209, 
-3.09771, -3.26421, -4.85949, -2.90872, -2.71533, 0, 0, 0, 0, 
0, 0, 0, 0, 0, 0, 0, 0, 0, 0, 0, 0, 0, 0, 0, 0, 0, 0, 0.98, 0.9801, 
0.97905, 0.97963, 0.98127, 0.98108, 0.98142, 0.98108, 0.98063, 
0.98051, 0.97946, 0.97946, 0.97912, 0.97838, 0.97983, 0.97992, 
0.97964, 0.97973, 0.98092, 0.97943, 0.97909, 0.97946, 1.0973, 
1.0733, 1.4285, 1.5332, 1.6989, 1.6789, 2.5572, 2.5974, 2.7764, 
3.8532, 4.8028, 552.9, 476.5, 559.6, 566.8, 580.1, 494.7, 770.7, 
788, 756.4, 1010.6, 1188.1, 645, 1374, 156, 1010, 1373, 2369, 
395, 929, 443, 479, 822, 234, 50, 276, 75, 71, 1, 512, 252, 692, 
170, 69, 100, 100, 100, 100, 100, 100, 100, 100, 100, 100, 100, 
2500, 2500, 2500, 2500, 2500, 2500, 2500, 2500, 2500, 2500, 2500, 
42842.697, 51758.71, 66843.28, 84957.588, 103071.109, 89188.6870000002, 
108488.403, 126960.642, 111849.711, 135974.219, 218059.048, -0.62002, 
-1.15092, -1.88938, -0.67146, -0.08879, -0.43093, -1.53785, -1.46284, 
-1.02664, 7.3048, -1.96356, -2.97607, -3.4558, -4.30813, -3.15369, 
-3.15836, -3.66578, -3.35474, -2.91925, -5.22398, -9.12965, -2.74243, 
0, 0, 0, 0, 0, 0, 0, 0, 0, 0, 0, 0, 0, 0, 0, 0, 0, 0, 0, 0, 0, 
0, 0.98, 0.97985, 0.97905, 0.97963, 0.98108, 0.9809, 0.98091, 
0.98092, 0.98033, 0.98051, 0.97932, 0.97946, 0.97912, 0.97815, 
0.97983, 0.97992, 0.97946, 0.98023, 0.98029, 0.97883, 0.97909, 
0.97946, 1.0478, 1.0586, 1.3807, 1.5484, 1.7264, 1.6266, 2.2275, 
3.0203, 2.4743, 2.2195, 4.5776, 540.8, 489.7, 546.6, 576.2, 576.1, 
506.4, 675.3, 849.3, 651.8, 482.8, 1158.4, 2047, 1777, 1687, 
1169, 428, 2473, 2168, 1190, 2032, 705, 587, 1, 1, 1, 1, 1, 1, 
1, 1, 2, 3, 1, 100, 100, 100, 100, 100, 100, 100, 100, 100, 100, 
100, 2500, 2500, 2500, 2500, 2500, 2500, 2500, 2500, 2500, 2500, 
2500, 88514.677, 112644.198, 147285.595, 180833.513, 226355.472, 
256270.062, 282684.532, 341832.468, 400651.882, 427186.244, 489657.362, 
1, 1, 1, 1, 1, 1, 1, 1, 1, 1, 1, 0.05, 0.05, 0.05, 0.05, 0.05, 
0.05, 0.05, 0.05, 0.05, 0.05, 0.05, 0, 0, 0, 0, 0, 0, 0, 0, 0, 
0, 0, 0, 0, 0, 0, 0, 0, 0, 0, 0, 0, 0, 0.97784, 0.97887, 0.97748, 
0.97817, 0.98031, 0.98018, 0.97905, 0.97997, 0.97898, 0.97881, 
0.97743, 0.97757, 0.97838, 0.97793, 0.97942, 0.97915, 0.97964, 
0.97956, 0.97949, 0.97958, 0.97767, 0.97811, 0.7023, 0.8841, 
1.0338, 1.1955, 1.3286, 1.4392, 1.6329, 1.8492, 2.046, 2.1114, 
2.3328, 340.8, 361.3, 388.5, 409.6, 426.4, 438.7, 460.4, 482.6, 
502.3, 524.8, 544.7, 1, 1, 1, 1, 1, 1, 1, 1, 1, 1, 1, 1, 1, 1, 
1, 1, 1, 1, 1, 1, 1, 1, 1, 1, 1, 1, 1, 1, 1, 1, 1, 1, 1, 1, 1, 
1, 1, 1, 1, 1, 1, 1, 1, 1, 10.347, 12.517, 13.856, 15.712, 17.194, 
18.273, 20.463, 22.777, 24.937, 25.348, 27.772), .Dim = c(11L, 
40L), .Dimnames = list(NULL, c("Sampling", "PSO.cost", "PSO.gamma", 
"PSO.data.balancing", "PSO.feature.selection", "PSO.valid.acc", 
"PSO.test.acc", "PSO.train.time", "PSO.n.support.vectors", "PSO.index", 
"PSO.n.solutions", "PSO.generations", "PSO.n.evaluations", "PSO.cpu.time", 
"RS.cost", "RS.gamma", "RS.data.balancing", "RS.feature.selection", 
"RS.valid.acc", "RS.test.acc", "RS.train.time", "RS.n.support.vectors", 
"RS.index", "RS.n.solutions", "RS.generations", "RS.n.evaluations", 
"RS.cpu.time", "DF.cost", "DF.gamma", "DF.data.balancing", "DF.feature.selection", 
"DF.valid.acc", "DF.test.acc", "DF.train.time", "DF.n.support.vectors", 
"DF.index", "DF.n.solutions", "DF.generations", "DF.n.evaluations", 
"DF.cpu.time")))
