full <-
structure(c(50, 55, 60, 65, 70, 75, 80, 85, 90, 95, 100, -1.97825, 
-2, -1.04828, -1.1285, -1.20886, -1.18237, 3.6099, -1.75785, 
7.90455, -2, 14.77025, -2.66298, -4.26066, -4.01953, -4.35462, 
-3.58095, -3.56909, -6.39087, -2.94471, -9.05215, -2.96153, -13.56665, 
0, 0, 0, 0, 0, 0, 0, 0, 0, 0, 0, 0, 0, 0, 0, 0, 0, 0, 0, 0, 0, 
0, 0.98027, 0.98035, 0.98153, 0.98046, 0.98108, 0.98072, 0.98057, 
0.9806, 0.97988, 0.98066, 0.97973, 0.98, 0.97912, 0.97995, 0.97921, 
0.98166, 0.98108, 0.97922, 0.97997, 0.97928, 0.97937, 0.97784, 
1.744, 1.2218, 1.2102, 1.4426, 1.6912, 1.7926, 1.368, 3.9934, 
1.8725, 3.5352, 4.8619, 856.7, 519.1, 453, 481.3, 548.4, 575.1, 
364.3, 882.2, 420.4, 975.7, 629.6, 1352, 313, 644, 943, 1009, 
185, 332, 1536, 654, 467, 1773, 59, 299, 312, 148, 154, 987, 
66, 57, 75, 517, 62, 100, 100, 100, 100, 100, 100, 100, 100, 
100, 100, 100, 2500, 2500, 2500, 2500, 2500, 2500, 2500, 2500, 
2500, 2500, 2500, 60023.795, 50180.406, 59292.428, 69954.374, 
82961.696, 75738.5560000001, 66860.128, 196098.465, 109595.396, 
173104.522, 256037.635, -1.18832, -1.98639, -1.24702, -1.04008, 
-1.23302, -1.12603, 1.83391, -1.77107, 7.4816, -1.41192, 7.85692, 
-2.47516, -4.53137, -3.76126, -3.71082, -3.48039, -3.3282, -5.29525, 
-2.93302, -8.83403, -2.93119, -10.02475, 0, 0, 0, 0, 0, 0, 0, 
0, 0, 0, 0, 0, 0, 0, 0, 0, 0, 0, 0, 0, 0, 0, 0.97973, 0.97986, 
0.98086, 0.98025, 0.98089, 0.98072, 0.9804, 0.98045, 0.97988, 
0.98023, 0.97973, 0.97919, 0.97912, 0.98018, 0.97962, 0.98127, 
0.9809, 0.97922, 0.98013, 0.97928, 0.97923, 0.97784, 2.0758, 
1.2262, 1.2406, 1.5833, 1.7563, 1.9557, 1.4362, 2.92, 1.7704, 
3.1277, 2.9221, 994.2, 526.4, 485, 501, 563.4, 611, 387.1, 891.3, 
420.6, 886.1, 613.7, 544, 2361, 91, 2395, 542, 1914, 514, 1012, 
2466, 1234, 1081, 2, 1, 2, 3, 1, 1, 2, 1, 1, 1, 3, 100, 100, 
100, 100, 100, 100, 100, 100, 100, 100, 100, 2500, 2500, 2500, 
2500, 2500, 2500, 2500, 2500, 2500, 2500, 2500, 92657.728, 123851.091, 
136271.667, 239873.699, 223888.197, 270620.448, 283616.699, 429208.98, 
463309.082, 416573.344, 514551.739, 1, 1, 1, 1, 1, 1, 1, 1, 1, 
1, 1, 0.05, 0.05, 0.05, 0.05, 0.05, 0.05, 0.05, 0.05, 0.05, 0.05, 
0.05, 0, 0, 0, 0, 0, 0, 0, 0, 0, 0, 0, 0, 0, 0, 0, 0, 0, 0, 0, 
0, 0, 0, 0.9781, 0.97888, 0.97996, 0.98004, 0.97954, 0.97964, 
0.97872, 0.97917, 0.97808, 0.97838, 0.97838, 0.97702, 0.97912, 
0.97905, 0.97921, 0.98127, 0.98036, 0.97939, 0.97806, 0.97838, 
0.9788, 0.97797, 0.783, 0.8989, 0.9605, 1.3619, 1.2776, 1.3978, 
1.9626, 2.3049, 1.9399, 2.0018, 2.1755, 336.5, 355.3, 378.3, 
397.7, 414.5, 441.5, 464.1, 485.6, 509.2, 528.2, 546, 1, 1, 1, 
1, 1, 1, 1, 1, 1, 1, 1, 1, 1, 1, 1, 1, 1, 1, 1, 1, 1, 1, 1, 1, 
1, 1, 1, 1, 1, 1, 1, 1, 1, 1, 1, 1, 1, 1, 1, 1, 1, 1, 1, 1, 11.454, 
12.669, 13.067, 18.648, 16.615, 17.699, 25.153, 28.877, 23.462, 
24.142, 26.057), .Dim = c(11L, 40L), .Dimnames = list(NULL, c("Sampling", 
"PSO.cost", "PSO.gamma", "PSO.data.balancing", "PSO.feature.selection", 
"PSO.valid.acc", "PSO.test.acc", "PSO.train.time", "PSO.n.support.vectors", 
"PSO.index", "PSO.n.solutions", "PSO.generations", "PSO.n.evaluations", 
"PSO.cpu.time", "RS.cost", "RS.gamma", "RS.data.balancing", "RS.feature.selection", 
"RS.valid.acc", "RS.test.acc", "RS.train.time", "RS.n.support.vectors", 
"RS.index", "RS.n.solutions", "RS.generations", "RS.n.evaluations", 
"RS.cpu.time", "DF.cost", "DF.gamma", "DF.data.balancing", "DF.feature.selection", 
"DF.valid.acc", "DF.test.acc", "DF.train.time", "DF.n.support.vectors", 
"DF.index", "DF.n.solutions", "DF.generations", "DF.n.evaluations", 
"DF.cpu.time")))
