full <-
structure(c(50, 55, 60, 65, 70, 75, 80, 85, 90, 95, 100, -2, 
-2, -2, -2, -2, -2, -1.81508, -2, -2, -1.86995, 5.06694, -2.70994, 
-3.34321, -2.91337, -3.15482, -3.79239, -4.31609, -3.0606, -4.54488, 
-4.31278, -3.66601, -8.0334, 0, 0, 0, 0, 0, 0, 0, 0, 0, 0, 0, 
0, 0, 0, 0, 0, 0, 0, 0, 0, 0, 0, 0.97838, 0.98034, 0.98018, 0.98004, 
0.97992, 0.97982, 0.98041, 0.97933, 0.98018, 0.98037, 0.98, 0.97703, 
0.97936, 0.97838, 0.97942, 0.97838, 0.97892, 0.97939, 0.97933, 
0.98003, 0.97909, 0.97946, 1.6667, 1.357, 1.871, 1.9865, 1.8355, 
2.0044, 2.6484, 2.5816, 2.6831, 2.9381, 2.3479, 835.4, 601.6, 
781.3, 718, 621.1, 635, 796.8, 704, 714.2, 744.2, 516.5, 523, 
1325, 794, 194, 174, 118, 638, 263, 673, 856, 1867, 747, 166, 
300, 480, 858, 565, 384, 614, 705, 396, 1, 100, 100, 100, 100, 
100, 100, 100, 100, 100, 100, 100, 2500, 2500, 2500, 2500, 2500, 
2500, 2500, 2500, 2500, 2500, 2500, 54447.545, 53463.247, 73453.807, 
80183.885, 72147.41, 97195.7949999999, 106348.909, 131121.321, 
112529.092, 129293.196, 170936.929, -1.83518, -1.77224, -1.64416, 
-1.49922, -1.74146, -1.96885, -1.96318, 11.41925, -1.15466, -1.8961, 
6.45231, -2.58546, -3.36382, -2.79073, -2.99083, -2.66988, -4.46923, 
-4.24866, -10.987, -4.48493, -3.67245, -8.73449, 0, 0, 0, 0, 
0, 0, 0, 0, 0, 0, 0, 0, 0, 0, 0, 0, 0, 0, 0, 0, 0, 0, 0.97784, 
0.9796, 0.97883, 0.97963, 0.97954, 0.97946, 0.97973, 0.97917, 
0.97988, 0.98023, 0.97987, 0.9773, 0.9796, 0.97838, 0.97838, 
0.97934, 0.97928, 0.97872, 0.9787, 0.97868, 0.97881, 0.97946, 
1.7973, 1.2728, 1.9009, 1.9621, 2.7766, 1.9396, 2.182, 2.7365, 
2.3317, 2.7507, 2.514, 921.4, 569.1, 795.3, 717.3, 967.6, 636.8, 
645.3, 417.9, 611.3, 747.4, 511.6, 1077, 1809, 342, 1678, 1559, 
2060, 1163, 164, 91, 1728, 1556, 1, 1, 2, 1, 1, 3, 1, 4, 2, 1, 
1, 100, 100, 100, 100, 100, 100, 100, 100, 100, 100, 100, 2500, 
2500, 2500, 2500, 2500, 2500, 2500, 2500, 2500, 2500, 2500, 89474.011, 
111411.278, 140415.328, 181143.23, 215783.348, 258206.284, 323854.184, 
331891.955, 379933.092, 412373.826, 516138.696, 1, 1, 1, 1, 1, 
1, 1, 1, 1, 1, 1, 0.05, 0.05, 0.05, 0.05, 0.05, 0.05, 0.05, 0.05, 
0.05, 0.05, 0.05, 0, 0, 0, 0, 0, 0, 0, 0, 0, 0, 0, 0, 0, 0, 0, 
0, 0, 0, 0, 0, 0, 0, 0.97486, 0.97739, 0.97725, 0.97672, 0.97722, 
0.97676, 0.97787, 0.9779, 0.97808, 0.97795, 0.97919, 0.97594, 
0.97591, 0.97703, 0.97692, 0.97683, 0.97784, 0.9777, 0.97822, 
0.97808, 0.97795, 0.97757, 0.7628, 0.8652, 1.0755, 1.2148, 1.3694, 
1.5086, 1.6858, 1.8763, 1.8781, 2.0648, 2.3162, 352.1, 365.8, 
392, 416.1, 428.2, 447.2, 459.9, 488.1, 505.3, 521.7, 543.4, 
1, 1, 1, 1, 1, 1, 1, 1, 1, 1, 1, 1, 1, 1, 1, 1, 1, 1, 1, 1, 1, 
1, 1, 1, 1, 1, 1, 1, 1, 1, 1, 1, 1, 1, 1, 1, 1, 1, 1, 1, 1, 1, 
1, 1, 10.942, 11.95, 14.36, 15.79, 17.553, 19.21, 20.984, 23.072, 
22.72, 24.721, 27.499), .Dim = c(11L, 40L), .Dimnames = list(
    NULL, c("Sampling", "PSO.cost", "PSO.gamma", "PSO.data.balancing", 
    "PSO.feature.selection", "PSO.valid.acc", "PSO.test.acc", 
    "PSO.train.time", "PSO.n.support.vectors", "PSO.index", "PSO.n.solutions", 
    "PSO.generations", "PSO.n.evaluations", "PSO.cpu.time", "RS.cost", 
    "RS.gamma", "RS.data.balancing", "RS.feature.selection", 
    "RS.valid.acc", "RS.test.acc", "RS.train.time", "RS.n.support.vectors", 
    "RS.index", "RS.n.solutions", "RS.generations", "RS.n.evaluations", 
    "RS.cpu.time", "DF.cost", "DF.gamma", "DF.data.balancing", 
    "DF.feature.selection", "DF.valid.acc", "DF.test.acc", "DF.train.time", 
    "DF.n.support.vectors", "DF.index", "DF.n.solutions", "DF.generations", 
    "DF.n.evaluations", "DF.cpu.time")))
