full <-
structure(c(50, 55, 60, 65, 70, 75, 80, 85, 90, 95, 100, -1.9755, 
-1.21882, -2, -2, -1.61922, -1.75588, -1.74011, 7.48168, -2, 
-0.65516, -2, -3.23651, -2.92058, -2.73895, -2.67645, -3.00166, 
-3.02694, -3.36639, -8.88266, -3.55871, -2.93739, -2.59074, 0, 
0, 0, 0, 0, 0, 0, 0, 0, 0, 0, 0, 0, 0, 0, 0, 0, 0, 0, 0, 0, 0, 
0.98136, 0.98157, 0.98108, 0.98087, 0.98185, 0.98162, 0.98142, 
0.98092, 0.98018, 0.98037, 0.97973, 0.98055, 0.98108, 0.98131, 
0.97942, 0.98108, 0.98036, 0.98057, 0.97854, 0.98033, 0.98037, 
0.97851, 1.1917, 1.3955, 2.1026, 2.5241, 1.9947, 2.3523, 2.3756, 
1.708, 2.7914, 3.0018, 5.3751, 588.5, 646.3, 885.4, 978.7, 746.4, 
776.9, 698.2, 405.8, 754.1, 799.6, 1315.1, 399, 1983, 1108, 718, 
1012, 1385, 1578, 1838, 962, 1767, 870, 920, 4, 163, 255, 148, 
35, 98, 3, 141, 1, 145, 100, 100, 100, 100, 100, 100, 100, 100, 
100, 100, 100, 2500, 2500, 2500, 2500, 2500, 2500, 2500, 2500, 
2500, 2500, 2500, 42663.906, 51675.525, 66633.752, 98137.674, 
84330.5159999999, 97636.6989999998, 136453.275, 104842.584, 147627.233, 
210619.907, 215450.718, -1.7956, -1.14108, -0.7291, -0.63612, 
-1.36728, -1.56802, -1.59054, 14.15017, 1.71343, -0.88004, -1.53197, 
-3.24788, -2.92032, -5.03288, -2.39879, -2.9485, -2.79106, -3.3506, 
-12.3132, -5.87729, -2.71758, -3.04516, 0, 0, 0, 0, 0, 0, 0, 
0, 0, 0, 0, 0, 0, 0, 0, 0, 0, 0, 0, 0, 0, 0, 0.98136, 0.98108, 
0.98041, 0.98004, 0.98127, 0.98126, 0.98125, 0.98076, 0.98003, 
0.98037, 0.97919, 0.98001, 0.98059, 0.98018, 0.979, 0.98108, 
0.98018, 0.98074, 0.97854, 0.97928, 0.97909, 0.97811, 1.1549, 
1.4543, 1.184, 3.0742, 2.0987, 2.721, 2.269, 3.4519, 1.8488, 
3.5912, 3.3957, 564.2, 638.7, 453.3, 1223.4, 742.4, 878.7, 682.3, 
409.1, 465.8, 957.3, 876.3, 1501, 1436, 1148, 561, 879, 2358, 
25, 189, 719, 2349, 825, 1, 1, 1, 1, 3, 1, 1, 6, 1, 2, 1, 100, 
100, 100, 100, 100, 100, 100, 100, 100, 100, 100, 2500, 2500, 
2500, 2500, 2500, 2500, 2500, 2500, 2500, 2500, 2500, 87837.66, 
114209.828, 150491.541, 180581.673, 224837.208, 249236.497, 320192.798, 
328931.64, 413519.187, 438515.563, 464554.759, 1, 1, 1, 1, 1, 
1, 1, 1, 1, 1, 1, 0.05, 0.05, 0.05, 0.05, 0.05, 0.05, 0.05, 0.05, 
0.05, 0.05, 0.05, 0, 0, 0, 0, 0, 0, 0, 0, 0, 0, 0, 0, 0, 0, 0, 
0, 0, 0, 0, 0, 0, 0, 0.97839, 0.97911, 0.97928, 0.97838, 0.97934, 
0.97892, 0.98023, 0.97981, 0.97913, 0.97937, 0.97743, 0.97893, 
0.97985, 0.9786, 0.979, 0.98089, 0.9791, 0.97905, 0.97806, 0.97823, 
0.97966, 0.97716, 0.73, 0.8456, 0.994, 1.1438, 1.2474, 1.5161, 
1.7165, 1.7141, 2.009, 2.0475, 2.3133, 332.7, 351.7, 377.3, 400, 
416.9, 439.6, 458.9, 490.2, 504.9, 516.9, 543.5, 1, 1, 1, 1, 
1, 1, 1, 1, 1, 1, 1, 1, 1, 1, 1, 1, 1, 1, 1, 1, 1, 1, 1, 1, 1, 
1, 1, 1, 1, 1, 1, 1, 1, 1, 1, 1, 1, 1, 1, 1, 1, 1, 1, 1, 10.731, 
12.107, 13.464, 15.034, 16.121, 19.124, 21.387, 21.186, 24.439, 
24.522, 27.469), .Dim = c(11L, 40L), .Dimnames = list(NULL, c("Sampling", 
"PSO.cost", "PSO.gamma", "PSO.data.balancing", "PSO.feature.selection", 
"PSO.valid.acc", "PSO.test.acc", "PSO.train.time", "PSO.n.support.vectors", 
"PSO.index", "PSO.n.solutions", "PSO.generations", "PSO.n.evaluations", 
"PSO.cpu.time", "RS.cost", "RS.gamma", "RS.data.balancing", "RS.feature.selection", 
"RS.valid.acc", "RS.test.acc", "RS.train.time", "RS.n.support.vectors", 
"RS.index", "RS.n.solutions", "RS.generations", "RS.n.evaluations", 
"RS.cpu.time", "DF.cost", "DF.gamma", "DF.data.balancing", "DF.feature.selection", 
"DF.valid.acc", "DF.test.acc", "DF.train.time", "DF.n.support.vectors", 
"DF.index", "DF.n.solutions", "DF.generations", "DF.n.evaluations", 
"DF.cpu.time")))
