full <-
structure(c(50, 55, 60, 65, 70, 75, 80, 85, 90, 95, 100, -0.62309, 
-1.6896, -1.71632, -1.16404, -1.84166, -1.46968, -2, -2, -1.98955, 
-2, -2, -4.59493, -3.97014, -4.45722, -4.06925, -4.15133, -4.47255, 
-4.53642, -4.27995, -4.22493, -2.68252, -4.65136, 0, 0, 0, 0, 
0, 0, 0, 0, 0, 0, 0, 0, 0, 0, 0, 0, 0, 0, 0, 0, 0, 0, 0.98055, 
0.98182, 0.98063, 0.98046, 0.98128, 0.9809, 0.98024, 0.98124, 
0.98108, 0.9808, 0.98014, 0.97974, 0.97986, 0.98063, 0.97942, 
0.98128, 0.97964, 0.9799, 0.98092, 0.97973, 0.97924, 0.97973, 
0.8092, 1.0983, 1.3293, 1.3808, 1.7394, 1.8083, 2.2667, 2.4077, 
2.6176, 4.6134, 3.2692, 380.6, 491.1, 525.6, 493, 584.7, 569.2, 
667.4, 681.9, 697, 1177, 782.8, 1410, 744, 734, 900, 497, 715, 
408, 470, 1365, 1390, 1998, 106, 100, 233, 208, 533, 152, 844, 
880, 14, 71, 4, 100, 100, 100, 100, 100, 100, 100, 100, 100, 
100, 100, 2500, 2500, 2500, 2500, 2500, 2500, 2500, 2500, 2500, 
2500, 2500, 45854.243, 40558.673, 49683.707, 71505.249, 70414.742, 
72140.514, 91444.9269999999, 100705.896, 121266.588, 253376.157, 
145721.969, -0.54479, -1.80272, 1.46049, -1.32215, -0.92494, 
-0.79378, -0.67862, -1.85022, -1.9524, 10.68284, -0.33619, -5.36441, 
-4.26719, -6.20703, -4.11557, -4.96174, -4.82171, -4.90962, -4.3106, 
-4.08119, -11.28933, -4.98789, 0, 0, 0, 0, 0, 0, 0, 0, 0, 0, 
0, 0, 0, 0, 0, 0, 0, 0, 0, 0, 0, 0, 0.98001, 0.98084, 0.97995, 
0.97983, 0.98108, 0.98054, 0.9799, 0.98092, 0.98063, 0.98023, 
0.98013, 0.97785, 0.97961, 0.97928, 0.97963, 0.97993, 0.97982, 
0.98007, 0.98076, 0.97973, 0.97966, 0.97986, 0.892, 1.0776, 1.0371, 
1.3857, 1.4896, 1.6538, 1.8626, 2.4508, 2.5541, 3.0899, 2.4033, 
423.6, 501.2, 395.3, 508.9, 518.2, 516.2, 534.5, 659, 692.3, 
550.4, 590.6, 326, 1337, 1771, 156, 1576, 249, 881, 132, 1641, 
2034, 1542, 3, 3, 4, 4, 1, 3, 3, 1, 3, 2, 1, 100, 100, 100, 100, 
100, 100, 100, 100, 100, 100, 100, 2500, 2500, 2500, 2500, 2500, 
2500, 2500, 2500, 2500, 2500, 2500, 88000.938, 100608.337, 138361.802, 
178197.18, 212126.346, 259907.367, 309890.156, 348194.498, 383347.928, 
435207.532, 464564.099, 1, 1, 1, 1, 1, 1, 1, 1, 1, 1, 1, 0.05, 
0.05, 0.05, 0.05, 0.05, 0.05, 0.05, 0.05, 0.05, 0.05, 0.05, 0, 
0, 0, 0, 0, 0, 0, 0, 0, 0, 0, 0, 0, 0, 0, 0, 0, 0, 0, 0, 0, 0, 
0.98, 0.97863, 0.9786, 0.97859, 0.97973, 0.97838, 0.97905, 0.97933, 
0.97928, 0.97867, 0.97811, 0.97946, 0.97912, 0.97838, 0.97859, 
0.978, 0.97766, 0.97872, 0.97981, 0.97868, 0.97966, 0.97878, 
0.7458, 0.8439, 1.0105, 1.2012, 1.2584, 1.4816, 1.7146, 1.801, 
1.9646, 2.1094, 2.4622, 340.2, 359.3, 381.2, 409, 423.3, 440.2, 
464, 477.7, 492, 513.6, 541.9, 1, 1, 1, 1, 1, 1, 1, 1, 1, 1, 
1, 1, 1, 1, 1, 1, 1, 1, 1, 1, 1, 1, 1, 1, 1, 1, 1, 1, 1, 1, 1, 
1, 1, 1, 1, 1, 1, 1, 1, 1, 1, 1, 1, 1, 10.921, 11.758, 13.577, 
15.821, 16.252, 18.796, 21.331, 22.12, 23.978, 25.217, 29.257
), .Dim = c(11L, 40L), .Dimnames = list(NULL, c("Sampling", "PSO.cost", 
"PSO.gamma", "PSO.data.balancing", "PSO.feature.selection", "PSO.valid.acc", 
"PSO.test.acc", "PSO.train.time", "PSO.n.support.vectors", "PSO.index", 
"PSO.n.solutions", "PSO.generations", "PSO.n.evaluations", "PSO.cpu.time", 
"RS.cost", "RS.gamma", "RS.data.balancing", "RS.feature.selection", 
"RS.valid.acc", "RS.test.acc", "RS.train.time", "RS.n.support.vectors", 
"RS.index", "RS.n.solutions", "RS.generations", "RS.n.evaluations", 
"RS.cpu.time", "DF.cost", "DF.gamma", "DF.data.balancing", "DF.feature.selection", 
"DF.valid.acc", "DF.test.acc", "DF.train.time", "DF.n.support.vectors", 
"DF.index", "DF.n.solutions", "DF.generations", "DF.n.evaluations", 
"DF.cpu.time")))
