full <-
structure(c(50, 55, 60, 65, 70, 75, 80, 85, 90, 95, 100, -1.78122, 
-2, -1.64363, -2, -1.96036, -0.68814, -2, -2, -1.57006, -1.65865, 
-1.96783, -2.80512, -3.01255, -2.65555, -3.5499, -3.42433, -3.21177, 
-4.45858, -2.82447, -3.56089, -4.03668, -3.73409, 0, 0, 0, 0, 
0, 0, 0, 0, 0, 0, 0, 0, 0, 0, 0, 0, 0, 0, 0, 0, 0, 0, 0.98027, 
0.98108, 0.98086, 0.98087, 0.98147, 0.98126, 0.9804, 0.98108, 
0.98093, 0.98065, 0.98055, 0.97865, 0.97961, 0.97996, 0.98025, 
0.98089, 0.98054, 0.98024, 0.97965, 0.98063, 0.98051, 0.97919, 
1.565, 1.5168, 2.1302, 1.6096, 1.9126, 1.944, 2.2198, 3.5094, 
2.5737, 2.6603, 3.1336, 733.8, 693.9, 895, 614, 658.1, 613.6, 
666.8, 982.7, 689.8, 685.5, 777.9, 431, 568, 667, 366, 883, 618, 
433, 438, 1549, 629, 549, 345, 421, 83, 441, 256, 549, 729, 693, 
70, 349, 480, 100, 100, 100, 100, 100, 100, 100, 100, 100, 100, 
100, 2500, 2500, 2500, 2500, 2500, 2500, 2500, 2500, 2500, 2500, 
2500, 55584.649, 57508.796, 68440.647, 73308.993, 76169.529, 
74069.0630000001, 86837.693, 146398.116, 103745.418, 126635.967, 
134551.767, -1.30283, -1.66765, -1.62028, -1.2838, -1.75887, 
-0.49373, -1.81507, -1.89505, -1.32107, -1.3265, -1.974, -2.65615, 
-2.79779, -3.15382, -2.70928, -3.42714, -3.24568, -4.17226, -2.86549, 
-4.19214, -4.20725, -3.51447, 0, 0, 0, 0, 0, 0, 0, 0, 0, 0, 0, 
0, 0, 0, 0, 0, 0, 0, 0, 0, 0, 0, 0.98, 0.98034, 0.9804, 0.98129, 
0.98089, 0.98108, 0.98006, 0.98076, 0.98048, 0.98037, 0.98028, 
0.97838, 0.97985, 0.9804, 0.97983, 0.98127, 0.98, 0.9804, 0.97981, 
0.98048, 0.9798, 0.97946, 1.6011, 1.6069, 1.5104, 2.2266, 1.8041, 
1.8386, 2.1084, 3.3328, 2.3022, 2.5487, 3.4189, 790.5, 750.4, 
627.3, 829.5, 631.4, 595.9, 635.7, 934.5, 617.4, 639.5, 808.6, 
14, 1526, 1226, 280, 1642, 1621, 1469, 1163, 742, 1526, 2464, 
1, 1, 1, 1, 3, 2, 1, 1, 3, 6, 2, 100, 100, 100, 100, 100, 100, 
100, 100, 100, 100, 100, 2500, 2500, 2500, 2500, 2500, 2500, 
2500, 2500, 2500, 2500, 2500, 93920.183, 106737.693, 147912.897, 
167070.101, 215847.925, 264820.706, 324243.226, 350607.671, 400031.217, 
435193.916, 518295.24, 1, 1, 1, 1, 1, 1, 1, 1, 1, 1, 1, 0.05, 
0.05, 0.05, 0.05, 0.05, 0.05, 0.05, 0.05, 0.05, 0.05, 0.05, 0, 
0, 0, 0, 0, 0, 0, 0, 0, 0, 0, 0, 0, 0, 0, 0, 0, 0, 0, 0, 0, 0, 
0.97568, 0.97813, 0.97905, 0.97983, 0.97934, 0.97946, 0.97905, 
0.97822, 0.97898, 0.97937, 0.97798, 0.97676, 0.97862, 0.9795, 
0.97921, 0.97915, 0.97982, 0.97956, 0.97949, 0.97853, 0.97866, 
0.97757, 0.7695, 0.8332, 1.0323, 1.0786, 1.2734, 1.4899, 1.6101, 
1.7499, 2.0511, 2.1425, 2.4114, 349.3, 364.3, 382, 397.2, 419.2, 
441.6, 460.1, 477.3, 497.4, 514.8, 544, 1, 1, 1, 1, 1, 1, 1, 
1, 1, 1, 1, 1, 1, 1, 1, 1, 1, 1, 1, 1, 1, 1, 1, 1, 1, 1, 1, 1, 
1, 1, 1, 1, 1, 1, 1, 1, 1, 1, 1, 1, 1, 1, 1, 1, 11.392, 11.692, 
13.991, 14.291, 16.399, 18.868, 20.128, 21.586, 24.904, 25.67, 
28.694), .Dim = c(11L, 40L), .Dimnames = list(NULL, c("Sampling", 
"PSO.cost", "PSO.gamma", "PSO.data.balancing", "PSO.feature.selection", 
"PSO.valid.acc", "PSO.test.acc", "PSO.train.time", "PSO.n.support.vectors", 
"PSO.index", "PSO.n.solutions", "PSO.generations", "PSO.n.evaluations", 
"PSO.cpu.time", "RS.cost", "RS.gamma", "RS.data.balancing", "RS.feature.selection", 
"RS.valid.acc", "RS.test.acc", "RS.train.time", "RS.n.support.vectors", 
"RS.index", "RS.n.solutions", "RS.generations", "RS.n.evaluations", 
"RS.cpu.time", "DF.cost", "DF.gamma", "DF.data.balancing", "DF.feature.selection", 
"DF.valid.acc", "DF.test.acc", "DF.train.time", "DF.n.support.vectors", 
"DF.index", "DF.n.solutions", "DF.generations", "DF.n.evaluations", 
"DF.cpu.time")))
