full <-
structure(c(50, 55, 60, 65, 70, 75, 80, 85, 90, 95, 100, -1.24865, 
-1.18726, -2, -1.56624, -1.96708, -2, 0.27863, -1.99957, 1.72146, 
-2, -2, -4.48297, -4.13422, -4.23141, -5.11476, -3.666, -2.92495, 
-5.29414, -2.95827, -5.7831, -4.06422, -3.48863, 0, 0, 0, 0, 
0, 0, 0, 0, 0, 0, 0, 0, 0, 0, 0, 0, 0, 0, 0, 0, 0, 0, 0.97919, 
0.97911, 0.97951, 0.98004, 0.97877, 0.97928, 0.97838, 0.97854, 
0.97943, 0.97966, 0.98, 0.97676, 0.97887, 0.97771, 0.97859, 0.97799, 
0.97856, 0.97821, 0.97774, 0.97808, 0.97952, 0.97959, 1.1488, 
1.0576, 1.392, 1.7136, 1.9125, 2.9887, 1.604, 3.239, 1.8753, 
3.013, 3.568, 437.9, 460.5, 570.7, 598.7, 644.1, 886.1, 495.6, 
939.8, 465.6, 738.9, 816.6, 1902, 673, 850, 864, 499, 758, 2115, 
824, 557, 281, 254, 92, 250, 175, 99, 393, 143, 46, 285, 265, 
1096, 358, 100, 100, 100, 100, 100, 100, 100, 100, 100, 100, 
100, 2500, 2500, 2500, 2500, 2500, 2500, 2500, 2500, 2500, 2500, 
2500, 55365.394, 51030.035, 58852.156, 61273.343, 83323.866, 
131462.84, 91225.0929999999, 134147.136, 109419.81, 118314.259, 
147062.648, -1.66203, -1.25162, -1.92536, -1.0252, -1.93937, 
-1.86381, -0.11716, 0.53539, 1.55931, -1.52545, 5.43345, -3.84779, 
-3.92306, -4.43883, -5.19747, -2.60155, -2.88328, -4.56339, -5.42309, 
-5.40546, -4.44578, -8.88829, 0, 0, 0, 0, 0, 0, 0, 0, 0, 0, 0, 
0, 0, 0, 0, 0, 0, 0, 0, 0, 0, 0, 0.97919, 0.97862, 0.97861, 0.97942, 
0.97819, 0.97892, 0.97804, 0.9779, 0.97928, 0.97952, 0.97973, 
0.97838, 0.97887, 0.97793, 0.97776, 0.97684, 0.97838, 0.97753, 
0.97758, 0.97838, 0.97923, 0.97865, 0.9865, 1.0801, 1.3572, 1.542, 
3.2538, 2.5817, 1.7156, 1.8532, 1.9122, 2.8759, 2.6883, 482.3, 
472, 566, 538.2, 1085.1, 887.5, 485.3, 504.4, 450.6, 677.9, 638.7, 
1845, 466, 898, 1362, 2381, 2191, 2084, 2292, 1841, 146, 297, 
1, 2, 3, 5, 3, 3, 3, 1, 6, 1, 1, 100, 100, 100, 100, 100, 100, 
100, 100, 100, 100, 100, 2500, 2500, 2500, 2500, 2500, 2500, 
2500, 2500, 2500, 2500, 2500, 101012.67, 113188.93, 145525.603, 
179395.024, 230620.272, 250744.523, 272508.747, 394708.532, 423479.427, 
507257.524, 467848.876, 1, 1, 1, 1, 1, 1, 1, 1, 1, 1, 1, 0.05, 
0.05, 0.05, 0.05, 0.05, 0.05, 0.05, 0.05, 0.05, 0.05, 0.05, 0, 
0, 0, 0, 0, 0, 0, 0, 0, 0, 0, 0, 0, 0, 0, 0, 0, 0, 0, 0, 0, 0, 
0.97595, 0.97641, 0.97635, 0.97651, 0.97568, 0.97784, 0.9777, 
0.9771, 0.97868, 0.97767, 0.97892, 0.97703, 0.97739, 0.9777, 
0.97817, 0.97722, 0.97676, 0.97753, 0.97679, 0.97763, 0.97681, 
0.97838, 0.7773, 0.9021, 1.1117, 1.2066, 1.4867, 1.4334, 1.7206, 
1.8595, 2.0662, 2.2829, 2.2334, 354.1, 376.8, 397.8, 418.2, 436.4, 
455.9, 475.3, 499.5, 515.1, 526.2, 543.1, 1, 1, 1, 1, 1, 1, 1, 
1, 1, 1, 1, 1, 1, 1, 1, 1, 1, 1, 1, 1, 1, 1, 1, 1, 1, 1, 1, 1, 
1, 1, 1, 1, 1, 1, 1, 1, 1, 1, 1, 1, 1, 1, 1, 1, 11.227, 12.511, 
15.376, 16.46, 19.52, 18.007, 21.206, 23.328, 25.544, 27.746, 
26.487), .Dim = c(11L, 40L), .Dimnames = list(NULL, c("Sampling", 
"PSO.cost", "PSO.gamma", "PSO.data.balancing", "PSO.feature.selection", 
"PSO.valid.acc", "PSO.test.acc", "PSO.train.time", "PSO.n.support.vectors", 
"PSO.index", "PSO.n.solutions", "PSO.generations", "PSO.n.evaluations", 
"PSO.cpu.time", "RS.cost", "RS.gamma", "RS.data.balancing", "RS.feature.selection", 
"RS.valid.acc", "RS.test.acc", "RS.train.time", "RS.n.support.vectors", 
"RS.index", "RS.n.solutions", "RS.generations", "RS.n.evaluations", 
"RS.cpu.time", "DF.cost", "DF.gamma", "DF.data.balancing", "DF.feature.selection", 
"DF.valid.acc", "DF.test.acc", "DF.train.time", "DF.n.support.vectors", 
"DF.index", "DF.n.solutions", "DF.generations", "DF.n.evaluations", 
"DF.cpu.time")))
