full <-
structure(c(50, 55, 60, 65, 70, 75, 80, 85, 90, 95, 100, -1.9161, 
-0.76626, -1.70301, -2, -1.37036, -2, -2, -2, -2, -1.96112, 11.54396, 
-3.05611, -3.04644, -2.80375, -3.09445, -2.72204, -3.50536, -2.73332, 
-3.13142, -3.54347, -3.696, -11.65304, 0, 0, 0, 0, 0, 0, 0, 0, 
0, 0, 0, 0, 0, 0, 0, 0, 0, 0, 0, 0, 0, 0, 0.98189, 0.98132, 0.98198, 
0.98108, 0.98089, 0.98054, 0.98074, 0.98045, 0.98048, 0.98051, 
0.98054, 0.98054, 0.9796, 0.98018, 0.97984, 0.9805, 0.97964, 
0.9799, 0.97949, 0.97958, 0.97895, 0.97932, 1.4874, 1.3886, 2.1513, 
2.0367, 2.7316, 2.5023, 4.0117, 3.7111, 3.2655, 3.3164, 3.5564, 
642.9, 563.8, 816.8, 742.1, 880.5, 684.6, 1023.1, 832.9, 747.6, 
744.9, 565.3, 621, 1463, 527, 328, 865, 132, 357, 714, 650, 570, 
1120, 408, 52, 309, 611, 75, 792, 816, 185, 543, 711, 20, 100, 
100, 100, 100, 100, 100, 100, 100, 100, 100, 100, 2500, 2500, 
2500, 2500, 2500, 2500, 2500, 2500, 2500, 2500, 2500, 54411.25, 
73555.935, 79577.894, 87611.028, 151554.966, 124367.483, 157432.581, 
151816.32, 164118.271, 157831.181, 191882.189, -1.63499, -0.4491, 
-1.43152, -1.67029, 6.87307, -1.90387, -1.64116, 7.16499, -1.95415, 
-1.40917, 13.76924, -3.14019, -2.98444, -3.02957, -3.02567, -8.39954, 
-3.60474, -2.73926, -8.94801, -3.38985, -3.78276, -12.73593, 
0, 0, 0, 0, 0, 0, 0, 0, 0, 0, 0, 0, 0, 0, 0, 0, 0, 0, 0, 0, 0, 
0, 0.98162, 0.98132, 0.98063, 0.98108, 0.9805, 0.98036, 0.98057, 
0.97981, 0.97973, 0.97994, 0.98041, 0.98027, 0.98107, 0.98063, 
0.97984, 0.97934, 0.97982, 0.98007, 0.97902, 0.97958, 0.97909, 
0.97946, 1.309, 1.4407, 1.6459, 1.8251, 1.309, 2.2241, 3.7359, 
2.0121, 3.3493, 2.6208, 4.1754, 575.9, 568.5, 660.7, 721.2, 333.1, 
656.3, 951.3, 426.9, 773.4, 668.6, 558.5, 530, 1465, 1466, 2357, 
1390, 127, 1895, 1633, 666, 2158, 1160, 1, 1, 2, 1, 2, 2, 1, 
6, 1, 3, 1, 100, 100, 100, 100, 100, 100, 100, 100, 100, 100, 
100, 2500, 2500, 2500, 2500, 2500, 2500, 2500, 2500, 2500, 2500, 
2500, 107447.631, 134642.988, 177513.702, 171464.126, 224029.738, 
322395.832, 395284.024, 444807.176, 460504.85, 479428.956, 470906.554, 
1, 1, 1, 1, 1, 1, 1, 1, 1, 1, 1, 0.05, 0.05, 0.05, 0.05, 0.05, 
0.05, 0.05, 0.05, 0.05, 0.05, 0.05, 0, 0, 0, 0, 0, 0, 0, 0, 0, 
0, 0, 0, 0, 0, 0, 0, 0, 0, 0, 0, 0, 0, 0.98, 0.97985, 0.97883, 
0.97901, 0.97896, 0.98, 0.97821, 0.9779, 0.97853, 0.97895, 0.97879, 
0.98, 0.97862, 0.97815, 0.97859, 0.97896, 0.97802, 0.97888, 0.97854, 
0.97883, 0.97881, 0.97851, 0.7654, 0.9594, 1.0806, 1.1702, 1.4579, 
1.7625, 2.1789, 2.1905, 2.0176, 2.1497, 2.3173, 332.8, 356.1, 
378.5, 404, 417.4, 440, 456.9, 480, 500.9, 516.9, 543.8, 1, 1, 
1, 1, 1, 1, 1, 1, 1, 1, 1, 1, 1, 1, 1, 1, 1, 1, 1, 1, 1, 1, 1, 
1, 1, 1, 1, 1, 1, 1, 1, 1, 1, 1, 1, 1, 1, 1, 1, 1, 1, 1, 1, 1, 
11.917, 14.062, 15.218, 15.295, 19.618, 23.256, 28.317, 27.872, 
25.251, 26.588, 27.613), .Dim = c(11L, 40L), .Dimnames = list(
    NULL, c("Sampling", "PSO.cost", "PSO.gamma", "PSO.data.balancing", 
    "PSO.feature.selection", "PSO.valid.acc", "PSO.test.acc", 
    "PSO.train.time", "PSO.n.support.vectors", "PSO.index", "PSO.n.solutions", 
    "PSO.generations", "PSO.n.evaluations", "PSO.cpu.time", "RS.cost", 
    "RS.gamma", "RS.data.balancing", "RS.feature.selection", 
    "RS.valid.acc", "RS.test.acc", "RS.train.time", "RS.n.support.vectors", 
    "RS.index", "RS.n.solutions", "RS.generations", "RS.n.evaluations", 
    "RS.cpu.time", "DF.cost", "DF.gamma", "DF.data.balancing", 
    "DF.feature.selection", "DF.valid.acc", "DF.test.acc", "DF.train.time", 
    "DF.n.support.vectors", "DF.index", "DF.n.solutions", "DF.generations", 
    "DF.n.evaluations", "DF.cpu.time")))
