full <-
structure(c(50, 55, 60, 65, 70, 75, 80, 85, 90, 95, 100, -2, 
-1.70518, -1.28889, 0.10193, -1.34831, -2, -1.72356, -1.71486, 
-2, 15, -2, -2.98808, -3.26323, -3.32986, -5.08189, -4.78196, 
-3.80581, -3.00075, -3.66001, -3.64699, -13.16842, -4.02914, 
0, 0, 0, 0, 0, 0, 0, 0, 0, 0, 0, 0, 0, 0, 0, 0, 0, 0, 0, 0, 0, 
0, 0.97784, 0.97739, 0.97815, 0.98025, 0.97934, 0.98072, 0.98074, 
0.98013, 0.97973, 0.98037, 0.98068, 0.97567, 0.97616, 0.97612, 
0.97734, 0.97838, 0.97982, 0.97956, 0.98013, 0.97928, 0.97951, 
0.97946, 1.3911, 1.2803, 1.3554, 1.1228, 1.7442, 2.2908, 3.0047, 
2.6564, 2.6644, 5.7011, 3.481, 696.2, 599.9, 552.6, 416.6, 549.2, 
638.1, 812.7, 672.6, 743.5, 504.4, 759.7, 1052, 366, 316, 259, 
1230, 261, 996, 281, 1538, 948, 221, 212, 756, 346, 242, 104, 
996, 172, 292, 521, 7, 328, 100, 100, 100, 100, 100, 100, 100, 
100, 100, 100, 100, 2500, 2500, 2500, 2500, 2500, 2500, 2500, 
2500, 2500, 2500, 2500, 55394.334, 49746.906, 50380.474, 51595.205, 
92114.179, 99921.841, 149651.654, 105313.902, 117943.847, 171000.028, 
174295.681, -1.96483, -1.84145, -1.46787, 0.70201, -1.53539, 
-1.96145, -1.77193, -1.64254, -1.6936, 2.14473, -1.93177, -3.01861, 
-3.73841, -4.4058, -5.50934, -4.81314, -4.0709, -3.42681, -3.61153, 
-3.42212, -6.45608, -4.5724, 0, 0, 0, 0, 0, 0, 0, 0, 0, 0, 0, 
0, 0, 0, 0, 0, 0, 0, 0, 0, 0, 0, 0.9773, 0.97666, 0.97793, 0.97983, 
0.97896, 0.98018, 0.9804, 0.97981, 0.97958, 0.98008, 0.98027, 
0.9754, 0.9769, 0.9759, 0.97734, 0.97838, 0.98, 0.97973, 0.98013, 
0.97868, 0.97937, 0.97892, 1.3687, 1.1281, 1.2813, 1.0889, 1.7983, 
2.0779, 2.6371, 2.2774, 3.276, 2.1621, 3.391, 678.2, 535.6, 498.3, 
402.8, 573.3, 623, 684.8, 669.7, 737.6, 511.3, 765.9, 248, 119, 
1408, 126, 1851, 2015, 979, 591, 1280, 422, 2497, 1, 4, 2, 5, 
1, 1, 1, 4, 1, 1, 1, 100, 100, 100, 100, 100, 100, 100, 100, 
100, 100, 100, 2500, 2500, 2500, 2500, 2500, 2500, 2500, 2500, 
2500, 2500, 2500, 92588.327, 105850.839, 138916.295, 176381.644, 
283444.589, 312714.746, 372338.966, 335572.333, 504343.148, 462214.061, 
564153.931, 1, 1, 1, 1, 1, 1, 1, 1, 1, 1, 1, 0.05, 0.05, 0.05, 
0.05, 0.05, 0.05, 0.05, 0.05, 0.05, 0.05, 0.05, 0, 0, 0, 0, 0, 
0, 0, 0, 0, 0, 0, 0, 0, 0, 0, 0, 0, 0, 0, 0, 0, 0, 0.97675, 0.97567, 
0.97657, 0.979, 0.97722, 0.97838, 0.97905, 0.97886, 0.97793, 
0.97838, 0.97959, 0.97486, 0.97567, 0.9759, 0.97838, 0.9778, 
0.9782, 0.9777, 0.97806, 0.97823, 0.97894, 0.97878, 0.7575, 0.8108, 
1.0365, 1.1076, 1.4194, 1.6239, 1.8138, 1.7231, 2.3366, 2.4756, 
2.5969, 355.6, 376.1, 393.5, 408.9, 428.8, 444.3, 459.9, 477.8, 
509.7, 527, 542.2, 1, 1, 1, 1, 1, 1, 1, 1, 1, 1, 1, 1, 1, 1, 
1, 1, 1, 1, 1, 1, 1, 1, 1, 1, 1, 1, 1, 1, 1, 1, 1, 1, 1, 1, 1, 
1, 1, 1, 1, 1, 1, 1, 1, 1, 10.827, 11.289, 13.84, 14.524, 18.717, 
20.946, 22.97, 21.279, 29.059, 30.26, 31.438), .Dim = c(11L, 
40L), .Dimnames = list(NULL, c("Sampling", "PSO.cost", "PSO.gamma", 
"PSO.data.balancing", "PSO.feature.selection", "PSO.valid.acc", 
"PSO.test.acc", "PSO.train.time", "PSO.n.support.vectors", "PSO.index", 
"PSO.n.solutions", "PSO.generations", "PSO.n.evaluations", "PSO.cpu.time", 
"RS.cost", "RS.gamma", "RS.data.balancing", "RS.feature.selection", 
"RS.valid.acc", "RS.test.acc", "RS.train.time", "RS.n.support.vectors", 
"RS.index", "RS.n.solutions", "RS.generations", "RS.n.evaluations", 
"RS.cpu.time", "DF.cost", "DF.gamma", "DF.data.balancing", "DF.feature.selection", 
"DF.valid.acc", "DF.test.acc", "DF.train.time", "DF.n.support.vectors", 
"DF.index", "DF.n.solutions", "DF.generations", "DF.n.evaluations", 
"DF.cpu.time")))
