full <-
structure(c(50, 55, 60, 65, 70, 75, 80, 85, 90, 95, 100, -2, 
-1.82518, -1.90735, -2, -1.40081, -1.99566, -1.31221, -1.96466, 
13.65406, -1.20252, -1.63872, -2.79656, -2.76008, -2.82534, -4.2212, 
-2.65146, -3.83785, -3.68243, -3.72351, -12.02931, -4.65461, 
-4.39059, 0, 0, 0, 0, 0, 0, 0, 0, 0, 0, 0, 0, 0, 0, 0, 0, 0, 
0, 0, 0, 0, 0, 0.98109, 0.98182, 0.98086, 0.98067, 0.97992, 0.97982, 
0.98024, 0.97918, 0.98033, 0.9808, 0.98054, 0.98109, 0.9801, 
0.98041, 0.97963, 0.97819, 0.9791, 0.97889, 0.97854, 0.97883, 
0.98023, 0.97865, 1.4492, 1.5784, 1.8451, 1.4556, 2.5431, 1.8876, 
1.8786, 2.3384, 3.5702, 2.4528, 2.7212, 762.1, 799.5, 811.3, 
577.4, 930.2, 643.6, 602, 702.8, 429.8, 637.7, 711.9, 288, 1388, 
514, 142, 475, 930, 1656, 1119, 1628, 933, 441, 1050, 98, 541, 
983, 576, 140, 34, 203, 1, 10, 337, 100, 100, 100, 100, 100, 
100, 100, 100, 100, 100, 100, 2500, 2500, 2500, 2500, 2500, 2500, 
2500, 2500, 2500, 2500, 2500, 52695.751, 60267.492, 72291.929, 
66445.789, 90634.553, 94476.235, 114819.962, 133533.152, 140911.537, 
100634.675, 121815.998, -1.82839, -1.89348, -1.67054, -1.77492, 
-0.96228, -1.67586, -0.83122, -1.96772, 11.80391, -1.751, 0.00035, 
-2.67029, -2.7319, -2.52828, -4.42472, -2.52202, -4.27611, -3.72661, 
-3.40264, -11.08592, -4.32136, -5.69022, 0, 0, 0, 0, 0, 0, 0, 
0, 0, 0, 0, 0, 0, 0, 0, 0, 0, 0, 0, 0, 0, 0, 0.98055, 0.98157, 
0.98041, 0.98046, 0.97915, 0.97946, 0.9799, 0.97886, 0.98003, 
0.98023, 0.98013, 0.98055, 0.9801, 0.98018, 0.979, 0.97838, 0.9791, 
0.97888, 0.97886, 0.97883, 0.97994, 0.97892, 1.4588, 1.6634, 
2.3063, 1.3937, 2.8922, 1.8797, 1.9052, 2.5472, 2.5558, 2.6049, 
2.3213, 824.3, 825.6, 1027.6, 553.6, 1017.4, 593.1, 555.2, 752, 
429.5, 696.5, 637.6, 2052, 1400, 2145, 2489, 2270, 253, 1964, 
1213, 208, 30, 1908, 2, 1, 1, 1, 1, 2, 1, 1, 7, 4, 1, 100, 100, 
100, 100, 100, 100, 100, 100, 100, 100, 100, 2500, 2500, 2500, 
2500, 2500, 2500, 2500, 2500, 2500, 2500, 2500, 87609.343, 105494.094, 
135228.654, 156082.883, 205582.658, 244177.181, 288206.143, 304025.559, 
356699.606, 399154.054, 413062.63, 1, 1, 1, 1, 1, 1, 1, 1, 1, 
1, 1, 0.05, 0.05, 0.05, 0.05, 0.05, 0.05, 0.05, 0.05, 0.05, 0.05, 
0.05, 0, 0, 0, 0, 0, 0, 0, 0, 0, 0, 0, 0, 0, 0, 0, 0, 0, 0, 0, 
0, 0, 0, 0.97784, 0.97764, 0.97793, 0.98004, 0.97664, 0.97802, 
0.97872, 0.97711, 0.97868, 0.97866, 0.97919, 0.97866, 0.97789, 
0.97838, 0.97796, 0.97799, 0.97766, 0.97821, 0.97822, 0.97898, 
0.97866, 0.97797, 0.7168, 0.8371, 0.9177, 1.101, 1.3104, 1.3565, 
1.5586, 1.6744, 1.8151, 1.9956, 2.1097, 337.9, 359.3, 378, 399.7, 
430.4, 449.5, 467.6, 492.4, 507.8, 522.8, 543.2, 1, 1, 1, 1, 
1, 1, 1, 1, 1, 1, 1, 1, 1, 1, 1, 1, 1, 1, 1, 1, 1, 1, 1, 1, 1, 
1, 1, 1, 1, 1, 1, 1, 1, 1, 1, 1, 1, 1, 1, 1, 1, 1, 1, 1, 10.741, 
11.77, 12.432, 14.57, 16.922, 17.16, 19.533, 20.689, 22.088, 
24.073, 25.102), .Dim = c(11L, 40L), .Dimnames = list(NULL, c("Sampling", 
"PSO.cost", "PSO.gamma", "PSO.data.balancing", "PSO.feature.selection", 
"PSO.valid.acc", "PSO.test.acc", "PSO.train.time", "PSO.n.support.vectors", 
"PSO.index", "PSO.n.solutions", "PSO.generations", "PSO.n.evaluations", 
"PSO.cpu.time", "RS.cost", "RS.gamma", "RS.data.balancing", "RS.feature.selection", 
"RS.valid.acc", "RS.test.acc", "RS.train.time", "RS.n.support.vectors", 
"RS.index", "RS.n.solutions", "RS.generations", "RS.n.evaluations", 
"RS.cpu.time", "DF.cost", "DF.gamma", "DF.data.balancing", "DF.feature.selection", 
"DF.valid.acc", "DF.test.acc", "DF.train.time", "DF.n.support.vectors", 
"DF.index", "DF.n.solutions", "DF.generations", "DF.n.evaluations", 
"DF.cpu.time")))
