full <-
structure(c(50, 55, 60, 65, 70, 75, 80, 85, 90, 95, 100, -1.56405, 
-1.72901, -2, -2, -2, -2, -1.85052, -2, -1.88266, -1.74304, -2, 
-4.41325, -2.79399, -4.17785, -2.51414, -2.58986, -3.41945, -3.77125, 
-4.10955, -4.38483, -2.47613, -3.89846, 0, 0, 0, 0, 0, 0, 0, 
0, 0, 0, 0, 0, 0, 0, 0, 0, 0, 0, 0, 0, 0, 0, 0.97973, 0.97985, 
0.97928, 0.97921, 0.97838, 0.97892, 0.97804, 0.97997, 0.97913, 
0.97952, 0.9796, 0.97865, 0.97764, 0.97747, 0.97942, 0.9778, 
0.97784, 0.97736, 0.97933, 0.97853, 0.97909, 0.97933, 0.9943, 
1.8172, 1.3126, 2.9898, 4.0862, 2.4912, 2.1447, 2.9097, 3.089, 
6.5872, 3.1126, 444.3, 788.7, 549.4, 1214.3, 1155.3, 697, 658.5, 
684, 695.6, 1387, 764.9, 829, 1618, 1664, 1990, 567, 309, 335, 
151, 459, 1329, 780, 206, 11, 69, 52, 119, 781, 561, 399, 459, 
157, 244, 100, 100, 100, 100, 100, 100, 100, 100, 100, 100, 100, 
2500, 2500, 2500, 2500, 2500, 2500, 2500, 2500, 2500, 2500, 2500, 
41521.229, 67462.232, 82204.163, 91341.061, 153653.199, 113151.036, 
115195.181, 113980.816, 164490.987, 272404.307, 168150.892, -0.41255, 
-1.70271, -1.73145, -1.87327, 0.81602, -1.81226, -1.94694, 0.71619, 
9.37643, -1.49259, -1.24158, -5.00459, -2.8106, -4.15211, -2.78274, 
-5.6278, -3.62902, -3.61128, -5.96373, -9.78267, -2.41271, -4.48423, 
0, 0, 0, 0, 0, 0, 0, 0, 0, 0, 0, 0, 0, 0, 0, 0, 0, 0, 0, 0, 0, 
0, 0.97892, 0.97961, 0.97883, 0.97879, 0.9776, 0.97892, 0.97787, 
0.97981, 0.97898, 0.97909, 0.97933, 0.9773, 0.97813, 0.9777, 
0.97879, 0.97586, 0.97748, 0.9777, 0.97885, 0.97778, 0.97909, 
0.97865, 0.7989, 1.6777, 1.1715, 2.3127, 1.5677, 1.9615, 2.3458, 
1.9021, 2.2269, 5.8325, 2.6275, 373.2, 774, 519.5, 894.1, 435.8, 
641.9, 686.5, 535.3, 416.6, 1452.2, 662.9, 1268, 1010, 1482, 
460, 2372, 648, 1393, 993, 246, 2017, 2160, 4, 1, 1, 2, 1, 1, 
1, 2, 8, 1, 1, 100, 100, 100, 100, 100, 100, 100, 100, 100, 100, 
100, 2500, 2500, 2500, 2500, 2500, 2500, 2500, 2500, 2500, 2500, 
2500, 95215.288, 126333.348, 141063.667, 224773.34, 258705.8, 
236196.756, 379724.659, 354912.646, 458279.093, 518844.627, 457140.683000001, 
1, 1, 1, 1, 1, 1, 1, 1, 1, 1, 1, 0.05, 0.05, 0.05, 0.05, 0.05, 
0.05, 0.05, 0.05, 0.05, 0.05, 0.05, 0, 0, 0, 0, 0, 0, 0, 0, 0, 
0, 0, 0, 0, 0, 0, 0, 0, 0, 0, 0, 0, 0, 0.97757, 0.97764, 0.97725, 
0.97692, 0.97567, 0.97802, 0.97703, 0.97854, 0.97838, 0.97682, 
0.97757, 0.97649, 0.9774, 0.9777, 0.97796, 0.97664, 0.97694, 
0.97821, 0.97806, 0.97853, 0.97852, 0.97811, 0.7596, 0.8605, 
0.9768, 1.525, 1.5734, 1.4875, 2.116, 2.2456, 2.2979, 2.3442, 
2.313, 340.8, 366.9, 383.6, 409.2, 440.3, 454.9, 473.7, 487.3, 
507.6, 528.8, 545, 1, 1, 1, 1, 1, 1, 1, 1, 1, 1, 1, 1, 1, 1, 
1, 1, 1, 1, 1, 1, 1, 1, 1, 1, 1, 1, 1, 1, 1, 1, 1, 1, 1, 1, 1, 
1, 1, 1, 1, 1, 1, 1, 1, 1, 11.034, 11.936, 13.214, 20.88, 20.558, 
18.807, 27.103, 28.263, 28.28, 28.73, 27.578), .Dim = c(11L, 
40L), .Dimnames = list(NULL, c("Sampling", "PSO.cost", "PSO.gamma", 
"PSO.data.balancing", "PSO.feature.selection", "PSO.valid.acc", 
"PSO.test.acc", "PSO.train.time", "PSO.n.support.vectors", "PSO.index", 
"PSO.n.solutions", "PSO.generations", "PSO.n.evaluations", "PSO.cpu.time", 
"RS.cost", "RS.gamma", "RS.data.balancing", "RS.feature.selection", 
"RS.valid.acc", "RS.test.acc", "RS.train.time", "RS.n.support.vectors", 
"RS.index", "RS.n.solutions", "RS.generations", "RS.n.evaluations", 
"RS.cpu.time", "DF.cost", "DF.gamma", "DF.data.balancing", "DF.feature.selection", 
"DF.valid.acc", "DF.test.acc", "DF.train.time", "DF.n.support.vectors", 
"DF.index", "DF.n.solutions", "DF.generations", "DF.n.evaluations", 
"DF.cpu.time")))
