full <-
structure(c(50, 55, 60, 65, 70, 75, 80, 85, 90, 95, 100, -2, 
-1.93069, -2, -2, -1.86474, -2, -1.98766, -1.75913, -1.42422, 
-2, -2, -4.36195, -3.96835, -3.77535, -3.24593, -2.96413, -2.83445, 
-4.09635, -4.88391, -3.80464, -4.05532, -5.04745, 0, 0, 0, 0, 
0, 0, 0, 0, 0, 0, 0, 0, 0, 0, 0, 0, 0, 0, 0, 0, 0, 0, 0.97891, 
0.97886, 0.97928, 0.97838, 0.98031, 0.98072, 0.97956, 0.98013, 
0.97958, 0.98008, 0.98013, 0.97783, 0.97812, 0.97815, 0.97776, 
0.97915, 0.98, 0.97821, 0.97901, 0.97943, 0.98051, 0.97905, 1.0442, 
1.167, 1.3648, 1.9867, 2.2768, 2.86, 2.3398, 2.7611, 2.7414, 
2.6171, 3.3097, 499.6, 520.2, 569.9, 691.3, 805.6, 925.8, 654.2, 
694.4, 651.5, 727.4, 839.8, 376, 304, 272, 352, 1589, 1022, 486, 
1885, 700, 193, 616, 774, 551, 396, 717, 8, 265, 320, 28, 35, 
1083, 297, 100, 100, 100, 100, 100, 100, 100, 100, 100, 100, 
100, 2500, 2500, 2500, 2500, 2500, 2500, 2500, 2500, 2500, 2500, 
2500, 42595.388, 45328.458, 56153.545, 85644.382, 100425.576, 
116057.151, 96296.2420000001, 129729.369, 191120.565, 103825.008, 
189817.874, -1.92143, -1.39429, -1.40253, -1.746, -1.80631, -1.3413, 
-1.81415, -1.53635, -1.3995, -1.88279, -1.81058, -4.28065, -4.35666, 
-4.02274, -3.50724, -2.92466, -4.9171, -3.45099, -4.93507, -3.57579, 
-4.65727, -3.11579, 0, 0, 0, 0, 0, 0, 0, 0, 0, 0, 0, 0, 0, 0, 
0, 0, 0, 0, 0, 0, 0, 0, 0.97837, 0.97837, 0.97883, 0.97796, 0.97973, 
0.97964, 0.97922, 0.97981, 0.97943, 0.9798, 0.97973, 0.9781, 
0.97812, 0.97815, 0.97755, 0.97896, 0.97928, 0.97889, 0.97885, 
0.97913, 0.98022, 0.97905, 0.9905, 0.9854, 1.18, 1.6314, 2.4522, 
1.8446, 2.2977, 2.5718, 2.8458, 2.7168, 3.3281, 489.5, 463.7, 
494, 598.4, 816.3, 582.2, 691.1, 665.6, 672.6, 728.8, 887.6, 
206, 896, 395, 816, 1322, 1800, 1111, 187, 902, 72, 1573, 1, 
2, 4, 1, 1, 1, 1, 2, 3, 2, 1, 100, 100, 100, 100, 100, 100, 100, 
100, 100, 100, 100, 2500, 2500, 2500, 2500, 2500, 2500, 2500, 
2500, 2500, 2500, 2500, 91083.322, 107430.624, 148532.917, 191988.23, 
267513.216, 272509.952, 321308.039, 404478.074, 443589.943, 425442.131, 
466563.824, 1, 1, 1, 1, 1, 1, 1, 1, 1, 1, 1, 0.05, 0.05, 0.05, 
0.05, 0.05, 0.05, 0.05, 0.05, 0.05, 0.05, 0.05, 0, 0, 0, 0, 0, 
0, 0, 0, 0, 0, 0, 0, 0, 0, 0, 0, 0, 0, 0, 0, 0, 0, 0.97432, 0.97689, 
0.97635, 0.97568, 0.97819, 0.97712, 0.97753, 0.97917, 0.97823, 
0.9788, 0.97784, 0.97621, 0.9764, 0.9768, 0.97526, 0.97722, 0.97712, 
0.97736, 0.97854, 0.97898, 0.98037, 0.97838, 0.7508, 0.869, 1.0276, 
1.1359, 1.4899, 1.4584, 1.5999, 1.9869, 1.8745, 2.0177, 2.3163, 
348.6, 371.3, 387.4, 414.7, 428.2, 445.2, 463.8, 487.9, 508.8, 
516.5, 545.7, 1, 1, 1, 1, 1, 1, 1, 1, 1, 1, 1, 1, 1, 1, 1, 1, 
1, 1, 1, 1, 1, 1, 1, 1, 1, 1, 1, 1, 1, 1, 1, 1, 1, 1, 1, 1, 1, 
1, 1, 1, 1, 1, 1, 1, 10.798, 11.868, 13.678, 14.925, 19.655, 
18.36, 19.926, 24.964, 22.87, 24.37, 27.427), .Dim = c(11L, 40L
), .Dimnames = list(NULL, c("Sampling", "PSO.cost", "PSO.gamma", 
"PSO.data.balancing", "PSO.feature.selection", "PSO.valid.acc", 
"PSO.test.acc", "PSO.train.time", "PSO.n.support.vectors", "PSO.index", 
"PSO.n.solutions", "PSO.generations", "PSO.n.evaluations", "PSO.cpu.time", 
"RS.cost", "RS.gamma", "RS.data.balancing", "RS.feature.selection", 
"RS.valid.acc", "RS.test.acc", "RS.train.time", "RS.n.support.vectors", 
"RS.index", "RS.n.solutions", "RS.generations", "RS.n.evaluations", 
"RS.cpu.time", "DF.cost", "DF.gamma", "DF.data.balancing", "DF.feature.selection", 
"DF.valid.acc", "DF.test.acc", "DF.train.time", "DF.n.support.vectors", 
"DF.index", "DF.n.solutions", "DF.generations", "DF.n.evaluations", 
"DF.cpu.time")))
